examples/cougarCreek-fire/createInputs/WindNinja/wrfout_d3.2015081200.f18/cougarCreekFire_08-12-2015_1800_217m_non_neutral_stability_ang.asc
ncols	146
nrows	140
xllcorner	610065.000000
yllcorner	5095217.000000
cellsize	216.586807
NODATA_value	-9999.000000
[rows 88 to 131 of 140, columns 0 to 95 of 146]
159 160 161 162 163 163 180 165 166 166 166 166 167 168 179 185 184 171 176 170 171 172 173 173 187 172 172 171 171 171 190 188 175 168 166 178 161 158 175 151 149 147 145 143 139 136 134 132 128 125 122 119 125 115 113 110 108 106 104 102 100 98 96 94 115 111 105 112 111 111 85 111 106 100 86 88 89 90 91 100 92 93 94 96 96 97 98 99 100 100 104 107 110 110 112 115
159 160 160 161 162 162 177 164 165 165 165 173 167 168 179 186 183 173 174 171 172 173 174 185 174 173 173 173 173 172 171 184 179 170 168 165 163 160 178 154 152 149 148 145 142 139 137 135 132 129 126 123 128 128 115 112 109 107 105 103 101 99 97 118 108 110 110 112 108 108 110 113 113 111 102 98 100 90 91 92 93 94 95 96 97 98 100 101 102 103 106 108 109 112 115 112
159 159 159 160 161 162 162 163 164 165 165 174 167 169 177 188 182 171 172 172 173 174 175 175 175 174 173 174 184 188 188 184 181 172 170 168 166 163 160 158 155 153 150 148 145 143 141 138 136 133 130 127 124 130 118 115 112 109 107 104 102 121 98 120 118 114 108 109 105 103 105 111 87 88 113 108 105 107 102 93 94 95 95 97 99 100 101 102 104 106 107 123 117 121 122 122
158 159 159 159 160 161 162 163 163 164 185 171 167 166 177 184 179 171 171 172 174 175 183 176 176 175 192 189 189 190 184 180 178 173 172 170 168 166 163 161 158 155 153 151 165 146 144 142 139 137 134 131 128 128 122 119 115 112 109 106 103 121 121 117 120 93 113 108 101 100 88 104 90 90 91 108 109 93 111 104 104 107 103 98 100 101 102 104 105 108 109 112 115 130 120 123
158 158 158 159 159 160 161 162 163 163 181 169 163 173 175 179 178 172 172 173 174 175 190 176 177 176 184 187 193 190 177 176 175 175 174 172 183 168 186 188 160 158 185 154 151 149 147 145 143 141 138 134 131 125 124 122 118 115 111 108 105 103 119 114 119 95 93 113 105 103 89 106 91 92 114 110 108 108 107 102 102 107 100 114 102 111 108 108 106 109 110 112 114 117 122 124
157 157 157 158 158 159 160 160 161 162 162 172 166 175 167 177 181 177 171 173 174 174 190 175 176 194 184 187 186 184 176 176 176 176 175 189 171 169 167 163 161 160 158 156 154 152 150 148 145 143 141 137 134 129 126 130 121 128 114 111 107 104 116 110 113 96 94 116 109 105 102 111 93 94 115 112 109 95 99 93 98 99 101 102 104 119 106 123 102 107 110 115 117 118 124 126
156 156 156 154 157 158 159 159 160 160 161 162 174 165 166 167 180 179 170 172 172 173 174 190 175 195 186 183 177 181 182 173 182 189 190 173 171 170 167 164 163 161 159 157 156 154 152 150 148 146 143 140 137 134 124 126 124 120 126 113 110 107 118 107 99 107 116 94 110 107 103 111 94 95 116 120 121 113 102 103 103 104 102 101 104 108 107 109 122 123 113 112 117 116 122 127
154 154 155 156 156 157 158 158 159 159 160 161 162 169 165 172 177 181 171 170 171 172 173 174 174 174 184 175 176 175 175 181 188 192 174 172 171 170 167 189 165 163 160 159 158 156 154 152 150 148 145 142 139 136 121 119 119 118 117 124 113 110 115 106 101 97 102 107 107 107 103 107 120 120 120 98 98 98 107 102 103 104 104 105 106 106 109 110 111 114 117 117 116 122 125 123
153 153 154 154 155 156 157 157 158 158 159 160 161 170 168 170 179 183 171 170 171 187 172 173 172 192 178 175 185 196 175 189 175 174 173 172 171 169 192 165 165 164 162 161 160 158 156 154 152 150 148 145 142 139 136 133 129 126 123 120 119 122 116 115 110 102 98 101 103 103 104 109 109 111 118 125 101 101 126 102 97 95 95 100 109 111 121 112 109 113 116 119 117 124 127 130
152 152 152 153 153 155 155 156 157 157 158 159 160 171 162 163 178 177 169 169 170 171 171 171 171 178 174 184 175 174 175 175 174 174 173 172 171 170 168 167 166 164 163 162 161 159 158 157 155 153 151 148 145 142 139 135 132 129 126 123 119 118 120 118 111 103 101 99 97 96 98 99 100 108 113 122 104 103 104 119 105 97 107 109 111 113 129 116 115 102 103 114 126 129 125 128
149 151 152 153 153 153 154 155 156 156 157 158 158 167 161 162 173 172 169 168 169 169 170 170 171 174 178 173 173 174 174 194 174 173 195 192 196 193 195 190 167 165 164 164 163 161 160 159 157 155 153 150 148 145 142 139 135 132 129 126 123 120 116 113 106 107 104 102 100 99 101 102 103 110 113 117 128 106 106 130 108 109 111 112 112 114 117 115 119 119 122 125 128 128 131 130
148 149 151 152 153 151 153 154 154 155 157 156 157 158 160 161 162 163 165 166 167 168 169 170 178 178 172 172 181 186 174 173 173 196 192 193 192 192 193 196 167 166 165 165 164 163 162 161 160 157 155 153 151 148 145 142 139 136 132 129 126 123 120 116 113 111 108 105 104 103 103 109 110 106 110 114 122 109 109 111 124 119 113 124 125 116 118 121 118 122 122 125 130 132 134 134
147 147 149 151 150 151 152 153 153 154 154 155 156 163 158 160 161 162 164 165 166 182 168 178 170 171 171 172 176 187 194 173 172 172 190 189 192 172 172 169 167 166 167 166 166 164 163 163 162 160 158 156 154 150 148 145 142 139 135 132 129 126 123 120 117 114 111 109 107 102 106 108 110 110 108 110 112 121 112 112 130 124 115 115 117 117 117 120 124 124 125 127 129 134 138 136
147 146 146 148 150 150 151 152 151 153 154 154 155 156 157 158 160 161 162 163 164 166 167 188 168 169 184 176 175 172 172 195 191 188 185 187 172 172 171 169 169 169 169 168 167 166 165 165 164 162 160 158 156 153 151 124 122 119 139 136 133 130 127 123 107 104 105 113 110 109 101 103 105 104 113 114 106 113 124 134 125 120 116 107 116 120 121 118 121 123 124 128 131 133 136 139
145 146 146 147 146 147 150 150 151 153 152 152 154 155 156 158 158 159 162 162 169 166 165 167 167 168 185 178 185 171 171 171 188 187 185 189 193 193 190 183 171 172 171 179 196 168 195 195 165 164 163 161 158 155 125 126 124 120 118 139 136 133 130 127 124 121 119 117 114 113 114 114 115 115 107 116 117 117 117 126 118 118 119 119 121 122 122 123 123 127 129 131 133 136 135 141
145 147 146 146 146 146 146 148 151 150 151 152 153 153 154 157 157 158 159 161 163 163 164 165 166 168 183 180 188 170 188 187 188 189 186 187 189 187 184 179 173 172 172 171 197 196 197 168 196 195 165 164 162 158 128 127 126 123 145 142 140 137 134 131 128 125 123 121 119 117 118 118 118 118 108 119 118 120 124 132 127 122 117 117 125 127 127 127 128 132 130 134 132 138 141 143
143 145 143 144 145 144 146 146 148 148 151 151 152 153 155 155 156 157 158 167 162 163 163 164 179 167 183 178 187 186 180 184 188 188 188 181 183 188 188 189 189 186 191 199 200 171 171 170 197 196 196 190 165 162 159 128 125 152 149 146 116 115 138 135 132 130 127 125 106 109 107 107 122 108 108 122 123 122 124 131 128 124 123 124 126 129 129 129 130 135 136 136 138 141 141 145
142 142 142 142 142 142 142 145 147 149 149 150 151 153 153 153 155 155 157 165 162 161 163 163 179 166 167 169 186 185 180 187 187 187 186 179 187 172 171 199 197 191 198 201 173 201 172 172 199 196 169 169 168 165 162 129 158 155 152 149 118 116 115 113 109 107 108 114 113 115 115 113 113 126 126 126 126 126 126 126 122 127 127 127 128 130 131 131 130 136 139 137 140 144 146 147
142 142 141 141 142 142 142 143 145 146 146 148 150 152 152 152 153 154 156 158 159 160 161 171 164 165 181 170 184 185 185 186 184 184 183 183 197 172 172 195 173 189 198 174 201 202 202 199 173 198 172 171 171 169 166 134 161 158 155 153 120 119 115 120 119 117 116 114 116 117 119 121 121 118 129 129 106 106 128 129 129 129 130 117 129 132 129 131 133 136 141 138 139 144 146 148
141 142 141 143 141 142 142 143 144 145 147 148 150 150 151 152 152 153 155 157 158 158 161 177 181 164 179 176 187 187 189 180 180 184 184 194 172 172 172 186 189 196 200 201 201 202 176 175 201 204 203 207 200 191 148 138 134 161 159 124 123 120 122 116 144 113 111 111 114 114 115 118 121 121 118 132 132 132 132 126 124 132 132 132 131 135 135 132 132 138 138 140 141 142 145 147
139 140 140 142 142 141 140 142 143 145 147 147 148 149 150 151 151 153 154 156 157 157 158 161 162 183 180 183 186 182 182 176 178 186 194 171 171 197 179 175 196 201 202 202 204 177 204 204 203 206 202 205 207 206 156 134 136 165 130 128 123 127 121 151 115 116 118 121 120 119 117 121 123 124 122 122 122 123 125 128 131 135 135 136 136 135 134 134 134 137 142 144 146 148 150 153
135 139 139 139 141 141 139 140 142 144 143 143 147 148 149 150 149 151 152 154 159 158 159 173 180 177 178 183 177 176 178 176 181 192 171 171 171 189 176 184 199 201 203 203 205 206 179 179 179 178 178 209 206 198 175 145 138 136 132 129 123 126 123 155 117 118 120 120 122 125 126 125 127 133 133 128 125 123 138 126 128 137 136 137 139 140 139 138 140 140 145 146 148 150 152 155
134 135 139 139 141 141 140 139 141 144 143 142 147 148 149 149 149 153 151 152 154 155 170 160 162 177 174 180 173 176 180 183 194 170 171 171 197 182 182 198 201 201 200 204 205 206 208 181 206 180 205 205 203 208 177 176 148 138 127 126 122 129 125 159 122 124 116 120 121 123 124 120 119 122 128 126 124 141 140 140 140 139 139 139 140 142 142 141 143 144 145 146 150 149 151 157
133 134 136 137 137 140 141 140 138 143 143 142 146 147 148 149 151 149 150 151 155 155 157 160 161 162 163 164 175 180 168 169 169 170 171 171 184 180 194 201 177 201 204 204 204 206 207 209 208 182 206 207 205 202 179 166 144 134 135 135 134 132 130 145 141 136 131 127 124 124 122 120 150 148 147 146 126 127 126 143 143 142 141 141 141 143 143 143 143 145 147 151 149 150 153 156
133 134 135 136 136 136 137 141 139 143 143 143 146 146 147 149 148 149 150 151 152 155 156 159 160 162 162 179 180 184 167 168 191 190 192 183 179 190 197 199 202 204 203 204 206 206 206 206 211 208 209 214 214 212 200 151 146 143 139 137 137 137 139 147 146 143 144 140 136 132 132 135 134 130 127 127 130 130 129 145 146 146 144 144 144 145 146 147 146 148 149 152 155 153 154 157
133 134 134 134 137 136 136 137 138 141 143 143 145 146 147 149 151 151 151 150 153 156 155 159 160 161 162 163 180 183 166 184 183 189 186 176 185 194 195 197 198 197 203 206 208 180 207 205 210 209 210 210 205 199 186 166 150 145 139 136 137 140 143 147 146 144 143 143 141 139 139 140 141 142 137 134 136 150 150 135 149 149 147 146 146 146 147 149 150 152 153 153 156 156 162 163
132 133 136 136 137 137 137 137 137 139 142 142 145 145 147 148 149 150 150 151 153 156 156 159 156 160 161 162 163 164 178 180 168 186 178 179 190 195 173 192 175 199 205 178 179 179 179 205 203 204 205 202 197 192 182 177 166 157 150 142 143 147 148 148 146 145 144 143 141 139 139 137 136 139 141 141 144 147 153 152 152 152 150 149 148 148 149 150 151 154 156 156 160 161 162 161
134 135 136 137 135 139 137 136 139 139 141 141 142 143 144 148 148 149 149 150 153 156 157 154 155 159 160 161 162 163 172 166 186 183 176 185 192 171 187 190 175 202 176 203 203 201 199 205 203 202 202 197 194 188 179 176 175 171 163 152 149 153 154 149 145 146 146 145 142 138 138 136 136 140 143 143 144 155 154 154 153 154 154 153 152 152 152 153 153 155 157 158 159 164 166 168
135 136 137 137 136 138 139 140 140 137 141 140 141 143 144 145 149 147 149 150 150 155 157 154 158 158 160 161 162 162 163 165 166 167 183 191 169 186 184 192 174 174 198 198 197 197 199 200 202 202 200 194 187 182 177 173 176 173 170 161 152 153 157 153 147 144 143 143 142 141 142 141 142 143 146 147 158 157 156 155 154 155 155 155 154 155 155 156 157 160 158 158 166 167 168 170
135 136 137 137 137 138 138 139 142 142 141 140 140 142 144 148 148 148 150 151 150 155 156 152 155 156 159 160 161 160 162 165 166 167 168 188 181 181 186 194 173 173 200 200 197 195 195 199 200 197 194 185 180 180 178 173 172 171 170 165 157 156 159 157 153 149 144 142 144 147 148 144 144 144 145 147 160 160 159 158 158 157 156 156 157 158 159 158 163 165 165 163 163 170 171 172
136 137 137 139 138 139 136 140 142 142 142 140 140 143 144 148 148 148 151 151 152 155 155 156 153 156 159 159 159 159 162 165 165 166 166 183 168 181 191 171 172 172 195 195 192 188 190 196 191 191 192 182 178 179 177 178 170 168 177 165 176 160 174 161 158 156 152 145 143 147 152 146 143 142 164 163 162 162 161 161 161 162 161 160 160 161 165 162 167 168 169 170 171 172 173 175
137 137 138 137 138 137 140 141 141 142 142 144 141 140 144 144 144 149 147 151 152 154 155 155 154 157 158 158 159 160 162 164 161 164 166 179 179 170 170 196 171 195 193 191 187 188 191 191 188 188 188 182 179 178 178 178 178 177 177 176 164 176 163 174 160 158 157 152 144 143 152 154 149 146 166 165 165 165 165 165 164 164 165 164 163 164 168 167 170 171 171 172 173 175 176 177
137 138 138 139 141 137 138 141 141 141 141 140 141 142 144 144 144 146 146 151 152 149 154 155 156 156 156 158 159 159 160 162 160 161 165 166 168 169 169 170 170 191 190 190 189 193 192 188 188 189 187 184 178 178 178 178 178 177 177 177 177 165 163 164 175 162 156 156 149 144 149 157 157 155 151 168 167 167 168 168 167 166 166 166 165 171 171 172 172 173 174 175 176 177 178 179
137 137 141 144 142 140 140 140 141 141 142 141 141 142 143 144 145 145 146 151 148 149 154 155 155 155 156 158 159 156 159 158 159 164 164 166 167 168 168 169 188 187 190 192 195 195 190 187 188 189 187 185 182 178 178 178 177 177 177 177 177 170 166 167 169 169 159 159 156 146 147 153 155 153 170 169 169 169 169 170 169 168 168 168 168 174 174 175 175 176 176 177 178 179 180 181
138 141 138 139 142 140 142 141 140 141 142 142 142 143 143 144 146 146 145 146 148 153 153 154 153 153 156 158 158 155 157 157 158 159 163 166 166 167 168 188 169 187 193 194 195 194 187 186 187 190 189 187 177 177 177 177 177 177 178 177 177 177 165 168 171 172 177 165 166 154 148 146 173 172 172 172 171 171 171 172 171 171 172 172 172 171 177 178 178 178 179 180 181 182 182 183
138 142 140 139 143 139 143 145 140 140 142 142 142 145 141 144 146 146 145 150 147 152 153 153 152 151 156 157 157 154 156 160 161 162 163 165 166 166 167 167 168 188 190 191 193 172 173 186 189 192 192 187 176 177 177 177 177 178 164 178 177 178 166 169 178 178 178 168 166 161 156 154 155 175 174 174 173 173 173 174 174 174 174 175 175 177 177 181 181 181 182 182 183 184 184 185
137 138 143 142 140 140 141 141 140 140 142 142 142 142 142 143 146 146 145 146 147 147 152 152 152 152 156 156 156 154 155 158 160 161 163 164 165 165 166 167 168 188 189 190 171 184 172 187 190 191 190 175 176 177 177 177 177 178 178 178 178 178 178 178 178 179 179 180 163 161 161 163 177 177 177 176 176 175 175 175 175 177 178 179 182 182 183 183 184 184 184 185 185 186 186 187
137 138 139 144 142 140 141 141 141 141 141 143 143 142 145 143 145 146 145 146 146 151 152 148 152 154 156 156 154 154 154 155 160 161 163 163 164 165 166 167 168 169 190 169 170 171 172 187 188 186 174 175 176 176 177 177 178 178 178 179 179 162 158 158 159 178 179 180 153 149 156 178 179 180 180 179 178 177 177 177 178 179 184 184 184 185 185 186 186 187 187 187 187 188 188 189
139 139 140 139 144 145 141 141 141 145 141 143 143 142 142 143 145 146 145 146 146 147 152 153 153 153 154 154 152 153 153 155 160 161 157 163 163 165 165 166 167 168 168 169 170 171 171 172 172 173 174 174 175 176 177 177 178 178 154 178 144 179 180 145 180 180 158 181 182 150 179 180 180 181 183 182 181 180 179 180 180 186 186 186 187 187 187 188 189 189 189 189 189 190 190 191
139 140 140 140 144 145 146 144 144 145 143 142 143 142 142 144 144 146 145 145 146 146 152 152 148 152 152 152 151 151 153 154 159 161 156 162 163 164 165 166 167 168 167 169 169 170 171 172 173 173 174 174 175 175 176 178 178 178 179 179 179 180 180 145 181 151 154 182 182 166 182 183 182 182 185 185 183 182 182 182 188 188 188 188 189 189 190 190 191 191 191 191 192 192 192 193
140 140 141 140 140 140 140 141 141 141 141 141 142 142 142 142 143 145 145 144 145 146 146 151 151 152 152 149 150 151 152 157 159 155 160 161 162 163 164 165 166 167 168 169 193 170 171 172 173 173 201 175 174 175 176 177 177 178 179 179 180 180 181 182 182 149 156 181 181 182 182 183 183 183 185 186 185 184 183 184 190 190 190 191 191 191 192 193 193 193 193 193 194 194 194 194
140 141 141 141 140 140 139 139 140 140 141 140 141 142 141 141 142 144 144 143 144 145 145 146 150 151 152 151 150 151 152 152 153 154 154 160 161 163 164 165 166 167 167 168 169 169 171 198 173 173 202 174 175 175 176 177 177 178 179 179 180 181 181 182 181 150 153 153 183 183 183 182 184 184 185 187 188 186 186 186 192 192 193 193 193 194 194 195 195 196 196 196 196 196 196 196
141 141 141 141 141 141 140 140 140 140 140 140 140 141 141 141 142 143 144 143 144 144 145 145 146 146 147 150 149 150 151 152 152 153 158 159 161 162 163 164 165 166 167 168 169 169 171 172 173 173 173 203 204 175 176 177 178 178 179 179 180 180 181 148 150 151 152 183 184 184 184 184 185 186 186 187 189 189 188 194 194 195 195 195 195 196 196 197 197 198 198 198 198 198 198 198
137 142 142 142 142 142 142 141 141 141 141 140 140 141 142 142 142 144 144 143 144 145 145 145 146 146 147 148 149 150 151 151 152 153 158 159 161 161 163 164 165 166 165 167 168 169 170 171 199 200 201 203 204 205 175 176 178 179 179 180 148 146 153 155 156 157 159 184 185 185 185 185 185 186 187 187 188 189 194 195 195 195 196 196 197 197 197 198 199 199 199 199 199 199 199 199
