examples/cougarCreek-fire/createInputs/WindNinja/wrfout_d3.2015081200.f18/cougarCreekFire_08-12-2015_1800_217m_non_neutral_stability_vel.asc
ncols	146
nrows	140
xllcorner	610065.000000
yllcorner	5095217.000000
cellsize	216.586807
NODATA_value	-9999.000000
[rows 0 to 34 of 140, columns 0 to 79 of 146]
8.65 8.41 8.16 7.73 7.30 6.96 6.65 6.33 6.01 6.37 5.62 5.66 5.95 6.22 6.52 6.92 7.33 7.74 8.21 8.68 9.33 8.88 11.49 12.33 12.83 13.36 14.10 14.92 15.70 16.28 16.60 16.77 17.23 17.62 17.91 18.47 19.08 25.63 21.43 19.86 22.66 22.86 20.65 23.78 24.13 24.36 21.84 22.11 22.29 22.07 21.68 21.26 21.19 20.98 20.88 20.70 19.63 18.77 19.20 19.34 18.56 18.25 18.26 18.04 17.73 17.06 16.81 17.11 17.21 17.22 16.87 16.24 15.90 15.78 16.05 16.19 15.22 14.61 14.81 14.70
8.65 8.41 8.16 7.73 7.30 6.96 6.65 6.33 6.01 6.37 5.62 5.66 5.95 6.22 6.52 6.92 7.33 7.74 8.21 8.68 9.33 8.88 11.49 12.33 12.83 13.36 14.10 14.92 15.70 16.28 16.60 16.77 17.23 17.62 17.91 18.47 19.08 25.63 21.43 19.86 22.66 22.86 20.65 23.78 24.13 24.36 21.84 22.11 22.29 22.07 21.68 21.26 21.19 20.98 20.88 20.70 19.63 18.77 19.20 19.34 18.56 18.25 18.26 18.04 17.73 17.06 16.81 17.11 17.21 17.22 16.87 16.24 15.90 15.78 16.05 16.19 15.22 14.61 14.81 14.70
8.45 8.17 7.94 7.58 7.17 6.81 6.48 6.18 5.87 5.59 5.40 5.35 5.53 5.77 6.08 6.47 6.87 7.33 7.85 8.39 9.13 8.63 11.31 12.00 12.41 13.00 13.80 14.66 15.42 15.88 16.18 16.43 17.08 17.63 17.97 18.60 19.23 19.53 19.59 19.86 20.32 20.46 20.68 21.19 21.71 21.85 21.55 21.86 22.09 21.82 21.57 21.31 21.27 21.09 21.00 20.54 19.15 18.59 19.33 19.47 18.65 18.30 18.41 18.28 17.72 16.95 17.08 17.59 17.64 17.33 16.54 15.88 15.76 15.90 16.34 16.28 15.04 14.46 14.82 14.92
8.29 7.95 7.72 7.44 7.05 6.66 6.30 5.98 5.69 5.41 5.17 4.98 5.01 5.17 5.44 5.80 6.22 6.76 7.41 8.06 8.85 8.34 11.05 11.68 12.12 12.72 13.43 14.29 15.06 15.39 15.79 16.10 16.87 17.66 18.07 18.66 19.37 19.85 19.90 20.00 20.30 20.46 20.82 21.13 21.54 21.63 21.08 21.44 21.85 21.65 21.38 21.08 21.06 21.01 20.85 19.92 18.49 18.58 19.34 19.49 19.03 18.44 18.66 18.57 17.55 17.15 17.82 18.24 18.01 17.20 16.16 15.76 15.88 16.28 16.70 16.31 14.87 14.25 14.81 15.29
8.29 7.95 7.68 7.38 6.97 6.55 6.16 5.77 5.62 4.94 4.99 4.78 4.72 4.79 4.98 5.32 5.76 6.37 7.11 7.77 6.80 7.95 9.21 11.45 12.12 12.67 13.12 13.95 14.79 15.22 15.80 16.02 16.73 17.72 18.10 18.60 19.37 20.09 20.38 20.34 20.27 20.66 21.14 21.08 21.38 21.53 21.22 21.62 22.14 21.99 21.24 20.73 20.80 23.42 20.33 19.30 18.51 19.15 19.49 19.60 19.58 18.83 18.92 18.41 17.60 18.14 18.59 18.35 17.69 16.83 16.36 16.29 16.45 16.74 16.75 16.09 14.73 14.21 14.96 15.56
8.19 7.86 7.62 7.35 6.94 6.51 6.10 5.74 5.39 4.66 4.37 3.47 4.53 4.53 4.67 4.99 5.43 6.09 5.14 7.52 6.61 7.53 8.67 11.21 12.14 12.59 12.89 13.79 14.77 15.33 15.82 15.91 16.81 17.82 18.05 18.66 19.41 20.19 20.62 20.55 20.42 20.96 21.34 21.07 21.32 21.72 21.69 21.96 22.31 23.90 23.13 22.54 20.49 20.20 19.78 19.28 19.04 19.65 19.84 19.87 19.82 19.28 18.85 18.02 18.26 19.07 21.68 18.04 17.22 16.92 17.04 16.88 16.83 16.79 16.40 15.64 14.60 14.55 15.34 15.64
8.10 7.71 7.43 7.23 6.93 6.55 6.15 5.64 5.13 4.38 4.33 3.94 2.76 4.34 4.46 4.73 5.17 5.85 4.70 5.51 6.48 7.30 8.47 10.11 12.07 12.88 12.88 13.67 14.87 15.96 15.54 15.95 17.21 17.87 17.92 18.77 19.54 20.13 20.68 21.21 21.32 21.36 22.31 21.26 21.62 22.95 23.31 23.96 24.42 23.68 26.59 20.15 22.67 19.81 19.75 19.77 19.67 19.97 20.10 19.97 19.92 22.40 21.75 18.28 19.14 21.98 18.53 17.79 17.25 17.50 17.62 17.11 16.74 16.44 16.02 15.48 14.90 15.07 15.54 15.57
8.17 7.74 7.37 7.15 6.91 6.56 6.15 5.79 5.80 5.22 4.61 4.19 2.99 2.45 3.22 4.54 4.99 4.43 4.61 5.30 6.35 7.29 8.47 9.95 11.86 12.78 13.15 13.76 14.96 16.15 15.36 16.15 17.72 17.72 17.78 18.88 19.66 20.01 20.63 21.17 21.71 22.27 22.28 22.37 22.96 23.81 24.11 24.11 23.91 27.14 22.81 22.03 20.04 19.86 20.13 20.11 20.04 20.19 20.20 20.03 22.57 22.21 18.60 19.08 19.50 22.05 18.44 17.82 17.73 17.99 17.66 16.90 16.48 16.30 16.10 15.65 15.15 15.34 15.66 15.65
8.23 7.85 7.52 7.25 6.99 5.84 6.28 5.00 5.12 4.95 4.36 4.06 3.36 2.38 2.82 4.35 3.76 4.33 4.46 4.92 6.34 7.22 4.06 5.79 11.51 12.68 13.22 13.91 14.95 15.92 15.99 16.56 18.17 17.52 17.80 18.66 19.71 19.89 20.32 21.22 22.20 22.47 22.35 22.88 23.52 23.17 23.18 23.27 22.93 22.53 22.15 22.39 22.50 22.03 22.21 20.27 20.33 20.38 22.86 19.94 21.85 19.42 19.38 19.60 22.16 21.86 21.43 20.51 18.15 18.08 17.42 16.69 16.58 16.58 16.22 15.55 15.16 15.62 15.94 15.78
8.23 7.81 7.47 7.23 6.97 7.13 6.32 5.41 4.95 4.54 4.13 3.88 4.93 2.62 2.55 3.20 3.77 4.59 4.23 0.84 2.04 7.11 8.12 9.46 8.16 12.64 13.25 13.99 14.69 15.76 16.12 16.70 17.90 17.74 17.69 18.90 19.70 19.81 20.55 21.91 22.87 22.86 22.77 23.67 23.95 23.04 22.47 22.55 22.79 22.72 23.09 22.38 22.56 21.89 20.48 20.73 20.67 20.48 22.23 19.79 19.77 20.08 20.09 22.32 21.84 21.54 21.11 20.44 18.30 18.00 17.30 16.83 16.85 16.73 16.06 15.32 15.43 16.16 16.18 15.76
6.36 7.89 7.45 7.16 6.91 6.67 7.09 6.31 5.58 4.98 4.37 3.83 3.31 3.87 2.35 2.69 3.78 4.88 4.27 4.95 1.82 4.22 7.86 9.23 6.60 13.52 16.31 16.63 14.64 15.88 16.20 16.59 17.85 17.85 17.87 18.88 19.59 20.12 21.16 22.53 23.41 23.30 23.43 28.17 28.39 26.62 22.89 23.09 23.21 27.04 26.85 25.54 20.86 20.09 21.05 21.34 20.89 21.82 20.03 19.94 20.42 21.53 22.95 22.27 21.50 21.42 21.51 20.95 18.36 17.90 17.36 17.07 16.90 16.64 15.95 15.42 15.98 16.60 16.14 15.57
8.40 8.07 6.23 6.40 6.57 6.95 6.45 6.77 5.99 6.56 5.90 3.99 3.19 2.83 2.33 2.36 4.21 3.95 4.21 4.92 2.11 4.35 4.72 9.03 11.01 11.58 16.97 16.20 16.39 15.77 15.98 16.53 17.71 17.85 18.14 18.93 19.63 20.50 21.45 22.75 23.96 26.53 26.36 27.08 27.93 27.34 23.22 23.42 26.78 27.04 25.80 21.16 19.60 20.77 21.97 22.81 22.29 21.93 21.04 20.34 21.01 23.33 22.80 22.16 22.04 19.37 18.84 18.52 18.38 17.76 17.40 17.20 16.92 16.58 15.97 15.77 16.46 16.69 15.90 15.39
8.35 8.13 7.95 6.65 6.55 6.71 6.52 7.15 6.72 5.92 6.75 5.94 4.20 2.84 2.42 2.40 3.56 3.37 3.85 4.74 2.71 4.49 5.69 3.74 10.68 7.92 16.74 15.70 16.76 19.61 15.79 16.40 17.31 17.84 18.36 19.23 20.10 20.55 21.23 23.25 26.39 27.85 26.78 27.19 27.65 26.36 23.17 26.60 26.48 22.30 21.50 20.62 20.11 21.64 23.26 23.42 22.76 22.45 21.77 20.98 23.90 23.25 22.54 19.57 19.40 19.14 18.73 18.62 18.33 17.72 17.46 17.40 17.08 16.52 16.11 16.26 16.73 16.50 15.70 15.31
8.25 8.05 7.92 7.69 7.38 7.17 6.64 6.28 7.30 6.70 5.92 7.27 6.24 3.84 2.76 2.49 3.03 3.40 3.84 2.61 2.96 4.07 6.40 5.49 4.84 8.07 15.78 15.79 17.92 20.69 20.55 16.20 17.86 18.35 17.66 18.46 20.42 20.20 19.02 22.27 29.01 30.08 28.11 27.82 26.52 22.49 23.43 27.01 25.79 21.55 21.14 20.75 20.91 22.13 23.99 23.89 23.81 23.57 23.16 23.63 24.11 23.34 19.69 19.68 19.27 18.88 18.83 18.75 18.37 17.93 17.72 17.65 17.17 16.49 16.38 16.63 16.72 16.20 15.55 15.28
8.19 8.01 7.86 7.66 7.43 7.15 6.80 6.39 6.04 7.03 6.64 5.85 4.95 6.70 4.40 1.75 2.71 3.70 3.57 4.04 5.26 5.74 7.84 8.25 6.58 8.62 14.45 15.81 18.19 20.74 20.90 15.97 16.74 18.04 17.62 18.32 20.52 20.32 18.34 20.65 34.20 31.46 28.23 26.82 24.96 25.00 26.73 28.24 27.30 24.83 21.04 21.51 22.03 22.80 23.87 23.77 26.63 23.46 23.26 23.69 20.76 20.07 19.66 19.64 21.84 20.89 20.62 20.39 18.66 18.36 18.95 17.65 17.10 16.66 16.54 16.64 16.53 16.01 15.47 15.26
8.24 8.10 7.95 7.68 7.49 7.28 7.13 6.67 6.61 6.87 6.64 5.95 7.58 6.90 6.17 4.10 2.69 3.63 3.17 3.87 5.68 6.31 8.39 10.14 8.22 8.84 13.30 16.00 18.39 20.71 19.52 16.79 17.52 18.36 17.88 18.98 19.37 19.71 20.73 24.04 32.97 31.36 29.13 27.21 26.09 27.51 29.19 28.85 27.11 23.67 21.07 22.69 25.78 25.85 23.70 24.34 27.55 23.23 25.37 23.45 23.28 22.56 21.74 21.32 20.53 20.64 21.29 18.88 19.12 18.75 18.02 17.41 17.02 16.86 16.61 16.48 16.34 15.99 15.50 15.21
8.22 8.12 8.03 7.74 7.49 7.35 7.15 7.01 6.51 6.33 6.25 5.86 6.66 6.11 6.57 7.25 5.76 2.84 2.27 2.35 4.80 5.65 8.51 9.15 9.80 9.42 13.03 16.27 19.83 20.46 17.64 15.98 18.09 18.83 18.63 19.07 18.53 19.44 22.50 26.90 29.83 30.62 30.09 28.89 28.38 29.67 29.25 28.00 25.65 23.31 21.98 27.40 27.85 27.45 27.02 25.27 23.90 26.10 23.33 23.24 23.00 21.83 21.23 21.31 20.80 22.05 19.32 20.58 19.56 18.75 17.70 17.28 17.09 17.01 16.76 16.43 16.20 16.03 15.65 15.22
8.13 8.01 7.96 7.77 7.46 7.24 8.19 7.41 6.64 7.72 6.11 5.96 7.67 6.52 7.52 7.59 6.75 4.96 3.12 1.93 2.36 2.65 7.29 12.55 11.17 10.16 13.81 16.85 18.99 18.07 16.41 16.60 17.57 18.26 19.55 18.29 17.76 19.70 23.34 27.99 29.70 30.29 29.76 28.79 28.87 29.22 28.75 27.12 25.28 25.01 27.60 28.00 27.77 27.15 28.65 24.92 23.39 25.46 23.84 22.73 22.28 22.05 22.21 22.30 22.41 20.10 19.26 22.57 22.76 18.32 17.52 17.43 17.31 17.14 16.96 16.55 16.16 16.05 15.80 15.32
8.14 7.94 7.83 7.74 7.49 7.19 7.08 7.34 7.80 7.26 5.98 5.98 9.20 8.46 6.66 5.77 4.98 3.93 3.13 2.08 1.83 2.81 3.48 9.73 10.66 11.17 14.45 16.95 17.55 17.23 16.91 17.50 17.46 18.21 19.42 17.36 16.91 19.83 24.08 27.44 28.98 29.80 29.96 29.87 28.65 28.25 28.27 27.02 25.40 27.44 27.41 27.45 27.02 22.88 28.42 27.64 22.70 23.44 26.47 22.14 21.81 24.87 22.62 22.62 20.58 23.09 22.46 22.55 19.25 18.08 17.70 17.74 17.51 17.26 17.20 16.74 16.16 16.00 15.82 15.42
8.21 7.93 7.77 7.71 7.54 7.28 7.60 7.49 8.29 7.61 6.16 8.56 9.26 8.10 5.83 3.92 3.55 3.56 3.31 2.23 2.39 4.31 2.60 5.29 9.09 12.23 15.51 16.93 16.86 16.87 17.66 18.09 20.76 16.53 17.49 17.05 16.75 18.48 23.85 27.75 29.40 30.44 30.59 29.78 29.12 28.96 28.44 27.73 27.61 28.37 27.21 26.14 23.78 26.18 28.00 25.59 24.91 23.63 25.45 24.42 22.56 25.63 22.63 22.47 23.15 20.12 19.25 19.19 18.99 18.26 18.00 17.96 17.64 17.44 17.47 16.82 16.11 15.99 15.83 15.47
8.29 8.00 7.80 8.07 7.69 7.54 7.60 7.56 7.01 7.98 6.41 8.56 7.03 7.87 7.22 5.31 3.51 3.20 2.91 2.49 2.98 5.39 1.86 2.75 5.11 11.76 15.88 16.20 16.52 16.96 18.05 19.27 15.85 15.28 17.00 17.32 18.11 18.74 23.37 30.09 31.87 32.10 30.41 29.32 28.92 29.23 28.70 28.36 20.44 27.49 27.02 25.34 25.16 28.08 24.99 23.07 24.08 26.75 26.18 24.80 24.92 25.52 21.96 22.15 21.01 20.17 19.29 18.97 18.81 18.37 18.16 18.09 17.78 17.67 17.61 16.77 16.14 16.10 15.91 15.49
8.22 8.08 7.93 8.09 7.69 7.70 7.74 7.66 7.28 8.15 8.48 8.36 5.66 6.42 7.76 3.82 7.06 5.24 3.87 3.12 2.85 4.58 3.08 4.03 6.43 10.67 14.35 15.15 16.30 17.50 18.23 20.89 15.37 14.51 16.72 17.05 19.51 19.03 25.46 31.93 33.03 29.12 30.79 29.71 28.99 29.28 28.88 28.23 26.34 25.31 26.50 24.85 27.11 25.16 22.35 25.18 27.61 28.29 26.70 24.22 25.57 25.55 24.66 21.20 23.26 22.68 22.10 21.82 18.58 18.25 18.38 18.36 17.87 17.78 17.58 16.77 16.33 16.27 16.01 15.50
7.97 7.96 7.93 7.86 8.23 8.17 8.06 7.94 7.58 8.62 8.79 9.15 7.52 3.60 7.13 3.69 7.31 3.26 5.04 3.41 2.81 3.31 2.87 2.79 5.03 10.24 14.08 15.17 17.24 18.68 18.83 17.50 15.07 18.12 16.40 19.05 18.02 18.47 26.76 32.20 28.20 27.69 27.60 29.42 29.10 29.65 29.49 27.48 25.09 24.05 24.50 23.66 24.45 21.72 24.11 27.87 27.41 28.00 26.32 24.69 26.60 25.95 23.06 23.74 23.63 22.73 21.71 18.95 18.41 18.35 18.79 18.53 17.77 17.72 17.53 16.92 16.64 16.37 16.00 15.53
7.85 7.84 7.82 7.77 7.71 7.55 8.13 7.87 9.90 8.59 8.47 9.77 9.05 4.97 6.36 6.15 5.93 4.98 3.93 3.54 3.38 3.72 3.81 1.09 1.96 7.25 14.98 15.49 17.72 18.23 17.53 19.41 14.88 14.49 16.13 16.57 18.05 20.19 26.59 32.38 30.67 26.87 27.55 29.67 29.56 29.49 28.83 27.01 24.30 24.50 22.67 22.01 24.19 23.50 26.60 28.73 27.14 27.88 27.08 26.98 27.62 23.27 22.75 20.98 22.66 21.98 21.33 21.06 18.56 18.71 18.94 18.31 17.62 17.66 17.54 17.16 16.94 16.41 15.89 15.54
7.77 7.79 7.79 7.71 7.63 7.53 8.22 7.95 7.73 9.36 8.24 9.46 9.23 7.00 5.94 6.35 5.86 5.18 4.39 3.49 3.18 4.14 5.13 3.52 2.40 6.13 14.28 15.43 15.96 15.86 16.74 18.91 15.94 14.62 16.99 16.11 18.55 21.86 28.87 32.61 29.46 29.06 30.19 21.74 29.93 29.30 29.07 27.54 26.34 25.60 21.18 22.31 26.05 27.17 29.47 30.34 29.57 29.38 28.33 27.56 27.50 22.98 24.02 24.42 23.09 22.15 21.45 21.44 18.90 21.31 18.55 18.00 17.66 17.65 17.52 17.34 17.19 16.44 15.79 15.54
7.66 7.72 7.80 7.76 7.69 7.50 8.15 8.03 7.83 10.45 8.70 9.38 9.56 8.96 6.46 6.08 5.89 5.48 4.92 4.12 3.10 4.14 4.76 4.03 3.67 7.28 13.77 15.50 13.38 15.04 19.21 15.30 15.52 20.61 15.64 17.22 20.35 24.77 31.92 29.73 25.36 29.18 29.69 29.01 29.24 22.21 30.03 20.74 26.60 24.62 21.25 23.26 28.33 28.01 30.54 31.48 31.03 22.74 28.60 27.76 27.18 22.66 24.73 27.36 23.81 22.55 22.51 22.39 22.04 21.85 21.47 17.91 17.81 17.66 17.53 17.50 17.28 16.49 15.78 15.51
7.56 7.62 7.73 7.77 8.63 8.27 8.33 8.22 11.73 11.61 10.28 10.20 9.73 8.83 7.47 6.08 5.88 5.49 4.80 3.97 2.96 4.01 4.03 2.98 3.28 6.86 13.35 14.48 12.02 15.62 19.07 18.42 20.02 18.96 17.02 18.05 22.73 27.37 30.97 30.53 28.65 28.53 29.21 28.70 28.59 28.89 28.56 27.46 25.75 23.81 21.80 25.25 27.89 27.91 29.91 31.03 30.52 29.12 28.22 27.67 26.84 22.78 22.96 26.78 26.80 26.78 23.59 22.88 21.99 21.65 21.42 18.00 17.89 17.72 17.68 17.56 17.19 16.58 15.93 15.52
7.52 7.51 7.53 7.60 8.98 8.78 8.44 8.32 12.49 12.78 11.21 10.34 9.50 9.06 9.34 8.05 7.06 5.96 4.75 3.82 2.76 3.77 3.84 1.60 1.60 5.35 11.64 13.57 12.35 16.60 18.05 17.70 18.46 17.00 17.46 19.94 26.03 30.13 30.08 29.82 28.86 27.99 28.79 28.82 28.27 28.35 28.43 27.46 26.49 22.99 22.41 26.58 28.14 26.01 29.76 31.49 30.06 28.27 27.87 28.20 27.97 27.58 28.15 28.25 27.96 27.47 26.67 22.82 21.90 21.37 21.19 18.09 17.93 17.88 17.81 17.49 17.11 16.70 16.11 15.63
7.59 7.52 7.44 7.45 7.58 8.79 8.54 8.16 7.86 11.92 11.21 9.91 9.11 9.44 10.01 8.81 7.22 6.25 5.11 3.98 2.99 3.56 3.93 1.98 1.00 2.46 7.40 13.60 14.12 17.42 17.20 16.91 18.28 18.40 20.46 24.28 28.90 30.43 29.88 29.92 29.31 29.29 29.71 29.75 29.08 21.03 21.30 20.52 25.99 19.91 23.50 28.58 27.91 25.65 32.93 32.05 30.12 29.34 29.45 29.31 29.09 28.49 28.15 28.06 27.54 27.08 26.37 22.85 22.42 21.90 21.65 18.15 18.00 18.04 17.80 17.42 17.21 16.82 16.22 15.79
7.66 7.57 7.46 7.38 7.40 8.60 8.67 11.89 10.31 10.74 10.68 9.92 8.85 7.48 8.50 8.42 7.01 6.07 5.21 4.10 3.26 3.66 3.69 2.68 0.60 1.25 5.19 10.31 15.61 17.08 16.89 16.53 19.23 20.73 21.92 24.73 27.29 29.68 30.76 30.38 30.08 30.50 25.95 21.23 20.76 21.02 20.66 26.76 19.85 20.76 24.20 28.75 28.58 30.03 34.44 31.84 30.72 30.32 29.70 29.01 28.72 28.50 28.20 27.72 27.15 23.42 23.11 22.89 22.64 22.23 21.91 18.32 18.26 18.21 17.81 17.46 17.36 16.93 16.32 15.94
7.76 7.63 7.51 7.44 7.36 8.36 8.41 8.56 12.46 12.10 12.20 11.28 9.97 8.23 7.77 7.92 6.44 4.90 4.07 3.11 3.04 4.05 3.55 3.41 1.27 3.86 5.62 9.22 14.55 17.38 17.23 19.05 21.15 22.39 24.08 25.28 26.00 28.62 31.88 28.11 25.35 25.61 21.00 20.65 20.90 21.24 26.85 21.66 20.53 21.80 23.91 27.01 32.81 34.29 33.25 31.45 29.93 29.70 29.28 28.75 28.61 28.52 28.00 27.45 26.95 23.32 22.83 22.54 22.21 21.70 21.14 18.62 18.58 18.36 17.90 17.49 17.39 17.04 16.49 16.08
7.92 7.71 7.49 7.49 7.46 8.29 8.27 8.35 12.49 12.65 12.40 13.10 12.23 11.02 8.51 7.96 7.15 5.63 3.91 2.76 2.58 2.75 3.14 3.21 1.87 4.06 4.74 8.17 12.51 16.85 19.24 21.39 21.75 23.36 24.79 23.10 25.37 27.86 29.50 24.44 25.34 25.33 20.26 20.31 20.87 21.36 20.10 22.83 20.26 22.11 23.64 26.81 35.16 33.42 30.43 29.70 29.74 29.25 29.02 28.67 28.75 28.31 28.02 27.28 26.89 26.87 23.31 23.03 22.57 22.12 22.17 22.36 22.17 22.02 18.16 17.61 17.40 17.12 16.69 16.19
8.02 7.91 7.59 7.40 7.47 8.15 8.12 8.12 12.18 12.52 12.27 11.86 11.40 9.90 8.65 8.47 8.05 7.36 6.02 4.08 2.35 1.86 2.46 3.33 2.86 1.68 3.10 5.01 8.97 16.66 19.63 22.00 21.31 21.98 24.19 23.89 25.35 30.25 28.64 29.31 25.07 24.73 20.00 20.39 20.72 21.32 20.54 23.89 19.10 21.38 23.70 26.92 32.98 32.24 29.28 31.39 32.10 30.31 29.37 28.94 28.64 27.90 27.60 27.65 27.70 20.52 27.23 19.74 26.14 25.81 19.31 25.20 22.51 18.82 18.63 17.90 17.41 20.62 20.56 16.34
7.85 8.12 7.71 7.66 7.85 8.02 8.11 8.17 11.88 12.40 11.47 10.85 9.80 9.47 9.20 8.82 8.51 8.06 8.03 6.59 4.80 2.30 0.81 2.58 3.50 3.82 3.72 3.84 5.65 15.37 21.32 23.43 20.80 20.84 22.61 23.97 26.59 29.72 29.25 28.60 28.07 24.33 20.18 20.70 28.73 27.85 27.07 24.24 18.27 19.99 22.80 23.05 28.05 36.42 34.62 35.57 33.12 30.32 29.55 23.42 29.20 28.51 28.15 20.59 20.68 27.63 20.17 26.25 25.33 22.76 23.06 22.33 18.98 19.19 18.97 18.06 17.34 17.04 20.59 16.57
7.37 7.87 8.46 8.01 8.06 8.20 8.25 11.17 11.55 11.46 11.63 12.24 11.52 10.13 9.11 9.06 8.97 8.36 7.97 6.17 4.45 3.81 2.68 0.70 2.30 5.84 6.85 5.90 7.04 15.63 22.21 23.19 21.65 20.59 22.10 24.26 27.15 29.66 31.20 30.85 30.46 29.69 29.09 29.50 29.36 28.52 27.08 24.32 18.64 19.25 21.22 24.33 26.49 29.57 31.56 33.73 33.61 31.03 30.19 29.18 28.86 27.84 23.23 27.46 27.40 27.11 23.52 22.73 21.55 19.62 20.20 19.94 22.15 22.88 22.74 21.87 21.13 17.16 17.06 16.77
