examples/cougarCreek-fire/createInputs/WindNinja/wrfout_d3.2015081200.f18/cougarCreekFire_08-12-2015_1800_217m_non_neutral_stability_ang.asc
ncols	146
nrows	140
xllcorner	610065.000000
yllcorner	5095217.000000
cellsize	216.586807
NODATA_value	-9999.000000
[rows 0 to 43 of 140, columns 0 to 95 of 146]
198 196 195 194 191 189 186 183 180 202 172 167 161 155 148 141 136 131 126 121 117 120 114 115 115 112 110 108 107 106 103 100 98 98 98 100 102 102 105 108 107 107 110 108 110 110 112 111 111 110 108 106 104 104 105 106 106 102 99 101 102 101 101 102 103 103 101 102 105 108 111 110 108 105 105 107 108 104 101 100 101 103 106 104 103 106 110 104 104 108 111 108 108 114 113 113
198 196 195 194 191 189 186 183 180 202 172 167 161 155 148 141 136 131 126 121 117 120 114 115 115 112 110 108 107 106 103 100 98 98 98 100 102 102 105 108 107 107 110 108 110 110 112 111 111 110 108 106 104 104 105 106 106 102 99 101 102 101 101 102 103 103 101 102 105 108 111 110 108 105 105 107 108 104 101 100 101 103 106 104 103 106 110 104 104 108 111 108 108 114 113 113
199 198 197 196 193 191 188 186 183 179 174 169 162 155 148 141 135 130 125 121 117 117 112 112 111 110 108 106 104 103 101 99 98 98 99 100 101 103 105 106 107 108 108 109 109 110 110 109 109 108 107 106 105 104 104 104 103 101 100 100 100 100 100 101 102 102 102 103 105 107 108 108 107 106 106 107 108 106 104 103 104 105 106 107 108 108 109 109 109 109 109 108 110 112 111 111
200 199 199 198 196 193 191 188 185 182 176 170 162 154 146 139 132 127 122 119 116 112 108 106 106 105 104 102 101 99 98 98 98 99 99 100 100 100 102 104 105 105 106 107 107 107 107 107 106 107 107 107 105 104 103 101 100 100 100 99 100 101 101 102 102 102 104 105 106 106 105 106 107 108 108 108 109 109 107 106 106 107 107 107 108 108 109 109 109 109 109 108 108 110 111 110
201 200 200 200 198 196 194 218 215 211 179 174 165 156 147 138 131 125 120 117 112 109 103 103 102 102 101 99 98 97 97 97 97 98 99 99 99 100 101 102 103 104 105 106 106 105 106 107 107 108 108 107 105 101 102 101 100 100 101 101 101 102 103 102 102 104 106 106 105 105 105 107 108 109 109 109 109 109 109 108 108 108 108 108 109 109 110 110 110 110 110 109 93 96 96 94
202 202 202 202 201 199 197 194 191 214 211 201 168 159 149 139 131 124 114 115 109 108 103 101 100 99 98 97 96 96 95 95 96 97 98 98 99 99 100 101 102 103 104 105 105 105 107 107 107 104 103 102 105 103 101 101 102 102 103 103 102 103 103 102 103 105 100 105 105 105 106 108 109 109 109 108 108 110 110 110 109 109 109 108 109 109 109 110 110 110 110 110 108 90 93 92
205 204 204 205 204 202 199 223 222 218 216 210 187 162 152 141 132 124 118 112 106 104 100 96 95 94 97 92 91 91 94 94 96 97 97 98 98 99 99 95 97 102 99 104 105 101 102 103 104 104 100 104 99 103 102 102 103 103 103 103 103 98 98 103 104 99 105 105 105 106 107 108 108 108 107 107 109 110 110 110 109 109 109 108 121 109 109 110 110 110 110 110 109 90 91 92
207 206 206 206 206 204 202 225 222 223 220 216 201 159 133 144 134 111 112 111 105 102 100 97 95 93 93 92 91 91 93 89 91 96 96 97 97 98 94 95 96 97 98 99 101 102 102 103 102 98 100 99 104 103 103 103 103 103 103 103 97 97 103 104 104 99 104 105 106 107 107 107 107 107 108 108 109 109 110 110 110 109 109 109 109 109 109 110 110 110 110 110 109 108 90 84
209 208 207 207 207 230 205 226 228 227 224 220 209 177 139 147 117 111 111 114 106 103 86 79 95 93 93 92 91 90 89 90 91 94 95 93 93 94 94 95 96 97 98 99 100 101 100 100 99 99 100 100 100 98 97 103 103 103 98 103 96 102 104 105 98 99 99 97 106 106 106 106 106 107 108 108 108 109 109 110 110 109 109 109 109 109 109 110 110 110 110 110 110 109 109 109
212 210 209 209 209 228 229 230 227 226 223 220 264 192 147 128 118 111 110 116 84 102 103 99 70 94 93 92 90 90 90 89 90 90 91 92 93 93 94 96 97 98 98 99 100 100 100 100 100 100 101 102 99 97 102 102 103 103 97 102 102 103 105 99 98 97 97 97 106 106 106 107 107 107 108 108 108 109 110 110 110 110 109 109 109 109 109 109 110 119 110 110 110 110 109 109
228 212 212 212 211 210 227 230 231 230 226 222 215 273 160 138 122 130 110 111 81 66 101 100 76 72 77 76 91 91 89 89 90 90 91 92 92 93 95 96 97 98 99 93 94 93 99 99 100 97 99 96 96 102 102 103 103 97 103 103 104 97 99 99 97 97 99 98 105 106 106 107 107 107 107 108 109 109 110 110 110 110 109 109 109 115 119 109 110 110 111 111 110 110 110 109
214 214 231 232 233 231 212 229 231 265 268 223 213 205 179 153 143 114 113 109 63 63 67 100 97 70 78 74 73 91 89 89 89 89 90 91 92 94 94 94 96 90 92 92 93 93 98 99 95 96 95 97 102 102 97 98 97 97 97 104 104 98 100 99 99 105 104 105 105 105 105 106 106 107 107 108 109 109 109 109 109 109 109 109 109 109 109 109 109 110 111 111 111 110 110 109
215 214 215 233 234 234 214 227 228 230 265 272 279 201 184 156 130 118 118 110 59 61 61 71 98 70 75 72 73 78 89 89 89 89 90 92 93 94 93 94 86 91 92 92 93 91 97 92 94 98 97 96 103 103 97 98 98 98 98 97 99 102 101 104 104 104 103 103 104 104 105 105 106 107 107 108 109 109 109 109 109 109 109 109 108 109 109 109 109 110 110 111 112 111 110 109
216 216 217 217 217 233 216 216 224 225 226 262 270 283 189 161 135 120 115 44 51 57 58 63 74 69 73 72 75 81 79 89 73 75 76 78 80 80 81 84 87 92 92 92 90 97 98 91 92 98 96 96 98 97 97 97 98 99 98 100 103 102 103 102 102 102 102 103 103 104 105 106 106 107 107 108 108 108 108 108 108 108 108 108 108 108 108 109 109 109 110 110 112 113 111 125
217 218 219 219 219 219 219 218 217 225 223 223 219 260 279 339 45 54 49 52 56 58 64 65 68 65 71 72 77 80 79 89 72 74 76 77 78 79 83 89 91 91 90 89 88 89 90 93 94 91 96 97 98 97 96 96 93 99 98 99 102 102 102 101 96 93 94 94 103 105 95 106 106 106 107 107 107 107 107 108 108 108 108 108 108 107 108 108 109 111 118 111 111 127 112 124
219 220 221 221 221 221 239 239 235 229 226 226 258 252 254 285 21 46 41 50 59 62 69 71 62 63 70 73 77 79 75 70 72 74 75 76 76 78 82 84 89 89 89 89 89 90 93 95 93 89 97 97 91 91 96 96 94 97 91 96 97 96 94 93 93 94 96 103 104 105 106 105 105 105 106 106 106 106 107 107 107 107 107 107 107 107 107 107 108 108 109 109 109 119 112 109
220 221 222 222 222 222 222 237 239 235 229 227 274 277 251 236 247 346 349 22 45 53 69 100 68 60 69 74 78 78 71 70 73 74 75 75 76 79 83 83 86 88 90 90 91 92 93 92 89 88 98 91 94 92 90 99 98 90 96 96 95 93 94 94 94 96 104 95 104 105 104 104 104 105 105 106 105 105 106 107 107 107 107 106 106 106 106 107 107 107 107 106 107 110 120 110
222 222 224 224 224 223 234 235 239 268 230 227 261 280 248 224 223 242 260 265 346 16 48 69 64 61 67 72 75 75 70 70 72 74 76 74 77 78 80 83 85 87 88 90 91 92 92 90 88 89 92 98 96 89 90 98 96 87 96 95 93 94 95 96 97 104 104 102 103 103 103 103 103 104 104 105 105 105 105 105 106 106 106 105 105 105 105 101 100 106 106 105 106 109 111 118
224 224 225 225 225 224 224 236 269 274 232 228 248 253 262 264 254 257 274 256 327 7 24 57 62 65 67 73 72 71 69 70 73 71 75 71 76 78 79 82 84 87 89 90 90 89 90 90 88 90 96 96 90 94 88 90 93 94 90 94 95 90 98 97 103 101 103 106 101 101 102 102 103 103 104 104 105 105 104 104 105 105 105 105 105 105 105 101 99 106 106 97 100 108 109 111
226 225 226 226 225 224 236 236 268 273 231 257 250 255 277 295 297 289 308 295 340 23 16 52 53 62 69 71 70 69 70 72 76 92 90 72 76 78 78 81 84 87 90 92 91 90 91 91 95 96 94 89 85 87 88 85 86 95 88 87 95 90 96 95 97 103 103 103 101 101 102 102 102 103 103 104 104 104 104 104 104 105 105 105 104 104 104 96 95 105 105 101 101 102 106 108
227 226 226 239 239 238 237 237 237 271 231 260 281 254 253 278 305 309 333 322 351 28 8 36 39 58 69 69 69 69 70 73 93 92 91 73 75 88 78 84 87 91 93 92 92 93 94 95 100 94 91 86 85 91 84 92 95 88 89 87 87 90 96 95 102 103 103 103 102 101 101 101 102 102 102 102 103 103 104 104 104 104 104 104 104 103 103 104 104 105 94 100 100 103 105 106
227 226 226 239 239 237 237 236 236 272 260 260 287 284 240 193 248 259 293 297 313 21 15 32 46 57 64 66 70 71 70 76 93 93 93 85 73 87 78 88 94 95 94 93 91 89 91 94 93 84 85 84 85 83 93 86 87 90 90 86 88 90 89 102 98 98 98 99 102 101 100 101 101 101 101 101 102 102 103 103 104 104 104 103 103 102 103 103 104 104 94 97 95 94 105 106
227 228 227 227 237 236 235 235 235 266 261 257 280 307 260 195 232 164 251 290 313 351 6 24 42 55 64 65 70 73 71 85 93 74 94 93 72 77 79 91 98 96 93 91 90 90 92 90 84 82 82 80 82 92 95 87 87 88 88 86 90 91 96 97 97 96 96 101 101 101 101 101 101 100 100 100 101 102 102 102 103 103 103 102 102 102 102 103 104 92 101 102 104 105 102 100
228 229 229 228 228 227 235 235 259 266 266 256 264 295 284 266 263 263 271 321 359 9 10 357 71 46 65 65 70 72 70 74 93 94 95 84 74 76 79 90 94 94 92 89 89 90 88 85 82 82 79 95 81 84 85 87 86 88 89 90 93 96 94 98 93 95 95 95 101 102 102 101 100 100 99 100 101 101 101 101 101 102 102 102 101 101 102 102 92 110 113 113 110 110 109 105
229 229 230 230 229 228 235 234 234 265 274 262 261 286 291 270 265 266 268 277 325 8 23 6 54 50 62 66 64 66 71 75 87 94 71 72 74 77 81 91 92 89 90 94 90 86 85 86 84 82 79 94 82 84 85 88 91 93 93 92 92 95 84 84 94 94 94 95 102 97 101 100 99 99 99 99 100 100 100 100 100 101 101 101 101 100 100 101 102 114 113 109 107 111 113 108
230 230 230 230 230 229 235 235 233 260 272 265 256 264 290 281 269 267 269 263 282 350 16 17 46 61 63 67 60 66 73 90 89 76 93 85 74 78 87 92 91 88 89 88 88 94 91 93 84 80 95 80 83 83 86 92 94 98 91 90 91 94 84 92 95 93 94 97 98 99 98 98 98 98 98 98 99 99 99 99 99 99 100 100 100 100 99 100 104 108 115 111 107 108 112 109
231 231 231 230 238 237 235 233 248 253 265 260 257 255 271 288 274 272 279 274 289 347 4 9 53 65 63 68 63 67 79 82 78 74 71 73 76 80 86 87 84 82 84 85 85 86 85 83 80 78 92 79 82 82 84 88 92 92 89 89 89 94 94 90 91 93 97 97 98 98 98 98 97 97 98 98 97 97 98 98 99 99 99 99 99 99 99 98 93 99 111 101 109 107 109 99
233 233 233 232 237 237 237 235 242 245 257 262 266 254 252 265 265 270 283 280 299 348 357 338 62 66 57 67 69 71 79 78 76 75 74 74 77 84 86 83 82 81 82 85 86 85 83 85 83 74 90 79 82 80 83 90 91 89 89 89 90 92 95 100 102 102 99 95 93 92 93 97 97 97 97 97 96 96 97 97 98 98 99 99 99 98 97 97 90 92 94 96 96 96 100 100
235 235 234 234 233 237 237 237 236 249 256 263 273 256 247 255 260 267 281 277 293 337 352 300 181 76 48 58 69 72 77 73 73 75 76 78 85 86 83 83 84 83 86 88 90 93 92 90 77 88 90 79 81 81 87 92 91 90 92 96 97 97 97 98 99 100 100 96 94 93 93 95 96 96 96 95 96 96 96 96 97 97 98 99 98 97 96 95 85 85 97 99 88 90 100 99
237 236 236 236 235 237 237 254 260 256 258 261 273 287 262 257 264 270 280 275 288 329 347 342 228 73 57 52 62 72 74 73 72 74 77 81 86 83 82 86 87 89 92 91 91 92 91 79 87 89 91 78 81 83 92 93 92 92 92 93 93 93 94 95 95 94 94 94 94 94 93 93 94 95 95 95 95 95 96 96 96 97 97 97 96 96 95 95 95 85 87 89 93 95 92 99
239 238 237 237 236 239 236 235 251 253 252 260 264 280 277 257 266 280 292 297 319 350 358 18 42 98 70 68 58 69 71 72 75 76 80 86 85 78 87 90 92 93 92 90 89 90 81 71 89 90 91 77 81 90 91 87 86 87 89 90 91 93 94 94 92 91 90 90 90 89 87 93 94 94 94 94 94 94 95 95 96 96 96 95 95 96 96 96 95 93 94 94 92 90 88 99
241 240 239 237 236 240 239 237 249 251 246 247 253 259 275 256 256 269 278 296 341 25 25 36 76 113 83 77 54 65 67 76 80 81 85 86 78 79 89 92 93 94 92 91 90 90 91 73 89 87 87 88 81 85 80 79 83 87 88 89 92 94 94 92 91 90 92 92 92 91 91 94 95 95 93 93 94 94 94 94 95 95 95 95 95 96 96 96 95 94 92 91 90 89 90 98
241 241 240 239 238 243 241 238 248 251 251 250 260 265 270 259 248 250 256 263 304 16 68 85 93 87 92 80 44 58 66 78 84 86 83 79 77 82 88 86 92 93 92 92 92 92 92 106 90 86 84 85 74 77 77 81 87 90 90 89 89 90 91 93 95 91 98 91 100 102 90 98 96 91 92 93 93 99 103 93 94 94 95 96 95 94 95 95 109 93 90 90 91 93 95 97
240 239 248 238 247 244 242 240 252 251 255 260 268 268 268 262 251 241 235 234 243 270 28 81 78 68 58 57 35 51 70 82 86 86 86 85 86 90 91 91 92 92 91 92 99 103 103 106 93 91 87 92 94 82 81 86 89 90 91 90 91 91 92 90 90 94 90 94 94 91 87 86 91 92 93 93 93 92 101 92 93 93 95 96 95 93 93 93 109 105 91 91 93 95 97 96
240 239 239 246 245 243 240 259 259 258 255 255 260 266 270 264 255 247 241 235 230 233 232 210 41 46 40 29 27 57 90 90 88 88 87 88 89 90 92 95 94 94 95 96 97 101 103 106 95 97 95 89 95 97 96 93 89 89 91 93 94 92 88 88 88 89 88 86 82 88 90 91 87 93 96 96 95 91 91 92 92 92 93 95 95 93 92 92 108 108 92 90 93 92 91 96
240 240 240 238 244 243 240 236 252 251 246 238 241 250 264 269 268 268 273 249 236 231 219 204 199 198 290 13 32 69 94 94 89 87 85 85 85 84 83 84 88 90 92 91 92 93 97 101 108 97 97 96 92 97 95 95 92 91 91 90 89 88 86 84 84 84 83 86 87 88 89 86 90 93 94 93 89 90 91 91 92 92 93 94 95 93 92 91 107 107 96 92 92 91 92 95
239 239 239 243 242 269 266 235 248 245 241 236 236 241 245 251 253 254 255 240 223 213 205 193 181 175 182 190 345 94 99 103 94 86 84 80 78 77 78 78 78 80 92 92 91 90 92 95 101 107 98 99 95 92 88 86 95 94 94 93 93 92 92 89 87 84 83 83 86 88 85 86 86 86 88 89 89 90 90 90 91 92 93 93 94 93 91 90 105 106 101 93 91 92 94 93
238 239 239 242 240 238 236 245 232 235 233 237 238 236 230 228 226 219 209 202 202 201 195 188 182 177 172 167 155 125 103 103 106 103 99 97 91 85 84 83 82 81 83 89 89 89 91 93 93 98 104 98 97 96 92 90 88 87 87 88 88 88 89 90 91 92 94 94 95 95 94 96 87 83 85 86 88 89 89 90 90 91 91 92 95 95 91 90 104 105 99 90 88 88 88 93
238 238 239 242 239 236 223 231 233 230 233 234 232 228 224 225 221 214 211 213 210 201 195 189 180 178 172 165 153 98 105 94 100 105 107 107 103 102 97 95 90 86 78 78 87 89 88 88 90 92 95 101 94 91 90 87 86 86 85 84 90 90 90 91 93 93 94 94 94 95 94 93 92 92 89 81 84 86 88 89 89 89 90 91 94 96 94 90 104 102 104 87 86 87 87 92
237 237 237 239 237 234 217 230 236 236 236 234 231 232 230 228 223 215 210 207 202 201 201 195 184 187 174 171 157 154 107 94 95 97 103 104 103 96 94 90 88 95 97 96 92 92 91 87 84 86 87 87 88 92 92 88 93 92 86 86 86 92 92 93 93 85 85 85 87 87 87 86 85 95 94 94 94 83 84 86 87 89 89 90 92 96 96 92 89 101 104 92 87 88 88 88
236 236 236 235 234 232 218 229 228 236 237 238 239 239 231 226 218 209 204 206 206 209 204 192 180 186 176 172 173 167 107 101 98 96 95 94 93 94 99 90 87 86 89 89 97 97 96 94 93 90 90 89 84 84 85 86 85 84 84 86 89 85 85 85 84 84 84 86 88 89 89 89 89 89 88 88 86 83 94 95 84 87 88 89 90 94 96 93 90 89 102 103 92 89 88 86
235 235 235 234 233 221 228 229 226 236 237 236 234 229 221 219 211 205 211 219 221 215 203 177 180 185 175 174 170 162 123 100 94 90 87 88 90 89 88 90 89 95 94 95 96 88 89 88 87 86 86 87 86 86 86 87 86 85 87 87 82 83 84 84 84 85 86 87 89 90 91 92 92 91 91 92 91 89 85 80 91 83 86 87 88 90 95 96 92 89 88 105 99 91 89 86
236 235 235 234 235 231 229 226 225 222 220 233 228 221 217 212 210 217 226 224 222 210 186 175 191 184 176 173 162 150 135 106 90 85 84 87 88 86 84 86 90 94 93 91 89 88 92 91 90 85 87 83 84 84 83 83 82 81 82 81 81 82 81 81 83 85 87 89 90 91 91 93 92 92 93 94 94 93 91 86 89 94 85 86 86 87 91 95 95 91 89 87 103 95 90 87
236 235 234 233 234 209 229 227 224 222 233 223 212 212 208 208 214 218 220 220 214 191 178 177 194 181 179 165 160 153 144 123 104 90 85 85 86 84 83 83 84 87 87 84 87 89 91 90 88 87 83 83 85 85 84 82 81 80 81 82 81 80 80 81 83 86 87 87 88 88 89 90 90 90 91 93 94 94 94 93 86 81 98 86 85 86 87 90 94 94 90 88 104 100 97 94
