examples/cougarCreek-fire/createInputs/WindNinja/wrfout_d3.2015081200.f18/cougarCreekFire_08-12-2015_1800_217m_non_neutral_stability_vel.asc
ncols	146
nrows	140
xllcorner	610065.000000
yllcorner	5095217.000000
cellsize	216.586807
NODATA_value	-9999.000000
[rows 105 to 139 of 140, columns 0 to 79 of 146]
8.77 8.75 8.78 8.88 8.90 8.88 9.03 9.01 8.89 9.06 9.11 9.21 9.43 9.13 9.20 9.39 9.33 9.38 9.03 14.99 9.30 9.30 9.42 9.54 14.74 9.51 9.62 15.93 14.67 14.97 15.86 14.75 14.94 15.27 15.26 16.24 15.24 9.45 9.46 11.16 12.40 14.80 13.48 11.19 9.73 9.80 9.85 9.87 9.56 9.37 9.72 9.49 9.23 8.93 8.70 9.16 8.40 8.33 8.29 8.23 9.81 10.26 10.47 11.61 13.86 13.80 14.06 13.25 14.82 13.96 13.98 13.75 13.61 8.13 8.18 8.22 8.28 8.36 8.44 8.43
8.78 8.85 9.08 9.19 9.18 9.25 9.33 9.12 8.98 9.10 9.22 9.49 9.43 9.17 9.47 9.35 9.08 9.41 9.05 9.03 9.01 9.12 9.34 15.16 9.48 9.48 14.82 15.94 14.71 14.68 15.05 15.00 15.32 15.26 15.59 15.82 13.24 9.55 9.63 13.87 9.69 14.59 13.63 9.73 11.71 11.36 10.96 10.22 10.01 9.36 10.07 9.82 9.52 9.25 9.01 8.06 8.53 8.44 8.36 8.29 10.00 11.15 13.45 12.90 13.08 13.06 13.19 14.44 13.49 13.72 14.29 14.46 14.41 13.58 8.06 8.07 12.80 12.61 8.20 8.35
8.95 9.04 9.29 9.27 9.48 9.55 9.51 9.35 9.18 9.23 9.33 9.45 9.26 9.29 9.47 9.40 9.14 9.43 9.04 9.02 8.98 9.03 9.19 14.21 13.86 9.45 14.98 15.30 13.78 14.16 13.90 15.82 15.83 15.25 15.31 14.00 9.57 9.69 9.75 15.85 14.46 14.42 12.45 11.99 12.10 11.95 9.88 9.97 11.88 13.30 13.71 12.05 9.34 7.81 7.30 8.83 7.89 8.56 8.46 8.82 11.13 12.69 11.69 10.76 7.82 11.34 13.21 13.34 12.24 12.56 12.91 13.33 14.04 13.99 13.05 8.03 8.05 8.14 8.30 13.86
9.11 9.14 9.30 9.46 9.74 9.92 9.85 9.51 9.44 9.20 9.18 9.21 9.25 9.45 9.41 9.46 9.16 9.09 9.08 9.42 9.06 9.22 9.35 9.46 9.46 13.49 14.59 14.20 14.07 15.12 15.00 16.09 15.89 14.72 13.52 9.55 9.70 11.86 15.91 15.69 14.57 12.43 12.07 12.00 11.54 9.87 11.55 12.14 12.29 13.74 14.83 13.03 11.87 13.62 17.07 12.71 8.55 8.70 7.84 9.82 12.44 11.58 10.75 7.87 9.11 11.18 12.33 12.90 12.99 12.90 13.76 13.15 13.83 13.82 13.60 13.50 13.26 13.39 13.55 13.61
9.34 9.37 9.43 9.58 9.68 9.84 9.90 9.59 9.47 9.07 9.12 9.23 9.40 9.50 9.43 9.57 9.06 8.99 9.00 9.06 9.20 9.40 9.65 14.80 13.88 14.69 14.62 13.90 15.09 15.53 15.41 15.70 15.31 13.69 9.51 9.58 9.68 14.98 15.95 15.85 13.73 12.62 13.09 12.57 11.85 11.46 10.01 9.99 10.03 10.10 9.98 12.33 12.79 15.48 8.92 14.78 8.55 7.55 8.70 9.65 11.33 10.60 8.97 8.00 8.19 10.71 11.49 12.48 12.77 13.49 13.21 13.53 13.72 14.02 13.74 13.68 13.28 12.81 8.10 13.24
9.87 9.83 9.63 9.66 9.78 9.80 9.41 9.83 9.66 9.21 9.25 9.41 9.56 9.53 9.51 9.69 9.03 9.20 9.04 9.16 9.35 9.53 14.82 9.72 9.62 14.55 14.76 14.34 15.46 15.24 14.87 14.71 12.53 9.46 9.56 9.62 13.22 16.07 15.53 13.97 13.51 13.81 13.01 12.80 12.71 12.67 11.74 10.17 9.86 10.29 9.83 9.18 9.59 9.23 9.09 9.05 6.53 8.24 10.18 10.85 11.79 9.94 9.37 8.14 10.53 11.51 12.07 10.89 11.86 12.35 12.44 12.03 11.50 12.01 12.69 13.11 12.64 7.93 8.01 8.13
9.86 10.20 9.66 9.64 9.80 10.11 10.11 10.33 10.02 9.20 9.41 9.57 9.62 9.65 9.75 9.72 9.05 9.20 9.33 9.37 9.85 9.81 9.67 9.54 9.50 9.53 9.63 9.61 14.95 14.34 9.47 9.43 9.49 9.59 9.65 9.71 15.89 15.44 14.59 13.42 9.77 12.75 13.44 13.57 13.86 13.61 12.71 11.86 10.92 10.50 10.27 9.29 9.18 8.14 9.74 6.03 8.12 12.13 12.63 13.11 13.09 12.51 13.21 15.01 14.76 13.91 13.61 13.03 12.99 11.86 11.78 10.83 7.61 7.63 7.70 7.82 12.64 12.81 12.65 8.10
9.88 9.76 9.67 9.63 9.71 9.81 9.79 10.08 10.21 9.55 9.56 9.50 9.54 9.80 9.90 9.72 9.37 9.59 9.66 9.58 9.39 9.87 9.75 9.44 9.37 9.43 9.52 14.08 14.21 13.69 9.54 9.58 13.33 13.88 13.53 15.71 15.54 15.14 13.51 13.72 13.31 13.27 13.76 13.65 13.50 12.59 12.66 12.80 13.46 12.47 12.05 12.20 12.41 13.39 16.77 15.57 14.56 14.15 13.60 13.38 13.59 13.76 13.88 15.03 14.95 14.59 14.54 14.16 13.16 13.11 13.11 13.26 13.17 12.92 12.49 12.40 12.75 12.79 12.59 8.11
9.94 9.83 10.25 9.88 9.63 9.58 9.54 9.55 9.67 10.25 9.23 9.30 9.55 10.01 10.00 9.84 9.62 9.90 10.29 9.99 9.34 9.87 9.17 9.52 9.26 9.34 9.56 9.68 13.99 13.81 9.69 14.14 14.60 13.96 14.65 15.34 15.37 14.26 14.35 14.34 14.40 13.72 13.65 12.04 10.85 10.08 11.80 12.73 14.33 14.85 13.85 14.57 15.25 16.47 16.94 17.01 15.41 14.52 13.58 12.98 13.49 13.82 14.51 14.99 14.77 14.45 14.25 13.90 13.64 13.57 13.40 13.61 13.73 13.66 13.38 13.05 12.82 8.09 8.14 12.92
10.36 10.30 9.73 9.67 9.67 9.76 9.75 9.63 9.47 9.24 8.97 9.33 9.69 10.01 9.83 9.89 9.81 9.88 10.02 9.73 9.89 9.75 9.81 9.44 9.16 9.37 9.68 9.71 9.76 9.78 14.52 14.46 9.68 13.92 15.60 15.58 14.15 13.66 9.89 15.06 9.92 13.24 11.58 10.15 10.32 10.47 10.53 12.82 13.66 15.36 15.67 16.50 16.43 17.07 14.90 14.71 17.00 16.55 15.59 14.21 14.42 15.05 15.02 14.95 14.62 14.41 13.92 13.74 13.52 13.27 13.16 12.89 12.70 13.08 13.33 13.38 13.44 13.51 8.20 8.17
10.03 9.89 9.80 9.86 9.76 10.16 10.13 9.89 9.57 9.37 9.19 9.58 9.73 9.49 9.42 9.70 9.87 9.97 9.87 9.87 9.85 9.68 9.55 9.16 9.31 9.66 9.77 9.69 9.68 9.75 15.00 9.73 13.49 14.35 15.06 14.68 13.69 9.87 15.46 15.19 9.94 12.91 10.24 11.94 12.63 13.91 14.64 15.11 15.01 15.69 16.36 16.41 17.03 16.89 14.83 14.63 14.57 14.54 16.78 15.89 15.15 15.55 15.44 14.90 14.33 13.88 14.05 13.85 13.37 12.97 12.75 12.52 12.47 12.97 13.36 13.16 13.14 8.13 8.10 8.03
10.05 9.96 9.93 10.08 10.58 10.56 10.63 9.70 9.68 9.56 9.41 9.56 9.46 9.40 9.48 9.53 9.83 9.50 10.17 10.09 9.18 9.60 9.32 9.29 9.55 9.98 9.79 9.80 9.74 9.91 9.93 9.71 9.62 9.65 14.44 13.12 9.81 14.91 15.65 14.41 9.99 10.11 12.69 13.46 14.52 15.97 16.13 14.56 15.11 15.86 16.72 17.05 17.06 15.09 14.81 14.60 14.51 14.49 14.40 16.34 15.35 15.28 15.55 15.11 14.30 13.47 13.44 13.42 13.38 13.18 13.10 13.22 13.00 13.17 13.29 13.17 8.14 8.13 8.01 7.97
10.06 9.96 9.96 10.08 9.99 9.79 9.74 9.79 10.55 9.61 9.58 9.38 9.34 9.52 9.60 9.87 10.12 10.15 10.11 10.05 9.24 9.50 9.19 9.38 10.13 10.13 9.76 9.80 9.89 9.99 9.94 9.63 9.47 9.59 9.74 13.36 15.15 15.29 14.93 13.68 10.02 10.12 13.04 13.65 14.43 16.30 16.63 15.95 16.10 17.05 16.75 16.22 15.35 15.06 14.80 14.55 14.40 14.24 14.07 15.93 15.68 15.50 15.63 15.38 14.98 14.05 13.43 13.05 13.46 13.80 13.72 13.13 13.14 12.95 12.76 12.84 8.22 8.25 8.16 8.09
10.08 9.97 10.02 10.08 10.06 10.09 10.21 9.90 10.62 9.75 9.84 9.64 9.86 9.90 9.59 9.77 10.03 10.02 9.90 10.02 10.13 9.48 9.25 9.45 10.04 10.17 9.72 9.86 10.02 9.94 9.91 9.52 9.52 9.70 9.78 14.45 10.02 15.03 13.50 9.89 10.01 10.14 13.07 14.26 15.86 15.79 15.63 16.10 15.71 17.34 17.26 15.66 15.27 15.01 14.72 9.75 14.32 14.15 9.30 15.19 9.12 15.65 8.95 15.15 14.97 14.73 14.33 13.47 12.96 13.49 14.00 13.20 12.47 12.14 8.14 8.18 8.25 8.27 8.27 8.19
10.10 10.08 10.12 10.20 10.17 10.74 10.13 9.97 9.87 9.78 9.85 10.42 10.70 10.24 9.41 9.49 9.52 9.92 9.31 10.02 10.00 9.58 9.55 9.86 10.24 9.97 9.95 10.02 10.03 10.08 9.84 9.70 9.46 9.70 9.95 14.79 14.99 9.91 9.81 12.44 10.04 13.52 14.07 15.48 15.32 15.40 15.31 15.32 16.26 16.43 16.29 15.57 10.37 10.20 10.04 9.89 9.74 9.60 9.49 9.38 15.29 9.14 15.21 8.88 15.04 14.87 14.72 14.20 12.80 12.58 13.79 13.88 13.24 12.38 8.29 8.33 8.42 8.48 8.52 8.43
10.18 10.26 10.32 10.30 10.21 10.78 10.64 9.95 9.84 9.71 9.67 9.67 9.54 9.45 9.45 9.56 9.46 9.32 9.41 9.88 9.78 9.43 9.58 9.81 9.95 10.01 10.29 10.10 9.95 10.25 10.19 9.98 9.45 9.52 10.08 10.13 9.98 9.87 9.88 9.98 10.15 14.54 14.85 15.28 14.90 15.43 15.04 15.98 16.09 16.09 16.02 15.85 10.28 10.17 10.02 9.87 9.74 9.62 9.51 9.39 9.29 15.22 15.14 15.16 8.89 15.03 14.60 14.48 13.41 12.31 13.12 13.82 13.44 13.32 12.92 8.44 8.43 8.46 8.56 8.55
10.24 10.40 11.12 10.51 10.64 11.20 10.89 10.51 9.78 9.71 9.67 9.71 10.44 9.59 9.57 9.50 9.45 9.44 9.57 9.99 9.54 9.57 9.49 9.71 10.07 10.36 10.27 9.96 9.90 10.14 10.20 9.40 9.45 9.83 10.17 10.11 9.80 9.85 9.94 10.09 14.59 15.03 14.65 14.55 14.44 14.77 14.90 16.10 16.10 15.93 15.80 15.74 15.29 10.05 9.95 9.82 9.71 9.61 9.51 9.39 9.29 14.93 15.15 15.04 15.01 15.03 14.82 14.58 14.26 12.49 12.31 13.10 13.15 12.83 8.53 8.52 8.50 8.47 8.54 8.59
10.36 10.44 10.43 10.25 10.74 10.74 10.59 9.70 9.81 9.83 10.65 9.78 9.78 9.74 9.78 9.80 9.54 9.52 9.65 9.63 9.62 9.86 9.92 10.17 10.48 10.39 10.04 9.66 9.77 9.51 10.19 9.51 9.59 9.63 10.27 10.06 9.87 10.04 10.13 14.02 10.37 14.77 13.90 14.09 14.05 14.93 15.81 16.14 15.97 15.86 15.73 15.55 10.17 10.07 9.97 9.87 9.77 9.64 9.50 9.40 9.32 9.27 15.01 14.91 14.78 14.80 8.94 14.77 14.74 13.60 12.10 11.37 8.62 8.66 8.65 8.65 8.63 8.55 8.63 8.71
10.57 10.75 11.23 10.19 10.67 9.92 10.45 9.90 9.88 10.00 9.87 9.77 9.77 10.56 10.60 9.93 9.61 9.57 9.74 10.30 9.62 9.95 10.04 10.17 10.54 10.35 9.79 9.61 9.96 9.61 9.57 10.17 10.23 10.29 10.26 10.06 10.01 10.16 10.30 10.33 10.33 14.44 14.20 14.43 14.41 10.53 10.56 15.89 15.80 15.38 15.58 15.59 10.29 10.15 10.01 9.90 9.79 9.67 14.99 9.49 9.43 9.39 14.97 14.85 9.22 9.17 9.08 14.58 14.47 14.04 13.29 12.93 12.91 8.99 8.89 8.76 8.66 8.60 8.71 8.81
10.57 10.45 10.60 10.88 10.10 10.01 9.88 9.86 10.07 10.09 9.87 9.73 9.82 9.88 9.91 9.82 9.48 9.59 9.84 9.75 9.67 9.71 10.05 10.15 10.45 10.47 9.67 9.62 10.10 9.69 9.60 10.40 10.30 10.22 10.05 9.97 9.96 10.07 10.19 10.25 10.27 13.94 14.03 14.39 10.50 15.50 10.54 15.53 15.31 15.47 15.71 10.52 10.36 10.20 10.05 9.92 9.81 9.71 9.63 9.51 9.37 9.25 9.30 9.23 9.19 9.12 9.14 8.83 14.09 13.74 13.56 13.85 9.29 9.29 9.19 9.00 8.85 8.77 8.84 8.85
10.50 10.32 10.13 10.40 10.87 10.02 9.97 10.01 10.18 11.07 9.99 9.83 9.91 9.97 10.66 9.91 9.64 9.77 9.97 9.81 9.78 10.06 10.11 9.70 10.18 10.22 9.80 9.92 10.68 10.51 9.64 9.56 10.25 10.06 9.75 9.80 9.96 10.05 10.09 10.17 10.29 10.29 13.57 10.44 10.52 10.52 10.57 15.32 15.35 15.51 10.62 10.46 10.33 10.22 10.10 9.96 9.83 9.68 9.54 9.40 9.27 14.25 13.91 13.73 13.81 9.26 9.27 9.21 12.32 11.43 12.92 9.36 9.42 9.46 9.44 9.25 9.02 8.85 8.87 8.91
10.47 10.38 10.22 10.17 10.35 9.83 10.19 10.20 10.22 10.63 10.14 9.92 9.89 9.93 10.01 10.08 10.00 9.95 9.98 9.88 9.92 9.89 10.10 9.92 9.93 10.29 10.33 10.44 10.69 10.51 9.66 9.56 10.17 9.85 9.60 9.85 10.00 10.02 10.15 10.35 10.36 10.33 10.39 10.44 10.42 10.53 10.66 10.70 10.67 10.61 10.49 10.32 10.12 10.00 9.89 9.80 9.71 9.59 13.88 9.46 10.98 9.36 9.32 10.44 9.23 9.17 13.51 9.09 9.31 11.70 9.56 9.59 9.48 9.48 9.52 9.45 9.22 8.98 8.94 8.86
10.49 10.44 10.29 10.33 10.73 10.99 11.01 11.30 11.12 10.75 10.83 9.88 9.84 9.96 10.10 11.07 10.08 9.78 9.84 9.96 9.97 9.92 10.04 10.02 10.01 10.67 10.72 10.76 10.64 9.74 9.60 9.49 10.13 9.80 9.65 9.80 9.95 10.17 10.30 10.33 10.23 10.25 10.31 10.30 10.36 10.58 10.66 10.65 10.60 10.52 10.39 10.22 9.89 9.78 9.71 9.75 9.69 9.66 9.65 9.63 9.60 9.54 9.48 9.44 9.40 11.98 12.61 9.60 9.66 14.15 9.60 9.60 9.48 9.43 9.54 9.58 9.44 9.13 8.98 8.85
10.57 10.50 10.38 10.39 10.34 10.17 10.13 10.17 10.16 9.95 9.84 10.79 9.88 10.03 10.15 10.16 9.90 9.65 9.82 9.96 9.94 9.98 10.09 10.63 10.64 10.79 10.77 10.87 9.93 9.71 9.49 10.14 9.87 9.58 9.68 9.96 10.27 10.37 10.27 10.20 10.14 10.19 10.23 10.19 12.66 10.58 10.63 10.59 10.47 10.47 12.88 10.14 10.15 10.10 10.05 9.98 9.92 9.91 9.89 9.81 9.74 9.70 9.65 9.60 9.53 11.24 12.70 9.51 9.29 9.19 9.26 9.46 9.48 9.41 9.62 9.65 9.59 9.19 8.91 8.86
10.66 10.54 10.41 10.33 10.21 10.08 9.98 9.89 9.79 9.72 9.82 9.97 9.98 9.99 10.03 9.95 9.80 9.70 9.83 10.01 10.03 10.07 10.15 10.15 10.78 10.79 10.85 11.09 9.97 9.73 9.59 9.60 9.67 9.75 9.86 9.92 10.24 10.17 10.11 10.14 10.19 10.21 10.20 10.28 10.42 10.53 10.59 12.13 10.48 10.53 11.04 10.48 10.44 10.45 10.37 10.27 10.16 10.07 9.98 9.92 9.90 9.91 9.85 9.79 9.65 10.82 11.59 11.26 9.07 8.89 8.92 9.14 9.39 9.45 9.58 9.71 9.73 9.50 9.17 8.99
10.71 10.55 10.41 10.34 10.26 10.18 10.09 9.99 9.90 9.88 9.93 10.04 10.04 9.91 9.89 9.90 9.89 9.80 9.91 10.16 10.17 10.15 10.19 10.15 10.12 10.13 10.11 10.93 9.84 9.74 9.69 9.74 9.82 9.88 9.81 9.93 10.11 10.12 10.17 10.15 10.19 10.27 10.37 10.48 10.58 10.70 10.87 10.74 10.67 10.72 10.75 11.37 10.80 10.54 10.52 10.50 10.41 10.28 10.15 10.08 10.09 10.11 10.09 10.76 10.98 10.99 10.75 9.67 9.66 9.54 9.42 9.44 9.50 9.58 9.58 9.67 9.76 9.64 9.48 8.97
10.78 10.57 10.38 10.29 10.22 10.16 10.10 10.07 10.03 9.99 9.96 9.96 9.91 9.84 9.90 9.98 9.95 9.91 10.09 10.28 10.23 10.17 10.19 10.16 10.14 10.14 10.07 9.94 9.79 9.70 9.71 9.80 9.84 9.90 10.03 10.41 10.29 10.13 10.20 10.26 10.34 10.49 10.65 10.75 10.84 11.04 11.03 10.84 11.91 11.81 11.93 11.92 11.65 10.64 10.73 10.72 10.71 10.71 10.72 10.69 8.50 10.96 13.02 13.34 12.84 12.78 12.89 10.02 9.87 9.71 9.55 9.46 9.45 9.49 9.45 9.49 9.68 9.58 9.02 9.02
10.69 10.71 10.36 10.25 10.16 10.08 10.02 9.97 9.94 9.93 9.90 9.87 9.84 9.84 9.92 9.98 9.98 10.01 10.16 10.25 10.20 10.18 10.18 10.12 10.10 10.12 10.04 9.92 9.81 9.78 9.81 9.83 9.78 9.75 9.52 9.84 10.05 9.83 10.27 10.48 10.57 10.62 10.88 10.89 11.00 11.07 11.08 11.01 11.16 11.29 11.22 11.02 10.88 11.92 11.49 10.71 9.95 10.99 11.09 11.61 13.05 12.83 13.59 14.09 14.00 10.30 10.29 10.20 10.15 10.05 9.83 9.66 9.53 9.48 9.46 9.37 9.19 9.14 9.10 9.08
10.67 10.72 10.35 10.16 10.04 9.98 9.94 9.92 9.90 9.87 9.84 9.82 9.84 9.87 9.92 9.96 10.00 10.04 10.08 10.11 10.11 10.14 10.13 10.08 10.11 10.09 9.97 9.87 9.87 9.91 9.86 9.70 9.56 9.60 9.91 10.29 10.52 10.59 10.13 10.58 10.56 10.92 10.83 10.80 10.99 11.07 11.08 11.08 11.14 11.14 11.04 10.95 10.96 10.98 12.53 12.61 12.55 14.24 11.01 10.89 14.73 13.82 13.21 13.41 13.42 10.28 10.32 10.24 10.11 10.06 10.00 10.00 10.06 10.01 9.86 9.65 9.51 9.35 9.30 9.23
11.10 10.80 10.49 10.06 9.84 9.64 9.52 9.59 9.72 9.81 9.80 9.77 9.79 9.84 9.89 9.93 9.95 9.98 9.99 10.03 10.08 10.10 10.09 10.05 10.07 10.03 9.95 9.93 9.93 9.87 9.72 9.55 9.63 10.19 10.12 10.33 10.97 10.88 10.74 11.14 10.88 10.82 10.72 10.86 11.04 11.06 11.11 11.14 11.16 11.16 11.11 11.01 10.98 12.96 13.81 11.12 11.11 11.02 10.86 10.72 10.68 14.21 13.77 13.43 12.80 12.71 10.33 10.39 10.24 10.07 9.95 9.85 9.92 10.03 9.97 9.91 9.89 9.46 9.42 9.36
11.47 10.97 10.51 9.97 9.56 9.28 9.35 9.67 9.86 9.82 9.72 9.70 9.73 9.78 9.84 9.88 9.90 9.94 9.97 10.04 10.16 10.16 10.08 9.99 9.96 9.95 9.95 9.96 9.94 9.84 9.69 9.71 9.76 10.40 11.12 11.48 11.68 10.77 10.64 10.53 10.82 10.73 10.75 10.97 11.10 11.14 11.18 11.19 11.24 11.34 11.30 11.04 10.01 12.54 11.13 11.10 10.99 10.85 10.74 10.69 10.68 10.71 10.70 10.63 13.00 12.21 10.28 10.39 10.42 10.32 10.11 9.88 9.68 9.69 9.81 9.52 9.50 9.47 9.46 9.44
11.26 11.08 10.42 9.79 9.49 9.62 9.44 10.00 10.16 9.79 9.65 9.62 9.64 9.71 9.76 9.80 9.83 9.87 9.90 9.97 10.06 10.04 9.96 9.88 9.89 9.92 9.93 9.94 9.93 9.90 9.95 10.32 10.52 11.43 10.96 10.81 11.56 10.72 10.58 10.51 10.54 10.73 10.88 11.08 10.87 10.93 11.00 11.21 11.24 11.32 11.23 11.16 11.31 11.21 11.04 10.97 10.89 10.81 10.78 10.75 10.71 10.71 10.71 10.69 10.65 10.59 10.53 10.49 10.45 10.43 10.26 10.17 10.12 9.90 9.71 9.61 9.54 9.50 9.47 9.49
10.34 10.08 10.31 9.64 9.49 9.86 10.19 10.89 9.80 9.62 9.53 9.51 9.55 9.62 9.67 9.71 9.75 9.78 9.82 9.84 9.82 9.81 9.78 9.77 9.85 9.89 9.91 9.94 9.97 10.07 10.39 10.67 11.21 11.00 10.77 10.75 10.76 10.64 10.48 10.46 10.57 10.79 10.98 10.90 10.94 10.99 11.18 11.21 11.26 11.23 11.29 11.59 11.55 11.63 11.30 11.08 10.93 10.82 10.74 10.68 10.64 10.74 10.72 10.73 10.73 10.70 10.65 10.58 10.52 10.14 10.46 10.35 9.95 9.91 10.07 9.74 9.63 9.53 9.45 9.43
9.99 9.78 10.16 9.28 9.29 9.58 9.68 9.44 9.28 9.27 9.31 9.38 9.46 9.52 9.57 9.61 9.64 9.67 9.69 9.69 9.68 9.67 9.65 9.69 9.78 9.83 9.87 9.93 10.01 10.20 10.46 10.62 10.61 10.57 10.43 10.41 10.36 10.28 10.36 10.57 10.78 10.89 11.05 11.03 11.09 11.17 11.30 11.34 11.40 11.53 11.77 11.90 11.81 11.64 11.41 11.18 10.97 10.83 10.74 10.70 10.67 10.64 10.74 10.72 10.66 10.60 10.58 10.55 10.25 10.12 10.01 9.94 9.88 9.83 9.80 9.75 9.69 9.64 9.55 9.48
9.79 9.55 9.42 9.00 9.12 9.37 9.36 9.12 8.94 9.03 9.22 9.30 9.38 9.44 9.48 9.52 9.55 9.57 9.59 9.60 9.62 9.63 9.62 9.66 9.74 9.80 9.87 9.94 10.04 10.17 10.29 10.33 10.31 10.28 10.18 10.14 10.08 10.12 10.39 10.75 11.05 11.01 11.07 11.00 11.22 11.33 11.48 11.57 11.75 11.99 12.07 11.86 11.55 11.39 11.27 11.15 11.00 10.89 10.82 10.77 10.77 10.69 10.66 10.63 10.61 10.57 10.50 10.42 10.27 10.05 9.89 9.83 9.78 9.74 9.73 9.73 9.72 9.70 9.67 9.61
