examples/cougarCreek-fire/createInputs/WindNinja/wrfout_d3.2015081200.f18/cougarCreekFire_08-12-2015_1800_217m_non_neutral_stability_vel.asc
ncols	146
nrows	140
xllcorner	610065.000000
yllcorner	5095217.000000
cellsize	216.586807
NODATA_value	-9999.000000
[rows 35 to 69 of 140, columns 0 to 79 of 146]
6.98 7.45 8.16 8.34 8.50 8.27 8.22 8.27 12.05 11.93 12.32 12.54 13.37 12.31 10.09 8.30 7.04 5.53 4.25 3.18 3.45 4.26 4.03 4.26 5.76 7.79 2.90 5.43 8.58 19.65 23.35 24.62 22.34 20.50 21.73 23.67 26.03 28.00 28.81 28.94 25.76 25.16 25.30 21.22 21.82 21.55 28.79 26.63 23.64 19.56 20.54 21.83 25.25 28.13 28.72 29.67 30.96 29.84 29.52 29.36 27.98 29.26 28.49 27.70 27.26 23.63 22.86 19.45 19.37 20.03 20.67 23.25 23.27 22.99 22.35 21.82 17.51 17.39 17.29 16.90
6.78 7.26 7.89 8.72 8.57 10.13 10.42 8.05 12.49 12.84 12.91 12.56 11.49 12.59 11.98 10.19 8.45 7.31 6.93 7.36 7.99 6.93 6.43 7.82 9.32 9.48 7.49 4.13 1.77 21.47 22.28 22.80 24.61 21.39 21.23 24.47 25.74 28.09 29.94 29.93 28.82 27.63 20.56 20.89 21.67 21.88 21.20 20.05 26.07 23.87 20.80 21.26 23.50 25.22 26.01 26.62 28.10 27.14 26.95 27.19 27.60 27.84 28.06 27.72 28.32 27.11 23.05 22.55 22.68 26.57 24.12 24.22 23.23 22.27 18.25 17.88 17.60 17.53 17.37 16.97
6.62 7.06 7.65 8.51 8.61 8.52 8.25 12.85 8.02 13.43 13.24 12.40 11.48 12.66 12.74 11.88 10.71 11.17 11.98 11.61 10.19 8.41 8.33 9.32 9.63 9.43 7.17 8.18 14.01 21.09 21.66 21.97 20.99 22.58 23.17 24.91 27.87 28.43 30.73 30.35 29.30 28.00 24.86 21.05 21.28 22.22 22.58 20.91 26.80 25.49 24.76 21.98 23.22 22.88 24.40 25.48 24.89 23.99 23.30 23.05 23.10 22.70 22.40 22.34 22.38 22.23 21.52 20.71 20.06 20.00 21.41 25.32 26.29 19.20 18.82 18.15 17.79 17.67 17.41 17.03
6.61 7.01 7.55 8.39 8.58 8.55 13.60 8.25 13.53 13.45 13.19 12.92 13.69 13.08 12.73 11.78 11.58 12.19 11.76 10.32 9.67 9.54 8.52 8.65 9.93 9.40 6.56 8.32 14.07 10.24 22.14 22.99 22.72 20.17 19.11 19.65 19.98 23.57 26.74 29.49 31.27 31.50 28.42 25.45 21.75 22.12 22.81 21.46 19.42 19.37 26.76 26.45 23.18 21.79 23.16 23.76 23.86 23.04 22.23 22.33 22.68 22.19 22.03 22.16 22.17 22.03 20.95 19.75 19.53 19.82 20.39 20.57 20.19 20.46 22.19 22.43 18.46 18.01 17.60 17.11
6.62 7.04 7.53 8.42 8.55 8.63 14.88 8.40 13.24 13.23 12.82 13.15 12.19 13.13 12.24 11.41 11.65 12.38 11.92 11.03 11.56 10.64 7.39 7.71 10.51 8.50 5.76 8.12 11.33 12.38 20.96 23.20 19.83 21.54 21.88 21.36 22.27 20.41 21.64 23.04 24.89 28.23 27.23 28.93 30.40 29.47 29.85 30.86 28.84 20.74 19.82 28.49 27.95 28.71 24.49 22.96 25.18 23.78 21.79 22.27 21.63 21.51 21.95 22.78 22.70 21.10 19.90 19.10 19.41 19.84 19.87 19.48 19.40 19.55 19.26 18.62 19.08 18.62 18.08 17.43
6.55 6.92 7.46 8.56 8.70 8.61 14.00 8.47 8.29 13.13 12.72 12.44 12.00 12.82 12.54 11.85 12.49 13.54 12.85 11.11 10.30 8.54 6.93 10.04 10.53 8.14 6.49 7.95 8.64 5.45 21.29 22.64 21.62 20.84 22.49 25.18 27.26 27.82 27.02 21.31 23.45 23.26 22.75 23.45 26.33 25.57 26.06 26.48 26.03 26.68 26.27 26.95 23.61 22.15 22.14 22.85 23.27 21.70 21.86 22.67 24.17 20.45 21.77 22.16 21.52 20.93 20.17 19.58 19.68 20.02 19.73 19.16 19.20 19.35 18.82 18.34 18.60 18.58 16.95 19.02
6.49 6.83 7.32 8.59 8.73 13.51 8.74 8.53 8.34 12.81 12.52 12.71 12.45 13.68 13.99 13.08 14.14 13.48 11.96 8.86 7.51 6.98 8.73 11.49 10.09 7.43 6.63 7.55 8.45 9.50 21.33 22.09 21.76 21.11 19.56 20.65 25.60 27.20 28.05 30.45 22.87 30.51 30.81 30.03 28.20 22.16 22.61 22.17 20.85 21.22 21.43 20.83 21.75 23.39 24.25 24.56 24.70 23.89 23.70 24.99 21.18 20.50 21.78 21.94 21.50 21.00 20.54 20.25 20.14 20.21 19.81 19.17 19.09 19.11 18.80 18.19 17.87 17.66 17.12 17.59
6.45 6.71 7.10 7.52 8.75 7.77 8.60 7.91 8.37 8.20 8.18 12.89 13.18 14.91 15.25 14.91 14.29 11.79 9.04 7.38 7.19 8.78 11.78 14.01 9.62 6.07 6.70 9.01 9.75 11.24 18.47 22.19 21.76 18.52 19.38 21.66 24.26 25.71 27.50 28.95 31.54 30.88 31.11 30.73 30.18 31.09 29.13 22.18 20.32 19.73 21.44 19.51 20.38 22.22 22.51 22.33 22.19 21.65 22.16 22.83 21.63 20.93 21.68 22.05 21.91 21.51 20.93 20.66 20.35 20.14 19.98 19.22 18.76 18.91 19.05 18.36 17.37 16.89 15.90 15.69
6.58 6.71 6.92 7.34 8.57 14.10 8.50 8.53 8.40 8.27 12.80 15.07 16.72 16.52 15.71 15.03 13.54 11.32 9.53 8.47 9.13 12.22 14.18 11.24 8.55 6.40 9.02 10.22 9.73 10.86 17.58 20.59 21.97 23.16 21.03 22.87 23.18 24.76 27.13 28.79 29.58 30.79 32.43 30.56 23.56 24.13 23.46 21.31 25.02 20.58 19.97 19.66 20.33 21.86 21.89 21.76 21.79 21.52 25.89 22.63 21.62 20.78 21.38 22.17 22.46 22.20 21.11 20.55 20.30 20.03 20.00 19.09 18.37 18.73 19.31 18.41 17.01 16.56 15.29 14.20
6.68 6.85 7.00 7.26 7.70 8.99 8.60 8.61 8.54 13.38 15.87 16.05 15.81 15.95 15.61 15.17 14.52 13.48 10.53 10.41 11.92 12.05 11.83 11.45 8.86 8.27 10.38 10.22 9.13 11.02 17.42 19.19 20.48 22.49 21.91 24.61 23.30 23.73 26.34 29.06 27.04 27.34 23.58 24.13 24.53 24.80 28.65 25.37 18.23 18.49 19.86 20.09 20.67 21.38 21.36 20.89 20.95 21.62 22.59 22.53 21.07 20.60 21.62 22.23 22.89 23.09 21.80 21.10 21.59 21.59 21.42 20.68 19.93 20.10 20.78 18.49 17.42 16.83 15.15 13.62
6.53 6.75 7.01 7.27 8.72 8.89 8.97 8.93 8.86 15.71 14.87 15.56 15.43 14.46 15.14 15.43 13.94 12.67 9.58 9.56 11.25 12.37 12.13 11.77 10.27 9.86 10.68 9.98 8.65 12.01 17.44 18.04 19.03 21.02 22.23 23.97 24.91 25.15 27.46 29.84 29.43 23.61 24.24 25.21 25.26 28.77 29.65 18.45 15.47 18.07 20.01 23.64 21.32 20.93 20.65 19.44 19.48 21.94 23.49 22.68 20.66 20.53 22.42 23.50 24.67 27.62 26.88 25.88 26.20 26.93 26.42 23.06 23.03 23.28 23.22 22.43 21.72 21.09 15.73 13.58
6.51 6.73 13.51 7.15 8.77 8.96 14.50 14.73 15.92 14.28 15.25 15.67 13.88 14.92 15.76 15.14 14.73 9.52 8.92 8.91 10.31 12.51 15.00 15.04 10.93 10.25 9.80 8.75 8.74 12.44 17.26 17.47 18.39 19.85 23.74 24.26 24.20 24.83 28.12 29.59 24.81 24.68 26.08 30.04 32.36 31.38 28.04 17.82 17.05 17.31 19.81 22.77 23.09 20.70 19.34 18.09 18.40 21.87 24.11 24.26 22.77 22.15 24.36 27.56 28.50 29.50 27.32 25.79 27.07 26.91 25.56 26.10 25.77 23.88 23.54 22.63 24.46 23.05 17.22 14.13
6.45 11.56 8.27 7.05 7.35 9.24 13.14 14.92 15.28 14.89 15.84 14.56 13.37 14.36 14.21 11.75 6.73 7.77 9.17 9.90 12.67 15.41 15.18 15.27 11.70 10.14 9.15 8.29 9.49 12.67 15.49 17.22 17.98 19.47 23.73 24.55 24.10 24.80 26.67 28.83 29.59 31.56 31.60 34.40 31.79 28.60 23.26 18.08 15.47 16.34 19.67 25.04 25.82 21.51 19.65 19.29 19.23 21.70 26.58 29.78 28.52 27.82 29.00 29.77 30.34 30.22 28.73 27.21 26.19 25.60 25.67 26.05 26.09 24.19 23.73 22.42 21.96 22.67 22.80 15.63
6.30 13.20 12.87 13.09 14.23 13.85 13.98 15.18 14.48 15.62 14.30 9.55 13.01 12.41 8.06 7.60 9.26 8.82 10.57 11.76 12.51 14.44 14.17 13.09 10.64 10.10 7.65 8.53 8.92 10.24 13.34 15.20 15.77 19.03 23.24 24.34 22.91 22.67 25.61 24.95 29.34 28.64 26.84 32.75 30.95 29.43 23.89 25.41 15.51 15.87 19.81 25.00 29.55 27.88 25.62 26.09 26.55 29.35 26.22 25.90 27.02 28.63 28.35 26.89 27.41 27.63 26.84 25.92 25.47 26.37 26.15 25.99 25.96 26.53 24.08 22.30 23.60 21.40 23.09 17.24
12.52 8.63 13.56 12.31 9.20 14.14 13.94 9.58 9.68 14.52 14.17 9.50 8.97 8.50 11.66 13.77 14.31 14.42 13.42 12.80 12.35 15.64 14.57 11.35 11.06 10.35 8.87 9.19 8.44 8.02 12.96 13.41 12.45 18.75 23.38 24.17 22.25 23.27 25.19 27.51 27.84 29.23 26.94 27.03 31.80 25.97 31.03 22.57 18.36 18.14 22.02 26.26 24.71 32.07 35.16 34.20 31.19 28.84 27.19 25.07 21.49 21.27 22.39 27.46 30.65 29.10 28.32 27.77 26.70 26.20 26.32 26.14 26.10 24.37 24.18 22.37 21.74 22.09 22.60 22.22
7.50 11.58 11.77 9.14 9.96 7.55 7.74 9.47 9.73 9.80 9.32 9.10 8.79 12.22 15.30 15.28 14.91 13.92 13.12 12.62 12.26 15.72 15.54 15.44 13.36 11.12 7.88 8.84 7.40 9.58 14.51 12.70 13.00 18.94 22.13 24.14 22.54 22.99 24.95 25.40 30.90 30.43 28.65 24.10 23.78 26.07 26.83 24.50 21.13 18.57 22.56 22.90 21.74 24.12 28.08 33.46 26.05 23.51 27.37 26.42 21.72 19.98 20.22 22.03 29.17 29.81 28.38 28.06 26.75 26.00 26.17 26.07 23.84 24.38 23.89 22.55 21.47 20.79 21.89 22.50
7.76 8.20 8.85 9.62 7.38 7.65 9.59 9.81 9.80 9.59 9.18 9.20 9.16 14.41 14.88 14.36 14.29 13.85 13.42 12.86 11.55 11.27 15.52 14.46 14.94 10.47 8.93 6.57 7.08 10.99 14.27 12.16 15.16 19.11 22.29 22.90 20.59 22.56 24.18 25.24 29.75 32.73 30.73 26.20 20.58 21.79 19.80 17.90 18.98 19.39 20.13 20.41 22.30 21.62 27.65 37.97 27.82 23.86 22.78 27.35 25.93 20.86 18.75 20.11 23.17 24.30 26.28 28.57 27.01 22.01 21.34 26.54 23.45 23.19 21.48 20.64 20.33 20.06 17.90 21.61
12.08 8.52 13.17 7.11 7.45 9.63 9.86 10.06 13.90 9.70 9.63 15.37 15.91 15.14 14.49 13.78 13.55 13.37 13.21 12.73 11.87 11.54 11.09 7.45 13.11 7.15 7.47 7.04 8.58 13.64 15.46 13.28 15.86 19.11 21.92 21.67 21.19 23.84 24.02 26.98 31.48 33.77 31.34 27.51 25.71 20.74 18.75 16.82 16.98 17.58 17.75 19.11 20.58 20.51 26.47 27.56 35.28 24.22 29.63 27.99 27.29 25.28 19.73 20.07 21.90 22.15 21.43 22.73 22.10 19.73 18.58 19.75 20.98 19.59 18.82 18.47 18.16 17.91 17.77 17.27
7.67 12.02 6.81 7.14 9.87 10.56 14.10 14.59 14.40 13.74 15.94 15.17 10.30 9.99 9.57 9.11 8.67 12.81 12.76 12.36 15.07 11.75 11.96 15.19 11.04 7.77 7.56 9.88 12.44 16.11 17.41 14.13 14.55 18.71 21.96 21.12 21.44 22.46 25.37 28.43 32.11 33.79 31.56 28.41 26.30 20.68 19.63 17.31 16.72 16.54 16.62 17.38 18.84 18.02 23.05 30.18 35.41 28.89 23.18 23.70 23.31 20.76 18.86 20.24 20.92 20.49 21.23 21.97 20.60 18.86 18.55 19.23 19.45 19.41 19.14 18.64 24.53 22.92 17.48 16.90
7.37 12.30 9.50 10.17 14.32 14.66 14.28 14.21 14.42 14.74 15.12 10.75 10.64 10.35 14.60 13.62 9.05 13.08 12.90 12.09 8.10 8.09 13.68 15.96 10.63 9.34 11.78 13.22 12.35 15.90 17.15 12.71 13.00 18.53 15.39 20.76 20.07 23.72 25.40 28.29 30.26 33.69 33.27 29.79 22.01 20.91 20.10 17.74 17.13 16.71 16.61 16.73 17.54 19.13 22.44 29.07 29.93 25.07 22.75 23.14 22.70 19.77 19.78 20.78 20.52 19.94 20.52 21.14 20.25 19.68 19.54 18.69 18.14 18.63 18.99 18.70 18.41 18.01 17.35 16.94
7.39 9.46 9.59 13.60 9.94 10.96 10.68 14.24 15.27 15.30 11.14 11.27 11.05 10.85 14.45 13.76 9.31 13.16 8.53 8.39 13.38 16.19 15.99 13.37 12.84 12.38 13.30 12.20 11.06 15.87 18.09 12.74 13.57 17.93 22.53 12.38 17.97 18.29 22.66 26.96 29.25 31.95 34.23 31.86 23.57 21.72 18.83 17.96 17.00 16.56 16.66 16.88 17.53 19.37 22.86 26.16 26.46 23.53 22.24 22.20 21.42 20.55 20.64 20.81 20.91 20.38 19.47 19.58 19.68 19.90 20.17 18.89 17.50 17.57 18.26 18.48 18.36 17.90 17.38 17.14
8.58 5.69 9.53 10.31 7.37 10.67 9.95 14.46 10.71 10.76 10.91 11.44 11.06 10.77 14.02 9.99 9.34 8.80 7.54 16.22 15.68 16.18 16.01 12.63 11.54 12.84 11.30 9.36 11.31 16.45 17.54 13.72 13.40 17.92 20.90 22.00 17.36 19.11 22.27 23.00 25.52 27.49 31.64 34.23 30.75 23.84 21.83 19.29 17.06 15.97 16.19 16.89 18.02 19.61 22.40 23.39 23.10 22.98 22.06 21.32 20.82 20.68 20.82 20.72 21.29 21.15 19.26 18.72 19.31 19.62 19.81 19.28 17.87 17.15 17.84 18.33 18.06 17.63 17.45 17.17
5.56 5.75 9.84 6.40 7.01 7.40 10.24 10.44 7.92 7.99 8.12 11.35 8.51 8.31 10.08 9.67 9.10 12.08 14.59 15.65 15.63 15.94 15.28 8.30 11.47 12.73 10.07 9.68 14.26 17.75 16.24 11.76 10.76 14.68 21.62 20.09 17.81 20.85 23.24 22.28 24.73 26.62 30.10 30.82 33.03 25.37 23.78 22.91 18.78 16.14 15.64 16.04 17.83 19.93 21.58 21.33 21.43 22.54 21.90 20.89 20.53 20.11 20.21 20.55 20.90 20.90 19.77 18.94 19.21 19.41 19.17 19.19 18.48 17.55 17.93 18.18 17.76 17.48 17.41 21.37
5.84 6.09 6.29 6.52 6.91 9.07 11.00 7.92 8.04 8.13 11.05 11.22 8.21 7.90 12.02 8.77 7.60 7.77 7.77 9.80 15.76 15.92 7.65 8.04 11.81 11.14 8.45 10.64 16.78 16.38 12.84 11.40 11.41 14.29 23.54 19.88 19.82 20.99 24.00 21.59 26.42 28.90 29.21 28.24 29.84 31.12 29.29 24.99 23.55 20.01 16.71 15.50 19.52 19.60 20.71 20.28 20.67 21.71 21.41 20.83 20.48 19.65 19.83 20.36 20.26 20.11 19.45 18.83 19.01 19.06 18.66 18.90 18.48 17.90 18.18 17.90 19.29 20.55 21.08 21.54
5.95 6.31 6.68 6.93 7.17 10.98 7.75 7.96 8.15 11.56 11.14 8.35 10.68 7.69 7.52 7.61 7.58 8.38 8.21 8.02 16.01 9.71 8.38 9.41 13.09 8.43 8.87 12.98 16.60 14.30 10.90 12.38 14.44 16.15 20.08 20.84 20.42 20.56 20.36 19.93 22.58 26.89 28.43 26.65 25.74 27.90 27.46 24.52 29.71 23.67 21.72 17.04 16.54 18.92 20.25 20.12 20.64 21.28 20.61 20.17 19.94 19.47 19.91 20.12 19.95 19.89 22.41 18.51 18.71 18.25 18.00 18.85 18.26 17.76 19.36 24.13 24.82 24.65 21.29 20.56
6.02 6.42 6.81 7.05 10.73 7.35 7.57 7.83 11.55 10.62 8.25 8.23 7.96 7.91 8.14 7.82 8.79 9.97 8.39 8.32 14.08 14.08 13.52 14.44 9.08 8.62 10.73 13.82 13.24 11.09 12.03 14.87 15.99 16.88 18.95 20.33 22.16 19.65 20.13 20.32 21.23 23.51 25.29 28.08 25.31 24.79 24.80 25.94 26.50 23.43 21.62 27.31 19.66 18.68 20.08 20.65 21.31 21.86 20.45 19.51 19.54 19.60 20.01 22.05 22.94 19.45 18.96 18.84 18.75 17.80 17.65 18.75 20.18 20.26 25.46 24.98 21.77 24.17 24.04 23.48
6.04 6.35 6.62 6.86 7.07 7.28 7.50 7.78 8.01 8.05 8.16 8.50 8.67 7.90 8.09 8.33 14.74 10.18 10.14 10.84 10.84 16.69 15.78 9.64 8.96 9.01 9.30 11.70 11.14 12.37 15.33 16.87 15.96 17.52 19.10 19.95 19.75 19.56 19.61 20.29 20.58 22.85 24.15 27.76 28.24 26.69 26.53 26.08 25.81 22.84 20.85 19.27 18.45 18.34 19.39 20.76 22.11 23.65 23.06 21.69 21.58 21.65 22.07 22.16 19.05 18.46 18.52 19.13 18.98 18.13 19.15 21.75 25.81 25.31 22.05 24.77 24.74 24.07 21.13 20.42
6.14 6.34 6.46 6.63 6.89 7.19 7.34 7.31 7.37 7.65 8.29 8.25 8.27 8.81 10.46 15.98 10.46 10.56 8.84 11.46 11.26 16.83 17.30 13.86 9.77 9.54 11.29 11.24 11.63 13.98 17.06 16.48 14.06 18.03 19.77 19.14 19.73 19.31 19.13 19.31 20.41 22.10 22.82 23.45 27.37 26.65 26.90 25.16 24.85 22.38 20.21 19.07 18.03 20.37 18.37 20.17 20.00 21.89 26.94 28.56 22.69 22.54 22.87 22.09 21.03 19.30 18.03 19.23 20.32 21.74 25.84 25.69 25.29 21.77 24.83 24.74 24.18 23.80 23.56 20.48
6.32 6.46 6.50 6.50 6.55 6.67 6.78 6.87 7.30 7.35 8.09 8.80 8.74 9.17 12.46 15.53 10.80 9.01 11.45 16.65 17.54 17.35 17.10 16.35 10.48 10.26 11.64 11.35 12.60 14.67 16.56 14.47 14.28 19.71 19.83 18.94 18.81 19.36 18.81 18.86 19.98 21.88 22.03 21.90 23.86 24.12 23.59 25.15 25.69 22.03 19.96 18.86 17.53 20.76 17.47 19.48 17.18 21.19 24.47 24.55 20.10 21.02 28.89 27.65 25.34 20.54 19.86 24.07 23.30 27.78 26.70 25.67 25.44 25.51 25.35 24.54 23.87 20.34 23.32 22.77
6.64 6.82 6.90 6.87 6.74 6.71 6.98 7.74 7.63 8.31 9.88 10.36 8.67 7.92 16.75 11.68 11.23 11.37 11.97 16.66 11.77 11.90 17.08 16.31 13.60 13.36 11.78 11.80 14.29 15.39 15.83 17.16 17.40 18.62 19.18 18.67 17.33 18.57 18.27 17.50 19.51 21.44 25.36 22.44 22.81 23.69 22.81 20.56 20.52 25.39 21.66 18.70 17.18 16.41 16.80 18.52 20.23 20.31 20.39 23.44 19.52 19.23 20.85 24.15 25.13 25.25 23.48 22.13 18.66 22.78 25.26 20.77 22.79 23.02 21.46 24.58 20.76 20.76 23.69 23.07
6.89 7.10 7.24 7.38 7.54 7.86 8.44 7.81 8.29 11.29 12.81 13.05 14.82 16.97 12.07 11.82 11.50 11.81 11.85 16.40 9.15 11.57 16.88 17.09 14.18 11.05 10.13 11.52 13.53 14.27 15.75 19.00 18.83 18.49 18.75 17.33 17.12 17.74 17.39 16.56 18.72 21.49 24.69 21.72 22.11 22.98 21.96 22.00 19.58 19.52 21.88 18.87 17.06 16.38 15.16 17.70 19.32 20.36 20.34 25.09 19.30 19.93 20.09 22.92 22.89 24.60 23.70 23.31 19.98 21.24 25.92 24.78 22.75 21.85 20.78 24.76 23.62 20.15 19.87 20.46
6.88 6.97 7.06 7.45 6.47 6.83 7.51 8.50 10.24 11.73 13.17 14.57 17.25 16.05 11.90 11.29 9.12 12.36 9.38 12.53 9.49 9.66 9.82 9.86 15.66 10.91 10.24 10.47 12.57 14.30 18.07 19.23 18.71 18.32 17.42 16.73 17.35 17.75 16.32 16.03 18.05 20.57 22.45 25.20 19.51 20.37 20.26 20.25 19.14 17.62 20.50 20.41 17.01 21.94 16.66 17.21 18.21 19.73 20.51 19.70 27.12 19.48 23.99 22.71 22.74 23.23 19.81 22.77 24.62 26.25 26.04 20.75 24.50 23.23 22.92 24.73 20.08 20.45 22.92 23.38
7.18 7.39 7.71 7.17 7.00 7.06 7.67 9.54 11.27 12.69 15.00 17.01 17.75 15.99 12.16 9.44 9.40 12.80 9.49 17.71 12.36 12.47 10.23 10.21 16.63 11.11 10.31 10.75 14.24 17.95 19.47 18.98 18.34 17.42 17.33 17.05 16.76 16.73 16.43 14.44 17.94 19.09 21.83 18.40 19.52 23.80 25.44 25.01 25.29 18.78 23.31 19.86 18.46 16.88 18.21 16.80 16.86 18.76 20.76 28.72 19.07 23.91 23.33 18.60 22.10 23.64 22.03 17.72 19.10 26.89 26.09 25.11 24.45 23.02 20.60 17.59 17.16 16.69 15.73 15.76
7.67 8.03 8.50 8.72 8.71 10.10 11.65 12.19 15.23 15.46 17.98 12.57 12.46 9.64 12.82 9.68 9.68 17.15 12.65 13.02 12.39 17.56 10.23 17.29 17.44 10.22 10.39 10.81 16.58 17.88 19.53 18.43 17.90 18.33 17.97 16.22 16.74 16.68 15.91 15.27 16.38 16.25 17.40 16.00 18.47 19.51 20.23 26.04 20.70 22.59 24.13 17.85 17.01 17.08 17.27 21.75 15.58 17.20 20.35 24.11 26.94 24.00 21.34 23.94 19.90 20.65 19.31 16.90 18.70 23.77 26.40 25.49 21.36 20.97 23.73 18.98 18.23 21.98 15.73 15.55
7.72 7.90 8.13 9.43 11.17 16.06 16.49 16.29 15.99 15.86 18.04 17.62 18.34 9.68 13.03 9.78 9.86 9.90 17.46 10.09 13.61 17.64 18.21 18.17 16.85 10.26 10.75 11.16 17.85 17.42 17.91 18.29 18.14 17.30 17.81 16.40 16.10 16.38 15.83 15.04 13.94 11.96 18.86 17.94 18.32 18.78 19.43 20.18 20.53 20.10 19.88 17.53 17.10 17.06 17.53 16.96 19.62 15.18 18.57 19.49 28.87 19.42 18.82 26.05 24.18 24.70 23.84 16.32 17.48 19.00 23.75 25.52 24.67 20.27 24.23 23.57 22.08 16.40 22.34 15.29
