examples/cougarCreek-fire/createInputs/WindNinja/wrfout_d3.2015081200.f18/cougarCreekFire_08-12-2015_1800_217m_non_neutral_stability_ang.asc
ncols	146
nrows	140
xllcorner	610065.000000
yllcorner	5095217.000000
cellsize	216.586807
NODATA_value	-9999.000000
[rows 44 to 87 of 140, columns 0 to 95 of 146]
234 232 232 231 230 226 228 225 223 228 215 206 207 214 210 211 208 208 213 212 203 184 179 186 193 182 168 164 162 153 145 130 121 108 96 87 84 82 81 82 83 81 86 88 90 92 89 91 86 81 81 82 84 85 84 82 79 77 79 81 80 79 77 79 80 81 79 77 76 77 77 77 77 77 78 86 88 92 95 96 92 84 92 86 85 95 85 87 91 94 92 89 104 102 88 100
233 232 231 230 227 226 224 223 221 209 203 206 216 221 217 210 199 212 217 215 208 194 187 183 190 177 166 172 166 159 145 134 130 120 109 99 90 85 82 82 77 83 84 87 90 85 87 87 81 79 79 80 85 86 85 81 76 76 80 79 78 77 71 71 72 76 79 79 76 78 79 79 79 81 81 79 77 80 90 94 94 88 89 89 84 85 95 86 87 91 93 90 88 99 88 88
232 231 207 228 225 224 214 217 210 201 205 214 220 219 213 207 209 219 219 218 212 190 180 175 175 171 169 175 167 157 146 139 133 126 117 103 98 93 87 80 77 76 77 75 81 85 84 79 77 75 73 77 84 87 85 80 77 76 79 72 70 69 70 74 75 79 79 78 84 91 91 92 88 84 84 88 92 81 84 90 94 92 85 97 85 84 85 86 87 89 92 91 88 87 88 88
231 198 214 227 225 222 205 210 210 204 214 220 222 220 221 226 195 221 220 214 203 176 168 170 174 173 181 178 164 158 150 146 137 129 119 103 102 101 94 87 76 80 88 86 86 84 76 73 71 66 64 70 76 77 75 77 79 70 69 75 76 77 80 83 85 85 84 86 89 90 89 88 85 84 86 88 90 88 80 85 90 93 88 83 86 83 84 85 86 87 90 92 90 88 88 88
230 204 212 215 208 208 202 213 219 214 220 213 223 226 207 200 229 221 219 210 193 169 166 176 180 189 188 181 159 162 158 153 148 130 113 101 102 105 101 101 106 99 99 92 79 76 73 68 65 60 63 60 60 58 60 66 72 89 94 93 89 85 87 92 92 91 89 88 88 87 83 82 85 85 84 85 90 93 83 82 86 91 91 86 97 90 82 84 84 85 87 91 92 90 88 87
203 218 206 201 213 209 217 221 219 221 221 212 210 208 227 222 215 209 199 200 193 171 173 185 183 191 188 181 180 159 161 157 151 136 114 100 99 104 101 108 104 99 100 95 85 68 63 61 53 56 53 56 81 75 71 77 82 87 91 94 86 83 82 89 87 86 85 83 82 82 81 81 81 81 81 81 82 81 78 79 83 88 91 89 84 80 98 82 83 84 82 87 90 90 90 88
208 199 199 211 217 221 218 221 219 217 215 213 210 224 215 205 204 196 193 198 192 180 178 176 174 175 155 177 160 165 160 158 152 137 121 103 100 104 101 101 105 98 99 99 92 85 80 75 73 76 81 81 81 82 84 83 78 82 89 91 87 87 83 81 85 81 79 76 76 75 76 76 76 80 80 76 72 71 75 79 79 83 88 91 89 85 82 80 81 88 83 81 86 89 90 89
206 207 208 219 220 218 221 220 218 217 214 211 208 219 201 198 199 195 197 199 187 180 179 161 174 176 189 147 157 165 162 159 153 136 123 108 104 108 104 100 98 96 95 98 89 85 80 76 72 82 80 80 69 78 69 70 79 81 81 87 88 87 88 83 82 80 84 82 82 82 83 86 82 85 84 85 86 88 78 85 77 78 83 88 90 89 88 84 82 82 94 84 78 87 88 89
201 206 208 219 218 221 221 219 224 216 213 217 203 200 195 194 196 197 199 195 186 187 181 150 176 142 138 146 181 166 163 158 151 136 120 111 109 112 105 101 96 93 92 93 98 91 89 85 84 79 79 76 73 69 70 73 77 77 82 83 84 86 86 80 86 83 82 83 83 84 75 85 85 75 75 77 78 78 78 77 81 78 79 82 85 88 89 89 87 85 84 83 84 85 87 89
201 199 219 218 221 217 219 219 220 224 214 197 198 198 198 195 192 201 199 193 191 184 179 163 194 146 189 175 169 162 156 158 151 137 117 109 107 101 95 90 90 89 88 90 94 89 88 85 85 84 83 82 79 82 83 88 84 81 77 80 81 82 77 80 80 78 78 78 76 76 79 80 78 76 76 77 87 81 79 79 79 79 93 80 81 83 86 89 89 88 87 86 86 85 86 88
194 198 218 216 208 207 216 221 220 219 198 196 198 200 208 203 194 209 204 195 170 165 179 177 181 177 175 170 168 163 151 160 151 141 108 112 117 111 96 96 94 88 83 83 85 86 87 85 84 84 85 87 87 89 93 88 81 78 79 81 80 74 78 81 82 83 82 79 76 76 80 82 80 78 77 77 78 78 79 79 80 80 80 80 80 81 83 85 86 88 89 89 88 87 87 88
189 199 211 205 203 206 216 219 204 200 198 196 198 200 209 204 193 205 182 175 183 181 179 179 184 175 172 172 170 163 155 161 152 142 123 101 127 125 114 107 101 97 84 78 78 81 84 86 86 84 84 86 89 92 92 93 86 77 77 77 75 75 78 80 81 84 84 80 78 78 79 80 81 80 79 79 79 79 79 81 82 82 91 80 80 81 82 83 85 87 88 89 89 89 89 89
192 209 207 207 212 214 218 206 197 197 198 200 197 196 206 195 190 187 175 181 181 177 177 179 178 175 177 172 172 160 157 163 152 143 123 116 128 126 112 107 101 98 90 80 74 76 78 85 88 88 86 86 87 90 91 87 82 79 79 78 77 77 77 77 78 78 79 78 78 79 78 77 77 78 79 80 80 79 80 82 82 86 82 81 80 88 81 82 84 85 85 86 88 89 90 91
208 207 205 209 210 208 216 197 204 202 200 205 196 193 198 195 193 209 176 172 180 176 178 163 178 176 177 171 169 159 163 164 155 152 113 110 132 122 107 109 104 99 98 86 76 72 71 74 82 87 88 87 85 86 86 83 80 79 78 79 79 79 78 78 78 76 75 76 77 77 76 74 74 75 77 79 79 80 81 75 80 81 83 84 83 82 83 83 101 102 84 85 87 88 89 91
205 204 205 206 205 220 200 203 203 201 212 204 195 193 216 204 197 178 173 167 181 179 158 154 179 179 148 174 166 161 168 165 157 154 118 109 127 121 112 113 106 100 99 93 85 72 65 69 69 71 80 85 83 83 82 81 81 81 80 79 80 79 79 80 80 79 79 77 77 75 74 74 74 75 78 79 69 72 76 75 78 79 80 82 83 84 84 92 84 85 86 86 87 88 90 90
200 200 201 201 201 209 202 202 201 209 211 196 210 192 190 186 189 176 173 170 183 171 159 165 178 158 149 174 167 169 169 165 158 152 131 114 118 121 115 118 110 104 102 96 95 96 86 73 71 66 68 73 77 79 79 79 81 83 83 81 79 78 79 80 79 79 76 78 77 76 74 76 77 78 69 73 82 81 76 75 78 78 79 80 81 83 84 84 85 86 86 87 87 88 90 90
195 196 198 199 207 201 201 201 211 214 197 196 193 189 186 190 216 168 173 170 180 179 179 177 165 159 176 173 173 173 169 164 160 153 137 122 117 119 120 118 113 105 100 102 96 95 92 95 92 72 68 72 67 73 73 74 76 78 79 78 77 78 80 75 76 77 74 74 75 75 76 78 70 71 81 81 77 78 83 85 82 80 81 80 80 80 81 83 84 85 86 87 88 89 91 92
191 193 196 197 198 200 199 198 198 197 196 194 189 194 191 190 164 167 165 166 174 178 181 169 165 161 156 178 176 173 167 163 160 151 137 128 118 119 122 118 113 106 102 102 99 100 98 97 96 78 71 70 71 71 70 70 66 68 68 67 68 70 72 74 78 76 73 73 74 75 69 73 81 80 77 78 82 85 86 87 91 88 91 89 89 91 91 90 83 85 86 87 89 90 91 92
190 192 195 196 197 198 198 198 198 196 191 200 197 196 215 195 168 167 172 168 174 179 175 179 166 163 180 179 176 171 167 165 161 153 134 132 126 121 124 122 117 108 107 104 100 100 98 91 90 78 73 73 73 99 71 72 79 73 87 79 69 68 70 71 69 67 73 66 65 69 73 77 75 74 75 83 87 88 87 86 91 92 88 90 80 89 90 91 83 85 86 87 89 90 92 94
189 191 194 195 196 198 199 198 195 201 198 200 199 218 213 167 166 173 168 171 176 175 172 178 168 166 180 179 177 172 170 167 163 150 133 133 131 125 126 124 119 108 105 107 100 97 96 100 97 79 75 75 74 99 74 75 94 75 91 95 73 73 74 70 66 67 66 89 93 78 77 77 76 76 80 84 88 86 88 88 92 79 93 93 80 86 87 89 84 85 86 87 89 90 91 93
188 189 192 194 195 197 196 191 197 198 217 220 218 218 175 170 166 166 172 171 166 170 175 178 178 178 179 178 175 171 169 167 159 146 137 135 134 130 128 125 120 109 106 107 105 98 97 86 84 97 79 76 76 77 77 77 76 83 76 93 75 82 75 88 89 87 90 93 72 92 82 80 91 91 82 85 83 84 83 83 88 92 80 80 81 81 82 93 84 85 86 88 89 91 92 94
186 187 190 192 193 191 187 197 199 216 211 208 202 174 172 169 167 169 177 167 166 174 177 174 176 168 165 178 176 173 169 162 158 147 138 137 139 133 131 132 123 114 107 104 104 99 99 98 86 84 82 77 77 77 101 78 78 77 77 96 77 78 76 93 89 89 89 90 94 98 88 87 91 93 82 80 73 70 70 73 75 77 80 82 82 84 83 84 85 86 87 88 90 91 93 95
184 186 189 189 205 199 198 219 219 216 207 198 188 174 171 165 173 172 170 170 166 163 160 158 180 169 165 160 178 174 169 155 152 148 140 139 148 134 132 141 125 116 103 105 95 92 91 89 87 101 85 82 75 99 78 79 78 77 77 78 90 78 98 99 98 92 82 93 88 88 87 79 86 91 91 79 67 70 73 77 79 79 79 78 75 74 83 84 86 86 87 90 91 93 95 97
184 184 185 201 201 200 223 220 216 209 197 189 183 174 170 174 172 174 168 177 176 174 161 159 178 170 166 161 175 171 162 153 151 151 147 145 152 134 138 142 126 120 102 94 93 97 102 100 98 102 102 83 84 78 102 81 79 77 77 79 79 91 92 77 99 96 95 72 73 85 84 85 88 91 94 97 76 77 77 77 77 77 79 81 82 82 86 84 85 86 89 91 93 95 98 97
180 180 180 199 201 199 194 190 195 195 182 178 179 176 171 173 172 181 175 171 175 177 161 169 176 157 154 160 175 165 163 152 150 157 155 148 153 141 141 145 132 135 98 95 92 90 88 98 88 100 99 78 79 80 82 105 81 78 76 99 89 91 86 97 87 86 85 74 73 90 81 80 79 80 87 98 99 93 77 77 80 72 71 77 83 89 84 84 85 88 90 92 93 94 96 98
176 176 176 195 190 185 185 187 190 191 180 176 178 174 170 172 171 170 179 166 174 176 173 173 178 158 154 162 172 164 169 155 148 153 157 158 156 144 142 147 145 140 121 97 95 93 91 90 87 86 86 80 80 81 82 83 110 82 78 81 84 78 79 90 94 91 90 76 74 72 89 83 84 79 83 87 92 77 71 77 78 79 80 81 82 84 84 85 87 89 90 92 93 95 96 98
174 174 172 192 185 181 182 188 190 189 184 182 175 167 165 170 171 169 179 165 164 176 173 178 175 158 163 178 168 172 176 162 148 152 159 160 156 144 144 148 148 142 129 101 97 96 103 100 87 85 81 81 80 101 81 82 85 86 82 77 82 77 78 79 79 86 87 92 76 74 96 90 88 90 90 90 89 77 80 75 73 75 73 68 69 83 85 87 88 73 90 92 94 96 98 100
175 172 169 170 184 179 182 185 189 186 186 185 174 173 170 169 170 169 180 165 167 178 161 174 160 158 166 172 167 176 176 158 143 140 161 160 149 144 147 154 148 131 127 120 97 95 96 100 90 88 85 81 87 101 99 81 82 85 86 81 76 95 76 77 78 78 78 80 90 76 75 97 88 88 89 90 92 91 90 88 79 80 93 102 70 71 73 76 88 84 76 77 81 97 99 101
173 169 168 170 182 179 183 184 187 183 186 185 189 187 156 169 170 168 175 165 164 163 160 174 160 170 168 169 173 178 173 155 149 162 168 161 146 133 153 150 142 132 117 135 103 97 98 103 93 85 86 82 97 104 81 81 81 82 86 85 80 77 98 82 79 76 76 75 75 78 76 92 87 82 84 89 91 94 93 95 90 89 96 106 83 102 102 106 109 89 112 101 97 96 94 101
169 167 167 168 179 180 182 182 181 180 184 184 187 169 160 169 169 167 165 164 164 162 160 184 160 170 178 176 183 163 168 154 151 166 167 162 136 136 155 152 148 133 120 140 119 99 106 101 98 88 91 85 99 83 102 82 81 81 83 86 84 80 85 97 93 91 82 85 81 81 82 84 86 85 87 91 93 93 95 96 91 88 92 101 108 106 101 101 107 91 91 111 102 97 99 101
166 167 167 168 179 181 182 182 178 179 182 184 169 177 168 169 169 167 165 165 164 163 161 176 160 173 178 185 170 174 161 154 157 160 168 161 138 139 157 159 152 133 134 142 113 103 100 102 102 100 88 102 101 86 85 100 83 82 82 84 85 82 79 100 93 90 93 93 90 93 98 93 93 75 91 89 93 94 95 98 95 90 90 95 102 108 104 93 96 110 93 94 113 99 99 101
165 166 167 179 177 178 181 181 178 183 184 186 178 176 168 169 170 168 166 177 165 163 162 161 176 174 181 169 177 171 165 157 174 160 167 152 140 147 157 159 153 132 132 122 116 122 99 104 96 106 91 90 107 88 87 105 103 84 83 84 84 83 81 87 95 82 88 83 82 96 73 74 98 91 76 91 92 96 95 97 97 90 84 87 95 104 106 101 92 94 109 96 97 112 99 101
165 166 167 177 175 178 182 179 181 188 171 170 169 175 168 169 169 167 186 166 165 164 163 161 176 181 183 180 172 175 170 162 177 173 160 142 141 153 144 157 147 134 132 136 120 115 114 99 98 109 93 92 91 90 89 101 104 85 85 85 84 84 82 79 98 92 92 92 81 89 100 94 90 96 95 104 92 96 98 93 95 90 84 87 94 103 101 102 97 90 95 100 100 101 102 103
165 166 166 175 176 181 184 179 183 190 171 190 170 169 169 170 169 167 166 166 165 164 163 176 168 182 183 180 177 180 173 168 175 170 156 143 139 154 147 160 134 131 129 129 124 119 124 101 100 111 96 95 93 92 91 103 105 87 86 85 104 84 83 81 93 97 96 95 88 83 93 98 103 101 77 78 79 101 101 97 96 97 95 94 98 88 102 95 97 93 87 98 98 104 104 105
164 165 166 174 178 169 183 180 184 187 185 180 171 170 169 171 170 168 167 166 165 164 163 162 164 181 181 180 179 182 181 167 172 166 153 143 140 150 164 165 134 131 132 131 130 126 121 118 101 113 112 97 96 94 92 90 105 106 104 86 86 86 85 82 80 99 95 94 86 72 74 76 98 100 79 79 108 101 89 95 102 104 99 96 97 89 90 103 103 105 102 96 100 102 107 108
164 165 166 174 177 168 182 179 182 184 181 178 178 170 170 171 170 168 167 167 165 164 180 163 164 181 182 182 179 181 178 164 166 168 153 144 142 151 170 164 136 132 132 132 132 128 124 120 119 102 114 99 98 95 93 107 92 105 112 87 87 87 86 84 81 94 88 87 85 74 75 77 78 91 100 101 80 81 89 94 101 106 104 100 98 90 91 91 92 95 96 107 102 102 105 109
163 164 165 172 177 168 168 181 182 183 182 181 185 169 171 171 169 168 168 167 165 164 162 164 162 181 183 163 180 171 179 169 168 174 155 147 144 154 159 158 138 137 131 132 131 129 128 123 122 104 103 102 99 97 96 95 94 102 106 89 88 87 87 101 83 80 96 86 87 83 84 86 78 80 91 99 83 83 101 93 96 108 86 86 88 90 92 92 93 95 98 100 101 103 104 106
163 164 165 169 167 167 167 183 179 179 179 184 185 169 171 171 169 169 168 166 165 173 165 166 165 174 165 163 172 169 173 176 176 173 157 152 153 170 171 132 129 125 136 130 128 131 132 111 121 106 106 103 101 100 100 110 103 93 107 105 88 88 87 86 102 82 96 93 91 85 87 95 88 80 82 83 85 85 103 97 93 88 88 88 88 90 92 94 95 96 98 101 103 104 104 105
163 163 164 170 166 166 167 183 176 174 178 169 184 169 171 170 169 169 167 167 184 164 166 167 167 180 166 164 175 167 175 182 176 167 160 155 158 168 156 136 132 128 140 132 127 131 135 114 146 120 107 106 104 104 115 114 112 108 110 106 110 88 87 86 86 85 82 101 94 98 88 90 99 87 82 87 100 86 86 100 95 87 90 90 90 90 92 94 96 98 99 101 103 106 108 107
162 163 164 165 165 165 166 183 174 173 183 168 179 170 178 170 169 168 168 184 180 162 167 168 166 168 167 166 177 165 184 183 165 165 165 161 175 147 154 139 135 143 127 135 122 121 120 153 132 125 119 108 108 122 121 115 98 111 111 109 107 111 98 86 86 86 83 98 97 97 94 94 101 102 93 91 95 109 110 103 105 87 89 92 92 92 93 94 96 98 99 102 104 106 109 111
162 163 163 164 164 165 166 183 175 179 168 167 172 170 170 169 191 168 168 182 167 167 168 169 169 186 168 182 177 166 178 176 162 161 174 157 182 150 158 142 138 135 132 128 125 123 122 120 135 113 123 112 128 119 116 103 101 99 113 96 110 107 105 103 96 96 102 99 105 97 95 88 101 103 101 100 100 104 106 88 88 88 89 91 94 94 95 95 96 98 100 102 104 107 110 112
161 162 163 163 164 165 165 180 178 186 167 188 165 171 169 169 169 186 183 177 163 169 169 170 170 186 187 185 179 167 171 178 164 163 177 180 178 166 150 146 141 139 137 133 128 126 124 122 119 116 116 115 112 109 107 105 103 101 99 97 95 109 91 105 107 104 108 83 99 104 101 87 90 105 107 104 104 103 87 89 90 91 91 92 94 115 95 96 97 99 101 103 105 106 110 112
161 162 162 163 163 164 165 165 181 167 166 174 168 178 169 169 184 180 176 172 169 170 171 170 171 189 169 185 180 172 172 184 175 165 176 177 175 175 152 149 150 142 140 136 132 129 126 124 122 120 118 116 114 111 109 107 105 104 101 99 97 95 93 91 110 108 110 103 101 100 101 98 96 100 106 85 107 87 87 89 90 94 93 94 94 95 96 97 98 103 102 104 104 108 111 114
160 161 162 162 163 164 164 165 166 166 166 165 167 176 181 185 185 172 176 167 170 171 172 172 182 188 171 187 170 181 169 185 167 166 164 161 159 156 177 172 147 145 143 140 135 133 131 128 125 122 120 117 116 113 111 109 107 105 103 100 98 96 95 92 106 112 113 104 103 83 83 107 101 98 99 99 99 105 109 100 90 92 94 95 95 96 97 98 99 100 103 105 108 111 113 112
