examples/cougarCreek-fire/createInputs/WindNinja/wrfout_d3.2015081200.f18/cougarCreekFire_08-12-2015_1800_217m_non_neutral_stability_vel.asc
ncols	146
nrows	140
xllcorner	610065.000000
yllcorner	5095217.000000
cellsize	216.586807
NODATA_value	-9999.000000
[rows 70 to 104 of 140, columns 0 to 79 of 146]
7.71 7.84 8.08 9.49 11.51 16.54 16.63 15.74 15.57 16.22 17.68 17.75 17.72 12.83 12.82 10.02 10.13 10.17 17.56 10.30 10.32 17.76 13.51 17.01 11.79 10.48 10.42 13.23 17.75 18.03 16.15 19.74 18.50 17.92 18.16 15.10 17.01 16.84 15.99 13.64 13.50 15.08 16.36 17.35 17.98 18.33 24.04 24.54 20.07 20.20 17.50 17.14 17.02 22.67 17.51 17.65 15.72 14.06 15.93 19.93 20.35 20.20 19.13 18.48 18.24 26.30 25.10 22.19 16.44 17.75 19.05 22.93 23.24 22.30 22.71 22.89 23.14 16.06 22.98 22.26
7.96 8.19 8.50 8.61 11.55 16.45 16.04 12.92 15.28 16.66 16.82 17.44 10.03 17.94 10.10 10.27 10.28 10.29 17.33 10.42 17.11 17.16 10.45 12.64 10.55 10.88 11.13 17.82 19.32 16.99 16.59 18.79 11.53 11.13 17.60 16.94 16.35 16.95 15.76 13.67 15.52 15.91 15.41 18.86 17.80 17.73 18.34 24.34 19.59 19.92 19.61 16.92 19.07 22.43 23.49 17.93 16.96 14.52 14.05 17.17 20.78 22.15 19.99 19.10 18.39 18.08 17.31 24.27 22.22 16.74 17.75 22.11 23.19 23.44 23.38 21.99 21.42 21.98 22.28 22.35
8.42 8.69 8.89 8.83 12.22 16.64 15.87 12.79 15.70 16.57 16.48 16.89 16.23 12.38 12.07 10.43 10.29 10.30 13.74 10.30 10.33 10.39 10.52 12.57 10.59 10.50 12.17 17.74 18.18 16.07 17.45 18.83 18.19 18.39 15.43 16.11 17.35 13.65 16.38 13.67 15.62 17.18 13.76 13.71 21.84 17.46 17.28 23.81 18.93 16.66 19.28 16.59 23.43 21.27 17.41 17.63 17.56 15.96 14.00 14.81 18.62 20.96 24.12 22.48 22.47 18.46 25.98 16.56 16.05 19.96 16.99 22.14 24.02 24.24 23.93 22.38 19.00 20.25 18.68 20.41
8.80 8.99 9.03 8.94 12.99 15.92 15.77 13.42 16.84 17.07 16.50 16.70 16.15 10.51 13.29 10.31 10.21 10.19 10.24 10.29 10.34 10.44 10.62 15.64 10.75 10.69 16.79 17.51 14.74 13.07 19.45 18.61 17.87 15.99 13.23 16.34 14.05 17.87 16.26 13.36 16.21 17.08 13.65 13.43 19.20 17.44 22.89 16.84 17.17 15.90 19.01 16.02 23.23 16.59 22.62 17.25 17.43 16.93 15.05 14.37 16.58 19.59 19.82 24.60 24.58 24.08 20.64 24.27 24.47 24.24 24.51 24.46 24.23 24.22 23.62 21.45 18.56 18.76 17.96 17.74
8.75 8.84 8.83 8.86 13.22 15.57 15.53 15.91 16.93 16.92 16.55 16.50 9.91 17.35 9.79 9.84 9.91 9.96 10.13 10.23 10.28 10.43 10.61 12.38 10.92 11.47 17.51 14.64 12.65 18.44 19.25 18.31 17.66 12.18 13.52 17.70 14.01 17.56 16.25 12.86 15.15 17.27 16.47 15.10 14.27 16.85 17.37 16.65 16.39 16.25 15.60 23.17 23.08 15.99 16.69 23.77 16.97 16.93 15.76 14.88 15.56 17.73 19.75 23.01 25.39 24.26 23.54 22.76 21.34 19.09 19.17 20.99 20.53 16.41 21.16 19.60 18.48 18.32 17.90 16.99
8.66 8.74 8.83 12.39 13.89 13.90 13.58 15.87 16.75 16.32 13.46 15.29 16.77 17.44 9.65 9.76 9.89 10.09 10.25 17.62 10.37 10.56 10.64 10.81 11.41 13.04 17.03 13.03 17.92 17.67 20.13 18.24 16.88 11.68 15.79 17.52 13.93 16.58 16.51 14.25 15.35 17.68 17.16 13.44 13.25 17.88 14.06 22.68 14.13 15.90 14.96 14.94 22.01 15.51 16.08 19.66 22.97 16.51 15.94 15.38 15.27 16.46 18.49 18.82 24.79 21.32 23.19 20.10 19.47 20.26 15.83 16.49 20.33 18.80 15.80 18.89 18.66 17.58 17.95 17.81
8.66 8.76 8.85 13.33 13.95 13.86 13.08 13.78 16.38 12.63 9.72 9.87 9.87 17.65 9.88 9.90 9.97 10.14 15.72 10.28 10.44 10.57 10.71 11.01 13.26 16.86 16.17 16.96 17.77 18.20 19.50 18.17 16.43 15.11 19.12 14.30 13.80 16.00 13.00 14.68 15.14 17.37 16.96 15.21 12.62 13.32 22.12 13.74 13.67 15.60 14.40 14.54 14.71 15.07 15.53 17.27 22.84 15.99 15.87 15.52 15.09 15.83 17.28 18.19 20.51 23.66 22.83 22.52 19.71 20.49 18.41 16.83 17.24 19.42 17.20 17.44 18.83 17.51 16.83 19.02
8.68 8.76 8.81 13.78 13.79 12.63 12.35 14.13 13.66 11.62 10.10 11.55 10.31 10.20 10.09 10.01 10.00 10.07 10.15 10.25 10.39 10.54 10.85 13.73 15.61 16.42 16.41 17.33 18.13 17.21 17.46 19.65 15.60 17.30 17.59 14.07 10.83 15.83 12.67 15.07 13.26 14.47 14.29 13.63 12.28 12.57 17.33 13.58 13.20 15.19 13.95 14.14 14.26 14.57 15.01 16.87 22.54 15.49 15.64 15.43 21.19 15.47 16.41 17.10 18.00 22.65 21.77 22.07 22.97 19.78 19.68 18.08 17.82 19.10 15.13 15.25 15.04 18.52 15.43 17.84
8.67 8.74 8.79 14.13 13.39 9.11 12.91 16.13 13.41 12.49 12.98 17.28 10.13 10.10 10.02 9.93 9.92 10.01 10.09 10.17 10.33 10.62 10.99 15.15 18.10 17.05 16.97 17.40 17.80 16.56 16.87 20.09 18.57 19.12 14.76 10.77 10.53 13.47 14.16 12.99 14.53 14.58 13.98 13.78 12.87 13.15 14.23 18.49 12.79 15.11 15.33 13.76 13.77 14.00 14.49 15.03 22.40 21.66 21.83 15.37 14.90 15.12 15.72 16.19 17.01 22.08 22.60 22.40 22.38 15.93 15.20 15.26 20.22 19.63 14.87 14.87 16.46 14.96 21.83 18.65
8.69 8.74 8.80 13.84 13.75 9.05 13.16 14.26 13.57 13.25 13.52 16.53 16.83 9.78 9.79 9.75 9.86 10.03 10.09 10.18 10.42 10.73 17.22 10.98 10.91 16.98 16.76 16.58 17.56 16.84 16.40 19.85 19.27 18.46 14.59 10.44 10.15 13.26 12.58 13.84 14.30 14.45 14.26 13.72 13.21 13.68 13.53 13.63 20.20 12.82 15.33 13.43 13.19 13.27 14.05 13.64 14.67 21.51 19.67 15.30 15.02 14.91 15.21 15.31 15.96 16.49 23.08 22.56 22.50 15.82 15.21 15.19 15.04 18.92 16.57 14.86 14.29 14.54 22.15 20.69
8.68 8.73 8.80 14.38 13.65 9.01 9.12 13.72 13.70 13.58 14.12 15.99 13.19 9.69 9.69 9.75 9.96 10.08 10.14 10.36 10.66 10.86 15.01 10.79 17.81 17.19 16.42 10.95 17.46 15.21 17.52 19.39 18.99 16.53 14.67 10.29 9.99 13.18 10.74 16.33 13.71 13.59 14.34 14.03 13.87 13.68 12.90 11.14 12.40 12.80 12.85 13.02 12.45 12.62 13.88 14.71 14.15 21.77 14.10 15.02 14.92 14.83 14.93 21.58 14.85 16.17 22.85 22.55 21.78 20.51 19.88 19.80 14.98 14.54 18.91 17.68 13.79 14.36 17.17 19.36
8.67 8.73 8.79 13.93 8.92 9.05 9.17 12.96 14.22 14.55 14.58 13.06 13.35 9.62 9.66 9.82 9.98 10.09 10.29 10.55 10.69 17.70 10.76 10.67 15.75 15.08 10.71 10.93 15.15 19.31 14.72 17.10 16.93 17.93 14.51 14.02 13.63 15.48 13.82 10.42 10.35 10.58 13.68 14.49 14.45 13.40 12.43 11.47 11.05 12.69 12.50 12.39 11.75 12.57 13.90 16.43 21.45 13.20 12.59 15.58 14.65 14.69 14.75 14.42 16.08 15.13 15.89 22.33 21.76 19.97 22.43 20.71 19.52 14.57 14.30 13.81 13.40 14.00 16.28 18.26
8.67 8.72 8.75 14.46 8.91 9.04 9.13 12.84 14.72 16.27 14.65 9.42 13.49 9.54 9.62 9.78 9.92 10.12 10.33 10.46 16.33 18.25 10.48 10.48 15.22 17.21 10.69 10.91 18.53 18.69 14.80 16.37 16.92 18.46 14.23 13.83 13.48 11.55 12.91 10.20 10.21 10.47 13.08 14.22 14.53 13.83 12.38 11.27 11.47 15.26 12.11 11.64 11.58 13.03 16.20 15.01 14.15 20.89 13.73 13.08 20.17 14.49 14.53 14.39 13.94 14.19 15.37 20.53 21.24 20.11 19.26 18.67 15.99 19.89 14.33 19.50 16.91 13.57 13.79 17.09
8.66 8.71 8.73 8.79 8.89 8.97 9.05 12.70 14.39 16.28 13.41 9.44 15.96 9.50 15.12 9.70 9.95 10.15 10.23 16.15 17.35 14.55 10.40 10.36 15.51 10.66 10.86 10.95 18.27 15.40 16.71 16.41 15.15 14.59 14.12 13.88 15.14 10.15 13.52 9.94 10.07 13.43 10.59 13.83 10.71 10.79 10.63 10.53 11.75 14.07 14.99 11.23 12.01 14.35 19.87 14.37 12.57 14.73 14.73 12.53 14.12 19.64 21.78 14.43 14.06 13.66 14.41 16.04 20.73 20.19 20.69 20.61 15.24 15.45 18.82 18.89 18.07 17.60 17.83 17.78
8.68 8.72 8.75 8.81 8.90 8.96 9.04 12.77 14.65 14.29 9.29 9.46 17.01 9.52 9.64 9.82 11.52 10.13 10.22 16.76 15.10 10.33 10.34 10.36 10.44 14.57 10.77 13.78 15.01 15.48 18.33 18.47 10.66 10.23 17.42 9.99 14.40 10.16 13.29 9.81 10.20 10.59 10.53 10.43 10.51 10.60 10.53 10.93 11.41 11.60 14.38 11.38 12.87 15.59 15.04 11.77 12.10 12.61 14.10 12.95 13.76 15.49 15.13 16.80 22.10 21.21 15.21 14.71 18.05 19.79 21.29 19.22 19.07 15.09 17.46 19.35 20.07 18.70 17.53 12.68
8.70 8.74 8.78 8.84 8.92 8.97 9.02 13.17 14.24 12.59 9.33 12.10 15.28 14.66 9.75 9.90 9.96 14.15 16.32 17.66 14.55 10.22 10.20 10.21 10.26 14.33 14.24 14.70 14.77 10.95 18.47 17.54 10.25 10.08 16.82 14.98 14.89 13.40 9.94 10.15 10.64 10.70 10.26 10.14 10.33 10.46 10.45 10.64 11.07 11.35 11.30 11.54 11.88 11.50 11.33 11.62 11.83 12.17 12.47 12.70 13.09 14.98 13.33 14.82 19.85 19.59 18.18 13.75 14.58 18.15 19.33 19.39 18.95 19.14 18.46 18.85 18.66 18.66 12.99 12.48
8.73 8.74 8.78 8.85 8.91 8.95 8.98 8.99 13.41 9.13 9.26 16.33 9.35 14.87 9.67 9.78 14.39 15.12 17.38 15.18 10.08 10.12 10.08 17.35 10.20 14.05 10.43 14.81 14.34 18.18 18.15 12.83 17.96 10.20 17.14 14.11 16.53 16.24 10.20 10.55 14.45 10.34 9.87 9.90 10.16 10.24 10.24 10.42 10.85 11.17 11.21 11.31 11.21 10.96 11.06 11.44 11.66 11.77 12.13 12.47 12.65 12.70 12.98 13.55 18.93 18.77 17.75 15.00 14.64 14.74 14.76 19.97 20.38 19.34 18.55 13.13 17.58 12.76 12.83 12.38
8.74 8.75 8.82 8.90 8.93 8.98 9.04 9.07 9.10 9.16 9.25 14.84 9.34 15.20 14.41 14.10 14.22 15.36 17.17 14.61 9.97 9.94 10.00 10.10 15.86 14.53 10.27 14.81 10.36 17.69 10.81 13.52 10.67 10.43 10.35 10.26 10.13 10.09 15.28 15.98 10.18 9.84 9.60 9.74 10.00 10.09 10.18 10.38 10.60 10.79 10.86 10.89 10.69 10.59 10.84 11.25 11.42 11.41 11.80 12.14 12.25 12.40 12.71 13.10 15.89 17.99 17.04 15.16 14.86 13.27 13.57 17.90 19.17 18.60 19.31 18.16 18.43 18.09 17.34 19.11
8.73 8.78 8.87 8.94 8.94 8.99 13.51 9.07 9.14 9.21 9.25 14.80 9.25 14.79 14.57 13.75 14.17 17.42 17.02 9.84 9.83 9.82 9.89 9.98 15.13 10.12 10.22 10.34 10.49 10.69 14.59 16.35 18.35 10.42 10.26 16.78 10.04 9.94 15.96 9.78 9.58 9.39 9.40 9.63 9.92 10.04 10.12 10.15 10.23 10.42 10.52 10.53 18.21 10.30 10.60 10.95 11.10 11.14 11.50 11.78 11.93 12.18 12.46 12.69 17.87 17.94 15.46 17.15 17.03 16.83 13.10 16.63 18.20 19.35 12.84 12.55 12.50 12.45 12.23 17.93
8.73 8.76 8.80 8.82 8.87 8.89 13.53 8.97 9.06 9.11 9.14 16.10 9.20 9.25 14.47 13.32 14.26 15.04 15.13 9.63 9.64 9.73 9.81 15.74 9.99 10.15 10.36 10.55 10.69 10.82 10.98 15.46 18.15 10.38 10.26 10.16 9.99 9.84 15.87 9.60 9.40 9.36 9.48 9.66 9.87 9.91 9.82 9.81 9.99 10.21 10.26 10.26 17.96 17.69 10.33 10.63 10.80 10.95 11.21 11.50 11.72 11.91 12.15 17.65 15.73 18.65 18.21 17.44 17.86 17.77 16.95 15.85 15.52 16.73 17.94 18.47 18.36 12.27 12.03 11.76
8.73 8.75 8.75 8.76 8.81 8.86 8.92 8.95 8.97 9.02 9.10 14.63 9.24 9.25 14.77 13.05 14.34 16.85 16.92 9.50 9.61 9.70 9.83 9.98 10.09 10.20 10.37 10.51 15.62 15.85 15.71 17.71 17.94 10.58 10.48 10.28 10.05 9.92 9.79 9.60 9.51 9.56 9.60 9.66 9.72 9.65 9.56 9.68 9.89 10.04 10.08 10.12 10.02 17.61 10.14 10.35 10.53 10.74 10.92 11.24 11.50 17.42 11.86 17.06 17.08 17.78 18.59 18.18 18.71 18.69 18.20 16.03 12.47 12.77 15.95 17.93 17.45 17.69 18.00 11.58
8.71 8.74 8.77 8.78 8.83 8.89 8.93 8.95 8.97 9.01 12.33 15.22 9.00 16.39 15.13 13.79 15.23 9.36 9.37 9.41 9.50 9.61 15.74 9.94 10.12 10.26 14.71 15.70 15.58 15.61 17.71 18.10 18.15 10.42 10.23 10.03 9.87 9.72 9.58 9.51 9.51 9.48 9.40 9.37 15.74 9.43 9.50 9.67 9.78 9.90 9.97 9.99 9.91 17.61 9.94 10.11 10.29 10.47 10.63 10.95 11.21 17.36 17.37 17.88 16.75 12.17 17.70 18.44 18.05 19.02 12.07 17.63 12.13 12.51 12.46 16.26 17.46 11.80 17.18 17.61
8.70 8.74 8.79 8.83 8.85 8.84 8.82 8.84 8.87 8.89 12.88 14.91 14.52 14.94 14.91 14.54 15.02 16.49 9.31 9.37 9.43 9.57 14.48 9.93 10.10 10.23 16.56 15.19 15.09 15.73 17.92 10.59 10.33 10.02 9.80 9.70 16.21 9.44 13.06 11.42 9.37 9.33 10.17 9.35 9.44 9.46 9.51 9.59 9.66 9.83 9.91 9.86 9.78 17.46 17.52 9.91 10.09 10.18 10.33 10.64 10.93 11.23 17.77 18.19 17.05 11.96 12.17 17.41 18.50 18.51 11.82 17.27 11.90 12.29 16.11 17.53 17.54 17.56 17.68 17.40
8.68 8.77 8.87 8.93 8.86 8.83 8.77 8.75 8.74 8.75 8.73 14.31 8.75 14.82 9.04 14.91 14.39 15.17 9.35 9.44 9.54 9.68 14.55 9.94 10.04 14.06 15.27 15.11 15.30 17.57 16.99 10.39 10.09 9.87 9.76 14.02 9.55 9.39 9.28 9.30 9.35 9.38 9.53 9.63 9.59 9.48 9.49 9.54 9.67 9.83 9.84 9.74 9.67 17.37 17.30 17.25 9.82 17.17 10.04 10.31 10.61 10.96 17.89 18.36 17.85 11.62 11.79 16.51 17.47 17.90 17.23 16.37 11.59 11.89 16.37 16.87 17.29 11.30 18.17 17.77
8.70 8.83 8.92 14.80 8.89 8.87 8.81 8.78 8.76 8.77 8.75 8.72 14.19 8.96 9.05 9.13 14.72 14.94 9.36 9.45 9.59 9.71 9.77 14.24 9.90 13.61 14.95 17.24 17.59 16.68 17.16 16.22 17.08 15.58 14.03 9.83 9.74 9.69 9.76 9.85 9.80 9.70 9.71 9.61 9.46 9.45 9.51 9.58 9.69 9.79 9.79 9.69 9.61 9.52 17.00 16.96 17.28 17.29 17.11 10.01 10.29 10.58 17.43 17.20 11.15 18.26 16.91 11.37 16.61 17.02 17.42 16.36 11.26 11.41 15.51 15.04 14.71 16.69 17.14 16.90
8.77 8.88 8.98 8.85 8.97 8.92 8.86 8.85 8.88 8.88 8.85 8.81 8.86 15.13 8.99 15.24 14.79 14.40 16.09 9.40 9.48 9.56 9.62 9.66 9.79 10.01 16.32 16.75 10.16 10.15 10.17 17.23 15.84 13.65 9.90 9.87 9.88 9.95 10.09 12.69 10.03 9.88 9.74 9.57 9.49 9.51 9.56 9.59 9.63 9.71 9.72 9.59 9.48 9.36 15.93 13.88 15.26 16.58 17.14 17.11 9.99 10.17 17.48 16.91 10.83 17.06 17.27 17.58 16.91 16.86 16.65 16.91 14.87 15.35 15.14 10.60 10.61 10.67 16.45 17.19
8.70 8.76 8.92 8.97 9.00 8.78 8.88 8.91 8.95 8.93 8.87 8.83 8.86 14.83 15.26 15.31 14.48 13.84 16.10 9.36 9.36 14.12 9.46 9.66 9.89 14.06 16.79 16.68 16.40 13.76 10.38 15.79 10.18 10.09 10.03 10.01 9.99 9.95 11.54 9.77 9.68 9.71 9.70 9.63 9.57 9.59 9.63 9.64 9.68 9.75 9.68 9.49 9.35 9.23 9.16 9.22 9.27 9.30 9.39 9.52 17.14 16.93 17.29 17.35 17.73 16.86 10.55 16.79 17.07 16.44 16.35 16.65 16.82 16.48 15.67 14.26 10.24 10.26 14.48 10.16
8.88 8.84 8.80 8.95 8.71 8.84 8.88 8.96 8.91 8.89 8.87 8.84 8.90 14.50 9.02 9.11 14.52 14.71 16.12 9.32 9.38 9.49 9.65 9.88 10.02 16.44 16.62 16.25 10.22 10.35 10.41 10.38 10.30 10.23 10.20 10.17 10.10 10.03 9.90 9.72 9.59 9.58 9.60 9.59 9.60 9.65 9.68 9.69 9.72 9.76 9.67 9.50 9.36 9.20 9.11 9.12 9.13 9.14 9.19 9.27 9.33 16.89 16.69 16.95 17.26 10.13 10.16 10.08 10.02 10.00 9.93 10.06 10.14 16.14 16.27 14.58 9.91 9.82 9.89 15.66
9.21 9.11 9.14 9.03 8.98 8.79 8.97 9.00 8.91 8.95 8.92 8.89 8.96 14.80 9.06 9.15 14.64 15.35 15.92 9.35 9.52 9.76 9.98 10.07 9.99 16.74 16.48 10.10 10.25 10.35 10.40 14.63 10.28 10.21 13.95 13.44 13.39 12.57 12.92 13.51 9.68 9.63 9.65 9.68 9.72 9.71 9.66 9.63 9.62 9.64 9.63 9.54 9.36 9.17 9.10 9.08 9.03 8.98 8.99 9.04 9.08 9.14 9.30 9.43 16.04 9.75 9.75 9.69 9.66 9.66 9.63 9.74 9.79 16.26 16.09 15.64 14.17 9.48 9.54 14.02
9.06 8.82 9.17 9.12 8.85 8.95 9.17 9.04 9.03 9.04 8.94 8.93 9.05 9.10 9.17 9.21 9.27 9.25 9.31 9.43 9.64 9.82 9.91 9.88 16.15 16.16 9.96 10.08 16.33 15.94 10.25 10.22 10.14 13.68 13.41 13.27 13.16 14.20 13.45 10.90 9.40 9.68 9.75 9.69 9.63 9.59 9.61 9.60 9.56 9.63 9.69 9.52 9.25 9.10 9.06 9.00 8.90 8.83 8.83 8.85 8.85 8.89 9.00 9.12 9.25 9.35 9.36 9.34 9.32 9.35 15.55 15.69 15.69 9.49 15.90 15.64 15.00 9.22 9.22 9.35
8.66 8.81 9.12 8.62 8.85 9.15 9.15 9.04 9.17 9.05 8.87 9.06 9.16 15.31 9.19 9.20 9.22 9.30 9.37 9.48 9.60 14.61 9.57 15.85 9.60 9.78 9.93 9.98 16.80 15.62 13.96 10.15 10.17 10.16 15.25 15.29 13.75 9.71 9.49 9.55 9.88 10.00 9.89 9.77 9.67 9.65 9.68 9.65 9.69 9.88 9.83 9.47 9.19 9.12 9.09 8.95 8.80 8.70 8.66 8.65 8.64 8.66 8.75 8.87 8.96 8.97 8.98 9.01 9.03 15.20 15.80 16.27 15.63 15.65 14.91 9.33 9.35 15.10 8.96 9.02
8.88 8.85 8.57 8.59 8.96 9.23 9.10 9.14 9.00 9.04 8.93 9.08 9.11 9.10 9.09 9.15 9.18 9.23 9.31 9.33 9.36 9.29 9.17 13.53 9.54 9.71 15.33 16.54 16.65 9.98 10.09 13.73 14.79 15.50 15.84 15.69 9.93 10.06 10.45 10.86 10.78 10.35 9.98 9.84 9.83 9.83 9.79 9.76 9.82 9.85 9.63 9.35 9.25 9.23 9.09 10.96 11.38 10.99 8.51 8.49 8.47 8.49 8.55 8.63 14.00 15.76 14.24 8.72 8.74 8.71 15.49 14.97 14.93 14.62 8.83 8.83 14.39 15.30 14.69 13.80
8.95 8.84 8.84 8.85 9.00 8.96 9.21 9.27 9.33 8.99 8.91 9.02 8.98 9.05 8.87 9.16 9.27 9.22 15.49 9.29 14.95 9.10 9.02 9.32 9.54 9.62 14.93 16.07 15.48 10.01 10.11 10.07 15.24 15.43 15.55 15.07 12.61 12.64 13.82 16.35 10.28 10.01 9.82 15.47 14.00 9.68 14.31 11.01 9.74 9.77 9.68 9.49 9.33 9.16 13.61 14.09 15.15 14.06 11.34 8.37 8.33 8.32 8.33 8.35 8.38 8.40 8.42 8.46 8.46 8.43 8.43 8.51 8.63 8.73 14.42 8.89 8.84 8.88 14.79 14.56
9.30 9.20 9.11 9.11 8.96 9.10 9.12 9.03 9.11 8.86 8.93 8.97 8.93 8.91 8.88 9.14 9.26 9.29 9.39 9.14 9.02 9.10 9.26 9.47 9.58 9.59 15.02 15.75 14.82 9.98 14.91 15.41 15.16 15.02 14.27 15.46 14.78 15.04 15.78 15.76 15.13 9.33 9.53 9.63 11.87 12.28 11.45 9.59 10.10 10.00 9.88 9.62 9.29 8.99 9.86 11.13 11.46 10.96 8.32 8.29 8.23 8.18 8.17 8.18 8.22 8.22 8.22 8.25 8.19 8.19 8.22 8.27 8.42 8.51 14.02 8.67 14.70 14.66 14.52 14.17
8.91 9.12 8.90 8.94 8.96 9.08 9.41 8.96 8.84 8.92 8.99 9.00 9.22 9.26 8.97 9.34 9.30 9.38 9.11 14.82 9.16 9.27 9.38 9.52 15.01 9.54 14.86 15.71 14.60 14.93 15.99 15.65 15.05 15.12 15.23 16.18 15.72 14.68 14.44 14.36 14.49 16.02 14.64 11.59 10.23 9.66 9.68 9.71 10.01 11.28 14.41 10.51 9.16 8.94 8.76 9.38 9.81 8.33 8.29 8.25 10.46 10.72 8.10 8.11 8.11 8.07 8.08 8.08 14.61 13.31 13.94 13.90 8.25 13.80 13.55 8.44 8.53 14.41 14.29 14.06
