examples/cougarCreek-fire/createInputs/WindNinja/wrfout_d3.2015081212.f20/cougarCreekFire_08-13-2015_0800_217m_non_neutral_stability_vel.asc
ncols	146
nrows	140
xllcorner	610065.000000
yllcorner	5095217.000000
cellsize	216.586807
NODATA_value	-9999.000000
[rows 72 to 107 of 140, columns 0 to 79 of 146]
22.45 27.42 33.54 32.85 29.56 26.38 24.39 27.78 27.57 26.87 25.94 25.55 19.34 20.55 20.81 15.74 20.93 22.01 24.54 25.39 26.16 19.02 16.83 18.76 11.01 13.73 15.73 25.88 23.39 19.02 21.59 27.34 24.42 22.13 14.13 16.51 21.69 23.31 14.15 16.60 16.53 21.20 17.51 18.91 18.65 14.29 20.90 10.92 12.74 10.95 11.74 10.42 12.22 5.72 10.93 14.35 9.50 6.50 5.33 6.46 6.65 6.89 6.78 6.64 6.83 7.44 8.52 9.39 9.57 9.56 2.79 3.59 3.41 5.68 5.35 9.74 3.29 4.10 4.53 4.55
26.60 30.58 34.63 34.26 28.42 25.99 24.65 29.13 28.54 27.39 25.87 26.23 20.41 21.62 19.68 14.18 21.33 21.55 24.01 26.01 24.79 18.96 16.33 19.19 11.73 15.45 24.03 24.38 15.06 20.42 26.39 26.60 22.90 19.07 11.72 17.02 23.51 23.82 15.13 15.54 15.35 22.72 16.94 17.54 19.89 15.48 12.33 18.12 15.74 16.02 10.67 10.59 12.31 7.83 8.09 9.67 10.16 6.36 6.24 6.43 6.68 6.85 7.16 7.19 7.22 7.56 8.34 9.17 9.52 9.79 4.84 4.74 4.26 4.00 3.29 1.42 3.26 3.24 4.28 5.55
29.40 30.81 33.15 32.50 26.74 24.84 29.65 28.89 27.73 26.27 24.82 24.90 24.92 18.78 16.04 12.44 21.08 22.11 19.10 27.45 21.62 13.80 20.29 21.60 15.06 17.48 24.83 17.46 16.83 24.20 28.50 25.90 25.51 11.54 13.02 20.11 25.80 24.01 16.26 14.84 16.85 22.74 20.48 16.40 17.69 16.39 12.93 18.10 16.93 10.58 16.58 14.92 12.85 4.60 8.80 10.86 8.73 6.99 7.14 1.45 7.44 7.34 7.59 7.59 7.57 7.93 8.66 1.54 1.59 3.81 6.80 4.72 4.08 2.40 0.31 0.44 3.14 3.50 4.35 10.70
32.75 31.57 35.58 32.00 31.49 29.69 28.57 27.87 26.81 24.80 21.44 17.40 24.96 16.98 14.77 12.15 22.92 16.15 16.82 27.31 21.10 15.33 20.96 17.20 17.96 25.26 25.99 24.62 27.20 27.03 26.89 26.97 18.97 12.60 20.18 25.35 24.03 24.36 17.37 12.48 16.47 26.19 22.17 15.19 15.98 18.93 13.70 10.29 18.06 9.28 16.28 13.66 11.26 5.94 9.64 6.47 11.52 12.46 9.04 12.08 7.56 7.60 7.81 7.75 7.85 8.29 8.99 9.67 3.24 1.85 6.48 6.41 4.57 3.25 2.97 1.96 2.35 4.62 4.06 4.23
32.78 32.84 32.79 32.69 30.76 28.81 27.45 27.56 26.76 17.44 17.71 19.26 19.34 26.41 15.57 12.42 28.56 21.66 23.59 24.47 22.86 17.28 17.45 17.78 26.27 29.02 26.00 26.73 27.80 26.13 25.89 27.73 16.76 16.48 24.70 19.43 26.59 21.03 18.68 13.24 15.36 25.39 25.27 13.52 14.34 15.40 22.74 14.51 17.62 11.37 13.13 12.93 11.78 6.14 6.24 5.90 11.02 13.71 9.56 8.79 2.61 8.07 7.96 8.14 8.56 8.97 9.71 2.69 10.27 1.78 4.21 5.97 5.14 3.72 5.61 6.69 2.22 4.87 5.17 1.63
34.25 33.52 33.26 32.67 30.24 28.66 27.03 28.58 30.56 19.90 21.57 22.89 21.58 28.05 16.59 13.29 28.47 23.03 24.52 24.64 22.19 18.29 16.99 26.08 34.74 28.39 26.23 28.03 28.39 24.87 24.43 28.65 18.10 24.73 27.39 19.35 26.39 22.95 17.88 13.17 20.88 25.32 23.25 14.10 13.49 14.00 17.52 11.20 16.59 10.73 10.09 11.80 9.11 5.45 6.29 6.20 11.65 10.08 9.26 9.14 9.79 8.64 8.26 8.64 9.38 3.30 3.42 3.56 3.97 3.33 0.58 3.86 5.47 4.19 7.03 9.51 5.28 4.49 9.32 4.23
34.50 33.64 32.85 32.17 30.29 27.58 31.24 29.82 27.17 21.86 23.42 23.21 20.45 27.99 16.16 13.90 26.78 21.81 24.49 22.54 16.68 18.20 20.06 20.90 18.99 30.36 28.69 27.90 27.95 24.65 18.15 28.09 26.28 27.18 29.84 11.09 25.81 22.51 11.57 11.03 24.79 27.02 21.11 14.81 11.24 12.69 10.58 18.36 16.72 12.36 9.42 12.49 10.41 4.51 5.34 6.24 12.82 11.72 8.78 11.13 9.66 1.69 8.68 9.08 9.97 3.49 10.76 3.28 10.79 10.66 10.44 2.74 1.74 2.82 7.29 8.86 9.99 9.67 8.60 1.06
34.05 33.84 33.08 31.90 30.51 32.72 30.85 29.29 31.05 21.05 26.02 18.95 27.09 16.52 14.53 23.64 17.64 15.40 21.47 16.44 18.36 20.76 30.53 20.51 17.73 30.73 28.31 26.04 27.86 25.58 24.02 27.79 29.77 25.60 30.57 19.12 9.64 22.63 9.92 11.88 21.51 27.26 24.33 15.03 12.48 13.48 7.89 6.74 17.94 16.95 10.77 13.37 11.90 2.80 11.67 11.20 10.29 12.96 5.16 10.74 8.90 9.87 1.07 3.06 10.38 10.53 10.51 10.62 10.59 10.47 10.10 9.65 9.06 0.72 5.62 7.46 8.52 8.51 7.85 6.26
34.08 32.79 32.91 33.30 31.59 26.26 24.36 32.73 30.40 25.68 18.40 35.31 16.49 16.34 14.14 25.02 15.73 16.79 17.44 19.17 21.41 27.80 22.16 18.96 16.08 30.52 27.36 22.00 27.02 28.58 24.80 28.09 30.16 23.60 27.91 19.78 18.21 22.37 9.59 14.52 24.08 19.39 25.70 22.59 12.43 9.01 6.12 9.85 10.89 10.10 15.01 11.34 13.80 10.53 11.05 10.08 8.80 8.64 3.48 9.12 8.97 9.10 9.43 9.90 10.26 10.29 10.16 10.09 10.20 10.08 9.66 9.12 8.31 7.76 2.20 5.77 6.20 7.11 5.24 5.38
35.01 31.11 32.96 23.98 32.61 26.29 26.18 26.07 31.59 32.67 18.33 17.58 18.35 16.99 15.25 21.09 17.09 17.86 19.87 22.28 28.98 31.41 21.24 17.74 15.27 32.26 24.28 17.18 27.23 31.95 24.20 25.23 25.37 26.73 27.79 27.12 24.41 12.29 11.23 22.41 22.99 12.51 21.65 24.24 23.09 12.44 4.53 9.14 11.08 9.90 8.17 12.95 13.93 9.87 10.18 9.07 8.65 8.57 8.80 9.36 9.63 9.74 9.66 9.63 0.43 9.77 9.86 10.01 10.05 9.60 9.01 1.24 7.21 6.71 6.08 5.15 5.13 6.12 6.88 5.89
34.79 31.03 33.10 33.20 34.10 27.33 27.80 22.58 30.68 30.58 18.43 18.54 19.26 17.13 15.94 21.82 18.01 19.47 21.55 32.20 32.48 22.02 19.53 16.15 14.03 31.84 17.83 14.97 29.48 29.96 25.31 18.82 25.38 28.37 29.24 22.67 23.99 9.03 12.00 24.28 18.19 13.19 12.96 20.84 20.28 16.43 3.76 9.45 11.84 13.55 10.09 9.01 8.43 9.22 9.33 8.64 9.55 9.81 9.87 10.37 8.07 10.14 9.55 9.08 8.82 9.13 9.81 4.23 9.83 0.87 8.34 7.00 4.73 5.44 5.46 5.43 9.57 5.45 7.70 5.40
31.72 30.36 33.62 33.13 30.03 29.02 26.26 22.17 31.51 30.79 18.20 19.53 20.10 17.67 28.24 18.03 19.96 21.62 22.20 36.00 34.61 20.98 18.16 15.30 30.59 27.60 18.74 19.72 28.98 24.24 23.70 19.64 29.10 27.67 23.77 25.67 11.97 9.13 19.84 20.87 11.41 20.49 20.22 19.96 19.28 17.15 8.34 9.88 11.95 9.34 14.65 13.05 9.34 9.58 9.21 9.44 10.32 3.65 3.11 10.69 10.36 5.42 9.47 8.70 8.39 6.79 9.75 2.42 9.26 8.50 7.60 6.29 6.17 4.23 2.59 5.60 5.26 8.16 7.27 4.04
34.35 30.42 34.34 33.24 28.97 29.70 22.87 22.10 33.15 25.77 19.13 21.27 32.44 19.64 19.79 20.96 22.05 22.44 30.06 33.81 22.19 19.95 16.82 15.09 14.46 27.72 23.67 23.88 25.94 23.36 28.22 21.78 28.65 25.94 23.39 21.33 12.31 12.22 20.01 7.44 10.36 11.03 19.78 19.40 15.29 17.52 10.76 9.71 11.62 5.53 14.19 9.77 9.87 10.26 10.83 11.09 11.09 11.22 10.97 10.53 10.26 3.15 10.03 3.55 9.34 10.37 2.81 2.74 0.19 8.10 6.88 5.63 6.36 6.91 7.19 6.64 6.03 8.75 7.69 2.80
35.58 32.07 33.61 30.30 30.42 30.14 27.68 27.88 32.92 19.52 20.74 22.61 21.84 33.74 28.56 22.15 32.91 33.63 35.26 35.67 21.41 18.54 15.42 13.77 23.47 25.52 23.12 23.18 26.04 21.63 28.36 22.22 26.45 26.91 21.79 15.03 14.01 14.12 9.06 8.29 10.96 9.94 6.38 8.63 11.27 14.21 6.13 0.92 11.09 11.70 12.23 5.24 10.89 12.21 12.70 12.57 2.13 11.82 11.50 10.99 10.71 3.26 10.57 11.01 11.31 9.42 1.95 1.18 1.66 2.79 3.76 5.31 7.54 5.03 9.56 6.51 6.55 7.53 5.28 6.25
36.81 33.59 31.34 29.38 34.13 31.39 28.17 29.64 28.70 20.34 21.82 22.86 21.15 35.66 34.37 32.30 31.75 35.75 21.26 21.29 19.90 16.80 14.28 12.45 29.71 19.79 22.51 22.32 24.02 26.05 26.84 12.53 22.80 19.96 22.97 14.91 18.46 17.51 7.07 8.83 9.82 7.40 5.12 5.00 9.82 13.06 10.72 9.71 10.79 11.95 8.32 10.81 13.84 13.76 13.63 13.41 12.98 3.69 12.58 12.12 11.58 11.29 11.30 11.56 5.49 11.38 2.94 1.33 2.66 3.66 6.72 12.81 11.36 7.00 7.38 8.51 7.87 7.68 3.44 2.34
37.99 32.33 29.65 31.28 34.93 30.21 23.49 22.58 21.76 21.74 22.79 23.00 20.99 38.10 35.32 33.88 32.37 34.36 21.20 20.73 18.28 14.72 12.43 22.72 27.32 23.89 21.98 21.42 23.19 25.09 18.19 14.13 24.38 8.99 24.68 18.07 20.60 16.83 10.80 7.65 7.63 5.96 5.99 4.64 2.19 11.91 7.80 10.09 1.73 2.95 4.80 10.62 10.45 14.16 14.42 14.26 13.72 13.36 13.40 5.05 5.07 4.48 12.28 11.67 5.26 9.72 2.71 2.37 3.06 2.97 4.18 5.24 6.92 4.39 4.35 6.09 5.88 8.34 8.16 5.16
37.71 31.25 31.32 35.90 34.71 35.40 30.88 29.92 22.78 22.90 23.57 23.37 21.41 31.80 38.23 32.91 33.09 20.57 20.06 18.97 15.91 13.05 10.84 30.73 26.41 21.58 16.28 16.43 22.34 20.76 17.74 18.99 25.31 8.64 19.50 18.25 20.22 18.42 5.92 6.95 7.60 7.52 7.73 4.76 1.40 6.56 6.26 3.41 2.40 13.57 2.66 8.35 14.49 11.07 5.89 14.89 7.21 6.96 14.32 5.77 5.30 5.18 5.40 12.89 5.68 10.01 5.49 4.74 5.31 5.16 4.67 5.85 8.97 13.35 4.10 3.39 3.52 2.64 1.49 6.63
31.58 30.43 36.49 37.51 33.08 34.55 32.43 30.58 22.64 22.77 23.34 32.46 21.60 20.15 37.78 31.10 34.38 19.02 18.28 16.69 13.84 11.89 10.63 28.48 20.75 11.61 12.70 14.72 23.32 21.06 12.29 21.08 23.89 8.64 6.64 21.44 18.92 17.38 5.51 6.56 8.04 12.36 8.93 7.24 2.40 8.26 8.94 1.21 5.26 4.81 4.07 5.15 14.54 14.35 5.99 14.97 6.80 7.71 4.13 6.28 5.92 6.20 6.00 6.74 8.05 8.78 10.55 7.60 10.11 10.15 6.89 7.12 6.18 6.77 6.65 11.31 8.69 5.82 2.04 6.65
30.34 29.49 36.42 37.15 32.21 32.73 31.48 30.59 22.54 22.59 23.47 33.65 22.16 20.34 38.53 20.65 35.49 18.07 16.73 15.12 12.86 10.94 32.11 22.88 12.25 12.92 13.99 23.27 23.58 23.11 22.58 24.05 25.10 19.33 6.06 18.43 14.45 14.66 4.92 6.07 6.97 0.47 9.09 4.79 1.96 7.17 9.73 8.02 13.34 13.86 6.01 3.83 14.32 14.11 14.35 4.45 14.98 8.05 14.76 15.00 7.76 9.11 14.55 5.65 5.59 7.67 13.11 11.83 14.70 15.64 16.19 7.81 6.70 6.06 4.41 8.57 8.05 7.47 9.27 1.35
28.29 28.42 35.42 36.21 32.48 32.14 31.21 32.72 22.59 23.09 24.35 23.79 20.88 19.71 20.47 34.18 34.99 17.41 15.57 13.91 12.00 10.73 28.90 22.53 12.61 13.62 23.34 25.20 24.15 20.61 24.03 26.09 22.76 21.94 14.86 19.40 12.83 13.47 5.24 7.27 2.43 6.12 9.76 7.62 4.06 7.08 5.15 11.69 12.69 13.40 13.92 14.24 12.67 12.94 11.28 6.72 6.69 8.02 5.99 15.12 5.97 8.91 8.15 8.28 6.71 11.06 9.40 7.55 10.54 12.51 12.27 15.30 6.78 7.46 10.00 7.78 8.49 7.47 6.99 10.43
33.18 27.17 35.05 37.46 36.91 36.93 30.92 30.78 33.38 21.74 22.78 36.67 18.70 34.56 18.69 37.09 18.18 33.52 14.93 13.44 11.87 24.77 27.03 13.32 13.23 13.51 27.62 26.84 21.94 22.17 26.87 24.66 24.59 23.45 17.76 16.69 13.08 5.40 7.24 6.41 3.19 8.19 9.02 9.11 9.82 3.86 6.45 6.95 12.62 13.40 14.11 14.54 11.16 15.38 15.65 9.84 7.35 8.84 5.15 6.63 5.24 6.02 9.09 9.82 9.84 10.92 9.51 11.85 10.18 12.56 12.60 15.89 6.83 7.75 9.70 9.05 14.04 12.69 12.94 10.52
32.86 26.56 26.70 25.86 35.12 37.05 29.09 20.50 31.18 19.89 34.72 34.72 17.50 33.97 32.53 34.88 33.24 25.75 14.81 13.76 13.04 25.09 24.29 24.26 12.89 12.90 26.87 26.11 26.08 23.19 22.76 18.44 22.84 20.97 16.31 7.36 1.93 3.21 4.40 5.37 6.00 6.67 7.29 7.80 8.56 6.21 6.21 11.83 12.69 13.57 14.89 3.58 8.55 15.79 15.36 15.09 11.43 12.57 7.36 6.92 5.58 6.92 10.79 12.70 11.44 7.94 8.08 7.23 15.48 13.37 13.95 17.44 7.70 8.10 9.70 11.84 11.11 9.14 2.53 3.79
26.32 27.30 27.17 25.16 38.36 36.81 28.96 20.33 19.92 19.88 19.78 34.43 33.45 31.39 32.36 33.67 31.13 30.12 14.18 13.70 13.18 21.94 27.30 25.49 11.99 12.90 25.65 26.34 25.20 26.67 23.71 20.09 21.23 15.48 1.89 0.69 0.89 1.85 2.52 3.24 4.10 5.38 6.67 7.88 8.86 9.41 10.14 11.22 12.30 13.37 14.63 5.52 9.29 15.50 15.11 14.83 13.86 14.63 12.08 7.90 6.76 6.86 13.41 13.13 12.13 14.38 14.21 12.42 17.64 14.61 16.04 19.17 8.77 11.29 11.68 7.87 2.00 10.55 12.49 4.41
29.21 27.20 38.18 23.68 36.77 34.76 20.58 25.19 20.48 24.05 32.28 32.58 31.12 31.54 31.20 32.12 34.12 30.25 14.50 13.27 11.61 30.18 25.65 11.49 12.49 13.67 26.65 23.34 8.84 22.43 5.70 20.56 16.75 12.51 2.36 1.46 1.30 1.37 1.35 2.20 3.67 5.16 6.38 7.66 8.50 8.87 9.48 10.51 11.69 12.64 13.30 13.60 13.73 14.22 14.67 14.61 14.25 13.91 13.76 13.92 7.87 10.16 13.67 12.35 11.55 10.64 10.06 13.91 15.06 16.57 17.21 17.51 13.98 13.78 13.70 12.62 3.64 3.77 4.11 11.85
25.86 25.67 37.68 35.52 35.45 33.99 20.41 26.18 26.32 29.94 29.54 34.95 32.15 30.58 31.98 30.32 33.91 29.80 15.39 13.28 11.67 25.18 12.07 13.09 14.68 14.43 28.93 23.91 25.95 17.73 15.65 16.98 15.28 3.82 3.17 2.49 2.01 1.87 2.05 3.11 4.39 5.49 6.55 7.49 8.14 8.72 9.49 10.36 11.17 11.93 12.41 12.61 12.93 13.42 13.83 13.81 13.54 13.38 13.19 12.98 14.00 11.61 12.10 11.65 13.66 10.09 8.82 8.10 8.25 18.64 19.18 18.39 15.13 18.14 18.04 12.72 4.97 5.03 5.12 12.09
26.50 25.52 37.53 35.45 33.78 29.83 28.03 20.80 28.27 32.53 19.68 32.06 31.31 33.69 17.31 33.87 30.68 31.51 15.03 28.04 13.27 14.07 14.62 15.28 15.42 28.64 11.14 26.97 17.74 9.28 16.70 6.96 5.82 4.78 4.14 3.49 2.95 2.64 2.82 3.93 5.26 6.33 7.11 7.62 8.06 8.83 9.70 10.31 10.96 11.79 12.38 12.69 13.03 13.34 13.38 13.28 13.04 12.74 12.55 12.13 11.67 11.57 11.49 11.07 10.38 9.62 8.84 8.33 8.52 8.89 9.01 8.85 7.95 16.83 12.92 16.12 13.47 6.08 6.45 13.63
27.93 26.17 23.62 34.39 35.29 20.62 27.46 21.27 20.90 20.87 31.88 27.18 31.41 32.39 18.28 17.99 35.37 28.91 28.21 28.64 14.73 16.33 17.36 16.89 26.94 28.34 26.25 11.34 21.53 21.41 17.14 6.82 6.12 5.29 4.59 4.12 3.75 3.58 4.03 4.89 5.53 6.12 6.75 7.34 8.03 8.84 9.61 10.26 10.78 11.30 11.87 12.33 12.72 12.97 12.93 12.68 12.46 12.16 11.81 11.37 10.81 10.49 10.32 10.04 9.67 8.99 8.47 8.82 9.37 20.19 9.36 8.86 7.63 18.58 17.11 19.95 15.00 7.28 7.79 13.42
26.02 35.15 22.53 34.21 28.17 21.74 33.38 20.96 20.97 34.71 33.85 20.59 31.90 34.49 19.88 31.63 33.59 33.19 29.74 16.44 17.09 23.47 17.09 15.41 13.02 28.01 23.06 22.44 24.63 23.62 18.18 20.27 5.82 5.47 5.08 4.76 4.66 4.88 5.37 5.42 4.99 5.25 6.19 7.11 7.87 8.52 9.27 10.03 10.58 10.88 11.23 11.74 12.05 12.05 11.96 11.78 11.52 11.32 11.05 10.67 10.16 9.67 9.42 9.24 9.29 9.18 8.97 9.59 10.07 9.73 9.33 8.38 17.94 16.73 16.37 16.27 17.58 15.27 9.49 9.51
22.64 32.60 20.97 35.14 20.01 26.77 34.30 25.85 36.83 20.22 20.40 22.34 32.56 21.71 31.05 18.55 29.53 29.05 29.52 16.73 16.78 16.19 14.00 32.38 25.64 23.12 21.54 24.67 25.08 23.28 6.85 6.61 6.13 5.82 5.66 5.52 5.67 5.80 5.23 3.75 2.83 4.46 6.35 7.26 7.79 8.48 9.26 10.01 10.58 10.89 11.23 11.43 11.34 11.24 11.07 10.84 10.64 10.42 10.30 10.04 9.56 9.13 8.93 17.72 9.51 9.76 9.59 9.72 10.08 9.81 9.08 8.23 7.39 7.00 6.85 16.20 16.69 16.94 10.78 10.27
23.30 22.27 19.81 30.83 20.50 32.15 33.05 21.16 20.46 37.28 18.89 33.64 30.82 33.71 34.40 32.90 28.52 28.04 28.17 32.37 14.03 12.91 11.50 11.48 12.43 12.52 23.83 25.22 24.20 21.70 7.24 7.07 6.52 6.02 6.03 6.20 6.23 5.88 5.69 5.44 4.46 5.30 7.16 7.86 8.13 8.58 9.17 9.60 9.79 10.15 10.69 10.77 10.60 10.66 10.55 10.08 9.81 9.73 9.63 9.46 9.17 9.07 9.33 9.75 10.10 9.87 9.51 9.77 10.10 9.65 8.80 8.22 18.08 17.97 17.49 16.52 17.02 17.80 18.87 15.62
22.86 21.68 20.41 20.07 21.37 29.31 21.50 32.18 33.08 34.32 17.74 35.10 34.30 34.58 32.77 25.88 17.19 30.49 29.18 27.58 12.92 25.27 17.46 12.75 13.53 12.43 23.93 25.79 22.34 8.64 7.98 7.47 6.89 6.35 6.31 6.29 5.99 5.33 4.93 5.30 6.43 7.40 8.21 8.52 8.40 8.49 8.54 8.37 8.25 8.46 8.88 9.20 9.44 9.88 10.09 9.56 8.86 8.79 9.09 9.35 9.52 9.55 9.72 10.15 10.40 9.93 19.13 19.18 19.18 20.11 19.26 18.89 18.60 18.70 17.83 17.78 17.89 17.20 18.05 17.24
22.82 22.45 22.18 21.40 30.70 21.12 37.60 34.56 30.97 18.92 19.13 26.35 18.65 32.84 33.09 26.43 17.77 30.00 17.24 25.31 26.95 12.61 14.53 13.41 24.56 23.00 23.97 25.02 18.71 8.59 22.23 20.51 7.21 6.86 6.71 6.17 5.30 4.53 4.77 6.83 8.73 9.19 9.03 8.65 8.35 8.33 8.14 7.87 7.74 7.81 8.08 8.44 8.75 9.10 9.33 8.82 8.08 8.04 9.00 10.12 10.26 9.75 16.58 10.22 10.65 18.09 18.99 18.86 19.40 19.78 19.37 18.80 17.52 18.77 19.25 18.62 18.37 19.52 17.77 16.99
21.85 20.96 19.50 19.01 20.00 29.74 20.14 33.27 32.70 19.48 20.55 21.60 29.92 34.78 19.79 29.84 29.98 30.69 17.01 30.30 14.97 16.44 16.29 14.40 26.81 22.08 24.03 26.18 22.08 21.37 25.46 21.45 7.13 7.08 7.03 6.66 6.05 6.13 7.02 8.21 9.24 9.55 9.00 8.39 8.17 8.02 7.82 7.77 7.81 7.98 8.22 8.63 9.13 9.21 8.80 7.92 7.37 7.98 9.58 10.79 10.65 9.88 9.78 10.60 10.98 18.68 18.79 19.28 12.19 11.64 19.89 19.52 19.61 19.04 18.82 18.61 18.35 18.46 18.49 19.33
20.15 18.88 17.77 17.89 17.79 18.03 36.25 18.56 19.87 23.14 21.45 23.08 22.22 34.22 21.73 21.20 30.63 30.36 16.22 30.16 26.07 15.28 14.90 28.45 29.48 11.87 19.47 10.92 22.70 20.99 7.91 7.43 7.27 7.23 7.45 7.62 7.33 7.07 7.15 7.56 8.35 8.89 8.52 8.00 7.88 7.81 7.55 7.13 6.81 6.74 6.81 7.23 8.55 10.01 9.65 7.45 6.26 8.00 10.21 11.28 11.10 10.33 10.27 10.97 17.94 18.82 20.06 12.43 12.61 12.24 11.57 20.38 20.30 20.03 19.01 18.55 18.72 18.40 17.70 17.59
19.45 19.44 19.63 19.85 19.78 20.74 21.59 20.09 33.89 20.42 26.55 21.94 36.40 26.11 21.08 19.34 31.93 30.54 16.40 29.40 25.97 21.21 21.49 13.80 13.22 21.26 11.37 10.62 24.40 8.84 8.69 8.27 7.90 7.69 8.09 8.35 7.79 7.22 7.10 7.51 8.25 8.60 8.15 7.67 7.70 7.75 7.28 6.33 5.36 4.84 4.86 5.53 7.41 10.15 10.43 7.18 5.65 8.21 10.85 12.16 12.00 10.84 10.29 10.90 11.85 12.47 12.79 13.02 13.09 12.81 12.39 12.32 12.76 20.30 19.51 18.84 17.95 17.99 17.23 17.29
19.30 20.45 21.26 21.70 22.31 23.44 23.60 22.07 20.94 20.59 26.73 36.57 35.31 19.16 38.53 32.50 17.21 16.81 16.72 15.05 21.30 18.16 13.86 27.29 13.16 11.64 26.80 27.63 8.98 9.35 9.31 8.88 8.54 8.41 8.53 8.43 20.51 18.38 14.51 8.21 8.65 8.59 8.03 7.55 7.56 7.49 6.86 5.59 4.40 4.04 4.24 5.00 6.55 9.80 11.14 8.11 6.35 8.91 11.96 13.30 12.74 10.95 9.98 11.04 13.04 14.15 21.72 21.75 22.36 22.19 22.25 21.91 21.56 21.00 20.32 19.40 19.08 19.35 19.31 19.51
