examples/cougarCreek-fire/createInputs/WindNinja/wrfout_d3.2015081212.f20/cougarCreekFire_08-13-2015_0800_217m_non_neutral_stability_vel.asc
ncols	146
nrows	140
xllcorner	610065.000000
yllcorner	5095217.000000
cellsize	216.586807
NODATA_value	-9999.000000
[rows 0 to 35 of 140, columns 0 to 79 of 146]
7.92 2.81 2.81 3.03 6.15 2.77 5.38 7.24 8.59 9.61 10.30 11.38 11.80 11.03 11.80 12.50 11.49 12.92 14.97 17.14 19.39 22.14 24.72 25.23 22.83 19.84 19.49 21.95 25.25 27.14 27.32 24.26 29.97 31.77 33.11 34.39 35.32 35.51 35.35 35.06 35.04 34.72 34.03 34.35 35.45 36.11 35.33 34.35 34.07 36.25 32.91 35.63 32.23 35.49 33.73 34.14 35.52 31.83 25.30 26.23 24.82 30.68 24.24 23.90 22.99 30.63 22.00 23.57 24.30 25.28 23.71 20.62 19.71 20.51 21.77 19.70 15.44 18.29 21.26 21.24
7.92 2.81 2.81 3.03 6.15 2.77 5.38 7.24 8.59 9.61 10.30 11.38 11.80 11.03 11.80 12.50 11.49 12.92 14.97 17.14 19.39 22.14 24.72 25.23 22.83 19.84 19.49 21.95 25.25 27.14 27.32 24.26 29.97 31.77 33.11 34.39 35.32 35.51 35.35 35.06 35.04 34.72 34.03 34.35 35.45 36.11 35.33 34.35 34.07 36.25 32.91 35.63 32.23 35.49 33.73 34.14 35.52 31.83 25.30 26.23 24.82 30.68 24.24 23.90 22.99 30.63 22.00 23.57 24.30 25.28 23.71 20.62 19.71 20.51 21.77 19.70 15.44 18.29 21.26 21.24
11.50 6.36 4.86 5.63 10.44 9.70 6.14 7.31 11.43 9.67 7.18 3.87 12.64 7.47 5.92 6.37 6.45 12.21 14.41 17.69 20.18 22.70 24.57 24.46 22.54 21.36 9.42 11.89 23.28 24.86 25.52 15.18 28.15 28.84 33.64 34.92 24.20 31.93 34.16 32.14 33.39 33.86 30.01 30.24 34.99 35.63 36.18 33.70 36.36 36.56 33.36 29.55 31.78 35.30 32.01 30.37 31.39 29.98 25.14 27.42 34.29 27.83 27.01 31.73 32.38 31.72 22.32 24.17 34.82 23.52 20.43 18.25 25.99 20.27 21.94 33.32 34.34 15.10 18.89 19.78
9.09 7.27 4.77 8.00 7.93 6.99 8.50 8.13 8.64 6.33 4.15 1.97 8.37 8.86 2.93 5.66 6.21 10.65 12.81 16.47 20.75 22.74 21.53 23.72 22.89 20.62 12.23 11.85 21.58 22.05 18.41 17.20 19.93 20.75 22.43 24.90 24.33 25.65 27.93 26.80 28.21 28.49 27.80 28.70 28.65 31.30 28.84 25.12 28.67 30.06 30.66 31.50 33.48 33.22 27.76 23.43 25.25 16.33 18.25 22.69 24.38 22.35 20.86 27.73 26.71 19.63 22.58 25.34 34.07 19.50 32.01 26.50 17.69 19.89 21.08 31.45 29.85 11.56 15.78 18.10
6.06 10.37 4.60 7.63 8.09 6.48 1.63 5.77 4.92 6.19 4.49 2.36 9.70 10.86 8.25 3.32 4.70 10.20 11.05 13.09 18.38 21.23 22.49 14.03 23.10 22.40 19.05 8.16 13.85 16.42 18.41 19.83 17.62 21.19 20.76 22.48 23.21 22.89 28.43 29.41 28.74 27.32 28.29 28.76 28.20 29.21 25.84 24.56 28.36 31.84 33.78 33.00 32.10 28.70 27.09 23.76 20.92 13.85 15.85 21.58 20.53 25.08 22.29 28.66 22.56 20.05 24.17 20.94 18.43 31.63 26.76 15.97 17.73 19.38 32.88 30.07 9.04 10.01 14.15 17.05
9.03 8.60 4.90 7.56 7.78 7.16 6.50 6.37 4.78 3.56 2.64 2.10 5.04 9.03 7.44 7.19 2.10 8.68 9.73 12.57 14.93 18.20 19.35 9.94 15.41 22.37 18.89 9.42 14.74 18.01 20.14 18.49 15.06 19.48 19.25 21.84 21.87 22.10 25.45 27.71 25.81 25.20 28.06 28.23 25.60 26.74 27.46 27.82 32.36 34.49 31.75 29.46 29.80 25.17 22.66 18.52 12.22 13.93 20.63 15.49 23.05 24.78 24.78 27.25 17.95 22.79 30.95 27.06 30.81 23.20 16.05 19.33 23.01 17.56 15.33 11.42 27.31 10.39 13.68 15.99
11.44 8.38 4.62 4.36 6.69 6.46 5.67 1.94 4.09 3.90 1.89 0.70 2.10 7.95 8.52 6.86 0.90 4.91 9.74 10.77 11.54 13.23 14.60 16.99 14.42 23.83 13.75 14.40 16.76 20.87 20.65 13.70 14.81 21.24 19.28 20.80 21.15 19.77 24.07 24.16 23.63 24.66 27.39 27.25 24.79 29.00 30.74 32.66 27.96 27.63 25.40 24.10 26.46 23.96 16.50 14.50 13.54 12.55 17.36 19.96 22.22 23.59 25.73 18.02 15.57 26.78 30.15 29.24 25.04 15.90 24.17 29.01 14.79 15.10 13.44 30.28 9.36 11.52 13.47 15.00
10.86 10.15 8.50 6.95 6.35 7.50 6.71 4.56 2.82 5.85 2.04 0.98 2.67 6.40 7.27 7.33 3.30 2.89 3.83 8.95 9.51 11.03 12.92 16.59 15.54 23.69 22.31 13.90 17.16 24.30 18.81 11.90 18.51 22.42 15.87 18.04 18.06 17.98 19.03 20.47 21.09 23.18 23.64 23.94 26.31 30.54 30.78 26.66 25.83 24.04 26.08 22.70 20.87 17.12 15.79 18.05 15.35 15.15 18.88 20.14 21.41 25.34 23.62 16.03 24.56 27.93 27.24 27.49 20.68 24.58 14.89 13.20 30.06 28.25 12.02 22.67 10.07 12.24 13.53 14.42
11.38 9.68 8.16 7.36 6.48 7.43 7.41 6.31 4.87 3.63 3.67 7.34 8.00 5.89 8.42 8.08 6.35 3.26 2.11 7.33 9.00 10.70 13.67 17.11 14.07 23.36 22.64 16.24 17.36 20.88 18.13 13.46 18.89 18.51 11.97 15.77 16.47 15.04 13.77 14.88 18.91 22.57 21.15 21.45 27.45 26.93 25.94 23.79 23.57 22.00 20.13 22.35 21.49 18.03 16.36 15.33 14.08 16.57 19.12 19.83 20.07 17.24 16.10 19.30 24.87 25.39 26.25 25.64 23.32 27.72 12.76 30.23 17.71 13.36 25.73 26.90 10.54 12.87 13.96 13.96
11.53 9.58 7.68 7.05 5.95 6.58 6.51 6.58 5.86 5.04 4.68 3.90 3.54 5.38 8.42 7.61 6.96 6.31 0.71 6.42 9.76 10.97 12.09 15.79 20.92 23.48 24.65 19.57 15.78 19.07 19.45 13.16 14.19 12.93 10.88 14.92 15.11 12.22 14.33 16.50 21.34 24.12 21.67 24.26 26.94 24.21 20.65 19.29 20.09 20.18 21.29 21.23 19.58 15.91 14.71 13.28 14.78 15.75 17.71 16.15 11.58 14.57 20.09 23.41 24.29 24.67 25.49 25.50 25.39 26.48 24.75 11.33 13.30 24.35 27.82 8.50 11.17 13.81 14.14 13.07
9.44 11.45 9.82 7.26 6.47 5.48 5.02 5.69 5.39 5.05 5.07 4.85 4.84 5.01 8.58 8.17 7.77 6.44 2.73 2.17 9.35 7.07 11.47 14.44 21.67 24.77 25.81 20.76 16.51 21.12 20.26 11.54 12.95 11.73 8.70 11.85 11.89 11.93 14.45 16.40 22.49 23.98 25.44 26.89 26.25 21.87 19.49 18.44 20.47 20.37 16.95 17.00 13.57 8.07 8.04 12.46 14.02 13.05 14.23 7.79 9.07 16.04 22.94 23.65 21.61 20.83 22.89 23.26 23.75 25.08 23.23 18.51 22.24 20.36 21.70 8.81 12.05 14.47 13.46 11.74
10.08 11.84 11.05 9.74 8.23 6.50 4.80 4.90 5.78 6.12 6.04 6.28 6.95 5.94 6.91 6.09 8.17 6.60 3.96 3.58 9.21 7.40 11.91 13.79 21.39 25.15 25.95 20.96 18.11 22.01 18.05 9.89 11.25 7.96 5.64 9.38 11.04 12.02 12.53 14.18 18.87 24.83 23.60 23.04 21.43 19.24 17.36 17.23 19.37 18.99 17.89 13.06 7.41 5.62 9.27 14.03 13.04 12.13 10.62 6.76 10.49 19.41 21.99 22.21 21.45 22.92 10.37 9.66 9.65 8.90 21.27 18.84 10.74 21.25 9.06 9.75 12.83 14.26 12.33 10.61
10.15 9.40 9.77 9.69 9.01 7.14 4.96 3.53 4.69 6.08 6.83 7.22 8.16 8.80 9.53 8.91 8.17 5.55 2.80 4.16 5.35 8.14 8.71 13.00 20.46 28.28 27.52 22.60 20.56 22.09 15.95 9.41 7.05 13.42 3.71 7.02 10.37 11.85 11.60 20.30 18.09 25.76 24.23 21.89 19.89 16.83 13.86 16.52 18.22 14.46 12.48 11.09 5.23 5.70 13.38 15.99 13.14 13.17 11.64 6.91 12.84 10.21 21.53 20.53 9.11 9.53 9.12 8.51 8.38 8.33 8.56 9.70 15.68 20.10 9.23 10.93 13.21 13.25 11.34 9.92
8.63 9.01 7.34 7.08 7.99 7.31 5.57 6.01 8.30 9.21 6.07 6.97 7.54 9.25 10.16 9.93 9.08 7.16 5.16 4.98 6.23 8.79 10.73 9.52 19.80 28.46 30.81 25.92 23.77 20.50 15.45 9.00 3.87 3.22 3.00 6.11 10.40 10.95 20.41 22.43 22.38 24.85 22.03 19.86 17.01 12.26 12.28 16.73 15.37 11.79 9.53 8.19 6.20 7.74 14.72 15.01 15.41 14.78 13.96 15.34 13.79 8.48 7.88 20.06 22.14 22.78 23.41 22.67 23.20 19.68 8.82 9.44 9.59 8.70 9.50 11.77 13.02 12.00 10.36 9.47
6.59 4.93 6.65 5.51 6.01 5.96 6.17 4.52 2.10 8.28 9.47 4.94 5.68 6.22 8.35 11.17 10.48 8.58 8.38 8.93 10.27 11.77 14.88 13.50 19.77 27.90 30.55 28.17 25.76 19.14 14.41 6.95 1.69 2.71 2.63 6.74 9.36 9.72 20.57 23.44 23.86 20.84 18.98 16.85 13.02 10.96 14.26 15.91 15.30 12.06 7.14 7.49 8.85 10.65 15.02 14.06 15.23 15.56 14.06 15.10 16.84 18.24 20.29 17.63 17.52 17.58 17.57 17.78 16.64 9.20 10.66 21.58 9.15 16.04 9.88 11.67 12.50 11.22 9.41 9.25
2.31 3.24 4.95 5.19 5.41 6.58 7.40 6.75 4.92 2.11 6.93 4.41 5.29 4.43 5.06 7.87 10.84 9.78 10.24 11.18 13.05 15.55 19.59 18.52 15.84 22.78 29.80 29.92 26.58 17.61 11.56 4.48 4.18 11.74 2.92 5.35 6.83 16.60 20.03 22.88 26.99 18.55 17.34 16.07 12.73 13.55 15.18 15.72 12.69 9.28 4.15 9.50 12.37 11.50 11.87 13.03 15.25 15.39 12.54 12.33 14.79 16.13 14.01 14.31 13.32 13.04 17.13 15.38 10.06 19.64 22.84 7.61 8.72 9.51 10.01 10.84 11.77 11.07 26.65 9.08
3.02 2.79 4.47 6.45 5.89 6.20 6.93 6.92 6.17 4.60 2.95 4.00 6.93 5.97 3.56 9.63 10.52 9.47 9.59 10.91 14.09 17.18 21.87 20.86 17.10 22.18 30.07 30.67 24.43 18.31 9.91 5.18 6.64 5.60 4.39 4.86 12.51 15.23 20.33 17.93 20.28 18.00 16.36 15.08 13.86 13.66 14.06 12.25 9.15 6.88 6.20 12.18 13.50 12.65 11.83 13.55 16.61 10.30 13.27 12.70 11.38 9.94 8.66 10.47 10.26 13.64 18.92 13.26 20.15 19.12 14.26 6.65 8.72 10.12 10.04 9.98 10.94 11.13 9.79 8.69
4.49 2.94 3.44 5.79 6.20 4.21 4.94 6.39 6.52 5.53 3.33 3.45 6.27 7.56 3.50 8.46 9.45 10.56 7.28 13.64 13.19 15.39 20.75 21.31 20.20 23.59 30.68 29.96 23.21 17.42 11.41 9.39 7.96 5.11 6.07 2.96 11.60 15.12 19.88 19.29 18.99 17.24 15.79 15.11 13.55 12.74 11.59 11.43 7.74 8.87 11.72 13.74 12.89 10.70 9.84 14.93 16.06 7.19 12.48 12.93 9.29 8.37 9.28 13.27 15.91 18.40 20.25 17.84 14.27 14.23 21.13 18.29 16.96 19.52 22.28 24.11 10.64 10.70 9.68 7.81
6.51 5.27 4.84 6.10 7.54 6.63 5.73 7.11 7.79 6.67 4.39 3.35 5.65 4.64 3.73 3.28 3.69 5.69 6.77 8.97 12.60 13.90 18.11 23.87 24.82 27.39 30.74 27.96 22.83 19.38 16.08 13.82 10.38 12.80 5.40 2.14 12.16 15.91 14.49 18.28 18.19 19.21 16.53 14.96 12.78 11.99 12.00 9.82 7.42 8.30 11.84 11.93 11.75 7.78 10.85 14.39 10.56 10.52 12.73 7.99 7.18 11.32 15.39 14.77 15.72 19.02 20.99 8.42 14.94 21.40 18.65 13.59 15.33 13.11 17.58 21.70 18.59 9.54 8.61 6.89
7.58 6.76 6.02 6.75 7.60 7.25 6.29 6.93 7.65 6.86 4.62 4.98 3.11 3.39 5.74 6.16 5.74 5.60 6.85 8.01 12.46 13.86 15.48 19.97 26.20 30.21 29.50 26.38 23.33 21.90 20.46 17.19 14.56 10.81 9.71 11.20 13.59 16.89 15.06 18.03 17.79 18.34 16.92 14.47 12.39 11.10 10.40 10.34 9.62 10.09 8.88 9.55 2.72 10.38 10.86 8.44 8.95 9.72 9.03 8.77 9.82 12.77 15.55 11.93 16.70 17.36 18.10 21.48 19.92 18.44 14.52 15.72 18.79 11.89 13.86 24.00 23.78 21.38 20.55 16.59
7.19 7.92 7.14 7.12 7.16 6.78 6.34 6.71 7.25 6.89 4.36 5.48 6.44 2.01 2.54 5.44 6.75 6.43 7.53 8.10 11.82 13.03 12.21 19.87 24.76 30.65 29.36 27.01 25.32 23.49 22.28 20.03 15.30 7.34 9.27 12.80 14.77 17.62 20.41 20.37 19.09 18.08 15.97 13.59 11.65 9.60 9.16 8.79 9.93 9.54 7.16 8.96 5.85 10.19 2.52 7.00 8.96 9.03 12.20 9.79 10.05 12.56 11.43 10.75 13.88 16.32 16.50 15.66 12.94 19.37 14.37 18.40 18.94 16.20 13.00 24.76 22.21 17.03 15.50 19.96
7.32 6.37 7.13 7.12 7.40 6.46 6.56 6.89 7.11 7.18 5.29 5.39 7.82 4.15 1.78 3.97 4.19 4.47 8.16 8.64 9.60 11.81 10.73 15.89 24.60 31.11 31.14 28.50 27.53 24.99 22.35 20.64 14.23 5.44 9.06 13.43 9.34 18.09 16.72 20.84 18.95 17.00 14.35 12.17 10.01 8.19 9.90 8.09 7.60 2.69 7.88 8.40 10.12 7.32 2.59 7.58 6.10 11.41 14.03 7.74 10.64 11.92 11.19 13.49 10.93 16.98 16.96 19.04 13.43 14.46 15.49 16.89 17.73 17.94 18.80 16.21 17.61 19.71 14.99 14.47
2.64 2.92 3.36 4.98 6.00 4.98 5.16 5.37 6.43 6.31 4.80 4.81 7.18 7.32 0.63 2.70 3.45 4.48 7.86 7.58 8.02 9.47 9.90 13.67 23.38 30.85 30.52 27.73 27.40 24.29 21.47 20.28 13.60 4.54 9.28 13.41 14.87 18.32 19.42 21.60 17.88 14.89 12.82 11.25 8.83 7.31 7.14 6.74 6.96 6.73 8.50 2.96 2.63 6.54 4.22 5.68 5.26 13.09 9.08 7.03 11.32 11.71 13.90 10.35 10.81 13.42 11.96 12.40 13.88 8.98 9.84 16.77 19.81 9.22 21.98 18.83 15.12 16.91 17.13 17.21
1.91 2.55 2.60 7.35 3.35 3.29 4.15 5.52 6.33 6.61 5.46 4.26 5.21 6.75 3.83 1.75 1.65 2.80 5.15 8.15 9.25 9.65 8.82 8.94 18.89 26.99 30.57 28.13 26.54 23.94 23.32 23.71 16.73 7.94 6.92 13.53 15.88 19.79 20.05 21.53 15.61 12.22 11.17 9.37 7.88 8.80 6.86 6.04 5.21 6.36 4.09 3.61 3.42 3.99 5.86 5.95 4.79 4.59 5.25 11.96 14.30 14.45 10.97 12.84 12.11 12.70 11.38 11.05 9.95 8.93 16.39 13.42 20.17 16.45 15.55 16.33 17.12 15.43 12.65 14.70
5.74 3.67 6.29 6.54 2.12 1.86 3.39 4.54 5.08 6.76 6.69 4.45 4.74 5.93 4.09 1.36 0.91 2.24 3.42 5.22 7.03 8.90 8.78 7.52 12.43 25.31 33.17 27.77 26.02 27.43 30.39 29.31 21.09 12.98 9.86 14.45 18.59 19.75 23.54 20.70 13.60 12.13 9.29 9.53 8.42 4.55 2.49 3.12 3.22 4.59 5.28 4.76 4.20 4.47 6.05 11.10 12.72 14.29 15.50 7.24 6.45 14.43 4.65 6.63 8.84 12.67 10.99 12.20 12.14 15.54 18.00 16.42 15.50 14.34 18.83 16.65 16.14 17.75 4.00 2.89
5.83 4.05 2.65 1.94 1.36 1.37 2.95 3.77 4.76 7.06 7.13 5.91 4.80 4.33 3.53 2.08 1.10 1.75 2.15 2.59 4.90 7.07 8.04 7.73 12.94 25.83 32.03 23.14 22.45 30.94 34.70 29.58 21.07 15.38 12.29 16.71 23.11 23.91 27.48 18.04 10.74 11.26 10.67 9.67 6.97 7.02 6.00 4.80 2.67 5.93 5.94 5.11 4.11 4.30 5.89 14.39 15.40 15.69 6.37 6.50 5.80 8.70 5.09 13.72 15.81 13.95 13.43 14.90 20.58 12.28 16.78 16.49 16.30 16.92 10.78 18.70 10.62 16.73 17.41 2.75
5.89 5.13 6.19 3.35 3.18 3.31 3.95 5.34 5.53 7.66 7.30 6.09 5.46 4.15 4.88 3.71 2.33 1.88 1.35 1.44 3.25 5.52 6.52 7.94 12.48 23.82 28.78 22.58 20.31 31.15 33.58 25.62 19.82 17.53 16.47 21.53 26.74 28.86 26.08 19.79 13.05 10.96 10.18 7.87 5.13 4.39 3.32 3.06 4.51 7.75 5.96 4.74 4.14 4.20 5.02 5.47 5.56 5.79 5.85 6.08 10.56 10.05 9.36 11.48 11.93 15.00 10.64 10.15 10.05 10.84 15.80 11.70 12.28 11.62 18.40 5.39 4.61 3.35 16.35 16.44
4.12 5.23 4.23 4.57 5.86 5.36 4.50 5.49 6.91 8.16 6.88 5.44 6.45 5.90 6.87 4.74 4.12 2.89 0.39 0.46 1.86 4.07 4.86 6.13 9.83 17.78 23.71 24.01 25.65 30.91 29.26 24.20 22.40 20.98 25.08 28.12 29.91 28.58 23.00 16.99 12.24 9.33 8.84 8.26 6.20 3.15 1.29 0.40 1.95 8.40 6.22 4.82 4.49 4.14 5.57 6.16 5.75 5.27 5.60 6.06 6.26 11.11 8.22 9.48 9.76 5.79 9.57 8.99 13.89 13.69 13.66 14.61 15.63 18.72 11.60 12.83 11.66 16.91 7.63 13.53
3.91 3.36 2.23 3.89 5.75 6.19 5.82 4.57 3.91 6.21 8.10 6.31 9.56 6.06 7.35 5.89 4.58 3.77 2.12 1.68 0.55 2.53 4.16 5.00 5.45 10.35 16.56 22.64 27.21 29.47 24.63 22.70 27.23 26.93 28.96 31.97 30.51 23.94 18.22 16.44 14.18 11.91 11.51 11.19 9.24 7.31 6.38 4.05 3.83 9.62 6.94 5.29 4.14 5.85 6.82 6.50 5.67 5.59 6.46 7.29 7.51 7.53 17.50 8.98 9.38 9.13 8.69 8.53 13.79 13.37 13.60 14.54 15.19 15.34 15.67 14.91 13.06 15.37 12.98 10.73
3.58 3.45 1.04 2.63 4.39 5.98 7.12 7.33 4.83 6.36 8.12 9.27 8.13 6.89 6.11 6.44 5.00 4.31 3.57 3.00 2.02 2.89 4.99 5.21 4.11 5.55 10.36 18.00 24.04 24.45 28.45 29.96 30.65 29.60 28.81 28.67 24.78 19.55 17.85 18.01 16.02 15.81 16.45 13.96 8.75 5.40 4.69 1.72 12.89 10.87 7.81 5.44 4.83 6.14 6.31 5.26 5.36 5.87 6.37 6.51 6.62 6.58 7.48 7.94 8.15 8.11 13.79 13.76 14.09 13.73 13.09 12.98 6.92 6.35 6.87 6.50 6.37 7.27 6.98 5.70
1.94 1.65 1.79 0.79 1.38 4.18 7.18 9.46 9.58 10.26 12.07 10.78 9.78 12.75 7.79 8.98 8.26 7.20 5.92 4.90 3.99 3.22 4.11 4.85 4.10 4.60 8.56 14.43 20.20 21.27 26.15 32.43 33.16 28.65 27.24 24.96 18.09 17.24 20.72 18.75 17.26 18.10 18.11 14.26 9.36 7.48 4.48 16.67 15.19 12.57 8.84 5.67 4.96 5.43 4.72 4.28 4.49 5.46 6.11 10.12 10.68 11.64 7.40 13.80 13.55 11.87 10.59 10.87 6.04 5.81 5.14 3.71 4.38 5.73 6.85 6.92 4.53 4.30 4.02 4.82
5.56 4.19 1.64 0.75 1.19 3.12 4.89 6.46 8.95 9.56 11.35 12.27 11.58 11.04 8.48 11.12 14.03 14.61 13.96 12.50 9.51 5.83 4.56 3.67 3.94 6.26 8.76 9.92 16.44 21.81 25.02 24.85 28.06 26.80 22.94 16.20 15.79 20.09 22.34 18.56 17.61 17.95 16.81 16.02 14.61 12.86 11.22 19.42 18.16 15.39 10.86 6.32 3.93 3.20 2.54 3.91 5.44 5.99 6.00 10.32 11.14 12.29 7.01 12.28 11.12 10.52 11.59 11.91 12.22 11.98 11.29 12.35 13.53 14.70 14.71 14.57 13.63 11.48 8.51 5.04
7.11 6.33 8.05 3.53 2.61 3.86 3.27 4.24 7.17 7.99 7.19 7.35 6.82 8.23 9.44 11.85 16.12 19.85 21.58 22.18 19.78 15.94 12.17 8.42 9.17 8.56 5.20 6.04 11.23 20.81 27.61 28.89 27.12 23.37 21.09 18.48 16.75 21.01 21.94 19.13 17.90 16.94 15.72 15.41 16.14 17.56 19.07 20.10 18.72 17.47 13.99 8.21 3.99 2.87 3.56 6.17 6.93 6.60 10.33 9.03 9.29 10.42 11.22 11.34 12.51 6.69 7.06 6.82 6.88 6.90 8.12 9.50 10.07 14.49 11.86 7.59 12.53 10.00 4.04 4.17
7.51 8.73 12.12 9.69 4.67 3.22 1.43 3.21 5.11 7.76 7.04 6.83 8.98 10.49 10.71 11.45 13.97 16.62 19.16 22.21 24.61 23.77 22.21 20.74 16.40 10.14 8.87 2.63 8.58 20.79 29.32 31.10 32.05 23.60 19.98 24.59 20.91 20.43 20.23 19.36 19.14 15.57 13.92 15.00 18.54 19.18 21.19 19.27 16.96 15.44 14.30 10.89 7.09 5.39 5.73 6.94 6.73 6.15 5.89 5.75 5.43 10.28 11.35 12.06 12.68 12.83 12.13 12.20 12.12 13.05 5.79 2.48 3.20 3.93 4.41 11.44 12.86 13.47 10.17 3.91
10.41 11.57 6.02 13.84 11.06 2.92 2.56 3.27 4.99 7.46 11.36 15.60 15.64 14.66 14.00 12.17 11.30 10.33 11.00 10.35 17.07 26.23 29.24 28.86 24.27 18.33 12.91 6.75 8.63 23.65 29.74 26.93 31.20 26.77 17.21 20.91 18.08 16.01 15.32 16.07 15.39 14.00 14.92 14.98 16.73 16.92 18.39 17.16 15.59 12.81 11.03 10.50 9.17 7.84 6.86 5.96 5.69 5.71 5.82 5.77 5.78 4.96 10.08 9.93 8.82 9.31 10.11 3.74 3.14 2.56 2.48 3.15 3.76 12.36 12.69 12.90 12.36 12.43 11.87 11.68
12.39 8.85 6.60 2.84 12.86 13.26 5.28 9.59 12.95 15.36 18.95 23.20 23.59 22.06 18.43 17.42 14.47 13.13 13.16 14.32 20.67 27.97 30.14 30.74 25.83 23.25 24.70 18.16 12.29 24.51 28.05 22.05 27.54 27.42 18.57 16.52 16.21 11.36 11.22 12.17 11.30 10.54 11.69 10.75 10.07 11.48 13.70 16.59 20.65 13.16 11.27 10.37 8.89 8.17 7.81 5.96 5.56 6.06 5.96 10.75 9.40 9.07 3.58 3.00 4.66 4.34 4.48 4.49 4.06 2.84 2.21 2.77 7.67 2.57 12.89 12.53 12.34 11.40 11.18 11.64
