examples/cougarCreek-fire/createInputs/WindNinja/wrfout_d3.2015081212.f20/cougarCreekFire_08-13-2015_0800_217m_non_neutral_stability_ang.asc
ncols	146
nrows	140
xllcorner	610065.000000
yllcorner	5095217.000000
cellsize	216.586807
NODATA_value	-9999.000000
[rows 0 to 42 of 140, columns 0 to 95 of 146]
132 145 101 101 105 33 21 19 15 13 10 5 4 3 19 1 18 17 357 357 356 354 352 351 351 349 346 343 343 346 347 351 345 346 346 345 345 345 344 344 342 342 341 339 339 339 339 337 336 326 334 309 331 323 332 332 322 292 318 317 318 298 311 310 308 289 298 299 302 304 307 302 290 284 285 287 272 250 246 246 248 254 260 265 268 271 272 270 271 274 276 280 290 280 281 278
132 145 101 101 105 33 21 19 15 13 10 5 4 3 19 1 18 17 357 357 356 354 352 351 351 349 346 343 343 346 347 351 345 346 346 345 345 345 344 344 342 342 341 339 339 339 339 337 336 326 334 309 331 323 332 332 322 292 318 317 318 298 311 310 308 289 298 299 302 304 307 302 290 284 285 287 272 250 246 246 248 254 260 265 268 271 272 270 271 274 276 280 290 280 281 278
151 130 110 151 146 106 58 14 69 90 99 118 3 354 69 49 63 23 19 0 358 355 351 348 348 348 333 330 335 334 336 345 350 350 345 345 334 326 336 319 323 318 317 315 316 330 316 311 312 308 307 303 307 324 331 331 321 293 320 310 290 274 280 276 280 266 301 300 276 302 301 297 249 286 286 262 255 262 255 252 254 258 261 264 265 265 265 265 266 266 266 270 279 263 256 258
191 157 136 160 159 129 110 81 71 21 96 134 353 350 355 10 52 53 44 17 1 356 354 345 343 338 317 327 334 328 304 324 350 347 346 348 341 329 324 319 321 320 322 319 319 315 309 313 304 303 307 311 311 320 330 331 319 289 287 275 274 271 272 272 273 261 304 269 283 296 274 246 289 288 285 257 254 278 268 264 264 263 262 262 262 260 259 260 259 255 252 256 261 268 271 248
206 153 162 162 167 141 94 92 338 337 89 130 350 351 346 349 51 43 45 35 7 354 348 324 339 340 337 310 304 301 307 316 340 341 340 344 343 331 327 324 321 323 319 318 322 317 313 314 310 311 310 311 310 321 318 314 279 308 271 318 290 267 271 278 263 305 266 299 294 276 247 290 289 288 258 272 276 275 273 271 269 267 264 263 262 261 261 259 255 251 251 252 253 257 260 259
194 153 184 161 177 170 153 137 122 92 69 108 320 340 335 345 46 32 29 7 4 350 344 344 308 337 334 307 306 307 308 300 326 329 336 343 339 331 319 319 317 320 316 316 319 317 318 318 313 314 314 311 312 322 304 281 275 309 323 273 281 273 280 269 305 265 278 285 274 242 290 257 257 284 280 273 260 275 277 275 272 270 267 264 262 262 261 259 255 253 253 253 251 249 249 253
182 156 191 204 176 186 173 231 146 154 132 96 229 325 334 326 277 26 359 359 354 352 344 331 300 333 302 318 311 310 314 308 316 319 331 343 335 329 325 319 319 312 311 312 313 321 315 314 338 330 330 326 306 298 290 296 295 285 284 279 275 288 284 253 287 279 278 271 249 290 258 270 286 279 274 249 275 280 281 279 275 272 268 265 263 262 262 260 258 257 257 255 252 248 246 250
182 173 168 171 185 189 179 158 157 275 175 206 236 291 302 314 291 321 28 347 343 340 333 321 295 324 328 302 313 334 312 321 321 310 321 339 326 322 319 320 315 310 307 310 310 312 317 332 328 326 304 299 300 301 295 293 288 291 283 284 285 281 257 310 267 276 275 265 250 260 288 284 271 248 278 238 277 280 282 283 279 273 270 267 265 264 263 261 261 261 260 259 256 253 251 251
192 183 189 186 189 196 194 188 180 186 195 280 285 247 307 315 311 284 349 335 325 323 317 308 282 313 321 297 309 308 309 318 310 304 310 325 315 314 319 318 308 314 311 305 331 308 308 316 301 302 297 299 308 304 308 296 281 289 292 295 278 262 257 260 274 275 272 261 261 274 284 254 246 282 251 254 278 280 283 285 281 276 272 270 267 265 264 264 265 266 265 264 263 261 259 257
202 194 188 177 189 181 190 197 198 213 217 215 237 249 254 295 301 311 201 322 310 309 309 297 293 279 315 296 296 306 311 311 305 301 305 314 310 315 325 317 305 308 310 321 309 335 310 303 309 304 303 311 305 295 273 273 275 281 283 266 248 318 266 275 273 265 261 256 262 266 255 283 280 251 250 279 280 283 286 285 282 277 274 271 269 267 266 267 270 272 272 271 269 268 265 262
249 210 197 189 185 187 195 198 205 213 216 230 244 258 291 296 302 303 227 302 302 287 301 292 285 276 311 296 297 308 312 314 315 302 302 305 304 318 321 302 301 301 334 309 311 338 308 309 303 313 330 307 276 263 264 266 268 272 258 251 292 262 276 277 265 265 269 265 267 267 254 254 251 253 242 280 283 284 286 284 281 277 275 273 272 271 270 272 274 277 280 280 277 274 269 265
251 217 214 203 198 190 193 201 208 213 220 232 243 253 259 259 310 300 256 249 295 273 293 290 282 280 301 286 289 303 308 306 303 290 284 293 303 313 304 294 285 330 302 337 339 340 303 299 305 309 296 282 261 260 272 275 271 270 263 313 268 278 280 272 270 283 297 292 286 284 268 258 283 246 277 282 284 284 284 284 281 277 276 274 274 274 274 276 277 280 285 289 288 282 274 268
219 219 217 220 210 209 189 207 220 208 225 233 239 240 282 290 299 240 250 234 260 261 265 287 280 283 292 286 290 323 304 309 297 342 275 285 290 303 311 326 285 329 339 307 342 308 293 305 301 297 279 262 263 271 274 276 277 277 276 273 306 327 285 282 310 303 299 294 287 282 281 283 248 241 283 285 286 284 283 283 264 280 277 275 274 275 277 278 280 282 287 294 300 299 287 277
247 244 236 212 210 213 206 250 255 258 235 225 225 230 271 279 291 249 225 238 250 257 258 267 278 280 275 279 290 320 307 299 306 274 310 309 290 294 331 326 302 334 342 345 314 293 293 300 302 284 268 259 273 266 279 282 285 295 290 297 317 332 325 287 283 280 270 266 263 251 294 288 284 286 287 287 286 285 283 282 283 282 278 276 274 274 277 280 281 283 287 295 308 323 307 289
247 240 237 219 217 214 210 199 216 260 261 238 228 225 220 279 288 287 233 235 239 244 254 258 281 280 273 281 288 316 299 287 238 280 316 316 284 289 329 324 324 335 341 315 293 299 293 313 308 288 260 265 266 262 270 269 282 291 290 293 298 294 288 284 270 250 245 243 241 309 260 271 291 278 291 287 285 286 287 284 285 284 279 275 273 272 275 279 282 283 286 292 308 336 327 303
158 186 205 206 212 215 215 219 211 224 261 240 227 232 242 244 281 280 234 242 246 248 265 272 270 270 273 279 287 314 288 247 247 335 292 279 284 322 324 323 297 331 338 310 296 301 314 312 305 263 256 272 278 281 270 274 290 283 276 282 281 273 258 251 244 247 256 246 272 260 274 306 296 294 295 290 284 285 277 292 290 287 280 275 271 271 273 277 280 282 283 286 299 337 345 326
142 174 210 212 212 224 221 223 222 204 205 225 230 229 249 268 270 242 234 240 248 251 266 294 268 266 270 282 299 293 276 258 286 248 285 256 325 318 319 287 327 330 337 342 310 316 313 306 286 257 256 287 294 283 269 299 292 282 272 276 283 264 256 260 255 270 265 254 269 291 299 311 299 298 300 296 289 286 292 298 295 288 281 274 271 271 272 274 277 278 278 279 288 324 332 7
135 154 209 219 218 211 226 226 226 220 194 236 253 257 258 264 262 263 243 262 252 256 262 280 261 263 271 283 296 285 268 271 277 281 295 300 332 317 317 284 332 333 338 306 310 312 312 288 279 268 290 305 297 269 283 291 275 274 275 261 263 270 279 273 270 290 293 295 305 303 287 263 260 271 278 283 303 294 290 294 290 290 281 274 272 273 273 273 274 275 275 276 282 310 284 329
167 165 197 220 220 206 212 225 230 223 203 240 267 254 218 206 225 237 235 248 254 249 254 252 255 262 275 287 284 276 271 276 279 330 299 350 336 320 291 283 293 292 341 348 312 294 291 289 271 294 299 298 271 233 268 266 243 246 259 249 253 273 283 287 293 298 305 331 307 288 265 261 263 270 269 280 291 306 295 290 293 291 282 276 274 274 273 272 272 273 274 276 280 298 358 294
200 192 207 225 224 217 218 235 236 229 220 252 264 244 217 229 220 233 230 240 259 250 248 240 251 263 285 285 279 275 277 278 291 286 336 335 334 323 300 296 301 304 348 354 313 297 294 288 309 314 301 259 347 241 265 243 238 246 248 247 251 271 268 276 285 292 285 284 287 276 270 278 276 310 307 290 289 276 276 291 299 295 288 279 275 274 273 272 272 274 277 278 277 281 335 280
267 215 215 229 222 217 218 232 236 231 228 248 238 251 247 242 246 236 237 237 258 239 243 253 253 258 280 279 276 278 279 282 300 294 331 322 330 322 318 304 342 352 357 3 317 318 311 316 313 293 282 240 232 273 305 205 243 255 249 248 254 266 260 264 281 286 292 295 306 292 304 293 287 276 308 289 289 285 284 281 299 306 294 282 274 271 271 272 273 276 278 277 269 263 250 250
241 236 230 230 229 223 232 238 242 237 224 234 247 236 319 285 266 248 256 254 250 233 226 231 241 254 269 273 278 282 279 288 306 301 330 315 298 319 290 328 345 1 8 12 322 297 286 312 297 233 242 220 242 227 358 224 311 269 260 245 255 265 258 265 304 285 289 292 314 306 282 284 296 312 300 292 276 280 299 305 345 317 296 281 273 271 272 274 276 279 279 277 271 264 265 251
283 273 253 247 235 230 242 236 246 243 233 249 266 251 230 304 291 267 263 243 239 237 232 220 231 251 270 273 276 281 280 286 297 278 325 308 312 313 290 328 349 10 17 17 318 327 324 298 232 199 207 48 41 165 348 316 306 250 257 252 268 267 268 302 300 282 281 285 280 297 297 293 299 328 295 281 276 281 284 284 293 346 308 287 277 275 276 278 281 284 285 283 280 275 260 264
262 294 298 267 269 247 234 235 241 248 253 270 271 252 264 238 234 239 245 241 236 238 228 215 232 247 270 271 273 269 265 275 288 274 298 302 305 309 290 327 351 15 20 326 317 299 294 254 192 198 66 62 33 13 345 326 324 322 316 268 281 273 267 249 254 263 266 276 279 309 286 315 288 283 286 280 289 303 310 281 265 269 339 302 283 278 277 281 286 289 289 287 287 288 262 282
298 334 280 274 303 267 254 252 254 268 266 272 280 276 267 272 266 265 256 251 239 235 225 182 219 239 258 268 263 261 269 282 292 283 270 299 300 298 298 330 354 303 329 331 315 299 311 273 220 205 60 42 17 349 333 272 274 277 274 310 319 266 302 316 290 268 266 276 280 283 290 289 282 289 288 282 285 293 359 359 313 295 360 314 287 278 277 281 287 290 289 287 291 307 276 304
305 353 341 314 265 245 284 270 275 287 281 288 302 304 274 294 317 298 273 251 245 227 213 194 203 234 261 275 245 259 282 296 292 280 267 291 296 287 303 334 357 297 302 298 310 317 330 302 219 188 54 34 12 343 325 278 286 285 330 316 315 269 318 283 282 267 272 286 289 315 301 296 293 295 309 300 309 294 299 24 25 36 13 320 289 278 274 276 282 289 293 289 292 308 325 315
295 314 301 348 315 303 325 314 308 300 293 305 315 332 318 312 337 328 277 237 234 220 204 187 197 224 255 285 258 272 290 299 291 266 260 283 284 294 306 306 292 273 283 293 310 296 268 215 173 61 54 35 16 347 321 324 341 347 329 320 272 264 270 281 283 284 308 312 317 314 301 311 310 308 304 342 337 7 296 300 32 33 15 326 293 279 272 271 274 284 293 289 284 307 319 324
344 28 10 348 333 334 334 335 328 313 306 309 311 336 342 351 5 5 354 184 220 207 195 169 181 207 232 262 266 278 298 292 288 281 280 287 297 307 311 307 301 288 294 308 324 330 37 204 196 64 55 31 16 356 330 333 340 341 336 328 330 288 325 325 326 346 316 305 280 272 273 279 291 303 315 311 311 300 304 290 288 292 16 334 297 279 268 266 267 270 276 270 268 267 270 291
88 72 30 349 345 346 333 325 342 332 316 318 319 349 350 1 16 25 49 69 120 183 177 146 156 195 207 231 251 268 290 285 285 291 294 298 306 312 310 309 314 314 325 333 338 343 359 354 122 63 50 25 16 355 335 338 344 345 340 338 335 330 300 322 319 319 317 310 289 279 277 280 283 287 290 287 284 286 288 277 273 286 26 346 296 274 265 263 261 259 258 258 237 237 241 248
119 104 42 359 358 355 357 342 336 344 335 332 335 331 5 15 40 48 68 81 96 139 145 147 137 147 176 220 243 270 271 279 289 296 302 308 311 305 307 316 322 328 338 340 342 4 8 147 61 58 46 27 11 351 342 353 342 339 336 336 330 327 324 323 315 307 290 288 287 289 285 270 270 271 271 265 262 267 265 266 272 280 291 12 305 276 268 265 261 259 258 255 243 253 237 219
284 175 167 195 5 17 2 358 349 346 342 344 355 345 360 26 40 47 62 79 98 137 135 148 151 148 171 212 239 270 266 283 302 304 309 319 310 291 306 320 329 334 341 346 9 29 46 54 55 56 51 34 2 348 338 326 327 332 336 292 295 302 329 300 292 278 268 263 274 268 258 6 4 272 277 275 275 263 250 253 266 289 307 30 339 295 277 269 265 263 260 252 235 235 218 220
314 276 191 327 353 27 30 10 351 354 354 349 3 14 16 22 25 37 42 53 73 100 125 144 137 138 152 207 244 266 269 283 306 314 312 320 292 287 305 311 324 335 345 349 1 22 29 48 52 56 54 41 357 340 326 322 332 337 341 290 298 305 329 295 288 286 286 286 284 281 281 294 302 300 297 300 305 297 278 275 41 280 50 35 357 309 285 273 267 262 257 248 231 233 228 232
315 287 274 178 120 125 93 29 11 351 9 15 27 21 22 27 19 23 29 36 47 64 80 98 120 134 151 189 248 270 286 291 290 315 316 301 301 304 312 305 318 337 345 350 358 15 21 48 50 53 53 47 11 350 340 332 338 347 298 296 294 294 297 302 306 328 326 328 329 332 322 312 312 293 272 281 295 334 49 47 45 48 49 42 16 308 281 272 265 258 254 248 235 193 253 251
311 309 308 288 226 223 160 73 24 25 41 12 359 10 35 34 21 18 19 20 30 41 47 58 78 108 131 150 271 283 296 309 298 310 321 308 314 320 327 328 324 333 339 349 353 16 19 50 49 49 48 43 27 9 352 340 344 354 358 355 351 304 304 308 307 301 301 301 300 291 270 2 7 10 14 285 297 311 339 49 49 328 50 49 50 316 272 268 262 256 253 249 241 211 270 273
312 313 342 311 303 283 312 338 358 7 13 5 23 27 14 49 43 55 69 55 27 26 31 42 41 44 46 39 291 293 303 320 312 304 315 310 313 321 322 325 326 332 338 348 342 360 12 49 48 49 54 51 37 18 6 356 357 2 3 6 356 354 300 289 289 288 283 276 61 47 10 358 5 287 311 315 312 301 300 316 335 317 44 305 55 24 272 265 260 255 253 249 238 207 242 239
51 44 27 8 310 310 349 3 1 360 355 359 9 16 28 15 22 34 45 59 26 20 13 16 11 15 21 19 330 309 312 329 322 299 294 294 290 288 274 271 279 300 313 321 334 335 347 359 12 47 53 57 51 34 26 18 16 13 10 320 314 302 345 342 43 46 54 58 59 49 7 356 283 34 301 304 303 302 304 304 306 36 340 331 51 44 284 264 257 255 253 248 230 200 240 239
71 62 45 347 312 318 319 348 350 350 353 358 4 10 15 21 21 15 7 2 359 358 355 345 352 10 12 1 342 326 318 323 327 314 301 294 286 321 321 314 322 327 305 288 315 307 318 344 353 39 39 42 44 44 38 29 25 24 24 20 17 9 4 316 346 46 52 55 58 293 23 0 53 80 79 74 68 64 294 49 40 304 334 342 52 50 343 264 256 254 252 245 227 203 249 244
73 70 22 333 335 327 333 344 344 340 346 358 0 359 354 357 357 346 336 331 333 337 340 345 340 10 24 350 334 323 309 296 312 328 327 330 331 331 329 325 359 317 329 279 265 26 26 346 332 353 3 38 35 22 38 31 27 29 30 29 47 46 48 48 45 44 49 54 59 60 56 96 279 117 107 92 81 74 66 55 48 299 304 291 342 52 52 264 252 249 247 241 225 202 225 213
332 310 322 326 330 327 316 317 344 342 357 350 349 346 348 350 345 342 344 353 354 342 349 355 354 12 28 354 323 297 283 286 291 310 335 345 2 24 22 359 346 334 23 29 22 21 30 40 326 344 338 356 351 11 17 14 11 10 29 30 28 27 23 18 45 18 53 60 63 61 61 74 95 107 113 117 114 104 92 77 66 54 39 35 40 23 68 303 244 240 241 237 223 199 168 207
313 346 334 326 324 328 306 340 342 351 353 347 348 347 353 353 347 349 359 5 359 8 20 13 4 30 46 348 345 295 275 284 292 276 287 293 294 327 24 59 49 4 39 46 15 357 356 354 343 329 326 328 327 323 327 352 354 356 3 17 24 27 22 11 8 11 14 30 34 33 33 69 71 76 86 102 116 127 134 128 103 65 32 19 42 320 65 70 218 234 237 233 222 201 175 213
310 339 332 327 303 302 305 340 343 343 349 343 344 342 350 348 344 348 2 27 36 44 18 357 9 36 50 14 354 314 282 275 275 260 258 263 256 249 282 38 44 39 40 75 65 57 57 55 53 355 350 349 327 304 44 39 281 273 42 273 305 352 8 2 1 353 355 18 25 25 25 30 33 74 75 80 89 110 133 156 171 159 3 7 55 325 39 69 82 223 235 233 223 204 177 155
300 307 323 320 297 298 305 336 336 341 341 336 333 330 338 339 342 358 28 64 71 48 359 340 18 65 64 13 343 313 282 257 247 240 234 240 246 243 243 255 284 273 272 298 335 360 62 67 19 17 8 14 49 2 346 339 341 338 70 76 328 357 353 342 338 339 333 312 301 305 311 337 10 15 21 30 77 82 99 138 184 209 226 202 73 67 288 48 77 130 231 234 226 206 179 159
309 330 332 320 310 298 327 329 331 336 334 331 331 331 333 336 346 19 53 64 48 3 343 349 46 101 68 11 338 304 273 249 229 217 216 226 229 224 222 231 257 267 266 272 277 276 302 336 358 66 6 6 25 22 12 88 97 14 15 357 100 349 324 213 176 161 157 158 163 159 164 174 173 173 177 211 351 35 78 96 163 216 223 200 109 80 66 318 45 93 215 236 227 206 181 163
