examples/cougarCreek-fire/createInputs/WindNinja/wrfout_d3.2015081212.f20/cougarCreekFire_08-13-2015_0800_217m_non_neutral_stability_ang.asc
ncols	146
nrows	140
xllcorner	610065.000000
yllcorner	5095217.000000
cellsize	216.586807
NODATA_value	-9999.000000
[rows 43 to 85 of 140, columns 0 to 95 of 146]
301 301 327 298 296 300 326 322 328 335 331 327 320 321 325 338 352 14 28 31 360 332 339 6 49 90 45 19 1 285 277 262 239 225 214 214 211 211 209 202 212 234 241 234 220 228 246 268 298 333 342 332 350 359 353 346 326 315 245 193 178 147 137 141 145 145 150 151 87 147 85 83 77 69 62 172 181 202 6 80 99 211 231 218 133 99 82 72 68 74 113 236 225 201 181 168
299 300 299 313 310 316 323 325 329 326 324 317 321 332 329 344 340 358 18 7 348 332 347 10 35 40 23 29 26 287 287 277 267 252 233 216 207 198 197 195 198 205 197 168 164 195 253 299 326 335 298 295 305 301 265 220 174 143 133 135 134 130 129 99 102 97 97 99 99 94 93 93 83 69 63 65 61 58 213 32 80 126 240 232 149 109 96 81 70 68 80 211 309 191 308 271
314 310 313 316 313 320 320 326 325 314 292 315 336 341 338 342 343 15 39 19 347 339 345 357 15 15 14 34 11 296 292 281 273 262 252 245 228 190 188 201 194 130 99 94 99 175 229 249 315 348 308 197 175 167 158 149 121 120 125 131 128 98 92 87 59 41 244 232 79 213 245 231 236 253 255 236 61 230 244 264 54 84 243 239 170 117 108 95 82 74 81 129 208 180 313 155
290 292 293 312 315 319 318 319 314 289 313 328 349 337 338 342 360 49 36 12 340 337 337 342 3 13 26 44 4 323 303 289 278 268 259 251 246 239 222 192 165 141 120 107 110 234 225 206 202 161 119 112 115 117 117 116 108 85 84 86 83 75 64 49 20 260 58 68 284 83 89 90 91 274 274 308 80 262 251 263 309 69 187 236 188 129 117 107 92 83 338 99 170 158 144 142
287 289 291 316 318 315 297 315 312 310 324 343 350 348 358 25 296 302 11 355 339 329 332 344 5 21 41 46 5 329 310 291 272 274 261 249 248 256 244 229 187 204 199 203 261 222 203 190 127 115 108 110 117 119 113 108 82 54 44 53 56 56 349 326 18 26 302 317 78 88 96 302 272 272 292 302 99 106 87 259 275 63 70 215 188 142 128 119 108 95 85 84 115 2 136 134
284 286 297 312 299 296 284 316 316 320 338 342 348 359 330 300 310 315 1 352 339 327 336 360 15 32 48 39 19 347 313 296 264 280 263 244 241 257 257 271 264 233 233 212 243 221 204 141 124 110 107 110 118 119 105 73 46 32 35 46 57 61 57 46 31 48 75 82 338 313 265 264 276 280 274 280 301 114 270 242 250 307 67 86 142 145 140 134 127 114 96 91 13 118 357 353
285 287 290 290 294 309 316 324 320 330 337 345 351 334 304 345 347 349 345 352 341 334 347 6 8 28 35 34 29 303 329 286 276 279 270 248 225 247 259 279 240 281 238 219 173 214 143 123 109 99 93 95 103 112 108 22 348 359 36 45 54 60 62 57 313 299 293 278 270 269 262 252 253 248 250 255 258 250 111 179 221 253 70 79 93 121 139 143 139 134 122 107 102 5 5 355
286 287 286 290 314 318 314 322 326 334 352 353 347 347 338 337 340 341 347 357 348 342 347 347 359 16 30 37 343 310 335 299 288 292 282 254 231 245 253 263 271 270 283 302 152 132 108 98 92 85 80 84 94 106 154 249 305 342 358 8 46 54 63 72 71 69 82 87 89 91 92 95 97 232 246 213 106 107 114 232 109 92 78 76 81 93 116 133 140 144 141 129 114 107 104 104
283 283 290 315 321 322 325 329 330 346 333 309 345 340 303 336 339 343 354 359 350 350 348 337 0 26 50 53 332 317 340 310 295 302 289 258 253 257 256 256 257 258 261 286 337 8 82 78 89 87 84 84 89 100 156 260 295 358 346 352 2 13 56 63 65 77 332 85 289 0 62 331 303 351 347 114 113 116 125 281 120 108 91 83 284 82 89 102 125 140 142 138 129 116 107 103
282 283 297 322 322 325 328 330 335 347 346 336 331 329 328 333 342 350 354 354 350 357 355 318 11 53 47 351 326 338 339 316 299 303 286 259 264 267 263 262 256 252 249 257 287 303 350 88 87 86 84 82 78 78 142 270 288 324 352 355 359 323 18 54 58 74 85 89 15 29 93 102 104 109 111 108 105 109 118 122 254 113 107 102 92 182 302 83 95 113 121 128 132 126 116 108
286 296 319 327 328 329 330 330 339 341 331 299 323 326 334 338 344 359 352 350 345 353 349 345 32 35 3 354 342 332 332 337 300 302 270 259 256 253 250 250 251 245 242 247 263 277 286 313 13 49 80 80 77 69 25 280 282 324 352 360 6 15 28 30 28 29 87 19 14 16 32 40 35 26 7 349 294 234 283 117 116 117 341 232 200 92 84 83 81 83 85 96 112 116 114 109
289 301 322 322 325 326 339 334 338 336 297 292 328 344 353 347 351 4 355 350 344 348 353 357 18 15 356 347 341 328 329 341 300 301 269 265 286 280 260 260 262 249 235 227 227 239 250 256 253 277 43 45 67 55 3 307 298 337 11 15 15 21 33 24 12 19 32 23 4 347 304 320 22 111 31 25 108 119 12 331 298 286 241 112 104 204 88 220 84 80 80 349 94 107 110 112
283 297 320 318 306 328 342 329 325 324 290 285 344 354 356 337 342 344 332 334 335 339 347 1 12 1 354 357 343 326 330 324 300 298 281 266 302 283 284 284 277 269 241 206 195 188 214 230 246 274 296 17 36 37 354 316 305 340 13 24 20 343 290 211 108 104 285 334 205 110 108 103 190 4 119 121 28 309 190 107 184 221 100 108 106 100 96 91 80 65 68 87 97 93 101 107
276 290 316 314 315 353 340 321 299 309 284 338 289 352 3 341 328 327 318 321 327 331 344 4 12 6 20 17 338 321 327 334 295 294 281 266 304 288 289 288 284 278 266 210 200 190 182 177 177 230 292 337 330 17 332 322 317 299 295 296 203 149 132 130 132 131 173 106 109 115 119 171 191 177 109 111 113 112 108 108 223 100 100 104 106 294 96 84 72 68 78 225 91 187 245 87
281 289 321 330 348 346 298 306 300 308 339 15 327 350 24 329 318 296 295 309 325 327 345 13 12 10 32 346 330 324 332 311 268 265 260 254 305 287 273 291 287 283 280 259 232 195 187 172 174 168 168 247 331 304 276 286 271 190 188 173 165 173 137 140 139 138 130 121 122 127 129 128 176 111 106 109 110 108 112 198 197 184 188 225 99 94 86 81 83 96 107 258 248 222 91 202
290 292 338 310 296 293 314 290 282 345 103 28 318 62 121 228 251 267 271 283 331 334 14 35 13 27 49 340 323 327 316 270 274 270 261 252 298 285 238 296 282 276 279 281 261 207 197 191 182 163 169 179 215 249 242 192 170 180 170 153 175 174 162 173 183 191 133 131 129 130 127 152 116 111 108 110 113 117 197 200 120 110 185 186 187 198 265 94 298 111 117 112 109 107 103 196
292 298 326 305 305 323 278 290 334 59 102 23 109 206 222 250 270 276 274 267 332 334 352 2 5 58 39 338 326 337 265 272 305 293 289 250 279 294 289 278 284 285 272 285 286 287 279 266 223 201 164 143 144 150 149 150 162 174 170 159 149 138 136 137 131 130 186 188 178 159 117 115 114 111 110 112 116 122 206 195 200 107 201 192 182 88 198 216 235 260 119 121 276 253 118 226
289 297 1 348 341 284 259 334 60 175 200 201 217 232 264 277 282 279 271 264 331 330 339 348 32 68 12 341 338 309 268 302 304 295 296 275 246 288 292 293 281 289 286 286 295 291 295 223 225 212 266 195 140 141 147 151 161 173 166 155 150 144 142 140 136 183 160 128 120 114 110 111 111 111 114 117 197 205 121 120 114 243 245 241 237 234 237 227 237 255 263 300 124 249 290 184
288 323 358 334 325 262 238 46 184 188 214 241 282 291 292 290 286 278 267 263 330 324 342 360 47 49 22 358 303 299 305 307 300 291 295 287 244 281 293 290 285 285 285 279 283 289 296 298 221 286 275 272 269 253 145 147 159 176 164 152 150 149 147 142 136 130 126 124 118 111 108 110 113 113 179 187 117 115 114 117 119 121 125 126 127 131 256 247 245 243 237 245 124 309 122 125
324 358 7 330 327 329 331 121 195 226 266 297 303 303 299 294 288 280 273 315 338 325 326 348 20 33 24 357 310 306 303 303 262 294 289 289 281 278 291 284 285 282 288 288 283 289 283 279 279 270 263 266 289 138 146 151 165 174 165 153 151 152 148 137 128 119 114 113 112 110 108 110 113 114 175 116 119 118 114 118 126 133 136 138 251 248 249 249 242 238 234 232 238 238 254 302
28 22 339 324 19 307 186 211 255 295 303 304 303 302 300 297 294 291 287 327 332 331 328 345 13 23 29 345 305 309 309 263 265 291 279 289 287 285 288 285 283 280 287 293 286 290 294 291 285 269 270 277 298 141 149 161 173 172 164 154 152 156 151 132 120 112 108 109 115 118 114 113 116 118 177 121 127 132 131 134 139 143 143 252 239 231 233 239 233 232 228 221 206 198 214 195
19 28 6 256 245 239 259 292 307 311 312 312 309 308 306 303 300 305 316 331 325 341 338 348 3 13 28 347 311 313 293 306 285 294 282 288 292 282 284 284 285 276 270 291 292 288 298 297 247 288 266 263 271 303 155 168 174 174 166 158 154 157 155 138 122 114 112 114 121 125 121 118 121 125 127 129 135 143 237 238 248 262 258 254 257 250 245 248 243 232 223 224 222 232 245 237
353 35 17 332 317 315 315 316 315 315 316 316 314 310 307 303 302 313 351 329 312 359 342 346 2 17 37 273 325 310 303 308 300 292 284 288 289 285 290 282 282 276 267 282 289 291 296 293 252 241 279 258 268 304 160 172 173 175 171 165 162 160 153 141 128 118 115 117 122 126 124 121 121 125 128 129 134 140 140 142 145 143 212 218 221 231 237 241 238 226 235 206 178 201 181 110
41 33 15 328 325 324 323 320 318 317 317 315 311 306 302 300 308 326 356 339 336 9 326 336 3 24 317 285 283 286 307 304 304 296 289 289 284 289 291 248 274 278 262 268 280 286 293 291 301 224 245 276 290 212 167 172 171 174 177 174 169 162 153 143 134 124 118 119 122 125 125 147 143 124 127 192 131 132 133 139 148 152 144 195 183 139 137 134 192 210 176 124 173 213 265 112
36 22 355 330 326 325 325 324 323 321 330 315 310 307 305 305 309 334 357 347 358 316 322 338 0 25 336 295 335 330 316 310 306 302 298 292 283 285 293 247 280 279 245 239 252 273 281 284 272 256 244 276 294 295 179 175 168 172 183 184 175 165 157 149 141 131 122 121 125 126 161 154 137 125 128 132 137 140 142 150 161 233 223 228 212 199 200 193 201 171 123 216 258 120 113 112
23 13 337 328 325 326 337 326 326 324 320 318 314 311 309 311 314 354 353 346 0 349 337 348 357 14 319 301 330 328 323 306 311 312 305 296 297 293 293 250 278 248 242 242 241 239 253 271 265 287 271 261 272 269 282 276 168 167 181 186 178 169 162 221 150 138 127 123 126 128 125 123 165 125 185 130 138 145 256 248 218 150 149 187 200 227 228 215 137 127 125 192 212 248 257 35
20 7 345 321 321 323 325 326 326 324 323 321 317 313 318 314 319 5 350 340 355 352 352 353 4 16 295 306 337 332 333 317 306 314 315 308 301 291 299 255 252 245 269 245 241 236 253 269 264 266 266 264 271 276 231 260 305 166 172 182 179 169 162 158 153 143 131 126 127 130 129 126 158 126 127 210 151 194 139 138 135 133 136 137 133 127 123 122 122 129 135 132 128 226 67 28
22 7 321 315 316 319 323 324 324 336 325 325 321 316 312 318 323 9 352 342 347 354 4 1 24 359 301 318 338 342 342 320 310 314 320 312 303 302 302 257 249 250 249 245 239 235 275 270 263 246 241 262 273 273 261 223 232 59 165 174 178 170 163 157 152 144 133 139 127 130 132 129 140 142 178 195 212 170 132 171 132 132 133 134 131 125 117 111 110 122 135 127 127 134 76 263
349 334 318 329 315 318 321 336 337 336 338 340 337 327 314 324 330 12 354 348 344 359 13 4 11 348 324 335 337 346 344 325 315 323 323 318 309 306 308 249 263 293 247 286 240 237 233 270 272 268 248 240 269 279 281 246 222 233 164 164 174 175 169 158 150 142 133 127 146 128 130 130 148 180 203 201 156 166 155 165 130 131 173 134 132 125 118 116 114 111 106 85 77 67 42 34
343 329 318 333 317 320 322 338 338 337 342 343 330 325 320 332 337 15 358 350 350 11 20 7 7 316 333 340 344 350 344 325 317 336 336 325 313 313 315 254 269 298 248 247 244 238 274 234 253 243 242 241 273 244 252 264 224 177 296 163 171 179 176 163 151 141 133 126 122 123 108 111 157 178 194 133 116 124 119 130 150 176 185 133 135 135 132 132 134 128 120 92 290 29 13 349
328 322 336 332 319 322 323 339 336 338 341 343 328 325 324 339 341 17 6 351 358 24 11 1 3 317 350 350 338 351 340 325 321 347 307 326 310 304 323 260 278 303 253 253 276 239 233 288 285 285 243 249 275 201 268 234 230 180 165 163 169 178 179 169 157 146 136 129 124 123 150 147 147 163 198 238 97 108 94 105 141 186 224 123 132 147 144 125 139 177 184 158 76 27 294 285
339 337 333 332 319 321 337 337 336 339 341 342 339 319 322 341 341 31 14 350 12 2 9 11 326 320 348 348 339 344 334 326 334 327 314 330 316 311 330 267 264 300 305 256 250 241 233 276 296 281 279 275 274 257 208 269 235 180 168 141 168 177 180 173 160 149 140 127 118 83 102 94 85 76 311 313 90 97 95 126 110 171 251 291 115 147 156 284 294 319 282 240 229 30 285 348
327 333 347 330 331 334 338 337 338 344 346 318 335 316 320 339 345 23 2 355 20 360 4 2 325 1 355 0 354 349 337 331 352 323 343 326 317 327 331 297 269 305 303 257 251 293 236 228 292 264 287 284 279 251 209 252 283 261 230 273 170 176 180 175 162 150 141 136 162 76 83 82 74 56 53 45 77 85 97 96 90 182 214 257 293 187 256 310 286 289 321 314 282 306 289 283
331 341 332 329 330 336 342 339 343 331 328 322 320 336 325 340 6 27 6 3 17 357 2 323 2 358 2 359 349 354 344 339 340 330 331 309 321 333 334 303 294 307 309 280 253 248 278 254 286 299 297 291 295 244 249 248 273 267 235 235 147 175 179 175 165 153 145 154 136 168 74 75 68 55 55 72 78 87 82 124 307 187 108 91 294 307 302 309 297 2 332 294 324 309 346 292
329 338 331 329 333 342 347 341 355 332 332 328 329 333 333 347 17 23 10 13 16 5 355 354 344 360 1 359 357 1 350 343 341 346 331 312 322 339 338 305 320 314 313 287 258 252 299 231 276 302 298 297 300 250 249 245 270 234 182 175 288 177 179 172 166 187 158 147 170 179 62 65 65 53 57 124 82 68 124 97 20 30 303 300 308 326 306 287 296 287 351 345 291 330 319 336
338 340 332 330 337 345 350 342 349 330 329 329 333 332 338 353 24 24 18 18 1 326 349 326 330 359 359 359 359 4 343 339 347 340 332 299 323 339 323 304 312 313 315 291 294 253 278 289 271 302 296 296 310 234 230 240 264 277 255 218 233 148 178 170 164 188 151 173 141 137 134 194 5 29 54 122 119 119 121 337 25 114 343 311 310 340 285 309 309 313 301 1 1 287 322 305
334 341 334 331 337 356 348 341 352 326 342 325 346 331 341 337 28 337 21 330 327 325 346 326 333 1 1 2 357 0 357 337 341 344 332 314 302 341 329 308 311 313 312 293 259 319 287 266 285 274 298 288 301 216 203 204 193 273 249 225 178 241 217 129 163 158 152 146 141 137 135 133 131 283 34 53 120 116 114 114 338 112 0 330 311 348 283 219 23 337 346 308 296 288 288 314
340 341 334 331 340 348 341 350 350 345 323 355 325 330 344 13 342 338 334 330 327 359 324 328 334 1 5 6 356 354 357 345 346 352 331 319 320 345 330 316 325 318 307 313 289 286 304 221 223 220 293 272 296 197 212 211 194 182 182 188 179 174 170 273 164 162 154 145 141 138 136 134 131 125 297 350 119 114 61 101 311 342 99 340 308 313 295 262 277 296 315 321 314 292 321 295
340 339 335 318 347 350 347 342 345 348 328 328 324 331 346 22 340 337 333 329 357 338 326 333 338 357 12 1 349 343 357 355 353 348 334 328 337 340 329 325 328 309 317 303 306 322 308 221 228 223 206 271 319 207 223 213 194 182 185 187 179 174 169 162 302 163 158 147 142 140 137 243 132 122 112 106 107 108 103 93 61 322 14 40 329 301 307 315 325 277 305 309 322 293 328 318
341 340 336 332 355 347 348 325 339 339 331 330 325 332 344 17 338 335 330 359 352 326 328 336 341 4 12 321 348 339 358 350 352 342 340 329 345 345 324 325 326 310 299 305 295 319 294 218 226 290 246 181 193 224 227 204 191 184 182 184 284 177 172 163 158 159 159 306 146 224 141 138 22 121 107 102 339 103 18 97 81 52 334 8 277 328 305 293 302 328 315 301 323 326 301 318
342 341 337 338 347 345 346 324 340 341 331 328 327 336 354 338 336 334 330 356 347 325 332 340 343 14 10 1 351 334 0 351 341 346 348 343 351 347 338 329 312 320 322 312 310 306 336 215 222 298 294 308 210 226 212 193 188 235 246 183 183 267 176 168 157 239 155 100 150 147 147 146 9 31 318 103 321 2 4 106 99 90 303 335 354 348 331 310 293 296 311 302 305 322 326 307
345 340 340 347 345 347 323 324 345 345 331 326 338 338 341 337 334 333 360 350 324 326 334 342 346 14 11 5 353 332 355 346 334 348 355 358 0 347 347 274 273 271 300 320 316 310 327 214 216 267 305 204 220 213 196 188 186 187 186 185 186 258 181 251 162 152 122 91 7 152 153 154 307 4 337 328 325 335 342 129 329 140 115 290 323 345 333 328 324 309 297 292 301 292 313 298
344 342 343 344 344 345 348 344 349 332 330 325 328 344 4 338 1 3 354 344 325 329 336 341 348 15 11 5 357 332 344 355 341 340 356 358 356 348 4 292 285 280 263 322 319 318 292 127 212 210 297 287 207 198 191 188 241 188 188 187 186 264 183 181 294 287 250 70 67 305 278 162 257 306 328 328 334 332 296 274 292 321 322 305 301 322 321 310 322 326 311 300 302 284 299 285
