examples/cougarCreek-fire/createInputs/WindNinja/wrfout_d3.2015081212.f20/cougarCreekFire_08-13-2015_0800_217m_non_neutral_stability_ang.asc
ncols	146
nrows	140
xllcorner	610065.000000
yllcorner	5095217.000000
cellsize	216.586807
NODATA_value	-9999.000000
[rows 86 to 128 of 140, columns 0 to 95 of 146]
339 344 344 342 345 347 349 348 351 331 328 325 329 352 3 3 358 354 329 326 325 332 339 342 359 14 13 5 0 343 346 11 347 322 354 355 355 359 304 296 284 265 231 344 345 318 328 206 208 208 299 290 293 194 191 189 188 209 190 189 186 184 183 179 288 309 287 308 355 345 176 289 282 291 315 323 332 348 287 118 113 278 307 315 308 314 313 277 285 287 304 287 307 313 318 316
341 344 345 344 345 346 328 330 331 331 328 326 331 350 356 2 359 341 330 326 328 334 341 353 6 15 14 9 4 358 4 360 342 313 338 356 352 356 356 279 265 236 206 8 18 325 345 201 163 218 293 295 233 193 191 191 189 188 190 223 250 226 184 180 304 162 313 292 323 338 347 292 287 157 152 294 290 311 327 294 273 313 291 307 303 309 329 332 293 308 316 315 315 317 321 328
343 344 341 344 347 347 346 350 332 332 328 327 333 339 355 0 357 331 330 326 331 338 344 359 14 21 22 15 8 6 9 3 347 316 324 356 350 351 258 246 230 207 194 19 116 318 332 342 162 197 236 291 194 289 195 193 220 212 190 229 231 223 229 182 285 301 298 289 302 308 314 303 302 293 153 127 112 113 130 290 289 288 290 303 314 304 307 296 295 308 317 317 318 320 323 328
346 344 345 344 347 344 346 350 331 331 328 338 333 336 355 2 355 328 329 327 332 340 349 10 28 332 328 356 2 6 324 359 351 324 322 354 355 353 240 225 209 342 194 13 130 316 317 25 152 163 186 291 192 189 208 193 210 208 210 224 269 214 222 250 272 263 285 284 288 293 291 317 329 319 292 293 302 289 84 272 278 277 294 307 285 308 314 305 307 309 314 317 321 324 325 329
347 345 346 346 347 348 350 348 329 330 328 340 334 340 353 326 354 326 328 329 335 342 352 19 338 331 326 4 356 3 6 357 356 338 336 336 4 355 225 210 201 54 191 320 63 288 304 141 197 195 167 249 193 190 192 197 190 206 190 191 247 273 185 255 273 275 280 283 278 279 290 308 198 210 200 313 314 321 299 133 266 300 314 319 326 325 318 314 316 314 314 317 322 326 327 329
348 343 342 345 345 346 349 348 328 329 327 327 334 340 335 359 349 327 328 330 338 345 4 20 337 329 8 4 7 4 357 352 350 347 335 346 13 360 204 58 70 357 182 323 20 314 143 196 195 194 198 198 253 233 219 205 194 209 218 190 248 222 262 235 288 186 289 255 260 261 261 292 208 221 327 306 311 318 308 289 290 300 295 313 321 317 317 316 309 311 312 315 321 325 327 329
346 350 339 342 347 343 349 347 347 324 322 338 333 348 332 353 326 342 330 331 339 347 13 337 336 328 353 3 10 7 347 343 347 348 345 0 22 19 65 193 54 358 179 178 178 149 140 145 192 194 198 195 253 189 190 257 213 216 224 200 229 272 227 234 288 195 196 301 269 266 267 295 217 232 304 293 304 299 292 280 284 294 311 310 307 304 301 299 305 307 306 305 312 320 321 324
347 321 322 323 339 337 350 323 347 320 355 342 330 351 347 350 355 345 333 335 340 348 8 19 335 329 357 3 4 358 348 340 351 2 13 43 188 182 187 189 184 180 180 177 173 131 133 188 189 192 194 222 249 190 191 190 221 249 226 209 219 227 235 240 250 288 289 260 289 263 263 304 232 241 302 307 301 281 254 275 285 291 294 299 313 311 310 303 301 301 296 296 298 311 315 318
323 321 322 325 341 338 351 324 324 322 318 351 349 346 347 349 352 351 331 335 339 346 5 14 332 328 1 355 347 359 2 348 9 25 357 22 134 157 180 188 178 171 174 173 170 175 181 185 187 189 190 210 238 193 193 192 230 192 230 232 217 265 263 193 197 248 284 283 290 270 269 300 243 303 310 327 219 311 289 286 287 293 302 307 304 298 297 307 298 297 299 300 299 292 303 314
348 319 333 325 340 338 329 359 325 353 353 351 351 343 346 346 351 355 329 336 339 351 6 331 328 326 356 345 339 15 335 5 22 38 21 48 85 113 156 174 163 161 164 165 167 173 177 180 184 186 188 189 191 194 194 193 193 195 195 196 262 235 243 200 201 199 203 264 274 277 275 284 303 303 317 332 264 278 285 285 283 286 294 299 298 306 302 307 303 296 303 306 299 303 309 307
319 318 339 335 338 342 329 359 356 358 344 349 352 343 344 344 355 0 330 340 345 12 333 331 328 328 352 348 7 29 21 22 44 15 31 44 68 99 138 156 154 154 156 158 164 170 173 176 181 185 187 189 191 193 194 195 196 196 197 197 241 231 203 205 244 208 213 223 235 276 279 288 285 294 311 322 275 278 281 286 291 293 296 304 308 314 312 313 305 301 298 307 300 309 314 316
320 321 337 339 336 352 359 329 358 2 330 355 353 346 332 343 353 352 332 339 347 341 336 332 328 350 337 5 18 348 23 8 13 20 32 45 65 89 119 140 149 152 152 155 160 166 170 173 178 183 187 189 190 192 195 197 198 198 200 200 202 206 208 210 214 219 225 236 251 262 268 272 274 290 295 316 330 275 276 305 294 300 305 311 299 316 313 310 308 308 315 316 318 315 316 328
317 323 328 342 342 329 354 330 331 329 359 2 349 341 332 333 350 344 344 4 342 340 339 336 356 347 354 340 16 19 25 13 19 27 38 53 69 90 111 128 140 146 148 151 155 160 166 171 176 181 186 188 190 193 197 200 201 202 203 205 208 211 215 220 226 234 244 257 269 264 278 278 276 291 294 303 319 276 278 314 298 298 302 303 311 307 322 306 307 316 318 320 316 315 320 323
313 335 327 342 2 327 344 330 330 359 6 330 348 334 333 332 342 341 347 340 340 13 337 340 342 356 4 6 5 19 28 38 25 33 45 58 76 96 114 125 136 137 138 143 149 155 161 168 174 181 185 188 191 196 201 204 205 206 208 211 214 219 226 233 243 253 264 271 275 277 278 275 287 284 287 294 307 317 285 288 306 294 302 307 311 306 310 305 301 308 319 317 315 312 314 308
319 345 321 352 330 343 344 355 350 330 331 329 344 333 334 337 344 338 348 336 338 337 338 1 10 8 5 360 359 23 11 20 26 36 49 63 77 88 93 94 103 116 124 134 143 150 156 163 172 181 186 188 193 200 206 208 209 211 214 219 224 232 242 244 263 269 272 274 275 276 274 272 273 275 282 288 297 302 292 290 309 306 298 298 306 303 304 305 304 316 311 313 310 308 308 315
323 320 319 8 327 345 359 330 330 356 326 356 343 346 338 335 344 336 345 354 333 336 341 342 338 339 6 358 359 32 10 21 30 42 54 63 67 61 46 33 49 94 116 127 137 145 150 158 167 178 186 191 196 205 212 213 214 217 223 230 240 251 261 268 272 275 275 275 277 279 279 278 277 277 275 279 290 297 306 311 304 300 296 293 289 311 288 294 313 301 312 307 315 309 312 321
323 326 328 322 326 350 327 351 338 5 327 355 355 349 347 348 333 331 340 341 333 16 28 337 337 341 11 4 17 3 11 25 38 47 56 60 57 49 42 52 72 94 112 123 132 139 145 152 162 175 186 193 201 212 218 221 223 229 237 249 260 268 271 273 274 277 266 266 270 269 269 269 269 276 287 294 296 297 301 307 300 297 299 301 307 315 309 308 302 290 291 286 322 317 299 311
324 327 331 329 6 323 343 348 353 336 332 1 325 341 1 355 331 333 338 339 18 340 42 1 10 14 11 7 20 7 31 32 43 48 56 61 68 81 104 111 106 105 112 120 128 135 143 152 162 174 185 195 207 220 229 234 239 246 255 265 273 277 261 279 281 267 267 269 277 279 279 277 276 280 289 297 301 303 307 313 308 305 302 303 316 318 316 319 322 320 311 305 300 303 312 314
323 324 327 329 324 360 321 335 8 334 333 331 351 346 331 344 337 334 338 350 347 42 32 335 2 15 13 6 24 27 19 29 45 50 58 68 84 103 115 119 117 114 114 118 123 130 140 151 162 173 183 196 212 231 248 257 260 262 267 273 278 282 285 286 288 270 270 277 297 301 288 289 291 291 291 294 301 304 306 312 308 306 307 305 310 322 320 316 317 314 315 322 326 324 314 311
329 326 325 325 326 317 354 324 336 360 331 333 333 6 333 333 338 332 338 349 16 342 339 3 5 347 15 1 24 27 30 36 44 52 63 75 86 97 104 108 111 112 115 118 120 125 133 145 157 170 184 199 219 240 261 278 277 272 275 279 284 289 291 290 279 279 282 299 301 303 307 295 296 297 296 296 298 302 301 301 307 311 311 309 310 318 320 318 311 326 313 321 324 323 328 312
332 331 329 328 330 327 320 322 5 331 1 328 345 359 330 335 340 333 339 335 15 17 6 340 345 20 352 7 25 24 30 35 44 56 69 77 82 85 90 95 100 105 110 116 119 122 129 139 154 170 187 206 226 246 267 289 291 282 283 286 292 297 296 291 290 293 298 301 303 305 307 311 314 302 300 297 297 297 300 306 307 310 312 307 303 303 309 312 308 307 320 320 312 323 323 327
337 333 331 330 331 330 328 328 325 332 0 348 359 327 348 352 336 338 341 346 25 27 336 2 347 350 12 11 20 24 30 38 50 63 71 71 78 87 88 83 91 97 103 111 117 120 125 136 154 170 183 201 231 262 278 287 292 290 290 294 298 303 301 295 294 298 287 289 291 292 294 300 304 306 304 303 304 306 311 313 312 311 314 314 309 332 307 310 312 306 322 327 313 303 311 315
331 327 330 329 329 328 328 330 332 2 332 3 326 356 355 353 337 337 342 340 33 342 21 12 16 21 16 24 16 24 35 48 26 65 64 67 57 58 66 76 83 89 94 101 107 97 116 127 149 168 174 186 244 274 277 275 282 291 296 299 303 309 310 303 302 289 294 299 299 300 301 318 307 308 308 309 309 311 312 313 315 314 314 319 322 321 315 313 316 317 318 319 309 301 301 309
330 327 334 329 328 328 327 327 333 336 338 330 2 356 0 349 331 342 348 352 24 24 1 2 11 11 15 13 20 18 48 23 60 57 60 52 62 61 71 77 79 82 87 91 86 95 96 101 122 161 163 169 269 272 269 270 281 294 302 306 310 318 320 315 312 314 300 301 303 319 309 320 310 319 319 313 311 310 311 313 314 314 313 317 324 329 326 325 330 326 319 313 314 316 319 323
326 329 328 333 328 329 329 327 333 340 343 330 0 331 331 346 344 7 332 351 14 7 358 1 13 13 11 24 14 20 29 52 55 62 61 63 57 67 40 76 77 79 81 76 77 77 72 57 30 2 353 340 294 281 279 284 294 304 310 315 320 326 328 324 322 325 309 307 307 309 308 305 304 307 312 313 312 311 313 313 315 317 318 319 321 330 329 328 332 333 332 331 322 326 330 327
321 325 329 327 324 326 330 329 333 338 339 333 333 332 354 351 338 335 333 334 337 339 344 9 18 22 16 21 18 35 39 41 63 59 57 52 56 65 68 66 68 70 71 70 68 68 47 22 1 352 346 335 314 301 300 304 309 314 318 321 325 330 331 328 327 321 322 320 318 315 312 311 312 311 311 314 316 317 317 316 320 321 319 319 321 328 330 327 329 333 336 345 332 327 331 350
320 323 326 326 323 321 321 326 332 340 9 339 4 355 346 357 339 336 334 337 340 345 350 16 23 28 26 20 24 33 46 53 43 36 45 33 55 59 58 60 65 68 67 67 67 44 17 0 349 345 341 331 319 312 310 312 316 319 321 323 327 331 332 330 329 333 336 337 325 322 321 322 322 320 319 318 319 319 319 320 324 327 324 325 324 327 333 334 332 333 333 342 347 331 326 327
323 324 326 327 323 315 316 319 324 334 342 14 359 342 346 355 334 334 334 340 347 353 356 19 33 33 26 25 26 30 36 32 31 34 37 46 52 51 52 54 56 58 64 71 73 15 359 351 342 338 334 326 319 314 312 312 317 322 324 325 329 332 333 331 330 332 334 335 335 325 324 330 324 325 323 322 323 324 324 323 326 330 326 324 325 324 328 334 334 338 336 328 338 329 316 311
324 326 326 326 326 323 319 317 319 323 350 337 327 347 355 351 327 327 330 340 350 357 1 23 43 36 21 23 22 23 23 27 32 33 26 46 45 51 46 46 50 58 68 33 12 359 354 349 340 333 327 322 317 312 310 311 316 322 325 327 332 335 334 326 324 324 325 324 324 323 322 320 319 322 324 324 327 328 328 327 328 330 326 323 322 323 327 331 330 334 339 332 331 338 338 327
325 327 328 327 327 329 329 329 325 320 323 332 0 358 340 330 330 329 331 339 351 11 19 48 49 22 19 22 24 22 13 30 38 33 40 43 46 45 46 42 51 57 56 46 31 352 352 348 338 329 322 318 315 311 309 310 314 319 323 327 333 336 333 331 323 323 324 323 322 322 321 320 320 322 324 325 326 325 323 322 325 328 328 327 327 327 330 333 332 332 332 332 331 342 334 334
325 328 329 326 325 326 329 333 334 333 332 330 354 2 335 337 334 332 337 343 351 15 28 46 30 8 17 18 25 15 10 30 37 36 38 45 44 37 43 43 50 49 43 28 15 12 349 346 335 325 318 314 312 309 307 308 312 314 318 324 330 333 331 325 323 322 321 321 321 322 322 322 322 323 325 326 324 323 320 319 321 322 325 325 325 326 331 333 335 337 330 328 322 320 337 336
325 327 327 324 322 323 326 330 335 338 336 326 318 329 334 337 335 337 342 347 353 23 41 40 360 2 18 18 18 6 10 30 43 43 41 40 34 38 36 44 43 42 37 23 11 7 6 340 331 322 315 311 309 306 304 304 305 307 310 317 325 329 327 327 325 323 321 320 321 323 324 322 322 323 323 324 324 324 324 323 323 323 323 323 325 329 334 333 334 347 343 333 326 347 320 337
328 327 325 322 323 325 327 330 335 338 339 338 333 326 351 336 337 339 345 348 354 25 355 23 357 2 22 17 10 5 15 36 42 39 37 30 22 30 42 44 39 35 26 12 4 339 1 356 324 318 311 307 305 304 302 301 301 303 306 312 319 324 326 325 325 324 323 320 319 322 325 322 321 321 320 320 322 323 324 325 328 331 330 328 328 332 342 336 334 345 342 338 337 328 322 330
331 327 325 323 323 324 328 332 331 336 335 334 333 335 332 12 337 343 13 348 5 23 29 350 357 9 15 14 12 8 22 33 35 35 30 26 27 38 46 42 36 28 16 6 1 1 359 349 337 312 307 304 303 303 302 301 301 303 313 315 317 320 323 323 323 323 322 320 317 318 323 325 324 322 321 322 324 326 329 329 327 329 332 330 330 334 344 340 336 343 343 340 346 342 336 337
326 326 326 326 324 324 328 333 334 333 331 327 328 332 338 342 6 13 26 7 15 350 27 16 12 13 3 13 16 4 9 16 28 33 25 24 33 39 42 39 27 19 11 7 7 6 358 346 336 325 317 301 301 302 301 301 309 309 312 315 317 318 320 322 323 322 320 321 317 316 320 325 326 325 324 322 323 325 330 331 328 328 329 328 327 325 329 332 334 341 341 338 344 342 341 334
328 323 324 326 323 324 331 333 332 328 332 329 329 332 335 330 12 24 14 5 16 30 28 25 13 1 3 15 17 3 5 24 28 31 21 26 39 39 38 30 19 12 13 12 12 6 356 347 338 326 317 313 310 309 307 307 308 309 311 315 318 318 319 322 320 319 320 321 320 316 318 322 322 320 321 321 323 324 329 330 328 329 331 331 328 345 344 345 336 332 340 334 342 340 335 331
327 320 321 327 319 320 330 331 329 331 333 333 331 333 335 342 338 31 345 6 12 17 15 9 357 1 10 24 17 7 0 26 27 26 18 28 35 31 30 22 11 13 15 13 10 2 353 347 339 329 320 314 311 308 307 306 306 307 309 314 319 318 316 321 318 318 321 321 322 318 318 318 318 319 320 322 324 325 329 329 328 330 333 335 336 335 329 348 348 321 330 328 335 336 332 329
324 320 320 321 321 320 329 328 325 326 329 335 332 332 332 340 352 37 14 1 10 14 12 6 355 360 19 354 357 4 4 16 16 16 18 27 29 25 21 13 9 12 10 8 6 356 349 348 342 332 322 316 312 308 306 305 305 305 306 311 318 316 313 318 322 314 314 319 319 318 319 321 322 323 322 321 322 324 326 329 329 331 332 335 338 345 341 338 331 330 332 335 339 334 331 329
323 320 320 320 319 323 328 328 324 324 331 340 334 332 330 336 343 356 17 346 14 16 12 6 351 355 355 352 354 2 7 8 13 16 24 27 28 25 20 15 12 12 10 6 1 354 349 351 343 333 323 316 311 308 306 304 303 303 304 307 312 311 310 313 317 310 311 316 313 314 318 324 326 326 324 322 322 324 326 326 327 332 341 338 336 345 344 338 335 332 354 346 339 333 331 332
324 325 325 316 322 322 324 326 325 324 330 336 336 334 332 335 345 354 344 349 344 12 10 9 3 2 351 351 359 359 4 359 16 22 32 29 27 24 21 16 12 12 10 4 359 357 352 350 341 332 323 316 313 309 305 302 300 299 299 301 304 302 302 304 308 315 318 318 305 313 316 323 326 328 328 324 322 321 322 323 326 331 341 342 333 336 333 329 333 325 324 340 332 336 329 331
326 325 326 325 319 324 326 326 326 325 329 336 337 334 333 335 342 1 343 7 9 359 11 12 345 360 5 7 353 354 3 10 20 29 33 28 24 24 19 12 10 12 7 3 2 358 351 349 342 332 324 317 313 310 306 304 300 289 292 296 299 301 303 307 310 312 314 316 314 318 320 325 324 327 323 324 319 316 318 318 318 321 328 339 336 334 327 325 331 319 316 338 327 332 325 326
322 322 330 319 319 325 326 327 330 327 327 332 335 334 332 333 342 343 16 6 1 3 12 9 345 356 357 355 353 358 359 7 21 29 32 27 24 19 14 10 14 13 8 9 5 357 350 349 347 337 330 323 319 296 293 291 290 292 296 299 302 304 306 309 312 314 317 318 313 316 324 326 321 320 328 326 318 313 313 313 309 310 314 321 332 337 326 322 327 325 318 339 322 322 322 323
322 323 322 327 322 314 317 325 326 330 325 327 332 333 331 331 340 344 352 5 1 3 2 354 357 358 360 353 356 4 1 17 25 32 30 23 14 13 14 15 15 352 351 348 342 357 354 358 332 324 316 312 307 304 301 298 296 296 299 301 304 306 309 311 313 315 316 314 309 303 313 319 317 314 323 325 316 307 305 307 309 312 318 317 317 324 327 316 318 332 321 330 318 319 319 328
