examples/cougarCreek-fire/createInputs/WindNinja/wrfout_d3.2015081112.f15/cougarCreekFire_08-12-2015_0300_217m_non_neutral_stability_vel.asc
ncols	146
nrows	140
xllcorner	610065.000000
yllcorner	5095217.000000
cellsize	216.586807
NODATA_value	-9999.000000
[rows 72 to 107 of 140, columns 0 to 79 of 146]
17.46 19.88 20.27 16.07 11.55 8.02 6.39 6.64 7.52 7.22 6.43 6.33 8.30 12.98 14.46 7.88 1.90 7.33 7.33 7.14 7.63 6.78 1.55 1.81 3.46 5.76 7.33 8.61 8.19 6.97 8.19 7.62 4.65 12.91 9.93 11.43 16.95 7.91 22.07 14.16 14.13 12.42 8.71 10.00 10.01 8.52 14.63 10.64 15.78 14.65 15.47 16.25 22.82 16.05 18.19 22.16 10.44 10.92 20.61 10.44 8.59 9.21 10.30 10.36 10.44 10.48 10.27 10.13 10.29 10.25 16.90 15.64 16.26 15.83 16.45 7.16 13.32 12.85 12.65 12.91
19.68 20.32 17.93 12.95 9.33 7.10 6.72 7.43 7.56 6.60 6.32 8.15 12.21 15.92 13.81 5.60 8.31 7.10 6.73 10.39 7.33 0.57 0.67 1.08 3.67 5.07 3.51 5.32 7.50 7.67 9.52 7.54 5.10 13.79 4.10 7.75 10.30 9.92 22.21 13.97 14.32 12.40 9.84 10.30 10.42 8.74 8.95 22.18 21.71 22.95 15.14 16.94 23.19 10.97 18.41 10.37 10.33 10.29 10.60 10.90 9.69 7.82 8.19 8.80 9.31 9.65 9.79 10.13 10.47 10.39 16.10 15.89 15.81 15.45 16.15 16.89 13.39 13.46 13.04 11.42
19.56 18.17 14.31 10.47 8.10 6.68 6.39 6.70 5.77 4.22 4.80 9.37 13.70 14.67 10.99 4.31 1.45 8.00 5.20 7.44 6.50 0.47 0.42 0.76 3.74 6.10 4.76 5.26 7.42 9.08 9.25 6.63 5.66 7.07 9.90 14.28 14.00 11.74 11.91 12.53 12.31 11.46 10.24 10.90 11.15 9.41 8.48 20.21 25.36 20.08 23.27 23.69 22.65 16.62 10.66 20.50 15.34 9.61 9.94 14.78 10.20 8.31 7.06 7.58 7.88 8.01 8.28 16.62 17.58 17.52 14.60 16.42 16.31 15.93 16.01 15.93 13.31 13.17 12.77 5.68
17.41 15.69 12.58 10.06 8.04 7.02 6.49 5.99 4.69 4.10 5.99 11.22 13.25 11.79 8.52 3.66 9.38 1.70 1.10 11.43 0.43 1.05 1.52 2.01 3.91 7.45 6.97 5.54 6.75 8.69 7.89 6.09 5.39 7.37 12.83 15.45 13.11 23.88 11.77 13.48 12.97 11.01 9.74 10.93 11.86 10.25 8.88 8.96 24.93 17.16 24.06 23.19 21.64 16.30 10.28 16.01 21.60 20.94 16.83 25.08 10.13 9.11 7.42 7.26 7.52 7.58 7.66 7.74 15.51 17.62 15.08 14.69 14.76 14.80 14.29 14.94 14.23 12.83 12.99 12.80
15.19 14.23 12.34 9.94 7.22 6.20 6.54 6.81 6.71 7.60 10.12 13.39 12.86 10.19 7.11 3.05 14.14 7.09 7.34 7.53 0.79 1.60 3.23 5.44 5.89 7.33 7.31 5.11 5.89 6.73 6.47 6.03 6.60 10.18 14.01 12.99 10.84 9.92 10.40 11.19 10.95 9.30 7.84 8.80 10.56 10.44 9.76 9.85 10.52 22.70 24.26 22.07 24.05 15.33 15.69 15.32 19.66 21.83 16.51 17.78 12.62 9.46 8.23 6.94 6.77 6.86 6.91 14.66 6.79 15.99 15.20 13.79 13.59 14.09 13.87 12.28 14.58 12.63 12.96 15.30
14.01 13.44 11.99 9.33 6.66 6.07 7.01 8.12 9.39 11.71 14.26 14.97 12.44 9.37 6.27 2.89 13.85 1.36 8.73 0.93 1.19 1.25 6.49 10.19 14.77 8.59 9.66 6.30 5.19 5.15 13.10 15.11 11.17 14.68 14.03 10.28 8.52 21.64 7.90 7.94 7.56 6.85 6.60 7.57 9.54 10.89 11.09 10.21 9.33 21.66 20.93 22.93 22.01 15.74 15.59 14.89 20.32 14.05 7.83 8.13 23.48 9.62 8.91 6.93 5.76 12.66 12.60 12.75 12.98 14.31 16.38 14.61 13.45 14.23 13.72 5.80 12.60 14.17 6.26 12.80
13.06 12.58 11.38 9.17 7.61 7.55 8.16 8.93 10.27 12.20 12.77 12.06 9.15 7.21 5.10 3.03 10.99 1.42 0.83 0.91 1.31 4.53 12.35 14.41 10.79 10.52 13.75 11.22 7.87 7.60 9.13 10.89 13.43 13.94 10.87 7.23 5.75 18.93 5.08 5.35 5.42 5.16 5.55 6.76 8.89 10.80 11.36 9.89 7.58 22.36 19.51 22.27 23.97 14.55 13.70 13.75 19.74 21.08 17.45 7.20 16.63 12.96 9.05 7.16 5.40 12.41 4.60 13.11 5.03 5.38 5.73 15.45 16.85 15.88 14.05 6.41 5.40 5.40 6.69 18.07
12.46 12.02 11.05 9.49 8.38 8.18 8.43 8.93 9.45 9.24 7.88 6.02 5.12 5.13 3.54 2.86 2.31 2.15 1.65 1.76 4.34 11.34 17.17 15.19 9.98 9.94 13.93 15.59 14.04 13.38 12.69 11.22 9.69 8.55 6.98 5.11 3.77 17.66 3.47 4.57 13.46 4.72 4.26 4.87 6.57 8.07 8.66 8.56 6.95 6.44 20.56 21.13 23.98 14.02 7.04 6.75 6.56 22.62 16.10 7.44 7.36 17.06 14.09 11.71 5.65 5.10 5.14 5.46 5.74 5.95 6.07 6.25 6.48 16.07 15.66 13.89 6.14 6.41 7.12 7.40
11.96 11.63 10.93 9.48 8.20 8.06 8.46 8.62 8.09 6.68 4.60 3.74 5.48 5.58 3.43 13.22 3.16 3.13 3.09 4.97 10.34 16.39 17.63 12.93 8.34 7.64 9.76 12.91 13.43 12.95 9.62 5.13 5.18 6.41 5.99 4.79 3.91 17.92 2.49 3.77 4.36 4.15 3.58 10.49 4.72 5.53 14.72 7.33 7.18 6.20 21.88 12.60 23.91 6.98 8.08 8.46 8.47 8.85 13.87 8.70 7.60 7.20 7.40 22.10 6.83 6.20 6.25 6.58 6.48 6.34 6.58 6.59 6.32 6.31 16.90 18.56 7.54 7.46 13.52 6.28
11.56 11.28 10.50 8.94 8.03 8.34 8.85 8.66 7.95 6.68 5.35 5.45 7.73 6.81 4.81 4.64 4.17 4.02 5.37 8.65 14.23 17.90 15.49 10.01 7.14 6.13 6.06 7.21 7.44 7.79 6.07 3.46 6.15 9.00 6.61 4.36 4.10 3.72 2.84 14.64 3.05 8.86 2.77 3.37 4.41 5.22 5.89 7.16 7.95 7.76 8.57 7.30 27.22 8.19 10.16 10.44 10.28 10.34 10.52 9.79 8.44 7.39 7.02 7.09 16.60 7.37 6.68 6.61 6.57 6.62 6.63 15.62 6.49 6.66 7.39 8.19 8.41 7.94 6.77 5.20
11.17 10.84 9.88 8.57 8.21 8.64 8.87 8.63 8.05 7.19 6.92 7.91 9.30 7.32 5.68 5.55 5.52 6.20 8.09 11.07 16.32 17.71 12.46 7.18 5.96 5.62 5.47 5.53 4.51 5.49 6.74 8.74 11.10 10.86 5.85 3.46 3.16 3.22 4.68 4.70 2.60 8.50 7.70 3.44 4.48 12.13 5.32 6.21 7.82 8.78 8.78 7.33 7.65 10.04 10.47 9.43 9.56 9.61 9.49 8.92 22.82 8.47 8.16 7.71 7.98 8.03 6.65 20.31 6.26 15.70 6.41 6.74 16.25 7.55 7.92 7.91 22.72 7.48 16.72 4.38
10.83 10.38 9.29 8.45 8.56 8.84 8.65 8.00 6.96 6.56 7.54 9.86 10.27 7.61 15.60 5.82 6.81 8.56 10.54 14.55 18.82 16.51 9.74 5.58 5.27 5.58 6.16 6.96 5.78 5.67 6.55 8.95 9.93 7.52 3.59 3.23 3.93 5.26 14.22 6.33 2.81 1.38 9.21 3.76 4.19 11.53 17.50 4.43 5.93 6.80 6.40 26.43 8.49 9.76 8.25 6.83 6.74 15.90 17.17 7.88 8.58 20.15 9.75 9.71 9.08 18.20 6.88 14.90 6.32 6.51 6.43 6.69 17.73 14.43 15.65 7.15 17.94 17.42 16.39 4.08
10.60 10.12 9.20 8.78 8.93 8.96 8.55 7.69 6.80 6.72 8.57 11.24 11.03 9.28 8.09 7.26 7.79 9.92 13.77 17.94 18.49 13.41 7.15 4.59 4.50 4.46 5.21 6.95 6.18 4.45 4.08 4.15 3.47 2.70 8.70 11.09 5.79 6.70 9.46 5.01 1.48 2.99 4.56 11.83 12.30 11.14 4.39 4.36 4.49 14.37 5.19 7.15 8.37 7.28 5.67 5.35 5.49 5.57 6.37 7.17 7.42 17.47 8.69 18.64 8.79 7.05 14.43 14.95 15.78 6.74 6.81 6.65 18.38 17.54 19.03 18.35 17.05 19.03 17.14 4.20
10.41 10.12 9.64 9.48 9.36 9.06 8.54 7.94 7.75 8.27 10.19 11.72 10.90 10.17 10.14 9.04 9.46 13.15 17.28 17.77 14.38 9.17 4.66 3.10 2.83 2.25 2.39 3.86 4.15 2.31 0.16 1.60 2.26 2.32 8.76 3.30 6.21 6.47 6.42 5.42 3.49 4.34 4.73 4.00 11.24 11.47 3.70 3.88 3.63 4.03 5.19 14.60 4.76 4.22 4.51 4.69 5.21 5.33 5.34 5.61 5.31 15.51 6.02 6.07 24.64 22.96 16.60 15.54 15.20 17.31 16.10 6.80 15.62 15.82 20.32 16.46 15.96 16.98 14.54 14.74
10.32 10.18 9.99 9.89 9.58 9.15 8.78 8.72 8.96 9.73 11.22 11.59 10.12 23.69 10.45 10.52 12.39 16.42 16.98 14.32 10.07 5.55 2.87 2.16 10.20 1.41 1.90 3.13 4.33 4.22 3.48 7.30 4.36 2.91 14.29 2.01 4.87 5.73 6.99 7.50 6.89 4.55 3.18 9.61 8.98 10.81 9.24 3.22 2.91 2.61 2.54 16.89 19.84 4.21 4.45 4.47 4.83 11.57 5.02 4.54 3.98 4.02 4.65 4.14 18.78 25.68 17.54 16.41 17.29 18.04 6.84 21.97 20.31 16.19 16.64 17.52 16.41 15.79 11.63 1.70
10.38 10.43 10.42 10.17 9.77 9.65 9.76 10.07 10.49 11.10 11.78 11.34 9.85 23.51 10.05 11.21 13.48 15.32 13.42 10.49 6.81 3.06 1.43 1.48 1.98 2.54 3.61 4.56 5.13 5.31 4.30 3.38 3.84 2.97 1.98 0.89 3.40 4.60 5.89 6.53 5.95 3.77 1.47 1.67 9.24 9.61 6.95 3.25 7.02 7.01 11.87 16.81 4.23 5.13 4.90 4.72 4.48 4.78 4.95 11.02 13.50 11.92 4.34 4.01 18.79 4.78 17.29 16.26 17.04 16.52 17.37 15.66 15.50 4.27 2.89 13.66 13.44 16.85 17.17 13.16
10.42 10.50 10.43 10.05 9.69 9.82 10.24 10.83 11.44 11.89 11.90 11.05 9.67 8.77 8.74 9.48 10.95 11.97 10.47 7.73 4.26 1.30 0.83 14.05 2.63 3.85 5.49 6.34 5.40 3.72 2.73 1.21 3.76 3.35 2.09 1.06 2.35 3.11 2.97 2.93 3.18 2.68 0.81 8.12 1.61 7.62 6.16 3.68 6.45 4.26 3.66 3.24 4.30 19.32 6.16 5.69 10.12 4.71 4.82 11.29 11.66 11.53 12.59 4.02 17.80 22.97 18.58 17.15 17.80 17.22 16.16 15.87 18.08 21.15 3.93 4.09 3.77 3.33 2.84 14.11
10.14 9.99 9.54 9.18 8.95 8.85 9.15 10.08 11.07 11.53 11.41 10.56 9.36 8.40 7.71 7.38 8.09 9.84 8.76 5.61 2.41 0.78 1.91 10.72 2.93 4.86 6.66 5.71 2.75 0.17 2.77 4.82 5.44 4.00 2.52 1.59 2.34 10.43 3.95 4.19 3.94 3.33 2.13 7.39 2.43 3.09 7.71 4.89 5.09 5.71 4.69 11.79 4.83 5.43 6.62 6.31 8.95 8.74 10.79 11.00 15.85 11.08 12.42 15.46 18.53 17.01 21.46 18.42 20.39 19.99 15.79 16.77 15.95 16.23 14.44 18.73 17.10 13.17 4.47 12.90
9.86 9.58 9.09 9.00 9.01 8.72 8.58 9.05 9.90 10.47 10.39 9.81 8.97 8.17 7.35 6.81 7.12 8.45 7.30 4.20 1.53 1.06 2.18 2.62 3.73 5.82 5.40 1.98 2.99 4.35 5.53 6.96 7.06 5.87 4.43 3.27 3.60 4.69 5.12 4.95 4.10 6.11 2.26 2.10 5.12 5.31 6.75 7.22 6.54 7.14 7.34 7.33 6.11 5.94 6.58 9.00 5.54 5.00 4.99 4.57 14.81 4.28 4.22 15.18 16.93 18.32 21.93 21.19 21.98 22.25 23.07 16.43 3.57 4.11 4.35 17.08 16.57 16.05 18.46 3.70
9.66 9.37 9.17 9.54 9.73 9.49 8.76 8.20 8.18 8.30 8.32 7.88 7.16 6.87 6.45 6.00 5.84 6.19 5.53 3.37 1.19 1.01 11.57 2.51 4.99 5.79 2.79 4.42 5.90 6.66 7.29 7.35 6.75 5.76 4.81 4.08 4.61 5.86 6.47 5.97 3.94 2.42 2.37 2.42 2.63 7.50 6.45 4.20 5.45 6.40 6.99 7.38 13.16 6.85 6.86 6.63 7.29 5.84 10.58 4.91 14.01 11.00 16.08 11.97 18.24 4.47 19.85 14.11 15.69 16.76 16.26 22.37 4.37 4.63 18.42 15.36 16.70 16.01 15.42 18.82
10.18 9.96 9.81 9.95 9.78 9.27 8.24 6.86 6.02 5.51 5.09 4.60 4.36 4.67 4.64 3.86 2.83 3.78 4.39 2.92 1.01 1.00 1.69 2.90 5.41 4.71 4.42 6.34 7.16 7.80 7.33 5.92 4.52 4.14 4.59 13.47 5.44 6.86 7.92 6.42 2.94 1.71 2.34 1.67 1.30 1.93 2.62 2.76 2.79 3.65 5.26 6.82 7.01 6.81 6.67 14.51 8.91 6.71 11.04 7.95 10.83 14.74 10.73 4.38 19.92 5.32 5.16 21.55 15.45 16.96 16.80 22.60 4.68 5.52 16.03 15.58 21.32 19.76 19.60 15.31
10.70 10.89 10.83 10.21 9.37 8.64 7.86 6.23 4.83 3.94 2.96 2.20 2.10 17.76 3.45 3.18 0.94 3.60 4.87 3.10 1.78 10.33 10.42 3.65 5.08 3.79 6.14 7.70 8.40 8.14 6.42 4.55 3.63 4.16 5.23 5.74 6.28 7.75 8.81 6.58 2.86 2.64 3.76 3.62 2.47 2.24 2.96 2.97 1.80 1.37 3.73 5.94 6.66 6.41 5.98 6.03 6.52 6.50 6.06 8.42 9.46 10.29 4.51 14.36 14.33 16.77 16.45 12.63 20.89 15.96 15.09 23.64 5.20 6.05 15.40 19.31 17.75 13.57 4.42 4.72
10.50 10.95 11.10 10.37 9.38 8.58 7.87 6.47 5.11 4.34 3.40 2.35 15.77 2.89 4.08 4.95 3.56 5.05 6.02 3.51 2.36 2.17 1.84 3.56 4.68 5.97 8.17 8.72 7.92 6.18 4.58 3.97 4.30 5.36 6.65 7.54 8.37 9.76 10.61 8.86 6.27 5.15 5.13 5.25 4.50 3.61 3.50 3.14 2.06 0.38 2.79 5.16 6.12 6.13 5.92 5.98 6.26 6.20 5.96 5.71 9.38 5.05 4.49 3.99 4.52 15.64 20.18 18.10 22.06 16.06 16.43 22.80 6.07 15.15 17.44 14.93 4.51 16.98 16.67 5.66
9.80 10.06 10.26 10.26 9.75 9.03 7.89 6.41 5.76 5.30 4.94 4.24 3.81 4.58 5.00 6.47 7.23 7.34 6.44 3.59 2.26 11.09 11.05 3.19 5.78 8.62 9.53 8.47 6.63 5.24 4.81 5.07 5.72 6.94 8.55 9.91 10.99 12.08 12.11 10.16 8.29 6.93 6.12 6.20 6.25 5.58 4.53 3.50 2.54 0.88 1.69 4.12 5.38 5.83 6.09 6.30 6.38 6.25 6.06 5.82 5.61 5.26 4.56 4.07 4.03 3.70 3.70 4.13 16.93 17.26 15.89 18.02 16.36 16.87 18.95 19.17 5.14 6.00 6.27 15.09
8.65 8.48 8.38 9.16 9.47 9.48 8.04 6.16 5.69 5.52 5.57 5.06 4.05 4.50 5.17 6.58 7.71 7.78 6.52 4.18 3.22 2.34 3.17 6.15 8.78 9.64 9.01 7.60 6.68 6.75 7.29 7.83 8.23 8.90 10.01 11.06 12.03 13.25 12.83 9.63 7.39 6.88 6.78 7.18 7.84 7.69 6.41 4.98 3.68 2.07 0.67 2.89 4.40 5.16 5.53 5.96 6.23 6.23 6.13 6.02 5.84 5.40 4.84 4.34 4.02 3.74 3.74 4.27 4.63 17.28 17.62 17.99 14.89 19.23 22.02 17.22 5.39 5.45 5.88 14.94
9.01 8.70 8.01 8.82 9.78 9.43 7.39 5.79 5.43 5.37 5.35 5.00 3.95 5.11 5.91 6.36 7.11 7.46 6.26 4.84 4.34 4.00 6.89 9.21 9.70 9.13 8.08 7.60 7.97 8.58 9.11 9.53 9.74 9.88 10.18 10.76 11.91 14.06 14.44 10.82 7.16 6.20 6.76 7.84 9.07 9.38 8.34 6.86 5.29 3.41 1.41 2.22 3.52 4.50 5.10 5.40 5.78 5.94 5.97 6.05 5.93 5.56 5.07 4.55 4.19 3.98 3.88 4.05 4.44 4.67 5.09 5.83 6.04 17.62 14.50 20.21 18.81 4.77 4.64 19.76
9.43 9.67 9.60 10.20 11.46 10.26 7.22 5.79 5.44 5.35 5.35 5.16 5.68 7.15 6.97 6.77 7.49 7.27 5.90 15.94 5.28 7.45 10.15 9.77 8.42 7.75 7.91 8.58 9.25 9.54 9.61 9.71 9.82 9.75 9.67 9.99 11.19 13.74 14.01 12.89 9.13 6.94 6.97 8.38 10.20 10.99 10.23 8.97 7.38 4.89 2.39 2.89 3.73 4.12 4.67 5.12 5.42 5.63 5.75 5.90 5.81 5.55 5.19 4.76 4.45 4.25 4.17 4.31 4.81 5.27 5.70 6.07 5.82 19.58 18.46 23.83 19.25 4.68 4.26 19.85
7.48 8.24 10.03 11.30 12.15 11.17 8.95 7.41 6.45 6.21 6.20 6.26 7.40 8.08 7.46 7.01 6.89 6.52 6.73 7.43 8.40 10.52 10.46 8.52 7.13 7.29 8.42 9.38 9.69 9.56 9.36 9.36 9.55 9.79 10.05 10.63 11.91 13.88 15.20 12.49 10.63 8.20 8.03 8.72 10.52 12.24 12.24 11.51 10.33 7.42 4.00 3.75 4.20 4.32 4.59 5.06 5.35 5.52 5.64 5.76 5.65 5.45 5.24 4.95 4.77 4.68 4.53 4.63 5.13 5.48 5.75 5.68 5.33 5.03 17.71 17.60 20.45 18.68 5.53 5.39
6.64 7.79 8.11 10.49 10.94 10.81 10.18 9.25 8.36 7.98 7.49 7.50 7.83 7.27 6.35 5.69 5.51 5.83 7.23 9.35 10.74 9.85 7.19 5.72 6.59 8.48 9.38 9.48 9.32 9.21 9.27 9.44 9.71 10.19 10.92 12.09 13.98 15.95 17.15 16.90 14.19 11.31 10.50 10.13 10.78 12.49 13.43 13.64 13.09 10.33 6.21 4.40 4.23 4.28 4.59 5.19 5.60 5.66 5.57 5.59 5.56 5.50 5.44 5.21 5.12 5.08 4.84 4.92 5.25 5.39 5.48 5.32 5.17 5.01 4.88 5.17 17.86 18.05 6.67 4.70
9.55 8.19 6.46 7.51 9.52 10.32 10.33 9.78 8.92 8.26 6.85 5.41 4.65 4.31 4.14 4.04 4.53 5.35 6.48 7.92 8.39 6.91 4.92 5.50 8.39 9.91 9.78 9.29 9.02 9.05 9.31 9.53 9.64 9.87 10.62 12.34 15.10 17.90 19.77 20.94 20.22 16.69 13.35 11.61 11.14 11.85 12.77 13.90 14.39 12.01 7.26 4.25 4.27 4.43 4.70 5.30 5.71 5.71 5.50 5.47 5.60 5.69 5.68 5.39 5.23 5.22 5.04 5.17 5.38 5.40 5.39 5.29 5.36 5.42 16.76 6.03 16.86 6.98 20.86 16.60
11.03 10.80 8.87 7.06 8.16 9.38 9.89 9.90 9.18 7.93 5.69 3.39 1.47 2.57 3.37 3.92 4.98 5.70 6.24 6.31 5.57 5.40 7.01 9.90 11.32 10.56 9.77 9.42 9.31 9.22 9.17 9.20 9.11 9.07 9.41 10.59 12.95 13.46 14.64 18.04 19.11 17.54 14.06 11.38 10.12 10.12 10.69 12.29 14.09 13.06 8.72 4.83 3.94 3.77 4.26 5.02 5.42 5.46 5.30 5.45 5.77 5.82 5.72 5.46 5.41 5.55 5.47 5.67 5.96 6.07 15.74 16.69 17.51 17.30 6.38 6.57 6.70 6.64 5.84 17.43
11.01 11.73 11.37 8.58 7.66 7.54 8.44 9.00 9.78 8.73 5.50 4.43 4.08 4.29 4.45 5.25 6.35 6.73 6.85 6.21 5.28 6.32 9.88 12.29 11.84 10.37 9.48 9.25 9.13 8.95 8.81 8.77 8.82 8.80 8.49 8.24 9.16 10.96 11.00 11.03 12.85 13.81 12.97 11.34 9.87 9.14 9.21 10.85 13.26 13.72 10.80 6.56 3.71 3.04 3.77 4.72 5.16 5.34 5.31 5.59 6.02 6.02 6.05 6.06 6.15 6.23 14.52 14.38 6.86 6.81 6.65 16.82 15.26 17.15 18.12 6.63 6.60 6.49 18.35 17.41
12.58 11.85 10.86 9.02 6.37 5.58 6.21 7.57 9.63 9.53 5.77 6.21 7.78 7.27 6.51 7.32 7.57 7.03 6.70 6.84 7.21 8.41 10.49 10.71 10.11 9.39 8.86 8.58 8.32 8.10 7.95 8.07 8.39 8.59 8.30 7.73 8.33 9.98 10.24 10.13 11.13 12.33 13.15 13.17 12.09 10.79 10.36 11.36 11.67 12.77 13.08 9.92 6.19 3.77 3.91 4.95 5.42 5.70 5.87 6.07 6.40 6.52 6.77 6.94 6.97 14.32 14.44 7.17 7.32 7.13 6.93 7.00 6.94 16.41 6.61 17.84 6.48 5.93 18.74 20.82
15.88 14.32 11.54 9.86 7.74 5.26 4.56 5.44 8.46 10.43 8.22 8.16 8.34 7.92 7.89 8.36 7.66 6.79 6.33 6.82 8.41 9.07 9.19 8.92 8.60 8.49 8.52 8.34 7.84 7.48 7.44 7.61 7.96 8.38 8.69 8.97 9.90 11.43 12.41 12.70 13.79 14.36 15.13 14.93 15.67 14.57 13.86 13.94 13.75 14.90 15.76 14.58 11.60 7.41 4.75 5.32 6.10 6.56 6.81 6.85 7.13 7.36 7.42 7.34 7.14 7.01 7.11 7.22 7.19 7.12 7.04 7.13 6.91 17.16 6.65 16.60 17.82 17.44 15.82 15.63
17.45 16.48 14.16 12.41 10.33 7.43 5.17 4.31 6.58 10.25 10.38 8.88 7.39 6.92 7.16 7.06 6.64 6.30 5.94 6.00 6.86 7.57 8.17 8.50 7.94 7.74 7.91 7.77 7.49 7.40 7.36 7.45 7.70 8.18 8.99 10.19 11.55 12.57 13.27 14.58 15.74 15.95 16.10 16.82 15.98 15.71 15.80 14.72 15.84 15.96 17.15 17.48 16.26 12.90 8.86 7.42 7.81 7.89 7.91 7.82 7.90 7.87 7.51 7.06 6.88 6.96 7.01 7.02 7.04 6.88 6.79 7.02 6.86 17.45 6.82 17.81 15.67 16.30 15.17 14.12
16.58 15.97 15.43 14.66 12.65 10.54 8.31 5.96 5.97 8.53 9.15 7.19 5.62 5.00 4.73 5.49 6.27 5.88 5.24 5.19 5.67 6.62 7.87 8.09 7.36 6.96 6.89 6.81 6.96 7.33 7.50 7.53 7.56 7.93 8.93 10.60 12.67 13.83 13.94 14.66 15.84 16.29 16.20 16.40 16.63 16.49 16.00 15.79 15.69 14.31 15.94 16.12 16.88 16.56 14.80 12.35 10.32 9.23 8.93 8.62 8.34 7.95 7.41 7.11 7.26 7.42 15.80 16.30 17.02 16.90 17.92 7.14 18.36 17.90 7.16 17.02 16.90 17.54 16.90 7.55
