examples/cougarCreek-fire/createInputs/WindNinja/wrfout_d3.2015081112.f15/cougarCreekFire_08-12-2015_0300_217m_non_neutral_stability_vel.asc
ncols	146
nrows	140
xllcorner	610065.000000
yllcorner	5095217.000000
cellsize	216.586807
NODATA_value	-9999.000000
[rows 0 to 35 of 140, columns 0 to 79 of 146]
7.64 7.43 7.25 6.53 5.41 5.25 5.50 5.12 4.28 3.60 3.63 4.21 4.26 4.57 5.29 5.45 4.80 4.02 3.77 3.95 3.93 3.45 3.11 2.29 1.80 1.81 2.13 2.79 3.37 4.05 4.44 4.63 4.64 4.11 4.03 4.60 6.27 7.55 8.43 9.98 11.59 12.38 12.28 12.34 12.67 12.26 11.16 10.55 10.28 9.71 8.93 8.78 8.95 8.46 8.24 7.63 6.92 4.53 8.68 9.38 9.22 9.57 10.29 9.91 9.40 10.45 12.89 14.97 14.35 11.65 9.56 8.39 7.92 8.56 9.48 8.55 6.26 6.46 7.48 6.33
7.64 7.43 7.25 6.53 5.41 5.25 5.50 5.12 4.28 3.60 3.63 4.21 4.26 4.57 5.29 5.45 4.80 4.02 3.77 3.95 3.93 3.45 3.11 2.29 1.80 1.81 2.13 2.79 3.37 4.05 4.44 4.63 4.64 4.11 4.03 4.60 6.27 7.55 8.43 9.98 11.59 12.38 12.28 12.34 12.67 12.26 11.16 10.55 10.28 9.71 8.93 8.78 8.95 8.46 8.24 7.63 6.92 4.53 8.68 9.38 9.22 9.57 10.29 9.91 9.40 10.45 12.89 14.97 14.35 11.65 9.56 8.39 7.92 8.56 9.48 8.55 6.26 6.46 7.48 6.33
7.92 7.64 7.16 6.36 5.73 5.94 6.24 6.05 5.59 5.00 4.84 5.20 4.99 4.87 5.05 4.82 4.63 4.55 4.58 4.50 4.35 4.05 3.80 3.14 2.38 2.00 2.07 2.97 4.14 4.74 4.79 4.86 4.45 3.76 3.56 4.10 6.53 8.56 9.16 10.24 11.49 11.82 11.54 11.56 11.63 10.88 9.54 9.14 9.08 8.52 8.08 8.31 7.89 8.31 7.96 7.21 6.38 1.49 9.17 10.62 6.57 4.15 11.61 4.76 11.50 11.75 13.36 15.12 8.44 13.12 10.74 8.90 8.16 8.73 9.60 4.54 5.66 7.18 7.58 6.84
8.34 7.89 7.01 6.28 6.40 7.23 7.60 7.62 7.73 7.75 7.67 7.25 6.11 5.26 4.92 4.79 5.22 5.66 5.66 5.32 5.06 5.09 5.20 5.02 3.86 2.66 2.03 2.99 5.36 6.09 5.47 4.89 3.77 3.09 3.22 3.88 6.15 9.78 11.33 11.51 11.64 10.99 10.32 10.05 9.81 8.64 7.10 7.22 7.39 6.86 6.77 4.89 8.09 7.97 7.49 6.66 6.10 3.47 1.59 0.88 2.01 12.57 2.29 5.86 14.97 14.56 14.61 15.13 12.60 14.83 12.65 10.49 9.82 10.17 10.36 9.98 8.90 8.16 8.16 8.08
8.80 8.42 7.80 7.43 7.74 8.44 8.55 9.18 9.10 9.35 8.82 8.16 6.70 5.33 5.38 6.26 6.76 6.71 6.33 5.92 5.95 5.62 6.02 6.65 6.07 4.11 2.26 2.84 6.10 7.35 6.48 5.67 3.66 3.12 3.74 4.31 5.45 9.77 13.62 13.41 11.61 10.46 9.63 8.83 8.27 7.04 5.93 6.29 6.30 5.59 5.29 6.09 1.87 7.93 7.43 6.93 8.68 2.20 3.14 12.46 6.41 4.49 4.20 15.06 7.11 16.13 15.58 15.24 15.17 14.99 4.96 12.96 12.64 12.68 12.25 11.13 9.37 8.54 9.38 9.79
9.18 9.10 9.29 9.64 9.92 9.89 9.37 8.86 8.63 9.28 8.95 8.36 7.40 7.19 7.27 7.50 7.17 7.09 7.41 6.37 6.23 5.65 5.43 6.26 7.32 5.59 2.97 3.44 6.92 8.68 7.24 5.27 4.01 3.94 4.28 4.34 5.52 9.92 14.62 14.41 11.62 10.30 9.26 7.85 7.09 6.28 5.59 11.71 5.03 3.83 1.52 4.87 3.51 5.62 5.05 8.06 5.62 2.80 10.68 0.36 6.31 6.67 9.97 11.22 15.76 15.67 15.53 15.28 14.69 5.09 14.50 14.48 14.39 14.13 13.77 12.35 9.87 9.38 11.20 11.79
9.39 9.43 10.03 10.80 11.10 10.69 9.93 10.27 9.90 9.39 8.77 8.10 7.69 8.36 8.37 7.38 6.54 6.49 6.98 6.76 6.36 6.00 5.70 5.82 7.40 6.48 4.28 4.99 8.29 9.37 7.08 8.09 4.45 4.40 4.18 4.19 6.15 10.34 14.08 14.12 12.20 10.64 8.83 7.12 6.55 6.13 5.36 4.60 3.23 1.75 2.12 4.20 4.96 6.91 5.79 4.15 4.01 2.95 4.98 6.02 6.39 10.60 13.30 4.40 11.21 11.16 15.58 11.61 5.95 14.70 14.91 15.13 15.01 14.56 14.27 6.09 11.88 11.87 13.83 14.20
9.80 9.94 10.55 11.01 11.03 10.50 9.74 9.93 9.44 9.07 8.67 8.33 7.74 6.95 6.73 6.29 5.49 4.85 5.46 6.02 6.23 6.28 6.38 6.58 7.84 7.47 5.36 6.12 9.45 9.61 6.49 5.62 5.27 4.05 3.39 3.94 6.53 10.21 12.63 13.38 13.05 11.38 8.55 7.05 6.43 5.44 4.27 2.79 0.84 0.97 5.67 9.83 8.64 6.56 5.92 7.28 6.66 5.42 7.91 8.02 9.22 11.71 8.74 15.03 8.19 12.09 12.81 11.28 7.86 9.41 15.78 15.59 15.41 7.73 15.30 8.15 14.56 15.14 17.32 18.04
10.43 10.82 11.51 11.56 11.24 11.36 9.93 10.17 9.64 9.11 8.91 8.62 7.84 6.53 5.95 5.31 4.15 3.12 3.04 4.51 5.70 6.22 7.03 7.60 8.59 9.04 7.36 7.19 9.63 9.80 7.25 6.34 5.17 3.60 2.87 3.90 6.66 9.75 11.57 13.38 14.21 11.97 8.82 7.52 6.19 3.95 4.08 4.71 5.42 11.45 11.81 11.73 8.21 8.17 6.34 6.63 6.98 7.94 9.42 10.74 10.24 6.84 5.27 6.26 11.45 12.62 13.21 10.86 10.67 14.35 16.69 9.86 11.96 16.71 10.17 10.82 16.82 18.75 20.85 21.47
10.82 11.32 11.90 11.71 11.29 11.30 11.03 10.59 10.04 9.65 9.22 8.78 9.29 7.54 6.17 5.06 4.00 3.12 3.19 6.31 6.75 5.97 6.41 7.02 8.74 10.30 9.71 8.26 9.22 9.62 7.41 5.86 6.58 3.62 2.76 4.24 7.01 9.43 11.78 14.53 15.07 12.11 9.12 7.68 5.21 2.26 11.77 12.22 6.00 12.27 11.32 8.34 9.63 10.79 9.34 7.14 8.32 9.07 10.30 9.97 4.73 13.65 9.09 12.10 12.37 11.26 11.43 10.52 12.10 14.04 12.06 18.17 18.21 12.76 11.37 18.32 19.93 21.79 22.68 23.24
11.15 11.39 11.58 11.27 10.84 10.46 10.51 10.44 10.22 9.78 9.33 9.05 8.57 8.55 6.13 5.55 5.34 4.62 5.64 5.79 7.02 6.70 6.22 6.65 7.34 10.85 10.85 8.97 9.55 9.71 7.26 5.39 4.50 3.71 3.34 5.20 7.81 9.62 12.45 15.47 15.46 12.27 9.26 7.00 3.89 1.80 5.80 6.35 13.34 7.40 8.18 15.35 14.66 10.02 6.42 7.49 8.64 8.52 10.72 5.19 7.28 7.53 12.56 13.83 10.43 10.48 12.76 12.68 13.86 15.39 13.60 15.02 14.17 15.48 13.62 20.23 21.92 22.99 23.17 24.03
10.96 10.65 10.57 10.35 10.15 10.08 9.71 10.23 10.22 11.04 10.98 9.49 8.79 7.64 6.27 5.85 6.21 6.12 6.30 6.24 7.33 5.52 6.92 6.63 8.18 10.93 11.00 10.43 11.72 11.02 7.35 4.95 4.44 3.69 4.35 6.49 8.59 10.26 13.10 16.22 16.69 13.42 9.04 5.82 2.82 4.64 6.64 14.26 13.98 8.76 15.60 16.12 13.98 9.67 8.15 9.37 8.79 9.14 9.35 6.59 6.57 12.09 13.77 12.23 11.55 14.61 14.29 14.97 15.84 17.29 16.15 15.78 20.29 14.82 20.49 20.91 22.03 23.40 24.08 24.89
9.91 8.79 7.17 6.78 7.82 8.88 9.06 9.80 10.09 10.26 11.46 11.15 10.44 8.89 7.53 6.02 5.84 6.22 6.21 5.62 7.27 6.75 6.64 6.32 8.18 10.33 10.86 11.32 14.39 12.79 7.63 4.49 3.26 3.25 5.05 7.63 8.76 10.77 14.45 17.81 19.32 15.01 8.24 4.62 3.49 5.14 14.71 7.82 9.09 15.82 17.18 19.34 13.23 10.19 12.39 12.65 10.17 10.71 11.00 6.48 9.58 9.74 14.68 13.15 11.72 12.26 12.62 12.97 13.62 14.69 16.95 19.26 16.30 15.12 21.61 21.72 22.61 24.07 25.29 26.38
9.63 8.29 6.51 6.13 6.71 8.00 8.46 9.03 9.39 9.92 10.23 10.97 11.50 11.96 9.86 7.59 6.40 6.27 5.87 5.39 5.28 5.11 6.08 6.14 7.34 9.17 10.26 11.67 15.86 13.53 7.47 4.24 2.60 2.84 5.88 8.22 8.55 11.17 15.54 19.31 20.83 13.90 6.13 2.48 3.93 14.28 17.55 14.50 17.33 17.76 19.15 17.98 14.16 12.82 14.36 12.96 12.15 12.30 11.87 13.13 11.07 7.95 8.79 14.07 14.91 14.73 12.63 11.25 11.07 9.12 16.38 18.59 20.47 21.98 22.72 23.02 23.53 24.36 25.35 26.50
11.10 10.40 9.40 8.89 8.62 8.46 8.48 8.64 8.99 9.32 9.73 10.19 10.64 12.09 13.58 13.18 10.30 8.04 6.71 8.87 8.14 7.57 6.68 6.07 5.73 7.18 9.88 14.39 16.85 12.60 6.65 3.17 1.85 2.38 5.81 8.44 9.17 12.88 17.30 23.19 20.18 10.41 3.50 2.97 12.99 17.35 15.85 8.42 17.93 19.12 19.34 17.82 17.45 16.58 16.90 14.12 13.82 14.10 12.51 13.42 14.75 15.83 16.95 13.99 12.66 9.03 7.71 7.42 7.39 16.07 13.00 15.96 19.90 20.05 22.11 23.05 23.96 24.18 24.32 25.28
12.26 12.11 11.79 11.25 10.62 9.91 9.91 9.67 9.42 9.16 9.42 10.04 11.19 11.65 13.19 15.46 13.81 10.28 8.62 11.08 10.09 9.47 7.84 5.15 5.78 7.13 10.87 15.92 16.60 10.88 5.26 2.81 1.84 2.43 5.28 7.92 10.93 15.44 20.10 23.46 18.82 9.31 2.55 4.03 14.82 15.29 8.06 9.85 11.80 22.84 17.68 19.63 20.46 17.95 15.78 13.91 14.08 13.78 12.43 12.27 15.11 15.98 12.82 11.36 9.10 8.39 10.94 9.02 12.88 11.91 15.74 17.53 18.15 19.09 19.71 20.85 22.92 24.15 22.32 24.10
12.27 12.22 12.10 11.66 11.23 10.85 10.30 10.17 9.79 9.61 9.71 10.32 12.91 13.26 12.15 11.28 11.79 12.29 12.61 11.99 11.54 11.33 10.32 6.63 5.93 8.15 12.73 16.42 15.44 9.04 4.13 2.91 2.67 3.20 4.77 7.72 12.48 19.37 21.79 22.22 17.16 9.31 3.13 4.52 6.91 8.26 9.08 18.89 19.48 22.34 20.57 21.20 20.84 19.21 17.35 14.58 17.83 11.91 13.85 14.21 14.41 13.33 11.06 11.54 9.27 11.43 13.19 9.27 12.59 16.78 17.35 16.53 16.47 17.31 17.60 17.77 19.76 22.90 24.42 24.27
11.97 11.89 11.84 11.55 11.11 10.73 10.49 10.25 10.09 11.07 9.99 10.31 12.13 11.84 10.02 8.72 8.74 9.78 10.33 10.08 10.43 10.48 12.46 9.99 7.54 10.51 15.36 16.47 13.19 7.66 4.32 3.80 4.08 4.92 5.79 8.77 13.91 19.29 22.68 20.65 15.60 8.94 3.73 4.38 7.06 17.32 17.77 20.86 22.02 23.67 22.24 21.95 21.70 20.45 16.18 18.34 19.56 9.66 13.86 15.46 13.46 13.32 13.16 14.34 13.44 14.93 16.31 14.90 15.24 16.38 16.30 12.46 12.48 14.35 15.44 16.31 17.82 20.18 22.89 24.07
11.91 11.80 11.73 11.50 11.07 10.63 10.38 10.72 12.08 11.93 10.29 10.07 10.05 9.12 9.11 9.61 9.65 10.01 10.12 9.33 9.89 10.51 11.95 12.55 11.99 14.93 17.46 15.31 10.71 7.38 5.90 5.92 6.40 6.96 8.20 9.99 16.57 19.50 22.06 19.88 15.12 8.97 4.37 4.34 16.37 18.90 20.66 22.22 23.64 21.36 23.06 23.59 25.49 19.48 19.23 20.91 15.41 12.69 15.03 12.32 12.08 15.39 17.84 15.55 14.02 15.36 16.82 11.79 14.70 15.34 12.25 12.71 13.51 15.06 15.01 16.69 17.99 18.84 19.98 21.87
11.73 11.65 11.71 11.65 11.36 11.01 11.28 11.15 12.40 12.20 10.53 11.50 10.07 10.54 12.20 12.31 11.92 11.34 10.90 10.12 10.14 10.35 11.17 12.58 14.16 18.76 18.47 14.44 9.87 8.15 9.19 12.45 8.79 8.02 8.98 12.70 14.43 18.15 21.57 19.72 15.20 9.66 5.21 5.19 7.89 18.27 21.39 23.58 22.85 21.94 22.98 25.91 16.59 23.33 21.41 16.75 14.38 13.21 12.69 13.68 14.34 16.41 17.57 13.24 15.22 14.77 14.09 15.13 14.32 12.94 12.53 14.50 15.20 18.50 19.35 19.69 20.07 17.71 17.81 20.91
11.71 11.57 11.65 12.14 11.92 11.78 11.54 11.26 11.00 12.04 10.44 11.74 11.48 11.80 12.68 13.73 13.18 12.51 11.80 11.07 10.22 8.05 9.88 10.94 13.36 19.26 20.74 17.07 12.91 11.72 13.29 12.76 10.42 8.45 9.06 11.52 14.47 18.64 21.80 19.94 15.35 9.96 5.88 6.19 8.86 19.33 22.03 22.38 24.33 26.06 24.98 26.29 22.40 24.91 15.52 14.38 14.84 13.62 16.45 14.89 14.73 16.56 14.61 12.34 13.70 14.80 14.65 13.77 13.13 14.97 14.95 15.61 15.87 14.91 18.99 19.78 20.02 19.27 19.67 20.78
12.00 11.99 12.06 12.37 12.20 12.01 11.75 11.39 11.12 12.48 12.10 12.21 12.37 11.99 10.00 10.27 10.18 10.76 11.28 10.42 9.78 10.13 10.84 11.44 13.40 16.64 20.82 23.08 20.22 16.55 16.81 14.08 10.08 7.99 9.77 13.96 15.08 16.91 22.33 20.58 14.92 8.83 5.95 6.50 9.25 19.97 22.50 23.14 26.31 23.71 27.81 26.11 27.24 22.73 14.93 16.86 12.69 16.68 19.59 13.82 15.46 16.49 14.54 14.44 12.64 15.19 14.78 15.46 13.34 13.53 12.00 13.39 16.05 18.88 18.87 18.46 17.46 19.30 21.72 22.70
11.83 11.99 12.17 12.09 12.12 11.81 11.41 11.13 11.01 12.24 12.30 12.13 11.94 8.25 9.74 8.40 7.82 8.75 8.86 9.56 9.91 10.85 10.96 11.01 13.18 16.19 18.50 24.92 25.18 18.04 15.52 13.51 8.15 13.07 8.76 13.59 16.15 19.13 23.08 20.83 12.66 6.70 5.76 6.64 9.09 19.63 21.79 24.15 28.89 26.99 27.69 18.55 17.93 17.92 15.76 15.41 12.86 18.86 16.69 14.23 17.15 16.63 16.89 13.73 13.12 13.60 12.16 12.24 12.32 11.08 11.91 14.58 17.03 16.91 18.75 17.45 17.55 19.60 20.85 21.08
11.52 11.53 11.62 11.55 11.51 11.35 11.22 11.20 12.58 12.72 12.66 11.78 11.16 8.47 10.96 10.08 9.99 9.96 10.12 11.32 11.34 11.10 10.52 9.13 10.32 18.28 21.88 24.33 24.71 18.92 16.01 16.08 11.00 12.30 12.71 12.99 16.12 18.92 23.70 19.88 9.06 4.92 5.73 15.04 19.91 24.95 26.76 27.56 26.49 27.75 19.64 18.88 18.71 17.60 16.47 15.20 12.55 11.98 13.81 19.01 20.45 19.79 15.86 14.59 13.03 13.38 12.09 12.59 12.47 13.37 14.57 16.65 16.80 15.73 16.93 17.48 19.53 21.61 22.61 21.22
11.27 11.17 11.16 11.03 10.93 10.98 11.22 11.36 11.39 13.44 13.23 12.52 12.37 12.63 11.57 10.98 10.71 10.56 10.28 10.30 11.15 10.84 10.08 9.80 10.02 19.34 27.66 24.98 22.04 22.59 23.18 21.19 15.03 13.79 17.01 12.03 16.85 23.82 25.41 17.14 6.71 15.37 13.76 15.57 21.35 23.95 24.47 27.14 28.30 28.18 19.86 19.69 19.61 19.17 18.14 22.56 21.68 21.58 22.80 15.58 14.95 20.98 14.41 15.16 14.93 15.11 13.10 14.47 14.88 15.95 17.31 16.75 16.10 17.00 18.77 18.26 19.10 20.88 19.92 20.51
11.23 11.16 11.26 11.20 11.04 11.06 11.53 11.72 11.63 13.16 13.00 13.16 12.58 12.75 12.89 12.18 11.14 10.51 9.90 9.31 9.67 10.35 10.20 10.52 10.93 18.48 31.47 25.09 19.58 27.08 29.08 22.62 15.23 11.93 15.80 10.12 16.71 27.22 19.17 12.66 4.48 15.42 16.82 19.86 21.79 25.46 26.57 29.65 29.27 29.04 20.54 20.49 20.13 19.57 19.03 25.85 24.46 24.05 15.06 16.09 15.84 18.19 15.49 20.07 20.05 16.12 15.38 17.01 19.19 17.64 18.05 17.63 17.76 18.68 18.60 20.79 20.05 20.75 21.10 18.09
11.14 11.10 11.33 11.55 11.81 11.75 11.49 11.65 12.08 12.27 12.33 12.30 11.96 12.09 13.15 12.99 11.65 10.74 10.17 9.72 9.77 10.44 10.49 10.48 10.54 16.32 31.41 26.40 19.42 29.64 30.12 20.84 13.78 10.69 13.76 14.78 25.20 25.54 16.98 10.50 12.57 15.71 16.99 18.99 21.42 26.05 28.28 29.78 29.47 21.35 21.56 21.18 20.15 19.34 18.90 16.63 14.38 14.66 16.28 16.83 20.81 19.69 18.15 18.43 17.73 18.37 16.87 17.13 16.94 16.36 16.81 16.38 17.29 17.51 19.73 17.31 17.72 18.29 19.86 19.90
10.81 10.67 10.84 11.29 11.48 11.46 11.08 10.73 10.23 10.76 11.69 11.90 11.57 10.68 10.60 11.04 10.89 10.67 10.52 10.27 10.25 10.70 10.41 9.23 8.97 13.26 27.92 29.12 26.41 33.52 29.59 20.95 16.37 14.68 18.50 24.57 24.56 20.85 15.00 11.28 12.36 15.70 17.92 19.74 21.70 25.93 27.08 29.10 30.47 21.73 22.23 21.48 19.84 18.78 18.36 16.59 15.50 15.83 16.44 16.95 16.78 20.83 16.92 16.80 16.07 13.02 15.85 16.18 16.05 14.84 14.65 15.32 16.52 18.44 17.04 17.14 16.90 18.62 17.40 18.39
10.81 10.64 10.71 10.97 11.18 11.19 11.25 10.87 10.41 10.85 11.77 12.33 11.36 8.29 8.33 9.65 10.33 10.56 10.79 10.50 10.39 10.51 10.11 8.37 6.59 7.97 18.48 29.57 39.96 38.94 27.24 21.51 22.53 21.43 21.30 22.43 19.92 17.02 14.61 12.74 14.00 15.70 17.28 18.64 22.21 27.60 28.78 30.15 28.50 21.78 22.62 21.42 19.54 18.77 18.05 16.38 15.90 16.08 16.52 16.79 16.63 16.29 23.75 15.49 14.54 13.67 14.04 15.21 17.27 16.83 16.56 16.39 15.96 15.96 16.34 15.86 15.28 16.77 17.39 16.95
11.04 10.87 10.72 10.63 10.75 10.88 11.33 12.55 13.09 12.83 12.84 12.78 12.56 12.04 8.64 10.33 8.48 10.79 10.84 10.42 10.13 10.11 9.74 9.06 7.01 6.46 9.23 21.28 41.49 42.16 28.28 25.19 25.78 23.52 21.62 20.62 17.24 15.64 13.83 13.72 15.09 16.41 18.24 19.91 22.32 25.91 28.90 31.77 21.71 22.44 22.64 21.95 20.27 18.80 16.81 15.00 16.72 17.12 16.60 16.09 16.24 15.91 15.84 15.25 14.56 13.79 16.47 16.33 17.12 17.77 17.31 15.78 14.87 14.95 15.29 15.19 15.30 15.77 15.89 16.49
10.95 10.80 10.72 10.63 10.59 10.70 11.00 11.50 12.33 12.66 12.52 13.04 13.31 13.45 12.33 11.38 11.91 12.12 12.05 11.47 11.11 10.68 10.40 10.09 8.79 7.79 8.14 12.45 35.09 40.80 30.37 27.74 25.71 21.96 19.83 16.75 13.10 14.42 12.53 13.95 15.54 16.74 18.50 20.96 22.71 26.56 28.98 19.86 22.64 22.86 22.51 22.45 20.92 18.01 16.40 17.15 18.05 17.94 17.05 21.31 21.44 21.52 16.32 21.18 20.10 17.61 15.78 15.37 15.32 15.55 15.71 18.51 19.46 18.22 18.68 18.65 18.59 18.36 17.92 17.97
10.76 10.40 10.30 10.54 10.62 10.55 10.56 10.99 11.55 11.79 11.25 11.33 11.62 11.55 12.22 11.73 11.70 9.64 12.51 12.35 12.04 10.52 10.80 10.32 9.29 8.48 8.20 10.57 28.39 38.03 32.36 25.60 20.34 17.98 14.29 11.03 12.07 14.03 11.36 12.67 14.87 16.52 18.75 22.00 25.12 26.79 28.50 20.26 22.93 23.21 22.55 22.34 21.15 18.42 17.22 17.72 17.88 17.58 16.75 21.49 21.81 22.30 16.66 21.04 19.70 18.94 19.43 19.35 19.44 19.16 18.80 20.02 21.39 21.81 21.38 21.87 22.74 22.41 21.10 20.73
11.04 10.50 9.80 9.76 10.12 10.54 10.76 11.05 11.52 11.82 11.53 11.31 11.85 12.12 12.49 11.65 10.37 10.39 10.91 10.57 12.28 11.98 11.04 9.75 9.85 9.18 7.87 7.94 20.25 36.82 36.66 25.67 15.50 12.44 10.53 8.31 12.29 12.27 12.00 14.30 14.27 15.26 19.21 21.85 25.65 27.66 28.49 20.17 21.61 22.84 22.80 22.25 21.78 20.85 19.59 17.99 16.02 15.08 21.04 20.14 20.43 21.29 21.52 21.26 21.60 16.36 16.37 16.03 16.32 16.82 17.09 16.73 17.12 18.24 17.07 18.01 20.85 22.23 19.97 20.94
11.62 11.60 11.55 10.39 11.10 11.48 11.61 11.42 12.05 11.89 12.82 13.78 13.77 13.13 12.51 11.58 10.13 8.44 7.55 7.64 8.72 9.72 11.34 11.06 10.36 9.78 9.09 7.42 10.58 33.08 37.99 23.38 12.89 7.69 8.42 7.27 10.07 11.13 11.64 13.22 14.31 16.73 18.59 21.19 24.75 25.21 28.64 20.25 20.84 21.85 22.99 23.31 22.70 22.10 21.13 17.41 13.37 12.24 13.02 14.44 15.31 21.13 21.55 21.79 21.60 20.63 18.74 17.12 15.68 14.95 11.15 12.95 14.58 16.97 18.98 20.01 20.93 21.04 20.33 17.59
11.10 11.41 11.95 12.35 12.43 12.54 12.73 14.47 14.33 14.10 14.17 14.27 14.15 13.76 12.78 11.45 9.79 7.98 6.68 6.41 6.68 7.30 7.78 8.74 10.44 10.46 9.73 7.83 11.09 31.52 33.17 17.25 8.87 3.91 4.67 5.74 7.21 7.99 10.10 13.65 15.62 16.46 19.36 20.19 25.12 27.47 29.06 20.94 21.78 22.35 23.70 24.96 24.55 22.82 21.21 18.15 14.24 12.29 12.41 12.99 14.53 14.68 20.99 20.72 19.55 19.33 18.74 13.70 11.60 11.95 14.02 16.36 17.94 19.65 21.13 20.89 19.96 18.87 18.41 18.95
10.60 10.76 11.44 12.13 12.79 13.08 13.49 13.84 14.47 14.00 12.74 11.57 11.31 12.27 13.23 12.85 12.13 11.53 11.30 10.25 9.10 7.35 6.20 4.83 2.96 2.01 6.33 8.00 15.84 26.83 22.66 12.47 8.48 2.22 2.68 4.43 5.68 8.94 10.66 13.61 15.66 17.15 19.21 20.56 21.77 26.38 31.47 32.84 30.84 23.82 24.51 25.00 26.05 24.92 22.61 20.65 18.37 15.87 14.27 21.35 20.96 21.63 16.18 16.29 14.91 15.77 16.52 17.81 18.91 19.21 19.67 20.43 20.04 17.50 17.32 16.29 16.89 17.64 18.11 18.16
