examples/cougarCreek-fire/createInputs/WindNinja/wrfout_d3.2015081112.f15/cougarCreekFire_08-12-2015_0300_217m_non_neutral_stability_vel.asc
ncols	146
nrows	140
xllcorner	610065.000000
yllcorner	5095217.000000
cellsize	216.586807
NODATA_value	-9999.000000
[rows 36 to 71 of 140, columns 0 to 79 of 146]
10.91 11.13 11.68 12.57 13.43 16.68 16.86 14.80 14.22 12.85 11.60 10.81 10.54 10.78 11.53 12.48 12.88 12.89 11.92 9.07 5.89 4.62 3.65 1.76 2.34 2.41 0.80 2.46 15.02 22.81 17.50 14.41 11.79 5.54 4.04 6.30 6.23 5.24 6.57 7.31 8.13 9.70 13.00 20.84 22.16 26.20 30.01 32.18 34.64 25.19 25.69 25.00 26.38 26.80 24.93 23.22 21.97 20.01 17.88 16.99 16.70 17.26 17.48 23.79 18.62 17.12 18.94 20.69 21.94 25.08 23.04 23.17 21.79 18.14 14.31 12.90 13.49 14.35 15.06 15.63
10.63 10.93 11.77 13.04 14.00 14.68 14.78 14.04 13.75 11.08 10.57 10.94 10.76 10.47 9.30 9.12 8.77 7.23 6.80 4.71 3.13 2.99 1.82 1.70 2.09 2.14 1.46 4.85 18.60 27.15 26.55 15.51 10.11 9.16 7.93 8.27 9.52 10.53 12.04 14.23 8.57 14.75 11.43 14.58 16.87 13.80 18.08 28.71 34.73 34.10 33.89 25.86 26.77 28.09 25.62 25.25 23.84 22.31 21.02 20.02 17.92 16.50 15.17 14.42 14.24 14.43 15.00 15.60 15.91 16.80 18.35 20.69 24.27 22.44 19.99 18.73 17.47 16.10 15.81 16.16
10.84 11.30 12.12 12.81 12.83 12.20 11.34 11.09 11.41 9.49 11.30 10.46 10.00 9.66 8.33 7.90 6.91 6.69 6.00 4.88 3.52 2.54 1.37 1.08 2.40 2.30 0.66 4.83 17.86 34.40 36.14 18.06 7.82 7.74 5.99 6.46 7.38 4.85 6.80 16.48 17.72 16.61 8.82 12.28 12.25 14.13 17.71 18.95 31.06 32.23 36.17 34.29 35.16 28.98 27.54 27.21 26.01 25.35 21.74 21.09 20.88 20.32 19.38 18.44 16.23 17.00 14.84 13.81 12.02 9.59 7.39 9.88 15.76 19.29 21.45 23.92 23.15 21.06 19.54 17.10
11.65 12.08 12.22 11.65 10.64 9.37 8.18 8.01 7.57 9.13 10.20 10.41 10.30 10.10 9.68 8.56 7.27 8.21 6.04 4.54 3.41 2.28 2.40 1.68 2.84 0.63 0.05 3.30 14.61 33.52 40.17 24.97 12.32 7.70 6.17 6.27 11.55 16.32 18.78 13.61 10.38 18.41 12.32 15.76 22.50 27.02 30.74 32.09 33.33 34.39 34.86 35.64 34.98 35.70 37.02 30.30 27.42 24.70 22.14 19.55 18.68 18.82 19.59 20.50 20.64 20.07 19.08 17.03 16.08 14.00 10.43 5.84 3.81 5.88 10.81 16.68 19.92 23.16 24.31 20.68
11.64 11.47 11.12 9.92 8.93 8.28 8.01 8.20 9.50 10.11 11.21 12.07 12.39 12.17 10.77 9.03 8.51 6.69 7.32 6.30 2.30 3.30 4.21 3.10 6.19 6.79 1.04 2.77 7.35 23.67 36.78 26.59 16.39 9.89 7.09 6.76 9.36 13.35 18.66 15.59 15.90 16.12 15.81 14.29 14.64 14.90 17.79 21.40 22.08 34.44 34.32 34.55 35.88 34.41 22.58 22.19 32.91 31.16 15.66 27.54 26.76 19.77 19.04 20.95 21.45 22.77 21.58 18.08 17.08 16.18 14.56 12.29 10.49 7.88 6.50 6.57 8.05 14.55 20.35 23.43
11.09 10.43 9.98 9.53 9.42 9.60 10.15 10.72 11.69 12.16 12.97 13.13 12.34 10.82 10.33 9.22 6.93 7.46 6.90 5.08 4.38 5.51 5.79 6.52 4.55 6.89 6.29 1.71 6.20 22.19 35.45 30.64 17.57 9.51 7.87 7.82 9.54 9.69 12.42 18.06 19.92 21.02 20.72 20.47 20.94 19.90 16.97 20.66 29.76 30.66 32.53 30.61 24.66 32.37 32.54 31.03 27.16 25.75 17.37 16.93 23.67 19.49 21.05 23.08 23.70 24.72 25.83 27.02 25.80 25.09 23.42 20.72 15.56 15.46 14.50 13.19 10.30 8.88 9.78 17.12
10.39 10.04 10.29 11.67 12.71 13.22 13.18 13.22 13.52 14.05 14.77 14.94 12.29 10.80 8.57 7.60 7.56 7.37 4.25 5.00 5.44 5.63 6.46 3.98 3.09 7.26 5.58 1.81 8.41 23.56 39.55 39.91 29.40 18.31 12.83 10.74 10.63 11.19 12.68 15.17 18.46 19.19 19.11 19.36 21.03 23.21 27.91 31.49 33.24 24.02 32.70 31.44 27.52 27.58 26.77 19.97 18.58 20.98 21.82 24.90 19.49 23.55 26.79 27.38 20.33 20.19 20.23 18.52 17.18 16.03 15.64 14.63 13.58 14.22 15.22 16.88 17.89 14.43 10.36 10.36
10.63 11.22 12.43 13.92 14.98 15.08 14.71 14.49 14.58 15.16 16.32 14.96 13.78 11.14 8.60 7.62 8.11 6.39 7.70 5.73 4.32 5.15 3.38 1.34 4.05 4.86 1.60 3.96 8.72 20.88 37.36 43.30 40.09 33.64 25.86 17.50 14.00 13.27 13.33 13.43 15.80 19.16 19.61 20.54 21.38 23.01 25.51 29.07 32.87 33.81 33.43 33.75 32.56 30.48 28.26 26.69 27.13 28.55 31.53 27.68 23.42 18.75 19.49 19.86 19.31 19.18 18.84 17.83 16.54 16.23 15.77 14.88 13.62 13.22 13.16 14.19 15.09 16.52 16.92 12.05
12.29 13.21 14.11 13.81 13.01 12.79 13.31 13.66 14.28 15.52 14.87 11.03 8.72 8.82 5.82 5.08 7.26 6.01 8.13 5.46 2.46 3.13 1.22 3.13 3.94 2.74 3.98 5.51 8.13 17.90 31.56 38.76 42.36 42.11 36.20 29.02 21.05 17.86 16.39 15.55 14.29 16.38 19.03 19.00 20.02 21.03 24.32 27.51 31.03 31.60 32.31 32.94 34.46 33.56 32.37 30.37 23.17 18.39 18.54 19.39 19.44 20.04 21.03 21.85 23.42 24.66 24.16 22.62 22.15 22.24 21.95 21.41 20.36 19.18 17.69 15.96 15.14 15.64 15.77 17.39
13.12 13.94 13.92 12.15 10.46 10.63 12.04 12.70 12.83 11.85 7.19 5.08 9.31 7.18 2.40 3.70 4.62 5.86 3.92 6.73 2.87 6.29 2.86 4.03 4.54 5.45 5.64 6.27 6.97 15.30 25.60 31.68 38.04 41.57 39.99 33.78 26.65 23.37 20.95 19.27 16.33 12.84 16.10 19.86 21.40 20.70 20.59 22.10 27.99 31.67 33.27 31.47 29.25 27.55 24.52 20.81 16.43 17.45 19.04 20.63 22.02 23.91 24.55 24.12 24.05 24.00 26.17 25.24 23.75 25.16 28.12 24.48 23.29 22.70 21.81 19.97 19.21 17.65 16.14 15.86
14.46 14.49 12.97 11.44 11.07 11.50 12.08 11.32 8.86 4.89 3.81 8.08 6.94 4.86 5.46 5.79 4.14 4.64 4.95 6.12 5.85 7.68 6.29 5.26 6.11 6.25 6.14 6.51 5.01 13.32 19.24 27.45 33.52 38.61 38.65 32.47 25.87 24.22 23.85 22.03 19.42 19.61 21.52 21.00 18.12 21.91 18.80 19.87 26.65 26.29 21.63 22.23 22.42 21.86 21.32 19.17 17.32 20.08 23.83 25.56 25.53 25.62 25.40 24.27 22.45 22.44 19.87 20.15 24.33 18.71 16.22 15.40 15.61 19.73 20.05 20.64 18.30 18.19 15.91 14.10
16.59 15.04 12.36 12.03 13.52 13.22 10.28 6.78 4.41 3.55 5.66 4.72 6.71 6.97 8.18 8.48 7.72 7.75 7.32 6.55 6.41 7.45 5.40 3.71 3.73 5.78 6.92 6.19 5.48 10.30 17.18 24.19 30.65 36.59 36.54 30.82 22.13 22.06 23.61 25.36 22.41 21.28 20.27 17.48 18.95 11.51 13.47 19.46 16.21 18.68 20.05 21.72 22.59 22.56 23.25 24.31 25.04 25.17 24.94 24.36 25.28 24.67 24.80 24.21 20.25 18.06 19.57 19.35 14.97 12.75 10.12 15.14 16.34 17.16 17.47 17.26 13.47 14.56 14.43 13.71
17.95 15.41 12.67 12.60 12.30 9.95 6.57 6.45 8.07 3.59 3.78 7.19 9.86 11.26 11.96 12.26 11.65 10.16 7.37 5.32 6.17 4.23 3.31 3.82 4.43 5.83 6.74 1.66 4.91 6.56 15.77 21.78 28.83 36.47 34.51 28.30 18.17 18.37 19.56 26.01 22.57 12.98 10.49 11.37 16.13 14.71 17.73 13.08 16.37 19.03 21.41 24.48 24.58 24.16 25.07 26.05 25.84 24.47 21.77 19.49 19.62 19.74 19.11 18.49 16.81 13.87 11.23 10.31 15.29 15.62 16.45 21.23 17.38 17.75 19.25 15.37 15.01 10.99 15.41 12.13
18.69 16.25 12.44 9.67 6.40 5.42 6.14 6.97 7.02 7.65 9.53 11.66 13.01 13.70 14.33 12.46 9.96 9.24 7.67 6.10 4.85 3.24 3.78 5.43 5.81 5.06 1.35 5.13 6.12 5.20 10.28 15.74 26.44 34.16 34.51 27.57 16.82 16.20 15.08 19.20 8.04 15.87 3.29 5.38 10.30 20.27 17.68 20.80 22.36 24.57 27.25 27.13 25.20 23.82 23.31 21.43 21.14 22.23 20.05 18.81 18.68 18.91 18.27 16.71 18.27 15.80 14.45 15.36 21.87 22.66 21.59 16.77 17.13 16.21 14.63 13.53 13.39 13.82 10.89 11.63
19.15 15.96 9.74 4.59 4.41 6.55 6.39 7.07 10.31 12.91 14.17 14.79 15.16 15.40 14.06 14.14 11.66 8.14 6.23 5.23 4.28 3.16 3.94 5.38 6.27 5.87 5.58 1.96 5.70 5.01 8.95 13.10 22.95 31.24 33.20 28.20 19.26 15.10 14.70 14.70 15.03 13.71 15.12 11.17 8.47 12.55 19.38 23.19 26.52 27.43 26.72 24.32 22.85 21.45 19.20 17.34 18.79 20.81 22.25 21.73 18.35 18.29 18.59 17.46 14.70 11.78 10.23 10.96 11.76 12.25 12.97 13.08 12.77 16.39 15.92 13.01 10.52 12.06 12.75 14.32
18.47 13.72 6.19 3.51 5.37 7.79 10.57 13.19 14.68 16.01 17.25 18.42 18.10 17.54 15.92 12.95 13.90 11.52 6.91 4.85 3.70 2.94 3.53 3.96 4.35 5.76 1.91 5.65 5.05 5.61 8.90 12.51 20.37 27.44 30.24 27.27 19.94 17.87 14.83 13.69 12.14 12.40 13.20 16.98 15.63 16.79 13.38 14.57 19.56 21.31 20.65 20.29 20.14 18.66 15.92 15.24 15.69 16.49 21.81 22.93 22.14 20.45 17.17 18.37 17.13 14.49 17.68 12.99 25.33 19.35 16.56 19.19 18.03 15.57 15.34 8.99 10.54 10.98 10.26 15.29
16.79 11.64 5.07 4.51 7.38 11.85 15.04 15.74 15.75 17.25 20.03 21.56 20.64 17.15 11.89 8.74 12.02 13.80 9.82 4.52 4.34 2.55 3.09 3.08 3.91 5.91 5.56 4.11 1.97 7.01 8.36 12.45 18.18 24.40 27.00 22.72 16.88 16.02 14.41 14.20 13.52 11.88 11.23 14.51 20.48 19.03 17.90 14.99 17.99 19.75 19.60 19.05 18.42 17.24 15.80 14.40 14.08 16.22 19.07 21.65 22.20 28.17 20.34 18.66 19.18 17.45 15.52 15.24 18.64 17.83 14.05 12.52 11.56 10.58 9.56 8.88 8.94 8.13 6.05 4.68
17.83 13.15 12.27 10.44 13.54 16.34 16.51 15.07 14.80 18.03 21.16 19.64 14.43 8.70 7.16 8.17 8.49 9.77 9.46 6.58 4.59 3.47 3.38 3.46 5.11 5.93 2.19 1.99 5.13 6.52 6.55 9.61 15.92 22.84 24.63 19.36 15.47 14.19 12.50 11.56 13.51 13.14 11.61 12.97 16.17 19.82 22.38 22.68 24.25 21.46 19.36 18.43 17.29 16.08 15.96 14.32 12.26 14.53 18.24 20.05 20.17 20.00 19.12 19.73 19.94 18.14 16.26 18.18 19.79 19.92 17.66 16.08 14.93 14.68 16.27 16.68 21.30 17.47 17.65 6.88
21.88 17.79 17.56 19.74 19.78 17.70 15.57 15.33 17.26 20.57 19.24 11.65 6.68 9.12 12.90 9.86 6.35 6.26 7.52 7.79 7.00 6.64 5.85 4.49 5.88 5.50 3.23 5.61 5.31 6.35 4.68 7.26 13.60 21.75 23.05 18.39 16.77 17.30 16.30 15.80 18.77 17.72 13.37 10.30 12.27 16.80 20.13 23.67 27.52 28.71 23.18 19.99 17.35 16.38 15.76 14.97 13.78 14.82 16.58 17.61 17.99 17.67 17.20 18.88 19.19 17.42 16.23 17.53 19.28 21.02 27.17 25.14 16.93 13.55 15.37 16.46 15.13 10.86 13.43 15.95
26.60 22.14 16.43 17.29 13.86 10.28 11.51 16.44 21.20 20.29 13.24 5.82 6.79 14.61 14.60 8.64 4.98 5.93 9.16 12.07 12.64 11.18 7.45 6.82 7.17 5.20 4.99 4.24 4.06 5.80 5.81 7.20 12.19 21.22 21.08 15.70 15.99 15.54 17.88 17.94 20.53 24.07 19.31 14.65 8.68 7.52 16.20 23.08 27.36 27.43 28.70 23.68 18.87 17.38 16.98 16.70 16.29 16.21 16.95 17.69 18.44 21.34 24.74 25.35 17.04 15.42 24.27 22.58 24.68 15.45 14.81 12.85 22.11 18.44 14.07 13.62 14.50 19.68 20.65 10.36
30.54 21.59 8.32 6.10 2.13 2.35 8.13 15.55 15.44 9.37 3.74 6.82 5.55 10.17 14.74 11.12 7.36 8.98 12.76 13.02 11.23 8.72 6.10 8.46 9.30 6.06 5.39 5.49 2.17 4.95 5.39 7.59 11.32 15.68 17.65 11.75 12.58 11.94 12.89 15.65 18.37 21.65 23.12 18.97 15.75 11.54 9.78 13.11 17.99 29.10 27.21 25.00 23.78 18.32 18.76 20.23 18.42 19.81 21.67 22.92 21.47 17.95 16.41 16.01 15.77 14.62 20.15 14.36 15.52 14.95 13.75 18.68 20.76 21.77 13.63 13.35 11.04 10.50 11.53 10.59
24.85 16.48 5.45 0.89 1.50 3.03 11.32 11.47 3.78 3.15 7.87 8.78 5.09 7.49 8.78 9.68 8.52 11.62 13.98 10.64 6.64 5.27 6.22 8.44 10.59 8.92 6.95 2.48 4.11 4.49 8.01 9.16 10.97 13.12 14.29 9.46 13.32 12.58 10.06 16.76 18.70 21.18 24.91 23.63 20.11 18.05 14.52 14.40 15.74 17.32 19.58 30.79 20.98 22.73 21.24 27.13 28.46 18.61 19.25 18.34 18.22 19.84 15.59 15.58 15.09 14.49 14.07 14.68 15.28 14.94 14.15 12.98 21.21 11.70 12.96 13.74 13.29 12.88 12.19 15.92
18.27 12.11 7.18 1.64 2.94 10.50 12.91 5.33 2.89 6.54 8.01 7.42 3.46 4.86 4.63 3.44 8.45 14.81 15.23 9.97 7.42 7.05 7.57 9.51 9.73 8.57 6.81 5.14 3.98 4.95 7.01 8.17 7.55 11.18 13.58 10.64 12.35 11.73 9.41 21.04 17.71 18.78 22.90 27.47 26.45 21.69 20.79 18.71 17.23 16.16 16.90 18.12 21.51 23.10 28.03 19.01 15.13 16.02 14.31 13.93 17.80 18.81 17.79 18.80 19.81 20.71 14.05 14.53 15.01 14.99 14.84 19.30 12.18 12.01 13.82 15.50 16.01 14.58 17.25 15.06
15.02 9.35 4.60 5.14 9.79 13.78 8.61 1.28 4.94 10.91 7.70 3.98 1.41 0.56 2.97 8.17 15.25 18.76 16.07 11.60 9.59 10.20 9.55 11.25 11.55 9.86 6.05 4.03 3.80 9.37 5.36 6.72 8.97 9.73 13.01 12.49 8.91 12.72 15.02 15.97 19.10 20.11 19.15 23.97 25.70 29.43 29.35 27.57 19.59 18.34 16.61 14.68 13.90 14.13 13.34 12.97 13.52 13.58 13.19 13.02 13.10 13.61 14.37 14.29 13.45 12.71 19.68 20.48 21.02 19.49 14.42 15.01 14.58 14.76 15.50 15.44 14.72 13.14 18.14 14.82
12.75 6.99 4.53 7.79 11.07 9.58 2.32 3.46 10.24 6.20 3.93 4.11 6.51 9.82 14.36 19.62 22.75 20.64 15.79 13.35 11.22 14.46 9.88 12.06 14.34 12.48 6.46 4.08 4.69 6.54 6.90 6.95 8.04 14.03 10.74 11.78 9.00 12.67 14.88 18.06 16.12 20.57 21.37 22.38 25.32 22.56 23.60 13.94 15.48 15.30 26.38 17.41 15.46 15.18 14.64 13.74 12.93 12.53 12.18 11.89 12.08 12.79 13.46 13.37 12.75 17.47 15.39 12.31 12.92 13.65 15.32 16.97 17.08 16.24 15.15 13.83 20.17 19.85 11.07 9.56
11.06 12.04 2.86 6.88 7.02 3.93 0.77 8.95 3.77 2.85 8.05 12.84 16.15 20.46 22.02 24.63 24.22 18.84 15.14 14.25 12.73 12.73 10.54 11.41 15.08 15.63 8.83 4.57 5.03 6.00 6.29 5.81 6.06 6.90 8.33 9.42 8.66 7.96 17.00 18.18 17.51 16.95 20.29 20.66 21.48 21.93 24.11 25.56 10.76 25.77 25.75 27.84 28.98 26.97 16.58 15.87 14.94 14.14 13.44 12.72 12.25 12.04 11.99 11.75 11.28 11.02 11.48 12.67 14.29 16.09 17.28 17.32 16.32 15.08 21.38 21.19 13.09 11.78 10.54 9.05
7.93 4.45 2.79 5.26 3.97 1.48 5.63 1.22 4.87 11.16 15.96 21.21 23.05 23.53 26.03 25.75 21.83 15.36 14.41 13.89 15.03 13.52 12.65 10.61 14.15 17.78 14.30 8.56 5.81 5.52 6.08 4.99 4.45 5.44 6.38 7.27 8.09 12.82 15.64 17.48 18.62 16.89 19.85 20.53 20.98 21.91 20.10 20.23 22.83 22.57 23.98 26.74 27.62 15.81 16.30 15.56 14.67 13.67 13.11 13.07 12.99 12.55 12.11 11.70 11.62 12.26 13.67 15.06 16.14 16.79 16.32 15.25 14.72 14.44 21.03 14.06 13.29 12.01 10.84 9.69
8.41 7.40 6.06 5.41 4.16 3.36 4.59 8.31 14.18 18.90 23.12 23.57 23.35 24.59 27.34 24.58 16.71 12.25 12.45 11.90 11.10 12.83 14.14 9.39 10.69 13.21 15.04 12.66 6.97 5.22 6.39 6.17 5.87 5.97 5.80 6.42 12.82 8.09 17.80 17.96 18.08 15.60 18.18 18.99 19.32 20.92 21.70 23.12 23.92 23.35 25.49 26.29 28.91 14.53 15.07 14.41 13.22 12.08 11.64 11.79 12.24 12.66 12.95 13.35 14.08 15.07 16.09 16.34 15.68 14.92 14.12 13.62 13.74 13.76 20.59 13.16 12.80 12.57 12.15 11.07
10.56 10.66 10.76 10.55 10.30 11.34 14.56 19.36 25.00 25.53 24.82 25.69 24.76 26.11 26.02 19.44 11.66 9.77 10.13 9.74 8.87 11.00 10.18 7.68 7.13 6.85 10.69 14.12 10.01 5.28 6.18 9.19 9.28 6.72 5.38 6.15 13.15 13.59 16.60 17.87 18.85 15.35 14.34 19.51 18.43 18.46 21.87 21.93 14.03 25.53 23.51 25.25 26.26 27.69 14.62 14.33 12.76 11.49 10.84 10.86 11.48 12.09 12.28 12.57 13.29 14.18 14.64 14.20 13.59 13.27 12.81 12.42 12.64 12.71 12.32 11.99 12.11 12.73 21.50 20.48
11.34 12.10 13.86 15.74 17.47 19.99 23.32 27.94 27.61 26.22 24.07 23.88 23.91 24.10 18.95 11.07 6.70 10.25 12.30 10.74 8.11 10.71 6.92 8.48 5.85 5.14 7.26 12.44 12.50 6.82 7.46 9.16 8.38 6.04 5.00 6.31 14.72 15.07 17.74 17.37 18.58 15.37 13.73 17.05 18.45 19.67 19.39 20.28 13.94 14.33 25.57 17.48 25.44 26.62 14.61 14.42 12.56 10.90 9.93 10.06 10.86 11.44 11.44 11.51 12.03 12.50 12.52 12.12 12.09 12.44 12.06 11.30 11.57 12.10 11.34 10.30 10.82 11.72 11.57 10.19
11.33 12.25 14.69 17.76 23.67 26.97 28.29 28.59 25.22 22.44 20.52 19.30 19.54 17.27 12.31 6.88 3.46 9.08 11.03 10.77 11.25 10.28 8.66 8.11 7.42 4.56 7.14 11.46 11.61 9.35 10.20 8.08 5.99 5.12 5.11 7.44 13.92 14.32 17.98 10.27 16.67 15.97 7.01 14.28 15.40 19.50 20.32 21.31 25.81 10.97 14.56 23.74 25.77 17.28 14.27 14.35 12.78 10.89 9.77 9.81 10.43 10.83 10.99 11.17 11.42 11.55 11.52 11.21 11.33 11.75 11.24 17.17 17.83 11.92 10.93 17.58 10.01 10.81 10.09 8.96
12.18 13.55 16.71 22.65 25.90 26.61 26.25 22.84 18.84 16.51 15.41 14.88 14.10 13.36 11.28 7.05 7.34 8.00 13.94 10.32 11.27 7.75 8.65 8.98 7.56 6.52 9.05 12.33 8.23 10.06 9.38 6.18 4.30 5.22 5.97 11.27 13.22 15.40 17.99 9.80 17.88 18.35 8.05 6.12 9.36 18.06 19.24 21.37 21.33 14.51 13.47 23.18 25.72 25.62 13.66 14.13 13.26 11.83 10.78 10.14 9.94 10.03 10.24 10.37 10.64 10.91 10.97 11.05 11.12 10.71 16.75 17.08 17.47 11.47 10.81 9.99 10.35 10.02 8.65 7.98
13.64 15.23 18.54 23.62 24.38 21.24 18.01 14.77 12.26 11.21 10.91 10.59 10.29 11.02 11.31 7.95 2.90 9.04 8.86 8.73 9.27 9.45 10.14 9.32 7.62 4.49 10.35 12.44 6.45 7.68 5.53 3.91 3.12 3.13 11.46 12.05 13.71 15.69 16.69 9.66 16.97 11.90 9.19 8.49 8.00 8.19 12.73 19.36 18.67 24.22 20.34 22.81 23.75 22.16 23.96 18.29 13.39 12.52 11.24 9.78 8.60 8.50 8.81 14.62 10.13 10.70 10.82 11.19 11.07 9.96 9.37 9.62 17.55 10.44 18.68 10.01 9.98 8.99 14.79 15.50
14.32 15.48 18.43 22.21 19.96 16.39 12.64 9.75 8.08 7.90 7.83 7.57 8.07 9.79 11.53 9.19 3.39 8.57 8.00 8.10 7.90 8.42 9.21 8.80 7.48 5.61 11.27 10.65 6.15 5.12 3.57 3.64 3.74 5.45 12.58 12.03 12.67 13.63 16.19 8.61 9.94 8.82 16.94 10.59 9.35 8.76 12.94 19.62 15.21 22.34 22.54 23.36 23.66 22.00 16.04 24.99 17.85 12.48 10.69 9.28 8.11 7.21 7.58 8.70 9.85 10.51 10.72 11.11 11.12 9.98 9.26 9.21 16.74 9.44 9.13 18.23 14.64 14.86 7.03 6.77
14.68 16.04 19.14 20.94 16.56 12.10 8.89 7.44 6.87 6.50 5.81 5.89 7.29 9.76 12.30 10.12 3.59 7.64 11.12 6.95 7.76 7.68 8.03 7.71 3.80 6.83 11.63 8.66 6.96 4.27 4.36 5.24 5.10 6.78 14.06 14.44 14.76 17.04 16.33 6.29 3.68 7.47 10.13 10.99 8.96 7.68 19.91 19.37 15.07 15.68 15.93 23.89 23.26 20.03 19.53 11.00 18.56 14.23 11.16 9.61 9.75 8.89 8.15 8.62 9.40 9.95 10.32 17.87 10.89 10.28 9.26 8.51 16.00 16.31 16.62 16.70 17.17 13.75 6.08 13.98
15.49 17.67 20.27 18.37 13.77 9.26 6.64 6.37 6.90 6.55 5.20 5.19 7.00 10.65 13.71 10.07 3.05 7.42 10.97 7.04 6.72 7.36 7.02 5.91 3.38 6.87 11.17 10.53 8.48 6.19 6.34 6.83 7.04 6.78 13.03 6.64 7.48 8.06 19.86 6.84 9.01 18.98 8.41 22.16 8.83 7.73 8.61 15.27 22.63 16.50 17.25 16.58 21.32 20.96 22.33 15.30 10.90 19.00 11.72 9.89 9.57 10.70 10.46 9.92 9.65 9.65 9.86 10.06 17.95 10.43 9.58 8.22 15.98 16.58 17.20 16.64 15.19 15.14 13.83 14.54
