examples/cougarCreek-fire/createInputs/WindNinja/wrfout_d3.2015081012.f17/cougarCreekFire_08-11-2015_0500_217m_non_neutral_stability_ang.asc
ncols	146
nrows	140
xllcorner	610065.000000
yllcorner	5095217.000000
cellsize	216.586807
NODATA_value	-9999.000000
[rows 88 to 131 of 140, columns 0 to 95 of 146]
354 358 355 355 359 357 357 1 339 337 330 323 322 332 354 2 359 306 298 283 265 239 212 355 31 69 124 125 28 21 73 355 328 198 272 359 348 17 173 165 165 171 180 85 135 103 35 80 127 169 88 17 157 324 122 152 113 113 136 99 97 103 108 131 83 49 88 102 101 105 103 99 71 310 122 117 115 117 120 154 190 216 226 297 84 342 89 125 125 120 116 117 121 125 129 131
360 359 358 355 359 354 357 2 339 338 332 342 327 323 356 5 356 297 292 275 252 225 201 19 77 225 227 210 351 6 228 329 329 197 190 357 359 4 182 178 178 359 180 77 145 304 314 93 138 126 114 39 158 163 133 159 119 123 104 109 89 114 115 112 101 118 85 103 99 90 99 67 66 60 108 273 125 143 117 173 207 216 127 122 221 118 117 126 126 126 124 124 127 130 133 133
3 2 359 358 1 0 3 1 339 338 334 347 334 333 353 302 355 293 286 268 240 209 347 50 228 230 232 6 322 346 11 329 336 273 185 284 77 345 188 184 181 157 178 205 149 237 292 146 194 184 130 91 162 163 167 118 153 131 146 142 112 95 137 110 104 105 102 92 132 298 321 27 143 139 132 76 95 90 194 124 130 129 125 123 117 115 119 125 128 131 128 127 129 132 134 134
6 2 356 358 359 360 3 1 338 337 334 333 338 337 321 1 348 297 285 262 226 200 11 51 229 231 29 5 10 341 326 323 305 305 249 307 121 324 190 134 159 156 175 258 142 275 169 201 196 188 184 175 245 212 190 149 134 139 125 146 108 128 111 129 95 136 81 117 125 146 206 311 146 146 57 94 84 82 90 250 251 220 231 130 126 126 124 126 131 131 127 125 126 129 130 130
1 11 353 354 359 354 4 1 359 333 329 346 341 352 318 354 301 341 291 266 225 342 30 243 232 230 341 2 36 26 315 301 317 324 300 329 62 199 145 189 157 296 179 178 183 185 173 170 195 190 187 178 239 167 170 239 148 151 124 127 114 95 128 134 79 140 133 52 113 154 229 317 146 147 87 107 342 338 307 213 236 254 330 116 224 149 146 165 130 127 122 120 120 123 124 125
3 339 339 339 352 347 5 338 1 331 9 352 340 357 349 350 359 347 301 285 267 346 24 47 228 228 352 6 4 330 302 272 326 354 5 177 208 209 204 193 184 185 186 182 187 175 176 199 195 191 187 170 223 172 172 168 178 209 145 134 121 121 135 149 149 82 86 113 351 184 214 331 149 146 97 39 30 141 118 120 125 131 132 279 356 100 16 128 130 128 130 116 116 116 118 120
341 339 340 343 353 349 7 341 340 336 326 3 359 353 350 350 355 355 296 297 274 342 17 36 226 234 3 345 320 344 343 299 2 57 212 215 213 210 204 193 186 187 189 188 192 198 200 199 196 191 186 188 221 179 177 169 199 159 181 147 130 106 142 138 138 170 33 65 330 217 232 321 150 89 64 78 125 51 237 118 125 129 126 124 127 187 182 119 130 129 173 119 118 123 119 118
7 337 347 345 352 350 347 19 342 14 7 4 3 350 351 348 354 2 301 314 221 354 19 235 241 247 353 320 217 21 214 337 28 128 217 215 211 204 198 192 191 191 191 193 198 202 201 200 198 194 190 186 184 184 180 171 164 160 158 156 123 144 163 140 137 134 134 165 236 265 237 263 57 59 35 43 132 124 117 206 124 130 259 258 210 130 154 138 145 130 123 92 124 121 119 124
337 338 353 349 351 356 348 18 15 14 358 1 4 352 349 347 1 9 315 352 36 31 262 263 266 260 345 328 3 69 33 8 96 224 221 217 210 201 195 194 196 196 196 198 202 203 202 202 202 200 196 193 190 186 181 173 166 161 158 154 183 157 146 143 158 135 132 130 130 245 248 273 175 295 348 45 136 132 123 204 118 124 126 126 142 105 104 73 127 129 207 110 164 124 122 125
340 341 351 353 349 9 17 348 16 17 350 10 7 356 337 347 359 358 324 341 9 338 309 289 276 346 239 4 27 242 11 235 236 233 227 221 212 204 199 196 196 198 199 202 204 204 204 205 206 205 202 199 194 189 184 175 167 162 158 154 151 150 149 146 141 137 136 133 131 130 131 132 133 243 146 2 38 138 132 11 118 122 125 124 204 126 129 131 145 129 125 126 125 125 123 121
336 343 350 357 356 351 13 349 350 347 14 20 3 351 340 334 354 348 348 16 349 339 330 315 358 340 348 260 13 11 3 239 240 236 230 221 212 203 197 195 198 200 202 204 205 205 206 208 211 211 208 202 198 195 188 178 170 165 160 156 154 151 149 147 143 140 139 138 135 197 134 135 135 261 273 308 10 146 141 38 309 262 131 233 131 251 50 137 135 94 81 128 129 127 121 120
332 352 351 356 20 348 358 349 350 13 21 349 2 341 343 333 345 344 352 345 345 31 332 328 307 356 3 0 352 8 8 28 243 241 235 225 212 200 194 196 201 203 202 204 206 207 209 211 214 215 210 204 203 200 191 180 174 169 164 159 156 154 150 148 146 143 142 141 140 138 140 141 235 230 244 274 323 16 146 135 3 130 289 314 334 295 312 138 139 129 1 128 128 127 126 301
341 4 346 5 354 2 357 14 2 350 351 346 357 348 340 344 349 341 353 338 342 340 339 7 21 14 2 350 343 12 249 254 255 252 245 234 219 207 208 212 213 208 203 207 210 210 211 213 214 214 212 209 207 202 193 184 178 173 168 163 160 158 154 183 148 147 146 144 143 142 142 143 140 137 134 241 270 292 146 137 54 336 267 264 307 288 134 295 132 35 326 127 129 130 130 345
346 345 343 23 350 1 14 350 350 8 347 11 356 357 345 339 349 340 350 1 332 339 353 344 321 310 4 348 342 23 265 266 264 258 250 241 235 236 255 268 254 215 204 208 212 212 211 212 213 214 216 216 211 204 197 190 184 179 174 168 163 161 158 154 152 151 149 146 143 141 140 141 225 225 218 214 230 254 309 42 340 297 256 228 224 128 207 218 125 267 124 292 338 130 129 125
347 351 352 343 347 7 347 6 349 18 350 8 9 1 357 356 339 334 346 346 336 30 50 334 327 322 11 356 4 285 280 275 268 261 255 249 249 259 276 280 258 221 208 207 210 210 210 210 213 216 218 218 214 208 202 196 189 184 179 173 167 163 161 159 155 152 202 199 199 206 209 212 211 215 220 230 238 232 256 323 216 244 252 246 259 141 232 252 233 194 185 200 122 128 189 181
345 350 354 350 22 343 355 1 7 358 353 19 346 352 12 5 339 337 350 345 30 347 66 14 17 19 10 359 1 291 0 349 270 266 260 253 248 246 244 230 215 210 208 209 211 211 211 212 214 217 219 221 220 215 208 200 194 189 183 176 170 166 195 162 158 198 202 199 203 210 215 215 206 211 225 237 246 266 274 355 326 282 249 245 316 139 140 324 343 136 212 231 222 207 162 180
344 348 353 354 344 15 342 346 21 354 353 350 5 356 344 351 342 339 350 357 360 59 50 332 5 19 10 357 10 3 350 348 272 271 265 254 239 227 221 215 209 206 209 212 215 216 216 216 217 218 220 223 224 224 217 206 198 192 186 178 173 170 167 166 162 201 200 202 155 152 220 223 224 219 223 229 241 259 278 320 292 277 272 246 277 338 332 139 312 145 143 337 134 105 285 253
352 351 352 352 351 338 7 345 354 18 349 350 350 18 346 342 344 338 351 355 25 348 343 8 7 337 9 333 9 1 293 284 280 275 266 252 235 232 232 228 221 214 212 216 219 219 219 220 221 223 223 225 227 228 226 212 195 192 187 180 174 173 171 170 205 207 210 158 158 158 156 231 230 231 229 230 237 247 241 235 243 286 293 266 277 317 334 325 261 349 145 344 9 137 134 240
354 354 352 351 352 347 339 340 16 348 17 346 355 14 345 347 345 338 353 340 22 26 13 342 343 18 333 339 10 318 306 295 289 280 267 252 244 247 248 240 230 220 216 219 221 222 221 222 224 225 224 223 225 229 229 213 191 191 189 181 177 176 175 174 173 167 162 160 159 159 159 158 153 240 235 229 221 223 216 215 248 274 288 257 243 241 264 288 248 260 137 337 269 134 136 348
359 353 351 350 350 347 345 345 340 349 16 359 9 345 357 1 345 347 354 0 33 35 340 4 345 340 5 1 332 325 314 301 291 281 271 271 77 104 168 253 236 225 223 224 225 227 226 225 226 225 221 219 222 228 227 216 200 194 191 184 181 181 180 179 176 169 220 222 226 229 234 240 247 249 242 232 229 235 246 266 258 259 283 264 227 114 224 239 229 232 320 81 279 247 272 262
351 345 347 347 347 346 345 347 348 11 353 15 344 7 5 2 342 342 349 347 39 348 24 13 15 17 7 10 333 0 321 303 350 281 284 47 290 287 284 271 246 237 235 234 235 179 233 231 230 227 221 216 222 231 230 222 212 203 196 188 186 187 187 186 178 218 226 233 236 237 239 160 250 253 251 250 248 251 258 266 284 274 271 292 300 270 241 242 244 236 263 281 235 196 191 197
347 342 349 344 345 346 344 344 349 350 356 348 13 6 10 357 342 346 354 358 28 26 2 2 8 6 6 341 336 358 320 354 294 293 23 295 25 286 280 270 258 252 246 244 146 245 241 239 239 238 231 223 231 240 239 232 225 215 203 193 190 192 192 190 181 170 225 233 242 163 253 161 259 160 159 263 255 252 254 260 271 267 261 271 306 325 291 279 303 275 245 214 202 219 216 221
340 343 340 347 343 345 345 343 348 353 358 346 10 348 347 355 351 14 342 354 15 7 358 0 10 6 2 9 358 2 5 321 21 29 22 28 15 286 354 270 269 262 256 64 87 215 248 249 250 248 244 241 245 248 247 242 235 223 211 200 196 196 195 194 184 176 225 227 238 247 252 245 241 251 261 253 251 246 247 260 266 270 273 274 289 326 321 303 327 327 321 309 254 276 332 296
333 338 343 341 339 340 344 344 349 351 353 348 349 347 3 359 353 347 342 340 340 341 344 6 13 14 5 9 4 343 9 330 27 17 18 9 304 304 299 43 46 48 45 33 5 327 255 258 259 258 257 256 256 255 252 248 241 230 218 209 205 202 199 196 189 251 248 246 246 245 246 237 230 230 236 251 257 258 258 262 274 275 270 268 272 305 317 293 291 306 336 130 315 286 332 121
331 335 340 340 337 336 335 341 348 354 17 354 15 4 355 4 351 346 341 341 344 348 351 12 13 16 12 352 350 11 20 23 8 320 5 344 313 316 31 31 41 41 33 27 13 265 268 269 269 268 268 268 266 262 257 252 244 234 225 219 215 210 207 204 200 196 193 188 265 262 263 268 266 263 257 259 264 269 265 266 287 299 284 290 294 301 326 328 317 321 324 132 123 314 285 311
333 335 339 340 337 330 330 334 340 350 356 23 10 352 355 1 345 341 339 344 351 356 355 13 21 18 10 8 7 8 10 3 357 321 314 316 322 18 20 22 24 24 33 43 330 279 281 280 277 276 278 279 276 270 263 256 248 240 234 229 223 219 219 216 212 210 205 200 192 273 272 184 282 283 276 271 276 280 280 277 288 312 291 287 287 283 306 327 325 337 332 310 346 308 255 228
333 335 337 339 339 336 333 332 335 341 358 351 341 355 2 359 340 335 333 342 353 358 358 15 27 18 5 5 3 3 1 5 336 321 347 323 14 20 12 13 19 32 41 294 293 292 291 288 284 282 282 282 280 275 268 261 252 246 242 236 229 227 228 280 280 280 279 277 275 275 276 273 271 278 281 284 293 306 306 294 299 312 293 282 278 278 294 310 310 326 344 311 315 340 154 294
332 335 338 337 336 338 340 341 341 337 339 346 7 4 353 343 341 337 335 339 351 9 13 35 30 4 5 4 5 2 359 10 12 356 320 326 13 12 327 12 25 30 15 345 329 296 295 292 288 285 284 283 281 276 270 265 259 253 249 244 236 234 236 233 276 279 283 282 277 272 272 270 269 280 284 287 292 296 291 288 294 307 308 305 295 293 305 314 305 310 320 317 316 119 162 330
331 334 337 334 333 335 340 344 346 348 347 343 0 8 347 347 344 341 340 343 350 11 18 29 13 358 3 1 7 1 357 11 11 2 322 13 11 3 332 17 24 19 4 342 330 326 297 296 292 289 287 285 282 277 272 269 267 263 259 253 245 243 242 285 278 276 278 278 277 275 278 277 280 285 289 293 289 287 279 274 276 286 295 294 292 292 302 310 313 325 296 288 278 287 147 148
329 332 333 330 330 332 336 341 346 350 350 340 330 339 344 346 344 344 345 346 350 16 29 23 350 345 3 2 2 353 358 10 20 14 6 1 325 331 9 21 17 12 0 341 329 327 327 299 296 292 288 285 282 279 275 272 272 271 269 263 257 252 293 250 286 282 278 274 277 285 287 280 283 286 287 289 289 291 287 282 281 280 278 281 285 294 310 297 308 98 264 306 276 123 280 136
332 330 330 328 330 332 336 339 344 348 349 347 342 335 356 345 344 345 346 346 349 15 346 6 344 347 6 2 359 354 1 19 20 12 4 355 349 3 20 21 12 6 353 336 329 300 327 324 296 293 289 284 282 280 278 276 275 274 272 268 292 294 259 256 292 291 286 277 275 283 290 279 277 278 277 277 280 283 284 282 286 300 296 291 291 302 332 310 308 273 218 323 322 280 254 294
333 329 328 327 328 330 335 340 339 345 345 344 343 344 340 13 344 347 9 345 360 12 16 339 344 359 3 3 1 358 6 17 15 9 359 352 357 15 26 17 7 358 345 334 326 326 326 321 316 292 288 284 282 282 281 279 277 275 302 301 297 296 300 298 294 292 291 284 274 274 288 291 284 278 275 278 286 291 300 290 284 302 307 300 294 305 337 323 310 246 214 328 155 179 319 194
327 327 327 328 327 329 335 340 342 341 341 338 340 344 346 348 5 10 19 2 7 342 14 5 1 1 355 4 3 348 354 348 10 9 356 354 8 15 18 13 360 354 345 336 332 329 325 321 318 315 309 283 282 282 280 278 302 301 303 306 305 301 299 301 300 295 287 292 280 272 282 294 292 289 285 283 284 286 296 307 289 289 297 293 287 285 303 317 317 268 220 326 183 199 187 193
328 323 325 327 326 328 336 340 339 336 341 339 339 342 344 338 10 19 8 0 8 17 12 13 3 354 356 5 5 343 355 8 11 10 356 0 15 16 15 3 357 352 349 340 335 330 325 323 321 317 312 308 305 303 302 300 302 301 302 307 311 306 304 306 265 261 290 292 286 273 275 288 289 285 280 281 281 283 290 301 292 293 297 293 277 266 266 301 269 311 251 317 221 255 204 209
327 319 321 328 321 324 335 338 336 338 339 340 340 341 342 346 342 24 343 2 4 7 4 360 346 349 3 12 2 346 349 10 11 8 357 6 12 6 7 359 352 357 351 342 335 328 325 324 323 320 315 311 308 305 303 302 301 299 299 305 314 311 302 308 267 262 300 297 297 280 272 269 273 276 277 282 285 285 291 297 290 293 297 296 297 286 268 286 293 260 286 293 315 218 221 213
323 318 319 321 323 323 333 334 331 333 335 341 340 339 339 344 352 28 6 357 3 5 2 358 347 351 11 342 342 347 348 3 2 360 359 6 6 1 359 353 354 357 349 340 333 325 322 326 326 323 318 313 310 305 304 302 301 299 296 300 313 311 299 306 311 263 259 299 295 288 281 278 279 280 280 280 279 279 287 291 293 290 298 294 303 312 306 303 284 278 288 301 314 237 233 216
321 318 318 319 319 324 331 332 329 329 337 344 340 338 336 341 345 353 9 343 7 7 3 357 344 349 347 342 341 346 350 357 0 0 8 9 6 3 359 358 1 360 350 339 330 325 323 328 327 324 319 313 309 306 304 302 301 299 297 299 308 305 302 304 308 265 260 298 290 287 287 291 290 288 285 280 279 280 287 286 287 300 241 305 298 311 316 238 302 292 194 278 272 249 237 244
321 322 322 314 321 323 326 329 328 328 335 341 340 338 336 338 346 351 341 345 340 4 2 0 357 356 343 342 351 345 349 349 4 10 19 12 7 2 3 3 3 1 350 338 330 327 325 328 326 323 318 313 311 308 305 302 299 296 294 295 298 292 289 289 291 303 306 304 273 260 281 290 292 292 292 285 280 278 283 284 283 302 309 312 304 308 245 249 307 283 289 245 253 270 239 257
321 321 322 322 317 323 326 327 328 328 333 339 340 337 335 337 343 358 340 2 2 354 4 4 338 353 358 359 345 346 349 355 11 18 21 12 7 6 4 2 1 1 348 338 331 328 325 327 326 323 319 314 311 310 308 306 300 276 278 281 282 282 281 281 280 278 288 266 261 256 282 295 292 295 255 289 282 274 279 279 279 284 302 307 308 305 254 253 304 279 279 254 253 268 242 237
315 316 325 317 317 324 326 327 331 329 330 335 337 337 334 334 341 342 9 1 356 359 6 3 338 350 351 349 342 346 350 359 12 20 21 14 10 3 0 1 8 3 351 344 333 327 325 326 329 326 323 319 317 285 283 281 281 282 285 287 288 287 286 285 285 283 282 280 261 247 292 299 292 291 298 299 284 275 276 276 271 272 277 284 307 309 270 259 262 292 284 271 253 250 246 238
314 315 317 323 320 314 317 325 327 331 327 329 335 335 332 332 339 342 347 360 358 359 359 351 351 350 353 343 344 351 353 9 17 24 21 11 2 1 4 8 8 332 327 320 314 328 328 334 309 306 302 299 296 294 292 290 288 288 289 289 290 289 289 287 285 283 280 295 294 255 255 296 291 285 295 299 283 271 268 271 273 276 283 281 282 295 296 260 253 304 295 256 250 248 245 268
311 314 317 318 321 318 319 320 323 328 325 325 329 334 330 329 335 342 347 340 355 358 356 350 351 352 351 344 349 356 356 17 23 22 352 11 4 5 8 7 338 336 331 325 319 317 317 317 315 312 310 308 306 303 299 295 293 291 290 291 294 295 294 290 287 283 278 272 263 255 255 258 255 280 287 292 287 274 268 265 266 266 270 278 282 278 277 277 294 297 303 260 248 243 260 259
308 308 318 317 318 319 319 320 323 321 323 327 325 328 333 328 333 337 337 333 332 354 354 350 350 346 349 344 349 355 5 21 20 19 350 346 5 6 341 341 340 338 335 330 325 322 323 324 322 319 316 314 311 308 305 301 297 293 291 293 299 302 299 293 287 282 274 267 260 254 252 254 277 251 280 285 286 278 271 267 266 259 253 260 273 287 284 280 270 276 293 244 255 235 252 296
306 308 314 314 318 317 319 321 321 325 329 321 326 325 331 328 331 342 334 332 333 333 351 352 351 346 339 343 349 3 15 20 20 18 12 360 2 342 341 341 341 340 338 333 328 337 340 328 326 323 322 320 317 315 312 309 305 301 299 301 306 311 306 295 286 277 268 260 252 247 245 246 248 270 270 275 278 273 269 268 265 262 254 254 261 273 295 245 283 277 283 280 293 245 242 293
