examples/cougarCreek-fire/createInputs/WindNinja/wrfout_d3.2015081012.f17/cougarCreekFire_08-11-2015_0500_217m_non_neutral_stability_ang.asc
ncols	146
nrows	140
xllcorner	610065.000000
yllcorner	5095217.000000
cellsize	216.586807
NODATA_value	-9999.000000
[rows 44 to 87 of 140, columns 0 to 95 of 146]
318 316 312 352 345 351 4 1 4 357 349 339 342 355 3 22 31 45 78 103 98 85 75 76 100 114 101 90 95 101 78 53 31 15 18 12 306 290 286 285 282 278 271 274 273 273 277 287 293 293 289 291 296 296 290 280 270 265 258 264 263 253 238 213 119 119 130 142 157 164 160 170 182 195 203 218 227 305 238 20 35 266 241 229 205 163 102 76 66 76 103 123 3 103 24 19
5 356 344 345 344 353 351 358 355 340 321 345 3 12 18 27 28 55 83 96 94 85 81 79 97 102 87 86 103 97 69 47 34 19 6 342 318 323 304 284 274 297 291 288 288 268 278 291 300 303 291 275 273 273 273 270 278 265 261 258 242 231 188 154 137 132 173 182 154 184 216 208 213 222 225 223 207 230 240 243 60 269 247 230 206 168 129 97 81 75 102 120 115 95 19 95
307 308 309 338 343 348 343 346 341 321 348 4 18 12 18 29 46 76 89 98 95 84 78 73 76 81 74 90 105 84 59 43 34 24 10 350 317 300 289 288 288 277 270 263 262 270 284 292 286 274 279 276 282 286 285 279 266 261 246 219 195 179 168 161 154 167 149 153 188 163 174 180 181 226 224 234 204 238 238 235 275 96 239 230 210 179 147 120 99 92 330 129 115 93 93 94
301 304 309 344 346 343 321 342 344 344 4 16 23 23 38 61 35 59 88 95 88 74 66 59 59 60 75 98 99 80 59 48 45 26 23 9 319 310 297 282 277 260 254 254 280 287 289 283 285 278 273 271 277 280 275 267 250 214 202 194 195 190 187 182 164 161 176 179 157 163 171 218 219 219 224 238 198 199 194 229 241 93 203 228 215 191 164 139 124 113 114 122 117 46 98 96
295 300 316 333 320 320 311 349 359 0 16 18 24 36 44 348 6 38 77 86 79 61 53 55 61 64 89 101 91 79 66 53 58 30 29 46 320 317 308 315 306 266 258 260 278 278 275 289 279 267 257 252 252 255 247 232 205 188 193 200 198 192 184 177 170 167 163 156 180 198 210 228 215 221 236 236 248 204 246 220 213 272 136 215 214 201 180 155 139 126 117 117 53 110 46 45
294 298 305 307 315 337 352 8 5 10 14 19 23 15 336 21 29 43 52 70 74 55 49 62 61 67 89 92 93 91 67 66 61 46 30 43 351 318 314 323 300 310 272 266 266 267 268 268 262 249 239 237 239 237 230 214 201 198 191 197 201 203 199 188 195 190 190 191 215 219 215 198 206 207 210 220 232 237 193 202 208 219 120 155 195 200 189 169 149 137 128 124 119 51 47 47
294 296 298 309 343 4 5 5 5 11 27 28 16 7 358 3 22 35 45 63 68 58 54 56 52 54 63 81 107 95 63 68 65 45 27 42 354 324 321 323 325 315 308 300 266 260 259 250 244 237 235 238 243 242 238 231 218 199 207 216 190 200 205 196 180 171 168 163 159 160 165 170 173 199 209 209 184 182 180 214 173 146 115 113 119 159 179 167 158 150 140 131 120 112 107 102
290 292 305 341 1 359 359 3 4 18 12 333 1 353 323 359 21 35 48 60 62 59 56 45 44 50 66 100 114 97 64 69 67 39 22 40 339 333 329 328 323 315 308 306 313 301 265 268 257 250 247 247 250 253 251 248 227 176 213 225 225 232 197 200 183 175 193 168 211 194 188 203 206 208 221 191 187 188 189 229 185 171 140 128 260 97 106 133 151 152 144 136 126 116 111 106
288 291 314 348 349 353 359 2 3 14 10 351 339 337 342 358 20 39 50 54 54 61 63 68 38 67 106 131 118 83 64 68 61 36 20 22 343 338 333 328 323 318 311 305 309 307 306 292 286 279 276 271 263 266 264 256 230 202 211 223 220 255 245 201 180 168 164 160 179 223 198 196 195 197 196 187 186 198 205 198 231 180 169 155 143 195 283 101 123 132 130 129 129 122 114 109
293 306 336 347 349 350 354 355 3 4 349 315 329 334 354 8 22 46 55 52 49 54 62 41 52 92 119 110 95 73 51 48 55 35 39 7 347 338 331 329 324 318 310 308 308 304 303 304 307 311 303 303 297 293 285 257 223 209 224 235 227 230 237 217 188 170 158 117 60 9 0 345 320 317 303 295 276 244 261 186 178 175 217 209 198 146 125 119 111 102 101 109 119 119 114 109
295 310 338 337 340 343 359 359 360 355 316 311 337 355 18 22 29 51 58 58 50 48 53 46 55 89 93 85 83 66 36 48 55 38 36 359 344 337 336 336 325 317 310 306 301 296 297 296 293 296 310 331 319 316 303 272 237 225 233 233 221 227 340 319 293 240 122 91 15 346 302 299 321 171 294 255 232 156 255 267 247 230 216 176 171 197 146 197 107 99 106 69 111 117 115 110
285 302 331 330 321 344 4 353 341 339 314 316 355 7 19 19 25 43 48 45 42 40 43 49 64 75 70 71 84 64 32 46 52 41 20 3 353 356 346 334 331 330 313 330 320 312 289 287 293 299 299 304 334 310 305 281 251 249 269 262 258 301 295 249 43 84 286 316 229 119 119 126 214 310 176 183 326 309 189 140 179 197 166 174 171 166 158 136 120 119 121 120 117 110 110 109
275 290 320 325 329 10 6 337 314 325 311 359 335 8 29 26 18 36 26 17 26 28 30 44 62 62 68 83 83 57 28 34 48 43 22 4 357 1 340 338 332 333 320 327 319 315 307 297 293 282 301 310 307 317 306 303 305 313 310 300 269 205 159 122 125 121 184 99 111 118 121 198 226 210 134 130 87 92 117 135 186 157 165 169 169 199 164 155 148 150 144 181 119 160 180 100
282 289 325 341 13 24 305 316 313 326 4 37 1 20 52 43 48 50 335 349 13 18 25 45 53 51 72 88 70 39 30 42 60 63 54 30 4 1 330 339 334 328 324 310 292 313 300 304 297 296 297 285 315 311 302 297 289 263 271 260 239 218 126 130 130 131 135 137 132 128 129 130 210 110 104 118 129 136 140 168 174 176 182 193 154 156 158 158 160 164 156 175 183 179 108 148
293 295 349 321 295 295 324 297 293 5 84 54 359 60 92 172 240 279 309 339 11 15 38 56 48 54 83 85 58 32 40 44 65 63 52 34 356 359 17 344 331 321 321 319 303 295 287 283 290 303 301 303 295 301 281 271 271 278 307 305 210 194 155 150 154 166 135 140 127 97 85 150 96 114 128 138 145 152 172 173 151 146 167 169 170 171 180 146 225 154 155 147 135 126 117 119
296 303 340 310 308 335 278 299 351 64 88 43 86 173 194 241 278 300 324 353 11 16 32 38 38 63 87 75 49 41 50 60 51 55 27 47 353 348 341 351 341 327 321 319 316 308 296 280 256 251 251 297 303 295 296 296 297 309 339 58 115 133 132 127 125 126 177 211 230 159 52 97 122 136 143 149 154 158 179 176 177 156 171 169 166 145 169 176 184 189 151 146 199 161 124 138
295 304 15 4 354 285 252 348 69 145 177 189 211 223 266 285 296 306 335 3 10 10 18 22 41 65 75 62 54 61 76 54 50 53 33 24 41 347 347 344 341 330 322 315 314 307 303 242 240 228 262 236 234 238 246 248 238 198 143 122 118 125 133 138 138 168 149 100 95 94 114 131 141 147 150 153 174 176 161 165 166 182 181 183 185 182 186 182 184 187 185 192 140 159 152 133
294 332 16 347 339 250 216 61 156 169 195 232 287 303 303 301 302 311 345 4 11 10 18 29 43 58 65 63 65 64 54 42 47 47 28 14 43 349 351 343 340 329 322 310 304 305 304 300 230 283 269 262 254 245 222 215 196 175 166 161 151 139 135 137 137 129 121 124 133 138 142 147 151 153 167 169 157 160 162 167 169 168 169 169 167 165 185 185 187 188 187 184 139 150 129 124
334 11 32 347 349 356 349 121 175 200 245 298 307 311 307 303 302 318 352 355 13 12 10 18 33 49 59 64 67 61 45 40 69 44 18 10 2 353 353 351 348 335 330 324 306 305 294 284 283 272 260 255 256 215 219 207 188 176 171 169 166 159 151 148 148 148 149 149 148 149 152 155 156 155 167 155 159 162 163 164 167 169 171 170 193 194 194 193 194 192 187 187 187 176 162 124
37 40 37 60 64 108 162 184 219 290 307 311 310 308 305 301 298 319 353 359 7 10 9 15 30 42 56 66 67 58 45 54 66 38 22 6 6 354 355 353 353 335 324 330 315 309 305 297 290 274 268 266 274 214 218 206 188 175 169 167 167 163 160 159 159 158 157 157 157 157 157 160 161 159 171 158 162 161 159 161 164 168 170 197 197 196 196 195 191 193 189 186 176 164 170 156
38 47 60 177 201 192 201 265 309 315 318 319 315 310 304 294 285 308 346 358 357 11 15 18 26 33 53 64 59 53 52 44 50 31 21 9 9 3 360 359 356 340 318 327 328 312 311 303 257 291 268 261 262 274 213 205 187 174 167 164 161 158 158 161 162 162 161 160 160 159 160 163 165 163 161 161 161 155 181 185 194 200 202 200 193 189 192 194 193 192 186 181 174 165 173 157
5 48 46 49 337 324 320 319 318 318 319 320 315 308 297 282 271 300 1 347 352 24 16 13 23 34 57 67 58 58 56 39 41 31 18 12 14 7 4 11 3 353 328 321 327 316 317 305 263 260 283 255 256 270 209 202 185 173 165 159 155 153 154 157 159 160 160 160 158 156 159 163 164 164 164 163 158 150 144 146 159 163 196 199 201 209 211 210 203 189 198 179 157 165 158 132
50 49 47 352 340 333 328 323 320 318 317 314 307 299 288 274 277 307 358 344 348 33 357 3 23 39 59 69 66 67 56 36 29 26 14 11 22 5 6 21 12 358 331 317 321 316 320 311 310 241 255 271 275 232 203 193 184 176 164 155 151 149 150 153 154 157 160 162 158 153 155 176 177 162 164 187 162 154 153 154 160 165 155 187 177 139 134 131 174 185 158 131 152 162 171 137
51 41 20 346 336 332 329 326 324 321 327 311 303 295 287 274 275 311 353 342 2 343 359 2 19 40 62 73 60 49 44 29 22 24 19 13 25 10 10 32 13 9 25 41 317 304 308 307 289 281 259 282 290 280 190 179 179 177 165 154 150 148 148 149 150 152 159 165 161 155 171 174 172 160 163 165 164 162 161 158 153 214 211 213 190 178 180 170 179 153 127 167 151 134 136 136
38 28 350 338 331 330 338 328 327 323 317 311 304 296 287 275 277 341 341 336 357 352 350 9 15 47 72 76 54 41 38 31 17 23 23 18 23 14 17 35 22 37 48 45 29 346 294 299 286 304 292 274 278 262 248 170 164 169 164 156 150 145 143 144 143 145 153 161 162 160 158 156 175 157 182 157 160 166 201 199 183 133 136 176 192 219 210 191 118 119 127 158 158 177 185 129
35 24 357 326 323 325 326 326 325 322 318 313 304 295 298 276 284 353 332 326 348 346 355 6 16 64 49 72 43 34 43 27 15 18 19 25 28 20 19 34 39 49 23 59 53 359 293 294 283 281 280 275 276 265 177 207 142 154 162 158 149 141 135 135 136 139 145 151 157 162 162 160 177 159 159 187 176 190 161 154 146 142 143 137 119 105 102 103 107 118 125 125 126 158 130 129
40 28 327 316 315 317 321 322 322 332 318 315 306 295 286 281 291 359 331 325 336 346 3 4 42 86 40 62 32 34 49 34 15 15 19 31 28 18 20 41 61 70 74 75 85 149 301 297 281 258 246 266 271 232 188 158 164 119 155 160 153 144 137 133 134 135 139 156 147 156 162 162 180 182 186 188 193 181 158 179 153 151 152 152 143 128 120 123 128 132 131 127 129 134 136 167
7 349 323 329 312 314 317 334 334 332 333 333 327 310 289 288 301 4 332 329 327 350 12 354 86 104 67 32 19 36 46 27 15 16 23 28 27 21 25 78 57 28 104 18 95 141 177 286 286 279 247 228 255 238 218 167 157 167 141 151 155 150 144 141 138 136 138 142 163 146 153 156 185 190 192 191 183 182 177 176 151 151 175 158 156 148 145 146 148 149 147 141 140 143 145 144
356 336 321 332 314 316 318 336 335 333 338 337 315 305 296 295 311 11 337 331 335 7 27 360 111 248 46 17 24 40 42 21 9 18 38 37 23 10 29 106 65 18 120 102 102 141 286 185 244 225 223 213 251 162 178 182 150 138 126 137 150 151 146 145 144 143 144 145 146 146 159 162 181 183 187 159 170 169 166 165 163 169 171 155 154 153 154 155 155 156 156 153 185 153 152 150
333 324 336 331 316 318 319 337 333 334 337 338 313 307 298 295 320 17 353 332 346 40 351 343 132 257 17 19 40 41 28 14 7 28 49 42 18 358 27 104 65 17 127 124 41 136 170 300 291 288 209 211 243 158 153 154 151 136 142 142 143 146 143 142 144 146 149 148 149 151 169 169 173 176 185 191 165 166 157 151 157 168 171 148 147 147 145 141 144 150 155 157 156 155 190 190
342 338 332 330 314 317 335 335 332 335 337 336 330 296 287 287 320 47 10 332 10 289 355 11 263 272 358 20 30 26 12 6 9 44 54 41 15 0 27 104 110 22 23 140 129 132 155 270 303 271 270 256 235 153 153 154 147 137 146 142 146 142 139 137 138 142 147 157 162 156 150 157 158 168 186 188 163 159 151 147 148 161 176 190 142 143 139 185 184 140 147 153 157 153 204 149
327 333 347 327 328 332 337 335 336 343 343 299 323 288 280 279 327 49 329 339 27 293 343 324 273 5 1 21 17 21 12 1 33 52 44 28 16 10 27 65 114 15 19 146 144 22 144 157 293 219 284 266 227 161 155 138 136 170 167 208 150 145 138 134 133 137 142 142 160 159 134 134 144 158 165 173 163 147 149 145 141 163 170 173 186 146 143 152 182 213 137 141 153 156 210 192
332 341 330 325 327 333 341 337 342 322 315 305 300 323 286 277 6 50 358 349 21 299 309 266 353 353 7 12 2 21 16 3 32 47 31 53 2 21 29 67 79 23 10 89 153 142 308 187 281 312 308 283 278 156 145 133 136 177 161 167 138 148 139 132 130 134 140 145 141 167 131 118 121 139 133 132 158 144 139 155 164 163 140 141 188 150 166 163 183 130 130 239 139 151 150 211
330 340 329 325 329 341 347 341 357 325 322 315 312 321 300 296 26 41 10 13 20 323 286 328 326 352 1 6 8 26 22 6 37 36 26 45 356 17 33 72 44 24 19 79 156 148 29 146 267 333 340 305 5 149 142 130 137 150 138 141 171 147 141 134 129 123 132 136 152 167 159 122 114 129 122 146 139 138 141 141 154 152 169 179 198 154 173 182 193 197 134 132 219 140 148 149
341 343 331 328 335 343 350 341 350 322 319 317 316 320 308 325 38 46 29 26 296 269 294 274 277 351 355 3 6 26 32 358 20 22 15 103 354 11 53 87 26 10 27 67 86 148 99 331 272 338 5 315 350 144 133 125 147 142 142 153 160 125 141 137 132 118 131 132 136 139 139 164 139 138 120 146 143 140 137 149 136 146 163 197 212 154 150 176 194 205 221 136 134 218 135 148
339 345 335 330 336 358 347 338 353 314 338 305 340 302 306 320 61 285 39 272 272 274 316 272 273 356 359 8 3 16 33 350 359 21 6 23 91 12 70 90 42 3 6 58 138 43 70 77 322 277 360 304 314 132 152 137 136 167 124 146 132 154 116 117 137 132 128 131 134 138 139 137 137 153 122 121 147 141 135 136 144 146 137 180 228 145 145 140 138 139 138 234 222 199 236 307
346 347 337 331 341 350 338 350 349 343 302 356 294 297 308 22 302 294 285 282 281 337 271 264 259 0 7 23 2 360 26 360 359 30 2 10 4 17 85 79 28 34 352 7 81 74 43 142 130 140 326 266 309 174 152 135 135 140 122 131 128 129 131 167 142 137 130 132 136 139 142 139 137 136 153 141 148 141 127 134 190 53 147 101 244 270 135 134 136 136 120 117 197 226 135 139
347 347 340 317 351 354 349 339 343 347 308 305 297 300 319 44 302 297 292 289 341 309 267 256 249 352 25 31 343 337 15 12 15 15 358 348 1 59 88 33 23 75 18 348 338 20 52 158 134 130 134 286 337 163 147 139 137 143 143 135 130 130 130 133 119 141 134 133 137 140 142 155 139 136 134 139 144 139 131 130 133 284 141 142 61 237 294 1 61 134 292 299 68 224 134 130
349 349 343 336 1 353 353 315 336 334 311 309 300 303 318 34 303 300 294 353 338 276 264 249 239 2 43 243 339 323 4 0 14 355 358 345 4 97 94 18 40 87 101 4 311 346 102 168 148 19 146 138 152 145 140 143 141 143 147 140 111 132 131 131 136 140 136 108 138 140 140 144 126 138 135 138 143 136 102 128 131 133 347 138 137 59 289 184 294 57 62 258 87 100 250 135
352 351 345 345 355 352 352 317 339 337 311 306 303 311 353 310 308 306 298 350 333 273 262 246 319 25 39 359 342 297 10 8 343 355 10 356 67 104 39 26 97 24 22 355 337 316 6 173 153 50 341 340 148 135 130 136 139 115 123 141 135 117 134 132 132 166 138 112 136 136 136 141 119 127 146 137 155 111 94 129 133 131 243 15 70 73 64 339 166 268 18 294 301 68 91 137
355 352 349 356 354 355 324 322 347 346 314 306 330 320 326 318 312 307 359 341 281 272 259 247 243 27 30 14 342 284 354 331 320 351 7 15 80 83 33 140 142 154 256 340 346 321 341 178 156 86 351 149 139 127 124 128 131 132 136 136 132 109 137 117 133 138 124 112 116 135 133 135 142 115 129 145 154 103 67 129 2 134 129 228 4 69 68 67 64 360 264 175 124 172 346 130
354 354 353 355 353 354 358 351 354 327 319 308 308 337 8 320 4 7 352 333 280 269 253 240 314 35 38 17 355 274 330 6 329 328 358 32 75 60 100 144 138 151 171 21 355 335 240 118 163 149 2 87 134 131 135 133 79 130 130 130 127 94 134 133 27 282 127 114 113 121 129 132 157 137 113 130 125 56 147 195 263 0 19 135 148 36 44 9 49 60 11 300 320 196 121 127
349 356 356 354 354 357 1 358 359 331 322 311 308 350 6 6 1 354 296 287 276 261 243 227 350 68 49 27 6 317 330 136 338 272 348 5 22 46 172 150 138 151 181 73 30 333 344 182 170 157 45 21 346 150 146 136 134 98 130 126 124 124 128 127 74 12 103 113 107 108 138 152 161 144 114 42 31 46 136 122 126 220 314 2 112 5 44 125 121 211 347 142 114 114 116 121
351 357 359 357 355 357 336 337 336 334 325 316 313 348 355 5 2 335 299 288 274 251 227 323 8 46 57 43 19 353 24 189 320 202 311 356 358 56 112 154 143 155 182 68 111 343 29 180 125 116 63 11 175 164 155 143 136 136 132 98 88 96 129 126 70 123 91 108 106 110 104 117 122 127 126 73 115 20 40 145 195 130 218 315 127 107 70 78 123 117 112 110 114 119 123 126
