examples/cougarCreek-fire/createInputs/WindNinja/wrfout_d3.2015081012.f17/cougarCreekFire_08-11-2015_0500_217m_non_neutral_stability_ang.asc
ncols	146
nrows	140
xllcorner	610065.000000
yllcorner	5095217.000000
cellsize	216.586807
NODATA_value	-9999.000000
[rows 0 to 43 of 140, columns 0 to 95 of 146]
62 29 42 57 75 33 25 25 28 32 37 41 44 45 52 38 48 40 20 15 13 17 26 33 42 56 65 62 70 110 154 157 211 251 283 294 297 290 277 267 269 273 276 281 289 299 304 304 309 304 320 293 327 321 334 338 329 296 328 329 334 311 329 331 332 310 325 326 330 333 337 337 330 323 322 327 328 310 302 304 305 310 316 320 323 324 323 319 315 316 315 312 317 302 303 300
62 29 42 57 75 33 25 25 28 32 37 41 44 45 52 38 48 40 20 15 13 17 26 33 42 56 65 62 70 110 154 157 211 251 283 294 297 290 277 267 269 273 276 281 289 299 304 304 309 304 320 293 327 321 334 338 329 296 328 329 334 311 329 331 332 310 325 326 330 333 337 337 330 323 322 327 328 310 302 304 305 310 316 320 323 324 323 319 315 316 315 312 317 302 303 300
103 61 58 86 116 82 43 23 56 71 80 93 42 55 89 79 81 45 37 17 15 22 33 40 42 46 150 154 113 169 191 163 142 146 294 301 201 244 264 243 249 250 242 244 259 283 272 269 280 283 285 283 295 319 331 335 327 298 329 320 301 288 298 295 300 288 327 326 302 333 338 338 289 325 323 296 288 326 314 312 311 313 316 320 322 323 323 320 316 316 313 307 311 294 288 288
125 80 66 98 106 87 81 61 58 41 68 77 49 45 80 62 76 67 58 33 18 27 46 45 45 51 162 145 81 107 190 175 151 163 167 168 186 213 228 225 232 236 236 242 247 257 254 256 264 271 280 291 297 310 322 328 322 296 298 288 291 294 301 297 300 301 330 305 310 334 306 287 333 328 327 299 299 343 329 322 318 317 317 319 322 325 326 325 323 323 319 311 308 313 315 291
20 97 62 91 103 88 49 66 21 25 63 69 41 38 39 65 71 57 58 51 29 28 38 71 50 51 67 146 157 170 176 182 153 163 175 172 177 196 225 232 234 232 236 241 247 254 249 251 263 274 281 288 290 302 303 303 276 309 284 324 308 291 300 302 297 331 306 331 333 306 287 336 332 330 299 314 354 348 335 328 322 321 321 321 324 327 328 328 329 331 327 320 314 316 320 317
112 88 59 88 100 104 96 88 76 63 58 65 49 41 40 36 71 49 48 35 34 30 39 73 85 58 64 139 147 163 182 191 153 167 174 171 179 190 215 227 225 224 235 240 238 244 250 254 264 274 277 279 286 294 283 271 272 302 318 291 298 295 304 295 330 304 308 317 304 290 335 316 310 331 335 347 307 345 336 331 325 324 324 324 325 328 328 329 331 332 329 324 319 318 322 318
134 96 64 60 91 95 89 40 77 78 66 63 69 41 37 33 76 55 33 35 38 41 44 51 86 57 132 117 135 164 182 170 158 176 172 163 180 186 206 215 216 222 233 238 234 249 252 259 272 273 276 280 275 273 268 274 280 283 288 290 291 304 304 293 320 308 308 305 292 333 307 311 337 333 337 290 350 342 336 332 327 327 327 325 326 328 329 332 334 333 330 328 324 322 325 325
122 117 110 97 91 104 103 84 73 21 71 67 72 51 44 35 60 57 60 35 40 40 41 48 79 61 67 131 127 84 178 156 160 193 170 158 179 186 196 202 206 215 222 228 236 249 256 260 264 266 262 260 263 265 266 272 274 280 281 286 292 293 282 325 297 304 308 302 305 305 334 339 307 289 341 300 346 339 335 333 330 330 330 328 328 330 331 334 335 334 332 330 328 327 328 330
126 113 110 99 85 95 103 101 93 87 87 27 35 80 42 39 43 70 59 34 39 38 34 43 81 66 75 132 125 145 168 156 179 189 165 163 182 185 180 181 194 205 209 213 235 238 244 250 248 249 249 257 264 264 269 269 268 275 280 285 281 281 288 293 300 304 305 301 307 310 336 289 312 337 299 298 342 336 334 335 334 334 334 332 331 331 333 335 336 335 335 333 331 329 329 329
131 118 108 98 81 84 83 90 92 86 87 85 78 81 89 51 51 45 87 37 39 41 37 42 57 94 78 129 133 137 162 161 169 173 163 164 178 175 170 175 194 206 205 211 226 228 231 233 241 243 248 258 259 257 254 259 265 270 273 268 267 301 285 294 296 294 295 296 303 306 301 340 335 303 294 349 338 333 335 339 340 339 337 334 333 333 334 335 336 337 337 336 334 332 330 329
23 142 138 112 98 79 69 75 77 78 83 84 82 80 50 53 53 50 101 71 45 68 43 40 54 90 79 120 126 130 160 157 160 172 159 158 165 164 166 178 195 204 190 220 226 219 226 230 238 244 247 250 242 241 248 256 261 265 261 264 280 276 285 290 287 292 297 300 305 308 306 316 307 314 307 350 338 333 337 343 344 343 340 338 335 335 336 335 336 337 338 337 336 334 333 330
8 136 156 139 123 96 68 65 73 79 80 83 88 86 88 93 53 56 91 87 50 78 51 43 55 81 80 123 126 132 157 159 168 168 157 155 155 159 168 171 180 159 200 189 204 213 223 227 238 245 245 239 233 238 249 257 258 261 262 274 270 278 283 281 284 294 312 320 326 336 313 314 340 309 351 346 337 335 341 348 349 347 344 341 338 338 337 336 336 337 337 337 337 338 337 332
77 52 50 48 104 87 73 54 55 73 74 76 81 96 57 66 64 118 95 99 85 88 91 55 61 73 82 112 120 101 157 156 161 126 153 150 154 161 162 139 164 152 168 206 200 218 217 229 240 238 235 233 231 238 250 256 258 261 263 264 278 284 279 281 295 298 303 309 316 325 332 333 317 310 347 341 336 338 345 351 319 350 346 343 341 340 338 337 336 337 336 335 337 342 341 335
330 336 13 53 69 70 73 7 353 9 60 75 80 88 55 68 71 127 119 107 96 91 99 91 69 78 105 117 119 106 150 162 152 154 146 142 154 161 146 139 161 158 175 183 212 210 214 231 237 231 229 231 234 238 253 258 263 268 268 273 279 278 279 279 280 283 280 282 284 286 324 327 333 343 343 337 336 341 349 354 356 354 350 346 344 341 338 337 337 336 335 333 337 346 344 338
329 8 14 46 55 67 84 84 61 359 18 65 73 74 85 51 60 64 128 117 111 101 107 111 77 80 105 112 123 111 157 159 146 147 143 140 152 154 137 137 147 166 180 201 205 206 218 235 242 236 226 230 234 238 249 252 262 268 268 271 275 275 274 275 272 267 269 272 278 318 309 305 329 323 336 334 334 343 352 355 356 356 352 349 346 343 339 337 337 335 332 330 337 347 345 340
43 51 61 65 65 77 97 103 97 67 33 70 83 73 63 70 45 44 100 95 96 95 104 118 108 99 105 116 124 113 156 148 145 122 142 146 145 125 125 132 171 163 176 201 204 212 229 244 244 230 221 232 240 244 245 252 264 264 262 266 268 267 263 263 264 269 275 276 296 291 302 326 323 326 329 329 331 340 318 355 356 357 354 351 348 343 338 337 337 334 327 323 331 344 346 346
49 52 59 80 75 64 81 92 103 98 77 77 97 101 68 33 38 67 72 79 81 85 96 92 116 103 108 112 107 138 150 140 139 148 143 149 127 121 122 150 143 158 173 186 212 223 239 243 236 226 222 241 250 249 246 264 267 260 261 265 268 263 264 268 270 277 277 279 286 303 315 323 317 317 321 325 326 334 347 354 357 358 356 353 349 342 337 337 338 334 325 318 322 336 334 358
67 60 59 77 85 71 67 86 104 109 87 71 75 77 77 41 44 35 63 45 73 75 82 80 111 102 110 114 109 137 143 141 144 145 150 149 125 119 122 152 140 155 172 210 221 233 240 239 231 230 240 253 255 246 255 268 261 257 264 260 261 265 269 270 272 284 288 291 299 305 300 289 291 296 299 304 326 330 340 352 338 1 359 356 349 340 336 336 338 335 325 318 322 336 312 334
100 88 83 87 117 109 91 100 117 126 104 80 70 79 98 103 94 89 86 73 79 83 75 82 94 103 111 115 124 134 140 141 147 137 156 149 128 121 137 152 164 185 172 194 226 231 236 234 226 232 245 253 249 236 253 258 248 251 259 255 258 266 271 273 278 286 293 296 295 290 283 288 290 296 295 301 312 330 336 349 0 3 3 358 349 340 336 337 339 335 326 319 324 340 353 319
124 109 94 88 110 114 94 87 105 118 101 90 83 84 105 113 116 104 102 86 81 84 69 77 84 99 101 117 129 134 138 144 151 170 149 138 131 127 139 153 168 185 173 200 229 230 231 231 234 240 244 241 246 241 253 247 246 251 254 253 256 266 266 268 275 281 281 282 284 281 283 290 290 307 308 303 306 301 304 324 357 3 3 357 348 340 338 339 341 336 328 322 325 339 353 313
358 118 95 79 97 99 90 85 96 111 92 91 118 88 76 82 82 94 98 91 80 92 69 62 77 96 96 114 126 131 138 147 154 177 154 133 129 126 128 157 148 161 182 203 231 230 231 231 238 242 244 239 238 255 254 235 245 251 250 251 256 263 262 265 273 277 282 284 288 286 294 293 292 288 305 298 303 306 311 311 333 1 2 356 347 340 338 340 342 337 329 325 327 336 295 299
28 43 56 68 76 78 71 75 84 104 98 94 124 130 72 56 56 68 69 78 79 89 80 75 79 93 104 116 125 134 143 145 161 187 153 127 140 121 143 135 152 174 196 209 232 228 230 234 238 231 239 237 245 243 256 237 264 256 254 248 254 261 259 263 278 276 278 281 290 288 280 285 294 303 298 297 293 298 316 327 358 0 360 356 347 340 338 340 341 339 333 332 337 346 352 314
31 33 41 41 52 62 59 72 77 94 94 82 87 157 110 78 61 63 65 84 85 85 77 64 67 89 108 115 124 138 145 145 176 187 144 124 118 116 142 131 156 190 208 214 231 229 234 238 232 229 232 243 247 226 250 257 256 245 249 245 255 258 261 275 277 273 273 275 274 279 283 288 294 304 293 288 290 297 303 309 318 0 358 355 347 339 338 339 340 340 340 343 349 357 3 331
36 29 34 2 41 53 66 77 83 94 94 78 82 125 122 119 109 95 82 84 89 87 89 52 47 81 98 116 122 135 143 148 168 181 149 130 119 117 143 131 162 200 212 233 231 237 240 237 228 230 237 236 239 237 242 248 244 244 251 249 261 260 258 256 262 266 267 271 273 284 280 297 287 285 288 286 294 305 314 305 308 311 358 353 345 337 335 337 339 342 347 351 356 6 16 346
347 23 355 4 45 53 60 67 74 75 91 83 78 88 113 109 106 93 79 70 76 84 95 84 52 77 102 119 124 124 131 147 167 183 167 135 120 131 146 137 175 237 235 239 239 235 236 239 236 234 237 237 237 237 242 241 243 248 251 259 265 256 259 267 268 265 265 271 274 277 284 284 282 286 288 286 290 297 321 327 325 323 360 351 342 333 330 329 333 347 358 358 2 14 29 358
341 25 39 49 63 67 57 64 66 63 77 72 70 73 102 106 102 91 82 73 72 82 91 86 64 72 98 122 121 114 132 154 178 190 178 127 118 146 155 145 187 237 240 241 242 247 249 248 239 232 241 243 243 242 245 248 254 257 256 258 260 252 260 263 265 259 263 273 280 291 287 285 285 288 294 294 297 295 302 323 333 354 359 351 341 332 324 318 323 348 6 6 12 350 2 3
323 351 352 44 49 53 51 47 55 55 66 68 71 74 71 89 92 89 90 81 77 84 86 75 57 64 93 120 115 117 135 159 185 192 167 136 148 159 172 214 229 229 235 237 238 242 241 238 233 243 244 247 248 247 245 243 245 251 255 256 250 247 250 257 259 262 270 277 286 288 286 289 290 290 293 296 295 301 297 302 328 342 352 350 342 334 322 310 312 336 5 18 31 356 2 6
1 35 38 40 37 46 56 54 48 50 66 77 78 75 59 74 77 81 91 83 77 85 85 66 43 52 78 106 112 122 143 159 171 172 157 156 162 174 194 213 221 222 226 232 236 236 235 238 240 244 246 250 250 245 243 242 243 244 247 249 251 253 260 266 269 264 269 268 266 266 269 275 282 290 293 293 293 292 295 294 299 307 344 346 341 336 322 303 301 316 336 285 312 332 356 353
71 64 57 46 43 47 55 72 75 63 63 81 53 84 66 75 81 83 91 81 75 83 89 72 35 32 58 81 106 122 145 157 152 160 164 171 179 195 204 212 219 221 225 233 241 245 248 249 238 246 246 248 245 243 241 244 244 244 247 253 256 258 271 269 272 272 271 268 268 265 268 273 277 280 283 281 280 283 286 286 291 302 342 340 336 335 321 299 294 308 331 358 240 253 333 344
85 80 65 56 50 47 53 59 82 74 71 67 77 101 98 83 92 94 97 85 81 88 97 95 61 41 48 63 96 112 135 142 148 160 168 174 192 206 205 212 218 225 233 240 240 241 246 239 246 242 238 240 238 235 239 245 250 249 251 255 257 258 264 269 269 268 270 269 270 272 271 266 269 272 273 271 272 275 277 281 289 300 305 337 332 336 324 304 296 310 347 6 22 297 303 97
25 80 88 85 70 59 48 50 54 55 49 59 69 30 93 84 91 94 94 89 89 96 101 112 100 71 55 57 86 101 129 140 154 163 173 186 208 201 208 217 222 232 242 242 235 234 232 231 232 229 229 232 234 238 248 254 254 252 250 253 257 264 266 271 268 262 258 257 260 258 256 272 279 266 270 271 273 273 273 277 284 296 310 347 342 344 333 314 303 309 345 12 22 274 222 53
7 11 76 60 61 59 60 56 51 56 51 44 56 63 81 75 64 71 65 70 83 101 113 127 114 86 71 58 77 94 117 122 162 172 181 210 210 195 208 223 231 239 245 248 246 237 230 217 219 222 225 230 237 248 252 249 246 245 247 251 259 268 267 268 264 263 264 264 264 263 263 270 277 280 280 284 287 283 275 277 306 287 350 351 351 350 340 323 307 305 337 19 32 302 307 354
9 4 327 100 78 90 81 61 54 47 57 60 75 73 73 76 53 48 48 51 66 82 99 122 121 108 66 72 83 93 104 118 154 180 193 202 196 196 208 217 228 243 249 249 250 246 241 213 216 220 222 226 230 233 230 227 228 235 249 250 253 259 265 269 273 269 271 271 272 273 276 277 280 277 267 270 280 296 282 287 295 317 340 336 341 348 341 327 308 299 323 26 35 38 332 342
7 5 350 332 91 81 80 73 56 53 63 54 44 47 71 72 54 44 34 36 53 69 71 74 87 98 112 97 96 100 109 121 152 181 202 201 202 207 219 229 238 247 249 251 260 256 258 220 222 221 220 221 223 221 218 217 221 232 243 248 251 261 268 276 279 277 277 278 277 274 263 270 272 274 276 270 279 289 299 283 287 302 323 321 312 321 326 321 308 290 301 24 35 37 320 323
341 348 34 349 345 41 42 45 47 44 42 30 44 47 31 70 64 64 57 49 59 72 86 107 113 117 119 111 105 108 115 124 153 181 209 212 216 227 249 260 261 260 264 265 269 273 274 236 238 241 240 235 233 229 226 227 230 237 248 254 258 258 266 266 269 273 273 268 268 265 269 271 269 267 281 286 285 281 282 290 298 294 309 291 307 300 314 312 304 281 284 11 43 43 281 289
45 44 44 51 354 345 39 35 30 28 21 18 22 28 40 23 25 26 335 142 121 112 120 124 137 131 131 122 112 113 120 126 147 183 210 219 230 244 250 254 259 264 267 264 261 267 275 282 298 263 272 277 266 251 247 246 244 247 254 269 265 261 255 256 261 268 270 265 257 253 257 258 257 250 279 281 281 280 282 283 287 292 303 298 357 313 309 311 301 275 272 338 61 64 289 295
56 51 49 47 351 344 339 21 17 18 18 18 18 20 25 33 40 63 97 106 105 118 124 130 124 125 134 129 121 116 118 126 154 189 194 204 209 185 213 227 235 245 252 259 269 266 264 271 287 277 280 286 286 277 271 267 260 258 258 260 257 254 254 264 255 251 248 242 238 254 241 239 231 231 239 253 260 264 267 281 290 280 305 317 33 325 304 317 314 250 237 175 85 94 284 289
59 55 44 32 23 3 5 10 11 8 11 19 16 9 5 10 17 28 53 73 87 106 115 108 113 120 118 126 117 107 101 113 152 200 213 220 221 219 221 228 222 236 242 254 256 274 275 267 274 286 299 286 288 311 288 282 277 273 269 266 248 246 244 244 246 246 242 238 237 240 241 234 253 222 219 214 227 249 264 271 278 276 283 285 331 63 227 267 115 171 201 161 116 118 241 239
348 337 21 12 10 1 340 336 9 8 19 13 6 359 0 10 19 36 59 80 92 97 102 102 93 88 107 113 103 91 86 96 146 236 259 260 246 213 217 255 254 249 230 237 237 235 244 259 256 273 286 299 301 311 308 306 305 303 290 286 278 276 277 277 254 277 248 248 251 253 252 243 234 232 225 218 217 217 226 248 264 271 287 335 34 27 102 169 151 159 179 164 128 114 112 229
337 21 11 4 2 3 335 6 11 20 21 14 12 9 13 22 36 52 67 85 91 91 107 107 91 89 113 114 91 89 88 92 107 277 302 311 308 302 292 248 241 270 234 232 249 257 262 260 262 266 271 280 285 291 298 308 308 309 314 307 301 295 296 297 296 297 302 304 310 313 317 279 277 267 247 234 228 222 221 226 237 260 277 305 31 322 71 117 161 164 173 165 135 116 107 240
326 1 360 359 331 333 336 11 16 15 22 18 18 11 13 19 33 48 63 82 86 95 116 106 88 97 121 119 108 99 94 88 51 327 302 297 299 299 301 306 293 285 285 257 248 245 251 258 262 282 284 285 281 279 299 299 282 278 296 278 289 307 307 301 297 309 311 306 316 321 328 336 333 287 290 303 268 239 229 226 229 240 258 284 18 298 36 78 125 163 170 165 144 120 105 103
309 318 346 353 325 330 336 12 14 19 21 13 3 355 0 12 26 43 64 88 106 115 112 94 78 96 115 119 119 109 94 69 12 322 294 290 297 296 291 292 302 294 291 293 295 296 280 274 296 297 295 301 290 303 298 297 297 298 289 291 300 305 310 304 299 297 295 286 283 287 286 305 313 321 332 349 333 320 266 236 232 233 237 243 322 12 257 50 90 130 162 166 152 125 106 97
321 347 356 360 1 328 8 13 12 15 14 6 357 354 358 9 26 55 84 104 118 115 99 78 78 109 119 116 111 105 89 66 38 355 320 299 294 292 290 287 290 296 294 291 286 283 287 292 297 289 300 302 310 310 307 286 288 316 319 316 286 313 298 246 240 232 227 228 229 224 222 224 220 215 224 238 304 354 4 331 246 236 232 229 232 30 54 283 49 98 140 165 146 120 103 95
317 316 13 311 321 331 11 4 7 15 7 353 340 343 353 10 32 55 86 111 112 100 83 70 91 120 115 104 100 103 85 65 52 29 11 320 294 290 289 286 283 286 288 282 271 270 275 279 283 291 294 295 305 308 308 310 306 302 273 254 251 246 236 238 227 192 178 190 238 210 253 249 244 242 256 222 231 241 325 31 305 246 235 229 204 118 65 75 79 87 108 147 129 108 101 96
