examples/cougarCreek/createInputs/WindNinja/wrfout_d3.2015081200.f19/cougarCreek_08-12-2015_1900_217m_non_neutral_stability_vel.asc
ncols	146
nrows	140
xllcorner	610065.000000
yllcorner	5095217.000000
cellsize	216.586807
NODATA_value	-9999.000000
[rows 0 to 35 of 140, columns 0 to 79 of 146]
7.21 7.03 6.83 6.43 6.05 5.79 5.53 5.26 4.94 6.81 4.38 4.28 4.11 3.92 3.76 3.68 3.69 3.82 4.09 4.47 5.02 4.22 6.70 7.43 8.03 8.68 9.44 10.24 11.01 11.61 12.04 12.40 12.94 13.38 13.73 14.21 14.69 21.56 17.34 15.74 18.66 19.05 16.93 20.31 20.78 21.21 18.77 19.15 19.42 19.36 19.09 18.78 18.77 18.63 18.60 18.51 17.62 16.96 17.40 17.47 16.89 16.78 16.81 16.64 16.43 15.95 15.75 15.98 16.10 16.11 15.76 15.21 14.97 14.92 15.19 15.30 14.39 13.92 14.19 14.10
7.21 7.03 6.83 6.43 6.05 5.79 5.53 5.26 4.94 6.81 4.38 4.28 4.11 3.92 3.76 3.68 3.69 3.82 4.09 4.47 5.02 4.22 6.70 7.43 8.03 8.68 9.44 10.24 11.01 11.61 12.04 12.40 12.94 13.38 13.73 14.21 14.69 21.56 17.34 15.74 18.66 19.05 16.93 20.31 20.78 21.21 18.77 19.15 19.42 19.36 19.09 18.78 18.77 18.63 18.60 18.51 17.62 16.96 17.40 17.47 16.89 16.78 16.81 16.64 16.43 15.95 15.75 15.98 16.10 16.11 15.76 15.21 14.97 14.92 15.19 15.30 14.39 13.92 14.19 14.10
7.12 6.91 6.78 6.47 6.07 5.77 5.50 5.24 4.96 4.66 4.35 4.14 3.85 3.60 3.39 3.26 3.26 3.42 3.74 4.18 4.79 3.89 6.55 7.26 7.84 8.51 9.30 10.15 10.90 11.41 11.79 12.15 12.81 13.36 13.74 14.27 14.79 15.15 15.41 15.81 16.31 16.67 17.13 17.78 18.47 18.78 18.62 18.99 19.28 19.15 19.00 18.83 18.86 18.75 18.74 18.40 17.24 16.84 17.57 17.64 17.04 16.92 17.01 16.85 16.48 15.93 15.97 16.35 16.41 16.16 15.46 14.91 14.86 15.04 15.46 15.38 14.24 13.81 14.24 14.30
7.05 6.81 6.72 6.51 6.11 5.77 5.47 5.19 4.95 4.66 4.29 3.95 3.49 3.10 2.79 2.61 2.60 2.82 3.24 3.77 4.47 3.65 6.38 7.15 7.77 8.43 9.18 10.07 10.82 11.21 11.58 11.88 12.59 13.31 13.72 14.26 14.88 15.38 15.66 15.98 16.46 16.90 17.54 18.13 18.67 18.81 18.35 18.69 19.09 18.98 18.80 18.61 18.67 18.69 18.63 17.90 16.71 16.89 17.63 17.73 17.45 17.13 17.24 17.09 16.44 16.11 16.47 16.80 16.61 15.96 15.10 14.80 14.96 15.36 15.76 15.39 14.10 13.65 14.23 14.59
7.11 6.86 6.76 6.56 6.18 5.83 5.51 6.65 6.57 5.88 4.29 3.95 3.42 2.91 2.48 2.22 2.19 2.43 2.90 3.48 2.42 3.42 4.81 7.07 7.82 8.47 9.11 10.02 10.81 11.19 11.63 11.80 12.44 13.28 13.70 14.22 14.88 15.55 15.99 16.28 16.62 17.27 18.06 18.42 18.75 18.82 18.53 18.87 19.34 19.24 18.66 18.30 18.46 21.26 18.22 17.40 16.78 17.43 17.79 17.92 18.02 17.41 17.41 17.10 16.55 16.73 16.97 16.87 16.30 15.61 15.24 15.24 15.45 15.75 15.78 15.18 13.98 13.60 14.32 14.81
7.10 6.87 6.78 6.63 6.30 5.94 5.59 5.30 5.00 5.76 5.47 4.49 3.46 2.91 2.38 2.04 1.95 2.19 0.88 3.27 2.35 3.15 4.37 6.96 7.86 8.47 9.06 10.02 10.88 11.32 11.67 11.75 12.44 13.27 13.63 14.25 14.93 15.65 16.20 16.54 16.91 17.74 18.54 18.68 18.86 19.05 18.96 19.19 19.50 21.27 20.72 20.28 18.23 18.05 17.79 17.42 17.26 17.88 18.12 18.22 18.28 17.74 17.40 16.94 17.00 17.32 20.20 16.67 15.90 15.66 15.81 15.75 15.77 15.78 15.47 14.80 13.89 13.89 14.64 14.91
7.14 6.88 6.74 6.63 6.40 6.07 5.72 6.63 6.29 5.57 5.63 5.18 3.46 2.99 2.41 1.95 1.79 1.99 0.53 1.21 2.30 3.17 4.41 6.09 8.00 9.02 9.07 10.12 11.23 12.19 11.55 11.80 12.64 13.23 13.53 14.32 15.03 15.67 16.36 17.45 17.95 18.27 19.95 19.05 19.18 20.38 20.71 21.34 21.79 21.18 24.37 17.88 20.59 17.74 17.78 17.85 17.82 18.18 18.38 18.35 18.36 21.01 20.61 17.14 17.60 20.37 17.03 16.45 15.90 16.15 16.30 15.93 15.69 15.50 15.16 14.69 14.18 14.37 14.85 14.90
7.28 7.00 6.78 6.64 6.46 6.18 5.83 6.82 6.86 6.47 5.93 5.58 4.12 2.13 0.81 1.95 1.70 0.76 0.65 1.05 2.24 3.27 4.47 5.90 7.81 8.97 9.53 10.23 11.34 12.42 11.51 12.14 13.15 13.11 13.47 14.41 15.13 15.70 16.64 17.43 18.33 19.48 20.15 20.27 20.54 21.28 21.59 21.58 21.42 24.89 20.56 19.88 17.88 17.81 18.13 18.17 18.17 18.39 18.48 18.40 21.20 20.95 17.38 17.70 17.87 20.62 17.02 16.45 16.30 16.55 16.31 15.74 15.49 15.40 15.25 14.85 14.43 14.66 15.00 14.99
7.38 7.13 6.91 6.73 6.57 6.67 6.04 6.01 6.40 6.32 5.78 5.52 4.62 2.85 1.16 1.95 0.31 0.80 0.72 0.71 2.19 3.17 2.52 3.65 7.51 8.87 9.57 10.34 11.39 12.33 12.33 12.43 13.56 13.01 13.53 14.26 15.33 15.87 16.43 17.38 18.79 19.91 20.32 20.65 21.02 20.71 20.74 20.85 20.55 20.19 19.88 20.22 20.50 20.13 20.36 18.34 18.45 18.58 21.31 18.35 20.55 18.06 18.06 18.12 20.79 20.59 20.13 19.23 16.67 16.60 16.09 15.57 15.60 15.65 15.35 14.79 14.51 14.97 15.27 15.12
7.47 7.17 6.94 6.79 6.61 7.76 7.17 6.50 6.09 5.79 5.45 5.26 7.93 3.48 1.55 0.46 0.28 1.05 0.74 3.62 3.18 3.11 4.09 5.47 6.13 8.74 9.56 10.39 11.25 12.13 12.41 12.59 13.35 13.42 13.51 14.45 15.38 15.86 16.62 17.90 19.50 20.54 20.76 21.33 21.48 20.65 20.08 20.15 20.40 20.36 20.80 20.24 20.66 20.07 18.54 18.78 18.77 18.67 20.69 18.25 18.32 18.66 18.68 21.07 20.62 20.28 19.77 19.19 16.83 16.49 15.98 15.70 15.84 15.81 15.24 14.62 14.80 15.49 15.49 15.12
6.37 7.32 7.01 6.82 6.64 6.45 7.77 7.28 6.76 6.29 5.67 5.21 4.59 7.11 2.03 1.11 0.16 1.35 0.86 1.05 3.35 3.88 3.98 5.33 4.35 10.98 13.53 14.05 11.18 12.21 12.53 12.55 13.32 13.48 13.58 14.43 15.30 16.06 17.10 18.54 20.19 21.10 21.38 26.10 26.18 24.44 20.52 20.69 20.81 24.86 24.74 23.67 19.05 18.16 19.06 19.33 18.98 20.16 18.37 18.40 18.91 20.20 21.70 21.09 20.34 20.07 20.18 19.76 16.90 16.41 16.04 15.92 15.89 15.75 15.16 14.74 15.33 15.91 15.47 14.97
7.74 7.51 6.65 6.95 7.26 7.64 6.36 7.61 7.09 9.03 8.56 5.30 4.36 3.92 2.71 1.79 1.53 0.63 0.64 1.21 3.78 4.16 4.15 5.21 7.03 9.25 14.06 13.83 14.01 12.13 12.39 12.58 13.31 13.44 13.74 14.50 15.30 16.32 17.46 18.92 20.84 24.58 24.52 25.03 25.76 25.19 20.87 21.01 24.54 24.92 23.85 19.27 17.68 18.79 19.99 20.90 20.52 20.27 19.52 18.76 19.45 22.01 21.56 21.06 20.83 17.86 17.47 17.18 16.94 16.36 16.09 16.05 15.92 15.71 15.22 15.10 15.79 16.02 15.29 14.84
7.71 7.58 7.48 7.12 7.21 7.47 6.46 7.81 7.54 7.01 9.29 8.76 7.24 3.66 2.83 1.82 0.38 0.39 0.20 1.10 3.84 4.41 5.18 3.59 6.79 5.98 14.03 13.48 14.43 16.79 12.23 12.53 13.05 13.36 13.90 14.71 15.58 16.46 17.49 19.37 23.45 25.90 24.92 25.10 25.52 24.30 20.81 24.33 24.30 20.15 19.49 18.73 18.15 19.57 21.26 21.52 21.01 20.81 20.25 19.51 22.48 21.90 21.33 18.32 18.09 17.78 17.45 17.28 16.97 16.38 16.15 16.24 16.08 15.66 15.38 15.59 16.06 15.86 15.14 14.80
7.68 7.57 7.53 7.39 7.16 7.80 6.63 6.37 7.88 7.45 6.89 9.78 9.11 7.06 3.05 1.83 0.59 0.24 0.49 4.26 4.17 4.34 5.78 4.94 3.84 6.31 13.35 13.63 15.44 17.80 17.69 12.47 14.79 14.83 14.13 14.65 16.60 17.09 16.02 18.54 25.98 28.20 26.30 25.74 24.52 20.19 20.98 24.72 23.69 19.48 19.16 18.84 18.97 20.11 22.01 22.03 22.07 21.95 21.65 22.17 22.66 22.03 18.43 18.48 18.10 17.69 17.58 17.44 17.06 16.56 16.36 16.46 16.17 15.67 15.66 15.96 16.08 15.63 15.04 14.82
7.69 7.62 7.57 7.43 7.28 7.10 6.85 6.53 6.24 7.73 7.37 6.72 5.84 9.36 7.60 5.00 4.13 4.30 4.46 4.53 5.01 5.17 6.35 6.91 5.42 7.18 12.22 13.60 15.60 17.92 18.08 12.32 13.76 14.55 14.00 14.50 16.80 17.27 15.18 16.67 31.29 29.63 26.41 24.83 23.01 22.90 24.49 25.96 25.23 23.03 19.09 19.52 20.05 20.81 21.94 21.94 25.00 21.86 21.78 22.24 19.27 18.72 18.45 18.51 20.95 19.95 19.53 19.28 17.32 16.93 17.72 16.47 16.14 15.86 15.84 16.01 15.97 15.50 15.01 14.85
7.76 7.74 7.70 7.49 7.36 7.26 7.94 7.61 7.55 7.70 7.44 6.88 9.94 9.19 8.69 7.49 5.06 4.80 4.81 4.85 5.39 5.53 6.47 8.13 7.34 7.66 11.25 13.72 15.78 17.99 17.04 14.47 14.52 14.84 14.18 15.29 15.84 16.37 17.33 20.78 30.47 29.48 27.20 25.24 24.07 25.32 26.93 26.64 25.17 21.97 19.06 20.62 23.97 24.11 21.83 22.51 25.91 21.66 24.08 22.05 21.96 21.40 20.72 20.39 19.68 19.65 20.21 17.63 17.71 17.31 16.65 16.26 16.11 16.07 15.94 15.90 15.85 15.55 15.10 14.85
7.77 7.79 7.81 7.58 7.39 7.31 7.19 7.82 7.56 7.35 7.14 6.82 9.41 8.99 8.89 9.12 8.20 6.16 5.80 5.33 6.01 6.07 6.72 5.18 8.18 8.36 11.00 13.90 17.24 17.90 15.50 13.61 15.04 15.27 14.92 15.56 15.11 15.69 18.70 24.05 27.86 28.86 28.16 26.87 26.27 27.48 27.06 25.99 23.81 21.55 19.89 25.53 26.04 25.80 25.38 23.43 22.23 24.72 21.88 21.87 21.73 20.71 20.18 20.35 19.89 21.02 18.09 19.46 18.09 17.44 16.49 16.18 16.17 16.23 16.10 15.86 15.73 15.63 15.29 14.90
7.77 7.75 7.79 7.66 7.41 7.24 8.71 8.12 7.67 9.95 7.05 6.85 10.07 9.42 9.62 8.82 8.14 7.46 6.48 5.77 6.33 5.93 7.54 10.45 9.64 8.85 11.89 14.56 16.62 15.88 14.42 14.18 14.60 14.66 15.78 15.05 14.25 15.68 19.38 25.09 28.03 28.93 28.03 26.76 26.78 27.11 26.69 25.23 23.47 23.15 25.74 26.09 26.02 25.61 27.01 23.13 21.83 24.11 22.36 21.42 21.03 20.88 21.12 21.31 21.44 18.93 18.08 21.29 21.42 17.28 16.50 16.35 16.37 16.36 16.31 15.98 15.69 15.65 15.46 15.02
7.85 7.75 7.73 7.69 7.50 7.23 7.17 8.05 9.89 9.63 6.98 6.90 11.13 10.54 9.14 8.53 7.74 7.07 6.74 5.65 5.93 6.11 5.94 8.65 9.19 9.40 12.35 14.58 15.44 15.37 15.04 15.19 14.49 14.96 15.75 14.34 13.39 15.57 19.99 24.38 27.41 28.76 28.35 27.86 26.65 26.25 26.29 25.17 23.60 25.53 25.50 25.70 25.44 21.12 26.80 26.07 21.14 21.87 25.13 20.82 20.51 23.81 21.49 21.61 19.46 22.08 21.42 21.26 17.97 17.20 16.76 16.66 16.52 16.46 16.53 16.16 15.68 15.60 15.49 15.14
7.96 7.78 7.71 7.71 7.57 7.31 8.23 8.17 10.34 9.94 7.09 10.71 11.16 10.27 8.76 7.25 7.08 7.28 7.11 6.17 6.21 6.41 5.49 5.31 8.42 10.57 13.22 14.58 14.82 15.06 15.67 15.71 17.66 12.27 13.11 13.68 13.17 14.19 19.70 24.67 27.88 29.50 29.01 27.84 27.22 27.02 26.48 25.86 25.72 26.44 25.39 24.64 22.24 24.58 26.48 24.11 23.42 22.03 24.14 23.23 21.26 24.54 21.54 21.48 22.16 19.05 18.19 17.97 17.80 17.32 17.06 16.92 16.62 16.61 16.77 16.23 15.65 15.61 15.50 15.19
8.05 7.85 7.75 8.62 8.29 8.16 8.24 8.25 7.80 10.21 7.33 10.79 9.84 10.08 9.62 8.51 7.08 6.94 6.48 6.36 6.44 6.90 5.15 4.80 6.02 10.29 13.52 13.99 14.49 15.09 16.00 16.71 11.81 11.45 12.77 13.48 14.61 13.94 19.12 26.93 30.35 31.13 28.91 27.53 27.10 27.28 26.72 26.39 18.43 25.74 25.33 23.92 23.60 26.50 23.62 21.31 22.32 25.30 24.86 23.62 23.80 24.44 20.87 21.11 19.90 19.13 18.29 17.89 17.66 17.35 17.24 17.11 16.76 16.79 16.88 16.20 15.69 15.73 15.60 15.22
7.99 7.92 7.85 8.60 8.28 8.30 8.36 8.27 7.96 10.39 10.57 10.61 8.61 9.43 9.63 3.58 9.34 8.21 7.60 6.96 6.76 6.60 5.79 5.67 6.33 9.13 12.19 13.05 14.18 15.52 16.21 18.11 11.49 10.88 12.45 12.13 15.85 14.17 21.07 28.58 31.36 28.22 29.47 28.05 27.28 27.45 26.94 26.29 24.69 23.79 24.97 23.34 25.55 23.85 20.65 23.48 26.09 26.81 25.38 23.04 24.43 24.49 23.72 20.05 22.27 21.76 21.25 20.93 17.52 17.28 17.43 17.38 16.92 16.89 16.83 16.20 15.88 15.89 15.70 15.25
7.83 7.88 7.87 7.84 8.71 8.71 8.59 8.52 8.20 10.62 10.87 11.34 10.44 6.73 9.69 3.68 8.93 1.97 7.87 7.06 6.61 6.63 5.91 5.20 5.67 8.77 11.80 12.98 14.85 16.41 16.74 14.26 11.32 15.46 12.10 14.06 14.11 13.98 22.13 28.55 26.69 27.11 26.48 27.91 27.46 27.81 27.57 25.68 23.64 22.60 23.06 22.10 22.93 20.21 22.12 26.14 26.00 26.53 25.04 23.50 25.46 24.92 21.96 22.73 22.69 21.87 20.91 18.05 17.48 17.40 17.70 17.52 16.96 16.88 16.77 16.35 16.17 15.99 15.70 15.30
7.77 7.83 7.83 7.80 7.78 7.66 8.64 8.44 11.61 10.59 10.66 11.89 11.55 8.06 9.48 8.94 8.78 8.00 7.29 7.17 6.32 6.38 6.40 4.62 3.19 6.87 12.44 13.15 15.13 15.84 15.37 16.73 11.20 10.67 11.83 12.09 13.89 15.67 21.76 28.63 29.85 26.73 26.59 28.30 27.95 27.73 27.04 25.38 22.86 23.07 21.28 20.19 22.67 21.96 24.80 27.05 25.72 26.41 25.76 25.80 26.49 22.14 21.72 19.94 21.74 21.12 20.55 20.29 17.71 17.74 17.79 17.34 16.93 16.91 16.78 16.55 16.45 16.03 15.60 15.33
7.75 7.82 7.85 7.81 7.77 7.66 8.72 8.47 8.26 11.38 10.65 11.72 11.65 10.06 9.07 9.20 8.76 8.26 7.63 7.01 6.82 6.61 6.72 5.93 3.39 5.35 11.58 12.84 13.56 13.47 14.19 16.21 12.61 10.80 13.83 12.38 14.11 17.13 23.92 28.90 29.12 29.30 29.34 20.22 28.39 27.68 27.35 25.94 24.90 24.22 19.76 20.49 24.49 25.61 27.82 28.67 28.01 27.90 27.03 26.40 26.41 21.90 23.20 23.62 22.15 21.32 20.68 20.69 18.07 20.47 17.51 17.09 16.97 16.98 16.82 16.71 16.67 16.06 15.51 15.35
7.70 7.80 7.89 7.87 7.84 7.67 8.66 8.55 8.29 12.32 11.02 11.71 11.78 11.48 9.55 9.13 8.84 8.51 8.04 7.27 6.72 7.07 6.54 5.76 4.04 5.14 10.65 12.65 11.22 12.27 16.02 12.05 12.41 17.56 11.53 12.51 15.43 19.63 26.77 26.40 25.18 29.49 28.89 27.73 27.80 20.37 28.28 19.00 25.20 23.27 19.51 21.63 26.78 26.43 28.94 29.79 29.43 21.18 27.38 26.62 26.11 21.61 23.93 26.53 22.91 21.75 21.75 21.64 21.30 21.11 20.70 17.04 17.01 17.03 16.91 16.85 16.74 16.11 15.50 15.32
7.66 7.75 7.87 7.89 9.11 8.80 8.85 8.65 13.05 13.16 12.36 12.28 11.89 11.02 10.22 9.21 8.84 8.54 7.96 7.22 6.56 6.98 6.40 5.23 3.61 4.55 10.08 11.66 9.75 12.45 15.32 15.34 17.33 16.22 13.87 13.77 17.21 21.69 26.04 27.71 28.44 28.84 28.54 27.51 27.25 27.34 26.96 26.02 24.41 22.48 20.09 23.64 26.32 26.33 28.28 29.35 28.95 27.80 27.05 26.55 25.80 21.74 21.98 25.96 26.02 26.09 22.85 22.15 21.30 20.99 20.77 17.18 17.05 17.07 17.09 16.92 16.65 16.18 15.64 15.32
7.69 7.73 7.79 7.84 9.44 9.28 9.03 8.91 13.57 14.06 12.95 12.43 11.90 11.17 11.53 10.61 9.71 8.88 7.87 7.11 6.39 6.81 6.59 4.79 2.99 3.32 8.54 10.51 9.57 12.83 14.37 14.82 15.86 14.38 14.28 15.59 20.09 23.99 25.33 27.15 28.38 28.22 28.29 27.70 27.00 26.94 26.93 25.96 25.19 21.77 20.67 24.83 26.55 24.39 28.02 29.76 28.53 26.99 26.71 27.12 26.96 26.67 27.31 27.45 27.22 26.81 26.04 22.14 21.25 20.74 20.56 17.35 17.12 17.17 17.19 16.89 16.59 16.29 15.81 15.43
7.79 7.79 7.79 7.83 7.90 9.28 9.08 8.80 8.50 13.45 12.97 11.99 11.65 11.52 12.00 11.04 9.69 9.05 8.19 7.29 6.71 6.95 6.93 5.49 3.11 2.00 4.93 9.84 10.49 13.21 13.57 14.17 15.77 15.77 17.10 19.72 22.72 24.10 24.86 26.89 28.47 29.54 29.48 28.80 27.91 19.53 19.63 18.85 24.95 18.65 21.61 26.65 26.32 23.93 31.10 30.36 28.68 28.09 28.30 28.25 28.11 27.59 27.33 27.27 26.84 26.46 25.78 22.22 21.80 21.29 21.05 17.48 17.25 17.26 17.16 16.89 16.69 16.38 15.91 15.58
7.89 7.88 7.86 7.83 7.84 9.17 9.21 13.37 12.05 12.53 12.53 11.89 11.33 10.36 10.85 10.69 9.55 8.95 8.34 7.47 7.02 7.15 6.84 6.01 3.48 1.92 2.35 6.52 11.41 12.81 13.02 13.50 16.52 18.04 18.46 20.07 21.61 23.31 24.94 26.71 28.70 30.70 26.15 20.58 19.66 19.60 19.06 25.46 18.62 19.49 22.25 26.83 26.85 28.28 32.60 30.25 29.36 29.08 28.55 27.96 27.78 27.64 27.40 26.97 26.47 22.72 22.46 22.28 22.05 21.66 21.34 17.70 17.56 17.39 17.17 16.98 16.85 16.46 16.00 15.73
8.04 7.98 7.93 7.90 7.85 9.07 8.99 9.04 13.93 13.73 13.88 13.17 12.11 10.92 10.33 10.14 9.15 7.98 7.41 6.69 6.69 6.87 6.29 5.49 3.30 2.07 2.73 4.22 10.59 13.30 13.33 15.55 18.05 19.47 20.53 20.87 20.82 22.30 25.34 23.99 23.36 25.74 21.78 20.39 19.99 19.90 25.54 20.47 19.16 20.32 22.12 25.14 30.91 32.43 31.60 29.94 28.55 28.43 28.12 27.72 27.69 27.68 27.23 26.73 26.28 22.62 22.16 21.91 21.61 21.12 20.56 18.04 17.92 17.57 17.23 17.01 16.89 16.56 16.14 15.85
8.24 8.10 7.94 7.95 7.95 9.03 8.98 8.98 13.92 14.18 13.77 14.49 13.92 13.06 10.92 10.11 9.71 8.68 7.31 6.43 5.83 4.38 4.86 4.41 2.89 2.19 2.80 3.74 9.53 13.35 15.45 17.22 18.26 20.28 21.19 19.00 20.41 21.16 22.76 20.26 23.23 25.62 21.36 20.29 20.10 20.13 18.76 21.78 18.80 20.59 22.00 24.83 33.15 31.55 28.89 28.12 28.22 27.91 27.83 27.67 27.85 27.50 27.29 26.57 26.24 26.26 22.65 22.42 22.01 21.59 21.67 21.90 21.67 21.39 17.40 17.07 16.95 16.64 16.30 15.93
8.32 8.30 8.08 7.91 7.99 8.98 8.93 8.81 13.63 14.03 13.79 13.42 13.42 12.11 11.00 10.68 10.31 10.02 9.05 7.48 6.07 4.33 2.95 2.21 2.73 3.32 3.35 3.46 7.82 13.84 16.03 17.46 17.39 18.97 20.96 20.08 20.15 22.92 22.00 25.21 23.03 25.37 21.33 20.51 20.04 20.20 19.29 22.90 17.81 19.99 22.09 24.87 30.86 30.32 27.60 29.67 30.49 28.98 28.23 27.95 27.70 27.04 26.86 26.99 27.14 19.77 26.72 19.06 25.76 25.52 18.71 24.86 22.08 18.14 17.85 17.29 16.97 20.32 20.40 16.05
8.12 8.41 8.42 8.09 8.72 8.85 8.91 8.92 13.46 13.89 13.14 12.86 12.11 11.80 11.58 11.13 10.76 10.24 10.17 9.02 7.87 6.12 4.31 2.97 3.14 4.39 5.11 4.67 5.98 13.18 17.80 18.70 16.70 17.97 19.74 20.37 21.14 22.12 22.51 24.14 26.08 25.33 21.64 20.91 28.26 27.00 26.07 23.33 17.18 18.81 21.32 21.03 26.00 34.55 32.87 33.80 31.53 29.05 28.48 22.35 28.30 27.65 27.41 19.76 19.88 27.03 19.42 25.74 24.88 22.26 22.51 21.78 18.41 18.62 18.27 17.36 16.82 16.56 20.39 16.24
7.74 8.21 8.74 8.66 8.79 8.93 8.93 12.88 13.34 13.21 13.43 14.12 13.56 12.38 11.52 11.43 11.30 10.68 10.27 8.69 7.36 7.01 6.15 4.78 4.50 6.01 7.09 6.77 7.26 13.10 18.34 18.60 17.45 17.70 19.36 20.75 21.88 22.39 24.38 25.97 28.43 30.70 30.68 29.90 28.92 27.76 26.20 23.51 17.60 18.19 19.99 22.75 24.59 27.80 29.98 32.11 32.00 29.73 29.13 28.23 28.01 27.00 22.33 26.72 26.70 26.42 22.80 22.04 20.87 18.98 19.59 19.40 21.63 22.45 22.23 21.23 20.68 16.69 16.58 16.40
7.40 7.89 8.55 8.63 9.11 8.97 8.84 8.77 13.48 13.35 13.65 13.46 14.56 14.00 12.33 10.71 9.61 8.37 7.34 6.39 6.80 7.23 6.80 6.60 7.69 9.33 6.66 6.70 8.08 16.51 19.47 20.33 18.09 17.59 19.06 20.20 21.28 21.20 21.13 22.85 23.30 26.14 26.92 21.56 21.29 20.71 27.95 25.81 22.86 18.49 19.39 20.56 23.60 26.38 27.05 28.05 29.38 28.50 28.34 28.28 26.96 28.34 27.58 26.83 26.40 22.76 22.01 18.68 18.64 19.33 20.03 22.64 22.77 22.51 21.75 21.08 16.85 16.89 16.72 16.44
