examples/cougarCreek/createInputs/WindNinja/wrfout_d3.2015081200.f19/cougarCreek_08-12-2015_1900_217m_non_neutral_stability_vel.asc
ncols	146
nrows	140
xllcorner	610065.000000
yllcorner	5095217.000000
cellsize	216.586807
NODATA_value	-9999.000000
[rows 72 to 107 of 140, columns 0 to 79 of 146]
6.57 6.76 6.93 7.00 10.78 15.31 14.60 11.43 14.51 15.33 15.33 15.73 15.20 11.16 10.10 8.74 8.74 8.81 12.70 8.95 9.07 9.20 9.32 12.09 9.61 10.01 11.74 17.68 18.45 16.63 17.77 18.16 17.39 18.84 16.62 16.88 17.09 12.68 17.29 14.58 15.78 16.60 11.98 14.05 18.02 13.46 13.63 20.59 14.66 11.66 14.55 11.74 20.53 19.33 12.24 12.37 12.35 11.90 11.37 11.65 12.93 13.73 19.80 16.70 17.02 13.11 21.11 12.43 12.33 16.25 12.67 18.80 20.56 20.46 20.15 19.08 15.92 17.43 15.82 17.78
6.87 7.02 7.10 7.12 11.53 14.58 14.48 12.03 15.57 15.80 15.32 15.55 15.13 8.81 11.49 8.78 8.78 8.82 8.92 9.02 9.14 9.29 9.44 15.67 9.71 10.16 16.88 17.67 15.29 12.43 19.22 17.66 16.99 16.46 14.07 17.01 12.90 16.98 17.16 14.27 16.83 16.41 11.96 14.08 17.24 13.43 19.79 13.52 13.71 11.33 14.85 11.30 20.21 11.59 19.92 11.98 12.08 11.92 11.31 11.19 12.09 13.13 13.64 20.25 20.27 19.85 16.04 20.51 20.82 20.68 20.75 20.68 20.65 20.51 19.95 18.17 15.53 15.74 15.20 15.12
6.85 6.96 6.99 7.07 11.77 14.26 14.25 14.64 15.62 15.65 15.37 15.37 8.27 16.33 8.38 8.55 8.66 8.72 8.87 9.01 9.12 9.27 9.44 11.95 9.80 10.95 17.45 14.91 12.13 18.35 18.42 17.23 17.05 11.99 14.19 18.15 12.89 16.84 17.23 14.26 16.05 16.47 15.87 15.60 11.69 13.09 13.63 13.26 13.29 13.14 11.06 20.07 19.96 11.24 11.64 20.42 11.68 11.67 11.19 10.98 11.40 12.24 13.02 18.97 20.80 19.81 19.94 19.50 18.20 16.65 17.03 18.11 17.55 11.78 17.75 16.17 15.45 15.38 15.17 14.56
6.81 6.93 7.03 10.93 12.44 12.50 12.22 14.60 15.46 15.13 12.23 14.21 15.63 16.37 8.25 8.50 8.70 8.85 8.97 16.98 9.20 9.37 9.48 9.66 10.86 12.50 17.04 12.30 17.73 17.24 19.40 17.18 17.24 11.35 16.19 17.03 12.88 16.39 17.41 15.53 16.31 16.70 16.38 11.88 11.19 16.18 10.11 19.31 10.36 13.40 10.61 10.49 19.43 10.89 11.22 16.84 19.74 11.28 11.01 10.86 10.92 11.50 12.42 13.34 20.35 16.00 19.04 15.50 15.31 18.02 11.51 11.79 17.67 15.36 11.15 15.54 15.50 14.80 15.18 15.19
6.84 6.96 7.07 11.87 12.51 12.49 11.76 12.41 15.14 11.40 8.10 8.23 8.26 16.48 8.39 8.55 8.72 8.86 15.25 9.06 9.22 9.35 9.49 9.71 12.61 16.70 16.20 16.91 17.25 17.93 18.95 17.33 16.82 15.51 18.91 13.00 12.80 16.15 12.74 15.69 15.42 16.47 16.11 15.02 11.05 11.12 19.42 9.98 10.09 13.26 10.24 10.23 10.31 10.53 10.74 13.74 19.44 10.83 10.83 10.72 10.54 11.03 11.81 12.14 16.61 19.26 18.92 18.61 15.16 17.47 16.53 13.88 13.74 16.49 14.20 15.36 15.58 14.75 14.30 16.05
6.87 6.98 7.05 12.33 12.38 11.28 11.03 12.77 12.35 10.35 8.40 10.25 8.64 8.59 8.55 8.59 8.67 8.77 8.88 9.01 9.14 9.28 9.51 12.93 14.55 16.13 16.32 17.15 17.89 17.13 17.00 19.12 15.72 17.40 16.98 12.84 9.67 16.01 12.54 16.21 12.17 13.25 13.14 12.69 11.04 10.84 15.87 9.92 9.77 13.07 9.96 9.99 10.01 10.11 10.28 13.39 19.10 10.44 10.55 10.46 18.32 10.72 11.26 11.52 13.50 18.73 18.18 18.38 18.84 15.90 16.95 15.50 15.54 16.53 10.58 10.76 10.68 16.15 13.14 15.18
6.88 6.98 7.05 12.70 11.99 7.42 11.57 14.86 12.10 11.19 11.66 15.99 8.45 8.48 8.47 8.50 8.54 8.65 8.78 8.89 9.04 9.26 9.50 13.70 16.87 16.66 16.66 17.15 17.57 16.54 16.83 19.35 18.40 18.87 13.89 9.59 9.47 13.32 15.40 14.56 13.34 13.35 13.03 12.87 12.13 12.03 12.59 16.39 9.39 13.07 13.06 9.78 9.74 9.73 9.84 10.04 18.90 18.53 18.50 10.20 10.15 10.45 10.76 10.93 11.29 18.29 18.66 18.52 17.84 10.75 10.45 10.56 17.31 16.95 10.44 10.48 14.71 12.62 18.42 15.81
6.92 7.00 7.08 12.40 12.36 7.37 11.83 12.91 12.25 11.95 12.20 15.26 15.60 8.18 8.26 8.31 8.44 8.60 8.71 8.83 9.02 9.24 16.51 9.44 9.48 16.53 16.42 16.35 17.22 16.63 16.06 18.86 18.68 18.39 13.77 9.40 9.25 13.24 14.24 15.27 13.27 13.25 13.14 12.80 12.37 12.51 12.32 12.15 18.26 9.41 13.16 9.62 9.45 9.26 9.45 10.65 9.82 18.25 17.22 10.05 10.03 10.14 10.36 10.35 10.61 12.26 18.20 17.90 17.88 10.53 10.21 10.30 10.32 15.40 13.97 12.50 10.11 10.36 18.52 17.59
6.94 7.02 7.10 12.95 12.27 7.34 7.46 12.39 12.38 12.28 12.83 14.78 11.96 8.09 8.17 8.27 8.47 8.60 8.69 8.90 9.14 9.27 13.44 9.27 16.49 16.64 16.04 9.53 17.04 14.25 17.20 18.73 18.55 16.68 13.87 9.45 9.29 13.30 11.51 17.16 12.98 12.86 13.06 12.94 12.79 12.59 12.06 10.26 11.22 9.38 9.44 9.40 8.99 8.87 9.43 9.86 9.49 18.07 11.22 9.83 9.76 9.83 9.99 18.13 10.01 10.63 18.69 17.79 17.37 15.85 15.51 15.52 10.12 10.01 15.39 15.04 9.91 10.29 14.46 16.06
6.96 7.04 7.10 12.47 7.26 7.39 7.51 11.62 12.85 13.20 13.25 11.78 12.14 8.02 8.13 8.28 8.43 8.56 8.75 8.97 9.09 16.57 9.15 9.17 14.41 14.08 9.30 9.43 14.14 18.28 13.89 16.72 16.75 17.86 13.78 13.34 13.34 16.60 15.29 9.05 8.89 8.87 12.84 12.99 12.88 12.49 11.94 8.91 9.76 9.31 9.27 9.05 8.63 8.98 9.67 13.41 17.52 8.92 10.14 12.27 9.46 9.56 9.66 9.60 13.18 10.06 11.87 18.13 17.74 15.40 18.16 17.27 15.40 9.92 9.95 9.83 9.74 10.14 13.75 15.27
6.98 7.05 7.09 13.05 7.26 7.38 7.47 11.51 13.33 14.91 13.30 7.78 12.23 7.93 8.04 8.20 8.35 8.52 8.70 8.81 15.46 16.82 8.92 9.00 13.88 16.48 9.22 9.33 17.68 17.46 13.91 16.17 16.59 17.95 13.59 13.14 13.21 12.19 12.90 8.89 8.81 8.82 12.59 12.91 12.79 12.70 12.02 8.90 12.99 13.17 9.04 8.71 8.65 9.35 13.43 12.63 11.75 17.68 11.42 10.23 17.29 9.27 9.31 9.36 9.35 9.56 10.01 17.14 17.44 16.88 14.99 14.80 13.13 15.63 9.87 15.61 14.39 9.88 9.95 14.48
7.00 7.06 7.09 7.15 7.25 7.33 7.41 11.38 12.99 14.95 12.10 7.77 14.67 7.87 13.82 8.09 8.31 8.49 8.55 15.10 16.27 12.88 8.84 8.88 14.10 9.15 9.28 9.33 17.42 13.90 16.20 16.02 13.98 13.77 13.62 13.37 15.74 9.06 13.02 8.67 8.61 12.62 8.77 12.79 8.74 8.71 8.67 12.33 11.13 12.57 12.95 8.59 8.98 12.42 17.60 12.21 8.50 12.12 12.19 10.06 11.14 16.98 17.49 9.20 9.20 9.12 9.45 12.60 17.20 16.90 16.97 17.01 12.66 12.78 15.15 15.21 15.01 15.86 15.97 15.43
7.04 7.09 7.12 7.19 7.27 7.33 7.40 11.44 13.28 12.95 7.65 7.78 15.64 7.86 7.99 8.15 10.33 8.42 8.51 15.59 13.50 8.63 8.74 8.83 8.92 13.79 9.14 12.87 13.93 13.84 17.38 17.64 9.23 9.04 17.27 9.03 15.21 9.05 12.95 8.63 8.69 8.87 8.88 8.73 8.64 8.63 8.69 8.80 11.09 8.71 12.63 8.75 11.79 13.01 12.57 8.22 8.32 8.37 11.69 8.52 11.06 12.36 12.05 13.27 17.69 17.35 12.29 11.59 15.62 16.42 17.63 14.95 16.30 12.55 14.51 16.45 17.30 16.41 15.29 9.27
7.09 7.13 7.16 7.23 7.29 7.35 7.39 11.82 12.89 11.28 7.67 10.76 13.79 13.19 8.05 8.19 8.23 12.90 15.09 16.33 12.81 8.49 8.54 8.62 8.70 13.54 13.50 13.90 13.68 9.23 17.15 16.84 8.89 8.87 16.62 15.14 15.23 13.16 8.98 9.03 9.12 9.07 8.86 8.68 8.63 8.63 8.66 8.70 8.72 8.77 8.79 8.83 8.67 8.26 8.06 8.11 8.14 8.17 8.21 8.31 8.43 12.02 8.46 11.56 16.66 16.52 15.88 8.82 11.60 15.67 16.40 14.86 14.88 16.58 16.12 16.34 16.22 16.25 9.28 9.12
7.13 7.15 7.18 7.25 7.30 7.34 7.37 7.38 12.08 7.50 7.59 14.94 7.65 13.46 7.94 8.04 13.05 13.73 15.99 13.62 8.29 8.37 8.38 15.90 8.57 13.24 8.74 13.96 13.25 16.84 16.84 12.17 17.13 8.88 16.71 13.88 16.48 16.45 9.09 9.31 13.32 8.92 8.67 8.57 8.57 8.55 8.54 8.62 8.77 8.87 8.84 8.67 8.38 8.10 8.01 8.05 8.06 8.03 8.05 8.11 8.12 8.09 8.22 8.44 16.14 16.03 15.59 12.24 11.95 12.03 12.01 16.44 16.74 16.20 16.10 8.98 15.48 8.96 9.11 8.99
7.17 7.19 7.23 7.30 7.32 7.36 7.42 7.44 7.47 7.52 7.58 13.36 7.63 13.77 13.01 12.77 12.88 13.80 15.74 12.91 8.16 8.19 8.28 8.39 14.66 13.57 8.59 13.98 8.66 16.67 9.05 12.68 9.08 8.99 8.95 8.90 8.81 8.79 15.71 16.33 8.81 8.67 8.55 8.49 8.50 8.55 8.64 8.74 8.75 8.69 8.59 8.43 8.21 8.04 8.00 8.00 7.93 7.84 7.86 7.88 7.84 7.89 8.06 8.21 12.66 15.64 15.18 12.39 12.22 8.54 8.78 15.51 15.98 15.18 16.10 15.08 15.44 15.67 15.34 16.43
7.19 7.22 7.29 7.33 7.34 7.37 12.17 7.44 7.50 7.54 7.56 13.32 7.54 13.27 13.16 12.40 12.80 15.92 15.57 8.00 8.02 8.05 8.14 8.23 14.00 8.40 8.51 8.61 8.73 8.89 13.73 15.61 17.18 8.91 8.81 16.33 8.69 8.61 16.03 8.35 8.28 8.28 8.36 8.44 8.50 8.57 8.65 8.64 8.59 8.58 8.52 8.33 16.03 7.98 7.90 7.82 7.72 7.65 7.69 7.69 7.70 7.79 7.91 7.95 15.53 15.32 12.55 15.16 15.12 15.05 8.49 14.77 15.62 16.11 8.55 8.59 8.71 8.82 8.81 15.23
7.21 7.23 7.24 7.25 7.28 7.30 12.18 7.36 7.42 7.45 7.46 14.69 7.48 7.53 13.04 11.97 12.87 13.47 13.55 7.80 7.84 7.94 8.03 14.44 8.22 8.36 8.54 8.70 8.81 8.91 9.01 14.31 17.01 8.86 8.81 8.74 8.67 8.58 16.00 8.33 8.25 8.29 8.42 8.53 8.55 8.52 8.46 8.42 8.49 8.60 8.55 8.35 15.93 15.84 7.86 7.76 7.66 7.61 7.60 7.59 7.64 7.68 7.71 15.48 12.57 15.79 15.62 15.29 15.46 15.43 15.02 14.31 14.02 14.81 14.95 15.26 15.38 8.68 8.67 8.66
7.23 7.23 7.21 7.21 7.24 7.27 7.31 7.33 7.34 7.37 7.42 13.16 7.50 7.50 13.28 11.65 12.88 15.32 15.37 7.67 7.77 7.87 8.01 8.15 8.26 8.34 8.47 8.61 14.25 14.67 14.58 16.52 16.77 8.99 9.00 8.90 8.80 8.74 8.65 8.53 8.49 8.53 8.60 8.62 8.57 8.50 8.45 8.48 8.54 8.60 8.55 8.38 8.21 15.68 7.90 7.77 7.66 7.58 7.51 7.49 7.48 15.38 7.51 15.19 15.13 15.37 15.61 15.51 15.69 15.60 15.43 14.21 8.13 8.36 14.19 15.54 14.92 15.44 15.28 8.51
7.22 7.23 7.22 7.22 7.25 7.29 7.31 7.32 7.32 7.35 10.92 13.75 7.27 14.91 13.62 12.31 13.72 7.53 7.54 7.57 7.66 7.76 14.27 8.07 8.24 8.34 13.52 14.47 14.42 14.49 16.36 16.65 16.78 8.82 8.84 8.77 8.70 8.65 8.58 8.58 8.58 8.57 8.53 8.47 15.97 8.50 8.60 8.66 8.68 8.70 8.61 8.41 8.23 15.20 7.87 7.72 7.61 7.52 7.41 7.35 7.29 15.24 15.23 15.28 14.91 7.54 15.27 15.50 14.48 15.44 7.81 14.90 8.02 8.29 8.36 13.85 15.23 8.36 15.23 15.21
7.23 7.24 7.25 7.26 7.26 7.24 7.22 7.23 7.24 7.24 11.47 13.46 13.03 13.45 13.40 13.02 13.51 14.94 7.46 7.51 7.58 7.70 13.08 8.01 8.16 8.27 15.04 13.79 13.96 14.51 16.13 8.72 8.67 8.60 8.57 8.55 15.96 8.50 13.55 12.34 8.51 8.58 11.83 8.61 8.63 8.70 8.76 8.78 8.80 8.83 8.73 8.49 8.27 14.40 14.44 7.71 7.57 7.42 7.29 7.22 7.20 7.23 15.21 15.14 14.94 7.42 7.52 15.05 15.30 15.21 7.62 14.72 7.92 8.22 14.17 15.15 15.18 15.26 15.37 14.87
7.16 7.22 7.29 7.32 7.25 7.22 7.17 7.15 7.13 7.13 7.09 12.86 7.06 13.32 7.27 13.37 12.86 13.60 7.47 7.54 7.63 7.74 13.06 7.95 8.04 12.75 13.67 13.62 13.81 16.10 15.17 8.59 8.52 8.50 8.52 13.77 8.49 8.48 8.47 8.41 8.43 8.58 8.79 8.91 8.92 8.82 8.80 8.82 8.87 8.92 8.79 8.51 8.27 14.64 14.34 15.02 7.47 14.93 7.22 7.18 7.16 7.16 14.91 14.72 14.84 7.23 7.27 14.50 14.81 14.85 14.02 14.37 7.78 8.01 14.55 14.78 14.99 8.06 15.17 14.60
7.14 7.24 7.30 13.40 7.28 7.26 7.20 7.17 7.14 7.14 7.10 7.06 12.69 7.22 7.28 7.31 13.16 13.34 7.45 7.51 7.62 7.72 7.75 12.74 7.86 12.29 13.33 15.60 15.81 15.10 15.68 14.49 15.87 14.83 13.52 8.59 8.63 8.70 8.81 8.87 8.84 8.79 8.81 8.86 8.88 8.85 8.84 8.87 8.91 8.94 8.83 8.58 8.34 8.13 13.88 14.20 14.43 14.04 14.76 7.17 7.15 7.10 14.75 13.15 6.99 14.53 14.54 7.05 14.12 14.27 14.32 14.33 7.62 7.73 13.87 13.92 13.73 14.79 14.38 14.36
7.15 7.25 7.34 7.22 7.34 7.30 7.24 7.22 7.23 7.23 7.18 7.13 7.14 13.60 7.20 13.66 13.19 12.81 14.42 7.43 7.49 7.55 7.60 7.63 7.72 7.90 14.62 14.84 8.09 8.13 8.17 15.73 14.76 12.90 8.43 8.52 8.64 8.77 8.91 13.19 9.08 8.99 8.86 8.83 8.90 8.94 8.93 8.90 8.89 8.92 8.81 8.56 8.32 8.09 12.49 10.46 11.84 13.16 13.74 14.61 7.14 7.02 14.31 12.67 6.88 12.07 13.11 14.34 14.00 14.07 13.56 14.26 13.68 14.00 13.91 7.45 7.56 7.66 14.01 14.48
7.07 7.12 7.28 7.34 7.36 7.15 7.25 7.26 7.28 7.25 7.18 7.13 7.14 13.27 13.68 13.70 12.85 12.21 14.40 7.37 7.36 12.49 7.44 7.59 7.75 12.48 14.95 14.76 14.72 12.47 8.24 14.47 8.33 8.38 8.44 8.53 8.61 8.64 11.81 8.61 8.70 8.81 8.87 8.90 8.94 9.01 9.05 9.05 9.03 9.03 8.88 8.59 8.32 8.09 7.92 7.78 7.63 7.49 7.40 7.29 14.17 14.44 14.08 14.22 14.00 12.46 6.75 12.85 13.57 13.20 13.27 14.09 14.24 14.13 14.04 13.39 7.38 7.43 13.62 7.51
7.18 7.15 7.13 7.31 7.07 7.21 7.24 7.30 7.25 7.21 7.17 7.13 7.16 12.90 7.21 7.26 12.85 13.00 14.39 7.31 7.37 7.45 7.57 7.72 7.81 14.55 14.68 14.49 8.01 8.11 8.19 8.28 8.34 8.40 8.48 8.56 8.61 8.64 8.61 8.56 8.54 8.60 8.72 8.84 8.93 9.01 9.09 9.13 9.14 9.13 8.99 8.74 8.50 8.26 8.04 7.86 7.71 7.56 7.43 7.31 7.15 13.82 13.97 14.07 13.75 6.71 6.71 6.66 6.66 6.70 6.79 6.93 7.04 13.44 14.03 13.24 7.19 7.11 7.23 14.01
7.43 7.36 7.43 7.34 7.32 7.14 7.30 7.33 7.23 7.25 7.20 7.16 7.21 13.19 7.24 7.30 12.93 13.63 14.18 7.34 7.46 7.64 7.79 7.83 7.74 14.79 14.59 7.86 7.98 8.06 8.11 13.29 8.22 8.29 13.20 12.75 13.09 12.34 13.03 13.62 8.61 8.59 8.67 8.84 8.97 9.03 9.06 9.09 9.09 9.07 8.98 8.82 8.63 8.42 8.21 8.02 7.84 7.65 7.48 7.33 7.20 7.09 7.00 6.90 11.98 6.80 6.74 6.69 6.69 6.73 6.82 6.90 6.94 13.65 13.72 13.70 13.28 6.94 7.00 13.20
7.30 7.07 7.44 7.39 7.15 7.25 7.48 7.35 7.32 7.31 7.20 7.20 7.28 7.31 7.33 7.33 7.36 7.31 7.34 7.39 7.52 7.63 7.68 7.63 14.23 14.25 7.71 7.80 14.42 14.16 7.93 8.00 8.05 12.72 12.44 12.50 12.58 13.83 13.43 11.32 8.29 8.53 8.70 8.77 8.82 8.90 8.98 9.05 9.08 9.08 8.99 8.81 8.63 8.44 8.27 8.09 7.90 7.73 7.57 7.42 7.27 7.16 7.07 6.98 6.90 6.83 6.76 6.71 6.70 6.72 12.11 12.86 12.94 6.89 13.25 13.36 13.47 6.86 6.89 7.08
6.92 7.06 7.37 6.92 7.15 7.42 7.44 7.33 7.46 7.33 7.15 7.30 7.35 13.65 7.34 7.34 7.33 7.36 7.40 7.44 7.49 12.79 7.38 13.99 7.41 7.55 7.66 7.70 14.80 13.84 12.40 7.89 8.02 8.12 14.15 14.29 13.08 8.28 8.28 8.36 8.56 8.73 8.80 8.83 8.84 8.90 9.00 9.09 9.20 9.29 9.18 8.86 8.63 8.49 8.36 8.21 8.02 7.82 7.63 7.47 7.33 7.22 7.13 7.07 6.99 6.88 6.77 6.71 6.69 11.54 12.62 13.23 12.78 12.82 11.97 7.01 7.10 13.33 6.80 6.84
7.07 7.08 6.88 6.90 7.21 7.49 7.36 7.39 7.27 7.31 7.19 7.34 7.34 7.30 7.28 7.32 7.30 7.32 7.35 7.33 7.32 7.23 7.08 11.80 7.36 7.48 13.45 14.56 14.64 7.67 7.75 12.25 13.33 14.10 14.49 14.57 8.24 8.50 8.91 9.28 9.31 9.10 8.89 8.86 8.94 9.02 9.06 9.14 9.22 9.23 9.07 8.81 8.67 8.58 8.44 8.09 8.47 7.94 7.69 7.54 7.41 7.31 7.22 7.13 10.17 11.67 10.42 6.76 6.70 6.65 11.68 11.44 11.55 11.21 6.73 6.76 11.38 12.86 13.17 13.00
7.10 7.04 7.07 7.11 7.25 7.24 7.46 7.50 7.59 7.25 7.18 7.31 7.25 7.30 7.08 7.32 7.40 7.32 13.76 7.31 13.15 7.11 7.00 7.22 7.37 7.41 13.06 14.11 13.60 7.67 7.74 7.76 13.66 13.98 14.19 13.95 11.74 11.90 13.10 15.57 8.91 8.89 8.79 15.01 14.62 8.81 15.22 12.09 9.07 9.16 9.14 8.96 8.73 8.50 10.67 11.35 12.35 11.03 8.33 7.61 7.48 7.35 7.22 7.10 7.02 6.97 6.94 6.88 6.79 6.74 6.74 6.74 6.75 6.80 11.25 6.94 6.93 6.97 12.67 13.06
7.42 7.33 7.27 7.29 7.19 7.35 7.38 7.29 7.36 7.15 7.19 7.24 7.17 7.16 7.11 7.31 7.40 7.38 7.43 7.16 7.06 7.11 7.22 7.36 7.42 7.39 13.13 13.80 12.94 7.62 13.06 13.62 13.54 13.54 12.82 14.19 13.72 14.06 14.87 14.85 14.06 8.21 8.48 8.60 12.30 12.86 12.20 8.81 11.13 11.14 9.25 9.10 8.77 8.42 7.21 8.51 8.88 8.23 7.79 7.68 7.56 7.44 7.33 7.24 7.16 7.11 7.07 7.03 6.95 6.89 6.89 6.88 6.87 6.82 10.87 6.92 12.47 12.58 12.79 13.01
7.02 7.26 7.11 7.17 7.20 7.34 7.65 7.24 7.13 7.22 7.23 7.24 7.44 7.48 7.16 7.51 7.43 7.48 7.17 13.02 7.18 7.27 7.35 7.41 13.12 7.36 12.97 13.75 12.72 13.04 14.01 13.82 13.40 13.59 13.81 14.67 14.41 13.68 13.62 13.72 14.00 15.48 14.41 11.79 10.62 8.70 8.78 8.85 10.83 12.17 15.55 11.47 8.71 8.46 8.25 6.83 7.25 7.94 7.85 7.76 7.38 7.60 7.49 7.43 7.36 7.26 7.22 7.19 11.04 10.20 10.60 10.59 6.97 10.48 10.33 6.88 6.96 12.41 12.50 12.77
6.89 6.94 7.03 7.15 7.18 7.20 7.36 7.29 7.16 7.29 7.33 7.42 7.64 7.32 7.37 7.56 7.47 7.50 7.11 13.20 7.31 7.29 7.37 7.46 12.88 7.36 7.42 13.92 12.76 13.06 13.88 12.96 13.25 13.68 13.74 14.66 13.95 7.68 7.77 10.62 11.98 14.26 13.32 11.24 8.61 10.11 8.86 8.93 10.18 10.00 8.95 8.87 8.77 8.54 8.24 6.70 8.02 7.98 7.92 7.84 6.85 7.27 7.39 8.38 10.25 10.07 10.42 10.29 11.85 11.37 11.37 10.91 10.68 7.01 6.95 6.90 6.88 6.91 6.92 6.87
6.88 6.99 7.26 7.39 7.40 7.48 7.58 7.40 7.25 7.37 7.48 7.71 7.66 7.36 7.66 7.53 7.24 7.54 7.15 7.13 7.10 7.17 7.32 13.30 7.41 7.36 12.92 13.97 12.79 12.77 13.14 13.16 13.53 13.58 13.99 14.30 12.16 7.74 7.86 13.09 8.10 13.79 13.30 8.43 11.68 11.49 11.21 10.46 9.02 9.75 9.20 9.11 9.02 8.90 8.64 5.93 8.16 8.10 8.04 7.98 7.18 8.29 10.27 10.15 10.23 10.11 10.24 11.37 10.78 11.20 11.91 12.22 12.14 11.03 7.09 6.97 9.53 9.41 6.81 6.90
7.03 7.13 7.40 7.37 7.63 7.70 7.69 7.58 7.41 7.46 7.54 7.71 7.49 7.50 7.69 7.58 7.31 7.58 7.17 7.12 7.08 7.12 7.19 12.30 11.94 7.34 13.08 13.38 11.89 12.25 12.00 13.88 13.96 13.52 13.68 12.65 7.64 7.81 7.91 14.63 13.43 13.74 11.99 11.67 11.90 11.89 8.72 8.85 12.11 13.81 14.28 13.03 10.20 8.47 5.80 6.91 5.90 8.26 8.18 6.25 8.44 9.82 9.08 7.79 7.62 8.08 9.75 9.95 9.33 9.68 10.13 10.81 11.73 11.71 10.51 7.18 7.09 7.06 7.13 11.95
