examples/cougarCreek/createInputs/WindNinja/wrfout_d3.2015081200.f19/cougarCreek_08-12-2015_1900_217m_non_neutral_stability_vel.asc
ncols	146
nrows	140
xllcorner	610065.000000
yllcorner	5095217.000000
cellsize	216.586807
NODATA_value	-9999.000000
[rows 36 to 71 of 140, columns 0 to 79 of 146]
7.13 7.65 8.27 9.25 9.05 11.86 12.17 8.49 13.78 13.99 13.87 13.38 12.44 13.96 13.51 12.01 10.61 9.88 9.70 9.90 9.93 8.63 8.19 9.03 10.03 9.99 8.82 6.38 4.94 17.97 18.44 19.00 20.64 18.24 18.48 21.02 21.41 21.96 22.00 23.13 25.83 28.35 22.18 21.24 21.12 20.97 20.15 18.98 25.21 23.01 19.65 20.02 22.03 23.55 24.18 24.70 26.56 25.78 25.70 26.03 26.56 26.91 27.17 26.82 27.41 26.17 22.12 21.70 21.94 26.01 23.33 23.45 22.52 21.51 17.31 16.89 16.91 16.93 16.67 16.38
6.93 7.43 8.03 9.01 9.00 8.85 8.56 13.81 8.26 14.08 13.78 13.18 12.45 13.85 13.69 12.82 11.65 12.01 12.63 12.27 11.11 9.56 9.50 10.28 10.39 10.13 8.10 8.94 13.63 18.71 17.92 18.17 17.68 19.76 20.66 21.99 24.06 22.88 23.09 23.50 25.92 28.17 26.07 21.19 20.66 21.26 21.38 19.73 25.77 24.49 23.82 20.66 21.82 21.43 22.75 23.70 23.14 22.35 21.74 21.55 21.72 21.44 21.22 21.22 21.32 21.29 20.71 19.98 19.38 19.33 20.71 24.75 25.52 18.17 17.61 17.04 17.06 16.93 16.55 16.32
6.84 7.32 7.89 8.86 8.93 8.79 13.33 8.35 13.99 13.81 13.75 13.49 14.28 13.76 13.53 12.73 12.44 12.93 12.64 11.56 10.97 10.66 9.70 9.84 10.65 10.17 7.58 8.99 13.68 6.94 18.57 18.65 19.14 17.65 16.95 17.06 16.54 18.55 19.95 23.26 27.87 31.40 29.10 25.29 21.08 21.17 21.53 20.13 18.20 18.12 25.64 25.27 21.76 20.28 21.53 21.98 22.06 21.34 20.56 20.68 21.29 20.87 20.75 20.93 21.04 21.00 20.04 18.92 18.73 19.05 19.63 19.76 19.41 19.64 21.13 21.08 17.34 16.95 16.53 16.27
6.80 7.26 7.76 8.73 8.77 8.77 14.37 8.39 13.77 13.87 13.55 13.67 12.48 13.76 13.15 12.49 12.58 13.17 12.77 12.07 12.51 11.72 8.87 9.16 11.40 9.83 6.90 9.18 11.35 12.31 17.63 18.70 16.04 18.85 19.66 18.70 18.72 15.18 15.26 16.71 20.66 27.49 27.93 29.17 29.89 28.59 28.67 29.39 27.34 19.27 18.33 27.02 26.44 27.25 22.93 21.19 23.52 22.25 20.12 20.64 20.11 20.21 20.59 21.47 21.50 19.69 18.59 17.91 18.27 18.77 18.84 18.44 18.37 18.76 18.44 17.67 17.94 17.05 16.71 16.38
6.75 7.09 7.61 8.68 8.75 8.60 13.50 8.37 8.25 13.77 13.47 13.10 12.65 13.63 13.22 12.69 13.20 14.03 13.42 12.08 11.52 10.03 8.51 11.22 11.20 9.52 7.71 9.17 9.99 6.77 17.99 18.43 17.89 18.06 20.20 22.44 23.46 22.59 21.09 15.41 18.67 21.15 23.08 23.95 26.06 24.85 25.02 25.21 24.70 25.24 24.86 25.50 21.82 20.26 20.28 20.97 21.38 19.92 20.09 20.92 22.73 18.93 20.14 20.53 19.92 19.35 18.73 18.29 18.47 18.88 18.67 18.14 18.19 18.31 17.83 17.19 16.95 16.87 15.82 18.23
6.66 6.96 7.41 8.63 8.74 13.13 8.53 8.40 8.21 13.43 13.23 13.26 12.89 14.00 14.16 13.51 14.55 13.80 12.81 10.27 9.23 8.72 10.14 11.75 10.86 8.90 7.92 8.83 9.65 10.31 19.02 18.06 17.95 18.12 17.09 17.87 21.90 22.04 21.68 24.62 17.83 27.85 30.93 30.86 28.10 21.36 21.45 20.80 19.43 19.62 19.80 19.25 19.97 21.49 22.36 22.66 22.77 22.05 21.95 23.13 19.33 18.74 19.96 20.15 19.62 19.27 19.13 18.97 18.86 18.95 18.66 18.12 17.93 17.95 17.74 17.08 16.54 16.27 15.86 16.32
6.60 6.83 7.16 7.51 8.84 7.68 8.42 7.67 8.20 7.91 7.75 13.24 13.34 14.88 15.17 14.98 14.59 12.58 10.39 8.88 8.87 10.20 12.35 14.30 10.97 7.54 7.93 10.13 10.38 11.28 17.32 18.77 17.86 15.33 16.60 18.74 20.65 20.97 21.19 22.17 26.08 27.98 30.97 31.42 30.05 30.28 28.09 21.00 19.11 18.22 19.84 17.82 18.56 20.19 20.43 20.14 20.01 19.63 20.09 20.57 19.50 18.92 19.71 20.07 19.78 19.62 19.55 19.45 19.06 18.75 18.73 18.04 17.38 17.55 17.80 17.30 16.43 15.83 14.98 14.96
6.63 6.76 6.94 7.29 8.57 13.16 8.30 8.32 8.14 7.98 13.20 14.96 16.25 16.13 15.27 14.84 13.94 12.15 10.72 9.82 10.48 12.83 14.48 11.64 10.05 7.70 10.30 10.82 10.42 11.27 17.30 18.66 18.99 19.88 18.05 19.70 19.53 20.38 21.05 21.28 23.27 27.75 32.03 30.87 23.28 23.20 22.36 20.19 23.91 19.28 18.29 17.88 18.47 19.77 19.71 19.44 19.51 19.42 23.82 20.28 19.38 18.68 19.39 20.10 20.18 20.24 19.71 19.40 18.99 18.56 18.65 17.71 16.82 17.18 17.87 17.48 16.40 15.65 14.49 13.87
6.60 6.74 6.89 7.14 7.50 8.57 8.28 8.24 8.15 13.48 15.45 15.16 15.13 15.70 15.26 15.13 14.67 13.95 11.53 11.57 12.91 12.39 12.18 12.30 10.30 9.57 11.03 10.94 10.08 11.53 17.38 18.09 18.84 20.25 19.37 21.48 19.56 19.35 20.31 21.34 20.39 23.85 22.63 23.92 24.18 24.15 27.58 24.36 17.20 16.91 17.99 18.16 18.66 19.10 18.92 18.59 18.73 19.25 20.21 20.22 18.89 18.51 19.50 20.04 20.56 21.08 20.22 19.58 19.83 19.76 19.66 18.74 17.91 18.15 18.97 17.35 16.59 15.76 14.28 13.33
6.44 6.62 6.83 7.03 8.35 8.45 8.44 8.40 8.31 14.88 13.82 14.70 15.18 14.44 14.98 15.24 13.58 13.22 10.67 10.73 12.32 13.10 12.82 12.50 11.63 10.95 11.37 11.33 9.96 13.02 17.52 17.40 18.14 19.61 20.46 21.54 21.49 20.83 21.46 22.13 22.45 19.47 22.36 24.47 25.13 28.26 28.40 17.45 14.27 16.16 17.88 21.64 19.13 18.52 18.11 17.26 17.47 19.41 20.92 20.32 18.66 18.60 19.97 20.88 22.14 25.48 25.12 24.27 24.45 25.18 24.66 21.03 20.94 21.36 21.51 20.90 20.04 19.25 14.58 13.11
6.39 6.58 12.49 6.82 8.31 8.47 13.76 14.12 15.12 13.04 14.28 15.16 13.79 14.84 15.45 14.77 14.76 10.19 9.94 10.08 11.45 13.03 15.47 15.57 11.62 11.03 10.78 10.36 10.17 13.30 17.56 17.23 17.82 19.00 22.46 22.11 21.36 21.03 22.43 22.11 17.79 19.53 22.88 28.68 32.23 30.70 26.28 16.34 15.45 15.20 17.48 20.35 20.50 18.31 17.17 16.11 16.55 19.45 21.43 21.47 20.56 20.10 21.83 24.95 26.08 27.33 25.21 23.92 25.53 25.60 24.17 24.51 23.93 21.93 21.83 21.31 23.21 21.03 15.59 13.32
6.35 10.20 7.36 6.62 6.84 8.62 11.99 14.09 14.50 13.81 15.26 14.22 13.32 14.31 14.14 11.95 5.96 8.35 10.14 10.97 13.63 15.61 15.26 15.66 12.39 11.04 10.75 10.04 10.72 13.71 16.17 17.66 17.74 18.88 22.61 22.35 21.66 21.75 21.74 22.17 22.51 26.35 28.50 33.13 31.88 27.25 20.84 16.08 13.48 14.17 17.14 21.85 22.60 18.98 17.38 17.19 17.49 19.14 23.56 26.87 26.09 25.76 26.84 27.58 28.25 28.10 26.62 25.44 24.72 24.17 24.13 24.30 24.15 22.05 21.83 21.01 20.62 20.95 20.73 14.29
6.25 12.14 11.96 12.24 13.12 12.79 12.75 14.44 14.00 14.98 13.89 8.73 13.03 12.56 7.15 6.65 9.71 9.40 11.48 12.76 13.16 14.42 14.20 13.72 11.60 11.71 9.53 10.40 9.90 11.61 14.60 16.29 16.55 18.59 21.73 22.00 20.65 20.12 21.52 19.78 24.34 24.28 24.56 31.70 30.14 27.37 21.01 22.99 13.59 13.66 17.14 21.20 25.07 23.52 21.66 22.75 24.08 27.70 24.47 23.93 24.95 26.48 26.27 24.99 25.46 25.61 24.87 24.11 23.85 24.76 24.22 23.99 24.10 24.34 21.83 20.75 22.31 19.90 21.09 15.42
11.48 8.00 12.53 10.97 8.13 13.14 13.22 8.88 8.96 14.07 13.82 8.70 8.28 7.82 11.85 13.80 14.44 14.83 13.81 13.54 13.04 15.81 14.94 12.32 12.20 12.05 10.82 11.14 10.66 9.33 14.51 14.85 13.56 18.83 22.05 21.82 19.94 20.85 21.41 23.33 22.39 24.24 24.70 26.55 31.18 23.16 27.12 19.32 15.49 15.26 18.27 22.42 22.09 28.48 31.15 30.74 28.42 26.51 25.13 23.18 19.20 18.85 19.84 25.22 28.35 26.85 26.17 25.68 24.80 24.32 24.18 24.05 24.10 21.86 21.66 20.58 20.04 20.08 20.39 20.06
6.55 10.33 10.50 8.12 9.12 6.70 6.79 8.71 8.94 8.99 8.53 8.31 8.11 12.51 15.35 14.89 14.64 13.70 13.21 13.24 12.91 16.26 16.21 16.23 14.29 12.35 8.47 10.83 8.75 11.35 16.23 14.40 14.25 19.15 21.39 22.11 20.39 20.67 21.48 20.60 25.23 24.41 25.80 24.19 23.91 24.85 24.80 22.39 19.38 16.91 20.69 20.85 19.23 20.87 24.48 29.60 22.39 20.61 25.08 24.30 19.55 17.91 17.78 19.17 26.57 27.19 25.91 25.65 24.51 23.73 23.80 23.81 21.44 21.70 21.35 20.36 19.17 18.26 19.47 20.27
6.74 7.13 7.79 8.91 6.57 6.69 8.73 8.92 8.93 8.76 8.34 8.27 8.35 14.52 14.44 13.84 13.85 13.45 13.48 13.38 11.95 11.71 16.30 14.67 16.01 11.87 11.12 7.12 8.26 12.82 16.20 14.03 16.63 19.39 21.79 21.41 18.85 20.59 21.05 20.38 22.78 25.62 26.86 26.05 21.15 21.59 18.95 16.68 17.13 17.77 17.87 17.84 18.79 18.50 22.45 32.45 23.68 20.76 19.95 24.91 23.71 18.86 16.76 17.51 20.23 21.48 23.95 26.28 24.77 19.80 19.26 24.64 20.98 20.72 19.23 18.62 18.32 18.07 15.37 19.59
10.95 7.41 12.19 6.35 6.55 8.80 8.93 9.07 13.30 8.76 8.68 14.85 15.09 14.50 13.88 13.28 13.16 13.11 13.21 12.96 12.15 12.18 11.80 7.26 14.27 7.19 7.55 7.45 10.96 15.59 17.51 15.22 17.34 19.46 21.20 20.51 19.80 22.15 21.00 22.11 24.02 25.89 26.36 26.37 26.65 21.45 18.73 16.35 16.22 16.23 15.93 16.44 17.73 17.91 21.72 20.86 30.20 20.73 26.67 25.13 24.65 23.15 17.75 17.56 19.32 19.49 18.81 20.25 19.62 17.53 16.25 17.47 18.42 16.62 16.00 15.73 15.48 15.23 15.17 14.81
6.40 10.73 6.10 6.31 9.12 9.58 13.22 13.69 13.62 13.23 15.20 13.81 9.01 9.04 8.95 8.62 8.19 12.85 12.85 12.47 15.54 12.19 12.66 15.70 12.78 7.96 9.57 11.69 14.38 17.97 19.03 16.10 16.18 19.14 21.06 19.99 19.97 20.00 21.67 22.65 24.11 25.19 25.44 26.24 27.01 21.66 19.71 16.83 16.09 15.61 15.41 15.67 16.95 16.86 20.03 24.55 30.44 25.23 19.67 20.44 20.28 18.26 16.21 17.61 18.19 17.73 18.41 19.09 17.68 16.21 16.25 16.84 16.76 16.47 16.11 15.76 22.29 20.34 14.90 14.50
5.85 10.92 8.75 9.29 13.20 13.43 13.30 13.35 13.56 13.96 13.68 9.14 9.34 9.39 14.42 13.54 8.76 13.54 13.35 12.39 7.81 7.92 14.45 17.06 12.00 10.78 13.46 14.97 14.23 17.72 18.44 14.75 14.60 19.41 13.98 19.98 19.62 22.34 22.03 23.10 23.02 25.09 25.70 25.92 21.72 21.72 20.35 17.28 16.42 15.76 15.51 15.47 16.21 17.68 19.65 24.36 25.02 20.96 19.18 19.73 19.40 16.63 16.89 17.92 17.78 17.36 17.91 18.32 17.40 16.78 16.78 16.50 16.04 16.00 15.95 15.69 15.49 15.12 14.65 14.46
5.74 8.12 8.62 12.47 8.52 9.66 9.63 13.37 13.87 13.84 9.46 9.62 9.72 9.84 14.16 13.58 8.96 13.59 8.33 8.19 13.78 16.88 16.84 14.37 14.37 13.77 14.76 13.85 12.80 17.57 19.55 14.79 15.13 18.78 21.99 10.96 18.17 18.10 20.93 23.25 23.71 25.12 25.95 25.73 21.16 21.60 19.02 17.62 16.41 15.68 15.50 15.60 16.14 17.56 20.17 22.67 22.41 19.44 18.54 18.49 17.76 17.17 17.49 17.76 17.96 17.59 16.83 16.94 17.00 16.95 17.08 16.47 15.54 15.33 15.51 15.53 15.38 14.92 14.59 14.60
7.22 4.88 8.67 9.35 6.33 9.80 9.17 13.25 8.99 9.11 9.36 10.01 9.73 9.61 13.61 9.26 8.77 8.50 7.16 16.53 16.18 16.73 16.75 13.60 12.68 14.08 12.77 10.77 12.96 17.81 18.98 15.73 14.80 18.59 20.17 21.15 17.51 18.70 20.19 19.85 20.62 21.28 24.01 26.75 25.67 21.63 21.04 18.82 16.70 15.34 15.21 15.59 16.32 17.54 19.68 20.13 19.31 19.05 18.44 17.73 17.27 17.29 17.53 17.49 18.04 17.83 16.27 16.13 16.72 16.78 16.81 16.41 15.40 14.88 15.17 15.37 15.10 14.69 14.69 14.64
4.73 4.84 8.94 5.60 6.05 6.26 9.45 8.91 6.46 6.55 6.72 10.27 7.16 7.05 9.25 8.92 8.57 12.45 14.34 15.53 15.98 16.34 15.96 8.43 12.48 13.90 11.48 11.06 15.80 19.05 17.96 13.60 12.19 15.85 19.95 18.78 18.16 20.11 20.87 19.75 20.58 20.95 24.02 23.62 26.43 20.83 21.21 21.37 17.96 15.47 15.03 14.95 15.95 17.51 18.57 17.97 17.82 18.68 18.20 17.33 17.08 16.89 17.01 17.28 17.60 17.45 16.49 16.17 16.51 16.49 16.26 16.05 15.40 14.86 15.04 15.16 14.84 14.61 14.64 18.46
4.80 4.96 5.23 5.55 5.86 8.55 9.66 6.53 6.61 6.68 10.12 10.13 6.91 6.79 12.13 8.50 7.22 7.06 7.11 9.26 16.03 16.33 7.37 7.72 12.70 12.29 8.49 12.11 18.16 17.68 14.71 13.20 12.88 15.63 22.09 18.38 19.72 20.20 22.22 19.69 22.97 23.83 23.46 21.96 23.57 24.99 24.61 21.85 20.90 18.07 15.55 14.18 17.60 16.92 17.34 16.74 17.17 18.08 17.81 17.31 17.04 16.46 16.59 17.04 17.04 16.92 16.47 16.17 16.26 16.10 15.74 15.69 15.28 14.92 15.11 14.96 15.94 17.26 18.01 18.54
4.75 5.01 5.41 5.70 5.90 10.08 6.43 6.57 6.70 10.48 10.19 6.92 9.99 6.68 6.67 6.82 6.95 7.58 7.52 7.45 16.26 9.61 8.02 9.41 13.94 8.61 8.86 14.42 17.96 15.91 12.59 13.96 15.69 17.14 19.55 19.55 19.57 19.76 18.93 18.65 19.98 22.70 23.22 20.83 20.75 24.12 23.90 20.81 26.47 20.32 18.53 14.38 14.12 15.97 16.53 16.32 16.93 17.53 17.31 17.09 16.75 16.24 16.51 16.73 16.69 16.69 19.54 15.88 15.90 15.53 15.26 15.59 15.19 14.89 15.93 21.03 22.00 21.75 18.21 17.50
4.66 4.99 5.42 5.72 9.86 6.13 6.31 6.50 10.58 9.76 6.88 6.93 6.79 6.82 7.08 6.92 8.95 8.96 7.69 7.72 14.10 14.25 13.89 15.03 9.29 8.72 11.83 15.11 14.71 12.66 13.52 16.16 17.16 17.72 18.80 19.35 21.07 18.77 19.20 19.02 19.13 19.65 20.07 23.11 20.32 20.58 21.26 23.93 24.83 20.12 17.79 23.67 16.18 15.35 16.06 16.33 16.77 17.23 16.91 16.64 16.43 16.23 16.49 18.62 19.68 16.21 15.91 15.75 15.65 15.18 15.03 15.48 16.83 17.19 22.71 22.13 18.57 21.11 21.40 21.00
4.59 4.90 5.28 5.59 5.82 6.08 6.26 6.48 6.68 6.76 6.90 7.15 7.28 6.68 6.94 7.36 13.57 9.10 9.21 10.14 10.52 16.86 16.22 9.68 9.06 9.11 9.36 12.94 12.50 13.74 16.52 17.95 17.01 18.08 18.80 19.31 18.67 18.69 18.90 19.06 18.49 19.54 19.66 22.88 23.42 22.89 23.34 23.62 23.81 19.40 17.13 15.48 14.91 15.01 15.55 16.21 16.58 17.91 18.17 17.54 17.42 17.43 17.96 18.46 15.77 15.47 15.52 15.71 15.59 15.22 16.00 18.43 22.94 22.46 19.00 21.78 21.79 21.37 18.52 18.01
4.63 4.89 5.16 5.41 5.68 6.00 6.21 6.29 6.43 6.63 6.99 6.93 6.93 7.63 10.25 15.43 9.21 9.46 8.00 10.77 10.90 16.96 17.47 14.28 9.78 9.58 12.33 12.35 12.75 15.02 18.01 17.50 15.02 18.58 19.08 18.74 19.18 18.55 18.57 18.43 18.86 19.28 19.51 19.24 22.67 22.63 23.29 21.46 21.53 18.31 16.28 15.41 14.80 19.78 15.00 15.89 15.48 16.73 23.57 24.82 17.96 17.55 17.98 17.62 17.07 15.98 15.13 15.48 16.36 18.02 22.53 22.65 22.10 18.35 21.70 22.01 21.48 21.18 20.99 17.93
4.74 4.97 5.20 5.35 5.49 5.73 5.99 6.16 6.44 6.32 6.76 7.48 7.56 8.88 12.24 14.27 9.50 8.01 10.57 16.16 17.38 17.35 17.12 16.74 10.45 10.22 12.47 12.27 13.56 15.50 17.43 15.33 15.16 19.91 19.04 18.56 18.54 18.79 18.32 18.14 18.63 19.07 18.63 18.47 19.07 19.35 19.46 22.33 22.92 17.42 15.57 15.14 14.51 20.44 14.55 15.49 14.27 16.26 21.38 22.11 15.66 16.16 23.98 22.78 20.83 16.82 16.36 22.00 21.12 24.05 23.12 22.59 22.23 22.11 22.28 21.71 21.15 17.48 20.69 20.27
4.96 5.21 5.48 5.63 5.65 5.75 6.06 6.54 6.21 6.87 9.33 9.92 8.23 7.57 15.50 10.29 9.91 10.25 11.18 16.12 11.05 11.46 17.16 16.60 13.97 13.85 12.45 12.54 15.01 16.06 16.46 17.83 17.83 18.48 18.65 18.37 17.14 18.26 17.95 16.84 18.33 18.81 22.20 19.23 18.95 18.94 18.63 15.74 15.99 22.59 16.99 14.78 14.20 13.91 14.13 14.92 15.63 15.98 15.62 20.69 15.26 15.07 15.86 20.57 22.16 22.67 21.31 20.20 14.87 19.76 21.64 17.68 20.52 20.56 18.22 21.48 17.59 17.73 20.63 20.12
5.14 5.42 5.72 5.98 6.15 6.33 6.66 6.15 6.82 10.71 12.14 12.34 14.02 15.55 10.59 10.44 10.21 10.76 11.17 15.69 8.33 11.20 16.89 17.13 14.36 10.90 9.90 12.15 14.16 14.87 16.28 19.30 19.18 18.34 18.28 17.06 17.26 17.57 17.25 16.53 17.80 19.43 21.66 18.20 18.23 18.44 17.99 18.45 15.37 15.20 17.04 14.55 13.89 13.60 14.68 14.38 15.01 15.36 15.36 22.33 14.96 15.38 15.34 19.80 19.70 21.85 21.24 20.92 17.61 18.65 22.51 21.97 20.40 19.44 17.36 21.15 19.78 16.27 16.06 16.82
5.21 5.41 5.67 6.05 5.25 5.12 5.77 7.91 9.69 11.13 12.37 13.58 16.17 14.67 10.47 9.86 7.95 11.39 8.36 11.72 8.62 8.77 8.89 8.91 15.93 10.64 9.91 9.95 13.13 14.81 18.51 19.00 18.61 18.24 17.05 16.61 18.10 17.53 16.18 16.71 17.31 18.75 19.10 21.88 14.70 14.98 14.93 15.19 14.91 15.66 15.91 16.39 13.43 21.00 13.56 13.95 14.27 14.79 15.16 14.83 23.63 14.91 21.22 20.16 20.22 20.52 16.66 20.56 21.56 22.76 22.56 17.26 21.67 20.66 20.21 21.04 15.71 16.42 19.21 19.84
5.45 5.70 6.03 5.85 5.63 5.50 7.09 8.91 10.56 11.82 13.88 15.80 16.56 14.66 10.73 8.12 8.17 11.83 8.38 17.21 11.76 11.90 9.20 9.17 16.63 10.76 9.96 10.17 14.64 18.32 19.49 18.64 18.15 17.58 17.48 17.25 17.67 16.49 16.69 15.18 17.28 17.79 18.41 14.08 14.79 19.19 21.55 21.32 21.92 16.64 20.91 15.82 15.39 13.28 17.03 13.57 13.44 14.12 15.01 23.46 14.32 20.29 19.91 14.19 19.55 20.99 19.93 13.87 14.51 22.98 22.46 21.91 21.52 20.40 18.20 15.34 13.10 12.81 12.14 12.15
5.75 6.05 6.40 7.23 7.33 8.67 10.14 10.64 13.96 14.25 16.58 10.96 10.98 8.12 11.41 8.30 8.38 16.46 11.74 12.08 11.65 17.18 9.08 16.68 17.23 9.21 9.38 10.19 17.06 18.01 19.77 18.16 17.71 18.83 18.60 16.55 17.63 16.83 16.30 16.20 16.24 16.57 13.62 11.85 13.83 14.46 14.80 21.82 15.66 19.74 21.36 13.08 12.98 13.19 13.42 20.53 12.74 13.30 14.54 20.49 22.60 20.11 17.17 21.10 16.11 16.89 16.27 13.41 14.20 20.06 22.38 21.74 17.67 17.47 20.71 16.68 15.92 19.06 11.95 11.86
5.84 6.03 6.24 8.13 9.67 14.63 15.12 14.96 14.74 14.66 16.66 16.18 17.07 8.12 11.58 8.35 8.51 8.58 16.74 8.78 12.75 17.11 17.64 17.71 16.78 9.36 9.68 10.56 18.17 17.54 18.59 18.23 17.74 17.45 18.48 17.41 17.14 16.65 16.22 16.04 14.97 12.94 17.61 13.87 14.08 14.35 14.59 14.91 15.13 15.22 15.46 12.82 12.80 12.93 13.19 13.03 19.13 12.44 13.61 13.39 23.25 13.97 13.81 22.33 20.76 21.20 20.96 13.02 13.53 14.07 20.00 21.69 21.32 16.63 20.69 20.33 19.17 12.32 18.15 11.54
5.95 6.10 6.28 8.29 10.09 15.20 15.30 14.49 14.38 15.04 16.42 16.43 16.35 11.24 11.23 8.48 8.67 8.74 16.75 8.87 8.91 17.13 12.81 16.81 11.48 9.59 9.75 13.56 17.85 18.56 17.08 20.00 18.02 17.90 18.84 16.08 17.86 16.97 16.42 14.62 14.65 15.90 15.98 13.74 13.95 14.30 20.73 20.81 14.79 14.94 12.38 12.43 12.51 20.64 12.77 12.90 12.39 11.93 12.53 13.79 14.02 13.90 13.62 13.48 13.55 22.32 21.74 19.75 12.94 13.45 15.90 19.37 20.14 19.36 19.47 19.70 20.01 12.01 19.28 18.42
6.21 6.40 6.62 6.79 10.17 15.13 14.76 11.57 14.11 15.46 15.63 16.23 8.36 16.61 8.44 8.62 8.73 8.78 16.50 8.97 16.03 16.65 9.22 12.16 9.58 9.87 10.59 17.91 19.39 17.61 17.31 18.53 10.50 10.19 18.40 17.83 16.51 16.99 16.28 15.03 16.42 15.41 14.79 17.33 13.66 13.64 14.34 20.66 14.89 15.03 14.78 12.10 15.18 20.19 20.74 12.71 12.47 11.80 11.72 12.64 13.78 17.48 13.62 13.40 13.28 13.25 12.96 20.88 19.70 12.87 13.15 19.05 19.90 20.25 20.03 18.79 18.42 18.97 19.32 19.29
