examples/cougarCreek-fire/createInputs/WindNinja/wrfout_d3.2015080912.f16/cougarCreekFire_08-10-2015_0400_217m_non_neutral_stability_ang.asc
ncols	146
nrows	140
xllcorner	610065.000000
yllcorner	5095217.000000
cellsize	216.586807
NODATA_value	-9999.000000
[rows 0 to 43 of 140, columns 0 to 95 of 146]
162 200 205 208 168 220 232 248 279 305 318 324 330 331 356 322 352 3 296 289 284 298 314 326 332 329 322 320 324 328 321 301 300 300 298 297 299 302 300 294 291 289 283 277 277 278 272 263 258 256 246 241 230 235 225 225 233 222 212 214 210 222 210 209 206 221 210 213 215 221 221 218 218 219 218 204 190 191 195 196 198 201 203 206 207 210 211 214 217 221 226 238 257 260 262 262
162 200 205 208 168 220 232 248 279 305 318 324 330 331 356 322 352 3 296 289 284 298 314 326 332 329 322 320 324 328 321 301 300 300 298 297 299 302 300 294 291 289 283 277 277 278 272 263 258 256 246 241 230 235 225 225 233 222 212 214 210 222 210 209 206 221 210 213 215 221 221 218 218 219 218 204 190 191 195 196 198 201 203 206 207 210 211 214 217 221 226 238 257 260 262 262
165 165 183 196 173 147 167 271 124 156 178 211 329 303 151 159 156 51 34 320 315 307 309 318 326 330 257 267 312 311 306 210 311 299 302 299 242 266 283 259 263 259 247 245 254 265 255 246 250 246 236 224 226 233 221 217 225 220 212 218 226 211 212 216 218 214 212 215 224 215 211 211 209 217 213 214 210 188 195 197 200 203 206 207 207 208 209 211 215 215 218 232 244 231 226 233
196 175 188 190 184 167 150 137 143 265 208 228 300 310 234 233 147 114 99 26 340 317 301 306 314 312 263 267 314 310 249 231 205 218 227 241 239 245 250 243 245 244 239 239 237 242 235 226 229 228 225 225 229 230 214 208 219 202 204 208 208 203 201 209 210 202 214 210 226 206 226 206 206 207 203 205 202 182 194 199 204 208 210 210 209 208 209 210 212 210 212 224 232 232 235 222
207 163 195 190 189 173 201 152 269 272 204 225 301 318 310 210 146 99 104 86 3 320 303 254 304 314 311 232 252 251 250 247 190 221 219 222 227 230 247 247 243 238 237 235 233 234 223 216 221 225 228 229 228 223 224 221 211 196 198 204 203 204 201 212 204 209 209 208 204 223 205 195 196 198 209 211 177 182 192 199 206 210 212 213 212 210 211 212 212 211 215 224 231 235 231 231
192 160 200 184 196 190 178 171 178 193 223 227 269 301 297 312 155 85 83 21 5 321 300 234 253 310 307 226 242 249 255 236 189 218 211 216 221 225 237 243 235 231 235 234 224 224 221 218 226 231 228 224 228 218 217 208 194 192 199 194 205 205 206 209 203 208 220 217 220 200 195 192 196 195 193 185 210 184 190 197 207 211 213 215 215 213 214 215 215 216 221 226 231 232 229 232
181 160 202 216 195 201 191 227 189 198 216 237 239 287 304 293 171 107 23 13 357 334 300 284 244 310 239 244 241 253 260 216 201 232 211 207 220 219 236 235 232 230 235 232 220 228 229 232 208 220 216 215 225 219 204 198 194 191 198 202 204 207 211 197 200 218 220 215 203 196 200 208 191 196 194 208 180 186 191 196 207 212 213 217 218 217 217 218 218 222 226 229 232 232 233 240
180 174 174 184 199 200 191 182 197 256 220 237 240 265 275 288 193 158 112 8 347 326 300 285 242 302 309 223 241 310 249 199 231 240 199 197 215 218 223 226 225 227 226 224 225 234 235 218 221 219 226 217 213 205 201 204 198 196 202 204 206 212 203 196 210 219 216 211 197 202 192 192 218 207 189 195 184 190 193 197 207 211 214 218 220 220 220 220 221 225 228 231 234 237 241 249
190 183 192 193 200 203 201 199 198 209 219 264 267 242 284 298 294 177 123 9 330 314 300 284 222 293 301 228 239 254 243 209 238 231 189 200 215 214 208 209 217 224 217 214 224 225 225 220 218 215 211 216 216 209 203 201 196 200 205 207 206 198 192 198 213 216 215 207 202 210 191 211 196 193 203 206 190 197 197 198 204 209 214 219 222 223 223 224 226 229 231 234 239 243 248 255
201 193 190 185 197 191 198 203 208 221 227 231 240 242 244 273 279 305 140 9 320 308 305 282 275 239 298 238 223 242 247 213 220 210 187 201 211 204 205 210 221 226 215 217 225 204 209 205 206 208 214 218 218 210 203 197 197 199 204 199 187 185 198 206 212 213 211 205 204 206 202 189 193 201 204 187 195 199 198 197 201 207 214 219 222 224 225 227 231 234 237 242 247 251 253 257
246 209 198 194 191 194 201 205 213 221 226 236 243 245 267 268 274 273 157 117 324 150 307 288 278 237 300 242 223 251 251 208 218 210 184 190 197 197 204 211 226 226 219 228 226 195 205 202 209 212 204 218 208 193 188 193 195 194 195 182 181 191 205 209 206 207 209 205 203 204 199 195 199 199 198 189 196 199 197 196 199 205 212 218 223 225 226 230 234 239 245 252 257 260 259 258
246 216 214 204 200 193 198 206 213 219 226 235 241 244 244 234 282 255 172 149 316 156 302 299 284 251 292 229 221 250 243 206 216 200 183 186 189 196 204 208 214 230 218 192 191 187 204 204 212 218 220 210 195 187 189 197 193 191 188 175 184 199 205 205 206 215 190 185 184 182 202 198 189 198 190 191 195 198 197 196 199 204 211 218 222 225 228 233 237 242 250 260 268 269 266 264
215 215 214 216 207 206 194 207 216 213 225 232 237 238 263 269 275 193 156 155 146 164 174 300 291 285 286 231 226 300 231 205 200 234 181 183 188 194 200 234 206 212 183 212 180 205 200 207 216 211 207 201 188 185 197 202 195 194 190 178 185 169 208 206 178 186 187 184 182 183 183 185 190 194 190 192 195 198 198 197 214 204 210 216 221 225 230 235 239 244 252 264 276 283 280 276
237 236 228 207 206 209 204 237 241 242 226 224 225 229 254 264 275 216 170 156 148 158 188 188 297 292 240 225 239 292 234 208 186 184 176 178 189 189 219 224 212 196 180 173 204 198 198 210 211 205 199 194 187 188 203 203 202 199 196 198 186 166 165 209 216 220 217 213 210 196 176 178 182 184 188 193 197 199 199 198 199 203 209 214 219 224 230 235 239 243 250 261 275 294 295 289
234 224 226 211 210 209 208 200 207 243 242 226 223 222 222 257 269 272 199 188 189 181 202 197 309 299 235 235 241 298 234 201 174 178 171 176 187 185 208 216 213 195 183 201 199 195 204 211 215 209 194 192 191 194 206 203 204 205 200 202 210 215 218 206 203 198 197 195 188 163 173 194 179 193 187 194 200 200 198 199 200 203 207 212 217 222 229 234 237 242 248 255 264 289 296 291
152 176 198 200 206 210 211 214 207 210 241 227 223 221 223 226 250 251 209 208 215 210 221 220 167 187 226 232 243 310 219 181 178 203 171 178 180 209 206 214 231 192 182 204 201 204 210 219 216 202 186 196 202 201 201 203 209 209 198 195 204 207 193 187 182 183 195 190 177 187 194 166 176 182 187 195 202 202 217 198 201 202 206 210 215 221 228 232 234 238 244 248 250 268 288 275
140 164 198 204 204 215 214 216 215 201 203 219 224 219 218 236 237 217 206 203 210 208 220 294 188 183 217 243 307 243 199 171 183 180 175 178 206 210 212 199 190 184 183 184 207 209 216 217 208 196 190 206 214 211 203 212 224 200 202 199 195 186 177 176 172 182 197 186 197 192 179 165 174 181 186 192 201 203 200 198 199 201 205 210 215 222 228 230 231 234 239 241 237 223 306 346
135 149 192 206 208 202 215 217 217 212 194 220 231 235 225 238 234 233 206 231 208 206 220 259 206 191 217 243 307 223 186 176 178 173 181 174 193 206 210 203 170 175 182 210 211 214 215 215 204 202 210 221 222 208 204 227 225 191 204 199 184 178 177 184 185 192 204 199 183 186 215 200 195 203 210 214 197 203 204 201 213 201 206 211 217 224 228 229 229 231 235 237 229 202 236 301
160 159 185 207 209 198 204 216 218 213 199 218 235 228 218 218 219 214 204 207 210 199 213 220 212 202 224 244 230 209 190 183 173 139 179 165 178 199 189 199 200 207 179 183 211 215 217 212 203 206 219 225 218 194 209 219 198 194 203 182 173 183 196 190 184 195 214 153 192 221 204 188 191 187 197 206 207 200 205 204 201 202 205 211 218 224 228 229 229 230 234 235 225 199 192 250
191 181 193 210 211 205 206 220 221 214 207 228 226 220 217 226 222 218 209 205 220 208 209 198 211 216 275 241 220 204 198 187 189 197 155 158 162 186 185 195 195 202 175 183 214 215 215 215 214 219 219 214 185 202 212 198 191 191 189 184 180 187 195 178 192 195 203 220 218 207 192 193 201 171 179 213 217 216 220 220 202 203 204 209 217 223 228 229 229 231 236 236 223 201 194 236
252 200 198 211 206 202 203 214 219 213 210 229 225 213 214 220 223 217 214 204 219 203 201 235 220 216 265 234 218 206 198 195 196 186 135 149 150 168 178 197 164 166 177 182 217 216 217 217 225 225 218 208 197 218 186 180 190 191 197 187 182 188 180 172 179 194 198 196 180 215 183 200 202 192 174 224 221 213 213 220 217 201 203 207 216 223 227 229 231 234 237 233 218 197 205 209
215 209 206 205 207 202 209 215 219 218 209 220 230 213 208 218 214 211 220 216 212 202 183 189 203 215 229 219 218 212 198 201 204 187 116 131 159 147 177 160 162 169 180 184 217 217 221 221 223 203 212 203 212 201 173 184 177 205 208 179 184 188 180 182 153 202 207 219 167 187 191 189 196 192 209 208 212 219 214 216 195 199 202 207 216 225 229 230 233 236 237 230 214 197 185 202
169 186 188 201 202 196 207 207 219 218 209 220 234 227 195 215 215 214 224 216 209 201 191 185 200 217 228 220 224 223 206 213 220 181 90 102 117 129 174 145 154 169 181 185 218 216 219 221 210 200 202 189 187 179 174 179 176 202 191 177 190 190 195 155 150 185 180 182 189 161 158 182 209 152 233 218 207 214 217 221 228 196 201 208 217 225 230 233 237 240 238 229 219 211 203 212
152 154 159 229 193 192 197 206 214 219 217 219 227 225 219 204 206 208 216 219 214 208 190 188 223 218 248 223 227 225 205 206 202 173 121 93 106 119 167 137 147 161 176 218 218 225 222 215 200 201 188 186 186 179 179 181 172 168 168 199 212 209 188 183 175 179 175 173 167 147 185 149 216 205 208 212 219 217 211 217 212 217 200 206 216 226 232 237 243 245 242 235 228 222 215 225
268 80 233 229 168 181 199 208 213 225 222 215 222 228 221 208 208 211 211 214 215 211 197 165 201 211 229 227 213 207 201 203 194 175 148 98 104 137 168 138 147 221 213 221 223 215 211 213 208 204 186 186 187 187 188 208 211 217 220 176 162 211 147 133 153 181 171 172 171 182 197 199 196 194 226 217 218 235 173 189 217 223 198 205 216 227 235 244 250 251 248 242 231 223 222 238
300 77 114 148 170 173 192 200 209 226 224 221 218 221 219 214 206 210 208 208 216 212 198 178 180 210 229 229 188 192 211 218 203 182 158 96 104 157 177 136 146 216 220 223 220 224 223 223 210 202 186 188 191 191 193 223 229 231 175 175 167 191 145 192 201 184 178 182 218 135 204 212 208 217 167 242 195 241 251 179 194 198 200 206 218 230 238 246 253 253 248 242 227 245 250 246
242 37 252 116 174 183 174 199 204 225 225 221 217 210 219 214 207 210 206 204 214 214 200 184 187 206 226 230 178 193 222 220 204 183 153 121 150 168 181 204 206 205 210 212 211 216 216 211 204 189 190 192 192 192 193 187 178 175 179 176 204 195 184 184 177 188 122 119 112 108 238 116 126 134 268 131 151 148 255 254 190 200 203 209 219 229 237 243 248 246 244 241 230 252 256 253
70 75 81 96 131 164 166 168 206 229 223 218 221 203 211 204 203 209 205 204 214 212 199 180 182 197 212 218 189 202 218 205 192 168 152 152 160 175 189 192 193 196 202 208 211 210 207 210 211 192 194 195 193 190 191 186 183 180 177 175 168 207 150 131 112 106 89 94 191 190 189 202 236 306 74 336 279 274 219 250 237 233 203 210 218 225 234 241 243 238 232 252 250 246 244 250
109 104 104 96 91 124 184 187 170 208 231 220 242 192 203 199 197 203 200 201 213 212 198 171 168 193 195 206 198 205 209 194 183 170 165 169 175 186 185 185 191 198 204 212 219 222 222 222 206 193 197 199 193 190 190 188 186 181 179 175 171 164 259 128 105 87 81 79 61 170 187 212 234 256 281 265 248 259 256 237 226 233 197 208 217 224 233 242 243 238 218 210 233 239 238 240
124 116 110 98 90 97 132 192 187 195 216 228 224 219 183 193 198 203 198 200 212 211 195 177 151 154 178 199 195 203 204 188 180 180 177 174 184 188 176 181 193 205 216 223 221 217 221 213 192 192 196 200 195 190 189 185 191 188 184 179 179 171 163 139 126 105 281 318 25 47 84 181 124 125 133 146 165 196 206 203 209 210 239 204 221 228 237 245 247 243 228 200 199 245 240 231
153 137 129 129 119 102 96 132 197 206 231 225 214 247 194 183 201 210 211 213 221 221 203 184 164 156 171 187 186 197 199 193 189 189 189 191 197 176 173 187 199 218 231 228 215 211 209 183 188 188 194 201 201 197 201 204 195 187 183 221 225 234 171 257 251 221 190 174 115 112 113 91 91 124 130 141 141 164 176 188 200 235 260 203 226 231 243 249 251 247 235 213 199 226 226 232
319 213 123 104 109 95 93 112 207 194 221 246 223 204 192 177 192 199 208 216 225 228 217 202 179 170 164 174 180 194 200 193 200 199 206 210 197 175 175 197 214 232 241 242 235 219 209 175 182 189 195 204 210 208 204 197 186 182 182 223 233 248 189 248 235 221 223 212 175 134 107 66 34 8 344 336 339 260 213 192 114 212 119 189 214 228 246 254 255 248 237 222 208 223 224 233
312 267 265 131 106 120 117 104 98 244 200 217 203 209 196 159 165 179 186 200 213 219 215 208 191 173 177 157 169 189 202 203 208 210 214 206 188 182 189 201 217 247 256 254 253 243 230 165 173 186 194 202 208 204 197 192 186 185 224 223 227 236 245 255 274 104 81 74 70 67 61 55 48 6 133 106 338 37 99 108 112 110 119 171 204 231 251 259 258 250 240 227 214 208 239 241
297 292 301 281 177 168 140 112 72 48 159 246 257 250 168 144 136 148 156 170 184 193 202 208 209 194 155 140 154 183 205 212 220 219 220 217 207 205 216 231 257 267 265 269 289 301 302 143 149 169 186 196 203 202 198 196 195 194 196 199 200 245 256 272 282 282 292 316 346 358 89 81 80 82 84 72 343 349 23 89 95 326 104 134 173 257 268 267 263 254 245 235 217 207 257 258
310 303 358 303 302 163 118 11 356 355 360 331 353 263 291 130 120 122 117 122 146 165 175 187 206 194 156 140 142 177 215 225 232 232 234 240 243 260 294 309 303 297 300 303 303 318 327 69 81 92 130 187 207 210 207 207 206 204 205 206 216 212 253 247 243 247 250 138 92 89 86 85 86 79 37 18 6 346 339 346 4 321 82 288 93 334 291 277 270 261 252 240 221 205 247 253
65 64 55 98 308 312 26 18 2 356 350 354 1 2 26 335 356 169 204 150 145 147 152 152 168 176 175 153 136 175 232 241 244 246 245 247 256 267 274 280 287 292 298 298 299 303 313 326 353 43 39 29 309 237 231 225 221 218 218 258 254 249 207 193 131 121 113 109 108 104 97 92 97 87 19 8 358 0 358 343 328 71 359 324 51 14 322 295 282 272 262 247 224 205 259 262
84 76 71 51 311 319 322 357 351 348 348 355 359 3 9 24 35 55 87 94 98 114 120 116 96 99 166 158 144 189 258 255 253 248 242 238 238 255 297 328 339 326 308 290 306 298 297 313 332 21 20 20 10 348 316 286 262 244 232 229 220 215 206 255 188 136 130 126 123 155 109 98 91 86 82 79 77 77 66 71 66 21 359 344 30 347 345 319 302 286 275 261 236 206 276 278
81 79 61 352 342 329 337 348 344 338 342 350 352 351 347 351 353 343 343 353 17 43 57 58 52 50 50 84 175 278 296 287 279 271 267 267 260 252 256 272 353 295 326 309 300 10 11 315 314 335 348 13 7 1 355 342 333 330 323 310 185 170 156 147 138 131 126 124 121 118 114 106 30 93 89 85 81 79 77 74 71 23 4 294 323 339 346 332 314 297 283 273 258 225 240 257
355 318 344 333 334 330 317 319 343 337 349 343 340 338 341 344 339 336 342 352 358 7 14 19 26 37 27 0 322 300 309 311 300 308 320 327 333 334 353 331 322 320 9 7 8 11 10 13 295 323 326 342 340 355 356 353 350 349 356 359 0 5 11 20 84 41 90 93 95 96 96 97 97 97 95 92 89 85 81 77 74 71 66 53 23 2 350 341 331 309 291 282 280 271 211 245
328 18 345 329 326 330 309 341 340 346 346 342 341 339 344 345 341 339 342 345 343 355 5 4 3 16 19 343 334 306 306 319 322 321 330 333 336 344 353 9 9 347 17 19 346 330 323 313 308 307 311 318 320 322 326 343 344 346 351 358 3 7 9 9 12 17 21 34 41 46 50 74 80 84 86 89 89 85 85 83 78 75 71 61 35 324 351 339 345 326 304 293 292 302 302 259
319 352 337 328 304 304 309 342 344 345 349 345 343 340 344 340 336 337 337 342 351 1 357 352 352 3 3 351 335 317 309 326 336 332 327 318 323 329 333 357 2 3 6 24 26 21 15 11 12 334 332 332 319 312 6 1 302 296 1 302 318 350 2 3 6 2 6 22 29 34 38 44 51 74 77 83 85 83 85 85 84 81 74 66 43 322 3 331 345 346 322 308 303 311 339 335
304 310 326 322 300 304 312 342 344 348 349 344 338 333 336 335 331 336 349 7 9 0 347 338 353 7 0 350 339 319 304 316 326 324 316 313 321 325 325 324 341 341 338 344 348 356 12 13 355 355 350 354 8 348 339 336 336 335 7 12 337 354 355 352 352 354 354 347 350 355 2 14 40 45 49 52 80 83 83 83 84 84 78 69 50 4 292 2 322 339 339 325 321 324 348 359
319 344 342 325 316 308 338 341 344 347 345 340 335 331 331 333 336 352 10 10 357 345 334 331 358 4 354 342 331 310 288 285 318 318 312 316 320 323 324 323 328 337 338 336 332 330 334 341 348 11 352 352 2 0 356 15 16 357 358 352 17 350 340 283 38 64 73 76 80 79 77 77 84 95 100 108 38 54 79 81 82 81 75 67 59 36 353 298 357 285 335 336 338 346 357 5
310 313 351 307 306 313 339 337 342 345 336 329 322 322 325 333 341 351 356 354 340 326 323 332 356 354 341 334 329 305 289 276 286 316 325 321 318 319 322 324 324 327 329 325 318 320 327 335 339 346 347 345 349 352 351 349 342 337 311 296 309 50 61 59 64 71 85 90 63 88 65 65 68 71 73 105 112 116 37 76 85 79 67 58 48 47 29 349 327 293 294 338 350 2 7 10
