examples/cougarCreek-fire/createInputs/WindNinja/wrfout_d3.2015080912.f16/cougarCreekFire_08-10-2015_0400_217m_non_neutral_stability_vel.asc
ncols	146
nrows	140
xllcorner	610065.000000
yllcorner	5095217.000000
cellsize	216.586807
NODATA_value	-9999.000000
[rows 0 to 34 of 140, columns 0 to 78 of 146]
7.82 5.88 5.05 4.63 5.31 4.10 3.30 2.86 3.35 4.28 5.52 7.41 8.24 7.09 5.03 6.30 2.27 1.80 4.82 4.51 5.07 7.80 12.25 15.32 14.74 12.56 12.19 13.80 14.95 13.73 11.07 5.74 10.51 10.55 10.77 11.55 12.33 12.38 11.85 11.75 12.15 11.92 11.40 11.96 12.88 12.66 11.85 12.50 13.20 19.49 13.97 28.61 16.15 21.45 17.93 17.85 22.95 36.94 23.85 23.24 22.22 30.38 23.94 23.28 23.46 31.36 24.64 22.49 20.12 17.49 14.38 14.29 15.80 16.17 16.04 16.55 22.31 30.53 34.49
7.82 5.88 5.05 4.63 5.31 4.10 3.30 2.86 3.35 4.28 5.52 7.41 8.24 7.09 5.03 6.30 2.27 1.80 4.82 4.51 5.07 7.80 12.25 15.32 14.74 12.56 12.19 13.80 14.95 13.73 11.07 5.74 10.51 10.55 10.77 11.55 12.33 12.38 11.85 11.75 12.15 11.92 11.40 11.96 12.88 12.66 11.85 12.50 13.20 19.49 13.97 28.61 16.15 21.45 17.93 17.85 22.95 36.94 23.85 23.24 22.22 30.38 23.94 23.28 23.46 31.36 24.64 22.49 20.12 17.49 14.38 14.29 15.80 16.17 16.04 16.55 22.31 30.53 34.49
11.36 6.35 4.77 8.03 11.34 8.03 2.52 2.99 4.35 5.83 5.37 5.84 9.06 5.54 3.61 3.05 5.98 2.09 2.25 4.95 5.62 8.93 13.23 14.97 14.24 13.52 6.82 7.89 14.07 13.41 11.50 6.39 7.01 6.61 10.98 12.03 13.80 19.06 14.67 21.44 20.40 23.11 21.82 22.69 24.68 16.69 24.70 26.40 26.74 28.71 28.09 29.88 28.96 20.63 18.04 18.99 23.73 35.84 23.12 25.83 35.06 39.37 36.45 39.30 37.09 41.45 23.89 22.30 34.07 18.74 16.58 14.87 29.08 15.63 16.65 30.68 35.54 26.74 30.73
9.49 7.50 5.62 9.93 9.79 7.59 7.58 4.73 3.42 3.87 5.95 7.54 7.83 6.85 3.64 1.70 5.26 6.99 6.57 4.91 8.04 10.40 11.23 14.99 14.16 12.89 10.23 7.54 12.31 11.27 11.41 7.53 3.25 6.13 6.79 6.63 10.41 15.88 17.80 19.05 18.84 19.51 18.43 19.98 20.51 23.46 25.61 22.72 26.87 27.74 27.09 25.82 26.32 21.16 17.38 19.23 22.89 32.64 32.71 37.21 37.01 37.11 36.76 39.62 38.35 37.48 23.36 34.60 31.57 21.24 30.15 32.29 15.63 17.17 19.19 32.79 34.04 22.69 25.10
6.78 10.37 6.57 9.56 9.96 7.35 3.49 4.25 5.63 7.11 5.32 7.88 9.47 8.84 5.24 3.49 5.88 6.46 7.06 6.66 7.02 10.36 13.49 15.08 14.51 13.47 11.42 7.83 9.96 10.44 9.14 7.70 4.43 5.91 9.24 8.15 9.69 15.20 16.91 17.99 19.02 17.82 19.73 20.41 19.00 22.14 24.08 23.94 25.89 25.61 26.86 26.21 26.61 20.35 21.41 22.61 33.94 25.87 35.39 22.07 31.78 40.21 37.86 37.58 40.58 25.53 36.91 24.67 24.89 32.57 36.09 19.84 20.53 21.93 36.41 28.96 23.12 21.59 22.28
9.55 8.99 6.82 9.07 10.00 8.87 7.62 7.05 5.51 3.75 4.29 6.66 9.98 9.33 6.03 3.22 6.15 6.30 5.78 4.64 5.76 9.34 11.98 9.04 16.72 13.29 10.46 8.33 9.59 10.62 10.87 11.17 5.24 7.19 9.75 8.06 10.75 14.36 19.52 19.92 20.11 18.15 20.55 20.76 19.90 21.85 22.02 23.17 25.92 26.00 25.26 25.70 24.71 19.54 26.66 33.07 33.00 26.26 20.50 35.61 34.87 38.13 35.12 39.87 26.50 38.48 36.15 30.00 34.81 38.55 23.19 32.05 33.97 25.22 25.12 23.51 28.76 19.14 19.71
11.93 8.76 5.92 6.84 8.73 8.64 7.37 5.14 6.04 6.55 5.26 6.28 9.56 10.68 8.23 4.75 6.70 5.94 4.88 4.88 4.60 5.39 7.77 11.78 16.18 13.91 11.59 7.06 9.65 12.47 10.96 8.93 7.15 8.27 8.62 7.08 11.08 14.93 16.24 18.57 17.97 20.51 21.48 20.99 20.81 18.14 22.27 23.84 12.71 16.55 17.43 18.39 25.80 28.29 30.25 29.47 30.23 32.25 32.07 33.43 34.96 30.45 32.23 38.56 29.27 34.69 35.38 35.79 39.49 25.88 36.20 33.41 24.86 24.22 22.85 33.58 19.13 17.39 16.99
11.37 10.56 8.99 8.10 8.42 9.68 8.50 5.93 4.91 8.97 6.02 6.79 9.58 11.96 10.35 6.61 4.35 3.93 7.46 4.63 3.94 4.81 6.90 11.43 15.07 13.51 9.99 10.69 9.50 8.45 11.42 8.57 6.84 11.32 9.78 7.17 12.73 15.55 17.32 17.20 18.38 20.21 21.15 19.24 19.66 20.78 19.31 12.41 14.82 16.62 26.44 27.74 27.10 26.79 28.23 28.61 30.02 29.07 31.15 30.74 29.69 31.21 37.74 22.11 36.82 35.16 34.03 36.46 36.84 35.81 26.57 25.78 30.77 34.00 20.94 31.03 18.54 16.56 15.35
11.95 10.31 9.04 8.54 8.34 9.81 9.71 8.47 7.08 6.52 7.42 12.07 13.78 12.89 11.74 8.22 3.44 4.92 5.67 4.09 4.00 4.94 8.63 12.38 13.79 13.03 9.94 12.43 10.24 12.91 11.33 8.73 10.98 11.85 11.31 9.20 14.75 16.34 15.99 16.74 19.71 18.42 19.99 21.61 9.35 20.80 21.02 18.39 25.60 26.25 28.56 27.79 24.33 24.98 22.81 25.36 28.53 27.02 25.95 24.56 29.07 31.92 32.83 34.39 34.16 34.15 33.73 35.16 33.58 31.16 25.25 36.94 30.49 21.98 30.87 28.70 17.29 15.71 15.09
12.02 10.10 8.36 7.89 7.40 8.37 8.88 9.33 8.83 8.53 8.87 8.92 9.83 12.36 15.13 9.46 5.25 2.67 8.77 3.42 5.09 4.97 6.37 11.04 13.91 18.82 10.55 13.58 12.88 12.05 11.32 10.48 11.53 11.79 11.59 10.51 14.82 16.04 13.66 15.70 20.45 20.47 20.87 16.48 21.79 10.65 20.77 24.23 23.07 26.09 26.93 23.20 23.48 24.42 28.65 27.88 27.72 26.42 25.78 29.23 30.76 17.68 31.46 30.57 33.21 36.66 36.52 36.03 33.39 32.18 34.58 24.81 24.90 32.55 31.76 19.51 17.49 16.55 16.13
9.68 11.90 10.19 7.89 7.54 7.16 7.37 8.55 8.81 8.98 9.51 10.33 11.27 11.84 13.56 10.47 7.13 3.52 9.12 6.57 4.18 3.81 5.40 9.27 14.05 17.20 10.64 13.15 11.75 12.08 11.77 10.61 9.85 11.87 12.06 11.77 15.46 15.25 14.72 19.58 20.25 21.05 7.11 20.74 21.00 12.24 22.82 22.37 24.07 21.02 17.09 22.99 28.48 27.07 26.66 27.82 27.87 26.50 29.75 28.37 23.16 29.63 27.74 28.17 32.66 33.92 33.86 33.91 32.50 32.05 34.52 31.55 32.68 30.28 30.59 20.56 19.12 18.61 17.89
10.44 12.67 11.95 10.70 9.50 8.15 7.02 7.84 9.49 10.52 11.01 12.18 13.66 13.06 13.41 11.30 7.60 4.14 7.23 7.88 3.86 5.26 5.59 8.95 13.30 12.14 10.09 15.12 13.24 13.03 11.50 11.95 12.60 13.80 13.59 12.52 13.68 14.73 17.94 19.54 22.82 5.89 19.98 7.92 10.50 12.96 23.44 24.00 21.50 20.03 24.47 26.95 28.30 27.44 26.65 26.61 26.93 26.77 27.90 22.54 27.41 25.63 24.88 27.94 29.25 27.45 24.52 25.76 26.41 26.22 29.42 29.30 23.03 30.62 23.06 21.42 20.36 19.99 19.22
10.73 10.27 11.14 11.14 10.59 8.89 7.09 6.42 8.43 10.72 12.36 13.61 15.42 16.81 15.79 13.15 8.92 10.33 7.43 9.47 6.26 6.90 6.92 8.36 12.73 13.75 10.11 12.25 12.18 5.63 11.93 11.11 13.79 2.59 14.83 14.13 15.33 16.14 16.75 9.50 22.87 6.74 7.07 20.10 10.61 20.89 24.93 20.81 21.37 22.22 26.10 28.97 27.50 27.43 27.60 26.77 25.35 25.29 25.43 26.04 19.11 17.68 22.05 22.36 18.73 19.72 20.79 21.61 22.44 23.04 23.20 23.08 28.47 30.57 22.95 22.10 21.24 20.71 20.03
8.63 9.37 8.41 8.82 9.78 9.09 7.57 7.85 10.73 12.72 11.63 13.75 15.58 18.51 18.85 17.00 11.73 9.49 9.61 8.34 7.39 6.15 7.47 3.23 11.99 12.90 16.43 14.60 11.88 4.33 10.59 12.80 13.77 16.01 14.48 13.86 17.07 19.06 8.61 10.75 20.86 8.85 9.84 10.61 18.69 24.77 24.74 22.76 21.96 25.64 27.38 27.56 25.65 27.50 26.06 23.71 21.87 19.32 20.20 18.05 13.77 15.86 16.21 18.09 20.55 22.50 25.78 25.36 25.45 27.05 20.20 22.73 24.19 24.45 23.87 22.94 21.75 20.66 20.02
6.58 5.36 7.59 7.08 7.81 7.91 8.15 6.56 4.67 10.85 13.50 11.41 13.49 15.77 20.06 20.89 16.03 9.67 10.97 10.08 9.46 7.17 9.03 8.31 10.75 11.56 13.27 11.66 12.57 3.43 11.60 12.70 15.56 15.06 14.99 13.06 17.78 18.79 6.83 9.53 11.23 11.19 11.79 18.76 25.18 23.86 24.86 19.11 20.36 24.62 27.16 26.45 26.53 27.42 27.14 25.49 21.07 17.82 17.26 15.54 13.58 14.49 15.85 15.63 19.68 25.75 27.92 28.20 26.89 17.01 25.07 25.27 23.17 24.60 23.12 22.68 21.87 20.08 18.84
3.79 4.42 6.10 6.70 7.31 8.82 9.73 8.94 7.15 4.78 9.96 10.29 12.29 12.51 15.78 20.59 19.84 15.30 17.65 16.18 14.88 11.71 11.12 9.67 5.60 5.01 11.11 13.22 12.26 2.49 11.18 14.51 15.03 1.91 14.36 15.56 15.40 5.09 5.21 6.69 21.53 11.36 12.59 20.57 24.88 23.05 18.65 18.68 19.99 26.64 25.34 25.37 24.43 22.68 24.24 23.34 18.84 18.53 17.99 16.00 16.08 17.66 19.51 21.06 23.01 24.20 26.12 28.41 22.37 26.62 23.51 20.74 20.08 19.83 19.66 20.18 21.33 20.52 22.01
4.56 4.19 5.65 7.71 7.46 8.20 9.34 9.33 8.52 7.02 6.24 9.59 13.67 12.80 11.51 18.21 20.67 22.03 20.74 20.43 20.59 18.68 17.23 5.79 9.65 7.35 11.65 10.58 4.37 9.93 11.67 13.52 11.20 16.54 13.65 16.81 4.19 4.91 4.86 20.68 7.99 10.62 11.72 12.04 19.86 18.25 18.20 19.59 22.77 26.05 25.83 21.67 19.33 20.27 21.91 15.49 17.65 16.46 17.81 15.92 14.03 17.43 18.74 18.98 21.11 20.18 24.40 26.34 25.29 18.59 16.40 17.25 15.95 15.53 15.46 16.12 18.49 20.20 18.94
6.13 4.47 4.55 6.93 7.38 5.91 7.06 8.80 9.00 8.00 6.29 8.12 12.18 13.13 9.31 14.10 17.24 19.36 16.39 18.48 17.45 16.11 17.18 9.60 14.15 9.23 12.30 9.50 3.36 9.80 13.45 12.75 13.50 14.94 13.43 14.45 3.93 4.94 5.36 20.53 7.53 9.67 10.67 19.08 18.71 18.55 18.54 23.42 23.62 25.39 21.22 16.57 16.92 20.10 15.74 14.87 19.05 15.25 15.75 17.95 16.27 16.44 16.49 17.63 18.44 13.72 15.04 15.77 14.67 13.60 15.58 19.96 19.40 17.27 16.26 15.62 14.32 17.22 18.59
7.85 6.51 5.79 7.08 8.77 8.24 7.71 9.62 10.50 9.57 7.58 7.15 10.19 10.89 10.54 9.41 9.86 12.69 14.10 13.37 14.93 15.78 15.10 20.79 17.54 13.71 11.68 8.44 8.58 11.33 12.92 11.41 13.90 3.46 13.74 14.61 4.45 5.60 16.42 21.35 19.75 21.76 10.34 11.03 19.22 23.12 23.60 23.15 25.00 21.10 18.73 16.90 20.43 21.37 17.73 19.10 19.15 19.07 18.17 17.18 16.89 15.33 14.20 13.55 11.69 8.98 7.63 12.93 10.26 15.22 19.62 18.55 18.50 16.52 17.22 15.87 14.58 14.20 15.83
8.11 7.36 6.59 7.47 8.81 8.84 8.19 9.22 10.35 9.82 8.17 8.30 7.26 9.93 14.23 14.90 13.37 12.60 13.42 12.23 13.47 15.69 13.86 18.66 18.46 16.85 6.63 8.57 11.84 12.68 11.87 12.68 9.15 13.22 4.03 4.49 5.38 6.59 16.87 20.47 21.27 20.71 11.16 11.70 19.93 23.38 23.43 23.64 18.84 17.00 17.70 22.13 12.90 22.08 18.14 18.42 18.87 18.27 17.84 17.85 17.67 14.51 15.94 13.98 12.07 10.10 12.00 14.09 13.99 17.29 18.05 16.60 17.31 11.72 11.67 14.71 15.92 18.06 18.13
6.03 8.25 7.51 7.60 8.46 8.68 8.61 9.08 9.99 9.79 7.86 9.33 10.49 7.39 11.31 16.21 17.64 17.40 17.16 15.28 14.81 18.25 11.68 15.08 14.40 19.39 8.35 9.84 12.19 11.25 11.67 12.74 5.56 11.60 4.23 4.73 5.93 6.81 9.13 18.91 13.67 13.62 12.71 12.44 19.42 18.90 19.39 17.77 17.25 19.67 19.22 23.78 20.29 17.21 11.44 20.01 18.88 17.14 19.50 18.18 17.35 15.46 16.07 15.71 12.72 11.72 10.05 9.56 9.11 12.45 10.40 12.90 15.23 17.50 11.48 15.13 15.22 15.77 16.07
7.01 6.44 7.55 7.99 8.78 8.51 8.69 9.26 9.79 10.06 9.00 10.33 12.43 8.68 6.49 11.24 14.43 16.49 17.90 16.07 15.21 18.09 14.34 15.10 17.70 19.95 15.53 13.64 12.72 11.28 12.92 8.59 4.84 11.48 4.82 4.48 14.06 6.05 19.20 11.12 13.14 13.12 12.60 12.47 19.24 22.76 23.75 18.00 19.33 20.28 23.78 24.16 22.31 19.00 9.88 19.43 10.09 15.59 18.23 17.05 17.23 15.74 16.68 15.57 9.45 10.67 9.83 9.32 5.83 7.26 13.22 13.74 11.98 7.67 9.81 12.04 15.88 15.79 13.25
1.71 2.33 4.01 5.76 7.65 7.46 7.46 8.19 9.01 9.41 8.79 9.76 12.01 11.78 6.21 6.83 9.37 12.87 16.39 16.13 15.06 15.30 13.42 14.97 18.94 21.85 16.22 12.32 12.54 11.47 10.83 7.43 7.60 14.09 5.86 5.04 5.58 6.31 16.97 9.97 10.96 11.14 11.56 12.04 20.24 19.57 18.77 20.46 25.63 25.71 26.76 13.68 12.21 20.60 10.41 10.25 10.42 19.56 16.26 16.54 14.72 14.44 14.06 7.35 6.90 8.68 10.06 9.84 11.41 11.78 13.15 10.84 9.22 10.29 11.53 14.30 14.59 14.45 14.75
3.08 1.89 2.07 5.94 4.06 5.46 7.06 8.77 9.64 9.86 8.80 8.31 10.87 12.89 8.89 8.64 9.70 12.08 16.00 19.62 19.30 16.38 14.56 11.27 16.25 18.87 14.44 12.93 12.46 12.75 13.12 12.04 8.83 13.87 11.59 6.86 6.87 7.55 17.95 9.81 9.51 9.57 10.75 18.51 20.55 23.58 23.33 25.75 25.89 26.32 15.53 15.18 14.12 13.53 11.60 11.20 11.41 11.38 10.98 15.64 12.20 12.57 11.41 14.81 13.93 12.76 12.68 12.17 13.58 12.92 12.82 8.18 10.80 12.21 11.69 12.91 11.17 9.21 10.21
1.29 1.91 3.67 4.65 2.49 4.00 5.92 7.81 8.98 9.76 9.70 8.49 10.47 12.56 10.85 8.91 10.20 12.59 15.67 18.86 20.20 18.71 16.45 14.49 10.42 17.05 22.95 13.52 14.93 15.20 13.45 12.55 9.97 13.12 15.71 8.33 8.67 13.93 15.28 10.51 9.80 16.76 13.74 15.86 20.53 23.18 22.73 24.36 25.03 25.35 15.44 14.63 14.18 13.49 12.13 19.45 18.80 17.40 17.16 8.48 7.65 14.20 9.68 9.60 10.19 12.64 13.69 12.97 13.66 12.51 9.54 9.32 10.39 9.18 11.48 12.56 11.17 10.60 8.84
0.79 3.43 2.88 2.97 4.31 5.30 5.23 7.23 8.32 9.28 10.05 8.90 8.93 10.78 12.34 10.09 10.68 12.38 14.16 16.52 19.04 19.69 18.34 15.30 14.37 19.99 23.46 12.53 16.64 15.94 14.74 11.45 10.54 10.56 14.99 9.65 10.67 18.88 11.10 10.41 9.87 15.47 16.56 19.91 20.19 20.70 19.75 22.90 24.71 26.94 14.81 13.67 13.05 12.35 11.44 19.04 17.12 16.62 7.93 7.84 7.87 12.10 9.80 8.50 7.97 12.38 12.85 10.28 9.74 6.66 4.20 5.80 6.33 5.74 5.70 8.37 6.21 9.89 9.77
1.35 0.33 1.90 2.66 3.16 4.12 3.33 4.38 6.09 8.27 9.39 7.64 7.78 9.25 11.71 12.38 12.04 12.66 13.71 15.40 18.35 19.91 18.87 18.12 19.07 24.03 25.57 11.77 14.77 15.39 14.16 11.75 11.04 14.04 16.89 14.10 20.26 18.77 12.53 12.76 15.90 19.34 19.88 21.17 21.36 23.37 24.56 25.84 26.61 14.98 14.15 12.84 12.16 11.66 11.45 10.42 9.12 8.10 8.17 8.11 13.47 14.08 12.67 9.71 8.09 6.81 7.24 7.04 6.28 4.83 1.32 3.49 2.82 3.71 3.92 8.19 6.86 7.13 9.66
2.70 5.93 4.14 2.77 1.23 2.05 3.08 2.52 2.81 6.00 8.04 7.69 8.03 7.49 8.87 11.25 11.83 12.85 14.21 15.79 19.14 20.52 19.05 18.44 20.68 26.67 29.54 19.89 15.81 15.86 14.36 15.32 14.44 16.40 20.16 23.18 20.09 15.91 14.21 15.73 18.41 21.06 21.78 22.34 22.98 24.43 24.35 25.09 25.40 14.65 13.88 12.41 11.60 11.61 11.14 10.29 9.36 9.03 8.80 8.52 8.05 10.46 6.16 5.37 5.86 11.69 7.13 6.35 3.34 6.06 6.06 4.79 2.96 4.27 3.34 1.52 2.84 9.30 4.17
6.99 6.12 4.59 3.34 2.58 2.09 2.90 4.24 4.10 3.91 7.33 8.07 8.02 5.30 5.79 9.08 11.13 12.14 13.96 15.78 18.73 19.67 18.60 15.97 14.59 20.67 25.99 26.48 21.64 20.94 17.04 18.71 19.09 20.56 21.21 20.64 15.46 14.13 16.16 17.55 18.76 21.34 21.09 20.48 21.00 21.65 20.74 22.35 24.31 14.17 14.00 12.71 12.10 10.69 11.07 10.25 9.52 8.88 7.80 6.45 5.68 5.18 9.02 3.68 3.46 4.86 6.44 6.93 0.96 2.68 3.59 3.09 3.01 2.47 2.94 4.39 5.71 9.09 8.00
6.19 6.24 4.33 3.85 3.41 2.59 2.36 3.25 5.77 5.14 6.49 7.57 7.96 7.71 6.73 8.29 10.69 11.39 12.49 13.77 16.25 17.49 16.87 14.54 10.57 12.08 17.84 19.25 25.57 20.02 23.58 22.75 23.61 23.94 23.37 20.10 14.87 14.85 16.05 16.54 17.64 17.97 17.85 19.45 21.64 21.93 21.76 26.81 13.78 14.66 15.57 15.00 13.31 11.79 10.71 9.29 8.28 7.45 6.79 6.20 5.74 5.40 4.16 3.21 2.63 3.06 2.22 1.01 1.40 2.41 1.19 3.58 7.01 7.39 6.56 6.59 6.37 5.94 6.37
1.60 4.02 4.73 4.27 3.64 3.73 2.26 1.26 2.51 3.38 4.73 6.33 6.77 6.64 7.05 8.16 11.90 13.61 13.84 15.08 17.04 16.62 14.21 14.37 12.04 12.45 14.78 15.52 25.24 22.83 29.43 27.32 26.25 25.92 23.68 17.96 13.52 16.03 13.14 12.89 13.29 14.13 16.01 18.41 20.41 22.32 25.13 14.81 16.44 17.44 17.70 17.36 15.10 12.03 9.93 8.75 8.00 7.53 7.16 11.67 10.60 8.39 3.59 7.27 6.98 6.25 5.93 5.93 8.32 9.78 10.65 14.28 13.82 8.71 6.76 6.13 6.71 6.85 7.25
1.52 1.02 3.52 2.98 2.77 3.12 3.26 1.82 1.29 1.95 1.80 3.90 3.78 3.94 5.98 6.94 10.39 13.93 15.86 18.81 20.82 19.07 17.08 16.43 14.64 15.48 16.74 14.53 21.41 27.22 32.74 25.32 27.46 25.38 21.58 16.14 17.12 19.12 12.26 10.02 9.46 11.18 13.82 15.26 16.27 17.88 20.67 16.57 18.89 19.95 19.18 18.15 16.11 12.35 10.48 9.82 9.44 9.38 8.68 13.39 10.88 8.78 3.28 8.12 7.05 5.37 4.38 2.80 1.86 2.56 3.90 3.59 4.32 4.11 3.19 3.60 3.36 2.66 5.99
2.37 1.96 2.41 3.87 3.88 4.33 3.63 1.99 0.80 1.77 1.50 1.97 3.73 4.31 4.39 5.56 6.63 9.92 14.41 19.51 22.99 22.70 22.13 21.64 20.49 18.70 11.27 15.00 22.53 28.50 30.02 27.31 29.07 24.63 22.22 21.13 21.20 18.52 14.42 13.10 8.67 9.24 11.87 12.45 12.27 10.66 9.97 12.91 15.00 18.35 20.86 21.55 20.98 18.30 15.66 14.14 12.90 11.37 15.07 13.43 12.14 11.09 9.52 7.45 6.36 2.41 3.48 5.75 8.14 10.82 11.47 10.22 9.61 5.05 1.79 4.44 2.25 6.67 8.53
1.65 2.45 4.44 3.32 2.35 2.07 2.37 2.55 1.11 1.09 1.22 2.69 4.23 3.22 3.06 4.22 4.60 5.78 8.10 12.62 17.50 21.38 23.80 24.03 18.57 12.40 14.77 16.44 22.08 24.84 29.16 29.12 29.96 25.04 22.15 20.56 17.90 12.58 8.87 7.24 8.39 10.91 11.56 10.61 11.79 6.54 7.29 6.89 8.07 11.13 16.35 20.86 24.17 24.88 22.72 19.22 15.28 11.95 9.89 8.43 7.20 10.94 9.83 8.33 7.63 6.81 5.08 4.52 4.79 4.67 9.52 16.65 16.35 16.32 15.55 1.19 3.88 7.19 8.11
3.06 3.85 0.56 5.33 3.81 0.69 0.31 0.38 1.03 1.72 2.26 3.31 0.86 0.50 1.97 3.49 3.90 5.20 5.50 6.74 10.62 15.56 21.64 28.44 25.42 16.62 14.99 18.40 19.63 17.71 23.46 27.41 30.23 25.81 21.47 19.10 14.34 8.85 8.78 10.28 11.53 11.90 12.38 11.78 14.81 13.05 12.29 4.36 5.12 5.53 4.59 8.03 13.84 18.51 19.83 19.08 16.08 12.38 9.66 7.49 6.04 5.15 10.89 10.33 7.43 5.91 5.74 3.65 11.39 14.13 16.39 16.96 16.97 4.07 8.11 8.91 8.43 6.91 6.24
