examples/cougarCreek-fire/createInputs/WindNinja/wrfout_d3.2015080912.f16/cougarCreekFire_08-10-2015_0400_217m_non_neutral_stability_vel.asc
ncols	146
nrows	140
xllcorner	610065.000000
yllcorner	5095217.000000
cellsize	216.586807
NODATA_value	-9999.000000
[rows 70 to 104 of 140, columns 0 to 78 of 146]
13.62 11.89 18.65 33.87 38.59 34.19 29.82 28.77 29.96 30.93 31.07 30.87 32.92 34.45 34.39 26.35 18.17 5.06 14.04 15.89 13.24 11.23 6.42 5.99 4.14 4.90 18.11 22.84 25.31 21.57 19.72 25.19 24.88 19.31 16.81 14.59 15.70 15.57 11.78 13.71 18.32 19.34 20.72 20.32 16.86 13.08 12.53 9.43 9.51 6.60 5.42 7.26 5.37 2.41 1.26 4.61 3.63 11.20 9.61 9.45 9.27 9.32 9.30 9.84 10.90 11.98 12.94 9.90 13.08 13.28 14.13 15.54 13.30 14.43 14.54 14.70 14.55 14.61 20.29
11.79 12.96 25.58 32.67 36.14 30.98 26.82 26.11 27.28 28.27 27.30 27.24 28.80 32.98 32.95 22.56 16.18 5.45 14.08 14.84 13.86 10.04 5.34 5.84 1.70 4.82 17.19 23.96 24.62 18.85 20.13 26.61 24.28 17.72 15.55 15.92 16.55 14.42 10.19 17.40 15.71 14.17 20.16 18.93 21.13 15.26 12.68 12.85 11.46 9.64 7.30 5.73 3.92 2.74 4.53 3.40 5.76 3.61 9.66 9.64 8.84 8.34 8.35 8.94 9.99 11.18 12.12 12.58 8.73 12.61 13.25 14.70 12.28 12.00 12.51 14.48 16.14 15.61 15.57
14.03 19.03 30.49 32.33 32.58 28.51 25.81 25.10 26.43 26.45 24.82 24.75 27.11 31.79 30.69 17.33 13.41 5.08 13.13 14.79 14.39 6.70 5.03 7.19 3.52 15.69 19.43 24.02 20.55 18.30 21.58 27.11 23.06 14.98 12.40 15.32 18.38 16.98 9.28 17.10 15.61 15.31 17.27 21.59 22.71 18.62 15.83 13.42 11.37 10.04 9.30 7.22 4.84 3.58 4.10 5.77 6.00 9.81 4.40 9.65 8.78 7.60 7.43 7.89 8.72 10.13 11.56 12.44 12.70 12.72 11.16 12.11 10.50 9.39 10.05 17.54 17.14 17.02 17.70
16.98 23.20 29.18 31.07 29.16 26.43 24.91 25.16 26.39 25.13 23.70 23.77 26.48 31.18 29.09 16.39 11.93 4.56 10.27 15.40 11.82 4.32 8.58 8.53 7.07 21.18 20.33 19.43 19.81 19.23 24.20 25.99 21.00 11.51 17.52 16.34 20.30 18.70 9.32 16.96 15.00 15.83 14.98 17.86 19.37 22.04 18.05 12.11 10.75 10.36 10.37 8.24 5.82 9.68 1.79 5.82 5.73 9.04 9.63 9.30 8.66 7.37 6.57 6.69 7.32 8.63 10.36 11.89 12.52 12.86 8.33 8.91 9.97 10.63 11.21 13.66 17.13 16.75 18.19
19.35 21.89 26.77 28.06 26.50 24.50 24.60 24.61 24.59 22.95 22.14 23.14 25.70 30.47 28.26 17.53 12.55 0.76 8.31 16.34 7.13 12.27 9.06 6.77 17.57 23.87 19.96 17.35 20.94 22.02 25.96 24.93 19.85 16.17 19.00 17.53 20.77 18.02 9.46 18.00 19.32 15.87 10.81 15.80 21.65 23.52 20.03 15.16 11.02 8.47 11.91 9.92 7.60 4.24 9.51 4.19 4.53 8.54 9.16 7.78 8.85 7.07 5.63 5.52 6.29 7.47 8.97 9.19 10.30 12.90 13.52 13.21 13.87 14.02 13.35 13.85 16.17 16.32 17.07
23.23 22.62 25.93 26.78 26.30 23.91 22.69 23.00 21.97 19.40 19.04 25.76 27.21 28.83 26.36 17.39 12.57 6.65 11.89 14.33 5.52 13.07 10.56 10.42 20.41 13.15 16.37 14.45 17.73 19.91 23.67 23.69 14.19 20.21 15.81 20.73 19.76 15.64 10.72 14.97 20.73 17.65 12.13 15.07 19.38 16.26 20.60 16.61 12.79 9.95 11.59 8.98 7.12 5.27 10.12 2.95 5.91 6.19 3.21 7.06 8.12 6.37 4.94 4.67 5.37 6.61 8.09 9.55 7.56 11.67 14.71 14.92 14.41 14.46 15.10 14.81 15.12 17.02 16.16
22.71 22.84 25.53 26.70 24.65 22.01 20.35 21.49 19.46 18.25 22.09 26.78 26.89 26.23 23.52 15.89 7.29 2.81 9.41 10.50 5.88 13.65 12.20 21.39 11.32 14.29 12.74 14.75 19.10 17.39 21.11 21.99 18.32 20.75 21.43 22.60 19.99 12.96 11.85 16.30 17.60 16.98 14.08 11.60 17.84 20.76 21.22 17.36 14.29 7.49 8.51 8.62 7.20 5.97 4.40 3.06 6.21 8.58 3.86 2.25 7.15 6.08 4.62 4.17 4.64 5.87 7.29 6.77 9.97 8.43 13.15 14.81 15.20 14.81 17.11 18.27 14.47 16.42 17.60
24.17 23.56 25.53 25.46 22.60 19.81 18.49 20.83 18.08 18.01 22.41 26.87 24.98 26.09 20.41 13.60 4.63 2.18 7.44 6.74 6.81 11.26 14.31 14.38 21.37 12.50 12.37 14.28 15.56 14.51 18.86 20.99 18.52 17.48 22.47 22.92 19.92 12.34 11.79 17.61 14.99 16.23 12.94 12.71 17.63 19.34 14.11 18.03 16.11 7.63 6.84 8.13 5.59 5.01 4.81 3.75 7.91 5.48 6.56 6.64 9.61 5.28 4.01 3.91 4.31 4.82 5.44 6.19 5.46 6.28 10.30 13.33 15.69 15.32 18.27 14.72 16.10 16.71 14.60
23.58 23.17 24.32 23.68 20.70 17.75 20.10 20.79 16.73 19.10 23.20 25.68 23.25 25.78 18.02 12.03 3.32 2.19 4.29 5.42 12.90 22.01 15.91 21.73 18.31 13.19 13.56 13.64 14.00 12.83 20.78 22.57 17.87 20.33 23.44 23.26 20.17 12.35 14.64 18.01 20.08 18.60 12.47 13.26 11.08 17.97 13.58 17.44 17.96 9.98 7.76 9.63 7.20 5.22 5.05 4.67 10.15 9.57 5.64 5.21 4.19 6.81 3.55 4.02 4.58 4.79 6.02 5.30 8.33 9.72 11.06 7.33 12.25 13.82 18.36 13.97 14.62 14.50 13.97
22.95 22.68 23.46 22.45 20.07 19.24 19.67 20.18 18.75 19.37 20.38 23.10 21.50 21.55 15.97 16.38 4.62 15.90 3.78 19.62 21.79 23.63 20.46 20.83 16.28 12.39 12.13 11.85 14.18 12.73 15.42 23.47 21.26 18.93 24.68 22.71 19.82 12.06 13.29 17.47 19.36 20.21 16.56 13.22 16.58 7.70 10.36 12.12 18.41 17.70 9.79 11.99 9.87 3.79 11.46 9.86 7.72 11.41 3.25 6.04 4.14 6.58 6.82 7.18 4.83 4.76 5.36 6.42 7.76 9.25 10.73 11.82 12.34 10.33 16.56 18.40 13.20 13.33 13.50
22.16 21.34 22.58 23.05 20.14 15.09 16.02 20.23 18.62 16.89 19.70 21.55 22.34 21.29 14.55 4.36 14.29 15.66 17.61 20.63 23.19 14.76 23.61 19.07 15.44 11.47 9.72 9.92 14.50 15.13 13.97 20.70 20.38 16.14 24.12 22.22 19.45 11.56 14.61 16.70 17.35 15.61 20.42 15.02 12.06 10.65 7.76 16.69 17.18 14.65 14.76 11.89 12.78 10.46 10.79 9.11 6.23 5.21 1.38 4.11 3.32 2.92 3.04 12.47 4.32 3.80 4.38 5.94 7.41 8.72 10.02 11.24 12.10 12.48 10.04 15.53 11.82 12.03 15.73
22.69 19.63 21.96 17.05 19.61 14.27 15.30 16.98 20.32 20.29 16.96 18.66 22.93 20.48 13.63 1.84 15.04 16.02 18.64 22.15 16.15 24.25 21.95 16.95 14.79 13.62 5.57 12.11 17.58 20.74 13.09 16.08 16.40 18.09 22.63 22.13 16.49 14.52 15.68 18.12 16.42 15.82 17.02 19.71 17.73 8.22 7.31 15.93 17.87 15.37 11.68 14.16 13.31 9.94 10.27 8.44 6.57 5.06 4.47 4.35 3.64 2.89 2.63 3.64 9.19 3.24 3.60 5.60 7.21 8.24 9.27 8.10 11.23 11.92 12.26 12.16 11.54 11.37 12.14
22.28 19.20 21.50 21.82 19.97 15.07 15.65 18.21 20.65 20.33 15.32 17.95 22.37 18.60 13.44 3.18 15.37 16.99 20.20 16.08 19.31 23.37 20.10 15.44 14.02 11.37 6.94 21.66 19.16 22.04 13.36 15.90 16.39 20.31 20.47 20.28 14.58 14.81 16.98 19.48 15.56 16.69 16.87 18.41 18.93 12.37 8.19 16.09 18.81 17.17 14.54 11.14 9.72 10.81 9.90 7.42 7.65 6.67 5.49 5.42 11.30 3.42 2.07 2.77 3.60 3.56 3.68 11.61 6.83 7.58 8.56 9.25 14.05 10.90 11.61 11.84 18.03 10.93 18.01
19.41 18.30 21.38 20.61 17.13 16.48 14.53 17.52 20.43 19.45 14.58 18.45 21.23 16.39 13.24 15.05 16.33 18.06 20.60 19.91 22.19 22.50 18.23 14.42 16.83 5.24 7.20 11.43 17.98 21.14 11.85 15.16 20.70 17.42 14.95 16.94 13.96 15.14 15.66 17.54 17.01 18.91 17.08 17.62 17.36 16.26 6.25 16.11 18.66 14.01 17.90 14.91 11.52 12.05 9.42 7.28 7.61 5.15 5.10 5.41 4.70 9.24 2.29 1.38 3.31 7.84 4.37 8.55 6.22 7.07 7.83 8.43 15.23 13.47 10.01 11.45 11.83 16.73 16.61
21.39 17.86 21.23 19.76 16.27 16.66 16.08 16.48 19.86 14.18 15.13 19.62 23.88 15.53 13.81 16.01 17.50 18.47 13.93 20.06 23.07 20.95 16.78 13.89 12.36 5.74 5.61 9.87 16.06 21.54 14.95 16.84 22.62 15.63 12.66 11.20 11.93 14.06 13.70 22.20 22.51 21.07 21.34 16.86 15.15 17.70 10.00 15.69 18.11 12.71 18.31 12.66 13.23 12.15 10.22 8.69 7.63 7.61 6.70 5.44 4.88 7.49 3.55 7.84 2.51 5.33 7.59 8.98 8.49 6.31 7.18 7.95 11.63 15.74 14.45 13.16 12.06 15.36 15.54
22.16 18.85 20.07 17.20 17.44 16.89 14.35 15.33 18.18 13.55 16.52 20.36 19.29 20.44 10.33 16.21 14.54 14.63 18.69 23.13 22.29 18.70 15.30 13.99 11.86 4.47 5.45 9.63 14.53 21.12 18.70 13.77 20.24 19.54 12.08 10.87 11.18 12.82 12.51 22.12 23.10 19.76 16.42 11.50 13.56 15.55 11.47 6.89 17.63 18.12 18.29 11.74 13.85 13.06 11.86 10.52 5.88 8.13 7.59 6.64 5.75 7.77 4.71 4.52 16.75 14.13 7.69 8.69 9.20 9.67 8.62 7.45 5.97 9.93 15.14 12.12 12.24 13.48 8.73
22.84 20.00 17.94 16.40 20.34 17.51 14.30 15.60 14.36 13.50 17.48 20.15 17.21 18.80 14.83 13.39 14.54 19.01 19.42 21.30 21.09 17.13 14.18 13.88 11.11 3.94 4.64 8.82 12.63 19.48 17.95 11.72 17.25 21.77 13.16 11.07 11.22 9.35 18.44 21.70 24.05 20.72 16.65 9.21 10.52 16.07 12.84 16.05 17.10 18.60 16.00 17.95 19.77 14.38 13.06 11.77 10.20 5.57 8.81 8.20 6.84 5.79 5.58 5.13 11.22 17.64 9.31 9.02 10.87 11.67 4.91 13.91 11.18 8.85 11.22 13.03 13.23 14.64 6.60
23.71 18.80 16.35 17.71 20.74 16.31 13.37 13.02 12.76 13.74 17.76 19.50 15.35 21.11 17.78 15.08 15.12 22.18 19.08 20.44 18.79 15.73 13.88 9.83 7.33 3.23 4.50 7.72 10.68 13.84 11.02 13.69 19.97 20.14 19.07 11.34 13.29 9.63 9.29 20.81 24.06 22.26 18.48 8.08 9.85 15.93 10.53 16.67 9.04 11.97 14.16 18.63 16.06 14.67 13.96 13.18 11.46 9.91 9.60 7.30 9.00 6.79 6.34 5.23 11.96 3.17 10.36 9.48 10.85 10.98 12.65 9.42 8.57 8.17 8.42 7.34 6.98 11.57 14.04
23.55 17.80 17.66 21.46 19.93 20.27 16.22 14.97 12.60 13.81 17.61 18.96 14.48 18.81 20.79 15.38 16.79 17.65 18.24 19.38 16.74 14.06 13.14 11.61 5.03 1.54 5.97 7.67 9.29 9.73 9.73 12.35 19.39 19.91 20.34 11.65 14.21 12.44 18.52 20.69 23.49 23.18 20.20 8.40 11.06 14.30 12.19 10.14 9.72 19.44 12.82 17.68 16.76 17.75 8.30 14.38 10.45 8.44 10.75 8.42 8.17 7.48 8.01 6.38 11.71 16.39 11.94 10.77 11.60 11.22 11.19 10.51 11.17 13.25 8.11 8.79 9.53 9.62 9.44
18.28 17.04 22.33 22.88 18.45 19.61 17.48 15.53 12.26 13.48 16.94 21.75 14.36 11.24 20.52 14.32 18.66 17.54 17.41 17.91 15.63 13.31 12.11 7.53 1.58 16.06 17.87 12.90 11.40 9.99 20.33 13.64 17.59 19.37 17.19 13.03 12.75 12.87 20.37 21.51 23.05 17.41 21.73 9.33 11.62 16.59 16.30 9.47 9.67 10.78 12.27 15.61 17.20 14.84 9.85 14.53 9.94 9.23 7.20 8.71 11.84 7.53 7.91 10.60 13.08 12.25 15.20 11.99 13.65 12.98 9.67 12.09 11.77 10.95 7.45 11.11 9.72 5.67 10.39
17.39 16.29 22.28 22.71 17.94 18.04 16.56 15.79 12.20 13.26 16.54 21.52 14.15 10.37 21.45 16.93 19.79 17.17 16.61 16.36 14.51 13.08 14.31 1.38 14.47 16.45 18.25 10.19 13.65 11.39 10.87 14.96 16.24 19.65 17.26 16.90 10.16 12.70 21.43 22.32 22.56 16.16 22.30 15.43 11.56 18.69 19.12 9.97 19.58 19.49 11.64 15.05 17.73 15.35 14.58 8.58 13.63 9.93 11.52 11.07 12.15 15.30 8.78 10.54 11.23 12.51 16.98 15.20 16.11 15.40 16.08 11.01 5.85 5.17 6.05 11.05 10.47 10.74 10.92
15.66 15.11 20.98 21.58 17.99 17.37 16.20 17.55 12.17 13.51 16.87 17.42 13.09 10.28 12.40 17.10 20.26 16.00 15.59 15.13 13.15 12.04 9.38 1.57 14.52 17.17 8.08 10.99 10.55 11.12 14.58 17.11 16.86 17.96 18.45 15.58 9.20 12.52 21.64 10.56 15.13 14.95 21.88 17.62 11.96 17.83 11.71 19.65 19.53 19.30 20.11 20.08 22.80 20.15 16.12 10.67 9.12 10.77 9.52 11.57 11.23 10.46 13.85 10.38 12.99 4.32 14.39 8.69 10.03 9.86 8.00 14.36 5.17 4.05 14.38 9.92 10.90 11.09 10.17
19.56 14.83 20.43 22.55 21.95 21.66 16.10 15.93 18.18 13.12 16.48 23.92 11.95 18.85 12.10 20.27 15.75 20.65 14.49 13.89 11.79 11.44 6.72 12.98 14.13 17.27 15.47 12.32 8.65 10.17 19.21 19.49 18.85 18.58 17.28 12.43 8.25 13.35 10.63 21.73 14.16 15.08 20.93 19.72 18.63 13.11 11.77 11.43 19.68 19.82 20.49 20.03 22.11 17.31 16.31 17.76 11.80 12.35 10.04 7.95 9.70 13.27 11.21 11.42 15.72 5.12 3.62 16.41 10.29 10.05 8.52 14.75 4.79 2.99 10.61 9.03 15.19 13.21 12.78
19.57 12.20 12.73 12.29 20.29 21.81 14.60 10.01 16.38 12.26 19.00 21.03 11.53 17.45 16.77 18.50 16.40 13.99 13.61 12.79 10.94 11.11 5.63 3.83 13.91 16.83 14.32 11.85 11.87 13.44 17.04 17.87 16.90 13.38 10.32 11.82 19.27 19.58 20.90 21.44 19.83 18.79 19.53 19.32 17.65 11.32 11.22 19.54 19.82 20.29 21.02 15.31 20.10 18.28 16.63 15.24 16.09 19.17 11.96 9.49 9.46 10.66 13.60 14.54 13.29 13.02 12.38 7.86 16.44 9.35 7.96 16.53 3.62 2.25 9.88 12.84 11.44 6.22 7.86
11.62 12.67 12.87 11.28 23.23 21.45 14.50 9.10 10.02 11.47 13.91 18.73 17.69 15.99 16.47 17.48 15.28 15.19 13.50 12.21 10.98 9.79 8.56 5.91 14.25 16.73 12.72 14.93 16.99 15.01 13.48 16.90 11.14 7.79 18.10 18.27 18.32 18.44 20.41 21.64 19.09 17.14 18.17 19.07 18.34 18.05 18.58 18.90 19.50 20.10 20.56 16.42 20.60 18.97 17.32 15.64 19.59 13.82 16.40 12.68 10.08 13.90 18.77 8.90 7.43 14.51 17.09 13.68 17.76 10.44 9.67 16.22 2.10 10.61 12.49 11.77 7.48 11.79 9.72
16.34 12.10 22.34 9.23 21.25 19.30 7.28 11.28 9.75 9.42 16.53 16.68 15.40 16.93 15.88 17.01 18.14 14.37 13.43 11.45 10.76 13.93 7.94 13.17 14.82 17.00 14.83 16.47 15.19 8.12 17.85 12.71 7.91 8.13 17.19 17.54 17.60 17.36 19.33 21.50 19.78 17.72 17.61 17.86 18.13 18.41 18.43 18.38 18.96 19.68 19.73 19.21 18.82 18.64 17.70 16.27 15.12 14.03 13.01 12.32 15.02 13.79 16.80 9.14 7.64 5.59 4.36 12.17 12.39 12.08 10.48 11.32 11.89 12.25 14.95 16.43 6.05 6.66 7.56
10.90 10.59 22.17 19.63 19.63 18.67 6.89 12.38 11.43 14.20 14.62 18.90 16.31 16.25 17.10 16.08 17.27 12.89 12.76 10.08 9.17 6.99 11.92 13.34 15.71 16.49 17.55 15.96 12.02 4.01 7.78 8.21 5.19 16.25 16.42 16.68 16.57 16.74 19.02 21.24 20.00 18.26 17.50 16.97 17.51 18.40 18.50 18.21 18.58 19.43 19.56 19.07 18.52 17.99 17.43 16.54 15.42 14.26 13.10 12.03 18.33 14.40 10.15 9.21 14.56 6.10 3.95 2.50 1.82 12.71 12.07 12.15 8.95 13.88 17.17 14.42 5.60 6.09 6.97
11.28 10.16 21.86 19.95 18.24 16.32 15.28 7.66 14.04 17.20 9.18 16.03 15.56 18.49 9.32 19.21 15.15 15.81 11.56 15.76 8.44 9.91 11.69 13.85 15.91 17.31 14.16 13.18 6.86 14.76 7.35 14.39 15.12 15.36 15.60 15.82 15.62 16.28 18.99 20.76 19.46 17.83 16.83 16.15 16.67 17.83 18.28 18.24 18.50 19.33 19.78 19.41 18.63 17.84 17.46 16.86 15.63 14.29 13.15 12.05 11.12 10.73 10.19 9.31 8.27 6.80 4.84 3.14 1.89 0.72 0.61 1.64 2.59 11.75 9.06 16.50 17.52 5.56 6.01
11.54 10.14 8.39 19.29 20.23 6.87 14.62 8.09 8.06 8.91 16.41 11.85 16.60 18.60 9.68 9.59 19.97 15.42 14.74 11.12 9.37 10.66 11.94 13.15 13.71 17.95 15.37 14.61 9.06 8.76 7.15 14.09 14.59 14.97 15.11 15.02 14.90 15.44 17.81 20.30 20.04 17.77 15.68 15.05 15.82 17.00 17.79 18.21 18.65 19.42 19.97 19.54 18.55 18.05 17.94 17.29 15.92 14.46 13.37 12.34 11.24 10.43 9.85 9.23 8.39 7.07 5.24 3.66 2.43 13.32 1.83 2.20 2.52 13.85 13.24 18.30 16.86 4.80 5.15
9.62 19.39 7.25 19.18 16.91 7.67 18.67 7.63 7.81 20.23 19.22 10.61 17.66 21.94 10.22 19.49 19.64 19.67 15.81 8.68 9.62 6.08 12.00 11.71 12.11 15.59 11.65 11.77 14.00 10.09 6.57 5.17 14.54 14.82 14.70 14.18 14.01 14.44 16.47 20.40 21.51 17.58 14.07 13.81 14.86 16.14 17.04 17.62 18.64 19.97 20.30 19.21 18.35 18.58 18.64 17.67 16.16 14.68 13.67 12.66 11.36 10.37 9.70 9.15 8.49 7.25 5.64 4.30 3.30 2.63 2.24 1.85 12.77 11.33 11.47 12.20 16.33 17.08 4.53
7.11 19.36 5.56 21.81 5.94 12.67 19.42 12.89 22.06 7.83 8.88 11.84 18.46 11.38 18.52 8.42 16.08 17.08 15.89 9.27 9.30 10.40 10.71 16.88 10.32 10.32 11.44 15.33 16.37 9.52 13.62 14.11 14.58 14.59 14.10 13.15 12.68 13.12 15.14 20.16 21.90 15.88 11.83 12.50 13.87 15.30 16.09 16.56 18.13 20.59 20.77 18.81 18.26 19.34 19.39 17.87 16.24 14.88 13.93 12.97 11.63 10.55 9.86 18.02 8.56 7.37 5.92 4.92 4.19 3.36 2.41 1.67 1.91 2.68 3.67 10.26 12.05 13.43 5.01
7.95 6.90 5.46 21.88 6.24 17.92 20.14 7.43 7.11 22.52 7.79 18.26 16.63 18.69 20.53 20.08 15.55 16.57 15.28 17.67 9.05 9.03 9.15 10.39 12.73 13.76 13.01 16.78 16.66 7.32 14.12 14.33 14.43 14.23 13.52 12.23 11.57 11.85 14.29 20.59 21.06 13.76 10.64 11.80 13.36 14.79 15.27 15.58 17.64 20.87 21.36 19.22 18.62 20.06 20.03 18.07 16.29 15.15 14.29 13.32 12.09 10.95 10.19 9.53 8.79 7.57 6.13 5.54 5.07 3.97 2.87 2.19 12.16 11.73 10.67 9.17 10.41 12.63 17.04
7.39 6.94 6.52 5.86 7.31 16.76 7.70 18.06 17.93 20.66 6.59 19.92 19.08 19.40 18.07 12.52 8.92 19.38 16.82 15.74 8.55 10.85 3.62 11.49 13.25 13.07 12.39 16.30 11.88 14.00 14.62 14.17 13.81 13.79 13.30 12.14 11.78 13.00 16.19 20.27 19.25 14.18 11.66 11.96 13.20 14.40 14.78 15.20 17.41 20.56 21.63 20.19 19.55 20.65 20.36 18.23 16.31 15.41 14.86 13.97 12.74 11.40 10.41 9.83 9.27 7.99 17.22 16.29 15.42 16.02 14.68 13.85 12.86 12.20 11.06 11.40 12.00 11.30 13.57
6.99 7.06 7.29 6.94 21.00 7.25 22.99 20.38 17.36 6.07 7.20 13.03 9.40 19.17 18.28 12.78 9.75 18.72 7.88 14.38 12.66 8.22 3.18 7.20 12.23 10.81 13.12 15.98 10.76 14.23 12.00 11.96 13.34 13.56 13.41 12.75 12.69 14.07 16.14 18.04 17.87 15.29 13.02 12.61 13.30 14.05 14.53 15.27 17.18 19.82 21.34 21.06 20.93 21.43 20.60 18.27 16.22 15.49 15.48 14.93 13.45 11.84 18.42 10.30 9.89 17.31 17.41 16.18 15.70 15.74 15.02 13.99 11.83 12.47 12.85 12.65 13.09 15.82 14.20
6.23 5.76 5.30 5.56 6.31 18.97 6.44 19.04 21.69 7.29 8.71 10.31 16.65 21.38 10.77 17.78 18.63 19.51 7.99 17.70 6.60 5.37 3.16 12.63 16.05 10.66 13.90 18.33 12.16 12.35 17.91 13.45 13.53 13.51 13.47 13.02 12.74 13.83 15.40 16.40 16.53 15.05 13.33 13.06 13.54 13.97 14.52 15.47 17.19 19.33 20.59 21.20 22.30 22.77 21.33 18.36 15.88 15.49 16.11 15.91 14.24 12.36 11.35 11.02 10.44 18.31 17.38 16.65 7.53 6.48 15.48 14.61 14.17 12.90 12.56 12.38 12.60 13.77 14.76
