examples/cougarCreek-fire/createInputs/WindNinja/wrfout_d3.2015080912.f16/cougarCreekFire_08-10-2015_0400_217m_non_neutral_stability_ang.asc
ncols	146
nrows	140
xllcorner	610065.000000
yllcorner	5095217.000000
cellsize	216.586807
NODATA_value	-9999.000000
[rows 88 to 131 of 140, columns 0 to 95 of 146]
350 350 341 342 344 341 335 337 293 289 283 279 278 308 334 332 322 268 265 259 249 237 225 321 337 269 226 247 289 280 263 271 287 239 269 283 289 291 232 237 234 226 218 252 235 268 276 272 247 227 262 281 223 289 253 222 262 263 219 286 292 294 298 209 321 324 336 340 346 355 11 12 355 328 85 79 77 75 76 352 359 3 8 5 42 22 34 78 77 74 69 61 51 41 34 32
357 353 349 344 345 337 338 340 294 290 284 304 279 279 338 335 324 264 261 254 242 231 222 342 141 239 244 251 290 283 248 282 287 241 235 295 287 285 229 230 228 277 221 269 234 274 280 263 234 242 251 279 225 222 260 225 262 259 287 281 304 285 292 301 308 303 315 325 324 333 356 11 20 12 357 325 339 347 71 336 339 347 80 79 359 76 74 73 74 70 64 52 40 33 30 32
2 356 350 349 348 346 345 339 295 292 286 310 280 281 336 272 326 261 256 249 237 225 316 357 239 244 249 292 287 291 291 292 293 269 231 272 267 273 226 226 226 237 222 257 246 262 275 217 228 229 244 268 228 225 226 271 225 259 223 222 289 300 216 307 317 313 306 312 306 309 321 2 111 103 89 356 355 1 336 81 78 75 74 74 71 70 70 71 70 65 57 47 36 33 34 36
5 356 346 348 346 346 346 341 293 293 289 283 279 279 279 337 319 259 253 246 234 224 332 357 240 246 298 303 300 282 293 295 284 280 258 279 258 271 223 231 235 260 220 268 263 272 233 230 230 231 234 234 266 256 253 261 260 261 276 223 294 273 298 287 319 215 319 309 302 300 305 325 110 113 9 0 355 5 4 329 332 7 356 70 69 70 70 71 67 64 58 50 43 42 41 42
360 10 343 344 350 342 350 340 337 284 281 315 273 327 270 333 262 307 251 244 234 295 355 242 243 247 301 310 293 292 294 286 290 289 274 278 263 241 228 228 246 272 224 227 226 241 231 231 230 232 235 234 268 227 226 277 264 261 281 270 290 304 277 280 313 230 235 325 309 304 310 329 107 108 358 347 334 333 328 325 330 349 1 18 7 21 28 8 68 66 65 64 61 58 53 52
3 320 317 315 340 334 353 288 339 277 344 319 266 332 323 326 329 296 250 244 239 299 330 12 243 247 304 309 307 289 283 271 290 291 275 230 227 227 230 235 235 231 231 232 229 234 237 230 231 233 233 268 269 229 229 229 258 274 275 273 286 284 274 274 285 319 322 312 313 293 296 337 111 102 357 346 341 334 78 72 71 72 74 343 6 19 3 73 67 66 15 69 66 61 56 53
326 320 319 321 345 338 357 291 285 280 272 335 329 323 324 325 323 316 248 244 239 285 338 353 243 250 307 303 293 306 297 280 296 265 233 232 231 229 234 240 240 236 235 232 228 229 232 232 233 234 233 262 264 232 232 232 260 233 265 278 279 298 286 226 228 276 307 311 311 297 294 330 114 359 355 17 81 357 324 66 68 68 69 70 67 3 1 14 71 69 346 69 72 72 56 51
8 317 337 322 345 340 309 12 289 344 343 337 332 319 324 322 328 325 250 242 232 320 336 242 249 255 308 289 241 311 237 292 277 246 235 234 233 233 239 243 240 235 235 232 229 231 234 234 235 236 237 237 237 237 236 235 237 238 239 238 293 275 272 237 236 228 218 289 297 301 298 313 349 348 356 9 71 65 65 323 69 70 337 347 354 64 17 5 8 72 70 359 67 68 61 45
319 318 348 341 344 348 313 13 1 358 328 337 336 320 323 318 337 336 254 242 232 358 246 252 259 258 310 293 319 276 271 281 247 239 238 238 237 237 243 244 240 236 234 231 232 234 235 235 237 239 240 241 241 241 240 241 242 243 243 242 271 269 243 242 270 236 234 234 228 293 298 314 320 322 341 5 63 64 64 327 64 66 66 65 2 15 10 10 64 63 348 1 351 57 51 44
321 325 347 348 341 8 17 312 7 7 287 348 340 330 272 324 332 328 253 300 244 254 259 261 261 310 249 322 287 252 284 247 246 244 244 243 241 241 243 244 242 239 236 234 235 237 237 237 238 240 242 243 243 243 244 246 247 248 248 248 249 249 246 244 243 242 239 238 242 252 3 15 29 318 338 351 11 65 66 351 57 57 56 60 344 60 64 67 11 61 63 58 57 50 43 52
317 329 342 355 352 327 11 320 314 300 359 360 335 323 280 279 335 316 312 348 255 265 270 267 315 306 309 256 314 314 288 247 247 248 248 246 243 241 242 243 243 244 242 239 238 238 238 238 240 242 245 247 246 246 248 251 252 251 252 253 253 252 251 250 250 250 249 253 265 260 333 355 26 313 320 327 358 65 65 6 340 335 54 346 60 356 19 68 65 14 12 57 57 52 51 46
312 348 344 355 26 323 350 319 317 6 13 293 336 316 291 310 324 320 325 273 272 353 268 263 255 317 311 310 316 325 298 318 250 252 251 248 243 239 238 242 250 253 247 241 240 240 240 240 241 246 250 250 247 249 253 255 255 255 256 256 256 256 256 256 257 258 259 263 274 293 317 349 306 305 311 322 339 1 49 46 349 60 340 356 1 345 359 66 70 64 2 59 55 51 61 327
329 8 334 8 339 357 351 12 356 311 305 298 330 297 314 292 326 314 328 277 277 270 259 338 337 320 308 312 312 330 252 255 257 257 255 250 245 241 242 252 263 264 251 244 244 245 244 242 243 250 253 251 250 254 258 259 259 259 259 259 259 260 262 250 266 266 266 269 278 291 307 339 23 37 44 309 325 335 33 47 3 343 340 337 342 346 63 337 65 12 355 62 61 58 65 344
339 339 337 32 334 358 15 322 316 3 291 355 328 334 322 318 326 313 324 342 265 261 256 258 264 265 319 313 311 337 261 263 262 260 257 254 253 256 265 272 271 260 245 244 245 247 245 244 247 251 253 253 256 259 261 262 261 260 260 261 263 265 266 268 269 271 273 276 284 296 312 337 286 286 278 282 305 318 335 0 342 338 329 324 305 54 301 322 58 339 63 347 357 53 61 53
341 350 356 334 336 8 326 4 338 18 288 354 353 341 335 328 284 310 321 318 261 12 34 270 273 270 328 322 325 267 269 267 264 261 260 261 266 274 280 276 264 246 238 242 245 246 245 246 250 253 255 257 260 262 263 262 261 260 261 263 266 268 269 270 272 276 263 263 268 266 266 266 265 276 296 308 313 316 324 343 338 326 325 330 342 28 355 346 340 351 28 280 56 51 336 345
345 351 356 350 30 323 353 359 4 331 311 8 287 330 359 343 286 313 295 315 19 269 102 284 340 337 330 325 314 270 329 321 265 264 264 266 269 271 270 263 251 241 238 241 245 247 248 250 254 257 258 257 259 262 264 264 263 262 263 266 270 272 260 277 280 265 264 266 275 277 277 274 270 276 294 310 319 320 335 352 349 334 329 331 345 52 60 0 6 59 3 338 326 336 355 349
351 353 356 357 331 22 319 341 25 327 322 314 349 340 300 329 319 316 299 339 293 83 41 278 333 337 333 328 332 326 329 324 267 267 267 266 263 261 258 254 250 245 243 244 248 251 253 256 259 260 258 256 257 262 266 268 267 266 268 271 274 277 280 283 286 266 266 273 305 313 286 288 291 291 291 297 316 324 329 340 338 332 335 332 341 3 3 73 349 66 61 358 54 7 341 337
12 6 356 352 349 316 9 328 344 18 318 321 317 9 310 308 325 316 299 339 17 289 285 342 342 281 323 284 335 326 273 272 271 270 268 263 259 259 260 260 257 253 250 251 254 257 260 262 263 263 261 258 258 261 268 273 273 272 273 276 279 284 286 286 276 276 279 303 307 314 326 294 295 297 295 295 301 312 313 313 336 340 339 335 339 350 4 6 354 4 62 358 1 50 57 341
17 12 356 347 349 340 325 325 20 329 14 310 342 0 306 310 329 319 306 320 15 9 339 287 290 341 285 286 341 280 280 279 277 272 267 262 260 264 267 267 263 258 256 258 260 262 264 265 267 268 267 264 261 263 272 280 281 279 280 281 285 288 289 287 287 292 298 304 309 315 325 338 348 304 297 290 288 287 295 322 322 329 334 326 317 319 339 343 342 335 59 357 343 45 62 355
25 10 356 346 345 340 336 336 328 336 15 349 1 298 343 347 304 308 313 316 32 25 290 339 295 289 338 336 283 285 284 281 277 271 268 267 347 262 268 272 266 261 261 263 264 265 267 269 270 271 271 269 268 272 277 283 286 284 284 286 288 290 290 288 290 295 281 282 284 286 289 296 304 307 302 298 300 304 321 331 331 328 335 339 333 44 330 335 346 325 2 15 339 321 337 344
5 355 355 345 341 335 332 338 344 15 331 13 300 355 352 348 325 324 330 327 42 305 352 348 348 353 337 340 288 331 284 277 331 270 272 354 280 281 279 274 269 267 268 268 268 274 270 271 271 272 273 274 277 278 277 278 283 287 288 289 290 292 293 292 293 279 286 291 292 293 293 339 305 308 307 308 310 315 321 327 332 332 332 340 344 349 341 332 342 345 343 346 331 322 322 334
347 346 1 347 341 336 329 331 345 349 352 324 8 356 0 344 296 332 339 342 23 14 335 343 335 341 342 291 287 334 275 333 272 275 337 282 335 282 277 272 272 273 273 273 298 274 273 274 274 275 276 278 278 276 273 273 280 287 291 292 293 298 300 298 298 303 286 289 293 323 302 340 307 352 356 315 311 309 312 322 326 326 326 336 347 359 357 354 4 354 343 338 344 339 343 348
332 342 346 356 343 339 332 328 344 356 1 329 6 318 315 342 338 7 297 344 5 353 342 342 345 335 338 337 333 339 339 280 350 352 340 343 334 279 320 273 277 277 277 323 315 302 277 278 279 280 280 281 279 276 276 279 284 291 295 296 299 304 307 305 304 308 286 286 291 295 295 289 288 295 308 312 309 306 312 315 321 328 331 335 340 355 355 353 355 358 355 358 342 347 354 346
320 332 348 350 341 335 334 329 340 353 354 336 329 321 355 350 318 308 309 314 315 310 304 352 352 349 336 344 340 290 334 292 348 342 343 335 286 282 280 348 345 340 335 328 321 313 280 282 283 285 286 287 287 284 285 288 291 294 296 298 301 307 310 308 306 301 300 298 297 294 292 288 290 287 291 304 310 316 315 316 327 329 328 329 337 351 352 348 354 4 2 42 354 344 350 42
319 326 338 345 340 333 325 325 337 355 25 347 14 358 345 358 325 317 314 318 320 316 313 359 352 351 345 302 302 343 351 354 345 296 340 320 287 286 348 347 351 342 339 333 322 282 284 285 286 289 292 294 293 291 291 291 293 293 295 298 301 306 309 308 306 308 313 317 305 304 304 311 313 308 305 306 314 316 315 320 332 339 336 341 338 346 355 357 354 355 356 37 38 350 344 342
322 328 332 337 336 324 323 323 327 347 358 32 9 342 345 355 319 316 313 317 323 326 320 360 3 355 346 343 339 342 344 337 334 297 293 291 289 340 344 346 347 344 347 330 301 287 290 290 290 291 295 296 296 294 293 292 292 293 294 297 302 306 307 306 305 306 309 313 320 308 310 335 318 320 317 315 319 323 327 325 334 344 339 338 341 341 348 357 356 5 359 346 1 347 327 320
324 330 332 330 332 330 325 321 325 332 360 345 323 349 357 350 311 308 306 309 315 322 320 1 12 357 342 341 338 339 338 343 301 296 328 292 344 346 339 342 347 357 345 291 293 295 296 295 293 293 295 295 295 293 292 291 291 292 294 297 302 305 304 304 303 303 303 303 304 304 306 305 305 314 319 321 329 333 334 334 337 344 339 335 333 337 346 353 351 354 7 359 351 4 30 347
327 332 332 326 327 332 335 336 334 325 330 340 9 2 337 318 315 311 308 308 338 359 0 28 14 339 348 340 340 336 342 347 348 335 293 295 345 342 295 343 354 358 342 326 323 298 298 297 294 293 294 294 293 292 290 289 289 291 292 294 298 301 299 298 299 300 303 303 302 301 302 302 305 312 320 321 324 326 324 324 333 341 343 339 343 342 350 354 355 355 351 353 350 32 39 358
333 334 330 321 320 327 335 341 343 344 346 340 1 8 330 328 320 314 316 318 323 2 5 15 352 342 343 338 342 342 340 347 346 339 295 350 346 338 297 349 356 353 342 328 324 324 297 297 295 294 293 293 293 291 288 288 288 289 288 287 289 294 294 302 298 296 298 299 301 303 305 307 309 313 319 322 321 320 314 311 319 326 334 337 337 339 348 353 355 358 353 349 337 335 38 39
337 336 324 313 312 318 330 339 345 347 345 330 318 330 332 329 322 321 323 326 330 11 24 5 327 312 344 341 339 333 342 348 356 350 344 340 300 298 342 353 351 349 341 329 323 324 324 297 296 295 293 291 291 289 286 285 286 285 283 282 284 289 306 291 302 299 297 296 301 308 310 306 309 311 313 319 319 323 321 320 321 323 326 330 336 341 350 354 352 36 29 351 344 40 337 25
345 339 323 311 310 316 327 339 346 347 343 337 333 327 355 330 325 323 324 326 331 11 318 341 310 317 345 340 342 334 340 0 359 350 346 337 329 339 352 351 348 346 339 329 325 295 323 320 294 294 291 288 287 286 284 283 283 283 282 280 297 302 287 288 305 305 303 298 297 305 313 307 304 304 303 308 313 318 320 322 331 339 342 337 337 346 3 356 352 33 33 357 357 349 346 359
349 338 327 314 310 313 324 337 338 345 337 330 328 335 334 17 326 326 6 323 355 7 9 309 310 342 344 345 342 341 344 360 356 350 342 335 336 350 357 347 343 343 335 329 322 321 321 318 314 290 288 285 284 284 283 282 281 281 300 300 299 300 305 306 305 305 306 302 294 297 311 314 310 306 304 310 317 323 330 331 326 334 343 340 341 348 7 4 356 33 34 3 33 28 360 20
332 331 328 321 312 312 322 334 340 340 333 320 316 326 341 346 7 11 21 357 3 317 6 352 343 340 338 347 338 323 333 315 352 350 339 338 350 352 350 346 339 340 336 330 327 323 320 317 314 311 306 282 281 281 280 279 298 297 299 302 302 301 302 306 308 306 302 306 297 294 303 316 317 316 313 311 313 319 332 334 330 330 336 335 331 331 345 348 353 30 33 0 30 28 28 26
334 320 323 323 313 311 321 328 332 330 336 323 317 320 331 330 15 24 5 355 3 14 3 2 349 338 340 347 344 311 341 350 353 352 339 346 360 355 352 338 338 337 338 332 329 325 320 318 315 311 306 303 301 299 298 296 296 296 296 302 305 303 304 308 285 286 303 306 303 293 297 308 310 308 307 308 312 315 327 334 330 331 336 336 327 32 38 40 24 349 29 353 28 23 28 22
331 309 312 325 308 305 320 318 319 330 335 331 322 320 325 341 337 32 328 359 359 1 356 348 318 317 352 354 336 313 333 353 354 352 341 353 358 348 347 338 334 341 338 334 330 324 321 320 317 313 308 305 302 300 297 296 295 293 293 299 307 305 301 309 284 283 310 310 312 300 294 293 297 301 304 309 313 315 325 331 329 332 340 342 344 344 331 32 32 327 350 345 354 26 22 19
328 306 301 307 312 308 321 314 309 319 330 336 326 320 320 336 354 39 7 353 358 359 355 348 322 326 1 314 313 318 324 348 346 343 344 353 354 348 342 335 335 339 337 333 330 322 319 321 319 315 309 305 303 299 297 295 294 292 290 295 306 305 298 306 312 280 282 309 309 305 302 304 307 309 308 306 307 310 319 329 330 334 336 342 349 2 357 352 340 341 348 354 2 20 17 17
331 316 300 299 300 312 321 318 308 311 329 344 331 321 317 328 343 354 11 333 4 2 356 349 322 328 324 317 315 319 323 342 345 343 353 355 353 349 343 340 342 342 338 333 329 324 319 324 321 317 311 306 302 299 296 294 293 291 290 293 301 299 298 301 307 276 278 307 302 302 306 314 317 317 314 309 308 312 320 323 327 335 18 349 348 4 3 28 350 345 36 22 17 16 14 12
331 331 320 293 304 310 317 319 313 309 322 338 335 325 317 322 341 351 334 337 326 359 356 353 347 345 322 319 337 319 322 333 349 356 4 356 353 348 346 343 344 343 338 332 328 325 321 325 320 317 312 306 304 299 295 292 289 287 285 287 291 286 285 287 291 304 310 311 285 291 300 311 317 323 324 315 310 308 314 320 326 335 355 1 345 349 24 19 348 339 337 23 16 15 12 8
325 326 326 317 302 310 316 320 319 313 317 333 336 327 319 321 335 0 332 1 357 349 359 357 321 342 348 349 330 330 323 328 359 5 7 356 353 353 349 346 344 344 336 332 330 326 321 324 322 316 311 306 302 301 297 295 289 261 263 266 269 270 272 275 279 283 294 287 290 295 303 315 314 322 308 322 311 305 310 313 315 323 335 360 353 349 14 16 348 338 330 17 11 11 8 7
310 312 332 313 308 315 315 318 325 316 313 323 332 329 321 321 334 339 14 360 352 354 1 357 326 341 343 339 320 322 334 347 0 8 8 355 355 350 346 345 351 346 338 338 331 326 322 323 324 317 313 308 306 265 264 263 263 265 268 271 272 274 275 278 282 285 290 296 289 286 309 318 312 313 330 330 316 306 307 308 304 308 319 335 346 354 3 8 11 346 336 12 6 6 4 3
304 310 316 325 318 304 306 317 319 322 309 313 326 328 321 318 331 339 345 360 355 354 352 344 346 345 345 325 324 326 339 359 8 14 6 354 346 349 352 353 350 307 304 301 298 328 326 333 287 283 278 275 272 271 270 269 269 270 272 273 275 277 278 280 283 285 288 299 298 274 277 309 307 304 322 329 316 301 298 303 307 313 324 328 331 340 346 1 7 350 339 7 1 1 0 0
299 308 317 317 320 313 313 313 315 320 309 308 317 328 320 316 325 339 346 333 353 354 349 344 348 349 346 329 329 335 345 10 17 12 323 354 349 353 356 353 314 311 308 305 303 301 299 296 291 287 284 281 279 276 274 273 272 273 274 276 280 282 283 284 284 285 284 280 275 273 275 282 286 299 310 320 320 308 300 299 302 302 309 323 330 333 333 333 343 345 346 359 357 357 355 355
296 300 321 318 317 316 313 313 317 311 311 315 313 318 326 316 325 332 331 326 324 351 349 345 346 342 346 336 333 345 357 17 15 10 323 320 349 354 322 320 317 315 313 311 308 306 306 303 298 293 290 286 283 280 278 276 275 274 276 279 285 289 287 285 284 284 282 280 279 278 279 283 292 289 303 310 317 311 307 304 303 297 292 301 326 339 346 338 332 336 343 353 354 353 353 346
292 299 316 315 319 315 315 316 314 318 323 309 316 315 324 319 324 340 328 325 326 326 348 348 347 342 333 335 333 357 10 15 15 10 359 344 349 322 323 324 322 320 318 315 312 337 340 308 303 299 295 291 287 284 283 281 279 279 281 285 290 292 289 285 283 282 280 278 275 274 275 277 281 289 291 297 307 304 304 306 307 308 300 298 301 322 345 346 337 335 345 343 346 350 351 346
