examples/cougarCreek-fire/createInputs/WindNinja/wrfout_d3.2015080912.f16/cougarCreekFire_08-10-2015_0400_217m_non_neutral_stability_ang.asc
ncols	146
nrows	140
xllcorner	610065.000000
yllcorner	5095217.000000
cellsize	216.586807
NODATA_value	-9999.000000
[rows 44 to 87 of 140, columns 0 to 95 of 146]
306 310 311 325 319 325 333 334 336 330 322 314 317 325 327 334 335 343 348 341 331 321 326 340 350 341 330 330 331 306 293 283 286 294 315 336 325 320 322 325 324 318 310 320 320 323 327 339 346 350 347 343 340 340 332 320 349 25 29 27 40 60 66 45 54 66 76 82 86 86 84 80 78 78 78 77 75 74 126 42 78 81 64 51 41 39 35 14 355 354 354 342 342 2 348 341
326 321 321 321 318 323 326 330 325 314 296 311 327 330 330 333 334 349 355 343 330 326 330 338 342 332 323 331 325 306 293 285 288 292 298 315 332 348 344 327 319 353 346 338 336 326 330 343 348 352 346 343 345 349 7 31 33 38 38 46 58 47 56 64 69 75 107 105 89 106 160 101 94 88 85 91 74 87 84 299 50 77 67 52 42 34 33 20 3 354 353 349 346 359 344 20
292 295 299 315 317 319 319 319 312 295 311 328 339 332 332 336 347 360 356 343 328 323 323 326 332 326 326 337 323 306 292 287 288 289 293 304 333 342 339 348 358 355 348 347 351 333 340 345 339 1 34 33 27 25 32 40 40 31 32 37 46 52 57 63 68 88 78 81 80 84 83 80 78 61 65 57 74 63 64 33 318 55 72 59 46 36 30 18 359 353 322 340 349 6 16 20
286 290 296 317 317 314 303 312 308 310 327 340 340 339 344 354 336 337 350 336 322 313 313 318 328 334 334 335 322 303 293 288 281 288 289 294 326 345 347 346 5 357 357 355 339 356 355 345 23 34 41 40 37 40 46 44 31 30 33 38 38 41 41 44 63 71 63 64 79 78 77 51 56 60 56 48 71 70 66 38 310 46 69 69 56 42 31 22 4 351 340 335 353 357 23 26
283 286 297 311 302 299 294 315 316 322 337 340 343 350 346 331 334 334 343 331 317 308 313 329 336 348 347 336 328 313 302 296 281 289 285 289 316 345 352 356 1 10 11 5 339 335 330 24 38 41 39 31 30 32 32 29 27 29 34 38 43 46 50 53 58 63 67 70 46 48 48 349 50 48 23 41 39 69 28 43 8 317 58 73 67 57 43 28 15 356 350 350 349 20 353 355
283 286 289 290 294 306 315 322 323 330 337 344 348 344 328 337 336 335 332 329 314 311 325 337 339 348 344 342 339 311 310 295 287 283 280 281 317 338 343 350 9 357 23 21 17 346 16 24 35 33 30 30 31 31 29 27 21 21 32 38 43 47 50 51 34 32 31 33 335 337 1 57 55 56 55 46 42 48 66 60 34 342 57 80 80 70 61 45 22 7 1 357 344 338 346 346
283 284 283 286 307 315 318 323 327 335 346 348 345 339 330 327 326 324 327 329 318 315 322 326 333 339 338 345 330 312 315 301 291 284 276 267 295 326 333 339 345 351 2 24 35 31 27 35 39 36 35 36 36 35 33 29 20 18 21 26 41 47 51 51 51 54 58 62 67 69 69 68 68 60 50 58 66 65 65 47 60 56 63 84 95 92 78 64 42 19 5 358 355 351 357 5
279 278 284 309 316 319 323 326 330 341 340 330 339 330 311 321 321 323 330 331 322 318 319 318 334 346 352 351 327 311 320 306 293 287 276 255 270 306 318 328 330 337 350 0 22 30 50 56 57 53 49 45 42 39 34 24 17 20 17 21 26 30 48 50 50 53 31 58 355 37 52 38 41 47 40 67 68 67 66 34 62 61 63 74 280 96 95 84 60 33 16 9 7 8 6 6
276 277 292 317 319 321 323 326 332 340 337 332 326 320 315 316 321 327 330 328 325 325 321 309 353 13 357 338 319 316 318 306 292 286 274 254 271 291 299 311 317 326 340 349 357 18 25 49 58 62 56 50 44 37 28 17 14 11 17 22 24 5 29 47 50 51 52 54 36 38 61 64 65 64 63 65 67 67 66 63 24 61 62 65 67 192 297 93 86 59 36 23 19 20 17 12
281 289 312 321 321 322 323 324 332 332 325 305 315 314 316 320 326 331 328 325 324 327 320 326 6 1 342 331 318 308 312 314 292 285 262 251 261 276 281 290 303 313 325 341 351 355 356 8 16 33 47 47 44 37 27 20 25 22 20 24 27 28 34 39 39 38 50 36 34 31 36 41 41 38 34 32 15 45 27 63 63 63 28 20 44 59 59 70 81 86 66 43 30 26 21 15
284 295 314 314 317 319 329 324 328 323 299 292 315 326 323 324 330 334 330 325 323 324 323 330 348 342 329 323 316 305 309 320 297 285 263 252 271 281 278 283 290 294 304 327 337 333 337 345 354 2 26 33 40 37 34 34 36 34 33 36 36 36 40 40 36 35 37 34 28 21 2 9 31 62 37 38 43 62 40 29 19 15 1 55 56 112 56 253 63 65 55 340 31 23 19 15
275 288 311 309 299 323 332 319 315 311 286 281 328 333 322 315 322 325 321 318 317 319 322 329 333 327 322 328 322 308 312 315 299 287 272 260 287 280 281 284 284 291 287 330 349 349 310 315 340 1 9 24 31 35 36 42 46 45 43 44 40 25 21 50 52 52 9 14 40 49 49 53 50 25 63 63 41 22 90 61 79 44 57 53 53 57 61 62 57 40 28 19 1 8 16 15
270 282 309 308 312 356 331 311 290 294 277 316 287 333 321 309 311 312 310 311 312 314 324 334 331 327 334 332 319 307 309 318 299 287 274 265 299 286 280 283 286 285 286 283 324 349 1 5 5 329 3 19 20 32 33 30 35 32 28 24 41 64 51 49 49 50 65 50 49 48 50 44 39 74 62 66 68 66 62 62 46 59 59 59 58 11 62 63 57 44 32 318 4 299 306 6
277 285 328 348 14 350 295 294 283 289 321 339 303 319 317 300 296 300 302 307 315 316 328 340 334 333 340 325 312 305 313 322 298 280 266 258 299 284 269 285 286 284 285 281 270 340 23 32 23 26 32 352 28 22 27 0 353 66 65 67 63 59 50 50 50 51 51 51 51 53 56 59 69 60 61 64 64 62 61 72 73 79 88 50 68 62 59 59 58 50 38 355 334 320 9 324
285 287 359 358 307 294 302 272 257 328 152 281 288 199 189 248 277 294 302 309 328 330 344 342 337 342 338 320 308 308 316 311 303 284 267 252 287 276 248 286 279 276 280 287 283 285 29 43 40 36 35 37 30 25 4 61 68 64 53 53 58 62 71 64 60 53 55 57 59 60 60 85 63 61 60 60 60 60 61 62 61 60 78 88 114 124 356 57 346 46 36 31 24 16 9 345
283 290 351 314 307 313 263 262 304 132 178 269 183 224 230 265 293 300 308 322 336 335 337 337 338 347 332 317 309 317 308 307 309 293 277 251 273 279 275 276 279 279 274 285 295 309 322 329 27 38 40 47 54 58 60 57 54 56 59 60 59 57 54 54 54 56 56 59 76 87 62 62 62 59 59 59 60 60 54 58 57 58 61 66 75 50 49 330 329 340 30 32 340 344 9 340
273 278 25 358 340 269 235 312 121 193 215 219 231 241 268 292 299 300 309 329 337 332 332 335 348 341 327 318 317 318 305 309 305 293 283 267 256 282 283 283 278 282 284 288 299 310 328 23 37 45 352 42 59 61 60 59 58 60 62 62 61 60 59 59 61 54 68 64 65 65 61 59 60 59 60 60 50 49 60 59 58 38 33 22 9 8 347 353 343 340 343 344 21 343 339 346
266 325 35 344 324 234 207 103 186 197 217 236 269 287 295 298 298 298 311 325 336 330 334 339 349 340 329 324 320 315 310 308 304 294 287 278 255 280 290 285 279 279 282 285 294 307 319 330 46 348 351 352 355 19 64 62 60 59 60 61 61 61 62 65 67 68 65 64 64 63 60 59 59 59 52 50 59 59 59 58 58 57 56 54 52 51 15 9 358 346 337 338 17 342 7 5
333 27 63 354 348 339 326 151 195 211 234 279 295 301 299 296 293 295 310 326 336 331 332 340 346 342 333 326 319 312 308 310 295 296 287 283 276 277 289 286 285 281 284 289 294 305 311 313 327 333 346 350 6 67 69 68 66 66 65 65 64 63 63 65 66 66 63 62 61 61 60 60 60 60 54 60 59 59 59 58 58 57 55 54 22 16 10 5 357 350 344 333 323 324 328 336
51 63 84 96 73 130 176 199 219 264 291 298 300 301 298 291 283 286 302 325 326 326 328 337 343 343 337 324 316 311 310 300 295 294 281 285 284 282 286 288 286 283 287 292 294 305 317 325 332 329 339 355 356 69 76 75 73 72 71 70 68 66 64 64 64 63 62 62 62 61 61 60 61 61 48 61 61 62 61 60 60 59 58 28 21 13 4 1 1 351 345 333 322 329 317 325
67 69 90 179 207 206 212 236 288 304 309 308 303 300 295 284 271 279 300 318 313 322 321 334 339 344 340 321 311 309 306 310 299 293 282 287 289 283 284 285 285 280 277 292 295 298 317 330 350 341 336 342 348 359 79 80 78 76 75 73 71 69 67 67 67 66 66 65 65 64 62 61 62 63 63 62 63 65 42 39 33 33 32 30 28 24 13 4 359 351 349 342 332 331 323 328
19 63 69 141 285 281 290 303 307 309 311 309 299 291 282 269 258 273 323 305 287 330 318 328 342 352 344 307 309 305 304 305 299 292 287 290 291 287 288 284 283 279 274 286 295 299 315 324 333 63 326 330 352 5 78 81 82 81 79 76 73 72 71 70 69 68 68 67 67 66 63 62 64 64 63 63 63 64 64 63 63 61 40 34 30 3 348 333 329 341 325 316 346 325 335 354
61 63 71 330 315 316 315 311 308 307 306 302 290 274 262 254 258 278 315 303 306 311 304 319 349 10 317 303 297 296 299 297 297 292 288 291 291 290 289 270 278 278 268 275 290 298 312 318 329 173 63 345 358 49 78 80 82 83 80 77 75 74 73 73 72 70 69 69 68 67 66 42 43 64 64 46 61 60 60 61 60 60 62 53 68 63 63 61 259 296 33 28 351 333 332 358
65 52 36 340 323 319 316 312 308 304 306 293 281 269 259 249 250 272 317 304 307 264 279 318 351 45 297 296 305 302 294 291 289 289 289 290 288 287 290 266 278 274 254 250 261 282 296 305 292 325 151 330 353 358 86 84 85 87 84 79 75 74 74 75 74 72 71 71 70 69 46 43 43 66 67 67 65 64 65 67 67 35 32 17 29 32 33 38 323 87 39 315 338 9 1 355
47 40 357 330 317 315 320 310 305 299 292 285 276 268 260 247 246 307 302 304 308 294 296 312 336 167 250 285 298 294 287 276 284 287 287 285 288 287 288 260 271 251 245 242 233 220 243 279 272 313 303 283 326 355 345 53 94 94 94 89 83 79 77 47 74 72 71 71 72 70 68 66 45 66 39 69 71 71 42 43 58 71 72 86 55 19 20 39 72 63 51 298 311 307 304 342
48 39 5 317 307 305 305 302 298 291 284 277 271 264 265 247 248 310 293 293 305 295 293 305 349 176 261 277 297 291 282 280 277 286 288 283 282 279 286 251 248 243 258 235 221 206 228 259 256 266 275 282 312 342 103 284 61 105 103 98 93 89 85 80 76 74 72 72 74 73 69 67 43 66 66 38 48 54 68 68 68 66 66 71 76 76 75 75 71 66 65 31 1 301 344 343
60 49 325 307 298 293 293 292 289 295 279 273 267 261 258 249 252 297 291 289 300 310 310 315 69 195 265 275 294 290 277 275 274 278 285 275 276 281 280 242 239 239 235 227 215 204 256 247 243 211 202 261 297 3 328 141 145 75 112 107 101 95 88 83 80 78 77 40 76 76 73 70 39 38 38 38 35 50 65 59 63 62 61 62 65 66 62 56 50 46 40 17 357 344 342 320
24 356 316 313 293 288 287 300 297 292 289 284 276 269 260 252 259 292 285 287 289 310 307 298 213 254 269 286 292 286 280 279 271 277 276 276 276 279 279 234 245 271 230 256 216 204 193 245 251 249 213 196 272 322 313 206 154 158 117 121 114 104 95 87 82 78 77 76 37 77 76 74 37 36 35 36 40 39 42 39 62 60 24 57 56 53 47 42 40 39 34 23 13 4 355 350
3 332 311 314 293 289 287 302 297 293 292 288 268 266 262 248 265 279 285 286 295 286 284 312 267 271 277 291 290 285 284 279 272 289 270 274 279 289 284 237 248 282 229 226 218 204 242 194 211 199 203 196 262 145 214 257 160 119 36 124 126 119 107 96 87 80 76 73 72 72 37 40 37 45 41 69 45 44 41 38 40 29 22 54 55 51 46 42 40 40 38 32 352 15 8 1
322 313 323 312 292 289 288 303 297 295 292 292 273 270 260 238 267 274 285 288 293 258 261 288 254 267 295 294 266 281 284 274 270 288 252 271 275 277 292 240 252 287 228 228 241 208 198 252 250 255 202 205 252 158 202 183 180 121 114 116 123 126 118 105 94 86 79 75 72 71 47 44 42 43 36 31 42 40 38 40 41 26 23 55 57 55 50 44 37 38 43 42 33 22 347 341
330 325 316 310 291 288 304 300 295 292 290 290 288 267 256 237 268 169 257 289 275 245 272 287 255 260 283 265 261 275 277 268 277 247 252 272 276 277 290 239 238 275 284 224 221 212 200 239 264 230 250 247 244 163 168 257 185 129 118 75 117 124 124 112 98 89 83 31 31 35 49 39 37 36 33 33 42 40 38 63 35 29 16 5 57 56 51 354 343 30 41 47 42 31 341 10
315 320 332 307 304 304 303 299 296 294 285 268 286 263 254 239 274 220 251 290 256 248 271 256 258 287 281 276 281 276 271 270 257 243 269 274 267 282 275 243 234 276 276 221 221 251 206 195 262 218 260 254 245 190 177 194 297 265 199 307 114 119 123 117 103 91 85 81 33 26 43 44 40 38 39 35 37 39 36 34 31 23 27 17 3 54 52 8 341 323 27 40 44 38 349 344
320 329 314 306 304 305 306 300 301 270 269 270 270 284 255 236 319 206 276 279 268 253 252 254 294 298 286 281 278 273 270 273 250 250 268 249 270 267 265 239 239 270 282 230 219 218 248 220 255 256 267 265 274 200 204 203 280 277 229 238 71 119 122 116 107 97 91 25 81 23 35 42 42 38 40 45 33 38 35 22 8 20 53 52 5 53 15 0 346 32 23 320 32 37 34 346
319 327 313 307 307 313 311 305 321 277 277 275 272 283 256 234 360 255 283 281 263 253 253 285 298 298 288 288 285 272 269 278 252 272 270 246 267 273 256 236 264 274 275 230 217 217 256 205 245 257 261 273 277 212 220 223 278 231 149 133 330 120 119 115 110 10 24 29 28 24 21 35 41 37 41 71 40 31 60 32 15 20 12 12 6 53 14 354 343 335 29 23 321 25 32 29
329 329 314 309 313 314 320 308 311 282 281 275 267 280 254 235 27 243 292 269 251 256 266 260 256 306 297 292 289 274 253 274 274 275 277 229 269 276 233 231 266 275 269 234 225 215 227 256 244 267 260 277 297 205 210 233 272 295 285 224 273 39 117 116 117 4 101 11 89 83 80 26 23 29 40 70 68 63 57 10 20 53 17 9 7 54 54 3 352 351 340 30 27 321 355 28
325 331 317 311 315 336 318 306 321 279 296 267 287 257 248 273 199 250 259 253 258 263 292 260 253 313 299 288 292 282 269 271 280 274 279 251 226 280 229 235 259 274 275 240 217 264 228 224 262 256 273 273 291 198 202 205 190 289 305 241 139 288 12 36 119 116 101 92 87 82 79 76 75 24 32 39 65 58 51 48 10 56 30 21 8 56 57 56 50 42 40 350 340 337 317 346
334 331 318 312 321 321 302 322 317 303 268 319 260 257 243 314 249 254 256 261 265 296 263 255 246 316 302 270 289 295 279 278 285 272 272 250 246 271 227 245 275 261 272 279 237 232 232 212 217 216 279 260 290 198 217 220 199 172 67 181 156 134 117 316 109 115 101 89 86 84 80 76 73 71 17 15 59 54 26 48 358 20 64 30 9 7 59 60 56 47 359 8 2 337 32 9
336 330 320 289 333 326 314 303 313 317 269 265 264 259 246 230 254 257 262 267 297 287 260 250 242 315 296 253 285 295 286 283 280 281 274 269 270 233 234 269 276 241 273 271 278 273 226 214 223 222 211 263 312 216 235 227 205 181 182 191 174 156 127 101 3 101 101 92 89 86 82 20 74 69 63 57 53 52 53 53 54 359 64 66 23 5 3 8 17 54 346 351 9 342 44 34
338 333 323 316 346 325 321 282 306 304 270 269 267 260 251 277 258 262 266 311 302 263 256 245 238 324 244 248 291 287 292 266 283 282 282 263 277 228 240 274 263 247 244 267 263 283 223 215 225 269 239 195 207 238 243 220 205 195 186 191 311 184 151 100 83 88 101 343 92 11 83 78 29 65 59 56 358 55 18 59 59 61 12 71 71 27 5 13 343 13 1 345 12 15 340 40
340 336 327 326 334 327 318 281 309 307 270 271 268 261 305 260 265 269 269 316 302 260 252 241 293 334 250 263 291 272 285 267 287 286 276 279 234 229 268 271 244 275 278 273 275 274 274 217 226 271 279 294 228 244 232 209 205 286 308 197 206 313 188 112 74 312 96 20 91 85 80 74 24 33 12 58 359 13 15 64 65 66 2 19 44 43 33 6 13 334 354 339 339 4 10 38
345 337 334 340 331 332 287 281 318 304 272 274 297 266 268 270 271 271 310 305 264 258 248 241 239 340 291 283 284 268 295 270 282 290 287 278 236 241 273 228 236 236 263 281 274 279 284 220 227 257 290 227 241 235 217 208 207 211 209 212 219 321 206 325 106 96 22 24 10 84 76 70 359 22 6 1 1 359 6 73 13 74 72 6 17 43 39 35 28 357 339 347 65 332 341 49
346 342 339 336 332 331 329 316 326 274 275 276 273 305 320 273 325 328 316 302 262 255 245 239 280 335 296 284 287 264 290 279 284 289 289 257 252 253 229 235 241 236 223 252 267 279 252 229 228 230 284 279 234 221 213 211 301 214 217 219 218 320 210 204 318 321 351 13 20 360 0 71 337 7 360 7 7 1 356 346 349 15 22 36 40 26 30 17 30 30 357 340 339 306 65 85
341 346 341 334 337 337 335 330 328 279 278 276 272 324 336 327 318 319 267 265 260 249 239 233 314 253 291 284 285 280 288 240 281 265 293 261 280 277 232 239 239 228 215 242 275 279 286 223 229 231 281 282 287 216 215 215 215 289 219 220 215 209 211 202 325 330 346 359 7 8 83 329 328 352 2 1 6 14 11 74 75 339 5 19 34 20 28 81 80 350 349 11 72 65 59 59
345 348 345 340 339 336 296 292 289 286 281 277 274 328 329 332 321 303 267 264 257 243 232 276 315 306 283 281 288 289 262 250 282 238 287 279 291 282 255 240 237 226 215 245 242 282 285 224 248 254 275 284 251 218 218 219 219 217 220 287 299 301 214 209 331 120 351 352 358 9 19 9 357 82 86 357 356 353 3 2 344 76 8 12 40 43 42 48 78 77 74 68 61 52 45 42
