examples/cougarCreek-fire/createInputs/WindNinja/wrfout_d3.2015080912.f16/cougarCreekFire_08-10-2015_0400_217m_non_neutral_stability_vel.asc
ncols	146
nrows	140
xllcorner	610065.000000
yllcorner	5095217.000000
cellsize	216.586807
NODATA_value	-9999.000000
[rows 105 to 139 of 140, columns 0 to 78 of 146]
6.53 4.97 4.34 4.98 5.39 5.39 24.72 6.22 7.94 12.07 9.83 11.55 11.31 21.36 12.33 12.12 19.32 19.69 7.55 18.06 13.25 9.35 11.19 17.18 18.45 12.48 12.02 12.98 13.63 13.21 13.34 13.72 13.78 13.40 13.12 12.50 12.17 13.47 15.03 15.43 15.32 14.21 12.90 12.97 13.63 14.12 14.71 15.64 17.29 18.97 19.49 20.27 22.51 24.32 23.10 18.51 15.30 15.78 16.77 16.76 15.16 12.96 11.90 11.49 18.31 18.37 18.57 8.56 7.75 6.79 5.74 15.41 14.80 14.13 12.89 12.26 12.34 12.23 10.96
6.52 6.21 5.79 6.19 6.77 7.83 8.65 7.96 23.76 8.51 14.81 10.63 22.94 13.92 12.03 10.18 20.48 20.01 7.60 19.28 14.12 9.41 11.25 12.04 11.98 11.61 13.99 12.30 15.31 13.11 13.50 13.78 13.45 12.79 12.29 11.59 11.84 13.96 15.36 14.88 14.15 13.21 12.60 12.99 13.77 14.49 14.97 15.86 17.46 18.66 18.62 18.82 21.15 25.18 25.24 18.88 15.07 16.32 17.51 17.61 16.02 13.33 11.81 11.40 11.10 10.61 9.75 8.86 8.00 7.01 5.94 5.45 5.53 14.45 13.40 12.37 10.55 10.43 8.64
7.33 7.14 7.33 7.68 8.45 9.89 10.66 9.89 8.98 8.49 15.04 22.51 21.77 10.08 25.21 19.75 8.27 8.01 7.86 6.39 10.88 7.58 11.99 18.70 12.33 13.07 18.97 20.58 12.37 13.42 13.61 13.43 12.39 11.71 11.59 11.23 1.51 4.24 8.99 13.99 12.73 12.45 12.66 13.17 13.92 14.84 15.31 16.20 17.75 18.65 18.19 17.51 19.80 25.72 26.81 19.90 15.42 16.87 18.37 18.29 16.29 13.07 11.26 11.40 12.01 11.65 19.92 19.00 18.79 17.92 17.35 16.42 15.88 15.14 14.07 12.40 11.80 12.41 13.11
6.32 6.53 7.80 8.27 8.78 9.07 9.41 9.73 9.46 26.15 6.08 20.46 9.12 20.23 20.14 18.01 19.77 18.45 16.39 17.95 11.03 10.57 7.45 15.29 14.51 16.52 16.55 15.40 13.55 16.83 12.81 12.01 18.01 11.29 11.77 5.02 13.59 16.07 15.36 12.41 11.54 12.23 12.82 13.26 14.04 6.23 15.71 16.47 17.95 18.87 18.16 17.16 20.63 27.18 27.24 20.56 16.59 17.82 19.11 18.46 16.03 12.71 11.13 12.01 13.20 20.63 20.54 19.95 19.31 18.33 17.61 6.29 15.95 15.65 15.30 14.89 14.41 14.22 14.60
6.90 7.19 9.19 8.58 8.47 8.45 8.84 9.34 9.30 9.46 7.55 8.59 20.51 22.23 21.27 22.56 7.95 19.42 17.88 17.09 11.62 10.47 14.15 21.78 13.34 19.29 20.11 13.00 13.13 20.62 11.29 19.22 11.06 11.96 7.35 13.43 8.86 16.02 13.58 11.08 11.38 12.46 12.88 13.35 5.06 15.36 15.90 16.79 18.31 19.20 18.56 17.80 21.97 27.86 26.79 21.85 19.55 19.76 19.60 18.31 15.87 12.91 11.83 13.07 14.35 13.23 19.94 19.63 19.72 7.73 17.36 5.96 16.15 5.80 5.98 15.52 14.81 14.34 14.52
7.59 7.95 8.58 9.45 8.73 9.10 9.53 10.26 9.88 9.97 9.57 9.73 23.84 11.34 11.23 23.12 20.15 14.26 8.02 23.81 13.65 18.25 24.41 21.89 16.23 16.01 21.57 15.42 21.16 20.64 16.90 10.94 8.84 6.95 7.82 7.90 11.04 14.32 14.81 11.23 11.98 12.68 12.97 6.32 6.67 7.72 15.96 17.43 19.06 19.49 19.00 18.70 22.45 27.47 26.55 23.73 22.97 21.87 19.96 18.24 16.11 13.80 13.14 14.42 15.32 13.43 19.28 18.36 18.75 18.14 17.45 16.12 15.15 15.91 15.26 13.76 13.94 13.51 13.13
7.28 7.01 7.30 7.74 8.23 9.35 10.16 10.58 9.34 9.07 9.67 10.37 11.58 11.60 22.67 24.71 7.31 9.16 11.30 12.64 13.73 12.35 10.72 22.35 16.93 16.94 17.46 19.81 21.33 11.57 12.27 12.35 6.61 8.40 9.37 12.03 14.42 12.54 11.70 7.61 7.43 7.17 7.18 7.67 8.64 8.64 16.41 18.41 20.06 20.04 19.65 20.19 23.67 27.46 27.38 26.18 24.99 22.52 19.89 18.01 16.26 14.52 14.03 15.09 15.11 22.81 20.92 19.69 18.47 17.30 16.74 14.71 12.92 12.84 13.61 14.61 14.90 14.43 14.45
6.84 6.33 6.12 6.59 8.73 8.77 8.60 9.19 8.94 9.88 22.27 10.07 17.48 22.70 22.33 24.48 9.59 12.09 14.40 14.53 12.94 10.77 10.29 20.05 14.92 14.62 16.33 12.79 13.00 16.04 12.55 11.04 14.23 13.97 13.79 17.11 13.07 12.08 10.24 9.94 8.33 7.46 8.06 7.83 7.98 15.90 17.51 19.49 21.12 21.14 21.05 22.69 25.97 28.36 28.48 27.48 24.85 21.70 19.58 17.91 16.30 14.77 14.33 14.86 14.09 11.93 10.37 9.18 19.33 18.70 18.62 18.03 16.97 17.53 16.66 16.54 15.94 16.53 15.92
6.65 6.18 5.87 6.15 6.59 6.92 8.37 8.30 8.11 8.75 8.34 17.95 15.02 19.20 22.73 23.75 11.31 13.96 15.11 13.45 10.90 10.57 10.12 19.14 13.70 14.34 17.41 18.44 17.65 17.75 16.49 17.08 16.75 13.96 14.84 13.79 12.37 12.03 12.57 12.01 11.26 10.35 8.11 5.61 6.08 17.67 19.20 20.59 22.28 22.60 23.10 25.25 27.64 29.02 28.81 27.07 23.89 20.96 19.59 18.35 16.41 14.79 14.17 13.87 12.76 11.01 9.53 8.43 7.51 18.48 17.88 7.23 18.28 18.08 18.06 17.79 17.98 17.96 16.65
6.38 5.88 5.48 5.92 6.96 8.13 8.67 8.34 8.85 7.30 22.47 8.52 11.51 25.49 24.88 21.70 12.28 13.44 12.79 9.97 7.97 8.79 9.27 16.84 12.34 14.48 18.91 18.61 19.42 20.54 20.64 18.97 12.59 14.02 19.54 12.76 13.85 12.39 14.27 14.36 12.59 9.84 5.61 15.64 18.19 20.38 20.95 21.57 23.21 23.96 25.02 26.78 28.17 29.11 28.34 25.95 23.05 20.69 19.94 18.68 15.91 13.97 13.18 22.75 22.17 21.16 20.33 20.09 19.44 19.66 19.53 19.08 18.66 18.18 17.77 18.62 18.11 20.50 19.97
5.87 5.57 5.67 7.05 9.07 10.42 10.55 9.39 7.75 6.51 6.44 8.72 22.86 24.92 10.73 11.70 13.24 12.99 11.36 9.04 19.84 20.66 16.72 12.03 10.27 15.66 23.04 18.70 19.05 19.49 27.42 16.20 14.25 16.39 13.29 12.66 13.48 14.31 13.36 15.23 11.81 9.46 8.87 11.09 14.50 21.89 21.52 21.88 23.55 24.96 26.24 27.42 28.23 28.68 27.43 24.76 22.43 20.95 20.15 18.06 14.53 12.42 11.97 11.58 20.72 20.90 20.52 20.44 20.38 18.97 18.95 18.30 17.72 19.53 17.81 18.01 17.95 17.57 16.84
5.53 5.54 6.22 8.32 10.13 9.95 9.10 8.67 8.59 8.38 8.22 9.85 28.16 23.16 11.89 12.93 13.36 12.05 11.30 9.66 8.70 18.31 12.84 10.05 14.22 26.21 20.65 19.53 18.33 25.41 26.11 15.21 14.12 15.51 13.39 14.02 14.64 17.12 12.92 14.38 11.88 11.73 12.65 15.92 18.97 20.43 21.43 21.99 23.94 25.81 27.07 27.97 28.19 27.69 26.31 23.90 22.12 21.08 19.42 16.82 13.46 11.39 11.27 21.60 20.74 20.59 20.25 19.84 19.83 19.09 20.29 19.18 19.99 19.69 18.48 18.37 17.34 16.55 15.42
5.39 5.40 6.36 8.57 9.42 8.72 8.62 9.16 9.29 9.16 9.13 8.64 10.67 14.14 13.82 13.13 13.10 12.78 11.64 10.81 10.76 19.64 14.67 11.17 20.11 14.33 20.32 21.04 20.36 24.55 26.29 15.33 13.01 13.89 14.50 15.20 14.71 13.27 16.30 13.64 13.84 13.56 13.69 16.33 19.36 21.65 21.52 22.46 24.70 26.14 27.33 28.10 27.30 26.11 25.02 23.30 21.76 20.24 18.24 16.12 13.31 11.24 20.80 11.04 19.85 20.54 20.70 20.27 20.00 21.13 21.05 20.55 20.49 19.66 18.76 16.89 18.10 17.89 17.29
6.72 5.57 6.81 8.84 9.54 10.01 10.29 10.21 10.15 10.47 11.36 13.26 15.93 16.08 23.69 12.01 12.19 11.32 10.89 11.19 10.93 16.54 12.57 12.84 14.76 15.25 17.97 20.15 25.68 24.04 19.93 15.74 14.15 15.42 16.64 18.60 20.47 17.68 14.12 12.95 14.56 14.93 16.18 19.46 22.57 21.85 22.48 21.58 25.14 25.61 26.93 27.45 25.77 24.74 24.05 22.92 21.35 19.12 17.40 15.80 21.81 20.76 11.13 10.83 20.04 20.88 20.41 20.64 21.31 21.48 20.27 19.17 19.68 18.89 18.49 17.33 17.71 17.92 17.90
6.35 6.40 7.76 9.28 10.44 11.46 11.07 10.46 11.21 10.50 11.40 13.17 14.13 13.02 12.68 19.12 10.59 9.89 19.80 10.50 23.89 16.76 17.45 15.07 14.22 21.73 20.36 22.88 23.19 26.89 17.74 18.18 17.18 17.10 18.79 19.54 18.38 15.31 12.23 12.72 14.76 16.67 18.79 21.54 22.38 21.85 21.06 22.89 25.14 24.72 26.16 26.36 24.80 24.16 23.56 22.46 20.73 18.36 23.11 22.45 21.65 20.90 21.01 19.99 20.27 20.66 20.79 20.43 21.01 21.24 20.60 20.29 20.18 18.71 18.17 17.50 19.15 19.73 22.25
6.41 7.47 9.06 10.01 11.56 12.49 11.06 9.76 9.58 11.24 9.82 10.74 10.69 9.89 9.99 11.43 20.56 18.31 15.72 20.42 20.62 11.60 17.56 19.78 18.64 17.89 24.63 23.82 17.52 19.39 21.02 14.20 19.17 17.64 20.29 19.85 17.11 14.48 12.63 13.58 16.95 19.42 19.61 20.05 19.94 19.45 21.03 23.92 23.70 23.51 25.42 25.37 24.49 23.90 23.10 21.60 25.67 24.78 23.32 21.40 20.48 21.20 20.33 20.19 19.94 20.16 20.89 22.65 21.71 21.21 21.55 19.91 19.18 19.28 19.43 20.05 20.18 19.14 18.49
6.96 8.18 9.58 10.34 12.38 12.40 9.53 8.06 8.45 9.99 9.64 10.28 10.37 10.11 10.08 10.02 21.08 18.10 14.73 20.78 18.83 16.00 13.81 17.20 20.84 24.55 24.70 20.59 19.70 15.74 29.70 19.35 19.10 18.34 21.26 19.44 15.23 14.08 14.16 15.37 19.90 20.22 18.48 17.61 17.35 18.70 21.66 23.56 22.54 22.25 24.14 25.06 25.83 26.50 26.58 26.07 25.24 24.55 23.42 21.26 19.49 20.33 21.00 20.17 11.06 11.36 20.81 22.06 20.47 21.53 20.07 20.28 20.44 20.71 18.92 20.03 18.24 19.08 17.53
6.90 8.40 9.44 10.73 11.42 10.17 8.44 6.76 8.40 9.64 12.17 10.81 10.99 11.09 11.54 11.53 11.25 18.79 12.15 26.99 20.38 19.97 19.59 21.46 14.10 12.75 26.64 16.78 16.42 14.91 26.28 18.35 19.58 20.19 22.17 19.23 16.12 16.34 16.79 18.88 22.47 19.56 16.51 16.99 17.35 19.90 23.39 23.22 21.83 21.03 22.37 23.84 25.34 26.45 26.19 25.67 25.39 24.91 23.62 22.02 19.19 20.58 22.12 21.24 11.39 11.48 21.01 21.61 21.42 21.24 19.76 18.79 19.27 19.14 18.97 19.97 19.52 19.22 18.99
7.36 8.17 9.26 9.14 10.43 9.74 7.93 6.93 9.53 10.96 12.51 10.97 11.07 11.67 12.84 12.59 12.43 18.69 14.03 27.44 22.11 21.85 22.37 23.54 14.75 14.00 22.38 16.62 17.73 16.90 18.12 23.55 23.55 22.23 21.75 19.33 18.21 19.25 20.14 21.65 21.60 18.33 17.82 18.44 18.82 21.82 24.20 21.85 20.27 19.37 20.56 23.33 25.55 26.12 25.80 25.08 24.60 24.54 23.85 22.64 19.69 20.28 21.39 21.09 19.23 11.50 11.61 21.62 21.69 22.83 21.94 20.20 19.74 19.32 20.58 21.16 19.95 18.65 20.02
7.75 7.63 8.54 9.55 9.15 10.01 9.26 8.36 11.10 12.31 11.19 12.81 11.38 12.28 13.22 12.26 12.89 13.15 16.33 15.66 22.04 21.34 22.87 23.92 15.73 16.07 16.05 18.12 18.83 17.44 15.88 26.07 24.01 21.00 20.15 18.75 17.98 18.64 19.64 20.05 19.51 18.12 18.21 18.99 20.88 23.04 23.04 20.37 19.15 19.58 21.21 24.35 24.67 24.83 25.19 24.97 24.45 24.03 23.52 22.77 20.63 21.03 22.53 21.22 19.95 11.85 12.06 21.47 23.91 23.71 22.90 22.10 21.42 21.21 21.34 20.31 19.92 19.07 19.80
8.18 7.99 7.81 9.64 10.74 10.64 10.80 10.38 12.37 13.38 12.03 11.67 12.14 12.69 13.34 12.68 12.04 13.10 14.78 17.05 15.57 23.26 23.19 22.59 23.61 23.08 17.39 18.57 29.52 18.37 16.61 26.04 21.87 20.69 16.40 15.96 17.24 17.33 17.30 17.24 18.06 16.86 17.18 19.58 21.11 20.70 20.78 20.03 19.64 20.95 21.72 23.74 23.30 22.31 23.24 23.11 23.81 24.30 24.03 23.91 23.55 23.94 24.71 23.61 23.52 21.35 20.06 19.13 24.16 13.54 23.68 22.74 21.21 19.34 19.34 20.37 19.90 19.31 20.10
8.71 8.70 8.67 9.75 11.36 11.17 11.61 12.69 13.49 13.87 12.80 11.87 12.03 12.56 13.70 13.91 13.06 31.83 13.37 25.30 18.55 27.60 23.21 19.83 16.84 21.91 24.45 25.90 27.15 27.14 15.99 14.35 21.98 17.63 15.40 16.06 17.94 17.24 17.63 19.85 18.66 17.14 18.51 19.62 18.45 18.42 20.26 20.61 19.24 19.70 20.02 21.48 21.36 20.22 20.23 20.39 22.50 18.11 17.08 16.34 16.16 15.57 14.65 13.73 13.72 13.71 21.79 13.20 15.43 14.29 23.41 22.02 20.77 18.70 7.52 18.26 20.23 18.81 19.50
8.66 9.16 10.72 11.76 13.49 13.63 13.14 13.58 15.13 12.97 12.17 11.32 14.19 12.91 14.42 14.90 13.42 14.30 22.22 23.52 24.24 27.78 21.92 21.76 19.14 24.94 30.16 32.11 18.19 17.07 24.10 27.07 20.90 17.49 15.40 14.76 16.34 17.93 18.80 18.66 17.03 15.93 18.14 17.00 15.47 18.53 21.09 19.57 16.66 15.71 16.59 17.58 17.24 18.17 18.40 18.97 19.09 18.62 17.87 17.20 16.61 15.95 15.65 15.09 14.71 14.64 14.34 15.14 15.59 11.59 20.56 18.96 19.67 19.16 15.96 19.78 19.31 18.92 18.99
10.83 10.75 11.25 12.80 14.12 12.59 12.09 13.25 13.03 12.25 11.18 11.91 12.34 13.51 14.57 14.43 12.27 13.27 12.94 23.07 28.80 23.83 24.59 27.08 27.69 27.24 28.02 18.47 16.97 13.81 23.77 22.06 20.24 15.68 14.29 16.17 19.03 21.14 18.90 16.74 14.58 16.30 16.47 17.01 18.30 18.18 19.28 16.01 16.25 16.98 17.74 17.62 17.76 17.92 18.24 18.73 19.10 19.19 18.81 18.00 17.23 16.69 16.26 15.86 15.51 15.00 15.00 25.61 26.09 10.91 8.31 19.79 19.70 20.09 17.58 20.09 18.83 19.38 18.07
14.04 12.70 11.97 13.33 13.20 12.45 12.44 12.13 12.14 11.32 11.44 13.27 13.10 15.66 13.27 12.83 11.28 11.21 12.88 14.36 30.31 24.32 26.16 32.92 33.41 32.43 29.14 19.44 15.52 12.74 24.97 18.50 16.86 13.63 14.55 15.83 19.36 17.99 16.31 15.44 16.30 16.68 17.12 17.92 18.59 18.18 17.02 15.80 15.73 16.36 16.98 17.31 17.42 17.57 17.93 18.50 19.19 19.57 19.45 18.92 18.19 17.37 16.73 16.29 15.81 15.01 14.43 14.09 13.03 11.33 9.60 8.77 7.48 19.18 19.00 19.11 19.18 18.66 19.06
18.18 15.77 12.52 12.30 13.38 12.75 12.73 12.57 12.19 11.47 12.69 14.36 15.15 14.32 13.83 12.37 13.80 11.91 13.81 16.54 17.88 28.29 26.31 33.11 33.39 27.62 34.66 27.31 15.50 25.19 22.10 19.31 18.47 15.41 15.64 16.88 17.10 17.05 17.12 16.99 17.30 17.87 18.43 18.86 18.94 18.33 16.94 15.47 15.41 16.22 16.78 16.89 16.87 17.05 17.47 18.18 19.09 19.75 20.12 20.55 19.78 17.74 16.49 16.21 15.65 14.49 13.68 13.15 12.41 11.28 9.82 8.91 20.17 7.50 19.02 19.65 19.47 20.01 19.66
22.25 17.88 13.26 12.63 12.08 12.11 12.78 12.79 12.94 13.45 13.64 14.01 15.51 14.85 14.75 13.44 13.39 14.12 15.97 18.34 19.09 18.81 29.10 33.17 30.73 33.66 27.78 25.80 13.69 24.92 20.40 18.07 18.48 15.65 16.76 20.21 19.87 18.09 18.40 18.58 19.02 19.48 19.53 19.32 19.00 20.14 18.34 15.03 15.62 16.56 16.47 16.18 16.35 16.81 17.36 17.88 18.91 20.11 21.31 22.45 20.72 16.81 15.08 15.43 15.04 13.66 12.77 12.31 11.94 11.23 10.02 9.00 8.66 19.55 19.90 21.49 19.03 19.21 19.32
26.26 20.29 13.51 12.17 11.11 11.76 12.15 12.48 13.69 14.25 14.76 14.04 15.27 15.70 14.84 17.42 15.06 15.93 17.45 18.81 19.22 19.23 18.82 35.78 27.79 32.16 31.18 33.30 29.12 21.40 18.48 17.81 16.62 13.57 14.52 11.18 18.11 19.65 20.36 20.59 20.63 22.83 22.26 20.65 20.95 21.26 15.75 15.14 15.68 15.90 15.51 15.54 16.06 16.95 17.60 17.93 19.28 21.28 22.88 23.04 19.30 14.42 13.82 14.53 14.03 12.59 12.24 12.02 11.76 11.22 10.27 9.40 8.96 8.86 8.90 8.98 20.45 8.14 19.70
28.91 21.48 13.25 11.68 10.62 10.81 11.77 13.47 13.50 14.15 14.59 14.82 14.84 15.56 15.58 16.06 16.34 26.52 17.72 18.71 19.41 19.67 19.35 35.37 29.49 21.83 32.48 29.52 25.51 21.62 21.11 18.94 12.27 13.32 18.81 22.84 24.76 24.54 22.33 25.28 25.28 25.69 22.00 17.99 21.14 21.45 15.61 15.00 14.54 14.02 14.26 15.23 16.38 17.50 18.17 18.58 20.22 22.38 22.96 21.05 16.47 12.92 13.06 13.95 13.28 12.06 11.60 11.75 11.75 11.29 10.63 9.91 20.06 19.82 20.38 19.66 9.38 19.76 17.60
28.64 20.72 11.85 10.05 8.64 9.90 10.92 12.99 14.64 15.26 15.24 15.38 15.58 16.44 16.45 17.57 17.27 19.44 18.20 19.05 20.21 20.53 20.17 20.40 31.63 21.63 20.36 32.59 27.64 26.12 23.91 13.52 14.01 21.06 26.70 28.87 28.56 26.57 23.75 31.79 26.30 23.79 18.08 18.51 18.50 17.23 15.75 14.58 13.45 12.84 13.73 15.49 17.10 18.44 19.04 19.34 20.51 21.67 20.83 18.05 14.84 13.04 13.05 13.30 12.81 12.00 11.38 21.06 12.00 11.88 11.29 10.26 19.08 20.60 21.42 21.36 20.98 9.07 19.39
28.87 20.95 11.67 8.43 5.80 7.23 11.03 15.10 17.19 16.33 15.58 15.75 16.64 17.40 17.83 18.54 17.95 18.63 19.26 20.23 21.45 21.37 20.43 19.73 32.43 32.03 20.23 33.18 27.94 24.81 16.31 16.13 22.12 29.60 31.88 30.23 28.09 24.85 21.45 31.66 25.17 18.52 18.64 19.12 22.94 17.33 15.76 14.33 13.48 13.07 13.08 15.05 18.56 19.77 19.23 18.80 19.01 19.19 18.19 16.05 14.11 13.29 13.27 13.25 12.95 12.21 11.63 11.69 12.16 12.25 11.82 20.46 20.06 19.60 11.02 21.26 21.42 9.53 18.54
27.20 22.60 13.05 7.75 4.62 8.03 16.19 19.63 18.25 16.18 15.60 16.05 16.43 17.01 18.76 19.33 19.88 19.14 19.84 20.64 21.22 31.19 19.63 18.96 18.89 22.22 30.83 31.03 29.22 20.51 20.31 23.98 29.71 32.85 30.10 27.28 25.40 22.17 19.27 29.60 18.68 18.91 19.48 19.73 23.79 17.42 15.94 14.72 14.15 13.39 12.24 14.85 19.97 20.63 17.92 16.76 16.54 16.31 15.98 14.90 13.69 13.32 13.49 13.59 13.55 12.97 12.27 12.10 12.48 12.85 20.23 20.33 18.68 19.97 20.29 20.57 21.07 20.54 19.32
21.79 21.52 16.47 6.70 6.32 10.16 18.78 19.53 15.54 14.21 14.80 15.82 17.73 17.33 19.11 19.62 20.61 19.48 19.91 22.21 20.15 19.87 19.06 18.77 19.56 20.13 22.32 34.77 29.80 23.47 25.86 29.60 31.56 29.76 25.43 23.46 21.89 18.96 17.54 25.97 21.95 19.89 20.50 20.49 19.66 18.29 17.14 16.55 16.03 15.05 15.01 17.31 20.81 19.65 15.30 13.85 14.00 13.71 13.98 13.95 13.51 13.46 13.76 14.23 14.53 14.20 13.79 13.60 13.64 13.76 13.86 13.34 20.42 21.26 19.65 20.48 20.42 20.21 22.00
16.89 18.11 17.23 9.27 7.63 12.44 18.29 17.19 13.56 13.04 14.22 15.66 16.87 17.80 18.49 20.24 19.38 21.57 19.80 21.26 19.82 19.71 19.11 19.08 19.99 20.95 22.91 23.53 32.08 26.17 27.75 28.68 27.32 23.87 20.39 18.63 18.67 17.46 29.39 23.32 21.17 21.91 23.03 22.80 20.87 20.24 20.11 20.40 20.50 20.74 21.58 21.58 19.98 16.28 11.77 10.97 11.55 11.51 12.15 12.96 13.50 14.00 14.58 15.39 16.16 16.37 16.30 16.20 21.20 15.71 20.97 21.08 20.79 19.72 22.33 21.48 21.65 20.56 21.80
15.52 16.01 16.60 12.76 10.34 13.82 17.37 15.88 13.46 13.31 14.45 15.79 17.14 18.11 18.77 19.26 19.51 19.61 19.64 19.59 19.72 19.59 19.20 19.43 20.28 21.25 22.88 25.18 35.47 26.84 26.66 25.18 28.86 20.72 17.72 17.70 16.60 16.38 24.66 22.89 23.25 23.25 22.77 21.69 21.19 21.66 22.06 23.09 24.43 25.40 25.38 23.28 19.01 13.83 9.98 9.65 10.40 10.44 11.24 12.58 13.71 14.59 15.45 16.37 17.55 18.10 17.93 17.93 17.79 23.29 22.22 21.35 15.74 22.30 22.31 23.11 22.15 21.95 22.87
