examples/cougarCreek-fire/createInputs/WindNinja/wrfout_d3.2015080912.f16/cougarCreekFire_08-10-2015_0400_217m_non_neutral_stability_vel.asc
ncols	146
nrows	140
xllcorner	610065.000000
yllcorner	5095217.000000
cellsize	216.586807
NODATA_value	-9999.000000
[rows 35 to 69 of 140, columns 0 to 78 of 146]
7.28 5.24 3.22 1.15 4.90 5.21 2.14 4.21 5.29 6.06 7.50 8.88 7.29 4.93 2.03 2.68 0.70 1.03 1.76 5.45 8.47 11.33 15.11 23.76 21.90 17.91 18.87 15.91 15.09 10.67 17.53 24.87 28.96 26.04 22.43 19.54 16.15 13.21 11.09 10.64 11.67 12.55 13.64 13.07 11.28 13.43 15.78 16.08 17.27 8.03 7.89 6.10 2.03 6.89 9.56 12.30 12.85 11.16 9.31 13.80 12.46 12.49 6.25 5.84 6.39 7.28 8.60 10.01 11.82 14.02 15.76 17.07 9.03 17.04 7.58 8.38 8.12 7.36 7.20
5.57 5.13 3.02 1.03 6.97 9.47 10.02 6.69 8.84 9.75 10.25 10.74 10.16 9.64 8.28 6.55 5.23 3.04 2.72 4.71 6.67 7.41 8.70 12.38 16.48 12.48 11.42 11.91 9.66 4.70 13.69 22.37 27.87 26.80 22.35 20.60 18.63 4.02 2.58 3.16 4.30 5.40 6.77 13.07 14.31 14.48 13.03 13.63 18.66 11.26 11.24 11.32 9.61 6.68 5.65 6.04 6.49 6.39 6.30 5.97 5.49 5.14 4.89 9.33 5.72 8.70 10.36 12.11 13.65 6.69 14.82 16.11 16.91 16.29 16.02 15.54 14.82 14.32 6.77
7.08 5.69 2.34 2.77 6.04 9.76 9.74 11.62 12.06 12.48 12.31 11.79 12.49 13.42 13.01 12.51 12.22 10.67 8.77 8.35 8.56 8.69 7.40 8.57 9.88 13.81 15.67 3.84 2.02 4.82 14.50 26.64 28.69 24.28 20.67 18.38 17.33 15.71 14.10 11.85 6.66 9.94 7.58 8.10 7.76 9.51 10.03 10.93 15.97 18.02 21.94 13.35 13.17 20.41 10.76 9.19 7.73 6.01 4.14 2.70 3.13 3.87 4.82 5.81 6.93 8.59 10.55 12.07 13.13 13.92 14.00 15.14 1.23 15.88 15.28 14.98 15.05 14.39 13.49
1.92 3.57 2.36 6.41 10.32 13.42 13.92 13.52 13.88 13.33 12.73 13.47 14.82 14.85 14.21 13.90 13.78 12.71 10.26 9.55 10.74 11.24 11.85 11.13 10.37 11.92 18.13 16.71 11.76 12.93 18.33 25.03 33.27 27.71 23.79 20.45 14.64 4.13 5.31 18.42 19.33 17.38 11.55 9.98 9.37 9.47 9.12 9.62 10.47 13.25 19.95 22.05 24.35 22.57 20.16 19.91 19.04 18.27 10.65 9.10 7.90 7.12 7.06 7.23 5.16 7.92 9.02 10.36 11.40 12.48 13.19 14.49 16.12 16.38 15.91 15.49 15.15 14.26 13.39
3.91 3.87 7.08 10.35 12.99 14.52 12.87 13.26 12.36 12.54 12.46 13.80 14.59 14.02 14.04 14.35 14.52 13.29 11.83 11.14 10.81 10.98 12.21 13.26 13.01 13.26 15.49 15.82 18.97 19.14 21.38 23.76 30.93 32.15 29.58 27.98 25.50 23.56 22.23 12.23 13.37 24.80 16.19 14.41 16.95 20.31 20.12 16.95 15.56 15.03 14.57 16.70 17.02 20.20 25.29 24.01 22.12 21.54 21.66 16.05 14.89 13.57 13.18 13.90 14.16 14.73 16.11 16.14 17.13 17.54 17.98 15.95 16.79 17.28 16.83 16.28 16.17 15.61 14.20
7.25 8.96 11.61 14.26 15.73 14.61 12.78 12.70 12.72 14.06 14.06 14.31 14.70 15.63 16.79 16.37 15.97 14.73 12.69 10.92 11.09 12.11 13.36 13.95 11.68 11.54 15.12 14.09 14.73 19.78 21.48 19.63 27.96 32.20 28.49 28.23 26.78 25.67 26.85 20.96 20.90 22.72 23.30 18.91 19.68 18.95 17.32 16.23 14.94 22.83 21.98 20.30 18.11 15.18 13.81 13.20 17.98 18.59 11.60 16.16 22.55 22.43 18.64 17.77 17.47 22.02 22.48 19.34 20.81 21.37 21.72 22.13 22.37 18.79 18.12 16.91 16.33 16.20 15.74
8.20 9.38 11.94 14.05 15.62 14.47 12.95 13.22 14.61 15.64 16.40 18.14 19.30 19.87 20.10 18.39 16.25 13.28 10.58 9.73 12.14 15.00 15.54 14.76 12.01 13.50 15.53 18.21 20.16 23.09 21.30 16.87 24.44 27.12 26.53 28.30 30.34 29.13 25.48 24.48 27.03 26.34 25.62 26.17 28.68 28.31 21.86 20.97 29.47 28.81 27.83 27.38 18.12 27.32 24.83 24.20 21.00 20.29 10.99 10.57 21.04 19.52 21.71 22.96 23.52 23.95 23.29 19.97 16.51 16.79 17.92 23.46 23.86 24.38 22.28 21.20 16.39 15.59 15.13
7.04 8.91 10.40 11.01 13.06 15.34 14.19 14.74 17.03 18.65 20.34 21.88 22.16 21.66 20.33 18.80 15.91 12.63 11.56 13.08 16.07 18.90 18.50 14.64 11.71 15.83 19.95 20.89 24.73 29.37 26.21 17.76 17.14 22.79 25.70 29.33 30.06 27.88 25.74 25.29 27.04 27.37 26.70 25.94 25.68 24.91 27.82 30.63 32.41 23.28 31.24 30.20 29.22 28.66 27.04 14.08 13.18 24.17 23.19 22.88 11.60 23.62 22.86 6.34 3.23 5.32 6.90 8.39 9.36 11.24 12.15 12.81 14.97 15.90 14.39 9.00 13.97 20.20 14.01
7.34 7.18 7.73 16.55 18.19 17.50 15.98 18.44 20.38 21.55 24.17 26.03 24.02 21.53 20.22 18.84 16.51 15.81 16.01 18.09 20.17 20.85 18.15 14.48 12.98 18.15 22.55 22.38 23.92 30.35 30.93 23.78 13.80 15.85 22.71 28.48 29.13 27.19 25.31 23.30 22.43 23.61 23.59 21.42 18.94 20.84 23.94 25.44 27.48 29.87 29.82 29.77 32.11 30.89 28.62 28.23 27.05 26.24 16.12 5.86 2.33 4.37 5.68 5.61 6.01 6.89 7.72 8.94 12.76 11.99 16.12 17.71 19.23 19.77 19.33 13.75 10.74 7.64 12.08
11.28 13.02 16.95 17.03 20.58 20.37 18.83 21.83 24.13 26.64 28.39 25.40 20.78 18.89 18.67 17.76 16.82 16.55 16.57 20.07 22.07 20.17 16.53 15.00 15.60 19.51 21.34 19.65 24.05 30.77 32.90 28.58 23.63 20.31 15.98 20.30 26.94 26.61 24.28 22.37 19.65 16.68 13.58 12.49 15.46 21.27 27.46 30.36 31.71 29.67 26.92 26.92 28.54 26.87 22.58 14.98 6.07 8.49 8.21 7.07 6.21 6.39 6.49 7.82 7.56 8.20 9.59 10.63 11.69 13.17 14.58 15.65 16.79 17.83 18.38 17.63 16.31 15.20 4.83
9.11 11.40 18.45 22.35 22.85 22.11 23.38 24.67 27.26 28.94 22.10 18.14 15.29 15.57 16.77 16.55 15.95 13.33 14.20 18.28 21.09 20.86 19.07 19.00 18.93 19.47 18.37 17.10 24.74 32.55 33.18 28.49 25.78 24.49 20.33 20.50 23.10 26.00 25.15 21.85 15.01 14.37 13.53 16.19 21.55 24.32 28.26 26.91 27.65 29.63 25.52 14.90 10.58 8.70 8.31 7.78 12.21 10.69 8.85 7.12 7.09 9.06 8.16 7.57 7.44 8.33 3.92 5.78 12.23 9.05 4.56 7.84 8.67 8.67 9.16 9.77 17.46 9.08 4.53
19.21 20.74 22.29 23.12 23.61 24.48 26.17 27.02 27.82 22.12 17.28 14.15 15.05 16.30 16.59 15.03 12.90 11.92 16.50 20.35 22.14 23.57 21.89 20.14 19.55 18.40 15.87 17.04 25.48 31.56 30.62 27.85 27.78 27.00 25.89 20.75 21.33 26.72 27.37 23.23 20.20 18.49 19.69 22.54 25.02 29.48 29.06 23.38 17.53 8.12 13.50 13.20 11.14 10.39 10.71 11.18 12.97 14.58 12.87 11.55 11.08 10.55 9.72 8.79 8.11 3.52 10.10 11.80 5.91 13.24 13.98 14.44 15.45 8.46 9.69 11.87 17.45 9.34 6.73
24.38 23.04 21.55 21.68 24.30 25.78 24.38 24.32 22.85 19.40 14.97 15.55 15.81 15.65 14.19 12.56 14.74 17.51 20.62 24.41 25.03 23.90 19.53 16.04 14.06 13.68 13.63 16.70 23.74 27.35 26.88 27.65 28.99 30.48 29.10 21.10 18.58 24.69 27.78 27.88 26.60 25.20 25.28 25.27 30.29 25.61 22.79 17.26 15.48 15.48 15.81 14.02 10.72 8.80 9.53 11.32 15.66 17.14 16.00 14.73 10.64 9.04 8.25 7.80 9.59 9.49 5.84 6.80 12.86 13.30 13.99 9.34 8.34 9.28 11.33 11.96 17.76 17.91 17.11
26.97 24.90 23.56 25.50 25.47 24.10 20.66 19.98 18.20 17.54 16.17 16.62 16.48 15.71 15.58 20.86 23.09 24.76 25.20 26.93 25.72 22.14 16.35 13.37 12.00 12.59 13.46 15.63 18.98 22.57 25.12 27.19 30.38 33.10 30.67 18.76 17.61 22.69 26.10 33.05 31.73 27.84 26.91 25.10 28.64 22.81 15.90 13.87 13.77 16.22 18.29 17.81 15.56 14.16 14.46 16.11 18.03 18.87 18.40 17.58 16.74 15.80 14.44 12.84 11.58 11.07 11.25 12.09 9.35 8.55 6.50 3.97 8.57 9.32 7.28 10.18 12.86 18.01 9.56
28.51 27.39 25.70 23.80 21.70 20.05 18.38 17.44 18.07 18.04 17.36 17.81 18.82 20.64 25.57 26.33 27.77 28.03 27.89 27.08 24.04 21.25 17.38 15.09 15.42 15.53 15.47 16.39 17.94 22.74 25.07 25.95 30.63 32.68 31.05 19.54 11.60 19.72 23.99 29.56 19.68 32.62 26.36 25.98 26.42 24.45 20.43 16.53 17.21 19.61 21.40 20.76 19.06 17.18 16.76 18.08 18.55 18.84 19.35 19.23 18.53 17.90 16.90 15.00 11.30 9.83 8.81 7.20 5.62 5.13 3.85 8.08 8.36 9.41 10.36 9.29 8.75 8.48 18.11
30.57 28.94 24.72 20.45 17.47 14.57 16.31 18.85 19.53 19.11 17.91 18.80 22.72 27.30 29.57 29.07 27.22 25.86 23.91 23.40 22.80 20.91 18.55 17.65 16.62 16.37 15.07 16.25 21.10 24.36 24.96 25.63 31.44 34.30 31.80 19.15 9.09 15.81 20.72 24.00 26.20 27.12 29.24 27.50 26.01 27.45 25.41 22.54 23.04 23.79 24.10 23.08 20.77 18.02 16.64 16.86 17.18 18.19 19.49 20.23 19.89 19.15 18.34 16.85 15.11 13.86 13.11 13.11 13.83 14.34 14.39 14.40 14.98 9.18 9.59 9.57 18.00 18.29 18.43
32.82 28.41 22.05 17.40 14.45 18.14 20.94 21.40 21.00 20.54 22.03 27.74 28.86 31.68 28.55 26.46 23.81 22.32 21.22 22.11 22.72 20.82 18.84 17.82 13.32 12.24 11.50 13.94 22.76 25.45 24.65 27.54 33.30 35.51 32.42 20.29 12.94 13.58 17.17 20.53 23.15 23.92 24.03 25.76 26.58 28.04 22.77 20.72 21.14 22.18 23.05 22.74 21.70 20.54 18.34 15.75 15.89 17.77 18.73 19.89 20.08 20.88 19.45 18.55 17.32 16.02 13.29 14.13 9.20 12.12 14.10 11.49 11.39 13.79 15.46 18.50 19.13 19.39 19.55
32.83 27.37 20.76 18.24 20.60 22.22 22.08 22.56 23.62 23.96 27.20 32.76 34.25 31.04 27.08 22.34 20.10 19.83 21.34 22.99 22.75 20.27 17.90 12.62 13.38 11.61 14.05 20.17 26.40 27.43 25.47 28.85 33.91 34.77 31.31 19.42 13.92 14.66 16.99 20.41 23.32 23.96 23.20 24.05 26.37 23.58 22.68 17.68 17.30 18.76 20.27 20.73 21.51 22.28 18.28 16.34 17.54 18.59 19.44 20.04 19.99 20.58 22.91 20.48 19.71 18.60 16.84 15.88 16.82 17.94 16.11 15.88 16.62 17.83 18.82 19.38 19.68 19.85 20.37
31.04 28.01 22.21 22.63 23.94 24.97 24.79 24.98 25.93 27.72 33.02 30.29 29.00 22.50 19.65 18.88 18.26 18.15 20.86 22.85 22.65 22.10 19.14 17.78 15.79 15.44 21.13 26.54 29.31 28.47 25.09 25.89 32.70 35.26 28.37 19.03 14.05 15.38 17.47 18.04 19.45 19.74 20.12 22.72 24.38 23.47 23.48 22.23 22.51 22.15 19.55 19.90 20.05 19.23 16.31 15.10 18.70 21.86 22.70 22.64 22.90 24.35 25.23 24.90 24.32 23.91 18.61 20.62 19.40 19.64 20.73 20.36 20.43 21.37 20.61 19.56 14.92 12.18 14.48
30.44 28.50 24.86 28.18 29.02 26.56 24.51 24.22 27.48 30.53 30.63 22.46 19.66 16.14 14.87 16.79 18.26 18.86 21.16 22.75 23.09 22.33 20.12 18.28 18.94 21.89 24.97 25.71 26.83 26.95 22.40 21.67 31.23 35.83 29.69 20.94 17.61 19.90 18.71 17.93 18.13 17.79 15.81 15.46 15.47 16.15 16.91 16.70 16.63 18.46 21.91 26.78 20.90 18.53 15.72 15.50 19.61 23.27 23.67 23.22 23.34 23.35 23.72 23.50 23.51 24.27 24.18 22.42 20.79 19.59 16.67 16.63 20.22 17.99 21.16 18.75 18.36 20.57 19.27
32.37 28.38 26.89 30.65 24.00 19.90 20.51 26.50 33.40 33.48 25.86 16.60 15.20 14.02 14.60 17.24 19.76 21.85 24.45 25.16 23.69 21.74 19.22 17.68 18.93 22.16 21.11 20.83 25.54 26.13 21.98 22.86 32.09 36.26 32.83 20.66 16.61 17.77 19.54 19.54 17.18 17.55 16.26 7.90 9.78 10.50 11.21 12.35 14.26 18.00 20.60 21.40 27.40 19.77 18.70 18.51 20.58 21.14 21.06 21.28 21.43 22.61 16.24 9.86 18.79 18.08 14.18 21.65 9.11 18.19 18.63 18.91 7.12 18.79 18.53 19.14 20.84 17.93 10.61
34.35 26.74 19.19 20.59 16.11 13.31 17.81 31.70 28.79 23.89 17.35 14.27 10.27 12.12 11.85 16.09 20.12 23.87 27.80 26.71 23.29 20.79 17.96 16.89 17.96 18.35 16.12 19.87 26.50 26.78 20.34 20.95 30.92 37.38 34.63 20.38 15.45 17.53 19.81 16.92 17.99 17.31 19.06 7.17 6.22 7.03 7.22 6.92 7.60 10.29 18.90 22.73 21.95 22.27 19.75 21.11 21.09 19.76 17.79 17.34 14.65 17.78 19.67 19.63 19.36 18.95 10.70 19.47 19.81 18.98 18.91 12.56 9.60 8.64 19.17 19.33 19.32 19.51 19.73
28.82 23.64 14.11 10.34 9.25 9.46 24.81 31.10 22.01 12.55 7.12 5.83 10.38 6.56 5.64 11.43 16.35 25.00 32.11 26.32 21.49 18.91 15.69 15.38 17.36 17.29 16.64 22.59 27.30 24.70 17.46 17.71 27.73 35.96 30.88 16.83 13.60 17.04 17.69 15.97 18.63 18.46 18.09 16.87 13.34 3.62 4.37 8.02 5.65 5.80 9.91 12.16 20.86 20.79 17.61 18.19 15.07 13.02 12.40 13.49 14.71 13.75 19.31 19.11 19.21 19.61 19.88 20.19 20.26 19.51 18.96 19.23 9.80 20.14 20.35 20.21 19.91 20.19 20.09
22.37 15.53 13.83 4.75 9.84 22.80 29.69 22.01 12.39 4.99 3.67 2.47 9.54 0.44 3.83 10.22 20.53 33.05 30.70 21.62 20.55 19.37 15.37 14.94 17.05 15.29 17.01 24.08 26.29 20.24 16.90 22.08 29.10 34.57 30.07 17.41 16.73 18.17 13.49 15.61 19.01 19.03 17.05 16.10 14.59 2.98 3.26 6.77 8.25 9.13 8.59 10.14 11.49 14.98 9.12 11.06 15.07 14.40 17.09 17.69 13.44 12.81 14.95 13.48 11.69 11.05 19.10 19.06 18.83 18.74 19.15 16.14 19.82 20.26 20.87 20.79 20.75 21.09 12.32
18.60 12.24 7.15 12.99 18.65 20.95 21.36 13.46 5.35 3.52 4.53 3.89 4.10 13.58 14.10 16.27 29.51 34.70 25.67 17.14 20.07 19.92 17.73 18.36 16.94 14.47 19.14 24.57 23.38 18.24 20.87 26.69 31.82 35.29 35.03 22.04 19.77 20.58 17.78 14.50 17.53 18.75 14.98 14.83 12.39 12.41 11.60 10.37 7.07 11.63 13.11 12.32 14.08 16.89 17.74 17.25 16.92 16.21 15.69 16.02 16.46 16.96 17.52 17.66 17.89 18.24 10.24 9.62 9.86 12.93 18.77 19.51 19.54 20.08 20.87 21.15 21.05 21.33 12.34
16.06 9.89 11.94 14.53 20.01 17.46 13.03 5.21 5.73 10.26 13.57 16.49 17.31 16.83 18.21 30.15 41.11 35.16 20.20 14.91 19.82 20.74 19.60 18.21 15.02 15.44 20.07 22.21 19.81 20.27 25.70 28.20 31.16 34.14 34.54 27.83 17.32 18.52 18.20 18.42 17.54 18.23 16.52 16.10 15.45 12.46 12.17 3.60 6.79 10.85 13.16 10.06 14.05 16.19 17.01 17.02 16.77 15.99 15.25 15.29 15.54 15.81 16.27 16.50 16.74 11.39 13.27 17.82 18.09 18.03 18.74 19.47 19.75 20.18 20.81 21.07 12.92 13.19 21.78
13.15 12.31 9.93 14.16 12.97 12.20 10.58 5.43 10.23 14.68 17.58 18.00 19.40 21.40 30.61 43.81 44.49 30.14 16.37 14.11 19.01 19.62 18.39 15.31 14.82 16.27 18.16 18.75 20.43 24.97 27.73 27.88 29.50 32.54 33.73 29.87 19.22 17.49 18.07 19.74 18.77 18.41 16.53 15.85 16.28 14.65 15.91 16.34 3.88 14.24 13.61 13.09 11.29 9.31 15.43 15.78 16.05 15.93 16.03 16.19 15.93 15.70 15.55 15.29 15.40 16.15 17.09 17.89 18.08 18.27 18.81 19.26 19.68 20.15 13.50 13.75 21.15 21.77 21.84
14.66 14.28 10.59 9.73 6.98 3.71 4.65 9.26 14.30 18.10 16.41 20.62 24.82 32.59 44.49 49.11 38.95 21.19 13.19 19.91 18.98 19.11 19.32 18.10 17.02 16.67 17.76 19.64 23.22 27.06 27.34 25.90 28.74 32.37 32.66 27.00 23.32 19.19 17.51 18.25 19.03 18.49 16.04 14.91 15.86 14.72 13.23 12.96 11.71 10.33 9.54 10.70 13.44 13.65 13.35 13.65 14.18 15.03 15.83 16.21 15.97 15.58 15.36 15.30 15.57 16.46 17.30 17.81 17.92 18.14 18.42 18.69 19.26 20.00 13.29 20.77 20.82 21.60 21.95
19.80 12.90 6.14 5.33 7.44 4.45 11.41 14.55 16.38 17.11 21.35 26.50 33.46 44.13 52.97 48.27 30.76 15.33 11.51 18.31 18.27 18.37 17.62 16.78 15.55 15.68 16.88 20.52 24.93 27.11 26.60 26.25 30.14 32.87 28.36 23.11 21.60 21.12 18.27 18.61 19.25 19.78 18.21 14.78 14.62 13.62 12.29 11.80 11.28 9.95 10.92 12.42 15.63 12.15 11.76 12.32 13.02 14.07 14.96 15.24 14.98 14.73 15.00 15.78 16.55 17.37 17.72 17.55 17.42 17.76 18.32 18.65 19.17 19.87 14.11 20.14 19.99 20.88 21.40
8.90 10.98 6.74 5.48 8.11 8.91 10.78 12.10 19.12 27.48 31.38 33.92 42.46 52.36 53.13 42.30 25.41 15.65 12.86 16.85 16.90 15.09 13.32 13.01 12.62 12.98 14.31 20.15 25.64 27.08 27.45 29.54 31.03 31.64 25.98 21.54 20.13 19.76 18.69 18.61 19.54 19.83 17.32 15.77 13.63 12.37 12.08 10.37 2.16 11.05 8.24 8.91 9.83 12.96 10.71 11.19 12.31 13.23 14.26 14.44 13.94 13.78 14.32 15.30 16.23 16.90 17.18 17.00 16.60 16.95 18.09 18.50 18.98 19.67 20.26 19.96 19.14 19.73 12.42
8.87 14.79 8.11 2.95 5.61 8.51 12.78 22.70 32.55 37.65 39.09 44.12 50.35 50.54 43.21 33.12 21.74 14.58 13.94 16.78 11.96 10.40 12.11 12.23 9.75 8.58 10.10 18.83 24.07 26.39 28.41 30.92 29.60 28.06 24.26 20.19 18.81 19.61 18.54 17.52 19.36 19.47 17.81 16.39 14.03 13.61 10.25 9.07 1.46 2.25 10.14 6.29 8.59 12.59 10.02 10.60 11.82 12.64 13.55 13.65 13.05 12.95 13.68 14.59 15.56 16.23 16.34 16.30 16.05 16.25 17.47 18.24 18.74 19.27 20.23 20.67 19.80 19.59 20.03
16.42 12.36 8.22 4.50 9.84 17.68 26.51 35.20 39.87 41.50 44.62 50.45 52.84 47.02 38.21 29.26 19.60 11.90 11.16 16.27 15.97 5.67 15.26 12.82 7.58 5.21 6.04 16.09 25.19 28.72 29.32 29.61 27.29 24.80 22.40 18.91 17.28 20.04 17.72 17.27 19.00 20.05 19.20 16.51 14.18 13.78 10.90 9.82 11.73 3.31 1.63 7.86 11.65 9.54 9.28 10.46 11.76 12.13 12.63 12.92 12.46 12.24 12.90 13.77 14.69 15.64 15.88 15.72 15.61 15.74 16.60 13.93 14.61 18.72 19.72 14.16 21.01 20.63 20.84
10.92 11.77 10.16 13.24 23.14 32.86 38.63 40.97 41.58 42.86 44.29 47.49 47.76 44.58 38.57 28.49 18.71 9.80 11.55 15.23 10.29 12.80 11.13 11.60 7.47 3.88 2.89 15.65 24.65 30.03 30.12 27.77 23.70 20.63 19.85 18.39 16.50 18.64 16.35 16.26 18.68 18.89 17.65 12.06 10.46 12.92 11.37 11.31 8.37 0.65 1.14 6.85 10.88 10.06 8.03 9.51 11.44 11.50 11.17 11.84 12.09 11.81 12.20 13.08 13.74 14.76 15.37 15.01 14.83 15.34 11.22 12.32 14.39 18.07 18.59 19.49 20.25 20.42 20.07
12.44 15.30 16.63 24.88 35.35 40.24 40.34 40.27 39.35 40.24 40.78 40.12 40.57 40.28 37.56 28.77 19.26 9.31 11.53 15.56 10.17 11.67 12.84 7.11 5.44 3.18 4.43 17.17 26.00 29.76 28.28 26.23 22.77 18.41 17.98 17.70 16.29 17.42 14.48 14.88 15.86 17.44 18.39 14.28 9.18 6.18 6.61 7.74 6.36 8.44 4.57 5.54 5.62 4.45 6.70 7.03 10.17 10.94 10.32 10.44 11.11 11.06 11.40 10.98 12.98 13.97 14.62 14.33 14.18 14.96 15.71 16.40 11.28 17.68 12.85 18.13 19.19 19.75 14.77
12.85 13.63 15.83 30.46 39.14 38.47 36.23 34.28 33.96 35.52 35.13 34.13 36.14 37.09 36.72 28.26 19.18 6.22 13.08 16.19 11.03 10.83 8.31 5.94 3.83 5.20 12.82 20.65 26.16 26.82 23.28 26.54 24.11 19.12 17.57 15.61 15.10 15.91 13.26 13.80 15.40 19.43 18.72 16.94 12.24 9.39 8.47 9.66 9.05 8.15 6.43 5.77 4.80 4.47 2.92 4.53 7.58 10.09 10.10 9.79 10.03 10.12 10.28 11.00 11.97 13.10 13.88 13.92 13.75 14.21 15.19 16.20 11.90 17.63 18.26 12.72 16.49 13.48 19.73
