examples/cougarCreek-fire/createInputs/WindNinja/wrfout_d3.2015081112.f12/cougarCreekFire_08-12-2015_0000_217m_non_neutral_stability_vel.asc
ncols	146
nrows	140
xllcorner	610065.000000
yllcorner	5095217.000000
cellsize	216.586807
NODATA_value	-9999.000000
[rows 0 to 33 of 140, columns 0 to 76 of 146]
9.18 9.41 9.73 9.66 9.51 9.71 9.92 10.09 10.31 7.90 10.51 10.72 10.90 10.96 11.28 11.67 11.76 11.98 12.37 12.67 13.11 12.15 14.58 14.76 14.63 14.73 15.18 15.68 16.05 16.21 16.11 16.09 16.49 16.73 16.87 17.24 17.64 23.14 19.67 18.41 20.70 20.73 18.85 21.43 21.74 21.83 19.63 19.74 19.89 19.67 19.22 18.80 18.76 18.60 18.62 18.45 17.35 16.57 17.03 17.16 16.58 16.45 16.47 16.24 16.01 15.54 15.42 15.74 15.87 15.80 15.26 14.61 14.50 14.57 14.85 14.79 13.71
9.18 9.41 9.73 9.66 9.51 9.71 9.92 10.09 10.31 7.90 10.51 10.72 10.90 10.96 11.28 11.67 11.76 11.98 12.37 12.67 13.11 12.15 14.58 14.76 14.63 14.73 15.18 15.68 16.05 16.21 16.11 16.09 16.49 16.73 16.87 17.24 17.64 23.14 19.67 18.41 20.70 20.73 18.85 21.43 21.74 21.83 19.63 19.74 19.89 19.67 19.22 18.80 18.76 18.60 18.62 18.45 17.35 16.57 17.03 17.16 16.58 16.45 16.47 16.24 16.01 15.54 15.42 15.74 15.87 15.80 15.26 14.61 14.50 14.57 14.85 14.79 13.71
8.35 8.58 8.98 8.93 8.68 8.84 9.04 9.26 9.55 9.73 9.86 10.11 10.25 10.26 10.59 10.95 11.04 11.29 11.73 12.12 12.68 11.91 14.48 14.49 14.18 14.30 14.82 15.40 15.78 15.82 15.69 15.75 16.33 16.70 16.88 17.32 17.75 18.02 18.17 18.44 18.70 18.67 18.78 19.15 19.61 19.64 19.13 19.35 19.62 19.32 18.98 18.76 18.77 18.61 18.54 18.01 16.62 16.26 17.10 17.21 16.61 16.47 16.53 16.31 15.92 15.43 15.58 16.03 16.04 15.63 14.74 14.20 14.34 14.64 15.01 14.71 13.42
7.68 7.86 8.23 8.21 7.91 8.01 8.17 8.41 8.78 9.06 9.32 9.62 9.72 9.65 9.89 10.15 10.27 10.61 11.12 11.62 12.29 11.74 14.35 14.36 13.97 13.99 14.38 15.02 15.45 15.34 15.29 15.39 16.05 16.65 16.90 17.37 17.91 18.36 18.56 18.67 18.73 18.68 18.93 19.09 19.41 19.34 18.57 19.00 19.49 19.16 18.80 18.53 18.46 18.34 18.09 17.07 15.78 16.13 17.08 17.21 16.88 16.55 16.60 16.40 15.77 15.54 16.04 16.36 16.03 15.18 14.20 14.02 14.40 14.89 15.17 14.54 13.15
7.04 7.13 7.38 7.42 7.22 7.25 7.38 5.65 5.77 6.52 8.65 9.03 9.24 9.16 9.22 9.43 9.59 10.06 10.69 11.16 10.21 11.22 12.60 14.15 14.02 13.89 13.96 14.61 15.17 15.11 15.23 15.19 15.76 16.58 16.85 17.32 17.98 18.68 19.10 19.06 18.79 18.98 19.28 19.04 19.22 19.19 18.75 19.29 19.80 19.42 18.57 18.02 17.96 19.91 17.33 16.34 15.77 16.60 17.20 17.32 17.25 16.71 16.69 16.31 15.82 16.12 16.40 16.19 15.47 14.68 14.36 14.50 14.84 15.17 15.04 14.21 12.95
6.29 6.35 6.50 6.59 6.50 6.50 6.60 6.81 7.08 5.89 6.21 7.30 8.67 8.69 8.63 8.82 8.97 9.55 8.98 10.66 9.87 10.57 11.73 13.84 14.09 13.79 13.62 14.38 15.08 15.12 15.10 14.91 15.63 16.48 16.71 17.36 18.10 18.88 19.41 19.29 19.02 19.39 19.49 19.01 19.13 19.38 19.30 19.68 19.88 20.54 19.56 19.08 17.46 17.13 16.74 16.32 16.26 17.08 17.56 17.50 17.33 16.95 16.64 16.09 16.21 16.58 18.71 15.74 14.94 14.75 14.99 15.00 15.07 15.04 14.56 13.71 12.80
5.52 5.56 5.61 5.70 5.74 5.75 5.79 4.58 4.96 5.55 5.43 6.00 7.50 8.12 8.18 8.26 8.46 9.03 8.05 8.63 9.55 10.18 11.27 12.74 14.13 14.02 13.56 14.18 15.03 15.45 14.64 14.76 15.78 16.35 16.55 17.46 18.25 18.92 19.54 19.90 19.92 19.89 20.19 19.17 19.46 20.37 20.58 21.11 21.19 20.05 21.94 17.11 18.93 16.70 16.70 16.76 16.84 17.44 17.76 17.45 17.32 19.47 19.03 16.26 16.71 18.80 16.01 15.40 14.92 15.27 15.44 15.08 14.85 14.58 14.10 13.51 13.07
4.73 4.77 4.74 4.80 4.91 4.96 5.00 3.79 3.71 4.16 4.56 4.96 6.29 7.76 8.43 7.77 8.02 8.27 7.83 8.09 9.17 9.91 10.96 12.33 13.87 13.98 13.80 14.13 14.96 15.44 14.30 14.71 15.96 16.04 16.38 17.56 18.34 18.90 19.57 20.03 20.45 20.60 20.09 20.01 20.56 21.05 21.04 20.87 20.36 22.37 18.94 18.38 16.82 16.66 16.94 16.99 17.18 17.63 17.69 17.37 19.48 19.31 16.46 16.74 16.84 18.80 15.85 15.32 15.29 15.59 15.33 14.78 14.53 14.33 14.06 13.63 13.34
3.93 3.99 3.92 3.93 4.04 3.96 4.23 4.10 3.77 3.80 4.21 4.42 5.14 6.59 7.68 7.29 7.86 7.91 7.40 7.29 8.82 9.54 6.60 8.26 13.45 13.97 13.83 14.15 14.79 15.10 14.66 14.95 16.13 15.69 16.34 17.26 18.31 18.80 19.43 20.29 21.06 20.78 20.19 20.72 21.20 20.27 19.84 19.81 19.37 18.79 18.44 18.63 18.56 18.24 18.50 17.15 17.52 17.72 19.72 17.22 18.92 17.07 16.96 17.00 19.00 18.64 18.14 17.47 15.56 15.51 14.99 14.50 14.54 14.49 14.09 13.56 13.43
3.15 3.19 3.10 3.09 3.18 2.21 2.83 3.44 3.58 3.78 3.98 4.09 4.69 5.43 6.84 7.36 7.56 7.77 6.94 3.80 4.97 9.19 9.93 11.28 10.27 13.96 13.85 14.11 14.41 14.95 14.70 14.89 15.72 15.71 16.07 17.44 18.31 18.77 19.85 21.25 21.83 21.14 20.64 21.53 21.39 19.67 18.84 19.07 19.23 18.96 19.13 18.34 18.34 18.02 17.16 17.61 17.76 17.62 19.01 17.03 17.23 17.57 17.38 19.16 18.77 18.32 17.79 17.36 15.58 15.28 14.80 14.56 14.70 14.55 13.91 13.38 13.72
3.47 2.39 2.25 2.25 2.33 2.46 1.56 2.26 2.73 3.04 3.36 3.71 3.96 4.97 5.86 6.38 7.14 6.84 6.75 6.90 4.49 6.77 9.41 10.75 8.28 14.69 16.16 15.91 14.30 14.99 14.63 14.66 15.60 15.68 16.10 17.41 18.24 19.10 20.67 22.04 22.42 21.66 21.25 24.69 24.21 21.89 19.04 19.48 19.61 22.11 21.58 20.23 16.80 16.61 17.74 18.18 17.83 18.49 17.09 17.18 17.83 18.63 19.62 19.12 18.48 18.13 18.08 17.73 15.52 15.09 14.79 14.71 14.63 14.40 13.80 13.51 14.24
1.63 1.59 2.65 2.35 2.15 1.70 1.79 1.55 2.15 5.16 5.26 3.23 3.68 3.84 4.66 5.28 5.97 6.63 6.42 6.80 4.72 6.58 6.58 10.28 12.38 12.84 16.58 15.45 15.39 14.78 14.33 14.56 15.40 15.53 16.22 17.45 18.29 19.52 21.02 22.26 23.25 24.25 23.04 23.21 23.50 22.42 19.43 19.91 22.08 21.71 20.31 16.74 15.93 17.34 18.49 19.20 18.72 18.46 17.85 17.63 18.36 19.93 19.40 19.03 18.84 16.42 15.92 15.62 15.44 14.92 14.74 14.73 14.56 14.31 13.86 13.86 14.62
0.85 0.81 0.64 2.17 2.25 2.08 0.95 1.15 1.28 1.86 5.31 5.61 5.44 3.54 4.00 4.72 5.78 5.75 5.74 6.45 5.17 6.47 7.27 5.03 11.78 9.11 16.38 14.98 15.59 17.21 14.07 14.37 14.99 15.47 16.38 17.65 18.69 19.66 20.76 22.84 25.68 25.66 22.93 22.45 22.53 21.48 19.69 22.30 21.51 17.93 16.89 16.25 16.46 18.13 19.50 19.51 19.00 18.87 18.53 18.15 20.61 19.67 19.10 16.87 16.63 16.30 15.83 15.60 15.33 14.82 14.70 14.84 14.65 14.21 14.01 14.31 14.75
0.30 0.20 0.19 0.21 0.19 2.13 0.28 0.48 1.15 1.07 1.39 5.27 5.50 5.44 3.35 4.19 4.97 5.33 5.56 5.43 5.25 5.84 7.70 6.56 5.43 8.88 15.54 15.04 16.48 17.94 17.29 14.09 14.88 15.39 15.18 16.35 18.51 19.00 18.23 21.86 28.42 26.75 23.05 21.88 20.90 18.67 20.25 22.58 20.65 17.11 16.49 16.46 16.93 18.22 19.97 19.79 19.78 19.75 19.67 20.28 20.54 19.62 16.75 16.93 16.58 16.15 15.85 15.63 15.31 14.90 14.82 14.97 14.68 14.18 14.24 14.58 14.60
0.93 0.90 1.02 1.02 0.96 0.88 0.76 0.61 0.49 1.64 1.15 1.19 1.24 5.00 5.36 5.85 6.45 6.77 6.52 6.64 7.26 7.28 8.84 8.96 7.06 9.12 14.31 15.01 16.55 17.71 17.38 13.80 13.86 15.00 15.00 16.12 18.55 19.05 17.69 20.95 32.67 27.28 22.64 20.50 19.48 20.53 22.61 23.35 21.55 19.06 16.48 17.32 17.67 18.53 19.69 19.64 21.71 19.51 19.65 20.05 17.66 17.00 16.75 16.93 18.71 17.72 17.23 16.93 15.49 15.19 15.79 14.86 14.57 14.31 14.31 14.47 14.34
1.75 1.75 1.88 1.84 1.76 1.66 3.32 3.19 2.88 2.50 2.00 1.66 5.55 4.77 4.70 5.44 6.39 6.62 6.19 6.54 7.61 7.79 9.17 10.29 8.47 9.06 13.17 15.09 16.48 17.31 16.02 13.82 14.59 15.21 15.04 16.65 17.55 18.36 20.08 24.36 31.59 27.98 23.80 20.95 20.45 22.49 24.19 23.44 21.16 18.07 16.89 18.45 20.12 20.43 19.30 20.04 22.23 19.18 21.11 19.67 19.61 19.01 18.50 18.35 17.65 17.41 17.73 15.73 15.80 15.44 14.85 14.52 14.45 14.46 14.27 14.20 14.10
2.27 2.29 2.42 2.37 2.28 2.18 2.04 3.43 3.42 3.03 2.53 2.16 6.69 6.35 4.81 4.19 3.44 5.66 5.16 5.17 6.86 7.23 9.22 9.14 9.69 9.39 12.77 15.19 17.24 16.78 14.37 13.06 14.96 15.46 15.50 16.58 16.78 17.92 21.72 26.68 28.89 27.99 25.23 22.67 22.14 23.61 23.52 22.41 20.11 18.15 17.93 21.63 21.46 21.37 21.68 20.65 19.46 21.34 19.24 19.35 19.40 18.44 18.12 18.33 17.78 18.45 16.12 17.07 16.02 15.35 14.47 14.29 14.41 14.50 14.30 14.01 13.88
2.53 2.53 2.66 2.64 2.55 2.44 4.00 3.61 3.57 6.96 2.84 2.38 6.50 6.66 5.13 4.14 3.63 3.25 3.15 2.73 4.16 4.27 8.18 11.74 10.70 9.94 13.21 15.29 16.16 14.80 13.33 13.56 14.25 14.66 16.04 15.66 15.82 17.89 22.22 27.37 28.79 27.86 25.42 22.85 22.05 22.44 22.34 21.60 20.16 19.89 21.86 21.55 21.04 20.92 22.92 20.08 18.95 20.93 19.45 18.82 18.80 18.61 18.88 19.06 18.94 16.75 16.02 18.59 18.41 14.96 14.29 14.31 14.46 14.49 14.37 13.98 13.70
2.79 2.77 2.89 2.91 2.85 2.70 2.56 3.82 7.14 7.28 3.12 2.73 6.69 6.06 5.51 5.18 4.37 3.83 3.73 2.54 3.35 4.14 4.48 9.65 10.24 10.76 13.52 14.91 14.72 14.06 13.72 14.18 14.01 14.18 15.52 14.39 14.53 17.63 22.49 26.87 28.41 27.47 25.70 23.60 21.60 21.03 21.21 21.22 20.40 21.62 20.87 20.40 20.21 17.53 22.64 21.81 18.31 19.24 21.39 18.35 18.37 20.77 19.14 19.22 17.29 18.95 18.50 18.45 15.59 14.73 14.42 14.48 14.47 14.46 14.46 14.02 13.54
3.06 3.02 3.12 3.17 3.11 2.97 4.31 4.11 7.52 7.56 3.27 7.38 6.96 6.56 6.66 5.94 5.56 5.15 4.94 3.82 4.04 5.22 3.53 5.44 8.83 11.44 13.97 14.65 14.11 13.78 14.29 14.54 16.40 13.41 14.34 13.68 14.03 15.91 21.70 26.80 28.95 28.11 25.60 23.21 22.01 21.49 20.80 21.10 21.92 22.05 20.12 19.03 17.55 20.23 22.18 20.33 19.96 19.32 20.69 20.04 18.87 21.21 18.99 18.95 19.13 16.54 15.83 15.62 15.36 14.80 14.62 14.58 14.39 14.45 14.55 13.93 13.35
3.32 3.28 3.37 4.65 4.48 4.45 4.50 4.41 4.03 7.76 3.57 7.72 7.68 6.97 6.91 6.73 5.93 5.56 5.20 4.61 4.53 5.90 2.91 3.06 4.93 10.83 13.97 14.13 13.98 13.86 14.49 15.26 12.92 12.00 13.83 13.48 14.95 16.14 20.69 27.99 30.91 29.68 25.03 22.50 21.98 21.92 20.96 20.77 15.68 21.04 19.95 18.54 18.85 21.71 19.59 18.46 19.55 21.61 21.14 20.14 20.59 21.00 18.29 18.49 17.33 16.48 15.76 15.40 15.20 14.85 14.69 14.59 14.36 14.45 14.47 13.74 13.25
3.52 3.55 3.64 4.79 4.64 4.71 4.75 4.58 4.31 8.18 7.90 7.98 7.31 7.67 6.67 0.18 6.06 5.51 5.36 4.50 4.12 5.31 4.18 4.39 6.06 9.69 12.61 13.37 13.97 14.23 14.56 16.15 12.05 11.09 13.48 13.42 15.73 16.07 22.06 28.80 31.20 27.74 25.56 22.80 22.11 22.12 20.97 19.73 19.14 18.92 19.57 18.33 20.47 19.30 17.59 20.16 22.27 22.80 21.29 19.53 21.02 20.85 20.22 17.63 18.91 18.22 17.71 17.51 15.01 14.76 14.77 14.68 14.32 14.34 14.25 13.62 13.32
3.71 3.77 3.89 3.92 5.04 5.15 5.00 4.95 4.65 8.16 8.41 8.77 8.57 6.19 7.40 0.67 5.80 1.13 5.09 4.53 4.37 4.79 4.10 3.43 4.76 9.15 12.22 13.38 14.73 14.92 14.89 13.96 11.39 12.45 13.01 15.59 14.02 14.82 22.89 28.29 26.35 26.11 24.24 23.03 22.26 22.77 21.65 18.89 17.70 17.55 17.98 17.49 18.36 16.85 19.27 22.27 22.01 22.32 20.82 19.93 21.60 20.91 18.96 19.52 19.13 18.19 17.28 15.22 14.87 14.78 14.94 14.70 14.18 14.13 14.03 13.65 13.48
3.94 4.01 4.13 4.16 4.17 4.13 5.24 5.09 8.93 8.39 8.62 9.32 8.95 7.04 7.98 7.00 6.86 6.17 5.46 5.79 5.30 5.12 4.68 2.45 1.26 6.24 12.84 13.55 15.01 14.58 13.84 14.42 11.17 10.54 12.54 12.58 13.74 16.14 22.55 27.23 25.79 24.54 24.69 23.98 22.55 22.59 21.42 18.92 17.04 17.65 16.41 16.72 18.45 18.19 21.02 22.68 21.56 22.00 21.38 21.75 22.03 18.72 18.73 17.33 18.27 17.48 16.88 16.67 14.90 14.91 14.93 14.47 14.00 13.98 13.91 13.73 13.61
4.18 4.26 4.38 4.41 4.43 4.38 5.54 5.28 5.06 9.28 9.03 9.57 9.36 8.67 7.84 7.60 7.29 6.78 5.99 5.37 5.44 5.39 5.41 4.35 2.11 4.77 12.29 13.09 13.58 13.51 13.75 13.66 11.25 10.44 11.36 11.20 13.79 17.39 24.16 26.27 23.31 25.02 26.38 18.72 23.12 22.42 21.68 19.73 18.87 18.55 15.16 17.17 20.25 21.28 23.36 23.97 23.32 23.05 22.31 21.92 21.59 18.43 19.69 19.82 18.47 17.52 16.91 16.85 14.98 16.77 14.60 14.21 13.96 13.92 13.80 13.75 13.67
4.40 4.50 4.64 4.68 4.71 4.64 5.75 5.58 5.30 10.02 9.31 9.88 9.52 9.40 8.48 8.11 7.72 7.24 6.53 5.78 5.27 5.67 5.38 4.86 3.65 5.54 11.91 12.52 11.76 14.32 16.48 12.83 10.60 12.30 11.60 12.77 14.94 19.39 25.96 23.55 20.30 24.40 25.55 23.87 22.80 17.18 22.39 15.11 19.36 17.97 16.05 17.55 22.14 21.94 24.34 25.07 24.17 17.86 22.34 21.77 21.18 18.14 20.18 22.16 18.92 17.84 17.71 17.42 17.06 16.99 16.86 14.08 13.96 13.86 13.73 13.72 13.58
4.61 4.72 4.87 4.93 6.22 6.03 6.13 5.85 10.49 10.60 10.27 10.24 9.79 9.18 9.07 8.50 8.00 7.55 6.84 6.24 5.62 5.89 5.46 4.71 3.53 5.00 11.71 12.03 12.53 17.26 16.92 11.77 10.11 10.41 10.71 12.51 16.58 20.59 23.80 22.76 21.57 23.02 24.65 23.76 22.20 21.40 20.73 19.89 18.75 17.43 16.61 19.28 21.63 21.88 23.96 24.59 23.15 21.93 21.83 21.56 20.83 18.11 18.60 21.49 21.17 21.05 18.49 17.66 16.78 16.68 16.76 14.05 13.94 13.84 13.75 13.59 13.33
4.85 4.93 5.06 5.14 6.71 6.61 6.50 6.39 10.96 11.46 10.66 10.69 10.43 9.59 9.97 9.25 8.74 8.11 7.13 6.66 5.89 6.06 5.72 4.34 3.13 3.26 10.17 13.05 16.65 21.05 15.22 10.29 13.95 10.69 12.86 14.28 18.02 21.01 21.44 21.54 21.25 21.72 23.64 23.96 22.08 20.65 20.30 19.65 19.35 16.80 17.21 20.31 21.66 20.43 24.12 24.62 22.06 20.76 21.33 21.95 21.63 21.60 22.61 22.63 22.09 21.50 20.71 17.61 16.65 16.35 16.41 14.05 13.89 13.84 13.70 13.37 13.10
5.12 5.18 5.27 5.37 5.46 6.85 6.72 6.54 6.35 11.59 11.11 10.72 10.62 9.94 10.60 9.80 8.94 8.56 7.75 7.16 6.43 6.26 5.99 4.96 3.79 2.60 5.10 14.04 21.07 23.58 13.76 10.74 15.21 17.50 17.78 18.07 19.33 18.94 19.29 20.69 21.26 22.08 23.50 24.25 22.64 15.57 15.20 14.42 18.90 15.04 18.21 21.85 21.44 20.52 26.64 24.10 21.58 21.42 22.44 22.83 22.45 22.14 22.38 22.19 21.54 21.04 20.45 17.68 17.17 16.80 16.65 14.01 13.83 13.78 13.56 13.21 13.05
5.39 5.44 5.52 5.59 5.65 7.03 7.11 11.57 10.63 11.37 11.30 10.79 10.56 10.01 10.26 10.18 9.32 8.85 8.21 7.58 6.93 6.53 6.12 5.48 4.15 3.03 2.09 9.39 22.00 24.26 17.94 15.61 20.60 23.64 24.85 20.46 17.36 15.37 17.38 19.87 21.27 22.40 20.22 18.18 17.29 15.84 14.52 18.74 14.48 16.03 18.86 22.03 22.51 24.59 26.98 22.95 21.95 22.32 22.44 22.06 21.73 21.96 22.17 21.72 21.06 18.09 17.86 17.67 17.38 17.08 16.84 14.02 13.86 13.74 13.47 13.15 13.03
5.69 5.70 5.77 5.84 5.89 7.20 7.16 7.15 12.36 12.39 12.66 12.06 11.30 10.62 10.15 10.40 9.70 8.52 8.04 7.38 7.05 6.63 6.38 5.68 4.35 3.13 2.90 5.23 17.93 24.70 28.21 28.15 26.77 25.72 23.52 20.18 14.21 10.75 15.64 17.05 17.40 18.35 15.96 16.72 17.73 16.80 18.80 14.59 15.24 16.94 18.64 20.73 26.39 27.30 24.88 22.40 21.31 21.76 21.57 21.00 21.26 21.94 21.93 21.40 20.87 17.93 17.53 17.27 16.95 16.60 16.20 14.13 13.94 13.72 13.40 13.06 12.92
6.03 5.98 5.96 6.08 6.18 7.36 7.42 7.43 12.61 12.86 12.49 13.10 12.73 12.20 10.89 10.83 10.55 9.52 8.34 7.56 6.71 4.72 5.75 5.40 4.52 3.55 3.45 3.80 12.14 22.71 35.29 33.21 25.54 23.61 19.48 14.44 16.50 18.57 12.21 12.61 16.07 17.18 14.56 15.80 17.80 17.64 15.15 16.12 15.09 16.86 18.17 21.19 28.18 25.14 22.30 21.64 21.37 21.01 20.17 19.77 21.03 21.77 21.93 21.18 20.82 20.68 17.83 17.57 17.21 16.97 16.97 16.96 16.67 16.47 13.39 13.03 12.84
6.33 6.34 6.23 6.22 6.40 7.51 7.60 7.51 12.63 12.99 12.85 12.73 12.92 12.01 11.40 11.44 11.20 10.87 10.01 8.83 7.65 5.82 4.71 3.60 4.42 4.64 4.27 3.79 7.24 18.54 35.89 31.54 20.02 16.69 13.67 13.59 16.11 16.44 14.22 11.33 14.22 15.96 13.99 15.81 17.73 18.15 16.28 19.33 14.31 16.05 17.87 20.78 25.69 23.97 21.90 23.59 22.85 20.79 19.23 19.08 20.59 21.24 21.43 21.42 21.46 15.67 20.80 14.96 20.03 20.02 14.48 19.03 16.92 13.75 13.52 13.12 12.77
6.41 6.67 6.59 6.55 7.26 7.56 7.76 7.88 12.79 13.21 12.91 13.15 12.42 12.22 12.13 11.85 11.69 10.98 10.81 10.27 9.59 8.12 6.62 5.18 4.46 4.88 5.46 4.67 4.78 16.47 29.21 26.62 13.75 9.53 8.54 13.39 15.21 14.71 9.39 9.84 13.81 14.90 14.03 16.22 23.82 23.73 21.83 19.32 13.86 15.37 17.43 17.54 22.03 27.73 26.56 26.67 22.53 19.62 18.78 14.93 20.96 21.51 21.59 15.90 15.81 21.00 15.20 19.86 19.37 17.44 17.32 16.54 13.88 13.84 13.60 13.10 12.62
