examples/cougarCreek-fire/createInputs/WindNinja/wrfout_d3.2015081112.f12/cougarCreekFire_08-12-2015_0000_217m_non_neutral_stability_vel.asc
ncols	146
nrows	140
xllcorner	610065.000000
yllcorner	5095217.000000
cellsize	216.586807
NODATA_value	-9999.000000
[rows 34 to 67 of 140, columns 0 to 76 of 146]
6.31 6.72 7.19 7.11 7.44 7.77 7.94 12.37 13.06 13.21 13.75 14.41 13.88 12.99 12.24 12.23 12.18 11.54 11.13 10.26 9.43 9.19 8.54 7.35 6.27 5.68 6.12 5.93 5.58 13.45 26.03 29.03 10.60 4.22 3.92 10.29 10.44 10.59 11.74 9.56 13.16 17.42 20.04 22.51 23.95 24.00 21.67 19.08 14.03 14.93 16.63 18.49 20.24 23.22 24.94 25.82 23.19 19.91 19.32 19.43 20.78 21.05 17.80 20.99 20.87 20.40 17.61 17.12 16.34 14.68 14.88 14.55 16.11 16.48 16.33 15.84 15.47
6.13 6.48 6.97 7.13 7.66 7.73 7.81 7.84 12.93 13.05 13.32 12.79 14.16 14.07 12.87 11.69 11.02 10.14 9.33 8.80 9.23 9.24 8.86 8.53 9.09 9.71 6.44 5.82 6.35 9.88 22.85 34.87 24.71 6.12 2.94 2.71 6.88 9.45 9.63 8.16 8.82 14.33 17.42 17.02 19.20 19.10 22.38 20.17 18.68 14.77 15.76 16.59 19.05 21.85 22.16 22.86 22.68 20.35 19.80 20.13 20.13 22.20 21.81 21.06 20.54 17.65 17.06 14.60 14.57 14.90 15.16 16.86 16.64 16.20 15.83 15.72 12.57
5.78 6.06 6.42 7.27 7.13 9.90 10.54 7.09 12.57 12.79 12.50 12.02 11.49 13.30 12.95 12.06 11.42 10.91 10.55 10.48 10.27 9.21 8.98 9.41 10.14 10.01 9.44 6.97 3.74 14.03 26.04 38.87 31.94 11.04 9.86 9.80 9.68 8.49 6.70 5.99 11.33 13.06 14.93 17.45 19.90 19.68 17.27 15.00 19.44 18.51 15.56 16.15 18.00 19.10 19.43 20.09 21.02 19.58 19.29 19.58 20.43 21.52 21.88 21.29 21.47 20.42 17.29 17.05 17.35 20.55 17.84 17.36 16.35 15.58 12.76 12.55 12.56
5.48 5.66 5.94 6.73 6.72 6.65 6.58 11.68 6.47 11.98 11.66 11.36 10.87 12.36 12.01 11.53 10.74 10.89 11.17 10.85 10.16 9.22 9.30 9.83 9.93 9.83 8.60 9.49 13.10 19.74 27.24 34.96 26.88 6.44 9.29 4.66 7.89 9.31 6.06 10.04 15.10 16.12 16.60 17.90 20.16 20.46 18.50 15.28 18.24 18.15 18.58 16.51 17.70 17.14 18.32 19.31 18.51 17.58 17.07 16.81 17.10 17.52 17.41 17.08 16.89 16.72 16.20 15.70 15.27 15.04 15.74 18.40 18.73 13.48 13.14 12.66 12.61
5.33 5.42 5.60 6.29 6.38 6.28 10.68 6.15 11.51 11.17 11.31 11.06 11.60 11.21 11.17 10.80 10.61 10.96 10.75 9.95 9.56 9.58 8.99 9.16 9.76 9.54 7.83 9.16 12.68 17.25 30.70 25.56 14.45 7.54 10.73 11.67 8.67 5.42 7.16 12.61 18.23 20.34 19.81 20.30 20.93 20.65 18.43 15.11 12.66 12.48 18.65 19.59 17.06 16.06 17.44 18.01 17.89 17.00 16.32 16.38 17.06 17.23 17.14 16.91 16.68 16.44 15.69 14.96 14.78 14.82 14.94 14.83 14.47 14.60 15.82 15.87 12.91
5.28 5.32 5.41 6.02 6.01 6.04 11.55 5.83 10.90 10.92 10.74 10.68 9.31 10.66 10.39 10.13 10.15 10.65 10.44 10.08 10.42 9.92 7.87 8.20 10.01 8.99 6.73 8.69 10.50 15.42 34.05 28.89 6.47 6.51 9.33 10.95 10.12 7.54 6.29 8.63 14.78 20.11 19.13 24.78 26.60 24.34 22.33 20.90 17.86 12.64 12.47 19.56 20.06 21.40 18.54 17.65 19.39 17.64 15.93 16.45 16.20 16.87 17.14 17.36 17.05 15.60 14.80 14.35 14.53 14.67 14.52 14.08 13.84 13.84 13.63 13.08 13.38
5.18 5.16 5.24 5.98 5.91 5.71 10.62 5.48 5.24 10.41 10.18 9.69 9.13 10.06 9.80 9.70 10.12 10.92 10.54 9.68 9.25 8.01 6.98 9.57 9.54 8.41 6.95 8.27 9.06 6.25 33.04 38.71 17.83 0.98 5.74 12.19 11.83 4.09 3.45 6.52 13.80 17.47 18.59 21.66 22.32 21.57 19.72 18.75 16.99 17.05 17.14 18.46 16.84 16.39 16.69 17.75 17.88 15.83 16.05 16.81 18.05 16.04 16.89 16.75 16.07 15.53 15.00 14.67 14.70 14.79 14.45 13.95 13.76 13.66 13.26 12.77 12.72
5.20 5.11 5.08 5.93 5.76 10.24 5.56 5.24 4.88 9.67 9.52 9.29 8.71 9.66 10.06 9.87 10.93 10.33 9.59 7.50 6.66 6.35 7.84 9.74 9.04 7.57 6.76 7.71 8.64 10.27 31.78 40.80 23.81 10.03 4.26 1.70 10.37 9.64 2.73 13.07 13.86 23.28 25.09 26.65 25.60 18.89 16.70 14.94 13.12 13.58 14.12 14.29 15.66 17.55 18.55 18.95 18.77 17.72 17.83 18.68 15.96 16.02 16.86 16.64 16.05 15.61 15.38 15.20 15.04 14.93 14.50 13.93 13.67 13.58 13.34 12.72 12.19
5.23 5.04 4.96 4.90 5.51 4.66 5.28 4.43 4.68 4.27 3.86 8.75 8.60 10.04 10.58 10.75 10.60 8.76 6.89 5.71 5.80 7.16 9.84 11.69 8.73 5.86 6.41 8.77 9.52 12.01 26.23 40.87 36.61 25.98 13.83 5.59 1.34 3.83 2.60 12.37 20.93 23.64 26.03 27.06 26.24 24.68 20.59 13.73 12.09 12.33 14.56 13.62 14.68 16.74 17.25 16.96 16.80 16.33 16.73 17.28 16.64 16.44 16.87 16.80 16.29 15.90 15.73 15.57 15.24 14.88 14.60 13.88 13.50 13.52 13.63 13.21 11.95
5.47 5.24 5.08 5.01 5.37 11.11 5.09 4.89 4.58 4.24 8.62 10.10 11.40 11.28 10.67 10.45 9.60 8.13 6.99 6.14 6.88 9.81 11.72 9.34 7.57 5.76 8.49 9.59 9.51 11.41 20.09 30.58 36.88 34.29 27.43 15.78 6.04 3.46 4.96 13.01 19.44 23.25 27.13 27.42 22.48 20.26 16.08 11.87 13.88 12.50 13.48 13.87 14.85 16.56 16.65 16.41 16.56 16.38 20.00 17.40 16.94 16.64 16.88 16.96 16.62 16.29 15.82 15.53 15.21 14.78 14.58 13.79 13.39 13.51 14.03 13.96 12.02
5.92 5.72 5.53 5.34 5.17 5.95 5.17 5.01 4.71 9.01 11.19 10.79 10.53 10.81 10.49 10.43 10.27 9.87 7.79 7.82 9.27 9.70 9.72 9.47 7.71 7.53 9.56 9.60 9.03 11.58 18.05 21.16 24.98 30.05 31.20 23.96 14.37 7.88 8.52 14.77 18.40 21.15 21.82 24.35 24.45 21.29 16.82 11.20 7.88 10.32 13.47 14.61 15.49 16.21 16.04 15.81 16.22 16.73 17.59 17.66 16.94 16.84 17.08 17.03 16.97 16.96 16.21 15.89 16.13 15.91 15.60 14.99 14.64 14.73 15.30 14.47 13.20
6.17 6.03 5.94 5.70 6.39 6.08 5.81 5.43 5.10 11.42 10.37 10.45 10.20 9.13 9.72 10.39 9.63 8.83 6.46 6.58 8.21 9.66 9.88 9.85 8.88 8.91 9.80 9.27 8.44 12.19 17.23 17.89 19.93 21.12 26.14 25.27 17.81 12.36 13.93 17.25 20.65 19.95 23.40 26.65 26.18 20.65 12.69 5.48 4.67 9.53 13.93 18.25 16.61 16.08 15.55 14.97 15.58 17.33 18.54 18.03 17.01 16.98 17.66 18.06 18.62 20.31 19.42 19.49 19.97 20.13 19.39 16.92 16.96 17.32 17.45 17.57 17.25
6.74 6.54 12.90 5.93 6.74 6.52 11.39 11.11 11.93 10.37 10.63 10.28 8.54 9.44 10.30 10.02 9.78 5.30 5.23 5.38 6.85 10.10 12.78 12.99 9.69 9.28 8.90 7.90 8.31 12.55 16.75 17.33 18.81 21.20 20.07 22.89 17.36 16.43 17.33 19.71 19.10 22.16 26.90 31.07 26.07 16.80 10.08 4.18 3.10 8.78 13.95 17.94 18.47 16.38 15.11 14.50 15.24 17.65 19.27 19.11 18.47 18.32 19.37 21.43 21.84 21.68 19.41 19.05 20.50 20.06 18.89 19.42 19.15 14.42 17.85 17.90 15.46
7.34 12.84 8.61 6.36 6.19 7.13 10.99 11.74 11.45 10.87 10.71 8.88 7.75 8.59 8.35 5.79 4.89 3.20 5.10 6.39 9.55 13.43 13.34 13.22 10.27 8.96 7.86 7.23 9.23 12.66 15.23 16.91 18.61 21.37 20.58 18.95 16.74 16.49 18.92 15.95 24.23 24.81 33.79 34.75 21.95 13.15 9.73 6.58 5.99 8.79 13.94 19.33 20.80 17.44 15.75 15.81 15.99 17.32 21.05 23.03 22.34 22.52 23.29 22.90 22.68 22.27 20.60 19.80 19.47 19.04 19.14 19.58 19.60 17.63 14.63 17.43 18.03
7.76 13.85 12.43 11.95 13.09 12.11 11.98 11.71 10.14 10.93 8.97 5.03 7.12 6.25 4.86 5.54 3.44 4.09 6.20 8.27 10.20 13.18 12.77 11.26 8.92 7.96 5.82 7.19 9.13 10.29 13.19 15.04 16.47 21.79 22.21 20.56 10.04 13.22 18.34 19.90 25.54 27.79 29.56 32.88 23.54 15.70 12.18 10.72 7.06 9.14 14.20 18.98 23.06 21.42 19.70 20.35 20.52 23.28 20.58 20.05 21.34 22.96 22.65 21.15 20.84 20.27 19.46 18.92 18.91 19.79 19.70 17.08 19.55 19.92 14.74 16.89 18.50
14.43 9.88 13.94 12.83 8.92 12.30 10.86 6.74 6.50 9.49 8.74 5.40 5.25 5.33 5.52 7.90 9.23 10.17 10.38 9.91 10.11 14.08 12.84 9.27 9.05 7.88 6.85 7.74 7.21 8.68 12.82 13.43 13.82 21.78 29.22 21.13 8.90 12.52 18.61 23.14 25.48 28.19 27.04 25.82 26.38 19.87 18.55 12.33 9.81 11.08 15.67 20.06 20.52 26.33 28.28 26.83 23.23 20.66 19.58 18.79 16.90 17.15 17.92 21.57 23.24 21.31 20.73 20.45 19.89 19.83 17.23 17.08 19.67 17.52 14.66 16.58 16.68
11.37 14.11 13.36 9.71 8.95 6.96 6.94 6.97 6.89 6.60 5.90 5.64 5.93 6.80 10.42 11.32 10.96 11.03 10.65 9.85 10.12 13.58 13.42 13.40 11.66 9.68 8.68 7.85 8.11 10.00 14.37 12.96 14.60 21.91 27.04 24.85 11.34 13.79 19.56 22.43 28.55 29.29 25.80 19.45 17.94 18.40 16.24 13.82 12.90 12.88 17.70 18.53 17.90 20.10 23.46 27.42 20.33 16.04 18.50 18.93 16.69 16.23 16.42 17.21 22.26 21.88 21.05 20.85 17.12 16.86 19.87 17.03 17.86 18.01 17.59 16.82 16.44
12.10 11.44 10.69 9.35 7.78 7.75 7.84 7.64 7.28 6.79 6.45 6.66 7.09 9.40 11.85 11.59 11.23 11.11 10.45 9.97 10.28 10.57 13.71 13.97 13.03 9.25 6.95 8.73 8.45 11.52 14.09 12.65 16.50 21.99 25.83 23.30 16.31 16.88 20.60 23.57 28.76 31.04 25.23 17.91 13.62 14.49 11.70 10.11 12.02 14.03 15.10 15.91 17.80 17.89 22.19 31.25 21.79 15.98 14.73 18.88 19.09 16.69 15.53 15.93 17.52 18.14 19.78 21.32 19.76 16.43 16.10 20.10 17.20 16.72 15.67 15.26 15.04
15.51 11.94 13.83 8.68 8.58 8.70 8.29 8.04 9.34 7.43 7.59 10.40 12.65 12.33 12.24 11.67 11.23 10.73 10.31 10.47 10.83 10.28 10.62 10.45 11.32 10.01 10.96 9.76 7.96 13.85 15.00 13.86 17.39 22.10 24.74 20.85 18.18 20.46 22.35 26.79 31.62 31.47 24.38 17.75 16.90 12.96 10.72 9.68 11.16 12.34 13.03 14.65 16.71 17.22 21.09 21.85 26.49 16.52 19.38 19.22 19.69 19.39 16.26 16.23 16.74 16.79 16.08 16.75 16.05 14.64 14.08 14.50 15.11 14.23 13.75 13.52 13.26
13.23 15.22 9.58 9.44 9.75 9.96 11.34 11.16 10.30 9.06 11.95 13.22 9.67 9.21 8.94 9.04 8.96 10.14 10.31 10.77 12.83 11.20 11.64 14.83 7.80 10.88 5.95 10.00 12.94 16.27 17.15 14.59 16.44 22.05 24.20 19.84 19.80 21.83 25.69 29.62 32.58 31.11 24.29 18.13 15.94 11.93 10.76 9.67 10.74 11.41 12.31 13.71 15.60 15.72 18.75 23.80 27.91 20.55 16.04 16.95 17.06 15.89 15.33 16.20 16.30 15.86 16.08 16.32 15.26 14.15 13.89 14.17 14.20 14.15 13.85 13.51 18.15
14.24 16.09 11.22 11.40 14.51 14.15 11.97 10.75 10.72 10.93 13.79 10.51 9.78 9.19 10.53 10.67 9.29 9.49 10.10 10.82 11.37 11.45 13.04 14.23 9.58 9.36 11.81 13.42 13.09 16.37 17.40 13.29 15.31 21.50 20.47 19.49 19.21 23.84 27.04 29.52 30.63 32.01 27.52 18.30 13.58 12.02 10.94 9.56 10.59 11.41 12.25 13.13 14.39 16.12 17.88 23.05 24.37 19.57 16.93 17.42 16.99 15.36 15.92 16.49 16.04 15.40 15.52 15.90 15.29 14.76 14.43 13.71 13.33 13.65 13.80 13.57 13.32
14.59 14.14 12.41 15.06 12.02 11.46 9.85 11.45 14.21 14.26 11.06 10.42 9.82 9.40 10.37 10.68 9.79 10.31 10.98 11.49 13.34 15.02 14.55 12.24 11.27 12.24 13.20 12.18 11.83 16.26 17.60 13.03 15.56 20.57 23.93 15.37 17.61 19.54 24.06 27.15 28.72 31.10 31.57 24.79 16.54 13.21 10.64 9.91 10.25 11.10 12.11 13.00 14.05 15.76 18.53 21.13 21.16 18.50 17.38 17.15 16.36 16.17 16.65 16.63 16.39 15.61 14.80 15.09 15.20 15.08 15.04 13.94 12.87 13.02 13.49 13.54 13.39
15.04 11.24 12.46 12.38 9.46 10.25 9.78 14.39 12.32 11.36 10.43 10.04 10.24 9.96 10.53 10.09 10.48 10.84 11.63 15.93 15.05 15.33 14.66 11.69 11.13 12.36 10.77 10.11 12.01 16.90 16.95 13.65 15.31 20.34 23.07 20.69 17.52 20.62 23.26 23.71 25.86 27.13 30.21 30.48 24.50 17.08 13.90 11.90 10.88 10.60 11.25 12.60 14.04 15.81 18.38 18.95 18.41 18.31 17.57 16.53 16.03 16.48 16.92 16.70 16.73 16.25 14.82 14.68 15.11 15.05 15.06 14.44 13.26 12.94 13.41 13.61 13.35
12.33 11.37 12.49 9.74 9.47 10.29 11.00 13.13 9.82 8.97 8.81 9.80 9.65 9.26 9.60 10.19 10.24 9.67 16.07 16.22 14.90 15.13 13.90 10.59 11.18 11.98 9.78 10.72 14.65 17.42 15.24 11.99 12.57 16.70 24.44 19.98 17.85 22.17 23.36 22.86 25.24 25.77 27.49 28.48 29.34 21.55 18.26 16.72 13.02 10.84 10.69 11.35 13.35 15.90 17.60 17.14 17.29 18.36 17.72 16.39 15.98 16.27 16.64 16.63 16.51 16.26 15.40 14.96 15.15 15.06 14.84 14.61 13.92 13.41 13.61 13.71 13.35
12.59 11.66 10.50 10.17 10.62 10.20 13.85 10.57 9.39 9.02 8.72 10.05 9.65 9.23 8.04 8.64 9.73 12.94 12.28 12.46 14.60 14.64 10.78 11.48 11.24 10.34 12.34 11.50 16.71 15.96 12.19 11.69 12.55 15.82 25.57 20.21 19.79 21.83 23.42 22.15 26.49 27.28 26.06 25.17 26.81 27.31 25.24 21.16 18.76 14.58 11.55 10.14 13.76 15.13 16.62 16.30 16.93 18.00 17.57 16.61 16.25 16.17 16.43 16.49 16.12 15.82 15.31 15.00 15.09 14.99 14.70 14.56 14.11 13.76 13.84 13.67 15.07
12.88 11.78 10.97 11.35 12.14 13.21 11.41 9.85 9.20 9.49 9.06 9.97 8.27 9.60 10.38 11.40 11.67 13.81 12.09 10.81 14.44 11.28 11.43 11.39 12.02 10.88 12.95 13.22 16.12 13.42 10.79 12.56 14.98 17.40 22.32 21.74 20.52 20.83 20.96 20.50 23.13 25.62 25.34 23.26 22.28 23.63 23.45 21.78 25.37 20.15 16.80 11.53 10.83 14.04 16.06 16.30 17.15 17.90 16.98 16.28 16.39 16.28 16.45 16.33 16.00 15.82 17.75 14.90 14.95 14.68 14.49 14.61 14.08 13.79 15.30 18.98 19.21
12.99 11.87 11.56 12.25 13.26 11.99 10.37 9.34 9.40 8.25 10.05 9.93 10.02 10.76 11.82 11.61 9.06 15.00 11.71 10.80 13.35 13.47 12.82 13.29 10.59 11.27 11.12 13.60 12.58 10.68 11.77 14.57 15.84 17.63 20.77 21.77 21.67 19.96 20.58 20.80 21.73 23.24 23.39 24.29 21.70 21.13 21.17 21.96 22.76 21.01 18.94 20.39 14.84 14.33 16.16 17.09 17.98 18.51 16.87 15.98 16.47 16.50 16.49 17.96 18.45 15.67 15.45 15.26 15.07 14.58 14.36 14.60 16.03 16.26 20.12 19.51 17.00
12.77 11.89 11.90 12.38 11.90 11.19 10.00 9.51 9.79 10.08 10.41 10.94 11.67 10.54 11.61 12.74 19.48 14.42 13.04 12.75 11.97 15.43 13.96 10.81 10.56 11.47 12.66 11.15 10.63 11.85 14.67 16.04 15.78 18.35 20.63 21.14 20.58 20.05 20.06 20.80 21.27 22.73 22.81 24.51 23.99 22.45 22.46 22.10 22.02 20.13 18.36 16.37 14.97 14.90 16.22 17.71 19.22 20.30 19.08 17.92 18.14 18.18 18.23 17.87 15.21 15.08 15.37 15.60 15.37 14.82 15.70 17.37 20.23 20.02 17.62 19.67 19.36
12.45 12.01 12.10 12.07 11.32 10.77 9.92 9.60 10.08 10.76 11.76 10.43 10.93 11.30 9.51 16.42 15.53 13.91 11.58 13.01 12.23 15.32 15.76 12.34 11.05 11.46 10.36 10.45 11.05 13.24 15.77 15.31 14.17 18.60 21.17 20.03 20.46 20.00 19.59 19.88 20.87 22.05 21.67 21.39 23.47 22.43 22.88 21.77 21.54 19.59 17.53 16.07 14.76 16.17 15.72 17.58 17.73 19.28 22.61 23.94 19.19 18.98 18.97 17.93 16.91 16.07 15.18 16.11 16.83 17.70 20.52 20.31 20.20 17.50 20.00 19.48 18.77
12.18 12.01 11.97 11.59 10.88 10.34 9.87 10.16 11.42 10.21 11.07 11.20 11.35 8.87 11.48 20.17 15.19 11.95 13.20 16.36 16.38 16.05 15.87 14.23 11.17 11.40 10.28 10.49 11.61 13.51 14.71 13.35 13.97 20.06 20.98 19.57 19.51 20.01 19.37 19.49 20.52 22.07 21.33 20.24 21.13 20.65 20.26 21.60 22.19 19.55 17.45 15.98 14.50 16.67 15.06 17.21 15.27 18.97 20.97 20.79 17.25 17.78 24.04 22.54 20.73 17.16 16.89 20.23 19.26 22.37 20.91 20.39 20.58 20.67 20.25 19.09 18.46
12.17 12.08 11.98 11.58 10.94 10.62 11.01 12.47 11.33 11.78 9.31 8.67 8.90 9.79 20.46 16.69 14.74 13.18 13.02 16.60 13.49 12.90 15.55 14.27 12.03 11.62 10.27 10.99 13.16 13.99 14.30 15.51 17.03 19.40 19.95 19.09 18.17 19.21 18.86 18.50 20.18 21.95 24.00 20.83 20.46 20.51 19.57 18.35 18.51 21.97 19.15 16.14 14.39 13.80 14.56 16.67 18.55 18.32 18.00 20.04 16.92 16.22 17.45 19.70 20.54 20.77 19.45 18.46 15.75 18.34 19.80 16.66 18.30 18.57 17.39 19.05 16.40
12.22 12.15 12.18 12.05 11.94 12.47 13.68 12.04 12.22 10.77 12.15 12.51 15.13 20.74 17.02 16.15 14.18 12.81 12.29 16.92 11.89 12.15 15.33 15.30 12.58 11.29 11.38 10.87 12.51 12.90 14.35 17.73 18.06 19.05 19.37 18.04 17.57 18.46 18.00 17.24 19.48 21.82 23.59 20.71 20.30 20.15 18.92 19.07 17.53 17.78 19.82 16.76 14.66 14.05 12.70 16.13 18.05 18.71 18.14 21.45 16.74 17.08 17.01 18.88 18.93 20.30 19.66 19.50 16.69 17.15 20.35 19.56 18.37 17.77 17.12 19.71 19.32
11.82 11.86 12.28 12.92 10.52 11.81 12.36 9.92 10.44 11.12 13.13 15.54 19.00 19.45 16.65 15.78 11.85 12.88 11.89 13.95 12.07 12.53 12.79 12.35 12.98 10.97 11.27 13.08 11.65 12.86 16.09 18.79 18.42 18.47 18.28 17.44 16.82 18.53 17.19 16.01 18.93 21.15 22.49 23.57 18.96 18.77 18.06 17.92 16.99 15.54 18.78 18.02 15.12 18.31 14.74 15.84 17.33 18.45 18.37 17.25 23.09 16.80 19.95 18.77 18.74 19.22 16.84 19.26 20.80 21.53 20.68 16.89 19.93 18.96 18.73 20.57 17.40
11.86 12.29 13.46 11.31 11.98 12.49 9.88 10.43 11.30 12.74 15.99 18.38 19.51 19.11 16.92 13.91 11.65 13.03 12.24 16.49 12.70 13.06 12.89 12.35 13.75 10.92 11.30 13.35 13.31 16.12 18.33 18.76 18.13 17.25 17.45 17.15 16.01 17.78 16.72 14.68 18.85 19.84 22.62 19.26 19.34 21.78 22.17 21.52 21.68 16.50 20.42 17.77 16.36 15.17 15.73 15.53 16.39 17.95 18.71 24.81 16.66 20.21 19.54 16.05 18.30 19.51 18.45 15.63 16.44 22.04 20.96 20.31 19.82 18.68 16.78 14.41 14.98
