examples/cougarCreek-fire/createInputs/WindNinja/wrfout_d3.2015081112.f12/cougarCreekFire_08-12-2015_0000_217m_non_neutral_stability_vel.asc
ncols	146
nrows	140
xllcorner	610065.000000
yllcorner	5095217.000000
cellsize	216.586807
NODATA_value	-9999.000000
[rows 68 to 101 of 140, columns 0 to 76 of 146]
12.63 13.32 14.77 13.03 13.36 14.24 15.46 15.92 16.86 16.70 20.26 16.64 16.42 15.01 17.11 13.91 11.45 15.10 13.38 13.99 12.94 15.88 12.78 15.58 14.38 12.34 13.71 13.67 15.13 17.07 18.25 18.55 17.87 17.09 16.95 16.35 15.96 17.10 16.02 14.93 17.17 16.33 19.93 17.90 18.91 19.13 18.96 22.76 18.46 19.69 21.17 16.60 15.61 15.71 15.71 18.84 15.31 17.01 18.71 20.60 22.69 20.19 18.10 20.01 16.87 17.39 16.56 15.14 16.37 19.75 21.61 20.86 17.73 17.46 19.36 15.59 15.17
13.01 13.53 15.07 14.49 16.31 19.72 19.48 18.63 17.76 17.31 20.22 20.01 20.19 15.05 17.21 13.86 11.28 11.60 16.14 12.92 13.85 15.87 16.10 15.62 13.61 12.63 14.53 13.95 16.48 16.70 15.89 18.15 18.46 16.85 16.57 15.19 15.06 16.49 15.80 14.46 13.82 12.49 19.62 19.79 18.95 18.73 18.78 18.83 18.74 18.24 18.18 16.38 15.89 15.99 16.20 15.51 17.43 15.46 17.78 17.32 24.54 16.91 16.34 21.96 20.24 20.52 19.90 14.71 15.64 16.55 19.77 20.95 20.38 17.13 19.86 19.59 18.63
12.93 13.67 15.76 14.99 16.88 20.19 19.51 17.86 17.31 17.68 19.07 19.03 19.98 17.71 17.63 13.88 11.32 11.92 16.13 13.22 13.14 15.84 13.09 14.32 11.24 13.18 13.13 12.73 16.69 15.67 13.34 18.13 18.63 17.34 16.47 14.04 15.82 16.82 15.71 13.33 13.16 14.78 17.00 19.62 18.95 18.48 22.16 22.37 18.99 18.78 16.53 16.10 15.98 20.21 16.38 16.26 14.93 14.21 16.01 18.52 17.86 17.73 16.70 16.05 15.79 21.92 20.87 18.94 14.93 15.84 16.01 19.03 19.31 18.54 18.72 19.10 19.71
13.15 14.46 16.59 16.70 16.63 19.95 18.77 16.15 17.14 18.24 17.97 18.20 15.14 20.38 15.89 13.73 11.23 12.23 15.90 13.48 16.97 14.99 13.27 12.47 13.02 13.97 13.50 16.72 17.66 14.24 13.82 18.17 14.85 14.52 15.76 15.47 16.38 16.83 15.25 12.66 14.88 16.72 16.35 19.63 19.45 18.28 18.43 22.72 19.11 19.02 18.39 16.11 17.61 20.08 20.96 16.70 15.84 14.16 14.37 16.81 18.86 18.93 17.52 16.66 16.06 15.73 15.17 20.67 19.38 15.19 15.75 18.50 19.50 19.65 19.45 18.56 18.41
13.99 15.48 16.83 16.40 16.85 19.74 18.30 16.00 17.54 18.34 17.50 17.73 16.36 14.95 18.43 12.96 11.01 12.59 14.42 13.70 13.31 13.26 13.71 12.61 13.36 12.15 14.14 17.01 16.01 13.37 15.03 18.58 18.16 16.22 13.32 15.00 17.59 15.75 14.89 13.30 15.84 17.54 16.01 14.00 22.87 18.31 17.69 22.45 18.99 17.16 18.57 16.16 20.98 19.15 16.71 16.67 16.37 14.98 13.86 15.00 17.60 18.70 20.32 19.33 19.33 16.15 21.75 14.94 14.70 17.91 15.36 18.96 20.56 20.72 20.12 19.00 16.57
14.97 15.87 16.52 16.14 17.42 18.97 18.28 16.69 19.05 18.98 17.88 17.88 17.02 16.84 18.38 12.32 11.03 12.89 14.12 14.01 13.57 13.66 14.15 13.06 13.75 12.69 15.35 15.40 12.12 14.55 17.31 18.53 17.79 14.08 12.35 15.16 16.59 18.38 14.58 13.01 15.58 17.45 15.64 13.07 19.92 18.85 21.68 17.26 17.58 16.97 18.72 16.14 20.96 16.37 20.62 16.69 16.48 15.68 14.21 14.23 16.17 17.97 17.31 20.72 20.61 20.07 17.75 20.68 21.11 21.32 21.59 21.31 21.06 20.72 19.83 18.32 16.30
15.05 15.31 15.66 15.64 17.22 18.29 17.92 18.19 19.19 18.69 17.82 17.73 15.83 19.40 15.23 12.20 11.03 12.87 14.35 14.05 13.65 13.95 14.28 12.59 14.18 13.04 15.60 11.90 13.48 15.88 18.32 18.26 16.95 12.99 12.52 16.28 16.48 17.90 14.33 11.80 14.43 17.76 16.45 14.25 17.00 19.11 18.37 17.33 17.01 16.90 16.85 21.46 21.21 16.31 16.96 21.84 16.57 16.08 14.80 14.29 15.27 16.92 18.10 19.69 21.44 20.35 19.92 19.45 18.46 16.89 16.92 18.40 17.89 15.22 18.19 17.22 16.46
14.73 14.84 15.28 16.62 17.61 17.17 16.59 18.08 18.70 17.44 15.36 16.48 18.76 19.32 15.02 12.56 11.39 13.22 14.56 16.82 13.85 14.24 14.37 14.18 12.27 13.79 14.56 14.11 15.15 15.80 18.24 17.78 13.48 13.09 14.29 17.64 16.15 16.38 14.68 12.91 14.51 18.34 17.23 15.40 15.92 18.83 16.90 21.98 15.97 16.54 16.73 16.32 20.42 16.35 16.85 18.49 20.86 16.23 15.36 14.69 14.88 16.07 17.49 17.15 21.32 18.56 19.94 17.71 17.25 17.72 15.08 15.62 17.69 16.68 14.98 16.96 16.91
14.41 14.63 15.08 17.22 17.46 16.77 15.78 16.65 17.81 14.11 14.97 15.89 15.67 19.43 15.11 12.64 11.83 13.61 14.60 14.10 14.11 14.35 14.53 14.69 13.61 14.64 13.52 14.30 16.04 15.30 16.95 16.94 12.93 13.12 17.90 16.85 15.82 15.33 14.46 13.67 15.39 18.11 17.29 15.27 15.12 16.29 22.43 16.27 15.77 16.41 16.58 16.34 16.16 16.40 16.78 17.22 21.01 16.21 15.76 15.09 14.76 15.64 16.79 17.42 18.28 20.40 19.72 19.52 17.46 17.99 16.43 15.38 15.79 17.16 15.54 15.44 17.34
14.18 14.42 14.76 17.32 16.81 15.31 14.95 16.67 15.48 13.21 15.44 14.07 15.65 15.35 14.93 12.40 12.15 13.79 14.28 14.20 14.31 14.50 14.91 14.32 16.17 13.94 13.54 14.62 15.21 13.86 15.23 17.03 13.02 15.24 17.72 16.63 14.38 15.08 14.27 13.92 16.08 16.56 15.99 15.19 14.64 15.43 18.33 16.76 15.75 16.20 16.47 16.29 16.14 16.41 16.78 17.19 21.10 16.23 16.06 15.45 18.99 15.43 16.31 16.86 16.91 19.90 19.05 19.32 19.85 17.64 17.64 16.27 15.88 16.94 14.79 15.10 15.11
13.91 14.14 14.42 17.25 16.09 14.31 15.41 17.76 15.21 14.35 15.17 18.92 15.20 15.13 14.28 12.11 12.45 13.88 14.23 14.28 14.52 14.84 15.38 17.54 18.01 14.24 14.38 14.57 14.63 12.96 13.22 17.79 15.58 17.32 16.63 15.03 14.29 14.44 12.83 12.07 17.18 16.60 15.62 15.33 14.55 15.19 16.55 19.47 16.11 16.37 16.53 16.21 15.98 16.31 16.86 17.04 21.32 20.29 20.47 15.99 15.06 15.15 15.82 16.29 17.10 20.04 20.14 19.90 19.97 15.24 14.68 14.75 18.16 17.56 14.67 14.91 15.02
13.64 13.87 14.15 16.83 16.20 14.14 15.48 16.57 15.56 15.23 15.91 18.18 17.99 15.01 13.38 11.98 12.94 14.01 14.22 14.42 14.89 15.24 16.32 14.83 13.53 14.19 14.03 13.68 14.66 13.36 13.67 18.27 17.29 16.51 16.73 14.94 14.30 14.38 11.06 12.95 17.00 16.69 16.11 15.33 14.87 15.52 15.65 16.31 20.81 16.11 16.56 16.15 15.70 16.02 16.99 15.18 16.39 20.41 18.63 16.51 15.68 15.18 15.37 15.51 16.39 16.31 21.36 20.61 20.56 15.45 14.93 14.92 14.79 17.47 15.21 13.85 14.91
13.33 13.59 13.95 17.17 15.82 13.94 14.40 15.73 15.56 15.36 15.86 16.88 14.70 14.91 12.76 12.26 13.55 14.02 14.25 14.79 15.25 15.46 17.95 14.27 17.65 14.33 13.53 14.63 14.66 14.51 14.26 17.24 16.76 14.37 16.81 14.75 14.30 14.29 12.14 15.79 16.31 15.93 16.65 15.82 15.49 15.39 14.86 14.30 15.41 16.55 15.92 15.97 15.38 15.81 17.09 17.52 16.30 21.07 14.94 16.83 16.21 15.63 15.38 19.71 15.32 16.99 21.53 20.94 20.17 19.14 18.66 18.64 15.10 14.66 17.73 16.32 14.45
13.04 13.35 13.75 16.80 13.48 13.91 14.31 14.80 16.10 16.32 16.14 14.35 14.70 14.55 12.68 12.86 13.82 14.01 14.55 15.15 15.34 18.08 14.93 13.70 15.96 14.28 13.89 14.84 15.29 17.36 13.86 14.72 14.46 15.61 16.47 16.25 15.21 13.26 12.35 15.75 15.30 15.48 16.03 16.82 16.39 14.96 14.22 16.13 14.86 17.06 15.94 15.64 15.12 15.97 17.02 17.77 21.58 15.51 13.84 16.71 16.63 16.12 15.71 14.98 15.29 16.01 16.23 20.90 20.25 19.12 20.78 19.16 18.75 15.09 14.70 14.16 14.06
12.78 13.13 13.49 16.75 13.43 13.86 14.11 14.57 16.77 17.92 15.98 14.35 15.02 14.06 12.88 13.32 13.83 14.25 14.89 15.11 15.27 19.82 14.39 13.33 15.48 14.25 13.92 14.99 16.66 17.54 13.65 12.93 14.62 17.11 15.98 16.10 14.68 12.02 14.80 15.51 15.23 15.34 15.27 16.71 16.83 15.42 13.90 15.87 12.03 17.96 16.22 15.39 15.20 16.41 17.43 16.24 15.98 20.73 14.80 14.81 20.03 16.62 16.13 15.46 14.60 15.00 16.64 19.65 20.03 18.99 18.58 17.89 15.55 19.61 15.13 18.67 16.19
12.54 12.89 13.20 13.16 13.42 13.67 13.89 14.27 16.52 17.69 14.15 14.48 17.07 13.67 15.12 13.57 14.01 14.52 14.90 15.39 16.75 17.63 13.88 13.16 15.66 13.22 14.13 14.87 15.99 16.04 12.62 13.00 15.88 15.33 15.11 15.28 12.63 15.09 15.77 15.40 15.41 15.81 15.30 16.13 15.22 14.92 14.55 10.31 14.56 16.79 17.40 15.40 15.80 15.93 19.22 15.65 16.13 16.55 15.99 14.29 15.85 19.35 21.61 16.23 15.25 14.65 15.73 16.52 19.95 19.36 19.78 19.42 14.93 15.37 18.51 18.36 17.46
12.34 12.65 12.94 13.07 13.38 13.50 13.76 14.17 16.19 15.23 13.86 14.71 18.71 13.47 13.29 13.86 11.47 14.55 14.78 15.98 17.57 14.46 13.47 13.08 12.85 11.85 14.19 13.00 14.49 16.26 14.82 15.70 14.70 14.24 15.07 14.37 11.20 15.16 15.10 15.56 15.89 15.39 14.75 15.00 15.27 15.05 14.53 15.28 14.13 16.83 16.89 15.52 14.68 17.45 16.76 15.37 15.56 16.29 15.77 16.10 15.48 16.77 16.31 17.60 21.20 20.18 15.47 15.49 17.78 19.42 20.62 18.94 18.16 15.05 17.22 18.48 18.92
12.15 12.41 12.74 13.02 13.30 13.36 13.62 14.53 15.35 12.88 14.17 13.26 18.03 16.11 13.55 14.02 14.27 13.80 15.64 17.42 17.55 13.95 13.13 12.98 12.84 11.80 12.04 12.77 14.18 14.50 16.61 14.96 14.76 14.11 14.04 12.28 12.41 14.10 14.98 15.88 16.53 15.34 13.90 14.64 15.34 15.11 14.71 15.05 16.16 16.71 16.13 15.75 16.20 15.95 15.62 15.66 15.46 15.76 16.14 16.11 16.32 16.38 16.20 16.23 19.35 18.87 17.59 15.75 15.57 18.01 19.11 19.61 18.87 18.16 17.65 18.08 18.00
11.94 12.17 12.57 12.97 13.18 13.20 13.43 13.52 14.05 13.53 14.37 18.03 13.86 15.16 13.67 13.93 14.08 15.29 17.44 16.75 14.47 13.53 12.81 16.40 12.96 11.27 14.09 12.75 13.86 16.99 16.36 11.79 16.08 14.16 14.22 12.66 14.00 13.56 14.97 16.08 17.74 15.28 13.42 14.30 15.43 15.21 14.84 14.99 15.76 16.45 16.37 16.07 15.77 15.57 15.70 15.91 15.66 15.49 16.00 16.18 16.07 15.95 16.05 16.49 18.76 18.44 17.42 15.85 15.63 15.71 15.71 19.91 19.84 18.61 17.79 15.25 17.24
11.70 11.96 12.53 12.92 13.03 13.10 13.31 13.34 13.37 13.64 14.42 18.18 13.73 15.56 14.32 13.46 13.93 16.79 17.10 17.10 14.05 13.19 12.68 12.72 13.48 11.94 14.04 12.45 14.42 14.80 14.23 12.06 14.89 14.26 13.85 14.24 14.53 14.46 12.61 14.37 16.51 15.38 13.74 14.14 15.38 15.31 14.90 15.03 15.50 16.17 16.42 16.26 15.57 15.24 15.60 15.99 15.85 15.53 15.89 16.13 15.99 15.88 15.97 16.21 17.05 17.88 16.89 16.14 15.91 15.61 15.97 17.90 19.00 18.58 19.02 18.42 18.93
11.49 11.89 12.55 12.78 12.89 13.06 13.97 13.21 13.36 13.67 14.33 17.82 13.65 16.31 14.56 13.29 14.14 18.02 16.77 14.40 13.54 12.90 12.67 12.66 12.36 13.57 14.05 14.36 14.26 14.14 11.46 12.46 16.43 14.39 13.80 13.81 14.47 14.41 13.80 15.58 15.85 15.40 14.37 14.24 15.24 15.36 14.93 14.95 15.38 16.01 16.32 16.28 19.89 15.10 15.43 15.89 15.89 15.64 15.85 16.00 15.92 15.92 15.96 16.00 18.11 18.23 16.53 17.33 17.28 16.90 15.61 16.77 18.36 19.64 15.56 15.25 15.34
11.39 11.86 12.49 12.59 12.78 12.95 14.07 13.15 13.31 13.59 14.14 17.45 13.64 12.94 14.34 12.78 14.35 16.33 16.13 14.07 13.19 12.73 12.62 12.90 13.16 13.65 14.12 14.37 14.19 14.07 14.40 13.31 15.54 14.50 13.88 13.89 14.34 14.43 13.38 15.23 15.27 15.31 14.77 14.45 15.14 15.33 14.87 14.80 15.28 15.85 16.16 16.23 19.88 19.10 15.33 15.73 15.83 15.72 15.78 15.95 15.91 15.86 15.94 18.12 17.30 19.13 18.56 17.80 18.26 17.91 16.93 15.99 15.99 17.25 18.87 19.52 19.49
11.36 11.84 12.39 12.50 12.71 12.84 12.97 13.14 13.23 13.47 14.03 16.16 13.60 12.80 14.63 12.32 14.48 17.52 17.29 13.73 13.02 12.64 12.59 12.79 13.24 13.82 14.18 14.20 13.63 12.63 12.40 14.18 14.93 14.54 14.06 13.70 14.16 14.47 14.68 14.96 15.03 15.23 14.96 14.62 15.08 15.20 14.82 14.81 15.20 15.62 15.97 16.14 15.72 19.23 15.27 15.55 15.75 15.74 15.69 15.93 16.01 18.23 15.82 17.55 17.57 18.41 19.32 18.85 19.34 19.04 18.27 16.25 15.63 16.15 16.65 18.62 18.47
11.33 11.85 12.35 12.47 12.70 12.78 12.93 13.12 13.17 13.37 12.77 16.89 13.29 17.22 14.94 13.23 15.28 13.79 13.73 13.51 12.88 12.55 13.31 12.88 13.32 14.00 11.91 12.75 12.48 12.31 14.29 15.44 15.77 14.42 14.09 13.69 14.07 14.44 14.49 14.82 15.03 15.08 15.00 14.76 14.79 15.02 14.83 14.94 15.15 15.45 15.80 16.01 15.71 19.85 15.21 15.38 15.60 15.65 15.58 15.85 16.02 18.45 18.22 18.65 17.26 15.94 18.52 19.38 19.28 19.70 15.06 18.18 15.36 15.99 15.98 17.51 18.27
11.31 11.89 12.40 12.44 12.67 12.64 12.74 13.07 13.08 13.22 13.50 16.56 16.54 15.29 15.08 14.39 15.00 16.94 13.56 13.32 12.74 12.52 11.47 12.92 13.41 14.08 14.48 12.92 11.51 12.41 16.39 14.04 14.11 14.15 13.97 13.82 13.06 14.28 11.39 10.94 15.01 14.76 10.73 15.01 14.71 14.74 14.86 14.94 15.12 15.41 15.67 15.83 15.71 20.69 20.46 15.32 15.50 15.46 15.45 15.72 15.93 15.97 18.95 19.20 17.62 15.78 16.04 18.37 19.53 19.33 15.12 18.02 15.34 15.93 17.12 18.53 18.70
11.30 12.00 12.53 12.38 12.54 12.45 12.51 12.94 13.00 13.12 13.50 15.39 13.07 14.97 13.15 14.76 13.92 14.99 13.45 13.14 12.66 12.50 11.54 12.94 13.39 11.25 13.71 12.81 13.04 14.35 15.94 13.90 13.80 13.84 13.82 11.34 13.99 14.06 14.59 15.20 14.88 14.35 14.77 15.14 14.58 14.53 14.84 14.86 15.11 15.38 15.56 15.64 15.65 20.45 20.39 19.44 15.50 19.11 15.34 15.57 15.82 16.00 19.61 19.95 19.00 15.55 15.81 17.64 18.71 19.11 18.60 17.25 15.35 15.83 17.41 18.15 18.94
11.31 12.12 12.59 16.43 12.32 12.29 12.27 12.72 12.94 13.09 13.25 13.27 14.67 13.10 13.03 13.06 13.92 14.32 13.34 13.02 12.63 12.46 12.72 11.20 13.28 10.65 13.04 14.50 15.75 14.35 14.53 15.94 14.13 11.84 11.08 13.82 13.93 13.90 14.70 15.44 14.71 14.09 14.51 14.90 14.56 14.55 14.80 14.77 15.02 15.32 15.47 15.49 15.53 15.45 20.69 20.15 20.39 20.60 19.29 15.45 15.71 15.93 19.36 19.89 15.55 20.04 18.13 15.67 18.26 18.71 19.08 17.55 15.28 15.64 16.84 16.18 16.01
11.51 12.16 12.45 12.05 12.20 12.15 12.06 12.52 12.90 13.08 13.11 13.06 13.15 15.72 12.90 15.13 14.11 13.31 15.98 12.92 12.54 12.44 12.61 12.79 13.32 13.85 13.88 15.72 13.26 13.36 13.73 14.42 12.03 10.63 13.67 13.77 13.86 13.89 14.73 11.31 14.61 14.10 14.32 14.42 14.50 14.70 14.82 14.76 14.91 15.24 15.40 15.37 15.41 15.38 20.84 19.34 20.00 20.64 20.76 19.65 15.61 15.77 20.14 20.38 15.74 20.22 19.76 19.56 19.00 18.94 18.94 18.83 16.08 16.56 16.37 15.34 15.56
11.90 12.04 12.13 12.10 12.08 11.91 12.00 12.40 12.75 13.00 12.98 12.90 13.03 15.15 15.52 15.30 13.35 12.27 15.73 12.73 12.40 11.23 12.57 12.81 13.50 11.20 14.93 15.35 12.94 9.62 13.48 11.70 13.47 13.50 13.61 13.75 13.78 13.96 10.33 15.14 14.50 14.15 14.17 14.09 14.36 14.75 14.86 14.79 14.85 15.16 15.33 15.31 15.32 15.27 15.23 15.29 15.29 15.19 15.17 15.25 20.37 19.60 20.36 20.11 20.66 20.14 15.36 19.68 19.78 19.24 19.07 18.91 18.98 18.49 17.23 15.45 15.24
12.37 11.94 11.73 12.03 11.80 11.73 12.09 12.28 12.44 12.82 12.82 12.81 12.95 14.57 12.80 12.68 13.23 13.51 15.66 12.45 12.34 12.57 12.71 13.02 13.48 14.71 15.31 12.98 13.10 13.25 13.28 13.33 13.42 13.41 13.53 13.68 13.67 13.90 14.68 14.98 14.39 14.05 13.96 13.89 14.27 14.70 14.80 14.81 14.87 15.09 15.28 15.31 15.28 15.21 15.26 15.33 15.27 15.16 15.12 15.15 15.18 20.34 19.70 19.91 20.58 15.73 15.45 15.22 15.18 15.15 15.02 15.05 15.06 18.77 18.33 16.16 14.93
12.44 12.01 11.71 11.78 11.72 11.87 12.20 12.11 12.17 12.63 12.61 12.77 12.95 15.10 12.75 12.60 13.95 14.56 15.13 12.22 12.46 12.73 12.92 13.08 13.16 15.25 14.11 12.99 13.07 13.06 13.10 9.73 13.33 13.42 9.46 9.96 9.06 9.52 9.58 11.01 14.53 14.02 13.68 13.63 14.13 14.56 14.69 14.80 14.89 15.05 15.22 15.25 15.18 15.19 15.33 15.36 15.25 15.12 15.11 15.12 15.06 15.10 15.33 15.46 20.65 15.66 15.47 15.24 15.19 15.16 15.02 15.02 15.01 18.86 18.48 17.69 15.42
11.78 11.84 11.75 11.37 11.44 12.15 12.21 11.99 12.17 12.38 12.30 12.78 12.97 12.76 12.70 12.52 12.46 12.48 12.20 12.12 12.51 12.87 12.96 12.83 13.93 13.81 12.93 12.98 13.14 11.78 13.00 13.11 13.23 9.18 9.90 9.59 9.63 9.97 9.86 10.16 14.98 14.00 13.32 13.40 13.90 14.37 14.60 14.69 14.88 15.23 15.24 15.03 14.97 15.20 15.41 15.34 15.20 15.10 15.10 15.12 15.03 15.03 15.22 15.36 15.43 15.48 15.43 15.31 15.18 15.15 19.53 19.01 18.89 14.93 18.90 18.32 17.03
11.52 11.93 11.71 10.72 11.73 12.24 11.97 11.99 12.26 12.01 12.20 12.80 12.87 15.47 12.63 12.38 12.35 12.37 12.11 12.15 12.31 11.94 12.76 13.29 12.79 12.92 12.96 12.87 14.33 11.28 9.28 13.10 13.17 13.28 10.49 10.61 9.55 13.51 13.88 14.97 15.37 13.67 12.87 13.26 13.70 14.20 14.44 14.47 14.81 15.46 15.32 14.80 14.82 15.25 15.41 15.21 15.12 15.08 15.11 15.13 15.03 14.99 15.14 15.31 15.35 15.29 15.30 15.38 15.27 19.77 19.63 19.75 19.18 19.24 18.84 14.75 14.73
11.83 11.89 11.08 10.68 11.66 12.13 11.72 12.08 12.10 11.70 12.06 12.68 12.60 12.54 12.47 12.32 12.33 12.30 12.07 12.13 12.11 12.25 12.41 10.21 12.88 12.91 12.06 14.21 14.35 12.61 12.88 9.09 10.27 11.16 11.81 11.03 13.00 13.32 13.81 15.14 15.32 13.36 12.65 13.17 13.64 14.09 14.27 14.30 14.76 15.52 15.41 14.79 14.75 15.25 15.31 18.95 19.06 18.94 15.15 15.16 15.05 14.96 15.05 15.23 20.11 21.24 19.90 15.37 15.39 15.08 20.25 19.62 19.52 19.48 14.72 14.60 19.10
