examples/cougarCreek-fire/createInputs/WindNinja/wrfout_d3.2015081112.f12/cougarCreekFire_08-12-2015_0000_217m_non_neutral_stability_vel.asc
ncols	146
nrows	140
xllcorner	610065.000000
yllcorner	5095217.000000
cellsize	216.586807
NODATA_value	-9999.000000
[rows 102 to 135 of 140, columns 0 to 76 of 146]
11.71 11.59 11.29 10.90 11.58 11.95 11.83 12.06 12.02 11.53 12.07 12.42 12.32 12.40 12.22 12.29 12.42 12.21 15.17 12.06 13.70 11.74 12.17 12.68 12.90 12.76 11.55 13.32 11.41 12.62 12.82 12.95 10.89 11.08 11.44 10.26 8.66 8.65 9.67 12.77 14.89 13.51 12.87 11.98 8.17 14.00 8.57 9.18 14.73 15.40 15.49 14.97 14.81 15.19 21.15 20.61 21.27 21.12 19.34 15.19 15.06 14.96 14.98 15.12 15.26 15.18 15.06 15.24 15.40 15.18 14.85 14.76 14.79 14.77 19.35 14.82 14.74
11.52 11.36 11.63 11.27 11.02 11.89 12.00 11.68 11.56 11.70 11.97 12.11 12.16 12.26 12.09 12.25 12.35 12.15 12.07 11.74 11.64 11.87 12.18 12.78 12.74 12.55 11.65 12.66 10.52 12.67 10.47 11.05 10.72 10.55 10.83 10.82 9.91 10.71 12.05 13.54 14.75 13.70 13.14 13.25 8.75 8.85 8.94 14.17 9.78 10.44 15.47 15.22 15.09 15.21 18.78 18.93 18.93 19.11 15.15 15.21 15.00 14.90 14.96 15.04 15.17 15.13 15.03 15.14 15.22 15.19 14.94 14.77 14.90 14.83 19.10 14.67 18.58
10.92 11.17 11.56 11.48 11.04 11.55 12.14 11.32 11.19 11.82 11.87 12.01 12.22 12.07 11.96 12.30 12.21 12.20 11.80 13.37 11.57 11.99 12.29 12.60 12.24 12.41 11.50 12.84 10.38 10.78 12.55 11.48 10.64 10.56 10.57 12.49 11.63 10.57 10.72 10.84 10.74 11.61 9.59 8.43 9.13 13.79 13.81 14.01 9.73 9.75 9.06 11.44 15.49 15.47 15.02 18.06 18.19 14.62 15.08 15.22 18.85 18.77 14.90 15.04 15.13 15.06 15.02 15.09 20.86 19.53 19.92 19.74 14.97 19.68 19.15 14.59 14.63
10.47 10.92 11.44 11.58 11.34 11.36 11.92 11.30 10.82 11.54 11.86 12.08 12.15 11.69 12.13 12.29 12.06 12.17 11.63 13.46 11.17 12.04 12.33 12.37 11.85 12.30 12.54 14.42 10.51 11.04 12.49 10.41 10.53 10.73 10.91 12.81 10.71 12.90 13.26 8.61 8.69 9.98 8.15 8.39 13.67 9.50 13.74 13.90 10.06 10.84 14.88 15.13 15.68 15.94 15.41 17.65 13.82 14.44 14.98 15.18 18.67 18.51 18.83 19.66 21.37 21.20 21.02 19.62 20.51 19.55 19.45 19.48 19.55 15.03 14.84 14.63 14.57
10.20 10.67 11.49 11.67 11.53 11.66 11.96 11.25 10.65 11.41 12.13 12.21 11.74 11.77 12.27 12.07 11.93 12.05 11.54 11.21 11.20 11.88 12.40 13.44 11.89 12.18 11.57 14.11 10.80 10.71 10.82 10.66 11.32 11.11 11.49 11.66 7.98 12.98 13.22 8.77 13.14 10.32 8.09 13.30 8.47 8.68 8.79 9.62 14.19 10.95 14.62 14.83 15.53 16.40 16.13 16.70 13.31 14.23 14.86 15.07 18.85 18.92 20.91 19.96 20.13 20.07 19.85 20.63 19.62 19.44 19.48 19.37 19.42 19.28 14.95 14.79 19.65
10.37 10.56 11.32 11.44 11.69 11.84 11.92 11.35 10.61 11.02 11.71 11.96 11.51 11.85 12.03 11.87 11.95 11.88 11.47 11.22 11.09 11.69 12.07 11.63 10.61 12.02 11.78 12.42 9.67 9.96 9.53 12.21 12.19 11.15 11.10 8.65 12.57 13.12 13.19 11.14 10.06 8.59 8.01 8.11 8.23 8.41 13.63 13.69 8.77 7.85 8.05 8.17 11.27 14.35 19.10 17.39 16.38 14.09 14.75 18.72 19.36 19.97 19.22 19.58 15.10 19.75 20.80 20.68 19.42 19.48 19.37 19.26 19.42 19.40 19.18 14.92 14.76
11.03 10.63 10.83 11.41 11.74 11.99 12.10 11.65 10.88 10.41 11.12 11.61 11.61 11.81 11.69 11.84 11.86 11.51 11.40 11.37 11.09 11.71 12.16 11.91 11.81 9.93 11.12 10.43 9.97 11.20 11.07 13.04 12.42 10.21 8.35 12.27 12.52 8.27 12.96 13.38 8.42 7.80 7.94 8.03 8.23 13.51 8.48 8.25 8.45 7.39 7.79 7.68 8.37 8.92 20.79 20.66 17.59 14.21 18.12 18.98 20.15 18.81 19.23 14.87 19.18 19.67 19.59 19.50 19.52 19.51 20.05 19.16 19.27 19.25 19.35 19.25 18.91
11.94 10.94 10.41 11.28 11.59 11.76 12.08 11.97 11.10 9.82 10.91 11.85 11.62 11.62 11.52 11.84 11.66 11.42 11.34 11.16 10.75 11.43 11.88 11.88 10.34 11.49 11.26 10.10 11.90 12.30 11.93 12.61 11.34 8.70 12.25 12.23 12.52 10.19 13.38 11.18 7.57 7.66 7.41 7.79 8.02 8.33 13.47 13.49 13.73 13.96 13.97 7.47 8.04 10.32 15.93 20.79 18.76 17.99 18.49 19.02 19.77 18.73 18.44 14.86 19.06 19.53 19.14 19.63 19.38 19.40 19.01 19.23 18.91 18.28 18.18 18.82 18.92
12.33 11.64 10.41 10.70 11.24 11.46 11.46 12.22 11.22 9.56 10.62 11.82 11.51 11.38 11.44 11.69 11.44 11.24 11.46 11.17 11.22 11.66 12.34 11.41 11.46 11.20 11.86 10.65 12.72 12.03 11.29 10.62 7.89 11.96 12.13 12.24 7.93 12.00 11.72 7.79 7.33 7.47 8.03 7.67 7.68 7.78 8.28 13.51 10.12 13.74 10.42 10.70 10.88 11.64 15.50 14.96 17.85 18.61 19.92 20.17 20.47 18.38 18.77 14.78 20.32 19.79 20.45 19.18 19.31 19.21 19.28 19.61 19.14 18.85 18.67 19.12 18.97
11.87 11.95 10.81 10.44 10.99 11.41 11.58 12.30 11.62 9.56 10.51 11.58 11.35 11.34 11.39 11.32 10.83 11.68 11.72 11.28 11.13 11.34 11.20 11.06 11.20 11.52 11.65 11.67 11.89 10.62 11.58 11.63 11.85 11.91 12.00 12.23 11.25 11.98 8.54 7.09 12.39 7.77 7.21 7.36 7.41 7.29 7.74 8.43 9.58 13.58 10.34 10.99 11.45 13.26 15.37 16.88 18.71 20.93 20.42 20.32 20.03 19.75 20.39 19.29 19.94 19.78 19.97 19.90 19.99 19.31 19.58 19.52 14.81 14.59 14.64 14.76 19.02
11.63 11.49 11.22 10.73 10.79 11.30 11.43 11.74 11.83 10.25 10.31 11.13 11.27 11.42 11.38 10.97 11.17 11.88 11.96 11.41 10.95 11.15 11.08 10.78 10.93 11.23 11.52 10.54 10.45 9.34 11.40 11.62 8.37 8.61 8.32 11.15 11.80 9.44 7.65 7.34 6.84 6.85 7.20 7.29 7.10 7.59 7.76 7.99 7.16 8.39 8.56 7.88 7.95 8.24 9.76 20.87 20.57 20.44 20.54 20.20 19.87 19.68 19.47 18.99 19.14 18.98 18.59 18.89 18.91 19.24 19.27 18.90 18.96 19.18 19.28 19.05 18.83
11.57 11.36 11.78 11.51 10.93 11.13 11.26 11.29 11.46 11.26 9.93 10.73 11.36 11.56 11.30 10.97 10.78 11.56 12.08 11.73 10.70 10.89 10.97 10.60 10.72 11.05 11.35 11.35 9.98 9.46 11.37 9.69 10.17 8.80 9.86 12.21 10.24 8.09 7.94 7.64 7.45 8.10 7.06 7.34 7.98 12.92 7.72 7.78 6.52 6.58 6.94 6.65 7.68 9.64 13.15 17.93 20.26 20.42 20.80 20.24 19.75 19.36 19.17 18.90 18.95 18.88 18.74 18.52 18.64 18.75 18.59 18.33 18.08 18.01 18.52 18.61 18.07
11.93 11.77 11.20 11.27 11.18 11.26 11.32 11.14 11.19 10.85 9.83 10.66 11.38 11.44 11.10 11.10 11.05 11.38 11.80 11.43 10.98 10.78 10.98 10.51 11.13 11.04 11.17 11.18 11.28 11.32 10.72 10.34 11.44 9.26 11.62 11.27 8.49 7.68 11.94 8.68 12.03 7.42 7.24 12.74 12.80 12.94 12.95 7.62 8.00 7.39 7.04 7.96 9.49 11.24 13.82 14.91 17.52 18.97 20.02 19.99 19.01 18.69 18.71 18.74 18.84 18.74 18.61 18.69 18.74 18.79 18.72 18.77 18.64 18.25 18.08 17.87 17.20
11.28 11.18 11.19 11.36 11.51 11.45 11.63 11.38 11.03 10.80 10.06 10.74 11.38 11.17 11.12 11.00 11.24 11.39 11.42 11.32 10.88 10.63 10.63 10.94 11.25 11.08 11.07 11.06 11.06 11.26 11.86 10.96 8.66 10.00 11.70 9.61 7.89 11.80 9.72 8.88 11.87 6.41 12.45 7.39 7.34 7.67 7.99 6.54 7.21 7.46 7.78 9.28 10.29 12.14 14.17 14.54 14.80 15.67 17.75 19.10 18.43 17.76 17.93 18.74 19.01 18.60 18.45 18.57 18.83 19.02 18.93 18.98 18.74 18.24 17.84 17.58 17.36
10.94 11.04 11.26 11.60 12.11 11.75 11.57 10.94 10.97 11.21 10.55 10.79 10.78 10.90 11.13 11.19 11.10 11.23 11.28 11.27 10.73 10.43 10.39 11.16 10.96 11.11 10.95 11.01 10.97 11.23 11.05 10.78 11.10 11.45 9.79 7.74 11.53 9.33 10.20 8.06 11.79 11.97 7.21 7.65 8.00 7.96 7.74 7.87 7.20 7.50 8.17 9.85 11.88 13.08 14.33 14.93 14.41 14.97 15.71 17.67 18.28 17.88 17.58 18.44 19.04 18.98 18.92 18.88 18.91 18.86 18.71 18.78 18.33 17.97 17.46 17.28 14.59
10.72 10.83 11.30 11.78 11.68 11.29 11.00 10.89 11.25 10.87 11.10 10.84 10.62 10.67 10.81 10.81 11.25 11.36 11.01 11.06 10.69 10.16 10.26 11.34 11.45 11.11 10.75 10.94 11.07 11.25 10.88 10.60 10.78 11.13 11.24 8.24 10.27 10.42 9.18 7.44 11.72 11.85 6.48 6.83 7.84 8.46 8.59 7.40 7.44 8.57 9.79 12.24 13.39 13.50 14.09 14.88 14.91 15.16 15.41 16.79 17.82 17.60 17.34 17.85 18.30 18.66 19.04 19.14 18.72 18.09 18.17 18.51 18.21 17.88 17.59 17.38 14.59
10.64 10.66 11.24 11.50 11.62 11.50 11.59 10.78 11.03 10.74 11.23 11.45 11.39 10.56 10.07 10.48 11.12 11.04 10.74 10.93 10.82 10.08 10.26 10.86 11.50 10.99 10.61 10.90 11.07 11.10 10.73 10.31 10.63 10.96 11.27 9.56 11.39 9.97 7.66 11.51 11.62 11.74 7.31 7.78 8.85 10.18 9.69 8.04 9.65 10.14 10.21 13.07 13.73 13.50 14.10 14.10 15.46 15.51 14.22 16.58 14.28 17.14 14.26 16.97 17.40 17.74 18.32 19.09 18.76 18.01 17.56 18.45 18.34 18.18 14.50 14.51 14.55
10.57 10.66 11.10 11.65 11.69 12.11 11.31 10.78 10.53 10.51 11.04 11.53 12.12 11.13 9.53 10.30 11.04 10.67 10.83 10.83 10.54 10.18 10.40 10.96 11.24 10.72 10.76 10.84 10.91 10.89 10.49 10.31 10.97 10.93 11.13 10.29 10.29 10.95 11.10 6.60 11.60 7.07 7.76 8.79 9.90 9.95 9.16 9.34 10.30 10.60 11.05 12.88 13.64 13.76 13.89 13.99 14.06 13.94 14.02 14.23 16.60 14.14 16.50 14.39 17.21 17.51 17.72 18.46 18.98 18.46 17.44 17.35 17.90 18.11 14.60 14.52 14.41
10.55 10.81 11.04 11.33 11.36 12.22 11.66 10.80 10.63 10.37 10.74 11.39 11.49 10.91 9.87 9.95 10.48 10.58 10.86 10.66 10.32 10.72 10.40 10.67 10.69 10.70 10.94 10.68 10.70 10.99 10.67 10.47 10.85 11.16 11.04 10.90 10.79 10.97 11.11 11.38 11.52 7.99 8.25 8.77 9.14 8.47 8.88 9.95 10.20 10.13 11.16 12.28 13.67 13.74 13.86 13.89 13.94 13.91 13.85 13.99 14.21 16.42 16.50 16.44 14.44 16.97 17.99 17.81 18.86 18.67 17.71 16.74 16.79 17.11 17.53 14.52 14.42
10.46 11.02 11.31 10.61 11.53 12.10 11.48 11.23 10.82 10.44 10.48 11.12 11.90 11.11 10.59 9.87 9.83 10.45 10.91 10.56 10.63 10.76 10.33 10.43 10.66 10.88 10.72 10.49 10.68 11.14 10.61 10.73 10.81 10.53 10.89 10.56 10.66 10.92 11.08 11.37 8.43 8.76 8.08 7.85 7.53 7.66 9.09 10.08 10.05 9.92 10.99 11.71 12.55 13.70 13.79 13.82 13.86 13.87 13.75 13.73 14.05 15.44 16.06 15.82 15.43 15.60 17.56 17.39 18.02 18.84 17.86 17.20 17.28 17.57 14.62 14.54 14.48
10.19 10.66 11.16 10.66 11.33 11.65 10.98 10.76 11.07 10.72 10.96 10.78 11.26 11.14 11.00 10.28 9.34 10.11 10.93 10.71 10.60 10.27 10.43 10.63 11.00 10.89 10.30 10.22 10.61 10.89 10.64 10.65 10.78 10.93 10.67 10.29 10.55 10.82 11.03 8.02 11.41 8.44 7.29 7.29 7.18 7.89 9.80 10.23 10.06 9.66 10.32 11.18 13.56 13.64 13.68 13.76 13.82 13.83 13.69 13.58 13.85 14.21 16.33 15.50 14.89 15.00 14.59 16.36 16.34 18.17 18.10 18.18 14.48 14.64 14.64 14.52 14.44
9.90 10.51 11.62 10.74 11.08 11.08 10.72 10.29 11.29 11.12 10.35 10.39 11.06 11.38 11.86 10.57 9.16 9.78 10.90 10.57 10.50 10.23 10.40 10.66 11.04 10.82 9.96 10.17 10.63 10.86 10.47 10.16 10.34 10.47 10.44 10.21 10.40 10.67 10.95 11.31 11.22 8.09 7.66 7.67 7.55 12.30 12.25 10.02 9.43 8.97 9.30 10.97 13.48 13.55 13.60 13.67 13.76 13.80 16.23 13.54 13.70 14.10 16.06 15.29 13.94 14.18 14.45 15.98 16.16 17.03 17.47 17.67 17.63 14.58 14.64 14.59 14.47
9.88 10.38 10.84 11.25 10.95 10.85 10.52 10.55 11.40 11.47 10.45 10.03 10.73 11.22 11.38 10.67 9.13 9.68 10.80 10.61 10.46 10.63 10.29 10.54 10.80 10.63 9.78 10.06 10.53 10.81 10.46 10.30 10.31 10.30 10.15 10.16 10.27 10.54 10.80 10.93 10.91 7.79 7.72 7.88 11.89 10.06 12.09 9.38 8.87 8.93 9.73 13.32 13.38 13.49 13.57 13.63 13.70 13.73 13.66 13.53 13.62 13.88 13.85 13.73 13.71 13.86 14.22 14.40 16.84 16.97 16.71 16.23 14.21 14.39 14.59 14.65 14.49
10.11 10.14 10.51 10.79 11.28 10.81 10.63 10.50 11.14 12.09 10.77 9.91 10.37 11.05 11.41 10.90 9.39 9.61 10.64 10.50 10.51 10.14 10.16 10.65 10.38 10.23 9.78 10.06 10.81 10.90 10.49 10.26 10.06 9.97 9.89 10.19 10.18 10.38 10.56 10.70 10.71 10.86 7.35 11.57 11.70 11.88 11.95 9.28 9.25 9.98 12.99 13.22 13.26 13.42 13.56 13.63 13.72 13.69 13.58 13.52 13.61 16.87 17.49 17.41 17.13 13.79 13.91 14.21 18.76 18.41 17.24 13.98 14.01 14.06 14.35 14.62 14.54
10.23 10.18 10.19 10.70 10.66 10.18 10.79 10.65 10.74 11.09 11.12 10.09 10.05 10.66 11.24 11.16 9.92 9.48 10.30 10.49 10.55 10.52 9.97 9.94 9.94 10.18 10.10 10.29 10.82 10.66 10.44 10.19 9.77 9.69 10.55 10.07 10.11 10.18 10.43 10.60 10.61 10.78 11.25 11.44 11.58 11.72 11.82 11.85 12.09 12.40 12.72 13.01 13.08 13.24 13.44 13.59 13.70 13.66 18.18 13.66 18.97 13.79 13.68 18.69 13.57 13.70 17.27 13.92 14.60 18.27 13.68 13.85 13.94 13.77 13.98 14.45 14.61
10.28 10.28 10.12 10.39 10.65 10.81 10.76 11.17 10.83 10.75 11.32 10.52 9.95 10.36 11.03 11.50 10.34 9.41 10.00 10.52 10.50 10.38 9.80 9.85 10.52 10.34 10.42 10.59 10.72 10.38 10.24 10.13 9.69 9.58 10.54 10.00 10.02 10.10 10.32 10.45 10.44 10.71 11.13 11.19 11.48 11.65 11.73 11.74 11.88 12.26 12.57 12.76 12.96 13.06 13.27 13.39 13.64 13.65 13.60 13.57 13.55 13.62 13.66 18.48 13.55 18.33 17.79 13.51 14.37 16.06 13.47 13.63 13.93 13.74 13.64 14.14 14.52
10.43 10.29 10.14 10.36 10.68 10.70 10.72 10.79 10.65 10.43 10.82 11.40 10.20 10.21 10.79 11.07 10.43 9.58 9.94 10.45 10.37 10.29 10.40 10.12 10.17 10.28 10.30 10.87 10.36 10.20 10.03 9.72 9.51 10.24 9.77 9.95 10.06 10.10 10.08 10.20 10.34 10.63 10.75 10.92 6.72 11.51 11.55 11.47 11.67 12.06 6.95 12.60 12.91 13.05 13.24 13.45 13.59 13.69 13.68 13.55 13.52 13.58 13.66 13.65 13.60 18.39 17.67 13.87 13.98 13.77 13.53 13.52 13.85 13.86 13.62 13.89 14.38
10.73 10.27 10.07 10.32 10.42 10.53 10.58 10.62 10.53 10.29 10.57 11.04 10.59 10.17 10.51 10.75 10.41 9.81 9.98 10.44 10.30 10.19 10.35 10.36 10.14 10.15 10.23 10.62 10.25 10.05 9.94 10.02 10.10 10.23 10.54 9.92 9.90 9.84 9.87 10.01 10.27 10.51 10.72 10.97 11.17 11.32 11.34 6.41 11.52 11.85 7.51 12.56 12.76 13.02 13.24 13.45 13.63 13.76 13.74 13.59 13.49 13.49 13.70 13.81 13.94 18.29 17.98 18.20 14.16 13.95 13.79 13.77 13.84 13.93 13.81 13.78 14.09
11.25 10.28 9.78 10.15 10.26 10.42 10.48 10.49 10.43 10.36 10.46 10.90 10.80 10.25 10.29 10.48 10.37 9.96 10.05 10.50 10.31 10.09 10.22 10.25 10.20 10.23 10.27 10.39 10.09 9.97 9.93 10.02 10.06 10.17 9.82 9.88 9.70 9.71 9.77 9.89 10.16 10.43 10.66 10.90 11.07 11.23 11.14 11.27 11.51 11.86 12.09 7.40 8.03 12.88 13.14 13.43 13.71 13.86 13.85 13.73 13.47 13.32 13.57 18.88 18.74 18.39 18.23 14.12 14.17 14.08 13.83 13.72 13.78 13.89 13.92 13.80 13.90
12.23 10.43 9.47 9.88 10.14 10.35 10.42 10.45 10.45 10.45 10.47 10.68 10.74 10.40 10.30 10.40 10.29 10.05 10.23 10.56 10.37 10.08 10.10 10.16 10.19 10.21 10.14 10.10 10.00 9.93 9.97 10.09 10.07 10.15 9.72 9.96 9.74 9.69 9.72 9.81 10.09 10.34 10.79 11.01 11.17 11.19 11.09 11.15 6.41 6.82 6.91 7.02 7.37 8.36 13.11 13.36 13.70 13.93 14.00 14.01 17.59 17.91 18.08 18.35 18.20 17.81 17.69 14.05 14.11 14.17 13.91 13.80 13.88 13.94 14.06 13.95 13.87
12.79 11.23 9.32 9.50 9.97 10.33 10.43 10.47 10.50 10.51 10.52 10.58 10.62 10.51 10.41 10.42 10.30 10.13 10.35 10.60 10.46 10.21 10.07 10.06 10.18 10.25 10.08 9.99 9.98 9.96 10.02 10.14 10.13 10.22 9.72 10.66 10.57 9.87 9.68 10.52 10.78 11.02 10.65 10.88 11.10 11.23 10.99 11.11 11.44 11.77 11.96 12.22 12.46 7.30 7.89 8.83 10.03 13.94 14.06 19.70 18.50 17.50 17.73 17.21 16.99 13.74 13.84 13.98 14.00 14.09 13.98 13.93 13.96 14.11 14.23 14.15 13.49
13.30 11.47 9.28 9.17 9.70 10.29 10.45 10.52 10.54 10.56 10.54 10.57 10.57 10.55 10.50 10.46 10.38 10.21 10.30 10.59 10.56 10.34 10.10 9.97 10.16 10.24 10.05 9.92 9.94 10.00 10.03 10.12 10.20 10.35 10.64 10.79 10.69 10.52 9.79 10.43 10.70 10.40 10.52 10.86 11.02 11.07 10.92 11.06 11.33 11.53 11.78 12.13 12.40 12.71 7.69 7.80 8.26 8.84 14.04 14.13 17.38 17.62 18.03 17.85 17.30 13.61 13.74 14.03 14.04 13.99 13.92 13.80 13.78 13.93 14.11 14.12 14.13
13.58 11.72 9.83 8.97 9.36 10.15 10.53 10.68 10.63 10.57 10.52 10.56 10.57 10.57 10.55 10.49 10.44 10.31 10.22 10.49 10.68 10.46 10.14 9.95 10.10 10.19 10.04 9.91 9.91 9.97 9.97 10.05 10.30 10.65 10.42 10.50 10.78 10.51 10.31 10.01 10.11 10.29 10.47 10.75 10.93 10.94 10.89 11.02 11.18 11.37 11.73 12.11 12.34 7.14 7.05 12.98 13.40 13.87 13.98 13.92 13.72 17.17 17.52 17.85 17.73 17.18 13.57 13.85 14.12 14.08 14.02 13.88 13.70 13.74 13.94 13.95 13.91
13.43 12.24 10.31 8.91 8.95 9.92 10.88 11.06 10.78 10.46 10.44 10.56 10.57 10.58 10.56 10.53 10.47 10.41 10.24 10.36 10.71 10.59 10.21 9.98 10.03 10.11 10.02 9.92 9.88 9.91 9.92 10.00 9.81 10.38 9.97 10.41 11.01 10.49 10.15 10.23 10.04 10.26 10.44 10.64 10.87 10.92 10.95 10.99 11.17 11.32 11.58 12.12 8.39 7.19 12.53 12.84 13.21 13.66 13.88 13.77 13.59 13.59 13.75 13.84 17.55 17.54 13.67 13.72 13.92 14.06 14.12 14.03 13.97 13.99 13.98 13.39 13.38
