examples/cougarCreek-fire/createInputs/WindNinja/wrfout_d3.2015081112.f12/cougarCreekFire_08-12-2015_0000_217m_non_neutral_stability_ang.asc
ncols	146
nrows	140
xllcorner	610065.000000
yllcorner	5095217.000000
cellsize	216.586807
NODATA_value	-9999.000000
[rows 50 to 99 of 140, columns 0 to 95 of 146]
150 159 161 161 169 156 155 168 168 167 163 158 152 193 186 173 173 162 159 165 156 152 152 152 150 149 121 148 125 134 136 133 126 117 103 86 68 94 99 101 106 100 100 99 86 74 69 73 83 94 94 91 91 90 89 86 84 88 93 93 87 87 84 82 86 80 78 75 75 74 74 75 74 77 77 72 67 65 70 69 69 87 98 95 89 84 80 78 78 86 79 76 79 82 82 80
148 151 156 165 153 152 165 165 164 162 156 151 150 186 165 162 163 157 161 163 146 140 150 134 150 144 157 109 120 135 136 131 128 116 104 88 78 93 98 98 99 99 99 104 98 89 82 82 80 94 91 89 76 87 74 73 83 84 84 89 89 87 87 83 82 79 84 81 81 80 81 85 80 81 80 81 81 82 69 77 69 77 87 92 91 89 85 81 78 77 89 78 72 77 78 78
156 150 167 150 150 162 162 162 185 157 153 182 169 164 156 154 156 157 159 154 144 145 138 109 147 104 103 108 141 137 137 131 126 115 102 92 91 99 97 99 97 96 95 99 108 101 99 94 91 85 85 83 80 76 74 76 77 75 81 82 83 86 85 78 84 81 81 82 80 81 72 83 82 72 72 72 73 72 72 71 78 74 77 81 86 88 87 85 82 79 76 75 75 75 76 77
144 156 146 147 161 162 177 177 179 181 176 157 142 141 137 134 132 159 156 148 155 141 137 132 155 107 142 137 135 135 131 131 124 114 100 93 93 91 90 90 91 89 88 92 99 97 97 92 90 88 87 85 82 83 82 88 80 73 70 77 79 81 76 78 78 75 75 74 73 73 76 76 74 73 73 73 85 77 74 74 74 74 91 76 78 80 83 85 84 82 80 78 76 75 75 76
142 156 158 158 166 167 173 175 175 175 156 140 141 141 165 156 132 165 159 148 118 115 141 144 138 132 139 137 132 132 125 131 122 117 91 95 102 100 91 91 87 82 78 80 86 91 95 93 90 88 89 89 88 87 91 86 78 70 72 78 78 73 77 79 79 79 78 76 73 74 77 78 76 74 73 73 73 74 74 75 77 77 76 76 76 77 78 80 81 81 82 81 78 75 75 75
139 150 157 162 150 156 159 172 163 160 143 141 143 143 165 156 132 159 126 122 142 148 147 142 148 138 137 135 130 132 128 130 124 118 103 85 110 110 102 95 90 87 75 70 72 80 89 96 97 93 90 90 91 91 91 92 83 74 75 75 73 74 77 78 79 81 80 77 75 75 76 77 77 76 75 75 75 75 76 78 79 78 89 77 75 76 76 76 78 79 80 79 78 78 76 74
140 138 155 154 142 160 155 160 144 144 143 144 141 141 162 133 129 127 119 147 147 145 146 142 137 137 134 124 130 129 128 132 122 118 104 100 112 111 100 96 91 89 80 70 65 67 74 89 101 103 96 91 90 91 91 87 80 78 78 77 75 76 76 76 76 76 75 75 75 75 74 73 73 74 75 76 76 76 77 79 80 84 78 77 75 83 74 75 76 76 75 75 76 77 77 76
135 137 154 139 139 138 152 143 136 134 132 148 129 128 138 131 128 152 138 139 147 143 146 117 137 138 131 124 132 129 132 126 118 120 99 97 115 108 95 97 94 91 89 76 67 61 62 71 86 99 103 98 90 88 86 81 78 77 77 77 77 78 77 76 75 74 72 73 73 73 72 71 70 71 73 75 75 76 77 72 76 77 80 81 79 77 76 76 94 94 74 73 74 74 75 75
137 139 140 139 138 150 146 136 136 134 154 146 127 126 164 132 121 118 120 125 148 146 112 111 138 136 106 127 132 128 129 125 121 122 101 95 111 106 98 99 96 92 91 84 75 63 57 62 66 73 89 98 88 84 81 78 78 78 77 76 77 77 78 77 77 76 75 74 73 72 71 71 71 72 73 74 64 68 71 70 72 72 75 77 78 79 79 87 76 76 75 75 74 74 75 74
136 140 142 140 138 151 135 136 135 155 151 127 147 124 122 121 121 120 121 121 150 125 115 120 140 112 107 132 132 131 124 126 126 123 107 97 102 105 99 103 97 94 93 88 87 87 79 66 66 62 65 71 77 77 76 76 78 80 80 77 76 77 77 77 76 75 73 74 73 72 71 72 73 73 63 69 78 77 71 69 70 71 71 71 73 76 77 76 76 76 75 74 74 74 74 74
135 140 141 138 152 133 134 134 156 152 127 126 125 124 125 124 133 122 120 120 142 141 141 142 119 112 129 133 131 125 126 128 128 123 112 101 100 102 104 103 100 94 91 95 90 89 86 89 85 67 61 64 59 67 69 71 74 77 77 76 76 77 78 72 73 73 71 71 72 72 72 73 65 66 78 77 72 73 79 80 77 74 74 73 73 74 74 74 74 74 74 74 74 74 74 74
135 138 138 135 134 131 133 133 131 129 127 127 128 126 126 126 129 123 122 125 129 145 147 122 117 113 110 130 127 128 130 130 127 122 112 105 98 101 105 103 99 95 93 95 93 94 92 91 91 73 65 62 62 63 65 68 65 68 68 67 68 69 71 72 75 72 70 71 71 72 64 68 77 76 72 73 77 81 80 81 86 81 84 82 81 82 83 81 73 73 73 74 74 74 73 73
137 137 135 132 132 130 131 131 128 127 128 129 129 132 145 150 125 125 122 127 130 145 143 141 119 115 130 127 127 130 132 131 124 123 109 108 104 102 106 105 102 96 97 95 94 94 93 85 85 74 68 67 66 94 66 69 76 72 85 78 68 67 68 68 66 64 70 62 63 66 70 74 71 69 71 79 82 83 82 80 86 86 81 83 71 81 82 82 72 72 72 73 73 74 74 75
140 138 133 130 129 128 127 128 128 129 131 133 132 139 151 132 125 124 127 139 144 143 140 145 122 118 131 126 128 130 133 127 125 121 108 109 108 104 106 106 103 96 94 98 92 90 90 94 91 74 70 70 68 95 70 72 91 73 89 92 71 71 72 67 63 65 63 87 92 76 73 74 72 72 76 80 83 80 83 83 86 71 86 85 71 78 79 80 72 72 72 72 72 72 72 72
142 139 134 131 130 129 129 130 131 134 147 149 135 130 139 127 125 127 130 137 125 127 142 144 139 137 131 126 130 130 130 131 125 117 110 110 108 107 107 105 104 96 96 97 97 91 90 80 77 90 73 71 70 71 72 73 74 80 73 90 72 79 71 85 86 85 87 90 69 90 78 75 87 87 77 80 77 79 78 79 83 86 72 71 71 71 71 83 72 72 72 72 72 73 72 72
143 141 136 134 134 134 134 133 135 154 157 156 153 138 128 126 126 129 132 133 116 128 142 142 138 122 114 124 127 128 129 129 126 116 110 109 112 109 108 109 105 99 95 93 95 92 93 91 79 78 76 70 70 70 96 74 75 74 74 93 73 73 72 89 85 85 86 87 91 96 84 82 86 88 76 75 68 65 65 69 70 71 74 75 75 76 72 73 73 73 72 72 73 72 72 72
144 140 135 134 133 133 135 143 149 154 155 152 148 135 126 123 123 132 119 126 116 115 114 113 145 121 114 109 124 127 132 122 120 116 109 110 119 109 107 115 105 100 91 95 85 84 84 83 80 94 79 75 68 93 73 75 75 74 74 74 87 73 94 95 94 88 78 90 85 85 83 75 82 86 86 74 61 64 67 70 70 70 71 70 67 67 71 72 73 72 72 73 72 72 72 72
147 142 137 138 135 135 140 147 152 153 152 150 145 135 125 121 125 135 119 142 129 127 114 113 143 121 114 110 128 132 126 119 117 117 115 114 121 107 111 113 105 102 90 83 83 89 95 94 92 95 95 76 77 72 97 76 75 73 73 76 73 86 87 72 95 91 91 68 69 82 80 81 84 85 88 90 68 68 68 68 67 66 69 71 70 69 76 74 70 72 74 74 74 74 74 72
147 142 137 142 141 144 146 144 152 151 146 134 133 123 127 121 125 149 131 128 128 140 111 134 141 108 106 110 133 127 126 117 116 123 122 115 121 112 112 116 106 110 84 82 81 80 80 91 81 93 93 72 72 74 76 99 75 73 72 94 84 86 81 92 82 80 79 69 68 86 77 75 74 74 82 91 92 85 69 69 73 65 65 71 75 80 71 74 71 74 75 75 75 75 74 74
143 140 134 142 142 149 150 150 150 149 144 141 142 122 126 120 124 121 142 116 130 139 137 138 140 107 106 111 132 125 129 118 114 118 123 123 122 113 112 116 113 106 101 82 82 81 80 81 79 79 80 73 73 74 75 76 101 74 72 76 80 73 73 85 89 86 85 70 69 68 84 79 79 74 77 81 86 68 65 67 67 68 68 69 71 71 71 71 72 75 74 74 76 75 73 72
142 138 131 141 140 146 147 149 149 148 146 144 138 125 123 120 124 120 141 115 114 139 126 139 122 108 109 125 128 131 130 125 114 117 124 121 122 113 113 113 114 112 104 84 82 82 92 90 78 77 74 73 73 94 74 75 77 77 74 71 77 71 72 73 73 81 82 86 70 69 90 85 82 83 83 83 82 68 72 68 65 67 63 58 59 68 69 69 70 63 70 72 74 74 73 73
143 137 131 129 139 145 146 141 147 147 146 146 121 135 119 122 124 119 140 114 130 139 110 124 109 108 112 130 129 132 130 120 98 96 124 124 114 113 114 117 116 104 101 99 81 81 82 89 80 79 77 72 79 93 93 74 75 76 76 73 70 89 70 71 71 72 72 75 85 70 69 91 82 82 82 83 84 83 82 80 68 68 81 83 59 60 61 63 73 69 62 62 65 69 71 72
142 135 130 129 140 145 146 140 146 144 146 145 145 130 116 123 124 117 128 113 112 111 110 123 109 113 116 127 131 131 129 118 113 125 125 121 113 100 120 114 110 106 91 104 87 81 82 91 80 73 76 72 89 96 74 75 74 75 76 74 72 70 92 76 73 70 72 69 69 73 70 86 81 76 77 82 82 85 83 85 81 79 83 87 67 84 83 86 86 66 85 79 75 74 72 70
138 134 130 128 140 144 145 139 144 143 144 144 143 118 118 120 123 116 113 112 112 111 110 138 109 113 132 133 129 111 128 116 113 123 117 121 100 107 121 113 116 106 92 108 97 81 91 84 82 73 79 72 89 73 94 74 74 74 74 74 74 72 78 91 87 85 76 80 77 77 78 78 80 79 79 82 83 83 84 85 81 78 80 86 89 87 84 85 87 68 67 84 78 74 68 68
134 132 129 127 140 144 144 143 141 142 143 143 119 136 113 117 121 116 113 112 112 111 110 123 109 115 132 130 114 130 121 115 117 108 118 123 100 107 121 116 116 105 105 111 87 83 82 83 83 82 73 89 89 74 74 91 73 73 73 74 74 73 71 93 87 84 87 87 84 87 91 86 85 67 81 80 83 83 84 86 83 79 78 83 86 88 85 78 80 88 69 67 84 75 67 68
132 131 129 140 140 140 140 142 141 143 137 141 138 136 114 117 120 116 113 137 112 111 110 110 119 121 134 114 132 126 124 116 128 105 122 115 101 111 120 118 116 104 104 92 88 97 77 89 76 86 73 73 93 74 74 92 92 73 72 73 74 73 72 79 88 76 83 77 76 89 67 67 89 81 66 81 82 84 84 84 84 79 73 75 81 86 86 83 75 77 87 70 68 83 66 66
132 131 128 140 140 140 140 137 143 139 121 120 119 136 116 119 120 116 139 112 112 111 110 111 124 136 134 132 126 129 126 119 128 121 122 102 101 113 102 117 110 104 103 104 89 86 94 77 76 86 74 74 74 74 74 86 92 73 73 73 73 73 73 71 90 85 86 86 76 82 92 85 81 87 84 93 81 84 85 81 83 78 71 73 78 84 83 83 78 72 69 79 70 68 66 66
131 130 128 140 140 140 139 139 140 138 122 132 121 119 117 119 119 115 113 112 112 111 111 125 124 135 135 132 130 129 123 126 123 124 115 101 92 113 102 118 97 97 96 95 90 87 96 77 76 87 75 74 74 74 74 86 91 73 73 73 93 73 73 72 83 89 89 89 83 78 87 90 93 90 67 67 68 89 86 83 81 81 80 77 80 66 83 77 78 74 69 69 76 70 68 67
130 129 127 140 141 125 139 143 140 139 137 140 119 118 117 118 117 115 113 112 111 111 111 119 126 136 133 132 131 129 127 125 127 123 106 93 92 105 117 115 99 97 97 96 94 92 89 91 75 87 87 75 74 73 73 74 91 92 91 73 74 74 73 72 70 89 88 87 80 68 68 69 90 90 68 68 93 86 80 82 85 84 80 77 77 66 67 81 80 81 79 74 67 69 70 68
130 128 126 139 141 124 139 138 139 139 136 137 136 115 116 117 116 114 113 112 111 111 135 110 109 135 133 131 131 130 123 120 122 123 105 93 92 106 117 116 98 96 97 97 95 93 90 87 94 76 87 75 74 73 73 84 74 90 95 73 74 75 75 73 70 82 80 80 79 68 67 68 69 82 88 87 67 68 79 81 84 85 82 80 78 67 68 67 66 67 66 79 76 67 69 70
129 127 126 139 140 123 122 138 139 138 137 139 133 114 116 116 115 114 113 112 112 111 118 109 123 135 132 102 130 119 128 123 123 122 105 92 91 105 103 117 98 97 96 97 96 94 91 84 86 77 76 75 73 73 75 75 74 86 84 73 73 74 74 90 71 70 86 78 80 76 76 77 68 69 81 87 69 69 85 78 79 87 67 66 66 67 68 68 67 67 67 67 66 75 67 69
128 126 124 136 124 122 121 137 137 137 137 135 134 114 116 116 114 113 113 112 111 130 109 108 120 123 104 102 117 126 117 123 122 123 105 102 103 120 118 89 87 85 97 95 94 94 92 77 82 76 76 75 73 74 76 86 84 72 82 84 72 73 73 73 88 71 82 83 82 76 79 85 78 68 70 70 70 71 85 79 76 67 67 66 66 67 68 68 68 67 67 67 67 76 66 67
127 126 124 137 123 122 121 137 135 137 136 117 132 115 115 115 114 113 112 111 135 124 108 107 119 132 103 102 127 121 117 126 123 119 105 102 104 105 104 88 87 86 98 95 92 94 93 78 96 86 74 73 74 77 88 85 83 87 84 81 92 71 72 72 72 72 70 88 83 87 78 79 85 76 69 76 85 71 70 81 76 66 68 67 67 66 66 68 69 68 68 67 66 67 66 65
126 125 123 122 122 121 120 136 133 136 136 116 135 115 134 114 113 113 111 134 134 116 107 106 118 104 103 101 127 112 128 125 111 109 107 104 117 90 102 88 87 99 86 95 82 81 80 98 88 88 85 73 76 90 94 85 72 84 85 82 83 92 83 70 71 71 71 84 85 87 83 82 86 86 80 78 81 92 91 83 83 65 67 69 69 68 67 66 67 68 67 67 66 67 65 64
125 124 122 121 120 120 119 136 134 135 116 116 132 114 114 113 127 112 111 134 120 107 106 105 105 127 102 117 116 112 128 125 96 95 121 91 117 89 101 87 88 88 86 83 82 81 80 80 88 77 87 76 89 87 85 74 74 74 85 73 85 84 83 83 82 83 85 83 91 85 84 77 88 86 84 84 84 87 87 69 67 67 66 68 69 68 68 67 66 66 66 67 66 68 67 66
124 123 121 120 119 119 118 135 135 136 115 132 126 128 114 113 112 131 134 131 116 106 105 104 103 125 123 121 116 98 121 123 95 94 122 117 116 104 87 87 88 89 86 83 82 81 80 80 79 77 77 78 78 75 74 75 75 75 74 74 74 85 71 83 88 88 92 69 83 90 88 76 78 90 89 87 86 86 70 70 70 69 68 67 68 88 68 68 67 67 66 66 66 67 67 68
123 121 120 119 118 118 117 116 135 115 114 133 115 134 113 111 131 130 131 122 106 105 104 123 102 124 101 121 115 119 120 109 121 95 123 113 119 118 88 88 98 85 84 82 82 81 80 80 79 78 77 78 77 75 74 75 75 75 75 75 74 73 72 72 91 90 92 85 84 84 84 84 82 84 88 69 88 68 69 69 68 77 69 68 67 67 67 67 67 78 67 67 67 65 65 66
121 120 119 118 117 117 116 116 115 115 114 125 114 133 133 133 130 124 129 118 105 104 103 102 125 123 100 122 98 124 96 110 96 95 95 93 92 91 118 115 85 82 82 83 82 81 81 80 80 79 78 77 77 76 75 75 75 75 75 75 74 74 73 73 85 92 94 85 85 69 69 89 84 81 83 82 83 86 88 81 67 74 68 68 67 67 67 66 66 66 66 66 66 65 65 63
120 119 118 117 116 116 136 115 115 114 113 125 113 127 132 131 129 127 129 105 104 103 102 102 125 100 99 99 98 97 116 122 120 94 94 121 91 91 118 88 85 82 82 83 83 82 81 80 79 79 78 77 93 77 76 76 76 75 75 75 74 74 74 73 93 91 86 93 93 92 69 90 86 83 68 68 69 70 70 80 68 67 68 68 67 68 67 67 66 65 66 66 66 65 64 64
119 118 116 116 115 115 135 114 114 113 111 130 111 112 131 130 128 123 122 104 103 102 101 126 100 100 99 99 98 98 97 115 120 93 93 92 91 90 117 87 85 84 83 84 84 83 81 80 80 79 78 77 94 95 77 76 76 75 75 75 75 74 73 94 85 90 91 92 91 90 91 91 89 88 82 80 81 68 69 69 68 68 68 68 68 68 67 67 66 65 66 66 65 65 65 74
118 116 115 115 114 114 113 113 113 112 111 128 110 111 130 129 127 126 125 103 102 102 101 101 100 100 100 99 118 120 119 123 120 92 92 92 90 89 88 87 85 85 84 84 83 82 81 80 80 79 78 78 77 95 77 76 76 75 75 75 74 95 73 95 94 92 89 90 88 87 87 90 69 69 89 86 84 85 80 67 67 66 67 67 67 67 67 67 66 66 66 84 80 81 80 79
116 115 114 114 114 113 113 112 112 111 130 127 108 126 130 129 127 105 104 103 102 101 125 100 100 100 120 122 120 120 123 121 119 92 91 90 89 89 87 86 86 85 84 83 108 81 80 80 80 79 79 78 78 93 77 77 77 76 75 75 74 94 95 93 94 72 91 89 84 83 70 85 69 70 69 84 86 68 86 80 79 80 78 66 66 67 67 66 67 66 66 67 66 83 66 65
114 113 113 113 113 113 112 111 111 110 129 125 120 127 127 128 126 124 103 102 101 101 124 100 100 99 122 119 119 119 118 95 94 92 90 89 116 87 104 98 87 85 89 84 83 82 81 80 80 79 79 78 78 90 90 77 77 76 75 75 75 74 93 91 94 72 72 91 86 84 69 85 69 70 88 86 85 84 83 79 78 80 68 84 67 81 79 79 67 67 68 67 65 65 67 66
113 112 112 113 112 112 111 109 109 109 108 126 106 128 106 127 126 124 102 102 101 101 124 100 99 118 118 118 118 123 115 94 92 91 90 108 88 87 87 87 87 86 84 83 83 82 81 80 80 79 79 78 78 91 90 94 77 94 76 75 75 75 91 88 90 73 72 92 88 85 82 88 69 70 89 86 84 68 77 73 68 67 77 68 68 85 68 86 74 66 78 79 69 66 68 67
112 111 111 122 111 111 110 109 108 108 107 107 126 106 106 105 127 125 102 101 101 101 100 123 99 117 118 123 120 119 119 111 118 115 108 89 88 87 87 87 87 86 85 83 81 81 81 80 80 79 79 78 78 77 89 91 91 89 93 76 75 75 92 84 74 87 92 72 88 85 83 88 70 70 88 89 89 85 78 78 78 77 67 75 77 79 78 68 84 83 67 66 66 67 68 67
112 111 110 110 110 110 110 108 107 107 107 107 105 124 105 125 126 125 122 100 100 100 99 99 98 98 122 117 95 94 93 118 116 107 89 89 88 88 88 98 86 85 84 83 81 81 81 80 80 79 79 79 78 78 85 82 85 86 87 92 76 75 89 82 74 78 82 87 86 85 82 85 91 90 90 68 68 68 80 77 77 77 68 67 67 76 67 68 68 67 67 66 65 64 65 66
111 110 110 109 109 108 109 108 107 106 106 106 105 125 124 124 126 125 122 99 99 123 98 98 98 119 120 117 120 112 93 117 91 91 90 89 89 88 96 87 85 84 83 82 81 81 80 80 80 79 79 78 78 78 78 78 78 77 77 76 89 91 88 88 86 80 72 81 83 82 82 85 85 86 88 90 68 68 88 67 72 71 70 73 68 67 82 67 76 66 67 66 76 64 64 63
109 110 109 109 107 108 108 108 107 105 105 105 104 125 104 103 126 124 121 98 98 98 99 99 99 121 118 121 95 94 93 92 91 91 90 89 88 88 87 86 86 85 83 82 81 81 80 79 79 79 78 78 78 78 77 78 77 77 77 76 76 88 89 89 86 73 72 72 71 71 71 71 71 83 85 88 69 68 68 84 67 70 67 67 66 67 85 67 66 69 68 74 66 66 64 64
108 108 109 109 108 107 108 108 107 106 105 104 104 123 103 103 124 123 121 99 98 98 99 99 98 119 120 95 95 94 93 114 91 90 109 106 105 99 99 100 85 85 84 82 81 80 80 79 79 78 78 78 78 77 77 77 77 77 76 76 76 75 75 74 80 73 72 72 71 71 71 71 70 83 84 85 90 68 68 88 68 67 67 67 66 67 68 65 66 66 65 65 66 63 65 63
108 106 108 109 107 106 108 107 107 106 105 104 103 103 103 102 102 101 100 100 99 98 98 97 120 120 95 95 120 120 92 92 91 109 106 105 103 108 104 89 85 86 84 83 81 80 79 79 78 78 79 79 77 77 77 77 77 76 76 76 75 75 75 74 74 73 72 72 71 71 78 81 81 70 81 83 87 69 68 68 85 82 67 82 83 67 67 68 65 67 63 63 66 66 65 64
