examples/cougarCreek-fire/createInputs/WindNinja/wrfout_d3.2015081112.f12/cougarCreekFire_08-12-2015_0000_217m_non_neutral_stability_ang.asc
ncols	146
nrows	140
xllcorner	610065.000000
yllcorner	5095217.000000
cellsize	216.586807
NODATA_value	-9999.000000
[rows 0 to 49 of 140, columns 0 to 95 of 146]
77 78 80 82 82 81 81 81 82 82 85 87 90 91 91 92 92 90 89 88 89 92 96 101 103 102 101 102 103 103 102 100 98 99 99 101 103 103 106 110 110 111 113 111 113 115 117 116 116 116 114 112 110 110 110 111 111 106 102 103 104 103 103 104 104 103 102 102 105 108 109 107 103 101 102 104 103 98 95 95 96 98 101 101 100 102 104 100 101 105 107 107 108 113 110 110
77 78 80 82 82 81 81 81 82 82 85 87 90 91 91 92 92 90 89 88 89 92 96 101 103 102 101 102 103 103 102 100 98 99 99 101 103 103 106 110 110 111 113 111 113 115 117 116 116 116 114 112 110 110 110 111 111 106 102 103 104 103 103 104 104 103 102 102 105 108 109 107 103 101 102 104 103 98 95 95 96 98 101 101 100 102 104 100 101 105 107 107 108 113 110 110
78 79 81 82 82 82 81 81 82 83 84 86 88 90 91 91 91 91 91 91 92 93 96 99 101 101 101 101 101 102 101 100 99 99 100 101 102 104 106 108 109 111 112 112 113 114 115 114 113 113 113 111 110 109 109 108 107 105 103 102 103 103 103 103 103 103 102 103 105 106 106 105 103 102 103 103 103 101 98 98 99 100 101 102 103 103 103 103 103 103 103 104 107 109 108 108
80 80 81 81 81 81 82 82 81 81 82 83 86 88 89 90 90 91 92 93 94 92 94 95 97 99 100 99 99 100 100 100 100 100 100 101 101 102 104 106 107 109 110 111 111 111 112 111 111 112 113 112 110 108 107 105 103 103 102 102 102 103 103 103 103 103 104 105 104 103 102 103 104 104 104 104 104 104 102 101 101 102 102 102 102 102 102 103 102 102 101 100 101 105 106 105
79 80 80 80 80 80 80 65 68 69 80 81 83 85 87 88 89 90 91 92 89 91 89 93 95 97 98 98 98 99 100 100 100 100 100 101 101 102 103 105 107 108 109 110 110 110 111 112 112 113 113 112 109 104 105 103 103 103 103 103 103 104 104 103 103 104 105 105 103 102 103 104 105 106 106 105 105 104 103 103 103 103 102 102 103 103 103 103 103 102 102 101 87 94 96 92
80 80 80 79 79 79 79 79 80 65 66 67 81 83 85 87 88 89 83 92 87 90 89 92 93 95 97 97 98 99 100 100 100 100 100 100 101 101 102 104 105 107 109 110 110 110 112 113 113 109 108 106 109 106 104 104 104 104 104 104 104 104 104 104 104 105 100 104 103 103 104 106 106 106 105 104 104 105 104 104 104 103 103 102 103 103 103 103 103 103 102 101 99 86 90 88
80 80 80 79 78 78 78 55 57 60 61 65 67 81 83 86 88 89 84 85 86 87 87 88 90 91 96 93 94 95 99 99 100 100 100 100 101 101 101 99 101 106 105 109 111 107 108 108 109 109 105 109 103 106 105 105 106 106 105 105 104 99 99 104 105 99 104 104 104 105 106 106 105 104 103 103 104 105 105 105 104 104 103 102 117 103 103 103 103 103 103 102 100 83 85 86
81 80 80 80 79 78 78 51 57 56 58 60 64 68 73 84 87 78 80 84 84 86 88 89 90 91 93 93 94 96 99 95 96 100 100 100 101 101 98 99 100 102 103 105 107 108 108 108 107 103 105 104 108 107 106 106 106 106 105 105 98 99 104 104 105 100 104 104 105 105 105 105 104 104 104 105 105 106 106 106 105 104 104 103 103 103 103 104 104 104 103 102 101 100 82 79
81 81 81 80 79 42 77 48 45 48 52 55 62 66 71 84 75 77 79 84 85 87 71 72 90 91 93 94 94 95 96 96 96 99 99 97 97 97 98 99 101 103 104 105 107 109 107 105 104 105 105 105 104 102 100 106 106 106 99 104 97 103 105 105 99 99 99 97 105 105 104 104 104 104 105 105 105 105 106 106 106 105 104 104 104 104 104 104 104 104 103 103 102 101 100 100
83 82 81 79 78 33 34 36 42 46 49 52 10 64 70 73 75 78 78 52 59 87 91 90 69 92 93 94 94 96 96 96 96 96 96 97 97 98 99 101 102 104 105 105 106 107 107 106 105 106 106 107 103 100 105 105 106 106 99 104 103 104 105 99 99 97 97 96 105 104 104 104 105 105 105 104 105 106 107 107 106 105 105 104 104 104 103 103 104 115 104 103 103 102 101 100
41 84 82 79 78 76 20 23 28 34 42 47 54 14 68 71 76 87 78 84 57 61 90 92 72 74 81 81 95 96 97 96 96 96 96 97 97 98 100 101 102 105 106 99 99 99 106 106 107 103 104 100 100 105 105 106 106 99 105 104 105 98 99 100 97 97 99 98 105 105 104 105 104 104 104 105 106 106 107 106 106 105 104 104 104 111 115 104 104 105 105 104 104 103 102 101
88 86 18 10 2 353 72 1 13 344 350 41 51 58 65 69 86 76 79 83 50 58 62 94 93 72 82 79 79 97 97 96 96 96 96 97 97 98 99 99 101 98 101 100 100 99 104 105 102 103 101 103 107 107 101 101 100 100 99 106 106 100 101 99 99 105 105 104 104 104 104 104 104 104 105 106 106 106 106 106 105 105 104 104 104 104 104 104 104 105 105 106 105 103 102 101
99 93 89 352 347 338 66 322 345 1 336 345 2 56 63 69 78 75 80 83 49 56 59 66 95 73 79 78 79 86 97 97 96 96 97 98 99 99 98 98 93 101 103 102 100 97 104 99 101 106 105 103 109 108 101 102 101 101 101 100 101 103 102 104 104 104 104 104 104 104 104 104 104 105 105 106 106 106 105 105 105 104 104 104 104 104 104 104 105 105 105 106 106 105 102 101
175 180 239 269 297 314 10 34 285 320 352 324 334 359 61 69 76 76 79 41 45 52 58 62 69 71 77 77 81 87 86 97 79 81 82 83 86 86 86 89 94 102 103 101 98 104 105 99 100 106 104 104 104 102 101 101 102 102 101 102 104 103 104 103 103 103 103 103 103 104 104 104 105 105 105 106 105 105 105 105 105 104 104 104 103 103 104 104 105 105 105 106 108 108 104 118
238 246 256 263 269 276 284 297 325 282 298 335 5 316 345 23 42 47 43 45 51 53 63 65 66 67 76 78 83 87 86 97 79 80 82 83 84 85 89 94 96 98 99 98 96 96 98 100 101 98 103 104 105 103 101 100 96 102 101 100 104 103 103 102 97 94 95 95 104 105 95 105 104 105 105 104 104 104 104 104 104 104 104 103 103 103 103 104 104 107 114 108 109 125 106 118
248 252 258 263 266 269 298 303 297 284 286 309 305 301 305 343 29 40 35 40 51 54 67 72 62 65 74 79 84 87 83 77 79 81 82 82 83 84 88 90 93 94 97 99 98 98 100 101 100 95 105 105 98 96 100 100 97 101 94 98 98 97 95 95 94 95 96 104 104 105 106 105 104 104 104 104 103 103 104 104 104 104 103 103 102 102 102 103 104 104 106 106 107 118 109 103
250 254 258 262 265 268 271 294 300 296 291 303 322 322 292 266 291 10 8 19 38 45 67 97 69 63 74 80 84 85 79 78 81 81 81 82 82 84 87 88 91 94 97 100 101 100 100 98 96 95 106 98 100 96 93 102 102 93 99 98 97 95 96 96 95 97 104 95 104 105 104 104 103 103 104 104 103 102 103 104 104 104 103 102 102 102 102 102 103 103 103 102 104 110 120 105
249 253 257 261 264 267 275 285 296 310 291 294 304 322 282 243 244 283 314 326 1 16 46 70 65 63 72 79 82 82 78 79 80 81 84 81 83 83 85 88 91 94 97 100 102 101 99 96 95 97 99 104 101 92 93 101 99 90 99 97 95 96 97 97 98 105 105 102 103 103 103 103 103 103 103 104 104 103 102 103 103 103 103 102 101 102 102 98 98 102 101 101 103 107 111 116
249 252 256 259 263 265 268 284 311 316 293 290 281 287 301 302 294 302 317 312 348 9 20 56 63 67 73 79 79 79 79 80 83 79 83 79 81 82 83 86 90 94 97 100 100 100 100 97 95 97 102 101 94 98 92 93 96 97 93 97 97 92 100 99 104 102 104 107 102 102 102 103 103 103 103 104 104 103 102 102 103 103 102 102 102 102 102 98 97 102 101 94 98 105 108 111
248 251 255 259 261 263 280 281 307 313 290 294 281 290 317 335 333 324 333 326 348 20 5 43 51 65 74 78 78 78 82 83 86 104 100 79 82 83 83 86 89 94 98 100 99 99 101 100 101 101 99 93 88 90 92 88 89 98 92 91 97 93 98 97 99 104 104 103 102 102 103 103 103 103 103 103 103 103 103 103 102 102 102 102 102 101 101 94 93 101 101 98 99 101 104 107
247 251 254 275 278 279 278 279 285 308 285 297 316 289 290 317 338 337 348 338 353 24 349 12 31 60 74 76 78 80 83 86 107 106 102 80 81 94 83 87 90 95 98 98 98 99 102 103 107 98 95 89 88 95 87 96 99 92 93 91 90 93 98 97 104 104 104 104 103 102 102 102 103 102 102 102 102 102 103 103 103 102 102 102 101 101 101 101 101 101 91 98 97 99 102 105
246 250 253 273 277 276 276 277 281 308 297 298 326 316 271 278 277 293 320 321 327 13 355 11 36 56 69 74 80 83 83 88 109 109 105 95 80 94 84 92 96 96 96 96 94 93 97 101 99 87 88 87 89 87 97 89 91 94 94 90 91 93 91 104 100 100 99 100 102 102 102 102 103 102 101 101 102 102 102 102 102 102 102 102 101 100 100 101 102 102 92 94 93 92 101 103
246 249 253 256 269 270 270 273 276 300 296 292 313 339 291 260 257 106 280 314 324 343 345 352 19 53 69 73 81 86 84 99 110 85 107 103 80 84 85 97 100 96 93 93 92 93 96 96 89 86 85 83 86 98 100 93 92 93 92 90 93 94 98 99 99 99 98 102 102 102 102 102 102 101 101 101 102 102 102 102 102 102 102 101 101 100 101 101 102 90 99 100 101 102 99 97
246 249 253 256 258 260 268 272 290 300 300 287 295 327 312 296 292 293 301 331 351 353 352 315 327 37 71 74 80 84 83 89 112 114 110 95 81 83 86 96 98 95 92 91 92 93 92 90 87 87 83 102 86 90 90 93 92 93 94 94 97 99 97 101 95 97 97 96 102 103 102 102 101 101 101 101 101 102 101 101 101 102 102 101 101 100 100 101 91 108 110 110 106 106 104 99
245 249 252 255 258 260 267 270 272 297 306 293 291 314 317 298 293 294 295 302 328 354 7 343 334 30 70 76 75 81 92 100 113 117 83 82 83 85 88 98 97 92 92 96 93 90 89 91 89 87 84 101 88 89 91 94 97 98 98 96 96 98 87 86 97 97 96 97 103 97 102 101 101 101 101 100 101 101 101 100 100 101 101 101 100 100 100 101 102 112 111 107 104 108 108 102
245 248 251 254 257 259 266 269 270 289 303 296 286 292 315 307 295 292 292 288 299 339 358 351 353 37 70 81 74 88 104 126 124 97 115 101 86 88 94 99 98 92 92 92 93 100 95 99 88 85 104 86 89 89 91 98 100 105 96 94 94 98 86 94 98 96 96 99 100 100 100 100 100 100 100 100 100 100 100 100 99 100 100 100 99 99 99 100 104 108 114 109 104 106 108 103
245 248 251 253 262 264 264 264 272 278 293 289 285 284 299 311 299 295 299 295 302 334 343 336 345 27 66 87 83 97 118 137 122 103 93 92 93 94 96 96 92 88 89 90 91 92 90 88 85 83 101 85 88 87 90 96 99 98 94 93 93 98 97 92 93 95 99 99 100 99 99 99 99 99 100 100 99 98 99 99 99 99 100 99 99 99 98 98 94 101 111 101 106 105 107 95
245 248 251 253 258 260 263 264 261 267 283 289 292 281 277 289 288 292 301 298 307 332 335 310 305 360 52 83 88 100 126 133 169 121 116 109 102 102 99 93 90 88 88 90 92 91 90 91 89 80 99 85 88 86 90 98 99 95 94 94 94 95 98 102 104 104 101 96 95 94 94 99 99 99 99 98 98 98 98 99 99 99 100 99 99 99 98 97 91 94 96 96 96 96 99 98
245 248 251 254 256 259 263 266 267 271 281 291 298 281 270 277 284 288 298 295 303 323 331 298 265 275 18 64 84 107 125 147 147 145 134 126 120 110 98 94 93 91 92 93 95 101 101 99 82 97 99 85 88 89 95 100 98 96 98 101 101 100 100 101 101 102 101 98 96 95 95 98 98 98 98 98 98 98 98 98 99 99 100 100 98 97 97 96 86 87 97 99 91 92 100 99
245 248 251 254 256 259 261 274 284 281 284 289 298 308 286 280 286 291 297 294 299 318 324 318 283 274 329 37 67 92 115 127 134 155 166 155 144 120 101 98 96 96 98 95 94 98 100 84 97 99 100 84 89 92 101 101 99 98 98 98 97 96 97 98 97 97 96 96 96 96 95 96 97 97 97 97 97 97 98 98 98 99 99 99 98 96 96 96 95 86 89 91 95 96 92 98
245 248 251 253 256 260 260 261 271 275 276 285 289 301 298 281 291 301 307 308 314 330 327 335 321 319 338 20 54 80 101 130 144 154 155 164 175 127 116 108 104 101 99 93 92 95 88 77 101 102 100 84 90 98 99 95 94 96 97 96 95 97 98 97 95 94 92 92 92 91 89 96 96 97 97 97 97 97 97 98 98 98 98 97 97 97 97 96 95 93 94 94 93 91 89 98
246 248 251 253 255 260 261 262 267 270 268 270 275 280 295 281 281 293 301 310 324 341 336 338 328 327 333 355 42 78 94 124 151 156 167 204 209 194 132 121 106 102 100 97 95 96 101 82 104 100 99 97 88 92 87 86 94 98 98 95 96 97 98 95 94 93 94 94 94 93 94 96 98 97 95 96 96 96 96 97 97 98 97 97 97 98 98 97 95 94 92 91 91 90 91 98
244 247 251 253 254 262 263 262 267 270 272 274 281 286 291 282 273 274 280 289 309 330 339 348 342 331 318 314 15 87 89 118 148 180 175 203 200 200 210 111 107 103 103 102 101 101 103 119 106 101 97 95 80 84 84 89 98 100 98 95 93 94 95 97 98 95 101 94 102 104 93 101 99 94 95 96 96 102 106 95 96 97 98 98 97 96 96 96 110 93 90 90 92 93 95 96
242 245 258 251 263 263 263 263 270 270 277 285 291 290 288 283 273 264 258 259 270 291 311 331 350 357 341 322 338 69 88 99 136 185 183 217 215 218 165 134 110 103 103 103 107 110 112 118 110 106 101 107 104 88 87 92 96 97 97 97 96 95 96 94 94 97 93 97 96 93 89 88 94 95 95 95 95 95 104 95 95 95 97 98 96 94 94 94 111 105 90 91 93 95 96 94
241 244 247 258 260 261 261 276 277 278 278 279 283 287 290 284 275 267 261 260 262 266 271 285 319 2 5 343 347 71 84 81 86 204 188 244 241 243 254 140 113 103 103 103 105 109 113 118 111 111 107 99 106 105 101 96 90 90 94 98 99 96 93 92 91 92 91 88 84 91 92 94 89 94 98 98 97 93 94 94 94 94 95 97 97 94 93 93 110 109 92 90 92 92 91 94
239 243 246 248 257 260 260 260 270 272 268 262 263 272 285 289 290 292 296 289 278 266 258 248 233 221 277 330 5 103 90 76 58 15 330 350 277 272 263 250 95 98 99 100 102 105 108 114 122 111 108 104 100 105 99 96 91 89 92 94 93 92 90 88 87 88 86 90 90 91 92 88 92 95 96 96 92 92 93 93 94 94 95 96 96 95 93 93 110 109 95 91 91 91 91 93
233 238 242 250 252 282 280 257 265 264 261 259 261 261 266 273 278 280 280 265 246 239 235 218 202 194 206 227 284 105 105 94 78 36 338 346 346 350 359 46 77 97 100 100 100 102 108 115 116 121 111 109 102 98 92 89 96 95 96 98 98 98 97 94 91 88 87 86 88 91 87 87 88 88 90 91 92 92 92 92 93 94 95 95 96 94 92 92 108 109 101 91 90 91 93 90
228 233 237 245 246 248 250 258 255 251 252 260 261 255 247 246 245 235 223 216 217 220 215 205 198 193 198 193 166 117 113 126 127 117 290 332 16 17 24 72 84 89 93 97 97 99 104 111 108 113 116 108 105 102 98 94 92 91 92 93 94 95 95 96 96 97 98 98 98 99 97 98 89 85 87 89 90 91 92 92 92 93 93 95 97 96 92 91 108 108 99 89 87 88 88 90
222 226 231 240 240 241 226 246 244 244 250 254 249 243 239 239 235 225 222 227 224 215 211 205 192 190 199 187 162 95 98 123 166 200 224 233 199 153 115 99 93 90 85 87 96 99 100 102 108 110 107 109 101 97 95 92 91 91 90 89 96 95 95 96 97 97 97 97 98 98 98 96 96 96 93 84 87 89 90 91 91 91 91 93 97 98 93 91 107 105 105 86 85 86 86 89
214 218 223 231 232 234 216 240 245 248 252 251 248 247 244 242 235 224 219 218 210 209 218 211 192 200 202 189 167 128 83 77 62 240 232 218 210 199 161 109 94 99 99 102 99 98 96 93 91 96 98 93 93 96 96 92 97 97 90 90 90 96 96 96 96 88 87 87 88 88 88 87 86 99 99 99 99 84 85 87 89 90 91 92 95 98 95 92 89 105 105 90 85 86 86 86
206 210 216 222 224 226 215 234 238 246 251 255 256 254 243 237 226 213 209 213 213 220 221 200 183 198 195 188 185 134 83 70 50 330 258 259 257 214 174 116 98 95 98 99 96 101 101 97 95 93 94 93 88 88 89 90 89 87 87 89 92 89 88 88 87 86 85 87 88 89 89 89 89 89 89 88 86 83 99 99 85 88 90 90 92 96 96 93 90 88 104 101 89 86 85 83
198 203 209 215 217 212 221 228 230 246 250 251 247 237 226 224 213 206 216 230 235 230 210 175 180 196 191 188 178 152 96 70 38 346 291 273 258 260 104 99 102 103 101 103 102 99 99 95 90 87 88 91 91 91 91 90 88 87 89 89 85 86 86 85 85 85 85 87 89 89 90 91 91 91 91 92 92 89 84 80 94 83 86 87 88 92 96 95 91 87 86 104 95 87 85 82
192 196 201 205 215 210 217 216 221 222 221 243 235 223 217 212 209 220 237 240 237 214 181 169 192 199 189 179 162 140 105 72 41 12 10 17 333 268 86 93 98 102 101 100 99 98 103 103 99 90 91 88 88 88 87 85 83 83 82 82 82 83 83 83 84 85 87 88 89 90 90 91 91 91 92 96 98 96 90 83 91 95 84 85 84 86 92 96 93 88 86 85 99 89 84 82
187 189 192 195 205 193 210 211 211 212 236 223 208 207 202 202 213 220 227 228 215 182 168 168 196 191 181 161 156 141 116 81 54 33 30 31 12 308 70 88 91 94 95 94 100 104 107 106 96 92 87 86 88 88 85 83 81 80 80 82 82 82 82 83 85 87 88 88 88 88 88 89 89 90 92 96 102 103 97 87 80 77 97 84 83 84 86 91 94 91 87 85 101 95 92 88
180 182 184 187 190 196 201 201 201 222 207 197 198 206 201 204 202 203 211 209 194 169 165 177 191 181 160 156 156 140 125 101 81 67 56 43 23 7 57 82 88 88 94 96 101 107 109 109 93 78 78 81 84 85 83 80 77 77 80 82 82 83 79 80 81 82 81 77 76 76 77 77 77 78 80 90 97 108 111 98 82 76 89 83 83 93 83 85 90 92 88 85 101 98 81 93
174 175 177 180 188 190 191 193 192 194 187 193 207 213 207 199 184 204 214 207 195 178 172 169 182 167 153 162 158 146 127 114 105 78 79 65 41 35 65 80 79 86 91 96 103 108 111 106 72 67 70 75 82 84 83 80 77 78 83 81 80 80 72 71 72 77 81 79 75 77 79 80 80 82 83 82 83 94 119 126 96 78 84 86 81 83 94 84 86 89 89 85 83 94 82 80
168 168 179 174 183 184 192 197 192 179 187 203 210 208 199 191 195 209 212 206 195 168 163 160 159 155 153 163 155 140 129 121 114 105 80 87 79 77 78 77 77 80 86 90 101 101 89 57 357 58 66 74 81 85 84 82 82 80 83 76 74 71 70 74 75 79 79 77 84 91 90 92 88 82 84 88 83 83 98 134 131 87 79 94 83 83 84 85 85 87 89 86 83 81 81 79
161 165 167 168 169 179 177 187 188 181 198 206 209 206 206 212 136 194 204 194 181 155 149 153 155 154 166 164 146 138 131 128 119 113 90 94 104 101 89 81 76 86 92 91 87 74 56 28 23 50 64 70 79 82 81 85 89 76 75 79 79 79 81 83 85 85 83 85 89 89 89 88 84 83 82 86 87 77 78 95 151 103 86 81 84 81 83 84 84 85 87 89 85 81 80 79
155 170 177 181 178 178 174 188 195 192 200 172 206 209 146 138 202 188 195 186 164 144 143 154 157 170 171 162 134 137 136 133 127 114 93 96 103 109 98 100 107 100 97 86 64 51 42 34 28 54 68 64 67 68 70 78 84 97 99 96 91 87 87 93 93 90 88 87 87 86 82 80 84 84 80 82 86 87 77 73 93 110 94 85 97 88 81 82 82 82 84 88 87 83 80 78
165 162 172 166 165 178 185 173 172 195 198 166 158 151 202 196 189 183 170 171 159 145 148 157 157 170 168 156 152 126 136 133 126 117 102 89 86 104 99 109 106 100 99 88 71 47 42 36 40 62 61 65 93 83 78 85 89 94 96 97 87 84 83 89 87 86 85 82 81 81 79 79 79 79 77 77 77 75 70 69 68 101 100 91 83 79 97 81 81 80 79 83 85 84 82 79
