examples/cougarCreek-fire/createInputs/farsite/8a-cougarCreek-3polygonIgnit/cougarCreekFire_08-10-2015_0000_217m_non_neutral_stability_vel.asc
ncols	146
nrows	140
xllcorner	610065.000000
yllcorner	5095217.000000
cellsize	216.586807
NODATA_value	-9999.000000
[rows 35 to 69 of 140, columns 0 to 77 of 146]
7.46 7.86 8.34 8.32 8.74 8.63 8.57 8.55 13.44 13.52 14.02 13.72 15.60 15.82 14.69 14.08 14.23 14.19 13.94 14.74 17.11 19.27 20.54 21.98 24.22 25.32 22.24 18.73 17.47 19.88 30.57 44.62 40.46 21.76 16.72 12.52 12.31 14.49 16.50 6.42 8.89 8.09 8.16 11.69 11.81 10.91 8.22 9.50 12.00 10.56 11.99 13.81 17.59 24.39 24.87 26.09 24.45 21.62 18.91 16.68 15.51 14.26 13.33 12.23 11.71 13.57 12.97 15.10 15.03 15.05 14.79 11.63 11.31 11.27 11.39 11.38 12.44 12.27
7.33 7.74 8.14 8.97 8.74 11.47 11.83 8.29 13.70 13.98 13.90 13.47 13.43 15.89 16.22 15.85 15.90 16.34 16.70 18.03 19.36 19.69 20.96 22.07 23.06 23.24 24.97 24.74 23.17 17.16 23.16 33.63 41.58 34.54 30.06 26.68 22.09 18.01 15.30 14.26 11.83 12.84 11.38 11.72 12.77 12.32 10.39 9.12 8.87 11.55 10.74 12.36 13.58 16.85 19.19 20.49 22.67 22.35 21.59 20.25 18.93 18.00 17.15 15.74 13.83 12.71 13.96 13.51 13.60 12.84 13.71 13.31 12.54 11.63 13.05 12.73 12.60 12.42
7.21 7.61 7.99 8.83 8.73 8.56 8.33 13.33 8.14 13.72 13.61 13.34 13.29 15.45 15.97 16.34 16.50 17.63 18.50 18.50 18.51 18.85 20.65 21.70 22.18 22.58 22.96 24.64 25.20 21.56 25.89 26.71 25.85 26.41 28.97 33.82 33.52 31.80 29.70 24.45 21.36 19.76 16.74 14.15 13.27 13.60 12.63 10.02 6.32 8.87 11.35 11.53 12.64 14.39 16.72 18.16 18.47 18.59 19.00 19.37 19.21 19.01 19.06 18.96 18.42 17.71 17.38 17.43 17.70 18.30 18.47 17.79 14.19 15.62 14.69 13.81 13.28 12.89
7.17 7.55 7.91 8.73 8.70 8.52 12.09 8.12 13.43 13.24 13.66 13.61 14.63 14.71 15.32 15.77 16.46 17.45 18.01 18.23 18.34 18.60 19.43 21.18 21.41 21.30 22.04 23.79 23.72 22.00 30.87 24.76 11.47 6.38 8.23 12.96 19.85 27.13 29.75 30.36 27.13 24.08 22.09 20.46 18.57 17.67 17.76 15.07 12.07 11.08 9.66 11.86 12.00 12.86 13.98 15.10 15.85 15.59 15.43 15.98 17.38 17.47 17.78 17.89 17.61 16.88 16.29 16.50 17.00 17.38 17.78 18.17 18.58 18.52 16.52 13.44 15.01 14.10
7.18 7.55 7.83 8.62 8.54 8.49 12.68 8.12 13.26 13.50 13.61 13.74 12.87 14.66 14.97 15.49 16.34 17.30 17.69 18.20 19.01 18.89 18.63 20.38 21.52 21.63 21.35 24.02 22.83 29.79 34.68 31.94 13.06 8.75 5.57 0.32 3.53 7.49 14.11 23.51 27.45 26.96 26.13 26.25 23.12 21.49 20.81 18.84 15.77 15.06 14.12 10.46 10.34 10.44 12.58 14.09 14.43 13.60 13.44 13.94 13.89 15.15 16.26 16.38 15.96 14.85 14.17 13.76 13.88 14.10 14.28 14.48 14.78 17.40 17.72 18.51 18.73 15.82
7.21 7.45 7.72 8.53 8.47 8.31 11.92 8.07 8.06 13.43 13.59 13.39 13.39 14.74 14.80 15.33 16.32 17.19 17.30 17.52 18.22 18.06 18.21 20.35 19.65 20.96 21.46 23.61 24.67 29.08 32.80 37.47 20.82 6.32 6.71 8.20 4.40 5.88 7.92 13.30 20.84 23.00 20.75 19.53 19.07 19.55 20.53 20.34 20.13 18.51 16.45 15.21 15.57 16.37 15.65 15.62 15.66 14.14 14.00 14.37 11.65 13.31 14.46 14.73 14.50 14.16 13.70 13.30 13.16 13.21 13.01 12.90 13.05 13.29 13.31 13.44 14.37 15.42
7.21 7.38 7.58 8.48 8.48 11.70 8.10 8.11 8.00 13.18 13.47 13.49 13.38 14.48 14.91 15.34 16.62 16.39 17.11 16.66 17.06 17.45 18.77 17.34 18.30 19.85 21.15 22.71 23.84 27.96 30.51 39.70 24.56 10.62 8.34 3.12 9.60 11.30 8.44 8.79 16.71 19.19 17.99 15.66 13.87 13.88 14.26 14.99 16.00 17.23 16.84 16.49 17.50 17.85 17.06 16.91 16.74 15.75 16.05 15.75 14.72 14.11 14.77 14.33 13.58 13.29 13.24 13.09 12.94 12.82 12.43 12.04 12.04 12.17 12.02 11.76 11.78 12.60
7.21 7.32 7.39 7.56 8.71 7.57 8.08 7.45 7.97 7.72 7.72 13.29 13.34 14.64 15.28 15.75 16.21 16.06 15.81 15.68 16.84 18.04 17.79 17.83 18.89 18.62 20.37 22.12 21.68 24.07 32.35 38.07 38.43 26.07 16.76 9.53 6.40 6.37 7.51 9.02 11.15 17.04 19.49 17.30 12.89 9.09 8.83 10.86 12.12 14.38 15.60 14.75 14.82 15.97 16.16 16.14 15.97 15.34 15.60 15.82 14.61 14.38 15.33 14.85 13.34 12.54 12.49 12.77 12.79 12.67 12.46 11.84 11.67 11.73 11.54 10.97 9.94 9.96
7.26 7.28 7.24 7.43 8.53 10.88 8.04 8.08 7.86 7.79 13.20 13.87 14.41 14.90 14.57 15.03 15.75 15.55 15.85 16.22 17.47 17.53 17.25 15.99 18.19 18.15 20.56 19.65 20.76 23.15 29.16 36.03 40.88 41.29 33.24 20.80 11.53 9.28 7.98 9.64 11.68 14.03 17.32 18.10 18.96 15.13 11.80 10.34 9.49 13.49 15.41 14.82 14.40 14.91 14.91 14.97 14.97 14.73 12.31 15.43 14.38 14.21 15.35 15.56 14.47 13.06 12.09 12.91 13.67 13.64 13.58 12.97 12.63 12.61 12.49 11.62 9.48 8.06
7.27 7.27 7.24 7.38 7.55 8.06 8.01 7.94 7.85 12.75 13.46 12.28 12.85 14.67 14.62 15.47 15.61 15.88 15.80 17.04 18.00 15.87 15.69 17.09 17.75 18.40 17.82 17.96 19.93 21.97 24.72 27.32 33.41 36.16 35.46 31.81 22.56 16.43 11.79 12.20 15.32 16.18 21.62 23.33 21.61 16.51 9.54 8.89 11.40 14.62 16.36 15.90 15.09 14.70 14.42 14.51 15.05 15.45 16.05 15.55 14.48 14.92 15.46 15.79 15.97 14.58 12.02 12.32 14.04 14.41 14.08 13.62 13.19 12.97 12.77 14.37 12.13 8.00
7.20 7.28 7.29 7.30 8.05 8.04 7.96 7.95 7.94 12.08 10.77 11.75 13.70 14.19 14.92 15.21 13.48 15.39 15.23 16.27 17.63 17.08 16.68 16.34 17.71 17.56 16.73 18.58 19.67 21.75 21.47 21.92 25.76 26.66 30.73 30.24 27.94 22.77 15.89 14.57 15.19 20.81 22.28 24.05 23.37 17.80 11.22 8.12 9.37 13.52 16.76 15.57 16.50 14.63 13.59 13.48 14.55 16.18 17.02 15.07 13.96 15.44 15.62 15.12 15.19 12.99 10.38 9.26 10.21 11.63 12.25 13.75 13.28 12.93 12.66 12.53 12.52 10.14
7.30 7.41 10.27 7.10 7.97 8.05 11.46 12.01 12.25 9.66 11.15 12.91 13.02 14.33 14.84 14.40 15.17 13.47 14.62 15.74 17.00 15.92 16.67 16.49 15.13 15.61 16.32 18.59 19.46 19.72 19.63 19.96 22.12 24.40 25.39 23.75 22.82 20.71 17.97 15.73 18.81 21.67 23.80 23.34 24.00 19.45 13.79 9.31 10.63 12.16 16.72 19.69 18.89 14.89 12.45 12.29 13.94 16.48 18.15 15.01 13.10 13.50 13.92 12.71 13.29 13.48 11.24 8.90 10.23 13.89 14.79 14.83 13.71 16.12 13.13 13.59 16.37 12.46
7.47 8.17 6.88 6.96 7.04 8.09 9.22 11.32 11.68 10.43 12.79 12.63 12.73 13.86 14.35 13.79 7.65 12.08 14.49 15.76 17.25 15.15 14.05 15.24 14.91 15.15 17.38 18.67 18.39 18.99 19.17 20.49 20.56 21.27 19.40 17.83 17.02 18.44 17.98 19.41 14.56 20.92 23.49 25.99 27.06 21.81 17.85 12.89 11.21 13.40 17.85 22.09 22.16 17.08 13.91 13.09 13.86 14.89 14.61 14.09 13.21 11.84 11.97 13.51 15.12 15.42 13.92 12.53 12.91 13.46 13.68 13.36 12.72 13.75 16.25 13.99 14.85 17.03
7.51 9.96 10.05 10.36 10.34 10.05 9.40 11.71 12.00 12.30 12.24 7.97 12.55 12.86 7.65 7.54 12.80 12.74 14.90 16.11 15.22 12.87 12.71 14.72 14.97 16.92 17.28 18.62 16.48 18.79 19.66 20.85 22.46 20.36 17.67 13.63 11.30 15.00 16.55 18.55 21.99 20.47 25.85 29.35 30.54 27.26 23.77 15.91 14.35 15.89 19.34 22.26 23.21 21.92 18.85 14.80 10.69 13.01 17.28 18.85 18.30 15.91 15.60 17.70 18.00 17.20 15.86 14.48 13.39 12.30 11.62 13.57 12.66 13.17 16.57 13.66 14.05 16.95
9.58 7.90 10.02 8.17 7.00 10.36 11.02 8.16 8.18 12.19 12.32 7.99 7.83 7.67 13.24 14.56 14.87 15.29 13.95 14.92 14.66 13.67 13.91 14.84 15.21 16.79 17.48 17.87 19.01 17.54 19.43 20.17 21.74 21.13 16.53 16.27 10.10 11.38 13.37 17.41 19.17 18.39 21.38 27.87 30.50 31.02 26.42 24.78 20.31 20.06 19.40 18.70 29.32 25.81 20.68 18.78 14.42 12.11 13.55 16.06 16.72 18.37 19.02 18.05 15.60 14.86 13.75 12.52 11.64 11.19 13.08 13.63 11.97 14.62 17.18 13.78 13.37 13.63
6.75 8.06 7.83 6.89 7.96 6.69 6.68 8.18 8.16 8.12 8.00 7.89 7.78 12.86 14.24 12.95 13.50 12.33 12.43 14.23 14.11 14.89 15.08 15.27 14.52 14.36 11.13 16.62 15.46 18.10 19.01 19.58 21.14 20.56 19.15 15.14 11.89 11.61 12.53 14.40 17.43 17.05 17.05 19.91 25.71 29.28 29.67 29.79 29.25 28.69 26.56 25.46 26.85 28.17 28.20 22.95 19.29 14.44 12.59 13.50 14.45 15.86 18.34 20.71 18.58 15.09 13.44 12.36 13.98 13.16 10.88 11.36 13.24 14.06 14.83 14.33 13.51 13.93
6.85 6.69 6.66 8.02 6.66 6.69 8.20 8.22 8.16 8.07 7.92 7.80 7.80 13.50 11.26 10.96 11.93 11.69 12.87 14.10 12.36 11.96 15.03 11.32 14.76 13.80 16.27 11.23 14.81 17.31 18.14 18.95 20.94 19.39 18.55 15.82 13.22 13.59 13.40 14.44 15.27 15.20 14.50 14.17 16.01 18.52 18.88 18.36 19.40 22.62 23.38 24.47 22.21 26.97 26.35 20.74 20.56 14.77 13.76 12.51 12.85 13.68 15.62 19.06 21.37 19.46 17.74 15.30 14.29 15.36 16.81 15.77 15.98 16.33 16.87 17.28 17.16 17.55
8.95 6.74 9.56 6.68 6.69 8.24 8.33 8.35 11.77 8.06 8.10 12.74 11.15 10.60 9.69 9.74 10.62 11.55 12.72 12.89 11.81 12.77 12.56 7.79 13.44 7.42 7.72 10.81 17.84 17.01 17.61 18.19 19.88 18.64 15.75 13.81 13.33 14.70 14.03 14.54 14.43 14.30 13.57 12.06 12.69 14.42 14.20 13.61 13.56 14.38 16.64 18.70 20.62 21.88 25.20 34.23 22.52 17.51 13.55 13.58 12.80 12.58 14.51 15.81 19.51 19.52 20.07 19.59 17.36 15.99 15.74 18.72 18.41 17.20 16.81 16.67 16.55 16.37
6.34 8.08 6.80 6.75 8.52 8.43 11.14 11.46 11.66 12.21 12.45 8.90 6.59 6.77 7.08 7.10 7.07 11.76 12.39 11.97 14.22 11.72 12.22 11.24 14.55 7.26 15.51 14.92 15.74 16.56 15.57 17.30 19.26 18.15 13.66 11.97 12.25 11.73 10.81 11.27 13.43 14.52 14.10 11.99 11.22 13.27 13.19 13.66 13.37 13.06 13.45 14.74 16.72 19.32 21.62 31.31 26.93 21.12 19.18 18.82 17.25 15.91 15.66 16.23 16.73 16.78 17.79 18.57 16.86 14.97 14.33 15.12 16.15 16.65 16.52 16.35 13.38 12.45
6.00 8.03 8.38 8.38 9.89 9.76 10.89 11.64 11.73 12.08 8.82 6.10 6.48 7.07 11.83 10.88 7.45 13.04 13.15 11.85 7.18 7.13 12.37 13.88 12.35 12.40 13.97 14.39 14.96 16.17 13.58 16.40 18.12 18.95 13.06 11.49 14.56 14.68 11.35 13.26 15.59 15.95 15.68 15.23 12.80 12.32 12.26 13.54 13.99 13.72 13.32 13.51 14.46 15.87 19.29 23.49 24.99 22.07 20.46 20.16 18.62 16.37 16.15 16.58 16.01 15.44 16.24 17.34 16.61 15.95 15.29 14.05 14.02 15.58 16.42 16.45 16.43 16.07
6.41 7.02 7.85 9.35 6.56 7.27 8.69 11.93 9.92 9.22 6.47 6.13 6.80 7.48 11.85 11.12 7.56 12.51 7.43 7.14 10.92 13.00 13.23 12.33 14.37 13.29 13.74 14.22 14.79 15.88 14.48 16.28 17.58 18.18 13.59 11.49 15.40 18.17 16.70 16.22 17.57 19.78 17.25 16.28 15.26 13.24 13.10 13.10 13.47 13.82 13.85 13.66 13.86 14.85 16.88 20.43 20.99 19.64 18.89 18.55 17.76 17.09 17.28 17.27 17.02 15.93 14.71 15.46 16.00 16.36 16.59 14.56 13.03 14.36 15.68 15.96 16.01 15.75
7.30 7.33 7.87 7.93 6.69 8.62 9.37 10.16 6.48 6.34 6.36 7.00 6.93 7.01 11.41 7.75 7.26 7.58 6.77 11.43 11.92 11.97 12.39 11.80 12.43 13.13 13.56 13.32 14.91 14.36 14.29 16.51 17.13 17.56 12.99 10.25 14.74 17.03 14.18 15.77 17.02 19.72 19.47 16.61 15.63 16.05 13.93 13.77 12.77 12.64 13.28 13.88 14.38 15.12 16.83 18.24 18.76 19.02 18.49 17.57 17.06 17.35 18.16 18.29 18.72 18.28 15.67 15.07 15.81 16.37 16.96 16.00 14.34 14.50 15.40 15.75 15.69 15.46
8.18 7.47 7.93 6.88 6.65 6.82 9.78 6.70 6.67 6.29 6.14 8.44 6.50 6.10 7.86 7.71 7.87 13.03 9.02 9.05 11.47 11.39 12.04 7.68 12.16 12.74 12.93 13.57 14.88 14.14 15.36 15.82 17.05 19.21 9.71 8.69 15.33 15.43 11.67 14.87 16.10 17.50 19.83 18.25 15.85 18.38 16.68 16.13 14.39 12.50 12.16 12.75 14.36 15.83 17.04 17.56 18.21 19.33 19.00 17.92 17.33 17.08 17.68 18.15 18.50 18.90 17.76 16.49 16.46 16.61 16.63 16.46 15.76 15.42 15.75 16.06 15.83 15.56
8.31 7.49 6.83 6.80 6.86 10.27 7.69 6.98 6.45 6.24 9.45 8.72 6.45 6.16 12.50 9.16 8.67 7.35 7.11 5.96 11.46 11.67 6.43 6.60 11.92 12.05 7.84 14.16 14.50 13.49 15.22 15.89 16.77 19.35 10.60 8.34 13.09 14.21 12.31 15.27 15.00 14.70 17.08 18.01 17.47 15.03 15.00 18.65 17.62 14.93 13.21 11.82 10.92 15.59 16.69 17.04 17.76 18.77 18.82 18.33 18.01 17.45 17.54 17.90 17.83 17.82 17.13 16.35 16.32 16.16 16.06 16.23 15.99 15.84 16.04 16.11 14.21 13.16
8.39 7.38 6.81 7.08 7.35 9.70 7.36 6.63 6.35 9.03 9.65 6.59 9.41 6.30 6.52 6.71 8.79 7.63 7.04 6.48 11.57 7.62 6.52 7.98 11.59 7.90 8.04 14.11 14.07 14.47 14.91 15.85 16.26 17.76 13.82 9.51 10.21 12.88 12.92 15.98 16.01 14.98 15.98 16.63 18.55 19.75 18.20 18.66 15.35 17.56 15.96 13.82 13.15 15.10 16.39 16.69 17.34 17.92 17.72 17.62 17.78 17.63 17.79 17.97 18.01 18.09 14.63 16.35 16.05 15.33 15.40 16.14 15.83 15.70 14.72 10.46 10.82 10.93
8.34 7.31 7.04 7.54 9.51 7.66 6.93 6.42 9.27 9.83 6.60 6.56 6.46 6.59 6.80 8.80 13.29 6.40 6.94 6.51 9.67 10.03 10.49 11.19 8.11 8.09 12.56 13.52 13.91 14.35 14.97 15.48 16.41 16.84 14.47 11.22 9.89 11.64 13.62 14.61 15.46 14.56 14.62 15.85 16.13 17.33 17.66 19.22 19.06 17.78 17.58 11.74 13.54 15.51 16.63 17.10 17.66 18.16 17.62 17.27 17.39 17.43 17.57 15.26 14.59 17.97 18.03 17.61 16.79 15.58 15.34 16.13 13.89 12.97 10.61 10.75 12.11 10.05
8.14 7.37 7.36 7.76 7.50 7.35 6.71 6.37 6.51 6.54 6.65 6.80 6.88 8.81 8.95 9.41 5.20 6.11 5.56 5.62 7.54 10.91 11.65 8.09 8.08 8.39 8.59 13.22 13.80 14.48 14.60 15.16 16.05 15.71 13.12 12.01 10.28 11.04 13.56 13.92 14.13 13.56 13.98 14.61 14.30 16.00 16.47 16.82 17.60 16.33 16.33 15.67 15.18 15.49 16.41 17.18 17.45 17.30 16.69 16.35 16.36 16.54 16.28 15.05 16.46 16.71 17.46 17.89 17.44 16.38 14.26 12.88 10.79 10.27 12.18 10.08 10.37 11.32
7.84 7.49 7.62 7.72 7.33 7.15 6.64 6.36 6.57 6.76 7.02 9.55 9.49 9.68 13.72 12.12 6.53 5.91 6.77 6.01 7.66 10.88 10.53 10.47 8.04 8.45 12.78 13.22 13.72 14.20 14.58 15.09 15.58 15.78 11.03 11.69 11.48 11.14 13.40 14.32 14.46 12.99 14.19 15.59 14.20 14.87 15.11 14.25 14.82 15.18 15.46 14.83 14.35 17.15 15.38 16.41 18.80 17.60 16.04 12.35 15.81 16.86 17.00 16.21 14.96 14.83 16.65 16.59 16.06 14.34 10.24 10.15 10.04 12.45 9.90 10.73 11.54 11.97
7.57 7.51 7.66 7.59 7.24 6.95 6.60 6.54 6.96 9.80 10.04 10.20 10.07 13.44 14.26 5.60 6.27 6.95 5.65 7.76 9.80 10.13 9.65 11.09 8.38 8.63 12.49 13.28 13.92 13.98 14.75 14.74 15.66 14.22 9.83 10.89 12.04 11.55 13.13 14.13 14.26 11.98 12.12 15.17 14.31 14.09 14.77 15.75 15.58 14.59 15.02 14.38 13.94 15.34 14.43 15.71 21.80 16.78 16.66 17.19 16.89 17.70 12.27 12.26 12.26 14.46 14.55 15.05 17.69 11.65 10.92 10.26 10.11 10.11 10.65 11.28 11.80 13.42
7.43 7.45 7.59 7.53 7.19 6.92 6.87 7.27 10.39 10.70 13.65 14.12 13.76 13.76 7.26 6.94 6.05 5.06 6.07 7.72 6.26 7.23 10.38 10.93 10.75 11.27 12.20 13.27 13.65 13.72 14.10 14.81 14.08 12.02 10.14 10.71 11.99 12.30 13.18 14.01 14.07 11.65 10.27 13.09 14.60 13.58 14.13 14.21 14.50 15.13 14.00 14.10 13.63 13.54 13.87 15.08 16.15 17.36 16.54 16.06 16.20 18.27 17.28 16.23 15.19 13.90 14.78 15.94 16.19 17.84 13.16 13.83 14.43 14.87 14.12 11.80 12.73 12.66
7.37 7.38 7.53 7.53 7.37 7.40 7.70 11.02 11.25 13.88 13.22 13.29 12.82 6.74 7.02 6.75 5.72 4.91 7.12 6.80 6.87 8.10 10.58 10.33 10.37 8.70 9.08 13.27 13.68 13.87 14.04 13.43 13.30 11.31 9.83 10.38 12.67 12.46 13.26 15.44 14.34 12.35 9.99 11.16 13.00 12.89 14.17 14.35 13.88 15.07 14.06 14.14 13.33 13.34 17.33 14.40 15.53 16.10 16.28 15.27 15.89 16.02 16.37 16.67 15.58 14.08 14.30 14.44 17.28 19.01 13.61 12.36 13.77 15.20 14.48 11.26 10.06 12.29
7.18 7.24 7.52 7.75 11.04 10.85 11.30 14.37 14.03 13.79 12.90 11.76 10.37 6.64 6.84 6.45 6.89 5.28 6.75 6.68 6.90 7.04 7.19 6.79 11.47 8.80 9.30 9.80 13.96 13.99 14.14 10.83 10.85 10.82 9.65 10.39 14.50 11.92 12.71 17.07 14.35 12.61 9.60 9.25 11.74 12.01 12.83 13.21 13.11 17.40 14.68 13.04 13.15 12.80 13.32 13.88 14.81 15.69 16.26 16.22 11.36 15.69 15.84 16.90 17.04 15.14 15.03 15.72 13.58 12.86 12.39 13.63 11.62 13.20 14.08 10.74 13.36 12.52
7.09 7.33 7.88 11.73 12.07 11.79 14.47 14.22 13.79 13.03 11.37 10.29 9.32 6.82 6.90 8.17 6.67 5.84 6.96 9.12 8.02 8.46 7.27 6.95 10.97 8.89 9.49 10.07 13.65 13.56 11.84 9.71 9.74 10.88 11.08 11.27 14.68 11.52 13.34 16.81 13.90 13.56 9.37 11.01 10.65 9.42 10.96 11.81 10.54 15.41 14.73 12.54 12.23 13.25 14.91 13.37 13.93 15.08 16.23 9.58 15.92 13.34 13.94 15.51 16.80 15.11 15.12 15.46 16.30 12.43 11.49 11.28 11.98 12.84 14.77 17.56 16.07 15.96
7.41 7.73 8.36 12.21 12.30 11.34 10.12 9.26 10.45 10.75 8.41 7.41 7.70 8.43 7.12 8.12 6.58 8.51 7.55 7.01 8.18 10.19 7.33 8.47 10.47 6.84 7.39 10.41 13.86 11.50 11.81 9.28 9.28 12.07 12.69 11.62 14.33 12.42 13.52 16.66 14.79 17.38 11.30 12.82 10.79 10.49 10.74 9.71 11.45 12.12 12.33 13.16 12.98 13.31 13.33 12.88 12.81 14.13 15.93 17.86 11.84 13.20 14.01 14.14 15.12 14.42 13.90 14.76 15.92 15.73 11.22 10.23 12.56 12.44 10.79 15.49 17.44 14.18
7.66 7.91 8.55 11.81 10.27 8.85 8.75 9.08 9.69 10.18 7.98 6.89 8.23 8.49 7.01 8.06 6.55 6.55 9.28 7.40 8.12 9.86 9.44 9.74 10.60 6.96 7.77 10.72 12.87 10.76 12.98 9.90 8.30 10.44 12.57 13.88 14.62 12.53 13.33 16.26 17.43 18.77 14.13 11.29 10.62 10.29 10.71 11.27 11.22 11.33 11.66 12.88 12.88 13.34 13.67 13.14 12.82 12.74 15.06 18.54 10.80 15.72 15.36 10.52 12.85 12.09 11.35 14.30 15.11 16.19 14.74 11.48 10.93 13.04 10.23 10.66 13.20 15.76
