examples/cougarCreek-fire/createInputs/farsite/8a-cougarCreek-3polygonIgnit/cougarCreekFire_08-10-2015_0000_217m_non_neutral_stability_vel.asc
ncols	146
nrows	140
xllcorner	610065.000000
yllcorner	5095217.000000
cellsize	216.586807
NODATA_value	-9999.000000
[rows 0 to 34 of 140, columns 0 to 77 of 146]
9.65 9.72 9.72 9.49 9.29 9.43 9.60 9.71 9.77 12.02 9.60 9.58 9.62 9.61 9.89 10.26 10.46 10.83 11.31 11.73 12.20 14.32 12.93 12.72 12.39 12.55 13.06 13.50 13.79 13.93 14.03 14.31 14.81 14.98 14.99 15.05 15.02 9.90 12.84 14.42 12.68 12.34 14.22 12.16 12.56 12.24 14.02 14.16 14.20 14.09 13.98 13.77 13.66 13.41 13.09 12.68 12.04 11.68 11.73 11.44 10.81 10.51 10.29 9.92 9.57 9.15 8.90 8.84 8.73 8.59 8.34 8.02 7.85 7.75 7.81 7.83 7.39 7.14
9.65 9.72 9.72 9.49 9.29 9.43 9.60 9.71 9.77 12.02 9.60 9.58 9.62 9.61 9.89 10.26 10.46 10.83 11.31 11.73 12.20 14.32 12.93 12.72 12.39 12.55 13.06 13.50 13.79 13.93 14.03 14.31 14.81 14.98 14.99 15.05 15.02 9.90 12.84 14.42 12.68 12.34 14.22 12.16 12.56 12.24 14.02 14.16 14.20 14.09 13.98 13.77 13.66 13.41 13.09 12.68 12.04 11.68 11.73 11.44 10.81 10.51 10.29 9.92 9.57 9.15 8.90 8.84 8.73 8.59 8.34 8.02 7.85 7.75 7.81 7.83 7.39 7.14
9.62 9.66 9.79 9.65 9.35 9.40 9.53 9.69 9.87 9.92 9.87 9.89 9.87 9.76 9.96 10.30 10.48 10.78 11.21 11.61 12.09 14.35 13.38 13.23 12.73 12.72 13.15 13.66 14.00 14.07 14.06 14.18 14.69 14.96 14.97 15.12 15.23 15.06 14.65 14.49 14.58 14.43 14.28 14.36 14.49 14.34 13.98 14.12 14.15 13.93 13.78 13.55 13.45 13.23 12.96 12.58 11.89 11.49 11.53 11.28 10.63 10.24 10.03 9.68 9.25 8.78 8.61 8.62 8.50 8.25 7.83 7.49 7.43 7.45 7.58 7.52 7.01 6.84
9.73 9.72 9.95 9.93 9.56 9.50 9.56 9.71 10.03 10.27 10.40 10.52 10.41 10.07 10.09 10.30 10.47 10.77 11.15 11.51 12.03 14.35 13.95 13.99 13.38 13.06 13.23 13.78 14.19 14.10 13.99 13.91 14.41 14.87 14.90 15.11 15.41 15.43 14.99 14.60 14.57 14.50 14.39 14.32 14.45 14.40 13.94 14.00 14.03 13.65 13.35 13.16 13.11 12.97 12.70 12.25 11.63 11.36 11.31 11.07 10.54 9.97 9.74 9.42 8.88 8.50 8.47 8.49 8.29 7.86 7.35 7.12 7.17 7.30 7.43 7.25 6.74 6.64
9.87 9.86 10.06 10.09 9.78 9.65 9.66 11.37 11.83 11.81 10.70 11.01 11.05 10.57 10.29 10.38 10.49 10.91 11.39 11.68 13.35 14.41 15.04 14.54 14.15 13.62 13.45 13.93 14.34 14.14 14.07 13.88 14.30 14.91 14.95 15.12 15.42 15.61 15.38 14.90 14.56 14.52 14.49 14.27 14.33 14.32 13.97 13.92 13.93 13.55 13.07 12.84 12.84 10.36 12.41 11.86 11.37 11.30 11.11 10.79 10.40 9.74 9.44 9.05 8.56 8.41 8.36 8.20 7.82 7.37 7.10 7.02 7.06 7.15 7.13 6.88 6.45 6.38
9.86 9.86 10.05 10.17 9.98 9.80 9.73 9.84 10.03 11.56 12.10 11.94 11.48 11.19 10.63 10.51 10.51 10.94 12.35 11.92 13.35 14.43 15.28 14.88 14.89 14.20 13.78 14.22 14.61 14.39 14.21 13.95 14.37 14.90 14.94 15.21 15.45 15.65 15.57 15.17 14.72 14.60 14.50 14.19 14.22 14.24 13.96 13.88 13.85 11.61 10.88 10.55 12.60 12.45 12.19 11.73 11.26 11.16 10.93 10.54 10.12 9.56 9.15 8.63 8.36 8.32 5.76 7.77 7.30 7.03 6.98 6.89 6.85 6.81 6.65 6.37 6.08 6.14
9.90 9.84 9.91 10.10 10.08 9.95 9.81 11.20 11.42 11.27 12.06 12.43 11.85 11.57 11.16 10.78 10.67 10.96 12.56 13.23 13.50 14.20 14.94 15.43 15.17 14.11 14.24 14.34 14.64 14.05 14.25 14.20 14.67 14.88 14.89 15.35 15.59 15.66 15.74 14.55 14.24 14.78 13.31 14.14 14.06 12.76 12.25 11.82 11.82 11.65 8.28 12.63 10.09 12.17 11.93 11.65 11.25 11.05 10.78 10.29 9.83 6.68 5.95 8.34 8.23 5.86 7.70 7.29 6.89 6.82 6.78 6.57 6.41 6.25 6.07 5.90 5.78 5.87
10.03 9.94 9.84 9.96 10.07 10.02 9.87 11.21 11.80 12.00 12.17 12.59 12.28 11.19 10.54 11.14 11.00 10.94 11.90 13.24 13.62 14.07 14.80 15.66 15.71 14.72 14.17 14.37 14.85 14.42 14.43 14.19 14.61 14.94 14.94 15.49 15.70 15.66 15.17 15.01 14.73 14.15 13.52 13.18 12.74 11.95 11.66 11.83 11.65 8.21 10.60 10.57 12.34 12.05 11.79 11.49 11.21 10.97 10.59 10.04 6.95 6.45 8.50 8.19 8.03 5.25 7.28 6.85 6.60 6.54 6.37 6.05 5.85 5.73 5.66 5.57 5.47 5.51
10.09 10.04 9.90 9.92 10.06 10.49 10.07 10.40 11.18 11.70 11.90 12.30 12.50 11.73 10.89 11.40 10.59 10.97 11.75 13.39 13.81 14.10 18.42 19.09 16.23 15.49 14.72 14.62 14.92 14.56 13.87 14.36 14.53 15.04 15.12 15.64 15.44 15.29 15.40 15.45 15.08 14.44 14.02 13.75 13.02 12.10 11.73 11.69 11.58 11.35 11.02 10.36 9.63 9.74 9.62 11.41 11.10 10.83 7.72 9.78 7.03 8.86 8.34 8.02 5.29 4.85 4.55 4.90 6.26 6.11 5.83 5.51 5.40 5.38 5.30 5.14 5.03 5.13
10.15 10.01 9.83 9.85 9.94 11.36 11.15 10.84 10.85 11.10 11.46 11.87 14.81 12.17 11.24 10.83 10.74 10.70 11.66 16.46 17.49 14.07 14.71 15.85 19.30 16.36 15.38 15.04 15.11 15.30 14.25 14.47 14.80 14.62 15.19 15.84 15.74 15.61 15.68 15.68 15.04 14.27 14.09 14.09 13.33 12.31 12.05 12.04 11.64 11.34 10.79 10.55 9.31 9.67 11.77 11.43 11.00 10.62 7.90 9.54 9.05 8.66 8.21 5.21 4.88 4.84 4.73 4.86 5.85 5.61 5.33 5.10 5.04 5.00 4.84 4.65 4.67 4.85
9.37 10.11 9.79 9.74 9.78 9.87 11.57 11.51 11.43 11.48 11.56 11.72 11.99 14.52 11.58 11.49 11.21 11.55 11.63 12.81 17.42 16.39 14.43 15.49 20.85 15.83 13.04 12.55 15.56 15.60 14.58 14.82 15.21 14.86 15.41 16.07 16.18 16.13 16.05 15.90 15.26 14.16 13.66 9.74 9.62 9.49 12.10 11.84 11.54 7.88 8.24 7.53 10.05 11.90 11.77 11.41 10.89 8.67 9.88 9.31 8.89 7.21 5.35 4.76 4.77 4.69 3.96 3.88 5.42 5.13 4.91 4.73 4.63 4.55 4.38 4.27 4.38 4.53
10.37 10.27 9.55 9.85 10.25 10.82 9.96 11.70 11.66 13.47 13.65 11.77 11.70 12.14 11.96 12.11 12.25 11.17 12.15 12.79 16.98 16.36 16.85 15.08 16.63 18.18 13.13 13.17 14.33 15.89 14.77 15.05 15.34 15.26 15.67 16.15 16.40 16.50 16.39 16.33 15.90 11.79 10.28 9.68 9.37 9.12 12.38 12.05 8.48 7.93 7.78 10.32 12.09 11.98 10.78 9.61 8.98 8.49 8.09 9.13 8.77 5.65 5.10 4.49 4.07 6.12 5.63 5.28 4.99 4.67 4.48 4.31 4.19 4.10 3.97 3.91 4.04 4.12
10.22 10.25 10.20 9.97 10.11 10.51 9.84 11.66 11.93 11.97 14.35 14.21 13.41 11.91 12.00 12.19 11.56 11.57 12.71 13.10 16.41 16.37 16.34 19.20 16.18 21.54 13.69 14.05 14.65 12.72 15.22 15.25 15.60 15.79 16.13 16.49 16.62 16.69 16.87 17.22 15.15 12.05 9.92 9.22 8.98 9.29 12.92 9.50 8.65 11.02 10.84 10.58 12.08 12.06 10.18 9.15 8.66 8.12 7.52 7.85 5.86 5.86 5.10 6.90 6.30 5.75 5.24 4.87 4.56 4.23 4.04 3.88 3.78 3.66 3.54 3.54 3.65 3.64
10.03 10.10 10.16 10.14 10.02 10.75 9.86 9.97 11.95 12.21 12.43 15.17 15.29 13.87 12.47 12.44 11.99 11.66 12.38 15.16 16.36 16.99 16.13 17.53 21.08 21.11 14.46 14.41 13.85 12.10 11.42 15.21 14.48 15.18 16.38 17.16 16.07 15.76 17.72 18.73 15.06 12.14 9.50 8.78 8.98 13.04 13.26 9.65 8.90 11.44 11.30 10.91 10.91 10.97 9.80 8.91 8.11 7.41 6.69 6.24 6.33 5.77 7.27 6.68 6.02 5.40 4.89 4.48 4.12 3.81 3.62 3.46 3.35 3.20 3.12 3.16 3.22 3.14
9.91 10.03 10.08 10.06 10.05 10.05 10.00 9.94 10.08 12.16 12.61 12.56 12.71 16.56 15.65 13.33 11.79 11.30 12.54 14.05 14.35 15.66 15.09 15.09 18.89 20.16 15.64 14.73 13.78 12.18 11.18 15.25 15.44 15.72 16.77 17.64 16.28 15.97 18.64 20.89 12.33 12.14 10.12 9.26 9.74 10.48 9.76 9.15 8.67 8.24 11.63 11.43 10.79 10.51 9.76 9.25 5.78 7.38 6.75 6.36 8.31 7.73 7.09 6.45 3.19 3.24 3.22 3.10 3.72 3.41 3.69 3.02 2.88 2.78 2.71 2.72 2.72 2.63
9.86 10.05 10.11 9.99 10.03 10.14 10.94 10.85 11.12 11.78 12.36 12.54 15.98 16.19 17.35 16.75 12.95 11.95 13.40 14.85 14.37 15.37 15.04 13.48 16.86 19.40 16.61 14.92 13.85 12.29 12.13 14.50 15.10 15.31 16.83 16.86 17.01 17.26 17.67 17.39 12.04 11.79 10.47 9.36 9.43 9.41 8.81 9.26 8.65 8.49 12.08 11.51 7.61 7.29 9.85 9.36 5.85 7.49 4.13 6.13 5.63 4.94 4.53 4.09 3.89 3.47 2.29 3.77 3.38 3.03 2.80 2.58 2.44 2.37 2.29 2.23 2.21 2.17
9.76 9.99 10.12 9.96 9.92 10.08 10.19 10.98 10.99 11.18 11.70 12.29 15.04 15.03 16.89 19.04 19.26 15.02 16.04 17.00 15.73 16.42 15.38 15.38 14.50 18.33 16.52 14.59 12.68 12.12 13.27 15.43 14.55 14.64 15.84 16.11 17.28 18.15 17.33 14.63 12.67 11.74 10.44 8.93 8.61 8.68 9.31 8.92 8.63 9.02 12.11 7.55 7.57 6.75 6.81 9.78 9.12 5.16 7.00 6.22 5.80 5.40 5.32 4.33 3.96 2.61 4.43 2.52 3.53 3.11 2.84 2.62 2.48 2.40 2.30 2.19 2.13 2.11
9.65 9.84 9.98 9.93 9.80 9.81 11.45 11.16 10.96 12.96 11.25 11.95 15.93 15.03 16.92 17.65 18.72 19.26 18.85 19.77 19.43 19.82 17.47 12.73 13.57 17.10 15.66 13.59 12.62 13.09 14.01 14.45 14.29 15.06 14.60 15.80 17.74 18.40 17.03 13.69 12.29 11.43 10.63 9.63 8.53 8.72 9.18 8.80 8.87 8.82 7.74 9.39 8.74 6.72 6.60 10.14 8.92 6.11 7.79 6.63 6.40 5.98 5.29 4.41 3.75 5.64 4.96 2.29 2.22 3.63 3.37 3.15 2.99 2.88 2.77 2.63 2.52 2.46
9.64 9.71 9.78 9.85 9.76 9.62 9.82 10.97 12.48 12.34 10.96 11.60 16.75 16.57 15.95 16.44 17.26 18.09 18.31 19.29 19.65 19.44 20.63 15.53 14.86 15.94 14.82 12.96 12.70 13.16 13.55 13.16 13.48 14.41 14.48 16.40 18.47 18.65 16.53 14.21 12.88 11.53 10.53 9.87 9.15 8.91 8.99 8.81 9.13 8.68 9.58 9.29 7.72 11.26 7.12 7.21 9.35 9.09 5.52 7.49 7.42 4.08 5.93 5.05 7.00 4.10 3.81 4.45 4.67 4.19 3.94 3.72 3.54 3.40 3.30 3.14 2.98 2.89
9.67 9.61 9.62 9.74 9.69 9.56 10.66 10.93 12.76 12.48 10.93 14.91 16.09 16.14 15.28 14.30 15.01 16.94 17.17 18.47 18.99 17.15 20.16 19.14 17.50 15.81 13.81 12.62 12.52 12.92 12.66 12.35 10.30 15.32 16.65 17.34 18.26 19.58 16.80 14.03 13.00 11.86 10.78 10.43 9.68 9.36 9.43 9.10 9.95 10.81 10.35 8.18 9.38 8.30 7.37 8.15 8.19 9.51 6.08 5.73 7.71 4.31 6.05 5.47 5.17 6.94 6.26 5.73 5.27 4.82 4.56 4.33 4.12 3.97 3.88 3.68 3.51 3.41
9.67 9.56 9.52 10.41 10.16 10.18 10.51 10.81 10.64 12.64 10.96 14.73 13.74 15.45 16.80 16.09 14.43 15.55 15.48 17.36 17.92 15.42 19.78 21.16 21.50 16.86 13.62 13.15 12.69 12.30 12.04 11.47 14.35 14.10 16.13 18.04 16.74 18.91 17.06 12.20 11.92 12.47 12.07 11.12 10.56 10.56 10.49 10.45 14.59 10.73 10.22 8.48 9.13 8.45 8.48 11.86 11.29 6.93 6.09 5.96 5.85 5.01 7.08 6.51 8.15 7.56 6.99 6.46 5.95 5.50 5.24 4.98 4.74 4.59 4.50 4.27 4.07 3.97
9.47 9.52 9.50 10.24 10.00 10.18 10.48 10.66 10.63 12.67 13.68 14.46 12.40 13.37 16.17 12.02 18.25 18.22 17.60 18.00 18.78 15.78 18.54 19.75 19.70 17.73 14.94 14.35 13.28 11.52 11.60 10.61 13.53 12.82 15.27 18.65 15.78 18.40 15.04 11.00 12.53 14.72 12.63 11.64 10.84 10.29 10.43 10.56 10.20 9.45 9.51 9.58 8.46 8.87 12.74 9.82 7.39 7.02 6.59 6.90 6.09 5.53 4.84 9.27 6.68 6.17 5.48 4.94 6.68 6.23 5.98 5.69 5.40 5.26 5.15 4.92 4.71 4.57
9.12 9.33 9.38 9.44 10.29 10.42 10.54 10.71 10.69 12.89 13.74 15.04 14.23 10.15 15.22 11.34 17.63 12.32 19.30 18.13 18.22 17.76 18.46 19.83 20.97 18.36 15.17 14.81 13.35 10.88 10.82 13.27 12.89 7.41 14.04 16.51 17.42 18.98 14.32 11.63 14.67 14.49 13.48 11.08 10.53 11.05 11.45 10.48 8.49 9.73 10.26 11.55 10.85 13.38 13.37 8.61 7.56 7.14 6.63 7.13 6.32 6.04 8.29 7.72 7.20 6.54 6.16 7.88 7.39 7.00 6.77 6.46 6.15 5.99 5.84 5.61 5.41 5.23
8.92 9.11 9.18 9.23 9.32 9.33 10.44 10.49 13.63 12.77 13.25 15.22 15.47 11.63 14.02 15.33 16.61 17.33 17.90 17.03 15.88 16.39 17.31 19.80 22.48 22.31 14.97 14.63 13.46 12.00 11.99 11.11 12.69 11.49 13.25 16.17 17.32 17.57 15.20 12.59 11.84 12.79 11.99 9.73 9.92 10.67 10.91 9.83 9.45 9.54 10.92 16.06 12.17 12.25 10.98 8.94 8.35 7.63 7.18 6.76 7.18 9.43 8.98 10.53 7.81 7.27 6.79 6.51 8.11 7.76 7.55 7.25 6.96 6.79 6.62 6.39 6.16 5.90
8.78 8.96 9.06 9.07 9.13 9.15 10.39 10.34 10.40 13.45 12.85 14.53 15.45 13.67 13.15 15.08 16.25 17.15 17.76 18.21 17.62 16.03 15.33 17.92 20.93 23.62 16.88 14.28 14.32 14.98 13.62 10.82 11.26 11.83 10.79 15.60 16.74 16.15 13.81 13.63 11.36 9.21 8.94 13.66 9.39 9.83 10.29 10.47 9.77 9.64 12.24 15.79 11.49 10.60 9.58 9.33 9.20 8.94 8.49 7.87 7.55 9.81 6.75 6.71 8.98 8.14 7.51 7.07 8.80 6.13 8.30 8.00 7.73 7.55 7.38 7.21 7.00 6.65
8.60 8.81 8.96 8.99 9.05 8.97 10.16 10.23 10.24 14.27 12.99 14.12 15.24 15.54 13.52 14.43 15.89 17.04 17.60 18.43 18.95 17.10 15.50 16.77 19.28 22.74 18.88 13.96 15.53 18.03 14.17 11.70 10.02 6.25 12.59 14.25 15.25 14.12 12.21 15.07 12.62 8.33 8.54 7.61 8.05 14.74 11.54 15.64 9.97 10.27 16.15 13.44 10.36 10.60 9.60 10.20 10.13 13.94 8.86 8.31 7.92 10.20 6.52 6.94 9.41 8.76 8.25 7.74 7.38 7.43 7.28 8.68 8.43 8.22 8.03 7.91 7.80 7.51
8.45 8.64 8.80 8.87 10.13 9.88 10.13 10.14 14.69 14.98 14.15 14.49 14.86 15.09 14.86 13.98 15.42 16.55 16.82 17.70 18.37 16.99 16.13 17.41 19.09 23.11 20.56 15.64 17.14 21.40 14.81 9.57 6.20 5.89 9.38 13.16 13.55 12.87 12.89 13.14 10.03 8.18 8.30 7.56 7.37 8.75 9.95 10.02 9.95 11.07 16.48 12.61 10.73 10.97 10.37 10.16 10.06 9.58 8.85 8.71 8.29 10.65 10.32 7.26 7.23 7.36 9.51 9.03 8.35 8.11 7.98 9.24 9.02 8.86 8.64 8.45 8.36 8.19
8.35 8.48 8.57 8.66 10.30 10.21 10.11 10.16 14.94 15.78 14.70 14.45 14.49 14.77 16.41 15.93 16.36 16.76 16.31 17.17 17.64 16.55 16.24 17.97 20.09 23.22 22.99 20.01 20.54 24.92 15.82 6.39 6.42 6.63 8.54 10.40 11.19 11.50 12.18 11.74 10.32 9.32 9.05 8.96 9.11 9.62 10.55 11.70 11.01 11.73 17.48 13.16 10.76 12.54 11.38 10.96 10.58 9.70 9.29 9.10 8.95 8.57 9.14 10.64 11.22 11.05 10.08 9.82 8.84 8.12 7.88 9.89 9.63 9.46 9.26 9.03 8.86 8.73
8.33 8.40 8.42 8.49 8.63 10.09 10.02 9.87 9.74 15.10 14.74 13.94 13.88 14.49 16.54 16.51 16.35 16.91 16.50 17.21 17.82 16.83 16.46 18.09 20.24 23.34 27.09 24.20 27.53 29.43 15.58 6.61 7.89 9.56 9.66 7.61 6.91 9.81 10.49 10.29 10.57 9.98 10.44 11.12 11.11 14.70 15.88 16.94 10.61 17.05 18.39 13.85 11.40 13.73 10.47 11.04 10.79 10.41 10.59 11.38 11.65 10.97 10.71 10.67 10.66 10.78 10.70 10.59 9.83 9.15 8.81 10.62 10.31 10.10 9.86 9.64 9.44 9.25
8.30 8.36 8.36 8.34 8.40 9.81 10.01 14.24 12.95 13.96 14.27 13.66 13.40 12.45 14.66 16.03 16.06 16.48 16.48 17.19 17.94 17.01 16.78 16.91 18.71 20.98 24.90 27.87 31.02 34.34 21.00 10.55 12.01 13.28 12.67 8.88 4.95 5.44 8.82 9.43 10.00 11.01 14.01 16.06 15.77 15.01 15.29 10.58 17.57 18.11 19.30 15.34 13.31 11.87 11.44 10.81 10.40 10.75 10.89 10.75 10.66 10.39 10.40 10.52 10.26 11.11 10.63 10.34 10.12 9.95 9.64 11.23 10.96 10.77 10.54 10.31 10.15 9.91
8.34 8.31 8.29 8.27 8.26 9.51 9.61 9.77 14.77 14.77 15.42 14.59 14.14 13.09 13.18 15.39 15.61 14.95 15.07 15.65 16.48 15.46 16.08 15.37 16.29 18.43 20.81 25.58 28.91 38.96 34.11 19.99 13.71 12.51 9.94 7.40 3.58 3.00 6.68 10.21 12.68 13.43 14.99 16.20 17.26 17.22 11.86 12.62 19.11 19.53 20.15 18.06 14.50 13.01 11.88 9.20 7.62 8.21 9.60 10.39 10.72 11.31 11.58 11.27 10.53 11.32 10.71 10.29 10.06 9.76 9.58 11.97 11.75 11.53 11.25 11.03 10.92 10.74
8.46 8.31 8.14 8.18 8.22 9.29 9.38 9.52 14.68 14.94 14.94 15.69 15.67 15.40 13.65 15.11 16.27 15.85 15.41 15.52 15.21 13.35 14.34 14.55 15.45 17.66 19.17 22.76 24.34 36.08 40.79 28.15 10.31 7.31 7.60 8.45 11.13 16.26 6.17 10.20 11.62 12.49 13.77 14.96 16.58 17.63 17.75 11.99 20.37 21.54 21.25 21.90 16.43 15.06 11.31 10.22 9.01 8.49 9.30 10.45 11.40 12.08 12.13 11.49 10.67 10.32 11.82 11.49 11.25 10.93 10.69 10.92 11.14 10.90 11.72 11.37 11.27 11.28
8.46 8.43 8.13 7.97 8.09 9.09 9.15 9.13 14.23 14.63 14.66 14.62 14.99 14.27 13.90 15.07 16.43 17.46 17.75 17.68 16.58 14.40 13.72 13.34 14.73 16.80 19.38 22.18 22.40 32.20 40.58 32.73 7.42 9.06 5.54 10.15 13.57 4.25 7.88 7.69 11.58 11.75 12.70 13.33 14.61 15.80 16.19 19.66 18.24 21.75 23.22 23.92 19.99 18.85 15.91 13.93 13.06 11.98 11.31 11.15 11.55 11.63 11.85 12.25 12.56 14.32 12.84 13.55 12.96 13.56 12.89 11.73 11.49 12.23 12.02 11.64 11.39 11.25
8.18 8.47 8.34 7.99 8.61 8.82 8.93 9.03 13.84 14.35 14.07 14.08 13.50 13.71 14.29 14.95 16.16 17.00 18.45 19.41 20.17 18.85 17.05 15.40 14.58 14.66 16.94 20.17 21.85 23.80 42.52 38.73 14.31 12.49 8.12 10.78 11.79 13.36 8.65 10.66 11.70 11.39 12.28 12.32 12.37 14.64 15.35 16.69 14.63 17.91 21.85 29.06 30.94 22.70 20.48 19.90 18.17 15.52 14.20 15.28 13.63 13.04 12.62 15.03 14.89 12.20 14.12 11.77 11.54 11.57 10.66 10.33 12.58 12.51 12.45 12.18 11.82 11.55
7.73 8.17 8.61 8.38 8.51 8.71 8.76 12.90 13.51 13.62 14.35 14.97 14.73 14.10 13.85 14.91 16.12 16.77 17.52 17.83 18.71 20.02 20.52 20.32 17.92 14.24 14.29 17.80 19.55 18.33 37.20 44.02 27.69 16.01 10.86 11.97 10.78 11.47 16.02 8.90 9.97 9.59 10.13 10.08 9.71 10.96 12.26 13.69 11.80 13.20 15.66 19.55 27.19 29.57 28.35 26.29 22.33 18.58 16.58 15.80 15.61 14.78 14.92 11.73 11.52 11.63 12.68 12.08 11.53 13.90 13.75 13.40 10.39 10.71 11.62 11.76 11.27 11.99
