examples/cougarCreek-fire/createInputs/farsite/8a-cougarCreek-3polygonIgnit/cougarCreekFire_08-10-2015_0100_217m_non_neutral_stability_ang.asc
ncols	146
nrows	140
xllcorner	610065.000000
yllcorner	5095217.000000
cellsize	216.586807
NODATA_value	-9999.000000
[rows 0 to 41 of 140, columns 0 to 93 of 146]
234 235 238 240 240 239 239 240 242 249 247 251 255 256 255 254 253 251 249 248 248 253 258 264 266 265 262 262 263 264 262 258 256 255 256 257 259 257 262 262 261 263 262 260 261 263 262 261 260 259 256 254 252 252 253 254 254 251 251 253 254 254 255 257 258 257 256 258 262 266 267 265 263 262 265 269 269 264 264 266 269 273 277 280 291 289 286 297 300 297 295 307 310 296
234 235 238 240 240 239 239 240 242 249 247 251 255 256 255 254 253 251 249 248 248 253 258 264 266 265 262 262 263 264 262 258 256 255 256 257 259 257 262 262 261 263 262 260 261 263 262 261 260 259 256 254 252 252 253 254 254 251 251 253 254 254 255 257 258 257 256 258 262 266 267 265 263 262 265 269 269 264 264 266 269 273 277 280 291 289 286 297 300 297 295 307 310 296
236 237 239 241 240 240 241 241 243 245 248 251 254 254 254 254 253 251 251 250 251 256 258 261 262 262 262 261 262 261 260 257 256 256 256 257 258 259 260 261 261 261 261 261 260 260 259 258 257 256 254 252 252 251 252 251 250 249 251 252 252 253 254 255 255 255 256 258 261 262 262 262 262 263 265 268 268 267 268 270 273 275 277 280 282 283 285 287 288 290 292 293 297 295
237 238 240 240 240 241 241 242 243 244 246 249 251 252 253 252 251 251 252 252 253 258 256 256 258 259 260 260 259 259 258 257 256 256 256 256 256 257 258 259 259 258 259 259 258 257 256 256 255 254 253 252 251 251 251 250 248 249 251 251 252 253 254 254 254 255 258 260 260 259 258 259 262 265 268 269 270 273 274 276 278 279 280 281 283 285 287 290 292 292 291 291 294 300
238 238 240 240 240 241 242 251 251 252 245 247 249 250 251 250 250 250 251 251 257 256 257 254 256 257 258 258 258 258 257 256 256 256 255 255 255 256 256 257 257 258 258 257 256 255 255 255 255 255 253 251 251 250 250 249 249 251 252 252 253 253 254 254 254 257 259 260 259 258 259 262 265 268 269 270 271 274 276 279 281 283 284 285 287 289 292 294 296 297 297 296 319 304
238 239 240 241 241 241 242 242 244 253 253 254 248 248 249 249 249 249 256 250 256 256 255 253 254 255 255 256 257 257 256 255 255 255 255 254 255 255 256 256 257 257 257 256 255 255 255 256 256 255 251 250 250 249 249 249 250 251 252 253 253 253 254 254 255 258 261 259 258 258 261 265 267 269 269 270 272 276 279 281 283 285 288 289 290 293 295 297 298 300 301 303 304 307
240 240 241 241 241 242 242 253 253 254 254 254 254 247 248 248 249 250 255 254 255 255 255 256 256 256 254 258 259 258 254 253 255 255 254 254 255 255 255 257 258 256 259 256 257 260 259 258 254 250 244 248 248 249 248 249 250 251 252 252 253 254 253 254 256 260 257 257 258 261 264 266 267 268 268 270 273 277 280 282 284 286 289 292 247 296 297 299 302 303 305 309 313 315
240 241 242 242 242 242 243 253 252 253 254 254 255 254 253 247 248 257 256 254 255 255 255 255 255 255 256 258 258 256 252 257 258 254 253 254 255 255 257 257 258 258 259 261 264 262 259 255 252 247 247 248 247 248 249 249 250 251 252 252 254 253 253 255 256 258 257 257 259 262 264 265 266 267 269 272 275 277 280 282 285 287 290 293 296 298 299 301 303 304 306 310 314 318
241 242 242 242 242 254 243 255 256 256 256 256 255 255 254 248 255 256 255 254 254 254 262 263 254 255 256 257 257 255 255 257 256 252 252 257 258 257 257 258 259 259 260 262 264 263 259 255 252 250 249 248 246 248 250 249 250 251 253 251 254 252 253 255 258 257 257 263 260 262 263 264 265 268 271 273 275 278 280 282 284 286 290 293 296 299 301 303 304 305 307 310 313 315
243 243 243 243 243 251 253 255 255 256 257 256 266 255 254 254 255 255 256 263 264 255 253 252 265 254 255 255 255 255 254 255 255 254 255 256 256 256 257 259 261 261 261 260 259 257 255 254 251 249 246 243 243 249 248 249 250 250 253 250 251 252 253 256 256 259 261 264 259 260 261 263 266 269 271 273 276 278 280 281 283 285 288 291 294 298 301 303 305 228 307 309 312 314
255 244 244 244 244 244 251 254 255 256 256 257 257 268 255 254 254 249 256 256 265 267 254 252 263 266 264 264 254 254 252 253 253 253 254 255 255 256 258 261 263 264 263 263 255 254 251 251 249 245 238 236 245 246 248 249 249 254 249 249 250 258 253 251 257 258 257 259 257 258 260 263 266 268 270 273 276 278 279 280 281 283 285 289 292 296 300 303 305 305 307 309 312 313
243 243 256 256 256 254 245 253 255 269 270 257 257 257 255 255 249 253 254 256 267 268 267 253 252 266 260 265 267 254 252 253 252 253 254 256 256 256 258 261 263 273 271 265 256 251 249 250 249 242 239 241 241 245 253 251 251 252 253 248 249 252 249 250 252 251 252 253 255 257 259 262 264 267 269 272 274 275 276 277 279 281 284 287 291 295 299 303 306 306 308 309 311 313
243 243 243 255 256 256 246 251 252 254 269 271 271 256 256 256 253 255 255 255 268 269 270 265 253 265 263 266 267 260 251 251 252 253 254 256 256 256 255 257 271 269 265 261 254 252 249 253 246 242 242 244 242 245 250 249 249 249 250 254 249 245 245 248 249 250 251 252 254 255 257 259 262 265 267 269 269 270 271 273 275 278 281 285 289 294 298 303 307 308 309 310 311 313
244 244 244 245 245 255 247 248 250 251 254 267 269 270 254 255 255 256 256 270 269 269 272 269 266 267 266 267 266 258 257 250 265 266 267 267 267 267 266 266 267 258 257 255 253 249 249 250 243 239 240 243 247 250 248 247 246 245 246 245 241 240 246 246 247 248 249 250 251 252 254 256 259 261 263 263 263 264 265 267 270 273 277 282 287 293 299 304 309 310 312 312 313 316
244 245 246 246 246 247 248 249 250 252 252 254 254 264 268 269 268 269 271 272 273 273 273 274 270 269 268 268 265 258 257 251 267 268 267 267 266 266 266 266 259 253 253 254 255 256 253 244 235 234 238 241 243 246 246 247 248 243 244 244 245 245 244 245 245 252 253 254 247 248 263 251 253 254 255 255 255 256 258 260 263 267 271 276 283 290 298 305 311 312 315 84 316 321
245 246 247 247 247 248 258 259 258 255 254 255 266 262 262 268 267 266 269 270 270 271 271 272 274 271 268 267 263 257 259 266 268 268 267 267 266 266 268 270 259 252 251 250 252 251 244 237 232 237 239 240 242 244 244 244 241 242 247 245 244 244 248 249 251 251 247 242 243 244 245 245 246 247 246 246 247 248 250 252 255 258 262 267 275 285 296 306 316 318 323 92 319 331
245 247 247 248 248 249 249 258 260 258 256 256 274 274 262 254 256 267 267 267 270 270 267 254 271 273 270 267 261 256 261 265 265 266 267 266 265 265 267 269 263 255 250 246 245 243 239 236 236 241 239 239 232 236 247 240 238 243 244 243 243 247 248 248 250 245 240 248 241 241 241 241 241 241 240 240 241 241 243 245 248 251 254 258 263 272 283 295 308 311 319 327 320 342
247 248 248 249 250 250 254 257 260 274 258 257 269 275 261 251 251 257 261 262 267 266 269 263 271 273 273 269 262 259 264 266 264 263 262 263 262 266 268 266 262 256 250 246 243 240 238 234 237 240 234 227 227 239 244 239 238 250 242 244 247 247 246 244 244 241 239 232 232 239 238 239 238 238 237 237 237 238 239 241 244 247 249 252 255 259 266 275 61 289 295 304 303 329
248 249 250 250 251 251 251 258 276 278 260 259 262 263 266 267 263 264 265 262 266 268 265 265 267 271 272 266 264 264 267 266 262 263 257 262 263 265 266 264 261 255 247 240 238 240 236 232 237 234 228 225 232 242 244 239 243 246 244 245 247 252 242 242 242 236 231 228 239 237 237 237 236 236 236 234 234 235 237 239 241 244 246 248 250 252 256 263 62 271 274 45 280 290
250 250 251 251 251 251 259 259 276 278 260 270 264 265 273 276 275 272 272 268 270 271 265 263 268 269 267 264 265 268 268 267 261 243 243 262 263 264 265 261 257 250 242 235 232 234 232 228 224 223 225 230 247 246 239 246 250 244 248 250 246 247 243 245 242 240 239 239 238 236 236 236 235 234 234 233 232 233 235 237 239 241 243 244 246 247 250 255 259 258 259 262 262 246
251 251 252 259 260 260 260 260 261 278 260 272 280 266 265 273 275 274 275 272 272 273 264 264 266 269 264 266 268 270 270 269 248 240 243 263 265 259 266 258 251 243 237 231 230 231 229 225 231 222 227 235 245 234 247 243 242 245 243 248 251 244 242 245 240 239 238 237 236 235 235 235 234 234 233 232 232 232 233 234 236 239 240 241 242 244 246 249 250 248 247 112 224 244
251 251 252 260 260 260 260 260 261 280 274 274 284 282 260 253 260 264 270 269 268 272 269 268 269 270 268 268 270 272 275 270 249 240 245 256 266 261 269 256 243 239 235 228 229 233 231 225 219 234 232 240 242 246 244 256 250 239 238 248 247 241 245 238 237 235 234 232 236 235 235 234 233 233 233 232 232 233 233 233 234 236 237 238 240 241 243 244 243 241 6 176 202 216
252 253 253 253 259 259 258 259 261 277 275 273 282 286 271 256 255 252 262 268 269 271 269 266 267 270 268 271 272 273 280 265 252 270 251 253 268 269 271 257 246 235 231 228 229 229 228 224 226 235 234 241 243 239 243 250 249 243 241 246 239 236 237 235 235 235 235 235 235 234 234 233 232 232 232 232 232 232 232 233 233 234 235 237 237 238 238 238 237 234 184 152 166 172
253 254 254 254 255 255 259 261 274 279 279 272 275 285 281 272 269 268 268 274 275 275 273 263 260 269 268 272 273 275 286 289 266 257 257 264 271 272 274 259 247 233 231 227 227 227 226 222 227 228 234 228 242 245 247 243 244 241 237 236 230 233 235 236 239 236 235 234 232 232 233 232 231 232 232 232 232 231 231 231 233 234 235 235 236 236 236 234 231 229 175 219 181 189
254 255 255 256 256 256 260 261 262 279 285 277 274 284 283 274 271 270 268 267 272 275 275 270 263 269 273 274 276 279 290 295 305 277 288 276 274 276 275 257 242 231 231 234 224 226 224 218 218 221 234 230 242 242 241 236 231 228 228 230 229 232 240 243 233 232 233 231 230 228 231 231 231 231 231 231 232 232 231 232 232 233 234 234 234 235 234 233 230 182 180 170 204 194
255 256 256 256 257 258 261 262 262 276 284 280 273 274 284 280 273 271 269 265 267 274 274 271 267 269 276 278 283 284 291 304 274 342 272 272 280 280 270 255 240 231 233 228 225 230 216 224 217 224 223 245 242 245 241 234 228 233 227 230 230 232 240 228 229 230 230 227 224 223 222 230 230 230 231 231 231 231 231 232 233 234 234 234 234 234 234 234 176 180 181 177 203 212
257 257 257 257 262 263 262 262 267 271 280 277 274 271 278 283 276 273 272 269 269 275 274 269 265 265 271 264 282 290 291 299 331 358 322 294 286 282 267 249 238 237 233 228 225 223 221 218 220 228 228 247 244 246 246 240 230 225 228 230 230 232 233 230 226 222 226 226 224 223 223 230 230 231 231 231 231 231 231 232 233 234 234 234 233 233 233 235 202 217 175 205 204 212
258 259 259 260 261 262 263 263 261 264 275 279 280 272 268 273 271 272 273 271 271 276 275 266 261 260 262 251 275 288 297 303 260 249 342 320 304 284 262 242 231 229 227 222 218 215 216 214 214 231 229 247 243 249 248 236 227 226 228 226 225 225 221 219 217 217 218 225 225 226 227 230 231 231 232 232 232 232 232 232 233 234 233 233 233 232 232 233 217 235 215 204 189 193
260 260 261 262 262 262 264 266 266 269 275 282 286 273 265 268 270 271 274 271 272 276 276 267 257 255 258 258 270 282 298 286 269 301 308 335 328 309 272 241 224 218 217 217 211 219 219 219 218 223 229 244 241 251 242 230 223 224 222 219 219 221 222 223 222 220 219 224 224 224 225 230 231 232 233 232 232 232 232 232 233 233 233 233 233 232 232 233 232 229 215 207 215 211
261 262 263 264 264 264 264 273 280 278 279 282 287 292 276 271 273 274 275 272 272 276 276 273 263 259 257 259 261 268 286 298 312 303 307 309 309 286 332 252 222 213 217 219 218 218 218 212 220 222 227 242 243 249 235 227 222 224 224 223 223 225 225 225 224 230 229 228 226 225 225 231 232 232 232 231 232 232 232 232 232 233 232 233 233 233 233 233 234 219 204 210 207 194
263 264 265 265 266 267 266 266 272 274 274 280 282 289 285 273 277 280 280 278 278 280 278 277 271 267 265 259 251 248 261 289 317 318 330 317 309 280 286 272 253 236 220 215 215 214 205 219 216 220 225 241 241 237 234 232 236 234 229 226 225 224 224 224 223 230 230 230 230 230 231 230 230 230 230 230 230 231 231 232 232 232 231 232 233 233 233 233 233 230 220 209 191 181
264 265 266 267 267 268 268 268 270 272 270 270 273 276 284 274 272 277 278 279 280 277 279 278 273 269 267 263 257 243 253 273 316 325 316 310 280 254 294 287 280 274 266 213 213 212 208 208 212 219 225 233 242 241 241 244 238 230 227 226 226 225 223 224 224 223 227 225 224 225 225 224 223 224 232 231 231 230 231 231 232 231 230 230 231 232 233 233 235 212 215 198 180 174
265 266 267 268 268 272 272 271 271 273 274 275 280 282 284 276 268 268 270 271 276 276 275 272 275 274 269 264 264 248 257 269 293 294 306 274 248 268 286 272 281 282 275 268 262 212 210 195 213 219 223 229 240 235 236 237 230 224 221 223 227 228 226 224 221 236 220 234 215 214 236 228 227 236 235 233 232 220 232 232 232 231 229 229 230 231 233 234 229 215 221 197 175 166
265 265 274 269 276 275 274 273 275 274 280 285 289 286 283 278 270 263 258 258 261 268 272 273 275 277 276 268 264 260 259 265 276 274 292 276 276 299 305 296 288 280 275 275 285 220 218 215 218 222 225 227 225 222 223 225 227 226 219 230 224 226 226 239 240 228 240 232 232 232 239 241 239 238 236 234 233 234 221 234 234 234 233 232 232 233 235 236 230 216 233 230 188 166
267 267 267 275 276 275 275 283 283 283 282 282 283 286 286 280 272 266 261 259 260 261 261 265 273 276 276 272 270 268 265 264 259 255 260 268 279 300 314 311 300 293 293 291 291 296 236 232 232 237 239 237 231 227 223 223 228 227 220 222 223 228 236 231 232 231 235 235 240 239 241 240 240 233 229 235 225 235 236 236 235 234 234 233 231 233 236 238 233 233 251 251 242 212
269 269 269 269 275 277 276 276 278 279 275 269 267 273 283 284 282 282 282 277 270 262 257 253 247 241 259 269 275 269 273 264 249 243 246 250 260 267 266 266 273 278 282 276 270 275 283 290 217 254 257 256 251 238 233 228 225 221 221 222 225 225 227 228 229 233 232 231 229 231 234 237 235 232 238 237 236 237 237 236 235 235 234 231 228 231 236 238 235 238 249 249 243 169
271 271 271 274 275 292 290 278 276 274 271 269 269 267 269 274 275 275 274 265 254 251 249 242 235 232 237 247 264 265 267 257 241 230 225 224 216 190 174 178 201 219 232 251 265 262 259 269 287 235 257 260 263 253 246 242 229 224 221 220 219 219 218 219 219 220 223 220 217 212 225 227 229 230 236 234 235 236 237 237 236 238 237 231 225 227 233 237 240 237 228 244 227 171
272 273 274 275 276 277 278 274 279 266 266 272 271 265 258 257 257 250 243 240 241 244 243 238 235 234 238 237 236 255 253 253 253 232 235 234 226 219 216 217 193 222 215 226 230 225 233 253 252 245 238 258 260 256 252 247 243 238 234 232 231 230 229 228 226 223 221 218 218 221 222 216 220 225 226 227 231 235 236 236 236 238 239 234 224 222 230 236 238 235 227 240 228 200
274 275 276 277 277 277 255 279 264 264 267 270 265 260 255 255 253 246 245 248 248 243 243 241 236 235 241 239 232 252 251 254 272 280 281 285 272 200 196 261 249 238 192 194 192 198 210 222 239 249 240 246 259 264 263 259 256 252 249 247 239 237 237 236 236 234 232 229 228 229 229 226 222 219 216 219 226 230 234 235 237 239 242 240 230 222 231 237 234 235 224 231 227 206
277 277 278 277 277 277 248 278 268 269 271 270 269 265 263 260 255 249 246 245 241 242 249 247 237 240 246 241 235 246 257 255 249 273 292 299 301 319 339 189 194 272 187 194 226 246 201 217 223 231 242 243 249 251 258 262 258 256 260 261 260 249 248 248 248 254 253 255 256 256 253 248 243 232 227 223 220 228 230 233 236 240 245 247 243 226 235 241 239 235 233 226 226 213
278 279 279 276 276 277 253 279 281 271 273 276 276 272 265 261 253 244 242 245 246 251 254 242 235 241 245 242 241 255 260 252 238 241 269 270 270 281 309 359 332 306 301 207 207 210 220 215 215 218 222 226 238 243 246 251 253 252 254 258 256 260 261 261 260 260 262 266 271 273 273 271 267 262 255 249 238 229 221 220 232 238 243 246 245 230 237 243 241 238 234 227 223 220
279 280 280 275 276 256 277 280 282 274 276 276 274 265 258 256 247 243 248 257 260 259 251 236 236 243 246 244 242 251 250 241 229 223 233 239 254 263 267 281 313 296 287 289 295 252 239 234 231 231 234 235 236 236 237 239 239 236 238 243 249 254 260 263 264 265 267 270 274 276 279 281 281 276 272 266 252 235 225 226 228 234 237 237 232 225 237 244 241 237 237 229 219 222
