examples/cougarCreek-fire/createInputs/farsite/8a-cougarCreek-3polygonIgnit/cougarCreekFire_08-10-2015_0000_217m_non_neutral_stability_vel.asc
ncols	146
nrows	140
xllcorner	610065.000000
yllcorner	5095217.000000
cellsize	216.586807
NODATA_value	-9999.000000
[rows 105 to 139 of 140, columns 0 to 77 of 146]
8.65 8.81 9.04 9.15 9.00 8.97 9.32 8.96 8.62 9.39 9.53 9.64 9.28 9.34 9.60 9.32 9.26 9.21 9.17 8.72 9.15 9.33 9.74 9.69 11.89 9.66 9.83 9.77 13.17 13.21 12.24 13.67 13.84 13.87 13.82 12.53 13.87 10.56 10.86 15.71 16.09 15.53 16.20 16.07 11.46 16.12 11.69 11.89 16.80 16.84 12.87 13.10 13.71 14.29 14.17 10.29 12.90 13.30 13.82 14.16 10.72 10.18 10.15 9.70 8.11 8.37 8.34 9.61 8.65 9.61 9.61 9.45 9.63 14.47 14.18 13.92 13.83 13.82
8.54 8.75 9.19 9.30 9.18 9.24 9.47 9.04 8.66 9.08 9.47 9.58 9.13 9.51 9.55 9.36 9.43 9.21 9.22 8.97 8.91 9.36 9.86 10.57 9.60 9.74 12.68 10.10 12.92 13.32 13.46 13.66 13.22 13.44 13.39 13.29 15.37 10.66 10.93 15.90 11.13 14.81 16.30 11.20 16.50 16.69 16.69 16.31 12.23 16.62 12.76 12.99 13.57 14.64 14.90 11.24 12.59 13.21 13.82 14.19 10.50 9.45 7.51 9.02 9.16 9.37 9.45 8.49 9.44 9.55 9.40 9.64 9.81 9.97 14.22 14.01 8.95 8.92
8.72 8.81 9.21 9.68 9.36 9.44 9.58 9.28 8.76 8.99 9.71 9.50 9.34 9.64 9.49 9.51 9.55 9.17 9.25 9.07 9.00 9.41 10.03 12.13 12.54 9.81 12.47 11.60 13.62 13.69 14.07 12.64 12.50 13.30 13.46 14.91 10.37 10.82 11.09 14.34 14.55 16.04 16.18 16.33 16.62 16.87 11.84 12.01 17.45 18.87 18.88 19.22 17.90 17.64 13.60 11.25 10.11 13.14 13.86 11.01 9.65 8.11 8.97 9.69 14.46 9.97 8.55 8.52 9.65 9.51 9.36 9.43 9.56 9.77 9.83 14.09 14.02 13.83
9.23 8.97 9.01 9.68 9.55 9.29 9.30 9.59 9.03 8.74 9.58 9.64 9.63 9.63 9.59 9.68 9.59 9.38 9.31 8.97 9.11 9.54 9.85 9.88 9.79 13.20 12.70 13.08 13.60 13.01 13.16 11.84 12.18 13.76 14.97 10.30 10.47 15.78 12.85 11.52 15.71 16.07 16.25 16.43 16.60 11.78 16.98 17.28 17.63 19.20 19.06 19.01 20.09 21.92 12.15 8.64 9.85 13.28 11.27 10.25 8.47 9.00 8.96 14.21 11.27 10.07 9.41 9.40 9.37 9.39 8.70 9.46 9.50 9.76 9.70 9.68 9.78 9.72
9.69 9.26 8.82 9.30 9.70 9.48 9.33 9.83 9.24 8.42 9.08 9.62 9.74 9.63 9.73 9.66 9.54 9.42 9.39 9.27 9.60 9.98 10.04 11.66 12.85 12.25 12.34 13.30 12.27 12.03 12.48 11.96 12.92 14.61 10.41 10.45 10.61 15.16 12.09 13.73 16.12 16.21 16.84 16.68 16.76 16.88 11.95 12.10 12.36 12.61 12.64 19.04 20.05 20.84 14.76 9.14 10.04 11.01 10.56 10.08 8.78 8.97 9.92 14.23 11.86 10.41 9.76 9.14 9.36 9.38 9.79 9.52 9.75 10.71 11.04 10.29 9.88 9.76
9.75 9.39 8.83 8.98 9.70 9.75 10.06 10.03 9.47 8.32 8.95 9.74 9.76 9.77 9.81 9.56 9.50 9.74 9.58 9.41 9.44 9.79 11.24 9.69 9.85 12.58 11.76 13.03 11.58 12.05 12.74 13.30 14.77 10.40 10.54 10.62 15.81 13.64 13.14 15.81 16.35 16.65 16.26 16.81 16.98 17.16 17.11 12.17 16.48 12.58 16.67 16.54 17.41 18.81 14.44 14.29 12.06 10.76 9.00 8.64 7.93 9.32 9.41 14.23 10.11 10.01 8.69 9.81 9.40 9.37 9.39 9.31 9.66 9.54 10.02 9.81 9.79 14.06
9.79 9.30 9.10 8.87 9.30 9.75 9.79 9.98 9.33 8.35 8.96 9.75 9.87 9.84 9.76 9.50 9.85 9.75 9.89 9.64 9.64 9.71 9.61 9.69 9.91 10.14 10.10 10.12 12.06 12.91 10.29 10.39 10.42 10.50 10.64 10.77 13.98 12.65 15.31 16.25 11.00 16.08 17.10 17.20 17.24 17.46 17.44 17.44 16.89 12.51 16.52 16.61 17.12 17.04 14.29 13.49 10.95 7.98 8.10 7.95 7.97 7.85 7.31 10.27 10.39 9.88 9.24 9.15 8.75 9.31 9.04 9.66 14.48 14.19 14.14 14.16 9.70 9.88
9.51 9.50 9.35 9.05 9.15 9.50 9.53 9.85 9.33 8.83 8.89 9.51 10.06 9.79 9.56 9.46 9.41 9.91 10.10 9.81 9.48 9.38 9.43 9.70 9.94 10.21 10.26 12.95 12.99 13.71 10.37 10.46 14.76 14.77 15.16 13.80 12.74 14.68 15.58 16.10 16.59 16.96 17.07 17.20 17.38 17.01 17.31 17.59 18.92 17.68 17.77 19.25 20.08 20.73 20.40 9.30 8.71 8.50 8.18 8.06 8.03 8.11 8.59 10.49 10.96 10.73 11.05 10.62 10.12 9.56 9.45 10.19 10.29 9.72 9.51 9.62 9.87 10.08
9.41 9.32 8.89 9.03 9.18 9.37 9.43 9.48 9.67 8.89 8.63 9.24 10.21 9.61 9.46 9.44 9.81 10.19 10.07 9.58 9.32 9.32 9.48 9.68 10.01 10.23 10.25 10.20 13.26 13.58 10.33 13.81 13.58 14.67 14.32 12.10 13.88 15.42 15.69 15.96 16.35 15.86 17.06 16.91 16.68 11.83 17.34 17.58 19.37 19.30 19.13 19.99 19.94 19.64 17.39 13.06 9.38 8.62 8.15 8.20 8.04 8.45 9.27 10.48 10.75 10.63 10.65 10.87 10.60 10.32 10.40 10.82 11.13 11.21 10.63 10.23 10.64 14.11
8.93 8.69 9.20 9.27 9.32 9.43 9.49 9.42 9.46 9.22 8.55 9.17 10.19 9.52 9.48 9.53 9.68 9.90 9.90 9.45 8.96 9.36 9.40 9.74 9.59 10.28 10.13 10.12 10.12 10.20 12.74 13.07 10.47 14.36 12.97 12.97 14.76 15.54 10.81 15.30 10.99 16.12 16.63 11.55 11.70 11.93 11.98 17.52 17.71 18.65 19.37 19.43 18.72 18.39 15.49 14.56 13.02 11.15 9.87 8.97 8.90 9.50 10.16 10.71 10.66 10.65 10.68 10.55 10.46 10.30 10.28 10.20 10.12 10.61 11.07 11.07 11.66 12.24
9.10 9.07 9.13 9.30 9.59 9.54 9.30 9.09 9.33 9.23 8.71 9.22 9.67 9.48 9.43 9.68 9.68 9.59 9.57 9.26 9.14 9.45 9.67 9.46 9.67 10.17 9.98 10.03 10.12 10.25 11.61 10.19 14.42 13.91 12.33 13.94 15.17 10.74 14.58 15.02 10.95 16.74 11.26 16.96 17.15 17.18 17.10 18.71 18.48 18.78 19.19 18.40 18.34 17.32 14.82 14.36 14.38 13.75 12.94 10.78 9.93 10.72 11.45 10.89 10.41 10.57 10.87 10.72 10.37 10.06 9.98 9.99 10.03 10.51 11.17 11.28 11.39 14.05
8.83 8.96 9.16 9.44 9.33 9.11 8.87 9.23 9.29 9.02 9.02 9.25 9.31 9.28 9.40 9.48 9.91 9.58 9.21 9.22 9.30 9.46 9.82 9.60 10.23 9.79 9.92 9.98 10.17 10.12 9.91 10.13 10.43 10.62 13.89 14.92 10.62 14.56 14.06 15.23 10.97 11.04 16.40 16.89 17.02 17.66 17.91 17.40 18.45 18.85 19.14 18.29 16.85 15.24 14.42 13.67 14.32 14.30 13.83 12.71 10.70 10.64 11.98 11.45 10.53 10.17 10.17 10.25 10.27 10.23 10.36 10.40 10.63 10.88 11.33 11.55 14.02 14.03
8.67 8.82 9.16 9.52 9.66 9.46 9.23 9.19 8.78 9.26 9.38 9.26 9.18 9.14 9.22 9.77 9.71 9.28 9.20 9.32 9.26 9.56 9.89 9.71 9.85 9.44 9.92 9.99 10.08 9.85 9.80 10.11 10.47 10.68 10.70 14.80 13.69 13.44 14.40 15.54 11.02 11.10 17.15 17.64 17.12 17.38 17.36 18.32 18.73 18.46 17.89 15.90 14.48 14.60 14.45 13.72 13.69 13.71 13.72 13.38 11.67 11.36 12.26 12.17 11.70 10.88 10.26 10.09 10.38 11.00 11.23 10.78 10.82 10.93 10.94 11.26 13.98 13.98
8.62 8.70 9.12 9.81 9.56 9.60 9.02 9.14 8.65 9.13 9.45 9.47 9.46 9.13 8.78 9.63 9.66 9.27 9.38 9.38 9.12 9.67 9.94 10.35 9.63 9.39 9.99 9.99 9.93 9.77 9.83 10.23 10.44 10.65 10.61 14.18 10.50 13.50 14.96 10.89 11.11 11.15 16.42 16.90 16.83 15.57 15.85 17.96 16.77 17.29 17.89 15.00 14.09 14.56 14.26 13.88 13.20 12.98 14.05 13.02 14.21 12.18 14.21 12.96 12.65 12.24 11.63 10.64 10.29 10.68 11.86 10.98 10.64 10.50 13.97 13.94 13.93 13.91
8.60 8.67 9.01 9.41 9.56 9.24 9.47 9.15 9.03 8.98 9.34 9.71 9.26 8.76 8.42 8.92 9.44 9.28 9.31 9.49 9.38 9.68 9.90 10.12 9.59 9.74 9.85 9.87 9.92 9.84 10.05 10.22 9.87 10.47 10.66 13.43 13.33 10.59 10.69 16.01 11.18 16.29 16.35 16.61 15.58 15.64 16.37 16.50 16.51 16.55 16.69 15.18 13.43 13.56 13.71 13.85 13.99 13.90 13.96 14.15 12.86 14.20 12.99 14.46 12.88 12.65 12.52 11.75 10.41 10.05 11.46 12.12 11.39 10.77 14.12 14.02 13.95 13.92
8.58 8.72 8.97 9.23 10.03 9.30 8.97 9.16 9.08 8.91 9.16 9.58 9.66 9.38 8.65 8.66 9.10 9.16 9.34 9.64 9.58 9.28 9.97 10.01 9.97 9.89 9.58 9.79 10.06 9.79 9.78 10.05 9.81 10.08 10.59 10.44 10.60 10.65 10.79 11.06 11.24 15.96 16.18 16.39 16.08 17.06 16.68 16.39 16.42 16.93 16.49 15.85 13.50 13.62 13.77 13.85 13.95 13.97 13.90 14.00 14.22 13.14 13.00 13.31 14.57 13.43 12.23 12.42 11.08 10.27 10.59 12.24 12.51 12.17 11.57 14.07 13.94 13.81
8.50 8.83 8.81 9.37 9.86 9.43 8.75 8.64 9.20 8.97 9.00 9.41 9.02 9.48 9.17 8.62 8.67 9.08 9.37 9.63 9.24 9.30 10.07 10.09 9.92 9.61 9.54 9.87 10.16 9.60 9.63 9.67 9.80 10.55 10.45 10.40 10.56 10.72 10.88 11.18 15.53 15.41 16.10 16.64 17.16 17.48 16.45 16.32 16.47 17.00 16.50 16.27 15.64 13.66 13.79 13.86 13.94 14.01 13.91 13.87 14.16 14.16 13.51 13.74 14.42 14.81 12.83 12.70 12.43 10.66 10.29 11.20 11.78 11.60 14.26 14.08 14.01 13.75
8.29 9.36 9.11 8.89 9.68 9.34 8.73 9.07 9.35 9.18 8.37 9.20 9.44 9.47 9.48 8.94 8.32 8.85 9.38 9.27 9.23 9.79 9.95 9.94 9.56 9.26 9.60 10.16 10.35 9.81 9.46 9.62 9.81 9.98 10.31 10.43 10.59 10.78 10.95 15.57 11.14 15.42 16.37 16.79 17.21 17.41 16.21 16.07 16.36 17.15 17.09 16.65 13.55 13.68 13.76 13.87 13.97 14.02 13.96 13.84 14.08 14.50 13.21 13.80 14.66 15.03 14.86 13.82 14.14 11.79 10.38 9.92 14.17 14.29 14.27 14.14 14.03 13.71
8.07 9.20 8.98 8.98 9.33 9.28 8.76 9.49 9.49 9.47 8.94 8.93 9.33 9.35 9.00 9.17 8.21 8.63 9.37 9.44 9.19 9.75 9.89 9.86 9.45 9.07 9.77 10.22 10.36 9.84 9.55 10.01 10.18 10.23 10.25 10.47 10.70 10.83 10.97 11.06 11.09 15.61 16.21 16.58 17.06 12.10 12.11 15.95 16.81 17.44 17.88 16.82 13.54 13.67 13.75 13.87 13.97 14.05 12.43 13.87 14.02 14.52 13.43 13.76 14.41 14.58 14.83 14.22 13.92 12.76 11.51 11.03 11.28 14.36 14.34 14.21 14.00 13.65
8.04 8.42 9.43 9.13 9.09 9.13 8.96 8.92 9.56 9.70 9.01 8.69 9.16 9.48 9.68 9.30 8.16 8.53 9.35 9.24 9.16 9.26 9.86 9.80 9.51 9.23 9.96 10.29 10.33 9.85 9.60 9.70 9.99 10.08 10.37 10.58 10.74 10.88 10.98 11.13 11.24 15.65 16.10 16.42 11.89 15.64 12.09 16.18 16.94 17.42 17.49 13.37 13.51 13.66 13.79 13.88 13.98 14.09 14.09 13.94 14.04 14.45 14.44 14.27 14.23 14.43 14.77 14.98 12.98 12.35 12.18 12.63 14.31 14.40 14.48 14.38 14.08 13.76
8.22 8.28 8.68 9.71 9.05 9.09 9.03 8.93 9.40 9.38 9.24 8.61 8.94 9.38 9.75 9.49 8.31 8.44 9.27 9.19 9.18 9.79 9.79 9.41 9.74 9.68 10.02 10.30 9.93 9.59 9.65 9.49 9.94 10.22 10.54 10.62 10.78 10.91 11.07 11.21 11.30 11.45 16.23 11.74 11.91 12.09 12.15 16.09 16.54 16.41 13.03 13.36 13.46 13.64 13.81 13.93 14.05 14.10 14.10 14.05 14.18 12.07 11.26 11.13 11.39 14.25 14.50 14.84 10.82 10.21 10.92 14.04 14.16 14.32 14.62 14.56 14.24 13.91
8.34 8.34 8.46 8.92 9.81 9.89 9.14 9.10 9.15 9.97 9.49 8.77 8.74 9.16 9.57 9.65 8.73 8.32 9.04 9.21 9.21 9.25 9.77 10.01 10.08 9.81 9.80 10.01 9.66 9.53 9.61 9.48 9.98 10.38 9.90 10.78 10.83 10.94 11.09 11.17 11.26 11.50 11.58 11.71 11.92 12.14 12.18 12.19 12.39 12.67 12.98 13.27 13.36 13.54 13.75 13.94 14.10 14.14 10.10 14.06 8.89 14.26 14.41 9.23 14.29 14.46 11.14 14.51 15.36 10.56 13.74 14.02 14.09 14.09 14.58 14.74 14.48 14.09
8.41 8.44 8.45 8.70 9.65 9.38 9.46 9.03 9.00 9.47 9.35 9.09 8.70 8.97 9.42 9.50 9.09 8.29 8.80 9.24 9.19 9.21 9.89 10.02 9.40 9.72 9.62 9.63 9.44 9.53 9.47 9.46 10.03 10.41 9.96 10.87 10.92 10.94 11.02 11.15 11.34 11.60 11.58 11.71 12.00 12.19 12.11 12.15 12.44 12.77 12.98 13.21 13.29 13.46 13.67 14.03 14.12 14.22 14.25 14.25 14.33 14.36 14.45 9.66 14.36 9.80 10.12 14.48 15.17 12.97 13.69 14.00 14.14 13.88 14.39 14.82 14.70 14.28
8.52 8.49 8.52 8.71 8.96 9.06 9.13 9.23 9.16 8.98 9.25 8.96 8.87 8.87 9.27 9.54 9.17 8.44 8.75 9.21 9.14 9.16 9.28 9.75 9.71 9.70 9.77 9.31 9.54 9.43 9.35 9.87 10.18 9.68 10.78 10.94 10.91 10.86 11.00 11.21 11.44 11.67 11.83 11.94 16.91 12.22 12.14 12.24 12.47 12.82 18.49 13.25 13.29 13.50 13.73 13.95 14.14 14.32 14.40 14.33 14.31 14.37 14.51 14.54 14.51 9.58 10.36 14.35 14.33 13.95 13.49 13.71 13.99 13.79 14.14 14.64 14.70 14.33
8.80 8.54 8.50 8.73 8.85 8.98 9.04 9.11 9.08 8.92 9.10 9.45 9.17 8.85 9.08 9.32 9.15 8.66 8.81 9.23 9.13 9.08 9.27 9.31 9.56 9.66 9.76 9.54 9.49 9.37 9.33 9.43 9.52 9.72 10.05 10.97 10.94 10.99 11.06 11.22 11.47 11.69 11.83 12.01 12.19 12.19 12.21 17.21 12.55 12.83 17.96 13.19 13.38 13.53 13.79 14.02 14.26 14.45 14.51 14.44 14.34 14.34 14.43 14.52 14.41 9.75 10.00 10.16 14.03 13.70 13.36 13.27 13.64 13.77 13.91 14.31 14.62 14.42
9.38 8.62 8.29 8.66 8.81 8.94 9.00 9.05 9.03 8.98 9.03 9.35 9.34 8.93 8.95 9.13 9.12 8.82 8.91 9.31 9.19 9.03 9.19 9.28 9.27 9.32 9.41 9.47 9.39 9.35 9.37 9.47 9.56 9.72 10.86 11.02 11.02 11.03 11.08 11.20 11.45 11.67 11.86 12.08 12.22 12.15 12.22 12.21 12.54 12.80 12.99 18.34 18.38 13.60 13.81 14.07 14.39 14.61 14.69 14.66 14.42 14.16 14.28 9.50 9.68 9.79 9.84 14.14 14.00 13.81 13.46 13.32 13.54 13.78 13.88 13.99 14.37 14.35
9.78 8.96 8.07 8.52 8.85 9.00 9.08 9.13 9.13 9.13 9.13 9.30 9.38 9.14 9.06 9.17 9.15 8.99 9.15 9.47 9.39 9.15 9.19 9.30 9.36 9.44 9.43 9.44 9.42 9.42 9.49 9.65 9.71 9.83 11.06 11.09 11.11 11.15 11.16 11.29 11.54 11.77 11.74 11.96 12.16 12.20 12.15 12.25 17.69 18.05 18.30 18.56 18.81 18.66 13.81 14.06 14.44 14.78 14.93 15.05 11.11 9.14 9.45 10.19 10.37 10.48 10.64 14.19 14.06 13.96 13.54 13.34 13.46 13.70 13.83 13.75 14.04 14.12
10.69 9.13 8.01 8.35 8.87 9.16 9.26 9.32 9.34 9.35 9.36 9.41 9.47 9.39 9.32 9.37 9.33 9.21 9.41 9.69 9.66 9.46 9.35 9.37 9.52 9.65 9.56 9.51 9.56 9.60 9.71 9.87 9.95 10.07 11.22 10.58 10.59 11.18 11.28 10.61 10.92 11.16 11.89 12.14 12.33 12.20 12.26 12.38 12.66 12.91 13.10 13.29 13.45 19.35 19.46 19.25 19.03 14.86 15.13 9.87 10.09 9.55 9.84 11.43 11.66 14.30 14.30 14.26 14.16 14.08 13.68 13.48 13.57 13.63 13.79 13.71 14.36 14.45
11.61 9.59 8.21 8.22 8.70 9.32 9.45 9.54 9.55 9.55 9.56 9.58 9.61 9.59 9.56 9.58 9.57 9.45 9.54 9.86 9.91 9.77 9.57 9.47 9.66 9.81 9.70 9.61 9.68 9.80 9.88 10.03 10.18 10.36 10.64 10.86 10.88 10.71 11.22 10.69 11.01 11.75 11.99 12.27 12.46 12.33 12.42 12.59 12.78 12.94 13.21 13.44 13.55 13.67 19.16 19.48 19.93 20.04 15.24 15.35 11.74 10.23 9.91 10.66 11.08 14.15 14.23 14.32 14.18 14.05 13.84 13.69 13.76 13.92 13.97 13.89 13.70 14.41
12.18 10.07 8.14 8.13 8.45 9.46 9.72 9.80 9.75 9.71 9.71 9.75 9.78 9.78 9.78 9.79 9.80 9.71 9.65 9.94 10.19 10.05 9.80 9.62 9.77 9.92 9.86 9.77 9.81 9.93 9.98 10.11 10.42 10.75 11.30 11.46 11.17 10.92 10.69 11.12 11.62 11.90 12.08 12.47 12.56 12.49 12.55 12.72 12.93 13.05 13.25 13.56 13.69 19.16 19.61 14.09 14.52 15.06 15.29 15.21 14.94 11.38 11.07 10.87 10.70 10.69 14.09 14.39 14.33 14.07 13.91 13.74 13.71 14.02 14.08 13.98 13.90 14.38
11.91 10.61 8.87 8.22 8.23 9.52 10.21 10.21 9.96 9.75 9.81 9.93 9.95 9.98 9.98 10.00 10.00 9.96 9.84 9.97 10.37 10.35 10.04 9.82 9.89 10.01 10.00 9.92 9.93 10.02 10.07 10.17 11.48 11.84 11.89 11.54 11.29 11.07 10.73 10.82 11.79 12.12 12.29 12.57 12.54 12.58 12.60 12.72 12.94 13.14 13.30 13.72 18.89 19.12 13.78 14.14 14.51 15.01 15.27 15.13 14.85 14.78 14.87 14.83 11.25 10.64 13.97 14.26 14.46 14.34 14.13 13.92 13.77 13.87 14.01 14.52 14.44 14.39
11.56 10.94 9.84 8.58 8.11 9.63 11.24 10.48 10.20 9.81 9.88 10.08 10.13 10.16 10.16 10.19 10.18 10.19 10.11 10.08 10.39 10.53 10.30 10.05 10.08 10.15 10.13 10.05 10.00 10.09 10.19 10.33 11.96 12.30 11.15 11.16 11.50 11.21 10.78 10.92 11.34 12.34 12.54 12.56 12.10 12.22 12.29 12.86 13.04 13.15 13.24 13.76 14.45 13.97 13.55 14.02 14.46 14.80 15.12 15.08 14.84 14.82 14.94 14.94 14.90 14.61 14.28 14.32 14.41 14.53 14.38 14.11 14.06 14.08 14.07 14.55 14.45 14.43
10.79 11.41 10.69 9.17 8.21 9.81 12.09 10.41 10.32 10.04 10.04 10.21 10.31 10.33 10.34 10.37 10.37 10.37 10.36 10.32 10.37 10.56 10.49 10.28 10.31 10.34 10.28 10.19 10.07 10.11 10.36 11.51 12.12 11.71 11.25 11.19 11.47 11.28 10.94 11.12 11.54 12.54 12.72 12.13 12.14 12.24 12.85 13.09 13.22 13.26 13.19 13.66 19.92 14.47 13.44 13.77 14.38 14.59 14.91 15.03 14.94 14.86 14.92 15.06 15.06 14.85 14.62 14.59 14.55 15.01 14.76 14.45 14.81 15.01 14.42 14.68 14.55 14.57
10.45 11.20 11.06 9.95 8.94 10.12 11.35 11.16 10.50 10.34 10.35 10.40 10.49 10.51 10.51 10.54 10.54 10.54 10.56 10.54 10.50 10.59 10.60 10.50 10.51 10.54 10.50 10.39 10.28 10.26 10.52 10.70 11.03 11.58 11.34 11.26 11.42 11.32 11.19 11.34 11.70 12.64 12.79 12.21 12.21 12.25 13.03 13.17 13.18 13.19 13.27 13.47 14.30 14.60 13.64 13.74 14.32 14.47 14.74 14.96 15.02 15.07 15.00 15.16 15.26 15.11 14.98 14.96 15.32 15.29 15.30 15.18 15.04 15.18 15.21 14.91 14.80 14.82
10.56 11.13 11.09 10.69 9.69 10.44 11.28 11.22 10.70 10.62 10.67 10.62 10.69 10.71 10.69 10.72 10.72 10.71 10.74 10.73 10.69 10.73 10.75 10.70 10.70 10.72 10.71 10.62 10.53 10.48 10.65 10.80 10.96 11.46 11.43 11.39 11.50 11.45 11.39 11.50 11.82 12.70 12.78 12.97 12.31 12.31 13.02 13.21 13.20 13.20 13.38 13.15 13.85 14.47 13.86 13.84 14.28 14.43 14.67 14.92 14.89 15.14 15.26 15.46 15.26 15.24 15.57 15.57 15.56 15.48 15.40 15.30 15.16 15.21 15.25 15.04 14.93 14.94
