examples/cougarCreek-fire/createInputs/farsite/8a-cougarCreek-3polygonIgnit/cougarCreekFire_08-10-2015_0100_217m_non_neutral_stability_ang.asc
ncols	146
nrows	140
xllcorner	610065.000000
yllcorner	5095217.000000
cellsize	216.586807
NODATA_value	-9999.000000
[rows 84 to 125 of 140, columns 0 to 93 of 146]
307 306 306 306 306 307 306 288 284 285 308 307 281 309 310 309 296 308 307 281 294 306 307 307 308 284 304 286 283 289 273 270 298 299 265 296 272 294 277 291 291 293 293 289 287 287 288 287 272 281 270 283 272 273 268 277 277 275 263 275 263 261 259 257 261 260 258 256 245 248 250 261 249 254 254 252 252 250 251 263 260 259 259 259 259 259 257 255 254 254 254 253 254 254
306 306 306 306 306 307 306 287 284 289 307 292 293 292 310 308 308 288 282 280 298 306 307 306 306 284 283 282 283 300 272 269 297 299 268 273 272 278 292 291 292 293 294 289 287 287 287 287 284 282 283 284 282 279 277 277 278 277 276 276 275 261 271 260 252 251 247 269 255 245 246 262 263 250 249 249 248 247 263 262 262 261 259 259 259 241 258 257 256 255 254 254 254 254
306 306 306 306 306 306 306 306 286 307 306 281 309 287 309 308 287 286 279 289 304 306 307 278 306 284 303 281 283 271 270 285 268 298 269 278 268 267 295 293 280 291 292 289 286 286 287 287 285 283 282 282 280 278 277 277 278 278 277 276 274 273 272 271 250 249 247 256 255 254 253 252 256 254 249 264 246 262 262 262 262 256 261 260 259 258 257 256 256 244 255 255 254 253
305 305 305 305 306 306 306 306 307 307 306 290 308 287 287 286 286 288 279 293 305 306 306 306 279 282 302 280 300 270 300 284 297 298 299 298 296 296 269 267 288 287 290 289 287 287 287 287 285 283 281 280 280 279 279 278 278 277 276 275 274 273 273 272 259 249 248 256 256 269 268 248 251 254 251 251 250 247 246 250 261 258 261 260 259 258 257 256 255 255 255 255 255 254
305 305 305 305 306 306 285 306 307 307 306 289 307 293 285 286 284 279 278 303 304 305 305 305 279 303 301 301 300 300 282 276 269 297 299 269 295 295 266 290 287 285 287 289 288 287 288 286 284 282 281 280 261 280 280 278 277 277 276 275 274 274 273 272 250 251 258 249 249 249 269 247 246 247 262 263 263 264 264 253 262 261 261 260 259 259 259 257 256 255 255 255 255 256
305 305 304 305 305 305 285 306 307 307 305 279 306 308 285 286 283 286 285 303 304 305 305 277 303 302 302 301 301 301 300 279 269 296 298 298 295 294 266 290 287 286 288 289 288 287 286 285 284 283 281 281 261 259 281 279 277 277 276 275 275 274 274 251 260 252 251 250 252 252 250 247 244 243 248 251 251 263 263 263 261 260 261 261 260 259 259 259 257 256 256 256 256 256
304 304 304 304 305 305 305 306 306 306 305 284 306 308 284 286 283 278 277 303 304 305 305 304 303 302 302 301 280 279 279 272 271 297 298 298 295 293 292 290 289 289 289 289 288 286 285 285 284 283 282 281 280 259 281 280 279 278 277 276 275 253 274 252 251 251 252 251 254 254 252 247 265 264 246 246 250 247 250 261 260 260 260 260 260 260 259 259 258 258 257 241 241 239
303 303 303 304 305 305 305 306 306 306 287 284 306 284 283 285 281 303 302 303 304 305 278 304 303 302 283 279 279 279 273 272 270 297 296 296 294 292 292 290 290 289 288 288 262 286 285 285 285 284 283 281 281 262 281 281 280 279 278 276 275 253 253 255 252 272 250 252 258 256 267 248 266 265 265 251 248 263 246 250 249 247 247 260 260 260 259 259 259 259 259 258 256 239
303 303 303 304 305 305 305 305 305 306 285 283 290 282 282 283 280 276 302 302 303 304 282 304 303 302 277 281 282 279 274 298 297 295 294 294 267 292 274 279 290 289 279 288 288 287 286 286 284 284 283 282 281 268 267 281 280 279 278 277 276 275 255 257 253 273 271 250 254 254 267 248 267 267 249 248 247 247 248 253 253 248 261 243 259 244 245 245 259 260 261 260 257 256
303 302 302 304 304 305 305 304 304 304 303 282 304 281 304 281 281 279 302 302 304 304 283 304 303 283 281 281 281 273 276 297 296 294 294 275 293 292 290 290 291 291 289 288 288 287 286 285 285 284 283 282 282 266 268 261 280 259 279 278 276 275 257 260 256 273 272 251 252 253 255 247 268 268 248 247 246 263 255 260 262 262 253 261 260 243 259 241 252 260 249 248 257 258
303 302 302 290 304 304 304 303 303 303 303 303 282 304 304 304 280 279 301 302 304 304 303 282 302 284 281 274 273 274 270 275 268 273 277 294 293 293 291 291 292 292 291 288 287 287 286 285 285 284 283 282 282 281 270 266 265 268 260 278 277 276 256 264 273 260 254 272 252 252 255 249 269 268 249 246 245 245 254 254 253 252 261 255 251 248 248 259 242 242 257 258 258 259
302 302 301 303 303 304 303 303 303 303 304 304 304 281 304 281 280 280 277 302 303 303 302 302 301 300 276 276 299 298 297 269 274 280 295 294 294 294 293 280 292 292 291 288 287 286 285 285 284 283 283 282 281 281 277 280 276 272 270 260 277 276 259 267 273 274 266 257 255 254 257 253 250 250 248 265 264 263 251 255 254 254 262 261 261 251 259 259 259 258 256 256 257 257
301 301 301 301 302 303 303 303 303 303 303 304 303 281 281 280 280 282 277 302 302 280 301 301 301 283 275 275 274 283 298 275 296 296 295 295 294 294 282 291 290 290 290 288 287 286 285 285 284 283 282 281 281 280 280 279 279 279 278 278 263 259 261 259 262 269 272 265 260 259 259 254 255 253 249 248 265 264 245 262 261 263 265 260 262 260 243 258 248 258 258 257 244 257
300 301 302 300 302 302 302 303 303 302 303 303 303 281 303 304 281 280 278 302 302 301 302 302 301 276 275 275 299 299 298 298 297 297 296 295 295 294 292 290 290 290 290 288 287 286 285 284 284 283 282 281 281 280 280 279 279 279 279 278 278 264 260 259 262 273 272 271 271 270 270 270 270 257 253 250 266 265 263 246 262 263 263 263 263 261 243 257 257 257 258 248 255 255
299 301 303 301 301 302 302 302 302 302 303 303 302 282 303 303 281 279 278 302 302 302 302 302 301 275 274 300 299 299 299 280 297 297 280 280 279 281 279 276 291 291 291 289 287 286 285 284 283 282 282 281 281 280 279 279 279 279 279 278 277 276 275 274 270 272 272 272 271 271 271 270 270 257 255 252 248 266 265 246 263 263 263 262 261 261 259 260 258 259 258 256 255 258
296 299 301 302 301 302 302 302 303 303 302 302 302 302 303 303 303 302 302 303 303 303 302 302 276 275 300 300 275 276 298 298 297 281 281 280 279 274 274 281 291 293 292 288 286 285 284 283 282 282 282 282 281 280 279 279 279 279 278 278 277 276 275 274 273 273 272 272 272 272 268 262 260 269 258 254 249 267 266 264 248 250 263 247 246 260 260 259 261 259 259 258 256 255
299 299 301 303 301 300 301 301 302 302 303 302 302 281 302 302 302 302 302 302 303 279 301 274 299 299 299 299 274 276 281 298 297 296 275 274 277 291 289 288 292 297 293 287 286 285 284 283 282 282 282 282 281 280 280 279 279 278 278 277 277 276 275 274 274 273 273 272 272 271 265 263 261 260 262 267 267 252 267 266 249 249 262 262 261 260 261 261 260 259 257 259 259 255
299 299 300 303 300 300 301 301 303 302 302 301 301 301 301 301 301 301 302 301 301 300 299 279 299 299 277 274 273 298 298 281 278 275 273 272 294 292 291 290 289 293 292 287 286 286 285 284 283 281 281 281 281 280 280 287 285 285 277 277 277 276 276 275 276 276 274 272 272 272 272 269 267 268 268 268 266 258 251 249 250 251 262 258 262 262 262 262 260 259 259 258 259 258
298 298 300 304 302 300 301 301 301 302 301 300 300 300 301 300 301 301 280 301 278 298 298 298 299 299 277 274 276 298 298 297 276 274 272 274 281 282 278 268 283 283 289 266 271 286 269 277 283 281 280 280 281 281 286 282 279 282 283 277 276 276 276 275 274 273 273 272 271 271 271 270 270 269 268 268 268 267 255 250 264 263 263 263 262 261 261 260 259 259 259 259 259 259
298 298 300 303 304 301 301 303 301 302 301 300 300 301 301 300 300 301 301 301 300 300 300 299 299 299 276 275 278 298 278 276 275 275 277 273 274 272 267 264 263 285 288 288 277 275 277 284 279 278 280 280 280 280 288 286 284 284 276 276 277 276 275 275 274 274 273 272 272 271 270 270 270 270 269 269 257 256 253 249 250 252 255 255 262 261 260 259 258 257 258 259 258 259
299 297 298 299 303 302 300 303 303 301 300 301 300 300 300 300 300 300 302 279 301 300 300 299 277 298 276 274 278 277 274 274 275 274 273 270 270 270 269 267 267 263 269 279 282 286 285 284 280 276 267 274 278 279 280 288 288 277 276 276 284 284 275 274 274 274 273 273 274 271 271 270 270 270 270 269 268 256 253 250 251 252 253 264 262 261 259 259 259 258 257 257 259 256
299 298 297 298 299 300 299 303 305 301 300 300 301 300 300 300 300 300 301 279 300 300 299 298 276 298 297 276 277 276 273 276 275 273 273 268 270 291 289 281 277 269 274 280 286 283 285 284 282 281 280 278 277 277 279 288 279 278 277 277 285 285 284 282 281 281 279 273 270 267 266 267 267 269 268 268 268 267 266 266 255 252 252 263 262 260 260 259 260 258 257 258 258 256
300 299 298 299 300 300 300 303 306 303 301 300 300 300 299 299 300 299 300 301 301 299 297 276 298 298 276 275 276 276 275 275 273 273 271 268 277 290 290 274 289 270 273 287 278 279 280 282 283 282 280 279 277 276 277 287 280 278 278 277 285 283 283 276 275 275 273 272 270 267 264 261 260 263 268 267 272 272 267 266 265 264 263 262 262 262 261 260 261 261 258 258 258 256
301 301 299 298 300 300 301 304 307 305 300 298 299 299 298 298 299 299 300 300 300 299 296 276 278 297 274 274 278 277 278 272 271 272 270 274 292 291 291 268 271 271 277 278 277 278 285 284 277 274 271 274 278 281 285 282 290 279 278 287 283 282 279 281 274 280 279 277 274 272 270 266 261 260 264 267 267 267 266 255 256 264 262 261 261 262 262 261 260 261 259 258 257 257
300 302 301 297 298 298 299 303 307 307 299 297 298 297 297 297 299 299 299 299 300 299 298 297 297 278 275 276 277 274 275 271 270 273 276 293 293 282 270 269 271 277 278 278 279 285 279 277 276 273 269 272 274 270 259 278 286 279 289 285 282 279 281 273 283 280 276 271 269 269 268 266 261 259 260 261 261 260 257 255 253 263 262 261 260 260 261 261 260 259 260 259 258 258
299 301 303 300 297 297 298 300 306 310 302 298 296 297 297 296 298 298 298 299 299 298 298 276 277 275 275 277 274 273 272 271 270 275 293 293 293 272 268 266 274 277 276 277 279 280 284 283 282 281 281 275 272 263 276 265 285 288 287 285 283 281 284 273 283 279 276 273 269 265 263 262 260 255 255 257 259 261 266 257 255 263 262 262 260 259 259 259 258 257 258 258 258 258
297 300 303 302 297 296 297 297 304 312 302 296 295 296 296 296 297 295 298 299 300 299 277 296 295 274 274 275 272 272 272 272 279 292 292 292 278 267 267 273 275 274 276 277 277 277 279 283 283 281 282 282 279 278 275 275 287 286 287 285 283 281 284 273 280 275 277 275 272 267 265 268 269 266 260 259 261 265 265 264 263 263 262 261 261 259 259 258 257 256 256 256 258 256
295 296 300 302 300 296 296 293 297 308 302 297 295 297 296 296 296 296 297 300 298 296 295 294 294 293 293 294 272 273 293 293 293 293 292 292 269 269 271 275 288 277 275 275 273 274 277 279 281 282 282 283 282 282 276 287 287 283 280 277 275 276 276 259 261 264 265 267 267 268 269 271 267 267 267 266 260 259 259 264 263 262 262 262 261 260 258 258 257 257 256 256 256 256
296 296 297 299 300 298 297 292 295 305 307 300 296 297 297 297 299 297 297 299 300 296 294 294 294 293 293 274 274 275 293 293 277 276 276 269 269 269 275 275 276 276 274 274 274 277 277 276 276 278 278 278 277 273 263 266 271 272 274 274 272 270 267 259 259 259 256 257 260 261 261 258 259 260 262 262 259 258 258 264 263 262 261 261 260 259 258 257 257 257 256 256 255 255
297 297 297 299 298 297 296 296 299 304 307 302 296 297 298 298 298 297 296 298 299 295 297 294 294 293 293 293 275 275 294 275 273 274 272 270 268 272 273 273 273 273 274 278 282 285 280 277 274 273 275 273 269 264 260 257 265 268 273 275 273 269 263 259 259 258 257 256 257 257 257 256 254 253 255 257 256 265 264 255 262 261 261 261 260 260 259 258 257 257 256 256 255 255
298 298 297 296 297 298 298 299 299 301 305 303 297 298 298 297 297 296 294 295 295 295 294 294 296 294 293 293 293 293 273 273 292 274 269 268 272 274 289 270 288 274 280 285 285 285 285 277 274 270 270 266 265 261 265 264 256 257 261 270 268 262 259 258 258 257 257 257 257 258 258 259 260 256 255 255 252 251 264 262 261 261 261 260 260 260 259 258 258 257 257 257 258 254
297 297 297 297 300 300 302 302 300 300 303 303 301 300 300 297 296 295 293 293 294 294 293 296 296 294 293 293 292 292 272 292 274 271 269 270 273 290 268 269 288 276 287 280 279 275 272 272 271 269 267 265 262 261 264 264 262 261 255 261 263 256 254 256 259 258 256 256 257 259 260 261 261 258 255 254 253 264 263 262 262 261 261 260 260 259 258 258 258 257 257 257 257 258
298 298 298 298 299 299 298 300 300 302 301 302 302 301 301 299 295 297 294 293 297 294 294 296 294 293 293 292 292 292 292 291 290 289 270 275 290 270 267 271 288 288 277 275 272 268 267 271 270 268 266 263 261 265 264 264 262 262 261 255 259 255 252 254 257 260 259 258 258 258 258 258 258 256 254 252 264 263 263 263 263 262 261 261 260 259 258 259 257 256 257 257 258 258
298 298 297 297 296 297 299 300 299 300 299 300 302 304 304 297 294 294 294 293 296 294 294 295 293 293 292 292 292 292 291 291 290 289 289 274 269 268 268 273 288 288 276 274 272 266 265 267 267 264 264 264 265 264 263 263 263 262 260 253 255 253 252 252 253 256 258 260 259 255 254 257 256 256 255 253 264 263 263 262 262 262 261 261 260 259 258 258 260 256 256 256 256 258
299 299 298 295 296 297 301 301 300 301 300 301 303 307 308 298 291 293 293 293 293 294 295 294 294 293 292 292 291 291 291 291 291 290 290 270 288 267 272 287 287 288 275 272 267 266 266 266 266 262 262 264 264 263 263 276 262 261 273 255 271 252 270 252 252 251 253 258 260 256 252 256 258 258 265 265 264 263 262 262 262 260 260 260 260 258 260 257 259 256 256 258 257 257
299 299 298 297 297 297 299 301 302 302 300 296 296 299 307 300 294 292 295 292 293 294 294 293 292 292 292 291 291 291 291 291 293 290 289 268 267 287 287 276 287 274 272 267 266 265 266 266 263 262 262 263 277 277 276 275 274 273 273 271 254 270 252 269 250 250 251 253 260 260 253 251 253 255 265 265 264 263 262 261 261 260 260 260 259 258 260 257 259 259 259 258 258 257
299 299 299 298 295 298 299 299 300 301 298 295 291 292 302 304 298 296 296 293 293 296 293 292 292 292 292 291 291 291 291 290 293 292 288 287 286 287 287 287 287 270 268 266 266 265 267 264 263 262 261 261 277 276 275 275 274 273 272 271 270 252 252 251 268 250 252 251 255 261 257 251 251 251 253 264 264 263 262 260 260 260 259 259 259 260 260 260 259 259 259 259 258 258
299 298 297 296 296 296 298 297 297 299 299 296 293 296 301 305 302 297 296 293 296 296 294 293 292 292 291 291 290 291 290 293 292 289 287 287 287 287 287 286 269 267 268 268 268 268 267 263 262 262 261 260 261 276 275 274 273 272 272 271 270 253 252 252 251 250 251 250 251 259 259 252 251 253 264 264 263 263 261 260 260 259 259 258 258 259 259 260 260 260 259 258 258 257
299 295 298 299 294 294 294 296 296 298 299 299 297 298 300 303 304 299 296 297 296 293 293 292 292 292 291 290 290 293 291 293 292 291 287 287 287 287 286 270 285 267 270 269 270 267 264 262 262 262 261 261 276 275 274 273 273 272 271 271 270 270 253 253 252 251 267 249 249 253 257 259 265 264 264 263 263 262 261 260 260 259 258 257 256 256 258 258 259 259 259 258 257 257
299 294 294 297 293 295 293 293 295 297 301 300 298 294 298 301 304 300 296 293 297 293 292 291 291 292 291 291 290 293 294 290 289 287 286 286 286 285 285 284 283 267 268 268 268 282 281 262 262 263 262 261 276 275 274 273 272 271 256 271 271 270 254 253 268 267 266 250 250 250 252 253 253 263 262 262 262 261 261 260 259 258 257 257 256 255 255 258 258 258 258 257 257 257
299 298 292 292 296 296 297 298 296 296 300 301 298 297 296 298 302 300 296 296 296 296 292 291 290 291 291 291 290 293 293 289 288 286 286 286 285 285 284 282 282 267 268 267 282 263 280 262 263 263 262 276 275 274 273 272 271 271 270 270 270 270 269 268 268 267 266 266 251 251 252 250 263 262 261 261 261 261 261 260 259 258 256 256 258 258 258 258 258 258 257 257 257 257
299 299 297 291 291 295 296 298 297 293 298 302 300 297 292 296 301 301 297 296 296 292 292 294 290 290 291 291 289 290 292 292 287 285 286 286 285 284 283 283 282 282 269 281 280 279 279 262 262 261 276 275 274 273 272 271 270 270 270 270 270 255 255 255 253 267 267 265 257 263 255 263 262 261 260 260 260 261 260 260 259 257 259 258 258 258 258 258 258 257 257 257 257 256
