examples/cougarCreek-fire/createInputs/farsite/8a-cougarCreek-3polygonIgnit/cougarCreekFire_08-10-2015_0000_217m_non_neutral_stability_vel.asc
ncols	146
nrows	140
xllcorner	610065.000000
yllcorner	5095217.000000
cellsize	216.586807
NODATA_value	-9999.000000
[rows 70 to 104 of 140, columns 0 to 77 of 146]
7.67 8.02 8.88 11.79 9.50 8.16 8.18 9.23 9.80 9.95 9.05 8.50 7.29 6.34 6.64 8.00 6.57 6.78 9.48 7.53 7.53 9.58 8.63 10.60 9.00 7.18 10.48 13.45 11.23 12.50 14.16 11.70 8.03 9.71 12.53 13.67 13.95 11.78 13.07 15.82 17.46 17.31 15.81 11.74 10.68 10.08 8.99 9.45 10.96 10.89 12.83 12.67 12.82 11.96 13.67 13.55 12.42 11.79 13.51 16.04 18.19 16.34 15.80 15.47 15.24 9.59 9.89 11.33 14.46 15.34 18.27 14.61 12.70 12.90 12.41 11.97 11.74 15.39
7.74 8.37 9.24 9.19 9.42 7.95 8.28 8.64 9.81 9.45 9.53 9.60 8.23 7.60 9.05 7.83 6.53 6.97 9.70 7.66 6.79 9.90 7.43 9.10 7.13 7.55 11.02 11.83 10.72 13.06 14.02 10.07 8.81 8.71 12.84 13.67 11.65 11.28 12.99 16.63 16.64 13.47 14.53 13.67 10.84 9.98 10.13 8.30 10.60 10.72 10.87 12.55 11.15 11.92 11.51 13.60 13.05 11.85 12.17 14.39 16.43 18.35 16.34 15.91 15.49 15.37 15.04 8.36 10.87 14.78 15.41 15.86 12.69 11.60 11.43 12.19 12.85 12.24
8.10 8.82 9.33 9.03 9.10 8.08 8.73 8.89 9.73 8.98 9.83 9.78 10.80 11.11 7.25 7.37 6.39 7.09 8.26 7.73 7.55 7.43 7.55 9.21 7.35 10.69 10.90 10.62 11.81 13.57 13.39 9.10 7.58 11.66 14.22 13.61 10.57 9.34 14.03 15.38 14.62 12.92 12.16 18.04 8.69 10.06 10.31 8.46 10.31 12.37 10.64 12.55 9.46 13.19 13.41 13.49 13.40 12.52 11.80 12.86 15.21 16.50 17.07 14.15 12.96 15.50 9.10 14.76 14.47 11.75 15.13 13.68 11.60 10.00 9.84 11.30 13.91 13.62
8.56 8.99 9.17 8.91 8.49 8.20 8.73 8.70 8.70 8.49 9.38 9.62 10.68 9.12 6.92 7.03 6.37 7.21 7.79 7.79 7.58 7.63 7.81 11.52 7.59 11.19 12.64 12.10 13.77 10.15 11.96 8.36 7.68 12.04 13.61 13.62 9.02 8.05 13.82 15.23 15.55 12.54 11.71 17.76 12.95 10.24 7.40 11.16 11.21 12.25 10.51 12.55 9.25 12.81 12.27 13.49 13.51 13.07 12.04 12.18 13.96 15.81 17.51 15.43 13.61 12.90 13.45 10.67 9.15 9.05 9.58 10.17 10.70 10.66 10.66 11.91 14.17 13.92
8.71 8.81 8.85 8.78 8.32 8.50 8.78 8.76 7.88 8.14 9.17 9.72 8.46 9.49 8.74 7.05 6.41 7.25 7.92 7.84 7.66 7.83 7.96 9.62 7.83 11.20 12.12 13.32 10.84 12.75 9.51 7.90 9.06 10.96 13.80 13.30 8.92 8.38 13.95 16.18 16.01 11.85 12.47 16.27 13.26 11.04 9.81 10.58 11.22 12.14 12.51 9.02 9.16 12.67 13.20 10.71 13.67 13.44 12.54 12.27 13.23 14.90 16.18 16.95 13.04 12.24 12.62 13.01 12.60 14.21 15.97 14.29 14.24 15.29 12.84 12.83 13.95 14.06
8.65 8.66 8.76 8.83 7.88 7.97 8.42 8.50 7.84 8.91 9.28 10.43 8.88 8.84 8.64 7.31 6.68 7.50 8.12 9.19 7.82 8.02 8.05 7.93 10.84 10.62 12.44 9.82 12.53 11.43 10.34 8.07 13.21 11.26 13.37 10.14 8.73 9.92 13.70 15.54 15.86 10.91 11.29 11.71 13.04 13.20 12.32 6.75 11.69 12.29 12.51 12.62 10.58 12.67 13.10 13.46 11.62 13.51 12.91 12.63 12.93 14.18 15.66 17.01 13.96 13.37 11.81 13.21 12.74 13.03 14.50 15.15 15.14 14.29 15.01 13.64 13.48 14.59
8.57 8.62 8.76 8.11 7.47 7.99 8.93 8.16 8.45 9.75 8.22 8.59 8.64 8.39 8.63 7.38 6.96 7.78 11.11 7.97 7.96 8.12 8.15 8.26 10.41 12.03 12.75 12.72 10.66 12.25 11.42 9.24 13.66 13.56 11.49 8.29 8.42 11.05 10.92 14.78 13.93 10.85 10.74 12.92 12.79 13.65 9.58 12.07 11.60 11.99 12.46 12.62 12.65 12.78 13.09 13.57 11.36 13.52 13.22 13.00 12.95 13.85 15.04 15.76 16.71 13.15 12.83 13.09 13.00 11.52 14.59 15.46 15.23 14.51 15.18 16.97 13.29 14.37
8.54 8.60 8.71 7.59 7.69 8.75 9.50 8.30 8.92 10.56 8.43 11.58 8.74 8.68 8.51 7.32 7.16 7.90 8.11 8.02 8.07 8.18 8.34 10.29 8.03 11.78 12.75 12.31 11.98 12.93 11.67 11.10 13.03 12.87 9.81 8.19 9.29 11.00 11.11 15.22 11.38 10.65 10.69 11.54 12.60 13.65 13.22 12.23 11.65 11.90 12.45 12.58 12.55 12.84 13.14 13.60 11.14 13.57 13.57 13.41 10.65 13.64 14.57 15.18 16.59 14.23 14.06 13.84 11.82 11.71 12.30 14.57 16.20 14.95 14.67 14.95 15.14 14.53
8.49 8.55 8.64 7.49 8.11 8.40 9.32 8.75 9.36 10.24 10.42 9.31 8.68 8.70 8.30 7.27 7.36 7.98 8.14 8.08 8.20 8.34 8.64 6.96 6.62 11.56 11.94 12.16 12.29 13.29 13.75 10.63 12.44 11.63 9.02 9.52 9.30 9.85 14.31 16.33 10.50 10.11 10.96 11.28 12.66 13.27 13.12 11.04 11.94 11.71 12.45 12.53 12.41 12.73 13.21 13.68 10.57 11.17 11.29 13.83 13.33 13.48 14.19 14.70 15.48 14.46 13.02 12.93 11.50 14.46 14.13 14.36 13.10 13.71 14.47 14.77 17.23 16.88
8.45 8.50 8.60 7.49 7.99 8.41 9.19 8.33 9.19 9.72 9.55 8.63 8.71 8.68 7.96 7.25 7.62 8.10 8.16 8.15 8.38 8.59 11.49 8.74 8.13 11.26 11.86 12.42 12.24 13.01 12.83 9.70 10.41 12.04 8.89 9.49 9.34 9.87 15.41 16.01 10.46 9.93 10.43 11.16 12.29 12.33 12.74 13.21 10.54 12.21 12.17 12.50 12.19 12.49 13.35 16.16 13.80 10.25 13.67 14.06 13.79 13.57 13.91 14.22 14.84 17.03 11.42 10.85 10.73 14.58 14.27 14.61 14.64 11.98 14.64 15.88 14.74 15.45
8.39 8.45 8.58 7.03 8.02 8.34 8.46 9.03 9.29 9.60 9.47 9.34 10.16 8.62 7.71 7.40 7.93 8.15 8.17 8.31 8.56 8.80 6.90 8.52 5.85 11.04 11.86 8.47 12.49 10.02 13.01 11.06 11.02 12.97 8.91 9.45 9.35 10.10 13.32 14.18 10.54 10.89 10.10 10.84 11.46 11.78 12.45 14.13 14.96 12.61 12.34 12.38 11.91 12.32 13.51 14.18 13.88 8.40 15.13 14.23 14.24 13.94 13.98 10.30 13.91 15.31 13.06 10.59 11.01 11.14 10.90 11.38 14.80 14.54 11.49 12.98 14.30 15.43
8.34 8.41 8.56 6.55 8.25 8.35 8.46 9.66 8.86 8.76 8.71 9.80 10.61 8.50 7.69 7.70 8.10 8.18 8.31 8.50 8.68 9.41 8.87 8.29 6.38 8.65 8.11 8.58 10.04 9.81 10.62 12.20 12.48 12.71 9.00 8.25 8.90 13.75 15.42 10.66 10.56 10.80 11.08 10.17 10.08 11.50 12.36 11.50 15.61 13.02 12.42 12.12 11.66 12.52 13.67 13.30 9.42 13.23 15.51 14.95 14.55 14.39 14.30 13.90 13.19 14.46 17.13 11.88 11.20 11.42 9.40 11.60 11.73 14.82 14.65 14.21 14.07 15.24
8.29 8.38 8.51 6.79 8.26 8.38 8.45 9.84 8.11 7.58 8.24 8.25 10.40 8.35 7.80 7.95 8.15 8.30 8.50 8.58 11.73 7.05 8.64 8.14 6.59 10.44 8.19 8.75 11.18 8.80 10.53 13.65 12.64 10.85 9.09 8.39 9.53 13.02 11.96 10.50 10.58 10.82 11.77 10.48 9.52 10.63 12.00 11.35 18.64 12.51 12.53 11.89 11.79 13.08 13.00 12.87 14.48 10.20 14.17 16.20 13.56 14.66 14.61 14.19 13.49 13.78 15.18 14.19 11.61 13.05 11.85 11.64 15.19 11.04 14.93 10.25 12.48 14.90
8.26 8.35 8.43 8.32 8.30 8.38 8.42 10.03 7.81 7.45 9.43 8.36 9.61 8.27 8.17 8.10 8.24 8.45 8.58 11.14 10.78 6.61 8.38 8.10 6.37 7.90 8.36 8.80 11.57 7.99 13.02 13.65 9.43 9.38 9.73 9.27 13.39 9.98 10.82 10.41 10.77 10.97 10.99 10.71 11.04 10.94 10.63 16.99 15.06 13.30 11.46 11.88 12.43 14.23 11.43 12.31 13.16 14.03 13.44 15.93 15.89 13.99 10.16 14.53 14.05 13.64 14.46 15.71 12.32 12.55 11.58 10.74 15.14 15.95 12.38 11.41 11.55 14.12
8.23 8.30 8.35 8.30 8.34 8.37 8.43 9.98 8.15 8.68 8.16 8.54 7.78 8.21 8.02 8.23 11.76 8.49 8.61 10.89 7.36 8.72 8.20 8.10 7.94 11.14 8.46 11.25 10.65 7.93 11.80 12.14 9.33 9.09 12.10 9.29 14.80 10.09 11.01 10.48 11.12 11.18 10.76 10.83 11.04 11.06 10.74 11.25 14.84 12.80 11.75 12.15 14.68 12.33 11.89 12.59 12.82 13.64 14.23 13.75 15.75 14.51 14.76 14.34 9.75 9.20 14.32 15.63 15.16 12.50 11.10 11.12 12.30 15.65 14.06 12.50 11.47 12.51
8.20 8.25 8.30 8.32 8.38 8.38 8.45 9.43 8.66 10.30 8.34 11.39 6.11 6.93 8.12 8.35 8.45 10.94 10.78 9.72 6.62 8.50 8.08 8.09 8.00 11.30 12.02 11.94 10.84 9.10 9.70 12.14 9.33 9.20 12.38 13.33 13.92 11.45 10.09 10.69 11.61 11.33 10.29 10.57 11.10 11.14 10.93 11.19 12.10 12.74 12.61 12.53 13.02 12.91 12.73 12.86 12.89 13.34 13.77 13.87 14.23 14.29 14.15 15.50 12.95 11.93 13.64 14.44 15.54 14.45 13.37 11.12 10.85 12.84 13.91 13.23 12.84 12.76
8.17 8.20 8.26 8.35 8.39 8.36 8.41 8.42 9.55 8.19 8.52 8.56 8.54 8.66 8.23 8.38 10.51 9.85 9.19 8.08 8.79 8.36 8.03 7.39 8.07 11.79 8.56 11.93 10.83 9.73 9.84 12.28 11.75 9.36 12.12 12.37 13.25 13.50 10.02 10.93 11.36 11.27 9.95 10.37 11.20 11.26 11.08 11.23 11.94 12.61 12.77 12.79 12.71 12.60 12.74 13.07 13.14 13.17 13.67 13.97 14.06 14.04 14.14 14.66 13.66 12.92 14.07 14.58 15.09 15.22 15.78 12.19 11.10 11.79 13.14 14.77 13.76 14.92
8.11 8.15 8.29 8.39 8.39 8.35 8.38 8.36 8.29 8.27 8.62 6.70 8.50 8.34 9.56 10.61 10.82 7.89 9.12 7.07 8.63 8.24 8.04 8.04 10.10 11.46 8.61 12.24 8.98 11.80 8.93 12.43 9.54 9.49 9.23 9.44 9.74 9.72 14.65 14.90 11.64 11.16 10.14 10.32 11.26 11.41 11.19 11.35 11.82 12.45 12.76 12.86 12.64 12.46 12.71 13.17 13.31 13.18 13.58 13.94 13.95 13.99 14.15 14.50 13.96 13.73 14.72 14.28 14.58 14.52 14.79 14.84 12.80 12.13 11.48 11.84 11.48 12.52
8.06 8.16 8.36 8.40 8.38 8.39 9.55 8.36 8.35 8.36 8.65 7.06 8.55 6.48 9.20 10.57 10.68 8.09 9.33 8.81 8.43 8.14 8.06 8.04 11.02 8.36 8.64 8.86 8.95 8.97 13.06 13.73 11.40 9.63 9.30 12.63 9.81 9.87 13.94 10.81 11.18 11.10 10.58 10.49 11.28 11.52 11.29 11.35 11.72 12.33 12.65 12.84 9.78 12.46 12.65 13.14 13.34 13.27 13.54 13.82 13.89 14.01 14.16 14.37 13.98 13.16 13.76 14.26 14.28 14.43 14.53 15.51 13.97 12.10 14.93 14.72 14.91 15.02
8.06 8.20 8.39 8.35 8.37 8.40 9.19 8.37 8.37 8.40 8.65 8.72 8.58 8.21 9.13 10.93 10.50 8.11 8.38 8.70 8.30 8.11 8.07 10.32 8.28 8.45 8.71 8.93 8.96 8.98 9.15 12.12 12.00 9.68 9.42 9.41 9.80 9.96 14.11 10.62 10.84 11.04 10.89 10.73 11.30 11.57 11.29 11.28 11.71 12.24 12.57 12.82 9.99 10.09 12.59 13.00 13.29 13.33 13.50 13.73 13.85 13.98 14.16 13.76 13.32 12.37 12.74 13.75 13.13 13.02 13.73 15.17 16.07 15.28 12.67 11.25 11.38 15.14
8.09 8.22 8.37 8.35 8.37 8.38 8.37 8.40 8.38 8.41 8.66 8.98 8.56 8.22 8.78 11.21 10.26 8.14 8.32 8.59 8.28 8.11 8.08 8.16 8.36 8.60 8.81 8.96 11.07 12.28 12.80 12.64 12.12 9.67 9.52 9.40 9.74 10.02 10.17 10.50 10.74 11.03 11.05 10.87 11.27 11.50 11.25 11.33 11.75 12.14 12.52 12.80 12.82 10.16 12.59 12.86 13.23 13.35 13.43 13.67 13.88 13.12 14.13 14.14 14.04 13.33 11.98 12.61 11.85 11.51 11.66 13.79 14.45 14.93 15.57 13.19 12.63 12.81
8.08 8.23 8.39 8.38 8.41 8.42 8.41 8.43 8.42 8.44 11.29 8.21 8.51 6.27 8.78 10.55 9.68 8.66 8.62 8.53 8.28 8.11 9.92 8.26 8.46 8.78 12.42 11.99 12.25 12.68 12.33 11.43 11.19 9.57 9.52 9.41 9.73 10.05 10.14 10.48 10.83 10.99 11.08 11.06 13.43 11.32 11.27 11.46 11.76 12.08 12.45 12.70 12.75 9.45 12.69 12.77 13.15 13.33 13.37 13.62 13.90 12.94 13.27 12.50 13.96 14.30 13.31 12.21 11.44 10.58 14.02 11.12 14.22 14.84 15.08 13.89 13.08 14.88
8.06 8.25 8.45 8.42 8.46 8.43 8.37 8.45 8.45 8.46 10.60 7.95 6.10 8.09 8.67 9.53 9.49 8.17 8.61 8.52 8.29 8.15 11.15 8.33 8.57 8.91 10.86 11.22 12.79 12.73 10.17 9.43 9.38 9.44 9.50 9.53 13.16 10.02 13.91 14.68 10.90 10.87 15.24 11.30 11.13 11.14 11.33 11.49 11.77 12.08 12.40 12.58 12.67 8.23 8.32 12.75 13.06 13.28 13.32 13.58 13.85 14.06 12.53 11.55 13.15 14.11 14.44 13.51 11.59 11.03 13.92 11.35 14.15 14.77 14.76 13.04 12.59 12.33
8.07 8.34 8.61 8.48 8.50 8.41 8.35 8.49 8.50 8.52 8.67 8.75 8.50 8.83 8.50 9.19 10.00 9.41 8.66 8.56 8.37 8.29 11.25 8.44 8.69 12.75 10.75 11.37 11.39 11.92 9.79 9.36 9.32 9.43 9.56 13.06 9.82 9.95 10.31 10.81 10.94 10.76 11.02 11.43 11.13 11.11 11.41 11.51 11.83 12.15 12.41 12.55 12.67 8.76 8.45 10.05 13.06 10.83 13.31 13.52 13.79 14.10 11.71 10.54 11.32 14.02 14.38 13.98 12.46 11.32 10.66 12.30 14.18 14.78 14.29 13.25 12.39 14.99
8.13 8.48 8.76 5.21 8.43 8.36 8.34 8.49 8.57 8.61 8.70 8.69 9.07 8.59 8.58 8.55 10.05 9.91 8.73 8.65 8.46 8.39 8.46 11.67 8.75 13.13 11.35 11.28 10.03 10.95 11.56 9.14 11.60 13.00 13.03 9.70 9.86 9.93 10.43 11.08 11.01 10.75 11.01 11.34 11.15 11.21 11.48 11.57 11.87 12.20 12.44 12.59 12.68 12.85 7.99 8.87 8.99 8.53 10.51 13.45 13.73 14.10 11.94 10.31 14.15 9.98 12.73 14.39 12.50 11.67 10.41 12.00 14.21 14.74 14.22 15.10 15.58 13.13
8.32 8.61 8.75 8.52 8.40 8.37 8.35 8.53 8.67 8.73 8.77 8.72 8.72 8.21 8.67 8.80 9.70 10.56 8.60 8.74 8.50 8.45 8.56 8.59 8.86 9.16 11.46 9.37 9.14 9.15 9.38 11.50 12.70 13.06 9.57 9.75 9.93 10.03 10.58 15.47 11.06 10.85 10.98 11.08 11.16 11.37 11.60 11.68 11.88 12.24 12.49 12.63 12.69 12.85 7.49 8.93 8.53 8.16 8.22 10.18 13.65 14.05 10.60 9.75 14.42 9.43 9.76 10.63 11.15 11.15 10.48 10.65 14.36 14.27 14.42 14.54 14.64 15.00
8.58 8.63 8.63 8.49 8.38 8.40 8.44 8.61 8.74 8.82 8.83 8.77 8.79 8.76 8.32 8.47 10.23 11.23 8.77 8.74 8.52 11.37 8.64 8.75 9.07 12.92 10.43 9.46 11.65 13.59 9.44 12.99 9.44 9.49 9.63 9.84 10.01 10.19 15.16 11.21 11.08 10.94 10.95 10.92 11.14 11.48 11.70 11.77 11.91 12.27 12.54 12.67 12.76 12.88 13.07 13.20 13.27 13.35 13.43 13.48 9.34 10.89 9.98 10.58 9.99 9.83 14.20 9.73 9.79 10.30 10.26 10.82 10.97 11.43 12.97 14.82 14.47 14.78
8.90 8.69 8.57 8.51 8.46 8.44 8.63 8.68 8.76 8.87 8.86 8.83 8.89 9.29 8.89 8.76 10.39 10.27 8.44 8.67 8.56 8.69 8.81 8.99 9.23 10.45 9.47 11.55 9.17 9.33 9.43 9.45 9.51 9.59 9.71 9.91 10.07 10.27 10.75 11.24 11.16 10.98 10.91 10.86 11.16 11.54 11.73 11.83 11.99 12.29 12.58 12.74 12.83 12.90 13.08 13.29 13.36 13.36 13.43 13.57 13.73 9.34 10.59 10.67 9.96 14.45 14.25 14.19 14.20 14.20 14.18 14.30 14.36 10.72 11.27 13.39 14.27 14.48
8.98 8.68 8.32 8.51 8.38 8.56 8.81 8.69 8.81 8.93 8.88 8.92 9.01 8.73 8.95 8.83 9.47 9.29 8.51 8.58 8.66 8.89 9.06 9.17 9.25 9.67 10.53 9.17 9.26 9.38 9.46 13.95 9.59 9.71 14.45 13.98 15.06 14.76 15.76 15.54 11.33 11.07 10.84 10.79 11.16 11.54 11.71 11.86 12.06 12.35 12.65 12.82 12.84 12.92 13.18 13.39 13.43 13.40 13.47 13.64 13.75 13.91 14.09 14.27 9.25 14.45 14.31 14.22 14.21 14.26 14.25 14.33 14.38 10.47 10.85 11.48 14.17 14.25
8.82 8.80 8.42 8.35 8.62 8.79 8.78 8.78 8.90 8.91 8.88 9.04 9.14 9.03 9.02 8.92 8.83 8.84 8.67 8.69 8.84 9.12 9.25 9.20 10.54 10.71 9.22 9.30 11.44 12.53 9.48 9.56 9.67 14.60 13.84 14.11 14.35 14.91 15.40 15.95 11.70 11.20 10.73 10.73 11.10 11.50 11.69 11.82 12.08 12.58 12.83 12.79 12.75 12.98 13.33 13.47 13.48 13.45 13.53 13.69 13.74 13.83 14.05 14.25 14.40 14.43 14.37 14.30 14.23 14.32 9.61 10.24 10.44 14.23 10.12 10.54 12.23 14.15
8.76 8.96 8.63 8.20 8.65 9.01 8.76 8.96 8.89 8.78 8.84 9.21 9.24 8.37 9.07 8.85 8.84 8.84 8.76 8.87 8.98 11.94 9.27 10.90 9.24 9.29 9.33 9.46 10.45 12.76 13.99 9.63 9.74 9.89 14.12 13.93 14.36 10.30 10.54 11.46 12.15 11.13 10.50 10.66 11.02 11.47 11.67 11.75 12.09 12.83 13.02 12.70 12.66 13.10 13.46 13.50 13.51 13.52 13.60 13.73 13.76 13.80 14.00 14.23 14.40 14.41 14.35 14.38 14.37 9.48 9.48 9.34 9.90 9.87 9.94 13.80 13.91 11.46
9.00 9.03 8.56 8.28 9.05 9.01 8.91 9.13 8.97 8.73 9.09 9.30 9.21 9.16 9.02 8.82 8.94 8.92 8.86 8.97 8.96 9.08 9.16 12.83 9.36 9.43 12.24 10.68 10.32 9.43 9.57 14.45 13.97 13.64 13.17 13.66 9.94 10.22 10.59 11.80 12.32 10.95 10.32 10.59 11.00 11.49 11.60 11.71 12.18 12.95 13.15 12.77 12.68 13.20 13.54 9.77 9.53 9.89 13.66 13.76 13.80 13.82 13.97 14.19 9.52 8.24 9.43 14.43 14.54 14.42 8.73 9.23 9.27 9.39 14.23 14.12 9.38 9.61
8.98 8.91 8.80 8.53 8.83 9.04 9.03 9.07 8.77 8.85 9.21 9.26 9.20 9.17 9.06 9.06 9.01 8.97 7.97 8.96 9.25 9.04 9.09 9.42 9.53 9.53 12.57 11.28 12.60 9.53 9.71 9.87 13.66 13.67 13.36 13.95 14.41 15.03 15.39 15.42 12.03 11.00 10.51 13.18 16.90 11.50 17.46 16.70 12.22 12.86 13.23 13.02 12.86 13.30 7.53 7.62 6.88 7.32 9.66 13.82 13.88 13.89 13.98 14.16 14.39 14.42 14.28 14.43 14.63 14.51 14.30 14.21 14.19 14.15 9.32 13.94 13.92 13.97
8.73 8.91 9.09 8.86 8.63 9.13 9.14 8.94 8.90 8.88 9.33 9.36 9.41 9.24 9.10 9.29 9.16 9.08 9.00 8.94 8.86 8.98 9.21 9.61 9.64 9.59 12.56 11.72 13.15 9.68 13.59 13.41 13.72 13.89 13.23 13.79 14.42 14.51 14.53 13.98 12.42 11.14 10.84 10.93 16.10 16.48 16.48 11.77 17.08 17.56 13.19 13.23 13.21 13.49 10.17 9.26 8.97 9.29 13.76 13.96 13.95 13.92 14.00 14.15 14.37 14.39 14.28 14.42 14.59 14.55 14.34 14.25 14.33 14.28 9.42 13.83 10.02 10.39
8.83 8.94 9.07 9.03 8.75 9.02 9.28 8.86 8.74 9.05 9.41 9.51 9.44 9.16 9.45 9.35 9.23 9.15 9.12 8.85 8.93 9.19 9.41 9.71 11.91 9.63 12.65 11.48 13.26 13.37 12.24 13.13 13.76 13.96 14.10 12.78 13.40 14.45 14.92 15.21 15.50 15.04 15.42 15.94 16.04 11.53 11.62 11.84 17.02 17.75 19.42 17.04 13.57 13.84 13.73 10.21 9.59 13.37 13.80 14.09 10.37 10.09 13.99 14.19 14.40 14.42 14.31 14.41 8.53 9.88 9.27 9.15 14.38 9.57 9.52 13.79 13.83 10.47
