examples/cougarCreek-fire/createInputs/farsite/8a-cougarCreek-3polygonIgnit/cougarCreekFire_08-10-2015_0100_217m_non_neutral_stability_ang.asc
ncols	146
nrows	140
xllcorner	610065.000000
yllcorner	5095217.000000
cellsize	216.586807
NODATA_value	-9999.000000
[rows 42 to 83 of 140, columns 0 to 93 of 146]
280 281 281 281 279 282 280 284 283 285 286 276 270 260 253 249 247 254 263 265 264 256 240 232 241 250 249 242 240 245 240 235 218 198 197 206 216 235 233 238 262 279 280 276 271 267 275 243 236 241 240 245 249 250 250 249 249 250 253 255 256 257 259 261 263 266 268 270 271 273 274 277 281 281 281 281 273 250 230 227 229 228 228 226 225 224 236 250 244 239 238 235 220 215
282 282 283 283 282 249 283 284 285 287 276 266 253 250 247 247 253 258 262 263 258 242 235 236 246 251 244 237 239 242 237 232 222 209 204 203 196 199 185 201 207 231 248 246 238 249 251 239 222 235 244 247 253 258 257 256 255 255 257 259 258 255 254 255 254 254 254 253 253 254 254 256 258 263 269 283 305 303 272 228 229 232 220 230 225 228 232 237 241 242 239 235 221 216
283 284 285 286 286 280 285 285 286 273 259 254 251 252 249 250 249 249 256 256 248 241 238 240 248 248 239 237 241 241 235 234 226 220 216 213 197 185 188 180 194 203 196 204 224 241 245 221 218 231 240 247 253 257 256 252 248 247 251 252 248 243 249 248 247 246 241 236 235 235 236 237 241 248 254 258 280 310 343 35 227 231 234 228 230 220 231 230 233 238 237 235 223 218
285 286 287 288 281 282 284 285 287 255 255 253 257 262 257 251 246 253 263 260 253 245 242 240 245 244 238 239 244 239 233 233 232 233 231 223 207 193 189 185 185 187 194 213 231 238 233 221 230 228 238 244 251 255 253 246 240 242 246 249 241 237 246 246 247 242 231 223 227 226 225 228 232 236 241 244 252 269 332 43 112 230 236 228 233 233 221 234 235 235 235 235 234 221
286 287 252 289 282 282 258 261 255 256 253 258 266 261 254 250 251 268 268 266 260 245 238 230 240 241 241 245 246 238 230 232 234 247 244 235 213 199 196 191 190 193 207 228 235 227 217 207 237 221 232 242 250 251 247 238 233 240 240 243 239 242 244 239 240 237 232 229 230 221 222 219 232 241 239 243 244 246 262 41 67 213 237 232 233 236 237 238 239 238 236 235 234 230
287 255 278 290 290 282 260 255 255 253 258 267 270 265 263 271 279 278 270 264 252 235 232 229 239 242 245 249 245 237 231 231 234 245 252 245 215 196 201 198 193 206 222 232 228 213 207 221 193 198 219 237 244 244 238 234 233 247 242 228 226 229 229 229 230 231 227 228 222 225 224 231 234 243 245 245 244 241 243 265 63 76 240 242 233 238 238 240 241 240 239 237 234 230
287 252 259 263 256 258 254 258 264 259 268 287 274 275 285 284 282 277 269 259 250 237 233 237 245 248 254 251 247 243 236 234 237 244 255 247 212 192 201 203 215 218 231 227 220 205 195 190 183 196 215 237 236 233 236 238 237 222 225 223 221 220 222 225 230 231 229 228 227 225 234 236 238 246 246 244 242 229 242 238 70 52 282 248 235 229 239 240 240 239 241 243 239 235
254 278 256 261 280 255 262 283 284 269 271 289 289 289 281 270 263 258 253 253 251 233 234 247 247 250 253 249 250 251 239 240 246 243 255 245 204 184 207 213 229 246 237 226 220 207 193 186 188 200 215 231 218 217 225 230 235 231 229 228 234 232 231 227 232 235 231 232 235 232 233 236 238 240 242 239 239 240 240 237 222 52 18 269 251 241 229 232 239 239 238 242 240 240
281 262 262 277 276 292 293 287 286 287 290 293 292 280 265 258 257 255 253 254 252 241 240 238 239 244 255 249 254 249 237 244 248 246 256 242 203 189 220 242 260 265 260 241 218 207 195 189 192 204 210 216 223 228 231 237 244 240 231 232 240 237 235 236 231 233 231 235 233 230 231 234 239 238 232 232 231 232 234 231 217 171 9 300 261 249 242 239 238 228 233 232 231 235
280 280 277 278 293 294 287 287 289 291 294 296 294 273 262 259 258 256 255 256 255 252 242 237 234 246 252 262 260 247 238 247 246 247 256 239 209 208 224 247 261 270 278 283 236 224 218 216 221 222 225 226 234 231 241 251 249 243 241 235 236 239 238 239 238 233 224 225 224 222 223 219 229 228 226 222 222 222 229 218 216 206 221 281 285 269 256 247 241 238 222 224 226 231
259 279 259 295 295 287 288 289 277 293 295 276 266 265 262 261 259 258 258 258 257 255 255 273 241 269 268 268 259 242 237 245 244 246 255 234 216 208 231 245 264 270 279 326 351 270 244 247 250 249 244 240 238 237 241 247 244 240 230 235 236 232 235 246 242 237 234 235 234 229 236 233 233 237 236 237 239 238 233 227 222 220 226 245 264 264 262 258 249 243 238 234 233 234
282 279 295 296 287 285 273 273 276 281 272 272 293 288 285 285 284 262 261 260 250 258 255 236 256 272 267 256 246 236 233 242 245 244 252 228 204 221 244 255 259 259 260 298 348 347 281 253 251 253 253 250 246 242 245 241 240 236 232 237 241 237 243 251 253 250 250 248 244 244 251 253 249 244 242 243 229 235 236 230 228 228 215 236 236 244 256 256 254 251 247 242 238 236
288 283 286 285 268 266 285 276 278 278 273 296 290 286 265 266 284 267 265 265 285 283 251 238 257 262 252 244 246 237 233 245 247 241 250 224 201 217 240 246 245 247 243 243 290 329 313 263 254 253 253 254 253 252 251 251 244 237 236 241 244 244 252 259 262 263 260 254 248 248 256 259 255 248 244 243 242 239 236 235 236 234 235 236 238 244 249 250 251 252 251 247 242 239
290 283 285 268 288 282 285 277 273 274 295 293 289 286 269 268 286 268 287 288 259 253 243 250 252 252 246 248 252 239 231 246 247 242 238 229 213 233 238 239 235 231 237 228 220 217 160 271 264 257 252 251 254 256 259 255 250 247 249 249 246 247 253 257 260 264 264 256 251 249 250 252 251 249 248 247 246 243 240 240 239 236 217 228 238 241 245 245 246 247 247 246 244 244
292 296 280 278 296 298 288 273 294 294 290 287 289 288 270 286 287 287 295 262 260 245 243 254 257 252 255 262 256 239 234 244 248 243 241 244 224 238 244 238 234 231 228 228 218 207 205 262 288 284 262 252 252 256 260 257 251 251 252 251 249 248 250 250 250 250 250 250 248 246 245 243 241 243 249 251 249 243 240 240 240 231 241 241 240 226 240 241 242 242 242 242 242 244
294 296 298 295 295 298 288 290 299 299 299 283 299 299 285 285 285 274 263 255 260 245 245 278 259 253 261 264 249 236 239 252 254 248 263 262 230 239 246 235 234 231 223 222 223 217 221 249 273 292 291 270 255 252 253 249 246 248 249 249 251 252 251 251 249 245 241 241 243 243 241 239 236 237 242 245 242 238 238 241 240 242 245 247 246 244 244 245 229 226 241 241 240 241
297 300 300 296 298 292 286 299 298 299 285 285 299 298 276 286 292 296 298 291 283 247 290 289 261 260 280 263 243 241 251 256 255 248 242 258 229 240 239 232 230 227 223 222 219 230 236 241 243 247 271 286 265 251 248 245 245 246 246 247 249 251 253 253 251 249 247 245 244 242 239 239 238 237 240 240 243 238 237 238 238 239 242 245 247 249 250 236 247 245 243 242 241 240
298 303 302 297 300 285 300 299 299 283 286 300 285 298 297 298 298 298 300 300 284 283 293 282 259 281 283 258 243 249 261 257 251 246 239 243 240 241 240 235 235 230 225 226 224 219 225 238 237 234 235 230 233 243 245 245 246 247 247 246 247 248 250 250 248 247 247 247 246 242 239 242 242 241 250 241 224 225 236 237 238 240 241 241 243 245 247 247 246 245 244 242 242 242
294 300 302 299 285 299 298 299 282 288 300 300 300 301 301 302 296 299 302 303 286 284 282 256 280 284 268 255 255 264 262 254 249 246 243 246 249 243 238 237 237 236 233 225 231 231 232 225 222 235 231 220 220 234 241 243 244 245 244 244 245 247 250 250 247 242 239 241 243 242 242 245 251 249 232 230 235 232 227 226 229 235 235 235 238 240 241 245 245 245 244 243 243 243
295 301 303 301 300 298 299 301 301 301 301 302 305 307 306 303 291 303 304 298 289 255 257 284 286 285 282 265 266 264 256 250 251 248 249 248 251 244 239 238 240 238 236 229 229 228 228 227 225 238 235 232 234 239 243 243 247 246 243 243 244 246 250 252 247 241 238 238 240 242 252 250 236 233 240 233 226 226 233 233 226 234 230 232 234 233 233 235 245 245 245 245 245 244
305 307 305 301 300 299 300 301 300 302 304 307 308 305 297 280 305 306 307 297 291 259 254 267 287 285 271 270 269 262 252 252 258 250 253 248 245 245 240 240 240 243 238 237 232 230 229 235 233 241 243 243 246 222 248 248 244 247 230 231 242 244 244 243 243 238 239 246 247 247 244 239 240 242 237 227 224 228 232 237 230 230 236 233 246 236 235 235 246 245 245 245 246 246
308 306 303 301 300 299 300 301 303 307 308 306 305 302 293 294 309 310 302 266 260 258 257 258 286 285 284 272 269 262 256 262 263 251 257 249 245 244 242 241 242 247 246 240 241 241 239 229 227 247 251 251 251 223 252 253 243 252 235 229 245 244 239 238 239 240 247 224 224 235 238 233 231 232 229 229 227 237 235 237 234 248 232 231 246 238 238 236 246 246 245 245 246 246
309 307 303 301 301 302 303 305 309 308 302 302 306 308 305 308 312 311 296 266 294 287 257 260 271 269 285 273 265 262 262 258 258 257 256 249 248 244 242 245 243 248 242 243 242 244 242 252 250 229 252 255 255 255 256 256 255 249 253 235 250 246 248 233 228 228 229 228 246 230 235 235 220 221 233 231 238 240 242 246 242 235 249 248 249 249 248 235 248 247 246 246 246 246
312 310 305 303 304 306 308 309 308 298 293 294 290 304 307 310 315 311 308 268 302 286 261 260 270 284 286 286 269 268 265 256 255 257 255 252 246 246 244 245 245 246 248 251 248 248 245 244 253 251 253 258 259 259 242 260 258 257 256 235 256 255 253 235 236 234 231 229 232 231 232 225 220 223 236 235 246 255 256 254 252 250 247 246 247 246 250 250 250 249 247 248 248 247
313 310 306 305 310 313 311 306 300 296 292 289 281 301 308 315 322 310 309 289 302 302 302 304 266 288 290 288 276 272 262 262 260 256 256 251 244 247 248 245 247 247 256 247 263 261 259 259 257 244 256 259 262 233 265 264 261 259 258 259 243 259 237 235 234 235 241 226 229 233 233 235 222 224 226 234 253 254 251 245 245 244 245 248 253 252 249 250 251 250 250 250 249 247
317 313 309 308 310 312 309 303 298 294 288 282 280 298 307 317 333 314 308 260 286 286 301 303 265 289 291 289 273 263 261 265 261 255 251 250 247 252 247 251 247 246 258 269 268 257 242 241 242 248 242 261 258 267 246 268 265 261 260 260 261 247 245 257 236 235 231 247 247 233 232 227 227 230 230 233 250 251 250 249 248 248 250 252 251 249 241 244 249 250 253 253 251 249
318 315 311 304 305 303 299 298 287 285 279 299 298 303 306 315 343 342 288 287 288 265 302 267 264 303 301 291 268 265 258 263 260 250 249 254 249 252 251 250 250 247 269 271 273 271 268 246 266 247 243 267 267 268 271 244 270 265 262 241 249 248 253 238 250 249 246 251 250 231 232 236 244 245 237 235 238 240 251 251 246 255 260 257 251 242 252 246 250 253 254 254 254 252
316 314 310 298 297 284 283 282 283 283 278 281 276 301 304 313 353 347 261 301 285 266 264 265 268 304 301 292 266 267 261 262 265 260 253 254 254 255 255 253 254 258 251 273 273 271 269 267 267 266 264 269 269 270 271 273 244 270 264 257 252 260 261 246 243 244 242 255 253 250 232 237 238 246 241 238 235 250 253 249 249 250 250 251 252 252 252 250 252 254 254 254 255 253
316 312 308 297 295 280 280 282 282 280 276 276 278 299 303 317 2 345 262 298 303 267 285 269 291 304 296 291 270 265 269 259 269 263 255 263 256 259 257 259 258 255 255 271 272 271 251 250 269 269 271 271 271 243 271 272 274 274 268 262 254 259 260 261 261 251 247 241 256 255 237 237 238 237 237 235 234 250 243 249 253 251 252 255 254 249 249 249 250 257 251 253 254 254
318 313 308 308 294 278 280 291 282 277 276 275 299 273 300 321 12 340 264 297 274 269 302 288 305 304 295 272 265 269 270 268 296 295 257 259 264 262 259 260 256 261 259 252 272 275 270 254 268 268 269 272 265 244 245 271 272 275 273 266 261 243 260 260 261 260 260 256 241 258 257 235 240 239 238 236 235 235 235 239 253 253 233 236 254 254 256 255 241 243 251 254 254 251
318 312 308 308 293 278 280 291 280 277 277 275 275 283 294 323 22 328 281 297 301 302 303 289 305 304 291 271 266 272 269 271 274 257 264 262 264 282 256 263 260 258 271 256 267 275 271 253 269 273 270 273 248 242 271 271 271 273 275 271 265 262 241 256 258 260 260 258 259 256 258 240 241 246 245 238 240 237 240 237 241 244 237 238 251 238 238 237 236 248 233 237 243 245
316 312 309 308 292 281 281 290 277 276 277 275 274 292 285 308 21 316 300 299 302 303 303 278 306 296 274 270 277 289 266 273 273 266 273 264 284 271 258 265 257 260 273 258 255 275 260 270 268 274 269 274 249 273 244 271 271 273 275 274 270 265 256 243 246 247 254 246 249 248 247 246 243 244 243 239 241 242 242 242 242 249 244 239 242 241 239 239 238 251 250 237 239 244
312 310 308 308 290 281 281 280 277 276 275 274 298 265 288 303 337 312 303 302 304 304 304 293 307 294 273 280 289 268 269 273 267 283 274 262 286 270 258 266 260 263 261 256 269 272 274 272 268 267 275 252 251 273 272 248 272 273 274 275 272 268 265 244 247 250 244 243 246 242 238 240 242 257 241 243 242 243 243 243 244 248 247 240 241 241 239 245 245 238 253 250 234 240
309 309 308 292 289 288 288 280 277 275 284 277 272 266 303 329 331 313 306 277 306 306 305 307 297 292 275 292 272 273 264 273 268 288 271 271 287 268 259 264 262 267 264 274 271 256 278 268 279 265 276 276 248 275 274 253 250 273 274 274 274 271 268 258 246 258 250 257 258 243 261 260 239 245 257 244 244 244 245 245 245 247 253 252 242 240 241 240 247 248 239 252 249 233
309 309 308 290 289 287 288 287 277 288 303 302 301 271 310 332 330 312 283 307 307 307 306 307 293 277 277 275 275 270 266 272 271 275 266 291 289 267 279 265 266 268 265 262 273 271 257 280 280 266 277 276 276 275 275 262 251 273 273 275 275 273 270 267 248 249 247 247 259 251 241 248 248 241 244 238 246 245 245 247 244 246 255 252 243 240 240 240 242 248 253 244 252 248
309 308 307 288 288 290 290 287 288 294 306 294 303 304 307 325 324 310 307 308 308 307 307 293 292 280 278 275 271 273 273 266 276 271 275 292 298 269 279 264 280 278 276 274 275 273 259 279 280 267 278 278 277 275 275 262 251 273 273 275 253 275 272 269 256 248 246 246 252 256 245 244 241 240 260 260 260 242 248 248 247 245 245 247 241 254 240 244 241 244 251 253 253 250
308 308 307 287 289 308 289 279 289 292 291 278 304 305 307 318 318 310 308 308 308 307 307 299 289 278 276 275 272 275 275 267 269 266 285 297 298 280 267 269 279 280 277 275 274 272 269 261 279 268 268 279 278 276 274 274 254 251 251 274 276 276 273 270 267 247 248 247 253 263 263 264 243 242 263 262 241 248 254 254 247 245 245 246 245 254 254 241 239 237 238 244 251 252
308 308 307 288 288 308 288 286 288 289 288 278 275 305 311 317 314 310 308 308 307 307 281 307 309 277 276 276 273 275 278 271 268 265 283 296 296 279 271 268 280 280 278 276 274 273 269 266 253 281 269 280 279 276 274 265 275 254 248 273 274 275 275 272 268 255 256 256 255 263 263 264 265 254 249 250 262 262 257 258 251 245 243 244 245 256 256 254 252 252 252 238 240 250
308 307 307 287 288 307 306 287 287 288 285 278 287 306 313 315 312 310 309 309 308 307 299 308 289 276 277 303 274 286 273 267 265 270 284 297 297 280 281 264 279 277 278 277 276 273 270 270 268 281 281 280 278 276 276 276 276 260 261 272 272 274 275 257 271 267 248 258 254 258 257 257 265 265 256 250 265 264 252 259 257 244 257 255 255 257 257 255 253 253 252 251 249 241
308 307 306 290 308 307 307 289 287 286 285 288 286 306 312 313 310 310 309 309 308 282 307 308 294 287 305 303 285 271 283 271 271 267 284 286 282 265 270 292 291 290 276 279 279 274 271 283 273 280 281 280 278 279 280 267 263 274 263 260 272 272 274 274 259 270 256 252 250 257 255 247 255 265 266 267 267 266 253 254 258 260 259 256 255 256 256 256 254 253 253 251 250 239
307 307 306 286 308 307 307 289 286 281 285 307 287 307 311 311 310 309 309 308 282 285 307 308 294 275 305 303 271 274 283 274 273 268 282 283 279 279 277 292 291 291 276 278 280 276 273 285 265 270 280 280 280 282 272 268 263 255 262 263 249 272 272 272 273 272 269 247 250 245 258 256 250 259 266 265 256 267 265 252 253 260 261 259 257 255 255 255 255 254 253 252 252 250
307 307 306 306 307 307 307 288 287 280 288 307 280 308 286 310 309 308 308 283 280 299 307 308 293 308 305 302 272 289 276 276 285 283 280 280 268 294 278 291 291 279 291 277 288 288 288 268 272 269 270 281 283 272 264 267 276 262 262 264 262 250 258 270 272 273 270 255 248 246 251 252 252 252 257 261 259 248 248 251 244 258 260 261 259 256 255 254 254 254 254 253 253 254
