examples/cougarCreek-fire/createInputs/WindNinja/wrfout_d3.2015081100.f17/cougarCreekFire_08-11-2015_1700_217m_non_neutral_stability_vel.asc
ncols	146
nrows	140
xllcorner	610065.000000
yllcorner	5095217.000000
cellsize	216.586807
NODATA_value	-9999.000000
[rows 34 to 67 of 140, columns 0 to 76 of 146]
5.06 5.21 5.50 4.93 4.85 4.72 4.48 6.59 6.48 6.04 5.67 5.86 5.00 3.46 2.23 2.09 3.10 3.72 2.80 0.77 5.75 6.66 8.47 13.59 15.61 22.03 20.40 24.11 23.95 28.96 37.36 37.30 32.94 27.98 27.86 29.71 31.06 30.34 30.07 30.31 30.34 29.67 29.19 29.41 29.25 28.61 27.24 25.08 18.93 19.67 21.07 22.69 24.50 26.71 28.12 29.29 28.68 26.69 25.99 24.90 24.47 22.90 17.68 21.19 20.58 20.01 16.49 15.69 14.29 12.18 12.25 11.87 13.88 14.57 14.69 14.24 13.67
4.54 4.67 5.06 5.03 4.89 4.49 4.26 4.03 6.58 6.09 6.12 6.23 6.58 5.06 2.60 0.85 1.06 1.73 1.17 3.59 8.10 9.46 13.29 16.67 19.49 19.69 12.30 14.68 22.31 33.50 38.35 38.56 34.12 27.58 27.05 28.82 29.57 27.72 25.69 26.17 24.59 24.71 24.98 20.99 21.40 21.01 27.96 26.40 24.43 19.56 20.12 20.53 22.47 24.79 24.49 25.00 26.08 25.31 24.97 24.61 22.97 23.63 22.19 20.91 20.04 16.42 15.55 12.55 12.22 12.25 12.34 14.52 14.76 14.82 14.51 14.10 9.96
4.20 4.32 4.62 5.03 4.62 5.79 5.82 3.76 6.73 6.64 6.52 6.14 5.13 5.54 4.85 3.32 3.01 3.97 5.70 9.27 12.04 12.97 14.98 18.24 19.54 17.08 14.94 16.18 16.27 36.99 37.15 36.77 36.49 29.24 26.84 28.66 28.53 28.01 26.61 26.10 26.30 26.20 20.84 20.97 21.04 20.76 20.40 19.77 25.99 24.32 20.32 20.26 21.38 21.82 21.23 21.22 23.78 23.01 22.81 22.99 23.13 22.81 22.34 21.27 21.25 19.74 15.81 15.30 15.30 18.42 15.26 15.22 14.76 14.25 10.53 10.22 9.98
3.93 3.99 4.23 4.64 4.46 4.16 3.87 7.35 3.45 7.29 6.82 5.52 4.87 6.07 7.06 6.93 7.13 9.14 11.87 13.24 13.33 13.32 15.12 16.69 16.49 14.20 13.24 20.03 28.18 36.37 36.70 35.98 33.52 32.60 30.52 30.82 32.34 30.04 28.84 26.98 26.86 26.20 23.43 20.51 20.47 21.09 21.56 20.30 25.81 24.96 24.46 20.75 21.34 20.26 20.64 21.05 20.41 19.56 18.96 18.70 18.47 17.60 16.80 16.24 15.87 15.59 14.97 14.20 13.41 12.76 13.25 16.81 17.71 11.03 10.73 10.29 10.01
3.83 3.85 4.03 4.38 4.34 4.12 9.11 3.77 7.61 7.34 6.49 5.70 6.75 7.17 7.72 7.38 8.18 9.97 10.37 9.75 10.78 12.16 12.48 14.28 15.30 12.27 11.97 20.39 28.03 26.06 37.64 37.47 35.22 29.84 26.47 26.32 25.79 27.02 26.18 27.30 29.47 29.60 25.51 22.95 21.06 21.44 21.49 20.13 18.68 18.62 25.42 24.99 20.95 18.99 19.72 19.75 19.66 18.90 18.10 17.95 18.28 17.20 16.35 15.88 15.47 15.16 14.39 13.37 12.81 12.52 12.50 12.40 12.16 12.31 13.79 13.99 10.23
3.82 3.86 3.98 4.36 4.29 4.20 10.54 3.83 7.00 6.58 5.77 5.65 5.44 6.39 6.58 6.80 8.07 9.96 10.70 10.92 12.40 11.76 10.71 13.20 14.72 10.45 11.40 18.92 24.18 25.24 37.92 38.84 31.88 29.83 28.38 27.22 27.16 22.23 20.01 20.25 22.88 27.37 26.90 28.51 29.49 28.29 28.03 28.40 26.32 19.01 18.12 25.70 24.82 25.46 21.25 19.32 21.46 20.27 17.99 18.14 17.35 16.90 16.22 16.22 15.84 13.94 13.13 12.55 12.41 12.29 12.05 11.62 11.40 11.34 11.14 10.38 10.45
3.75 3.78 3.92 4.55 4.49 4.27 9.54 3.87 3.67 6.29 5.40 4.56 4.23 5.10 6.67 7.40 9.29 11.56 11.65 10.21 9.83 9.25 11.37 14.85 14.29 10.00 11.68 17.35 19.90 21.51 40.36 38.68 32.91 28.22 27.99 30.64 31.83 29.44 25.55 18.83 21.40 21.51 21.52 22.12 25.26 24.22 24.53 24.68 24.12 24.59 24.12 24.26 20.20 18.62 18.62 19.25 19.50 18.22 18.10 18.46 20.29 16.04 15.81 15.34 14.59 14.00 13.40 12.92 12.68 12.49 12.12 11.60 11.38 11.31 10.92 10.31 10.10
3.77 3.77 3.83 4.58 4.49 9.11 4.43 3.96 3.91 5.76 4.97 4.78 5.15 7.11 8.96 9.03 11.21 11.65 9.54 7.08 7.44 9.69 13.11 16.85 12.59 8.99 11.99 17.19 21.17 26.23 40.17 37.37 32.78 28.28 25.37 26.75 30.29 28.54 26.08 27.58 20.83 28.97 29.46 28.73 26.70 20.15 20.44 19.92 18.63 18.73 18.86 18.24 18.59 19.85 20.66 20.92 20.98 20.43 20.00 20.73 17.29 16.12 15.91 15.37 14.71 14.22 13.83 13.44 13.04 12.71 12.26 11.66 11.36 11.23 10.92 10.26 9.69
3.77 3.73 3.75 3.80 4.22 3.86 4.28 4.03 4.22 4.45 4.91 5.31 6.46 8.99 10.37 11.08 11.17 8.47 6.02 6.63 8.59 11.85 16.46 17.43 10.19 8.71 13.92 19.33 22.77 28.27 35.51 37.41 33.55 26.73 26.62 28.59 28.78 27.22 26.19 25.49 28.54 29.11 29.51 28.94 28.05 28.72 27.02 20.27 18.43 17.28 18.80 16.70 17.28 18.74 18.88 18.54 18.51 18.24 18.41 18.70 17.66 16.45 16.08 15.67 15.08 14.63 14.22 13.80 13.26 12.78 12.39 11.73 11.29 11.19 10.99 10.42 9.66
3.93 3.89 3.89 3.97 4.23 10.82 4.28 4.41 4.59 4.86 5.68 8.35 11.29 11.41 11.87 11.64 9.78 7.99 7.00 7.99 10.60 15.75 17.80 13.86 9.12 11.04 16.52 19.49 20.66 26.46 33.09 34.51 34.05 33.15 29.61 30.28 27.51 26.60 26.47 25.12 25.79 28.30 30.11 28.04 21.40 22.02 21.52 19.50 22.91 18.19 17.15 16.79 17.37 18.63 18.41 18.15 18.36 18.23 22.17 18.92 17.96 16.67 16.25 16.02 15.54 15.11 14.43 13.86 13.31 12.75 12.42 11.75 11.25 11.18 11.14 10.65 9.80
4.25 4.27 4.28 4.31 4.36 5.18 4.61 4.85 5.03 7.01 10.41 11.68 11.32 10.50 11.25 10.96 11.26 10.41 8.22 9.73 12.81 15.66 15.28 13.14 10.58 13.46 17.37 15.87 18.17 26.87 32.79 32.02 31.86 33.18 31.61 32.86 28.36 25.91 26.06 25.89 23.48 24.38 21.11 21.68 22.46 22.96 26.53 23.55 16.17 15.62 16.81 17.06 17.64 18.27 17.98 17.69 17.93 18.47 19.31 19.27 18.01 16.90 16.63 16.28 15.97 15.88 15.37 14.78 14.63 14.29 14.13 13.72 13.18 13.06 13.42 11.06 10.40
4.42 4.50 4.57 4.57 5.35 5.30 5.42 5.38 5.67 11.53 11.60 11.34 9.55 8.30 9.61 11.34 12.25 9.01 7.42 9.37 11.61 14.12 14.55 14.20 12.45 14.21 14.79 12.35 17.34 27.03 32.16 29.64 29.53 31.63 32.33 32.95 31.21 28.27 27.74 27.07 25.90 20.89 21.51 22.70 23.21 26.51 27.44 16.34 12.88 14.89 16.73 20.17 18.06 17.96 17.72 17.03 17.11 19.07 20.52 19.79 18.19 17.17 17.23 17.45 17.78 20.25 20.29 19.42 18.95 19.14 18.83 15.72 15.52 15.51 15.47 15.22 14.86
4.79 4.84 11.65 4.74 5.62 5.71 10.43 9.96 11.58 11.82 11.62 9.99 7.90 8.89 10.59 11.41 10.70 6.91 7.70 9.30 10.90 15.06 17.62 17.58 13.63 12.51 10.98 11.16 18.38 27.13 30.28 28.19 28.68 30.16 34.06 34.00 30.93 28.81 29.11 27.18 21.88 22.20 23.64 27.07 29.41 28.61 24.99 14.72 13.85 14.06 16.43 19.09 19.47 17.92 17.36 16.65 16.73 19.51 21.33 21.26 20.25 18.76 19.25 21.37 21.49 22.06 20.58 19.41 19.80 19.06 17.93 18.27 17.61 15.73 15.60 15.00 16.44
5.15 11.44 7.15 5.09 5.25 6.27 10.83 11.17 11.24 11.89 10.53 8.43 7.39 8.22 8.12 6.50 10.26 7.40 8.27 10.17 13.21 18.98 19.08 17.68 13.16 10.28 8.59 12.07 19.60 25.45 27.22 27.16 28.58 30.04 34.89 35.26 30.66 28.88 28.23 27.07 27.02 29.50 30.05 32.29 29.03 25.21 19.15 14.12 12.03 13.10 16.12 21.04 21.92 18.79 17.99 18.01 17.97 19.54 23.59 26.59 25.56 24.22 24.02 23.66 23.25 22.66 21.54 20.41 19.11 18.21 18.18 18.22 17.99 15.88 15.55 14.94 14.47
5.40 12.15 10.69 10.30 11.89 11.25 11.99 11.05 9.41 10.75 8.58 7.51 6.94 6.34 9.35 10.65 6.71 8.00 8.85 11.05 14.59 19.17 18.25 14.91 11.30 8.50 7.79 12.61 18.11 21.66 24.39 24.78 26.05 30.58 35.92 35.79 29.06 26.61 27.54 24.10 28.13 27.72 25.91 30.90 28.06 25.78 19.54 21.09 12.15 12.58 16.26 20.97 24.76 23.41 22.01 23.25 24.48 27.47 24.18 23.49 24.11 24.95 23.61 20.99 20.44 20.25 19.58 18.95 18.60 19.24 18.84 18.40 17.97 17.94 15.92 15.17 16.21
12.31 7.72 12.16 11.69 8.04 11.47 9.98 6.91 7.17 8.93 8.23 7.73 8.20 8.96 7.16 8.87 10.49 11.84 13.13 12.68 14.16 19.22 17.15 12.56 11.29 8.85 8.77 11.42 13.84 20.68 23.90 23.12 24.31 30.79 36.55 36.09 28.36 27.09 27.61 27.31 27.08 28.20 25.81 25.37 29.15 22.37 26.51 18.12 14.51 14.37 17.83 22.33 22.01 28.25 30.97 30.85 28.78 26.62 24.82 22.63 19.19 18.34 18.15 21.42 23.56 22.00 21.29 20.87 20.09 19.40 19.08 18.70 18.47 16.29 16.24 15.61 15.18
8.78 12.19 11.97 8.59 7.95 6.69 7.11 7.09 7.44 7.59 7.51 7.98 8.75 7.73 11.07 12.99 12.74 13.88 13.50 12.46 13.76 17.33 17.01 16.53 13.48 10.26 9.54 9.89 16.06 21.67 24.50 22.34 25.41 31.48 35.03 36.11 28.74 26.93 27.92 26.00 30.01 28.94 27.18 22.51 21.71 23.30 23.37 21.05 18.46 16.09 19.86 20.47 19.32 21.41 24.87 29.96 23.33 21.24 24.85 23.90 19.66 17.73 16.77 16.75 22.17 23.07 21.85 21.46 20.52 19.84 19.50 19.14 16.73 16.59 16.37 16.17 15.77
9.44 9.39 9.17 7.96 6.99 7.34 7.41 7.56 7.64 7.59 7.98 8.89 9.67 9.74 13.77 13.65 13.25 13.63 12.67 12.46 14.02 14.60 17.17 17.86 13.60 8.43 6.07 11.99 18.56 22.78 22.64 21.83 26.99 31.85 35.24 34.33 26.97 26.78 27.55 26.52 28.98 30.85 29.01 24.53 18.75 19.75 17.56 15.75 17.00 17.06 16.95 17.44 20.37 20.04 25.51 34.48 24.78 21.51 20.65 24.83 23.49 18.84 16.14 15.80 17.02 18.01 19.75 21.56 20.32 15.93 14.88 18.88 15.80 15.30 14.22 13.67 13.39
12.96 9.84 12.10 7.32 7.58 7.74 7.67 7.80 8.34 8.06 8.85 10.18 13.44 13.69 14.40 13.94 13.28 12.64 12.34 13.18 14.16 13.57 14.57 14.19 11.26 9.49 11.52 16.15 18.86 23.48 21.95 21.82 27.33 32.18 35.44 31.81 27.42 28.32 27.72 28.89 31.09 31.96 29.64 25.87 23.71 18.86 16.85 15.07 15.40 15.45 14.19 15.14 18.31 20.17 25.69 25.32 32.18 22.07 27.28 25.55 24.88 23.22 17.68 16.79 16.44 16.48 15.48 15.95 15.58 14.02 13.53 12.71 13.32 13.13 12.66 12.33 12.06
10.53 13.08 7.68 7.86 8.17 8.66 9.86 9.90 9.19 8.16 11.41 14.36 11.95 11.72 11.72 12.14 12.05 11.62 12.24 13.36 14.78 14.27 14.96 17.47 7.56 11.21 11.48 17.39 21.03 24.13 23.01 19.85 25.68 32.53 35.72 30.42 28.15 28.57 30.27 31.55 32.13 32.29 30.14 26.92 24.39 18.81 17.71 15.46 14.94 14.43 13.07 12.50 15.02 16.49 22.36 28.21 32.33 26.49 21.43 21.60 21.30 19.46 17.74 17.33 16.80 16.16 15.99 15.90 14.99 13.89 13.23 13.09 13.12 13.05 12.76 12.43 17.02
11.46 13.66 8.80 9.29 12.61 12.47 10.13 9.19 9.45 9.94 14.37 12.45 11.87 11.32 11.19 12.00 11.90 10.39 11.53 13.11 15.30 15.42 15.50 15.36 10.25 11.84 16.13 18.16 18.97 23.29 22.15 16.80 24.37 32.04 30.76 29.17 25.72 29.58 31.30 31.82 30.40 32.61 32.33 28.67 20.43 19.09 18.15 15.82 15.25 14.67 13.75 12.53 13.21 16.12 21.03 27.68 27.53 22.95 21.01 21.15 20.98 19.12 18.57 18.03 16.86 15.78 15.48 15.59 15.05 14.39 13.72 12.90 12.52 12.71 12.88 12.77 12.54
12.26 11.70 9.86 12.79 10.57 9.94 8.43 9.68 13.19 13.89 12.30 12.21 11.55 11.07 10.75 11.70 12.17 11.20 14.11 14.92 15.57 16.85 16.21 13.12 11.65 14.20 15.95 15.64 17.96 22.78 21.23 16.27 24.27 31.18 35.35 22.63 22.67 24.00 28.08 30.09 29.56 31.06 33.73 31.40 22.59 20.21 17.08 16.12 15.30 14.82 14.56 13.85 13.85 16.30 21.08 24.68 24.21 21.49 20.55 20.63 20.28 19.67 19.30 18.66 17.72 16.32 15.17 15.12 15.01 14.71 14.48 13.57 12.60 12.44 12.67 12.71 12.55
12.57 9.21 10.24 10.40 8.16 8.44 8.50 12.92 12.37 12.14 11.58 11.29 11.77 11.30 10.64 12.25 12.68 13.37 14.98 17.53 16.69 17.36 15.91 12.05 12.19 13.89 13.07 15.25 18.67 22.46 19.35 16.04 23.81 31.10 33.95 30.16 22.32 25.42 28.09 26.53 27.08 27.25 31.20 34.09 30.48 22.94 20.50 17.51 15.40 14.50 14.62 14.83 15.31 16.92 20.17 21.62 21.34 20.90 20.21 19.83 19.60 19.57 19.65 19.28 18.81 17.77 16.02 15.27 15.17 14.94 14.87 14.45 13.50 12.84 12.75 12.71 12.49
9.98 9.58 10.69 8.44 8.09 8.97 9.59 12.80 10.48 10.15 10.09 10.67 11.58 10.81 10.87 12.10 12.34 10.88 18.40 18.68 16.68 17.17 14.56 12.18 12.42 12.65 12.23 17.05 20.42 20.97 16.34 15.11 21.43 27.71 36.34 29.10 22.64 27.66 29.25 25.91 27.23 26.97 29.36 30.57 33.04 25.30 23.27 21.72 17.30 15.18 14.78 14.64 15.85 17.72 19.38 19.68 20.10 20.90 20.30 19.59 19.29 18.90 19.06 19.22 18.89 18.27 17.13 16.16 15.78 15.44 15.12 14.90 14.31 13.60 13.36 13.26 12.96
10.52 9.97 9.13 8.70 9.01 8.88 12.71 10.64 10.16 9.92 8.92 10.84 11.22 10.42 7.68 10.48 12.69 16.24 15.65 15.73 16.25 16.18 13.20 13.54 12.23 10.25 15.43 18.19 21.39 17.82 13.94 16.24 20.81 26.56 37.89 29.75 25.37 27.62 29.42 25.28 29.43 29.91 28.61 27.67 29.75 31.54 29.70 24.78 22.88 19.97 16.73 14.59 18.05 17.94 18.61 18.43 19.40 20.57 20.18 19.74 19.61 18.79 18.64 18.81 18.44 17.91 17.04 16.31 16.00 15.65 15.30 15.05 14.56 14.12 13.95 13.72 16.26
11.05 10.22 9.45 9.70 10.47 11.45 10.95 10.19 9.87 9.13 9.13 11.26 8.32 10.44 11.50 13.23 14.95 17.15 15.43 14.25 15.77 14.06 13.97 13.35 12.03 11.74 17.03 18.71 19.38 14.70 14.37 18.16 22.27 26.81 32.77 31.40 27.55 26.67 25.97 23.68 26.18 28.65 28.15 26.09 25.28 27.27 27.24 24.97 29.56 24.12 22.40 17.07 16.17 18.10 18.51 18.11 19.16 20.26 19.62 19.41 19.49 18.90 18.87 18.77 18.47 18.22 20.68 16.47 16.06 15.55 15.26 15.22 14.63 14.30 16.67 20.44 19.74
11.45 10.46 9.98 10.64 11.24 11.19 10.40 9.70 8.71 7.74 10.58 10.79 10.72 11.36 12.92 14.26 11.87 18.27 15.13 14.31 15.11 15.01 13.93 13.57 11.38 13.23 15.17 17.36 15.32 13.87 16.11 19.73 22.42 26.11 30.05 30.78 29.87 25.78 25.23 24.49 25.02 26.27 26.15 27.35 24.84 24.49 24.62 25.36 26.00 24.18 22.72 27.90 20.71 19.28 20.09 20.17 20.67 21.38 20.25 19.70 19.60 19.10 18.99 21.15 21.73 18.43 18.10 17.47 16.76 15.93 15.43 15.49 17.85 17.81 20.86 20.57 18.00
11.47 10.62 10.47 11.07 10.94 10.85 10.00 9.23 9.38 9.66 10.41 11.53 12.29 11.92 13.51 15.04 21.87 17.57 16.69 16.02 14.63 16.61 14.55 12.14 11.61 14.00 16.70 14.29 14.27 15.59 18.43 20.14 22.07 26.87 29.41 29.17 28.24 25.96 24.64 24.87 24.98 26.15 25.70 27.58 27.61 26.02 26.00 25.62 25.33 23.70 22.11 20.58 19.53 19.45 20.95 22.35 23.78 24.83 24.23 23.27 22.92 22.30 21.96 21.57 18.07 17.86 18.18 18.27 17.68 16.78 18.08 19.36 21.92 21.50 18.82 21.16 20.53
11.15 10.79 10.93 11.22 10.78 10.46 9.35 8.49 9.05 10.09 11.68 11.95 12.28 12.49 10.58 16.17 17.91 16.98 14.92 15.92 14.68 16.28 16.51 12.31 12.12 13.70 13.01 13.77 14.93 16.76 18.85 18.94 20.93 27.01 29.76 26.93 27.14 25.89 24.13 23.92 24.77 25.89 24.48 23.99 27.06 26.07 26.56 25.51 25.23 23.57 21.66 20.47 18.83 17.88 19.55 22.01 21.90 23.83 26.81 29.04 24.52 24.18 23.83 22.74 21.61 20.06 18.39 19.91 20.45 20.97 23.92 23.06 22.64 19.38 21.91 20.92 19.74
10.82 10.86 11.10 11.08 10.46 9.71 8.68 8.50 10.08 10.92 12.24 12.51 12.45 9.77 11.00 21.43 17.89 14.94 16.25 18.23 17.44 17.07 16.81 13.74 12.14 12.99 12.27 14.33 15.56 16.72 17.66 17.89 20.89 27.90 29.03 25.79 25.25 25.60 23.95 23.65 24.70 26.53 24.65 22.72 24.34 24.20 23.81 24.93 25.64 23.70 21.71 20.48 18.56 17.98 17.69 20.88 18.48 23.78 24.52 23.84 21.84 22.61 29.52 28.73 26.99 22.21 21.42 22.50 20.84 25.74 24.78 23.68 23.19 22.94 22.20 20.93 19.68
10.76 10.79 10.93 10.88 10.22 9.46 9.21 10.66 11.61 12.50 9.87 9.23 10.04 10.43 20.33 18.21 17.75 16.53 15.68 18.55 16.21 15.34 16.27 13.82 11.71 11.23 11.73 15.10 16.93 17.11 18.16 20.27 23.16 26.47 26.91 24.82 23.36 24.28 23.38 22.89 24.61 26.83 28.44 23.71 23.30 23.98 23.08 22.12 22.28 25.63 23.52 20.48 18.56 16.54 16.41 19.39 22.90 23.02 22.98 23.35 21.19 20.15 22.17 23.61 24.35 24.44 22.33 20.81 19.79 20.12 23.27 19.46 19.53 19.25 18.81 21.21 17.97
10.46 10.33 10.49 10.83 10.74 10.85 11.84 11.89 12.37 10.22 11.02 11.42 13.70 20.64 17.87 18.09 17.36 15.92 14.66 19.22 15.12 14.54 16.10 14.99 11.94 11.50 13.29 15.33 16.93 16.90 19.00 22.62 23.04 25.04 25.56 23.36 22.14 23.15 22.20 21.35 24.14 26.84 28.75 24.35 23.36 23.54 22.12 22.33 21.28 21.66 24.00 21.12 19.09 17.40 12.87 17.92 21.48 24.04 23.81 25.05 20.99 21.32 21.44 22.00 22.38 23.77 22.85 22.47 18.84 18.59 23.71 22.80 20.08 18.54 18.74 22.43 22.31
9.58 9.57 10.21 11.53 10.39 11.24 11.72 9.62 9.61 9.83 11.57 14.02 17.75 19.78 17.96 18.39 14.83 15.48 15.14 16.51 15.34 15.98 15.78 14.11 11.45 10.60 12.93 18.16 17.11 17.60 20.45 23.81 23.11 23.61 23.93 22.34 20.51 23.10 21.15 19.63 23.86 26.39 28.34 28.39 22.76 22.33 21.50 21.61 20.79 18.32 22.57 22.41 19.53 20.97 17.01 17.05 19.78 23.48 24.85 22.76 27.07 21.20 22.72 21.26 21.30 22.30 20.49 21.80 23.91 24.78 24.58 20.64 22.75 20.63 19.99 23.16 20.63
9.34 9.65 11.15 11.45 12.10 12.04 9.11 9.24 9.79 11.05 14.31 16.96 18.62 19.28 18.21 16.25 14.66 15.19 15.37 17.39 14.92 15.59 15.74 14.15 12.07 9.68 12.57 18.88 18.71 20.17 22.73 23.63 22.60 21.55 22.06 21.39 19.44 22.36 20.04 18.66 24.00 25.09 29.12 24.86 23.85 25.66 25.51 24.92 25.42 19.12 23.31 22.04 20.24 19.00 16.50 16.26 17.56 22.26 25.93 32.04 21.84 24.14 23.12 20.32 20.62 22.26 20.85 19.99 21.12 26.19 25.51 24.26 22.94 21.00 18.00 14.88 17.52
