examples/cougarCreek-fire/createInputs/WindNinja/wrfout_d3.2015081100.f17/cougarCreekFire_08-11-2015_1700_217m_non_neutral_stability_vel.asc
ncols	146
nrows	140
xllcorner	610065.000000
yllcorner	5095217.000000
cellsize	216.586807
NODATA_value	-9999.000000
[rows 68 to 101 of 140, columns 0 to 76 of 146]
10.06 10.61 12.71 13.00 13.06 13.01 13.88 14.47 15.00 14.95 19.15 16.34 16.35 15.74 18.28 16.49 14.58 15.76 15.43 16.04 15.12 16.79 15.65 15.56 12.50 11.38 14.92 19.82 19.89 21.16 22.09 23.36 22.11 20.27 20.26 20.17 19.26 21.17 19.14 18.21 22.16 21.17 27.20 24.17 24.30 23.55 22.92 26.37 22.47 22.89 24.54 20.92 19.68 19.25 18.65 18.15 14.68 19.13 25.69 26.80 28.83 24.54 22.39 23.03 20.27 20.88 19.65 18.90 20.82 23.25 26.57 25.62 21.89 21.30 22.31 16.26 15.23
10.40 11.00 13.52 14.46 15.68 18.34 17.96 17.07 16.12 15.76 19.42 19.68 19.76 15.88 18.55 16.70 14.48 14.69 17.02 15.91 15.58 16.39 16.24 15.22 11.31 11.90 16.98 20.39 20.71 20.25 19.10 22.66 22.70 20.29 19.11 17.71 18.46 20.45 18.72 17.15 18.15 18.62 25.87 27.09 25.14 23.78 23.05 22.79 22.92 22.49 22.31 20.71 20.04 19.50 19.48 17.38 14.46 14.05 22.00 25.80 32.72 22.54 21.23 26.11 23.42 23.99 23.17 18.00 19.35 21.21 23.47 25.55 24.68 21.28 23.97 22.44 20.15
10.31 11.38 14.85 15.17 16.49 19.32 18.49 16.56 15.93 16.39 18.18 18.46 19.88 18.58 19.36 16.83 14.41 14.91 17.01 16.30 16.04 16.02 14.25 13.90 10.47 12.84 17.70 18.20 20.28 17.76 16.54 21.82 22.65 20.63 18.36 16.84 19.39 20.70 18.25 16.32 17.49 19.77 23.08 27.26 25.80 24.02 26.49 26.30 23.32 23.31 21.06 20.54 20.21 22.54 19.94 19.39 14.85 11.19 15.82 25.22 26.83 25.25 22.31 20.90 20.06 26.23 24.79 21.41 18.10 19.60 18.36 22.47 23.08 21.83 22.02 22.09 22.29
10.89 12.76 16.35 17.26 16.43 19.44 18.03 15.48 16.09 17.29 17.12 17.48 15.92 20.50 17.78 16.70 14.32 15.19 16.76 16.55 18.39 14.96 15.73 13.42 13.13 14.71 18.79 20.68 20.07 16.03 17.10 22.27 19.88 19.54 17.54 18.26 20.67 20.16 17.42 15.58 19.18 22.10 21.99 26.14 27.09 24.45 23.49 27.20 23.55 23.56 23.11 20.71 21.55 22.62 23.38 20.35 18.10 12.68 11.28 18.51 27.33 26.67 24.85 22.51 21.14 20.19 19.11 25.00 21.72 18.41 19.50 20.83 23.18 23.25 22.81 21.50 20.99
12.46 14.66 17.08 17.06 16.75 19.38 17.70 15.58 16.78 17.69 16.75 17.09 15.53 15.25 21.28 16.21 14.24 15.52 16.31 16.72 15.97 15.64 16.32 13.27 13.80 15.02 18.99 20.14 17.85 15.72 18.22 22.50 21.48 17.71 15.66 18.69 21.83 19.62 16.17 16.84 21.01 22.58 21.53 20.08 31.28 25.12 23.03 27.17 23.87 22.19 23.55 20.90 24.46 21.50 20.62 20.39 19.87 16.12 11.47 12.89 21.63 27.92 27.09 25.77 25.37 21.55 27.92 19.24 18.45 21.35 18.92 21.57 24.14 25.05 24.26 22.15 19.33
14.33 15.71 16.97 16.81 17.38 18.62 17.78 16.37 18.57 18.53 17.31 17.29 16.20 17.94 21.47 16.01 14.31 15.71 17.07 16.88 16.00 16.04 16.85 12.23 14.57 16.60 18.00 16.96 14.86 19.05 19.96 22.02 20.66 15.70 16.09 19.08 21.88 21.44 15.73 16.69 20.21 22.44 20.24 18.10 27.13 26.46 27.27 22.39 22.59 22.50 23.93 21.22 24.49 20.82 23.41 20.83 20.43 18.59 14.22 12.03 16.51 24.58 25.82 26.47 25.44 24.88 22.72 25.40 25.80 25.33 25.32 25.04 24.72 24.90 23.98 21.50 19.04
15.20 15.64 16.22 16.31 17.21 17.99 17.55 17.84 19.08 18.54 17.46 17.26 16.71 19.69 18.09 15.97 14.23 15.58 17.20 16.71 15.90 16.43 16.93 13.18 15.53 16.74 17.55 13.84 17.61 18.42 21.30 21.42 19.21 16.52 16.22 19.70 21.56 20.78 15.44 15.37 19.00 22.89 19.62 17.49 24.64 27.23 25.06 22.68 22.01 21.98 22.60 25.94 25.04 20.93 21.65 25.24 20.99 20.03 16.86 13.66 14.36 20.39 26.06 25.73 26.66 25.25 24.04 23.10 22.02 19.54 19.02 21.22 20.78 19.91 21.76 20.58 19.31
15.38 15.52 15.95 16.74 17.66 17.13 16.53 17.94 18.70 17.18 15.34 16.16 18.77 19.92 17.83 15.92 14.24 15.71 17.17 17.20 16.07 16.81 16.93 15.92 14.10 16.34 15.82 17.62 17.17 18.41 20.69 20.52 14.83 17.59 17.47 21.32 20.75 18.66 15.83 16.07 18.92 23.69 20.84 19.53 22.27 25.74 24.67 28.04 21.74 21.42 22.64 21.95 24.12 21.35 21.76 21.72 24.28 20.79 18.80 15.99 14.30 17.51 23.63 24.32 26.88 23.82 24.47 22.22 21.49 20.26 19.37 20.16 20.21 19.96 19.65 20.26 20.01
15.37 15.59 15.92 17.49 17.76 16.89 15.81 16.79 17.63 13.97 15.78 16.83 16.76 20.04 17.72 15.59 14.33 15.94 14.92 16.47 16.41 16.87 17.16 17.04 15.04 15.04 14.46 16.04 18.37 17.23 19.07 19.28 14.66 16.46 21.01 21.51 19.98 17.12 17.48 16.97 20.15 23.34 21.41 17.81 20.03 23.93 29.87 23.16 21.73 21.32 22.58 22.09 21.68 21.75 22.01 21.33 24.86 21.04 19.86 17.91 15.51 16.46 21.10 24.31 23.50 25.30 23.94 23.60 22.13 21.63 18.24 17.95 18.94 19.79 18.33 17.49 20.66
15.39 15.62 15.84 17.86 17.24 15.52 15.08 16.77 15.30 13.15 16.09 14.35 16.71 16.92 17.42 15.17 14.48 16.00 16.68 16.56 16.66 16.94 17.73 16.15 17.30 13.92 14.17 15.94 16.76 15.84 17.84 18.81 15.49 17.93 21.49 21.47 19.00 16.63 17.47 17.44 21.89 21.92 20.86 18.53 18.55 22.09 25.29 24.37 22.06 21.24 22.58 22.15 21.83 22.06 22.37 21.69 25.36 21.49 20.83 19.38 19.89 16.83 19.41 22.22 22.18 24.51 22.76 23.24 24.66 21.94 20.45 18.34 17.70 18.99 19.06 19.64 19.81
15.37 15.57 15.72 17.98 16.54 15.14 15.55 17.69 15.02 14.20 15.14 18.86 16.50 16.87 16.81 14.88 14.69 15.99 16.52 16.57 16.88 17.35 18.48 20.07 18.91 13.87 14.87 15.49 15.73 14.92 15.96 20.08 17.39 19.85 21.15 20.44 18.82 16.53 14.58 16.81 23.15 21.62 20.33 18.83 17.73 20.32 23.44 26.20 23.10 21.58 21.63 22.16 21.68 22.20 23.09 23.25 25.96 24.30 24.34 20.88 18.62 17.67 18.73 20.42 22.82 24.77 24.29 24.03 25.04 20.18 19.11 18.79 20.39 19.58 18.71 19.23 17.03
15.31 15.51 15.64 17.74 16.75 15.03 15.71 16.77 15.57 15.22 16.08 18.51 18.52 17.03 16.06 14.64 15.05 15.99 16.34 16.61 17.23 17.87 17.45 17.97 15.51 13.88 14.34 14.69 15.75 14.75 16.89 21.37 19.55 19.05 21.41 20.39 18.88 16.23 13.08 17.47 23.17 21.85 20.83 19.13 18.23 19.72 20.95 23.15 27.12 22.86 21.66 22.24 21.18 21.72 23.64 21.08 22.19 24.51 22.15 22.05 20.38 18.90 18.49 18.70 21.28 21.74 27.03 25.59 25.79 20.79 19.92 19.45 19.01 20.48 17.20 15.94 19.39
15.21 15.43 15.59 18.31 16.50 14.91 15.32 16.02 15.79 15.55 16.14 17.13 15.42 17.08 15.40 14.58 15.45 15.92 16.19 16.84 17.58 18.19 20.83 17.57 18.94 13.99 13.53 18.18 16.23 16.59 16.29 20.01 19.03 17.34 21.57 20.22 19.07 16.53 15.63 19.60 21.89 21.06 21.75 19.99 19.01 19.16 18.50 20.62 23.65 24.13 22.15 22.10 20.70 21.22 23.83 24.74 22.41 25.75 19.89 22.90 21.83 20.57 19.35 21.68 18.75 22.93 27.06 26.57 25.39 24.57 23.36 22.98 19.84 18.99 20.73 18.19 18.15
15.12 15.36 15.56 18.23 14.71 14.94 15.28 15.22 16.53 16.73 16.54 14.77 15.46 16.73 15.04 14.83 15.59 15.88 16.34 17.08 17.68 19.19 18.48 17.15 17.60 14.82 15.95 18.52 18.52 18.93 16.28 17.12 17.22 18.38 21.10 20.79 18.66 14.71 15.46 21.62 21.09 21.40 21.17 21.61 20.28 18.40 16.59 21.08 23.87 25.76 22.69 21.79 20.44 21.44 23.51 23.93 28.07 21.55 19.12 22.33 23.15 22.03 20.85 18.82 16.84 20.38 21.63 26.60 25.33 24.49 25.76 22.87 23.06 19.89 18.99 17.83 17.36
15.06 15.29 15.44 18.25 14.74 14.97 15.17 15.15 17.46 18.66 16.47 15.50 15.95 16.17 14.93 15.11 15.54 16.05 16.62 17.06 15.71 21.80 18.02 16.91 17.29 13.81 16.13 18.92 19.13 19.68 15.77 14.94 17.45 20.20 20.37 20.46 17.91 15.94 19.46 21.25 20.86 21.05 20.17 21.70 21.20 18.67 15.43 19.71 19.71 26.29 23.83 21.75 20.62 22.21 22.54 21.37 22.23 26.56 19.52 20.76 25.29 23.35 22.21 20.59 18.24 18.23 21.90 24.62 25.10 23.13 23.61 22.25 19.00 24.33 19.98 22.86 18.39
15.01 15.22 15.27 14.90 14.83 14.92 15.07 15.01 17.45 18.58 14.59 15.69 18.01 15.69 15.99 15.28 15.68 16.24 16.68 15.70 17.35 20.39 17.52 16.81 17.45 15.16 16.63 18.93 18.43 19.08 13.90 15.17 19.49 19.07 19.06 19.11 15.05 20.48 20.54 21.10 21.25 20.53 20.83 20.84 20.60 19.40 16.95 12.84 21.65 24.87 24.21 21.95 21.73 21.23 24.04 20.04 22.54 22.52 20.76 19.57 21.88 24.44 27.88 22.70 20.43 18.55 20.20 21.16 24.86 23.65 24.37 23.75 18.22 18.87 22.86 22.74 20.94
14.96 15.12 15.10 14.88 14.91 14.87 15.06 15.05 17.17 15.96 14.96 16.01 20.00 15.38 14.98 15.49 12.47 16.22 16.58 16.40 19.43 17.57 17.07 16.75 15.62 12.26 16.80 15.97 18.05 19.60 16.01 17.76 19.41 18.73 17.11 19.09 14.37 20.93 19.77 21.65 22.26 21.10 19.91 20.47 20.72 19.79 17.09 17.87 20.52 25.59 23.23 21.66 19.99 23.23 22.07 20.90 21.07 22.60 20.74 21.88 20.83 22.31 22.00 23.35 27.55 25.03 19.01 19.66 21.72 24.04 25.21 23.97 21.32 18.25 20.89 22.34 22.70
14.91 15.00 14.97 14.90 14.94 14.85 15.01 15.54 16.30 13.53 15.30 14.15 19.72 17.47 15.14 15.64 15.97 14.35 15.97 18.12 19.98 17.17 16.68 16.64 15.83 12.54 13.36 15.20 17.82 19.14 18.57 17.15 19.64 18.43 15.65 14.62 15.42 18.28 20.72 22.46 23.63 21.29 18.87 20.01 21.08 20.13 17.82 17.67 22.08 25.10 23.64 21.91 22.29 22.37 21.88 21.63 21.01 21.39 22.02 21.92 22.20 21.42 22.49 21.66 24.58 23.49 21.08 21.14 20.03 22.07 23.21 25.07 23.65 21.14 20.72 21.69 21.65
14.82 14.85 14.87 14.94 14.93 14.80 14.92 14.96 14.97 14.64 15.56 19.18 15.63 16.17 15.25 15.59 14.80 15.94 18.16 18.25 17.31 16.86 16.35 18.77 16.14 12.43 16.67 14.97 17.37 19.92 18.64 15.53 18.71 18.54 15.71 15.29 16.22 15.63 19.94 22.70 24.49 21.97 18.42 19.25 21.50 20.61 18.41 17.82 20.53 23.95 24.27 22.96 21.94 21.78 22.07 22.28 21.64 21.07 21.71 22.10 21.90 21.75 21.97 22.60 23.41 22.84 21.09 20.01 19.83 20.12 20.23 24.70 24.78 22.76 21.14 20.19 20.52
14.66 14.72 14.90 14.99 14.88 14.78 14.86 14.79 14.64 14.73 15.66 19.77 15.53 16.69 15.17 14.20 14.73 17.92 18.03 19.12 16.95 16.53 16.19 16.22 15.00 13.29 16.86 14.54 18.69 17.06 18.80 15.87 19.76 18.81 17.80 18.22 18.76 18.25 14.98 18.55 24.02 22.59 19.05 18.61 21.37 21.06 18.96 18.27 19.73 22.88 24.13 23.46 21.89 21.03 21.68 22.41 22.12 21.35 21.63 22.10 21.90 21.59 21.66 22.09 21.90 21.95 20.47 20.40 20.02 21.09 21.70 21.91 23.84 23.47 23.47 22.54 22.86
14.51 14.71 15.02 14.94 14.81 14.81 15.37 14.69 14.62 14.79 15.64 19.49 15.52 17.97 15.56 14.13 15.05 19.24 17.84 16.93 16.52 16.24 16.13 16.02 13.99 16.56 17.11 17.90 18.18 18.26 14.70 15.34 19.32 19.23 18.05 15.77 18.81 18.34 16.12 21.14 22.53 22.32 19.84 18.56 20.85 21.09 19.31 18.55 19.63 22.34 23.77 23.66 25.61 20.68 21.09 22.07 22.13 21.57 21.68 21.95 21.86 21.77 21.71 21.79 22.13 22.39 20.94 20.92 20.72 20.08 20.98 20.42 22.84 24.74 21.24 20.54 20.45
14.48 14.75 15.03 14.80 14.73 14.74 15.61 14.66 14.58 14.76 15.54 19.04 15.55 14.82 15.49 13.72 15.33 17.69 17.66 16.72 16.22 16.05 16.00 14.55 16.35 16.74 17.30 18.00 18.06 17.95 18.76 16.65 18.43 19.68 18.43 18.07 18.88 18.85 16.07 20.75 21.37 21.83 20.47 19.08 20.50 20.85 19.47 18.72 19.55 21.71 23.26 23.71 25.70 23.58 20.89 21.71 22.03 21.72 21.75 21.97 21.88 21.76 21.85 22.21 22.11 23.52 22.66 21.53 22.08 21.56 20.23 19.26 19.78 21.55 23.87 24.44 24.10
14.49 14.74 14.93 14.73 14.70 14.67 14.66 14.68 14.55 14.73 15.52 17.79 15.50 14.72 15.93 13.35 15.55 18.97 18.96 16.43 16.06 15.88 15.80 15.88 16.34 17.01 17.51 17.84 16.05 14.92 15.15 16.74 17.77 19.89 18.97 18.10 18.85 19.24 19.66 20.65 21.00 21.53 20.94 19.77 20.51 20.63 19.66 19.17 19.63 21.03 22.52 23.30 22.40 23.95 20.87 21.36 21.84 21.79 21.72 21.99 22.10 22.48 21.68 21.55 21.60 22.69 23.83 23.00 23.74 23.48 22.27 19.28 20.90 22.12 20.83 22.89 22.85
14.41 14.69 14.87 14.72 14.72 14.65 14.65 14.69 14.58 14.73 14.24 18.72 15.18 19.32 16.34 14.32 16.46 15.73 15.99 16.20 15.88 15.69 15.05 15.79 16.31 17.31 14.09 14.81 14.74 14.85 16.63 18.02 18.60 19.66 19.22 18.43 18.91 19.41 19.63 20.55 21.01 21.21 21.13 20.28 18.34 20.38 19.82 19.75 20.04 20.90 22.08 22.77 22.25 24.97 20.83 21.01 21.46 21.59 21.54 21.85 22.17 22.89 22.46 22.96 21.14 21.84 22.84 23.90 24.31 24.81 20.26 21.79 20.09 21.46 21.72 21.83 22.45
14.28 14.64 14.89 14.72 14.74 14.58 14.49 14.68 14.60 14.70 15.04 18.51 18.79 17.06 16.62 15.71 16.34 18.62 15.86 16.00 15.69 15.54 13.21 15.68 16.30 17.44 16.55 15.25 13.96 15.08 19.30 18.58 18.85 19.21 19.07 18.76 15.96 19.36 15.73 16.36 20.94 20.68 16.74 21.06 19.94 19.85 19.94 19.99 20.44 21.13 21.85 22.32 22.23 26.31 25.55 20.99 21.26 21.23 21.26 21.61 21.93 22.04 23.59 23.86 21.55 21.42 21.85 22.71 24.58 24.49 20.59 21.86 20.13 21.18 21.24 22.79 23.02
14.08 14.62 14.99 14.70 14.67 14.45 14.31 14.62 14.62 14.72 15.18 17.28 14.91 16.71 15.05 16.32 15.35 16.55 15.78 15.83 15.57 15.45 13.23 15.63 16.26 13.67 16.13 15.25 15.56 16.67 19.22 18.66 18.62 18.83 18.88 15.10 19.05 19.14 20.30 21.46 20.71 19.75 20.86 21.66 20.25 19.64 19.96 19.98 20.55 21.29 21.72 21.89 22.04 25.95 25.59 24.09 21.34 23.68 21.00 21.27 21.65 22.00 24.61 25.13 23.47 20.89 21.31 21.79 23.49 24.21 23.52 20.88 20.27 21.05 21.44 22.33 23.41
13.98 14.67 15.06 19.45 14.51 14.34 14.14 14.45 14.65 14.80 15.03 15.10 16.54 15.00 15.03 15.04 15.44 15.92 15.70 15.71 15.53 15.36 15.51 12.81 16.16 13.24 15.51 16.61 18.22 17.03 17.46 19.59 17.05 15.07 14.88 19.01 19.15 19.00 20.65 22.36 20.86 19.41 20.28 21.27 20.78 20.23 20.16 19.96 20.44 21.26 21.61 21.59 21.73 21.63 26.11 25.18 25.51 25.84 23.84 21.08 21.41 21.83 24.29 25.50 21.20 24.74 22.08 21.14 22.85 23.60 24.01 21.23 20.14 20.83 20.78 19.82 19.93
14.18 14.72 14.96 14.44 14.40 14.24 13.98 14.31 14.69 14.89 14.98 14.95 15.03 17.76 14.96 17.02 15.79 14.99 18.07 15.63 15.42 15.29 15.38 15.51 16.21 17.15 16.07 18.41 17.38 17.71 18.36 17.35 15.06 14.53 18.66 18.85 19.06 18.93 20.63 17.78 21.29 20.06 20.34 20.46 20.79 21.02 20.77 20.29 20.45 21.19 21.47 21.28 21.32 21.33 26.47 24.98 25.55 26.07 26.03 24.25 21.27 21.59 25.27 26.12 21.72 26.17 25.00 24.30 23.77 23.76 23.89 23.06 19.34 20.08 19.92 20.48 21.00
14.51 14.61 14.66 14.47 14.28 14.01 13.96 14.26 14.62 14.87 14.90 14.84 14.95 17.21 17.65 17.33 15.12 14.04 17.90 15.44 15.23 13.13 15.33 15.54 16.38 13.43 17.25 18.08 15.44 12.99 18.03 14.71 18.22 18.36 18.47 18.66 18.85 19.05 16.18 21.99 21.09 20.48 20.48 20.02 20.50 21.36 21.39 21.05 20.96 21.42 21.70 21.48 21.19 20.96 20.79 20.78 20.80 20.81 20.81 20.85 25.27 24.35 25.55 25.27 26.28 26.22 21.08 25.09 24.94 24.31 23.97 23.26 23.23 22.57 20.84 18.76 20.40
14.97 14.56 14.28 14.35 13.96 13.84 14.08 14.22 14.37 14.72 14.77 14.77 14.91 16.65 14.89 14.82 15.09 15.43 17.96 15.11 15.05 15.31 15.44 15.75 16.38 16.85 17.85 15.34 17.08 17.48 17.74 17.95 18.19 18.21 18.22 18.53 18.83 19.23 20.86 21.88 20.88 20.38 20.21 19.73 20.27 21.24 21.56 21.62 21.59 21.79 22.13 22.11 21.60 21.11 20.97 20.80 20.73 20.83 20.86 20.82 20.80 25.42 24.69 25.01 26.14 21.84 21.38 20.93 20.79 20.69 20.40 20.30 20.25 23.27 22.45 19.67 19.85
15.17 14.66 14.25 14.13 13.90 13.94 14.24 14.14 14.15 14.58 14.57 14.74 14.94 17.32 14.87 14.78 16.01 16.69 17.43 14.74 15.04 15.40 15.64 15.85 16.11 17.56 16.45 16.67 16.94 17.17 17.44 13.01 18.07 18.26 12.99 13.77 13.47 14.45 15.42 17.30 21.63 20.56 19.79 19.29 19.97 21.06 21.47 21.76 22.03 22.14 22.29 22.32 21.88 21.59 21.51 21.13 20.94 21.01 21.05 20.98 20.77 20.76 21.10 21.30 26.59 21.77 21.54 21.14 21.00 20.89 20.56 20.47 20.36 23.50 22.91 21.66 18.69
14.53 14.38 14.25 13.77 13.57 14.20 14.33 14.10 14.21 14.37 14.26 14.75 15.01 14.84 14.85 14.73 14.71 14.82 14.61 14.55 15.00 15.50 15.69 15.66 16.02 16.04 16.36 16.60 15.58 14.24 17.18 17.47 17.83 13.16 13.67 13.30 13.78 13.94 14.93 17.63 22.60 20.64 19.35 18.93 19.46 20.74 21.22 21.56 22.41 22.96 22.59 22.02 21.74 21.81 21.78 21.39 21.24 21.24 21.25 21.24 20.96 20.83 21.05 21.22 21.35 21.52 21.55 21.35 21.09 20.99 25.26 24.24 24.04 20.29 23.73 22.72 20.72
14.11 14.50 14.27 13.01 13.80 14.33 14.13 14.13 14.33 14.02 14.16 14.84 14.98 17.95 14.81 14.60 14.58 14.70 14.50 14.56 14.74 13.86 15.50 15.29 15.80 16.13 16.34 16.45 16.87 13.65 12.34 17.32 17.60 18.03 13.76 13.50 13.08 18.57 19.75 22.40 23.19 20.20 18.98 19.03 19.37 20.45 20.76 21.02 22.39 23.87 23.37 21.97 21.57 21.89 21.81 21.42 21.43 21.48 21.48 21.46 21.18 20.94 21.08 21.29 21.37 21.30 21.40 21.56 21.29 25.83 25.36 25.23 24.43 24.44 24.06 19.79 19.60
14.37 14.46 13.59 12.97 13.81 14.30 13.93 14.24 14.18 13.74 14.09 14.80 14.75 14.69 14.65 14.51 14.54 14.62 14.48 14.58 14.53 14.75 15.09 12.34 15.84 16.08 14.36 16.68 16.88 16.30 16.73 12.29 13.28 14.18 14.95 13.78 17.13 17.80 19.35 22.78 23.55 20.40 19.15 19.26 19.75 20.58 20.58 20.55 22.03 24.26 24.17 22.28 21.38 21.80 21.77 25.78 25.97 26.02 21.73 21.68 21.38 21.07 21.08 21.34 26.60 27.85 26.20 21.54 21.60 21.07 26.56 25.54 25.17 25.10 20.13 19.83 24.17
