examples/cougarCreek-fire/createInputs/WindNinja/wrfout_d3.2015081100.f17/cougarCreekFire_08-11-2015_1700_217m_non_neutral_stability_vel.asc
ncols	146
nrows	140
xllcorner	610065.000000
yllcorner	5095217.000000
cellsize	216.586807
NODATA_value	-9999.000000
[rows 0 to 33 of 140, columns 0 to 76 of 146]
6.22 6.17 6.15 6.04 5.89 5.76 5.66 5.57 5.51 5.20 5.70 6.03 6.80 7.52 8.22 8.97 9.59 10.14 10.71 11.19 11.84 11.98 14.62 15.70 16.36 16.97 17.74 18.65 19.71 20.41 20.29 19.81 19.97 20.31 20.58 21.31 22.14 27.97 24.57 23.37 25.78 25.89 24.02 26.61 27.08 27.36 25.22 25.16 25.09 24.67 23.90 23.12 22.82 22.45 22.18 21.86 20.52 19.24 19.39 19.38 18.51 18.05 17.95 17.60 17.17 16.44 15.99 16.13 16.13 16.00 15.57 14.87 14.40 14.19 14.36 14.38 13.36
6.22 6.17 6.15 6.04 5.89 5.76 5.66 5.57 5.51 5.20 5.70 6.03 6.80 7.52 8.22 8.97 9.59 10.14 10.71 11.19 11.84 11.98 14.62 15.70 16.36 16.97 17.74 18.65 19.71 20.41 20.29 19.81 19.97 20.31 20.58 21.31 22.14 27.97 24.57 23.37 25.78 25.89 24.02 26.61 27.08 27.36 25.22 25.16 25.09 24.67 23.90 23.12 22.82 22.45 22.18 21.86 20.52 19.24 19.39 19.38 18.51 18.05 17.95 17.60 17.17 16.44 15.99 16.13 16.13 16.00 15.57 14.87 14.40 14.19 14.36 14.38 13.36
6.20 6.11 6.05 5.92 5.76 5.62 5.49 5.39 5.31 5.29 5.39 5.63 6.31 7.01 7.74 8.46 9.05 9.65 10.32 10.95 11.77 11.81 14.39 15.17 15.74 16.50 17.40 18.40 19.36 19.72 19.58 19.42 19.91 20.43 20.76 21.42 22.07 22.46 22.70 23.00 23.42 23.53 23.75 24.23 24.67 24.85 24.42 24.36 24.46 24.13 23.65 23.18 22.89 22.42 22.06 21.37 19.71 18.86 19.38 19.31 18.42 17.98 18.01 17.70 17.06 16.27 16.17 16.49 16.39 15.96 15.13 14.39 14.13 14.17 14.52 14.35 13.08
6.20 6.06 5.95 5.81 5.66 5.50 5.34 5.21 5.11 5.06 5.10 5.22 5.75 6.37 7.07 7.73 8.30 9.00 9.82 10.64 11.59 11.48 13.99 14.57 15.16 16.04 16.93 17.92 18.61 18.66 18.83 18.99 19.69 20.52 20.88 21.37 21.91 22.39 22.61 22.84 23.10 23.15 23.61 23.93 24.19 24.11 23.21 23.42 23.94 23.79 23.48 22.99 22.58 22.13 21.62 20.36 18.59 18.52 19.19 19.16 18.70 18.12 18.24 17.92 16.87 16.44 16.81 17.06 16.61 15.70 14.62 14.11 14.12 14.44 14.74 14.25 12.82
6.31 6.14 5.99 5.81 5.60 5.39 5.19 4.43 4.43 4.00 4.85 4.89 5.35 5.89 6.49 7.14 7.77 8.53 9.45 10.30 9.67 10.98 12.07 14.20 14.96 15.79 16.38 17.30 18.08 18.47 19.17 19.02 19.41 20.49 20.80 21.16 21.88 22.70 23.11 23.11 22.96 23.22 23.74 23.63 23.74 23.64 23.18 23.83 24.45 24.18 23.36 22.51 22.13 23.84 20.81 19.44 18.30 18.92 19.33 19.38 19.33 18.54 18.52 17.80 16.89 17.23 17.44 17.10 16.22 15.20 14.64 14.50 14.59 14.79 14.66 13.91 12.54
6.38 6.20 6.06 5.88 5.64 5.39 5.16 4.96 4.78 3.80 3.68 3.16 5.02 5.48 6.04 6.70 7.37 8.24 7.55 9.93 9.27 10.41 11.44 13.71 14.80 15.51 15.95 17.10 18.24 19.02 19.31 18.47 19.17 20.54 20.63 21.06 21.92 22.70 23.05 22.82 22.66 23.32 23.68 23.30 23.45 23.77 23.83 24.28 24.50 25.30 24.39 23.49 21.58 20.83 20.04 19.31 18.88 19.63 19.93 19.80 19.58 18.95 18.41 17.41 17.46 17.97 20.17 16.80 15.69 15.14 15.16 15.00 14.86 14.69 14.18 13.34 12.24
6.46 6.22 6.04 5.91 5.74 5.51 5.27 4.60 4.22 3.63 3.65 3.45 3.09 5.18 5.74 6.36 7.09 7.98 7.12 7.97 8.91 9.83 10.95 12.48 14.49 15.41 16.11 16.89 18.26 19.31 18.63 18.12 19.74 20.67 20.24 20.96 21.88 22.26 22.67 22.62 22.73 23.45 23.82 23.23 23.71 24.48 24.80 25.35 25.71 24.82 26.97 21.30 22.87 20.32 20.08 19.97 19.73 20.14 20.22 19.82 19.62 21.56 20.81 17.65 18.30 20.45 17.39 16.48 15.59 15.60 15.60 15.07 14.61 14.19 13.68 13.04 12.35
6.69 6.41 6.19 6.04 5.87 5.64 5.35 4.92 4.98 4.48 3.97 3.67 3.09 3.36 4.43 6.12 6.89 6.31 6.71 7.63 8.62 9.65 10.96 12.49 14.39 15.40 16.08 17.00 18.43 19.40 18.22 18.16 19.94 20.00 19.57 20.81 21.52 21.61 21.84 22.33 22.98 23.64 23.40 23.47 24.22 25.03 25.22 25.12 24.72 27.17 23.29 22.38 20.85 20.43 20.53 20.32 20.05 20.24 20.15 19.77 21.67 21.22 18.01 18.43 18.63 20.59 17.27 16.36 15.89 15.90 15.46 14.66 14.18 13.92 13.62 13.05 12.47
6.93 6.69 6.49 6.33 6.14 5.04 5.62 4.41 4.52 4.37 3.84 3.62 3.39 3.16 3.97 5.85 5.39 6.10 6.45 7.30 8.65 9.70 7.04 8.14 14.02 15.35 16.17 17.18 18.34 18.97 18.48 18.74 19.80 19.01 19.24 19.79 20.47 20.60 21.22 22.43 23.82 23.89 23.32 23.86 24.59 24.21 23.97 23.83 23.45 23.03 22.66 22.85 22.71 21.84 21.71 20.29 20.33 20.37 22.09 19.56 20.79 18.78 18.82 18.99 20.87 20.43 19.73 18.43 16.12 15.77 15.03 14.29 14.12 14.04 13.59 12.82 12.38
7.15 6.85 6.65 6.52 6.34 6.49 5.82 5.02 4.61 4.20 3.80 3.58 4.42 3.32 3.68 4.51 5.27 6.18 6.10 4.21 4.94 9.59 10.83 12.04 9.33 15.40 16.36 17.38 18.08 19.20 18.89 18.58 19.07 18.68 18.60 19.34 19.95 20.36 21.55 23.70 24.84 24.23 23.70 24.62 24.84 23.87 23.24 23.28 23.48 23.37 23.64 22.89 22.47 21.18 20.22 20.67 20.71 20.38 21.33 19.23 19.19 19.58 19.56 21.20 20.60 19.91 19.13 18.21 16.12 15.49 14.75 14.27 14.24 14.03 13.30 12.51 12.57
5.59 7.15 6.85 6.68 6.50 6.31 6.76 6.09 5.43 4.84 4.21 3.69 3.49 3.64 3.54 4.14 5.29 6.80 6.11 7.25 4.78 5.53 10.47 11.89 8.88 14.03 17.44 17.92 18.29 19.59 18.98 18.42 19.13 18.68 18.26 18.78 19.77 20.76 22.45 24.46 25.00 24.39 24.43 27.94 28.07 26.30 23.61 23.83 24.01 26.90 26.71 24.86 20.14 19.69 20.94 21.55 20.95 21.07 19.70 19.47 20.03 20.61 21.85 21.17 20.13 19.62 19.46 18.66 16.01 15.24 14.64 14.34 14.13 13.80 13.07 12.54 13.04
7.80 7.57 5.97 6.24 6.48 6.87 6.37 6.75 6.05 6.55 5.86 4.03 3.52 3.58 3.56 3.94 6.02 5.61 6.27 7.16 4.27 5.35 6.14 11.85 13.82 12.26 18.06 17.23 17.84 19.52 18.70 18.40 18.75 18.03 17.77 18.57 19.80 21.05 22.37 23.97 25.21 26.57 26.37 26.87 27.62 26.86 23.71 23.98 26.51 26.68 25.06 20.61 19.37 20.74 21.83 22.52 21.71 21.24 20.25 20.10 20.71 22.28 21.69 20.99 20.58 17.97 17.19 16.45 15.84 14.99 14.49 14.26 13.98 13.61 12.98 12.79 13.41
7.99 7.88 7.83 6.75 6.73 6.92 6.67 7.33 6.94 6.19 6.92 6.12 4.41 3.67 3.63 3.90 5.05 5.11 6.04 6.96 4.18 5.21 6.18 6.49 13.51 9.71 17.46 16.61 18.15 21.23 18.63 18.24 18.08 17.69 17.79 19.06 20.49 21.20 21.79 24.23 26.98 28.34 26.93 27.11 27.34 25.65 23.45 25.91 25.95 22.39 21.31 20.02 20.22 22.11 23.09 22.98 22.22 21.85 21.07 20.19 22.86 22.30 21.47 18.74 18.25 17.73 17.02 16.33 15.64 14.79 14.35 14.29 14.01 13.44 13.03 13.17 13.55
8.13 8.02 8.02 7.89 7.63 7.57 6.98 6.65 7.64 7.07 6.30 7.64 6.64 4.29 4.06 3.98 4.54 5.02 5.74 2.80 3.66 4.68 6.15 6.48 7.72 9.70 16.31 16.63 19.43 22.36 21.06 17.92 15.99 15.83 15.25 16.89 19.18 19.20 18.57 23.06 29.78 30.35 27.96 27.59 25.93 23.00 23.81 26.17 25.18 21.80 20.84 20.23 20.78 22.14 23.57 23.31 23.23 22.92 22.32 22.69 23.15 22.36 18.89 18.60 18.03 17.50 16.96 16.26 15.52 14.79 14.47 14.43 13.99 13.34 13.22 13.41 13.38
8.33 8.23 8.18 8.05 7.87 7.62 7.29 6.90 6.56 7.52 7.08 6.30 5.66 7.42 5.04 1.46 1.37 2.61 2.60 3.34 4.48 5.25 7.40 8.22 8.23 9.64 14.89 16.67 19.77 22.11 20.99 17.30 14.89 15.41 15.44 16.88 18.95 18.99 18.99 23.04 34.53 30.76 27.48 26.26 24.31 24.36 25.94 27.54 26.77 23.77 20.63 21.29 22.04 22.65 23.28 22.99 25.29 22.77 22.29 22.52 19.95 19.24 18.70 18.46 20.19 18.92 18.12 17.32 15.61 15.06 15.23 14.34 13.82 13.39 13.26 13.27 13.05
8.69 8.60 8.52 8.27 8.11 7.95 8.01 7.57 7.47 7.60 7.27 6.60 8.38 7.82 7.22 4.83 0.50 2.05 2.16 3.25 4.84 5.88 8.34 10.16 8.44 9.40 13.73 16.91 19.94 21.67 18.80 15.12 15.83 15.84 15.56 17.07 17.46 18.33 21.35 25.22 32.43 30.09 28.23 26.67 25.55 26.89 28.55 28.29 26.23 22.26 21.08 22.68 24.51 24.45 22.98 23.48 26.15 22.33 23.61 22.03 21.89 21.15 20.15 19.69 18.87 18.55 18.72 16.24 15.87 15.32 14.59 14.00 13.61 13.40 13.16 12.98 12.75
8.80 8.73 8.68 8.37 8.12 7.99 7.79 7.83 7.38 7.11 6.87 6.47 7.38 6.67 7.50 8.68 7.52 1.50 2.20 2.84 3.78 5.21 8.73 12.31 10.03 9.57 13.77 17.55 21.29 21.02 16.62 15.06 16.67 16.39 16.20 16.92 16.63 18.72 23.41 27.46 29.04 29.58 29.44 28.51 28.05 29.07 28.58 26.96 24.33 22.08 22.31 26.12 26.60 25.89 25.16 24.44 23.00 24.10 22.00 21.86 21.51 20.31 19.74 19.81 19.14 19.82 17.13 17.24 16.05 15.20 14.18 13.67 13.44 13.31 13.08 12.76 12.47
8.66 8.53 8.49 8.27 7.92 7.66 8.61 7.90 7.20 8.30 6.43 6.17 7.95 6.66 8.11 8.74 8.33 6.69 5.09 4.86 3.06 3.78 6.17 12.10 10.66 10.41 14.55 18.34 20.35 18.43 16.03 16.40 16.53 16.46 17.46 16.08 16.47 19.65 24.38 28.36 29.06 29.55 29.21 28.52 28.53 28.57 27.83 25.90 23.91 23.93 26.64 27.33 26.57 25.05 26.41 23.79 22.14 23.14 22.41 21.36 20.73 20.53 20.74 20.79 20.56 18.22 16.94 19.14 18.89 14.74 13.85 13.52 13.35 13.19 13.01 12.65 12.27
8.61 8.37 8.22 8.10 7.80 7.43 7.26 7.56 8.11 7.56 6.01 5.84 8.96 8.48 6.75 5.88 5.51 4.81 4.01 4.79 3.50 3.34 4.09 8.89 10.41 12.05 15.73 18.86 18.77 17.56 17.18 17.84 17.66 16.57 16.89 14.85 16.37 20.48 25.26 27.80 28.49 29.34 29.85 29.77 28.20 27.42 27.31 25.95 24.15 26.25 26.77 26.34 24.89 21.50 25.93 25.34 21.15 21.90 24.38 20.75 20.43 22.85 21.32 21.04 18.93 20.67 19.75 19.20 15.46 14.38 13.79 13.53 13.24 13.04 12.99 12.60 12.09
8.58 8.23 8.02 7.92 7.69 7.35 7.62 7.42 8.24 7.55 5.86 8.01 8.68 7.72 5.33 3.07 2.47 2.82 2.07 3.34 2.96 3.60 4.26 6.49 9.02 13.07 17.20 18.88 18.20 17.71 18.77 19.34 21.43 18.32 17.25 15.39 17.29 20.20 25.23 28.22 29.16 30.33 30.88 29.98 28.73 28.18 27.61 26.94 27.11 27.66 25.99 23.93 21.22 23.76 25.37 22.70 22.55 22.29 23.35 22.36 21.08 23.62 21.17 20.58 20.75 17.73 16.54 15.82 15.13 14.28 13.81 13.48 13.08 12.95 12.97 12.46 11.87
8.52 8.14 7.89 8.12 7.70 7.47 7.39 7.22 6.60 7.56 5.77 7.71 6.31 7.11 6.57 4.30 1.79 1.56 1.25 2.55 2.72 4.35 4.51 5.61 6.55 12.58 17.68 18.19 18.34 18.48 19.74 21.26 20.05 16.61 17.16 16.95 18.68 22.21 25.13 30.75 32.02 32.62 30.98 29.52 28.64 28.69 28.20 28.06 21.10 26.07 24.86 22.66 22.61 25.61 21.78 21.41 23.00 24.61 24.11 22.59 22.61 23.49 20.42 20.05 18.79 17.54 16.36 15.54 14.90 14.17 13.73 13.38 12.97 12.88 12.82 12.19 11.69
8.26 8.04 7.85 7.93 7.49 7.40 7.28 7.03 6.51 7.40 7.45 7.15 4.75 5.20 6.95 5.19 6.64 4.87 2.52 2.85 2.80 3.82 4.20 5.47 7.69 11.98 16.15 17.49 19.03 19.80 20.38 23.53 19.50 15.80 17.80 19.41 19.76 22.62 27.34 33.12 34.32 30.44 31.26 29.76 28.36 28.06 27.92 27.53 25.09 22.46 23.33 21.75 24.03 21.63 20.54 23.38 25.57 26.19 24.63 21.86 23.19 23.42 22.24 19.40 20.47 19.46 18.53 17.90 14.60 13.93 13.64 13.36 12.89 12.72 12.54 11.96 11.63
7.80 7.72 7.66 7.51 7.78 7.59 7.33 7.01 6.47 7.45 7.40 7.43 6.03 2.34 5.60 4.86 7.03 6.25 5.02 2.66 2.62 2.89 4.29 5.34 7.12 12.06 16.42 17.88 20.59 21.57 21.26 22.22 18.72 15.20 18.07 22.26 18.91 21.20 28.77 33.96 30.35 28.98 27.94 28.98 28.25 28.60 28.34 25.93 22.54 20.96 20.87 19.90 20.77 19.79 23.40 26.29 25.26 25.66 24.05 22.27 24.24 23.65 21.04 21.23 20.56 19.17 17.76 15.08 14.33 13.82 13.70 13.31 12.69 12.46 12.26 11.85 11.65
7.48 7.39 7.33 7.21 7.05 6.76 7.12 6.67 8.34 7.07 6.81 7.64 6.94 3.23 4.14 4.18 4.07 3.62 3.09 1.59 3.35 4.04 4.27 5.45 7.50 9.72 17.79 18.38 21.03 21.07 20.58 23.27 19.23 16.56 18.90 19.48 19.91 22.99 28.61 33.99 32.10 27.81 27.72 29.02 28.55 28.17 26.98 24.61 21.54 21.25 18.64 20.36 21.01 21.49 24.81 26.70 24.88 25.56 24.88 24.65 25.33 21.38 20.40 18.47 19.01 18.11 17.06 16.50 14.24 13.87 13.63 13.04 12.45 12.26 12.06 11.79 11.65
7.23 7.16 7.10 6.93 6.74 6.49 6.91 6.45 6.02 7.39 6.37 7.13 6.70 4.67 3.41 3.84 3.63 3.31 3.37 3.42 2.83 4.39 5.24 3.53 6.50 9.69 17.59 18.50 18.63 19.34 22.28 24.59 20.88 18.30 16.43 17.44 21.29 25.03 30.77 34.31 30.53 29.18 30.13 22.57 28.95 27.46 26.82 25.32 23.58 21.93 17.28 21.27 23.54 24.83 27.08 28.14 27.63 27.35 26.12 25.18 25.01 20.94 20.71 20.31 19.17 17.95 16.81 16.56 14.24 15.95 13.29 12.72 12.31 12.12 11.87 11.70 11.59
6.95 6.92 6.92 6.77 6.55 6.23 6.59 6.24 5.82 7.96 6.43 6.77 6.67 6.05 3.55 2.86 3.06 3.12 3.24 4.04 3.79 3.47 4.58 3.86 6.38 11.00 17.95 18.71 16.11 21.57 27.57 24.12 21.06 20.84 18.35 20.48 23.77 27.71 33.90 31.44 26.50 29.12 29.46 28.38 28.18 22.23 28.57 20.09 23.40 20.49 20.07 20.62 25.65 25.21 27.91 29.41 29.03 21.46 25.99 25.00 24.48 20.45 21.12 23.30 19.61 17.86 17.37 17.26 16.93 16.57 16.07 12.50 12.20 11.96 11.71 11.59 11.44
6.70 6.65 6.69 6.58 7.14 6.67 6.52 6.15 8.95 8.57 7.39 7.04 6.49 5.62 4.05 2.34 2.41 2.48 2.27 3.09 3.48 3.57 3.71 3.20 6.62 12.33 18.38 18.38 16.66 25.35 29.27 25.31 23.06 19.29 17.32 21.28 26.75 29.78 32.32 31.08 28.50 27.88 28.42 27.68 27.25 27.08 26.16 24.41 21.94 19.39 20.23 22.30 24.94 24.86 26.98 28.41 28.14 26.63 25.32 24.61 23.86 20.29 19.88 22.41 21.87 21.47 18.25 17.60 16.84 16.31 15.89 12.35 12.06 11.83 11.63 11.43 11.18
6.51 6.38 6.35 6.25 7.22 6.87 6.37 6.03 9.39 9.23 7.71 6.79 5.90 5.49 5.78 4.25 3.43 2.54 1.74 2.66 3.62 4.02 3.02 1.22 4.09 10.91 18.94 20.53 20.69 28.77 28.17 23.94 22.24 19.82 22.03 24.99 29.33 31.87 30.81 29.74 28.42 27.41 27.99 28.04 27.27 26.61 25.91 24.52 22.74 17.94 20.29 23.52 25.17 22.88 26.91 28.86 27.47 25.52 24.90 25.07 24.74 24.23 24.50 24.27 23.54 22.54 21.24 17.29 16.34 15.62 15.25 12.24 11.91 11.72 11.51 11.20 10.95
6.41 6.22 6.09 5.95 5.83 6.62 6.12 5.54 5.11 8.17 7.31 6.00 5.27 5.46 6.20 4.92 3.48 2.67 1.63 2.75 3.78 3.76 1.86 3.39 1.16 10.07 18.95 26.89 27.97 31.26 26.88 23.16 24.34 24.78 27.24 29.63 32.24 31.12 29.49 29.86 29.39 29.11 29.50 29.47 28.55 21.36 20.81 18.72 20.82 17.12 21.43 25.42 24.81 22.93 30.34 29.51 27.36 26.41 26.65 26.63 26.12 25.14 24.38 23.73 22.75 21.90 20.94 17.21 16.54 15.85 15.45 12.08 11.75 11.59 11.36 11.03 10.84
6.29 6.06 5.89 5.69 5.52 6.28 6.00 8.44 6.96 6.89 6.47 5.60 4.69 3.69 3.99 4.07 2.70 1.90 1.23 2.62 3.72 3.24 0.76 5.31 5.32 6.93 17.15 27.69 34.53 32.06 27.41 25.25 27.36 27.79 28.55 30.16 29.62 28.74 29.94 30.74 30.60 31.17 27.02 21.91 20.89 20.97 19.62 21.76 16.83 18.67 22.86 25.33 25.49 27.31 32.16 29.14 27.88 27.24 26.64 25.84 25.16 24.54 23.93 23.02 21.93 17.93 17.39 16.93 16.48 15.99 15.51 11.95 11.68 11.50 11.24 10.93 10.76
6.16 5.89 5.71 5.52 5.28 5.90 5.61 5.33 8.38 7.80 7.42 6.42 5.05 3.66 2.89 3.27 1.90 1.11 1.66 3.30 4.24 4.23 0.33 5.91 5.24 2.87 12.70 29.48 35.63 34.00 29.61 29.89 29.86 29.39 31.01 30.95 26.77 26.75 31.78 29.19 27.03 27.21 22.31 21.03 20.74 20.99 23.72 16.14 18.49 20.65 23.00 23.64 29.31 31.88 30.33 27.62 26.12 26.06 25.84 25.21 24.72 24.41 23.65 22.59 21.42 17.40 16.65 16.20 15.71 15.11 14.41 11.95 11.67 11.42 11.12 10.80 10.60
6.07 5.73 5.48 5.33 5.13 5.62 5.27 4.96 8.06 7.97 7.35 7.55 6.61 5.38 3.11 3.08 3.11 2.28 3.05 4.27 5.25 5.78 1.43 6.32 9.88 10.69 16.02 29.42 33.21 34.34 32.58 33.24 30.59 31.00 31.69 26.51 24.77 26.91 29.94 25.79 26.99 26.70 21.33 20.83 20.91 21.07 20.02 18.60 19.36 20.54 21.97 24.97 31.03 29.65 25.92 24.83 25.61 25.65 25.44 24.83 24.62 24.18 23.54 22.10 21.03 20.47 16.97 16.59 16.06 15.52 15.31 15.25 14.98 14.72 11.02 10.70 10.47
5.93 5.66 5.32 5.05 4.90 5.21 4.88 4.56 7.50 7.50 7.00 6.11 5.50 3.94 2.59 2.84 3.97 4.29 4.53 5.29 4.86 4.76 5.46 7.52 13.47 17.87 21.68 29.41 28.41 32.70 33.28 34.41 30.99 29.93 29.60 26.48 26.17 30.38 28.58 29.23 26.59 25.81 20.81 20.96 21.04 21.30 20.68 25.80 18.78 19.53 21.31 24.42 27.51 26.88 24.06 26.51 28.22 26.96 25.76 24.65 24.03 23.38 22.79 22.30 21.88 14.34 20.91 13.26 19.92 19.51 12.16 17.95 15.25 11.24 11.03 10.68 10.34
5.61 5.60 5.03 5.04 4.95 4.81 4.60 4.37 7.00 7.10 5.89 4.96 3.98 3.29 2.64 2.43 3.69 4.99 5.58 4.92 3.94 3.59 5.75 8.87 15.33 20.29 23.90 23.37 29.51 28.88 34.58 36.94 31.41 28.42 28.34 28.61 29.96 30.98 29.09 28.98 28.85 24.85 20.75 21.19 29.20 28.53 27.74 25.58 18.56 19.70 21.48 22.83 26.67 31.07 29.03 30.74 29.01 26.72 25.75 19.33 24.68 23.80 23.09 15.16 14.60 20.98 13.52 19.57 18.74 15.67 15.20 14.42 11.39 11.28 11.01 10.57 10.14
