examples/cougarCreek-fire/createInputs/WindNinja/wrfout_d3.2015081100.f17/cougarCreekFire_08-11-2015_1700_217m_non_neutral_stability_vel.asc
ncols	146
nrows	140
xllcorner	610065.000000
yllcorner	5095217.000000
cellsize	216.586807
NODATA_value	-9999.000000
[rows 102 to 135 of 140, columns 0 to 76 of 146]
14.27 14.07 13.79 13.31 13.75 14.14 14.11 14.23 14.16 13.57 14.13 14.58 14.50 14.56 14.37 14.43 14.61 14.54 17.67 14.52 15.91 14.17 14.73 15.42 15.81 15.88 13.86 15.71 13.71 16.22 16.55 16.90 13.67 14.01 14.54 13.21 12.31 12.48 14.23 18.49 23.17 21.12 19.71 16.27 13.51 20.54 13.89 15.62 21.60 24.16 24.86 23.06 21.52 21.58 27.85 27.23 27.94 28.01 26.44 21.74 21.47 21.20 21.07 21.21 21.47 21.35 21.07 21.36 21.70 21.44 20.85 20.53 20.41 20.26 24.93 20.22 20.00
14.21 13.91 14.06 13.69 13.29 14.15 14.25 13.86 13.65 13.66 14.07 14.31 14.36 14.42 14.22 14.38 14.54 14.49 14.53 14.19 14.03 14.26 14.67 15.49 15.62 15.59 13.90 14.96 12.86 16.21 12.95 13.55 13.44 13.51 14.23 13.71 12.68 13.16 15.09 18.54 21.08 21.11 19.92 19.51 14.85 14.92 15.29 19.89 16.93 19.41 25.00 24.39 22.78 21.94 25.72 25.74 25.74 25.97 21.67 21.62 21.33 21.22 21.24 21.25 21.43 21.37 21.15 21.28 21.50 21.62 21.23 20.83 20.86 20.58 24.88 20.06 23.51
13.55 13.70 13.85 13.77 13.36 13.79 14.44 13.55 13.18 13.80 14.03 14.24 14.47 14.25 14.07 14.44 14.41 14.54 14.26 15.74 13.87 14.34 14.78 15.29 14.41 15.38 13.74 15.16 12.70 13.17 14.97 13.90 13.30 13.41 13.63 15.46 14.43 13.47 14.14 15.40 16.19 16.62 14.71 14.87 15.92 20.18 20.16 19.75 16.48 17.47 16.95 20.84 24.39 23.12 21.58 25.16 25.29 21.08 21.39 21.46 25.87 25.70 21.26 21.43 21.53 21.43 21.30 21.34 27.65 26.28 26.87 26.35 21.11 26.21 25.40 20.08 19.98
12.99 13.27 13.64 13.83 13.59 13.52 14.21 13.59 12.84 13.64 14.06 14.39 14.45 13.83 14.25 14.45 14.28 14.50 14.07 15.86 13.34 14.34 14.89 15.05 13.99 15.18 15.60 17.02 12.78 13.42 14.92 12.92 13.14 13.46 13.92 15.87 13.84 17.55 18.00 13.87 14.37 15.01 13.87 15.07 20.09 16.69 20.31 20.03 16.92 18.35 22.59 23.78 25.20 24.97 22.64 24.92 20.37 21.06 21.15 21.33 25.87 25.55 25.72 26.63 28.55 28.48 28.11 26.30 27.17 26.08 26.04 25.97 25.94 21.23 20.87 20.36 20.02
12.65 13.00 13.77 14.00 13.79 13.85 14.29 13.64 12.84 13.49 14.35 14.58 14.01 13.90 14.40 14.24 14.13 14.36 13.97 13.53 13.27 14.11 14.98 15.79 14.58 14.97 13.84 16.69 13.08 13.08 13.22 13.12 13.88 13.83 14.34 14.60 11.94 17.85 18.19 12.96 18.63 15.02 13.67 19.46 15.15 15.69 15.94 16.81 20.64 18.54 21.84 22.73 25.03 26.82 24.89 24.85 20.11 21.07 21.12 21.40 26.30 26.19 27.90 26.73 26.96 26.99 26.74 27.47 26.28 26.01 25.85 25.50 25.53 25.66 21.16 20.81 25.96
12.92 13.02 13.69 13.82 14.01 14.04 14.17 13.83 12.99 13.21 14.03 14.27 13.71 13.99 14.18 14.05 14.12 14.18 13.86 13.48 13.15 13.88 14.60 13.88 12.76 14.74 14.03 14.78 12.01 12.34 12.10 14.72 14.77 13.85 13.88 11.82 17.02 18.02 18.35 14.61 14.08 13.22 13.91 14.30 14.68 15.24 20.17 20.23 15.96 15.02 14.87 16.14 21.08 25.73 30.18 27.50 25.18 21.24 21.34 26.18 27.10 27.63 26.21 26.67 21.66 27.03 28.11 27.90 26.46 26.49 26.11 25.63 25.59 25.61 25.62 21.12 20.76
13.54 13.17 13.26 13.79 14.06 14.19 14.34 14.06 13.36 12.75 13.39 13.80 13.77 13.96 13.88 14.03 14.01 13.77 13.72 13.58 13.15 13.91 14.65 14.50 14.41 12.09 13.32 12.67 12.25 13.51 13.54 15.67 15.05 12.92 11.42 16.28 16.74 13.18 16.87 17.34 12.40 13.07 13.78 14.15 14.84 19.94 15.44 15.08 15.46 14.30 13.64 14.35 17.26 19.21 30.09 31.55 27.16 21.71 25.95 26.75 28.23 26.38 26.53 21.48 26.55 27.18 26.76 26.45 26.51 26.55 27.07 25.73 25.51 25.41 25.65 25.57 25.14
14.19 13.46 12.99 13.60 13.84 13.93 14.27 14.20 13.57 12.28 13.03 13.93 13.82 13.80 13.74 14.01 13.78 13.63 13.58 13.33 12.85 13.69 14.34 14.12 12.46 13.66 13.44 12.35 14.22 14.71 14.41 15.21 13.88 11.54 16.10 16.16 16.61 13.67 17.28 14.86 12.10 12.71 12.72 13.62 14.60 15.48 20.13 20.02 20.31 20.62 20.33 13.91 15.64 18.52 25.30 29.73 28.02 26.62 26.77 27.21 28.22 26.56 25.92 21.66 26.70 27.47 26.63 26.84 26.40 26.26 25.77 25.86 25.14 24.04 24.00 24.94 25.16
14.47 14.07 13.02 13.10 13.53 13.67 13.52 14.32 13.73 12.16 12.71 13.90 13.75 13.58 13.66 13.82 13.50 13.35 13.65 13.37 13.37 13.94 14.62 13.79 13.86 13.34 14.10 12.87 15.13 14.46 13.76 13.10 10.79 15.51 15.88 16.13 11.45 15.19 15.35 12.08 12.01 11.98 12.93 13.17 13.84 14.71 15.81 20.43 17.67 20.45 17.66 17.48 18.40 20.79 24.30 23.16 26.62 27.39 28.88 28.91 29.46 26.45 26.40 21.79 28.18 28.05 28.75 26.94 26.80 26.41 26.28 26.70 26.08 25.23 24.73 25.38 25.32
14.00 14.23 13.20 12.87 13.31 13.71 13.74 14.40 14.19 12.09 12.63 13.69 13.58 13.53 13.60 13.42 12.80 13.71 13.92 13.53 13.36 13.63 13.51 13.32 13.52 14.02 14.27 14.40 14.25 13.01 14.69 14.85 15.20 15.40 15.66 16.08 14.13 15.35 12.22 11.60 17.39 12.54 11.87 12.35 12.85 13.69 15.12 16.41 17.49 20.42 17.73 18.45 19.56 22.48 24.17 25.79 27.56 29.91 29.40 29.02 28.63 27.95 27.86 25.55 27.05 27.55 27.80 27.90 27.89 26.92 26.92 26.86 21.57 20.99 20.89 21.01 25.38
13.73 13.59 13.37 13.03 13.13 13.54 13.58 13.92 14.25 12.68 12.53 13.23 13.47 13.62 13.59 13.06 13.09 13.93 14.17 13.71 13.25 13.48 13.37 13.00 13.22 13.69 14.13 12.80 12.77 11.74 14.45 14.81 11.08 11.32 11.30 13.90 14.88 12.64 11.63 11.60 11.66 11.71 11.59 12.04 12.54 13.79 14.54 15.52 15.20 15.85 15.85 15.72 16.51 17.25 17.07 29.01 29.18 29.03 29.42 29.04 28.29 27.55 26.63 25.47 26.11 26.19 25.63 26.20 26.37 26.64 26.32 25.64 25.88 26.11 26.09 25.67 25.19
13.65 13.46 13.92 13.64 13.15 13.34 13.45 13.54 13.78 13.72 12.12 12.80 13.58 13.81 13.53 13.12 12.85 13.72 14.35 14.12 13.05 13.23 13.24 12.84 13.03 13.49 13.93 14.02 12.34 11.88 14.39 12.25 12.76 11.53 12.64 15.25 13.19 11.52 11.57 11.53 11.64 12.55 11.57 12.60 14.02 18.53 14.06 14.65 14.11 13.67 13.99 13.71 14.82 16.57 19.90 25.28 28.74 28.99 29.79 29.44 28.33 27.19 26.32 25.74 26.05 26.10 25.85 25.56 25.77 25.81 25.40 24.88 24.49 24.32 25.01 25.11 24.33
14.02 13.85 13.22 13.29 13.31 13.47 13.57 13.49 13.55 13.14 12.02 12.80 13.70 13.75 13.31 13.31 13.21 13.57 14.08 13.79 13.38 13.09 13.26 12.77 13.45 13.51 13.72 13.82 14.06 14.25 13.24 12.89 14.69 12.05 14.40 14.14 11.65 11.23 16.32 12.16 16.67 12.01 12.61 17.49 18.14 18.73 18.52 13.98 14.90 13.86 13.27 13.56 15.24 17.24 20.74 22.19 24.84 26.69 28.37 29.20 27.50 26.21 25.91 25.81 26.08 25.93 25.76 25.80 25.84 25.87 25.63 25.65 25.36 24.62 24.43 24.17 23.19
13.32 13.17 13.16 13.40 13.65 13.76 13.97 13.74 13.38 13.18 12.38 13.09 13.74 13.39 13.24 13.21 13.44 13.62 13.72 13.71 13.24 12.89 12.90 13.22 13.60 13.56 13.62 13.68 13.79 14.20 14.52 13.98 11.42 12.78 14.62 12.49 11.15 15.88 12.94 12.23 16.32 11.18 17.10 12.91 13.09 13.48 13.32 12.28 13.54 13.71 13.54 14.67 15.50 17.82 20.73 21.26 21.80 22.97 25.27 27.81 26.85 24.92 24.89 26.01 26.49 25.90 25.51 25.60 25.93 26.21 25.98 26.04 25.66 24.76 24.19 23.89 23.48
12.99 13.03 13.21 13.65 14.39 14.19 14.08 13.26 13.28 13.56 12.89 13.24 13.22 13.13 13.27 13.36 13.34 13.46 13.64 13.65 13.01 12.67 12.65 13.45 13.35 13.63 13.50 13.61 13.71 14.17 14.05 13.72 14.21 14.84 12.66 10.89 15.32 12.45 13.36 11.58 16.12 16.33 12.29 12.64 12.74 12.54 12.50 13.60 13.43 13.69 13.87 15.15 17.13 19.10 20.78 21.49 20.94 21.85 23.10 25.58 26.57 25.16 24.38 25.65 26.62 26.60 26.29 26.04 26.02 25.98 25.68 25.75 25.16 24.58 23.81 23.50 20.94
12.78 12.81 13.23 13.80 13.87 13.59 13.39 13.32 13.74 13.12 13.34 13.17 13.09 13.09 13.08 13.11 13.53 13.68 13.35 13.41 12.95 12.39 12.50 13.65 13.91 13.67 13.29 13.54 13.83 14.21 13.87 13.51 13.85 14.46 14.73 11.38 13.23 13.47 12.36 11.16 15.96 16.13 11.48 11.94 12.51 12.42 12.63 12.75 13.35 14.09 15.53 18.06 19.23 19.42 20.42 21.46 21.45 21.88 22.49 24.16 25.58 24.76 24.10 24.85 25.52 26.16 26.53 26.56 25.88 24.84 24.90 25.52 25.07 24.63 24.09 23.61 20.93
12.70 12.63 13.19 13.61 13.83 13.85 14.06 13.31 13.63 13.03 13.48 13.66 13.83 13.19 12.54 12.82 13.42 13.35 13.03 13.24 13.14 12.30 12.49 13.23 14.01 13.55 13.15 13.52 13.86 14.06 13.70 13.24 13.69 14.22 14.69 12.54 15.10 12.96 11.09 15.64 15.83 15.97 12.01 12.47 12.96 13.99 13.57 12.85 15.20 15.37 16.00 19.34 19.71 19.44 20.35 21.33 22.24 22.26 21.66 23.79 21.99 24.09 21.64 23.77 24.34 24.76 25.47 26.61 26.24 24.75 24.04 25.49 25.45 25.19 21.06 20.91 20.89
12.64 12.65 13.10 13.76 13.94 14.56 13.76 13.32 13.07 12.90 13.38 13.89 14.56 13.92 12.14 12.62 13.26 12.95 13.01 13.14 12.85 12.41 12.64 13.36 13.75 13.24 13.30 13.48 13.71 13.81 13.44 13.26 14.01 14.14 14.49 13.23 13.28 14.68 14.97 10.62 15.81 11.05 11.88 12.83 14.08 13.82 13.11 13.90 15.12 15.86 17.07 19.29 20.59 20.63 20.87 21.13 21.36 21.12 21.28 21.74 23.68 21.55 23.16 21.71 24.01 24.33 24.61 25.75 26.70 25.69 23.90 23.92 24.82 25.12 21.34 21.04 20.78
12.61 12.85 13.12 13.50 13.72 14.71 14.24 13.29 13.13 12.82 13.09 13.67 13.68 13.31 12.50 12.37 12.72 12.74 13.05 12.97 12.61 12.93 12.68 13.08 13.19 13.21 13.50 13.34 13.48 13.89 13.63 13.45 13.89 14.34 14.35 14.29 14.31 14.64 14.96 15.42 15.73 11.62 12.01 12.71 13.42 12.54 13.12 14.22 14.71 15.20 16.91 18.47 20.68 20.61 20.82 20.96 21.14 21.10 20.97 21.21 21.64 23.30 23.22 23.00 21.73 23.68 25.01 24.77 26.42 26.37 24.52 23.03 23.28 23.70 24.27 21.13 20.86
12.49 13.06 13.58 12.99 14.01 14.71 14.11 13.73 13.23 12.93 12.89 13.46 14.24 13.42 13.09 12.37 12.15 12.60 13.12 12.88 12.89 12.98 12.63 12.84 13.16 13.42 13.28 13.12 13.43 14.06 13.58 13.75 13.86 13.70 14.15 13.83 14.10 14.54 14.90 15.40 11.90 12.26 11.90 11.97 12.05 12.24 13.48 14.25 14.46 14.87 16.57 17.72 18.70 20.54 20.68 20.84 20.95 21.02 20.78 20.67 21.21 22.13 22.71 22.26 21.75 22.10 24.51 24.16 25.19 26.85 25.16 23.64 23.74 24.22 21.38 21.18 21.04
12.16 12.75 13.37 13.05 13.87 14.19 13.51 13.03 13.41 13.23 13.58 13.18 13.52 13.39 13.40 12.85 11.80 12.28 13.14 13.00 12.86 12.56 12.77 13.07 13.53 13.45 12.81 12.82 13.34 13.80 13.63 13.69 13.86 14.09 13.88 13.49 13.90 14.39 14.81 11.53 15.57 11.99 11.37 11.58 11.87 12.54 14.05 14.34 14.45 14.60 15.91 17.15 20.38 20.43 20.52 20.71 20.90 20.96 20.70 20.36 20.75 21.46 23.07 21.80 21.09 21.40 21.89 22.90 23.09 25.86 25.67 25.16 21.13 21.40 21.43 21.20 21.07
11.88 12.66 13.98 13.14 13.57 13.50 13.22 12.62 13.62 13.67 12.97 12.85 13.33 13.72 14.28 13.17 11.73 11.97 13.10 12.94 12.77 12.54 12.75 13.10 13.57 13.36 12.41 12.75 13.39 13.78 13.46 13.21 13.42 13.59 13.59 13.37 13.69 14.17 14.66 15.23 15.30 11.73 11.63 11.85 12.10 17.57 17.48 14.21 13.81 14.07 15.03 16.93 20.25 20.33 20.41 20.55 20.80 20.93 23.06 20.31 20.44 21.21 22.77 21.52 20.69 21.14 21.58 22.47 22.81 24.13 24.58 24.52 24.35 21.37 21.51 21.41 21.20
11.97 12.45 13.15 13.70 13.31 13.32 12.94 12.83 13.78 14.00 13.11 12.58 13.05 13.45 13.67 13.28 11.69 11.86 13.03 12.91 12.71 12.90 12.64 12.98 13.31 13.13 12.22 12.66 13.33 13.74 13.44 13.36 13.40 13.38 13.26 13.33 13.54 13.99 14.45 14.75 14.90 11.50 11.68 12.02 16.81 14.52 17.42 13.74 13.37 13.93 15.42 20.02 20.12 20.29 20.42 20.52 20.69 20.81 20.66 20.30 20.32 20.80 20.74 20.42 20.26 20.50 21.12 21.43 23.63 23.82 23.37 22.64 20.86 21.12 21.50 21.64 21.35
12.29 12.26 12.69 13.24 13.78 13.28 13.12 12.92 13.61 14.74 13.41 12.54 12.77 13.30 13.78 13.43 11.93 11.86 12.90 12.76 12.73 12.44 12.50 13.04 12.86 12.71 12.24 12.70 13.62 13.84 13.47 13.29 13.11 13.00 12.98 13.37 13.46 13.81 14.17 14.47 14.62 14.95 11.39 16.16 16.55 17.04 17.31 13.82 13.75 14.78 19.22 19.87 19.91 20.21 20.47 20.60 20.77 20.74 20.51 20.30 20.37 23.59 24.36 24.14 23.59 20.31 20.50 21.17 26.13 25.72 23.94 20.48 20.48 20.56 21.17 21.66 21.51
12.46 12.38 12.41 13.06 13.25 12.68 13.33 13.21 13.31 13.76 13.70 12.71 12.52 12.98 13.52 13.61 12.48 11.81 12.54 12.70 12.78 12.79 12.31 12.36 12.41 12.70 12.61 12.95 13.62 13.56 13.41 13.17 12.74 12.70 13.61 13.26 13.39 13.60 14.00 14.31 14.46 14.83 15.52 15.96 16.37 16.80 17.15 17.22 17.38 17.85 18.75 19.48 19.63 19.93 20.33 20.62 20.86 20.75 25.24 20.47 26.24 20.67 20.53 25.97 20.20 20.34 23.59 20.63 22.15 26.15 20.07 20.38 20.39 20.04 20.55 21.42 21.67
12.57 12.59 12.44 12.83 13.40 13.52 13.46 13.92 13.58 13.43 13.93 13.04 12.46 12.75 13.35 14.07 12.87 11.68 12.16 12.74 12.74 12.63 12.16 12.29 12.98 12.87 12.97 13.26 13.51 13.22 13.14 13.03 12.58 12.54 13.61 13.22 13.33 13.49 13.84 14.12 14.25 14.73 15.34 15.64 16.22 16.67 16.98 17.12 17.34 17.85 18.48 19.03 19.45 19.70 20.07 20.41 20.87 20.82 20.52 20.36 20.37 20.50 20.56 25.91 20.26 25.40 24.40 19.88 21.63 23.28 19.91 20.08 20.44 19.96 19.94 20.89 21.56
12.82 12.72 12.62 12.90 13.33 13.34 13.32 13.38 13.25 12.94 13.24 14.00 12.72 12.68 13.17 13.50 12.86 11.76 12.07 12.72 12.63 12.56 12.78 12.61 12.66 12.79 12.85 13.55 13.08 13.00 12.84 12.57 12.33 13.10 12.87 13.20 13.39 13.48 13.55 13.83 14.13 14.62 14.93 15.33 11.33 16.48 16.73 16.80 17.20 17.79 12.84 18.80 19.40 19.78 20.13 20.54 20.89 20.98 20.73 20.40 20.35 20.48 20.61 20.58 20.47 25.71 24.47 20.41 20.71 20.46 19.89 19.79 20.29 20.16 19.84 20.43 21.32
13.23 12.83 12.70 12.90 13.02 13.15 13.18 13.20 13.09 12.78 13.02 13.54 13.13 12.68 12.90 13.12 12.76 11.98 12.11 12.75 12.62 12.50 12.76 12.77 12.61 12.64 12.78 13.31 12.93 12.78 12.67 12.76 12.84 13.03 13.57 13.18 13.23 13.21 13.32 13.60 14.03 14.46 14.87 15.35 15.81 16.23 16.45 11.66 17.06 17.64 13.66 18.70 19.20 19.80 20.27 20.72 21.11 21.22 20.93 20.52 20.33 20.35 20.67 20.88 21.03 25.91 25.23 25.73 21.17 20.77 20.32 20.11 20.20 20.29 20.12 20.20 20.87
13.77 12.99 12.61 12.83 12.89 13.02 13.08 13.08 13.03 12.90 12.98 13.45 13.34 12.72 12.66 12.82 12.69 12.13 12.22 12.88 12.70 12.44 12.62 12.64 12.58 12.64 12.75 13.04 12.70 12.61 12.57 12.71 12.76 12.90 12.87 13.12 13.01 13.09 13.20 13.43 13.87 14.32 14.77 15.24 15.68 16.06 16.13 16.46 16.99 17.65 18.02 13.60 14.51 19.60 20.18 20.80 21.41 21.64 21.39 20.91 20.34 20.10 20.52 26.68 26.73 26.26 25.90 21.22 21.37 21.20 20.62 20.25 20.20 20.31 20.40 20.24 20.52
14.82 13.27 12.53 12.69 12.79 12.93 13.02 13.05 13.04 13.04 13.05 13.27 13.27 12.82 12.66 12.77 12.61 12.23 12.48 13.00 12.82 12.48 12.49 12.52 12.55 12.63 12.61 12.61 12.56 12.49 12.55 12.78 12.75 12.85 12.76 13.17 13.07 13.10 13.15 13.34 13.77 14.19 14.83 15.30 15.73 15.95 15.98 16.24 12.11 12.80 13.00 13.14 13.69 15.17 20.09 20.63 21.42 21.95 21.96 21.72 25.95 25.82 25.42 25.93 26.10 25.56 25.27 21.27 21.38 21.48 20.94 20.55 20.45 20.47 20.71 20.50 20.44
15.23 14.27 12.57 12.52 12.68 12.89 12.99 13.06 13.09 13.12 13.12 13.17 13.16 12.95 12.80 12.83 12.65 12.38 12.67 13.06 12.92 12.65 12.49 12.42 12.55 12.68 12.54 12.47 12.49 12.46 12.58 12.81 12.78 12.93 12.73 13.87 13.96 13.33 13.14 14.02 14.42 14.81 14.64 15.11 15.60 15.93 15.81 16.12 16.72 17.37 17.81 18.14 18.39 13.96 15.04 16.27 17.88 21.92 22.12 28.53 27.67 25.76 25.15 24.65 24.60 20.97 21.08 21.28 21.30 21.47 21.20 20.91 20.76 20.85 21.07 20.91 20.08
15.65 14.59 12.75 12.38 12.49 12.84 12.97 13.11 13.16 13.19 13.17 13.16 13.13 13.03 12.93 12.90 12.79 12.55 12.63 13.02 13.03 12.82 12.55 12.35 12.54 12.67 12.49 12.37 12.40 12.47 12.53 12.65 12.79 13.12 13.67 14.07 14.14 14.01 13.23 13.92 14.30 14.14 14.46 15.06 15.48 15.69 15.68 16.01 16.51 16.97 17.47 18.02 18.28 18.80 14.52 15.01 15.98 16.54 21.98 22.20 26.05 25.90 25.90 25.77 25.16 20.78 20.97 21.42 21.41 21.32 21.19 20.86 20.66 20.83 21.10 21.07 20.98
16.09 14.84 13.58 12.31 12.21 12.67 12.96 13.26 13.32 13.27 13.19 13.18 13.15 13.07 13.01 12.96 12.89 12.72 12.55 12.89 13.19 12.98 12.63 12.36 12.48 12.60 12.47 12.34 12.32 12.40 12.34 12.37 12.86 13.61 13.58 13.79 14.23 14.00 13.79 13.46 13.67 14.01 14.40 14.93 15.34 15.52 15.61 15.92 16.31 16.67 17.27 17.95 18.25 13.34 13.46 19.62 20.58 21.60 21.88 21.91 21.66 25.19 25.55 26.09 26.03 25.04 20.78 21.28 21.70 21.59 21.45 21.09 20.62 20.68 21.00 20.98 20.84
16.01 15.17 13.98 12.36 11.80 12.34 13.25 13.73 13.62 13.27 13.16 13.20 13.15 13.11 13.06 13.02 12.95 12.86 12.62 12.75 13.24 13.14 12.70 12.40 12.42 12.52 12.44 12.31 12.23 12.26 12.11 12.14 12.64 13.62 13.15 13.65 14.43 13.94 13.61 13.66 13.57 14.00 14.38 14.80 15.23 15.46 15.64 15.84 16.23 16.46 16.90 17.97 14.85 13.24 18.56 19.27 20.16 21.16 21.71 21.68 21.42 21.39 21.66 21.79 25.97 25.92 21.09 21.15 21.54 21.79 21.82 21.54 21.22 21.15 21.14 20.41 20.30
