examples/cougarCreek-fire/createInputs/WindNinja/wrfout_d3.2015081200.f16/cougarCreekFire_08-12-2015_1600_217m_non_neutral_stability_ang.asc
ncols	146
nrows	140
xllcorner	610065.000000
yllcorner	5095217.000000
cellsize	216.586807
NODATA_value	-9999.000000
[rows 0 to 47 of 140, columns 0 to 95 of 146]
55 60 69 77 80 81 82 84 87 91 93 95 98 99 99 100 100 99 97 94 91 94 101 109 113 112 110 110 110 110 107 100 93 91 90 91 94 96 98 99 100 100 101 101 103 104 106 105 106 106 104 103 102 102 103 105 107 104 102 104 105 104 105 107 108 109 109 111 116 121 124 125 124 124 125 128 131 132 131 133 136 141 147 115 111 115 174 113 114 123 209 122 109 236 243 250
55 60 69 77 80 81 82 84 87 91 93 95 98 99 99 100 100 99 97 94 91 94 101 109 113 112 110 110 110 110 107 100 93 91 90 91 94 96 98 99 100 100 101 101 103 104 106 105 106 106 104 103 102 102 103 105 107 104 102 104 105 104 105 107 108 109 109 111 116 121 124 125 124 124 125 128 131 132 131 133 136 141 147 115 111 115 174 113 114 123 209 122 109 236 243 250
58 63 70 76 79 82 83 85 87 90 92 94 96 98 99 99 100 99 98 98 96 97 100 105 109 110 109 108 108 107 105 101 96 94 93 92 93 95 97 98 99 100 100 101 102 103 104 103 104 104 104 104 103 103 104 105 105 105 104 104 105 105 106 107 109 110 111 113 117 120 123 124 124 125 126 128 132 133 133 134 137 140 146 151 158 164 171 179 188 195 203 213 222 230 238 246
62 66 71 74 76 80 83 85 86 87 88 91 93 95 97 98 98 98 99 101 101 99 99 101 104 107 108 106 105 104 104 104 101 98 97 95 94 94 96 99 99 100 100 101 101 101 102 102 103 105 106 106 106 105 105 105 105 105 106 106 107 109 109 110 112 113 115 118 120 121 123 125 126 128 129 132 135 137 137 137 139 142 147 152 158 164 169 175 182 189 195 202 210 216 224 233
64 66 70 72 75 78 81 76 79 80 86 88 90 93 94 95 96 97 98 100 100 98 96 98 101 104 105 104 103 104 105 106 103 100 99 97 96 96 97 99 100 101 102 102 102 102 103 105 106 108 108 108 107 103 105 105 106 107 108 109 110 111 112 113 114 115 118 119 121 122 124 127 128 130 131 133 137 139 139 139 140 143 147 152 157 162 167 172 179 184 190 196 21 53 44 20
65 67 70 71 73 76 79 81 84 79 81 81 88 90 92 94 95 97 95 98 97 97 94 95 98 101 103 103 104 106 106 106 104 102 100 99 98 98 97 98 100 102 103 104 104 104 106 107 107 104 104 103 107 106 105 106 107 109 110 111 112 113 113 114 115 117 108 119 121 123 125 127 129 129 130 132 135 138 138 139 140 142 146 150 155 160 164 169 175 180 186 192 201 61 47 11
67 69 71 72 73 76 78 71 74 77 80 82 81 88 90 92 94 97 95 95 94 94 93 93 95 98 103 102 102 103 106 105 104 104 102 100 99 98 97 94 96 102 100 105 106 103 104 104 105 105 101 106 101 105 106 107 108 110 110 111 112 105 106 114 116 107 118 119 121 123 125 127 127 127 128 131 134 136 137 138 139 141 144 147 148 156 160 165 171 176 183 189 198 33 26 4
69 71 72 73 74 76 78 72 77 78 79 82 82 82 84 91 94 90 93 95 94 94 94 94 94 97 100 101 101 102 105 102 102 104 102 100 99 98 94 94 96 98 99 101 103 105 105 105 104 99 101 101 106 106 106 107 108 109 110 111 103 104 113 114 115 107 117 119 121 122 124 125 125 126 127 130 132 133 134 136 137 139 142 145 149 153 157 162 167 172 179 186 194 203 338 15
70 72 73 74 75 64 79 72 74 77 79 81 82 83 84 91 88 90 92 94 95 97 93 88 92 95 99 101 100 100 102 102 101 102 100 96 96 95 95 95 97 99 99 101 103 105 105 103 102 102 102 102 102 100 99 106 107 108 103 110 102 111 113 114 105 106 107 105 120 121 122 123 123 125 126 128 129 130 132 134 135 137 139 142 145 149 154 158 163 168 175 182 191 200 210 220
72 73 73 74 76 69 70 71 75 77 79 81 70 84 85 86 88 90 91 90 91 98 98 93 84 94 98 100 99 100 102 101 99 99 98 96 95 95 96 97 99 101 101 102 103 104 104 104 104 104 104 104 101 98 103 104 106 107 102 109 110 111 113 104 105 103 103 103 118 120 121 122 123 123 124 126 127 128 130 132 133 135 136 138 141 145 149 152 157 143 169 177 187 198 212 227
61 74 74 76 78 79 75 74 75 77 80 82 84 73 85 86 89 94 90 94 90 88 98 95 87 84 88 89 99 101 101 100 99 99 97 96 95 96 97 98 99 102 103 97 97 97 103 103 105 100 102 98 97 103 103 104 106 100 108 109 110 102 104 105 102 102 104 104 117 119 120 121 121 121 123 124 125 126 128 130 131 132 133 135 137 130 141 146 152 157 163 171 182 196 215 233
74 75 62 64 67 72 82 78 77 62 64 83 85 86 87 87 93 89 91 92 86 86 89 98 94 84 87 87 88 100 100 100 98 96 96 96 96 96 96 96 98 94 97 97 97 96 101 102 98 99 97 99 103 103 98 99 99 99 100 109 110 102 104 103 103 112 113 114 115 117 118 118 119 119 121 122 123 124 126 127 128 129 130 131 133 136 139 141 146 150 156 163 175 193 218 243
75 76 76 65 67 71 84 82 82 81 67 68 71 87 88 88 90 89 91 92 84 85 86 93 96 87 85 86 88 90 100 99 97 96 96 96 97 97 95 95 90 94 96 96 97 94 100 95 96 100 99 98 104 104 99 99 98 99 100 100 102 106 105 110 110 110 111 112 113 114 115 116 117 118 119 120 121 122 123 124 125 126 126 127 129 131 134 136 140 143 148 155 166 186 225 266
77 78 78 79 81 73 84 86 87 86 87 72 71 72 88 88 89 90 91 81 83 84 83 88 92 88 85 86 88 91 89 98 83 84 85 87 88 88 88 91 92 96 95 95 94 101 101 95 95 100 98 98 100 99 98 98 99 100 100 102 106 106 108 108 108 108 108 110 111 113 114 115 116 116 117 118 118 119 120 121 121 122 123 123 124 126 127 129 132 134 138 143 153 176 271 197
78 80 81 82 83 84 85 86 88 90 90 90 90 77 73 75 77 78 77 79 81 82 84 88 92 88 85 86 89 90 88 96 83 84 87 88 87 87 93 97 96 98 96 95 93 94 95 96 97 93 98 99 100 99 97 97 93 100 99 100 105 106 106 106 99 95 95 95 110 112 95 113 113 114 114 114 115 116 116 117 117 118 118 119 119 120 121 122 123 119 133 119 130 158 334 188
80 82 83 84 85 86 78 79 84 90 91 89 79 85 85 77 75 76 75 78 79 83 87 91 90 87 86 87 89 89 85 81 85 86 87 87 86 87 92 94 95 95 97 96 95 96 97 98 95 91 100 100 93 92 97 97 94 98 92 97 98 98 95 95 94 94 96 108 109 110 112 111 111 111 111 112 112 112 113 114 114 114 114 114 114 114 114 115 115 113 112 112 103 132 351 341
83 84 85 86 87 88 89 83 83 87 90 90 73 76 93 98 88 72 74 77 76 80 85 99 88 85 86 87 88 87 82 84 86 86 87 86 86 88 92 92 92 93 95 96 97 97 97 95 92 91 102 94 96 93 90 99 99 90 96 96 96 94 95 94 94 96 107 93 108 108 109 109 109 109 109 109 109 109 110 110 110 110 110 109 108 108 108 109 108 105 102 96 86 51 138 343
85 86 87 87 88 89 88 87 85 67 92 93 82 74 96 105 98 87 83 84 77 79 76 79 80 83 85 86 86 84 84 87 87 87 88 86 88 89 90 91 92 92 92 93 95 96 95 93 91 93 96 100 97 90 91 98 96 87 96 95 94 94 95 95 96 106 106 103 105 106 106 106 107 107 107 107 107 107 106 107 107 106 106 105 104 103 103 92 86 96 92 85 70 37 356 127
87 89 89 90 90 91 92 88 65 64 93 97 96 89 81 82 87 85 83 87 81 78 75 72 75 83 84 85 83 83 86 88 91 88 87 84 89 89 89 90 91 91 91 92 92 93 94 93 92 94 98 97 91 94 89 89 92 94 89 93 94 88 97 96 104 101 104 109 103 104 104 104 104 104 104 105 105 104 103 103 103 102 101 100 100 99 97 90 83 89 84 65 76 29 2 344
90 91 92 93 93 93 89 91 66 64 95 89 97 85 73 74 77 81 77 83 81 75 73 71 72 78 82 83 82 83 86 90 93 105 98 86 91 91 89 90 90 91 92 94 93 93 94 95 98 98 95 89 85 87 88 84 85 94 87 86 93 88 95 93 95 103 103 103 102 102 102 102 102 102 102 102 102 101 101 100 99 98 97 96 95 93 91 75 67 83 75 83 88 83 7 351
93 94 95 86 85 87 91 93 92 66 96 84 70 90 89 77 75 78 76 80 78 70 73 73 73 74 78 80 82 84 86 89 107 107 99 88 90 97 89 91 92 94 95 95 95 95 96 97 101 94 91 86 85 90 83 92 94 87 87 85 84 87 93 92 101 101 101 101 100 100 100 100 99 99 99 98 98 98 97 97 95 94 92 91 89 87 85 83 80 75 54 85 81 26 9 355
96 97 99 89 88 91 93 94 94 64 80 83 71 72 103 96 93 85 78 80 76 67 69 70 71 73 75 78 82 85 85 88 106 110 104 96 87 97 89 94 97 98 97 96 94 91 92 95 93 84 84 83 85 83 92 85 86 89 88 84 84 87 84 100 94 94 94 95 98 98 97 97 97 96 95 95 95 94 94 93 91 89 87 85 82 81 80 77 74 69 57 66 59 52 8 357
100 101 102 103 97 98 98 97 96 70 79 89 71 72 92 98 102 93 88 77 74 67 69 67 67 71 75 77 81 84 84 94 104 89 107 101 87 91 89 95 100 99 97 95 94 94 95 93 85 82 81 79 81 92 95 87 86 86 85 83 86 87 92 94 93 92 90 96 96 96 96 95 94 93 92 92 92 91 90 89 87 86 83 79 78 77 75 72 69 46 85 88 90 93 81 71
105 106 108 108 107 105 102 98 75 70 76 94 82 70 74 88 87 87 83 72 71 70 67 66 69 68 73 75 77 79 81 85 103 111 110 99 90 90 89 94 98 98 96 94 93 93 92 88 84 83 79 94 81 84 84 86 84 85 86 86 89 92 89 94 86 88 87 86 94 94 93 92 91 90 90 89 88 87 86 84 83 82 79 76 74 73 70 67 51 108 115 117 108 106 104 89
111 111 113 113 112 110 107 103 100 72 69 87 88 69 71 83 88 88 86 81 72 68 62 51 70 69 72 75 72 74 82 87 98 109 93 93 92 91 90 96 96 94 95 98 92 88 87 88 85 82 78 93 82 83 84 87 89 90 89 88 88 90 77 75 87 86 84 85 92 85 90 89 88 87 87 86 85 84 82 80 79 77 75 73 71 69 66 63 56 118 117 107 100 109 117 104
116 117 119 119 118 116 113 108 105 81 69 81 97 83 68 77 88 88 86 86 80 63 53 43 61 71 73 76 70 77 85 98 100 90 108 99 91 91 94 97 95 92 92 91 90 95 92 94 83 78 94 80 83 82 85 90 92 94 88 86 86 88 76 85 88 84 84 86 88 89 89 86 85 84 83 82 81 80 79 77 75 73 71 69 68 65 62 59 96 104 121 112 99 101 116 105
122 122 125 126 130 125 123 116 125 104 75 89 96 97 81 74 85 86 81 82 78 60 41 94 51 65 72 77 73 81 91 94 92 88 88 92 91 90 91 90 88 86 86 85 85 86 84 82 78 75 91 79 81 81 82 86 89 88 85 84 83 86 85 81 82 84 87 87 88 88 88 83 82 81 80 79 78 76 75 74 72 70 67 65 64 61 59 56 71 83 110 27 108 100 104 2
129 128 132 133 143 138 129 123 150 132 96 88 86 105 107 88 89 84 75 79 76 56 23 79 34 56 65 73 78 86 94 92 89 88 91 92 89 91 91 87 84 82 81 82 84 83 82 83 81 71 88 78 80 79 81 87 87 85 83 83 83 84 88 94 96 96 92 85 81 79 78 80 79 78 77 76 75 73 72 70 69 66 63 61 59 56 53 51 67 67 66 71 72 68 5 2
136 135 139 139 137 145 134 124 119 127 103 89 81 109 120 107 93 82 70 76 70 40 99 72 49 49 62 66 78 87 93 87 83 84 87 89 94 92 88 85 84 82 83 86 88 91 90 87 72 84 88 77 79 79 84 88 86 85 87 90 91 90 91 91 92 93 92 86 82 79 78 77 77 76 75 74 72 71 69 67 65 63 60 57 55 52 49 48 57 54 31 23 40 46 4 2
145 143 146 146 144 152 142 174 112 115 103 94 81 76 104 97 83 77 67 70 56 23 94 90 62 61 62 70 75 85 87 82 78 77 79 85 91 87 84 84 84 86 90 91 91 92 89 74 81 85 87 75 78 80 89 89 88 87 87 87 86 85 86 87 86 84 83 82 81 81 79 75 74 73 72 71 70 68 66 65 62 59 56 53 51 48 47 46 43 53 54 54 58 61 53 2
154 151 153 153 150 159 148 138 171 145 125 101 93 78 59 64 64 63 60 62 40 49 93 101 96 77 74 76 76 81 80 77 76 77 81 87 86 79 85 88 89 91 91 91 90 89 78 63 83 85 86 74 78 87 88 84 81 81 83 83 83 85 86 86 83 78 76 75 74 72 69 72 71 70 69 67 66 65 63 61 59 56 53 50 48 46 45 45 41 71 72 69 60 50 42 1
164 160 161 160 157 166 155 143 172 163 139 132 116 103 22 83 62 47 50 47 31 108 109 90 92 90 89 86 79 79 76 78 79 81 85 84 76 77 87 90 91 92 90 89 87 85 85 66 82 80 81 83 78 82 76 74 77 79 80 81 83 86 86 83 80 79 77 77 76 74 74 77 79 78 66 65 64 62 60 58 56 53 48 46 45 44 42 42 39 73 68 64 55 47 47 2
173 169 169 167 163 170 159 148 174 167 142 119 99 89 1 278 46 34 55 56 60 38 55 79 99 105 102 95 89 76 74 78 82 84 81 76 74 79 84 84 90 90 87 86 85 84 84 104 83 77 76 77 69 71 70 73 79 82 81 80 79 80 82 83 85 74 89 72 91 94 68 88 82 66 65 63 62 81 89 55 53 50 45 43 41 40 39 38 88 71 62 60 55 55 58 2
178 177 181 176 181 173 164 154 182 174 131 101 84 81 319 130 90 62 24 15 23 39 50 71 92 107 109 101 93 75 74 79 83 83 82 81 83 87 88 89 89 88 85 84 91 95 96 102 88 86 79 81 83 74 72 78 81 82 83 78 82 81 82 74 73 83 71 83 83 76 70 66 66 65 63 60 58 57 83 54 51 49 45 42 39 38 37 36 83 98 65 62 59 62 64 3
182 182 186 191 187 178 169 210 197 173 141 121 93 79 325 155 110 87 70 70 76 67 77 76 87 96 102 99 94 77 85 82 81 82 83 84 86 89 92 93 92 91 91 91 91 94 96 102 92 96 93 84 85 86 86 84 80 79 82 84 85 82 74 76 76 76 73 70 63 67 67 66 61 69 77 77 73 54 53 52 49 47 44 40 36 35 36 34 72 94 67 61 58 56 51 3
187 186 190 188 192 183 172 162 197 182 165 149 130 104 293 202 200 193 186 176 158 153 120 109 96 95 85 84 88 78 88 86 81 80 80 81 82 82 82 83 85 87 88 86 87 88 93 97 107 96 98 94 88 88 84 83 82 80 80 80 78 77 74 71 70 68 65 65 64 63 63 61 67 71 74 73 54 53 51 50 48 45 42 37 32 32 34 33 50 60 74 64 58 55 52 3
190 188 190 198 191 253 241 162 199 188 176 159 129 117 166 202 178 175 171 170 148 157 144 125 110 98 79 78 82 85 88 90 84 77 75 74 72 72 73 73 73 76 87 88 88 88 88 88 97 106 98 98 92 86 78 75 84 81 81 81 80 80 80 77 74 69 63 62 63 70 62 62 63 62 55 54 53 51 50 48 46 44 41 37 31 29 32 32 17 31 85 67 56 56 58 5
192 190 191 196 190 182 172 209 153 186 177 162 139 134 143 154 158 164 162 163 170 154 136 132 108 103 77 78 92 94 89 93 93 89 85 85 80 76 75 75 75 75 77 85 88 87 86 85 87 94 103 96 95 90 84 80 76 74 73 73 72 72 72 72 72 72 72 71 70 68 69 79 69 52 51 51 50 49 48 46 44 43 41 37 31 27 29 30 19 25 79 61 55 49 47 5
194 191 191 197 192 183 190 165 192 185 179 167 162 149 144 136 140 150 149 147 158 160 122 107 127 79 81 81 91 77 88 88 94 96 95 94 91 90 87 87 84 80 72 71 79 79 78 79 81 83 91 98 91 85 83 79 76 73 71 70 75 73 73 73 74 74 73 71 70 69 69 68 66 66 65 53 46 45 45 44 43 41 40 37 31 25 25 28 25 13 87 55 52 48 45 6
193 190 191 196 192 185 188 168 196 193 184 172 154 156 149 141 143 149 147 141 154 176 117 111 136 99 86 83 87 87 86 85 86 90 95 96 96 90 88 83 81 88 88 85 81 80 81 80 77 76 77 80 82 87 86 79 83 82 74 74 71 76 75 76 76 65 64 63 63 62 60 57 55 66 64 60 60 42 41 41 41 40 39 37 32 24 22 25 26 14 25 64 53 48 49 46
191 190 192 196 192 185 189 171 161 195 186 175 159 158 155 145 146 149 145 135 146 119 124 134 144 68 84 83 85 80 87 86 85 84 86 87 88 90 95 85 82 80 82 82 89 87 87 86 85 82 80 78 71 71 72 74 73 71 71 72 75 69 68 68 67 66 65 66 66 66 65 63 60 57 54 50 45 40 46 56 39 39 38 37 34 26 21 22 24 25 15 70 63 52 49 43
191 190 193 197 194 195 180 173 164 197 188 179 167 164 158 151 151 146 141 118 118 125 139 147 191 33 85 90 89 90 91 81 79 78 76 81 84 84 83 86 83 90 89 91 92 82 81 80 78 75 74 73 71 71 72 72 72 71 72 73 66 66 68 68 69 69 69 69 69 69 68 66 64 61 59 55 50 44 37 35 36 37 36 36 34 29 22 20 20 22 24 45 72 56 52 43
193 192 194 193 198 183 183 168 166 158 149 181 173 169 162 155 152 141 116 101 105 129 142 165 183 83 106 100 101 94 91 80 73 70 72 78 81 79 78 80 85 89 89 89 87 85 88 84 81 74 75 71 73 73 71 70 70 71 72 72 70 69 69 70 71 72 72 72 70 69 68 66 64 62 61 58 54 50 40 33 33 43 50 50 34 30 25 20 18 20 22 22 65 60 51 43
197 194 194 193 197 186 185 176 168 161 188 184 175 169 158 153 151 140 117 106 115 130 139 167 156 135 120 120 103 93 93 86 78 72 70 74 76 76 76 75 79 84 87 84 85 83 82 80 79 76 72 74 77 79 78 76 75 74 76 76 74 71 70 70 70 69 68 66 64 63 62 60 57 56 55 55 54 50 42 28 25 33 69 53 35 31 28 23 17 16 20 21 61 60 58 51
198 195 194 193 190 190 185 177 170 194 183 172 169 170 161 157 153 151 121 114 126 123 130 167 149 137 138 127 97 94 96 89 86 82 76 73 71 71 71 73 78 80 86 85 83 82 80 81 73 69 72 75 78 79 78 76 73 71 73 74 72 68 63 62 60 58 56 52 50 49 48 45 43 41 41 47 47 46 43 26 358 22 41 56 37 61 29 26 20 15 16 19 58 60 14 57
199 196 195 194 195 191 185 180 172 181 172 173 177 171 167 159 146 150 117 113 123 126 129 150 163 145 142 131 98 102 99 92 90 88 85 80 74 70 71 73 71 77 78 77 75 71 77 75 70 70 70 73 77 77 76 73 69 69 71 66 61 58 52 52 52 57 62 59 55 56 56 52 51 52 52 49 45 46 43 31 339 10 48 65 39 34 59 27 22 17 13 17 19 57 14 13
199 196 190 194 196 192 193 194 187 172 176 184 178 174 167 157 158 128 115 112 120 127 133 139 139 138 141 99 99 104 100 94 93 91 91 85 80 76 73 69 65 63 62 60 66 71 73 68 68 65 64 68 74 75 72 68 65 62 62 53 50 49 51 57 58 62 60 57 64 72 70 72 66 57 56 59 68 52 43 37 1 8 54 72 57 35 30 27 24 19 14 14 17 16 14 13
198 180 188 194 191 192 183 189 187 177 188 188 181 177 170 150 111 117 124 120 132 131 127 132 129 133 126 97 107 96 99 97 94 93 93 86 84 83 78 72 62 64 70 71 72 72 65 61 57 53 53 58 64 63 59 58 57 48 51 58 59 60 63 66 68 68 66 66 69 70 70 67 62 57 59 59 62 60 51 39 25 15 35 46 61 32 29 27 24 22 17 13 15 15 13 13
