examples/cougarCreek-fire/createInputs/WindNinja/wrfout_d3.2015081200.f16/cougarCreekFire_08-12-2015_1600_217m_non_neutral_stability_ang.asc
ncols	146
nrows	140
xllcorner	610065.000000
yllcorner	5095217.000000
cellsize	216.586807
NODATA_value	-9999.000000
[rows 48 to 95 of 140, columns 0 to 95 of 146]
198 189 196 199 192 190 182 194 197 191 193 163 185 177 126 117 127 125 139 135 129 124 123 127 128 154 107 110 105 99 99 98 95 94 90 85 84 86 83 81 87 80 79 78 67 66 63 60 51 44 44 42 44 44 43 47 52 70 74 73 70 67 68 72 73 72 71 69 68 68 62 60 62 62 57 57 65 63 55 40 30 18 13 31 49 59 29 27 24 22 18 14 12 14 14 13
188 196 192 185 189 193 199 190 185 199 196 165 154 141 159 165 160 155 145 137 126 127 126 122 128 151 140 130 100 92 100 97 92 96 90 83 81 85 83 90 87 83 84 79 72 55 53 48 37 32 30 34 54 56 55 62 65 69 73 75 63 59 59 69 70 69 68 65 63 62 60 59 58 54 54 53 53 51 47 48 32 22 16 22 29 29 47 45 24 22 39 16 15 13 15 13
185 183 184 190 198 191 185 192 187 181 174 166 156 178 176 160 152 141 137 134 125 131 130 130 126 128 92 88 86 97 103 97 95 97 92 83 81 84 84 84 92 85 86 83 74 66 60 51 43 39 47 50 51 57 64 69 61 62 71 73 65 62 58 58 67 64 61 58 56 54 54 54 50 52 52 48 38 37 41 47 33 28 24 23 26 28 27 25 23 47 42 37 16 13 12 14
185 186 189 202 195 190 198 193 188 183 175 167 159 187 164 154 147 139 138 134 121 115 128 118 130 118 104 87 99 109 108 98 99 97 93 86 81 87 87 85 85 85 85 86 74 68 60 53 48 53 51 51 46 56 56 60 63 62 61 69 69 64 61 59 60 59 64 63 62 56 55 64 54 55 53 52 51 51 36 53 34 31 28 26 25 26 26 24 24 23 51 40 32 14 13 13
188 187 196 197 194 202 199 196 207 184 177 197 180 171 160 151 145 140 136 129 121 117 110 90 126 87 101 112 118 119 115 100 98 97 92 87 87 92 89 88 85 83 82 81 87 78 78 76 75 65 60 55 54 51 55 58 61 56 65 64 64 65 59 55 62 59 57 59 58 55 44 52 54 42 41 41 41 40 39 37 49 31 29 27 26 25 24 23 23 23 21 19 17 16 15 14
183 187 199 197 205 201 206 205 206 206 196 175 161 155 145 133 122 143 136 127 136 116 110 114 109 92 110 123 119 119 117 104 97 97 91 87 86 83 81 78 79 79 78 80 84 77 78 75 76 76 75 69 63 61 64 69 68 62 54 56 57 56 51 56 58 57 56 55 52 50 50 51 49 47 45 44 64 53 39 37 35 33 58 29 27 25 24 22 21 24 22 19 18 18 17 15
177 187 205 203 198 196 204 208 207 203 179 166 164 160 179 164 127 154 143 129 98 95 118 122 100 98 117 122 111 115 115 107 98 99 82 87 87 86 79 80 80 78 74 74 74 76 77 75 74 75 78 80 79 77 80 76 67 59 57 59 60 55 59 64 66 65 62 59 56 54 54 54 51 47 45 43 42 40 39 39 38 35 32 31 28 26 25 23 22 22 20 18 17 17 16 16
173 187 199 196 190 193 200 208 191 185 172 169 168 164 180 168 131 151 111 105 126 133 129 117 114 110 114 111 104 115 119 108 101 100 94 72 90 89 89 88 87 85 75 69 67 71 75 76 75 72 73 78 85 89 89 85 75 63 63 64 62 61 63 65 66 67 64 61 58 55 53 51 48 47 46 46 45 45 43 41 37 32 54 43 28 26 26 25 22 20 19 17 17 16 16 16
181 192 197 197 197 204 202 195 179 176 174 175 168 163 177 145 132 120 104 141 136 132 130 116 108 114 105 96 104 114 117 109 99 101 94 90 93 95 90 87 85 84 79 70 65 67 72 76 76 75 73 72 77 85 88 82 74 71 72 70 65 62 60 59 59 59 58 57 55 53 50 48 47 47 49 49 48 45 42 39 35 52 31 30 28 48 25 24 21 20 20 19 17 17 16 16
196 194 197 197 198 194 204 181 180 176 171 181 160 153 157 145 134 159 137 135 138 132 131 96 111 115 97 95 111 115 117 105 94 98 89 86 96 94 86 87 86 84 85 73 67 64 62 60 66 70 71 68 70 76 78 75 72 70 69 67 64 62 61 60 59 56 53 52 51 50 49 49 48 47 47 45 42 39 38 41 35 34 32 30 29 27 26 25 53 54 22 21 19 18 17 16
197 195 195 197 195 209 189 186 182 178 194 184 160 153 188 150 126 113 108 113 141 136 94 95 117 111 89 100 116 112 103 102 99 97 91 83 95 92 87 85 85 83 83 76 70 59 51 51 51 50 50 55 67 71 72 69 68 68 66 63 61 60 62 62 61 60 57 54 53 52 51 50 48 45 43 40 33 37 41 42 34 32 30 29 28 28 27 51 25 24 23 23 22 21 20 20
196 194 196 195 193 202 189 186 183 197 196 169 191 154 144 133 126 117 111 106 144 109 97 101 122 93 92 109 115 109 94 101 105 101 93 85 89 90 85 86 83 83 83 77 73 73 64 51 52 42 41 45 54 60 62 62 65 68 68 64 59 57 59 59 58 58 58 56 55 54 52 49 46 42 35 44 54 53 43 40 32 31 30 28 27 26 25 25 25 24 24 24 23 22 22 19
194 193 195 195 204 192 190 187 201 204 177 172 164 155 146 139 167 122 112 107 136 132 127 128 99 94 105 114 108 97 99 105 105 101 95 88 88 87 88 87 85 81 79 83 76 73 69 71 67 48 44 53 43 44 47 49 54 59 60 57 55 55 58 55 57 55 53 53 53 51 48 45 39 40 55 54 46 49 54 54 50 45 44 43 40 40 39 25 25 25 25 24 24 23 23 22
193 193 195 197 196 193 190 186 185 189 183 172 165 164 154 145 137 122 116 117 118 140 138 104 99 96 95 108 101 103 109 110 103 101 96 91 85 86 88 86 83 81 79 82 80 79 77 75 74 56 49 46 41 38 39 42 43 47 47 44 45 48 52 55 56 54 51 50 48 46 40 44 56 54 47 51 53 56 52 52 59 50 55 51 48 50 49 48 26 26 25 25 25 24 22 21
193 194 197 198 197 194 194 192 191 195 182 179 177 175 160 181 131 125 114 121 121 141 136 128 102 98 107 104 104 110 116 112 100 104 96 92 88 85 87 86 85 82 82 79 80 78 77 69 68 57 49 46 41 62 39 44 49 49 62 56 44 46 49 49 47 44 46 41 41 44 50 53 51 45 49 55 58 59 58 51 59 59 50 53 30 51 50 50 27 27 26 26 26 26 25 25
194 195 199 200 198 198 204 206 193 180 185 171 185 160 167 148 132 125 126 141 144 140 134 136 106 102 107 102 107 113 116 107 102 106 95 92 90 87 87 86 86 82 81 82 76 74 72 76 73 55 49 46 42 68 42 48 58 52 66 67 48 49 55 51 45 42 40 60 64 56 54 54 52 51 54 57 60 52 59 58 59 33 58 57 30 48 48 48 28 28 27 27 25 26 25 23
195 194 197 201 201 202 208 203 181 171 216 172 216 221 163 146 136 132 134 141 121 120 138 136 125 123 107 102 112 115 114 116 110 103 97 94 89 89 87 84 85 81 83 83 81 76 73 60 57 71 54 49 45 41 43 48 52 57 52 68 52 56 51 63 64 62 62 63 45 64 58 51 62 62 52 58 52 53 55 55 57 60 33 32 31 31 30 52 29 29 28 28 28 27 27 26
197 194 197 202 203 200 198 201 180 218 190 187 198 165 155 147 139 138 141 138 110 123 141 137 128 108 98 102 111 113 115 119 115 105 99 93 93 90 88 86 85 83 83 79 81 78 76 73 59 57 57 49 44 41 58 48 52 54 55 74 54 54 52 67 63 64 64 64 64 69 65 62 63 62 52 55 47 40 39 42 43 43 46 47 47 48 32 31 30 30 30 29 28 27 26 25
203 202 201 201 224 218 212 231 227 221 208 196 184 165 155 142 139 144 124 132 112 107 104 102 139 109 99 95 108 114 123 115 111 106 98 95 99 91 86 89 85 83 78 83 72 71 69 66 62 68 59 56 45 71 46 48 50 53 56 56 70 55 74 72 71 66 54 67 64 66 64 53 61 62 62 53 38 39 43 47 47 45 45 42 38 38 31 31 30 30 30 28 28 27 27 27
199 200 201 196 223 223 242 233 207 215 199 189 180 167 156 150 142 150 126 154 134 127 106 103 142 111 101 98 116 125 121 114 110 107 103 99 100 89 89 86 85 84 77 70 71 78 84 81 78 73 79 59 56 49 72 49 47 50 54 62 54 68 69 52 73 72 69 46 48 64 62 62 63 63 62 57 39 38 36 37 36 35 35 33 32 31 48 45 31 31 30 29 30 29 29 27
186 187 194 207 190 211 190 198 200 199 182 177 175 166 161 152 145 168 148 140 135 148 106 135 142 99 98 100 128 123 124 113 111 115 110 100 102 93 90 89 84 85 69 66 66 66 65 78 64 77 78 53 52 53 54 84 46 48 53 73 69 69 64 75 63 62 59 47 48 65 60 58 53 53 61 61 61 63 40 41 52 42 39 43 48 52 34 48 33 32 30 30 30 30 31 32
181 180 192 211 204 193 192 194 196 196 181 175 177 167 161 154 147 139 164 125 142 150 144 142 145 100 100 104 132 123 126 115 109 111 113 108 104 96 92 90 84 76 81 67 66 65 64 64 63 62 62 54 53 54 56 56 92 49 53 58 67 57 57 71 73 71 69 48 48 48 64 60 59 51 57 59 62 42 45 39 38 36 35 35 34 34 35 34 33 33 31 31 31 30 30 30
187 189 199 216 201 189 190 195 197 195 187 184 175 161 157 155 150 142 166 127 121 152 133 146 122 102 102 124 129 132 127 124 110 111 115 105 106 97 93 87 85 85 80 69 67 66 77 76 61 60 54 54 53 76 55 56 56 54 55 56 59 55 56 56 56 68 68 69 49 49 65 64 63 62 61 61 61 41 51 47 42 44 39 34 33 32 31 30 30 31 30 31 30 29 29 31
192 194 198 197 202 189 191 196 197 192 191 189 175 172 162 156 152 144 168 130 146 156 112 129 107 106 108 136 133 133 129 119 89 85 116 112 102 99 95 89 91 83 79 80 67 65 65 74 62 61 60 53 61 77 77 56 56 55 55 56 56 68 53 53 53 54 53 61 69 50 50 71 64 63 63 61 61 60 59 57 38 36 55 43 35 33 32 33 43 42 34 33 36 29 30 32
195 194 195 196 200 190 194 198 196 191 193 191 194 193 146 158 153 146 160 132 126 119 113 133 109 112 117 135 138 134 130 118 111 121 115 111 104 87 102 89 89 88 73 77 74 65 64 75 62 55 60 53 73 78 57 58 58 57 56 59 60 58 73 59 57 51 57 48 48 54 49 67 64 59 59 61 57 61 57 60 58 56 59 47 34 51 53 51 50 31 51 53 51 51 33 34
195 194 196 196 197 193 195 196 191 189 191 191 193 172 155 161 155 148 141 135 129 122 115 159 111 114 147 145 138 111 132 117 112 118 105 112 90 97 104 90 95 88 74 78 79 65 75 64 62 54 61 52 73 53 78 57 58 57 55 56 62 62 64 75 71 68 58 63 60 59 60 61 62 61 60 61 59 58 58 57 59 56 57 55 49 53 60 60 56 32 33 55 56 53 36 37
193 194 195 195 196 194 195 193 187 187 190 190 175 181 167 162 156 149 142 137 131 124 118 139 113 121 149 148 118 140 126 117 117 100 109 117 91 98 106 92 94 89 86 85 69 67 65 65 63 61 53 72 73 54 56 76 56 55 53 55 61 64 62 79 74 70 71 70 65 63 66 64 63 44 61 58 60 59 58 57 58 58 57 59 57 53 57 53 55 58 34 35 61 55 37 38
192 193 194 199 192 193 195 192 187 191 194 195 183 179 167 162 157 151 144 168 134 127 121 117 131 133 152 123 147 137 133 120 131 97 118 110 92 101 107 97 96 89 86 73 69 77 60 73 55 63 53 51 75 54 56 75 77 55 53 54 58 62 62 64 75 61 67 59 57 69 45 46 68 60 45 59 59 59 58 58 58 58 52 51 57 56 56 58 52 53 61 36 37 62 38 38
191 192 193 194 190 193 198 192 190 200 183 179 175 177 167 163 158 152 182 142 136 130 125 120 142 157 155 151 141 145 139 127 133 121 121 95 93 104 89 99 93 90 86 83 69 67 78 57 55 64 54 53 53 55 56 67 78 56 55 55 54 57 60 58 73 71 69 69 57 65 72 63 60 66 60 67 59 59 58 57 60 57 48 50 55 55 58 58 56 50 36 57 37 37 38 38
190 191 193 190 191 198 201 192 195 204 182 204 177 172 168 164 159 153 148 143 138 133 128 152 143 159 158 153 150 149 140 138 132 129 114 95 82 106 89 104 84 83 80 76 69 67 76 58 55 64 54 54 53 54 55 67 78 56 55 54 79 55 57 57 66 74 72 72 68 61 69 69 71 70 46 47 45 65 57 58 57 56 59 57 57 35 56 54 56 53 47 36 55 38 38 40
190 190 192 189 194 190 198 191 197 199 196 187 178 174 169 166 161 155 150 145 140 136 131 139 145 162 158 155 153 151 150 139 140 132 107 86 83 97 105 98 88 85 82 78 74 71 69 74 55 65 65 54 54 54 55 57 77 77 76 54 54 56 56 55 55 75 73 72 65 48 47 48 71 70 47 46 66 58 60 58 57 56 56 56 54 36 37 57 56 57 58 54 37 39 40 41
188 189 191 189 192 189 197 191 195 196 192 184 183 174 170 167 162 156 152 148 143 138 171 131 129 164 161 159 155 154 145 137 136 135 109 88 84 99 103 103 88 86 84 81 78 75 71 67 78 56 66 56 54 52 55 65 57 75 78 56 56 57 58 55 53 63 66 65 63 47 45 46 47 62 64 60 44 45 59 61 59 56 57 57 56 37 38 38 37 38 38 60 58 40 41 43
187 188 190 185 192 189 188 194 195 195 192 189 193 174 171 168 163 158 154 149 145 141 144 134 145 166 165 121 159 141 152 143 140 138 112 90 85 101 92 112 90 87 85 84 81 78 73 63 65 58 57 56 52 52 57 59 55 71 62 55 55 55 56 78 52 52 71 62 63 58 57 57 46 46 61 64 44 45 60 59 58 61 40 41 40 39 39 39 39 40 40 40 41 59 42 44
186 187 189 182 188 187 187 198 191 189 188 194 194 174 172 168 163 159 155 151 147 166 140 138 147 155 129 125 146 149 142 148 145 142 115 108 106 123 114 80 77 75 86 84 82 80 74 61 62 58 56 55 51 54 58 66 70 51 57 64 53 53 53 52 68 51 60 67 64 57 61 65 58 46 46 45 44 45 60 60 58 40 40 41 41 40 41 41 40 41 42 42 42 60 43 43
186 186 188 183 187 186 186 198 186 181 186 178 193 174 172 169 165 161 156 153 182 155 143 141 149 168 133 129 158 147 147 158 148 138 118 111 111 106 103 81 78 76 88 85 82 81 76 62 70 70 56 54 53 57 70 65 62 73 61 58 74 52 52 51 50 50 51 70 65 66 58 58 59 57 46 56 60 45 46 62 59 42 41 41 42 41 41 42 42 43 43 43 41 44 45 44
185 185 186 186 186 185 185 198 184 181 194 177 186 175 182 169 165 162 158 183 177 149 147 144 151 139 137 133 163 142 167 162 134 129 124 117 134 90 106 82 79 93 76 87 71 69 66 72 70 72 70 55 56 69 82 68 55 65 64 59 62 74 67 50 49 47 48 61 67 67 65 63 59 60 60 58 60 69 70 65 67 43 43 43 44 44 43 42 42 44 43 45 43 44 44 44
184 184 185 185 185 185 184 198 186 189 179 177 176 175 173 169 200 163 160 181 159 151 150 148 146 176 140 165 160 144 163 159 118 112 145 99 139 92 109 84 82 79 76 74 72 70 67 66 72 64 73 58 68 73 71 57 57 56 66 54 64 65 62 63 66 66 60 59 69 65 66 58 68 61 63 66 67 68 68 47 45 45 44 44 45 44 45 44 43 44 44 46 45 48 47 47
182 183 184 184 184 184 183 194 189 200 179 201 169 175 173 170 167 190 184 175 155 155 153 151 150 178 177 173 163 137 156 162 122 117 151 145 139 118 89 86 84 81 77 74 72 71 69 67 67 65 63 63 63 61 60 59 59 58 57 56 56 67 53 63 72 70 71 47 58 67 67 58 58 70 70 69 68 68 49 49 48 47 46 45 45 69 46 46 45 45 45 45 46 49 49 51
181 182 183 183 183 183 183 182 194 180 178 181 176 184 172 171 189 183 175 168 159 158 157 162 153 184 148 176 166 159 159 165 159 122 155 144 145 140 92 89 103 82 78 75 74 72 70 69 68 67 65 65 64 62 61 61 60 59 59 58 57 56 55 55 76 73 72 61 59 58 58 65 64 66 70 48 70 48 49 48 47 62 47 47 46 46 46 47 47 65 47 48 50 49 50 51
179 181 182 182 182 182 182 182 181 179 178 171 176 182 188 192 190 172 176 163 162 161 160 159 177 183 153 181 147 172 144 170 134 128 122 115 107 100 138 131 87 83 80 78 76 73 71 70 70 69 68 67 66 64 63 62 61 60 60 59 58 57 56 55 68 75 74 63 61 46 47 68 67 65 68 67 67 70 71 67 47 59 48 48 47 47 47 46 46 47 48 49 49 50 51 51
178 179 180 180 181 181 193 181 180 179 178 172 176 171 185 192 189 172 177 166 165 165 164 162 184 159 157 155 153 151 181 180 162 133 127 159 112 106 145 93 89 85 82 80 78 76 73 72 71 70 70 69 90 66 65 64 63 62 61 60 59 58 57 56 78 75 66 73 72 71 47 70 69 68 49 49 50 50 51 67 49 49 49 50 48 49 48 48 48 49 49 50 51 51 53 54
177 178 178 179 180 180 190 179 179 179 178 180 177 176 186 194 188 174 175 169 168 168 167 184 164 163 161 159 158 156 153 175 168 139 133 126 118 111 152 98 92 88 85 83 81 79 76 74 73 72 71 69 91 91 66 65 64 63 62 61 60 59 57 80 69 76 75 74 73 72 72 71 70 71 67 65 66 50 51 51 51 51 50 50 50 50 50 49 49 49 50 51 52 54 56 72
176 176 177 177 178 179 179 178 178 178 178 183 177 177 184 197 188 173 173 171 171 171 170 170 169 167 165 164 180 184 184 178 172 144 139 132 124 117 110 102 96 91 88 85 83 80 78 76 74 73 72 71 69 92 67 66 65 63 62 61 60 84 58 81 79 77 74 74 72 71 73 73 51 52 72 72 69 71 68 51 51 51 50 50 50 51 51 50 49 50 52 78 77 81 82 83
175 175 175 176 176 177 177 178 178 177 198 178 178 169 183 193 184 175 175 174 174 174 185 173 172 171 194 189 189 188 181 174 170 149 144 137 129 122 114 107 101 95 90 87 123 81 79 78 76 74 73 72 70 91 68 67 66 64 63 62 61 84 83 81 80 55 76 74 68 69 50 71 52 53 53 71 74 53 74 70 70 69 68 51 51 51 52 51 51 52 54 57 58 86 62 64
173 174 174 174 175 175 176 177 177 176 193 177 168 179 182 186 184 175 177 177 177 177 195 176 176 175 185 188 195 191 173 165 160 155 149 142 171 127 166 157 106 100 120 90 87 84 82 80 78 77 75 73 71 87 87 67 67 65 64 63 62 61 83 81 81 56 55 75 71 69 49 70 51 53 74 75 74 74 74 71 70 72 54 75 54 72 72 71 53 54 57 58 58 60 66 67
171 171 172 172 172 173 173 174 174 174 174 180 176 181 176 183 187 182 176 177 177 176 194 175 175 199 185 188 186 183 172 165 161 156 151 180 137 130 122 115 110 104 99 94 90 86 84 82 80 79 77 74 72 90 87 91 66 89 64 63 62 61 82 79 80 57 55 76 72 69 66 71 51 53 76 75 74 55 69 65 55 54 69 56 55 78 55 79 67 55 75 79 65 62 69 71
168 168 169 159 170 170 171 171 172 171 172 172 181 173 174 174 186 184 175 175 175 175 174 195 174 200 188 183 175 179 179 166 176 184 184 146 139 133 127 120 115 109 104 98 93 89 87 85 83 81 79 77 74 71 86 87 86 83 87 63 62 61 82 74 57 75 78 52 72 69 68 72 51 52 75 77 77 76 69 70 70 70 54 67 69 72 72 56 80 81 59 60 61 65 70 72
165 165 166 167 168 168 169 169 169 169 169 170 170 174 171 177 182 187 173 173 173 173 173 173 172 172 185 173 171 169 167 177 184 188 152 147 142 136 130 172 119 114 108 102 97 93 90 87 85 84 82 79 76 73 83 77 79 81 81 85 62 61 80 72 56 65 69 72 70 69 67 70 75 77 77 52 53 53 71 70 70 69 54 55 55 70 55 56 57 59 61 62 63 63 66 71
