examples/cougarCreek-fire/createInputs/WindNinja/wrfout_d3.2015080912.f14/cougarCreekFire_08-10-2015_0200_217m_non_neutral_stability_vel.asc
ncols	146
nrows	140
xllcorner	610065.000000
yllcorner	5095217.000000
cellsize	216.586807
NODATA_value	-9999.000000
[rows 70 to 104 of 140, columns 0 to 78 of 146]
9.84 10.77 12.74 15.44 13.60 11.41 11.33 12.46 13.62 13.72 11.88 12.19 14.26 15.90 13.24 8.52 7.49 7.48 5.81 8.70 9.83 7.64 8.35 8.25 9.36 10.09 13.28 13.30 10.89 10.76 12.55 9.68 8.49 8.24 9.20 11.35 11.27 10.40 11.25 14.43 16.74 16.70 14.97 10.34 5.77 5.96 7.63 11.68 12.12 12.31 13.33 13.24 14.68 13.89 16.68 14.19 10.61 9.94 16.15 23.33 25.53 23.87 23.67 23.35 21.37 18.73 16.51 16.27 18.49 21.61 23.23 18.83 13.59 11.44 13.23 17.43 19.56 21.22 20.29
10.14 11.60 13.64 13.82 13.21 11.09 11.34 12.84 13.55 12.82 12.22 13.08 15.32 14.82 13.63 8.79 9.05 8.67 7.04 8.95 9.65 8.25 9.28 9.56 9.93 10.93 13.75 12.09 9.66 11.18 12.80 9.77 10.90 10.32 9.71 10.86 10.38 9.94 10.93 14.63 15.23 13.88 13.79 10.52 7.69 6.55 7.79 9.45 11.61 12.29 13.09 13.99 13.93 14.07 13.61 14.57 11.45 9.21 12.56 20.14 24.98 25.79 25.48 23.34 19.68 17.18 15.99 15.81 16.09 19.30 20.53 19.17 14.37 10.60 11.68 15.26 18.66 20.68 19.96
10.93 12.62 13.98 13.64 12.76 11.01 11.65 13.10 13.14 12.34 12.87 13.16 16.08 17.59 12.79 6.97 8.45 8.00 6.35 8.45 9.57 9.61 9.88 10.34 10.52 11.64 13.33 10.43 10.12 12.48 12.28 9.56 9.21 8.51 11.47 11.26 9.64 10.24 10.93 13.54 13.46 12.77 12.41 14.80 9.98 7.37 7.37 7.88 11.27 13.13 13.03 14.26 12.01 14.26 16.65 15.02 12.00 9.21 11.01 17.07 23.59 27.06 25.63 23.33 18.61 15.96 15.46 15.48 16.37 16.50 19.15 18.64 14.83 10.96 10.88 15.29 18.89 19.44 19.31
12.01 13.12 13.77 13.36 12.09 11.30 11.83 12.95 12.22 12.04 12.82 12.93 16.15 15.65 9.99 4.29 6.41 5.34 4.73 8.66 10.55 10.54 10.98 11.25 11.20 13.74 12.33 10.91 12.92 12.14 10.78 9.36 8.59 9.97 12.52 11.51 10.51 8.74 10.58 13.24 13.33 12.18 12.00 15.15 10.16 7.84 7.69 9.27 11.16 13.04 13.03 14.32 11.84 15.83 14.15 15.68 12.66 9.85 10.71 15.72 21.92 26.37 27.50 22.70 18.31 14.93 14.83 15.01 15.08 16.58 18.37 16.02 13.75 12.04 11.42 14.57 20.00 19.89 20.06
12.69 12.94 13.22 13.05 11.78 11.43 11.92 12.24 11.60 11.53 12.11 12.89 14.72 12.88 7.49 3.00 5.41 4.16 5.87 10.41 12.07 11.69 11.96 11.92 11.86 13.77 11.56 12.95 12.54 11.70 9.67 8.95 8.49 11.74 13.29 11.03 10.34 9.52 10.47 13.86 13.67 11.23 11.71 13.49 11.85 9.29 7.85 8.75 10.65 12.45 14.05 12.00 13.78 15.54 16.62 13.23 13.43 10.43 10.69 15.62 20.66 24.29 26.66 23.52 18.63 14.34 14.14 14.39 13.68 14.26 17.32 17.52 15.49 13.18 13.11 15.55 20.28 20.07 20.62
12.74 12.76 13.13 12.59 11.43 11.55 12.16 11.87 11.19 11.50 12.43 13.98 13.01 10.39 6.18 3.56 5.52 5.38 8.44 11.23 13.40 12.87 12.69 12.51 12.85 13.18 11.88 12.03 11.74 11.13 9.54 9.01 11.53 13.29 13.01 10.00 9.88 8.25 10.40 13.15 13.60 10.96 10.57 11.38 11.98 9.74 9.70 9.59 10.89 12.51 14.27 14.56 14.88 15.55 16.54 16.39 11.54 10.86 11.54 15.88 19.40 22.37 25.25 24.24 19.31 14.53 13.58 13.86 12.60 12.09 14.55 16.97 15.99 14.17 15.06 18.13 20.50 21.57 20.47
12.76 12.91 13.16 11.92 11.13 11.35 12.39 11.93 11.17 12.58 12.46 13.96 13.28 10.40 6.61 5.08 5.74 6.34 10.86 14.48 14.08 13.56 13.54 13.79 13.54 11.89 12.17 11.76 10.62 11.16 10.35 9.69 12.78 14.02 11.11 10.64 8.96 8.45 10.67 12.84 12.68 10.89 10.06 11.14 12.30 12.55 11.43 10.15 10.76 12.38 14.46 14.81 14.96 15.53 16.19 15.33 12.16 12.06 13.19 15.91 18.18 21.02 23.38 23.13 19.51 15.24 13.28 13.30 11.80 10.34 12.44 16.01 16.63 16.03 16.36 18.56 20.70 21.42 21.45
12.87 12.99 13.03 11.42 11.08 11.93 12.90 11.82 11.97 13.53 13.12 15.80 12.90 10.52 7.57 6.25 5.42 7.89 13.13 15.07 14.36 14.40 15.15 14.57 11.57 10.92 11.57 11.35 10.97 12.01 11.42 10.25 13.27 12.93 10.47 10.01 8.99 8.74 11.26 13.12 12.34 11.12 10.53 11.32 12.74 13.59 10.61 10.42 10.80 11.95 15.02 15.21 14.76 15.30 15.89 14.97 12.09 13.58 14.49 15.78 14.15 19.69 21.57 21.69 20.15 16.18 13.22 12.25 10.73 9.56 11.31 15.00 17.61 17.12 18.32 19.27 20.99 20.01 21.37
12.91 12.95 12.95 11.20 11.39 12.50 12.75 11.48 12.39 13.41 14.30 12.90 12.23 9.85 6.22 6.64 6.43 10.59 14.55 15.38 15.44 16.12 16.19 14.22 11.35 10.06 10.82 11.31 11.50 12.33 13.29 10.46 11.91 11.07 10.08 9.36 9.27 9.79 12.73 14.86 13.09 11.07 11.99 11.51 12.95 13.04 11.35 10.54 10.97 12.34 14.79 15.05 14.14 14.96 15.93 15.93 12.00 11.54 11.96 15.70 16.52 18.55 20.01 19.87 19.53 16.34 13.56 11.04 9.42 9.02 11.51 16.33 16.97 17.50 18.68 19.16 20.93 22.66 19.84
12.94 12.95 12.98 11.27 11.32 12.51 12.50 11.63 12.25 12.77 13.18 11.79 9.91 8.56 4.74 5.69 7.54 13.02 15.37 15.87 16.67 16.87 13.70 11.05 8.24 8.66 10.71 12.30 12.01 12.89 13.17 10.56 10.33 10.72 9.84 10.03 10.25 10.54 14.69 14.95 13.22 11.29 11.27 11.69 12.94 12.02 10.81 10.74 9.97 15.34 14.57 13.82 13.12 14.48 16.50 17.16 14.59 10.61 12.82 16.11 16.95 18.10 18.62 17.73 17.87 18.18 14.58 10.57 8.94 9.44 12.90 17.72 19.77 19.69 18.02 19.16 21.64 24.14 21.05
12.95 12.97 13.01 10.95 11.27 12.42 12.77 12.12 12.24 12.40 12.48 11.48 10.63 7.47 4.16 5.03 9.78 14.97 16.11 16.98 17.54 16.52 11.21 8.64 4.82 8.29 11.61 12.58 12.76 12.07 12.55 10.67 10.18 11.96 10.33 10.87 11.25 11.39 14.74 13.18 13.04 12.54 11.39 11.63 11.71 11.18 10.83 12.64 15.47 16.15 14.27 11.91 12.15 15.01 17.75 16.86 13.35 11.84 14.62 17.28 18.30 18.25 17.30 13.19 15.55 17.56 15.01 11.38 9.80 11.27 12.80 16.25 20.10 20.20 17.94 20.00 20.84 24.00 23.18
12.97 12.99 13.02 10.85 12.32 12.59 12.93 12.83 11.96 11.65 11.53 11.85 10.15 6.86 5.28 8.04 13.40 16.39 17.14 17.86 17.53 15.29 10.87 7.94 5.95 8.93 12.13 13.17 12.58 10.37 12.02 11.92 12.00 11.59 10.57 11.10 10.45 12.40 15.06 14.31 13.25 12.95 12.92 11.40 11.02 10.80 11.46 13.65 16.32 15.45 11.99 10.51 12.79 17.27 18.39 13.37 11.44 11.04 15.11 18.15 19.68 18.46 16.13 13.70 13.51 16.38 17.22 13.19 11.54 13.46 15.62 15.49 18.28 21.23 20.51 19.17 19.75 22.40 21.25
12.96 13.00 12.99 10.81 12.48 12.84 13.06 13.08 11.39 10.64 10.72 11.31 9.93 8.20 8.71 12.18 15.54 17.04 17.61 17.74 16.34 10.34 8.53 6.69 6.00 9.82 12.70 13.54 11.96 10.21 12.08 13.63 12.71 10.52 10.42 10.49 10.93 13.92 13.95 14.39 13.79 13.55 13.02 10.98 10.53 10.65 11.87 14.11 18.49 13.09 10.86 11.11 15.02 18.55 15.98 10.41 10.25 12.31 15.14 19.85 17.74 18.32 15.60 13.08 12.66 14.87 16.67 13.93 13.80 13.07 16.58 16.32 19.03 22.01 20.36 17.74 18.44 20.08 18.28
12.96 13.01 12.93 12.60 12.70 12.98 13.16 13.26 11.21 10.37 11.57 11.73 9.34 9.89 9.08 14.36 16.30 17.18 17.46 16.90 14.21 11.20 7.18 6.08 6.45 11.71 13.42 13.80 12.46 11.50 13.25 14.24 12.25 11.15 10.77 10.98 12.38 13.41 13.61 14.89 14.67 14.04 12.44 9.78 10.92 11.86 12.45 13.82 15.77 12.71 11.63 13.12 16.69 15.94 11.69 8.91 10.87 14.10 16.13 19.55 19.55 16.18 15.85 13.81 13.05 13.54 15.57 15.93 14.90 14.48 15.78 17.89 18.82 21.90 18.18 16.23 16.46 16.90 16.09
12.99 13.02 12.91 12.77 12.94 13.14 13.34 13.21 11.17 11.22 12.58 12.83 9.28 11.57 13.17 15.38 17.63 16.84 17.41 16.05 11.85 8.58 6.01 6.45 9.97 13.37 14.04 14.38 13.27 11.95 12.23 12.48 13.08 12.41 10.80 12.61 13.89 13.59 13.96 15.73 15.56 14.26 11.24 9.05 10.52 12.10 12.50 13.37 15.02 13.83 12.38 14.88 15.52 11.99 9.21 10.42 13.16 16.54 17.18 18.32 18.61 17.03 15.75 13.87 13.17 12.22 13.96 16.85 16.06 15.68 15.69 18.48 17.03 19.59 16.77 14.50 14.51 16.75 15.41
12.99 13.05 12.98 13.02 13.20 13.30 13.40 12.69 11.59 13.06 13.75 14.66 10.98 10.65 13.75 14.93 15.52 16.49 16.46 13.72 9.72 6.07 4.90 7.10 11.31 14.09 14.89 14.39 13.38 13.49 11.01 12.25 13.08 12.83 11.48 13.00 13.56 13.05 14.77 16.17 15.98 13.10 8.26 6.80 10.75 12.67 12.62 13.12 14.11 14.88 14.91 14.63 12.40 9.24 9.78 13.07 15.57 17.19 17.71 17.64 17.67 16.56 16.55 14.99 12.94 12.08 13.23 17.76 17.80 16.67 16.54 17.98 17.46 15.70 14.96 13.10 13.86 16.95 15.54
13.04 13.09 13.08 13.22 13.32 13.26 13.26 13.05 12.36 13.41 14.70 12.68 13.15 10.42 13.07 14.18 14.87 15.55 14.30 11.56 7.98 5.10 5.29 6.43 12.69 15.00 14.23 14.26 13.39 11.33 10.83 14.38 12.17 13.23 11.49 13.07 12.72 13.12 14.45 15.85 13.97 9.68 4.49 5.60 11.48 13.28 12.81 13.40 14.52 15.27 14.79 13.05 10.41 9.79 12.22 15.22 16.67 16.63 17.00 17.07 16.93 16.63 16.49 15.37 13.50 11.95 14.02 17.05 17.67 17.77 18.74 17.10 16.54 14.50 12.79 12.34 14.56 17.54 15.73
13.07 13.12 13.28 13.42 13.37 13.26 13.26 13.12 13.19 13.97 15.02 11.79 11.76 9.24 11.56 13.71 15.15 14.26 12.81 9.47 6.42 5.14 6.72 11.19 12.88 14.70 14.01 14.21 13.72 12.53 13.49 14.85 14.02 13.38 12.72 12.84 13.12 13.26 14.59 14.84 12.49 6.91 2.89 6.69 12.65 13.99 13.50 13.91 14.35 14.63 13.91 12.18 10.70 11.62 14.01 15.89 16.25 15.74 16.39 16.70 16.55 16.50 16.41 15.64 13.69 13.10 14.93 17.01 17.23 17.84 18.08 16.53 14.83 13.18 12.20 12.80 14.52 16.44 13.81
13.13 13.30 13.58 13.52 13.37 13.34 12.73 13.27 13.50 14.19 14.75 10.96 10.50 8.26 11.34 13.88 14.80 13.21 11.16 8.84 4.94 5.32 8.83 12.75 13.93 14.12 13.89 13.96 14.00 13.92 15.05 14.76 12.12 13.29 12.46 11.77 12.93 12.77 12.96 12.26 9.99 6.37 5.62 9.89 14.00 14.57 13.93 13.51 13.59 14.00 13.48 12.60 10.11 13.03 14.60 15.64 15.65 15.47 16.07 16.46 16.47 16.50 16.45 16.07 13.75 13.85 15.94 16.23 15.90 14.58 15.06 14.93 14.42 13.39 13.00 14.53 18.23 18.86 13.99
13.25 13.44 13.60 13.34 13.24 13.20 12.38 13.27 13.48 13.93 14.06 10.52 9.95 10.36 11.65 14.50 14.23 12.17 9.52 6.87 4.63 6.80 11.17 12.94 14.44 14.38 14.35 14.51 14.39 14.24 14.26 14.02 12.34 13.02 12.29 12.27 12.56 12.26 12.32 11.10 9.37 8.50 10.09 12.83 14.53 14.37 13.35 12.71 13.33 13.96 13.77 13.52 10.66 10.74 14.58 15.27 15.37 15.43 15.85 16.33 16.48 16.51 16.53 14.18 14.71 14.14 15.35 16.10 14.84 12.84 11.64 13.13 14.84 14.14 13.40 14.34 16.20 18.15 12.91
13.32 13.46 13.49 13.26 13.17 13.09 13.13 13.28 13.37 13.55 13.42 10.42 10.07 10.91 11.91 14.87 13.44 10.41 7.75 6.91 6.99 9.76 12.91 14.37 14.71 14.67 14.67 14.65 13.76 14.31 14.68 13.42 12.37 12.99 12.33 12.03 12.22 12.11 11.63 11.15 10.71 11.21 12.38 13.37 13.88 13.52 12.67 12.73 13.71 14.18 14.16 13.98 13.74 10.87 14.47 14.98 15.31 15.46 15.76 16.21 16.48 14.25 16.55 14.56 14.41 14.81 15.50 15.54 13.42 10.44 9.15 11.57 14.99 16.36 16.03 15.61 16.33 15.42 11.15
13.25 13.42 13.47 13.29 13.23 13.18 13.22 13.30 13.32 13.29 13.80 9.91 10.57 9.08 12.27 14.04 12.23 11.66 9.72 8.54 9.48 11.74 12.34 14.59 14.75 14.79 15.28 14.34 14.37 14.67 13.56 12.39 11.49 12.59 11.86 11.64 12.02 12.04 11.68 11.72 11.84 11.99 12.37 12.83 11.81 12.92 12.75 13.30 13.99 14.29 14.32 14.15 13.97 10.76 14.48 14.83 15.22 15.37 15.54 16.01 16.39 14.08 14.22 14.04 14.39 17.04 15.79 14.64 12.15 8.36 8.04 10.36 15.91 17.65 17.76 16.28 15.99 16.40 11.25
13.13 13.39 13.55 13.34 13.27 13.12 13.03 13.18 13.14 13.02 12.79 10.11 9.78 10.65 12.28 12.76 11.52 9.77 10.60 10.34 11.23 12.90 14.25 14.55 14.56 14.77 13.45 14.02 15.00 14.71 12.06 13.37 12.51 11.87 11.59 11.80 11.75 12.07 12.89 13.96 12.41 12.14 14.12 12.87 12.86 12.82 13.11 13.52 13.97 14.29 14.37 14.27 14.18 10.75 11.00 14.71 15.06 15.23 15.38 15.86 16.24 16.42 14.03 14.11 14.13 16.71 17.21 13.86 11.24 7.66 8.33 10.73 16.68 18.13 16.50 15.45 15.09 14.34 11.21
12.97 13.41 13.67 13.26 13.08 12.82 12.74 12.96 12.91 12.83 12.69 10.84 12.41 11.44 13.71 11.90 11.64 10.48 11.68 11.71 12.39 13.50 13.92 14.30 14.45 15.60 13.77 14.07 13.90 12.99 11.66 12.71 12.10 11.93 12.08 12.71 12.22 12.06 12.30 12.85 12.83 12.40 12.67 13.07 12.70 12.72 13.20 13.49 14.01 14.37 14.49 14.45 14.41 10.97 11.18 11.40 15.07 12.20 15.41 15.81 16.15 16.36 13.82 14.22 13.74 16.19 16.19 13.03 10.71 8.50 9.89 11.73 17.08 17.95 15.78 14.87 14.56 16.53 11.62
12.98 13.49 13.68 10.62 12.68 12.56 12.57 12.85 12.99 13.00 12.97 12.90 11.52 13.32 13.41 13.06 11.60 11.15 12.38 12.40 12.74 13.30 13.82 14.07 14.23 15.84 14.15 12.92 11.78 12.02 11.74 10.52 11.00 12.50 13.10 12.56 12.59 12.57 13.16 13.81 13.35 12.80 12.90 12.81 12.35 12.65 13.26 13.64 14.12 14.45 14.60 14.62 14.55 14.60 11.25 11.33 11.55 11.81 12.24 15.74 16.04 16.22 13.69 13.76 15.83 12.99 13.26 13.33 9.89 8.95 10.87 12.33 16.89 17.23 15.20 15.29 16.07 14.86 12.47
13.32 13.59 13.40 12.71 12.45 12.46 12.54 12.95 13.26 13.31 13.27 13.20 13.24 11.15 13.22 11.20 11.40 12.73 12.77 12.60 12.52 12.87 13.37 13.60 14.14 14.68 13.50 11.75 13.26 12.98 13.06 11.41 12.54 13.54 12.81 13.01 13.12 13.26 14.07 15.87 13.48 12.78 12.60 12.30 12.26 12.79 13.44 13.79 14.07 14.45 14.70 14.73 14.64 14.71 11.58 12.80 12.46 12.05 11.96 12.26 15.90 16.12 13.04 13.21 15.97 13.73 12.33 10.95 10.13 9.92 11.24 12.18 14.73 14.88 14.61 16.06 16.68 16.99 13.20
13.57 13.34 12.83 12.47 12.29 12.39 12.69 13.17 13.43 13.47 13.34 13.26 13.30 11.45 11.05 10.91 12.94 13.04 10.54 12.48 12.29 12.51 13.32 13.86 14.60 15.43 12.30 11.24 12.18 14.56 13.33 13.15 12.92 12.91 13.16 13.46 13.50 13.65 16.34 14.15 13.10 12.44 12.23 12.10 12.41 13.04 13.58 13.82 14.07 14.55 14.83 14.82 14.80 14.92 15.16 15.37 15.45 15.47 15.53 15.67 12.26 12.88 12.85 13.00 13.09 13.80 14.01 11.51 10.76 10.96 11.56 12.12 12.93 13.13 13.64 14.90 16.37 16.52 14.86
13.98 13.31 12.64 12.50 12.20 12.24 12.89 13.22 13.29 13.36 13.24 13.28 13.42 11.89 13.36 13.18 13.20 12.03 12.85 12.32 12.40 13.12 13.84 14.49 14.72 12.55 11.40 12.27 13.26 13.48 13.46 13.25 13.21 13.34 13.62 13.87 13.82 13.72 14.04 14.21 13.33 12.50 12.07 11.90 12.36 13.13 13.61 13.84 14.17 14.67 14.98 15.08 15.10 15.16 15.43 15.68 15.68 15.55 15.62 15.79 15.95 12.63 13.10 13.11 12.79 14.95 14.17 13.90 13.85 13.89 14.12 14.69 15.03 12.81 13.15 14.11 15.93 15.94 15.53
14.55 13.78 12.96 12.45 11.83 12.37 13.21 13.24 13.26 13.41 13.27 13.38 13.60 11.67 13.42 13.21 11.61 11.18 12.60 12.40 12.98 13.87 14.52 14.65 14.30 11.53 11.68 13.37 13.53 13.61 13.53 14.44 13.45 13.65 15.29 15.20 15.55 15.35 16.30 15.92 13.82 12.58 11.63 11.48 12.23 13.14 13.55 13.79 14.21 14.82 15.33 15.43 15.31 15.39 15.81 15.98 15.80 15.60 15.68 15.86 15.92 15.98 16.11 16.08 12.94 15.11 14.61 14.58 14.48 14.19 13.98 14.23 14.61 12.70 13.04 13.25 14.53 15.72 15.83
15.14 14.68 13.56 11.83 11.29 12.76 13.34 13.30 13.41 13.33 13.18 13.56 13.79 13.61 13.45 13.18 12.93 12.81 12.62 12.97 13.67 14.32 14.45 14.00 11.97 11.87 13.41 13.62 12.45 13.14 13.40 13.40 13.53 15.42 15.05 15.23 14.97 14.52 15.74 17.47 14.32 12.30 10.50 10.62 11.90 13.05 13.60 13.85 14.35 15.31 15.91 15.64 15.35 15.70 16.20 16.17 15.83 15.63 15.74 15.92 15.88 15.90 16.08 16.14 15.88 15.38 15.18 15.34 14.96 14.03 11.57 11.63 12.52 14.56 12.86 12.94 13.55 15.87 16.09
15.78 15.26 12.36 9.44 10.96 13.33 13.41 13.51 13.46 13.03 13.20 13.89 13.96 11.47 13.29 12.84 12.77 12.90 12.98 13.40 13.73 13.55 13.66 13.16 13.20 13.43 13.63 13.71 11.53 13.16 14.72 13.59 13.81 14.07 14.35 13.88 14.31 13.17 14.45 15.88 14.89 11.35 8.96 9.60 11.99 13.53 14.00 14.07 14.78 16.11 16.33 15.60 15.49 16.25 16.69 16.31 15.81 15.64 15.81 15.96 15.89 15.89 16.13 16.26 16.06 15.62 15.60 15.91 15.17 11.71 11.19 11.15 11.89 12.45 13.03 15.08 15.62 13.72 16.24
15.70 14.27 10.41 9.06 11.83 13.88 13.89 13.87 13.29 12.71 13.34 13.87 13.60 13.23 12.87 12.63 12.91 13.08 13.08 13.20 13.08 12.95 12.82 12.92 13.44 13.71 13.73 11.75 11.26 13.25 13.53 15.43 14.71 14.08 13.08 13.07 12.90 13.64 15.16 16.04 13.45 8.95 7.24 9.12 12.92 14.45 14.40 14.37 15.28 16.41 16.27 15.70 16.05 17.01 17.15 15.08 14.31 14.38 15.89 16.05 16.01 15.97 16.17 16.30 14.10 13.57 13.73 16.09 14.98 12.20 10.80 10.78 11.94 12.58 15.05 15.36 13.28 13.29 14.11
14.56 13.08 11.30 10.73 11.98 14.16 14.57 13.88 12.70 12.50 13.25 13.47 13.19 12.94 12.83 12.95 13.22 13.23 10.55 12.86 10.78 12.45 12.78 13.49 13.85 13.84 13.51 12.09 12.97 13.44 13.76 13.92 14.01 13.66 13.06 13.55 15.29 16.64 16.99 14.79 10.84 6.61 5.95 9.20 16.26 15.12 16.86 17.45 15.46 16.35 16.57 16.40 16.90 17.72 14.82 13.76 12.53 12.75 14.54 16.31 16.17 15.97 16.07 16.19 16.09 15.80 15.78 15.94 14.60 11.49 10.03 12.05 14.44 15.01 12.64 15.14 15.65 16.14 13.71
13.51 12.98 12.35 11.04 11.70 15.02 15.51 13.54 11.87 12.22 13.21 13.34 13.33 13.13 13.06 13.35 13.44 13.30 12.97 12.48 12.25 12.76 13.45 14.09 13.97 13.75 13.35 12.41 13.66 13.72 14.32 13.85 13.82 13.84 13.56 13.52 14.46 14.62 13.83 11.66 8.97 7.57 8.27 11.95 17.26 17.61 17.17 14.72 18.98 20.04 17.11 16.82 17.63 18.42 16.54 14.59 13.40 13.83 16.43 16.80 16.29 15.75 15.81 16.04 16.16 15.95 15.82 15.68 14.15 11.03 9.55 11.89 14.83 15.10 12.85 14.77 13.39 14.09 14.31
13.01 12.97 12.22 11.49 13.21 15.96 15.69 12.65 11.13 12.38 13.34 13.42 13.48 13.13 13.51 13.60 13.48 13.22 12.81 12.28 12.57 13.33 13.95 14.26 13.15 13.57 13.35 12.27 13.80 13.95 12.80 13.24 13.76 13.80 13.82 12.45 12.80 13.60 13.35 12.36 11.38 10.28 12.41 16.08 17.76 14.96 14.58 14.98 19.25 20.06 19.88 18.83 18.46 19.37 17.75 15.05 13.66 15.57 17.16 17.47 15.50 14.17 15.38 16.03 16.40 16.19 15.93 15.43 11.51 8.81 8.90 10.21 14.90 13.88 14.03 14.67 16.08 14.52 14.56
