examples/cougarCreek-fire/createInputs/WindNinja/wrfout_d3.2015080912.f14/cougarCreekFire_08-10-2015_0200_217m_non_neutral_stability_vel.asc
ncols	146
nrows	140
xllcorner	610065.000000
yllcorner	5095217.000000
cellsize	216.586807
NODATA_value	-9999.000000
[rows 35 to 69 of 140, columns 0 to 78 of 146]
6.53 7.01 7.40 7.23 7.70 7.68 7.50 7.40 11.61 11.65 11.68 10.80 12.25 12.78 12.12 11.79 12.09 12.30 12.30 12.97 14.73 16.13 16.93 17.83 19.37 19.77 17.51 15.17 21.09 36.21 42.72 34.24 26.76 28.92 25.11 19.19 16.81 13.94 12.57 14.56 16.09 15.12 15.01 15.47 14.69 16.15 17.76 17.77 3.95 3.84 5.36 7.31 13.48 20.53 22.78 24.69 24.52 22.22 20.17 25.96 25.48 26.16 19.09 18.19 12.60 11.70 10.51 9.83 9.76 10.27 10.62 9.60 15.99 5.97 5.52 6.08 5.07 5.16 9.16
6.43 6.92 7.32 7.96 7.70 10.56 10.80 7.32 11.66 11.58 11.08 10.49 10.58 12.57 12.72 12.74 13.14 13.84 14.10 14.94 15.64 15.89 16.92 17.30 17.74 17.50 19.64 20.43 26.41 35.05 39.03 34.55 31.05 29.03 28.54 25.38 21.33 7.21 5.43 5.38 7.56 8.59 9.81 16.92 16.85 18.00 17.90 16.69 18.78 6.67 7.48 8.42 10.90 14.03 17.04 19.34 20.33 19.94 19.07 18.45 18.38 18.31 18.40 24.89 18.59 13.20 12.27 11.67 11.52 19.77 13.59 12.51 9.42 7.92 6.66 5.60 4.98 4.34 5.70
6.34 6.83 7.30 7.93 7.73 7.63 7.48 10.98 7.10 10.69 10.46 10.56 10.59 12.01 11.83 12.13 12.36 13.06 13.39 13.52 13.94 14.53 15.83 16.48 16.87 17.07 17.72 20.16 25.85 37.51 41.29 33.99 34.29 28.13 29.13 26.27 25.21 23.68 20.46 17.49 8.83 18.05 11.88 12.93 13.76 4.99 5.33 15.38 18.71 17.96 19.12 9.45 11.61 18.04 14.32 16.36 17.11 16.51 15.58 15.45 16.07 15.58 15.13 14.81 14.12 12.71 11.51 10.81 10.57 10.93 13.09 14.36 24.74 11.53 10.29 7.70 5.37 4.42 4.42
6.34 6.86 7.32 7.89 7.84 7.75 8.74 7.03 10.38 10.03 10.65 10.71 11.05 10.86 11.12 11.65 12.02 12.09 12.96 13.71 14.03 14.12 14.78 16.07 15.98 16.25 17.36 19.13 23.78 40.05 51.16 37.43 31.74 31.24 25.01 21.56 17.23 12.36 9.66 14.76 16.76 18.47 7.53 7.79 6.38 5.85 6.33 5.46 18.15 16.87 21.85 21.19 24.39 20.42 18.66 19.78 20.85 20.52 14.59 14.50 14.41 13.79 13.17 12.99 12.22 10.58 8.51 7.32 7.41 7.85 8.75 10.38 10.79 10.85 11.27 11.80 10.22 7.23 5.94
6.50 6.95 7.28 7.82 7.85 7.73 8.32 6.96 10.42 10.66 10.93 10.84 9.81 11.02 11.25 11.71 12.01 11.96 12.52 13.30 13.90 13.90 14.45 15.77 16.02 17.06 17.14 19.40 21.24 39.11 56.20 47.08 25.79 25.32 25.85 24.53 24.68 22.56 16.88 4.05 3.77 16.21 3.38 5.91 13.72 18.80 20.02 20.58 21.67 21.14 21.46 23.26 23.43 25.70 29.92 26.43 25.85 23.97 22.38 17.90 15.49 13.99 14.75 15.84 15.54 14.60 13.30 11.31 10.70 10.32 9.41 6.31 6.91 7.00 6.73 8.93 11.83 13.01 12.25
6.66 6.95 7.28 7.75 7.77 7.51 8.28 6.97 7.05 10.71 11.04 10.98 10.80 11.52 11.02 11.39 11.60 11.65 11.73 12.44 13.41 13.95 14.24 15.26 13.96 16.49 16.85 18.70 22.98 38.53 51.17 43.85 25.10 17.57 21.71 22.56 21.19 19.72 20.51 12.55 10.30 10.18 11.00 4.16 3.91 3.90 5.43 7.33 7.62 21.01 22.00 22.30 24.46 24.44 12.13 13.78 29.56 30.02 14.18 28.47 29.34 22.87 18.44 18.94 18.03 17.71 17.49 15.75 15.50 15.34 14.60 13.19 12.49 6.28 3.48 2.90 3.07 7.46 12.76
6.75 7.00 7.26 7.71 7.77 8.59 6.99 7.09 7.10 10.73 11.18 11.06 10.57 10.62 10.30 10.78 10.88 10.76 11.99 12.49 13.14 13.72 14.15 11.87 12.52 15.29 16.10 18.12 23.07 39.12 49.69 42.36 27.77 21.91 23.21 22.50 21.41 18.96 16.70 17.53 17.01 16.94 17.95 18.62 19.51 16.65 7.00 7.05 17.87 17.84 20.35 18.80 10.72 20.66 24.29 24.94 24.31 23.78 13.85 13.85 23.68 19.71 22.54 24.91 24.95 24.33 25.57 26.93 25.34 25.29 25.01 21.14 18.58 18.03 16.51 15.60 5.55 4.29 2.64
6.85 7.00 7.15 7.25 8.11 7.20 7.13 6.87 7.18 7.03 7.05 10.81 10.18 10.09 10.06 10.14 10.62 11.30 11.93 12.16 13.10 13.47 11.65 10.24 14.21 14.74 15.73 17.40 19.97 35.21 55.06 58.28 40.70 26.51 23.18 20.76 20.61 18.06 15.10 15.34 16.87 17.12 17.76 17.87 19.16 19.28 20.20 21.43 21.35 8.05 20.79 20.33 18.12 19.54 20.93 12.41 12.86 20.73 20.55 23.07 13.18 24.51 28.15 22.23 16.87 14.26 12.83 11.66 10.52 9.48 9.25 9.28 8.76 8.81 9.36 9.74 16.90 12.95 5.34
6.91 7.01 7.13 7.34 8.19 7.31 7.33 7.44 7.25 7.26 10.95 10.21 9.22 9.38 8.92 9.36 10.61 11.14 11.95 12.47 13.07 11.57 9.15 10.47 13.96 14.48 15.86 14.76 18.51 33.36 52.83 63.11 60.27 48.55 35.79 27.09 18.82 16.09 15.35 13.72 14.11 16.17 17.39 15.88 14.86 16.26 16.23 16.12 17.80 19.88 21.24 23.31 24.31 23.96 24.06 25.71 26.83 29.19 28.98 20.26 17.83 14.62 13.92 14.61 14.31 13.30 12.44 9.77 8.61 7.76 7.45 6.62 5.74 6.17 7.57 9.36 9.91 6.54 11.47
7.04 7.20 7.38 7.59 7.62 7.30 7.48 7.44 7.39 10.21 9.18 7.46 7.78 9.52 9.20 9.96 10.07 10.56 11.53 12.20 12.58 9.98 9.75 10.96 13.17 14.07 13.21 13.58 17.94 29.20 43.31 55.65 63.21 60.70 51.17 39.97 23.08 19.73 14.12 18.91 13.41 13.12 12.76 11.01 8.51 11.85 16.33 15.64 16.56 17.94 20.24 23.49 26.30 26.36 26.75 26.28 16.52 15.64 15.23 15.88 15.54 14.48 14.87 14.03 14.59 13.94 11.77 11.48 11.88 11.19 9.92 8.46 6.65 5.91 6.94 8.26 7.47 8.03 6.27
7.17 7.50 7.73 7.62 7.60 7.49 7.46 7.49 7.51 7.81 6.58 7.01 9.19 10.10 10.02 9.71 8.00 10.48 11.48 12.24 12.58 11.26 10.72 10.49 12.43 12.43 11.59 14.35 18.29 25.11 31.97 46.07 57.05 61.76 59.43 50.11 37.25 27.07 19.93 17.07 17.63 9.55 7.57 6.62 3.91 10.36 14.85 13.03 14.77 18.47 21.70 22.48 21.65 14.47 10.74 12.43 12.62 14.60 16.25 16.16 14.24 15.83 16.92 16.74 16.91 15.87 12.69 12.21 13.38 13.73 12.60 11.40 9.53 7.97 8.18 9.63 9.30 4.95 6.75
7.70 7.89 7.45 7.35 7.52 7.61 8.14 7.26 7.96 6.06 6.66 8.48 9.52 10.14 9.76 8.98 9.65 10.10 11.33 12.13 12.29 10.19 8.47 8.78 9.66 10.35 11.31 13.79 18.17 22.32 25.33 35.18 51.89 62.05 60.18 51.03 34.63 29.93 25.18 22.74 18.82 17.60 16.77 14.51 10.98 16.89 14.94 12.43 14.21 16.11 12.00 13.50 13.94 12.26 12.09 11.94 12.65 14.70 17.81 17.86 17.51 18.27 19.05 18.92 18.52 16.95 13.22 11.59 12.01 13.44 13.11 12.36 10.91 9.01 8.37 10.09 11.81 10.04 5.06
8.25 6.57 6.83 7.33 7.49 7.69 6.59 7.42 7.50 6.28 8.18 9.13 9.60 9.68 9.68 10.35 5.89 9.65 11.27 11.93 11.90 7.53 6.80 8.03 8.77 10.13 12.67 14.75 16.29 20.21 24.64 29.51 42.65 58.40 65.89 49.45 24.80 26.84 29.57 25.78 22.87 22.27 23.67 22.54 24.05 16.24 15.16 16.10 10.68 11.16 13.24 17.56 18.04 15.57 14.52 13.98 14.54 17.27 20.07 21.18 20.43 19.92 20.04 18.12 18.60 18.13 14.91 12.62 12.05 12.56 12.58 12.34 11.48 9.65 8.33 8.49 10.82 13.19 10.49
8.34 7.63 7.73 8.04 7.25 7.09 6.14 7.52 6.99 8.02 7.00 7.16 9.77 10.19 6.53 6.33 10.37 10.10 11.16 11.56 9.84 6.36 6.01 7.99 9.62 10.76 13.01 14.46 13.44 18.95 24.78 32.31 38.10 51.74 67.33 49.99 14.17 15.35 23.72 21.12 18.89 18.55 20.13 24.93 29.44 22.92 21.37 13.34 14.46 15.39 17.41 24.50 30.01 29.75 25.90 21.48 17.21 15.82 16.84 18.78 20.55 21.93 21.96 21.73 20.84 18.18 14.84 12.58 11.82 12.29 12.82 12.61 12.01 10.35 8.82 7.46 8.48 12.67 13.92
7.73 7.89 7.67 6.44 6.65 7.02 7.92 7.30 7.40 7.23 7.15 7.37 7.26 7.16 11.07 10.45 10.20 10.20 8.69 9.88 9.36 6.66 7.10 9.10 9.59 11.64 12.92 13.39 15.01 16.81 23.25 31.12 41.11 50.78 65.31 50.24 16.25 10.61 15.89 19.36 17.86 21.58 13.99 20.17 25.42 31.65 25.24 23.41 22.36 23.95 26.64 28.46 31.91 34.70 30.97 26.95 19.97 15.37 14.06 14.41 15.86 19.44 22.72 23.94 22.22 18.27 14.80 13.01 11.83 12.25 13.25 13.43 13.05 11.79 9.81 7.99 8.39 11.40 14.85
7.83 6.95 6.51 6.49 6.92 6.96 7.19 7.85 7.68 7.56 7.60 7.83 7.65 10.80 9.87 8.21 8.45 7.32 7.32 8.19 8.98 6.92 6.80 7.32 8.04 9.08 7.46 12.18 12.02 15.61 20.39 30.67 41.04 50.77 63.56 50.72 24.87 16.12 17.88 21.13 23.01 23.56 20.00 11.19 17.03 23.72 23.80 26.12 28.38 28.26 26.40 24.98 26.04 30.44 33.21 30.07 22.01 15.99 13.87 13.03 12.67 14.40 19.06 24.19 25.24 20.84 17.02 15.23 12.97 12.55 13.42 14.68 14.34 13.03 11.04 9.97 10.48 12.14 14.59
8.09 7.49 6.44 7.05 7.30 7.55 8.22 8.05 7.92 7.95 8.12 8.31 8.05 10.36 7.10 6.46 7.23 6.79 7.87 9.18 7.73 7.25 6.78 4.61 7.26 9.00 11.67 8.15 11.73 13.97 17.86 29.97 42.37 52.47 60.59 48.09 28.44 20.00 20.14 21.38 22.37 21.74 17.46 15.56 7.56 5.02 7.65 7.57 14.56 17.41 17.45 18.75 21.15 26.51 33.45 34.06 23.82 15.66 13.93 15.97 15.96 12.57 14.44 20.28 25.21 22.93 19.69 17.69 14.29 12.38 13.83 15.78 15.83 13.92 11.60 10.80 11.37 13.02 14.13
7.47 6.93 7.16 7.56 7.90 8.54 7.87 8.43 8.07 8.36 8.65 10.01 7.40 6.79 5.88 5.77 6.33 6.97 8.11 8.15 7.29 8.14 7.36 4.26 7.03 5.04 5.12 8.21 14.32 12.33 14.92 26.64 40.60 56.26 58.93 41.24 25.67 22.38 21.50 23.27 25.74 24.57 20.24 15.12 13.59 9.00 7.88 3.26 1.63 4.93 7.25 9.98 16.07 21.53 31.31 38.44 30.16 20.70 16.56 19.10 18.99 17.48 13.50 17.00 21.20 20.91 20.15 19.33 15.59 11.75 11.72 14.58 15.66 13.92 11.65 11.19 11.96 12.49 12.45
8.32 7.75 7.46 8.03 9.06 8.69 9.45 9.46 9.61 8.80 9.62 6.50 6.80 6.31 6.31 6.07 5.96 7.63 8.15 7.60 8.44 7.24 6.80 4.13 8.84 4.95 12.12 10.75 11.51 11.89 11.44 17.73 40.85 58.37 57.83 38.57 26.28 25.89 24.33 23.34 24.52 28.58 24.93 19.05 14.33 12.77 13.47 9.82 9.26 5.73 2.22 5.06 11.00 15.65 24.76 39.45 34.81 25.74 21.82 22.28 20.92 18.05 15.45 17.30 17.93 17.39 18.82 19.54 16.55 12.68 11.26 12.18 13.39 13.87 12.92 12.70 11.68 10.63 11.24
9.63 8.14 7.30 8.58 8.77 8.07 8.55 10.32 10.21 10.23 6.71 6.89 6.28 6.43 7.92 7.15 6.34 6.23 9.12 7.88 5.91 5.48 6.29 6.43 7.35 8.32 9.01 8.91 11.19 13.11 12.02 18.49 33.53 57.91 55.48 39.61 30.66 30.56 29.36 30.06 31.00 35.20 25.73 22.78 17.05 13.40 11.92 10.58 9.33 7.20 4.16 0.93 2.33 11.46 20.18 31.11 32.44 26.37 21.95 22.87 23.08 20.35 18.06 18.75 17.49 16.31 17.09 18.34 17.10 15.11 13.08 10.61 10.34 12.68 14.07 14.38 14.11 12.32 10.92
10.70 6.65 5.90 8.83 8.72 7.74 9.67 11.52 8.18 6.69 6.89 6.60 6.98 7.27 8.38 7.22 7.05 9.04 7.00 6.52 6.02 5.75 5.81 6.30 7.40 7.82 7.87 9.17 11.72 13.36 12.41 14.15 34.36 53.11 52.18 35.63 21.98 25.38 29.79 31.89 35.76 36.78 37.35 28.18 17.99 14.64 10.81 6.08 7.27 6.66 6.45 3.61 1.54 10.39 18.27 25.59 26.96 24.13 21.63 23.18 24.80 27.43 30.35 20.15 19.53 17.43 27.05 15.76 16.87 16.43 14.86 10.83 8.65 10.77 13.96 15.19 14.60 12.27 11.12
10.57 5.84 4.38 8.77 9.06 8.72 11.89 9.79 7.11 5.52 5.86 6.98 8.09 7.62 7.46 7.74 7.75 8.04 7.88 7.07 6.32 5.31 5.51 6.30 7.52 7.54 8.68 9.75 11.87 11.49 12.10 19.07 32.45 47.80 46.36 27.92 13.11 22.77 25.85 27.57 31.91 32.03 41.30 42.99 33.31 23.84 20.69 12.22 4.81 3.65 5.37 3.92 6.42 12.07 18.56 22.17 23.92 24.11 22.14 25.14 23.12 23.43 23.32 22.25 22.12 19.84 14.75 14.40 16.35 16.57 15.66 13.28 10.50 10.96 13.95 15.52 14.58 12.71 12.00
8.10 5.91 5.16 8.36 9.76 10.59 12.37 6.95 3.74 4.50 6.60 8.84 8.91 7.31 7.30 8.25 8.64 11.50 9.31 7.87 6.37 4.72 5.19 5.50 7.43 7.43 8.99 10.16 10.49 9.59 13.66 19.32 31.64 46.89 40.87 21.80 9.56 20.42 20.52 22.18 29.19 27.99 32.11 43.94 44.67 37.33 31.01 26.59 15.12 7.93 7.47 5.44 7.14 13.26 20.67 22.89 24.56 26.33 24.61 22.91 23.51 23.33 23.38 23.30 22.70 21.55 18.30 16.28 16.83 17.05 16.13 15.01 13.25 12.68 14.45 15.75 14.87 13.56 12.55
8.40 6.73 5.92 9.01 11.05 13.97 8.50 3.69 3.06 6.05 10.22 10.21 8.66 7.12 11.19 10.15 11.22 11.36 10.32 7.68 5.15 4.58 5.72 5.81 6.05 7.64 6.41 10.39 8.61 8.76 14.07 19.23 29.44 43.74 38.97 23.54 15.40 17.82 21.13 23.03 26.26 26.73 29.16 34.88 41.10 41.10 37.34 35.41 30.36 19.53 11.61 8.47 7.19 10.59 19.21 24.59 26.91 28.30 27.42 26.32 25.29 23.65 23.39 23.14 21.83 20.81 18.78 17.02 16.91 16.65 16.13 15.65 14.42 14.07 15.21 15.74 14.76 13.39 12.09
8.89 6.86 6.28 10.54 12.14 11.75 5.85 2.86 5.51 9.68 11.69 9.81 10.16 8.70 9.83 10.88 14.20 13.03 9.66 6.33 4.37 6.21 6.46 6.39 6.73 6.41 7.05 9.58 8.09 10.48 14.51 18.81 25.48 36.02 37.26 26.97 16.04 16.69 20.14 24.12 24.60 23.38 24.26 27.28 32.06 32.72 32.37 32.89 33.51 29.90 22.68 16.33 13.07 13.75 18.48 23.65 27.11 28.92 28.38 28.30 27.56 24.76 24.25 23.25 22.04 21.29 19.15 17.37 16.64 15.51 15.50 16.21 14.84 14.67 15.41 14.21 13.30 13.89 11.59
7.56 5.08 6.50 11.91 12.63 8.60 4.98 5.38 9.51 11.91 10.33 9.92 10.07 10.93 12.27 15.54 18.57 12.26 7.18 5.15 4.10 5.80 6.41 5.81 6.39 7.03 9.42 8.88 9.76 12.57 15.26 17.87 23.21 29.85 31.50 25.90 15.78 13.47 17.97 21.82 22.40 19.88 19.41 20.67 22.96 25.78 25.64 25.35 26.56 27.50 25.65 23.61 22.47 21.04 21.83 24.07 26.02 28.51 29.09 29.23 29.53 27.12 25.03 22.93 20.90 21.75 21.13 19.67 17.66 15.66 15.40 16.52 14.54 14.13 13.46 14.91 13.97 11.72 10.33
6.53 3.54 6.88 12.21 10.47 7.90 6.91 8.20 10.10 10.55 11.01 11.81 12.82 15.21 16.81 18.46 15.65 10.29 5.42 3.57 4.67 5.38 6.62 6.89 6.84 7.57 7.84 10.10 11.64 13.21 14.34 16.35 21.83 24.72 23.43 21.09 16.93 14.61 18.54 20.29 19.54 17.12 17.20 17.91 19.31 21.58 21.89 20.81 21.13 21.55 20.52 20.28 19.61 18.71 21.08 24.11 25.32 26.73 28.40 29.39 30.32 30.47 27.29 23.03 20.50 20.35 21.61 21.47 19.43 17.02 15.46 14.97 15.90 15.48 14.93 13.38 13.19 12.22 10.19
5.81 5.66 8.86 11.34 9.61 8.45 8.27 9.23 10.37 11.14 12.80 16.17 16.35 17.28 22.09 18.69 15.34 10.22 6.95 3.56 6.04 6.23 5.63 6.96 7.29 7.83 8.49 11.28 12.56 13.10 13.75 16.44 21.15 21.36 16.54 14.93 15.77 15.16 17.18 18.72 17.42 13.47 13.21 16.25 16.83 18.87 20.44 19.86 19.02 17.75 14.90 12.54 11.28 12.46 17.84 21.96 25.07 25.30 25.69 26.45 29.46 31.09 29.72 25.33 21.25 20.10 21.21 21.68 20.56 18.14 16.65 15.60 16.01 15.72 15.00 13.80 12.43 12.45 11.13
7.99 8.80 10.14 10.06 9.16 8.62 8.84 10.05 11.45 15.42 16.99 17.00 16.85 21.75 22.80 18.20 12.47 12.32 10.02 2.55 5.81 5.95 5.83 6.17 7.51 8.07 8.93 12.07 13.13 13.15 14.00 16.51 19.97 16.97 11.40 10.08 11.69 13.11 16.01 17.86 16.31 11.69 9.88 12.65 14.93 16.10 18.28 19.00 18.47 16.05 11.31 8.20 7.65 9.64 15.46 20.27 25.33 23.36 24.31 25.41 28.20 30.23 27.52 27.15 22.47 20.47 20.58 21.32 22.11 19.61 17.15 14.51 14.08 15.59 17.09 13.74 12.17 12.88 12.71
8.46 8.98 9.61 9.65 9.52 9.54 10.40 12.08 16.28 17.13 19.65 19.88 21.02 24.15 19.71 16.49 8.05 13.07 10.94 3.24 7.47 6.81 6.13 6.52 7.60 8.00 9.11 12.51 12.67 12.80 13.82 15.13 16.09 12.93 8.06 7.36 10.44 12.42 14.67 16.66 15.97 11.40 8.98 10.14 12.65 13.66 15.86 17.52 17.53 16.50 11.78 5.76 4.90 8.69 14.72 18.86 20.95 22.55 23.39 23.89 26.00 28.65 28.37 26.24 22.95 21.68 20.97 21.85 22.60 22.39 18.17 13.91 15.63 18.31 18.91 15.48 13.63 14.67 15.22
8.62 8.96 9.62 10.11 10.60 11.32 12.57 16.59 17.15 18.57 18.20 19.12 18.98 19.33 18.71 12.77 4.86 10.40 9.82 3.51 8.18 7.86 6.89 6.39 7.58 8.22 9.48 10.92 13.08 13.51 13.91 12.89 13.07 9.99 6.37 6.71 10.90 12.60 13.60 16.40 15.95 13.44 9.60 9.05 9.78 11.44 14.24 16.15 16.16 17.27 13.74 5.72 3.11 7.89 15.70 17.76 19.56 21.16 22.74 21.58 24.41 25.84 26.24 25.53 23.58 22.50 21.46 21.51 22.87 23.02 18.39 13.70 14.23 17.36 19.23 17.38 15.86 16.85 17.34
8.55 8.95 9.78 10.51 14.53 15.20 16.33 18.89 18.38 18.30 17.97 17.22 15.09 17.15 16.76 9.82 4.29 7.67 7.83 5.07 8.46 8.41 8.68 8.27 7.77 8.72 9.99 11.41 14.10 13.97 13.20 10.88 9.96 7.98 6.64 7.37 11.98 12.04 12.87 16.84 15.59 13.38 11.04 8.33 7.67 9.33 12.76 14.97 15.18 18.36 14.99 7.17 4.04 9.12 14.26 16.58 17.88 20.02 22.46 23.07 20.18 24.09 24.36 24.85 24.25 22.54 21.13 21.84 23.29 21.84 17.87 13.80 13.28 14.47 17.49 18.54 19.09 17.63 17.80
8.69 9.41 10.71 14.75 15.95 16.18 18.54 18.25 18.00 17.68 16.22 14.69 13.14 15.77 16.03 9.70 5.38 11.11 6.70 3.24 9.13 8.63 8.87 8.48 7.70 8.68 10.41 11.99 13.91 12.59 10.89 10.04 8.69 7.43 7.23 8.66 12.07 11.49 12.55 16.47 14.90 14.15 11.65 8.22 5.87 7.58 10.47 12.97 13.14 16.47 14.69 8.60 6.42 11.46 14.31 15.46 15.16 18.36 22.49 23.65 22.60 21.03 22.61 24.37 23.84 21.80 19.88 21.47 25.22 23.97 18.21 14.19 13.16 13.45 15.29 19.37 21.41 20.49 17.36
9.51 10.46 11.86 15.51 16.31 15.48 14.62 14.23 14.62 15.23 13.07 13.85 13.70 16.38 14.90 9.26 6.62 7.00 5.95 5.59 9.70 7.75 8.82 7.58 7.37 8.96 9.99 12.82 13.32 10.97 9.92 9.02 8.05 8.10 8.68 9.46 11.61 11.23 12.29 15.51 15.12 16.63 12.82 8.79 4.91 6.31 10.12 11.45 13.89 14.10 12.97 9.95 9.86 14.14 16.90 14.90 11.93 15.78 22.21 23.57 22.73 20.97 22.41 22.21 23.56 21.13 18.22 19.08 24.06 24.80 20.13 15.18 13.03 12.46 13.97 17.67 22.33 21.75 18.73
9.92 10.67 12.08 15.19 14.45 12.26 12.09 12.55 13.58 14.37 12.01 11.53 12.58 16.28 13.72 8.47 6.75 7.14 5.53 7.90 9.20 7.70 6.74 8.01 7.99 9.42 10.84 13.32 11.97 10.21 10.78 8.90 7.99 8.34 9.09 10.69 11.79 11.08 11.81 14.59 16.73 18.43 13.75 9.54 4.91 5.82 9.61 12.61 13.42 12.90 12.41 11.55 13.13 16.08 17.25 14.37 10.40 12.35 20.17 25.70 23.18 22.01 22.42 22.29 20.92 20.28 17.13 17.16 21.16 24.23 21.59 17.15 13.22 12.19 13.82 17.59 22.00 22.19 20.49
