examples/cougarCreek-fire/createInputs/WindNinja/wrfout_d3.2015080912.f14/cougarCreekFire_08-10-2015_0200_217m_non_neutral_stability_vel.asc
ncols	146
nrows	140
xllcorner	610065.000000
yllcorner	5095217.000000
cellsize	216.586807
NODATA_value	-9999.000000
[rows 105 to 139 of 140, columns 0 to 78 of 146]
12.30 12.54 12.39 12.67 14.23 15.89 15.41 12.56 11.26 12.38 13.08 13.54 13.34 13.20 13.80 13.66 13.37 13.12 12.75 10.36 12.85 13.64 14.26 14.03 12.92 13.44 13.65 11.38 13.66 13.68 12.63 13.83 13.85 13.68 13.45 11.88 12.74 12.43 12.37 14.57 14.04 12.88 14.68 16.49 14.48 17.68 14.61 15.13 19.33 19.90 16.89 17.24 19.23 20.22 18.07 14.84 13.93 16.01 18.19 18.12 15.35 13.27 13.42 14.55 14.51 14.89 14.09 13.26 10.94 7.55 8.09 9.86 12.84 15.10 14.25 15.04 16.42 16.88 16.82
12.10 12.62 13.31 13.60 14.69 16.57 15.84 12.64 10.79 11.12 12.74 13.56 12.93 13.49 13.84 13.52 13.46 13.08 12.79 12.52 12.74 13.60 14.18 12.26 13.37 13.52 13.45 11.48 13.36 13.72 13.63 13.77 13.28 13.24 12.76 12.10 14.29 12.75 12.98 14.37 12.55 12.95 14.82 13.54 16.98 17.50 17.78 18.27 16.12 19.91 17.08 17.74 19.41 20.74 18.83 14.78 13.82 16.68 19.24 18.33 14.30 12.25 11.83 14.83 15.44 14.92 14.19 12.09 9.94 7.38 7.54 9.58 12.83 13.90 15.09 15.67 14.76 14.92 17.01
12.88 13.10 13.57 14.05 14.97 16.66 15.23 11.98 10.75 10.91 12.71 13.33 13.03 13.81 13.72 13.58 13.63 13.07 12.86 12.62 12.80 13.58 14.14 13.30 13.38 13.54 13.11 12.30 14.15 14.15 14.56 12.83 12.44 12.89 12.66 13.81 12.67 13.34 13.51 12.78 12.99 14.08 15.45 16.29 16.87 17.44 14.81 15.44 19.36 20.58 20.63 21.99 23.16 23.97 19.36 14.91 13.90 17.23 20.05 16.81 12.28 10.42 12.55 16.41 18.68 15.23 12.53 10.16 8.48 6.49 7.53 9.83 13.01 14.22 14.35 16.40 17.00 17.11 16.98
13.54 12.83 12.72 13.65 14.55 16.08 14.69 12.31 11.66 10.59 11.32 13.13 13.60 13.91 13.83 13.88 13.73 13.31 13.08 12.73 13.06 13.82 14.20 13.75 13.44 13.50 13.32 13.66 14.13 13.42 13.56 12.12 11.99 13.19 14.29 12.89 13.32 16.46 12.50 11.01 13.83 15.28 15.93 16.44 17.06 14.51 17.96 18.48 19.27 20.71 20.55 21.75 24.69 25.85 19.06 14.98 14.37 17.87 19.26 14.73 9.82 9.41 13.18 19.63 18.16 15.27 11.57 9.16 7.24 6.44 8.01 11.84 13.68 14.87 14.85 14.85 15.37 15.13 14.64
14.25 12.99 12.09 13.01 14.69 16.21 14.72 13.24 11.60 9.38 9.75 13.64 14.44 14.20 14.16 13.84 13.57 13.39 13.34 13.26 13.43 14.25 14.28 12.73 13.40 12.98 13.13 14.04 13.04 12.58 12.71 12.00 12.42 14.17 13.19 13.40 13.73 14.68 11.68 11.85 14.67 15.65 16.19 16.57 17.19 17.77 14.80 15.31 16.11 16.90 17.41 22.20 24.09 23.84 18.89 14.51 16.42 18.67 17.35 12.99 8.15 9.41 14.55 20.49 18.03 13.52 9.22 7.53 6.65 6.78 8.98 12.94 15.01 15.68 15.55 15.23 15.43 15.15 16.71
14.72 13.23 11.53 12.65 15.26 16.32 15.60 14.20 10.82 8.65 9.69 14.53 15.29 14.48 14.17 13.54 13.54 13.90 14.07 13.74 13.70 13.93 12.51 12.99 13.12 13.22 12.80 13.75 12.40 12.41 12.78 12.99 14.75 13.29 13.57 13.73 15.88 12.83 11.92 14.33 15.21 15.70 15.96 16.70 17.13 17.61 18.19 15.46 19.46 16.89 20.35 20.88 22.26 23.64 19.86 19.29 19.49 17.86 14.92 10.55 7.80 10.33 15.28 20.55 15.96 11.68 7.61 6.69 6.34 7.28 10.48 13.14 16.42 16.08 15.36 15.21 15.40 17.27 16.66
14.04 12.47 11.11 12.98 15.61 16.61 16.28 14.12 10.20 8.51 10.34 14.84 15.43 14.42 14.00 13.46 14.04 14.92 15.14 14.09 13.00 12.51 12.37 12.60 13.09 13.58 13.65 13.64 12.63 13.14 13.21 13.31 13.51 13.74 13.83 13.92 13.31 12.07 13.92 15.19 13.16 15.89 16.52 16.77 16.94 17.54 18.36 19.30 19.67 16.77 20.06 20.85 22.24 23.24 21.35 21.10 18.25 15.91 12.21 9.26 8.56 11.47 14.73 16.36 14.08 9.95 6.98 6.56 6.49 8.29 11.30 14.51 18.01 17.87 17.57 17.56 15.41 15.26 14.66
13.14 12.43 12.13 13.67 15.61 16.70 16.01 13.56 10.64 9.98 11.36 13.97 15.14 14.54 13.94 13.81 14.47 15.70 15.34 13.23 11.38 11.01 12.11 12.89 13.36 13.80 13.89 13.65 13.40 13.36 13.46 13.72 15.15 14.86 15.32 13.38 12.23 13.39 14.78 15.30 16.03 16.41 16.29 16.64 17.06 17.64 18.44 19.22 20.60 19.98 20.51 22.49 24.34 25.46 24.34 20.61 17.19 14.12 11.69 9.84 9.75 12.01 14.63 15.20 13.76 8.93 7.15 7.13 7.54 9.98 13.29 15.41 16.71 16.07 15.34 15.47 15.52 15.41 14.25
13.16 13.04 13.01 14.32 15.72 16.57 15.49 13.32 11.43 10.52 10.86 12.70 15.14 14.98 14.01 13.98 14.89 15.46 13.99 11.25 9.58 10.65 12.93 13.37 13.81 14.09 14.01 13.64 13.74 13.97 13.65 14.15 13.70 14.67 14.11 12.12 12.77 14.46 14.76 15.09 15.40 15.23 16.12 16.97 17.65 14.84 18.94 19.22 20.48 20.40 21.14 22.55 23.30 23.20 21.17 16.97 16.03 14.45 13.14 10.96 9.96 11.23 14.42 14.65 12.12 8.76 7.85 8.36 9.31 11.99 15.14 16.72 16.56 15.15 14.85 15.31 15.66 17.38 15.83
13.23 13.18 13.82 14.88 15.96 16.42 15.16 13.01 11.51 9.66 9.45 12.52 15.63 15.07 13.66 13.75 14.18 13.79 12.17 9.86 9.42 11.60 13.34 13.81 13.94 14.28 13.82 13.53 13.47 13.57 13.21 13.20 13.37 14.36 12.62 12.22 13.94 14.95 13.26 14.20 13.15 15.43 16.79 13.91 14.56 15.29 15.44 19.06 19.33 19.76 20.77 21.25 21.33 21.09 19.11 17.26 15.11 14.96 12.72 11.27 8.67 9.12 12.66 13.84 11.42 9.12 9.01 10.03 11.49 14.11 15.79 17.00 15.96 14.13 14.15 15.23 15.81 15.83 15.55
13.66 13.78 14.35 15.37 16.45 16.13 14.47 12.39 11.22 9.78 10.19 13.75 15.65 14.41 13.18 13.18 13.24 12.51 11.34 10.40 11.18 12.78 13.79 14.09 14.21 14.10 13.54 13.44 13.47 13.61 12.17 12.96 14.37 13.72 12.19 13.13 14.59 13.31 13.55 13.75 13.01 16.27 13.70 17.92 18.28 17.99 17.53 19.01 19.34 19.74 20.29 20.05 20.09 19.34 17.76 16.82 16.53 15.83 13.16 10.23 6.33 7.27 12.21 13.76 11.48 9.99 10.80 12.27 12.38 14.70 16.18 16.71 15.39 13.06 13.21 15.13 15.65 16.79 15.52
13.88 14.07 14.73 15.89 16.26 15.08 12.89 11.60 10.81 10.21 11.47 14.07 14.20 13.27 12.87 12.63 12.84 12.46 11.62 11.70 12.47 13.01 13.84 14.27 14.42 13.53 13.39 13.45 13.61 13.43 12.82 12.71 13.05 13.21 13.35 14.59 13.28 13.80 12.90 14.11 13.12 13.44 16.78 17.32 17.27 17.20 17.36 17.87 19.16 19.74 19.99 19.36 18.31 17.57 16.95 16.36 16.50 15.90 13.46 9.11 5.57 7.20 11.20 13.23 12.32 11.55 12.87 12.99 13.61 15.07 16.01 16.07 14.45 13.04 13.57 14.51 16.93 16.71 15.71
13.97 14.07 14.82 16.04 16.04 14.44 12.60 11.40 10.32 11.21 12.69 13.73 14.05 13.77 12.66 11.92 12.36 12.21 11.85 12.07 12.44 12.89 13.81 14.25 13.89 13.10 13.33 13.49 13.48 13.06 12.51 12.55 13.02 13.37 13.32 14.63 13.13 12.63 13.22 14.70 13.28 13.58 17.25 17.93 17.31 16.68 16.53 18.03 19.04 18.83 18.67 17.41 16.60 16.50 16.44 15.97 15.62 14.81 12.44 9.18 6.78 8.83 11.82 13.72 12.61 13.53 13.80 14.80 15.73 14.31 14.84 15.20 13.36 11.96 13.55 14.36 17.07 16.54 15.70
13.91 14.00 14.96 16.28 16.09 14.67 12.32 10.52 10.15 12.01 13.62 15.17 16.03 14.58 11.61 10.69 12.11 12.01 11.86 12.18 12.25 12.96 13.92 14.59 13.74 12.97 13.38 13.46 13.17 12.76 12.42 12.75 13.24 13.54 13.47 13.72 12.84 12.43 14.18 13.12 13.48 13.78 16.87 17.05 16.36 15.25 15.54 17.58 17.40 17.37 18.10 16.51 15.77 15.97 15.85 16.21 14.71 13.56 12.35 9.25 8.91 10.96 14.35 15.80 13.49 13.18 14.51 15.41 15.20 13.04 12.96 13.38 12.69 12.56 14.63 16.65 16.80 15.91 15.21
13.89 14.19 15.05 16.06 15.96 13.59 10.46 8.99 10.30 12.31 14.16 15.12 14.95 12.43 11.05 9.81 11.87 11.83 11.98 12.39 12.55 13.23 13.91 14.21 13.36 13.10 13.25 13.23 13.07 12.76 12.78 12.97 13.12 13.46 13.40 12.79 12.28 12.53 12.93 15.91 13.78 16.15 16.26 16.00 15.19 15.15 16.03 16.63 16.60 16.72 17.07 16.16 16.13 16.18 16.12 15.73 14.95 13.68 12.44 11.27 10.39 12.66 14.88 15.96 15.74 13.79 15.08 15.26 14.87 12.94 11.17 12.17 12.49 12.82 16.12 16.88 15.89 14.68 14.41
14.07 14.52 15.08 15.51 15.40 12.14 8.79 8.59 11.11 13.15 14.02 13.78 12.97 10.58 9.32 10.34 11.05 11.26 12.16 12.71 12.89 13.26 13.88 13.88 13.55 13.34 13.03 13.07 13.25 12.93 12.67 12.79 13.00 13.24 13.10 12.47 12.39 12.72 13.22 13.69 13.93 15.37 15.44 15.45 15.43 16.24 16.48 16.14 16.20 16.81 16.61 16.13 16.01 15.97 15.84 15.37 14.66 13.73 12.79 12.34 12.81 12.47 13.47 16.00 16.21 16.84 15.37 14.94 12.70 11.69 11.12 11.71 13.38 14.25 15.41 16.49 14.44 12.94 13.34
14.20 14.70 14.60 14.56 14.21 11.21 8.77 9.83 12.91 14.06 13.67 13.11 12.53 11.41 10.60 10.22 9.39 10.47 12.54 13.03 13.12 13.48 13.78 14.08 13.71 13.17 12.79 13.00 13.32 12.85 12.35 12.67 12.86 13.18 12.77 12.26 12.54 13.05 13.49 13.86 14.93 14.47 15.11 15.70 16.48 17.00 16.37 15.81 15.94 16.62 16.42 16.25 15.88 15.82 15.63 15.19 14.66 13.97 13.25 13.25 14.11 13.57 13.93 14.30 14.65 16.87 15.27 14.57 11.85 10.83 10.18 11.53 13.92 15.06 17.32 15.70 12.72 11.28 12.50
13.97 14.68 14.33 13.41 13.05 10.95 9.67 12.03 14.49 14.70 12.87 12.40 12.39 12.73 11.97 10.19 8.64 9.88 13.01 13.54 13.47 13.87 14.03 13.94 13.38 12.76 12.57 13.23 13.56 13.14 12.31 12.66 12.84 12.91 12.50 12.33 12.80 13.33 13.65 15.19 13.46 14.28 15.51 16.04 16.77 16.93 15.68 15.34 15.62 16.48 16.73 16.47 15.88 15.72 15.47 15.17 14.81 14.31 13.90 14.05 14.93 15.84 14.32 14.42 14.70 15.25 17.09 16.33 12.02 10.73 10.41 11.59 16.19 17.26 17.14 14.80 11.31 10.06 12.19
13.76 14.19 13.53 12.77 12.24 11.45 10.87 13.02 15.02 14.52 12.14 11.06 12.03 13.08 11.87 9.47 8.25 9.37 13.39 14.18 13.72 13.82 13.94 13.74 13.13 12.50 12.79 13.52 13.66 13.23 12.67 12.59 12.69 12.55 12.30 12.44 12.92 13.30 13.48 13.39 13.05 14.43 15.28 15.80 16.51 14.68 14.48 14.99 15.83 16.80 17.38 16.57 15.78 15.59 15.42 15.24 15.00 14.71 13.13 14.77 15.58 16.49 15.03 14.55 16.07 16.43 16.75 16.11 13.89 10.34 9.96 11.20 13.47 16.56 16.53 14.24 10.73 9.95 12.34
13.48 13.41 13.09 12.35 12.19 11.97 12.15 13.26 14.91 13.72 10.73 9.72 11.40 13.28 11.40 7.93 7.04 9.05 13.75 14.77 13.78 13.83 13.86 13.58 13.01 12.54 13.20 13.77 13.74 13.19 12.56 12.06 12.19 12.09 12.25 12.56 12.91 13.20 13.21 13.04 12.97 14.65 15.25 15.68 14.24 14.84 14.09 15.09 16.09 16.79 17.00 15.72 15.56 15.48 15.43 15.34 15.23 15.16 15.15 15.36 16.04 16.75 16.45 15.80 15.58 16.02 16.76 16.47 12.40 10.13 9.17 10.19 13.81 15.45 16.16 14.72 11.60 10.68 12.31
13.16 12.85 12.39 12.55 11.92 12.14 12.56 13.18 14.05 12.32 9.84 8.88 10.61 12.87 11.35 8.64 8.14 10.01 13.72 14.55 14.02 14.02 13.69 13.53 13.25 13.15 13.56 13.95 13.39 12.61 12.28 11.88 11.78 12.03 12.51 12.78 12.97 13.10 13.14 13.09 13.06 13.26 15.55 13.85 13.91 13.93 13.95 15.04 15.72 15.89 15.38 15.52 15.36 15.41 15.49 15.52 15.56 15.55 15.61 15.93 16.45 14.35 13.91 15.69 12.80 16.50 17.39 16.83 11.94 9.98 9.02 9.66 12.35 14.76 16.43 15.93 13.15 11.32 11.37
12.71 12.52 12.09 12.20 12.61 12.79 12.78 13.04 12.80 11.54 9.27 8.32 10.04 12.65 12.43 10.33 10.00 10.66 12.58 14.28 14.47 13.82 13.58 13.86 13.76 13.52 13.48 13.58 12.96 12.14 11.95 11.58 11.63 12.25 12.43 12.96 12.96 13.04 13.12 12.98 12.94 13.26 13.49 13.54 13.67 13.86 13.90 13.94 14.31 14.71 15.04 15.21 15.18 15.34 15.60 15.73 15.84 15.98 13.22 16.52 14.05 16.53 16.35 13.70 16.11 17.50 17.78 16.44 14.19 9.63 6.23 8.06 11.86 14.68 16.91 17.18 14.59 11.46 10.03
12.40 12.36 11.98 12.12 12.82 12.57 12.65 12.29 11.52 10.43 8.88 8.88 10.58 12.82 13.11 10.76 9.26 9.01 11.29 14.62 14.83 13.73 13.88 14.14 13.70 13.42 13.19 12.99 12.40 12.03 11.53 11.39 11.65 12.35 12.56 13.09 13.06 12.97 12.88 12.79 12.91 13.25 13.29 13.35 13.68 13.85 13.72 13.70 14.04 14.52 14.78 14.93 15.08 15.39 15.78 16.12 16.26 16.68 17.08 17.07 16.80 16.48 16.56 14.72 16.69 17.43 14.97 15.91 12.07 6.48 4.46 7.46 12.30 15.08 17.11 17.78 15.47 11.63 9.11
12.70 12.29 11.65 11.74 12.10 12.08 11.92 11.67 11.02 10.04 9.84 10.33 11.80 12.82 12.70 10.48 7.94 8.08 11.45 15.01 15.11 13.92 13.97 13.91 13.52 13.23 13.05 12.61 12.30 11.60 11.22 11.34 11.88 12.17 13.06 13.16 12.93 12.66 12.64 12.77 12.98 13.22 13.32 13.54 16.27 13.73 13.50 13.51 13.92 14.44 17.90 15.00 15.26 15.75 16.24 16.61 16.89 17.54 18.06 17.58 16.71 16.33 16.75 16.92 16.76 16.64 14.15 14.29 8.10 3.97 5.59 8.13 12.92 15.65 16.94 17.45 15.65 11.96 9.48
13.50 12.19 10.88 10.95 11.30 11.58 11.47 11.21 10.78 10.39 10.87 11.81 12.20 12.12 11.62 9.97 8.63 9.85 12.87 15.38 15.32 14.04 13.77 13.58 13.07 12.99 12.85 12.33 11.82 11.27 11.25 11.58 11.88 12.28 12.72 13.20 12.80 12.62 12.65 12.79 13.00 13.18 13.37 13.63 13.74 13.60 13.45 16.40 13.98 14.47 18.24 15.15 15.64 16.14 16.57 16.90 17.41 18.32 18.91 17.92 16.47 15.89 16.52 16.89 16.19 13.97 12.70 11.26 6.54 3.31 5.30 8.89 13.60 16.23 16.72 16.62 15.42 12.71 10.88
14.18 12.26 10.05 10.02 11.00 11.55 11.59 11.44 11.30 11.28 11.58 12.05 11.96 11.44 11.05 10.57 10.62 11.94 13.87 15.28 14.99 13.81 13.25 13.14 13.04 12.92 12.66 11.78 11.41 11.23 11.43 11.82 12.11 12.35 13.26 13.26 12.84 12.68 12.68 12.83 13.06 13.25 13.45 13.65 13.66 13.49 13.33 13.42 13.96 14.53 14.93 18.86 19.41 16.32 16.60 16.95 17.95 19.16 19.72 18.39 15.95 14.75 15.76 14.36 13.34 13.15 11.24 10.65 6.73 4.14 5.51 9.55 14.32 16.59 16.56 15.86 15.08 13.54 12.31
15.23 12.59 10.05 9.70 11.07 11.63 11.82 11.83 11.79 11.81 11.81 11.93 11.71 11.33 11.27 11.53 11.92 12.66 13.86 14.63 14.35 13.38 12.80 12.88 12.94 12.71 12.25 11.67 11.36 11.31 11.59 11.99 12.13 12.29 13.12 12.89 12.69 12.73 12.71 12.85 13.10 13.29 13.26 13.35 13.39 13.23 13.08 13.38 17.40 18.09 18.41 18.88 19.52 19.97 16.48 17.09 18.60 20.20 20.62 18.37 14.72 13.07 12.32 13.43 12.32 11.12 11.41 10.62 7.67 5.26 5.92 10.10 14.49 16.44 16.37 15.48 14.91 14.24 13.84
16.14 13.31 10.46 9.87 10.71 11.44 12.04 12.19 12.10 12.05 11.91 11.84 11.74 11.67 11.79 12.12 12.41 12.79 13.56 14.06 13.79 13.09 12.65 12.66 12.70 12.48 11.95 11.52 11.41 11.47 11.71 11.93 11.94 12.05 12.86 12.55 12.54 12.91 12.71 12.38 12.61 12.74 12.93 13.08 13.17 12.96 12.94 13.38 13.97 14.34 14.59 15.07 15.53 20.00 20.53 21.32 22.93 21.00 20.68 14.56 12.25 11.14 11.84 13.27 11.39 9.60 11.15 11.35 8.85 6.41 6.61 9.98 14.24 16.34 16.34 15.54 15.31 15.02 14.65
17.27 13.91 10.86 9.84 9.66 11.34 12.55 12.87 12.74 12.29 11.94 11.87 11.98 12.09 12.18 12.42 12.67 12.90 13.15 13.47 13.35 12.97 12.52 12.33 12.44 12.30 11.78 11.48 11.48 11.60 11.62 11.65 11.72 11.98 12.53 13.05 13.07 12.66 12.72 12.21 12.38 12.53 12.68 12.96 13.03 12.81 12.89 13.33 13.76 13.92 14.33 14.94 15.38 15.77 19.93 21.09 23.10 23.74 19.30 14.17 10.27 11.12 12.67 13.85 9.89 8.47 10.82 12.25 10.38 7.77 7.46 10.25 14.22 16.55 16.44 15.67 15.09 15.24 15.16
17.79 13.72 10.28 9.10 8.77 10.36 13.01 13.87 13.31 12.14 11.63 11.90 12.22 12.37 12.44 12.61 12.73 12.77 12.77 13.04 13.15 12.77 12.24 12.06 12.22 12.13 11.74 11.53 11.48 11.51 11.40 11.44 11.88 12.75 13.90 14.04 13.27 12.49 11.88 11.67 12.10 12.31 12.60 12.88 12.86 12.72 12.84 13.20 13.59 13.71 14.11 14.86 15.38 19.16 19.73 17.19 18.65 19.53 17.25 12.50 10.28 12.70 14.22 13.18 9.07 7.67 10.03 12.72 11.99 9.38 8.47 10.70 14.25 16.55 16.44 15.63 15.16 15.33 15.44
16.71 13.36 10.06 8.65 7.29 9.65 15.24 15.73 13.37 11.40 11.10 12.21 12.58 12.67 12.68 12.73 12.73 12.73 12.74 12.90 13.12 12.72 12.18 11.96 12.06 12.01 11.78 11.55 11.39 11.30 11.30 11.53 13.31 14.35 13.96 13.18 12.50 11.81 11.17 11.24 11.91 12.38 12.71 12.85 12.73 12.67 12.74 12.96 13.25 13.36 13.64 14.72 19.49 18.87 15.59 16.31 17.20 17.57 15.63 12.23 11.31 14.20 15.88 13.02 8.80 7.15 9.20 12.51 13.24 11.12 9.91 11.43 14.41 16.46 16.35 15.77 15.41 15.38 15.47
15.27 13.98 10.19 8.94 8.71 12.41 18.48 16.21 11.56 10.37 11.37 13.01 13.08 13.00 12.88 12.84 12.73 12.69 12.70 12.75 12.87 12.47 11.99 11.73 11.92 11.92 11.76 11.48 11.30 11.27 11.57 12.18 14.13 14.08 12.96 12.39 11.80 11.16 10.69 11.09 11.82 12.62 12.82 12.70 12.40 12.36 12.36 12.69 12.90 13.03 13.26 14.64 15.85 15.12 14.21 14.74 15.61 15.74 14.61 12.81 12.62 14.89 15.96 13.22 9.01 6.98 8.90 12.49 14.03 12.85 11.50 12.28 14.60 16.29 16.14 15.48 15.26 15.35 15.36
14.04 13.66 11.82 9.54 11.56 14.47 18.01 14.29 10.52 11.03 12.77 13.54 13.40 13.26 13.01 12.81 12.64 12.60 12.60 12.54 12.40 12.12 11.80 11.64 11.86 11.88 11.77 11.57 11.49 11.63 12.21 13.24 13.62 13.10 12.11 11.64 11.44 10.82 10.57 11.15 11.93 12.66 12.66 12.28 12.13 12.09 12.32 12.59 12.78 12.97 13.18 14.38 19.71 14.59 12.57 12.94 14.41 14.47 13.97 13.40 13.51 14.78 15.52 13.66 9.95 7.91 9.67 13.02 14.66 14.36 13.06 13.24 14.88 16.34 15.87 15.17 15.04 15.30 15.28
12.35 12.53 11.53 8.53 10.43 14.25 15.73 13.46 11.79 13.05 14.18 13.91 13.71 13.30 12.87 12.67 12.56 12.49 12.44 12.29 12.12 12.01 11.83 11.79 11.91 11.96 11.87 11.79 11.79 11.99 12.30 12.33 12.16 11.94 11.26 10.98 11.02 10.81 10.99 11.58 12.19 12.74 12.61 12.21 12.14 12.13 12.61 12.84 12.90 12.98 13.15 13.57 14.15 13.60 11.49 11.74 13.44 13.60 13.47 13.48 13.67 14.45 15.11 14.36 12.01 10.25 11.36 13.66 15.08 14.77 13.94 13.86 14.85 15.80 15.57 14.80 14.84 15.17 15.10
11.77 11.96 10.62 8.00 9.73 14.27 15.44 13.21 11.97 13.53 14.70 14.26 13.86 13.13 12.63 12.48 12.39 12.30 12.24 12.09 11.96 11.90 11.78 11.78 11.85 11.88 11.78 11.73 11.79 11.96 12.02 11.82 11.53 11.30 10.71 10.51 10.66 10.74 11.22 11.88 12.41 12.78 12.57 12.55 12.10 12.16 12.73 13.00 13.02 13.08 13.15 12.90 13.09 12.94 11.36 11.45 12.90 13.11 13.16 13.36 13.51 14.22 15.02 15.00 13.37 11.69 12.36 14.15 14.96 14.63 14.07 14.12 14.77 15.32 15.09 14.56 14.69 14.97 14.89
