examples/cougarCreek-fire/createInputs/WindNinja/wrfout_d3.2015080912.f14/cougarCreekFire_08-10-2015_0200_217m_non_neutral_stability_ang.asc
ncols	146
nrows	140
xllcorner	610065.000000
yllcorner	5095217.000000
cellsize	216.586807
NODATA_value	-9999.000000
[rows 84 to 125 of 140, columns 0 to 94 of 146]
312 312 312 313 313 313 313 300 302 302 316 318 309 331 329 323 310 316 314 300 314 335 360 343 319 297 310 298 298 306 294 291 310 312 292 312 292 310 298 305 310 316 323 316 301 299 299 296 283 292 294 301 288 288 276 278 286 288 282 286 276 276 274 277 288 287 274 273 271 279 285 290 286 279 277 275 269 265 264 256 228 224 241 253 260 262 261 262 261 260 261 263 268 269 267
311 312 312 313 313 313 313 300 302 303 316 308 322 324 326 320 317 302 302 300 321 348 360 330 314 295 295 294 297 309 297 289 308 311 292 292 292 299 305 302 306 315 332 320 297 296 298 297 294 294 297 298 292 286 286 289 292 291 288 286 283 277 280 274 282 284 274 283 276 275 278 288 288 277 273 264 261 264 265 261 243 243 252 259 265 257 265 264 264 263 263 265 266 265 265
311 312 312 312 313 313 312 313 300 315 315 309 326 315 322 317 302 300 297 304 328 3 349 306 312 296 310 295 297 295 294 298 291 310 293 295 289 289 305 299 293 306 336 316 295 295 298 298 296 295 294 293 292 293 295 295 295 292 288 286 284 282 281 280 283 282 278 281 279 278 276 279 280 273 264 259 263 268 268 267 262 259 262 265 267 267 266 265 266 265 265 266 265 264 263
311 311 312 312 313 313 313 313 314 313 312 309 325 311 302 300 298 301 295 309 340 8 335 315 297 296 309 295 309 291 310 299 309 310 312 309 307 306 283 277 288 283 305 305 296 296 299 299 297 293 291 291 295 298 298 296 294 292 289 287 285 284 283 283 281 282 280 283 282 285 279 266 266 260 257 260 264 267 265 268 258 263 268 268 269 270 269 268 267 267 267 267 266 266 266
311 311 312 312 313 313 299 313 313 312 310 305 323 314 299 296 295 298 291 314 347 359 325 313 296 310 309 309 310 310 297 292 292 309 311 289 305 304 279 294 286 281 297 304 300 299 300 299 296 293 292 293 294 300 298 295 293 292 290 288 287 286 285 286 277 282 285 281 281 276 275 255 256 256 261 271 276 277 276 270 258 266 273 273 274 274 273 271 269 269 268 269 269 269 268
311 311 311 311 312 312 299 312 312 310 308 299 322 319 296 294 292 294 293 315 342 338 321 300 312 311 311 311 311 311 310 296 291 308 310 308 305 303 279 297 297 304 310 308 303 300 299 298 295 294 295 296 294 294 298 295 293 292 291 289 288 287 287 276 282 281 282 281 282 282 271 250 246 250 264 274 274 276 273 269 263 273 280 280 278 275 275 274 272 271 271 271 271 269 268
311 310 310 311 311 311 312 312 311 310 308 297 321 319 297 294 292 290 289 322 336 328 319 315 313 312 312 311 298 296 295 292 292 309 310 309 305 303 303 302 306 310 312 309 304 301 299 298 297 296 296 297 298 292 298 296 294 293 292 290 289 278 288 277 277 278 281 280 282 279 267 253 265 270 264 269 270 266 267 270 272 279 283 283 280 278 277 276 276 275 274 263 271 262 266
310 310 310 311 311 312 312 311 311 310 294 299 319 310 300 309 293 308 312 324 330 324 304 315 314 312 299 297 296 295 293 294 293 309 308 308 305 304 304 305 307 308 308 307 287 302 301 300 299 298 297 297 297 293 297 296 294 293 292 290 289 278 277 280 276 285 276 276 279 274 268 261 272 274 275 269 268 271 262 278 290 283 282 283 281 279 277 277 278 278 276 273 270 260 266
310 310 310 311 311 311 311 310 310 310 294 301 314 305 300 297 295 301 316 323 327 323 318 316 314 312 298 299 297 295 296 308 307 307 306 307 286 305 290 293 306 308 297 305 305 304 303 301 299 298 297 297 297 296 295 296 294 293 292 291 289 288 279 283 278 284 281 269 275 273 276 269 277 277 267 268 266 265 266 282 295 286 283 275 280 274 275 274 278 278 277 274 270 269 267
311 310 310 311 311 311 311 309 309 310 310 300 316 303 313 299 298 299 317 322 324 322 305 316 314 299 300 299 299 293 298 308 307 307 307 293 306 306 304 304 306 308 307 306 306 304 302 301 299 298 298 297 297 294 294 289 295 286 292 291 289 288 280 284 280 284 280 265 273 277 284 275 282 279 268 266 265 273 273 285 293 289 283 281 280 271 278 268 277 276 272 273 272 273 270
311 310 310 307 311 311 311 309 309 310 311 313 302 315 314 313 300 300 317 320 321 320 317 301 314 299 299 296 297 295 291 298 291 292 295 308 308 308 307 306 308 310 308 306 305 303 302 301 300 298 298 297 297 296 296 292 291 292 286 291 290 288 280 284 285 280 272 277 271 279 288 281 285 281 269 264 263 265 273 280 289 288 284 283 281 280 279 277 268 266 272 272 274 276 274
310 310 310 311 311 311 311 310 310 310 311 313 313 302 314 302 300 315 316 318 319 317 315 314 313 311 297 300 310 309 309 292 293 296 309 309 309 310 309 297 310 311 308 306 304 303 301 301 299 298 297 297 296 296 299 298 297 295 293 286 290 289 282 286 286 287 282 277 278 283 289 285 275 273 269 277 275 274 269 277 285 287 285 284 282 280 278 276 275 273 271 272 274 276 276
309 309 309 310 311 311 311 310 310 310 311 312 312 301 302 302 315 315 303 317 317 301 314 314 313 299 298 300 296 298 310 294 309 309 309 309 309 309 297 306 309 310 309 307 305 303 301 300 299 298 297 296 296 296 295 295 295 294 293 292 288 283 285 283 284 287 286 286 286 288 289 284 281 277 271 267 276 274 260 275 284 289 293 288 282 279 270 275 273 274 273 272 272 273 275
307 310 311 311 311 310 310 310 310 310 310 311 312 300 313 314 315 301 315 316 316 315 314 314 313 299 300 296 311 311 310 310 310 310 310 309 309 309 307 306 309 311 310 308 304 302 301 300 299 298 297 297 297 297 296 296 296 295 294 293 292 288 285 284 285 288 288 289 290 291 290 288 285 280 276 270 277 275 273 267 284 290 288 285 282 279 268 275 275 275 277 270 270 269 270
306 310 315 314 312 310 308 309 310 310 310 311 311 301 313 313 301 301 315 316 316 315 315 314 313 299 297 312 311 311 311 297 310 310 296 296 296 297 295 295 311 314 313 308 304 301 299 299 298 297 297 298 298 297 297 297 296 296 295 294 293 291 290 289 291 289 290 291 292 292 291 288 285 279 276 273 267 276 276 266 283 287 287 282 279 278 277 277 275 275 273 269 268 268 265
303 309 317 320 313 308 308 309 310 310 310 310 310 311 312 313 313 313 314 315 316 314 314 313 298 297 311 311 297 295 310 310 309 296 297 296 295 291 292 295 309 317 316 306 300 298 298 298 297 296 297 298 298 297 297 297 297 297 296 295 294 292 291 290 290 290 291 292 294 294 293 285 281 281 277 275 270 278 278 278 273 279 283 277 273 278 278 276 276 273 273 270 267 266 264
302 305 314 322 312 307 308 309 310 311 311 310 310 301 311 312 312 312 314 314 314 298 311 311 310 310 311 311 297 295 296 309 309 308 293 291 292 304 302 302 309 321 322 306 297 296 297 298 297 297 298 299 298 297 298 298 298 297 296 295 294 294 292 291 291 291 292 292 294 298 291 284 279 278 279 279 279 272 279 278 269 274 280 280 278 278 278 276 273 271 271 272 270 267 266
299 300 308 321 313 307 309 309 311 310 309 308 309 309 310 310 311 312 312 312 311 310 309 309 309 310 310 296 296 310 309 296 294 292 291 289 305 304 302 300 303 318 326 307 296 297 298 298 297 296 296 297 299 298 299 305 305 303 296 296 295 295 294 292 296 296 295 291 292 294 291 286 283 283 280 280 280 275 270 267 269 272 280 283 280 278 277 277 274 272 272 272 272 270 270
299 300 308 320 315 306 308 311 312 310 308 307 307 307 309 309 310 311 302 311 298 308 308 308 309 309 295 295 294 309 309 308 292 291 290 290 294 292 287 277 290 295 310 284 286 297 285 290 296 295 295 297 299 299 306 306 305 305 302 296 296 296 294 293 292 292 291 290 290 293 292 286 283 282 283 279 278 277 273 269 277 279 281 282 280 277 276 275 273 272 273 273 272 272 271
302 303 308 316 315 307 308 315 314 310 307 307 307 308 309 308 309 311 311 312 310 309 309 308 309 309 294 294 294 309 294 292 291 290 293 290 289 285 279 274 274 290 302 304 291 289 290 298 291 291 296 296 297 298 306 307 307 305 297 297 298 297 295 293 292 292 292 291 291 293 293 286 282 282 282 278 273 273 272 269 271 275 280 281 278 275 274 274 274 272 273 273 273 272 271
304 303 306 312 314 310 309 316 319 311 307 307 307 308 308 308 309 309 311 312 311 309 309 308 294 308 293 294 294 293 292 291 290 290 289 289 286 283 280 278 280 283 291 297 297 300 299 298 292 288 282 289 294 297 302 309 310 299 297 298 304 304 295 293 292 293 293 293 297 296 290 285 279 280 279 278 277 273 273 270 272 274 275 280 278 275 274 274 275 273 272 272 273 270 269
305 304 305 310 310 308 310 320 324 312 306 306 306 307 307 308 308 309 311 301 310 309 308 308 294 308 307 296 293 292 291 291 291 289 289 288 286 301 301 293 293 291 295 297 303 296 299 298 293 292 293 293 292 293 300 307 305 299 298 299 306 306 301 297 298 298 300 296 294 292 285 278 276 276 277 279 278 278 278 278 274 271 271 277 278 276 275 275 276 274 272 272 272 269 267
308 306 306 308 308 306 311 324 328 316 306 304 305 305 305 306 307 308 310 311 310 308 306 294 308 307 292 295 292 291 291 291 290 289 288 286 290 302 303 290 306 290 291 304 293 293 293 294 296 293 294 293 291 290 296 309 309 300 297 300 306 301 298 292 295 298 297 295 291 286 279 272 271 273 277 280 283 283 279 278 277 275 274 276 278 278 277 276 276 275 272 272 272 269 270
308 308 307 305 305 303 307 322 332 324 306 302 303 304 304 305 307 308 309 311 310 307 305 292 307 307 291 292 292 292 292 290 290 289 287 289 304 303 304 288 290 288 293 293 292 292 299 298 289 286 285 286 289 291 292 304 312 303 297 306 304 299 293 292 291 299 298 292 283 278 276 274 271 273 278 280 281 280 280 275 274 276 275 276 278 278 278 277 276 275 273 271 271 271 270
305 306 305 301 299 297 303 317 333 335 311 300 301 302 303 304 306 308 309 310 311 308 306 306 307 306 292 291 292 291 291 291 290 289 291 305 305 294 291 293 288 292 293 293 293 299 292 290 288 285 282 284 284 280 289 295 305 303 304 304 305 298 293 287 295 293 291 282 275 272 274 276 274 275 278 280 280 280 278 276 273 276 276 276 277 277 277 276 275 274 273 272 271 271 271
303 307 307 300 296 295 300 311 329 347 317 299 299 302 303 304 305 306 308 311 311 308 307 293 306 291 291 291 291 291 290 290 288 290 304 305 305 288 291 287 289 292 291 292 293 293 298 296 295 294 293 286 282 275 287 293 306 309 305 300 305 297 294 285 292 289 287 278 271 270 274 278 279 277 277 278 280 280 280 278 275 277 277 277 276 276 275 275 273 272 272 272 272 272 271
301 306 310 303 296 294 298 306 325 353 326 302 301 303 303 303 304 304 308 311 311 309 294 305 304 290 291 290 291 290 289 288 292 304 304 305 292 287 287 288 290 289 291 291 291 290 292 296 294 294 291 291 287 285 287 294 306 307 302 302 306 299 295 285 289 284 282 276 273 273 278 283 284 284 281 280 281 281 281 280 278 277 276 277 276 275 274 273 272 272 271 271 272 271 270
297 301 308 305 299 297 298 303 321 350 330 306 302 302 303 303 303 304 308 313 311 306 302 302 302 302 303 303 290 290 304 304 304 305 305 304 288 289 288 291 303 291 290 289 288 288 290 291 292 294 291 291 289 290 289 292 300 296 298 302 307 300 293 281 279 279 276 276 278 281 285 289 285 285 284 282 282 281 281 280 277 276 276 276 276 275 273 273 272 272 272 271 271 270 269
300 303 307 306 301 298 299 302 318 343 334 310 301 302 304 306 305 304 306 311 312 304 299 300 301 301 302 290 290 304 304 304 292 291 291 288 289 287 290 290 291 291 289 288 288 290 289 289 288 289 289 287 286 283 278 287 287 287 292 303 309 302 290 278 277 272 272 277 285 289 289 287 287 286 285 284 281 281 281 280 277 275 276 276 276 275 273 272 272 272 272 271 269 269 268
304 305 308 308 304 300 300 304 314 334 337 315 304 304 306 305 304 301 301 305 308 302 301 300 301 302 302 303 290 291 305 291 290 290 289 291 287 288 289 289 288 289 288 291 294 299 292 289 286 285 286 284 281 277 273 273 280 284 292 304 309 300 287 277 273 270 274 281 289 293 291 289 288 285 283 282 279 280 280 279 276 275 275 276 275 275 273 272 272 271 271 270 269 268 269
304 305 307 307 306 303 303 306 310 324 334 318 307 305 307 305 302 299 296 300 303 302 300 301 303 302 302 302 303 304 291 290 303 289 288 288 288 289 303 288 303 289 293 300 300 299 299 290 287 284 283 280 278 274 275 274 275 283 290 301 306 293 280 275 273 274 279 286 292 295 294 293 292 289 283 279 276 274 277 278 278 277 276 276 276 275 274 272 272 271 270 270 271 268 267
303 304 305 306 307 306 307 308 308 318 328 318 311 309 308 304 300 298 298 303 306 304 302 303 303 302 302 302 302 302 291 303 288 287 289 287 289 303 287 287 303 291 302 293 292 290 288 285 284 282 280 279 276 274 276 275 275 278 281 290 294 283 276 276 279 283 288 293 297 299 297 296 295 291 282 278 275 276 277 278 279 278 277 276 275 274 273 272 272 271 270 270 270 270 270
302 303 304 304 305 307 308 309 310 314 319 315 312 310 309 307 301 302 303 305 308 305 303 303 302 302 302 302 302 302 303 302 301 301 287 290 303 288 287 288 303 303 291 289 287 284 283 286 284 282 280 278 276 277 276 276 274 273 277 274 275 280 271 276 285 291 295 300 302 299 296 294 293 289 283 276 278 278 278 279 280 279 278 277 275 273 272 272 271 270 270 270 271 271 271
302 302 301 301 302 306 311 313 312 313 314 312 312 315 315 308 302 302 303 303 305 304 302 302 301 303 302 301 302 302 302 302 301 300 301 290 288 288 286 288 302 302 290 288 287 283 282 282 282 280 279 280 280 278 276 276 273 271 269 272 281 288 279 280 287 296 299 303 304 299 291 289 288 286 285 280 282 280 279 279 279 278 278 278 276 273 271 271 272 270 269 269 270 271 271
301 301 300 298 301 306 314 316 312 311 311 313 317 322 325 313 303 301 301 301 302 304 302 301 302 302 302 301 301 302 302 302 302 301 302 288 302 286 288 301 302 302 290 287 284 285 284 281 282 279 277 280 280 278 277 282 275 273 275 271 288 294 291 289 288 293 295 300 304 301 287 283 284 287 289 288 286 283 280 278 277 276 277 277 275 271 271 270 272 270 269 271 271 270 270
302 302 301 298 299 303 310 313 308 306 306 307 310 320 327 319 305 301 301 299 300 301 301 300 301 301 302 301 301 302 303 303 304 302 301 287 286 301 301 290 302 289 287 284 284 283 283 283 281 279 278 280 288 286 285 283 281 280 280 283 287 294 294 292 292 289 290 295 302 304 290 280 283 289 292 292 289 284 278 276 275 275 274 273 273 271 272 271 272 272 272 271 271 270 270
302 302 301 299 295 299 306 308 305 305 303 301 299 309 330 326 311 302 299 298 299 301 300 299 300 301 302 301 301 302 303 303 304 303 300 300 300 301 301 301 301 287 285 283 283 282 283 281 280 278 278 278 288 287 285 284 283 283 285 287 291 289 290 293 293 293 289 290 298 304 297 283 283 287 291 292 291 284 276 273 273 273 271 270 271 273 273 273 273 273 272 271 271 270 269
302 301 300 297 295 298 307 309 307 307 306 304 301 305 321 329 320 303 297 296 300 301 301 300 300 301 302 301 300 302 302 304 303 300 300 300 301 301 301 301 287 285 285 284 284 283 283 281 280 278 278 277 277 287 286 285 285 285 287 289 291 286 288 288 286 292 287 286 289 301 300 289 285 287 290 291 290 284 276 273 273 271 269 267 270 273 274 274 274 274 273 271 270 270 270
301 298 299 300 294 299 308 309 308 310 312 308 304 306 315 332 333 308 296 297 300 299 299 299 300 301 300 300 300 303 303 304 303 303 300 300 301 301 300 287 300 285 286 285 285 283 282 281 280 278 277 277 288 287 287 286 286 287 289 290 291 292 288 288 285 284 290 290 284 298 301 297 289 287 286 287 288 284 278 275 274 271 268 267 269 272 274 274 274 274 272 271 271 270 270
302 298 298 299 296 301 305 305 305 309 315 311 303 300 311 330 342 316 297 295 300 300 298 298 299 301 300 300 300 303 305 302 301 300 300 300 300 299 299 299 299 284 285 284 284 296 296 280 279 279 278 278 289 288 287 287 287 288 285 291 292 292 289 288 293 291 290 290 293 298 302 295 286 283 280 281 285 287 283 279 274 269 266 267 269 271 272 273 273 273 272 271 271 271 270
302 301 297 297 300 302 305 305 302 305 315 314 301 296 301 322 340 319 300 298 300 300 298 298 299 300 301 301 300 303 304 302 300 299 299 299 299 298 298 297 297 284 284 284 297 282 295 280 280 279 278 290 289 288 287 287 288 288 290 291 292 292 292 292 291 290 289 291 292 300 300 287 282 276 273 276 284 291 287 280 274 268 265 267 271 272 273 272 272 272 272 271 271 271 270
303 303 301 296 298 301 302 303 300 300 311 316 302 293 295 318 338 323 304 298 299 299 298 300 299 300 301 301 301 302 303 303 299 298 298 299 299 298 297 297 297 297 285 296 295 294 294 281 280 280 291 289 289 288 287 287 288 289 290 291 292 287 288 291 287 291 292 293 298 305 299 284 274 270 269 273 281 289 286 277 271 268 269 271 272 273 273 272 272 272 272 272 271 271 270
