examples/cougarCreek-fire/createInputs/WindNinja/wrfout_d3.2015080912.f14/cougarCreekFire_08-10-2015_0200_217m_non_neutral_stability_vel.asc
ncols	146
nrows	140
xllcorner	610065.000000
yllcorner	5095217.000000
cellsize	216.586807
NODATA_value	-9999.000000
[rows 0 to 34 of 140, columns 0 to 78 of 146]
8.62 9.02 9.51 9.30 9.03 9.28 9.54 9.67 9.71 11.12 9.33 9.28 9.19 9.10 9.49 9.90 10.05 10.46 11.02 11.45 11.84 13.49 12.43 11.99 11.40 11.67 12.36 12.85 13.09 13.13 13.16 13.61 14.39 14.77 14.93 15.19 15.37 12.53 14.15 15.20 14.51 14.51 15.64 14.88 15.70 15.94 16.51 16.65 16.84 17.21 17.76 18.24 18.99 19.27 18.64 17.80 18.22 19.42 19.63 18.37 16.91 16.50 16.05 15.18 14.68 14.42 14.48 14.53 13.41 11.17 10.79 13.42 14.89 14.06 12.47 10.78 9.89 11.40 12.37
8.62 9.02 9.51 9.30 9.03 9.28 9.54 9.67 9.71 11.12 9.33 9.28 9.19 9.10 9.49 9.90 10.05 10.46 11.02 11.45 11.84 13.49 12.43 11.99 11.40 11.67 12.36 12.85 13.09 13.13 13.16 13.61 14.39 14.77 14.93 15.19 15.37 12.53 14.15 15.20 14.51 14.51 15.64 14.88 15.70 15.94 16.51 16.65 16.84 17.21 17.76 18.24 18.99 19.27 18.64 17.80 18.22 19.42 19.63 18.37 16.91 16.50 16.05 15.18 14.68 14.42 14.48 14.53 13.41 11.17 10.79 13.42 14.89 14.06 12.47 10.78 9.89 11.40 12.37
8.34 8.71 9.41 9.36 8.96 9.12 9.33 9.53 9.77 9.74 9.59 9.55 9.33 9.08 9.40 9.81 9.96 10.30 10.80 11.25 11.77 13.76 13.02 12.42 11.51 11.67 12.37 12.98 13.27 13.22 13.16 13.50 14.37 14.87 15.05 15.48 15.81 15.69 15.28 15.29 15.63 15.62 15.73 16.23 16.89 17.10 16.55 16.63 16.72 16.75 17.33 18.01 18.88 19.42 18.99 18.10 18.24 19.18 19.55 18.61 17.09 16.49 16.19 15.31 14.62 14.30 14.59 14.71 12.89 10.22 10.14 12.46 14.34 14.24 12.40 9.73 8.61 10.32 11.80
8.15 8.48 9.33 9.46 8.99 9.05 9.21 9.47 9.90 10.16 10.21 10.19 9.76 9.16 9.25 9.56 9.76 10.14 10.64 11.12 11.82 14.07 13.85 13.26 12.06 11.80 12.24 13.01 13.40 13.17 13.06 13.24 14.21 15.02 15.25 15.80 16.40 16.47 15.87 15.44 15.59 15.69 15.90 16.19 16.89 17.21 16.38 16.56 16.64 15.98 16.31 17.33 18.48 19.28 18.89 17.76 17.74 18.83 19.40 18.84 17.49 16.47 16.28 15.66 14.88 14.66 14.92 14.29 11.98 9.98 9.74 11.78 14.27 14.59 11.78 7.82 6.99 9.36 11.56
8.23 8.54 9.29 9.51 9.17 9.13 9.25 10.74 11.28 11.40 10.58 10.75 10.42 9.56 9.20 9.39 9.59 10.19 10.84 11.23 12.85 14.14 14.82 14.06 13.04 12.29 12.24 13.00 13.46 13.14 13.12 13.25 14.20 15.25 15.52 16.06 16.73 17.01 16.59 15.87 15.54 15.79 16.05 15.98 16.57 16.90 16.27 16.40 16.43 15.61 15.64 16.85 18.26 18.31 18.57 17.25 17.22 18.54 18.89 18.48 17.72 16.51 16.11 15.68 15.31 15.44 14.70 12.69 10.76 9.66 9.85 12.10 14.17 13.81 10.21 6.57 6.26 9.15 11.55
8.19 8.47 9.17 9.53 9.37 9.24 9.26 9.48 9.78 11.10 11.64 11.55 10.96 10.23 9.43 9.34 9.46 10.13 11.54 11.41 12.77 14.01 14.99 14.64 14.10 12.92 12.46 13.19 13.67 13.33 13.22 13.35 14.38 15.34 15.64 16.40 17.03 17.32 17.08 16.38 15.84 16.03 15.97 15.36 15.91 16.56 16.39 16.40 16.06 15.34 15.30 16.18 17.77 18.47 18.48 17.76 17.55 18.33 18.43 17.96 17.46 16.54 15.93 15.53 15.68 15.84 12.77 11.32 9.76 9.58 10.72 12.26 13.25 12.22 8.92 6.17 6.58 9.64 11.49
8.27 8.42 8.93 9.40 9.49 9.41 9.32 10.55 10.93 10.86 11.52 11.88 11.34 10.72 9.97 9.49 9.48 10.01 11.48 12.36 12.90 13.77 14.69 15.22 14.72 13.26 12.89 13.28 13.73 13.27 13.16 13.69 14.84 15.40 15.77 16.87 17.42 17.50 17.50 16.53 16.19 16.45 15.15 14.42 14.68 14.93 15.36 15.35 15.58 14.72 14.68 15.73 16.35 17.56 18.07 18.27 18.28 18.41 18.30 17.70 17.14 15.23 14.62 15.61 15.88 14.23 13.43 10.84 9.43 10.03 11.04 11.66 11.94 10.84 8.32 6.76 7.94 10.05 10.84
8.44 8.53 8.81 9.21 9.49 9.51 9.37 10.46 11.12 11.38 11.51 11.92 11.65 10.57 9.81 9.83 9.74 9.90 10.79 12.28 12.97 13.65 14.58 15.50 15.39 13.94 13.02 13.27 13.81 13.65 13.27 13.90 15.17 15.62 16.07 17.32 17.73 17.54 17.39 17.31 17.11 16.48 14.91 13.38 12.92 13.49 14.72 15.64 15.47 14.35 14.09 14.41 16.47 17.23 17.76 18.17 18.59 18.56 18.15 17.56 15.62 15.35 15.61 15.52 15.56 13.60 13.06 11.08 10.30 10.45 10.37 10.71 10.95 10.03 8.58 7.96 8.69 9.91 10.10
8.57 8.67 8.87 9.14 9.46 9.88 9.62 9.89 10.58 11.08 11.26 11.60 11.77 11.02 10.14 10.09 9.43 9.84 10.52 12.29 13.08 13.52 17.24 18.19 16.03 14.80 13.57 13.44 13.74 13.43 12.86 14.21 15.53 16.00 16.63 17.92 17.88 17.52 17.89 18.16 17.58 16.33 14.98 13.83 13.07 12.71 13.78 15.05 14.78 13.91 13.19 14.42 14.99 15.83 16.43 17.77 18.27 18.55 16.60 17.43 15.64 16.50 15.62 15.27 13.53 12.91 11.79 10.17 11.26 10.67 9.81 9.95 10.48 9.92 8.99 8.60 8.95 9.62 9.46
8.70 8.67 8.77 9.02 9.28 10.48 10.48 10.31 10.36 10.59 10.87 11.18 13.25 11.39 10.50 9.88 9.60 9.55 10.28 14.49 15.78 13.31 14.22 15.79 18.50 15.78 14.25 13.74 13.76 13.67 13.00 14.41 16.06 16.18 17.23 18.57 18.44 18.15 18.73 18.87 17.34 15.40 14.59 14.52 13.60 12.57 13.30 14.35 14.46 13.96 14.17 14.06 14.17 15.18 17.32 17.48 17.82 18.17 16.64 17.42 16.97 16.42 15.61 13.63 13.18 12.35 11.43 10.60 11.75 10.94 9.96 9.80 10.31 10.05 9.18 8.74 9.13 9.36 8.75
8.26 8.84 8.73 8.86 9.04 9.25 10.74 10.85 10.83 10.85 10.91 11.03 11.22 12.87 10.78 10.46 10.14 10.12 10.24 11.53 15.48 14.72 13.76 15.33 20.04 15.71 13.45 12.35 13.94 13.68 13.38 14.80 16.77 16.87 17.93 19.21 19.17 19.22 19.84 19.50 17.41 14.46 13.13 12.18 13.74 12.99 13.25 13.58 14.02 14.08 14.05 14.11 13.80 16.01 16.78 16.97 17.40 16.84 17.79 17.55 17.10 15.14 14.24 13.59 12.64 12.09 11.49 10.88 11.85 11.10 10.46 10.25 10.37 10.11 9.32 8.94 9.27 8.84 7.69
9.17 9.14 8.60 8.88 9.24 9.75 9.39 10.93 10.99 12.09 12.26 11.09 11.00 11.26 10.99 10.95 10.91 9.93 10.78 11.51 14.93 14.62 15.25 14.68 16.72 17.69 14.38 12.64 12.71 13.38 13.23 15.28 17.30 17.76 18.73 19.68 19.74 20.19 20.66 20.36 18.29 14.33 11.67 11.65 13.27 13.37 13.26 13.02 13.39 13.30 13.53 13.35 15.02 16.14 15.70 15.35 15.65 16.50 16.75 17.71 17.22 14.91 14.47 13.38 12.47 13.24 12.52 12.16 11.77 11.20 10.93 10.84 10.62 10.27 9.63 9.15 8.89 7.84 6.54
9.10 9.23 9.41 9.11 9.17 9.45 9.10 10.70 11.11 11.19 12.79 12.59 12.02 11.18 11.03 11.05 10.45 10.11 11.20 11.78 14.43 14.61 14.75 17.53 16.11 20.30 14.60 13.41 12.61 12.84 13.13 15.83 18.03 18.82 19.71 20.41 20.48 20.66 21.15 21.88 19.24 14.05 9.98 12.26 12.27 12.43 13.27 13.42 12.90 13.16 13.42 12.87 14.80 16.18 15.31 14.46 14.60 16.16 16.99 16.99 15.71 15.39 14.30 14.53 13.66 12.91 12.18 11.85 11.58 11.19 11.18 11.36 11.14 10.66 10.03 9.22 8.15 6.71 5.70
8.95 9.13 9.41 9.41 9.26 9.64 8.99 9.14 10.82 11.25 11.52 13.23 13.41 12.40 11.62 11.40 10.77 10.20 10.88 13.17 14.31 15.07 14.58 16.03 19.87 20.08 14.97 14.03 12.10 12.11 12.94 15.94 17.83 19.25 20.49 21.66 21.19 20.56 22.11 24.30 20.51 14.16 9.54 9.74 11.25 12.67 13.79 13.93 13.19 13.65 13.54 13.34 13.87 15.27 14.99 13.45 12.64 14.33 16.45 16.97 16.29 15.31 14.68 14.43 13.47 12.59 12.01 11.56 11.28 11.18 11.42 11.90 11.91 11.26 10.45 9.33 7.49 5.71 5.15
8.93 9.15 9.35 9.31 9.25 9.20 9.05 8.92 9.05 10.85 11.44 11.41 11.61 14.46 13.92 12.00 10.62 9.97 10.86 12.43 12.78 14.12 13.97 14.06 17.85 19.39 15.79 14.54 12.14 11.53 12.61 15.94 19.03 20.25 21.01 22.24 21.89 21.28 23.31 26.15 21.79 14.67 10.20 9.55 10.74 10.70 12.38 14.14 13.69 14.00 13.95 14.49 14.57 15.20 14.87 13.31 12.05 12.07 14.39 16.84 16.90 15.10 14.27 14.06 12.24 11.04 10.64 10.22 11.14 11.11 10.23 12.66 12.85 12.01 10.72 9.51 7.42 5.27 4.70
9.11 9.37 9.51 9.25 9.18 9.25 9.65 9.46 9.59 10.21 10.95 11.19 13.57 13.92 15.32 14.75 11.74 10.88 11.83 13.40 13.16 14.17 14.21 12.93 15.83 18.75 16.67 14.97 12.69 11.29 10.61 15.56 19.42 20.22 21.33 21.82 22.53 23.25 24.09 23.70 20.57 15.00 11.01 9.82 10.15 12.43 13.41 13.64 13.44 11.60 13.79 14.80 14.21 14.40 15.10 13.94 12.57 11.16 11.19 15.47 15.76 13.98 12.66 12.10 11.60 11.07 10.85 11.69 11.01 10.72 11.78 13.22 13.66 12.83 11.12 9.61 7.90 5.82 4.61
9.24 9.51 9.70 9.34 9.06 9.18 9.21 9.60 9.46 9.58 10.23 10.89 12.72 12.58 14.46 16.44 16.53 13.14 14.13 15.38 14.52 15.45 15.08 14.72 13.95 17.88 16.78 14.86 14.23 11.74 10.37 16.39 19.44 20.07 20.87 21.31 22.95 24.96 25.29 21.94 19.21 14.68 11.05 9.65 10.43 11.94 12.83 13.26 13.52 11.40 13.87 13.44 16.31 14.58 13.96 14.74 12.74 10.96 12.68 14.23 15.12 13.70 12.76 11.85 11.16 11.21 12.74 10.63 11.05 10.40 11.46 13.34 14.07 13.63 12.29 10.43 8.80 7.23 5.65
9.27 9.47 9.68 9.46 9.00 8.88 10.07 9.79 9.47 10.58 9.69 10.46 13.52 12.34 13.95 14.84 16.00 16.52 16.40 17.62 17.42 18.29 16.95 14.65 13.68 17.03 15.99 14.05 14.16 12.42 11.04 15.44 19.00 20.92 20.46 21.13 23.81 26.20 25.93 23.59 18.63 14.23 11.11 9.70 9.91 11.15 12.30 13.05 11.71 11.53 12.18 15.24 16.07 14.15 14.44 14.26 11.70 9.18 12.43 13.08 14.14 13.54 12.66 11.68 10.60 11.99 13.23 12.82 12.09 10.91 11.82 13.63 14.35 14.07 13.36 11.99 10.32 8.89 7.29
9.41 9.43 9.52 9.49 9.09 8.73 8.81 9.68 10.41 10.05 9.32 9.92 14.05 13.54 13.07 13.57 14.53 15.43 15.67 17.00 17.56 17.70 19.47 16.18 15.56 16.48 15.09 15.25 13.26 10.74 11.25 13.77 17.00 19.97 21.09 22.12 24.91 27.28 26.22 24.03 18.84 14.30 11.57 10.84 10.86 12.33 11.88 12.92 11.87 14.92 14.81 15.04 15.96 16.43 17.74 15.11 11.40 10.56 11.67 12.02 13.50 12.16 12.95 11.64 11.05 10.43 12.10 14.47 13.93 12.54 12.94 14.18 14.72 14.39 13.39 12.84 12.26 10.74 8.73
9.59 9.40 9.38 9.41 9.13 8.78 9.45 9.65 10.62 10.15 9.26 12.27 13.10 13.36 12.80 11.96 12.57 14.32 14.51 16.10 16.77 15.41 18.84 19.16 18.40 17.20 15.12 14.88 13.79 11.24 11.64 13.24 13.64 17.26 21.46 23.58 25.02 28.05 26.63 24.62 19.67 15.31 12.47 11.50 11.59 12.65 13.39 14.29 14.02 15.74 15.69 15.22 13.91 14.90 15.25 14.21 12.40 11.83 10.06 10.41 12.76 12.67 12.97 11.64 10.04 8.97 10.60 13.81 15.33 14.78 14.60 15.11 15.38 15.26 13.70 12.46 13.18 12.83 10.38
9.65 9.38 9.29 9.83 9.40 9.20 9.38 9.54 9.28 10.29 9.28 12.07 10.84 12.64 14.23 13.54 12.15 13.23 13.16 15.04 15.54 13.58 18.11 20.60 21.76 18.52 15.98 15.23 12.53 11.99 13.32 14.96 13.73 11.78 18.17 24.41 24.01 27.02 26.35 21.76 20.05 16.68 14.17 12.97 12.86 13.08 13.32 13.48 15.07 14.43 16.29 12.95 13.93 15.74 16.89 16.08 15.14 12.96 12.56 10.70 11.45 13.47 13.07 12.24 10.54 8.42 8.94 11.55 14.39 15.75 16.04 16.19 16.27 16.26 14.78 12.68 13.07 13.99 12.35
9.35 9.31 9.28 9.67 9.27 9.17 9.37 9.41 9.31 10.34 11.27 12.00 9.89 10.40 13.32 10.39 15.28 15.62 14.97 15.37 16.01 13.62 16.62 19.07 20.32 19.43 16.58 14.64 13.60 13.80 15.59 18.73 12.43 5.70 14.29 23.06 23.72 26.54 24.11 22.50 18.81 16.56 14.81 13.58 13.17 22.75 12.59 13.51 12.94 12.65 16.67 13.57 16.37 16.14 15.77 16.31 12.92 14.65 13.47 11.44 12.19 13.58 11.95 13.55 10.96 8.48 7.72 8.89 11.83 14.74 16.26 16.82 17.24 17.51 16.25 13.99 13.42 14.17 13.86
8.82 9.00 9.06 9.02 9.47 9.32 9.41 9.43 9.33 10.61 11.32 12.51 11.39 7.97 12.08 9.38 14.57 10.92 16.50 15.36 15.50 15.13 16.21 18.70 21.43 20.40 17.93 18.00 16.59 15.26 17.69 20.55 11.74 11.66 8.94 21.08 25.47 27.25 23.90 20.73 16.18 14.87 14.57 13.86 13.79 14.29 14.22 13.31 13.32 12.65 14.38 15.48 15.31 15.71 16.30 14.25 12.64 14.52 12.67 12.04 14.15 14.49 14.07 12.58 10.19 8.28 7.58 7.96 9.93 13.13 15.58 16.92 17.77 18.17 17.18 15.26 14.34 14.54 14.80
8.47 8.66 8.71 8.67 8.67 8.46 9.30 9.24 11.53 10.64 10.94 12.54 12.49 9.10 10.95 12.20 13.60 14.61 15.32 14.59 13.62 13.99 14.87 17.95 22.57 24.18 20.11 19.22 18.76 17.70 20.08 21.71 12.24 2.78 5.70 17.01 25.40 25.64 23.53 19.98 13.82 12.97 13.65 13.72 13.81 14.51 14.66 14.80 13.20 13.84 14.70 19.33 16.93 15.85 17.64 16.68 13.36 14.98 14.31 12.96 15.60 15.73 15.14 13.39 10.31 8.24 7.83 8.18 9.37 11.81 14.10 15.94 17.56 18.34 17.67 16.02 14.41 14.34 15.46
8.21 8.39 8.50 8.38 8.35 8.20 9.19 9.06 9.00 11.33 10.61 11.86 12.61 10.76 10.22 11.94 13.23 14.28 14.97 15.59 15.06 13.71 13.16 15.96 21.07 26.56 23.22 20.56 18.02 21.51 25.87 23.27 14.16 9.25 9.65 13.72 23.33 23.29 20.82 19.28 13.03 12.13 12.67 13.08 13.97 15.19 15.94 16.23 15.86 17.15 15.36 19.18 17.04 18.61 15.43 17.11 15.67 15.15 14.67 15.01 15.70 16.40 17.36 13.96 13.71 10.28 8.65 8.24 8.71 10.50 12.67 14.86 17.02 18.12 17.84 16.71 14.54 13.16 14.47
7.90 8.10 8.36 8.20 8.15 7.92 8.89 8.86 8.78 12.05 10.67 11.49 12.36 12.38 10.61 11.46 12.86 14.00 14.57 15.56 16.13 14.53 13.27 15.14 19.55 27.08 27.55 20.46 19.11 30.90 33.26 23.60 15.99 9.87 7.79 11.34 20.20 20.22 20.45 17.14 12.41 11.66 11.97 20.34 12.13 20.44 15.38 15.74 15.03 14.77 18.41 17.52 16.77 16.35 15.46 16.57 15.02 14.71 15.06 15.36 15.64 16.42 14.25 15.21 15.44 12.72 10.27 8.20 7.60 9.14 11.44 13.74 16.29 17.69 17.84 17.45 15.52 13.07 13.08
7.61 7.85 8.17 8.00 8.89 8.56 8.75 8.65 12.34 12.56 11.47 11.74 11.91 12.21 11.90 11.13 12.44 13.49 13.79 14.89 15.62 14.36 13.71 15.67 18.78 27.59 29.80 21.02 23.55 40.63 35.71 20.75 14.16 10.72 7.99 13.40 17.94 18.69 17.14 14.78 11.69 10.67 24.17 11.45 23.21 11.92 14.11 15.49 16.73 15.12 18.92 17.28 16.78 16.92 16.19 16.62 14.60 14.49 15.27 15.63 15.36 15.10 16.08 15.45 16.07 14.30 12.37 9.96 8.22 8.46 10.06 12.42 15.35 16.98 17.27 17.52 16.72 14.50 13.36
7.45 7.69 7.90 7.76 8.86 8.70 8.65 8.58 12.31 13.09 11.95 11.79 11.72 11.88 13.07 12.56 13.15 13.63 13.32 14.47 14.94 13.91 13.68 15.78 19.03 25.74 30.36 30.46 32.83 46.08 34.84 18.45 14.41 9.78 7.97 16.73 16.73 22.31 12.48 23.69 23.02 25.20 24.38 12.13 12.28 24.31 24.66 16.09 16.31 15.36 20.32 18.18 16.67 17.79 17.36 17.10 14.84 14.47 13.92 14.44 15.59 15.52 15.10 16.61 15.75 14.59 13.69 12.50 10.70 9.40 9.73 11.68 14.43 16.06 16.56 17.32 17.62 16.49 15.22
7.44 7.60 7.68 7.61 7.51 8.57 8.51 8.35 8.15 12.69 12.23 11.57 11.32 11.36 13.10 13.08 13.18 13.79 13.52 14.47 15.02 14.07 13.68 15.47 18.48 23.41 30.73 36.58 46.32 48.17 31.59 18.22 17.10 12.37 11.58 15.09 18.62 18.30 17.91 20.48 22.01 22.65 21.96 11.74 12.06 12.40 13.14 14.93 13.71 18.16 21.13 19.52 19.23 18.21 20.15 16.95 15.12 14.52 14.33 14.52 14.89 14.78 14.94 14.85 14.17 13.53 13.07 12.70 12.06 11.03 10.09 11.03 13.71 15.51 15.99 17.12 18.17 17.79 16.95
7.42 7.49 7.53 7.49 7.38 8.33 8.42 12.07 11.05 11.97 12.08 11.36 11.02 10.14 11.75 12.93 13.10 13.54 13.59 14.43 15.09 14.11 13.87 14.28 16.59 19.71 25.27 39.00 52.70 49.03 30.65 20.31 16.18 14.68 13.17 13.17 13.85 12.91 12.95 17.69 19.47 19.38 19.95 21.88 22.60 21.93 21.94 27.34 14.79 17.36 21.56 21.22 20.99 17.34 19.67 16.85 14.96 14.03 13.60 13.40 13.90 14.27 14.39 14.35 14.02 13.22 12.31 12.05 11.90 11.59 10.90 11.13 12.96 14.77 15.79 17.39 18.76 18.71 18.05
7.48 7.39 7.39 7.37 7.28 8.14 8.05 8.12 12.37 12.36 12.88 12.01 11.60 10.74 10.51 12.66 13.03 12.45 12.67 13.20 13.86 12.77 13.50 13.04 14.27 16.86 19.95 33.09 49.38 51.77 33.85 22.73 15.00 14.92 12.77 10.88 9.83 9.94 11.07 15.06 16.51 17.45 18.55 20.14 20.64 21.81 23.97 12.27 14.88 17.17 21.08 22.97 24.02 20.79 18.81 16.66 16.50 15.40 15.77 13.18 13.55 13.99 14.39 14.44 14.34 13.92 13.04 12.78 12.57 12.32 11.45 12.18 12.83 13.94 15.27 16.97 19.09 19.92 19.30
7.62 7.41 7.24 7.20 7.22 7.99 7.91 7.95 12.30 12.36 12.23 12.53 12.46 12.23 10.93 12.52 13.59 13.29 13.00 13.07 12.70 10.94 12.14 12.40 13.50 15.73 17.72 25.32 38.63 55.57 48.78 28.55 17.21 7.87 13.63 10.03 9.84 11.20 10.64 13.89 14.90 15.80 17.44 18.11 18.30 18.54 20.00 12.76 15.77 18.37 20.55 24.20 25.61 21.64 19.32 18.67 16.71 15.42 15.58 13.20 13.20 12.99 13.58 14.21 14.21 14.04 13.37 13.05 13.12 13.20 12.73 12.34 12.02 11.95 12.87 15.01 18.21 20.40 20.70
7.55 7.52 7.27 7.02 7.10 7.93 7.83 7.69 11.97 12.17 12.08 12.02 12.32 11.72 11.45 12.42 13.59 14.58 14.82 14.83 13.86 11.83 11.37 11.14 12.70 14.61 17.21 21.35 27.44 45.55 57.17 41.97 19.02 15.83 9.36 14.30 11.96 11.21 12.58 14.92 14.11 15.05 16.18 16.27 16.60 14.62 12.40 9.35 12.00 17.27 21.63 25.56 28.23 25.18 21.68 20.62 18.68 16.90 25.01 24.92 25.09 24.71 24.22 13.32 13.25 12.50 11.50 11.15 11.14 11.37 11.60 11.18 10.22 9.55 9.02 10.37 13.97 18.20 20.67
7.17 7.50 7.63 7.00 7.70 7.82 7.74 7.68 11.82 12.03 12.06 12.32 11.66 11.54 11.86 12.26 13.35 14.04 15.05 16.03 16.59 15.63 14.08 12.70 11.99 12.38 14.29 17.80 23.55 33.46 51.56 44.64 24.87 19.86 16.44 16.01 12.15 8.15 9.18 11.95 14.32 16.01 15.28 14.31 15.98 10.06 5.08 4.86 5.96 10.58 18.12 24.85 29.81 30.26 27.63 25.02 21.75 18.69 17.71 17.89 18.12 24.54 24.21 16.26 12.22 11.25 9.84 9.29 8.89 8.93 8.88 9.60 8.79 8.41 7.48 6.59 7.85 12.47 17.77
6.76 7.24 7.59 7.45 7.58 7.74 7.60 11.45 11.95 12.01 12.60 12.86 12.41 11.92 11.55 12.22 13.22 13.82 14.47 15.04 15.69 16.63 16.91 16.75 14.78 11.56 11.41 14.81 22.39 34.75 46.76 38.58 25.52 23.86 20.15 17.48 13.79 9.89 11.96 15.23 15.12 14.23 14.52 14.42 17.84 16.00 14.04 1.60 0.98 1.93 6.64 15.02 23.17 27.72 28.23 27.57 24.79 20.80 18.63 17.45 17.66 17.67 25.42 25.34 23.36 22.72 22.81 16.33 8.67 8.68 9.39 9.41 8.05 19.42 6.81 6.32 4.98 7.52 13.78
