examples/cougarCreek-fire/createInputs/WindNinja/wrfout_d3.2015080912.f14/cougarCreekFire_08-10-2015_0200_217m_non_neutral_stability_ang.asc
ncols	146
nrows	140
xllcorner	610065.000000
yllcorner	5095217.000000
cellsize	216.586807
NODATA_value	-9999.000000
[rows 42 to 83 of 140, columns 0 to 94 of 146]
286 286 286 286 284 288 286 291 290 292 294 281 275 263 256 251 246 253 261 263 262 252 235 230 235 244 242 235 238 250 249 234 222 229 245 262 273 277 280 286 299 309 305 299 289 283 292 301 309 300 306 306 316 310 303 266 265 302 302 299 272 304 295 256 252 250 252 254 259 258 315 323 328 323 330 291 324 0 19 325 260 258 261 260 250 243 323 342 284 251 247 244 238 224 216
287 288 288 289 287 260 290 291 293 295 281 272 259 254 251 249 253 257 260 261 255 238 234 231 241 245 237 231 238 248 248 239 225 217 221 237 255 257 252 254 265 281 288 283 267 264 270 274 278 288 291 292 303 305 302 301 295 292 266 257 254 246 246 249 249 253 247 270 269 272 278 290 303 306 304 321 350 358 326 14 281 256 254 257 241 223 244 313 346 281 255 251 246 230 227
290 290 292 293 292 288 292 293 295 278 267 265 259 256 253 252 249 248 255 254 245 237 235 236 242 241 232 231 240 248 248 244 235 229 224 223 215 221 225 238 247 254 250 250 256 259 268 281 288 283 275 279 285 285 275 258 250 240 247 248 239 238 239 250 247 246 239 229 228 230 232 235 238 249 261 273 311 358 355 5 343 262 253 254 246 235 245 258 327 330 266 254 255 259 256
291 292 295 296 289 290 292 294 296 266 270 264 263 266 260 253 249 253 262 259 251 242 238 235 240 238 233 235 244 246 249 245 249 246 244 236 222 213 217 224 226 229 235 249 256 242 258 266 285 294 277 253 247 254 270 244 236 236 238 233 233 230 232 232 236 237 228 221 222 223 224 226 230 236 240 246 255 288 2 9 16 294 259 255 257 280 274 272 286 339 325 263 260 266 264
293 294 289 296 290 291 268 295 265 275 265 267 272 266 258 253 253 269 269 266 258 243 238 231 234 235 236 241 244 243 247 247 244 243 243 248 236 229 219 212 207 209 210 213 210 241 247 247 246 220 221 239 248 244 237 226 218 228 227 222 218 221 226 230 235 236 227 222 222 226 228 233 236 237 238 239 242 249 295 12 26 15 261 251 246 259 281 283 287 315 351 290 264 255 247
293 272 289 297 299 292 276 266 265 268 268 275 277 271 269 275 287 281 272 264 251 243 237 229 236 237 241 245 242 238 241 250 247 248 249 248 242 253 236 214 205 204 209 215 243 236 235 227 187 187 203 218 226 223 221 215 207 210 215 215 215 221 227 227 231 233 226 223 227 233 238 241 242 243 247 248 245 248 262 347 27 31 303 252 243 248 268 273 280 297 341 317 273 256 249
293 288 271 274 272 272 272 268 293 270 297 299 282 282 296 295 287 282 271 260 250 247 242 237 241 245 250 247 242 241 241 243 252 254 257 252 230 265 251 250 234 213 221 223 238 231 223 183 175 177 188 196 205 209 210 211 208 212 218 217 217 222 227 233 238 237 233 232 234 237 240 243 247 251 256 260 259 256 254 278 25 36 19 268 244 239 250 264 269 270 300 327 302 265 252
268 288 292 281 292 266 270 294 296 298 300 302 302 302 288 278 268 261 256 254 252 240 235 246 244 246 249 245 246 247 242 247 252 256 260 250 201 192 238 274 230 273 234 228 215 216 183 177 172 173 178 187 201 210 212 218 219 222 225 225 224 227 232 238 242 242 238 236 235 235 239 242 246 248 249 248 253 257 258 262 358 39 26 352 261 240 234 249 255 264 279 305 321 285 253
290 279 282 289 285 301 303 299 300 301 304 306 306 288 274 267 263 262 259 262 254 251 246 238 236 240 250 245 250 247 242 250 256 260 261 246 201 194 235 265 276 275 281 267 212 197 187 179 178 176 180 189 203 216 225 231 232 229 229 232 236 239 238 238 239 236 231 232 231 232 235 239 242 243 237 233 240 252 257 252 247 32 32 15 352 272 247 242 246 251 261 264 276 282 259
292 294 291 300 302 305 298 300 303 306 309 311 309 283 275 304 267 265 261 259 259 258 249 246 234 243 250 260 258 247 243 252 256 263 262 245 213 210 240 251 257 263 266 288 319 287 173 161 181 183 186 194 206 219 230 240 242 236 234 248 255 245 242 241 240 233 230 234 233 231 233 237 241 239 234 236 245 253 251 245 232 220 3 5 349 333 271 248 243 243 241 234 227 238 263
273 292 302 303 305 298 309 302 306 308 310 290 284 282 283 279 272 267 264 263 263 259 257 281 241 272 270 269 260 248 248 253 259 260 256 239 223 225 245 255 255 256 257 262 294 308 333 63 110 176 184 196 208 218 232 240 237 230 225 240 247 251 242 249 247 239 237 241 241 240 243 246 245 242 243 250 258 260 255 246 232 226 229 249 310 328 308 275 256 247 238 231 233 248 267
301 304 305 304 296 297 286 286 290 308 287 299 316 310 307 304 302 271 268 267 254 263 258 247 260 282 269 257 250 250 279 269 256 258 250 228 219 226 225 229 232 242 244 249 266 287 300 313 336 12 150 187 206 223 239 240 235 226 228 239 244 254 245 255 255 251 251 251 250 254 263 261 251 245 247 255 257 263 261 253 245 238 230 224 217 271 305 300 275 258 245 236 237 244 255
305 312 310 303 295 283 299 290 293 293 297 319 315 309 280 281 303 311 274 275 301 298 258 242 263 268 254 247 250 249 270 252 265 256 248 223 217 232 223 228 218 227 215 230 237 246 267 273 269 281 341 145 207 236 251 250 241 228 237 247 252 262 254 260 264 269 266 259 254 256 265 267 256 249 250 256 261 262 261 263 260 245 235 228 218 238 263 272 268 260 251 240 237 242 248
290 300 311 288 297 295 298 293 297 297 315 316 312 310 286 317 307 283 307 307 306 268 260 259 262 256 250 250 256 249 267 264 258 256 250 232 236 240 233 223 218 229 212 203 194 199 200 207 260 283 288 298 289 246 258 254 245 238 256 260 261 273 268 258 263 271 277 260 254 254 254 256 257 257 259 261 262 260 260 267 270 251 196 210 226 237 248 253 251 252 250 243 243 249 252
275 279 302 283 295 303 298 292 321 315 304 302 307 312 323 309 312 312 320 321 316 263 257 265 264 257 259 265 258 250 266 248 257 256 254 242 255 239 250 228 240 236 224 207 200 192 197 197 165 176 278 291 268 236 250 248 243 244 246 259 246 247 247 248 251 252 252 252 251 248 245 242 243 253 260 262 261 260 265 270 270 262 219 220 229 240 247 246 247 248 245 242 247 254 257
292 295 298 293 294 301 295 305 311 299 300 290 305 311 304 307 309 293 324 334 329 267 269 295 268 260 267 269 254 249 248 253 259 256 254 236 277 230 229 253 222 233 228 211 207 197 193 202 198 157 163 180 181 222 233 233 236 239 240 242 246 247 247 247 246 242 238 240 242 242 239 238 240 249 256 259 260 264 266 261 245 225 218 255 255 251 247 242 239 236 237 240 249 256 259
314 320 310 294 296 293 289 301 295 298 289 293 303 306 286 303 311 318 327 344 338 286 314 309 296 270 294 270 256 253 257 261 261 256 251 230 222 239 218 220 218 210 207 211 209 203 200 206 207 194 174 152 167 210 223 225 231 235 236 240 245 247 249 249 247 246 243 242 243 241 239 241 244 249 256 259 265 261 252 235 215 208 214 237 259 257 252 241 227 224 232 239 250 258 260
317 338 329 298 298 284 296 305 304 290 293 306 295 311 313 316 315 321 336 356 345 328 321 306 274 299 298 267 262 260 271 268 263 257 252 237 226 227 224 215 216 210 209 210 209 212 211 212 211 207 197 176 170 190 212 225 232 236 238 242 245 246 248 247 245 245 244 245 246 243 241 246 251 254 266 262 256 251 237 220 213 218 226 233 241 251 252 241 229 227 231 241 252 259 261
307 340 331 303 288 297 305 317 294 298 307 307 311 315 316 316 311 322 345 8 336 315 312 287 306 303 279 267 269 275 275 269 266 260 252 242 227 228 227 216 216 217 213 216 219 219 222 220 220 217 206 186 177 189 210 227 234 238 240 241 243 245 248 247 244 240 239 241 244 243 246 252 260 263 259 259 254 246 233 223 226 235 242 246 253 259 253 244 238 231 238 248 254 259 260
282 305 320 306 304 307 317 320 314 312 311 313 315 318 317 316 323 335 2 13 324 280 312 313 323 307 302 280 282 279 274 274 267 262 256 239 220 218 215 220 223 219 213 221 225 227 232 230 228 223 209 190 184 198 220 232 240 241 239 240 242 244 247 248 244 240 239 242 244 248 258 257 254 256 257 253 247 240 234 236 245 249 248 251 261 264 256 248 239 234 248 256 259 261 261
305 317 316 309 310 313 318 317 314 313 313 315 316 315 308 305 332 4 27 358 316 286 287 315 314 310 306 288 287 282 275 271 270 261 258 233 219 220 222 232 232 232 226 224 235 233 230 234 233 227 212 198 193 212 234 242 242 244 238 240 244 245 244 242 239 239 242 249 252 255 256 253 252 254 254 249 241 239 243 250 257 259 257 256 257 253 250 250 244 243 257 264 265 264 262
332 329 319 312 311 313 315 315 315 315 314 313 313 309 304 316 340 34 43 341 289 290 300 285 312 310 306 289 287 282 276 276 270 259 257 232 228 237 237 241 239 245 244 244 239 240 237 235 237 236 229 212 204 228 246 251 244 250 247 241 248 247 243 241 239 243 248 245 246 251 253 249 244 246 248 242 239 246 255 266 273 268 261 255 252 250 251 253 251 256 266 271 270 267 263
328 325 320 316 314 316 317 317 317 316 309 309 312 310 312 317 346 61 61 336 316 311 284 285 311 309 306 288 282 279 277 272 268 262 257 242 238 251 251 248 246 254 262 248 251 248 239 242 241 239 242 227 219 241 255 258 257 253 255 252 253 249 249 243 241 246 244 249 252 245 249 241 239 235 239 235 237 249 261 271 282 280 268 258 256 258 262 266 267 271 277 278 275 268 261
325 323 320 319 319 320 320 317 315 306 302 301 299 304 304 312 359 73 59 343 318 320 285 287 308 307 304 300 283 281 278 273 265 260 266 266 254 262 258 253 254 269 275 274 252 252 242 244 247 245 250 245 243 262 253 265 263 260 260 250 258 256 254 246 247 251 249 247 246 244 248 239 238 236 237 234 240 251 257 263 274 280 265 253 259 264 268 275 288 293 289 286 281 272 261
326 322 318 318 319 321 319 313 308 305 302 298 293 298 290 296 6 55 48 341 318 320 319 321 307 308 305 301 288 285 277 280 273 265 283 270 260 268 263 256 259 261 277 281 271 259 252 254 254 245 255 247 255 275 277 273 267 263 262 263 257 260 255 248 252 253 250 241 249 251 248 240 240 233 236 234 242 252 250 248 245 240 237 244 256 258 265 279 297 305 300 294 289 278 264
328 324 319 316 317 319 315 311 307 303 299 295 293 298 294 301 360 25 38 306 318 310 320 321 288 320 305 302 287 281 281 289 286 272 275 278 267 274 265 261 262 261 277 287 284 267 252 250 254 249 251 247 262 280 272 284 275 265 264 266 266 259 258 259 251 255 253 249 250 249 246 242 241 237 234 229 245 248 245 242 235 229 232 256 260 257 265 278 290 302 307 306 298 288 278
328 323 319 311 312 312 310 309 300 298 298 307 306 304 300 315 4 39 31 326 316 290 321 312 291 320 315 302 283 285 279 289 288 273 274 280 270 273 268 262 262 258 277 288 300 282 271 258 265 260 251 256 273 285 288 291 286 270 265 255 266 264 264 257 260 259 255 251 250 245 244 242 239 233 233 240 241 242 236 238 237 230 231 250 265 258 263 270 282 293 301 306 312 311 293
324 321 316 306 306 301 301 299 297 295 296 297 293 305 306 326 19 45 18 328 303 291 294 310 292 320 315 303 302 288 279 287 294 286 276 274 274 275 271 265 264 265 264 287 310 298 279 272 270 265 263 270 280 285 286 289 295 281 266 260 262 265 268 267 261 262 256 253 251 247 239 241 235 227 228 234 240 236 234 237 235 231 233 240 246 254 262 270 278 286 296 300 303 317 316
323 319 314 304 304 299 298 296 295 293 293 292 301 305 310 337 35 49 0 324 316 290 305 291 322 320 308 304 290 284 285 284 300 292 279 280 275 279 274 269 266 263 263 282 306 311 284 277 274 273 275 278 281 270 281 283 292 292 272 262 258 264 269 271 268 262 256 254 253 250 239 242 234 224 226 235 233 241 242 243 244 242 242 242 245 259 269 271 270 270 281 296 295 305 325
325 319 313 313 303 297 296 301 294 291 292 291 305 299 312 346 39 40 353 322 316 290 319 307 321 319 307 306 291 304 285 293 311 311 280 278 284 283 276 270 266 269 264 263 299 319 298 281 280 278 279 280 277 267 267 281 287 295 281 267 263 256 268 270 267 261 257 255 250 253 249 238 236 226 229 233 239 249 251 255 258 256 248 236 262 273 280 275 260 254 256 268 287 298 311
324 317 313 313 303 295 295 300 292 292 292 291 288 296 312 1 44 38 354 317 313 316 319 307 321 317 304 294 288 288 286 298 307 285 282 281 287 297 272 272 269 278 274 262 292 320 312 286 284 282 281 281 272 263 277 279 284 291 285 274 267 266 259 267 266 262 258 256 254 250 249 245 236 229 234 246 247 249 253 257 265 267 265 248 262 267 274 271 256 251 245 254 258 268 281
320 316 313 313 303 297 295 300 293 293 292 291 287 299 306 12 58 49 346 312 311 317 319 299 322 309 292 306 292 304 288 302 305 288 290 285 303 298 274 274 268 281 278 264 271 305 316 296 285 285 282 282 274 279 264 278 283 291 290 281 274 269 264 261 267 264 261 258 254 250 248 239 231 233 239 249 260 256 258 260 264 273 278 260 254 256 264 273 271 258 253 249 247 247 253
315 314 312 312 302 296 295 294 293 292 288 287 301 278 300 23 63 37 331 311 311 317 319 311 323 309 295 297 305 290 296 303 297 301 292 287 307 304 275 276 272 277 283 264 275 289 306 302 288 281 285 279 280 281 279 270 283 290 291 284 279 273 268 258 266 266 264 261 257 244 236 240 239 237 246 256 265 260 262 267 267 268 267 262 252 250 252 263 273 269 254 246 243 241 243
312 313 312 301 301 300 299 293 292 288 293 287 285 279 306 25 40 8 324 293 314 318 320 322 323 309 297 310 294 294 293 303 290 304 293 301 311 296 278 278 275 285 281 282 280 276 303 308 298 283 288 286 285 283 281 280 272 286 290 287 281 276 271 264 266 266 266 264 260 253 246 243 242 247 258 267 270 270 264 263 262 265 263 262 259 251 252 258 259 265 264 252 241 239 241
312 312 312 301 302 299 297 297 291 295 306 303 303 308 323 13 24 351 320 313 316 319 321 324 314 302 297 309 298 291 291 300 291 293 293 314 313 290 294 280 282 289 286 286 283 285 302 312 306 288 290 289 288 286 283 274 274 286 291 289 284 278 273 268 259 267 267 264 258 249 238 241 248 260 262 261 273 273 272 266 268 262 262 266 263 253 254 255 253 254 260 255 246 244 242
312 312 311 301 300 300 298 297 297 299 308 298 306 312 336 19 17 333 317 313 316 319 321 316 322 304 321 293 293 291 294 292 293 289 297 314 314 290 294 281 294 295 292 290 288 287 285 307 309 293 294 293 291 288 285 277 276 287 290 290 278 280 274 269 267 267 268 264 255 246 249 248 254 261 273 273 273 267 276 269 263 261 257 262 264 260 257 253 249 253 258 261 259 251 248
312 312 311 300 301 312 298 293 298 299 297 289 307 311 339 30 5 322 314 314 316 319 321 326 332 328 318 291 293 304 292 295 291 288 302 312 314 299 283 283 302 299 303 294 299 288 286 299 303 297 294 298 294 289 287 287 282 280 279 287 286 282 277 272 267 261 267 265 258 255 263 270 265 267 276 276 266 271 281 283 274 257 248 246 249 257 256 251 250 254 261 265 266 264 259
312 312 312 301 301 313 298 298 298 297 294 289 286 309 341 26 348 318 314 314 315 317 305 327 332 323 289 290 291 293 295 299 295 287 305 316 315 301 286 284 305 302 299 296 301 289 287 287 293 304 298 300 295 289 287 283 292 281 268 283 285 285 282 275 268 258 266 268 269 273 278 279 279 279 273 274 280 279 282 285 282 256 242 240 246 257 256 250 253 258 260 258 262 268 269
311 312 312 302 301 313 311 298 297 297 293 291 290 312 344 1 328 316 315 314 315 317 323 337 330 290 289 310 291 302 290 293 292 289 307 318 317 303 297 286 307 307 302 298 295 291 289 299 291 302 303 300 293 290 290 291 292 287 271 280 284 287 286 274 271 265 262 270 278 284 286 283 282 283 283 285 282 278 276 275 273 253 241 244 252 261 259 253 255 259 259 255 256 265 276
311 312 311 304 314 313 312 299 299 299 296 294 292 320 343 337 321 317 316 315 315 317 330 348 332 303 311 309 299 296 299 290 291 289 307 316 310 291 290 308 310 310 308 302 301 293 291 299 296 298 301 298 295 294 294 285 283 281 272 273 282 285 286 284 276 269 260 271 281 288 291 284 283 285 287 286 282 276 269 259 248 238 242 247 251 256 257 256 258 258 257 253 256 265 272
311 312 311 303 314 313 312 300 300 302 297 311 298 332 339 328 320 317 316 315 300 314 337 350 326 292 310 309 290 299 299 290 292 296 307 311 306 298 298 308 311 313 312 305 304 296 292 298 278 288 297 299 298 295 292 284 264 277 275 275 271 281 283 285 285 278 272 266 281 282 291 290 280 285 287 286 281 274 265 252 236 225 236 244 250 252 253 258 261 259 256 255 262 266 267
311 312 311 313 313 313 313 300 302 303 300 315 299 333 321 324 320 317 315 304 302 327 350 349 318 312 309 309 292 306 294 292 304 305 305 307 293 310 299 307 311 315 316 306 305 301 300 296 282 284 297 301 298 286 282 272 278 276 280 278 275 270 280 286 290 286 278 268 278 281 288 292 283 285 283 284 278 264 265 254 229 218 233 246 255 256 256 259 261 260 259 261 267 270 267
