examples/cougarCreek-fire/createInputs/WindNinja/wrfout_d3.2015080912.f14/cougarCreekFire_08-10-2015_0200_217m_non_neutral_stability_ang.asc
ncols	146
nrows	140
xllcorner	610065.000000
yllcorner	5095217.000000
cellsize	216.586807
NODATA_value	-9999.000000
[rows 0 to 41 of 140, columns 0 to 94 of 146]
236 236 238 241 240 238 238 239 242 248 248 252 255 254 252 252 250 247 245 244 246 251 257 263 263 259 257 257 258 258 255 251 250 250 251 253 256 256 259 259 258 259 258 255 256 258 259 258 254 250 245 241 238 239 241 238 233 231 235 239 242 243 247 249 250 250 253 262 271 268 247 236 240 250 260 262 249 240 242 248 254 262 269 275 283 283 284 290 294 286 278 275 290 304 293
236 236 238 241 240 238 238 239 242 248 248 252 255 254 252 252 250 247 245 244 246 251 257 263 263 259 257 257 258 258 255 251 250 250 251 253 256 256 259 259 258 259 258 255 256 258 259 258 254 250 245 241 238 239 241 238 233 231 235 239 242 243 247 249 250 250 253 262 271 268 247 236 240 250 260 262 249 240 242 248 254 262 269 275 283 283 284 290 294 286 278 275 290 304 293
237 238 240 241 240 239 240 241 243 245 248 251 253 252 251 250 248 247 246 247 248 254 256 259 258 256 256 256 256 254 252 250 250 250 251 253 255 256 257 257 257 256 256 255 256 256 255 254 251 246 241 238 237 238 237 233 230 233 237 240 241 243 246 247 248 250 255 260 260 249 236 238 247 255 260 256 244 242 247 253 260 266 272 276 279 282 284 286 287 284 280 280 288 299 286
237 238 241 240 239 240 241 242 243 244 246 249 250 250 250 249 247 247 248 249 250 255 252 252 253 254 255 254 253 252 251 250 250 251 251 252 253 253 255 255 255 254 254 254 254 253 250 247 245 241 236 235 236 236 234 229 230 237 241 241 242 244 244 245 247 252 257 255 244 228 230 247 258 262 261 249 236 247 257 263 268 272 275 279 282 286 290 293 296 298 296 297 299 299 288
236 237 239 239 239 240 241 250 250 250 244 246 247 248 248 247 246 245 247 247 252 252 252 250 251 252 252 252 252 250 249 248 249 250 250 250 251 252 253 254 254 254 254 253 252 249 246 244 241 236 232 232 233 232 232 231 235 241 243 243 243 243 244 245 248 253 254 247 232 228 243 259 264 264 255 238 241 259 268 272 274 276 279 282 288 293 298 302 310 318 315 312 321 320 299
235 236 238 239 239 240 241 242 243 251 251 252 246 246 246 245 244 245 251 245 251 251 251 248 249 250 249 250 250 249 247 246 248 249 249 250 252 252 253 253 253 255 255 252 248 245 243 241 238 232 228 229 232 232 232 233 238 242 244 244 243 243 245 246 249 252 248 238 230 240 256 264 263 258 247 243 264 277 279 280 280 283 287 291 295 300 304 310 317 323 325 324 336 348 337
235 236 238 239 239 240 240 250 251 251 252 251 251 244 244 244 244 245 249 249 250 250 250 251 250 249 247 250 250 249 245 245 247 248 248 250 252 252 252 254 257 257 258 252 248 246 242 239 236 230 227 229 231 231 232 235 239 242 243 243 243 243 243 245 248 247 241 234 239 252 259 260 257 253 251 262 278 283 284 284 286 289 292 295 299 305 309 315 321 325 329 334 346 358 355
235 236 238 239 239 240 240 250 249 250 251 251 251 249 247 242 243 250 249 249 249 249 249 249 249 248 248 250 249 245 242 246 248 247 248 251 252 253 255 256 258 259 257 254 250 244 239 237 234 228 226 227 229 231 234 237 240 242 242 242 243 243 244 245 246 242 238 238 246 255 257 255 255 256 260 271 281 285 287 289 290 292 296 300 304 309 314 319 324 328 333 341 349 355 354
235 235 237 237 238 249 239 250 252 252 252 252 251 250 248 243 248 248 248 247 248 248 256 257 248 248 248 248 248 245 242 245 247 247 249 254 255 255 257 259 260 257 253 252 247 241 238 235 232 227 224 225 227 232 237 239 240 241 241 242 243 243 243 244 243 240 238 242 247 251 252 253 256 261 267 274 281 285 288 291 293 295 298 302 307 312 316 321 326 330 335 342 348 352 355
235 236 237 237 237 245 247 249 250 251 252 251 261 250 247 246 247 247 248 257 258 248 246 246 259 247 247 247 246 244 241 244 247 248 251 254 255 256 259 261 260 256 250 246 240 235 235 234 230 225 223 225 228 236 238 239 240 241 241 241 242 242 242 241 240 240 240 243 244 245 247 253 259 263 268 274 280 285 289 291 293 295 297 300 305 310 316 321 326 331 336 341 346 350 355
245 236 237 238 238 238 245 247 249 250 250 251 251 261 247 246 245 241 248 249 259 259 247 246 257 258 252 252 246 242 238 242 246 248 251 254 254 256 259 261 261 258 251 244 236 233 234 234 230 225 223 225 232 237 239 239 239 240 239 240 241 244 240 238 239 239 238 239 240 241 245 251 257 261 267 274 280 283 286 287 289 292 296 300 305 311 317 322 328 332 337 342 347 350 357
234 234 246 247 248 247 238 246 248 261 262 250 250 250 248 247 242 243 246 248 261 261 260 247 247 259 249 254 256 241 236 242 246 249 252 255 256 257 259 260 262 260 252 241 235 233 235 235 230 224 223 226 231 236 242 239 238 238 239 239 240 239 237 237 237 237 237 237 238 239 243 249 254 260 265 272 276 277 278 281 284 288 293 298 305 312 318 325 332 336 341 346 349 352 359
232 233 234 245 247 248 239 244 245 247 260 262 261 248 248 248 245 246 247 248 261 262 262 260 248 259 253 256 256 238 235 241 246 249 252 255 256 257 256 257 268 260 248 237 234 233 235 232 226 222 223 228 232 237 241 237 233 234 237 242 239 236 235 237 237 236 235 236 236 237 240 245 251 256 262 267 270 270 270 273 278 283 290 297 305 313 321 329 337 342 350 355 356 356 1
231 233 235 236 237 247 240 240 243 244 246 258 260 260 246 247 246 247 248 263 263 263 264 263 261 262 257 258 254 237 236 243 257 260 262 263 263 263 264 265 262 253 239 233 231 233 233 227 220 218 222 229 236 242 242 238 234 233 236 238 237 237 236 237 236 234 234 234 233 233 236 241 246 252 257 261 263 261 261 266 272 278 285 295 305 315 325 335 346 353 4 14 11 7 8
231 234 237 238 239 240 241 242 242 245 245 245 245 256 259 258 256 256 261 264 265 266 266 266 264 264 259 259 252 237 238 246 261 262 263 263 262 263 265 265 256 246 233 227 227 235 230 223 216 216 222 229 235 242 241 241 240 238 239 240 239 236 236 235 232 232 232 231 228 226 233 236 243 248 251 252 251 251 256 260 264 270 279 291 305 319 333 347 0 7 23 40 43 35 25
232 235 238 239 239 240 250 251 250 247 246 247 258 254 254 258 253 251 256 260 260 263 263 262 266 264 261 258 249 238 242 258 262 263 263 263 262 263 267 269 255 244 231 222 225 228 226 221 217 216 225 230 235 240 240 241 237 233 238 241 238 235 235 235 232 229 226 225 223 220 225 234 240 243 244 243 240 240 246 252 254 261 271 284 305 328 347 6 22 32 51 69 80 108 65
233 236 239 240 240 240 241 249 251 250 248 248 265 264 253 245 246 253 255 257 257 259 257 247 261 265 261 255 241 233 243 257 259 260 261 260 261 263 265 265 253 243 231 222 224 225 223 218 216 219 226 230 234 237 243 239 231 228 234 239 238 237 236 233 229 222 222 226 222 218 226 235 239 238 237 236 234 234 237 241 245 250 257 270 291 325 354 17 34 47 65 77 85 118 101
236 238 240 241 241 241 246 248 251 265 248 247 260 264 252 243 243 248 251 252 256 256 258 248 259 265 262 251 236 229 248 256 255 256 255 257 258 262 264 255 250 242 231 223 222 222 219 216 216 222 225 231 235 240 245 240 232 238 236 239 241 238 235 231 225 219 220 219 221 218 227 235 237 236 233 231 230 232 234 236 239 244 249 257 270 298 339 16 39 52 64 74 80 81 67
239 240 241 242 242 242 242 249 266 268 250 249 255 254 256 257 255 255 256 253 256 257 255 252 255 261 258 240 236 242 254 258 255 254 250 255 257 260 261 252 247 238 226 217 215 218 214 213 216 223 227 231 235 241 240 235 235 239 237 240 242 240 235 233 227 217 216 216 218 217 226 233 235 235 232 227 228 231 233 233 235 239 243 248 258 273 308 15 45 58 69 77 82 84 67
241 242 242 242 242 241 249 249 266 268 250 263 256 256 263 265 264 262 262 258 260 258 254 252 256 256 249 239 239 253 260 267 263 249 244 257 259 259 259 248 241 232 222 214 212 214 215 216 217 224 227 229 240 240 234 235 238 235 236 241 242 239 237 238 229 215 213 216 216 217 224 230 232 233 231 226 228 232 232 232 233 236 239 243 247 253 269 7 59 71 82 88 89 99 143
243 242 243 250 249 249 249 250 250 268 250 265 270 257 256 262 263 263 263 261 261 257 253 254 256 255 246 241 252 259 266 275 271 255 247 260 261 256 260 249 238 228 217 210 211 214 216 218 224 220 227 228 238 233 233 236 234 232 230 238 244 237 238 240 229 212 206 211 215 219 224 227 229 231 229 225 228 232 230 230 231 233 235 238 241 243 244 209 80 87 94 96 94 94 274
242 242 242 249 249 249 249 249 250 270 265 266 274 272 251 240 250 254 259 258 257 258 257 257 258 258 254 257 259 259 272 274 284 263 248 251 262 259 262 248 238 227 218 212 212 227 214 219 215 223 226 233 235 235 238 236 237 230 228 238 240 236 241 237 227 213 204 207 215 221 224 225 226 228 228 225 227 229 228 228 230 232 233 235 237 234 224 195 135 110 100 99 98 86 358
243 244 243 243 248 248 248 249 250 268 267 266 273 271 263 243 247 239 253 258 258 260 258 255 257 259 256 254 260 267 276 275 285 218 257 255 265 265 259 252 241 227 219 213 210 211 213 211 212 222 226 235 237 235 238 239 235 230 228 236 235 237 242 241 231 215 204 203 212 221 223 223 225 228 228 225 224 225 225 227 229 231 233 233 232 226 214 192 151 136 123 113 107 100 34
245 246 245 245 245 244 249 251 266 270 271 266 267 273 273 264 261 260 259 264 264 263 261 253 252 262 258 265 262 270 283 281 285 322 286 265 271 269 260 252 239 226 219 213 209 212 211 207 208 216 226 226 235 238 234 232 231 227 227 230 234 236 239 237 229 214 201 198 207 217 221 223 226 229 228 227 224 221 223 227 230 232 232 232 230 224 212 187 152 144 144 134 123 155 176
246 247 247 247 247 247 251 252 252 272 276 270 267 275 274 266 263 262 259 258 262 263 262 260 256 263 268 272 274 278 288 294 287 239 331 282 280 273 263 251 233 222 218 211 207 207 207 205 208 215 227 227 235 232 236 231 228 227 228 231 232 230 229 231 221 209 200 199 206 215 219 222 227 230 230 229 226 221 224 229 232 232 231 230 229 223 210 180 148 140 147 149 143 214 209
248 248 249 249 250 249 253 253 253 270 276 273 266 267 275 272 266 263 261 257 258 263 261 261 258 262 270 268 278 282 290 300 280 272 223 297 284 277 261 250 231 220 218 230 206 226 206 206 208 215 220 237 235 239 237 233 230 228 228 229 227 226 230 223 220 210 206 207 208 211 216 222 228 230 230 229 227 223 226 232 233 232 231 230 229 222 210 175 142 136 140 157 182 204 205
250 251 252 251 255 255 255 254 262 265 273 271 268 264 271 275 268 265 264 261 261 265 263 259 255 257 261 256 274 285 293 302 272 245 199 329 298 275 263 248 231 221 228 212 223 201 204 206 210 217 223 239 238 241 240 234 228 224 226 227 225 225 227 224 219 213 214 213 205 205 214 221 228 231 230 229 227 225 226 232 233 231 229 229 228 223 210 177 147 142 129 74 258 215 214
253 254 254 254 255 256 257 257 257 260 270 274 275 266 262 265 265 265 266 264 264 267 265 256 252 251 252 244 268 284 296 299 262 238 234 341 282 271 264 244 233 224 222 208 199 217 214 204 207 221 226 241 238 244 241 232 224 223 224 223 225 226 223 225 221 218 217 211 205 204 210 220 229 231 228 226 225 223 224 228 230 229 228 228 227 223 210 184 157 149 134 64 12 267 267
255 256 256 256 257 258 259 261 261 266 271 278 281 268 260 262 264 265 267 265 265 268 267 257 248 246 248 246 264 278 294 279 262 266 284 291 293 279 253 241 235 227 227 206 198 194 198 205 209 218 228 241 233 246 237 230 224 225 227 228 229 231 232 230 227 224 218 212 208 207 209 220 228 228 224 222 222 222 223 225 227 227 226 227 229 224 214 196 161 158 155 146 148 167 218
257 258 259 259 259 260 260 270 277 275 276 279 282 287 271 265 267 268 269 266 266 268 267 264 254 250 248 254 262 270 279 277 282 277 278 289 289 264 247 245 240 238 243 243 235 229 232 223 215 218 227 239 234 243 237 231 229 231 232 233 234 234 233 230 228 224 218 214 211 210 212 218 224 223 217 216 220 222 222 224 225 224 224 226 227 225 219 205 166 159 171 169 174 191 251
260 261 262 262 262 263 263 263 270 272 272 278 279 284 280 268 272 274 275 273 273 273 271 270 263 259 256 252 252 254 262 275 289 270 272 288 282 238 254 256 252 253 254 246 231 226 221 201 210 215 224 239 236 239 239 238 239 238 238 234 234 232 230 228 225 221 215 211 210 211 210 215 218 215 211 213 218 220 223 224 224 223 223 225 227 226 220 210 178 163 183 187 191 213 235
263 264 264 264 264 266 266 266 269 271 269 269 271 273 280 270 268 271 272 273 274 269 272 271 266 261 259 253 246 237 244 255 260 269 265 266 233 216 256 261 261 259 258 255 248 233 223 191 202 213 224 235 242 242 239 238 237 234 234 234 235 232 229 227 224 220 215 211 210 210 212 218 218 213 210 210 215 220 223 224 224 221 219 222 224 223 222 216 188 173 189 196 190 195 236
263 265 267 268 267 271 271 270 271 273 274 274 279 280 281 273 264 263 264 266 271 271 268 264 268 266 260 253 249 238 247 252 246 247 244 230 206 223 244 244 256 265 265 263 263 258 250 187 197 211 221 230 235 232 229 231 230 229 243 243 245 248 251 229 229 227 222 219 217 217 223 228 224 222 215 211 216 221 225 228 227 222 219 219 220 221 222 218 199 183 185 191 189 185 243
265 265 273 268 275 274 274 273 275 274 280 286 289 285 282 276 266 258 253 252 256 263 267 266 265 267 267 258 259 259 259 258 247 240 238 238 235 251 264 265 267 267 263 265 281 283 203 191 193 209 218 223 226 225 223 226 228 229 234 238 241 253 258 252 239 238 233 232 231 232 235 237 232 227 222 222 223 227 232 232 230 226 220 216 218 221 223 222 209 187 188 193 195 193 253
268 268 267 274 276 275 275 284 284 284 283 283 284 286 285 278 269 262 257 254 254 255 255 258 264 263 263 260 261 260 264 259 245 239 240 249 259 275 290 292 287 282 284 284 286 296 301 254 246 246 240 232 233 231 229 228 230 232 237 241 247 248 258 257 256 257 257 247 236 237 242 243 241 257 231 234 229 229 233 234 232 226 221 215 214 223 227 225 218 191 194 201 199 198 235
271 271 271 271 276 277 276 277 280 280 276 270 268 273 282 283 281 280 280 272 264 255 250 245 238 232 248 258 264 260 261 249 242 243 240 244 258 264 263 263 267 273 277 274 272 279 290 302 328 323 311 290 261 247 241 238 236 237 240 258 257 255 246 245 239 238 234 230 226 228 238 246 255 244 243 238 227 224 232 235 232 230 227 216 211 224 230 226 221 204 196 203 199 194 190
273 273 274 276 278 293 291 280 277 275 272 271 269 267 268 272 273 273 270 258 246 242 241 233 227 224 229 240 260 259 255 243 233 231 229 225 224 201 202 216 227 235 244 258 273 269 267 280 304 321 316 314 299 278 264 258 252 247 244 245 245 246 245 257 242 228 223 218 215 243 228 232 228 227 233 235 230 230 237 239 237 239 239 226 207 221 231 230 223 209 204 208 206 199 199
275 276 276 278 278 280 282 276 283 268 268 274 273 265 257 255 254 246 238 234 235 237 235 230 228 226 229 231 239 252 250 251 256 238 242 240 234 226 224 230 219 236 237 247 247 274 282 267 279 299 315 308 302 320 285 275 268 264 259 255 240 239 237 236 235 231 225 220 219 222 228 226 254 217 222 227 233 241 252 257 253 248 246 238 200 219 231 231 225 213 213 217 213 201 193
278 278 279 280 280 281 261 283 267 267 270 273 266 260 255 254 250 244 241 243 242 237 236 234 228 226 233 232 233 245 246 255 277 283 288 290 284 235 221 284 274 262 232 232 235 242 249 261 253 274 291 306 306 317 312 307 301 300 284 282 278 276 253 253 253 250 247 244 243 244 243 237 227 222 218 215 218 227 248 269 271 262 255 250 250 234 229 232 225 219 219 224 219 202 191
281 281 281 281 281 281 258 283 271 273 275 274 271 266 262 259 253 246 242 241 236 236 242 239 229 232 237 234 232 244 254 255 268 291 304 312 315 319 325 279 273 307 261 238 268 275 273 264 262 262 266 275 279 287 298 309 305 305 310 302 301 296 293 293 295 297 304 314 319 317 315 261 253 245 224 211 212 214 225 242 261 274 271 266 278 40 227 233 231 227 226 226 221 206 195
282 283 283 281 281 282 259 284 287 275 277 280 279 275 266 260 251 242 239 241 241 245 247 235 227 234 237 235 241 258 263 259 259 272 286 290 297 307 317 337 330 331 331 316 290 279 272 270 262 284 283 281 270 264 281 281 269 267 279 270 286 308 304 302 302 304 310 318 326 329 331 335 333 296 306 301 252 224 225 229 240 255 267 275 276 283 59 237 234 233 227 222 225 212 200
284 284 285 280 281 262 283 286 288 278 280 281 277 268 259 256 247 241 245 254 257 255 245 230 230 237 238 237 241 254 255 242 252 264 266 272 284 292 295 300 318 310 303 306 308 315 311 301 313 309 301 306 280 295 287 286 282 283 264 263 289 298 303 304 306 308 308 301 297 301 306 323 335 337 344 349 335 354 286 241 245 253 261 263 263 292 43 278 242 236 234 229 234 220 210
