examples/cougarCreek-fire/createInputs/WindNinja/wrfout_d3.2015081000.f24/cougarCreekFire_08-11-2015_0000_217m_non_neutral_stability_vel.asc
ncols	146
nrows	140
xllcorner	610065.000000
yllcorner	5095217.000000
cellsize	216.586807
NODATA_value	-9999.000000
[rows 0 to 35 of 140, columns 0 to 80 of 146]
10.71 10.54 10.53 10.52 10.25 10.09 10.00 9.94 10.00 12.03 10.11 10.27 10.42 10.37 10.35 10.41 10.26 10.05 9.97 9.96 10.02 11.72 10.83 11.10 10.96 10.80 10.83 10.95 11.10 11.16 11.04 10.95 11.09 11.28 11.43 11.65 11.97 8.36 11.14 12.50 11.01 11.28 12.87 11.19 11.63 11.97 13.61 13.75 13.94 13.98 13.97 13.98 14.21 14.44 14.69 14.89 14.59 14.19 14.47 14.85 14.70 14.72 14.98 15.12 15.20 14.95 14.93 15.45 16.03 16.38 16.18 15.60 15.32 15.38 15.92 16.30 15.43 14.97 15.36 15.41 15.73
10.71 10.54 10.53 10.52 10.25 10.09 10.00 9.94 10.00 12.03 10.11 10.27 10.42 10.37 10.35 10.41 10.26 10.05 9.97 9.96 10.02 11.72 10.83 11.10 10.96 10.80 10.83 10.95 11.10 11.16 11.04 10.95 11.09 11.28 11.43 11.65 11.97 8.36 11.14 12.50 11.01 11.28 12.87 11.19 11.63 11.97 13.61 13.75 13.94 13.98 13.97 13.98 14.21 14.44 14.69 14.89 14.59 14.19 14.47 14.85 14.70 14.72 14.98 15.12 15.20 14.95 14.93 15.45 16.03 16.38 16.18 15.60 15.32 15.38 15.92 16.30 15.43 14.97 15.36 15.41 15.73
10.52 10.47 10.55 10.47 10.21 10.15 10.12 10.08 10.13 10.12 10.12 10.25 10.31 10.24 10.30 10.32 10.12 9.99 10.04 10.12 10.22 12.05 10.86 10.89 10.66 10.62 10.74 10.88 11.00 10.98 10.84 10.84 11.09 11.31 11.45 11.67 11.93 12.14 12.22 12.35 12.58 12.66 12.79 13.06 13.30 13.42 13.36 13.55 13.77 13.80 13.88 14.01 14.25 14.41 14.55 14.51 14.03 13.90 14.40 14.62 14.44 14.55 14.83 14.95 14.89 14.63 14.94 15.64 16.02 15.92 15.28 14.80 14.94 15.35 16.01 16.04 14.99 14.82 15.40 15.54 15.91
10.28 10.37 10.60 10.53 10.34 10.38 10.41 10.41 10.39 10.29 10.26 10.32 10.31 10.26 10.30 10.21 10.01 10.00 10.20 10.38 10.47 12.26 10.85 10.74 10.52 10.56 10.66 10.77 10.84 10.74 10.72 10.82 11.10 11.36 11.47 11.65 11.88 12.07 12.16 12.30 12.47 12.56 12.79 12.99 13.16 13.22 13.08 13.34 13.67 13.78 13.90 13.98 14.11 14.21 14.19 13.80 13.29 13.59 14.15 14.31 14.36 14.43 14.69 14.78 14.47 14.49 15.25 15.86 15.76 15.02 14.18 14.17 14.80 15.58 16.16 15.78 14.62 14.57 15.36 15.76 16.16
10.16 10.30 10.58 10.54 10.41 10.43 10.41 12.80 12.66 12.44 10.30 10.34 10.38 10.33 10.23 10.13 10.02 10.08 10.32 10.42 12.15 12.17 12.21 10.72 10.66 10.62 10.50 10.58 10.77 10.81 10.95 10.94 11.08 11.40 11.48 11.61 11.88 12.17 12.35 12.43 12.47 12.65 12.92 12.97 13.11 13.20 13.22 13.58 13.96 14.08 13.95 13.83 13.89 12.35 13.70 13.27 13.13 13.69 14.09 14.35 14.58 14.44 14.67 14.54 14.30 14.87 15.52 15.54 14.91 14.16 14.06 14.58 15.27 15.91 16.03 15.36 14.24 14.25 15.27 15.84 16.21
10.10 10.26 10.51 10.47 10.39 10.41 10.35 10.26 10.25 12.42 12.39 12.22 10.35 10.25 10.12 10.08 10.01 10.19 12.09 10.32 12.03 12.04 11.97 10.57 10.70 10.59 10.37 10.61 10.97 11.13 11.10 10.83 11.04 11.42 11.44 11.64 11.95 12.22 12.37 12.39 12.44 12.74 12.98 12.95 13.10 13.36 13.55 13.87 14.13 12.96 12.49 12.51 13.66 13.53 13.30 13.22 13.41 13.95 14.28 14.47 14.52 14.46 14.49 14.15 14.44 15.17 13.62 14.80 14.05 13.99 14.60 15.10 15.50 15.67 15.28 14.45 13.73 14.29 15.41 15.78 16.13
9.89 10.02 10.23 10.27 10.32 10.38 10.32 12.70 12.68 12.45 12.55 12.28 11.89 10.16 10.09 10.03 10.04 10.23 11.89 11.86 11.88 11.85 11.80 11.74 11.39 10.92 10.62 11.62 11.81 11.55 10.92 10.74 11.25 11.53 11.42 11.69 12.02 12.21 12.35 12.54 12.80 12.88 12.91 13.03 13.31 13.58 13.24 12.95 12.39 12.15 10.09 13.39 12.15 13.31 13.37 13.58 13.78 14.13 14.36 14.37 14.45 12.91 12.30 14.11 14.79 13.71 14.75 14.26 13.95 14.54 15.10 15.11 15.04 14.81 14.39 14.01 13.93 14.64 15.42 15.61 15.98
9.69 9.84 10.08 10.19 10.25 10.21 10.10 12.42 12.28 12.40 12.34 12.27 12.02 11.37 10.89 10.03 10.08 11.53 11.72 11.82 11.76 11.77 11.78 11.87 11.46 11.03 11.18 11.55 11.78 11.19 10.76 11.74 12.07 11.41 11.27 11.67 12.00 12.12 12.71 12.79 13.07 13.10 13.06 13.35 13.58 12.97 12.40 12.26 12.08 10.32 12.13 12.69 13.41 13.43 13.64 13.75 13.88 14.16 14.32 14.28 13.08 12.63 13.97 14.41 14.85 13.10 14.43 14.10 14.27 14.85 14.88 14.48 14.29 14.28 14.30 14.19 14.17 14.72 15.34 15.54 15.78
9.62 9.85 10.18 10.26 10.22 12.57 9.96 12.13 12.38 12.29 12.25 12.20 11.96 11.48 10.94 9.93 11.10 11.34 11.59 11.77 11.68 11.78 16.18 16.29 11.44 11.15 11.18 11.40 11.51 11.09 11.02 11.75 11.48 11.09 11.15 12.50 12.46 12.53 12.81 13.23 13.47 13.35 13.44 13.89 13.81 13.18 12.81 12.77 12.97 13.05 13.25 12.86 12.17 12.71 13.05 13.76 13.98 14.19 13.03 14.10 13.16 14.09 14.31 14.65 13.35 12.87 12.67 13.26 14.42 14.60 14.26 13.91 14.12 14.46 14.41 14.02 13.99 14.76 15.40 15.46 15.42
9.53 9.79 10.10 10.12 10.08 12.09 12.23 12.31 12.05 12.03 12.00 11.89 15.48 11.54 10.96 10.67 10.81 10.79 11.29 15.49 16.12 11.68 11.31 11.30 16.58 11.27 11.30 11.29 11.42 11.43 11.12 11.46 11.44 11.45 12.03 12.42 12.39 12.58 13.06 13.61 13.65 13.41 13.73 14.05 13.57 13.04 13.17 13.47 13.44 13.41 13.05 12.35 11.59 12.66 13.61 13.91 14.11 14.16 13.25 13.88 14.03 14.43 14.65 13.30 13.03 13.33 13.41 13.72 14.34 14.22 13.94 13.96 14.36 14.50 14.08 13.66 14.15 15.23 15.54 15.27 15.06
11.64 9.62 9.84 9.85 9.88 9.85 11.67 11.99 12.12 12.08 11.80 11.69 11.68 15.39 11.05 10.95 10.64 9.66 11.08 11.43 16.04 15.67 11.30 11.15 16.91 14.75 12.92 12.90 11.44 11.48 10.99 11.41 11.51 11.45 12.01 12.38 12.50 12.82 13.33 13.70 13.65 13.54 13.65 12.54 11.84 12.29 13.12 13.43 13.37 11.82 10.59 10.59 12.76 13.37 13.93 14.25 14.18 14.05 13.95 13.97 14.38 15.06 13.34 12.71 13.41 13.70 13.16 13.19 14.23 14.00 13.93 14.11 14.26 14.23 13.86 13.78 14.70 15.59 15.33 14.85 14.71
9.39 9.56 12.07 12.03 12.02 11.79 9.76 11.65 11.87 15.31 15.33 11.56 11.42 11.41 11.05 11.09 9.84 10.61 11.12 11.33 16.01 15.69 15.88 11.14 11.18 15.92 12.30 13.40 14.31 11.39 10.94 11.33 11.35 11.40 11.89 12.30 12.64 12.96 13.23 13.55 13.94 14.56 13.97 13.30 12.04 11.92 13.10 13.54 12.50 11.19 11.16 12.56 13.16 13.80 15.18 14.40 14.16 14.12 14.31 14.23 14.70 13.69 12.84 12.81 13.02 14.38 14.21 14.12 14.07 13.77 13.77 13.95 14.06 14.06 13.85 14.06 15.04 15.45 14.81 14.40 14.37
9.48 9.61 9.76 11.96 12.00 11.90 9.75 11.18 11.24 11.54 15.48 15.63 15.02 10.89 10.81 10.81 10.04 10.69 10.99 11.11 15.65 15.81 16.05 16.84 11.00 17.32 13.00 14.13 14.63 12.35 11.10 11.24 11.32 11.53 11.91 12.32 12.72 12.94 13.04 13.65 16.65 14.87 13.80 13.16 12.01 12.60 13.60 13.64 12.39 12.74 12.88 13.30 13.56 14.25 14.81 14.02 14.00 13.92 14.04 15.21 13.43 12.64 12.39 14.14 14.19 14.14 13.92 13.86 13.75 13.50 13.56 13.90 14.08 13.93 13.88 14.41 15.14 15.05 14.36 14.10 14.09
9.43 9.46 9.55 9.60 9.62 11.53 9.68 9.66 10.42 10.70 11.11 15.23 15.65 15.03 10.58 10.40 10.03 10.25 10.59 15.03 15.56 15.87 15.86 16.25 17.55 17.38 13.87 14.47 13.84 11.59 11.75 11.09 14.83 15.18 16.10 16.78 16.34 16.38 17.75 18.86 16.86 13.72 12.56 12.14 12.42 13.41 14.10 13.76 12.91 13.05 13.32 13.87 14.62 15.25 14.29 13.71 13.40 12.97 13.05 12.83 12.16 11.81 13.89 13.93 13.87 13.70 13.60 13.59 13.50 13.44 13.65 14.01 14.07 13.88 14.07 14.62 14.93 14.51 13.96 13.85 13.83
9.17 9.18 9.30 9.40 9.42 9.45 9.43 9.39 9.40 10.32 10.32 10.51 10.73 15.26 15.60 14.38 13.40 13.34 14.03 14.54 14.68 15.29 14.94 15.40 17.04 17.44 14.56 14.40 13.24 11.61 11.38 10.86 15.52 15.91 16.57 17.30 16.52 16.54 18.51 20.02 12.51 11.81 12.19 12.48 13.74 14.99 14.52 12.79 11.50 12.21 13.65 14.26 14.59 14.82 14.10 14.00 13.10 12.67 12.61 12.57 14.03 13.76 13.58 13.61 12.24 13.24 13.55 13.54 13.55 13.69 14.50 13.96 13.90 13.93 14.13 14.39 14.40 14.00 13.65 13.64 13.64
9.03 9.09 9.21 9.23 9.21 9.24 11.26 11.30 10.98 10.41 10.17 10.30 14.58 14.27 15.07 16.50 15.06 14.28 14.93 15.41 14.97 15.41 14.70 14.33 16.80 17.36 15.20 14.26 12.96 11.55 12.25 14.89 15.63 16.01 16.75 16.74 16.77 17.09 18.05 18.41 12.27 11.99 12.36 12.67 14.03 13.96 12.42 10.99 10.80 13.17 14.24 14.40 14.26 14.13 14.11 14.05 12.22 12.60 12.67 12.94 12.52 12.32 13.04 13.43 13.86 14.10 13.23 13.56 13.86 13.99 13.82 13.68 13.71 13.91 13.98 14.00 13.93 13.73 13.51 13.45 13.47
9.05 9.13 9.20 9.18 9.25 9.35 9.37 11.09 11.28 10.86 10.43 10.48 15.74 16.03 14.91 14.26 15.12 16.31 16.67 16.89 16.69 16.82 14.77 10.92 14.90 17.15 15.23 13.90 12.25 11.35 13.41 15.51 15.28 15.46 16.15 16.13 16.70 17.37 17.37 16.36 14.02 12.63 11.89 11.89 12.35 11.80 10.97 10.86 12.14 14.15 14.18 13.30 11.58 11.93 13.59 12.65 11.85 12.06 12.58 12.40 12.30 12.92 13.51 13.41 13.86 13.01 13.21 13.53 13.69 13.45 12.98 12.94 13.14 13.39 13.44 13.35 13.30 13.26 13.14 13.03 13.04
9.03 9.09 9.17 9.24 9.37 9.42 10.62 10.81 11.24 14.91 10.74 10.69 15.57 16.62 14.66 12.45 12.91 15.07 16.23 16.83 18.00 18.03 17.21 13.55 14.74 16.56 15.55 13.86 12.44 12.28 14.34 15.39 15.41 15.68 15.13 15.90 16.55 17.81 17.47 15.12 13.60 12.58 12.22 11.93 11.55 11.02 10.78 11.29 12.73 13.46 12.27 9.93 9.57 11.92 12.12 11.46 10.91 13.00 11.73 11.78 12.48 12.77 12.65 12.20 12.12 12.66 12.42 10.45 10.40 12.14 11.82 12.04 12.34 12.52 12.60 12.54 12.52 12.56 12.53 12.41 12.38
8.96 9.05 9.19 9.33 9.44 9.40 9.38 10.95 15.07 15.45 11.08 10.97 14.70 14.74 14.95 15.23 15.10 15.77 16.58 16.32 17.52 17.94 17.99 15.36 14.95 15.78 15.33 13.48 13.20 13.72 14.91 15.34 15.37 16.52 14.89 16.58 17.48 17.96 16.91 15.08 13.76 12.79 12.01 11.38 11.29 11.51 11.13 11.46 12.88 12.21 10.19 9.05 10.54 12.49 11.88 10.58 11.78 12.24 11.40 11.88 12.51 12.61 11.24 11.13 11.89 10.06 9.24 8.83 11.46 11.04 11.10 11.44 11.64 11.75 11.93 11.92 11.80 11.84 11.84 11.72 11.69
8.94 9.12 9.40 9.55 9.59 9.52 11.14 11.17 15.41 15.71 11.18 15.27 14.64 14.90 16.14 16.10 16.46 17.01 17.34 17.21 18.04 17.69 17.88 16.73 17.33 16.34 14.65 13.57 13.81 14.55 14.72 15.17 14.25 11.21 10.86 16.98 17.79 18.42 17.21 15.09 13.76 12.53 11.26 10.33 10.47 10.94 10.77 10.80 9.78 8.80 9.27 10.76 13.58 12.90 11.06 12.51 13.25 11.71 12.26 12.64 11.86 11.57 10.69 11.07 10.36 10.78 10.62 10.58 10.45 10.35 10.55 10.80 10.87 11.01 11.27 11.16 10.97 11.04 11.08 11.06 11.06
9.07 9.33 9.64 11.37 11.35 11.31 11.32 11.36 11.36 15.71 11.18 15.49 16.44 15.18 16.00 17.48 17.20 17.39 17.30 17.94 18.29 17.44 17.64 18.01 18.76 16.76 14.06 13.95 14.23 14.74 14.86 14.82 11.72 10.89 10.91 17.62 17.64 15.61 17.58 13.66 12.34 10.68 9.85 9.51 9.45 9.25 9.22 8.87 10.68 8.31 9.42 11.66 13.16 10.06 12.65 11.81 11.36 12.26 11.58 12.25 12.50 10.99 10.39 10.76 10.15 9.96 9.80 9.75 9.72 9.70 9.83 9.97 10.05 10.24 10.41 10.22 10.14 10.33 10.47 10.50 10.49
9.36 9.64 9.89 11.51 11.54 11.51 11.58 11.44 11.39 16.12 15.40 15.60 16.35 16.99 14.65 11.09 16.16 17.06 18.25 18.18 18.22 17.54 18.28 18.44 17.95 16.85 15.17 14.86 14.55 14.58 15.12 14.02 11.35 10.62 11.02 14.78 17.06 15.21 16.65 11.80 9.27 9.29 8.03 8.22 9.07 9.95 9.56 8.27 8.18 11.57 11.13 12.21 11.51 11.96 11.16 13.74 12.45 10.57 10.31 12.30 11.78 10.43 11.10 9.41 8.78 8.27 8.05 7.79 8.82 8.78 8.93 9.13 9.25 9.39 9.44 9.31 9.39 9.61 9.73 9.75 9.78
9.50 9.76 10.01 10.14 11.51 11.54 11.32 11.29 11.26 15.64 15.77 16.08 17.62 15.85 16.37 10.92 14.16 10.77 16.66 17.49 17.78 18.50 18.76 18.60 18.93 17.81 15.89 15.79 14.73 13.89 14.63 11.83 10.66 13.79 10.90 11.27 17.38 17.79 15.94 10.53 9.15 7.94 7.82 8.29 9.10 9.06 8.48 8.42 10.76 12.27 12.21 13.07 12.35 10.43 10.78 12.09 11.74 10.79 10.94 12.11 10.29 9.57 8.53 7.69 7.27 7.43 7.74 7.94 7.88 7.92 8.18 8.34 8.35 8.41 8.45 8.50 8.70 8.86 8.90 8.91 8.98
9.65 9.84 10.03 10.15 10.23 10.19 11.16 11.28 15.53 15.84 16.31 16.37 17.05 16.69 17.80 16.74 16.88 17.05 17.38 18.36 18.00 18.58 19.01 17.93 17.73 19.60 15.63 15.78 14.54 13.55 14.51 13.84 10.85 10.65 11.07 14.49 17.38 17.46 16.06 10.50 8.16 7.66 8.01 8.78 9.04 8.68 8.78 9.81 11.66 11.86 12.89 8.98 13.25 13.55 13.25 11.43 11.67 10.95 10.21 9.93 8.26 7.68 7.92 7.40 8.09 7.53 7.57 7.53 7.10 7.21 7.40 7.40 7.39 7.50 7.62 7.75 7.95 8.07 8.12 8.19 8.30
9.76 9.89 9.99 10.04 10.06 10.04 11.19 11.35 11.44 16.75 17.32 17.01 17.14 18.09 17.74 17.25 17.41 17.82 17.89 18.08 19.03 18.91 18.48 18.61 17.50 19.03 15.84 15.16 15.60 15.59 15.92 14.81 12.08 11.30 16.59 17.52 17.47 17.09 15.07 9.55 8.38 8.81 8.36 9.15 8.41 9.81 10.13 9.73 10.68 11.36 13.04 9.35 12.86 12.56 11.85 10.29 9.30 8.44 8.19 8.27 7.94 7.12 10.38 10.79 7.30 7.08 7.22 6.92 6.32 6.68 6.44 6.46 6.56 6.72 6.85 6.98 7.13 7.22 7.33 7.49 7.66
9.84 9.93 10.01 10.01 10.07 10.25 11.55 11.71 11.69 17.00 17.55 17.60 16.92 17.49 18.13 18.05 17.94 18.13 18.08 17.74 18.36 19.31 18.43 18.44 17.93 18.43 16.14 14.29 17.27 18.61 16.58 12.66 11.33 13.37 10.89 13.44 17.24 16.16 11.87 8.64 8.09 8.90 8.63 8.82 8.94 8.73 7.77 8.30 10.32 11.68 7.92 13.18 11.76 11.86 10.89 8.49 7.52 7.02 7.97 8.22 7.99 6.82 10.40 7.82 5.95 6.53 6.50 5.86 5.26 4.80 4.81 5.63 5.76 5.90 6.04 6.22 6.36 6.44 6.55 6.70 6.85
9.89 9.98 10.06 10.16 11.60 11.79 11.79 11.80 15.64 16.47 17.64 17.28 16.94 16.57 18.11 18.91 18.44 18.41 18.34 18.09 18.37 19.30 19.09 19.16 18.59 19.13 16.52 13.08 17.33 17.53 11.99 9.77 10.12 12.77 15.57 17.36 16.71 14.90 11.40 9.28 9.47 10.61 10.15 10.10 10.15 9.83 9.89 10.34 11.32 12.04 7.82 12.42 11.64 11.80 11.14 9.25 7.81 7.72 8.45 8.43 8.26 6.45 6.52 8.10 7.67 7.12 4.97 4.67 4.39 4.19 4.27 4.83 4.98 5.13 5.30 5.45 5.54 5.65 5.79 5.94 6.09
9.78 9.88 10.06 10.39 11.60 11.70 11.81 11.80 14.54 15.58 16.81 17.46 18.03 16.88 17.27 18.23 18.25 18.47 18.48 18.40 18.66 19.63 20.05 19.52 19.19 19.63 18.77 13.59 15.80 13.25 8.61 8.78 9.76 13.15 16.51 17.99 16.55 13.02 10.91 10.65 10.87 11.39 11.19 10.34 9.94 10.26 10.66 9.81 10.17 12.21 7.13 12.06 11.20 11.73 10.96 8.53 7.77 8.32 8.61 8.50 8.18 7.89 7.07 5.71 5.19 5.09 5.28 4.62 4.96 5.22 5.31 4.22 4.36 4.50 4.61 4.70 4.80 4.96 5.12 5.29 5.47
9.68 9.92 10.31 10.64 10.79 11.62 11.84 11.97 11.80 15.99 16.82 17.61 18.59 16.92 16.62 17.27 17.67 18.36 18.77 18.68 19.16 20.09 20.67 19.95 18.47 18.88 21.05 18.33 15.51 8.71 7.19 10.20 12.15 13.33 15.11 15.29 13.10 11.65 11.73 11.38 10.89 11.35 10.60 9.36 8.63 7.77 7.55 7.24 11.31 6.77 6.30 11.59 10.90 11.39 9.97 7.73 7.91 8.27 7.82 7.00 6.67 6.77 6.59 6.36 6.17 5.98 5.87 4.61 4.98 5.27 5.35 3.93 3.98 4.02 4.08 4.18 4.30 4.44 4.58 4.74 4.91
9.66 10.02 10.48 10.69 10.83 11.70 11.98 16.55 16.86 17.19 17.48 17.63 18.46 18.85 17.76 17.41 17.78 18.38 18.72 18.65 19.23 19.95 20.10 19.95 18.54 18.41 19.89 21.77 17.48 9.70 8.92 13.28 15.88 14.77 14.67 12.70 10.34 10.93 11.46 10.83 10.62 9.97 8.27 8.11 7.60 7.29 7.08 10.62 6.56 6.27 6.03 11.55 10.85 11.28 8.05 7.29 7.73 7.93 7.91 7.91 7.94 8.00 7.78 7.46 7.38 5.35 5.45 5.47 5.42 5.36 5.49 3.87 3.88 3.89 3.92 3.97 4.03 4.10 4.20 4.33 4.48
9.73 10.13 10.59 10.80 10.98 12.03 12.00 12.15 16.93 17.55 17.88 18.36 18.47 19.27 18.75 17.64 18.41 18.61 18.85 18.77 19.33 19.31 19.42 19.19 18.86 19.35 20.57 21.42 20.61 13.09 13.80 17.60 18.66 16.05 14.27 11.14 6.18 9.75 9.02 8.90 8.62 8.07 8.13 7.79 7.61 7.33 10.33 12.18 6.31 6.04 5.79 10.96 11.20 9.03 7.99 8.55 8.95 8.86 8.67 8.71 8.75 8.44 8.13 8.13 8.37 6.39 6.51 6.53 6.42 6.48 6.58 4.15 4.15 4.13 4.10 4.08 4.07 4.06 4.06 4.11 4.18
9.72 10.16 10.69 10.96 11.16 12.09 12.12 12.34 16.54 17.22 16.64 17.10 17.81 18.29 18.97 18.23 18.82 19.56 19.70 19.77 19.39 17.10 18.30 18.74 19.57 21.03 21.82 22.32 23.00 15.54 17.76 18.32 18.92 16.30 12.74 9.78 9.76 12.18 9.11 8.27 7.95 7.55 7.74 7.60 7.56 7.37 7.00 12.82 6.34 6.00 5.69 5.51 10.97 9.14 9.92 10.20 9.44 8.97 9.02 9.11 9.10 8.88 9.06 9.08 9.40 9.53 7.04 7.05 6.96 7.00 7.04 6.84 6.51 6.38 4.42 4.29 4.22 4.20 4.17 4.14 4.11
9.62 10.10 10.63 10.83 11.00 12.29 12.57 12.61 16.53 17.16 17.08 16.89 18.31 18.55 19.21 19.07 18.54 19.26 20.11 20.53 20.90 19.67 18.63 18.03 20.77 22.53 23.21 22.99 24.34 15.12 19.82 18.06 17.54 16.06 10.94 9.15 10.36 14.14 11.26 10.60 8.16 7.29 7.33 7.17 7.12 6.99 6.74 3.87 6.11 5.95 5.89 5.86 11.85 10.45 10.59 10.67 9.37 9.14 9.36 9.73 9.86 9.79 9.90 10.05 10.24 5.45 10.10 5.43 9.97 10.05 5.35 9.16 7.44 5.06 4.88 4.65 4.49 5.76 5.37 4.32 4.23
9.99 10.51 12.02 11.04 12.57 12.89 13.06 12.93 17.08 17.15 17.74 18.83 19.26 19.33 19.70 19.58 19.03 18.20 17.97 18.34 19.75 21.61 22.43 21.99 21.80 22.59 23.72 23.47 23.74 20.20 16.83 18.35 17.02 14.53 11.83 13.84 16.17 17.10 10.31 8.77 7.77 7.34 7.24 7.03 6.46 5.22 5.36 4.51 5.55 5.55 5.85 2.08 3.18 12.09 12.13 11.01 9.34 9.46 9.93 6.43 10.57 10.60 10.81 6.01 6.13 11.16 6.20 10.79 10.62 8.82 8.85 8.55 5.79 5.68 5.49 5.24 5.00 4.79 6.33 4.55 4.43
10.24 10.72 11.34 12.65 13.09 13.33 13.30 18.02 18.56 18.59 19.08 19.73 19.95 19.95 19.94 19.67 19.02 18.03 17.40 17.30 18.13 20.02 21.34 23.06 24.62 24.12 24.07 24.17 24.10 19.49 16.79 17.00 15.09 13.15 10.26 12.26 12.91 12.33 13.49 5.02 6.16 7.39 7.48 7.24 6.91 6.09 5.80 5.09 5.15 4.96 5.14 5.82 3.24 5.49 7.68 9.49 10.23 10.50 10.96 10.82 11.17 10.90 8.16 11.86 12.04 11.86 9.57 9.48 9.14 6.95 6.95 6.82 9.03 8.99 8.61 8.26 8.01 5.41 5.16 4.96 4.78
10.19 10.72 11.43 11.81 13.14 13.46 13.45 13.51 18.01 18.25 17.94 16.23 17.23 18.86 20.29 20.14 19.75 19.61 20.03 20.28 21.33 21.07 20.63 20.64 19.79 17.90 22.93 23.97 24.14 16.01 17.54 16.59 13.90 10.45 7.83 6.05 7.03 8.97 10.11 4.87 5.27 5.69 6.33 6.14 5.99 5.60 8.05 7.37 5.48 4.86 4.85 5.11 5.44 5.07 6.50 7.73 9.36 10.15 10.93 11.66 11.42 12.84 12.67 12.61 12.56 10.03 9.95 7.49 7.44 7.58 7.63 9.85 9.71 9.35 9.09 9.01 6.13 5.86 5.59 5.32 5.07
