examples/cougarCreek-fire/createInputs/WindNinja/wrfout_d3.2015081000.f24/cougarCreekFire_08-11-2015_0000_217m_non_neutral_stability_ang.asc
ncols	146
nrows	140
xllcorner	610065.000000
yllcorner	5095217.000000
cellsize	216.586807
NODATA_value	-9999.000000
[rows 84 to 125 of 140, columns 0 to 94 of 146]
310 309 309 310 311 311 311 298 297 297 313 312 296 315 317 316 306 315 314 297 305 313 316 318 320 303 316 302 299 306 295 292 311 311 286 311 289 309 296 305 304 306 307 305 303 303 303 302 284 296 284 299 283 287 284 298 297 296 274 297 272 270 267 263 312 329 255 254 211 188 151 261 175 220 193 161 146 158 168 245 229 214 201 187 178 175 172 170 168 166 163 158 161 155 159
309 309 310 310 311 312 311 298 297 300 312 301 305 306 317 316 315 302 298 297 308 314 316 317 318 301 299 298 299 311 295 289 309 310 288 291 291 298 309 306 305 307 309 306 303 303 303 302 299 297 298 299 298 297 296 297 297 296 296 296 295 271 294 267 237 230 224 292 252 211 196 307 259 183 187 176 169 163 257 250 239 225 213 201 190 161 181 178 174 173 170 168 166 160 164
309 309 310 310 311 312 311 311 298 313 311 296 314 303 316 315 301 301 297 302 311 314 317 303 317 301 313 297 298 292 292 299 287 310 290 296 288 288 310 307 297 306 308 305 302 302 302 302 300 298 298 298 297 297 297 296 297 297 296 295 294 294 294 293 239 235 230 256 253 248 245 200 181 190 191 276 186 266 260 254 246 121 222 209 205 197 191 181 177 134 176 174 164 171 170
309 310 310 310 311 312 312 312 313 313 311 301 313 303 302 301 300 302 297 305 311 314 316 317 299 299 312 295 309 289 311 299 309 310 312 311 309 311 288 284 303 303 306 305 302 302 302 302 300 298 296 296 296 297 297 296 296 296 296 295 294 294 293 293 267 240 237 259 256 289 287 220 212 215 186 190 173 177 184 152 251 120 230 219 215 206 199 194 190 183 183 180 178 176 174
309 310 310 311 311 312 299 313 314 314 311 300 312 307 301 300 298 297 295 310 312 314 315 315 296 313 311 310 310 310 297 293 290 309 311 289 308 308 284 304 302 301 303 304 302 302 302 301 299 297 296 296 279 297 297 296 295 295 295 294 294 294 293 292 247 249 264 239 237 234 287 228 217 202 276 273 271 268 265 166 254 246 237 225 223 215 208 202 197 187 189 186 183 178 173
310 309 309 310 311 311 298 313 313 313 311 295 311 315 300 299 297 299 299 309 311 313 314 295 313 312 311 311 311 312 311 297 290 308 310 310 308 306 283 303 302 301 302 303 302 301 300 299 298 297 296 296 279 277 297 296 295 295 295 294 294 294 293 253 272 252 248 244 243 240 236 233 229 221 217 205 195 269 266 262 256 250 245 237 230 222 215 208 203 199 195 191 185 179 176
310 309 309 310 310 311 312 312 313 313 311 297 312 315 301 299 296 295 294 309 312 314 314 314 313 312 311 311 298 296 297 293 292 310 310 310 307 306 305 303 302 302 302 303 301 300 299 299 298 297 296 296 296 277 297 296 295 295 295 294 294 260 293 256 255 253 256 250 252 251 243 236 281 278 226 212 213 202 193 263 259 254 248 242 235 228 221 215 208 204 200 166 151 156 153
309 309 309 310 310 311 312 312 313 313 299 297 311 302 299 299 296 309 308 309 311 314 296 314 313 312 298 296 296 296 293 293 293 309 309 309 306 304 303 302 301 302 301 301 278 300 300 299 298 297 296 296 296 282 296 296 295 295 295 294 293 263 261 263 257 292 254 256 270 266 285 242 281 279 277 233 217 271 206 197 184 189 162 246 239 233 227 221 214 210 206 200 194 170 189
309 308 308 310 310 311 311 311 312 312 297 296 302 298 298 297 295 293 308 309 311 313 298 314 313 311 295 298 297 296 295 309 308 306 305 305 283 303 287 289 300 301 291 300 301 300 300 299 298 297 297 296 296 291 290 296 295 294 294 294 293 292 265 269 260 291 290 254 262 263 285 246 282 280 236 227 221 214 208 210 202 192 252 186 240 173 161 157 220 216 212 209 205 201 192
310 308 308 310 311 311 311 310 309 310 308 294 309 295 310 296 295 294 308 309 312 314 298 314 312 297 297 298 298 293 296 308 307 306 305 289 304 302 300 299 300 302 302 301 302 301 299 299 298 298 297 296 296 288 290 279 295 275 294 294 293 292 271 277 268 291 290 257 259 262 268 246 283 281 236 230 224 272 223 263 264 261 169 249 243 187 232 185 149 218 153 158 200 206 196
310 308 308 304 310 311 311 310 309 309 308 308 295 310 310 310 295 294 308 310 312 313 313 298 311 296 296 293 294 293 290 295 288 290 292 306 305 305 303 302 303 304 303 301 301 300 299 299 298 298 297 297 297 296 295 289 287 292 278 294 294 293 270 286 291 280 262 290 261 262 268 250 284 282 241 235 232 222 233 226 206 195 258 168 166 170 163 228 181 179 215 212 214 201 195
309 308 307 309 310 311 311 310 309 309 309 309 309 296 310 296 295 294 294 310 311 312 311 311 310 309 294 296 309 309 308 289 291 295 307 307 306 307 306 293 305 305 304 302 301 300 299 299 298 297 297 297 296 296 302 302 300 298 296 280 294 293 278 293 291 303 291 273 269 266 273 261 248 245 241 278 276 274 233 231 216 217 259 254 250 168 238 232 227 223 218 214 211 214 211
307 307 307 308 309 310 310 310 310 309 309 310 309 296 297 297 296 296 295 310 311 295 310 310 310 297 294 295 292 297 310 292 309 309 308 308 307 306 294 301 302 303 303 303 301 300 299 299 299 298 297 297 296 296 296 295 295 295 295 295 287 278 284 280 286 295 291 291 284 280 277 263 259 253 244 241 277 275 231 269 269 276 280 203 252 246 190 236 167 228 222 218 161 218 215
306 308 308 307 309 309 309 310 310 309 309 309 309 296 309 310 296 297 297 311 311 311 311 311 310 295 296 293 311 311 311 311 310 310 310 309 308 306 303 300 301 302 303 303 302 300 299 299 299 298 297 297 297 297 296 296 296 296 295 295 295 289 281 280 286 291 291 290 289 288 288 286 285 267 253 245 278 276 273 225 268 279 263 260 257 249 202 237 234 159 151 162 217 215 211
305 307 310 309 309 309 309 310 310 309 309 309 309 296 309 310 298 297 297 312 313 312 313 312 311 296 295 311 311 311 312 297 311 310 296 297 295 296 293 289 301 303 304 305 303 301 299 298 298 297 297 297 297 297 296 296 296 296 296 295 295 294 293 292 300 291 291 291 290 289 288 287 286 267 259 249 242 277 275 233 269 266 263 260 256 251 245 246 239 235 231 224 220 225 214
302 305 309 311 309 309 309 310 310 310 310 309 309 309 310 311 311 310 312 313 314 313 313 312 296 295 310 311 296 295 312 311 310 296 297 297 296 291 289 290 299 304 306 306 303 301 299 298 297 297 297 298 298 297 296 296 296 296 296 296 295 294 293 293 292 292 291 291 291 290 295 282 278 285 269 258 244 278 276 272 229 226 265 218 213 252 248 243 245 238 239 235 225 221 218
305 305 307 311 309 308 309 309 309 310 310 309 309 298 310 310 310 310 312 313 313 297 311 294 310 310 310 310 296 295 297 311 311 310 294 294 294 306 304 301 301 307 309 307 304 301 300 298 297 297 298 298 298 297 297 297 297 297 296 296 295 295 294 293 293 292 292 291 291 300 292 287 281 279 282 282 280 246 277 275 234 230 265 262 258 254 253 246 242 239 235 239 236 224 222
306 305 306 310 308 308 309 309 310 310 309 308 308 308 309 309 309 310 311 311 311 309 308 293 309 309 294 295 295 311 311 298 296 294 293 293 310 310 310 307 305 309 310 308 305 303 301 300 298 296 296 297 298 297 297 308 308 308 296 296 295 295 295 294 305 309 304 291 291 290 305 299 296 296 284 283 288 265 244 240 237 235 267 251 263 259 257 252 246 244 240 236 239 235 232
305 305 307 310 309 307 309 309 310 310 308 307 306 306 308 308 309 310 299 310 296 308 308 308 308 309 294 294 295 312 312 311 295 293 293 294 300 300 298 291 303 305 307 288 288 303 284 291 298 296 295 296 298 297 310 308 309 311 308 296 295 295 295 294 293 293 292 292 291 290 290 288 287 286 294 284 282 280 258 243 273 271 269 266 263 258 256 252 249 249 246 243 241 238 230
305 306 308 310 311 308 308 310 309 310 308 307 307 308 308 308 309 310 311 312 311 310 310 309 309 309 294 295 296 312 297 296 295 294 296 293 294 292 288 284 283 299 302 303 291 289 290 300 292 292 296 296 296 296 307 307 307 308 295 295 295 295 295 294 293 293 293 292 292 291 290 289 288 287 295 284 270 263 253 244 242 243 245 238 263 258 255 252 248 244 244 245 239 240 237
305 304 305 306 310 309 306 310 311 309 308 308 308 309 308 308 309 310 311 301 313 312 311 310 295 310 294 295 296 296 296 295 294 294 293 292 291 289 285 283 282 279 284 292 295 301 300 300 293 289 280 287 294 295 296 308 309 297 296 295 308 308 295 294 294 294 293 293 309 301 303 303 288 299 297 285 283 264 257 247 246 246 244 269 265 260 256 254 250 247 244 242 245 235 232
306 305 303 303 305 306 305 309 313 309 308 308 309 309 308 309 310 309 311 301 313 312 310 310 295 310 309 298 296 295 295 295 294 293 293 291 290 305 304 294 291 286 289 294 302 297 302 300 295 294 296 295 293 293 295 308 298 297 296 296 308 309 309 309 313 313 312 303 303 298 296 298 297 287 286 285 283 281 279 278 259 248 245 269 266 261 258 255 254 248 246 243 240 237 234
309 308 305 305 306 307 306 310 313 311 309 308 309 309 308 309 309 309 311 313 313 311 308 296 310 310 295 298 296 295 294 295 294 293 292 290 293 306 305 291 305 288 290 304 294 294 295 296 300 297 299 297 294 292 293 307 300 298 297 296 309 310 314 306 305 304 303 305 301 298 294 290 287 290 286 285 302 302 281 279 277 274 271 260 269 267 263 259 259 256 249 246 244 238 243
310 310 308 306 308 308 308 310 314 313 308 307 308 308 308 308 309 310 311 312 313 310 307 294 296 310 294 295 296 296 297 295 294 293 291 292 308 307 306 290 291 288 293 294 293 293 302 302 292 289 288 290 295 296 303 308 313 299 298 310 309 312 308 309 294 308 311 310 305 304 302 297 290 287 291 285 284 283 281 265 265 275 272 270 269 267 265 262 259 258 250 247 245 244 239
308 310 310 306 306 307 308 309 314 316 308 306 307 307 307 307 309 310 311 312 313 311 309 309 310 296 295 295 296 296 296 296 294 293 294 309 309 298 293 295 290 294 294 295 295 303 294 292 291 288 285 289 290 285 286 309 313 300 311 310 311 308 311 295 308 308 306 302 302 302 303 297 291 287 287 286 285 281 274 267 259 275 273 270 267 266 265 263 259 258 256 254 251 249 246
306 309 312 309 305 305 307 306 312 318 312 308 307 307 307 307 308 309 310 312 313 312 311 298 297 296 296 296 296 296 295 294 293 294 309 309 309 291 292 289 292 294 293 294 296 296 302 301 300 299 299 290 287 279 293 295 310 312 312 311 313 311 311 296 308 307 306 305 301 298 294 293 288 278 275 279 282 284 281 273 266 275 274 271 268 265 264 261 258 256 257 255 252 250 248
303 307 313 312 307 306 307 306 310 319 314 308 307 307 307 307 308 306 308 311 313 312 299 311 310 295 296 295 296 295 294 293 296 309 309 309 295 290 290 291 292 292 293 294 294 294 296 302 298 300 297 297 294 292 293 294 307 311 317 317 318 312 313 297 309 306 311 306 304 301 299 300 300 295 286 285 286 283 281 280 278 276 274 272 269 266 264 261 258 256 253 251 254 247 243
300 302 307 311 309 307 308 306 309 318 315 310 308 308 308 308 308 308 308 311 311 310 309 309 309 308 308 309 295 295 309 309 310 310 309 309 292 293 291 294 306 294 293 292 291 292 294 296 298 301 298 299 298 298 296 306 309 314 314 315 315 315 314 293 294 298 301 303 304 303 303 303 289 288 287 285 286 282 281 280 278 276 274 273 270 267 264 262 260 257 254 252 250 249 245
301 301 303 307 308 306 307 305 308 316 317 312 308 308 308 310 312 310 309 311 312 310 309 308 308 307 307 295 295 296 310 311 298 296 296 293 293 291 294 294 294 294 292 292 291 293 294 294 293 295 296 295 294 291 283 299 304 306 310 313 314 313 308 293 291 291 288 290 294 296 296 289 288 291 292 290 284 281 280 280 278 275 274 272 270 268 264 262 260 258 256 253 250 249 247
302 303 304 306 306 304 303 304 306 311 316 312 307 309 309 310 311 310 310 312 313 310 311 309 308 307 308 309 296 297 311 297 296 296 294 295 292 293 293 293 293 293 292 295 297 303 296 294 291 291 293 290 288 285 283 287 299 304 309 312 314 313 305 295 293 292 290 289 290 290 289 285 281 278 281 283 280 283 281 273 278 275 274 272 271 269 266 263 261 258 256 254 251 249 251
303 304 304 304 305 306 305 305 304 306 313 312 307 308 309 309 309 308 307 309 311 310 309 309 310 308 308 308 309 310 298 297 310 295 293 293 293 294 308 292 308 294 297 305 305 304 304 295 293 290 289 286 285 283 289 290 286 292 298 306 309 306 302 296 294 293 292 291 291 292 291 291 290 284 280 278 272 267 281 279 277 276 274 273 271 270 267 264 262 259 257 255 258 249 247
303 304 305 305 307 309 311 310 307 307 312 312 310 310 310 308 307 306 305 306 308 309 309 310 310 308 308 308 308 309 297 310 295 294 294 292 294 308 292 291 308 295 307 298 297 295 293 291 290 289 287 286 284 283 288 289 288 290 287 296 301 297 295 297 298 295 291 291 293 295 294 294 293 286 280 277 274 282 281 280 278 276 274 272 271 269 267 264 262 260 258 256 254 256 253
304 304 305 305 306 307 308 310 309 310 310 310 309 310 310 310 307 309 308 308 310 309 309 310 308 308 309 308 308 308 309 310 308 307 292 295 308 293 292 293 308 308 296 294 292 289 289 292 290 288 286 285 285 289 289 289 288 288 289 286 294 295 290 294 299 300 298 295 295 294 292 290 288 284 279 275 284 283 282 281 280 278 275 274 272 270 267 265 262 259 259 258 258 256 254
304 305 305 304 304 304 307 310 310 311 309 308 308 310 312 309 308 309 309 308 310 309 309 309 307 309 308 308 308 309 309 309 308 307 307 295 293 293 292 294 308 308 295 293 292 289 288 289 288 287 286 288 290 289 288 289 288 288 287 282 288 290 288 290 293 298 299 299 295 289 286 289 287 284 282 277 284 283 282 281 280 278 277 275 273 270 267 266 266 259 258 257 256 257 255
305 306 305 303 304 305 309 311 311 313 311 313 313 314 315 309 307 308 308 308 309 310 310 308 308 309 308 308 308 308 309 309 309 308 308 293 307 292 294 307 307 307 296 293 290 290 290 288 289 286 285 289 289 288 288 298 289 289 297 285 296 286 298 286 288 290 292 298 299 292 284 288 290 289 288 287 285 284 282 281 280 277 276 274 273 270 270 265 266 260 258 261 259 257 255
306 306 306 305 305 306 308 311 312 313 311 309 310 313 316 312 308 307 309 307 308 309 309 307 307 308 308 308 308 308 310 310 311 308 307 293 292 307 307 296 307 294 293 290 290 289 289 289 287 286 286 287 299 299 298 298 297 297 297 297 285 296 284 297 285 287 289 292 300 299 287 282 284 287 288 287 285 284 282 280 279 277 275 274 272 270 271 264 266 265 263 261 259 257 255
306 306 307 307 304 306 309 310 311 312 310 307 305 307 313 313 310 309 309 307 308 310 308 307 307 308 309 308 308 309 310 310 311 310 307 307 307 307 307 307 307 293 291 289 289 287 289 287 287 285 285 285 298 298 297 297 297 297 297 297 296 284 285 284 297 284 290 289 297 301 294 282 279 279 281 287 286 284 282 280 279 278 275 274 272 272 271 269 267 265 263 262 260 257 255
306 305 306 307 305 306 309 309 309 311 310 308 306 307 309 313 313 311 309 307 310 310 308 307 308 308 309 308 307 309 310 311 311 308 307 307 307 307 307 307 293 291 291 290 290 289 289 287 286 285 285 284 285 297 297 296 296 296 296 297 296 282 284 284 282 281 286 287 289 301 298 287 282 282 288 287 286 285 282 280 279 278 276 273 273 272 270 269 268 266 264 262 260 258 256
306 303 305 308 304 303 306 308 307 309 312 310 308 308 309 313 317 313 309 309 310 309 308 307 308 308 308 307 307 310 310 312 311 310 308 308 308 307 307 294 306 291 292 291 291 289 288 287 286 285 284 284 297 297 296 296 296 295 296 296 296 295 285 284 283 281 296 283 283 293 299 299 291 290 288 287 286 284 282 280 279 278 275 273 271 270 270 269 268 266 264 262 260 258 256
306 302 302 306 302 303 304 305 306 307 312 312 309 306 308 312 319 315 309 307 310 308 307 307 307 309 308 308 307 310 312 310 309 308 308 308 307 306 306 306 305 291 291 291 291 303 303 287 286 286 285 285 298 297 296 296 295 295 286 296 296 295 284 284 296 295 294 281 282 286 291 292 288 290 288 287 286 285 283 281 279 278 275 273 271 269 267 269 267 266 264 262 260 258 256
305 304 301 302 305 305 307 309 306 306 310 313 310 308 306 309 317 315 310 310 310 309 307 307 307 308 308 308 307 310 312 310 309 308 307 306 306 305 304 304 304 291 291 291 304 289 302 287 288 287 286 299 298 297 296 295 295 294 294 295 295 294 294 294 294 294 293 294 284 288 289 285 292 289 287 286 285 284 283 281 280 278 275 273 274 273 271 269 268 266 264 262 260 258 257
305 305 304 301 302 305 306 309 308 305 309 314 312 309 305 308 316 316 311 310 310 308 307 309 306 307 309 308 308 310 311 312 308 307 306 306 306 305 304 304 304 304 292 303 302 302 301 288 288 287 300 298 297 296 295 294 294 293 293 293 294 286 288 289 288 294 294 293 295 302 298 295 292 289 286 285 285 284 283 281 280 277 278 276 274 273 271 269 268 266 264 262 261 259 257
