examples/cougarCreek-fire/createInputs/WindNinja/wrfout_d3.2015081000.f24/cougarCreekFire_08-11-2015_0000_217m_non_neutral_stability_vel.asc
ncols	146
nrows	140
xllcorner	610065.000000
yllcorner	5095217.000000
cellsize	216.586807
NODATA_value	-9999.000000
[rows 36 to 71 of 140, columns 0 to 80 of 146]
10.52 11.16 11.87 13.08 13.39 18.61 18.86 13.92 18.10 17.86 17.00 15.95 15.92 17.78 18.88 20.08 21.10 22.60 23.38 22.34 19.92 18.65 18.70 16.99 14.75 12.87 15.35 19.25 23.74 16.22 18.10 16.79 18.98 18.94 16.41 12.93 9.01 7.31 7.80 7.83 7.74 6.00 6.03 6.17 6.04 5.67 5.14 4.76 7.70 5.78 4.39 4.22 5.18 5.31 5.83 6.29 7.99 8.54 9.28 10.21 11.16 11.82 12.38 12.45 13.23 12.78 10.07 10.00 10.19 13.15 10.37 10.22 9.68 9.16 6.44 6.29 6.11 5.85 5.57 5.31 5.04
10.63 11.34 12.25 13.60 13.94 14.28 14.46 17.68 14.31 16.25 15.72 16.51 16.82 17.46 16.42 16.73 17.39 17.03 15.59 14.43 14.72 15.73 16.15 14.76 13.95 13.32 14.55 15.28 11.35 11.94 20.78 21.93 22.27 24.10 26.85 25.41 23.05 20.13 16.42 13.43 11.39 9.53 8.03 6.53 5.92 5.65 5.34 4.92 8.95 7.56 6.84 4.54 4.99 4.91 5.26 5.91 6.27 6.45 6.68 7.03 7.56 7.85 8.03 8.24 8.52 8.78 8.71 8.44 8.10 7.80 8.27 11.26 12.02 7.03 6.70 6.39 6.15 5.87 5.57 5.32 5.04
10.92 11.89 13.00 14.11 14.23 14.30 13.10 14.00 15.79 15.22 16.07 16.64 16.73 15.90 15.42 15.97 16.12 15.29 14.99 16.05 16.32 15.33 14.94 15.21 13.67 12.92 15.42 15.47 10.53 16.50 18.88 17.93 15.06 14.85 18.98 21.81 18.90 17.32 15.35 12.24 10.75 10.49 10.86 9.33 6.76 6.19 5.79 5.31 4.50 4.22 8.84 7.73 5.64 5.16 5.49 5.82 6.06 6.19 6.39 6.77 7.41 7.68 7.83 8.07 8.30 8.54 8.41 8.01 7.82 7.80 7.82 7.95 7.87 7.97 9.16 9.53 6.36 6.00 5.66 5.37 5.04
11.88 12.80 13.56 14.28 14.31 14.22 12.19 13.73 16.24 16.67 17.13 17.05 16.02 16.92 16.91 17.09 16.71 15.70 15.13 15.44 14.93 14.73 16.30 16.94 14.42 15.07 16.73 16.51 11.95 14.42 18.46 16.23 9.94 9.56 8.07 8.56 8.54 9.31 9.58 9.60 8.90 6.96 7.06 6.18 7.69 7.77 8.25 9.20 9.03 5.00 4.36 10.01 9.54 9.95 6.90 5.72 6.98 7.00 6.31 6.74 7.00 7.65 7.88 8.46 8.74 7.76 7.54 7.33 7.36 7.45 7.37 7.28 7.22 7.34 7.22 6.73 6.75 6.23 5.92 5.56 5.14
12.64 13.12 13.69 14.09 14.10 14.08 12.45 13.79 14.21 17.19 17.73 18.13 18.29 19.02 17.70 17.32 16.29 14.59 13.82 14.45 15.05 16.49 18.29 16.67 13.21 15.36 16.84 16.59 16.24 20.25 17.05 16.02 7.33 3.89 5.69 7.77 6.37 4.21 4.57 5.78 7.21 7.34 6.83 6.26 5.85 4.71 5.17 6.09 6.84 7.82 8.24 9.06 6.50 5.29 5.49 5.79 6.05 6.04 6.38 6.87 9.18 7.16 7.57 7.79 7.81 7.79 7.66 7.51 7.48 7.54 7.37 7.24 7.20 7.15 6.89 6.57 6.39 6.23 5.22 6.95 5.47
13.12 13.33 13.56 13.77 13.99 13.24 13.53 14.08 14.56 17.79 18.49 18.69 18.28 17.66 16.30 16.33 14.98 13.44 14.82 16.70 18.18 19.34 19.00 13.23 12.77 15.35 17.19 17.30 17.17 17.49 10.82 13.62 5.19 2.44 4.56 3.35 9.31 7.47 4.36 6.80 6.22 4.85 5.93 5.71 5.29 4.37 4.21 4.28 4.25 4.43 4.83 4.97 5.23 5.99 6.72 7.08 7.43 7.71 7.84 8.53 7.08 7.24 7.64 7.83 7.86 7.86 7.85 7.77 7.69 7.67 7.47 7.29 7.22 7.20 6.97 6.58 6.26 6.01 5.76 5.83 3.43
13.12 13.24 13.34 13.63 14.69 14.16 14.08 14.38 14.99 15.12 15.53 18.93 17.95 16.66 15.73 15.13 14.58 15.81 17.75 18.63 20.10 19.85 15.28 11.09 14.64 17.02 18.33 17.17 15.23 14.03 8.72 7.26 5.16 0.48 2.25 4.29 4.70 5.38 6.14 6.92 6.74 5.34 5.92 6.44 7.16 8.38 7.20 4.10 3.97 3.75 4.72 4.34 4.74 5.20 5.50 5.73 5.97 6.17 6.56 7.04 7.23 7.40 7.71 7.94 8.01 8.04 8.04 7.98 7.81 7.72 7.59 7.36 7.22 7.28 7.17 6.76 6.28 5.88 5.46 5.38 3.26
13.10 13.39 13.69 14.27 15.45 11.71 14.86 15.34 15.44 15.82 19.46 17.98 15.16 14.75 13.84 13.98 15.87 17.03 18.34 19.46 19.83 15.66 11.76 11.99 16.38 18.42 18.12 14.92 14.72 14.22 9.05 5.03 6.74 7.59 6.72 6.08 5.38 5.93 6.81 7.54 7.82 7.33 7.68 7.67 4.34 3.99 3.71 3.50 7.09 4.40 3.85 4.24 4.66 5.12 5.41 5.64 5.93 6.17 9.63 6.99 7.23 7.39 7.74 8.06 8.25 8.33 8.15 7.97 7.79 7.71 7.64 7.41 7.25 7.38 7.40 7.03 6.44 5.83 5.12 4.99 5.56
13.62 14.00 14.54 15.17 15.31 14.68 15.42 15.63 16.02 18.69 16.58 13.79 13.36 15.01 14.37 15.36 15.23 15.42 17.24 18.43 17.45 13.51 12.51 13.99 17.13 18.35 15.22 13.51 14.95 14.75 9.34 6.32 6.46 9.83 11.25 10.09 7.82 7.17 8.50 8.86 8.01 7.64 5.29 4.64 4.20 3.57 4.71 4.03 2.53 2.66 3.58 4.16 4.69 5.07 5.32 5.54 5.84 6.18 6.59 6.94 7.11 7.35 7.81 8.18 8.59 8.93 8.68 8.37 8.44 8.49 8.54 8.47 8.31 8.38 8.59 7.28 6.90 5.97 4.73 4.71 5.27
13.97 14.64 15.39 15.56 15.22 15.33 15.63 15.99 16.69 14.80 12.83 12.66 15.26 17.02 16.69 15.56 13.09 16.01 18.26 18.98 18.36 15.65 14.73 14.29 16.83 16.55 13.85 14.31 16.26 15.18 9.21 6.48 5.14 12.41 9.94 11.64 11.81 11.14 11.00 9.85 9.87 6.84 5.73 4.94 4.46 4.00 2.20 0.81 0.85 1.82 3.24 6.23 4.74 5.04 5.24 5.40 5.69 6.23 6.75 7.10 7.16 7.28 8.42 9.40 10.38 12.32 12.17 12.30 12.35 12.67 12.43 10.43 10.52 10.76 10.68 10.35 9.70 7.55 5.42 4.96 4.44
14.90 15.56 12.76 15.29 15.23 15.62 14.76 15.67 14.90 12.26 12.36 14.88 16.83 17.41 16.26 14.80 15.33 17.94 19.54 20.36 20.15 15.83 13.18 11.76 13.70 13.93 13.69 16.16 17.43 14.31 8.69 6.33 4.95 4.40 13.41 11.91 13.99 13.52 12.08 11.24 10.24 9.68 8.74 9.43 5.91 4.69 3.65 2.37 1.47 1.59 3.01 4.29 4.90 5.08 5.18 5.34 5.66 6.09 6.93 8.41 8.89 8.87 9.97 12.48 13.40 13.70 12.13 11.97 13.49 13.73 12.90 13.73 13.07 7.87 11.13 11.07 7.47 9.65 6.04 4.67 3.78
15.91 11.76 13.75 15.36 15.80 15.94 13.11 13.90 14.15 12.27 14.97 16.70 17.70 17.84 17.76 18.85 15.45 19.51 20.62 20.54 19.01 12.78 10.79 10.01 12.24 13.27 15.44 17.73 16.80 13.58 9.86 7.43 5.62 4.16 13.20 14.60 13.60 11.76 10.13 10.19 12.77 8.56 7.29 7.26 5.18 5.05 4.90 4.02 2.88 2.33 3.23 4.41 5.33 5.41 5.44 5.64 5.81 6.71 9.61 12.31 12.47 12.88 14.00 14.19 14.57 14.70 13.49 13.18 13.25 13.05 13.26 13.74 13.45 11.18 8.00 10.81 10.89 6.58 9.18 5.73 3.07
16.28 13.20 14.15 15.19 13.80 13.72 12.03 14.34 16.08 15.28 16.77 16.00 18.49 19.13 16.22 16.73 21.44 20.91 21.23 20.06 16.89 11.52 9.94 11.53 13.95 16.00 18.20 18.65 15.98 15.51 12.85 10.40 9.29 5.17 13.05 12.64 10.95 8.86 6.69 4.23 1.73 3.43 2.62 5.87 5.28 5.19 5.17 6.36 3.18 2.69 3.43 5.19 7.40 7.53 7.27 8.28 10.05 13.43 11.74 11.85 12.72 13.84 13.99 13.47 13.59 13.43 12.97 12.71 12.94 13.82 13.42 10.91 13.61 13.74 8.23 10.43 12.12 10.34 10.56 7.19 3.22
13.97 15.63 13.97 12.67 13.98 13.19 14.83 15.57 16.04 17.31 17.77 16.57 16.83 17.26 22.00 21.36 19.82 19.03 16.93 17.47 16.58 10.99 10.99 14.90 15.29 17.18 18.65 17.74 18.47 17.79 14.28 12.44 12.78 6.68 5.35 11.04 7.78 8.22 5.59 2.07 1.04 3.22 3.09 3.63 6.68 5.03 7.41 4.05 3.41 3.17 4.85 7.17 9.14 12.22 13.23 12.86 12.28 12.30 12.24 11.71 8.63 8.57 9.21 13.53 15.32 14.16 14.10 13.84 13.53 13.65 10.93 10.98 13.58 11.24 8.28 10.22 10.22 10.50 10.69 9.46 4.64
15.46 13.54 12.68 13.53 14.13 15.04 15.62 16.66 16.66 16.66 16.99 17.57 17.96 21.64 20.44 17.44 17.44 15.86 15.42 17.05 16.56 12.93 12.65 12.61 13.11 14.38 14.96 16.59 17.46 17.95 13.47 13.63 13.31 7.07 4.99 7.21 6.68 6.75 5.07 3.53 2.78 3.18 3.68 2.90 2.80 4.22 5.89 6.73 7.18 7.00 8.73 8.97 8.32 8.62 10.13 12.19 7.94 8.18 12.17 12.22 9.18 8.64 8.34 8.78 14.23 14.22 13.99 13.71 10.54 10.46 13.19 10.76 11.54 11.86 11.46 10.36 9.57 9.12 7.32 9.76 5.68
15.82 14.94 13.69 14.86 15.50 16.13 17.02 17.13 17.28 17.49 18.10 19.09 19.47 21.68 17.07 15.80 16.18 15.39 16.16 17.55 16.04 14.86 13.33 10.91 11.71 13.98 17.00 16.15 18.93 17.24 13.59 14.62 12.46 7.32 5.25 6.74 5.63 4.49 4.14 3.52 3.33 4.14 4.26 4.02 3.02 3.04 2.93 2.96 3.50 6.56 7.27 7.61 5.37 7.66 5.96 12.42 8.32 8.41 8.45 12.45 12.06 9.42 8.51 8.29 9.60 10.74 13.73 15.01 13.92 11.18 10.96 15.07 11.79 11.61 10.55 10.22 10.04 10.01 7.16 10.09 6.21
15.04 14.81 14.16 16.02 16.56 17.38 17.65 17.86 19.47 18.42 19.72 21.99 18.39 17.24 15.35 14.72 15.10 15.66 16.89 17.20 16.03 16.29 15.96 15.87 12.57 14.64 15.41 18.68 22.02 15.84 13.22 13.81 11.38 7.52 6.39 6.82 5.30 3.25 3.31 3.24 4.30 4.80 4.54 4.55 4.84 2.77 2.97 2.88 3.44 4.00 4.84 4.98 5.31 5.40 5.91 3.60 11.01 8.35 12.99 12.33 12.24 12.13 9.37 8.19 9.68 10.12 10.17 11.02 10.65 9.84 8.12 9.87 10.32 8.27 7.92 7.77 7.58 7.37 7.20 6.85 10.60
15.52 14.02 16.51 16.96 17.92 17.62 18.45 18.80 19.51 21.73 21.53 17.71 17.96 16.30 15.89 16.08 16.11 16.69 17.51 17.15 16.58 16.59 16.15 11.13 17.17 16.31 22.51 19.96 17.10 13.54 10.63 12.06 11.88 7.81 6.46 6.75 5.70 5.88 6.78 7.48 6.35 5.69 4.61 4.08 4.75 3.10 3.42 2.83 3.33 3.93 4.38 4.71 5.18 5.48 6.10 8.93 12.33 10.72 8.31 9.14 9.33 8.74 7.32 8.20 8.64 8.63 9.03 9.35 8.57 7.96 8.25 8.63 8.46 8.26 8.14 7.97 13.51 11.63 7.40 7.06 6.85
16.40 14.78 17.65 17.95 16.76 16.00 17.99 20.10 21.00 22.33 18.16 17.43 15.46 15.17 16.77 16.51 16.60 19.19 19.38 18.30 17.85 17.69 15.43 13.05 16.55 18.94 18.14 15.81 15.75 13.38 9.47 12.74 12.99 8.69 10.72 6.40 3.21 3.51 6.87 5.92 4.95 5.85 5.32 3.07 2.72 3.00 3.37 2.67 3.17 3.84 4.40 4.79 5.24 5.80 6.34 7.76 8.69 7.99 7.83 8.56 8.63 6.85 7.28 8.12 8.43 8.59 8.90 8.94 8.39 8.28 8.59 8.61 8.35 8.34 8.30 8.14 8.02 7.80 7.46 7.25 7.10
17.78 16.32 16.99 16.48 16.00 15.19 17.93 21.89 19.51 18.56 17.93 15.29 14.93 15.58 17.48 17.52 17.38 19.52 18.91 18.91 16.53 14.89 14.19 14.65 16.90 16.59 15.21 15.51 17.08 13.89 9.41 13.46 13.15 9.44 4.90 10.79 2.89 4.06 1.77 2.14 2.85 4.10 5.73 4.87 2.99 2.67 1.97 2.09 2.53 3.23 3.85 4.29 4.76 5.31 6.00 7.28 7.54 6.38 6.44 6.84 6.78 6.65 7.11 7.66 8.08 8.29 8.14 8.08 8.07 8.28 8.57 8.43 8.02 7.98 8.06 8.01 7.88 7.55 7.35 7.38 7.18
17.79 17.70 15.90 16.14 15.80 16.07 20.12 20.76 18.93 16.34 14.02 14.21 15.29 15.29 17.22 17.31 17.30 18.36 19.80 15.32 14.88 13.62 12.94 14.81 16.60 15.82 16.52 17.98 18.38 13.03 9.97 13.11 13.16 9.59 5.63 5.03 3.66 4.34 2.67 1.32 1.03 1.24 3.52 6.22 5.34 2.75 2.47 1.62 1.95 2.67 3.33 3.78 4.26 4.78 5.36 5.64 5.64 5.77 5.97 6.13 6.27 6.53 6.94 7.32 7.79 7.87 7.49 7.59 7.94 8.19 8.33 8.13 7.58 7.48 7.75 7.84 7.66 7.45 7.53 7.53 7.14
19.19 17.54 15.32 15.63 15.03 17.08 22.44 19.22 16.85 13.78 13.10 15.57 16.03 14.67 15.67 16.72 17.03 22.13 16.60 13.45 13.65 12.37 12.47 15.54 16.51 15.49 17.47 19.23 16.86 11.63 11.77 14.90 15.67 13.52 7.15 7.28 4.43 3.24 3.68 0.88 0.34 0.65 3.42 3.61 6.12 2.92 2.57 2.07 1.43 2.09 2.78 3.22 3.67 4.17 4.57 4.67 4.85 5.22 5.45 5.65 5.94 6.23 6.58 6.98 7.30 7.34 7.22 7.40 7.69 7.80 7.70 7.54 7.25 7.26 7.59 7.72 7.63 7.60 7.59 9.76 6.85
19.18 17.42 15.58 15.36 16.53 22.60 20.43 18.05 14.24 13.00 15.95 16.66 14.90 13.65 18.91 17.63 19.26 21.46 21.02 15.99 13.42 12.51 15.63 16.47 16.71 16.22 16.87 19.96 14.56 11.88 15.11 16.67 16.51 14.90 6.26 8.57 3.77 3.48 2.37 1.15 1.39 2.62 2.87 2.14 3.58 5.89 5.96 1.97 1.55 1.79 2.24 2.60 4.93 3.47 3.77 3.96 4.31 4.72 4.97 5.23 5.50 5.71 6.10 6.51 6.74 6.94 7.03 7.07 7.18 7.16 7.00 7.13 7.22 7.35 7.67 7.71 7.78 8.95 9.56 9.82 6.65
19.44 16.96 15.49 17.09 19.63 22.34 19.43 14.83 13.14 14.80 16.79 14.97 15.70 14.26 16.08 18.03 23.63 23.98 20.62 17.34 13.90 15.73 17.00 17.22 15.35 16.51 18.05 18.58 13.80 14.54 17.96 17.36 15.00 13.32 7.45 7.46 5.82 3.75 3.11 3.21 1.84 1.29 2.62 1.33 2.33 5.28 4.13 1.22 5.20 1.76 2.09 1.94 2.32 2.79 3.11 3.40 3.79 4.18 4.44 4.70 4.96 5.22 5.65 5.98 6.24 6.52 8.65 6.54 6.64 6.61 6.66 7.14 7.32 7.44 7.34 11.60 12.99 12.72 9.77 9.20 6.53
19.16 16.28 16.17 19.01 20.60 19.73 15.60 12.83 14.62 16.35 14.34 14.32 14.90 17.09 19.56 24.44 30.53 22.52 19.52 17.25 14.57 14.82 15.51 14.41 15.88 17.30 19.24 16.75 16.23 18.40 18.92 16.24 14.57 12.98 8.83 6.85 5.29 4.16 3.05 3.06 2.76 1.13 0.33 3.24 1.71 2.71 3.24 6.43 7.15 1.60 1.09 6.25 2.56 2.21 2.53 2.87 3.26 3.65 3.88 4.13 4.43 4.78 5.20 6.76 8.01 5.89 5.94 6.06 6.24 6.39 6.70 7.16 7.73 8.37 13.21 12.61 9.96 12.02 12.57 12.32 11.76
18.04 15.79 16.69 18.94 17.97 16.73 13.83 12.66 13.52 13.99 14.80 16.73 19.28 23.65 25.33 27.46 20.83 21.06 17.28 15.52 16.32 13.87 14.88 16.49 17.09 17.82 17.70 18.16 18.98 19.09 16.89 14.76 14.71 12.58 9.08 6.75 6.12 4.47 3.75 3.18 3.05 1.55 0.90 2.67 3.41 4.43 5.20 5.98 6.90 1.40 0.51 0.83 1.28 1.58 1.90 2.33 2.29 3.45 4.11 4.16 4.44 4.78 5.46 6.25 5.08 5.24 5.48 5.79 6.07 6.33 6.58 8.76 12.74 12.60 9.90 12.10 12.48 12.49 10.42 10.30 12.33
16.63 15.66 16.56 17.29 15.72 14.92 13.13 12.45 13.62 15.24 17.97 23.67 25.22 25.92 30.27 26.80 23.77 19.44 18.45 15.75 16.89 14.81 13.49 15.86 17.30 17.63 18.96 19.30 19.72 18.43 15.65 15.04 16.24 13.22 8.56 6.96 5.38 4.90 4.36 4.37 3.70 2.26 2.10 2.74 2.92 3.99 4.76 3.10 3.83 0.80 0.26 0.31 0.65 8.47 1.27 1.76 2.79 2.50 9.55 10.19 4.68 4.47 5.02 5.25 5.40 5.14 5.19 4.92 5.77 7.46 11.26 11.86 11.61 8.95 11.70 12.30 12.39 12.39 12.15 10.10 12.15
15.17 15.12 15.60 15.44 14.25 13.47 12.73 13.38 16.25 22.46 25.04 25.86 25.85 29.78 30.94 21.97 22.04 19.52 15.77 12.73 13.93 13.95 12.95 14.11 17.04 17.41 18.66 19.88 20.02 18.20 16.56 17.12 17.54 11.87 8.45 6.98 6.21 4.91 4.90 5.01 4.30 2.57 2.05 3.55 1.96 1.62 2.32 5.37 6.14 0.38 0.81 0.37 0.06 7.93 0.77 1.18 6.26 1.88 8.17 9.72 2.85 3.33 9.68 8.98 8.07 5.54 5.51 11.97 12.20 12.32 11.41 11.66 11.78 11.76 12.01 11.81 12.05 9.56 11.95 11.70 11.71
14.42 14.70 15.06 14.75 13.78 13.47 14.71 18.11 24.98 26.95 29.36 29.46 30.59 32.47 23.09 24.24 20.07 16.00 14.74 12.83 15.63 15.16 13.25 14.21 16.26 16.51 18.19 20.00 18.97 17.61 17.33 16.43 14.89 11.43 8.64 7.29 7.55 6.03 5.71 6.18 4.86 3.08 0.45 2.47 3.32 1.90 2.30 2.03 1.55 6.38 0.38 0.98 0.62 0.26 0.23 0.56 0.92 2.71 1.58 7.87 2.32 3.37 3.13 8.47 10.22 10.83 10.56 10.49 4.83 10.80 10.46 8.16 11.58 11.73 9.04 11.41 9.12 9.60 11.63 11.07 11.01
14.10 14.50 15.16 15.29 15.36 16.91 20.21 26.73 27.88 29.14 27.40 28.21 28.69 22.56 23.90 21.54 17.34 13.83 14.99 12.37 16.53 15.59 14.49 13.64 15.27 15.91 17.11 20.28 19.61 19.03 18.32 14.71 13.24 11.03 8.70 8.15 8.21 7.16 6.79 8.00 5.99 3.40 0.91 2.42 2.88 2.21 3.09 3.08 2.14 2.50 0.95 1.61 1.15 0.83 5.84 0.09 0.33 0.73 1.06 8.83 1.75 2.29 2.59 8.30 8.07 9.87 10.00 10.28 9.04 10.57 11.31 11.30 11.15 10.90 8.33 10.93 10.18 7.77 7.76 8.33 8.48
13.10 13.61 15.08 16.81 22.35 24.76 27.33 30.86 29.47 28.29 27.20 26.44 23.93 20.22 21.19 19.69 17.00 12.66 16.64 15.36 16.70 17.35 17.92 16.88 15.21 16.34 17.69 19.19 21.57 20.63 18.17 13.57 11.96 10.72 9.42 8.68 9.94 7.56 7.78 10.17 6.93 4.34 3.20 0.28 5.06 4.20 3.70 3.11 2.56 6.51 2.29 0.83 1.78 6.35 1.02 0.64 0.35 0.27 0.56 0.77 8.84 1.70 8.92 8.94 9.24 8.89 5.78 10.42 10.74 11.47 10.98 7.33 11.40 11.27 11.24 11.24 6.93 7.73 10.26 10.71 9.80
13.23 14.28 17.12 23.62 26.37 27.65 30.82 30.08 28.71 27.40 25.24 23.28 21.07 19.01 20.75 20.98 16.48 13.03 17.09 13.58 16.51 17.63 18.06 16.79 14.52 16.41 18.05 20.14 21.61 18.84 15.62 12.60 10.89 10.82 10.15 9.47 11.30 8.70 8.62 11.46 7.21 5.90 3.93 6.77 5.55 1.33 2.54 3.39 3.52 5.58 5.91 1.25 1.06 2.04 5.17 1.27 0.94 0.54 0.33 7.42 0.62 6.34 6.61 1.84 8.57 9.21 9.09 3.17 3.62 10.92 10.46 10.82 11.08 10.67 9.96 8.98 5.09 5.19 5.18 5.39 5.34
14.65 16.26 19.74 25.96 27.62 26.77 25.24 24.18 23.40 23.55 20.16 21.86 21.53 22.75 20.52 20.41 16.14 11.99 16.16 16.00 17.27 15.67 17.73 12.88 13.70 15.97 17.48 21.28 21.06 16.91 14.31 11.51 10.46 11.29 11.41 10.89 11.74 9.69 9.82 11.64 8.97 10.36 8.13 8.96 6.97 5.64 4.51 2.15 2.84 3.82 4.73 3.38 2.93 2.63 2.27 6.01 1.53 1.12 0.83 7.28 6.76 5.77 3.68 8.31 4.05 4.70 4.92 2.74 3.19 9.27 10.15 10.05 7.36 7.53 10.74 9.40 9.14 10.17 4.90 5.11 9.61
15.03 16.45 20.17 25.94 25.07 21.44 20.67 20.65 21.09 21.92 18.85 17.76 18.25 22.33 20.04 20.01 15.69 15.73 14.86 18.11 16.66 15.16 13.66 13.34 14.08 16.15 18.66 22.23 19.49 15.92 15.92 12.45 10.80 11.73 12.10 13.12 13.22 10.73 10.50 12.11 12.72 13.98 7.27 8.25 7.15 5.90 4.98 4.28 3.60 2.90 2.43 3.92 3.52 3.28 2.96 2.57 5.89 1.70 1.33 2.19 6.71 0.51 0.70 7.98 7.55 7.83 8.12 2.28 2.69 3.06 9.13 9.92 10.05 6.77 10.22 10.76 10.54 4.67 9.27 4.91 5.11
14.66 16.47 21.24 26.26 23.77 19.66 18.74 19.86 20.75 20.98 19.41 18.73 17.58 19.56 20.28 20.15 15.89 16.16 15.43 18.13 17.97 14.66 16.02 14.91 16.17 16.95 21.90 23.93 18.02 16.81 18.91 14.17 11.60 11.51 12.54 14.70 13.13 10.72 10.86 13.14 13.90 12.48 10.09 8.45 7.41 6.11 1.02 1.40 4.13 3.49 5.11 4.56 4.18 4.67 3.61 3.18 2.69 2.20 1.85 1.50 1.92 0.74 0.57 0.62 0.94 8.01 8.05 7.72 2.21 2.62 7.39 8.66 9.19 9.22 9.66 10.34 10.94 4.46 10.58 10.14 8.68
15.12 17.93 22.83 23.99 23.17 18.94 18.46 20.20 20.76 19.95 19.82 19.65 21.18 18.05 23.81 20.01 15.75 16.41 16.08 18.26 13.41 15.19 17.07 16.78 16.68 18.45 23.16 20.18 16.07 18.17 19.53 14.76 17.27 16.10 13.53 14.29 12.58 10.94 11.49 14.55 13.22 10.15 10.14 7.41 7.98 7.07 5.70 0.59 4.37 3.81 3.57 5.22 2.44 4.32 4.24 3.74 3.29 2.81 2.42 2.06 1.65 5.32 0.98 0.75 0.73 0.87 1.10 7.66 7.85 2.16 2.49 8.98 8.78 9.51 9.87 9.62 9.88 10.54 11.13 11.30 4.97
