examples/cougarCreek-fire/createInputs/WindNinja/wrfout_d3.2015081000.f24/cougarCreekFire_08-11-2015_0000_217m_non_neutral_stability_ang.asc
ncols	146
nrows	140
xllcorner	610065.000000
yllcorner	5095217.000000
cellsize	216.586807
NODATA_value	-9999.000000
[rows 0 to 41 of 140, columns 0 to 94 of 146]
320 318 315 315 314 313 311 311 310 302 310 310 311 312 311 310 310 308 306 305 304 299 306 308 309 308 307 306 307 307 307 306 304 304 304 304 305 327 312 307 312 314 307 313 312 313 308 307 307 307 307 306 305 306 306 307 307 305 303 303 304 303 302 303 303 303 301 300 302 304 306 304 301 299 299 300 301 297 294 295 295 297 299 312 315 313 302 310 310 307 302 307 311 306 303
320 318 315 315 314 313 311 311 310 302 310 310 311 312 311 310 310 308 306 305 304 299 306 308 309 308 307 306 307 307 307 306 304 304 304 304 305 327 312 307 312 314 307 313 312 313 308 307 307 307 307 306 305 306 306 307 307 305 303 303 304 303 302 303 303 303 301 300 302 304 306 304 301 299 299 300 301 297 294 295 295 297 299 312 315 313 302 310 310 307 302 307 311 306 303
323 320 316 316 316 315 314 313 312 312 312 311 312 312 312 311 311 310 309 308 307 302 306 307 308 308 307 306 306 306 306 306 305 304 305 304 304 305 305 306 305 306 306 306 305 306 306 306 305 306 306 305 305 305 305 305 305 304 302 302 302 302 302 302 302 302 301 301 302 303 303 302 300 299 299 300 301 300 297 297 297 298 299 300 301 301 301 300 300 300 300 298 301 303 301
326 323 319 318 318 317 317 316 315 315 314 313 313 313 313 313 313 312 311 310 310 306 307 306 307 308 307 306 305 305 305 306 305 305 305 304 304 303 304 304 304 305 305 305 304 304 304 304 304 304 305 305 304 304 303 303 303 302 301 300 301 302 301 301 301 301 301 301 301 300 300 300 300 300 300 301 303 302 300 299 299 299 299 299 300 300 301 301 301 301 301 299 299 302 303
327 325 321 320 319 319 318 313 311 312 316 315 314 314 315 314 314 314 312 312 309 307 308 307 307 308 308 306 305 305 306 307 306 305 305 305 304 303 304 304 305 304 304 305 304 304 304 304 304 305 305 304 304 310 302 302 302 301 301 301 301 302 301 301 301 301 301 301 300 300 300 301 302 302 301 302 303 302 300 300 300 300 300 300 300 301 302 302 302 303 303 301 311 310 313
328 326 323 321 321 320 319 319 318 314 313 315 315 315 316 315 316 315 314 313 310 307 307 308 307 308 308 307 306 306 307 307 306 305 305 305 304 304 303 304 304 304 304 304 304 304 305 305 304 311 312 312 303 302 301 301 302 302 301 301 301 301 301 301 301 301 310 300 300 300 301 302 302 302 301 301 302 302 301 301 300 300 301 300 301 301 301 302 302 302 302 302 301 316 313
329 326 323 322 321 321 321 317 317 317 315 314 318 316 317 317 317 316 313 311 312 310 309 310 311 313 309 312 311 312 308 307 306 306 306 305 305 304 303 309 309 303 310 304 304 311 312 312 309 308 322 303 311 302 302 302 303 302 302 301 301 311 311 301 301 310 300 300 301 301 302 302 301 300 299 300 302 302 302 301 300 301 301 300 284 301 302 302 303 303 303 303 302 315 315
330 327 324 323 322 322 321 317 315 315 315 314 317 322 324 318 318 320 316 313 313 313 312 311 311 313 314 313 312 312 308 312 311 307 307 305 304 304 308 308 308 308 309 310 310 312 312 309 309 323 311 311 303 303 302 302 302 302 302 301 312 310 301 301 301 310 300 301 301 301 301 301 300 299 300 302 303 302 302 302 301 301 301 301 301 301 302 302 303 303 304 304 303 304 314
331 328 325 324 323 324 322 322 319 317 317 316 317 321 324 318 323 322 318 313 314 314 307 308 311 313 313 313 312 312 313 312 312 307 307 308 308 308 307 307 308 309 309 309 310 311 312 311 311 311 311 312 313 312 312 302 302 302 312 301 311 300 301 301 312 310 310 313 301 300 300 300 300 301 302 302 302 301 302 302 302 302 302 301 301 302 302 303 303 304 304 304 304 305 305
331 329 326 325 325 320 321 323 322 321 320 319 316 320 324 325 324 324 319 308 309 314 312 311 313 312 313 313 313 311 313 313 312 312 311 309 308 308 307 307 308 310 310 309 310 311 311 311 312 312 312 310 313 312 301 301 302 302 311 301 301 301 301 313 312 312 312 313 301 300 301 301 301 301 302 302 302 302 303 303 303 303 302 302 302 302 302 303 304 295 305 305 305 305 306
337 329 326 326 325 325 319 321 322 322 322 321 320 319 324 325 325 319 321 316 309 315 314 312 308 326 331 331 313 312 314 313 312 313 311 309 308 308 307 307 307 309 310 327 326 325 312 312 312 326 323 324 312 302 301 302 302 311 302 302 301 311 312 312 313 313 312 313 301 301 302 302 301 301 302 303 303 303 304 304 303 303 303 302 302 300 291 303 304 304 306 306 306 306 306
332 330 331 328 325 322 326 320 322 322 322 323 323 322 323 323 320 326 322 319 313 316 315 314 313 320 333 331 327 311 314 313 313 313 311 309 308 308 307 306 306 322 325 327 327 327 311 311 325 326 325 312 303 302 309 311 311 312 312 302 302 313 311 312 313 302 302 302 302 302 302 301 301 302 303 303 303 303 304 304 304 303 303 303 303 303 303 303 304 304 306 307 307 307 307
332 331 329 330 328 325 326 320 321 323 321 323 326 325 324 324 325 325 320 319 316 318 319 309 313 310 334 330 329 332 314 314 313 312 311 310 309 308 307 305 318 322 326 328 329 327 310 323 324 312 312 312 303 303 310 312 312 312 313 311 312 308 309 302 301 301 301 301 301 301 301 301 301 302 303 303 303 303 304 304 304 304 304 303 303 303 303 303 304 304 305 307 308 309 308
331 331 330 329 329 325 327 327 319 321 322 319 321 327 325 325 325 325 322 320 317 317 321 315 307 312 332 331 332 337 337 315 326 324 320 319 321 321 315 313 321 323 329 330 329 310 309 323 325 313 312 311 310 309 311 312 312 313 313 311 306 306 301 301 300 300 300 300 300 301 302 302 302 303 303 303 303 303 304 304 304 304 304 303 303 303 303 304 304 305 305 306 309 312 309
331 331 330 330 329 329 328 328 328 319 320 322 323 316 324 332 336 336 331 327 326 323 325 325 315 316 329 330 333 338 340 314 323 323 320 318 322 321 312 307 327 324 328 328 326 324 325 326 327 328 312 310 310 310 310 310 322 311 311 309 300 300 300 299 309 311 311 311 300 301 314 302 302 303 303 303 302 302 303 304 304 305 304 304 304 303 303 303 304 307 297 307 309 304 311
333 332 331 330 330 330 327 327 325 321 321 323 316 314 314 324 337 338 332 329 331 327 328 331 322 318 327 331 334 339 338 327 325 325 321 321 320 318 315 315 327 326 328 329 328 327 328 325 327 326 310 310 324 323 310 310 321 311 323 311 309 310 311 311 311 311 312 300 300 302 302 302 302 302 303 303 302 302 303 304 304 305 304 304 304 303 303 303 303 304 307 305 306 312 311
333 332 331 330 330 330 330 327 327 325 323 324 324 323 313 305 310 330 326 325 330 328 330 319 328 322 327 332 339 341 334 325 328 327 324 323 319 316 317 323 326 327 329 333 332 332 329 329 329 326 311 328 327 328 325 308 308 325 312 312 312 313 311 313 313 313 302 314 302 302 303 303 302 302 302 303 303 303 304 305 305 305 305 305 305 304 303 303 304 304 302 300 303 309 305
332 331 329 329 329 329 322 325 326 325 324 324 318 324 310 301 301 308 313 312 317 317 328 340 334 324 330 335 339 337 331 328 328 327 328 325 319 318 321 328 330 330 331 332 335 335 334 334 331 330 333 326 328 332 329 309 313 326 313 316 315 315 316 317 316 304 305 312 308 304 304 304 304 304 304 305 305 306 306 307 308 308 307 307 306 306 305 317 319 305 303 302 303 309 312
332 330 328 328 327 328 328 325 327 328 325 323 309 312 316 314 311 312 314 310 314 317 316 333 333 328 333 337 337 336 334 333 330 330 331 325 319 319 324 329 330 332 334 336 338 338 338 338 335 336 331 332 336 315 332 330 317 316 331 319 317 330 317 319 306 315 313 305 305 306 307 307 307 307 307 308 308 308 308 309 310 310 310 310 309 308 307 321 322 307 306 317 314 311 314
332 330 327 327 327 327 324 324 325 327 325 316 310 314 323 327 324 318 319 314 316 323 315 321 329 332 337 339 338 336 336 335 341 320 318 324 320 318 326 333 334 335 337 339 343 342 342 342 340 338 335 341 331 334 338 332 330 319 334 334 321 334 322 323 321 309 309 308 308 309 310 310 311 310 310 311 311 311 311 311 312 312 313 313 311 310 310 327 325 309 308 319 320 318 313
331 329 327 324 325 325 324 323 325 326 324 318 325 314 314 323 328 325 325 320 320 328 313 313 316 331 340 339 338 337 337 338 320 323 321 324 326 315 327 342 343 340 339 343 344 344 343 343 315 344 342 342 336 342 337 319 319 338 340 338 337 338 324 325 311 312 312 312 312 313 313 313 314 313 313 313 314 313 314 314 315 315 316 315 314 313 312 312 311 311 326 330 320 309 312
330 329 327 324 325 325 324 324 325 326 320 319 331 326 308 327 310 314 319 317 316 326 318 318 321 329 336 337 337 339 339 342 321 325 322 317 330 317 333 348 346 331 346 349 349 348 345 346 350 345 346 341 345 341 320 333 342 345 345 340 342 343 344 316 329 329 330 330 315 316 316 316 317 316 316 316 316 316 316 317 317 318 318 317 316 315 314 314 314 313 330 328 329 330 316
327 327 326 326 323 323 322 322 324 323 320 317 326 337 315 325 304 327 308 316 316 320 318 316 319 330 337 338 339 342 342 329 322 345 321 319 326 321 337 346 328 333 339 353 353 351 349 351 352 344 344 338 339 323 322 343 346 349 349 344 349 350 334 335 335 335 334 319 319 319 319 320 320 320 319 319 319 319 319 319 319 319 320 319 318 317 317 316 316 334 348 343 341 341 337
326 325 325 325 326 326 322 323 319 324 322 315 318 333 325 317 314 314 315 323 326 324 321 312 309 321 340 339 341 341 338 339 324 325 322 322 326 327 337 344 347 341 345 358 357 355 354 355 350 349 342 322 340 337 341 350 349 352 354 356 359 339 339 324 339 339 339 339 324 324 324 324 324 324 323 323 323 323 323 322 322 322 322 322 321 320 319 319 339 343 328 321 330 330 332
324 324 324 324 324 325 321 323 324 323 326 318 317 328 328 319 316 315 315 316 322 326 328 319 312 316 336 338 338 335 334 339 334 329 338 329 329 333 345 347 352 1 1 324 4 360 359 360 360 357 340 327 347 350 356 360 1 4 5 5 7 346 357 356 346 347 345 346 329 350 329 329 329 329 328 327 326 326 326 326 326 326 325 324 323 322 322 321 319 328 329 334 334 333 324
323 323 323 323 323 324 321 323 324 319 326 321 316 318 328 323 317 315 314 313 315 324 328 324 319 321 334 337 332 330 336 330 336 352 327 328 334 341 356 343 344 5 1 2 4 326 10 328 5 357 329 340 358 356 4 10 14 332 15 12 13 351 4 18 359 357 357 358 1 3 4 336 336 335 334 333 332 331 331 330 329 329 329 328 326 325 324 322 2 352 324 332 339 342 332
322 323 323 323 319 321 320 322 311 313 321 318 316 316 322 327 320 317 317 315 316 324 326 322 321 322 335 333 328 328 327 319 339 346 339 336 341 350 358 358 1 2 2 2 3 5 6 6 3 356 334 349 359 358 4 10 17 22 19 17 17 358 359 22 26 31 14 14 16 17 17 344 343 342 341 339 338 337 336 335 334 333 332 331 330 329 328 325 5 1 349 319 331 347 347
322 322 321 322 316 318 319 319 304 306 316 318 319 315 312 317 316 317 320 318 319 325 325 319 318 321 335 334 328 330 311 311 317 334 337 342 351 1 4 5 3 1 1 3 5 8 8 9 12 356 338 354 4 353 4 18 24 22 22 26 29 33 44 57 67 68 60 30 27 24 23 355 354 352 350 348 346 344 343 341 340 338 337 336 334 333 333 330 14 1 355 357 0 3 328
322 322 321 321 321 317 319 320 321 308 315 320 323 315 307 312 315 316 319 318 319 324 325 316 311 312 323 338 334 325 315 312 292 319 336 349 3 11 10 9 8 7 7 10 15 337 338 339 13 344 344 1 7 352 20 32 34 34 41 52 57 56 59 63 68 72 73 49 44 40 37 9 7 5 2 359 357 354 352 349 347 345 343 341 339 338 337 336 18 8 331 329 352 357 331
323 321 320 320 320 316 318 311 319 316 317 321 324 329 316 313 316 317 319 317 318 323 323 320 311 310 315 326 342 340 328 309 311 306 294 325 0 17 12 13 13 14 358 341 341 341 341 19 348 349 351 4 9 12 41 47 49 49 50 52 55 56 59 63 65 52 55 56 56 57 52 25 23 20 16 12 9 5 2 359 356 353 350 347 345 344 343 342 339 18 14 11 1 6 9
323 321 319 319 320 316 318 320 310 312 312 318 321 327 325 315 319 323 325 324 324 328 324 324 319 317 318 322 341 344 337 323 322 316 329 334 336 9 8 6 356 356 344 346 346 346 18 360 354 356 360 0 23 42 52 47 40 43 48 52 56 63 68 69 68 55 53 53 53 52 46 40 37 33 29 26 22 18 14 10 6 3 360 357 354 351 349 348 346 40 32 28 11 10 10
322 321 319 319 319 316 317 318 307 309 308 308 312 315 324 316 316 322 325 328 331 334 329 326 322 320 321 323 338 344 346 329 332 331 320 297 267 264 347 349 356 359 347 348 350 352 354 10 0 5 9 14 35 43 36 29 36 44 51 57 64 71 75 72 69 69 66 67 67 66 65 69 71 69 42 39 35 31 26 22 18 14 10 7 4 0 357 356 354 49 38 34 22 17 17
322 320 317 317 318 316 317 319 307 309 310 311 315 319 322 316 312 313 317 322 330 336 335 332 326 322 319 319 330 336 348 333 337 318 332 304 293 352 349 8 356 2 349 350 352 356 360 68 7 13 18 24 25 35 29 35 50 59 63 63 65 68 74 79 85 63 92 65 97 102 62 91 82 57 54 51 47 77 88 34 30 26 20 16 13 10 7 6 313 56 42 39 31 27 28
322 321 322 318 318 318 318 319 309 309 314 318 323 322 320 317 311 308 307 310 315 324 331 334 332 329 325 321 323 342 331 334 342 321 338 318 312 314 2 12 10 7 353 353 50 60 64 74 15 21 26 3 78 57 51 60 64 70 74 62 78 78 81 67 69 87 72 90 90 83 72 67 68 66 63 59 56 52 87 46 42 38 32 27 24 21 18 16 346 93 53 46 41 37 38
320 320 319 322 320 319 319 315 315 316 315 315 319 322 322 318 311 307 304 306 309 312 316 321 329 336 335 328 327 341 327 332 345 333 339 310 307 309 308 34 28 36 44 48 52 63 70 81 25 31 36 40 85 103 95 87 76 76 81 86 90 86 76 80 80 82 80 77 69 78 77 76 68 77 84 84 81 61 58 56 52 48 44 39 34 32 29 26 78 99 63 50 47 42 38
319 318 318 319 319 319 319 321 312 313 310 309 307 312 320 323 322 322 324 321 316 313 311 309 305 300 316 327 332 328 325 329 342 358 345 354 285 267 268 354 351 10 23 359 4 12 65 76 93 39 45 49 55 101 96 99 91 87 86 86 83 83 80 77 76 76 74 79 79 80 79 73 80 84 85 85 69 67 64 62 59 56 52 47 42 39 37 34 91 100 75 59 52 49 44
319 318 317 316 318 321 318 321 309 308 307 308 310 307 310 316 318 319 319 313 307 307 304 299 294 294 296 305 316 335 332 340 345 1 4 5 1 346 333 328 349 339 345 353 4 13 20 27 80 99 61 62 57 66 68 69 101 100 99 97 96 94 93 89 85 80 77 76 81 86 77 78 78 77 74 74 72 70 68 65 63 60 57 52 46 43 41 38 21 105 91 66 55 54 51
318 317 316 315 317 319 320 307 322 303 304 308 310 304 302 304 306 302 298 295 296 299 298 293 291 293 298 295 289 322 321 331 349 7 15 27 24 11 354 358 4 0 356 352 4 14 22 30 65 80 98 69 74 78 79 79 79 81 85 87 88 90 92 94 95 97 98 100 103 104 101 102 86 75 75 75 74 73 71 69 66 63 61 58 52 47 44 42 91 112 90 65 58 51 46
319 317 315 315 315 317 298 320 301 301 303 306 302 300 298 299 298 293 293 296 296 294 294 292 290 292 298 293 287 318 310 321 345 13 26 24 24 20 16 18 22 23 14 6 4 13 22 30 36 46 83 96 77 65 68 70 72 73 74 76 94 95 97 98 100 100 101 104 106 107 106 103 101 100 93 75 75 74 73 72 69 67 64 62 58 52 48 46 122 115 107 64 59 54 49
318 317 316 314 315 315 290 319 302 303 304 304 306 301 301 301 298 293 293 295 291 291 297 295 290 294 300 292 290 280 303 306 334 321 354 34 28 19 19 15 6 24 13 43 45 52 62 62 60 50 54 74 77 85 84 74 91 92 78 80 82 99 101 102 102 87 87 89 90 90 88 86 84 106 105 107 106 74 73 73 72 70 68 66 62 56 53 51 47 147 137 77 63 57 56
314 315 315 312 313 315 294 318 319 303 305 307 309 305 302 301 296 289 289 290 290 297 300 292 294 297 299 293 291 296 307 298 311 335 301 298 56 13 14 8 354 352 358 4 13 65 77 78 82 83 84 84 71 69 71 74 76 78 80 82 90 85 86 87 87 88 89 90 92 93 92 91 89 87 86 84 81 77 112 108 73 73 72 70 67 62 59 56 52 50 153 108 78 65 61
312 313 314 310 311 293 315 317 319 305 306 307 307 302 298 297 290 289 291 299 302 303 298 295 295 297 299 295 295 292 307 295 274 245 263 354 293 299 21 45 342 44 47 54 62 29 40 49 59 69 76 81 84 86 85 87 86 87 93 92 83 85 86 87 88 88 90 92 94 95 95 94 93 91 90 89 88 85 80 75 114 74 74 72 69 67 65 61 57 54 52 129 96 75 69
