examples/cougarCreek-fire/createInputs/WindNinja/wrfout_d3.2015081000.f24/cougarCreekFire_08-11-2015_0000_217m_non_neutral_stability_vel.asc
ncols	146
nrows	140
xllcorner	610065.000000
yllcorner	5095217.000000
cellsize	216.586807
NODATA_value	-9999.000000
[rows 72 to 107 of 140, columns 0 to 80 of 146]
16.78 20.14 23.53 23.44 22.49 18.79 18.94 20.56 20.57 19.37 20.10 20.01 21.09 24.82 22.61 18.46 15.15 16.50 16.95 18.13 17.48 17.25 17.78 17.66 17.57 21.75 22.95 18.26 16.96 19.62 19.22 14.48 11.95 12.39 16.32 15.32 11.90 12.85 12.50 14.27 12.26 9.62 10.48 13.20 5.22 7.68 6.57 1.20 4.91 6.84 4.14 5.92 2.66 5.12 4.73 4.30 3.90 3.46 2.97 2.57 2.19 1.83 6.32 2.04 2.98 0.85 6.96 1.05 1.36 4.79 2.04 7.95 9.15 9.17 9.42 9.61 7.90 9.48 8.57 10.48 11.36
18.87 21.23 23.02 22.77 21.45 19.16 19.18 20.43 19.15 18.59 19.67 20.05 21.64 24.36 21.03 16.39 14.56 16.38 17.99 18.01 17.46 17.89 18.74 18.52 18.51 23.05 21.66 18.66 21.16 19.76 17.31 14.02 11.84 14.65 17.78 16.05 14.13 9.90 13.04 14.96 13.37 10.06 10.93 14.02 7.80 8.09 2.24 6.92 6.18 7.48 4.41 6.63 2.27 5.71 4.20 4.94 4.52 4.08 3.54 3.12 2.77 2.37 2.13 5.92 5.54 5.39 2.80 6.78 7.53 8.12 8.47 8.67 9.09 9.10 9.11 8.83 7.57 7.98 8.17 8.51 11.27
20.23 21.11 21.87 22.14 20.76 19.22 19.14 19.12 17.78 17.69 18.89 19.99 21.99 20.93 21.33 15.42 13.99 16.11 18.19 18.26 17.98 18.81 19.40 19.14 19.63 23.31 20.21 21.60 20.97 19.15 15.31 13.24 12.37 16.78 18.55 15.53 14.33 10.22 13.45 16.38 14.65 10.02 10.00 12.64 10.79 8.52 7.31 7.09 6.66 6.69 7.48 1.86 1.91 6.12 5.74 2.92 5.07 4.62 4.07 3.64 3.28 2.87 2.46 5.75 5.34 4.83 5.99 6.28 5.56 5.74 7.13 7.18 6.93 1.96 7.53 6.92 7.13 7.45 7.77 7.89 8.76
20.54 20.84 21.57 21.39 19.76 19.09 19.24 18.42 17.03 17.77 19.69 21.20 19.49 19.29 20.81 15.98 14.44 16.95 18.98 15.89 18.75 19.59 19.72 19.63 22.51 22.18 20.37 20.40 19.89 18.23 14.96 13.34 16.81 18.43 17.84 13.89 14.28 11.54 13.50 15.62 14.91 9.80 9.29 10.92 11.22 8.39 10.34 2.64 8.85 7.03 7.94 7.55 3.22 6.57 6.22 4.33 3.18 5.13 4.56 4.15 3.75 3.40 3.05 2.33 5.06 1.42 4.63 2.17 2.38 6.11 0.87 0.99 7.20 5.26 1.67 6.29 6.68 6.89 7.37 7.74 8.10
20.60 20.99 21.66 20.10 18.67 18.45 19.44 18.68 17.16 19.51 19.86 21.85 22.06 18.67 21.00 16.44 15.30 17.89 19.04 18.93 19.34 20.01 20.22 21.03 22.02 20.57 20.94 20.68 17.95 18.04 16.18 14.33 18.24 19.17 14.84 15.28 14.00 12.71 13.88 15.16 13.90 10.09 9.15 10.63 11.54 11.35 4.32 10.10 9.18 7.20 8.36 7.97 7.51 7.06 6.70 4.94 2.81 5.53 5.03 4.68 4.31 3.96 3.58 3.15 4.22 4.03 4.59 4.74 1.75 4.48 6.09 4.11 3.73 6.40 5.34 7.67 6.28 6.48 6.71 7.63 9.02
20.72 21.12 21.44 18.92 18.24 19.23 20.33 18.68 18.76 21.26 21.48 25.49 22.74 22.10 20.76 16.26 15.70 18.07 18.94 19.04 19.68 20.35 21.30 22.39 19.07 20.05 20.96 19.99 18.33 19.00 17.78 15.22 19.08 18.00 14.76 15.04 16.23 13.00 14.23 15.59 13.70 11.79 10.95 11.11 11.98 12.12 8.98 10.44 9.56 7.50 8.82 8.43 7.93 7.55 7.18 5.38 2.59 6.00 5.63 5.33 2.99 4.47 4.10 3.69 3.05 4.17 4.48 4.66 4.25 2.70 4.94 5.21 6.41 6.65 0.58 0.97 1.28 7.55 5.99 6.85 7.39
20.71 21.01 21.13 18.38 18.56 20.01 20.31 18.25 19.72 21.70 23.27 21.10 22.17 21.83 19.83 15.81 15.94 18.25 19.06 19.29 20.28 21.41 22.84 20.15 16.02 18.97 19.66 19.47 18.72 19.81 20.53 15.68 17.55 15.75 15.55 17.01 16.16 13.60 15.67 17.81 12.90 11.76 11.63 11.29 12.03 11.91 10.64 6.69 10.01 7.71 7.77 8.90 8.38 7.96 7.62 7.38 2.13 2.67 2.60 5.87 5.38 4.95 4.60 4.22 3.85 4.03 3.90 4.12 3.20 1.91 1.49 1.12 5.99 6.33 0.09 0.40 7.30 5.52 8.07 6.46 6.73
20.64 20.89 20.99 18.43 18.26 20.00 19.96 18.66 19.83 21.19 21.83 19.24 18.53 21.25 18.21 15.36 16.67 18.86 19.34 19.83 21.44 22.85 22.77 22.69 20.02 18.07 19.12 19.80 19.02 19.90 20.64 15.79 14.96 15.64 15.22 16.96 16.03 13.55 17.83 17.75 13.24 11.84 11.50 11.56 12.03 11.36 10.71 10.13 5.22 10.15 7.96 9.39 8.73 8.21 8.06 8.92 7.69 1.85 4.76 6.28 5.88 5.47 5.12 4.79 4.34 3.96 2.23 2.58 2.98 2.40 2.00 1.67 1.30 3.72 4.68 4.72 0.37 0.81 7.48 6.65 6.04
20.48 20.75 20.98 17.77 18.04 19.76 20.31 19.60 20.08 20.85 20.72 18.99 21.29 20.93 17.00 15.84 18.12 19.47 19.89 21.24 22.92 23.93 20.75 21.58 13.84 17.40 18.62 19.61 19.97 19.06 19.87 16.24 14.68 17.65 15.69 17.20 16.16 14.00 17.67 15.44 13.35 12.58 11.48 11.62 11.63 11.10 10.87 12.09 11.93 10.79 10.22 9.79 8.91 8.52 8.74 8.70 8.27 0.46 6.96 6.73 6.46 6.05 5.74 1.87 4.82 4.48 3.10 2.12 2.25 1.59 1.98 2.28 1.84 1.46 3.52 4.71 0.50 0.57 5.28 4.94 5.09
20.35 20.68 20.96 17.31 19.45 19.93 20.52 20.71 19.78 19.67 19.04 20.17 21.97 20.50 16.97 17.23 19.21 20.05 21.25 22.77 23.75 21.22 23.30 20.48 15.10 16.30 18.42 19.96 19.84 16.09 18.88 17.98 17.71 17.40 15.97 14.02 13.28 15.56 18.32 16.55 15.38 14.84 12.57 11.55 10.97 11.24 11.33 11.56 13.62 11.55 10.75 10.02 9.12 9.28 9.74 6.98 2.19 8.00 8.16 6.20 7.03 6.66 6.33 5.91 3.58 5.03 4.75 2.12 2.44 0.93 3.47 3.92 2.26 2.02 1.66 1.30 0.95 0.77 4.81 4.61 4.38
20.21 20.61 20.80 17.00 19.61 20.18 20.53 20.99 18.98 17.42 17.74 20.01 21.96 20.07 17.82 18.57 19.84 21.09 22.57 23.31 23.59 18.91 22.02 19.47 14.88 15.63 18.65 20.69 18.75 15.40 18.35 20.15 19.10 15.69 15.41 13.65 13.51 17.46 16.35 16.40 15.65 15.38 13.75 12.09 10.89 10.96 11.57 12.09 16.17 9.99 11.18 10.12 9.72 10.51 8.26 7.44 7.90 2.30 7.23 8.37 4.10 7.24 6.89 6.40 5.91 5.55 5.30 3.50 2.18 3.50 0.65 1.28 3.93 2.13 2.23 2.67 3.67 1.21 1.07 4.46 4.14
20.14 20.51 20.51 19.83 19.83 20.16 20.40 21.16 18.56 16.56 18.94 20.73 20.38 19.96 16.24 19.57 20.82 22.12 22.84 22.55 22.22 20.32 20.76 18.97 14.28 17.99 19.51 20.97 19.17 17.27 19.81 21.18 18.20 16.39 15.36 14.06 15.94 17.02 15.35 16.29 16.11 14.07 15.54 12.56 14.05 13.44 12.66 16.01 13.96 11.25 8.91 10.55 10.98 10.64 5.69 7.44 9.23 7.50 6.77 8.89 7.78 4.58 0.70 6.90 6.56 6.14 5.82 4.55 2.50 3.04 2.30 2.44 4.23 4.48 2.15 2.00 2.74 5.90 6.16 4.81 5.93
20.14 20.39 20.26 19.91 20.08 20.21 20.53 21.03 18.30 18.12 19.78 21.79 18.26 20.07 19.47 20.74 24.02 22.57 23.03 22.30 20.88 22.47 19.79 18.66 18.03 18.43 19.92 21.14 20.30 17.67 18.26 18.36 19.47 17.96 15.15 16.66 18.51 17.49 15.28 16.45 17.04 16.98 15.85 14.83 14.32 13.84 13.15 13.07 14.23 12.86 9.73 11.58 12.06 9.18 7.80 9.79 9.67 9.58 7.95 8.87 8.41 6.55 6.29 5.14 0.80 0.14 4.91 5.43 4.93 2.59 2.43 0.14 3.58 4.64 3.42 3.73 4.30 4.86 4.80 1.72 1.60
20.13 20.26 20.13 20.12 20.33 20.33 20.59 20.15 18.52 20.21 20.80 24.11 17.95 17.15 20.47 21.66 22.29 22.83 22.13 20.74 20.16 21.30 19.01 18.23 17.87 18.75 20.63 21.02 20.40 20.58 15.55 17.47 18.81 18.24 16.16 17.77 18.41 16.53 16.80 17.39 18.51 17.73 15.50 14.71 14.72 14.31 13.70 13.41 13.52 13.38 12.82 12.53 12.35 11.35 10.55 10.39 10.24 10.06 9.77 9.47 9.23 7.07 8.21 7.14 3.68 2.84 4.53 6.54 5.60 4.60 3.72 0.74 0.29 4.09 4.67 4.30 4.35 4.66 2.55 2.24 1.97
20.09 20.09 20.04 20.31 20.45 20.27 20.40 20.39 19.38 19.95 21.69 20.04 21.98 18.56 21.12 21.78 21.89 21.52 19.81 20.38 22.55 20.23 18.49 13.17 18.02 19.60 19.87 20.80 20.21 16.16 14.96 20.16 17.15 19.00 16.45 18.40 17.40 16.71 17.59 18.65 16.75 17.18 14.80 14.69 15.09 14.71 14.12 13.87 14.02 13.92 13.42 12.97 12.31 11.52 11.14 11.10 10.92 10.52 10.28 10.04 9.65 9.17 8.80 8.65 4.92 4.17 5.23 5.70 5.83 5.60 5.72 2.37 1.60 2.51 4.16 4.05 4.90 3.35 3.09 2.82 2.44
19.96 19.99 20.27 20.63 20.52 20.35 20.47 20.37 20.20 20.52 22.15 19.52 21.94 18.32 19.94 21.30 22.32 19.67 19.34 19.62 21.58 19.22 18.02 17.85 16.42 18.99 19.59 20.83 20.33 17.99 19.08 20.91 20.24 19.73 18.83 18.63 18.53 18.00 18.65 18.58 18.36 16.33 14.75 14.92 15.52 15.27 14.73 14.53 14.36 14.13 13.67 13.20 12.58 11.99 11.78 11.75 11.46 10.94 10.75 10.53 10.09 9.70 9.41 9.18 6.45 5.44 6.32 5.98 5.95 6.99 6.61 5.25 3.15 2.39 2.53 2.69 2.88 4.25 5.21 3.85 2.97
19.83 20.16 20.73 20.74 20.53 20.59 19.75 20.52 20.65 21.06 22.39 19.73 21.91 17.04 19.08 21.13 22.09 18.04 19.24 22.38 20.26 18.38 17.65 17.42 17.45 18.46 19.44 20.28 20.32 19.85 21.33 21.12 17.52 20.06 18.84 17.24 18.63 18.07 17.59 18.12 17.31 16.09 15.34 15.44 16.06 15.90 15.27 14.73 14.37 14.29 13.98 13.61 7.26 12.57 12.33 12.22 11.89 11.43 11.24 10.99 10.61 10.30 10.01 9.74 6.37 5.45 6.40 6.12 5.96 6.02 7.20 6.42 4.75 3.02 5.60 5.18 4.88 4.53 4.16 2.90 3.45
19.83 20.33 20.76 20.40 20.34 20.42 19.16 20.51 20.72 21.10 22.32 20.05 21.90 20.56 18.70 21.51 21.60 19.18 19.19 21.32 19.19 17.93 17.44 16.01 17.99 18.88 20.15 20.96 20.76 20.39 20.56 20.47 18.26 20.04 18.99 18.52 18.50 18.03 17.92 17.66 16.97 16.63 16.32 16.12 16.48 16.23 15.31 14.70 14.66 14.67 14.42 14.18 7.91 7.50 12.81 12.66 12.40 12.05 11.79 11.52 11.21 10.91 10.61 6.98 7.18 5.10 5.31 6.08 5.27 5.09 5.75 6.84 7.28 6.40 3.67 2.34 2.60 5.12 4.76 4.37 3.87
19.88 20.33 20.58 20.26 20.29 20.31 20.37 20.60 20.69 21.06 22.34 21.11 21.90 20.45 18.20 21.92 21.19 17.79 17.49 20.56 18.89 17.85 17.52 17.76 18.58 19.85 21.03 21.32 19.87 20.63 21.52 19.94 18.69 20.42 19.44 18.37 18.19 18.10 17.75 17.49 17.39 17.49 17.11 16.64 16.70 16.26 15.37 15.13 15.24 15.08 14.90 14.68 14.21 8.05 13.33 13.13 12.98 12.68 12.34 12.06 11.83 7.70 11.27 8.02 7.56 6.50 5.05 5.41 4.49 4.09 4.22 6.20 7.34 7.12 7.01 4.84 4.04 4.42 2.96 4.92 4.37
19.76 20.26 20.55 20.38 20.50 20.56 20.58 20.73 20.87 21.27 23.39 19.95 21.24 14.91 17.98 20.94 19.89 21.39 20.84 20.01 18.66 17.77 16.00 18.32 19.30 20.86 22.45 20.97 20.85 21.39 20.14 18.60 17.54 19.97 18.67 17.60 17.82 17.94 17.46 17.66 18.09 17.82 17.22 16.95 15.40 16.36 15.85 15.80 15.71 15.51 15.39 15.11 14.64 8.17 13.91 13.61 13.50 13.23 12.84 12.61 12.42 8.06 8.13 7.18 8.13 10.73 6.72 5.47 5.01 3.84 8.67 4.05 7.87 7.73 7.50 5.54 4.96 6.21 5.14 3.29 3.24
19.55 20.19 20.69 20.55 20.66 20.49 20.25 20.57 20.76 21.14 22.08 18.85 16.22 16.93 18.01 19.29 19.05 16.82 20.45 19.73 18.53 17.99 18.45 18.91 20.02 21.37 19.65 20.37 21.95 21.81 17.88 20.58 19.40 18.39 17.58 17.30 17.26 17.53 19.06 20.95 18.69 17.77 20.39 17.60 17.20 16.63 16.44 16.26 16.10 16.00 15.88 15.55 15.15 8.31 8.00 14.13 14.00 13.76 13.37 13.16 12.94 12.72 8.07 7.06 8.03 11.21 11.01 7.24 5.32 4.71 9.19 4.71 8.48 8.37 7.08 5.30 4.82 4.55 4.13 2.92 2.69
19.31 20.30 21.13 20.68 20.54 20.07 19.80 20.21 20.36 20.72 21.35 18.81 20.21 17.88 20.62 18.38 19.30 18.44 20.43 19.77 18.89 18.67 18.98 19.41 20.36 22.72 20.07 20.66 20.73 19.52 17.25 19.39 18.34 17.89 17.71 18.59 17.47 17.12 17.62 19.05 19.16 17.98 17.96 18.34 17.32 16.75 16.75 16.45 16.40 16.32 16.12 15.79 15.49 8.79 8.39 8.70 14.32 8.70 13.74 13.49 13.26 13.11 7.76 6.73 6.83 11.56 11.44 8.14 6.38 5.18 4.83 5.90 8.90 8.80 6.90 5.74 4.80 7.25 1.75 0.93 5.79
19.42 20.67 21.42 15.75 19.96 19.66 19.47 19.92 20.29 20.66 21.01 20.88 18.63 20.67 20.66 20.51 19.00 18.82 20.40 19.93 19.23 18.89 19.11 19.79 20.15 23.15 20.99 19.39 17.40 17.83 17.52 15.25 16.33 18.58 19.14 17.88 17.83 17.71 18.86 20.48 19.90 18.67 18.65 18.28 17.03 16.83 16.97 16.72 16.66 16.52 16.32 16.06 15.74 15.45 8.62 8.56 8.22 7.91 8.42 13.77 13.53 13.40 8.14 7.44 12.25 6.08 7.76 11.34 6.85 5.80 4.68 5.86 9.30 9.16 7.14 7.86 8.14 5.57 2.85 2.77 2.42
20.05 20.98 21.10 19.99 19.68 19.47 19.24 19.89 20.55 20.94 21.14 21.00 20.94 17.61 20.75 17.65 18.35 19.38 16.88 20.00 18.96 18.54 18.78 19.03 20.24 21.60 20.38 17.44 19.82 19.12 19.40 16.86 18.48 19.79 18.23 18.32 18.64 18.98 20.41 23.91 20.08 18.83 18.47 17.66 16.97 17.07 17.22 16.99 16.78 16.69 16.55 16.27 15.91 15.64 9.48 11.09 9.82 8.54 7.87 8.11 13.77 13.67 7.51 7.63 12.77 7.85 6.70 6.01 6.11 5.74 5.23 4.89 8.22 7.79 7.70 8.53 8.16 7.90 4.05 2.39 2.31
20.55 20.70 20.34 19.71 19.37 19.14 19.27 20.10 20.70 21.05 21.08 20.91 20.98 18.23 17.52 17.27 18.91 20.40 17.04 19.64 18.44 18.47 18.75 19.58 21.30 23.37 18.67 16.72 18.14 21.67 19.77 19.44 18.75 18.62 18.73 19.05 19.27 19.53 23.65 20.84 19.40 18.46 18.05 17.31 17.09 17.42 17.53 17.22 16.96 16.91 16.73 16.42 16.14 15.90 15.69 15.46 15.22 14.94 14.62 14.31 7.77 8.30 7.51 7.45 7.03 7.67 12.16 6.56 5.73 5.84 5.47 5.29 5.19 5.37 6.62 8.29 8.44 8.16 8.41 7.50 1.79
21.28 20.68 19.94 19.48 18.98 18.76 19.65 20.16 20.38 20.81 20.80 20.79 21.08 18.92 21.04 20.63 19.24 19.27 16.48 19.11 18.37 18.89 19.82 21.16 22.17 19.26 17.21 18.58 19.76 20.01 19.92 19.46 19.32 19.46 19.62 19.71 19.63 19.69 20.20 20.38 19.41 18.60 18.00 17.25 17.30 17.75 17.74 17.43 17.19 17.06 16.88 16.70 16.47 16.15 15.95 15.85 15.61 15.25 14.93 14.69 14.48 7.93 8.20 7.83 7.27 12.94 12.41 12.01 11.66 11.33 10.97 10.69 10.35 5.20 5.28 7.22 8.70 8.38 8.17 6.16 7.30
21.72 20.65 19.44 19.34 18.62 19.17 20.20 20.03 20.28 20.88 20.67 20.82 21.27 18.30 21.10 20.80 18.47 17.82 16.01 18.85 19.17 20.33 21.52 22.15 21.94 17.59 17.79 20.19 20.31 20.28 20.11 21.47 19.94 20.08 22.12 21.53 22.44 22.42 23.13 22.40 19.80 19.15 18.29 17.49 17.59 17.86 17.70 17.52 17.28 17.15 17.18 17.10 16.71 16.35 16.31 16.25 15.94 15.52 15.22 15.03 14.75 14.45 14.15 13.87 8.29 13.19 12.72 12.34 12.00 11.71 11.37 11.07 10.71 5.18 5.20 5.60 8.09 8.63 8.42 8.62 7.59
20.82 20.40 19.40 18.68 18.70 19.97 20.26 20.08 20.65 20.81 20.39 21.04 21.59 21.41 21.37 21.00 20.53 20.24 19.52 19.60 20.50 21.62 22.10 21.54 18.40 18.19 20.40 20.66 18.75 19.59 20.04 19.93 20.03 22.61 21.79 21.74 21.63 21.13 21.26 23.02 20.58 20.06 18.47 17.52 17.49 17.66 17.65 17.55 17.34 17.55 17.78 17.38 16.75 16.58 16.72 16.56 16.18 15.77 15.50 15.30 14.97 14.63 14.37 14.14 13.89 13.52 13.10 12.72 12.36 12.11 6.82 6.28 5.98 10.43 4.97 5.02 6.40 8.95 8.65 8.47 6.48
20.19 20.78 19.50 17.56 19.08 20.48 19.88 20.31 20.66 20.14 20.33 21.69 21.99 17.95 21.31 20.45 20.14 20.11 19.88 20.36 20.93 20.92 21.07 18.00 20.15 20.45 20.70 20.90 17.25 19.62 21.79 20.20 20.46 20.69 21.23 20.32 20.79 18.46 18.07 20.15 22.88 20.88 18.12 17.28 17.28 17.72 17.77 17.51 17.64 18.33 18.25 17.37 16.82 17.01 17.18 16.84 16.40 16.04 15.77 15.53 15.17 14.83 14.63 14.43 14.22 13.88 13.42 13.06 12.77 7.72 6.63 5.79 5.87 5.46 5.58 9.67 9.39 5.69 8.93 8.74 7.74
20.51 20.52 18.58 17.69 19.98 20.38 19.92 20.70 20.55 19.61 20.67 21.75 21.40 21.04 20.50 19.86 20.12 20.17 19.99 20.28 20.17 19.87 19.42 20.49 20.43 20.90 20.26 17.82 16.79 19.81 20.28 22.98 21.93 20.95 19.76 19.45 18.97 19.22 20.39 23.50 24.11 19.92 17.32 17.13 17.44 18.08 17.86 17.54 18.05 18.66 18.24 17.43 17.20 17.55 17.58 14.59 13.78 13.83 15.99 15.72 15.42 15.13 14.93 14.72 10.32 8.83 9.34 13.37 13.15 12.74 7.27 7.00 6.49 6.37 10.71 10.31 5.16 4.31 6.19 8.36 6.31
20.23 19.72 19.20 19.04 19.83 20.19 20.31 20.62 19.79 19.48 20.69 21.04 20.62 20.49 20.16 20.14 20.40 20.27 15.98 19.97 16.38 18.74 19.03 20.29 21.17 21.14 20.70 18.44 19.64 20.28 20.94 21.22 21.17 20.70 19.91 20.25 22.20 23.66 24.43 23.55 21.77 17.60 16.46 15.71 20.79 18.08 21.10 21.61 18.18 18.49 18.43 17.98 17.72 17.94 12.85 11.89 10.48 11.13 13.26 15.96 15.72 15.43 15.17 14.93 14.74 14.40 13.92 13.68 13.47 13.04 12.54 12.09 11.72 11.37 6.25 10.42 10.03 9.70 4.85 6.26 8.65
19.79 19.71 20.15 19.90 19.33 20.45 20.77 20.10 19.31 19.49 20.61 20.80 20.93 20.73 20.27 20.68 20.74 20.59 20.31 19.50 18.68 19.07 20.16 21.51 21.56 21.15 20.61 19.03 20.79 21.01 21.84 21.04 21.00 20.98 20.61 20.31 21.46 21.64 21.21 19.90 16.84 16.92 16.47 16.91 20.95 21.12 21.27 17.87 22.66 23.04 18.81 18.36 18.06 18.18 15.83 14.22 13.39 13.53 16.38 16.31 16.05 15.66 15.37 15.16 15.02 14.71 14.24 14.02 13.80 13.36 12.84 12.42 12.14 11.81 6.80 10.65 5.50 5.51 5.90 7.29 6.35
19.49 19.36 19.49 19.45 19.15 20.15 20.83 19.56 18.85 19.76 20.69 21.19 21.35 20.57 20.94 21.22 20.97 20.71 20.30 15.83 19.16 20.04 21.15 22.03 20.34 21.03 20.70 18.88 21.15 21.33 19.54 20.11 20.88 20.92 20.98 18.92 19.35 20.57 20.88 20.62 20.12 18.17 18.85 20.92 21.72 17.69 17.83 18.23 22.95 22.89 22.89 21.31 18.36 18.55 18.29 15.85 14.78 16.65 16.72 16.74 14.10 13.46 15.62 15.48 15.36 15.04 14.62 14.39 9.04 9.38 8.57 8.10 12.45 7.71 7.33 10.95 10.59 5.88 5.96 7.01 6.29
18.42 18.50 18.89 19.37 19.08 19.43 20.62 19.64 18.84 20.30 21.00 21.81 21.17 20.56 21.55 21.41 20.86 20.64 20.16 15.72 19.54 20.56 21.75 21.79 19.92 20.90 21.39 17.46 20.99 20.89 19.15 20.97 21.02 20.72 20.55 18.18 19.29 19.28 19.69 23.16 22.63 20.13 20.87 21.71 18.09 22.44 18.35 18.52 23.06 22.75 18.30 18.13 18.61 19.05 18.98 16.26 16.99 16.94 17.13 17.12 14.83 14.00 13.61 12.66 10.94 10.85 10.31 10.27 8.61 8.78 8.36 8.15 8.02 12.41 11.83 11.31 10.91 10.52 10.07 9.87 5.35
18.01 18.43 19.55 20.07 19.82 20.34 21.26 20.09 19.12 20.13 21.43 21.77 20.33 20.94 21.58 20.97 20.88 20.47 19.98 19.25 19.14 20.37 21.65 18.74 20.77 21.15 20.97 17.53 20.41 20.82 20.65 20.91 20.18 20.17 19.56 18.48 21.57 19.65 20.39 22.60 19.67 19.55 21.13 18.26 22.38 22.74 22.85 22.75 18.96 23.02 18.64 18.35 18.52 19.59 20.18 17.63 17.16 17.33 17.52 17.53 14.97 13.48 11.40 11.41 11.10 11.03 10.71 9.35 9.63 9.05 8.14 7.70 7.50 7.80 12.09 11.63 7.19 6.85 10.54 10.26 9.92
18.71 19.05 20.04 20.82 20.79 21.33 21.59 20.80 19.89 20.40 21.54 20.91 20.21 21.21 21.04 20.78 21.10 20.23 19.80 19.23 19.12 20.30 21.58 20.45 20.78 21.34 20.37 18.79 21.51 21.43 22.07 19.48 18.93 19.67 19.28 20.98 19.34 20.49 21.14 19.96 19.91 20.85 21.89 22.35 22.56 22.84 18.95 19.17 23.50 24.21 23.55 23.93 23.26 24.18 21.25 17.77 16.60 17.61 17.94 16.42 14.25 12.34 12.36 13.09 16.13 12.76 11.06 10.53 10.75 10.11 9.40 8.62 7.76 7.52 7.80 11.98 11.66 11.19 10.84 6.25 5.93
