examples/cougarCreek-fire/createInputs/WindNinja/wrfout_d3.2015081000.f24/cougarCreekFire_08-11-2015_0000_217m_non_neutral_stability_ang.asc
ncols	146
nrows	140
xllcorner	610065.000000
yllcorner	5095217.000000
cellsize	216.586807
NODATA_value	-9999.000000
[rows 42 to 83 of 140, columns 0 to 94 of 146]
311 312 312 313 310 315 315 319 318 320 321 306 305 298 294 292 290 296 304 307 306 301 294 289 294 302 300 295 297 296 289 321 303 332 333 336 347 6 359 8 31 38 46 50 57 63 72 62 73 66 84 72 74 76 77 78 79 80 81 82 83 84 84 85 87 89 91 93 95 95 95 95 94 93 93 94 93 91 87 82 115 118 82 80 71 69 69 68 63 60 58 56 111 86 75
312 312 312 313 311 291 315 316 318 319 306 300 294 292 292 292 295 301 305 306 301 293 288 298 299 304 296 298 298 295 287 329 12 353 342 335 346 328 354 354 3 23 42 40 20 35 53 65 81 84 76 76 79 80 81 81 82 82 82 84 84 84 85 86 88 92 94 95 95 95 95 95 94 94 94 96 98 97 93 85 81 78 112 84 75 72 71 70 69 67 64 62 118 103 95
312 313 313 314 314 312 315 316 317 303 296 297 295 291 291 292 292 294 299 298 292 294 296 294 299 300 298 299 297 296 293 328 5 20 11 348 349 341 348 349 349 2 352 6 23 53 80 96 92 78 79 79 81 82 83 83 82 83 84 86 86 86 75 78 80 83 83 80 79 80 80 79 78 77 77 94 97 101 101 94 88 83 126 87 79 99 74 72 71 71 69 67 120 110 59
311 312 314 314 311 312 314 315 316 294 297 294 293 296 294 291 295 295 301 298 293 292 295 298 298 299 299 294 296 289 294 318 337 351 17 17 357 348 353 353 2 344 354 6 26 54 67 63 82 83 80 77 84 85 85 85 84 85 88 78 78 78 61 64 66 78 85 83 79 82 85 87 86 87 86 83 81 88 112 124 112 91 125 96 82 81 100 76 75 76 75 73 71 104 67
311 311 288 314 309 310 293 295 291 298 292 292 298 295 291 291 290 305 305 303 298 296 292 294 303 300 299 296 296 292 291 301 310 339 347 15 12 11 1 4 351 352 360 17 33 40 31 17 331 55 77 81 85 87 88 88 90 78 82 66 66 62 64 74 77 84 85 83 93 105 105 106 100 94 93 97 91 85 97 124 136 110 89 121 88 84 82 81 80 80 81 80 77 75 74
309 293 307 313 314 309 298 290 289 292 290 297 300 296 295 303 321 312 305 301 293 292 298 292 298 299 295 296 296 290 288 284 293 309 336 344 15 27 18 345 10 2 48 53 32 31 22 14 10 43 75 72 80 82 81 84 87 54 64 80 83 83 88 92 95 95 94 97 104 106 104 102 96 96 98 100 102 88 83 94 131 124 94 88 92 86 86 85 83 83 85 87 84 81 79
306 284 291 293 291 293 293 288 292 290 297 315 302 304 319 320 312 311 304 298 295 299 300 294 298 295 300 296 301 294 289 284 282 300 327 332 2 45 31 10 90 46 75 81 33 28 25 33 26 62 74 36 53 61 59 67 77 103 117 118 111 102 103 112 111 107 105 105 105 103 97 96 98 98 98 98 103 110 94 94 95 100 97 92 130 101 88 87 86 86 88 90 91 89 87
284 301 288 295 307 287 290 308 310 296 298 314 316 318 308 302 300 297 299 297 296 293 296 300 300 299 300 297 296 303 293 292 292 289 341 325 3 58 33 73 51 48 73 87 76 29 41 40 51 76 30 48 133 105 87 95 99 105 112 119 113 113 110 111 103 102 101 97 97 97 98 97 94 95 98 95 94 92 87 88 85 92 101 98 94 91 127 86 88 89 81 91 93 93 96
301 291 293 303 301 312 314 310 310 311 314 316 317 306 298 299 298 301 301 297 297 290 292 294 300 303 316 299 306 300 293 295 292 293 323 344 356 53 27 15 101 53 64 72 87 95 99 111 128 149 136 131 140 138 129 108 102 106 111 113 112 117 116 114 107 97 95 91 97 96 90 95 91 94 96 91 84 80 98 90 94 99 103 102 100 97 93 91 90 97 86 82 94 97 98
299 301 302 302 312 313 308 309 311 313 315 317 318 302 301 302 300 301 299 297 302 303 289 306 292 302 297 315 307 298 295 298 289 298 326 348 14 42 20 16 41 55 54 73 33 48 67 89 101 140 140 142 113 144 106 78 102 105 107 109 111 114 120 119 114 107 109 103 104 109 112 108 105 107 107 109 110 112 98 103 97 100 102 103 103 101 99 95 93 93 109 90 78 99 99
284 300 287 312 313 308 308 309 300 313 315 302 303 304 305 304 302 300 299 300 303 302 303 323 298 327 327 318 301 297 295 298 290 297 334 355 17 47 28 45 48 48 43 56 89 67 89 87 98 106 123 122 119 118 108 139 97 104 102 103 104 108 116 106 117 114 116 113 113 116 104 118 114 100 99 99 99 99 98 98 98 99 101 101 102 103 101 100 98 97 97 98 99 101 102
300 290 310 312 306 306 297 297 299 302 298 305 318 317 315 315 316 299 299 301 293 305 305 310 304 328 307 305 300 293 298 295 289 292 339 2 23 22 30 28 36 38 33 46 76 67 85 84 98 107 110 109 108 123 116 139 111 106 107 108 108 112 106 105 104 103 102 101 100 101 102 102 99 98 98 99 104 95 100 101 101 100 114 100 101 102 102 103 102 101 100 101 103 104 104
303 292 304 304 294 295 296 297 300 301 302 315 315 313 295 298 314 298 298 302 320 321 301 296 310 311 303 299 297 290 303 295 291 280 329 1 13 47 28 30 38 48 36 13 36 59 78 85 99 109 112 112 111 110 122 114 106 104 108 108 105 98 100 101 101 102 101 98 97 98 101 102 101 100 100 100 101 101 101 101 102 102 102 102 102 103 103 103 102 103 104 105 106 106 109
301 300 304 292 307 304 304 297 300 303 314 315 313 312 297 298 313 300 317 320 306 297 296 302 298 301 297 296 297 289 296 296 290 281 325 335 312 282 325 46 78 100 51 31 14 34 52 79 99 111 114 113 113 111 109 118 109 96 96 95 92 94 97 99 100 101 101 99 99 100 101 103 105 103 101 101 101 100 100 102 104 105 111 95 104 104 103 103 104 106 107 108 109 109 110
293 305 298 297 309 299 303 294 309 310 310 307 310 313 297 310 312 312 317 298 300 299 297 303 303 299 300 304 298 293 295 291 289 277 312 354 299 275 333 346 46 117 77 50 34 19 41 70 99 115 118 116 114 112 110 106 101 99 98 97 97 98 100 101 101 102 102 103 104 104 104 103 104 103 102 101 101 102 104 106 106 103 106 106 106 107 106 107 108 108 108 108 111 112 113
302 306 295 306 306 308 301 303 309 310 311 299 311 316 306 306 306 295 299 303 297 296 294 318 301 299 304 304 294 292 290 296 295 281 334 345 284 286 360 334 27 109 132 70 51 12 24 43 90 115 120 118 115 112 109 106 103 102 102 102 103 103 102 102 102 101 103 106 106 106 104 102 101 103 104 105 106 107 108 91 106 106 108 108 107 107 107 107 124 125 109 110 112 114 116
305 309 311 309 309 303 300 309 309 311 299 299 309 311 291 301 306 310 314 319 294 293 324 323 302 302 320 301 290 295 296 298 297 286 335 344 310 303 12 282 106 94 126 113 81 44 31 32 64 93 121 119 98 111 108 107 106 105 105 105 105 104 104 103 102 103 104 105 105 104 103 102 104 106 108 109 87 90 94 91 107 107 108 109 109 109 108 109 108 109 111 112 113 115 117
306 311 315 312 312 299 308 310 310 297 298 308 296 308 309 311 310 312 317 323 295 317 325 318 302 319 318 297 290 294 301 297 292 285 301 339 337 316 322 270 265 121 136 143 162 145 121 47 78 85 103 121 116 112 110 109 108 107 106 105 105 105 105 105 104 104 92 103 103 103 104 106 108 110 86 87 100 99 95 94 108 108 108 109 110 110 110 110 110 111 112 113 114 115 117
305 313 316 312 300 306 306 309 294 299 308 308 310 311 314 314 308 314 320 325 306 304 304 299 317 318 302 294 295 301 301 295 289 284 292 321 342 325 295 276 262 278 226 150 167 166 154 152 144 119 121 89 86 116 113 111 109 108 108 106 105 105 106 86 91 103 102 102 104 106 108 109 88 89 99 98 96 93 102 105 101 99 100 99 97 98 98 111 111 112 113 115 115 116 119
304 311 313 309 307 303 305 309 308 308 309 312 315 317 316 314 311 318 324 325 318 298 297 317 319 317 315 299 300 299 296 291 289 286 297 308 329 326 290 280 282 288 264 149 137 154 151 149 150 131 127 123 120 119 115 112 70 79 84 82 81 81 84 86 104 103 103 104 106 109 88 91 99 97 95 93 99 105 108 110 113 112 111 111 111 112 112 109 112 112 113 114 116 118 119
308 311 309 305 304 302 304 307 306 308 312 315 317 315 309 300 316 322 325 323 318 301 303 307 319 317 302 301 300 297 292 290 292 284 305 304 310 317 288 276 269 289 243 226 153 155 148 136 139 135 229 139 117 153 109 108 155 106 121 99 81 78 83 86 82 79 106 82 83 87 88 93 90 91 90 101 107 109 107 108 113 113 111 112 110 109 110 111 112 113 114 114 115 116 118
315 313 307 302 301 300 301 306 309 314 316 314 314 311 305 310 319 325 324 309 302 302 304 301 317 316 303 302 299 296 292 296 294 287 310 304 297 303 287 275 268 299 289 238 228 202 187 162 153 178 273 268 235 150 109 106 192 101 133 135 102 102 85 79 72 82 79 118 129 97 94 94 92 91 97 104 109 111 108 108 113 109 115 114 110 105 105 108 113 114 114 115 117 117 118
322 318 311 307 305 303 306 311 315 316 312 311 313 314 307 315 322 329 321 305 317 314 296 298 305 303 303 300 296 295 295 292 292 295 304 301 295 291 283 280 269 299 37 242 229 224 206 277 256 155 195 281 277 252 131 107 101 152 101 135 101 141 100 122 119 114 120 126 101 130 105 107 119 120 107 105 106 107 100 100 106 113 110 110 110 111 112 113 113 114 115 116 116 118 119
326 322 316 313 314 314 315 315 315 308 306 306 303 307 313 313 321 329 317 306 320 310 293 297 303 313 313 299 295 296 295 291 290 296 302 300 285 286 281 272 270 276 325 290 252 241 222 207 260 235 210 284 285 285 195 346 87 92 94 134 97 97 96 133 124 117 119 119 135 141 113 110 118 123 108 98 86 82 83 89 92 94 97 99 99 101 112 113 114 115 115 115 118 118 122
331 324 316 315 319 321 318 313 309 307 305 303 297 303 309 312 321 324 324 315 321 319 318 322 297 313 313 310 299 298 293 301 300 296 302 297 274 287 285 266 271 273 320 20 303 298 285 279 267 217 239 242 291 149 295 299 317 45 82 91 111 90 137 141 139 125 115 128 115 111 109 105 108 116 118 97 77 84 85 93 97 98 98 94 90 90 114 114 115 115 115 118 118 120 122
337 329 319 315 318 319 316 312 309 306 302 298 295 301 308 313 325 321 322 298 313 311 319 322 296 313 312 309 297 292 295 303 301 293 291 290 276 291 279 273 272 268 319 313 312 309 176 175 151 216 182 256 222 290 186 297 302 323 16 81 74 122 125 89 143 130 130 95 97 107 103 106 111 116 126 140 105 106 107 107 107 108 109 112 113 113 104 102 115 115 117 118 119 121 124
336 330 320 312 313 313 312 312 304 302 299 309 307 311 306 312 326 303 312 313 312 296 320 302 296 323 318 307 291 293 289 298 299 284 281 289 276 283 280 270 272 261 311 306 314 313 308 152 288 188 170 289 289 289 293 160 302 309 327 158 110 122 117 132 127 116 115 93 93 124 99 95 99 101 107 133 139 119 105 105 97 84 82 92 100 106 113 101 115 117 118 119 118 120 120
331 326 317 306 307 302 302 301 301 300 297 299 294 311 305 312 326 327 297 319 308 295 295 295 297 322 316 307 289 294 287 295 304 294 282 280 278 283 281 272 271 274 268 311 312 310 304 297 294 284 272 289 289 290 291 294 170 305 310 239 96 17 50 108 122 114 111 89 90 91 120 103 103 103 101 107 118 105 80 107 108 110 110 111 113 114 114 115 116 117 118 119 119 120 121
330 323 313 304 303 297 298 298 298 297 295 296 297 308 307 315 328 325 296 318 318 294 306 294 312 321 310 299 293 290 291 290 306 298 283 286 279 286 281 278 274 269 270 304 308 307 230 201 295 293 289 289 290 167 292 293 296 300 303 308 219 332 360 37 62 97 101 115 86 88 149 122 113 116 115 113 112 106 95 88 86 89 87 81 85 116 117 119 119 91 120 120 120 122 123
331 322 312 310 302 294 296 303 297 295 295 294 312 294 309 318 331 324 295 317 304 294 317 307 322 319 308 294 292 292 292 297 317 317 284 281 288 287 282 277 271 280 276 266 306 309 302 233 292 287 288 290 274 176 163 294 295 298 301 304 311 173 331 353 27 53 68 84 112 85 89 134 113 110 111 115 118 115 112 107 110 111 113 142 83 88 90 92 106 102 94 95 99 124 124
328 319 313 311 301 294 296 303 296 296 295 295 295 302 311 323 333 323 305 316 317 318 317 308 321 311 305 294 290 293 291 299 306 288 286 284 289 304 276 280 276 276 294 267 308 307 299 245 294 292 291 291 164 195 292 293 294 297 300 302 305 312 158 94 75 19 73 62 74 86 87 122 108 97 100 112 123 123 123 120 109 107 116 141 114 130 125 131 134 120 136 118 113 113 110
321 316 312 311 301 296 296 302 295 295 295 295 296 309 307 322 333 322 315 315 316 317 316 298 320 309 293 290 294 306 290 300 303 291 293 285 305 298 276 281 271 277 294 269 269 304 294 288 284 292 285 291 177 293 188 293 294 296 299 302 303 306 233 147 130 122 105 103 93 93 96 100 104 103 106 115 127 124 128 128 110 105 110 127 142 136 121 120 128 120 119 132 117 113 122
314 313 311 310 299 295 296 295 294 294 293 293 311 289 305 318 331 321 315 315 317 316 316 309 319 308 293 298 306 291 297 302 297 303 293 283 306 298 277 281 274 280 278 267 289 298 301 293 284 276 292 199 187 293 294 167 295 296 299 301 302 304 308 167 127 117 126 128 123 138 148 131 129 93 119 118 127 127 129 135 123 107 108 114 126 139 128 111 114 131 122 122 132 115 124
310 311 310 300 299 299 299 294 293 291 297 292 291 288 305 318 329 321 316 295 317 316 316 318 311 306 295 308 294 296 293 303 291 305 290 294 307 292 278 280 275 285 281 293 289 267 299 307 297 272 293 293 209 294 294 227 184 297 298 300 301 302 305 243 138 92 115 106 99 135 37 63 140 131 97 126 126 134 130 130 128 108 98 103 114 130 133 122 110 112 129 125 125 131 126
310 310 310 299 298 297 298 298 292 300 309 308 309 291 308 320 327 320 297 316 316 316 316 317 308 297 296 295 297 292 291 299 293 295 289 309 308 289 297 280 281 285 283 276 290 287 269 299 298 274 293 294 294 294 295 262 191 296 297 298 300 301 302 304 185 133 132 132 97 119 153 159 148 140 147 157 126 136 141 120 119 108 102 105 113 130 125 124 116 109 128 116 129 130 130
309 309 309 297 297 299 299 298 300 304 313 303 311 311 311 321 325 317 315 316 315 315 315 307 310 300 297 294 293 293 295 292 296 292 298 311 313 290 297 278 296 295 293 290 291 289 270 298 298 276 294 294 295 295 295 265 198 295 296 298 168 301 301 302 231 155 153 146 118 109 135 156 163 149 92 107 114 141 155 131 125 126 116 114 120 127 129 115 118 112 104 131 115 133 134
309 309 308 297 299 311 299 294 301 304 303 295 311 311 313 321 322 316 315 315 314 314 315 312 311 299 296 294 293 295 294 294 293 291 305 313 312 299 283 282 296 297 293 291 288 286 283 273 297 278 275 295 296 295 295 295 208 202 193 298 298 300 300 301 301 164 144 141 109 310 309 310 142 146 74 119 167 167 107 124 142 146 132 123 123 131 131 130 128 131 123 115 135 133 137
309 309 308 298 298 311 298 298 300 301 300 293 291 308 314 321 319 315 315 315 313 314 297 315 320 299 296 294 293 296 298 298 295 289 304 313 312 298 285 282 297 298 294 291 288 287 283 280 256 296 277 296 296 295 294 272 296 213 219 296 297 298 298 299 300 242 99 97 97 303 301 298 296 129 165 179 162 144 105 115 138 153 147 135 126 136 135 137 138 138 138 130 122 137 136
309 309 308 297 298 311 310 298 299 299 297 292 296 307 315 321 317 316 315 315 314 313 310 316 312 298 297 314 293 304 294 292 290 290 304 314 314 299 295 279 296 294 295 292 290 287 284 283 278 296 297 297 297 296 295 295 296 298 268 295 295 297 298 160 299 298 149 83 106 83 98 110 291 286 126 151 228 185 156 120 126 150 142 141 142 141 141 142 143 142 141 142 142 123 138
309 309 308 299 312 311 311 299 298 298 298 299 296 308 316 319 317 316 316 315 314 299 314 317 313 307 317 313 301 296 302 292 291 289 305 308 305 284 285 306 306 305 293 295 295 288 285 300 284 296 297 297 297 297 297 278 292 297 273 266 295 296 296 297 247 298 249 137 128 91 99 139 124 284 278 269 255 232 167 136 124 160 154 151 150 149 147 147 148 147 145 145 146 125 142
309 309 308 297 312 311 311 299 298 296 299 311 296 311 316 317 316 315 315 315 297 302 314 318 313 298 317 313 292 298 302 292 293 292 303 306 301 295 294 306 306 306 292 295 298 291 287 301 273 283 297 298 298 298 283 281 274 257 272 272 226 295 295 296 297 297 296 188 149 169 150 151 202 103 278 97 158 252 234 153 135 178 168 162 158 157 155 153 151 152 150 149 151 151 149
310 309 308 310 311 311 311 298 298 295 300 312 293 313 301 316 316 315 314 298 296 309 315 318 313 320 317 313 292 306 296 295 303 302 301 302 288 309 296 306 305 295 305 294 304 303 303 278 283 282 285 298 299 282 267 281 297 274 274 274 271 232 280 295 295 296 295 245 174 173 153 139 215 211 153 128 143 169 167 153 150 198 184 174 169 166 163 162 159 156 157 154 155 155 155
