examples/cougarCreek-fire/createInputs/WindNinja/wrfout_d3.2015081000.f18/cougarCreekFire_08-10-2015_1800_217m_non_neutral_stability_ang.asc
ncols	146
nrows	140
xllcorner	610065.000000
yllcorner	5095217.000000
cellsize	216.586807
NODATA_value	-9999.000000
[rows 42 to 83 of 140, columns 0 to 93 of 146]
179 180 181 182 185 181 184 180 181 180 178 194 192 192 191 189 189 193 196 193 191 188 179 175 184 182 181 181 181 179 170 155 150 153 146 143 140 140 140 139 138 145 146 145 142 136 142 157 161 166 164 167 167 167 167 168 169 170 170 170 171 170 170 170 168 164 162 161 161 160 159 158 158 157 155 154 155 156 158 162 176 173 148 146 161 160 157 154 154 156 157 157 156 146
180 180 179 180 183 182 183 181 180 178 193 191 188 188 186 187 191 192 193 191 189 181 177 178 186 180 178 174 179 180 173 164 158 151 152 145 144 141 141 141 138 137 135 137 162 160 157 158 144 160 166 167 166 165 167 168 169 171 150 169 171 172 170 169 168 165 164 165 165 164 163 163 163 161 159 157 155 154 155 158 161 164 156 147 162 162 160 157 155 155 156 156 158 153
180 179 178 177 178 182 181 180 179 190 186 182 184 189 187 189 188 188 190 190 187 179 178 182 185 180 174 174 178 177 171 166 165 159 156 148 149 146 144 144 154 148 165 162 159 159 143 147 163 169 169 169 167 166 168 170 172 172 170 169 172 173 170 167 166 164 163 165 165 164 162 161 161 160 158 165 162 158 156 157 159 162 176 147 161 149 161 160 158 156 156 156 157 153
178 177 176 176 180 180 179 179 177 182 179 182 190 191 191 188 182 190 191 190 189 184 181 180 183 179 175 180 180 177 168 166 166 162 158 154 150 149 146 146 148 171 167 161 159 146 142 162 169 171 172 158 168 167 169 172 173 171 167 165 168 170 169 164 160 150 148 148 149 149 149 157 156 154 153 153 153 151 160 158 159 161 176 148 162 161 148 160 159 158 157 157 157 149
175 174 179 175 179 178 184 186 183 176 181 189 190 190 188 186 189 190 189 189 189 180 177 175 176 176 178 183 181 176 168 167 166 163 156 150 151 152 148 147 167 169 165 152 145 148 153 166 165 174 175 173 168 167 169 171 171 168 166 162 160 163 160 150 148 146 147 146 147 153 155 154 152 154 152 154 152 151 165 161 160 160 161 166 146 162 161 160 159 158 157 156 157 159
171 171 173 174 174 178 177 183 183 179 188 190 190 191 192 193 171 185 188 187 186 173 170 173 176 178 184 184 180 177 173 171 168 164 156 146 149 153 152 150 148 146 154 152 153 157 171 175 176 177 176 172 168 168 169 168 167 165 156 148 148 146 146 147 149 149 149 150 153 154 153 151 149 153 153 153 155 155 149 164 161 160 160 162 145 163 162 161 160 159 157 156 156 158
168 175 180 181 179 179 176 185 188 187 190 177 191 192 173 170 188 185 188 187 180 169 169 177 180 186 186 184 178 181 178 176 176 165 151 144 148 155 154 161 161 158 163 158 158 156 173 154 177 176 172 171 165 165 166 158 148 148 159 162 159 152 153 159 159 158 157 155 154 150 148 147 148 148 152 152 150 159 151 166 163 160 159 161 170 147 163 162 161 161 159 157 156 157
172 172 177 172 173 181 185 178 178 189 190 176 174 173 188 189 188 186 181 183 180 170 173 181 182 186 185 184 187 181 179 179 180 168 151 143 145 151 151 157 161 156 160 165 159 174 155 175 175 172 171 161 169 157 148 148 147 149 154 161 168 171 170 159 150 150 150 148 147 147 147 146 146 153 152 151 150 149 147 148 165 161 158 158 161 164 167 141 163 162 136 159 156 156
164 168 170 172 178 172 171 177 177 177 176 174 172 186 185 180 181 177 177 182 179 175 176 176 176 178 170 183 178 180 177 179 179 167 157 145 146 150 150 155 155 153 153 161 168 168 164 166 169 173 167 167 173 174 170 156 166 164 153 155 164 169 174 175 157 148 147 145 145 145 145 145 153 153 153 153 152 153 149 149 168 164 159 156 157 160 163 165 164 145 138 137 160 159
162 165 169 177 171 170 177 177 176 176 174 172 171 186 176 176 177 176 180 182 176 174 176 166 175 178 187 170 174 177 176 179 177 166 157 150 152 154 153 155 152 148 147 151 162 164 167 170 170 171 172 173 172 177 176 142 165 163 164 151 153 164 172 176 174 168 159 150 151 163 166 153 160 160 163 164 163 163 169 156 170 168 163 158 156 156 157 161 163 164 150 142 138 162
168 165 177 168 169 176 176 176 188 175 172 185 178 176 172 173 175 177 180 178 175 177 175 162 177 163 162 167 182 175 175 177 174 165 154 150 153 154 153 152 147 144 144 146 150 159 161 164 164 166 169 172 173 175 176 192 151 165 145 150 150 151 166 171 174 172 174 171 168 169 174 174 170 174 173 172 171 170 169 170 151 169 167 164 161 157 156 156 158 161 163 164 164 163
160 168 167 167 175 176 184 185 186 187 183 171 166 167 168 167 166 179 179 176 179 174 174 167 187 163 183 176 175 172 169 175 175 165 150 148 150 147 142 139 141 141 143 143 146 158 158 163 163 163 164 165 167 172 172 178 160 158 168 167 166 167 173 172 172 174 175 175 175 175 173 173 174 175 174 173 149 147 169 169 168 168 156 167 165 163 160 158 157 157 158 161 162 163
157 168 174 173 177 178 183 185 185 184 171 165 167 169 182 178 168 184 182 176 161 161 173 175 178 176 175 174 174 172 165 177 176 168 155 150 158 153 144 145 149 145 142 142 157 156 156 163 164 164 163 163 164 164 169 169 169 170 171 171 170 175 174 173 173 173 173 175 177 177 174 172 173 174 174 173 172 171 170 168 166 166 167 166 166 165 163 162 160 158 157 158 160 162
153 164 172 175 168 173 177 184 176 173 167 168 170 172 183 180 168 182 163 161 171 174 174 175 180 175 174 176 176 172 167 178 175 169 153 161 165 169 161 155 155 155 146 144 163 158 164 163 163 164 164 164 163 162 162 166 167 172 173 174 176 176 175 174 174 172 172 175 176 175 174 173 172 172 172 172 171 170 169 166 165 165 150 144 166 165 164 164 162 161 160 160 159 159
156 158 170 171 167 178 175 175 165 166 168 171 169 170 182 169 167 165 158 170 172 171 173 176 176 175 178 177 177 169 169 178 176 169 154 148 166 167 157 160 159 161 155 143 145 164 160 163 162 162 164 164 164 163 162 164 169 171 172 173 174 174 174 174 174 175 175 174 174 173 174 174 174 174 172 171 170 169 166 165 164 143 164 164 165 148 165 164 164 163 162 161 161 160
157 159 171 163 166 165 173 163 163 164 165 174 163 164 171 169 168 184 164 164 172 170 174 164 175 176 179 176 175 169 175 181 181 178 144 145 167 161 150 159 158 159 159 154 143 167 166 164 164 163 162 163 165 165 165 167 170 171 172 172 172 172 173 173 174 175 176 174 174 174 174 176 177 175 173 171 169 167 166 142 166 165 163 162 162 163 163 163 156 156 163 163 162 162
160 162 164 164 164 173 166 163 165 166 180 174 163 164 189 173 166 156 157 159 173 173 160 159 176 178 162 177 172 171 180 182 181 180 146 144 160 159 151 161 154 152 156 159 154 145 149 167 166 163 164 163 151 166 167 169 170 170 171 171 172 172 172 172 173 173 174 174 174 175 177 177 176 174 171 170 161 152 148 142 168 167 165 163 162 161 160 144 162 162 162 162 162 161
160 164 167 165 162 172 162 165 167 181 180 163 182 163 161 159 160 156 159 161 175 166 160 165 176 166 161 177 173 178 182 181 177 176 160 148 152 158 158 166 162 155 156 160 164 161 158 167 148 166 164 169 168 168 170 171 170 169 169 170 172 172 172 172 173 173 155 175 175 176 176 174 172 171 165 137 141 140 147 147 168 167 167 166 164 163 162 162 162 161 161 161 161 161
159 164 167 164 174 161 164 167 183 184 165 165 164 162 160 161 177 155 161 162 173 173 174 175 169 165 177 177 180 183 181 178 178 175 165 154 149 157 161 163 164 160 159 157 161 163 163 162 160 166 171 139 164 171 172 173 172 170 170 171 172 172 172 159 155 175 177 177 176 174 172 171 161 156 140 139 147 136 140 142 141 143 143 142 141 140 140 163 163 162 161 161 161 160
160 164 165 162 162 162 165 167 167 166 165 164 163 165 162 161 154 156 158 161 168 174 177 169 168 166 165 181 182 181 177 176 178 173 163 158 153 156 162 162 162 158 159 156 154 159 159 159 160 164 170 171 171 172 173 173 173 168 165 167 168 167 164 159 174 176 177 176 174 173 166 153 140 139 148 136 139 143 150 151 148 151 146 148 149 147 147 145 163 163 161 160 160 160
163 165 164 162 162 164 167 168 166 163 162 166 166 167 182 176 155 158 162 163 169 175 173 177 169 168 182 183 182 180 177 178 180 173 158 160 158 157 163 165 164 159 162 165 156 157 156 156 157 162 169 169 170 165 172 172 176 172 155 143 165 168 166 166 167 171 175 175 171 159 136 137 135 150 134 140 144 145 143 149 146 147 150 147 165 144 145 145 163 163 162 161 160 159
168 167 164 162 162 164 168 167 163 164 164 167 168 181 185 156 155 162 162 167 172 173 171 177 171 170 182 183 183 180 180 182 182 169 156 160 162 159 163 166 164 156 158 166 162 161 162 160 158 162 169 169 170 162 170 170 184 171 161 161 173 173 139 140 145 166 167 155 161 141 138 138 137 136 138 141 145 154 144 142 146 166 148 147 165 141 141 143 163 163 162 161 162 160
172 170 168 166 165 167 167 164 164 165 181 186 180 178 163 157 157 159 165 167 163 167 174 177 178 180 182 183 181 180 180 179 175 166 159 161 165 163 165 168 165 156 149 161 165 161 162 166 166 157 161 169 170 170 170 170 171 173 172 161 172 177 173 160 155 152 156 161 173 164 148 158 155 155 155 142 151 150 137 136 140 145 165 165 164 164 164 146 163 162 162 161 160 160
173 172 170 169 168 168 165 166 166 184 185 184 181 162 158 157 158 162 170 164 162 171 175 174 178 173 171 183 183 183 181 174 172 166 160 163 169 166 168 174 167 158 149 156 162 161 165 164 166 169 162 169 170 170 178 170 171 171 172 157 172 171 172 163 161 153 155 155 168 169 149 147 154 158 158 139 131 144 144 140 136 135 136 137 136 137 163 163 162 162 161 161 161 159
175 174 171 167 173 168 168 180 185 188 185 179 173 162 158 154 162 165 163 166 164 162 161 161 181 174 172 169 185 184 179 167 167 166 162 165 175 165 169 180 169 160 148 147 161 162 165 165 165 177 167 161 170 157 170 170 171 172 172 173 144 171 160 164 164 159 165 159 151 147 145 158 145 151 153 138 151 145 131 134 135 139 137 135 135 134 164 163 162 162 161 162 160 160
179 176 170 174 171 169 182 186 188 186 180 175 171 163 158 160 162 167 162 173 172 172 162 162 180 175 173 169 182 179 171 165 165 169 168 169 178 167 172 183 168 165 147 155 155 149 152 154 149 172 162 161 163 170 170 169 171 172 172 131 173 154 157 173 165 158 160 174 174 144 142 143 146 150 159 170 170 170 169 169 169 168 167 165 165 165 139 138 164 162 161 160 159 159
177 174 168 175 174 175 174 172 178 179 170 164 165 160 160 161 163 176 170 167 172 176 163 171 179 163 161 169 181 173 172 164 164 172 174 172 178 171 174 182 174 181 156 167 155 154 156 147 157 157 155 169 170 170 169 159 170 171 172 166 145 154 161 156 167 162 163 173 173 158 140 137 151 150 142 164 168 152 169 168 137 132 133 131 135 138 164 136 163 162 161 161 158 158
173 171 164 173 171 172 173 174 176 177 169 166 169 160 160 160 164 163 175 162 171 176 174 175 181 164 160 170 178 173 179 167 161 170 175 180 181 173 175 183 187 193 168 155 155 155 157 158 156 157 158 169 169 170 170 169 163 169 172 182 137 173 173 142 153 149 147 172 172 173 155 142 141 154 138 142 151 170 126 169 169 168 167 166 165 164 164 164 163 161 162 161 159 158
172 169 161 172 169 170 171 175 177 177 173 172 167 157 157 160 164 163 176 162 162 175 174 180 178 164 171 185 175 180 188 173 161 168 176 183 179 171 175 186 189 185 178 160 156 155 148 148 156 155 169 169 169 156 171 171 169 168 170 173 178 174 174 173 173 137 140 150 172 172 172 156 149 151 149 147 145 170 134 130 136 129 136 141 143 166 165 165 164 138 163 162 161 159
173 167 159 157 169 169 172 171 176 175 176 176 161 166 159 160 164 163 177 162 166 178 162 177 164 163 173 177 173 184 187 169 164 165 179 181 174 171 177 190 185 174 177 168 155 154 156 144 156 156 156 169 158 156 154 171 171 169 169 172 174 171 175 174 174 174 174 131 147 172 172 161 149 145 145 149 151 147 145 141 168 167 144 172 137 139 138 135 139 137 137 137 134 162
171 164 158 157 170 170 173 172 176 174 177 177 181 177 149 162 164 163 172 162 163 163 162 177 164 176 175 175 179 188 184 166 162 176 187 183 169 166 181 187 180 171 173 190 145 154 159 146 156 169 155 170 148 162 171 171 172 171 170 170 172 174 164 158 153 174 128 174 173 150 172 155 144 137 137 146 158 154 157 151 141 139 145 169 166 160 154 158 161 165 163 146 141 139
165 162 158 158 169 171 173 171 172 172 175 176 179 159 154 163 165 163 162 162 163 163 162 186 164 177 183 182 192 175 178 165 163 182 189 183 165 160 182 189 183 171 173 192 166 155 144 164 164 170 156 171 148 171 157 172 172 172 171 170 171 173 177 159 154 153 159 144 137 137 138 139 141 140 141 149 160 158 160 160 141 137 140 157 169 165 149 147 155 164 164 160 145 140
160 160 158 157 169 172 173 173 170 171 175 176 158 171 160 163 165 163 161 162 163 163 162 179 163 178 183 192 180 183 170 164 169 181 190 181 165 162 183 194 187 170 173 186 176 160 155 162 166 169 171 147 148 172 172 151 174 173 173 172 172 173 174 166 151 150 153 154 155 162 166 158 158 173 152 155 159 159 160 163 155 138 138 142 153 165 156 139 140 155 162 163 156 141
158 158 158 169 168 169 171 172 170 174 175 178 171 169 159 162 164 162 161 175 163 162 163 163 180 178 185 176 184 180 172 166 188 183 186 170 166 170 183 191 187 167 169 175 179 170 173 141 172 171 173 174 155 173 173 166 155 174 174 174 173 173 174 176 155 158 150 159 157 157 173 173 161 162 173 158 157 162 159 158 157 139 131 136 141 155 158 147 137 137 150 161 162 153
158 158 157 168 167 170 172 169 173 177 159 158 158 169 159 162 164 162 183 162 162 162 163 162 179 185 188 186 178 183 178 171 190 190 175 163 166 176 177 188 182 167 168 178 181 181 152 174 173 171 174 175 175 174 174 171 154 176 175 175 175 174 174 175 170 154 154 155 158 152 164 170 168 161 167 169 156 161 163 150 147 138 141 137 140 154 149 148 141 135 162 138 161 162
157 157 157 167 168 172 173 170 174 179 159 179 160 159 159 162 163 162 162 162 162 162 162 178 170 185 188 185 183 188 182 177 189 184 171 164 169 177 179 189 174 170 171 176 182 184 172 175 175 172 175 176 176 176 176 172 154 177 177 176 155 175 175 176 176 159 160 158 149 153 156 165 169 163 173 171 171 160 169 156 152 152 142 140 144 165 152 139 141 137 130 161 136 160
157 157 156 167 169 157 173 173 175 177 176 173 160 160 160 163 163 161 162 162 162 162 162 162 165 185 185 185 185 191 191 175 183 177 169 169 170 175 190 197 169 168 174 176 182 183 179 163 178 172 173 177 177 178 178 177 153 156 156 178 176 175 175 177 177 160 155 155 148 176 175 174 157 159 172 171 171 172 137 150 160 163 155 148 148 165 164 150 148 150 143 136 161 158
157 157 156 166 169 157 172 170 173 174 173 171 171 159 161 163 162 161 162 162 162 162 181 163 165 184 185 187 185 189 188 171 175 180 169 170 171 176 198 194 170 168 171 176 181 179 181 181 159 178 173 178 178 179 179 189 179 153 166 178 178 177 176 177 178 179 146 145 145 176 176 175 174 154 167 173 171 170 136 141 155 165 162 155 147 164 163 164 164 163 162 147 140 159
156 156 156 165 169 157 156 172 173 174 174 174 176 159 162 163 162 162 162 162 162 162 161 164 162 183 187 166 186 178 187 177 177 187 169 172 173 178 193 184 173 175 170 174 177 178 182 192 190 180 179 179 180 181 180 179 180 146 184 179 180 179 178 151 178 178 154 144 147 148 150 151 175 173 151 159 170 169 163 145 147 160 166 166 166 164 163 163 163 163 161 161 161 139
156 156 156 162 156 156 156 174 171 171 172 176 178 159 162 162 162 162 162 161 162 173 163 165 165 175 167 167 177 174 182 185 186 184 171 168 172 189 196 174 175 176 176 170 170 179 184 180 197 182 181 181 182 181 179 172 148 182 189 178 181 181 180 179 171 178 180 150 149 151 140 152 152 174 172 171 169 168 165 152 145 166 165 166 165 165 163 162 162 162 161 160 161 140
156 156 155 164 156 156 156 174 168 167 171 158 176 159 162 162 161 161 161 161 183 163 164 166 166 182 167 167 179 170 182 192 186 176 173 169 176 193 183 175 176 177 180 172 167 175 185 181 204 174 183 183 183 181 173 175 182 154 182 189 164 182 182 181 179 178 179 161 152 158 153 154 171 146 173 141 158 168 168 157 150 167 165 164 165 165 164 162 161 161 161 160 161 161
156 156 155 155 155 155 155 175 166 167 176 158 173 160 173 161 161 161 161 181 178 159 165 166 165 168 168 168 181 169 192 192 174 175 177 175 191 175 178 177 177 177 178 175 181 181 181 205 194 181 172 185 183 183 163 176 184 179 177 190 184 166 149 182 181 180 179 175 155 156 151 149 172 173 153 148 151 161 161 154 154 167 165 164 164 164 164 163 162 160 161 160 161 160
