examples/cougarCreek-fire/createInputs/WindNinja/wrfout_d3.2015081000.f18/cougarCreekFire_08-10-2015_1800_217m_non_neutral_stability_vel.asc
ncols	146
nrows	140
xllcorner	610065.000000
yllcorner	5095217.000000
cellsize	216.586807
NODATA_value	-9999.000000
[rows 0 to 35 of 140, columns 0 to 80 of 146]
14.23 14.46 14.63 14.28 14.03 14.23 14.47 14.64 14.67 16.66 14.42 14.43 14.09 13.73 13.61 13.48 13.20 13.05 12.97 12.86 12.77 13.99 11.89 10.95 10.18 9.80 9.63 9.43 9.17 8.87 8.59 8.33 8.11 7.72 7.24 6.75 6.27 2.12 3.33 4.77 2.41 1.62 3.41 1.09 1.16 0.91 1.63 1.20 0.77 0.32 0.42 1.19 1.98 2.77 3.57 4.38 5.12 5.84 6.69 7.60 8.45 9.30 10.19 11.10 11.98 12.63 13.22 14.06 14.97 15.56 15.44 14.97 14.50 14.29 14.56 15.00 14.80 14.39 14.37 14.39 14.58
14.23 14.46 14.63 14.28 14.03 14.23 14.47 14.64 14.67 16.66 14.42 14.43 14.09 13.73 13.61 13.48 13.20 13.05 12.97 12.86 12.77 13.99 11.89 10.95 10.18 9.80 9.63 9.43 9.17 8.87 8.59 8.33 8.11 7.72 7.24 6.75 6.27 2.12 3.33 4.77 2.41 1.62 3.41 1.09 1.16 0.91 1.63 1.20 0.77 0.32 0.42 1.19 1.98 2.77 3.57 4.38 5.12 5.84 6.69 7.60 8.45 9.30 10.19 11.10 11.98 12.63 13.22 14.06 14.97 15.56 15.44 14.97 14.50 14.29 14.56 15.00 14.80 14.39 14.37 14.39 14.58
14.04 14.19 14.52 14.41 14.08 14.13 14.27 14.48 14.67 14.67 14.55 14.50 14.09 13.65 13.42 13.29 13.03 12.79 12.59 12.36 12.23 13.45 11.95 11.15 10.30 9.79 9.53 9.34 9.10 8.76 8.41 8.10 7.90 7.59 7.12 6.63 6.16 5.66 5.11 4.62 4.20 3.73 3.25 2.83 2.39 1.93 1.46 1.03 0.61 0.25 0.61 1.38 2.13 2.89 3.68 4.44 5.15 5.91 6.76 7.60 8.41 9.27 10.14 11.02 11.78 12.35 13.11 14.05 14.85 15.18 14.75 14.32 14.19 14.35 14.80 15.04 14.71 14.50 14.56 14.62 14.88
14.01 14.03 14.46 14.64 14.29 14.19 14.19 14.36 14.70 14.94 14.94 14.90 14.31 13.61 13.20 12.95 12.67 12.40 12.10 11.75 11.60 12.88 12.00 11.41 10.51 9.79 9.35 9.14 8.91 8.49 8.10 7.71 7.54 7.35 6.90 6.40 5.93 5.45 4.90 4.36 3.90 3.44 2.97 2.51 2.07 1.62 1.14 0.68 0.24 0.20 0.63 1.28 2.00 2.72 3.47 4.18 4.85 5.68 6.54 7.37 8.21 9.06 9.93 10.75 11.35 12.04 13.09 14.02 14.47 14.34 13.77 13.75 14.15 14.73 15.22 15.19 14.71 14.49 14.63 14.88 15.21
14.27 14.26 14.60 14.80 14.52 14.33 14.26 15.17 15.64 15.66 15.13 15.31 14.84 13.94 13.25 12.86 12.50 12.32 12.08 11.66 12.21 12.70 12.62 11.66 10.84 9.98 9.34 9.04 8.79 8.33 7.96 7.54 7.34 7.23 6.80 6.28 5.78 5.31 4.79 4.24 3.72 3.25 2.80 2.32 1.87 1.42 0.95 0.49 0.13 0.42 0.84 1.46 2.15 5.14 3.54 4.21 4.92 5.79 6.66 7.53 8.35 9.10 9.93 10.58 11.19 12.16 13.13 13.67 13.76 13.60 13.62 14.15 14.76 15.26 15.42 15.10 14.48 14.27 14.71 15.16 15.42
14.28 14.29 14.61 14.92 14.75 14.49 14.35 14.38 14.44 15.11 15.55 15.33 15.14 14.46 13.50 12.86 12.36 12.15 12.33 11.77 12.04 12.53 12.77 11.81 11.22 10.27 9.48 9.12 8.83 8.36 7.94 7.50 7.31 7.17 6.76 6.28 5.76 5.28 4.79 4.25 3.70 3.22 2.77 2.29 1.85 1.44 1.02 0.69 0.58 3.05 3.72 3.95 2.50 3.16 3.84 4.56 5.35 6.23 7.09 7.89 8.60 9.30 10.01 10.56 11.39 12.33 14.28 13.10 13.14 13.51 14.09 14.69 15.07 15.19 14.91 14.37 13.94 14.25 14.98 15.30 15.46
14.32 14.20 14.32 14.73 14.85 14.73 14.57 15.04 15.14 14.81 15.34 15.68 14.69 14.80 14.03 13.16 12.46 12.07 12.54 12.55 12.13 12.17 12.27 12.04 11.07 9.73 9.80 8.90 8.46 7.54 7.98 7.58 7.41 7.19 6.78 6.35 5.83 5.32 4.86 3.17 2.67 3.31 1.22 2.40 1.99 0.40 1.34 2.29 3.13 3.45 7.71 2.25 4.93 3.58 4.30 5.06 5.87 6.71 7.50 8.18 8.85 11.10 12.00 10.85 11.77 13.48 12.69 12.94 13.34 14.18 14.70 14.85 14.76 14.50 14.22 14.12 14.22 14.68 15.10 15.24 15.45
14.61 14.41 14.26 14.53 14.82 14.82 14.61 14.97 15.56 15.58 15.46 15.70 14.98 13.63 12.77 13.58 12.86 11.44 11.83 12.47 12.22 12.00 12.07 12.19 11.52 10.20 9.34 8.88 8.55 7.76 8.14 7.25 6.95 7.29 6.89 6.50 5.98 5.45 4.13 3.52 2.89 2.12 1.45 0.96 0.60 1.67 2.63 3.05 3.45 7.65 4.18 4.04 3.43 4.10 4.83 5.58 6.37 7.16 7.85 8.49 10.29 11.19 10.36 11.26 11.94 13.77 12.68 13.07 13.78 14.55 14.60 14.36 14.18 14.24 14.46 14.59 14.58 14.80 15.11 15.34 15.53
14.83 14.73 14.59 14.70 14.96 14.48 14.98 14.22 14.69 15.06 15.02 15.31 15.20 14.11 12.98 13.74 11.76 11.55 11.77 12.67 12.41 12.08 14.81 14.79 11.98 10.80 9.78 9.09 8.62 7.89 7.28 7.26 6.76 7.41 7.07 6.42 5.51 4.88 4.49 3.98 3.21 2.51 2.01 1.51 1.33 1.83 2.34 2.70 2.90 3.21 3.51 4.56 5.74 5.64 6.06 6.09 6.88 7.59 9.37 8.75 9.97 10.06 10.92 11.64 13.11 13.76 14.11 13.71 14.05 14.46 14.24 14.09 14.33 14.75 14.85 14.57 14.40 14.83 15.36 15.57 15.56
14.92 14.71 14.56 14.69 14.89 15.68 15.39 14.84 14.69 14.65 14.71 14.95 16.10 14.55 13.31 12.52 11.88 11.35 11.67 14.58 14.89 12.03 12.08 12.43 13.93 11.52 10.33 9.56 8.94 8.62 7.62 7.37 7.02 6.74 6.83 6.60 5.86 5.31 4.87 4.30 3.44 2.88 2.47 2.26 2.36 2.42 2.28 2.41 3.02 3.51 4.51 5.34 6.51 5.84 5.83 6.61 7.34 7.93 9.06 9.04 9.77 10.65 11.40 12.85 13.20 13.13 13.40 13.54 14.24 14.49 14.38 14.55 14.89 15.00 14.74 14.44 14.72 15.48 15.86 15.79 15.62
13.23 14.87 14.50 14.53 14.68 14.91 15.98 15.75 15.41 15.17 14.98 14.87 14.71 15.38 13.74 13.24 12.52 12.95 11.70 12.10 14.76 13.24 11.84 12.13 15.22 9.37 6.23 5.64 9.49 8.98 8.02 7.79 7.48 7.01 7.04 6.91 6.44 5.94 5.38 4.71 3.99 3.34 3.04 4.88 5.92 5.42 3.05 3.24 3.79 8.07 8.87 8.92 5.14 5.68 6.46 7.20 7.81 8.04 8.88 9.57 10.42 10.27 12.70 13.31 12.77 13.12 14.24 14.54 14.53 14.74 14.75 14.96 15.08 15.03 14.87 14.91 15.49 16.11 16.08 15.79 15.62
15.38 15.29 13.46 13.80 14.24 15.00 15.10 16.08 15.81 15.72 15.47 15.12 14.58 14.57 14.10 13.75 14.13 12.21 12.42 12.21 14.19 13.02 12.92 11.87 12.43 11.52 6.14 6.12 6.65 9.44 8.43 8.15 7.75 7.39 7.27 7.10 6.84 6.49 5.90 5.32 4.66 1.85 3.17 4.41 6.01 6.32 3.68 3.78 7.26 8.67 8.52 5.31 5.64 6.41 5.88 7.40 7.93 8.43 8.66 10.24 11.02 12.26 13.17 13.24 13.62 13.35 13.77 14.19 14.63 14.85 14.85 14.96 15.10 15.16 15.11 15.34 15.99 16.26 15.95 15.69 15.60
15.29 15.47 15.63 14.33 14.36 14.73 15.06 16.27 16.55 16.27 16.40 15.76 14.56 14.60 14.12 13.73 12.93 12.34 12.84 12.51 13.51 12.79 12.09 14.45 12.06 14.81 6.35 6.77 6.60 4.59 9.14 8.70 8.30 7.98 7.76 7.50 7.22 6.98 6.69 6.31 1.03 2.84 4.18 5.17 6.49 5.68 3.88 6.04 7.46 5.05 5.08 5.17 6.37 7.14 7.09 8.31 8.66 9.31 9.71 9.36 12.40 13.43 13.55 12.47 12.95 13.36 13.70 14.10 14.51 14.76 14.87 15.19 15.44 15.41 15.43 15.88 16.38 16.31 15.93 15.76 15.69
15.04 15.26 15.55 15.64 15.56 15.30 15.15 15.14 16.77 16.94 16.79 17.38 16.71 14.82 14.95 14.06 13.07 12.18 12.20 12.50 13.09 13.07 11.46 12.48 14.83 13.96 6.78 6.72 5.58 4.79 4.28 9.29 5.90 5.82 6.44 6.32 4.60 4.10 5.65 5.23 1.39 5.64 6.26 6.56 5.94 4.43 4.48 6.49 7.28 5.22 5.23 5.45 5.77 6.30 8.06 8.99 9.90 10.89 11.32 12.36 13.77 14.08 12.14 12.56 12.94 13.26 13.63 14.05 14.50 14.90 15.25 15.69 15.80 15.76 16.00 16.35 16.45 16.18 15.88 15.80 15.75
14.86 15.07 15.29 15.44 15.55 15.50 15.30 15.02 15.02 16.68 17.18 16.95 16.54 18.17 16.36 13.47 11.27 10.23 10.69 11.14 10.65 11.21 9.99 9.58 12.54 12.73 7.75 6.66 5.46 4.80 4.55 9.76 7.08 6.34 6.74 6.61 4.57 4.10 6.52 7.48 7.50 7.93 6.46 5.97 4.48 4.09 5.85 8.32 9.55 8.26 5.63 6.17 6.75 7.29 8.47 8.98 11.56 11.40 11.77 12.40 11.55 11.84 12.19 12.62 13.69 12.84 13.09 13.43 14.97 15.55 14.25 16.03 15.96 16.06 16.29 16.37 16.21 15.96 15.81 15.80 15.81
14.95 15.18 15.33 15.33 15.47 15.59 15.30 15.02 15.21 15.99 16.62 16.71 17.80 17.88 18.53 17.04 12.87 11.50 12.16 12.40 11.13 11.15 10.05 8.09 10.48 11.88 8.61 6.66 5.62 5.04 4.62 6.50 6.54 6.09 6.77 5.80 5.41 5.22 5.05 3.53 7.18 7.45 6.98 6.62 5.52 6.71 9.19 10.35 10.15 7.30 6.09 7.14 8.94 9.33 8.86 9.72 12.89 11.45 12.33 11.78 12.45 12.59 12.01 12.10 12.11 12.65 14.13 15.01 15.70 16.28 16.26 16.08 15.99 16.07 16.20 16.24 16.12 15.96 15.86 15.82 15.78
14.93 15.20 15.42 15.33 15.34 15.62 15.78 15.49 15.10 15.21 15.81 16.41 15.89 15.34 17.98 20.72 20.52 14.43 14.86 14.78 12.65 12.38 10.76 12.97 8.84 10.69 8.35 6.38 5.11 5.38 5.29 7.21 5.97 5.63 5.89 5.37 5.93 6.05 4.53 2.01 4.89 6.95 8.14 8.47 8.41 9.73 10.43 10.25 8.60 6.67 6.99 10.13 11.85 11.68 10.50 11.56 11.90 12.25 11.52 11.95 12.18 11.59 11.65 12.36 12.54 14.21 14.98 14.17 16.20 16.42 16.04 15.84 15.87 15.98 16.06 16.08 16.04 16.01 15.96 15.89 15.80
14.77 14.93 15.19 15.26 15.12 15.20 16.26 15.78 15.13 14.69 15.31 16.16 17.41 15.33 18.46 19.82 20.24 19.45 17.85 17.68 16.13 15.66 11.94 7.38 7.58 9.39 6.90 5.22 5.05 5.54 5.86 6.14 5.99 6.22 5.34 5.68 6.80 6.04 3.78 3.43 5.76 7.34 8.00 8.53 9.50 10.22 10.43 9.73 8.14 8.03 10.77 12.72 13.07 11.25 11.94 11.76 11.52 10.57 11.87 11.65 11.28 11.64 12.53 13.48 14.21 14.84 15.23 17.57 18.40 15.98 15.68 15.78 15.94 16.01 16.03 16.02 16.00 16.03 16.05 16.00 15.89
14.79 14.76 14.84 15.08 15.06 14.96 15.18 15.49 14.33 13.64 14.96 15.57 18.89 18.54 16.78 16.34 16.75 16.91 16.39 16.89 16.05 14.98 15.37 9.84 8.81 8.45 6.12 5.32 5.18 5.22 5.22 4.98 5.84 5.42 5.70 6.19 7.44 6.34 3.68 3.88 5.80 7.57 9.04 10.18 9.91 9.63 10.33 10.04 8.47 10.34 12.05 13.09 11.80 9.15 11.67 12.32 9.98 10.44 12.38 11.06 11.17 12.44 13.65 14.03 14.42 16.29 17.36 18.63 15.70 15.73 15.80 16.07 16.20 16.20 16.29 16.31 16.15 15.99 15.89 15.82 15.79
14.93 14.76 14.74 15.04 15.18 15.14 15.22 15.55 14.63 13.87 15.25 16.40 18.11 17.72 15.29 13.43 13.36 14.62 14.29 15.22 14.72 12.49 15.25 13.67 10.75 8.10 5.93 5.57 5.42 5.26 5.05 4.91 5.24 11.25 11.23 6.87 7.41 7.57 4.33 5.08 7.05 9.06 10.96 11.79 11.48 11.14 11.35 11.52 12.52 13.46 12.62 11.29 7.78 9.73 12.09 9.44 9.00 10.90 11.25 11.03 11.75 13.30 13.43 13.33 14.69 14.85 15.16 15.47 15.74 16.00 16.18 16.34 16.34 16.43 16.58 16.46 16.20 16.03 15.93 15.83 15.79
15.18 14.99 14.89 14.82 14.74 14.88 15.20 15.48 15.29 14.05 15.39 16.06 13.38 16.67 17.80 15.86 13.49 13.65 12.81 13.92 13.58 10.73 15.08 15.14 14.11 8.32 5.98 5.61 5.42 5.37 5.19 5.23 11.41 11.46 11.55 7.22 5.93 9.43 4.61 8.27 10.59 12.71 13.16 12.99 12.75 13.04 13.12 13.77 10.55 13.37 12.23 10.21 8.86 12.79 8.96 9.92 11.22 11.43 12.34 11.36 11.44 13.42 13.21 13.22 14.86 15.18 15.45 15.74 16.04 16.23 16.26 16.35 16.43 16.57 16.59 16.32 16.11 16.17 16.23 16.14 15.99
15.15 15.25 15.30 14.96 14.82 15.17 15.47 15.68 15.54 13.82 15.38 15.81 12.00 12.53 17.60 15.92 19.25 17.82 15.50 15.17 15.16 11.41 13.45 13.34 11.97 8.76 6.08 5.87 5.85 5.81 5.60 6.58 11.73 11.65 11.76 10.32 5.21 9.29 4.44 11.62 14.93 13.84 15.32 14.63 13.35 12.53 12.94 14.24 13.50 9.71 10.63 8.98 10.72 9.16 10.04 8.40 11.18 13.47 13.39 10.77 12.17 13.80 13.25 15.08 15.59 15.99 16.20 16.70 15.93 16.06 16.17 16.46 16.61 16.64 16.48 16.19 16.14 16.23 16.20 16.09 15.97
14.59 14.90 15.26 15.54 15.59 15.71 15.87 15.84 15.71 14.56 15.33 16.55 13.93 9.88 15.09 14.45 18.75 15.00 17.87 15.30 14.49 13.16 13.39 14.18 13.56 9.59 6.57 6.10 6.18 6.74 5.94 9.74 11.69 5.78 11.52 11.67 6.35 7.30 5.50 13.28 14.21 14.60 13.99 14.33 13.70 13.99 14.38 13.60 10.73 8.75 8.84 7.36 8.20 10.53 11.39 11.01 11.52 12.77 12.51 11.21 14.06 14.70 14.69 15.62 15.92 15.74 15.52 15.70 15.91 16.24 16.61 16.80 16.66 16.49 16.32 16.26 16.40 16.45 16.25 15.97 15.79
14.31 14.57 14.88 15.18 15.46 15.55 15.83 15.70 15.82 14.27 14.32 16.69 16.20 11.17 12.86 14.67 15.40 15.56 15.47 13.37 11.79 11.55 11.88 14.87 15.86 12.57 6.22 5.74 5.92 5.99 5.16 6.14 12.06 12.09 12.02 9.37 6.49 6.15 6.04 13.62 15.87 14.27 13.99 14.68 14.46 14.39 13.66 12.40 9.95 9.80 7.69 12.57 8.17 8.44 9.46 12.08 11.60 12.98 13.89 14.48 16.42 15.10 14.48 14.95 14.22 15.10 15.24 15.56 16.55 16.97 17.09 16.88 16.62 16.54 16.49 16.47 16.53 16.50 16.34 16.13 15.96
14.16 14.42 14.67 14.79 14.95 15.17 15.74 15.78 15.90 14.92 13.25 15.56 16.32 12.79 12.09 14.47 15.14 15.32 15.59 15.63 13.82 11.38 10.11 12.18 13.69 12.61 5.64 5.46 5.28 5.77 6.54 7.96 11.73 13.17 6.23 6.88 6.59 6.19 8.67 15.62 15.89 14.82 15.66 13.35 15.87 14.01 13.64 13.88 12.71 11.33 7.62 12.69 9.60 10.54 12.22 14.35 15.45 16.56 16.52 16.14 16.52 15.19 12.71 12.74 15.88 15.83 15.57 16.32 17.35 17.50 17.29 16.97 16.83 16.81 16.72 16.62 16.58 16.41 16.22 16.14 16.09
13.98 14.30 14.66 14.83 14.88 14.95 15.63 15.92 16.13 16.22 13.76 15.05 16.72 16.14 12.40 13.18 14.57 15.16 15.39 16.00 15.53 12.24 10.81 11.61 12.34 11.55 6.21 5.84 6.16 7.35 8.64 13.28 12.61 9.49 13.01 10.43 6.36 7.48 13.97 15.76 14.74 15.34 15.38 15.16 15.46 14.23 17.35 13.97 13.38 10.66 14.07 8.46 11.65 11.17 13.56 16.49 17.82 15.25 16.91 16.19 16.37 15.33 13.30 17.53 17.10 16.41 16.86 17.93 18.76 19.20 19.01 17.11 17.01 16.89 16.82 16.85 16.76 16.44 16.12 15.93 15.80
13.81 14.10 14.52 14.91 15.44 15.32 15.74 16.22 18.24 17.87 15.44 16.00 16.27 16.55 14.83 12.83 14.34 14.74 14.37 14.83 14.53 11.96 11.67 13.19 14.00 13.00 7.19 6.11 6.51 6.32 10.60 11.04 9.82 8.09 6.87 7.44 8.35 10.82 14.94 15.67 14.45 13.39 14.02 14.33 14.62 14.96 14.56 13.94 12.47 10.38 14.25 9.35 11.34 10.99 12.49 15.26 17.31 17.48 16.35 15.98 16.06 15.88 16.07 17.17 18.14 19.38 19.01 19.06 18.98 18.97 18.85 16.93 16.90 16.87 16.85 16.73 16.44 16.15 15.98 15.82 15.66
13.58 13.71 13.97 14.44 15.69 15.72 15.40 15.48 18.86 19.25 16.82 15.48 14.71 16.36 17.76 16.21 15.92 15.18 13.92 14.27 13.70 11.64 11.62 14.64 16.27 15.77 11.09 7.94 7.53 7.72 10.54 10.08 9.27 8.98 9.73 10.16 12.12 15.89 16.51 15.48 14.60 13.78 14.33 15.70 16.33 16.02 15.45 15.85 15.19 10.14 15.14 10.17 12.09 10.16 12.51 16.89 17.85 16.72 16.51 17.29 17.89 18.55 20.40 22.40 23.49 23.56 22.37 19.07 18.17 17.54 17.36 16.97 16.84 16.74 16.58 16.29 16.04 15.94 15.86 15.77 15.69
13.67 13.68 13.73 13.99 14.43 15.54 15.49 15.02 14.80 17.25 16.40 14.75 13.22 15.73 17.81 17.04 15.99 15.37 14.07 14.34 13.86 12.09 11.44 14.12 15.91 16.88 16.14 11.41 10.66 10.19 10.87 10.22 10.92 12.51 13.54 15.01 18.55 18.84 16.75 16.73 17.14 16.95 17.99 19.46 20.04 17.83 17.74 17.34 13.98 16.02 16.65 11.66 12.62 11.36 16.57 19.75 19.20 18.68 19.90 21.44 22.00 21.64 21.78 22.15 22.43 22.80 22.74 19.87 19.29 18.65 18.19 17.12 16.72 16.44 16.23 16.07 16.00 15.93 15.81 15.73 15.70
13.76 13.72 13.62 13.65 13.93 15.00 15.58 16.78 14.74 15.54 15.65 14.80 12.97 10.71 14.66 16.08 15.10 14.34 13.45 13.53 13.21 11.62 11.09 10.95 11.76 11.84 13.61 12.21 9.84 10.67 10.93 11.72 13.33 15.18 15.73 17.30 19.26 18.08 17.61 19.29 19.83 21.19 20.65 19.26 18.83 18.63 18.28 15.93 17.18 17.66 18.24 12.47 13.62 14.47 21.49 21.52 20.88 20.56 20.57 20.62 20.76 20.81 21.24 21.55 21.32 19.08 18.87 18.77 18.86 18.89 18.32 16.80 16.66 16.60 16.50 16.35 16.21 16.02 15.87 15.83 15.82
13.78 13.73 13.68 13.72 13.78 14.41 15.07 15.76 17.55 17.20 17.47 15.89 14.97 12.39 12.77 15.67 14.62 13.18 12.19 11.49 10.72 9.30 9.86 8.34 7.91 8.45 8.15 9.77 7.93 11.44 13.06 15.85 17.95 18.03 19.22 20.72 18.80 15.38 20.22 20.91 20.48 21.28 19.98 19.86 19.94 20.00 18.22 13.52 19.84 20.01 19.97 13.98 16.21 20.84 21.37 18.79 17.30 18.30 19.52 20.06 20.67 21.70 21.95 21.58 20.71 18.24 17.72 17.61 17.53 17.12 16.46 17.46 17.46 17.34 17.16 16.96 16.73 16.48 16.26 16.09 15.95
13.82 13.63 13.52 13.77 13.87 14.07 14.25 14.80 17.26 17.35 17.89 18.44 17.50 16.32 13.30 15.83 16.60 15.85 15.32 14.06 11.41 9.25 8.84 7.47 6.38 8.49 8.51 11.12 9.65 13.35 15.76 20.27 21.71 21.63 21.54 18.91 15.93 15.78 20.32 19.72 20.54 21.22 19.70 19.90 20.34 20.79 21.47 16.51 22.63 22.03 20.96 20.19 17.21 18.43 15.51 14.45 16.99 19.01 20.00 20.35 21.20 21.96 21.97 20.93 20.35 20.42 19.42 19.57 19.49 19.17 19.06 19.66 19.87 19.47 16.86 16.70 16.72 16.72 16.60 16.37 16.13
14.04 13.78 13.23 13.14 13.35 13.32 13.70 14.41 16.60 16.83 16.66 16.26 15.06 14.18 13.58 15.46 17.33 18.55 19.32 19.32 17.19 14.71 12.82 10.29 8.55 8.63 12.06 15.31 13.36 14.48 17.34 21.32 22.60 22.87 21.40 19.03 18.36 20.91 21.22 20.73 20.53 20.94 19.06 19.44 20.03 20.73 21.37 28.80 22.39 22.88 22.85 22.29 15.72 17.22 16.44 18.21 22.05 22.88 22.28 21.22 20.59 20.44 20.99 21.88 22.74 17.95 23.52 17.58 23.84 24.26 16.64 21.71 19.47 16.25 16.41 16.56 16.58 19.96 21.12 16.18 16.13
14.46 14.78 13.38 13.76 12.91 13.45 13.85 14.14 15.40 16.25 15.31 14.26 13.05 13.41 13.93 14.93 16.70 18.49 20.73 21.83 22.64 22.54 22.49 20.80 16.59 14.69 15.95 17.50 16.04 13.39 19.06 23.90 23.44 22.74 22.60 22.82 23.67 24.76 24.15 23.66 22.81 20.53 18.75 19.05 25.62 26.56 26.74 26.95 20.53 21.95 23.63 27.77 30.15 25.83 23.82 25.65 25.38 24.33 23.80 20.26 22.89 21.87 21.94 17.59 17.21 21.38 16.62 20.73 20.03 17.32 15.68 15.16 16.15 16.76 17.09 16.99 16.52 16.03 20.02 15.72 15.67
13.98 14.55 15.19 14.03 14.01 14.27 14.56 14.19 14.42 14.66 15.69 16.50 15.91 14.55 13.62 14.63 15.82 16.18 16.34 15.93 17.83 23.24 28.05 30.08 27.12 23.67 20.87 17.91 14.93 14.59 25.96 25.91 24.20 23.31 22.53 22.44 23.16 23.23 23.67 23.74 23.38 23.56 23.92 23.96 24.00 24.68 24.83 24.89 18.72 19.22 20.07 21.53 26.93 30.40 31.17 29.98 26.83 24.94 24.59 24.17 24.00 22.10 18.33 19.49 19.15 19.15 17.23 15.96 13.97 15.73 16.20 16.78 16.38 18.65 20.07 19.84 18.93 15.80 15.68 15.55 15.36
13.37 13.67 14.31 14.86 14.43 14.24 14.79 15.47 16.24 16.38 17.49 19.00 19.94 18.56 15.60 14.44 14.11 13.52 13.12 15.26 19.68 24.47 27.88 31.94 35.00 36.49 27.00 18.84 14.45 19.11 28.11 28.24 24.24 22.24 21.28 20.73 19.91 18.17 16.56 16.42 16.15 17.27 18.66 17.16 17.59 17.57 22.98 23.42 24.00 17.90 17.64 17.34 18.63 24.85 25.67 27.04 26.90 25.86 24.82 23.65 21.76 21.54 20.17 19.05 18.40 17.23 16.25 17.33 17.89 18.21 18.10 17.02 18.22 18.88 18.91 18.62 15.55 15.60 15.56 15.39 15.21
