examples/cougarCreek-fire/createInputs/WindNinja/wrfout_d3.2015081000.f18/cougarCreekFire_08-10-2015_1800_217m_non_neutral_stability_ang.asc
ncols	146
nrows	140
xllcorner	610065.000000
yllcorner	5095217.000000
cellsize	216.586807
NODATA_value	-9999.000000
[rows 0 to 41 of 140, columns 0 to 93 of 146]
216 216 218 220 220 220 220 220 222 229 223 224 225 225 225 225 226 225 225 225 225 233 234 238 241 242 244 246 249 251 252 250 249 249 250 251 252 157 245 253 229 230 253 187 181 143 252 251 249 244 159 149 147 146 145 145 145 145 144 144 145 145 145 145 146 146 145 144 145 145 145 145 143 141 140 141 142 141 139 139 139 140 141 128 127 129 142 128 127 129 139 127 125 139
216 216 218 220 220 220 220 220 222 229 223 224 225 225 225 225 226 225 225 225 225 233 234 238 241 242 244 246 249 251 252 250 249 249 250 251 252 157 245 253 229 230 253 187 181 143 252 251 249 244 159 149 147 146 145 145 145 145 144 144 145 145 145 145 146 146 145 144 145 145 145 145 143 141 140 141 142 141 139 139 139 140 141 128 127 129 142 128 127 129 139 127 125 139
216 217 219 220 220 220 220 220 222 223 223 224 224 224 224 225 225 225 226 226 227 236 234 237 239 241 243 245 247 248 250 249 249 249 249 250 250 251 251 251 251 250 250 249 248 247 245 241 232 191 142 143 143 143 143 143 144 144 143 143 144 144 144 144 145 145 145 144 144 145 145 144 143 141 140 141 143 143 141 140 140 140 141 142 142 142 142 142 140 141 141 138 138 139
216 217 219 220 219 219 220 220 221 222 222 223 223 223 224 225 225 225 226 227 229 239 235 237 238 240 242 244 246 248 250 250 251 251 252 252 252 252 253 253 253 253 253 253 253 253 252 253 254 70 104 126 132 135 137 138 139 140 140 140 141 141 142 142 143 144 144 144 144 145 145 144 143 142 141 142 144 144 142 141 141 141 141 142 142 143 144 144 144 145 145 143 142 142
216 216 218 219 219 219 219 229 229 229 221 221 222 223 223 224 224 224 226 227 236 238 241 236 237 239 241 243 245 247 249 249 250 251 251 251 251 251 251 251 251 250 250 249 249 247 245 237 174 88 103 121 129 105 134 136 137 138 138 139 140 141 141 141 142 143 143 144 144 145 145 144 144 143 143 143 145 145 143 142 141 141 142 142 143 144 144 145 145 147 147 147 132 131
215 216 217 219 219 219 219 219 220 229 229 228 222 222 222 223 223 224 233 226 236 237 239 235 236 238 239 240 243 244 246 246 247 248 248 247 247 246 245 245 243 242 241 238 234 228 217 195 154 82 86 92 132 134 136 137 138 139 139 139 140 141 141 141 142 142 129 143 145 145 145 145 144 143 143 143 144 144 143 143 142 142 142 143 143 144 144 144 145 146 146 147 147 123
216 216 217 218 219 218 218 228 228 228 229 228 228 222 222 222 222 223 232 233 235 236 238 239 239 238 236 243 245 246 242 242 243 244 243 242 241 240 239 250 252 234 244 226 219 88 95 95 107 104 92 132 102 137 138 139 140 140 140 140 140 124 125 142 142 128 143 144 146 146 145 145 144 143 143 144 145 144 143 143 142 142 143 143 144 144 144 145 146 146 147 147 147 131
217 217 217 218 218 218 218 228 227 228 228 228 229 227 225 221 221 229 231 232 233 234 235 237 237 236 237 240 242 239 238 247 246 239 238 237 236 235 244 243 241 235 227 220 170 119 115 116 111 90 96 99 139 140 140 141 141 141 141 141 122 124 142 142 142 129 144 145 146 146 145 145 144 144 144 145 145 144 143 143 142 143 143 143 144 144 145 146 146 146 147 147 147 149
217 216 216 216 217 228 218 227 229 229 228 228 228 227 226 221 226 228 229 230 232 232 248 250 234 234 234 236 238 237 238 241 238 234 233 242 240 238 238 236 231 221 215 205 164 133 118 109 101 96 97 106 110 113 114 142 142 142 121 142 124 142 142 143 127 130 131 131 146 146 146 146 145 145 145 145 145 144 143 144 143 144 144 144 144 145 145 146 146 147 147 147 148 148
217 216 215 216 216 225 226 227 226 226 227 227 241 227 225 224 225 225 229 243 246 232 230 230 254 231 231 231 233 233 233 236 235 234 236 235 233 231 230 226 217 205 201 186 159 140 130 120 109 105 107 119 115 115 143 142 142 143 124 143 143 143 143 128 129 129 130 131 147 147 147 147 146 145 146 146 146 144 144 145 145 145 145 144 144 145 146 146 146 144 147 148 148 148
225 216 216 216 216 216 224 226 226 226 226 226 226 242 225 225 223 220 227 228 245 249 228 228 249 253 244 246 229 228 227 230 229 228 230 229 227 224 221 217 208 197 186 99 101 94 135 125 120 94 104 102 116 145 144 144 144 125 144 144 144 129 128 131 129 131 133 134 148 148 148 148 147 146 147 147 146 145 145 146 146 146 145 145 145 139 144 146 146 147 147 148 148 148
216 216 223 224 225 224 216 224 225 239 239 224 224 226 225 225 220 222 224 226 246 248 248 225 226 252 233 246 253 225 224 226 224 224 225 224 222 218 215 211 205 94 97 97 103 100 140 131 96 100 99 118 147 146 129 126 126 127 129 145 145 128 132 131 132 146 147 148 148 149 149 148 147 147 148 148 146 145 146 147 147 146 146 146 146 146 146 146 147 147 147 148 148 149
214 214 214 223 224 224 215 221 222 223 238 239 239 224 224 225 221 224 225 225 245 247 249 247 224 251 236 246 249 223 221 221 221 221 220 218 215 212 210 207 240 110 108 105 107 101 147 95 99 122 121 124 148 147 128 127 128 129 130 133 130 136 135 147 147 147 147 148 148 149 149 148 148 148 148 148 146 146 147 148 147 147 147 147 147 147 147 147 147 147 147 147 148 150
213 213 214 215 215 223 215 215 220 220 221 236 239 239 223 224 223 224 225 245 246 247 251 249 247 250 241 244 236 200 202 217 249 250 252 252 249 248 249 246 153 121 116 112 107 159 152 99 100 130 128 129 134 134 129 128 129 130 130 132 137 137 147 147 147 147 147 148 148 149 149 148 149 149 149 148 147 147 148 148 148 148 148 148 147 147 147 147 147 148 148 147 148 150
212 213 215 215 215 215 216 216 215 220 220 220 221 236 239 237 235 235 239 243 246 247 248 248 247 250 243 241 225 194 191 215 248 248 248 249 245 243 245 240 126 126 119 115 111 106 104 108 109 104 134 135 135 134 131 131 114 132 132 133 147 147 148 147 134 133 135 135 149 149 138 149 149 149 149 148 148 148 148 148 149 149 149 148 148 148 147 147 147 141 143 140 147 152
212 213 215 215 215 216 224 224 222 220 220 221 235 233 233 238 233 230 234 237 238 240 238 236 247 249 242 234 216 188 205 242 243 243 245 244 243 241 240 237 126 124 121 119 115 112 113 118 114 105 141 137 109 111 134 134 118 133 118 132 133 133 133 133 135 136 136 150 150 150 150 150 149 149 148 148 148 148 149 149 149 149 149 149 149 148 148 148 148 148 139 138 145 144
211 213 214 214 214 214 215 222 222 221 219 220 239 238 231 228 231 236 235 235 236 237 231 214 235 247 239 224 193 182 220 237 232 233 236 234 236 235 226 167 127 125 123 120 119 117 120 117 112 108 142 110 117 116 114 138 139 118 134 134 134 134 137 136 137 136 151 138 151 151 151 151 150 149 148 148 149 149 149 149 149 149 149 149 149 148 148 148 149 148 147 145 145 146
211 212 213 214 213 213 219 220 221 235 217 217 233 238 230 223 224 230 233 233 239 239 241 219 232 243 237 215 193 199 222 228 226 225 215 225 227 232 223 142 127 125 124 123 120 120 119 116 113 111 112 126 125 115 116 140 139 119 137 135 136 137 137 137 138 151 152 143 144 152 152 151 151 150 149 149 149 149 150 151 150 150 150 150 149 149 148 136 136 149 148 147 146 148
212 212 212 213 212 212 212 219 234 235 216 215 228 231 234 235 232 233 235 232 238 240 240 233 230 231 226 201 199 205 214 213 212 221 206 226 227 226 205 149 133 128 126 125 123 120 119 118 116 115 125 127 120 143 117 121 140 140 122 139 141 124 141 139 151 141 144 148 153 153 153 152 152 151 150 150 150 150 150 151 151 151 151 151 150 149 149 136 136 149 148 133 135 150
212 211 211 211 211 210 217 217 233 233 214 229 228 230 235 235 235 236 238 235 238 239 236 233 234 225 206 193 197 202 197 194 165 193 194 224 223 224 199 147 135 131 130 131 128 125 124 123 128 130 128 120 122 120 121 123 125 142 123 124 142 126 140 139 140 152 153 153 154 154 154 153 153 152 151 152 152 151 151 151 152 152 152 152 151 150 150 135 135 149 148 135 132 138
212 210 209 216 216 215 215 215 215 232 212 229 236 227 226 231 230 232 233 233 236 237 233 234 238 230 198 196 193 192 185 174 190 190 191 220 215 203 198 135 132 136 138 136 135 133 133 133 163 131 127 121 123 126 123 151 149 124 125 126 126 128 144 143 153 154 154 154 155 155 155 154 154 153 152 153 153 152 152 152 152 153 153 153 151 151 150 151 150 150 133 131 135 150
208 208 207 214 214 213 213 213 213 231 227 227 230 232 219 206 224 226 231 231 234 234 233 234 235 232 212 201 188 176 176 156 188 187 186 202 203 199 165 134 140 152 141 139 136 131 132 134 133 124 122 124 121 124 155 131 124 127 129 130 128 131 130 155 145 145 144 145 155 156 155 154 154 154 153 154 154 153 153 153 153 153 154 153 152 151 151 151 151 150 134 134 135 136
206 206 206 206 211 211 211 212 212 228 226 225 231 220 225 204 219 204 226 232 233 235 231 229 230 226 205 196 175 160 163 178 186 157 183 183 210 211 150 137 156 155 151 138 136 135 135 133 126 128 128 134 131 157 156 127 126 127 128 132 131 133 147 146 145 145 146 156 156 156 155 155 155 155 154 154 154 154 154 154 154 154 154 154 153 151 151 151 151 136 133 135 137 140
204 204 204 205 205 205 210 210 226 226 225 223 227 224 229 225 226 226 227 232 230 230 231 225 222 232 194 189 170 161 169 156 183 182 180 191 203 197 153 137 141 152 149 137 136 136 135 131 131 130 137 163 141 146 136 129 130 130 132 133 135 149 149 158 146 147 148 148 158 157 156 156 156 156 155 155 154 155 155 155 155 154 155 154 153 152 152 151 135 141 144 145 143 146
202 203 203 204 204 204 209 208 208 225 226 224 224 229 227 224 223 224 224 224 228 228 228 230 223 231 205 182 186 188 173 153 173 180 175 196 192 176 139 140 141 139 138 170 138 135 133 134 132 130 151 163 137 134 130 132 135 136 137 137 136 150 137 137 150 150 150 149 159 148 158 158 157 157 156 156 155 155 155 156 156 156 156 155 153 152 151 150 150 145 145 142 141 147
200 201 202 203 203 202 206 206 205 223 224 223 220 225 227 225 222 222 223 222 224 230 227 226 221 221 205 172 200 189 156 173 172 142 177 177 172 149 135 148 154 138 138 138 138 167 140 167 134 135 165 153 133 134 131 135 137 161 137 137 138 152 136 139 151 151 150 150 150 151 150 159 158 158 157 157 156 156 156 156 156 156 156 155 154 152 151 150 135 140 147 144 141 145
198 199 201 201 206 205 204 203 217 220 224 221 220 218 222 223 220 221 223 222 223 228 225 220 213 213 208 175 193 172 154 156 139 142 162 169 152 138 137 140 138 134 135 136 136 136 136 135 136 141 165 146 136 137 133 134 137 138 138 139 139 154 153 140 141 142 152 152 152 152 151 159 159 158 158 157 157 157 157 157 156 156 156 156 154 153 152 150 127 132 142 149 145 145
198 199 199 199 205 205 204 203 214 217 221 222 222 215 216 220 220 221 222 220 221 224 222 214 207 208 212 190 178 154 153 157 148 150 153 152 140 137 140 140 138 139 137 138 140 140 139 141 140 148 167 146 138 149 139 138 139 139 140 140 141 141 143 147 149 150 149 154 153 152 150 160 160 159 158 158 158 157 158 157 157 156 157 156 155 154 154 152 127 128 130 130 131 133
198 198 198 198 198 203 203 203 202 217 220 220 222 216 215 218 218 219 221 218 219 221 221 215 205 205 214 200 176 155 154 156 150 148 141 135 138 141 140 140 142 141 142 143 144 168 168 169 141 169 167 146 142 156 138 141 142 141 142 145 147 146 147 147 148 149 150 156 155 154 153 162 161 160 159 159 158 158 158 158 157 157 157 156 155 155 154 152 125 126 152 151 131 132
199 198 197 197 197 201 202 217 217 216 217 217 219 220 216 217 218 220 222 219 219 224 226 224 210 205 208 208 179 161 155 151 142 141 140 137 140 140 139 141 143 144 157 170 170 169 169 144 170 169 167 152 148 144 143 145 144 143 144 144 145 145 146 147 148 155 154 154 155 155 154 163 162 161 160 160 159 159 158 158 158 157 157 156 155 155 154 152 152 127 129 131 135 136
199 198 196 196 195 200 199 199 215 214 215 217 216 217 216 213 216 217 220 218 221 228 232 234 215 185 196 193 181 162 154 141 139 139 139 143 141 134 138 149 157 158 169 170 170 169 147 162 170 169 168 164 144 142 144 142 140 141 142 144 145 147 149 149 148 155 155 155 155 155 155 165 164 162 162 161 161 160 160 159 158 158 158 158 156 155 154 153 152 132 134 134 136 135
200 197 195 195 194 198 198 197 212 213 211 213 215 217 217 209 210 212 211 212 217 221 238 242 213 179 184 178 175 159 149 142 143 142 143 149 138 135 143 156 156 157 168 169 169 169 170 156 171 171 170 169 144 143 142 143 142 143 144 145 146 148 149 149 148 148 157 157 157 158 157 156 156 155 162 162 161 161 161 160 159 158 159 160 158 156 155 154 153 133 133 132 135 135
200 198 195 194 194 198 196 194 209 212 213 212 217 215 213 209 205 207 207 208 213 219 223 220 203 189 178 176 179 156 150 145 146 147 146 146 144 140 146 140 155 156 167 167 167 167 167 163 170 172 173 171 157 151 153 147 145 147 148 147 147 147 148 149 150 166 152 166 154 156 166 153 156 163 162 161 161 154 156 161 160 159 160 160 159 158 157 155 163 134 131 132 136 138
196 196 197 194 197 196 194 193 209 211 212 212 212 212 212 209 205 202 201 202 207 210 210 206 197 179 171 173 181 156 144 147 152 150 149 150 148 149 151 150 150 155 166 165 150 155 156 160 166 167 170 179 175 154 152 150 150 151 151 164 151 150 150 167 167 150 166 151 151 156 153 153 164 163 163 162 162 161 155 160 160 159 159 157 158 158 157 155 163 148 133 133 137 139
192 194 195 196 195 193 192 208 209 209 208 209 211 210 210 210 208 206 207 203 200 199 199 198 192 179 173 177 179 148 146 149 153 153 149 147 147 147 145 147 146 144 146 146 146 150 153 158 162 161 162 166 174 172 167 162 156 153 152 154 154 154 163 149 148 148 157 157 158 167 165 164 153 153 154 155 154 162 161 160 160 159 158 157 158 158 157 156 164 159 134 133 138 138
191 192 194 193 194 192 190 188 205 204 202 199 204 207 209 207 206 203 202 195 189 189 188 187 188 190 196 190 179 137 144 147 152 153 148 146 145 143 141 139 147 146 147 162 162 161 143 148 156 158 157 159 163 170 170 170 165 161 158 155 155 151 150 150 149 159 159 170 170 169 167 154 153 153 154 153 163 162 161 161 160 159 158 158 159 158 156 156 166 165 137 134 138 138
191 191 191 195 193 206 205 186 203 202 200 198 197 202 204 204 201 197 195 190 186 184 183 182 183 186 192 194 196 146 148 152 151 155 153 148 148 146 144 142 140 138 161 161 162 162 160 159 147 156 158 159 157 163 167 169 168 168 166 164 161 159 157 156 152 152 162 161 161 154 160 157 155 154 165 164 163 162 162 161 160 159 157 157 159 159 157 157 168 166 145 135 138 138
191 190 189 192 190 188 186 202 184 198 198 198 196 198 196 195 193 191 187 182 179 180 181 182 184 186 189 188 180 162 151 150 157 158 158 158 155 158 158 157 156 155 158 164 163 162 161 159 139 147 154 159 158 161 164 166 168 170 171 171 170 170 170 170 169 168 168 169 171 172 171 162 153 169 168 166 164 163 162 161 161 160 158 157 157 158 159 158 169 167 143 134 133 136
191 188 187 189 188 186 191 185 197 196 198 197 197 194 193 193 192 190 189 188 183 180 182 185 183 185 189 188 180 172 152 141 142 153 161 165 168 169 169 166 159 154 158 162 167 165 166 164 163 161 145 152 156 159 160 162 165 166 168 169 169 170 170 170 169 168 168 170 172 171 171 170 171 170 163 157 167 165 164 162 161 160 159 157 156 157 158 158 169 170 152 133 133 137
187 185 185 187 186 186 189 185 198 199 199 198 194 197 195 194 193 191 189 187 184 183 184 185 184 189 190 191 184 184 153 143 148 142 147 153 153 161 168 174 172 163 165 163 158 156 156 151 148 163 165 142 143 144 154 161 158 160 164 164 165 168 169 168 167 168 167 168 168 166 166 167 167 170 170 172 171 169 167 164 162 161 159 158 157 158 157 157 158 171 169 138 134 138
182 183 184 186 186 185 189 185 183 198 198 198 197 199 195 193 191 189 187 188 189 189 183 180 180 187 188 190 191 193 152 149 150 148 141 136 134 137 146 165 167 169 167 166 164 165 164 162 161 157 154 153 161 167 166 164 164 166 165 164 153 165 166 167 168 168 167 166 164 163 162 162 163 163 163 164 166 168 174 167 165 162 160 158 157 157 156 156 157 158 170 157 140 140
179 181 183 186 185 189 184 184 182 198 198 197 195 194 192 191 189 188 192 194 193 189 184 173 178 185 185 187 187 185 161 151 146 142 143 143 137 138 136 134 161 149 147 148 152 164 164 165 167 167 166 166 168 167 164 163 163 164 165 163 169 168 167 168 168 167 165 163 162 160 159 159 159 159 159 159 159 161 165 168 178 165 162 160 159 158 155 155 156 158 157 165 147 143
