examples/cougarCreek-fire/createInputs/WindNinja/wrfout_d3.2015081000.f18/cougarCreekFire_08-10-2015_1800_217m_non_neutral_stability_vel.asc
ncols	146
nrows	140
xllcorner	610065.000000
yllcorner	5095217.000000
cellsize	216.586807
NODATA_value	-9999.000000
[rows 36 to 71 of 140, columns 0 to 80 of 146]
13.59 13.83 14.12 14.41 14.74 12.15 12.78 15.60 17.00 17.75 18.42 18.61 18.27 19.59 19.85 19.03 19.02 19.96 21.20 24.24 27.45 28.03 28.18 29.51 30.52 30.96 30.74 27.65 21.23 27.42 28.50 29.92 28.33 24.64 23.56 22.02 19.79 18.83 18.26 17.68 16.82 16.74 17.76 17.78 17.53 17.11 17.10 17.55 23.46 23.58 18.42 17.92 16.89 17.48 17.70 18.45 24.70 25.29 25.57 25.38 25.11 24.81 24.47 23.19 22.29 20.63 19.35 19.58 20.50 22.42 19.07 18.49 17.78 16.86 15.74 15.62 15.59 15.50 15.35 15.25 15.18
13.30 13.49 13.88 14.53 15.29 15.78 15.94 17.81 16.10 19.41 19.47 18.15 17.80 19.69 21.66 22.27 22.72 24.94 27.02 26.21 24.54 24.03 25.29 25.81 26.24 27.34 26.02 28.05 33.05 33.60 27.41 27.37 28.35 30.42 31.18 31.87 30.93 28.58 27.70 25.70 23.67 21.86 19.54 18.04 17.27 17.84 18.44 18.06 21.32 22.22 23.36 18.48 18.03 17.13 17.21 17.88 18.11 18.83 20.08 20.99 21.55 21.79 22.06 22.34 22.61 22.98 23.32 23.22 22.78 22.44 22.44 24.66 21.46 17.45 16.93 16.40 15.95 15.67 15.50 15.40 15.28
13.40 13.69 14.21 14.62 15.13 15.57 21.09 15.80 19.38 19.48 18.86 18.46 19.73 20.13 20.77 20.62 21.37 23.00 23.19 21.49 20.42 20.50 20.03 21.44 23.63 23.75 22.02 24.38 29.49 19.09 26.78 24.05 25.11 24.32 24.72 26.57 26.56 29.65 29.91 30.09 27.91 26.29 21.85 20.45 22.01 22.19 21.64 20.09 18.97 18.31 22.32 22.49 17.62 15.15 14.99 14.62 14.87 15.48 15.92 16.34 19.38 19.61 19.61 19.64 19.85 19.90 19.65 19.48 19.72 20.15 20.65 21.23 21.78 22.16 21.55 17.97 17.03 16.31 15.74 15.36 15.05
13.89 14.33 14.67 14.94 15.16 15.38 22.37 15.39 18.26 18.21 17.76 18.08 17.91 18.82 18.90 19.07 20.38 22.33 22.92 22.75 22.96 20.49 16.82 19.05 23.77 22.52 20.30 23.70 26.21 27.48 26.61 24.92 22.56 22.30 22.41 21.10 20.22 16.00 17.59 20.32 22.44 27.67 29.46 30.68 29.93 28.88 27.66 26.04 23.45 19.91 18.61 20.40 19.14 19.65 16.33 13.65 16.18 16.02 13.01 13.08 13.40 16.50 16.80 17.14 17.12 13.68 13.36 13.42 14.01 14.66 15.06 15.36 15.75 19.78 20.58 21.28 21.63 17.06 16.29 15.48 14.91
13.57 13.95 14.39 15.15 15.30 15.30 21.06 15.25 15.19 17.91 17.40 16.82 16.69 17.68 19.14 19.60 21.39 23.51 23.11 21.00 20.06 18.22 16.93 21.23 23.19 22.07 21.05 23.71 25.90 23.65 27.90 26.38 23.42 20.89 20.15 20.67 20.86 19.86 19.80 14.08 15.37 16.72 17.50 17.85 23.65 24.78 25.64 25.41 25.42 24.85 23.79 22.96 18.71 17.19 16.42 16.03 15.28 14.14 13.56 13.43 15.12 12.79 12.89 12.95 12.72 12.50 12.36 12.36 12.54 12.77 12.87 13.00 13.30 13.64 14.01 14.44 15.19 16.06 20.12 20.55 15.31
13.31 13.55 13.76 14.59 14.74 19.89 15.25 15.02 15.20 17.35 17.06 17.31 17.83 19.83 21.38 21.10 23.15 23.02 21.04 17.68 16.74 17.42 19.78 22.60 20.61 18.87 19.96 22.72 25.64 27.31 31.68 23.98 20.04 17.65 15.87 16.94 19.90 19.11 17.72 19.54 14.26 20.83 20.81 20.73 20.19 15.53 16.70 17.80 18.65 19.31 19.68 19.96 20.01 20.12 20.12 19.89 19.06 18.42 18.40 17.66 14.32 13.39 12.48 11.52 10.83 10.53 10.62 10.91 11.18 11.34 11.44 11.59 11.75 11.87 12.04 12.36 12.94 13.73 14.59 15.28 18.28
12.79 12.86 13.00 13.36 14.04 13.98 14.76 14.68 15.21 15.49 15.78 17.86 19.20 21.83 22.91 23.18 22.97 20.30 17.47 16.59 17.23 20.10 24.04 25.45 20.03 16.69 19.20 23.37 24.46 25.20 30.03 26.00 20.68 17.17 16.60 18.27 19.15 17.89 17.17 17.54 20.17 20.83 20.43 19.64 18.73 18.74 19.21 16.29 16.82 16.04 17.70 15.76 15.60 15.93 15.84 15.10 14.20 13.43 12.68 12.05 11.52 10.89 10.09 9.35 8.85 9.00 9.73 10.47 10.98 11.28 11.40 11.35 11.13 10.96 11.11 11.69 12.30 12.71 13.11 13.72 16.53
12.74 12.78 12.95 13.50 14.30 21.49 14.64 15.02 15.30 15.55 17.93 21.20 24.19 24.12 23.92 23.46 21.80 20.09 18.96 18.51 19.86 24.05 25.72 22.66 20.02 17.95 20.73 22.10 22.07 23.43 29.41 29.25 26.36 23.31 19.99 19.17 18.40 17.68 17.00 16.09 16.06 17.39 18.12 15.89 14.64 15.79 16.67 16.90 19.29 16.82 14.98 14.49 14.16 13.58 12.69 11.88 11.14 10.46 10.79 9.95 9.61 9.08 9.04 9.79 11.02 12.72 13.90 14.30 14.18 13.94 13.86 13.52 13.20 13.04 13.05 12.84 12.67 12.81 13.05 13.34 13.61
13.25 13.45 13.67 13.95 14.26 15.42 14.93 15.20 15.47 18.87 22.81 23.60 22.95 22.40 22.77 22.74 22.91 22.27 19.46 19.87 22.10 22.97 22.87 22.69 20.50 20.26 21.37 20.18 19.32 22.17 28.08 27.76 27.92 27.13 23.69 21.66 19.57 17.81 17.08 16.88 15.82 13.97 13.80 14.32 16.11 17.78 19.70 20.97 17.65 15.83 14.79 13.83 13.14 12.48 11.79 11.22 10.65 10.24 10.40 11.02 11.59 12.32 12.15 13.94 15.56 16.32 16.40 15.93 15.64 15.35 15.09 14.73 14.36 14.10 13.84 15.76 14.75 14.07 13.75 13.68 13.53
13.00 13.42 13.98 14.13 15.08 15.28 15.66 15.68 15.88 22.86 22.14 21.88 20.75 19.66 21.15 22.63 22.35 20.25 17.18 17.74 20.23 22.63 23.20 23.29 21.82 21.67 21.89 20.64 18.43 21.34 25.39 24.67 25.46 25.96 25.06 24.03 22.51 20.86 19.53 18.49 15.33 16.16 16.05 17.65 19.41 18.96 20.85 17.18 15.19 14.29 13.33 12.14 11.85 11.61 11.40 11.01 10.69 11.22 12.75 13.00 14.62 16.52 15.00 14.86 14.40 16.05 17.94 17.51 16.40 17.49 18.28 17.52 17.10 16.96 16.62 15.75 14.52 14.35 14.42 13.91 13.57
13.32 13.62 21.24 13.75 14.98 15.22 20.86 20.83 22.46 21.49 21.36 20.42 18.48 19.96 21.66 21.78 21.38 16.30 16.42 17.11 19.24 23.07 26.10 26.28 21.97 20.96 20.43 19.76 19.32 21.80 24.89 24.06 24.61 25.25 26.66 24.03 23.56 22.84 21.62 18.77 17.13 18.06 19.39 18.91 22.22 23.08 20.64 16.17 14.38 13.02 11.99 11.39 11.59 11.97 12.15 12.61 13.98 15.46 17.75 15.42 15.20 14.51 14.15 15.81 15.87 17.36 16.95 16.20 19.19 22.13 21.64 22.00 19.76 16.93 16.79 17.94 20.59 15.53 14.46 14.01 13.61
13.49 20.33 15.78 13.62 14.00 15.55 20.36 20.91 20.86 20.98 20.52 18.63 17.52 18.66 18.58 16.23 15.01 14.90 16.73 18.40 22.13 26.02 25.58 25.29 21.50 19.81 19.03 18.73 19.97 22.60 24.53 25.90 25.59 25.97 27.53 24.27 24.40 25.03 23.54 22.07 17.85 21.82 26.38 25.53 23.26 20.61 16.68 15.20 14.15 13.45 13.42 13.93 15.12 14.98 15.12 16.56 18.73 16.14 16.16 19.20 18.76 17.99 18.98 19.98 20.82 20.78 20.08 20.15 20.77 20.34 19.88 19.33 17.85 16.37 16.95 17.22 17.98 17.55 14.66 13.73 13.44
13.15 20.85 19.73 19.64 21.37 20.57 20.78 20.17 18.56 20.12 18.27 14.98 16.83 16.14 14.91 15.79 15.37 16.38 18.35 20.24 21.98 24.33 23.70 22.55 20.12 19.65 17.49 18.77 18.77 20.39 23.46 25.41 25.93 26.44 25.94 23.60 23.27 24.09 24.60 24.63 29.47 26.44 26.10 25.87 19.34 17.67 15.61 13.16 14.81 15.59 17.23 16.56 16.48 16.51 16.33 16.62 18.27 25.16 24.94 24.48 23.78 22.17 21.72 22.45 22.07 21.21 20.45 19.67 19.23 19.04 17.17 16.63 17.41 17.52 15.79 15.93 18.57 18.27 15.40 13.23 13.20
20.47 15.66 20.94 20.21 15.83 19.74 18.40 14.43 14.69 18.23 17.75 14.77 14.79 15.15 16.52 19.52 21.22 22.28 22.33 21.54 21.33 25.06 24.01 21.01 20.96 20.41 19.15 19.47 18.83 18.33 23.56 24.18 23.40 27.39 26.59 23.19 21.88 23.62 23.51 27.41 25.80 24.27 24.07 24.00 24.10 17.93 15.59 17.54 17.92 19.83 17.15 16.18 27.90 25.87 22.34 23.50 22.83 22.31 22.28 22.32 18.56 18.69 18.53 21.05 20.45 19.07 18.64 17.41 16.88 16.83 16.41 16.18 15.91 14.82 14.93 14.73 14.52 14.04 12.91 13.52 12.89
16.06 20.02 19.68 15.69 15.22 13.11 13.54 14.38 14.72 14.80 14.33 14.37 14.95 16.77 21.06 22.43 22.21 22.08 21.42 20.68 20.80 24.72 24.74 24.89 23.00 20.82 16.88 18.28 16.80 19.91 24.91 23.49 23.71 27.43 27.17 24.27 22.58 23.37 23.25 22.56 26.58 22.58 22.46 21.12 21.66 23.84 25.94 27.28 28.43 28.82 28.35 26.53 25.20 24.68 24.46 22.36 17.02 17.01 20.61 20.40 17.09 17.23 17.39 17.62 19.97 17.69 16.50 15.04 14.77 14.32 14.50 14.59 13.59 14.67 15.26 14.02 12.04 11.16 12.43 14.14 12.76
16.32 16.15 15.84 14.96 13.28 13.71 14.63 14.78 14.76 14.56 14.51 15.14 15.91 19.24 21.86 21.50 21.33 21.26 20.76 20.31 19.80 19.74 23.99 22.87 23.47 18.92 17.21 14.12 15.81 20.68 24.15 22.56 25.38 26.97 27.25 24.44 21.89 23.82 23.06 21.43 21.62 21.85 21.14 20.66 15.11 15.75 16.38 17.03 18.36 23.10 23.07 22.99 18.03 22.01 16.44 13.35 15.58 15.72 15.72 19.21 18.78 16.42 16.40 16.41 17.18 17.04 19.29 18.50 18.26 17.36 17.80 20.18 16.92 17.59 17.12 17.29 17.24 17.54 13.38 16.25 12.63
20.00 16.13 19.39 13.41 13.75 14.82 14.84 14.95 17.17 14.86 15.35 19.59 22.11 21.72 21.43 20.55 20.04 19.74 19.75 19.89 19.65 19.48 19.35 15.42 21.11 14.17 14.63 15.48 18.33 23.16 24.92 23.05 25.22 26.24 25.40 23.10 22.45 24.78 22.45 22.07 21.33 20.71 19.37 18.99 19.87 14.49 14.12 12.72 12.91 13.14 15.03 15.60 16.03 16.29 16.34 18.20 17.34 15.88 19.37 18.05 17.67 18.23 16.40 13.78 16.60 17.01 17.31 17.32 17.03 16.94 13.79 17.20 17.13 13.13 12.59 12.33 12.05 11.85 11.87 12.11 14.75
16.39 19.77 13.43 13.72 15.19 15.94 18.28 18.43 17.83 16.81 20.21 21.54 16.83 16.11 15.55 15.39 15.14 18.23 18.55 18.86 21.97 19.45 20.08 23.40 19.20 15.67 16.72 19.49 21.78 24.84 25.53 22.66 23.08 25.12 24.14 21.92 21.64 20.37 19.92 18.89 19.65 18.84 17.54 17.67 18.25 14.10 14.02 12.30 12.03 11.86 12.00 12.45 13.15 15.07 15.60 20.86 21.81 19.85 16.73 16.79 16.54 16.49 13.80 13.39 12.96 12.69 12.71 12.64 12.19 11.65 11.34 11.27 11.18 11.15 11.18 11.18 15.94 12.93 11.59 11.77 11.99
17.07 20.53 15.69 16.28 20.46 20.47 18.40 17.42 17.81 18.38 21.21 16.92 16.20 15.57 18.52 18.33 15.05 17.63 18.06 18.23 15.68 15.79 21.14 23.69 18.92 18.23 20.73 21.66 20.36 23.59 23.95 20.45 20.68 25.08 16.94 22.42 23.54 24.86 21.25 21.82 21.34 19.99 17.03 15.64 12.97 12.88 13.10 12.23 12.26 12.26 12.24 12.23 12.43 12.86 14.34 14.99 15.55 15.81 16.09 15.95 15.27 12.11 11.54 11.03 10.57 10.50 10.69 10.67 10.48 10.36 10.20 10.06 10.25 10.76 11.18 11.38 11.52 11.53 11.25 10.97 10.97
17.27 17.59 16.38 20.06 16.62 16.37 14.91 17.55 20.77 21.18 17.20 16.60 15.99 15.73 18.19 18.18 15.20 17.97 15.48 15.74 20.28 23.09 22.97 20.49 20.20 20.00 20.66 19.31 18.17 22.85 24.61 20.18 20.72 23.98 24.98 13.84 23.00 23.55 24.44 24.95 24.40 24.39 18.98 15.60 13.15 12.40 12.12 12.06 12.27 12.50 12.54 12.42 12.28 12.20 12.27 14.05 13.62 11.31 11.23 10.93 10.55 10.46 10.46 10.37 10.23 10.10 9.91 9.79 10.01 10.43 10.74 10.82 10.76 10.62 10.49 10.47 10.34 10.04 10.04 10.58 11.25
16.90 12.75 15.31 15.73 12.37 14.32 13.79 19.43 17.05 16.37 15.56 15.41 15.59 15.53 17.57 15.01 14.88 14.71 14.29 22.41 21.86 22.51 22.35 19.05 18.15 19.46 17.89 15.96 18.05 22.69 23.41 20.34 19.67 23.01 22.64 22.79 21.79 22.71 21.93 21.64 21.52 21.97 21.01 17.88 14.13 12.95 11.75 11.70 11.71 11.94 12.21 12.32 12.22 12.03 11.68 10.85 9.95 9.58 9.51 9.60 10.08 10.81 11.36 11.64 11.76 11.52 10.93 10.70 11.01 11.39 11.62 11.47 10.87 10.11 9.60 9.38 9.40 9.82 10.73 11.37 11.38
12.84 12.41 14.99 11.33 11.36 12.35 14.30 16.42 12.73 11.99 11.76 14.20 12.84 12.67 13.88 13.79 13.42 15.30 20.52 21.57 21.04 21.36 20.60 13.84 17.26 18.70 16.21 16.00 20.58 23.49 22.01 17.97 17.04 20.87 21.09 19.83 22.43 22.93 21.15 21.30 21.22 21.18 23.62 19.31 16.32 13.36 12.44 12.19 12.33 11.77 11.74 11.97 12.07 11.86 11.21 10.30 9.83 9.91 10.18 10.50 10.87 11.11 11.24 11.38 11.49 11.65 11.93 12.15 12.12 11.84 11.33 10.69 10.23 10.03 10.14 10.55 11.13 11.79 12.06 10.87 11.15
12.96 12.65 11.94 11.54 11.99 12.85 16.56 12.85 12.00 11.61 13.01 13.86 11.83 11.26 13.00 11.31 11.42 13.66 13.86 15.52 20.74 20.87 12.78 13.23 17.11 16.44 13.43 16.51 22.44 21.69 18.59 17.51 17.76 20.87 23.85 19.19 22.73 22.68 23.10 21.83 23.07 22.70 22.77 20.46 18.91 14.52 11.92 13.97 13.48 12.32 12.44 11.89 11.77 11.08 10.55 10.18 10.27 10.62 10.98 11.20 11.17 10.96 10.81 10.75 10.73 10.90 11.22 11.30 11.04 10.55 10.01 9.83 10.22 10.96 11.78 12.47 9.65 10.54 11.37 11.21 11.48
12.92 12.69 12.42 12.68 13.35 15.62 12.93 12.04 11.62 13.57 12.91 11.44 11.86 10.60 11.03 12.09 12.96 14.72 14.01 13.36 20.73 14.81 13.61 14.63 18.07 13.21 13.69 18.38 21.65 19.42 16.24 17.94 19.95 21.49 22.60 20.67 21.08 21.80 20.57 21.52 21.68 22.61 22.85 20.17 20.51 23.27 20.34 14.89 15.61 13.70 13.32 12.77 11.71 11.21 10.88 10.63 10.55 10.56 10.66 10.78 10.86 10.96 11.12 11.22 11.29 11.20 9.96 10.14 9.65 9.43 9.69 10.49 11.44 12.25 9.27 11.67 15.24 14.81 11.66 11.25 11.73
12.79 12.61 12.61 13.01 15.29 12.55 11.68 11.18 13.16 11.77 10.93 10.60 10.65 11.43 12.79 13.28 12.31 16.23 13.69 13.32 18.71 18.75 18.15 18.96 13.52 13.10 15.49 18.48 17.89 15.96 16.91 19.69 20.88 21.50 21.94 21.02 21.81 20.24 21.06 20.94 20.75 19.89 19.63 22.40 19.37 19.54 19.27 22.21 22.07 14.20 13.14 15.20 11.77 12.58 12.26 12.04 11.87 11.73 11.48 11.24 11.12 11.16 11.28 9.54 10.54 11.03 10.54 10.14 10.05 10.46 11.31 12.15 9.59 9.93 15.03 14.43 11.78 13.23 15.50 16.15 15.13
12.27 12.01 11.95 12.20 12.01 11.50 10.98 10.70 10.56 10.44 10.59 11.39 12.61 12.37 13.42 14.05 21.24 15.76 15.11 15.55 15.34 20.96 19.88 13.81 13.17 13.19 13.24 15.87 15.42 16.72 19.36 20.83 20.21 21.33 21.46 21.22 19.52 19.72 20.71 20.56 19.53 19.51 19.34 21.77 21.36 21.41 21.20 21.08 21.18 13.31 11.67 11.98 12.50 12.70 12.71 12.87 11.13 11.25 11.24 10.56 10.04 9.67 9.44 9.35 10.67 10.41 10.57 11.12 11.79 12.31 9.77 10.73 15.19 14.37 11.52 13.15 14.80 15.96 14.56 14.81 17.33
11.77 11.53 11.31 11.29 11.05 10.65 10.00 9.43 9.32 10.07 11.65 11.78 12.59 13.46 13.37 20.16 16.08 15.47 13.23 15.72 15.34 20.74 21.22 17.72 13.59 13.23 15.10 15.02 15.35 17.51 20.25 19.86 17.81 21.37 20.97 20.53 20.42 19.46 20.22 20.17 20.08 19.11 19.82 19.64 21.02 20.95 20.77 17.51 17.24 12.62 11.31 11.47 11.57 20.77 11.68 11.95 14.10 12.17 19.08 16.42 10.71 10.12 10.22 10.01 9.24 9.05 12.00 10.10 9.96 10.32 12.52 13.56 12.34 10.37 12.26 15.11 16.31 16.53 16.11 14.11 16.85
11.49 11.25 10.79 10.35 9.82 9.13 8.59 8.71 10.00 10.64 12.20 12.74 12.76 11.56 14.89 21.01 15.72 13.14 15.32 20.27 21.02 20.79 20.48 19.64 13.72 13.40 14.86 14.56 15.76 17.57 19.28 17.49 17.74 22.19 20.50 20.06 20.00 19.73 19.73 19.65 19.60 18.12 17.66 18.96 18.12 17.75 17.72 20.60 20.37 12.39 11.00 11.00 10.83 19.79 10.97 11.11 17.39 11.03 18.15 19.86 11.39 11.63 12.99 11.35 9.46 10.28 9.80 18.83 20.17 15.20 13.86 13.93 13.32 12.90 14.28 15.40 16.43 13.85 15.83 15.67 16.47
11.52 11.33 10.80 10.20 9.54 9.05 9.41 11.20 11.88 13.01 12.42 12.21 10.89 10.35 21.59 16.39 15.43 14.99 15.16 19.75 14.82 14.72 19.77 19.00 16.28 15.97 14.34 14.35 16.75 17.68 17.97 19.49 19.71 20.18 19.95 19.70 18.68 19.45 19.27 18.27 19.10 17.62 19.87 18.62 18.55 17.25 16.94 12.89 12.90 19.85 11.73 10.38 10.44 10.61 10.69 10.68 10.67 13.11 10.67 17.72 10.75 13.18 11.00 16.86 17.95 17.78 17.93 18.32 10.79 18.41 15.09 13.07 17.56 17.51 13.23 15.42 12.97 13.07 13.83 13.75 14.79
11.48 11.35 11.00 10.77 10.80 11.40 12.78 12.47 12.98 13.64 15.12 15.31 17.51 21.46 16.30 15.66 14.87 14.69 14.40 19.07 11.66 13.83 19.06 19.23 16.24 12.92 11.81 13.41 15.37 16.05 17.36 20.41 20.42 19.54 19.23 18.14 18.70 18.65 18.50 18.46 18.64 18.57 19.12 16.39 16.95 16.57 16.75 16.72 12.69 12.77 12.17 10.29 10.31 10.22 16.52 10.13 10.16 10.13 10.07 18.53 10.16 10.21 10.18 17.32 16.09 17.03 17.07 17.09 17.05 18.96 17.00 16.49 16.83 16.94 12.65 13.71 10.59 8.05 8.07 9.28 10.17
10.85 10.61 10.47 11.07 9.73 10.97 12.08 11.22 12.22 13.30 15.11 16.98 20.17 19.55 15.23 14.48 11.62 14.64 11.72 14.74 11.59 11.65 11.68 11.48 17.25 12.27 11.43 11.44 14.00 15.66 19.17 19.72 19.43 19.09 17.75 17.42 19.59 18.19 17.15 18.98 17.98 17.97 16.08 18.66 12.14 12.21 12.39 12.16 11.96 16.41 12.19 11.75 9.59 18.15 9.68 9.81 9.78 9.74 9.75 9.77 16.52 9.68 18.35 18.55 18.61 17.05 12.89 18.09 16.41 16.50 16.12 12.01 15.79 16.59 16.79 13.60 7.56 8.79 10.98 12.76 13.01
11.00 11.02 11.43 10.57 10.82 11.22 9.97 11.39 12.81 14.30 17.23 19.45 20.25 18.72 14.91 11.83 11.48 14.63 11.39 19.28 13.93 14.03 11.66 11.36 17.73 11.99 11.08 11.33 15.16 18.66 19.67 18.86 18.44 18.01 18.00 17.91 18.98 16.99 17.67 17.34 17.62 17.56 15.04 10.77 11.17 15.10 18.13 17.89 17.56 15.84 18.23 11.07 11.35 9.15 16.06 9.44 9.48 9.52 9.61 12.74 9.55 15.02 15.37 9.35 17.97 17.75 17.56 9.62 9.77 15.93 15.12 15.39 16.11 16.26 16.48 16.65 10.13 10.20 10.07 9.94 9.77
11.57 11.95 12.71 12.31 12.27 13.51 15.03 15.48 17.73 17.62 20.68 15.26 14.83 12.01 15.05 11.66 11.36 18.35 13.95 14.28 13.51 18.55 11.09 17.97 18.04 10.46 10.53 11.04 17.10 17.94 19.34 17.82 17.51 18.88 18.90 17.01 18.51 17.33 17.16 17.95 17.08 18.28 10.64 9.58 9.97 10.33 10.62 17.20 11.26 16.31 17.29 8.61 8.81 8.92 8.90 17.73 9.02 9.21 9.22 18.22 15.42 14.73 12.03 17.32 12.30 12.15 12.22 9.30 9.39 16.52 14.39 13.40 11.30 11.43 15.17 16.24 16.32 15.92 9.00 8.88 11.53
11.20 11.41 12.06 12.78 14.61 19.35 19.48 18.87 18.15 17.70 20.26 19.74 20.12 11.63 14.86 11.36 11.12 11.05 18.29 11.02 14.29 18.14 18.57 18.45 17.20 10.33 10.67 11.13 17.94 17.12 17.76 17.55 17.23 17.20 18.49 17.83 17.82 16.95 16.77 17.46 16.92 15.74 16.97 10.33 10.35 10.55 10.71 10.79 10.46 10.44 10.62 8.58 8.64 8.68 8.65 8.51 17.27 8.60 8.76 10.80 14.10 8.72 8.62 15.13 15.62 15.20 15.20 8.93 9.00 9.14 16.02 14.78 14.67 11.36 14.18 14.98 15.65 9.18 9.16 9.35 9.50
10.70 10.89 11.69 12.43 14.54 19.40 19.16 17.76 17.28 17.75 19.23 19.15 19.25 14.58 14.44 11.26 11.03 10.97 18.03 10.84 10.69 17.92 13.60 17.14 11.95 10.39 10.31 13.33 17.41 17.74 16.07 19.01 17.24 17.32 18.55 16.28 18.03 16.81 16.62 15.83 16.31 17.19 16.33 10.79 10.30 10.59 16.55 16.35 10.21 9.87 8.29 8.33 8.36 16.68 8.34 8.34 8.31 8.31 8.44 8.65 11.34 8.81 8.69 8.64 8.61 14.00 14.41 14.95 8.65 8.72 16.28 15.73 15.38 15.44 15.43 15.57 15.56 9.38 12.61 11.15 9.60
10.70 11.09 11.99 12.20 14.18 18.91 18.13 14.77 16.72 18.02 17.96 18.38 11.41 19.05 11.34 11.23 10.88 10.80 17.53 10.70 17.24 17.19 10.39 12.64 10.36 10.56 10.80 17.45 18.69 16.61 16.14 17.44 9.81 9.61 17.88 17.57 16.11 16.50 16.27 16.12 17.18 14.98 14.71 16.04 9.83 9.65 10.47 15.69 10.43 10.26 9.73 8.10 10.60 16.34 16.30 8.17 8.22 8.16 8.14 8.27 8.51 16.05 8.83 8.82 8.71 8.64 8.63 12.09 14.57 8.50 8.55 16.98 14.95 15.07 15.25 15.07 15.31 15.37 15.50 14.89 9.62
