examples/cougarCreek-fire/createInputs/WindNinja/wrfout_d3.2015081000.f18/cougarCreekFire_08-10-2015_1800_217m_non_neutral_stability_ang.asc
ncols	146
nrows	140
xllcorner	610065.000000
yllcorner	5095217.000000
cellsize	216.586807
NODATA_value	-9999.000000
[rows 84 to 125 of 140, columns 0 to 93 of 146]
156 155 155 155 155 155 155 174 168 172 158 157 166 160 161 161 186 161 162 180 164 163 166 167 168 188 168 186 182 169 184 183 173 173 183 176 198 177 181 179 178 178 179 181 182 183 183 183 196 186 176 185 190 173 172 184 184 185 181 183 185 176 178 172 145 146 174 178 168 156 149 149 157 173 162 153 149 154 158 167 167 167 166 164 163 163 163 163 163 162 161 159 160 157
155 155 155 155 154 155 155 172 171 179 157 180 159 165 161 161 161 182 180 174 159 164 166 168 168 188 190 188 183 171 175 185 174 175 186 193 194 185 180 180 179 179 181 182 184 184 184 185 186 187 187 186 186 187 187 186 185 185 185 184 184 177 184 181 161 159 166 181 177 165 159 147 148 158 161 157 155 154 169 167 166 166 165 164 163 157 162 162 161 161 161 161 160 157
155 155 154 154 154 154 155 155 174 157 156 168 158 173 160 161 180 176 172 168 163 165 167 168 169 191 169 189 183 174 176 194 182 176 186 191 189 190 179 180 176 182 183 184 185 186 186 186 187 188 188 188 188 189 188 188 187 186 186 186 185 185 184 184 166 163 168 175 176 175 176 153 148 152 158 173 160 171 170 169 167 136 164 163 164 163 162 160 159 139 160 160 156 160
154 155 154 154 154 154 155 155 156 156 156 159 158 171 176 181 180 167 172 162 164 166 168 169 182 189 170 191 171 184 174 194 175 177 176 177 178 178 195 192 183 185 185 185 186 187 187 187 188 189 190 190 190 190 189 189 188 188 187 187 187 186 185 185 173 167 172 174 174 180 178 166 156 153 150 152 149 153 158 145 167 135 164 163 164 163 162 162 162 159 160 160 160 160
154 154 153 153 154 154 173 155 156 156 156 160 158 162 174 180 179 167 173 163 165 167 168 169 187 170 171 171 172 174 196 195 180 178 178 188 179 180 192 182 185 187 187 187 187 188 188 189 190 191 191 192 161 191 190 190 190 189 188 188 188 187 186 186 169 166 172 169 169 169 179 171 162 152 176 174 173 171 169 145 167 166 164 162 163 162 162 161 161 158 161 160 160 158
154 153 152 153 153 153 171 154 155 156 156 168 158 159 174 182 178 168 169 164 166 167 168 183 170 170 171 172 173 174 175 190 184 179 179 179 181 182 194 184 186 187 188 188 188 190 190 191 192 192 193 193 163 165 192 191 191 190 190 189 188 188 187 170 171 162 164 167 164 163 166 172 174 168 156 149 149 171 170 168 167 165 165 164 163 162 162 161 161 161 160 160 158 156
153 153 152 152 152 153 153 154 155 155 156 169 158 160 173 183 177 167 168 164 166 168 169 170 171 171 171 172 186 191 193 189 186 180 181 181 182 183 184 185 187 188 189 189 190 191 192 192 193 193 194 194 195 165 193 192 192 191 191 190 189 170 188 173 172 167 160 162 157 155 157 168 178 177 170 158 155 155 148 169 167 166 164 164 163 162 162 161 161 160 159 153 144 147
153 152 151 151 152 152 153 154 154 155 179 165 158 161 172 180 174 162 163 164 166 168 181 170 171 171 193 190 191 193 188 183 182 180 182 183 184 185 186 187 188 189 190 191 189 193 193 194 194 195 195 195 195 162 195 193 193 193 192 191 191 170 170 166 173 187 167 160 156 151 181 156 178 176 175 162 157 171 156 147 145 150 141 165 163 162 162 161 160 160 159 159 158 155
152 152 151 151 151 152 152 153 154 154 176 164 158 168 171 175 174 167 164 165 167 168 189 170 171 172 183 188 196 194 178 179 180 182 184 184 193 187 203 209 189 190 215 193 193 193 194 195 196 196 196 196 197 157 157 195 194 194 193 192 192 191 167 162 170 187 186 167 157 154 182 157 178 176 167 158 155 153 150 145 144 147 164 153 162 147 142 141 160 159 158 158 159 159
152 151 150 151 151 151 152 152 153 153 154 168 157 170 159 172 177 173 164 165 167 168 188 170 171 195 184 188 187 186 177 180 181 182 184 199 186 187 188 188 189 190 191 192 193 194 195 195 196 196 197 197 197 160 158 165 195 166 194 193 192 191 163 157 162 188 187 170 162 156 154 163 178 177 165 160 155 172 139 132 167 165 137 162 162 154 160 156 134 156 138 141 156 158
151 150 149 150 150 151 151 151 152 152 153 154 169 157 158 159 176 175 163 165 166 168 168 190 170 197 186 183 177 183 184 175 185 195 199 185 186 187 187 188 189 189 190 192 194 195 195 196 196 197 197 197 197 198 155 160 159 155 165 193 192 192 165 156 190 154 167 187 164 159 153 162 179 177 166 170 170 157 144 143 140 140 164 135 138 141 139 159 152 152 157 155 159 152
149 149 149 149 150 150 151 151 151 152 153 154 155 165 157 169 174 178 168 164 165 167 168 169 170 170 184 174 176 177 178 184 193 200 183 184 185 186 186 209 189 190 191 193 194 195 196 196 197 198 198 198 198 198 151 159 156 153 152 162 193 193 159 153 191 145 151 156 158 157 154 155 171 168 168 176 174 173 149 140 139 142 163 162 161 138 160 159 159 159 159 157 155 159
148 148 148 148 149 149 151 150 151 151 152 153 154 166 165 167 176 181 168 164 165 187 167 168 169 194 178 174 186 202 178 194 180 182 183 184 185 186 211 188 190 191 192 193 194 195 196 197 197 198 198 199 199 199 199 198 197 196 195 194 157 163 157 159 154 150 190 151 151 153 153 155 154 156 163 171 175 173 169 171 132 130 129 133 162 162 151 161 138 158 157 157 140 160
147 147 147 148 147 149 149 150 150 151 152 153 153 168 156 157 176 175 166 164 165 166 167 167 168 178 174 185 175 176 178 179 180 181 182 184 185 186 187 189 190 191 192 193 194 195 196 197 198 198 199 199 199 199 199 198 197 197 196 195 195 156 161 160 154 192 190 190 188 187 185 183 181 152 155 166 175 174 173 158 169 130 165 163 164 162 158 162 160 130 129 137 159 160
145 146 147 147 148 147 148 149 150 150 151 152 153 164 155 156 170 170 167 163 164 166 167 167 169 173 179 173 174 176 178 201 180 181 205 204 209 209 211 207 191 191 192 193 194 196 197 198 198 199 199 199 199 199 199 198 198 197 196 196 195 195 194 194 149 192 191 190 189 187 186 184 182 151 153 157 169 174 173 169 169 167 165 164 162 161 162 162 163 160 160 160 160 160
145 145 146 147 148 146 148 149 149 150 151 151 152 153 154 156 157 159 161 162 163 164 166 168 178 179 172 173 184 190 178 179 180 206 203 205 206 205 208 216 191 191 192 193 194 196 197 198 199 200 200 199 200 200 199 199 198 198 197 196 196 195 195 194 194 193 192 191 189 188 147 152 152 180 149 152 160 174 173 172 158 152 166 154 155 161 161 163 161 161 161 161 160 159
143 143 144 146 145 146 147 148 148 150 149 150 151 161 154 155 157 158 160 161 163 183 166 179 169 170 171 173 177 192 202 178 180 181 199 199 205 188 189 190 190 190 192 193 195 196 197 198 199 200 200 200 200 200 200 199 199 198 198 197 197 196 195 195 194 194 193 192 190 146 147 147 149 148 147 176 174 155 173 171 164 156 165 163 163 161 160 159 162 160 158 161 160 160
144 143 142 144 145 145 147 147 146 149 150 149 151 152 153 154 156 157 159 160 162 164 165 191 168 169 187 178 177 176 177 204 199 196 193 196 185 187 187 188 190 191 192 194 195 196 197 198 199 200 201 201 200 200 200 160 158 159 198 198 197 197 196 195 148 139 148 192 191 190 138 143 143 142 181 179 141 145 157 167 156 150 165 134 161 164 164 158 158 158 157 158 160 160
142 143 142 143 142 142 145 146 146 149 148 149 150 151 152 154 155 156 161 159 169 165 165 166 167 169 188 181 190 175 176 178 196 195 194 199 207 208 205 196 192 194 194 194 215 197 215 223 199 201 202 201 200 200 144 148 145 143 156 198 198 197 197 196 196 195 194 193 192 191 189 187 185 182 142 177 176 174 148 156 169 167 165 164 163 162 161 160 159 163 162 161 161 161
142 144 142 142 142 141 142 143 147 146 148 149 150 149 151 154 154 156 157 159 161 163 164 165 167 169 187 183 193 175 195 193 196 197 196 196 200 199 195 192 186 195 196 196 219 218 221 199 226 227 201 202 202 202 161 156 156 156 200 199 199 198 197 197 196 196 195 193 193 192 190 188 186 183 142 178 149 150 154 161 156 149 143 141 163 164 163 162 161 163 159 162 157 161
140 143 140 140 141 140 142 142 144 144 147 148 149 150 152 153 154 155 157 167 161 162 163 165 182 169 188 181 193 193 186 191 196 197 197 189 193 199 201 202 204 199 207 220 225 198 198 199 227 224 219 221 203 203 203 162 159 200 200 200 156 155 198 197 197 196 195 194 139 149 143 143 186 141 141 178 176 151 153 159 155 150 148 164 162 164 163 162 161 164 162 160 162 160
140 139 138 138 139 139 138 141 143 146 147 147 148 151 151 151 153 154 156 166 163 162 164 165 182 169 170 172 192 191 185 195 196 195 195 187 197 187 188 217 215 206 215 222 197 228 199 200 230 229 202 203 204 204 204 161 201 201 200 200 158 155 155 149 136 136 137 150 144 151 150 147 146 185 182 180 177 175 173 171 147 151 150 164 163 163 163 162 160 162 164 159 159 161
140 139 138 138 138 139 138 140 142 142 143 146 148 149 150 151 152 153 156 157 159 160 163 173 167 169 186 173 190 192 193 194 191 193 192 192 210 187 188 210 192 203 215 196 222 224 227 227 200 230 202 202 204 205 204 172 201 201 201 200 155 150 137 150 149 149 149 143 149 150 150 151 151 149 183 181 133 132 174 171 170 167 166 138 163 166 160 161 164 163 164 159 158 160
139 139 137 139 138 138 139 139 141 142 145 145 148 148 149 151 151 152 155 157 159 159 163 182 186 168 184 181 195 195 198 187 187 192 193 205 185 187 188 197 202 210 218 221 221 223 200 200 225 226 224 230 230 229 195 169 170 201 201 161 150 141 150 149 199 147 137 138 148 146 146 148 149 149 147 181 179 176 174 149 147 168 166 165 164 167 166 161 160 164 159 159 157 157
137 138 137 139 139 138 137 138 140 142 145 145 147 148 149 151 150 152 154 156 158 159 161 165 166 190 186 190 193 189 190 182 185 196 206 184 185 214 188 184 209 218 220 222 224 199 226 225 225 227 221 226 230 227 169 146 164 202 168 155 142 151 148 200 157 147 147 150 149 148 143 149 150 150 148 147 146 146 148 149 152 168 166 166 165 163 162 161 158 160 163 163 163 163
132 136 136 135 138 138 135 137 139 141 141 140 146 147 149 149 149 151 153 155 161 161 162 178 187 183 184 191 184 182 185 182 189 203 183 184 185 201 184 194 214 218 220 221 224 227 201 201 202 203 203 231 227 216 207 157 163 171 159 153 141 149 156 200 163 148 149 146 149 151 152 150 152 157 158 152 147 145 175 146 148 168 166 165 165 165 163 162 162 160 164 163 163 163
131 131 136 135 138 138 137 136 138 141 141 140 145 147 148 149 148 154 151 154 156 157 174 164 167 184 180 188 179 183 187 191 206 182 183 184 210 191 191 211 215 216 217 221 222 224 228 202 232 203 233 233 230 235 206 206 190 164 140 140 135 153 151 200 149 149 137 148 147 149 149 145 145 147 151 148 146 178 175 173 170 169 167 165 164 165 164 163 163 162 161 160 163 158
131 130 133 134 134 137 138 137 134 140 140 140 145 146 147 149 152 149 151 153 158 159 161 165 167 169 170 172 182 188 178 180 180 182 183 184 193 188 206 215 192 217 220 220 220 222 226 229 231 203 231 234 232 233 204 212 167 142 145 146 147 146 144 163 160 156 152 149 145 148 145 146 191 188 186 183 146 146 145 173 171 169 167 165 164 164 164 163 162 162 162 163 160 158
130 131 131 132 133 132 133 137 135 139 140 139 144 145 146 149 147 148 150 152 154 158 160 165 167 169 170 187 188 194 178 179 203 202 205 192 188 200 211 213 218 220 219 220 222 223 224 225 230 229 230 235 235 231 215 159 154 153 148 147 149 151 154 163 164 162 164 161 157 153 152 156 155 150 147 146 148 148 146 174 172 171 168 167 165 164 165 165 163 163 162 163 163 160
130 130 129 128 132 131 131 132 134 137 139 138 143 143 145 148 150 151 151 151 155 158 158 164 166 168 169 171 190 193 177 194 192 200 197 184 195 207 208 210 212 212 219 225 229 199 229 225 228 227 229 228 222 214 200 177 159 154 148 146 148 153 158 163 163 162 162 163 161 159 158 160 161 160 156 152 154 180 177 150 173 172 169 167 165 164 164 165 164 165 164 162 163 161
127 127 130 130 131 132 132 132 132 133 137 137 142 142 144 146 148 150 150 151 154 158 159 164 160 167 169 170 172 174 187 189 180 198 187 188 203 209 188 204 191 215 224 196 197 198 199 225 222 221 222 217 212 206 197 192 177 168 160 153 155 160 162 164 163 162 163 161 160 158 158 156 155 157 158 157 160 162 178 176 174 173 170 168 166 164 164 164 164 165 165 163 166 164
129 130 130 130 128 132 129 129 133 133 135 136 137 138 140 146 147 148 149 150 154 158 161 158 159 166 167 169 172 173 179 177 198 194 185 196 206 186 198 202 191 220 194 224 223 219 217 222 221 220 218 212 208 202 194 192 191 186 176 164 161 167 169 164 161 163 164 162 160 157 156 154 154 157 159 159 159 181 178 176 174 173 171 170 168 166 166 165 164 164 164 163 162 167
129 129 130 130 129 131 133 132 133 128 134 134 135 137 138 140 147 144 148 150 150 158 161 156 164 164 167 169 171 171 173 177 179 180 194 206 184 199 195 206 191 192 217 216 214 213 214 218 220 219 216 210 202 198 193 188 192 190 186 174 165 166 172 167 162 160 160 160 159 158 158 157 158 159 161 161 183 181 179 176 174 172 171 170 168 167 166 167 166 167 164 162 168 167
129 129 129 128 129 129 130 131 134 133 133 133 134 136 138 144 145 145 148 150 149 158 160 155 160 161 167 168 169 169 172 176 179 181 182 203 193 192 199 209 190 191 219 219 214 210 210 216 217 213 210 200 195 195 193 189 188 187 186 179 170 169 173 171 168 164 160 158 160 163 163 159 159 159 159 160 183 181 179 177 175 173 170 170 169 168 168 166 171 170 169 165 163 169
129 129 128 131 128 129 126 131 134 132 133 129 130 136 137 144 144 145 149 150 151 157 158 160 156 160 167 167 168 168 172 177 179 180 180 196 182 193 206 189 190 191 215 213 208 203 205 213 208 206 207 197 193 195 192 205 185 184 205 179 205 173 204 176 173 171 167 161 158 162 167 160 158 156 188 186 184 182 179 178 176 175 173 171 170 169 173 168 172 171 171 170 170 170
128 129 128 127 128 127 129 130 131 131 131 136 132 131 137 137 138 145 142 150 152 156 157 158 158 162 164 166 168 169 173 176 172 178 180 190 191 186 188 215 190 213 211 207 203 203 208 208 204 204 204 197 204 204 204 204 205 205 204 205 177 204 177 204 175 173 172 167 158 157 166 168 162 158 189 186 184 183 181 179 177 176 175 173 171 171 174 171 173 172 171 171 171 170
128 128 128 128 131 125 127 129 130 130 130 129 130 132 135 136 137 139 141 149 152 147 156 158 160 162 162 165 168 167 170 174 172 174 179 181 184 186 187 188 189 207 207 206 206 210 209 205 204 206 203 199 204 204 204 205 205 205 205 205 205 178 177 178 204 177 170 170 162 157 161 169 170 167 162 187 185 183 182 181 178 176 174 173 171 176 175 174 174 173 172 172 171 171
128 127 132 134 131 129 128 128 128 129 129 129 130 131 133 135 137 138 140 148 144 146 155 158 159 159 161 165 167 164 169 169 171 178 178 181 184 185 187 188 204 203 208 210 214 214 209 204 204 207 204 202 199 204 205 205 205 205 205 205 205 184 180 181 184 184 173 172 169 158 158 165 166 164 189 187 185 183 182 181 178 176 175 174 172 178 176 175 174 174 173 173 172 172
127 131 127 127 132 129 130 127 127 128 130 128 129 130 132 134 137 137 138 140 143 152 154 156 155 155 162 166 168 163 166 167 170 172 177 181 183 185 186 205 188 204 212 213 215 213 204 203 204 208 207 204 204 204 205 205 205 205 205 205 205 205 178 182 186 187 203 178 179 166 159 157 193 191 190 188 186 184 182 181 179 177 177 175 174 172 178 177 176 175 174 174 173 173
127 132 129 126 132 125 131 133 125 126 128 128 128 134 129 133 136 137 137 146 141 151 153 154 153 153 163 165 166 162 165 172 174 175 177 181 183 184 186 186 188 205 209 211 213 196 197 203 207 211 211 204 203 204 204 205 205 205 177 205 204 205 180 182 204 203 203 181 179 172 166 164 164 192 190 188 186 184 182 181 180 178 178 177 176 177 175 178 177 176 175 175 174 174
126 126 131 130 125 125 125 126 124 125 127 127 127 128 129 131 135 136 136 138 140 142 152 153 153 155 163 164 165 161 164 169 172 174 178 181 183 184 185 187 189 207 209 209 194 201 197 205 209 210 208 202 203 204 204 205 205 205 205 205 205 205 205 204 203 204 203 204 174 171 171 173 194 193 191 189 187 185 183 182 180 180 180 179 181 180 179 179 178 177 176 176 175 175
126 126 125 131 129 124 125 125 124 126 125 127 127 127 134 129 133 135 135 137 139 149 151 145 154 157 162 163 161 160 163 165 172 175 179 180 183 184 186 188 189 191 211 193 194 196 197 205 207 205 201 202 203 204 204 205 205 205 206 206 206 174 169 169 170 202 203 203 162 158 164 195 194 194 193 190 188 185 184 182 181 181 185 183 182 181 180 180 179 178 177 177 176 176
