examples/cougarCreek-fire/createInputs/WindNinja/wrfout_d3.2015081000.f18/cougarCreekFire_08-10-2015_1800_217m_non_neutral_stability_vel.asc
ncols	146
nrows	140
xllcorner	610065.000000
yllcorner	5095217.000000
cellsize	216.586807
NODATA_value	-9999.000000
[rows 72 to 107 of 140, columns 0 to 80 of 146]
11.05 11.55 12.17 12.04 14.56 18.76 17.63 14.42 16.99 17.81 17.39 17.67 16.71 12.91 13.46 11.12 10.71 10.67 13.92 10.51 10.44 10.41 10.39 12.47 10.25 10.19 11.67 17.14 17.59 15.58 16.54 17.03 16.43 17.97 16.16 16.50 16.29 11.81 17.23 15.09 15.77 15.81 11.02 15.48 13.48 9.60 10.24 15.94 10.28 7.91 9.51 7.91 15.63 16.53 8.00 8.05 8.05 8.04 7.99 7.99 8.14 8.35 17.42 10.85 10.00 8.83 11.28 8.81 8.74 9.72 8.61 14.99 14.76 13.27 13.80 14.93 13.97 15.32 14.19 15.57 15.02
11.22 11.56 11.87 11.67 15.03 17.70 17.29 14.86 18.10 18.15 17.27 17.33 16.60 11.55 14.30 10.76 10.49 10.43 10.42 10.35 10.28 10.26 10.27 15.41 10.11 10.06 16.22 16.81 14.19 11.49 17.81 16.44 15.92 15.56 13.49 16.35 11.76 15.52 16.80 14.48 16.76 15.40 10.87 15.31 15.31 9.58 15.31 10.43 10.40 7.67 10.06 7.63 15.34 7.73 16.14 7.87 7.88 7.89 7.88 7.88 7.94 8.05 11.08 16.81 15.77 15.12 11.42 14.46 13.70 13.61 13.72 13.97 14.57 14.48 14.69 14.76 14.03 13.94 14.19 14.35 15.07
11.05 11.15 11.27 11.23 14.99 17.10 16.86 17.11 18.10 17.84 17.17 16.98 10.94 17.92 10.52 10.27 10.19 10.21 10.30 10.25 10.16 10.16 10.16 11.92 10.14 10.69 16.70 13.94 11.32 17.07 17.11 16.06 15.97 11.23 13.53 17.24 11.70 15.42 16.78 14.63 16.11 15.17 14.93 16.02 10.45 9.87 9.81 9.89 10.29 10.31 7.40 15.21 15.15 7.62 7.70 15.65 7.83 7.86 7.87 7.85 7.81 7.83 7.93 16.83 15.66 14.51 15.81 15.98 14.84 15.45 17.00 15.97 15.36 8.77 14.62 13.37 13.88 13.87 14.10 14.45 14.25
10.78 10.81 10.96 14.04 15.46 15.30 14.75 16.85 17.65 16.85 13.83 15.46 17.16 17.79 10.17 10.05 10.06 10.20 10.24 17.31 10.03 10.05 9.97 9.96 10.50 11.94 15.93 11.49 16.45 15.90 17.90 15.85 15.96 10.38 15.15 15.69 11.54 15.10 16.65 15.32 16.02 14.93 14.80 10.60 10.12 14.52 7.50 14.35 7.30 10.93 7.16 7.22 15.53 7.45 7.50 14.25 15.70 7.59 7.65 7.68 7.67 7.68 7.78 11.00 16.05 10.73 14.05 11.05 10.86 16.07 8.32 8.44 16.46 13.42 8.55 13.43 13.49 13.97 13.95 14.11 14.20
10.64 10.67 10.77 14.81 15.34 15.00 13.96 14.65 16.99 12.87 10.53 10.69 10.59 17.91 10.27 10.06 10.02 10.13 15.28 9.95 9.94 9.90 9.85 9.92 12.08 15.65 14.90 15.51 15.92 16.39 17.33 15.83 15.35 14.24 17.43 11.54 11.37 14.93 11.65 15.10 14.55 14.65 14.32 14.01 9.98 9.99 15.65 7.28 7.24 10.87 7.05 7.14 7.28 7.35 7.34 11.38 15.35 7.40 7.45 7.52 7.54 7.54 7.62 7.73 15.08 15.01 15.19 15.05 10.77 13.92 16.11 13.44 12.61 15.19 13.85 16.46 13.33 13.90 14.11 13.58 14.77
10.51 10.52 10.53 15.08 14.91 13.50 13.03 14.84 14.09 11.75 10.90 11.51 10.88 10.64 10.38 10.04 9.93 9.95 9.89 9.82 9.78 9.75 9.81 12.50 14.16 15.01 14.94 15.69 16.33 15.44 15.31 17.41 14.20 15.89 15.45 11.37 8.36 14.73 11.47 15.54 10.73 11.54 11.49 11.31 9.96 9.81 13.98 7.35 7.18 10.82 6.96 7.06 7.16 7.21 7.22 11.25 15.08 7.41 7.41 7.35 15.07 7.46 7.51 7.53 11.96 15.65 15.65 15.58 14.34 11.76 14.50 14.76 15.93 15.87 8.28 8.48 8.60 15.51 13.96 13.88 13.90
10.34 10.34 10.34 15.29 14.35 10.37 13.54 16.68 13.75 12.68 13.12 17.44 10.53 10.41 10.19 9.85 9.75 9.78 9.73 9.66 9.63 9.70 9.82 13.74 16.51 15.50 15.34 15.67 15.93 14.74 14.96 17.59 16.70 17.24 12.46 8.30 8.19 12.05 14.60 14.22 11.63 11.54 11.47 11.38 11.03 10.85 11.06 13.53 7.01 10.69 10.72 6.95 7.04 7.10 7.09 7.08 14.71 15.02 14.94 7.27 7.35 7.41 7.47 7.53 7.50 15.40 14.98 14.98 12.76 7.74 7.82 7.82 15.22 15.57 8.28 8.41 16.26 13.89 13.74 13.54 14.51
10.21 10.21 10.22 14.91 14.63 10.22 13.71 14.81 13.91 13.47 13.71 16.68 16.82 10.02 9.84 9.58 9.61 9.70 9.62 9.56 9.63 9.71 15.95 9.54 9.32 15.39 15.09 14.86 15.63 14.84 14.18 17.13 16.99 16.78 12.36 8.16 8.02 11.99 13.64 14.63 11.63 11.48 11.41 11.27 11.06 10.99 10.93 10.82 14.97 6.83 10.70 6.92 6.97 6.97 6.96 10.58 7.14 14.42 15.39 7.28 7.32 7.26 7.25 7.30 7.41 11.86 12.35 12.28 12.35 7.87 7.94 7.97 8.02 12.52 13.86 13.57 8.40 8.64 13.64 14.17 14.05
10.05 10.05 10.10 15.38 14.40 10.05 10.09 14.09 13.97 13.74 14.21 15.95 12.95 9.87 9.62 9.51 9.65 9.66 9.57 9.65 9.76 9.75 13.69 9.33 16.21 15.55 14.71 8.82 15.49 12.82 15.30 16.97 16.88 15.15 12.48 8.23 8.09 12.08 10.76 15.97 11.49 11.42 11.27 11.26 11.17 11.02 10.82 9.78 10.54 6.93 6.89 6.91 6.92 6.93 7.10 7.28 7.28 13.51 11.22 7.44 7.40 7.32 7.20 14.16 7.31 7.51 14.74 12.05 12.59 11.01 11.25 11.51 8.03 8.04 12.15 13.80 8.41 8.62 13.97 12.98 13.10
9.89 9.91 9.94 14.87 9.91 9.99 10.03 13.16 14.46 14.74 14.65 12.88 13.04 9.73 9.51 9.54 9.61 9.58 9.64 9.75 9.72 16.47 9.42 9.19 14.12 13.33 8.78 8.76 12.92 16.86 12.34 15.00 15.13 16.28 12.41 11.99 12.02 15.47 14.44 7.68 7.53 7.45 11.36 11.07 10.86 10.98 10.82 7.06 9.43 7.04 6.95 6.91 6.94 7.08 7.31 11.39 13.24 7.40 10.94 11.59 7.53 7.49 7.39 7.30 12.09 7.40 11.94 13.99 13.78 11.13 13.11 14.41 11.77 8.07 8.17 8.28 8.42 8.56 13.70 13.32 12.65
9.73 9.75 9.77 15.21 9.80 9.88 9.89 12.94 14.98 16.51 14.67 9.71 13.18 9.56 9.41 9.47 9.50 9.55 9.63 9.60 15.11 17.07 9.17 9.00 13.58 15.47 8.72 8.71 16.34 16.19 12.41 14.46 15.00 16.41 12.27 11.85 11.96 11.27 11.76 7.63 7.52 7.44 11.30 11.14 10.68 10.94 10.82 7.05 13.33 10.76 7.01 6.98 7.03 7.18 11.16 11.16 11.26 14.33 11.31 11.00 15.29 7.54 7.50 7.41 7.37 7.36 7.41 15.10 14.04 14.94 11.46 11.78 13.31 11.22 8.25 11.17 13.10 8.42 8.43 13.44 12.73
9.57 9.59 9.61 9.60 9.67 9.70 9.71 12.71 14.61 16.44 13.19 9.69 15.70 9.44 14.63 9.36 9.47 9.54 9.46 14.97 16.10 13.37 9.04 8.87 13.84 8.80 8.80 8.72 16.07 12.84 14.52 14.36 12.65 12.45 12.31 12.10 14.53 7.89 11.75 7.50 7.37 11.19 7.31 11.15 7.27 7.16 7.03 12.40 10.30 10.71 10.53 7.04 7.15 10.98 14.85 10.84 7.09 11.30 11.38 10.87 11.37 15.42 13.33 7.64 7.58 7.42 7.34 12.29 14.41 14.54 13.69 13.56 13.11 13.31 12.33 11.83 12.51 15.59 15.67 14.25 15.26
9.43 9.46 9.48 9.50 9.56 9.58 9.61 12.71 14.72 14.18 9.51 9.69 16.92 9.37 9.34 9.42 10.50 9.45 9.38 15.52 13.95 9.04 8.91 8.81 8.75 12.76 8.70 11.69 12.73 12.83 15.79 16.04 8.15 7.98 15.81 7.94 14.01 7.90 11.75 7.51 7.44 7.47 7.45 7.34 7.23 7.16 7.10 7.01 10.26 6.82 10.42 7.02 10.85 10.77 10.68 6.92 6.96 7.10 11.24 7.28 11.27 11.65 11.79 12.21 13.22 13.22 11.93 11.82 15.22 14.02 14.10 10.90 14.42 12.97 13.36 14.44 14.92 14.92 14.33 8.11 8.24
9.30 9.32 9.36 9.41 9.47 9.48 9.48 13.09 14.15 12.19 9.50 11.63 15.30 14.36 9.40 9.44 9.37 13.05 15.14 16.43 13.41 8.87 8.71 8.60 8.53 12.52 12.32 12.64 12.49 8.38 15.84 15.32 7.88 7.84 15.21 13.80 13.92 11.93 7.86 7.85 7.81 7.66 7.49 7.35 7.26 7.19 7.12 7.02 6.94 6.93 6.97 6.98 6.93 6.93 6.95 6.94 6.90 6.94 7.05 7.12 7.13 11.33 7.23 11.42 14.56 14.25 14.86 7.31 11.92 14.95 14.69 10.52 10.98 15.00 15.17 14.98 14.82 14.69 7.99 7.97 8.09
9.17 9.17 9.22 9.30 9.34 9.34 9.33 9.29 13.14 9.27 9.39 16.17 9.29 14.34 9.29 9.25 13.36 14.05 16.27 14.01 8.83 8.70 8.53 15.67 8.41 12.19 8.37 12.75 12.11 15.72 15.59 10.79 15.76 7.88 15.31 12.57 15.07 15.05 7.89 8.03 11.78 7.63 7.39 7.26 7.22 7.14 7.05 6.98 6.97 6.99 7.02 6.98 6.93 6.94 6.99 7.02 6.99 6.95 6.96 6.99 6.99 7.01 7.04 7.08 14.55 14.34 14.80 12.03 12.11 12.29 12.46 13.69 13.42 13.72 14.75 7.64 14.72 7.89 8.09 8.17 8.19
9.02 9.03 9.13 9.22 9.23 9.25 9.27 9.24 9.22 9.24 9.31 14.85 9.21 14.67 13.63 13.11 13.13 14.40 16.00 13.48 8.67 8.48 8.40 8.37 13.95 12.57 8.21 12.76 8.04 15.36 8.15 11.29 8.11 7.99 7.93 7.84 7.72 7.64 14.27 14.83 7.55 7.47 7.32 7.19 7.14 7.14 7.12 7.08 6.99 6.89 6.87 6.91 6.92 6.93 6.99 7.04 7.03 6.98 6.92 6.92 6.91 6.93 6.98 7.04 11.53 14.45 14.77 11.91 12.03 7.39 7.51 14.84 13.84 12.65 13.38 12.68 12.87 13.99 14.59 14.02 8.27
8.86 8.92 9.06 9.12 9.12 9.15 13.18 9.14 9.17 9.19 9.23 14.70 9.05 14.41 13.79 12.74 13.06 16.42 15.78 8.64 8.47 8.31 8.26 8.22 13.18 8.15 8.14 8.13 8.13 8.15 12.26 14.10 15.87 7.93 7.80 14.91 7.60 7.48 14.57 7.14 7.10 7.13 7.16 7.12 7.10 7.10 7.09 7.02 6.94 6.86 6.86 6.89 13.21 6.90 6.90 6.93 6.95 6.95 6.92 6.91 6.95 6.98 6.98 6.96 14.28 13.73 11.60 14.44 14.50 14.65 7.26 14.77 14.45 13.65 7.63 7.75 7.84 7.89 7.91 12.88 8.18
8.71 8.77 8.87 8.90 8.93 8.95 13.15 8.97 9.01 9.02 9.04 15.72 8.92 8.83 13.65 12.25 13.14 13.98 13.92 8.40 8.25 8.19 8.14 13.82 8.09 8.13 8.20 8.24 8.22 8.21 8.21 12.97 15.67 7.88 7.80 7.69 7.57 7.45 14.56 7.14 7.07 7.09 7.15 7.16 7.12 7.06 6.95 6.87 6.85 6.88 6.91 6.95 13.22 13.33 6.92 6.95 6.98 7.00 7.00 7.00 7.02 7.04 7.02 14.23 11.21 13.73 13.87 14.19 13.98 14.03 14.25 14.43 14.53 14.66 13.10 12.64 12.94 7.99 8.05 8.06 8.06
8.56 8.62 8.71 8.74 8.79 8.81 8.85 8.86 8.85 8.86 8.93 14.15 8.87 8.72 13.91 11.89 13.18 15.78 15.70 8.21 8.15 8.11 8.11 8.13 8.12 8.13 8.17 8.16 13.18 13.39 13.20 15.15 15.42 7.99 7.96 7.83 7.67 7.58 7.45 7.31 7.24 7.24 7.26 7.22 7.13 7.06 6.98 6.92 6.87 6.86 6.90 6.98 7.06 13.25 7.02 7.01 7.04 7.05 7.04 7.04 7.01 14.04 6.98 14.29 14.24 13.99 13.45 13.69 13.35 13.13 13.33 13.68 7.15 7.33 14.27 14.20 13.40 14.14 13.15 8.11 8.18
8.40 8.49 8.60 8.65 8.70 8.75 8.76 8.76 8.75 8.77 11.56 14.76 8.55 15.80 14.20 12.61 14.05 8.29 8.18 8.08 8.01 7.98 13.83 8.05 8.10 8.13 12.43 13.36 13.19 13.17 15.09 15.45 15.54 7.84 7.78 7.67 7.57 7.48 7.38 7.33 7.29 7.24 7.18 7.09 14.24 7.05 7.09 7.06 7.00 6.94 6.94 7.00 7.09 12.71 7.09 7.04 7.06 7.08 7.07 7.04 7.02 13.90 13.98 13.67 14.14 7.02 13.96 13.49 11.90 12.45 7.08 12.84 7.18 7.31 7.47 12.93 14.05 7.75 14.31 13.38 13.57
8.25 8.36 8.50 8.57 8.60 8.59 8.55 8.56 8.57 8.57 12.13 14.40 14.05 14.13 13.95 13.40 13.79 15.29 8.04 7.97 7.90 7.90 12.46 7.99 8.04 8.06 14.21 12.78 12.65 13.20 15.17 7.91 7.78 7.61 7.51 7.44 14.42 7.29 12.04 10.89 7.18 7.21 10.56 7.16 7.12 7.13 7.14 7.11 7.06 7.01 7.00 7.03 7.08 11.77 11.88 7.06 7.05 7.05 7.03 7.01 7.02 7.04 13.63 13.18 13.88 6.99 7.03 13.88 13.02 12.71 7.11 12.96 7.23 7.35 13.71 13.77 13.69 13.71 13.65 12.69 12.45
8.12 8.28 8.46 8.53 8.49 8.46 8.40 8.39 8.36 8.36 8.33 13.64 8.17 13.90 8.22 13.75 13.06 13.78 8.01 7.96 7.93 7.94 12.49 7.95 7.94 11.74 12.89 12.67 12.79 14.97 14.29 7.80 7.66 7.55 7.49 12.33 7.36 7.29 7.23 7.13 7.11 7.18 7.31 7.37 7.33 7.20 7.14 7.11 7.09 7.06 7.03 7.02 7.03 12.09 11.82 12.86 6.97 13.02 6.96 6.97 7.00 7.01 13.03 12.35 12.94 6.89 6.91 13.76 13.28 12.74 11.73 13.30 7.27 7.36 14.01 13.79 13.56 7.69 12.24 11.19 7.98
8.05 8.23 8.39 14.29 8.39 8.38 8.32 8.30 8.28 8.28 8.25 8.20 13.31 8.19 8.16 8.11 13.33 13.45 7.95 7.91 7.91 7.91 7.86 12.08 7.78 11.30 12.54 14.75 15.06 14.16 14.63 13.66 14.71 13.50 12.15 7.52 7.50 7.49 7.53 7.52 7.43 7.33 7.28 7.28 7.27 7.19 7.13 7.09 7.06 7.03 7.01 7.02 7.02 7.07 11.23 11.75 12.00 11.49 12.76 6.92 6.95 6.97 13.05 10.69 6.94 11.92 13.31 6.83 12.80 12.53 12.02 13.14 7.21 7.29 13.57 14.18 14.25 13.91 12.16 12.35 12.90
8.02 8.17 8.32 8.21 8.34 8.31 8.25 8.25 8.28 8.28 8.24 8.18 8.13 14.15 8.02 14.01 13.38 12.85 14.56 7.81 7.77 7.74 7.70 7.64 7.67 7.76 13.89 14.27 7.64 7.61 7.58 14.72 13.58 11.66 7.49 7.49 7.53 7.58 7.63 11.73 7.61 7.47 7.30 7.24 7.25 7.24 7.17 7.08 7.01 6.98 6.97 6.97 6.97 6.98 9.73 8.01 9.29 10.50 11.07 12.50 6.92 6.93 12.18 10.04 7.01 8.72 10.31 12.14 12.11 12.22 11.40 12.34 13.61 13.79 13.89 7.41 7.55 7.67 12.53 12.29 12.54
7.88 7.97 8.16 8.23 8.27 8.07 8.17 8.20 8.24 8.21 8.15 8.10 8.04 13.74 14.10 14.03 12.99 12.21 14.50 7.72 7.61 12.14 7.54 7.62 7.73 11.76 14.37 14.19 13.88 11.44 7.70 13.42 7.62 7.58 7.55 7.54 7.53 7.49 10.49 7.30 7.30 7.33 7.32 7.29 7.27 7.28 7.25 7.19 7.11 7.06 7.02 6.99 6.95 6.94 6.99 7.01 6.98 6.99 7.01 6.98 11.79 12.53 11.85 12.19 11.60 9.72 6.92 10.17 11.06 10.97 11.13 12.31 12.50 12.70 13.47 13.85 7.54 7.64 14.38 7.82 10.82
7.94 7.92 7.93 8.11 7.89 8.02 8.07 8.15 8.10 8.08 8.04 8.01 7.99 13.32 7.89 7.87 12.98 13.07 14.48 7.62 7.59 7.60 7.66 7.77 7.79 14.09 14.21 13.78 7.64 7.69 7.70 7.71 7.68 7.64 7.62 7.61 7.56 7.51 7.40 7.28 7.19 7.17 7.20 7.24 7.26 7.27 7.28 7.27 7.21 7.15 7.13 7.11 7.09 7.07 7.05 7.04 7.02 7.00 6.99 6.98 6.95 11.47 12.04 12.14 11.42 6.93 6.93 6.94 6.93 6.95 7.01 7.08 7.16 11.77 12.79 13.17 7.47 7.43 7.66 13.88 7.92
8.11 8.04 8.12 8.06 8.03 7.89 8.05 8.08 7.99 8.03 7.98 7.95 7.95 13.57 7.85 7.85 13.10 13.72 14.23 7.61 7.67 7.79 7.89 7.87 7.71 14.39 14.06 7.60 7.66 7.67 7.68 12.38 7.61 7.58 12.12 11.64 11.92 11.15 11.77 12.31 7.28 7.18 7.17 7.24 7.30 7.30 7.27 7.25 7.20 7.14 7.12 7.16 7.19 7.19 7.17 7.14 7.11 7.07 7.02 6.99 6.99 7.01 7.01 7.00 9.28 7.02 7.00 6.99 7.00 7.04 7.09 7.14 7.15 12.02 12.37 12.82 13.62 7.36 7.51 14.14 7.98
7.86 7.66 8.04 8.01 7.78 7.92 8.14 8.01 7.99 8.00 7.89 7.89 7.94 7.90 7.87 7.82 7.78 7.69 7.65 7.64 7.73 7.79 7.77 7.66 13.85 13.81 7.54 7.57 13.80 13.46 7.55 7.54 7.50 11.82 11.50 11.50 11.51 12.64 12.21 10.26 7.04 7.15 7.21 7.20 7.20 7.22 7.24 7.25 7.24 7.18 7.13 7.14 7.19 7.20 7.20 7.19 7.15 7.12 7.09 7.05 7.03 7.03 7.04 7.03 7.03 7.03 7.02 7.00 6.99 7.02 9.75 11.00 11.23 7.14 11.66 12.16 13.07 7.33 7.45 7.79 13.84
7.40 7.57 7.90 7.45 7.71 7.99 8.00 7.90 8.03 7.91 7.74 7.91 7.93 13.91 7.80 7.75 7.69 7.68 7.66 7.66 7.67 12.54 7.46 13.67 7.37 7.46 7.52 7.49 14.26 13.22 11.77 7.49 7.52 7.52 13.22 13.28 12.07 7.31 7.24 7.22 7.29 7.32 7.32 7.29 7.25 7.24 7.27 7.30 7.33 7.35 7.30 7.20 7.18 7.21 7.25 7.26 7.23 7.18 7.12 7.09 7.06 7.05 7.05 7.07 7.08 7.05 7.02 7.00 6.97 9.05 10.42 11.13 10.99 11.10 10.32 7.29 7.47 12.79 7.39 7.48 13.84
7.48 7.49 7.31 7.34 7.68 7.96 7.83 7.87 7.75 7.79 7.69 7.84 7.80 7.72 7.65 7.65 7.60 7.58 7.57 7.52 7.47 7.34 7.15 11.52 7.33 7.40 13.04 14.10 14.15 7.41 7.46 11.70 12.66 13.31 13.60 13.61 7.41 7.57 7.84 8.05 7.98 7.70 7.45 7.35 7.35 7.35 7.33 7.35 7.35 7.33 7.29 7.21 7.19 7.24 7.28 5.71 6.11 5.67 7.15 7.12 7.11 7.09 7.08 7.08 7.72 8.85 7.98 7.02 6.99 6.96 9.09 9.19 9.48 9.22 7.19 7.26 9.83 11.72 12.96 13.56 13.17
7.41 7.35 7.41 7.47 7.63 7.62 7.84 7.88 7.96 7.63 7.57 7.70 7.61 7.62 7.38 7.59 7.63 7.52 13.70 7.46 13.05 7.20 7.06 7.23 7.34 7.34 12.72 13.71 13.20 7.46 7.50 7.45 13.08 13.31 13.42 13.12 10.97 11.00 11.96 14.13 7.70 7.63 7.44 13.36 13.33 7.22 13.81 10.96 7.26 7.31 7.38 7.35 7.23 7.17 7.94 8.72 9.69 8.39 6.06 7.15 7.13 7.09 7.05 7.02 7.03 7.06 7.08 7.07 7.05 7.05 7.07 7.08 7.08 7.14 9.60 7.34 7.41 7.50 12.00 13.00 7.84
7.62 7.54 7.52 7.56 7.47 7.63 7.65 7.57 7.64 7.43 7.48 7.54 7.45 7.40 7.33 7.51 7.57 7.54 7.57 7.28 7.15 7.17 7.24 7.34 7.37 7.32 12.86 13.47 12.65 7.43 12.73 13.20 13.06 12.99 12.21 13.43 12.88 13.05 13.69 13.58 12.73 7.13 7.26 7.25 11.28 11.75 11.14 7.12 10.16 10.18 7.44 7.48 7.33 7.13 4.87 6.14 6.57 5.97 7.17 7.16 7.14 7.13 7.11 7.09 7.09 7.09 7.10 7.12 7.13 7.13 7.17 7.21 7.22 7.17 9.38 7.31 11.62 11.93 12.48 13.22 13.04
7.13 7.38 7.25 7.33 7.37 7.51 7.81 7.40 7.30 7.39 7.43 7.45 7.62 7.64 7.32 7.63 7.55 7.57 7.25 12.91 7.20 7.24 7.27 7.32 12.88 7.25 12.74 13.44 12.50 12.78 13.66 13.46 13.01 13.11 13.25 13.90 13.59 12.87 12.77 12.81 13.03 14.25 13.27 10.96 9.90 7.21 7.20 7.18 9.93 11.07 14.25 10.57 7.34 7.21 7.11 4.61 5.03 7.13 7.15 7.17 5.26 5.51 7.18 7.20 7.20 7.17 7.14 7.15 8.72 8.34 8.68 8.79 7.24 8.95 8.95 7.24 7.38 11.86 12.18 12.86 12.74
6.90 6.95 7.06 7.19 7.23 7.25 7.39 7.34 7.23 7.38 7.43 7.52 7.73 7.42 7.45 7.60 7.50 7.50 7.10 13.01 7.24 7.15 7.19 7.26 12.60 7.17 7.21 13.48 12.55 12.84 13.58 12.74 12.94 13.25 13.21 13.91 13.27 6.99 6.98 10.18 11.34 13.25 12.46 10.54 7.24 9.45 7.29 7.27 9.41 9.20 7.24 7.32 7.41 7.33 7.12 4.48 7.04 7.10 7.13 7.17 4.81 5.22 5.36 6.25 7.82 7.67 8.08 8.36 9.81 9.63 9.76 9.37 9.26 7.25 7.24 7.23 7.26 7.36 7.44 7.50 11.89
6.79 6.90 7.18 7.33 7.34 7.42 7.51 7.33 7.21 7.33 7.43 7.69 7.66 7.37 7.63 7.48 7.17 7.42 7.02 6.95 6.89 6.92 7.05 12.90 7.12 7.06 12.60 13.47 12.55 12.59 12.98 12.97 13.19 13.16 13.45 13.66 11.80 7.03 7.04 12.42 7.12 12.77 12.48 7.19 10.90 10.71 10.43 9.61 7.29 8.95 7.42 7.49 7.60 7.67 7.50 3.88 7.08 7.12 7.16 7.20 5.11 6.17 7.92 8.08 8.20 8.12 8.30 9.33 8.99 9.52 10.35 10.83 10.88 9.90 7.25 7.21 8.44 8.44 7.32 7.51 7.68
6.82 6.93 7.22 7.22 7.46 7.53 7.52 7.40 7.25 7.31 7.41 7.58 7.40 7.39 7.54 7.42 7.08 7.31 6.89 6.83 6.77 6.76 6.86 12.03 11.71 6.97 12.72 12.96 11.74 12.12 11.96 13.55 13.55 13.13 13.21 12.33 7.01 7.06 7.07 13.66 12.51 12.91 11.34 11.00 11.14 11.09 7.21 7.24 11.10 12.71 13.11 12.21 9.60 8.05 4.15 4.77 3.89 7.19 7.20 4.25 6.30 7.62 7.08 5.82 7.15 6.13 7.67 7.95 7.61 8.01 8.58 9.42 10.48 10.60 9.54 7.27 7.29 7.37 7.55 11.81 11.64
