examples/cougarCreek-fire/createInputs/WindNinja/wrfout_d3.2015080912.f12/cougarCreekFire_08-10-2015_0000_217m_non_neutral_stability_ang.asc
ncols	146
nrows	140
xllcorner	610065.000000
yllcorner	5095217.000000
cellsize	216.586807
NODATA_value	-9999.000000
[rows 42 to 83 of 140, columns 0 to 93 of 146]
265 265 264 264 262 263 260 262 261 261 261 259 253 243 238 235 233 241 251 253 253 245 228 217 231 240 239 232 228 229 228 231 222 198 189 182 165 158 190 211 220 230 233 233 229 228 224 229 222 227 225 231 234 237 237 238 238 240 244 247 247 248 251 254 255 254 253 251 251 250 250 249 249 249 249 249 244 237 230 227 227 224 220 220 228 228 229 231 231 230 231 231 213 210
267 266 266 266 265 229 263 263 262 263 260 248 234 233 230 231 239 244 248 250 246 230 219 223 236 242 235 227 228 229 222 220 214 209 204 199 176 178 179 221 238 238 236 238 242 243 236 223 200 221 233 235 240 244 245 246 248 249 249 252 251 250 250 249 249 249 246 241 240 240 240 240 241 242 244 248 248 242 230 225 228 231 211 221 229 228 229 230 231 231 232 232 215 211
268 267 267 268 267 259 264 263 263 255 240 231 231 236 233 235 234 235 243 243 236 226 224 228 237 238 229 226 230 229 218 216 214 212 212 210 191 176 183 217 233 239 241 242 245 246 233 206 210 225 233 239 245 248 249 247 245 245 248 248 242 239 244 242 241 240 234 230 232 233 233 233 235 238 240 236 242 244 232 225 227 232 232 224 231 211 230 230 230 230 231 232 216 212
270 269 270 269 262 262 262 263 264 233 230 231 240 246 241 235 229 240 249 248 241 232 229 227 234 232 227 229 234 228 216 215 215 227 214 209 204 193 193 213 226 233 237 243 248 247 236 216 215 228 236 242 250 253 250 244 240 240 242 244 235 232 241 240 243 235 217 210 222 221 218 223 225 226 229 233 240 243 245 232 225 231 236 222 233 232 212 232 231 229 229 232 233 212
272 272 231 270 262 262 238 241 234 229 231 240 249 245 238 234 236 253 254 253 247 230 220 217 226 228 229 235 237 227 214 215 215 215 212 211 203 198 204 209 223 230 237 247 246 241 227 211 224 226 235 243 251 254 247 237 230 234 233 235 231 236 239 231 233 227 220 217 210 209 211 209 214 234 228 226 238 235 241 223 215 232 237 226 225 233 233 234 234 233 230 232 233 231
273 229 256 271 271 262 234 235 235 230 240 249 253 249 248 256 254 261 256 250 238 218 214 214 225 229 235 239 235 226 218 215 216 216 238 216 207 200 203 218 218 226 224 235 240 228 220 208 201 214 225 235 240 239 234 228 224 239 234 216 214 217 215 216 217 216 212 207 208 212 212 212 218 227 237 226 223 237 230 225 211 233 239 238 221 233 233 234 235 235 233 233 233 232
274 231 239 243 233 235 229 237 246 240 250 263 257 259 260 257 266 261 254 245 234 216 214 222 232 236 243 241 236 233 225 221 222 217 244 231 212 202 205 208 209 221 227 228 230 220 215 204 198 205 218 232 230 225 227 227 221 200 210 211 209 208 210 214 218 219 216 214 213 210 216 227 219 222 238 227 216 220 225 232 214 224 240 239 226 211 233 234 234 233 233 234 234 233
232 259 234 233 255 234 243 263 263 251 254 265 265 264 264 254 246 241 235 237 234 214 217 233 233 238 241 238 240 241 227 225 230 219 222 247 229 195 209 206 220 227 226 223 216 217 211 207 199 203 224 226 210 207 212 213 214 210 211 214 225 225 224 216 217 221 216 217 217 214 226 228 223 232 236 228 226 227 232 227 219 222 243 244 238 233 220 219 232 232 224 233 233 235
260 234 234 254 255 272 272 267 265 265 268 270 268 262 247 237 237 233 233 237 235 220 220 220 224 230 237 237 242 238 223 228 230 220 222 227 221 195 211 220 218 231 228 224 219 212 205 199 197 203 205 209 215 219 221 224 235 229 212 215 228 227 227 228 219 221 218 223 228 227 222 225 232 229 227 227 232 236 232 223 224 229 244 247 242 238 234 232 232 214 221 225 231 233
260 258 255 259 275 275 267 266 267 269 272 272 269 254 236 234 235 233 236 239 236 233 222 215 219 232 241 246 247 235 224 230 226 220 220 221 209 201 213 224 230 233 232 224 235 232 226 222 220 215 216 218 226 223 234 243 239 230 229 216 219 227 228 232 231 226 215 215 215 217 218 209 224 223 223 221 221 221 231 218 228 230 236 243 247 245 242 237 234 233 212 217 223 229
236 257 239 277 277 268 268 268 259 271 272 255 240 237 233 233 235 237 239 239 236 237 237 248 225 245 244 251 247 228 221 228 224 220 221 220 209 203 214 222 231 237 238 232 225 240 237 239 240 239 233 232 231 230 233 241 232 225 208 216 219 215 224 238 233 228 227 229 227 223 233 228 228 236 236 237 237 237 235 233 219 230 231 236 242 244 245 243 240 237 234 231 231 231
262 237 280 280 268 264 254 253 257 263 250 238 261 258 257 257 256 242 242 240 232 238 235 214 241 245 254 242 231 220 213 224 227 221 220 217 207 212 217 231 235 239 243 241 233 241 237 242 244 245 245 242 239 235 237 234 226 217 221 225 226 224 234 240 243 241 243 243 240 241 246 247 244 241 240 240 221 231 238 237 235 234 215 236 235 237 241 243 243 242 240 237 234 232
267 239 268 265 244 242 252 258 259 258 240 263 259 258 245 243 257 249 247 244 257 255 230 221 239 245 236 228 231 221 212 229 231 221 239 213 207 203 216 223 226 230 239 244 245 245 242 244 243 243 244 245 244 244 243 244 239 229 227 230 230 236 243 249 252 254 253 249 244 245 250 252 247 243 241 240 240 240 240 240 241 239 238 238 237 236 238 240 241 243 243 240 237 235
271 259 265 245 263 257 266 259 245 243 264 261 260 259 248 246 259 249 260 260 235 225 224 230 236 234 229 233 238 223 212 231 231 222 215 243 214 220 219 217 217 217 229 236 240 244 245 246 244 242 242 243 246 249 252 248 243 242 243 243 241 241 246 249 252 256 256 250 246 246 247 246 243 243 243 243 243 243 244 244 243 240 217 228 237 237 238 237 237 239 240 239 238 238
262 285 262 260 282 264 273 249 266 265 262 260 261 261 250 261 261 262 270 225 227 223 222 234 239 234 239 246 241 221 215 230 232 223 220 212 217 223 223 222 221 221 222 226 233 238 242 246 248 246 243 243 245 249 253 252 248 247 248 245 243 242 242 242 243 244 244 243 243 242 241 238 236 240 244 245 246 245 245 246 245 230 242 240 238 218 236 235 235 236 236 235 236 237
286 287 261 285 284 285 273 266 284 282 281 262 279 278 263 263 263 257 229 221 227 223 225 254 241 235 245 248 233 217 223 238 242 233 223 223 218 219 221 219 221 222 216 222 226 234 236 241 244 247 248 245 244 247 248 246 244 244 243 241 241 242 243 243 242 240 237 236 238 239 237 235 236 239 242 243 243 243 244 247 243 244 245 245 243 240 239 239 217 215 236 235 234 235
288 289 289 287 287 281 266 287 285 283 269 266 281 278 262 269 275 275 275 256 229 226 265 264 243 243 257 248 225 222 236 242 243 236 213 228 214 219 212 217 214 214 215 220 220 229 236 235 237 240 244 246 244 246 245 244 243 243 241 240 241 241 243 244 243 243 242 240 241 239 237 237 238 239 241 242 250 246 243 241 239 239 241 242 243 243 243 223 241 239 238 237 235 235
289 290 290 290 291 270 289 287 285 267 270 283 269 280 279 279 282 277 276 274 231 256 268 258 238 259 261 241 225 233 247 242 235 231 221 222 219 219 220 221 222 216 214 222 222 214 219 234 228 235 236 237 241 243 243 243 244 246 245 243 242 241 242 242 241 242 242 242 243 240 238 240 240 240 252 245 227 228 239 239 239 238 238 237 238 240 241 241 240 240 238 237 237 236
289 292 293 292 271 291 289 287 267 275 285 284 283 283 283 287 283 273 277 275 239 239 241 235 258 263 251 238 239 248 247 237 233 230 224 223 216 220 219 222 223 224 223 215 224 225 225 217 216 235 236 222 235 237 240 241 242 244 244 243 243 243 244 248 242 240 238 238 238 237 238 240 249 248 229 231 240 235 225 222 224 230 229 227 229 231 231 240 240 240 239 238 238 237
291 293 293 293 292 290 289 289 287 287 286 287 288 294 292 288 241 277 273 262 259 231 236 261 264 264 261 248 251 248 238 232 234 230 225 222 223 220 221 222 226 225 224 216 216 218 219 218 218 238 240 237 236 238 239 240 246 245 243 244 245 248 250 249 244 241 239 237 236 237 247 245 227 230 242 237 229 225 231 229 218 227 219 222 225 222 221 223 240 240 240 239 239 239
293 294 294 292 292 290 290 289 288 288 290 296 296 291 284 255 283 279 284 262 261 234 228 244 264 264 254 254 253 244 233 234 242 231 224 223 221 223 223 224 225 227 224 226 218 218 218 227 227 241 243 243 242 215 243 243 240 244 219 222 244 247 246 245 245 245 239 246 246 245 239 234 238 245 241 229 224 223 225 232 220 220 228 223 242 225 224 223 241 240 240 240 240 241
297 296 293 292 292 291 290 290 292 299 298 295 293 291 277 251 287 290 270 230 231 231 229 235 262 263 255 256 252 244 238 245 245 226 223 223 223 222 224 226 226 229 229 228 229 229 229 219 218 243 247 246 246 216 246 246 236 247 224 219 244 244 236 240 244 243 247 216 217 227 233 230 233 237 233 229 223 233 227 228 224 245 222 220 243 228 228 226 242 241 241 241 241 242
300 298 295 294 293 293 293 295 302 300 293 291 297 299 249 285 288 282 265 232 265 259 232 237 249 249 256 257 248 243 243 239 236 229 225 224 229 225 226 231 228 231 219 227 229 231 231 244 243 219 245 249 248 247 248 249 249 242 248 225 247 241 246 225 219 219 221 221 245 223 229 235 220 222 236 228 235 235 235 239 232 224 246 245 245 244 244 224 243 242 242 241 242 242
303 301 298 296 296 298 300 304 301 287 280 279 270 252 284 284 285 275 267 233 284 263 237 235 248 262 267 260 252 250 246 233 231 230 226 229 229 228 229 233 230 228 223 234 233 233 232 232 244 243 244 250 249 250 233 251 250 250 250 221 250 250 249 226 228 223 222 222 226 224 224 223 222 224 237 232 245 254 255 252 249 246 240 237 238 237 246 246 245 244 243 244 244 243
305 302 299 299 306 309 307 300 292 286 278 270 253 255 282 288 294 268 290 265 285 284 283 283 245 267 271 271 260 254 241 232 231 230 231 231 229 229 234 234 233 230 236 222 251 249 247 247 246 235 246 246 252 219 253 252 252 251 251 251 225 252 224 224 223 225 237 219 222 223 226 239 224 223 222 230 253 252 247 239 236 236 237 241 248 249 245 246 246 245 245 245 245 244
308 306 303 303 306 308 304 297 290 283 270 257 249 254 282 294 297 267 292 237 267 267 285 284 243 269 273 273 256 242 235 233 232 232 231 231 233 235 233 240 233 232 239 257 255 236 222 223 222 235 227 248 244 254 232 255 253 251 251 245 253 233 232 252 225 223 223 248 248 226 229 226 224 225 225 228 247 248 247 246 245 244 246 247 247 245 232 236 245 246 248 248 247 246
311 309 306 298 299 294 288 285 269 268 250 284 281 297 278 294 297 242 270 268 270 243 287 239 241 285 283 275 249 241 233 233 233 230 231 236 234 235 236 238 236 236 258 261 260 257 254 223 250 229 225 256 255 256 257 224 256 253 253 227 232 234 243 224 242 242 240 250 249 226 230 235 242 242 227 228 231 229 249 248 239 251 257 253 243 231 247 239 247 248 250 250 250 249
311 309 306 292 287 262 260 261 263 264 249 249 245 297 278 295 298 297 245 293 266 243 238 238 245 286 285 276 245 242 241 235 233 236 233 237 238 237 238 239 242 248 235 260 259 256 254 253 253 252 250 257 256 257 258 259 225 257 254 249 236 254 254 229 229 230 229 252 251 250 226 229 229 242 231 227 226 248 252 247 246 246 247 248 248 248 248 247 248 251 251 251 252 251
311 309 306 291 285 257 256 263 265 262 253 252 248 285 285 297 300 297 247 293 293 243 265 246 272 287 282 267 245 243 251 234 235 235 234 245 237 237 238 245 245 241 240 257 258 255 225 226 254 254 259 258 258 224 259 259 260 260 257 254 246 252 254 255 255 236 233 228 253 252 231 228 228 228 227 225 224 248 236 244 250 246 249 253 252 244 245 245 246 256 247 249 251 251
314 310 306 306 284 256 259 278 266 259 258 255 300 247 297 300 302 298 250 294 245 248 290 270 289 289 280 248 238 249 252 239 278 277 237 239 241 238 240 246 241 243 243 235 259 259 254 227 252 252 254 259 249 225 225 259 259 261 260 257 254 232 253 254 254 254 254 245 229 253 253 226 230 228 226 226 226 225 224 226 249 248 222 231 252 251 252 251 233 237 248 252 251 247
315 311 307 307 282 256 261 279 264 259 260 258 263 281 300 302 303 298 269 293 293 292 291 272 290 283 275 246 243 254 249 240 239 234 246 243 239 259 238 247 242 239 255 244 245 260 255 225 252 260 255 260 224 226 259 259 259 260 261 260 257 255 227 246 249 253 250 252 252 249 253 230 229 236 233 227 232 228 232 226 229 232 225 232 247 229 228 228 228 245 227 227 233 233
315 311 308 307 280 262 263 277 258 256 260 260 263 298 290 301 303 298 295 294 293 293 292 259 292 283 254 248 260 271 242 241 240 246 257 245 262 238 240 249 241 240 256 246 237 260 229 253 251 262 252 261 225 260 226 260 260 260 261 261 260 257 248 228 230 232 243 230 233 232 233 232 230 231 230 228 233 233 233 233 230 236 232 230 235 234 228 228 229 248 248 230 230 234
312 310 308 307 278 263 264 262 255 255 258 259 301 253 294 298 302 298 295 294 294 293 292 275 292 280 251 263 272 247 240 241 239 265 257 241 262 239 240 252 245 241 241 242 255 257 257 255 252 251 262 227 226 261 260 226 260 260 260 261 261 259 257 230 231 234 227 227 231 229 226 228 230 252 230 234 233 234 234 234 235 236 235 228 231 234 231 236 235 230 250 248 228 232
310 309 308 283 275 274 275 262 256 258 274 265 256 251 296 299 302 299 296 249 295 294 293 293 282 274 254 273 251 250 237 242 249 270 252 244 263 242 240 248 245 242 241 257 257 239 265 235 265 249 264 263 226 262 262 236 229 261 261 261 262 261 259 249 230 247 234 245 246 227 254 253 227 236 251 234 235 235 235 235 235 235 245 244 230 231 233 230 239 238 230 250 248 227
309 309 307 278 274 273 276 274 258 279 301 300 300 251 297 300 302 299 262 296 295 294 293 293 275 256 258 255 249 248 241 243 252 256 239 266 263 244 258 248 248 243 241 243 258 257 230 266 266 249 264 264 263 262 262 247 230 261 261 262 262 262 261 259 236 233 230 231 247 234 228 238 239 230 235 229 236 235 236 237 232 235 249 244 232 231 231 231 233 242 251 236 250 248
309 308 307 274 273 279 280 272 275 285 303 287 300 299 298 300 301 298 296 295 295 294 293 273 265 258 258 253 248 253 250 239 256 249 245 266 278 245 258 246 261 256 254 254 259 259 241 266 266 250 265 265 264 263 263 248 230 261 261 263 230 263 262 260 246 232 230 231 234 242 231 232 231 229 254 254 254 230 239 237 236 236 233 234 228 250 231 235 232 237 247 251 240 250
308 307 306 271 275 305 278 260 276 281 280 258 300 299 298 300 299 297 296 295 294 294 294 272 249 255 254 252 250 256 256 238 245 240 259 279 278 256 249 253 257 256 255 254 256 256 253 239 265 250 251 266 264 263 263 263 231 230 230 263 263 264 262 260 259 232 232 231 238 255 256 256 229 229 255 255 231 239 240 241 237 236 236 236 235 251 251 233 231 230 230 238 250 251
308 307 306 273 273 304 275 270 274 276 274 257 254 298 298 299 298 297 296 295 294 294 257 293 292 254 254 255 251 255 257 239 239 241 258 278 278 255 255 252 257 256 255 254 255 254 252 251 229 267 251 266 265 263 262 254 264 232 231 262 262 263 263 262 259 245 241 240 239 255 255 256 257 240 237 240 255 255 243 244 240 237 236 236 235 252 253 252 250 250 251 231 234 250
307 306 305 269 272 304 302 272 272 273 270 259 273 297 298 298 297 296 295 295 294 293 272 292 244 252 255 287 252 261 251 240 238 249 258 278 277 255 264 243 256 255 254 254 254 253 252 256 254 266 267 266 264 263 263 264 264 234 249 261 261 262 264 235 261 258 232 242 238 244 243 243 257 257 243 237 257 257 242 248 245 234 253 252 252 253 254 253 251 251 251 250 249 236
306 306 304 273 304 303 302 276 270 268 267 274 272 297 298 298 297 296 295 295 294 252 292 292 259 260 288 286 261 240 261 249 249 244 258 258 255 245 253 275 274 273 254 255 255 253 253 267 260 266 266 265 263 264 266 250 239 262 251 247 261 261 262 263 244 260 246 234 233 244 237 231 242 257 258 258 259 259 243 243 245 255 254 253 252 253 253 253 252 252 252 250 250 234
306 305 304 267 303 303 302 275 266 256 265 299 271 297 298 297 296 296 295 295 260 246 292 291 260 249 287 286 245 240 260 254 250 240 256 256 254 261 257 275 274 273 256 255 255 253 253 268 252 252 265 264 265 267 254 250 249 232 248 251 231 261 261 261 262 262 260 232 233 230 244 242 239 246 258 252 242 260 259 242 242 254 256 255 254 253 253 253 253 253 252 251 252 250
305 304 303 303 302 302 301 275 267 253 271 299 258 297 260 297 296 295 294 259 253 273 291 290 257 288 287 285 246 259 255 256 258 256 255 254 249 275 256 274 274 256 274 254 270 270 270 255 257 253 250 265 267 255 238 250 263 247 247 252 249 232 236 260 261 262 261 243 231 231 235 236 241 241 244 248 246 235 236 239 232 254 255 256 255 254 253 252 252 253 254 252 253 254
