examples/cougarCreek-fire/createInputs/WindNinja/wrfout_d3.2015080912.f12/cougarCreekFire_08-10-2015_0000_217m_non_neutral_stability_ang.asc
ncols	146
nrows	140
xllcorner	610065.000000
yllcorner	5095217.000000
cellsize	216.586807
NODATA_value	-9999.000000
[rows 84 to 125 of 140, columns 0 to 93 of 146]
304 304 302 302 302 301 301 274 264 265 299 298 250 297 297 296 281 295 293 256 265 291 290 289 288 262 286 266 260 259 247 245 280 279 241 276 254 275 255 273 274 275 274 272 270 270 270 270 257 267 251 267 256 254 250 264 264 263 249 263 250 247 245 243 239 237 245 245 232 233 233 248 234 243 241 237 236 236 240 258 256 255 255 256 256 256 254 254 253 253 253 252 254 254
304 303 302 301 301 301 300 271 265 274 298 277 263 264 297 296 295 268 257 250 270 290 289 288 287 262 263 261 260 282 240 245 279 279 245 252 253 256 273 273 274 275 274 271 270 270 270 270 269 268 268 269 268 266 264 264 265 265 264 264 264 248 261 248 234 233 232 260 244 232 232 250 250 235 235 235 235 235 258 258 258 257 256 255 256 233 256 255 255 254 254 254 254 254
303 302 301 301 300 300 299 298 268 298 297 254 297 262 296 295 266 262 249 261 290 289 289 241 287 264 285 260 261 241 240 266 242 279 245 256 246 246 275 274 257 272 272 271 270 270 270 270 269 268 268 268 267 265 264 265 265 265 265 264 264 263 262 262 234 233 233 244 244 243 243 237 240 240 236 259 235 258 257 257 258 246 257 256 256 256 255 255 255 238 255 255 254 254
302 301 301 300 300 299 299 298 298 298 297 263 297 259 264 265 265 259 249 264 290 288 288 287 253 261 284 260 282 246 280 265 279 279 279 278 277 277 251 248 272 270 270 270 270 270 270 270 270 269 267 267 266 266 265 265 265 265 265 264 263 263 263 262 246 234 234 244 244 260 260 236 238 242 239 240 239 237 236 239 257 250 257 256 257 256 256 255 254 255 255 255 255 254
302 301 300 300 299 299 268 298 298 297 296 262 295 261 261 265 264 244 248 289 289 288 287 286 257 284 283 283 282 281 262 255 241 278 278 246 277 276 247 274 272 269 270 271 271 271 270 270 269 268 267 267 236 267 266 266 265 265 265 264 264 263 263 263 236 236 245 235 236 236 261 236 235 235 257 258 258 259 260 244 258 257 257 256 257 257 257 256 255 254 254 255 255 256
301 300 299 299 298 298 266 297 297 297 296 253 294 295 260 267 262 257 257 288 288 287 286 253 285 284 283 282 282 281 280 257 243 277 277 277 276 275 248 274 272 270 270 271 271 270 270 269 269 268 267 267 236 235 267 266 265 265 265 264 264 264 263 236 247 236 235 236 237 237 237 236 236 234 238 240 240 259 259 259 258 257 258 258 258 257 257 257 256 255 255 256 256 256
300 299 298 298 298 297 297 297 297 296 295 261 294 294 258 268 261 245 245 288 287 287 286 285 284 284 283 282 256 256 258 248 245 277 277 276 275 274 274 273 272 271 271 271 271 270 269 269 269 268 268 267 267 235 267 266 266 265 265 265 264 236 264 237 237 236 236 236 238 239 238 237 259 259 237 236 239 237 241 258 257 257 257 257 258 258 257 257 257 257 257 235 235 233
299 298 298 298 297 297 297 296 296 296 271 257 293 245 255 264 256 289 288 287 287 286 251 285 284 284 262 256 257 257 248 244 242 277 276 275 275 274 273 272 272 272 271 271 243 270 269 269 269 268 268 267 267 236 267 267 266 266 265 265 265 236 237 238 237 263 236 237 243 241 260 236 260 260 260 242 237 259 237 241 239 239 239 257 257 258 257 257 258 258 258 257 255 234
298 297 297 297 297 297 296 295 295 295 267 256 258 254 255 258 255 244 287 287 286 286 260 285 284 283 251 257 260 257 242 279 277 276 275 275 246 274 257 263 273 272 265 271 271 270 269 269 269 268 268 268 267 240 239 267 266 266 266 265 265 264 238 239 237 263 263 237 239 239 260 236 260 261 239 238 237 237 239 244 244 240 257 235 257 238 238 238 258 259 260 259 257 257
297 297 296 296 296 296 295 294 294 294 293 257 291 255 291 255 258 253 287 286 286 286 260 285 284 264 256 258 257 247 245 277 276 275 275 256 274 273 272 273 273 272 271 271 270 270 269 269 269 268 268 268 267 239 240 236 267 237 266 266 265 265 239 241 238 264 264 238 238 238 242 236 261 261 238 237 237 259 246 254 259 259 245 258 257 236 257 236 248 259 244 242 256 258
297 296 295 262 295 294 294 293 293 293 292 292 258 290 290 289 256 255 286 286 286 285 285 261 283 265 258 247 242 247 245 244 243 252 258 274 273 273 272 273 273 273 272 271 269 269 269 269 269 268 268 268 268 267 243 240 240 243 238 266 266 265 238 248 264 243 239 264 239 239 241 237 262 262 240 238 238 237 246 246 244 244 259 248 244 241 242 257 236 237 257 258 258 259
296 295 294 294 294 294 293 293 292 292 292 291 291 252 290 252 255 257 246 286 285 284 284 283 283 282 251 245 279 278 278 243 252 260 275 274 274 274 274 263 272 272 272 270 269 269 269 269 269 268 268 268 268 267 252 261 255 248 245 238 266 265 240 250 264 260 251 241 241 240 244 240 240 240 239 261 260 260 243 247 246 247 259 259 259 245 258 257 258 257 256 256 257 258
295 295 293 293 293 293 292 292 292 291 291 291 290 254 251 251 257 261 247 285 284 259 283 283 283 263 246 244 249 264 277 253 276 275 275 274 274 274 266 273 272 271 271 270 269 269 269 268 268 268 268 268 267 267 267 267 267 267 266 266 242 240 242 241 244 254 264 250 246 246 246 241 242 241 239 239 261 260 238 259 256 259 261 255 259 258 237 257 244 258 257 257 240 257
294 294 294 292 293 291 291 291 291 290 290 290 290 256 288 288 257 256 246 284 283 283 283 283 283 248 244 250 279 278 277 276 276 275 275 274 274 273 273 272 272 272 271 270 269 269 268 268 268 268 267 267 267 267 267 267 267 267 267 267 267 244 242 241 244 264 264 263 263 263 263 263 263 246 241 241 262 261 260 238 259 259 260 260 261 259 237 256 257 256 258 244 255 255
292 293 293 291 291 292 291 291 290 290 289 289 289 254 288 287 255 251 246 284 283 283 283 283 282 244 246 279 279 278 277 260 276 276 261 261 262 264 262 259 271 272 272 271 270 269 268 268 267 267 267 267 267 267 267 267 267 267 267 267 267 266 265 265 255 264 264 264 263 263 263 263 263 245 243 241 240 262 261 240 260 260 260 259 259 259 258 259 258 258 257 256 255 258
290 291 291 291 290 291 290 290 290 290 289 289 288 288 287 287 286 285 284 284 284 284 283 283 248 248 280 279 249 252 277 277 276 262 262 262 262 257 258 266 272 273 272 271 270 269 268 267 267 267 268 268 267 267 267 267 267 267 267 267 266 266 265 265 265 264 264 264 264 264 255 249 248 263 246 243 240 263 262 261 240 241 261 240 239 258 258 258 260 258 259 259 255 255
292 292 291 292 291 289 289 289 289 289 289 288 288 252 287 286 285 285 284 284 284 257 282 248 280 280 280 279 244 253 262 277 276 276 255 254 259 272 270 271 273 273 272 270 269 268 268 267 267 267 268 268 267 267 267 267 267 267 267 266 266 266 266 265 265 265 264 264 264 259 252 249 249 248 252 262 262 242 263 263 241 241 260 259 259 258 260 259 258 258 257 259 259 255
292 291 291 292 289 289 289 288 290 288 288 288 287 286 286 285 284 284 284 284 283 282 281 259 280 280 253 245 244 278 277 263 257 253 250 251 273 272 272 272 272 271 270 269 269 269 268 267 267 267 267 267 267 267 268 273 271 272 266 266 266 266 266 266 264 262 262 264 264 264 261 259 257 259 263 263 258 247 241 241 242 243 260 254 260 260 260 261 259 259 259 258 259 259
290 290 290 293 291 290 288 288 287 287 288 286 285 285 286 284 284 284 247 283 249 280 281 280 280 280 255 248 253 277 277 277 254 253 251 254 264 265 261 251 270 268 268 246 257 269 255 265 267 267 266 267 268 268 268 261 256 263 270 266 266 266 266 266 265 265 265 264 264 264 264 264 264 264 258 263 263 262 246 241 261 261 261 261 260 259 260 259 259 259 259 259 259 259
289 288 290 291 292 290 289 290 287 288 287 286 286 286 286 284 284 284 283 283 282 281 281 281 280 280 254 250 256 278 257 254 254 254 256 252 255 254 249 247 245 268 268 268 263 261 264 268 268 268 266 266 267 268 277 272 269 271 266 266 266 266 266 266 265 265 265 265 264 264 264 263 264 264 260 263 247 246 243 241 241 244 247 247 259 259 258 258 257 256 258 259 258 259
290 287 288 289 291 290 287 289 288 287 286 286 285 284 285 283 284 283 284 249 282 281 281 281 253 279 254 249 256 255 249 251 254 254 253 247 249 253 253 252 252 246 252 264 269 268 268 268 269 264 256 263 266 267 268 278 276 266 266 266 274 273 266 265 265 265 265 265 263 260 261 261 264 262 262 263 263 246 244 242 243 244 245 261 260 258 258 258 258 257 256 257 259 256
290 288 287 287 288 289 288 289 289 286 285 286 285 284 284 284 283 282 283 248 281 281 281 280 253 278 278 245 255 254 249 255 254 253 252 246 251 273 272 267 263 253 259 266 268 271 268 268 271 270 266 266 265 266 268 279 268 267 267 267 275 274 274 271 269 269 267 261 256 255 254 257 258 263 263 263 263 262 262 262 247 244 244 260 260 259 258 258 259 257 257 257 257 255
290 289 288 287 287 288 288 289 290 288 286 284 283 284 283 283 284 282 283 282 282 281 280 249 278 278 253 245 254 254 253 254 251 252 249 247 260 272 273 259 271 253 259 269 265 266 268 269 268 272 266 266 265 265 267 278 269 267 267 267 275 272 269 262 262 262 261 258 258 255 251 249 249 254 263 263 267 267 263 263 262 261 260 251 260 261 260 259 261 260 257 257 258 255
290 290 288 286 287 287 287 288 290 289 284 283 282 283 282 281 283 281 282 282 282 281 279 254 256 278 252 249 258 257 258 248 248 251 250 257 273 272 273 250 254 255 263 265 264 265 269 269 265 263 261 265 269 272 276 273 279 267 267 278 272 269 267 272 265 271 269 267 264 262 260 256 250 250 255 262 263 263 262 247 248 261 260 260 260 261 261 260 260 260 258 257 257 257
290 291 289 285 284 285 286 287 290 290 284 282 282 281 281 281 283 282 282 280 281 280 280 278 278 258 253 255 256 252 252 245 246 253 259 273 273 266 247 245 255 263 265 265 267 269 267 265 264 262 258 262 265 261 238 261 274 267 280 275 269 266 271 265 276 271 265 259 258 258 257 256 250 249 251 252 253 251 249 247 245 260 260 259 258 259 260 260 259 259 260 259 259 258
290 290 291 288 284 283 285 285 287 289 286 284 282 281 280 280 282 281 281 281 280 280 279 252 256 252 252 256 250 248 248 246 248 257 273 273 273 254 245 246 259 263 262 264 267 268 268 268 268 267 267 265 262 253 266 243 273 279 277 275 272 270 275 264 277 271 266 262 258 252 252 251 249 244 245 247 251 254 262 250 247 260 260 259 258 258 258 258 257 257 259 259 259 258
287 289 291 289 284 283 284 284 286 288 286 284 281 280 280 279 281 278 281 281 281 281 251 276 275 252 250 253 247 248 250 251 261 273 273 273 262 247 247 257 260 259 262 264 264 264 268 268 273 267 272 272 270 270 265 264 278 276 277 274 272 270 274 265 270 265 268 267 262 257 256 260 262 258 251 251 253 262 262 261 261 260 260 259 259 258 257 257 256 256 255 255 259 256
285 285 287 289 287 283 282 281 284 286 286 284 280 280 279 278 278 279 280 281 278 277 275 274 274 274 274 274 248 252 273 273 273 273 273 273 248 247 254 261 270 262 262 262 261 262 265 268 271 267 271 274 273 274 265 279 277 267 262 259 257 260 258 241 245 249 250 254 255 258 260 264 262 262 263 262 253 251 252 261 260 260 260 259 259 258 257 257 257 256 256 255 255 256
285 284 284 286 287 286 285 280 281 285 286 283 280 279 279 278 280 280 280 280 280 275 274 274 274 274 273 252 252 255 272 273 259 257 259 249 247 251 259 259 262 263 261 261 262 264 265 265 265 267 268 269 268 264 252 242 249 250 254 256 253 251 249 242 243 243 242 243 247 249 249 247 248 250 254 254 251 250 251 261 260 259 259 259 258 258 257 256 256 256 256 255 255 255
285 285 284 285 285 285 285 284 283 281 284 283 279 279 278 278 279 278 277 278 279 274 277 274 274 274 273 272 253 254 272 254 252 256 253 246 248 255 256 257 257 258 261 266 270 268 268 265 263 262 264 262 258 253 246 238 243 247 253 258 255 250 245 242 243 243 243 243 244 244 245 244 243 243 245 248 248 261 260 247 259 258 259 258 258 258 257 256 256 256 255 255 255 254
285 285 283 283 283 283 284 284 283 283 283 283 279 278 278 277 278 277 275 275 274 273 273 273 276 274 273 272 272 272 250 250 271 255 246 246 254 258 270 253 269 260 267 268 268 268 268 265 262 258 258 254 252 248 250 249 237 236 240 251 248 242 241 241 243 242 243 244 245 246 246 248 249 246 245 245 243 242 260 259 258 258 258 258 258 258 257 257 256 256 255 255 258 253
284 283 283 282 285 283 285 285 282 283 284 284 282 281 280 277 276 275 274 273 272 272 272 276 276 273 272 272 271 271 246 270 255 251 246 250 256 269 249 251 268 262 268 267 265 261 258 259 258 257 255 252 249 247 250 249 247 246 238 241 243 238 238 241 244 244 243 243 245 247 248 250 251 247 245 245 244 260 260 259 258 258 258 258 258 257 257 256 256 256 255 255 255 257
283 283 282 282 282 282 279 281 281 284 283 284 283 280 279 279 276 278 273 273 276 272 273 275 274 272 271 271 271 270 269 269 269 269 250 257 269 251 247 254 268 268 262 260 257 254 254 258 258 256 253 250 247 250 249 248 248 247 247 238 240 238 237 239 243 246 245 245 245 246 246 246 247 246 244 243 259 259 259 259 259 259 258 258 258 257 256 257 256 255 255 256 257 257
283 283 282 281 281 281 282 282 277 280 280 282 283 282 280 276 274 274 272 272 276 272 273 275 271 270 270 270 270 269 268 268 269 269 268 256 248 247 249 256 268 268 262 260 257 252 250 254 255 251 251 248 249 249 248 248 248 247 247 239 238 237 237 238 239 242 245 247 245 242 242 246 246 246 245 244 259 259 259 259 259 259 259 259 258 257 256 256 258 254 254 254 255 257
283 282 281 278 280 280 283 282 277 280 279 282 284 283 282 275 273 273 272 271 270 272 274 273 272 269 270 270 268 268 267 268 269 268 268 250 267 247 255 267 267 268 260 257 251 249 250 252 252 247 248 248 247 248 248 264 247 247 263 241 262 237 262 239 239 239 240 245 248 243 240 244 247 248 260 260 259 259 258 258 258 257 257 257 257 256 258 255 258 254 254 257 256 256
282 282 281 280 279 279 280 280 281 281 279 275 277 280 281 279 276 271 275 270 270 272 272 271 269 269 269 268 267 267 267 268 270 268 267 247 246 266 267 260 267 258 256 251 250 249 251 251 248 248 248 248 264 264 264 264 263 263 263 262 239 261 239 261 238 238 239 241 248 248 241 241 243 246 259 259 259 258 258 257 257 257 256 256 256 255 258 255 257 257 257 257 257 256
281 281 281 280 277 279 279 279 279 280 279 278 276 276 279 279 277 275 275 270 270 274 271 270 269 269 267 267 267 266 266 266 270 269 266 265 265 265 266 267 267 253 252 250 251 251 252 248 248 248 247 246 264 264 264 263 263 263 262 262 261 239 239 239 261 238 239 239 243 250 244 240 241 241 243 259 259 258 257 256 256 257 256 256 256 258 258 258 258 257 257 257 257 256
280 280 276 276 276 275 275 275 277 278 278 277 273 275 277 279 278 275 274 270 273 273 271 270 269 267 266 266 267 267 265 269 269 266 265 264 265 266 266 266 252 250 252 253 254 254 252 248 248 249 248 247 247 264 263 263 263 262 262 262 261 241 240 240 240 240 239 238 239 248 247 242 241 243 259 258 258 258 257 256 256 256 255 255 256 257 257 258 258 258 258 257 256 256
279 276 279 280 274 274 272 275 276 277 275 277 276 275 275 277 277 275 274 273 273 269 269 268 267 267 266 267 267 269 265 269 268 268 264 264 265 265 265 253 264 250 254 255 255 253 248 247 247 249 249 248 263 263 263 262 262 262 262 262 261 261 240 241 241 241 260 239 239 242 247 249 259 259 258 258 258 257 256 256 256 255 255 254 254 254 256 257 257 257 257 256 256 256
279 273 272 278 273 276 271 271 275 276 277 277 275 270 273 275 276 275 273 268 273 268 268 267 266 266 266 267 266 269 269 265 264 263 263 263 264 264 264 264 263 250 253 253 254 264 264 247 248 251 250 248 263 263 262 262 262 262 241 261 261 261 241 241 260 260 259 240 240 240 241 242 243 258 258 258 257 257 256 256 256 255 254 254 253 253 253 256 256 257 256 256 256 256
279 278 271 270 276 276 275 275 274 275 276 276 275 273 273 274 274 274 273 272 272 272 267 267 265 264 267 267 266 268 268 263 263 262 262 263 263 263 263 262 262 252 252 252 264 247 263 248 250 250 249 263 262 262 262 262 261 261 261 261 262 262 261 260 260 260 259 260 240 241 241 240 257 257 256 257 257 257 256 256 256 255 253 253 257 257 256 256 256 256 256 256 256 256
278 278 276 270 269 274 275 275 275 270 274 276 275 273 267 272 274 274 272 271 271 268 267 270 265 265 267 267 264 264 267 267 261 262 263 264 263 263 263 263 262 262 254 263 263 262 262 248 249 248 263 262 262 261 261 261 261 261 261 261 262 242 242 242 241 260 260 259 246 252 244 258 257 256 256 256 256 257 256 256 256 254 257 257 257 257 256 257 256 256 256 256 256 256
