examples/cougarCreek-fire/createInputs/WindNinja/wrfout_d3.2015080912.f12/cougarCreekFire_08-10-2015_0000_217m_non_neutral_stability_ang.asc
ncols	146
nrows	140
xllcorner	610065.000000
yllcorner	5095217.000000
cellsize	216.586807
NODATA_value	-9999.000000
[rows 0 to 41 of 140, columns 0 to 93 of 146]
228 229 232 235 235 235 235 236 238 246 243 246 249 249 249 249 248 246 245 244 244 249 251 256 257 256 255 255 255 255 253 250 248 248 248 249 250 242 251 253 250 252 254 250 251 253 256 255 255 254 253 252 251 252 254 256 257 256 256 259 261 262 264 267 269 271 271 274 279 284 287 288 287 286 288 291 293 291 291 293 294 297 299 3 4 4 308 346 352 344 309 343 339 305
228 229 232 235 235 235 235 236 238 246 243 246 249 249 249 249 248 246 245 244 244 249 251 256 257 256 255 255 255 255 253 250 248 248 248 249 250 242 251 253 250 252 254 250 251 253 256 255 255 254 253 252 251 252 254 256 257 256 256 259 261 262 264 267 269 271 271 274 279 284 287 288 287 286 288 291 293 291 291 293 294 297 299 3 4 4 308 346 352 344 309 343 339 305
230 231 233 235 235 236 236 237 239 241 243 246 248 249 249 249 247 247 246 246 246 252 251 254 254 254 254 254 254 253 251 250 249 249 249 249 250 251 252 252 253 253 253 253 254 254 254 253 253 252 251 251 251 252 253 254 254 255 257 259 260 262 264 266 269 270 273 276 280 284 286 287 287 288 289 292 294 295 294 296 297 299 301 303 305 307 309 311 311 310 309 306 304 303
231 232 234 235 235 236 237 238 239 240 242 244 246 247 247 247 246 246 246 247 247 253 250 250 251 252 252 252 252 251 250 249 249 249 249 250 250 250 251 251 252 251 252 252 252 252 252 252 252 251 251 251 252 253 254 254 254 255 258 260 262 264 266 268 269 272 276 279 282 284 285 287 290 292 293 294 297 299 299 300 301 303 304 306 308 310 312 314 315 314 313 310 307 306
232 232 234 235 235 236 237 249 249 249 241 243 244 245 245 245 244 244 245 246 252 252 253 249 249 250 250 251 251 250 249 249 249 249 249 249 249 250 250 250 251 251 251 251 251 251 251 251 251 251 251 251 252 252 254 254 255 257 259 261 263 265 267 269 271 274 278 281 283 285 287 290 293 294 295 297 299 301 302 303 304 306 307 308 310 312 314 316 317 317 316 313 336 332
232 233 234 235 235 236 237 238 239 250 250 251 244 244 244 244 244 244 252 245 252 251 251 248 249 249 249 249 250 249 249 248 248 249 249 249 249 250 250 250 250 251 251 250 250 250 250 250 250 249 249 251 252 252 252 254 256 258 260 262 263 265 267 269 272 276 293 281 284 287 289 292 295 296 297 298 300 302 303 304 305 307 309 310 312 314 315 317 318 317 316 314 311 356
234 234 235 236 236 237 237 250 251 251 252 251 252 244 243 244 244 245 251 250 251 251 251 251 251 250 247 251 252 251 247 247 248 249 248 248 249 249 249 252 253 250 253 250 250 253 251 250 246 245 238 249 251 251 252 254 255 258 260 261 263 272 273 269 272 290 278 281 285 288 291 293 294 295 296 298 300 302 303 305 306 307 309 311 197 314 316 317 319 317 316 314 311 345
235 235 236 237 237 238 238 250 249 251 252 252 253 252 249 243 243 252 252 251 251 251 250 251 250 249 250 251 251 249 246 250 251 247 247 248 249 249 252 252 252 253 253 254 254 251 248 246 245 240 247 250 249 250 252 253 255 257 259 260 270 270 266 269 272 288 278 281 285 289 290 292 293 294 296 299 301 302 303 305 306 308 310 311 313 314 316 318 319 317 315 313 311 308
235 236 236 237 237 251 238 252 253 253 254 254 253 252 251 244 251 252 251 250 250 250 259 260 249 249 250 250 251 249 248 250 249 246 247 252 252 252 252 252 252 251 251 252 252 251 249 249 249 248 249 248 247 251 255 252 255 256 263 259 269 262 265 268 287 287 293 306 284 288 289 291 293 295 297 299 300 302 303 305 307 308 310 312 313 315 316 318 319 317 315 313 310 307
237 237 237 237 238 248 250 252 252 254 254 254 265 253 251 250 251 251 252 260 261 251 248 248 263 249 249 249 249 248 247 249 249 248 250 250 250 251 251 252 251 250 250 249 248 248 249 249 248 247 245 243 244 251 250 252 254 255 263 257 259 261 264 280 283 293 300 308 283 286 288 291 293 295 296 298 300 302 304 306 308 309 310 312 314 315 316 318 320 139 315 312 308 304
251 238 238 239 239 239 248 250 252 254 254 255 254 267 252 251 250 244 252 251 262 264 249 248 260 264 260 260 248 248 246 247 247 247 249 249 249 249 250 251 250 250 249 250 245 247 246 247 245 240 232 236 249 246 249 251 252 262 254 255 257 275 272 272 288 293 296 304 282 285 288 290 292 294 296 299 301 302 304 306 308 309 311 312 314 109 145 319 319 316 314 311 307 302
238 238 252 252 252 250 240 249 252 267 268 255 254 254 252 252 245 249 251 251 264 265 264 248 247 264 257 261 263 247 246 246 246 247 248 249 249 248 249 250 251 261 258 254 245 243 244 245 243 235 237 244 243 245 256 255 257 259 262 253 255 267 263 272 280 268 271 275 280 284 286 289 291 293 296 298 300 301 304 306 308 309 311 313 314 315 317 318 319 316 313 309 305 299
238 238 238 251 252 252 241 248 249 251 267 269 269 253 253 253 249 251 251 251 265 266 267 262 248 262 259 262 263 255 245 245 246 246 246 247 247 247 246 247 263 258 254 250 243 246 244 249 242 240 242 244 241 244 252 251 253 255 258 265 257 250 254 259 262 265 268 273 278 282 285 287 289 292 294 297 299 301 303 305 307 309 311 313 314 316 317 318 319 315 311 307 302 296
238 238 239 239 240 251 242 243 246 248 250 265 267 268 251 251 251 252 252 267 266 267 269 266 263 264 263 263 261 252 252 244 261 260 261 262 261 261 260 261 259 248 245 243 245 243 244 246 240 238 240 244 247 250 248 248 248 246 249 247 240 240 254 256 258 261 264 269 274 280 282 285 287 290 292 295 297 299 302 304 306 308 310 312 314 316 317 318 319 314 309 304 298 291
238 239 240 241 241 242 243 244 245 248 248 250 250 262 266 267 266 266 268 269 270 269 270 270 266 266 264 264 260 253 252 244 262 262 261 262 261 261 261 259 244 240 242 243 249 253 249 237 228 233 239 241 244 246 245 246 250 242 243 243 247 248 250 251 261 287 296 307 270 276 329 281 283 286 289 291 293 295 298 301 304 307 309 311 313 315 316 317 318 87 140 114 293 183
239 240 241 241 242 243 254 255 254 251 250 251 263 260 259 265 265 263 265 266 266 267 266 267 270 267 265 262 258 252 254 262 263 263 262 262 261 261 263 264 246 243 241 240 247 245 235 226 225 239 238 239 244 246 242 243 236 239 251 245 244 246 259 267 276 285 291 258 265 271 273 275 277 280 283 286 287 290 293 297 300 303 306 309 311 313 314 315 316 309 99 113 285 155
239 241 242 242 242 243 244 253 256 254 252 252 271 271 259 251 254 265 264 264 266 266 262 247 266 269 265 261 255 251 257 261 261 261 262 261 261 261 261 262 254 246 240 236 237 232 228 227 233 242 237 235 224 229 245 234 232 241 241 241 243 252 258 262 271 270 249 303 259 264 265 266 268 270 273 275 277 279 282 286 289 292 295 298 301 304 306 307 308 300 290 280 272 265
240 242 242 243 243 244 249 252 255 271 253 252 266 272 258 247 248 254 258 258 264 263 267 260 266 269 268 263 256 254 259 261 259 259 258 259 259 262 263 259 253 247 242 238 234 230 229 230 237 238 227 217 217 234 238 233 233 253 238 242 249 252 252 250 251 245 247 224 223 258 258 258 260 261 263 265 267 269 270 273 276 278 281 283 286 290 292 51 41 287 278 269 263 256
242 242 243 244 244 244 245 253 272 275 254 253 259 260 263 263 260 260 262 259 263 264 263 262 263 266 267 260 258 257 259 259 257 260 255 260 260 261 261 258 253 247 240 233 232 233 230 229 236 229 220 216 226 239 239 233 241 243 242 244 248 262 240 241 242 230 221 215 251 253 253 253 254 255 256 258 259 261 263 264 266 268 270 272 274 277 281 64 40 276 268 14 221 249
243 243 244 244 244 244 252 253 272 274 254 266 260 261 269 272 271 268 268 264 266 268 262 260 264 264 262 259 259 260 258 258 254 238 238 260 260 260 260 255 249 242 234 227 225 227 226 224 218 214 218 226 248 244 232 247 253 241 250 255 245 250 241 247 240 241 242 244 247 248 248 249 249 250 251 252 253 254 255 257 258 259 261 263 265 267 270 22 2 265 260 128 138 202
243 243 244 253 253 253 253 253 254 273 253 268 276 262 261 268 271 270 270 267 268 269 261 260 263 265 259 260 262 262 261 261 242 236 237 260 261 251 261 247 240 232 227 223 221 221 221 217 230 214 221 233 245 225 247 241 238 245 241 251 256 244 240 246 238 239 239 241 243 245 245 245 245 246 247 247 247 248 249 250 251 252 254 256 258 259 261 263 263 257 345 121 180 240
243 243 243 253 253 253 253 252 253 275 268 269 279 277 255 246 255 259 266 265 264 268 265 264 265 266 263 262 262 262 263 259 241 235 237 250 261 252 262 240 228 231 221 218 220 226 225 217 214 232 229 239 236 243 239 254 247 232 232 252 250 239 248 235 233 231 231 229 240 241 242 242 241 242 243 242 243 244 245 246 246 247 249 250 252 253 254 255 255 251 332 189 208 221
243 244 244 244 251 251 251 252 253 271 269 267 277 280 266 248 250 244 257 264 265 267 265 261 263 265 263 264 261 259 263 249 241 258 239 241 262 261 263 240 236 230 227 221 221 223 222 220 228 238 236 244 243 236 237 245 244 238 239 250 235 231 232 229 228 230 234 237 238 238 238 238 238 238 239 239 240 240 241 241 242 243 244 245 246 247 248 249 249 312 132 147 158 167
244 245 245 245 245 245 251 252 268 273 273 266 269 279 275 266 264 263 263 269 270 270 268 258 255 264 263 264 260 259 265 262 240 236 239 253 263 264 264 244 234 234 231 223 223 224 225 224 232 232 240 228 244 246 247 238 242 236 231 230 219 228 232 233 238 235 235 236 235 236 236 235 235 235 236 236 237 237 237 237 238 239 240 240 241 242 243 244 306 164 174 178 176 185
245 245 246 246 246 246 251 252 252 273 278 270 268 278 277 268 264 264 262 262 267 270 270 265 258 264 267 265 263 262 263 257 239 233 263 264 264 264 262 244 240 239 232 238 218 225 224 217 219 224 241 229 241 240 237 227 222 217 217 220 218 228 244 250 231 231 235 234 234 231 234 233 233 233 233 233 234 234 234 234 235 235 236 236 237 238 239 241 243 179 179 175 181 188
245 246 246 246 247 247 252 252 252 269 277 273 265 268 277 272 266 264 263 259 261 269 268 265 261 264 267 264 269 271 270 250 239 244 236 250 267 267 255 250 246 240 235 226 219 230 210 225 216 228 223 245 235 239 232 219 214 229 216 220 220 228 244 218 225 229 230 227 223 221 219 232 232 232 232 232 232 231 231 232 232 233 233 234 234 235 236 239 168 176 184 182 187 190
246 247 247 247 252 252 251 251 259 263 272 269 266 263 270 275 268 265 265 262 263 269 267 263 258 261 263 259 275 285 283 264 256 263 268 269 269 268 259 252 245 244 236 227 219 216 217 217 221 230 225 244 238 241 238 228 218 214 219 223 223 228 230 222 217 212 222 222 221 220 219 232 232 231 231 231 231 231 230 230 230 231 231 231 232 233 233 236 173 179 182 230 195 193
248 248 248 248 251 251 252 252 253 256 267 271 272 263 260 265 264 265 266 264 265 270 268 259 254 255 259 254 273 287 290 297 269 288 290 282 273 261 252 245 237 235 230 218 208 207 213 213 211 233 226 244 237 247 242 224 216 219 221 219 217 214 207 204 202 203 206 222 224 226 226 231 231 231 231 231 230 230 229 229 229 229 229 229 229 230 231 233 183 204 205 198 195 192
249 249 250 250 249 251 253 254 254 261 267 273 277 264 257 260 262 263 266 264 265 269 269 259 250 249 255 253 262 272 289 323 277 303 323 324 276 252 248 237 227 222 216 207 199 218 221 221 217 221 225 241 237 249 234 217 212 214 211 206 206 206 206 206 206 205 206 219 221 223 223 231 230 231 230 230 230 230 229 229 229 229 228 228 228 229 230 231 197 219 230 230 225 210
250 250 251 251 251 252 252 264 271 269 269 272 278 283 267 262 264 266 267 264 265 269 268 265 255 253 252 256 254 255 272 295 315 306 285 321 316 257 244 228 219 211 215 219 219 219 220 210 220 219 223 240 239 246 221 212 207 210 211 210 210 210 210 209 210 222 222 222 222 221 221 231 230 230 229 229 229 229 228 228 228 228 227 228 229 229 229 229 230 211 209 208 211 201
252 252 252 252 252 254 252 252 262 265 265 271 272 279 275 263 267 270 271 269 270 273 270 269 263 259 258 256 254 243 256 284 314 311 333 338 307 325 237 224 225 220 220 217 217 216 202 223 216 218 220 238 236 226 219 218 224 221 215 213 211 209 209 210 211 224 226 227 227 228 229 229 229 228 228 227 227 227 227 227 227 227 227 228 229 229 228 228 229 190 197 198 210 206
253 253 253 252 252 255 254 254 260 262 259 260 263 266 274 263 262 266 266 267 270 266 270 269 264 260 259 257 256 241 256 272 310 314 296 266 229 225 236 230 225 219 218 216 217 216 211 212 212 216 219 226 234 230 231 237 229 218 212 212 211 209 208 211 212 212 222 221 221 221 220 218 216 216 229 228 227 227 226 226 227 227 226 226 227 227 227 228 229 193 202 201 208 206
253 253 254 254 253 258 257 255 261 263 263 264 269 271 273 265 258 257 258 259 264 263 262 260 264 265 260 257 259 240 256 260 272 254 239 208 198 154 214 215 224 217 219 218 219 217 214 194 211 215 218 222 234 226 225 224 212 204 203 208 213 213 211 209 206 230 206 231 204 202 232 207 215 231 230 229 228 211 208 227 227 227 225 225 226 226 227 228 221 194 207 203 206 204
252 252 261 254 262 260 259 257 264 263 269 274 278 275 272 267 259 252 247 247 251 257 259 259 261 265 266 260 259 250 244 244 225 221 202 207 213 234 197 208 216 215 221 222 194 198 198 196 212 215 216 219 215 208 210 209 209 202 199 218 207 211 210 230 231 210 232 210 210 222 228 231 232 231 230 229 229 229 210 229 228 228 227 226 227 227 228 229 220 197 205 206 207 207
253 253 253 260 261 259 258 272 272 272 270 270 272 274 274 269 261 256 252 250 250 250 251 254 261 262 264 263 262 249 242 239 221 207 197 217 234 251 263 209 213 201 196 199 200 200 200 197 216 217 219 221 218 214 211 210 209 204 201 203 206 212 226 215 216 217 225 227 234 233 233 233 231 222 216 215 215 230 230 230 229 229 229 228 227 228 229 230 221 215 202 212 211 212
255 255 255 254 259 260 258 256 266 266 261 254 254 261 271 272 271 270 271 265 258 251 247 243 238 233 251 260 263 236 242 238 224 190 185 180 217 235 241 237 238 229 220 232 233 233 195 191 197 222 225 228 229 223 220 217 213 208 206 206 211 210 213 216 219 227 229 229 229 230 231 231 226 221 218 217 231 230 230 230 230 229 229 227 225 227 230 230 223 222 199 212 213 210
256 256 256 259 259 282 279 257 263 260 256 253 253 254 256 261 262 263 261 252 242 239 239 233 228 224 230 239 251 234 243 239 232 202 179 182 184 188 198 211 218 224 226 229 231 232 231 228 187 200 222 228 237 235 234 231 218 214 211 209 207 208 207 209 209 214 223 222 220 208 224 225 225 225 231 231 231 231 231 230 230 230 231 228 225 226 229 230 227 224 202 211 215 212
257 258 258 260 259 258 258 260 257 251 251 256 256 251 244 244 243 238 231 228 230 233 233 229 227 225 229 229 218 219 259 269 254 218 189 176 180 188 199 199 204 210 215 224 229 228 227 225 183 193 200 229 233 235 235 233 231 228 224 222 221 221 221 221 220 219 218 217 218 220 220 210 210 227 227 228 229 230 230 230 229 230 231 230 226 225 227 230 226 224 202 213 213 217
259 259 260 261 260 258 238 257 250 248 252 254 250 245 241 242 240 235 234 238 237 233 233 232 227 225 233 230 218 245 255 268 284 245 203 193 196 201 202 203 204 204 209 215 215 214 217 216 215 217 193 208 229 241 243 242 241 238 235 234 227 226 226 227 226 224 223 222 222 223 222 221 218 216 213 218 226 228 229 229 229 230 230 230 227 224 227 229 224 226 205 213 215 216
261 261 261 261 260 258 232 257 253 255 257 255 252 250 249 247 243 237 234 234 231 231 239 238 228 231 237 233 223 231 249 248 238 272 310 48 241 228 216 218 218 208 211 206 204 201 201 201 199 211 217 204 216 219 234 245 239 236 243 245 244 232 233 232 231 238 237 236 237 237 236 233 232 222 220 218 217 225 226 228 229 230 230 231 228 223 226 230 229 226 224 205 213 215
262 262 262 259 258 258 236 258 259 256 259 261 261 258 250 247 240 232 230 234 235 240 244 233 225 231 236 233 232 243 247 245 233 238 273 269 137 207 217 228 231 232 234 238 234 215 211 209 204 200 199 203 222 230 233 237 240 238 240 244 235 243 245 245 243 242 241 242 243 244 243 241 239 238 235 233 230 226 219 215 228 229 231 233 231 226 227 230 230 229 226 213 208 214
264 264 263 259 259 239 257 259 260 259 261 261 257 250 242 241 233 230 236 246 249 249 241 224 225 234 237 235 232 235 237 245 231 217 227 164 241 234 194 190 237 228 233 234 230 239 234 227 220 218 218 219 222 223 224 226 226 223 226 230 237 241 247 250 250 248 247 248 249 249 249 247 246 245 243 241 237 231 227 226 225 228 230 231 230 229 229 230 230 229 230 220 207 212
