examples/cougarCreek/createInputs/WindNinja/wrfout_d3.2015081100.f21/cougarCreek_08-11-2015_2100_217m_non_neutral_stability_ang.asc
ncols	146
nrows	140
xllcorner	610065.000000
yllcorner	5095217.000000
cellsize	216.586807
NODATA_value	-9999.000000
[rows 48 to 95 of 140, columns 0 to 95 of 146]
151 166 172 175 174 174 170 182 185 184 189 168 191 193 157 154 187 183 189 186 173 158 157 167 172 183 185 180 162 166 163 161 158 142 125 115 118 124 121 126 131 123 126 116 102 98 99 88 102 103 102 90 86 87 88 88 91 105 114 114 109 101 101 108 107 104 102 100 98 96 90 89 92 92 91 92 99 105 90 89 93 96 94 89 115 97 87 88 88 88 90 93 93 91 90 88
161 158 168 164 163 174 180 169 168 186 188 166 163 160 187 188 185 183 175 177 171 159 162 172 173 182 182 176 177 162 163 162 161 147 126 114 115 121 120 130 129 121 123 122 111 100 87 100 103 107 91 85 121 106 95 99 101 103 108 113 106 105 102 104 99 97 95 91 89 89 88 87 87 87 87 88 88 86 81 83 89 94 95 92 88 85 113 84 86 87 82 89 90 91 91 88
149 158 160 160 167 158 157 166 166 166 164 162 160 183 182 175 175 169 168 174 169 165 165 166 166 167 151 171 158 163 160 162 159 146 132 117 116 121 119 122 126 118 118 121 121 117 115 118 122 129 122 119 122 120 117 105 100 101 104 106 103 105 104 101 100 90 87 83 82 80 81 82 82 85 87 83 76 73 78 84 85 88 92 93 91 88 85 83 83 92 84 80 87 89 90 88
148 151 157 165 156 156 165 165 165 164 161 158 158 182 168 167 169 166 170 172 162 159 164 151 164 165 176 143 153 160 160 161 157 143 133 121 121 124 122 120 117 114 112 116 111 108 108 110 108 121 120 120 103 119 97 82 97 98 99 101 102 102 106 103 100 95 98 92 91 93 96 98 92 96 96 98 98 101 85 94 83 84 88 91 92 91 89 86 83 83 100 85 76 87 87 87
156 152 167 153 154 164 164 164 181 162 159 179 170 167 162 162 164 166 169 166 160 163 158 137 164 135 133 140 167 158 159 158 154 142 128 122 123 126 122 119 113 110 108 109 114 109 109 105 104 102 106 105 103 101 96 103 92 96 97 97 96 99 102 92 102 99 99 98 96 97 84 100 99 83 83 84 84 84 84 83 87 83 84 85 88 89 89 89 87 85 83 83 83 84 86 87
147 158 151 152 163 164 176 176 178 179 175 162 152 152 151 149 148 167 166 162 166 158 157 150 174 136 168 160 157 155 152 156 153 141 125 120 120 115 109 105 106 104 104 106 110 108 107 104 103 102 101 100 99 104 101 114 104 100 98 99 99 100 92 92 90 88 86 85 83 83 85 85 83 82 82 83 95 85 84 83 83 83 103 83 83 85 86 88 88 87 85 84 84 84 84 85
145 159 162 161 168 169 175 176 176 175 161 151 153 154 171 165 149 172 169 161 139 138 157 160 161 157 159 157 155 153 146 156 151 144 119 122 130 124 112 112 113 106 100 100 105 105 105 104 103 102 102 102 101 100 105 101 98 97 100 100 98 89 89 89 89 89 87 85 82 82 84 85 84 83 82 82 83 83 83 83 84 83 83 83 82 83 84 84 85 86 86 86 85 84 84 85
144 155 161 165 157 162 165 174 167 165 154 154 156 157 172 167 150 170 144 142 157 161 161 160 165 158 157 157 155 153 149 157 151 145 128 117 138 139 130 124 122 120 103 96 101 102 106 105 104 103 102 102 102 101 100 104 99 90 90 89 87 87 88 88 88 89 88 85 83 82 83 84 85 84 83 82 83 82 82 84 85 84 97 82 81 82 82 82 83 84 85 85 85 85 84 83
147 146 160 160 153 167 163 165 153 154 155 158 155 156 171 152 149 147 138 159 160 158 160 160 158 158 159 153 155 150 150 158 151 144 128 123 138 138 125 125 123 123 113 99 93 99 98 103 105 104 103 101 100 100 99 96 92 89 89 89 88 88 88 88 87 86 85 85 84 83 83 82 82 82 82 82 82 82 83 84 84 89 83 82 81 91 80 81 81 82 82 82 83 84 85 85
145 147 161 149 151 151 161 152 149 149 149 161 146 147 155 150 149 169 151 152 159 157 160 142 158 159 158 152 155 150 155 157 152 151 118 118 140 133 119 126 123 122 122 109 95 97 95 96 102 104 104 103 100 99 97 93 91 90 90 90 90 90 89 88 87 85 84 84 83 82 81 80 79 80 81 82 82 83 83 74 82 82 83 84 82 81 81 80 106 107 80 81 81 82 83 84
148 150 152 151 151 161 156 149 151 150 167 160 146 146 177 154 145 137 138 142 161 160 136 135 159 160 134 154 153 151 158 157 154 153 122 116 134 131 123 128 123 119 121 117 108 92 85 96 95 96 102 103 96 97 94 92 92 91 91 91 90 90 89 88 87 86 86 84 82 80 79 79 79 80 82 83 66 71 75 74 80 80 81 82 82 82 82 93 80 81 81 81 81 82 83 83
148 152 155 153 151 162 149 152 152 169 167 146 166 145 143 141 142 139 141 141 163 147 138 144 160 141 134 156 154 157 156 156 153 151 133 120 125 129 126 133 128 122 122 120 121 121 112 100 93 93 94 99 98 96 94 93 92 92 92 91 90 89 89 88 87 86 80 83 82 80 79 80 82 82 66 72 85 84 76 74 79 79 79 79 80 80 80 80 80 80 81 81 81 81 82 82
148 153 155 152 164 149 151 153 171 170 148 147 147 145 144 145 159 139 142 143 159 158 159 160 146 140 155 156 158 157 156 155 154 150 138 126 122 127 130 130 129 123 120 123 119 119 117 120 116 98 95 89 90 95 93 92 92 92 92 91 90 89 89 79 81 85 82 81 81 81 82 82 69 70 84 83 78 78 86 88 84 81 81 80 78 78 78 78 79 79 80 81 81 81 82 82
148 152 153 150 150 149 152 153 152 150 149 148 148 149 147 146 143 141 141 144 150 160 163 147 145 141 137 158 158 157 155 154 154 148 136 130 123 125 131 129 126 122 121 121 118 121 119 118 118 99 94 94 95 94 93 92 83 83 83 81 79 79 79 79 86 84 82 81 81 82 69 74 85 83 78 79 84 89 89 91 96 91 93 92 90 92 91 89 77 78 78 79 81 82 80 80
151 152 151 149 149 150 152 152 150 149 148 152 151 153 169 166 141 143 144 147 151 161 159 161 146 143 160 159 157 156 156 156 153 148 132 132 129 126 132 132 129 122 125 125 120 120 118 110 109 99 95 95 94 120 92 91 100 90 104 91 80 77 78 78 75 72 83 70 69 72 76 80 77 74 76 86 91 93 91 88 95 95 90 92 77 89 90 90 76 77 77 78 79 80 81 82
156 154 151 149 149 150 151 150 148 152 153 155 154 166 173 146 142 144 146 154 159 159 157 162 148 146 160 158 158 157 158 156 155 145 130 133 133 129 132 132 129 120 120 127 120 117 117 119 116 98 95 95 94 118 92 91 122 89 108 111 86 85 81 76 71 74 71 101 107 84 81 81 79 78 83 88 93 90 91 90 95 77 96 95 76 84 84 87 76 77 77 77 78 78 78 79
160 158 154 152 151 151 151 150 152 155 171 175 165 160 154 145 143 145 149 154 145 149 159 162 161 161 160 157 157 157 156 157 150 140 133 134 134 132 133 132 130 119 117 123 124 118 117 106 104 115 96 94 94 94 93 91 90 99 88 108 87 97 85 101 101 98 101 105 78 106 89 86 100 100 87 89 86 87 84 84 88 94 77 76 76 76 75 91 76 76 77 77 77 78 79 79
161 160 157 155 155 154 153 154 156 176 176 175 172 153 147 145 144 148 154 150 141 152 160 160 160 149 144 157 157 157 156 152 149 140 134 134 138 134 135 138 131 123 116 117 121 117 119 117 106 105 98 94 94 93 123 91 89 88 87 109 87 86 84 107 101 99 100 100 108 114 96 93 99 102 86 83 72 67 66 70 72 74 78 79 79 81 76 76 76 76 76 76 77 77 78 78
162 161 157 155 159 156 156 169 174 178 175 170 165 152 146 142 145 151 143 148 142 140 138 137 165 149 145 138 157 157 157 144 143 140 134 135 146 134 134 145 132 124 111 114 109 108 109 106 105 124 102 98 91 113 92 91 89 87 87 87 98 85 110 113 112 103 92 105 97 95 93 85 92 97 98 81 63 67 70 76 77 77 77 73 69 68 75 75 75 75 75 77 77 77 78 79
165 162 158 163 159 157 169 175 177 176 171 167 163 154 146 144 146 153 143 160 154 152 139 138 163 150 145 138 157 157 149 141 141 142 140 139 148 133 138 145 131 127 109 104 104 109 116 115 111 121 118 97 98 91 118 91 89 87 86 85 86 100 102 83 112 107 106 77 77 92 89 90 94 97 102 109 75 75 74 74 73 73 74 75 74 74 81 78 74 74 76 77 78 79 81 78
164 161 157 166 164 166 165 163 171 171 162 154 154 146 148 145 147 165 153 151 153 161 138 155 162 136 132 138 159 151 150 140 139 147 147 141 148 138 140 147 135 142 104 104 101 101 101 110 101 114 112 91 91 91 91 116 90 87 84 113 96 100 94 107 95 93 92 78 76 100 86 83 82 82 91 106 109 97 74 74 79 67 64 71 78 85 74 78 74 75 76 77 77 77 77 79
162 159 154 165 163 166 166 168 169 169 162 158 160 146 148 144 148 146 162 142 154 161 158 159 164 136 132 139 156 149 155 142 136 143 148 151 150 140 140 148 148 147 127 102 102 102 102 102 99 99 98 92 91 91 91 91 119 88 85 92 90 84 83 95 101 97 96 78 77 75 97 88 87 82 85 89 96 74 67 73 73 73 73 74 74 75 74 73 74 76 76 76 77 76 76 77
161 158 152 164 161 163 165 168 169 169 166 164 158 147 145 145 148 146 163 142 140 160 153 162 153 136 139 157 153 157 161 149 137 141 150 151 149 139 141 147 150 145 134 105 102 103 111 110 99 96 93 92 91 111 89 89 91 91 87 83 93 82 82 83 82 89 91 97 77 76 109 97 93 95 94 93 92 74 78 72 68 71 66 59 59 72 73 73 73 60 74 75 75 75 76 77
162 157 150 149 161 163 165 163 169 167 168 167 148 157 144 145 149 146 163 142 152 162 138 153 137 135 142 155 153 160 160 144 124 123 151 151 141 138 142 152 147 131 131 124 101 100 102 107 100 98 96 92 98 111 109 88 89 90 89 85 81 109 81 81 81 80 80 82 95 76 75 105 93 92 92 93 95 93 91 87 73 73 90 100 60 61 61 63 77 73 63 62 66 74 75 76
161 155 151 150 162 164 166 164 168 166 169 168 171 163 138 147 149 146 156 142 141 140 138 154 137 146 145 153 157 162 158 141 136 150 157 151 138 125 148 147 140 132 117 141 105 100 103 109 99 93 95 91 106 116 89 88 88 88 89 87 83 80 110 87 82 79 78 77 77 79 76 97 91 83 85 91 94 96 93 95 88 86 93 103 71 97 95 99 100 70 101 89 83 82 78 75
157 154 151 151 162 165 166 164 165 165 167 167 170 146 142 148 149 145 142 141 141 140 138 167 137 145 160 160 164 141 153 140 137 152 152 151 125 129 149 147 145 132 118 145 121 100 108 105 104 93 97 91 106 89 111 88 87 87 87 87 85 82 93 106 101 97 87 90 85 84 85 86 88 87 88 92 95 94 95 96 89 84 87 97 104 101 94 93 98 71 71 98 88 82 73 74
154 153 151 151 163 166 167 166 163 164 167 167 147 161 144 148 149 145 142 142 141 140 138 155 137 148 161 165 146 158 146 139 143 141 153 151 125 131 150 153 148 130 132 143 112 103 101 103 105 104 91 106 106 89 88 106 87 86 86 86 85 83 80 110 99 96 100 100 97 101 108 100 98 72 93 90 94 94 95 98 93 85 84 90 96 101 96 83 85 98 72 71 98 84 73 74
152 152 151 163 163 163 164 165 164 167 165 169 162 160 144 148 150 146 143 162 142 140 138 138 152 152 163 146 161 155 149 141 160 139 154 140 126 137 150 152 148 128 129 118 114 122 97 104 95 108 91 90 110 89 88 111 108 85 85 85 85 83 81 93 102 87 94 87 86 102 73 73 104 93 72 92 92 96 94 95 94 85 77 79 88 96 97 91 80 82 96 73 72 96 72 72
152 152 151 163 162 164 165 163 166 169 150 148 147 160 145 148 149 145 169 143 142 140 139 138 155 164 165 163 154 159 154 146 162 156 147 126 127 142 132 150 140 128 127 133 116 112 113 96 95 109 91 90 90 89 88 104 107 85 84 85 84 83 82 80 107 99 99 99 85 94 108 99 94 100 98 109 91 95 97 89 91 84 75 78 85 94 92 91 85 76 72 85 74 73 73 72
152 152 151 162 163 165 167 164 167 170 151 167 149 148 146 149 149 145 144 143 142 140 139 155 150 165 166 163 160 162 155 153 158 155 141 126 119 142 133 151 123 122 121 122 117 113 121 96 95 109 91 90 89 88 87 104 106 85 84 84 107 83 82 80 99 103 104 102 94 88 98 104 109 105 72 72 72 101 100 93 90 90 88 85 89 70 92 83 85 79 72 72 82 75 73 73
152 152 152 162 165 152 167 167 168 169 167 165 150 148 148 150 149 145 144 143 141 140 139 144 149 165 164 163 162 165 164 151 157 151 134 121 120 135 152 154 123 122 123 122 123 119 115 113 93 109 108 90 89 88 87 86 105 107 106 83 84 84 82 80 78 104 100 99 89 73 73 74 101 102 73 72 110 100 85 90 96 97 91 87 86 70 70 90 89 90 87 80 71 73 75 74
153 152 152 162 165 152 167 165 167 167 165 164 164 148 149 150 148 145 144 143 141 140 164 139 139 165 164 164 162 164 160 148 150 153 134 121 119 136 158 153 124 121 122 123 123 119 117 112 114 92 108 91 89 87 86 105 86 105 113 83 83 84 83 81 78 97 89 88 87 73 73 73 74 91 101 101 71 72 84 87 94 99 96 90 87 70 70 69 69 70 70 89 84 72 74 76
153 153 152 161 165 152 151 167 167 167 166 167 167 148 150 150 148 146 145 143 142 141 144 139 147 165 166 134 163 151 162 152 152 156 134 122 120 137 141 148 125 124 120 122 122 119 118 112 112 93 92 91 89 87 87 87 86 99 104 83 83 82 82 101 79 77 98 86 89 83 84 85 73 73 88 97 73 73 96 85 87 100 70 69 69 70 70 70 69 70 71 71 71 82 71 73
153 153 152 159 153 152 152 168 166 165 165 168 168 148 151 150 148 146 145 144 142 158 140 140 147 155 137 134 150 153 152 157 157 156 136 131 134 155 156 113 111 108 123 118 117 120 120 96 107 93 92 90 88 89 89 104 98 84 103 102 82 81 81 81 103 78 97 94 92 84 86 95 86 73 73 74 73 74 96 89 84 71 71 69 69 69 70 70 70 70 71 71 71 83 70 70
153 153 152 161 153 152 152 169 163 162 165 150 167 149 151 150 148 146 145 144 168 149 140 141 148 164 138 135 157 149 153 164 157 149 137 132 137 145 137 113 111 109 126 119 114 118 121 97 136 107 91 90 89 91 106 105 104 103 104 101 108 80 80 80 80 79 76 102 94 99 86 87 98 82 73 81 94 74 73 92 85 70 71 70 69 69 69 70 71 71 71 71 69 71 71 69
154 153 153 153 153 152 152 169 162 162 169 150 166 150 165 149 148 146 145 167 164 144 142 142 148 140 138 136 159 144 166 164 143 142 141 137 156 118 133 113 111 126 108 121 103 102 100 140 115 110 105 89 91 110 113 105 85 103 103 102 101 109 94 78 79 78 77 98 97 98 93 91 99 99 88 84 88 104 104 94 96 69 70 72 71 70 69 69 69 71 70 71 70 70 69 69
154 154 153 153 153 152 152 170 164 167 152 150 160 151 151 149 171 147 146 166 149 142 143 142 142 167 138 158 154 143 161 158 129 128 155 123 162 119 134 113 111 111 109 106 103 102 101 99 116 92 107 91 112 105 104 87 86 85 104 83 102 100 99 98 92 93 99 97 106 96 93 84 98 99 95 95 94 97 98 72 71 70 69 70 71 70 70 69 68 68 69 70 69 72 70 70
154 154 154 153 153 153 152 168 166 173 151 172 154 159 151 150 148 169 168 162 146 143 143 143 142 167 166 163 155 135 152 159 129 128 157 159 158 141 117 114 112 111 109 106 103 102 101 99 96 93 92 92 91 89 87 87 87 86 84 83 82 101 79 99 103 101 106 74 96 103 99 82 84 101 102 98 97 96 72 73 72 71 70 70 70 99 70 69 69 69 69 69 69 71 70 71
154 154 154 153 153 153 152 152 170 152 151 163 151 166 151 150 169 165 162 155 143 144 144 154 142 169 139 164 156 152 153 157 155 129 157 154 156 156 118 116 126 110 109 106 103 102 100 99 97 94 93 92 91 89 87 87 87 86 85 84 83 81 80 79 106 104 107 98 98 97 97 93 91 94 100 72 100 71 71 71 71 81 71 71 69 69 69 69 69 84 69 69 70 69 69 70
154 154 154 153 153 153 153 153 153 153 151 155 151 165 168 171 170 157 162 150 144 144 144 144 164 168 139 166 136 161 135 159 131 130 129 126 123 121 158 153 112 109 109 106 104 102 100 99 97 94 92 91 91 89 88 87 86 86 85 84 82 81 81 80 99 107 109 98 98 73 73 103 95 90 92 91 90 96 99 89 70 78 71 71 70 69 69 68 68 68 69 69 69 69 69 67
154 154 154 154 154 153 171 153 154 153 152 156 152 157 167 171 169 158 162 145 145 145 145 144 168 141 140 138 137 137 166 168 155 131 129 158 124 122 155 115 112 109 108 107 104 102 101 99 96 94 92 91 110 90 89 88 86 85 85 84 83 82 81 80 108 104 98 107 106 107 73 105 99 93 72 72 72 73 72 87 71 70 71 72 70 70 69 69 68 68 68 69 69 68 68 69
154 154 153 153 153 153 169 153 153 153 152 163 152 152 167 172 168 158 158 146 146 146 145 167 143 142 140 139 139 138 137 160 158 131 130 128 125 122 156 116 113 110 109 108 105 103 101 99 96 94 93 91 110 111 89 88 87 86 85 84 83 82 81 110 98 103 104 106 103 102 104 107 106 103 92 88 89 72 72 72 72 71 70 70 70 70 70 69 69 68 69 69 68 69 70 81
154 154 153 153 153 153 153 153 153 153 152 164 153 153 166 174 168 159 159 146 147 147 146 145 144 142 141 140 161 166 166 164 160 132 131 129 126 123 120 117 114 112 110 108 106 103 101 99 97 95 93 92 91 111 89 88 87 86 85 84 83 111 81 111 110 106 101 102 98 97 98 104 73 72 103 97 94 95 88 71 71 70 70 70 70 70 70 69 69 69 69 95 90 92 92 91
154 154 153 153 153 153 154 154 154 153 175 162 153 157 166 172 166 149 148 147 148 147 166 146 145 143 170 167 167 168 164 159 157 133 131 129 126 124 121 118 116 113 111 108 140 104 102 100 98 96 94 93 92 109 90 89 88 87 86 84 83 110 110 107 110 78 105 101 94 93 74 96 74 74 74 96 97 72 97 89 88 89 86 70 70 70 70 70 70 70 70 72 72 98 73 73
154 154 153 153 153 153 153 153 154 153 172 161 155 164 165 168 166 159 149 148 148 148 172 147 146 144 163 165 171 168 155 138 136 134 131 129 159 124 156 152 116 114 141 109 107 105 103 101 98 96 95 93 92 104 104 89 89 87 86 85 84 83 108 104 109 79 78 105 97 94 74 96 74 74 102 97 96 95 93 88 86 90 73 95 72 90 87 86 70 71 71 71 70 70 75 73
154 153 153 153 153 153 154 153 153 153 152 165 153 166 152 166 169 165 150 149 150 149 173 148 146 173 163 166 164 165 154 139 137 135 133 162 128 125 122 119 117 116 113 111 109 106 104 101 99 97 96 94 93 106 104 110 88 110 86 85 84 84 105 100 103 80 79 107 100 96 92 100 74 75 102 98 95 73 84 79 73 72 84 73 73 97 73 98 80 70 86 88 75 71 76 76
154 153 153 152 153 154 154 154 153 153 153 153 167 153 153 152 169 167 151 150 150 150 149 174 147 176 166 165 159 162 163 151 161 167 165 132 130 127 124 121 120 118 115 112 109 107 105 103 100 98 96 95 94 92 102 105 104 101 108 85 85 84 106 95 81 97 106 78 100 97 93 100 75 75 102 105 105 97 86 86 86 85 72 81 84 87 86 73 96 96 73 71 71 73 76 76
153 153 153 154 154 154 155 154 154 154 154 154 153 162 153 164 168 171 161 151 151 151 150 149 147 146 167 157 145 144 143 162 168 168 136 133 131 129 126 159 121 119 116 113 110 108 105 103 101 99 97 96 94 93 97 94 96 98 99 106 85 84 101 92 81 85 91 97 97 96 92 95 106 105 105 74 74 73 89 85 85 85 73 73 73 84 73 74 74 74 75 74 72 71 72 73
