examples/cougarCreek/createInputs/WindNinja/wrfout_d3.2015081100.f21/cougarCreek_08-11-2015_2100_217m_non_neutral_stability_ang.asc
ncols	146
nrows	140
xllcorner	610065.000000
yllcorner	5095217.000000
cellsize	216.586807
NODATA_value	-9999.000000
[rows 0 to 47 of 140, columns 0 to 95 of 146]
349 348 348 349 350 352 354 355 357 318 1 3 10 18 26 34 41 47 52 56 60 53 71 76 78 80 81 83 85 87 88 89 90 92 94 96 99 98 101 105 105 105 109 107 109 110 113 113 113 113 111 110 109 109 109 110 111 109 107 108 109 108 108 109 110 110 108 108 110 113 114 113 111 109 109 111 111 108 105 105 106 108 111 107 105 108 115 106 107 112 117 112 110 119 118 118
349 348 348 349 350 352 354 355 357 318 1 3 10 18 26 34 41 47 52 56 60 53 71 76 78 80 81 83 85 87 88 89 90 92 94 96 99 98 101 105 105 105 109 107 109 110 113 113 113 113 111 110 109 109 109 110 111 109 107 108 109 108 108 109 110 110 108 108 110 113 114 113 111 109 109 111 111 108 105 105 106 108 111 107 105 108 115 106 107 112 117 112 110 119 118 118
346 345 343 343 345 346 347 349 351 353 355 357 2 8 16 24 32 39 45 50 56 40 66 70 73 76 78 80 82 84 86 87 89 91 93 95 97 100 102 104 105 107 108 109 110 111 112 112 112 112 111 110 109 109 109 109 109 108 108 108 108 108 108 109 109 109 109 109 111 112 112 111 110 110 110 111 112 110 108 108 109 110 111 112 113 114 114 115 115 116 116 115 116 117 116 116
345 343 339 339 340 341 342 343 345 347 350 352 356 0 6 13 21 28 35 41 48 29 60 63 67 70 73 75 77 79 81 85 87 90 92 94 95 97 99 101 103 104 105 107 107 108 109 109 110 111 111 110 110 109 108 108 108 108 108 107 108 109 109 109 109 110 110 111 111 110 110 110 111 112 112 112 113 113 112 111 111 111 112 113 114 114 115 116 116 116 116 115 115 117 117 116
341 339 335 334 335 336 337 320 319 324 345 347 350 353 358 4 11 18 25 32 9 19 30 57 61 65 68 71 74 76 78 81 85 88 90 92 94 95 97 99 101 103 104 105 106 107 108 109 110 111 111 110 109 104 108 108 108 108 108 108 109 110 110 110 110 111 111 111 111 110 110 112 113 113 113 113 114 114 113 113 112 113 113 113 115 115 116 116 116 117 117 117 95 99 99 96
335 333 331 330 330 331 332 333 334 323 324 332 345 348 351 356 2 9 354 24 3 9 20 52 56 60 64 67 71 74 76 79 83 86 89 91 93 95 96 98 100 102 103 104 105 106 108 109 110 105 105 104 109 109 108 108 109 109 109 109 109 110 110 110 110 111 103 111 110 110 111 113 113 113 112 112 113 114 114 114 113 113 114 114 115 115 116 116 116 117 117 117 116 91 96 94
328 327 325 325 325 326 328 319 321 325 322 324 336 342 345 350 355 1 343 349 358 3 14 27 42 49 59 52 57 63 73 76 81 85 87 90 92 94 95 90 92 101 96 104 106 100 102 103 106 107 102 110 103 109 109 109 110 110 110 110 110 102 103 110 111 102 111 110 111 111 112 113 112 111 111 112 113 114 114 114 113 114 114 113 127 115 115 116 117 117 117 117 116 91 92 94
321 321 320 320 321 322 323 316 313 316 319 320 329 342 350 344 348 351 345 343 353 360 9 20 36 44 47 49 54 63 70 63 70 83 86 89 92 94 88 90 92 94 95 97 99 101 103 105 105 100 104 103 110 109 109 109 110 110 110 110 101 102 110 110 111 103 110 111 111 112 112 111 111 111 112 113 114 114 114 115 114 114 114 114 114 115 116 116 117 117 117 117 116 116 89 82
315 315 315 316 317 321 319 322 318 317 320 320 323 334 344 338 348 348 343 336 347 354 323 331 28 39 43 46 51 59 60 62 71 81 85 80 83 86 88 90 92 94 96 97 99 101 101 101 102 103 103 104 104 102 101 110 110 110 102 110 100 109 110 111 101 103 103 100 111 111 111 111 111 112 112 113 113 113 114 115 115 114 115 115 115 115 116 116 117 117 117 117 116 116 115 116
308 310 310 312 313 309 314 319 320 321 321 321 317 327 339 343 345 348 340 314 318 348 354 6 341 33 38 44 46 54 58 60 67 71 74 79 83 86 89 92 94 95 96 98 100 101 101 102 102 104 105 106 104 101 109 109 110 110 101 109 110 110 111 102 102 100 100 99 111 111 111 111 111 112 112 112 113 113 114 115 115 115 115 114 114 115 115 116 116 126 117 117 117 116 116 115
328 303 305 307 309 311 306 311 315 317 319 321 322 320 333 336 341 335 338 334 316 329 348 358 325 12 31 33 42 52 56 58 66 70 73 78 83 87 90 92 94 96 98 90 92 92 101 102 104 99 102 100 101 109 110 110 110 101 110 110 110 100 102 103 100 100 102 101 111 111 111 111 111 111 112 113 113 114 115 115 115 115 115 114 114 120 126 115 116 117 117 117 117 116 116 115
295 298 319 315 312 307 310 306 311 316 318 320 322 321 326 328 327 339 334 333 319 329 328 351 6 354 33 26 22 47 52 55 64 68 73 79 83 88 90 93 95 81 85 88 92 93 101 102 97 100 99 103 110 110 102 102 102 101 101 111 111 102 104 102 102 111 111 111 111 111 111 111 111 111 112 113 113 113 114 114 114 114 115 114 114 115 115 116 116 116 117 117 117 117 116 115
290 294 297 313 312 309 307 302 305 310 314 318 323 321 323 325 332 332 326 329 322 328 332 315 356 326 26 18 19 41 46 52 60 66 74 80 85 89 92 95 74 83 87 89 92 90 101 93 97 104 104 103 111 111 102 103 102 102 102 101 103 107 106 110 111 110 110 110 110 110 110 110 111 111 112 113 113 113 114 114 114 114 114 114 114 115 115 116 116 116 117 117 118 117 116 115
285 290 293 296 299 304 304 306 298 303 308 310 313 322 319 322 326 329 326 324 322 323 334 325 312 326 16 14 25 46 46 49 25 28 27 33 48 53 52 62 76 88 89 90 89 101 102 93 95 105 104 104 104 103 103 103 103 104 103 105 108 108 110 110 110 109 109 109 109 110 111 111 111 112 112 112 113 113 113 113 114 114 114 114 114 115 115 116 116 116 117 117 118 119 117 136
281 285 289 293 295 298 300 303 305 298 300 306 308 305 315 329 337 340 335 332 334 331 339 340 323 329 5 11 26 44 46 45 13 21 22 27 44 50 49 64 88 90 88 88 86 87 90 95 98 97 105 105 105 104 103 102 96 105 104 104 110 110 110 109 101 97 97 97 110 111 96 111 111 111 112 112 111 112 113 113 113 114 114 114 114 114 115 115 116 116 124 116 117 134 118 135
277 282 285 289 292 295 302 305 303 299 299 304 303 300 301 314 334 338 332 331 336 334 340 349 334 330 354 10 25 42 34 12 14 19 18 29 36 44 52 62 85 87 87 88 87 90 95 99 98 94 106 106 95 95 103 103 98 104 95 101 102 101 98 97 97 97 99 110 110 111 111 111 110 111 111 111 111 111 112 113 113 113 113 113 114 114 114 115 115 115 114 114 115 124 118 115
274 279 282 286 290 293 295 302 305 303 302 304 312 312 298 288 295 325 321 321 331 331 341 327 344 334 352 12 34 42 20 5 18 23 23 31 33 41 57 67 78 85 89 90 91 94 97 97 95 93 107 96 100 97 94 107 107 95 102 102 101 98 99 98 98 99 110 97 110 110 110 110 110 110 110 111 110 110 111 112 113 113 113 113 113 113 113 114 115 114 114 113 114 116 126 115
270 275 280 284 288 291 291 298 304 310 304 304 305 313 294 281 282 293 301 302 312 313 334 5 353 339 357 17 31 29 13 11 17 21 35 31 33 38 54 70 79 84 87 90 92 94 95 94 93 95 98 105 104 95 95 107 105 91 103 101 99 98 99 100 100 110 110 107 108 109 109 109 109 109 110 110 111 110 111 112 112 113 113 112 112 113 113 105 104 114 113 113 113 115 116 122
265 272 277 281 286 289 292 298 312 315 305 304 294 296 302 302 298 300 304 299 307 312 313 347 350 347 3 21 24 21 16 19 22 20 36 24 23 38 56 70 78 84 88 91 92 92 94 94 93 97 104 105 98 103 94 96 101 101 94 100 100 91 103 101 110 105 108 113 108 108 109 109 109 109 109 110 111 111 110 111 112 112 112 112 112 113 113 105 103 113 113 99 103 114 115 116
261 268 274 279 283 287 294 296 309 314 304 302 293 297 311 318 316 310 312 306 310 322 308 320 339 354 13 23 22 19 23 26 44 79 86 20 23 32 55 70 79 85 91 95 94 93 95 97 102 105 104 97 91 93 95 90 90 102 92 90 100 93 101 99 101 109 110 109 108 108 109 109 109 109 109 110 110 110 110 111 111 112 112 112 112 112 112 99 98 113 113 105 105 107 113 114
256 263 270 286 290 292 292 294 299 311 302 303 314 297 297 310 319 316 319 312 315 329 305 306 314 350 19 20 21 22 27 35 75 84 90 19 32 71 54 78 85 93 96 97 97 98 100 103 113 103 100 94 91 98 90 102 104 92 93 90 89 93 101 99 109 109 109 109 108 108 108 108 109 109 109 109 109 110 110 111 111 111 112 112 111 111 112 112 113 113 95 103 104 111 112 113
251 258 265 283 288 289 290 292 296 311 304 304 321 314 287 303 289 296 308 306 306 325 312 313 322 344 8 13 21 29 30 47 84 91 96 55 39 73 60 86 98 102 101 99 97 95 98 102 102 92 93 91 92 90 104 90 91 95 95 89 90 94 91 110 103 103 102 103 108 107 107 108 108 108 108 108 109 109 110 110 111 111 111 111 111 110 111 112 112 112 95 99 98 97 112 113
246 254 261 267 280 282 284 287 291 306 302 299 314 330 298 300 278 302 289 302 305 313 310 307 314 342 8 13 28 40 37 61 91 47 100 101 30 36 64 92 105 106 102 98 97 98 100 99 92 91 91 89 90 105 106 92 91 92 92 89 94 95 102 103 103 101 100 108 107 107 108 108 108 108 107 108 108 109 109 109 110 111 111 110 110 110 111 112 112 92 104 106 108 110 107 104
241 249 256 263 269 274 280 285 296 305 305 295 301 323 312 300 296 296 298 312 319 319 316 296 291 320 15 17 32 39 32 44 96 102 104 59 33 44 65 91 100 103 101 97 97 98 97 94 91 92 89 112 90 91 90 92 91 92 94 94 98 103 101 107 98 100 99 99 108 108 108 107 107 107 107 107 108 109 109 109 109 110 110 110 110 110 110 111 93 116 120 120 116 117 116 110
236 244 252 259 264 270 277 282 286 302 311 299 298 315 316 302 297 297 296 298 309 321 326 310 295 311 8 20 20 21 30 48 77 105 35 24 38 53 72 96 98 96 98 110 99 95 94 97 94 92 90 110 90 90 91 95 98 100 99 98 98 103 88 86 101 100 99 99 108 100 107 107 107 107 107 107 107 108 108 108 108 109 110 110 109 109 109 110 110 121 121 116 113 118 121 116
231 239 247 254 260 266 274 279 282 295 308 302 293 297 315 308 299 295 294 290 295 315 323 316 307 316 3 26 4 10 41 85 87 63 110 79 47 63 86 100 102 95 96 96 97 111 102 112 95 91 114 90 91 90 92 99 102 111 99 97 97 102 87 96 102 99 99 101 103 104 104 106 106 106 107 107 107 107 108 108 107 108 109 109 109 108 108 108 109 114 123 119 113 115 121 117
227 235 242 249 263 268 269 273 277 284 299 296 292 291 302 311 301 297 298 294 297 314 317 310 306 313 0 27 359 14 58 70 66 58 46 44 60 73 88 93 91 87 90 92 93 95 94 93 91 90 112 89 90 89 90 95 99 99 96 95 95 102 101 94 96 98 104 104 104 104 104 105 105 106 106 106 106 106 106 107 107 107 108 108 108 108 107 107 96 103 118 108 117 114 117 107
224 231 239 245 255 261 266 269 265 271 289 296 298 288 283 293 292 294 300 296 300 314 314 298 292 300 344 20 10 29 61 64 63 59 56 57 71 86 92 89 88 87 88 93 95 95 94 97 96 88 112 89 91 88 90 98 99 97 96 96 97 98 102 108 110 110 107 102 99 98 98 105 105 105 105 105 105 105 105 106 106 107 108 108 108 107 107 106 93 95 97 99 100 100 107 107
221 227 235 242 248 256 263 269 272 275 286 297 304 287 275 282 288 291 298 294 298 310 313 292 275 277 304 0 20 44 64 60 62 68 71 76 91 95 89 89 92 91 95 99 102 114 113 113 90 112 113 89 91 90 94 101 100 99 101 105 106 105 105 106 107 108 108 104 101 99 99 104 104 104 104 104 104 105 105 105 106 106 107 108 107 106 106 105 87 87 106 107 90 93 108 107
218 224 231 238 244 253 258 276 288 285 289 295 305 314 290 284 289 292 296 292 295 307 309 303 281 275 283 317 15 54 66 66 66 75 79 86 95 92 89 94 96 99 108 113 114 114 114 93 113 114 114 89 91 91 103 104 103 102 101 101 101 101 102 103 103 103 102 102 101 101 100 102 103 103 104 104 104 104 105 105 105 106 106 107 106 105 105 104 104 87 89 91 97 99 95 106
216 221 227 233 240 252 254 258 272 277 279 290 294 307 303 285 293 301 304 303 306 316 311 314 299 292 293 301 359 51 63 71 78 81 87 97 97 81 95 103 108 110 115 114 114 114 96 88 115 116 115 92 92 101 104 99 95 96 98 99 100 102 104 103 101 100 98 97 96 95 93 103 103 103 104 104 104 104 104 105 105 105 105 105 105 105 105 105 104 97 99 99 97 93 90 106
214 218 223 229 236 249 252 256 266 271 269 272 278 283 299 283 283 293 299 304 313 320 317 315 304 296 296 298 345 45 58 82 90 90 96 100 86 81 101 110 110 111 116 115 115 115 117 90 118 116 115 112 94 98 92 89 93 96 98 99 101 104 104 102 99 98 101 100 100 99 99 102 104 103 102 103 103 103 104 104 104 105 105 105 105 106 105 105 104 99 97 95 94 92 92 106
211 216 221 226 232 250 252 253 264 270 273 275 285 290 294 283 273 274 279 287 302 314 315 312 311 304 293 287 321 33 57 86 98 99 95 91 85 90 101 97 110 112 116 116 116 116 117 128 119 117 115 112 88 92 91 93 99 102 102 100 99 100 102 103 105 104 108 102 110 112 100 107 105 101 101 102 103 109 115 103 103 104 105 105 105 104 104 104 129 98 93 94 95 97 99 105
207 211 230 221 245 247 250 251 267 268 278 288 295 293 290 284 272 262 256 258 268 285 298 308 317 322 311 294 299 20 65 93 104 103 101 101 102 107 109 109 110 112 117 116 116 121 122 126 119 119 117 131 127 101 97 102 105 106 106 108 105 103 104 105 103 104 102 104 103 100 94 92 101 101 102 102 102 102 111 102 102 102 104 105 104 102 102 102 129 116 95 95 98 100 103 103
202 208 213 231 237 239 243 273 275 277 276 278 284 289 292 284 273 264 258 256 258 262 266 275 300 333 334 312 312 34 103 106 108 108 105 105 108 111 113 115 112 111 113 113 114 118 120 125 118 119 118 115 127 127 123 116 109 107 108 109 110 106 103 99 98 98 98 95 89 99 99 100 92 99 105 106 104 101 101 102 101 102 103 104 104 102 101 101 128 125 97 95 97 97 95 103
198 204 210 214 230 234 235 236 263 266 261 253 256 268 284 289 288 289 292 281 270 259 252 244 234 226 269 303 328 65 108 111 109 109 104 102 104 104 103 102 108 109 110 116 115 115 112 117 125 117 116 115 113 125 122 122 116 113 110 107 105 102 98 96 94 96 93 100 99 99 99 92 97 101 103 103 99 100 100 101 101 101 102 103 104 103 101 100 129 128 102 96 97 96 96 102
193 197 202 218 219 276 273 226 254 253 250 248 249 253 258 267 271 273 272 256 239 234 231 219 208 203 215 233 267 108 116 123 113 107 103 95 93 93 95 94 93 96 119 118 116 114 115 116 116 124 118 118 112 112 110 109 120 119 118 115 113 110 108 104 100 95 95 94 96 97 93 94 95 94 98 99 99 100 100 100 100 101 101 102 103 103 100 99 128 128 111 98 95 97 99 100
188 192 196 209 210 211 214 242 219 236 236 247 248 243 235 235 234 225 215 210 213 217 214 207 204 202 207 205 183 146 122 123 129 125 120 117 109 105 105 104 102 102 106 116 115 114 114 115 107 114 121 117 115 115 113 111 110 111 112 112 112 111 111 111 111 111 111 111 111 112 110 110 98 96 97 98 99 99 99 100 100 100 100 101 103 104 100 98 127 127 108 94 92 92 92 100
185 186 189 201 203 203 205 208 226 226 234 239 235 228 225 226 223 216 214 219 218 211 210 207 199 199 208 201 179 140 124 111 118 128 132 134 133 131 127 123 113 107 100 102 116 116 115 114 115 115 111 117 113 109 108 106 105 105 105 104 112 112 111 111 111 111 110 111 111 111 111 110 110 110 104 91 96 97 98 99 99 99 99 100 103 104 101 98 126 126 117 90 90 91 91 99
179 181 184 194 195 197 198 202 226 230 235 234 229 231 229 228 222 214 211 211 206 207 214 211 198 205 209 202 184 182 126 110 116 116 123 126 126 123 124 124 120 121 124 121 114 113 112 107 104 112 114 103 104 106 109 105 110 110 103 102 102 111 111 110 109 98 97 96 96 95 95 95 95 111 112 114 114 94 95 96 97 98 98 99 101 103 102 99 97 125 127 97 90 91 92 92
174 176 180 188 190 190 196 196 197 227 232 236 237 237 226 221 213 205 203 207 208 214 215 201 191 203 204 200 200 210 124 118 117 116 113 111 109 112 120 118 114 113 114 112 121 121 121 118 117 113 112 110 107 108 107 106 105 103 102 102 103 101 100 98 97 95 94 94 95 95 95 95 95 95 95 95 94 93 115 113 94 96 97 98 98 101 102 100 97 95 125 116 98 94 92 89
169 172 177 185 186 194 188 191 190 224 229 229 225 219 211 210 203 199 208 218 221 218 206 182 189 201 200 199 196 191 141 116 111 108 107 109 108 109 108 107 115 115 111 112 114 111 112 112 113 113 113 114 113 111 109 109 107 106 108 105 100 99 97 95 94 93 93 93 94 94 95 96 96 95 96 97 97 96 94 91 115 93 96 96 96 98 101 102 98 95 94 123 107 97 94 88
166 169 173 175 184 178 186 180 185 183 181 219 213 207 203 201 200 209 220 220 218 206 186 178 197 201 198 192 183 174 154 122 107 106 104 107 107 106 105 105 107 112 110 108 106 103 107 111 112 110 111 108 107 106 105 103 101 100 98 96 95 94 93 91 91 92 93 93 94 94 95 95 95 95 96 98 99 99 98 95 111 116 92 92 94 95 98 101 100 96 94 93 115 102 94 90
166 167 169 171 179 181 182 181 180 179 212 204 195 195 191 193 202 207 211 210 205 185 176 178 198 196 191 179 178 174 160 139 121 106 104 104 105 103 102 102 101 101 101 99 110 111 111 111 105 110 107 106 105 103 101 99 97 95 91 93 93 92 91 92 93 95 96 95 95 94 95 95 95 96 96 98 100 101 101 99 94 90 112 93 94 94 94 97 99 98 95 93 117 109 105 99
164 165 166 167 169 176 177 177 176 201 193 184 187 194 191 195 194 195 200 200 192 176 175 184 194 189 176 174 178 170 159 146 138 125 113 103 103 100 99 99 105 100 109 108 110 112 106 110 113 109 106 104 102 101 99 97 95 93 94 94 94 94 89 90 90 90 88 85 83 82 83 82 82 81 81 95 96 99 101 101 97 91 114 93 93 103 92 93 96 98 96 93 115 111 92 108
161 162 164 165 173 174 174 174 173 183 178 183 194 198 196 191 181 196 201 197 193 183 180 179 188 180 171 179 180 171 156 148 145 136 125 115 107 102 99 98 93 109 108 109 111 102 105 114 112 105 101 95 99 99 98 96 94 94 97 92 93 93 81 79 77 82 87 86 81 83 86 88 87 88 88 85 81 85 98 101 99 94 108 97 91 91 103 92 93 96 96 93 91 106 92 91
158 159 172 164 171 171 182 186 183 172 179 191 195 195 191 186 190 195 197 195 193 177 172 170 172 171 172 181 177 165 155 150 147 141 131 118 115 111 104 97 101 102 102 95 100 105 106 109 104 102 98 96 98 99 99 99 100 97 98 86 84 80 78 82 82 86 86 84 91 101 102 102 97 91 91 96 102 87 92 97 99 96 90 113 90 90 90 91 91 93 95 94 91 90 91 90
154 161 162 161 162 170 171 180 180 175 188 192 193 194 195 196 154 184 192 190 184 166 161 165 169 171 180 181 170 163 157 155 148 142 132 117 118 120 114 107 93 99 111 108 107 106 104 104 104 101 98 95 98 99 99 100 103 87 83 89 89 88 91 93 96 95 94 95 99 100 99 97 92 91 93 96 99 97 86 92 97 97 92 88 92 88 89 90 90 90 92 94 92 90 90 90
