examples/cougarCreek/createInputs/WindNinja/wrfout_d3.2015081100.f22/cougarCreek_08-11-2015_2200_217m_non_neutral_stability_vel.asc
ncols	146
nrows	140
xllcorner	610065.000000
yllcorner	5095217.000000
cellsize	216.586807
NODATA_value	-9999.000000
[rows 34 to 67 of 140, columns 0 to 76 of 146]
5.67 6.13 6.62 6.88 7.37 7.78 8.08 13.15 14.07 14.36 15.04 15.95 15.72 15.13 14.84 15.17 15.30 14.73 14.32 13.37 12.83 13.12 12.92 12.44 11.76 10.41 11.04 12.24 12.29 10.58 9.63 8.51 6.30 6.96 9.55 11.35 12.68 13.72 16.00 16.99 17.74 18.83 19.60 20.48 21.14 21.44 21.32 20.62 15.46 15.86 16.55 17.63 18.78 21.09 22.82 24.66 24.44 23.29 23.54 23.14 23.09 21.99 17.61 21.82 21.78 21.51 18.32 17.83 16.82 14.69 14.86 14.61 16.75 17.44 17.51 17.03 16.52
5.40 5.86 6.44 6.71 7.50 7.69 7.86 8.05 13.75 14.05 14.49 14.00 15.58 15.95 15.36 14.51 13.95 13.19 12.56 12.14 12.89 13.14 12.81 12.60 12.99 13.31 13.28 12.38 11.67 11.06 10.16 10.53 7.40 6.82 9.37 10.92 12.13 12.66 12.97 13.74 12.94 14.58 16.00 12.65 13.79 14.58 22.42 22.13 20.82 16.05 16.18 16.34 17.75 19.80 20.21 21.40 22.63 22.48 22.88 23.06 21.87 23.10 22.39 21.79 21.43 18.13 17.63 14.73 14.62 14.86 15.06 17.38 17.52 17.51 17.27 16.96 12.88
5.09 5.52 6.04 7.15 7.12 10.68 11.41 7.41 13.52 13.93 13.82 13.39 12.92 15.18 15.36 14.80 14.22 14.04 14.01 13.95 13.44 12.31 12.23 12.15 12.07 11.44 12.05 11.69 11.49 10.27 9.39 10.36 10.92 8.25 9.26 12.23 12.67 13.23 13.43 13.88 14.85 15.93 12.20 12.84 13.89 14.72 15.07 15.38 22.61 21.02 16.70 16.24 16.96 17.48 17.55 17.94 20.79 20.60 20.91 21.37 21.85 22.16 22.44 22.03 22.52 21.45 17.80 17.55 17.81 21.40 18.12 17.96 17.31 16.76 13.29 13.00 12.85
4.90 5.24 5.69 6.75 6.87 6.90 6.90 12.66 7.05 13.19 13.00 12.89 12.59 14.40 14.24 13.85 13.14 13.35 13.52 13.07 12.40 11.63 11.80 12.05 11.85 11.46 10.53 11.21 12.39 12.51 9.64 9.95 10.04 11.31 12.09 14.30 16.30 15.16 14.93 15.13 16.19 16.45 14.97 12.93 13.81 14.94 15.83 15.86 22.68 22.04 21.12 16.85 17.21 16.53 17.20 17.91 17.56 17.12 16.95 16.92 17.09 16.98 16.89 16.89 16.95 17.01 16.64 16.08 15.51 15.11 15.85 19.49 20.20 13.69 13.43 12.99 12.84
4.87 5.11 5.49 6.47 6.70 6.70 11.60 6.73 12.67 12.48 12.76 12.76 13.63 13.35 13.42 13.14 13.07 13.44 13.31 12.77 12.38 12.01 11.34 11.55 11.50 11.08 10.01 10.76 12.18 1.54 11.41 10.32 10.88 10.24 10.32 11.08 10.94 12.78 13.70 16.46 19.12 20.39 17.72 15.57 14.07 15.05 16.01 16.09 15.91 15.99 22.30 21.41 17.21 15.55 16.57 16.87 16.85 16.38 15.99 16.06 16.85 16.61 16.49 16.56 16.57 16.58 16.03 15.22 14.89 14.86 15.03 15.08 14.85 15.07 16.57 16.60 12.99
4.90 5.12 5.42 6.34 6.48 6.62 12.81 6.63 12.33 12.53 12.47 12.63 11.42 13.10 12.90 12.69 12.84 13.32 13.04 12.66 12.99 12.45 10.67 10.98 11.98 11.24 9.30 10.87 10.70 11.32 11.84 11.17 8.62 10.60 12.65 12.81 13.31 10.09 10.28 11.19 13.54 18.57 18.57 20.06 21.52 21.81 22.86 24.20 23.47 16.74 15.27 22.36 21.26 22.09 18.49 16.62 18.66 17.87 15.91 16.17 15.79 16.30 16.39 16.92 16.93 15.27 14.66 14.25 14.34 14.47 14.38 14.05 13.86 14.08 13.95 13.34 13.64
4.90 5.06 5.37 6.44 6.54 6.45 12.00 6.48 6.40 12.27 12.18 11.88 11.53 12.77 12.53 12.39 12.89 13.59 13.13 12.31 12.07 11.07 10.14 11.99 11.11 10.67 9.39 10.48 11.05 8.88 12.73 11.88 11.12 10.77 13.27 15.93 16.97 16.21 15.73 10.37 12.10 12.82 13.43 14.45 18.58 19.14 20.27 21.36 22.07 22.47 21.43 21.34 17.02 15.53 16.04 16.63 16.76 15.89 15.99 16.38 18.56 15.30 15.81 15.86 15.46 15.12 14.74 14.45 14.44 14.53 14.29 13.91 13.77 13.72 13.34 12.83 12.75
4.97 5.08 5.31 6.54 6.57 11.68 6.59 6.42 6.23 11.75 11.72 11.71 11.32 12.52 12.91 12.68 13.79 13.07 12.56 10.70 10.13 9.82 10.90 11.00 10.66 9.90 9.18 9.92 10.39 10.55 14.58 12.40 11.91 11.90 11.62 12.24 15.55 15.81 15.77 18.96 12.06 19.92 20.89 21.03 20.30 15.47 16.47 17.17 17.40 17.49 16.84 15.82 15.81 16.99 18.12 18.49 18.45 18.08 17.94 18.55 15.47 15.21 15.74 15.68 15.35 15.12 14.98 14.81 14.65 14.61 14.31 13.88 13.68 13.62 13.34 12.77 12.42
5.05 5.08 5.25 5.45 6.50 5.58 6.48 5.68 6.20 5.95 5.73 11.40 11.46 13.15 13.71 13.81 13.64 11.94 10.26 9.11 9.40 10.45 11.75 13.21 11.14 8.50 8.81 10.46 9.99 10.14 14.25 14.33 12.90 11.09 12.17 13.06 14.17 15.09 15.70 16.66 19.90 20.37 21.28 21.43 21.57 23.01 22.36 17.61 17.42 16.35 17.07 14.48 14.53 15.73 16.28 16.24 16.07 15.81 16.03 16.24 15.58 15.26 15.61 15.69 15.47 15.34 15.24 15.07 14.73 14.52 14.36 13.82 13.47 13.50 13.45 12.99 12.36
5.34 5.29 5.35 5.52 6.36 12.78 6.40 6.37 6.22 6.05 11.27 13.11 14.59 14.56 13.85 13.60 12.88 11.39 10.33 9.61 10.32 12.13 13.51 10.80 10.24 8.21 10.46 10.16 9.75 10.21 14.98 15.43 15.43 15.93 14.48 14.40 13.21 14.67 15.92 15.98 17.08 19.83 22.15 20.90 15.60 16.63 17.06 16.80 21.50 17.48 15.64 14.61 14.55 15.59 15.97 15.93 15.91 15.78 19.71 16.22 15.62 15.20 15.53 15.76 15.71 15.66 15.32 15.04 14.65 14.34 14.27 13.67 13.23 13.36 13.59 13.25 12.45
5.75 5.73 5.74 5.78 5.90 7.14 6.55 6.54 6.41 11.67 14.13 13.87 13.72 14.21 13.87 13.88 13.59 13.10 10.98 11.12 12.36 11.58 11.33 11.63 10.25 9.62 10.36 10.14 9.50 10.42 15.32 15.65 16.29 17.20 16.41 17.45 14.45 14.35 15.61 16.24 14.84 16.45 14.19 15.27 16.61 17.79 21.15 19.99 15.58 15.23 15.36 14.81 14.79 15.27 15.60 15.56 15.64 15.84 16.25 16.21 15.50 15.25 15.60 15.78 15.94 16.24 15.92 15.59 15.63 15.46 15.39 14.97 14.48 14.47 14.90 13.32 12.78
5.93 5.97 6.08 6.10 7.34 7.29 7.21 7.04 6.87 14.23 13.20 13.64 13.67 12.70 13.43 14.01 12.65 12.26 9.87 10.01 11.55 12.28 12.02 11.71 11.23 10.53 10.60 10.77 9.53 12.14 15.80 15.58 16.30 17.37 17.88 18.63 17.96 16.95 17.14 17.16 16.90 13.24 14.54 16.15 17.73 21.21 21.36 14.10 12.87 14.53 14.94 17.75 15.41 15.11 15.35 15.17 15.30 16.17 16.74 16.34 15.50 15.28 15.99 16.78 17.63 20.29 20.43 20.24 20.20 20.48 20.10 17.19 17.11 17.23 17.27 16.86 16.18
6.36 6.35 14.17 6.33 7.72 7.73 13.66 13.66 14.81 13.07 13.77 13.87 12.10 13.21 14.12 13.65 13.55 8.83 8.82 9.04 10.40 12.31 14.87 14.94 11.08 10.50 10.15 9.85 9.63 12.38 16.15 15.84 16.45 17.51 20.53 19.88 18.94 18.25 18.71 17.84 13.56 14.11 15.90 19.82 23.11 23.14 19.71 12.86 13.61 13.57 14.41 16.35 16.71 15.18 15.16 15.08 15.37 16.35 17.17 17.52 17.25 16.75 17.96 20.70 21.36 22.00 20.49 19.93 21.21 20.92 19.82 20.45 19.75 17.68 17.55 17.18 19.12
6.78 13.50 8.97 6.73 6.80 8.43 13.05 14.44 14.47 13.94 14.39 12.71 11.56 12.57 12.40 9.87 5.58 6.64 8.80 9.95 12.82 15.42 15.10 15.36 12.03 10.58 10.25 9.52 10.04 12.88 15.09 16.55 16.81 18.06 21.65 20.67 19.41 19.31 18.86 19.10 18.90 21.71 22.72 24.55 22.86 20.46 15.52 12.38 11.80 12.74 14.18 17.61 18.33 15.77 15.54 15.96 16.03 16.24 19.66 22.66 22.15 22.05 22.94 23.30 23.40 22.86 21.74 21.09 20.46 19.86 19.97 20.27 20.01 17.83 17.52 16.93 16.84
7.06 14.92 13.77 13.59 15.07 14.30 14.36 14.73 13.42 14.55 12.79 7.87 11.24 10.46 6.55 6.62 7.53 7.78 10.17 12.00 12.89 14.85 14.56 13.62 11.19 11.00 8.81 9.69 9.24 10.77 13.61 15.39 15.92 18.44 21.65 20.69 18.35 18.09 19.31 17.97 22.06 20.87 20.08 24.01 21.33 20.26 15.47 17.54 12.22 12.73 14.79 17.19 19.91 18.63 17.89 19.46 21.27 24.84 21.48 20.64 21.43 22.85 22.51 20.94 20.84 20.74 20.22 19.82 19.77 20.66 20.24 20.01 19.94 20.00 17.59 16.78 18.49
15.02 9.96 15.29 14.19 10.01 14.66 13.58 8.75 8.72 13.18 12.68 8.16 7.78 7.51 9.89 12.44 13.64 14.40 13.91 13.47 13.06 16.52 15.38 12.05 11.78 11.27 10.05 10.28 9.60 8.47 13.61 14.14 13.24 19.09 22.48 20.84 17.68 18.94 19.67 21.86 20.63 21.12 20.38 20.28 23.29 16.79 20.32 14.72 13.57 14.11 15.39 19.07 20.08 24.84 26.48 26.18 24.71 23.34 21.93 20.00 16.21 15.85 16.42 21.04 23.43 21.94 21.55 21.27 20.69 20.44 20.30 20.08 20.00 17.80 17.57 16.73 16.59
10.70 14.63 14.32 10.52 10.34 7.74 7.85 8.79 8.96 8.90 8.26 7.99 8.06 10.91 14.71 15.22 14.90 14.37 13.82 13.36 13.15 16.79 16.57 16.48 14.34 12.09 8.71 10.10 8.26 10.72 15.67 13.90 14.21 19.68 21.97 21.41 18.30 19.07 20.12 19.50 23.61 21.75 21.45 18.75 18.12 19.58 20.70 20.06 18.91 17.06 20.01 19.68 17.68 18.58 21.05 24.84 18.60 17.46 21.60 20.96 16.76 15.37 14.82 15.31 21.77 22.27 21.52 21.28 20.43 20.09 20.07 19.94 17.61 17.74 17.44 16.79 16.07
11.38 11.21 11.08 10.38 8.21 8.34 9.38 9.42 9.25 8.89 8.49 8.61 8.96 13.50 15.17 14.77 14.56 14.24 13.82 13.43 12.61 12.47 16.72 15.78 16.13 11.60 10.09 7.73 8.19 12.61 15.85 13.66 16.70 20.06 22.32 20.94 17.58 19.48 20.19 19.72 21.70 23.42 22.58 20.55 15.60 16.58 15.90 15.27 15.68 16.83 16.69 16.43 16.45 16.67 18.24 26.48 19.17 17.21 16.78 21.55 20.53 16.41 14.43 14.19 15.81 17.14 19.89 21.79 20.51 16.45 15.82 20.63 17.04 16.76 15.57 15.19 15.03
15.78 11.73 15.22 8.68 8.77 9.94 9.84 9.83 12.73 9.35 9.42 14.36 16.14 15.60 15.19 14.46 14.09 13.73 13.51 13.37 13.00 12.65 12.39 9.64 14.36 9.12 9.67 8.74 10.07 15.65 17.25 15.05 17.60 20.35 21.89 20.14 19.13 21.52 20.72 21.88 23.43 24.24 22.69 20.89 20.78 16.48 16.09 15.31 15.31 14.89 14.54 14.80 15.86 16.23 18.34 15.19 24.15 17.08 22.89 21.68 21.18 20.33 15.61 14.62 15.30 15.62 15.05 15.97 15.75 14.48 13.18 13.80 14.64 13.28 12.89 12.74 12.61
12.35 15.74 9.09 9.15 10.67 11.28 14.07 14.22 13.59 12.50 15.52 16.04 11.18 10.72 10.25 10.03 9.80 13.07 13.12 13.12 16.03 13.25 13.73 17.26 11.77 10.35 8.68 11.95 14.80 18.35 19.22 16.03 16.56 20.29 21.99 20.06 20.21 20.49 22.16 22.92 23.93 24.12 22.57 21.14 20.60 16.32 16.63 15.60 15.22 14.48 14.22 14.47 15.54 15.83 17.81 19.43 24.45 20.99 16.75 17.29 17.12 15.92 14.05 14.60 14.76 14.46 14.72 14.96 14.19 13.35 13.19 13.39 13.36 13.25 13.06 12.85 18.98
13.06 16.55 11.56 11.98 16.31 16.35 14.65 13.69 13.81 14.20 16.33 11.98 11.52 10.95 14.24 13.71 10.23 12.89 13.12 13.04 10.99 11.19 15.72 17.88 12.37 11.42 14.20 15.69 14.74 18.23 19.04 14.64 15.20 20.54 16.29 20.40 20.21 23.18 23.07 23.53 23.11 24.59 23.67 21.43 16.31 16.20 16.57 15.59 15.35 14.61 14.41 14.48 15.19 16.73 17.51 19.62 19.81 17.42 16.40 16.64 16.41 14.34 14.41 14.83 14.63 14.29 14.44 14.68 14.15 13.76 13.64 13.18 12.80 12.93 13.03 12.91 12.80
13.22 13.79 12.58 16.34 12.57 12.73 11.31 14.10 16.61 16.81 12.57 12.29 11.81 11.43 14.16 13.82 10.65 13.37 10.95 11.31 15.49 18.20 17.88 15.12 14.54 14.54 15.38 14.03 13.02 18.01 19.76 14.50 15.68 19.89 23.09 12.84 18.72 18.90 21.67 23.44 23.61 24.87 24.83 22.57 16.75 16.13 14.88 15.33 15.23 14.63 14.47 14.63 15.25 16.48 17.84 18.72 18.45 16.44 15.90 15.74 15.15 14.70 14.84 14.90 14.89 14.52 13.97 14.08 14.06 13.97 14.02 13.36 12.54 12.52 12.83 12.94 12.90
13.63 9.62 12.55 12.85 9.27 11.62 10.70 16.13 13.10 12.67 12.20 12.18 12.08 11.80 14.08 11.04 10.98 10.88 10.76 18.53 17.86 18.30 17.88 14.32 13.29 14.57 12.70 10.88 13.15 18.50 19.05 15.32 15.30 19.73 21.70 21.71 18.22 19.64 21.03 20.40 20.95 21.44 23.62 24.84 21.84 16.87 16.16 15.61 15.24 14.54 14.32 14.60 15.42 16.33 17.37 17.31 16.66 16.43 16.02 15.45 14.98 14.84 14.97 14.89 15.04 14.81 13.83 13.71 13.97 13.93 13.95 13.57 12.73 12.41 12.77 13.01 12.86
9.97 9.68 12.74 8.98 8.99 9.62 11.41 13.22 9.82 9.44 9.38 11.88 10.00 9.72 10.90 10.72 10.38 12.00 17.36 18.29 17.59 17.82 16.83 10.56 13.06 14.18 11.34 11.36 16.20 19.45 17.47 13.03 12.24 16.28 22.33 19.98 18.81 21.17 21.68 20.41 21.12 21.22 23.71 22.74 24.10 17.50 16.68 17.06 15.69 14.66 14.24 14.18 15.23 16.28 16.74 16.19 15.96 16.35 15.98 15.34 14.97 14.70 14.80 14.90 14.87 14.69 14.09 13.81 13.92 13.86 13.68 13.54 13.06 12.68 12.89 13.03 12.79
10.34 10.12 9.65 9.41 9.69 10.23 13.80 10.22 9.71 9.48 10.97 11.71 9.59 9.16 11.32 9.11 8.82 11.15 11.18 12.72 17.37 17.42 10.23 10.76 13.14 12.25 10.99 12.33 18.62 17.78 13.83 12.55 12.81 15.86 24.22 19.81 20.56 21.20 22.81 20.40 23.56 24.03 23.28 21.50 22.49 22.71 20.95 17.71 17.31 16.17 14.77 13.84 17.13 15.93 16.08 15.56 15.70 16.15 15.86 15.40 15.02 14.55 14.67 14.82 14.61 14.44 14.09 13.83 13.86 13.73 13.49 13.45 13.14 12.90 13.06 12.95 14.47
10.58 10.36 10.14 10.33 10.78 13.32 10.57 9.94 9.61 11.71 10.98 9.58 10.09 9.02 9.38 10.09 10.05 12.01 11.27 10.64 17.37 11.79 11.02 11.57 14.26 10.34 11.59 14.61 18.05 15.23 11.66 13.44 15.79 17.65 21.17 21.03 20.63 20.63 19.85 19.31 20.64 22.96 23.15 20.64 20.19 22.90 21.84 17.80 22.64 17.59 16.94 14.12 14.00 15.31 15.60 15.34 15.68 16.03 15.67 15.27 14.91 14.49 14.65 14.65 14.45 14.39 17.08 13.69 13.71 13.43 13.28 13.51 13.13 12.93 14.41 19.17 19.84
10.72 10.49 10.48 10.83 13.37 10.54 9.86 9.46 11.64 10.19 9.46 9.28 9.30 9.82 10.66 10.21 8.75 13.71 11.09 10.73 15.55 15.55 14.89 15.65 10.66 10.62 12.06 15.11 14.08 11.66 12.72 15.79 16.95 18.05 20.12 20.89 22.00 19.69 20.01 19.76 19.79 20.22 20.39 22.88 19.99 19.87 20.01 22.06 22.56 17.70 16.20 22.09 15.70 14.84 15.26 15.38 15.74 16.08 15.51 15.00 14.77 14.58 14.66 16.54 17.43 14.14 13.93 13.80 13.69 13.29 13.18 13.50 15.13 15.57 20.54 20.04 16.98
10.61 10.36 10.36 10.58 10.34 9.89 9.48 9.36 9.41 9.40 9.50 10.05 10.83 9.62 10.34 11.01 18.83 13.48 12.87 13.21 12.66 17.97 16.69 11.15 10.53 10.89 11.45 12.30 11.60 12.96 16.03 17.51 16.71 18.57 20.17 20.64 19.93 19.64 19.64 19.84 19.30 20.21 20.08 22.83 23.06 22.24 22.36 22.34 22.26 17.61 15.81 14.99 14.67 14.59 14.92 15.44 15.74 16.95 16.92 16.13 15.98 15.94 16.25 16.45 13.81 13.62 13.76 13.96 13.81 13.44 14.45 16.65 20.66 20.39 17.35 20.04 20.00
10.44 10.22 10.07 10.00 9.71 9.47 9.15 8.94 9.00 9.48 10.48 9.54 10.00 10.57 10.27 17.46 14.00 13.42 11.15 13.54 12.91 17.92 18.43 14.65 11.20 11.06 11.63 11.43 11.91 14.39 17.37 16.73 14.55 18.94 20.69 19.82 20.14 19.47 19.23 19.09 19.51 19.96 19.78 19.35 22.45 22.16 22.60 20.72 20.60 17.36 15.48 15.04 14.58 19.14 14.62 15.41 14.79 15.90 22.03 23.26 16.81 16.37 16.56 15.97 15.38 14.46 13.55 14.10 14.94 16.40 20.51 20.58 20.27 16.91 20.13 20.13 19.60
10.32 10.13 9.80 9.45 9.08 8.76 8.58 8.84 9.79 8.86 9.88 10.34 10.32 8.85 12.44 19.18 13.99 11.37 13.53 18.27 18.83 18.51 18.21 17.02 11.55 11.30 11.64 11.25 12.53 14.68 16.32 14.27 14.46 20.49 20.61 19.56 19.34 19.62 18.94 18.73 19.28 19.95 19.20 18.57 19.18 19.25 19.14 21.61 22.17 17.17 15.36 14.93 14.29 19.55 14.36 15.24 13.36 15.62 20.01 20.55 14.72 15.12 22.52 21.18 19.36 15.49 15.14 20.15 19.22 22.09 21.07 20.67 20.59 20.59 20.57 19.86 19.38
10.51 10.40 10.04 9.59 9.10 8.85 9.27 10.59 9.62 10.38 9.91 9.86 8.42 8.07 19.99 14.91 13.98 13.51 13.63 18.22 13.58 13.28 17.88 16.83 13.97 13.48 11.58 11.58 14.14 15.15 15.42 16.91 17.70 19.32 19.82 19.21 17.86 18.91 18.44 17.43 18.96 19.85 22.73 19.41 18.93 18.95 18.47 15.97 16.14 21.92 17.02 14.81 14.12 13.81 14.06 14.85 15.43 15.32 15.06 19.34 14.51 13.95 14.86 18.86 20.31 20.78 19.47 18.40 13.76 17.96 19.72 16.13 18.62 18.73 16.86 19.77 16.48
10.69 10.62 10.39 10.19 10.20 10.68 11.67 10.03 10.43 11.54 13.45 13.86 16.14 20.19 15.15 14.62 13.80 13.53 13.06 18.03 10.90 12.50 17.44 17.60 14.39 11.43 10.59 11.13 13.06 13.66 15.21 18.89 19.00 19.05 19.30 17.86 17.58 18.10 17.58 16.61 18.30 20.26 22.32 18.77 18.44 18.53 17.83 18.18 15.64 15.44 17.29 14.85 14.02 13.70 13.75 14.46 15.03 15.26 15.08 21.03 14.39 14.67 14.55 18.21 18.16 20.13 19.55 19.31 16.13 16.97 20.59 20.08 18.67 17.80 16.30 19.96 19.31
10.45 10.34 10.31 10.75 8.47 9.48 10.10 8.97 10.42 11.87 14.01 16.17 19.44 18.68 14.58 14.01 11.04 13.82 11.14 13.95 11.00 11.30 11.52 11.34 15.41 11.01 10.42 11.17 11.77 13.47 17.38 19.30 18.91 18.69 17.95 17.21 17.60 18.08 16.50 16.11 17.72 19.56 20.34 22.43 15.76 15.81 15.52 15.71 15.36 15.00 16.23 16.55 13.90 20.12 13.84 14.17 14.51 15.00 15.19 14.62 22.59 14.42 19.68 18.55 18.57 18.93 15.55 19.11 20.30 21.30 20.87 16.12 20.19 19.17 18.82 20.36 16.14
10.66 10.82 11.30 9.36 9.46 9.78 8.25 9.92 11.61 13.31 16.51 18.98 19.84 18.35 14.74 11.71 11.16 14.07 11.23 18.43 13.02 13.16 11.62 11.35 16.17 10.96 10.35 11.39 13.66 17.37 19.15 19.03 18.47 17.61 17.61 17.33 16.84 17.03 16.52 14.38 17.64 18.35 20.08 15.88 16.19 19.81 21.49 21.18 21.78 16.05 20.16 16.24 15.66 13.89 16.14 13.87 13.82 14.62 15.39 23.31 14.19 19.28 18.74 13.78 18.05 19.45 18.44 13.44 14.05 21.67 21.03 20.54 20.11 18.98 16.85 14.04 13.29
