examples/cougarCreek/createInputs/WindNinja/wrfout_d3.2015081100.f22/cougarCreek_08-11-2015_2200_217m_non_neutral_stability_vel.asc
ncols	146
nrows	140
xllcorner	610065.000000
yllcorner	5095217.000000
cellsize	216.586807
NODATA_value	-9999.000000
[rows 0 to 33 of 140, columns 0 to 76 of 146]
2.39 2.34 2.25 2.25 2.33 2.48 2.63 2.77 2.91 1.05 3.16 3.29 3.55 3.85 4.21 4.60 4.93 5.30 5.70 6.07 6.51 5.14 7.47 7.70 7.90 8.23 8.67 9.10 9.49 9.81 10.06 10.33 10.73 11.02 11.27 11.63 11.98 18.52 14.37 12.72 15.43 15.73 13.58 16.71 16.86 17.16 14.85 15.18 15.44 15.52 15.43 15.27 15.27 15.19 15.17 15.12 14.63 14.28 14.51 14.54 14.15 14.06 14.09 13.97 13.81 13.46 13.34 13.56 13.68 13.69 13.40 12.97 12.81 12.81 13.05 13.12 12.36
2.39 2.34 2.25 2.25 2.33 2.48 2.63 2.77 2.91 1.05 3.16 3.29 3.55 3.85 4.21 4.60 4.93 5.30 5.70 6.07 6.51 5.14 7.47 7.70 7.90 8.23 8.67 9.10 9.49 9.81 10.06 10.33 10.73 11.02 11.27 11.63 11.98 18.52 14.37 12.72 15.43 15.73 13.58 16.71 16.86 17.16 14.85 15.18 15.44 15.52 15.43 15.27 15.27 15.19 15.17 15.12 14.63 14.28 14.51 14.54 14.15 14.06 14.09 13.97 13.81 13.46 13.34 13.56 13.68 13.69 13.40 12.97 12.81 12.81 13.05 13.12 12.36
2.12 2.06 1.96 1.94 1.97 2.07 2.18 2.31 2.44 2.56 2.69 2.81 3.06 3.31 3.66 4.05 4.38 4.75 5.15 5.51 5.97 4.83 7.10 7.35 7.50 7.79 8.23 8.71 9.11 9.41 9.65 9.91 10.37 10.73 11.01 11.42 11.83 12.08 12.26 12.56 12.93 13.19 13.51 13.92 14.38 14.68 14.73 15.10 15.39 15.41 15.38 15.32 15.37 15.31 15.29 15.11 14.47 14.27 14.64 14.62 14.22 14.12 14.18 14.06 13.79 13.39 13.49 13.83 13.88 13.67 13.10 12.69 12.71 12.89 13.23 13.13 12.18
1.92 1.87 1.78 1.75 1.74 1.79 1.86 1.95 2.07 2.19 2.33 2.47 2.69 2.89 3.20 3.54 3.88 4.25 4.63 4.99 5.45 4.66 6.75 7.08 7.25 7.47 7.83 8.34 8.79 9.05 9.31 9.53 10.00 10.48 10.77 11.20 11.68 12.05 12.23 12.45 12.79 13.10 13.50 13.86 14.31 14.62 14.58 14.99 15.33 15.31 15.28 15.26 15.35 15.35 15.30 14.91 14.27 14.38 14.69 14.65 14.44 14.21 14.27 14.14 13.68 13.48 13.84 14.12 13.95 13.42 12.76 12.59 12.78 13.12 13.41 13.05 11.99
1.65 1.63 1.59 1.57 1.57 1.60 1.64 3.28 3.03 2.87 2.03 2.15 2.36 2.54 2.79 3.10 3.43 3.82 4.22 4.57 3.92 4.29 5.39 6.70 7.00 7.24 7.49 7.97 8.45 8.73 9.04 9.21 9.66 10.23 10.54 10.95 11.46 11.95 12.24 12.42 12.65 13.08 13.54 13.78 14.22 14.56 14.65 15.08 15.44 15.45 15.24 15.16 15.31 17.99 15.17 14.74 14.38 14.69 14.78 14.77 14.73 14.34 14.36 14.07 13.71 13.92 14.15 14.08 13.62 13.10 12.87 12.93 13.14 13.37 13.35 12.83 11.87
1.36 1.39 1.41 1.44 1.46 1.48 1.52 1.55 1.59 3.31 3.13 3.15 2.06 2.23 2.43 2.70 2.99 3.39 3.58 4.17 3.83 3.85 4.58 6.27 6.69 6.94 7.18 7.66 8.15 8.46 8.76 8.90 9.37 9.93 10.27 10.75 11.26 11.78 12.16 12.37 12.60 13.10 13.52 13.72 14.17 14.61 14.84 15.24 15.54 17.52 17.47 17.32 15.29 15.20 15.05 14.82 14.67 14.94 14.98 14.94 14.82 14.51 14.34 13.93 14.01 14.31 17.11 13.83 13.26 13.14 13.32 13.30 13.32 13.32 13.04 12.49 11.79
1.14 1.21 1.31 1.39 1.46 1.51 1.56 4.07 4.02 3.81 3.74 3.40 3.41 1.99 2.18 2.39 2.64 2.98 3.00 3.20 3.77 3.94 4.53 5.55 6.78 7.38 6.88 7.75 8.38 9.11 8.40 8.66 9.17 9.59 9.94 10.57 11.10 11.57 12.03 13.02 13.31 13.17 14.51 13.75 14.24 15.79 16.49 17.35 17.89 17.66 21.11 15.17 17.77 15.15 15.13 15.09 15.00 15.13 15.16 15.00 14.87 17.57 17.43 14.08 14.41 17.08 14.01 13.59 13.23 13.52 13.67 13.38 13.20 13.05 12.78 12.40 12.02
1.05 1.17 1.34 1.47 1.58 1.65 1.70 4.33 4.13 4.21 4.10 3.93 3.67 3.69 3.75 2.17 2.39 3.95 3.53 3.14 3.66 3.99 4.40 5.07 6.24 6.96 7.21 7.56 8.17 8.91 8.10 8.84 9.46 9.24 9.63 10.37 10.93 11.36 12.16 12.68 13.24 13.93 14.33 14.69 15.38 16.53 17.29 17.59 17.73 21.36 17.61 17.14 15.30 15.25 15.35 15.28 15.24 15.30 15.24 15.04 17.64 17.52 14.28 14.45 14.54 17.21 13.92 13.55 13.52 13.79 13.61 13.18 13.01 12.95 12.82 12.50 12.20
1.15 1.33 1.55 1.70 1.82 4.67 1.95 4.44 4.78 4.73 4.60 4.45 4.02 3.76 3.70 2.05 3.93 3.97 3.68 3.05 3.44 3.75 5.53 5.84 5.67 6.47 6.85 7.29 7.91 8.57 8.70 8.74 9.51 8.91 9.38 10.03 10.97 11.40 11.72 12.29 13.18 13.82 14.16 14.81 15.63 15.95 16.53 17.01 17.03 16.98 16.91 17.45 17.94 17.49 17.45 15.44 15.47 15.45 17.96 15.04 17.13 14.74 14.65 14.67 17.30 17.12 16.80 16.16 13.77 13.77 13.38 13.02 13.08 13.13 12.87 12.43 12.25
1.42 1.60 1.83 2.00 2.12 4.75 4.89 5.01 4.82 4.82 4.76 4.71 8.55 4.05 3.77 3.72 3.82 3.87 3.77 6.48 6.49 3.65 3.50 4.09 7.34 5.95 6.44 6.93 7.52 8.03 8.43 8.59 9.07 9.19 9.20 9.88 10.73 11.13 11.59 12.38 13.34 13.90 14.24 15.23 15.97 15.89 15.90 16.32 16.88 17.10 17.71 17.56 18.24 17.48 15.69 15.74 15.67 15.51 17.39 15.04 14.99 15.08 14.97 17.43 17.14 16.81 16.41 16.02 13.84 13.62 13.24 13.09 13.25 13.22 12.75 12.28 12.47
3.65 1.93 2.16 2.33 2.47 2.56 5.02 5.30 5.42 5.41 5.15 5.07 4.85 8.75 4.02 3.92 3.67 2.29 3.86 3.42 6.90 7.06 3.52 3.79 6.44 9.69 10.78 11.04 7.03 7.72 8.27 8.32 8.74 8.95 8.96 9.56 10.34 10.98 11.70 12.60 13.48 13.93 14.47 19.75 20.42 19.50 16.29 16.82 17.26 21.38 21.53 20.93 16.77 15.63 16.02 16.07 15.79 16.92 15.25 15.17 15.35 16.33 17.79 17.48 16.88 16.57 16.73 16.46 13.82 13.49 13.26 13.25 13.26 13.14 12.66 12.36 12.87
2.10 2.29 4.52 4.83 5.17 5.33 3.09 5.56 5.76 9.62 9.62 5.42 5.05 4.90 4.42 4.24 2.53 3.94 3.84 3.68 7.60 7.50 7.29 3.58 4.31 8.73 10.77 10.85 10.81 7.24 7.86 8.06 8.50 8.63 8.78 9.31 10.00 10.89 11.77 12.63 13.53 16.87 17.39 18.65 20.02 20.21 16.58 17.10 20.84 21.61 20.89 16.84 15.41 16.00 16.61 17.44 17.18 16.99 16.37 15.42 15.65 18.00 17.75 17.40 17.25 14.42 14.10 13.90 13.77 13.40 13.28 13.32 13.24 13.07 12.69 12.63 13.21
2.49 2.67 2.90 5.00 5.41 5.70 3.55 5.71 5.84 6.09 10.33 10.47 9.61 4.95 4.70 4.39 3.54 4.14 3.87 3.75 7.87 7.97 8.18 7.52 3.93 7.55 10.82 10.61 11.01 11.93 7.40 7.74 8.08 8.25 8.57 9.15 9.87 10.72 11.61 12.71 15.73 17.47 17.56 18.56 19.74 19.43 16.42 20.22 20.81 17.48 16.85 16.17 15.62 16.39 17.61 17.97 17.57 17.43 17.01 16.05 18.49 17.98 17.61 14.70 14.54 14.39 14.07 13.91 13.74 13.39 13.30 13.45 13.33 13.00 12.81 13.00 13.35
2.90 3.07 3.30 3.50 3.67 5.90 4.03 4.18 5.97 6.11 6.29 11.00 11.09 9.98 4.91 4.48 3.95 4.03 4.00 8.37 8.35 8.27 8.61 8.06 7.85 8.03 10.48 10.64 11.27 12.32 12.60 7.44 11.04 10.77 10.03 10.13 11.53 11.98 10.87 12.11 17.55 19.09 18.74 19.04 18.75 15.34 16.44 20.61 20.51 17.00 16.47 16.06 15.97 16.57 18.22 18.35 18.47 18.49 18.29 18.52 18.70 18.24 14.89 14.80 14.56 14.32 14.13 13.97 13.76 13.48 13.42 13.58 13.37 12.98 13.00 13.25 13.30
3.31 3.49 3.72 3.91 4.10 4.31 4.50 4.65 4.78 6.60 6.53 6.55 6.33 11.35 10.86 9.12 8.12 7.98 8.34 8.43 8.42 8.50 8.34 8.51 8.32 8.79 9.78 10.33 10.86 12.12 12.58 6.98 10.19 10.55 9.80 9.88 11.55 11.88 9.58 9.51 21.90 20.45 18.81 18.14 17.22 17.70 19.74 21.82 22.13 20.44 16.39 16.48 16.64 17.08 18.12 18.08 20.99 18.46 18.40 18.48 15.57 15.19 14.91 14.84 17.21 16.31 15.85 15.66 13.91 13.71 14.72 13.53 13.31 13.10 13.10 13.25 13.17
3.70 3.92 4.15 4.31 4.50 4.74 6.97 7.15 7.22 7.21 7.11 7.12 11.74 11.17 11.38 11.61 9.60 8.89 9.21 9.23 8.79 8.74 8.08 8.33 9.30 9.25 9.33 10.08 10.58 11.87 11.79 10.71 10.56 10.66 9.86 10.41 10.65 10.82 11.07 13.27 21.17 20.57 19.32 18.31 17.92 19.64 21.90 22.58 22.26 19.53 16.35 17.31 20.07 20.11 17.90 18.37 21.71 18.32 20.53 18.23 18.14 17.74 16.99 16.61 15.93 15.81 16.40 14.06 14.17 13.94 13.53 13.32 13.25 13.25 13.14 13.11 13.05
3.96 4.18 4.42 4.56 4.74 4.99 5.23 7.22 7.57 7.50 7.32 7.43 12.41 12.39 11.58 11.22 11.19 10.91 10.83 10.50 10.24 10.00 8.28 3.22 8.46 9.60 9.09 9.84 11.34 11.66 10.89 9.98 10.69 10.79 10.36 10.58 10.00 9.98 11.92 16.07 18.90 19.90 19.90 19.56 19.70 21.44 22.01 22.18 21.07 19.08 17.05 21.73 21.98 21.69 20.97 19.12 18.57 20.97 18.18 18.11 17.96 17.01 16.32 16.50 15.99 16.94 14.36 15.80 14.40 13.95 13.32 13.21 13.27 13.34 13.23 13.03 12.91
4.10 4.29 4.50 4.68 4.86 5.05 7.20 7.22 7.56 11.52 7.39 7.46 12.52 12.89 11.83 10.08 9.97 10.86 10.96 10.82 11.50 11.09 10.70 9.38 9.37 9.46 9.84 10.33 10.98 10.35 10.21 10.19 10.36 10.25 10.83 10.30 9.15 10.07 12.77 17.11 18.94 19.62 19.56 19.26 20.02 21.06 21.68 21.59 20.76 20.46 22.38 22.25 22.03 21.43 22.25 18.91 18.34 20.08 18.33 17.75 17.25 16.94 17.08 17.29 17.26 14.84 14.35 17.47 17.47 13.74 13.25 13.28 13.37 13.39 13.34 13.06 12.82
4.24 4.40 4.58 4.81 4.99 5.11 5.36 7.25 11.21 11.60 7.50 7.66 12.61 12.44 11.96 11.83 11.25 11.18 11.36 10.56 11.19 11.23 10.96 9.76 9.29 9.10 9.93 10.15 10.51 10.50 10.63 10.78 10.06 10.89 10.83 10.05 8.66 9.95 13.41 16.71 18.29 19.14 19.69 20.12 19.79 20.22 21.31 21.56 20.88 22.52 21.99 21.89 21.47 17.03 21.99 21.59 17.36 17.67 20.76 17.09 16.57 19.51 17.38 17.49 15.19 17.72 17.49 17.43 14.25 13.63 13.39 13.46 13.42 13.42 13.47 13.15 12.75
4.39 4.50 4.67 4.91 5.09 5.20 7.16 7.39 11.54 11.78 7.49 12.55 12.62 12.44 12.43 11.60 11.67 12.02 12.00 11.38 11.57 11.02 10.81 9.30 10.33 10.02 10.13 10.29 10.37 10.55 10.75 10.80 11.99 6.06 6.88 9.36 8.54 8.72 13.17 17.03 18.69 19.55 20.07 20.07 20.28 20.90 21.46 22.15 22.90 23.45 21.79 20.83 18.28 20.14 21.89 19.67 18.92 17.65 19.85 19.17 17.05 20.05 17.44 17.25 17.59 14.85 14.37 14.28 14.13 13.71 13.58 13.58 13.43 13.47 13.60 13.14 12.68
4.52 4.63 4.78 6.53 6.60 6.83 7.19 7.50 7.50 11.86 7.59 12.71 12.94 12.44 12.67 12.77 11.76 11.81 11.43 11.67 11.64 10.92 10.61 10.35 10.70 10.32 10.18 10.15 10.27 10.51 10.90 11.13 5.16 5.56 6.56 9.06 9.88 7.26 12.53 18.77 20.67 20.76 19.88 19.76 20.20 21.21 21.70 22.56 16.24 22.91 21.66 20.08 19.42 21.96 19.28 16.80 17.55 20.55 20.47 19.37 19.31 19.94 16.76 16.74 15.38 14.88 14.41 14.20 14.05 13.78 13.68 13.66 13.47 13.55 13.62 13.06 12.66
4.60 4.75 4.89 6.51 6.60 6.91 7.28 7.46 7.56 12.13 12.07 12.60 12.11 12.99 11.90 5.81 12.42 12.25 12.41 11.97 11.85 10.91 11.06 10.82 10.16 9.85 9.99 9.92 9.97 10.54 11.00 11.64 4.88 5.12 6.18 5.98 10.78 7.44 14.02 19.79 21.06 18.06 20.41 20.30 20.51 21.38 21.77 22.39 22.00 20.83 21.15 19.31 21.15 19.43 16.24 18.53 21.00 21.84 20.85 18.69 19.79 19.99 19.34 15.60 17.61 17.33 17.10 17.01 13.98 13.77 13.80 13.80 13.52 13.55 13.52 13.02 12.77
4.66 4.86 4.99 5.19 6.80 7.16 7.29 7.60 7.68 11.96 12.40 13.18 13.64 10.77 12.81 5.92 11.27 4.84 11.97 11.82 11.66 11.73 11.29 10.77 10.59 9.99 9.87 10.16 10.26 10.73 11.19 7.24 4.67 10.77 5.78 7.10 9.27 8.38 14.71 19.16 16.47 17.07 17.78 20.31 20.80 21.74 22.30 21.75 20.74 19.48 19.27 17.86 18.45 15.97 17.19 20.82 20.94 21.47 20.42 19.00 20.70 20.34 17.52 18.14 18.09 17.44 16.71 14.24 13.92 13.83 14.00 13.88 13.48 13.48 13.42 13.09 12.95
4.76 4.95 5.09 5.28 5.52 5.71 7.31 7.55 12.22 11.98 12.47 13.57 13.91 11.83 13.30 12.53 12.61 12.26 12.00 12.21 11.26 11.36 11.46 10.40 9.59 10.73 9.99 10.22 10.38 10.29 10.21 10.42 4.50 4.60 5.44 6.30 9.00 9.89 14.27 18.71 19.00 16.77 17.85 20.63 21.14 21.66 21.81 21.36 19.76 19.76 17.49 16.35 17.95 17.11 19.30 21.45 20.55 21.25 20.95 21.10 21.69 17.77 17.34 15.58 17.13 16.67 16.33 16.19 13.96 13.99 14.07 13.78 13.43 13.44 13.38 13.20 13.10
4.86 5.05 5.20 5.39 5.61 5.78 7.41 7.52 7.66 12.74 12.83 13.66 13.92 13.61 12.93 12.87 12.74 12.66 12.32 12.05 12.14 11.47 11.01 11.15 9.60 10.30 9.68 9.58 9.92 9.26 8.90 9.61 6.00 4.49 9.66 8.40 9.13 11.03 16.05 18.73 18.35 19.14 20.21 13.27 21.45 21.43 21.85 21.80 21.64 20.74 15.91 16.44 19.46 20.25 21.98 22.77 22.49 22.62 22.08 21.62 21.61 17.62 18.84 18.93 17.42 16.82 16.33 16.41 14.11 16.52 13.92 13.66 13.47 13.45 13.35 13.26 13.20
4.94 5.14 5.31 5.49 5.72 5.89 7.45 7.62 7.66 13.35 13.03 13.80 13.75 14.19 13.37 13.13 12.94 12.90 12.64 12.13 12.09 12.18 11.05 10.75 9.77 9.52 8.99 8.70 9.30 9.02 9.48 4.72 5.47 11.19 5.09 6.42 10.08 13.00 18.20 16.61 15.16 19.38 19.65 19.77 20.68 14.67 22.73 15.59 21.81 19.72 16.20 16.86 21.44 20.74 22.80 23.68 23.69 16.58 22.42 21.68 21.31 17.34 19.47 21.56 18.14 17.17 17.12 17.17 17.13 17.13 16.97 13.64 13.55 13.48 13.35 13.29 13.19
5.02 5.22 5.39 5.58 7.27 7.33 7.65 7.64 13.00 13.67 13.88 13.95 13.77 13.41 13.75 13.36 13.04 13.00 12.69 12.29 12.08 12.21 11.44 10.85 9.69 9.58 8.71 7.37 8.44 9.12 7.83 7.31 9.53 10.01 9.18 9.07 11.29 14.52 17.41 17.82 17.99 18.72 19.17 19.22 19.75 20.57 21.19 21.53 20.82 18.78 16.43 18.53 20.77 20.35 21.83 22.96 23.13 22.68 22.08 21.48 20.95 17.34 17.41 21.03 21.08 21.15 18.06 17.64 17.23 17.09 16.99 13.69 13.61 13.52 13.43 13.26 13.06
5.14 5.31 5.45 5.67 7.57 7.71 7.86 7.99 13.10 14.11 13.94 14.19 14.25 13.49 14.25 14.03 13.56 13.27 12.67 12.34 12.01 12.15 11.87 10.88 9.94 9.59 9.34 6.61 7.26 8.24 7.02 7.25 7.88 8.08 8.92 10.28 13.53 16.22 16.93 17.63 18.00 18.04 18.75 19.11 19.29 20.08 21.02 21.38 21.58 17.83 16.67 19.29 20.77 18.24 21.17 23.14 22.77 21.87 21.69 22.02 21.92 21.81 22.43 22.49 22.31 21.91 21.16 17.72 17.14 16.80 16.69 13.76 13.63 13.58 13.47 13.18 12.95
5.28 5.43 5.55 5.78 6.05 7.76 7.87 7.98 8.03 13.95 14.05 13.96 14.30 13.69 14.40 14.14 13.45 13.42 13.00 12.55 12.39 12.43 12.28 11.53 9.99 9.69 10.53 8.48 6.97 6.99 6.20 7.21 7.79 8.07 9.93 12.76 15.20 16.35 16.80 17.74 18.26 18.98 19.43 19.85 20.12 13.64 14.72 15.20 20.95 15.39 17.35 20.63 20.31 17.43 23.66 23.72 22.98 22.72 23.11 23.21 23.07 22.62 22.41 22.31 21.97 21.64 21.13 17.88 17.56 17.22 17.04 13.79 13.65 13.62 13.45 13.14 12.97
5.43 5.57 5.68 5.87 6.10 7.76 8.03 13.25 12.69 13.59 13.96 13.81 13.99 13.74 14.02 14.12 13.58 13.45 13.15 12.72 12.69 12.61 12.25 11.70 10.27 9.58 9.74 10.40 8.63 6.07 5.27 6.31 8.18 9.02 9.89 11.61 13.81 16.04 16.91 17.84 18.79 19.71 16.06 12.59 12.90 13.75 14.35 20.88 15.32 15.96 17.80 20.50 20.40 21.16 24.96 23.81 23.67 23.50 23.17 22.80 22.70 22.55 22.41 22.06 21.63 18.16 18.06 17.94 17.73 17.50 17.27 13.88 13.76 13.67 13.44 13.15 13.01
5.60 5.71 5.80 5.98 6.19 7.79 7.89 8.14 14.12 14.47 15.04 14.90 14.37 14.13 13.87 13.89 13.59 12.76 12.49 12.12 12.33 11.98 11.76 10.83 9.78 9.26 9.53 9.88 10.06 7.29 6.34 6.96 8.57 9.88 10.86 11.14 12.81 15.31 16.98 15.49 14.09 15.02 11.96 12.44 13.24 13.99 19.92 15.97 15.73 16.59 17.67 18.69 23.69 24.80 24.10 23.25 22.48 22.54 22.52 22.40 22.55 22.64 22.32 21.94 21.53 18.05 17.72 17.55 17.28 16.97 16.54 14.05 13.90 13.73 13.45 13.14 12.98
5.81 5.87 5.89 6.09 6.33 7.80 8.01 8.27 14.08 14.73 14.49 15.43 15.43 15.30 14.30 14.01 14.09 13.48 12.55 12.06 11.40 9.17 10.21 9.98 9.59 9.61 9.90 10.20 10.95 8.58 8.68 7.30 8.06 10.34 10.73 9.64 12.38 13.69 14.40 12.13 13.70 14.66 11.64 12.39 13.38 14.14 14.24 17.67 15.62 16.60 17.35 19.08 25.40 23.41 21.19 20.91 21.61 21.79 22.07 22.24 22.65 22.60 22.53 21.83 21.51 21.44 18.13 18.00 17.69 17.46 17.48 17.56 17.35 17.19 13.51 13.18 12.98
5.94 6.07 6.05 6.15 6.42 7.83 8.09 8.19 13.88 14.62 14.71 14.71 15.36 14.70 14.40 14.57 14.44 14.43 13.95 13.09 12.10 10.03 8.77 7.88 9.39 10.56 11.08 11.26 11.95 10.48 9.52 7.01 6.08 8.90 10.62 10.52 11.90 14.34 13.60 16.13 13.16 14.29 11.55 12.47 13.32 14.25 14.69 20.63 15.26 16.19 17.15 18.87 22.69 21.72 19.70 22.00 23.32 22.68 22.44 22.48 22.45 22.12 22.11 22.23 22.37 15.34 22.00 14.88 21.43 21.35 14.46 20.27 17.76 13.89 13.69 13.32 12.97
5.88 6.21 6.35 6.33 7.38 7.74 8.11 8.40 13.90 14.56 14.47 14.93 14.58 14.62 14.91 14.93 14.88 14.22 14.09 13.63 13.46 12.60 11.34 9.85 9.14 9.82 11.36 11.76 11.99 11.53 11.05 8.23 5.06 7.46 9.97 11.11 12.29 13.50 14.25 15.30 15.64 14.13 11.57 12.56 21.06 21.11 21.44 20.77 15.15 15.97 16.90 16.16 20.03 25.82 24.25 25.60 24.08 22.75 22.86 17.54 23.16 22.60 22.51 15.44 15.45 22.14 15.13 21.24 20.69 18.08 17.85 17.15 14.06 14.04 13.82 13.36 12.88
