examples/cougarCreek/createInputs/WindNinja/wrfout_d3.2015081100.f22/cougarCreek_08-11-2015_2200_217m_non_neutral_stability_vel.asc
ncols	146
nrows	140
xllcorner	610065.000000
yllcorner	5095217.000000
cellsize	216.586807
NODATA_value	-9999.000000
[rows 102 to 135 of 140, columns 0 to 76 of 146]
7.14 7.10 7.10 7.11 7.25 7.26 7.63 7.72 7.86 7.65 7.58 7.74 7.67 7.64 7.36 7.58 7.58 7.46 13.74 7.38 13.01 7.08 6.93 7.09 7.21 7.17 11.81 13.00 11.99 7.24 7.32 7.23 11.02 11.02 11.01 10.03 6.94 6.56 7.68 10.55 7.48 7.12 7.14 9.69 5.93 8.01 5.84 3.40 8.79 9.32 9.58 9.57 9.75 10.15 17.49 17.43 18.55 18.27 16.07 11.32 11.37 11.44 11.58 11.79 12.00 12.07 12.13 12.37 12.60 12.60 12.48 12.51 12.62 12.69 18.40 12.86 12.83
7.39 7.43 7.26 7.25 7.14 7.26 7.31 7.33 7.61 7.38 7.53 7.62 7.52 7.38 7.29 7.48 7.50 7.45 7.47 7.17 7.01 7.01 7.07 7.17 7.17 7.08 12.05 12.70 11.41 7.18 11.25 11.64 11.10 10.65 9.76 10.68 9.67 9.95 10.83 11.08 10.97 6.93 6.98 7.24 4.15 4.42 3.63 8.21 3.22 3.69 9.40 9.46 9.65 9.97 14.48 15.24 15.55 15.72 11.07 11.28 11.30 11.36 11.52 11.69 11.91 12.03 12.09 12.28 12.43 12.56 12.51 12.48 12.67 12.72 18.22 12.78 17.87
6.89 7.23 6.92 6.99 7.04 7.12 7.49 7.16 7.19 7.32 7.50 7.55 7.70 7.68 7.32 7.57 7.46 7.46 7.14 12.93 7.06 7.09 7.11 7.15 12.50 7.02 12.03 12.84 11.42 11.64 12.79 12.17 11.19 10.93 10.73 11.85 11.09 9.74 9.32 8.96 8.61 10.01 7.66 3.74 2.62 7.59 7.78 8.01 3.03 3.56 5.11 5.11 9.59 9.87 9.98 14.15 14.63 10.48 10.93 11.22 15.88 16.00 11.45 11.65 11.84 11.94 12.06 12.24 19.44 17.98 18.67 18.62 12.70 18.63 18.25 12.72 12.78
6.70 6.70 6.71 6.80 6.84 6.81 6.90 7.04 7.12 7.39 7.51 7.61 7.78 7.52 7.44 7.50 7.41 7.38 6.99 13.07 7.16 7.05 7.09 7.15 12.37 6.99 7.02 13.27 11.68 11.90 12.81 11.33 11.24 11.29 10.99 12.06 10.41 6.32 6.44 4.72 5.63 8.15 5.80 3.16 7.23 2.35 7.60 7.81 3.06 3.87 8.79 9.07 9.48 9.87 10.01 13.87 9.76 10.25 10.74 11.13 15.66 15.81 16.10 17.10 19.32 19.30 19.32 17.90 19.25 18.22 18.25 18.34 18.39 12.79 12.76 12.71 12.73
6.64 6.71 6.85 6.94 6.99 7.06 7.05 6.97 7.02 7.19 7.35 7.74 7.77 7.43 7.59 7.40 7.07 7.33 6.96 6.92 6.86 6.89 7.02 12.93 7.04 6.96 12.27 13.30 11.90 11.75 12.02 11.73 11.83 11.48 11.56 11.52 7.99 6.23 6.36 7.61 6.40 8.18 6.00 6.79 3.34 2.75 2.36 2.80 7.96 3.83 8.50 8.75 9.21 9.87 10.14 12.84 9.42 10.02 10.54 10.98 15.91 16.51 18.85 17.69 17.97 18.05 18.05 19.25 18.18 18.17 18.45 18.42 18.47 18.22 12.82 12.79 18.78
6.59 6.69 6.87 6.96 7.09 7.18 7.16 7.07 7.03 7.15 7.43 7.65 7.53 7.40 7.51 7.42 7.02 7.28 6.91 6.87 6.81 6.79 6.89 12.17 11.73 6.92 12.56 12.73 11.11 11.35 10.96 12.75 12.52 11.59 11.34 9.40 6.08 6.19 6.25 10.22 8.38 7.43 4.74 3.88 3.66 3.17 7.24 7.44 2.71 2.80 3.28 1.61 4.18 7.03 12.79 13.30 12.90 9.83 10.36 15.15 16.68 17.99 16.91 17.00 11.77 17.53 19.13 19.18 17.82 18.07 18.17 18.18 18.47 18.46 18.14 12.86 12.81
6.44 6.53 6.69 6.97 7.24 7.41 7.29 7.06 7.09 7.02 7.23 7.34 7.35 7.46 7.38 7.36 6.95 6.91 6.88 7.20 6.81 6.87 6.91 7.00 6.96 11.38 12.29 11.80 11.55 12.44 12.25 13.17 12.69 11.08 9.37 6.06 6.07 6.29 11.00 10.98 7.97 5.13 4.28 3.77 2.92 6.86 2.45 2.77 2.81 3.04 4.45 2.61 1.73 3.17 16.49 16.80 13.70 9.78 14.10 15.57 17.83 16.65 16.84 11.44 16.36 17.51 17.86 17.96 18.11 18.20 19.06 18.12 18.36 18.33 18.43 18.39 18.11
6.26 6.50 6.61 6.73 7.03 7.22 7.15 6.90 6.93 6.83 6.90 7.00 7.33 7.38 7.30 7.34 6.79 6.74 6.72 6.76 6.93 6.95 7.10 12.71 11.92 12.50 12.35 11.64 12.58 12.95 12.81 12.90 12.19 10.14 6.08 5.98 6.00 9.97 11.35 10.40 6.98 5.30 5.26 4.30 3.08 2.32 6.89 7.08 7.37 7.62 7.80 1.67 2.82 6.56 9.41 16.89 14.20 13.66 14.63 15.60 17.30 16.49 15.80 11.43 16.06 17.35 17.40 18.14 18.03 18.28 17.90 18.30 18.08 17.50 17.33 18.01 18.14
6.55 6.57 6.59 6.63 6.94 7.02 6.64 6.92 6.91 6.86 6.89 6.96 7.33 7.29 7.23 7.35 6.68 6.99 6.62 6.68 6.78 6.86 12.74 7.17 7.08 12.49 12.45 12.12 12.95 12.75 12.38 12.01 9.51 6.15 6.02 5.92 8.42 11.38 10.60 7.86 6.83 6.65 5.42 4.57 3.98 3.42 2.03 6.93 2.65 7.42 3.23 3.73 3.93 4.14 9.15 9.17 12.63 14.16 16.40 17.02 18.09 15.97 16.24 11.35 17.68 17.74 18.87 17.46 17.91 17.99 18.08 18.39 17.95 17.83 17.72 18.26 18.09
6.40 6.73 6.43 6.43 6.54 7.06 7.20 7.37 6.96 6.71 6.86 6.95 7.26 7.24 7.31 7.32 6.82 6.69 6.71 6.70 7.25 7.21 7.14 7.07 6.99 6.95 6.99 6.93 12.58 12.02 6.77 6.54 6.33 6.17 6.00 5.89 11.37 10.82 9.04 7.19 5.58 5.64 5.72 5.38 5.27 4.45 2.93 1.76 2.09 7.24 3.13 3.81 4.28 5.91 9.00 10.88 13.71 17.21 17.25 17.60 17.76 17.76 18.62 17.61 18.19 18.17 18.51 18.55 18.84 18.01 18.29 18.03 12.44 12.40 12.55 12.70 18.17
6.26 6.28 6.33 6.35 6.36 6.42 6.53 7.12 7.18 6.86 6.92 6.88 7.12 7.27 7.33 7.26 6.79 6.90 6.90 6.82 6.68 7.28 7.21 6.97 6.88 6.87 6.90 12.01 12.05 11.54 6.81 6.63 10.40 10.54 9.78 11.59 11.19 10.16 7.90 7.61 6.62 6.05 6.14 5.59 4.93 3.68 3.29 2.95 2.43 1.94 1.78 0.74 0.92 2.01 6.81 16.85 16.93 17.07 17.43 17.53 17.68 17.83 17.77 17.44 17.59 17.55 17.28 17.64 17.61 18.06 18.14 17.80 17.91 18.21 18.29 18.12 17.97
6.23 6.27 6.70 6.40 6.36 6.26 6.22 6.31 6.57 7.34 6.69 6.72 7.04 7.37 7.41 7.29 7.08 7.21 7.50 7.15 6.71 7.32 6.54 7.05 6.76 6.79 6.94 7.03 11.90 11.68 6.96 11.60 11.65 10.73 10.96 11.39 10.96 9.27 8.85 8.37 7.96 6.89 6.12 3.91 2.19 6.22 2.40 3.10 3.65 3.71 2.59 3.36 4.72 6.98 10.02 14.52 16.72 17.01 17.47 17.39 17.52 17.44 17.54 17.42 17.49 17.48 17.40 17.17 17.35 17.56 17.44 17.29 17.15 17.09 17.59 17.72 17.16
6.43 6.52 6.29 6.35 6.43 6.49 6.44 6.35 6.28 6.30 6.41 6.65 7.04 7.33 7.22 7.27 7.16 7.17 7.31 7.07 7.31 7.25 7.27 6.98 6.50 6.77 7.06 7.09 7.10 7.11 12.22 11.97 6.59 10.74 12.00 11.66 9.73 8.75 5.70 9.37 5.60 6.45 3.98 5.89 6.10 6.32 6.46 3.25 4.01 5.08 5.11 6.50 7.37 8.95 9.70 10.78 14.50 16.00 16.93 17.21 16.95 16.96 17.08 17.23 17.42 17.33 17.14 17.29 17.38 17.47 17.46 17.56 17.51 17.19 17.09 17.00 16.38
6.22 6.26 6.33 6.44 6.21 6.76 6.65 6.53 6.47 6.36 6.41 6.67 6.77 6.68 6.63 7.07 7.17 7.23 7.19 7.23 7.29 7.19 7.07 6.51 6.57 7.01 7.13 7.07 7.07 7.11 12.61 6.95 10.89 11.24 11.56 10.83 9.39 5.82 10.39 9.69 5.62 6.14 5.83 3.95 4.24 5.33 5.85 5.55 5.33 5.76 6.44 7.40 8.59 9.74 10.28 10.73 11.03 11.98 15.05 16.57 16.46 16.12 16.27 17.14 17.51 17.07 17.00 17.15 17.36 17.57 17.53 17.63 17.52 17.15 16.84 16.62 16.43
6.19 6.24 6.36 6.51 6.92 7.05 7.32 6.55 6.61 6.36 6.47 6.51 6.47 6.52 6.61 6.64 7.09 6.60 7.40 7.36 6.47 7.08 6.82 6.55 6.88 7.27 7.14 7.16 7.10 7.26 7.32 6.99 6.65 6.43 11.03 9.34 5.95 10.33 10.78 8.96 5.69 5.76 5.80 6.17 6.89 7.93 7.58 5.67 5.65 6.15 7.10 8.39 9.82 9.54 10.55 11.28 10.90 11.44 12.25 15.22 16.14 16.09 15.89 16.76 17.43 17.32 17.34 17.35 17.41 17.40 17.29 17.51 17.13 16.88 16.45 16.25 12.16
6.14 6.18 6.29 6.42 6.42 6.35 6.39 6.50 7.42 6.61 6.61 6.40 6.30 6.44 6.58 7.07 7.26 7.24 7.34 7.31 6.48 6.95 6.61 6.55 7.34 7.37 7.12 7.14 7.21 7.31 7.35 6.95 6.55 6.39 6.29 9.63 11.07 10.95 10.16 8.35 5.78 5.82 6.33 6.50 7.00 8.65 8.67 7.23 6.97 8.02 8.20 9.50 10.05 10.06 10.48 11.27 11.46 11.77 12.06 14.32 15.64 15.74 15.63 16.16 16.72 17.04 17.36 17.47 17.28 16.77 16.80 17.15 17.01 16.72 16.44 16.23 12.08
6.10 6.13 6.27 6.48 6.45 6.53 6.56 6.52 7.40 6.62 6.79 6.48 6.55 6.67 6.50 6.94 7.15 7.15 7.16 7.26 7.37 6.86 6.56 6.68 7.13 7.39 7.04 7.16 7.32 7.29 7.35 6.84 6.55 6.48 6.33 10.81 6.28 10.79 8.79 5.81 5.84 5.91 6.64 7.52 8.96 9.04 8.51 8.07 7.95 9.31 9.07 9.85 10.39 10.17 10.60 8.44 11.97 12.21 9.12 13.90 9.60 15.26 10.18 15.17 15.76 16.22 16.74 17.39 17.23 16.69 16.24 17.02 16.91 16.77 11.85 11.92 11.97
6.06 6.14 6.29 6.41 6.46 7.00 6.56 6.53 6.52 6.54 6.65 7.36 7.38 6.89 6.38 6.37 6.40 7.10 6.36 7.22 7.23 6.86 6.77 7.03 7.39 7.22 7.20 7.28 7.33 7.42 7.24 6.96 6.45 6.49 6.54 11.24 11.13 6.03 5.83 7.36 5.92 7.69 8.03 9.27 9.10 8.91 8.28 8.18 9.18 9.19 9.12 9.78 7.72 7.94 8.17 8.39 8.59 8.76 9.01 9.29 14.23 9.74 14.62 10.41 15.55 15.99 16.22 16.84 17.28 16.96 16.17 16.04 16.50 16.59 11.79 11.82 11.78
6.08 6.20 6.36 6.44 6.49 6.89 6.91 6.48 6.45 6.42 6.42 6.43 6.37 6.35 6.35 6.37 6.33 6.30 6.36 7.00 6.97 6.43 6.76 6.99 7.14 7.18 7.43 7.33 7.23 7.51 7.53 7.23 6.44 6.33 6.71 6.61 6.29 6.03 5.92 5.95 6.05 8.99 9.08 9.31 8.71 8.72 8.17 9.24 9.30 9.06 9.38 9.86 7.74 7.93 8.14 8.33 8.52 8.72 8.92 9.15 9.44 14.24 14.55 14.66 10.60 15.41 16.45 16.25 17.12 17.03 16.41 15.50 15.35 15.68 16.09 11.73 11.70
6.08 6.23 7.14 6.76 6.78 7.31 7.20 7.01 6.36 6.37 6.39 6.43 7.16 6.39 6.36 6.29 6.28 6.31 6.40 7.02 6.45 6.48 6.59 6.80 7.14 7.41 7.40 7.20 7.16 7.35 7.54 6.59 6.46 6.68 6.83 6.63 6.14 6.04 6.00 6.07 9.51 9.75 9.00 8.55 8.02 8.02 8.30 9.56 9.41 9.03 9.34 9.66 9.87 7.92 8.10 8.27 8.48 8.69 8.84 9.01 9.33 13.15 14.11 14.04 13.76 13.98 16.02 15.87 16.36 17.07 16.38 15.84 15.80 15.99 11.65 11.66 11.63
6.10 6.28 6.31 6.31 6.90 6.95 7.07 6.24 6.33 6.37 7.27 6.44 6.44 6.43 6.45 6.46 6.34 6.31 6.37 6.40 6.43 6.88 6.93 7.17 7.41 7.36 7.22 6.91 7.00 6.66 7.46 6.65 6.55 6.42 6.95 6.59 6.23 6.22 6.18 9.36 6.35 9.58 8.25 8.09 7.69 8.37 9.55 9.85 9.49 9.01 9.05 9.34 7.77 7.92 8.06 8.23 8.44 8.65 8.78 8.91 9.22 9.61 14.33 13.74 13.18 13.33 10.93 14.88 14.80 16.49 16.37 16.33 11.38 11.52 11.57 11.54 11.50
6.16 6.52 7.11 6.24 6.89 6.17 6.97 6.56 6.30 6.40 6.41 6.41 6.39 7.25 7.04 6.47 6.37 6.32 6.36 7.13 6.36 6.91 7.00 7.10 7.42 7.27 6.96 6.78 7.12 6.70 6.74 7.35 7.23 7.13 6.98 6.63 6.42 6.42 6.44 6.45 6.39 9.40 8.78 8.67 8.30 6.74 6.83 9.78 9.25 8.43 8.50 9.32 7.77 7.89 8.03 8.19 8.39 8.58 13.70 8.87 9.16 9.56 14.08 13.59 10.16 10.48 10.79 14.43 14.64 15.46 15.83 16.02 15.95 11.35 11.43 11.44 11.40
6.08 6.10 6.60 6.98 6.23 6.22 6.21 6.25 6.37 6.40 6.35 6.34 6.37 6.38 6.37 6.32 6.22 6.29 6.38 6.35 6.33 6.37 6.94 7.03 7.34 7.41 6.78 6.70 7.17 6.71 6.73 7.55 7.32 7.13 6.83 6.58 6.43 6.42 6.46 6.46 6.38 9.09 8.83 8.88 6.63 9.93 6.85 9.44 8.80 8.69 9.03 7.67 7.72 7.84 7.98 8.15 8.35 8.54 8.69 8.84 9.10 9.42 9.65 9.82 10.05 10.27 10.59 10.73 15.27 15.42 15.17 14.81 10.98 11.07 11.19 11.29 11.25
6.01 6.00 6.04 6.50 7.03 6.22 6.24 6.29 6.40 7.31 6.37 6.34 6.38 6.39 7.18 6.33 6.25 6.33 6.41 6.34 6.35 6.83 6.93 6.36 7.06 7.15 6.79 6.89 7.59 7.49 6.74 6.64 7.30 7.00 6.54 6.42 6.44 6.42 6.37 6.37 6.40 6.34 8.48 6.58 6.69 6.77 6.90 9.41 9.26 9.49 7.58 7.64 7.67 7.79 7.94 8.11 8.32 8.49 8.60 8.78 9.04 14.55 15.25 15.36 15.32 10.30 10.42 10.62 16.64 16.43 15.71 10.84 10.82 10.74 10.83 11.08 11.14
5.98 6.02 6.08 6.15 6.44 5.97 6.32 6.34 6.36 6.92 6.40 6.34 6.31 6.30 6.33 6.37 6.39 6.38 6.37 6.33 6.38 6.37 6.85 6.72 6.75 7.08 7.15 7.28 7.50 7.47 6.71 6.62 7.22 6.76 6.31 6.45 6.48 6.38 6.41 6.55 6.50 6.42 6.55 6.63 6.65 6.79 6.99 7.12 7.26 7.40 7.50 7.57 7.58 7.70 7.85 8.03 8.25 8.40 15.04 8.88 15.26 9.37 9.42 15.60 9.80 10.05 15.61 10.33 10.85 16.34 10.59 10.63 10.70 10.53 10.48 10.80 11.03
5.97 6.03 6.10 6.22 6.64 6.96 7.02 7.29 7.20 6.96 7.13 6.23 6.22 6.25 6.30 7.27 6.33 6.21 6.22 6.29 6.33 6.32 6.68 6.67 6.46 7.32 7.40 7.46 7.38 6.59 6.61 6.53 7.15 6.68 6.31 6.34 6.37 6.49 6.56 6.54 6.37 6.37 6.53 6.53 6.61 6.86 7.06 7.14 7.17 7.27 7.39 7.45 7.47 7.58 7.76 7.89 8.19 8.37 8.56 8.79 8.97 9.19 9.39 15.05 9.76 16.02 15.91 10.19 10.81 14.61 10.29 10.36 10.62 10.54 10.24 10.48 10.83
5.99 6.03 6.12 6.21 6.24 6.18 6.18 6.21 6.23 6.14 6.10 7.06 6.15 6.21 6.24 6.23 6.13 6.05 6.12 6.18 6.20 6.26 6.34 7.08 7.11 7.30 7.34 7.33 6.51 6.49 6.46 7.22 6.85 6.29 6.29 6.42 6.63 6.67 6.50 6.35 6.23 6.27 6.30 6.29 7.24 6.85 7.00 6.99 6.97 7.08 5.67 7.15 7.46 7.59 7.77 7.99 8.18 8.40 8.60 8.76 8.94 9.15 9.35 9.53 9.71 15.91 15.77 10.55 10.72 10.58 10.40 10.39 10.59 10.61 10.30 10.30 10.62
6.02 6.03 6.10 6.15 6.15 6.11 6.07 6.03 5.98 5.96 6.03 6.12 6.12 6.09 6.08 6.03 5.97 5.97 6.03 6.10 6.12 6.18 6.24 6.26 7.10 7.16 7.26 7.46 6.44 6.41 6.41 6.39 6.34 6.29 6.28 6.27 6.51 6.37 6.22 6.18 6.18 6.17 6.17 6.27 6.47 6.69 6.78 5.66 6.75 6.89 3.66 7.19 7.32 7.59 7.75 7.95 8.17 8.40 8.59 8.76 8.95 9.11 9.39 9.62 9.95 15.65 15.69 15.83 10.61 10.54 10.51 10.64 10.63 10.62 10.46 10.27 10.33
6.05 6.01 6.07 6.13 6.15 6.14 6.11 6.06 6.01 6.00 6.04 6.09 6.07 5.98 5.94 5.93 5.94 5.92 5.98 6.09 6.10 6.11 6.14 6.15 6.17 6.20 6.23 7.24 6.25 6.31 6.37 6.37 6.31 6.26 6.11 6.13 6.25 6.19 6.16 6.08 6.08 6.13 6.21 6.32 6.47 6.70 6.82 6.75 6.71 6.89 7.04 3.67 2.86 7.46 7.68 7.91 8.14 8.36 8.58 8.84 9.03 9.13 9.35 15.50 15.70 15.64 15.55 10.40 10.51 10.54 10.48 10.52 10.52 10.52 10.48 10.31 10.19
6.19 6.01 6.03 6.09 6.11 6.12 6.10 6.08 6.06 6.04 6.03 6.01 5.96 5.90 5.92 5.94 5.92 5.92 6.02 6.10 6.08 6.06 6.08 6.09 6.10 6.13 6.13 6.13 6.14 6.20 6.29 6.30 6.24 6.19 6.28 6.59 6.39 6.12 6.10 6.08 6.10 6.21 6.43 6.56 6.68 6.91 6.89 6.71 5.01 4.54 4.36 4.12 3.55 2.41 7.72 7.92 8.15 8.39 8.65 8.96 13.06 14.73 15.47 15.77 15.66 15.48 15.49 10.25 10.36 10.48 10.43 10.46 10.52 10.47 10.48 10.42 10.21
6.18 6.24 6.01 6.05 6.08 6.08 6.06 6.04 6.02 6.01 5.99 5.96 5.92 5.90 5.92 5.94 5.93 5.95 6.03 6.06 6.04 6.04 6.04 6.03 6.04 6.09 6.09 6.09 6.12 6.18 6.27 6.26 6.17 6.09 5.85 6.07 6.17 5.76 6.09 6.40 6.48 6.55 6.61 6.65 6.80 6.96 6.86 6.79 6.97 7.16 7.17 7.20 7.32 3.50 2.76 2.10 2.41 8.49 8.74 15.05 15.30 14.92 15.37 14.98 14.91 9.82 9.97 10.15 10.22 10.35 10.35 10.40 10.39 10.48 10.51 10.42 9.41
6.21 6.28 5.99 5.99 6.01 6.03 6.03 6.02 6.01 5.98 5.96 5.94 5.93 5.91 5.91 5.92 5.93 5.94 5.96 5.97 5.97 6.00 6.01 6.00 6.03 6.05 6.03 6.04 6.10 6.20 6.26 6.18 6.05 6.02 6.13 6.29 6.40 6.43 5.85 6.43 6.46 6.67 6.58 6.60 6.79 6.90 6.82 6.84 6.99 7.06 7.06 7.18 7.39 7.66 4.37 4.15 3.89 6.02 8.72 8.85 14.69 15.08 15.35 15.37 15.08 9.76 9.87 10.11 10.21 10.26 10.27 10.26 10.22 10.24 10.32 10.24 10.22
6.52 6.36 6.29 5.93 5.91 5.91 5.89 5.93 5.97 5.98 5.96 5.93 5.91 5.90 5.90 5.90 5.90 5.90 5.90 5.93 5.95 5.97 5.97 5.97 6.00 6.00 5.99 6.03 6.08 6.13 6.14 6.06 6.04 6.25 5.75 5.83 6.53 6.49 6.42 6.79 6.54 6.52 6.44 6.55 6.75 6.80 6.80 6.83 6.87 6.93 7.03 7.20 7.44 5.05 5.63 8.04 8.27 8.51 8.62 8.67 8.68 14.49 14.83 15.23 15.17 14.86 9.79 9.92 10.15 10.24 10.26 10.26 10.14 10.06 10.12 10.07 9.96
6.82 6.54 6.37 5.91 5.78 5.77 5.89 6.04 6.08 6.01 5.93 5.91 5.89 5.88 5.88 5.88 5.87 5.88 5.89 5.93 5.99 5.99 5.96 5.93 5.92 5.93 5.96 6.00 6.04 6.06 6.06 6.05 5.63 5.82 6.44 6.84 7.14 6.33 6.27 6.24 6.39 6.31 6.35 6.54 6.72 6.76 6.80 6.82 6.89 6.98 7.00 7.14 2.14 4.64 7.90 8.02 8.20 8.39 8.50 8.57 8.65 8.82 9.10 9.37 14.84 14.89 9.87 9.87 9.94 10.09 10.21 10.20 10.16 10.19 10.14 9.16 9.06
