examples/cougarCreek/createInputs/WindNinja/wrfout_d3.2015081100.f22/cougarCreek_08-11-2015_2200_217m_non_neutral_stability_vel.asc
ncols	146
nrows	140
xllcorner	610065.000000
yllcorner	5095217.000000
cellsize	216.586807
NODATA_value	-9999.000000
[rows 68 to 101 of 140, columns 0 to 76 of 146]
11.27 11.66 12.31 11.19 11.18 12.59 14.29 14.88 17.25 17.20 20.49 15.21 14.84 12.14 15.20 11.84 11.26 17.75 13.64 14.06 13.03 17.73 11.33 17.27 16.76 10.86 11.54 11.55 16.06 17.65 19.12 18.53 18.04 18.18 17.89 16.37 16.69 16.81 15.88 15.12 16.10 15.76 16.04 13.92 15.58 15.90 16.03 22.03 16.46 19.42 20.94 14.21 13.92 14.00 14.02 19.41 13.13 13.93 15.28 19.54 21.87 19.25 16.55 19.82 15.35 16.06 15.44 13.14 13.96 18.98 21.31 20.75 16.99 16.83 19.68 15.49 14.78
11.31 11.51 12.05 12.33 14.34 19.23 19.40 18.82 18.14 17.72 20.43 20.02 20.39 12.09 15.36 11.89 11.28 11.24 17.96 11.45 14.10 17.63 18.00 17.72 15.92 10.90 12.07 11.85 17.43 17.11 16.97 18.18 18.39 17.23 17.53 16.04 15.78 16.35 15.68 14.72 13.53 11.33 17.91 16.09 15.83 15.77 15.84 16.03 16.23 16.18 16.30 14.04 13.92 13.95 14.07 13.64 17.82 12.96 14.53 13.87 23.15 14.26 13.92 21.53 19.77 20.15 19.85 12.88 13.46 14.03 19.09 20.75 20.40 16.24 20.00 19.72 18.55
11.10 11.35 12.15 12.46 14.72 19.61 19.37 17.99 17.55 18.09 19.63 19.59 19.78 15.39 15.41 12.10 11.40 11.37 17.84 11.49 11.41 17.60 13.37 16.29 11.22 11.23 10.86 12.43 17.34 17.00 14.53 19.04 18.59 17.72 17.59 14.51 16.57 16.69 15.68 13.14 12.91 14.43 15.47 15.85 15.82 15.76 21.13 21.17 16.08 16.22 13.81 13.78 13.80 20.25 13.96 13.87 12.95 12.30 13.27 14.96 14.52 14.62 14.03 13.67 13.61 21.58 20.83 18.89 13.01 13.57 15.01 18.49 19.23 18.49 18.72 19.15 19.71
11.24 11.79 12.67 12.69 14.51 19.30 18.52 15.17 17.19 18.57 18.53 18.97 12.24 19.81 12.58 12.21 11.31 11.35 17.43 11.52 17.61 16.76 11.40 12.35 11.21 11.80 11.44 17.35 18.76 15.60 14.94 18.31 12.25 11.91 16.81 16.27 16.14 16.70 15.29 12.93 14.84 15.25 14.53 17.62 15.96 15.47 15.78 21.39 16.20 16.28 16.07 13.61 16.06 19.88 20.54 13.98 13.43 12.32 12.22 13.67 15.15 17.01 14.41 13.92 13.63 13.48 13.13 20.47 19.17 13.14 13.49 18.11 19.22 19.64 19.51 18.43 18.19
11.77 12.41 12.94 12.62 15.01 19.28 18.11 14.91 17.56 18.47 18.05 18.36 17.16 13.33 15.05 11.95 11.11 11.33 14.20 11.48 11.36 11.38 11.59 12.29 11.34 10.43 12.45 17.43 17.19 14.45 15.96 18.46 18.03 17.46 14.21 15.31 17.19 13.86 15.64 12.92 14.96 16.43 13.03 12.50 20.13 15.43 15.07 21.26 16.10 13.51 16.05 13.42 20.68 18.76 13.82 13.82 13.64 12.81 11.95 12.42 14.20 15.12 19.08 17.06 17.37 13.63 21.04 12.88 12.79 16.53 13.19 18.30 20.20 20.42 20.08 18.93 15.92
12.25 12.64 12.79 12.45 15.73 18.39 17.97 15.56 18.89 19.00 18.16 18.27 17.42 12.96 15.66 11.51 11.01 11.30 11.60 11.56 11.43 11.51 11.77 14.55 11.57 10.67 15.99 16.48 12.89 12.75 18.20 18.24 17.58 14.77 12.02 15.37 14.40 17.75 15.32 12.47 15.33 16.27 12.90 12.13 17.72 15.66 20.66 14.60 14.77 13.31 16.21 13.14 20.42 13.38 19.69 13.65 13.58 13.16 12.17 11.93 13.13 14.53 14.20 19.62 19.71 19.30 16.12 20.21 20.75 20.76 20.87 20.69 20.59 20.45 19.84 18.13 15.60
12.09 12.17 12.14 12.02 15.72 17.82 17.59 17.88 18.93 18.70 18.08 17.96 12.30 18.93 11.75 11.01 10.74 11.10 11.52 11.45 11.32 11.52 11.72 11.97 11.80 11.26 16.43 12.68 11.93 16.86 18.42 17.87 16.96 11.46 12.14 16.68 14.27 17.29 15.09 11.59 14.06 16.47 15.42 13.78 13.19 15.49 15.64 14.74 14.38 14.10 13.36 20.60 20.45 13.28 13.73 20.75 13.55 13.33 12.51 12.05 12.53 13.72 14.67 18.41 20.54 19.59 19.49 19.09 18.01 16.35 16.46 17.78 17.26 13.10 17.80 16.58 15.75
11.74 11.75 11.84 14.83 16.27 16.10 15.56 17.71 18.54 17.73 14.71 16.38 18.26 18.85 11.51 10.99 10.76 11.25 11.57 17.64 11.33 11.59 11.65 11.66 10.93 12.62 15.60 12.44 16.20 16.17 18.83 17.48 14.68 10.90 14.30 16.99 14.05 15.94 15.27 12.90 14.11 16.91 16.13 12.62 12.32 16.50 12.92 20.77 12.61 14.01 13.16 12.98 19.64 13.22 13.57 16.93 19.93 13.35 12.81 12.36 12.30 13.05 14.22 14.21 20.26 16.74 19.16 16.17 15.98 17.71 12.91 13.27 17.29 15.69 12.94 16.13 16.14
11.50 11.55 11.63 15.65 16.17 15.84 14.80 15.54 17.90 13.67 11.71 12.06 11.98 19.01 11.63 11.03 10.85 11.30 15.41 11.24 11.35 11.49 11.59 11.86 12.70 15.62 14.49 15.18 16.36 16.22 17.71 16.89 13.98 13.08 17.99 14.52 13.82 15.04 12.51 13.33 14.12 16.59 16.01 14.00 11.77 12.38 20.67 12.65 12.46 13.93 12.99 12.95 12.94 13.15 13.43 14.78 20.00 13.27 13.04 12.64 12.25 12.77 13.72 14.15 16.60 19.45 19.03 18.81 16.12 17.74 16.26 14.15 14.34 16.59 14.57 15.00 16.50
11.30 11.34 11.34 15.92 15.74 14.31 13.85 15.75 14.98 12.56 12.13 12.37 12.23 11.97 11.64 10.93 10.82 11.14 11.19 11.14 11.24 11.38 11.68 13.15 15.38 14.89 14.55 15.50 16.16 14.75 15.36 17.78 13.24 15.43 16.79 14.22 11.26 14.74 12.11 13.59 13.06 14.03 13.65 12.78 11.44 11.67 15.94 12.83 12.31 13.71 12.87 12.89 12.87 13.05 13.31 14.66 19.99 13.18 13.16 12.83 18.50 12.72 13.37 13.73 14.38 18.92 18.31 18.64 19.42 16.87 17.35 15.64 15.33 16.53 12.83 13.11 13.12
11.05 11.07 11.07 16.09 15.14 11.15 14.37 17.60 14.67 13.66 14.24 18.68 11.76 11.62 11.28 10.66 10.64 10.95 11.00 10.97 11.11 11.41 11.81 15.58 17.83 15.39 15.20 15.45 15.61 13.81 13.86 18.26 16.33 17.50 14.43 11.40 11.04 12.86 12.51 11.17 14.37 14.16 13.29 12.93 11.83 12.08 13.20 17.19 12.32 13.83 13.91 12.81 12.70 12.88 13.24 13.50 20.14 19.31 19.41 13.10 12.55 12.63 13.05 13.33 13.86 18.80 19.29 19.18 19.09 13.06 12.70 12.76 17.75 17.23 12.80 12.98 14.43
10.84 10.85 10.86 15.64 15.39 10.92 14.51 15.66 14.81 14.44 14.77 17.77 17.77 11.12 10.77 10.32 10.52 10.83 10.82 10.84 11.16 11.47 16.27 11.45 10.91 15.26 14.78 14.36 15.36 14.19 13.68 18.16 17.48 16.62 14.34 11.15 10.82 12.69 10.59 12.10 14.12 14.11 13.70 12.91 12.22 12.68 12.55 12.79 19.02 12.46 14.01 12.73 12.43 12.58 13.24 11.89 13.19 19.41 17.49 13.38 12.94 12.69 12.82 12.84 13.35 13.62 19.92 19.52 19.56 13.16 12.83 12.84 12.77 16.67 14.47 12.87 12.93
10.59 10.61 10.65 16.05 15.11 10.69 10.80 14.88 14.79 14.62 15.14 16.89 13.74 10.90 10.40 10.24 10.58 10.72 10.70 10.95 11.29 11.45 15.39 10.95 17.35 15.34 14.24 10.87 15.10 13.47 14.86 17.30 16.94 14.19 14.34 10.89 10.62 12.46 9.60 15.03 13.49 13.18 13.97 13.33 12.96 12.72 11.91 10.37 11.52 12.70 12.48 12.58 12.09 12.34 13.35 13.79 13.02 20.02 12.29 13.49 13.17 12.91 12.82 19.07 12.70 13.79 20.14 19.76 19.17 17.96 17.61 17.55 12.95 12.70 17.00 15.83 12.64
10.35 10.38 10.43 15.45 10.45 10.59 10.69 13.91 15.25 15.58 15.53 13.71 13.79 10.63 10.19 10.28 10.52 10.56 10.76 11.04 11.15 17.14 10.97 10.49 15.05 13.67 10.38 10.82 13.61 17.50 12.62 14.53 14.30 15.59 13.97 13.79 13.09 13.28 11.63 11.38 11.12 11.30 13.19 14.07 13.84 12.42 11.33 11.86 10.45 12.91 12.39 12.26 11.78 12.48 13.42 15.05 19.95 12.41 11.00 13.92 13.31 13.10 12.95 12.53 13.95 13.18 13.56 19.82 19.43 17.78 20.23 18.64 17.57 12.97 12.83 12.54 12.41
10.11 10.16 10.19 15.79 10.29 10.42 10.48 13.69 15.75 17.30 15.47 10.59 13.87 10.35 10.10 10.23 10.36 10.51 10.72 10.79 15.07 18.16 10.49 10.15 14.41 15.10 10.23 10.72 16.45 17.05 12.44 13.13 14.24 16.56 13.42 13.42 12.50 9.65 11.97 11.03 10.96 11.18 12.40 13.81 14.12 12.93 11.15 11.69 9.06 14.60 12.40 11.93 11.82 12.91 14.89 13.76 13.03 19.43 12.35 11.65 18.40 13.31 13.10 12.81 12.32 12.56 13.61 18.42 19.18 18.23 17.35 16.84 14.23 18.34 13.09 18.09 15.56
9.88 9.93 9.95 9.98 10.09 10.17 10.22 13.43 15.31 17.17 13.91 10.53 16.45 10.17 15.14 10.11 10.30 10.46 10.47 15.04 16.34 14.62 10.19 9.95 14.66 9.95 10.25 10.51 15.82 14.05 13.15 12.95 13.64 13.14 12.73 12.77 12.12 10.68 12.70 10.72 10.91 12.91 11.24 13.27 11.19 11.13 10.87 7.79 10.75 13.34 14.45 11.83 12.30 13.08 18.06 13.35 12.67 13.76 13.60 11.27 12.77 17.83 20.14 13.23 12.69 12.30 13.02 14.34 18.97 18.53 18.95 18.84 13.63 13.85 17.40 17.60 16.88
9.67 9.71 9.75 9.80 9.90 9.96 10.03 13.37 15.37 14.85 10.19 10.47 17.69 10.04 9.99 10.14 10.44 10.29 10.29 15.61 14.89 10.20 9.92 9.79 9.71 12.00 10.11 11.26 12.69 14.09 15.24 15.60 10.28 10.05 14.83 9.96 10.63 10.49 11.99 10.58 11.10 11.24 10.94 10.95 11.10 11.09 10.82 11.35 10.36 12.53 13.87 11.96 11.63 14.79 14.34 12.15 12.35 12.82 13.13 12.80 12.52 14.20 13.80 15.32 20.25 19.48 13.69 13.29 16.60 18.36 19.82 17.78 17.55 13.63 16.07 17.97 18.78
9.46 9.50 9.56 9.63 9.72 9.77 9.81 13.69 14.76 12.82 10.11 12.24 15.99 14.95 10.00 10.09 10.07 13.11 15.28 16.75 14.39 9.86 9.61 9.49 9.44 11.72 11.45 11.88 12.33 10.10 16.24 14.72 10.00 9.83 13.88 11.57 11.42 11.29 10.11 10.65 11.36 11.17 10.41 10.62 11.03 11.05 10.89 11.14 11.94 12.38 12.14 12.14 12.57 12.36 12.17 12.30 12.29 12.53 12.77 12.80 13.00 13.90 13.02 13.59 18.16 17.98 16.67 13.01 13.45 16.91 18.09 18.24 17.79 17.67 17.02 17.55 17.58
9.26 9.29 9.34 9.44 9.51 9.54 9.57 9.57 13.70 9.70 9.91 16.85 9.87 14.85 9.83 9.81 13.50 14.25 16.61 14.53 9.74 9.51 9.28 16.05 9.26 11.09 9.64 11.92 11.89 16.08 15.82 9.49 15.30 9.74 14.05 11.01 13.26 12.77 10.08 10.72 13.58 10.82 10.00 10.36 10.99 11.02 10.90 11.06 11.64 12.15 12.21 12.25 12.20 12.06 12.17 12.41 12.38 12.34 12.64 12.82 12.84 12.78 12.92 13.32 17.46 17.37 16.38 13.96 13.68 13.80 13.76 18.80 19.11 18.05 17.27 13.14 16.66
9.05 9.08 9.18 9.29 9.32 9.37 9.43 9.46 9.49 9.59 9.75 15.42 9.71 15.15 14.02 13.35 13.26 14.79 16.26 14.13 9.44 9.17 9.04 9.05 13.46 11.60 9.37 11.69 9.56 14.63 9.65 9.83 9.91 9.70 9.65 9.77 9.83 9.81 11.47 12.58 10.83 10.48 9.92 10.22 10.93 10.99 10.87 11.07 11.43 11.91 12.18 12.28 11.99 11.83 12.08 12.42 12.45 12.28 12.55 12.77 12.75 12.74 12.87 13.12 14.95 16.71 15.75 14.28 14.06 13.03 13.35 16.71 18.04 17.67 18.44 17.61 18.14
8.81 8.88 9.02 9.11 9.14 9.20 13.67 9.29 9.37 9.47 9.58 15.19 9.47 14.82 14.16 12.98 13.22 16.74 15.97 9.31 9.08 8.87 8.82 8.82 12.36 9.00 9.18 9.38 9.44 9.46 10.38 12.06 15.42 9.54 9.41 13.21 9.63 9.64 12.47 10.25 10.37 10.26 10.03 10.20 10.83 10.96 10.84 10.96 11.27 11.73 12.05 12.22 18.05 11.71 11.98 12.33 12.42 12.29 12.51 12.67 12.67 12.75 12.85 12.95 16.72 16.90 14.68 16.14 16.14 15.89 13.12 15.55 17.25 18.68 13.23 13.08 13.19
8.59 8.65 8.75 8.81 8.88 8.92 13.58 9.04 9.14 9.23 9.32 16.22 9.27 9.16 13.94 12.41 13.29 14.24 14.15 8.95 8.74 8.65 8.60 13.15 8.74 8.92 9.16 9.32 9.34 9.38 9.55 11.71 14.72 9.35 9.25 9.32 9.42 9.44 11.95 9.93 9.98 10.12 10.11 10.23 10.72 10.88 10.74 10.82 11.16 11.58 11.88 12.10 17.89 17.39 11.88 12.19 12.31 12.30 12.42 12.60 12.64 12.67 12.80 16.63 15.19 17.81 17.35 16.59 17.13 16.98 16.05 14.89 14.63 15.98 17.66 18.50 18.50
8.38 8.44 8.52 8.58 8.66 8.73 8.81 8.87 8.92 9.00 9.15 14.62 9.17 8.99 14.16 11.96 13.28 16.01 15.91 8.66 8.55 8.48 8.48 8.55 8.66 8.88 9.11 9.15 12.35 11.95 11.58 13.81 14.23 9.26 9.17 9.10 9.21 9.32 9.48 9.64 9.77 10.02 10.11 10.18 10.55 10.70 10.62 10.77 11.08 11.41 11.71 11.98 11.87 17.39 11.80 12.04 12.20 12.27 12.31 12.54 12.66 16.60 12.70 16.03 16.09 16.96 17.99 17.58 18.22 18.15 17.56 15.27 13.11 13.53 15.34 17.65 17.44
8.16 8.26 8.37 8.44 8.53 8.62 8.69 8.74 8.78 8.87 12.20 15.16 8.81 16.07 14.46 12.75 14.18 8.60 8.54 8.47 8.36 8.30 13.33 8.44 8.58 8.84 11.01 12.15 11.78 11.56 14.00 14.79 14.90 9.08 8.91 8.82 8.99 9.12 9.20 9.45 9.67 9.85 9.98 10.08 12.66 10.51 10.56 10.78 10.98 11.25 11.56 11.84 11.80 17.86 11.71 11.90 12.07 12.17 12.19 12.43 12.60 16.74 16.61 17.17 15.80 12.93 17.05 18.02 17.90 18.77 12.75 17.32 12.94 13.42 13.48 16.17 17.35
7.98 8.08 8.21 8.30 8.36 8.39 8.41 8.47 8.54 8.61 12.73 14.73 14.22 14.41 14.18 13.56 13.89 15.42 8.31 8.27 8.16 8.15 11.53 8.33 8.48 8.71 13.54 11.76 10.87 11.56 15.13 8.97 8.90 8.76 8.61 8.61 11.94 8.83 8.49 6.90 9.56 9.57 5.98 10.05 10.15 10.31 10.51 10.71 10.90 11.16 11.43 11.66 11.74 18.49 18.42 11.82 11.98 12.00 12.06 12.30 12.50 12.62 17.28 17.74 16.23 12.82 13.03 16.91 18.31 18.34 12.75 17.10 12.92 13.38 15.75 17.47 17.73
7.87 8.00 8.15 8.25 8.23 8.25 8.24 8.26 8.29 8.36 8.40 14.04 8.34 14.19 8.36 13.90 13.10 13.78 8.20 8.16 8.11 8.13 11.61 8.24 8.33 10.30 12.17 11.62 11.79 14.00 14.24 8.67 8.52 8.42 8.38 9.30 8.53 8.54 8.82 9.31 9.38 9.29 9.62 9.95 9.88 10.03 10.34 10.51 10.76 11.01 11.23 11.42 11.58 18.14 18.24 17.43 11.89 17.19 11.92 12.14 12.37 12.58 17.84 18.40 17.59 12.67 12.88 16.15 17.44 18.04 17.57 16.30 12.95 13.32 16.21 17.06 17.88
7.82 7.95 8.05 13.95 8.11 8.14 8.13 8.14 8.16 8.22 8.27 8.29 13.65 8.28 8.24 8.19 13.36 13.41 8.07 8.03 8.02 8.02 8.04 11.07 8.09 9.74 11.58 13.98 14.79 13.46 13.76 13.78 13.43 10.96 9.16 8.24 8.32 8.33 8.74 9.25 9.15 9.06 9.39 9.64 9.60 9.81 10.13 10.31 10.57 10.83 11.05 11.20 11.38 11.43 18.35 17.90 18.20 18.46 17.35 12.02 12.26 12.47 17.54 17.94 12.54 18.60 16.74 12.85 16.90 17.52 18.10 16.61 12.94 13.20 15.62 15.01 14.77
7.77 7.88 7.99 7.90 8.06 8.05 8.05 8.07 8.14 8.19 8.23 8.24 8.20 14.35 8.05 14.11 13.42 12.76 14.55 7.87 7.83 7.80 7.80 7.80 7.95 8.18 13.05 14.11 8.03 8.09 8.18 13.68 11.40 8.73 8.01 8.05 8.14 8.22 8.67 6.98 8.84 8.83 9.09 9.22 9.36 9.65 9.94 10.11 10.34 10.64 10.88 11.01 11.19 11.28 18.14 16.35 17.32 18.30 18.63 17.68 12.15 12.31 18.22 18.26 12.59 18.43 18.22 18.24 17.70 17.74 17.79 17.84 14.94 15.47 15.30 13.03 13.24
7.58 7.64 7.82 7.91 7.98 7.80 7.96 8.01 8.08 8.12 8.13 8.14 8.09 13.96 14.24 14.13 13.01 12.09 14.48 7.73 7.61 11.39 7.60 7.73 7.99 10.42 13.88 13.92 12.70 9.03 8.08 11.32 7.95 7.90 7.88 7.94 8.00 8.10 5.91 8.70 8.56 8.61 8.80 8.88 9.10 9.45 9.73 9.90 10.10 10.42 10.69 10.85 11.01 11.10 11.17 11.35 11.47 11.50 11.59 11.77 18.33 17.61 18.40 18.25 18.88 18.34 12.55 18.19 18.47 17.94 17.89 17.88 18.00 17.56 16.31 14.41 13.03
7.62 7.61 7.59 7.79 7.58 7.78 7.84 7.95 7.95 7.98 8.03 8.06 8.02 13.58 7.89 7.86 13.06 13.06 14.47 7.59 7.54 7.58 7.68 7.86 7.98 13.62 13.95 12.75 7.81 7.92 7.93 7.89 7.82 7.77 7.78 7.80 7.81 7.92 8.20 8.39 8.33 8.42 8.55 8.60 8.88 9.24 9.50 9.68 9.87 10.18 10.46 10.68 10.84 10.93 11.09 11.28 11.37 11.41 11.50 11.63 11.74 18.34 17.73 18.04 18.77 12.64 12.57 12.50 12.57 12.66 12.66 12.75 12.82 17.80 17.52 15.22 12.85
7.82 7.78 7.84 7.77 7.78 7.59 7.80 7.88 7.85 7.93 7.99 8.01 7.99 13.82 7.84 7.83 13.20 13.77 14.22 7.56 7.61 7.75 7.86 7.90 7.77 14.09 13.46 7.68 7.77 7.78 7.78 9.79 7.63 7.59 8.38 7.94 7.29 6.52 6.47 7.34 8.13 8.25 8.31 8.36 8.65 8.98 9.24 9.47 9.66 9.94 10.25 10.48 10.63 10.78 11.02 11.20 11.27 11.31 11.41 11.54 11.60 11.70 11.96 12.16 18.58 12.55 12.54 12.50 12.56 12.65 12.63 12.71 12.78 18.03 17.70 16.97 14.61
7.63 7.40 7.77 7.79 7.60 7.61 7.89 7.83 7.85 7.92 7.92 7.95 7.98 7.92 7.86 7.80 7.77 7.67 7.62 7.60 7.68 7.75 7.74 7.62 13.39 13.25 7.53 7.60 12.89 12.07 7.58 7.54 7.45 8.36 8.10 7.68 7.39 8.29 7.38 4.71 8.10 8.13 8.06 8.12 8.39 8.71 9.00 9.21 9.42 9.82 10.09 10.19 10.33 10.63 10.94 11.10 11.16 11.20 11.33 11.47 11.52 11.62 11.84 12.05 12.23 12.39 12.46 12.51 12.55 12.64 18.31 17.95 17.90 12.78 18.11 17.61 16.31
7.08 7.20 7.57 7.23 7.41 7.72 7.78 7.72 7.88 7.85 7.74 7.97 7.98 14.18 7.80 7.74 7.67 7.65 7.63 7.63 7.63 12.34 7.40 13.29 7.29 7.39 7.46 7.43 13.70 11.79 9.61 7.42 7.35 7.29 10.07 9.96 7.98 7.04 7.13 7.71 8.22 7.95 7.75 7.87 8.12 8.48 8.76 8.90 9.19 9.73 9.92 9.88 10.07 10.48 10.79 10.91 11.03 11.12 11.26 11.40 11.46 11.55 11.75 11.98 12.14 12.21 12.34 12.52 12.59 18.44 18.58 18.88 18.24 18.34 17.88 12.84 12.85
7.18 7.12 6.93 7.05 7.42 7.70 7.66 7.71 7.58 7.77 7.71 7.88 7.86 7.76 7.66 7.64 7.57 7.54 7.53 7.47 7.43 7.28 7.06 10.90 7.24 7.29 12.15 13.55 13.62 7.27 7.36 9.27 10.27 10.91 11.20 10.62 6.87 6.94 7.22 7.90 8.07 7.54 7.42 7.63 7.91 8.25 8.48 8.61 8.99 9.57 9.74 9.68 9.89 10.33 10.56 15.23 15.65 15.57 11.21 11.36 11.41 11.48 11.65 11.90 17.86 19.50 18.00 12.48 12.64 12.59 19.22 18.55 18.49 18.41 12.64 12.61 18.19
