examples/cougarCreek-fire/createInputs/WindNinja/wrfout_d3.2015081212.f19/cougarCreekFire_08-13-2015_0700_217m_non_neutral_stability_vel.asc
ncols	146
nrows	140
xllcorner	610065.000000
yllcorner	5095217.000000
cellsize	216.586807
NODATA_value	-9999.000000
[rows 72 to 107 of 140, columns 0 to 79 of 146]
22.90 27.93 33.95 33.13 29.72 26.53 24.52 28.09 27.87 27.20 26.42 26.11 19.76 20.86 21.05 16.50 21.87 23.50 25.89 26.66 27.48 20.79 18.75 20.61 12.97 14.33 16.86 27.26 25.05 20.99 23.42 28.22 24.92 24.07 16.39 18.25 22.54 24.28 15.70 12.48 13.19 20.30 14.21 15.61 15.25 11.03 19.25 7.31 9.81 7.71 8.58 7.52 10.67 3.02 8.36 12.30 7.37 5.66 5.25 6.18 6.10 5.76 5.60 5.80 6.26 6.78 7.41 7.84 7.75 7.64 0.35 0.51 3.66 5.30 4.48 6.53 1.96 2.20 2.69 1.87
27.20 31.19 35.07 34.61 28.68 26.23 24.85 29.48 28.85 27.75 26.30 26.73 20.74 21.83 19.95 15.04 22.27 22.97 25.39 27.19 26.18 20.74 18.09 20.88 13.53 16.04 25.58 25.99 16.38 22.20 27.76 27.27 23.47 21.33 12.06 18.65 23.99 23.89 16.96 11.92 12.66 22.07 13.19 14.60 18.15 12.01 8.85 17.28 14.70 14.93 7.34 7.74 10.84 5.02 6.03 6.73 7.60 5.12 5.57 5.90 6.15 5.94 5.96 6.29 6.53 6.77 7.19 7.52 7.46 7.52 2.83 2.72 3.06 3.42 3.29 3.09 2.70 2.14 3.44 3.46
30.00 31.40 33.65 32.88 27.03 25.10 29.97 29.20 28.02 26.60 25.18 25.30 25.31 18.76 16.22 13.30 21.98 23.47 20.52 28.59 23.15 15.26 21.93 23.33 15.93 18.08 26.27 18.95 18.02 25.58 29.47 26.56 26.75 12.76 13.61 21.66 26.49 24.46 18.25 11.70 13.02 21.47 19.88 13.52 14.62 12.63 9.15 16.42 16.56 9.37 14.91 13.23 11.12 2.62 5.58 8.79 5.85 5.33 5.98 1.62 6.72 6.44 6.54 6.68 6.87 7.11 7.34 0.28 0.73 2.56 3.73 2.41 3.61 3.91 3.39 2.87 2.59 2.51 3.11 6.74
33.49 32.20 35.99 32.39 31.82 30.00 28.86 28.13 27.11 25.20 21.85 17.40 25.20 16.91 14.90 12.86 23.81 17.45 18.03 28.47 22.62 16.71 22.46 18.72 18.65 26.81 27.50 26.36 28.77 28.50 27.95 27.86 21.04 13.53 22.06 26.37 24.58 25.68 19.14 11.81 13.01 25.11 21.24 12.32 13.06 18.32 9.58 6.30 17.48 7.00 15.15 12.46 9.77 3.25 6.29 3.70 10.32 10.44 6.77 11.23 6.60 6.64 6.69 6.61 6.92 7.16 7.38 7.47 1.90 2.51 4.26 4.07 4.23 4.38 3.76 3.15 2.42 3.49 2.47 2.63
33.48 33.39 33.28 33.07 31.09 29.12 27.74 27.83 27.10 17.72 17.91 19.30 19.40 26.75 15.81 13.14 29.62 22.90 24.76 25.68 24.28 18.51 18.82 18.33 27.67 30.38 27.51 28.25 29.06 27.60 27.07 28.81 18.14 17.55 25.81 19.37 27.23 22.56 20.33 12.88 13.92 24.54 24.87 12.15 11.69 11.68 20.71 11.25 16.63 11.41 12.79 12.20 11.41 2.96 3.35 2.95 9.26 11.70 6.96 6.75 2.49 6.99 6.73 6.77 7.16 7.33 7.59 0.76 7.13 2.54 3.35 3.99 4.36 4.34 5.39 5.51 2.16 3.16 3.64 2.70
34.98 34.10 33.76 33.08 30.60 28.99 27.35 28.88 30.99 20.22 21.86 23.07 21.85 28.38 17.01 14.08 29.48 24.14 25.62 25.84 23.48 19.52 18.14 27.26 35.70 29.68 27.59 29.36 29.76 26.45 25.75 29.83 19.39 26.29 28.38 19.42 27.01 24.63 19.68 12.84 21.32 25.16 23.33 13.18 11.21 10.74 17.26 6.53 14.91 11.13 10.07 11.60 9.38 2.84 3.35 3.00 9.58 6.74 7.07 7.46 9.45 7.13 6.72 7.05 7.67 1.14 1.15 1.00 2.69 3.36 4.25 4.03 5.00 4.89 6.45 6.38 3.66 3.77 4.98 2.19
35.14 34.20 33.36 32.60 30.66 27.93 31.57 30.13 27.54 22.13 23.67 23.46 20.81 28.31 16.68 14.72 27.76 22.86 25.57 23.69 17.74 18.68 21.04 21.40 19.60 31.56 29.92 29.20 29.33 26.26 19.19 29.03 27.61 28.34 30.72 10.52 26.38 24.07 12.53 10.69 24.57 26.93 21.64 14.33 11.49 9.63 8.91 17.14 14.41 12.65 9.24 12.20 11.39 1.16 1.36 2.62 10.33 10.16 6.23 8.06 7.49 1.77 6.96 7.42 8.24 1.29 8.31 2.03 7.08 6.18 5.51 4.48 5.77 5.38 7.03 5.59 6.66 5.83 3.83 5.92
34.74 34.41 33.61 32.34 30.89 33.04 31.14 29.57 31.38 21.26 26.33 19.12 27.54 16.82 15.07 24.19 18.60 15.93 22.51 16.92 18.80 21.18 31.38 20.96 18.36 31.87 29.51 27.33 29.07 26.94 25.41 28.56 30.82 26.84 31.32 19.11 9.27 24.10 11.12 11.74 21.35 27.29 24.65 14.59 10.07 14.80 7.29 4.55 16.33 14.78 10.75 12.48 12.27 1.54 7.55 7.29 7.01 11.23 2.61 7.27 6.72 8.14 1.03 2.96 8.36 8.22 7.76 7.14 6.24 5.25 4.56 4.27 4.18 4.54 6.79 7.37 5.16 4.48 2.91 1.46
34.71 33.37 33.45 33.75 31.97 26.59 24.67 33.04 30.70 25.96 18.55 35.71 16.66 16.60 14.70 25.83 16.32 17.33 17.95 19.65 21.85 28.81 22.51 19.41 16.69 31.61 28.56 23.34 28.16 29.64 26.01 29.07 31.33 25.08 28.60 20.02 18.66 24.05 10.75 14.67 24.77 19.90 25.53 23.20 11.84 8.34 7.00 5.09 5.68 5.31 14.54 9.48 13.88 6.50 6.44 5.49 4.94 5.48 2.36 5.86 6.25 6.61 7.16 9.81 7.87 7.64 7.18 6.40 5.60 4.62 3.83 3.94 4.26 4.30 5.39 8.36 2.84 2.81 4.47 1.40
35.63 31.70 33.50 24.48 32.97 26.63 26.51 26.38 31.89 32.97 18.56 17.81 18.48 17.29 15.87 21.95 17.65 18.41 20.37 22.73 29.87 32.03 21.58 18.26 15.92 33.26 25.55 18.35 28.15 32.70 25.39 26.53 26.79 28.05 28.59 27.75 25.59 13.81 12.23 22.95 23.88 12.60 22.16 24.02 23.33 14.00 6.21 4.79 5.99 4.72 3.50 11.17 15.86 5.25 5.41 3.95 4.09 4.86 4.98 5.49 6.30 6.76 6.99 7.16 2.75 6.95 6.62 6.00 5.06 4.06 3.44 4.76 4.13 4.07 3.29 2.44 2.02 1.84 2.09 1.85
35.38 31.60 33.63 33.67 34.41 27.67 28.13 22.84 30.96 30.86 18.71 18.78 19.41 17.45 16.47 22.59 18.51 19.96 21.99 33.03 33.24 22.37 19.91 16.73 14.74 32.93 19.12 15.15 30.36 30.60 26.56 19.98 26.73 29.41 30.22 23.24 25.31 10.61 12.64 24.90 19.04 13.26 12.52 20.90 20.04 17.89 5.09 5.29 6.93 12.99 6.31 5.15 3.94 4.59 4.84 3.62 4.89 5.48 5.70 6.19 8.15 6.51 6.33 6.31 6.09 5.92 6.01 8.62 4.22 6.32 3.04 2.93 6.73 3.44 3.27 2.86 12.47 1.44 8.26 1.36
32.31 30.92 34.14 33.57 30.38 29.35 26.57 22.43 31.80 31.10 18.51 19.77 20.31 18.05 28.81 18.52 20.43 22.08 22.62 36.72 35.25 21.31 18.61 15.94 31.30 28.84 20.03 20.92 29.98 24.84 25.12 20.89 30.03 28.77 25.05 26.88 13.69 10.81 21.06 21.73 11.55 21.15 21.23 20.72 20.21 18.00 11.11 5.90 7.34 9.87 14.77 14.86 4.04 4.93 4.23 4.99 6.00 2.49 3.38 6.33 6.04 5.25 5.63 5.29 5.08 7.04 5.07 3.86 3.45 2.65 2.40 2.32 8.42 5.63 4.85 3.06 8.24 9.71 8.54 0.49
34.92 31.00 34.84 33.63 29.34 30.04 23.20 22.38 33.47 26.14 19.44 21.50 32.76 20.08 20.29 21.41 22.47 22.87 30.79 34.46 22.49 20.28 17.33 15.79 15.27 28.94 24.95 25.15 27.06 23.95 29.46 22.82 29.29 27.07 24.89 23.13 14.42 14.01 21.79 5.91 8.52 9.38 19.93 20.99 16.86 18.76 13.20 5.73 7.06 4.56 15.35 4.47 4.86 4.99 5.94 6.67 6.86 6.82 6.49 6.13 5.88 3.73 5.76 3.90 5.17 5.70 2.87 4.60 6.69 2.51 1.99 1.87 8.66 8.79 9.04 8.60 8.26 10.86 9.84 1.56
36.15 32.63 34.11 30.74 30.82 30.50 28.01 28.21 33.27 19.87 21.04 22.84 22.14 34.18 29.17 22.62 33.58 34.34 35.91 36.24 21.75 18.95 15.95 14.42 24.26 26.69 24.33 24.39 27.24 22.21 29.28 23.46 27.32 27.85 23.35 16.87 16.01 16.03 11.69 7.93 10.09 9.26 5.52 11.04 13.53 16.19 7.21 4.07 6.50 6.55 13.20 6.73 5.75 7.08 7.83 7.98 3.17 7.51 7.20 6.85 6.74 3.64 6.42 6.64 13.60 12.37 6.00 5.87 6.22 8.44 7.00 1.93 7.25 6.92 11.21 8.07 8.09 9.42 8.55 9.35
37.47 34.17 31.86 29.86 34.53 31.76 28.53 29.99 29.06 20.70 22.14 23.10 21.46 36.12 34.95 32.95 32.39 36.35 21.62 21.62 20.23 17.24 14.86 13.12 30.65 20.96 23.73 23.52 25.25 26.93 27.85 14.19 23.99 20.49 24.60 16.76 20.42 19.83 7.66 8.97 9.31 6.39 2.93 8.42 13.31 15.21 13.50 5.42 6.23 6.92 9.95 11.36 14.30 8.69 8.51 8.41 8.21 1.04 8.22 7.97 7.74 7.49 7.25 7.38 8.02 15.04 7.77 7.88 8.84 9.16 2.44 13.26 11.22 8.06 8.89 9.90 9.28 8.86 6.87 1.43
38.64 32.92 30.17 31.76 35.36 30.62 23.91 22.98 22.16 22.11 23.09 23.26 21.35 38.55 35.83 34.46 32.97 34.84 21.57 21.07 18.65 15.21 13.05 23.53 28.32 25.05 23.19 22.63 24.42 26.33 19.71 15.68 25.58 9.50 25.99 20.00 22.57 19.09 13.27 7.07 6.33 3.62 2.40 8.50 6.25 14.63 11.62 5.58 3.26 1.86 6.56 11.49 6.37 9.19 9.35 9.16 8.83 8.75 8.93 0.92 3.21 1.41 8.10 7.46 8.48 4.84 8.51 9.28 10.06 8.88 8.65 6.81 7.19 2.36 2.34 7.52 7.87 10.66 10.76 8.67
38.35 31.85 31.87 36.40 35.17 35.84 31.30 30.34 23.23 23.33 23.92 23.66 21.78 32.20 38.70 33.46 33.65 20.95 20.43 19.32 16.34 13.57 11.45 31.53 27.41 22.71 17.51 17.71 23.66 22.21 19.41 20.68 26.76 9.44 20.57 20.30 22.23 20.59 4.61 4.88 4.83 4.25 4.11 8.61 4.04 9.40 9.78 7.36 2.86 8.99 2.78 9.20 9.50 11.65 1.30 10.03 2.66 2.18 9.80 1.85 1.93 1.70 3.00 8.45 8.57 14.34 11.43 11.64 12.21 10.95 9.02 8.01 9.48 12.97 2.29 1.24 0.51 1.35 2.87 10.09
32.18 31.01 36.98 37.97 33.52 34.99 32.84 30.99 23.08 23.19 23.70 32.82 21.99 20.57 38.24 31.59 34.86 19.35 18.62 17.03 14.26 12.42 11.31 29.38 21.79 12.17 13.26 15.87 24.67 22.58 13.04 22.78 25.58 9.87 8.04 23.65 21.28 19.86 3.54 3.71 4.78 15.18 5.55 10.83 3.50 10.75 11.46 5.29 3.86 3.00 1.46 7.00 9.37 9.33 1.10 9.97 1.85 2.69 0.86 1.96 5.59 1.89 3.09 6.77 10.39 11.94 16.10 13.97 15.91 14.74 10.10 9.64 7.82 7.48 6.90 11.86 10.30 8.53 2.69 9.78
30.94 30.07 36.92 37.61 32.65 33.18 31.92 31.03 22.99 23.03 23.85 34.06 22.58 20.81 39.01 20.99 35.97 18.36 17.04 15.49 13.33 11.53 32.82 23.85 12.93 13.53 14.55 24.50 24.83 24.59 24.25 25.78 27.03 21.13 8.13 20.53 17.23 17.49 2.46 2.70 3.30 4.03 5.43 7.69 4.95 8.35 11.70 6.39 8.74 9.10 3.16 3.73 9.11 8.95 9.16 0.85 9.81 2.86 9.68 9.85 5.21 8.93 9.42 6.71 8.71 11.96 18.58 17.70 18.97 18.13 17.99 10.20 3.74 3.78 2.53 9.57 9.64 9.65 12.05 2.78
28.89 29.02 35.97 36.70 32.96 32.61 31.68 33.19 23.05 23.52 24.73 24.13 21.30 20.18 20.90 34.67 35.43 17.71 15.88 14.26 12.48 11.33 29.69 23.47 13.28 14.20 24.47 26.42 25.55 22.18 25.71 27.91 24.77 24.11 16.97 21.89 15.74 16.51 2.00 10.12 5.52 10.13 5.69 10.61 7.73 10.11 3.61 6.88 7.72 8.36 8.76 8.94 10.26 8.88 6.48 1.60 1.73 2.85 1.54 9.85 4.35 4.77 8.45 7.40 10.92 6.83 16.10 12.09 13.23 13.06 11.45 15.75 3.69 5.24 10.59 8.95 10.08 9.67 10.03 13.17
33.82 27.73 35.67 38.01 37.40 37.41 31.37 31.23 33.82 22.17 23.12 37.04 19.09 35.00 19.08 37.54 18.48 33.91 15.26 13.81 12.35 25.36 27.82 13.92 13.88 14.14 28.67 28.10 23.40 23.81 28.48 26.39 26.56 25.59 20.04 19.37 15.93 8.57 9.56 2.76 6.49 12.36 4.55 4.34 4.75 2.59 4.39 4.73 7.45 8.15 8.74 9.02 9.04 9.98 10.28 8.04 2.51 3.94 1.88 1.42 2.69 7.12 6.41 8.90 14.46 8.10 7.94 17.46 12.77 12.78 11.18 15.53 3.54 5.60 10.23 10.09 14.57 13.90 14.83 12.87
33.56 27.43 27.47 26.56 35.69 37.58 29.56 20.95 31.60 20.24 35.05 35.04 17.83 34.37 32.93 35.28 33.67 26.15 15.16 14.17 13.54 25.68 25.04 25.12 13.58 13.56 27.93 27.35 27.48 24.75 24.44 20.25 24.96 23.33 18.89 9.72 1.30 0.21 0.83 1.60 1.91 2.30 2.28 2.21 3.03 4.90 4.85 6.62 7.34 8.07 9.32 2.79 6.68 10.18 9.82 9.64 6.68 9.68 3.46 2.07 2.27 4.36 8.94 12.40 13.87 14.51 14.28 10.71 17.86 12.84 11.61 16.67 4.57 6.15 10.28 12.54 12.34 11.28 6.11 7.08
27.30 28.21 27.97 25.89 38.95 37.37 29.44 20.78 20.32 20.22 20.07 34.78 33.83 31.78 32.74 34.05 31.53 30.54 14.52 14.11 13.67 22.52 28.02 26.27 12.59 13.54 26.72 27.56 26.54 28.24 25.53 22.12 23.52 17.80 4.86 3.89 2.92 2.18 1.49 1.30 0.56 0.45 1.29 2.54 3.75 4.20 4.89 5.89 6.84 7.80 8.97 1.67 6.38 9.74 9.40 9.15 9.41 9.03 7.97 4.75 3.05 8.03 14.41 8.18 8.44 16.66 18.71 15.67 19.11 13.62 13.33 17.22 6.12 11.10 12.04 9.24 4.31 12.81 14.77 7.68
30.01 28.17 38.97 24.45 37.41 35.35 21.14 25.65 20.93 24.49 32.67 32.95 31.48 31.86 31.53 32.46 34.48 30.65 14.81 13.67 12.07 30.73 26.30 12.01 13.08 14.38 27.76 24.56 10.17 23.99 7.45 22.69 18.92 14.53 5.31 4.44 3.92 3.64 3.25 2.71 1.77 1.15 1.42 2.80 3.57 3.64 4.11 5.08 6.16 7.02 7.58 7.89 8.08 8.51 8.94 8.93 8.57 8.21 8.06 8.21 8.31 8.45 13.52 8.61 8.47 7.22 6.64 14.65 15.07 14.84 14.00 14.66 12.99 13.36 13.84 13.21 6.60 7.59 7.91 14.00
26.92 26.64 38.42 36.24 36.09 34.56 20.97 26.63 26.78 30.37 29.94 35.30 32.48 30.89 32.30 30.66 34.28 30.21 15.72 13.71 12.14 25.73 12.50 13.59 15.28 15.20 29.98 25.11 27.33 19.11 17.42 18.98 16.84 6.67 6.03 5.42 4.74 3.96 2.83 1.65 1.38 1.63 2.14 2.90 3.12 3.24 3.76 4.50 5.19 5.86 6.40 6.69 7.02 7.53 7.97 8.06 7.87 7.69 7.44 7.19 11.94 9.88 8.02 8.86 14.99 7.29 6.09 5.70 5.95 15.62 15.51 15.60 13.62 17.06 17.55 13.77 7.94 8.47 8.59 14.18
27.61 26.55 38.37 36.18 34.44 30.36 28.49 21.28 28.70 32.96 20.07 32.42 31.63 33.98 17.58 34.16 31.02 31.86 15.35 28.41 13.72 14.53 15.12 15.87 16.13 29.60 12.20 28.18 19.08 11.15 18.48 9.44 8.58 7.75 7.13 6.42 5.56 4.54 3.17 1.97 1.71 1.93 2.42 2.71 2.64 2.89 3.53 4.04 4.55 5.24 5.85 6.21 6.54 6.88 7.05 7.08 6.96 6.78 6.66 6.44 6.45 7.39 8.47 8.83 8.56 7.76 6.65 5.98 5.80 5.68 6.21 7.24 7.71 16.23 13.65 16.67 14.80 8.98 9.33 15.79
29.19 27.27 24.56 35.17 35.98 21.26 27.97 21.78 21.36 21.25 32.26 27.54 31.72 32.66 18.54 18.25 35.65 29.20 28.54 29.08 15.20 16.86 17.99 17.62 27.78 29.27 27.34 12.71 22.95 23.04 18.89 9.31 8.79 8.07 7.31 6.54 5.78 5.01 3.86 2.98 2.45 2.02 2.23 2.47 2.70 3.06 3.47 3.85 4.30 4.80 5.20 5.48 5.79 6.07 6.17 6.16 6.17 6.13 6.10 6.31 6.80 7.62 8.28 8.52 8.40 7.79 6.88 6.39 6.24 16.01 7.37 8.15 8.16 17.89 17.03 19.48 16.16 9.65 10.14 15.59
27.35 36.22 23.48 35.09 28.85 22.41 33.96 21.47 21.42 35.11 34.24 20.92 32.23 34.73 20.12 31.85 33.82 33.45 30.06 16.82 17.54 24.02 17.67 16.09 13.81 28.93 24.14 23.74 26.20 25.15 19.66 21.51 8.28 7.95 7.40 6.72 5.94 5.16 3.86 2.78 2.02 2.17 2.69 2.84 3.07 3.37 3.58 3.79 3.99 4.09 4.31 4.65 5.00 5.17 5.27 5.30 5.33 5.54 6.03 6.87 7.55 7.77 7.83 8.06 8.24 7.84 7.16 7.01 7.24 7.63 8.33 8.45 17.10 16.38 16.39 16.58 18.15 16.72 11.43 11.33
23.79 33.48 21.89 35.84 20.75 27.43 34.89 26.34 37.25 20.60 20.74 22.60 32.84 21.96 31.26 18.78 29.76 29.28 29.80 17.05 17.17 16.65 14.56 33.02 26.36 24.01 22.64 26.07 26.77 24.62 9.03 8.94 8.60 8.17 7.64 7.08 6.57 6.14 5.30 4.17 4.60 4.60 4.53 3.99 3.49 3.40 3.52 3.59 3.49 3.34 3.78 4.15 4.34 4.61 4.79 4.75 4.77 5.18 6.39 7.80 8.12 7.81 7.66 15.40 8.07 7.85 7.46 7.62 8.31 8.79 8.97 8.92 8.82 9.16 9.51 16.50 17.36 17.82 12.36 11.59
24.44 23.31 20.69 31.31 21.23 32.81 33.62 21.65 20.87 37.60 19.18 33.88 31.04 33.92 34.56 33.05 28.67 28.20 28.37 32.59 14.31 13.27 11.98 12.11 13.26 13.61 24.87 26.66 25.92 22.59 9.56 9.39 8.72 7.88 7.38 7.24 7.29 7.76 9.17 10.38 9.54 7.67 6.39 5.11 4.18 3.85 3.82 3.52 2.90 2.78 3.49 3.82 3.86 4.43 4.89 4.73 4.80 5.51 7.12 8.50 8.42 7.91 7.76 7.91 8.18 8.03 7.85 8.49 9.41 9.74 9.70 9.74 17.34 17.41 17.03 16.53 17.35 18.17 19.26 16.56
24.13 22.80 21.38 20.93 22.09 29.89 22.02 32.66 33.50 34.64 17.98 35.24 34.40 34.66 32.85 25.99 17.29 30.62 29.35 27.77 13.18 25.45 17.66 13.40 14.41 13.55 24.83 27.05 23.51 10.79 10.26 9.41 8.37 7.46 7.10 7.29 7.66 8.40 9.28 8.75 7.64 7.98 7.17 5.61 4.58 4.34 4.14 3.50 2.60 1.97 2.22 2.72 3.47 4.65 5.39 5.29 5.35 6.42 8.09 9.00 8.74 8.06 7.81 8.26 8.75 8.69 17.08 17.30 17.68 18.58 18.04 17.79 17.58 18.08 17.93 17.95 17.97 17.36 18.12 17.70
24.16 23.67 23.24 22.29 31.22 21.69 38.07 34.99 31.39 19.25 19.35 26.51 18.71 32.88 33.14 26.50 17.84 30.12 17.40 25.49 27.07 12.96 14.57 13.96 25.12 23.62 24.87 26.29 19.81 10.71 23.14 21.50 8.19 7.68 7.27 7.00 6.54 5.46 3.51 2.41 5.11 7.29 7.40 6.13 4.95 4.47 3.96 3.15 2.14 1.17 1.24 2.02 3.23 4.79 5.88 6.08 6.35 7.46 8.92 9.66 9.31 8.53 14.39 9.10 9.83 16.43 17.38 17.60 18.59 19.12 18.92 18.36 17.37 18.45 18.91 18.39 18.15 19.12 17.75 17.32
23.19 22.14 20.46 19.79 20.64 30.17 20.53 33.63 33.01 19.74 20.72 21.70 30.00 34.84 19.83 29.86 30.00 30.74 17.11 30.43 15.22 16.43 16.34 15.13 27.44 22.61 24.78 27.41 22.76 22.04 26.72 22.29 7.81 7.75 7.44 6.71 5.17 3.26 2.50 3.53 5.23 6.62 6.90 6.00 4.84 4.14 3.49 2.72 1.70 1.18 1.58 2.44 3.72 5.34 6.72 7.27 7.42 8.25 9.73 10.57 10.20 9.53 9.55 10.45 11.11 17.41 17.74 18.73 14.21 14.19 19.79 19.43 19.51 19.00 18.42 17.97 17.83 17.93 18.12 19.33
21.44 20.00 18.63 18.58 18.35 18.43 36.50 18.82 20.12 23.38 21.59 23.17 22.29 34.31 21.75 21.20 30.62 30.37 16.29 30.26 26.10 15.64 15.44 28.84 29.99 13.00 20.07 12.41 23.26 21.43 8.66 8.04 7.68 7.43 7.07 6.55 5.46 4.20 3.54 3.77 4.76 5.93 6.21 5.60 4.70 3.92 3.36 2.66 1.49 0.58 0.83 1.74 3.67 6.36 8.63 8.79 8.07 9.07 10.84 11.79 11.65 11.04 10.98 11.58 17.43 18.38 19.81 14.61 15.07 14.98 14.49 20.09 19.99 19.60 18.46 17.75 17.77 17.64 17.06 17.03
20.78 20.62 20.60 20.62 20.39 21.18 21.85 20.29 33.95 20.56 26.66 21.93 36.40 26.11 21.00 19.28 31.86 30.49 16.41 29.48 25.89 21.17 21.65 14.46 14.05 21.49 12.81 11.84 24.76 9.66 9.15 8.65 8.11 7.36 6.73 6.56 6.07 5.09 4.53 4.66 5.24 5.96 5.95 5.40 4.68 3.85 3.32 2.70 1.89 1.42 1.42 1.53 2.97 7.08 10.92 10.55 9.17 10.38 12.38 13.55 13.49 12.44 11.73 11.99 12.92 14.07 14.98 15.57 15.82 15.59 15.09 14.78 14.82 19.69 18.67 17.85 16.97 17.02 16.40 16.62
20.57 21.63 22.28 22.54 22.99 23.95 23.94 22.29 21.11 20.68 26.74 36.51 35.25 19.03 38.40 32.38 17.08 16.70 16.65 15.01 21.05 17.90 14.31 27.54 14.01 12.79 27.29 28.26 9.65 9.89 9.48 8.79 8.15 7.42 6.85 6.74 18.21 15.28 10.97 5.97 6.01 6.00 5.78 5.33 4.64 3.74 3.15 2.58 2.12 2.30 2.74 3.18 5.15 10.46 13.75 12.22 10.60 11.98 14.33 15.43 14.85 13.10 11.90 12.53 14.60 16.27 22.09 22.01 22.17 21.70 21.42 21.05 20.71 20.05 19.23 18.30 18.02 18.32 18.52 18.80
