examples/cougarCreek-fire/createInputs/WindNinja/wrfout_d3.2015081212.f19/cougarCreekFire_08-13-2015_0700_217m_non_neutral_stability_vel.asc
ncols	146
nrows	140
xllcorner	610065.000000
yllcorner	5095217.000000
cellsize	216.586807
NODATA_value	-9999.000000
[rows 0 to 35 of 140, columns 0 to 79 of 146]
7.71 2.81 4.33 4.63 7.21 4.68 7.67 9.83 11.18 11.84 12.06 12.62 12.62 11.77 13.16 13.96 13.61 15.42 17.64 20.36 22.96 25.37 26.85 26.17 23.26 20.39 19.98 21.82 23.90 24.52 24.63 22.78 29.55 32.04 34.02 35.77 36.94 37.33 37.23 36.99 37.04 36.81 36.32 36.66 37.79 38.43 37.60 36.68 36.44 38.32 35.31 37.22 34.92 38.09 36.93 37.57 38.40 32.73 27.86 29.02 27.58 32.30 26.41 25.92 24.80 31.45 23.19 24.71 25.50 26.48 24.87 21.53 20.21 20.81 22.05 20.02 15.44 17.90 20.86 20.88
7.71 2.81 4.33 4.63 7.21 4.68 7.67 9.83 11.18 11.84 12.06 12.62 12.62 11.77 13.16 13.96 13.61 15.42 17.64 20.36 22.96 25.37 26.85 26.17 23.26 20.39 19.98 21.82 23.90 24.52 24.63 22.78 29.55 32.04 34.02 35.77 36.94 37.33 37.23 36.99 37.04 36.81 36.32 36.66 37.79 38.43 37.60 36.68 36.44 38.32 35.31 37.22 34.92 38.09 36.93 37.57 38.40 32.73 27.86 29.02 27.58 32.30 26.41 25.92 24.80 31.45 23.19 24.71 25.50 26.48 24.87 21.53 20.21 20.81 22.05 20.02 15.44 17.90 20.86 20.88
10.82 6.48 6.11 5.75 10.32 10.54 8.09 9.65 13.96 11.85 9.15 5.53 13.67 8.15 7.34 8.09 8.14 14.45 16.99 20.39 23.14 25.43 26.47 25.52 23.16 21.91 9.80 11.79 22.28 22.59 22.59 12.56 26.54 28.66 34.40 36.26 25.79 33.34 35.90 33.51 34.95 35.34 31.59 31.74 36.54 37.71 37.72 35.11 37.78 37.93 34.87 31.09 33.60 37.97 35.09 33.49 33.92 30.86 27.85 29.82 35.33 27.86 27.38 31.83 32.65 31.31 23.53 25.27 34.94 24.51 21.28 18.88 25.36 20.53 22.14 33.04 33.95 14.82 18.50 19.39
7.97 6.75 5.35 7.52 7.40 7.21 9.31 9.94 11.14 9.22 6.63 3.76 9.65 9.79 3.94 7.12 7.82 12.32 14.79 18.50 22.66 24.76 23.48 24.87 23.64 21.10 12.22 11.96 21.39 20.77 15.55 13.55 16.04 19.15 22.67 26.11 25.99 27.25 29.42 28.27 29.90 30.33 29.77 30.56 30.51 32.95 30.28 26.83 30.07 31.58 32.48 33.68 35.68 35.85 30.77 26.27 27.33 17.17 19.63 23.18 24.39 22.11 20.68 27.42 26.41 18.81 23.73 24.95 34.19 20.03 31.74 25.54 17.90 20.05 21.15 30.93 29.31 11.40 15.42 17.67
4.73 10.19 4.03 7.05 7.21 6.40 3.07 7.38 7.02 8.53 7.56 4.59 12.02 12.51 9.40 4.55 6.29 11.95 12.85 14.86 19.91 22.71 23.87 14.66 23.67 22.82 19.46 8.05 12.96 14.84 15.82 16.10 13.56 18.60 20.20 23.05 24.70 24.63 30.03 31.01 30.41 29.22 30.19 30.64 30.24 31.06 27.62 26.54 30.27 33.91 35.81 35.11 34.13 31.22 29.40 25.75 21.02 16.01 16.52 24.51 21.52 24.35 21.79 28.45 21.52 21.20 23.43 21.61 18.77 31.19 25.54 16.08 17.84 19.43 32.22 29.64 8.74 9.65 13.72 16.56
8.20 8.47 3.34 6.97 6.45 6.21 6.10 6.62 5.89 6.06 6.12 5.31 6.56 10.97 8.61 8.51 3.71 10.53 11.64 14.05 16.21 19.13 20.22 11.60 14.95 22.63 19.24 9.31 14.14 17.20 18.77 15.55 12.74 17.37 18.13 21.54 23.00 23.83 27.07 29.35 27.47 27.06 29.83 30.01 27.55 28.65 29.58 30.08 34.42 36.59 33.87 31.45 31.75 27.55 24.28 19.06 12.75 16.55 23.98 16.08 23.23 24.11 24.60 26.28 18.98 21.71 30.40 26.85 30.11 21.62 16.04 18.34 22.10 17.35 14.97 10.91 26.57 9.95 13.21 15.43
11.48 8.43 3.06 2.04 5.39 4.80 4.30 1.32 4.31 3.95 3.86 4.41 1.72 9.42 10.03 7.83 1.62 6.79 11.34 12.20 12.61 14.09 15.35 17.25 13.92 23.81 13.74 14.64 16.66 20.57 20.36 12.93 13.67 19.14 17.60 19.81 22.22 21.58 25.89 25.83 25.31 26.13 28.88 28.81 26.47 31.13 32.72 34.59 30.76 30.16 27.90 26.46 28.01 25.18 17.60 16.18 15.45 14.23 19.02 20.71 21.70 23.60 25.50 16.08 15.56 26.08 29.34 28.21 23.35 15.77 22.91 28.18 14.50 14.58 12.82 29.25 8.83 11.06 12.96 14.41
11.12 10.36 8.40 6.24 4.73 5.79 5.36 4.02 2.90 5.87 2.36 2.84 1.23 5.65 7.03 7.73 3.07 3.82 5.89 10.32 10.55 11.80 13.33 16.32 14.96 23.33 22.42 14.10 17.37 24.74 18.82 12.37 17.97 20.02 13.92 17.35 20.01 19.99 20.86 22.23 22.66 24.50 24.92 25.39 27.82 32.15 32.54 28.95 27.92 26.07 27.23 23.80 22.19 18.56 17.17 19.48 16.83 17.07 20.25 20.87 21.34 24.57 21.54 17.17 23.02 26.81 26.14 26.03 18.83 23.12 14.48 12.69 29.09 26.94 11.38 21.42 9.49 11.67 12.93 13.78
11.80 9.78 7.54 6.08 4.54 5.32 5.55 4.72 3.74 2.50 2.24 6.84 7.20 2.19 8.18 8.21 6.37 2.72 3.83 8.61 9.74 11.14 13.66 16.40 13.23 22.77 22.55 16.46 17.59 20.86 18.22 13.70 18.15 16.42 9.90 15.16 18.81 17.75 15.92 16.74 20.42 24.14 22.68 22.85 29.55 28.36 27.32 25.40 24.53 23.07 21.12 23.51 23.06 19.52 18.12 16.79 15.22 18.19 20.61 20.90 19.62 15.32 13.89 17.19 23.42 24.04 24.83 23.81 21.60 26.47 12.06 28.68 16.13 12.72 24.39 25.70 9.86 12.19 13.27 13.25
12.40 9.79 7.11 5.97 4.02 4.58 4.22 4.35 3.77 2.69 2.24 1.62 0.06 1.70 4.85 6.43 6.22 6.25 1.30 7.22 9.72 10.78 11.98 14.93 19.51 22.18 24.55 19.95 16.30 19.36 19.67 13.41 13.89 11.72 8.92 13.12 16.43 15.20 16.56 18.41 22.85 25.52 23.18 26.10 28.34 26.33 22.06 20.44 21.47 21.37 22.51 22.70 20.82 16.84 14.84 13.73 15.60 16.97 18.77 16.16 10.17 16.68 17.85 21.79 22.56 22.62 23.42 23.26 23.43 24.78 22.91 10.63 12.49 22.78 26.34 7.78 10.41 13.09 13.44 12.33
10.62 12.46 10.05 6.39 4.96 3.38 2.42 2.99 2.79 2.46 2.52 2.11 1.68 1.93 6.76 6.76 6.83 6.01 0.66 2.72 8.85 5.87 10.93 13.48 19.90 23.15 25.57 21.31 17.49 21.53 20.70 12.20 13.46 11.29 7.07 9.07 11.46 13.69 16.97 18.49 23.85 25.13 27.28 28.13 27.58 23.95 20.74 19.76 21.56 21.75 18.83 18.06 13.62 7.89 8.06 12.69 14.55 13.94 14.43 7.95 11.03 14.10 20.75 21.86 19.36 18.61 20.95 21.16 21.74 23.26 21.22 16.69 20.42 18.71 20.00 8.11 11.33 13.75 12.78 10.98
11.87 13.11 11.72 9.48 7.18 4.67 2.32 2.06 2.91 3.39 3.28 3.44 3.78 2.52 3.56 2.82 7.53 5.90 2.04 1.39 8.27 5.33 10.78 12.70 19.45 23.27 25.35 21.45 19.27 22.57 18.69 10.67 11.65 7.59 4.17 6.39 8.69 12.80 15.98 16.57 19.69 26.36 24.57 24.81 23.31 21.20 18.35 17.99 20.33 19.95 18.29 13.10 7.03 5.54 9.67 14.62 13.65 12.96 11.42 9.55 11.42 18.43 19.70 19.69 19.28 21.46 10.16 9.15 8.73 7.99 19.52 16.94 9.86 19.33 8.19 9.09 12.17 13.53 11.67 9.89
11.81 10.30 9.95 9.46 8.01 5.60 2.61 0.95 2.07 3.13 3.93 4.13 4.71 5.02 7.01 6.67 6.74 3.09 0.73 1.56 2.97 5.48 6.42 11.76 18.44 25.82 26.34 22.87 21.75 22.81 17.01 10.54 7.61 14.26 3.06 4.93 7.80 11.57 13.76 22.15 19.27 27.39 26.03 22.99 21.72 17.88 14.40 17.42 18.98 15.00 12.30 10.41 5.06 6.02 13.75 16.48 13.92 14.22 12.91 8.74 15.02 12.09 19.51 18.47 9.92 9.63 8.94 8.04 7.45 7.20 7.52 8.77 13.53 17.95 8.57 10.33 12.63 12.57 10.68 9.26
11.81 11.67 8.11 5.96 6.61 5.72 3.59 5.61 7.67 8.05 3.42 3.72 3.89 5.15 6.96 6.83 6.82 4.77 2.99 2.30 3.20 5.63 7.93 7.45 17.69 25.77 28.48 25.44 24.33 21.32 16.60 10.18 4.95 3.53 3.71 5.95 8.28 9.24 19.36 24.22 24.19 26.77 23.87 21.57 18.16 12.82 12.79 17.43 16.10 11.84 8.99 7.46 6.22 7.67 15.09 15.60 16.29 16.11 15.46 17.31 15.59 9.87 9.34 18.16 20.09 20.71 20.86 20.15 20.64 16.92 8.37 8.79 8.86 8.17 9.08 11.28 12.47 11.41 9.75 8.80
9.83 6.67 7.66 4.63 4.63 4.13 4.27 2.51 0.76 7.42 7.93 2.25 2.36 2.26 3.75 8.26 8.04 6.69 5.86 5.93 6.80 7.90 11.28 10.77 17.55 24.98 27.87 27.03 25.69 20.00 15.46 8.34 2.77 3.65 3.54 7.03 7.44 7.57 19.72 25.41 25.77 22.57 20.65 17.89 13.52 11.72 14.79 17.01 16.12 12.11 6.30 6.92 8.41 10.29 14.96 14.21 15.86 16.56 15.33 16.56 18.21 18.62 19.30 15.71 14.55 13.80 13.89 14.28 13.26 9.54 8.52 19.97 8.90 15.02 9.76 11.33 12.01 10.82 8.97 8.43
0.99 2.47 4.38 4.04 3.97 4.95 5.60 4.98 3.05 0.68 5.70 2.01 2.28 1.49 2.17 3.80 8.58 7.77 6.75 7.38 9.20 11.36 15.32 15.25 13.20 19.50 26.67 27.96 25.89 18.39 12.87 6.31 5.95 12.23 3.87 5.30 5.37 14.75 19.68 24.87 28.77 19.83 18.93 17.08 13.37 14.31 16.24 16.54 13.17 8.40 3.32 9.02 12.11 11.49 11.68 13.21 15.91 16.07 13.34 13.35 15.91 16.52 12.90 11.51 9.19 8.91 13.58 11.77 8.01 17.01 21.16 8.26 8.86 9.62 10.20 10.78 11.43 10.54 25.10 8.00
2.11 2.03 4.37 6.27 4.96 4.99 5.22 5.04 4.36 2.72 0.77 1.26 3.98 3.24 2.14 7.91 8.40 5.63 5.49 6.54 9.83 12.82 17.48 17.93 14.29 18.89 26.53 28.27 23.61 18.60 11.57 7.98 9.07 7.35 5.73 5.23 12.44 14.00 19.71 21.00 22.24 19.43 17.79 16.73 14.66 14.54 14.68 12.55 8.80 5.89 5.23 12.04 13.58 12.45 11.44 13.97 17.02 10.76 13.76 13.47 12.39 10.81 8.61 9.07 7.30 10.73 15.46 9.77 17.61 18.21 14.21 7.64 9.02 10.44 10.48 10.08 10.51 9.94 8.26 7.31
4.41 2.33 3.72 6.11 6.00 3.06 3.51 4.56 4.64 3.72 1.52 1.43 4.24 5.60 2.24 6.92 7.40 8.41 4.18 10.74 9.20 11.19 16.26 17.73 16.83 20.07 27.06 27.40 22.28 17.66 13.07 12.28 11.01 7.96 8.02 4.39 12.01 15.22 20.31 21.92 21.00 18.72 17.04 15.65 14.00 13.16 11.91 11.13 7.24 8.13 11.54 13.89 12.87 9.97 9.57 14.89 15.98 7.39 12.87 13.42 10.08 9.49 10.01 12.99 14.09 16.51 18.43 16.64 14.17 14.30 20.21 16.27 15.07 18.36 21.19 22.68 9.85 8.99 7.57 6.04
8.51 6.38 6.01 6.98 7.88 5.97 4.39 5.31 5.75 4.66 2.50 1.59 4.45 2.67 1.09 1.39 1.01 2.79 3.76 5.95 9.06 9.74 13.46 18.85 20.45 23.34 27.13 25.61 21.64 19.11 17.03 16.09 13.64 13.94 8.11 3.67 12.82 17.29 16.57 20.91 21.31 20.96 17.84 16.52 13.28 11.73 11.64 9.55 6.71 8.17 11.64 11.67 10.96 6.64 10.14 13.83 10.11 10.42 12.95 8.32 7.80 12.09 15.83 14.75 14.82 17.59 19.85 9.88 15.01 20.41 16.67 11.63 13.54 11.79 15.54 19.16 16.42 7.94 6.65 5.03
11.63 9.76 8.25 8.23 8.19 6.83 5.07 5.42 5.74 4.75 2.32 3.26 2.18 1.49 2.45 3.08 3.09 2.44 3.68 4.78 9.23 10.17 11.25 14.70 21.09 25.62 26.28 24.20 21.93 21.11 20.70 18.79 17.04 13.29 10.49 12.06 14.58 18.25 17.53 20.91 20.68 20.46 18.62 15.96 12.66 10.84 10.08 9.87 9.65 10.09 8.52 8.52 3.31 9.34 10.05 7.64 8.37 9.50 9.15 9.03 10.24 13.18 15.93 12.18 16.39 16.37 16.75 20.05 18.78 17.01 13.08 14.49 17.01 11.33 12.21 21.05 21.23 18.96 18.14 14.65
13.04 12.32 10.11 8.97 7.65 6.10 4.74 4.92 5.20 4.66 2.06 3.32 4.01 1.47 1.84 2.50 3.64 2.64 3.89 4.55 8.61 9.32 8.50 15.70 19.52 25.54 25.86 24.47 23.56 22.35 22.00 21.00 17.04 9.29 10.08 14.45 16.04 18.80 22.16 22.98 20.76 20.25 18.37 15.14 11.86 10.01 9.14 8.74 9.83 8.88 6.35 7.76 4.86 9.44 2.32 6.38 8.37 8.76 12.08 9.84 10.26 12.82 11.67 10.97 13.71 15.89 15.82 14.93 12.67 18.59 14.03 16.66 16.43 13.25 10.47 21.78 19.70 14.67 13.21 17.85
12.87 10.98 10.51 8.89 8.01 5.80 5.25 5.18 5.17 4.87 2.57 2.47 5.15 2.13 3.61 4.66 3.71 2.38 5.45 5.49 6.13 8.06 6.89 11.28 18.91 25.53 26.88 25.44 25.45 23.79 21.82 21.15 15.69 6.93 10.05 15.42 12.59 19.46 19.68 22.38 19.72 18.02 16.11 13.49 10.12 7.60 8.56 7.50 7.02 1.72 6.70 7.37 9.15 6.56 2.78 7.03 5.80 11.05 13.67 7.60 10.54 11.91 11.27 13.38 10.18 16.54 16.36 18.23 12.43 13.19 13.22 13.73 14.59 15.25 15.90 13.57 15.09 17.28 13.01 12.85
6.56 7.13 6.60 7.04 6.58 4.50 4.50 3.61 4.52 4.09 2.26 2.87 5.40 5.14 1.68 3.81 4.01 3.68 5.74 3.87 4.23 5.92 6.39 9.54 18.06 25.36 26.08 24.45 24.88 22.85 20.78 20.32 14.64 6.06 10.77 15.78 16.97 20.15 22.25 22.79 17.66 14.01 12.58 11.67 8.41 7.04 6.77 5.58 5.83 6.07 7.63 3.96 3.36 6.57 4.26 5.40 4.87 12.54 8.59 6.69 10.94 11.37 13.66 9.61 10.05 12.91 11.48 11.77 12.99 7.08 6.95 13.20 16.60 7.26 19.18 16.24 12.69 14.61 14.94 15.17
5.79 6.83 6.55 11.24 5.47 3.94 3.06 3.39 3.87 4.32 3.90 4.07 4.33 4.15 2.67 1.26 1.34 1.15 2.32 4.29 5.26 6.03 5.72 5.92 14.84 21.87 25.73 24.59 23.83 22.11 22.25 23.20 17.13 9.41 9.78 16.29 18.61 21.89 22.88 22.26 14.68 10.62 9.73 8.45 7.11 7.87 5.68 4.09 4.38 5.65 4.98 4.63 4.19 4.39 5.93 5.72 4.49 4.24 4.87 11.37 13.69 13.90 10.55 12.66 11.97 12.43 10.98 10.35 8.86 6.49 13.73 10.38 17.37 13.86 13.00 13.88 14.78 13.49 11.04 12.57
12.17 7.93 11.91 10.72 4.67 3.35 3.47 3.82 4.11 5.84 5.63 4.56 5.06 4.92 2.90 2.40 2.54 2.47 2.33 2.83 3.04 4.88 5.62 5.78 9.21 20.17 27.83 24.28 23.58 25.34 28.76 28.40 21.14 14.04 12.31 17.26 21.40 22.79 25.86 20.94 12.39 11.64 8.36 8.66 7.69 3.65 1.92 1.73 1.97 3.90 6.15 5.36 4.68 4.48 5.77 10.20 11.93 13.51 14.84 6.65 5.89 13.82 3.97 5.86 8.08 12.16 10.37 11.13 10.70 13.59 15.58 13.99 13.15 12.03 16.50 14.30 13.83 15.66 4.17 3.38
11.90 7.21 5.23 4.01 2.29 1.46 4.15 4.40 5.31 7.57 7.11 6.77 6.69 6.02 3.23 3.21 3.49 3.52 2.84 2.16 1.70 3.09 4.93 5.48 9.62 20.52 26.78 19.92 20.58 28.42 32.53 28.58 21.04 16.10 14.08 19.33 25.88 27.06 29.17 18.17 9.36 11.21 10.21 9.90 6.97 6.33 5.45 3.60 2.08 5.80 6.99 5.55 4.37 4.07 5.31 13.54 14.63 14.90 5.94 5.90 5.19 8.06 4.39 12.90 14.95 13.17 12.40 13.51 18.93 10.35 14.73 14.35 14.09 14.73 8.85 16.58 8.70 14.67 15.57 3.72
11.85 9.57 10.71 4.39 3.92 3.86 5.69 7.31 7.49 8.79 7.72 7.48 7.46 7.28 6.93 5.29 4.98 4.40 2.76 2.03 0.77 1.97 3.79 5.63 8.62 18.35 23.69 19.55 18.20 28.33 31.27 24.64 19.57 18.00 17.77 23.45 29.31 31.12 27.35 20.47 13.68 11.97 10.24 8.01 5.66 4.22 1.85 2.89 5.11 9.11 7.30 5.28 4.15 3.82 4.29 4.93 5.18 5.45 5.32 5.43 9.82 9.32 8.64 10.61 10.97 13.86 9.35 8.79 8.53 9.21 13.94 9.79 10.34 9.72 16.44 4.57 3.81 3.82 14.48 14.61
6.37 6.54 4.43 4.15 5.69 5.17 4.45 6.23 8.20 8.92 7.01 5.97 7.37 8.21 9.40 7.68 7.31 5.98 3.48 2.99 2.00 1.62 2.69 4.65 6.33 12.55 18.31 20.24 23.03 28.00 26.85 22.83 21.50 20.68 25.20 28.74 30.93 29.51 23.36 17.25 12.63 10.31 9.35 8.00 6.15 2.95 2.02 1.71 2.13 9.46 7.61 5.38 4.35 3.79 4.94 5.72 5.30 4.78 5.02 5.40 5.69 10.23 7.51 8.70 8.91 5.18 8.46 7.69 12.39 12.14 11.96 12.82 13.72 16.77 9.84 11.06 9.93 14.99 5.84 11.59
4.93 3.62 1.19 1.51 3.55 4.07 3.33 1.76 3.11 5.63 6.70 5.22 9.20 7.36 8.99 8.23 7.44 6.77 5.08 4.69 3.78 2.57 3.24 4.82 3.70 6.31 11.78 18.21 23.88 26.71 22.36 21.09 25.88 25.94 28.40 31.87 30.73 24.23 18.55 16.51 13.96 11.87 11.08 10.17 8.57 6.66 5.49 3.70 4.91 10.63 8.03 5.54 3.93 5.57 6.39 6.06 5.12 5.00 5.85 6.73 6.90 6.84 16.47 8.09 8.41 8.11 7.55 7.16 12.20 11.67 11.82 12.82 13.35 13.40 13.74 13.04 11.19 13.44 11.05 8.79
5.15 4.91 2.22 0.67 1.28 2.41 3.86 3.13 0.66 3.01 4.73 6.32 6.03 5.33 6.59 8.07 7.53 7.05 6.11 5.51 4.86 4.36 5.62 5.59 3.97 4.16 7.43 13.65 20.02 21.39 26.75 28.41 29.18 28.52 28.01 28.35 24.74 19.95 18.25 17.44 15.19 14.61 14.73 12.47 7.96 3.99 3.51 3.11 13.56 11.99 8.84 5.91 4.75 5.86 5.75 4.69 4.61 5.17 5.74 5.90 5.90 5.81 6.58 6.93 7.08 6.90 12.39 12.24 12.44 12.05 11.32 11.25 5.26 4.65 5.16 4.97 4.84 5.61 5.37 3.95
4.66 4.43 5.48 5.51 3.68 2.93 3.07 5.32 4.35 4.95 7.20 6.04 6.42 10.35 5.97 9.37 9.84 9.41 8.27 7.40 6.76 4.96 5.29 5.30 4.02 4.07 6.61 10.78 16.61 18.21 24.50 31.10 31.99 27.68 26.61 24.60 17.89 17.74 20.77 17.73 15.76 16.09 15.65 12.09 7.30 5.26 3.75 16.86 15.82 13.75 10.16 6.57 5.06 4.87 3.89 3.33 3.68 4.78 5.49 9.33 9.85 10.75 6.60 12.62 12.36 10.61 9.31 9.55 4.53 4.32 3.67 3.83 4.30 4.05 5.08 5.25 2.87 2.84 2.92 3.49
8.78 7.49 4.55 2.98 3.03 2.35 3.82 3.19 2.76 3.68 6.26 7.42 8.02 8.62 5.89 9.35 13.49 15.56 15.62 14.92 12.44 8.34 5.93 3.98 3.90 5.81 7.44 7.16 13.62 19.29 23.53 24.06 27.39 26.20 22.48 15.89 15.56 20.05 21.85 17.72 16.05 15.50 13.77 13.35 12.54 10.82 10.14 19.52 18.61 16.33 12.15 7.31 3.96 2.53 1.84 3.23 4.99 5.62 5.63 9.62 10.35 11.40 6.24 11.12 9.91 9.27 10.20 10.45 10.71 10.30 9.53 10.56 11.77 12.91 12.88 12.77 11.88 9.68 6.72 3.30
10.13 9.81 11.94 6.32 4.43 6.71 5.86 3.04 2.84 2.12 3.00 3.99 4.81 4.84 5.81 8.66 12.75 17.88 20.95 22.72 21.04 17.43 13.49 9.42 9.27 8.29 4.02 4.61 9.20 18.82 26.13 28.26 26.97 22.79 20.22 17.99 16.14 20.25 20.53 17.78 16.15 14.08 12.59 12.73 14.45 16.05 17.61 19.54 18.77 18.04 15.09 9.37 4.79 3.29 3.76 6.11 6.90 6.58 9.82 8.37 8.50 9.55 10.21 10.20 11.24 5.70 6.02 5.79 5.82 5.87 6.77 7.89 8.41 12.61 10.08 5.83 10.68 8.58 5.01 5.13
10.40 12.05 15.91 13.01 7.81 6.77 5.10 3.84 1.78 4.11 4.44 1.54 3.90 5.31 7.31 8.21 9.74 13.13 16.76 20.27 23.40 23.02 21.66 20.85 17.14 10.63 9.27 3.23 6.91 19.05 28.01 30.31 31.81 22.84 18.76 23.59 19.87 19.18 18.63 17.34 17.10 12.99 11.11 12.09 16.55 17.46 19.08 17.83 16.46 15.46 14.99 11.97 8.14 6.39 6.56 7.40 7.04 6.31 5.92 5.65 5.22 9.41 10.25 10.85 11.33 11.39 10.62 10.58 10.47 11.27 4.11 2.52 3.22 3.86 4.36 9.57 10.98 11.57 8.66 4.85
15.83 17.24 9.95 18.12 14.10 4.74 3.31 2.52 1.82 3.14 6.30 9.79 10.05 9.41 8.97 9.59 9.27 10.37 12.96 11.36 13.59 22.17 25.87 26.54 23.08 18.12 12.90 6.51 6.99 21.86 28.22 25.35 30.25 26.16 15.95 19.62 16.83 14.77 14.35 14.98 14.32 12.29 12.66 12.23 14.47 14.95 15.70 14.70 14.42 12.14 10.61 10.67 9.53 8.25 7.37 6.34 6.02 5.95 5.89 5.77 5.59 4.68 8.95 8.72 7.47 7.80 8.52 2.27 4.28 3.63 2.81 2.91 3.55 10.41 10.78 11.07 10.46 10.40 9.84 9.60
10.63 10.07 11.31 8.42 18.63 17.21 6.48 8.91 10.96 12.20 15.06 18.83 18.80 16.81 13.09 11.69 8.90 8.10 8.94 11.56 14.65 21.66 23.87 25.61 22.43 21.30 22.59 15.95 9.79 22.19 25.65 19.34 24.87 25.75 17.53 15.56 15.24 11.00 11.62 12.86 12.05 10.19 10.63 9.41 8.14 10.14 11.92 13.35 17.73 11.77 9.93 9.50 8.66 8.09 7.88 6.14 5.78 6.24 6.04 10.09 8.60 8.11 3.30 2.66 5.40 5.25 5.53 5.62 5.31 4.15 2.73 2.66 5.77 3.23 10.95 10.50 10.30 9.31 9.05 9.47
