examples/cougarCreek-fire/createInputs/WindNinja/wrfout_d3.2015081212.f19/cougarCreekFire_08-13-2015_0700_217m_non_neutral_stability_vel.asc
ncols	146
nrows	140
xllcorner	610065.000000
yllcorner	5095217.000000
cellsize	216.586807
NODATA_value	-9999.000000
[rows 36 to 71 of 140, columns 0 to 79 of 146]
4.81 7.57 10.16 11.68 24.43 26.59 25.94 16.37 18.99 19.23 18.96 18.54 17.23 18.70 20.46 19.82 19.83 21.01 20.51 21.47 24.53 23.55 22.32 19.59 17.35 17.71 19.29 19.01 19.19 20.73 19.84 14.67 18.81 24.60 21.24 14.71 14.91 5.49 3.00 3.50 2.34 1.66 3.03 9.02 8.53 9.12 8.34 8.89 13.98 12.18 11.29 10.72 9.70 8.84 8.47 7.67 7.30 7.49 7.34 7.12 6.63 6.11 5.64 9.19 4.08 6.35 6.70 6.71 6.45 5.20 2.77 2.11 2.86 3.38 4.51 5.37 5.42 5.69 1.41 5.22
4.70 6.37 12.30 16.09 19.24 24.92 23.65 25.48 24.36 23.02 20.37 16.90 16.45 18.83 21.37 23.68 26.49 27.05 25.20 20.47 17.92 17.08 16.00 15.70 11.95 13.50 20.22 16.04 19.63 17.37 15.44 20.56 21.28 21.91 22.71 18.81 16.02 14.77 12.68 11.83 7.65 7.12 2.56 4.35 4.25 4.66 6.28 6.13 8.96 11.12 14.98 10.42 9.74 14.98 8.79 8.40 8.47 8.99 9.18 8.93 6.99 6.79 6.46 6.47 6.62 7.05 7.68 7.84 7.38 6.23 4.04 3.26 10.64 4.54 4.93 5.53 5.54 5.61 5.56 4.89
16.77 21.87 17.27 21.22 24.31 28.60 30.27 28.31 24.03 21.49 17.35 16.67 18.47 18.53 17.91 17.97 18.64 17.59 13.76 9.92 9.46 7.84 6.80 9.26 11.46 10.32 16.61 15.45 15.31 15.29 16.66 16.30 23.51 18.62 16.05 16.36 13.20 10.35 11.04 17.70 14.61 11.42 5.52 5.65 6.42 8.22 8.61 9.29 3.25 5.61 10.90 12.74 13.85 13.23 11.84 12.05 12.16 12.81 8.90 8.99 8.96 8.90 8.94 8.97 6.11 9.77 7.73 8.20 7.78 6.86 5.94 5.47 5.61 5.49 5.89 6.33 6.09 5.83 5.38 4.81
21.92 15.64 21.61 25.32 27.16 28.26 27.01 22.79 18.70 16.31 14.29 15.01 15.17 13.82 13.90 13.84 13.64 13.90 13.66 11.74 9.79 9.22 6.73 7.76 10.44 9.82 9.80 6.87 13.82 12.89 20.16 16.74 15.14 19.44 16.45 17.47 13.69 8.03 6.10 6.88 6.59 12.95 9.67 10.53 11.01 13.88 12.27 8.14 6.49 5.94 5.47 6.57 6.25 8.73 13.08 12.13 11.11 11.28 12.05 8.31 8.71 8.36 7.99 8.54 8.81 8.94 9.48 9.07 9.74 9.79 9.70 7.09 6.59 6.19 6.69 7.16 7.04 6.80 6.13 5.21
28.63 25.31 28.44 29.97 32.52 29.68 25.60 19.79 16.81 16.79 14.09 12.59 11.00 11.72 14.53 14.29 13.51 12.70 11.60 11.48 10.34 10.82 7.13 6.85 9.91 9.54 10.25 7.54 5.21 9.77 20.14 19.06 17.75 20.13 18.06 19.36 17.91 15.40 10.10 1.87 1.68 3.23 4.88 7.13 9.83 10.62 10.24 10.20 10.69 10.44 9.79 8.20 6.05 4.80 6.51 5.19 9.51 11.05 3.88 9.29 11.90 10.36 7.77 7.06 6.49 10.04 9.98 6.81 8.13 8.75 8.99 9.13 9.48 6.59 7.18 7.96 7.66 7.22 7.39 6.82
31.74 31.84 30.01 29.26 31.28 28.50 24.50 18.35 17.59 15.87 14.28 14.88 15.93 17.20 17.81 15.40 14.12 11.45 9.27 11.37 10.48 7.59 6.78 8.20 8.06 11.02 12.71 9.73 5.03 9.93 21.21 25.97 24.43 21.19 19.95 18.56 17.29 16.51 13.54 12.84 10.12 11.45 12.05 8.88 8.48 7.88 4.99 7.48 10.42 11.33 11.17 12.28 8.70 12.32 10.28 10.03 7.01 6.56 5.22 5.13 7.70 5.27 7.04 8.57 9.61 10.12 9.84 9.26 8.07 8.61 9.04 11.29 8.69 10.08 9.63 10.91 7.93 8.05 8.14 7.45
28.51 27.16 25.45 22.98 23.23 28.18 20.54 18.11 19.23 18.24 17.66 18.49 19.75 20.02 18.21 16.11 12.98 10.25 10.11 8.47 6.39 7.27 11.04 11.28 10.30 12.23 13.26 11.25 10.21 9.70 23.04 31.11 28.65 23.97 21.50 19.66 19.18 19.34 17.71 14.26 13.69 12.90 12.88 11.70 12.09 11.33 9.59 8.16 8.02 7.23 8.95 8.92 10.15 10.16 9.09 6.80 7.36 7.52 7.46 7.17 5.96 7.93 8.31 11.88 9.17 9.23 9.35 9.10 9.12 8.82 8.34 7.72 7.88 9.24 8.64 7.74 6.64 12.28 8.44 7.82
28.36 27.09 17.54 34.48 32.99 29.17 19.26 21.21 21.01 18.83 21.19 25.53 24.26 20.01 18.21 16.71 12.23 11.80 10.43 9.13 8.51 12.14 13.39 12.68 11.32 9.99 12.26 15.16 15.32 11.41 22.52 31.88 31.91 30.31 28.21 26.80 23.00 22.30 20.64 18.22 16.16 15.20 14.88 13.38 13.06 11.72 9.55 6.95 6.08 4.64 4.19 5.40 6.54 6.29 5.91 6.43 7.16 8.48 9.93 12.13 11.65 10.45 10.29 8.85 8.04 7.37 7.71 7.72 5.53 8.01 6.26 6.67 6.82 6.44 5.95 7.53 7.18 6.62 6.39 7.69
31.16 33.11 36.20 26.60 31.70 29.40 21.90 24.01 23.31 25.57 29.89 27.01 21.39 17.05 15.28 14.57 12.29 13.36 11.99 10.63 12.13 13.71 14.15 13.69 12.39 12.23 15.75 16.04 15.32 12.79 25.01 31.26 34.07 38.06 36.51 32.48 31.35 28.72 26.45 24.61 21.56 16.71 13.69 10.79 11.27 10.57 9.71 6.82 5.45 3.15 4.67 5.77 6.96 6.39 8.07 11.85 13.27 10.67 10.04 9.70 9.69 9.30 7.93 4.60 3.51 3.07 3.97 4.76 4.97 5.31 5.78 6.30 6.48 6.22 5.60 5.44 5.62 6.82 5.51 12.72
20.22 22.53 31.18 34.51 33.18 29.55 29.30 26.80 27.46 31.50 22.53 20.06 14.93 11.54 11.73 12.75 14.33 11.28 9.65 9.81 10.16 13.16 14.22 16.73 16.04 15.27 15.50 14.17 9.83 11.95 22.78 26.00 28.61 34.14 38.28 41.14 37.25 30.90 30.02 30.89 29.16 14.87 10.00 9.27 9.81 12.28 11.60 7.95 4.85 3.75 4.74 9.93 11.54 13.00 13.58 13.92 10.04 8.87 7.83 8.52 8.88 5.91 4.30 3.11 2.15 2.19 2.85 1.93 4.60 1.96 7.41 2.67 2.59 2.86 3.50 4.50 4.84 4.09 3.37 4.81
37.72 39.04 38.32 35.51 32.87 31.90 33.38 30.88 30.93 23.66 19.98 13.94 12.05 11.27 12.16 11.79 10.80 9.83 9.26 9.75 10.93 16.87 18.22 18.17 18.07 16.17 14.66 12.77 10.12 15.25 21.08 22.08 24.98 29.97 37.84 40.24 36.50 34.22 33.44 29.49 24.60 18.40 12.96 10.06 9.17 15.07 13.54 10.66 10.12 13.30 11.14 9.91 10.01 10.82 10.98 10.60 8.74 4.89 3.64 4.20 5.26 5.42 4.46 3.18 2.30 2.61 3.52 4.88 1.32 4.93 5.66 5.99 5.85 2.93 2.88 2.23 4.74 4.32 3.98 2.66
42.79 40.34 35.90 31.66 32.48 32.79 30.18 28.71 25.32 22.34 14.50 12.43 10.43 10.46 9.58 7.53 8.48 9.76 11.31 13.87 16.67 20.54 19.13 17.06 15.93 14.65 12.77 11.80 10.80 13.73 16.59 16.95 19.13 28.65 35.91 36.39 30.87 27.21 26.67 25.76 16.71 14.19 11.12 12.54 19.99 13.54 13.38 13.85 13.18 12.60 10.58 8.35 8.80 10.20 9.78 7.99 5.43 4.87 4.97 5.10 2.31 1.75 1.78 2.11 2.54 2.53 1.62 1.49 5.46 5.65 6.14 0.44 1.72 2.40 2.22 2.65 5.52 5.11 4.76 3.44
44.34 40.78 37.21 38.04 34.63 30.60 25.17 22.81 17.66 16.61 12.62 10.86 9.74 8.09 4.76 14.05 14.97 15.81 16.56 18.15 18.74 20.60 18.00 16.57 13.65 13.77 12.59 12.32 13.51 12.17 12.76 14.65 15.65 27.96 35.36 28.43 26.14 22.82 22.03 18.02 14.27 10.35 9.81 11.02 19.41 17.25 17.82 14.57 14.26 12.34 9.78 6.60 5.87 6.46 4.98 4.08 5.28 6.07 5.77 5.76 6.03 5.93 5.13 3.85 2.64 2.59 3.79 4.91 1.83 0.68 1.88 7.50 1.90 2.92 7.72 3.80 2.82 5.40 7.48 5.36
44.77 42.40 38.44 33.87 29.76 27.09 21.77 16.19 14.99 14.58 12.40 10.60 9.81 9.07 17.52 17.74 20.44 21.95 22.25 20.70 16.67 19.86 18.73 15.33 15.08 16.31 14.14 15.10 13.86 7.89 16.40 12.54 16.36 24.67 34.19 25.52 15.90 21.60 23.12 22.50 13.48 23.82 9.78 8.41 5.64 13.57 8.14 9.71 11.07 9.67 8.01 7.15 6.25 4.77 2.74 3.11 4.37 4.82 4.85 5.48 6.11 6.41 5.57 4.12 2.29 2.12 1.67 1.79 7.29 7.01 5.75 1.80 2.20 2.66 2.66 3.49 4.50 5.86 4.75 3.01
46.16 42.92 35.80 30.05 25.52 16.02 14.68 16.06 15.80 14.46 10.59 8.53 10.29 14.90 21.69 24.51 21.94 22.29 20.93 18.66 16.67 17.91 17.20 16.74 17.35 16.90 15.31 14.05 7.31 10.90 21.00 14.62 18.81 27.82 34.61 23.10 15.04 20.78 22.36 22.35 24.81 25.80 22.80 11.94 2.99 0.91 3.73 7.90 9.80 10.06 9.56 8.66 7.57 5.38 1.59 1.32 3.27 3.91 4.50 5.04 5.82 6.64 6.13 4.65 3.55 3.70 4.62 5.26 6.48 7.28 7.23 6.77 6.23 2.46 2.53 4.05 6.95 6.06 5.11 6.15
46.73 40.68 33.09 26.43 17.27 18.89 20.35 19.01 16.97 14.23 11.81 19.15 16.62 21.32 19.80 24.31 20.18 19.79 17.79 17.38 17.82 17.28 16.52 18.20 16.29 14.55 13.48 10.93 8.29 14.66 23.44 17.23 20.47 30.90 36.32 21.57 21.27 21.09 21.89 21.96 25.00 26.57 22.92 18.62 10.74 9.11 3.26 6.36 7.37 8.24 9.16 9.40 8.41 6.66 2.34 2.90 3.18 2.78 4.42 4.90 5.17 6.90 6.53 5.26 4.03 4.60 2.58 5.31 6.47 3.63 5.55 2.01 1.01 2.01 2.63 7.74 7.43 6.43 5.53 3.97
44.96 38.36 31.16 24.99 24.22 23.86 21.03 19.57 19.34 16.26 16.60 23.38 28.53 26.45 24.06 20.61 18.42 16.53 15.62 16.94 17.69 16.06 13.50 5.21 17.79 13.14 8.67 8.83 14.42 23.83 25.75 18.28 19.96 30.42 33.49 19.90 20.10 20.47 21.36 23.86 25.81 25.64 22.09 18.26 17.18 10.06 6.30 3.46 5.68 6.82 7.94 9.16 8.91 7.96 1.68 4.25 4.40 3.72 3.85 3.89 3.82 8.42 7.12 5.73 5.07 5.47 5.45 5.14 5.34 7.19 8.01 7.91 7.14 7.10 7.39 7.40 7.05 6.11 5.25 5.11
43.43 40.56 32.35 29.54 28.21 27.92 25.28 23.42 22.04 19.52 25.03 21.85 26.51 20.73 17.08 16.88 16.05 13.77 13.50 15.73 16.38 17.64 14.27 17.79 19.04 11.00 11.77 18.30 21.85 24.18 25.48 20.64 17.39 28.11 22.85 17.70 14.21 15.88 18.08 19.15 21.68 22.68 22.20 18.88 16.26 14.81 12.47 6.14 4.91 5.94 6.24 7.46 7.70 6.90 3.07 5.11 4.73 3.67 4.48 4.69 4.64 5.91 7.19 6.89 6.40 6.64 5.57 5.11 5.01 5.86 7.66 8.26 7.40 6.54 4.76 3.81 6.83 3.91 5.99 4.77
44.99 42.42 34.94 36.04 36.39 31.52 25.98 21.78 23.01 23.57 22.59 16.34 20.18 16.44 11.24 11.77 12.61 10.77 11.95 14.21 16.65 18.45 18.23 18.35 17.93 16.54 18.62 19.02 16.72 19.10 22.93 15.10 15.07 25.14 21.73 16.68 18.33 20.98 17.22 17.47 20.48 21.48 21.10 18.56 16.12 15.48 13.34 11.39 9.59 7.20 1.86 8.64 6.05 4.68 2.94 5.16 5.12 3.00 3.73 3.73 3.49 4.16 5.65 5.20 5.26 6.27 6.47 5.10 3.95 3.26 5.32 4.34 5.93 9.02 4.31 1.38 1.34 6.03 2.59 6.68
47.04 41.87 37.60 38.38 28.74 25.81 20.53 23.10 30.58 29.79 18.37 11.23 17.35 14.09 10.06 8.96 10.68 9.19 11.54 15.46 16.67 17.49 16.30 14.80 14.28 15.06 14.66 12.36 10.52 16.28 20.69 10.35 14.45 23.09 27.60 17.26 17.08 13.90 19.41 22.62 19.47 18.39 19.93 12.57 12.30 11.30 15.12 14.34 10.28 6.77 6.01 0.87 7.96 2.63 2.32 3.43 2.17 0.47 1.40 2.06 1.82 4.33 4.19 8.79 5.71 6.42 4.74 5.22 8.23 7.90 8.38 9.31 9.14 2.61 8.57 7.53 2.83 7.58 10.60 2.42
47.46 39.24 30.47 28.98 22.95 17.60 16.48 30.13 25.09 21.96 12.59 13.98 6.41 13.60 7.87 7.72 9.55 8.53 14.15 17.80 15.98 15.39 14.92 12.42 11.51 12.98 11.01 7.79 9.05 16.30 16.07 9.92 12.24 21.76 29.85 20.03 16.76 15.30 23.13 19.18 18.70 15.65 19.67 11.65 12.34 12.17 11.29 9.90 8.50 12.38 7.14 3.42 3.28 1.67 2.24 5.67 3.28 3.42 3.97 3.89 6.17 11.83 8.14 7.64 7.23 7.82 11.73 8.28 8.11 8.55 9.30 8.22 8.45 11.46 7.92 6.79 5.79 4.47 2.38 1.88
42.61 38.14 26.45 20.27 13.70 10.25 24.03 31.49 22.68 15.04 10.30 8.56 10.38 9.98 6.52 4.19 3.45 3.03 17.66 18.69 14.32 13.56 11.81 9.50 10.02 11.62 9.14 4.86 12.12 17.15 11.27 5.12 14.56 21.34 21.94 14.58 16.48 17.95 20.65 18.58 19.44 17.99 17.74 17.97 18.47 9.63 10.12 7.39 8.71 8.27 7.11 12.81 1.74 4.52 5.45 12.59 14.04 12.89 12.67 12.80 12.21 11.99 8.33 7.89 7.72 8.33 8.86 8.94 9.06 9.54 10.29 10.78 12.05 9.33 7.64 5.79 4.36 2.92 1.69 9.11
36.64 29.08 23.53 12.27 18.64 26.43 32.69 21.94 12.66 11.26 5.15 5.03 9.37 8.75 7.75 8.46 15.05 18.98 15.58 12.39 13.45 13.15 9.30 7.24 10.12 9.10 6.69 4.88 12.94 12.99 4.83 11.69 16.11 22.01 21.52 14.37 20.74 18.85 10.47 17.44 19.18 19.16 16.85 16.96 15.95 6.79 5.62 5.26 4.90 4.39 6.00 6.92 8.13 7.33 14.41 11.95 12.57 12.09 8.32 8.53 10.53 11.31 12.67 10.94 10.43 9.67 8.78 9.22 9.37 9.75 9.97 15.04 9.87 8.08 5.61 4.10 3.33 2.57 6.61 8.50
32.75 25.42 16.60 23.16 25.99 26.24 20.57 14.70 12.61 7.03 5.63 5.84 7.92 7.78 9.86 13.48 18.62 20.23 13.61 8.54 11.38 8.97 5.15 9.14 9.70 7.82 4.91 7.18 11.61 7.64 11.02 14.49 14.99 20.39 30.06 16.98 21.88 23.01 20.09 11.33 15.03 19.33 13.17 14.97 12.21 13.44 12.94 12.82 4.85 1.62 2.57 5.34 6.39 7.14 7.79 7.19 6.41 6.78 7.51 7.94 7.99 7.42 6.47 6.31 6.99 8.17 9.70 9.36 10.63 12.46 9.07 8.55 7.94 5.85 3.76 3.32 2.95 2.89 6.73 6.51
29.46 22.51 20.26 22.82 28.89 21.05 12.81 12.94 9.14 3.27 5.66 9.12 9.61 9.13 12.71 17.38 21.87 19.38 11.71 7.90 11.22 11.10 9.61 10.64 8.86 6.21 4.95 8.15 6.44 1.85 13.59 12.53 16.64 21.13 28.77 25.59 14.43 20.86 18.64 17.42 14.15 19.21 18.05 17.34 17.11 12.94 12.36 4.53 4.01 2.65 12.27 4.28 5.82 6.21 6.20 5.71 5.02 4.90 5.56 6.38 6.67 6.29 5.92 6.21 7.20 7.29 9.93 9.36 9.25 8.94 7.93 6.60 5.58 4.26 3.10 3.01 5.24 5.34 4.48 5.42
25.60 28.21 18.70 25.81 23.54 14.86 9.57 8.37 2.52 5.29 7.26 9.07 12.59 14.81 17.73 21.75 22.03 16.65 10.41 7.73 11.22 12.15 11.87 6.96 7.78 6.03 5.76 4.52 1.69 5.00 11.05 14.86 16.58 22.80 29.88 28.89 15.60 19.58 18.17 18.86 16.70 18.64 17.55 16.82 18.11 15.65 17.25 17.33 6.12 14.71 13.16 11.94 10.30 6.70 4.75 4.29 3.21 2.56 3.58 4.75 5.12 5.07 5.26 6.31 7.58 8.40 8.61 8.37 8.04 7.36 6.40 5.54 4.51 3.56 4.27 4.46 3.77 4.29 4.57 5.07
29.20 23.76 14.45 21.51 16.95 13.45 13.85 5.24 5.34 6.81 7.54 14.91 16.91 18.82 21.51 23.36 20.23 14.21 9.77 18.76 14.86 13.34 14.37 12.46 11.16 8.67 6.33 4.56 3.99 8.46 13.42 13.90 20.73 24.09 32.30 27.19 23.68 19.78 17.54 16.05 16.95 17.74 16.09 15.04 17.75 16.72 15.13 16.06 14.85 14.65 12.62 12.13 8.95 4.84 4.35 4.05 3.04 2.79 3.51 4.15 4.28 4.12 4.38 5.62 6.84 7.52 7.50 6.95 6.41 5.97 5.57 5.25 4.42 3.35 4.42 3.63 4.01 4.74 4.93 4.95
23.42 13.81 7.22 5.14 6.61 1.72 6.74 7.15 7.58 15.24 18.55 19.60 20.18 22.09 24.43 23.73 18.64 13.13 9.53 19.93 18.96 18.01 17.13 16.41 13.49 11.78 9.24 6.36 6.92 11.09 13.98 16.05 20.87 26.89 29.09 26.22 22.15 22.13 17.99 16.89 17.12 20.66 21.30 15.50 16.52 16.83 15.12 14.80 14.23 14.75 14.67 11.76 12.60 4.81 4.62 4.09 3.59 3.66 3.96 4.20 4.13 3.78 3.78 4.83 5.98 6.73 6.90 6.57 6.02 5.76 5.68 5.21 4.22 3.40 3.87 4.09 4.50 5.22 5.37 5.20
10.29 11.15 5.40 7.39 10.56 9.20 7.31 9.45 20.66 24.06 23.98 23.02 24.30 26.65 26.42 22.66 16.89 16.29 14.10 21.14 20.90 21.03 18.44 18.06 15.60 15.12 10.66 8.38 10.71 13.60 13.77 18.42 19.88 28.17 27.34 24.58 20.80 19.01 17.13 16.32 18.20 20.81 19.49 18.96 15.94 15.99 16.43 13.71 6.94 14.29 13.76 12.90 10.94 10.51 4.85 4.13 4.04 4.12 4.34 4.36 4.09 3.63 3.61 4.51 5.47 6.19 6.65 6.85 6.62 6.07 5.67 5.05 4.21 4.01 4.46 4.75 5.00 5.73 6.47 7.18
17.37 17.46 11.33 7.54 15.45 17.25 20.75 25.87 28.16 27.45 25.86 26.29 27.88 27.01 23.14 18.85 13.82 15.51 23.02 21.88 13.59 18.78 19.09 21.18 17.92 14.35 10.47 6.03 11.17 12.52 15.80 23.50 23.02 25.87 26.21 22.45 18.41 19.09 17.23 13.64 17.48 19.86 20.34 21.02 17.51 18.27 14.32 13.31 6.63 5.02 15.94 13.14 10.23 9.08 4.58 4.17 4.34 4.58 4.80 4.51 4.01 3.61 3.79 4.46 5.19 6.17 7.04 7.52 7.23 6.35 5.82 5.29 4.85 4.80 5.43 6.22 6.07 6.31 6.97 7.17
20.21 15.40 11.51 17.74 22.03 26.69 30.15 31.11 29.44 27.48 26.78 26.89 25.65 21.87 18.52 15.88 16.83 16.17 21.46 23.75 24.11 13.67 21.39 22.77 18.00 13.87 5.67 7.09 11.35 14.42 19.10 25.27 25.91 24.29 24.80 21.10 15.29 21.10 16.96 14.38 16.25 20.56 22.42 21.03 18.92 19.38 16.10 15.13 16.64 7.81 6.20 12.34 11.11 0.20 4.30 4.00 4.37 4.76 4.68 4.15 3.76 3.74 4.01 4.56 5.30 6.36 7.50 7.97 7.53 6.67 6.33 1.86 2.82 5.03 5.93 4.05 7.07 6.68 7.41 7.83
13.83 15.09 16.20 24.95 30.16 33.24 33.62 32.12 29.76 27.98 28.21 25.19 22.47 19.62 17.89 15.52 17.65 16.91 24.41 25.62 21.55 11.98 15.47 23.80 20.45 14.56 6.56 9.08 16.45 23.09 24.47 27.00 24.89 21.05 21.38 19.55 14.05 18.99 16.17 13.88 16.88 18.15 17.52 13.03 14.56 20.09 18.58 18.38 15.45 6.23 6.88 13.18 12.27 9.98 4.53 3.89 4.11 4.48 4.28 3.97 4.05 4.39 4.78 5.37 5.87 6.68 7.73 8.03 7.54 7.01 2.22 2.49 2.50 4.92 5.67 6.79 6.58 6.14 6.38 6.51
17.09 20.43 26.40 31.30 34.85 34.99 34.30 31.45 29.12 27.28 25.42 22.94 20.93 19.38 18.04 15.50 18.05 25.55 24.35 27.48 23.48 21.97 24.34 21.28 20.06 8.50 6.07 10.55 19.29 24.90 24.54 22.66 25.56 20.38 18.75 17.73 15.58 18.34 15.14 13.03 13.57 13.75 16.28 14.01 11.07 9.05 12.31 15.43 14.08 15.29 11.47 13.65 11.53 8.28 10.05 2.44 4.02 4.24 4.27 4.48 5.03 5.54 6.01 1.24 6.57 7.06 7.82 8.03 7.68 7.54 7.16 6.26 4.39 4.97 3.44 5.93 6.38 6.47 2.80 3.93
19.42 20.41 23.46 32.15 34.20 32.60 30.44 28.17 26.45 25.35 23.53 21.35 19.93 18.63 23.03 15.30 18.78 25.05 25.17 26.67 24.66 23.23 22.12 20.73 20.36 8.04 10.74 12.63 24.23 25.28 20.87 24.94 23.80 21.71 20.15 15.94 14.85 16.61 15.94 11.98 12.25 16.06 17.29 14.85 11.64 9.36 12.19 16.97 16.91 16.12 14.10 13.53 11.41 9.05 5.42 12.80 2.39 4.48 4.90 5.28 5.78 6.28 6.59 6.64 6.77 7.21 7.93 8.24 8.05 7.95 7.57 6.72 3.76 5.47 5.99 3.43 0.42 4.06 8.07 8.70
18.83 17.01 26.85 32.57 31.87 28.97 26.60 25.11 24.52 27.48 22.19 20.72 19.30 18.11 18.08 15.98 19.94 24.28 26.24 26.32 25.90 25.36 21.64 20.89 18.82 8.46 13.91 15.31 26.73 23.73 18.16 22.16 24.56 21.77 20.39 15.19 16.43 19.43 16.27 11.08 15.44 15.96 16.42 15.57 12.69 10.08 18.80 15.10 15.47 10.39 9.16 14.75 12.38 6.61 7.42 7.25 7.86 3.99 5.15 5.62 6.03 6.30 6.19 6.25 6.65 7.26 8.00 1.31 8.31 8.09 7.86 7.35 2.85 2.71 2.55 2.14 2.37 3.26 9.03 7.13
19.60 22.74 30.82 30.88 30.34 26.89 24.52 27.91 27.41 27.13 26.10 25.42 24.10 22.94 19.39 16.78 21.29 24.68 25.78 26.25 24.75 24.01 19.18 17.57 12.17 10.72 13.97 23.93 28.26 21.69 20.42 26.65 24.93 22.25 18.88 18.09 19.07 19.49 16.00 13.17 13.24 17.00 15.54 19.62 14.36 10.34 8.16 17.32 17.19 15.47 10.05 8.20 10.49 8.39 10.56 9.28 8.23 8.13 5.53 5.98 6.05 5.86 5.61 5.83 6.40 7.08 7.82 8.26 1.50 7.93 7.91 7.94 3.41 4.44 4.06 2.50 0.61 0.29 1.73 1.92
