examples/cougarCreek-fire/createInputs/WindNinja/wrfout_d3.2015081012.f15/cougarCreekFire_08-11-2015_0300_217m_non_neutral_stability_ang.asc
ncols	146
nrows	140
xllcorner	610065.000000
yllcorner	5095217.000000
cellsize	216.586807
NODATA_value	-9999.000000
[rows 0 to 45 of 140, columns 0 to 95 of 146]
13 15 14 7 5 5 2 355 348 342 337 328 323 321 321 314 300 286 279 279 281 282 287 297 306 308 306 305 309 317 322 324 325 325 325 323 323 325 326 326 327 329 329 329 330 331 332 330 329 330 329 328 327 327 328 330 332 295 317 316 320 317 315 317 318 317 313 312 316 323 327 325 313 303 301 306 307 293 284 289 298 306 312 315 315 315 313 309 305 306 304 301 306 310 306 306
13 15 14 7 5 5 2 355 348 342 337 328 323 321 321 314 300 286 279 279 281 282 287 297 306 308 306 305 309 317 322 324 325 325 325 323 323 325 326 326 327 329 329 329 330 331 332 330 329 330 329 328 327 327 328 330 332 295 317 316 320 317 315 317 318 317 313 312 316 323 327 325 313 303 301 306 307 293 284 289 298 306 312 315 315 315 313 309 305 306 304 301 306 310 306 306
10 15 17 9 7 11 9 3 355 347 342 334 325 322 323 322 307 290 283 281 281 281 283 288 298 304 306 304 303 309 318 322 323 324 324 321 320 321 322 323 323 326 327 327 327 328 330 328 327 327 328 328 302 327 327 328 331 304 317 315 301 274 315 315 317 317 314 312 315 320 325 323 313 306 304 307 311 303 293 294 300 307 312 314 315 314 313 310 306 305 303 298 302 306 303 303
3 13 23 12 9 18 18 11 3 353 341 330 320 315 319 329 317 292 283 280 276 278 275 275 281 292 302 302 295 296 305 315 318 320 320 315 312 312 315 317 318 321 323 324 324 325 327 326 324 324 327 314 328 326 324 325 327 279 281 273 275 320 317 315 316 317 316 314 314 316 320 320 316 312 310 312 321 316 303 300 302 307 311 313 315 315 315 315 312 311 308 303 302 307 308 306
2 13 26 19 11 19 23 350 339 335 346 327 312 306 310 329 329 297 283 278 278 276 278 274 276 283 292 293 287 285 292 292 311 316 316 309 305 304 306 310 314 317 319 321 322 323 325 325 324 325 327 329 314 326 324 325 273 297 266 315 290 318 282 319 317 315 316 315 314 314 317 320 319 317 316 319 326 319 307 303 303 307 311 313 316 317 318 318 318 318 316 311 309 312 315 312
359 11 25 23 16 19 24 26 23 345 330 325 312 301 305 326 337 304 292 278 280 275 276 276 277 278 280 283 283 285 290 295 301 310 312 307 301 298 297 301 306 310 315 319 320 322 324 302 324 325 316 329 314 313 304 269 263 298 316 316 314 314 317 280 317 314 314 314 315 314 316 320 320 318 318 322 324 317 309 306 305 308 311 312 314 316 317 318 319 319 317 314 312 313 317 315
355 8 25 26 22 23 26 3 1 359 343 330 326 312 310 326 342 318 294 285 282 277 276 277 274 274 273 274 282 288 291 291 293 300 305 302 296 292 290 292 299 304 310 315 318 320 322 322 322 323 326 327 308 292 273 281 283 278 282 282 282 315 315 316 315 314 314 317 266 316 317 319 318 314 315 271 325 316 309 307 307 309 311 310 311 314 316 318 320 320 318 316 314 315 320 322
354 7 25 27 27 28 30 11 6 4 357 342 337 327 322 331 342 333 311 291 285 281 276 273 268 269 273 279 281 284 282 287 289 292 293 293 288 284 285 288 294 300 305 310 314 318 320 318 318 319 305 290 289 282 277 285 277 284 282 288 291 291 269 316 314 314 315 320 274 316 317 317 313 266 315 324 325 316 310 309 308 310 311 311 311 313 316 319 320 320 319 317 317 318 321 325
356 6 21 27 29 21 32 20 14 10 6 358 350 346 336 341 347 344 324 297 290 284 282 280 269 270 279 288 284 282 284 276 277 273 282 281 282 282 283 288 293 299 304 307 311 317 308 304 301 285 282 289 304 291 292 281 271 281 288 292 282 273 319 281 316 291 318 281 284 318 318 272 313 313 318 321 319 313 312 312 311 312 313 312 312 313 315 318 320 320 320 320 319 319 320 322
352 2 18 25 29 22 22 23 21 19 16 13 341 353 346 350 358 352 338 302 297 289 279 274 283 274 281 286 282 280 282 273 243 272 268 269 275 280 283 287 293 300 306 307 310 316 285 283 303 285 291 306 299 278 261 264 269 275 282 270 263 312 281 292 290 284 281 279 286 290 280 326 321 317 319 321 316 313 314 317 316 315 314 313 312 313 314 317 319 321 322 321 320 321 321 321
345 357 16 24 30 34 26 25 23 23 22 20 12 343 352 353 3 359 342 326 303 302 286 278 282 274 277 277 275 278 279 267 255 250 249 260 269 277 281 284 289 298 306 307 308 313 304 304 286 303 304 285 263 247 253 261 266 271 263 266 292 276 314 290 283 286 290 289 291 293 284 293 287 293 324 322 316 314 318 323 323 319 317 316 315 315 315 316 318 321 323 323 322 322 322 321
341 353 13 21 28 30 39 27 27 12 7 24 24 18 2 347 2 2 350 340 312 305 300 281 274 271 269 264 268 275 276 260 228 237 246 262 270 273 277 280 286 297 307 304 308 301 298 279 286 301 281 266 244 247 261 269 268 270 269 295 280 286 313 285 284 314 317 319 320 325 297 295 327 288 328 322 316 315 321 327 329 325 319 317 318 318 318 317 318 320 322 323 324 325 325 323
354 1 22 33 36 35 40 31 31 28 7 9 16 29 12 346 356 3 358 352 320 316 309 292 277 277 262 257 264 273 275 256 240 235 253 267 270 271 273 278 287 301 312 307 304 300 269 296 298 276 264 249 246 255 265 270 272 275 276 277 298 310 289 289 312 310 312 315 316 319 322 324 298 286 329 323 318 318 323 330 298 331 324 319 318 317 318 319 320 321 323 323 325 329 329 326
14 21 33 39 47 43 43 41 36 32 30 13 7 11 21 6 355 1 3 353 334 317 316 304 284 282 264 266 272 275 272 235 239 245 271 274 268 270 278 282 288 305 318 313 304 269 262 280 276 266 253 248 256 257 270 273 279 285 285 288 298 303 304 289 288 288 281 280 280 277 323 323 325 330 329 323 319 321 326 330 334 333 329 325 321 319 317 319 320 322 323 324 328 335 333 330
17 24 30 28 37 45 43 42 42 33 32 31 27 360 360 7 7 3 2 345 339 328 327 319 301 294 272 275 279 278 269 250 246 252 259 260 264 272 280 282 286 301 316 306 277 265 276 304 283 271 247 253 257 258 265 265 275 282 282 283 287 286 284 284 278 267 267 268 272 325 305 299 326 313 327 322 319 322 327 329 332 333 330 327 324 320 317 318 319 319 320 322 330 340 337 333
12 22 29 26 29 34 29 30 31 32 31 30 7 360 350 357 13 10 3 347 345 334 332 308 311 303 283 278 279 278 263 246 237 240 253 257 264 277 282 281 285 296 312 310 280 281 304 302 299 253 248 261 268 270 265 269 281 279 271 275 275 272 265 264 265 273 278 278 304 290 298 329 324 323 323 321 319 322 300 330 331 332 330 327 324 319 315 315 317 316 313 313 325 339 339 338
9 19 28 27 28 30 32 28 30 30 29 28 7 3 354 353 5 4 345 340 343 335 335 311 311 308 291 285 282 276 259 238 221 231 249 259 274 275 281 283 287 296 310 315 313 307 304 280 269 249 252 274 279 273 264 285 281 272 268 272 275 267 268 273 276 285 283 285 291 308 319 330 322 320 321 321 318 320 327 331 332 332 330 326 322 317 312 313 315 313 309 306 315 331 338 342
10 18 27 28 28 30 27 29 29 19 27 29 5 11 9 13 357 345 335 326 330 323 334 319 303 310 291 288 284 274 253 237 229 246 260 268 277 278 277 282 289 297 308 317 320 290 287 277 263 259 276 285 281 263 271 279 270 266 271 263 266 271 277 277 278 294 298 303 311 315 304 290 290 295 297 301 322 321 325 332 318 334 332 328 322 316 312 312 313 312 307 305 312 328 313 333
10 16 25 28 29 30 33 29 19 19 26 29 10 31 18 6 352 345 341 328 329 328 323 322 308 316 291 289 283 267 253 256 287 297 282 282 280 276 273 279 288 297 307 319 295 290 288 281 263 276 282 281 264 247 264 263 252 256 263 260 265 273 279 281 287 295 302 314 308 298 287 293 293 301 295 300 309 325 324 330 336 337 336 332 323 316 312 311 312 311 308 306 313 328 338 316
9 14 23 28 29 29 25 28 19 19 27 12 15 9 6 9 3 351 349 335 333 341 323 324 310 314 296 290 285 278 277 252 302 312 303 292 281 274 271 277 287 297 307 318 324 296 293 288 291 292 282 260 279 251 265 255 255 261 263 264 265 274 272 276 282 289 288 289 293 290 293 299 297 322 320 306 306 299 299 314 336 339 339 334 325 318 314 313 312 311 309 308 313 323 331 308
6 12 23 23 25 25 25 28 30 19 27 13 18 3 1 6 9 0 358 345 343 1 323 317 313 300 295 294 290 294 299 303 312 309 299 297 282 269 271 277 285 296 306 312 314 291 293 298 294 280 273 252 252 270 276 248 266 274 269 270 272 276 273 275 283 287 292 295 304 299 310 304 302 298 321 304 307 309 311 306 322 341 341 336 327 320 316 315 314 312 309 309 312 318 296 299
3 10 21 22 25 25 26 29 30 19 13 12 17 8 3 31 7 356 355 350 349 354 332 327 325 307 295 292 294 301 272 307 319 317 288 286 283 272 271 278 284 290 293 295 300 273 275 284 274 249 251 240 252 246 289 264 300 285 279 279 280 283 280 281 299 289 291 293 307 306 293 297 308 320 313 311 301 303 319 324 345 343 341 338 328 320 317 317 316 314 312 314 320 328 334 313
358 7 20 26 25 26 28 29 30 20 13 10 15 25 2 34 12 27 355 358 351 346 337 328 324 324 303 293 297 304 274 283 299 247 296 288 280 273 276 282 287 281 269 270 281 269 272 265 237 227 231 272 277 229 298 299 299 274 284 288 291 291 287 301 300 291 290 291 289 302 306 305 309 330 308 302 305 308 310 310 315 345 342 339 331 322 319 319 317 316 317 322 329 337 342 326
354 5 21 27 29 31 29 30 16 19 15 11 15 27 7 8 3 359 357 359 359 352 345 328 314 325 314 299 293 295 297 302 316 258 276 295 310 299 288 289 292 275 261 259 256 258 255 242 221 224 250 268 293 302 306 303 304 306 308 288 295 290 288 276 281 287 290 295 299 316 304 323 305 304 308 305 311 321 329 315 311 310 346 341 332 324 320 318 317 317 319 322 329 340 347 334
351 4 22 28 31 31 29 30 30 16 17 13 11 14 13 5 2 359 357 355 356 358 356 339 320 321 319 299 253 283 293 305 305 280 257 294 309 301 293 299 299 267 262 260 254 245 242 240 231 227 255 284 295 298 301 282 285 288 286 304 309 283 304 309 303 294 295 301 307 309 313 314 311 314 311 309 311 314 346 349 334 325 351 343 333 323 317 314 312 315 318 318 325 339 350 339
350 4 22 28 31 30 27 29 30 16 19 13 10 10 13 7 2 360 358 354 352 358 357 346 333 329 339 304 277 283 299 312 300 286 257 288 294 291 298 304 297 268 263 256 251 253 252 246 230 220 271 286 287 288 291 279 286 288 305 300 303 287 307 295 297 293 299 307 308 326 319 319 319 319 330 321 330 318 320 350 352 356 353 345 335 325 316 307 305 310 316 316 324 324 335 337
350 4 22 27 25 25 26 29 15 17 20 13 10 8 11 12 6 3 1 355 353 358 353 345 337 333 346 302 272 284 303 312 293 277 260 285 287 296 301 294 277 265 265 259 254 248 240 230 221 238 271 282 283 283 283 288 297 303 300 299 284 285 290 295 299 301 316 321 323 322 314 324 327 329 323 344 345 352 321 321 354 354 352 346 338 329 319 305 300 304 308 306 312 315 325 332
353 4 20 26 25 26 27 29 18 17 20 14 9 6 9 15 7 4 4 356 355 357 352 341 333 331 349 311 274 286 305 306 284 277 283 291 301 307 304 294 284 274 272 271 265 253 242 236 232 238 263 281 284 282 289 297 301 301 302 304 309 297 311 312 314 321 315 314 299 295 297 302 310 317 328 328 331 322 334 320 323 327 352 347 340 334 324 307 298 297 293 280 283 288 300 312
358 6 19 25 28 26 28 31 31 15 18 17 15 27 34 15 9 5 3 355 354 356 353 339 328 324 330 329 294 289 301 281 284 288 292 301 311 311 303 297 293 288 287 285 277 267 261 251 227 240 264 283 287 297 303 307 306 307 308 311 312 312 302 309 307 306 306 307 300 299 300 301 302 305 308 309 313 314 320 320 324 327 354 347 342 338 328 310 300 299 301 305 281 287 292 297
3 8 18 24 27 25 27 16 17 14 16 19 19 16 30 10 38 7 3 355 353 356 353 345 330 325 322 325 313 296 295 294 299 299 301 308 312 305 302 303 300 298 297 289 275 264 260 237 249 266 282 292 299 307 311 311 302 304 309 311 310 311 311 311 306 301 293 293 296 300 301 295 305 309 312 314 318 320 323 329 333 338 330 353 347 344 333 317 307 309 317 322 329 304 299 293
5 10 18 24 27 24 26 29 16 14 13 18 16 16 13 7 11 11 7 2 359 2 354 352 341 336 331 323 321 301 298 297 314 308 312 319 308 293 304 307 304 302 301 293 280 272 264 319 304 298 296 298 306 312 305 293 293 302 310 301 303 306 316 307 303 297 294 293 303 303 305 331 334 318 320 323 331 334 335 333 336 335 338 3 357 349 338 326 316 315 321 327 334 300 298 305
10 12 19 24 26 23 25 28 16 16 16 17 16 16 14 5 7 25 7 5 7 10 358 354 345 340 336 327 328 305 300 308 314 328 320 317 293 290 305 306 303 303 301 298 298 296 295 340 331 323 316 305 299 296 288 294 305 314 319 304 306 309 317 307 307 308 308 309 309 309 309 313 317 317 317 321 327 330 332 339 360 341 9 8 2 354 345 335 324 318 322 329 338 311 313 319
14 16 21 24 26 23 23 26 15 17 17 18 16 15 12 5 4 3 1 6 4 7 4 1 351 342 336 326 326 309 308 313 316 322 323 311 301 306 312 305 304 306 301 298 302 310 318 342 338 335 332 325 317 309 309 317 324 328 313 312 310 308 309 312 314 322 322 323 323 323 319 315 316 308 305 317 321 341 358 0 1 4 5 4 2 359 352 342 332 326 326 333 340 349 325 327
12 17 21 22 19 20 21 24 13 16 15 15 16 14 11 7 2 3 1 358 356 360 358 359 358 353 343 334 324 313 316 326 326 319 320 319 318 319 323 320 311 304 299 301 308 318 322 339 336 332 328 320 323 328 330 338 341 336 333 332 330 317 315 315 314 311 311 309 304 296 294 311 319 327 334 317 322 328 342 357 1 344 1 359 4 5 359 349 341 334 331 335 341 349 325 326
9 16 22 19 16 17 19 10 12 13 11 11 13 14 14 10 6 5 1 356 354 352 349 348 353 0 354 343 329 315 320 339 340 316 317 319 323 324 320 315 308 306 306 306 303 311 318 329 326 323 319 311 310 319 330 344 349 342 338 338 335 334 316 311 311 311 307 309 321 315 313 318 325 315 325 328 328 323 323 330 341 334 358 326 5 9 3 356 350 342 336 338 343 352 314 317
9 15 20 19 15 14 15 19 12 13 13 17 14 13 13 12 10 9 6 360 353 351 348 345 343 352 8 345 331 319 329 355 350 314 307 310 304 297 288 281 280 287 295 296 297 298 304 311 322 313 313 317 314 308 311 328 343 344 342 326 324 320 332 331 339 338 337 336 336 333 329 329 320 333 319 320 320 322 323 323 324 353 341 339 5 9 8 3 358 349 342 343 348 356 322 324
9 12 16 13 12 4 4 16 11 15 18 18 15 11 11 8 5 2 358 354 353 354 350 354 0 2 349 331 326 326 336 357 359 336 318 315 308 320 316 311 304 300 294 285 294 288 287 297 310 313 309 316 316 311 311 318 332 340 341 341 339 336 336 327 335 344 344 343 344 332 340 339 339 334 331 336 341 346 327 351 350 328 335 339 3 7 11 9 4 356 349 349 352 356 323 324
7 9 11 9 8 6 8 7 23 21 21 17 12 14 11 9 8 7 11 11 5 1 359 2 4 5 350 322 324 318 317 329 337 352 339 340 337 333 332 328 336 315 314 288 280 308 313 296 296 305 313 310 307 326 311 306 312 327 334 337 336 336 336 338 340 341 342 343 345 345 344 347 330 344 337 338 342 344 346 347 348 326 325 310 333 1 11 12 9 5 360 358 357 360 312 312
4 5 7 6 5 5 7 16 27 26 26 15 11 12 11 10 10 14 15 12 6 3 0 1 8 12 345 310 292 273 273 308 315 330 346 354 0 7 4 347 338 330 340 324 317 324 328 327 290 297 300 309 307 318 318 316 315 317 313 316 316 317 319 320 310 319 305 304 309 315 323 339 349 347 348 352 349 348 350 349 347 346 346 345 345 357 10 13 13 13 10 7 4 5 12 324
355 360 6 7 6 7 9 18 21 21 15 13 12 10 9 7 10 18 16 14 12 5 353 350 9 13 0 318 278 264 275 313 330 302 312 324 325 326 331 354 3 341 351 342 327 325 322 315 306 296 288 289 288 291 297 307 308 309 314 303 299 298 297 296 293 288 289 289 292 293 299 291 304 317 337 349 353 359 1 358 352 346 343 343 348 321 10 16 17 17 15 13 11 10 15 332
344 354 7 10 8 7 10 17 22 14 10 9 6 2 4 8 18 21 25 24 10 358 342 343 12 31 19 359 310 289 292 318 336 315 293 296 305 311 314 335 337 339 340 358 10 358 349 351 349 314 305 298 284 275 297 288 268 265 274 263 278 295 290 282 278 287 290 289 294 295 294 296 296 279 281 293 324 354 6 9 5 353 343 341 350 316 11 12 19 18 18 18 17 17 21 27
339 349 6 11 7 4 8 13 15 7 6 5 6 8 13 19 25 30 31 22 355 341 332 346 19 46 36 358 325 302 299 312 316 297 276 290 308 309 300 297 308 302 296 298 308 316 316 324 325 324 315 318 302 309 296 292 289 289 262 250 277 275 283 284 285 287 287 282 280 283 286 297 301 300 294 299 288 299 338 8 9 2 353 351 355 349 294 14 16 21 21 22 23 25 27 28
337 346 1 7 3 1 6 11 11 11 10 11 8 15 18 22 28 31 16 5 347 333 339 347 36 55 31 352 328 300 290 302 346 322 299 299 308 305 296 289 290 295 292 289 286 284 292 303 311 306 309 309 321 316 305 247 248 308 304 296 256 287 281 247 242 239 240 243 247 253 257 261 263 260 264 271 298 312 295 330 2 5 3 2 4 4 351 305 13 20 23 24 27 30 31 29
338 343 353 359 360 2 6 7 9 7 357 4 16 24 25 24 25 21 25 15 344 338 337 7 48 44 14 0 328 294 285 290 349 355 340 316 311 309 301 291 284 284 285 280 271 275 284 286 287 290 287 289 303 307 303 301 292 289 264 245 236 221 224 236 243 254 261 265 281 267 283 285 283 281 286 272 274 275 308 316 341 3 7 5 8 12 10 357 343 4 23 27 31 33 33 32
336 339 347 354 358 2 5 6 6 2 1 11 32 45 39 24 19 19 26 18 347 338 344 15 22 26 19 8 328 295 284 277 323 0 351 345 324 314 310 304 288 265 254 260 273 287 293 299 295 281 270 277 288 286 271 253 234 231 227 229 226 220 239 274 292 305 316 322 323 320 319 317 316 315 315 315 309 312 288 340 327 352 1 5 9 16 20 16 1 356 17 31 11 36 14 13
329 331 341 352 358 0 4 7 5 1 8 36 58 62 41 16 13 25 17 20 348 352 347 5 18 26 27 18 323 292 280 272 304 321 332 342 339 342 335 317 286 282 276 287 302 305 306 295 288 290 274 253 253 243 230 215 220 226 238 253 274 309 319 321 322 326 323 328 337 331 323 331 329 325 321 318 332 311 301 293 359 335 356 7 13 18 24 23 17 4 10 32 37 39 13 53
