examples/cougarCreek-fire/createInputs/WindNinja/wrfout_d3.2015081012.f15/cougarCreekFire_08-11-2015_0300_217m_non_neutral_stability_ang.asc
ncols	146
nrows	140
xllcorner	610065.000000
yllcorner	5095217.000000
cellsize	216.586807
NODATA_value	-9999.000000
[rows 92 to 137 of 140, columns 0 to 95 of 146]
343 343 342 342 342 341 340 336 332 330 327 329 334 338 336 333 331 331 331 333 339 342 339 336 331 325 324 325 326 325 324 323 322 321 318 349 294 282 274 271 269 264 254 246 238 225 220 220 223 228 232 235 236 236 235 233 271 230 280 265 279 291 262 225 297 227 227 302 276 274 278 306 183 185 346 339 330 332 329 326 318 334 353 11 359 18 29 6 81 84 87 86 83 81 79 77
344 344 343 344 344 343 340 334 330 326 324 326 331 353 331 331 331 332 333 335 339 347 336 333 328 323 323 325 326 327 328 327 326 327 330 326 318 315 308 297 289 284 280 272 253 231 223 223 227 233 237 242 243 241 239 238 237 236 233 272 279 277 233 229 272 300 298 277 291 267 266 315 194 189 343 339 339 328 94 88 84 85 88 331 0 18 360 80 75 79 52 88 88 86 84 80
344 344 345 348 347 345 342 336 330 327 325 327 352 330 330 331 332 333 334 336 339 337 332 329 325 322 323 325 326 327 329 331 333 335 337 337 333 330 325 319 313 305 297 285 259 234 230 234 238 242 245 247 246 244 241 240 241 241 241 241 242 242 238 233 228 266 293 291 293 273 270 308 205 333 341 17 102 1 322 83 83 81 81 80 76 355 353 14 78 78 1 82 87 92 88 84
342 343 347 351 350 347 343 338 333 330 329 330 330 330 331 331 332 333 334 336 338 346 355 325 322 322 324 327 328 329 330 333 336 337 338 338 336 333 327 325 326 322 312 302 275 253 249 248 249 251 252 252 248 243 240 242 245 247 248 250 251 248 243 239 234 229 224 220 276 279 273 287 320 323 341 4 99 83 80 320 84 83 324 332 340 69 11 4 11 80 78 19 78 81 83 86
342 344 348 353 352 349 343 338 335 332 331 331 330 329 330 332 333 333 335 338 340 334 327 324 322 323 326 329 332 333 334 336 337 338 338 338 336 334 326 319 320 324 325 329 323 300 281 269 263 260 260 259 258 257 254 253 253 253 253 253 254 253 250 246 243 240 236 233 226 274 277 289 284 299 324 353 97 83 76 331 73 73 72 69 352 10 6 8 69 71 357 16 23 70 72 75
347 348 351 354 353 349 342 337 336 333 332 331 329 329 330 331 333 334 336 340 340 334 328 325 324 325 328 331 333 333 335 337 338 338 339 339 338 337 332 323 318 321 330 341 343 330 311 288 274 270 270 269 268 267 267 265 263 262 260 259 259 257 255 253 250 246 242 237 232 226 225 229 228 293 305 336 4 86 78 355 61 58 57 60 329 61 63 67 13 64 68 65 65 64 65 69
345 351 356 357 356 348 341 338 337 334 334 332 329 330 330 331 332 333 337 1 338 334 330 327 326 327 329 331 332 334 336 337 337 337 338 340 340 340 333 336 329 327 333 344 350 346 334 311 290 281 280 281 278 273 272 274 274 271 269 268 266 264 261 259 258 256 254 252 252 253 258 262 255 296 302 314 347 91 77 8 341 334 53 338 59 347 13 67 64 18 16 62 65 65 65 64
342 351 359 0 357 347 342 340 337 336 335 332 331 331 331 332 332 333 336 337 335 332 329 328 327 327 329 329 331 333 334 335 335 336 338 341 343 343 343 329 332 332 339 346 351 354 349 333 311 298 292 289 289 288 286 284 283 280 278 276 274 272 269 267 267 268 268 268 270 272 277 280 278 269 295 305 326 352 49 51 349 62 336 349 355 340 351 66 72 68 5 65 64 64 70 358
348 350 357 4 354 345 344 341 337 337 335 331 332 333 332 332 332 332 333 332 331 329 327 326 325 326 328 328 330 332 332 333 334 336 339 343 347 349 349 345 339 340 348 351 352 354 353 343 324 311 304 298 293 293 293 292 291 290 287 285 283 281 281 280 279 280 280 281 282 284 285 288 294 310 352 13 309 322 15 53 3 342 335 329 338 342 62 331 70 16 358 69 70 68 73 11
356 354 357 358 349 345 346 342 339 338 332 329 330 332 332 332 331 330 330 328 327 326 324 323 323 325 327 329 330 331 331 331 332 334 338 342 346 349 348 346 348 353 358 357 353 351 350 343 328 317 310 304 299 296 297 297 297 296 294 292 291 291 292 291 289 289 290 291 293 297 301 306 314 326 340 354 359 0 328 357 341 336 49 48 299 50 293 321 59 341 67 353 6 65 71 66
357 0 358 351 346 344 344 344 343 339 331 327 327 328 331 331 330 330 330 329 327 325 323 323 324 326 328 329 331 330 330 330 332 333 335 338 340 333 334 343 352 6 9 2 351 345 343 337 329 323 317 309 303 297 295 297 298 297 297 297 297 298 298 298 297 297 300 302 304 312 272 271 268 277 342 350 355 4 22 341 335 39 32 34 37 21 358 350 345 4 39 301 61 60 21 10
356 359 358 351 351 343 342 345 346 340 331 329 329 330 331 330 330 331 332 333 332 328 325 324 326 328 328 329 330 330 330 330 332 333 333 333 332 331 332 337 354 17 20 5 344 334 332 331 329 328 325 315 304 298 296 297 299 299 299 299 301 304 305 306 306 308 276 276 315 321 330 281 279 281 294 349 356 3 329 349 347 333 29 33 341 43 52 358 4 52 9 354 347 5 18 10
355 357 356 352 347 341 340 345 347 339 333 331 332 333 332 330 331 331 332 336 334 329 324 324 327 329 328 328 329 328 329 330 331 332 333 332 330 327 329 338 356 12 14 359 341 332 330 330 325 327 333 325 312 303 300 301 303 303 303 304 306 309 311 313 314 282 280 319 321 327 334 340 346 299 351 300 357 5 325 338 336 331 334 33 336 357 359 65 348 58 57 3 56 18 356 356
359 359 354 350 347 341 336 342 346 339 334 332 334 335 332 331 331 331 332 334 332 328 323 324 327 329 328 328 329 328 328 329 330 331 333 334 334 333 335 343 355 5 4 347 343 337 333 333 330 333 340 337 328 315 306 306 308 307 308 309 311 315 316 317 319 320 322 322 324 329 335 341 347 352 355 303 303 312 313 315 14 337 338 32 340 347 359 2 351 3 60 4 8 55 61 2
2 359 353 349 349 345 338 339 343 338 333 332 336 334 331 331 331 330 331 331 329 324 321 323 327 328 327 329 329 328 328 328 329 331 333 336 337 335 337 344 354 0 356 347 337 335 336 331 336 335 342 342 338 330 320 316 316 314 313 314 316 320 321 320 319 320 323 324 326 330 335 339 347 312 356 299 299 297 301 322 324 13 21 328 319 318 344 348 351 341 59 5 353 51 66 7
358 355 350 349 348 346 343 340 341 338 333 332 335 332 331 331 330 330 331 331 328 322 320 323 327 327 327 328 328 328 329 329 330 331 332 335 336 336 338 345 352 355 350 343 339 337 336 336 336 333 339 337 334 337 332 331 327 320 317 318 320 324 325 323 321 322 297 298 298 300 301 339 313 317 355 309 310 312 325 8 334 14 16 25 335 32 331 340 347 331 6 21 357 345 355 2
351 350 347 346 346 345 344 341 341 341 334 331 332 331 331 330 329 330 330 330 329 324 323 326 328 327 327 328 328 328 329 330 331 331 332 333 334 336 341 348 350 348 344 340 338 336 336 336 331 332 336 330 327 326 334 338 335 326 322 322 324 328 329 327 324 325 302 331 307 307 306 342 346 318 354 358 322 321 326 5 10 13 14 343 344 353 342 336 346 350 352 359 347 10 14 2
346 345 344 343 343 344 342 338 340 341 338 330 330 331 330 328 327 326 326 327 327 325 326 329 330 328 327 327 327 328 328 329 330 330 329 330 330 333 340 347 346 342 336 338 337 336 336 336 337 337 336 329 323 328 329 335 335 329 326 327 328 331 333 331 329 330 332 305 308 339 343 345 346 350 353 324 323 318 323 326 330 330 329 337 346 356 355 359 4 4 351 355 3 4 6 7
339 341 343 343 341 343 342 337 339 349 342 331 330 331 330 329 328 324 322 324 324 323 325 329 329 327 327 326 326 327 327 328 328 327 327 327 328 332 339 342 340 338 333 331 330 331 331 337 334 339 336 333 329 327 329 331 332 331 332 332 333 335 336 335 334 337 310 338 310 311 311 308 304 307 318 321 320 318 321 322 327 332 334 338 344 353 354 353 357 360 359 5 2 360 7 359
332 336 341 340 337 337 340 338 341 343 343 334 331 330 331 332 331 325 322 323 322 321 322 325 325 324 324 325 326 327 328 328 328 327 327 327 329 333 337 337 336 331 334 329 329 329 336 336 337 338 336 335 334 335 336 334 334 335 336 336 337 338 338 335 336 340 343 344 317 316 311 309 311 307 307 319 321 326 325 324 331 332 333 333 338 348 351 351 356 6 5 40 5 3 1 46
330 334 338 338 333 329 331 335 340 347 345 338 332 330 331 334 333 328 325 325 325 323 322 322 322 321 322 324 326 328 329 328 327 327 326 326 329 332 333 333 334 329 332 326 327 327 328 329 330 336 332 333 331 334 337 336 336 338 338 337 337 338 338 336 336 340 343 346 325 321 321 325 327 322 319 321 324 325 325 328 336 11 339 346 345 346 353 356 355 358 1 38 42 4 3 355
333 335 336 337 333 326 326 325 332 341 347 340 330 330 332 332 330 327 327 329 331 328 324 323 320 319 321 324 326 328 328 328 327 325 324 326 328 329 329 330 331 330 325 323 330 331 328 329 329 333 327 327 330 335 333 335 338 340 340 338 338 339 338 337 337 339 342 344 347 349 325 348 329 332 330 326 328 331 335 334 338 12 342 340 341 341 349 355 356 5 3 353 8 358 349 350
335 337 336 335 335 332 328 326 327 332 346 337 329 330 331 329 325 322 323 328 332 329 324 322 319 318 320 323 325 326 326 327 326 323 323 326 327 327 327 328 328 327 321 327 329 331 334 330 329 331 325 329 330 328 328 333 339 342 341 340 341 341 340 338 337 324 323 323 321 321 321 319 319 325 330 331 336 0 4 341 343 345 345 337 337 339 346 357 353 356 10 5 359 11 37 2
336 338 337 333 333 335 337 337 334 333 329 332 329 330 329 326 323 321 321 324 328 328 324 321 319 319 321 321 322 323 324 326 324 322 322 324 325 325 326 326 325 319 325 321 323 327 335 329 329 329 327 326 325 322 322 327 334 339 340 341 343 342 341 340 339 340 324 322 321 318 319 319 320 323 330 330 332 334 332 332 337 345 347 348 347 345 351 356 1 358 356 359 357 36 45 9
336 337 335 331 330 333 337 341 341 338 334 327 326 328 328 327 325 325 327 328 329 328 325 321 319 320 321 321 321 321 324 325 322 321 322 323 323 324 325 325 323 323 317 318 321 330 333 328 326 327 327 324 322 320 319 322 326 330 334 339 342 342 340 339 323 320 319 319 320 321 320 323 322 324 329 332 329 329 324 321 326 330 337 338 340 342 350 356 356 360 4 358 348 345 44 47
335 335 331 327 327 330 334 338 342 342 337 327 322 324 328 328 327 328 331 330 330 329 324 320 319 321 321 321 320 321 323 323 321 321 322 323 323 323 323 321 321 322 316 316 320 328 330 323 322 327 324 320 317 317 316 318 320 322 326 332 338 340 338 337 339 324 320 316 319 323 324 322 322 323 324 329 328 331 329 327 329 329 330 335 338 343 354 355 358 33 31 3 356 43 349 35
334 333 328 324 327 331 334 338 341 342 340 335 329 328 331 328 326 329 334 329 331 327 324 320 320 322 321 320 320 321 322 322 321 321 322 322 322 321 319 318 318 320 321 316 323 324 324 316 323 322 316 311 310 310 311 313 315 318 322 326 332 329 334 334 337 328 325 319 315 320 327 322 319 318 317 320 324 327 328 328 335 341 344 340 340 348 1 1 358 32 35 2 2 0 360 9
331 331 326 324 326 329 333 339 340 340 337 334 331 331 330 329 326 329 329 327 327 325 321 319 320 322 321 321 320 321 322 322 321 320 320 322 322 320 317 316 316 318 314 319 319 318 317 317 317 314 307 301 301 304 306 309 311 314 318 321 326 326 329 330 328 327 326 323 314 312 323 327 324 321 319 322 327 332 338 337 332 342 348 346 344 351 5 3 356 34 37 8 38 35 7 31
327 327 326 325 325 327 333 338 339 338 334 328 326 329 333 332 329 329 327 326 326 323 319 318 320 322 322 321 320 321 322 321 319 318 319 322 322 319 317 315 316 316 316 316 317 316 315 315 314 309 301 293 292 295 299 302 304 307 310 326 328 325 325 327 329 328 323 324 317 311 316 327 329 328 325 322 322 326 337 343 336 334 339 339 335 333 349 348 353 32 38 4 36 36 37 38
322 321 323 326 323 326 334 337 335 336 335 329 327 328 330 325 334 330 326 325 326 323 321 320 321 322 323 321 318 318 320 319 317 317 318 321 321 318 317 316 315 314 314 316 314 314 318 317 315 310 302 293 289 290 293 295 296 298 301 322 329 325 324 327 323 324 323 324 323 312 312 320 322 321 320 319 322 322 331 338 335 335 338 338 333 27 34 40 27 351 35 356 36 32 40 36
319 316 318 323 319 321 333 334 330 332 334 333 330 329 330 334 333 334 325 325 326 324 322 321 321 322 323 320 318 318 320 319 317 316 317 318 317 316 316 315 315 315 314 315 312 318 320 319 315 311 306 298 292 290 289 290 290 290 292 315 327 325 318 324 316 317 327 326 328 318 311 309 311 316 318 320 323 322 329 335 333 335 341 344 347 347 337 33 34 329 354 352 359 38 35 34
316 312 313 318 317 319 329 331 324 327 335 336 332 329 328 333 343 338 326 325 325 323 322 321 322 323 323 320 318 319 321 320 317 314 313 313 311 311 312 313 314 313 312 312 313 315 318 318 315 312 308 302 296 290 287 285 284 283 285 288 323 322 313 320 326 307 311 324 323 319 316 318 321 323 321 318 318 318 325 334 334 335 341 347 351 3 359 355 345 344 353 358 8 32 31 32
313 311 309 312 317 321 328 330 323 323 332 341 334 329 325 329 341 338 327 326 325 323 322 321 322 324 323 320 319 320 322 322 318 312 309 308 307 307 308 310 312 311 310 310 311 313 315 316 314 311 307 300 294 288 282 278 276 275 276 279 315 313 310 313 318 296 300 320 313 313 317 324 327 328 326 322 319 319 325 329 331 339 7 350 351 5 5 36 354 349 44 30 27 28 29 25
313 313 310 309 315 321 326 328 324 322 329 337 335 330 326 327 338 337 329 328 326 324 323 323 323 323 323 321 320 321 323 325 322 314 308 306 307 308 309 311 311 310 310 310 311 313 314 315 312 308 301 293 287 281 274 269 267 267 268 272 277 278 293 295 298 313 320 324 301 308 309 319 325 333 335 327 321 316 320 326 329 339 353 3 347 351 34 32 352 343 339 34 28 26 27 21
315 316 315 312 314 322 325 325 325 323 326 334 335 330 326 327 335 338 332 329 327 325 325 324 324 324 323 321 320 321 323 327 325 316 308 307 310 311 312 312 311 310 309 311 312 315 316 315 310 303 296 288 280 272 266 261 261 264 269 274 279 282 285 289 292 295 301 302 306 311 311 322 322 329 333 334 322 314 316 319 317 322 339 2 356 351 25 31 352 343 331 28 24 22 23 22
314 315 317 315 314 320 324 325 325 324 323 328 333 331 326 325 331 338 333 327 326 326 326 326 326 325 323 320 319 320 323 326 324 316 310 310 313 316 316 315 313 311 311 313 316 319 321 319 313 304 297 291 285 280 277 272 269 269 274 280 285 287 290 293 295 298 300 306 302 302 316 324 318 319 338 339 326 314 313 313 306 306 316 336 348 357 13 23 26 351 338 22 19 20 18 17
312 314 316 314 311 312 315 318 321 323 320 321 328 330 326 323 328 336 331 325 325 326 326 326 327 326 325 322 321 322 324 323 320 314 311 313 317 320 321 320 319 317 318 320 322 326 329 328 322 315 310 306 303 299 295 292 290 286 285 287 290 293 295 296 297 299 299 295 303 279 287 313 312 308 328 336 326 309 304 306 308 312 323 328 331 342 349 15 25 354 344 19 15 14 13 12
309 313 316 313 311 310 310 311 314 319 319 318 323 329 325 322 325 332 329 323 324 325 325 325 326 327 326 324 324 327 327 323 318 312 311 314 320 325 327 326 324 324 325 327 330 334 337 336 331 326 324 322 318 312 308 305 304 301 297 294 296 300 301 302 302 301 298 293 286 283 285 292 295 304 314 327 328 316 306 304 303 301 306 322 330 334 333 334 345 348 348 10 9 9 5 5
305 312 318 315 314 313 313 314 315 318 319 317 320 325 325 323 325 329 327 323 324 326 325 325 326 326 325 324 327 329 327 323 318 313 311 317 323 328 330 329 327 328 329 332 336 339 341 339 333 330 330 331 327 323 320 318 316 312 307 303 304 307 309 308 307 306 303 299 297 295 294 296 297 299 306 315 323 316 312 308 305 333 287 297 324 341 350 340 331 337 344 3 3 5 2 350
302 310 314 319 316 315 316 317 318 319 319 318 319 324 326 325 327 329 327 324 325 327 327 327 327 327 328 329 332 331 327 322 318 314 313 319 326 330 331 329 328 328 331 335 338 341 342 338 327 327 333 332 327 326 328 328 326 324 320 315 314 316 315 311 310 309 307 303 299 296 294 292 291 292 292 299 311 307 306 308 309 308 331 291 327 318 348 354 339 334 348 346 350 357 359 350
298 307 316 316 316 317 316 317 318 319 320 320 321 324 327 327 329 329 327 325 327 329 330 330 330 329 332 338 342 334 328 323 319 316 316 321 328 331 332 329 327 327 330 334 338 341 341 336 331 331 330 328 327 325 328 330 329 330 327 323 322 323 317 311 308 307 304 300 297 295 292 290 288 287 287 288 292 293 294 301 307 319 318 287 352 353 298 347 348 340 349 357 352 351 351 355
297 306 316 319 317 318 316 316 318 319 321 322 324 325 327 328 329 329 328 326 327 329 332 334 332 332 337 343 342 335 329 324 321 319 321 326 331 334 335 333 328 326 328 332 338 342 341 336 332 329 327 325 324 326 329 329 329 330 326 324 324 324 317 309 303 301 298 294 291 289 287 288 289 287 285 285 287 291 292 293 304 321 339 334 332 341 294 315 340 339 340 350 349 348 344 350
293 302 314 320 318 314 311 311 315 317 323 324 325 326 327 328 328 329 329 328 327 329 332 336 336 336 342 345 342 336 329 324 322 321 324 330 335 338 341 342 337 329 329 334 340 344 343 339 334 329 326 323 321 320 325 328 328 325 321 320 321 320 315 307 300 295 294 291 286 282 279 277 278 279 277 278 280 286 302 288 290 304 339 299 321 309 297 303 319 333 334 338 342 345 344 344
288 294 308 320 321 318 304 306 316 322 324 324 325 326 327 328 329 329 330 329 328 329 333 337 339 340 344 346 343 337 331 326 322 323 327 332 336 341 348 351 344 333 332 337 344 347 346 341 334 329 326 321 315 319 322 322 320 316 314 313 313 312 308 302 296 291 287 285 281 277 272 268 270 267 267 269 271 272 306 280 283 294 324 289 319 306 319 329 309 330 335 334 337 336 340 341
286 289 302 317 336 323 313 315 321 325 326 325 326 326 327 328 329 329 330 330 328 329 334 338 340 342 344 346 343 338 332 327 323 324 329 333 336 343 352 356 347 336 335 341 347 350 347 341 334 330 327 323 318 317 319 319 315 309 306 305 303 299 295 291 287 283 279 275 271 268 263 262 261 272 269 273 260 259 305 304 297 300 326 282 291 300 309 318 327 319 329 328 333 331 337 339
288 287 293 316 329 323 312 314 321 325 326 325 323 326 327 328 329 330 330 330 329 329 333 338 340 341 344 345 343 339 334 328 325 324 328 332 335 344 353 354 345 337 339 345 349 351 348 342 338 334 331 327 318 321 322 318 311 305 297 292 290 285 280 275 271 266 263 259 257 256 251 249 249 249 269 269 273 271 289 302 301 301 323 274 284 291 296 306 309 316 321 327 328 331 332 335
