examples/cougarCreek-fire/createInputs/WindNinja/wrfout_d3.2015081012.f15/cougarCreekFire_08-11-2015_0300_217m_non_neutral_stability_ang.asc
ncols	146
nrows	140
xllcorner	610065.000000
yllcorner	5095217.000000
cellsize	216.586807
NODATA_value	-9999.000000
[rows 46 to 91 of 140, columns 0 to 95 of 146]
325 327 336 351 358 358 1 8 10 14 35 55 61 46 27 14 14 22 3 353 342 345 346 360 17 30 36 27 313 290 274 290 294 299 302 320 344 347 340 342 337 325 322 324 331 326 325 290 269 240 226 214 217 228 228 221 232 282 306 319 326 332 335 336 337 332 342 342 333 345 352 354 351 332 329 331 343 322 310 302 304 339 353 10 18 20 24 27 24 17 330 25 39 43 47 51
320 325 337 348 354 357 4 18 31 39 44 47 37 22 15 6 11 10 358 346 340 340 346 5 30 47 51 36 328 288 295 284 277 292 292 302 334 354 352 346 353 343 346 350 341 350 335 293 286 243 216 240 268 262 266 287 312 324 332 340 339 338 338 339 344 348 346 346 351 352 356 343 336 332 331 331 346 347 345 306 295 350 343 10 23 24 23 26 29 30 17 16 42 22 50 53
313 322 337 346 353 3 19 38 45 35 26 23 16 15 13 9 7 360 358 350 342 337 356 29 55 64 57 26 354 296 302 283 268 292 290 303 326 350 353 353 355 359 5 10 347 330 300 292 233 234 311 330 340 341 330 327 331 336 343 354 356 353 351 350 350 354 1 3 350 344 336 323 333 330 321 324 328 346 314 304 296 303 342 356 24 31 28 27 30 31 26 23 4 65 22 25
311 318 333 346 1 23 39 42 31 15 8 6 6 5 5 0 6 12 15 8 346 342 6 28 41 45 36 31 8 328 315 292 285 287 293 310 339 343 347 349 2 349 14 21 17 349 350 322 312 321 332 339 349 355 352 350 348 343 345 352 358 0 360 357 347 345 344 341 327 326 326 336 333 331 331 325 316 310 338 328 296 277 338 326 16 35 34 32 31 30 30 31 54 360 16 20
309 315 330 351 17 32 30 20 11 4 0 0 359 353 355 6 16 22 23 16 357 352 359 10 24 35 40 23 359 333 335 316 298 293 295 315 346 355 346 346 348 344 342 8 33 22 7 358 355 349 350 354 356 360 5 3 349 340 341 343 350 355 1 2 360 358 356 355 353 353 354 353 351 335 336 336 349 344 345 322 355 348 310 294 319 46 42 39 37 36 35 34 35 47 55 54
306 314 333 357 15 18 12 5 1 359 356 355 356 357 358 8 23 29 28 19 7 360 351 356 22 45 43 24 344 328 337 327 304 293 292 314 352 350 349 346 342 338 334 333 359 7 24 39 34 24 17 9 5 12 16 2 341 341 341 340 338 340 351 360 4 5 355 1 338 351 358 348 343 346 349 5 1 356 359 343 13 7 346 309 270 145 103 73 53 45 40 37 35 33 35 42
307 315 337 353 5 7 3 0 357 353 351 353 356 358 3 17 31 34 29 16 7 0 353 360 31 52 39 1 328 324 330 330 308 291 284 301 344 342 341 338 334 333 329 322 322 319 298 243 219 170 58 14 2 5 5 359 351 345 346 347 343 326 342 352 3 12 14 13 6 7 14 9 4 3 7 12 12 10 16 22 336 15 11 21 59 211 265 142 107 66 50 45 43 41 39 41
312 323 353 349 356 1 1 358 354 352 351 354 359 4 21 41 45 37 26 10 4 359 355 9 32 37 6 349 329 314 316 323 305 287 275 289 331 332 333 334 335 336 327 319 312 301 303 311 315 324 305 326 350 344 347 359 9 5 359 1 0 357 355 352 354 5 34 20 13 1 3 9 8 359 346 337 313 304 315 23 22 23 352 324 298 49 83 126 137 116 83 66 60 53 47 44
310 324 344 348 352 0 5 357 351 350 353 359 8 19 40 50 36 20 8 358 360 358 358 16 32 26 8 355 327 308 305 312 298 288 270 278 330 341 342 344 345 349 338 320 299 286 293 298 296 296 309 337 332 336 338 3 23 23 18 14 16 14 7 352 337 342 8 7 344 322 291 291 339 39 349 337 339 13 339 327 313 316 294 29 31 268 42 233 147 137 101 347 73 60 52 45
296 318 336 345 354 4 5 354 348 352 1 9 14 24 35 35 14 356 349 349 355 357 2 21 32 26 12 353 324 308 314 305 291 280 266 269 331 344 347 350 356 359 350 353 333 309 273 276 287 295 298 308 340 326 337 358 22 20 8 348 318 319 293 243 10 344 289 313 248 339 346 356 256 326 4 9 346 320 225 344 262 282 21 23 30 36 39 40 24 15 32 59 64 62 62 53
283 304 311 335 9 15 354 344 345 354 11 20 17 18 29 25 4 342 334 337 347 356 8 27 34 27 15 353 320 309 306 298 277 269 260 255 326 331 332 355 357 2 357 4 347 330 295 282 291 278 300 311 311 324 321 330 348 334 314 307 279 187 9 10 3 3 258 355 350 353 360 332 301 243 359 6 43 6 347 347 296 8 8 16 26 340 30 27 24 22 31 313 40 191 296 54
291 292 300 323 23 2 337 336 350 15 28 36 15 16 21 19 357 333 324 328 339 354 17 37 37 28 18 342 323 310 331 291 271 268 262 257 328 320 309 347 351 351 354 353 0 349 321 312 301 297 292 284 319 316 305 296 289 223 244 228 248 258 354 350 354 3 6 2 1 4 13 26 289 34 1 343 343 344 347 323 314 272 238 266 17 22 21 30 41 41 40 6 346 328 46 3
307 312 351 340 349 340 337 349 13 32 33 22 11 5 2 1 347 330 324 330 342 357 19 34 35 33 24 350 323 315 304 287 283 279 269 258 305 308 308 344 345 345 350 353 350 0 352 344 336 330 318 311 298 303 274 243 199 240 349 359 298 272 230 279 287 300 357 5 13 24 35 97 25 3 347 344 347 352 337 337 7 10 319 272 247 251 292 50 325 54 47 48 49 45 42 15
314 327 348 347 340 332 345 12 27 39 23 16 6 350 343 341 334 332 333 340 346 0 10 23 32 39 29 356 332 2 300 298 296 286 273 262 272 304 315 340 345 345 351 351 355 352 349 342 349 349 348 352 348 352 4 3 348 342 346 356 358 351 345 346 350 353 308 303 318 42 24 5 350 346 346 350 354 359 344 349 348 12 347 344 338 10 302 281 294 320 48 57 346 3 47 8
313 330 353 344 332 339 2 25 40 19 14 9 357 344 339 334 331 333 340 348 350 3 4 18 32 39 32 13 357 336 321 308 299 300 279 268 263 295 313 325 334 340 343 344 345 351 353 3 0 1 335 350 359 360 3 5 2 354 350 352 353 348 345 346 351 328 343 6 357 354 349 346 347 349 351 356 342 343 6 12 16 355 354 352 344 342 329 330 324 324 333 344 57 1 355 17
313 347 353 336 331 348 11 33 13 6 2 357 348 342 338 333 333 334 342 350 352 357 1 13 26 35 31 18 360 339 323 308 298 290 283 272 262 270 312 317 324 329 337 338 338 342 341 341 358 340 336 334 334 338 360 1 1 0 0 1 1 358 353 350 348 356 2 357 347 342 342 346 352 355 342 343 1 6 11 18 23 26 28 30 31 33 360 356 346 333 320 328 58 355 55 53
334 347 359 335 330 354 6 2 356 353 350 345 342 340 333 335 335 338 342 347 356 357 1 7 19 28 28 21 4 343 325 309 298 291 285 277 268 285 305 314 320 320 332 340 336 340 339 333 333 331 328 328 337 358 355 355 357 3 6 6 5 4 1 358 355 351 351 354 354 351 350 352 355 357 344 1 6 14 19 23 28 34 38 41 8 1 358 355 344 337 332 314 305 318 334 352
3 7 6 352 343 349 352 347 344 343 342 342 340 337 333 337 338 342 344 343 345 355 0 3 12 21 27 24 9 346 327 312 303 295 288 282 289 271 305 309 311 306 315 332 333 338 342 340 337 330 327 330 333 354 352 352 355 2 5 5 4 5 5 4 2 357 354 354 359 1 359 358 359 1 350 7 15 24 29 32 35 43 50 10 6 355 343 345 346 332 328 307 275 318 289 339
11 11 9 5 358 348 344 342 338 338 340 340 342 340 339 341 343 346 346 341 339 353 358 357 4 15 26 27 13 345 325 314 305 296 288 284 296 290 299 305 306 297 298 320 329 330 337 341 342 337 328 323 326 335 350 349 353 360 3 2 0 1 5 7 6 3 360 359 2 6 6 4 5 8 12 17 25 35 358 344 336 348 2 12 17 15 2 350 341 326 328 328 323 330 319 335
7 7 7 6 0 348 342 338 337 335 336 338 340 343 342 343 347 347 357 344 341 359 343 356 357 11 26 31 12 339 321 312 305 296 288 285 305 297 302 303 302 294 291 305 319 321 332 334 335 342 329 335 328 337 348 346 351 358 3 1 356 357 3 9 9 7 4 3 4 7 11 11 11 13 19 26 30 32 34 36 41 52 323 332 295 282 296 291 287 300 294 249 109 295 359 30
2 2 2 1 352 344 340 336 336 337 336 336 341 345 346 345 348 351 2 350 347 341 342 349 353 5 28 27 357 332 319 311 304 295 287 290 309 298 304 276 294 289 268 289 305 314 324 326 329 325 335 329 333 343 342 344 350 359 3 359 355 355 360 6 9 9 8 7 6 6 11 358 356 12 20 7 26 22 25 32 38 46 62 84 115 79 82 84 180 233 159 55 3 321 327 27
357 357 355 347 343 341 338 338 342 341 339 340 342 347 349 348 336 354 6 354 360 343 339 349 350 20 23 12 340 322 313 304 296 295 291 306 311 303 308 273 294 291 263 268 286 301 311 316 315 328 327 323 331 330 333 335 345 356 1 0 358 357 359 4 10 11 9 8 8 9 354 353 353 12 19 26 27 29 37 48 57 21 11 336 14 26 33 62 200 147 66 271 324 48 38 31
348 348 347 338 337 339 341 343 344 344 342 343 345 347 349 351 353 0 360 353 360 354 346 353 1 2 12 353 324 309 299 290 286 283 317 314 316 308 309 274 292 266 260 266 279 294 301 310 311 320 320 315 323 326 323 328 332 345 357 4 4 0 359 351 7 10 7 4 8 15 16 13 348 15 347 30 44 56 31 38 59 75 77 125 161 307 331 41 82 81 79 220 250 274 274 18
340 339 337 329 333 337 340 343 345 347 347 347 347 347 347 350 353 7 358 350 357 355 355 356 4 2 359 336 316 303 291 286 288 295 323 321 316 306 311 272 268 258 278 263 270 283 295 302 304 306 311 315 321 326 324 310 326 327 347 7 12 6 359 358 2 4 3 360 4 14 18 17 353 19 25 351 22 37 65 65 60 54 55 66 79 86 84 73 61 66 85 88 74 253 19 14
339 336 329 322 329 334 338 342 344 347 350 352 351 348 345 347 353 10 3 351 353 357 2 0 351 356 347 331 321 312 298 292 293 302 328 324 316 314 315 267 255 260 262 260 259 267 295 298 297 300 305 307 317 324 319 324 302 329 328 1 15 14 5 359 360 1 357 330 354 5 16 22 358 358 358 1 6 27 51 34 46 41 41 44 47 45 39 28 25 29 33 25 16 5 360 301
342 334 325 325 329 333 338 341 343 346 350 353 355 351 343 346 354 12 5 354 350 0 7 345 348 348 338 330 327 318 303 295 302 294 330 285 282 279 327 256 258 263 264 258 254 259 271 287 294 295 295 301 311 318 315 305 308 289 301 338 15 19 14 8 5 4 357 346 323 353 12 29 356 352 350 358 11 15 22 20 45 40 6 34 34 29 22 21 23 27 27 23 16 11 5 6
340 330 324 327 332 337 339 340 341 345 348 351 354 352 347 349 356 15 3 356 354 7 343 343 345 340 331 331 332 318 304 297 294 335 338 325 316 284 340 266 265 267 265 259 255 253 272 269 281 282 280 290 304 311 299 297 297 291 306 286 7 23 22 18 12 9 7 0 353 355 342 356 353 351 347 42 17 22 25 23 24 7 359 30 35 34 31 32 34 36 36 33 1 21 16 16
330 326 324 328 334 340 342 342 342 344 346 347 348 349 350 354 347 15 8 358 360 344 340 340 341 335 330 333 333 319 308 301 299 346 292 289 290 297 349 290 278 275 272 266 258 249 249 289 290 292 275 282 297 277 304 292 291 285 277 269 295 29 33 29 20 14 12 10 4 4 339 348 356 360 354 355 16 19 22 28 28 5 351 36 50 52 49 49 51 52 52 48 41 33 352 337
321 322 323 327 333 339 343 343 344 345 344 341 340 343 350 356 359 24 13 355 9 340 336 336 336 333 334 338 332 320 311 306 305 303 300 300 301 308 321 308 290 283 283 279 264 253 247 246 295 288 285 287 289 297 263 295 282 267 252 313 249 322 45 38 31 20 14 344 341 348 3 360 4 6 1 0 15 18 21 54 25 12 340 329 59 63 58 3 350 65 67 62 53 45 352 36
317 320 323 327 333 338 342 344 346 348 344 337 334 338 345 354 349 354 350 1 344 338 332 331 330 332 337 339 332 320 312 312 314 308 303 302 304 333 324 317 298 289 287 283 270 257 248 245 287 276 286 288 287 282 248 286 296 280 264 287 235 238 32 47 42 30 22 24 327 335 359 6 5 6 10 8 11 20 19 21 23 9 347 333 337 57 62 22 4 317 74 75 66 55 6 0
319 321 324 328 333 337 341 343 348 351 348 340 336 340 344 351 7 351 6 4 342 336 331 327 326 330 335 336 334 323 314 315 318 312 307 305 306 310 317 315 302 291 285 280 270 258 251 246 246 291 292 285 295 272 275 277 283 277 259 262 306 233 236 94 62 50 44 338 45 316 343 360 4 3 15 27 10 21 22 7 357 7 43 41 342 52 19 16 12 61 66 318 73 64 55 2
322 323 325 330 335 338 339 342 347 345 348 345 343 343 346 352 16 348 9 344 340 334 330 326 338 330 332 333 335 328 318 339 318 312 307 304 305 339 304 299 293 287 282 281 277 266 256 246 238 288 288 288 292 270 270 269 280 254 218 217 297 234 241 221 132 334 336 333 307 298 319 346 2 359 16 62 25 17 58 21 2 9 360 355 347 51 18 16 8 5 58 63 321 68 65 55
324 325 328 332 337 338 338 340 343 340 341 346 348 346 349 356 19 346 343 340 336 331 328 327 329 332 331 331 332 329 322 321 319 311 304 301 299 338 293 286 283 281 279 278 279 273 260 244 233 288 284 285 297 263 260 263 274 284 273 215 260 306 236 222 167 327 137 314 128 125 114 302 330 341 12 63 64 62 58 350 6 44 10 359 350 52 61 18 13 12 3 57 63 317 18 67
326 328 331 335 338 339 337 337 338 338 339 344 348 346 350 357 352 344 341 337 332 329 327 327 331 332 330 327 325 325 321 316 313 306 300 297 294 339 289 284 279 275 272 270 268 266 255 239 233 233 287 278 292 267 230 232 227 284 281 222 220 264 302 330 187 149 127 118 109 101 90 87 88 318 355 17 65 60 57 51 350 51 24 15 356 59 68 68 64 61 62 12 4 13 310 10
328 330 333 336 340 340 337 336 335 336 338 343 343 344 352 13 349 344 339 335 331 329 327 329 332 331 331 326 319 317 315 308 302 298 297 298 296 341 286 282 276 269 265 291 261 256 299 237 235 234 280 251 292 226 240 243 234 226 289 234 223 217 216 290 216 184 128 105 100 100 94 86 85 88 311 335 63 63 29 63 322 360 72 28 3 359 75 75 71 70 30 33 28 10 76 89
330 332 335 339 341 340 339 338 337 337 339 341 339 342 352 351 346 342 337 333 332 330 329 333 334 333 332 325 317 313 309 305 302 299 297 297 295 286 279 273 268 297 262 260 257 253 248 243 242 239 235 225 312 239 252 251 239 229 237 237 224 214 211 213 318 225 157 117 110 106 109 319 88 81 74 66 74 79 75 72 77 319 87 82 25 3 3 16 35 81 23 20 35 22 72 78
333 334 337 340 341 340 339 338 338 339 341 339 336 341 349 347 343 339 334 333 331 330 331 334 335 335 332 324 317 314 311 306 303 300 296 290 284 275 268 263 260 296 288 260 255 286 244 242 246 246 236 220 227 250 253 246 236 227 226 227 301 219 216 215 225 229 190 326 122 327 119 118 2 75 70 80 330 98 17 79 76 90 339 103 92 34 10 35 357 42 41 24 42 44 12 71
335 337 339 341 341 339 339 339 339 340 340 337 335 341 355 343 339 336 333 332 330 330 334 336 336 335 331 325 319 315 313 306 298 293 290 286 279 271 264 256 255 260 291 259 252 277 323 239 243 241 230 302 238 248 242 234 231 274 284 225 229 297 228 230 228 278 195 352 130 116 114 124 357 12 330 91 314 360 5 96 85 88 303 356 49 53 43 19 50 9 34 17 11 40 43 74
337 339 341 342 341 341 340 340 341 342 338 333 335 343 344 340 336 334 333 332 329 331 336 338 337 332 328 324 319 315 312 304 293 283 324 342 282 274 265 259 261 266 265 289 290 279 238 239 239 278 232 238 247 241 230 225 225 224 223 229 232 293 233 299 218 192 315 342 335 123 106 109 319 1 339 330 326 338 348 127 341 105 99 293 359 52 52 49 47 30 30 54 88 63 18 90
338 340 343 343 342 342 341 341 342 342 336 330 333 341 343 339 336 333 332 332 331 332 336 338 335 329 322 320 316 311 305 294 287 281 333 281 288 287 278 274 276 273 263 250 288 283 234 234 235 236 237 283 234 226 223 221 221 223 225 229 230 291 236 231 300 295 296 318 339 329 329 106 278 319 332 332 340 344 307 260 284 345 5 38 53 25 40 27 47 52 33 28 32 68 90 100
338 341 343 343 343 343 343 342 342 340 334 330 332 354 340 339 336 333 332 330 331 335 339 339 352 327 320 316 313 309 303 2 290 287 347 284 287 292 295 290 281 267 247 299 281 281 274 228 232 233 230 283 284 219 221 221 221 267 225 225 224 224 230 228 298 308 302 308 326 337 158 311 302 310 326 333 345 8 1 110 120 249 323 358 36 13 35 97 94 50 28 73 82 77 74 75
337 341 343 343 344 344 344 344 343 339 333 330 333 351 337 338 335 333 332 330 332 337 340 340 335 327 318 312 310 311 311 306 301 297 293 288 285 285 286 282 268 248 231 230 294 281 264 224 257 256 280 287 221 223 223 223 222 222 224 263 273 266 222 222 301 210 308 303 315 330 356 345 332 114 120 315 309 333 358 336 244 118 272 333 49 53 47 55 86 84 81 77 72 67 65 60
337 340 342 344 345 344 344 344 342 339 334 332 334 335 334 335 333 333 333 331 334 340 341 356 332 325 318 313 313 315 316 312 308 303 297 288 280 271 258 250 244 233 225 292 228 276 263 218 253 219 221 223 225 224 225 224 222 222 222 265 265 262 265 218 290 299 299 298 305 314 334 343 335 313 107 98 98 101 106 319 301 283 282 320 40 3 30 90 84 77 73 71 67 63 60 58
337 339 340 343 344 344 342 341 340 338 334 333 335 337 335 333 330 331 332 332 337 343 345 4 332 325 321 318 318 319 318 317 313 307 299 288 273 256 242 237 232 229 227 287 226 220 273 213 215 218 221 280 223 223 224 225 258 255 274 268 288 264 267 275 283 274 289 291 293 300 310 341 1 359 342 317 335 350 92 253 280 270 101 96 281 88 84 84 81 76 71 68 64 62 61 62
339 339 340 342 343 343 341 338 337 335 334 333 337 340 338 333 329 329 331 333 339 345 346 342 334 326 321 321 322 322 321 320 320 317 311 299 276 254 240 236 237 272 234 228 263 263 267 171 212 215 219 261 225 225 226 264 226 226 225 224 280 223 221 282 288 286 284 288 284 286 299 328 170 156 124 355 359 9 338 94 88 79 75 76 74 74 78 80 79 76 71 68 66 65 66 67
341 341 341 342 342 342 341 337 335 333 331 332 337 341 338 334 331 330 331 333 340 344 2 339 334 326 323 323 324 323 322 322 323 322 318 306 284 260 244 247 252 250 239 230 225 282 225 214 216 220 225 229 259 229 230 230 263 228 273 226 285 264 284 264 296 220 294 272 272 271 274 302 181 178 5 2 358 12 13 327 325 351 340 70 71 75 78 81 80 81 77 74 71 71 71 71
