examples/cougarCreek-fire/createInputs/WindNinja/wrfout_d3.2015081212.f17/cougarCreekFire_08-13-2015_0500_217m_non_neutral_stability_ang.asc
ncols	146
nrows	140
xllcorner	610065.000000
yllcorner	5095217.000000
cellsize	216.586807
NODATA_value	-9999.000000
[rows 43 to 85 of 140, columns 0 to 95 of 146]
308 306 345 305 309 317 356 350 355 3 355 347 340 343 347 356 6 18 26 26 9 347 344 357 18 24 19 17 25 22 14 0 354 340 329 303 279 267 265 255 255 265 265 259 250 255 262 265 272 285 285 285 301 305 302 303 297 297 264 236 227 206 195 201 193 177 178 175 100 165 119 126 113 80 81 180 190 202 272 165 157 170 184 140 103 93 80 72 76 102 133 228 205 145 133 127
310 309 308 336 332 339 351 350 354 348 341 334 341 355 353 4 359 8 20 13 1 347 352 2 11 11 10 17 29 20 10 358 349 336 334 340 311 291 281 268 251 247 244 242 247 261 270 281 287 281 269 272 281 280 270 249 220 207 199 207 211 195 188 220 178 144 138 143 147 144 144 148 146 139 137 135 114 106 200 47 164 166 198 182 117 104 98 86 76 82 110 171 334 112 350 322
343 336 332 335 333 343 342 349 347 332 310 338 1 10 5 3 359 22 34 22 2 352 352 355 3 4 10 26 34 23 8 359 352 335 322 318 326 348 335 289 250 276 294 299 305 279 274 274 286 293 276 241 228 223 215 202 189 184 190 179 174 181 171 155 155 156 191 190 160 184 212 197 199 204 204 197 149 181 188 220 86 174 188 193 146 118 109 97 84 73 96 136 198 86 345 93
303 304 305 330 335 340 336 339 333 308 339 359 18 8 4 4 15 46 32 17 354 345 342 344 357 3 20 40 40 26 9 1 351 334 313 306 322 331 329 342 343 330 329 329 333 297 288 265 260 231 215 217 232 231 225 211 172 200 159 141 144 156 163 162 159 188 163 161 196 166 170 172 171 215 210 212 170 207 191 201 246 170 171 184 162 131 119 109 93 81 331 119 155 102 95 98
299 302 305 336 338 336 314 335 336 335 359 15 23 20 27 46 316 316 15 0 346 334 334 343 2 12 33 45 40 30 17 7 352 332 306 292 312 335 340 340 4 352 359 358 322 321 282 250 226 242 268 273 188 131 131 142 126 148 163 167 183 184 189 188 165 165 199 202 171 175 179 225 220 214 215 225 173 171 156 199 218 151 161 170 166 144 131 120 113 103 89 91 116 8 107 104
294 298 312 329 315 315 304 344 353 355 17 20 25 36 28 311 320 323 4 354 343 332 337 358 10 24 42 43 43 41 25 12 349 336 301 286 302 335 340 352 3 15 23 26 332 298 254 216 213 221 235 83 122 129 121 131 148 157 167 174 171 165 161 159 163 170 180 186 232 231 230 241 224 223 237 233 244 171 235 204 205 245 143 149 155 156 145 134 128 120 107 95 12 112 4 5
295 298 304 306 312 333 349 7 5 11 17 23 28 8 309 356 354 353 346 353 343 336 348 4 4 22 31 36 46 18 18 359 347 337 311 295 300 324 326 342 18 353 39 43 40 325 3 317 338 351 36 58 60 82 98 115 201 219 172 158 163 168 166 161 212 232 245 246 254 250 240 216 216 209 205 220 232 229 156 174 203 217 128 122 128 148 154 148 139 131 123 116 111 3 9 5
295 297 299 308 341 3 6 8 9 15 36 42 26 9 347 342 343 341 346 355 347 341 345 346 356 11 25 37 22 359 8 352 341 338 321 301 291 313 320 330 339 335 338 1 45 46 35 42 35 32 29 38 51 56 67 90 164 270 283 289 113 126 155 162 157 151 159 157 146 152 159 157 154 199 207 203 152 147 149 202 148 145 128 110 105 116 138 144 147 143 138 133 124 114 103 95
292 294 305 340 2 1 2 8 10 26 21 326 13 356 304 339 339 341 350 355 347 347 343 334 356 20 44 53 7 349 3 348 337 338 322 296 289 307 316 324 322 318 322 323 346 3 111 107 93 69 51 52 61 65 68 84 101 80 303 304 306 341 132 153 156 151 227 155 247 216 177 216 201 189 222 163 157 151 154 228 151 144 129 118 260 97 103 116 138 146 144 140 134 123 113 103
291 294 316 349 352 357 4 7 9 22 21 359 347 343 336 336 340 345 348 348 344 352 348 312 5 46 42 4 346 357 356 345 337 337 314 290 293 302 307 314 313 313 310 305 311 306 304 231 178 151 123 98 81 75 85 81 75 28 3 334 295 289 356 135 140 147 163 167 205 202 156 153 155 164 167 161 160 155 154 156 233 146 141 132 116 180 281 102 118 130 132 133 136 132 121 111
297 310 340 351 354 355 359 0 9 14 357 321 340 343 347 344 343 354 344 340 336 345 341 339 24 28 3 2 356 348 347 358 337 336 301 290 290 290 292 303 318 321 305 293 299 301 305 315 319 319 163 126 115 119 110 91 70 42 9 2 6 15 37 50 40 24 106 345 310 325 15 23 353 328 314 312 283 238 264 141 143 145 243 214 196 118 108 111 110 101 98 107 121 127 123 113
300 315 343 343 345 348 4 6 8 5 324 324 348 0 8 357 352 360 347 338 333 338 344 348 9 9 357 353 356 347 343 2 336 335 300 295 309 305 303 321 332 335 327 297 273 280 290 290 285 287 324 36 105 116 116 95 70 47 34 30 20 8 38 33 17 12 15 2 340 329 303 313 343 265 326 296 254 131 331 321 284 264 231 147 141 199 117 208 106 98 103 357 108 118 121 117
291 309 338 338 330 349 9 1 349 347 328 335 1 8 11 355 351 347 330 327 325 329 336 349 1 355 355 4 2 346 344 350 332 330 306 293 318 302 307 318 336 348 340 15 353 328 260 267 282 298 300 321 42 90 92 83 67 56 46 39 19 344 302 208 73 76 285 324 236 74 82 76 238 319 147 138 358 304 193 116 178 210 134 145 139 130 129 122 111 108 112 116 115 105 109 111
282 300 331 335 339 12 14 346 327 337 333 4 348 5 14 2 346 341 323 319 320 321 332 348 358 358 15 21 357 339 343 358 330 324 300 286 320 299 295 305 320 343 338 27 9 7 33 2 345 260 307 339 340 58 60 20 7 345 325 330 343 115 80 84 86 91 178 98 85 87 94 211 245 218 79 90 102 109 115 125 200 123 125 136 137 230 134 130 126 131 128 204 113 181 228 95
290 299 332 347 12 25 321 328 327 339 7 27 357 4 21 3 359 341 305 311 319 318 331 350 354 359 20 358 344 338 351 354 290 281 273 275 321 299 282 306 311 320 334 333 322 22 28 42 84 118 133 260 22 359 16 320 301 168 170 143 132 149 78 83 92 97 97 99 105 114 120 110 206 74 76 92 103 112 123 182 188 183 186 210 125 127 129 129 131 143 141 199 219 207 106 183
303 305 350 330 310 309 336 319 325 7 53 31 354 38 60 274 276 284 285 292 325 326 350 354 352 8 22 350 335 341 351 292 295 290 283 279 312 298 259 312 304 304 321 335 336 22 24 30 41 70 112 136 204 307 258 155 120 122 74 75 113 135 131 136 150 170 111 115 121 129 111 156 88 91 102 114 121 126 179 186 139 131 175 177 178 182 213 119 283 134 141 131 124 122 117 152
308 315 344 316 317 347 307 329 359 42 55 29 63 193 251 284 294 296 296 291 328 327 331 342 347 21 0 342 336 352 287 291 331 321 312 275 294 302 296 296 306 308 312 328 345 349 351 345 13 25 41 64 80 88 85 72 68 85 103 100 84 77 82 93 99 106 184 203 196 175 92 95 104 112 118 123 128 133 187 179 186 135 183 179 171 119 178 195 212 235 136 133 258 220 124 194
309 319 14 7 360 309 304 358 45 59 71 152 222 275 301 304 304 303 305 302 332 329 331 336 4 9 350 342 348 344 288 327 330 321 319 296 269 298 300 299 294 305 309 315 327 340 352 37 34 40 324 3 46 58 60 59 64 77 92 103 102 98 101 106 111 168 154 91 85 94 103 112 118 123 125 127 186 189 132 134 135 199 200 206 208 202 211 205 216 236 246 290 130 219 271 162
310 338 14 353 348 299 297 38 58 87 93 304 316 318 316 312 310 310 313 312 337 330 337 342 5 360 355 349 337 330 328 331 329 317 315 307 266 296 303 297 293 296 303 304 309 323 331 337 56 340 330 323 320 327 39 46 53 58 64 70 78 91 107 117 118 114 105 92 90 98 108 116 123 126 177 179 127 127 129 133 135 133 134 135 136 137 225 227 235 238 235 243 125 308 125 127
337 8 23 352 356 0 358 75 104 132 324 322 324 322 318 315 314 317 320 331 343 333 331 341 356 359 353 348 336 330 327 332 282 320 307 309 301 296 304 294 293 290 300 308 304 316 320 317 325 320 317 317 334 33 33 44 53 60 61 60 60 66 78 95 102 96 90 90 94 100 110 118 120 119 172 123 128 125 120 119 122 123 123 125 259 253 255 257 250 247 243 238 241 236 244 308
30 29 18 28 41 54 125 150 297 320 325 326 324 321 318 317 319 323 326 338 340 337 333 342 354 359 360 346 330 330 332 289 288 316 300 310 309 302 303 296 289 284 292 304 302 310 321 325 328 319 317 326 331 35 36 51 62 66 66 65 65 67 69 72 75 80 87 92 95 99 103 111 114 114 169 119 125 123 115 110 111 114 116 303 270 247 250 259 250 248 243 231 208 194 206 184
24 34 36 352 226 194 293 326 325 327 329 330 327 323 321 320 323 327 335 340 333 344 339 345 351 357 3 343 324 327 314 327 311 318 306 313 318 304 302 298 292 279 273 296 300 298 312 320 314 332 317 311 317 330 39 55 65 68 69 70 73 77 77 75 75 80 91 98 102 100 98 101 109 112 111 113 120 120 232 240 291 328 314 319 334 323 293 283 270 252 244 243 230 230 238 213
1 40 33 23 346 338 332 329 327 327 329 329 327 324 321 320 325 332 356 337 326 358 342 343 353 3 13 288 324 318 315 321 320 315 308 314 318 309 311 301 291 279 268 284 293 294 302 304 283 313 315 306 318 335 35 52 66 69 72 74 79 84 84 81 80 82 87 93 98 98 94 90 97 105 104 103 110 114 115 112 105 105 214 226 232 248 258 262 258 249 253 213 172 195 173 119
44 40 33 349 343 338 334 330 329 328 327 325 322 321 319 317 323 338 360 344 340 6 328 335 355 10 308 288 286 290 311 312 317 315 311 314 317 311 314 257 285 282 261 268 282 288 295 294 303 243 292 310 322 355 27 43 62 68 71 76 81 86 87 85 83 82 82 86 89 90 89 36 23 97 99 177 99 105 111 114 121 123 116 198 183 115 112 110 197 223 176 109 163 195 240 124
42 32 12 344 338 336 334 333 332 331 338 325 322 321 320 320 321 343 360 350 360 324 325 337 355 13 310 288 321 322 314 313 314 318 319 317 317 308 319 256 295 286 243 235 251 273 282 286 274 267 258 289 310 313 235 33 55 65 69 73 79 85 89 91 90 86 83 85 88 88 59 41 31 94 99 102 102 101 104 112 124 293 266 259 270 263 228 211 215 173 109 211 236 119 120 125
31 22 348 339 334 335 344 334 334 333 330 327 325 323 322 324 325 357 356 349 1 350 338 345 352 354 296 288 315 318 316 304 314 322 322 319 326 317 322 264 301 252 239 238 236 235 254 272 267 287 276 269 285 287 294 307 85 70 71 72 78 86 93 58 96 92 86 83 88 87 83 81 36 86 347 99 103 97 341 307 249 108 109 189 229 263 265 246 106 105 112 183 189 227 232 115
28 18 357 330 329 332 334 334 334 333 332 330 326 324 326 325 327 7 353 344 356 353 351 351 360 359 287 292 323 320 321 313 306 319 326 328 327 314 325 272 266 247 276 241 234 230 250 267 264 266 268 270 280 288 250 267 307 131 83 75 75 83 92 97 98 94 90 89 93 89 82 79 40 83 87 343 39 64 90 95 100 105 109 108 110 110 103 96 92 100 110 110 111 186 118 115
30 18 330 323 324 328 331 332 332 342 333 333 330 326 322 327 329 12 355 345 349 355 3 359 21 345 293 303 326 327 324 311 306 315 326 327 321 321 326 274 254 254 249 241 233 229 268 265 262 249 247 266 278 282 272 228 240 14 114 80 72 72 77 86 92 96 98 346 107 102 93 88 43 34 25 11 354 56 91 161 98 106 114 116 115 115 113 113 113 115 116 113 117 126 129 203
360 345 327 337 322 325 329 342 342 341 343 344 342 334 322 331 335 14 357 350 346 360 12 2 6 339 313 325 326 329 326 315 308 320 324 323 318 320 328 254 278 315 245 297 234 231 229 264 268 267 252 247 273 283 286 252 226 237 178 104 79 72 70 72 78 85 91 99 352 112 107 99 51 33 9 7 19 16 38 35 101 108 284 121 120 117 118 125 127 126 125 122 126 133 137 135
352 337 326 340 324 326 329 344 342 341 346 346 335 331 327 338 341 17 360 352 351 11 19 6 4 310 325 333 333 332 327 314 308 333 333 326 316 320 330 255 280 316 244 242 238 232 268 233 250 245 246 247 275 256 259 269 229 193 278 167 108 85 77 73 73 75 78 84 93 102 67 70 63 83 38 96 38 45 44 47 91 156 329 120 120 114 109 116 121 122 126 124 245 138 142 139
336 330 343 339 325 327 330 344 340 341 345 346 332 330 330 345 344 18 7 352 359 24 11 0 0 311 347 345 322 335 325 312 310 341 296 324 310 306 333 256 284 318 247 246 281 232 230 279 276 278 247 252 276 217 275 242 237 188 186 182 152 109 91 83 80 80 82 86 92 99 103 96 80 73 25 353 35 35 38 55 91 168 291 114 118 110 97 93 103 113 117 118 113 116 246 233
348 345 340 338 324 326 341 342 340 342 344 345 342 324 328 346 344 31 15 351 13 2 8 10 323 315 345 340 326 332 320 312 324 309 302 326 314 311 336 260 256 308 318 244 239 233 229 270 286 273 274 272 272 266 223 277 247 185 182 215 169 139 109 94 89 89 93 53 58 60 84 69 57 42 12 359 31 35 41 103 58 79 284 297 115 114 101 293 296 110 114 111 109 104 256 133
334 341 353 336 335 338 342 341 342 347 349 323 338 320 326 343 347 24 3 356 19 360 4 1 322 360 353 356 348 339 323 318 339 304 335 321 313 326 333 291 258 309 310 240 238 296 232 231 284 264 281 279 276 261 226 265 289 269 242 276 180 162 129 107 95 92 95 101 87 39 63 64 49 26 21 10 18 39 43 48 46 13 224 251 291 119 113 352 260 270 108 109 115 114 265 228
338 348 338 334 334 340 346 343 346 335 331 325 324 338 329 344 7 28 6 3 17 356 2 322 1 357 360 355 343 344 330 326 323 315 323 299 317 331 334 294 287 310 314 272 239 239 277 253 279 286 287 284 289 259 263 264 280 273 248 250 231 174 148 121 105 99 99 63 101 5 16 28 24 11 22 41 14 43 45 20 339 341 96 100 284 120 324 331 290 103 103 281 110 118 114 259
335 345 337 334 337 346 350 344 357 336 334 330 331 334 335 350 18 23 10 13 15 4 354 353 343 359 359 356 351 351 335 331 324 336 324 300 316 337 337 291 321 317 318 279 242 242 296 233 272 288 286 287 290 264 264 263 277 251 198 192 297 188 167 132 117 67 66 65 53 355 344 3 15 4 22 109 42 30 108 64 6 20 326 299 303 123 325 266 285 255 108 106 264 109 121 120
344 346 337 335 341 349 353 344 352 333 331 331 335 333 339 354 24 24 18 17 359 325 348 324 327 359 358 356 354 354 322 325 335 330 325 271 316 337 310 282 308 313 318 284 286 242 270 284 269 290 285 288 297 260 257 260 273 287 275 237 254 327 191 145 120 56 105 46 88 77 74 329 344 349 21 111 106 104 106 357 23 104 359 326 316 106 118 332 319 325 292 110 108 254 359 126
341 347 339 336 341 359 350 343 354 328 343 327 346 332 341 338 27 337 20 329 326 323 346 325 330 0 360 359 352 352 342 322 331 334 324 300 270 339 313 287 304 309 311 285 242 315 277 262 280 273 289 285 294 265 229 230 223 285 285 248 199 265 314 18 130 108 99 92 83 74 67 70 77 335 7 29 110 103 102 103 351 100 20 357 329 84 104 106 106 106 108 318 277 233 267 337
346 347 339 335 344 352 344 352 351 347 325 355 326 330 345 13 342 338 333 329 326 358 323 327 332 1 3 3 351 347 345 331 336 342 321 306 307 343 305 301 322 312 303 312 278 274 287 231 237 241 288 276 295 227 241 244 235 224 304 225 207 196 194 294 164 115 95 86 82 77 72 73 75 80 327 344 110 108 57 98 314 355 98 15 332 336 94 99 101 102 4 14 349 276 113 124
346 345 339 322 351 353 350 344 346 349 330 329 324 331 346 21 339 337 332 328 355 337 324 331 335 356 11 357 344 337 347 342 342 339 325 321 332 327 307 317 324 293 312 299 303 314 287 234 241 243 239 276 314 244 257 258 245 232 238 235 210 191 187 186 331 137 98 87 81 78 79 359 77 75 77 83 98 106 100 92 85 321 91 98 6 324 333 353 19 106 342 340 10 288 108 110
347 346 340 335 358 351 351 326 340 340 332 330 324 331 343 15 337 334 329 358 351 324 326 334 338 3 11 313 344 332 349 333 341 333 333 320 341 324 302 319 318 294 285 300 290 311 279 235 242 281 257 222 242 263 264 257 245 232 229 225 311 205 191 174 196 175 108 354 83 10 82 81 20 76 76 83 341 99 20 86 78 78 340 107 105 16 335 332 322 26 17 333 26 35 308 111
348 347 341 342 350 349 348 325 340 341 331 328 326 334 353 336 334 332 328 354 346 323 329 337 342 13 10 360 348 326 351 335 332 339 344 340 344 329 331 323 293 312 315 306 304 300 319 237 242 284 285 300 256 264 255 244 241 290 297 228 229 311 232 293 58 292 119 24 85 79 80 82 16 35 7 85 335 6 7 85 77 79 307 350 38 43 29 348 359 318 1 333 331 20 35 112
351 346 344 351 348 350 325 325 344 345 330 326 337 337 339 335 332 331 358 348 322 324 332 339 343 13 11 4 350 324 347 331 324 342 351 355 357 338 344 249 259 260 293 314 308 304 314 240 242 272 293 247 258 251 237 233 237 237 236 239 239 309 241 321 153 131 356 15 9 81 77 80 346 21 0 348 343 346 353 90 344 89 88 299 347 37 35 34 30 355 335 352 98 338 348 109
350 348 347 348 346 348 350 344 348 331 329 325 327 342 2 335 359 1 352 343 323 327 333 338 347 14 11 4 355 325 337 345 331 333 351 351 350 342 1 274 274 271 259 310 309 309 288 283 242 242 289 284 249 238 232 232 291 238 240 242 241 304 242 232 312 310 322 351 12 1 6 80 317 354 349 350 348 347 330 301 309 345 355 359 355 2 13 355 26 36 1 340 345 271 99 111
