examples/cougarCreek-fire/createInputs/WindNinja/wrfout_d3.2015081212.f17/cougarCreekFire_08-13-2015_0500_217m_non_neutral_stability_ang.asc
ncols	146
nrows	140
xllcorner	610065.000000
yllcorner	5095217.000000
cellsize	216.586807
NODATA_value	-9999.000000
[rows 86 to 128 of 140, columns 0 to 95 of 146]
344 349 348 346 347 349 351 349 350 330 327 324 327 351 1 0 356 352 326 323 323 329 336 339 358 13 13 4 358 339 340 357 338 312 348 346 349 356 285 282 274 261 245 320 327 309 313 240 243 243 288 285 288 235 235 234 235 284 239 238 238 239 241 233 312 319 323 335 353 3 90 335 328 341 345 343 346 358 340 73 76 285 329 347 359 351 4 102 101 312 349 71 91 89 92 100
345 349 349 347 347 347 329 330 330 330 326 324 329 349 354 360 356 339 326 323 325 331 337 351 5 14 14 7 2 355 359 347 333 291 331 348 345 352 350 272 263 247 231 330 308 312 319 240 278 272 284 286 259 236 237 237 236 236 238 280 289 289 237 235 314 211 327 328 341 358 17 16 2 70 66 334 326 333 348 335 297 77 311 334 0 17 29 42 96 92 88 85 87 92 96 100
347 349 345 346 349 348 346 349 331 330 326 324 330 337 353 358 354 327 326 323 327 334 339 357 13 20 21 13 6 4 6 355 338 295 316 348 342 345 255 254 246 232 224 333 287 303 309 304 274 235 274 285 233 290 268 238 267 266 235 278 281 282 284 229 304 309 314 316 326 337 357 5 352 327 56 47 51 56 62 327 325 317 315 327 12 341 1 94 94 90 87 89 94 99 102 103
351 349 348 346 349 344 346 349 329 329 325 335 330 334 353 359 352 324 324 322 327 335 343 8 27 327 323 352 360 3 315 353 342 303 303 349 347 344 246 241 232 323 225 335 281 303 304 298 258 261 265 285 234 235 271 240 268 265 280 276 293 275 279 287 295 290 301 306 308 316 330 351 3 357 343 325 335 336 54 310 307 299 73 73 295 78 80 89 93 92 92 95 99 102 105 107
352 350 348 348 349 348 349 347 327 327 325 337 330 336 351 323 350 321 323 323 329 335 350 17 333 326 322 1 353 1 4 352 347 327 315 331 354 343 240 235 233 281 227 300 298 287 296 234 237 237 258 277 237 237 241 278 241 267 239 237 283 292 231 292 300 299 297 301 298 300 310 335 247 2 41 346 347 354 334 69 64 59 58 61 63 67 77 88 94 98 97 98 100 102 104 105
353 348 344 346 346 347 349 347 326 326 324 323 330 335 331 355 345 322 322 323 330 337 1 17 331 325 5 1 4 1 354 348 342 337 325 340 1 344 233 10 295 317 223 305 314 300 265 241 240 240 243 243 272 263 262 272 271 270 279 239 288 273 290 279 305 241 308 297 294 294 297 314 288 279 351 346 347 358 357 325 320 339 327 57 62 70 78 88 96 101 101 100 99 100 101 101
349 354 340 343 347 343 349 345 345 321 319 335 328 345 327 350 321 338 323 324 331 344 10 332 330 324 350 360 6 4 345 339 340 341 337 352 7 336 19 239 312 325 231 238 239 281 268 261 241 242 245 243 275 242 244 283 274 270 284 276 287 298 276 277 303 252 258 316 301 298 302 318 303 294 336 334 331 334 330 325 319 327 343 357 348 3 20 354 91 96 99 99 98 99 100 100
351 322 322 324 339 336 349 321 344 317 352 339 325 347 344 346 350 340 325 327 332 344 4 15 329 323 353 360 0 354 345 336 345 355 3 14 268 256 252 255 257 254 254 256 251 287 282 243 243 244 244 282 279 245 248 248 269 278 280 279 286 284 276 274 283 306 309 300 306 292 294 323 298 299 333 334 335 332 41 34 29 31 45 327 350 4 352 85 84 90 64 92 92 94 97 98
325 322 322 325 341 337 350 322 321 319 314 347 345 342 343 345 347 346 322 327 331 342 1 10 325 322 356 351 343 355 358 344 2 13 318 309 299 291 282 281 282 277 268 258 248 246 247 246 246 246 246 278 277 251 251 251 270 253 274 283 283 295 286 249 255 279 301 303 305 296 295 317 296 326 332 351 19 345 327 24 24 25 37 48 50 337 338 2 86 89 348 86 90 98 96 96
351 320 333 325 340 337 326 357 322 348 349 347 346 338 342 341 347 350 321 326 329 347 0 324 322 320 351 341 330 8 326 358 11 18 327 320 313 309 300 293 291 285 274 262 254 254 254 251 250 250 252 254 257 257 255 255 257 260 261 260 294 281 279 263 266 270 273 292 297 299 299 306 322 321 332 346 350 3 16 325 22 24 326 331 332 52 353 351 354 88 86 7 88 90 92 99
319 318 339 335 337 341 326 356 352 353 340 345 347 338 339 339 350 354 322 328 333 6 325 324 321 322 347 342 0 18 9 10 26 336 334 330 324 316 302 291 286 284 278 271 264 263 261 258 257 257 258 260 261 261 260 261 263 265 266 267 281 281 270 271 282 277 285 292 293 297 300 307 308 311 324 337 337 349 7 327 20 21 25 33 344 358 354 356 69 75 333 3 359 85 87 93
319 321 337 338 335 351 357 325 354 357 324 350 348 341 324 339 347 346 322 333 334 331 328 324 321 345 328 358 5 335 8 344 343 340 337 335 331 323 307 294 288 286 284 281 276 270 266 264 262 261 262 264 265 264 265 267 270 272 272 274 275 275 274 274 276 280 286 293 298 302 307 311 315 312 319 330 344 336 351 341 14 15 19 31 329 44 54 64 353 71 80 80 81 81 83 88
316 322 327 341 341 326 352 326 326 323 354 355 343 336 324 325 345 338 337 357 331 330 330 328 348 341 347 330 4 6 7 343 344 341 337 336 334 328 314 299 293 293 295 293 286 277 270 265 263 262 265 268 268 268 270 273 276 277 278 279 280 280 279 279 281 285 290 296 302 286 311 314 318 312 315 319 335 326 335 349 332 329 17 334 38 339 3 61 67 6 8 78 84 84 85 84
312 335 325 341 0 324 341 325 325 355 1 323 342 329 325 327 337 336 341 330 330 2 328 329 328 348 354 355 354 5 9 17 341 341 339 339 339 334 315 289 291 302 310 304 292 282 275 269 265 267 271 272 270 270 274 278 280 281 282 283 284 284 284 284 286 289 293 297 301 306 310 314 309 308 311 316 324 337 326 340 338 14 332 343 347 332 340 52 75 74 355 76 79 84 95 328
317 346 319 351 326 340 341 350 346 325 325 322 338 325 328 328 338 332 342 327 328 327 325 353 359 355 352 349 348 7 337 339 339 341 341 343 346 347 337 309 307 318 326 318 303 291 284 276 272 273 275 274 272 274 279 282 284 285 285 286 287 288 289 274 291 293 295 297 300 304 308 312 316 319 324 310 317 321 326 335 344 335 331 328 332 331 27 324 56 2 344 71 82 89 102 347
320 318 318 7 323 342 356 324 323 352 320 351 336 339 332 330 337 330 338 348 322 323 325 325 323 324 352 346 346 12 335 338 339 340 340 344 349 349 341 326 322 333 340 328 312 300 292 284 278 275 273 274 277 279 282 284 285 285 285 286 288 291 292 292 293 294 296 297 299 304 308 311 298 298 297 300 309 314 323 338 330 328 323 320 310 13 304 311 38 326 58 332 344 77 98 98
319 322 324 320 324 346 322 347 333 0 319 349 349 343 341 339 323 325 334 334 321 5 10 322 322 324 355 350 358 332 334 338 340 340 339 340 342 339 331 322 321 337 344 328 309 299 293 287 281 275 273 276 279 281 282 284 284 283 283 286 289 292 292 292 292 295 283 284 287 287 289 289 289 294 303 309 311 312 316 327 323 320 321 324 332 357 339 336 328 305 307 263 61 71 295 342
319 322 325 325 4 319 340 345 348 328 323 353 317 335 354 345 321 326 327 331 7 325 17 339 355 357 354 351 355 332 4 3 340 340 339 337 334 327 318 306 301 317 332 323 306 297 292 288 283 278 276 274 275 279 282 284 285 283 282 285 290 293 280 294 295 284 284 285 290 292 293 293 292 293 300 307 311 312 320 330 327 321 319 322 335 15 31 349 355 48 348 326 306 312 2 349
319 319 319 322 320 356 317 332 4 325 325 323 343 339 321 335 330 327 327 342 332 20 8 321 348 355 353 349 359 359 356 0 338 340 339 335 331 322 311 304 303 312 323 320 309 301 296 292 287 280 275 270 270 275 282 288 288 285 284 287 291 296 297 297 298 284 284 288 304 306 295 297 297 297 296 297 306 310 312 322 318 315 319 316 324 344 344 62 336 64 65 351 77 11 332 325
326 320 316 317 319 313 350 320 331 351 322 325 324 358 323 323 331 326 326 341 4 326 323 350 352 324 349 329 358 356 333 334 336 339 339 337 335 328 320 318 317 320 322 318 311 305 300 295 290 284 278 272 268 271 281 291 293 288 287 289 293 298 299 297 288 288 289 302 302 303 306 295 295 295 293 291 293 298 297 296 309 315 317 312 316 329 338 337 324 349 81 346 355 86 95 320
328 325 320 318 321 320 316 318 1 325 352 320 338 349 320 324 332 326 326 328 2 359 347 321 325 355 324 329 358 332 333 334 337 339 340 340 338 330 324 324 324 325 323 317 311 306 302 298 294 291 287 281 273 272 283 297 299 292 291 292 296 300 299 294 293 295 298 299 299 299 300 302 304 293 288 283 281 279 281 293 297 304 308 297 288 286 303 312 300 301 81 335 318 81 111 345
332 327 323 320 322 322 321 323 321 327 351 341 351 318 341 343 322 324 327 330 8 4 319 346 325 323 350 349 329 331 333 335 338 340 341 342 31 24 357 330 330 328 324 318 312 307 304 300 296 294 292 289 283 282 287 297 302 296 293 295 297 299 297 291 290 293 285 286 285 284 285 288 291 291 286 282 283 285 294 301 297 295 302 298 278 2 276 287 288 278 327 346 305 280 303 309
324 322 324 320 320 319 319 322 326 357 323 355 317 347 346 342 329 329 332 331 14 325 351 351 353 358 349 354 327 352 333 335 355 339 340 24 337 331 332 338 337 330 325 321 315 353 305 301 296 293 293 294 291 287 283 284 291 293 293 294 295 296 293 288 289 283 287 289 287 286 284 293 288 288 285 285 286 288 291 294 299 294 293 303 308 299 284 281 289 288 297 302 273 236 235 256
319 320 329 321 319 318 317 318 325 330 329 320 353 347 350 340 317 332 337 340 4 360 340 346 344 348 351 326 326 350 331 353 336 336 15 337 13 328 333 341 338 331 327 322 7 310 306 301 297 295 294 295 291 284 277 274 279 286 290 290 291 291 289 287 288 292 283 284 285 290 286 283 287 281 279 287 282 280 282 286 288 285 282 290 308 318 305 302 314 301 279 255 256 276 287 297
314 319 322 327 320 319 319 317 324 333 334 320 352 321 320 337 334 351 316 341 355 349 343 344 348 344 346 350 346 352 356 334 12 19 16 18 9 330 354 338 335 331 327 9 3 351 307 303 300 298 297 297 290 284 281 280 282 286 287 286 284 284 285 285 286 287 276 275 278 279 278 272 270 275 281 279 276 274 276 280 282 283 284 285 294 315 312 303 318 317 315 306 284 299 309 304
309 312 319 321 318 318 319 318 322 330 331 323 323 321 344 342 321 318 318 321 323 321 321 350 351 352 344 351 350 328 355 333 15 12 13 7 334 336 337 19 18 16 13 7 359 353 308 305 303 302 302 301 296 291 290 291 291 291 288 285 282 281 281 281 278 279 277 275 274 271 269 265 264 262 265 273 275 277 276 276 282 281 277 275 279 298 306 291 291 297 315 172 300 291 311 127
308 309 313 317 318 315 313 315 320 331 2 328 352 345 337 347 323 320 319 322 324 323 323 354 351 352 350 325 328 355 5 10 4 335 5 350 336 339 15 15 19 16 12 8 2 313 310 306 304 305 305 304 301 297 295 294 294 292 290 289 288 287 285 281 274 267 262 259 271 271 272 276 275 273 270 271 274 275 273 273 284 289 279 282 286 290 309 311 304 306 307 197 174 292 280 302
310 311 312 314 314 309 310 312 314 324 332 4 345 332 337 344 320 319 318 321 325 327 325 354 357 355 350 350 349 353 357 354 353 334 332 334 338 8 10 11 12 11 15 14 1 316 313 310 306 306 306 305 302 298 296 294 292 292 291 292 294 293 290 285 278 270 262 256 252 270 271 250 276 276 274 272 275 276 275 273 278 294 278 276 276 275 293 309 308 312 310 298 318 293 259 242
310 312 312 312 314 314 312 310 312 315 344 326 317 338 345 340 315 314 313 317 321 325 325 354 3 355 346 347 347 350 350 355 334 331 350 336 7 11 5 6 10 18 19 326 322 319 317 313 308 306 305 304 301 298 295 293 292 291 291 291 294 293 288 291 288 285 281 277 274 272 271 270 270 274 276 278 282 289 288 280 285 295 281 274 272 271 282 296 298 312 314 288 299 314 206 286
310 312 313 312 314 318 319 319 315 311 316 323 350 348 325 316 316 314 314 315 334 350 351 10 2 342 350 346 349 347 349 358 2 354 332 336 8 6 337 5 15 18 10 357 348 319 318 314 309 305 303 302 300 297 294 292 291 290 290 289 290 289 285 281 286 285 285 283 279 276 275 273 273 280 282 283 284 285 281 279 284 295 296 296 287 285 294 301 295 299 307 298 299 200 198 308
311 312 313 312 312 315 318 320 321 320 322 322 347 352 321 321 318 315 317 318 321 350 353 0 349 343 346 344 349 348 347 357 1 358 331 9 7 359 337 9 15 12 4 351 344 341 316 313 309 305 302 301 299 296 293 291 291 289 287 284 283 285 283 291 286 283 283 282 282 281 282 281 283 286 288 289 285 283 276 273 275 282 289 289 288 288 296 301 306 319 289 277 270 279 194 193
312 312 311 309 308 310 314 319 322 323 322 315 311 321 322 321 318 318 320 321 323 357 7 354 329 320 346 346 345 339 347 357 7 6 3 1 333 335 2 11 10 8 2 350 342 340 338 312 308 305 301 299 297 294 291 290 289 287 284 281 280 281 296 280 289 286 283 281 284 288 288 284 286 286 287 288 288 289 286 282 282 280 278 281 286 294 307 293 304 342 274 300 274 159 277 231
316 313 311 308 308 311 315 320 323 324 324 324 322 319 342 321 318 318 319 321 323 355 319 337 316 322 346 344 345 339 346 6 9 5 2 355 348 357 10 10 7 4 357 347 340 313 337 332 306 303 299 295 294 292 289 288 287 286 283 281 292 294 280 278 292 291 288 283 282 288 292 285 282 281 281 282 285 287 288 286 290 300 297 293 293 304 330 309 308 320 264 320 319 286 265 292
317 314 312 309 308 310 314 320 321 323 321 319 319 322 322 356 317 319 351 318 345 353 357 314 315 340 344 347 345 345 350 5 5 3 357 351 353 6 14 8 3 360 352 344 337 336 335 329 323 300 296 292 291 290 289 287 285 284 298 296 294 294 297 295 293 292 291 287 281 283 292 293 288 283 281 285 291 295 302 295 290 304 308 302 297 308 336 325 313 293 294 329 316 267 321 278
312 313 314 313 309 309 314 318 320 322 318 312 311 315 323 327 349 352 358 344 351 315 355 346 339 338 338 347 343 331 340 331 360 1 352 351 3 8 9 6 357 355 351 346 342 339 333 328 324 319 312 290 289 288 286 285 298 297 298 298 297 295 295 296 297 294 290 292 284 281 288 296 294 293 290 289 290 293 302 310 296 296 301 297 290 288 306 319 320 301 289 328 323 302 309 239
314 310 312 314 310 310 314 316 316 316 319 313 311 312 317 316 356 2 345 342 350 358 349 352 344 336 338 347 347 321 344 356 0 2 350 356 10 9 9 358 353 352 352 348 345 339 333 329 325 320 313 309 305 303 300 298 297 296 296 299 300 297 298 299 279 277 291 293 289 281 284 292 292 290 287 288 289 291 298 306 299 300 303 299 282 282 285 329 280 315 303 321 304 315 253 267
315 306 308 316 307 305 312 312 311 316 320 317 313 313 315 322 321 9 317 348 347 350 346 341 316 317 348 352 340 321 336 357 1 359 349 1 9 2 2 353 348 354 354 349 345 337 332 330 327 321 315 311 307 303 301 299 297 295 294 298 303 300 296 301 280 278 298 297 297 287 281 280 283 285 286 289 292 292 299 305 300 303 308 307 307 296 276 329 335 270 299 304 323 266 277 280
314 307 304 307 309 306 311 309 308 311 317 320 314 312 313 320 331 16 343 343 347 349 346 341 317 321 355 316 317 322 328 351 351 349 351 1 4 359 354 347 348 353 350 346 343 334 329 331 329 323 317 311 308 303 300 298 296 294 292 295 304 301 295 301 304 278 277 298 297 293 289 289 290 291 290 289 289 289 297 303 305 305 311 310 318 330 322 317 297 292 303 316 329 294 295 295
314 309 304 304 304 309 312 311 307 308 316 325 316 312 310 315 324 332 349 320 351 351 347 341 317 321 319 316 316 321 325 344 348 347 357 2 3 360 354 351 353 354 351 346 340 334 329 334 330 325 318 311 306 303 300 297 296 294 292 295 301 299 297 299 302 278 277 297 293 293 295 300 301 299 296 291 290 291 298 300 302 314 290 322 317 333 335 267 316 306 334 334 323 304 303 319
314 314 311 300 306 308 310 312 310 308 314 322 319 314 310 312 324 331 319 323 316 349 347 344 340 339 318 317 336 321 324 334 349 357 6 2 1 358 357 354 355 354 350 343 338 335 331 334 329 324 318 311 308 304 299 296 294 291 290 290 293 289 288 288 291 300 303 301 282 283 292 299 302 304 303 296 291 290 295 298 300 315 329 334 320 324 273 276 320 298 302 308 304 327 306 321
313 314 314 311 303 308 311 312 313 309 312 320 320 315 311 311 320 350 318 348 342 340 349 347 314 336 344 345 329 330 323 328 357 4 8 1 1 1 358 354 353 354 346 341 340 336 331 333 330 324 318 311 307 305 301 299 293 273 275 277 279 280 281 283 284 286 292 285 284 286 295 303 301 305 280 301 293 288 292 293 293 298 315 330 328 323 283 280 320 295 293 311 303 324 308 312
308 308 318 309 306 312 312 313 317 311 309 314 320 316 311 311 318 323 358 347 341 345 350 348 317 334 338 336 319 321 332 344 357 5 8 0 1 357 354 353 359 354 347 347 341 336 331 331 332 325 320 315 312 278 276 275 275 276 279 281 282 283 283 285 287 288 290 293 286 280 300 305 300 300 310 310 297 289 290 289 284 285 292 303 325 331 304 290 298 310 301 325 304 307 309 311
307 309 310 316 311 303 305 311 312 314 307 307 314 316 312 309 314 321 326 347 346 344 344 338 339 337 338 318 318 321 335 353 3 10 5 357 351 354 358 360 357 319 317 313 310 336 333 339 300 295 290 287 284 282 281 280 279 280 281 283 284 285 285 286 287 288 289 297 295 275 276 300 297 294 306 311 298 286 282 285 287 291 299 300 302 315 319 291 290 324 312 315 303 307 310 324
