examples/cougarCreek-fire/createInputs/WindNinja/wrfout_d3.2015081212.f17/cougarCreekFire_08-13-2015_0500_217m_non_neutral_stability_ang.asc
ncols	146
nrows	140
xllcorner	610065.000000
yllcorner	5095217.000000
cellsize	216.586807
NODATA_value	-9999.000000
[rows 0 to 42 of 140, columns 0 to 95 of 146]
63 32 43 55 72 31 24 23 24 27 28 27 26 24 36 13 30 26 2 360 359 357 354 352 349 345 338 335 335 337 334 329 327 332 335 337 339 340 339 338 336 336 336 337 340 342 342 341 340 330 338 314 335 328 336 337 328 300 325 324 327 306 319 319 317 297 307 306 308 310 312 307 296 290 290 292 278 256 251 250 253 258 264 269 272 274 275 272 272 275 277 281 290 281 283 281
63 32 43 55 72 31 24 23 24 27 28 27 26 24 36 13 30 26 2 360 359 357 354 352 349 345 338 335 335 337 334 329 327 332 335 337 339 340 339 338 336 336 336 337 340 342 342 341 340 330 338 314 335 328 336 337 328 300 325 324 327 306 319 319 317 297 307 306 308 310 312 307 296 290 290 292 278 256 251 250 253 258 264 269 272 274 275 272 272 275 277 281 290 281 283 281
98 61 56 81 112 79 41 20 55 70 79 92 25 24 88 72 81 32 23 2 1 359 356 352 348 345 313 313 327 325 323 308 332 334 334 335 320 316 328 308 312 308 307 310 316 333 320 316 317 313 313 310 313 328 335 336 327 302 326 317 299 284 290 285 288 274 310 308 281 308 308 304 254 292 291 265 258 269 260 258 259 262 265 268 269 269 268 268 268 267 267 271 279 264 259 261
92 73 58 89 95 76 72 54 51 32 59 64 27 16 43 32 66 59 46 16 2 2 4 354 347 336 304 312 327 323 295 307 327 323 324 328 323 314 311 306 309 308 310 311 317 317 314 319 311 310 313 317 317 326 335 337 327 305 301 288 287 286 289 284 284 275 314 278 289 306 280 252 298 295 292 261 258 288 275 270 269 269 267 267 267 264 263 263 261 258 256 260 265 271 275 253
26 88 51 77 85 70 36 52 13 15 49 51 23 16 8 19 52 42 40 31 9 1 0 348 349 342 332 295 298 299 306 313 323 319 316 320 320 312 313 313 311 312 309 310 318 318 318 321 317 318 316 317 316 327 324 321 292 322 290 326 305 283 288 291 278 319 279 311 307 283 253 303 300 297 263 277 292 288 282 278 275 273 270 268 267 266 265 263 260 257 257 258 260 264 268 267
92 80 41 69 71 70 64 61 52 42 38 44 26 18 9 6 37 28 26 12 10 1 1 20 330 343 331 301 303 306 309 305 318 314 313 316 313 310 305 308 306 309 307 309 314 317 322 323 319 320 320 318 318 329 313 295 297 322 329 295 297 289 296 283 322 282 289 297 283 251 306 268 266 297 293 290 266 291 289 284 279 276 273 269 267 267 266 265 263 262 263 262 259 257 258 260
131 89 41 33 59 48 45 19 44 43 37 37 39 18 13 4 21 25 9 11 11 11 8 1 337 342 308 315 309 310 314 310 313 312 313 314 308 304 306 304 305 301 302 304 308 320 319 319 342 335 335 332 313 307 305 312 312 306 301 296 292 303 299 276 313 296 291 283 260 309 269 280 305 296 292 255 298 297 295 291 285 281 277 272 270 269 269 269 268 268 268 266 261 256 254 258
123 115 100 73 53 54 52 44 37 6 35 35 37 21 13 6 11 12 29 9 12 10 6 359 342 340 332 306 311 327 313 313 314 310 310 309 300 298 296 298 299 299 297 301 305 311 319 335 333 332 312 309 311 313 309 306 304 307 298 298 300 295 274 328 286 294 293 281 267 274 310 308 281 256 302 247 303 300 299 297 291 286 281 278 275 274 274 273 273 273 271 269 266 262 261 263
133 116 100 65 44 43 46 45 44 41 39 8 12 34 15 11 8 14 21 8 8 5 358 354 355 338 330 303 308 308 310 311 307 305 303 301 293 289 288 291 294 303 302 299 322 309 312 321 309 311 308 310 317 316 320 309 298 302 304 306 293 284 285 285 293 295 292 281 280 288 314 265 265 309 263 265 306 303 303 304 299 293 288 284 281 279 278 278 279 279 278 276 275 274 273 274
146 129 107 75 38 47 42 41 40 33 33 36 35 35 25 15 11 6 37 6 3 1 358 353 347 314 330 305 301 307 310 308 304 303 300 296 289 284 289 291 293 300 304 315 309 331 315 311 317 314 313 320 316 309 291 292 292 296 296 284 278 329 288 294 292 285 282 278 283 285 272 320 313 268 263 321 312 309 311 312 308 302 296 291 288 286 285 285 287 288 288 287 286 285 284 282
340 175 166 108 61 37 33 38 36 35 37 35 32 34 20 20 16 10 40 30 3 20 356 351 344 321 333 308 304 308 310 307 306 301 297 291 285 284 287 284 290 294 322 306 310 334 313 316 313 321 336 319 296 296 297 289 288 292 279 289 313 287 294 296 287 289 292 290 292 291 277 283 273 277 260 327 316 312 316 318 315 308 301 296 293 292 291 291 292 296 298 297 295 292 289 285
327 210 225 194 155 48 30 32 36 37 37 36 33 37 37 43 22 16 29 36 4 25 353 347 339 332 332 302 301 306 307 302 299 293 289 287 284 283 278 276 279 312 300 327 330 333 308 309 314 318 309 302 300 308 301 295 293 292 290 323 295 295 298 291 291 303 334 336 336 339 295 287 326 267 330 327 318 314 319 323 321 313 305 299 296 295 295 294 295 298 303 304 302 299 294 288
255 310 301 290 252 349 34 25 26 39 34 34 35 41 28 33 29 55 44 49 37 33 18 343 333 329 329 308 305 323 307 304 296 311 285 284 283 282 275 285 280 314 328 308 332 306 300 313 312 312 300 290 313 314 296 295 299 298 297 302 314 333 299 300 337 335 337 338 337 335 334 330 282 262 333 326 320 318 322 327 280 319 309 303 297 296 297 297 298 300 305 309 312 312 304 295
306 308 336 26 32 360 26 337 336 351 29 38 40 44 33 41 40 69 80 64 51 39 22 11 332 325 300 299 306 324 310 301 295 287 289 288 284 281 289 289 291 321 333 335 309 294 300 310 315 306 298 296 312 303 299 300 302 309 305 306 320 334 337 302 298 297 287 284 281 273 337 334 333 339 335 326 322 323 327 329 331 325 315 307 301 298 298 300 301 302 305 309 320 331 318 304
310 340 331 22 30 46 74 70 33 333 351 37 40 42 51 35 39 34 75 77 72 50 14 356 335 325 298 301 302 323 305 293 284 286 288 289 282 279 292 293 301 320 332 312 296 303 303 321 321 309 302 303 299 292 291 291 299 305 304 304 305 302 297 298 288 270 266 264 265 344 310 295 338 311 336 328 323 327 334 332 332 330 320 312 304 299 297 300 302 303 303 307 321 340 331 315
40 47 59 66 62 91 146 171 110 45 354 45 51 37 34 39 28 26 47 51 47 38 3 328 348 327 299 297 302 325 299 281 280 303 285 281 279 288 289 293 290 312 325 310 303 308 319 319 319 297 317 303 302 304 296 296 305 299 294 297 292 285 275 271 269 276 279 274 317 286 296 349 341 339 337 331 325 328 293 339 336 334 325 315 307 299 296 298 302 302 300 301 313 337 341 333
51 51 57 114 95 45 104 129 148 112 67 60 66 45 26 12 20 32 36 41 37 36 14 356 326 317 291 302 322 304 290 283 286 277 283 276 288 282 286 281 298 306 319 330 312 318 318 314 306 298 304 309 312 305 296 315 306 304 290 293 297 283 282 285 285 294 284 285 291 314 330 356 342 338 341 338 329 330 340 345 344 340 331 320 310 301 296 297 300 300 296 294 304 328 331 360
73 65 61 100 132 72 56 97 135 145 87 51 37 12 27 359 14 15 29 13 29 31 24 5 303 302 287 301 320 296 281 285 284 283 284 279 284 280 285 281 298 304 313 304 310 313 314 300 302 298 311 320 315 297 309 308 293 306 294 279 284 288 292 286 284 303 306 312 326 330 308 286 285 294 298 301 341 336 340 348 317 348 339 327 313 305 299 297 299 298 294 292 300 324 300 330
109 99 100 119 180 146 112 131 161 166 117 61 31 49 74 73 52 40 34 28 30 35 30 23 330 286 293 305 301 289 283 288 288 306 284 275 282 279 275 279 287 290 314 325 308 299 298 301 298 315 316 316 296 278 294 285 270 272 279 277 280 286 289 292 299 306 313 345 325 304 286 293 291 306 293 299 314 348 345 351 357 356 348 335 318 308 302 298 298 298 294 293 300 324 351 310
138 123 111 101 182 165 113 74 134 158 110 67 65 70 98 88 79 57 45 39 30 30 26 44 24 306 323 304 291 285 287 287 295 288 297 288 285 280 275 280 286 293 316 326 305 298 300 299 317 323 318 289 353 274 292 277 267 272 275 274 273 285 277 284 290 297 293 293 299 292 295 303 296 344 340 308 306 295 296 317 1 1 355 341 322 310 304 300 299 298 296 295 298 318 351 302
335 176 62 357 62 87 77 64 86 130 88 81 145 74 61 61 49 59 52 48 34 40 27 10 28 321 324 296 285 285 285 286 302 292 296 287 287 283 284 282 295 303 314 323 300 304 306 315 313 300 298 264 276 296 343 247 279 287 272 273 275 280 275 277 288 291 298 303 319 304 325 311 305 297 342 306 308 311 314 303 328 5 0 346 326 312 305 303 302 300 298 295 292 303 274 279
297 323 327 348 348 16 16 32 48 84 91 92 167 140 51 37 41 52 41 42 44 49 47 49 59 101 275 276 280 283 278 288 305 288 296 286 273 283 275 291 296 301 303 306 289 281 282 303 292 266 259 239 256 244 351 266 335 296 282 285 279 282 275 278 313 291 293 296 323 319 294 299 315 334 323 318 299 302 328 332 17 11 5 353 332 315 308 307 306 303 300 299 299 306 333 284
350 351 357 352 351 11 14 35 34 45 65 60 46 204 101 56 41 47 44 65 63 57 47 43 50 73 275 278 281 283 277 284 289 256 290 281 280 281 275 293 301 299 286 284 273 279 290 284 245 227 229 1 4 178 341 328 330 275 294 301 297 293 285 317 312 292 289 291 285 313 321 309 314 2 313 302 305 308 312 311 316 17 8 359 339 320 313 312 310 309 308 311 317 327 339 300
338 344 354 318 359 11 24 29 34 32 38 51 62 148 129 124 114 99 83 84 87 75 72 32 11 58 331 270 278 275 265 271 283 264 275 280 279 281 274 295 305 294 275 267 262 262 264 250 220 223 8 6 354 348 340 333 338 343 341 298 305 297 297 269 271 276 278 286 288 329 296 338 303 303 312 306 315 331 342 315 307 304 13 3 344 324 316 314 313 314 315 317 327 346 0 322
316 346 312 313 5 14 14 15 27 6 8 50 56 65 115 109 108 99 87 77 85 94 106 95 36 72 194 247 254 260 272 281 288 279 266 283 281 279 281 297 304 271 267 265 257 249 246 244 232 225 20 346 337 333 330 294 296 299 295 334 343 290 345 346 323 288 284 293 297 298 306 308 305 315 310 308 313 318 22 24 347 330 19 6 348 327 317 312 312 317 320 320 333 2 24 343
314 351 357 2 10 25 10 17 24 5 357 20 43 56 98 107 109 104 102 92 89 108 120 114 90 86 169 263 218 250 280 300 293 275 258 279 284 279 290 301 294 265 263 256 251 253 252 247 228 212 2 329 320 316 316 288 297 299 340 333 337 304 347 312 310 297 299 307 304 338 321 319 318 320 342 324 345 322 325 29 29 30 23 11 354 333 317 307 307 318 327 327 344 337 352 351
301 318 314 7 355 354 13 7 22 9 8 32 41 57 56 84 99 105 117 113 108 123 128 122 99 94 143 280 240 263 288 305 304 268 251 274 276 286 295 289 271 255 255 250 244 241 234 226 214 188 299 307 305 302 299 311 333 342 334 332 294 294 306 314 320 318 343 344 344 341 325 340 340 341 328 13 14 25 326 327 29 30 24 14 358 340 320 302 301 316 330 334 360 339 349 354
326 3 360 0 356 5 19 20 15 13 39 71 40 54 44 68 78 96 122 122 122 135 142 131 108 94 124 173 231 253 295 291 294 288 276 278 288 296 295 284 272 259 255 252 245 236 227 225 224 210 251 280 286 287 293 306 323 332 333 333 338 307 340 342 347 8 351 346 316 307 307 312 320 326 346 342 344 329 352 327 332 339 26 16 3 347 324 299 293 304 320 296 300 307 330 340
40 22 358 355 2 11 10 36 63 43 27 98 324 77 49 67 84 97 119 121 124 138 150 141 133 110 111 144 181 217 256 264 276 288 292 294 299 296 288 282 277 268 264 259 251 244 239 235 216 211 233 247 249 282 287 296 308 323 329 333 334 335 308 335 336 341 345 344 319 312 310 309 310 315 318 318 320 317 325 325 334 340 30 20 10 357 332 302 291 295 312 334 297 307 320 327
72 57 349 357 5 10 25 25 93 71 69 58 107 186 103 85 99 106 119 123 127 140 148 159 156 149 133 146 172 204 237 257 274 287 298 305 305 288 283 285 279 274 272 261 246 236 234 223 211 211 219 227 233 256 263 266 281 293 305 313 312 317 323 327 323 322 305 306 309 313 312 300 324 332 331 332 336 333 334 346 355 6 341 28 18 6 338 310 299 304 321 340 358 321 313 297
312 299 282 301 360 24 16 25 29 32 24 48 76 347 115 90 102 109 119 129 137 153 157 173 181 175 169 182 176 192 226 260 285 290 301 316 303 278 286 286 281 276 272 258 241 230 221 202 209 208 212 223 235 239 236 237 240 245 257 260 269 283 308 294 290 281 278 279 310 314 322 14 14 339 337 335 353 358 2 353 357 349 349 32 24 10 344 318 305 309 326 341 353 300 288 299
325 304 317 340 341 14 32 29 21 37 35 26 48 61 88 74 67 81 78 90 116 147 165 183 184 171 166 190 193 223 235 258 283 297 300 319 284 273 291 283 279 276 268 263 256 240 225 191 201 206 211 224 234 231 216 209 197 193 205 241 257 272 276 275 273 277 284 291 295 296 304 318 326 325 323 326 333 334 336 356 34 358 36 32 25 10 348 323 305 304 318 336 349 300 304 316
330 311 294 216 47 105 68 25 28 14 44 53 76 70 65 69 51 51 54 57 70 87 112 154 165 167 187 185 194 229 274 278 266 294 299 287 288 288 296 279 276 274 266 263 263 257 250 187 189 200 209 218 218 201 188 192 190 189 222 226 234 245 255 264 277 284 303 323 336 348 341 334 336 313 300 325 323 358 39 38 37 37 33 30 26 11 348 324 304 296 306 331 351 10 324 329
330 328 321 304 268 277 323 42 25 33 56 39 17 24 65 63 48 42 36 38 50 61 61 71 99 148 165 180 191 229 266 288 278 286 296 293 297 303 305 294 281 269 262 264 274 276 282 198 169 177 194 205 212 207 193 191 198 198 199 203 209 238 247 259 267 270 275 284 293 292 279 32 32 29 29 311 321 333 359 41 42 358 34 32 35 15 343 322 304 291 295 326 352 8 325 327
321 323 355 325 318 323 333 347 3 13 26 18 38 39 17 60 56 63 68 62 47 45 48 54 49 60 83 130 182 243 266 279 288 283 284 291 294 306 299 291 281 274 275 272 275 285 294 245 68 67 59 213 231 230 221 210 208 205 203 205 212 211 236 237 238 244 249 231 131 97 68 53 47 293 325 333 333 324 326 341 1 344 38 326 45 26 343 321 306 289 288 312 346 7 305 310
29 21 16 13 326 321 355 7 7 9 6 10 18 24 34 14 19 23 22 55 33 31 27 28 23 31 37 48 39 287 282 286 296 286 279 278 275 277 274 267 259 263 269 268 267 273 286 298 328 359 357 352 311 269 257 239 224 215 211 237 233 231 208 205 185 181 174 164 153 147 145 120 254 83 306 316 320 326 330 331 332 37 3 355 42 35 356 326 309 292 285 296 337 16 311 318
34 26 15 4 325 325 323 356 358 1 5 10 15 20 23 27 25 20 12 8 8 9 13 6 12 24 31 32 16 335 303 291 299 308 301 298 288 325 322 309 287 270 260 261 271 267 266 280 302 305 289 306 311 304 289 269 249 233 222 216 211 210 209 231 203 182 177 171 167 218 175 167 154 153 99 68 54 49 354 41 37 352 357 357 40 39 18 337 315 294 281 282 310 8 308 312
44 33 1 352 353 339 344 354 355 352 359 10 11 9 4 6 4 356 351 348 351 357 4 11 14 20 32 29 16 355 320 285 291 313 321 327 330 332 326 317 337 291 278 253 246 274 300 268 278 294 309 281 279 338 303 290 282 272 255 238 209 204 199 193 190 188 185 182 177 179 189 186 252 172 146 103 70 57 50 43 41 345 348 309 340 45 48 353 317 286 271 267 269 334 269 269
326 316 335 340 346 342 325 324 356 353 7 3 359 355 357 359 355 353 357 7 9 1 10 20 20 23 38 37 29 13 334 289 280 295 315 331 350 14 15 349 332 312 338 312 291 289 289 293 254 275 290 305 305 322 321 320 324 329 320 316 305 291 279 272 205 271 189 184 186 190 197 192 182 175 161 146 124 88 66 54 50 44 38 32 26 13 68 31 338 265 257 249 227 182 94 257
321 352 346 340 340 345 319 352 355 4 6 1 2 359 2 1 358 358 2 6 6 11 23 27 21 28 43 43 39 30 346 310 294 273 274 288 295 308 338 33 39 339 3 346 308 297 289 275 270 266 265 272 273 280 291 307 311 318 332 342 9 1 335 321 319 325 339 358 4 2 358 166 161 159 156 152 141 131 117 85 63 50 42 31 27 315 51 73 57 256 247 236 214 182 134 246
316 345 343 341 315 316 319 356 359 359 8 4 7 2 3 359 356 357 1 14 23 30 21 9 12 25 37 41 38 28 354 322 296 265 259 266 266 266 290 324 329 331 320 248 208 299 277 285 288 294 289 285 268 257 261 251 256 255 239 250 279 330 336 323 314 317 314 305 330 343 339 345 14 139 123 131 132 133 137 139 113 69 45 32 32 318 26 93 86 63 247 234 215 191 161 127
303 310 331 335 309 313 320 357 358 4 6 2 357 351 354 354 355 1 17 41 46 30 6 351 7 29 38 33 26 19 2 334 287 260 251 259 268 265 263 271 289 280 277 279 289 296 271 272 317 317 306 315 284 312 293 286 277 278 204 198 279 290 312 315 313 309 301 287 283 289 295 315 333 346 359 17 127 131 134 145 157 131 74 61 49 32 281 44 107 115 238 236 219 197 166 137
312 333 340 336 333 313 352 357 358 2 1 357 355 352 352 354 359 18 41 42 27 6 350 350 18 38 34 25 21 18 11 357 333 296 277 273 270 263 259 263 274 279 276 277 277 272 278 289 304 286 305 306 324 321 311 200 198 316 317 307 235 299 291 229 211 204 207 208 204 197 200 218 223 209 205 219 318 47 146 151 161 175 144 100 89 73 53 300 46 120 157 236 217 183 148 131
