examples/cougarCreek-fire/createInputs/WindNinja/wrfout_d3.2015081112.f13/cougarCreekFire_08-12-2015_0100_217m_non_neutral_stability_ang.asc
ncols	146
nrows	140
xllcorner	610065.000000
yllcorner	5095217.000000
cellsize	216.586807
NODATA_value	-9999.000000
[rows 0 to 50 of 140, columns 0 to 95 of 146]
89 89 91 93 92 90 89 88 88 91 90 92 94 95 95 95 94 93 92 91 91 95 98 103 105 104 103 103 104 104 103 101 100 100 102 103 106 104 108 112 111 111 114 112 115 115 118 117 117 116 114 111 110 110 110 111 110 106 103 104 105 104 104 105 105 104 102 102 106 109 110 107 103 101 101 104 103 97 94 94 96 98 101 102 101 104 107 102 103 109 115 116 119 120 111 111
89 89 91 93 92 90 89 88 88 91 90 92 94 95 95 95 94 93 92 91 91 95 98 103 105 104 103 103 104 104 103 101 100 100 102 103 106 104 108 112 111 111 114 112 115 115 118 117 117 116 114 111 110 110 110 111 110 106 103 104 105 104 104 105 105 104 102 102 106 109 110 107 103 101 101 104 103 97 94 94 96 98 101 102 101 104 107 102 103 109 115 116 119 120 111 111
92 92 93 93 93 92 91 90 89 89 90 92 94 95 95 95 94 94 93 93 93 94 97 100 102 102 102 102 102 102 102 101 100 101 102 103 105 107 109 110 111 112 113 114 114 115 116 115 115 115 113 112 110 109 109 108 107 105 103 103 104 104 103 104 104 103 103 104 105 107 106 104 102 102 102 103 103 100 98 98 99 100 102 103 104 104 105 105 106 108 110 113 119 119 112 109
95 95 94 94 93 93 92 90 89 88 88 89 91 93 94 94 93 93 93 94 94 91 94 95 97 99 100 100 100 100 100 101 101 101 102 102 103 104 106 108 109 110 112 112 112 113 113 113 113 114 114 112 111 109 107 106 104 104 103 103 103 104 104 103 103 104 105 105 105 103 102 102 103 104 104 104 105 104 102 101 102 102 102 103 103 103 104 105 105 105 104 104 110 121 119 112
98 97 96 95 94 93 91 42 49 56 86 86 88 90 91 92 92 92 92 93 85 88 86 92 94 96 98 98 98 99 100 101 101 101 101 102 102 103 105 107 109 110 111 112 112 112 113 113 114 115 115 113 110 105 107 105 105 104 105 105 105 105 105 104 104 105 106 105 103 102 102 104 106 106 106 105 105 104 103 103 103 103 103 103 104 105 105 105 104 103 102 100 89 112 123 103
105 103 101 99 97 95 93 91 89 34 41 51 85 87 89 91 91 92 77 92 83 86 85 89 91 93 94 96 97 98 99 100 100 100 101 101 102 102 104 105 107 108 109 111 111 112 113 114 114 110 110 108 110 108 106 106 106 106 106 106 105 106 105 105 105 106 100 104 103 103 105 107 107 106 105 103 104 105 105 105 104 104 104 103 104 104 105 104 103 102 100 97 94 95 107 95
117 114 112 108 104 101 97 337 348 9 5 25 49 85 87 90 91 92 78 80 80 82 82 81 84 86 92 88 90 92 97 98 99 100 100 100 101 102 102 100 101 107 105 110 111 107 108 109 110 110 106 111 104 108 107 107 108 107 107 106 106 100 100 105 106 100 105 104 104 105 106 107 106 104 103 103 105 106 106 106 105 105 104 104 118 104 105 105 104 103 101 98 95 93 85 94
142 139 140 138 132 125 114 309 301 315 328 338 22 50 63 89 92 66 68 76 77 79 82 82 83 84 86 87 88 91 95 91 94 99 99 99 100 101 97 99 100 102 104 105 106 107 108 108 108 104 107 105 110 109 108 108 108 107 107 106 99 100 105 106 106 100 105 105 105 106 106 105 104 103 104 105 106 106 106 107 106 105 105 104 104 105 105 106 106 105 103 101 99 99 103 85
182 185 193 201 208 312 218 317 309 308 317 320 340 27 51 89 58 61 61 71 78 80 6 28 84 84 85 86 87 89 90 91 93 98 98 94 95 96 97 98 100 102 103 104 106 107 106 105 105 106 106 107 105 103 102 108 108 107 101 106 99 105 106 107 100 100 100 98 106 105 104 104 104 105 106 105 105 106 106 107 106 105 105 105 105 105 106 106 107 106 105 104 103 102 102 102
214 218 226 233 238 279 289 301 304 307 311 312 311 344 31 47 52 60 49 310 325 79 88 88 33 86 85 85 85 88 89 89 91 92 92 93 93 95 97 100 102 103 104 104 106 106 106 106 106 107 107 108 105 102 107 108 108 107 100 106 106 106 107 100 100 98 98 97 105 105 104 105 105 105 105 105 105 106 107 107 106 106 105 105 105 105 106 106 107 118 107 107 105 104 102 102
294 233 239 244 248 251 273 283 290 295 299 304 307 314 354 12 41 94 34 50 316 353 85 90 9 56 68 67 84 87 88 88 90 92 92 93 93 95 98 100 102 103 104 97 98 99 105 106 107 103 105 102 102 107 108 108 108 101 107 106 107 99 101 101 98 98 99 99 105 105 105 105 105 104 105 106 106 107 107 107 106 106 105 105 105 106 106 107 108 109 110 110 108 106 103 101
235 239 286 283 281 276 257 275 282 301 305 296 302 302 314 326 290 17 6 29 318 345 347 91 91 43 70 63 61 87 86 87 89 90 92 93 94 95 97 99 102 95 96 95 97 98 104 105 101 103 101 103 109 108 102 103 102 101 101 108 107 101 102 101 100 106 106 105 105 105 104 104 104 104 105 106 106 106 107 106 105 105 105 105 105 106 107 108 109 110 112 115 113 108 102 99
240 243 246 278 280 278 259 268 272 279 297 303 311 295 300 307 325 331 316 344 321 338 350 317 94 6 65 59 60 73 86 87 88 90 93 95 96 97 97 100 91 99 97 95 97 95 103 98 101 105 105 104 110 109 103 103 102 102 102 100 102 104 103 106 106 105 105 104 104 104 104 104 105 105 105 106 106 106 106 105 105 105 105 105 105 106 106 108 110 111 113 118 121 114 102 97
243 246 249 252 255 273 261 263 264 269 275 292 297 308 289 294 300 310 309 321 319 326 349 337 313 355 58 56 64 76 74 87 60 63 64 69 76 78 79 84 90 107 98 96 95 103 104 98 100 106 104 104 104 103 102 103 103 103 102 103 105 105 105 105 104 104 104 104 104 104 105 105 105 105 105 106 105 105 105 105 105 105 104 104 104 105 106 108 110 111 114 120 129 131 103 109
245 248 252 255 257 259 262 264 267 267 268 273 276 287 301 319 332 338 333 332 339 339 359 4 335 354 49 55 66 76 75 89 55 60 64 68 75 78 82 88 93 103 98 97 94 94 96 99 101 99 104 105 105 103 102 102 98 104 102 102 105 105 104 104 98 95 95 95 104 106 95 105 104 105 105 104 103 104 104 104 104 104 104 104 104 104 105 107 108 110 112 118 132 156 112 108
247 250 254 256 258 260 274 277 275 271 270 273 284 281 283 300 323 331 325 326 339 341 360 21 350 351 38 55 68 75 69 53 57 61 63 69 72 76 81 83 91 95 99 99 95 96 99 101 100 96 105 105 97 96 102 102 99 103 95 99 100 99 96 96 95 95 97 105 105 106 106 105 104 104 104 103 102 102 104 104 104 104 103 103 103 103 103 105 106 107 108 112 123 176 165 98
248 251 254 257 259 261 263 274 278 276 274 275 296 297 280 269 277 312 309 311 328 332 358 111 11 353 34 56 70 74 60 50 60 64 65 69 71 77 83 85 90 95 100 100 98 98 100 99 97 96 106 98 100 97 94 104 104 95 100 100 99 97 97 97 96 98 106 95 105 105 104 103 103 103 103 103 102 101 102 103 103 103 103 102 102 102 102 103 104 104 104 105 112 161 168 119
249 252 254 257 259 261 267 271 277 292 276 276 288 298 277 261 262 275 285 287 302 305 338 32 18 0 32 55 66 67 54 53 58 62 70 68 73 75 80 87 92 96 99 100 98 98 98 97 95 97 99 104 102 94 94 104 102 91 101 99 97 97 98 99 99 106 106 103 104 103 102 103 103 102 103 103 103 102 101 102 103 103 102 102 101 101 101 101 98 101 99 100 106 137 176 137
249 252 255 257 259 261 263 273 293 297 279 277 277 279 286 287 283 285 290 285 296 305 307 1 11 12 36 57 59 57 53 56 61 56 68 61 67 74 81 87 93 97 100 100 97 96 97 97 96 98 103 103 96 100 93 96 99 99 95 98 98 93 101 100 106 103 105 108 102 102 102 103 103 102 102 103 103 102 102 101 102 102 101 101 101 101 101 100 99 98 96 96 100 118 165 145
250 252 255 257 259 261 271 273 292 296 278 286 278 282 297 305 304 298 302 295 302 317 302 319 349 16 43 55 54 53 57 60 70 100 99 60 68 74 79 87 94 100 104 100 97 97 99 99 102 103 102 96 90 92 94 90 91 100 93 92 99 94 100 98 100 105 105 104 102 102 103 103 103 102 102 103 102 102 102 102 101 101 101 101 101 100 100 99 98 96 94 91 88 78 56 136
249 252 255 267 270 271 272 273 276 295 278 288 300 283 283 298 308 306 310 304 308 326 297 300 314 8 45 48 51 53 59 66 105 103 100 58 68 93 80 90 95 102 108 101 99 100 102 103 109 101 99 93 91 97 89 99 102 93 94 91 90 94 99 98 105 106 105 104 103 102 102 102 102 102 101 101 101 101 102 102 102 101 101 101 100 99 99 99 97 95 92 88 78 58 64 131
249 251 254 267 270 271 272 273 275 296 289 290 307 303 275 278 278 285 298 298 298 321 308 311 325 357 29 38 50 57 60 77 113 111 103 87 71 95 84 96 101 103 105 102 99 97 100 103 101 91 93 91 92 90 100 90 92 96 96 90 91 94 92 105 101 101 101 100 103 102 102 102 102 101 100 100 101 101 101 101 101 101 101 100 100 99 99 99 99 97 87 85 77 75 101 122
249 252 254 257 266 268 269 271 274 292 290 287 302 315 288 280 268 279 280 295 299 308 306 304 314 352 26 34 53 66 63 90 113 64 104 101 70 81 88 104 111 106 102 101 100 100 101 101 93 90 90 87 90 101 103 93 92 93 93 90 94 95 100 100 100 99 99 103 103 102 102 102 102 101 100 100 101 101 101 100 101 101 100 100 100 100 100 100 100 99 97 95 92 91 93 90
249 252 255 258 260 263 269 272 286 293 294 286 291 310 303 292 289 289 292 306 315 315 313 292 287 324 29 33 53 67 63 104 104 109 108 86 73 82 91 112 132 114 103 101 101 100 99 97 92 92 88 107 89 91 91 94 92 93 95 94 97 100 97 101 96 98 97 97 103 103 102 101 101 100 100 100 100 101 100 99 100 100 100 100 100 100 101 102 103 103 110 101 102 94 87 60
249 252 255 258 261 263 269 272 275 293 300 291 290 305 307 295 291 291 291 293 305 317 323 309 294 313 21 37 40 50 72 123 130 125 61 62 75 84 91 115 141 114 104 110 103 98 97 99 95 92 88 106 90 90 91 95 98 99 98 97 96 99 86 85 98 98 97 98 103 97 101 100 100 100 99 99 99 100 100 99 99 99 100 100 100 100 101 103 106 113 111 108 104 104 91 76
249 252 255 258 261 264 270 273 275 288 299 295 287 291 306 301 294 291 290 287 292 312 320 315 308 320 17 49 19 42 93 131 184 108 127 100 83 89 96 105 118 108 108 105 103 112 104 110 95 90 109 89 91 90 92 98 100 105 96 95 95 98 86 94 98 96 97 99 100 99 99 99 99 99 99 99 98 98 99 98 98 98 99 99 99 99 100 103 108 112 115 106 85 60 89 90
249 252 255 258 266 269 270 271 275 281 293 290 288 286 297 305 297 294 295 292 295 311 315 310 307 317 11 79 15 57 118 133 183 115 77 76 87 94 102 112 120 106 111 110 105 102 99 96 92 88 107 87 89 88 90 95 99 98 94 93 93 98 97 92 93 95 99 99 99 98 98 98 98 98 98 98 97 96 97 98 97 97 98 98 98 98 98 99 98 110 114 90 58 41 89 84
249 253 256 260 263 266 270 272 267 272 286 292 294 286 282 291 291 293 298 296 299 312 313 299 294 304 350 55 34 82 125 127 159 164 131 129 118 118 120 127 135 127 121 121 116 107 101 101 96 85 105 87 90 86 90 98 99 95 93 93 94 95 98 102 104 103 100 96 94 93 93 98 98 97 97 97 96 96 96 96 97 97 97 97 97 96 95 94 90 100 105 99 92 92 92 91
250 253 257 261 264 266 270 274 276 277 285 294 299 287 278 283 288 291 297 295 299 309 312 295 281 283 310 8 59 115 121 135 143 144 160 143 145 146 142 144 149 146 143 144 132 134 125 117 89 106 105 87 90 88 95 101 98 96 97 100 100 99 100 100 100 101 100 96 94 93 93 96 96 96 96 95 95 96 96 96 96 96 97 96 96 94 93 91 85 86 102 123 142 145 111 92
250 254 258 262 265 267 270 279 289 287 289 294 301 308 291 286 291 294 297 295 298 307 310 306 288 284 291 327 41 105 116 119 130 151 149 155 165 170 150 155 160 163 169 170 164 151 135 97 111 107 105 85 90 90 102 102 100 98 97 96 96 95 96 96 96 95 95 94 94 94 93 94 95 95 95 95 95 95 95 95 96 96 96 95 94 93 92 91 89 83 95 118 135 151 97 90
251 254 258 262 265 269 270 273 278 282 283 291 295 304 302 289 296 303 306 305 307 315 313 315 306 301 302 312 18 76 99 123 140 150 149 166 166 157 165 180 190 194 181 183 184 176 129 92 115 107 103 84 90 100 102 98 94 93 93 93 93 95 96 96 94 92 90 90 89 88 87 93 94 94 95 95 94 94 95 95 95 95 94 94 93 93 93 92 91 92 97 98 90 56 74 88
251 255 259 262 265 270 272 274 275 279 278 279 283 288 299 289 290 298 304 308 315 320 318 317 310 306 306 308 348 60 88 115 144 156 164 175 162 152 160 180 192 201 215 223 226 194 184 115 125 104 99 98 88 97 92 90 94 93 91 91 93 96 96 94 92 91 92 92 91 90 91 94 95 95 93 93 93 93 93 94 94 94 93 92 93 93 93 92 91 91 91 86 60 35 104 94
250 254 258 262 265 272 274 276 275 279 281 283 290 294 297 290 282 284 290 296 308 318 320 320 317 311 304 299 324 75 97 112 134 168 168 164 161 160 165 178 189 207 222 228 235 202 199 177 161 104 94 93 79 89 89 93 109 98 91 90 91 92 93 95 96 92 98 90 100 102 89 95 96 91 92 93 93 100 92 92 92 93 93 93 92 91 91 91 103 90 88 88 86 122 144 116
248 252 266 260 273 274 276 277 279 279 287 294 299 298 296 291 283 277 272 274 282 297 309 317 322 324 317 306 309 27 98 113 135 167 168 170 171 173 180 187 199 217 226 232 246 208 210 209 200 124 94 103 103 89 88 95 99 96 94 93 94 93 94 92 91 94 89 91 91 90 86 85 91 92 92 92 92 91 101 91 91 91 93 94 91 89 89 90 105 101 90 99 114 121 151 139
247 251 254 268 271 272 274 285 287 288 288 289 292 296 298 292 284 278 274 273 276 280 284 293 311 330 331 318 316 44 99 111 139 156 166 182 184 186 200 220 228 236 245 248 258 262 223 226 219 166 105 93 102 103 98 93 84 92 97 98 98 95 90 89 89 89 88 85 80 87 89 90 86 92 95 89 94 90 91 91 91 91 92 93 91 88 88 88 104 103 88 101 129 123 141 140
244 250 253 257 267 272 273 275 280 283 280 275 275 283 295 298 298 299 303 297 289 280 275 269 259 249 287 312 328 122 111 107 128 141 171 179 177 185 187 214 242 255 263 257 254 262 270 277 230 185 119 101 95 101 95 94 91 96 98 97 94 91 88 86 85 85 82 85 85 86 88 85 89 91 88 88 88 89 90 91 91 91 92 92 91 88 86 86 102 101 86 88 96 105 134 165
239 245 250 260 264 291 289 274 276 275 274 273 275 274 279 286 289 291 290 279 265 261 258 246 232 226 238 259 291 98 97 83 91 139 154 166 146 135 144 145 149 210 254 259 270 266 263 269 288 216 119 109 100 94 88 86 98 101 102 100 99 97 95 92 88 84 82 81 83 87 82 84 85 85 86 87 88 89 90 90 90 91 93 92 89 86 83 83 83 96 93 75 61 76 121 220
233 241 247 256 260 263 268 268 276 264 265 274 276 269 262 262 263 254 243 238 240 246 242 233 228 225 233 230 191 68 64 64 80 110 135 158 168 170 180 209 202 237 254 260 259 289 289 269 13 101 115 107 104 99 94 92 91 92 94 94 93 93 93 93 93 93 93 93 93 93 92 94 82 81 83 86 88 89 89 89 90 91 92 95 94 86 80 80 81 94 90 76 76 76 70 225
228 235 242 252 255 258 237 266 256 257 264 269 264 259 254 255 252 244 242 248 247 240 238 235 224 222 237 225 190 66 67 71 98 98 97 64 3 173 185 269 270 267 273 287 286 286 291 293 290 106 104 107 100 95 92 89 88 89 88 88 94 93 93 93 94 93 92 92 93 94 93 91 91 92 89 80 83 85 87 88 89 90 92 97 105 99 81 79 94 91 95 79 83 76 62 38
220 227 235 245 249 252 226 261 257 261 266 266 265 262 260 259 252 243 240 240 234 234 246 241 222 231 243 227 202 160 79 73 68 82 41 26 337 301 290 249 256 292 268 274 279 280 275 285 169 110 102 93 91 93 93 90 94 94 88 89 88 94 94 94 93 85 84 84 85 85 84 83 83 96 95 96 96 80 81 83 86 88 90 94 103 117 88 81 79 91 92 83 79 83 75 53
213 220 229 235 240 245 226 256 263 260 266 271 273 270 260 256 245 233 231 236 237 246 252 229 214 231 237 227 225 222 83 66 32 56 31 315 323 295 296 303 294 285 289 260 255 253 258 227 129 104 98 93 87 87 88 88 87 86 86 87 89 86 86 85 84 83 83 84 86 87 87 88 88 88 88 87 84 80 95 93 79 83 85 85 88 100 93 85 80 77 90 91 83 77 78 89
206 213 222 229 234 222 241 251 258 260 266 268 265 256 245 244 233 228 238 254 260 259 242 205 212 231 235 228 224 184 86 52 21 34 38 20 332 303 290 289 297 286 283 288 287 251 251 235 166 96 90 89 89 89 89 88 86 86 88 87 83 83 84 83 82 82 83 85 87 88 89 90 91 91 92 92 91 84 76 72 85 75 76 74 69 65 92 92 83 78 76 91 84 66 72 88
201 207 215 222 233 234 239 245 252 258 264 262 255 242 235 231 229 243 260 266 264 246 210 192 222 241 236 218 203 161 88 49 30 21 18 31 334 317 308 292 291 296 293 287 278 265 265 276 209 91 87 83 84 84 84 83 82 81 82 81 80 81 80 80 81 83 84 86 87 87 88 89 90 90 93 99 102 96 82 70 78 84 73 71 62 65 89 102 91 80 76 72 85 74 71 84
197 201 207 213 225 202 234 239 244 251 256 242 225 225 221 222 234 245 253 257 246 209 190 196 230 239 220 196 194 172 105 58 37 27 26 20 358 348 347 318 310 304 296 285 322 273 226 227 212 117 79 79 82 84 83 81 80 80 80 80 80 79 80 80 81 83 84 83 83 84 84 85 86 89 94 102 114 121 115 82 67 65 87 67 67 72 79 87 89 83 77 73 88 83 85 85
191 194 198 204 210 215 226 229 235 241 223 214 215 224 220 224 223 225 238 237 221 195 192 205 226 222 193 186 194 173 131 78 52 40 42 36 7 347 339 343 322 317 341 348 12 122 187 215 226 210 85 78 80 81 80 79 78 78 79 80 79 79 73 74 75 76 74 70 70 70 72 73 74 77 80 93 109 125 140 138 77 65 66 72 71 86 73 72 79 83 78 74 90 87 71 81
185 187 191 197 205 210 213 220 224 208 203 209 225 234 228 219 207 228 245 240 225 205 199 196 213 202 181 194 200 176 139 113 90 73 65 52 25 1 356 349 345 345 357 26 70 104 143 227 257 248 78 75 79 81 81 79 77 79 81 76 74 72 63 64 65 72 76 73 70 72 74 75 76 79 80 82 81 100 131 170 155 68 69 75 70 72 86 75 78 80 79 75 73 83 69 64
179 181 186 190 199 203 203 210 205 193 202 219 232 229 219 212 217 245 249 245 231 194 179 177 184 183 183 203 198 164 139 124 116 94 86 70 34 8 9 359 354 1 25 55 72 74 53 297 272 246 18 68 80 84 83 81 80 75 77 68 66 62 63 69 70 74 73 71 76 84 83 86 79 76 78 74 71 75 94 157 196 106 66 82 74 74 76 78 79 79 79 77 73 69 67 64
172 172 177 183 187 196 189 199 201 194 213 226 233 229 230 244 173 255 245 233 209 171 162 167 176 181 200 208 182 160 144 132 115 97 90 82 37 8 16 11 15 27 49 59 53 30 10 298 298 324 16 67 82 84 81 81 80 63 65 71 72 72 75 78 79 78 76 74 81 81 82 77 77 74 73 72 71 68 72 98 194 199 81 71 76 73 75 77 78 77 79 80 74 69 67 66
167 177 185 190 187 189 184 200 210 207 219 210 233 240 188 167 257 245 234 218 189 156 154 170 183 202 218 206 164 166 152 137 121 102 88 80 25 337 17 45 51 66 58 58 38 18 357 330 324 339 55 69 73 72 70 74 76 87 89 86 82 79 81 86 86 82 80 79 79 79 73 73 75 72 72 71 69 80 69 73 151 204 136 80 88 81 74 76 76 75 78 84 82 73 70 68
172 172 179 174 178 188 198 195 197 213 219 201 196 188 242 227 215 208 193 197 185 157 161 181 182 201 208 193 197 157 150 138 121 107 84 73 15 332 26 94 94 77 73 56 37 21 3 345 340 23 82 70 98 88 81 86 84 82 83 85 76 74 74 82 81 78 77 74 71 72 72 72 72 72 69 67 66 67 66 66 67 213 175 94 80 72 89 75 73 74 75 77 78 75 74 70
159 167 169 172 183 173 173 190 191 192 192 192 184 229 210 193 194 181 179 190 180 162 162 162 164 168 131 181 154 159 146 135 121 108 82 66 17 353 53 84 91 96 92 63 46 32 21 18 42 86 93 90 92 93 96 91 86 79 82 82 78 78 74 73 78 72 71 68 67 66 67 68 67 67 68 63 63 63 63 57 35 355 132 119 92 79 73 71 70 80 73 68 63 69 73 72
