examples/cougarCreek-fire/createInputs/WindNinja/wrfout_d3.2015081112.f13/cougarCreekFire_08-12-2015_0100_217m_non_neutral_stability_ang.asc
ncols	146
nrows	140
xllcorner	610065.000000
yllcorner	5095217.000000
cellsize	216.586807
NODATA_value	-9999.000000
[rows 51 to 101 of 140, columns 0 to 95 of 146]
157 160 166 179 168 168 184 185 185 186 183 178 174 213 183 179 182 175 182 187 166 156 159 142 163 164 191 114 142 153 145 132 123 106 79 59 24 21 73 92 95 97 113 153 52 45 41 49 61 82 83 84 75 90 81 78 94 93 81 82 81 78 77 74 73 70 76 74 71 69 71 77 71 71 69 70 70 71 58 59 35 19 46 116 114 93 81 76 71 69 82 69 63 67 69 70
164 160 176 163 164 179 181 181 204 179 176 205 185 180 170 169 172 176 180 175 161 164 154 108 158 103 101 107 178 149 145 130 119 104 76 52 30 65 80 91 88 94 110 179 198 142 86 79 78 75 77 76 76 77 77 77 78 71 81 82 81 79 77 71 77 73 73 72 69 69 63 73 72 63 63 64 64 62 59 54 48 44 59 80 94 91 86 82 76 71 67 65 65 66 67 69
153 161 160 160 177 177 192 193 197 205 194 171 156 155 152 147 143 179 177 167 171 156 151 138 178 105 192 157 148 143 135 131 118 103 74 47 51 69 76 81 83 82 87 148 202 188 140 89 82 82 81 78 75 77 76 83 64 42 69 82 78 77 72 74 74 70 68 67 66 67 70 71 68 66 66 65 78 69 62 59 57 58 84 63 60 72 81 81 78 76 74 70 68 66 66 67
149 160 172 171 177 178 175 193 194 195 168 153 155 156 186 175 145 189 183 167 120 117 152 154 153 149 153 148 142 140 126 132 116 106 74 46 73 86 81 81 78 69 66 72 181 206 220 114 87 83 81 79 78 76 77 74 66 59 72 80 75 72 77 80 80 79 75 70 68 69 72 73 70 67 65 64 64 64 63 62 63 62 61 62 65 70 74 75 76 77 76 74 70 67 66 66
143 157 168 171 161 168 175 189 175 171 154 153 156 158 185 175 143 180 133 127 153 151 156 152 164 150 147 146 143 139 130 132 120 109 88 54 97 100 92 83 78 77 59 50 44 60 207 136 102 90 81 78 78 78 77 78 72 67 72 74 71 72 78 80 81 84 82 74 70 70 71 71 70 69 68 68 68 67 67 68 67 63 79 68 65 69 71 71 71 73 73 71 70 70 68 66
138 145 165 163 153 153 171 171 154 154 154 157 153 153 180 145 139 137 124 150 151 153 153 152 150 147 148 136 142 133 130 134 120 113 96 69 107 104 90 84 79 77 68 50 40 31 32 106 121 117 96 82 77 77 78 75 71 72 74 73 71 72 74 75 75 75 73 71 71 70 69 67 66 67 69 70 70 68 68 68 67 73 66 66 65 77 66 67 67 67 67 67 67 69 69 69
140 144 148 147 148 147 164 151 146 145 142 163 136 135 150 141 138 173 146 147 150 151 154 120 148 147 143 135 140 133 136 127 115 115 85 83 118 103 86 88 83 78 76 62 47 41 49 80 106 126 124 104 84 77 76 73 71 72 72 72 73 73 74 74 72 67 62 65 69 68 66 65 64 65 67 68 67 66 67 64 65 66 68 70 69 68 68 68 86 87 65 65 65 65 67 68
142 147 150 146 144 162 152 144 145 142 170 159 134 132 185 146 130 123 125 131 134 155 113 111 148 147 105 138 138 132 135 127 118 115 94 80 112 102 89 92 88 82 79 70 64 53 58 70 73 81 108 120 92 80 76 73 72 73 72 72 72 73 74 74 72 69 67 68 68 67 65 65 64 64 65 65 55 59 63 62 62 62 65 67 69 70 70 81 68 68 67 66 65 66 67 66
139 149 154 144 141 158 140 142 142 166 165 133 160 129 127 126 126 125 127 127 135 131 115 123 146 112 106 140 137 137 129 128 125 118 99 86 97 100 93 96 90 86 84 78 77 81 75 65 60 58 61 63 70 75 74 74 74 75 75 73 72 71 72 71 69 68 67 68 69 67 65 65 65 64 54 62 71 70 63 61 60 61 61 62 64 66 67 68 68 67 67 66 65 66 66 66
132 143 148 139 157 136 138 140 167 164 132 131 130 129 129 129 145 126 127 127 135 132 129 149 121 112 137 140 138 132 131 131 128 121 107 95 93 98 100 98 95 87 84 88 81 82 79 82 78 60 52 44 47 65 71 71 72 73 72 71 70 71 71 71 67 66 64 64 66 65 65 65 57 58 71 70 65 66 71 72 69 66 66 65 65 66 67 65 65 66 66 66 66 65 66 66
133 140 141 137 136 134 136 138 135 133 131 131 131 130 130 131 133 127 128 131 135 152 154 125 119 114 110 137 134 133 134 132 128 120 109 101 93 96 101 99 94 90 87 89 87 88 85 84 83 62 54 52 58 66 69 69 63 64 64 61 61 63 65 66 68 65 63 63 63 63 56 61 71 70 65 67 70 73 71 72 78 72 75 73 73 74 75 74 64 64 65 65 66 66 65 65
145 145 140 136 135 134 135 134 131 131 131 132 133 137 156 155 129 129 127 134 136 152 148 147 121 116 137 134 133 135 135 133 126 122 106 104 99 97 102 101 98 91 92 91 88 88 87 78 76 64 58 59 63 95 68 69 73 67 81 73 61 60 62 62 59 62 61 54 55 58 64 67 65 62 65 72 75 76 75 71 78 77 72 74 62 74 75 75 64 64 64 64 65 66 66 67
146 143 137 134 133 132 132 131 131 131 133 136 135 147 159 135 129 130 132 145 151 149 144 150 124 119 113 132 132 134 136 130 127 120 104 105 104 100 102 102 99 91 90 94 88 85 83 87 85 66 62 62 63 92 68 69 87 68 84 87 64 64 66 61 56 56 55 80 85 69 66 66 66 65 69 72 75 72 76 75 77 61 77 77 62 71 71 73 64 64 63 63 64 64 64 64
146 143 137 134 133 132 132 132 133 136 152 155 140 135 135 132 131 132 135 142 128 132 147 149 144 142 114 131 133 133 132 134 126 115 106 106 104 103 102 100 100 91 92 94 93 86 84 73 70 84 67 64 65 66 68 68 68 74 67 84 65 71 64 77 78 77 79 82 60 83 70 66 78 79 69 71 69 72 72 72 74 78 63 63 63 63 63 77 64 64 63 64 64 64 64 64
147 144 138 135 134 134 134 134 137 158 160 159 156 133 132 133 134 136 124 136 117 132 146 146 142 123 115 108 131 131 131 130 126 114 107 105 108 104 104 105 100 95 91 89 91 88 88 85 73 72 70 64 64 65 89 68 68 67 67 88 66 66 64 82 78 78 79 80 83 89 76 74 78 81 68 68 62 59 59 62 63 64 67 68 69 71 65 65 66 65 64 64 65 64 63 63
146 142 137 135 132 132 135 145 152 156 156 154 149 129 127 133 138 143 121 127 115 114 114 113 149 121 113 108 125 129 133 121 119 114 106 106 117 104 102 111 101 96 87 91 81 80 79 77 74 88 73 68 63 88 67 67 67 66 67 68 82 66 88 88 87 80 69 83 79 79 75 66 75 78 78 67 54 57 60 63 60 62 64 64 61 61 63 65 65 65 64 65 64 63 62 62
148 143 138 140 135 134 141 149 153 153 151 150 145 129 126 135 148 151 116 142 128 126 112 111 145 122 113 109 130 133 126 117 115 115 112 110 118 103 106 108 100 97 86 79 79 86 92 91 87 89 90 70 71 66 90 68 66 65 66 71 67 80 81 64 88 84 83 60 61 76 72 73 77 78 80 81 59 59 59 59 59 59 61 63 62 61 70 68 63 64 66 66 66 65 65 63
147 142 137 145 141 145 146 144 151 150 144 133 131 122 123 132 158 142 127 123 125 139 108 134 141 106 104 109 134 127 126 115 114 122 120 112 118 108 107 111 101 105 79 76 76 76 75 88 76 88 88 66 66 68 69 93 66 64 65 88 78 80 75 87 75 74 72 61 61 79 71 69 67 67 74 84 84 76 61 62 67 60 59 65 69 74 64 69 64 66 67 66 67 66 65 65
143 139 133 144 142 149 149 149 149 147 141 138 137 119 121 128 169 141 140 107 126 137 135 136 140 105 104 110 133 124 128 117 112 116 121 121 119 109 108 112 107 99 97 77 76 76 76 76 74 74 74 67 67 68 69 70 95 66 65 69 75 67 67 80 84 80 78 62 61 60 77 72 72 66 70 74 79 61 59 59 59 59 60 61 62 64 64 64 65 67 66 66 67 65 63 62
141 137 131 141 139 145 146 147 146 145 142 140 132 115 119 130 183 136 137 105 107 136 123 137 119 105 106 111 128 131 128 124 112 115 122 118 119 109 109 108 108 107 98 79 76 76 88 87 74 72 68 67 67 89 68 69 70 69 66 65 70 65 66 67 67 76 76 80 62 61 83 77 75 75 75 76 76 59 66 62 59 60 56 52 53 59 60 60 61 57 63 65 66 65 63 61
142 135 129 128 138 143 144 138 144 142 141 140 114 126 114 133 197 129 134 104 125 135 106 120 105 105 109 129 128 131 129 118 94 92 122 122 111 109 110 113 112 98 95 93 76 75 76 85 75 74 72 67 74 89 88 68 69 69 68 66 64 83 64 64 65 65 64 70 79 63 62 84 75 75 75 76 77 76 76 73 59 58 73 73 52 53 53 56 66 62 56 57 60 62 63 62
141 134 129 127 138 143 144 136 142 140 140 137 133 115 106 127 207 121 120 105 106 106 105 119 105 104 113 125 129 130 128 115 110 122 122 119 110 95 117 109 106 101 85 98 82 74 76 86 74 68 72 67 85 91 68 69 68 68 68 68 66 65 86 69 67 62 66 61 62 66 62 79 75 70 70 75 75 78 75 79 74 72 75 77 58 75 74 76 77 58 78 72 68 67 63 63
138 132 128 126 138 142 142 136 140 138 138 136 132 104 101 94 167 117 108 107 107 107 106 134 105 109 130 130 127 108 126 113 110 120 114 119 96 103 117 109 112 101 86 101 91 74 85 77 75 67 73 66 84 67 89 68 68 67 67 67 68 66 72 85 80 77 68 73 70 71 72 72 74 72 72 75 76 76 77 78 76 71 72 78 80 79 77 77 79 60 60 77 70 68 63 62
133 131 127 125 138 142 142 140 138 137 137 136 109 126 95 89 120 117 111 109 109 108 107 119 106 112 130 128 111 128 118 112 114 104 115 120 96 103 117 111 111 100 99 105 80 76 76 77 77 76 66 83 84 67 68 86 67 67 66 67 68 67 66 87 81 77 80 80 76 79 83 79 77 59 74 73 76 77 78 79 77 72 70 76 79 80 78 71 72 81 62 61 77 68 60 58
131 130 127 139 139 138 137 139 138 139 131 135 131 129 108 122 129 119 113 133 110 109 107 108 116 118 132 111 129 123 121 113 125 101 119 112 96 106 116 113 112 99 98 85 81 90 71 83 69 78 66 66 87 67 68 86 87 66 65 66 67 67 66 73 82 70 76 71 69 81 59 60 81 73 59 74 75 78 77 78 77 72 66 67 74 79 79 76 68 70 80 62 60 75 57 56
131 129 127 139 138 138 137 135 140 134 115 114 113 133 116 132 130 117 136 111 110 109 108 108 122 134 132 130 123 127 124 116 125 118 119 98 96 109 97 112 106 98 97 98 82 80 88 70 69 79 67 66 66 67 67 79 86 67 66 67 66 67 67 65 83 79 79 80 68 75 86 78 74 79 76 86 75 78 79 75 76 72 64 65 71 77 77 76 72 66 62 63 62 59 57 57
130 128 126 138 138 138 137 136 137 134 117 126 115 113 113 124 124 115 112 111 110 109 108 122 122 133 133 130 128 126 121 123 120 121 111 96 87 109 97 114 92 92 90 89 83 80 89 70 68 79 67 67 66 67 67 79 86 66 66 66 88 67 67 65 77 82 82 82 76 71 80 83 87 84 60 60 61 83 80 76 74 74 72 68 71 58 76 71 72 67 63 61 62 61 59 59
129 127 125 139 139 122 137 141 138 136 134 136 113 112 110 116 119 115 112 111 110 109 109 117 123 134 131 129 129 126 124 122 124 120 102 89 87 100 113 110 94 92 91 89 87 84 82 84 68 80 79 67 66 66 67 68 85 86 85 66 67 68 67 65 64 83 82 81 74 61 61 62 84 84 61 61 87 80 75 75 76 75 71 69 68 58 60 73 72 73 72 66 59 61 62 60
128 126 124 138 139 121 137 136 137 136 133 134 133 110 113 117 117 114 112 111 110 109 133 107 106 133 130 128 128 128 120 117 119 119 101 88 87 101 112 111 92 91 91 90 88 86 83 79 88 69 80 68 66 66 67 77 68 84 89 67 68 69 69 66 64 75 75 74 73 60 60 61 62 76 81 80 61 62 74 74 74 76 74 71 69 59 61 60 59 59 59 72 69 59 61 63
127 125 124 137 139 120 119 136 136 136 135 137 130 111 115 117 115 114 112 111 110 109 116 106 120 133 129 98 127 115 126 119 119 118 101 87 85 100 97 113 93 91 90 91 90 86 83 76 79 70 69 68 66 66 68 69 67 80 77 67 67 67 68 85 64 63 80 72 73 69 70 71 61 62 75 81 62 63 79 70 68 79 59 59 59 60 61 61 60 60 60 59 59 68 60 62
126 124 122 134 122 120 118 135 135 135 134 132 131 111 114 115 113 112 111 110 109 128 106 105 117 120 100 98 114 123 113 119 118 120 100 97 98 115 113 84 82 80 91 89 88 87 84 70 74 70 68 67 65 67 69 78 77 64 73 77 66 66 66 66 81 64 75 76 76 70 73 79 72 62 63 63 63 64 78 72 63 59 60 59 59 60 61 62 61 61 60 60 59 69 59 60
125 123 121 136 120 119 118 134 133 134 134 113 130 112 113 113 112 111 110 109 133 122 104 103 115 129 99 98 123 118 113 123 119 115 100 96 99 99 99 83 82 81 92 88 86 87 84 71 87 79 67 66 66 70 81 76 75 80 76 74 86 65 65 65 65 65 64 82 77 81 71 72 78 71 62 70 78 64 64 73 67 59 61 61 60 59 60 61 62 62 61 60 58 59 59 58
124 122 120 120 119 118 117 134 131 134 134 113 133 111 132 111 111 110 109 132 131 112 103 102 115 100 99 97 123 108 124 121 106 104 101 98 112 85 97 82 82 94 80 89 75 74 73 88 81 80 77 65 68 82 86 77 66 77 77 75 76 85 76 63 64 64 64 77 79 80 77 76 79 79 74 71 74 86 84 75 75 59 60 62 62 61 60 60 60 61 60 61 59 60 58 57
123 121 119 119 118 117 116 133 132 133 113 113 130 111 111 110 124 109 107 131 117 104 102 100 100 123 98 112 112 107 124 121 91 89 116 85 111 84 96 82 83 83 80 76 75 74 73 73 81 71 79 68 81 79 77 67 68 67 78 66 77 76 75 76 75 76 78 76 84 79 78 71 82 80 78 78 77 81 81 62 60 60 60 61 63 62 62 60 59 60 60 60 60 62 60 59
121 120 118 117 117 116 115 133 132 133 112 129 123 125 110 109 108 128 131 128 112 102 100 99 98 121 119 117 111 94 117 119 90 89 117 112 110 97 81 82 83 83 78 76 75 74 74 73 73 71 70 71 71 68 67 68 69 69 68 67 67 78 65 77 81 80 85 63 76 83 82 70 72 84 83 80 79 80 64 64 62 62 61 61 61 83 62 62 61 61 60 59 60 61 60 62
120 119 117 116 115 115 114 113 133 112 111 131 111 131 109 107 127 126 128 118 102 100 99 119 97 119 97 117 110 115 116 104 117 90 118 107 114 112 82 82 92 79 76 76 76 75 74 74 73 72 71 71 70 68 68 69 69 69 69 68 68 67 67 66 85 83 86 78 77 77 77 78 76 78 81 62 81 62 63 62 61 71 62 62 61 61 61 61 61 73 60 60 61 59 59 59
118 117 115 115 114 114 113 112 111 111 110 122 111 130 129 129 126 120 126 113 101 99 98 97 121 119 95 117 93 119 91 105 91 90 89 87 86 84 112 109 79 76 74 76 76 75 74 74 73 72 72 71 70 69 69 69 69 69 69 69 68 68 68 67 79 86 88 79 78 63 62 82 77 75 77 77 78 81 82 75 60 68 61 62 61 61 60 60 60 60 60 60 59 58 58 56
117 116 114 114 113 112 134 111 111 110 109 121 109 124 129 127 125 123 125 100 99 97 97 96 120 95 94 94 93 92 110 116 115 89 88 115 85 85 112 83 79 76 75 77 77 76 75 73 73 72 72 71 88 70 70 70 70 69 69 69 68 68 68 67 88 85 79 87 86 86 63 83 79 77 62 62 63 64 64 75 61 60 61 62 61 61 61 61 60 59 59 60 59 57 57 57
116 114 113 112 111 111 132 110 109 109 107 127 107 108 128 126 124 118 118 99 97 96 96 121 95 95 94 94 93 92 91 110 115 87 87 86 85 84 110 82 79 78 77 77 77 77 75 74 73 73 72 71 88 89 70 70 70 69 69 69 69 68 67 89 79 85 85 87 85 84 84 83 82 82 76 75 76 62 62 62 62 61 61 61 61 61 61 61 60 59 59 59 58 57 57 67
114 113 111 111 110 109 109 109 109 108 106 124 105 106 126 125 123 122 121 97 96 95 95 95 95 95 94 93 112 114 113 117 115 86 86 85 84 83 82 80 79 78 78 77 77 76 74 74 74 73 72 72 71 89 71 70 70 69 69 69 69 90 68 89 88 86 84 85 83 81 80 83 63 63 83 81 78 79 74 61 60 59 60 60 61 61 61 60 59 59 59 77 73 73 73 72
111 111 110 110 109 109 108 108 108 107 127 123 103 122 126 125 123 100 98 97 96 95 120 95 94 94 114 116 114 113 118 115 113 86 84 83 83 82 81 80 80 79 78 77 101 75 74 74 73 73 73 72 72 88 71 71 71 70 69 69 69 89 90 87 88 65 86 84 78 78 63 79 63 64 63 78 80 62 79 74 72 73 72 59 59 60 60 59 59 59 59 60 59 75 58 58
109 109 109 109 108 108 107 106 106 106 126 121 116 123 123 122 121 119 97 96 95 95 118 94 94 93 116 112 112 113 113 89 87 85 84 83 109 81 97 90 80 79 80 77 77 75 74 74 73 73 73 72 72 85 86 71 71 71 70 70 69 69 88 86 88 67 66 85 80 78 62 79 63 64 82 80 79 79 78 74 72 74 61 78 60 75 74 74 60 60 61 60 58 58 60 59
108 107 107 108 107 106 106 105 104 104 103 121 101 123 101 122 120 119 96 95 95 95 117 94 93 111 112 112 111 117 109 87 86 85 83 100 82 81 81 82 81 79 77 77 76 75 74 74 73 73 72 72 72 87 86 89 71 90 70 70 70 69 86 83 86 68 67 86 82 79 76 82 63 64 82 80 79 62 73 68 61 60 72 62 61 79 61 80 69 60 73 74 62 59 61 60
107 106 105 119 106 105 105 104 103 103 103 101 122 100 100 99 121 119 95 95 95 94 94 116 92 110 111 117 114 113 113 105 112 108 100 82 82 81 81 81 81 79 78 76 74 74 74 74 73 73 73 72 72 72 84 86 86 84 89 70 70 70 87 80 69 83 87 66 82 80 77 82 64 64 81 82 82 80 73 72 72 71 60 69 72 74 73 61 78 77 60 59 59 61 62 61
106 105 104 104 104 104 104 103 102 102 102 101 100 120 98 119 120 119 116 94 93 93 93 92 92 92 115 111 88 88 87 112 109 99 83 82 82 81 81 89 78 77 77 75 74 74 74 74 73 73 73 73 72 72 81 78 80 82 83 88 71 70 84 78 68 74 78 82 81 80 77 80 86 85 83 62 62 62 74 72 72 71 61 61 61 71 61 61 61 61 61 60 59 58 58 59
105 105 103 103 103 102 102 102 101 100 100 100 99 120 119 118 120 118 116 92 92 115 92 92 92 111 114 111 113 103 87 109 85 84 83 82 82 81 87 81 78 77 76 74 74 74 74 73 73 73 73 73 73 72 72 72 72 72 72 71 85 87 83 84 81 76 67 76 78 77 77 80 80 81 83 84 62 62 82 61 67 65 65 68 61 61 76 60 71 60 60 60 70 57 57 56
104 104 103 102 100 101 101 100 100 99 99 99 98 120 97 96 120 118 115 91 90 91 92 92 92 114 112 114 87 87 86 85 84 83 83 82 82 81 81 80 79 77 76 74 74 74 73 72 72 72 72 72 72 72 72 72 72 72 72 71 71 84 85 84 81 67 67 66 66 65 65 65 65 77 80 82 62 62 62 79 60 65 60 60 60 61 78 60 60 64 63 68 59 59 58 57
101 101 103 101 100 99 100 100 99 98 98 97 97 118 96 96 118 117 115 91 90 91 91 91 90 113 113 88 87 87 85 104 83 83 99 96 94 89 90 92 78 77 75 73 73 73 73 72 72 72 72 72 71 71 72 72 72 71 71 71 71 70 70 69 76 68 67 66 65 65 65 64 64 78 78 80 84 62 62 82 61 60 60 60 60 60 61 58 59 59 58 58 59 56 59 57
101 100 101 101 98 97 98 98 98 98 97 96 96 96 96 95 94 93 92 91 91 90 90 89 113 113 88 88 112 112 85 84 84 98 96 94 93 98 95 82 80 79 74 73 73 73 73 72 72 72 73 72 71 71 72 72 71 71 71 71 70 70 70 69 69 68 66 66 65 65 73 76 76 63 76 77 82 63 62 62 79 76 60 76 76 60 61 61 59 60 56 56 59 59 59 57
102 102 103 98 94 95 96 97 98 97 96 96 95 116 94 94 94 93 93 92 91 115 88 114 87 87 87 87 112 111 103 84 84 83 105 104 95 78 78 81 85 82 74 73 74 74 73 72 71 72 73 72 71 72 72 72 71 70 70 70 70 69 69 69 68 67 66 66 66 72 75 75 75 75 73 64 64 80 62 62 81 77 61 61 61 62 61 62 62 61 60 57 57 59 58 58
100 101 104 99 93 94 95 96 95 97 96 96 95 94 93 93 93 93 92 92 91 90 87 110 87 87 112 111 111 85 85 101 106 108 107 106 78 78 78 79 78 72 71 73 74 73 72 71 71 72 72 71 72 73 73 71 71 70 70 70 69 69 69 68 72 73 72 66 66 65 71 71 72 70 63 63 70 75 80 83 79 76 61 68 60 59 59 60 60 60 59 59 57 56 56 55
