examples/cougarCreek-fire/createInputs/WindNinja/wrfout_d3.2015081212.f21/cougarCreekFire_08-13-2015_0900_217m_non_neutral_stability_ang.asc
ncols	146
nrows	140
xllcorner	610065.000000
yllcorner	5095217.000000
cellsize	216.586807
NODATA_value	-9999.000000
[rows 84 to 125 of 140, columns 0 to 94 of 146]
347 343 342 348 345 347 322 322 343 343 326 322 335 332 336 331 328 327 356 346 317 318 325 332 335 11 7 359 345 322 347 333 324 338 343 343 329 310 325 247 253 251 283 305 298 296 309 211 215 248 292 206 217 211 198 192 189 189 187 186 187 228 184 224 168 158 152 147 205 166 168 165 282 9 316 300 296 323 330 152 322 156 150 278 317 336 321 315 312 301 289 284 276 286 310
346 345 345 345 344 345 348 342 347 328 325 321 323 341 1 332 358 360 351 340 318 321 326 330 342 12 7 358 350 321 336 345 331 330 345 338 332 320 310 258 260 255 234 288 295 301 260 190 212 212 283 262 209 200 195 191 226 190 190 188 187 234 184 183 280 270 214 168 170 250 247 171 238 272 316 304 311 315 272 259 282 316 316 288 287 314 313 303 313 317 304 294 297 279 290
341 346 345 343 345 347 349 347 349 328 324 321 324 350 1 360 355 351 322 319 318 323 329 330 355 9 9 359 353 334 338 355 337 309 344 338 340 342 263 262 257 241 216 286 321 300 308 207 210 211 280 277 284 197 195 193 191 208 191 190 186 184 183 181 263 297 243 222 262 280 187 276 268 269 298 311 319 339 249 146 154 267 300 306 296 307 304 253 263 280 297 279 289 299 308
343 346 347 345 346 346 326 328 329 328 324 321 326 348 353 359 355 338 323 320 320 324 329 347 2 12 10 3 358 350 354 345 332 287 328 344 340 342 328 254 246 229 207 315 230 305 318 205 202 223 269 283 231 197 194 194 192 190 191 215 235 214 184 181 279 168 257 238 265 265 297 262 265 164 161 275 271 299 317 269 254 173 281 298 291 298 320 322 267 275 289 296 302 306 312
345 346 343 345 348 347 345 349 330 329 324 322 328 336 352 358 353 325 323 319 322 328 331 355 11 18 17 9 2 359 1 353 338 289 312 345 339 339 242 238 230 217 205 329 197 286 299 283 201 203 234 277 198 280 202 196 219 211 191 220 220 212 217 182 265 289 273 260 273 276 282 286 291 283 162 147 137 141 155 274 273 275 279 294 303 296 300 278 274 282 296 302 307 312 316
348 346 347 345 348 344 346 349 328 328 324 334 328 332 353 359 352 321 321 319 323 329 337 7 26 318 314 345 356 359 307 351 343 297 289 346 344 341 232 225 217 315 204 342 189 290 296 241 181 190 207 271 197 194 212 196 211 208 206 217 253 207 212 236 258 250 273 266 274 279 275 312 321 301 268 279 285 262 135 254 265 265 252 275 277 285 297 292 290 291 297 304 311 316 318
350 347 347 347 348 348 349 347 327 327 324 337 329 335 351 321 351 319 320 320 325 330 349 17 326 319 315 359 350 358 0 350 349 326 297 325 352 342 223 216 211 223 202 270 204 265 285 163 204 202 189 244 198 194 196 204 193 205 190 191 236 262 185 238 253 260 270 271 269 271 286 308 194 202 190 298 299 306 285 160 196 244 276 289 304 306 302 300 304 303 304 306 312 318 319
351 346 343 345 345 346 348 347 326 326 323 323 329 335 330 356 346 320 320 320 327 334 1 17 325 318 4 360 2 358 351 346 342 338 320 336 3 346 212 72 203 310 195 293 299 285 180 205 204 202 205 204 250 233 220 208 197 208 213 190 234 216 250 225 271 186 275 241 250 253 255 291 200 211 321 291 298 304 292 279 280 288 284 283 297 296 298 299 299 303 304 306 311 316 317
348 353 340 342 347 343 349 346 345 321 318 336 327 345 327 351 320 338 322 322 329 343 11 327 326 318 349 359 6 2 341 336 340 340 334 351 14 346 82 206 222 329 194 194 194 196 173 172 201 202 205 202 250 193 194 251 212 213 217 199 219 256 219 226 277 193 195 291 259 259 261 294 203 217 294 280 296 291 285 272 276 286 304 300 299 295 292 292 293 299 299 297 302 309 311
350 322 322 323 339 336 349 320 345 317 353 339 325 348 345 347 352 341 324 326 331 344 5 17 325 318 352 359 360 352 341 331 344 355 5 41 212 204 205 208 203 199 200 198 193 165 167 200 200 201 202 232 247 194 194 193 220 244 221 206 212 219 228 234 243 277 278 251 283 258 259 304 214 223 292 300 291 268 223 250 264 272 275 293 307 304 305 287 290 293 292 290 292 303 307
324 322 322 325 341 338 350 322 321 319 314 349 346 343 344 346 349 347 323 327 330 342 2 12 322 318 357 350 342 354 357 341 3 19 266 236 212 202 211 217 208 199 199 195 190 192 197 198 199 199 199 222 239 197 196 194 228 194 227 226 211 252 256 192 196 244 280 279 288 267 265 299 224 298 305 322 192 302 281 266 269 277 285 291 292 292 292 303 289 290 296 293 293 287 299
350 320 333 325 340 337 327 358 322 350 350 349 348 340 343 343 348 352 321 327 330 348 2 322 319 317 352 340 324 11 308 359 17 34 283 238 211 204 220 223 206 194 192 189 188 192 195 196 197 198 198 197 198 199 198 196 196 196 196 195 252 229 238 199 200 200 205 263 272 274 269 279 300 300 315 331 234 250 261 278 269 274 289 294 293 297 296 303 299 289 297 304 294 299 306
319 319 339 335 338 342 327 358 354 355 341 347 349 340 341 340 353 357 323 331 336 9 324 323 320 320 348 343 3 26 16 16 41 328 324 285 209 198 213 211 197 189 185 183 187 191 193 193 195 198 199 199 199 199 199 199 198 198 197 196 237 228 202 205 242 211 219 229 232 271 273 282 277 290 309 320 255 259 264 280 278 281 286 294 304 310 308 309 299 296 296 305 298 306 313
319 321 338 339 335 352 358 327 357 360 326 353 350 344 326 341 350 349 325 335 338 334 329 325 321 347 327 1 13 334 18 348 346 348 354 359 70 180 202 197 188 184 181 181 184 188 189 191 193 196 198 199 199 199 200 201 201 200 200 200 201 205 208 211 216 224 231 235 235 235 240 248 252 285 289 314 328 263 265 301 284 291 296 304 295 309 308 304 305 304 313 314 317 314 316
317 322 328 342 342 327 353 328 328 325 356 358 346 338 327 328 347 341 340 1 335 333 332 330 352 343 350 330 11 14 19 352 356 360 8 25 66 129 173 176 179 180 178 178 180 182 186 189 192 196 198 199 199 200 203 203 203 203 203 205 206 210 214 221 229 236 238 239 240 250 250 255 253 286 290 301 317 268 271 312 294 294 295 299 304 304 320 302 303 314 318 319 316 315 321
313 335 326 342 2 325 342 327 328 357 4 325 345 331 328 329 339 338 344 334 334 9 331 333 333 352 359 2 1 14 22 33 0 8 20 40 70 109 149 168 182 179 170 171 173 176 181 186 191 197 200 199 200 203 207 207 207 207 208 210 213 218 225 234 242 244 242 241 242 247 252 252 281 278 283 291 305 316 280 283 304 287 299 304 309 303 308 301 297 304 319 316 315 312 314
318 346 321 352 328 342 343 353 348 327 328 325 341 328 331 332 341 335 345 331 333 331 330 357 6 3 360 355 355 18 352 358 4 13 27 43 61 80 99 181 257 156 143 156 165 170 174 181 189 197 200 200 202 208 211 211 210 211 213 217 223 231 241 242 250 248 245 243 246 250 252 253 255 261 271 285 295 300 289 287 307 304 295 295 304 300 300 304 301 314 310 311 309 308 309
322 319 319 9 325 344 358 327 327 355 323 354 339 343 335 333 340 333 342 352 327 329 332 332 329 330 1 353 354 27 351 1 9 18 31 39 40 34 13 349 352 73 122 144 158 164 168 174 185 195 201 202 206 213 216 215 214 215 220 227 237 246 251 253 253 250 248 249 253 257 259 261 272 273 272 276 288 295 304 310 303 298 294 291 286 308 285 292 311 299 309 306 315 308 312
321 323 326 321 325 348 325 349 335 3 323 352 353 346 344 344 328 328 337 338 327 12 22 330 329 333 6 359 11 349 353 5 17 24 31 31 24 14 2 359 47 96 122 141 153 160 164 171 182 196 204 207 211 217 220 219 219 222 230 241 251 255 254 253 254 255 254 255 259 260 261 262 263 272 285 292 295 295 299 306 298 295 296 299 305 314 307 306 301 287 288 284 322 317 299
321 325 328 327 6 321 342 347 351 333 327 358 321 338 358 351 326 330 333 336 14 333 34 352 5 8 6 2 12 352 24 24 22 26 29 29 29 37 84 124 120 116 123 137 147 152 159 169 182 196 206 210 216 221 224 224 227 235 245 255 261 261 251 261 263 257 257 259 268 271 272 272 271 277 287 295 299 301 306 312 307 303 300 302 316 316 315 318 321 320 311 304 299 302 312
321 322 323 325 322 358 319 334 6 330 329 327 348 343 327 340 334 331 333 347 341 35 24 329 357 9 7 1 17 19 13 22 22 25 30 38 58 97 124 129 125 119 119 129 140 146 151 164 182 195 202 209 216 225 234 239 243 250 258 264 267 267 268 271 273 260 261 268 286 290 282 285 288 289 289 292 300 303 305 311 307 305 306 303 309 322 319 315 317 314 315 323 328 324 314
327 322 320 321 322 315 352 322 334 356 327 329 329 3 329 329 335 330 333 346 12 336 332 359 1 338 7 349 17 19 11 15 20 26 36 51 69 86 100 107 109 109 110 118 134 146 149 159 180 196 202 208 218 230 246 260 264 264 267 270 274 277 277 277 271 271 275 290 292 295 300 292 293 295 294 294 297 300 300 299 306 310 310 307 309 318 320 317 311 327 313 322 325 324 331
329 327 324 323 325 323 318 320 4 328 357 324 342 355 326 331 337 330 334 332 10 11 359 333 338 12 342 353 17 6 12 16 22 30 44 58 64 68 73 83 93 99 103 111 126 143 152 157 176 197 206 214 227 244 263 280 282 277 277 279 283 287 284 280 280 285 291 294 297 299 303 307 311 301 298 295 295 295 298 305 306 309 311 305 301 301 308 312 307 307 321 320 312 324 325
334 329 326 325 326 326 325 326 324 330 356 345 355 323 345 348 330 333 336 340 18 18 330 357 339 340 6 5 2 6 12 18 27 39 48 51 72 80 80 64 78 87 93 102 116 134 147 157 174 199 213 222 245 269 281 292 294 287 286 288 292 294 291 286 287 293 283 286 288 291 293 298 303 304 303 302 303 304 309 312 311 309 313 313 307 332 306 309 311 305 322 327 313 303 312
326 323 326 324 324 323 323 326 330 0 329 359 322 352 351 349 334 334 339 337 25 336 9 5 8 13 7 15 359 16 15 25 18 42 42 60 35 34 43 57 67 73 78 85 94 93 130 151 179 213 229 238 268 279 280 280 288 291 293 295 298 302 302 297 297 285 292 297 298 299 300 316 306 307 307 308 308 310 311 312 314 313 313 318 321 320 314 312 316 317 317 319 309 301 301
323 322 331 324 322 323 322 322 329 334 335 326 357 352 356 345 326 338 344 348 16 15 353 357 1 4 7 356 2 11 23 16 37 36 51 30 53 36 51 60 62 64 68 72 79 81 92 112 237 267 272 277 278 274 270 271 283 294 300 303 306 313 315 311 309 311 298 300 302 317 308 318 309 318 319 312 310 309 309 312 313 312 312 316 323 329 326 325 331 326 319 313 314 316 320
317 322 324 329 323 324 324 322 329 337 340 326 356 328 327 343 340 0 326 347 6 0 353 355 4 4 3 14 7 13 21 31 46 54 52 54 47 45 31 58 58 60 63 69 71 72 60 23 326 314 312 306 288 279 277 283 293 303 309 312 316 322 324 321 319 322 307 306 306 308 307 304 303 306 311 312 311 310 311 312 314 316 317 318 321 330 330 328 333 333 332 331 322 326 331
312 316 322 324 321 321 324 323 328 335 336 329 329 328 350 348 332 329 328 330 332 333 336 2 8 12 6 13 11 15 29 24 54 49 48 42 34 46 50 58 60 63 64 64 63 65 38 356 331 328 328 323 307 298 297 301 306 311 315 318 322 326 328 325 324 318 319 317 316 314 311 310 311 310 310 313 314 316 315 315 319 320 318 318 320 327 330 326 329 334 336 347 332 327 332
311 313 317 320 320 318 317 320 326 336 5 335 358 351 342 353 333 330 329 331 334 337 340 7 11 16 14 2 7 24 37 44 36 22 37 24 38 43 51 52 58 61 61 63 64 44 14 345 332 331 332 326 317 310 308 309 312 316 318 320 323 327 329 327 326 329 332 333 322 320 319 320 321 319 317 316 318 318 317 319 324 327 324 325 324 326 333 334 332 334 334 344 349 332 327
312 314 316 318 317 312 313 315 319 329 337 9 352 338 342 350 329 328 328 333 339 343 343 9 20 20 15 15 17 22 28 25 25 22 22 31 38 44 45 47 49 52 59 68 73 21 357 341 332 330 329 324 318 312 310 310 313 318 321 322 326 329 330 328 327 328 330 331 331 323 322 328 322 324 322 320 322 323 324 322 325 330 325 324 324 323 328 334 334 339 337 329 339 330 317
313 315 316 316 318 317 315 313 316 319 347 332 323 343 350 346 323 322 323 330 338 343 346 11 28 22 11 13 14 17 17 23 25 22 19 33 39 45 39 40 45 54 64 34 20 3 350 341 333 329 325 320 316 311 309 309 313 319 322 325 330 333 331 323 321 321 322 321 321 320 319 318 317 320 323 323 327 328 327 326 327 330 326 323 322 323 327 331 331 335 340 333 332 339 341
313 315 317 317 318 321 323 323 320 316 320 328 355 353 334 325 324 323 324 328 344 2 7 32 32 8 11 13 16 16 10 27 33 26 26 31 40 40 36 37 47 53 54 49 37 354 347 342 334 328 322 317 313 309 307 309 313 317 321 325 331 333 331 328 321 320 321 320 319 319 318 318 318 320 323 324 325 325 322 321 324 328 328 327 327 327 331 333 333 333 333 333 332 345 337
314 315 317 316 316 319 321 325 327 327 327 326 350 357 329 330 327 325 328 332 337 4 13 28 15 0 9 11 18 11 8 27 31 29 26 40 39 32 35 40 47 46 44 34 22 11 344 342 334 326 319 315 311 308 306 308 311 314 317 322 329 331 329 323 321 319 319 318 319 320 320 320 321 322 324 325 323 322 319 317 320 322 324 324 324 326 331 334 335 338 331 329 323 321 340
314 315 315 313 313 314 318 323 328 330 329 320 315 325 329 330 327 328 332 334 339 12 27 23 349 349 11 11 12 3 8 27 37 36 35 35 26 31 33 42 41 41 40 30 16 4 1 338 332 325 317 311 309 306 304 304 306 307 310 317 324 328 326 326 323 321 319 317 319 321 322 320 320 322 322 323 323 324 323 322 322 322 322 322 325 328 334 333 334 349 345 334 327 351 321
317 315 313 311 313 316 319 323 327 331 331 331 328 323 347 329 328 329 332 335 339 11 339 6 343 350 13 11 7 3 13 33 37 34 32 27 19 28 40 43 39 37 32 20 6 337 357 356 327 322 314 308 306 304 303 302 302 304 307 313 319 324 325 324 324 323 321 318 317 320 323 320 319 319 318 319 320 322 323 324 327 330 330 327 327 332 343 337 335 347 345 339 339 329 323
319 316 314 312 313 315 319 324 325 329 328 327 326 329 328 3 327 331 2 333 356 10 16 336 343 2 9 10 9 6 19 30 31 30 26 22 25 36 44 41 36 32 23 12 0 357 357 350 342 315 309 305 305 305 304 303 303 305 314 316 319 321 323 323 323 322 321 319 315 316 322 324 322 321 319 321 323 325 328 328 326 329 332 329 330 333 344 341 336 345 345 342 350 346 338
315 315 316 315 314 314 319 323 325 327 324 320 319 324 330 334 356 2 12 356 4 334 14 6 3 4 359 9 13 1 7 12 24 28 21 21 32 37 41 39 30 25 20 11 5 2 357 349 341 330 320 303 304 304 304 303 311 312 314 317 320 320 322 323 324 322 320 320 316 314 318 324 325 324 322 321 321 323 329 330 327 327 328 328 326 324 329 332 335 343 344 340 347 345 345
316 312 314 316 314 315 320 322 322 321 325 321 320 322 326 323 2 12 359 354 4 17 13 15 5 356 359 11 14 360 4 21 24 27 17 24 37 38 38 32 23 20 19 13 9 3 356 350 343 330 319 315 312 311 310 309 311 311 313 318 321 320 321 324 321 320 320 321 319 314 317 321 320 319 319 319 321 322 327 329 327 328 330 330 327 346 346 346 337 332 343 335 345 343 339
316 309 311 318 310 310 319 319 318 322 326 324 322 323 325 332 329 19 330 357 1 6 5 0 345 350 7 20 14 2 359 24 24 23 15 26 34 31 31 24 16 21 20 12 7 1 354 351 343 332 322 316 313 310 309 309 309 310 311 316 322 320 318 323 320 319 323 322 322 317 316 315 315 317 318 320 322 323 327 328 326 328 332 334 335 335 328 350 350 321 331 329 337 339 336
315 309 308 310 311 310 317 316 314 317 322 327 323 322 322 330 341 25 358 352 360 4 3 359 345 352 16 349 353 0 0 13 13 13 16 25 28 25 23 17 15 19 15 7 4 356 350 351 344 332 323 317 314 310 309 309 309 309 309 313 320 319 316 320 324 316 316 320 319 317 317 319 321 321 320 319 320 321 324 327 327 329 331 334 338 345 343 340 333 332 334 337 341 338 335
315 311 308 308 308 312 317 318 314 314 323 332 325 321 319 325 334 344 3 334 4 7 4 359 344 349 350 347 351 358 2 4 9 12 22 26 28 26 22 20 20 19 13 5 0 355 351 353 343 332 323 317 313 311 309 308 307 307 307 310 315 314 312 315 318 311 312 317 313 313 317 323 325 324 323 321 321 322 324 324 326 331 340 338 338 346 346 344 339 337 359 351 344 338 335
315 315 313 304 310 311 315 317 316 314 321 328 327 323 320 323 335 343 332 337 332 3 3 2 359 359 346 347 357 355 358 355 12 20 30 29 27 25 25 23 21 19 12 3 359 358 353 351 339 329 322 317 314 312 309 307 305 303 303 304 306 304 303 305 308 316 319 319 305 313 314 321 324 326 327 322 321 320 321 323 325 331 340 343 336 339 341 340 339 333 331 348 339 341 335
