examples/cougarCreek-fire/createInputs/WindNinja/wrfout_d3.2015081212.f21/cougarCreekFire_08-13-2015_0900_217m_non_neutral_stability_ang.asc
ncols	146
nrows	140
xllcorner	610065.000000
yllcorner	5095217.000000
cellsize	216.586807
NODATA_value	-9999.000000
[rows 42 to 83 of 140, columns 0 to 94 of 146]
315 340 341 326 316 301 333 332 333 337 335 332 331 329 329 331 337 4 37 43 21 345 330 333 20 52 5 341 332 313 292 283 290 273 261 270 275 266 258 263 279 290 294 301 303 303 320 340 2 52 14 13 26 25 18 64 71 17 18 6 71 356 334 221 172 152 147 149 155 149 156 172 169 169 173 222 352 31 67 79 162 237 250 294 42 52 49 324 39 62 260 249 237 217 191
310 309 351 301 300 305 332 326 331 339 333 328 321 321 323 334 342 2 12 9 343 323 326 350 26 23 345 338 334 299 292 285 281 293 285 270 265 253 247 239 245 262 266 262 250 267 290 309 327 357 4 356 3 10 7 360 344 332 264 188 170 131 122 125 130 129 136 139 62 134 61 61 58 52 46 165 183 216 3 64 70 246 253 265 50 61 57 54 52 53 12 259 241 214 191
309 310 307 325 317 321 328 328 331 328 325 318 321 330 327 339 335 350 4 350 333 320 332 355 14 357 341 347 338 292 294 290 289 283 275 274 263 247 239 228 222 225 216 197 213 273 298 323 339 1 4 349 341 339 310 234 158 117 109 112 114 112 111 81 81 73 77 84 86 82 79 78 68 55 48 47 45 44 242 27 63 46 265 264 41 67 66 59 51 48 48 270 312 209 310
338 329 325 324 318 323 323 329 327 316 293 316 335 336 332 336 337 3 16 354 328 324 330 344 358 349 344 12 318 284 287 284 284 280 274 272 269 276 255 236 211 137 91 56 4 295 301 317 332 0 358 110 136 141 137 130 96 95 101 113 113 85 83 80 63 50 249 242 69 218 249 244 256 274 278 260 42 274 290 286 47 58 280 267 34 72 70 62 54 50 56 62 241 198 315
294 297 299 318 319 322 320 322 316 291 315 329 347 333 333 335 350 29 11 348 324 325 325 330 348 353 3 24 320 298 291 285 283 279 273 268 278 286 274 240 166 81 10 357 5 307 309 281 253 153 89 83 89 95 97 99 92 74 77 83 84 78 69 61 43 269 52 59 304 67 73 72 68 295 298 326 51 292 291 302 318 51 350 274 247 78 72 64 57 57 341 67 187 157 138
289 292 295 321 322 319 299 317 313 311 325 342 346 343 349 3 297 303 355 341 327 320 322 331 351 4 19 15 324 302 292 283 274 279 270 262 282 303 294 282 351 336 351 347 311 323 261 225 117 89 80 83 96 102 98 95 79 67 62 65 73 70 39 6 35 35 324 335 62 67 73 326 300 298 314 321 64 63 52 303 299 46 42 329 237 97 87 80 73 69 67 65 85 0 122
285 287 299 316 302 298 286 318 318 321 338 340 344 351 324 301 310 314 350 342 328 318 325 346 358 16 28 8 344 310 289 281 265 279 267 252 273 312 305 324 330 341 356 2 288 256 220 135 107 85 82 84 92 99 91 75 62 51 50 56 61 63 58 48 35 37 51 59 348 334 296 276 302 302 288 304 322 68 290 280 302 316 47 45 75 110 107 102 99 87 72 68 9 97 359
286 289 292 292 296 312 320 328 322 331 336 342 346 331 305 339 341 342 339 344 330 324 336 351 354 14 16 12 357 288 304 275 271 275 269 248 226 294 297 317 298 314 345 43 70 269 111 105 87 75 74 77 81 84 79 61 34 29 47 51 56 59 58 50 337 323 319 306 283 282 279 305 293 288 294 290 285 274 61 356 291 300 49 58 68 90 110 116 113 107 92 79 78 4 8
287 288 287 293 319 324 319 325 327 334 350 348 342 342 334 333 335 335 340 347 336 331 335 336 347 4 15 18 313 295 314 285 278 280 272 245 223 272 282 292 300 296 311 2 69 74 72 81 80 73 70 71 75 77 73 56 23 20 22 24 47 51 57 56 45 42 52 57 65 69 68 67 65 279 286 251 76 70 67 265 72 64 56 59 68 77 91 107 117 120 117 106 95 93 93
284 284 292 320 328 327 329 331 331 345 332 309 341 336 304 332 333 336 344 348 339 339 336 328 350 14 38 33 314 304 322 295 282 284 274 245 245 269 274 275 277 280 287 311 11 45 85 91 92 83 77 73 73 74 69 37 15 27 12 12 17 20 49 51 47 52 346 54 302 359 39 342 329 351 350 86 84 82 86 315 85 77 65 62 299 68 73 82 98 113 120 120 114 103 96
283 284 300 328 327 329 331 332 335 345 342 333 328 326 324 328 334 341 344 343 339 345 340 305 2 42 26 336 316 325 326 302 286 286 270 243 252 267 268 272 269 266 266 283 308 341 26 93 95 91 84 78 71 66 62 12 359 8 18 17 17 341 21 46 47 53 54 52 11 22 69 74 74 76 78 78 77 78 80 84 286 82 78 75 69 181 318 70 79 91 99 107 113 109 101
287 299 324 332 332 332 332 331 339 339 329 300 320 322 327 331 335 347 340 338 335 343 336 336 23 20 351 344 331 321 322 321 289 287 258 240 239 246 248 251 254 243 241 261 291 308 322 353 22 59 85 83 77 68 57 15 9 16 19 20 20 22 28 29 27 26 53 15 12 13 24 30 26 17 3 353 312 293 310 81 84 88 354 272 213 70 67 69 69 73 75 83 95 100 99
290 303 327 326 328 329 340 334 338 333 297 292 324 337 340 335 339 348 341 338 334 338 343 347 7 3 346 337 329 316 319 325 291 287 258 242 254 259 247 248 252 240 225 218 228 262 295 310 320 344 54 58 75 70 58 34 24 29 32 32 28 27 32 25 16 18 25 18 5 353 319 330 13 80 15 3 12 81 3 342 317 307 256 82 79 207 72 228 70 71 75 1 82 92 96
284 300 324 321 309 331 343 329 324 323 290 285 337 344 340 323 330 330 323 326 327 331 338 349 358 349 341 342 328 315 320 311 292 286 268 249 268 259 261 263 259 256 232 195 177 172 226 257 297 356 8 55 52 66 57 49 47 48 43 40 32 3 332 221 58 59 311 343 223 72 70 71 213 360 86 86 12 327 193 66 184 239 76 81 85 85 83 81 76 69 71 77 78 79 88
276 292 320 318 318 357 340 320 298 307 283 331 289 343 341 323 317 316 313 317 321 324 335 351 355 350 359 348 323 312 317 318 289 284 272 256 278 267 269 266 265 260 252 206 188 172 151 118 118 234 356 35 39 59 53 27 26 14 360 352 75 115 82 77 76 81 166 76 75 80 85 175 217 180 81 82 86 81 69 67 246 76 78 83 89 314 91 88 83 79 78 217 75 171 259
282 290 326 336 356 350 298 305 299 305 331 358 319 337 346 306 300 293 295 307 320 320 334 353 351 353 5 326 319 315 318 302 272 265 258 249 281 266 255 266 267 264 259 242 219 182 160 130 130 123 116 241 60 27 40 320 299 145 149 137 132 145 93 93 94 100 99 93 94 99 104 105 180 89 84 86 85 79 76 205 201 182 182 229 86 86 86 85 85 87 87 345 279 228 74
292 294 345 316 297 293 314 289 280 339 114 340 308 43 144 241 258 273 278 287 325 327 356 0 352 3 357 322 314 316 304 277 277 269 259 249 281 266 232 265 260 257 257 254 238 199 182 170 154 129 130 137 164 305 243 152 129 136 109 104 138 148 141 153 171 185 107 109 108 109 109 148 102 96 91 92 93 94 203 201 102 97 175 172 171 179 283 80 322 83 83 83 85 84 79
293 301 335 307 305 324 276 288 329 57 115 340 119 218 233 258 275 281 282 280 326 326 335 345 349 20 335 321 316 321 274 278 300 287 281 248 269 277 267 251 256 259 247 255 248 246 238 230 194 167 148 139 128 118 112 105 104 113 120 118 113 105 101 102 104 108 186 191 178 155 103 104 104 100 97 98 100 106 209 190 192 106 185 175 162 82 177 210 245 302 82 90 314 343 90
292 301 10 355 344 282 256 331 66 190 212 212 226 241 268 281 286 285 282 282 327 325 331 338 8 7 334 323 319 304 278 300 300 290 289 268 244 273 272 268 256 262 258 259 264 255 254 210 206 194 231 175 144 136 132 124 123 127 128 126 123 118 116 116 116 176 154 116 109 104 102 105 105 102 103 105 203 209 112 113 112 215 217 222 230 236 249 246 264 287 312 334 98 343 333
291 329 9 339 328 257 231 54 189 193 216 242 278 288 291 292 290 286 282 281 326 321 335 343 12 355 336 321 303 302 304 305 298 289 289 280 243 268 274 270 262 261 257 252 258 261 268 270 212 256 246 239 227 203 145 139 138 142 141 138 135 132 131 129 125 120 119 118 116 110 107 109 112 111 183 189 112 112 112 113 112 110 107 100 95 94 337 321 298 277 258 276 98 345 97
331 8 22 337 333 333 331 132 193 221 264 296 301 301 297 293 288 284 280 312 329 319 322 339 1 359 333 314 304 304 303 304 270 292 286 283 274 268 274 266 264 260 260 257 256 259 254 253 252 245 235 235 242 149 150 148 147 149 148 146 145 146 143 136 128 120 116 118 120 116 112 112 114 112 179 113 115 116 114 111 108 103 98 94 333 313 308 304 284 274 264 251 256 261 289
36 37 15 16 46 129 179 202 247 295 304 306 304 302 297 290 282 276 273 316 320 319 318 335 358 2 347 305 298 303 305 274 273 292 278 284 280 275 274 270 267 264 269 265 259 261 260 257 251 241 241 245 276 147 152 155 155 153 151 149 150 153 151 141 131 124 120 121 126 127 122 118 118 119 184 116 120 123 121 114 108 102 100 327 301 274 270 276 269 261 252 235 209 192 212
39 46 51 223 222 213 232 285 308 311 311 309 306 303 299 290 279 281 289 314 309 326 321 334 349 0 357 300 295 300 290 303 289 295 282 285 285 273 272 270 270 263 256 271 266 261 269 261 218 252 237 237 242 274 154 159 160 159 155 151 151 154 154 146 136 129 125 125 131 134 130 125 127 131 131 129 129 131 231 243 270 302 304 309 318 313 298 292 280 256 242 242 232 240 251
7 47 42 18 320 317 317 315 314 313 312 312 308 304 298 290 281 288 332 308 283 339 322 331 348 7 27 262 291 289 291 300 296 290 283 284 283 277 279 268 268 263 255 267 270 269 266 261 222 213 253 233 233 260 157 161 162 164 162 157 154 154 152 147 140 131 127 127 130 135 133 129 128 132 135 135 134 134 136 135 129 127 228 235 238 248 256 260 256 243 248 206 167 193 170
50 48 41 340 330 327 324 319 316 314 313 311 305 299 292 287 292 303 339 320 317 332 305 318 345 14 257 261 266 270 287 291 294 289 285 284 277 283 281 244 263 267 253 257 266 270 271 267 278 209 218 247 258 174 163 164 164 167 170 166 160 156 153 148 144 136 130 130 132 136 135 173 166 131 133 188 138 137 141 149 153 152 141 208 192 129 125 122 194 214 166 109 160 194 254
49 38 11 337 329 326 325 322 320 317 326 310 304 299 294 291 295 316 345 334 341 282 293 320 342 10 261 265 294 299 290 290 289 287 287 285 276 278 283 243 270 267 239 231 241 260 266 268 253 226 221 255 270 267 169 166 164 170 177 176 168 162 158 153 149 141 134 134 138 140 185 179 161 132 133 136 143 148 152 167 176 252 243 246 246 228 213 200 204 165 112 205 237 116 112
35 23 344 331 326 325 335 325 323 320 316 312 307 302 298 296 301 345 342 336 348 332 320 328 336 268 255 267 296 298 291 280 290 291 287 283 287 286 284 246 267 242 236 234 230 226 238 254 248 269 251 245 250 240 256 197 162 165 177 182 175 168 164 196 157 148 137 135 140 143 141 137 179 132 186 134 144 152 260 254 230 165 156 196 211 241 239 220 128 121 122 178 188 228 238
30 16 350 322 321 323 324 324 323 320 317 314 309 304 309 300 307 358 340 330 344 338 336 335 347 249 264 272 309 303 294 288 282 289 293 287 286 283 291 250 246 239 258 236 229 223 237 253 250 251 249 248 250 249 208 243 183 159 171 183 180 172 166 163 161 153 141 135 138 144 145 143 178 135 137 208 189 206 153 155 152 147 147 145 136 126 122 120 119 127 131 127 124 186 112
31 16 323 316 316 319 321 321 321 331 319 317 312 307 302 306 313 4 343 333 338 345 352 347 18 276 274 285 314 311 295 286 282 285 291 284 284 290 292 252 244 244 241 236 229 223 261 253 248 230 225 246 254 241 236 206 212 103 164 177 182 177 170 165 162 155 144 164 136 142 146 146 174 167 182 202 218 195 151 188 149 147 147 148 143 133 125 123 126 135 137 130 130 131 123
356 340 320 330 315 317 319 334 334 332 333 334 330 319 305 313 322 7 346 339 334 350 3 348 344 304 291 313 317 314 305 297 286 289 286 286 286 289 292 245 258 287 239 275 230 225 220 255 257 253 232 223 248 252 260 229 207 215 160 166 179 182 178 170 164 157 146 138 168 139 144 145 180 185 194 204 204 206 193 195 149 147 186 150 150 141 135 136 139 142 143 137 135 138 137
348 332 320 335 317 319 321 336 335 333 337 337 321 316 311 322 330 11 351 343 342 3 13 357 347 292 308 323 323 320 315 301 290 303 285 286 288 294 292 247 261 293 238 237 233 225 260 219 235 226 226 223 252 217 234 249 210 173 265 162 173 184 184 176 168 160 152 142 137 137 159 157 182 183 191 147 179 181 176 181 181 192 190 146 150 151 149 146 146 148 153 153 238 148 146
331 325 339 334 319 321 322 337 333 335 337 338 320 317 314 328 335 13 0 344 352 20 3 352 346 296 337 335 307 325 318 302 293 309 265 285 285 284 298 250 265 297 242 240 263 226 220 272 267 267 226 230 255 195 241 219 217 177 165 162 169 180 185 180 172 164 156 148 143 140 173 173 173 176 195 219 170 183 165 158 177 198 203 138 143 153 154 144 141 148 162 168 165 153 270
344 341 336 333 318 320 336 335 333 335 337 337 334 311 311 328 335 30 8 344 7 350 2 5 309 302 335 327 313 324 315 304 310 278 274 295 290 288 302 253 253 290 298 239 236 228 220 260 279 255 262 258 255 222 201 249 219 179 169 158 167 176 184 182 174 165 157 182 179 140 134 143 144 156 203 219 170 171 161 150 167 193 221 262 136 149 154 250 270 143 177 186 187 167 270
330 337 350 332 331 334 337 335 335 341 341 312 329 308 309 326 340 20 354 350 16 349 358 353 311 354 345 349 341 333 318 311 321 281 310 300 290 300 300 269 254 293 293 236 234 278 222 213 277 241 271 265 257 225 202 228 264 246 218 259 168 175 182 182 175 165 158 153 183 166 115 117 127 138 149 205 185 146 163 159 159 197 200 215 259 152 157 267 251 274 299 263 225 209 276
334 344 334 330 331 335 341 337 340 326 321 315 314 330 315 329 4 26 1 358 14 348 354 311 356 352 354 349 337 339 326 321 308 296 306 281 296 301 302 272 270 294 300 256 234 232 265 238 270 275 277 271 274 222 226 225 256 254 223 222 158 174 180 181 176 167 159 184 151 190 117 104 106 124 92 106 185 145 140 192 224 194 141 135 249 155 257 284 269 118 326 290 304 260 265
332 342 333 330 333 343 346 340 353 328 326 322 322 327 323 338 16 21 6 10 12 358 346 348 339 354 354 350 346 347 332 327 314 324 310 284 298 309 302 272 298 301 303 263 236 233 282 217 260 278 274 276 273 226 227 226 255 223 183 176 272 176 179 177 175 197 182 177 187 191 192 108 95 106 86 146 134 138 149 153 193 178 214 225 269 159 266 252 272 265 48 343 286 317 280
341 343 334 331 338 345 349 341 347 326 325 324 326 327 329 345 22 22 15 14 353 316 341 316 319 355 353 351 349 352 319 323 330 322 314 266 300 311 278 266 293 300 304 270 266 232 252 274 257 283 271 278 289 215 216 224 251 262 239 211 222 162 177 174 172 198 163 191 155 150 146 195 214 130 80 144 142 144 147 210 83 144 232 259 278 160 177 285 289 298 288 15 9 281 318
337 344 335 332 338 356 347 340 350 322 338 319 341 322 331 332 26 328 18 320 318 316 341 317 322 357 356 355 349 350 342 322 327 326 315 289 264 316 279 271 288 298 301 274 235 304 256 239 272 262 278 272 283 204 203 202 193 260 228 217 178 231 188 150 170 169 164 159 156 152 149 147 145 202 61 77 144 145 146 145 313 144 18 290 286 155 190 180 181 207 211 297 286 279 284
343 344 336 332 341 348 340 349 348 343 318 352 317 321 335 10 334 330 325 322 319 355 316 318 323 357 359 358 347 345 345 331 333 334 314 294 292 320 277 282 304 295 294 304 266 257 262 213 216 214 279 256 281 197 209 207 193 184 186 188 181 176 172 262 168 171 167 159 155 153 151 150 148 141 228 339 144 145 126 142 289 340 151 329 287 302 208 206 216 233 302 308 302 283 292
343 342 337 319 348 350 346 340 343 346 323 322 317 323 338 19 332 330 325 322 352 333 317 323 326 353 7 350 340 335 347 342 339 334 318 311 317 295 282 300 306 274 300 291 296 307 251 212 220 217 204 258 306 205 217 209 194 185 187 188 181 177 172 165 190 170 169 161 157 155 153 210 151 142 134 130 133 138 136 133 115 316 112 158 315 285 297 306 315 240 295 300 311 283 281
344 343 337 333 356 348 348 323 337 337 326 324 318 325 336 14 331 328 323 356 348 318 319 326 329 360 6 306 340 330 348 333 340 329 326 310 327 288 282 303 298 277 270 290 281 306 238 211 220 275 236 187 195 218 219 203 193 187 184 186 263 180 176 167 162 164 168 261 160 204 158 157 50 147 136 129 332 130 18 131 123 103 333 144 183 314 293 280 295 319 305 293 314 316 295
345 344 338 340 348 346 346 322 338 339 326 323 321 329 350 331 329 327 324 352 343 318 322 329 338 11 4 353 343 324 351 336 331 335 334 328 314 293 312 306 275 300 304 297 296 292 315 210 218 277 281 293 208 220 209 195 191 220 222 185 185 243 180 173 162 224 163 162 163 162 163 161 14 89 228 132 287 1 357 137 136 131 288 332 353 336 316 299 279 289 303 296 300 316 320
