examples/cougarCreek-fire/createInputs/WindNinja/wrfout_d3.2015081212.f21/cougarCreekFire_08-13-2015_0900_217m_non_neutral_stability_ang.asc
ncols	146
nrows	140
xllcorner	610065.000000
yllcorner	5095217.000000
cellsize	216.586807
NODATA_value	-9999.000000
[rows 0 to 41 of 140, columns 0 to 94 of 146]
132 144 114 117 115 79 44 36 32 29 26 21 19 16 34 8 29 25 358 356 356 352 349 348 349 349 346 343 344 346 344 345 335 337 338 338 340 342 344 344 343 343 342 340 340 340 341 339 337 327 336 310 333 325 333 334 325 295 320 320 322 301 314 314 312 292 301 301 304 306 309 303 291 285 286 288 274 252 248 248 251 257 263 269 272 275 276 274 274 278 279 283 293 283 284
132 144 114 117 115 79 44 36 32 29 26 21 19 16 34 8 29 25 358 356 356 352 349 348 349 349 346 343 344 346 344 345 335 337 338 338 340 342 344 344 343 343 342 340 340 340 341 339 337 327 336 310 333 325 333 334 325 295 320 320 322 301 314 314 312 292 301 301 304 306 309 303 291 285 286 288 274 252 248 248 251 257 263 269 272 275 276 274 274 278 279 283 293 283 284
149 129 115 147 146 113 77 30 81 102 111 129 18 14 101 83 92 31 23 359 357 351 346 344 344 346 331 330 337 336 333 332 345 344 338 336 321 320 334 319 324 319 318 316 317 332 318 312 313 310 309 305 309 325 332 333 323 296 322 313 294 277 284 279 282 268 304 302 277 303 303 299 250 287 287 262 256 264 257 255 257 260 264 267 269 270 270 270 270 270 270 274 283 266 260
186 151 129 153 153 130 116 93 84 47 110 128 21 9 106 40 83 66 50 15 356 349 343 335 335 333 313 326 337 335 301 319 353 340 335 333 324 317 319 318 321 321 323 320 321 316 310 315 306 305 308 313 313 322 332 333 321 294 292 279 279 276 278 276 276 264 307 270 284 298 275 247 291 289 287 258 255 281 270 266 266 266 265 266 266 264 264 265 264 260 258 262 267 273 276
198 146 143 150 155 134 106 99 2 359 94 110 15 8 359 60 92 51 47 31 360 344 334 308 327 329 329 306 305 306 314 324 350 338 327 329 323 314 319 321 321 323 320 320 324 319 315 316 312 313 311 312 311 323 320 316 282 313 276 320 295 273 276 282 266 310 269 302 297 277 247 292 291 289 259 273 279 277 275 272 271 269 267 266 265 265 265 264 261 258 258 258 259 263 267
186 143 160 144 159 153 139 126 112 90 76 88 13 3 350 354 105 36 26 0 355 339 328 312 297 323 321 297 300 306 313 311 344 331 326 330 319 312 308 314 316 320 317 318 321 318 320 319 315 315 316 312 313 324 306 284 281 313 324 281 286 278 285 272 310 268 280 287 275 242 293 257 257 286 280 274 260 276 278 276 274 271 269 266 265 265 265 264 261 259 260 258 256 254 254
174 144 162 164 150 159 146 114 116 117 89 72 85 355 354 341 160 35 359 356 348 342 328 314 293 319 295 302 301 305 316 321 332 326 329 333 317 306 309 310 316 312 311 313 315 322 317 315 339 331 331 327 307 299 292 299 298 290 289 284 280 293 288 256 293 281 280 272 250 293 258 270 287 279 274 249 275 280 281 279 276 273 269 266 265 265 265 264 263 262 262 260 257 252 250
172 162 152 147 153 161 150 123 107 314 94 72 74 338 333 336 320 346 39 351 344 336 325 311 292 312 313 293 301 323 311 323 327 318 328 332 308 298 297 305 310 309 308 311 311 313 318 333 329 327 305 300 301 302 297 295 290 293 285 286 289 284 260 317 269 278 277 266 250 260 289 285 271 248 278 238 277 279 282 282 278 274 270 268 266 265 265 264 264 265 264 263 260 258 255
181 169 171 162 157 166 163 151 131 118 117 323 328 250 340 341 336 315 22 347 337 329 319 306 284 306 309 292 297 300 306 315 313 313 325 321 296 288 289 297 302 313 312 307 331 309 309 317 302 303 298 300 308 305 309 296 282 288 292 294 280 266 262 263 276 277 274 262 261 274 285 253 245 281 250 253 276 279 282 284 280 275 272 270 268 266 265 265 267 268 268 267 266 265 263
191 178 167 153 155 146 151 155 149 144 135 111 74 6 262 327 329 334 90 342 327 322 319 302 295 283 307 294 291 298 305 307 305 309 321 313 291 282 292 296 297 306 310 322 310 335 311 304 310 304 304 312 305 295 273 273 275 280 283 267 253 322 271 279 275 266 262 256 261 265 253 282 279 249 249 275 277 281 284 283 280 276 273 270 269 267 267 268 271 273 274 273 272 271 269
247 198 181 166 157 149 143 146 144 138 136 129 73 5 329 330 331 330 170 15 323 313 314 302 292 282 307 295 293 300 305 306 309 305 315 306 283 284 289 283 293 299 334 309 311 338 308 310 304 313 330 307 276 262 263 266 268 271 258 255 293 267 280 281 267 265 269 264 265 266 252 251 249 251 240 277 280 283 284 282 279 275 273 271 270 269 269 271 274 277 280 280 278 276 272
250 207 202 187 178 162 145 139 150 156 156 177 234 296 291 297 341 329 291 290 318 297 308 302 291 286 302 288 290 299 302 298 298 292 294 296 289 285 274 274 277 325 302 337 339 340 303 299 305 309 295 281 259 257 269 273 269 267 261 299 268 279 283 274 271 285 302 295 286 283 266 255 280 243 274 279 282 283 282 282 279 275 273 271 271 271 272 274 275 278 283 288 287 282 276
209 207 205 208 193 187 149 117 136 149 183 209 236 231 315 325 332 221 35 197 292 274 276 299 288 289 296 289 291 310 300 298 289 325 277 285 283 282 277 304 279 326 338 306 342 307 292 304 301 296 278 260 257 264 270 273 273 272 270 265 296 320 284 283 328 313 303 296 285 277 277 279 243 238 279 282 284 283 281 282 263 277 273 271 270 270 272 275 277 279 284 291 297 296 286
247 244 231 189 189 193 174 266 274 281 257 188 190 212 305 310 319 243 193 212 253 263 260 275 285 286 279 283 292 309 301 293 287 273 283 294 281 274 314 309 296 332 341 345 313 291 291 299 301 282 264 254 266 259 274 277 280 288 282 288 303 315 322 286 282 280 268 263 260 247 290 283 280 281 282 283 284 284 282 280 279 276 272 269 268 268 272 275 277 279 283 291 303 317 302
247 233 229 191 189 182 181 156 92 280 284 13 134 136 172 313 316 313 227 230 235 243 253 259 288 286 277 285 290 308 295 285 273 276 283 295 274 270 315 310 316 333 341 315 291 298 292 312 307 284 252 257 259 256 265 263 276 284 281 283 288 285 281 279 266 243 238 235 233 309 251 268 286 275 288 285 283 285 284 277 275 273 270 267 265 266 270 274 277 278 281 287 302 328 318
118 141 170 170 178 188 192 197 175 84 290 11 162 29 357 292 316 313 234 246 251 252 269 275 274 275 277 283 291 309 289 271 269 304 277 272 274 314 310 308 291 328 340 311 296 300 313 310 302 257 240 264 272 273 262 266 282 275 266 269 270 264 249 243 234 236 249 237 261 254 271 302 292 291 292 288 281 280 274 281 276 271 267 264 263 264 267 271 274 276 278 281 292 326 332
115 128 171 187 182 203 198 201 197 163 113 93 217 219 354 304 307 269 248 250 258 258 272 303 271 270 274 286 303 295 281 274 279 267 275 261 311 307 307 277 314 325 338 345 310 316 312 303 279 246 243 281 288 276 260 290 283 269 261 264 267 250 243 248 242 263 259 244 264 288 297 308 296 296 297 292 280 274 277 283 278 270 266 262 261 264 266 268 271 272 273 275 282 311 327
119 119 156 192 194 164 194 201 203 194 131 21 292 284 344 290 291 294 296 288 273 273 272 292 265 267 274 287 301 289 276 278 280 279 281 275 309 304 306 278 318 326 338 307 310 312 311 283 271 260 284 300 291 260 273 283 267 256 264 250 248 250 256 258 260 287 292 294 304 302 286 262 259 271 276 281 293 278 272 274 281 269 263 260 262 265 267 267 268 269 270 272 277 296 278
152 144 165 195 203 183 182 205 215 206 164 345 314 324 129 126 121 266 262 278 273 263 266 259 260 266 280 292 290 282 279 282 284 304 284 282 309 304 284 280 288 289 341 351 312 293 289 285 262 287 293 292 263 223 258 258 235 237 249 236 236 255 266 268 278 292 304 342 308 286 263 259 261 267 264 274 284 293 278 268 265 265 262 261 264 267 268 267 266 268 270 272 275 286 330
187 175 185 206 208 200 196 225 228 219 191 277 357 7 179 211 187 225 233 260 278 264 262 245 257 268 292 291 284 281 283 285 293 288 304 305 310 306 290 291 296 302 347 358 314 296 292 284 305 310 293 250 349 233 255 233 229 237 237 234 237 256 254 256 270 280 277 281 286 274 268 274 271 303 299 284 283 269 269 284 273 267 264 264 265 266 267 266 267 269 273 274 272 271 290
272 202 199 215 205 199 199 220 228 221 206 267 235 17 12 302 283 258 247 252 278 247 260 265 261 262 286 285 282 283 285 288 303 299 305 300 309 306 306 297 334 350 360 8 320 321 313 317 310 287 272 231 220 264 266 199 232 243 239 235 240 251 244 246 263 271 280 286 301 289 299 287 278 262 298 283 282 277 276 275 292 277 269 266 265 265 266 267 269 272 275 273 266 258 249
234 227 219 217 218 209 225 235 241 235 210 231 252 244 7 341 338 344 294 285 273 238 230 236 245 257 272 277 282 287 285 294 311 309 309 298 286 304 283 318 337 360 13 18 324 296 284 312 290 210 233 213 235 218 12 215 293 258 250 231 242 250 243 250 282 271 275 280 302 296 270 272 286 306 293 283 267 273 292 298 328 281 268 264 264 266 267 269 272 275 276 274 267 260 258
333 320 262 246 226 213 242 228 251 244 233 292 291 260 38 351 342 330 302 270 251 246 243 224 235 254 273 277 280 286 286 292 303 295 309 294 296 299 284 318 342 9 21 24 320 327 328 297 223 193 202 73 70 165 354 304 288 242 244 235 255 253 255 282 280 266 262 265 262 268 269 279 290 322 288 273 266 274 277 278 288 320 278 268 268 269 271 273 277 280 281 279 275 269 257
315 347 358 274 311 259 219 227 241 253 272 321 316 269 304 17 27 5 314 259 240 246 234 222 240 252 274 274 277 273 270 280 294 285 293 292 293 298 285 319 346 16 22 324 321 298 291 247 180 190 82 81 55 30 348 320 311 304 296 257 271 262 253 239 242 249 249 255 253 278 269 303 279 272 277 272 282 296 302 274 258 262 315 282 273 272 273 277 282 285 285 282 281 279 259
311 3 290 282 8 10 274 267 274 287 285 314 327 313 318 17 28 7 352 329 274 242 224 161 221 241 259 270 265 263 271 285 296 288 278 291 291 292 294 322 349 299 323 327 316 302 313 262 198 190 73 55 31 357 334 264 266 270 267 295 302 257 267 291 269 253 248 258 259 267 278 277 270 278 281 274 278 287 351 343 305 288 344 293 278 273 273 278 284 286 285 282 284 289 260
318 17 24 25 87 122 322 300 305 309 302 317 338 348 343 8 24 14 7 8 332 222 197 172 194 232 262 277 246 261 284 298 295 285 272 286 291 286 300 327 351 293 298 291 304 323 338 300 197 175 63 44 25 351 324 273 281 280 322 303 298 255 291 272 272 254 257 271 278 302 291 286 284 288 300 296 301 289 295 27 23 40 356 299 280 273 271 274 279 286 289 285 284 301 314
303 331 311 22 344 327 351 331 328 319 314 330 340 1 354 357 16 19 22 34 31 180 169 158 184 221 254 284 258 274 292 300 293 271 265 282 284 294 305 304 291 271 279 283 296 299 270 202 167 66 62 46 26 357 322 321 340 347 323 310 262 254 257 269 271 274 294 297 304 303 293 302 303 301 300 338 329 5 293 296 29 29 357 305 284 275 269 269 273 281 290 285 277 300 310
5 42 33 14 348 349 353 350 340 329 326 336 332 353 359 11 20 25 37 49 52 109 135 125 159 201 231 260 264 278 299 294 290 282 282 289 298 307 310 306 300 288 288 296 313 337 59 110 182 66 62 42 24 6 336 334 342 342 333 323 323 280 317 318 319 337 305 292 272 264 265 273 286 299 311 308 308 297 298 287 284 288 1 314 287 274 266 265 266 269 274 269 268 267 269
84 75 59 17 2 359 346 343 14 354 331 340 328 3 1 13 24 31 43 48 50 78 113 103 111 186 201 230 250 267 290 287 287 292 295 300 308 313 310 308 312 312 321 328 333 346 7 5 117 65 57 34 22 2 342 342 347 348 340 337 333 327 297 318 314 312 309 301 282 272 271 275 278 284 288 285 281 284 286 275 270 283 16 325 288 271 264 263 261 260 259 260 241 242 245
100 91 66 35 21 8 10 356 360 11 357 345 343 335 21 25 40 45 53 55 59 83 107 114 102 116 160 220 242 269 271 279 291 298 303 310 313 306 307 315 320 326 336 339 338 1 13 121 60 59 51 35 17 358 352 1 346 342 339 337 329 325 321 320 310 302 287 284 283 285 280 266 265 266 267 261 260 265 263 264 270 277 289 349 292 274 268 265 262 260 259 257 251 255 242
8 103 113 111 64 39 14 11 4 2 355 0 15 346 14 39 47 48 54 62 72 89 100 118 119 115 152 209 238 271 266 284 302 307 311 320 312 294 306 319 328 332 341 347 4 23 43 54 55 57 53 40 12 357 348 335 332 336 338 290 293 300 328 298 289 274 264 260 267 261 252 3 2 266 274 273 272 261 250 254 266 288 305 15 317 290 277 270 266 264 261 256 244 240 226
345 315 108 49 50 51 50 30 8 15 12 1 20 33 37 38 37 44 44 52 67 85 98 108 103 110 129 195 246 268 268 283 306 316 316 321 296 291 307 313 324 335 346 352 360 19 28 48 52 57 56 45 13 354 338 332 336 340 344 289 298 305 329 294 287 284 283 283 281 278 279 291 300 299 296 300 305 296 278 276 32 280 45 25 337 301 284 273 267 263 259 252 241 239 235
341 315 287 142 100 115 100 53 31 4 31 37 58 42 39 47 31 33 37 40 50 64 76 87 105 116 120 159 252 272 287 291 291 317 320 307 305 308 314 310 321 339 347 353 360 15 22 47 49 53 54 49 25 3 349 339 342 349 297 296 294 294 297 302 306 326 324 326 326 329 320 311 312 293 273 283 296 333 41 38 35 40 44 33 353 297 280 273 266 260 256 253 246 226 257
333 330 323 299 205 188 125 83 41 36 55 21 355 9 50 52 34 29 28 27 35 44 48 57 75 100 120 100 287 288 299 309 299 311 324 313 319 324 330 330 328 337 343 353 357 17 19 48 48 49 49 47 36 18 0 345 347 356 360 356 351 306 306 310 308 302 302 302 301 293 275 356 3 6 10 287 298 312 338 38 38 327 40 39 32 301 276 270 264 258 255 254 251 237 272
324 326 5 322 315 333 352 1 10 12 16 7 26 28 11 58 56 72 83 69 32 28 31 42 41 45 47 44 316 300 308 322 313 306 320 316 320 327 328 330 331 337 343 352 347 2 12 46 45 47 53 54 43 25 14 3 359 2 4 6 356 354 302 292 292 291 285 283 49 33 3 355 2 289 312 316 313 303 303 318 335 317 32 307 43 346 278 269 263 258 256 253 248 232 249
48 45 36 37 322 319 7 11 5 3 357 1 9 16 28 12 19 31 45 64 27 21 13 15 11 16 22 23 347 318 318 334 326 303 301 303 300 300 287 284 291 310 322 331 341 340 348 0 13 44 50 55 50 37 30 24 19 13 9 323 317 305 345 342 37 40 47 51 53 42 359 352 286 22 304 306 305 305 307 307 309 24 339 331 42 23 290 269 262 259 257 253 242 224 247
65 59 48 18 322 324 324 353 353 352 354 358 4 10 14 20 19 11 3 359 358 357 354 343 349 6 11 4 350 335 328 333 334 318 306 303 296 318 315 312 318 324 320 303 325 319 329 350 358 36 37 41 43 43 39 32 28 25 23 18 15 8 2 318 345 41 48 53 58 290 6 343 30 51 59 57 51 48 306 35 29 311 334 341 44 37 328 272 262 258 256 250 239 222 254
69 66 35 351 345 334 338 347 345 340 343 354 359 357 352 355 355 344 334 328 331 337 339 341 336 3 19 351 341 338 330 311 320 333 330 331 331 331 328 327 352 325 333 304 297 13 17 352 343 358 7 36 35 24 38 33 30 29 29 28 41 40 41 42 39 40 45 51 56 55 44 75 281 110 92 75 64 56 47 37 31 308 312 296 341 42 23 278 260 255 252 247 236 217 233
349 324 342 336 337 332 320 319 343 336 344 341 344 343 344 346 341 338 339 346 347 338 343 347 346 3 21 353 331 321 316 309 302 323 346 352 5 17 15 359 348 340 13 13 6 10 19 29 346 355 347 2 357 14 20 17 15 13 28 29 27 25 21 17 38 17 48 54 55 52 49 58 79 92 103 109 104 87 69 49 40 30 20 23 31 19 48 312 259 249 247 243 233 213 179
325 358 342 332 329 332 310 342 339 340 335 331 338 341 349 348 341 343 351 356 350 358 2 357 352 15 27 346 348 316 300 313 317 302 308 307 307 338 22 49 38 5 32 38 13 1 2 3 357 348 346 346 345 338 337 358 0 1 6 18 23 25 20 11 9 11 14 27 31 30 29 57 58 61 72 90 106 117 123 104 55 27 11 9 30 323 50 34 277 248 245 240 231 213 185
315 345 337 331 306 305 308 343 339 334 337 329 331 334 345 343 338 341 352 12 20 28 358 342 354 16 19 356 353 331 304 310 316 294 283 281 278 275 299 21 33 33 37 66 59 50 49 48 46 5 360 360 348 338 37 32 301 289 31 291 314 355 8 4 3 357 358 15 21 22 23 27 29 60 62 69 75 92 122 154 182 346 350 357 35 330 34 50 38 256 246 241 232 214 186
302 309 327 324 299 301 307 338 334 337 337 332 328 326 333 334 335 347 14 52 58 21 342 327 352 28 18 352 341 324 304 296 284 268 260 270 283 279 274 277 307 306 307 340 357 13 50 54 23 22 14 17 43 8 357 350 352 350 49 52 340 1 358 348 344 344 339 320 311 314 319 340 9 14 19 27 65 69 84 126 195 234 289 343 33 48 308 42 56 3 249 244 234 216 189
