examples/cougarCreek/createInputs/WindNinja/wrfout_d3.2015081100.f18/cougarCreek_08-11-2015_1800_217m_non_neutral_stability_vel.asc
ncols	146
nrows	140
xllcorner	610065.000000
yllcorner	5095217.000000
cellsize	216.586807
NODATA_value	-9999.000000
[rows 34 to 67 of 140, columns 0 to 76 of 146]
6.64 6.99 7.44 8.07 8.30 8.48 8.48 12.83 13.39 13.33 13.40 14.20 13.91 12.93 12.06 11.52 10.96 10.17 9.80 8.18 6.96 7.06 6.59 5.41 3.02 1.16 1.28 1.19 0.83 9.45 20.19 20.75 19.06 18.50 19.43 20.67 21.98 22.61 24.24 25.14 26.09 27.40 28.52 28.83 27.92 27.09 25.82 23.80 17.31 17.97 19.08 20.25 22.18 25.18 27.11 28.48 27.96 26.15 25.81 25.07 24.73 23.17 18.43 22.97 22.82 22.47 19.01 18.32 16.96 14.91 15.09 14.87 16.95 17.89 18.17 17.68 17.05
6.01 6.45 7.09 7.28 8.23 8.33 8.18 8.06 12.87 12.93 12.99 12.25 13.22 13.23 12.30 10.71 9.30 7.81 6.59 5.25 5.65 6.95 7.28 8.27 10.66 13.51 7.48 2.17 1.42 14.98 22.25 23.17 19.81 18.21 18.82 19.72 20.52 20.11 19.58 20.59 20.02 22.12 24.27 20.26 19.90 19.27 26.60 25.14 23.20 17.89 18.44 18.81 20.51 23.34 23.57 24.38 25.45 24.81 24.80 24.74 23.19 24.15 23.36 22.80 22.31 18.76 18.05 15.11 14.90 15.05 15.26 17.58 17.99 18.15 17.87 17.46 13.08
5.02 5.56 6.27 7.49 7.48 11.65 11.89 7.19 12.28 12.42 12.10 11.36 10.43 11.87 11.86 10.78 9.33 8.48 8.25 8.49 9.25 8.76 8.94 10.93 13.06 13.90 13.09 10.75 5.99 20.87 22.35 23.42 23.38 19.15 18.65 20.14 19.74 19.89 19.89 20.48 21.51 23.28 20.14 20.50 19.80 19.14 18.77 18.21 24.81 23.15 18.86 18.85 19.84 20.37 20.10 20.28 23.18 22.57 22.67 23.05 23.40 23.52 23.80 23.34 23.64 22.25 18.34 17.96 18.12 21.61 18.28 18.31 17.83 17.26 13.51 13.24 13.10
4.19 4.72 5.48 6.70 6.77 6.69 6.53 11.45 6.27 11.15 10.77 10.52 9.84 10.84 10.71 10.22 9.41 10.06 11.18 11.40 10.67 9.60 10.29 11.93 12.90 13.45 11.89 13.62 19.67 24.58 22.49 22.84 22.32 23.39 23.42 24.37 25.14 22.78 22.48 22.12 22.69 23.48 22.80 20.19 19.38 19.53 19.91 18.79 24.61 23.83 23.48 19.45 20.12 19.16 19.67 20.19 19.50 18.79 18.48 18.41 18.46 18.24 18.25 18.22 18.14 18.10 17.64 16.96 16.24 15.73 16.41 20.27 20.90 13.85 13.62 13.25 13.11
3.48 4.01 4.76 5.95 6.03 5.83 9.28 5.53 10.31 10.04 10.11 9.94 10.55 9.97 9.88 9.46 9.61 10.58 10.70 9.86 9.79 10.27 9.95 10.89 12.81 12.88 10.69 13.04 19.06 11.72 23.26 22.66 23.24 21.31 20.33 20.72 19.89 21.63 22.04 24.14 26.18 27.78 24.97 22.43 20.13 20.08 19.97 18.68 17.38 17.37 24.52 24.13 19.92 17.97 18.76 18.79 18.69 18.05 17.47 17.48 18.28 17.98 17.93 17.91 17.78 17.70 17.03 16.06 15.58 15.48 15.63 15.63 15.37 15.59 17.06 16.82 13.19
2.88 3.36 4.00 5.06 5.11 5.06 9.91 4.83 9.65 9.71 9.46 9.49 8.38 9.65 9.17 8.75 9.28 10.41 10.48 10.15 11.31 11.02 8.41 9.56 13.17 11.72 9.51 12.54 15.99 17.53 22.78 23.23 20.17 21.83 22.36 21.35 21.18 16.86 16.55 17.18 19.80 26.54 27.46 28.62 28.68 27.24 26.93 27.15 25.10 17.84 17.00 24.78 24.01 24.83 20.51 18.40 20.76 19.64 17.39 17.74 17.10 17.69 17.87 18.33 18.19 16.12 15.37 14.85 14.87 14.94 14.82 14.42 14.16 14.64 14.51 13.89 14.16
2.32 2.67 3.24 4.25 4.34 4.21 8.86 4.12 3.95 9.00 8.73 8.49 8.17 9.12 8.83 8.54 9.59 11.21 11.14 9.94 9.69 8.50 7.68 11.72 12.98 11.08 9.99 12.05 13.45 11.01 23.78 23.99 22.30 21.03 22.15 24.08 25.12 24.19 22.78 16.04 18.24 20.00 21.10 21.09 24.15 23.29 23.65 23.76 23.30 23.73 23.35 23.58 19.31 17.68 17.75 18.40 18.62 17.30 17.55 18.18 20.17 16.56 17.25 17.15 16.52 15.99 15.50 15.14 15.08 15.11 14.86 14.40 14.21 14.13 13.72 13.17 12.99
1.78 2.08 2.56 3.72 3.80 8.30 3.71 3.57 3.28 8.17 7.90 7.89 7.57 8.79 9.48 9.20 10.93 10.95 9.85 7.14 6.30 6.57 9.34 13.31 12.15 9.89 9.88 11.46 13.25 14.99 25.42 23.36 22.02 20.76 18.76 19.62 23.79 23.59 22.81 25.33 18.37 27.97 28.97 27.71 25.42 18.71 19.05 18.68 17.56 17.67 17.93 17.53 17.87 19.13 20.04 20.32 20.26 19.65 19.68 20.59 16.81 16.49 17.24 16.99 16.45 16.07 15.84 15.62 15.42 15.30 14.97 14.47 14.23 14.12 13.84 13.26 12.88
1.44 1.65 2.03 2.30 3.41 2.46 3.27 2.42 2.82 2.47 2.19 7.21 7.42 9.37 10.32 10.76 10.84 8.68 6.25 5.14 5.62 8.33 12.85 15.68 11.18 8.35 9.89 12.95 14.30 16.14 23.09 24.30 22.08 18.33 18.78 20.96 22.81 22.53 22.36 23.00 26.84 28.32 28.96 27.73 26.65 27.38 25.86 19.22 17.56 16.27 17.91 15.80 16.41 17.83 18.01 17.64 17.44 17.12 17.62 18.03 17.06 16.70 17.17 17.08 16.66 16.43 16.25 16.01 15.64 15.32 15.06 14.50 14.11 14.06 14.02 13.59 12.96
1.52 1.60 1.79 1.99 2.80 9.23 2.87 2.73 2.52 2.31 6.76 8.59 10.61 10.82 10.80 10.80 9.66 7.89 6.49 6.01 7.61 12.48 15.38 12.75 9.94 8.93 12.19 14.13 13.96 15.49 22.42 24.40 24.15 23.79 20.89 22.19 21.87 22.14 22.40 22.18 23.92 27.65 29.53 26.66 19.85 20.57 20.33 18.66 22.31 17.48 16.16 15.84 16.47 17.65 17.39 17.06 17.11 16.99 21.43 18.20 17.47 16.89 17.19 17.36 17.11 16.96 16.50 16.08 15.65 15.22 15.02 14.39 13.92 13.95 14.17 13.85 13.06
2.01 2.03 2.07 2.13 2.20 3.36 2.77 2.78 2.63 7.05 9.68 10.03 9.97 10.08 10.48 10.57 10.75 10.30 7.66 8.07 10.68 12.61 12.99 12.60 10.29 10.83 13.71 13.66 13.04 15.80 22.45 23.59 24.20 25.14 23.20 24.44 22.22 21.40 21.94 22.70 21.57 23.42 20.26 20.32 21.14 21.92 25.61 23.10 15.79 14.78 15.72 15.97 16.57 17.13 16.84 16.49 16.58 17.02 18.23 18.63 17.73 17.30 17.46 17.55 17.50 17.61 17.17 16.57 16.50 16.26 16.16 15.69 15.08 14.97 15.41 13.82 13.30
2.63 2.64 2.61 2.59 3.59 3.50 3.46 3.28 3.21 10.32 9.82 9.89 9.16 8.06 9.35 10.80 10.92 9.16 6.37 7.03 9.53 12.19 12.91 13.24 11.82 12.45 13.66 12.72 12.29 16.57 22.40 22.43 23.02 24.51 24.86 25.39 24.83 23.56 23.77 24.17 23.48 19.38 20.14 21.44 22.54 25.81 26.61 16.04 12.41 13.79 15.29 18.88 16.91 16.88 16.57 15.79 15.81 17.59 19.45 19.20 18.04 17.71 17.83 18.33 18.97 21.89 22.25 21.51 21.08 21.47 21.24 18.06 17.89 17.98 17.97 17.49 16.82
3.48 3.42 10.62 3.16 4.14 4.16 9.61 9.25 10.67 10.08 10.24 9.39 7.35 8.58 10.22 10.73 10.69 5.67 5.63 6.23 8.32 12.86 16.33 16.94 13.14 12.70 12.17 11.26 12.47 17.02 21.89 21.71 22.39 23.65 27.04 26.48 25.33 24.58 25.61 24.70 19.60 19.73 21.24 25.03 28.66 28.00 23.88 13.99 13.05 12.78 14.79 17.31 18.14 17.04 16.37 15.52 15.72 18.35 20.48 20.38 19.71 18.88 19.78 22.43 22.93 23.85 22.42 21.34 22.38 22.16 21.04 21.57 20.73 18.50 18.39 18.04 20.03
4.35 10.76 6.17 3.93 3.97 4.99 9.79 10.47 10.44 10.58 9.90 7.86 6.74 7.96 8.04 5.64 6.73 4.49 5.97 7.57 11.40 16.96 17.47 17.27 13.57 12.00 10.66 10.79 13.49 16.98 19.85 21.40 22.11 23.52 27.50 27.31 26.07 25.90 25.91 26.02 24.88 27.52 28.56 30.51 27.84 23.77 17.20 12.55 10.86 11.96 14.48 18.75 20.10 17.73 16.89 17.09 17.49 18.32 22.34 25.76 25.04 24.51 25.16 25.29 25.26 24.82 23.71 22.78 21.85 21.12 21.15 21.27 20.90 18.67 18.52 17.93 17.68
5.14 11.82 10.18 9.76 11.43 10.65 11.22 10.57 8.89 10.19 8.02 5.10 6.30 5.61 6.28 7.27 4.16 5.38 7.28 9.59 12.53 16.98 16.78 14.72 12.07 10.83 8.99 10.94 13.10 14.32 17.53 19.32 19.95 23.46 27.39 27.66 25.45 24.85 26.64 24.88 29.09 27.34 25.26 29.06 25.15 23.25 16.95 18.86 11.19 11.95 15.13 18.60 21.92 20.75 19.72 21.56 23.49 27.56 24.34 23.50 24.09 25.35 24.91 23.01 22.74 22.59 21.96 21.39 21.15 21.93 21.37 21.00 20.86 20.99 18.69 17.88 19.50
12.43 7.60 12.12 11.55 7.52 11.18 9.59 5.75 5.80 8.59 7.92 5.78 6.04 6.49 5.45 8.11 9.92 11.26 12.13 11.68 12.52 17.92 16.54 12.47 12.35 11.04 10.21 11.36 11.06 12.94 17.37 17.60 16.83 23.57 28.17 28.17 25.42 26.42 27.31 28.57 27.04 27.17 25.00 23.99 26.78 18.78 22.77 15.14 12.83 13.74 16.17 20.35 21.67 26.84 29.15 29.55 27.90 26.09 24.63 22.59 18.47 18.10 18.67 23.09 25.50 23.95 23.36 22.94 22.22 21.70 21.44 21.15 20.99 18.75 18.72 17.92 17.51
9.55 12.74 12.34 8.60 7.72 6.23 6.42 6.25 6.47 6.51 6.18 6.30 6.86 6.57 10.55 12.27 12.12 12.92 12.72 11.78 12.57 16.94 16.92 17.06 15.14 12.92 11.50 11.06 12.10 14.53 19.10 16.97 17.70 24.27 27.74 29.22 26.81 27.00 27.51 25.54 29.44 27.38 26.05 21.72 20.38 21.59 21.93 19.95 18.15 16.82 20.68 20.79 18.76 19.98 23.30 28.31 21.54 19.95 24.38 23.56 18.91 17.46 16.96 17.26 23.68 24.43 23.34 22.98 22.10 21.47 21.30 21.09 18.60 18.81 18.63 17.92 16.96
10.68 10.34 9.76 8.15 7.09 7.25 7.14 7.18 7.12 6.90 6.96 7.46 8.02 9.31 13.03 13.04 12.77 13.13 12.43 12.02 12.84 13.30 16.98 17.87 16.47 11.99 9.50 11.64 12.96 16.09 18.69 16.59 20.04 25.07 29.09 29.29 25.52 26.60 26.40 24.93 27.05 28.81 27.36 23.77 17.64 18.36 16.37 14.69 15.47 17.01 17.38 17.39 17.67 17.52 21.10 30.92 22.77 20.01 19.26 24.16 22.93 18.45 16.40 16.10 17.60 18.89 21.46 23.44 22.28 17.75 16.89 21.71 18.13 17.93 16.65 16.15 15.93
14.42 11.13 12.90 7.99 8.06 7.98 7.81 7.83 8.66 7.74 8.18 10.20 13.32 13.41 14.00 13.60 13.10 12.54 12.17 12.65 13.30 12.77 13.42 13.19 14.47 11.94 12.91 13.47 12.89 18.52 19.70 17.81 21.04 25.86 29.87 28.14 25.46 27.05 25.74 26.77 28.70 29.48 27.52 24.63 23.36 18.05 16.33 14.59 14.89 15.23 15.30 15.87 16.83 16.80 20.74 20.17 29.32 20.02 26.04 24.41 23.79 22.73 17.62 16.58 17.04 17.25 16.52 17.44 17.25 15.75 14.36 14.81 15.71 14.31 13.85 13.63 13.45
12.61 14.66 8.95 8.94 8.95 9.40 10.62 10.66 9.88 8.63 11.99 14.47 11.27 11.00 10.86 11.13 11.10 11.75 12.10 12.86 15.07 13.71 14.49 18.68 10.59 13.16 10.37 14.39 17.23 20.95 22.09 18.21 19.87 26.22 30.24 26.53 24.99 25.29 27.11 28.33 29.19 29.24 27.47 25.24 23.57 17.91 17.11 15.01 14.80 14.76 14.84 15.21 16.22 15.95 19.29 23.92 29.52 24.55 19.25 19.84 19.58 18.01 16.24 16.71 16.67 16.23 16.39 16.62 15.77 14.76 14.45 14.59 14.52 14.35 14.09 13.80 20.01
13.95 15.58 10.22 10.70 14.12 14.00 11.46 10.34 10.49 10.89 15.13 12.33 11.64 11.04 11.80 12.32 11.31 10.86 11.70 12.83 13.83 14.06 15.99 17.57 12.51 12.79 15.58 17.24 16.75 20.65 22.03 16.42 18.79 26.03 23.83 25.52 23.43 27.14 28.07 28.93 27.67 29.31 28.81 26.02 18.79 17.99 17.45 15.37 15.13 14.97 15.02 15.07 15.65 16.99 19.05 23.76 24.38 20.53 18.89 19.33 19.04 16.66 16.76 17.14 16.67 16.11 16.17 16.39 15.81 15.29 15.03 14.46 14.01 14.06 14.11 13.94 13.79
14.87 13.81 11.69 14.75 12.39 11.62 9.87 11.22 14.81 15.25 12.69 12.24 11.55 11.07 11.49 12.19 11.69 11.69 13.09 13.80 15.74 17.83 17.61 15.14 14.08 15.42 16.43 15.29 15.29 20.34 22.11 16.17 19.27 25.09 29.95 17.41 21.01 22.02 25.97 27.95 27.42 28.67 29.94 27.67 19.87 18.45 16.08 15.72 15.35 15.15 15.30 15.48 15.94 17.28 19.83 22.26 22.19 19.52 18.72 18.73 18.11 17.47 17.53 17.49 17.22 16.60 15.88 15.91 15.83 15.65 15.61 14.84 13.91 13.78 14.02 14.12 14.04
15.31 11.51 12.39 12.52 9.94 10.06 10.03 14.89 13.65 12.92 11.99 11.50 11.93 11.55 11.49 11.87 12.23 12.62 13.75 18.38 17.57 18.38 17.76 14.40 14.04 15.33 13.50 13.30 15.58 21.06 21.01 16.47 18.77 24.72 28.33 26.71 20.53 23.34 25.63 24.17 24.64 24.92 28.05 30.16 26.71 20.01 18.45 16.86 15.81 15.10 15.28 15.78 16.51 17.65 19.71 20.27 19.70 19.53 18.98 18.39 17.96 17.83 17.94 17.76 17.71 17.29 16.08 15.73 15.87 15.76 15.71 15.26 14.32 13.85 14.10 14.33 14.15
12.84 12.02 12.90 10.44 9.87 10.76 11.43 14.43 11.14 10.43 10.24 10.99 11.45 10.83 10.96 11.72 11.71 10.83 18.59 19.26 17.59 18.25 16.77 13.34 14.02 14.61 12.44 14.24 18.37 21.61 18.49 14.62 16.06 20.77 30.07 25.35 21.13 25.44 26.55 23.83 24.95 24.81 27.35 27.29 29.21 21.38 19.90 19.75 17.15 15.59 15.48 15.50 16.51 18.01 19.11 18.69 18.68 19.59 19.18 18.37 18.03 17.69 17.78 17.91 17.77 17.45 16.64 16.10 16.05 15.91 15.65 15.45 14.87 14.31 14.41 14.52 14.23
13.52 12.46 11.21 10.70 10.99 10.81 14.81 11.76 10.72 10.33 9.54 11.26 11.26 10.56 8.43 9.97 11.49 14.94 14.56 15.24 17.33 17.55 13.54 14.32 13.96 12.67 14.87 15.18 20.66 19.44 14.83 14.70 16.35 20.05 31.84 25.67 23.74 25.46 27.12 23.41 27.46 27.99 26.84 25.31 26.74 27.51 25.43 21.40 20.48 18.56 16.63 15.17 18.40 17.82 18.42 17.96 18.42 19.36 19.16 18.67 18.33 17.63 17.68 17.93 17.62 17.31 16.76 16.29 16.21 16.00 15.66 15.55 15.11 14.70 14.79 14.61 16.10
14.11 12.70 11.57 11.91 12.80 13.79 12.57 11.15 10.56 10.19 9.92 11.48 9.02 10.73 11.56 12.88 13.81 16.01 14.52 13.46 17.11 14.00 14.27 14.31 14.54 13.25 15.94 16.72 19.69 16.16 13.66 16.01 18.81 21.51 27.19 27.18 25.12 24.59 23.60 22.03 24.22 26.86 26.66 24.20 23.43 25.84 25.22 21.70 26.83 21.33 20.32 16.02 15.36 17.28 18.10 17.96 18.67 19.33 18.90 18.62 18.36 17.78 17.90 17.87 17.59 17.46 20.23 16.37 16.29 15.87 15.57 15.76 15.23 14.87 16.37 21.24 21.81
14.51 12.99 12.28 13.09 13.75 13.17 11.76 10.71 10.05 8.88 11.23 11.15 11.13 11.88 13.17 13.71 10.88 17.64 14.29 13.55 16.05 16.15 15.50 16.01 13.06 13.93 14.33 16.72 15.39 13.41 14.89 18.10 19.55 21.58 25.20 26.78 27.14 23.51 23.35 22.89 23.28 24.26 24.28 26.25 23.32 23.05 23.20 24.63 25.35 21.76 20.05 26.00 18.24 17.14 18.10 18.57 19.32 19.88 18.96 18.44 18.35 18.12 18.21 20.08 20.80 17.36 17.10 16.81 16.56 15.92 15.60 15.89 17.57 17.81 22.74 22.34 19.09
14.46 13.19 12.90 13.52 13.11 12.63 11.40 10.53 10.63 10.83 11.30 12.09 12.93 12.27 13.50 14.68 22.36 17.27 16.19 15.79 14.65 18.24 16.63 13.52 13.17 14.30 15.66 13.92 13.34 14.62 17.75 19.34 19.24 22.36 25.20 25.87 25.09 23.60 22.88 23.23 23.13 24.32 23.96 26.40 26.56 25.27 25.37 25.13 25.11 21.82 19.81 18.28 17.39 17.10 17.92 19.10 20.24 21.66 21.37 20.37 20.27 20.24 20.53 20.41 17.09 16.86 17.08 17.25 16.96 16.34 17.29 19.39 23.38 22.95 19.75 22.51 22.37
14.03 13.40 13.39 13.55 12.86 12.21 10.84 9.89 10.32 11.38 12.84 12.33 12.72 13.04 10.95 17.75 18.04 16.91 14.30 15.93 14.84 18.02 18.73 14.88 13.74 14.21 13.06 13.08 13.60 15.90 18.77 18.30 17.53 22.72 26.06 24.33 24.61 23.54 22.42 22.39 23.22 24.21 23.22 22.66 26.03 25.36 25.92 24.35 24.26 21.77 19.63 18.53 17.40 19.84 17.55 19.20 18.89 20.60 25.84 27.42 21.49 21.32 21.54 20.59 19.43 18.11 16.99 17.83 18.59 19.90 23.98 23.76 23.27 19.64 22.85 22.81 22.12
13.64 13.46 13.53 13.34 12.47 11.31 10.04 9.87 11.61 12.19 13.30 13.19 13.12 10.32 12.30 22.65 18.09 14.68 16.26 19.49 19.25 18.88 18.87 16.81 13.85 13.95 12.63 13.01 14.00 16.08 17.58 16.35 17.47 24.51 25.93 23.65 23.21 23.55 22.27 22.13 23.18 24.68 23.15 21.69 22.99 22.99 22.71 24.61 25.38 21.82 19.79 18.69 17.29 20.47 17.15 19.02 16.51 20.46 23.65 23.66 19.28 20.13 27.83 26.52 24.21 19.57 19.05 23.13 21.94 25.82 24.90 24.10 23.71 23.61 23.58 22.84 22.07
13.62 13.50 13.50 13.26 12.28 11.14 10.86 12.71 13.54 14.37 11.30 10.33 10.66 10.90 22.38 18.95 18.00 16.67 15.96 19.80 16.49 15.64 18.32 16.81 14.39 13.61 12.27 13.38 15.42 16.51 17.29 18.76 20.69 23.71 24.49 22.98 21.46 22.54 21.78 21.11 23.03 24.86 27.23 22.85 22.47 22.86 22.04 20.19 20.43 25.47 21.88 18.89 17.28 16.47 16.83 18.48 20.03 19.91 19.97 22.81 19.03 18.57 20.13 23.24 24.26 24.45 22.74 21.53 17.77 21.03 23.56 19.48 21.38 21.42 19.88 23.00 19.26
13.64 13.38 13.33 13.41 13.12 13.14 14.43 14.36 14.77 12.55 13.38 13.61 16.15 22.97 19.09 18.81 17.67 16.26 15.05 20.30 14.69 14.73 18.04 18.06 14.94 13.32 13.28 13.16 14.84 15.64 17.54 21.32 21.73 23.16 23.64 21.55 20.65 21.64 20.84 19.79 22.39 25.13 27.36 23.02 22.41 22.54 21.33 21.68 19.70 19.91 22.45 19.43 17.51 16.77 15.18 18.03 19.52 20.44 20.32 24.68 19.07 19.62 19.70 22.25 22.31 24.07 23.19 22.91 19.33 19.86 24.46 23.71 21.67 20.57 19.47 23.42 22.50
12.88 12.61 12.92 14.15 12.59 13.60 14.35 12.15 12.12 12.33 14.24 16.76 20.66 21.94 18.97 18.86 14.83 16.17 14.90 16.89 14.81 15.33 15.76 15.34 15.13 12.75 12.75 15.36 14.51 16.05 19.48 22.75 22.25 22.36 22.13 20.70 19.68 21.81 19.96 18.51 21.93 24.56 26.24 27.32 20.85 20.63 19.98 20.14 19.40 17.97 21.29 21.23 17.83 22.25 17.30 17.82 18.77 20.23 20.86 19.86 26.94 19.46 23.52 22.19 22.26 22.89 19.69 22.57 24.22 25.29 25.04 19.99 23.67 22.29 21.84 23.70 19.36
12.68 12.88 14.26 13.97 14.78 14.74 11.69 12.02 12.65 14.00 17.52 20.22 21.65 21.52 19.28 16.47 14.82 16.24 15.28 19.34 15.21 15.71 15.93 15.35 15.93 12.32 12.33 15.82 16.60 19.53 22.11 22.83 21.89 20.65 20.83 20.28 18.80 21.03 19.48 17.18 21.98 23.13 26.62 22.17 21.80 24.66 25.36 24.86 25.46 19.19 23.94 20.95 19.44 17.88 18.53 17.58 17.71 19.65 21.53 29.21 19.44 23.89 23.21 18.74 21.80 23.43 21.93 18.07 19.11 26.27 25.57 24.62 23.81 22.40 19.81 16.64 16.61
