examples/cougarCreek/createInputs/WindNinja/wrfout_d3.2015081100.f18/cougarCreek_08-11-2015_1800_217m_non_neutral_stability_vel.asc
ncols	146
nrows	140
xllcorner	610065.000000
yllcorner	5095217.000000
cellsize	216.586807
NODATA_value	-9999.000000
[rows 102 to 135 of 140, columns 0 to 76 of 146]
20.91 20.23 19.44 18.92 19.53 19.72 19.70 19.94 19.46 18.49 19.30 19.80 19.48 19.47 18.97 19.08 19.24 18.72 22.85 18.34 20.76 17.26 17.65 18.72 19.24 18.92 18.39 20.23 17.87 18.34 18.68 18.84 17.21 17.31 17.60 15.91 13.77 14.06 16.28 20.72 21.92 19.09 17.84 17.08 13.08 19.16 13.49 14.05 20.22 21.61 22.00 21.19 20.89 21.55 28.71 28.04 28.63 28.16 25.92 20.93 20.63 20.33 20.19 20.24 20.39 20.18 19.81 20.06 20.30 19.93 19.35 19.04 19.01 18.94 24.65 18.83 18.62
20.81 20.25 20.21 19.63 18.87 19.87 20.09 19.41 18.73 18.56 19.20 19.43 19.47 19.39 18.96 19.31 19.30 18.87 18.69 17.85 17.26 17.43 18.05 19.29 19.24 18.76 18.69 19.65 17.11 18.61 17.04 17.58 17.13 16.84 16.98 16.86 15.74 16.83 18.73 20.67 21.68 19.35 18.25 18.12 13.61 13.82 13.84 19.35 15.14 16.30 21.96 21.65 21.45 21.74 25.91 26.02 25.66 25.56 21.02 21.10 20.68 20.33 20.23 20.19 20.34 20.18 19.85 19.98 20.04 19.95 19.50 19.04 19.20 19.11 24.51 18.68 23.85
19.94 19.97 19.76 19.36 18.83 19.56 20.43 18.91 18.03 18.78 19.22 19.55 19.82 19.28 19.09 19.65 19.30 19.16 18.39 20.68 17.21 17.82 18.58 19.32 19.70 18.62 18.67 20.01 17.14 17.59 19.45 18.15 17.15 16.96 16.94 18.95 17.73 16.53 16.93 17.20 17.01 17.67 14.95 13.27 13.86 18.99 19.07 19.32 15.03 15.58 15.19 17.52 22.12 22.28 21.78 25.10 24.68 20.34 21.02 21.27 25.44 24.99 20.20 20.26 20.32 20.13 19.95 20.00 27.16 25.54 26.03 25.46 19.32 25.42 24.66 18.62 18.62
18.93 19.09 19.28 19.39 19.03 19.06 20.08 19.00 17.76 18.84 19.48 20.02 19.78 18.85 19.64 19.73 19.21 19.19 18.15 20.93 16.95 18.03 18.95 19.11 19.21 18.57 19.02 21.89 17.41 17.99 19.49 17.10 17.17 17.29 17.44 19.34 16.60 18.20 18.95 14.42 14.66 15.93 13.42 13.29 18.86 14.37 19.13 19.29 15.28 16.30 20.89 21.38 22.34 23.08 22.67 25.12 19.65 20.23 20.98 21.34 25.35 24.76 24.79 25.80 27.95 27.75 27.54 25.88 27.01 25.78 25.59 25.26 25.23 19.41 19.09 18.74 18.58
18.43 18.81 19.70 19.92 19.60 19.82 20.49 19.29 17.96 18.78 19.98 20.30 19.16 19.16 19.97 19.38 19.01 19.04 18.09 17.33 16.89 17.95 19.16 21.30 18.23 18.62 19.15 21.63 17.78 17.72 17.79 17.56 18.17 17.81 18.11 17.94 13.50 18.51 19.15 15.01 18.83 16.20 13.47 18.45 13.65 13.91 13.91 14.78 19.85 16.31 20.48 20.70 21.86 23.87 24.01 24.43 19.21 20.13 20.92 21.32 25.79 25.57 27.57 26.46 26.67 26.66 26.40 27.31 25.99 25.78 25.72 25.39 25.34 25.05 19.26 19.00 24.86
19.00 19.14 19.87 20.04 20.27 20.43 20.51 19.69 18.46 18.71 19.72 19.79 18.90 19.48 19.59 19.18 19.12 18.81 18.05 17.36 16.79 17.85 18.93 19.42 18.11 18.60 19.41 19.78 16.67 17.05 16.48 19.43 19.21 17.87 17.62 14.53 17.79 19.03 19.40 17.71 16.05 14.28 13.33 13.33 13.53 13.84 19.15 19.22 14.42 13.65 13.70 13.25 17.06 21.78 27.53 25.72 23.06 20.10 20.93 25.54 26.74 27.17 25.53 25.65 20.52 26.23 27.50 27.23 25.65 25.68 25.40 25.13 25.31 25.24 24.81 19.23 18.96
19.98 19.47 19.47 20.17 20.47 20.51 20.53 20.06 19.02 17.98 18.71 19.22 19.24 19.50 19.15 19.31 19.05 18.31 18.03 17.66 16.93 18.16 19.24 18.85 18.49 17.52 18.70 17.72 17.28 18.61 18.33 20.40 19.46 16.79 14.54 17.66 18.03 14.93 20.19 19.91 14.16 13.24 13.28 13.24 13.39 19.08 13.95 13.81 14.21 13.30 13.53 12.82 14.71 17.19 30.47 30.02 24.85 20.46 24.79 26.21 28.02 25.70 25.33 20.09 25.30 26.43 26.24 26.05 26.00 25.85 26.42 25.11 25.17 25.05 25.12 25.03 24.61
20.95 20.07 19.39 19.97 20.09 20.08 20.38 20.31 19.14 17.06 18.12 19.49 19.47 19.30 19.03 19.34 18.67 18.16 18.00 17.52 17.12 18.45 19.24 20.15 18.15 19.34 18.87 17.53 19.56 19.82 19.25 19.83 18.19 15.14 18.03 17.90 18.45 17.45 20.42 17.33 13.28 13.23 12.91 13.06 13.29 13.85 19.25 19.21 19.63 19.97 19.69 12.48 14.80 18.74 23.74 29.65 26.31 25.03 25.65 26.36 27.52 25.45 24.13 20.13 25.16 26.49 25.80 26.27 25.94 25.92 25.27 25.41 24.94 24.15 23.98 24.72 24.72
21.64 20.92 19.46 19.32 19.72 19.92 19.70 20.64 19.51 16.92 17.80 19.57 19.44 19.09 19.02 19.06 18.21 18.06 18.34 18.00 18.19 19.05 20.95 18.10 17.98 18.97 19.53 18.22 20.43 19.41 18.45 17.58 14.33 17.89 18.09 18.23 14.78 19.26 18.28 13.70 13.23 13.31 13.57 13.05 13.21 13.54 13.84 19.40 15.66 19.78 15.58 15.45 17.04 19.04 23.20 22.17 25.11 26.17 27.76 27.93 28.46 25.00 24.60 20.08 27.05 27.01 27.44 25.65 25.84 25.58 25.40 25.58 24.97 24.48 24.35 25.00 24.69
21.19 20.97 19.26 18.74 19.46 20.26 20.13 20.85 19.91 16.77 17.83 19.37 19.20 19.14 19.11 18.55 17.52 18.62 19.14 18.73 18.66 18.74 18.12 17.54 17.64 18.08 18.17 18.16 19.45 17.87 17.71 17.71 18.01 18.06 18.15 18.50 18.62 18.94 14.83 13.09 17.83 13.47 12.83 13.02 13.19 13.17 13.63 14.37 15.43 19.66 15.59 15.94 17.46 20.27 23.02 23.91 26.48 29.59 28.96 28.68 28.16 27.14 27.27 26.27 27.55 27.30 27.16 26.99 26.87 25.64 25.57 25.23 19.46 19.00 19.09 19.29 24.78
20.57 19.99 19.24 18.77 19.14 19.81 19.71 20.13 20.04 17.91 17.85 18.58 19.01 19.37 19.21 18.24 18.04 19.38 19.95 19.23 18.20 18.26 17.87 17.25 17.40 17.84 18.11 18.11 17.99 16.68 17.68 17.95 15.52 15.72 15.47 18.68 19.00 16.16 13.91 13.52 12.78 12.62 12.87 13.00 12.84 13.39 13.85 14.38 13.58 14.20 14.05 13.47 14.40 15.44 17.65 30.03 29.71 29.28 29.30 28.76 28.06 27.32 26.58 26.23 26.73 26.41 25.72 25.92 25.61 25.77 25.53 25.09 25.20 25.22 25.18 24.90 24.64
20.21 19.73 19.92 19.41 18.87 19.13 19.37 19.54 19.75 19.30 16.80 17.77 19.31 19.69 19.25 18.50 18.37 19.76 20.51 19.50 17.54 17.79 17.50 17.07 17.24 17.81 18.15 18.06 17.73 17.06 17.87 17.20 17.56 16.09 17.40 19.67 17.24 14.80 14.55 14.05 13.66 13.92 12.64 12.70 13.29 18.81 13.62 14.16 13.35 13.02 13.02 13.31 15.07 17.50 21.39 26.85 29.29 29.09 29.49 28.91 27.98 27.00 26.51 26.29 26.44 26.20 25.81 25.36 25.34 25.29 24.94 24.65 24.32 24.08 24.62 24.61 23.89
20.37 19.94 19.06 18.99 19.01 19.40 19.80 19.66 19.41 18.36 16.41 17.90 19.68 19.63 18.98 18.80 18.94 19.65 19.90 18.66 17.73 17.50 17.62 16.95 17.69 18.05 18.21 18.09 18.09 18.05 18.52 17.86 17.72 16.79 19.38 18.59 15.35 14.50 17.89 15.33 17.26 12.94 12.47 18.25 18.76 19.28 18.99 13.85 14.86 14.32 13.96 15.25 17.07 19.23 21.85 22.96 26.07 27.49 28.74 28.98 27.38 26.35 26.12 26.12 26.23 25.91 25.54 25.49 25.38 25.30 25.09 25.06 24.75 24.26 24.20 23.96 23.12
19.52 19.10 18.92 19.41 19.95 20.34 20.43 19.73 19.08 18.61 17.38 18.78 19.79 19.02 18.71 18.71 19.23 19.48 19.09 18.52 17.77 17.33 17.17 17.36 18.17 18.36 18.20 18.02 17.91 18.13 19.83 17.35 16.09 17.66 19.29 16.81 14.94 18.04 16.90 15.54 16.99 11.93 17.72 13.63 14.00 14.68 14.64 13.18 14.27 14.64 15.05 16.73 17.98 20.21 22.26 22.44 22.48 23.37 26.30 28.15 26.84 25.21 25.17 26.09 26.35 25.64 25.35 25.31 25.41 25.51 25.25 25.24 24.90 24.35 23.98 23.60 23.24
19.00 18.88 19.10 20.02 21.08 20.62 20.14 18.86 18.88 18.96 18.32 19.09 18.97 18.60 18.78 19.00 19.29 18.98 18.89 18.70 17.56 17.16 16.96 17.92 18.35 18.54 18.05 17.96 17.92 18.22 17.81 17.26 17.54 17.98 17.27 14.93 17.97 16.77 17.38 14.57 17.07 17.06 13.60 14.77 15.38 15.36 14.72 14.50 14.30 14.84 15.62 17.54 19.80 20.96 22.36 22.84 22.05 22.69 23.53 26.17 26.52 25.23 24.72 25.72 26.28 26.01 25.77 25.58 25.54 25.35 25.07 25.22 24.63 24.21 23.55 23.18 19.00
18.61 18.59 19.15 20.10 20.14 19.52 19.19 19.09 19.48 18.52 18.78 18.75 18.86 18.98 18.89 19.12 19.47 19.10 18.50 18.51 17.53 16.93 16.99 18.47 19.17 18.49 17.79 17.96 18.13 18.18 17.66 17.13 17.23 17.70 17.85 15.84 18.09 17.89 16.15 14.04 17.31 17.22 13.18 14.17 15.39 16.02 15.68 14.45 14.87 16.13 17.45 20.16 21.24 21.29 21.97 22.76 22.70 22.88 23.00 24.84 25.81 24.94 24.49 25.04 25.42 25.66 25.86 25.92 25.49 24.56 24.59 24.99 24.59 24.13 23.56 23.16 19.04
18.39 18.36 19.14 19.90 20.02 20.09 20.27 19.30 19.46 18.56 19.14 19.66 20.41 19.60 18.28 18.63 19.09 18.55 18.11 18.30 17.98 16.99 17.24 18.39 19.18 18.27 17.68 18.06 18.14 17.95 17.54 16.97 17.28 17.67 18.04 17.53 17.95 17.25 14.45 17.46 17.50 17.40 14.29 15.40 16.75 17.69 16.71 15.40 17.23 17.76 18.05 21.05 21.50 21.20 21.91 20.93 23.37 23.14 20.52 24.40 20.23 24.51 19.69 23.97 24.34 24.62 25.18 26.05 25.61 24.45 23.95 24.92 24.60 24.27 18.98 18.95 19.01
18.30 18.44 19.17 20.03 20.25 21.11 20.16 19.29 18.81 18.51 19.19 20.41 21.17 19.74 17.32 18.05 18.68 18.04 17.89 18.24 17.80 17.33 17.72 18.66 18.84 18.00 18.03 18.04 17.94 17.82 17.39 17.19 17.71 17.73 18.03 18.30 17.92 17.00 17.10 13.54 17.78 14.12 15.19 16.62 17.56 17.31 16.40 16.87 17.96 18.16 18.91 20.78 20.32 20.50 20.71 20.77 20.73 20.28 20.24 20.36 24.11 19.79 23.54 19.73 24.09 24.38 24.62 25.44 25.86 25.02 23.85 23.70 24.15 24.12 19.14 19.03 18.91
18.44 18.86 19.45 19.86 20.27 21.43 20.58 19.07 18.68 18.22 18.65 19.61 19.55 18.65 17.55 17.72 17.93 17.58 18.03 18.19 17.68 17.87 17.89 18.33 18.29 18.20 18.34 17.84 17.72 18.09 17.76 17.49 17.63 17.94 18.02 17.59 17.12 17.14 17.34 17.83 18.00 15.48 15.82 16.39 16.56 15.96 16.48 17.70 17.73 17.74 19.03 20.12 20.41 20.53 20.68 20.62 20.54 20.32 20.03 19.94 20.05 23.67 23.55 23.31 19.67 23.82 24.97 24.61 25.78 25.52 24.18 22.91 22.83 23.13 23.62 19.13 19.01
18.47 19.29 20.18 19.49 20.80 21.58 20.11 19.17 18.58 18.21 18.28 19.21 20.16 19.00 18.45 17.59 17.15 17.52 18.35 18.37 17.98 18.08 17.88 18.16 18.50 18.57 17.99 17.53 17.78 18.32 17.76 17.57 17.63 17.57 17.89 17.10 16.97 17.31 17.55 18.06 16.19 16.35 15.54 15.24 14.90 15.30 16.86 17.83 17.55 17.50 18.73 19.46 20.29 20.54 20.58 20.49 20.43 20.34 19.91 19.55 19.80 22.53 23.17 22.65 22.03 22.30 24.52 24.08 24.91 25.90 24.31 23.21 23.28 23.62 19.38 19.22 19.13
18.24 19.10 19.63 19.19 20.47 20.46 18.87 18.04 18.80 18.74 19.19 18.82 19.35 19.18 19.12 18.33 16.70 17.21 18.64 18.49 18.05 17.88 18.20 18.57 18.95 18.44 17.35 17.22 17.82 17.94 17.85 17.59 17.73 17.89 17.68 16.83 17.01 17.45 17.75 15.96 18.02 15.92 14.65 14.65 14.60 15.72 17.73 17.91 17.53 17.15 17.94 18.88 20.40 20.49 20.42 20.38 20.38 20.28 19.86 19.34 19.53 20.12 23.66 22.32 21.40 21.60 19.88 22.98 23.12 25.22 24.48 23.93 19.06 19.36 19.41 19.23 19.13
18.17 19.01 20.22 19.00 19.66 19.18 18.37 17.72 19.22 19.58 18.50 18.26 19.05 19.77 20.34 18.80 16.40 16.82 18.73 18.66 17.95 17.94 18.27 18.57 18.88 18.19 16.93 17.35 18.10 18.05 17.56 17.48 17.62 17.66 17.41 16.85 17.02 17.47 17.89 18.17 17.71 15.58 15.19 15.22 15.21 19.14 18.89 17.56 16.87 16.36 16.89 18.72 20.30 20.33 20.28 20.24 20.28 20.21 23.95 19.34 19.43 20.12 23.47 22.13 19.15 19.44 19.76 22.63 22.93 23.85 23.86 23.73 23.64 19.25 19.36 19.30 19.12
18.23 18.42 19.01 19.46 18.91 18.96 18.16 18.03 19.68 20.12 18.60 17.82 18.74 19.34 19.66 18.84 16.15 16.63 18.65 18.37 17.96 18.23 18.18 18.40 18.54 18.04 16.86 17.51 18.27 18.11 17.62 17.72 17.59 17.39 17.05 16.90 16.96 17.40 17.73 17.70 17.45 15.32 15.32 15.58 18.60 17.97 18.62 16.83 16.29 16.42 17.43 20.11 20.08 20.16 20.17 20.13 20.18 20.15 19.85 19.42 19.50 19.94 19.70 19.22 19.03 19.11 19.54 19.66 23.71 23.78 23.19 22.45 18.82 18.94 19.22 19.36 19.10
18.26 17.96 18.21 18.91 19.48 18.89 18.47 18.41 19.62 21.03 19.10 17.93 18.43 19.07 19.85 19.11 16.68 16.83 18.54 18.15 18.06 18.04 18.00 18.21 18.08 17.79 17.21 17.88 18.80 18.46 17.66 17.29 17.25 16.95 16.72 17.00 17.01 17.22 17.38 17.48 17.35 17.42 15.02 18.32 18.39 18.56 18.53 16.78 16.77 17.55 19.65 19.94 19.84 19.96 20.04 20.05 20.18 20.08 19.76 19.51 19.62 24.35 24.82 24.47 24.00 19.21 19.19 19.46 25.64 25.29 23.85 18.75 18.61 18.44 18.85 19.29 19.18
18.21 18.06 18.03 18.70 19.19 18.51 18.93 19.04 19.35 20.06 19.61 18.17 17.95 18.56 19.35 19.55 17.79 16.96 18.01 18.01 18.15 18.24 17.77 17.71 17.72 18.05 17.99 18.36 18.69 18.19 17.60 17.10 16.83 16.59 17.25 17.00 17.05 17.03 17.26 17.44 17.26 17.44 18.04 18.11 18.19 18.46 18.51 18.32 18.51 18.88 19.31 19.63 19.54 19.64 19.81 19.96 20.15 20.04 25.82 19.82 26.03 19.83 19.51 25.32 19.10 19.17 23.89 18.97 20.40 25.57 18.47 18.50 18.49 18.05 18.34 19.06 19.31
18.24 18.26 18.12 18.79 19.82 19.80 19.62 20.16 19.82 19.55 19.84 18.45 17.72 18.27 19.24 20.41 18.39 16.45 17.28 18.09 18.12 18.08 17.65 17.73 18.34 18.48 18.48 18.61 18.47 17.67 17.32 16.91 16.67 16.44 17.28 16.96 17.03 17.06 17.16 17.16 17.02 17.42 17.85 17.75 18.15 18.49 18.40 18.12 18.16 18.62 19.03 19.24 19.28 19.34 19.56 19.75 20.09 20.09 19.97 19.87 19.73 19.67 19.60 25.02 19.23 25.18 24.44 18.91 20.35 23.32 18.06 18.16 18.48 18.04 17.90 18.69 19.27
18.58 18.47 18.37 18.87 19.38 19.18 19.05 19.08 18.86 18.26 18.57 19.69 18.09 18.20 19.01 19.53 18.19 16.24 17.05 18.11 18.01 18.05 18.27 18.33 18.41 18.46 18.35 18.80 17.80 17.42 16.95 16.79 16.39 16.87 16.70 17.03 17.23 17.17 16.85 16.76 16.89 17.31 17.37 17.48 14.14 18.33 18.12 17.74 17.81 18.28 13.36 18.86 19.15 19.28 19.51 19.79 20.04 20.25 20.22 19.95 19.77 19.70 19.66 19.53 19.38 25.25 24.56 19.61 19.80 19.05 18.27 18.11 18.46 18.24 17.91 18.39 19.11
19.26 18.68 18.35 18.58 18.72 18.77 18.70 18.62 18.30 17.77 18.26 19.24 18.72 18.11 18.48 18.73 17.94 16.59 17.08 18.22 18.11 18.09 18.41 18.36 18.40 18.30 18.34 18.65 17.49 17.07 16.81 16.78 16.79 16.91 17.41 17.04 17.08 16.84 16.60 16.56 16.82 17.12 17.29 17.60 17.94 18.03 17.76 12.55 17.54 17.97 13.15 18.80 18.94 19.21 19.43 19.71 20.09 20.40 20.36 20.13 19.93 19.70 19.72 19.73 19.80 25.19 24.79 25.11 19.57 19.02 18.55 18.38 18.42 18.36 18.19 18.26 18.73
20.16 18.92 18.13 18.35 18.47 18.58 18.56 18.53 18.32 18.16 18.43 19.26 19.05 18.02 17.94 18.21 17.95 16.97 17.33 18.54 18.35 18.14 18.41 18.27 18.07 18.06 18.04 18.22 17.10 16.89 16.78 16.83 16.85 16.90 16.80 16.97 16.81 16.72 16.62 16.53 16.71 17.01 17.32 17.59 17.83 17.90 17.51 17.27 17.47 17.98 18.30 12.99 13.26 18.97 19.26 19.63 20.13 20.46 20.51 20.57 20.25 19.62 19.53 25.82 25.84 25.31 24.83 19.47 19.45 19.18 18.65 18.34 18.28 18.32 18.42 18.32 18.46
21.38 19.28 17.91 18.07 18.26 18.36 18.39 18.50 18.47 18.49 18.62 18.99 18.85 18.07 17.94 18.19 17.92 17.32 17.87 18.80 18.55 18.23 18.30 18.09 17.97 18.06 17.80 17.35 16.97 16.82 16.81 16.94 16.85 16.88 16.80 17.16 16.88 16.74 16.65 16.58 16.73 17.01 17.46 17.69 17.90 17.82 17.33 17.05 12.34 12.63 12.55 12.58 12.73 13.30 19.19 19.48 20.02 20.46 20.72 21.09 25.06 25.35 25.30 25.70 25.56 24.87 24.52 19.26 19.25 19.23 18.72 18.38 18.32 18.34 18.60 18.48 18.35
22.20 20.32 17.85 17.77 17.98 18.14 18.27 18.47 18.52 18.59 18.65 18.76 18.67 18.34 18.24 18.26 18.01 17.72 18.25 18.88 18.68 18.40 18.20 17.84 17.89 18.06 17.58 17.13 16.97 16.88 16.92 16.94 16.73 16.76 16.50 17.56 17.63 16.89 16.72 17.36 17.49 17.62 17.27 17.45 17.74 17.68 17.10 17.05 17.47 17.84 17.90 18.09 18.37 12.72 13.03 13.64 14.92 20.55 20.91 27.74 27.23 25.16 24.90 24.58 24.33 19.00 18.96 19.10 19.03 19.06 18.73 18.43 18.29 18.45 18.71 18.57 17.53
23.02 20.62 17.76 17.43 17.48 17.84 18.18 18.50 18.59 18.68 18.70 18.74 18.68 18.54 18.46 18.38 18.24 18.03 18.23 18.73 18.75 18.54 18.16 17.67 17.84 17.98 17.41 17.02 17.01 16.99 16.83 16.58 16.41 16.71 17.50 18.05 18.09 17.84 16.76 17.28 17.36 17.08 17.01 17.32 17.53 17.39 17.00 17.05 17.26 17.34 17.55 17.96 18.36 18.81 13.64 13.65 14.24 15.87 20.90 20.86 25.67 25.09 25.13 25.17 24.51 18.73 18.72 19.08 19.02 18.86 18.67 18.33 18.11 18.27 18.53 18.45 18.35
23.49 20.75 18.39 17.12 16.49 17.00 17.84 18.57 18.84 18.91 18.83 18.80 18.71 18.63 18.59 18.53 18.39 18.22 18.10 18.48 18.88 18.72 18.22 17.62 17.68 17.76 17.33 17.07 17.02 16.90 16.47 16.02 16.38 17.59 17.79 17.90 18.33 17.85 17.33 16.94 16.76 16.80 16.87 17.18 17.34 17.20 16.98 16.99 16.98 16.94 17.34 17.95 18.44 13.56 13.67 19.16 19.77 20.53 20.61 20.23 19.49 24.32 24.61 25.04 24.74 23.81 18.48 18.79 19.00 18.85 18.75 18.43 18.04 18.11 18.35 18.28 18.09
23.17 21.24 18.81 16.56 15.26 16.16 18.20 19.49 19.64 19.14 18.80 18.80 18.71 18.71 18.67 18.61 18.46 18.40 18.20 18.37 19.03 18.94 18.25 17.54 17.44 17.55 17.33 17.12 16.93 16.68 16.13 15.84 16.55 18.16 17.99 18.18 18.67 17.58 16.90 16.62 16.45 16.61 16.81 17.08 17.24 17.14 17.02 16.93 16.96 16.89 16.96 17.73 13.50 13.61 18.80 19.03 19.50 20.04 20.17 19.76 19.20 18.97 19.15 19.18 24.34 24.13 18.55 18.54 18.66 18.75 18.80 18.51 18.26 18.34 18.41 17.40 17.23
