examples/cougarCreek/createInputs/WindNinja/wrfout_d3.2015081100.f18/cougarCreek_08-11-2015_1800_217m_non_neutral_stability_vel.asc
ncols	146
nrows	140
xllcorner	610065.000000
yllcorner	5095217.000000
cellsize	216.586807
NODATA_value	-9999.000000
[rows 68 to 101 of 140, columns 0 to 76 of 146]
13.94 14.61 16.65 16.33 16.35 16.46 17.44 17.91 18.72 18.51 22.76 18.84 18.50 16.94 19.64 16.81 14.91 18.22 16.32 16.83 15.53 18.63 15.90 18.55 16.34 13.40 14.55 16.77 18.71 20.69 21.87 22.52 21.48 20.20 20.03 19.40 18.80 20.22 18.79 17.50 20.08 19.17 23.55 20.94 21.79 21.46 21.09 26.15 21.22 23.16 25.00 19.28 18.36 18.33 18.36 22.01 16.49 18.29 21.54 24.49 27.39 24.22 21.60 23.90 20.05 20.81 19.56 17.43 19.03 23.49 26.14 25.30 21.19 20.80 23.30 18.27 17.59
14.32 14.91 17.29 17.84 19.34 22.66 22.28 21.22 20.08 19.53 23.13 23.01 23.03 17.25 20.14 17.16 15.02 15.07 19.23 15.79 16.60 18.79 19.14 18.23 14.75 13.17 16.18 17.82 20.24 20.14 18.97 21.89 22.20 20.05 19.58 17.98 17.87 19.57 18.65 17.02 16.37 15.22 23.42 23.83 22.47 21.51 21.09 21.12 21.44 21.24 21.28 19.15 18.68 18.57 18.93 18.07 19.73 16.18 19.94 20.81 29.81 20.26 19.51 26.39 24.37 24.94 24.16 16.97 18.09 19.37 23.64 25.40 24.80 20.43 24.07 23.30 21.83
13.24 14.33 18.15 18.52 20.31 23.83 22.92 20.78 20.01 20.42 22.14 22.13 23.20 20.74 21.16 17.67 15.29 15.43 19.34 16.15 16.13 18.89 15.73 16.32 11.90 13.51 16.35 16.76 20.30 18.60 16.19 21.72 22.50 20.71 19.47 16.85 18.85 20.08 18.58 15.92 15.86 17.71 20.52 23.90 22.99 21.75 25.83 25.80 21.64 21.78 19.29 18.96 18.80 23.75 19.18 19.16 16.83 14.92 17.12 21.57 21.79 21.52 20.15 19.28 18.95 26.84 25.64 22.72 17.24 18.45 19.20 22.96 23.52 22.54 22.68 22.86 23.24
13.18 15.42 20.13 21.12 20.54 23.97 22.34 19.21 20.17 21.44 21.10 21.32 17.90 24.13 19.64 18.11 15.27 15.62 19.15 16.47 20.47 17.78 15.87 14.32 13.75 15.01 17.72 20.90 21.05 17.02 16.83 21.99 18.32 17.74 18.64 18.50 19.79 20.19 18.07 15.27 17.91 20.06 19.73 23.94 24.00 21.97 21.45 26.50 21.94 22.07 21.70 19.01 20.82 23.62 24.74 19.80 18.49 15.53 14.95 18.58 22.63 23.28 21.43 20.27 19.40 19.00 18.20 25.17 22.99 17.63 18.52 22.38 23.64 23.87 23.63 22.23 21.75
15.21 18.35 21.80 21.30 21.14 23.95 21.96 19.25 20.88 21.77 20.70 20.98 19.47 18.42 23.58 17.44 14.63 15.57 17.44 16.63 16.07 15.85 16.32 14.28 14.07 14.80 18.65 20.83 19.03 16.35 18.24 22.62 22.12 19.12 16.03 18.25 21.40 19.12 17.61 16.19 19.26 21.16 19.24 17.56 28.54 22.46 20.87 26.50 22.13 19.91 22.05 19.08 24.89 22.48 19.63 19.76 19.47 17.29 14.81 15.80 20.29 22.89 25.15 23.84 23.74 19.66 27.11 17.76 17.23 21.02 18.02 22.80 24.74 24.97 24.50 22.89 19.61
17.80 20.05 21.66 20.85 21.94 23.17 22.02 20.14 22.75 22.56 21.17 21.19 20.36 20.75 23.80 16.28 13.91 15.35 16.89 16.79 16.05 16.16 16.88 14.45 14.65 16.37 19.26 18.31 15.11 18.23 20.73 22.56 21.54 16.75 15.39 18.56 20.53 22.30 17.27 15.97 18.96 21.18 18.82 16.38 24.72 23.51 26.31 20.49 20.78 20.03 22.47 19.14 24.80 19.17 24.48 19.85 19.78 18.69 15.94 15.05 17.92 21.58 21.62 25.76 25.67 25.11 21.86 25.49 25.73 25.45 25.71 25.54 25.26 25.12 24.29 22.15 19.40
19.16 19.80 20.29 20.20 21.84 22.48 21.69 21.90 23.04 22.27 21.12 21.07 19.46 23.72 19.56 15.82 13.45 15.12 17.12 16.75 16.13 16.68 17.11 14.25 15.99 17.04 19.19 14.67 17.17 19.24 22.13 22.23 20.39 16.11 15.70 19.90 20.49 21.77 17.03 14.65 17.78 21.71 19.86 17.32 21.20 23.94 22.61 20.83 20.31 20.29 20.26 25.82 25.21 19.21 20.18 26.18 20.02 19.44 17.21 15.70 16.70 19.71 22.24 24.57 26.85 25.61 24.78 24.09 22.76 20.40 20.41 22.29 21.74 17.92 22.07 20.69 19.69
19.39 19.46 19.94 21.33 22.32 21.35 20.27 21.83 22.47 20.67 18.36 19.79 22.70 23.62 19.32 15.97 13.61 15.51 17.30 19.60 16.53 17.18 17.17 16.48 15.15 17.37 17.59 17.64 18.46 19.10 21.90 21.52 16.18 16.52 17.62 21.74 20.08 19.84 17.46 15.74 17.93 22.60 20.95 18.63 19.70 23.46 21.08 27.04 19.22 19.99 20.21 19.57 24.40 19.45 20.15 22.33 25.51 19.76 18.28 16.87 16.50 18.30 21.23 21.41 26.70 23.17 24.75 21.85 21.31 21.77 17.76 18.52 21.69 20.18 17.58 20.34 20.27
19.39 19.59 20.04 22.13 22.16 20.87 19.42 20.44 21.44 16.94 18.22 19.88 19.73 23.90 19.50 15.87 14.01 16.04 17.03 16.85 17.04 17.36 17.44 17.74 16.76 17.49 16.31 17.51 19.44 18.26 20.31 20.47 15.71 16.40 21.91 21.17 19.64 18.55 17.59 16.67 19.11 22.47 21.17 18.45 18.58 20.53 28.01 20.15 19.20 19.90 20.14 19.75 19.42 19.70 20.22 20.94 25.87 19.82 19.08 17.87 16.79 17.85 20.10 21.37 22.90 25.69 24.56 24.40 21.82 22.38 20.06 18.63 19.09 20.84 18.69 18.80 20.84
19.48 19.74 19.94 22.36 21.40 19.32 18.83 20.70 18.93 16.30 19.26 18.37 19.93 19.60 19.36 15.48 14.39 16.34 17.00 17.07 17.45 17.60 18.22 17.84 19.61 16.54 16.39 17.80 18.22 16.68 18.57 20.51 16.17 18.79 22.05 21.05 18.01 18.23 17.40 17.08 20.20 20.70 19.78 18.59 17.95 19.33 23.01 21.11 19.37 19.76 20.18 19.87 19.56 19.85 20.37 21.08 26.06 19.92 19.68 18.70 22.60 17.99 19.40 20.45 21.10 25.00 23.78 24.31 25.33 22.03 21.66 19.81 19.45 20.63 17.44 17.92 17.90
19.54 19.73 19.76 22.44 20.73 18.59 19.65 22.03 18.88 18.06 19.51 23.74 19.39 19.49 18.58 14.99 14.76 16.54 17.03 17.30 17.90 18.28 19.31 22.01 21.81 16.87 17.36 17.63 17.51 15.79 16.49 21.71 19.01 21.26 21.04 19.30 18.01 17.50 15.52 15.54 21.69 20.77 19.45 18.91 17.86 18.82 20.87 24.56 20.11 20.15 20.38 19.99 19.50 19.77 20.63 21.12 26.46 24.97 25.16 19.69 18.18 18.08 18.87 19.59 20.92 24.99 25.20 25.04 25.22 18.67 17.67 17.61 22.16 21.42 17.35 17.72 18.45
19.54 19.67 19.67 22.23 21.08 18.56 19.90 20.95 19.64 19.41 20.43 22.72 22.33 19.66 17.37 14.68 15.53 16.88 17.10 17.66 18.64 19.21 20.57 18.99 16.54 16.92 16.91 16.64 17.73 16.35 17.35 22.68 21.17 20.35 21.33 19.32 18.09 17.34 13.89 16.76 21.62 20.98 20.17 19.03 18.37 19.10 19.46 20.63 25.99 20.20 20.55 20.19 19.23 19.32 20.97 19.50 20.54 25.08 22.95 20.59 19.40 18.52 18.58 18.58 19.79 20.34 26.71 25.79 25.77 19.02 18.09 17.96 17.80 21.25 18.59 16.99 17.67
19.43 19.59 19.72 22.90 20.81 18.51 18.97 20.29 20.01 19.86 20.38 21.09 19.05 19.86 16.38 15.02 16.62 17.09 17.31 18.51 19.51 19.97 23.13 18.30 21.61 17.19 16.19 18.17 18.18 18.08 17.78 21.42 20.60 18.20 21.61 19.13 18.10 17.36 15.63 19.95 20.72 20.19 21.04 19.81 19.21 18.97 18.19 18.20 20.15 21.09 20.03 20.19 18.77 19.02 21.39 22.45 20.50 25.93 18.72 21.11 20.30 19.47 19.00 24.20 18.25 20.78 26.95 26.32 25.33 23.98 22.94 22.80 18.29 17.66 21.61 19.96 17.10
19.32 19.57 19.76 22.72 18.38 18.77 19.09 19.57 21.03 21.28 20.74 18.42 19.49 19.52 16.14 15.97 17.21 17.27 18.14 19.43 19.96 23.17 19.71 17.58 19.71 17.23 16.62 18.61 19.59 21.46 17.51 18.47 18.29 19.76 21.28 20.86 18.95 16.18 15.96 20.25 19.52 19.84 20.48 21.30 20.48 18.50 17.24 19.70 19.88 22.13 20.42 19.79 18.29 19.51 21.65 22.71 27.43 19.26 17.49 21.10 20.96 20.40 19.79 18.42 18.56 19.35 20.55 26.51 25.48 23.85 25.87 23.64 22.98 18.36 17.89 17.02 16.65
19.26 19.58 19.66 22.82 18.61 18.99 19.04 19.62 22.16 23.32 20.48 18.59 20.22 18.86 16.43 16.83 17.39 17.95 19.14 19.67 19.95 25.75 19.07 17.11 19.16 16.94 16.72 19.10 21.17 21.93 17.28 16.63 18.81 21.74 20.66 20.63 18.27 15.61 19.19 19.97 19.53 19.79 19.73 21.36 21.24 19.13 16.74 19.19 16.74 23.46 21.12 19.40 18.53 20.74 22.40 20.41 20.43 26.34 18.53 18.92 25.23 21.26 20.54 19.41 17.83 18.05 20.50 24.90 25.27 23.83 23.28 22.08 19.27 24.09 18.60 23.13 19.89
19.23 19.54 19.49 18.84 18.89 18.99 18.98 19.58 22.11 23.06 18.46 19.16 22.80 18.29 19.18 17.47 17.95 18.76 19.52 20.17 22.03 23.56 18.37 16.94 19.37 15.89 17.33 19.18 20.50 20.51 16.16 17.02 20.57 19.83 19.56 19.49 15.92 19.38 20.38 19.87 20.02 20.60 19.84 20.68 19.46 18.73 17.47 13.48 19.27 22.16 22.65 19.46 19.84 20.85 24.90 19.54 20.46 21.22 20.08 18.26 20.47 24.85 27.60 20.72 19.14 17.79 19.22 20.87 25.19 24.30 24.91 24.31 18.62 19.39 23.22 23.03 21.80
19.28 19.50 19.37 18.99 19.15 19.03 19.12 19.76 21.85 20.25 18.35 20.03 24.98 18.06 17.44 18.23 15.81 19.16 19.66 21.27 23.57 19.66 17.78 16.90 16.00 14.67 17.74 17.18 19.14 21.07 18.80 20.08 19.30 18.61 19.18 18.48 14.84 19.67 19.44 20.19 21.11 20.52 19.16 19.20 19.59 19.11 17.65 18.48 18.69 22.18 21.92 19.79 19.30 22.80 21.43 19.38 19.76 20.74 20.09 20.26 20.13 21.71 20.98 22.79 27.59 25.42 19.24 19.51 22.55 24.42 25.88 23.83 22.73 19.12 21.85 23.56 24.07
19.36 19.43 19.30 19.21 19.35 19.14 19.22 20.34 20.95 17.78 19.19 19.08 24.39 21.41 18.20 18.77 19.00 18.77 21.00 23.28 23.85 18.96 17.33 16.77 16.06 14.91 15.70 16.94 18.98 19.29 21.06 19.19 19.53 18.57 17.98 16.06 16.47 18.31 19.19 20.84 22.45 20.73 17.98 18.68 19.77 19.37 18.23 18.38 20.58 22.00 21.12 20.40 21.13 20.66 20.01 20.12 19.77 20.00 20.56 20.57 20.95 21.19 20.62 21.21 25.22 24.06 22.13 19.51 19.80 22.81 24.09 24.75 23.74 23.10 22.57 23.16 22.86
19.37 19.31 19.27 19.44 19.46 19.17 19.18 19.08 19.62 18.48 19.88 24.78 19.43 20.66 18.70 18.81 19.25 20.81 23.39 22.85 20.11 18.39 16.89 20.88 16.36 14.70 18.00 17.04 18.71 22.02 20.81 16.17 20.98 18.83 18.36 16.80 18.29 17.41 19.11 21.39 24.20 20.74 17.37 18.24 19.98 19.64 18.72 18.63 20.00 21.54 21.60 21.16 20.64 20.10 20.26 20.68 20.22 19.73 20.47 20.91 20.75 20.40 20.51 21.29 24.38 23.61 22.15 20.13 19.91 19.96 20.09 25.40 25.49 23.90 22.81 18.84 21.90
19.28 19.24 19.50 19.73 19.53 19.31 19.28 19.04 18.79 18.93 20.31 25.33 19.55 21.51 19.89 18.66 19.44 22.84 23.20 23.59 19.60 17.88 16.72 16.45 17.25 15.58 18.10 16.85 19.33 19.38 18.78 16.72 20.04 19.20 18.34 18.69 19.10 18.64 16.82 19.61 22.68 20.92 17.98 18.14 19.99 19.93 19.11 19.06 19.75 21.06 21.75 21.64 20.46 19.69 20.23 20.92 20.64 19.95 20.49 21.00 20.72 20.40 20.54 20.95 22.12 23.04 21.78 20.70 20.35 19.47 20.00 23.12 24.54 23.87 24.31 23.27 23.74
19.17 19.43 19.93 19.84 19.57 19.52 20.65 19.09 19.03 19.28 20.48 25.21 19.72 22.64 20.27 18.68 19.99 24.53 23.09 20.40 18.81 17.43 16.77 16.42 16.12 17.36 18.33 19.21 19.20 18.87 16.00 17.19 21.81 19.59 18.47 18.25 19.10 18.84 18.39 20.91 21.59 20.94 19.08 18.48 19.91 20.17 19.41 19.19 19.72 20.86 21.64 21.81 26.06 19.66 20.10 20.85 20.80 20.29 20.62 20.90 20.71 20.61 20.65 20.68 23.51 23.57 21.38 22.42 22.32 21.84 19.56 21.67 23.56 25.06 19.36 18.85 19.06
19.23 19.67 20.10 19.68 19.54 19.49 20.90 19.22 19.18 19.37 20.43 25.02 19.95 18.55 20.18 18.39 20.45 22.75 22.60 19.98 18.25 17.23 16.74 16.96 17.01 17.69 18.76 19.50 19.24 18.90 19.39 18.39 20.94 19.92 18.79 18.45 19.01 19.08 18.12 20.43 20.61 20.83 19.86 19.02 19.98 20.31 19.50 19.14 19.74 20.72 21.47 21.83 26.18 24.82 20.10 20.68 20.80 20.57 20.67 20.89 20.81 20.67 20.68 23.63 22.48 24.78 24.04 23.10 23.72 23.32 21.98 20.56 20.49 22.11 23.96 24.54 24.56
19.37 19.82 20.09 19.69 19.63 19.52 19.42 19.46 19.28 19.43 20.58 23.91 20.11 18.46 20.69 18.17 20.86 24.39 24.11 19.51 18.08 17.16 16.72 16.73 17.28 18.31 19.24 19.45 18.81 17.58 17.45 19.44 20.38 20.13 19.21 18.28 18.83 19.34 19.66 20.07 20.29 20.80 20.28 19.48 20.10 20.24 19.55 19.37 19.81 20.50 21.27 21.79 21.17 25.18 20.19 20.50 20.77 20.77 20.63 20.92 21.06 23.94 20.65 23.11 23.00 24.00 25.04 24.49 25.20 24.89 23.78 20.74 19.26 20.18 21.52 23.82 23.60
19.43 19.91 20.18 19.88 19.90 19.77 19.64 19.66 19.47 19.65 20.12 24.96 19.57 24.12 21.28 19.44 21.95 19.73 19.66 19.28 17.97 17.07 18.01 16.97 17.59 19.05 17.30 18.04 17.67 17.55 19.78 21.08 21.54 20.02 19.30 18.34 18.85 19.43 19.45 20.01 20.51 20.67 20.42 19.93 20.03 20.06 19.71 19.78 19.91 20.40 21.16 21.68 21.25 26.09 20.29 20.37 20.70 20.78 20.55 20.87 21.13 24.32 24.10 24.54 22.68 20.60 24.21 25.27 25.17 25.75 19.07 22.92 18.88 19.98 20.09 22.57 23.56
19.42 20.01 20.42 20.11 20.14 19.81 19.48 19.71 19.57 19.69 20.95 24.38 23.74 21.97 21.73 20.90 21.60 23.85 19.55 19.11 17.85 17.13 16.25 17.22 18.02 19.57 20.35 18.35 16.90 17.99 22.52 19.51 19.56 19.60 19.14 18.65 17.91 19.25 16.18 16.26 20.78 20.24 15.82 20.60 19.97 19.77 19.91 19.95 20.08 20.54 21.12 21.50 21.34 27.25 26.82 20.44 20.72 20.63 20.46 20.79 21.04 21.15 25.21 25.37 23.23 20.45 20.77 24.21 25.66 25.38 19.18 22.72 18.92 19.95 22.19 23.91 24.01
19.32 20.21 20.83 20.26 20.08 19.58 19.20 19.59 19.50 19.62 20.26 22.83 19.26 21.92 19.21 21.44 20.44 21.75 19.54 18.92 17.84 17.31 16.64 17.46 18.25 17.00 19.61 18.51 18.80 20.20 22.07 19.34 19.06 19.10 18.93 16.13 18.96 18.81 19.78 21.27 20.82 19.64 20.26 20.97 19.83 19.51 19.96 19.89 20.20 20.65 21.05 21.25 21.31 27.09 26.86 25.63 20.82 25.30 20.38 20.61 20.91 21.26 26.05 26.35 24.99 20.22 20.49 23.39 24.69 25.08 24.07 21.89 19.06 19.89 22.54 23.32 24.16
19.40 20.55 21.11 25.50 19.79 19.40 18.98 19.36 19.53 19.74 20.03 19.90 21.94 19.48 19.25 19.11 20.69 21.16 19.45 18.83 17.94 17.43 17.60 16.20 18.25 16.53 19.13 20.71 21.96 20.06 20.32 21.88 19.57 17.01 16.05 18.83 18.88 18.50 20.08 21.99 20.73 19.38 20.03 20.60 19.80 19.64 19.99 19.87 20.21 20.66 21.00 21.11 21.19 21.07 27.24 26.51 26.88 27.04 25.46 20.51 20.82 21.19 25.71 26.14 20.46 26.14 23.94 20.31 24.04 24.48 24.65 22.40 19.13 19.69 21.78 20.98 20.86
19.98 20.89 21.03 19.85 19.68 19.31 18.81 19.21 19.68 19.96 20.01 19.78 19.79 23.29 19.23 22.30 20.99 20.07 23.10 18.77 17.86 17.45 17.50 17.48 18.56 19.88 20.34 22.22 18.62 18.60 19.22 20.19 17.32 15.75 18.78 18.83 18.86 18.64 20.39 17.75 20.63 19.53 19.84 19.78 19.69 19.96 20.14 19.98 20.15 20.65 21.00 21.03 21.07 21.01 27.38 25.54 26.42 27.15 27.21 25.87 20.76 20.98 26.46 26.56 20.81 26.35 25.74 25.55 24.81 24.65 24.39 23.98 21.04 21.66 21.28 19.08 19.38
20.69 20.84 20.56 19.88 19.54 18.98 18.84 19.29 19.71 20.00 19.90 19.64 19.74 22.82 23.10 22.63 20.28 19.11 22.99 18.50 17.60 16.72 17.51 17.81 19.28 17.67 21.58 21.70 18.69 15.01 18.95 17.18 18.76 18.77 18.81 18.92 18.86 19.00 16.24 21.67 20.49 19.78 19.69 19.24 19.46 20.11 20.30 20.13 20.16 20.64 20.98 21.01 21.04 20.92 20.78 20.89 20.86 20.64 20.48 20.44 26.69 25.86 26.67 26.41 27.16 26.49 20.08 25.55 25.61 24.89 24.51 24.26 24.41 23.79 22.30 20.21 18.95
21.65 20.88 20.02 19.76 19.07 18.79 19.12 19.31 19.40 19.83 19.72 19.58 19.78 22.39 19.44 19.04 20.40 20.75 22.98 17.99 17.49 17.77 18.01 18.68 19.66 21.61 21.92 19.05 18.62 18.75 18.66 18.66 18.82 18.83 18.86 18.90 18.78 19.12 20.56 21.34 20.41 19.85 19.47 18.92 19.36 20.08 20.27 20.25 20.28 20.60 20.95 21.11 21.07 20.86 20.91 21.08 20.97 20.69 20.51 20.42 20.31 26.68 26.00 26.23 27.02 20.80 20.27 19.78 19.65 19.54 19.25 19.24 19.21 24.08 23.62 21.00 18.59
22.19 21.01 19.94 19.60 19.03 19.06 19.48 19.22 19.25 19.79 19.52 19.64 19.98 23.13 19.48 19.14 21.41 22.07 22.31 17.64 17.84 18.38 18.82 19.16 19.27 22.11 20.58 18.69 18.74 18.53 18.45 15.25 18.85 18.98 14.88 15.17 14.19 14.80 15.24 17.00 20.79 20.06 19.18 18.57 19.20 19.88 20.11 20.28 20.35 20.61 21.01 21.18 20.98 20.87 21.14 21.26 21.05 20.73 20.58 20.50 20.24 20.15 20.41 20.50 26.86 20.72 20.34 19.88 19.70 19.60 19.32 19.25 19.17 24.33 23.84 22.79 20.19
21.21 20.62 20.05 19.07 18.63 19.61 19.66 19.25 19.57 19.64 19.14 19.82 20.21 19.78 19.64 19.25 19.03 18.88 18.12 17.80 18.31 18.95 19.12 18.75 20.66 20.44 18.73 18.84 19.49 17.68 18.39 18.62 18.84 14.88 15.38 14.80 14.78 15.04 14.92 16.27 21.96 20.40 18.78 18.29 18.88 19.62 19.99 20.09 20.30 21.02 21.29 20.96 20.69 20.97 21.42 21.35 21.06 20.76 20.66 20.60 20.29 20.11 20.29 20.41 20.47 20.48 20.29 20.04 19.77 19.68 25.28 24.67 24.48 18.97 24.29 23.48 21.99
20.54 21.06 20.19 17.76 18.99 20.00 19.39 19.46 19.87 19.14 19.08 20.22 20.27 23.90 19.66 19.08 18.90 18.80 18.20 18.22 18.42 18.96 18.68 19.87 18.54 18.82 18.92 18.80 20.90 17.20 15.05 18.76 18.86 18.92 16.28 16.09 14.49 17.91 18.49 21.59 23.16 20.12 18.16 18.09 18.54 19.40 19.76 19.66 20.19 21.59 21.61 20.65 20.49 21.23 21.61 21.25 20.99 20.82 20.75 20.69 20.37 20.13 20.23 20.41 20.43 20.22 20.10 20.19 20.00 25.74 25.64 25.65 24.76 24.75 24.12 18.62 18.57
21.07 20.98 19.01 17.83 19.47 20.02 19.27 19.83 19.63 18.71 19.22 20.25 19.90 19.60 19.32 18.93 18.99 18.77 18.29 18.37 18.22 18.10 17.94 16.43 18.90 18.98 18.80 21.11 20.99 18.11 18.56 15.17 16.43 17.28 17.88 16.59 17.48 17.44 18.64 22.49 23.14 19.31 17.69 17.92 18.47 19.29 19.45 19.31 20.20 21.82 21.84 20.73 20.56 21.45 21.62 25.68 25.71 25.42 20.86 20.80 20.49 20.20 20.18 20.36 26.31 27.72 25.79 20.20 20.27 19.77 26.30 25.30 24.99 24.77 18.76 18.51 24.03
