examples/cougarCreek/createInputs/WindNinja/wrfout_d3.2015081100.f18/cougarCreek_08-11-2015_1800_217m_non_neutral_stability_vel.asc
ncols	146
nrows	140
xllcorner	610065.000000
yllcorner	5095217.000000
cellsize	216.586807
NODATA_value	-9999.000000
[rows 0 to 33 of 140, columns 0 to 76 of 146]
0.79 1.05 1.31 1.55 1.79 2.08 2.38 2.67 2.99 0.55 3.64 3.99 4.52 5.05 5.65 6.29 6.85 7.39 7.96 8.48 9.13 8.41 11.01 11.68 12.11 12.60 13.26 13.98 14.67 15.19 15.45 15.57 15.97 16.35 16.67 17.19 17.80 24.34 20.50 19.21 22.02 22.30 20.33 23.39 23.85 24.16 21.83 22.05 22.23 22.01 21.52 20.99 20.85 20.64 20.54 20.36 19.31 18.33 18.62 18.74 17.99 17.72 17.74 17.45 17.15 16.60 16.30 16.46 16.54 16.50 16.11 15.50 15.19 15.07 15.28 15.37 14.44
0.79 1.05 1.31 1.55 1.79 2.08 2.38 2.67 2.99 0.55 3.64 3.99 4.52 5.05 5.65 6.29 6.85 7.39 7.96 8.48 9.13 8.41 11.01 11.68 12.11 12.60 13.26 13.98 14.67 15.19 15.45 15.57 15.97 16.35 16.67 17.19 17.80 24.34 20.50 19.21 22.02 22.30 20.33 23.39 23.85 24.16 21.83 22.05 22.23 22.01 21.52 20.99 20.85 20.64 20.54 20.36 19.31 18.33 18.62 18.74 17.99 17.72 17.74 17.45 17.15 16.60 16.30 16.46 16.54 16.50 16.11 15.50 15.19 15.07 15.28 15.37 14.44
0.42 0.63 0.81 0.98 1.19 1.47 1.74 2.02 2.34 2.65 2.98 3.34 3.84 4.33 4.94 5.58 6.14 6.72 7.32 7.87 8.59 7.95 10.56 11.12 11.49 12.01 12.71 13.47 14.14 14.55 14.78 14.99 15.55 16.05 16.41 16.97 17.59 18.09 18.52 19.02 19.55 19.82 20.16 20.72 21.27 21.51 21.30 21.57 21.79 21.56 21.27 20.96 20.86 20.61 20.47 19.98 18.62 18.00 18.61 18.68 17.91 17.68 17.78 17.51 17.05 16.45 16.42 16.75 16.77 16.46 15.71 15.09 14.98 15.10 15.48 15.39 14.20
0.10 0.24 0.31 0.43 0.63 0.87 1.12 1.40 1.71 2.03 2.40 2.76 3.22 3.65 4.22 4.82 5.39 6.02 6.67 7.27 8.02 7.45 10.02 10.56 10.94 11.46 12.08 12.83 13.47 13.76 14.09 14.37 15.02 15.68 16.09 16.65 17.35 18.04 18.55 19.01 19.42 19.64 20.09 20.45 20.85 20.96 20.50 20.86 21.27 21.19 20.99 20.65 20.51 20.35 20.09 19.10 17.68 17.74 18.43 18.51 18.15 17.76 17.89 17.63 16.86 16.51 16.86 17.15 16.90 16.16 15.23 14.89 15.00 15.35 15.71 15.32 13.97
0.33 0.25 0.27 0.25 0.28 0.42 0.62 2.30 2.00 1.74 1.81 2.16 2.60 3.00 3.51 4.10 4.68 5.35 6.09 6.72 5.78 6.77 7.90 9.95 10.56 11.08 11.49 12.19 12.88 13.28 13.78 13.96 14.50 15.32 15.74 16.30 17.09 18.01 18.74 19.18 19.34 19.72 20.22 20.24 20.53 20.66 20.47 20.95 21.50 21.46 20.79 20.18 20.08 22.39 19.37 18.31 17.55 18.13 18.46 18.60 18.63 18.02 18.01 17.48 16.84 17.06 17.30 17.14 16.47 15.69 15.29 15.26 15.42 15.66 15.66 15.04 13.78
0.80 0.74 0.77 0.74 0.65 0.56 0.51 0.55 0.66 2.30 2.05 2.13 1.95 2.34 2.82 3.41 3.99 4.71 4.09 6.15 5.33 6.05 7.01 9.31 10.11 10.63 10.98 11.74 12.56 13.08 13.48 13.48 14.15 15.03 15.40 16.06 16.90 17.86 18.72 19.22 19.40 19.91 20.25 20.07 20.33 20.74 20.86 21.23 21.58 22.93 22.18 21.53 19.59 19.17 18.66 18.16 18.00 18.58 18.79 18.85 18.76 18.27 17.85 17.11 17.22 17.60 20.24 16.83 15.96 15.65 15.77 15.69 15.65 15.61 15.27 14.57 13.62
1.31 1.26 1.30 1.28 1.20 1.09 0.96 3.40 3.23 2.90 2.75 2.34 2.23 1.66 2.15 2.72 3.34 4.08 3.10 3.87 4.86 5.55 6.50 7.82 9.51 10.44 10.68 11.23 12.20 13.16 12.91 13.12 14.10 14.78 15.05 15.86 16.75 17.62 18.59 19.58 19.97 20.15 20.86 20.11 20.55 21.63 22.09 22.78 23.29 22.55 25.24 19.15 21.32 18.68 18.58 18.60 18.56 18.85 18.98 18.83 18.73 21.10 20.60 17.25 17.79 20.33 17.16 16.50 15.86 16.05 16.18 15.78 15.48 15.23 14.86 14.37 13.82
1.82 1.78 1.83 1.83 1.77 1.66 1.52 3.92 3.67 3.60 3.30 2.98 2.37 2.35 2.71 2.05 2.72 3.16 2.89 3.26 4.31 5.15 6.14 7.29 8.88 9.90 10.45 11.02 11.97 13.04 12.45 12.67 13.91 14.34 14.65 15.65 16.56 17.37 18.24 19.29 20.10 20.66 20.65 20.75 21.47 22.42 22.76 22.76 22.49 25.46 21.35 20.58 18.90 18.69 18.90 18.86 18.80 18.97 18.96 18.75 21.08 20.81 17.49 17.86 18.01 20.45 17.03 16.38 16.16 16.36 16.10 15.48 15.17 15.03 14.87 14.45 13.98
2.34 2.33 2.38 2.38 2.33 4.56 2.11 4.06 4.33 4.19 3.88 3.59 2.81 2.14 2.17 1.38 2.53 2.73 2.43 2.47 3.81 4.62 1.49 2.78 8.17 9.34 10.08 10.84 11.69 12.50 12.54 12.76 14.00 13.83 14.38 14.86 16.08 16.86 17.77 19.08 20.39 20.76 20.58 21.08 21.87 21.68 21.62 21.59 21.21 20.87 20.59 20.94 21.05 20.43 20.50 18.88 19.00 19.05 21.28 18.55 20.26 18.09 18.16 18.26 20.54 20.26 19.79 18.82 16.42 16.31 15.76 15.20 15.18 15.21 14.90 14.30 13.94
2.90 2.89 2.94 2.92 2.88 5.12 4.98 4.84 4.51 4.36 4.15 3.96 7.22 2.45 1.86 1.89 2.09 2.53 1.91 2.02 1.47 4.08 5.14 6.25 4.22 8.87 9.68 10.58 11.18 12.11 12.44 12.60 13.39 13.53 13.70 14.76 15.79 16.55 17.76 19.52 20.92 21.10 20.94 21.78 22.15 21.37 20.79 20.82 21.06 21.07 21.51 20.93 20.96 20.07 18.88 19.19 19.24 19.05 20.54 18.32 18.33 18.70 18.74 20.79 20.25 19.77 19.25 18.65 16.48 16.09 15.54 15.24 15.34 15.27 14.69 14.03 14.13
4.53 3.46 3.49 3.47 3.43 3.34 5.44 5.46 5.36 5.17 4.72 4.43 3.82 7.05 1.97 1.50 1.53 1.65 1.57 1.79 1.88 2.15 4.55 5.81 2.18 8.69 11.64 12.08 10.88 12.02 12.32 12.29 13.16 13.38 13.55 14.48 15.47 16.53 18.05 19.81 21.15 21.38 21.57 25.79 26.00 24.28 21.05 21.25 21.47 25.02 24.98 23.55 18.96 18.46 19.37 19.74 19.39 20.03 18.54 18.46 18.94 19.85 21.36 20.74 19.80 19.47 19.60 19.12 16.43 15.90 15.50 15.36 15.29 15.12 14.52 14.06 14.57
3.97 4.00 5.49 5.70 5.94 6.02 3.88 5.94 5.93 9.20 8.94 4.90 4.10 3.57 2.54 1.77 0.43 1.27 0.96 1.41 2.48 2.22 1.72 5.38 6.89 6.18 11.80 11.10 11.09 11.68 11.91 12.11 12.85 13.00 13.43 14.33 15.30 16.59 17.94 19.47 21.14 23.84 24.01 24.65 25.48 24.82 21.14 21.40 24.48 24.88 23.59 19.20 18.03 19.11 19.93 20.86 20.41 20.08 19.26 18.87 19.48 21.61 21.20 20.55 20.21 17.50 17.06 16.65 16.33 15.73 15.44 15.37 15.23 14.99 14.48 14.32 14.93
4.48 4.51 4.58 6.12 6.35 6.52 4.50 6.33 6.31 6.26 9.78 9.69 8.40 3.71 2.97 2.09 0.56 0.72 0.10 0.90 2.66 2.37 2.48 0.97 6.38 2.08 10.99 10.03 10.89 14.06 11.58 11.90 12.33 12.73 13.42 14.38 15.51 16.52 17.48 19.34 22.20 25.13 24.54 24.73 25.12 23.60 20.87 23.86 24.00 20.25 19.46 18.63 18.57 19.93 21.12 21.40 20.81 20.58 19.99 19.18 22.07 21.60 20.93 17.99 17.62 17.34 16.96 16.61 16.22 15.62 15.38 15.45 15.29 14.86 14.55 14.70 15.11
5.00 5.03 5.11 5.16 5.15 6.98 5.15 5.12 6.68 6.58 6.46 10.50 10.01 8.30 3.43 2.46 1.27 0.70 0.22 3.73 3.22 2.58 2.88 1.50 0.63 1.87 9.56 9.60 11.69 14.95 14.75 11.64 10.92 11.28 10.88 11.75 14.04 14.72 13.93 16.84 24.29 27.38 25.80 25.21 23.76 20.21 21.10 24.09 23.15 19.52 19.01 18.69 18.93 19.98 21.75 21.76 21.80 21.69 21.33 21.83 22.36 21.68 18.11 17.97 17.51 17.19 16.97 16.62 16.17 15.68 15.50 15.59 15.30 14.79 14.73 14.97 15.03
5.49 5.57 5.67 5.71 5.73 5.78 5.80 5.74 5.66 7.21 6.96 6.69 6.03 10.10 8.82 6.45 5.01 4.44 4.16 3.70 3.37 2.86 3.15 3.17 0.93 2.15 7.77 9.15 11.63 14.64 14.83 11.25 9.47 10.51 10.43 11.20 13.65 14.31 13.01 15.25 29.59 28.55 25.49 23.93 21.98 21.94 23.70 25.36 24.71 22.17 18.80 19.34 19.94 20.60 21.57 21.46 24.21 21.60 21.36 21.73 18.99 18.38 17.98 17.90 20.01 18.96 18.47 18.03 16.30 15.94 16.54 15.52 15.17 14.87 14.82 14.92 14.81
5.96 6.12 6.25 6.25 6.29 6.38 8.19 8.14 8.02 7.85 7.56 7.37 11.16 10.25 9.83 9.18 6.33 5.07 4.68 3.99 3.29 2.66 2.81 4.22 2.46 2.16 6.17 8.89 11.48 14.25 12.85 9.43 9.90 10.53 10.20 11.54 12.21 12.98 14.37 17.85 28.31 27.98 26.01 24.20 23.00 24.40 26.25 26.10 24.36 20.76 18.89 20.45 23.02 23.09 21.32 21.92 25.07 21.23 23.06 21.29 21.22 20.61 19.74 19.39 18.64 18.54 19.09 16.66 16.58 16.22 15.64 15.24 15.04 14.97 14.82 14.72 14.59
6.24 6.41 6.57 6.55 6.58 6.68 6.73 8.31 8.36 8.03 7.63 7.65 11.56 11.10 10.29 10.18 9.65 7.13 6.33 5.24 4.22 3.33 2.64 4.21 3.45 2.64 5.76 9.06 12.85 13.90 10.62 8.57 10.41 10.93 10.86 11.68 11.35 12.32 15.42 20.52 25.18 27.14 26.93 25.87 25.40 26.59 26.30 25.02 22.55 20.32 19.88 24.50 25.23 24.68 24.01 22.92 21.71 23.46 21.11 21.05 20.82 19.72 19.18 19.37 18.80 19.80 17.24 18.07 16.82 16.18 15.31 15.00 14.97 14.99 14.84 14.59 14.40
6.32 6.46 6.60 6.65 6.66 6.66 8.47 8.29 8.32 11.56 7.57 7.65 11.91 11.75 10.89 9.50 9.04 8.73 7.67 6.87 6.38 5.33 3.82 6.22 4.84 3.29 6.51 9.73 12.10 11.47 9.47 9.41 10.08 10.48 12.07 11.18 10.78 12.17 15.74 21.61 25.24 26.93 26.54 25.68 25.86 26.13 25.65 24.00 22.09 22.03 24.83 25.61 25.21 24.04 25.42 22.41 21.00 22.45 21.41 20.45 19.95 19.81 20.09 20.28 20.20 17.90 17.14 19.98 19.93 15.82 15.09 14.98 14.99 14.95 14.88 14.57 14.28
6.40 6.49 6.62 6.74 6.75 6.63 6.68 8.25 11.54 11.54 7.64 7.83 12.26 11.90 10.65 9.88 8.88 8.21 7.76 6.77 6.39 5.58 4.73 3.81 4.16 4.22 7.20 9.99 10.70 10.43 9.99 10.51 10.54 10.41 11.88 10.01 9.87 12.03 16.27 20.98 24.50 26.55 26.93 26.77 25.52 25.01 25.10 23.94 22.24 24.36 24.85 24.88 23.91 20.03 24.97 24.43 19.95 20.69 23.55 19.72 19.45 22.31 20.53 20.49 18.33 20.68 20.27 20.03 16.45 15.56 15.15 15.10 14.97 14.89 14.94 14.62 14.17
6.47 6.54 6.67 6.81 6.78 6.63 8.22 8.36 11.90 11.75 7.66 12.16 12.25 11.46 10.36 8.84 8.34 8.26 7.80 6.83 6.28 4.89 4.82 1.91 2.87 5.15 8.39 10.01 10.04 10.06 10.96 11.44 14.24 12.44 12.63 9.50 9.79 10.92 15.87 21.27 24.95 27.32 27.74 26.88 26.04 25.74 25.33 24.82 25.05 25.73 24.36 22.95 20.15 22.60 24.55 21.88 21.38 20.83 22.43 21.53 20.05 22.98 20.38 20.07 20.51 17.68 17.00 16.65 16.22 15.56 15.27 15.16 14.90 14.88 15.03 14.56 14.01
6.55 6.62 6.74 8.34 8.18 8.10 8.25 8.45 8.25 11.88 7.75 12.29 12.11 11.15 10.61 9.96 8.34 7.79 6.89 6.61 6.11 4.73 4.85 3.92 2.88 4.70 8.82 9.23 9.71 10.29 11.42 12.83 12.33 11.86 12.55 9.48 10.78 12.56 15.33 23.89 27.74 29.41 27.83 26.49 25.97 26.20 25.81 25.75 18.57 24.55 23.71 21.81 21.37 24.68 21.23 19.81 21.01 23.36 23.13 21.73 21.87 22.78 19.59 19.50 18.37 17.69 16.96 16.45 16.05 15.54 15.29 15.15 14.88 14.91 14.98 14.38 13.91
6.60 6.71 6.78 8.26 8.14 8.17 8.33 8.36 8.26 12.11 11.70 11.99 11.19 11.45 10.18 4.54 10.28 9.10 8.24 7.44 6.94 4.70 4.38 3.42 1.90 3.72 7.16 8.07 9.58 11.11 11.71 14.60 12.11 11.65 12.75 11.00 11.74 12.67 17.36 26.24 29.82 27.06 28.32 26.89 25.85 25.74 25.59 25.39 23.54 21.44 22.55 20.85 23.12 21.21 19.19 21.28 23.89 24.90 23.56 20.95 22.41 22.72 21.80 18.65 20.38 20.03 19.54 19.15 15.86 15.40 15.32 15.24 14.88 14.85 14.78 14.22 13.95
6.65 6.79 6.81 6.85 8.27 8.36 8.27 8.38 8.30 11.97 11.98 12.40 12.67 9.34 10.76 4.55 9.57 3.07 8.82 7.63 6.68 5.67 4.64 3.86 2.18 3.23 6.92 7.99 10.48 12.56 12.50 12.64 11.80 12.30 12.74 14.08 10.12 10.62 18.47 26.71 25.71 25.87 25.09 26.34 25.83 26.22 26.10 24.18 21.43 20.05 20.28 19.08 20.02 18.65 20.89 23.98 23.74 24.36 22.90 21.29 23.47 23.00 20.35 20.82 20.64 19.94 18.93 16.24 15.69 15.39 15.48 15.28 14.77 14.68 14.58 14.22 14.09
6.73 6.84 6.85 6.88 6.94 6.89 8.17 8.26 12.32 11.94 12.08 12.77 12.96 10.37 11.05 9.97 9.58 8.71 7.95 7.13 5.40 4.86 4.56 4.80 4.10 1.48 7.84 8.35 10.81 11.84 11.15 13.18 11.85 11.82 12.82 11.01 10.27 11.94 18.01 26.47 28.11 25.10 25.12 26.62 26.22 25.95 25.03 23.17 20.36 20.48 18.26 19.06 19.62 19.42 22.24 24.64 23.31 24.11 23.65 23.70 24.57 20.50 19.81 18.03 19.32 18.99 18.36 18.00 15.70 15.54 15.51 15.09 14.62 14.56 14.46 14.27 14.20
6.78 6.87 6.88 6.92 6.94 6.85 8.18 8.21 8.18 12.63 12.53 12.89 12.75 11.99 10.74 10.15 9.47 8.90 8.22 7.46 6.45 4.95 4.03 4.10 3.27 1.29 6.87 8.45 8.72 8.82 10.53 13.38 12.49 12.18 10.53 9.12 10.75 13.52 20.38 26.68 26.72 27.10 27.98 19.75 26.73 25.43 24.96 23.84 22.48 21.44 16.72 19.28 21.46 22.70 24.96 26.19 25.87 25.89 25.01 24.28 24.28 20.09 20.50 20.58 19.64 18.98 18.22 18.16 15.81 17.93 15.25 14.85 14.58 14.51 14.36 14.26 14.25
6.79 6.88 6.90 6.91 6.96 6.92 8.19 8.28 8.15 13.20 12.79 13.06 12.55 12.58 11.10 10.19 9.54 9.11 8.61 7.84 7.06 5.87 4.12 3.19 1.93 0.73 6.08 8.73 6.10 7.84 12.87 12.59 12.55 15.09 12.56 11.95 12.31 16.30 24.19 24.26 22.64 27.15 27.52 26.26 26.04 19.66 26.67 18.18 22.56 20.14 18.71 18.49 23.62 23.25 25.96 27.43 27.35 19.78 25.05 24.19 23.77 19.66 21.02 23.67 20.32 19.09 18.94 18.97 18.81 18.62 18.30 14.72 14.57 14.44 14.29 14.25 14.17
6.81 6.89 6.89 6.90 8.40 8.30 8.33 8.23 12.78 13.41 13.56 13.19 12.59 11.66 11.32 10.37 9.56 9.11 8.44 7.59 6.72 5.80 4.35 3.22 2.23 1.55 5.37 7.91 5.48 8.71 13.63 13.83 14.96 13.50 11.01 11.30 14.74 19.03 23.63 24.68 24.70 25.70 26.53 25.64 25.21 25.16 24.46 23.27 21.33 19.05 18.72 20.10 22.91 22.83 24.92 26.58 26.64 25.48 24.42 23.85 23.23 19.63 19.53 22.87 23.02 23.08 19.92 19.44 18.82 18.47 18.21 14.68 14.52 14.40 14.31 14.16 13.94
6.86 6.91 6.89 6.97 8.56 8.54 8.49 8.48 12.68 13.48 13.45 13.31 12.96 11.70 11.86 11.33 10.26 9.39 8.27 7.31 6.25 5.45 4.51 4.05 3.79 2.91 2.85 6.39 6.49 10.30 12.82 12.54 13.20 12.23 12.58 13.73 18.05 22.31 23.23 23.67 24.20 24.84 25.99 25.92 25.18 24.72 24.26 23.46 22.29 17.64 18.73 21.05 23.07 20.69 24.54 27.11 26.13 24.38 23.98 24.36 24.27 24.01 24.54 24.78 24.75 24.19 23.15 19.27 18.45 17.89 17.67 14.66 14.46 14.39 14.26 13.97 13.73
6.90 6.96 6.99 7.10 7.19 8.44 8.45 8.47 8.26 13.07 13.27 12.98 13.08 12.12 11.99 11.39 10.12 9.46 8.49 7.35 6.45 5.65 4.76 4.93 5.40 5.16 2.25 4.57 7.65 11.22 12.12 11.71 13.00 14.08 16.20 18.91 22.36 23.05 22.51 23.63 24.78 26.32 27.45 27.35 26.50 19.02 18.80 17.61 20.72 16.35 19.60 22.75 22.71 20.39 27.87 27.90 26.10 25.37 25.79 25.98 25.80 25.06 24.49 24.38 24.12 23.69 22.95 19.28 18.77 18.24 17.97 14.59 14.38 14.33 14.15 13.84 13.68
6.96 7.06 7.12 7.14 7.16 8.36 8.48 13.04 12.50 12.76 12.99 12.88 12.81 12.08 11.48 10.99 9.93 9.24 8.45 7.38 6.69 5.92 4.88 3.94 4.39 4.41 3.56 1.62 7.69 10.83 11.61 12.03 14.35 16.35 17.59 19.90 21.56 21.74 22.59 24.33 25.85 28.26 24.91 19.66 18.65 18.71 17.96 21.73 16.28 17.57 20.63 22.51 23.02 24.68 29.94 27.72 26.68 26.33 25.88 25.32 25.02 24.64 24.17 23.80 23.45 19.70 19.39 19.13 18.82 18.47 18.12 14.54 14.39 14.31 14.09 13.80 13.67
7.09 7.17 7.20 7.19 7.20 8.40 8.30 8.39 13.47 13.59 13.78 13.88 13.05 12.41 11.47 10.34 9.39 8.13 7.22 6.22 5.86 5.15 4.16 2.51 2.29 3.99 2.68 3.58 6.45 10.76 11.72 14.55 17.00 18.05 19.78 21.24 20.52 19.79 23.82 22.86 22.06 24.20 20.41 19.02 18.65 18.78 22.57 16.00 17.61 19.13 20.60 20.50 26.53 29.34 28.58 26.46 25.06 25.20 25.16 24.79 24.74 24.67 23.97 23.47 23.06 19.30 18.76 18.49 18.12 17.66 17.05 14.64 14.49 14.32 14.05 13.73 13.58
7.22 7.27 7.25 7.24 7.27 8.37 8.35 8.45 13.22 13.78 13.25 14.10 13.95 13.45 11.84 10.22 9.59 8.53 6.96 5.85 4.77 2.69 2.51 1.66 2.44 5.03 3.76 4.72 4.86 10.28 12.97 16.96 18.38 19.61 20.84 18.74 18.52 18.85 21.92 19.68 22.05 23.94 19.71 18.93 18.87 18.96 18.20 18.00 18.12 19.01 19.76 21.70 28.07 27.43 24.48 23.64 24.52 24.74 24.80 24.59 24.81 24.48 23.95 23.11 22.81 22.67 19.20 18.98 18.56 18.17 18.10 18.22 18.04 17.85 14.00 13.70 13.51
7.15 7.31 7.31 7.21 7.24 8.42 8.47 8.39 12.93 13.61 13.48 13.23 13.77 12.69 11.68 10.84 9.98 9.55 8.56 7.01 5.27 2.94 1.67 2.30 3.40 3.86 4.69 4.93 1.83 9.63 13.35 17.41 18.30 19.16 19.94 18.52 18.22 21.46 21.16 23.29 21.54 23.24 19.39 19.29 19.14 19.30 18.79 24.60 17.58 18.23 19.28 21.24 24.41 24.90 22.69 25.22 27.13 26.11 25.23 24.65 24.27 23.56 23.29 23.56 23.85 16.34 23.41 15.61 22.69 22.43 14.88 21.13 18.38 14.23 14.09 13.79 13.47
6.95 7.23 7.94 7.22 8.29 8.42 8.55 8.54 13.01 13.44 13.05 13.29 13.00 12.54 12.09 11.29 10.41 9.74 9.74 8.74 7.78 5.78 3.56 2.93 3.05 2.82 2.90 3.79 2.47 8.09 15.71 19.47 18.11 18.40 19.42 19.99 21.05 22.42 22.42 23.25 24.11 22.46 19.54 19.90 27.81 26.99 26.26 24.31 17.23 18.21 19.32 19.78 23.85 29.31 27.81 29.60 28.10 26.04 25.45 19.26 24.91 23.95 23.79 16.40 16.41 23.41 15.81 22.31 21.56 18.52 18.11 17.37 14.36 14.38 14.21 13.77 13.28
