examples/cougarCreek/createInputs/WindNinja/wrfout_d3.2015081012.f22/cougarCreek_08-11-2015_1000_217m_non_neutral_stability_vel.asc
ncols	146
nrows	140
xllcorner	610065.000000
yllcorner	5095217.000000
cellsize	216.586807
NODATA_value	-9999.000000
[rows 35 to 69 of 140, columns 0 to 78 of 146]
9.05 9.71 10.79 11.97 4.42 7.35 19.28 20.83 22.70 24.81 22.37 18.17 15.82 14.81 16.84 9.78 8.90 7.41 7.03 16.84 26.59 33.51 32.45 36.07 32.18 31.12 29.77 33.13 40.66 48.61 47.69 42.65 27.60 9.72 7.24 8.44 7.79 9.36 12.82 15.36 17.38 19.20 21.96 23.91 24.48 28.70 33.00 34.83 33.13 27.04 28.03 29.39 33.23 35.57 34.92 34.07 32.87 30.57 30.14 37.17 33.12 29.05 19.62 16.73 12.12 10.70 9.81 9.65 9.81 10.47 11.95 13.13 14.68 11.50 14.78 14.61 15.63 16.56 17.22
7.79 10.00 12.01 13.54 5.96 6.96 10.12 21.74 22.15 24.23 22.01 18.06 16.40 16.86 17.77 19.68 20.64 23.52 24.39 24.72 27.77 30.49 32.47 30.07 30.63 27.92 28.23 34.58 42.59 48.05 44.70 38.68 26.94 11.75 7.68 8.35 8.46 9.00 5.04 5.31 7.11 10.17 15.36 25.03 25.96 30.17 33.26 35.68 39.22 29.58 30.85 31.07 33.90 36.34 36.75 36.72 35.51 32.99 31.52 30.59 27.91 24.72 21.56 23.84 15.80 11.92 11.41 11.56 11.89 14.69 12.66 13.08 12.14 9.84 8.60 9.44 10.50 11.48 13.44
9.09 10.87 12.59 15.35 17.59 15.88 19.35 19.18 20.53 20.19 18.33 18.17 17.99 17.35 13.92 14.17 17.16 17.28 17.05 17.02 20.45 26.05 29.80 31.63 28.23 24.40 30.00 37.18 45.52 49.78 47.20 32.10 22.55 13.59 3.62 2.40 4.20 6.74 9.37 12.61 5.02 16.00 12.98 17.93 21.80 15.42 18.70 32.64 40.89 40.97 41.01 33.79 35.19 37.02 36.61 38.02 36.45 34.20 32.14 30.44 27.40 24.39 20.83 16.95 13.49 10.92 9.54 9.04 9.11 9.82 10.65 11.12 16.10 10.75 10.50 10.56 11.08 11.82 12.50
2.79 3.63 13.44 16.17 18.17 16.42 12.38 11.55 17.99 18.39 21.75 17.90 16.09 13.99 12.94 13.65 14.70 15.14 15.39 18.03 22.33 24.29 27.79 31.65 31.06 27.33 32.41 41.18 47.31 52.31 54.28 42.59 19.70 10.77 5.26 4.63 5.10 9.25 5.62 11.27 14.91 16.93 7.12 9.76 12.01 15.18 18.73 21.75 38.22 40.68 46.97 44.58 45.27 38.81 38.79 39.38 38.45 37.39 32.72 30.72 28.75 26.63 23.95 19.79 13.57 11.05 7.66 6.69 6.19 6.17 6.33 6.54 8.02 9.91 10.68 11.37 12.30 12.35 12.35
3.30 11.14 14.65 16.33 17.35 17.69 12.25 13.73 15.56 19.96 21.24 19.19 17.83 15.78 15.31 15.08 14.96 14.60 13.63 14.99 18.23 22.93 28.23 33.24 29.84 27.32 32.33 39.52 48.13 52.43 59.99 49.06 25.24 7.92 2.15 4.96 5.84 6.79 8.68 3.70 2.74 15.16 7.29 10.06 20.53 29.50 34.01 37.21 40.56 44.66 47.14 47.70 45.52 46.79 49.16 43.20 41.18 38.03 35.54 31.63 27.20 24.01 22.73 20.52 15.96 12.26 10.30 9.23 8.95 7.91 7.49 6.58 7.83 8.49 8.87 10.20 11.13 11.52 12.58
4.04 11.37 13.85 15.60 11.53 12.34 10.21 13.85 15.78 17.50 21.66 20.74 20.54 18.51 16.76 15.00 13.82 12.43 11.58 14.42 18.69 25.40 32.08 31.29 25.29 24.95 29.76 37.54 41.41 51.91 61.88 50.15 25.73 9.90 2.76 1.35 0.49 5.53 14.22 6.89 6.42 8.40 10.44 9.17 12.73 16.74 20.70 25.06 27.87 44.24 47.20 46.77 47.64 45.88 33.70 34.93 47.27 45.15 29.68 40.51 36.06 24.44 21.62 20.52 16.62 14.35 12.50 10.24 10.02 9.42 8.92 9.42 10.47 9.27 8.81 9.49 10.53 10.65 11.52
5.14 6.25 11.19 14.62 11.91 11.85 8.57 14.41 16.11 19.81 22.53 21.49 19.10 15.31 12.97 12.59 11.18 10.37 11.14 16.48 22.15 29.43 34.46 25.87 20.74 23.61 32.00 36.91 38.53 52.08 62.26 50.84 27.13 11.97 4.03 3.57 0.70 6.15 11.81 16.16 13.98 15.18 18.72 21.54 25.93 25.97 22.05 25.28 36.37 39.69 43.80 41.63 35.45 43.73 44.85 44.63 41.59 39.76 29.53 26.29 30.14 23.00 23.04 22.91 19.52 16.41 15.22 15.12 14.02 13.53 12.58 11.87 9.33 10.76 11.74 13.10 12.29 12.68 11.75
7.73 11.50 13.36 16.19 20.18 11.84 14.90 16.02 17.19 20.19 23.20 22.73 18.73 13.55 10.57 9.76 9.61 11.70 15.04 17.78 24.73 32.39 29.65 21.02 20.27 24.08 33.52 37.20 39.76 50.79 61.55 56.87 42.32 24.29 14.09 8.16 0.32 5.85 10.06 15.02 16.57 15.09 17.11 20.86 27.17 31.58 36.08 39.40 40.76 32.67 44.35 43.10 38.46 39.93 39.88 32.67 31.69 34.66 32.84 32.36 23.90 25.51 28.13 28.78 19.43 15.59 13.21 11.50 10.59 9.36 9.39 9.81 9.76 11.83 13.90 15.73 17.39 16.90 12.91
7.63 8.67 15.82 8.52 13.26 11.05 17.32 15.96 17.56 23.49 25.38 18.96 10.25 7.54 6.66 8.87 9.55 11.65 13.70 19.65 27.29 27.59 23.33 20.19 20.40 25.68 33.78 35.07 39.54 47.57 56.95 53.87 47.95 38.32 28.88 15.05 2.53 5.38 7.86 10.94 13.98 16.40 18.09 20.51 24.42 28.95 33.83 37.51 42.34 44.93 46.89 47.10 44.99 43.92 42.33 40.89 41.81 42.80 44.25 37.01 29.87 22.33 21.31 21.87 19.70 16.08 12.68 11.14 10.33 10.30 9.82 9.64 10.00 10.96 12.50 14.96 15.99 16.33 16.95
7.80 7.89 8.48 19.82 17.15 14.33 17.65 16.95 19.90 21.84 18.30 10.39 7.68 10.30 8.91 10.81 7.63 9.60 13.20 19.93 26.70 25.15 23.02 20.92 21.22 26.89 31.01 30.91 37.68 46.05 53.90 49.18 46.27 39.17 33.69 29.14 10.85 4.41 5.44 8.68 11.77 14.21 15.60 13.73 16.30 22.77 32.42 36.76 41.13 43.47 46.48 47.69 48.36 47.30 47.12 45.56 36.89 31.53 31.65 29.99 26.05 24.17 24.40 24.10 22.60 20.24 17.61 15.44 15.05 15.25 16.02 16.47 17.08 17.64 17.26 16.19 16.03 17.33 16.53
16.66 18.80 18.21 17.73 16.14 16.97 14.56 17.10 19.38 14.07 11.49 8.99 12.59 12.94 11.75 11.02 9.67 11.40 14.88 21.86 26.60 25.87 23.07 20.00 21.41 25.14 26.65 28.50 34.74 46.00 50.47 45.73 44.75 41.59 35.12 26.74 17.99 14.82 9.29 9.25 10.18 5.69 4.67 5.35 8.06 18.80 28.83 33.57 39.65 43.16 46.76 46.27 43.50 40.79 38.10 35.51 31.77 31.91 32.49 31.39 28.19 28.04 28.40 26.58 23.57 20.43 20.26 18.14 17.75 18.81 20.54 19.98 20.02 20.48 20.25 19.22 19.14 19.79 19.36
12.83 14.30 14.38 15.02 16.03 17.40 13.33 12.92 12.47 9.35 11.36 12.08 14.74 12.65 12.35 11.74 11.88 14.61 17.02 23.11 26.71 24.63 19.82 16.22 19.29 21.30 23.73 28.98 37.57 48.61 47.80 44.68 43.48 42.22 36.50 26.46 18.56 15.50 12.22 9.31 9.50 7.73 5.42 3.27 5.15 23.21 27.66 32.69 39.50 36.89 32.14 35.14 36.51 34.90 33.61 32.88 32.84 34.36 35.04 33.96 30.69 28.96 28.33 26.34 23.00 21.57 16.65 16.44 18.56 16.19 15.31 15.43 15.82 17.74 18.44 19.12 17.44 18.35 18.72
16.25 16.12 14.06 17.70 17.94 16.29 8.80 11.81 13.80 13.23 14.26 15.04 14.78 14.65 15.43 16.05 4.57 6.69 18.68 22.70 25.43 19.99 16.07 16.10 19.46 20.20 22.13 29.78 38.87 45.61 46.40 43.86 40.96 42.25 37.07 26.86 16.14 18.16 16.60 14.46 10.05 6.45 6.30 5.10 17.68 18.21 24.94 33.58 28.14 28.19 28.98 32.80 34.97 34.30 34.15 35.24 35.44 35.30 34.57 32.90 32.84 30.52 29.66 27.93 22.50 18.51 17.61 15.77 12.83 11.31 9.96 12.34 13.60 14.99 15.91 15.92 13.18 14.02 14.88
17.41 16.92 15.29 15.33 10.93 9.12 7.12 14.15 16.40 16.43 17.79 15.37 14.49 15.42 14.45 6.90 8.14 9.84 19.96 21.35 23.34 18.19 15.89 19.26 19.75 20.49 23.47 30.74 38.02 44.49 44.43 42.55 38.78 43.08 36.04 32.52 13.35 17.99 17.39 21.78 14.94 6.76 5.53 6.88 18.96 23.53 29.06 22.88 27.08 28.19 29.27 32.90 33.91 33.27 34.59 35.52 34.10 32.79 31.57 30.22 29.10 27.08 25.36 24.04 21.58 16.89 11.47 8.20 10.60 10.30 10.64 13.54 12.92 14.10 15.23 13.55 13.37 10.81 13.60
17.66 17.42 16.12 13.13 8.52 12.13 15.52 17.71 16.94 18.38 17.43 16.45 16.00 14.41 9.61 16.96 14.71 15.24 13.09 18.01 20.87 18.90 18.20 18.42 18.57 21.90 24.07 29.89 35.92 34.81 44.14 35.11 37.87 42.04 36.84 33.26 15.62 16.27 16.61 21.23 9.00 17.28 4.32 6.74 10.58 24.83 18.43 22.86 26.66 30.27 31.96 33.15 33.68 33.03 33.32 32.00 30.42 29.93 28.40 28.31 28.06 27.25 25.85 24.28 24.76 20.01 15.72 14.07 16.89 15.01 13.90 11.24 12.08 12.40 11.96 10.98 10.45 10.52 8.34
18.51 17.72 15.02 10.88 14.75 16.76 16.43 16.91 17.11 18.21 21.02 20.61 19.12 20.18 16.68 12.55 11.95 11.88 12.95 16.91 19.12 18.79 17.37 15.39 17.57 20.84 23.50 27.62 28.20 34.43 41.42 33.03 37.18 42.04 38.66 33.68 17.66 17.62 16.84 18.09 19.14 17.05 18.57 13.81 10.20 14.22 20.90 23.14 26.62 30.38 32.22 31.83 32.07 32.19 32.20 31.59 29.46 27.14 28.66 29.62 26.49 25.77 25.17 24.13 21.60 17.37 13.13 10.88 8.81 7.25 7.60 8.22 8.82 11.94 11.78 9.39 7.48 7.93 7.81
19.17 17.21 12.50 15.30 17.34 16.77 16.21 16.93 16.82 20.33 19.99 12.59 21.49 18.91 11.13 11.84 11.42 12.80 14.10 17.12 17.86 19.44 19.13 15.43 17.94 21.81 25.01 27.75 30.56 34.02 38.14 32.23 36.97 42.52 38.24 31.82 20.19 22.15 20.35 19.51 16.57 14.77 16.36 22.03 19.05 20.42 17.40 21.63 25.15 28.18 30.45 31.10 30.44 29.10 29.49 30.81 26.30 21.62 26.97 29.70 29.33 27.57 23.31 22.98 22.68 20.45 20.82 14.41 23.02 15.55 12.48 15.08 14.60 12.55 11.55 5.52 6.11 6.27 4.60
18.19 16.14 12.67 16.32 16.12 16.06 16.45 16.46 16.40 20.96 25.37 21.04 12.77 10.74 10.60 11.91 13.10 13.65 14.65 16.87 16.93 19.12 19.67 9.97 20.01 21.25 22.79 26.14 31.68 37.84 34.53 30.85 36.80 43.58 35.91 27.44 23.41 24.59 22.63 21.33 16.17 13.43 13.86 19.01 25.96 23.46 25.72 22.13 25.00 27.11 28.76 30.14 29.32 25.94 26.12 26.87 24.05 21.61 24.06 28.40 28.89 34.30 25.43 23.54 23.36 21.73 19.44 17.86 18.45 15.93 12.79 12.37 11.58 10.02 8.26 6.06 4.61 4.21 3.63
16.48 14.57 16.27 17.49 17.46 15.94 15.10 14.86 17.50 21.64 21.46 14.03 10.36 11.28 13.92 15.35 14.93 15.23 14.93 16.56 15.33 17.50 16.29 15.92 20.83 17.95 25.00 32.75 35.55 35.13 30.61 33.24 36.02 45.30 36.50 25.26 22.17 20.33 17.11 15.48 14.64 12.82 12.37 17.26 23.66 29.41 33.81 32.19 32.69 29.38 27.67 27.97 27.22 24.82 25.37 26.88 25.02 23.67 25.16 27.67 27.93 26.56 24.39 24.60 24.09 21.09 19.09 19.52 19.13 17.17 15.08 13.74 11.92 10.66 11.66 11.63 15.32 12.39 11.75
14.54 12.87 16.21 16.22 14.71 12.37 16.94 17.74 19.47 21.76 14.68 9.78 13.74 16.61 16.57 16.38 15.81 16.25 16.56 16.91 15.62 16.19 17.23 17.79 18.79 21.75 28.80 31.77 34.93 35.99 29.93 30.79 34.76 45.70 35.61 24.66 29.39 28.19 21.02 20.33 21.49 19.19 13.33 12.99 18.63 26.49 31.52 34.69 36.56 38.31 31.84 28.43 25.93 25.44 26.64 28.85 28.95 27.12 26.20 27.40 27.89 26.07 24.07 24.98 24.97 21.62 17.83 17.67 18.49 19.41 23.69 19.70 10.88 10.19 9.58 10.93 9.84 7.94 6.47
12.15 10.43 13.57 14.87 9.90 11.76 16.90 19.31 14.91 13.65 9.29 7.53 19.12 17.48 16.57 15.20 15.43 15.31 14.33 13.80 12.89 13.92 14.79 15.95 18.05 21.48 27.47 33.16 36.64 36.72 31.23 27.10 34.04 43.37 35.12 24.03 29.93 27.01 27.60 28.66 28.96 29.70 20.39 15.72 11.68 14.21 25.87 32.68 35.21 36.19 38.00 33.14 27.55 26.87 28.59 29.83 28.99 27.22 27.03 27.83 28.06 29.43 32.42 32.60 23.34 20.48 26.56 21.88 24.19 15.49 13.60 10.08 17.96 12.46 10.22 8.95 7.09 11.30 14.97
10.17 8.21 10.20 12.70 12.19 16.08 20.05 17.92 8.25 8.68 5.29 20.05 11.50 19.63 17.39 18.39 16.25 16.77 14.30 11.79 11.79 12.72 15.05 15.35 17.79 21.72 26.48 33.65 39.12 35.20 30.73 30.94 34.48 42.40 34.03 22.02 29.15 26.82 27.57 29.40 30.38 30.35 29.97 20.26 15.79 13.46 15.00 18.86 24.08 37.24 37.99 34.87 34.03 28.65 30.48 31.70 28.30 29.68 31.83 32.62 30.71 26.51 24.31 23.27 22.56 20.41 23.92 15.22 14.56 13.32 11.99 16.53 17.72 17.49 7.98 6.78 3.26 2.53 4.01
9.10 5.52 8.77 10.73 14.39 17.29 15.10 12.50 10.69 13.50 16.75 22.10 20.27 20.35 19.04 19.60 20.65 22.09 9.41 9.50 12.29 13.57 14.71 14.10 16.92 20.11 22.89 31.62 39.23 35.98 33.00 29.69 28.08 35.59 32.91 21.57 29.40 27.67 22.45 30.42 30.79 29.84 31.60 28.32 20.49 17.08 14.65 15.90 19.90 24.13 28.27 41.96 31.75 34.14 32.38 38.75 39.35 28.32 29.03 27.12 26.50 28.08 23.36 22.95 21.79 20.75 19.29 17.77 16.20 14.09 12.90 12.84 19.98 7.53 6.84 6.08 3.85 2.93 4.65
8.29 5.85 10.25 5.93 4.65 10.07 16.13 8.66 9.50 20.22 17.97 22.03 20.95 23.59 20.75 12.22 11.30 14.00 10.80 0.48 12.80 14.71 13.68 12.29 16.25 17.24 20.64 31.87 36.47 36.19 31.95 22.87 25.73 33.48 34.01 23.47 27.71 26.92 20.80 33.08 28.94 27.16 29.01 32.35 29.12 20.52 19.24 18.28 19.05 21.20 25.19 28.73 33.26 35.04 39.52 28.04 23.98 25.64 23.88 22.59 25.49 26.04 25.12 26.13 26.62 26.82 19.34 18.63 17.13 14.99 13.03 17.98 9.17 7.95 7.56 6.53 5.75 5.22 12.41
7.25 5.18 6.13 2.57 7.16 17.21 10.48 9.91 19.72 20.30 20.91 23.89 25.25 12.93 11.17 10.00 15.73 15.78 8.44 3.41 10.88 10.47 8.57 12.68 14.62 14.81 20.69 30.02 34.45 36.95 24.26 24.16 33.11 36.98 38.96 27.21 23.79 30.49 30.89 27.48 29.48 30.78 25.78 30.18 30.52 32.65 32.04 30.63 22.27 22.59 23.32 23.81 24.50 24.45 22.84 21.93 22.85 23.27 22.22 21.30 20.33 19.74 20.31 20.21 19.34 18.41 25.08 25.07 23.81 20.25 12.49 10.71 8.43 7.66 7.60 6.81 6.32 6.26 13.08
6.00 4.10 10.66 12.01 15.49 11.98 8.40 16.66 19.41 13.37 13.78 13.95 12.27 12.86 11.40 16.07 18.80 13.65 5.26 3.04 10.56 11.23 11.22 13.59 13.81 14.00 20.80 27.15 31.81 33.32 25.08 33.85 35.46 36.81 40.73 30.41 23.31 29.98 31.58 31.20 27.95 32.04 30.78 30.36 32.20 29.22 30.13 17.92 19.74 20.95 36.07 27.08 24.54 23.94 23.06 22.01 21.56 21.36 20.27 19.07 18.75 18.72 18.73 18.35 17.66 22.46 20.20 16.12 15.34 13.67 12.82 11.88 10.08 8.73 7.99 7.33 14.17 13.57 5.92
4.72 8.33 10.95 10.95 11.91 9.59 7.61 16.71 11.12 11.24 11.06 10.34 8.27 11.95 16.29 19.46 16.99 8.82 3.15 3.40 9.82 10.98 12.66 9.83 11.70 14.37 20.79 24.26 26.20 30.57 34.02 36.12 37.68 37.88 39.13 36.30 25.77 30.58 33.73 32.86 30.13 30.44 30.38 28.22 29.69 30.18 33.01 34.45 16.89 35.38 36.61 39.46 40.32 36.13 23.91 22.58 21.51 20.62 19.20 17.74 17.09 17.06 16.89 16.18 15.26 14.70 14.44 14.18 13.90 13.64 13.03 12.12 10.93 9.79 15.58 14.76 7.84 7.33 7.19
7.55 11.69 12.26 10.62 10.85 12.56 13.81 12.17 8.92 7.21 8.01 7.04 10.45 15.28 19.49 18.92 12.29 4.55 3.37 12.92 11.29 10.18 12.27 12.33 13.05 14.60 18.57 22.32 25.40 29.44 31.53 33.88 24.35 39.50 35.73 37.21 35.18 32.83 35.77 33.08 32.29 29.44 30.38 30.37 29.80 30.98 29.54 30.82 31.93 33.01 34.29 38.16 38.07 23.28 23.12 22.00 20.96 19.52 17.96 16.89 16.28 15.80 15.29 14.32 13.85 13.82 13.73 13.47 12.89 12.49 11.87 10.81 10.04 9.30 15.39 8.85 8.79 8.52 8.41
11.09 9.22 9.45 11.27 12.52 10.70 8.81 5.99 5.17 4.27 7.98 9.91 13.16 18.01 20.31 15.87 7.22 2.71 3.48 13.18 12.78 12.90 13.52 14.14 12.93 14.45 17.59 21.75 24.93 28.10 30.28 19.39 22.20 35.74 30.44 35.38 36.12 36.03 36.25 34.89 33.47 30.14 31.35 30.50 29.72 31.38 31.72 32.55 32.68 32.72 36.35 37.56 40.15 21.50 21.53 20.93 19.60 17.86 16.61 15.90 15.45 15.20 14.82 14.02 13.65 13.90 13.96 13.45 12.21 10.99 10.16 9.47 8.88 8.14 13.60 7.97 8.24 8.32 8.51
3.75 6.25 8.26 7.74 6.81 6.17 4.91 4.47 4.93 9.20 11.00 11.85 15.27 19.42 18.15 11.28 3.72 6.69 7.50 14.24 14.38 15.81 14.02 14.14 12.90 14.84 15.92 21.42 24.19 26.70 24.02 28.83 26.50 34.13 30.57 33.55 35.78 33.08 34.26 35.15 35.36 30.39 25.23 31.10 30.07 29.48 32.76 31.33 21.30 34.37 33.47 35.90 36.64 37.01 20.88 20.73 18.83 16.88 15.58 14.92 14.76 14.85 14.33 13.43 12.96 13.05 13.02 12.22 11.14 10.20 9.42 8.75 8.42 7.69 6.96 6.96 7.28 7.47 12.74
1.13 6.60 6.80 7.33 6.13 4.49 3.42 5.84 9.37 11.43 12.47 14.69 17.40 17.55 12.74 6.18 1.88 8.49 15.54 14.98 8.61 14.57 14.22 16.30 14.28 12.77 13.92 12.73 24.80 24.97 24.87 26.71 27.64 29.99 29.34 31.45 32.92 32.20 34.34 33.74 34.15 30.99 25.08 29.05 29.22 30.48 29.99 29.37 20.92 21.06 35.89 34.28 35.17 34.86 20.71 20.65 18.29 15.99 14.37 13.95 14.26 14.31 13.69 12.90 12.45 11.96 11.28 10.52 10.08 9.84 9.23 8.27 7.97 7.55 6.33 5.84 5.94 5.77 5.39
6.00 4.74 5.19 4.98 6.42 6.74 7.92 10.01 11.44 12.02 13.42 15.89 16.92 14.18 9.30 3.83 6.12 9.68 13.57 16.15 17.84 9.80 15.36 17.65 13.89 11.03 5.89 11.35 15.09 16.66 23.16 22.93 25.88 28.18 29.66 30.54 30.25 32.49 32.78 23.42 31.07 31.77 22.96 23.22 26.27 28.83 29.51 29.35 33.68 16.69 22.53 34.42 35.65 23.70 20.20 20.24 18.01 15.28 13.62 13.44 13.55 13.44 13.07 12.35 11.88 11.24 10.23 9.21 8.73 8.73 8.17 12.84 12.65 7.05 5.51 10.72 3.33 2.86 2.35
2.62 2.83 3.70 5.24 8.09 9.80 10.71 11.52 11.90 12.30 14.57 13.86 13.57 11.96 9.47 4.61 7.63 9.56 15.54 16.93 14.04 5.56 9.27 18.36 15.78 10.65 5.55 10.51 22.98 24.85 23.43 23.82 24.11 26.35 29.81 29.76 28.94 29.98 32.48 22.84 32.37 32.80 21.15 17.72 16.11 24.13 27.36 29.71 26.81 20.69 21.45 33.82 35.45 33.03 19.54 19.61 17.98 15.54 13.71 12.84 12.32 12.02 11.80 11.20 10.97 10.76 9.92 8.82 7.88 7.13 12.80 12.45 11.94 6.45 5.30 3.53 2.45 2.17 2.55
2.60 3.20 2.00 5.98 9.99 11.64 13.80 12.00 11.92 12.20 12.16 11.23 10.79 10.02 8.90 5.34 7.76 15.77 15.18 17.92 14.55 13.59 16.97 15.43 15.12 4.45 4.63 11.06 20.80 22.72 24.26 20.96 24.74 25.47 27.04 27.45 29.92 30.68 30.99 22.70 32.10 26.89 23.32 20.42 17.11 15.72 17.77 24.39 23.90 31.17 28.52 31.94 32.83 29.34 31.57 23.74 17.62 16.10 13.83 11.59 10.28 9.87 9.97 14.79 10.35 10.51 9.95 8.99 7.74 6.10 5.13 4.89 12.30 5.25 12.33 4.07 3.62 4.23 6.49
4.53 3.83 4.37 6.79 11.35 12.49 12.10 11.78 11.54 11.67 11.43 10.21 10.04 9.38 8.81 5.27 8.85 15.48 16.07 17.19 15.49 14.66 14.79 14.57 14.72 3.57 1.31 11.74 21.96 22.64 24.67 24.36 20.95 23.96 26.65 26.88 27.94 27.38 30.71 22.13 24.46 23.02 30.87 23.09 19.38 17.13 18.97 24.92 25.52 28.10 29.70 31.91 31.95 29.70 22.10 31.11 21.89 15.76 13.33 10.33 8.43 7.84 8.29 9.08 9.82 10.16 9.84 9.14 8.15 6.35 4.88 4.18 11.22 3.86 3.77 11.50 6.86 7.78 5.02
