examples/cougarCreek/createInputs/WindNinja/wrfout_d3.2015081012.f22/cougarCreek_08-11-2015_1000_217m_non_neutral_stability_vel.asc
ncols	146
nrows	140
xllcorner	610065.000000
yllcorner	5095217.000000
cellsize	216.586807
NODATA_value	-9999.000000
[rows 0 to 34 of 140, columns 0 to 78 of 146]
13.74 11.59 13.37 11.98 14.63 8.93 11.30 12.82 13.35 13.23 13.01 13.10 13.20 12.49 16.35 12.63 15.87 16.76 15.41 18.15 20.10 20.30 18.91 16.75 15.21 15.21 15.59 15.65 16.30 17.12 16.21 18.26 13.88 14.73 14.81 15.20 15.62 15.41 14.65 14.17 13.80 13.15 12.75 12.64 12.41 11.94 11.48 11.46 11.34 5.16 11.19 3.36 13.17 11.98 16.32 17.92 18.03 12.34 22.27 24.39 25.56 24.02 27.25 27.15 24.58 19.14 20.34 24.48 26.69 26.23 24.64 21.08 17.99 18.57 21.99 22.26 18.40 19.26 24.27
13.74 11.59 13.37 11.98 14.63 8.93 11.30 12.82 13.35 13.23 13.01 13.10 13.20 12.49 16.35 12.63 15.87 16.76 15.41 18.15 20.10 20.30 18.91 16.75 15.21 15.21 15.59 15.65 16.30 17.12 16.21 18.26 13.88 14.73 14.81 15.20 15.62 15.41 14.65 14.17 13.80 13.15 12.75 12.64 12.41 11.94 11.48 11.46 11.34 5.16 11.19 3.36 13.17 11.98 16.32 17.92 18.03 12.34 22.27 24.39 25.56 24.02 27.25 27.15 24.58 19.14 20.34 24.48 26.69 26.23 24.64 21.08 17.99 18.57 21.99 22.26 18.40 19.26 24.27
13.31 14.36 16.58 13.54 19.60 20.37 14.41 11.87 23.46 23.94 23.01 22.20 14.02 12.27 22.32 20.15 19.98 15.57 16.73 14.90 16.79 19.55 21.11 18.81 15.46 14.73 23.41 23.46 15.47 14.25 13.09 24.05 17.06 17.84 14.60 15.06 18.31 10.17 11.03 10.80 9.07 9.32 12.18 11.95 7.27 7.07 4.31 5.76 2.74 4.80 3.60 4.33 1.72 12.86 16.36 17.88 18.79 14.45 23.36 23.97 22.52 14.54 18.50 19.24 20.19 13.72 23.31 26.28 22.66 27.85 25.09 21.23 8.64 20.27 23.30 20.16 19.25 21.98 25.08
3.66 12.14 17.03 17.99 17.01 17.95 21.45 21.15 22.73 16.01 22.15 21.83 14.53 11.97 17.38 14.93 18.15 19.23 19.31 14.72 13.40 18.89 25.47 22.02 17.01 13.86 20.84 23.08 16.12 14.19 18.49 20.43 22.84 22.63 21.29 20.55 20.27 16.67 13.56 14.99 13.04 11.88 12.22 11.32 10.24 6.37 8.29 8.24 7.07 6.40 4.42 3.01 6.99 12.46 16.13 17.25 19.49 9.17 11.92 11.97 14.15 14.14 16.62 19.37 20.06 14.94 27.96 18.24 28.10 28.61 24.70 11.69 22.44 24.71 26.74 22.09 22.55 26.19 26.97
5.47 17.83 15.87 20.37 19.04 19.60 13.45 20.88 9.99 11.69 25.44 24.51 17.01 13.41 10.79 15.45 18.51 18.41 20.88 20.82 15.76 17.72 23.03 23.55 20.11 16.34 14.52 25.32 21.79 20.54 19.71 18.51 23.66 22.16 22.00 21.32 21.54 20.67 14.64 12.39 12.00 12.54 11.98 10.55 8.77 6.50 8.87 9.42 6.97 3.52 6.63 8.46 10.04 12.45 15.07 16.34 10.97 13.29 7.63 24.75 18.70 15.01 16.81 23.44 17.79 30.01 18.19 28.50 27.59 26.62 14.83 25.80 26.77 28.48 23.33 28.34 27.17 26.65 28.68
5.94 17.69 14.05 23.30 20.00 19.80 20.76 22.89 23.14 23.23 24.23 26.82 18.07 14.80 10.21 9.45 19.04 18.24 19.51 14.68 16.40 16.47 21.06 31.78 23.19 18.51 14.51 25.39 24.31 22.54 19.30 20.79 24.18 22.60 22.84 21.46 21.86 21.34 16.46 12.44 13.63 14.14 11.99 10.34 10.44 9.14 7.80 7.14 4.68 6.20 8.25 9.79 12.49 13.25 12.80 9.63 5.00 13.04 22.13 10.25 17.49 17.78 21.65 20.58 29.08 18.59 25.54 27.29 25.73 14.11 28.07 21.39 21.82 28.54 27.64 26.83 22.83 25.84 29.45
14.59 18.82 13.37 16.41 22.40 18.67 18.70 12.99 23.33 24.00 24.52 26.36 25.02 15.69 12.00 8.60 19.97 19.50 12.88 14.31 16.16 18.45 21.44 25.61 28.30 20.28 22.91 23.93 25.13 21.00 16.62 22.07 24.29 20.01 21.18 21.86 21.10 21.76 15.98 13.95 14.04 14.66 12.24 11.27 12.63 6.86 7.15 6.48 7.87 4.95 6.56 8.40 13.80 14.15 8.61 8.49 8.87 7.86 12.30 14.64 16.27 22.30 24.64 14.21 23.43 24.38 26.34 25.08 17.33 27.87 21.55 27.71 28.91 26.68 25.43 18.75 25.56 26.99 29.11
17.08 19.35 21.20 23.14 22.10 20.95 21.25 22.24 22.65 10.84 24.28 25.66 25.46 16.06 11.80 8.66 16.45 17.14 20.96 13.05 15.81 17.29 20.08 24.98 30.48 22.30 18.43 27.37 24.86 17.33 17.19 24.27 20.10 16.78 22.00 22.64 22.03 21.19 18.62 16.22 16.36 15.02 14.17 12.52 11.71 9.05 5.88 3.28 3.18 5.00 12.79 12.44 12.15 10.13 9.75 12.72 10.72 11.55 14.57 17.07 19.69 22.73 16.41 26.89 19.27 24.44 25.40 24.13 19.14 22.28 27.94 27.60 27.13 18.05 26.22 18.00 26.06 26.82 28.41
16.15 18.78 17.52 20.35 21.11 20.01 20.09 21.17 23.62 24.54 25.37 12.60 14.34 21.87 13.88 10.75 10.15 17.30 17.76 11.87 15.62 17.12 17.00 22.58 36.39 24.91 20.28 26.34 23.61 17.65 18.15 22.87 17.57 16.85 23.47 22.48 22.11 21.84 22.28 22.50 20.32 15.14 15.40 16.39 7.77 11.30 9.95 5.11 10.63 10.08 11.27 14.31 14.85 13.30 12.27 12.03 10.75 13.97 17.69 20.19 18.97 15.14 14.49 16.18 22.46 24.19 25.47 23.29 23.37 28.84 27.42 21.73 20.30 28.15 21.13 21.80 25.24 26.59 29.82
16.16 18.58 19.47 22.24 20.38 23.02 21.63 21.34 22.21 21.71 23.08 25.16 25.16 23.57 18.10 11.63 10.55 9.29 20.79 11.57 15.57 17.80 17.94 21.31 28.42 29.28 21.65 23.32 26.08 20.93 17.43 21.96 19.86 19.95 23.23 21.90 21.65 23.28 22.34 22.97 20.34 15.99 16.63 11.67 11.50 3.95 10.18 11.11 8.37 10.54 12.71 14.40 16.70 14.51 13.25 11.24 12.81 14.70 17.67 15.30 10.27 23.70 18.45 22.76 22.94 21.89 23.11 22.95 25.40 27.64 23.75 29.31 29.62 23.09 22.01 27.36 27.29 30.02 33.25
9.93 16.70 19.77 20.25 20.89 20.56 21.20 22.58 22.57 22.53 23.53 23.29 23.23 23.99 15.08 13.51 11.43 8.72 20.71 21.95 17.02 27.81 18.87 20.88 27.09 32.11 23.12 21.13 25.39 18.72 15.00 21.27 18.11 18.97 23.21 23.10 24.11 24.07 23.38 24.42 18.99 17.85 11.61 11.88 10.14 3.51 11.77 10.08 12.12 10.44 7.36 15.10 16.37 10.40 8.26 11.51 13.64 13.86 14.59 9.82 15.41 15.60 23.18 24.53 20.65 21.38 24.88 25.36 26.93 28.84 25.10 25.39 24.24 25.17 22.40 30.06 31.25 33.73 35.39
10.70 14.67 14.97 18.41 18.89 19.88 20.42 22.33 22.97 22.74 22.88 22.73 21.84 23.06 20.83 21.95 13.75 9.71 18.44 23.93 17.10 30.26 20.74 20.91 25.40 32.53 24.11 23.66 26.41 18.02 15.59 21.23 18.48 20.79 23.91 23.56 24.36 24.27 24.51 24.34 24.28 14.79 18.17 9.52 6.11 3.47 12.57 12.97 12.44 13.45 17.98 17.25 13.12 9.49 10.32 14.35 14.54 14.78 14.11 13.65 13.99 21.79 24.57 23.36 22.41 26.87 25.14 25.38 25.85 27.40 28.04 25.90 30.75 23.34 31.03 31.87 33.58 35.15 35.68
13.50 14.72 14.99 14.09 16.75 16.73 20.59 21.18 21.54 24.23 22.31 22.04 21.10 21.47 15.36 16.41 13.76 20.75 21.82 26.10 28.13 32.66 33.92 21.46 23.43 27.83 25.09 23.88 25.56 19.24 17.33 19.35 20.77 12.50 24.71 25.17 25.95 24.67 22.96 17.27 27.48 16.74 12.27 16.22 5.82 13.16 15.23 11.18 14.45 15.53 18.04 18.72 12.44 10.22 15.36 18.03 16.43 17.78 17.41 13.13 19.72 19.57 26.23 25.16 22.46 23.02 22.80 22.35 22.40 23.43 26.04 28.71 23.94 22.79 32.13 32.89 34.25 34.98 35.01
8.34 9.25 15.43 20.26 18.87 17.53 18.91 11.40 8.53 10.42 21.83 23.32 23.66 22.62 16.11 16.47 14.29 18.11 24.14 26.30 29.80 33.49 33.62 31.75 22.32 27.13 26.65 26.89 22.89 19.46 14.79 18.44 22.24 24.74 25.40 26.10 26.68 26.49 15.64 19.43 24.73 17.45 11.26 7.97 13.46 18.39 17.16 15.04 15.39 18.46 18.71 17.54 13.91 13.40 17.89 18.67 20.16 21.08 21.52 23.14 22.16 18.53 19.40 26.45 26.74 26.17 23.38 22.05 22.33 19.17 26.14 28.02 29.66 31.60 32.66 33.32 33.72 33.43 33.13
7.87 14.29 15.22 20.71 20.62 20.70 20.03 21.15 20.28 8.99 11.19 23.42 23.70 24.77 27.35 17.99 15.92 12.24 21.29 25.76 29.45 33.60 33.79 33.69 22.21 25.93 29.40 26.28 22.46 19.45 14.07 19.00 26.32 25.68 27.00 25.85 27.01 26.87 17.61 22.05 22.25 15.52 9.73 13.37 20.20 18.47 19.35 14.17 17.29 20.85 19.17 18.08 17.88 17.90 20.59 19.69 21.42 23.64 23.45 24.53 26.37 27.48 28.51 25.49 22.58 17.19 15.84 16.11 16.43 26.40 22.32 28.03 28.79 29.86 31.24 31.73 31.83 31.19 30.48
19.00 20.44 21.60 22.44 22.07 21.10 20.11 18.44 19.62 20.44 12.94 22.89 23.69 22.63 24.18 25.57 17.86 13.31 19.59 24.55 27.34 32.59 33.14 30.50 34.54 36.62 31.51 27.42 21.90 19.24 16.04 24.49 26.71 15.66 27.11 27.19 25.88 17.08 20.00 22.76 15.63 14.38 9.98 15.24 20.62 18.92 15.06 17.13 19.47 23.00 18.00 20.82 21.76 19.63 19.59 20.20 23.12 25.45 23.58 23.41 25.62 26.00 21.64 19.36 16.14 15.57 19.10 17.55 21.47 22.98 28.33 26.38 26.29 27.07 27.78 27.81 28.24 28.78 29.68
19.33 20.82 21.40 20.39 21.25 19.61 20.01 19.15 18.33 19.86 20.86 23.28 22.68 22.40 23.25 15.38 16.86 18.47 21.23 27.79 29.35 34.10 32.68 23.82 30.34 35.11 32.96 25.88 23.38 14.65 19.77 26.08 23.39 28.27 26.16 27.48 15.94 18.17 21.61 28.82 19.33 14.64 10.80 9.13 16.79 15.30 16.32 19.15 21.87 22.84 21.60 23.53 23.45 22.87 21.37 21.58 26.75 22.34 25.69 25.32 24.35 21.81 18.88 18.76 16.17 19.22 22.08 17.90 23.39 27.49 26.91 23.96 23.70 24.20 24.05 23.41 24.03 25.93 27.48
19.83 20.93 21.77 20.68 20.10 22.47 21.06 20.45 19.06 17.45 20.05 21.11 21.21 17.28 21.99 11.74 13.86 13.77 23.40 18.35 31.98 35.05 31.68 24.22 26.45 32.87 32.33 25.44 22.63 17.46 24.70 26.31 26.41 27.76 24.39 24.85 16.27 19.38 22.27 26.26 19.06 14.88 11.35 15.70 16.41 16.84 17.66 23.79 23.01 25.21 25.30 25.30 25.40 23.80 20.61 25.64 28.62 20.77 26.39 26.18 22.67 21.62 20.97 21.64 21.09 24.21 26.51 25.22 24.10 24.48 25.67 19.86 19.13 21.48 22.56 23.27 21.74 22.77 24.49
17.70 19.81 20.64 20.84 19.39 20.95 21.23 20.68 19.30 17.82 19.97 21.13 20.83 22.24 24.12 24.16 23.92 24.72 24.85 27.73 33.37 37.00 33.13 26.78 26.98 32.96 30.42 24.13 20.65 21.70 25.96 25.85 28.10 17.39 23.19 25.08 17.45 20.49 28.79 27.03 21.89 20.13 11.71 9.48 17.17 22.09 23.96 24.29 24.98 23.44 26.61 27.69 28.66 22.36 23.95 27.64 23.97 24.10 27.03 22.26 21.02 24.18 26.01 23.22 22.52 25.05 27.25 19.14 22.96 24.13 18.83 17.61 18.55 19.05 19.04 21.38 22.10 21.06 21.24
13.35 16.29 17.97 19.46 18.97 18.38 19.60 19.41 18.86 17.28 19.70 19.53 23.72 21.93 22.30 19.96 23.45 25.71 25.70 29.95 32.20 31.96 29.56 34.70 31.44 31.96 28.04 23.04 22.41 25.22 25.89 28.07 23.04 22.33 14.55 16.83 19.39 21.50 28.78 25.96 22.92 19.52 12.14 9.69 18.23 22.74 24.37 26.34 23.70 24.34 26.46 29.71 19.14 26.82 26.32 23.16 23.43 24.73 24.26 23.65 23.44 25.32 25.46 20.88 24.21 24.53 23.93 25.50 23.47 20.10 17.43 18.90 19.26 20.78 21.22 22.77 23.12 20.79 20.75
6.33 12.42 15.91 17.87 19.98 19.81 20.59 20.93 19.79 18.18 20.10 19.79 19.67 19.78 20.62 20.49 18.75 24.23 25.01 31.46 31.47 30.87 27.94 23.80 33.31 34.60 28.61 23.59 24.13 25.50 26.99 28.26 19.65 22.22 14.70 19.09 20.75 22.26 24.07 23.34 20.81 16.95 12.26 9.71 18.32 19.07 21.72 22.48 25.47 29.07 28.29 30.17 25.64 28.77 19.73 20.71 24.42 25.37 28.09 25.28 24.35 25.27 22.35 20.49 22.83 24.17 23.63 21.95 19.63 21.45 18.87 19.01 18.49 16.81 19.76 21.79 21.99 21.08 21.47
6.01 9.33 12.78 16.96 18.22 20.32 19.74 20.19 19.50 17.65 19.75 21.13 17.93 18.00 17.64 19.86 21.08 25.16 22.90 28.38 32.81 30.11 31.72 34.09 37.86 37.72 29.80 27.69 26.90 25.99 28.79 25.00 18.15 23.04 15.86 20.21 28.52 22.60 31.98 23.72 20.48 15.40 10.91 9.11 18.34 23.04 26.54 24.07 27.90 26.02 31.51 29.84 31.33 26.46 19.19 23.61 22.29 28.83 31.32 24.28 25.56 25.29 22.65 22.96 20.58 23.98 22.87 22.98 18.83 17.77 15.01 15.50 17.65 19.80 19.65 19.11 18.82 21.27 23.07
10.91 12.74 16.05 17.27 18.78 22.29 21.91 22.92 20.73 19.05 19.30 19.65 16.63 15.51 19.75 19.50 19.77 22.03 24.26 31.88 34.26 31.85 29.51 31.04 37.24 39.39 32.42 30.10 27.86 24.53 26.27 23.14 17.95 26.76 16.33 20.03 21.06 23.08 30.81 23.90 18.63 12.86 9.50 8.62 19.64 20.19 21.72 26.63 31.27 30.14 32.09 21.87 21.19 21.88 20.43 22.54 22.66 30.79 27.71 24.90 27.51 25.53 25.27 21.28 20.64 21.24 18.64 17.33 16.14 13.33 13.01 15.54 17.87 16.64 19.62 18.35 18.48 21.01 22.21
9.00 11.19 15.62 9.84 20.65 23.21 24.32 23.07 22.09 19.83 18.33 19.81 19.68 16.86 16.18 19.92 20.42 23.66 27.37 28.76 31.19 31.30 29.64 23.67 26.04 43.48 35.08 31.15 27.90 23.98 28.18 27.52 21.39 27.17 24.29 19.92 21.87 24.04 32.84 23.57 15.92 11.11 9.30 17.42 20.62 25.86 27.08 30.51 29.45 31.62 23.34 22.69 22.24 21.28 21.65 22.83 22.47 23.08 24.30 30.52 31.15 28.88 23.76 22.88 21.22 20.60 17.65 15.99 13.86 13.45 14.78 16.29 17.14 16.10 17.26 18.11 20.47 22.44 22.86
5.55 11.83 5.96 8.67 20.21 22.51 24.01 23.59 23.05 19.72 18.42 19.39 19.13 15.50 15.89 17.66 19.32 21.34 24.76 28.05 31.88 31.09 27.26 27.33 27.08 48.20 40.12 31.45 29.24 30.39 33.57 31.00 24.62 26.93 29.98 20.16 23.06 30.50 29.77 22.37 14.07 18.28 14.14 16.60 22.20 24.82 25.18 29.44 31.15 32.42 23.70 23.69 23.70 23.54 23.92 31.47 33.16 34.67 35.79 26.35 23.93 29.89 20.59 20.58 20.40 20.44 16.92 16.33 14.75 14.96 16.25 15.94 15.66 16.74 19.08 18.69 19.84 21.94 19.49
5.33 12.08 13.89 16.07 17.65 20.40 23.56 24.92 23.96 20.72 18.41 16.62 18.28 17.45 16.24 16.18 19.10 21.13 23.19 27.86 32.13 32.19 27.21 25.38 31.02 47.37 46.09 30.53 32.17 40.24 38.83 28.83 23.57 23.48 28.75 20.34 24.51 34.66 23.42 19.41 12.36 17.65 18.20 22.15 23.23 25.34 26.04 31.22 32.34 33.55 24.28 24.74 24.99 24.82 25.36 35.58 36.46 36.95 26.01 26.62 24.79 26.45 21.43 26.64 25.44 20.06 17.18 16.76 17.73 15.23 16.17 16.24 16.87 18.19 17.76 20.95 19.41 21.04 21.85
3.41 5.14 5.03 15.55 15.62 17.28 23.72 25.22 25.72 21.60 18.66 17.92 17.23 18.89 14.72 14.57 17.61 20.50 21.96 26.25 32.55 31.98 26.52 25.16 29.53 46.73 49.17 31.26 33.97 46.55 37.51 26.70 22.43 25.03 29.39 27.00 36.08 32.24 21.55 15.74 18.05 21.30 21.30 23.07 24.36 27.96 30.12 31.94 32.76 24.12 25.55 25.95 25.55 25.33 26.17 25.63 24.82 25.34 26.83 27.04 31.21 28.37 25.22 24.36 22.13 20.57 15.10 13.83 13.59 13.70 15.00 14.77 15.92 16.30 19.41 16.03 16.22 16.39 20.29
5.21 12.66 12.38 13.66 15.34 17.89 22.63 27.03 26.03 22.85 20.84 19.45 15.72 17.45 15.68 17.06 17.38 19.29 20.74 24.80 31.40 31.90 25.34 24.00 27.54 44.26 52.80 38.52 38.37 47.00 36.10 27.71 24.75 27.46 33.32 38.17 34.13 26.06 19.66 17.81 19.40 21.81 22.41 23.87 26.02 28.54 28.70 31.42 34.00 24.80 26.45 26.64 25.61 25.54 26.54 25.64 25.38 26.50 27.18 27.27 26.19 29.48 22.45 20.88 18.56 12.71 13.40 11.96 12.10 11.64 12.26 13.68 15.40 17.91 16.38 17.12 16.87 19.11 16.86
11.11 11.66 11.82 13.03 15.32 17.13 19.46 24.59 27.65 25.15 19.40 19.60 11.40 18.54 15.38 16.55 17.38 18.85 20.26 24.30 30.39 31.41 25.91 23.23 22.58 33.67 55.00 51.24 48.06 46.89 34.24 29.63 30.73 32.61 35.17 35.25 27.11 21.20 20.08 19.25 19.34 21.73 21.74 22.70 25.75 29.00 29.85 32.47 32.21 24.87 26.75 26.73 25.65 26.01 26.74 25.31 25.52 26.98 27.92 27.78 26.57 24.10 30.48 19.70 17.28 14.24 12.30 11.47 12.76 12.31 12.71 13.74 14.64 15.60 16.68 16.79 16.27 17.75 17.99
9.98 12.11 11.45 13.20 14.86 15.37 19.69 23.30 25.87 24.89 22.40 18.33 16.06 13.08 16.80 15.32 16.98 18.59 20.56 24.72 31.25 32.02 27.78 21.85 21.80 30.24 46.18 54.78 56.80 47.33 36.24 34.30 36.25 34.49 34.25 31.85 24.60 21.62 19.84 18.78 19.38 19.66 20.17 23.40 26.93 28.96 31.58 35.39 23.27 25.16 27.04 27.74 26.83 26.55 25.74 23.78 26.31 28.22 28.45 27.88 26.41 23.38 21.02 18.80 16.45 13.81 14.48 13.19 13.24 13.48 13.41 12.93 12.37 13.36 14.40 14.85 15.19 15.89 16.19
3.47 9.07 12.49 13.73 14.79 16.25 17.05 23.49 25.61 23.55 19.74 18.74 17.90 6.47 12.86 15.09 15.86 15.80 16.82 21.94 29.47 29.12 26.57 21.67 21.24 29.02 38.31 49.79 59.16 50.05 40.57 39.42 36.23 32.87 30.62 25.15 20.85 23.24 18.70 17.81 17.58 18.23 21.07 24.29 25.69 28.46 32.63 21.35 23.95 25.53 27.56 29.17 28.62 26.25 25.71 26.94 28.09 28.64 28.52 34.05 31.87 28.71 20.66 23.99 20.55 16.19 13.17 11.91 10.69 10.65 10.82 12.85 14.29 14.63 16.05 16.92 17.11 17.17 17.08
0.80 3.85 10.78 11.43 12.90 14.88 17.54 21.37 24.70 25.48 22.20 16.83 17.03 15.60 12.51 13.19 14.74 17.71 16.39 20.74 27.28 26.54 23.73 21.34 23.80 32.10 39.72 44.63 54.17 49.98 45.02 43.64 32.06 28.11 22.56 16.56 20.68 24.68 18.38 17.16 16.40 17.83 21.64 24.50 26.32 27.50 30.55 21.86 24.69 26.48 28.13 29.98 30.08 26.47 25.98 28.37 28.82 28.06 27.83 34.44 31.92 28.54 20.12 22.89 18.96 15.88 14.42 13.66 13.41 13.31 13.45 15.22 17.00 18.24 18.99 20.41 21.44 20.94 19.54
1.57 2.39 3.95 13.32 14.60 17.26 18.74 20.07 24.90 22.17 21.37 19.48 19.16 14.75 12.54 15.62 15.13 17.00 18.82 21.02 25.85 25.95 23.06 22.82 29.26 37.07 33.62 41.76 49.13 48.86 50.01 46.41 28.85 21.33 17.37 16.86 21.67 22.07 20.04 20.84 17.01 17.69 21.85 24.15 25.64 25.95 27.55 21.54 23.99 26.60 28.64 30.40 31.16 28.61 27.34 28.70 27.93 26.73 34.67 33.21 30.47 27.05 24.35 21.94 19.27 12.99 11.76 11.22 11.19 11.23 12.11 13.20 14.31 16.89 16.37 16.98 20.16 20.39 16.92
1.20 0.56 1.64 3.59 11.82 14.05 17.59 20.86 23.49 24.96 22.45 17.31 13.22 11.46 16.60 17.20 15.61 16.37 17.10 19.76 27.83 30.97 25.32 23.92 28.16 32.35 40.69 38.95 44.64 47.17 50.51 47.44 26.12 16.92 14.43 14.73 17.22 16.55 16.17 16.29 16.88 19.98 22.66 23.38 25.50 23.03 26.99 21.60 23.43 25.07 27.60 30.26 31.82 31.20 30.10 29.37 26.99 25.66 27.19 27.25 24.57 26.96 23.84 21.56 18.59 15.37 12.85 11.76 11.23 11.94 9.75 10.23 11.93 14.20 16.17 19.01 19.98 20.15 18.83
2.93 1.87 6.59 1.70 4.31 14.68 16.52 18.53 22.19 23.53 23.11 18.90 20.32 16.94 10.01 17.33 14.59 15.35 16.52 16.97 23.54 31.82 32.54 34.04 30.56 33.77 33.33 35.37 41.70 47.52 50.28 46.06 24.57 12.83 11.02 11.21 11.30 10.51 11.60 12.81 15.94 19.02 21.14 22.15 26.86 26.47 28.32 22.22 24.10 24.94 26.31 29.46 32.72 33.33 32.08 31.21 29.25 27.03 27.96 27.68 25.22 20.72 23.80 20.76 16.67 13.98 12.41 8.65 6.39 7.43 9.96 12.25 13.84 17.62 18.69 18.81 18.38 18.01 17.95
