examples/cougarCreek/createInputs/WindNinja/wrfout_d3.2015081012.f22/cougarCreek_08-11-2015_1000_217m_non_neutral_stability_vel.asc
ncols	146
nrows	140
xllcorner	610065.000000
yllcorner	5095217.000000
cellsize	216.586807
NODATA_value	-9999.000000
[rows 70 to 104 of 140, columns 0 to 78 of 146]
4.77 4.04 2.20 7.66 11.89 12.64 11.65 11.16 11.06 13.05 10.67 10.21 10.69 10.30 8.40 4.80 10.22 15.09 17.23 17.19 17.24 17.31 14.58 14.45 12.01 2.76 2.73 12.56 20.57 22.42 23.13 21.43 20.50 22.21 25.37 24.55 25.54 28.29 29.40 20.99 18.13 20.57 23.73 24.24 20.31 17.01 26.79 24.63 24.51 20.51 21.71 31.88 32.25 26.63 25.51 20.31 22.59 16.78 13.46 10.59 8.79 7.71 7.35 7.92 8.68 9.23 9.27 15.35 8.34 7.30 5.48 3.95 10.45 10.25 10.34 10.00 10.10 6.58 2.97
1.55 1.33 3.76 11.40 11.55 12.38 11.31 12.78 13.02 12.39 12.62 13.54 14.55 13.84 9.68 4.26 12.08 16.25 17.24 17.39 16.59 16.57 12.32 10.73 5.01 3.52 8.55 15.33 19.29 20.03 22.19 22.07 19.64 22.55 23.04 23.73 23.87 25.48 27.10 14.73 20.91 29.78 20.07 35.28 21.39 17.68 16.62 25.27 27.14 27.59 23.15 23.45 29.71 27.92 29.08 23.79 19.94 22.19 13.46 11.10 8.92 8.69 8.26 7.70 7.53 7.94 8.10 7.71 14.82 7.45 6.15 4.24 10.77 11.00 11.24 10.32 8.69 8.26 6.53
2.25 2.69 4.51 11.53 10.83 11.77 11.20 13.35 13.08 11.94 12.67 13.37 10.26 13.46 11.69 5.24 13.65 16.19 18.08 18.12 19.16 13.58 11.52 12.18 4.92 0.96 10.06 17.23 18.86 19.20 21.69 21.05 18.89 24.70 21.95 23.31 23.46 26.12 24.33 12.52 19.77 29.91 17.10 21.98 23.07 19.27 27.21 17.08 20.13 19.08 20.97 22.94 30.02 21.39 23.84 27.66 18.39 13.19 22.50 11.52 8.86 7.84 8.04 7.64 7.55 7.83 7.63 6.93 6.70 6.57 12.58 10.90 11.30 10.60 10.92 1.41 7.65 6.86 6.76
3.33 3.30 9.24 10.58 10.03 11.02 11.01 13.61 12.57 11.77 11.91 12.73 8.52 12.99 13.16 7.35 14.80 16.52 18.79 18.61 17.80 13.47 9.70 10.63 4.48 1.34 16.67 18.37 12.39 19.36 21.32 19.31 18.37 22.95 13.56 21.85 21.80 21.87 23.52 11.06 19.09 29.93 15.28 18.80 29.73 20.79 17.47 30.36 29.70 30.72 20.93 24.25 30.22 16.03 23.56 18.86 18.47 12.42 12.00 11.72 10.15 7.43 6.64 6.55 6.86 7.28 7.19 6.80 6.69 6.38 12.15 11.51 11.00 10.29 10.96 11.88 8.69 8.40 8.45
7.53 7.80 8.70 10.30 9.16 10.09 13.12 13.43 12.68 12.35 12.62 12.98 13.05 11.75 12.35 7.94 15.55 18.34 16.29 19.59 15.48 7.35 12.32 12.18 3.44 1.95 15.48 12.07 11.67 18.79 20.31 18.78 22.95 13.45 13.00 21.59 23.06 23.09 24.20 11.07 12.81 26.30 28.05 15.48 20.12 21.48 18.25 26.62 32.70 27.19 31.47 31.91 30.16 21.96 14.87 24.51 18.00 11.46 11.17 15.30 10.55 8.31 6.08 5.96 6.05 6.18 6.24 13.99 14.55 14.13 10.90 12.50 12.31 11.91 11.87 11.81 9.35 9.02 8.91
7.02 7.96 12.74 9.60 10.39 11.35 12.81 13.35 13.53 14.54 14.83 9.31 12.87 9.86 9.94 6.33 16.97 13.05 13.20 19.55 15.66 8.02 11.95 7.20 3.15 15.27 16.46 18.32 20.02 20.90 19.85 20.41 20.24 12.14 21.12 21.09 20.17 25.90 23.59 16.13 12.27 27.59 26.13 13.27 16.45 33.01 19.66 17.78 32.53 24.19 33.55 32.50 29.28 21.57 14.29 19.42 25.82 23.85 18.21 26.63 10.35 9.21 6.84 6.05 5.94 5.85 5.70 5.39 13.35 15.00 11.87 11.44 11.50 11.55 11.20 11.58 10.65 9.72 9.51
8.12 10.20 9.10 9.11 9.81 10.94 12.88 13.33 14.30 10.77 11.62 11.36 8.76 14.24 8.75 5.43 20.36 17.03 18.17 18.05 17.23 9.01 9.19 2.70 13.02 15.57 16.49 18.93 19.06 20.83 20.12 21.52 14.77 14.08 19.93 11.82 22.31 23.09 23.28 15.44 16.52 26.41 28.58 17.11 13.66 17.91 28.23 20.66 30.74 30.93 33.14 32.46 31.24 20.46 19.69 18.26 23.30 24.41 17.56 18.33 12.75 9.42 7.94 6.01 5.33 5.20 4.95 12.71 4.70 13.81 12.30 10.76 10.61 11.01 11.32 10.19 10.96 9.59 10.32
8.47 10.18 9.32 9.40 10.19 11.96 13.16 13.20 16.55 9.50 11.01 12.27 10.74 14.00 9.50 6.77 19.96 17.34 19.02 19.80 17.34 11.61 8.46 11.82 15.96 14.57 15.50 18.93 21.02 21.17 19.97 21.91 14.15 21.48 21.16 12.31 22.01 24.42 22.33 14.78 23.56 26.66 27.32 17.39 12.47 15.46 31.87 18.37 27.56 30.64 30.01 30.85 28.59 20.46 19.13 17.57 22.58 16.15 8.25 7.95 24.38 9.62 8.73 6.19 4.42 11.29 10.90 10.76 10.99 12.17 13.73 11.64 10.53 11.12 11.18 1.79 9.72 11.31 2.53
10.21 10.76 9.78 9.88 10.90 11.93 14.31 12.75 13.05 7.46 8.75 12.06 13.52 15.56 10.15 8.81 20.03 17.13 20.12 19.39 11.88 2.88 9.10 1.16 2.90 16.30 17.03 18.32 19.99 20.41 13.41 19.13 19.84 20.90 23.07 6.77 21.56 23.40 14.54 13.73 22.62 26.19 24.97 17.37 18.30 12.44 22.60 29.85 25.55 30.22 27.06 29.23 29.45 18.52 16.82 16.08 21.65 23.81 19.01 14.01 17.22 12.97 8.85 6.40 3.99 10.96 2.51 10.99 2.64 2.89 3.00 12.53 13.77 12.65 11.42 2.23 2.48 2.83 3.17
9.83 11.04 10.34 10.19 11.12 15.17 13.92 12.34 14.44 6.47 12.41 10.08 20.36 13.45 9.78 16.97 14.70 7.79 18.73 6.24 5.11 3.14 13.48 1.29 3.53 17.71 17.43 17.42 18.93 18.44 19.06 17.78 21.63 21.07 23.95 12.78 6.68 23.20 12.91 13.17 19.65 26.01 25.34 16.09 8.98 23.62 19.85 22.39 28.43 24.80 26.27 26.75 28.18 17.34 8.73 7.95 7.43 24.07 16.80 13.97 7.04 18.18 13.54 10.60 4.13 3.27 3.15 3.17 3.30 3.31 3.11 3.04 3.13 12.81 12.79 11.66 2.81 3.91 4.32
10.91 10.75 10.47 10.62 11.95 12.40 11.97 15.79 14.38 12.04 7.48 22.75 11.73 13.39 10.32 19.53 9.38 8.40 7.31 7.01 5.82 17.58 2.20 1.46 3.68 17.94 17.10 15.08 17.78 18.04 18.02 20.12 23.68 21.18 21.20 13.93 14.89 22.87 11.65 13.53 23.82 21.35 24.55 24.44 13.77 14.32 18.50 12.32 14.60 12.79 27.41 21.50 27.91 8.62 9.56 9.89 9.57 9.54 14.57 8.60 7.23 6.45 6.46 22.32 5.43 4.14 4.36 4.55 4.21 3.81 3.72 3.55 3.14 2.86 13.51 15.47 3.89 4.34 11.43
11.55 10.00 10.83 6.44 13.54 12.66 13.63 13.24 14.96 15.90 7.93 8.95 10.75 12.24 11.13 16.68 8.62 7.87 7.42 7.41 18.65 11.95 2.37 2.30 3.75 19.61 15.17 10.80 16.34 19.04 16.73 19.56 20.85 21.71 20.86 21.15 22.22 13.45 12.34 19.42 22.59 14.17 23.34 22.79 24.32 21.01 16.73 9.94 13.06 13.76 12.05 21.92 30.46 9.77 11.39 11.96 11.61 11.00 10.67 9.62 7.89 6.35 5.62 5.52 15.02 5.31 4.39 4.52 4.32 4.17 3.89 12.88 3.61 3.51 3.80 4.47 4.66 4.23 3.94
11.92 10.40 11.37 11.43 15.37 12.45 13.95 9.67 14.58 14.29 7.92 9.22 11.25 10.87 9.99 16.69 7.81 7.59 7.87 22.09 19.12 5.50 2.33 2.62 3.43 19.89 9.81 1.45 18.01 17.29 17.48 12.61 19.26 20.56 23.09 17.87 22.76 11.55 11.93 21.18 18.12 12.88 12.47 20.41 20.48 23.82 14.09 7.31 9.50 24.56 16.18 10.39 10.11 11.35 11.20 10.26 10.45 10.10 9.39 8.50 22.53 7.43 6.72 5.97 5.98 5.86 4.07 18.09 3.84 13.15 3.76 3.89 13.81 4.49 4.64 4.39 19.55 3.52 14.03
11.59 10.96 12.42 13.00 13.46 13.12 13.04 9.21 15.76 15.90 7.83 8.39 11.31 10.67 18.96 8.27 7.62 8.17 9.56 23.73 18.41 4.78 2.48 2.84 17.97 16.31 10.20 12.55 18.37 11.66 15.83 12.33 18.58 20.27 19.92 23.18 13.50 12.24 19.69 20.17 11.31 18.65 19.99 20.78 23.00 22.72 19.28 5.30 5.90 21.47 25.61 28.26 9.92 10.26 8.19 6.78 6.85 16.51 17.27 7.01 7.63 19.27 8.37 8.03 7.00 16.77 4.20 12.58 3.75 3.82 3.60 3.48 14.98 11.51 12.17 3.72 14.49 14.40 13.30
13.81 11.64 13.98 14.95 13.35 14.17 8.11 9.08 17.77 15.17 8.53 8.34 16.66 10.51 10.16 9.02 7.77 8.68 22.51 20.82 7.42 3.58 2.51 3.41 4.26 16.49 14.36 15.85 16.63 10.25 17.62 12.26 17.39 19.14 19.88 20.31 14.26 14.45 22.51 6.97 5.35 2.77 15.94 22.24 20.80 23.68 20.71 4.89 4.09 15.05 25.08 7.77 8.85 6.77 4.74 4.43 4.36 4.61 5.39 5.91 6.14 16.50 7.08 17.03 6.75 4.67 12.01 12.67 13.31 4.08 4.01 3.48 14.98 14.45 15.66 14.90 13.54 15.55 13.64
15.44 13.35 14.73 13.88 14.21 14.51 14.49 14.50 18.62 9.96 9.54 9.11 8.16 17.46 18.06 8.72 21.75 24.07 23.03 19.41 7.47 3.29 2.51 3.17 12.28 15.22 14.26 14.90 17.36 9.19 17.15 15.46 17.69 18.97 17.37 12.94 13.47 14.90 15.44 8.85 7.89 5.00 4.33 14.69 18.31 21.66 13.81 11.22 3.48 4.88 21.42 16.21 4.47 2.72 2.72 2.85 13.26 3.13 3.40 3.82 3.59 14.35 3.97 3.67 23.46 21.43 14.07 13.07 12.79 14.65 13.11 3.86 12.13 12.33 17.13 13.10 12.51 13.38 10.64
17.24 15.30 14.43 13.66 16.56 15.94 15.68 16.72 17.04 9.38 10.36 10.38 7.00 18.20 20.04 20.38 21.12 22.99 12.22 10.75 7.09 3.23 2.41 2.26 17.73 10.72 14.37 14.36 16.15 15.26 17.46 11.81 15.73 10.46 16.95 10.99 15.52 16.98 5.44 7.80 8.65 5.87 3.81 13.34 19.19 20.46 19.95 3.48 2.54 2.98 18.62 18.61 21.44 1.69 2.31 2.20 2.55 10.81 2.54 2.21 1.84 1.79 2.16 1.43 16.45 23.79 14.99 13.67 14.61 15.35 3.57 19.65 17.08 13.00 13.54 14.45 13.28 12.68 7.71
19.32 15.41 14.10 15.21 17.42 15.48 9.39 10.00 9.78 9.29 11.08 12.17 7.90 18.48 17.92 20.41 22.28 18.42 12.69 10.98 6.64 2.81 1.47 11.09 15.97 14.74 14.71 14.67 16.12 17.17 13.36 10.72 15.50 1.26 16.54 12.95 16.26 14.53 11.51 4.83 7.16 6.11 3.29 13.56 12.35 19.76 17.87 2.53 10.13 10.27 15.11 18.65 8.84 2.18 1.95 1.68 1.86 2.25 2.38 9.69 11.98 10.01 1.95 1.43 16.80 2.48 14.69 13.30 13.98 13.46 14.60 12.61 12.41 2.49 1.26 10.30 9.94 13.28 13.60
20.16 15.00 14.27 17.43 17.60 17.98 15.70 16.79 9.57 9.42 11.67 13.87 10.11 12.14 19.81 19.09 22.29 13.73 13.42 11.11 6.06 2.82 1.47 18.71 16.36 14.22 12.62 13.13 15.61 14.46 13.47 14.13 17.03 2.18 11.55 13.12 15.51 15.28 2.26 3.46 4.26 4.26 2.17 13.24 9.35 14.16 15.38 13.63 9.32 1.27 11.65 16.42 0.98 19.15 7.33 2.61 8.48 7.73 2.66 9.54 10.02 9.54 10.09 2.20 15.56 20.54 15.71 14.06 14.58 13.99 13.06 12.82 15.00 18.45 2.50 2.61 2.62 2.05 1.82
16.03 14.26 17.70 17.88 16.11 16.54 16.08 16.29 8.23 8.94 11.86 19.14 12.13 7.11 20.96 19.26 22.72 13.69 14.03 10.89 5.57 2.77 2.35 17.97 14.06 0.47 0.97 8.18 14.18 13.23 1.08 14.15 16.18 3.15 1.17 16.26 15.12 15.01 2.71 3.39 3.86 17.89 2.34 14.83 8.07 14.60 16.23 10.90 7.48 8.74 9.68 15.01 1.42 1.65 7.48 3.27 7.19 6.47 9.17 8.88 13.85 8.12 9.14 12.53 15.70 14.80 18.35 15.21 17.28 16.96 12.74 13.79 12.98 12.96 10.72 15.96 13.48 9.20 3.60
15.51 13.77 17.61 17.61 14.96 16.20 16.19 15.17 6.82 8.04 11.44 20.47 13.59 10.35 22.97 5.80 23.71 13.56 13.90 10.62 5.71 2.93 19.25 14.24 1.27 0.24 1.13 13.75 12.41 13.45 14.17 14.62 16.71 11.11 2.53 13.32 12.36 13.36 2.70 3.12 3.46 8.43 3.14 10.55 9.27 11.40 16.21 6.90 3.24 2.54 8.31 11.02 1.74 1.48 2.69 8.07 2.88 5.81 2.86 3.00 11.44 15.57 3.56 12.01 13.65 14.85 19.33 18.09 19.69 19.80 21.07 13.27 1.61 0.25 1.34 13.35 12.76 12.32 14.44
14.73 13.33 16.65 16.75 14.15 14.69 15.29 15.84 5.64 6.63 10.37 14.06 13.76 11.77 9.05 22.70 22.27 14.17 13.93 10.51 6.23 3.51 17.43 13.92 0.71 1.67 13.84 14.14 14.60 11.81 12.85 14.38 12.92 14.00 9.07 15.57 11.84 13.29 2.99 11.75 8.24 11.62 4.79 12.67 11.39 13.82 6.59 2.46 2.43 2.31 2.08 1.95 11.73 8.98 6.51 5.79 5.15 5.54 7.71 3.59 10.72 7.23 12.91 9.38 14.74 1.84 16.49 10.77 12.85 13.82 13.29 19.51 2.06 1.95 15.01 11.48 12.72 12.05 11.19
18.79 14.85 16.67 17.78 17.81 16.60 15.02 14.72 15.45 5.56 8.58 19.66 12.54 20.91 9.17 22.82 10.90 21.44 14.53 10.86 6.85 12.53 17.01 1.06 1.54 3.04 13.49 14.63 13.05 13.42 13.45 12.34 14.77 16.20 13.06 14.18 12.71 7.19 10.25 3.98 8.40 12.79 4.09 3.46 2.22 5.89 6.32 6.45 2.22 2.54 2.58 2.75 10.89 3.61 4.23 12.21 5.35 5.34 7.67 4.90 8.19 12.38 7.12 9.07 16.33 3.36 2.28 18.33 12.61 13.68 13.41 19.57 1.83 2.32 12.16 11.40 18.18 16.21 16.20
19.29 9.89 8.74 7.40 15.82 15.97 14.35 5.40 15.37 6.21 21.15 18.19 11.21 20.28 17.66 19.75 22.44 18.62 14.60 11.54 7.49 12.64 13.83 15.23 2.59 3.96 13.93 13.91 13.60 10.97 10.70 8.32 14.88 15.46 13.12 6.59 0.86 0.93 2.23 4.22 4.34 2.74 2.07 2.79 1.78 6.67 7.04 2.04 2.38 2.91 3.75 8.64 9.25 4.37 4.09 4.27 6.16 11.96 6.55 4.70 6.35 6.49 8.16 10.83 11.91 13.18 12.86 8.74 18.51 12.63 12.85 20.39 2.54 2.74 11.41 15.24 14.06 9.23 3.44
11.73 10.87 9.78 8.51 19.65 17.11 14.93 5.56 6.83 7.05 7.04 19.64 19.01 16.98 17.19 18.14 18.80 20.65 13.37 11.96 7.97 10.07 15.88 15.41 3.28 4.02 14.09 12.40 10.43 14.60 14.27 11.56 14.94 11.52 0.76 0.81 0.41 0.57 2.41 4.44 3.46 1.62 1.62 2.35 1.86 0.86 1.03 1.78 2.47 3.21 4.16 6.08 7.09 4.31 4.02 4.15 8.59 4.68 8.19 6.78 4.74 10.29 13.89 4.29 4.40 12.86 16.71 14.20 19.36 13.16 14.01 19.67 3.67 11.31 13.59 11.46 3.35 13.12 12.73
16.14 9.96 19.13 7.63 18.57 15.98 5.56 15.84 6.81 15.75 18.47 17.81 17.68 15.59 16.31 16.08 19.12 20.09 11.40 11.94 8.75 17.87 15.71 2.28 3.08 3.76 13.53 8.96 3.05 13.86 2.61 13.05 11.23 8.48 0.99 0.70 0.20 0.67 2.73 4.60 3.49 1.75 1.63 1.76 1.49 1.26 1.28 1.62 2.39 3.08 3.66 3.85 3.49 3.43 3.92 4.27 4.31 4.31 4.61 5.20 9.84 6.70 10.26 3.66 3.56 3.74 4.10 12.33 13.54 14.24 13.96 14.79 12.52 12.93 15.19 15.83 1.92 3.67 4.81
9.51 8.16 19.36 16.92 17.21 16.71 5.37 15.74 15.93 19.00 14.74 18.35 18.18 15.14 15.79 14.17 19.59 19.58 9.54 11.72 10.13 19.93 3.78 2.32 2.81 3.74 13.82 10.30 15.15 11.31 8.80 10.33 10.11 1.22 0.97 0.62 0.08 1.01 3.15 4.48 3.41 2.06 1.62 1.22 1.15 1.54 2.01 1.96 1.92 2.46 3.02 3.06 2.89 3.04 3.40 3.68 3.95 4.21 4.41 4.62 10.41 6.69 3.86 3.58 9.24 3.07 2.70 2.56 2.79 14.49 14.76 14.67 11.34 16.10 18.09 13.48 1.21 2.41 4.28
10.05 8.96 19.72 18.08 15.95 16.88 16.65 5.71 17.08 21.49 9.44 19.66 18.53 17.78 9.62 16.42 16.81 17.63 7.97 15.86 10.86 9.25 6.24 3.62 3.35 12.95 3.68 14.95 9.31 0.49 8.89 0.28 0.95 1.26 1.10 0.65 0.22 1.17 3.31 4.58 3.58 2.26 1.42 0.62 1.00 1.72 2.38 2.59 2.34 2.51 2.95 3.05 2.91 2.74 2.71 2.92 3.23 3.56 3.88 4.01 4.01 4.06 4.11 3.86 3.38 2.99 2.78 2.69 2.55 2.35 2.57 2.91 2.67 14.13 10.51 16.36 15.54 0.82 2.53
11.45 10.78 9.46 18.96 19.33 6.83 15.60 6.17 6.83 7.56 20.72 19.86 17.86 15.64 9.13 7.61 19.15 13.67 14.37 21.00 9.59 10.25 9.18 6.56 14.29 12.89 12.61 0.67 11.19 11.33 8.28 0.90 0.88 1.09 1.25 0.88 0.29 1.21 3.30 5.08 4.33 2.34 0.86 0.30 0.98 1.93 2.56 2.98 3.06 3.11 3.28 3.30 2.89 2.35 2.11 2.18 2.38 2.65 2.99 3.29 3.50 3.62 3.66 3.57 3.19 2.72 2.48 2.51 2.42 14.61 2.68 2.93 2.50 16.29 15.65 20.31 15.66 0.81 0.83
9.97 19.43 8.63 19.17 19.46 7.18 16.44 5.86 6.20 20.53 22.90 9.24 18.88 15.54 9.56 12.76 15.99 15.59 15.40 6.61 8.00 20.46 10.10 9.17 6.99 15.73 12.10 10.78 12.05 12.34 8.48 11.08 1.59 1.24 1.38 1.26 0.52 1.16 3.02 5.19 5.12 2.41 0.38 0.81 0.85 1.90 2.75 3.27 3.81 4.18 3.93 3.46 2.75 2.22 2.08 1.87 1.62 1.61 1.95 2.38 2.79 3.03 2.98 2.93 2.86 2.53 2.29 2.39 2.57 2.59 2.88 2.82 14.82 14.15 14.47 14.68 16.96 15.17 1.05
6.51 18.43 5.01 20.43 6.45 13.56 17.45 14.86 18.78 5.54 6.27 7.67 17.05 10.36 13.82 9.16 14.62 12.16 14.19 3.84 5.50 8.12 10.43 24.75 20.64 15.60 11.66 12.11 12.26 11.92 2.49 2.22 2.08 1.70 1.64 1.56 0.90 1.33 3.13 5.39 5.66 2.82 2.04 2.09 1.95 2.38 3.14 3.62 4.51 5.59 5.11 3.65 2.61 2.31 2.25 1.81 1.26 0.77 0.94 1.43 1.96 2.37 2.40 11.94 2.35 2.33 2.18 2.24 2.53 2.73 2.93 2.83 2.44 2.19 1.81 13.62 14.03 14.25 2.21
8.69 6.78 3.71 19.22 4.61 16.70 20.93 7.01 6.16 20.08 4.84 18.23 13.61 17.23 16.09 14.84 13.95 11.00 12.02 16.28 3.43 6.07 9.71 10.97 9.12 5.74 14.13 12.98 12.21 11.07 2.81 2.31 2.32 2.24 2.09 1.97 1.58 2.06 4.19 7.04 7.86 5.64 4.18 3.49 3.08 3.04 3.45 3.80 4.80 6.55 6.40 4.32 2.86 2.60 2.36 1.74 1.31 0.87 0.40 0.52 1.14 1.80 2.11 2.12 2.16 2.17 2.12 2.22 2.41 2.46 2.63 2.68 14.74 14.98 14.85 13.86 13.93 14.88 17.13
10.33 9.92 7.51 3.56 4.20 15.18 5.73 17.77 14.42 21.40 5.91 18.31 18.64 17.45 16.48 13.43 7.00 11.49 11.99 10.60 3.06 17.60 17.77 9.56 9.77 7.26 15.73 14.62 11.96 2.50 2.96 2.34 2.33 2.61 2.65 2.63 2.44 2.25 2.95 5.52 7.56 6.56 4.80 3.50 2.66 2.56 2.97 3.39 4.67 6.90 7.56 5.77 3.87 3.20 2.61 1.75 1.24 0.92 0.47 0.09 0.74 1.32 1.73 2.07 2.22 2.20 13.40 13.18 12.75 14.73 15.26 15.84 15.79 15.49 13.90 14.03 14.61 13.70 14.90
10.07 10.63 10.92 7.16 18.75 2.71 17.62 17.19 17.13 7.91 7.35 16.99 5.93 14.22 19.96 14.86 6.33 11.49 5.73 9.95 18.45 3.57 16.68 12.73 21.42 19.51 16.48 14.68 9.22 1.92 10.60 9.23 2.47 2.67 2.87 3.11 3.21 2.49 0.90 1.91 3.91 4.17 3.52 2.85 2.28 2.10 2.32 2.85 4.11 6.32 7.97 7.43 5.70 4.38 3.11 1.91 1.11 0.66 0.41 0.52 0.96 1.45 9.79 2.36 2.69 11.58 13.23 12.78 12.75 13.92 14.87 15.33 14.04 15.15 15.50 14.90 14.90 17.36 14.28
8.74 8.43 9.49 8.63 3.61 16.40 2.13 12.88 20.04 6.73 8.47 8.07 16.52 18.16 6.77 13.90 12.24 12.25 5.53 16.03 5.52 16.15 16.45 6.64 19.41 19.40 17.97 16.05 12.45 10.86 13.93 10.04 2.98 2.75 2.77 2.95 3.37 3.36 2.84 2.35 2.40 2.47 2.28 2.43 2.56 2.45 2.44 2.76 3.58 5.24 7.06 7.93 7.64 6.25 3.94 1.97 0.76 0.29 0.74 1.08 1.45 2.07 2.66 3.25 3.41 12.19 12.72 12.78 4.28 4.23 14.82 15.20 15.22 14.39 14.94 15.23 14.42 14.88 15.33
