examples/cougarCreek/createInputs/WindNinja/wrfout_d3.2015081012.f22/cougarCreek_08-11-2015_1000_217m_non_neutral_stability_vel.asc
ncols	146
nrows	140
xllcorner	610065.000000
yllcorner	5095217.000000
cellsize	216.586807
NODATA_value	-9999.000000
[rows 105 to 139 of 140, columns 0 to 78 of 146]
9.62 8.24 8.86 9.27 6.76 1.67 19.80 0.95 3.39 12.72 6.91 8.89 8.64 23.51 8.88 8.25 13.75 12.18 5.23 15.24 16.22 4.76 6.11 19.19 21.28 8.51 16.23 4.90 13.64 11.24 1.27 2.95 3.23 2.95 2.68 2.55 2.78 2.89 2.53 1.77 1.01 1.21 1.66 2.30 2.81 2.96 2.99 3.19 3.81 5.07 6.43 7.84 9.15 8.74 5.74 2.25 0.52 1.09 1.56 1.92 2.35 2.98 3.48 3.74 10.54 11.62 13.12 4.35 4.47 4.40 4.26 15.59 15.45 15.11 14.63 14.80 14.97 14.27 12.97
10.28 10.30 10.52 10.34 9.48 6.94 3.47 1.75 17.99 2.95 15.49 6.02 18.70 16.27 7.65 8.68 15.61 13.07 6.10 13.53 15.15 13.97 14.83 6.99 7.23 18.71 8.40 6.71 16.26 1.32 0.95 2.26 2.88 2.79 2.61 2.45 2.35 2.22 2.04 1.63 0.64 0.45 1.24 1.82 2.41 2.81 3.01 3.35 4.10 5.28 6.45 7.92 10.11 11.45 8.92 3.82 2.12 2.39 2.69 3.02 3.43 3.82 3.89 3.70 3.70 3.97 4.27 4.50 4.59 4.49 4.33 4.33 4.47 15.04 14.75 14.64 13.50 13.83 11.70
11.22 10.60 11.25 11.62 10.96 10.09 8.28 5.14 3.34 2.50 14.25 18.12 20.20 4.11 20.70 18.59 7.64 7.23 6.85 5.53 13.93 13.52 4.82 18.42 6.89 7.23 21.85 21.37 4.06 2.50 1.60 1.51 2.22 2.43 2.55 2.64 9.54 9.16 5.80 1.55 1.14 0.82 1.00 1.26 1.69 2.19 2.51 2.77 3.38 4.38 5.55 7.26 9.98 12.83 12.61 8.45 5.06 4.01 3.94 4.15 4.38 4.48 4.35 4.26 4.50 4.81 13.71 14.32 15.40 15.72 16.43 16.35 16.10 15.62 15.04 13.89 13.63 14.36 13.81
10.84 8.43 9.17 10.94 10.82 9.37 8.30 6.94 4.60 20.22 3.62 19.17 2.79 17.31 17.66 16.31 13.22 12.44 12.16 12.72 14.72 3.87 13.38 17.26 17.53 21.04 19.40 19.75 5.38 14.44 1.75 0.15 14.42 2.40 2.56 9.08 3.05 2.04 1.48 1.58 1.65 1.47 1.32 1.43 1.79 10.25 2.21 2.19 2.55 3.19 3.85 5.23 7.84 11.22 13.01 11.17 7.75 5.91 5.27 5.08 5.14 5.29 5.41 5.62 5.84 12.22 14.33 15.32 15.93 16.10 16.58 5.23 16.15 16.09 15.95 15.60 15.22 15.03 14.98
12.89 9.32 9.18 9.48 10.62 9.41 7.76 6.78 5.84 5.32 4.88 3.95 18.35 18.49 19.13 17.80 5.37 13.52 13.39 12.86 13.02 13.25 11.28 19.28 14.09 19.81 21.74 8.33 6.61 18.47 1.64 16.67 0.99 2.47 8.46 3.28 8.69 2.33 1.53 1.73 2.06 1.91 1.59 1.81 10.36 2.52 2.67 2.50 2.56 3.00 3.23 3.42 4.84 8.36 10.37 10.20 8.95 7.60 6.78 6.45 6.42 6.67 7.06 7.42 7.52 7.25 13.77 15.02 16.39 6.05 16.31 5.06 16.17 4.83 4.87 15.60 15.18 15.02 15.11
14.01 12.58 8.71 9.35 9.75 10.55 9.31 7.95 7.28 6.74 6.82 5.02 20.98 5.41 5.39 18.29 15.83 16.53 3.60 17.07 11.69 14.25 18.81 18.74 16.92 16.75 21.59 18.72 20.90 21.07 17.57 2.52 12.35 10.68 9.28 9.75 9.19 2.42 9.95 2.30 2.42 1.99 1.71 9.91 10.23 10.13 3.04 3.24 3.17 3.43 3.75 3.55 4.32 7.27 8.67 8.86 9.15 9.05 8.63 8.42 8.46 8.66 8.99 9.33 9.42 9.14 13.34 13.74 15.50 16.19 16.54 15.70 15.22 16.40 15.39 13.69 14.11 13.91 13.33
12.99 13.03 10.68 7.16 6.79 8.92 10.08 9.38 7.98 6.64 6.81 6.81 7.31 6.33 19.60 21.49 7.58 6.92 5.16 4.37 5.28 3.96 3.48 20.28 17.58 19.60 18.56 23.19 24.01 7.85 15.16 6.05 12.57 11.06 10.79 10.32 2.10 1.84 2.36 9.53 9.52 9.77 10.01 9.82 9.65 10.05 2.51 3.37 3.81 4.12 4.68 5.28 6.27 8.37 9.71 10.06 10.23 10.16 9.75 9.41 9.49 9.71 9.81 9.80 9.56 16.87 16.46 16.01 15.81 15.55 15.85 14.04 12.47 13.01 13.94 14.54 14.73 14.05 14.09
12.30 12.67 11.69 8.15 6.00 5.41 5.55 7.00 7.95 8.21 19.35 7.05 17.24 19.75 17.57 21.85 7.75 9.01 8.76 8.14 7.17 5.42 4.90 18.46 14.75 16.59 18.85 10.17 11.49 21.71 19.76 18.21 17.81 6.29 13.91 11.01 2.45 2.34 10.79 10.06 10.17 9.49 10.01 10.04 9.38 1.49 1.80 2.88 3.89 4.60 5.44 6.53 7.82 9.63 11.13 11.54 11.26 10.75 10.13 9.63 9.55 9.69 9.73 9.42 8.81 8.59 8.67 8.62 17.30 17.23 17.73 17.40 16.40 17.14 16.24 16.09 15.31 15.82 15.18
12.89 12.81 12.37 10.65 6.97 3.45 2.84 3.06 4.23 5.94 4.66 16.02 13.65 14.37 18.00 19.84 6.20 8.59 9.76 9.49 8.31 7.88 6.37 17.56 14.05 14.98 17.49 19.65 19.96 21.62 21.57 20.90 19.83 9.16 6.81 5.01 3.87 11.98 11.95 10.91 10.60 10.42 10.66 9.70 8.51 2.08 2.46 2.90 3.72 4.70 5.62 6.50 7.56 9.06 10.71 11.78 12.01 11.76 11.21 10.53 10.18 9.95 9.57 8.89 8.17 7.76 7.51 7.31 7.22 16.74 16.51 6.68 17.31 17.18 16.95 16.67 16.82 16.66 15.10
13.56 13.31 12.59 11.77 10.09 7.53 4.73 2.44 2.46 1.97 16.51 2.92 4.52 20.19 21.18 17.26 5.04 5.51 5.99 6.46 6.11 6.86 6.69 16.18 13.63 13.73 15.54 16.60 18.20 20.40 21.28 22.37 11.50 10.55 20.28 7.38 16.23 14.30 12.94 12.37 11.48 11.59 9.80 2.89 3.21 3.50 3.74 3.80 3.99 4.63 5.35 5.89 6.41 7.30 8.70 10.43 11.77 12.28 12.19 11.54 10.79 10.13 9.28 16.81 16.35 16.31 16.23 16.50 16.36 16.96 17.27 17.04 16.89 16.48 15.93 16.87 16.35 18.57 17.90
13.50 13.99 13.86 12.92 12.18 11.64 10.39 7.63 4.31 1.24 0.54 1.96 17.34 20.25 6.98 6.01 6.44 5.51 4.57 4.58 15.86 19.17 16.54 15.13 12.18 11.10 18.53 14.62 15.83 16.29 24.86 17.92 18.77 19.75 9.81 9.15 17.71 16.42 5.39 14.46 12.48 11.08 9.89 9.08 9.00 4.66 4.67 4.62 4.53 4.78 5.18 5.36 5.45 5.70 6.32 7.52 9.28 10.78 11.54 11.32 10.20 9.26 8.69 8.09 14.84 15.77 16.23 16.52 16.62 15.50 16.00 15.56 15.18 17.12 15.49 15.93 15.99 15.50 14.79
12.49 13.67 14.66 13.89 12.61 11.46 10.65 9.97 8.70 6.84 3.81 2.98 20.98 17.98 7.05 8.35 8.03 6.43 6.32 6.00 6.11 17.32 13.60 12.48 12.23 19.82 15.76 14.40 14.09 20.27 21.77 14.76 15.59 17.75 9.07 20.35 19.34 19.05 7.30 16.36 13.70 11.97 11.21 10.75 11.06 11.56 5.21 5.32 5.26 5.36 5.46 5.39 5.31 5.26 5.34 5.69 6.55 7.81 8.91 9.46 9.03 8.29 7.84 16.32 14.94 14.88 15.07 15.10 15.49 15.36 16.94 15.91 16.87 16.85 16.06 16.26 15.30 14.42 13.34
11.23 12.17 13.47 13.42 12.31 10.74 9.90 10.38 10.96 10.57 8.34 4.00 6.54 10.01 9.55 8.80 8.49 8.56 8.22 8.11 8.63 19.28 16.27 12.30 13.42 7.25 16.02 16.16 15.02 17.64 21.30 13.63 14.08 16.06 17.27 17.82 9.42 8.96 19.32 17.71 15.54 13.20 11.75 11.17 11.08 12.37 12.46 5.89 5.98 5.93 5.76 5.45 5.11 4.82 4.76 4.90 5.01 5.36 6.20 7.18 7.64 7.53 16.50 7.38 15.25 15.60 15.32 14.54 15.06 17.44 17.61 16.72 17.01 16.63 16.26 14.61 15.76 15.49 14.84
11.89 11.03 12.05 12.94 13.12 12.81 12.19 11.56 11.77 12.58 12.93 12.15 12.60 12.98 18.84 7.99 7.78 7.57 7.66 8.34 8.71 16.35 8.35 10.80 8.21 9.58 14.44 15.26 19.84 17.81 15.47 14.45 13.94 15.19 16.81 17.83 18.48 18.97 19.16 17.88 16.77 14.61 13.09 12.51 13.52 5.39 13.05 11.37 5.99 6.05 5.83 5.29 4.88 4.53 4.33 4.46 4.56 4.72 5.23 5.91 14.24 15.33 6.68 6.75 15.97 16.88 15.77 14.52 15.38 17.12 16.76 15.23 15.97 15.69 15.66 14.66 15.00 15.20 15.07
11.94 10.90 11.54 12.82 13.55 13.72 13.80 13.25 12.43 11.94 12.33 12.34 11.66 10.13 9.52 15.01 6.50 6.25 18.04 6.93 21.00 15.76 16.35 8.71 8.29 17.75 16.29 18.15 18.16 21.41 14.24 16.06 15.06 15.09 16.17 16.84 17.68 18.41 17.62 17.10 17.27 16.56 14.98 14.77 13.76 13.37 11.85 11.39 12.36 5.25 5.20 4.95 4.85 4.60 4.31 4.25 4.29 4.33 13.77 14.45 14.62 14.74 16.17 15.61 15.89 16.11 16.02 14.85 14.35 15.64 16.63 16.97 16.90 15.45 14.86 14.32 15.97 16.62 19.27
10.82 11.11 12.00 13.28 14.27 14.65 14.66 14.05 12.64 12.19 9.87 9.07 7.90 7.34 7.11 7.86 16.44 15.49 15.12 18.06 19.02 7.75 16.18 16.98 15.45 14.73 19.58 19.79 13.62 13.43 16.08 9.09 16.01 14.81 16.15 16.95 18.27 17.48 16.21 16.76 18.00 19.52 17.76 16.20 14.96 12.96 12.02 12.47 11.81 11.46 11.90 3.96 3.95 3.86 3.65 3.49 13.23 13.17 13.54 14.13 14.56 15.16 14.85 15.59 16.04 15.57 15.09 17.43 15.05 14.53 16.87 16.70 16.26 16.21 15.93 16.36 16.41 15.61 15.37
11.30 10.67 11.59 12.41 13.79 15.02 14.99 13.80 12.39 11.20 10.41 9.40 8.42 7.94 7.90 7.57 16.95 15.33 12.94 18.51 17.81 16.13 13.51 16.21 17.99 20.12 20.66 17.85 16.22 9.59 23.82 16.16 16.12 15.38 16.70 17.22 16.92 16.47 16.73 15.59 19.23 20.17 19.58 17.18 15.35 13.62 13.08 13.49 12.37 11.53 11.67 11.96 12.28 12.62 12.60 12.51 12.72 12.67 13.12 13.86 14.11 14.28 15.08 15.40 5.30 5.76 15.17 16.96 14.79 14.21 14.97 16.70 16.76 16.57 14.62 15.70 14.03 15.29 14.26
10.91 10.24 10.66 11.88 10.40 11.32 13.67 12.69 12.01 11.93 13.21 11.57 10.66 9.74 9.84 9.86 9.64 16.11 9.42 24.05 18.71 18.80 18.27 19.28 10.41 9.35 23.84 16.12 13.54 9.61 20.61 15.71 16.73 16.85 17.80 17.52 16.23 15.83 16.57 16.97 19.71 20.37 19.14 18.81 17.35 15.48 15.45 15.08 13.67 12.32 12.02 12.17 12.60 12.88 12.81 12.95 12.83 12.64 12.53 13.71 13.69 14.10 14.17 15.65 4.44 4.84 16.44 16.90 16.89 14.93 14.35 14.11 14.46 14.24 14.08 15.23 15.07 15.36 15.57
10.83 9.99 10.24 9.60 10.03 9.89 11.75 11.47 11.81 12.24 13.41 12.60 11.84 11.18 11.38 11.66 11.68 16.50 12.26 24.41 20.11 20.12 20.62 21.29 11.98 12.02 21.50 12.71 12.92 12.58 14.13 19.89 19.35 17.73 17.75 17.01 16.31 16.77 17.13 17.60 18.80 18.29 18.59 19.36 19.52 17.71 17.09 15.78 14.23 12.80 12.31 12.61 13.70 13.29 13.25 12.79 12.72 12.62 12.19 12.96 13.13 12.99 12.25 14.55 14.45 3.48 4.12 15.88 15.86 16.86 16.80 15.89 15.62 15.14 15.91 16.10 15.17 14.60 16.22
10.18 8.86 9.04 9.82 8.86 10.60 11.63 11.54 12.64 13.07 13.14 15.07 13.09 12.81 12.29 11.86 12.87 12.86 15.43 14.40 20.93 20.26 21.38 21.76 13.01 14.34 14.31 14.96 14.69 13.88 12.86 21.60 19.51 16.74 17.17 16.18 15.34 15.76 16.16 16.82 17.76 17.59 17.95 18.57 20.09 20.67 18.39 16.88 14.69 13.96 13.55 14.11 13.79 13.81 13.61 13.14 12.81 12.15 11.75 12.31 12.10 11.55 12.93 13.28 13.39 1.92 2.48 14.62 15.81 16.19 17.12 18.07 18.15 18.02 17.61 15.76 15.28 14.73 15.53
9.83 9.01 8.36 8.10 11.00 11.13 11.74 11.97 13.76 14.66 14.71 14.68 14.75 14.53 13.93 13.21 13.07 13.69 15.04 16.95 15.15 22.75 22.33 21.47 22.04 21.78 15.80 16.10 25.69 14.83 13.40 20.98 18.31 17.70 15.09 13.75 14.23 13.95 14.43 14.68 16.17 15.92 16.16 17.48 18.90 19.70 18.58 17.80 15.39 15.15 14.71 15.00 14.91 13.78 13.54 12.53 11.86 11.32 10.99 11.41 11.59 10.81 12.14 12.40 13.41 13.16 13.32 13.67 12.41 4.62 16.58 17.96 17.63 16.91 17.21 16.75 15.23 14.22 15.10
10.23 9.52 8.75 9.78 10.55 12.42 13.30 14.07 14.87 15.55 16.03 16.00 15.42 15.08 15.29 15.43 15.02 31.70 14.09 24.76 18.85 27.14 23.38 20.53 16.08 21.71 23.72 24.09 22.79 22.27 12.77 11.91 19.79 16.45 14.69 13.80 14.74 14.35 14.64 16.61 16.01 15.67 15.73 16.70 17.30 18.00 18.60 19.35 17.08 15.57 14.70 14.40 14.01 13.77 13.20 12.94 11.29 1.59 1.19 0.95 0.82 0.88 1.08 1.46 2.21 2.60 11.99 3.63 4.92 5.55 17.21 17.90 16.88 16.00 5.81 15.79 15.47 13.03 14.06
8.71 8.80 11.02 10.16 12.01 14.61 15.02 15.83 17.66 15.07 14.91 15.25 17.53 15.67 16.38 16.94 16.18 16.11 21.90 22.61 23.48 27.33 22.69 23.11 19.62 25.37 28.91 28.69 14.49 13.28 19.69 23.12 19.09 16.63 14.86 12.86 13.67 14.15 14.79 15.42 15.88 14.95 15.89 16.42 15.35 17.23 18.81 19.00 17.99 15.46 14.81 14.40 14.14 2.08 2.08 2.21 2.46 2.37 2.18 2.00 1.95 2.07 2.23 2.54 2.96 3.45 4.13 4.75 3.83 3.14 15.98 15.66 15.69 15.55 14.30 17.81 15.03 12.85 13.31
9.27 9.65 10.27 12.16 12.82 10.56 11.00 14.08 14.72 14.60 12.78 14.07 15.50 16.36 16.69 16.38 15.28 15.64 14.16 22.40 27.28 23.12 24.63 27.27 27.87 27.28 27.58 16.78 14.57 11.61 19.82 19.87 18.95 15.68 13.97 13.83 14.56 16.51 15.60 15.05 13.93 7.99 7.94 7.81 7.87 16.94 18.61 19.76 8.44 7.28 5.98 5.27 4.76 4.62 4.51 4.36 4.16 3.79 3.41 2.91 2.87 3.15 3.44 3.59 3.68 3.80 4.08 14.38 15.58 1.63 1.93 15.51 15.22 15.36 14.40 17.33 14.49 12.62 11.71
10.12 10.38 10.92 12.23 12.30 11.07 11.26 11.31 12.19 12.62 12.22 14.21 15.53 18.52 15.34 14.60 14.06 14.27 15.07 15.29 29.45 23.54 25.53 31.75 31.87 30.90 27.84 17.86 14.31 12.17 21.90 18.39 17.03 14.08 9.67 13.78 15.65 15.01 14.32 13.89 9.73 9.79 9.88 10.01 10.12 10.45 10.90 11.07 10.72 9.87 8.98 8.48 8.06 7.67 7.35 6.95 6.39 5.51 4.61 4.11 4.32 4.84 5.24 5.35 5.15 4.77 4.32 3.60 2.83 2.46 2.64 3.22 2.85 13.85 14.30 15.28 15.40 13.32 13.05
11.79 11.48 11.64 11.71 13.00 12.44 12.38 12.36 12.64 11.77 13.27 15.82 16.89 16.73 16.52 14.30 16.65 15.21 16.23 17.97 18.90 27.90 25.52 31.52 31.37 25.61 31.71 24.12 13.71 23.13 21.51 20.22 18.44 15.23 10.58 11.07 14.61 15.02 12.02 11.91 11.89 12.31 12.68 12.70 12.60 12.78 13.25 13.38 13.39 13.05 12.26 11.40 10.63 9.99 9.67 9.58 9.19 8.23 6.98 6.10 6.27 6.83 7.13 7.07 6.80 6.41 5.92 5.55 5.23 4.62 4.12 4.10 14.58 3.51 13.48 14.56 15.14 14.95 14.60
14.27 13.16 12.29 12.24 12.52 12.53 13.44 13.75 13.89 14.97 15.62 14.76 17.42 17.10 17.77 16.00 16.52 18.43 19.04 20.57 20.88 20.35 29.11 32.18 29.32 31.34 24.67 22.16 11.53 23.86 21.56 19.60 18.80 15.30 14.98 15.86 16.37 12.93 14.05 14.81 15.15 15.29 15.18 14.77 14.29 20.84 21.19 14.02 14.90 15.59 15.43 14.52 13.45 12.78 12.46 12.32 12.32 12.12 11.58 10.88 10.13 9.35 8.66 8.27 8.13 7.86 7.43 6.84 6.26 5.61 5.00 4.62 4.39 13.36 13.13 14.85 13.57 13.32 13.77
17.05 15.20 13.31 12.71 12.10 12.99 13.19 13.67 15.34 16.01 17.08 15.71 18.01 18.53 18.44 22.67 18.78 20.01 21.26 21.89 21.86 21.73 21.13 35.92 27.41 30.52 28.24 30.27 27.20 22.23 20.67 19.81 18.24 14.38 8.31 9.98 12.37 15.32 17.29 18.10 17.97 22.36 22.20 21.16 21.71 21.75 14.51 14.24 14.62 15.18 15.57 15.42 15.08 14.96 15.10 15.26 15.47 15.71 15.72 15.21 13.80 11.58 9.74 8.56 8.17 7.86 7.76 7.27 6.93 6.48 5.90 5.53 5.13 4.88 4.71 4.43 13.41 4.80 12.80
20.06 17.05 14.09 13.24 12.26 12.53 12.94 14.51 15.06 16.18 17.03 17.54 17.94 19.29 19.43 20.05 20.49 32.14 21.71 22.07 22.32 22.54 22.08 36.56 29.95 21.54 30.31 27.94 25.40 22.44 22.63 21.70 12.01 9.92 12.83 17.61 21.02 22.45 21.62 25.19 24.82 25.05 22.37 15.21 21.90 22.78 14.77 14.36 13.93 13.74 13.99 14.41 14.77 15.19 16.00 17.13 17.96 18.04 17.42 16.25 14.72 12.79 10.81 9.16 7.94 7.42 7.46 7.25 6.78 6.52 6.19 6.01 15.55 14.83 14.10 12.53 5.25 12.63 10.52
21.44 17.51 13.85 12.90 11.31 11.36 10.87 12.90 15.65 17.27 18.37 18.89 19.42 20.81 20.82 22.14 21.90 23.84 22.66 23.13 23.68 23.88 23.43 23.15 32.77 21.97 20.15 31.96 28.22 26.92 25.38 14.99 14.63 19.02 25.13 28.05 28.35 27.19 24.86 31.25 26.44 24.03 16.72 16.45 16.50 15.98 15.13 14.54 14.08 13.82 13.79 13.52 13.17 13.63 14.88 16.13 16.76 16.78 16.48 15.67 14.57 13.32 11.88 10.32 8.77 7.62 7.41 16.55 7.42 7.06 6.47 5.67 13.65 16.03 15.58 15.39 15.39 6.25 14.63
22.21 17.20 13.42 12.65 10.41 10.40 10.17 14.89 19.25 19.68 19.50 19.90 21.22 22.07 22.76 23.44 22.98 23.63 24.24 25.00 25.77 25.59 24.51 23.05 33.89 32.24 20.50 33.32 29.18 27.19 18.36 18.90 23.37 30.15 33.42 31.92 29.11 26.18 23.18 30.92 25.91 18.47 17.66 17.35 23.32 16.54 15.57 14.68 14.07 13.99 13.95 13.18 11.72 11.47 12.55 12.84 12.38 12.48 13.62 14.19 13.75 13.01 12.09 11.05 9.93 8.66 7.89 8.00 8.13 7.87 7.10 11.85 11.18 11.24 5.30 14.55 15.63 5.61 14.67
22.09 18.02 12.62 12.21 10.96 13.72 19.00 22.97 23.00 21.35 20.65 20.96 21.38 22.03 24.01 24.61 25.16 24.56 25.16 25.74 25.89 35.90 24.13 22.77 21.41 23.26 30.88 31.33 30.79 22.98 23.93 27.75 32.25 34.16 31.65 28.25 25.33 22.62 20.32 28.55 19.36 18.87 18.52 18.12 23.30 16.46 15.62 14.68 13.68 12.87 12.74 13.43 13.01 11.34 10.59 9.69 8.72 8.87 10.42 11.68 11.78 11.52 11.33 11.02 10.45 9.64 8.91 8.39 8.16 8.04 12.55 13.10 12.15 11.24 10.28 11.65 13.99 14.13 15.30
19.19 17.74 13.83 10.81 12.85 16.12 21.94 22.88 20.93 20.32 20.72 21.41 22.84 22.82 24.82 25.28 26.19 25.19 25.46 27.31 24.74 24.05 23.44 23.01 22.91 22.39 23.53 35.39 31.42 25.66 28.93 32.50 33.08 29.51 24.20 21.42 19.61 17.88 17.30 24.54 21.88 18.77 18.79 18.37 17.61 16.69 15.88 14.97 13.88 12.62 12.33 13.88 14.93 13.17 10.37 8.33 6.99 6.93 7.97 9.10 9.59 9.74 9.92 10.12 9.95 9.46 8.90 8.34 7.85 7.83 7.51 7.04 15.63 15.15 10.27 11.14 12.11 11.36 14.93
16.09 16.07 14.23 8.99 12.24 16.58 20.10 18.51 16.50 17.58 19.68 21.44 22.67 23.59 24.31 26.04 25.13 27.13 25.35 26.15 24.64 24.03 23.38 23.35 23.75 23.98 24.94 25.27 33.39 26.38 27.22 27.12 24.54 20.01 15.70 13.26 13.05 12.96 23.78 20.66 18.24 19.03 21.40 21.11 17.76 16.99 16.34 15.96 15.44 14.60 13.46 12.53 12.52 12.36 10.27 8.03 6.45 6.09 6.63 7.44 8.12 8.60 8.88 9.12 9.18 8.94 8.50 7.99 13.34 7.01 15.77 14.51 15.45 14.89 13.55 11.72 12.05 9.28 10.37
15.81 14.99 13.66 9.47 12.89 17.01 18.94 16.70 14.91 16.52 19.35 21.58 23.04 24.06 24.76 25.14 25.32 25.37 25.32 25.17 25.00 24.35 23.62 23.73 24.14 24.48 25.70 27.16 36.12 25.67 23.70 20.52 22.69 14.79 11.71 10.76 9.42 10.02 19.16 19.12 18.52 19.37 19.18 18.31 17.47 17.04 16.56 16.65 16.71 16.07 13.90 10.95 9.55 10.41 9.69 7.50 6.21 5.62 5.99 6.73 7.49 8.11 8.42 8.72 8.78 8.65 8.38 7.59 6.73 11.93 11.57 11.02 5.17 14.06 9.65 10.41 10.67 9.73 9.61
