examples/cougarCreek-fire/createInputs/WindNinja/wrfout_d3.2015081300.f12/cougarCreekFire_08-13-2015_1200_217m_non_neutral_stability_ang.asc
ncols	146
nrows	140
xllcorner	610065.000000
yllcorner	5095217.000000
cellsize	216.586807
NODATA_value	-9999.000000
[rows 0 to 42 of 140, columns 0 to 95 of 146]
62 31 44 60 78 37 29 29 32 38 45 52 59 61 63 42 47 35 18 14 13 17 25 32 37 41 41 37 39 47 54 72 20 14 8 3 0 357 351 344 340 338 337 335 335 337 338 337 337 328 337 309 337 330 340 342 331 295 327 326 331 307 325 325 325 298 312 313 318 321 326 321 306 297 299 302 282 247 243 244 250 260 270 279 285 288 289 285 283 286 289 293 304 292 293 290
62 31 44 60 78 37 29 29 32 38 45 52 59 61 63 42 47 35 18 14 13 17 25 32 37 41 41 37 39 47 54 72 20 14 8 3 0 357 351 344 340 338 337 335 335 337 338 337 337 328 337 309 337 330 340 342 331 295 327 326 331 307 325 325 325 298 312 313 318 321 326 321 306 297 299 302 282 247 243 244 250 260 270 279 285 288 289 285 283 286 289 293 304 292 293 290
100 61 59 87 116 84 48 27 64 81 92 109 52 78 109 94 85 39 30 15 15 21 30 36 36 36 98 95 39 38 35 126 37 31 6 1 342 314 333 294 303 298 296 299 306 325 312 308 310 307 306 304 310 329 339 341 330 297 328 317 296 280 289 284 288 271 315 314 285 320 323 319 252 300 299 267 256 265 255 253 258 264 270 276 280 281 282 281 279 279 279 284 296 278 271 272
102 76 64 96 102 85 82 65 63 46 77 89 56 52 115 82 87 64 49 26 18 26 39 40 38 34 87 87 40 35 173 134 79 72 48 26 6 321 307 293 298 298 303 304 307 306 301 304 299 299 305 313 315 325 338 342 328 294 294 280 282 282 287 282 283 273 320 280 293 318 283 249 310 304 301 262 256 301 277 271 271 271 272 273 274 274 273 274 272 268 264 268 277 288 292 264
17 92 59 87 96 80 46 65 24 28 67 74 43 37 34 93 90 56 52 41 24 27 35 52 43 39 37 98 85 87 68 17 72 44 32 19 4 325 316 308 301 302 301 303 309 306 303 304 303 307 309 313 313 326 322 318 275 317 277 326 303 279 285 290 274 325 279 317 314 284 249 314 310 306 264 280 325 306 289 282 278 276 273 272 272 273 272 271 267 261 260 261 263 271 282 281
95 82 51 82 90 91 83 80 72 62 57 66 49 37 29 17 97 45 42 26 27 27 36 57 60 45 37 84 73 55 360 285 62 27 17 8 348 323 301 302 295 298 299 301 304 304 307 308 306 309 312 312 313 326 306 280 276 318 329 287 293 286 294 279 326 279 288 297 281 242 314 268 265 304 301 307 264 307 297 289 283 279 275 272 270 271 271 269 265 262 262 259 256 255 258 263
133 90 52 51 82 80 74 33 68 69 60 59 67 37 27 11 113 53 19 26 31 35 39 45 63 45 65 55 58 25 355 43 50 351 359 7 334 308 308 298 295 289 292 296 298 307 305 305 322 320 323 323 305 297 290 299 302 296 294 290 287 301 297 264 312 291 288 279 251 310 264 279 311 299 297 249 321 310 304 296 287 282 277 272 269 268 269 268 266 265 264 260 255 248 245 249
122 114 101 88 81 95 92 72 62 15 62 60 65 45 33 15 40 42 62 24 33 34 36 42 61 48 42 70 56 30 356 59 14 324 6 11 311 290 287 292 289 288 286 290 295 300 304 313 311 312 295 292 296 298 294 295 292 298 290 291 295 290 265 332 278 287 286 273 255 266 309 309 277 249 308 234 317 307 305 301 293 285 279 274 270 269 268 268 268 267 265 261 256 251 247 247
127 110 97 84 74 84 92 89 81 74 74 22 30 68 33 24 17 65 55 20 31 31 29 38 64 52 49 74 59 27 3 41 342 319 58 357 278 267 269 277 281 292 289 287 310 296 296 299 290 288 285 290 300 298 305 295 284 291 295 298 284 273 274 275 286 287 283 269 269 282 309 255 247 308 252 256 312 305 305 305 297 288 281 276 272 270 268 268 270 270 267 264 261 258 254 253
135 116 96 85 67 74 72 79 80 72 72 72 65 68 72 35 26 11 109 18 29 32 29 35 47 68 53 67 74 46 4 33 0 335 47 344 272 250 278 280 280 288 288 300 295 312 294 289 292 288 288 298 294 285 268 272 277 283 285 270 259 331 281 289 285 274 269 263 269 273 257 312 302 252 249 330 311 306 307 308 301 292 283 277 273 270 268 269 272 274 272 270 268 265 261 258
4 149 136 99 82 65 59 67 68 67 72 71 67 66 39 40 34 18 133 83 33 68 31 32 44 68 55 64 72 41 2 43 15 339 69 23 239 256 274 265 278 282 310 292 294 309 290 291 289 293 305 288 262 252 258 265 269 274 261 262 304 276 289 290 274 274 277 272 273 273 256 257 251 253 237 327 310 305 307 309 302 291 283 278 275 272 271 271 274 277 280 278 275 271 265 261
358 146 166 139 114 83 60 59 67 71 71 71 72 70 69 77 40 33 109 110 35 85 36 30 43 63 58 76 80 48 11 62 360 107 112 94 207 259 252 256 262 307 284 310 307 303 283 284 289 290 278 264 247 248 262 270 269 269 266 309 275 286 291 281 278 294 334 333 325 328 273 261 314 241 319 318 308 303 306 309 303 290 282 278 275 273 273 274 276 279 285 288 285 278 269 264
69 48 47 41 104 76 66 49 49 67 65 65 69 81 40 51 50 122 103 119 102 102 100 35 46 58 61 74 77 49 33 57 90 16 115 107 182 243 251 300 261 312 315 287 306 281 274 284 285 277 262 250 245 253 264 269 271 272 273 270 302 335 290 291 358 347 344 344 334 320 318 315 239 231 322 312 305 302 302 306 264 292 282 277 273 272 274 276 277 280 286 294 298 293 277 269
332 337 12 54 70 67 67 3 348 359 51 66 70 77 39 51 55 124 129 122 115 108 115 92 53 62 80 87 78 57 39 56 92 116 94 82 192 217 317 305 278 320 318 311 284 270 273 281 280 263 250 247 252 253 268 272 277 288 284 290 310 334 354 290 287 286 272 267 263 245 336 322 315 330 322 308 303 302 298 295 300 291 280 274 270 270 273 276 278 280 285 294 308 324 297 277
332 11 17 48 55 66 82 80 54 349 3 56 62 65 77 37 43 46 130 132 135 123 129 123 58 64 87 87 89 64 49 105 114 114 106 84 181 198 324 309 308 315 313 286 269 271 274 284 279 260 242 246 250 251 259 261 273 283 282 286 291 288 283 282 269 241 233 229 225 357 240 270 327 281 322 304 297 301 306 292 292 289 278 272 268 267 270 274 277 278 281 289 306 339 326 288
44 52 61 65 65 78 98 102 92 59 17 60 73 61 54 59 31 32 90 97 106 108 115 130 105 90 91 95 94 69 100 125 127 26 121 145 157 342 323 306 275 301 303 279 268 273 282 281 272 247 238 249 256 257 254 260 277 274 267 272 272 265 248 240 228 225 242 226 259 249 272 15 341 332 328 309 289 291 275 316 303 293 278 269 264 265 267 271 275 276 278 281 295 336 354 329
49 52 59 78 74 63 80 90 100 95 70 70 90 89 55 18 25 54 63 73 76 86 98 71 118 97 99 94 79 93 128 119 113 149 133 160 351 336 320 238 294 292 294 293 273 277 278 272 258 242 238 257 263 257 251 276 277 266 261 266 271 250 237 241 223 252 250 225 259 293 315 34 347 334 342 333 294 284 312 337 335 306 279 266 263 265 267 268 270 272 272 274 282 320 331 15
65 59 59 74 81 68 64 82 100 108 82 62 61 48 59 9 25 24 55 24 64 69 76 64 115 101 105 102 85 112 135 130 138 138 152 155 355 332 315 238 297 288 287 270 271 273 272 262 252 246 257 268 265 250 259 273 263 252 262 250 248 247 249 249 248 283 287 291 313 316 289 252 247 267 277 284 342 311 307 340 294 352 291 270 269 270 270 269 268 268 268 270 274 299 270 328
98 85 80 82 109 104 85 93 114 125 100 69 51 64 87 92 83 81 80 65 71 81 69 78 92 102 106 104 110 126 137 139 149 69 162 150 6 318 203 226 245 255 286 287 267 263 263 258 246 253 262 264 253 235 254 255 238 237 247 232 229 249 261 260 271 292 304 28 312 285 253 238 245 252 255 276 295 358 345 1 34 30 346 290 279 277 274 270 268 268 269 270 272 280 50 282
121 106 90 82 101 107 86 77 96 111 94 74 68 70 98 104 109 98 100 84 72 82 61 74 79 93 88 105 121 131 140 151 160 193 105 90 126 210 190 215 230 246 280 278 262 258 258 255 259 263 259 246 250 239 251 239 233 234 230 226 227 245 243 238 259 274 268 273 278 262 249 264 264 347 337 291 291 274 275 301 34 34 19 321 288 280 277 273 271 273 275 273 269 259 103 265
357 116 92 75 92 93 84 78 88 105 84 78 117 70 61 68 70 91 99 93 71 100 61 48 72 92 84 102 119 127 139 155 162 189 157 137 144 177 189 215 211 225 248 260 259 261 262 262 263 258 253 240 236 254 248 220 232 232 229 223 223 233 223 216 239 257 272 278 296 283 306 289 278 253 343 290 292 291 292 285 316 36 28 348 299 284 280 279 278 278 278 274 261 237 233 227
23 42 55 66 69 71 63 66 75 95 91 87 131 127 47 40 45 61 59 71 74 97 82 74 77 91 100 109 119 132 144 149 171 194 166 152 163 158 184 191 207 221 234 250 257 254 256 262 257 240 242 235 243 236 248 224 251 241 236 213 219 225 214 219 228 256 267 276 309 300 260 266 293 329 310 300 275 284 320 326 45 42 33 9 315 292 287 287 287 285 282 276 262 233 170 228
29 33 40 38 48 56 51 65 68 85 86 71 61 196 94 55 47 54 55 84 88 88 75 61 64 85 102 109 118 135 147 151 188 192 170 159 151 152 183 187 215 228 240 253 256 257 260 256 238 228 229 240 240 208 240 245 235 228 223 208 223 222 226 232 239 244 241 252 252 241 236 281 299 25 301 284 279 291 297 297 308 41 33 18 335 305 298 297 298 296 293 288 280 254 173 249
33 27 32 358 37 47 60 70 76 87 86 68 69 140 112 106 96 90 81 87 100 93 93 43 40 76 91 111 117 130 141 151 175 188 163 161 153 152 177 181 227 243 251 256 255 256 253 242 224 223 227 225 225 221 228 229 213 205 207 224 237 233 219 210 206 219 224 233 227 247 262 336 286 282 294 287 302 325 341 301 284 286 33 20 349 317 307 306 306 307 306 303 307 350 114 283
344 20 351 359 40 48 53 60 68 66 83 74 66 68 105 97 94 86 77 67 75 87 106 90 46 74 100 116 121 119 125 144 166 183 172 160 147 156 181 183 232 256 262 265 258 246 241 236 226 221 217 219 219 220 225 228 229 231 233 217 208 228 189 175 199 223 220 236 240 258 281 286 281 298 297 293 300 310 40 44 348 326 36 24 360 328 313 308 309 314 316 313 330 43 89 331
338 22 36 45 58 63 51 58 60 53 65 56 56 58 94 95 95 87 82 74 69 87 101 92 63 70 97 119 118 112 132 151 170 185 182 155 137 169 202 210 254 260 265 261 256 255 251 242 225 214 212 215 217 219 225 237 241 242 216 215 203 211 183 229 243 230 236 260 277 323 304 302 303 309 342 318 345 315 321 47 48 47 39 28 8 341 318 305 306 320 330 327 355 333 356 350
319 347 347 39 43 47 46 41 49 46 54 56 55 61 51 71 86 87 93 88 82 92 93 79 57 64 96 122 112 116 138 158 173 181 170 152 166 185 220 256 258 254 258 255 249 245 238 225 214 209 212 216 218 220 223 220 211 211 216 211 220 214 212 229 241 257 285 306 326 329 311 333 335 337 323 26 26 38 322 326 44 44 38 29 15 354 326 301 299 318 337 343 30 336 353 359
353 30 33 35 32 39 50 48 41 41 56 67 53 53 39 61 70 80 98 94 87 96 92 69 43 53 82 112 119 126 141 153 163 159 153 161 176 207 241 255 256 250 250 250 244 235 225 222 221 214 221 226 226 225 227 222 217 215 214 214 213 238 248 292 312 15 315 310 285 279 284 295 311 322 347 342 345 326 355 326 335 342 36 30 20 6 339 301 292 303 326 286 284 283 309 334
68 60 50 39 36 40 46 64 69 55 50 71 13 62 41 59 75 82 99 94 86 93 100 74 34 34 63 88 114 134 154 157 151 161 167 183 212 242 250 257 258 251 251 252 248 243 237 235 220 223 230 238 234 237 238 237 234 232 238 250 263 276 285 311 318 324 326 323 300 294 296 300 305 313 318 317 320 317 326 328 341 346 37 32 26 18 355 310 289 289 309 359 236 234 238 264
85 79 58 49 42 39 46 51 76 67 62 53 58 47 75 66 86 96 105 99 93 99 106 100 61 41 50 69 102 124 157 162 156 168 182 199 240 254 257 264 260 259 262 257 245 236 238 229 230 229 231 240 242 249 256 259 264 267 273 283 289 296 307 317 317 318 301 302 305 311 311 298 331 343 342 343 347 341 345 1 8 16 348 37 33 27 9 329 301 295 315 10 53 295 242 186
359 80 90 84 64 52 40 43 46 46 37 46 54 358 60 70 88 101 107 107 105 113 109 114 96 68 61 63 94 115 145 161 175 185 198 231 260 250 271 273 269 270 270 258 241 233 230 227 230 228 232 242 250 263 273 276 277 283 289 274 280 292 318 301 298 291 288 287 319 325 338 23 24 350 346 346 5 10 17 11 11 356 354 38 36 31 16 350 321 312 330 17 61 232 173 169
351 340 74 50 51 51 53 48 41 47 41 30 40 45 61 64 58 69 63 72 91 114 119 119 100 81 74 64 83 106 138 152 197 212 235 270 253 246 280 281 280 279 272 268 263 252 243 225 226 229 236 247 260 269 271 273 282 290 297 279 291 302 322 303 302 305 307 309 310 311 318 328 334 332 330 333 339 341 346 6 39 7 41 38 37 32 21 5 340 326 344 30 65 209 161 75
353 339 307 109 76 92 78 52 45 35 47 49 61 50 54 68 48 42 42 45 59 78 94 108 109 103 73 70 82 98 118 153 212 244 265 270 253 258 277 272 283 287 280 279 282 284 285 260 251 240 239 245 254 258 261 269 280 292 282 288 294 300 307 314 319 340 343 348 352 357 354 350 350 330 324 347 336 4 38 38 39 42 40 39 39 36 28 16 360 343 355 37 59 69 3 16
351 349 337 316 232 73 77 67 46 44 56 39 14 16 57 66 48 35 25 26 41 57 62 70 83 100 109 86 87 98 114 145 239 265 277 281 277 286 292 291 292 291 288 293 303 313 316 326 323 302 265 253 251 250 253 265 285 302 312 318 324 310 315 321 323 322 325 328 330 327 349 21 22 24 26 335 338 346 8 38 40 7 42 43 45 41 34 26 17 6 5 36 54 63 358 6
330 335 22 337 330 12 18 26 32 30 32 19 32 28 15 64 60 62 57 43 40 46 56 73 70 80 90 89 92 102 116 135 274 277 288 292 297 309 310 307 302 302 305 308 308 318 323 338 338 337 328 305 286 275 272 277 293 310 318 326 330 334 314 312 318 321 320 341 18 19 20 20 23 334 348 350 349 344 347 357 11 359 42 349 44 42 38 33 30 23 15 33 52 61 355 15
40 36 36 43 339 331 26 25 19 17 10 10 14 16 28 14 21 27 20 92 64 54 57 78 83 77 79 84 92 103 117 21 307 292 291 294 298 298 294 290 291 298 303 304 306 309 313 320 334 340 338 334 323 309 304 303 308 317 322 312 314 312 333 337 2 7 13 16 19 22 22 23 352 31 341 344 345 348 352 353 352 40 19 16 43 43 44 41 39 33 26 35 51 62 13 17
49 43 40 37 337 333 327 9 6 6 6 8 9 10 14 19 20 17 8 14 25 40 59 78 81 79 90 93 94 90 51 332 308 298 289 281 281 311 311 309 305 307 307 299 308 304 304 312 323 340 338 339 335 330 326 324 326 331 334 334 336 338 341 325 343 8 14 19 24 342 25 25 29 31 34 36 38 40 19 41 41 20 17 18 46 47 50 48 45 42 38 44 55 62 5 12
55 50 33 20 13 351 353 360 359 354 357 6 3 357 352 355 355 347 342 344 0 27 57 67 73 70 77 98 93 68 25 320 299 301 292 285 280 278 280 288 317 299 312 304 301 329 332 313 312 323 332 339 337 343 336 334 336 341 346 348 350 353 358 3 8 14 21 26 30 32 32 34 332 35 36 38 41 44 44 45 46 20 26 352 8 53 57 53 51 51 49 53 61 66 12 48
328 319 0 358 360 351 327 323 357 353 5 356 350 343 344 347 344 342 350 11 25 30 51 66 64 61 67 76 77 60 34 350 304 311 313 314 314 287 291 311 308 309 328 316 318 326 331 335 305 317 320 329 328 338 339 339 341 343 350 355 357 357 358 1 15 12 32 38 39 39 44 47 48 48 52 55 54 49 49 52 52 52 51 50 51 34 66 61 60 61 60 61 65 69 72 62
323 8 0 352 351 353 319 354 354 2 1 353 350 346 351 351 347 348 354 6 16 27 61 73 58 60 84 75 58 57 43 5 329 318 321 328 326 325 324 304 321 324 333 320 312 314 316 312 311 309 311 314 314 315 318 331 335 338 342 348 358 1 1 1 6 12 17 28 32 35 38 62 64 66 70 74 74 67 62 58 56 55 51 49 53 335 69 71 69 71 72 73 72 73 75 59
318 353 352 350 317 317 319 357 357 354 0 352 349 344 350 347 344 345 351 8 34 51 83 73 57 64 89 91 75 62 45 11 342 326 316 312 318 323 319 331 334 339 346 13 26 14 356 347 344 323 322 321 314 310 337 335 306 299 334 303 317 345 359 4 8 3 3 19 25 29 33 41 47 82 87 96 94 84 80 71 61 55 50 48 53 328 43 75 75 78 80 76 72 73 80 84
303 311 337 342 311 314 317 356 355 359 358 350 340 334 339 339 339 348 8 46 71 79 79 51 49 70 87 86 83 73 45 9 335 315 302 306 319 323 314 306 320 316 314 322 327 337 356 352 339 338 334 337 342 336 329 328 329 328 348 356 336 349 353 352 348 342 335 316 312 320 326 345 18 26 37 50 109 111 104 90 75 62 54 51 51 56 260 56 83 88 86 80 71 67 75 84
313 338 347 345 342 312 352 353 353 356 352 346 339 333 334 337 343 7 41 63 76 73 47 19 46 82 87 84 78 75 51 21 353 323 307 309 317 318 313 308 307 312 314 316 310 303 309 322 331 346 335 334 344 345 344 10 29 358 0 354 30 345 326 242 208 183 170 164 163 148 147 166 162 148 145 182 6 58 129 128 96 71 62 59 58 58 62 305 54 102 96 87 78 68 68 76
