examples/cougarCreek-fire/createInputs/WindNinja/wrfout_d3.2015081300.f12/cougarCreekFire_08-13-2015_1200_217m_non_neutral_stability_ang.asc
ncols	146
nrows	140
xllcorner	610065.000000
yllcorner	5095217.000000
cellsize	216.586807
NODATA_value	-9999.000000
[rows 86 to 128 of 140, columns 0 to 95 of 146]
4 13 14 14 9 12 19 16 18 359 349 333 324 6 25 30 26 14 241 241 233 220 210 203 356 113 87 81 360 289 299 181 276 249 284 216 240 224 202 200 199 196 197 224 297 282 293 199 195 190 257 266 288 186 179 165 159 132 148 140 136 135 140 141 89 350 115 116 104 100 135 138 161 125 63 21 23 35 96 109 112 229 350 25 64 28 46 103 99 62 28 86 91 88 89 94
6 15 20 17 11 15 358 1 2 0 354 349 350 4 14 28 29 353 247 235 220 207 198 311 26 75 91 94 46 328 194 196 276 209 274 235 267 222 183 199 200 198 196 209 193 286 284 199 173 180 248 290 223 192 183 171 162 158 153 123 111 116 143 140 74 133 97 112 104 103 95 107 106 121 119 31 33 8 26 76 194 113 253 5 74 70 58 64 97 93 89 88 88 90 93 95
9 18 17 13 16 13 14 19 4 3 359 2 13 349 11 28 27 157 210 210 200 192 185 2 51 92 131 138 79 127 164 196 286 207 249 241 265 257 200 200 201 197 193 190 185 247 258 245 185 194 202 282 189 282 184 178 170 157 158 131 125 127 130 145 93 14 90 105 95 93 89 83 41 319 114 106 105 106 108 62 35 277 287 344 61 30 54 101 97 92 89 90 93 96 97 98
19 21 17 14 20 13 15 20 4 6 6 5 22 25 15 34 24 161 169 186 185 181 176 35 97 204 206 180 56 144 213 229 281 207 204 277 260 256 201 200 199 267 193 200 182 258 275 231 184 182 189 265 188 188 198 184 171 164 137 144 121 139 139 140 132 162 289 110 43 28 71 46 50 42 54 320 17 104 102 159 233 235 105 101 251 97 95 99 98 96 94 95 98 100 101 101
24 26 19 17 23 21 23 21 5 6 9 10 26 37 13 301 22 158 158 168 173 174 354 78 199 203 206 86 288 103 117 288 297 247 200 252 219 238 201 200 199 196 194 223 188 242 272 179 208 202 183 224 190 188 190 179 177 171 167 163 158 165 155 138 126 132 271 295 280 291 315 18 137 134 124 38 45 49 355 108 107 100 95 94 91 89 93 98 101 102 100 99 100 101 102 101
29 28 18 19 22 23 25 20 8 3 5 16 35 44 35 30 16 136 148 159 163 167 30 82 194 198 89 54 63 150 303 303 274 272 239 268 207 239 201 176 192 219 193 248 210 261 198 212 209 204 203 199 242 224 212 193 175 179 169 167 151 161 160 161 107 149 24 134 167 229 254 314 142 143 38 58 42 48 50 318 309 3 334 94 93 95 95 99 103 106 105 101 99 99 99 98
23 36 18 16 20 15 27 24 16 1 1 5 52 16 70 21 122 7 136 149 155 359 55 194 188 192 2 35 104 103 301 283 292 293 266 267 205 208 181 201 195 241 197 194 195 206 197 195 206 204 204 198 240 189 190 243 193 191 176 162 155 138 164 174 310 156 147 3 155 255 272 319 143 144 49 56 344 345 331 301 294 323 356 31 13 52 73 48 99 101 103 101 98 98 98 97
25 19 21 20 16 8 31 30 21 14 28 12 69 25 22 20 29 35 128 140 150 8 61 79 183 188 22 43 37 300 279 254 295 301 256 195 207 207 206 204 201 202 203 200 199 196 199 208 205 203 202 216 234 192 192 189 208 232 195 176 163 161 181 198 212 17 49 125 314 238 245 332 147 144 56 12 7 61 103 100 101 103 103 330 10 38 15 97 95 96 82 94 92 94 96 95
17 20 23 25 14 11 32 32 29 26 31 25 24 25 24 21 28 29 130 135 148 27 46 68 183 189 43 356 302 341 336 279 321 194 211 211 210 208 207 206 204 203 204 203 204 207 209 208 205 203 200 216 232 198 197 192 221 184 214 201 174 180 234 160 159 215 300 315 311 262 255 324 151 50 30 54 110 26 341 95 97 97 95 94 93 23 29 38 97 96 19 89 91 97 95 94
32 21 13 30 16 14 35 44 29 43 30 28 31 21 25 20 21 34 130 131 145 11 50 184 188 194 18 297 199 46 206 309 211 187 213 212 210 208 207 208 208 205 205 205 208 210 210 209 207 205 203 202 203 204 202 196 192 188 185 182 219 194 212 165 158 151 148 240 274 281 265 288 15 16 17 28 113 103 96 341 97 99 324 342 359 92 54 26 35 96 91 30 89 90 91 96
25 27 19 16 16 20 36 42 40 37 26 23 30 24 22 21 28 41 123 121 130 58 176 189 196 196 353 311 11 118 163 191 155 215 214 214 214 211 210 211 211 208 206 207 210 211 210 209 209 209 208 208 208 207 205 201 196 191 186 182 220 199 173 168 202 153 146 142 140 267 272 299 277 312 345 23 118 111 100 0 90 93 94 94 16 35 27 25 87 88 9 30 34 85 87 91
28 29 16 20 16 34 41 33 38 38 46 34 34 24 76 15 31 28 118 2 114 128 167 189 196 360 192 13 114 216 150 216 219 220 219 219 218 215 214 212 210 209 208 208 210 210 210 210 211 212 212 211 210 209 209 205 200 193 188 183 179 177 174 170 163 158 152 146 140 134 132 129 125 298 349 356 25 121 111 11 87 86 87 89 346 89 89 89 26 85 88 86 84 82 82 85
24 28 34 23 21 40 39 31 33 37 37 47 30 19 65 67 20 21 17 42 106 106 129 172 27 346 353 217 32 24 92 221 224 226 225 222 219 215 214 212 210 209 208 208 210 210 210 212 214 216 215 213 212 213 212 209 203 197 191 186 181 177 174 171 166 160 154 149 142 213 132 131 128 293 303 318 4 130 120 26 354 340 91 350 90 359 26 92 88 34 30 84 86 84 82 79
24 21 38 22 43 38 22 32 35 33 40 42 29 6 52 3 12 8 18 78 78 65 110 136 161 7 17 7 350 11 18 44 232 234 231 224 218 213 215 217 213 208 205 207 209 210 212 213 216 218 218 216 215 217 215 211 206 200 196 190 184 180 175 171 168 162 156 151 146 140 139 137 271 266 282 305 332 8 124 106 5 98 343 4 6 339 355 91 95 87 11 81 82 82 87 351
38 33 41 27 43 35 20 40 23 38 39 36 24 41 13 56 23 10 19 71 77 88 113 22 40 33 15 349 337 11 239 244 245 241 234 226 218 214 220 223 212 200 201 208 212 213 213 214 215 219 221 220 219 220 218 214 209 204 200 195 189 184 178 203 168 164 158 153 148 144 142 139 134 128 121 278 308 323 119 113 30 353 349 335 339 341 81 330 87 25 2 79 84 85 91 11
40 43 42 43 42 28 34 35 38 27 48 36 26 24 12 8 24 11 18 23 102 105 107 114 187 252 10 344 336 20 262 261 254 244 234 227 220 215 218 225 215 200 201 210 215 215 214 213 215 220 224 226 224 223 221 218 213 208 205 200 194 188 181 176 170 164 159 153 147 141 138 136 247 247 237 236 268 296 330 20 353 349 331 314 276 67 257 305 72 344 75 352 2 78 89 87
39 42 43 40 38 35 33 30 15 38 55 32 33 27 25 36 58 359 11 9 96 50 74 65 321 291 13 353 359 279 276 269 254 242 234 228 224 219 219 234 230 217 210 212 215 215 215 215 217 222 227 229 228 228 227 222 217 212 210 205 199 192 184 179 174 165 218 215 218 223 224 227 226 235 253 272 282 284 307 349 350 325 322 326 337 39 358 348 341 101 96 214 71 76 30 18
37 40 41 39 43 36 17 23 31 44 46 47 50 20 37 40 52 4 51 9 48 68 89 63 29 23 7 355 355 282 3 358 249 242 236 229 225 221 228 240 235 226 221 219 219 220 219 219 220 224 228 231 233 234 233 228 221 217 214 210 204 195 214 184 176 215 217 214 223 232 236 234 224 233 255 279 295 304 330 0 1 335 327 326 342 73 80 3 8 72 13 346 326 354 38 19
38 42 46 45 37 40 37 10 39 40 40 37 33 20 38 23 13 5 45 14 44 81 74 343 9 18 7 353 7 3 353 357 249 244 237 228 223 223 225 229 228 226 226 226 227 227 227 226 226 227 229 232 236 241 241 235 226 221 219 214 207 198 193 189 178 217 215 219 152 145 246 251 255 253 254 262 291 309 319 339 338 330 337 327 333 1 3 90 347 86 82 7 82 30 353 351
41 46 49 48 45 42 29 36 31 45 34 33 32 37 32 33 13 4 44 11 43 26 10 13 7 327 6 326 8 3 278 268 258 248 237 228 226 229 231 232 231 229 230 232 232 233 233 232 232 233 232 232 236 243 251 250 230 223 222 217 209 202 195 191 225 226 230 156 155 151 140 262 264 268 265 264 275 292 292 291 335 343 342 334 332 345 3 7 352 4 88 9 17 83 85 358
41 43 44 43 41 37 33 29 33 29 43 32 17 40 32 39 14 5 40 354 39 45 27 341 334 14 328 337 11 309 299 285 271 254 239 232 234 239 241 240 237 235 236 236 236 237 236 236 237 237 234 231 232 238 247 248 219 220 222 218 212 204 195 192 188 177 164 157 154 151 146 133 115 282 272 262 256 257 259 305 314 326 334 322 305 304 331 340 338 327 81 10 355 74 89 7
45 41 39 38 35 32 29 26 15 26 42 22 30 36 18 27 43 41 37 38 51 53 349 3 336 332 6 3 328 319 311 295 276 254 245 247 97 155 217 249 246 245 244 243 243 242 241 240 240 239 236 231 230 235 238 227 209 216 221 219 214 205 196 196 195 182 240 244 251 255 261 271 284 290 283 275 276 283 310 328 328 322 332 337 323 49 321 332 347 319 8 31 348 319 346 0
45 40 36 35 34 32 30 28 23 26 43 37 36 29 29 29 13 11 14 4 54 2 31 11 13 18 9 14 328 4 318 293 357 258 263 54 272 269 264 261 258 256 254 252 251 232 247 245 244 242 239 236 236 241 240 230 219 219 223 220 215 206 200 205 204 238 251 263 268 269 270 114 286 292 291 295 297 303 313 320 329 327 325 335 341 346 336 328 343 349 347 353 340 116 131 6
43 37 33 32 33 32 30 29 26 20 37 35 35 27 31 21 44 13 17 16 43 36 3 0 8 8 8 341 335 2 306 1 279 281 24 283 359 275 270 270 270 267 263 259 251 255 252 250 249 246 243 242 246 250 246 239 234 230 227 222 217 210 207 215 212 181 250 261 273 98 289 94 294 78 71 308 301 297 301 314 321 320 317 328 342 357 357 354 7 358 347 349 9 356 3 5
36 34 25 29 30 29 27 25 24 21 31 30 30 28 29 18 18 40 39 9 29 12 357 358 11 10 5 14 3 7 11 322 30 31 13 6 345 281 324 280 280 277 273 305 281 261 255 254 252 249 246 245 248 251 251 247 243 240 234 228 225 219 217 224 222 193 250 255 271 281 284 275 271 281 299 303 300 295 303 307 315 323 326 328 334 352 352 351 356 360 357 6 352 2 14 354
31 32 31 27 26 24 23 23 25 20 25 27 26 26 24 19 39 36 25 8 353 343 338 6 15 19 10 14 8 350 14 334 28 10 1 346 296 294 292 348 346 342 337 328 314 287 257 256 254 250 248 247 249 252 253 252 249 245 240 235 233 229 227 230 227 279 280 282 285 283 279 274 273 269 275 295 305 313 312 310 323 326 323 322 329 346 347 344 355 8 5 63 7 359 2 66
29 32 32 29 21 22 21 24 27 22 32 28 37 25 17 22 29 25 17 6 356 350 347 13 16 21 17 359 355 12 19 19 3 320 349 329 303 304 348 346 350 344 343 341 331 270 265 261 259 255 252 251 253 255 254 253 251 248 245 242 241 240 241 244 241 234 244 29 303 301 299 309 312 304 299 300 311 314 313 317 331 340 335 339 334 341 352 355 352 355 357 60 64 5 354 344
28 29 29 28 26 23 20 24 27 25 26 42 36 18 15 19 20 17 14 11 6 360 355 14 23 20 13 11 8 6 5 356 350 323 314 311 311 343 346 346 347 346 353 350 320 284 280 273 267 262 261 262 262 260 257 255 252 252 252 251 251 253 258 261 260 261 284 7 28 311 312 20 320 322 317 312 318 323 330 324 332 344 339 336 338 335 343 354 354 6 1 347 9 352 325 305
25 26 26 26 24 20 19 20 21 26 14 25 19 15 20 18 15 14 17 20 16 7 359 15 28 18 5 6 3 0 355 356 332 322 336 317 346 347 342 344 349 358 358 301 298 295 292 286 277 273 273 276 276 271 265 261 257 257 260 260 260 266 271 297 297 298 300 303 307 308 309 306 304 315 322 323 332 337 339 336 336 345 339 332 329 331 340 349 348 353 11 5 354 9 54 351
20 22 23 19 16 15 17 20 24 24 19 20 26 22 26 19 15 14 19 22 6 15 15 35 28 2 5 3 3 357 353 358 354 343 320 321 346 344 314 345 355 360 353 339 332 300 298 294 288 284 283 285 286 282 276 272 268 266 267 267 267 276 284 289 299 300 305 306 306 306 307 305 306 313 323 325 328 331 327 325 332 341 343 337 340 337 345 351 353 352 351 356 352 49 71 5
14 17 18 13 10 12 17 21 23 24 23 18 15 25 18 18 16 16 16 20 18 19 21 27 10 356 1 359 2 356 351 355 350 345 322 351 346 341 317 350 356 356 350 338 332 332 301 300 296 291 288 288 288 286 282 279 276 272 267 266 270 282 292 308 304 301 303 305 308 311 312 314 313 317 324 326 325 325 318 312 319 327 335 336 333 334 344 351 353 355 351 352 336 329 64 73
9 12 13 9 8 11 14 17 20 22 24 20 3 2 8 14 15 14 16 18 15 24 32 20 346 341 1 359 357 347 351 353 353 349 346 343 320 319 345 352 352 353 349 339 331 331 333 303 299 294 290 288 287 285 281 277 275 270 263 260 264 278 315 307 316 312 307 305 310 317 320 315 316 317 318 324 323 327 326 324 323 324 327 329 332 336 346 352 349 38 34 352 344 57 331 50
6 8 6 4 5 6 8 12 16 18 18 15 5 353 8 12 15 17 18 17 15 25 353 3 338 344 3 358 355 348 350 357 352 347 344 340 335 343 352 351 350 349 345 336 331 302 331 330 299 296 291 287 284 283 280 276 273 269 265 261 297 307 289 305 322 322 320 313 308 315 326 319 313 312 309 312 317 322 325 327 334 341 344 337 334 341 0 354 348 33 40 358 359 349 344 6
6 2 0 359 359 360 4 10 9 14 14 12 9 6 358 28 15 19 26 16 14 24 21 337 338 357 1 0 357 351 350 353 349 345 340 337 340 350 354 348 346 346 340 334 329 330 330 326 322 294 291 286 283 283 280 276 271 268 303 304 304 306 315 319 321 323 325 323 312 309 323 328 322 317 313 318 323 328 335 338 330 336 345 341 340 344 5 1 350 34 44 6 54 51 4 45
356 355 354 355 354 355 2 9 12 9 12 12 12 13 10 9 21 27 35 19 21 3 19 4 357 358 353 0 356 340 341 331 346 343 338 339 348 351 349 346 342 343 340 337 337 335 332 326 322 319 315 285 283 282 279 274 300 299 302 308 313 312 315 321 326 327 322 326 320 311 316 329 331 329 325 320 319 324 338 338 335 334 338 337 332 328 340 343 347 31 45 2 49 48 50 59
354 346 347 350 349 352 2 9 11 6 11 10 11 12 10 1 22 32 26 16 21 28 20 13 360 351 353 1 357 334 344 346 345 343 337 343 352 350 349 341 341 341 343 341 341 338 332 329 326 322 317 314 311 309 306 303 303 302 302 310 320 319 320 326 313 325 326 328 331 316 314 322 324 322 321 319 323 322 333 340 335 335 339 338 330 30 34 35 17 345 40 352 46 39 57 57
347 339 341 347 343 350 1 8 8 7 5 9 9 9 7 7 360 34 8 14 17 18 12 2 342 342 1 7 353 335 340 347 346 343 339 347 349 345 344 339 338 343 344 343 341 336 332 331 330 328 323 319 316 312 310 309 307 306 305 312 326 326 317 326 310 318 333 334 339 327 316 311 313 318 321 323 327 325 331 337 334 336 342 343 345 345 332 31 33 318 347 340 353 51 50 58
338 334 337 341 344 346 357 3 2 1 360 7 8 6 3 5 8 36 23 8 14 14 11 2 344 346 8 338 336 338 338 346 342 339 340 346 345 342 339 336 338 342 342 340 339 333 330 333 334 332 328 323 319 315 314 313 312 311 308 312 329 331 318 326 334 313 327 335 336 330 324 324 326 329 326 322 322 322 327 336 334 336 336 342 349 3 357 352 341 341 346 352 2 39 44 57
335 332 335 337 340 345 351 356 355 356 1 6 6 4 0 2 2 9 22 2 17 16 11 2 344 344 342 337 336 339 340 344 342 340 346 346 344 342 339 338 342 344 342 340 337 334 332 339 338 335 329 323 319 318 317 316 316 314 312 315 328 327 323 326 331 314 322 334 327 325 327 333 336 335 333 329 327 327 330 331 331 337 25 349 349 4 2 36 352 348 54 31 26 33 44 44
335 336 337 330 338 340 344 349 350 353 358 2 3 2 360 358 1 6 0 2 358 12 10 6 358 352 337 336 346 340 341 341 347 349 351 345 343 341 341 341 343 344 342 339 336 336 335 340 338 335 330 325 324 323 320 318 317 314 311 312 317 311 307 309 313 328 336 344 310 339 319 330 336 343 345 338 333 328 327 329 333 337 355 2 345 348 25 24 351 343 336 36 28 31 44 37
332 332 335 335 331 339 343 344 346 350 355 360 1 0 358 357 358 5 358 12 12 3 11 10 345 350 351 352 341 343 344 346 356 354 351 344 343 343 342 342 342 344 340 338 339 339 337 339 340 337 334 329 328 331 329 329 322 297 304 310 313 318 323 327 327 331 319 340 347 348 323 335 335 342 1 347 337 330 327 328 325 329 336 359 353 349 14 21 351 343 329 30 25 28 40 44
324 325 336 326 327 336 340 342 346 348 353 357 356 357 355 354 357 355 17 10 5 6 12 9 348 350 346 342 336 342 348 354 358 355 350 342 342 340 340 341 346 345 342 344 342 340 337 339 345 345 344 341 342 305 305 304 306 309 315 320 322 325 327 330 332 337 338 344 348 357 333 341 335 333 352 352 344 334 329 325 319 319 326 338 347 355 4 13 22 351 338 25 22 29 33 40
319 322 325 332 329 324 330 339 343 348 350 352 355 354 352 351 356 356 1 8 4 6 5 358 358 353 348 335 339 348 352 4 3 357 347 340 337 340 343 345 345 327 326 325 323 342 342 350 322 320 317 318 318 318 319 319 319 319 322 324 326 328 332 335 337 339 340 328 327 344 345 332 331 325 344 350 345 331 324 323 323 326 333 334 334 341 346 7 24 356 341 24 16 23 29 27
