examples/cougarCreek-fire/createInputs/WindNinja/wrfout_d3.2015081300.f12/cougarCreekFire_08-13-2015_1200_217m_non_neutral_stability_ang.asc
ncols	146
nrows	140
xllcorner	610065.000000
yllcorner	5095217.000000
cellsize	216.586807
NODATA_value	-9999.000000
[rows 43 to 85 of 140, columns 0 to 95 of 146]
307 305 357 302 307 315 355 345 349 355 345 336 325 324 327 338 348 5 24 50 61 41 23 17 51 97 82 71 75 78 53 28 12 350 333 319 313 311 311 309 303 302 303 298 289 292 301 310 314 323 325 321 326 328 325 326 316 306 267 240 231 187 133 90 68 78 101 105 65 119 76 80 79 75 75 141 165 191 343 143 127 86 64 62 61 65 64 68 87 108 106 92 79 73 76 78
309 308 305 339 332 338 347 345 346 338 332 322 325 333 332 345 343 355 15 34 40 29 29 35 60 89 69 58 70 80 44 19 6 355 349 341 318 307 307 306 300 292 282 282 286 296 307 320 323 321 316 312 308 303 290 268 237 223 228 265 273 64 73 44 61 81 98 104 106 106 106 106 101 93 90 94 90 84 194 42 144 118 67 59 62 69 70 68 72 92 109 97 33 74 24 14
351 343 335 336 333 341 337 342 338 323 299 322 340 343 342 346 348 13 36 48 45 33 31 24 34 58 53 61 80 73 35 14 7 356 347 336 327 329 321 302 286 298 292 293 300 295 310 324 324 323 308 282 268 261 258 248 276 301 340 170 159 119 123 123 117 115 158 155 120 142 187 153 145 140 141 150 96 150 179 224 74 151 92 62 65 68 74 72 71 77 104 107 84 69 20 72
301 301 301 329 332 336 330 331 323 297 320 334 354 345 345 350 7 45 45 49 43 20 9 3 9 12 35 81 84 59 28 13 4 355 342 330 326 318 309 306 293 278 276 278 285 286 311 321 300 269 279 283 287 285 281 281 302 47 138 146 147 147 147 148 145 168 137 131 158 125 121 114 107 136 122 80 100 174 178 203 256 153 117 80 70 70 74 74 72 75 341 115 91 71 71 74
296 298 300 335 335 330 305 324 321 318 331 345 355 357 6 26 319 322 27 25 19 356 352 358 15 22 36 91 79 55 32 17 5 352 337 321 313 314 308 294 289 270 268 262 275 303 316 304 302 281 276 278 284 284 261 151 143 154 166 172 175 171 172 173 162 160 177 173 137 129 121 138 158 142 102 64 101 104 99 196 223 134 133 101 81 79 78 78 77 77 87 101 97 41 78 77
292 295 309 326 308 305 291 327 327 328 342 343 355 11 357 313 320 324 7 6 7 348 353 16 29 37 62 88 72 58 39 22 6 353 333 329 303 311 307 312 304 279 272 265 269 266 274 318 301 261 209 182 187 187 171 161 160 162 173 185 185 179 175 172 172 170 166 158 204 203 202 233 167 161 250 246 357 104 270 194 201 249 127 111 94 90 87 86 85 83 82 88 37 94 37 33
292 294 298 298 302 321 331 340 330 335 337 343 357 347 312 342 344 348 345 356 2 352 1 22 21 31 49 59 70 74 35 14 6 357 333 331 313 308 305 312 285 298 265 261 247 245 223 232 223 191 177 175 185 190 185 180 181 181 177 183 188 191 190 187 199 203 215 221 243 237 220 169 168 159 157 199 227 207 103 126 191 204 116 113 105 99 96 94 92 89 86 85 92 32 34 32
291 293 292 299 330 340 332 335 333 336 346 345 346 343 333 332 334 336 346 359 360 357 0 359 4 14 25 35 47 58 23 358 2 356 337 334 317 308 308 307 303 290 289 282 246 232 222 206 199 188 186 189 190 196 201 198 191 186 190 191 178 185 195 197 193 183 176 168 152 146 146 142 137 167 174 175 122 115 115 175 117 116 110 106 105 105 102 100 98 94 93 91 89 90 86 80
288 289 299 332 346 339 337 338 334 346 326 305 336 331 302 328 332 337 351 0 356 360 0 347 2 21 42 61 58 43 20 358 356 354 336 320 303 309 308 305 293 281 283 297 296 270 221 206 202 204 209 209 201 206 212 203 180 171 189 191 185 182 177 195 199 192 198 177 208 175 162 179 175 164 168 139 129 124 123 139 115 111 106 106 217 102 102 103 103 101 99 98 95 90 85 81
286 287 307 340 337 337 338 337 337 345 337 327 321 318 317 323 334 343 350 352 351 2 7 348 11 43 53 46 34 24 10 352 350 354 333 313 308 311 302 299 290 278 270 273 296 301 301 214 217 192 176 188 197 193 201 196 182 178 180 185 185 212 183 182 197 199 195 189 193 172 154 153 149 145 133 119 109 106 109 109 181 110 110 108 105 156 102 105 109 103 97 96 96 92 85 83
291 304 333 342 340 338 337 334 340 337 325 294 312 313 320 327 335 349 348 347 345 354 355 352 26 37 31 26 16 4 354 1 346 356 338 307 307 307 291 284 283 274 262 264 281 290 299 302 277 208 170 149 161 173 180 194 193 191 192 196 195 192 183 170 207 267 207 247 259 305 52 57 33 12 2 3 318 119 4 104 107 110 80 143 146 98 97 105 106 97 91 91 94 91 87 86
293 308 335 333 333 333 345 337 338 331 293 286 314 328 332 331 337 349 347 345 343 346 351 357 12 16 10 3 6 2 352 10 354 1 338 307 318 317 304 299 293 275 251 245 252 267 282 279 265 267 263 80 132 141 160 183 206 207 208 217 220 232 265 22 9 9 3 341 331 327 304 331 15 81 19 39 74 98 64 49 53 111 189 108 104 161 96 165 97 93 95 60 96 96 94 91
286 303 330 327 314 336 349 332 325 321 287 280 330 340 336 321 329 332 326 328 329 334 342 354 3 359 359 5 9 0 353 358 349 357 338 324 333 327 320 315 310 299 260 199 182 227 257 263 274 284 275 187 73 115 116 122 226 236 234 351 326 304 267 210 99 104 273 315 220 115 115 105 204 354 89 87 49 20 136 97 142 159 109 114 111 107 105 102 97 94 97 101 101 95 94 92
277 295 325 323 325 4 347 321 298 305 281 323 285 345 346 326 318 316 310 311 316 320 333 351 359 0 14 15 5 349 349 4 351 353 333 319 343 335 311 316 315 310 287 208 190 170 74 42 143 240 291 357 100 91 77 12 345 310 286 308 277 166 162 152 148 147 180 145 138 136 136 172 203 184 76 74 81 91 102 115 157 113 108 113 113 123 113 109 104 105 106 170 99 149 162 87
283 292 330 342 8 9 295 304 295 300 320 344 320 354 21 331 306 291 292 302 315 316 330 351 357 0 14 3 353 344 359 12 345 339 322 303 349 340 306 325 320 309 300 270 234 181 149 113 118 113 125 236 91 27 16 309 288 208 205 177 162 173 138 142 146 146 145 147 149 149 148 142 178 95 92 100 106 114 123 152 159 154 150 144 108 108 110 108 105 110 113 127 155 166 95 132
292 294 351 320 294 290 314 285 273 324 190 309 313 54 102 217 251 269 275 286 324 326 350 358 358 10 13 357 344 348 3 337 338 341 339 320 332 337 2 343 324 306 300 292 259 195 180 166 153 128 123 127 169 304 270 205 152 165 124 121 159 160 148 154 163 169 144 147 151 154 140 148 111 113 120 129 133 136 153 156 137 132 150 148 146 143 132 106 32 108 112 109 106 104 100 97
296 303 342 306 304 327 272 283 319 45 185 301 126 209 211 241 266 274 275 276 325 325 333 346 353 20 9 352 346 359 328 330 356 355 344 352 321 329 332 359 349 329 315 305 285 266 241 224 187 166 151 139 131 129 119 76 60 91 121 129 118 112 119 129 137 141 171 178 178 167 119 120 125 131 136 140 142 144 161 156 158 138 156 154 148 119 147 155 160 151 113 112 116 107 106 112
293 303 19 4 350 277 247 323 74 206 222 220 229 237 259 270 277 275 268 271 321 320 324 334 7 20 6 354 359 2 320 353 356 354 351 339 359 331 338 343 357 345 336 324 318 296 274 191 191 183 216 182 164 165 169 167 149 134 137 144 142 132 130 134 140 168 165 129 116 122 129 136 139 142 143 144 159 159 145 146 145 161 161 163 167 162 168 161 164 164 146 73 113 109 87 110
290 332 20 346 333 246 221 74 198 202 220 238 268 279 282 283 280 272 261 264 314 312 324 331 11 19 15 9 2 351 346 349 358 355 347 340 5 338 347 342 350 346 345 334 322 323 313 300 191 256 239 228 214 201 175 171 163 159 157 158 157 151 145 140 139 145 148 137 131 133 137 142 147 147 156 155 146 146 146 147 147 145 143 142 139 135 147 146 154 164 167 149 112 83 109 109
335 15 38 345 343 339 329 147 196 214 239 274 283 287 287 283 276 263 255 298 314 305 310 330 1 19 20 15 2 346 341 350 318 358 341 344 340 341 354 358 360 351 354 359 336 334 319 290 276 249 229 223 215 172 174 167 161 162 164 164 163 160 155 151 147 145 147 148 147 145 146 148 149 146 156 145 148 148 146 144 142 141 140 138 152 155 149 143 157 159 156 164 165 142 120 84
42 48 52 83 70 132 175 197 224 271 286 288 288 288 287 280 266 252 252 303 307 305 307 327 360 24 36 23 356 345 343 300 307 347 335 344 350 344 354 1 6 349 337 0 352 344 343 324 297 247 234 226 245 164 169 164 159 157 159 162 162 161 159 157 156 154 152 152 153 152 151 151 151 149 158 148 151 148 141 138 137 135 134 145 151 159 160 150 144 154 156 163 156 140 150 138
53 59 78 184 203 200 209 247 290 298 300 298 295 292 288 276 258 257 268 302 299 317 311 327 354 22 60 51 341 337 317 337 325 338 331 339 352 351 357 6 7 356 337 346 4 350 347 351 158 299 225 222 225 244 164 162 155 152 153 155 157 157 157 159 159 158 156 154 153 152 152 153 153 151 149 149 149 142 156 150 143 135 136 132 122 119 125 124 129 144 142 137 137 129 142 129
16 57 60 89 314 301 302 305 305 304 303 303 298 291 282 269 253 258 308 293 269 334 314 326 355 37 88 212 355 315 309 321 322 323 318 328 344 343 355 16 13 8 351 336 355 342 359 359 150 144 269 208 214 231 160 159 151 147 145 147 148 150 152 156 157 156 155 154 150 147 148 151 151 149 147 146 142 136 133 128 123 123 154 157 158 167 168 171 167 146 169 155 133 145 139 111
57 58 61 352 332 324 319 313 309 305 303 299 291 281 271 262 262 267 301 295 300 279 295 314 355 58 167 202 235 248 285 297 309 312 309 315 333 330 345 41 20 10 351 332 343 335 352 347 335 159 143 204 251 148 155 156 151 146 141 140 142 144 146 150 152 152 152 152 148 143 142 157 157 144 146 164 142 138 138 137 137 136 129 153 146 116 111 107 148 160 134 106 130 139 143 115
59 49 31 348 332 327 323 318 313 308 313 296 286 276 268 258 260 270 310 301 299 247 264 313 350 67 165 205 275 308 293 294 297 304 309 307 313 311 337 178 10 18 89 98 95 313 329 330 275 138 143 233 299 223 150 153 154 149 141 138 141 143 144 146 146 147 148 149 146 141 150 151 148 139 143 143 141 140 141 142 147 164 154 159 134 124 134 128 148 131 105 146 118 115 116 116
46 36 356 339 329 326 334 320 315 309 301 293 284 276 268 256 259 312 304 303 303 285 291 306 331 173 183 212 282 305 299 279 296 302 301 298 313 308 326 203 18 100 111 107 113 115 127 343 187 344 137 214 220 165 171 147 155 150 141 136 137 141 144 147 144 142 143 144 142 138 136 134 148 134 152 134 133 130 142 175 180 126 121 148 156 153 133 134 99 103 111 144 143 168 183 111
42 33 6 327 322 322 321 318 313 307 299 292 283 274 281 256 263 327 301 295 303 289 286 292 320 194 229 229 304 306 299 291 281 296 303 299 300 290 318 211 184 175 47 127 135 140 155 274 223 222 192 202 180 143 144 186 146 153 142 132 129 133 138 141 142 141 141 141 138 135 133 132 143 132 131 148 126 139 120 121 121 122 121 118 114 108 100 95 94 104 113 112 112 150 115 113
46 37 332 318 314 315 315 313 309 320 298 292 282 273 267 259 269 337 307 295 299 302 286 282 193 207 236 238 295 296 264 272 275 283 297 281 281 295 307 210 205 190 163 148 157 163 274 237 198 145 145 197 165 127 141 149 167 132 147 135 128 127 130 135 139 140 139 147 139 136 132 130 134 135 141 142 140 138 124 146 123 124 126 124 118 112 107 104 104 110 112 110 114 121 123 164
14 355 327 333 312 312 312 329 325 320 319 315 305 289 269 262 279 350 309 299 290 300 253 248 210 212 227 261 283 264 253 275 268 281 283 282 280 287 299 212 207 326 175 5 165 172 163 246 251 212 154 149 148 127 132 152 158 176 153 144 134 129 130 132 136 137 137 137 146 137 134 130 132 140 146 143 135 134 133 137 124 125 141 130 125 119 116 116 115 114 113 111 115 122 126 127
4 343 325 338 316 316 315 333 327 322 325 322 288 281 273 259 288 5 316 305 304 270 217 258 207 231 232 275 270 246 262 274 264 288 255 273 283 298 302 213 215 312 187 169 164 174 252 165 179 157 158 152 154 131 146 158 150 148 169 154 142 134 132 133 136 138 140 140 138 137 138 133 139 146 151 134 130 128 123 124 130 137 136 131 127 121 117 116 114 112 113 112 148 119 123 127
341 331 344 336 318 319 318 335 327 326 326 325 290 284 272 248 296 18 336 310 314 151 226 254 206 234 278 284 233 249 278 269 261 268 224 248 269 274 315 215 220 313 196 179 184 174 179 272 267 267 163 163 172 141 132 143 149 143 154 158 149 137 132 133 136 140 144 144 144 143 150 148 146 146 151 150 128 126 116 115 125 135 140 125 123 117 109 104 107 111 112 109 104 103 174 185
352 348 340 337 318 319 338 335 329 329 328 326 318 275 261 240 297 64 7 315 344 224 256 254 232 237 274 235 234 265 276 266 277 220 222 248 265 266 290 214 212 284 313 186 173 171 175 243 287 193 242 213 181 136 143 141 144 142 151 151 152 143 135 132 135 139 142 149 154 150 145 146 144 145 154 152 131 125 118 125 115 128 145 166 118 115 108 108 105 113 113 108 102 98 211 114
335 343 357 336 335 338 341 337 335 341 337 280 314 267 255 238 306 114 255 325 76 226 265 219 239 292 283 267 286 282 273 272 240 219 243 263 255 272 250 212 211 287 286 192 182 339 171 170 279 185 269 217 170 144 147 134 135 163 165 185 152 148 139 133 133 136 138 140 152 151 141 143 147 150 146 145 135 122 121 117 110 127 144 155 153 116 111 79 128 204 110 108 107 103 159 172
340 352 340 334 335 341 348 342 345 315 301 289 282 314 256 233 4 77 1 344 56 234 218 238 313 318 304 295 285 282 273 278 229 226 258 232 265 258 251 214 216 286 300 207 193 179 256 198 265 286 300 246 148 144 138 132 137 163 160 164 141 147 141 135 133 135 137 137 136 153 123 120 133 147 129 123 138 124 116 126 120 128 113 113 169 116 89 60 79 100 103 260 107 108 102 217
337 350 340 336 340 352 357 347 3 323 316 306 298 312 265 230 33 64 25 35 69 201 217 291 306 321 308 312 305 280 268 283 229 264 268 233 263 271 245 213 276 295 300 220 201 187 333 169 249 293 316 283 113 139 137 130 137 147 140 143 158 145 140 135 133 128 129 128 134 147 89 72 88 119 110 140 124 117 128 118 115 111 121 129 349 116 78 107 65 128 100 102 199 107 110 105
348 352 342 340 348 358 1 349 358 322 316 311 305 313 269 233 49 71 52 65 200 241 237 242 238 330 323 318 312 280 232 272 270 274 280 210 265 272 213 202 271 289 291 230 207 191 169 282 246 294 220 283 35 136 131 127 145 142 145 153 158 129 139 135 133 122 129 123 123 122 126 154 76 101 97 137 132 128 125 124 98 122 90 63 352 113 112 60 43 37 22 99 102 208 54 110
346 354 346 343 350 11 0 349 2 315 346 295 346 274 254 306 90 245 74 242 244 248 313 242 237 341 334 323 314 294 253 269 285 275 284 239 211 276 203 202 250 284 287 235 203 316 185 154 276 249 271 260 303 130 149 140 138 156 134 150 137 156 123 119 134 130 126 125 123 122 122 124 126 135 90 96 134 128 123 122 83 119 76 52 7 108 110 103 98 98 98 30 20 134 263 34
354 356 348 343 354 8 359 3 2 357 297 4 273 270 244 33 252 252 250 251 254 9 247 237 230 346 348 244 310 311 282 285 297 270 273 240 238 268 198 209 287 267 278 289 224 218 217 183 169 170 276 226 289 169 154 140 138 141 129 137 134 135 136 159 139 134 127 125 125 125 125 124 124 125 142 93 135 130 109 119 155 38 115 58 15 16 105 101 97 97 51 54 45 11 99 108
356 357 351 332 4 12 8 359 357 359 317 303 284 280 276 67 259 255 259 262 4 304 243 232 224 337 40 201 294 303 294 293 286 287 275 270 272 212 201 257 292 219 282 273 281 283 212 192 177 167 164 240 312 174 155 141 138 144 145 139 135 135 136 138 124 139 130 126 127 128 128 128 126 123 124 129 133 128 119 115 113 328 115 113 47 23 17 33 52 100 36 28 47 36 95 98
360 2 354 346 13 10 11 335 351 348 330 318 296 288 288 61 265 263 263 15 353 246 237 225 217 353 167 224 306 290 308 237 288 287 290 260 282 198 206 271 251 223 223 264 259 287 206 193 184 246 196 170 179 170 153 144 140 144 148 144 128 138 138 139 141 140 133 96 129 119 129 131 95 125 123 127 95 126 77 111 109 109 4 117 113 52 21 69 2 54 54 36 56 61 8 98
5 7 357 357 9 7 11 336 355 353 336 317 308 315 4 284 284 280 267 6 343 239 231 218 305 39 162 184 314 263 279 231 291 294 279 286 210 195 251 264 205 270 276 270 273 272 276 193 187 223 272 281 179 164 154 153 147 126 130 145 141 130 141 141 140 165 137 108 128 129 128 130 91 108 130 126 139 79 67 112 109 107 308 21 67 68 57 28 75 18 43 23 16 53 61 103
9 9 4 10 9 9 339 341 2 8 341 318 345 340 338 314 296 283 29 359 244 236 225 216 213 43 81 67 306 257 311 249 282 295 291 273 199 203 265 202 201 198 250 285 275 281 289 196 191 191 287 185 176 164 163 163 153 144 142 143 140 123 145 136 141 142 128 112 110 129 127 127 119 94 99 111 116 37 42 117 11 114 108 272 20 66 64 60 56 36 38 72 98 86 25 107
9 11 9 12 8 9 16 10 9 360 345 323 320 349 30 330 25 30 13 346 240 229 219 211 293 57 78 67 336 251 298 276 287 289 279 217 206 215 186 204 201 197 198 246 270 283 236 169 195 190 270 189 176 174 173 164 127 150 143 140 137 107 142 146 304 231 137 117 111 110 117 126 153 123 65 85 60 30 64 211 295 13 30 78 89 42 50 35 52 57 35 31 35 90 95 105
