examples/cougarCreek-fire/createInputs/WindNinja/wrfout_d3.2015081200.f12/cougarCreekFire_08-12-2015_1200_217m_non_neutral_stability_vel.asc
ncols	146
nrows	140
xllcorner	610065.000000
yllcorner	5095217.000000
cellsize	216.586807
NODATA_value	-9999.000000
[rows 35 to 69 of 140, columns 0 to 77 of 146]
25.46 25.44 28.63 26.02 17.71 15.26 22.29 26.20 27.53 28.13 29.48 33.95 35.39 33.32 29.12 22.08 20.22 19.57 18.10 21.89 28.18 36.11 39.29 44.87 41.18 40.95 38.83 36.30 37.08 39.58 37.71 36.05 23.79 9.76 10.99 12.73 15.27 20.02 23.85 26.86 28.76 30.10 33.00 34.91 34.97 37.48 39.55 39.45 37.32 30.57 30.74 31.27 32.77 28.49 20.05 13.79 10.56 9.35 11.11 17.16 14.53 13.88 12.16 12.41 14.09 14.32 14.76 15.60 17.40 18.64 18.23 17.00 11.98 14.01 13.91 13.41 13.19 12.61
20.05 23.79 26.36 25.78 18.70 18.00 15.15 24.05 27.05 29.22 31.01 32.30 32.41 34.84 35.70 33.09 30.96 30.84 28.80 29.93 33.68 34.62 36.92 33.66 35.19 37.78 40.25 41.75 42.74 42.55 37.19 32.54 25.59 14.81 12.21 12.25 12.98 11.48 13.78 16.47 17.59 19.42 23.50 33.66 35.69 38.18 38.99 39.28 41.05 31.32 31.13 29.80 31.42 31.94 27.56 20.65 14.71 10.41 10.68 12.03 11.89 13.16 15.15 18.25 15.73 18.04 20.07 21.37 22.38 21.13 23.00 21.76 19.08 16.06 14.71 14.38 14.48 15.03
23.15 24.15 24.23 25.37 27.25 23.27 22.16 26.14 27.98 28.12 29.81 30.95 30.15 31.75 31.89 32.71 34.15 32.59 31.01 28.58 28.44 29.74 32.96 37.45 34.11 32.74 39.48 41.79 46.45 48.44 42.95 25.83 20.22 18.57 18.20 20.01 19.67 20.39 23.00 25.07 18.51 25.03 20.78 25.10 29.34 24.30 25.45 34.73 39.66 39.44 38.01 30.61 31.02 29.57 27.50 25.82 20.51 14.48 10.84 10.26 6.50 7.01 9.72 12.02 13.19 14.66 17.21 19.06 19.79 20.64 21.83 23.54 21.93 23.14 20.80 18.99 17.53 16.52
11.18 12.27 20.83 24.25 27.95 27.60 17.77 15.13 29.69 28.32 31.81 29.18 28.77 27.00 27.22 27.57 27.14 27.41 27.98 28.68 28.55 26.78 30.18 36.02 37.88 36.54 40.47 44.74 48.96 53.04 51.53 34.64 10.18 8.80 12.93 16.27 15.56 10.61 13.20 26.93 28.35 27.59 17.17 20.08 21.70 23.04 23.79 22.85 35.46 36.52 40.39 37.20 37.29 28.72 26.67 26.11 23.95 20.85 14.53 11.07 8.34 5.43 5.14 6.47 4.44 9.42 7.80 9.87 11.65 12.78 14.39 18.19 22.46 24.68 26.14 26.77 24.58 21.35
12.67 21.37 25.77 26.17 27.67 30.86 15.83 27.84 26.22 29.13 28.34 27.96 29.02 26.00 25.69 25.46 25.76 26.20 26.35 27.17 26.93 27.59 28.90 34.91 36.02 35.99 39.07 43.57 52.86 54.40 57.05 42.49 17.92 4.40 10.11 13.07 16.21 19.41 20.88 13.77 13.47 26.86 18.03 21.21 30.22 34.95 36.58 37.02 37.32 38.34 38.54 38.44 36.77 36.32 34.80 26.67 24.06 19.96 15.17 11.38 9.84 7.28 4.32 2.98 2.08 2.16 3.07 4.30 7.05 8.89 10.34 10.53 12.50 15.23 19.39 23.82 26.41 27.51
15.60 26.37 28.96 30.88 17.74 17.23 16.40 27.94 26.66 26.65 28.67 27.57 28.18 25.99 26.44 24.73 25.25 25.73 24.29 24.86 26.97 29.40 29.44 31.27 32.37 33.33 35.88 42.68 47.20 54.81 59.09 45.28 23.00 9.74 9.35 12.31 13.68 18.34 25.37 18.57 19.03 20.14 21.45 19.38 20.09 20.70 22.92 25.43 25.11 36.57 37.08 36.01 36.86 35.36 22.29 21.39 30.64 25.98 9.34 20.69 19.83 11.57 8.35 7.31 5.85 3.53 2.32 4.15 4.85 5.71 5.83 6.80 8.44 9.53 9.56 10.99 15.99 23.19
12.53 14.67 24.89 28.31 16.86 16.62 16.24 27.12 26.66 27.89 28.38 28.38 27.47 25.28 25.66 24.42 24.90 25.00 24.16 26.60 28.44 29.11 29.67 26.91 27.37 30.43 37.42 41.45 42.62 53.78 61.90 50.21 26.15 11.74 7.64 8.76 13.41 17.78 22.52 27.47 26.33 27.61 29.61 30.37 31.61 29.36 24.70 25.29 31.46 31.51 33.14 29.83 24.61 29.54 30.17 28.50 24.30 20.62 13.40 13.05 16.81 12.24 11.05 10.04 8.12 6.25 6.06 9.23 9.46 7.87 7.12 4.13 4.13 5.86 5.39 6.84 9.28 12.04
14.33 23.08 26.24 25.59 26.21 16.00 26.91 26.37 27.22 27.93 28.05 28.71 28.99 27.83 26.04 25.05 24.44 25.63 26.87 26.90 28.17 29.59 27.44 24.78 26.06 28.63 36.49 40.10 42.41 51.85 63.47 60.30 45.36 25.62 12.92 7.68 12.49 16.71 20.64 25.28 27.90 27.00 28.27 29.77 33.32 35.45 36.44 35.56 33.69 25.18 32.11 29.49 24.61 24.97 24.75 22.43 21.11 17.24 15.08 17.29 14.22 13.37 14.32 20.21 15.38 15.59 16.13 16.09 16.25 15.87 15.52 14.83 14.34 15.50 15.06 14.33 2.70 9.18
11.85 11.21 23.16 12.30 15.68 16.96 26.96 25.54 26.79 28.37 28.06 27.96 24.81 24.88 25.25 26.58 24.44 25.39 25.99 28.10 29.71 27.29 24.73 23.92 24.13 27.45 35.15 38.07 42.95 48.87 59.47 59.08 54.13 44.19 31.37 15.43 11.86 15.93 18.19 20.49 23.59 26.40 28.18 29.71 31.97 33.53 33.23 32.39 34.00 33.58 32.87 32.25 29.17 27.49 26.06 23.76 24.04 23.71 24.66 20.66 17.88 14.68 14.27 10.79 8.01 6.77 6.41 6.94 6.62 9.43 8.16 8.11 7.47 7.18 6.92 9.90 10.68 10.43
13.53 13.63 13.08 24.29 26.05 27.84 27.05 27.46 27.92 26.63 27.72 24.62 25.90 28.83 27.06 27.78 22.83 24.37 25.58 28.55 31.42 28.06 25.57 22.92 22.16 27.22 33.41 35.22 41.11 46.76 56.40 54.60 53.88 47.15 38.84 31.33 17.31 15.41 16.05 17.41 19.30 21.83 24.01 23.10 24.91 27.74 30.71 29.37 30.47 30.86 32.27 32.48 32.58 31.03 30.92 30.81 24.41 17.21 14.46 12.26 9.67 7.86 6.02 3.68 4.65 6.58 8.86 10.86 11.99 12.25 12.45 12.52 12.93 12.95 12.44 11.22 8.73 6.39
22.50 21.68 23.81 28.37 28.60 31.09 28.91 29.62 28.89 24.99 13.61 24.14 28.45 28.88 28.02 27.02 25.04 24.34 24.67 29.33 31.01 28.55 24.71 22.16 21.73 26.03 30.50 33.01 36.92 46.05 52.40 49.74 49.75 47.11 40.23 32.20 24.95 21.17 17.27 17.75 16.43 11.33 13.53 17.12 19.77 23.29 24.96 23.66 26.94 28.95 31.87 31.81 29.02 27.01 24.33 22.37 16.88 14.92 11.98 9.83 7.59 8.82 10.39 11.15 11.53 11.63 10.53 10.72 15.59 14.50 14.37 15.75 15.43 14.51 13.37 11.42 17.15 7.33
12.43 12.71 12.97 26.62 29.05 32.02 31.06 30.50 28.97 16.69 25.88 26.46 29.55 27.94 28.39 27.38 25.54 24.38 24.84 28.90 29.76 27.62 23.23 20.47 22.14 23.87 27.82 32.42 38.87 49.60 50.19 47.71 46.43 45.03 39.05 29.33 25.87 25.66 22.92 18.39 17.63 18.28 20.01 20.70 19.18 26.31 22.02 20.59 25.47 25.05 19.81 19.81 18.41 16.81 16.14 15.47 14.95 14.73 14.79 15.00 15.15 15.03 14.55 13.97 13.70 12.21 13.02 13.33 13.32 15.35 16.56 17.40 17.84 14.93 14.74 17.44 18.75 13.37
13.33 13.29 13.02 26.25 28.68 29.70 19.50 29.92 30.77 29.71 29.43 30.22 29.60 29.70 30.32 29.59 13.64 10.70 24.89 28.06 29.78 25.11 21.95 21.40 22.54 22.90 25.19 31.90 40.00 47.15 48.64 45.96 42.07 43.63 36.68 26.03 22.75 27.19 26.55 26.08 22.30 23.72 23.29 20.49 25.07 16.10 16.46 19.92 12.69 14.78 15.96 15.96 16.02 15.60 15.55 17.53 20.49 21.86 21.01 19.73 18.77 16.72 15.22 14.10 12.73 12.91 13.37 13.31 12.62 12.28 12.92 12.84 12.33 12.69 14.09 14.91 16.05 17.77
13.14 12.77 17.42 26.00 17.29 17.38 14.32 28.75 29.65 30.80 32.44 30.91 30.61 30.57 26.09 15.82 14.62 13.31 26.73 28.57 30.26 25.61 22.89 24.16 21.87 22.24 25.19 32.40 40.10 46.36 45.99 44.22 38.91 44.22 34.10 28.33 19.76 25.96 26.25 32.21 26.96 17.99 16.47 15.44 21.79 19.48 20.19 11.31 13.05 14.89 18.04 22.33 23.10 22.42 22.08 24.02 24.93 22.89 19.14 16.56 15.99 15.38 13.66 11.54 9.85 9.27 9.80 10.36 11.34 10.83 9.61 10.76 11.69 12.69 13.03 12.47 14.47 15.56
13.18 12.54 12.70 12.40 14.98 23.72 27.04 28.51 27.32 30.05 29.93 30.41 31.38 28.31 19.06 30.20 28.70 28.56 26.31 30.01 29.97 27.76 26.10 23.79 21.46 23.54 25.48 32.27 38.40 35.76 45.67 35.81 37.90 41.78 35.54 29.70 17.49 23.95 24.83 29.95 12.99 26.16 10.08 11.70 15.00 23.95 18.68 20.44 21.90 24.77 29.11 29.38 26.66 24.24 22.97 21.26 19.48 18.00 14.24 12.15 11.62 12.23 12.47 11.67 11.89 10.17 9.05 8.17 11.28 11.90 10.63 10.74 11.06 11.56 12.20 11.06 9.67 8.45
13.46 12.20 10.37 13.86 24.68 23.98 23.39 25.68 26.54 27.98 29.50 28.77 28.53 32.20 33.45 32.62 30.60 29.64 28.73 30.44 30.43 28.69 25.85 22.52 22.52 23.40 25.38 29.96 29.40 34.46 43.44 33.72 36.67 42.02 38.80 31.24 20.38 24.44 23.44 24.83 25.10 23.73 23.84 16.37 11.91 16.65 23.98 26.94 29.89 31.05 29.58 24.90 21.32 18.59 15.28 12.64 13.24 14.01 14.53 13.98 9.75 8.79 9.31 10.91 11.62 11.44 11.06 11.25 12.18 13.56 15.08 16.08 16.58 13.49 15.02 13.59 18.48 17.84
13.43 11.27 14.08 23.92 23.27 23.92 25.49 26.37 25.70 28.15 24.68 16.76 27.64 30.30 19.36 33.35 32.56 33.09 31.48 31.66 30.91 30.57 27.85 22.80 23.09 23.64 25.40 28.33 30.02 33.11 40.18 32.72 36.10 42.94 38.84 30.05 24.55 26.83 24.36 23.04 20.76 20.80 22.03 24.30 20.28 21.59 16.97 18.60 20.96 21.40 19.53 16.63 15.41 14.56 11.18 9.75 10.97 10.40 13.61 14.02 12.90 11.73 5.53 6.13 9.11 11.76 14.91 13.93 17.83 17.86 18.40 18.42 17.89 18.64 20.53 20.27 20.64 19.96
13.09 11.07 16.33 23.88 23.20 24.58 25.27 25.44 26.00 27.32 27.89 26.43 25.27 26.03 28.42 29.90 31.58 33.51 33.55 33.05 31.08 31.05 28.75 15.71 25.47 22.80 21.37 24.25 29.85 38.44 36.58 31.22 36.39 43.80 35.65 26.55 25.64 26.52 24.11 22.89 18.53 17.52 18.79 22.57 27.52 24.47 24.14 19.47 19.52 18.76 17.29 15.14 13.54 13.58 12.99 13.08 12.26 11.48 11.81 12.12 11.13 17.63 9.27 3.62 4.17 6.70 9.02 10.25 13.45 13.79 11.17 13.50 14.20 13.97 14.19 15.01 15.18 14.74
14.35 18.56 25.08 26.41 25.52 26.17 26.18 25.88 27.58 26.71 25.62 11.38 22.52 23.02 26.94 29.51 29.11 31.57 33.03 33.78 30.26 30.40 27.13 25.21 28.24 20.62 22.48 30.40 35.43 36.25 32.81 34.72 35.77 45.14 34.33 25.15 22.83 20.51 16.89 14.12 14.29 14.06 15.91 20.47 24.54 27.87 30.26 27.20 25.54 19.92 16.70 14.80 12.79 10.95 10.05 10.61 9.94 10.08 11.16 10.46 9.22 8.72 6.53 4.77 3.83 4.25 3.33 6.66 5.48 5.10 6.77 8.76 10.60 12.00 10.84 10.04 6.91 3.48
18.04 22.07 26.74 27.23 28.88 26.96 29.56 26.89 27.21 26.49 12.20 11.42 23.29 26.26 27.41 28.61 28.31 29.53 32.01 33.65 31.65 30.30 29.77 28.61 27.95 26.75 28.38 29.51 33.67 36.07 31.65 31.60 34.22 45.11 33.90 25.10 30.93 29.61 20.90 19.32 21.28 18.47 12.87 14.03 19.27 25.05 28.05 29.85 30.27 29.59 20.73 15.75 12.76 11.04 9.57 8.44 7.53 8.44 8.42 7.22 7.16 6.74 4.12 3.45 3.50 2.06 2.61 2.98 2.62 2.12 6.04 4.59 5.08 11.30 9.82 8.02 8.38 11.50
20.15 21.86 26.32 27.40 18.66 25.34 26.97 26.22 24.50 23.86 11.81 13.16 26.83 26.29 26.68 26.08 26.40 26.54 26.63 28.48 29.03 29.14 28.07 27.38 27.44 27.73 28.60 29.81 32.97 35.24 32.04 27.14 33.16 42.15 34.10 23.66 30.26 26.18 26.81 28.19 27.57 27.02 17.67 10.64 7.35 11.37 23.60 28.90 28.91 27.45 27.57 21.30 14.07 12.36 11.01 10.58 9.86 9.24 8.62 7.92 7.46 9.65 11.92 13.94 6.34 6.78 9.43 5.67 10.67 8.47 9.34 9.84 10.80 2.89 11.29 11.21 8.95 8.43
20.25 18.86 17.92 19.22 20.07 25.12 24.91 23.74 12.39 16.35 11.12 25.34 16.06 25.18 25.48 27.83 25.27 25.95 23.63 22.02 24.13 25.83 27.49 27.26 27.92 28.89 29.73 31.14 34.01 32.42 30.12 30.37 33.14 40.21 31.86 20.45 28.09 24.40 25.89 27.09 27.69 26.70 26.41 14.80 10.64 8.44 11.10 14.98 18.15 29.16 27.33 22.49 20.57 13.31 12.75 13.86 11.77 11.92 12.99 13.41 12.14 11.75 6.90 5.55 5.10 5.92 11.99 6.45 6.43 7.24 8.56 5.89 6.90 11.44 10.26 10.66 10.32 8.76
15.86 17.49 16.41 16.55 20.72 22.34 12.56 16.38 14.43 15.70 19.67 25.44 21.99 22.40 24.09 26.44 28.40 29.73 16.11 15.03 19.51 21.58 24.00 25.82 28.39 28.82 28.77 30.94 34.11 32.09 30.79 28.02 26.10 32.63 29.64 19.04 27.57 24.84 20.08 27.49 27.41 26.09 27.31 23.96 16.65 12.36 10.05 10.13 13.03 15.89 18.73 30.10 17.66 18.35 16.25 22.61 23.12 14.22 14.07 13.53 13.08 13.78 7.18 6.10 5.43 5.44 4.99 4.58 5.23 6.60 8.16 9.48 8.20 9.95 9.46 9.43 9.79 10.79
12.82 10.74 20.02 7.26 4.32 6.33 20.44 10.71 10.37 21.42 21.33 23.48 19.52 24.40 24.49 16.85 16.66 18.79 14.43 5.37 18.24 20.45 22.37 23.57 28.52 28.29 28.44 33.07 32.26 30.94 28.04 20.13 23.27 30.61 30.85 20.67 25.63 23.85 16.77 29.19 24.86 23.17 24.51 27.41 24.27 15.26 14.49 13.33 12.52 11.89 13.97 16.18 19.73 19.77 24.69 15.50 12.31 11.90 7.30 6.36 10.56 11.88 12.07 11.15 10.77 9.64 5.35 5.45 6.23 7.24 8.21 12.58 9.28 9.14 10.18 12.59 14.93 15.81
12.27 11.29 11.86 8.55 6.09 20.84 8.66 12.17 21.18 22.95 23.82 23.59 24.60 12.94 12.94 12.03 17.85 18.39 11.04 4.55 15.91 16.44 16.74 22.25 25.64 27.03 29.91 33.91 32.48 31.28 18.78 20.26 30.14 33.88 35.66 23.73 20.62 26.98 26.90 22.73 24.43 25.87 20.36 24.71 24.64 26.69 25.92 24.14 14.95 14.19 12.61 9.97 9.76 9.73 8.02 6.72 6.79 6.42 5.70 5.14 4.33 3.79 3.38 2.77 3.02 4.26 8.12 8.29 9.24 10.41 6.78 6.69 8.05 11.36 14.22 15.53 15.83 16.01
11.62 10.56 21.12 21.15 24.90 9.24 8.81 20.00 23.59 16.54 16.58 16.11 12.37 12.01 10.09 14.83 18.42 15.22 7.94 3.55 15.14 15.75 16.86 20.00 22.83 24.58 31.33 34.57 33.47 29.70 18.99 28.18 30.74 32.17 35.84 25.64 18.98 25.35 26.49 25.78 22.10 26.31 25.08 24.63 26.18 22.73 23.19 10.44 11.43 11.38 24.20 13.65 10.44 9.72 8.51 6.98 5.67 4.65 3.71 2.52 1.74 1.82 1.84 1.17 1.53 3.55 4.45 5.44 5.77 5.55 6.79 10.24 13.03 14.40 14.58 14.48 11.61 12.54
10.15 20.70 20.23 19.93 18.77 9.41 8.75 20.66 13.91 15.44 15.07 13.96 9.19 9.96 12.67 16.46 16.08 10.42 5.33 3.40 14.47 14.72 17.38 15.92 19.18 23.16 30.81 33.69 32.08 30.70 29.24 29.50 31.09 30.88 31.81 29.40 19.91 24.11 27.14 26.21 23.41 23.87 23.82 21.75 23.35 23.31 25.69 26.43 8.05 25.05 24.55 25.77 26.31 22.92 11.39 10.60 9.92 9.23 8.57 7.33 5.93 4.43 2.69 1.09 1.62 3.24 4.91 7.02 9.14 11.12 13.01 13.82 13.68 13.20 10.60 11.54 14.68 15.29
21.09 23.28 21.06 17.99 17.11 18.34 17.66 16.36 12.76 13.04 13.48 10.71 11.24 11.93 14.42 15.83 12.11 6.26 3.79 14.45 15.68 13.83 15.25 16.76 19.09 21.90 27.16 31.57 33.57 33.65 30.79 30.00 19.83 32.28 27.59 28.95 26.73 24.40 27.46 24.90 24.41 21.93 23.05 23.03 22.69 23.67 21.87 22.53 22.49 22.57 22.57 24.87 24.70 10.89 11.19 10.26 9.66 9.30 9.26 9.45 9.64 9.53 8.84 7.66 6.94 7.69 10.30 13.46 15.57 15.91 14.99 13.80 13.14 13.16 10.43 13.68 14.02 14.37
23.93 17.57 15.13 17.52 20.49 16.44 14.36 11.00 10.42 6.99 9.04 11.11 12.33 13.10 14.56 13.70 8.41 3.67 3.30 14.85 14.80 14.73 14.90 16.75 17.48 19.96 24.21 29.31 32.73 34.84 34.24 20.13 19.87 30.51 23.89 28.30 28.32 27.57 27.29 25.44 23.99 21.57 23.63 22.60 21.94 23.54 23.53 23.80 23.05 21.86 24.32 24.42 27.42 9.90 9.89 8.68 7.38 6.70 6.77 7.40 8.50 9.96 11.48 12.71 13.43 13.88 14.51 15.10 15.54 15.48 14.67 14.28 14.50 14.50 12.86 12.90 12.46 12.73
8.69 13.75 15.87 13.31 11.02 10.72 9.44 8.70 5.70 7.48 8.59 10.53 13.17 14.01 13.18 10.73 5.92 4.73 7.40 15.10 13.51 16.41 14.50 15.42 15.48 18.20 20.85 27.25 30.39 33.27 30.18 32.78 27.14 32.27 27.04 29.08 30.27 26.30 26.33 26.02 25.26 20.56 16.35 22.72 21.84 21.37 24.42 22.50 11.66 23.56 21.27 23.22 24.26 25.47 9.60 8.74 6.82 5.77 5.43 5.46 6.09 7.24 8.85 10.60 11.95 12.52 12.11 11.24 11.20 12.39 13.10 12.98 13.07 13.50 13.53 12.29 10.75 10.47
10.94 17.60 17.68 16.84 11.77 6.77 4.28 5.32 6.91 7.56 8.00 10.36 14.13 14.75 11.98 8.35 3.94 5.92 17.51 14.54 6.58 16.25 13.98 15.57 14.98 14.81 18.19 17.98 29.61 30.15 30.17 31.30 30.67 30.88 28.53 29.45 29.82 27.38 28.08 26.35 24.94 21.00 15.78 20.76 20.89 22.33 21.55 20.53 11.50 10.93 23.54 21.35 23.14 23.45 9.40 8.95 6.50 4.81 4.06 4.07 4.58 4.98 5.48 6.65 8.02 8.81 8.84 8.32 7.98 8.78 10.03 10.47 10.50 11.42 13.04 13.38 11.99 11.16
17.15 14.39 15.95 15.12 14.59 10.70 8.06 7.66 8.11 8.11 8.44 10.80 14.32 14.95 12.32 7.81 3.72 7.19 15.26 16.09 16.98 13.74 12.54 15.09 13.45 12.57 9.84 16.46 19.45 20.64 26.74 25.52 27.63 28.79 29.05 29.13 28.55 29.01 27.91 18.00 23.34 22.76 14.10 15.17 18.11 20.76 21.16 20.75 24.63 6.20 10.39 21.37 24.20 12.62 8.69 8.66 6.72 4.44 3.77 3.76 3.85 3.82 4.10 4.72 5.60 6.41 7.22 7.96 8.11 7.99 8.35 10.69 11.09 10.11 12.52 12.14 15.81 15.41
9.82 12.06 14.85 16.84 16.58 13.93 11.56 10.53 10.29 10.01 14.43 11.30 13.59 14.24 12.95 8.47 4.70 7.07 16.28 16.50 15.66 4.42 6.62 15.71 14.40 11.66 9.55 15.60 26.42 26.98 25.06 24.32 23.69 25.36 28.19 27.59 27.15 27.11 28.75 18.83 25.47 24.42 12.45 10.07 7.58 16.53 19.31 21.29 17.74 10.50 9.28 21.29 24.18 21.68 8.18 8.29 7.28 5.16 4.57 4.23 3.54 3.13 2.69 2.28 2.59 3.58 4.90 6.65 8.25 8.71 9.08 9.63 10.69 8.60 10.06 13.05 15.25 15.26
11.07 14.55 15.30 17.83 17.83 15.77 18.96 12.70 12.50 12.71 12.37 12.10 13.17 13.49 12.82 9.06 5.18 15.25 14.85 16.26 15.24 13.54 14.60 13.38 13.02 5.96 9.41 16.29 23.59 23.68 24.63 20.40 22.98 23.70 24.86 24.91 27.70 27.92 28.13 19.74 26.04 19.39 15.09 12.26 9.02 7.36 9.28 15.96 14.80 20.99 16.67 19.15 20.60 17.22 19.61 12.32 7.67 5.73 3.94 3.84 2.59 1.23 0.71 6.73 0.63 1.15 2.18 3.61 5.83 8.13 8.82 8.67 8.61 8.49 10.72 9.29 10.92 11.81
13.47 13.74 15.00 14.35 16.40 15.66 14.10 13.32 13.35 14.42 14.95 13.99 14.04 13.60 12.53 9.17 6.38 15.77 14.95 14.44 14.66 13.60 13.51 12.70 12.97 6.68 7.11 16.96 23.60 22.64 25.04 22.83 18.31 21.46 24.06 24.56 25.81 24.74 27.97 19.85 20.08 16.36 21.58 14.33 10.66 8.50 10.31 16.73 16.78 18.13 17.90 18.98 19.29 17.26 10.10 20.97 11.91 6.67 3.09 2.88 3.08 1.42 0.54 0.81 0.84 0.50 0.68 1.18 2.55 5.74 8.17 9.02 9.84 9.44 9.36 10.40 11.06 7.82
