examples/cougarCreek-fire/createInputs/WindNinja/wrfout_d3.2015081200.f12/cougarCreekFire_08-12-2015_1200_217m_non_neutral_stability_ang.asc
ncols	146
nrows	140
xllcorner	610065.000000
yllcorner	5095217.000000
cellsize	216.586807
NODATA_value	-9999.000000
[rows 0 to 47 of 140, columns 0 to 95 of 146]
72 48 54 63 73 46 40 40 43 47 52 57 62 62 65 54 59 49 31 27 26 33 45 58 66 67 66 64 65 69 67 71 42 37 34 33 38 47 56 64 68 66 57 46 39 34 29 25 21 6 13 348 5 359 4 4 357 347 360 358 358 346 354 352 352 341 348 346 348 351 354 354 350 342 339 343 346 339 337 339 339 340 342 344 345 345 344 340 336 335 332 324 325 309 311 307
72 48 54 63 73 46 40 40 43 47 52 57 62 62 65 54 59 49 31 27 26 33 45 58 66 67 66 64 65 69 67 71 42 37 34 33 38 47 56 64 68 66 57 46 39 34 29 25 21 6 13 348 5 359 4 4 357 347 360 358 358 346 354 352 352 341 348 346 348 351 354 354 350 342 339 343 346 339 337 339 339 340 342 344 345 345 344 340 336 335 332 324 325 309 311 307
102 69 66 86 106 82 56 40 69 83 91 102 58 75 100 92 90 55 47 29 30 39 50 58 61 59 113 110 67 65 61 108 53 51 33 32 67 39 46 107 38 268 227 272 330 11 340 343 345 341 344 346 349 357 3 4 358 348 359 353 340 339 341 337 338 334 346 344 337 351 356 356 333 341 339 320 313 347 341 341 339 339 341 343 345 346 346 343 339 338 335 324 322 303 297 298
113 84 73 98 102 90 87 74 72 59 85 94 67 67 104 89 93 80 72 49 37 47 61 57 56 60 119 107 64 60 128 113 87 84 73 61 61 57 56 83 65 345 351 335 349 339 333 351 340 338 340 344 346 352 1 5 358 356 351 344 341 340 343 339 341 343 343 338 339 354 345 342 348 342 341 327 328 355 348 343 339 338 340 343 345 347 348 347 345 346 345 336 328 326 325 304
43 97 73 94 102 91 68 78 48 50 81 87 57 55 65 101 100 78 80 74 50 48 54 80 56 55 61 116 111 114 109 99 90 79 80 66 60 62 46 39 13 1 334 328 342 338 340 347 345 343 341 342 344 352 353 353 343 355 345 350 344 337 341 340 342 345 337 345 351 344 344 351 346 344 329 338 5 359 348 342 338 338 341 344 346 348 348 349 350 351 349 344 338 336 335 333
112 90 71 90 99 102 97 94 89 82 78 83 68 55 61 61 109 76 74 56 56 50 54 82 87 57 58 112 109 112 110 156 95 86 85 62 60 59 47 33 20 3 324 321 332 334 340 345 344 346 346 345 345 352 347 343 346 348 347 342 340 338 341 338 346 337 336 342 342 346 350 343 339 348 355 6 338 356 345 340 336 338 342 344 347 348 348 349 351 351 348 346 343 343 344 339
130 96 73 73 94 98 95 69 88 91 83 80 86 55 51 57 119 90 57 56 59 59 60 63 90 55 111 95 103 108 71 124 103 73 74 60 57 59 40 41 39 345 308 309 316 332 332 337 360 357 356 353 342 340 344 345 344 342 339 338 338 340 340 341 342 336 338 340 341 348 339 337 353 354 1 330 3 350 341 337 336 338 342 344 347 348 349 350 351 350 348 346 346 347 349 346
121 113 103 96 95 104 103 90 83 58 84 81 85 68 61 54 103 102 94 56 60 60 59 61 88 58 57 117 103 53 118 117 76 318 95 67 69 60 50 48 48 1 303 305 309 317 330 350 351 353 341 340 341 343 341 338 339 339 336 337 338 336 333 342 333 335 339 339 342 337 350 356 336 330 0 342 357 345 338 336 337 340 343 344 346 348 349 350 351 349 347 347 347 347 348 348
124 110 102 96 91 99 104 101 96 92 93 62 61 94 56 52 63 108 96 57 62 62 53 56 92 63 63 124 108 103 159 124 224 264 117 77 93 83 71 68 56 9 328 306 339 313 319 333 330 336 337 337 341 342 342 337 334 334 334 336 334 334 334 333 333 335 337 337 337 335 354 328 350 356 334 331 354 341 336 338 341 343 344 345 346 347 349 350 350 349 348 347 346 345 345 345
127 112 100 94 85 89 91 97 98 95 95 93 89 92 104 67 69 68 113 63 65 69 61 57 65 100 66 122 127 118 185 154 172 184 123 76 95 96 59 60 41 342 322 333 316 342 320 320 330 334 337 341 339 337 330 330 328 329 330 329 332 338 330 332 333 333 333 334 334 335 337 357 354 337 331 2 351 340 339 343 346 346 346 345 346 347 348 348 348 348 348 347 345 344 344 343
41 128 119 101 93 84 81 88 91 91 94 94 92 89 66 67 67 70 120 99 73 96 69 61 64 98 67 113 121 107 256 156 163 212 132 100 118 89 56 78 19 309 354 310 316 344 316 321 322 334 347 341 334 333 330 326 326 328 327 332 333 328 329 332 333 334 335 336 337 338 340 346 339 344 343 358 348 342 344 348 351 350 349 347 346 346 347 346 345 346 346 345 344 344 344 342
37 120 122 117 107 95 83 83 88 92 93 94 97 94 96 100 63 73 110 110 78 104 79 68 68 87 71 127 127 125 209 172 208 196 151 126 116 101 118 97 140 14 292 344 342 341 311 313 321 329 330 333 335 332 327 325 326 328 329 334 329 328 331 332 332 334 346 351 355 359 342 343 356 340 359 354 346 344 349 353 355 354 351 349 347 346 346 344 343 343 343 341 342 344 345 342
93 83 88 95 105 97 87 76 77 87 88 90 93 101 71 74 72 123 106 113 105 110 115 83 77 77 75 114 121 64 195 180 188 5 157 143 151 159 54 16 131 10 354 300 339 307 300 314 320 325 325 325 331 329 324 325 328 328 328 330 331 337 331 333 341 343 348 353 356 358 358 355 345 339 357 352 347 348 353 357 328 357 354 351 348 347 344 342 341 340 339 337 338 345 347 342
21 28 53 78 89 91 88 64 55 55 77 86 88 94 68 73 74 123 120 113 109 109 119 113 87 83 119 129 122 72 204 203 171 174 151 137 180 196 351 6 345 11 355 342 306 293 299 310 320 323 325 326 327 326 324 325 326 329 328 327 331 336 339 330 327 326 321 320 318 323 351 351 353 356 356 352 350 353 357 360 2 0 356 352 350 347 343 340 338 337 335 333 336 346 346 342
21 49 59 71 77 83 91 89 77 58 59 76 80 82 92 61 65 71 121 119 122 118 126 130 92 87 120 123 135 82 216 196 164 170 156 150 189 194 341 354 10 9 353 310 290 296 300 317 321 321 325 325 325 324 323 323 324 327 326 324 323 323 323 325 322 317 317 319 323 347 339 329 353 343 355 354 354 357 1 2 2 2 359 355 352 348 342 338 335 333 329 326 333 344 344 341
62 69 77 79 80 87 96 97 94 78 64 77 86 81 77 82 58 58 106 105 112 114 121 135 122 112 120 131 139 87 201 174 175 341 167 180 184 333 333 337 281 358 347 305 292 297 310 315 318 312 323 322 326 328 326 325 327 325 323 321 318 315 315 315 318 322 320 326 340 323 325 353 354 355 356 356 358 1 324 4 3 2 360 357 353 348 340 336 333 328 321 316 322 337 340 342
64 67 75 85 83 80 88 92 96 94 82 82 94 96 80 61 57 81 87 92 98 103 111 85 130 117 125 123 92 176 186 166 184 185 183 189 311 319 329 219 329 338 337 328 300 306 309 310 307 306 314 322 329 328 325 329 328 327 319 319 319 314 315 318 321 324 320 329 324 335 345 359 356 356 358 359 358 2 6 6 6 4 1 359 355 347 337 333 331 325 316 307 309 324 327 356
74 70 72 82 86 79 78 87 95 97 88 80 82 83 80 68 64 60 77 64 86 88 93 76 130 118 127 123 94 171 177 176 184 181 199 194 300 305 316 231 321 319 324 294 299 302 305 299 301 301 312 323 327 325 326 324 320 324 318 315 315 315 316 314 313 321 325 330 340 345 333 326 327 326 324 322 359 1 6 9 343 8 6 3 355 344 334 329 328 323 313 305 307 320 291 324
95 86 83 86 96 95 87 91 98 102 95 84 77 79 89 90 85 85 87 82 87 94 86 99 114 121 121 114 131 167 177 185 186 246 203 189 284 287 211 230 251 263 315 321 297 290 292 296 295 306 312 317 314 318 320 317 314 313 314 316 315 313 313 313 315 319 323 343 337 327 323 337 333 345 330 324 334 4 7 13 15 13 10 6 356 342 332 327 325 319 310 305 307 319 335 297
107 98 89 87 94 95 88 86 93 97 93 86 81 80 93 97 100 94 95 90 87 96 83 93 97 111 87 108 141 163 178 187 206 219 249 261 264 271 219 238 251 265 309 313 292 288 290 291 301 307 307 300 321 307 316 317 313 313 316 315 312 312 308 310 307 312 309 306 315 318 330 334 327 1 358 328 325 316 314 335 17 16 12 6 356 343 332 327 322 316 308 303 303 310 322 290
33 101 92 86 91 92 88 86 90 95 88 86 99 82 78 84 87 94 97 95 88 103 82 72 86 107 84 111 138 153 172 189 212 214 235 244 252 256 262 245 280 291 300 304 286 291 293 296 299 295 295 287 297 304 318 311 313 317 315 315 311 310 310 308 308 308 311 314 327 320 342 333 330 332 1 324 325 332 334 317 342 17 13 7 358 345 333 327 321 313 305 299 298 306 278 283
75 74 81 84 85 84 81 81 85 92 90 89 100 102 74 69 71 77 79 85 86 98 92 91 95 106 109 123 138 153 169 182 212 215 226 231 199 244 211 254 268 280 287 292 281 277 281 293 289 285 284 282 286 289 310 305 319 315 315 318 313 312 310 306 321 306 305 305 326 329 319 324 334 349 342 341 320 318 343 344 24 21 16 11 1 346 333 327 321 313 307 306 311 319 327 297
54 58 64 65 72 75 72 78 80 88 88 83 84 108 91 76 69 71 74 87 90 92 88 84 86 99 107 115 131 154 165 176 216 208 225 224 229 235 215 252 264 270 275 283 275 282 290 287 270 269 274 305 307 292 310 315 319 310 317 321 319 319 313 321 316 304 304 304 302 329 340 328 330 14 329 322 327 324 325 321 323 27 20 15 3 346 334 327 321 315 313 316 322 328 331 310
61 55 56 44 59 66 73 79 83 89 89 82 82 100 94 92 86 84 83 88 95 94 94 76 67 87 88 113 122 147 162 176 202 206 198 225 228 230 210 246 259 265 272 271 273 275 279 276 272 271 294 299 306 310 315 318 323 326 327 320 322 321 322 305 299 298 302 309 317 341 318 350 319 324 333 326 329 341 352 327 320 310 23 15 3 347 334 325 319 315 315 315 320 328 332 318
24 46 39 45 59 64 70 76 80 82 89 85 81 85 93 88 85 83 81 79 84 90 96 91 73 87 105 113 126 134 147 172 197 209 199 227 229 207 222 243 254 259 267 272 270 268 274 279 278 276 294 297 303 307 312 308 314 319 320 331 335 318 339 341 334 316 311 316 323 320 323 328 325 335 325 325 328 326 31 35 356 336 28 18 5 348 331 317 311 311 311 309 314 326 331 323
16 46 57 63 72 75 70 75 76 76 84 81 78 78 90 89 86 83 82 79 78 87 93 89 81 85 101 111 123 122 144 175 203 215 207 231 232 209 240 246 254 259 263 262 265 272 280 280 275 270 292 295 300 304 307 303 312 318 334 332 334 324 338 324 326 324 322 323 320 349 334 334 333 332 357 334 360 331 329 43 45 43 35 24 12 353 328 307 302 306 309 307 311 313 322 320
360 26 32 59 66 70 67 65 69 70 77 78 77 77 77 83 84 83 84 82 82 88 88 81 73 78 94 105 119 123 138 169 202 212 204 214 207 222 243 253 254 253 258 261 265 269 269 266 266 288 284 288 296 299 302 312 323 331 330 330 320 320 323 327 332 332 348 351 356 356 336 353 355 353 334 27 31 41 329 328 47 45 38 29 17 358 332 304 295 299 301 299 299 306 313 317
28 50 54 57 57 63 69 67 63 65 75 81 80 77 69 76 77 79 84 82 84 89 86 75 63 69 82 95 111 121 137 162 190 203 204 205 220 238 248 253 255 255 259 265 269 268 267 269 271 288 283 289 295 295 300 313 324 327 327 330 334 324 339 343 349 5 358 1 338 329 320 318 329 333 355 350 356 332 5 325 329 334 37 29 18 1 338 305 291 288 287 277 279 282 290 300
74 70 68 62 59 61 67 77 78 72 73 83 71 80 68 72 76 77 83 81 82 87 89 79 60 57 70 79 95 111 132 160 173 198 212 224 240 247 248 254 259 260 265 271 272 272 275 275 270 289 284 291 298 299 303 317 325 324 324 328 333 336 322 342 347 354 1 7 345 339 334 325 323 326 324 321 324 317 325 322 331 333 38 31 20 7 341 306 291 289 291 296 274 278 283 287
83 80 73 69 64 62 65 71 84 80 79 79 82 86 82 73 78 80 84 83 84 89 93 91 78 70 68 69 86 90 116 142 166 199 215 227 244 247 250 258 261 266 272 271 267 267 272 263 284 286 281 286 298 305 310 318 319 319 321 324 327 332 337 344 348 352 334 339 341 342 343 332 11 18 8 7 12 356 346 359 3 7 331 35 26 12 343 313 299 299 303 308 313 294 287 281
54 81 85 84 77 70 64 64 69 71 69 75 78 56 79 73 77 80 82 85 88 92 95 99 94 85 76 69 81 76 97 120 162 202 224 240 247 241 257 262 265 270 273 271 266 267 267 286 285 290 291 288 295 311 318 309 308 313 319 310 313 319 340 327 328 330 336 341 13 15 23 35 34 18 6 359 17 23 27 17 9 339 339 38 27 8 343 321 307 303 306 307 311 288 284 290
34 55 81 73 74 72 71 70 68 71 68 64 68 70 75 68 66 72 70 73 82 90 94 98 97 90 85 71 72 72 82 85 155 219 244 253 243 241 261 264 268 270 272 274 276 274 274 289 290 293 297 294 296 309 318 309 312 318 320 309 314 319 340 325 330 338 341 343 346 349 351 352 353 347 341 340 345 349 354 15 45 350 38 30 19 4 346 328 312 303 303 306 313 293 296 301
34 47 50 92 81 87 84 75 71 69 72 72 79 76 72 72 62 61 60 59 64 70 78 90 98 98 79 74 72 70 72 78 97 256 262 257 247 253 260 258 266 271 272 274 277 280 283 284 290 293 298 301 302 310 315 316 323 330 316 316 317 316 320 328 334 2 6 11 16 22 18 11 8 341 336 357 338 11 49 48 45 39 31 22 15 6 351 333 317 306 305 310 315 323 306 308
35 38 30 40 90 88 88 84 76 72 77 76 71 67 77 75 66 59 52 49 53 58 57 61 71 81 94 77 73 71 72 74 66 301 279 275 268 270 269 269 269 269 268 272 279 282 285 277 284 291 298 304 307 314 319 323 335 342 338 338 343 327 326 328 330 330 336 342 349 346 41 51 43 38 36 341 341 348 14 51 46 353 29 19 16 10 354 336 322 310 306 310 314 319 307 308
10 20 58 29 40 80 80 80 79 76 73 67 72 71 59 76 70 69 67 62 58 55 55 59 55 61 65 70 74 76 77 73 55 344 291 281 276 274 274 276 273 272 275 275 276 280 282 273 279 285 290 293 295 300 313 321 332 342 337 338 347 355 328 321 327 332 331 21 52 51 46 38 33 339 353 355 354 346 346 354 4 342 25 319 15 9 354 339 326 314 306 309 314 317 297 300
54 57 61 71 42 45 78 72 68 67 62 53 53 57 66 50 52 54 56 75 65 57 53 53 50 49 50 59 70 77 78 70 54 357 303 286 277 266 261 261 265 269 272 269 268 271 275 280 288 278 281 286 284 276 274 288 299 318 326 311 317 325 359 3 22 28 33 34 33 34 32 30 2 42 347 349 349 351 352 346 338 31 351 337 14 8 355 342 330 318 308 308 314 318 302 305
64 63 67 71 42 35 34 70 61 59 57 53 54 55 56 58 58 59 56 51 45 45 50 51 53 50 50 57 66 72 74 70 51 13 328 307 292 322 299 287 281 275 269 266 270 267 266 272 281 274 275 281 284 277 270 270 273 294 319 328 339 353 5 348 7 23 25 24 26 5 29 31 37 46 54 57 56 54 28 47 40 351 345 341 14 8 359 348 336 323 311 308 313 316 303 304
65 66 68 69 65 56 61 54 53 49 48 55 57 52 44 42 42 38 34 34 37 43 50 52 54 52 54 64 68 69 71 67 46 20 346 330 320 309 299 292 302 279 278 270 265 273 274 269 271 276 281 270 270 286 272 265 262 269 291 313 328 4 24 30 27 25 27 29 31 32 34 37 3 41 42 45 48 49 48 45 39 351 340 308 336 4 1 353 342 330 315 311 313 316 295 296
27 26 69 63 56 47 35 29 46 46 52 53 51 47 45 46 45 44 44 49 51 49 54 58 54 50 60 69 71 70 70 75 63 15 347 340 337 328 317 311 299 289 292 288 286 282 277 274 261 267 272 276 275 276 276 276 273 274 268 280 287 308 355 16 52 18 52 54 53 50 50 51 47 42 40 40 41 44 47 46 40 31 21 8 360 2 0 353 348 339 324 317 318 322 330 303
22 60 56 54 50 44 39 41 50 54 57 57 56 57 56 56 53 49 46 47 48 50 63 65 55 53 64 71 65 70 72 71 63 345 310 314 309 303 302 282 287 298 287 286 286 282 280 272 267 263 261 262 259 262 270 274 270 273 284 274 274 272 276 293 316 9 25 73 71 64 58 83 72 60 52 46 44 45 46 45 40 32 20 4 360 322 358 351 351 344 332 325 324 327 333 306
9 37 41 41 36 39 38 45 53 53 59 64 67 65 58 56 51 44 43 51 56 63 71 62 49 54 65 69 67 70 73 69 51 13 308 290 283 279 286 291 287 283 284 267 261 261 264 265 263 273 269 265 258 251 247 243 247 246 229 243 261 276 259 243 223 266 273 159 125 104 90 88 81 111 95 81 66 54 48 44 40 32 18 5 3 322 9 349 349 346 336 329 328 332 339 343
355 11 33 39 40 41 37 49 53 57 61 62 60 54 48 49 44 42 51 65 74 76 71 52 46 58 67 70 69 71 69 60 44 14 316 289 285 278 271 272 282 275 271 271 273 275 261 259 278 278 273 273 255 271 263 259 253 255 225 217 254 246 254 253 254 258 256 245 236 241 244 301 81 59 64 65 113 85 62 49 42 32 19 10 7 2 308 6 346 346 338 331 330 336 344 345
12 29 40 51 57 42 47 54 53 55 59 59 54 47 43 42 43 52 66 73 77 73 58 41 51 67 72 69 69 73 68 57 46 32 16 334 293 282 273 268 270 273 269 266 264 262 267 272 277 260 274 272 273 269 263 229 225 261 273 275 227 269 263 210 184 172 168 165 164 159 159 165 166 167 172 192 303 52 87 61 46 35 22 13 11 6 355 313 2 343 336 330 330 339 346 344
14 32 63 22 39 35 53 51 51 59 57 45 38 39 38 38 46 52 61 69 72 61 46 42 57 71 70 64 67 75 66 55 48 38 32 12 313 289 280 269 263 265 265 259 251 253 257 259 262 267 265 263 270 269 265 266 265 267 250 231 218 198 190 186 167 153 148 140 98 137 98 98 95 92 91 163 182 206 345 56 46 38 27 14 10 8 3 354 345 342 336 328 329 339 344 344
9 9 7 52 38 34 50 47 50 47 36 30 33 42 43 44 43 43 56 65 64 55 48 50 61 69 62 60 69 77 63 50 41 34 35 33 354 311 295 283 270 259 250 250 253 258 263 266 268 264 257 257 261 260 251 238 223 219 216 215 211 203 213 298 343 359 10 22 29 32 32 33 32 31 33 41 46 42 247 15 33 36 27 15 10 8 6 1 352 346 340 330 332 334 336 330
53 55 38 31 30 36 35 41 43 28 39 30 42 53 52 47 37 51 68 72 69 61 55 48 57 62 57 61 76 78 63 51 45 38 32 22 8 3 342 304 281 300 284 283 286 272 267 261 268 274 262 244 239 233 227 220 225 229 235 238 256 309 326 339 346 352 333 350 19 7 339 3 5 1 358 1 29 1 308 287 30 25 24 16 11 9 6 1 355 350 345 335 328 333 331 343
358 1 3 20 28 32 25 28 27 33 28 40 51 53 50 47 49 69 74 76 73 59 47 38 44 52 56 68 78 71 59 52 48 43 36 27 5 346 333 338 339 327 319 315 312 289 281 264 257 241 240 240 245 245 243 241 245 272 296 312 319 325 333 342 350 337 7 13 351 22 28 32 34 3 0 4 32 8 350 315 313 17 19 17 14 10 6 0 354 350 328 337 330 336 343 347
348 356 4 28 29 28 21 23 28 26 38 46 54 56 58 68 58 59 75 71 65 48 37 33 41 50 62 74 76 69 60 57 57 45 45 39 1 346 338 326 344 330 334 336 312 307 288 268 258 252 253 264 277 278 274 280 294 304 315 326 322 321 323 330 352 3 352 355 23 30 38 13 11 8 4 3 39 41 39 339 307 15 11 15 16 13 7 2 357 353 346 336 330 342 345 352
