examples/cougarCreek-fire/createInputs/WindNinja/wrfout_d3.2015081200.f12/cougarCreekFire_08-12-2015_1200_217m_non_neutral_stability_vel.asc
ncols	146
nrows	140
xllcorner	610065.000000
yllcorner	5095217.000000
cellsize	216.586807
NODATA_value	-9999.000000
[rows 0 to 34 of 140, columns 0 to 77 of 146]
20.18 17.10 20.89 19.47 21.49 18.43 22.08 24.23 24.53 23.42 21.93 20.61 19.15 17.52 21.03 18.44 21.26 23.92 24.87 28.30 30.65 30.10 25.93 20.14 15.90 14.75 14.97 14.85 15.13 14.92 13.45 14.78 16.17 18.69 20.00 20.75 20.27 17.53 13.77 11.44 10.05 8.98 8.75 9.66 10.72 10.89 11.29 12.29 13.29 13.68 15.93 15.77 21.95 25.17 27.96 29.35 28.63 22.41 26.16 27.30 26.96 26.54 27.81 28.51 27.97 26.58 27.31 33.81 40.63 44.11 42.20 34.28 26.11 24.27 28.80 30.34 23.84 20.28
20.18 17.10 20.89 19.47 21.49 18.43 22.08 24.23 24.53 23.42 21.93 20.61 19.15 17.52 21.03 18.44 21.26 23.92 24.87 28.30 30.65 30.10 25.93 20.14 15.90 14.75 14.97 14.85 15.13 14.92 13.45 14.78 16.17 18.69 20.00 20.75 20.27 17.53 13.77 11.44 10.05 8.98 8.75 9.66 10.72 10.89 11.29 12.29 13.29 13.68 15.93 15.77 21.95 25.17 27.96 29.35 28.63 22.41 26.16 27.30 26.96 26.54 27.81 28.51 27.97 26.58 27.31 33.81 40.63 44.11 42.20 34.28 26.11 24.27 28.80 30.34 23.84 20.28
19.43 20.52 23.68 18.55 22.21 26.31 23.20 22.95 31.78 29.13 26.12 22.70 21.07 14.39 21.26 19.70 19.63 21.44 23.82 24.46 26.53 28.27 27.54 22.83 17.46 15.55 15.68 15.53 12.99 11.53 9.89 14.63 16.22 17.52 19.09 20.42 12.55 9.56 12.46 0.91 1.08 2.92 2.36 1.64 5.76 10.57 9.12 8.56 11.55 13.04 14.21 15.19 19.48 25.83 27.40 28.06 27.60 23.05 26.85 27.29 26.39 22.92 26.16 27.87 28.70 25.18 31.39 38.01 41.46 43.98 39.21 31.55 19.10 27.40 32.34 31.60 27.63 25.13
6.47 16.64 22.62 21.61 19.07 21.53 25.74 27.48 30.09 25.40 26.61 23.94 20.62 15.63 13.90 13.34 16.51 20.48 21.58 20.33 21.49 26.08 30.49 27.37 20.93 13.99 11.55 15.07 14.51 12.48 7.00 9.01 14.08 13.35 13.40 15.94 16.13 13.71 10.58 5.41 2.37 1.82 2.78 4.59 6.70 10.07 9.66 9.96 12.37 15.02 18.02 21.22 23.61 25.93 25.80 24.73 24.63 19.82 21.89 22.87 24.82 26.14 28.93 31.72 31.78 29.63 40.36 40.82 46.07 41.17 33.73 22.25 31.32 36.35 39.98 34.40 30.23 32.21
7.09 21.78 20.19 23.48 20.57 22.52 18.80 26.21 18.87 21.54 31.35 28.71 26.65 21.02 13.38 11.13 14.98 19.51 21.13 21.31 20.95 24.22 29.79 23.70 24.89 18.64 13.24 16.12 12.17 9.35 7.31 5.29 12.18 11.24 9.97 13.08 15.30 14.63 14.76 10.36 5.39 5.02 6.20 8.62 10.78 13.30 13.27 14.96 18.27 21.79 23.96 24.86 24.95 25.66 24.55 22.27 17.70 21.92 22.16 32.15 31.66 31.44 33.31 36.69 33.89 42.31 42.04 46.44 41.91 36.81 27.04 36.62 40.95 44.65 39.87 40.61 34.48 32.98
7.05 20.65 17.14 26.07 21.21 20.95 23.03 26.27 27.29 28.62 30.40 32.11 25.29 23.87 14.46 11.62 13.82 18.77 20.54 18.77 20.31 22.03 27.31 32.62 20.94 21.27 14.06 15.23 12.72 8.87 4.18 3.83 10.49 8.37 8.10 11.51 12.35 13.37 12.24 11.38 6.22 5.34 8.29 11.49 11.89 14.79 18.03 20.35 23.47 26.03 26.11 25.12 25.45 25.38 23.09 19.84 19.97 26.31 33.08 29.76 34.76 35.75 37.64 36.43 41.58 41.53 46.63 43.51 37.64 29.32 40.31 38.48 39.52 42.81 37.36 32.44 27.64 32.02
15.89 20.91 15.49 18.62 23.94 19.84 20.84 18.59 27.81 27.63 29.55 31.90 28.76 25.40 21.11 11.78 13.45 16.92 16.23 18.78 20.03 22.29 25.89 29.96 25.05 23.61 11.54 13.59 12.47 6.17 2.15 5.66 8.14 4.22 6.02 10.91 10.05 10.31 14.04 13.29 9.64 4.12 9.34 12.91 13.01 18.33 20.78 22.82 24.64 25.10 24.97 24.77 24.38 23.64 22.39 24.82 26.89 28.22 31.65 33.64 34.95 37.65 38.05 34.23 41.56 45.45 45.02 40.70 33.87 41.73 39.49 43.68 40.21 33.95 29.41 21.97 30.34 34.69
18.29 20.59 22.60 24.51 23.23 21.66 22.76 26.05 27.64 17.56 29.07 30.94 29.32 22.08 18.47 14.31 11.71 12.34 18.39 17.01 19.54 20.86 23.86 28.57 27.04 24.59 17.52 13.94 12.62 13.91 0.91 7.54 4.93 1.86 4.85 9.52 6.58 6.40 9.47 13.47 10.55 5.05 8.07 11.83 15.54 19.97 21.26 21.23 21.66 21.86 21.92 22.26 23.72 23.98 24.67 27.29 28.14 30.52 32.60 34.21 35.24 35.45 32.75 41.48 41.91 44.37 42.55 39.98 36.86 38.95 40.42 36.40 34.06 23.00 29.70 20.73 31.96 35.83
16.66 19.10 17.48 20.89 22.27 21.11 21.37 23.09 26.84 28.43 29.00 19.22 21.18 23.88 21.55 18.39 13.04 12.56 15.01 15.47 18.59 19.13 20.54 26.02 31.84 25.91 18.33 13.09 11.55 4.17 1.80 5.79 0.25 2.13 5.59 6.38 3.17 3.59 8.24 12.25 8.87 8.28 8.21 10.97 18.68 18.69 18.49 18.79 18.81 19.89 20.71 23.75 25.88 25.12 25.81 26.13 26.58 30.02 32.41 33.30 32.19 31.94 35.14 39.30 43.20 42.59 41.31 38.98 38.30 40.38 34.38 27.01 24.42 32.77 26.13 26.69 30.39 35.71
15.17 17.39 18.77 22.84 22.03 25.58 24.49 23.96 25.13 24.93 26.26 28.72 29.31 26.50 17.46 15.85 13.50 11.28 17.35 13.55 17.09 17.69 18.30 22.62 29.23 21.77 19.99 10.64 12.50 6.50 1.51 5.46 3.44 3.07 4.70 4.29 2.43 4.14 7.61 9.58 5.66 7.32 9.17 14.86 18.90 19.97 17.15 17.14 20.01 21.54 23.31 24.52 23.22 21.34 20.82 23.25 26.29 28.61 29.99 28.40 28.54 38.93 40.02 43.06 42.28 40.74 40.12 38.22 37.62 36.31 29.74 33.97 34.70 28.24 26.43 31.32 33.40 39.80
9.22 14.32 17.96 19.89 22.04 23.45 25.31 26.56 26.26 26.27 27.23 26.88 26.76 27.46 20.52 18.20 15.48 11.07 17.20 19.88 16.44 23.58 15.92 18.41 26.57 25.67 22.23 10.01 12.46 4.92 1.36 5.35 1.66 3.04 4.34 4.33 4.22 4.23 5.11 4.25 3.83 6.10 14.41 16.81 19.46 19.65 18.18 18.70 21.04 22.55 22.64 21.39 17.49 16.47 19.53 23.95 26.78 28.14 27.88 28.63 35.15 38.49 43.08 42.82 40.46 40.82 41.22 38.90 37.30 36.07 30.72 30.60 29.29 29.24 25.92 36.00 39.40 42.43
10.29 12.00 12.60 17.10 18.81 21.88 24.57 27.03 27.11 26.64 26.96 26.47 24.85 26.33 23.19 23.06 18.73 12.57 16.54 21.16 15.53 24.57 14.67 14.89 22.59 28.91 23.16 12.42 13.55 4.47 2.58 6.47 4.64 5.45 5.67 4.61 4.43 3.07 1.81 3.55 2.31 13.20 11.34 15.03 16.96 17.84 17.72 18.97 21.73 21.77 20.06 17.99 16.64 18.73 23.55 27.81 28.91 30.15 31.11 34.78 37.35 42.23 42.45 40.55 40.33 42.00 37.53 34.83 32.92 32.47 31.99 29.31 33.97 27.45 36.29 38.58 40.48 39.43
11.28 12.91 13.43 13.04 16.61 18.06 24.22 26.54 27.21 29.34 27.11 26.61 25.32 24.52 20.53 20.52 17.56 19.42 21.95 24.14 24.42 25.90 24.47 13.77 18.74 25.98 23.33 14.24 13.49 12.19 4.56 5.63 6.80 6.36 6.64 5.53 4.44 1.85 1.50 12.36 2.45 13.46 14.41 16.24 16.89 17.32 16.72 20.90 23.01 20.59 18.54 17.95 18.67 21.93 27.16 30.33 31.31 33.12 34.69 35.30 39.95 39.17 39.74 38.44 35.83 33.11 29.60 27.02 25.73 25.96 28.16 31.20 27.32 26.56 36.78 37.82 37.55 34.58
9.53 10.24 16.26 21.14 19.96 19.27 21.83 16.65 15.03 17.69 28.39 29.15 29.49 27.37 22.53 21.52 18.56 17.67 23.73 24.81 25.83 26.73 25.17 23.58 16.69 23.56 19.35 17.10 11.80 11.14 3.08 6.93 7.30 8.29 6.38 4.85 4.55 4.17 10.42 11.47 3.61 14.20 14.51 15.70 17.86 16.87 18.62 23.72 24.04 21.05 19.32 19.78 21.93 24.10 28.56 30.56 32.94 35.01 35.51 37.37 37.10 33.48 32.33 33.93 32.27 29.66 26.12 24.03 23.63 20.89 28.90 31.96 33.54 34.49 34.93 34.50 32.51 29.38
9.48 15.12 15.88 22.39 23.07 23.58 22.78 25.10 26.28 15.60 18.63 31.17 30.98 31.99 32.98 25.41 22.12 17.02 20.25 23.69 24.76 26.57 25.98 25.87 15.90 20.92 22.15 17.59 12.10 10.28 6.05 8.59 11.04 8.83 7.63 4.18 6.30 5.90 7.93 7.87 10.03 13.07 14.58 16.62 17.96 18.69 22.75 25.08 25.34 22.24 19.31 22.06 24.77 26.11 28.35 29.09 32.08 33.44 32.60 33.37 33.75 32.21 30.88 28.94 26.24 21.68 19.85 18.81 18.89 29.92 27.19 33.87 31.70 31.58 30.91 29.64 27.35 24.85
20.56 21.39 22.12 23.98 24.91 24.01 22.68 21.27 23.46 26.74 20.11 30.55 30.50 29.87 31.92 31.85 26.20 20.98 20.05 23.18 22.11 24.83 24.96 22.63 26.86 29.32 23.94 18.61 11.95 9.70 8.02 12.15 11.81 3.01 8.60 8.32 6.29 6.06 5.66 5.50 12.37 11.00 13.90 17.87 19.38 22.06 24.11 24.79 22.96 19.42 19.57 24.56 27.64 27.88 27.71 29.71 32.07 30.59 28.80 29.69 29.88 28.42 25.57 24.36 23.04 23.06 25.21 22.66 27.28 29.92 34.72 29.39 27.04 25.87 25.06 23.98 22.90 21.84
21.90 22.84 22.53 21.32 23.70 23.05 23.65 22.89 22.13 24.79 27.90 31.04 28.52 27.03 29.85 23.51 25.92 24.44 25.20 27.92 24.44 26.55 25.21 19.78 23.36 27.92 25.42 17.69 14.60 5.95 10.49 12.06 8.75 13.28 9.41 11.06 5.15 5.12 5.14 11.15 6.94 9.09 12.15 15.81 20.24 21.71 23.29 22.42 20.88 20.21 21.72 27.03 28.03 26.71 26.16 29.33 29.79 26.70 27.76 28.53 28.20 26.61 26.08 26.78 25.62 28.14 29.00 25.02 31.32 34.48 30.65 24.63 22.71 21.84 20.55 18.96 18.42 18.85
22.81 23.81 24.06 21.98 21.78 26.61 26.40 25.52 23.55 21.85 26.75 29.34 28.24 22.74 28.54 18.77 21.64 21.84 29.10 21.60 28.65 29.57 27.30 22.91 20.63 26.32 25.20 17.74 13.93 8.65 13.98 12.76 12.30 12.20 10.17 9.33 4.98 4.93 4.69 12.96 6.88 8.88 11.81 17.99 19.61 20.88 21.84 23.03 21.53 23.69 26.59 27.00 25.12 22.76 24.36 25.95 24.48 23.78 27.45 26.44 26.40 28.13 29.12 29.43 28.88 31.51 32.78 32.01 30.25 28.06 27.42 18.90 16.27 18.54 20.22 22.01 17.02 16.54
19.31 22.33 22.99 21.97 20.09 23.69 26.20 25.75 23.49 21.55 25.56 28.38 28.51 30.20 31.42 31.14 30.50 30.58 29.38 29.49 30.29 31.68 30.55 24.52 22.56 26.23 22.70 16.26 11.31 11.69 14.35 12.92 14.36 2.01 10.88 9.42 4.79 4.62 8.82 13.93 14.64 18.91 12.88 15.00 19.54 21.32 23.53 23.49 22.16 23.85 25.15 23.02 20.71 18.49 22.54 23.00 20.47 23.11 26.43 24.96 26.26 29.77 31.24 29.26 28.55 29.66 30.97 22.43 25.42 25.52 18.05 14.64 14.39 14.09 14.25 18.64 18.81 15.57
13.75 18.15 20.37 20.56 19.71 20.61 24.13 24.91 23.62 21.52 25.63 25.92 31.42 30.90 30.27 26.72 28.63 30.40 29.39 31.26 29.21 27.18 27.95 33.34 28.27 25.62 22.10 15.18 12.61 14.23 14.03 15.66 12.92 16.85 4.63 4.74 4.82 5.13 8.70 12.87 15.39 18.72 13.07 14.62 20.73 21.82 23.34 24.96 24.58 23.49 20.84 18.93 17.82 19.59 21.70 20.40 22.34 25.11 25.52 25.55 26.76 28.95 27.83 24.88 27.19 26.43 25.08 26.95 24.29 19.80 15.58 16.70 17.02 18.99 19.13 22.02 21.69 16.65
12.61 14.36 18.96 19.79 21.02 21.96 24.76 26.45 25.18 23.19 27.40 27.27 24.89 28.00 30.77 29.37 25.46 28.99 28.17 32.09 28.86 26.59 27.04 24.19 31.44 29.70 23.53 15.83 14.44 14.04 14.95 16.97 11.04 17.26 6.28 5.22 5.36 6.17 6.51 14.53 7.30 10.02 12.51 13.89 21.61 20.36 21.73 22.30 23.77 22.48 19.95 19.11 17.64 21.32 18.64 19.24 25.02 27.18 26.70 25.11 25.76 26.91 23.93 22.45 24.44 24.71 23.83 22.65 19.98 21.98 18.46 18.65 17.56 13.24 17.28 21.24 19.46 14.96
10.38 14.90 17.72 20.27 19.59 22.26 23.70 26.00 25.76 23.13 27.01 29.56 22.84 21.76 26.91 31.08 31.78 33.61 28.48 29.99 31.47 27.29 30.56 33.46 36.08 33.94 24.31 19.85 16.96 14.92 17.36 13.46 10.99 19.32 7.78 6.35 12.93 7.14 16.54 7.54 9.00 10.94 12.10 13.52 22.24 22.10 23.11 20.94 21.95 17.45 21.11 19.11 20.21 17.56 19.65 22.91 27.38 28.25 27.79 24.82 26.35 26.48 23.04 23.01 22.13 23.24 22.44 23.98 18.98 17.55 13.67 14.14 16.91 19.80 17.95 14.60 12.43 15.21
20.22 22.18 24.54 23.44 22.46 25.44 26.49 29.46 28.09 25.61 26.88 29.15 24.68 16.93 26.14 28.99 30.36 31.50 31.17 34.58 33.74 29.95 28.67 31.42 36.90 36.41 27.07 22.11 17.70 14.50 15.96 12.37 13.48 22.11 8.75 8.51 8.04 8.09 17.83 8.47 9.91 11.55 13.29 14.73 24.60 22.32 20.73 21.48 21.75 19.93 20.67 17.93 17.98 16.32 23.91 27.72 27.23 27.48 27.42 26.73 28.44 26.22 23.86 21.21 18.79 18.99 17.67 17.97 16.94 11.73 11.20 15.09 18.22 14.63 18.47 13.81 10.98 13.86
18.37 21.84 26.11 17.92 28.13 28.71 29.03 29.03 29.44 26.64 24.94 29.47 29.86 21.67 21.99 27.42 29.26 32.08 34.34 32.64 30.88 29.15 28.54 25.15 27.81 42.01 31.27 23.94 18.76 14.88 18.57 17.40 13.83 20.50 13.46 9.96 9.33 8.92 19.59 9.07 9.50 12.07 15.35 26.15 26.50 28.02 24.76 23.68 20.41 21.82 18.59 19.35 22.16 24.23 26.95 29.12 29.09 29.31 29.70 29.08 28.94 25.51 20.62 16.70 16.34 17.75 16.99 17.20 14.54 14.07 15.56 16.17 16.94 12.57 12.47 12.25 14.82 16.55
15.94 23.92 16.49 17.29 28.94 29.32 28.92 29.36 30.84 27.50 24.26 28.05 30.17 24.72 22.87 26.18 28.46 29.93 32.48 33.58 32.95 29.69 26.86 28.59 28.76 47.36 36.31 25.30 21.55 20.40 20.18 18.17 15.31 20.06 20.56 10.64 9.95 13.75 18.94 9.85 10.27 27.58 25.33 26.62 28.89 26.99 24.62 25.18 23.19 23.47 20.55 22.98 25.27 26.56 27.99 30.35 31.19 31.33 30.25 26.65 24.01 22.42 20.08 21.69 20.82 19.46 17.85 18.99 16.85 17.30 18.30 15.40 12.82 12.72 15.86 13.04 13.26 16.18
15.47 24.21 25.71 25.99 25.70 26.86 28.57 30.12 31.56 29.79 25.72 25.56 30.03 30.16 25.30 24.88 28.25 29.89 31.27 34.06 34.32 32.02 28.15 27.76 33.40 47.65 42.79 25.30 24.63 26.91 22.52 15.93 16.20 18.48 21.81 10.38 9.81 21.04 19.27 10.39 11.74 28.13 29.52 30.76 30.69 31.51 29.42 28.52 24.07 24.05 22.69 25.21 26.00 26.33 27.57 31.59 31.04 29.14 24.70 23.66 22.02 20.55 21.44 24.32 24.53 20.80 21.20 22.46 23.88 18.78 18.79 16.60 15.08 15.54 13.51 18.30 13.94 15.58
11.65 16.20 16.75 27.74 25.49 24.97 30.10 31.11 33.88 32.18 28.60 28.97 29.25 32.27 27.62 24.37 27.50 30.11 30.62 32.92 34.99 32.12 27.98 28.60 33.66 48.97 47.62 27.21 25.62 31.33 21.24 15.07 16.74 20.75 20.38 12.80 20.80 22.47 20.19 23.64 26.59 29.47 30.60 30.80 31.43 33.14 30.33 27.37 24.10 19.43 23.12 25.80 25.60 25.27 26.76 26.85 24.86 22.81 22.33 22.51 22.52 21.71 21.71 22.84 22.70 24.07 23.54 21.17 18.17 15.99 16.34 13.83 13.99 13.24 18.01 12.61 12.13 12.56
15.42 23.64 24.33 26.11 27.50 28.52 29.91 32.26 33.45 33.96 32.71 30.97 26.37 29.46 30.60 30.68 30.37 31.10 30.49 32.13 34.16 31.73 26.20 27.51 32.94 48.83 54.33 35.84 28.79 31.28 20.90 15.35 15.51 18.69 19.13 21.41 21.08 21.21 22.26 24.29 26.44 27.96 29.92 31.68 32.53 31.47 27.89 28.92 27.31 19.04 22.58 26.00 25.90 24.92 27.17 26.55 22.99 21.23 21.64 22.41 22.71 24.04 23.46 23.70 23.10 19.72 19.91 17.16 13.54 9.97 9.24 10.65 13.00 17.40 13.28 13.29 12.17 14.81
18.47 19.66 20.72 23.62 27.50 29.42 28.45 29.10 32.14 34.29 31.58 30.77 22.76 29.28 29.80 31.78 31.95 32.39 31.27 32.36 33.53 31.25 26.19 25.55 26.81 38.94 58.63 50.76 38.54 31.20 18.93 15.14 13.94 16.21 19.71 23.11 21.48 22.35 24.07 25.69 27.18 29.40 30.62 31.80 32.62 32.43 31.40 32.57 26.14 19.12 22.66 26.10 26.24 27.09 27.97 24.98 21.05 20.48 21.18 21.26 21.05 20.60 25.95 19.29 17.82 16.37 15.32 14.52 14.00 11.87 11.14 11.81 11.72 11.65 12.19 10.91 8.72 11.23
16.50 19.53 19.50 22.63 25.57 27.58 31.29 30.75 29.47 31.95 33.30 30.10 26.51 20.61 27.16 29.91 31.91 32.61 32.27 33.04 34.31 31.93 28.46 23.49 23.57 31.57 47.42 54.62 49.02 35.15 19.44 14.06 13.09 14.08 17.66 19.12 20.76 24.38 24.44 26.03 28.40 30.76 31.74 32.63 32.63 31.85 32.20 32.85 22.34 20.12 21.88 26.29 28.86 29.32 25.76 19.91 18.25 19.57 19.80 18.93 18.33 17.71 17.59 16.54 14.69 13.09 13.87 12.74 13.01 13.69 12.62 9.21 7.16 6.63 5.74 4.64 4.46 4.72
10.57 14.44 18.57 20.23 22.19 25.94 28.57 33.27 32.75 32.06 32.28 31.77 30.48 22.50 21.38 28.64 30.85 30.19 29.48 30.83 32.89 29.37 27.76 23.47 22.18 27.99 35.89 47.19 52.24 42.10 23.68 14.96 9.68 10.81 13.97 16.06 20.76 23.94 25.17 27.01 29.26 31.99 32.82 33.30 32.35 32.63 32.05 22.32 24.70 23.49 22.43 25.69 28.57 25.46 19.74 17.40 17.25 18.14 18.66 20.95 20.62 20.48 16.70 18.60 16.12 12.16 9.53 8.72 10.44 9.68 9.16 15.96 16.07 9.18 9.16 8.75 8.89 7.78
13.92 10.72 17.56 19.76 20.67 23.41 26.81 29.69 31.44 33.43 34.59 32.76 33.21 31.00 22.85 25.63 31.03 33.82 32.73 33.72 34.11 28.92 25.81 23.10 22.98 28.01 33.49 39.60 48.74 44.24 31.45 24.30 6.00 7.41 10.07 15.73 22.23 23.86 24.05 26.89 30.09 31.76 32.53 35.06 36.78 34.96 33.71 24.41 26.89 26.99 24.53 24.90 25.60 20.43 15.79 18.92 21.98 21.06 19.75 21.16 20.78 20.21 14.86 16.21 14.09 13.31 14.02 14.58 14.79 13.99 13.32 15.40 17.08 17.17 16.29 16.87 17.03 14.25
15.63 12.01 8.98 18.74 22.44 23.79 24.92 26.94 31.16 29.15 32.04 33.48 32.52 27.31 23.03 25.49 29.66 35.19 38.46 40.38 40.60 36.00 30.39 25.79 25.76 28.54 24.83 33.66 43.07 43.96 41.16 31.58 6.43 5.26 9.44 14.68 19.23 21.54 23.78 27.08 28.37 29.77 32.46 35.61 37.45 36.20 35.47 25.63 26.87 27.75 26.24 25.42 25.84 24.72 22.61 24.65 26.06 23.91 25.34 22.04 19.58 18.13 16.64 15.54 16.03 12.92 13.74 14.48 15.20 16.01 15.28 13.80 13.93 13.97 8.96 8.75 13.20 16.25
15.30 16.50 16.89 10.59 14.22 16.93 21.15 26.01 28.21 30.95 31.35 28.19 24.45 23.36 25.85 25.66 27.10 31.58 35.69 40.17 46.02 45.81 41.33 37.08 31.41 25.61 27.59 28.86 37.19 41.02 42.46 36.42 11.46 4.61 11.04 14.06 18.56 21.26 23.72 26.30 28.84 30.29 32.97 35.23 37.67 34.27 36.24 26.21 27.05 28.39 29.17 30.31 28.93 26.87 26.40 24.83 21.97 20.06 19.85 18.78 17.01 18.23 16.69 15.63 14.81 13.66 12.61 12.26 11.43 10.14 6.82 12.35 12.85 14.20 15.36 11.75 13.74 15.41
14.97 17.02 23.70 18.24 14.22 18.04 19.52 21.78 24.43 25.61 29.34 30.18 32.19 28.25 22.57 26.39 26.06 28.34 29.18 29.25 34.45 41.79 45.89 47.62 41.53 35.14 28.57 29.26 34.58 38.81 40.86 37.62 17.27 6.71 11.19 13.96 16.85 19.65 23.91 26.81 29.00 30.47 33.15 34.38 38.06 36.74 36.66 27.19 28.40 29.44 30.72 33.68 31.55 23.70 19.11 16.53 13.01 12.68 13.90 12.92 12.89 12.69 14.46 12.71 11.00 10.49 9.53 6.81 12.87 13.83 13.91 13.77 14.30 13.00 17.01 17.34 15.83 13.64
