examples/cougarCreek-fire/createInputs/WindNinja/wrfout_d3.2015081200.f12/cougarCreekFire_08-12-2015_1200_217m_non_neutral_stability_vel.asc
ncols	146
nrows	140
xllcorner	610065.000000
yllcorner	5095217.000000
cellsize	216.586807
NODATA_value	-9999.000000
[rows 70 to 104 of 140, columns 0 to 77 of 146]
13.26 11.48 8.30 11.09 13.88 14.41 13.56 13.23 13.51 19.49 16.16 16.35 16.21 15.05 12.83 8.63 7.66 15.58 16.16 14.68 14.81 15.40 13.89 12.95 12.54 7.08 8.82 17.25 21.02 22.31 23.79 20.15 17.12 18.86 22.26 22.17 22.93 25.13 26.70 19.37 15.02 15.42 16.57 15.90 11.96 8.78 18.68 16.26 15.92 10.76 10.07 19.00 19.69 14.71 13.75 10.08 14.39 7.64 4.78 1.98 4.54 3.92 2.21 0.79 0.24 0.33 0.38 8.30 0.44 2.38 5.25 7.22 10.25 11.41 11.68 11.98 12.70 10.67
9.47 8.98 9.47 17.42 13.64 14.97 14.70 20.55 20.49 20.54 21.84 22.96 22.58 19.60 14.27 7.47 9.31 16.36 16.07 15.52 13.64 14.88 12.71 9.58 6.50 8.77 14.35 17.07 18.28 20.11 22.48 19.78 15.92 18.98 20.04 21.00 20.87 22.40 24.99 14.26 18.70 25.06 15.08 26.83 13.52 9.65 8.53 17.23 18.89 18.20 11.91 10.89 17.56 16.77 18.30 13.34 11.18 14.99 6.34 2.36 4.05 5.80 4.98 3.64 2.41 1.49 0.89 0.57 8.38 1.07 3.01 5.39 9.56 10.02 11.22 13.12 14.53 14.92
10.86 11.15 11.93 19.95 15.16 17.01 17.42 23.92 23.19 22.46 24.11 25.10 20.59 21.60 17.11 7.14 10.87 16.15 16.79 16.26 16.51 13.75 13.34 11.17 7.51 6.31 15.27 17.23 18.15 19.68 21.43 17.98 14.70 21.17 20.03 21.10 19.87 21.96 22.61 13.28 19.09 26.04 13.60 15.92 15.45 10.99 18.59 8.99 11.69 10.20 10.14 10.74 18.38 11.12 12.77 17.64 9.07 4.96 15.48 4.20 1.99 5.31 6.07 5.42 4.73 4.27 3.89 3.36 2.96 2.97 9.55 9.94 10.07 8.81 10.43 10.33 15.56 15.90
11.88 12.27 19.55 19.83 14.17 16.06 17.06 24.38 22.89 22.55 23.18 24.92 20.53 23.13 19.68 9.25 12.60 16.60 18.48 16.66 16.35 16.04 11.76 9.37 8.39 7.69 18.57 18.36 13.95 19.90 19.53 15.61 13.90 19.99 12.25 19.71 17.52 16.72 21.31 11.91 19.94 27.38 12.95 14.48 21.88 12.92 9.26 22.05 21.33 21.89 10.84 12.51 18.90 6.06 14.05 9.02 9.43 4.28 4.93 4.82 2.92 4.32 6.31 6.40 6.06 6.02 6.25 6.59 6.90 7.14 10.06 10.73 12.02 12.54 13.94 16.69 17.33 17.64
17.26 17.38 18.08 17.77 10.85 12.22 20.89 21.47 21.06 21.63 22.54 24.30 25.83 23.60 20.03 10.58 13.45 19.72 17.59 17.53 16.58 9.87 13.92 12.78 3.71 7.31 16.04 13.80 13.33 17.82 16.84 14.26 18.20 11.90 11.86 18.89 18.19 17.75 21.12 10.31 14.09 24.69 25.50 13.15 15.37 14.63 10.50 18.17 24.01 18.48 21.15 20.54 19.24 13.67 6.26 16.42 10.50 5.26 5.18 10.72 4.16 4.05 6.29 7.36 7.22 6.89 6.98 14.34 15.61 17.37 15.90 17.73 18.53 18.77 18.42 18.59 18.48 18.74
17.37 17.49 23.95 15.93 15.54 16.17 18.37 19.35 20.64 23.17 24.61 20.76 25.32 22.79 19.09 9.69 14.53 14.67 14.35 18.30 18.17 11.16 13.71 10.14 4.59 17.46 16.86 19.02 19.22 19.18 16.40 15.36 17.49 11.10 18.85 16.74 15.09 20.95 19.80 14.03 12.30 25.15 24.10 12.76 14.06 26.46 12.55 9.84 23.44 15.07 23.33 21.98 19.69 13.80 6.68 13.82 20.81 18.93 13.48 22.49 5.42 5.10 6.53 8.49 9.19 8.94 8.72 8.66 14.49 18.28 18.53 19.36 19.74 20.32 20.79 20.88 20.24 20.81
18.45 20.69 17.42 15.80 14.70 15.21 17.82 18.67 20.71 16.17 20.20 23.13 21.72 24.67 18.59 8.81 19.85 19.93 19.07 18.41 19.74 12.12 13.39 5.14 15.06 15.60 17.33 19.08 17.11 19.11 16.99 16.57 12.19 12.13 15.84 7.83 16.55 18.46 19.24 12.66 14.98 23.53 26.25 16.80 13.20 15.10 21.01 12.15 21.80 21.79 23.52 23.01 23.27 14.09 14.64 14.63 19.85 21.20 14.05 14.74 11.83 6.35 7.09 8.82 10.34 10.86 10.75 16.80 9.75 16.70 18.54 19.13 19.96 20.53 22.50 22.53 20.99 21.09
19.06 20.64 17.56 16.08 15.02 16.49 18.05 18.47 24.06 13.52 18.79 23.69 22.78 22.70 19.20 10.71 21.84 21.03 20.77 21.35 20.36 15.91 14.07 14.29 11.90 14.14 15.89 18.42 19.28 19.82 17.36 17.09 11.82 18.14 16.35 7.64 15.87 19.35 18.24 12.04 20.39 23.18 24.70 16.48 12.41 15.02 27.89 13.37 19.76 22.47 21.88 23.30 22.72 16.13 15.88 15.63 20.61 14.16 7.60 7.10 24.17 8.10 8.77 9.57 10.60 17.26 17.12 16.63 14.96 15.30 18.52 18.58 19.21 19.92 22.10 13.87 21.18 22.54
21.44 21.26 17.64 16.13 15.79 15.81 20.30 17.53 18.18 10.95 16.25 23.33 25.73 24.19 19.14 12.77 23.94 22.25 23.33 21.90 15.91 7.86 14.89 7.67 4.39 14.54 15.91 17.34 18.20 19.21 12.72 14.01 15.57 16.22 17.65 7.57 15.43 18.06 10.88 12.14 18.03 21.58 21.50 14.88 17.45 12.85 22.29 26.14 19.85 24.13 21.31 23.85 25.54 16.18 15.73 15.59 20.43 23.51 18.86 12.55 16.09 15.12 8.65 8.79 9.63 16.55 9.66 15.76 9.66 9.36 8.67 15.21 18.63 18.75 20.71 12.18 14.07 15.04
20.20 21.66 18.41 16.23 16.26 22.45 19.42 16.08 20.03 10.73 20.49 21.17 31.19 24.79 17.16 16.52 20.43 10.74 23.13 9.01 9.40 9.14 15.71 7.09 3.17 15.65 16.28 17.08 17.11 17.08 17.85 12.73 15.98 16.64 18.13 7.27 4.37 17.76 9.97 11.40 15.24 20.88 20.63 12.38 7.04 22.32 20.42 22.96 25.40 20.43 22.71 23.43 26.00 16.78 8.36 8.32 8.15 23.81 17.87 13.13 7.49 16.85 14.52 13.07 6.60 8.86 9.49 9.47 9.96 10.16 9.91 9.41 8.84 16.29 19.44 19.93 12.05 14.49
21.91 21.02 18.50 17.24 17.78 16.69 14.97 21.55 19.22 17.33 15.14 30.33 22.74 23.87 16.73 23.83 13.34 13.10 10.96 10.42 10.53 22.29 9.48 6.11 2.97 15.55 16.11 16.44 16.68 15.60 16.92 16.03 18.43 17.44 15.21 7.93 8.68 17.30 9.32 10.61 19.24 17.08 19.38 19.93 10.34 11.95 17.71 13.54 15.58 12.46 24.88 19.79 26.97 8.12 9.35 10.51 10.53 10.53 16.17 9.82 8.53 6.77 5.42 21.76 4.97 7.34 9.76 10.29 10.23 10.00 9.95 10.09 9.65 8.81 15.92 20.19 10.47 12.79
22.55 19.18 18.82 7.86 20.04 16.93 17.59 16.54 19.15 20.69 13.53 16.21 20.97 22.25 17.21 23.41 14.90 15.22 13.00 11.74 22.59 14.65 9.30 5.14 2.94 16.34 15.62 14.24 15.23 14.41 15.26 16.77 16.93 17.03 14.72 14.57 16.05 9.16 9.74 14.08 17.69 10.75 18.65 17.74 19.59 17.61 14.45 9.09 13.75 14.22 11.81 20.51 29.85 9.01 10.58 11.82 12.09 11.45 11.15 10.81 9.69 7.90 6.36 5.52 16.19 6.28 8.27 9.55 9.60 9.60 9.26 16.14 9.74 9.77 9.51 9.45 9.61 10.24
22.62 19.40 19.19 17.57 22.87 16.22 18.11 10.69 18.01 17.28 11.43 15.10 20.44 19.65 15.64 23.72 15.27 16.87 15.59 26.71 23.15 12.83 8.66 4.71 3.30 17.86 12.47 7.57 16.83 12.61 15.03 11.19 15.73 14.99 17.03 11.36 16.55 9.16 9.17 15.20 13.12 8.56 8.40 15.42 15.45 19.41 10.83 4.82 9.23 23.23 14.81 9.98 9.07 9.81 9.77 9.29 10.16 10.03 9.32 9.26 22.98 9.16 8.24 6.97 6.29 5.96 5.86 20.23 8.12 15.95 8.25 8.30 18.62 10.29 10.47 9.65 23.09 7.86
20.64 19.35 19.93 19.22 18.19 16.66 16.18 10.21 19.36 18.80 10.62 14.07 19.32 17.89 23.19 13.36 14.91 17.60 18.53 29.85 23.33 12.44 7.94 5.19 14.14 16.83 13.39 16.25 17.90 8.09 14.41 11.59 13.45 15.03 14.96 17.00 9.27 10.13 14.38 14.70 7.87 13.30 14.74 15.51 17.89 17.92 15.44 1.53 4.85 19.87 23.53 26.23 7.93 8.17 6.39 5.13 5.74 15.75 16.68 6.87 8.15 19.46 9.58 9.36 8.10 16.34 5.02 14.78 7.09 7.39 7.31 7.16 18.99 16.07 14.77 9.05 16.04 17.60
23.37 19.41 21.60 21.62 17.09 17.64 7.59 9.86 21.58 18.04 11.64 14.54 21.88 16.92 14.80 14.11 14.76 17.31 31.20 28.89 16.39 11.72 7.46 6.07 4.37 17.64 17.00 18.73 17.44 7.14 14.90 10.59 11.81 14.22 15.22 15.48 11.22 11.01 17.07 6.45 5.56 4.33 10.13 16.69 15.66 18.71 16.16 0.52 2.92 13.23 22.34 5.82 6.28 4.45 2.69 2.15 2.24 3.31 4.32 4.86 5.55 16.08 7.19 17.16 7.90 5.91 12.85 14.13 14.83 6.96 7.22 6.79 16.67 17.76 17.95 16.55 14.59 16.86
24.18 21.20 22.13 19.06 18.10 17.80 17.48 17.36 22.35 11.96 13.33 15.51 15.28 20.85 23.61 14.78 28.02 31.02 30.18 27.32 17.82 12.58 8.02 6.68 12.04 18.11 17.82 18.38 19.07 8.00 13.22 14.04 13.38 13.38 12.83 9.62 10.53 10.81 12.40 6.38 6.79 4.52 1.60 9.49 13.14 16.53 9.04 8.20 1.70 4.18 18.00 13.40 1.91 0.79 0.35 0.16 11.28 0.56 1.27 1.93 2.14 13.23 2.95 3.33 22.84 20.89 13.93 13.59 13.91 15.70 14.31 6.71 11.72 12.90 17.95 13.87 13.38 14.17
23.86 22.84 20.97 18.23 21.39 19.78 19.00 20.20 20.23 11.27 14.57 16.46 13.19 21.74 24.85 26.13 27.18 28.84 19.10 19.11 17.67 13.62 9.80 8.14 20.66 16.46 19.47 18.83 19.27 14.16 14.38 14.33 12.89 4.26 12.15 7.97 11.45 12.87 4.55 6.78 7.93 5.01 1.80 8.52 14.52 15.49 15.22 2.15 1.83 2.68 15.05 14.95 18.01 1.94 1.00 0.88 1.07 8.34 1.31 0.79 0.56 0.35 0.04 0.81 15.51 22.97 14.42 13.46 14.89 15.91 4.80 19.41 16.41 12.24 13.14 14.30 13.51 14.04
25.35 21.98 20.29 20.26 22.30 19.11 10.77 11.75 11.65 11.59 15.36 17.82 13.40 21.27 21.46 25.29 27.90 23.68 19.02 18.66 16.44 13.12 10.74 17.06 22.11 21.63 21.53 20.67 20.35 18.44 15.14 13.02 11.75 7.13 10.10 9.02 11.45 10.52 9.72 7.34 7.60 5.13 2.50 8.59 8.52 14.64 13.20 3.08 7.08 7.45 11.76 14.92 5.40 3.46 3.08 2.49 2.16 2.30 2.66 7.25 9.69 7.92 1.82 1.08 15.25 2.81 13.81 12.57 13.59 13.39 14.93 12.66 11.98 5.05 4.35 8.62 7.82 11.84
25.40 20.65 19.80 23.12 22.44 22.44 19.21 20.34 12.01 12.46 16.17 19.40 15.36 14.49 22.53 23.36 27.22 19.27 19.27 18.46 15.02 12.20 11.02 24.71 24.81 23.58 22.21 21.98 21.44 18.50 16.96 15.71 14.15 7.33 5.21 9.10 10.79 10.91 7.61 7.76 6.99 5.92 4.41 8.57 6.18 8.96 10.43 9.18 6.15 5.47 8.54 12.58 4.46 15.59 4.01 4.62 5.19 4.75 4.12 6.87 7.40 7.06 7.75 2.87 13.48 18.74 14.27 12.75 13.45 12.94 12.28 12.20 14.07 16.76 5.29 5.56 6.17 6.18
21.01 19.56 23.80 23.63 20.61 20.72 19.82 19.77 10.88 12.39 16.70 24.50 17.55 11.44 23.68 23.38 26.95 18.38 19.42 18.19 13.88 11.30 11.24 25.12 23.82 11.03 12.14 18.75 21.52 18.97 8.15 16.13 15.14 7.26 5.67 11.93 11.17 11.14 7.61 7.83 7.78 13.06 6.56 10.07 5.70 9.20 11.20 6.90 5.77 6.67 7.02 11.03 5.08 4.89 3.86 5.52 3.85 3.31 6.37 5.90 10.87 5.36 6.50 9.96 13.33 12.71 16.45 13.35 15.40 15.14 11.07 12.65 12.40 12.28 9.18 13.53 11.09 6.23
20.78 19.30 23.36 23.02 19.26 20.27 20.11 18.83 9.58 11.42 16.27 26.08 19.52 15.40 25.80 10.57 27.27 17.72 18.86 17.49 13.42 10.75 23.35 21.88 9.99 11.12 12.13 24.11 21.30 21.16 20.08 17.25 17.19 9.48 6.64 8.63 9.94 10.06 7.37 7.67 7.74 6.89 7.89 4.99 5.72 6.38 11.32 6.74 6.84 6.77 6.77 7.17 5.55 5.19 5.55 4.51 5.73 2.35 5.23 5.26 8.37 12.68 5.44 9.42 11.22 12.56 17.18 15.91 17.53 17.74 19.04 11.49 2.98 2.70 4.06 11.27 10.45 10.26
19.99 18.56 21.52 21.37 17.99 18.35 18.88 19.47 8.49 9.93 14.95 19.94 20.14 17.47 14.01 26.37 25.49 18.19 18.52 16.68 13.11 10.46 22.22 20.31 9.14 11.43 23.75 23.42 24.23 21.74 19.63 17.29 14.23 13.85 7.51 12.57 10.86 10.61 7.39 11.88 8.64 7.95 8.99 7.39 6.92 8.58 4.16 5.90 6.32 6.58 6.28 6.03 8.41 6.90 4.83 1.99 1.78 2.12 4.35 6.04 7.61 4.59 10.10 6.91 12.14 3.00 14.02 8.38 10.58 11.64 11.18 16.99 3.31 3.21 13.10 8.86 9.95 9.73
23.09 20.32 20.75 21.62 21.33 19.98 18.06 17.74 18.50 8.42 12.74 24.49 18.88 25.55 14.65 26.31 15.76 24.18 18.88 16.38 12.80 15.67 21.35 6.41 9.32 12.75 20.56 22.08 22.14 23.17 19.01 14.83 15.13 15.65 12.26 13.73 12.96 7.47 11.31 8.56 8.81 8.65 8.14 7.37 6.74 2.71 4.75 5.36 6.52 6.82 6.80 6.94 7.26 7.59 7.89 8.88 1.96 2.84 4.25 1.75 4.96 9.15 4.64 6.88 13.50 4.17 2.57 15.70 10.08 11.20 10.94 16.61 3.43 3.10 8.89 7.70 14.34 12.17
23.40 11.78 11.16 9.71 18.92 19.07 17.17 7.50 18.50 8.87 25.18 22.90 17.27 25.36 22.35 23.63 26.15 22.41 19.11 16.58 12.85 15.44 17.55 19.56 10.50 14.18 21.63 21.51 20.69 18.73 16.98 12.55 16.49 17.06 15.35 11.03 5.48 5.39 6.68 8.97 9.12 7.56 6.62 6.26 5.37 4.81 5.11 6.44 6.82 7.26 8.02 4.40 5.08 8.39 7.95 7.88 5.33 9.58 3.50 1.39 2.92 3.25 6.14 9.19 9.88 10.38 10.08 6.01 15.67 10.23 10.50 17.02 3.82 3.16 7.74 11.27 9.85 4.55
12.49 12.23 12.02 10.57 22.70 20.11 17.69 7.90 9.60 10.20 10.97 24.48 24.18 22.31 22.11 22.32 22.86 24.30 18.43 16.71 12.75 12.98 18.66 19.19 11.04 14.54 22.73 19.47 15.07 19.31 20.13 15.26 19.35 16.82 6.40 6.10 5.85 5.57 7.33 9.32 8.09 6.50 6.49 6.45 5.63 5.34 5.80 6.47 7.04 7.57 8.39 2.20 3.63 8.31 7.90 7.90 8.04 8.13 7.11 3.95 1.45 6.84 11.37 6.99 6.66 11.44 13.86 11.19 16.26 10.58 11.58 16.16 4.54 7.48 9.63 8.42 6.82 8.85
20.21 10.97 22.24 9.93 21.57 18.87 7.62 18.98 9.81 19.91 23.17 22.92 23.14 20.98 21.58 20.52 22.88 24.30 17.24 16.97 13.32 18.87 18.29 7.64 11.07 14.30 21.25 15.54 11.96 20.68 10.52 18.26 17.50 15.25 7.12 7.16 6.93 6.94 8.87 9.96 7.68 6.11 6.17 5.81 5.13 4.84 5.28 6.12 6.87 7.35 7.74 7.85 7.54 7.50 7.90 8.17 8.09 7.93 8.03 8.37 6.46 5.08 9.02 6.55 6.46 6.72 6.93 10.17 10.91 11.51 11.43 11.67 8.52 8.67 10.86 11.99 5.24 6.30
9.94 9.19 22.89 20.08 19.97 19.44 7.49 18.85 19.68 23.73 19.55 23.44 23.81 20.83 21.10 18.97 23.74 24.44 16.01 17.18 14.82 22.47 8.26 8.28 11.48 14.32 19.38 15.47 20.69 19.53 17.04 17.47 17.47 6.85 7.08 7.54 7.92 8.74 10.69 10.98 8.15 5.95 5.38 4.76 4.37 4.50 5.00 5.52 5.94 6.44 6.78 6.84 6.90 7.17 7.51 7.74 7.91 8.05 8.09 8.13 9.62 6.42 7.09 6.83 8.48 6.49 5.89 5.32 5.07 12.14 12.16 11.34 8.05 11.74 12.85 8.64 4.76 5.75
11.85 10.62 22.43 20.79 18.22 19.09 19.39 7.95 20.74 26.35 14.20 25.47 24.58 23.47 16.35 20.70 21.42 22.01 14.79 18.89 15.73 13.34 10.49 10.05 12.24 18.14 13.72 20.33 16.85 8.76 16.35 8.74 7.52 6.73 6.66 7.11 7.93 9.65 12.03 12.32 9.20 6.24 4.76 3.53 3.34 4.05 4.75 5.04 5.28 5.76 6.17 6.53 6.81 6.94 7.04 7.29 7.59 7.80 7.93 7.90 7.73 7.59 7.55 7.37 6.93 6.46 6.05 5.60 5.15 4.85 4.65 4.43 4.36 9.95 5.62 10.56 10.95 5.63
13.30 13.33 11.93 21.37 21.61 8.17 18.17 8.49 9.62 11.04 26.03 26.12 24.15 21.58 16.22 14.51 23.11 18.17 18.34 24.74 14.59 14.36 13.30 12.69 19.01 16.56 17.33 9.62 17.20 16.97 14.89 7.53 7.10 6.75 6.36 6.49 7.21 8.96 11.95 13.94 11.92 7.57 4.30 2.60 2.81 3.75 4.30 4.65 5.01 5.57 6.19 6.55 6.52 6.37 6.47 6.79 7.11 7.32 7.43 7.48 7.44 7.38 7.32 7.13 6.73 6.22 5.79 5.45 5.04 14.47 4.49 4.55 4.86 11.97 10.68 14.31 9.76 6.14
11.02 23.10 12.00 22.13 21.78 8.84 19.29 8.17 8.99 24.84 28.06 14.88 25.32 20.83 16.81 17.26 20.14 19.01 18.86 12.06 13.29 24.25 14.88 14.86 14.83 19.82 18.09 16.69 15.64 16.63 14.54 16.89 6.72 6.82 6.30 6.03 6.82 8.16 10.56 14.35 14.10 8.48 3.81 2.56 3.04 4.08 4.51 4.48 4.78 5.61 6.22 6.30 5.88 5.57 5.78 6.09 6.25 6.41 6.61 6.79 6.93 6.92 6.74 6.56 6.38 6.06 5.71 5.53 5.39 5.18 5.20 5.40 11.19 10.65 10.29 9.41 10.21 8.67
9.35 23.06 8.67 24.65 8.97 15.78 20.34 17.79 22.45 8.47 10.03 12.94 23.31 17.71 19.82 16.59 20.08 16.37 17.80 9.87 11.66 14.52 16.14 25.99 24.61 21.37 17.94 16.35 14.46 16.17 6.67 6.64 6.37 6.47 6.03 5.59 6.51 8.01 10.15 13.85 13.21 7.29 4.88 5.01 5.17 5.68 5.71 5.27 5.56 6.48 6.29 5.44 4.91 4.95 5.25 5.30 5.31 5.48 5.79 6.09 6.29 6.36 6.20 14.24 5.87 5.84 5.72 5.62 5.62 5.64 5.77 5.87 5.87 5.76 5.66 9.59 8.09 7.08
12.41 10.46 6.99 23.66 7.14 19.28 23.71 9.40 8.78 23.91 8.11 23.86 19.66 23.84 22.16 20.13 19.95 15.69 16.09 19.04 9.94 12.82 16.00 16.50 15.32 13.91 19.76 16.88 14.59 16.33 5.65 6.35 6.41 6.22 5.62 4.95 5.46 6.85 9.18 12.79 12.95 9.54 8.22 7.72 7.52 7.86 7.90 7.31 7.43 8.33 7.48 5.34 4.36 4.58 4.84 4.76 4.72 4.84 5.07 5.31 5.49 5.68 5.81 5.75 5.64 5.54 5.49 5.35 5.16 5.16 5.37 5.46 12.62 12.80 13.18 11.97 9.75 8.81
14.08 13.94 11.21 5.64 6.34 17.45 7.23 20.71 17.61 25.53 9.25 23.87 24.78 23.79 23.12 20.86 15.13 15.44 16.04 13.90 9.44 21.02 22.08 15.57 15.44 14.45 21.04 18.79 16.96 6.10 5.52 6.41 6.72 6.19 5.30 4.19 3.80 4.48 6.70 11.24 14.06 13.01 10.29 8.32 7.47 7.88 8.32 8.45 9.25 10.40 9.45 6.52 4.65 4.72 4.83 4.59 4.43 4.31 4.31 4.44 4.69 5.00 5.29 5.37 5.15 4.89 14.02 13.86 12.90 14.73 15.11 15.49 15.35 13.98 10.79 9.50 9.17 8.13
13.52 14.68 15.00 10.05 21.49 4.50 20.10 19.79 20.37 11.18 11.44 22.79 11.76 20.12 26.85 22.32 14.73 16.35 13.31 14.13 22.40 10.32 20.88 18.36 23.52 22.24 20.67 18.55 15.01 6.99 14.94 13.64 6.63 6.13 5.29 4.08 3.27 3.71 5.86 9.47 12.17 12.06 10.09 8.28 7.34 7.31 7.39 7.74 9.10 10.88 11.33 9.47 6.81 5.69 5.32 4.85 4.33 3.80 3.44 3.33 3.46 3.72 11.37 4.05 4.00 12.20 13.65 13.12 12.02 12.72 13.63 14.43 13.77 13.80 12.08 9.79 8.57 10.14
12.15 12.62 13.91 12.11 5.85 18.66 3.49 15.18 22.99 9.98 12.86 13.32 22.73 24.12 14.17 20.49 18.29 17.33 13.11 19.15 12.26 20.69 21.10 14.15 21.39 21.52 20.86 18.65 17.07 15.68 15.87 13.86 6.17 6.08 5.70 4.83 4.06 4.46 5.95 7.91 9.66 9.91 8.86 8.13 7.80 7.42 7.08 7.13 8.03 9.79 11.32 11.39 10.13 8.16 6.24 5.07 4.25 3.56 3.13 2.81 2.51 2.35 2.24 2.36 2.58 12.43 12.98 12.24 2.87 2.62 12.30 12.54 12.29 11.46 11.79 11.29 8.60 7.97
