examples/cougarCreek-fire/createInputs/WindNinja/wrfout_d3.2015081200.f12/cougarCreekFire_08-12-2015_1200_217m_non_neutral_stability_vel.asc
ncols	146
nrows	140
xllcorner	610065.000000
yllcorner	5095217.000000
cellsize	216.586807
NODATA_value	-9999.000000
[rows 105 to 139 of 140, columns 0 to 77 of 146]
12.92 12.36 13.37 12.73 9.07 3.13 22.01 2.40 5.23 15.75 11.03 14.03 14.47 30.31 16.14 16.14 19.82 17.28 12.86 17.70 19.60 12.17 14.18 21.81 22.04 14.03 19.27 12.47 17.66 16.09 8.34 6.69 6.22 6.21 6.26 5.90 5.09 5.04 5.62 6.47 7.67 8.13 7.63 7.49 7.72 7.55 7.15 7.09 7.79 9.23 10.38 11.31 12.43 11.92 9.06 5.85 3.95 3.20 2.90 2.64 2.29 1.99 1.73 1.56 8.96 10.12 11.41 2.20 2.30 2.20 2.02 11.93 11.63 11.10 10.76 10.87 10.33 8.72
12.92 13.75 15.15 14.64 12.53 8.90 4.69 2.55 19.57 4.80 19.17 10.70 23.63 22.68 14.88 16.80 21.63 18.05 13.58 14.35 17.29 18.01 20.20 14.78 13.41 19.78 13.77 13.34 19.15 10.49 9.44 8.04 7.19 6.92 6.84 6.68 6.24 5.92 5.87 5.72 6.30 7.00 6.93 6.83 7.15 7.28 7.05 7.03 7.75 8.78 9.42 10.48 13.09 15.12 12.24 6.44 3.09 2.27 1.99 1.77 1.57 1.75 1.89 1.74 1.36 0.92 0.89 1.15 1.25 1.24 1.31 1.31 1.43 10.11 10.38 10.90 10.28 10.61
13.38 13.22 15.29 16.62 15.45 13.15 10.09 6.26 4.36 3.66 16.77 22.09 25.04 9.88 26.13 25.27 16.08 15.55 14.35 11.75 16.42 17.11 13.66 21.07 13.26 12.52 20.31 20.24 11.74 10.98 10.22 9.22 8.33 7.90 7.44 7.03 14.75 14.24 11.42 5.89 6.00 6.60 6.75 6.70 6.92 7.10 7.03 6.96 7.57 8.33 8.56 8.98 11.68 15.38 14.39 7.49 1.53 0.81 0.72 0.53 0.32 0.83 1.12 1.30 1.31 1.14 10.95 11.32 12.16 12.22 12.54 11.86 10.94 10.09 9.79 9.12 8.87 9.12
12.80 10.29 12.00 15.57 16.23 14.05 11.43 8.80 5.69 21.35 4.65 22.48 7.00 22.27 23.22 22.80 18.86 17.70 17.14 15.25 17.59 10.65 18.59 20.18 19.36 20.24 18.35 18.53 11.50 16.71 10.54 9.91 16.75 8.59 8.14 14.41 7.17 7.83 7.97 7.53 7.21 7.07 6.99 7.02 7.29 14.68 7.39 7.25 7.63 8.28 8.01 7.69 9.83 13.78 15.53 11.32 4.50 1.74 1.06 0.86 1.06 1.62 1.95 2.30 2.57 9.73 10.83 11.32 11.73 11.75 12.01 0.96 10.81 10.38 10.09 9.56 9.11 8.80
15.34 10.97 10.85 12.74 15.64 15.03 12.31 9.45 7.20 6.40 6.06 6.43 22.26 22.69 24.13 22.81 13.01 18.29 17.59 15.66 16.09 17.09 16.18 19.35 16.83 18.91 19.02 11.89 11.36 17.47 10.28 17.27 9.45 9.14 14.87 7.78 13.98 7.82 8.56 8.69 8.33 7.92 7.70 7.57 15.00 8.32 8.46 8.13 8.03 8.38 7.98 7.52 9.71 13.51 14.79 12.33 8.20 5.07 3.61 3.12 3.07 3.51 4.07 4.60 4.81 4.69 10.01 10.90 12.06 2.67 11.40 1.78 10.79 1.66 2.15 9.80 9.50 9.57
16.83 14.72 9.95 11.07 13.36 15.76 14.91 11.97 9.32 8.25 8.41 7.54 24.49 9.29 10.29 22.46 20.62 22.28 11.03 16.71 14.05 15.63 17.49 17.56 17.23 16.97 18.44 16.79 17.33 17.89 17.09 10.49 16.13 15.66 15.06 14.84 14.53 8.24 14.45 8.57 8.51 8.45 8.44 14.80 14.99 15.23 9.67 9.50 8.99 8.89 8.70 8.50 10.50 13.64 13.90 11.79 9.85 8.39 7.11 6.33 6.08 6.27 6.73 7.17 7.30 7.26 9.51 9.58 11.25 11.81 11.94 11.00 10.49 11.44 10.38 8.92 9.44 9.41
15.69 15.48 12.19 8.01 8.52 12.40 15.17 14.73 11.43 8.65 8.83 9.49 10.62 10.00 23.30 25.10 14.10 14.26 12.04 8.76 7.55 7.89 8.56 16.79 16.43 18.06 17.15 18.65 18.38 11.20 15.36 11.19 15.40 15.13 15.34 15.14 9.27 9.39 9.25 15.18 15.13 15.21 15.22 14.93 14.75 15.20 9.98 10.64 10.51 10.15 10.15 10.46 11.96 14.22 14.65 13.31 12.05 11.08 9.73 8.57 8.20 8.28 8.44 8.40 8.06 13.79 12.98 12.26 11.89 11.39 11.51 9.67 8.10 8.59 9.55 10.48 11.03 10.82
14.75 15.12 13.80 9.32 6.81 6.96 8.59 11.99 12.66 11.18 21.33 9.97 20.91 23.37 20.60 24.69 12.84 15.07 14.10 11.32 9.37 8.89 8.75 15.37 14.10 16.05 17.32 12.32 12.05 16.85 16.51 16.42 16.54 10.88 15.95 14.20 10.16 10.24 15.93 15.59 15.67 15.38 15.68 15.59 15.02 8.83 9.63 10.89 11.59 11.54 11.57 12.00 13.17 15.05 16.14 15.83 14.74 13.33 11.61 10.06 9.42 9.38 9.33 8.84 8.07 7.74 8.01 8.32 13.78 13.37 13.66 13.56 12.68 13.10 12.25 12.49 12.34 13.15
15.22 15.15 14.85 12.88 8.49 4.61 4.26 6.06 8.32 9.24 7.33 18.41 17.13 17.59 20.79 21.89 9.09 12.59 14.45 13.77 12.05 11.13 9.98 15.38 13.87 14.84 16.12 16.82 16.18 16.16 15.81 15.47 15.43 10.82 10.52 10.49 10.62 15.72 16.03 15.77 15.89 16.26 16.78 15.90 14.60 9.74 9.74 10.84 12.02 12.39 12.22 12.22 12.82 14.31 16.08 17.28 17.22 16.24 14.76 12.81 11.67 11.17 10.47 9.47 8.52 7.92 7.64 7.63 7.76 13.48 13.13 6.32 13.88 13.93 13.77 13.75 14.38 14.67
15.71 15.49 14.98 14.42 12.74 9.71 6.36 4.15 4.64 4.11 18.37 5.24 6.97 22.81 23.86 19.12 6.20 7.64 10.81 12.54 11.81 11.24 10.54 15.18 14.02 14.20 14.46 14.74 14.98 15.41 14.98 15.56 10.51 10.46 15.71 10.62 16.30 16.08 15.65 15.69 15.79 16.61 16.09 12.01 11.99 11.77 11.25 11.39 12.19 12.63 12.36 11.94 12.00 12.91 14.61 16.75 18.38 18.67 17.87 16.11 14.33 13.03 11.73 15.98 14.90 14.48 14.03 13.90 13.57 13.90 14.12 13.73 13.58 13.80 13.76 14.81 14.90 17.20
15.46 16.11 16.34 15.68 15.27 14.82 13.44 10.38 6.62 2.91 1.24 3.21 19.47 22.56 9.94 8.24 7.75 7.09 8.55 10.07 15.34 17.33 15.91 15.08 13.53 12.28 15.66 13.40 13.76 13.60 16.76 13.75 14.57 15.22 10.50 10.51 15.78 15.84 10.35 15.87 15.59 15.37 15.52 15.80 16.39 12.79 12.77 12.43 12.48 12.69 12.48 12.04 11.87 12.39 13.43 14.82 16.83 18.37 18.80 18.13 16.08 14.03 12.82 11.83 14.51 14.69 14.86 14.75 14.43 13.36 13.63 13.10 12.94 15.09 14.26 14.69 15.01 14.88
14.20 15.61 17.12 16.63 15.41 14.23 13.65 13.38 12.14 9.67 5.08 3.33 21.55 19.35 8.63 10.52 10.22 9.06 9.54 10.06 10.03 15.85 14.19 13.85 13.47 15.81 13.97 13.01 13.18 15.56 15.41 12.38 13.23 14.85 10.40 16.17 15.62 15.65 10.25 16.00 15.32 14.77 14.89 15.73 16.74 17.53 12.77 12.95 12.87 12.93 12.91 12.60 12.39 12.79 13.63 14.17 14.97 16.32 17.58 18.28 17.26 15.26 14.01 17.88 16.11 15.17 14.77 14.46 14.73 14.66 15.62 14.78 15.54 15.80 15.47 15.78 15.13 14.67
12.75 13.83 15.65 15.99 14.99 13.19 12.23 13.13 14.37 14.37 11.48 5.21 7.32 10.96 10.30 10.32 10.79 11.18 11.18 11.12 11.01 16.74 15.26 13.59 12.48 8.79 14.01 13.90 13.39 13.73 15.37 11.94 12.88 14.47 15.19 15.09 9.91 9.73 15.54 15.59 15.22 14.46 14.06 14.78 15.73 16.79 17.15 12.38 12.76 12.96 13.12 13.03 12.81 13.05 13.94 14.58 14.69 15.12 16.20 17.43 17.63 16.66 20.04 15.23 18.44 17.71 16.46 15.15 15.64 17.85 17.88 16.50 16.79 16.57 16.28 15.52 16.56 16.92
13.39 12.58 14.12 15.44 15.86 15.52 14.63 13.86 14.35 15.94 16.95 15.81 15.01 14.52 19.75 8.62 9.52 10.25 10.61 10.94 10.80 14.82 9.24 11.94 9.52 9.95 13.33 13.48 15.59 13.90 12.76 12.82 12.84 13.86 14.86 15.14 14.84 15.10 15.23 14.76 14.67 14.11 13.88 14.32 15.54 10.44 16.24 15.73 11.35 12.02 12.58 13.04 13.17 13.24 13.90 14.87 15.34 15.52 16.18 17.14 19.97 20.37 16.50 16.15 19.90 20.18 19.19 17.29 16.76 18.40 18.91 17.17 17.12 16.75 16.55 16.32 17.11 17.86
13.15 12.43 13.62 15.36 16.32 16.53 16.42 15.51 14.52 14.20 15.22 15.92 15.06 12.42 10.37 15.87 7.38 8.56 18.24 9.62 17.51 14.08 14.28 8.65 9.31 14.94 14.10 15.00 14.91 16.08 12.32 13.55 13.14 13.56 14.22 14.48 15.02 15.49 14.74 14.12 14.06 13.87 13.47 13.96 14.23 15.04 14.89 14.47 14.78 9.99 11.13 12.49 13.31 13.64 14.08 14.81 15.61 15.89 19.57 20.26 20.45 20.16 20.61 20.30 20.38 20.58 20.69 19.89 17.99 17.95 19.75 20.39 19.98 18.80 18.16 18.35 19.80 20.57
12.30 12.77 14.11 15.89 17.14 17.49 17.45 16.52 14.52 13.77 11.45 10.94 10.12 9.41 8.21 8.29 16.88 16.38 15.95 16.54 16.44 8.46 13.88 14.19 13.53 13.16 15.17 15.81 12.47 11.00 12.32 7.99 13.34 13.30 13.97 14.50 15.68 15.32 14.43 14.31 14.26 14.57 13.83 13.73 14.15 14.29 14.43 14.33 13.82 14.05 14.79 10.93 12.19 12.96 13.54 14.02 17.90 17.93 18.16 19.18 20.28 20.52 20.30 20.79 21.53 21.48 20.86 22.42 20.63 19.02 20.32 21.14 21.16 21.34 21.03 20.96 20.97 20.82
12.93 12.51 13.56 14.74 16.54 17.75 17.67 16.35 14.38 12.56 11.47 10.60 10.05 10.02 9.55 8.13 17.06 15.94 13.57 16.34 15.44 14.04 12.43 13.88 14.50 15.04 15.58 14.79 14.00 8.48 16.72 13.21 13.45 13.55 13.98 14.73 15.13 14.97 14.99 14.08 15.16 14.91 14.52 13.90 14.00 14.05 14.25 14.42 13.93 13.91 14.30 14.95 15.45 15.83 16.03 16.14 16.59 16.67 16.59 17.42 18.93 19.73 20.26 20.81 17.42 18.14 21.75 22.97 22.58 20.81 20.41 21.35 21.44 21.54 20.97 21.58 21.24 21.55
13.22 12.59 12.71 13.74 12.43 13.42 15.71 14.95 14.13 13.33 14.22 12.65 12.18 11.98 12.09 11.63 10.38 16.60 8.94 19.83 15.43 14.92 14.53 14.85 9.40 8.88 17.58 13.91 12.29 8.77 14.55 12.99 13.77 14.08 14.34 14.85 14.62 14.47 14.85 14.80 15.54 15.54 14.52 14.32 14.25 14.19 14.51 14.61 14.36 14.39 14.79 15.22 15.45 15.46 15.63 16.07 16.17 15.99 15.58 16.14 17.62 18.68 18.55 19.84 16.28 17.09 22.30 23.13 24.06 22.74 21.49 20.59 21.02 21.71 22.05 22.80 22.78 22.46
14.08 12.81 12.57 11.46 11.55 11.32 13.17 13.19 13.70 13.67 14.45 13.48 12.68 12.39 12.86 13.40 13.01 17.31 12.78 19.90 15.96 15.17 15.36 15.70 10.24 10.39 16.33 10.07 10.18 10.23 10.74 14.89 14.68 14.06 14.41 14.50 14.30 14.55 14.69 14.75 15.29 14.98 14.72 14.52 14.48 14.16 14.34 14.57 14.50 14.62 15.05 15.36 15.78 15.57 15.77 15.83 16.01 15.81 15.07 15.16 16.57 17.30 16.72 18.03 18.65 14.98 16.37 21.48 22.10 22.86 23.14 23.40 23.91 24.07 24.16 23.78 23.00 22.46
13.11 11.34 11.14 11.96 10.70 11.99 12.77 12.79 14.17 14.36 13.99 15.66 13.44 13.19 12.86 12.54 13.42 13.16 15.58 12.33 16.88 15.29 15.44 15.70 10.59 11.45 11.03 10.85 10.64 10.56 10.02 15.52 14.75 13.62 14.51 14.18 13.78 14.00 14.16 14.53 15.09 14.97 14.93 14.69 14.74 14.96 14.47 14.83 14.39 14.64 14.97 15.23 15.46 15.84 15.83 15.64 15.65 15.32 14.68 14.48 15.10 15.02 15.24 15.63 16.16 12.45 14.12 19.78 20.12 20.86 22.58 24.49 25.20 25.33 25.14 24.12 23.58 23.11
12.10 10.82 9.73 9.83 12.83 12.61 12.76 12.81 14.81 15.84 15.63 15.19 14.86 14.53 13.88 13.22 13.49 13.93 13.73 14.71 12.19 17.09 15.93 15.48 15.77 15.56 11.30 11.02 17.05 10.76 10.31 14.88 14.36 14.67 13.65 13.00 13.35 13.28 13.66 13.79 14.47 14.36 14.36 14.59 14.72 14.80 14.43 14.77 14.12 14.30 14.64 15.02 15.61 15.82 15.97 15.71 15.16 14.32 13.52 13.07 13.24 12.24 12.19 12.72 13.81 16.02 17.75 19.53 17.06 17.00 21.37 23.27 23.63 23.74 24.31 24.21 23.43 22.67
12.32 11.16 9.80 10.81 11.96 14.10 14.72 15.05 15.70 16.51 16.97 16.50 15.26 14.36 14.27 14.73 14.98 30.76 12.91 22.34 16.36 19.75 16.82 15.04 11.56 15.07 16.11 16.26 14.86 15.00 10.08 10.10 15.57 14.15 13.56 13.21 13.74 13.67 13.92 14.81 14.41 14.39 14.27 14.45 14.61 14.59 14.36 14.88 14.52 14.35 14.52 14.68 14.92 15.56 15.99 16.44 15.34 11.88 11.32 10.91 10.67 10.73 11.00 11.39 11.95 12.77 16.22 15.58 17.39 18.40 21.90 22.64 21.80 21.57 17.55 22.79 22.83 21.61
10.76 10.45 12.00 10.91 12.72 15.76 16.40 17.02 18.52 15.70 15.45 15.49 17.02 14.37 14.60 14.95 14.83 14.71 21.16 20.31 19.24 20.36 16.67 16.40 13.55 16.89 18.71 18.39 10.28 10.04 14.26 17.07 15.22 14.19 13.68 12.82 13.25 13.31 13.64 14.11 14.63 14.25 14.52 14.79 14.25 14.71 14.65 14.54 14.90 14.86 15.44 15.77 16.07 11.06 11.65 12.20 12.48 12.25 11.72 11.31 11.22 11.42 11.73 12.21 12.84 13.73 14.79 15.95 15.81 15.77 19.95 19.99 19.75 19.62 20.12 22.61 22.05 21.05
11.14 11.11 11.13 12.57 12.93 10.58 11.11 14.41 15.05 14.74 12.80 13.85 14.65 14.86 14.67 13.52 12.43 13.08 11.65 19.31 21.69 17.52 17.50 18.07 18.34 17.97 18.20 12.04 11.00 9.80 14.75 15.38 15.16 13.51 12.98 13.16 13.33 14.36 14.09 14.04 13.66 9.63 9.75 9.63 9.71 14.98 15.17 15.57 9.93 10.51 11.11 11.81 12.18 12.51 12.91 13.26 13.24 12.74 12.06 11.44 11.35 11.82 12.51 13.08 13.56 14.11 14.51 18.00 17.10 11.47 12.02 17.96 18.49 18.71 19.75 21.75 21.02 20.17
11.28 11.35 11.54 12.60 12.34 10.76 10.75 10.75 11.66 12.15 11.66 13.47 14.35 16.75 13.11 11.54 10.41 11.23 12.08 11.37 23.25 17.69 17.89 20.11 20.24 19.85 18.27 12.82 11.36 10.56 16.16 14.36 13.83 12.45 9.67 12.98 13.82 13.58 13.36 13.25 9.87 10.26 10.48 10.57 10.72 11.01 11.07 10.90 10.85 11.28 12.07 12.84 13.40 13.86 14.28 14.52 14.34 13.37 11.94 11.01 11.29 12.50 13.74 14.50 14.86 14.96 14.73 14.05 13.11 12.52 12.87 13.74 14.21 18.37 19.54 20.56 20.99 20.35
11.75 11.54 12.06 11.98 13.06 12.27 11.98 11.76 11.96 10.93 12.26 14.69 15.37 14.84 14.08 11.48 12.86 11.49 12.53 13.62 14.00 21.23 18.25 20.31 19.91 16.85 20.17 16.18 11.14 16.58 15.86 15.13 14.36 12.87 9.81 9.91 12.96 13.25 10.06 10.12 10.39 10.84 11.22 11.48 11.61 11.73 11.92 11.86 11.79 11.94 12.37 13.04 13.75 14.35 14.97 15.56 15.66 14.75 12.84 11.27 11.79 13.54 14.95 15.73 16.06 16.17 16.05 15.94 16.01 15.80 15.32 15.16 18.41 14.99 18.91 19.72 20.27 20.26
13.18 12.82 12.69 12.59 12.78 12.55 13.21 13.32 13.26 14.12 14.59 13.49 15.83 15.17 15.31 13.17 13.03 14.45 15.05 16.24 16.25 15.30 21.11 21.47 19.07 20.00 16.38 15.33 10.02 16.84 15.58 14.53 14.23 12.51 12.86 13.16 13.53 9.89 10.30 10.77 11.13 11.42 11.60 11.74 11.86 16.27 16.39 11.93 12.11 12.31 12.64 13.16 13.84 14.59 15.33 16.15 16.86 16.73 15.68 14.54 14.60 15.45 15.85 16.15 16.49 16.73 16.78 16.70 16.58 16.35 15.95 15.57 15.38 18.12 18.12 19.01 18.99 18.68
14.95 14.47 13.93 13.37 12.60 13.30 13.25 13.48 14.87 15.27 16.12 14.49 16.44 16.50 15.88 19.22 15.35 16.18 17.09 17.40 17.16 16.64 15.51 24.45 18.52 19.75 18.44 19.91 18.46 15.65 14.64 14.33 13.54 11.72 8.18 10.35 8.77 9.87 10.90 11.42 11.58 15.82 16.10 15.94 16.45 16.17 11.90 11.63 11.66 11.88 12.33 12.87 13.48 14.19 15.10 16.13 17.08 17.51 17.52 17.41 17.54 17.23 16.20 15.64 15.65 15.74 16.04 16.14 16.23 16.23 16.05 15.93 15.82 15.74 15.60 15.32 18.34 15.05
17.41 16.17 14.96 14.08 12.88 13.00 13.11 14.32 14.69 15.58 16.17 16.45 16.44 17.36 16.99 17.14 17.17 27.39 17.51 17.47 17.41 17.26 16.65 25.52 20.67 15.25 19.76 18.79 17.40 15.67 15.58 14.96 9.89 8.67 9.19 10.49 11.57 12.12 11.89 15.83 16.13 16.72 15.75 11.02 16.28 16.62 11.56 11.25 11.10 11.33 11.77 12.24 12.68 13.20 14.06 15.15 16.05 16.61 16.90 17.43 18.07 17.61 16.38 15.36 14.66 14.40 14.76 15.16 15.31 15.48 15.54 15.58 19.12 19.05 18.77 18.03 15.72 18.33
19.02 17.13 15.37 14.24 12.32 11.89 10.84 12.51 15.19 16.71 17.78 18.06 18.14 19.05 18.55 19.38 18.64 20.04 18.34 18.32 18.56 18.51 17.97 17.23 22.79 15.76 14.80 20.87 18.65 17.77 16.71 11.18 10.83 11.87 13.55 14.42 14.47 14.04 13.18 18.62 16.68 15.87 10.85 11.03 11.46 11.53 11.19 10.95 10.89 11.11 11.54 11.80 11.76 11.85 12.47 13.28 13.98 14.67 15.27 15.97 16.62 16.72 16.34 15.64 14.81 14.13 14.12 18.19 15.08 15.26 15.10 14.67 17.33 18.89 18.85 19.05 19.39 15.78
19.82 16.88 15.41 14.76 12.25 11.78 10.39 14.61 19.06 19.40 19.04 19.20 20.13 20.45 20.65 20.83 19.80 19.89 19.98 20.20 20.38 19.87 18.81 17.33 23.78 21.56 14.86 21.36 18.91 17.30 12.60 12.63 14.00 15.56 16.41 15.81 14.79 13.75 12.55 18.67 16.35 11.09 10.74 10.71 15.77 11.16 10.93 10.71 10.59 10.66 11.13 11.72 11.26 10.32 10.40 10.87 11.33 12.24 13.51 14.41 14.97 15.37 15.51 15.43 15.13 14.54 14.13 14.40 14.93 15.23 15.01 15.88 15.32 15.82 14.20 17.93 18.72 14.57
20.32 17.04 14.21 14.86 13.66 16.16 20.25 23.63 23.51 21.51 20.42 20.37 20.38 20.53 22.01 22.05 22.01 20.87 20.84 20.71 20.00 28.41 17.89 16.91 15.75 16.61 20.20 20.15 19.50 15.17 15.07 16.16 16.90 16.61 15.44 14.10 13.08 12.31 11.38 17.62 11.24 10.95 10.70 10.59 15.27 10.55 10.52 10.35 10.10 9.84 10.25 11.50 11.75 10.01 8.94 9.07 9.53 10.46 11.98 13.16 13.64 13.92 14.30 14.61 14.75 14.68 14.48 14.27 14.27 14.48 16.24 16.61 16.63 16.06 15.39 15.90 17.30 17.62
18.68 16.70 13.89 13.66 15.95 18.74 23.11 23.65 21.84 20.91 20.81 21.01 21.89 21.44 22.91 22.79 23.11 21.51 20.97 21.82 18.42 17.05 16.41 16.35 16.46 16.19 16.58 22.22 19.67 16.31 17.16 17.68 16.62 14.43 12.31 11.18 10.53 10.20 10.09 15.48 13.76 10.50 10.43 10.34 10.17 10.07 10.14 9.97 9.65 9.24 9.24 10.57 11.92 11.04 9.24 8.79 8.98 9.55 10.67 11.75 12.31 12.64 13.05 13.54 13.84 13.96 13.90 13.63 13.33 13.37 13.38 13.40 17.34 17.45 15.20 15.29 15.88 15.58
16.42 15.61 13.56 10.78 14.74 18.13 20.38 18.71 17.30 18.27 19.87 21.17 21.90 22.28 22.43 23.61 22.16 23.39 20.82 20.57 18.07 16.76 15.88 16.04 16.74 17.15 17.50 17.17 20.63 16.29 15.74 14.62 12.61 10.31 8.77 7.79 7.96 8.26 15.54 13.17 9.93 10.09 12.95 13.03 9.77 9.51 9.24 9.31 9.26 8.87 8.13 8.09 9.88 11.08 10.22 9.32 8.97 9.12 9.77 10.62 11.32 11.78 12.12 12.52 12.80 12.83 12.71 12.54 14.61 11.85 15.63 15.04 15.91 16.19 15.49 14.64 15.14 14.13
16.61 14.94 12.88 9.79 14.52 17.79 18.90 16.72 15.46 17.09 19.55 21.36 22.30 22.74 22.90 22.75 22.34 21.71 20.72 19.47 18.30 17.01 16.04 16.23 16.97 17.55 18.14 18.36 22.13 15.80 13.77 11.24 12.60 8.11 7.16 6.93 6.28 7.05 13.25 12.16 9.30 9.83 9.74 9.37 9.18 9.10 8.69 8.76 8.73 8.41 7.32 6.60 7.97 10.39 10.56 9.38 8.91 8.81 9.30 10.09 10.84 11.37 11.65 12.00 12.21 12.19 12.08 11.82 11.41 12.83 12.41 12.35 10.16 14.74 12.54 12.94 13.85 13.98
