examples/cougarCreek-fire/createInputs/WindNinja/wrfout_d3.2015081200.f12/cougarCreekFire_08-12-2015_1200_217m_non_neutral_stability_ang.asc
ncols	146
nrows	140
xllcorner	610065.000000
yllcorner	5095217.000000
cellsize	216.586807
NODATA_value	-9999.000000
[rows 48 to 95 of 140, columns 0 to 95 of 146]
336 350 6 13 8 19 29 29 39 38 45 48 54 61 69 54 52 54 68 64 58 41 32 39 50 57 70 74 72 70 66 61 66 47 51 57 355 345 340 339 338 333 333 344 316 299 280 287 272 268 282 304 317 320 315 312 312 311 313 324 335 341 345 348 353 6 19 28 4 3 360 332 7 4 341 356 4 46 357 354 321 314 4 7 15 16 10 4 2 358 348 337 341 335 338 338
331 341 356 4 9 20 33 45 47 46 47 51 55 58 48 57 52 51 46 52 56 39 36 49 49 55 66 68 72 77 65 68 66 57 49 55 21 340 336 337 334 319 311 325 344 311 330 317 310 307 311 318 325 329 326 322 315 306 302 306 319 337 351 359 343 342 346 347 317 321 333 11 9 11 13 5 358 359 45 28 341 306 1 357 9 14 12 9 5 1 354 347 339 333 337 334
328 336 352 5 22 47 53 49 48 48 57 63 61 58 49 41 43 41 42 52 54 45 42 38 36 44 55 65 76 78 61 67 67 55 45 53 21 343 339 335 330 312 303 305 313 331 326 323 322 318 317 320 324 325 323 315 303 299 297 297 299 315 344 3 13 18 23 26 27 26 30 33 33 11 10 18 39 37 37 5 38 30 8 349 356 4 9 10 8 5 359 357 354 346 344 348
323 334 354 21 46 45 43 46 48 55 60 45 60 53 50 34 39 40 46 53 50 47 45 27 32 45 62 76 81 77 58 67 68 52 41 53 5 352 346 340 328 308 291 292 304 305 284 292 299 299 298 304 316 326 331 320 308 306 296 294 294 302 311 351 14 22 2 22 334 0 18 10 10 16 16 41 40 38 40 10 43 36 19 0 290 348 351 3 7 5 2 2 1 357 353 351
320 334 0 29 34 37 44 46 46 56 62 50 34 35 34 34 38 43 49 51 48 50 53 59 34 62 75 82 80 63 54 65 67 52 43 45 8 359 352 343 331 311 289 279 287 281 278 264 269 271 276 283 299 321 336 342 331 312 303 296 291 288 307 312 2 28 32 30 6 12 44 46 47 52 59 62 64 62 59 52 352 32 22 16 7 247 296 346 349 356 1 4 4 2 359 355
321 340 14 26 30 30 34 39 45 55 47 53 24 31 40 40 40 51 53 52 49 47 49 31 49 68 74 70 64 56 46 55 67 52 58 36 21 14 5 2 345 323 293 276 275 276 278 278 283 283 271 277 280 289 312 331 334 314 305 303 295 293 305 312 325 3 93 22 8 14 41 50 47 43 39 36 351 50 354 55 43 35 356 331 321 9 359 347 342 340 348 358 3 5 3 360
317 337 12 13 12 16 33 45 48 51 54 53 26 39 54 53 50 60 60 56 49 43 41 35 45 58 58 55 61 57 40 58 68 54 56 30 11 6 14 10 350 338 318 282 263 262 266 266 264 267 274 295 279 279 282 289 292 287 287 283 272 267 266 263 274 314 40 33 2 342 269 280 48 111 53 54 55 76 25 359 331 325 300 21 18 298 6 284 354 339 336 326 356 359 360 359
299 324 1 5 4 15 43 49 32 28 49 51 33 43 54 57 55 63 62 54 46 38 35 38 48 50 51 57 67 58 39 61 67 56 41 31 17 29 17 0 355 354 341 4 305 263 253 257 264 268 269 269 295 273 279 273 261 255 262 259 257 281 256 217 179 168 248 298 195 128 121 118 186 36 113 103 48 349 171 62 227 291 22 17 16 14 12 10 1 351 350 351 349 353 355 358
282 308 354 9 14 41 63 41 34 21 42 38 53 38 57 59 56 67 61 45 41 34 30 39 50 49 57 68 70 54 42 56 66 57 40 31 18 31 7 4 358 1 347 16 350 307 264 251 251 256 271 272 269 269 267 282 278 273 270 268 233 190 192 182 166 151 182 136 127 117 110 156 185 172 107 102 97 83 55 34 297 25 19 13 13 332 9 5 2 359 359 301 357 284 295 352
293 304 356 23 48 72 72 27 16 21 41 61 44 40 61 63 68 83 67 32 35 30 31 46 51 47 61 71 62 44 47 63 73 73 69 54 22 25 2 1 358 355 352 340 323 350 310 296 264 252 252 259 267 268 259 273 267 215 214 205 202 205 195 186 167 148 131 118 113 112 111 105 165 91 82 70 52 32 23 327 310 288 268 301 8 8 3 2 5 6 4 332 317 303 357 304
317 317 14 38 19 65 34 31 32 37 76 71 44 61 79 89 94 103 109 62 30 27 47 59 49 52 68 71 53 43 58 71 72 69 64 53 13 21 41 5 358 350 350 347 336 358 347 334 321 299 270 257 253 261 254 230 211 212 220 213 212 208 191 195 196 201 143 135 127 120 112 141 87 64 41 26 20 19 347 343 24 19 320 304 285 285 310 2 321 5 2 4 6 2 356 329
325 332 17 344 22 52 76 27 28 62 76 65 76 99 109 108 106 105 103 95 28 33 50 45 41 60 71 63 49 52 71 74 61 59 36 56 12 7 4 19 11 355 357 350 351 343 334 321 325 327 318 299 270 257 253 253 246 237 228 218 209 210 211 189 153 137 200 197 183 160 99 74 44 23 16 16 17 22 347 354 347 16 335 332 330 4 309 301 305 318 1 4 323 330 357 325
321 331 39 47 43 76 77 28 60 78 87 100 109 117 116 117 113 106 93 70 24 24 32 31 48 64 65 56 56 65 74 61 57 55 38 32 49 5 8 9 14 359 352 346 344 344 341 341 328 326 304 300 306 296 294 296 294 292 292 283 262 245 231 202 127 226 159 98 87 65 31 14 11 11 15 20 343 345 23 21 19 343 340 336 328 327 317 318 314 317 324 330 3 331 330 333
316 350 46 34 37 91 86 55 78 90 96 105 104 115 117 115 111 102 81 50 24 19 28 42 55 63 62 61 64 65 59 53 55 52 34 23 50 7 10 7 9 359 355 348 338 339 335 330 319 313 303 298 296 296 315 325 333 339 344 348 351 353 351 11 77 70 53 38 25 11 4 5 10 15 343 345 20 23 23 22 20 17 15 14 13 14 342 337 328 320 314 320 2 333 357 355
348 27 60 38 45 48 32 83 98 108 110 103 109 114 113 110 105 91 68 355 23 20 13 26 44 57 61 63 65 61 54 53 72 50 26 20 15 11 12 15 12 3 0 359 343 339 334 323 318 304 295 293 302 304 309 321 333 342 349 354 358 3 7 11 15 11 7 7 8 7 6 10 15 18 344 19 22 26 27 25 22 20 19 19 344 338 337 336 328 323 319 310 307 311 318 329
46 56 72 82 77 86 110 121 123 109 106 103 104 111 111 105 96 73 53 5 11 11 8 18 41 52 60 66 65 59 53 66 69 42 29 16 18 10 14 16 15 358 349 0 351 343 341 336 328 309 300 299 304 295 297 306 321 335 344 350 355 1 7 9 7 2 358 0 8 13 14 14 17 20 349 24 28 33 34 30 24 22 23 347 341 330 327 330 329 323 319 308 297 305 299 308
53 62 76 99 122 128 125 122 102 101 97 94 96 103 105 98 87 347 10 10 358 12 14 20 34 42 61 69 63 57 57 50 50 32 24 17 20 19 18 20 16 3 350 351 356 346 343 341 336 327 303 291 292 304 290 298 314 330 339 342 345 351 2 7 8 4 1 3 11 19 20 18 20 26 31 35 39 43 338 329 332 341 343 346 349 345 338 334 330 323 322 319 313 315 310 316
3 56 63 77 59 61 63 75 85 90 92 93 92 93 94 92 87 338 19 7 9 33 19 12 28 45 68 79 67 64 60 44 40 30 20 19 25 21 20 29 22 11 354 342 351 344 348 341 338 341 314 291 293 307 288 290 304 324 340 337 333 337 350 2 7 7 8 12 17 23 26 26 27 31 36 42 43 40 35 32 28 28 316 314 308 304 309 309 309 316 310 293 310 300 310 353
54 57 65 49 52 47 45 57 70 80 91 97 93 87 85 88 343 344 27 10 3 57 355 355 26 52 82 86 82 77 61 42 32 29 20 21 32 20 23 44 28 13 355 340 343 338 343 338 335 325 331 309 307 304 287 286 293 319 345 341 331 329 337 352 4 8 11 18 22 25 29 349 349 30 35 3 35 28 25 27 28 30 33 321 323 31 31 27 287 292 309 2 318 314 319 355
57 52 51 41 43 39 37 45 57 70 70 92 91 86 83 83 316 352 25 13 31 44 10 356 19 54 90 94 74 60 52 37 30 32 27 24 36 26 27 48 27 21 39 48 358 325 329 327 316 337 327 310 312 307 276 278 287 312 348 355 344 333 328 338 358 7 8 15 24 30 346 345 349 32 34 36 34 31 32 38 44 357 339 320 338 341 327 327 299 311 5 299 322 356 356 353
44 39 20 34 38 37 42 42 51 62 74 83 86 85 83 82 320 10 22 9 33 26 2 10 15 79 107 101 73 54 48 42 25 32 33 30 35 29 32 48 35 46 53 48 37 24 334 325 317 326 320 300 303 300 296 295 275 294 339 13 13 348 300 316 314 352 356 5 26 37 38 36 339 34 339 41 46 51 2 355 344 52 45 304 308 315 315 307 30 14 2 295 298 297 295 345
40 37 42 36 41 40 39 44 51 60 66 73 80 83 60 82 323 25 18 3 25 23 20 18 22 96 127 103 63 49 55 37 25 28 30 37 39 33 33 49 49 51 32 48 38 25 342 322 312 310 311 305 307 309 286 277 296 269 303 29 51 65 135 203 227 254 310 339 25 40 40 37 346 36 39 341 9 9 52 47 41 35 33 35 36 37 35 30 19 9 5 359 352 299 351 349
45 51 22 39 45 45 43 46 52 50 63 66 73 79 84 80 327 31 19 8 13 19 33 28 52 108 121 98 54 52 64 47 25 25 29 41 38 29 34 51 55 52 51 50 43 31 332 333 320 322 316 303 311 321 306 272 266 317 268 8 47 49 50 37 301 246 245 303 19 48 49 47 351 353 351 351 349 5 40 357 30 26 27 28 27 23 18 13 11 10 8 2 356 353 350 308
3 7 16 44 38 40 39 37 42 44 48 51 54 60 80 76 333 33 22 16 10 25 49 42 83 109 106 69 42 58 63 39 23 25 33 38 34 30 35 58 49 31 54 22 48 34 25 329 324 321 320 316 316 325 318 291 269 268 261 286 39 42 35 27 22 20 20 26 303 48 56 55 344 341 342 349 357 356 358 352 27 23 347 21 20 16 11 9 10 13 11 7 3 0 356 353
4 1 4 29 25 30 31 33 36 37 44 48 62 68 71 57 339 39 26 20 14 46 62 45 92 129 96 52 49 63 59 33 18 26 47 43 28 17 36 59 48 24 53 52 49 37 334 20 346 346 331 323 321 340 313 302 285 279 304 270 5 39 36 29 23 18 16 16 12 15 333 345 337 334 335 33 3 4 3 359 354 341 345 17 17 16 14 13 14 15 15 12 334 8 5 1
351 352 18 15 16 25 29 32 33 37 44 50 67 71 67 45 344 41 37 22 27 63 67 47 101 121 65 53 77 65 46 28 18 37 61 46 22 6 32 57 47 22 50 50 26 42 29 345 345 340 344 329 325 356 337 313 296 313 290 286 318 25 34 30 22 15 13 11 7 8 329 333 340 343 341 345 2 0 3 5 356 338 340 16 17 20 22 21 19 18 18 19 18 16 332 325
14 16 12 9 8 24 28 34 37 42 51 59 65 79 70 48 347 54 56 21 50 74 61 59 147 116 58 75 79 55 33 22 18 62 65 43 16 4 29 53 56 23 22 49 50 46 37 340 347 356 333 327 326 353 354 328 319 339 318 328 309 357 25 25 19 14 10 339 337 346 356 350 352 352 349 349 359 0 1 22 358 343 333 331 19 21 25 330 331 21 20 23 25 24 318 19
356 10 22 4 5 19 32 37 40 47 60 82 68 83 75 54 354 61 59 30 62 75 63 85 144 69 57 63 54 48 36 19 48 71 50 28 14 11 26 44 56 16 18 47 48 18 41 33 341 359 339 337 335 350 353 347 330 312 305 306 316 338 8 17 17 13 8 5 332 339 355 357 354 355 357 355 356 3 0 359 358 342 333 329 331 21 25 349 327 316 24 27 28 28 323 319
2 17 8 358 1 18 36 38 40 59 68 79 82 58 73 55 19 61 49 46 62 73 82 140 70 55 61 58 45 50 41 23 56 62 36 43 1 19 25 42 46 17 11 34 45 46 358 2 339 356 350 342 342 352 352 352 331 316 312 306 342 332 351 7 14 12 9 344 3 332 346 354 356 355 2 9 355 3 4 350 342 344 19 19 334 24 351 345 336 33 29 314 29 29 30 321
357 14 6 358 4 24 40 37 40 57 66 72 70 50 66 47 35 59 53 57 67 79 92 71 22 54 60 53 46 54 49 29 61 46 28 35 356 16 28 46 29 15 14 28 38 41 17 37 340 358 357 346 349 355 353 353 331 325 349 340 322 330 341 359 10 352 352 350 340 332 335 347 356 354 4 19 4 1 18 0 350 354 345 343 341 27 355 338 336 329 33 31 310 29 32 31
8 16 8 0 9 30 36 35 46 66 75 72 67 48 63 44 46 63 61 67 81 101 91 117 135 41 48 50 47 58 72 31 41 34 19 96 353 11 40 58 14 4 15 21 28 40 31 2 346 356 358 345 348 359 1 355 328 331 331 314 310 344 331 351 9 353 16 346 14 8 3 326 338 345 2 15 22 22 16 345 358 19 357 347 344 30 32 352 347 349 335 34 36 308 353 36
5 17 10 2 9 33 35 36 44 81 69 81 57 69 59 6 63 62 69 81 92 102 61 114 127 35 45 54 48 58 63 33 22 35 12 21 80 10 53 60 20 359 1 16 40 21 30 31 355 341 355 340 341 4 4 4 360 326 345 322 344 306 335 349 2 18 19 15 13 9 8 7 6 333 352 3 16 18 15 11 350 23 10 2 349 35 37 42 43 41 41 342 328 323 308 348
12 18 12 359 9 35 45 39 46 63 88 51 81 71 51 37 52 63 71 83 92 74 107 113 133 33 46 67 54 48 60 36 22 43 14 14 2 15 65 51 16 17 352 360 18 23 25 42 41 30 345 339 336 358 359 3 2 359 3 360 358 345 324 310 335 7 18 14 13 12 9 9 11 10 328 339 4 11 2 17 336 360 37 14 353 351 44 49 49 49 1 4 356 324 58 59
10 19 13 360 16 37 45 49 42 45 79 80 83 72 47 52 54 65 74 83 69 60 102 105 119 20 57 83 53 25 56 46 41 35 14 358 4 43 63 18 13 36 7 347 344 9 21 35 40 33 21 334 347 354 350 359 6 1 359 5 9 3 349 334 335 345 12 18 16 14 10 339 14 13 7 359 357 5 18 27 30 338 39 45 10 351 352 2 17 57 352 349 7 332 63 67
12 20 14 0 24 32 42 56 40 38 70 76 81 70 48 55 58 67 75 62 61 94 95 96 104 26 76 117 45 20 47 65 46 24 14 4 11 70 64 9 20 30 28 353 335 352 13 31 42 5 359 26 8 348 344 354 9 7 1 9 346 11 3 353 335 332 1 342 20 345 14 9 357 12 9 4 333 4 357 37 40 42 351 53 54 16 356 6 345 19 9 348 16 19 335 64
17 23 14 9 21 26 42 58 38 35 68 80 77 64 34 51 59 66 72 54 54 90 84 82 356 45 76 77 47 34 55 70 26 24 28 11 51 75 30 16 48 4 3 352 346 338 3 28 54 14 350 349 358 345 344 349 7 359 354 8 14 349 8 4 356 312 354 358 21 19 16 9 355 0 339 13 327 347 352 48 51 55 330 360 32 34 25 3 15 343 2 345 345 14 19 67
17 22 16 19 21 26 37 57 36 46 71 83 49 57 48 53 63 70 63 56 81 81 72 67 62 46 63 65 55 42 41 58 10 24 30 31 59 58 29 100 105 129 324 349 352 339 352 286 74 26 352 17 352 351 352 344 351 14 10 3 8 354 8 350 10 12 351 358 352 19 17 14 334 356 343 336 332 336 344 79 351 72 69 325 359 35 33 30 27 5 350 4 82 360 352 90
15 21 19 20 18 25 41 43 36 60 72 83 76 31 51 61 55 60 57 51 74 68 60 60 19 52 64 65 57 54 25 52 22 8 31 51 56 45 63 84 94 109 134 5 359 348 348 33 97 75 351 3 15 54 20 357 354 301 3 360 6 351 5 13 331 326 338 351 358 346 343 22 314 336 339 340 340 339 323 297 311 353 3 13 16 14 23 12 31 35 8 353 357 308 100 113
8 20 22 19 15 25 39 39 41 58 73 82 79 36 47 54 58 54 81 78 72 61 52 57 26 62 65 66 61 39 28 87 42 352 26 56 39 40 108 97 97 108 157 18 14 349 353 206 160 109 4 346 334 180 186 159 188 354 210 191 165 129 338 81 339 332 339 344 351 352 17 325 318 327 336 338 343 356 336 80 85 284 337 357 15 6 21 88 88 2 2 66 88 87 86 91
7 20 25 19 14 24 31 41 46 57 73 79 76 30 40 52 59 50 77 75 69 59 55 29 37 55 64 67 62 50 67 83 35 137 355 41 27 41 70 121 105 104 150 24 41 354 7 190 42 39 16 350 317 195 191 180 174 190 198 349 340 344 188 161 342 52 345 341 344 351 1 351 340 60 78 324 319 331 348 333 291 87 314 344 26 37 40 49 85 86 85 84 83 81 79 76
9 20 19 12 17 19 28 36 44 56 71 74 68 24 31 51 57 77 77 76 66 59 61 26 45 59 74 77 64 63 72 67 35 126 330 36 22 27 150 138 129 127 147 29 62 3 2 10 43 163 33 356 162 328 4 188 338 339 189 341 342 341 334 183 335 329 335 334 335 338 350 352 342 322 73 71 75 81 88 321 321 316 316 333 35 5 30 90 86 83 80 79 78 76 74 71
19 22 17 10 18 17 25 35 46 57 71 54 64 54 30 54 53 81 80 76 67 61 63 36 59 65 74 74 57 62 99 58 41 108 129 21 26 26 153 146 145 15 155 27 77 351 343 22 73 66 53 8 158 176 345 192 348 337 0 338 338 337 332 323 322 313 318 324 319 321 330 349 3 359 341 317 325 321 77 287 293 281 95 94 279 91 88 89 86 82 79 76 73 72 73 74
24 26 17 12 19 23 31 34 47 59 70 52 60 51 28 67 49 82 80 76 69 67 18 49 56 69 76 58 51 55 60 48 39 30 108 356 42 31 152 148 145 84 156 3 59 326 328 97 188 175 77 20 161 172 190 10 182 330 184 185 323 323 181 329 332 324 311 313 304 302 309 336 146 115 91 345 343 350 325 89 89 85 84 86 84 83 86 88 87 84 79 76 75 75 77 80
29 28 15 11 15 23 32 32 51 60 69 67 59 53 55 47 46 79 80 77 73 70 32 51 66 82 64 56 56 61 52 39 36 27 22 8 48 33 150 79 91 44 151 354 34 338 83 194 186 177 175 169 301 274 261 335 24 314 339 183 336 302 319 301 331 183 326 313 299 292 288 309 163 158 2 349 345 356 356 316 315 345 329 82 82 85 86 89 89 90 87 84 83 84 85 87
20 37 13 7 13 11 33 36 35 75 79 42 65 37 69 42 78 44 79 78 74 28 44 58 80 92 52 55 66 63 41 31 23 19 18 27 48 65 80 143 87 31 149 149 161 78 93 96 180 177 179 171 305 170 181 304 301 274 339 2 344 338 289 283 320 200 198 328 307 296 293 313 164 169 346 332 325 323 316 301 302 324 349 11 359 24 44 12 93 96 99 98 97 96 96 97
20 9 11 359 5 1 35 60 41 87 53 45 75 45 47 44 50 58 79 76 72 31 47 60 93 96 58 61 60 59 47 41 25 31 41 71 112 120 126 130 139 151 152 145 153 89 86 181 176 174 176 29 319 171 179 181 250 283 298 309 345 322 278 272 283 324 327 313 311 284 279 321 178 178 343 335 331 311 101 98 98 99 100 323 2 27 5 96 94 97 81 104 105 103 103 101
360 6 12 6 4 4 33 55 68 78 87 49 48 50 48 45 50 52 81 78 75 41 44 58 102 99 64 57 49 45 48 36 38 50 77 81 88 99 109 116 129 147 153 151 155 165 172 176 173 169 169 49 295 174 179 180 252 183 256 286 300 328 295 182 189 265 304 306 307 285 277 313 192 342 342 13 106 355 307 97 100 100 99 98 97 6 11 32 98 99 352 102 106 115 111 108
25 4 4 12 5 6 34 52 63 62 50 50 53 49 50 46 44 53 82 80 81 30 48 99 103 101 61 56 95 56 96 43 50 57 66 71 79 90 100 106 117 138 147 151 156 159 162 166 168 165 162 162 166 174 178 179 180 182 186 188 310 264 265 187 185 181 182 274 284 286 277 288 326 327 343 5 115 101 96 292 107 109 306 322 330 97 50 20 32 102 100 25 104 106 109 117
