examples/cougarCreek-fire/createInputs/WindNinja/wrfout_d3.2015081200.f15/cougarCreekFire_08-12-2015_1500_217m_non_neutral_stability_ang.asc
ncols	146
nrows	140
xllcorner	610065.000000
yllcorner	5095217.000000
cellsize	216.586807
NODATA_value	-9999.000000
[rows 0 to 47 of 140, columns 0 to 95 of 146]
46 50 57 64 68 70 71 73 76 78 84 88 93 95 96 97 98 97 96 93 87 85 91 100 104 105 105 105 106 106 105 101 97 96 95 96 98 99 101 104 104 105 107 106 108 109 112 112 112 112 110 108 107 107 107 108 108 106 104 105 107 107 110 115 120 125 129 134 142 150 155 161 167 174 185 199 212 225 237 246 255 262 269 110 71 86 282 308 303 281 282 287 314 288 288 290
46 50 57 64 68 70 71 73 76 78 84 88 93 95 96 97 98 97 96 93 87 85 91 100 104 105 105 105 106 106 105 101 97 96 95 96 98 99 101 104 104 105 107 106 108 109 112 112 112 112 110 108 107 107 107 108 108 106 104 105 107 107 110 115 120 125 129 134 142 150 155 161 167 174 185 199 212 225 237 246 255 262 269 110 71 86 282 308 303 281 282 287 314 288 288 290
49 53 59 65 68 71 73 75 78 81 84 88 91 94 96 97 98 97 97 95 93 91 93 98 102 103 104 104 104 104 103 101 98 97 97 97 98 100 101 103 104 105 107 107 108 110 111 111 111 111 111 110 109 108 108 108 107 106 105 106 107 110 112 116 121 126 131 136 143 150 157 162 168 174 184 197 210 223 235 244 253 260 266 271 274 277 279 279 279 279 279 280 283 286 287 288
53 56 61 65 67 70 73 75 77 79 81 85 88 92 94 95 96 96 96 97 98 97 95 95 98 100 102 102 102 102 102 102 101 100 100 99 99 99 101 103 104 105 107 108 108 109 110 111 111 112 113 113 112 111 110 109 108 108 108 109 111 114 117 120 124 129 134 140 146 153 159 165 169 174 183 194 205 216 228 238 247 254 259 264 268 270 272 274 275 275 276 276 278 282 285 286
54 56 61 64 66 69 72 67 71 73 80 82 85 89 92 93 94 94 95 96 96 97 94 94 95 98 100 100 100 101 103 103 102 101 101 101 100 100 102 103 105 106 107 109 109 110 111 113 114 115 116 115 114 107 112 111 111 111 112 113 115 118 120 122 126 131 136 142 148 155 160 165 170 175 183 194 204 213 222 232 241 249 254 259 263 266 269 271 273 274 275 275 306 314 319 316
56 58 61 63 66 68 70 73 76 72 74 75 83 86 89 91 92 94 91 95 94 96 94 93 94 96 97 98 100 101 103 103 102 102 102 102 101 102 102 103 104 106 107 109 110 111 113 114 115 111 110 110 115 114 113 113 114 115 116 117 118 120 121 124 126 130 118 143 149 155 159 165 170 176 185 195 205 213 221 230 240 247 253 257 261 265 268 270 272 274 275 277 277 331 317 314
58 60 62 64 66 68 70 63 67 70 73 76 77 84 86 89 92 95 93 92 91 92 92 91 91 92 97 96 97 98 102 102 103 103 103 102 102 102 102 99 100 106 103 109 110 107 108 109 111 112 107 116 108 115 115 116 117 117 118 119 119 109 111 125 127 115 136 143 150 154 159 165 171 178 187 196 204 212 221 230 239 247 252 257 195 264 267 270 272 274 276 278 279 309 312 312
59 61 63 65 67 68 70 64 69 70 73 76 77 77 79 88 91 88 90 90 88 90 92 92 91 91 93 95 96 98 101 99 100 103 102 101 101 102 98 99 100 101 102 104 105 107 108 110 110 105 109 108 116 116 116 117 117 118 119 120 109 110 123 125 128 117 137 143 149 154 159 165 172 179 187 195 204 212 221 230 239 246 252 257 261 264 267 270 273 275 277 279 280 281 304 321
60 61 63 65 67 57 69 63 66 70 72 75 77 77 79 87 84 86 87 86 87 91 91 87 90 90 92 94 95 96 98 100 99 101 101 98 98 98 98 99 100 102 103 104 105 107 107 107 107 108 108 109 109 109 108 117 118 119 109 120 109 122 124 126 114 117 120 119 148 153 159 166 172 178 186 196 205 213 222 231 240 247 253 258 261 265 268 271 274 276 278 280 282 284 285 287
62 63 64 65 67 60 60 61 66 69 72 75 65 78 78 80 83 85 84 92 87 94 97 94 80 90 91 94 95 97 99 99 98 98 98 97 97 97 98 100 101 102 103 104 105 106 106 107 107 108 109 111 109 107 115 117 118 119 110 120 121 123 125 113 114 113 116 119 149 154 160 166 171 177 187 196 204 212 222 231 240 248 254 259 263 266 269 272 275 220 279 281 283 285 287 289
54 64 65 67 68 69 65 64 66 69 72 74 77 66 78 79 81 86 83 93 97 86 97 97 87 78 81 83 95 98 99 99 98 98 97 97 96 97 98 99 100 102 104 98 98 98 106 106 108 103 105 103 106 115 115 117 119 110 121 121 122 112 114 116 112 114 118 122 149 155 161 166 171 178 187 195 203 213 223 233 241 248 254 259 264 232 207 273 276 278 281 283 285 287 288 289
63 64 55 57 59 62 72 68 68 55 58 75 77 78 78 79 84 78 82 88 86 95 86 99 95 80 83 83 85 98 99 98 97 96 96 96 96 97 97 98 99 93 95 96 98 98 105 106 100 102 101 106 115 115 109 109 110 110 111 122 123 112 116 115 115 131 136 142 149 155 161 165 171 178 186 193 202 214 225 235 243 250 255 260 265 268 271 274 277 279 282 285 287 288 289 290
62 63 64 56 58 62 73 72 73 72 59 59 61 77 78 79 80 79 82 85 80 80 80 90 97 87 84 84 85 88 99 98 97 96 96 97 97 97 96 97 90 94 96 96 97 96 104 97 99 106 106 106 115 115 108 108 109 110 112 112 112 117 116 126 128 130 134 140 147 154 159 164 171 178 185 192 202 215 227 237 245 251 257 262 266 269 273 276 278 280 283 285 288 289 290 291
62 64 65 66 68 63 74 77 78 78 78 62 61 61 77 77 79 80 82 73 77 78 76 94 98 90 85 85 87 90 88 98 83 84 86 88 88 88 89 92 92 97 97 97 96 104 105 96 97 106 105 106 108 108 106 107 108 110 111 113 116 117 121 122 123 127 132 138 146 153 158 163 170 178 184 192 204 218 230 240 247 253 259 263 267 270 274 277 280 282 283 285 288 291 292 275
62 65 67 68 70 72 75 78 82 84 84 81 79 65 61 63 66 68 68 72 73 75 76 79 99 90 86 86 88 89 88 97 84 85 88 89 87 87 93 98 96 97 96 95 94 95 96 98 99 97 105 106 107 106 105 105 98 108 109 110 118 119 120 119 107 104 107 110 145 152 123 163 170 177 185 194 207 221 234 243 250 256 261 265 268 271 274 278 281 272 242 276 287 259 293 276
63 66 68 69 71 72 67 71 79 88 88 81 65 71 81 69 67 67 67 70 85 87 77 80 85 88 86 86 88 88 85 82 86 87 88 88 86 87 92 93 94 93 94 95 95 96 98 100 99 95 105 105 96 96 104 104 99 106 97 105 106 106 104 104 104 105 108 136 143 151 158 164 169 177 185 196 210 224 237 246 253 259 263 267 270 273 275 278 280 282 277 277 285 289 292 292
64 67 69 70 72 73 75 72 76 84 89 84 60 66 86 91 81 65 68 72 67 72 76 92 82 84 85 86 87 87 83 86 86 87 88 87 86 89 91 90 91 93 95 96 97 98 99 98 95 94 106 96 99 97 95 106 107 95 103 104 104 103 106 106 107 108 130 110 141 149 156 163 168 175 184 197 212 227 240 249 255 261 265 269 272 274 276 278 280 282 282 282 283 286 288 291
66 69 70 71 73 74 73 74 76 64 86 90 78 69 89 98 92 84 79 81 67 72 73 74 75 80 81 83 84 84 84 87 87 89 89 87 89 89 89 89 91 93 93 95 96 97 97 95 93 94 97 103 101 94 94 105 104 92 103 103 102 104 106 108 110 126 130 123 128 146 153 159 164 171 181 195 212 229 243 252 258 263 267 270 273 275 278 290 297 282 282 282 282 284 286 290
68 70 71 72 73 75 77 75 60 58 82 97 101 88 74 75 84 84 77 84 72 73 74 70 72 78 79 81 82 82 84 87 92 89 88 85 90 90 89 89 90 92 94 96 95 94 95 94 93 95 100 101 95 100 92 94 99 101 94 102 104 95 110 110 123 116 122 131 137 145 150 155 161 168 177 193 213 231 244 254 260 265 269 271 274 277 279 290 299 282 283 305 302 285 284 286
69 70 71 72 73 75 72 75 60 57 82 88 101 77 63 65 72 79 66 82 75 73 78 74 70 73 77 79 80 82 85 88 92 107 100 86 92 93 89 90 91 93 96 97 96 95 95 96 99 101 99 93 89 90 92 88 88 100 91 91 103 95 105 104 108 124 127 131 136 143 147 151 157 163 174 193 216 233 245 255 262 267 271 274 276 278 279 302 303 282 284 300 314 298 284 282
70 71 72 66 66 68 72 76 77 58 84 80 63 98 86 74 70 70 59 85 75 72 82 80 71 69 74 77 79 82 84 88 107 108 102 89 90 99 90 92 94 97 98 98 97 98 98 100 106 98 95 89 88 94 86 98 100 89 90 89 89 93 103 102 118 121 124 128 133 139 144 147 152 158 171 194 219 236 247 257 265 270 274 277 278 279 280 281 282 283 311 322 303 286 287 288
71 72 73 67 68 70 73 76 77 60 73 79 69 85 120 106 95 73 57 68 89 70 76 70 63 65 69 74 79 82 84 88 106 111 107 99 88 99 91 96 100 101 100 98 96 93 95 98 97 88 88 86 87 85 98 87 88 92 92 87 87 90 88 113 104 106 107 109 129 134 138 143 148 153 166 195 221 239 252 262 269 274 277 279 280 281 281 282 283 285 313 314 315 317 291 293
73 74 75 76 72 74 76 76 79 64 70 87 68 77 130 123 126 90 78 63 69 82 59 55 58 60 68 72 78 82 83 93 103 87 110 104 90 94 91 98 104 102 99 95 94 95 96 94 88 86 85 82 83 97 99 88 88 89 88 86 89 90 98 101 102 101 101 120 125 129 133 138 144 149 159 191 225 247 261 268 273 277 280 282 282 283 283 284 285 312 329 326 316 306 311 318
75 77 78 80 82 82 78 77 66 64 68 84 78 71 86 115 128 119 90 61 60 59 60 31 47 59 67 72 76 78 81 84 103 111 112 102 93 92 90 97 100 100 97 94 94 94 92 89 85 85 82 99 82 85 86 87 86 87 89 90 94 98 95 103 91 95 96 96 120 125 128 132 139 144 153 182 235 261 272 277 280 282 284 285 286 285 285 286 314 250 244 250 265 278 281 300
77 79 81 83 86 88 85 79 78 65 64 79 83 66 66 80 109 118 97 79 53 61 23 16 43 66 68 73 73 75 83 88 100 110 91 95 94 93 91 97 98 95 95 101 94 90 89 90 87 84 81 98 84 85 86 89 92 94 93 92 92 96 79 76 93 93 92 93 115 96 120 123 130 137 146 173 255 276 282 284 286 287 288 289 289 288 287 288 289 236 242 263 284 275 271 280
81 83 84 84 86 90 93 89 85 71 68 78 84 65 57 60 80 68 45 54 50 28 27 70 39 64 70 75 73 79 86 101 101 88 108 101 93 92 94 98 98 93 93 93 93 100 96 100 87 82 99 82 84 84 86 92 95 101 92 89 89 94 79 90 95 91 91 94 99 103 103 112 116 123 131 164 282 287 288 289 290 291 292 292 292 290 289 288 284 255 249 259 286 283 269 277
83 86 88 87 84 86 96 101 95 81 69 78 84 89 58 37 20 85 357 70 65 19 65 63 37 60 69 75 76 82 90 92 87 85 86 93 93 92 94 93 89 87 89 89 89 89 88 86 83 79 96 80 82 82 83 88 91 91 88 87 86 93 92 86 87 90 97 98 99 101 101 101 100 99 96 25 306 297 294 294 294 294 295 295 294 293 292 290 346 341 254 294 268 279 278 296
85 87 89 91 92 90 90 99 101 91 72 68 71 86 59 10 16 51 66 63 63 69 61 46 26 50 63 71 79 85 89 87 84 86 91 93 92 94 94 90 87 86 87 89 90 89 86 88 85 76 94 79 81 80 82 88 90 87 86 86 87 89 94 101 105 105 102 95 89 85 83 92 87 80 62 12 324 308 301 298 298 298 298 298 297 296 295 292 347 348 331 325 321 324 296 298
87 87 88 94 96 87 83 95 115 110 90 87 56 38 62 61 58 55 64 68 68 69 67 54 35 38 55 62 77 84 88 84 83 88 90 92 97 95 90 90 90 89 91 93 94 100 98 96 78 91 93 78 80 81 85 91 89 88 91 95 97 96 97 98 100 101 102 96 91 86 83 83 77 67 48 13 336 316 307 303 302 301 301 301 300 298 297 295 343 345 293 294 331 333 298 299
89 89 89 92 94 84 81 91 99 116 101 65 58 103 80 64 64 67 75 79 80 86 93 88 62 41 49 65 73 83 87 85 83 85 87 91 95 91 89 92 92 94 98 98 97 98 97 81 91 92 93 76 78 80 91 92 91 90 90 90 90 90 91 92 92 91 90 89 89 89 85 76 69 59 41 13 345 324 313 307 306 304 304 303 301 300 299 297 295 347 349 347 335 335 300 301
92 92 92 91 90 88 77 76 78 78 67 22 92 37 101 72 83 90 99 107 103 49 109 119 104 57 67 72 79 84 84 84 85 84 87 93 92 85 92 96 98 99 98 96 95 96 85 74 94 93 91 75 77 87 90 86 82 83 85 86 87 90 91 91 88 83 80 78 76 72 66 69 62 51 34 13 351 332 319 312 309 307 307 306 303 302 301 300 298 352 353 348 336 338 335 302
94 94 94 91 85 76 68 63 58 46 37 29 63 74 103 86 70 84 93 106 118 137 141 143 125 99 79 86 87 85 80 85 88 87 90 90 82 83 93 97 97 98 97 96 95 95 97 78 96 90 86 85 77 81 77 74 77 80 82 84 87 90 90 87 84 83 82 81 80 77 75 79 82 79 31 13 353 339 328 320 314 310 310 310 308 307 305 303 301 353 354 350 338 339 337 304
97 96 94 87 75 60 69 82 53 44 71 73 89 98 111 102 75 69 71 80 91 112 77 128 134 119 105 99 96 82 79 84 89 91 86 81 79 84 90 88 96 97 96 96 96 95 96 113 98 88 82 81 68 71 71 73 81 84 84 83 82 83 86 88 91 78 95 73 100 104 63 88 86 43 30 12 354 341 101 326 319 314 314 314 314 313 309 306 303 354 355 352 339 338 338 306
98 94 78 79 83 103 101 94 85 78 87 98 108 111 121 118 93 73 61 44 23 76 87 80 108 128 130 117 103 81 80 86 90 89 88 86 87 91 93 94 95 94 94 94 101 105 105 110 99 97 88 81 89 78 75 81 85 86 87 83 87 85 87 77 76 88 72 88 88 77 66 58 49 40 27 12 357 343 53 328 322 316 313 312 315 317 311 307 282 281 357 355 338 335 332 306
98 88 73 66 80 105 104 105 103 101 101 99 112 126 138 126 106 88 77 71 69 57 78 76 91 107 122 120 106 81 91 90 89 90 89 89 90 93 96 97 96 95 96 97 98 102 104 107 97 102 101 92 90 93 93 91 86 85 87 89 90 86 78 79 78 79 74 69 58 60 58 53 48 59 71 70 360 346 335 328 323 318 313 310 315 321 314 308 284 287 356 355 340 339 339 307
91 92 91 105 93 100 112 105 102 105 100 78 74 95 132 166 149 138 175 149 125 101 92 90 83 77 73 81 91 79 92 92 88 87 87 87 87 86 85 86 88 89 91 91 91 92 96 101 109 97 101 100 94 96 92 91 89 87 86 84 81 80 77 73 71 68 63 61 57 55 54 51 58 63 66 63 3 351 339 331 324 318 313 309 314 323 317 310 288 287 354 358 343 342 341 308
135 109 112 126 120 118 126 117 108 105 99 85 84 85 97 118 123 127 138 127 99 86 104 88 79 61 56 65 77 88 93 96 91 85 85 82 80 78 77 77 75 77 90 91 89 88 90 92 100 108 98 100 97 93 86 82 91 89 88 86 85 83 82 78 74 68 60 57 59 68 54 54 53 50 24 15 5 355 343 334 328 321 312 307 311 323 324 317 315 292 327 2 346 343 339 309
122 128 131 125 124 122 123 112 109 100 92 98 97 85 66 66 74 66 50 35 40 56 67 87 72 67 74 78 83 99 94 97 99 98 96 96 91 85 84 82 80 79 81 87 87 86 88 89 90 97 104 96 97 95 90 86 82 79 78 76 74 72 71 70 71 71 69 66 64 62 62 80 65 28 22 15 7 358 349 339 331 324 315 307 308 321 328 325 301 296 346 4 358 347 345 310
107 108 108 105 108 112 122 134 97 97 95 104 87 72 59 60 62 57 49 51 53 47 56 64 62 59 85 88 83 80 92 90 97 100 99 100 99 99 96 94 89 85 76 74 83 84 83 82 85 87 93 100 92 87 87 83 80 77 74 71 77 75 73 73 73 72 69 65 63 60 58 56 52 48 47 34 9 2 355 345 337 329 321 309 304 314 324 327 308 303 311 5 360 349 348 313
110 109 108 106 101 100 136 117 101 109 116 110 94 88 81 76 71 65 57 53 43 46 74 79 60 64 89 85 77 74 88 85 87 90 95 95 96 91 90 85 84 92 93 92 88 87 86 82 79 79 81 83 84 88 88 82 87 86 76 75 72 78 77 77 77 61 57 55 55 52 47 41 35 40 32 21 17 4 0 354 345 334 325 313 301 301 313 323 327 310 322 9 4 351 351 349
113 112 111 110 103 98 128 99 109 135 155 119 112 113 103 90 74 55 49 56 59 75 99 86 56 79 97 82 69 68 83 86 84 83 86 86 86 89 96 87 84 83 85 85 93 92 91 89 87 85 84 83 77 76 77 78 77 74 73 73 78 69 69 67 64 61 59 59 59 57 53 46 40 31 22 13 3 352 358 8 357 342 331 318 307 301 305 316 327 331 325 303 5 352 353 349
112 110 108 108 103 129 96 91 91 94 97 96 110 114 102 91 63 45 61 86 105 116 110 75 55 100 110 92 78 75 86 83 80 77 77 82 85 84 84 89 87 93 91 92 92 83 83 81 79 78 77 78 77 77 78 77 76 74 75 75 66 66 67 67 65 64 63 63 62 59 55 50 43 36 24 11 352 325 334 4 5 357 340 326 316 308 305 311 324 334 328 294 339 350 353 351
110 108 105 99 100 97 94 89 86 75 62 104 155 173 89 72 59 75 100 111 120 119 104 59 81 108 120 108 98 89 88 85 79 75 75 81 83 81 81 83 88 91 89 87 85 84 88 85 83 76 79 72 72 73 72 71 69 67 68 68 67 67 67 68 68 68 67 65 62 58 54 49 42 36 25 10 343 309 301 329 3 7 17 6 326 316 308 304 310 326 329 319 303 345 352 348
110 108 108 105 100 137 94 89 84 79 87 124 136 155 184 40 63 85 109 115 120 112 92 74 109 128 105 111 104 93 91 89 86 80 77 78 79 78 77 77 79 82 82 78 80 81 81 80 81 78 73 71 72 73 72 71 70 69 71 70 70 68 68 68 66 65 62 58 55 51 46 41 36 29 22 9 347 316 301 310 343 7 38 345 335 326 317 306 306 321 329 322 303 322 336 341
110 109 112 110 102 104 95 90 85 96 124 127 126 116 170 46 215 40 88 108 106 99 98 121 124 124 99 103 109 96 93 88 89 88 82 78 76 74 73 73 75 74 78 78 80 81 79 82 74 68 69 70 72 72 71 70 69 68 69 70 68 65 59 58 54 51 48 44 41 37 35 31 26 21 19 11 359 333 313 312 322 352 3 20 343 4 328 321 315 322 329 326 308 317 319 322
110 108 108 105 108 102 98 93 91 118 123 126 111 81 135 186 203 48 163 129 105 140 116 131 115 106 81 96 113 101 96 89 89 90 87 83 78 75 75 73 68 72 74 76 78 73 78 76 68 66 67 69 71 71 71 70 68 67 69 64 59 55 46 44 44 51 57 54 48 48 48 41 38 36 33 27 18 11 324 309 313 333 359 31 351 341 6 329 323 321 326 330 324 329 319 318
110 108 121 104 110 106 136 97 120 119 120 115 90 84 113 104 51 187 161 130 122 147 166 102 86 69 75 123 111 99 95 88 90 91 91 86 82 79 76 69 63 62 64 65 72 77 76 69 66 63 64 68 71 70 69 68 66 65 62 52 48 44 45 51 52 57 55 51 56 65 63 65 56 41 35 35 48 360 341 317 315 329 355 7 23 347 340 333 327 323 322 326 325 322 322 321
109 120 120 104 102 109 106 102 96 118 107 105 84 88 77 87 133 167 161 140 124 138 154 31 24 32 78 123 106 92 90 84 92 92 92 86 85 84 79 72 62 68 76 78 78 77 68 61 56 55 55 60 63 60 59 60 60 51 51 59 58 57 60 62 64 64 60 60 62 62 61 58 43 41 39 39 38 31 16 331 319 325 342 2 33 351 344 338 332 328 324 323 324 324 326 325
