examples/cougarCreek-fire/createInputs/WindNinja/wrfout_d3.2015081200.f15/cougarCreekFire_08-12-2015_1500_217m_non_neutral_stability_ang.asc
ncols	146
nrows	140
xllcorner	610065.000000
yllcorner	5095217.000000
cellsize	216.586807
NODATA_value	-9999.000000
[rows 48 to 95 of 140, columns 0 to 95 of 146]
108 120 150 150 145 110 132 135 118 94 102 84 77 67 79 90 117 147 157 144 123 127 133 176 39 262 139 123 101 88 85 87 88 91 89 84 85 86 84 82 91 86 85 82 70 69 65 60 54 49 48 47 46 44 45 50 55 73 77 75 71 66 66 70 70 68 65 62 60 59 52 44 50 49 38 37 47 33 357 342 327 325 328 351 359 25 346 342 338 336 331 327 324 324 325 326
148 126 120 119 117 113 135 98 94 110 87 84 82 91 99 106 109 130 152 130 117 125 135 181 229 299 208 122 102 94 94 85 81 91 88 82 82 86 85 93 91 88 88 82 76 57 54 49 41 38 33 38 46 59 56 64 67 71 74 75 59 54 54 65 66 64 62 57 54 52 49 41 38 38 36 35 32 6 1 352 339 329 324 329 345 348 343 15 343 340 4 330 326 322 323 324
121 139 121 119 120 95 94 96 93 90 84 81 88 104 120 119 107 112 90 100 113 125 132 175 347 260 37 121 108 99 91 83 81 90 89 83 80 83 84 86 94 88 89 86 77 70 65 57 49 45 55 57 53 47 62 67 60 61 71 72 61 56 50 49 61 57 53 44 46 39 37 37 33 35 36 31 11 7 16 22 352 343 334 329 330 336 342 344 345 9 7 2 330 325 323 325
124 106 104 101 99 97 102 98 93 87 82 81 84 93 124 99 110 106 96 87 106 108 127 152 352 349 258 103 110 100 90 81 77 89 89 84 79 84 84 83 85 86 85 87 75 71 63 56 50 57 56 53 45 45 51 57 62 61 59 68 67 58 52 47 49 49 55 54 50 40 37 49 37 38 34 31 28 24 5 28 359 355 346 336 329 328 332 336 342 343 3 5 360 332 329 326
145 124 103 102 100 107 94 99 113 88 86 87 113 110 112 112 108 91 78 96 104 102 109 119 8 77 196 132 110 99 98 79 75 88 88 84 83 88 84 85 84 83 81 81 88 78 77 73 74 68 62 56 51 44 51 59 64 59 65 63 62 62 51 43 49 47 44 45 42 37 26 32 35 24 21 18 15 12 8 4 25 358 353 345 337 331 328 329 332 336 338 339 338 336 333 329
122 142 103 103 116 117 134 92 118 88 108 114 94 93 90 90 92 92 94 95 111 102 104 128 51 219 169 133 106 104 109 84 78 89 87 82 80 78 77 76 78 76 76 78 83 75 75 71 73 73 72 68 60 50 62 69 72 66 56 55 53 50 40 43 44 43 42 41 37 34 33 33 31 28 24 21 45 32 9 4 1 358 25 351 346 340 334 331 329 328 330 332 335 336 335 332
108 107 105 125 101 98 95 93 91 89 117 88 96 94 83 98 89 95 107 98 96 95 107 141 51 188 154 124 100 102 112 96 87 93 79 82 82 82 76 78 77 74 71 71 71 73 73 69 69 68 71 73 72 72 79 78 70 62 58 56 55 46 47 51 52 51 48 46 42 40 38 36 31 27 24 21 19 15 11 7 2 358 355 352 349 345 341 337 333 330 327 328 330 333 334 334
118 102 112 123 97 87 86 91 132 120 97 95 94 91 95 78 83 96 93 96 108 114 115 121 144 178 134 100 100 104 97 100 92 96 92 71 86 85 85 84 82 81 71 66 64 66 68 68 67 65 65 67 72 79 84 84 74 63 59 57 54 52 52 53 53 52 50 48 45 40 37 33 28 26 26 25 23 21 16 9 2 356 22 15 351 348 345 343 339 336 333 331 329 330 330 332
126 98 109 92 89 94 97 129 108 103 95 80 88 80 71 77 74 78 85 115 112 114 114 73 49 256 36 96 100 109 91 88 86 99 92 90 90 91 87 83 80 80 75 67 61 60 61 66 68 66 63 62 65 73 79 77 70 66 63 61 56 52 50 48 47 46 45 43 40 36 33 31 28 28 30 29 27 21 14 8 3 27 353 352 351 16 349 347 343 341 338 336 333 331 329 329
105 104 151 90 100 118 113 119 90 87 86 87 81 64 54 57 65 77 107 111 110 113 120 67 55 317 9 97 108 108 94 80 79 82 90 87 93 91 84 84 82 80 81 70 63 55 53 54 59 61 63 60 60 65 69 68 66 63 61 59 55 52 50 49 47 45 41 37 34 33 32 33 32 30 28 25 21 15 12 22 6 1 354 350 349 348 348 347 3 2 341 339 338 335 333 331
108 107 119 156 129 112 130 95 89 86 97 96 72 46 39 53 74 83 83 90 109 112 87 106 165 359 92 100 104 105 85 79 84 90 92 84 92 89 85 82 83 81 81 73 67 56 48 48 48 47 53 55 60 62 64 63 62 60 58 56 54 52 52 51 49 46 42 38 37 36 37 36 33 28 23 19 15 19 23 25 8 3 358 354 350 347 346 15 345 344 342 341 339 338 337 337
107 106 115 146 126 127 96 95 91 104 92 75 37 34 54 88 93 87 80 80 108 86 87 110 190 135 126 101 103 84 83 92 95 97 95 86 87 88 83 83 81 81 81 75 71 72 64 50 52 44 45 43 48 55 57 58 60 59 56 55 54 51 50 48 45 43 45 41 42 40 37 34 28 23 18 30 39 38 25 22 8 5 1 358 354 351 349 348 346 345 343 342 341 339 338 337
108 105 107 116 142 101 94 94 90 89 80 72 63 75 92 92 86 86 78 78 98 99 101 126 79 184 130 114 99 87 90 95 99 99 95 89 88 86 86 85 83 79 77 81 74 71 68 70 67 49 44 50 39 42 44 46 50 51 50 51 51 49 48 45 46 42 41 41 40 36 31 27 24 24 41 40 29 34 37 37 32 24 23 21 17 15 14 351 348 347 345 343 342 341 340 339
104 104 106 106 103 95 83 67 61 67 71 78 92 95 88 78 98 81 76 85 83 105 105 88 116 186 126 101 81 88 93 102 95 97 95 91 85 84 86 84 81 80 77 80 78 77 75 74 72 54 47 43 39 36 36 39 39 41 42 42 43 43 43 44 44 42 40 38 34 30 24 30 44 42 32 37 39 40 32 30 38 26 32 26 20 22 20 18 351 350 347 345 343 342 339 339
110 108 108 105 100 89 69 42 41 59 79 94 82 80 70 131 83 83 75 85 82 102 104 95 80 309 328 73 80 82 102 100 89 100 95 92 88 84 85 84 83 80 77 76 78 77 75 67 66 54 47 44 40 57 35 40 44 44 58 53 42 41 42 41 39 35 34 28 28 31 39 42 40 31 36 41 43 43 41 30 38 36 25 27 1 24 21 20 353 352 350 348 346 343 341 341
118 111 107 103 96 79 64 60 66 90 100 93 79 75 75 113 87 76 85 103 106 103 101 98 59 353 341 49 74 81 93 91 89 101 94 91 89 86 85 84 83 80 78 75 74 71 69 73 71 53 47 45 41 62 37 43 51 46 59 61 43 43 49 45 39 34 30 50 52 47 44 43 40 38 41 43 45 33 42 40 38 7 34 33 2 23 22 20 355 354 352 351 347 346 344 341
131 120 110 106 104 85 68 83 102 104 94 84 82 6 131 96 91 90 88 104 86 85 103 98 38 331 348 45 74 82 93 101 99 98 94 92 87 87 85 81 83 79 82 80 78 73 70 57 55 70 53 47 43 39 38 42 46 50 46 60 44 44 44 54 56 54 53 52 32 52 48 38 48 47 36 45 35 35 39 37 38 38 6 4 3 1 359 23 356 355 354 352 350 348 347 345
178 161 139 119 130 158 144 110 103 94 120 97 178 138 107 101 96 94 89 103 74 83 105 107 353 325 343 52 76 85 96 107 104 98 94 90 89 87 85 82 82 81 81 76 77 74 72 70 57 55 55 47 43 39 49 42 45 47 47 64 46 46 45 57 54 56 54 54 49 54 55 52 50 47 35 42 34 24 21 23 24 24 26 26 24 25 0 359 357 356 355 353 349 349 347 345
96 228 209 194 176 331 123 102 89 89 97 195 171 141 111 101 82 101 78 89 73 74 75 69 236 305 345 74 85 97 108 105 102 98 92 89 93 88 83 84 82 81 76 81 68 67 65 63 59 65 57 53 43 67 41 42 43 46 48 47 61 46 63 61 60 57 44 55 53 55 54 40 49 48 47 40 22 23 27 31 31 27 26 23 18 17 2 360 358 357 356 352 351 350 349 349
140 240 218 222 241 317 307 87 90 102 209 187 171 148 116 87 83 107 78 119 83 82 74 69 218 321 6 92 95 107 110 105 101 98 94 92 92 85 85 80 82 81 74 67 67 75 81 79 76 69 76 56 54 47 66 44 40 42 46 54 45 58 59 45 63 62 58 34 35 54 52 51 51 49 44 33 20 18 16 16 15 13 11 7 5 4 25 22 1 359 355 352 351 350 349 347
241 221 216 240 254 250 242 220 213 210 178 160 153 103 127 88 83 143 101 96 84 104 71 102 205 314 83 107 104 112 113 105 102 104 100 92 94 88 85 82 80 82 66 63 63 63 61 75 61 74 76 51 49 50 51 79 39 38 43 63 60 60 55 66 53 52 48 35 35 54 50 47 39 38 46 40 37 47 20 20 36 26 20 24 26 29 5 26 3 359 355 353 352 351 351 350
193 199 234 261 243 204 201 203 206 206 179 170 172 108 133 89 84 81 138 77 95 108 103 104 217 316 113 111 128 115 113 106 100 100 102 97 94 89 86 83 78 70 78 65 63 62 61 61 60 60 60 52 50 51 53 53 88 37 43 49 61 51 50 64 64 61 58 36 35 35 52 50 48 36 44 44 46 22 31 19 17 14 12 11 8 6 7 6 2 358 357 355 353 353 351 351
146 201 258 268 238 200 200 210 212 207 192 186 171 138 128 89 85 82 143 77 75 117 84 98 28 35 107 117 123 120 107 113 100 100 103 92 96 90 87 79 77 79 76 66 64 63 75 74 59 58 52 52 51 74 53 55 55 46 41 48 54 51 51 50 48 60 59 57 35 35 49 52 51 49 47 46 45 21 36 32 26 29 22 16 15 8 6 4 1 9 360 357 355 353 352 352
327 286 275 269 238 202 206 221 216 205 202 198 173 171 105 91 86 83 151 77 118 122 71 75 56 91 104 128 123 113 108 107 77 74 102 99 92 91 87 80 85 79 74 78 64 62 62 73 61 60 58 51 59 74 75 56 57 52 37 47 52 65 51 49 47 46 43 52 56 36 36 57 52 51 49 45 43 43 43 40 18 15 36 14 18 16 14 14 20 20 13 11 12 356 355 354
305 291 282 272 236 207 214 228 216 206 209 204 211 225 110 99 89 85 129 78 75 73 71 72 56 76 89 117 117 107 110 106 101 107 96 97 95 79 93 80 84 85 69 72 72 62 62 73 60 53 58 51 71 75 55 57 57 53 41 44 55 56 70 56 52 44 50 38 36 42 35 54 53 47 45 45 37 42 37 42 41 40 39 16 11 25 28 21 17 4 16 26 26 24 359 358
290 286 280 272 234 216 218 227 209 205 210 207 213 210 140 120 97 88 83 79 75 73 70 119 57 65 104 110 92 84 114 103 99 98 84 97 80 90 94 80 89 85 69 72 77 63 73 61 60 52 59 50 70 51 74 55 55 51 42 34 49 57 60 70 66 62 50 55 51 50 50 50 50 48 47 44 38 38 37 36 43 40 40 29 15 22 38 37 25 4 5 20 30 27 2 1
279 277 276 272 232 220 220 216 204 203 208 208 221 194 189 132 106 92 85 80 76 74 71 84 71 69 112 86 77 110 106 100 100 80 87 101 79 89 93 79 87 85 82 78 65 64 63 62 60 58 50 69 70 51 53 72 51 49 42 34 40 53 56 73 68 64 64 62 56 52 53 52 49 28 46 41 39 39 38 36 39 43 41 41 32 22 32 33 34 26 5 6 29 31 5 6
276 275 274 241 226 225 228 215 205 211 221 216 198 190 194 139 110 96 86 163 77 75 72 71 72 79 110 76 106 102 109 99 101 73 95 95 78 88 92 82 85 84 82 67 63 74 56 71 51 50 49 48 71 49 52 68 71 48 44 39 39 48 54 59 70 55 61 51 49 58 32 32 53 43 27 41 40 39 39 39 39 44 38 34 38 31 30 38 34 32 32 6 8 33 9 8
277 275 274 231 223 225 233 222 211 233 235 230 228 189 200 150 116 100 192 83 79 76 74 71 85 122 104 107 106 106 110 100 95 87 102 79 77 88 74 83 82 84 81 77 62 61 75 52 49 58 49 48 47 49 50 61 72 49 46 43 40 46 54 54 68 66 63 62 49 55 57 46 43 50 41 45 41 39 38 41 44 42 32 34 37 31 36 37 37 32 9 8 7 8 10 11
278 275 273 225 225 236 239 221 226 242 235 243 228 221 207 167 130 109 96 88 83 79 76 116 118 134 121 120 118 105 103 111 90 97 93 77 65 87 73 85 74 75 72 69 61 59 55 52 48 48 49 48 47 48 50 60 71 48 47 44 70 46 52 53 61 69 65 63 60 51 56 53 53 53 28 28 27 47 36 40 39 38 43 41 39 14 35 37 36 34 29 9 9 9 10 13
278 276 274 223 230 264 236 215 230 237 232 206 230 225 213 183 149 123 106 95 88 84 82 116 130 147 137 132 127 108 106 112 106 105 83 66 65 78 80 76 77 75 72 70 65 63 62 51 48 47 49 48 47 48 49 51 71 69 68 45 45 47 48 47 47 67 64 63 56 36 33 32 55 54 28 27 45 37 46 42 36 34 38 39 35 15 17 37 36 36 38 34 12 12 11 12
279 276 274 225 227 265 233 221 228 230 225 204 201 229 217 194 171 143 120 105 96 90 177 85 84 153 147 140 138 120 106 114 109 105 84 66 65 80 74 79 76 74 74 72 69 67 61 57 71 48 59 48 47 47 50 56 49 68 69 46 46 46 46 44 43 51 58 56 54 35 32 32 31 46 44 37 27 28 46 47 39 33 36 39 40 17 18 17 16 16 16 40 39 15 15 14
280 277 274 219 228 265 261 227 227 227 221 213 224 231 219 203 189 167 142 122 110 101 132 91 135 162 155 88 150 120 125 126 119 103 86 66 64 78 68 93 76 73 74 74 73 71 61 49 50 50 49 48 46 46 49 51 47 65 52 46 45 44 43 67 40 41 62 54 53 48 46 45 31 30 46 47 27 28 42 45 43 40 22 22 21 19 19 19 18 19 18 18 18 41 18 17
281 278 275 218 269 265 261 235 222 218 215 226 226 231 221 211 203 187 167 144 126 173 104 100 137 148 97 95 133 143 122 132 125 121 91 85 82 91 82 64 62 61 73 73 74 71 62 50 56 53 49 48 45 46 49 58 65 44 47 54 44 43 42 40 53 39 47 58 55 47 51 53 46 31 30 28 26 27 42 46 44 21 21 22 23 22 21 21 20 21 21 20 20 42 20 19
282 279 276 219 269 266 262 236 216 204 212 237 224 233 224 218 211 200 186 167 203 158 118 112 143 171 105 103 157 142 137 148 135 126 97 89 84 71 77 62 61 60 71 72 71 70 63 53 63 67 50 46 45 48 61 57 54 68 51 48 66 43 42 41 38 37 39 60 56 55 47 46 44 45 31 44 43 28 30 47 45 24 22 22 24 24 23 23 22 22 23 22 20 21 21 21
282 279 276 273 270 267 263 238 215 203 225 239 210 234 203 224 217 209 200 205 194 152 137 127 148 119 117 114 165 136 169 161 125 115 105 95 101 65 79 61 60 74 60 72 57 55 51 51 60 69 52 45 47 60 78 60 48 58 56 48 51 65 60 40 38 35 36 48 57 56 54 53 43 43 47 45 46 52 54 51 53 27 25 24 25 26 25 24 24 25 24 25 22 21 20 20
283 280 277 274 271 267 264 237 216 219 244 241 196 235 230 226 240 215 208 202 173 173 155 144 138 186 130 169 163 142 166 160 101 92 138 76 104 66 79 59 60 60 59 58 57 55 52 51 59 57 68 48 60 68 66 50 49 49 57 45 52 54 51 54 59 57 46 45 56 54 55 47 54 44 49 53 55 54 53 31 29 29 28 26 26 26 27 26 25 26 25 27 24 26 22 22
284 281 277 274 271 268 265 233 223 236 245 238 190 199 231 228 224 219 207 193 167 184 168 159 154 193 189 182 170 131 159 165 108 100 150 135 119 92 63 59 59 58 57 58 58 56 53 52 54 54 51 51 54 54 52 52 51 50 49 47 47 57 43 52 65 61 60 35 44 55 56 47 47 56 56 56 55 56 34 33 31 30 30 28 27 51 28 29 28 28 28 27 26 29 27 26
284 281 278 275 272 268 265 261 230 251 248 205 242 212 233 231 218 209 194 190 207 193 180 169 167 202 158 189 177 164 164 177 164 109 159 139 141 130 68 64 80 60 58 58 58 57 55 53 53 53 51 51 52 53 52 52 51 50 49 49 48 46 45 45 67 63 61 48 46 45 45 54 54 55 58 34 58 34 35 34 32 49 31 31 29 29 29 31 30 50 30 30 31 29 28 27
285 282 279 276 272 269 265 261 256 252 249 199 243 208 217 223 221 196 196 184 211 200 190 184 192 201 171 197 160 181 152 185 133 122 110 99 90 81 118 109 67 64 61 60 60 58 55 53 53 53 53 53 53 52 52 52 51 50 50 50 48 47 46 45 58 65 62 50 48 34 35 57 57 55 58 56 56 58 58 57 33 48 31 32 31 30 30 30 30 31 31 31 30 30 29 28
286 283 280 276 273 270 234 262 257 253 250 202 244 197 216 224 220 191 199 222 214 205 198 193 202 186 182 177 172 167 197 193 171 135 121 167 98 89 144 77 73 68 65 62 61 59 56 54 53 54 54 55 82 53 53 53 52 51 51 50 49 47 46 45 69 65 54 62 59 58 35 57 59 59 38 37 37 37 37 55 35 34 34 34 33 33 32 32 31 33 32 32 31 30 31 31
287 284 281 277 273 270 233 263 258 254 251 208 245 242 215 227 220 201 201 225 217 210 206 202 198 195 190 186 182 177 173 190 180 151 136 121 107 96 160 81 76 72 67 63 61 60 57 56 55 55 55 55 82 82 53 53 52 51 50 50 49 47 46 71 59 67 65 63 61 61 60 58 57 60 57 56 56 37 37 37 37 37 36 35 35 35 34 33 32 33 33 33 32 33 34 54
287 284 281 278 274 270 266 263 260 256 252 217 246 242 213 231 219 195 195 227 221 215 211 208 205 202 198 194 197 200 200 191 185 165 153 137 120 106 94 84 78 73 68 64 62 59 57 56 56 55 55 55 55 82 53 53 52 51 50 50 49 75 46 71 69 67 65 64 63 62 63 61 40 41 61 62 59 61 58 38 38 37 37 36 36 36 35 34 32 33 34 58 59 61 62 64
288 284 281 278 275 271 267 264 260 257 241 211 248 192 212 226 213 236 233 230 225 221 206 214 212 209 215 207 206 205 195 187 183 175 166 152 134 116 100 89 81 75 70 65 104 59 57 56 55 55 55 55 55 81 53 53 53 52 50 50 49 75 74 72 70 42 66 64 59 61 39 62 41 43 43 60 64 41 64 61 60 58 58 38 37 37 36 35 34 34 35 37 38 65 40 41
288 284 281 278 275 272 268 264 261 258 236 211 199 210 213 218 214 200 235 232 228 224 219 219 216 214 203 208 213 208 186 193 190 186 179 168 187 130 189 187 85 77 76 68 64 61 58 56 55 55 54 55 54 77 77 53 53 52 51 50 49 48 74 72 71 43 42 65 63 62 40 62 41 43 64 65 65 65 64 62 60 61 41 63 40 59 59 57 36 37 38 39 39 39 44 44
289 285 282 278 276 272 268 264 261 258 256 217 249 214 244 213 219 211 234 231 227 223 218 218 216 221 206 208 205 198 186 194 191 187 181 201 156 139 118 100 90 82 76 72 67 64 61 58 56 55 54 54 54 78 77 80 52 79 50 50 49 48 73 70 71 43 42 65 64 63 60 63 41 43 66 65 64 43 60 55 42 41 59 42 41 63 40 62 54 38 60 43 44 40 45 46
290 286 282 201 275 271 267 264 261 258 255 252 217 246 243 240 216 213 232 229 225 222 219 218 215 223 209 199 190 194 193 180 190 200 204 173 161 147 129 112 99 89 83 76 71 67 64 61 58 55 54 54 54 53 74 76 76 73 76 49 48 48 73 64 44 66 67 40 63 62 61 63 41 42 64 64 64 65 59 59 60 59 41 56 58 59 58 39 62 62 39 40 38 42 46 45
291 287 282 279 274 270 267 264 261 258 255 252 248 206 243 207 213 217 198 228 224 221 218 216 213 211 203 189 202 198 195 190 199 207 181 174 165 153 138 200 110 98 89 82 76 71 68 64 61 59 56 54 53 53 70 63 67 70 70 74 47 47 70 61 42 55 58 63 61 61 59 61 63 65 65 41 41 41 60 60 60 58 41 40 40 57 39 39 38 39 40 40 40 38 38 44
