examples/cougarCreek-fire/createInputs/WindNinja/wrfout_d3.2015080912.f18/cougarCreekFire_08-10-2015_0600_217m_non_neutral_stability_ang.asc
ncols	146
nrows	140
xllcorner	610065.000000
yllcorner	5095217.000000
cellsize	216.586807
NODATA_value	-9999.000000
[rows 90 to 134 of 140, columns 0 to 95 of 146]
338 333 334 333 330 328 326 319 274 271 266 292 251 244 318 247 306 235 231 227 220 214 278 200 220 221 222 226 238 231 228 243 248 237 209 238 222 235 208 209 211 214 204 228 201 239 267 175 203 197 178 209 186 180 180 157 175 171 169 169 284 322 158 359 360 344 319 329 316 318 331 25 116 113 107 13 12 18 335 100 99 95 93 93 90 88 90 91 89 88 85 82 80 79 77 73
341 333 331 333 329 329 328 325 274 273 271 264 254 248 249 319 300 234 229 224 217 212 266 195 218 220 216 234 231 225 242 252 244 245 230 242 213 228 206 197 206 223 200 236 211 239 188 201 199 196 196 194 235 219 204 181 166 181 171 172 313 201 316 262 352 142 344 354 316 308 316 335 117 121 27 24 12 22 21 321 323 24 6 93 91 92 91 92 90 87 84 80 79 80 76 71
342 346 330 332 336 330 333 324 323 267 266 306 252 312 245 321 240 290 227 223 216 256 230 219 217 219 254 246 217 224 257 253 257 258 244 237 215 214 200 208 208 229 202 200 197 197 187 183 197 197 198 194 235 185 185 246 192 196 181 159 162 335 222 245 331 152 140 344 329 313 325 340 117 122 24 11 337 335 324 309 316 356 8 36 18 45 60 21 92 88 87 84 82 81 77 74
346 308 305 302 328 323 336 273 325 262 336 309 248 320 308 314 316 271 227 223 218 259 232 177 216 219 255 244 243 240 247 241 257 249 230 207 211 211 212 212 208 205 205 203 199 190 189 199 198 197 198 209 231 189 188 185 212 247 211 180 174 216 240 249 273 349 355 15 324 288 285 349 121 122 28 1 354 353 105 102 100 99 99 341 14 36 9 96 93 91 43 86 80 75 72 72
313 310 308 308 334 327 340 276 270 265 260 326 319 311 313 314 309 301 227 223 219 247 276 196 217 221 253 259 257 267 256 249 246 216 214 213 212 211 213 214 210 205 204 203 200 200 200 199 199 198 198 210 228 194 193 189 226 185 227 229 195 308 281 170 167 256 318 328 321 298 284 341 124 33 20 44 106 17 316 99 101 98 95 93 92 24 17 29 95 93 339 86 83 82 74 72
349 308 328 307 334 328 289 354 274 322 332 327 323 311 316 313 321 317 232 223 216 297 281 220 222 225 269 255 218 242 219 250 224 210 216 214 212 210 212 215 211 206 205 203 202 203 202 201 200 201 200 198 198 199 197 193 191 190 188 186 288 239 250 177 169 156 148 279 297 303 292 323 20 16 17 29 104 101 99 304 101 101 334 351 7 89 44 15 18 93 88 354 79 77 75 75
309 307 337 330 333 336 292 357 343 344 316 329 329 314 317 310 333 332 239 225 216 354 226 228 231 229 287 264 280 204 221 227 203 218 216 215 213 211 214 218 214 209 206 204 204 205 203 202 202 203 203 203 202 201 200 198 197 194 191 188 245 231 184 180 241 160 147 137 133 284 292 324 350 333 356 29 102 102 100 321 95 96 94 91 15 31 22 18 84 82 336 353 344 67 67 71
314 313 336 338 331 354 3 291 352 355 276 339 333 325 254 319 326 322 237 289 223 232 235 234 233 292 222 295 224 226 223 221 221 219 216 215 213 212 217 219 216 212 208 205 205 206 205 204 204 205 206 206 205 204 204 204 201 198 195 192 190 189 186 181 175 166 154 143 134 126 120 114 108 328 22 10 31 103 104 4 91 88 86 85 349 81 83 85 17 74 71 62 63 60 61 70
311 318 324 344 342 306 356 297 292 283 347 347 327 316 263 261 332 306 300 347 229 238 241 237 293 287 286 228 251 246 220 219 219 218 216 214 211 210 215 220 219 215 207 203 205 206 206 206 207 209 211 210 209 208 210 209 206 203 200 197 194 190 187 183 178 169 157 145 135 224 118 113 110 315 329 335 18 106 105 23 347 336 85 350 83 3 28 84 79 12 8 61 64 64 67 67
306 338 324 345 15 307 339 295 291 355 4 278 327 310 274 303 318 313 316 239 238 79 234 227 221 296 270 266 282 266 214 195 218 218 216 213 210 209 214 222 226 219 203 200 203 205 206 207 210 215 218 215 214 216 218 216 212 208 205 203 198 193 189 185 180 171 159 148 139 130 123 118 300 295 310 333 353 21 101 93 359 90 343 4 8 346 3 79 81 69 358 66 64 66 78 343
315 355 313 359 319 345 342 356 345 284 281 278 319 278 305 260 319 303 320 241 238 234 222 342 339 273 262 284 286 271 220 222 222 220 217 213 211 212 219 229 233 215 195 198 204 206 207 208 211 219 222 218 218 222 225 223 218 213 210 207 202 197 192 217 181 171 159 151 143 134 126 121 115 110 104 300 337 351 92 95 20 349 345 339 344 348 77 335 72 9 351 69 73 75 83 2
326 322 312 24 315 350 8 298 288 356 266 344 310 321 311 308 317 300 313 343 226 223 217 221 230 233 289 290 288 213 227 227 224 221 218 214 213 214 223 240 239 209 194 198 203 206 206 206 211 219 223 222 223 228 231 228 221 217 214 212 207 201 195 189 182 171 158 151 144 133 124 119 254 252 236 232 287 320 345 19 352 345 329 317 281 68 271 314 60 336 66 346 357 69 79 75
330 335 335 313 317 358 307 355 326 14 258 345 342 329 322 310 249 299 311 306 222 41 112 235 239 234 305 302 287 232 233 229 224 222 219 215 214 216 230 248 239 216 202 200 202 204 203 204 211 219 224 226 228 233 235 230 222 218 219 218 213 205 196 191 184 171 231 228 231 232 230 229 226 237 265 297 309 315 329 357 353 328 325 331 344 34 356 345 339 349 45 273 62 63 1 9
332 338 344 334 24 304 345 352 356 293 277 358 261 316 352 328 253 303 247 300 43 229 142 219 347 337 313 306 254 232 276 263 223 223 222 218 215 219 234 243 235 222 210 205 205 205 205 207 212 219 225 227 231 236 237 232 225 222 225 226 221 209 228 194 187 231 231 228 239 243 242 236 224 236 268 304 323 323 347 6 2 338 332 334 346 55 61 1 7 63 8 349 337 352 21 14
332 337 343 342 316 16 295 331 22 296 292 286 334 329 275 316 307 307 249 338 237 126 134 239 328 334 324 316 300 280 309 282 225 225 223 219 217 221 229 232 229 221 214 210 209 209 210 212 216 221 225 227 232 240 244 239 230 228 233 236 233 219 206 201 189 234 231 238 128 118 258 260 264 262 264 277 317 330 336 347 345 336 339 335 343 3 3 78 350 75 72 6 69 24 355 358
348 344 344 342 334 295 4 295 316 15 291 294 289 3 288 285 315 306 246 338 39 244 242 347 347 239 291 242 323 294 232 232 230 227 223 219 218 224 229 230 226 219 213 212 212 212 213 215 220 225 227 228 233 241 250 249 234 235 243 247 247 238 220 206 250 249 253 125 119 113 105 275 276 279 276 276 292 312 315 317 344 345 343 339 340 350 5 8 357 7 77 8 14 70 73 5
354 354 350 345 344 329 308 300 18 303 11 282 329 342 280 279 321 310 259 314 35 51 344 247 251 348 248 242 340 238 238 237 233 228 223 219 221 228 232 229 223 217 213 213 213 214 215 218 223 227 227 227 231 241 254 259 241 245 253 257 260 256 230 201 187 158 120 107 103 102 99 93 86 296 284 274 272 277 293 331 328 333 338 331 323 322 340 345 347 339 72 10 360 64 77 10
4 355 351 348 345 338 329 322 306 314 14 342 353 267 333 339 260 262 272 262 61 77 253 342 259 252 339 334 238 242 240 236 229 224 223 224 164 189 210 228 220 217 215 215 215 217 218 220 224 227 225 223 230 248 260 258 246 253 261 265 266 260 227 223 296 36 262 264 267 269 274 286 300 306 298 294 299 307 327 336 336 332 338 345 344 46 343 345 358 338 13 31 356 338 355 6
356 345 347 346 344 337 331 329 328 13 299 12 268 343 341 337 312 312 323 321 73 272 56 358 1 9 337 339 245 315 235 227 316 224 228 151 239 243 239 227 219 219 219 218 220 179 222 224 227 229 226 221 236 256 258 249 246 258 268 270 269 266 273 310 337 268 279 286 286 285 286 64 306 311 310 312 315 320 326 330 336 335 335 343 348 355 350 342 354 2 358 2 358 31 26 10
353 344 351 344 344 341 332 326 335 335 336 297 5 348 352 334 249 322 334 341 50 48 331 346 334 346 346 247 242 328 224 323 226 232 202 241 221 244 234 224 222 223 222 222 170 227 228 230 234 237 235 232 248 256 253 249 253 265 273 275 276 289 321 327 338 7 286 289 293 53 306 52 314 37 29 322 317 313 315 325 330 329 329 339 350 3 5 3 15 8 2 11 18 4 5 7
345 347 340 349 343 343 338 329 338 347 354 310 4 291 283 332 328 13 254 342 16 358 345 346 355 339 340 336 329 337 334 232 18 163 216 191 296 240 298 227 227 226 225 152 161 180 230 237 243 246 246 249 256 258 257 259 266 274 279 282 289 309 329 331 340 7 294 293 297 301 301 293 292 301 316 319 315 311 316 318 325 332 335 339 344 359 360 1 4 8 5 12 1 5 11 1
336 343 349 342 336 337 339 334 339 344 346 325 315 301 348 343 275 277 287 297 302 293 281 0 6 5 340 351 342 246 313 254 185 274 302 308 249 240 236 109 118 122 126 133 144 160 234 244 252 256 258 263 267 268 269 273 276 279 280 283 292 309 325 327 337 314 318 319 316 309 302 298 301 295 296 311 317 323 322 320 332 334 333 334 341 355 356 356 7 18 12 55 9 3 5 47
336 342 349 343 333 329 325 330 341 352 26 341 17 356 337 352 298 299 302 309 312 309 302 11 10 9 357 278 277 345 355 356 336 263 327 300 249 244 24 36 87 108 97 107 125 237 245 254 262 267 272 278 280 279 278 278 277 276 276 280 289 303 316 321 331 1 20 28 327 321 318 323 325 317 313 313 321 322 321 326 338 346 343 348 343 351 0 4 2 3 4 51 52 7 2 353
343 347 351 349 337 316 316 320 327 345 355 37 12 338 340 348 300 303 303 309 319 331 322 13 24 12 355 350 342 342 342 328 322 267 264 259 253 340 356 9 24 37 77 122 160 259 267 270 272 276 283 287 287 284 281 277 274 273 274 280 290 301 308 314 325 351 16 29 32 324 324 19 328 330 325 322 326 330 335 330 340 350 347 346 349 348 354 3 3 13 8 354 12 360 348 347
348 352 354 351 345 335 323 315 319 326 360 340 316 348 353 342 295 296 292 291 297 327 327 16 35 11 348 346 339 338 334 339 274 270 320 263 347 355 343 354 13 50 104 265 275 281 285 284 281 283 287 290 289 285 280 276 272 271 274 279 287 295 295 304 304 307 309 311 313 312 313 310 309 320 327 328 338 340 342 341 343 350 346 343 340 345 354 0 358 1 16 11 1 13 38 357
351 356 357 350 343 342 342 340 334 317 315 332 10 2 324 301 300 297 292 286 340 10 16 52 41 342 354 345 343 335 341 346 343 326 270 271 348 345 269 355 25 48 40 346 332 290 292 291 288 287 288 289 288 285 280 277 273 271 271 271 273 278 278 277 296 300 307 308 306 305 306 306 309 317 327 328 332 334 330 329 338 347 350 344 350 349 357 2 5 3 359 2 359 40 44 4
350 355 357 347 339 340 346 351 352 351 344 333 0 8 318 312 305 300 304 309 320 13 24 42 4 345 347 340 345 344 340 346 341 332 275 354 348 339 275 5 24 25 9 341 333 332 293 295 292 290 289 288 287 283 279 277 275 273 268 263 260 263 261 300 294 292 295 299 303 306 308 312 313 319 326 329 327 327 320 316 325 333 342 344 343 345 356 2 4 4 2 2 350 342 40 39
349 354 354 344 338 337 342 349 355 358 353 326 308 322 321 314 306 308 314 324 336 21 40 25 328 306 349 344 340 332 342 347 354 345 339 336 285 281 350 9 10 12 2 341 330 330 332 296 294 292 288 285 283 280 275 272 272 270 265 259 254 251 303 249 300 297 293 292 301 311 314 309 312 315 317 325 324 329 329 328 328 331 335 338 343 348 357 6 0 44 38 1 358 43 343 26
352 353 350 342 340 339 341 347 354 357 354 345 332 320 349 314 307 307 313 324 336 21 316 349 307 317 352 344 343 333 338 1 356 344 340 333 327 342 6 6 1 2 352 336 330 290 330 327 292 291 286 281 277 275 271 268 266 264 260 254 287 294 245 242 304 305 302 294 293 305 318 309 305 306 305 310 316 323 326 330 340 347 351 345 343 352 9 5 359 41 43 5 5 358 355 2
356 350 348 343 339 337 341 349 346 353 348 341 333 331 322 11 306 307 7 315 360 17 17 304 307 348 351 350 345 341 341 357 351 343 336 331 336 358 12 357 352 352 343 334 327 327 327 322 318 286 283 277 273 272 270 266 262 258 290 290 289 290 300 301 301 303 305 301 289 293 313 319 313 309 306 314 322 329 337 341 335 341 351 347 350 355 14 12 2 43 45 11 43 35 5 21
346 344 344 344 339 336 343 351 353 348 343 333 326 326 329 331 2 9 25 359 9 313 14 358 350 349 342 351 339 319 329 306 346 344 335 336 354 359 359 353 344 346 343 337 334 330 325 320 317 314 307 273 270 269 266 262 287 286 288 292 293 292 295 301 307 304 299 306 295 289 302 320 321 321 318 315 317 324 341 340 339 339 344 344 341 340 351 351 356 41 46 7 40 35 32 25
347 336 338 341 336 337 348 355 353 342 346 335 329 325 326 317 13 24 3 355 8 22 11 11 357 343 344 352 345 303 339 345 347 346 335 346 5 0 358 342 342 342 346 341 338 330 323 320 318 314 307 301 296 293 289 286 286 285 287 294 298 295 298 305 246 249 300 306 304 288 294 310 313 311 311 311 318 319 335 342 338 340 345 347 343 47 50 49 36 354 41 358 39 30 31 20
341 329 331 340 329 334 350 356 349 347 344 342 335 329 326 335 327 31 317 358 1 4 359 352 321 321 357 1 335 306 330 348 348 346 338 354 1 350 349 340 337 348 348 342 337 327 323 323 320 315 307 302 297 292 288 286 284 282 282 291 302 299 293 306 249 249 310 311 315 299 291 291 297 304 308 314 320 321 332 338 337 341 350 353 356 360 350 42 42 338 359 351 359 33 23 17
333 326 327 331 333 333 350 352 340 339 339 347 339 331 324 333 348 38 2 352 359 0 357 351 325 334 8 313 310 314 321 345 342 338 342 354 354 348 343 335 338 346 344 338 334 323 320 324 323 317 307 301 297 291 288 285 282 280 278 285 300 298 289 302 312 249 251 310 310 306 303 306 312 316 314 311 313 316 325 336 337 342 343 352 360 14 8 1 352 354 358 1 8 24 18 15
330 326 328 329 329 336 344 345 335 333 342 351 343 333 323 327 338 347 8 329 5 3 358 351 324 333 328 318 313 316 320 341 342 340 353 356 354 350 344 342 347 349 345 338 332 325 321 329 326 319 309 301 294 290 286 282 281 278 276 281 293 292 291 297 305 251 251 306 300 301 308 319 324 325 321 316 316 319 327 329 333 342 47 358 0 16 13 53 360 357 51 32 24 19 15 11
334 336 336 321 332 334 336 338 334 332 339 347 344 337 326 324 337 344 328 335 324 0 358 356 351 349 324 319 337 317 320 332 349 357 7 356 353 348 348 347 350 351 344 336 330 327 323 330 324 319 310 301 296 289 283 278 275 273 272 275 281 277 276 279 285 302 310 313 279 284 300 315 324 332 334 324 319 317 321 325 333 342 5 12 353 358 53 46 357 355 348 34 22 18 14 8
336 336 337 336 326 335 337 335 334 333 338 345 345 339 330 326 332 358 324 359 357 349 1 1 323 346 351 351 330 330 320 327 4 10 11 355 353 354 351 350 349 352 341 335 333 329 324 329 327 319 310 300 295 291 284 280 274 240 242 245 248 249 251 255 262 268 290 275 281 291 304 320 320 330 331 334 321 314 317 320 322 332 341 11 3 358 41 42 358 355 343 29 18 15 10 7
330 329 342 324 323 334 335 335 338 335 336 341 341 338 330 327 334 333 12 357 350 354 1 359 327 344 345 340 319 321 336 350 7 14 12 354 354 350 347 349 359 354 344 345 334 328 324 327 333 322 313 305 300 248 247 246 245 246 249 252 254 256 258 263 269 277 286 295 284 275 310 323 317 319 342 341 327 315 315 316 313 318 330 348 355 4 23 33 34 1 350 24 14 11 7 3
326 328 328 335 327 316 321 333 334 338 331 332 338 337 330 325 333 336 340 357 353 352 350 343 348 347 348 327 325 331 345 7 16 23 10 352 343 349 355 360 358 299 297 294 290 331 330 345 273 268 262 258 255 254 253 253 253 254 256 258 260 263 266 269 273 278 283 300 300 267 269 312 312 308 331 338 327 309 306 312 317 325 337 341 343 349 355 27 37 3 349 21 10 7 3 1
319 326 330 327 329 323 324 325 329 335 326 324 331 335 327 323 329 339 344 326 351 350 345 342 348 351 348 330 334 349 353 24 29 22 312 352 348 355 1 359 307 305 303 301 298 296 294 289 282 276 271 267 263 260 257 256 256 258 260 264 270 274 275 275 276 278 278 274 267 264 269 279 287 304 317 329 331 319 309 310 313 314 320 337 343 345 344 344 355 358 356 12 5 3 359 357
313 313 332 329 327 326 324 323 329 322 322 328 324 327 334 322 329 333 330 323 319 348 346 343 346 341 347 337 338 353 9 31 26 20 311 309 348 355 316 316 313 312 310 307 304 303 304 300 292 285 280 274 268 263 261 260 260 261 264 271 280 285 283 280 279 279 276 273 270 268 271 280 295 300 309 318 326 320 317 315 315 309 306 315 341 351 359 350 347 351 353 7 2 1 358 349
308 312 325 325 331 327 327 328 325 329 334 319 327 324 331 324 327 342 328 324 324 323 347 347 346 342 333 336 338 7 25 31 28 23 3 339 346 313 318 321 320 317 315 311 308 342 349 306 300 294 288 281 275 271 269 268 267 270 275 283 289 292 287 280 279 277 273 268 264 261 261 266 276 292 294 301 315 312 312 316 318 323 319 315 312 334 357 14 349 348 357 352 353 357 356 350
304 311 328 328 331 331 327 326 328 326 331 322 331 327 331 353 328 329 326 323 324 328 326 348 349 338 331 348 358 24 36 31 36 36 307 350 306 314 322 325 324 354 353 351 348 342 314 311 305 299 292 285 281 280 280 280 280 283 286 289 290 287 279 273 270 266 263 259 258 257 256 259 265 274 284 290 296 310 299 340 317 333 334 319 18 13 321 6 6 350 357 2 356 353 351 352
303 310 330 331 331 333 327 322 325 326 326 327 327 331 329 329 328 357 325 321 322 327 332 342 355 327 333 351 9 17 25 37 349 320 309 311 315 320 326 357 358 357 358 316 352 351 318 315 310 304 296 289 287 287 289 291 290 289 287 283 275 266 265 263 259 254 251 248 247 249 250 253 290 292 290 287 288 292 294 297 346 336 351 349 2 6 316 333 358 350 350 356 353 351 346 350
297 307 329 333 333 329 320 315 319 321 328 329 329 332 329 330 328 326 326 323 321 325 334 334 351 333 341 354 12 16 26 4 344 323 321 321 323 327 331 354 2 2 325 320 319 321 322 320 317 313 304 295 292 293 294 296 293 287 279 268 256 250 251 250 246 243 242 281 240 241 242 240 279 292 290 293 297 290 309 300 300 318 349 342 335 341 317 325 338 347 345 351 350 350 348 346
