examples/cougarCreek-fire/createInputs/WindNinja/wrfout_d3.2015080912.f18/cougarCreekFire_08-10-2015_0600_217m_non_neutral_stability_vel.asc
ncols	146
nrows	140
xllcorner	610065.000000
yllcorner	5095217.000000
cellsize	216.586807
NODATA_value	-9999.000000
[rows 105 to 139 of 140, columns 0 to 78 of 146]
8.85 7.08 5.67 5.43 5.12 5.87 21.07 5.94 6.00 7.76 8.36 9.71 10.13 15.39 10.78 9.54 13.50 13.24 4.28 11.12 8.01 6.83 8.15 8.08 9.16 9.64 3.74 9.57 4.38 4.48 11.98 12.55 12.73 12.68 12.73 12.31 11.74 11.90 12.68 13.36 14.02 14.23 14.31 14.74 14.85 14.50 14.10 14.05 14.56 15.43 16.60 18.06 19.03 18.16 14.07 8.34 6.04 6.92 7.32 6.40 4.38 2.27 1.45 1.50 8.26 8.68 8.84 2.02 2.45 3.04 3.92 7.25 7.04 6.74 6.31 6.31 6.60 7.07 6.71
8.74 8.25 7.54 7.16 7.01 7.48 8.23 7.33 18.88 6.53 9.89 9.63 18.13 8.77 10.96 7.70 14.27 13.60 3.51 12.75 9.12 4.34 3.28 7.82 7.67 3.42 9.91 8.65 5.95 10.57 11.08 11.53 11.51 11.50 11.74 11.77 12.07 13.04 13.51 13.15 13.17 13.34 13.50 13.77 13.98 13.91 13.59 13.51 14.12 14.96 15.45 16.45 18.13 18.78 15.04 7.46 4.65 6.50 7.43 6.71 4.72 2.20 0.92 0.97 1.12 1.02 1.35 1.83 2.28 2.87 3.60 4.15 4.53 7.00 7.00 7.07 6.10 6.63 5.46
9.02 9.09 9.18 9.14 9.27 9.77 9.69 8.42 7.57 6.23 10.58 17.51 15.81 11.04 19.09 13.23 5.90 4.51 3.23 1.92 8.06 4.95 8.07 10.13 7.44 8.66 9.27 10.52 9.56 10.20 10.62 10.99 10.81 10.89 10.98 10.85 6.71 8.71 9.93 11.97 11.73 12.16 12.55 12.73 12.86 12.99 12.72 12.61 13.08 13.65 13.92 14.52 15.89 17.09 15.36 9.36 5.73 6.67 7.79 7.15 5.07 2.29 0.82 0.51 0.29 0.54 8.99 8.66 8.99 8.79 8.84 8.35 8.24 8.21 8.05 7.45 7.81 9.17 10.62
8.36 8.19 8.99 9.43 9.48 9.09 8.69 8.34 7.31 21.62 4.14 15.16 9.37 14.09 13.73 11.50 13.78 12.05 9.61 11.30 8.51 6.25 1.52 7.30 6.30 7.85 6.88 5.68 9.72 6.55 9.95 10.59 7.52 11.03 10.85 3.65 11.28 12.77 12.21 10.60 10.53 11.16 11.57 11.75 11.92 8.34 11.85 11.74 12.14 12.40 11.95 11.59 12.82 16.45 16.87 12.69 8.86 8.16 8.32 7.29 5.03 2.22 0.73 1.14 1.91 8.36 8.80 8.74 8.82 8.79 9.02 4.02 9.06 9.68 10.30 10.97 11.26 11.46 12.00
9.03 8.73 9.81 9.33 9.03 8.48 8.08 8.09 7.28 6.83 4.42 6.35 14.61 15.87 14.39 16.06 7.37 12.69 10.83 10.21 6.81 5.17 6.47 13.10 4.90 9.60 10.06 8.52 9.21 9.39 10.00 8.32 10.52 10.86 1.93 10.85 1.22 12.17 11.03 9.77 9.77 10.22 10.42 10.70 6.56 11.36 11.20 11.23 11.70 11.85 10.59 9.10 11.84 18.02 19.13 15.43 11.96 10.22 8.81 7.09 4.77 2.39 1.85 2.83 3.65 4.00 8.12 8.45 9.37 3.83 9.41 4.32 10.42 4.96 5.50 12.47 11.86 11.34 11.53
9.92 10.07 9.90 9.93 9.16 9.22 9.05 9.09 8.16 7.46 6.37 7.10 18.49 9.15 9.79 17.12 14.09 8.04 6.10 16.91 7.61 10.90 16.09 13.75 8.18 7.01 11.54 5.66 10.16 9.50 6.43 8.93 0.38 1.39 1.31 0.94 2.18 10.96 6.30 9.47 9.35 9.37 9.37 4.15 4.43 4.96 10.68 11.03 11.57 11.53 10.35 9.40 12.99 18.62 19.21 16.42 13.94 11.61 9.16 7.06 4.99 3.40 3.49 4.49 5.01 5.22 7.73 7.40 8.94 9.75 10.46 10.20 10.13 11.78 11.90 10.67 10.68 10.15 9.92
9.39 9.07 8.62 8.13 8.24 9.04 9.67 9.58 8.03 7.05 7.07 7.75 8.70 9.13 17.09 18.86 5.39 6.76 8.03 8.64 9.12 7.32 5.49 15.36 10.06 9.22 8.55 10.33 11.13 7.48 4.00 8.47 0.96 1.14 1.27 3.48 10.48 9.21 8.84 1.73 2.40 2.98 3.13 2.82 2.34 3.09 9.88 10.75 11.40 11.13 10.35 10.59 13.98 17.71 18.19 16.73 14.70 11.85 9.20 7.24 5.52 4.33 4.31 4.97 4.81 11.75 10.69 10.22 10.12 10.07 10.69 9.63 8.48 8.69 9.63 10.84 11.19 10.83 10.85
8.49 7.86 7.22 6.80 8.10 7.67 7.35 7.82 7.67 8.04 19.10 7.38 13.72 18.00 17.64 18.94 7.26 9.19 10.90 10.42 8.40 5.55 4.40 13.92 8.94 8.17 8.76 6.32 6.82 7.87 4.73 3.19 5.68 9.49 5.13 8.80 9.21 8.37 2.22 1.84 2.51 2.60 2.72 2.70 2.53 8.23 8.96 10.41 11.59 11.37 10.88 12.13 15.27 17.84 18.20 17.02 14.31 11.20 9.10 7.50 6.02 4.88 4.63 4.72 3.99 3.64 4.72 6.10 12.35 12.67 13.44 13.67 12.78 13.01 12.06 12.06 11.76 12.34 11.76
8.26 7.78 7.19 6.77 6.06 5.73 6.69 6.42 6.31 6.83 6.04 15.25 11.67 15.28 18.50 19.19 9.92 11.67 12.02 9.59 6.28 5.01 3.97 13.39 8.74 8.54 10.25 10.62 9.59 9.43 7.98 8.48 8.41 9.20 10.05 9.27 8.22 3.80 4.18 3.76 3.35 2.98 3.45 3.51 3.77 8.66 9.30 10.57 12.21 12.39 12.59 14.43 16.96 18.78 18.81 16.96 13.75 10.86 9.22 7.87 6.28 5.07 4.56 4.04 3.14 2.64 3.03 3.91 5.02 12.42 12.51 5.34 13.38 13.22 12.98 12.78 13.18 13.29 12.24
8.20 7.72 6.94 6.69 6.99 7.32 7.10 6.41 6.64 5.05 19.28 6.04 8.88 21.64 20.95 18.31 11.93 12.34 10.74 6.85 3.52 3.08 3.28 11.80 8.22 8.59 11.47 10.72 10.88 11.38 11.11 9.95 7.86 9.26 10.95 8.07 6.11 4.79 5.99 6.08 5.16 4.70 3.30 8.09 9.74 11.04 11.09 11.59 13.14 13.88 14.83 16.59 18.30 19.54 19.22 17.04 13.94 11.38 9.81 8.17 6.06 4.66 3.99 12.56 12.11 11.67 11.26 11.51 11.58 12.49 13.02 12.94 12.77 12.58 12.39 13.32 13.28 15.65 15.23
8.17 7.95 7.63 7.92 9.29 10.36 9.97 8.13 5.83 4.39 4.49 6.28 19.55 21.40 8.79 11.26 12.87 11.94 9.28 5.85 13.73 15.08 11.89 9.80 6.63 8.87 14.97 10.79 10.73 10.59 16.27 8.13 6.84 8.78 8.44 7.72 6.40 6.85 7.65 7.58 5.82 4.67 2.84 3.23 6.21 12.83 12.22 12.45 13.94 15.33 16.76 18.16 19.32 20.01 19.13 17.02 14.69 12.61 10.90 8.59 5.88 4.32 3.65 2.72 10.96 11.53 11.50 11.79 12.14 11.32 11.86 11.61 11.41 13.41 12.20 12.59 12.85 12.76 12.12
8.26 8.28 8.53 9.17 9.92 9.68 8.93 8.38 7.78 6.89 5.95 7.25 24.40 19.69 10.19 12.02 12.78 10.75 8.55 5.78 4.10 13.74 9.12 7.20 8.70 18.16 12.99 11.71 10.45 15.56 15.64 7.89 7.23 8.37 8.58 7.42 7.83 9.55 7.14 7.72 6.36 6.02 5.94 8.07 10.78 12.10 12.66 13.02 14.79 16.74 18.30 19.44 19.89 19.69 18.49 16.50 14.87 13.50 11.75 9.27 6.42 4.45 3.69 11.87 11.01 11.14 11.22 11.14 11.43 11.21 12.71 11.99 13.11 13.28 12.66 12.88 12.13 11.64 10.59
8.05 7.93 8.17 8.81 8.78 8.11 8.14 8.84 9.18 8.87 7.99 6.68 8.87 11.87 12.17 12.39 12.45 10.95 8.55 6.86 6.58 16.00 12.10 7.58 13.50 8.31 13.39 13.46 12.27 14.99 15.88 8.34 6.82 7.51 8.05 8.62 9.29 7.64 9.11 7.52 7.73 7.59 7.38 9.18 11.63 13.58 13.63 13.95 16.02 17.66 19.14 19.99 19.39 18.58 17.70 16.15 14.69 13.36 11.60 9.53 7.02 4.83 11.49 3.44 10.17 10.91 11.45 11.25 11.33 13.05 13.31 12.99 13.39 13.12 12.79 11.46 12.73 12.89 12.40
9.18 7.84 8.20 8.80 9.11 9.66 10.17 10.10 10.09 10.57 11.23 12.29 14.06 14.15 20.72 11.39 11.36 9.38 7.80 7.26 6.75 13.12 8.14 8.16 9.21 9.33 11.77 12.91 16.64 14.68 11.51 8.92 7.99 9.05 9.89 11.29 12.54 10.24 8.01 7.08 8.36 8.86 9.75 12.23 14.72 13.93 14.74 14.00 16.77 17.54 19.05 19.59 18.29 17.47 17.12 16.20 14.67 12.74 11.01 9.41 13.20 11.97 4.63 4.00 10.52 11.29 10.98 11.30 12.47 13.35 12.62 11.67 12.48 12.28 12.41 11.64 12.23 12.60 12.56
8.69 8.35 9.03 9.57 10.13 11.01 11.18 10.73 11.01 10.39 11.10 12.35 12.76 11.41 11.23 15.25 9.57 7.79 15.26 6.80 19.05 12.97 13.37 10.18 8.75 15.35 13.75 15.29 14.91 17.31 10.47 11.01 10.60 10.65 11.75 12.00 10.88 8.89 6.96 7.01 8.57 10.19 11.75 13.93 14.54 14.08 13.47 15.04 16.91 16.79 18.37 18.82 17.66 17.08 16.80 16.01 14.50 12.40 14.38 13.59 12.88 12.23 12.06 10.86 10.98 11.27 11.43 11.16 12.15 13.12 12.99 12.87 12.88 11.87 11.72 11.55 13.42 14.11 16.57
8.47 9.21 10.41 10.97 11.53 12.12 11.48 10.51 9.85 10.82 9.06 9.23 8.94 8.50 8.39 9.33 16.46 13.98 11.69 15.93 16.46 7.60 13.44 14.61 12.88 11.88 17.28 16.38 10.82 12.44 13.55 9.54 12.34 11.21 13.04 12.38 10.35 8.60 7.35 8.03 10.46 12.35 12.34 12.63 12.56 12.11 13.32 15.73 15.52 15.41 17.19 18.10 17.68 17.27 16.72 15.63 17.39 16.39 14.88 13.04 12.01 12.50 11.58 11.19 10.85 10.94 11.70 13.38 12.61 12.86 13.94 12.93 12.36 12.56 12.83 13.76 14.11 13.45 13.48
9.11 9.56 10.71 11.27 12.27 12.25 10.54 9.17 8.83 9.54 9.00 8.93 8.72 8.68 8.79 8.68 17.12 14.01 11.00 16.55 14.92 12.83 10.30 12.95 15.26 17.76 17.71 14.16 13.07 10.46 19.84 12.46 12.40 11.70 13.78 12.29 9.48 8.73 8.85 9.51 12.89 12.92 11.47 10.65 10.46 11.55 13.83 15.29 14.42 14.14 15.91 16.96 17.81 18.47 18.60 18.12 17.07 16.36 15.38 13.34 11.42 11.78 12.16 11.36 4.98 4.75 11.70 13.01 11.43 12.89 12.80 13.68 13.85 13.99 12.47 13.72 12.35 13.44 12.71
9.47 9.66 10.02 11.22 10.34 9.11 9.10 7.50 8.25 9.46 11.69 10.12 9.80 9.72 10.31 10.04 9.57 15.10 10.02 22.43 16.29 15.88 15.29 16.54 9.01 7.55 20.30 11.76 11.01 10.16 17.91 12.01 12.83 13.01 14.35 12.20 10.22 10.52 10.80 12.13 14.64 12.40 9.92 10.33 10.67 12.56 15.17 14.87 13.66 12.93 14.23 15.79 17.28 18.41 18.27 17.73 17.41 16.95 15.80 14.18 11.24 12.06 13.45 12.61 5.66 5.41 12.11 12.83 12.64 12.70 12.47 12.27 12.74 12.55 12.48 13.67 13.64 13.77 14.11
10.48 9.81 9.31 8.74 9.34 8.34 8.05 6.95 8.40 10.06 11.97 10.69 10.19 10.32 11.53 11.47 10.69 15.40 10.95 23.09 17.99 17.57 17.81 18.47 9.84 9.23 17.64 11.76 12.84 11.99 12.60 16.04 15.78 14.43 13.80 12.11 11.53 12.40 12.89 13.80 13.57 11.13 10.84 11.47 11.83 13.95 15.60 13.50 12.12 11.36 12.57 15.23 17.32 18.03 17.78 17.26 16.87 16.77 16.16 14.84 11.67 11.93 13.25 12.93 11.34 6.16 5.75 13.14 13.27 14.62 14.39 13.22 13.02 12.75 13.92 14.59 13.83 13.09 14.84
10.25 9.21 8.27 8.42 7.61 8.86 8.87 8.09 9.62 10.73 10.80 12.66 10.82 11.06 11.71 11.13 11.63 11.45 13.61 13.20 18.59 17.66 18.59 18.90 10.95 11.48 11.74 13.57 13.99 12.43 10.71 17.54 15.65 13.07 12.33 11.51 11.13 11.60 12.10 12.22 11.87 10.94 11.11 11.81 13.25 14.66 14.35 12.14 11.08 11.50 13.01 15.90 16.47 16.71 17.13 17.18 16.83 16.55 16.10 15.21 12.93 13.27 14.74 13.60 12.57 6.93 6.66 13.20 15.66 15.99 15.68 15.30 14.89 14.70 14.71 13.79 13.67 13.27 14.51
9.70 8.94 7.77 7.49 9.12 9.23 9.74 9.59 11.09 11.73 11.51 11.62 11.75 11.69 11.83 11.48 11.03 11.67 13.37 14.96 13.32 19.91 19.27 18.15 18.66 18.24 13.18 14.07 22.33 12.57 10.55 16.93 13.56 12.51 9.49 9.28 10.40 10.43 10.27 10.11 10.80 9.95 10.20 12.08 13.16 12.51 12.34 11.71 11.23 12.43 13.21 15.06 14.83 14.27 15.49 15.93 16.78 17.39 17.15 16.83 16.23 16.73 17.42 16.31 16.11 13.80 12.52 11.50 16.39 7.28 16.47 15.92 14.87 13.54 13.53 14.01 13.41 13.07 14.30
9.69 9.14 8.31 8.69 9.22 10.01 10.81 11.83 12.49 12.50 12.18 12.09 11.84 11.67 12.17 12.57 12.00 28.62 11.93 21.95 15.81 23.93 19.80 16.59 13.13 17.65 19.51 19.84 19.65 18.68 9.46 7.96 13.75 10.52 8.87 9.37 10.88 10.30 10.45 12.09 11.15 10.00 10.91 11.74 10.78 10.58 11.82 11.99 10.70 11.02 11.38 12.75 12.93 12.36 13.03 13.69 16.13 15.02 13.48 12.19 11.55 10.71 9.54 8.28 7.93 7.57 14.50 7.14 8.24 7.33 16.03 15.45 14.60 13.31 3.05 12.44 13.44 12.17 13.31
8.45 8.61 10.11 10.07 11.33 12.43 12.34 12.92 14.54 11.88 11.03 11.00 13.64 11.90 12.81 13.39 12.24 12.60 18.57 19.51 20.19 23.60 18.52 18.50 15.65 20.58 24.33 24.71 11.95 10.35 15.21 17.28 12.90 10.45 8.82 8.33 9.54 10.59 11.06 10.94 9.92 9.00 10.62 9.76 8.36 10.60 12.34 10.91 8.51 7.50 8.29 9.33 9.47 13.23 14.16 15.28 15.64 15.03 13.68 12.39 11.47 10.60 9.95 9.10 8.43 8.11 7.96 8.40 8.71 6.24 14.58 13.45 13.88 13.58 11.15 13.97 12.67 11.99 12.50
9.21 9.32 9.71 11.10 11.83 9.89 9.66 11.57 11.68 11.08 9.28 10.28 11.40 12.32 12.91 12.76 11.05 11.49 10.44 18.86 23.83 19.35 20.26 22.40 22.51 21.72 21.96 12.73 10.91 7.66 14.96 13.89 12.73 9.38 7.96 9.33 11.50 12.92 11.18 9.66 8.05 9.48 9.67 10.26 11.38 10.54 11.10 8.64 8.83 9.75 10.90 11.39 12.15 12.82 13.67 14.52 15.01 14.89 14.04 12.83 11.78 10.97 10.14 9.49 8.94 8.38 8.35 17.45 18.71 7.01 5.02 14.41 13.81 13.87 11.99 14.08 12.23 12.00 11.18
10.43 10.13 10.05 11.16 10.88 9.73 9.65 9.43 9.79 9.49 9.16 10.84 11.45 14.21 11.52 10.97 9.84 9.68 10.77 11.95 25.67 19.80 21.27 26.92 26.67 25.27 21.95 12.86 9.11 6.51 16.13 12.04 10.76 7.86 8.78 9.13 11.85 10.79 9.65 9.02 9.77 10.10 10.55 11.30 11.76 11.10 9.78 8.54 8.44 9.27 10.18 10.94 11.58 12.19 13.01 13.89 14.64 14.89 14.42 13.51 12.37 11.20 10.24 9.58 9.01 8.26 7.78 7.60 7.18 6.21 5.08 4.27 2.74 12.70 12.75 13.08 12.89 11.75 11.92
12.17 11.44 10.38 10.11 11.07 10.32 10.12 9.93 9.80 9.03 10.26 12.07 12.91 12.53 12.12 10.46 12.14 10.49 12.18 14.61 15.59 23.89 21.18 26.64 26.37 20.67 26.29 19.02 8.21 16.52 14.40 13.19 11.90 8.92 9.47 10.79 10.17 10.31 10.84 10.71 10.99 11.51 12.00 12.30 12.17 11.31 9.80 8.29 8.21 9.14 9.82 10.25 10.69 11.30 12.14 13.09 14.06 14.73 14.94 14.85 13.60 11.35 9.91 9.43 8.77 7.70 6.98 6.49 5.96 5.15 4.31 3.75 13.25 2.21 12.23 13.07 13.05 12.99 12.48
14.19 12.60 10.79 10.38 10.15 9.98 10.57 10.57 10.60 11.31 11.65 11.44 13.30 12.82 12.97 11.59 11.83 12.87 14.61 16.67 16.93 15.94 23.96 26.65 23.91 26.05 19.95 17.33 6.34 16.88 13.98 12.20 11.95 8.89 9.15 12.27 12.33 11.96 12.29 12.46 12.83 13.18 13.04 12.65 12.17 12.87 11.42 7.99 8.53 9.41 9.39 9.39 9.85 10.62 11.42 12.13 13.23 14.49 15.59 16.26 14.35 10.51 8.73 8.95 8.48 7.18 6.27 5.89 5.68 5.19 4.50 3.71 3.21 12.31 12.54 14.17 12.36 12.14 12.11
16.50 14.13 11.35 10.47 9.52 10.07 10.12 10.34 11.62 12.12 12.81 11.78 13.34 13.69 13.13 16.29 13.65 14.78 16.16 17.01 16.78 16.10 14.96 29.45 21.40 24.59 22.71 24.11 20.51 14.97 13.09 12.05 10.92 7.69 7.88 5.08 12.63 14.00 14.50 14.56 14.33 15.75 14.97 13.46 13.60 13.71 8.87 8.35 8.89 8.99 8.56 8.79 9.55 10.63 11.42 11.83 13.33 15.50 17.03 16.77 13.10 8.50 7.87 8.67 8.27 6.98 6.49 6.26 6.05 5.60 4.96 4.19 3.53 3.22 3.13 3.32 13.29 2.78 12.48
18.53 15.16 11.52 10.47 9.32 9.36 9.70 11.09 11.30 12.08 12.62 12.91 12.98 13.82 13.85 14.46 14.99 24.76 16.10 16.44 16.46 16.07 15.22 29.26 23.25 15.37 23.87 21.18 18.15 14.80 14.50 13.28 5.42 6.42 12.18 16.72 18.87 18.76 16.62 18.38 17.87 17.81 14.65 11.27 13.86 14.14 9.01 8.68 8.48 7.86 7.68 8.54 9.94 11.37 12.27 12.88 14.77 17.04 17.58 15.34 10.76 7.58 7.72 8.68 8.31 7.31 6.73 6.71 6.77 6.36 5.77 4.99 13.07 12.72 13.08 12.39 3.75 12.71 10.70
18.90 15.02 10.92 9.68 8.08 8.31 8.14 9.98 12.09 13.12 13.62 13.86 14.06 14.99 14.90 16.10 15.91 17.74 16.17 16.43 16.97 16.72 15.86 15.57 25.15 15.08 13.42 24.37 20.48 18.96 17.12 7.04 7.26 14.24 20.16 22.36 22.22 20.35 17.46 23.40 18.47 16.23 11.27 11.79 11.82 10.64 9.41 8.72 8.12 7.54 7.64 8.91 10.85 12.76 13.79 14.44 15.87 17.03 16.26 13.47 10.28 8.61 8.56 8.82 8.51 7.88 7.23 14.27 7.59 7.45 6.84 5.92 12.52 13.69 14.36 14.22 14.03 3.77 12.74
19.25 14.56 10.41 9.19 6.90 7.04 7.57 11.74 14.98 14.85 14.37 14.50 15.37 15.95 16.37 17.04 16.42 16.67 16.85 17.26 17.72 17.02 15.67 14.54 25.39 24.20 13.20 25.06 20.99 19.02 10.35 10.20 15.27 22.70 25.26 23.47 21.01 17.64 14.23 22.61 17.36 11.47 11.75 12.34 15.58 10.83 9.70 8.90 8.46 7.99 7.42 8.81 12.61 14.67 14.69 14.55 15.07 15.43 14.61 12.62 10.80 9.99 9.93 9.96 9.64 9.01 8.43 8.21 8.52 8.52 8.02 14.42 14.00 13.38 6.25 14.49 14.63 4.44 12.13
18.85 15.18 9.67 8.83 7.50 9.86 14.74 18.02 17.58 15.74 14.91 15.00 15.14 15.50 17.15 17.55 17.73 16.67 16.86 17.03 16.80 25.13 14.05 13.14 12.64 15.10 22.55 22.98 22.33 14.74 14.92 17.91 22.84 25.75 22.98 19.74 17.27 13.66 10.93 20.35 11.08 11.66 12.46 12.84 16.22 10.90 9.94 9.23 8.90 8.26 7.17 9.22 14.18 15.70 13.80 12.84 12.98 13.21 13.24 12.41 11.44 11.11 11.27 11.47 11.33 10.84 10.18 9.81 10.02 10.12 14.97 14.75 12.99 14.05 14.32 14.24 14.37 13.80 12.79
15.83 14.62 10.85 7.62 9.42 12.06 17.16 17.76 15.45 14.46 14.58 15.01 16.19 15.77 17.25 17.31 17.73 16.24 16.06 17.53 14.97 14.03 12.77 12.27 12.95 13.43 15.30 26.66 22.94 17.37 19.88 23.22 24.76 22.60 17.37 14.73 13.07 10.00 8.84 17.26 14.17 12.31 13.16 13.32 12.65 11.57 10.78 10.46 10.22 9.63 9.86 11.80 14.95 14.63 11.22 10.05 10.75 11.15 11.90 12.29 12.15 12.20 12.61 13.14 13.37 13.11 12.71 12.31 12.16 11.94 11.79 11.29 15.02 15.39 14.23 14.66 14.16 13.80 15.20
12.68 12.71 11.10 6.03 8.70 12.27 15.36 13.92 11.69 12.06 13.48 14.69 15.44 15.86 16.02 17.16 15.77 17.17 15.00 15.75 13.92 13.29 12.34 12.17 13.11 14.23 16.21 17.19 24.90 19.09 20.40 21.31 19.95 16.55 12.16 10.03 9.91 8.67 19.08 15.19 13.27 14.28 15.39 15.22 13.62 13.23 13.31 13.72 13.90 14.26 15.26 15.43 14.30 11.65 8.00 7.55 8.73 9.45 10.60 11.93 12.83 13.44 14.10 14.95 15.74 15.94 15.73 15.36 17.92 14.38 16.68 16.70 15.93 14.52 16.78 16.08 15.75 14.62 15.49
12.20 11.45 10.50 6.85 9.12 12.43 14.08 12.14 10.34 11.10 12.97 14.48 15.38 15.79 15.93 15.83 15.38 14.88 14.41 13.86 13.55 13.00 12.26 12.41 13.33 14.49 16.42 18.72 27.61 19.35 18.76 17.23 19.34 13.39 10.00 9.46 8.63 7.92 15.56 14.95 15.45 15.80 15.43 14.41 13.94 14.49 15.04 16.02 17.20 18.17 18.36 16.83 13.54 9.69 6.98 6.86 7.93 8.80 10.14 11.90 13.39 14.30 15.08 15.99 17.18 17.70 17.41 17.21 16.79 19.97 18.60 17.49 13.65 17.25 17.67 18.11 16.71 16.10 16.67
