examples/cougarCreek-fire/createInputs/WindNinja/wrfout_d3.2015080912.f18/cougarCreekFire_08-10-2015_0600_217m_non_neutral_stability_vel.asc
ncols	146
nrows	140
xllcorner	610065.000000
yllcorner	5095217.000000
cellsize	216.586807
NODATA_value	-9999.000000
[rows 35 to 69 of 140, columns 0 to 78 of 146]
6.51 5.10 4.03 5.56 3.79 2.90 6.07 6.16 5.27 5.73 5.23 4.52 3.90 5.76 10.76 7.18 5.78 4.65 5.23 15.55 22.14 27.12 31.81 41.40 39.70 37.66 38.27 34.46 31.21 28.98 27.66 29.84 32.13 27.25 23.52 20.32 17.46 16.91 17.61 18.82 19.75 19.40 19.36 18.21 15.71 17.11 19.02 19.15 19.99 9.34 9.08 7.48 4.67 7.21 9.59 12.26 12.78 11.39 10.05 15.90 14.92 15.23 8.43 7.93 4.60 4.56 5.03 5.94 7.22 8.22 8.66 10.06 4.12 12.33 6.66 8.08 8.28 7.62 7.62
6.15 5.77 5.05 5.20 4.60 4.15 3.55 4.53 3.38 3.39 4.43 6.52 6.43 6.02 7.93 12.15 14.55 17.86 20.41 22.61 23.32 23.81 28.14 30.84 30.77 22.64 23.38 28.02 27.70 23.71 22.78 26.86 31.98 30.61 25.59 23.76 21.32 8.14 9.49 11.02 11.86 12.81 13.26 18.07 18.73 18.14 16.36 17.10 22.06 13.84 13.77 13.50 11.90 9.28 8.10 8.24 8.02 7.41 7.09 6.96 6.61 6.50 6.45 12.72 7.27 6.42 7.60 8.99 10.17 8.47 9.70 9.56 10.71 11.11 11.66 12.32 12.39 12.76 6.40
6.79 6.20 4.83 4.19 2.63 2.06 1.56 1.73 2.25 2.49 4.24 5.76 6.54 7.17 4.99 5.31 8.07 8.50 10.36 13.72 17.38 18.79 22.16 26.20 24.03 21.12 19.42 14.70 13.85 11.92 16.33 26.28 29.86 28.71 26.00 24.10 23.61 21.56 20.09 18.73 12.16 17.54 14.31 13.85 12.51 13.21 13.81 15.14 19.75 21.96 25.66 16.52 16.26 23.24 13.67 12.00 10.33 8.55 6.69 5.24 2.72 2.84 3.32 3.87 4.48 5.59 7.19 8.51 9.35 9.55 9.28 9.54 7.24 10.21 10.69 11.20 11.64 12.12 12.68
3.17 4.02 4.45 2.35 0.45 2.64 4.81 5.20 4.73 5.25 6.99 6.05 7.24 7.86 8.70 9.09 9.03 9.68 11.37 15.38 19.92 20.50 21.88 25.36 27.03 26.20 26.08 19.36 10.47 8.03 15.59 20.38 31.25 28.93 25.33 22.50 17.18 8.98 8.30 22.54 24.90 23.05 14.78 14.50 14.90 15.76 15.46 15.19 14.39 17.83 24.15 26.04 27.85 25.78 23.11 22.55 21.50 20.55 12.76 11.12 9.72 8.68 8.23 7.82 2.36 6.93 5.11 6.11 6.62 7.02 7.43 7.99 9.13 10.11 11.04 11.26 10.95 11.18 11.51
3.51 3.60 1.40 1.28 2.68 4.23 5.44 5.05 4.44 5.55 5.71 6.72 8.48 8.17 9.43 10.02 10.80 11.69 12.37 13.09 15.56 20.12 22.87 27.81 29.72 29.42 27.09 21.40 23.05 13.39 16.30 20.32 25.75 30.13 30.29 29.72 27.79 25.15 22.99 13.03 14.32 27.17 16.05 14.95 21.01 26.51 26.76 22.70 20.48 19.50 19.01 20.82 20.71 23.58 28.24 26.73 24.70 23.76 23.42 17.59 16.17 14.65 14.10 14.60 14.50 14.56 15.54 14.64 14.84 14.51 14.03 9.85 9.96 10.50 11.40 11.72 11.43 11.18 10.84
2.70 2.91 3.27 4.96 7.67 7.02 6.13 5.21 4.86 6.15 6.42 5.80 6.00 6.73 9.96 10.15 11.25 13.17 14.28 14.92 16.86 19.76 20.83 26.12 29.36 29.04 26.47 24.57 22.81 17.58 17.29 21.07 25.30 28.67 29.74 32.23 30.92 29.32 30.28 23.36 22.89 23.67 23.22 15.99 17.53 20.23 21.96 23.08 22.41 29.07 27.70 25.65 22.60 18.99 18.08 17.07 20.28 20.24 13.86 17.94 24.31 23.90 19.76 18.45 17.59 21.99 22.20 18.17 19.14 19.24 18.93 18.52 18.54 13.43 13.25 12.81 12.00 11.24 11.11
3.34 3.70 5.08 6.67 8.46 7.52 6.84 5.68 6.12 6.74 6.83 7.33 7.92 9.23 11.76 11.38 12.39 13.47 13.74 15.07 17.27 18.04 18.09 20.53 25.03 29.36 30.45 28.74 25.85 22.32 20.95 24.73 30.20 30.79 32.07 34.18 35.40 33.52 29.95 29.63 31.32 30.09 29.06 27.92 28.04 26.51 21.67 23.78 34.14 34.65 33.79 33.34 24.01 32.60 29.69 28.59 24.81 23.51 14.18 13.20 23.05 20.98 22.57 23.30 23.52 23.75 23.16 20.63 17.61 17.80 18.28 22.60 20.83 21.68 19.65 18.86 13.46 12.27 10.81
2.14 4.63 5.64 4.73 5.17 8.09 6.55 6.22 7.59 8.49 8.86 9.20 10.08 11.64 12.53 13.12 13.15 12.81 13.55 14.88 15.75 16.55 16.59 16.98 19.89 26.13 30.58 29.80 28.91 27.12 25.18 26.62 29.83 31.37 32.57 34.82 34.79 32.98 31.17 30.30 31.84 31.70 30.34 28.72 27.79 26.10 27.97 30.85 34.29 27.23 35.93 34.94 33.98 33.29 31.46 18.42 16.91 27.00 25.27 24.32 12.95 24.31 23.20 6.86 2.34 3.37 4.12 4.82 5.14 6.41 6.92 6.81 8.21 9.90 9.67 5.17 13.13 18.94 11.42
3.62 2.85 3.05 9.72 9.95 9.46 6.92 8.27 9.50 9.64 10.65 13.28 14.45 14.04 14.48 15.18 13.59 14.30 14.40 14.30 14.15 14.69 15.72 16.97 18.46 23.07 26.00 26.00 27.92 27.25 30.77 31.82 29.72 32.00 34.29 36.50 34.73 32.98 31.46 28.71 27.77 28.68 27.66 24.67 21.80 23.24 25.67 26.61 28.97 31.83 31.71 31.47 33.88 32.62 29.89 28.93 27.81 27.19 16.59 6.20 3.17 5.70 6.32 5.65 5.28 5.42 5.22 5.66 9.80 7.29 11.89 12.94 13.81 14.37 14.24 9.47 7.58 4.82 11.62
6.91 7.45 9.59 6.79 10.37 10.95 8.61 10.90 12.06 13.20 15.85 16.50 15.76 14.62 14.74 14.33 13.86 15.54 15.42 15.29 16.16 16.31 16.51 17.49 18.35 20.40 21.51 21.25 24.31 23.80 31.55 34.59 36.89 37.08 34.24 35.13 37.11 34.15 31.24 28.61 25.26 21.78 18.36 16.48 18.78 23.95 29.30 31.30 32.23 29.79 26.76 26.57 27.73 25.34 20.54 13.27 4.54 8.09 9.11 9.20 9.09 8.94 8.40 9.65 8.65 8.32 8.58 8.75 8.83 9.38 10.27 10.85 11.79 12.80 13.31 13.28 12.90 12.74 3.04
2.80 3.40 8.23 11.45 12.54 11.96 12.72 13.15 14.56 17.30 14.94 14.09 12.66 12.21 13.12 13.44 14.76 12.86 12.56 14.16 15.40 17.13 17.65 19.96 19.75 19.32 19.65 20.05 21.25 20.72 24.24 25.10 28.06 31.91 32.95 35.47 36.21 35.33 32.70 28.89 20.96 17.60 16.25 18.89 24.11 26.92 29.51 27.05 27.58 29.59 25.53 14.93 9.73 6.06 4.67 4.75 9.89 9.36 8.42 8.27 9.88 13.44 12.56 11.17 9.86 9.22 3.18 3.70 9.81 4.86 3.03 2.97 3.57 3.94 4.35 5.00 13.80 6.00 2.96
12.27 12.42 13.02 13.27 13.59 13.97 15.74 16.20 17.32 15.24 12.96 11.23 12.38 13.39 14.21 13.84 12.54 10.64 12.78 14.20 15.10 18.75 19.61 20.14 21.09 20.05 18.99 19.79 21.39 22.22 21.96 21.34 22.86 25.40 28.67 28.10 31.75 35.88 35.51 29.95 24.91 22.10 22.67 25.17 27.14 31.29 29.61 23.46 17.74 8.41 13.54 13.34 11.00 9.42 9.27 9.93 12.10 13.98 13.42 13.77 14.76 15.13 14.49 13.25 11.90 6.26 10.84 11.23 5.86 10.97 11.13 11.05 11.40 5.82 6.18 8.64 13.71 6.46 4.98
15.00 14.03 13.16 12.00 13.87 15.24 15.67 16.44 15.85 14.47 11.02 11.79 12.51 12.96 12.08 10.34 12.95 14.17 15.06 17.22 17.85 19.16 17.77 16.46 16.03 16.80 16.44 17.49 19.87 20.60 21.36 21.83 20.81 27.34 26.92 23.29 25.88 31.45 33.95 33.71 30.69 28.52 28.10 28.28 32.74 26.32 23.20 18.09 15.17 14.59 14.82 13.34 10.19 8.30 9.24 10.84 14.64 16.46 16.56 16.79 13.91 13.04 13.02 12.86 13.76 12.93 9.67 9.32 12.35 12.02 11.98 8.88 6.87 6.83 8.57 9.32 14.05 14.33 14.78
16.07 15.14 14.42 15.39 16.08 15.92 14.74 14.35 12.59 12.51 11.25 11.82 12.19 11.35 10.79 16.37 17.72 18.40 17.74 19.73 19.56 18.79 15.42 13.97 13.25 14.54 14.34 15.04 16.84 18.10 20.09 21.93 20.25 30.55 27.97 20.35 24.26 28.25 30.27 37.13 34.57 28.24 26.90 26.36 30.14 24.12 17.34 13.79 13.01 15.39 16.99 16.19 13.79 12.34 12.44 13.87 16.26 17.55 17.61 17.82 17.85 17.58 17.15 16.53 15.50 14.52 14.19 13.91 11.70 10.09 7.53 7.14 7.44 7.57 6.71 7.85 10.22 14.29 7.34
16.68 16.31 15.96 15.50 15.11 14.72 13.32 11.67 12.01 12.18 11.93 12.26 13.18 14.34 19.05 18.74 20.60 21.04 21.70 21.79 19.83 19.08 16.29 14.61 16.11 16.30 14.84 15.40 15.53 15.86 20.66 18.83 21.69 25.77 27.78 20.39 19.51 26.27 28.08 32.63 21.16 31.09 23.29 24.39 27.42 26.97 21.68 16.62 16.86 19.40 20.62 19.52 17.44 15.50 14.92 15.90 16.66 17.27 17.74 17.89 18.12 18.26 17.82 17.03 15.03 13.90 12.78 10.82 9.35 9.00 7.12 7.91 7.20 7.14 7.50 6.45 5.92 5.18 14.65
17.74 17.19 15.80 14.39 12.62 9.62 10.50 12.33 13.02 12.79 11.70 11.96 15.24 19.38 22.23 23.12 22.29 21.94 20.63 20.49 20.25 19.08 17.42 17.23 17.25 16.98 15.09 15.17 16.21 16.80 21.45 19.64 22.46 25.83 26.07 16.12 15.97 23.50 25.65 27.04 27.91 27.02 26.55 24.01 25.27 28.92 26.86 23.18 23.61 24.39 24.10 22.84 20.08 17.12 15.65 15.51 15.69 16.78 17.99 18.39 18.10 17.74 17.28 16.70 16.22 16.12 16.07 15.87 15.52 14.70 14.13 13.99 13.93 7.45 7.30 6.46 14.53 14.73 14.77
18.89 17.13 14.74 11.82 9.05 11.59 13.84 14.32 13.99 13.34 14.65 19.96 19.85 23.91 23.89 23.42 21.63 20.78 19.45 20.16 21.00 19.66 18.18 17.54 13.71 12.84 11.61 11.90 16.71 17.64 20.67 21.15 23.25 26.20 24.94 12.75 13.49 18.31 20.75 22.91 24.56 25.23 24.06 22.20 22.96 26.94 23.02 20.76 21.92 23.44 23.72 23.16 21.74 19.99 17.43 14.43 14.39 16.17 16.88 17.83 17.79 18.00 15.89 15.66 16.17 16.66 15.83 16.63 12.94 14.46 14.77 12.13 11.36 12.54 13.31 15.54 15.80 15.76 15.65
18.90 16.66 13.80 11.62 13.32 14.64 14.75 15.13 15.95 15.98 18.25 23.56 27.53 27.15 25.41 22.17 20.43 19.87 20.48 21.44 21.58 20.03 17.70 12.47 12.28 10.11 11.96 15.32 19.05 20.66 20.58 21.55 23.83 25.69 23.00 11.87 11.67 14.92 17.23 21.10 23.85 24.53 23.16 22.50 23.74 21.65 21.21 16.35 16.90 19.48 20.85 21.38 22.04 21.85 17.43 14.84 15.37 16.23 17.02 17.31 17.11 17.44 18.51 15.97 16.65 17.28 16.60 16.64 18.35 18.93 16.16 15.87 16.28 16.45 16.54 16.71 16.79 16.48 16.58
17.97 17.10 14.22 14.67 15.72 16.89 17.48 17.94 18.61 20.05 24.52 25.36 26.86 23.76 21.73 20.42 19.40 18.92 21.10 22.64 22.41 22.28 19.43 17.63 14.38 13.38 17.49 21.16 23.04 22.65 20.80 21.15 23.71 25.41 18.65 12.15 10.41 12.94 15.44 17.44 19.96 20.22 20.74 22.52 23.68 23.27 23.45 21.38 20.88 21.28 19.82 20.38 20.68 19.03 15.59 14.09 16.95 19.33 19.95 19.76 19.64 20.83 21.35 20.45 19.56 19.34 16.06 18.98 18.79 18.52 18.94 18.92 19.12 19.58 18.32 16.99 12.53 8.93 11.16
17.37 17.31 16.03 18.97 20.12 19.25 18.54 18.84 20.91 23.33 25.67 21.97 20.77 18.78 17.84 18.85 19.17 19.39 21.72 23.28 23.53 22.98 20.73 18.23 18.09 19.71 21.92 22.39 22.01 21.77 19.50 18.17 22.90 25.16 19.99 14.73 14.87 17.83 16.45 17.06 17.99 17.45 16.52 16.67 16.10 16.87 17.70 17.02 16.27 17.88 22.01 27.04 21.66 19.32 16.14 15.60 18.82 21.35 21.29 20.81 20.56 20.30 20.54 19.87 18.77 18.63 19.18 19.00 18.24 16.87 13.20 13.43 17.75 16.23 18.60 15.91 15.29 17.41 16.00
17.86 17.21 18.40 21.73 18.44 16.11 17.52 21.70 26.30 27.24 24.06 18.91 16.94 17.06 18.49 20.34 21.64 23.06 25.42 25.98 24.47 22.40 19.75 18.06 18.87 20.93 20.02 19.08 21.03 21.67 19.82 18.77 23.74 25.98 24.02 14.95 15.77 15.98 17.67 18.28 15.77 15.80 15.28 10.74 11.86 11.73 11.26 12.49 13.74 17.11 20.01 21.50 27.96 20.81 19.95 19.73 21.12 20.97 20.32 20.01 19.40 20.10 13.65 7.41 15.84 14.77 9.37 16.93 6.56 16.17 16.46 16.31 4.72 16.33 16.24 16.42 17.83 15.44 8.26
18.91 16.65 14.81 16.69 14.28 11.38 16.83 26.25 24.57 22.15 19.26 16.94 14.65 16.18 17.20 20.21 23.29 26.17 29.39 28.22 24.40 21.58 18.90 18.06 18.67 18.41 16.36 18.60 22.69 23.11 19.10 18.86 23.96 27.39 25.50 15.39 16.66 16.95 18.60 15.36 15.78 14.66 16.48 8.19 9.05 8.98 7.97 7.22 6.59 7.93 16.67 21.87 22.05 23.17 21.12 22.51 22.44 20.71 18.23 17.10 13.48 16.22 17.47 17.31 16.72 16.10 9.03 16.11 16.68 16.67 16.72 10.01 6.95 6.76 16.66 16.62 16.46 16.51 16.52
17.45 15.83 11.59 9.04 8.24 11.17 22.53 26.51 20.67 14.40 11.51 11.60 14.95 12.24 12.59 16.23 19.62 26.93 33.25 27.95 23.19 20.84 18.31 18.27 19.07 18.43 17.77 21.26 24.35 22.92 17.59 16.67 21.81 25.83 21.58 12.05 15.40 16.70 16.26 14.77 16.29 15.74 15.24 14.37 11.68 6.70 6.18 8.85 5.67 3.96 6.82 9.99 20.39 21.56 19.07 18.78 15.41 14.50 13.28 13.82 14.40 12.76 17.51 17.11 16.90 17.06 17.14 17.05 17.00 16.76 16.49 16.81 7.93 17.43 17.36 17.10 16.73 16.65 16.37
15.06 11.57 10.47 5.77 10.53 21.12 26.27 21.14 14.27 9.54 6.10 9.79 13.42 6.66 4.99 9.90 20.68 33.30 31.55 23.37 22.69 22.06 18.53 18.42 19.91 18.07 19.07 23.14 24.21 20.33 17.27 19.77 23.84 25.91 21.35 11.54 16.12 16.05 9.16 14.08 15.73 15.58 14.14 13.61 12.63 4.81 6.71 9.59 10.39 9.88 7.27 7.32 10.07 15.76 10.21 13.25 17.00 16.13 17.94 18.05 13.57 12.46 14.49 12.67 10.69 9.46 16.95 16.85 16.63 16.25 16.36 14.55 17.24 17.38 17.40 17.13 16.85 16.68 7.89
13.53 10.25 7.48 13.00 18.51 20.95 21.20 15.68 9.65 5.41 7.09 9.50 4.53 9.11 7.72 12.87 28.27 34.14 26.87 19.27 22.50 22.80 20.83 21.40 20.41 18.81 21.56 24.45 22.83 19.06 19.93 23.28 26.97 27.80 26.95 14.02 16.12 17.47 14.49 11.04 13.71 15.18 11.68 12.26 10.85 12.17 12.83 12.71 11.39 14.99 15.33 12.69 13.64 18.53 20.59 19.94 19.19 18.08 16.95 16.73 16.91 16.90 16.91 16.69 16.67 16.80 8.89 8.23 9.00 11.98 16.31 16.87 16.89 17.05 17.23 17.09 16.84 16.60 7.13
13.00 9.71 10.09 15.27 20.81 20.06 15.19 9.51 2.96 6.61 10.02 10.92 10.80 9.24 13.18 27.27 38.28 33.77 21.23 17.46 23.06 24.45 23.63 22.00 19.09 19.75 23.03 23.63 20.50 20.43 24.01 25.40 26.45 27.16 27.11 20.33 10.61 15.11 14.80 14.66 12.68 14.29 13.69 13.56 13.24 11.38 12.63 8.56 12.49 16.35 16.91 14.48 17.12 19.57 20.90 21.00 20.28 18.75 17.10 16.51 16.50 16.44 16.31 16.11 16.06 10.20 12.34 16.57 16.82 16.53 16.73 16.90 16.84 16.96 17.12 16.97 8.40 8.33 16.77
13.30 12.11 9.70 17.47 18.30 15.96 11.41 2.83 5.20 6.98 9.92 11.33 14.96 18.73 27.44 38.72 39.88 28.75 17.74 17.01 22.79 23.93 22.95 19.95 19.58 20.43 21.18 20.77 21.40 24.27 25.87 25.33 25.00 25.92 26.48 22.25 11.21 13.33 14.88 15.65 14.01 14.15 13.49 13.30 13.79 12.66 14.51 16.64 9.83 18.29 18.15 17.49 15.54 14.02 20.02 20.86 20.86 19.86 18.93 18.28 17.72 17.11 16.36 15.55 15.32 15.71 16.25 16.80 16.83 16.70 16.87 16.81 16.61 16.82 9.65 9.46 16.79 17.11 16.98
13.82 10.17 6.85 14.02 12.84 10.65 9.19 2.57 6.50 8.63 9.57 18.76 23.94 30.77 39.25 42.08 34.41 21.12 15.78 22.43 22.54 23.12 23.69 22.95 22.38 21.44 21.07 21.65 23.80 25.75 24.90 22.92 23.12 25.31 25.53 20.26 16.46 13.85 14.04 14.12 14.74 14.31 12.85 12.46 13.37 12.87 12.42 12.83 13.82 13.84 14.32 15.41 18.45 18.45 18.02 19.12 19.91 20.07 19.97 19.35 18.65 17.92 17.08 16.21 15.88 16.31 16.83 16.91 16.57 16.47 16.43 16.45 16.45 16.70 9.60 16.78 16.57 17.01 17.13
11.63 5.81 4.03 5.42 4.91 4.97 7.15 9.08 9.37 13.60 20.79 26.08 31.62 39.65 45.52 40.67 26.65 15.77 14.53 21.08 21.89 22.43 22.28 22.28 21.57 21.36 21.32 22.84 24.96 25.60 24.51 22.91 24.31 25.70 21.63 17.84 15.88 15.86 14.14 14.25 14.68 15.42 14.92 12.20 12.27 12.13 11.95 13.27 15.12 14.52 16.11 18.05 20.44 16.99 16.40 18.05 19.45 19.95 19.87 19.26 18.46 17.88 17.53 17.35 17.43 17.58 17.47 17.04 16.43 16.21 16.22 16.29 16.46 16.67 10.39 16.39 16.05 16.48 16.78
3.04 3.60 1.95 8.45 11.15 10.70 10.43 10.37 18.77 27.57 31.43 33.35 38.88 45.63 45.09 34.83 20.74 14.92 15.48 19.66 20.22 19.89 19.38 20.06 20.00 20.10 19.84 22.44 25.31 25.58 24.81 26.06 25.22 24.43 18.80 16.16 15.22 14.45 13.90 13.91 14.97 15.33 13.63 13.70 11.98 11.11 11.68 12.36 9.31 17.44 14.74 14.79 14.89 17.69 15.87 17.42 19.41 19.94 19.88 19.17 18.26 17.76 17.55 17.59 17.86 17.82 17.42 16.82 16.06 15.85 16.13 16.19 16.40 16.55 16.59 16.08 15.37 15.57 8.17
7.28 7.22 1.04 6.07 11.58 12.42 14.07 22.69 32.18 37.13 38.75 42.53 45.11 43.10 35.62 25.67 17.15 14.89 17.85 19.71 15.91 17.27 19.37 20.35 18.29 16.61 16.79 21.07 23.79 24.39 24.98 26.34 23.50 21.06 17.67 15.21 14.37 14.72 14.16 12.73 14.60 15.06 13.84 14.06 12.58 12.36 10.61 10.77 7.90 11.81 16.08 12.88 15.16 18.68 16.18 17.14 19.20 20.04 20.11 19.20 18.16 17.76 17.62 17.56 17.72 17.54 17.05 16.52 15.80 15.55 15.83 16.11 16.34 16.36 16.55 16.47 15.59 15.22 15.32
10.99 6.48 1.63 8.13 13.96 19.89 26.68 34.60 39.12 40.98 43.85 48.02 47.72 39.78 30.13 22.31 17.27 15.16 17.52 20.55 20.57 15.49 21.26 20.13 16.12 14.25 15.39 20.81 24.98 25.91 25.35 24.82 22.04 19.18 17.41 15.32 13.68 16.29 14.46 11.23 13.87 15.41 14.18 13.00 12.56 12.69 11.26 10.88 13.79 7.88 12.43 16.27 19.38 17.41 16.22 17.08 18.90 19.95 20.23 19.33 18.15 17.66 17.53 17.37 17.46 17.40 16.88 16.35 15.72 15.29 15.39 12.11 12.28 16.08 16.47 9.95 16.41 15.78 15.76
6.35 5.54 3.58 13.60 25.00 33.88 38.87 41.11 41.77 42.91 44.12 46.10 44.33 38.75 31.23 22.63 17.45 14.63 18.31 20.65 18.17 16.75 17.20 18.70 15.52 12.56 14.44 22.26 26.92 28.24 25.51 22.09 18.39 15.77 15.57 15.26 13.41 15.23 14.38 10.83 14.18 14.19 11.34 8.08 8.81 11.80 11.22 11.60 8.63 8.54 10.77 14.63 18.70 16.94 15.61 16.42 17.96 18.98 19.59 19.24 18.26 17.62 17.37 17.21 17.14 17.13 16.67 15.90 15.33 15.09 10.39 11.03 12.57 15.77 15.92 16.36 16.17 15.88 15.53
7.27 9.16 13.88 25.55 36.99 41.69 41.35 41.97 41.31 41.77 41.70 40.43 38.63 35.86 31.29 22.98 18.01 15.94 17.73 20.68 17.44 17.77 17.93 14.69 13.70 8.71 12.92 22.46 27.15 26.55 22.61 18.28 16.48 14.30 14.28 14.43 13.87 14.67 13.16 10.19 12.16 10.49 10.88 9.23 6.93 5.49 6.34 8.63 6.88 11.42 10.33 9.61 12.97 13.12 13.12 14.76 15.33 16.92 18.47 18.75 18.16 17.28 16.89 15.44 16.82 16.80 16.32 15.39 14.91 15.01 14.98 15.21 9.84 15.67 10.80 15.47 15.67 15.62 11.22
8.96 10.01 13.50 32.40 42.18 42.03 40.42 38.44 37.82 38.64 37.52 35.50 34.82 33.61 31.96 22.87 17.93 13.00 17.83 19.96 16.25 15.54 13.17 11.51 10.87 6.51 14.87 22.16 25.90 23.43 18.80 19.03 16.99 15.51 15.02 13.51 13.23 13.53 12.97 9.71 9.69 10.72 13.16 9.72 6.76 4.49 5.73 7.99 6.39 6.67 7.99 9.20 11.79 13.42 12.75 6.46 12.93 14.09 16.73 18.15 17.96 16.80 16.14 16.01 16.15 16.26 15.95 15.28 14.69 14.64 14.79 15.05 10.62 15.79 15.96 10.47 13.37 9.54 15.37
