examples/cougarCreek-fire/createInputs/WindNinja/wrfout_d3.2015080912.f18/cougarCreekFire_08-10-2015_0600_217m_non_neutral_stability_ang.asc
ncols	146
nrows	140
xllcorner	610065.000000
yllcorner	5095217.000000
cellsize	216.586807
NODATA_value	-9999.000000
[rows 0 to 44 of 140, columns 0 to 95 of 146]
98 45 84 134 131 192 215 272 305 317 319 319 319 305 54 268 196 196 249 244 244 273 302 320 328 324 309 304 309 309 290 227 268 269 269 272 277 280 277 270 268 266 260 254 255 256 249 241 236 243 227 232 213 223 211 212 225 217 205 210 206 221 207 204 201 216 201 199 196 198 201 204 209 210 208 197 188 190 193 194 195 197 199 199 200 201 203 205 207 212 240 267 303 273 275 266
98 45 84 134 131 192 215 272 305 317 319 319 319 305 54 268 196 196 249 244 244 273 302 320 328 324 309 304 309 309 290 227 268 269 269 272 277 280 277 270 268 266 260 254 255 256 249 241 236 243 227 232 213 223 211 212 225 217 205 210 206 221 207 204 201 216 201 199 196 198 201 204 209 210 208 197 188 190 193 194 195 197 199 199 200 201 203 205 207 212 240 267 303 273 275 266
132 97 95 158 155 127 114 324 111 140 157 180 327 242 165 173 171 175 184 258 263 280 294 307 320 326 212 220 288 283 270 188 247 235 272 274 219 248 262 245 248 246 234 232 242 249 245 236 241 237 227 216 217 221 208 206 219 216 206 216 227 210 210 213 214 209 198 196 206 196 199 203 205 206 202 206 203 187 193 194 195 198 199 199 199 198 198 197 198 196 205 226 224 223 219 227
170 118 102 151 156 138 128 113 113 147 166 188 279 271 200 199 174 154 149 189 292 283 272 289 300 295 225 216 286 277 222 202 178 190 196 202 211 224 231 226 228 228 223 223 223 230 225 215 219 218 215 215 220 220 202 200 215 198 200 206 207 200 196 204 202 191 190 193 205 195 214 203 200 197 193 198 197 184 192 194 195 198 199 199 197 194 193 193 193 190 194 206 202 168 160 200
122 122 106 140 153 134 122 114 295 289 143 175 316 316 256 199 174 155 157 149 280 278 275 234 284 295 279 199 219 219 214 210 177 191 196 196 201 210 226 228 226 220 220 220 217 221 212 205 209 213 218 219 220 213 217 217 209 190 194 198 199 202 196 205 195 185 190 186 191 212 202 194 192 191 200 203 183 186 189 191 193 195 197 198 196 194 193 193 193 192 197 205 209 204 176 161
157 114 113 128 151 150 140 134 130 122 128 154 249 305 260 240 178 151 161 222 246 275 269 211 232 285 260 197 209 214 219 210 178 192 193 193 198 205 219 225 219 213 219 218 210 210 207 205 213 219 218 217 221 212 214 205 191 187 190 189 201 202 202 204 187 190 201 200 210 197 193 190 193 192 192 190 207 187 187 187 191 193 195 198 198 196 195 194 193 194 197 203 208 206 189 158
151 118 114 119 137 152 143 133 130 141 134 141 185 294 299 255 186 160 228 236 240 253 255 254 220 279 208 202 207 220 223 198 186 201 192 187 199 201 216 218 214 214 219 217 206 209 214 217 190 206 206 207 220 216 201 195 191 187 193 196 199 203 208 192 186 199 204 205 197 191 195 201 191 196 197 207 188 188 186 184 188 191 194 199 199 198 197 195 194 196 199 202 206 207 203 203
144 137 131 128 138 153 146 126 120 260 137 142 181 251 263 267 203 192 156 242 238 245 247 251 215 263 248 200 207 239 219 188 198 213 188 182 197 201 206 209 208 210 211 207 208 216 218 200 206 208 220 213 210 203 199 202 195 192 197 199 201 209 200 186 199 204 204 203 191 196 189 192 213 206 195 198 190 190 185 182 185 190 194 198 200 200 199 197 196 197 199 202 206 209 212 218
153 140 143 138 137 153 156 150 139 137 147 266 269 211 286 289 255 197 168 238 242 241 257 254 199 253 246 207 210 225 216 193 212 211 183 186 199 199 194 193 200 204 201 199 194 210 213 210 213 211 208 213 214 207 202 199 194 196 201 203 202 193 187 191 203 205 207 201 196 206 189 210 198 196 203 206 194 192 185 181 183 188 193 197 200 201 201 200 199 200 202 205 209 214 218 224
163 148 139 131 133 133 142 151 152 157 162 161 177 207 226 264 261 254 165 231 256 244 252 252 246 218 248 216 205 215 217 197 203 197 183 188 196 191 187 189 200 205 199 198 211 195 205 204 206 207 212 216 217 210 203 196 195 197 202 197 183 173 192 200 204 205 204 201 201 205 202 191 195 202 204 193 195 190 184 182 184 188 193 197 201 203 203 203 204 203 205 208 214 219 224 230
261 172 158 142 137 133 131 141 149 155 162 176 192 206 266 266 266 249 175 150 256 169 254 257 252 215 252 219 204 220 221 195 200 197 180 182 186 184 184 191 202 207 191 214 218 197 208 205 211 211 202 216 207 193 189 193 194 193 193 179 176 186 200 203 198 198 203 203 202 206 200 196 200 200 199 192 192 188 184 184 185 189 194 198 201 203 205 207 208 208 209 214 220 225 228 234
266 181 180 165 157 145 134 137 152 163 171 187 204 210 223 220 281 241 185 165 257 167 259 267 256 219 248 213 204 221 216 194 200 192 178 177 178 180 186 190 198 193 209 192 198 198 210 208 213 217 220 208 192 185 189 198 195 192 188 172 180 196 202 201 198 206 178 181 181 180 205 199 187 198 190 190 188 188 186 186 187 191 195 199 202 204 207 210 212 213 216 222 227 230 234 239
175 169 172 179 168 161 138 129 147 158 179 193 207 214 262 271 276 194 167 165 159 167 167 270 264 256 247 212 205 212 208 193 190 185 176 175 177 181 185 198 195 194 190 215 197 213 206 209 216 212 208 201 185 182 197 203 198 196 191 178 182 162 208 202 156 163 171 175 179 181 182 182 188 192 185 186 187 188 189 188 204 192 197 200 203 206 209 212 215 218 222 231 239 241 244 247
245 234 167 144 157 161 149 199 231 235 180 185 192 206 252 265 274 209 174 165 159 160 173 150 275 265 222 209 212 200 207 194 180 178 172 172 179 182 194 199 202 195 196 196 215 204 202 212 212 206 201 195 186 184 202 205 205 203 200 201 185 160 156 210 216 220 216 213 212 200 175 174 176 177 179 183 187 189 190 190 190 193 197 200 204 207 211 214 217 221 227 235 244 257 259 256
236 117 161 133 142 146 153 141 124 231 234 177 185 192 204 258 267 262 195 185 184 176 187 175 284 267 214 211 214 189 207 187 170 173 169 171 181 182 192 198 203 203 203 214 207 200 206 212 216 211 196 193 192 192 204 202 206 211 206 209 217 223 226 209 202 191 188 188 186 161 174 199 171 188 174 182 188 190 190 191 192 193 197 200 204 209 213 216 219 224 231 237 241 256 268 262
94 108 127 132 138 155 165 168 154 130 221 175 182 185 199 212 247 245 201 196 197 189 198 198 164 172 205 210 215 174 197 172 170 170 169 174 178 192 192 200 228 208 204 213 206 207 212 220 217 204 189 197 203 201 199 202 213 215 205 204 213 214 197 189 179 174 186 180 166 190 202 159 165 166 167 177 188 190 209 189 192 193 197 200 205 210 216 219 221 226 234 240 243 255 272 263
97 105 125 149 146 159 165 169 167 152 143 169 191 185 178 228 234 207 196 188 192 189 204 247 186 177 200 215 200 213 183 162 170 174 172 176 189 193 196 199 205 206 203 198 211 211 217 218 210 198 192 207 214 212 203 212 228 205 209 208 206 194 180 178 170 176 192 174 191 191 177 153 160 160 157 165 182 190 189 189 190 193 197 202 207 213 219 222 223 227 235 242 247 269 312 336
108 107 117 146 153 135 148 164 170 167 145 166 196 205 171 225 230 231 189 224 186 186 208 244 204 187 203 216 193 200 172 162 167 169 177 175 187 192 197 205 200 202 200 214 213 215 216 216 206 203 210 221 222 210 206 230 229 195 212 208 194 187 183 189 189 193 205 186 156 167 224 200 192 199 206 211 167 184 190 191 205 194 199 204 211 217 222 224 225 228 234 240 242 250 274 314
135 128 134 150 166 156 153 170 179 176 157 159 191 185 168 157 156 175 177 179 183 177 199 213 208 197 208 217 206 190 170 162 164 153 177 169 181 190 189 202 210 215 197 194 213 215 217 213 204 207 219 225 219 197 212 222 202 198 209 190 182 195 208 198 190 203 230 125 156 231 203 181 186 177 186 198 193 171 186 191 192 195 199 206 213 219 224 226 227 230 236 240 238 224 272 286
165 151 148 159 169 168 162 175 182 179 165 174 154 175 186 195 179 171 175 166 189 190 198 190 205 208 239 218 204 186 173 165 167 186 163 169 173 185 187 200 206 212 193 194 215 215 216 215 215 219 220 215 192 205 215 202 195 196 195 191 188 200 206 187 201 203 209 227 223 207 185 185 196 154 157 212 220 213 212 209 191 195 198 204 212 219 224 228 230 233 239 242 235 221 244 274
250 173 160 165 166 165 164 170 179 178 163 180 181 160 181 196 199 186 186 170 190 188 192 239 212 208 246 220 202 185 173 168 160 176 151 160 166 177 187 203 191 192 193 194 218 217 218 217 224 226 219 210 200 220 195 186 195 198 203 194 190 199 192 182 188 201 206 200 162 219 160 189 193 183 155 226 225 205 201 214 206 192 196 202 211 220 225 228 231 235 240 242 233 216 229 241
188 172 169 166 172 167 172 175 180 183 170 180 198 174 156 186 186 179 196 184 180 187 171 179 193 207 222 211 202 188 174 163 159 176 134 148 165 170 184 186 190 195 197 196 219 218 221 222 224 206 213 205 214 205 185 189 189 210 213 189 193 198 190 193 168 212 215 229 148 164 181 178 176 152 196 197 206 217 202 205 173 186 194 202 212 221 227 229 232 236 240 239 230 219 205 224
111 121 134 154 164 159 165 166 177 180 172 183 206 200 147 143 163 176 199 175 171 178 176 176 191 208 219 210 207 198 176 165 178 170 116 131 149 163 185 181 189 196 200 199 220 218 220 223 212 203 204 196 195 184 184 189 188 207 199 187 201 202 206 177 175 200 188 186 191 150 144 169 196 122 234 212 195 207 216 223 231 177 192 202 213 222 227 230 234 240 240 236 230 226 219 231
125 116 115 187 140 148 159 171 178 183 179 177 195 200 178 154 152 155 170 186 184 182 175 185 229 209 237 215 215 206 179 171 167 160 127 122 138 155 182 180 188 195 199 222 221 226 224 217 203 203 194 192 192 187 188 191 185 182 184 206 218 217 202 194 187 191 183 177 168 142 177 129 215 191 189 199 209 205 192 216 204 209 185 199 211 221 228 234 240 243 242 239 236 234 229 244
120 94 176 180 121 138 159 172 177 189 187 178 191 206 191 164 158 163 168 177 181 185 184 159 202 197 222 222 208 192 171 167 163 160 144 120 132 156 186 181 189 227 222 225 226 218 214 215 210 207 192 191 192 193 195 211 214 220 222 194 187 217 176 164 177 193 179 179 175 184 195 192 191 178 217 202 205 232 134 146 206 219 175 194 210 223 232 240 247 249 246 245 240 237 237 256
106 92 111 125 141 146 157 168 175 188 189 186 184 196 196 180 162 163 164 160 176 182 182 170 168 197 222 228 189 175 177 175 170 160 150 116 127 168 198 183 191 226 227 227 224 226 225 224 213 204 192 194 196 197 200 223 229 231 194 195 190 203 172 210 217 199 190 192 225 135 210 209 203 212 125 251 142 241 264 131 146 153 168 189 210 225 235 244 253 256 253 249 239 261 270 266
174 115 171 116 145 153 142 157 165 186 190 181 180 178 200 193 173 166 165 156 165 180 178 169 172 194 220 232 179 171 183 182 174 163 143 128 155 177 201 221 222 218 219 218 217 220 219 214 207 196 196 197 198 198 200 196 191 192 197 195 212 205 198 203 203 212 168 144 112 99 265 103 98 110 305 107 112 116 269 277 128 143 159 184 208 223 234 242 250 259 269 259 243 265 273 274
97 90 99 112 126 137 139 134 145 180 185 179 187 169 185 180 171 169 167 156 165 177 175 161 165 184 207 221 186 177 185 179 168 151 142 148 161 185 206 213 213 211 212 215 216 215 212 214 214 198 200 201 198 197 198 196 195 195 194 194 191 216 188 184 174 140 166 164 213 196 191 207 242 320 68 39 38 297 141 258 239 232 144 173 202 218 231 240 245 250 273 268 260 258 260 268
120 117 118 115 113 125 149 153 141 152 193 185 216 149 148 164 163 163 162 152 163 173 171 149 148 181 186 203 194 187 186 173 161 152 151 159 173 195 205 210 213 213 214 220 224 226 225 225 209 200 202 204 199 197 198 197 198 196 197 199 200 199 253 199 201 193 174 167 238 209 197 219 238 267 292 276 246 267 258 222 201 218 120 151 189 213 230 241 244 242 236 243 245 250 252 257
137 129 125 116 112 118 132 157 164 163 179 195 198 195 148 151 159 159 153 146 156 168 163 152 127 126 158 190 191 188 184 167 161 162 160 162 181 199 201 211 215 220 226 230 227 223 225 217 200 198 200 205 200 197 198 196 205 204 203 203 205 202 205 206 214 216 254 253 254 259 229 193 129 126 131 139 142 153 166 164 165 160 233 122 167 212 233 242 244 243 235 219 219 254 251 246
177 153 140 137 129 120 123 135 156 163 186 194 187 239 174 147 169 178 173 167 172 179 166 161 142 133 149 176 183 185 181 172 171 172 172 177 196 191 205 220 225 233 240 236 223 218 214 192 195 194 198 205 205 204 210 214 209 204 203 228 231 238 212 252 249 233 219 213 172 156 137 94 93 131 134 142 130 136 143 156 163 207 292 96 113 198 234 243 246 245 239 227 218 237 239 247
239 195 141 129 130 120 116 128 144 145 145 200 176 164 173 149 163 168 175 182 192 195 181 170 152 146 150 168 179 184 182 171 182 184 189 199 198 189 211 231 240 246 249 249 242 227 216 183 188 193 199 208 214 214 213 209 200 197 200 229 238 249 224 249 241 235 237 237 236 228 209 258 8 338 319 325 337 298 177 151 99 178 97 106 135 177 225 243 247 246 240 231 226 231 237 250
249 223 217 141 124 130 128 126 125 155 139 138 157 173 170 141 135 145 155 173 190 197 195 185 165 151 153 158 171 181 181 179 191 196 201 198 188 196 218 229 244 258 261 259 259 252 242 175 181 192 199 206 212 210 204 202 197 198 230 230 234 241 249 255 264 229 238 233 56 59 49 43 40 335 198 119 319 39 92 93 93 94 99 114 139 174 220 244 248 246 240 233 230 223 246 255
224 225 253 230 169 160 146 131 123 119 143 182 208 198 153 138 119 113 118 139 161 174 185 189 179 161 150 153 164 177 185 189 201 206 211 211 209 224 245 256 266 270 269 273 288 297 300 157 159 178 193 201 207 207 204 204 204 206 211 216 220 249 257 267 272 271 274 281 289 286 141 89 87 86 86 255 326 346 29 84 85 8 85 93 112 159 227 246 249 247 243 236 231 229 256 263
231 235 184 250 225 162 154 152 147 146 148 173 169 176 192 139 115 96 86 93 122 144 157 168 178 169 161 159 161 172 188 201 215 219 226 237 250 276 293 297 293 292 296 299 301 314 322 25 44 61 119 202 216 217 215 215 216 216 220 223 234 233 256 251 249 253 254 218 115 107 99 95 93 211 11 0 353 337 340 359 22 350 74 317 82 110 237 250 251 250 246 239 232 231 247 255
97 113 139 167 234 226 142 128 129 132 123 90 113 159 165 193 172 140 125 130 131 132 139 141 156 163 169 166 164 172 195 213 226 234 239 247 264 281 286 286 288 293 298 299 302 305 313 325 348 22 20 10 319 259 246 238 233 231 233 262 259 254 229 222 175 163 147 139 135 130 120 107 130 92 343 345 342 346 352 349 343 69 28 13 69 79 248 256 254 254 251 244 232 232 249 257
126 125 142 166 247 268 262 133 113 101 78 58 63 90 124 139 140 135 132 122 115 119 118 118 109 116 158 164 166 180 209 226 235 234 233 236 243 283 303 307 310 311 309 297 309 303 303 316 331 9 9 10 0 343 320 298 278 264 254 251 243 240 235 261 222 166 155 148 145 206 138 122 105 93 85 80 76 73 56 68 65 41 21 13 65 69 90 258 258 257 254 248 236 232 256 261
117 124 148 167 173 239 184 75 58 14 15 44 49 49 44 66 84 90 82 65 62 78 87 79 75 70 74 127 156 203 244 262 263 254 251 256 256 256 263 277 318 296 319 313 308 356 359 321 319 336 347 6 1 357 350 339 332 329 323 314 238 213 194 180 168 155 145 141 138 138 139 134 256 107 98 90 83 78 73 70 67 35 33 325 352 73 111 249 256 257 255 250 241 232 240 244
214 228 173 185 285 315 275 274 10 357 23 11 7 5 8 19 27 29 32 37 37 39 48 54 52 48 50 51 36 306 282 286 287 293 301 306 307 282 298 315 310 310 344 345 351 357 360 3 312 329 330 343 340 353 354 351 348 346 351 351 350 352 354 357 52 13 82 90 97 101 105 112 114 111 108 106 100 90 82 76 71 67 61 54 48 21 73 231 255 257 254 250 244 235 215 231
228 148 151 275 310 335 270 349 354 11 13 4 7 9 17 20 20 18 13 14 14 18 34 45 41 38 43 40 27 348 302 296 303 308 316 319 321 328 337 336 337 332 352 356 340 336 334 328 324 320 322 326 327 326 329 343 344 345 350 354 358 1 1 359 0 4 8 21 27 30 35 66 75 84 92 100 103 99 93 86 77 70 63 52 43 328 29 45 277 265 258 251 245 236 222 234
272 31 347 329 277 276 279 346 353 354 8 3 11 11 15 11 7 3 358 1 10 19 31 36 29 29 33 35 30 8 322 307 310 313 311 307 313 319 324 342 343 345 349 6 18 19 15 12 11 341 338 337 328 323 2 359 309 303 358 306 319 348 358 357 358 355 358 11 17 21 24 31 37 62 71 81 88 92 96 95 88 78 69 56 44 337 19 3 353 288 267 256 247 238 227 215
270 284 328 322 281 282 288 344 347 357 360 352 344 341 348 352 351 353 4 21 28 29 30 18 16 20 28 30 24 7 335 316 307 305 301 303 313 317 317 318 331 329 327 332 339 350 11 14 358 357 352 355 7 351 343 340 340 339 5 8 338 353 353 350 348 349 346 337 336 339 345 359 25 31 38 43 75 82 89 93 92 87 78 65 47 28 301 24 7 307 282 266 253 241 231 228
314 8 360 328 311 290 338 343 347 352 348 343 337 333 335 340 347 8 30 32 29 26 12 358 12 15 19 21 16 2 341 324 316 307 301 305 312 315 316 317 320 328 328 327 323 322 329 339 349 9 354 354 2 1 357 13 15 359 360 354 17 351 340 283 20 57 67 70 75 72 69 68 78 97 105 118 25 46 76 86 87 83 79 73 62 46 24 309 19 295 290 276 261 246 236 238
282 281 35 290 288 297 340 334 342 351 338 326 313 314 322 336 347 4 14 19 16 1 349 352 10 10 6 4 7 357 347 332 325 322 319 310 310 312 315 317 317 319 320 317 310 313 320 330 336 344 348 347 351 353 353 351 345 340 318 316 344 45 56 54 57 60 74 82 48 82 51 52 57 62 66 110 117 123 27 74 83 77 71 70 66 65 50 24 5 344 294 282 267 253 245 245
284 289 293 323 314 319 329 333 335 327 319 307 310 321 323 336 336 347 357 358 357 348 351 358 5 3 357 353 354 345 349 340 334 330 333 333 320 315 316 319 318 311 302 308 312 317 323 336 343 348 346 344 340 339 330 315 346 28 29 25 33 48 53 34 37 43 52 61 66 69 69 66 65 67 68 69 68 67 138 39 76 78 67 61 59 63 63 55 29 8 336 285 292 262 292 285
