examples/cougarCreek-fire/createInputs/WindNinja/wrfout_d3.2015080912.f18/cougarCreekFire_08-10-2015_0600_217m_non_neutral_stability_ang.asc
ncols	146
nrows	140
xllcorner	610065.000000
yllcorner	5095217.000000
cellsize	216.586807
NODATA_value	-9999.000000
[rows 45 to 89 of 140, columns 0 to 95 of 146]
326 312 317 319 314 320 320 326 322 308 282 307 326 329 327 333 334 350 360 358 350 349 352 354 356 353 347 351 343 335 342 341 341 338 339 337 336 343 337 322 315 337 330 325 328 322 328 341 346 351 345 342 343 343 4 44 42 47 41 39 43 35 38 40 42 47 34 55 67 79 247 67 63 61 64 83 68 81 73 284 53 80 70 60 57 56 58 58 45 19 1 302 279 271 300 275
277 280 285 312 314 317 314 314 307 283 305 326 340 331 329 333 346 6 4 356 344 341 337 337 342 339 342 352 346 340 331 331 332 336 336 338 344 343 338 343 347 343 338 338 345 331 339 342 335 355 29 29 24 25 33 45 48 35 31 30 34 37 39 41 42 31 53 58 31 63 63 63 64 26 40 39 70 51 55 26 319 71 74 65 60 58 55 50 38 23 329 323 288 277 281 287
276 277 282 316 315 310 292 308 305 304 321 339 338 335 340 350 326 331 356 343 332 323 321 324 335 340 344 350 344 334 330 327 319 329 329 333 341 348 348 343 357 350 352 351 338 355 354 343 17 29 36 34 32 37 45 45 32 30 30 33 29 29 29 30 42 46 31 32 57 57 58 23 23 33 35 32 69 69 66 36 313 63 73 70 66 64 61 58 45 22 355 331 299 317 282 293
275 276 288 307 293 290 282 310 311 315 331 337 339 344 337 318 323 325 344 333 321 311 316 334 341 352 356 351 350 343 334 329 312 327 321 335 334 348 353 355 357 7 11 4 339 335 328 18 31 37 35 29 29 34 34 29 26 28 32 37 40 41 41 42 43 45 49 52 27 23 16 328 23 25 352 23 27 70 13 41 23 327 69 74 71 71 72 70 71 59 13 340 337 287 315 316
276 278 280 280 286 303 311 318 316 323 330 339 344 337 316 331 330 331 329 328 315 312 325 340 341 349 351 353 356 329 339 315 313 319 314 327 344 342 345 350 6 357 29 26 17 346 11 17 29 30 29 29 31 33 30 26 20 20 32 37 42 44 44 43 26 24 24 22 341 335 342 34 34 42 45 33 27 36 67 61 42 7 66 76 75 76 82 86 90 78 49 352 309 320 320 316
277 277 275 280 305 310 309 315 318 326 339 343 340 334 325 322 321 318 322 326 316 313 321 326 331 336 340 349 336 328 338 316 310 312 308 314 341 339 339 342 346 350 1 29 40 31 25 33 37 35 34 36 37 36 32 28 19 18 21 25 41 45 48 47 45 44 46 49 52 54 55 58 61 50 40 56 68 68 68 47 65 62 65 71 75 80 87 93 91 78 60 0 317 306 312 323
274 272 279 307 310 312 315 317 320 332 329 317 332 324 302 316 316 317 324 326 318 315 317 315 325 338 348 352 331 321 335 317 306 306 298 289 316 331 333 336 335 339 348 359 29 35 53 60 60 54 49 46 42 39 36 26 18 21 17 21 25 28 50 52 50 48 28 49 357 28 44 33 36 42 36 69 70 71 71 30 68 68 66 66 328 72 83 90 87 78 72 45 349 337 337 339
271 271 286 313 312 313 314 315 322 330 328 323 318 312 309 311 317 321 324 324 322 321 317 302 343 3 352 339 324 325 328 315 302 301 290 275 303 316 317 321 324 329 339 347 357 22 27 54 65 66 59 53 45 38 31 20 15 12 18 23 26 1 29 51 53 54 54 54 35 37 63 67 66 65 65 67 69 70 69 68 20 68 69 67 62 139 336 81 90 80 71 57 18 354 351 347
276 286 309 317 315 314 313 315 324 324 316 293 305 305 307 313 320 326 324 323 322 324 317 322 2 359 341 333 323 316 320 323 300 297 275 267 286 296 298 304 313 320 327 340 351 355 355 6 17 37 52 51 48 41 33 26 27 24 23 27 29 29 34 40 42 44 61 42 38 35 43 48 45 39 34 30 8 43 21 67 68 69 33 38 63 57 57 69 76 75 67 59 40 7 354 354
278 291 310 310 311 312 320 317 321 316 291 282 302 312 312 314 323 330 327 324 321 321 319 326 345 342 330 323 319 311 315 326 303 296 274 267 292 298 294 299 305 307 313 328 340 339 340 344 353 4 29 36 44 42 41 41 39 37 37 39 38 37 41 41 38 40 46 42 33 25 5 10 33 67 37 38 43 65 39 25 12 10 356 64 63 115 55 254 65 67 63 345 43 12 355 355
272 288 307 304 292 314 323 314 310 305 281 276 311 318 313 309 318 323 320 317 315 316 319 326 331 327 323 327 325 315 317 319 306 298 286 280 308 300 299 300 303 308 302 334 348 354 320 319 341 3 12 27 34 41 42 47 48 46 44 45 41 24 19 58 57 61 8 16 59 58 58 59 61 25 66 66 39 16 103 63 92 56 63 62 62 63 64 67 67 55 47 43 19 8 1 356
269 284 306 300 302 337 322 307 286 287 276 302 291 320 313 307 310 313 311 310 311 313 323 332 329 328 335 334 324 314 317 324 306 297 287 288 321 306 296 301 303 304 302 315 337 352 5 9 12 323 3 21 25 37 39 34 37 33 29 24 42 68 55 54 54 57 85 60 57 57 59 54 44 86 64 67 69 67 64 63 48 63 65 66 65 7 67 73 71 59 49 281 23 274 296 354
277 286 320 329 346 333 298 291 278 281 302 313 303 312 313 304 301 303 304 307 315 318 329 340 335 336 342 329 318 313 321 329 306 288 277 285 326 307 288 304 304 301 302 298 292 354 17 28 28 44 40 346 31 28 33 6 0 68 67 71 68 66 55 56 57 60 61 61 61 62 64 65 82 63 64 66 67 65 64 83 85 94 108 52 67 65 63 66 67 62 55 357 329 306 10 309
283 286 345 339 317 301 299 272 265 305 298 302 296 309 302 281 287 297 303 309 327 330 343 342 340 347 342 325 315 316 323 318 311 294 281 280 314 301 274 310 299 294 297 303 301 340 23 36 39 39 38 34 30 29 17 63 70 68 57 58 64 69 79 75 74 68 65 66 67 67 67 96 68 66 65 66 65 65 72 75 67 67 99 100 109 106 9 61 342 55 50 49 45 31 11 336
279 286 329 316 310 307 269 266 291 302 293 298 279 255 263 293 301 303 310 321 334 334 337 337 341 351 337 321 316 326 314 313 317 303 291 270 295 300 296 301 302 299 294 303 313 326 341 349 31 39 40 41 48 56 60 59 59 62 65 66 65 63 62 62 63 65 72 74 89 96 67 68 69 67 65 65 66 66 62 69 73 66 87 93 95 62 94 309 316 335 44 51 338 347 15 331
267 277 349 333 322 277 254 292 303 258 259 248 252 268 300 306 305 303 312 328 335 332 332 335 348 344 331 322 323 326 312 317 314 303 295 281 275 301 302 301 296 302 303 304 312 325 346 34 40 45 6 39 51 56 59 59 61 64 67 68 68 68 68 68 70 67 78 70 71 71 68 67 67 65 65 65 56 52 65 65 65 44 42 37 27 22 331 331 326 331 339 344 46 348 338 340
265 307 341 320 306 263 245 314 254 237 244 263 294 311 311 308 304 302 313 326 335 330 334 340 349 341 333 328 325 320 315 314 312 303 297 288 266 300 308 301 296 298 303 304 307 319 333 347 49 7 9 7 10 26 60 60 61 62 64 65 66 68 70 73 75 75 72 71 72 70 67 66 65 65 58 54 63 63 63 63 64 64 64 63 63 63 14 358 344 334 328 336 40 347 22 7
315 351 347 316 306 297 300 209 228 233 266 301 312 314 310 305 301 304 316 327 334 330 331 339 346 343 337 332 325 318 313 316 298 304 295 294 291 295 308 305 303 298 306 310 309 319 328 336 353 2 10 9 17 60 63 65 66 66 67 67 67 68 69 72 74 73 70 69 69 68 66 65 64 64 59 63 63 63 62 62 63 63 62 62 27 18 8 355 341 337 335 326 319 325 329 334
37 29 303 288 314 271 224 223 240 292 309 311 312 311 307 301 296 304 316 328 328 327 328 336 342 343 340 331 322 318 318 307 301 302 290 299 301 299 306 306 303 297 302 311 309 318 334 349 358 0 4 11 8 61 68 70 70 70 70 70 70 70 70 70 71 70 69 68 68 67 66 65 65 65 48 64 64 64 64 63 63 63 63 29 24 14 359 350 346 337 336 324 312 332 313 321
41 45 270 249 248 240 237 256 300 312 317 316 312 308 303 296 289 299 315 325 322 327 327 334 337 340 340 328 319 318 314 317 306 303 294 302 307 301 304 306 304 295 292 310 313 313 332 353 30 8 10 9 8 11 69 72 72 72 72 72 72 72 71 71 71 70 69 69 69 68 66 65 66 67 66 65 66 67 33 27 24 27 28 28 28 23 12 1 350 342 343 340 334 336 324 329
342 50 4 248 274 273 284 302 309 311 315 314 306 298 291 283 278 295 326 319 315 335 328 330 336 341 342 319 320 316 314 313 307 302 299 307 311 305 309 308 305 298 293 305 314 315 331 348 33 49 6 13 13 18 67 72 73 73 73 73 72 73 72 72 72 71 70 70 70 69 66 65 67 67 66 66 66 67 66 66 65 63 34 27 19 347 342 331 326 338 321 303 8 327 350 9
55 58 103 276 289 301 307 307 307 307 308 305 295 281 273 269 278 301 324 319 323 332 321 327 338 346 333 321 312 308 311 309 310 308 307 314 316 312 315 294 303 299 287 296 310 315 329 342 357 70 50 19 16 48 67 71 73 73 73 73 72 73 73 73 72 71 71 71 70 68 67 41 42 67 67 46 65 63 63 64 64 63 64 55 79 66 65 63 214 289 61 38 10 340 336 15
70 51 354 307 306 308 309 308 306 304 306 296 287 276 270 266 274 301 323 318 326 311 316 329 342 351 336 320 320 315 308 307 309 313 315 316 317 313 320 299 308 302 280 288 300 308 322 333 342 47 58 20 18 22 71 73 75 75 74 73 72 72 72 73 73 71 71 71 70 69 44 41 41 67 68 69 67 65 67 69 69 26 21 5 24 25 16 20 286 103 46 308 341 31 24 16
42 31 332 313 306 306 311 304 303 299 294 288 282 276 270 263 269 316 315 315 321 318 318 330 341 350 333 315 313 309 305 298 309 318 319 317 319 316 319 301 312 292 281 287 302 320 323 335 350 4 28 20 21 34 27 55 79 80 78 76 74 74 74 53 72 71 70 71 72 70 67 66 42 66 33 69 71 71 32 31 51 74 74 92 46 359 342 307 70 61 54 282 306 302 300 3
36 30 349 307 300 298 297 297 296 292 286 282 277 272 274 260 269 321 309 305 314 309 313 324 346 354 317 309 312 309 309 307 308 319 323 323 321 315 320 301 301 288 299 286 295 314 322 327 337 354 14 18 25 34 65 20 54 87 85 80 78 77 77 75 73 71 69 70 72 71 68 66 39 66 66 30 42 49 71 72 73 72 74 77 79 79 78 77 72 67 68 47 25 295 8 3
49 41 311 299 292 288 288 289 289 294 281 277 272 267 264 259 271 323 306 301 307 311 314 322 11 334 303 303 311 312 312 309 309 317 324 323 320 320 323 302 289 288 284 279 278 290 314 334 345 52 61 12 23 46 48 76 74 67 93 86 81 79 77 75 74 73 72 40 73 73 71 69 36 35 34 32 28 47 68 65 69 69 71 74 77 77 74 69 64 59 59 41 21 8 1 317
12 337 304 304 289 283 284 297 296 293 289 285 279 271 261 254 272 328 301 298 296 311 307 304 302 306 295 305 308 311 311 307 303 316 320 319 316 318 325 290 298 311 276 301 261 263 114 316 334 354 56 67 35 41 32 59 84 82 95 96 87 81 77 75 73 72 72 71 38 72 72 71 33 32 30 31 35 34 38 34 66 66 21 67 68 66 63 59 55 50 43 33 23 15 6 2
351 317 302 305 288 284 284 298 295 293 293 290 272 267 258 232 267 324 299 296 301 299 299 319 285 280 288 302 305 307 309 301 295 318 317 315 311 315 322 283 294 312 271 264 255 235 295 117 63 81 78 73 34 68 59 31 83 88 50 101 97 88 81 77 74 71 69 68 67 68 36 38 33 41 36 70 42 42 38 35 39 24 20 63 64 61 57 55 54 49 41 33 329 19 13 7
308 304 312 304 288 285 285 297 293 293 293 294 278 272 254 220 264 315 298 295 302 291 276 305 266 272 307 306 279 302 304 293 290 320 282 309 303 301 324 272 291 315 269 264 287 223 183 327 349 356 86 72 32 92 56 80 84 87 90 95 99 94 87 81 77 74 71 69 68 68 46 43 40 40 33 26 40 37 35 38 40 20 20 62 66 63 58 55 54 48 42 37 30 22 331 325
312 311 307 301 286 283 296 294 290 290 291 292 291 269 250 225 261 83 263 294 290 254 289 320 265 268 299 282 277 295 295 287 300 273 276 302 299 298 322 264 264 305 320 251 238 217 183 291 347 42 353 16 32 70 98 49 80 90 90 70 96 95 90 84 79 76 74 38 35 37 49 39 37 35 30 29 39 38 36 67 33 24 9 359 66 66 62 349 348 46 39 42 40 33 316 16
305 308 316 298 295 295 295 292 290 290 286 270 286 264 248 227 264 213 250 292 269 254 283 270 266 310 302 301 301 296 288 288 293 264 299 295 288 306 311 276 257 304 311 226 221 302 186 151 329 88 357 23 41 78 107 73 39 48 78 18 92 93 90 85 80 77 76 74 39 30 44 44 40 37 37 33 34 39 35 33 29 17 24 16 360 65 65 9 337 317 35 41 47 43 320 314
308 313 303 296 293 295 297 292 293 271 270 270 269 280 247 224 306 197 271 279 271 255 256 256 308 314 308 302 294 292 285 290 270 269 288 263 288 299 303 266 265 300 314 240 209 207 270 203 308 28 22 25 30 86 81 77 45 29 76 72 71 93 90 86 83 80 79 39 74 29 37 43 42 38 40 45 32 39 36 21 2 16 61 62 2 65 19 1 342 53 36 309 40 45 44 320
306 310 301 295 295 300 299 296 310 277 276 272 267 276 246 223 2 226 272 275 258 250 250 283 302 313 308 305 301 290 282 291 266 290 285 255 281 302 292 251 290 301 314 234 205 203 308 168 270 31 43 30 46 86 85 80 40 86 98 96 20 94 90 88 87 45 44 43 40 33 26 37 42 38 42 74 41 32 67 36 14 20 8 10 5 67 18 353 337 312 41 31 306 36 46 40
312 311 300 296 299 301 306 298 301 281 280 271 259 270 244 227 61 221 269 256 244 251 256 252 252 316 311 307 305 291 258 281 285 284 284 228 279 299 243 235 280 293 304 237 196 193 187 281 249 7 47 20 35 93 93 86 32 23 57 98 69 64 92 91 91 44 85 37 80 77 77 33 28 32 42 74 72 69 64 11 22 62 17 6 5 68 70 6 353 344 318 37 39 302 350 45
309 311 302 298 302 318 305 296 310 279 293 265 277 247 237 263 195 244 240 247 250 254 281 248 244 323 313 303 306 297 278 274 285 279 283 251 221 303 229 235 264 284 291 237 194 18 147 155 275 259 24 357 13 90 134 126 117 5 67 94 95 39 53 61 94 90 86 84 81 79 77 76 76 30 35 42 71 66 60 56 12 66 33 21 6 69 72 72 69 61 52 327 313 307 299 339
314 311 302 299 307 305 292 308 306 295 267 311 259 248 232 262 240 246 248 251 255 278 249 240 233 327 319 279 296 303 287 281 288 274 273 248 246 290 223 244 282 262 276 295 211 174 115 173 175 165 324 6 341 144 143 127 116 110 81 101 97 94 93 354 93 91 87 84 83 82 80 78 76 75 24 20 67 64 31 57 359 24 75 33 7 7 74 75 73 66 350 354 344 306 62 39
317 310 304 282 316 308 300 292 301 305 266 264 263 253 236 210 242 245 250 255 278 272 243 232 225 323 327 246 282 295 289 285 280 280 272 266 269 225 226 269 280 230 275 273 289 5 137 178 185 172 147 272 353 156 148 123 116 113 110 107 103 99 95 90 35 91 89 86 86 85 83 36 78 74 70 66 64 64 63 63 65 0 75 78 26 3 3 13 27 78 338 338 360 310 80 79
319 312 306 302 327 308 305 276 295 293 266 266 261 251 238 226 244 247 251 290 282 245 236 224 220 333 226 240 284 281 291 262 280 280 279 257 273 215 227 270 256 236 230 263 259 312 155 179 189 269 190 144 149 161 142 121 123 122 120 117 21 106 98 91 88 91 93 11 90 36 86 83 39 74 69 67 3 67 23 69 69 72 16 83 84 31 4 25 345 23 2 332 12 16 319 86
318 313 308 309 315 310 302 275 296 295 263 266 259 246 279 244 249 252 252 298 282 240 231 221 282 351 226 243 280 262 276 258 284 284 271 276 224 216 257 263 230 268 272 267 274 276 79 180 189 265 293 324 166 160 136 129 134 84 73 123 117 32 104 93 87 3 95 47 91 89 86 83 35 45 27 70 7 19 20 75 75 77 5 25 51 50 39 10 35 331 354 330 331 6 15 88
322 314 314 319 311 314 280 273 302 287 263 266 283 248 247 251 252 251 278 282 244 237 228 223 227 335 266 260 266 256 288 260 278 287 282 269 221 225 259 217 222 216 249 278 266 281 321 183 188 196 307 176 177 158 145 146 144 139 133 128 123 48 114 33 96 95 53 50 39 90 86 83 16 34 17 10 8 3 10 83 17 85 83 13 22 51 47 44 39 4 333 336 93 313 338 99
324 319 318 314 312 313 309 297 308 262 264 264 257 282 274 250 296 300 290 279 239 232 226 225 263 286 256 254 263 249 281 271 281 287 285 243 231 232 209 221 223 213 198 219 248 278 208 146 189 192 288 194 173 164 161 159 68 145 140 135 129 44 125 123 343 346 34 45 47 29 30 86 14 27 10 17 15 6 0 350 355 22 28 50 56 34 37 23 40 41 0 332 331 270 101 120
321 324 318 311 318 317 313 310 308 265 264 259 252 300 307 291 283 293 241 242 236 227 223 222 281 222 228 239 249 258 269 212 271 256 292 247 266 252 214 220 220 208 196 198 244 271 290 187 190 192 279 285 307 174 172 165 157 100 149 144 136 132 133 129 9 351 26 37 37 34 97 342 340 12 15 11 15 21 28 89 89 342 12 26 47 27 38 95 96 2 351 95 97 94 93 97
326 325 320 318 320 314 282 277 274 271 265 257 248 311 308 303 284 276 240 239 233 224 218 242 252 218 216 226 238 250 224 220 262 220 279 267 287 272 213 222 223 212 200 198 192 272 265 190 158 178 268 299 230 182 176 169 162 157 156 93 42 62 140 134 12 107 30 34 32 38 41 36 22 94 97 15 14 1 10 16 341 92 28 22 57 59 53 60 96 94 93 92 90 88 86 85
331 327 320 324 324 322 313 314 275 273 266 257 247 285 319 305 291 238 236 234 227 221 215 273 231 201 201 208 229 227 217 227 257 218 251 261 281 292 216 225 226 216 205 210 193 242 254 230 172 194 214 288 184 299 159 174 169 151 162 99 73 72 51 144 3 348 13 19 18 25 37 36 14 334 99 95 93 92 93 5 15 22 31 15 57 35 50 94 95 93 90 89 88 83 78 75
334 329 331 328 326 320 318 318 274 271 264 283 247 244 320 304 300 237 234 231 224 218 213 257 188 220 222 217 234 225 223 235 249 218 212 259 259 268 213 217 219 270 207 233 194 259 280 231 181 181 188 253 183 178 173 177 165 163 111 134 1 107 75 347 338 329 337 358 347 355 25 32 40 33 25 327 347 14 91 253 331 43 96 95 64 92 89 91 92 91 89 86 83 79 75 73
