examples/cougarCreek-fire/createInputs/WindNinja/wrfout_d3.2015080912.f18/cougarCreekFire_08-10-2015_0600_217m_non_neutral_stability_vel.asc
ncols	146
nrows	140
xllcorner	610065.000000
yllcorner	5095217.000000
cellsize	216.586807
NODATA_value	-9999.000000
[rows 70 to 104 of 140, columns 0 to 78 of 146]
10.41 8.47 19.07 37.43 43.91 40.29 36.07 34.31 34.63 34.96 34.58 33.06 32.39 31.78 30.18 21.70 15.96 10.22 17.29 18.48 16.17 14.08 9.85 9.25 6.49 4.85 16.58 21.04 24.18 19.93 16.35 18.40 17.64 15.42 14.88 13.01 13.62 14.35 12.59 9.39 10.41 10.83 10.90 9.58 6.50 3.41 9.15 6.38 5.18 5.18 6.91 6.90 10.66 13.53 11.81 10.53 6.87 16.05 14.61 16.73 17.40 16.70 15.77 15.28 15.34 15.42 15.28 11.79 14.30 14.07 14.25 14.71 12.28 13.09 12.70 12.30 11.68 10.79 16.01
9.76 10.84 27.68 37.97 43.93 38.86 33.59 31.82 32.32 32.68 31.26 30.04 29.89 30.98 28.35 17.57 12.33 7.83 15.40 16.18 14.92 11.26 6.63 6.63 2.09 5.73 14.55 21.13 22.41 16.93 16.48 19.90 16.96 14.22 13.10 13.35 13.67 13.09 11.56 9.63 10.59 12.31 9.42 12.49 7.59 3.42 0.36 6.39 6.68 6.10 5.54 7.78 9.41 12.38 12.39 8.36 9.25 6.73 13.92 14.78 15.94 16.18 15.46 15.01 14.97 15.09 14.84 14.40 10.54 13.67 13.74 14.32 11.68 10.92 11.01 12.37 13.41 12.37 11.68
12.17 20.26 36.81 40.74 42.39 37.22 33.00 31.17 31.61 30.91 28.53 27.41 28.09 28.81 24.76 13.69 9.10 4.73 13.10 14.73 14.45 6.84 4.77 6.74 2.54 12.68 15.23 20.41 17.57 14.87 17.16 20.85 17.01 13.18 10.04 12.18 14.20 14.00 9.92 9.21 10.17 12.78 7.69 8.72 8.39 4.50 8.25 3.23 2.29 5.32 5.69 7.61 8.95 12.61 8.56 7.48 10.67 15.80 11.10 13.77 14.38 14.80 14.64 14.46 14.39 14.81 15.03 14.77 14.40 14.00 12.25 12.55 10.27 8.44 8.67 15.42 14.64 14.05 14.27
20.62 30.44 39.19 42.14 40.03 35.42 32.56 31.30 31.32 29.28 27.07 26.15 27.10 28.67 25.32 16.60 8.60 3.47 9.62 14.31 11.49 3.46 6.50 7.21 3.86 15.63 16.56 16.65 14.57 14.94 19.80 20.39 16.55 10.63 10.14 11.93 15.03 14.08 9.21 8.76 9.20 13.15 6.65 7.28 9.78 6.25 4.49 7.29 6.11 7.07 5.75 6.53 8.06 13.05 10.96 9.81 9.79 16.60 15.82 14.23 14.14 13.95 13.65 13.46 13.38 13.79 14.53 14.89 14.57 14.35 9.43 9.38 9.80 9.83 9.94 12.06 14.95 14.21 15.24
26.80 31.63 39.12 40.01 37.57 33.71 31.77 30.65 29.35 26.70 25.12 25.32 27.38 30.64 28.70 19.40 10.17 1.41 6.79 14.98 6.54 10.08 7.21 5.63 12.64 17.83 16.73 13.65 15.75 17.87 21.42 19.48 16.46 9.86 11.81 12.91 15.43 13.45 8.47 8.95 9.63 11.86 9.89 5.83 7.50 7.45 6.17 5.05 7.41 4.89 5.16 5.38 6.14 11.51 12.28 9.11 10.59 16.93 16.58 15.13 14.59 13.59 12.86 12.51 12.57 12.77 13.41 12.82 12.87 14.71 14.79 13.89 13.97 13.60 12.40 12.49 14.32 14.15 14.58
33.45 33.69 36.69 38.67 36.24 32.24 29.78 28.77 26.28 22.35 21.69 27.70 29.56 30.70 27.97 19.31 10.64 6.30 10.75 13.08 4.89 11.13 8.56 7.16 15.90 11.55 14.47 12.61 15.91 16.98 18.91 18.94 9.76 12.42 12.12 15.96 14.35 12.37 8.31 7.67 9.98 12.92 9.06 5.24 6.78 7.20 7.19 6.97 6.81 3.71 6.10 6.35 6.53 9.44 11.54 11.28 10.46 7.01 9.08 8.23 14.35 13.21 12.54 11.86 11.90 12.20 12.65 13.47 10.47 13.54 16.17 15.91 14.79 14.27 14.39 13.61 13.46 15.01 13.85
32.94 33.24 37.90 38.15 33.97 29.73 26.96 26.70 22.89 20.63 23.96 28.29 29.07 27.44 24.39 18.18 4.72 3.73 8.89 9.54 5.53 12.19 10.08 18.19 9.88 13.53 11.80 12.97 16.71 14.64 16.68 17.95 12.51 13.90 16.15 15.40 15.11 9.33 8.23 8.37 8.67 11.26 9.86 2.78 6.67 8.17 9.38 5.17 5.40 5.31 6.64 6.76 8.32 8.95 9.32 10.89 8.61 6.46 8.20 7.91 15.11 13.13 12.52 11.69 11.45 11.76 12.11 10.75 13.19 10.70 14.77 16.01 15.83 14.74 16.46 17.10 12.85 14.45 15.30
34.77 34.19 37.44 35.79 30.69 26.40 24.32 25.24 20.00 20.26 24.10 27.25 25.78 25.64 20.86 16.05 1.90 3.07 7.27 6.20 6.19 10.45 12.90 11.97 19.08 11.87 11.40 12.88 13.92 11.93 14.65 17.36 13.46 13.56 17.07 15.73 14.95 9.32 7.04 9.29 9.25 10.36 7.91 3.40 7.29 8.24 5.07 8.53 4.49 4.89 5.86 6.77 8.48 8.76 8.37 9.41 6.70 7.30 14.80 15.15 10.93 12.65 12.16 11.74 11.29 9.81 10.17 10.49 9.15 9.09 12.18 14.80 16.59 15.51 17.77 14.00 14.62 14.78 12.98
33.06 33.29 35.49 32.82 27.67 24.00 24.72 24.80 19.39 21.55 25.38 27.12 24.75 25.19 19.14 13.84 1.46 3.57 4.50 5.54 12.12 20.87 14.78 19.62 16.18 12.42 12.58 12.08 12.48 10.51 15.71 18.28 14.45 16.20 18.28 16.43 14.82 9.01 7.88 10.21 12.90 11.69 6.24 4.16 2.36 8.45 3.51 6.08 5.74 4.23 4.55 5.79 9.01 9.15 9.08 8.56 3.90 7.38 7.72 7.65 5.35 14.00 11.64 11.75 11.44 9.45 10.89 8.88 12.06 12.70 13.24 8.74 13.06 14.14 18.16 13.67 13.83 13.20 12.46
32.81 32.28 33.85 30.87 26.47 23.38 24.29 24.27 20.94 22.12 22.81 26.18 22.77 22.65 17.93 16.20 6.32 16.62 5.28 19.59 20.76 22.45 17.53 19.49 14.48 10.71 10.69 9.67 11.98 10.58 11.48 18.75 17.64 14.93 19.46 16.60 13.29 8.10 7.41 10.83 12.09 12.73 9.47 5.04 8.47 3.04 2.88 5.02 6.48 5.99 3.86 3.95 7.13 8.96 10.15 10.45 11.87 5.42 9.83 6.54 12.57 4.11 12.21 13.69 11.25 10.65 10.47 10.76 11.65 12.53 13.26 13.70 13.69 10.63 16.48 17.90 12.88 12.36 11.85
30.69 30.48 32.28 30.71 25.62 20.52 21.59 23.23 21.10 19.60 22.24 22.60 23.98 22.27 17.57 4.28 15.32 16.82 18.53 20.61 22.31 12.09 22.72 18.63 14.01 8.66 7.86 6.67 11.02 12.60 10.61 16.31 16.91 12.52 19.13 16.86 13.16 6.87 8.99 10.94 11.31 8.74 12.54 7.99 4.34 3.13 2.92 10.67 10.94 9.59 4.86 0.56 7.32 8.85 7.97 8.98 10.75 11.56 12.39 11.99 11.94 11.38 11.23 9.51 10.34 9.77 10.07 10.48 11.33 12.23 12.80 13.43 13.62 13.46 9.70 14.66 11.78 11.47 13.43
30.47 28.60 30.74 25.77 23.52 19.06 20.20 21.30 22.79 21.60 19.30 20.48 24.77 22.99 17.20 6.05 16.82 17.30 19.32 21.87 13.49 21.19 21.87 17.59 13.97 10.11 3.45 8.63 13.11 16.72 9.64 12.16 12.94 14.55 18.34 17.37 11.70 10.00 10.96 12.34 10.69 10.12 9.76 11.44 9.30 1.91 4.23 11.29 11.21 9.60 9.92 2.79 10.47 7.37 6.10 8.25 10.24 10.59 10.98 11.41 11.59 11.07 10.88 10.68 11.35 9.21 9.67 10.51 11.19 11.88 12.28 9.20 13.05 13.08 12.94 12.37 11.55 11.14 11.26
29.36 27.39 29.40 28.02 22.24 19.55 19.87 23.10 23.20 21.53 17.17 19.30 23.89 21.67 16.76 6.00 17.07 17.91 20.25 12.21 15.64 23.42 21.46 17.09 13.98 8.36 4.59 18.56 14.19 17.39 9.68 12.15 12.57 16.76 16.49 16.09 10.54 12.14 13.14 13.50 10.19 11.50 11.06 10.18 9.97 4.70 5.65 12.66 12.77 5.03 6.19 11.04 8.37 5.62 5.06 7.63 10.13 10.86 11.06 11.49 8.21 10.28 9.97 10.05 9.74 9.38 9.73 11.53 10.96 9.06 11.81 11.82 14.62 12.29 12.28 12.07 15.79 11.00 16.12
26.32 25.76 28.34 25.72 20.69 20.29 18.69 22.32 22.31 19.63 16.02 19.70 22.54 19.52 12.41 16.74 17.39 18.31 20.07 14.71 18.08 23.87 21.14 16.93 13.42 2.90 5.84 9.32 13.07 17.33 8.28 11.64 16.49 13.95 11.54 12.99 11.63 12.97 11.14 12.50 12.94 12.35 9.95 9.62 8.48 7.32 1.97 12.79 13.32 2.15 7.15 7.02 8.20 5.47 5.52 6.63 9.20 6.53 7.09 11.09 10.26 6.97 8.95 9.12 9.82 4.59 10.21 11.55 10.71 10.99 11.26 11.20 15.36 13.65 8.78 11.79 9.56 14.88 14.77
27.17 24.64 26.82 23.26 19.97 19.64 21.17 21.08 20.39 14.82 16.67 21.46 24.06 19.51 16.45 17.14 18.04 18.46 9.58 15.22 23.85 23.64 20.75 16.83 13.73 3.76 3.74 7.39 12.45 18.52 10.80 12.88 17.76 11.76 9.33 8.22 10.49 11.96 9.79 19.95 18.85 17.35 14.26 9.00 6.81 8.43 2.00 12.14 12.75 3.39 8.28 10.01 7.74 6.72 6.64 6.92 8.79 10.60 10.81 10.06 9.31 7.37 8.22 7.20 9.43 11.08 10.59 11.89 10.13 10.55 10.74 10.84 10.30 15.23 12.80 11.02 9.84 13.13 13.63
27.37 24.40 24.73 21.36 20.82 19.40 16.44 17.23 17.39 15.80 18.26 22.45 22.65 19.68 8.50 17.16 9.00 7.85 12.31 17.97 23.74 22.54 19.89 17.44 12.95 3.68 5.28 8.60 12.00 19.33 14.08 8.73 14.57 14.76 8.50 8.54 9.39 10.74 12.60 20.25 19.56 17.40 14.87 6.33 6.06 6.54 4.98 6.84 12.60 12.47 7.01 1.10 9.14 8.32 8.01 8.63 4.51 10.45 10.10 9.46 9.11 6.71 8.04 7.99 12.48 10.74 8.27 10.70 11.27 9.70 8.26 10.58 3.69 8.79 13.26 10.48 10.33 11.24 6.53
28.38 24.46 22.18 20.45 22.50 18.99 15.37 15.87 13.39 14.94 18.73 21.51 19.66 14.56 9.23 8.23 9.24 12.03 19.97 22.10 23.53 22.11 19.68 18.72 10.46 9.12 7.33 9.74 11.79 17.37 13.97 10.95 11.66 16.97 8.80 8.07 7.27 5.22 16.99 18.97 20.74 19.52 15.75 6.17 3.20 7.27 3.92 12.86 12.91 13.44 3.85 5.95 9.38 9.32 9.40 10.30 10.87 5.32 10.34 9.65 9.26 8.80 8.22 8.47 8.52 14.29 8.82 9.53 11.37 11.79 9.24 10.35 7.80 6.89 9.64 11.37 11.55 12.76 4.42
28.30 22.81 19.99 20.40 22.01 17.46 16.88 15.91 14.41 14.64 18.29 19.78 16.91 15.32 12.75 9.46 9.19 16.99 19.75 21.50 22.09 21.60 20.70 13.69 7.99 7.49 8.87 10.07 10.64 12.61 13.46 15.24 15.09 18.91 13.82 7.12 8.36 4.38 5.11 16.43 20.53 20.70 17.18 5.09 6.94 7.16 1.83 13.68 5.74 4.91 2.32 7.46 6.48 10.14 11.35 12.17 11.99 11.45 10.77 3.56 3.41 4.15 8.46 8.29 9.13 9.79 9.67 8.84 10.23 11.03 12.94 8.97 7.06 10.42 10.44 5.59 5.04 9.04 11.38
27.15 21.37 21.15 23.10 20.32 19.96 16.07 13.96 14.25 14.79 17.97 18.89 15.52 15.37 15.34 10.15 10.54 18.80 19.45 21.30 21.18 20.55 20.54 9.97 5.62 8.81 13.45 13.57 10.15 11.91 13.78 13.73 15.55 21.46 16.98 7.31 9.03 7.21 13.74 15.18 19.48 21.14 18.64 4.86 8.49 6.68 3.97 2.12 4.82 13.82 3.09 6.29 12.77 7.89 5.44 13.42 4.45 4.49 11.43 2.10 2.40 2.94 2.64 8.91 7.13 11.32 8.86 8.33 9.47 9.87 11.00 10.24 9.41 9.93 10.29 10.52 11.02 10.77 10.49
21.23 20.08 24.01 23.78 18.67 19.60 16.70 13.92 14.19 14.65 17.33 18.12 15.53 13.32 14.03 8.27 11.76 18.79 18.87 20.39 20.50 19.94 19.56 5.35 9.53 21.97 22.86 17.84 11.65 12.15 24.60 13.89 15.33 23.12 20.82 8.63 8.71 8.27 17.57 17.31 19.32 12.47 20.17 4.65 9.59 8.02 7.80 2.81 6.75 6.98 6.71 4.08 15.24 14.48 5.94 13.90 5.14 5.29 3.53 1.95 3.60 2.47 1.79 3.09 6.19 5.24 9.21 7.64 9.17 9.52 8.40 11.47 11.46 9.66 5.07 7.11 5.78 2.03 11.15
19.68 18.65 23.42 22.89 17.78 17.32 15.19 14.13 13.93 14.18 16.30 17.04 15.07 12.82 14.49 17.97 12.55 18.41 18.46 19.48 19.72 19.82 12.38 7.63 20.97 21.99 22.74 10.68 13.46 11.68 11.13 13.34 14.00 20.59 23.76 17.23 11.95 11.72 23.00 21.99 21.61 15.08 22.10 11.76 9.75 11.65 10.70 10.00 17.65 18.02 10.26 6.53 16.49 15.37 14.63 5.15 13.77 6.00 12.27 11.74 1.74 5.73 10.27 3.51 5.45 6.20 9.87 9.07 10.13 10.08 11.70 9.65 9.82 8.89 9.18 7.85 6.96 7.24 6.61
17.59 17.36 22.42 21.87 17.90 16.59 14.71 15.39 13.53 13.92 15.82 16.14 13.80 12.13 13.60 10.15 13.87 17.22 17.60 18.41 18.58 18.84 6.45 7.55 20.65 22.00 8.92 8.88 9.52 12.71 12.69 14.04 16.06 17.46 21.37 16.04 13.82 13.62 25.97 14.69 17.43 13.72 24.37 13.28 9.56 11.58 12.67 19.24 19.36 19.09 18.58 17.90 13.03 13.07 11.03 6.76 6.55 5.99 3.16 12.17 1.07 2.92 4.29 1.57 6.68 7.86 8.21 2.82 3.89 4.25 3.09 10.12 9.35 8.35 12.17 7.00 7.33 7.84 6.65
21.61 15.73 22.09 23.01 21.12 20.67 14.34 14.00 15.42 13.85 15.88 19.54 12.64 14.47 13.20 13.87 16.24 15.44 16.25 16.79 16.61 11.76 2.83 18.79 19.46 21.38 11.07 8.05 9.79 10.51 15.62 17.47 16.61 16.49 17.70 13.33 12.22 17.91 16.20 25.30 16.41 12.91 24.55 22.74 21.72 14.95 15.01 14.54 20.44 19.95 19.39 18.66 12.44 17.29 16.49 7.74 6.25 6.53 2.27 4.26 0.71 3.85 2.95 3.28 8.26 6.99 6.22 10.79 4.40 4.42 3.52 10.33 9.31 7.78 7.63 5.22 10.54 8.64 8.29
21.32 16.86 16.44 15.33 20.34 21.45 12.94 11.92 13.89 13.52 14.64 17.24 12.40 13.02 12.45 13.43 10.82 10.72 15.12 15.49 15.16 10.44 4.86 4.72 18.42 20.12 9.34 7.61 8.07 12.16 15.94 18.93 15.43 12.50 12.45 18.01 24.69 24.78 25.01 24.04 22.49 22.59 23.20 22.50 21.35 15.33 14.34 21.16 20.77 20.43 20.43 8.70 11.06 17.80 16.32 15.07 9.84 9.42 4.21 3.91 1.70 1.78 5.07 6.57 5.32 6.69 6.65 2.61 10.35 3.50 2.59 12.10 8.74 7.47 6.81 8.44 6.77 1.43 10.04
16.55 17.11 16.30 13.93 22.82 20.97 12.78 10.99 11.45 12.66 14.69 15.16 14.31 12.64 12.54 12.92 10.45 10.20 14.56 14.45 14.53 10.60 3.81 2.16 17.87 18.94 7.42 9.99 13.57 10.58 11.16 16.82 10.52 12.18 23.84 24.08 24.13 24.39 25.15 24.44 22.21 21.39 22.02 22.59 22.13 21.23 20.75 20.57 20.40 20.17 20.09 10.72 12.58 17.52 16.05 14.79 12.22 12.92 8.83 4.12 2.80 3.82 9.06 9.20 8.04 7.08 9.45 6.92 11.26 4.22 3.91 11.02 7.77 7.99 8.94 9.88 10.78 7.46 4.37
17.82 16.55 24.18 12.02 21.20 19.12 9.36 8.60 11.16 7.75 13.95 14.20 12.87 14.13 12.38 12.93 13.31 9.65 13.53 12.82 13.56 9.91 3.45 16.31 16.79 17.81 8.48 13.34 18.92 6.05 21.93 11.69 10.76 13.83 22.44 23.02 23.36 23.42 23.85 24.16 23.43 22.39 21.69 21.59 21.59 21.01 20.16 19.62 19.42 19.11 18.47 17.57 16.67 16.14 15.52 14.54 13.27 12.07 11.24 10.83 4.74 5.39 8.40 8.18 7.66 7.68 7.81 4.79 5.33 5.41 4.14 5.11 8.10 8.23 11.17 13.42 9.43 9.25 9.59
15.41 14.84 23.30 20.76 19.93 18.06 8.87 9.76 9.34 11.92 13.78 16.69 13.80 13.52 13.55 12.43 12.89 8.93 12.16 10.60 11.03 2.13 13.89 14.67 15.54 16.06 10.77 12.44 6.84 8.01 10.54 9.95 11.21 20.85 21.26 21.71 21.91 21.71 21.97 22.65 22.13 21.47 21.19 20.83 20.80 20.66 20.01 19.33 18.86 18.43 17.63 16.56 15.63 15.08 14.51 13.57 12.52 11.55 10.72 10.04 9.91 6.95 8.23 7.85 7.25 7.25 6.81 6.59 6.56 5.74 5.21 5.43 2.68 7.33 11.59 11.10 8.96 9.04 9.35
15.40 14.18 23.31 20.64 18.65 14.65 12.54 9.18 11.49 14.44 10.91 13.64 12.80 15.04 8.54 15.25 11.38 11.98 11.32 12.47 9.57 10.62 12.03 13.61 14.93 10.33 15.11 6.97 7.31 16.94 8.72 18.11 19.14 19.64 19.99 20.47 20.71 20.91 21.69 21.77 20.37 19.30 19.19 19.47 19.79 19.97 19.65 19.05 18.61 18.33 17.75 16.74 15.68 14.80 13.95 12.89 11.78 10.83 10.04 9.28 8.53 8.12 7.98 7.72 7.30 6.85 6.61 6.48 6.48 6.71 6.75 6.57 6.95 4.70 4.00 11.54 14.30 8.89 9.02
16.27 14.25 11.45 19.72 19.90 8.32 12.26 9.24 9.56 10.89 13.80 9.14 13.74 15.28 8.48 8.37 15.51 11.43 10.69 6.25 9.86 10.30 10.80 11.87 6.90 11.49 9.26 15.16 4.74 4.78 7.70 17.26 18.01 18.56 18.79 19.10 19.35 19.54 20.34 21.50 20.69 18.06 16.80 17.58 18.59 19.25 19.38 18.81 18.05 17.41 16.79 15.99 15.09 14.22 13.31 12.30 11.27 10.31 9.43 8.62 7.91 7.46 7.24 7.00 6.62 6.25 6.08 6.02 6.01 9.10 6.04 6.20 7.03 6.46 6.27 11.60 12.55 8.54 8.56
14.66 21.63 10.04 19.66 15.19 8.98 17.24 8.89 9.15 16.42 15.04 11.32 14.67 18.62 8.34 15.40 14.72 14.49 10.70 8.09 8.82 1.26 10.51 10.95 12.42 8.29 5.79 5.87 7.06 3.46 6.32 4.93 17.05 17.33 17.38 17.38 17.51 17.37 18.36 21.63 20.87 16.04 15.02 16.41 17.60 18.45 19.01 18.95 18.35 17.26 15.88 14.76 14.01 13.28 12.27 11.20 10.34 9.56 8.85 8.12 7.44 6.93 6.49 6.17 5.91 5.70 5.67 5.66 5.62 5.66 5.82 6.35 5.10 4.04 4.36 5.58 10.41 12.97 7.38
11.05 19.63 8.44 20.94 7.21 11.96 17.84 10.08 18.60 8.63 9.69 12.20 15.08 9.90 14.26 6.29 10.81 11.97 10.20 7.96 7.54 8.60 9.71 9.08 2.47 3.71 5.94 8.07 9.11 2.42 15.54 15.71 15.94 16.05 15.96 15.72 15.95 16.49 18.21 20.71 18.16 13.61 14.75 16.24 16.98 17.50 18.05 18.57 18.69 18.03 16.49 14.47 13.50 13.26 12.09 10.29 9.07 8.42 8.07 7.62 6.91 6.28 5.78 13.17 5.15 5.12 5.27 5.32 5.23 5.29 5.67 6.26 6.95 7.34 7.79 3.37 5.39 7.37 6.65
11.01 9.66 7.78 19.11 7.31 16.49 17.27 8.00 7.78 18.11 9.08 13.13 13.06 13.70 15.34 14.84 10.08 11.30 9.38 10.83 7.99 7.71 8.09 9.19 11.20 12.75 5.70 9.09 9.37 1.37 14.80 14.81 14.89 14.94 14.76 14.39 14.73 15.45 15.98 16.82 15.98 15.21 16.66 16.83 17.07 17.21 17.58 17.97 18.15 18.57 17.78 15.04 13.39 13.46 12.62 10.52 8.77 7.88 7.41 6.90 6.23 5.63 5.25 5.00 4.79 4.66 4.79 4.78 4.59 4.83 5.41 5.96 5.65 5.60 5.85 4.65 3.70 5.84 10.89
10.71 9.55 8.12 7.62 8.11 14.75 8.05 15.20 15.80 15.83 8.06 14.66 13.59 13.83 12.55 7.75 7.41 13.82 10.64 9.45 8.08 7.04 4.91 9.32 10.55 11.38 4.02 7.57 4.06 13.75 14.26 13.99 14.02 14.18 13.83 13.21 12.93 11.96 10.63 13.25 16.64 18.31 18.16 17.11 16.84 16.90 17.07 17.13 17.65 18.87 18.42 16.04 14.43 14.06 12.97 10.85 9.05 8.08 7.34 6.39 5.51 4.93 4.70 4.57 4.30 4.07 10.91 10.36 9.18 10.31 9.72 9.38 8.87 7.09 4.11 4.06 4.96 4.69 7.38
10.66 10.13 9.44 8.10 18.27 7.84 20.44 17.28 13.84 5.31 7.01 7.97 10.39 14.90 12.29 7.61 8.16 12.81 5.09 8.56 8.46 7.50 7.71 6.02 3.81 2.12 3.96 6.77 4.97 13.80 3.45 4.36 13.70 13.81 13.47 12.54 11.23 9.58 8.79 11.40 15.34 17.35 17.27 16.42 15.83 15.67 15.71 15.80 16.53 17.64 17.90 17.53 16.67 15.28 13.14 10.52 8.78 8.06 7.50 6.31 4.82 3.97 11.08 3.46 3.18 10.12 10.77 9.85 8.31 8.50 8.51 8.58 7.74 7.37 5.98 5.35 6.23 9.25 8.69
9.75 8.60 7.09 6.29 6.73 15.97 6.74 16.68 17.06 6.11 7.32 9.40 11.99 16.75 10.16 13.20 13.27 13.14 4.67 10.82 4.77 7.97 5.58 10.09 6.75 1.67 4.39 8.63 3.20 3.87 7.68 4.81 13.55 13.42 13.29 12.36 11.02 10.37 10.79 12.07 13.83 14.97 15.40 15.59 15.29 14.82 14.55 14.62 15.06 15.92 17.37 18.65 18.51 16.57 13.19 9.70 7.77 7.48 7.39 6.34 4.42 2.97 2.52 2.35 2.17 10.55 10.25 8.94 2.61 3.27 7.53 7.16 6.76 5.93 6.18 5.95 6.03 7.85 9.65
