examples/cougarCreek-fire/createInputs/WindNinja/wrfout_d3.2015080912.f18/cougarCreekFire_08-10-2015_0600_217m_non_neutral_stability_vel.asc
ncols	146
nrows	140
xllcorner	610065.000000
yllcorner	5095217.000000
cellsize	216.586807
NODATA_value	-9999.000000
[rows 0 to 34 of 140, columns 0 to 78 of 146]
4.56 0.96 1.21 1.61 4.29 1.28 0.53 0.28 0.67 1.07 1.47 2.18 2.29 1.74 0.18 2.15 1.56 1.51 3.12 3.19 3.50 4.77 7.82 10.24 9.96 7.74 6.98 8.18 8.75 7.50 5.92 4.74 7.38 7.26 7.45 7.99 8.30 8.08 7.70 7.88 8.39 8.31 8.18 8.84 9.51 9.19 8.79 9.87 10.77 16.56 12.02 25.94 14.65 19.40 16.79 16.59 20.60 33.48 20.61 18.94 16.53 22.82 16.84 15.71 16.08 21.49 18.33 19.05 19.73 19.04 16.39 14.30 13.24 12.52 12.52 13.16 16.12 20.63 23.07
4.56 0.96 1.21 1.61 4.29 1.28 0.53 0.28 0.67 1.07 1.47 2.18 2.29 1.74 0.18 2.15 1.56 1.51 3.12 3.19 3.50 4.77 7.82 10.24 9.96 7.74 6.98 8.18 8.75 7.50 5.92 4.74 7.38 7.26 7.45 7.99 8.30 8.08 7.70 7.88 8.39 8.31 8.18 8.84 9.51 9.19 8.79 9.87 10.77 16.56 12.02 25.94 14.65 19.40 16.79 16.59 20.60 33.48 20.61 18.94 16.53 22.82 16.84 15.71 16.08 21.49 18.33 19.05 19.73 19.04 16.39 14.30 13.24 12.52 12.52 13.16 16.12 20.63 23.07
7.20 4.35 3.41 4.58 8.99 7.32 2.60 0.74 5.47 6.36 5.98 5.85 2.69 2.38 5.28 4.92 6.19 2.03 1.61 2.53 2.85 5.29 8.70 10.04 9.38 8.31 7.97 8.65 8.85 8.80 8.04 12.30 3.92 4.71 7.26 8.22 15.29 17.73 11.79 20.24 18.71 21.67 21.24 21.96 22.79 14.09 22.59 24.51 24.21 26.26 26.36 28.74 27.34 18.73 17.10 18.01 21.77 32.90 20.19 21.81 29.06 31.34 28.06 29.75 27.02 29.76 18.30 19.71 27.23 20.34 18.02 14.93 20.48 13.01 13.84 20.80 23.13 19.20 21.31
3.70 4.65 3.93 6.44 7.02 6.42 7.32 5.65 5.12 0.53 4.98 5.36 2.23 2.27 4.78 4.02 5.71 5.09 4.08 0.69 3.01 6.14 8.00 10.78 9.51 7.81 10.29 8.61 7.37 7.33 14.37 12.38 9.50 11.37 11.21 9.81 12.74 16.94 18.22 19.84 19.28 19.90 19.09 20.39 20.67 22.94 25.44 22.84 26.31 27.27 26.89 25.39 25.00 19.43 16.54 18.24 21.07 30.92 30.68 34.67 33.57 31.88 30.26 31.67 29.92 29.78 19.62 29.71 26.78 22.18 24.59 24.64 15.44 16.38 17.70 24.23 24.36 18.07 18.96
0.76 8.18 3.59 6.39 7.05 6.52 2.51 5.54 1.42 1.96 4.77 4.92 2.98 3.02 2.39 5.14 6.11 4.25 4.46 4.09 1.32 6.38 10.30 16.00 10.31 7.76 5.83 12.30 12.77 13.61 13.05 12.27 11.73 11.66 14.51 12.97 13.61 18.29 18.22 19.01 20.34 19.41 21.08 21.75 20.28 22.98 25.66 25.91 27.26 26.58 27.32 26.19 25.99 19.45 19.89 20.88 32.03 24.52 34.04 21.53 31.12 38.55 34.74 31.97 33.93 20.98 31.67 23.90 24.33 27.40 29.19 20.11 20.93 21.78 28.39 23.60 19.57 18.09 18.54
4.26 7.64 2.94 6.92 6.51 6.78 6.94 7.14 6.05 4.74 3.55 4.13 2.69 3.15 2.88 2.40 6.26 3.41 3.40 1.79 1.60 6.16 10.02 12.35 17.31 7.41 5.92 14.24 14.35 14.95 14.88 17.07 12.98 13.48 16.02 13.86 15.79 18.47 22.09 21.69 22.46 20.84 22.57 22.91 22.79 24.60 25.12 26.42 28.08 27.51 26.64 26.60 24.70 19.20 25.63 31.87 32.02 25.43 19.70 35.03 34.54 38.44 34.93 37.41 23.27 32.90 29.19 25.18 28.76 31.96 22.82 28.50 29.69 24.41 23.00 20.53 22.24 16.82 17.78
8.29 8.13 2.93 2.37 6.07 5.60 5.76 1.60 6.03 5.92 4.32 3.16 4.36 3.58 3.35 3.25 6.50 4.18 1.36 1.95 2.68 3.62 7.24 10.57 17.90 7.63 16.88 13.27 15.64 16.86 14.99 16.49 15.05 14.21 15.45 13.66 16.39 19.84 19.26 21.51 21.00 23.43 23.85 23.66 24.67 21.58 25.60 26.40 17.20 19.73 20.37 20.45 26.50 28.44 30.14 29.13 29.78 31.78 30.99 31.97 33.84 30.18 32.51 38.70 28.42 29.43 29.02 30.12 33.82 24.14 31.48 29.59 24.34 22.62 20.58 25.92 17.29 16.65 16.64
8.54 8.75 7.91 6.77 5.65 6.56 6.91 6.28 5.25 2.08 4.39 3.23 3.93 4.27 4.59 3.92 5.17 4.93 6.09 2.20 3.42 4.44 6.77 10.04 17.32 8.44 6.85 18.35 15.70 6.87 17.21 17.70 14.18 16.83 17.25 14.27 18.59 20.83 21.80 21.25 22.47 23.99 25.03 23.35 23.73 23.88 22.36 16.71 17.86 19.40 29.01 30.44 29.10 28.12 28.86 28.54 29.51 28.14 29.58 28.69 27.21 28.95 37.07 22.68 35.07 30.80 28.85 31.45 32.53 30.96 24.59 24.09 26.18 27.20 19.25 25.39 17.79 16.64 15.96
8.07 7.88 6.11 5.95 5.36 6.02 6.66 6.50 6.33 5.53 5.37 3.76 4.78 6.02 4.94 4.27 3.21 5.98 5.94 2.22 4.08 4.91 7.61 10.54 18.01 9.72 8.24 19.38 16.17 17.27 17.44 17.34 17.14 18.08 19.08 16.26 20.59 21.95 21.84 22.96 25.80 24.26 26.68 28.71 16.01 25.88 25.20 22.02 28.26 28.06 30.39 30.22 26.80 26.72 23.75 25.64 28.32 26.04 24.25 22.35 26.33 29.44 31.34 33.21 31.22 29.96 29.14 30.68 29.02 26.06 21.85 30.59 25.93 20.52 26.16 24.84 17.07 16.08 16.29
7.60 7.33 6.47 6.77 5.26 6.61 6.14 6.27 6.04 4.87 4.77 4.64 3.80 5.17 8.23 5.17 4.15 3.35 8.84 1.95 4.46 4.83 5.26 9.35 11.38 22.19 9.27 19.80 20.36 18.02 17.31 18.89 19.04 19.53 19.90 18.13 21.56 23.31 21.27 23.74 27.89 27.86 29.31 24.47 28.27 17.03 25.25 27.18 24.82 26.96 27.10 23.79 25.20 26.44 30.18 28.61 27.70 25.58 24.01 27.08 28.56 15.41 28.45 27.21 28.99 32.04 32.65 32.24 28.76 27.05 29.14 21.06 22.00 28.09 27.62 19.07 18.08 17.87 18.36
1.35 7.21 7.54 6.38 6.26 5.55 5.10 5.61 5.34 4.89 4.94 4.39 4.27 4.38 5.70 5.48 5.07 4.53 10.46 7.95 3.44 7.86 4.29 7.18 10.93 20.58 9.08 19.08 19.21 17.09 17.46 19.52 17.94 20.07 20.95 20.76 24.47 24.84 24.67 29.13 27.85 28.76 15.29 26.13 25.82 16.31 25.83 24.08 25.15 21.58 17.03 22.56 29.19 29.19 28.97 29.35 28.42 26.16 28.60 26.85 21.23 26.98 23.77 23.39 27.74 29.03 29.77 30.53 28.21 27.15 29.51 26.83 28.15 26.62 27.65 20.71 20.41 20.62 20.52
2.03 6.44 6.55 7.13 6.79 6.38 5.13 5.01 5.50 5.72 5.43 5.24 5.92 5.40 6.43 6.31 4.90 5.15 9.55 10.60 3.66 8.68 4.31 5.57 9.32 13.83 9.65 21.77 20.53 17.78 18.00 21.07 21.00 22.96 23.34 22.76 24.75 26.18 28.71 29.03 30.76 12.85 26.45 13.09 13.92 15.11 25.71 25.69 22.87 20.86 24.62 26.43 28.10 28.78 29.18 29.11 28.35 27.11 27.34 21.38 25.81 22.91 20.86 22.91 23.54 20.78 20.04 21.61 22.11 21.43 24.84 24.96 19.07 27.32 21.55 21.64 21.84 21.93 21.41
4.79 4.36 5.01 5.26 6.44 5.61 5.83 4.40 4.15 6.20 5.87 5.99 6.97 8.51 7.35 7.03 5.94 10.80 9.07 11.83 8.55 9.55 10.30 3.96 7.47 10.58 9.75 18.25 19.05 7.31 19.80 20.85 23.67 11.85 26.65 26.65 28.01 27.84 26.57 15.32 30.32 13.08 12.42 24.95 12.72 23.57 27.15 22.86 23.09 23.38 26.58 28.59 26.50 26.85 28.10 28.61 27.11 26.29 25.53 25.31 17.48 15.81 18.45 17.47 15.25 14.81 15.24 16.61 18.31 18.99 18.66 18.56 25.38 28.28 21.31 22.13 22.66 22.66 22.03
2.13 2.44 1.69 4.88 5.78 5.44 5.46 2.20 3.86 4.72 4.74 6.71 7.90 10.07 9.47 10.08 8.42 10.61 12.13 10.69 9.15 7.90 9.51 7.59 6.08 8.82 19.97 20.27 16.92 7.57 18.07 22.87 25.29 28.50 27.88 27.14 28.86 29.29 15.90 16.66 27.18 14.33 13.19 12.17 21.64 27.14 27.12 25.13 23.95 27.24 28.39 27.87 24.99 26.00 24.45 23.77 23.19 20.57 20.75 17.64 12.07 13.79 13.72 13.55 14.00 14.34 18.31 20.00 22.11 24.49 16.42 18.82 20.42 21.47 22.24 22.64 22.40 21.85 21.57
1.27 1.50 2.05 3.94 4.42 5.00 5.67 5.84 4.37 4.14 5.37 4.62 6.58 8.44 12.09 13.14 11.90 8.65 14.07 13.51 13.14 10.88 11.92 12.43 4.62 7.50 17.03 15.87 16.47 6.31 17.99 22.52 27.63 27.40 27.05 24.23 27.60 27.43 13.64 15.06 15.93 14.96 13.77 21.52 27.80 26.38 27.69 21.72 22.79 26.73 28.65 27.55 27.08 26.87 25.48 24.52 21.32 18.68 17.82 15.52 12.75 12.81 13.60 11.85 14.26 18.88 20.72 22.51 23.46 13.67 21.91 21.96 19.30 21.10 21.03 21.35 21.12 20.10 19.68
5.37 5.18 5.03 5.22 4.94 5.45 6.30 5.94 5.91 4.36 3.32 4.10 6.20 6.49 8.82 14.35 15.06 13.43 19.51 17.51 16.32 15.01 14.37 14.42 12.85 11.46 15.47 17.36 15.47 5.51 17.57 24.28 25.93 11.69 24.44 24.72 23.46 11.57 11.30 11.70 25.72 14.19 14.21 23.65 28.06 26.28 21.62 21.47 22.63 29.01 27.11 27.09 25.83 23.25 23.53 21.91 18.02 18.77 18.22 15.89 15.65 16.41 17.09 17.79 18.68 18.84 19.00 21.59 17.63 22.84 20.19 17.00 16.53 16.56 16.96 17.83 19.44 19.63 21.11
5.97 5.50 4.73 5.38 5.36 4.54 5.61 5.80 5.87 6.25 5.05 4.86 7.74 8.43 7.31 11.91 15.68 20.63 20.68 19.92 19.45 19.50 19.01 5.21 15.56 13.15 16.18 13.16 3.15 12.56 18.11 22.72 20.32 25.77 22.39 24.94 10.59 10.98 10.83 26.77 12.32 13.68 14.18 14.59 23.52 21.68 21.40 22.62 25.65 28.71 28.27 23.91 21.15 21.62 22.24 14.49 16.79 15.66 17.88 16.05 13.58 15.95 16.32 16.12 17.74 15.61 17.99 19.98 17.95 12.02 11.01 13.93 12.85 12.39 12.77 13.79 16.03 18.44 18.35
7.38 6.20 4.67 4.91 5.34 5.13 4.33 5.33 5.93 6.11 6.01 4.47 6.22 7.39 6.03 8.37 11.63 15.02 14.06 14.12 14.86 14.89 16.78 9.84 18.50 13.75 16.08 11.36 2.45 13.05 20.01 21.24 22.10 23.50 21.47 22.05 10.63 11.15 11.32 27.18 12.09 13.48 14.19 23.31 22.52 22.06 21.86 26.77 26.65 28.30 23.97 19.00 19.08 21.86 16.69 15.29 18.93 14.01 15.36 17.89 15.59 15.19 14.59 15.45 15.97 10.22 9.68 8.96 8.70 7.31 10.73 16.37 16.68 14.17 12.47 11.54 11.82 14.77 17.18
7.87 7.30 5.78 5.14 6.28 6.98 5.85 6.05 6.93 7.34 7.03 5.08 4.68 5.72 7.33 7.55 7.14 9.37 12.04 10.04 11.12 14.01 13.09 21.23 20.90 18.01 15.10 10.22 11.01 15.25 19.19 19.18 22.05 10.55 21.03 21.71 11.28 12.38 23.47 28.58 27.15 28.81 14.57 15.09 23.67 27.15 27.35 26.79 28.43 24.25 21.66 19.61 22.97 23.31 19.40 20.57 19.57 18.54 17.73 16.38 16.25 15.20 13.94 12.09 9.61 6.66 4.46 11.46 4.46 9.47 14.91 15.42 16.16 14.52 15.00 12.61 10.31 11.32 13.45
6.82 7.02 5.92 5.32 6.28 6.75 6.09 5.55 6.70 7.36 6.90 5.16 4.89 6.13 10.65 11.63 12.27 10.75 11.84 10.03 8.43 12.87 10.93 17.66 19.77 20.28 7.04 10.85 14.84 16.91 17.31 19.46 15.55 18.91 9.81 10.77 12.23 13.72 24.05 27.91 29.18 28.35 15.73 16.19 24.98 27.93 27.55 27.56 22.51 20.34 20.81 25.12 15.02 24.56 20.41 20.11 20.01 18.78 17.69 17.54 17.56 14.99 16.58 13.02 10.80 8.22 9.82 10.69 8.58 11.57 12.96 12.24 14.15 10.68 10.43 10.85 11.53 14.61 14.50
2.32 6.88 6.44 5.57 6.67 7.08 6.90 6.40 6.91 7.65 6.50 5.40 7.21 6.35 9.07 14.32 15.96 16.30 15.83 14.13 9.72 16.15 8.99 12.29 12.83 21.06 9.02 12.17 14.89 14.99 16.64 18.37 11.15 16.94 9.74 11.15 12.45 13.45 15.40 25.85 18.25 18.21 17.66 17.13 24.64 23.48 23.49 21.52 20.77 22.92 22.26 26.78 22.98 20.06 13.46 21.77 20.78 18.84 21.02 18.60 17.02 15.61 16.28 15.24 11.72 10.30 8.16 6.91 5.69 7.52 6.22 7.77 10.80 15.18 10.55 11.69 10.82 10.88 11.77
4.91 4.91 6.01 6.43 6.95 7.22 6.71 6.57 6.73 7.61 7.48 6.91 8.35 8.72 6.38 8.37 11.82 14.53 14.22 12.23 10.73 15.62 13.36 13.52 15.81 20.11 17.88 16.52 15.18 14.53 17.93 13.88 9.36 15.85 10.16 10.97 21.06 11.93 25.46 15.24 16.87 17.74 17.69 17.14 24.39 27.36 27.83 21.60 22.77 23.25 26.82 27.04 25.25 21.71 11.80 21.86 12.11 18.35 21.13 18.43 18.04 16.09 16.78 16.26 8.43 10.52 8.91 8.28 3.88 4.27 9.94 10.36 7.93 4.71 6.25 8.58 12.41 11.77 7.43
3.25 3.75 4.89 5.33 6.78 6.99 6.02 6.58 6.33 7.21 7.63 6.94 7.67 10.37 9.09 6.02 5.40 7.78 9.10 11.84 11.43 12.15 11.70 12.81 15.92 21.00 18.69 15.73 14.73 13.30 14.35 10.88 9.37 18.29 11.04 10.72 10.70 11.23 23.19 12.70 13.89 15.40 16.25 16.29 25.21 24.08 22.76 24.04 28.87 28.59 29.62 16.19 14.74 23.07 12.86 12.90 12.85 22.72 19.04 18.80 17.54 16.53 15.50 6.74 6.08 9.02 9.43 8.75 9.96 10.40 12.27 8.72 5.38 11.06 6.98 10.98 11.97 10.99 10.48
4.63 4.20 4.82 3.95 4.94 5.82 6.64 7.31 7.57 7.77 7.66 6.93 7.51 11.11 9.00 10.04 9.22 9.89 10.31 13.08 14.55 12.98 13.28 8.58 12.74 16.35 14.11 15.91 14.15 13.22 15.22 15.10 12.58 19.14 18.57 12.19 11.37 11.53 24.01 12.00 11.90 12.98 14.92 24.01 25.43 28.11 27.35 29.29 28.90 29.16 17.95 17.75 16.97 16.38 14.54 14.18 14.03 13.73 13.22 19.21 16.53 17.26 14.59 16.44 14.45 13.25 12.66 11.51 12.40 11.89 10.90 7.84 7.98 8.51 7.75 9.85 8.25 5.28 4.99
0.94 4.43 2.77 3.33 4.78 5.22 5.86 6.87 7.66 7.65 8.52 8.18 8.41 10.43 10.73 9.63 9.73 9.74 10.52 10.78 13.00 14.22 15.07 13.92 7.43 13.76 22.76 16.32 16.94 16.21 16.46 17.47 16.04 19.58 23.32 13.93 12.98 18.71 21.28 12.72 12.56 24.21 19.90 21.21 25.36 27.44 26.52 27.86 28.17 28.24 17.78 17.05 16.81 16.30 15.11 23.00 22.58 21.51 21.42 11.39 9.88 19.06 11.48 9.69 10.85 13.65 13.77 12.91 13.14 11.76 8.07 7.23 8.43 6.75 6.74 8.56 8.09 7.22 9.67
1.17 5.46 5.57 5.50 6.20 6.97 6.23 7.67 8.12 7.73 9.07 8.60 8.27 9.09 12.59 10.95 11.04 10.32 10.26 10.15 9.79 13.98 16.39 14.91 12.86 15.81 22.35 15.71 18.65 18.48 18.33 15.69 15.83 16.72 22.34 15.36 14.74 24.41 17.38 11.89 12.22 22.80 22.80 25.13 24.77 24.85 23.50 26.29 27.58 29.43 16.85 15.86 15.41 14.85 14.15 22.42 20.86 20.61 10.82 10.83 10.50 15.86 11.00 13.35 13.41 15.55 13.67 10.08 9.94 5.92 3.55 4.09 4.52 3.74 5.79 3.08 4.89 6.28 6.72
1.59 2.10 1.76 5.32 5.56 6.42 6.30 6.25 7.36 7.30 8.46 7.79 7.75 9.14 11.58 13.66 12.67 11.23 11.02 10.61 10.11 13.77 15.93 16.43 16.47 19.69 24.54 14.93 16.74 19.52 16.34 14.64 14.98 18.94 24.51 21.88 26.97 24.20 18.39 20.78 23.67 25.95 25.56 25.93 25.47 27.09 27.83 28.66 29.04 16.94 16.10 14.86 14.27 13.93 13.87 12.84 11.44 10.49 10.97 10.98 17.52 18.01 16.24 13.86 12.75 12.53 7.07 5.77 5.36 4.58 1.48 3.58 3.47 3.95 2.64 11.11 9.39 9.48 6.44
3.44 6.98 5.83 5.36 4.66 5.48 6.57 6.23 5.21 5.30 7.39 7.96 8.02 8.82 8.23 11.86 11.78 10.96 11.90 11.10 11.14 14.73 15.74 16.27 16.85 21.54 28.78 22.91 16.86 18.49 16.52 18.11 18.46 23.01 29.44 31.94 26.36 20.83 20.05 22.48 25.05 26.82 26.88 26.97 27.00 27.85 27.23 27.69 27.71 16.37 15.60 14.15 13.41 13.54 13.19 12.40 11.57 11.35 11.25 11.16 10.56 14.84 8.21 6.33 5.27 8.87 4.24 4.53 6.53 6.60 6.15 4.93 2.32 4.46 4.53 3.36 2.83 6.02 1.96
8.08 7.52 6.62 5.98 5.58 5.59 5.79 7.04 7.49 5.37 6.23 8.69 6.86 8.26 5.43 8.31 10.81 10.52 12.17 11.70 10.97 13.98 15.86 15.30 11.93 14.73 24.83 29.95 23.67 22.54 19.23 21.91 24.63 29.13 30.95 28.29 20.37 18.25 20.86 22.84 24.56 27.00 26.22 25.15 25.11 25.18 23.77 24.96 26.14 15.54 15.48 14.34 13.67 12.33 12.86 12.15 11.61 11.03 10.08 8.84 8.20 7.63 13.79 5.16 3.86 2.59 2.04 2.41 5.51 5.23 4.39 3.77 3.31 2.24 2.93 3.14 2.31 5.21 4.37
7.52 7.82 6.44 6.26 6.14 5.71 6.09 6.43 8.97 8.09 7.94 8.52 9.18 9.52 10.02 8.41 10.59 10.69 12.37 12.14 11.24 13.54 15.44 14.39 12.09 12.42 17.64 23.06 31.15 21.94 25.96 28.15 31.94 33.00 32.01 26.49 18.56 18.56 19.13 20.85 23.02 23.69 23.22 24.23 25.49 24.86 24.24 28.71 14.97 15.71 16.63 16.31 14.61 13.06 12.11 10.72 10.17 9.46 8.85 8.28 8.13 7.79 6.78 5.38 4.88 4.17 8.44 7.28 6.06 3.52 1.44 4.04 6.42 7.02 6.24 6.36 6.27 4.93 5.12
3.80 6.16 7.02 6.99 6.76 6.82 5.73 5.61 6.65 7.06 6.04 8.25 9.31 7.16 9.88 10.30 12.36 13.50 13.34 13.20 12.83 13.43 14.88 15.53 14.11 15.06 17.69 21.55 31.54 25.56 33.27 35.23 35.76 34.42 30.52 22.69 16.77 18.90 16.17 18.08 19.19 20.21 21.46 22.95 23.62 24.63 26.77 15.25 16.93 17.77 18.11 18.16 16.11 13.10 11.29 10.40 9.63 9.03 8.77 14.70 13.98 12.30 6.32 12.09 12.35 11.82 10.93 10.44 6.37 6.85 8.35 12.75 12.64 7.98 6.30 5.74 6.93 7.24 7.63
2.55 3.52 5.71 5.34 5.59 5.99 6.55 6.16 5.51 6.53 4.97 3.38 4.25 5.43 9.10 10.16 12.18 17.30 17.48 18.23 18.27 16.58 15.25 15.25 17.08 20.62 26.43 25.59 29.77 31.60 37.38 34.62 36.31 32.75 25.26 17.77 19.19 20.66 14.88 15.88 16.44 17.69 19.18 19.89 20.04 20.29 22.00 16.13 18.49 19.58 19.01 18.45 16.85 13.40 11.67 10.96 10.24 10.10 9.71 16.07 14.12 12.53 6.34 12.74 12.08 10.74 10.37 9.34 8.23 6.83 4.15 0.11 2.78 3.60 3.41 3.96 3.76 1.17 3.44
3.81 4.03 3.36 6.31 6.35 7.40 7.39 6.54 5.96 4.44 5.38 4.40 6.60 6.99 8.52 11.72 11.40 14.75 19.22 21.55 24.78 25.34 22.12 20.53 23.13 27.75 25.15 30.26 33.69 36.13 36.14 35.26 36.09 30.01 24.35 21.56 21.75 19.34 17.38 18.23 15.33 15.81 17.30 17.18 16.28 13.78 11.94 11.40 13.57 17.05 19.65 20.85 20.87 18.43 15.83 14.39 13.07 11.77 17.15 15.86 15.04 14.46 13.39 11.79 10.99 3.75 2.61 0.98 0.70 3.11 4.44 5.09 6.42 4.28 2.19 3.51 2.54 7.20 11.34
4.43 4.53 4.18 3.68 5.61 5.87 6.96 7.80 6.53 6.06 7.60 7.24 7.98 6.89 10.53 12.14 11.64 13.05 14.44 15.91 21.60 29.39 31.65 29.60 24.50 24.84 35.21 33.32 34.07 35.88 37.87 37.17 35.57 29.02 24.19 20.84 17.45 13.86 14.29 15.24 16.48 17.28 16.99 15.42 15.91 10.17 10.41 4.22 5.49 8.89 14.36 19.23 22.96 23.82 21.85 18.78 15.17 12.16 10.59 9.66 8.96 14.25 13.60 12.32 11.93 11.83 10.36 9.36 8.37 8.10 3.17 10.60 12.28 13.15 12.93 0.91 4.29 7.57 9.35
3.61 4.47 4.12 4.80 3.80 5.70 6.09 6.51 6.58 6.74 8.23 7.62 10.90 10.30 6.26 12.15 11.17 13.73 15.82 15.65 17.24 25.39 34.23 41.57 37.68 37.32 37.94 35.63 32.72 31.97 33.28 34.16 34.64 28.59 22.94 19.12 14.48 12.32 16.04 18.44 19.04 18.24 17.92 16.61 18.93 16.51 15.22 3.83 4.13 4.00 1.91 6.44 12.59 17.23 18.74 18.44 15.83 12.53 10.33 8.65 8.13 7.59 14.50 14.25 11.80 11.03 11.35 5.45 5.58 6.83 8.39 10.37 12.15 0.77 5.53 7.77 8.06 7.17 6.57
