examples/cougarCreek-fire/createInputs/WindNinja/wrfout_d3.2015080912.f17/cougarCreekFire_08-10-2015_0500_217m_non_neutral_stability_vel.asc
ncols	146
nrows	140
xllcorner	610065.000000
yllcorner	5095217.000000
cellsize	216.586807
NODATA_value	-9999.000000
[rows 105 to 139 of 140, columns 0 to 78 of 146]
8.91 7.27 6.35 6.54 6.36 5.42 25.15 6.26 8.17 12.96 9.42 11.05 10.62 22.04 10.98 10.50 17.96 18.09 5.98 16.77 12.60 7.46 8.99 14.98 16.21 10.46 9.44 11.27 11.04 10.65 12.57 13.09 13.19 12.95 12.88 12.48 12.23 13.28 14.55 14.96 14.97 14.16 13.15 13.09 13.61 14.06 14.30 14.79 15.98 17.41 18.16 18.92 20.49 21.72 20.45 16.38 13.78 14.24 15.03 14.90 13.30 11.08 10.02 9.67 16.86 16.94 16.92 5.97 5.05 3.90 2.41 13.26 12.65 12.00 10.91 10.35 10.05 9.40 8.20
8.94 8.68 8.06 7.94 8.20 8.55 8.62 7.79 23.85 8.47 15.81 9.89 23.07 14.46 10.55 8.65 19.25 18.52 6.13 17.86 13.43 8.68 9.44 9.80 9.91 9.57 11.98 10.64 13.04 11.90 12.36 12.77 12.62 12.25 12.06 11.61 11.80 13.37 14.42 14.06 13.56 12.91 12.50 12.74 13.37 13.97 14.19 14.67 15.84 16.98 17.14 17.32 19.07 22.20 21.87 16.06 12.93 14.24 15.22 15.18 13.67 11.07 9.73 9.54 9.20 8.38 7.20 6.12 5.06 3.91 2.57 1.60 1.55 11.81 11.22 10.67 9.13 9.10 6.95
9.45 9.29 9.49 9.65 10.12 11.00 11.19 10.06 9.04 8.64 15.88 22.99 22.47 8.67 24.84 19.39 6.62 6.59 6.59 5.15 10.76 7.40 9.72 16.83 10.34 11.05 16.84 18.39 11.05 12.04 12.33 12.39 11.66 11.23 11.25 10.93 0.79 4.30 8.28 13.07 12.19 12.03 12.12 12.42 13.01 13.82 14.15 14.72 15.92 16.80 16.49 15.83 17.49 22.10 22.87 16.75 12.82 14.33 15.61 15.47 13.72 10.78 9.21 9.40 9.75 9.02 17.89 16.94 16.66 15.77 15.15 13.94 13.04 12.23 11.46 10.02 9.40 9.77 9.59
8.15 7.86 9.16 9.87 10.28 10.12 10.05 10.25 9.82 26.44 6.10 21.35 7.91 20.39 20.07 17.71 18.66 17.39 15.41 16.76 11.28 8.75 6.32 13.91 13.07 15.00 14.61 13.52 12.16 14.84 11.73 11.32 16.46 10.76 11.12 3.36 12.26 14.34 13.89 11.48 10.90 11.48 11.92 12.24 12.88 5.10 14.23 14.79 16.00 16.85 16.27 15.16 17.61 22.95 23.32 17.72 13.98 14.94 16.02 15.47 13.38 10.35 8.88 9.61 10.51 18.46 18.07 17.25 16.61 15.69 15.05 2.40 12.96 12.59 12.29 11.78 11.25 10.93 11.09
8.54 8.26 10.13 9.68 9.75 9.53 9.36 9.69 9.80 9.81 7.83 8.16 21.08 22.32 21.44 22.12 6.32 18.54 16.99 16.10 11.46 10.03 12.63 20.40 11.93 17.76 18.53 11.60 12.02 19.15 10.69 18.00 10.70 11.31 6.32 12.32 7.40 14.39 12.32 10.15 10.30 11.15 11.49 11.97 3.15 13.79 14.17 14.84 16.10 16.90 16.36 15.48 18.71 23.69 23.10 18.94 16.54 16.44 16.30 15.22 13.03 10.25 9.10 10.17 11.25 9.96 17.43 16.96 16.89 4.10 14.33 2.22 13.01 2.19 2.47 12.09 11.56 11.26 11.34
9.00 9.51 9.62 10.35 9.69 10.24 10.38 10.69 10.56 10.57 10.00 9.46 24.40 10.36 10.16 22.77 19.62 14.43 6.38 22.67 12.96 17.24 23.17 20.71 15.14 14.71 20.25 14.35 20.10 19.70 16.08 10.53 8.24 6.35 7.06 7.12 9.91 12.89 13.45 10.13 10.67 11.14 11.35 4.48 4.61 5.48 13.94 15.07 16.50 16.96 16.57 16.25 19.30 23.43 22.68 20.18 19.15 18.09 16.56 15.04 13.00 10.71 9.93 11.04 11.85 9.97 16.70 15.79 16.01 15.32 14.72 13.75 12.89 13.29 12.08 10.51 10.80 10.51 9.95
8.12 8.37 8.64 8.37 8.61 9.89 10.98 11.22 10.19 9.77 10.26 10.55 11.27 10.87 22.84 24.72 6.48 7.68 9.71 11.25 12.39 11.03 9.53 21.46 16.07 16.08 16.47 18.94 20.59 11.47 12.22 12.22 7.00 8.45 9.13 11.44 12.96 10.85 10.01 5.89 5.45 5.06 5.10 5.74 6.72 6.50 14.13 15.74 17.21 17.31 17.01 17.36 20.10 23.13 23.03 21.93 20.77 18.72 16.60 14.85 13.04 11.26 10.67 11.63 11.67 19.47 17.63 16.52 15.48 14.48 14.11 12.30 10.53 10.57 11.13 11.57 11.65 11.03 11.12
7.35 7.24 7.31 7.24 8.69 8.45 8.29 9.21 9.74 10.94 23.24 10.67 18.63 23.16 22.22 24.64 8.97 10.97 13.06 13.44 12.03 9.82 9.30 19.31 14.14 13.92 15.63 12.28 13.05 16.28 13.25 11.99 14.89 13.41 13.87 16.24 11.17 9.82 8.88 8.05 6.10 4.69 5.17 5.15 5.37 13.84 15.19 16.90 18.29 18.30 18.13 19.31 21.87 23.79 23.97 23.15 20.78 18.09 16.38 14.78 13.08 11.62 11.20 11.64 10.89 8.79 7.18 5.94 16.12 15.56 15.44 14.63 13.58 14.24 13.48 13.39 12.60 13.14 12.60
7.28 7.14 7.02 7.07 6.73 6.24 7.44 7.48 7.91 9.37 8.97 19.11 15.95 19.17 22.76 23.89 10.55 12.90 14.02 12.73 10.42 9.95 9.28 18.55 13.14 13.74 16.85 18.12 17.76 18.38 17.39 17.76 17.01 13.28 13.62 11.93 10.06 11.05 11.42 10.48 9.32 7.98 5.49 2.17 3.38 14.92 16.61 18.17 19.63 19.74 20.00 21.55 23.38 24.53 24.44 22.92 19.95 17.38 16.34 15.18 13.33 11.88 11.35 10.98 9.83 8.11 6.62 5.49 4.49 15.38 14.68 4.03 14.94 14.66 14.64 14.44 14.59 14.53 13.30
7.25 7.07 6.66 6.77 7.52 8.11 8.03 7.41 7.96 6.75 22.52 8.55 10.93 25.72 25.36 21.80 11.25 12.14 11.55 9.25 7.52 8.26 8.59 16.50 12.08 14.03 18.46 18.40 19.57 21.04 21.02 19.01 12.16 13.02 18.41 10.47 13.25 11.93 13.16 13.09 11.47 9.27 4.41 12.01 14.74 17.21 18.07 18.95 20.49 21.12 21.91 23.05 24.01 24.80 24.15 21.96 19.28 17.24 16.72 15.71 13.20 11.36 10.63 19.83 19.17 18.20 17.42 17.21 16.59 16.74 16.50 16.06 15.68 15.00 14.50 15.38 14.90 17.27 16.87
7.08 7.13 7.15 7.79 9.56 10.97 10.95 9.47 7.36 5.78 5.97 8.44 23.31 25.47 10.76 10.97 12.22 11.82 10.30 8.33 19.57 20.63 16.67 12.19 10.19 15.31 22.59 18.51 19.15 19.84 26.87 15.69 13.78 15.54 11.21 10.43 13.15 13.72 10.49 14.48 11.99 9.85 8.21 9.60 13.25 19.68 19.20 19.39 20.91 22.29 23.37 23.87 24.14 24.42 23.27 20.91 18.83 17.60 17.03 15.33 12.07 10.03 9.61 9.13 18.00 18.18 17.79 17.67 17.60 16.18 16.06 15.38 14.81 16.47 14.73 15.02 15.04 14.76 14.17
7.03 7.26 7.72 8.76 10.07 10.17 9.70 9.51 9.29 8.70 8.05 9.38 27.97 23.45 11.63 12.55 12.63 11.31 10.75 9.23 8.39 18.43 13.08 10.27 14.03 25.71 20.25 19.38 18.55 25.28 25.25 14.38 13.26 14.52 11.44 13.89 14.29 16.12 10.07 14.26 12.43 12.13 12.55 15.53 18.86 20.38 19.79 20.17 21.98 23.78 24.83 24.86 24.20 23.38 22.05 20.02 18.57 17.77 16.40 14.16 11.13 9.17 9.04 19.00 18.23 18.08 17.70 17.18 17.09 16.32 17.38 16.26 17.06 16.79 15.65 15.63 14.69 14.00 13.00
6.89 6.96 7.33 8.35 8.82 8.47 8.83 9.84 10.38 10.30 9.74 8.26 9.84 13.47 13.43 12.80 12.59 12.44 11.42 10.60 10.62 19.89 15.12 11.32 19.69 14.08 19.95 20.92 20.61 24.28 25.12 14.62 12.49 13.31 13.97 14.63 12.64 10.60 15.40 13.68 14.01 13.94 14.15 16.67 19.62 21.79 21.73 21.39 23.66 25.01 25.70 25.21 23.14 21.37 20.42 19.21 18.11 16.94 15.27 13.43 10.96 9.11 18.38 8.98 17.46 18.04 18.14 17.62 17.31 18.36 18.22 17.75 17.72 16.98 16.13 14.33 15.55 15.44 14.92
8.22 6.96 7.41 8.33 8.97 9.79 10.58 10.85 11.11 11.76 12.62 14.01 15.88 15.60 23.43 11.71 11.85 11.14 10.78 11.06 10.83 16.84 12.13 12.73 14.41 15.07 17.75 20.13 25.47 23.51 19.13 15.39 13.98 15.04 16.03 17.49 18.66 16.32 13.92 12.91 14.60 15.38 16.83 19.94 22.84 20.88 22.57 21.99 24.35 24.77 25.37 24.29 21.07 19.24 18.93 18.49 17.45 15.78 14.42 13.03 19.19 18.41 9.08 8.81 17.69 18.34 17.77 17.97 18.72 18.86 17.59 16.55 17.12 16.39 16.01 14.89 15.31 15.61 15.65
7.83 7.47 8.27 8.98 9.86 11.05 11.38 11.29 11.93 11.52 12.35 13.82 14.39 13.08 12.45 19.30 10.33 9.85 20.47 10.36 24.07 17.11 17.73 14.58 13.96 21.48 20.17 22.78 23.16 26.51 17.57 18.03 17.02 16.76 17.89 17.88 16.59 14.58 12.35 12.60 14.69 16.80 18.83 21.42 22.05 21.42 20.80 22.65 24.56 23.35 24.18 23.01 19.87 18.25 17.91 17.63 16.63 14.88 20.19 19.68 19.06 18.54 18.74 17.72 17.94 18.19 18.22 17.84 18.51 18.79 18.10 17.82 17.71 16.28 15.78 15.17 16.86 17.53 20.08
7.27 8.15 9.49 10.18 11.11 12.03 11.49 10.79 10.54 11.90 10.24 10.53 10.23 9.80 9.94 11.27 20.76 18.94 16.59 20.80 21.04 11.30 17.79 19.79 18.65 17.96 24.59 23.74 17.94 19.87 21.02 14.30 19.00 17.19 19.06 18.15 16.12 14.03 12.48 13.54 16.68 19.05 18.98 19.20 19.09 18.78 20.44 23.04 22.44 22.00 23.40 22.13 19.94 17.96 16.85 16.25 21.72 21.33 20.30 18.73 18.00 18.80 18.08 17.99 17.71 17.81 18.42 20.15 19.21 18.79 19.16 17.63 16.91 16.99 17.13 17.80 18.00 17.13 16.67
7.84 8.27 9.65 10.47 11.83 11.99 10.21 9.13 9.30 10.43 10.14 10.28 10.08 9.97 10.17 10.01 21.15 18.70 15.40 21.15 19.31 16.56 14.13 17.31 20.79 24.46 24.60 20.54 19.90 16.58 29.12 19.17 18.88 17.73 19.82 18.06 14.89 13.98 14.17 14.93 19.19 19.30 17.59 16.55 16.47 18.04 20.86 22.36 21.03 20.49 21.99 22.34 22.22 21.67 21.08 20.92 20.86 20.89 20.29 18.54 17.04 17.91 18.72 18.03 9.02 9.23 18.48 19.72 18.06 19.10 17.84 18.10 18.23 18.45 16.75 17.88 16.23 17.17 15.85
7.83 8.10 8.93 10.61 10.20 9.13 8.88 7.36 8.65 10.24 12.83 11.40 11.18 11.17 11.83 12.15 11.70 19.25 12.25 27.31 20.78 20.37 19.84 21.49 14.13 12.96 26.34 16.74 17.10 15.90 25.96 18.19 19.15 19.14 20.44 18.00 15.53 15.76 16.24 17.81 20.96 18.46 15.58 16.15 16.74 19.08 22.07 21.52 19.90 18.94 20.13 21.33 22.15 22.20 20.94 20.30 20.73 21.08 20.44 19.23 16.76 18.19 19.75 19.13 9.37 9.40 18.83 19.40 19.20 18.95 17.61 16.71 17.15 17.01 16.87 17.90 17.61 17.46 17.40
8.38 7.99 8.15 8.17 9.37 8.64 8.09 6.98 8.93 10.89 13.03 11.84 11.50 11.78 12.98 13.35 13.24 19.13 14.66 27.64 22.42 22.12 22.55 23.60 14.86 14.21 22.13 17.35 19.20 18.04 18.36 23.09 22.42 20.36 19.59 17.68 16.94 17.98 18.56 19.62 19.59 16.85 16.60 17.46 18.02 20.48 22.25 19.63 17.88 16.95 18.11 20.66 22.42 22.21 20.84 19.79 19.94 20.56 20.60 19.82 17.19 17.86 18.97 18.92 17.28 9.50 9.51 19.49 19.56 20.66 19.85 18.23 17.83 17.43 18.60 19.16 18.09 16.97 18.44
8.44 7.60 7.32 8.07 7.70 9.21 9.20 8.37 10.31 11.69 11.77 13.87 12.13 12.60 13.20 12.75 13.70 13.91 17.06 15.80 22.43 21.60 23.00 23.96 15.78 16.17 16.21 18.85 20.46 18.59 15.75 24.71 21.95 18.45 17.85 16.77 16.21 16.79 17.41 17.70 17.43 16.38 16.69 17.59 19.42 21.07 20.55 17.86 16.55 16.98 18.55 21.46 21.45 21.00 20.57 20.07 19.90 20.01 20.18 20.00 18.06 18.46 20.11 18.99 17.92 9.91 10.06 19.40 21.68 21.55 20.92 20.35 19.79 19.57 19.59 18.50 18.17 17.48 18.36
8.43 7.98 7.22 7.57 9.35 9.67 10.29 10.17 11.88 12.71 12.47 12.74 13.12 13.30 13.54 13.17 13.14 14.16 15.33 17.40 15.59 23.58 23.39 22.72 23.59 22.99 17.56 19.39 29.98 19.04 15.50 23.50 19.28 18.12 14.41 13.87 15.14 15.15 15.12 15.02 15.93 14.94 15.35 17.63 18.98 18.29 18.01 17.17 16.64 17.99 18.76 20.51 19.82 18.60 19.27 19.01 19.77 20.55 20.68 21.12 20.95 21.22 22.13 21.20 21.19 19.36 18.31 17.37 21.70 11.59 21.68 21.03 19.69 18.03 18.03 18.78 18.25 17.73 18.65
8.61 8.40 8.06 8.77 9.67 10.32 11.24 12.49 13.31 13.49 13.12 13.09 13.12 13.23 14.02 14.48 14.30 32.83 14.03 26.01 19.27 27.89 23.59 20.13 16.92 21.98 24.44 25.91 27.55 26.22 14.00 11.53 19.54 15.61 13.58 13.94 15.82 15.20 15.50 17.60 16.41 15.04 16.18 17.14 16.10 15.96 17.33 17.42 15.86 16.19 16.48 17.80 17.70 16.80 17.16 17.50 19.47 15.17 14.04 13.66 13.72 13.15 12.28 11.55 11.62 11.68 19.91 11.45 13.36 12.52 21.69 20.55 19.32 17.49 6.40 17.00 18.65 17.23 18.10
7.64 8.10 10.18 10.47 12.02 12.95 12.81 13.54 15.41 12.91 12.16 12.15 15.12 13.57 14.72 15.29 14.52 15.29 23.19 24.19 24.81 28.30 22.54 22.21 19.39 25.12 30.08 31.97 18.75 16.09 21.01 23.70 18.38 15.51 13.57 12.69 14.28 15.64 16.34 16.31 15.10 13.90 15.82 14.85 13.30 16.00 17.92 16.11 13.22 11.97 12.76 13.84 13.82 16.13 16.94 17.81 17.36 16.03 15.00 14.50 14.17 13.64 13.34 12.93 12.71 12.69 12.70 13.57 13.69 9.83 19.14 17.76 18.29 17.86 15.17 18.79 17.94 17.38 17.60
8.94 9.19 9.96 11.74 12.78 10.94 10.70 12.62 12.80 12.27 10.69 11.80 12.96 14.08 14.76 14.49 13.01 14.09 13.64 23.67 29.24 24.48 25.24 27.51 28.02 27.40 27.95 18.66 16.90 12.44 20.50 19.22 18.12 14.15 12.51 13.99 16.61 18.70 16.73 14.91 12.98 13.61 13.87 14.58 15.97 16.00 16.57 13.44 12.32 13.13 14.25 14.72 15.42 16.07 17.04 17.86 17.71 16.90 16.13 15.43 14.88 14.52 14.09 13.76 13.57 13.16 13.27 23.74 24.11 9.01 6.66 18.39 18.25 18.60 16.58 19.13 17.58 17.74 16.55
11.10 10.59 10.60 12.00 11.99 11.04 11.08 10.92 11.28 10.95 10.80 12.65 13.18 16.07 13.31 12.67 11.64 12.06 13.76 14.86 30.78 24.98 26.73 33.15 33.45 32.29 28.91 19.27 14.97 11.12 22.06 16.69 15.46 12.27 12.01 13.88 17.27 16.19 14.94 14.30 14.25 14.63 15.21 16.13 16.76 16.05 14.30 12.50 12.04 12.70 13.62 14.42 15.12 15.82 16.83 17.79 18.10 17.62 17.02 16.53 16.00 15.37 14.76 14.34 13.98 13.30 12.72 12.30 11.23 9.50 7.96 7.33 6.14 17.67 17.76 18.11 18.14 17.35 17.62
14.25 12.88 11.22 11.12 12.30 11.68 11.62 11.53 11.45 10.72 12.08 14.00 14.85 14.39 14.07 12.25 14.10 12.61 14.41 16.92 18.26 28.70 26.68 33.12 33.21 27.38 34.03 26.64 14.77 23.39 20.15 18.16 16.98 13.61 13.00 14.62 15.40 15.83 15.77 15.77 16.07 16.67 17.35 17.74 17.59 16.60 14.67 12.58 12.08 12.89 13.61 13.97 14.42 15.19 16.28 17.51 18.35 18.27 18.01 18.33 17.79 16.04 14.80 14.46 13.97 12.92 12.05 11.45 10.75 9.64 8.31 7.57 18.58 6.30 17.67 18.45 18.43 18.81 18.43
17.61 14.72 11.88 11.51 11.29 11.24 12.01 12.13 12.30 13.11 13.57 13.45 15.34 14.78 15.01 13.52 13.73 15.07 16.54 18.71 19.42 19.05 29.18 33.06 30.60 33.22 27.23 25.04 12.93 23.57 19.43 17.25 17.10 13.59 13.94 17.37 17.92 17.00 17.84 18.30 18.77 19.15 19.04 18.55 17.87 19.31 17.43 12.56 12.90 13.69 13.53 13.34 13.85 14.85 15.94 17.00 18.37 19.17 19.62 20.49 19.06 15.45 13.63 13.86 13.50 12.17 11.21 10.64 10.22 9.52 8.42 7.55 7.35 17.93 18.28 19.96 17.85 17.93 18.03
21.12 16.96 12.49 11.48 10.55 11.24 11.50 11.91 13.37 14.01 14.81 13.83 15.46 15.85 15.28 18.64 15.61 16.66 18.11 19.27 19.64 19.64 19.07 35.71 27.88 31.81 30.51 32.35 28.05 20.74 18.20 17.26 15.77 11.85 10.61 8.79 17.13 19.68 20.87 21.23 21.00 23.25 22.30 20.39 20.44 20.41 14.04 13.25 13.61 13.46 12.73 12.85 13.81 15.28 16.42 17.19 19.03 20.85 21.63 21.32 17.76 13.14 12.40 12.99 12.52 11.07 10.60 10.24 9.96 9.45 8.58 7.84 7.54 7.54 7.62 7.77 18.93 7.10 18.18
23.91 18.36 12.54 11.32 10.28 10.49 11.19 12.86 13.17 14.06 14.72 15.05 15.18 16.10 16.13 16.66 17.02 27.83 18.37 19.13 19.74 20.05 19.75 35.32 29.68 21.65 31.74 28.75 24.80 20.87 20.47 18.83 9.48 9.28 15.64 21.85 25.40 26.01 23.86 26.40 25.70 25.54 21.76 17.03 20.68 20.93 14.28 13.70 13.20 12.21 11.76 12.75 14.54 16.50 17.89 18.82 20.71 22.29 21.77 19.16 14.57 11.28 11.40 12.21 11.62 10.42 9.81 9.81 9.80 9.43 8.88 8.29 18.71 18.47 18.87 18.06 8.19 18.20 16.10
24.26 18.00 11.41 10.08 8.62 9.38 9.84 12.00 14.19 15.21 15.69 15.96 16.26 17.28 17.20 18.38 18.09 20.19 18.99 19.63 20.55 20.89 20.62 20.73 31.78 21.66 20.37 32.06 27.19 25.42 23.31 12.08 11.74 19.00 26.62 30.04 30.34 28.36 25.00 32.20 26.19 23.43 17.15 17.64 17.66 16.32 14.85 13.87 12.99 12.11 11.94 13.25 15.73 18.40 19.91 20.62 21.54 21.40 19.12 15.78 12.63 11.03 11.11 11.29 10.88 10.24 9.59 19.60 9.94 9.86 9.33 8.37 17.54 19.32 20.03 19.99 19.70 8.00 18.34
24.65 17.94 10.93 8.98 6.58 7.30 9.42 13.93 17.12 16.91 16.43 16.64 17.65 18.35 18.80 19.46 18.90 19.57 20.19 21.01 21.96 21.88 21.05 20.24 32.53 32.04 20.38 32.86 27.92 25.24 16.10 16.06 21.26 29.92 33.75 32.08 29.08 25.06 21.01 30.87 24.62 17.41 17.65 18.26 22.59 16.60 15.26 14.21 13.59 13.01 12.04 13.00 17.62 20.73 20.92 20.28 19.83 18.42 15.93 13.56 11.81 11.08 11.16 11.09 10.74 10.22 9.81 9.79 10.08 10.07 9.62 18.33 17.97 17.71 9.36 19.83 20.15 8.23 17.65
23.59 19.32 11.41 8.49 6.58 9.38 16.02 19.78 19.22 17.54 16.96 17.27 17.58 18.06 19.81 20.31 20.79 20.10 20.76 21.44 21.76 31.64 20.27 19.60 19.32 22.29 30.45 30.62 29.45 21.29 21.76 25.30 30.53 33.81 31.00 27.23 24.00 19.81 16.67 27.60 16.88 17.43 18.28 18.74 23.14 16.64 15.56 14.72 14.26 13.45 12.10 13.68 19.45 21.89 19.64 17.69 16.66 15.14 13.70 12.39 11.28 10.95 11.21 11.36 11.21 10.72 10.21 10.06 10.31 10.53 18.14 18.30 16.80 17.97 18.30 18.78 19.57 19.20 18.42
19.38 18.71 14.16 7.28 8.52 11.85 18.86 19.66 16.76 15.88 16.39 17.22 18.80 18.52 20.32 20.71 21.59 20.50 20.84 22.91 20.65 20.16 19.50 19.35 20.00 20.34 22.15 34.31 30.05 24.28 27.40 31.11 32.42 29.52 23.43 20.19 17.95 14.57 13.59 23.35 20.08 17.92 18.94 19.14 18.45 17.34 16.53 16.17 15.87 15.23 15.66 17.70 20.77 20.36 16.27 13.97 13.48 12.57 12.09 11.73 11.29 11.14 11.38 11.87 12.13 11.79 11.46 11.37 11.37 11.34 11.29 10.75 18.71 19.56 17.61 18.55 18.67 18.48 20.63
15.49 16.23 14.98 7.81 8.58 13.32 17.99 16.54 13.61 13.81 15.42 16.99 18.12 18.96 19.60 21.29 20.37 22.42 20.64 21.77 20.35 20.00 19.40 19.44 20.29 21.16 22.85 23.68 32.03 25.73 27.03 27.59 25.62 21.24 15.99 13.27 13.00 11.84 24.51 20.36 18.47 19.84 21.55 21.42 19.36 18.99 19.16 19.80 20.27 20.90 22.17 22.29 20.27 16.30 11.51 10.26 10.61 10.46 10.61 11.11 11.57 11.86 12.27 12.94 13.62 13.75 13.66 13.65 19.18 13.22 19.22 19.14 19.02 18.11 20.34 19.41 19.66 18.44 19.75
14.64 14.66 14.46 10.28 10.22 14.24 17.03 15.05 12.80 13.34 15.21 16.94 18.26 19.15 19.78 20.20 20.38 20.46 20.39 20.30 20.29 19.94 19.47 19.69 20.47 21.39 23.11 25.33 34.90 25.48 24.29 21.88 23.83 16.77 12.74 11.85 10.74 10.39 19.82 19.67 20.51 21.32 21.08 20.01 19.55 20.24 20.97 22.40 24.10 25.46 25.73 23.76 19.29 13.49 9.10 8.56 9.32 9.39 9.88 10.87 11.83 12.47 13.10 13.82 14.79 15.26 15.10 15.15 15.13 21.08 20.09 19.15 13.14 20.41 19.93 20.75 19.94 19.71 20.57
