examples/cougarCreek-fire/createInputs/WindNinja/wrfout_d3.2015080912.f17/cougarCreekFire_08-10-2015_0500_217m_non_neutral_stability_ang.asc
ncols	146
nrows	140
xllcorner	610065.000000
yllcorner	5095217.000000
cellsize	216.586807
NODATA_value	-9999.000000
[rows 44 to 87 of 140, columns 0 to 95 of 146]
302 305 307 325 318 324 332 334 336 329 321 313 315 324 325 334 334 343 350 342 333 324 328 342 354 347 337 339 341 315 309 305 315 324 336 341 327 320 322 325 324 317 309 315 317 321 326 338 345 349 346 342 339 338 330 318 338 12 12 4 12 39 46 10 9 22 59 87 101 93 84 79 73 69 64 56 53 55 205 30 58 60 55 57 59 61 57 49 35 21 22 345 329 301 318 295
328 321 320 321 317 322 324 329 324 312 292 310 327 329 328 331 333 347 354 344 332 328 331 339 345 336 329 338 332 314 307 303 308 314 322 331 338 346 341 326 319 345 337 331 331 326 330 343 348 351 345 340 340 338 352 16 25 28 23 27 41 30 36 41 37 44 241 218 100 189 233 197 190 222 267 245 54 43 355 299 45 59 55 54 58 59 58 51 39 24 24 18 338 344 330 314
289 293 296 315 316 318 318 318 311 292 308 327 339 331 329 333 345 0 356 344 329 325 324 327 333 328 329 341 329 314 303 302 304 306 309 320 340 343 340 346 351 348 343 342 347 335 341 345 339 357 28 26 23 23 26 34 35 24 23 26 33 38 40 41 36 270 61 71 284 86 89 85 79 308 324 350 54 344 356 340 322 51 56 54 55 57 57 52 41 32 336 20 5 11 14 358
285 288 293 318 317 313 300 311 307 308 325 338 338 336 341 352 333 336 350 337 323 314 313 317 328 334 335 337 326 309 301 298 291 301 301 307 333 345 347 345 359 353 354 353 341 357 355 346 17 27 35 32 28 33 39 38 25 23 26 29 26 25 19 13 35 41 337 347 71 72 73 342 319 319 338 344 52 54 52 355 317 48 57 58 56 56 55 52 45 36 29 25 40 4 37 32
282 284 296 311 300 296 291 314 314 319 335 338 340 347 342 328 331 332 342 331 317 308 312 328 336 349 348 338 332 318 307 301 288 299 295 302 323 345 350 355 358 8 11 6 341 337 332 16 30 34 32 24 22 26 26 23 21 23 28 31 35 37 38 37 36 40 48 55 357 343 311 283 322 320 301 327 346 52 330 353 350 327 58 65 63 61 58 55 50 39 30 28 3 61 357 351
282 285 288 288 292 306 315 322 320 327 334 341 345 341 324 334 334 333 331 328 315 311 323 335 339 348 345 344 342 315 314 299 293 292 289 294 326 338 341 347 3 355 27 25 17 348 9 14 25 25 23 23 24 26 24 23 18 17 27 32 36 39 40 39 12 4 354 338 295 291 289 330 319 319 323 321 322 321 49 35 9 345 57 68 70 68 65 61 56 45 34 26 21 347 353 347
283 283 282 285 307 314 316 321 324 331 341 344 342 336 327 324 323 322 325 327 317 314 322 325 332 339 340 346 332 316 319 305 296 291 285 279 311 327 331 335 341 347 360 27 38 30 25 30 32 29 28 30 31 31 29 27 18 15 18 22 35 40 43 42 40 40 43 46 52 55 53 49 43 321 319 320 48 47 47 347 54 54 58 66 72 72 69 65 61 52 42 35 30 27 28 26
279 278 284 309 316 318 321 324 327 337 334 325 335 327 308 318 318 321 327 329 321 317 319 318 330 345 353 352 328 314 323 310 297 292 283 264 283 311 318 326 327 332 346 357 25 37 56 58 54 48 45 41 38 36 33 25 16 17 14 18 22 25 42 43 41 42 13 42 321 2 24 349 343 353 350 44 50 53 55 3 58 58 57 61 326 68 70 66 60 54 50 48 46 41 31 28
276 277 292 316 317 319 320 322 328 335 332 326 322 316 312 313 319 324 328 327 324 324 321 309 349 11 358 340 322 319 321 309 295 291 279 262 283 297 298 307 313 321 334 343 352 22 30 53 62 63 56 48 41 35 27 18 13 9 15 19 22 3 26 41 43 43 41 37 14 17 41 38 33 32 33 41 50 55 57 57 351 58 59 59 58 137 345 64 62 56 53 54 54 49 41 36
281 289 310 319 319 319 319 321 328 328 320 302 308 308 310 315 322 328 326 324 324 327 320 326 5 2 343 332 320 312 314 316 295 289 268 258 272 282 284 290 301 308 319 337 347 352 354 5 15 35 49 48 43 35 26 21 24 21 20 23 25 27 32 36 36 33 40 22 16 13 16 15 11 5 358 355 330 348 346 54 58 60 22 21 45 54 55 58 59 59 58 61 61 54 47 42
283 294 312 313 314 316 324 321 325 319 299 290 305 315 316 318 326 331 328 324 322 323 322 330 348 343 330 323 318 307 311 323 300 290 268 259 281 289 285 289 293 293 299 321 334 335 340 344 349 357 26 34 40 37 34 34 36 35 33 35 35 35 39 39 33 30 29 23 13 3 337 339 2 30 4 0 8 45 15 4 351 349 326 55 55 56 54 360 55 57 60 5 62 58 52 45
275 288 308 307 297 318 326 318 314 308 287 282 314 321 317 313 321 324 321 318 316 318 321 328 332 326 321 328 323 310 314 317 302 291 278 270 297 289 290 292 292 293 283 314 340 346 317 319 336 354 5 24 31 35 36 42 46 45 43 44 40 25 21 48 49 46 359 4 8 33 27 26 327 355 36 37 10 347 142 45 69 350 53 53 54 57 59 58 55 49 48 51 51 52 55 51
270 282 305 303 305 341 325 310 290 291 279 304 293 323 316 310 312 313 311 311 312 314 323 333 330 326 334 333 321 310 312 319 301 290 278 274 310 296 288 291 292 291 285 274 307 339 359 5 3 309 351 15 19 31 33 30 36 33 29 25 41 63 50 47 44 43 52 42 37 31 28 358 341 347 39 41 48 49 42 41 345 53 57 59 60 11 59 60 58 53 48 327 41 159 313 44
277 285 319 332 351 337 301 295 282 285 304 314 302 314 316 305 301 303 303 307 315 316 328 339 334 333 341 328 315 308 315 324 302 283 270 268 311 295 278 293 293 290 289 279 269 314 8 23 17 20 20 324 24 21 27 1 356 68 66 69 63 58 48 46 45 45 44 41 37 35 34 37 11 44 40 38 39 37 37 9 19 74 107 25 64 62 61 61 62 59 55 9 347 332 43 357
284 287 347 342 316 301 302 275 265 310 290 300 293 306 292 278 287 297 303 310 327 330 344 342 337 342 340 323 311 310 319 314 306 288 272 263 298 285 257 297 288 284 286 288 281 279 334 25 34 36 28 17 8 15 359 61 69 66 54 54 57 60 69 61 53 42 47 46 44 42 42 80 44 41 34 31 32 35 8 9 48 51 77 85 101 92 21 63 359 60 55 53 52 48 42 13
280 287 335 316 311 312 269 266 294 292 274 292 254 245 257 290 301 304 310 323 335 334 337 337 338 346 333 319 312 320 311 309 311 296 282 256 281 287 284 286 289 288 283 289 292 299 310 319 15 36 39 39 44 51 57 57 56 58 60 60 59 56 53 51 49 50 42 41 54 72 46 42 37 31 29 31 35 40 2 25 28 52 52 63 72 54 70 50 14 5 53 55 350 7 46 7
268 275 5 344 330 275 245 293 146 221 238 235 244 261 295 306 306 304 312 329 336 331 331 335 347 341 328 319 320 321 308 312 308 297 287 272 262 291 292 290 284 289 291 292 296 300 316 344 20 40 354 39 52 54 56 58 58 60 62 61 61 59 57 56 55 43 60 56 54 49 41 33 29 29 32 36 0 1 45 48 50 16 18 18 12 18 3 19 10 1 3 358 54 8 359 18
263 310 10 330 313 249 224 120 204 209 227 249 284 304 309 307 305 304 315 328 336 330 333 339 348 341 331 326 322 317 312 311 307 298 292 282 259 290 299 292 285 286 290 291 293 299 311 324 27 350 356 358 2 18 60 60 59 59 59 59 59 58 58 59 62 62 59 55 49 41 34 30 32 34 6 4 40 43 46 49 52 54 55 57 59 61 24 22 15 6 358 359 55 4 51 50
320 11 42 331 319 301 297 169 203 217 244 288 303 309 307 303 300 304 318 329 336 332 332 340 346 342 335 330 322 314 310 313 297 300 291 287 281 284 300 296 293 288 292 296 296 302 303 307 326 336 353 359 11 63 66 67 65 64 63 62 61 59 58 58 59 57 52 47 42 37 34 36 37 38 10 40 42 46 48 49 52 54 56 58 24 21 21 19 13 8 3 348 338 347 351 359
46 54 71 149 45 196 194 207 223 268 293 300 304 305 303 297 291 298 314 328 328 327 330 338 343 342 338 328 319 314 314 304 299 298 285 290 290 289 295 297 294 289 292 297 297 303 312 320 331 334 344 1 1 67 74 74 72 71 70 68 66 63 59 57 56 53 49 45 43 40 39 40 42 42 8 44 47 51 52 52 54 56 59 24 22 19 15 14 17 8 2 348 348 19 332 17
60 65 109 217 228 223 222 240 285 301 307 308 304 302 298 289 279 289 310 322 317 323 324 335 339 342 339 325 315 313 310 314 304 298 287 293 296 291 293 295 294 287 282 296 298 298 314 327 347 347 345 350 354 3 79 79 76 75 74 71 69 66 62 60 59 56 53 51 49 45 44 45 47 48 47 48 52 56 0 355 3 14 20 24 28 27 22 18 15 10 11 4 356 353 337 352
7 59 69 212 273 273 280 295 302 305 309 308 300 292 284 272 262 279 324 310 299 330 322 330 338 343 341 313 314 310 308 308 304 298 292 296 299 294 297 294 292 288 282 292 298 300 313 324 350 51 338 343 358 9 77 79 80 78 77 74 71 67 66 64 62 60 58 56 53 49 47 48 50 50 50 52 54 54 55 55 55 57 17 19 20 356 357 353 354 11 348 14 68 353 43 38
58 61 76 295 297 305 307 305 304 304 304 301 290 276 264 256 259 280 317 307 310 320 310 321 341 351 328 313 305 302 304 302 303 299 295 299 300 299 299 280 289 288 277 284 296 302 314 320 334 140 57 357 4 50 76 79 81 81 78 75 72 69 67 66 64 62 61 60 55 50 50 15 17 52 54 17 53 51 52 55 57 59 62 53 81 68 69 71 108 18 87 60 59 354 342 40
61 50 27 326 314 313 311 308 304 301 304 292 282 270 260 251 252 276 316 306 311 275 289 318 342 9 325 309 312 307 300 296 296 297 298 299 298 298 303 282 291 286 266 266 275 290 302 310 299 54 103 347 1 5 84 83 84 85 82 77 72 69 68 68 67 64 63 62 58 54 11 13 17 55 59 61 59 57 62 68 70 20 14 359 25 31 37 56 70 92 63 346 0 53 49 46
41 35 349 324 312 310 315 306 302 297 291 285 277 269 262 249 249 305 302 304 309 298 298 310 330 190 280 294 303 298 291 281 288 293 294 293 296 297 300 280 289 270 261 259 254 240 256 289 280 322 324 294 342 13 358 55 91 92 90 85 79 74 71 36 66 64 62 62 61 59 57 56 12 57 9 64 67 69 18 15 36 77 78 111 64 7 5 64 79 73 68 78 12 309 303 42
39 32 359 314 304 302 301 299 296 290 282 276 271 266 267 249 252 310 293 292 302 292 291 299 336 182 263 280 300 293 285 283 280 289 292 289 290 288 295 267 266 258 273 249 235 215 234 265 261 272 284 292 329 2 93 294 61 102 99 94 89 84 79 74 69 65 62 62 64 64 61 59 13 60 61 7 27 31 72 74 73 72 74 79 82 82 81 79 79 81 79 69 61 341 48 39
48 34 322 305 295 291 291 291 289 293 276 270 265 260 256 248 255 307 291 287 296 304 297 300 86 195 262 274 295 291 279 277 277 282 288 281 282 288 288 252 247 249 244 235 220 205 262 251 245 199 186 267 312 28 25 127 132 74 110 104 98 92 84 77 73 70 68 17 67 67 66 64 14 16 15 15 9 33 69 67 70 71 72 75 77 77 75 70 68 70 73 68 64 57 45 319
5 338 310 309 292 285 284 297 295 290 285 279 270 263 253 242 256 302 286 286 286 305 289 278 200 235 263 284 292 286 280 280 273 280 280 280 279 282 286 238 251 280 232 265 216 202 188 246 253 251 205 181 292 355 335 186 143 148 116 120 113 103 91 81 74 71 69 68 9 67 69 70 8 9 9 15 22 20 26 22 69 70 14 72 71 69 67 64 64 64 61 57 55 52 46 38
342 318 304 309 291 287 284 297 293 289 287 283 263 260 254 233 256 277 284 286 296 289 282 309 247 265 272 289 290 284 283 278 270 287 271 276 280 289 284 237 250 286 227 224 217 201 243 186 205 190 194 185 273 122 197 262 148 114 38 123 126 120 109 95 82 73 69 66 64 63 11 14 3 12 13 73 33 33 30 27 31 14 14 69 71 67 64 64 67 68 64 58 350 51 48 44
312 306 315 307 290 288 286 299 293 291 287 286 268 266 255 232 259 263 281 286 295 265 264 292 255 263 291 291 262 279 284 274 268 283 250 271 274 274 285 236 249 289 225 225 242 205 193 256 251 258 194 197 256 149 144 168 168 118 111 114 122 129 126 110 94 82 75 70 66 65 15 11 11 17 13 11 31 28 27 32 33 7 13 67 72 71 67 66 67 68 69 66 59 54 344 326
320 317 311 306 289 286 301 298 292 290 287 286 284 264 253 234 259 196 249 286 270 242 269 283 253 256 278 258 255 272 276 270 280 248 251 272 275 272 280 234 234 274 284 220 218 209 197 239 270 226 250 246 241 142 158 252 170 124 115 73 115 125 134 125 105 91 82 11 10 20 38 22 20 19 15 15 31 28 27 70 25 14 359 352 71 71 69 2 8 65 67 67 64 58 328 47
309 313 324 304 301 301 301 296 293 291 283 265 283 261 251 236 266 217 245 284 244 242 263 247 252 279 274 268 276 273 269 270 259 244 271 275 269 285 277 242 233 277 276 215 216 252 202 189 266 210 261 252 238 170 167 163 305 267 192 310 112 119 132 136 119 98 88 82 6 9 33 33 27 24 27 21 23 29 24 22 21 4 13 7 354 70 72 20 7 345 65 68 68 63 339 330
313 321 309 303 301 302 303 298 298 270 267 268 267 281 252 235 308 209 269 272 254 246 243 248 283 291 278 275 273 269 266 271 247 248 267 248 275 282 282 246 243 276 289 230 217 215 246 214 253 252 265 262 274 181 180 172 283 278 225 236 70 119 128 134 130 112 99 359 84 0 23 32 31 26 31 39 17 29 26 3 348 2 63 65 356 70 23 10 6 69 67 336 70 70 62 330
313 319 308 303 303 308 307 302 317 276 275 273 269 280 253 233 343 241 274 270 249 242 242 274 292 289 279 281 278 265 263 273 247 267 267 244 268 283 268 241 270 279 283 230 215 214 253 198 240 250 252 270 274 190 198 199 279 227 145 131 330 122 126 130 135 338 356 3 350 353 3 22 31 26 34 79 31 20 67 25 2 12 1 6 1 72 22 8 358 357 70 69 329 71 72 61
322 321 309 305 308 309 316 305 307 280 279 273 265 278 251 233 18 225 268 250 241 249 255 253 248 297 288 284 281 266 248 269 268 269 272 225 264 270 229 226 263 271 264 227 216 209 218 252 239 262 249 275 300 186 190 215 271 297 286 220 271 38 125 132 140 334 120 339 99 90 86 358 7 16 33 77 76 69 62 355 14 65 13 3 2 74 77 15 9 11 354 70 70 323 15 70
318 323 311 307 311 330 314 303 317 277 294 266 285 254 246 269 201 245 237 247 251 255 286 253 246 305 291 279 285 274 263 267 275 269 276 247 222 270 221 227 252 268 269 230 209 250 216 212 256 249 265 270 292 176 193 195 181 289 309 237 139 287 8 31 140 145 127 109 100 92 86 82 80 6 23 33 74 65 55 53 3 70 31 19 5 74 79 79 78 76 76 4 351 6 318 359
326 323 313 308 316 315 299 318 314 299 266 317 258 254 241 296 245 249 251 254 258 287 256 248 240 306 291 257 280 287 272 273 279 264 268 246 243 264 220 238 270 255 267 273 226 220 216 203 206 205 275 253 290 189 207 209 189 166 87 175 157 140 127 312 128 150 139 111 101 97 90 85 80 76 356 3 65 60 16 55 347 19 79 32 5 8 78 81 80 78 27 30 21 350 72 70
328 322 315 289 326 319 310 300 310 313 266 262 262 256 243 219 249 251 255 260 290 281 253 243 236 305 272 242 277 288 276 275 271 273 268 264 263 226 226 262 269 232 264 264 271 259 210 204 213 212 200 258 314 204 223 216 196 176 175 183 173 160 137 111 358 132 147 120 108 103 96 359 84 76 68 60 57 57 60 64 67 354 79 82 25 5 8 20 38 83 15 12 29 358 75 73
330 325 318 312 339 319 317 281 304 302 267 266 264 256 247 254 252 255 259 307 296 255 249 238 232 314 230 242 284 281 281 257 274 276 276 256 268 220 231 267 254 238 234 260 257 276 211 206 216 265 233 186 194 226 233 210 197 189 180 185 309 183 161 119 98 108 138 328 115 349 100 93 22 75 66 61 348 63 11 73 73 75 12 87 89 33 9 39 2 40 35 15 39 40 347 75
331 327 321 321 327 322 315 281 307 305 267 268 265 257 300 255 259 262 262 314 298 253 245 235 285 310 233 250 284 265 271 256 279 278 266 271 226 221 258 263 235 267 271 266 269 268 257 208 217 266 276 292 215 234 223 200 195 276 300 189 197 307 186 152 96 302 121 7 118 107 99 91 17 27 350 67 342 6 7 81 81 81 356 21 51 52 43 19 55 6 27 8 5 34 36 82
336 329 328 334 325 327 287 281 316 301 270 271 296 262 263 265 265 264 306 301 257 252 242 235 232 324 265 268 275 261 285 260 275 280 274 264 226 231 262 221 227 226 254 272 263 271 270 211 217 245 286 214 229 225 209 198 196 201 200 201 207 314 200 316 140 114 17 15 353 111 97 88 345 15 352 344 344 348 357 91 8 91 87 3 20 51 50 50 49 27 19 50 89 46 8 93
338 334 333 330 327 327 325 314 324 273 273 273 270 303 316 267 323 328 314 299 256 248 239 233 270 313 270 270 278 257 282 269 277 281 275 243 237 240 218 226 231 226 214 237 255 270 238 207 217 220 278 268 223 212 205 202 294 204 208 208 207 313 204 201 313 314 339 5 10 344 340 95 300 351 347 350 352 348 332 309 331 15 25 50 57 34 40 30 49 52 26 17 18 44 87 96
334 338 334 329 333 333 331 327 325 278 276 273 268 322 335 327 317 318 260 259 253 243 234 228 305 228 260 268 274 273 280 228 272 257 280 245 263 257 222 229 230 220 209 225 261 271 276 214 218 222 275 277 285 209 207 206 205 275 209 210 206 202 204 199 317 324 336 349 358 359 127 314 308 329 345 347 354 6 340 96 94 289 4 23 48 27 40 95 93 51 21 78 88 84 80 79
338 340 337 335 335 333 297 293 289 285 280 275 270 327 327 332 321 301 261 258 250 237 227 266 302 265 252 263 275 279 247 238 273 230 277 263 277 262 233 229 229 220 209 225 225 273 269 214 227 240 266 279 243 210 209 210 210 208 210 275 291 289 206 203 324 148 344 342 350 3 14 354 333 109 112 327 324 336 353 335 263 96 11 17 58 60 54 60 91 88 85 83 81 79 75 71
