examples/cougarCreek-fire/createInputs/WindNinja/wrfout_d3.2015080912.f17/cougarCreekFire_08-10-2015_0500_217m_non_neutral_stability_vel.asc
ncols	146
nrows	140
xllcorner	610065.000000
yllcorner	5095217.000000
cellsize	216.586807
NODATA_value	-9999.000000
[rows 70 to 104 of 140, columns 0 to 78 of 146]
13.71 12.45 22.26 37.76 42.65 38.12 33.12 31.41 32.28 32.93 33.24 32.61 33.59 34.31 32.86 23.79 16.25 5.26 13.66 15.64 12.85 10.55 6.04 5.47 3.02 5.83 16.52 20.04 22.94 20.17 18.23 23.34 23.42 18.48 16.27 14.28 15.25 15.10 11.51 11.47 14.79 15.18 15.98 15.76 13.15 10.28 10.78 7.39 7.28 4.94 4.17 5.78 4.62 3.48 1.88 5.05 3.78 11.65 9.80 9.53 8.93 8.43 8.02 8.12 8.63 9.16 9.68 8.61 9.22 8.37 8.24 9.18 9.24 10.30 10.00 9.72 9.23 7.09 12.42
12.45 15.77 30.76 36.90 40.45 35.01 30.06 28.47 29.45 30.23 28.99 28.30 29.81 33.55 31.93 20.36 13.59 4.47 13.32 14.39 13.19 8.84 4.40 5.27 3.58 5.34 15.36 21.10 22.32 17.33 18.68 25.10 23.06 16.94 14.95 15.41 16.14 14.25 9.92 14.91 13.33 12.41 16.12 15.55 17.33 12.54 10.64 10.49 9.18 7.51 5.65 4.59 2.71 3.04 4.41 2.26 5.74 3.59 9.88 9.61 8.42 7.44 6.87 7.07 7.77 8.43 8.91 9.12 7.53 8.23 7.89 8.49 8.35 8.00 8.27 9.43 10.16 9.15 8.38
15.22 23.16 35.88 36.30 36.73 32.28 28.94 27.27 28.31 28.06 26.01 25.45 28.00 32.01 30.36 18.01 12.31 4.40 12.69 14.16 13.49 5.75 4.34 6.42 3.54 14.83 17.48 21.75 18.57 16.31 19.80 25.97 22.67 14.52 11.81 14.73 18.01 16.86 9.11 15.60 13.67 13.80 14.86 18.08 19.11 15.97 13.40 11.73 9.31 8.49 7.87 6.06 3.40 4.07 2.78 4.31 6.00 10.38 4.91 9.68 8.45 6.76 5.82 5.88 6.43 7.45 8.55 9.06 9.01 8.59 8.72 8.59 6.80 4.70 5.42 11.45 10.82 10.26 10.84
21.80 28.76 33.81 35.28 33.23 29.96 27.89 27.26 28.14 26.46 24.51 24.04 26.65 30.45 29.16 18.49 12.79 4.99 10.11 14.71 11.21 3.63 8.03 8.50 6.81 20.33 18.48 17.85 18.42 17.08 22.30 24.91 20.92 11.15 16.80 15.56 19.90 18.58 8.76 16.41 13.52 14.24 13.72 15.62 16.04 19.07 15.97 9.74 8.40 8.28 9.00 6.91 4.24 9.82 1.50 5.63 5.60 9.67 10.04 9.41 8.40 6.62 5.14 4.73 4.96 5.98 7.52 8.57 8.83 8.71 5.05 5.23 5.76 5.82 6.61 9.17 11.23 10.53 11.91
24.66 27.41 32.14 32.65 30.72 27.98 27.17 26.77 26.47 24.36 22.87 23.21 25.27 30.06 28.43 19.26 14.05 2.61 8.84 15.98 6.97 12.24 8.88 6.84 17.54 23.22 18.86 16.88 19.95 20.34 24.38 23.54 19.03 15.24 17.91 16.60 20.30 17.76 8.44 17.44 18.28 14.44 9.56 14.31 18.83 20.52 17.88 12.73 8.86 6.34 9.94 8.18 5.93 4.75 9.85 2.64 4.41 9.05 9.53 8.12 8.61 6.34 4.53 3.78 3.95 4.95 6.25 7.71 8.51 10.33 9.64 9.36 9.63 9.40 8.67 9.14 10.58 10.46 11.11
29.54 28.36 30.33 31.51 30.34 27.17 25.28 25.18 23.80 20.69 19.73 26.07 26.80 28.77 26.90 19.02 13.72 8.57 12.86 14.23 6.04 13.24 10.42 11.06 20.51 11.81 15.40 13.55 16.33 18.67 22.60 22.66 12.94 18.94 15.00 19.78 18.78 14.87 9.65 13.35 18.94 16.62 11.17 13.28 16.49 13.66 19.17 15.26 10.64 8.14 9.48 7.18 5.45 5.26 10.38 2.93 5.02 5.45 2.81 7.09 7.97 5.86 4.05 3.18 3.25 4.16 5.43 6.44 5.68 9.75 11.38 10.85 9.95 9.73 10.02 9.81 9.89 11.40 10.49
28.67 28.01 30.82 31.44 28.61 25.16 22.85 23.64 21.21 19.72 22.84 26.82 26.74 25.76 24.06 17.30 7.40 4.00 9.88 10.76 6.20 13.79 12.47 21.75 10.18 12.87 11.70 13.81 18.14 16.44 20.37 21.52 17.94 19.94 20.64 21.51 18.54 11.80 10.66 13.79 15.38 15.86 13.30 8.59 14.24 18.46 19.50 16.08 12.05 5.40 6.33 6.66 5.21 5.80 4.14 2.90 5.16 7.94 3.41 1.93 7.18 5.72 3.81 2.80 2.77 3.56 4.81 5.55 6.55 6.81 10.57 11.28 10.99 10.28 12.16 12.80 9.53 11.04 12.06
30.10 28.82 30.78 30.03 26.35 22.63 20.82 22.82 19.27 19.31 22.83 26.62 24.73 25.64 20.93 15.14 3.75 3.26 7.76 6.83 7.03 11.43 14.45 13.40 20.09 11.33 11.39 13.34 14.66 13.71 18.23 20.56 18.76 16.66 21.60 22.31 18.86 11.77 10.41 15.49 13.87 14.94 11.54 9.93 14.83 17.40 12.14 17.52 14.15 5.44 4.64 6.03 3.63 4.67 4.07 2.95 6.86 4.96 6.87 6.94 9.56 5.05 3.36 2.77 2.71 4.37 4.17 4.60 3.95 4.78 8.68 10.64 12.07 11.30 13.64 9.37 10.88 11.87 9.05
28.89 28.21 29.41 28.09 24.19 20.49 22.18 22.66 18.07 20.25 23.50 25.41 22.94 25.37 18.68 13.64 1.57 3.69 4.35 5.75 13.21 21.65 15.14 21.83 19.29 11.86 12.33 12.61 13.10 12.10 20.56 22.18 17.44 19.43 22.37 23.87 20.01 12.00 14.68 17.75 18.81 17.12 10.94 12.24 10.14 17.44 12.73 15.35 16.07 7.53 5.39 7.39 5.39 5.19 4.67 3.63 9.05 8.91 5.03 5.00 4.06 6.57 3.10 3.19 3.43 4.44 4.04 4.64 5.38 6.61 7.95 5.20 9.78 10.56 14.09 8.89 9.39 9.07 8.62
28.53 27.61 28.35 26.73 23.43 21.28 21.73 21.97 19.70 20.49 20.58 23.12 20.84 21.37 16.79 17.28 6.06 16.89 4.63 20.03 21.54 22.74 18.25 20.98 17.44 11.20 11.06 11.02 13.17 11.85 14.74 23.09 20.62 17.92 23.50 22.74 20.92 11.62 14.24 17.67 18.49 18.86 15.00 12.81 16.78 6.34 10.20 11.66 16.02 15.61 7.26 9.77 8.16 4.07 11.34 9.66 8.01 10.66 2.59 5.77 4.35 6.73 6.54 6.32 4.07 3.73 3.53 4.12 4.99 6.24 7.68 8.41 8.63 7.61 13.02 14.00 8.35 7.95 8.08
27.21 26.14 27.32 27.18 23.23 17.54 18.27 21.57 19.55 17.63 20.38 21.02 21.98 21.01 15.40 4.40 15.23 16.37 18.07 20.43 22.32 12.26 22.84 19.72 17.05 10.31 8.70 9.69 13.36 13.94 13.23 20.12 19.56 15.25 23.14 22.26 19.71 11.11 15.02 16.22 15.92 14.72 18.87 13.01 11.66 10.58 7.81 17.02 17.04 14.73 12.49 10.07 11.03 10.86 10.57 8.85 6.61 5.85 1.86 4.52 3.72 3.11 2.96 12.65 3.69 3.16 2.92 3.66 4.86 5.95 7.05 7.93 8.44 8.74 7.62 12.68 7.50 7.01 10.76
27.59 24.48 26.51 21.29 22.21 16.56 17.25 18.57 21.26 20.74 17.75 18.86 22.47 20.41 14.55 3.12 15.78 16.57 18.61 21.35 13.66 21.98 21.62 18.00 16.57 12.53 4.90 12.41 16.46 19.63 12.42 15.39 15.66 16.92 21.87 21.88 16.33 15.20 15.92 16.91 15.01 15.67 15.32 17.91 15.84 6.95 7.79 16.20 17.10 15.01 11.90 12.45 11.55 9.96 9.67 8.09 6.79 5.57 4.92 4.72 4.11 3.28 2.79 3.31 8.56 2.37 2.41 3.52 4.96 5.73 6.48 5.57 7.68 8.03 8.34 8.36 7.80 7.02 7.20
26.99 23.81 25.79 25.54 22.00 17.35 17.38 19.84 21.67 20.99 16.06 17.97 21.85 18.74 14.30 3.60 15.83 17.06 19.60 13.35 16.51 22.36 20.25 16.75 15.81 10.15 8.02 21.92 17.81 21.27 12.56 15.88 15.38 19.32 19.63 20.35 14.18 15.98 17.23 18.07 14.69 16.13 16.29 16.88 17.66 10.81 8.86 16.46 17.79 14.87 13.54 11.59 9.87 9.78 9.10 7.31 7.81 7.22 6.24 6.05 10.67 4.22 2.75 2.67 3.01 2.63 2.64 11.20 4.87 5.63 5.91 6.38 10.55 6.89 7.38 7.89 15.63 7.19 14.01
23.94 22.69 25.47 23.94 19.61 18.64 16.25 19.05 21.40 20.05 15.21 18.28 20.72 16.59 12.85 15.44 16.32 17.56 19.62 17.01 19.44 21.80 18.76 15.89 16.69 3.70 8.19 11.26 16.53 20.97 11.28 15.01 19.50 16.65 14.58 16.33 15.22 16.26 14.69 16.26 16.87 17.07 15.01 15.98 15.82 14.88 5.26 16.74 18.06 11.65 15.93 12.76 10.98 10.85 9.11 7.70 8.09 4.09 3.96 6.41 5.64 8.48 3.53 2.02 2.55 7.91 3.40 6.45 4.40 4.90 5.23 5.62 12.03 9.54 6.75 7.32 9.10 13.40 12.94
25.67 22.17 25.01 22.59 18.83 18.66 18.03 17.96 20.69 14.73 15.48 19.25 23.02 15.64 13.99 15.88 17.01 17.65 11.43 17.28 21.82 20.58 17.53 15.29 14.06 3.83 4.94 8.78 14.80 21.40 13.57 16.42 21.86 14.88 11.94 10.76 13.17 14.88 12.69 22.84 22.72 21.56 20.31 15.14 13.88 16.08 8.44 16.71 18.13 11.13 15.86 12.84 12.25 11.58 10.50 9.31 8.28 8.18 7.59 6.38 5.69 6.49 4.84 7.06 2.65 4.84 5.91 6.83 6.47 4.35 4.67 5.13 9.40 12.29 11.34 10.15 9.01 12.51 12.48
26.46 22.96 23.67 20.23 20.01 18.93 15.91 16.61 18.94 14.20 16.47 19.82 18.92 19.81 9.26 15.73 12.65 12.32 16.04 20.44 21.19 18.68 16.23 15.39 12.14 2.75 4.45 8.48 13.10 20.96 17.60 13.02 19.39 18.64 11.25 11.42 11.88 13.42 13.95 22.57 22.93 20.45 18.03 11.54 12.61 14.02 11.42 7.89 17.79 17.98 15.85 9.45 13.45 13.19 12.40 11.16 4.16 8.67 8.24 7.45 6.61 6.70 6.04 5.98 16.17 13.50 6.34 6.71 6.69 7.62 6.41 4.79 5.22 7.03 12.37 8.74 8.63 10.23 6.29
27.47 23.95 21.51 19.54 22.89 19.52 15.84 16.76 15.08 13.97 17.11 19.40 16.88 17.87 13.56 11.85 12.62 16.64 18.02 19.82 20.18 17.41 15.27 15.31 10.09 5.02 3.79 7.71 11.36 18.60 16.97 12.75 16.25 21.90 11.93 11.44 10.45 8.81 19.95 21.89 23.72 21.68 18.40 9.76 9.16 14.53 11.14 16.86 17.28 18.35 13.60 15.67 17.71 14.79 13.64 12.38 10.88 4.32 9.48 8.98 7.83 6.98 6.92 6.74 10.23 16.54 7.82 7.20 8.64 9.10 3.69 12.98 10.46 6.84 8.66 10.27 9.93 10.78 2.89
28.18 22.69 19.84 20.78 23.31 18.38 15.16 14.35 13.64 14.04 17.14 18.48 14.92 20.09 16.53 13.52 13.07 19.90 17.52 19.01 18.19 16.21 15.05 10.06 6.24 2.42 3.94 6.76 9.36 12.66 11.27 14.21 18.68 21.55 17.99 10.65 11.72 8.58 9.57 20.86 23.70 23.02 20.11 8.55 10.25 14.19 8.87 17.80 8.78 10.87 12.00 16.31 15.21 15.37 14.70 13.77 12.13 10.72 10.35 6.24 7.90 5.95 7.64 6.79 10.72 4.01 8.70 7.75 8.75 8.34 9.54 6.36 6.13 6.02 6.45 5.17 4.76 8.92 10.47
27.75 21.61 21.32 24.55 22.41 22.34 17.87 16.16 13.37 13.97 16.80 17.69 13.79 18.00 19.57 13.82 14.67 16.08 16.67 18.09 16.46 14.68 14.27 10.54 3.41 2.44 7.41 8.22 7.95 9.06 9.83 11.65 17.74 21.08 20.12 10.71 12.60 10.72 19.54 20.94 23.55 23.96 21.62 8.41 11.69 13.19 10.78 8.85 9.58 19.84 11.34 15.44 17.26 15.76 7.82 14.94 9.74 7.87 11.62 7.34 7.23 6.71 7.17 7.97 10.62 15.29 10.55 9.20 9.70 8.92 8.36 7.40 8.64 12.38 6.38 6.75 7.39 7.49 7.57
22.01 20.66 25.56 25.71 20.75 21.59 19.00 16.60 12.91 13.45 15.98 20.35 13.41 10.81 19.30 12.65 16.50 16.00 15.94 16.86 15.58 14.03 13.26 6.03 3.35 16.84 18.34 13.11 9.92 9.06 20.93 12.29 15.89 20.42 18.79 11.33 11.36 11.44 21.50 22.29 23.78 15.83 23.02 8.34 12.23 15.09 14.68 8.63 10.04 10.57 11.40 13.43 17.58 15.50 9.02 15.08 9.24 8.79 5.82 7.71 10.51 6.95 7.19 9.68 12.13 11.72 14.27 10.71 12.42 11.45 7.41 9.22 8.23 7.19 4.49 9.96 7.48 3.47 8.22
20.86 19.64 25.27 25.20 19.96 19.73 17.87 16.70 12.65 13.08 15.49 20.12 13.00 9.69 20.19 15.84 17.66 15.69 15.31 15.53 14.60 13.90 13.18 0.42 15.28 16.88 18.41 8.42 12.14 9.82 9.11 13.01 14.30 19.03 18.94 16.45 10.03 11.93 22.80 23.48 23.59 16.61 23.55 14.96 11.69 17.73 17.77 11.36 20.18 19.95 11.34 13.32 18.11 16.04 15.26 7.49 14.51 9.56 12.59 12.18 11.12 14.00 10.46 9.29 9.88 11.43 16.16 14.14 15.46 14.82 15.12 8.52 6.34 5.47 5.44 7.65 6.94 6.70 8.30
18.92 18.38 24.00 24.01 19.94 18.93 17.37 18.33 12.40 13.22 15.77 15.79 11.83 9.37 11.36 15.52 18.16 14.56 14.42 14.46 13.37 12.88 7.82 0.43 15.15 17.30 5.92 8.68 8.40 9.82 12.49 14.97 15.50 16.77 18.55 14.87 9.55 11.85 23.06 11.65 15.77 14.15 23.14 16.39 11.14 16.48 12.54 20.43 20.12 19.71 20.24 20.17 21.36 19.36 15.65 9.98 8.64 10.35 8.59 12.80 9.92 10.17 12.59 9.82 11.43 6.62 12.83 7.76 9.55 9.70 7.89 13.08 5.90 5.31 10.71 6.45 7.47 7.11 6.05
23.21 17.59 23.51 25.08 23.86 23.22 17.13 16.60 18.44 12.74 15.36 22.60 10.65 17.76 10.97 18.71 14.33 18.49 13.34 13.26 12.02 10.37 4.98 13.59 14.46 17.11 12.94 9.71 6.79 8.20 16.98 17.92 17.36 17.10 16.60 11.77 8.32 14.04 11.78 22.63 14.13 13.63 22.01 20.63 19.69 13.54 12.68 12.29 20.32 20.15 20.53 20.18 20.61 17.99 17.10 16.21 11.01 11.87 8.88 7.42 8.49 11.64 10.82 11.07 14.16 7.15 5.80 14.53 9.40 9.65 7.97 12.96 5.79 4.61 7.33 6.32 12.94 10.89 10.63
23.03 15.91 15.81 14.79 22.24 23.36 15.54 10.29 16.51 11.76 18.39 19.78 10.24 16.27 15.32 16.98 14.71 11.82 12.46 12.17 11.03 9.86 3.85 2.26 14.19 16.58 11.60 9.17 9.22 11.55 15.57 17.33 15.63 12.04 9.73 13.25 20.69 20.84 21.78 21.81 20.25 19.78 20.55 20.16 18.75 12.25 11.88 20.38 20.48 20.69 21.31 13.73 18.57 19.02 17.42 16.11 15.59 18.06 11.02 8.79 8.33 9.75 13.20 14.33 12.71 11.06 10.40 6.64 15.21 9.44 8.04 14.09 5.34 4.15 6.45 9.74 8.55 4.28 7.14
15.63 16.28 15.84 13.66 25.20 23.00 15.50 9.33 9.67 10.80 12.87 17.84 16.59 14.69 15.10 16.00 13.54 13.11 12.38 11.62 11.03 8.90 6.66 3.82 14.41 16.27 9.84 12.40 15.05 12.79 11.63 16.01 9.80 7.99 19.49 19.77 19.89 20.04 21.50 21.88 19.53 18.21 19.22 20.11 19.57 19.17 19.41 19.66 20.11 20.50 20.91 15.19 19.32 19.60 18.01 16.40 19.01 14.81 15.84 11.62 9.14 12.21 17.68 10.75 9.32 14.23 15.49 12.28 16.47 10.06 9.49 13.87 4.48 7.12 8.95 7.65 6.85 7.77 7.56
19.41 15.48 25.32 11.49 23.25 20.86 8.18 12.01 9.35 9.30 16.13 15.94 14.38 15.60 14.49 15.43 16.41 12.43 12.24 10.85 10.91 12.37 6.04 13.49 14.59 16.26 11.98 14.64 15.93 5.99 18.83 11.29 7.74 9.39 18.59 19.06 19.26 19.06 20.31 21.70 20.48 18.97 18.76 19.03 19.33 19.41 19.20 19.10 19.53 19.98 19.90 19.39 19.04 18.95 18.18 16.83 15.75 14.80 13.88 13.31 13.23 13.11 16.36 10.71 9.41 7.76 6.84 11.59 11.60 11.19 9.81 9.64 8.69 9.06 11.43 12.45 5.21 5.30 6.12
14.13 13.55 24.77 21.92 21.54 20.16 7.68 13.14 11.97 14.53 14.14 18.34 15.49 14.92 15.66 14.44 15.76 11.32 11.52 9.42 9.13 5.65 11.92 13.10 14.90 15.61 14.81 14.11 9.46 4.14 7.63 7.62 6.76 17.63 17.73 18.00 18.05 18.02 19.45 21.19 20.52 19.35 18.73 18.33 18.77 19.39 19.29 18.93 19.11 19.64 19.60 19.08 18.55 18.15 17.70 16.84 15.79 14.80 13.83 12.87 17.56 13.96 11.36 10.61 14.39 8.10 6.19 4.94 4.57 12.02 11.09 10.24 6.89 11.50 13.91 10.48 4.56 4.96 5.64
14.27 13.06 24.47 22.12 19.99 17.65 16.26 7.92 14.67 17.83 8.12 15.89 14.92 17.35 7.82 17.75 13.73 14.31 10.46 14.23 7.96 9.28 11.00 13.02 14.94 14.46 14.18 10.48 5.72 15.21 6.65 15.41 16.30 16.60 16.66 16.94 17.04 17.54 19.45 20.73 19.83 18.75 18.05 17.56 17.93 18.78 19.08 18.91 18.96 19.47 19.74 19.35 18.64 17.98 17.55 16.90 15.79 14.61 13.65 12.64 11.78 11.52 11.22 10.58 9.71 8.49 6.89 5.48 4.47 3.67 2.86 2.03 1.85 9.44 5.89 12.78 13.56 4.78 5.20
14.68 13.20 11.02 21.54 22.11 7.95 15.67 8.41 8.10 8.46 16.90 12.15 15.82 17.31 8.05 8.11 18.70 13.87 13.23 10.04 8.44 9.42 10.54 11.88 10.95 15.39 12.85 14.45 6.44 6.32 6.37 15.16 15.70 16.08 16.01 16.01 16.25 16.77 18.47 20.36 20.17 18.29 16.67 16.30 16.94 17.88 18.56 18.81 18.99 19.40 19.71 19.31 18.50 18.07 17.79 17.05 15.84 14.59 13.60 12.66 11.68 11.04 10.67 10.20 9.50 8.41 6.90 5.54 4.32 14.21 2.25 1.63 1.95 11.57 10.61 15.27 12.98 4.51 4.77
12.56 22.29 9.75 21.58 18.87 8.69 19.77 8.00 7.90 20.80 19.94 9.16 17.01 20.65 8.60 18.09 18.32 18.23 14.35 7.49 8.20 4.73 10.41 10.47 11.32 12.97 9.05 9.15 11.34 7.41 5.42 3.15 15.42 15.61 15.44 15.00 15.21 15.74 17.14 20.22 20.86 17.39 14.85 14.95 15.91 16.93 17.73 18.21 18.87 19.63 19.64 18.82 18.21 18.26 18.08 17.13 15.84 14.59 13.66 12.77 11.65 10.78 10.24 9.75 9.20 8.18 6.83 5.62 4.52 3.47 2.57 2.07 10.80 9.52 9.35 9.48 12.78 13.11 3.56
9.47 21.46 7.56 23.79 7.52 14.25 20.67 13.98 22.71 7.58 8.19 10.46 17.77 9.87 17.29 6.90 14.82 15.53 14.34 7.95 7.82 8.73 9.33 14.88 8.08 7.66 8.88 12.71 13.91 6.87 14.35 14.66 14.94 14.92 14.64 14.01 13.89 14.52 15.97 19.56 20.30 15.20 12.78 13.74 14.86 15.98 16.71 17.21 18.29 19.88 19.89 18.39 17.93 18.59 18.41 17.07 15.70 14.55 13.69 12.85 11.70 10.73 10.04 18.68 8.76 7.77 6.63 5.69 4.72 3.68 2.80 2.27 2.25 2.43 2.92 8.25 9.03 9.94 2.93
10.27 8.88 6.96 22.91 7.41 19.40 21.69 7.87 7.18 23.17 6.90 18.41 15.86 18.09 19.48 18.78 14.19 14.90 13.63 16.08 7.98 7.83 7.96 9.11 11.22 12.37 10.21 14.10 14.22 4.46 14.32 14.36 14.42 14.38 14.00 13.10 12.67 12.89 14.11 18.49 19.07 13.73 11.91 13.01 14.27 15.41 15.94 16.24 17.58 19.92 20.37 18.56 17.82 18.83 18.76 17.15 15.68 14.71 13.92 13.02 11.89 10.79 10.04 9.40 8.71 7.59 6.32 5.64 4.88 3.55 2.42 1.81 11.24 10.93 10.44 8.85 8.48 9.78 13.37
10.05 9.47 8.41 7.12 8.32 17.99 8.29 19.29 18.56 21.69 5.56 20.02 19.02 18.91 17.29 11.39 7.08 17.68 15.20 14.01 7.60 9.94 3.89 9.68 11.27 11.45 9.65 13.53 9.14 13.66 14.26 13.90 13.74 13.94 13.68 12.66 12.06 12.40 14.15 17.73 18.01 14.88 12.99 13.06 14.04 15.00 15.40 15.67 17.08 19.49 20.44 19.07 18.22 19.04 18.90 17.22 15.64 14.86 14.34 13.44 12.20 10.90 9.99 9.42 8.81 7.54 17.06 16.19 15.12 15.90 14.70 13.96 13.16 11.85 9.42 9.01 9.34 8.54 10.25
9.77 9.85 9.81 8.57 21.97 7.66 23.80 21.26 18.42 6.37 6.57 13.70 7.86 18.40 18.22 12.05 7.82 17.11 6.34 12.81 12.08 7.00 5.13 5.02 9.77 8.27 10.41 13.21 8.28 13.54 9.04 9.18 13.22 13.56 13.54 12.91 12.45 13.09 14.62 16.63 17.36 15.91 14.08 13.50 13.98 14.54 14.90 15.34 16.52 18.54 19.93 19.75 19.37 19.55 18.91 17.05 15.34 14.74 14.67 14.04 12.54 10.97 18.19 9.31 8.78 16.86 17.05 15.79 14.77 14.82 14.22 13.50 11.79 11.95 11.17 10.00 9.94 12.52 10.34
8.79 8.18 7.55 7.31 7.05 19.79 6.53 19.47 22.59 7.37 8.38 9.54 16.74 21.05 9.23 16.64 17.12 17.94 6.44 16.38 5.09 6.78 3.80 10.50 13.47 8.16 11.17 15.48 9.34 9.57 14.92 10.68 13.22 13.23 13.29 12.94 12.64 13.50 14.89 15.91 16.31 15.32 13.85 13.45 13.85 14.21 14.50 15.04 16.13 17.81 19.20 19.93 20.54 20.56 19.26 16.74 14.72 14.42 14.86 14.56 12.91 11.04 9.97 9.50 8.78 17.67 16.79 15.61 5.08 3.81 13.89 13.00 12.38 11.23 10.99 10.41 9.55 10.33 11.17
