examples/cougarCreek-fire/createInputs/WindNinja/wrfout_d3.2015080912.f17/cougarCreekFire_08-10-2015_0500_217m_non_neutral_stability_ang.asc
ncols	146
nrows	140
xllcorner	610065.000000
yllcorner	5095217.000000
cellsize	216.586807
NODATA_value	-9999.000000
[rows 88 to 131 of 140, columns 0 to 95 of 146]
342 341 335 338 340 338 333 335 294 290 283 278 275 306 334 332 322 262 259 253 243 232 221 315 326 210 208 228 273 263 246 257 279 231 260 267 276 277 223 228 227 220 212 231 220 256 263 255 228 218 250 274 214 284 236 214 251 249 209 274 280 282 287 203 313 318 328 330 336 347 5 2 338 310 116 106 101 98 100 324 335 347 12 8 58 34 50 94 91 86 81 79 77 74 70 65
348 344 343 340 342 335 336 338 294 291 284 306 276 274 338 336 325 257 254 247 236 226 217 336 158 232 236 238 276 265 240 268 277 232 225 281 273 272 221 222 221 268 214 250 219 264 271 246 218 227 238 271 216 213 247 216 249 246 273 269 297 270 278 291 300 293 307 315 314 323 344 3 14 1 324 302 313 295 95 262 286 257 99 97 50 92 89 90 89 85 80 75 71 69 67 65
352 347 345 345 345 343 343 338 295 292 286 312 279 277 337 267 327 255 249 242 231 220 311 169 231 235 240 277 275 276 274 280 282 260 222 261 249 259 218 219 218 226 214 245 230 253 268 204 220 220 228 258 219 216 217 254 215 245 212 213 279 294 207 296 307 303 298 304 297 299 312 353 143 145 132 338 336 347 312 106 102 97 94 93 89 86 87 88 85 82 77 72 69 68 68 67
355 348 342 344 343 344 345 341 294 293 289 283 277 276 274 340 320 253 245 238 227 218 328 137 232 237 281 292 286 266 281 286 274 271 249 268 240 257 217 216 223 247 213 259 248 263 220 221 221 221 225 225 259 249 243 246 243 247 262 213 283 260 289 274 311 204 310 291 286 284 283 314 144 156 3 343 339 355 353 305 307 6 344 92 89 89 87 87 84 82 78 74 72 71 70 68
353 0 340 342 347 341 348 340 338 284 281 318 270 329 265 335 257 308 243 236 226 288 358 234 234 237 294 301 273 274 285 278 282 281 265 266 244 230 215 221 232 261 216 218 217 228 218 217 221 223 226 225 261 218 217 270 251 250 268 252 277 296 264 267 306 214 213 317 293 287 289 318 143 160 345 324 320 317 310 291 297 334 360 27 10 35 48 13 85 83 83 82 80 77 73 68
356 320 318 316 339 334 352 290 340 276 347 322 263 335 325 328 332 295 241 235 229 293 323 41 233 236 297 299 297 277 274 262 281 281 260 220 221 221 223 227 226 222 222 222 219 220 222 221 222 224 224 257 261 220 219 218 248 266 262 257 270 270 263 263 274 310 312 292 303 275 273 329 152 164 343 332 323 290 111 106 101 99 98 333 7 28 4 91 86 85 48 85 83 79 73 64
326 321 321 323 344 338 356 294 287 280 270 338 332 326 327 327 325 318 239 234 229 276 337 2 232 239 300 295 285 299 288 271 283 244 225 224 223 222 225 230 229 224 224 223 219 220 223 223 224 224 224 251 256 223 223 221 251 222 255 266 263 288 278 214 214 265 300 300 303 281 275 321 162 352 346 17 115 347 298 99 100 96 92 90 87 6 2 21 91 89 352 83 84 84 74 63
1 319 337 325 344 339 313 12 292 349 347 341 336 322 327 324 331 329 242 233 223 318 335 232 238 244 302 280 231 296 229 279 254 227 227 226 224 223 228 232 229 224 224 222 221 223 224 224 225 226 227 227 228 228 226 225 226 227 226 225 283 262 262 222 219 210 202 275 283 286 280 297 342 340 350 8 114 106 100 292 99 98 322 338 349 84 29 9 14 90 86 11 80 77 71 61
321 320 346 341 344 348 317 14 4 2 332 341 341 323 326 320 341 342 246 233 223 7 236 242 248 248 305 285 311 231 246 258 221 230 229 228 227 227 231 234 230 226 224 221 222 225 225 225 227 229 230 231 231 231 230 230 231 230 229 228 261 256 228 225 258 216 209 203 198 278 282 299 299 310 334 4 109 108 103 299 92 92 91 87 3 21 14 13 80 80 347 9 8 70 64 56
325 327 346 348 342 7 16 316 10 10 291 353 346 334 267 327 336 331 246 300 234 244 248 250 250 306 238 317 260 240 258 236 236 234 232 231 230 229 233 234 231 228 226 224 225 227 227 227 228 230 232 233 233 232 233 234 235 234 233 232 232 232 230 227 225 221 214 207 200 190 179 169 140 302 322 347 12 110 110 345 87 83 80 81 333 79 81 84 16 77 77 72 71 64 57 57
322 332 342 354 352 332 11 325 319 305 4 8 340 326 278 276 338 318 313 354 246 255 259 256 312 301 304 245 300 299 263 236 236 236 234 233 231 230 231 233 233 233 230 227 227 228 228 228 230 232 235 236 235 234 237 239 238 237 237 236 236 234 233 231 229 226 220 214 209 245 198 182 144 299 306 319 357 115 114 7 330 324 80 339 81 354 23 87 83 20 17 71 71 65 60 51
318 348 345 355 24 332 352 325 322 8 16 299 342 319 293 312 326 322 327 265 264 12 259 252 243 315 304 302 309 316 271 283 238 238 237 235 232 230 229 234 240 241 234 229 228 229 230 230 231 236 240 239 236 238 241 243 242 241 240 240 238 237 236 235 234 232 226 222 218 216 209 185 290 286 293 308 332 2 107 92 346 89 333 355 1 340 357 83 88 79 4 73 68 63 68 332
333 6 337 7 346 0 353 14 358 317 311 303 336 302 318 294 330 315 330 269 268 262 250 341 343 318 301 307 306 322 240 242 244 243 241 238 234 231 233 243 252 249 234 230 231 233 233 231 233 240 243 240 239 243 246 246 245 244 243 242 241 241 241 238 241 237 232 228 228 225 213 189 155 133 113 288 311 326 82 93 5 340 332 327 337 340 79 332 79 15 356 73 72 68 71 343
344 343 337 30 341 1 16 332 325 5 296 1 334 339 326 321 330 314 326 345 254 251 244 247 253 255 317 308 306 327 248 249 248 246 244 241 239 241 250 261 261 246 230 230 232 234 233 233 236 241 243 243 244 248 250 249 247 245 245 245 245 245 245 244 244 242 237 236 238 235 221 194 268 266 257 257 284 304 329 2 338 330 316 299 269 70 248 297 69 335 72 348 358 58 63 50
348 355 357 335 340 9 334 6 342 20 295 359 358 346 340 335 283 311 322 318 251 21 66 260 264 260 329 320 320 255 256 254 250 248 247 246 249 256 266 267 255 236 226 228 232 234 234 235 239 243 245 247 249 251 252 250 248 246 246 247 249 249 248 247 248 248 250 249 253 252 251 250 248 257 275 289 296 298 312 339 328 311 311 317 333 37 350 339 331 211 102 251 60 53 329 339
350 357 2 353 29 330 354 1 7 343 322 15 292 335 5 351 287 315 293 315 26 258 116 270 346 342 331 324 306 259 323 312 251 251 250 250 253 257 259 254 243 232 227 229 233 236 237 239 243 246 248 248 249 252 253 252 249 248 249 251 253 253 248 255 257 252 251 251 260 262 261 257 250 257 276 294 306 310 328 352 348 326 318 320 341 69 76 358 6 70 3 335 323 333 350 344
353 358 6 5 339 22 327 343 26 338 333 323 355 344 305 335 323 319 298 341 288 95 78 270 337 342 335 327 330 321 325 317 254 255 254 253 250 249 248 245 241 236 232 233 237 240 243 245 247 249 249 247 249 253 256 256 253 252 254 257 258 259 259 262 264 253 253 258 273 275 271 272 275 274 273 279 302 313 321 337 334 325 329 321 334 1 0 88 346 79 72 357 60 5 336 334
9 8 10 7 360 325 11 332 346 22 328 330 326 14 317 315 329 319 299 341 23 286 279 346 346 273 323 275 335 322 262 261 259 258 256 252 248 248 250 249 246 242 239 240 243 246 248 249 251 253 252 250 250 254 259 262 259 258 261 262 264 266 266 266 264 264 267 276 278 280 288 280 280 281 279 277 285 297 296 296 329 336 335 327 330 346 1 3 348 4 74 357 360 53 54 336
13 13 8 3 1 349 331 328 20 334 18 320 346 7 314 319 334 322 309 321 20 20 347 283 285 347 279 279 341 271 270 269 266 262 257 251 249 253 257 257 252 247 245 246 248 250 251 254 257 258 258 255 253 256 265 270 267 266 267 269 271 272 270 267 267 271 276 280 283 287 293 317 349 290 281 272 266 266 269 305 312 323 329 314 297 297 327 335 331 327 69 356 338 45 61 350
22 12 6 1 357 350 344 341 329 338 18 354 6 306 348 354 313 315 319 321 39 38 288 344 292 285 341 337 276 278 276 273 268 262 258 257 158 226 250 262 255 251 251 252 253 255 257 259 261 262 262 259 259 265 271 274 274 272 273 274 275 274 271 269 272 277 270 271 273 274 277 285 293 295 289 282 282 289 312 325 325 321 329 332 311 54 304 320 334 311 0 15 335 313 328 337
14 3 1 358 355 349 345 346 346 14 340 17 309 0 358 355 330 328 334 330 49 305 6 354 354 358 340 342 282 330 278 271 330 264 266 360 273 275 273 266 258 256 257 257 259 251 262 262 263 264 263 264 268 272 271 269 272 276 278 278 278 277 276 276 279 269 276 281 282 282 282 332 294 297 296 298 300 305 313 321 328 326 326 335 340 343 329 319 332 338 338 342 325 304 306 325
7 358 4 355 355 352 344 342 350 349 356 333 13 1 6 349 304 336 343 346 30 23 339 346 340 344 345 288 284 334 271 332 269 272 339 279 338 279 274 268 266 266 265 264 279 266 265 266 267 267 268 269 271 271 268 266 271 279 282 282 283 284 286 285 286 290 276 280 284 309 293 336 298 6 14 308 302 299 303 315 321 320 318 330 343 357 353 349 1 350 337 329 335 331 334 341
356 358 351 360 353 353 348 341 350 357 3 336 10 327 323 347 343 14 300 346 11 357 345 345 349 339 340 338 333 339 339 279 349 354 344 348 337 278 321 270 273 273 272 327 316 296 270 271 273 274 274 275 274 272 271 273 278 284 287 288 289 293 296 295 294 298 277 276 281 285 286 278 276 285 300 303 300 296 302 307 315 322 326 330 335 352 352 348 352 355 352 356 337 340 345 341
347 355 0 355 347 346 347 343 350 355 357 344 338 330 359 354 331 318 314 316 317 312 306 354 355 353 338 345 340 290 333 294 351 346 348 339 286 280 275 356 352 348 341 330 323 315 276 278 280 281 282 283 282 280 281 283 286 288 290 291 294 298 301 300 298 295 293 291 289 285 282 277 276 274 278 295 303 310 309 310 323 325 323 324 330 347 348 343 349 1 359 43 350 337 343 31
347 354 1 357 345 340 336 340 350 359 26 355 19 3 349 2 335 326 320 321 322 319 316 1 355 354 347 302 302 341 349 353 347 301 344 324 289 287 359 357 4 354 345 331 317 274 279 283 285 287 290 291 291 289 288 289 290 290 289 291 295 299 302 301 299 300 304 309 300 298 298 306 308 302 298 300 309 311 310 315 330 338 333 338 334 342 352 353 349 351 352 37 35 343 335 336
352 357 0 359 350 332 329 332 340 354 3 34 15 348 350 358 326 323 320 323 328 331 324 2 6 358 347 343 337 338 341 338 337 302 297 295 294 352 356 359 1 358 4 333 269 279 284 287 288 291 294 296 295 293 292 290 290 290 290 292 297 300 301 300 298 298 300 303 312 304 306 337 315 318 314 311 316 321 325 322 332 343 337 334 337 335 343 352 352 1 355 342 357 340 318 311
356 1 2 358 353 343 333 327 331 340 2 352 331 354 1 354 316 314 313 317 323 329 325 4 15 358 343 340 335 335 335 343 305 300 333 298 354 358 351 355 2 17 22 288 291 294 295 293 292 293 296 297 296 294 292 290 290 291 292 294 299 301 299 301 299 300 299 299 300 300 302 301 301 311 317 319 329 333 334 333 336 344 337 331 328 331 340 347 345 350 3 353 346 356 10 336
358 3 3 353 346 346 346 346 344 333 334 345 12 6 347 327 321 317 314 315 341 2 4 30 16 339 348 339 337 331 339 347 350 338 298 302 354 352 303 356 11 18 6 343 334 303 303 301 297 296 296 296 296 293 291 290 289 290 292 292 295 296 294 292 296 297 301 300 299 297 298 299 301 309 319 320 324 326 323 323 332 341 342 337 340 337 345 349 349 349 346 347 344 21 16 346
359 3 1 347 339 343 349 355 356 354 351 344 3 11 338 336 328 321 323 326 329 5 9 18 353 342 342 336 338 338 338 347 348 342 300 359 354 347 306 3 12 10 359 341 333 332 306 306 303 300 298 298 297 295 291 289 289 289 288 286 287 290 289 300 295 293 295 297 298 300 302 305 307 312 319 322 320 320 313 308 317 325 333 335 333 335 343 347 349 353 345 341 328 327 19 15
359 2 356 342 335 338 345 352 357 359 355 338 321 333 336 337 330 329 330 332 336 13 27 8 328 312 343 338 334 330 341 349 357 353 349 346 306 307 354 6 5 3 356 340 331 330 332 306 305 302 299 298 297 295 290 288 287 286 283 281 282 286 306 287 301 298 295 294 299 307 309 305 308 310 313 319 319 323 321 319 320 322 324 327 333 338 346 348 346 32 23 345 335 31 326 4
1 1 352 339 335 336 342 350 355 358 354 347 338 329 356 336 333 332 332 333 336 13 322 344 312 317 344 338 338 331 339 1 360 351 348 342 336 349 6 4 359 357 349 336 330 300 329 327 301 300 297 294 294 293 290 287 285 284 282 280 298 302 285 285 305 305 302 296 295 304 313 306 303 303 302 307 312 318 320 322 331 339 342 336 334 343 0 351 346 28 26 351 351 340 332 344
6 358 350 340 334 333 340 349 347 354 348 342 338 340 335 19 334 335 9 330 357 10 11 312 312 341 343 343 339 339 343 359 355 350 344 340 344 2 11 359 353 351 342 334 327 327 326 322 318 294 292 288 289 291 290 287 284 283 304 303 301 301 306 306 305 305 306 302 293 295 311 315 310 306 303 310 318 324 331 333 327 335 343 340 340 345 5 360 350 27 26 357 24 18 352 4
353 350 347 343 334 331 340 350 353 348 344 334 331 337 345 347 9 14 24 360 6 322 8 354 344 340 337 345 334 321 333 317 351 351 342 344 359 3 2 356 347 347 342 336 333 329 325 321 318 315 309 283 283 286 286 284 303 301 303 305 305 303 304 307 310 307 303 306 297 293 303 317 318 317 314 312 314 320 334 335 331 331 336 334 330 328 341 344 348 23 25 354 21 18 17 9
353 340 340 340 331 331 343 351 350 342 346 337 333 334 340 332 16 25 8 358 6 16 5 3 350 338 339 344 339 308 340 350 352 353 342 352 9 4 1 346 344 344 345 340 336 330 324 321 319 316 310 306 304 305 305 303 302 299 299 305 309 306 307 310 284 286 305 308 305 293 297 309 311 309 309 309 314 316 329 336 331 332 336 336 326 31 36 37 16 344 20 347 19 13 16 6
348 330 331 340 325 327 344 349 343 345 344 342 337 335 336 346 338 32 334 0 1 3 358 349 320 318 351 350 330 309 332 352 354 353 344 359 5 355 353 344 340 348 347 342 336 328 324 323 321 317 312 308 305 303 303 303 300 296 295 302 312 309 303 311 284 283 312 312 314 301 294 293 298 303 306 310 315 317 327 333 331 333 341 342 344 343 328 30 28 318 342 338 348 15 9 5
339 326 323 327 329 328 343 343 333 336 339 346 340 335 332 343 355 38 9 355 0 1 357 349 324 327 359 312 309 315 323 348 347 345 348 359 359 352 347 339 340 347 344 339 335 324 321 324 323 319 312 307 305 301 301 300 299 296 292 297 310 309 300 309 315 279 282 312 312 307 304 306 309 312 310 308 309 312 321 331 332 335 337 342 349 1 356 350 336 335 341 348 356 9 6 5
338 330 323 322 322 331 339 339 328 328 340 350 342 335 329 336 346 355 13 337 6 4 358 350 324 328 323 315 310 315 322 343 347 346 359 1 359 354 348 345 348 349 345 339 332 326 322 329 326 321 313 306 301 299 298 296 296 294 291 294 304 302 300 304 310 276 278 309 304 304 308 316 320 320 317 312 311 314 322 326 329 337 20 350 349 3 2 25 347 340 31 15 9 6 4 2
342 343 337 313 325 328 332 334 329 326 335 345 343 337 331 333 346 353 338 341 330 1 357 354 347 345 322 316 332 314 321 335 353 1 12 2 358 353 352 350 351 350 344 337 331 328 324 329 324 320 313 306 303 298 294 291 290 289 287 288 292 287 286 288 293 307 313 315 287 294 302 314 320 327 328 319 313 312 317 322 328 337 356 2 345 349 23 17 346 335 333 15 7 7 3 0
340 340 339 333 320 329 332 332 331 328 333 343 344 338 332 333 342 1 337 3 360 351 0 358 323 343 348 345 325 325 320 332 6 13 15 2 358 358 355 352 350 351 341 336 334 329 325 329 326 319 312 304 300 299 294 293 288 257 261 265 268 270 272 276 280 285 295 290 294 300 306 318 318 326 319 327 315 309 313 317 317 326 337 1 354 350 14 15 347 334 326 10 2 3 360 359
327 328 343 323 320 329 330 331 335 330 330 337 340 338 331 331 342 343 15 2 354 356 2 358 327 341 342 337 314 315 334 351 8 16 16 1 360 354 351 351 359 353 344 345 336 330 326 328 332 322 315 308 305 259 258 259 260 262 267 271 273 274 276 280 284 289 293 299 293 291 313 322 316 317 336 335 321 310 311 312 308 311 322 338 347 355 4 8 9 344 333 8 359 358 357 356
320 325 328 335 326 314 318 329 331 334 326 328 336 336 330 328 340 345 350 2 357 356 354 345 347 345 345 323 319 321 341 5 15 23 14 359 349 353 357 0 359 310 307 303 299 332 331 342 287 280 274 269 266 265 265 266 267 269 272 274 277 279 281 283 286 289 292 301 301 277 282 313 311 308 327 333 321 306 302 307 310 317 327 331 333 342 347 2 6 349 337 4 356 355 354 355
311 320 328 327 329 322 323 323 327 332 323 321 329 335 328 326 336 347 352 338 354 355 350 345 348 350 346 328 326 333 348 18 25 21 325 358 352 357 1 359 318 316 313 310 306 305 304 301 295 288 283 279 275 272 270 269 271 272 275 278 283 286 287 288 289 290 289 285 279 277 281 289 295 303 314 325 325 313 304 304 306 307 312 326 333 336 335 334 344 345 345 357 353 353 351 351
304 308 331 328 327 325 323 323 328 322 321 326 323 327 334 326 334 340 338 331 327 352 350 346 347 342 346 336 332 346 2 24 22 19 323 320 352 357 324 324 323 321 318 315 312 311 313 311 304 297 292 286 281 277 274 273 273 275 278 283 289 293 293 291 290 291 289 287 285 285 288 292 296 301 307 315 322 316 312 309 308 302 297 305 329 342 349 340 333 337 342 352 352 350 349 343
298 306 324 324 330 326 326 327 324 328 332 318 326 325 332 328 332 347 334 330 330 328 349 349 348 343 334 336 334 359 16 24 24 20 5 344 350 322 326 328 327 325 323 319 316 342 349 317 312 306 300 294 288 284 282 280 279 281 285 290 295 299 296 291 290 290 289 287 284 283 284 288 292 294 296 301 312 310 309 311 312 313 306 303 305 325 348 350 339 336 345 343 346 348 348 344
