examples/cougarCreek-fire/createInputs/WindNinja/wrfout_d3.2015080912.f17/cougarCreekFire_08-10-2015_0500_217m_non_neutral_stability_vel.asc
ncols	146
nrows	140
xllcorner	610065.000000
yllcorner	5095217.000000
cellsize	216.586807
NODATA_value	-9999.000000
[rows 0 to 34 of 140, columns 0 to 78 of 146]
6.01 3.74 3.46 3.73 5.03 3.53 2.87 2.44 2.28 2.33 2.70 3.69 4.13 3.69 2.14 3.96 1.08 0.58 3.94 3.85 4.35 6.81 10.88 13.66 13.33 11.39 10.81 11.98 12.64 11.31 8.95 4.46 9.05 9.10 9.31 9.99 10.61 10.59 10.10 10.02 10.48 10.26 9.90 10.45 11.26 11.13 10.31 10.89 11.60 17.77 12.29 26.64 14.25 19.39 15.78 15.57 20.46 33.81 20.58 19.98 18.92 26.90 20.28 18.99 17.70 24.96 18.00 17.17 16.09 14.68 12.48 12.65 14.11 14.62 14.72 15.57 21.46 30.05 34.95
6.01 3.74 3.46 3.73 5.03 3.53 2.87 2.44 2.28 2.33 2.70 3.69 4.13 3.69 2.14 3.96 1.08 0.58 3.94 3.85 4.35 6.81 10.88 13.66 13.33 11.39 10.81 11.98 12.64 11.31 8.95 4.46 9.05 9.10 9.31 9.99 10.61 10.59 10.10 10.02 10.48 10.26 9.90 10.45 11.26 11.13 10.31 10.89 11.60 17.77 12.29 26.64 14.25 19.39 15.78 15.57 20.46 33.81 20.58 19.98 18.92 26.90 20.28 18.99 17.70 24.96 18.00 17.17 16.09 14.68 12.48 12.65 14.11 14.62 14.72 15.57 21.46 30.05 34.95
9.71 5.11 3.73 6.73 10.26 7.54 2.84 2.11 4.56 5.89 5.54 5.54 4.83 3.74 3.25 3.20 5.16 0.52 0.76 3.86 4.61 7.74 11.66 13.23 12.74 12.11 6.42 7.09 11.84 11.48 9.85 8.34 5.20 5.12 9.30 10.32 13.91 18.21 13.27 20.64 19.43 22.19 21.17 21.98 23.56 15.43 23.53 25.10 25.23 27.14 26.62 28.30 27.12 18.74 16.02 16.81 21.30 32.87 19.75 22.40 31.76 35.69 32.79 35.61 32.70 35.20 18.05 17.93 30.31 16.61 15.05 13.60 26.92 14.39 15.78 28.96 33.63 26.60 31.02
7.55 6.17 4.26 8.43 8.67 7.10 7.38 5.05 4.11 2.22 5.14 5.82 4.94 4.78 4.11 3.16 4.41 5.00 4.92 2.90 6.40 8.89 9.57 13.29 12.53 11.18 9.59 6.77 10.10 9.52 12.05 8.93 5.32 7.68 7.93 7.16 10.69 15.76 17.53 18.93 18.60 19.25 18.18 19.67 20.06 22.84 25.13 22.16 25.98 26.76 26.16 24.66 24.84 19.51 15.52 17.11 20.66 29.92 29.63 33.84 33.72 33.90 33.64 36.92 35.72 33.76 19.65 31.90 29.16 20.26 28.63 30.76 15.12 16.84 19.33 32.03 33.11 23.11 25.32
4.55 9.34 4.62 8.02 8.71 6.91 2.83 4.71 3.37 4.19 4.08 5.26 6.26 6.39 4.83 4.36 4.65 3.75 5.14 5.06 4.88 8.70 11.84 14.52 12.78 11.50 9.29 8.68 10.28 11.03 10.01 8.80 7.00 7.59 10.80 9.51 10.65 15.83 16.88 17.92 19.07 18.00 19.76 20.48 19.04 22.05 24.33 24.25 25.84 25.33 26.43 25.55 25.65 19.03 19.91 20.86 31.76 23.37 32.70 19.17 28.69 37.20 34.94 35.27 38.90 24.23 35.72 23.86 24.09 31.30 35.04 19.73 20.75 22.38 35.47 28.80 23.95 22.09 22.80
7.65 8.20 4.55 7.60 8.24 7.83 7.16 6.81 5.26 3.35 2.30 3.79 6.38 7.10 5.87 4.33 4.86 2.60 2.99 1.96 3.53 7.84 10.67 9.20 15.92 11.04 8.28 9.69 10.56 11.50 11.61 12.99 8.11 9.16 11.80 9.90 12.26 15.41 19.94 20.12 20.57 18.77 20.92 21.23 20.68 22.58 22.91 24.08 26.40 26.25 25.46 25.67 24.35 18.68 25.48 31.48 30.95 23.99 18.11 32.99 31.98 35.15 32.22 37.63 25.33 38.29 36.05 30.00 34.14 37.74 22.78 31.98 33.84 25.65 25.65 24.00 27.59 19.65 20.43
10.61 8.28 3.97 4.09 6.94 6.83 6.24 2.67 5.23 5.16 3.08 2.81 5.82 8.08 7.57 5.96 5.48 2.88 2.35 2.47 2.77 3.98 6.76 10.38 15.57 11.14 12.54 8.33 11.05 13.37 11.71 11.49 9.93 9.95 10.85 9.15 12.55 16.22 16.68 19.10 18.59 21.19 22.03 21.70 22.00 19.08 23.20 24.56 14.08 17.59 18.38 19.00 26.06 28.10 29.32 28.14 28.56 30.38 30.05 31.10 32.27 27.50 29.31 36.26 28.05 33.75 36.14 37.10 40.11 25.84 35.84 32.52 24.71 23.84 22.68 32.21 19.95 18.52 18.20
10.15 9.66 8.28 7.00 6.49 7.75 7.26 5.40 3.86 5.20 3.28 2.94 5.59 8.76 8.98 7.47 4.99 4.02 5.30 2.70 2.78 3.76 5.93 9.98 14.43 10.65 7.50 12.91 10.90 6.36 13.04 11.93 9.04 12.83 12.28 9.47 14.46 16.99 18.43 18.11 19.32 21.08 22.17 20.41 20.84 21.61 20.19 13.85 16.00 18.10 28.18 29.23 27.91 26.97 27.84 27.87 28.75 27.30 29.22 28.61 27.13 28.28 34.65 19.04 33.27 32.40 34.27 38.51 38.34 36.25 26.04 24.66 28.85 32.41 20.68 30.60 19.77 17.94 16.88
10.32 9.05 7.49 6.94 6.31 7.47 7.64 6.73 5.61 4.41 4.54 7.78 9.47 9.09 10.04 8.63 5.65 5.22 4.26 2.40 3.48 4.19 7.71 11.08 13.75 10.28 7.70 14.37 11.70 13.84 13.17 11.82 12.71 13.75 13.92 11.33 16.32 17.84 17.60 18.40 21.26 19.92 21.98 23.75 11.22 22.56 22.70 20.14 27.09 27.43 29.97 29.60 25.82 25.74 22.98 25.04 27.69 25.74 24.33 22.77 26.99 29.19 29.80 30.84 28.85 29.27 32.17 36.84 35.47 31.58 23.96 35.79 29.12 20.65 30.17 28.45 18.16 16.94 17.14
10.19 8.70 7.17 6.90 5.68 6.74 6.71 6.94 6.32 5.29 5.18 4.94 5.59 8.46 11.90 9.45 7.13 4.83 7.30 2.01 4.63 4.40 5.62 10.17 11.65 18.20 8.26 15.11 15.26 13.69 13.06 13.47 13.97 14.22 14.27 12.80 16.62 18.03 15.63 17.59 21.96 22.14 23.70 19.57 24.48 14.19 23.62 26.28 24.28 26.59 27.40 24.46 25.28 25.90 29.52 28.04 27.41 25.63 24.56 27.48 28.44 14.67 28.19 26.17 27.21 30.50 33.10 36.00 34.84 33.03 34.02 22.75 22.90 31.82 31.81 19.58 18.10 18.18 19.14
6.50 9.87 8.85 6.78 6.40 5.61 5.18 5.93 5.74 5.41 5.59 5.93 6.83 7.96 10.92 10.01 8.48 5.68 8.46 5.90 3.79 5.18 4.84 8.62 11.74 16.70 8.26 14.60 14.06 13.16 13.34 13.72 12.48 14.36 14.71 14.38 17.95 17.85 17.14 21.68 21.51 22.82 10.65 23.62 24.19 15.70 25.30 23.69 24.83 21.50 17.15 23.66 29.95 28.84 28.00 28.74 28.27 26.15 28.85 26.60 20.81 27.18 24.76 23.99 27.22 27.71 28.56 31.01 31.74 32.51 34.50 30.61 31.91 29.44 31.23 20.48 19.73 20.57 21.15
7.14 10.02 9.54 8.89 7.90 6.74 5.11 5.14 6.19 6.77 6.78 7.45 9.02 9.00 10.40 9.73 8.51 6.14 7.61 8.28 4.03 6.37 5.26 7.76 10.65 10.78 8.27 17.14 15.59 14.14 13.46 14.94 15.21 16.55 16.35 15.24 16.62 17.75 20.66 21.95 25.19 9.18 23.88 12.91 14.12 15.05 25.14 25.18 22.60 20.95 25.11 27.16 28.84 29.13 29.16 29.04 28.37 27.14 27.27 20.78 25.63 23.72 22.20 24.16 24.17 20.54 19.07 20.68 22.59 23.95 29.19 28.62 20.76 30.61 21.88 21.10 20.91 21.62 21.93
8.31 7.69 8.37 8.41 8.39 6.89 5.63 4.00 4.92 7.01 7.86 8.66 10.36 12.21 12.48 11.73 9.39 9.86 7.15 9.80 6.86 7.89 7.68 6.94 9.47 10.58 8.45 14.03 14.34 4.55 14.52 14.27 16.81 4.82 18.03 17.48 18.97 19.89 20.46 11.32 27.98 13.09 13.31 24.20 12.61 23.00 26.46 22.31 22.89 23.35 26.76 28.93 26.84 27.47 29.39 29.66 27.60 26.63 25.62 24.92 17.61 15.14 19.91 18.84 15.14 14.91 15.20 16.38 18.23 20.12 21.21 21.08 27.97 31.35 21.58 21.54 21.56 21.93 22.09
6.14 6.66 5.44 6.44 7.49 6.85 5.74 4.90 7.25 8.58 7.08 8.93 10.48 13.43 14.49 14.54 11.77 9.99 9.78 8.92 8.15 7.10 7.93 3.18 8.50 9.39 16.90 16.38 13.30 4.08 13.05 15.84 16.81 19.23 18.13 17.97 21.28 23.91 12.85 15.40 27.09 15.70 13.91 12.03 20.84 26.37 26.44 24.68 23.67 27.03 28.31 27.87 24.95 26.18 25.65 25.18 24.47 21.60 21.49 18.47 12.60 13.39 13.45 15.33 15.82 15.64 18.70 19.85 21.77 24.81 17.43 20.45 22.03 22.48 22.43 21.83 21.06 20.84 21.22
4.59 3.20 4.93 4.79 5.43 5.69 6.14 5.15 2.96 7.47 9.33 6.85 8.81 10.95 15.15 17.28 15.29 11.09 12.15 11.72 11.40 9.28 10.15 8.33 7.30 8.18 13.97 12.76 13.63 3.00 13.85 15.51 18.53 18.39 18.96 17.64 22.68 24.85 13.19 15.18 15.87 14.95 13.51 20.67 26.90 25.51 26.92 21.28 22.53 26.53 28.37 27.35 26.93 26.91 26.24 25.58 22.88 20.41 19.32 17.03 14.57 14.89 15.73 13.65 15.78 20.04 21.35 22.55 23.15 13.33 21.71 22.97 20.16 21.67 21.12 20.29 19.25 18.34 18.71
4.06 4.16 4.82 5.14 5.30 6.45 7.37 6.73 5.52 2.96 6.45 6.16 8.20 8.42 11.34 16.36 17.86 15.64 18.40 17.61 16.25 13.07 11.44 9.99 8.71 7.61 12.19 14.46 13.18 1.93 13.58 17.15 18.03 4.92 18.63 20.28 20.99 11.02 12.19 11.72 23.62 13.25 13.44 22.66 27.11 25.52 21.07 21.13 22.36 28.58 26.45 26.71 25.78 23.45 24.02 22.85 19.85 20.88 20.04 17.64 17.52 18.29 18.52 19.07 19.71 19.54 19.62 21.61 17.06 21.81 18.93 16.29 16.38 16.85 17.07 17.13 17.38 17.08 19.22
4.90 4.24 4.41 6.06 5.74 5.81 6.86 6.87 6.38 5.54 4.25 5.96 9.81 9.52 8.05 14.65 17.98 20.35 20.69 21.27 21.36 19.03 16.72 3.09 11.74 9.76 13.11 11.34 3.03 11.34 14.17 16.31 14.15 20.03 17.69 21.29 9.16 11.06 10.97 25.44 11.20 12.65 13.18 13.58 22.49 20.89 20.86 22.14 25.12 28.02 27.49 23.84 21.57 22.26 22.92 15.83 18.87 17.49 19.89 18.03 15.50 17.49 17.32 16.92 18.23 16.32 18.99 20.18 17.92 11.36 10.03 13.57 12.71 12.54 13.12 13.73 14.56 15.87 15.63
6.55 4.92 3.76 5.35 5.76 4.51 4.74 6.23 6.65 6.16 4.95 5.02 8.42 9.73 6.51 11.32 14.71 17.62 15.71 18.53 17.80 16.05 15.94 7.51 15.11 11.00 13.74 10.24 2.53 11.68 16.06 15.84 16.91 18.88 17.46 19.25 9.89 10.93 10.31 24.96 10.72 12.19 12.96 22.05 21.43 21.15 21.15 26.11 25.95 27.69 23.83 19.49 19.81 22.52 17.62 17.07 20.78 15.42 17.62 19.89 17.21 16.71 15.92 16.86 17.16 11.37 10.96 9.61 8.48 7.13 10.28 15.65 16.17 13.93 12.16 10.71 10.92 12.44 14.17
7.87 6.72 5.30 5.56 7.10 6.96 5.94 7.10 7.99 7.62 6.17 4.66 6.74 7.49 7.78 7.15 7.99 11.19 13.22 12.77 14.48 15.62 13.69 19.26 17.61 15.19 13.10 9.37 10.15 13.66 15.85 14.82 17.99 7.86 18.07 19.91 11.25 11.78 21.49 25.98 24.92 26.87 12.92 13.51 22.36 26.04 26.48 26.00 27.66 23.82 21.80 20.19 23.61 23.60 20.52 22.12 20.72 19.83 19.79 17.90 17.24 16.65 16.21 14.30 11.26 8.33 6.25 10.57 4.56 9.99 14.72 14.78 15.24 14.05 14.74 11.95 8.35 9.30 10.51
7.64 7.12 5.93 5.97 7.14 7.35 6.50 6.72 7.79 7.76 6.41 5.66 4.49 7.00 11.28 12.03 11.27 11.07 12.58 11.64 12.47 15.30 12.66 17.28 17.30 17.58 6.47 10.23 13.89 15.26 14.98 16.48 13.13 16.74 8.23 10.12 13.03 13.32 21.68 24.70 26.34 26.02 13.85 14.48 23.55 26.74 26.59 26.79 22.07 20.33 21.05 25.48 15.09 25.14 21.60 21.11 20.88 19.75 18.83 18.85 18.72 16.16 18.12 14.81 13.41 10.36 11.44 12.37 10.02 12.38 12.96 11.59 12.67 10.21 9.80 9.88 10.52 12.94 12.79
4.70 7.65 6.75 6.23 7.13 7.36 7.11 6.98 7.66 7.87 6.00 6.52 8.01 5.40 8.80 13.39 15.12 15.55 16.14 14.89 13.64 18.12 10.88 12.40 11.62 18.90 8.38 11.92 14.29 13.70 14.79 16.33 9.22 15.29 8.44 11.07 14.04 14.00 13.49 22.28 15.71 16.00 15.79 15.47 23.21 22.37 22.67 20.91 20.57 23.11 22.61 27.08 23.26 21.11 14.05 22.12 21.57 19.83 22.26 19.75 18.37 17.08 16.90 15.81 13.30 12.51 9.95 8.03 5.78 8.64 5.88 7.38 9.63 13.33 9.71 10.13 9.87 9.32 9.36
6.20 5.68 6.62 6.86 7.50 7.34 7.13 7.27 7.53 8.07 7.20 7.74 9.91 7.35 4.93 8.94 12.10 14.42 16.30 14.75 13.85 17.76 14.09 13.58 15.01 18.51 16.52 15.91 14.89 13.66 16.08 11.83 8.01 14.94 8.97 11.24 21.38 13.98 23.24 13.05 14.54 15.65 15.90 15.65 23.14 26.39 27.18 21.21 22.67 23.29 27.21 27.43 26.03 22.46 12.12 22.27 12.71 19.84 22.73 19.25 19.27 17.77 17.86 16.66 7.71 12.11 10.58 9.91 3.51 4.15 9.97 10.06 7.11 3.83 3.75 6.21 10.85 10.84 5.56
2.07 2.46 3.86 5.00 6.69 6.58 6.04 6.59 6.93 7.48 7.16 7.43 9.42 10.14 5.65 5.21 7.40 10.70 13.86 14.13 13.70 14.44 12.81 13.13 15.33 19.76 17.61 15.01 14.81 13.45 13.20 9.60 9.59 17.20 9.52 11.61 14.12 14.41 21.11 11.28 11.99 13.57 14.76 15.10 24.16 23.30 22.29 23.76 28.79 28.68 29.94 16.58 15.16 23.19 13.04 13.30 13.37 24.08 20.17 19.54 18.88 18.04 17.42 7.52 6.12 9.42 9.22 8.55 10.40 10.10 11.48 8.17 5.07 10.53 5.31 8.33 9.57 9.07 9.13
3.63 2.65 2.87 4.82 3.72 4.90 6.12 7.36 7.91 8.10 7.28 6.48 8.47 10.98 7.62 7.45 8.12 10.26 13.76 17.78 18.36 15.39 14.33 9.42 11.74 15.38 13.86 15.74 14.75 14.43 14.91 14.00 11.54 17.61 16.45 13.19 15.59 15.85 22.65 11.02 10.42 11.47 13.58 22.74 24.45 27.43 27.01 29.10 28.83 29.37 18.25 18.17 17.36 16.64 14.94 14.72 14.44 14.20 13.87 20.86 18.68 19.31 16.19 18.20 15.99 14.28 12.52 10.63 11.47 10.84 10.81 6.56 7.96 7.71 5.95 7.10 5.15 2.30 2.20
0.65 2.79 2.99 3.77 2.93 3.90 5.20 6.63 7.52 8.02 8.25 7.16 8.51 10.58 9.46 7.81 8.77 10.96 13.99 16.93 18.67 17.66 16.23 13.98 6.79 12.79 22.04 16.42 17.38 17.02 15.60 15.24 13.71 17.61 21.01 14.77 17.60 22.14 19.88 11.88 11.22 22.16 18.30 20.06 24.52 26.94 26.29 27.86 28.39 28.65 18.15 17.50 17.31 16.89 15.92 24.45 24.23 23.40 23.52 12.71 11.06 21.35 12.15 9.79 11.80 15.67 14.67 12.61 11.75 10.43 7.76 7.05 7.93 5.82 6.33 6.39 5.06 4.99 9.48
0.10 4.08 3.83 3.75 4.73 5.58 5.01 6.66 7.35 7.70 8.65 7.64 7.52 9.09 10.85 8.94 9.48 10.90 12.77 14.77 16.52 18.24 17.89 14.82 12.08 14.82 21.97 16.01 19.05 18.10 17.11 13.66 13.70 14.59 19.82 16.29 20.08 26.26 15.24 11.27 11.07 20.96 21.41 24.14 24.04 24.53 23.52 26.51 28.04 30.04 17.38 16.51 16.21 15.79 15.30 24.43 22.95 22.82 12.16 12.37 11.95 17.87 11.84 15.72 15.93 17.77 15.86 12.03 11.74 4.35 2.69 3.91 4.31 3.74 4.19 3.48 4.35 4.35 6.25
1.33 0.77 1.46 3.60 3.78 4.60 3.94 4.30 5.67 6.96 8.06 6.63 6.75 8.10 10.37 11.22 10.88 11.31 12.62 14.18 15.95 18.21 17.79 16.06 14.61 18.02 24.37 15.62 16.93 18.00 15.40 13.41 13.47 17.22 21.74 22.23 29.66 25.40 16.44 17.63 21.53 24.49 24.49 25.21 24.98 26.94 28.04 29.07 29.65 17.60 16.89 15.81 15.32 15.11 15.18 14.09 12.55 11.73 12.54 12.67 19.87 20.24 18.41 16.32 15.12 15.13 8.10 6.10 3.73 2.46 2.25 3.45 2.72 2.71 4.43 10.17 9.52 10.41 6.06
2.77 6.19 4.69 3.66 2.40 3.07 4.00 3.37 2.65 4.89 6.98 6.84 7.06 6.96 7.99 10.32 10.78 11.61 13.27 14.88 17.37 19.19 17.74 15.72 14.59 20.11 28.83 23.89 17.38 17.65 15.59 17.02 16.90 20.58 27.32 32.76 29.52 21.92 17.87 20.11 23.39 25.74 26.11 26.42 26.68 27.91 27.67 28.36 28.62 17.30 16.75 15.40 14.58 14.84 14.67 13.77 12.92 12.76 12.75 12.89 12.34 17.44 10.10 8.31 6.95 8.34 5.67 6.06 10.60 9.79 7.05 4.00 2.24 5.91 4.23 4.07 4.17 6.80 2.77
7.33 6.55 5.23 4.20 3.56 3.25 3.52 4.73 4.84 3.55 6.30 7.42 7.00 5.37 5.27 8.36 10.29 11.15 13.33 15.34 17.56 18.51 17.77 14.35 10.05 14.22 25.60 31.42 25.26 22.61 18.68 20.91 22.64 26.63 29.69 30.12 23.46 18.70 19.28 20.99 23.07 25.98 25.59 24.78 24.94 25.36 24.34 25.84 27.33 16.75 16.96 15.91 15.04 13.77 14.41 13.72 13.22 12.66 11.83 10.77 10.36 9.91 17.06 7.78 6.76 5.49 4.63 4.73 9.63 9.13 7.11 4.52 2.68 2.66 4.38 4.78 3.14 5.30 3.30
6.61 6.69 4.97 4.62 4.28 3.57 3.52 3.95 6.47 5.54 6.21 7.14 7.62 7.45 6.86 7.86 10.04 10.73 12.11 13.64 15.72 17.09 16.96 13.69 10.21 13.41 18.82 24.90 32.64 22.38 25.23 26.24 29.12 30.88 31.48 28.76 21.20 18.51 18.30 19.32 21.72 22.73 22.70 24.10 25.64 25.30 25.04 29.96 16.30 17.18 18.43 18.27 16.28 14.62 13.82 12.44 12.12 11.46 10.88 10.40 10.46 10.22 9.40 8.21 8.09 7.57 12.36 11.30 10.26 8.00 5.88 6.00 5.80 6.71 5.12 4.75 4.55 3.25 3.51
2.36 4.68 5.45 5.20 4.68 4.73 3.32 2.54 3.41 4.08 4.69 6.41 7.05 6.43 7.40 8.23 11.74 13.67 14.39 15.80 17.45 16.50 14.41 14.07 12.26 16.28 18.79 22.32 32.24 25.77 31.78 32.21 32.75 32.82 30.64 24.38 17.91 19.58 15.55 16.54 17.96 19.20 20.86 22.95 24.18 25.51 28.05 16.85 18.70 19.64 20.23 20.52 18.37 15.14 13.47 12.62 11.66 11.04 10.89 17.43 16.93 15.47 9.24 15.57 16.09 15.69 14.65 14.02 8.31 7.73 7.50 9.34 11.06 7.11 5.18 4.07 5.14 5.70 6.50
1.67 2.01 4.20 3.67 3.65 4.03 4.33 3.18 2.25 3.07 2.49 3.77 4.02 4.37 6.55 7.59 11.06 15.08 18.05 22.05 24.20 20.45 15.59 13.35 13.11 19.78 26.17 24.34 28.91 31.11 35.73 30.81 33.60 31.49 25.92 19.30 20.18 22.22 14.74 14.53 15.02 16.57 18.55 19.72 20.37 21.27 23.49 18.15 20.80 22.12 21.64 21.28 19.75 15.84 14.01 13.35 12.49 12.33 12.06 19.03 17.17 15.65 9.45 16.28 15.86 14.67 14.45 13.55 12.59 11.26 8.24 4.59 3.93 5.27 5.08 5.64 5.41 2.78 1.57
2.71 2.69 2.64 4.70 4.66 5.35 4.86 3.34 2.21 2.23 2.62 2.55 4.31 4.91 5.31 6.66 7.83 11.63 17.26 24.32 29.69 28.34 22.89 18.23 17.69 25.97 24.20 27.07 30.28 33.99 33.78 31.92 33.88 29.15 25.07 23.57 24.71 21.74 17.39 17.49 14.11 14.63 16.62 16.84 16.25 14.26 13.01 13.50 15.91 19.97 22.98 24.36 24.44 21.61 18.79 17.31 15.79 14.38 20.18 18.99 18.22 17.73 16.79 15.32 14.65 7.49 6.56 5.03 3.60 1.68 2.31 3.27 4.65 5.96 1.39 3.30 4.02 7.81 11.18
2.42 2.85 4.13 3.29 3.52 3.41 3.92 4.05 2.31 1.86 2.98 3.58 4.80 4.04 4.65 5.56 5.79 7.29 10.45 16.30 23.24 27.90 27.16 21.74 14.25 21.84 33.47 28.46 28.52 31.70 34.54 33.81 33.54 28.20 24.30 22.08 19.80 14.93 13.19 13.66 14.93 16.10 16.22 14.83 15.20 9.38 9.73 6.09 7.35 11.18 17.50 23.03 27.17 28.12 25.90 22.50 18.53 15.28 13.67 12.84 12.19 17.66 16.99 15.71 15.51 15.64 14.28 13.28 12.33 12.58 4.35 5.85 8.28 10.64 12.31 1.38 5.77 9.07 10.29
2.73 3.54 1.14 4.82 3.27 2.46 2.28 2.01 1.43 0.88 0.80 1.60 2.34 2.90 2.53 4.96 5.01 6.00 6.28 8.36 13.95 20.77 26.59 30.63 23.50 25.93 30.82 28.75 26.02 25.82 29.21 31.35 32.96 27.62 22.00 18.28 13.33 10.07 13.11 15.77 17.06 16.60 16.42 15.37 17.99 15.49 14.15 2.07 2.66 2.84 2.49 8.89 16.09 21.43 23.09 22.83 20.05 16.25 13.80 12.04 11.54 11.09 18.06 17.96 15.70 15.11 15.67 9.34 3.77 3.66 4.18 5.81 8.12 3.57 5.97 8.81 9.34 8.49 7.83
