examples/cougarCreek-fire/createInputs/WindNinja/wrfout_d3.2015080912.f17/cougarCreekFire_08-10-2015_0500_217m_non_neutral_stability_ang.asc
ncols	146
nrows	140
xllcorner	610065.000000
yllcorner	5095217.000000
cellsize	216.586807
NODATA_value	-9999.000000
[rows 0 to 43 of 140, columns 0 to 95 of 146]
150 195 193 194 162 208 216 225 248 274 292 304 312 310 331 301 292 304 282 281 280 296 313 325 331 329 322 319 322 323 314 280 292 292 291 291 294 297 295 289 286 284 278 272 273 274 269 260 254 255 244 240 228 235 225 226 235 223 212 215 210 224 212 214 213 228 215 216 216 220 221 217 217 218 216 201 188 190 193 194 196 198 201 202 204 206 210 210 212 218 225 230 234 251 255 254
150 195 193 194 162 208 216 225 248 274 292 304 312 310 331 301 292 304 282 281 280 296 313 325 331 329 322 319 322 323 314 280 292 292 291 291 294 297 295 289 286 284 278 272 273 274 269 260 254 255 244 240 228 235 225 226 235 223 212 215 210 224 212 214 213 228 215 216 216 220 221 217 217 218 216 201 188 190 193 194 196 198 201 202 204 206 210 210 212 218 225 230 234 251 255 254
157 149 162 185 168 145 160 246 133 157 175 201 317 278 179 187 172 110 50 310 309 305 308 316 325 330 243 251 307 304 297 198 298 283 295 293 233 260 277 254 258 254 243 240 250 261 253 244 249 245 235 223 225 234 221 218 228 222 213 220 228 212 213 219 223 218 214 215 223 212 209 210 208 214 210 212 207 186 193 195 198 201 202 203 203 203 204 204 206 209 214 224 227 222 217 223
190 160 164 178 175 159 145 135 138 238 192 215 289 294 236 235 174 135 118 28 334 313 297 304 312 309 251 247 308 302 238 216 187 203 211 223 227 237 243 236 239 238 233 233 232 239 232 223 227 225 223 224 229 231 215 209 222 202 204 209 209 203 201 211 212 201 209 205 222 202 224 205 201 201 197 202 199 180 192 196 201 204 205 205 202 200 200 199 200 199 204 214 219 216 217 212
201 150 172 173 176 158 173 136 265 270 178 211 302 311 292 230 177 129 129 106 358 313 298 248 301 312 308 215 238 237 234 229 181 204 208 209 215 221 239 240 236 231 230 230 228 230 220 213 218 222 227 228 228 224 226 224 213 196 198 205 203 205 201 213 205 204 203 200 200 222 203 190 190 191 204 206 176 180 189 195 201 203 205 206 203 200 200 200 199 199 203 211 215 217 218 214
184 144 181 163 179 173 161 153 153 152 182 207 271 302 290 288 187 110 115 359 354 312 294 223 246 308 300 211 227 233 239 223 181 203 201 204 209 216 230 236 229 223 229 228 218 219 216 213 222 228 226 224 228 221 220 209 195 193 200 194 206 205 206 209 199 202 215 214 219 199 191 188 191 189 188 183 207 181 185 191 199 201 204 206 205 203 202 201 200 200 204 209 213 213 207 203
172 145 180 197 173 182 170 206 157 169 179 220 234 293 302 287 202 144 343 343 330 318 289 276 234 307 224 220 224 238 243 206 191 216 201 195 210 211 228 228 224 224 229 226 215 220 223 227 202 216 215 215 226 222 206 200 196 192 199 203 204 208 212 194 192 210 216 214 202 193 197 204 185 190 190 205 179 181 183 187 196 200 203 207 208 206 205 203 201 202 205 208 212 213 212 216
169 162 158 162 176 181 171 152 153 261 186 221 236 270 279 287 232 206 137 331 309 302 286 277 231 297 297 210 223 290 234 192 211 228 193 188 206 210 216 219 217 220 220 217 218 227 229 210 215 215 225 218 215 208 204 207 200 198 204 206 208 214 203 188 203 213 214 211 197 201 189 188 216 204 184 192 181 184 184 185 193 198 202 207 209 208 207 205 203 205 207 209 213 216 219 225
180 169 176 174 177 185 183 177 168 174 189 271 274 243 288 294 283 213 156 327 295 289 288 278 211 286 288 217 224 241 229 200 225 222 186 192 208 207 201 201 209 215 210 207 208 218 219 215 216 214 212 218 219 212 207 204 199 203 208 210 209 198 191 193 206 210 213 208 204 212 190 211 193 186 199 203 185 187 185 184 189 196 201 206 209 210 209 207 207 208 209 213 217 222 226 232
190 179 172 164 173 167 176 183 186 199 207 213 234 243 248 276 278 284 159 322 295 284 289 276 270 230 284 226 212 228 232 205 211 204 185 194 204 197 196 199 211 216 206 205 216 196 205 205 207 210 216 222 222 214 206 201 201 203 208 203 189 185 198 204 207 207 207 206 208 211 204 188 189 198 201 181 187 187 184 184 188 194 200 206 210 211 211 211 212 212 213 217 223 228 233 239
244 198 184 174 169 169 175 181 191 200 207 224 237 246 272 274 276 271 175 139 295 164 290 281 274 225 286 230 212 236 238 202 210 205 182 186 191 190 194 201 214 214 192 216 217 193 206 205 213 215 208 220 211 197 193 197 199 198 198 185 184 193 207 208 201 199 204 205 208 210 203 196 198 195 193 180 184 185 184 185 189 194 200 206 210 212 213 215 217 217 219 224 230 235 238 243
246 206 203 190 184 174 174 182 193 202 211 226 236 243 247 244 282 260 192 165 287 167 288 292 279 236 277 221 212 237 231 201 210 197 180 181 183 187 194 198 202 187 205 183 191 194 210 209 216 221 223 212 197 190 194 201 199 197 193 180 187 204 209 206 202 208 176 179 183 185 207 200 183 194 178 177 179 183 185 187 190 195 201 206 210 213 215 218 221 223 227 234 240 241 243 247
204 204 203 206 194 191 171 179 198 195 214 225 232 235 267 272 276 208 177 168 161 172 177 300 290 278 273 221 215 264 221 201 197 204 179 177 180 186 189 201 191 180 176 209 192 212 206 211 219 214 210 204 189 187 201 207 203 202 197 184 192 172 214 208 163 166 169 172 177 183 186 186 188 189 174 174 176 182 187 189 206 196 201 206 210 214 217 221 224 227 233 244 253 253 252 255
235 233 219 189 191 194 184 233 243 245 219 216 218 225 257 267 276 227 185 170 161 170 193 162 302 287 230 217 226 248 224 204 185 182 173 172 180 181 189 189 194 184 186 189 214 204 203 214 214 208 203 198 190 190 207 210 211 210 207 209 198 171 166 216 220 222 216 212 211 199 178 179 177 172 170 172 176 182 187 190 192 196 201 206 210 214 219 223 226 231 237 247 258 274 269 264
231 210 215 190 191 189 189 175 172 245 245 219 215 215 219 261 271 271 209 195 192 185 201 186 317 294 223 223 229 250 226 200 174 176 167 168 177 175 173 180 191 196 198 213 207 200 208 214 219 213 198 197 196 197 209 208 213 217 213 216 224 228 230 216 207 194 189 188 184 156 174 201 173 186 166 171 177 181 185 190 193 196 200 205 210 216 221 225 229 234 241 247 255 281 280 270
128 147 172 176 183 193 196 199 187 178 242 219 214 214 220 229 254 254 214 211 213 203 208 204 154 167 214 221 231 247 215 181 176 172 165 169 167 164 164 178 223 203 201 213 206 208 214 222 220 207 192 201 207 206 205 208 219 221 211 211 218 218 202 194 185 179 189 182 166 189 202 157 165 163 161 166 176 180 210 187 192 195 200 205 210 217 223 227 230 235 243 248 253 276 279 263
123 138 172 185 184 199 199 201 200 181 179 208 217 211 212 239 241 221 209 204 208 202 208 286 180 173 206 230 278 234 198 172 178 175 167 168 155 156 164 191 196 202 201 197 212 213 219 220 212 201 195 211 219 216 209 220 233 213 215 214 212 200 187 185 177 182 197 177 193 191 172 147 155 156 151 155 170 178 179 183 188 194 199 206 212 219 225 228 230 235 242 247 250 265 305 322
125 130 162 186 189 176 195 201 203 196 172 208 227 231 217 239 236 235 206 230 205 199 211 250 201 185 208 230 274 218 186 175 174 168 171 162 144 149 166 198 192 199 200 215 215 217 218 218 208 206 214 225 227 215 213 234 232 204 219 213 201 195 192 197 196 203 213 196 161 167 225 198 188 197 205 213 154 171 178 182 205 192 200 207 215 222 228 230 231 234 239 245 246 237 265 311
152 146 164 188 195 182 186 202 207 201 182 203 231 222 208 207 214 211 201 204 206 192 204 213 206 197 215 232 222 205 187 179 170 146 171 155 138 148 174 196 207 215 196 195 215 217 219 215 207 210 223 229 223 202 217 226 207 204 215 198 190 202 214 207 203 216 238 133 173 233 204 179 181 171 184 200 195 154 170 178 183 190 198 207 216 224 229 231 232 235 240 245 243 226 239 283
182 170 176 193 197 192 191 208 210 204 193 218 211 210 209 221 216 213 205 198 215 202 202 189 202 208 252 229 214 200 192 181 179 188 148 140 135 146 172 194 205 212 192 193 216 217 217 217 217 222 223 218 198 209 219 207 202 203 202 198 196 207 211 197 211 215 217 231 228 211 187 185 194 140 147 216 228 219 220 218 176 186 194 204 214 223 229 232 233 237 244 246 239 223 229 269
249 191 185 196 192 189 190 201 207 202 195 220 215 198 207 216 221 214 210 196 214 198 195 235 209 207 251 227 212 200 191 186 179 180 139 135 132 139 161 197 185 189 192 193 219 218 219 219 227 228 222 213 204 224 202 192 202 205 209 201 199 207 198 190 200 213 217 211 177 225 167 194 193 177 140 232 231 209 205 225 215 179 188 200 213 223 229 232 234 239 244 246 235 217 224 235
206 197 194 192 195 189 197 203 208 207 197 210 223 202 197 215 212 208 217 209 205 198 178 179 190 206 223 216 212 203 190 186 183 182 127 126 144 131 169 171 183 191 195 195 220 219 223 223 226 209 216 208 217 209 195 195 200 216 218 196 201 206 198 200 184 224 225 235 170 183 187 182 180 130 182 193 206 220 206 214 148 167 182 196 213 225 230 232 236 240 244 242 232 220 208 217
140 154 165 184 188 182 193 194 207 207 197 211 229 221 181 204 211 211 222 207 199 195 185 176 187 207 221 215 217 214 195 192 202 177 109 112 116 124 168 163 180 192 197 197 220 219 221 223 213 204 206 201 201 189 194 200 199 212 206 195 208 209 213 199 199 215 200 196 198 158 150 175 208 116 249 214 192 208 221 232 253 149 172 193 213 225 231 234 239 243 244 239 231 225 219 225
141 133 133 218 170 174 182 194 203 208 205 207 220 219 210 193 198 202 209 212 206 199 183 184 225 207 238 218 221 218 195 191 188 169 125 106 111 120 165 160 177 188 195 221 221 226 224 218 204 205 198 197 197 194 197 200 194 192 194 212 224 223 210 203 198 201 193 184 170 145 187 130 225 200 192 198 211 207 182 223 207 217 154 185 210 226 233 238 244 248 247 242 236 232 227 238
242 89 217 216 141 161 183 196 201 215 212 203 214 223 213 199 201 207 205 208 206 202 191 160 196 196 222 224 213 203 190 187 180 169 146 108 110 132 166 162 178 226 220 225 225 218 214 216 211 208 196 196 198 200 203 215 219 224 226 205 201 222 189 181 192 204 191 189 180 189 208 204 198 189 232 207 205 250 115 127 219 238 137 168 204 227 237 245 252 253 250 247 240 234 234 250
290 85 113 136 156 161 178 188 198 216 214 212 209 215 213 207 200 206 202 198 207 202 191 170 162 195 222 228 193 188 196 197 187 173 154 106 109 147 174 162 179 224 225 226 223 226 225 224 213 206 196 199 202 204 207 227 232 234 205 206 203 210 187 218 225 209 202 207 233 131 238 231 223 238 119 285 106 267 287 112 123 125 131 150 196 229 241 249 256 258 254 250 241 260 265 259
216 106 227 115 159 169 156 180 190 215 216 209 207 202 215 211 203 206 200 194 203 203 189 172 166 190 219 231 186 185 204 201 190 175 148 121 140 156 179 212 217 215 217 217 216 219 219 214 208 198 200 203 204 206 207 205 201 202 206 206 217 211 206 212 213 221 195 185 160 119 293 78 78 98 309 101 100 99 290 297 106 115 126 140 184 224 239 247 253 257 265 258 246 268 272 269
83 81 89 104 126 146 150 145 175 217 212 207 212 196 207 201 200 206 201 195 203 200 187 166 161 180 205 221 194 193 203 193 181 160 147 145 149 163 187 203 208 207 209 213 215 214 211 213 214 201 204 207 205 204 206 204 204 204 203 204 202 221 204 205 202 163 205 205 228 215 208 214 275 319 48 14 21 318 75 278 250 244 114 132 164 209 234 245 249 249 260 265 260 259 260 266
115 111 111 105 102 123 165 170 154 186 222 210 235 180 195 195 194 202 198 194 203 199 184 156 143 174 184 204 201 199 198 184 171 160 156 158 161 174 188 200 207 209 212 217 222 225 224 224 210 202 206 209 205 205 206 206 206 204 206 209 211 211 252 218 224 226 225 220 243 228 222 234 259 293 298 288 280 290 301 231 183 215 97 117 146 190 233 247 249 245 237 236 243 249 252 255
130 122 118 107 100 107 131 175 177 181 204 218 216 211 176 189 196 201 197 193 200 196 177 161 121 116 154 193 199 202 195 177 169 168 165 163 171 182 184 200 209 216 223 227 224 221 224 216 202 201 204 209 206 204 206 205 212 212 212 212 215 214 218 221 228 231 253 252 253 255 247 219 128 115 126 144 144 143 135 124 125 122 275 96 111 153 240 250 249 247 239 222 215 250 249 243
171 146 135 133 124 110 109 133 175 186 216 214 206 240 190 180 200 209 212 210 212 207 180 165 130 115 142 179 192 199 191 181 177 177 176 177 186 175 185 208 217 227 236 232 220 216 213 192 196 196 201 209 210 210 215 219 216 212 211 230 233 239 222 251 248 236 226 223 201 190 170 100 91 123 122 143 130 129 125 125 117 71 337 79 76 80 250 253 252 249 241 229 216 226 230 241
277 206 133 118 121 108 104 121 168 169 185 228 209 196 189 176 193 199 209 215 222 221 200 182 140 130 141 169 188 196 193 180 188 187 192 197 188 175 191 218 231 240 244 244 238 224 214 184 190 196 202 211 218 219 217 214 207 205 207 230 238 248 230 248 242 238 240 240 240 237 233 259 316 331 333 330 330 312 179 113 80 100 79 81 91 100 224 256 254 250 241 231 223 223 224 239
279 244 244 138 116 125 123 120 128 200 174 190 191 200 191 161 168 182 188 201 213 216 209 195 159 136 142 158 179 192 193 190 197 199 202 195 180 181 202 219 235 251 256 255 253 245 234 177 183 194 201 209 215 213 208 206 203 204 230 231 234 241 247 252 260 238 244 245 252 279 323 338 3 316 226 94 325 28 86 83 80 77 77 83 97 117 192 256 255 249 241 231 224 217 234 241
252 257 284 262 174 166 146 128 121 121 163 217 235 226 171 151 145 155 160 172 184 190 197 198 167 136 141 150 168 187 196 199 208 209 210 205 196 204 229 246 259 264 264 267 282 287 290 166 168 183 196 204 209 209 206 207 208 210 214 219 223 247 254 262 266 266 267 273 278 276 223 92 87 85 83 314 331 344 23 78 76 20 72 74 78 81 169 260 257 250 243 234 226 223 247 253
278 276 193 285 276 168 158 158 155 150 153 255 187 196 233 145 134 130 119 121 145 160 168 175 179 152 147 152 162 183 202 212 221 222 225 231 238 260 285 293 289 287 291 294 296 309 317 40 64 82 164 208 218 219 216 217 217 218 222 225 234 234 253 249 248 251 253 232 165 146 122 107 99 257 355 356 352 338 340 358 23 2 68 343 69 64 42 275 260 254 247 237 228 228 241 246
76 81 88 154 286 293 110 64 24 7 355 359 6 360 164 247 188 185 204 162 150 146 149 146 153 151 153 153 160 183 212 225 234 238 239 244 261 276 279 279 281 286 292 293 294 298 308 320 344 21 16 360 292 250 241 235 231 229 231 257 254 250 231 227 204 199 190 180 172 166 155 132 199 98 326 338 341 347 352 350 346 65 33 28 65 64 54 314 268 259 253 243 231 231 243 245
100 94 106 152 293 307 311 13 359 352 354 3 7 11 21 61 97 133 145 133 122 128 126 124 108 105 137 143 154 192 230 239 244 240 236 237 243 293 311 311 307 303 299 288 302 296 295 309 327 5 5 4 351 326 299 280 264 252 244 242 238 237 235 255 228 194 184 176 171 220 171 157 129 105 87 78 74 71 51 64 61 38 25 23 61 62 63 25 276 263 257 251 237 230 250 253
93 97 112 359 336 320 332 352 348 339 344 355 357 355 348 354 2 355 3 22 45 72 88 81 77 65 61 92 108 254 271 274 271 262 260 263 262 261 270 286 333 296 313 302 296 352 354 311 312 330 342 0 354 352 338 323 312 305 293 280 235 226 218 210 203 191 178 171 168 169 173 170 251 135 111 92 82 76 72 68 64 32 36 346 9 61 71 65 275 260 256 251 242 230 232 233
287 283 231 323 332 327 310 310 345 339 353 344 342 339 342 346 343 343 353 5 11 22 32 42 45 44 36 29 17 334 304 297 294 302 312 318 324 315 334 328 321 318 353 348 349 352 353 357 298 320 323 337 335 348 347 343 340 337 335 332 327 326 326 327 266 336 129 127 137 145 149 155 153 146 135 119 101 89 80 72 68 64 60 58 54 34 62 63 105 251 250 246 243 237 218 220
300 46 347 326 324 330 301 342 341 348 348 343 343 342 347 348 344 343 347 352 351 2 17 25 23 28 29 8 10 349 321 308 310 315 323 327 330 338 346 354 355 342 5 5 340 328 323 315 310 309 311 316 318 318 322 336 336 337 342 343 346 346 344 342 344 348 354 6 12 14 19 59 75 95 106 113 111 102 93 80 71 65 61 58 56 344 53 54 62 250 249 244 237 238 232 232
312 358 339 328 298 298 302 343 344 344 351 345 344 341 346 343 339 341 341 346 356 5 6 10 11 18 15 6 2 352 333 323 320 320 318 313 319 326 330 349 353 355 359 14 16 13 8 4 3 332 330 330 318 311 355 349 299 294 344 296 311 339 345 343 344 344 347 359 5 8 11 18 24 49 59 68 79 92 99 95 79 67 61 57 54 359 36 49 58 354 257 247 236 228 227 222
300 307 326 322 295 298 305 342 343 349 350 345 337 333 337 336 333 338 351 8 12 4 353 348 4 17 16 5 354 342 332 331 319 311 306 309 319 323 323 322 336 336 334 340 344 352 7 7 352 352 347 351 1 345 336 332 330 329 350 350 328 341 341 338 338 338 336 326 323 326 332 348 12 18 24 30 53 63 81 92 86 72 62 57 52 47 348 40 58 58 280 257 242 227 216 223
319 348 346 326 315 303 338 342 345 347 345 340 334 330 331 333 337 354 14 13 0 349 338 336 5 13 7 360 346 325 316 327 333 318 309 311 317 321 322 321 325 333 334 332 329 328 332 340 347 5 350 350 358 357 352 5 5 351 350 343 359 340 328 269 281 290 313 3 27 48 48 43 60 85 81 48 13 36 62 72 75 69 63 58 56 52 46 335 34 44 335 280 254 234 222 226
304 308 359 303 302 310 340 336 342 346 336 328 320 320 323 333 341 353 359 356 342 329 325 334 1 1 351 347 342 315 308 311 333 336 330 321 317 318 321 322 323 325 326 322 316 318 325 334 338 344 345 343 347 350 348 346 339 332 305 285 279 350 19 349 339 3 145 142 29 106 41 44 46 48 49 85 90 110 15 59 64 61 58 59 60 59 53 44 32 28 5 312 278 249 233 231
