examples/cougarCreek-fire/createInputs/WindNinja/wrfout_d3.2015080912.f17/cougarCreekFire_08-10-2015_0500_217m_non_neutral_stability_vel.asc
ncols	146
nrows	140
xllcorner	610065.000000
yllcorner	5095217.000000
cellsize	216.586807
NODATA_value	-9999.000000
[rows 35 to 69 of 140, columns 0 to 78 of 146]
6.62 4.63 2.50 2.28 3.98 3.75 1.67 2.30 2.22 2.55 3.56 4.91 3.56 1.35 1.64 1.59 1.84 2.90 3.43 7.28 13.00 18.20 22.55 31.35 28.34 25.57 26.37 24.46 22.70 21.19 23.49 27.78 30.87 26.51 22.13 18.25 15.14 14.78 15.19 16.33 17.55 17.60 18.02 17.05 14.73 16.39 18.35 18.27 18.64 7.47 7.62 6.39 5.48 10.46 13.38 16.51 17.26 15.61 14.04 19.44 18.50 19.01 12.23 11.71 7.18 6.56 6.11 6.25 6.93 7.32 6.66 6.52 4.27 9.18 7.38 8.94 9.51 8.79 8.71
5.18 4.68 2.87 1.68 5.50 7.13 7.02 3.03 4.83 5.61 6.25 7.14 6.69 5.79 4.07 2.97 3.11 4.10 5.56 7.94 11.36 14.28 17.80 21.40 23.35 17.76 15.41 17.71 16.71 14.55 18.90 24.59 29.97 28.23 23.01 20.78 18.48 6.23 7.44 8.23 8.82 10.05 11.19 17.02 17.68 17.62 16.09 16.47 21.11 11.93 11.95 11.96 10.83 8.95 9.01 10.42 11.23 11.07 11.07 10.99 10.64 10.54 10.53 16.72 11.46 8.70 9.18 10.01 10.78 13.03 9.59 7.82 7.24 7.47 9.29 11.11 12.28 13.29 6.78
6.46 5.23 2.18 0.14 2.76 6.13 5.48 7.17 7.64 8.33 8.49 8.12 8.67 9.19 8.58 7.91 7.39 5.85 4.70 5.74 8.13 10.76 12.72 14.96 14.07 13.89 15.79 11.46 6.64 5.62 16.07 26.32 28.64 25.74 22.25 20.24 19.50 17.70 16.57 15.81 11.28 15.37 11.57 11.79 11.30 10.54 11.24 14.14 19.15 20.83 24.31 14.65 14.66 21.88 12.54 11.55 10.46 9.02 7.74 7.11 6.78 6.86 6.94 7.07 7.17 7.47 8.30 9.17 9.73 9.75 9.59 9.33 13.26 7.59 7.90 9.78 11.19 12.25 12.95
0.90 2.83 0.44 3.28 6.54 9.33 10.04 9.86 10.06 9.82 9.49 9.77 10.88 10.95 10.58 10.30 10.08 9.51 8.18 8.20 9.75 11.02 12.70 13.75 15.08 15.97 18.99 16.56 13.50 13.45 18.67 23.25 31.68 27.65 24.10 21.22 15.96 6.59 7.77 22.45 24.15 22.05 14.01 12.25 11.50 11.56 11.39 11.60 13.80 16.53 23.08 24.64 26.81 24.31 21.60 21.21 20.42 19.70 11.79 10.32 9.28 8.41 8.07 7.65 2.01 5.66 1.69 2.87 3.61 4.08 4.62 5.74 7.28 8.20 8.67 9.07 9.83 10.67 11.28
2.74 1.92 4.08 6.87 9.20 10.71 9.74 10.10 9.17 9.39 9.20 10.24 11.03 10.57 10.78 11.05 11.14 10.40 9.72 9.11 9.12 10.22 12.09 14.30 15.94 17.37 18.08 14.07 19.38 18.27 21.17 24.45 28.67 30.42 29.85 29.18 27.53 25.64 24.21 14.14 15.62 28.01 18.14 16.61 20.93 24.65 24.17 20.73 19.13 18.57 18.04 20.02 20.12 23.17 27.94 25.94 23.99 23.02 22.73 16.92 15.46 13.91 13.42 14.11 13.95 13.68 14.27 12.65 12.59 11.91 11.02 5.39 5.17 5.56 7.17 8.24 9.22 9.88 9.56
5.53 6.76 8.78 11.01 12.65 11.65 10.07 9.78 9.48 10.56 10.44 10.48 10.78 11.55 12.95 12.83 12.79 12.20 11.01 9.91 10.42 11.39 11.71 13.26 13.51 14.78 16.48 13.90 14.27 18.86 22.24 25.04 28.79 29.90 29.61 31.33 30.13 28.92 30.24 23.59 23.20 24.71 25.22 20.43 21.54 21.41 20.35 19.38 17.77 26.51 25.56 23.70 21.43 18.35 15.35 14.73 21.28 21.79 12.45 20.08 25.80 23.72 19.10 18.11 17.26 21.88 21.93 17.15 17.85 17.72 17.27 16.61 16.33 9.71 10.16 10.33 9.41 9.43 9.47
6.58 7.49 9.71 11.50 12.93 11.73 10.38 10.11 11.04 11.79 12.33 13.66 14.71 15.49 16.15 14.94 13.68 11.72 9.61 9.18 11.25 13.14 13.18 13.14 12.95 15.63 17.72 17.59 17.43 19.37 20.75 25.46 32.16 30.99 30.47 32.52 34.23 32.93 29.11 28.37 30.56 29.53 28.78 29.07 31.29 30.64 24.22 23.78 32.80 32.11 31.16 30.45 20.54 30.02 27.54 26.73 23.21 22.31 11.43 10.49 22.74 20.11 22.25 23.67 24.16 24.46 24.16 22.50 19.86 20.04 20.18 23.54 20.04 21.09 19.82 20.51 13.55 11.36 9.48
5.61 7.48 8.73 8.79 10.11 12.43 11.16 11.27 13.12 14.40 15.63 16.82 17.40 17.51 16.82 15.87 13.76 11.19 10.39 11.71 14.03 16.22 16.21 13.39 11.89 16.52 19.97 19.89 21.03 22.01 18.93 19.37 27.67 32.31 33.07 34.68 34.34 32.31 30.11 29.49 31.11 31.12 30.07 29.03 28.69 27.64 30.61 33.94 36.05 26.33 34.66 33.41 31.92 30.99 29.21 15.19 13.58 24.80 23.44 23.19 10.39 23.94 24.11 11.65 3.87 1.67 0.77 0.85 0.79 2.07 2.86 2.86 3.73 4.87 5.24 2.36 16.68 20.57 10.98
6.09 5.64 5.87 14.00 15.03 14.30 12.51 14.48 16.11 16.82 18.82 20.77 19.73 18.07 17.37 16.47 14.53 14.09 14.35 15.93 17.44 18.26 16.65 13.53 12.65 17.64 21.17 20.84 21.53 23.12 21.72 17.61 17.63 26.23 33.33 36.77 35.27 32.57 30.53 28.20 26.90 27.62 27.09 24.76 22.16 24.00 27.44 29.15 31.29 33.60 33.09 32.64 34.82 33.33 30.64 29.73 28.29 27.49 18.29 8.75 5.29 2.05 1.76 1.36 0.76 0.56 0.88 1.70 5.32 2.79 7.77 8.95 10.03 11.18 12.34 6.33 5.50 2.84 12.50
9.75 11.02 14.25 13.42 16.83 16.75 14.86 17.49 19.27 21.19 23.07 21.18 17.92 16.55 16.54 15.73 15.02 15.17 15.40 18.14 19.84 18.63 15.81 14.35 15.04 18.40 20.06 19.22 22.44 24.61 25.66 22.60 21.72 23.51 24.82 30.35 35.16 33.24 29.98 27.40 24.00 20.45 16.99 15.90 19.13 25.09 31.24 33.82 34.95 32.64 29.45 29.06 30.28 28.21 23.98 16.72 7.33 8.39 7.68 6.35 4.64 3.39 2.62 4.55 3.11 2.40 2.62 3.00 3.17 3.84 5.25 6.49 7.66 8.71 9.36 10.07 11.50 11.79 1.05
7.17 8.73 14.88 18.39 18.92 18.11 19.07 19.95 21.98 23.94 18.68 15.81 13.59 13.78 14.94 14.89 14.68 12.42 13.25 16.89 19.53 19.79 18.34 18.36 18.46 18.88 18.06 17.21 22.99 27.60 27.85 24.33 23.25 23.91 22.86 26.37 30.26 33.15 31.71 27.23 19.30 17.45 16.42 19.58 25.81 28.97 32.06 29.46 29.53 31.35 27.21 16.47 11.05 7.68 6.86 6.99 12.19 10.61 8.71 6.29 5.33 7.18 5.21 3.54 2.34 2.10 3.66 2.89 3.87 3.74 9.69 3.51 2.45 1.44 1.19 0.98 8.84 1.99 2.16
16.66 17.69 18.84 19.44 19.71 20.25 21.85 22.51 23.40 19.05 15.22 12.47 13.42 14.64 15.16 14.01 12.13 11.10 15.35 18.97 20.68 22.47 21.30 19.74 19.40 18.50 16.08 17.06 23.67 27.95 27.16 25.07 25.35 25.36 25.74 22.60 25.92 32.22 33.42 29.04 24.49 22.69 24.49 27.45 29.95 34.13 32.66 25.56 18.87 9.46 14.20 13.54 11.00 8.83 8.28 9.32 12.16 14.99 13.75 11.92 10.63 9.31 7.47 5.49 3.71 2.91 3.76 4.94 2.29 4.54 5.21 5.80 6.02 3.80 3.81 6.27 7.87 4.19 3.55
20.93 19.69 18.31 18.06 20.30 21.59 20.66 21.00 19.92 17.22 13.01 13.44 13.90 14.16 13.05 11.46 13.82 16.50 19.45 23.01 23.65 23.17 19.54 16.30 14.21 14.00 13.93 16.36 22.35 25.06 24.72 25.06 25.07 27.98 27.92 21.33 21.36 28.26 31.77 32.48 30.75 29.73 30.49 30.85 35.10 29.06 25.70 19.78 16.79 16.21 16.47 14.64 11.32 9.11 9.35 10.99 16.03 18.58 17.67 15.98 11.35 8.98 7.67 6.64 6.16 4.56 2.80 2.68 5.50 5.29 5.59 4.29 4.01 4.37 6.12 7.85 8.22 8.75 10.60
23.03 21.21 20.03 21.68 21.74 20.68 17.86 17.47 15.78 15.24 13.72 14.12 14.24 13.74 13.88 19.32 21.48 23.26 23.82 25.76 24.90 22.11 16.71 13.65 12.21 12.94 13.82 15.46 18.27 21.58 23.66 24.66 26.24 30.64 29.23 18.64 19.54 25.20 28.17 35.30 34.18 29.03 28.49 28.57 32.35 26.13 18.98 16.08 14.98 17.03 19.57 19.66 17.67 16.22 16.32 17.96 20.22 21.31 20.53 19.30 17.99 16.24 13.82 11.10 8.75 7.04 6.19 6.12 5.59 4.77 4.32 9.86 5.14 6.46 10.69 8.13 9.68 8.84 8.72
24.16 23.16 21.84 20.44 18.89 17.65 16.00 14.87 15.40 15.37 14.74 15.10 16.22 18.19 23.48 24.28 26.24 26.90 27.23 26.79 24.01 21.50 17.57 15.23 15.85 16.16 16.04 16.72 17.73 21.61 23.71 23.61 27.43 29.73 29.29 19.25 13.48 21.07 24.77 30.30 20.23 31.06 23.82 26.29 30.08 29.60 24.68 19.71 19.78 22.47 24.77 24.08 22.21 20.25 19.75 20.92 21.35 21.47 21.49 20.99 20.04 18.99 17.13 13.94 10.48 8.56 7.33 5.91 10.16 10.24 8.45 3.66 4.42 4.83 5.59 6.62 6.98 5.97 9.87
25.79 24.44 21.15 17.96 15.38 12.49 13.92 16.17 16.77 16.28 15.07 15.84 19.71 24.78 27.80 28.11 26.97 26.12 24.43 23.93 23.22 21.21 18.95 18.21 17.33 17.20 15.95 16.97 20.84 23.22 24.19 24.07 28.83 31.33 29.06 17.14 9.87 17.03 21.43 24.57 26.84 26.67 26.70 25.38 26.61 30.62 29.49 26.43 27.07 28.00 28.30 26.88 23.97 21.02 19.52 19.34 19.13 20.06 21.41 22.06 21.32 20.17 18.93 16.50 13.46 11.05 9.34 8.16 7.85 7.56 7.01 6.65 6.51 4.99 6.88 4.57 8.52 9.21 9.94
27.64 24.12 19.20 15.42 12.74 16.00 18.49 18.90 18.42 17.76 19.23 24.69 25.93 29.97 28.49 27.12 24.90 23.35 22.02 22.84 23.39 21.45 19.52 18.70 14.12 13.07 12.71 14.82 22.47 24.36 24.45 26.47 30.68 32.53 29.41 17.25 12.18 14.22 17.31 19.82 22.71 23.82 22.93 22.66 22.11 26.18 25.12 24.11 24.30 25.06 25.85 25.65 24.64 23.38 21.09 18.14 17.78 19.52 20.60 21.73 21.99 22.57 20.25 18.84 16.57 14.11 11.92 9.94 11.59 9.38 8.68 8.51 8.70 9.32 11.31 8.02 8.83 9.56 10.24
27.97 23.64 18.46 16.60 18.82 20.26 20.19 20.54 21.23 21.49 24.50 29.65 32.48 31.38 28.52 24.31 22.05 21.43 22.56 23.98 23.83 21.58 19.13 13.61 13.56 11.82 14.82 20.48 25.67 26.65 25.66 27.98 31.15 31.82 28.47 16.67 13.16 14.86 16.39 18.84 21.40 22.02 21.20 21.88 22.90 19.80 21.08 17.91 17.50 19.72 21.53 22.27 23.76 24.87 21.36 19.55 20.54 21.37 21.89 22.08 21.78 22.68 24.48 21.18 19.61 17.55 14.65 12.62 14.81 15.31 10.42 8.80 8.25 8.25 8.47 8.81 9.45 10.15 11.05
27.16 24.78 20.30 21.12 22.41 23.20 23.26 23.40 24.07 26.03 30.48 29.19 28.81 24.67 22.53 21.40 20.38 20.18 22.91 24.74 24.40 24.01 20.88 18.98 16.58 16.40 21.96 26.63 28.71 27.89 25.08 25.00 29.79 32.13 25.11 16.17 12.63 14.93 17.16 17.77 18.49 18.01 18.08 20.55 22.25 21.95 23.32 21.82 20.32 20.46 19.71 20.58 20.99 20.39 18.06 17.76 21.64 24.66 25.12 24.56 24.49 25.70 26.17 25.45 24.42 23.57 16.94 19.08 17.56 17.70 18.12 17.13 16.55 16.70 16.09 15.25 14.60 7.05 11.61
27.01 25.64 23.09 26.25 26.82 24.80 23.66 24.01 26.56 29.20 29.44 23.14 20.49 18.53 18.23 19.81 20.53 21.05 23.61 25.23 25.23 24.26 21.84 19.63 20.49 23.39 26.01 26.03 26.42 26.34 22.28 21.30 29.00 32.90 26.51 18.32 16.62 19.33 17.99 17.61 17.51 16.16 14.40 13.91 14.25 15.85 17.65 17.20 16.08 17.25 21.03 26.86 21.26 18.95 16.29 16.76 21.37 25.04 25.48 24.61 24.36 24.17 24.19 23.73 23.63 24.02 23.19 20.74 18.91 18.02 18.20 18.86 19.04 10.53 16.69 13.68 12.02 11.62 13.78
29.08 26.30 25.57 29.00 23.30 19.40 21.35 26.70 31.25 30.93 25.32 18.26 16.28 16.78 18.87 21.27 23.02 24.94 27.50 27.96 26.02 23.62 20.88 19.21 20.65 23.72 22.03 21.36 25.50 25.99 22.59 22.71 30.37 33.49 29.70 18.09 16.38 17.08 18.89 18.93 16.22 15.83 14.60 7.25 9.04 10.77 11.50 12.62 13.86 15.82 18.16 20.25 27.16 20.08 19.24 19.22 21.38 22.20 22.20 22.11 21.83 22.91 16.52 9.89 18.76 18.00 15.11 21.17 6.64 13.80 13.32 13.33 7.00 18.00 10.23 9.75 15.01 15.76 2.26
32.34 26.18 20.08 21.49 17.05 13.72 20.21 30.89 27.29 22.96 18.30 15.87 13.49 15.12 16.81 20.54 23.86 27.41 31.08 29.51 25.58 22.71 19.58 18.48 19.75 19.93 17.15 20.69 26.68 26.94 21.42 21.12 29.14 34.30 31.25 17.87 15.96 17.54 19.47 16.08 16.55 15.69 17.15 7.99 6.43 7.12 8.00 8.15 7.03 8.89 14.86 19.19 20.44 21.91 20.00 21.48 21.56 20.28 18.17 17.60 14.91 17.98 19.75 19.67 19.45 19.31 10.36 17.79 16.74 15.37 14.24 9.50 8.22 1.91 10.68 9.66 9.58 10.50 11.62
29.22 24.44 15.35 11.19 9.69 13.03 26.15 29.96 21.34 13.51 9.91 10.14 13.12 10.06 11.07 15.63 19.40 27.98 34.87 28.59 23.51 20.82 17.41 17.21 19.19 19.05 18.11 23.44 27.72 25.23 18.59 18.22 26.27 32.87 27.89 14.95 14.60 17.00 16.77 15.22 17.46 17.18 16.90 15.92 13.48 4.47 4.43 7.99 6.17 4.05 5.11 9.88 17.05 19.25 17.28 18.17 14.94 13.63 12.83 13.76 14.86 13.92 19.49 19.11 19.06 19.38 19.78 19.63 18.44 16.44 14.43 12.98 2.70 12.13 11.15 10.73 11.04 12.07 12.71
24.36 17.71 13.88 6.77 12.14 24.53 30.27 22.16 13.27 7.72 3.55 7.94 11.33 4.18 3.48 9.73 21.23 35.06 33.00 23.64 22.48 21.36 17.18 16.89 19.10 17.29 18.73 25.13 27.27 21.38 17.81 22.32 28.19 32.09 27.14 14.89 16.44 16.99 11.11 14.80 17.70 17.73 16.29 15.76 14.81 5.94 3.03 5.21 7.53 9.06 6.80 5.35 6.59 12.23 8.82 11.41 15.83 15.15 17.50 17.93 13.54 12.69 14.68 12.91 10.83 10.25 17.98 17.68 16.98 15.91 14.65 8.05 12.30 12.21 12.33 12.71 12.89 13.17 5.76
21.43 14.87 8.93 15.55 21.56 23.74 22.61 15.08 7.73 2.02 4.25 7.43 3.28 9.16 8.37 13.54 29.80 36.09 27.51 18.90 21.88 21.94 19.80 20.45 19.13 16.75 21.10 25.97 24.61 19.51 21.30 26.45 30.68 32.93 32.24 18.80 18.07 19.12 16.22 13.09 16.10 17.58 14.12 14.52 12.90 13.01 11.83 10.72 6.26 10.86 12.63 10.56 9.63 13.32 16.94 17.70 17.72 17.05 16.05 16.09 16.45 16.75 17.15 17.13 17.06 17.01 8.84 7.45 6.04 8.09 14.48 13.42 12.93 13.60 13.94 13.89 13.47 13.14 6.09
19.81 13.03 12.09 17.24 23.22 20.70 15.11 7.36 1.51 7.37 10.86 12.51 12.32 10.81 14.18 28.54 40.52 35.60 21.35 16.28 21.52 22.75 21.78 20.42 17.31 17.77 22.17 23.80 21.05 21.40 25.99 27.89 29.87 31.81 32.12 25.35 14.60 16.76 16.88 17.33 16.01 17.04 15.83 15.75 15.29 12.74 11.87 3.92 6.55 10.39 13.58 11.20 13.97 15.54 17.19 18.10 17.95 17.03 15.75 15.44 15.61 15.69 15.75 15.62 15.57 10.09 11.12 15.10 14.32 13.97 14.50 14.60 14.63 14.74 14.21 13.66 8.03 7.98 13.70
18.17 14.44 9.51 17.50 17.00 15.25 12.08 1.87 8.10 11.54 13.81 13.85 15.97 18.93 28.29 41.10 42.49 30.01 17.60 15.76 21.03 21.77 20.48 17.40 17.15 18.56 20.00 20.16 21.59 25.71 27.80 27.38 28.28 30.51 31.71 27.84 16.12 15.19 16.97 18.79 17.66 17.35 15.81 15.50 16.21 14.54 14.91 15.00 3.61 14.40 14.41 14.37 13.12 11.26 16.29 17.29 17.61 17.17 16.89 16.66 16.33 15.85 15.13 14.31 14.05 14.36 14.90 15.09 14.73 14.71 15.21 15.28 14.76 14.34 9.02 9.02 13.79 14.16 14.12
17.13 12.85 7.51 11.97 9.49 6.69 6.71 7.70 12.82 15.60 13.86 19.37 23.54 30.54 40.77 44.84 36.25 21.16 14.80 21.15 21.20 21.56 21.86 20.70 19.78 19.30 19.87 21.23 24.31 27.48 27.12 25.12 26.84 30.39 31.00 25.35 20.97 16.89 16.27 17.27 18.28 17.74 15.43 14.54 15.78 14.87 13.53 12.54 11.10 10.31 9.88 11.43 14.97 15.02 14.28 14.92 15.59 16.33 16.92 16.85 16.40 15.81 15.12 14.55 14.54 15.03 15.49 15.52 15.13 14.98 14.83 14.42 14.06 13.84 8.25 13.73 13.67 14.10 14.31
18.35 10.24 1.72 0.53 3.30 3.05 11.54 14.98 16.08 16.96 21.33 25.82 31.62 40.87 48.33 43.80 28.20 15.08 12.85 19.43 19.96 20.45 20.11 19.80 18.74 18.73 19.54 22.31 25.94 27.54 26.51 25.35 28.27 31.01 26.92 21.98 19.90 19.38 16.96 17.48 18.27 18.99 17.77 14.42 14.47 13.87 12.71 11.75 11.14 10.11 11.13 12.89 16.30 13.27 12.66 13.43 14.32 15.17 15.84 15.83 15.17 14.64 14.59 15.02 15.56 16.16 16.08 15.36 14.49 13.94 14.01 14.04 13.81 13.52 9.55 12.84 12.78 13.26 13.63
7.10 8.38 2.86 7.62 11.07 11.66 13.47 14.66 20.55 27.50 30.44 32.42 39.83 48.42 48.77 38.53 22.87 14.65 13.57 17.71 17.83 16.40 15.14 15.71 16.02 16.60 17.25 21.77 26.36 27.36 27.12 28.89 29.48 29.95 24.47 20.55 18.94 18.15 17.27 17.25 18.32 18.80 16.81 15.57 13.67 12.68 12.33 10.73 3.46 11.54 8.82 9.45 10.31 13.37 11.74 12.37 13.73 14.38 15.00 14.95 14.12 13.49 13.55 14.13 14.76 15.10 14.97 14.20 12.99 12.44 13.08 13.53 13.36 12.96 12.74 12.40 11.86 12.07 7.37
9.01 12.89 4.90 3.99 9.96 12.62 15.81 24.31 33.03 37.11 37.81 42.05 47.25 46.91 39.94 30.30 20.06 14.12 14.73 17.23 12.69 12.18 13.97 14.76 13.13 12.23 13.40 20.09 24.46 26.24 27.68 29.78 28.09 26.53 23.09 19.44 17.89 18.14 17.18 16.01 17.93 18.41 17.06 16.26 14.12 13.68 10.74 9.43 2.55 3.92 10.60 7.01 9.49 13.41 11.26 11.82 13.20 13.84 14.32 14.14 13.23 12.62 12.69 13.06 13.59 13.72 13.50 13.05 12.03 11.31 12.00 12.81 12.93 12.53 12.59 12.91 12.31 12.02 12.28
16.14 11.28 5.84 6.06 12.61 20.26 28.21 36.26 40.26 41.28 43.90 48.82 50.35 44.34 35.67 27.50 19.45 12.51 12.43 17.03 16.56 8.24 16.37 14.73 10.42 8.63 10.00 18.07 25.53 28.26 28.43 28.55 26.29 23.78 21.62 18.58 16.64 19.13 16.90 15.11 17.38 18.76 17.66 15.67 14.11 13.69 11.12 9.68 11.15 2.82 3.67 8.97 12.88 10.95 10.62 11.66 12.92 13.22 13.47 13.34 12.45 11.80 11.85 12.11 12.48 12.86 12.78 12.18 11.29 10.62 11.08 10.63 10.88 12.19 12.36 7.79 12.93 12.83 13.17
10.43 10.82 8.23 13.95 25.15 35.01 40.44 42.39 42.52 43.34 44.35 47.08 46.39 42.54 36.17 26.93 18.87 10.87 12.70 16.15 11.67 12.72 12.06 12.97 8.99 5.15 6.13 17.28 25.74 30.05 29.12 26.18 22.26 19.55 18.97 18.07 16.11 17.86 16.18 14.37 17.24 17.31 15.41 11.11 10.02 12.23 10.81 10.50 7.34 1.29 2.46 6.82 11.67 10.80 9.47 10.72 12.38 12.51 12.11 12.20 11.90 11.24 11.08 11.41 11.49 11.89 12.23 11.40 10.27 10.00 8.09 9.09 10.68 11.78 11.87 12.11 11.86 12.10 12.40
11.92 14.73 17.19 26.77 37.97 42.81 42.11 42.05 40.99 41.66 41.90 40.78 39.94 38.59 35.26 26.83 19.15 10.60 12.47 16.17 11.05 12.39 13.60 8.23 6.50 1.50 4.14 16.55 25.37 28.70 26.72 23.92 20.80 17.22 17.13 17.15 16.07 16.75 14.42 13.10 14.51 14.35 15.15 12.35 7.95 4.68 5.20 6.57 5.02 7.54 3.45 4.04 5.40 5.07 6.98 8.24 10.96 11.70 11.13 10.78 10.86 10.37 10.20 10.30 10.86 11.17 11.56 10.88 9.56 9.36 9.97 10.66 7.34 11.49 8.93 11.36 10.99 11.26 8.77
12.92 14.13 17.23 33.24 42.53 41.81 39.15 36.74 36.25 37.54 37.01 35.44 35.85 35.88 34.83 26.01 18.53 7.42 13.46 16.34 11.27 11.13 8.77 6.40 3.95 4.62 11.52 18.33 24.20 25.23 21.76 24.46 22.19 17.99 16.84 15.33 14.95 15.30 13.14 11.77 12.33 15.03 15.86 13.50 9.59 7.07 6.63 7.88 7.15 6.46 4.98 4.60 4.31 4.74 4.29 3.61 8.38 10.46 10.53 10.06 9.75 9.29 9.04 9.32 9.77 10.36 10.83 10.67 9.49 8.74 9.15 10.10 7.83 11.44 11.85 8.40 10.07 5.70 11.91
