examples/cougarCreek-fire/createInputs/WindNinja/wrfout_d3.2015081212.f14/cougarCreekFire_08-13-2015_0200_217m_non_neutral_stability_vel.asc
ncols	146
nrows	140
xllcorner	610065.000000
yllcorner	5095217.000000
cellsize	216.586807
NODATA_value	-9999.000000
[rows 0 to 35 of 140, columns 0 to 81 of 146]
5.80 5.87 6.09 6.15 6.06 6.10 6.17 6.24 6.39 7.96 6.71 6.99 7.21 7.22 7.29 7.46 7.42 7.40 7.54 7.76 8.14 10.02 9.65 9.54 8.72 8.92 9.64 9.98 10.21 10.28 10.20 10.35 10.82 11.29 11.75 12.33 12.92 10.87 12.81 13.94 13.49 13.84 15.01 14.56 15.59 16.21 16.89 17.00 16.93 16.62 16.47 16.57 17.16 17.69 17.58 16.96 16.34 16.92 18.81 19.39 18.62 19.01 19.74 19.58 19.45 19.23 19.82 21.34 21.91 21.00 19.11 18.15 19.10 20.21 20.93 19.94 16.65 17.56 20.48 20.80 20.96 20.99
5.80 5.87 6.09 6.15 6.06 6.10 6.17 6.24 6.39 7.96 6.71 6.99 7.21 7.22 7.29 7.46 7.42 7.40 7.54 7.76 8.14 10.02 9.65 9.54 8.72 8.92 9.64 9.98 10.21 10.28 10.20 10.35 10.82 11.29 11.75 12.33 12.92 10.87 12.81 13.94 13.49 13.84 15.01 14.56 15.59 16.21 16.89 17.00 16.93 16.62 16.47 16.57 17.16 17.69 17.58 16.96 16.34 16.92 18.81 19.39 18.62 19.01 19.74 19.58 19.45 19.23 19.82 21.34 21.91 21.00 19.11 18.15 19.10 20.21 20.93 19.94 16.65 17.56 20.48 20.80 20.96 20.99
5.57 5.74 6.09 6.16 6.07 6.17 6.26 6.35 6.50 6.62 6.80 7.07 7.21 7.19 7.30 7.42 7.32 7.34 7.57 7.92 8.37 10.40 9.73 9.17 8.34 8.93 9.85 10.14 10.21 10.11 10.03 10.25 10.84 11.38 11.79 12.39 13.00 13.34 13.46 13.81 14.30 14.53 14.97 15.72 16.36 16.63 16.53 16.73 16.49 15.68 15.42 15.95 17.00 17.58 16.81 15.53 15.39 17.10 19.29 19.70 18.73 18.84 19.41 19.15 18.91 18.81 19.88 21.35 21.03 19.04 16.85 16.63 18.33 20.07 20.83 18.86 15.01 15.55 18.97 20.33 21.04 21.40
5.26 5.55 6.10 6.27 6.22 6.35 6.46 6.57 6.70 6.85 7.05 7.28 7.34 7.29 7.34 7.34 7.20 7.32 7.71 8.15 8.58 10.56 9.71 8.98 8.35 9.18 9.99 10.20 10.15 9.92 9.92 10.15 10.79 11.47 11.88 12.48 13.14 13.48 13.53 13.75 14.16 14.45 15.00 15.59 16.23 16.52 16.24 16.43 15.69 13.80 13.21 14.67 16.68 17.19 15.58 13.95 14.78 17.96 19.97 20.14 19.52 18.65 18.94 19.00 18.51 18.86 20.24 20.71 19.09 16.29 14.54 15.48 17.92 20.16 20.29 17.08 13.02 13.44 17.53 20.51 21.85 22.13
5.08 5.40 6.02 6.30 6.30 6.40 6.50 8.53 8.67 8.66 7.17 7.35 7.47 7.40 7.30 7.25 7.15 7.39 7.86 8.16 9.84 10.36 10.51 9.32 9.14 9.43 9.69 10.03 10.18 9.94 9.94 10.01 10.64 11.52 11.92 12.45 13.18 13.77 13.95 13.94 14.11 14.61 15.12 15.34 16.00 16.46 16.39 16.38 14.77 11.77 10.79 13.17 16.04 16.07 15.26 14.13 15.43 18.64 19.94 20.15 20.02 18.56 18.61 18.83 18.69 19.68 20.07 18.66 16.31 14.49 14.42 16.17 18.61 20.07 18.69 15.08 11.92 12.92 17.39 20.99 22.43 22.03
4.98 5.30 5.90 6.24 6.31 6.41 6.47 6.58 6.77 8.67 8.88 8.76 7.49 7.39 7.24 7.21 7.16 7.49 9.12 8.02 9.62 10.14 10.45 9.68 9.80 9.56 9.51 10.12 10.31 9.88 9.66 9.76 10.67 11.56 11.86 12.52 13.34 14.04 14.33 14.29 14.46 15.04 15.21 15.05 15.66 16.38 16.60 16.09 13.42 9.78 8.99 11.77 14.90 15.98 15.76 15.64 16.64 18.61 19.62 19.97 19.86 18.91 18.39 18.24 19.19 19.96 17.81 16.45 14.44 14.31 15.53 17.03 18.71 18.79 16.47 13.46 11.66 13.79 18.00 20.89 22.35 21.41
4.90 5.20 5.78 6.19 6.36 6.45 6.49 8.52 8.68 8.61 9.01 8.98 8.51 7.38 7.29 7.20 7.23 7.54 8.93 9.19 9.44 9.82 10.28 10.67 10.44 9.78 9.87 10.75 10.40 9.30 9.02 9.75 10.95 11.47 11.75 12.73 13.60 14.23 14.72 14.66 15.13 15.62 15.12 14.82 14.94 15.19 15.62 14.67 12.08 8.61 8.31 10.84 13.76 15.53 16.59 17.18 17.66 18.56 19.24 19.40 19.43 17.92 17.04 18.12 19.43 18.14 17.27 15.24 14.28 15.22 16.24 16.79 17.42 16.84 14.84 12.99 12.82 15.43 18.63 20.54 21.72 20.65
4.80 5.13 5.72 6.15 6.38 6.44 6.45 8.38 8.56 8.73 8.88 9.05 8.68 7.97 7.59 7.24 7.29 8.19 8.56 9.16 9.38 9.63 10.13 10.90 10.83 10.25 10.37 10.70 9.99 8.75 8.55 10.10 11.12 11.25 11.74 13.00 13.90 14.50 15.08 15.51 16.06 16.12 15.56 14.71 13.53 13.13 14.29 14.67 11.74 8.59 8.16 9.63 13.08 15.80 17.57 18.02 18.17 18.55 18.79 18.77 17.63 17.53 17.75 18.41 18.91 17.02 16.34 14.91 15.11 15.83 15.74 15.64 16.00 15.75 14.60 13.68 14.21 16.64 18.96 19.88 20.41 19.71
4.76 5.13 5.73 6.14 6.34 7.94 6.41 7.98 8.49 8.68 8.82 8.95 8.73 8.21 7.72 7.27 7.70 7.99 8.34 9.18 9.41 9.59 13.63 14.38 11.18 10.90 10.78 10.59 9.62 8.30 8.17 9.72 10.68 11.18 11.97 13.65 14.34 15.07 16.01 16.80 16.95 16.48 16.00 14.74 12.11 10.81 12.74 13.77 11.73 9.27 7.78 9.55 12.37 15.57 17.49 18.41 18.35 18.45 17.15 18.11 16.99 17.96 17.81 18.14 16.89 16.16 15.25 15.23 15.69 15.62 14.74 14.49 15.45 15.85 15.15 14.37 14.89 17.24 18.82 18.89 18.89 18.84
4.83 5.17 5.73 6.09 6.26 7.96 8.05 8.12 8.13 8.34 8.54 8.64 11.36 8.42 7.79 7.47 7.57 7.56 8.11 12.33 13.09 9.52 9.76 10.64 14.96 11.64 11.28 10.67 9.68 8.31 7.30 8.80 10.68 11.36 12.60 13.96 14.81 15.99 17.30 18.01 17.42 16.33 15.69 13.90 10.35 8.68 11.09 12.75 11.75 9.52 8.69 9.65 13.21 16.26 18.83 18.75 18.33 18.08 16.83 17.44 17.55 17.72 17.55 16.26 15.91 15.63 15.06 14.55 15.53 14.88 14.16 14.42 15.72 16.24 15.40 14.68 15.91 18.00 18.10 17.48 17.67 18.31
5.56 5.20 5.69 6.03 6.19 6.24 7.95 8.16 8.30 8.39 8.39 8.50 8.54 11.19 7.88 7.76 7.52 7.08 8.00 8.84 13.02 12.31 9.69 10.40 16.05 13.20 11.49 10.92 9.95 7.34 5.74 8.23 11.11 11.83 13.00 14.30 15.54 17.45 19.01 19.52 18.35 15.90 13.79 11.00 9.42 8.28 10.22 11.71 11.24 9.76 9.37 10.86 13.85 17.83 19.15 18.77 17.96 16.94 17.10 17.02 17.35 16.63 15.84 15.58 15.39 15.44 14.84 14.27 15.04 14.38 14.31 15.10 15.97 16.22 15.53 15.49 17.33 18.03 16.33 15.91 17.20 18.15
4.93 5.21 6.66 7.19 7.54 7.74 6.31 8.10 8.23 10.72 10.97 8.42 8.28 8.32 8.00 8.07 7.38 7.31 8.13 8.70 12.84 12.44 12.92 10.27 11.69 14.90 11.87 11.60 10.57 5.66 4.29 8.16 11.49 12.35 13.46 14.75 16.50 18.99 20.71 21.01 19.54 15.98 12.27 9.87 8.40 8.82 10.47 10.82 9.50 8.86 9.93 12.44 16.20 18.64 19.15 17.78 16.74 16.28 15.98 16.88 17.03 15.25 15.45 15.27 15.34 16.28 15.40 14.93 14.59 14.15 14.63 15.54 15.99 16.19 15.90 16.44 17.82 16.67 14.17 14.91 16.96 17.75
4.97 5.23 5.71 7.04 7.39 7.68 6.32 7.87 7.95 8.19 11.24 11.30 10.62 7.86 7.88 7.96 7.30 7.54 8.28 8.63 12.44 12.63 12.85 14.73 11.58 17.12 12.15 12.16 9.81 4.29 3.54 8.23 11.85 12.97 14.02 15.46 17.44 19.85 21.90 22.14 21.65 17.05 11.63 8.99 8.35 8.29 10.49 9.73 7.63 8.31 11.01 14.18 17.70 19.47 18.80 16.97 15.54 15.13 15.36 16.56 15.24 14.90 14.60 16.52 16.60 15.99 15.10 14.57 14.16 13.86 14.58 15.68 16.07 16.10 16.33 17.27 17.27 14.64 12.80 14.65 16.61 17.29
5.04 5.27 5.76 6.07 6.18 7.57 6.36 6.44 7.62 7.87 8.21 11.26 11.51 10.61 7.75 7.72 7.42 7.45 8.06 11.48 12.40 12.96 12.74 13.95 16.96 17.37 12.82 12.23 8.24 3.40 3.42 8.39 12.87 14.34 16.01 18.01 19.05 20.99 25.28 26.05 22.50 16.33 8.71 6.29 5.05 6.96 10.19 8.61 6.17 8.19 12.36 16.20 18.69 19.93 18.74 16.56 14.09 13.30 14.43 15.66 15.01 14.22 15.25 16.78 16.52 15.74 15.07 14.28 13.68 13.42 14.18 15.47 16.07 16.09 16.83 17.65 16.10 13.00 12.55 14.84 16.11 16.84
5.14 5.38 5.85 6.12 6.22 6.32 6.38 6.42 6.50 7.81 7.94 8.03 8.10 11.62 11.56 10.03 8.95 8.81 9.94 10.97 11.39 12.46 12.31 12.91 16.04 17.20 13.72 12.08 7.23 3.03 3.87 8.92 14.05 15.22 16.59 18.58 19.30 21.44 26.94 28.30 22.49 14.24 6.29 3.63 2.93 6.17 9.09 7.85 5.77 8.41 13.71 17.65 18.91 19.60 18.75 16.23 13.32 11.89 13.15 15.63 15.57 14.46 15.55 16.66 15.48 14.90 14.45 14.04 13.37 12.82 13.27 14.76 16.01 16.46 17.01 17.16 15.17 12.64 12.87 14.75 15.52 16.32
5.30 5.56 5.99 6.16 6.22 6.33 7.71 7.76 7.79 7.81 7.92 8.06 11.37 11.24 12.03 12.42 9.98 9.24 10.59 11.68 11.40 12.45 12.30 11.73 15.08 16.78 14.42 11.58 6.50 3.11 4.59 11.14 14.32 15.18 16.72 17.81 19.72 22.86 26.51 26.71 20.99 13.70 7.04 2.13 2.50 6.60 8.34 7.59 6.86 8.65 15.03 17.73 17.68 18.50 18.85 15.89 12.09 10.19 11.90 14.92 15.78 14.60 15.29 15.61 15.51 15.22 14.19 13.81 13.31 11.97 11.70 13.80 16.15 17.00 16.71 16.09 14.73 13.35 13.25 14.26 15.00 15.91
5.56 5.77 6.15 6.26 6.27 6.37 6.44 7.68 7.82 7.80 7.90 8.14 11.87 11.94 11.87 11.96 12.01 11.25 12.33 13.09 12.51 13.27 12.02 10.60 12.85 16.18 14.19 10.07 5.42 3.17 6.53 12.42 13.78 14.25 15.71 16.73 19.63 23.72 26.26 24.37 19.10 13.88 8.89 3.56 3.61 5.28 5.49 6.91 8.63 10.79 15.06 15.09 17.54 17.93 17.81 15.30 10.46 9.65 11.95 13.78 15.19 15.42 15.89 15.32 14.91 13.86 13.91 12.72 12.53 10.40 10.40 13.46 16.32 16.95 16.04 14.93 14.11 13.81 13.48 13.66 14.30 15.43
5.82 5.98 6.29 6.43 6.40 6.39 7.73 7.68 7.81 10.39 7.90 8.10 11.99 11.87 11.47 10.63 11.21 12.41 13.04 13.94 14.25 14.71 13.47 10.13 11.94 15.32 13.11 7.65 4.35 4.45 9.07 12.47 13.06 13.66 13.76 15.76 19.52 24.33 26.53 23.52 17.91 14.35 9.86 4.83 5.05 3.45 2.18 5.55 8.73 11.69 12.13 14.05 16.55 17.34 17.03 13.76 9.59 8.91 11.60 12.86 15.05 15.73 15.37 14.62 13.35 12.25 11.96 11.36 11.15 9.16 10.59 14.17 16.28 16.27 15.25 13.84 13.12 13.46 13.42 13.24 13.58 14.81
6.01 6.13 6.40 6.59 6.52 6.39 6.47 7.80 10.31 10.43 7.91 8.14 11.76 11.20 11.24 11.83 12.28 12.85 13.24 13.66 14.25 14.33 14.90 11.66 12.19 13.94 11.20 6.53 4.68 7.69 11.83 12.72 12.25 12.48 12.14 15.71 20.25 24.42 25.62 22.73 18.22 15.09 10.59 5.94 4.55 3.62 3.98 5.55 8.53 11.57 11.15 12.56 16.12 18.49 17.68 13.03 9.93 10.60 11.13 12.48 15.14 14.60 14.63 14.12 12.70 9.25 9.39 10.50 10.20 8.99 11.55 14.92 15.90 15.64 14.50 12.46 11.95 12.93 13.11 12.89 13.10 14.14
6.18 6.25 6.53 6.70 6.61 6.43 7.79 7.93 10.54 10.50 7.83 11.71 11.45 11.55 12.15 11.87 12.43 13.35 13.43 14.03 14.45 13.14 14.59 13.94 14.09 12.96 9.52 6.82 7.39 11.46 12.91 12.75 9.85 7.66 9.91 16.46 20.46 24.61 24.82 22.27 20.22 17.24 11.81 7.09 4.97 5.26 6.22 6.45 7.04 8.54 9.56 12.13 14.82 15.80 14.09 12.38 11.55 10.24 9.60 11.93 14.44 14.02 14.11 13.73 10.97 6.57 6.56 8.67 9.36 9.97 12.69 14.77 15.29 15.33 13.63 10.64 10.78 12.55 12.66 12.32 12.67 13.53
6.28 6.36 6.62 7.85 7.63 7.59 7.74 7.91 7.78 10.54 7.89 11.80 11.65 11.87 12.90 13.23 12.48 13.07 12.89 13.96 14.00 12.19 14.32 15.30 16.19 12.98 9.71 8.84 10.22 11.88 11.95 11.18 7.60 4.06 8.16 17.72 20.15 23.33 24.16 20.80 22.16 18.04 10.23 6.86 5.42 5.13 4.55 4.35 5.22 4.21 9.35 11.06 13.99 15.21 14.63 14.79 12.36 8.99 8.74 11.67 13.00 12.27 12.83 13.18 9.36 4.91 4.24 5.89 8.17 10.92 13.30 14.23 14.69 14.89 12.54 9.17 9.98 12.06 12.01 11.59 12.11 13.05
6.21 6.41 6.63 7.77 7.63 7.64 7.74 7.80 7.86 10.95 11.34 12.03 11.48 12.19 12.04 7.91 12.69 13.47 13.80 13.75 13.86 12.52 14.41 14.94 15.07 13.73 11.70 11.46 10.31 9.45 9.83 9.67 5.19 1.83 7.10 15.79 20.11 22.90 22.30 22.23 22.38 14.82 4.86 3.56 3.57 7.68 1.29 2.39 1.27 2.14 9.60 11.82 13.97 13.75 14.60 14.82 10.69 7.53 7.62 11.07 11.65 11.03 11.25 12.52 8.26 4.32 3.24 4.00 6.94 10.89 13.25 13.50 13.77 14.10 11.79 8.95 9.69 10.97 10.83 10.89 11.61 12.67
6.11 6.41 6.62 6.78 7.78 7.83 7.76 7.92 8.04 11.07 11.72 12.58 12.70 10.26 12.57 7.91 11.71 7.93 13.48 13.21 13.59 14.01 14.57 14.93 16.02 14.68 12.45 10.85 8.64 7.36 8.50 8.73 3.14 8.91 6.91 15.34 20.69 23.41 22.41 23.45 18.97 9.41 3.86 1.37 2.27 1.91 1.91 2.90 2.76 2.99 8.51 12.26 12.57 13.64 14.47 12.64 8.96 6.50 6.76 9.46 11.11 10.41 11.92 11.20 7.35 4.43 3.32 3.67 6.22 10.41 12.37 11.99 12.54 13.33 11.65 9.69 9.33 8.87 9.28 10.45 11.37 12.34
6.14 6.43 6.67 6.85 6.99 6.98 8.01 8.13 11.57 11.38 11.90 12.67 12.76 11.10 12.77 12.74 13.41 13.72 13.83 13.87 13.30 13.85 14.33 14.54 15.91 17.09 11.34 9.61 7.60 6.95 8.68 8.14 2.89 8.61 7.21 13.99 19.62 21.74 22.92 21.56 13.04 6.71 6.16 5.04 4.97 5.37 10.30 5.35 2.15 3.99 9.04 11.59 12.83 14.24 13.35 10.94 7.42 5.94 6.10 7.05 9.25 10.30 12.24 10.93 7.20 4.44 3.41 4.23 6.75 9.90 10.38 9.74 11.39 12.82 11.83 10.46 8.43 6.29 7.68 10.30 11.45 12.06
6.21 6.48 6.75 6.95 7.16 7.21 8.41 8.29 8.15 12.15 12.17 12.65 12.99 12.66 12.31 13.01 13.76 14.09 14.06 14.06 14.24 13.73 13.39 14.62 15.50 17.40 11.32 8.29 7.68 8.94 10.49 8.62 5.14 8.71 9.24 12.58 18.10 19.22 21.67 18.57 9.34 6.76 7.31 7.10 7.18 7.72 10.19 4.43 1.62 5.58 9.30 10.78 11.76 13.03 10.56 9.08 7.02 5.57 5.26 6.17 7.57 9.96 12.35 9.99 7.69 4.32 3.89 5.82 8.01 8.88 7.58 7.61 10.39 12.22 11.81 10.54 7.13 4.17 6.29 10.06 11.61 11.86
6.24 6.53 6.89 7.07 7.30 7.43 8.65 8.44 8.09 12.43 12.17 12.81 12.89 13.10 12.79 13.42 14.02 14.23 14.07 13.97 14.29 14.18 13.60 14.51 15.40 16.45 10.84 7.44 10.25 11.92 10.81 8.19 8.52 8.95 12.28 13.37 16.16 15.90 20.66 15.78 7.52 7.30 8.28 11.46 10.15 7.59 6.23 3.01 1.31 4.31 7.97 10.28 9.50 10.54 9.01 8.32 6.41 5.09 4.23 4.29 5.72 8.95 9.47 8.95 7.86 6.34 6.67 8.07 8.03 6.72 5.45 6.25 9.28 11.07 10.97 9.62 6.06 3.33 5.60 9.49 11.45 11.64
6.27 6.58 7.09 7.27 8.55 8.58 8.80 8.49 11.90 12.30 12.46 12.74 12.81 12.79 13.51 13.74 14.12 14.25 14.03 14.19 14.55 14.60 14.59 15.30 15.67 16.13 9.35 6.21 11.33 11.64 8.26 4.78 8.10 8.80 11.32 15.04 15.43 15.53 16.90 11.93 6.27 6.79 12.89 7.18 10.64 5.30 3.98 1.85 2.18 4.43 7.43 8.84 8.32 8.72 8.09 8.61 6.08 3.71 3.00 3.02 4.01 6.90 9.23 7.63 6.42 6.25 9.18 8.30 4.79 3.78 4.22 5.31 7.80 9.45 9.06 7.89 5.96 4.21 5.89 8.88 10.76 11.18
6.30 6.62 7.21 7.56 8.73 8.70 8.91 8.78 11.56 12.18 12.29 12.91 13.40 12.94 13.47 13.65 14.10 14.32 14.02 14.46 14.85 15.06 15.23 15.41 16.00 15.64 11.60 6.09 10.82 8.89 5.00 2.69 7.53 8.01 10.73 13.95 16.80 17.31 11.69 13.25 9.70 9.89 10.20 10.71 8.49 7.42 6.06 6.40 8.96 5.67 6.92 8.60 7.25 8.09 7.56 8.16 5.58 2.69 1.65 2.42 3.41 5.78 6.40 7.11 5.25 5.89 9.39 8.05 5.21 4.64 3.89 4.34 6.11 7.39 6.57 6.05 6.13 5.79 6.48 8.26 9.68 10.39
6.32 6.68 7.30 7.77 7.87 8.76 8.88 8.87 8.51 12.50 12.59 12.99 13.48 12.70 13.31 13.45 13.76 14.35 14.37 14.76 15.32 15.39 15.45 15.52 15.34 15.15 16.13 8.69 9.98 6.97 3.69 4.75 9.14 10.98 13.97 16.56 16.38 13.36 11.57 10.78 8.73 7.52 7.20 7.96 7.22 6.12 5.30 5.80 5.89 4.14 5.93 7.25 6.57 8.29 7.47 6.10 3.85 2.43 1.76 2.35 2.96 4.22 5.26 5.59 5.17 5.61 7.35 7.08 5.71 5.40 4.40 3.89 4.76 5.36 4.33 4.54 6.11 6.79 6.88 7.73 8.62 9.43
6.41 6.81 7.37 7.77 8.03 8.91 8.94 12.91 12.47 13.01 13.05 12.88 13.21 13.21 13.58 13.73 13.95 14.45 14.59 14.94 15.56 15.40 15.35 15.53 15.39 15.31 16.52 17.22 9.37 3.90 4.83 7.07 10.71 13.40 13.82 13.74 11.75 9.68 9.94 9.65 8.04 7.40 7.01 7.59 7.05 5.98 6.00 7.69 1.98 2.93 4.68 6.50 5.79 6.08 5.58 3.43 1.85 1.01 1.66 2.28 2.56 3.22 4.08 4.88 4.84 4.97 5.11 5.45 5.37 4.60 4.20 4.09 4.25 3.86 2.91 3.74 5.97 6.86 6.96 7.28 7.68 8.26
6.67 6.99 7.43 7.77 8.16 9.19 8.93 8.90 13.20 13.33 13.53 13.34 13.44 13.63 13.45 14.02 14.59 14.45 14.76 15.04 15.64 15.05 15.43 15.33 15.50 15.89 16.74 17.04 10.27 3.91 7.34 12.20 13.45 14.13 13.33 11.49 8.77 8.98 10.01 8.37 7.38 7.49 7.29 7.52 6.40 5.63 6.14 0.58 1.82 2.51 3.74 4.81 4.75 4.35 3.37 1.90 1.69 1.63 2.73 2.25 2.44 3.21 4.27 4.50 3.88 3.99 4.12 4.31 4.17 3.51 3.43 3.81 3.96 3.30 2.64 3.32 5.35 6.54 6.78 6.84 6.81 6.99
6.99 7.23 7.55 7.88 8.33 9.30 9.16 9.14 13.18 13.28 12.73 12.99 13.47 13.79 13.89 14.48 15.01 15.23 15.32 15.59 15.38 13.33 14.81 15.23 15.81 16.63 17.10 17.52 12.27 6.75 8.70 13.13 14.73 13.05 12.67 8.61 8.12 8.88 8.80 7.53 7.46 7.10 7.02 6.97 6.10 4.99 4.94 1.05 1.56 2.38 3.12 3.79 3.69 2.75 2.46 1.95 0.97 0.72 1.53 6.26 6.58 4.02 2.98 4.81 9.27 3.39 3.86 3.71 3.12 2.93 3.05 3.39 3.66 3.04 2.49 2.89 4.46 5.86 6.36 6.37 6.07 5.93
7.07 7.46 7.76 7.97 8.43 9.51 9.49 9.29 13.14 13.34 13.13 13.10 14.06 14.20 14.61 14.88 14.75 15.29 15.82 16.20 16.33 15.04 14.46 14.07 16.23 17.40 17.73 17.66 17.28 9.39 11.43 14.25 13.56 13.21 9.94 8.64 8.23 9.35 7.67 6.78 6.44 6.30 6.23 6.15 5.87 4.73 3.94 1.77 1.67 2.43 3.05 3.22 2.66 1.74 1.57 1.45 1.72 1.77 4.98 5.42 5.93 6.68 7.16 3.57 1.58 2.12 2.24 2.05 2.18 2.61 3.07 3.42 3.40 2.94 2.88 3.42 4.40 5.19 5.78 6.00 5.29 4.68
7.16 7.70 8.53 8.13 9.49 9.78 9.73 9.55 13.43 13.41 13.74 14.60 14.61 14.73 15.01 14.96 14.92 14.44 14.39 14.84 15.84 16.70 16.99 16.53 16.19 16.62 17.55 17.55 18.03 15.51 16.28 18.10 15.33 12.55 11.49 10.59 10.55 9.22 7.29 5.94 5.53 5.79 5.63 5.16 5.32 3.14 4.01 1.84 1.54 1.78 2.47 2.61 2.28 2.15 2.21 2.14 2.41 2.73 2.21 1.93 2.27 5.73 6.39 3.33 3.78 4.05 3.79 3.76 1.34 4.71 4.70 2.46 2.64 2.91 3.47 4.12 4.68 4.94 5.15 5.31 4.16 3.43
7.44 7.95 8.52 9.06 9.59 9.91 9.80 13.80 14.24 14.23 14.78 15.15 15.01 14.95 14.83 14.90 14.86 14.46 14.22 14.31 14.77 15.84 16.55 17.49 18.14 16.82 16.74 17.78 19.12 16.37 19.01 19.65 16.18 12.27 11.11 9.83 8.32 6.82 6.64 6.41 5.68 5.18 5.39 4.89 5.69 4.98 4.72 1.28 1.14 1.07 1.14 1.55 2.10 2.40 2.46 2.61 2.74 2.62 2.11 1.55 1.64 1.67 5.48 6.09 5.75 5.85 6.39 3.95 1.02 1.08 1.48 1.89 1.93 6.88 2.34 2.71 3.10 3.44 3.72 3.76 3.09 2.77
7.77 8.30 8.89 8.99 9.89 10.06 9.96 9.83 13.84 13.90 13.72 12.44 13.48 14.59 15.14 15.10 15.22 15.41 15.81 16.09 16.74 16.24 15.85 15.58 14.91 12.97 16.22 18.04 19.88 17.68 17.94 18.23 17.75 14.05 11.41 10.12 7.98 7.26 6.85 7.50 7.44 6.26 5.84 5.38 4.55 4.82 5.52 5.64 0.64 1.14 0.65 0.04 0.73 1.44 1.65 1.98 2.19 2.41 2.31 4.75 4.54 4.97 2.25 2.23 0.69 0.42 0.07 0.30 0.37 0.41 0.89 1.05 4.07 0.87 4.49 1.20 1.45 1.84 2.25 2.55 2.45 2.31
