examples/cougarCreek-fire/createInputs/WindNinja/wrfout_d3.2015081212.f14/cougarCreekFire_08-13-2015_0200_217m_non_neutral_stability_vel.asc
ncols	146
nrows	140
xllcorner	610065.000000
yllcorner	5095217.000000
cellsize	216.586807
NODATA_value	-9999.000000
[rows 72 to 107 of 140, columns 0 to 81 of 146]
19.25 24.17 30.91 31.55 28.90 25.11 24.91 26.39 26.29 24.67 23.02 21.61 22.06 24.25 22.38 16.72 14.14 13.44 15.10 16.89 16.80 16.94 17.85 17.73 18.97 22.32 25.34 20.41 17.54 19.14 19.42 17.21 16.31 12.41 13.96 13.87 12.77 13.58 10.63 11.55 9.86 10.33 9.21 8.15 10.32 9.96 8.54 6.08 6.42 6.07 4.96 4.83 4.34 4.82 4.67 4.14 3.96 4.17 4.63 5.57 6.78 7.56 7.55 4.42 3.05 4.01 5.05 4.40 5.27 9.90 9.92 8.04 4.65 2.52 3.60 6.50 9.89 10.61 9.91 10.35 7.41 5.92
23.07 26.51 30.66 30.59 27.19 24.67 25.16 26.18 25.05 23.46 22.14 21.60 22.84 24.52 21.05 14.27 12.62 12.50 15.21 17.54 17.52 18.12 19.50 18.89 20.72 25.03 23.49 20.59 20.71 20.60 18.74 17.05 14.83 13.62 15.98 14.78 14.91 12.51 10.77 11.92 9.95 10.63 9.84 9.14 7.64 8.84 8.34 7.23 6.24 6.08 4.57 4.55 3.76 4.81 3.99 4.66 4.18 3.96 4.24 5.01 6.17 7.41 6.72 6.08 3.60 3.89 4.92 4.64 5.16 8.00 9.76 10.41 7.00 3.18 4.14 7.59 8.34 10.01 9.93 9.86 10.69 7.52
25.27 26.72 28.78 29.05 26.18 24.31 24.99 24.98 23.38 21.66 20.82 21.16 23.09 20.65 17.33 11.74 11.69 12.90 16.85 18.97 18.80 19.64 20.92 21.02 22.57 25.54 22.56 22.58 21.89 20.15 18.23 16.13 13.78 16.27 17.43 14.92 15.18 13.83 11.32 13.21 11.33 9.57 10.45 8.42 8.91 8.59 7.81 7.15 6.17 5.14 5.79 4.02 4.54 5.15 5.17 4.49 4.66 4.28 4.13 4.53 5.31 6.41 7.14 5.90 4.02 3.56 3.79 4.09 5.17 7.66 9.53 7.61 4.53 3.35 4.42 7.42 7.38 9.17 9.12 7.26 7.20 7.91
25.91 26.72 27.84 27.98 25.74 24.08 24.62 23.82 21.48 20.14 20.60 21.70 20.71 18.57 15.75 11.93 12.82 15.32 19.32 18.08 20.27 21.09 22.02 22.82 24.45 25.05 22.82 22.65 21.09 19.75 17.41 15.84 16.31 18.75 18.00 15.40 15.06 11.97 11.63 12.96 12.00 10.57 9.57 9.89 9.35 6.95 8.79 8.24 7.63 5.27 6.65 6.56 6.18 5.69 5.35 5.03 3.42 4.17 4.03 4.34 4.87 5.58 6.39 5.07 4.44 3.52 3.10 3.57 5.31 5.98 6.63 6.47 4.40 3.38 4.45 5.75 6.37 6.55 8.26 7.99 7.97 7.54
26.17 26.90 27.68 26.76 24.62 22.99 23.86 23.05 20.51 20.63 20.68 22.95 22.91 20.21 16.29 13.29 14.06 17.08 20.40 21.08 21.24 22.14 23.41 24.99 25.39 23.17 22.87 22.19 19.41 18.95 17.64 16.41 18.17 19.69 17.00 16.85 13.96 11.49 13.13 13.05 12.32 11.27 9.93 10.20 10.09 9.89 10.38 9.49 8.42 5.99 7.23 7.00 6.61 6.10 5.61 3.43 3.50 4.04 3.82 4.04 4.50 4.98 5.57 5.74 4.04 3.51 2.72 2.98 4.88 4.87 5.07 5.50 4.67 3.66 5.16 6.87 5.53 5.67 5.68 7.63 5.68 6.34
26.36 26.96 27.40 25.38 23.45 23.14 24.03 22.75 21.64 22.52 23.06 26.67 23.96 20.34 16.81 13.89 14.39 17.59 20.60 21.59 22.19 23.32 25.36 26.49 23.64 22.09 22.58 21.17 18.95 19.37 18.95 17.10 19.52 19.14 17.08 16.12 13.98 11.67 13.38 13.54 13.48 12.22 11.16 10.90 10.96 10.72 8.12 9.86 9.03 6.68 8.25 7.86 7.08 6.40 5.91 3.76 3.87 4.81 4.10 3.66 3.46 4.47 4.90 5.25 4.86 3.43 2.37 2.72 4.31 4.18 3.94 4.86 4.96 4.89 3.88 4.49 4.81 6.84 4.94 6.42 6.31 4.93
26.37 26.85 26.94 24.47 23.28 23.65 24.07 22.69 22.86 23.66 25.09 23.81 22.72 19.26 15.95 13.50 14.59 18.46 21.60 22.76 23.74 25.36 27.48 27.17 23.67 21.43 21.11 19.98 19.52 20.51 21.29 18.24 18.64 17.45 16.60 14.86 13.61 12.63 14.01 15.96 15.37 12.87 13.38 11.33 12.30 10.62 9.11 9.59 8.90 7.43 7.89 8.61 7.38 6.54 6.12 6.03 4.13 3.53 2.62 3.69 3.44 3.85 4.41 4.82 4.86 3.26 2.14 2.09 3.55 3.97 3.42 3.56 5.62 5.17 3.62 3.86 5.14 4.64 6.78 4.37 3.85 3.85
26.34 26.68 26.60 24.23 22.84 23.38 23.83 23.14 23.05 23.15 23.49 21.55 18.95 18.17 14.75 13.58 16.15 20.41 23.07 24.38 25.90 27.56 26.91 25.36 20.84 19.27 19.22 20.55 20.42 21.34 21.79 18.64 16.96 16.28 15.69 14.95 14.14 13.31 16.65 16.91 16.16 13.45 12.43 11.68 12.50 10.26 9.20 8.75 6.84 10.37 8.29 8.62 7.21 6.26 6.27 5.22 5.82 3.63 1.51 4.31 3.97 3.92 4.25 4.59 4.77 2.39 2.50 1.52 1.78 2.91 3.15 3.06 3.14 3.14 3.73 3.26 3.45 3.79 6.32 3.90 3.05 2.93
26.05 26.37 26.41 23.55 22.17 23.01 24.12 23.84 23.19 22.61 22.14 20.85 20.55 18.48 15.15 15.61 19.29 22.47 24.75 26.96 28.32 28.81 25.71 22.63 16.72 16.65 19.62 21.46 21.99 21.19 20.29 17.64 16.07 17.36 16.39 16.27 15.71 14.83 18.06 16.02 16.31 14.99 12.95 12.09 11.21 10.11 9.45 10.83 10.69 10.35 8.53 6.47 4.84 5.46 6.87 6.54 5.85 5.41 3.34 4.98 4.92 4.70 4.30 3.57 4.35 4.24 2.89 2.12 1.39 1.61 3.20 3.89 2.69 2.54 3.88 2.67 2.81 3.17 3.86 3.70 2.68 2.41
25.72 26.18 26.24 22.90 22.78 23.45 24.68 24.81 23.19 21.96 20.95 21.45 21.44 19.21 16.66 18.36 21.76 24.23 27.28 29.30 29.23 28.36 25.04 20.16 16.17 16.41 19.38 22.34 22.51 18.65 19.16 18.38 18.23 17.66 17.14 16.76 14.75 15.35 18.48 18.35 16.64 15.74 14.98 12.42 11.36 10.09 9.88 10.91 10.98 9.35 6.72 4.74 5.04 8.00 9.38 6.02 5.95 5.06 4.09 3.54 5.47 4.83 3.88 3.37 3.40 3.65 1.37 2.87 2.10 1.48 1.57 3.07 3.46 2.19 2.02 2.10 2.25 2.48 3.16 3.50 2.79 2.22
25.40 26.01 25.85 22.38 23.13 24.14 24.95 25.04 22.64 20.82 19.80 21.49 22.21 19.99 18.48 20.54 23.17 26.14 29.06 29.45 27.58 23.82 22.07 18.05 15.34 15.59 19.84 23.19 21.46 18.03 18.98 20.51 19.92 17.31 16.67 15.59 14.65 17.72 18.20 18.46 17.59 16.95 15.54 12.38 11.38 10.23 10.20 11.16 12.64 7.99 6.59 6.66 9.14 11.55 10.02 5.88 2.55 5.31 6.05 6.10 2.00 4.82 3.82 3.06 2.86 3.14 3.45 1.78 2.55 0.96 1.83 1.58 1.49 2.05 1.78 1.60 1.64 1.76 2.14 2.74 2.69 2.16
25.04 25.73 25.28 23.75 23.71 24.34 24.78 24.92 22.06 19.98 20.50 22.74 22.29 21.07 18.20 22.30 24.76 27.63 29.05 27.75 25.66 24.38 19.61 17.07 15.20 18.39 21.29 23.66 21.96 19.74 20.38 21.92 20.18 17.81 16.40 15.59 15.94 17.88 17.47 18.11 17.97 17.11 14.93 11.53 11.89 11.70 11.51 11.70 11.75 8.58 8.48 10.30 12.88 11.65 6.23 2.11 3.83 5.82 6.90 5.60 4.91 2.30 4.86 4.46 4.61 4.53 3.99 1.39 3.07 0.75 1.28 2.11 0.51 2.14 1.83 1.65 1.37 1.50 1.44 1.87 2.26 2.15
24.94 25.49 24.90 24.00 24.31 24.50 24.89 24.73 21.61 20.40 22.13 24.95 22.47 22.29 22.09 24.08 27.32 28.15 28.80 26.75 24.35 21.98 17.80 16.64 17.42 19.09 22.17 23.88 22.97 20.55 19.64 19.85 20.35 18.58 15.84 17.24 17.89 17.95 17.14 18.43 19.25 17.58 13.87 11.57 11.53 12.11 12.26 12.43 12.24 10.83 9.70 12.75 11.58 6.95 2.76 4.39 7.12 8.28 6.08 6.92 5.70 5.10 4.45 4.39 5.97 4.80 1.95 2.12 0.61 1.28 1.43 2.78 0.71 0.58 1.06 1.84 1.52 1.26 1.31 1.42 1.67 1.80
24.95 25.19 24.74 24.51 24.81 24.69 24.88 23.91 21.53 22.11 24.08 27.57 23.44 21.15 23.43 24.95 26.48 27.77 27.40 24.83 23.21 19.55 16.48 16.37 17.60 19.73 22.74 23.60 22.73 21.56 17.50 18.31 19.85 19.04 16.64 17.80 18.33 17.55 18.48 20.19 21.58 17.56 12.24 10.30 11.87 13.11 13.11 12.95 12.74 12.41 12.76 12.37 8.56 4.20 5.04 8.77 9.63 8.84 8.20 7.82 7.34 5.69 6.48 4.75 5.01 4.06 1.44 4.78 2.83 1.16 0.72 2.99 2.55 0.38 2.09 1.88 1.62 1.61 1.95 1.73 1.52 1.45
24.76 24.78 24.64 24.88 24.87 24.45 24.44 23.72 21.87 22.68 25.64 25.97 25.42 21.69 23.66 24.49 25.66 26.65 24.71 23.19 21.65 17.66 16.05 14.04 18.31 21.05 22.56 22.98 22.05 18.55 16.57 20.64 19.49 20.13 17.32 18.77 18.21 17.83 19.42 21.41 19.96 13.69 8.49 9.15 13.03 14.49 13.89 13.64 13.68 13.57 12.91 10.66 7.34 7.13 9.57 11.00 10.35 9.45 8.93 8.49 7.74 7.13 6.72 5.81 4.83 3.29 2.92 3.95 3.52 2.97 2.69 2.15 3.35 2.99 2.58 1.99 2.10 2.68 2.93 2.36 1.70 1.47
24.50 24.60 25.04 25.33 24.84 24.52 24.51 23.64 22.93 23.84 26.59 25.79 25.11 21.35 21.98 23.41 25.92 25.07 23.07 21.78 19.89 16.59 16.01 17.16 17.68 20.98 22.03 22.57 22.01 19.42 20.03 22.17 22.27 21.24 19.59 19.25 19.43 18.97 19.61 19.95 18.12 10.91 6.63 9.87 14.95 16.06 14.93 14.60 14.29 13.72 12.39 9.95 8.48 9.68 11.25 11.33 10.54 9.90 9.53 9.09 8.25 7.75 7.21 6.53 4.81 4.23 4.43 5.07 4.41 5.31 4.44 2.04 3.05 2.94 2.35 2.19 1.17 1.32 1.29 2.60 2.10 1.72
24.29 24.83 25.67 25.44 24.81 24.90 23.92 23.72 23.73 24.82 27.01 25.63 24.38 20.07 20.79 23.15 25.49 23.83 21.96 21.90 18.14 15.88 15.93 17.14 18.59 20.68 21.82 22.57 22.24 21.25 22.25 22.65 20.60 21.47 19.40 17.77 19.07 18.34 18.14 17.84 15.67 11.28 9.45 13.12 17.06 17.17 15.60 14.86 14.44 13.86 12.65 11.04 8.76 11.32 11.73 11.43 10.85 10.43 10.13 9.59 8.88 8.49 8.04 7.83 5.04 5.41 6.26 5.00 4.00 2.36 3.39 2.26 3.01 3.07 3.05 3.62 4.81 4.73 3.57 2.80 2.68 1.88
24.21 25.00 25.63 24.86 24.45 24.42 22.98 23.49 23.91 24.84 26.51 25.24 23.84 21.46 20.14 23.40 24.78 22.98 21.15 20.16 16.91 15.74 16.23 16.44 19.70 21.53 22.98 23.48 22.79 22.09 22.50 22.64 20.93 21.29 19.49 18.55 18.38 17.98 17.93 16.91 15.12 13.65 13.81 16.26 18.21 17.30 15.54 15.02 15.05 14.52 13.49 12.60 9.63 9.15 12.15 11.86 11.47 11.09 10.69 10.14 9.65 9.27 8.94 5.92 6.94 5.89 5.91 5.61 4.13 3.52 2.16 3.05 3.84 3.14 2.73 3.03 3.10 5.13 3.94 3.26 2.73 1.93
24.10 24.92 25.23 24.48 24.21 23.88 23.54 23.70 24.01 24.63 26.14 25.37 23.85 21.36 20.00 23.86 24.37 21.62 19.60 19.19 16.93 16.51 17.27 18.95 21.01 22.95 24.07 23.79 22.27 22.63 23.51 22.35 21.08 21.62 19.85 18.15 17.96 18.26 17.87 17.04 16.43 16.71 16.96 17.60 18.12 16.94 15.83 15.99 16.01 15.17 14.34 13.75 13.12 9.58 12.59 12.32 12.05 11.67 11.17 10.72 10.37 7.18 9.80 7.15 6.83 6.43 6.45 5.75 4.05 2.32 1.98 3.55 5.53 5.87 4.68 3.92 4.23 3.69 3.56 3.58 2.54 2.52
23.73 24.68 25.00 24.47 24.39 24.01 23.86 24.17 24.34 24.74 26.83 24.56 22.87 18.48 20.26 23.52 23.18 22.88 20.87 18.75 17.34 17.38 16.88 20.08 21.96 24.03 25.06 23.28 22.93 23.48 22.71 21.44 20.24 20.89 18.88 17.34 17.66 18.23 17.81 17.62 18.07 18.13 17.55 17.63 16.66 17.06 16.83 17.09 16.61 15.79 15.25 14.63 13.78 9.93 13.03 12.70 12.50 12.13 11.60 11.28 11.02 7.87 7.74 7.57 7.33 9.42 7.28 5.78 4.54 1.98 2.39 3.59 6.98 7.23 7.13 5.31 5.20 6.56 3.58 3.56 2.62 2.35
23.23 24.41 25.11 24.67 24.55 23.81 23.38 23.93 23.96 24.22 25.34 23.05 20.41 19.33 20.42 21.82 21.92 20.42 20.60 19.19 18.32 18.51 19.61 20.92 22.78 24.75 23.33 23.00 23.93 24.03 21.47 22.29 20.72 19.22 17.94 17.32 17.23 17.88 19.21 20.78 19.42 18.45 19.87 18.53 18.28 17.64 17.75 17.67 17.09 16.63 16.20 15.40 14.60 10.61 10.21 13.21 13.00 12.60 12.10 11.87 11.64 11.43 8.44 8.48 7.72 9.80 9.85 6.18 4.29 2.24 3.19 4.14 8.25 8.45 6.57 5.78 5.48 5.03 3.84 3.95 3.03 2.31
22.58 24.35 25.57 24.58 23.99 22.87 22.34 23.06 23.12 23.39 24.07 22.22 22.15 20.46 22.16 20.88 21.70 20.78 21.18 20.25 19.68 19.84 20.26 21.62 23.33 25.65 23.46 23.33 23.33 22.17 20.62 20.93 19.45 18.59 18.12 18.50 17.73 17.61 18.77 20.61 20.52 19.07 19.18 19.64 18.46 17.86 18.23 18.04 17.69 17.33 16.72 15.92 15.26 11.19 10.77 10.21 13.45 9.81 12.60 12.37 12.15 11.96 8.87 9.17 7.99 10.10 9.70 6.42 4.80 3.37 4.55 4.98 9.18 9.34 7.20 6.41 5.72 8.04 4.70 4.06 3.13 3.57
22.44 24.72 25.65 21.34 22.85 22.02 21.62 22.45 23.00 23.41 23.76 23.54 21.85 22.68 22.16 22.32 21.75 21.24 21.78 21.13 20.37 20.11 20.72 21.61 23.07 25.84 24.13 22.71 20.98 20.21 19.89 18.37 17.97 19.09 19.52 18.89 18.80 18.78 20.78 22.93 21.81 20.18 20.03 19.31 17.94 17.99 18.61 18.63 18.34 17.83 17.21 16.57 15.86 15.21 11.30 10.71 10.36 10.11 9.78 12.89 12.65 12.40 9.24 9.08 10.81 7.69 7.45 7.78 4.83 4.09 6.31 5.80 9.73 9.75 7.83 7.80 7.90 6.58 5.62 4.07 2.61 3.70
23.45 25.13 24.69 22.53 22.39 21.51 21.12 22.37 23.36 23.97 24.09 23.76 23.49 20.83 22.20 20.88 21.40 22.31 22.17 21.28 19.82 19.47 20.19 21.08 23.24 25.11 23.91 21.48 21.58 20.64 21.22 19.18 19.60 20.44 19.78 20.20 20.37 20.78 23.01 25.89 22.23 20.29 19.47 18.24 17.81 18.43 19.17 19.31 18.77 18.33 17.82 17.15 16.38 15.76 12.11 12.71 11.83 10.88 10.26 9.86 13.11 12.84 9.24 9.21 11.64 9.51 7.73 6.24 5.69 5.15 6.02 6.29 8.11 8.21 8.12 9.35 9.32 9.57 6.47 5.13 3.02 4.07
24.57 24.49 22.91 22.01 21.80 20.55 21.11 22.90 23.61 24.16 23.97 23.40 23.28 21.20 20.73 20.94 22.73 22.72 20.09 20.59 19.00 19.11 20.38 22.12 24.91 26.56 22.68 20.40 20.14 22.56 21.76 20.99 20.50 20.45 20.80 21.47 21.38 21.44 25.44 23.67 21.29 19.46 18.48 17.60 18.10 19.15 19.90 19.91 19.28 19.01 18.47 17.72 17.07 16.48 16.00 15.60 15.20 14.68 14.23 13.89 10.00 10.03 9.70 9.49 9.48 10.84 10.08 7.74 6.80 6.59 6.75 6.62 7.05 7.25 7.79 8.74 9.83 9.90 8.39 6.15 5.01 6.73
25.49 23.90 21.94 21.65 20.59 19.85 21.92 23.17 23.00 23.61 23.40 23.01 23.40 22.04 23.45 23.19 23.05 21.88 21.73 19.86 19.36 20.58 22.36 24.63 26.17 23.71 21.40 21.22 21.86 22.14 22.07 21.57 21.52 21.69 22.06 22.50 21.99 21.70 22.89 23.19 21.29 19.51 18.13 17.59 18.82 19.97 20.40 20.27 19.84 19.67 19.13 18.57 17.99 17.22 16.74 16.46 15.96 15.30 14.79 14.48 14.20 10.49 10.49 10.26 9.92 11.95 11.02 10.50 10.14 9.84 9.61 9.55 9.62 7.47 7.91 8.66 10.21 10.10 9.43 6.12 7.42 8.05
26.04 23.94 21.77 20.94 19.59 20.70 22.95 22.70 22.50 23.46 23.02 23.10 23.95 22.10 23.73 23.30 21.37 20.64 20.96 20.13 21.15 23.01 24.94 26.04 25.72 22.13 21.33 22.66 22.54 22.42 22.37 23.02 22.42 22.77 24.28 23.94 23.84 23.54 24.48 24.42 22.03 20.31 18.56 18.21 19.53 20.20 20.27 20.31 20.27 20.42 20.26 19.71 18.72 17.89 17.68 17.36 16.61 15.83 15.34 15.07 14.68 14.35 14.14 13.95 10.99 12.96 12.13 11.62 11.21 10.50 9.62 9.30 9.64 8.02 8.45 8.50 9.58 10.54 10.25 8.96 9.43 8.69
24.90 23.73 21.38 19.02 18.93 22.13 23.03 22.31 23.09 23.32 22.47 23.69 24.64 24.18 24.09 23.21 22.27 21.98 21.34 21.85 23.22 24.79 25.68 25.02 22.42 21.79 23.03 23.06 21.40 21.85 22.49 22.54 23.01 24.89 24.42 23.72 22.76 21.66 22.06 25.14 23.38 21.09 18.36 18.00 19.17 19.96 20.20 20.36 20.68 21.71 21.90 20.55 19.15 18.71 18.69 18.07 17.12 16.36 15.92 15.60 15.13 14.83 14.78 14.71 14.50 13.93 13.19 12.76 12.19 10.59 7.30 7.03 8.44 10.52 8.91 8.81 9.21 11.22 11.14 11.29 9.12 7.25
24.11 24.29 20.37 16.10 19.44 23.22 22.28 22.45 23.49 22.22 22.32 24.86 25.06 22.16 23.67 22.18 22.02 22.46 22.41 23.13 23.69 23.91 24.02 22.77 22.80 23.10 23.23 23.25 20.78 22.09 23.84 23.25 23.80 23.97 23.48 21.70 20.98 18.97 19.72 23.93 26.07 21.26 17.17 17.24 18.84 20.36 20.75 20.57 21.47 23.42 23.18 21.07 19.87 19.96 19.82 18.70 17.62 16.94 16.50 16.10 15.62 15.40 15.48 15.51 15.31 14.73 14.08 13.83 12.72 8.39 7.28 7.28 8.66 9.21 9.61 11.36 11.71 9.78 12.05 12.28 10.47 8.02
24.17 23.21 18.00 16.12 21.08 23.33 22.20 23.39 23.12 21.11 22.87 24.90 23.93 23.25 22.43 21.60 22.56 22.87 22.53 22.76 22.35 22.02 21.62 21.78 23.14 23.56 23.49 21.61 20.77 22.59 23.30 25.23 24.54 23.58 21.96 20.66 19.95 20.57 23.45 27.97 26.50 19.08 15.70 17.02 19.43 21.20 21.31 21.10 22.52 24.33 23.72 21.99 21.33 21.44 20.70 18.00 16.86 16.47 17.06 16.62 16.22 16.08 16.20 16.21 14.08 13.40 12.87 14.49 12.48 8.27 6.43 7.70 9.31 9.71 11.91 12.11 10.10 10.14 10.86 11.86 10.19 8.04
22.79 21.24 18.98 18.62 21.13 22.74 23.14 23.75 21.59 20.58 22.88 23.44 22.67 22.68 22.00 22.23 23.20 22.96 20.09 22.13 19.27 20.47 21.18 23.11 24.37 24.07 23.74 22.42 22.57 23.16 23.93 23.99 23.74 23.26 22.12 21.72 23.50 25.77 27.98 27.44 22.65 15.85 14.56 16.43 22.28 21.87 24.20 24.77 23.01 24.45 24.58 23.59 23.08 22.64 18.81 17.44 15.94 15.50 16.34 17.30 16.93 16.71 16.73 16.73 16.55 15.94 15.22 14.54 11.90 7.69 6.59 9.42 12.00 12.28 9.92 12.54 13.31 13.81 11.32 11.39 12.43 11.07
21.67 21.01 20.77 20.13 20.47 23.36 24.43 22.41 19.59 20.34 22.40 22.51 23.12 23.10 22.17 23.06 23.73 23.44 22.76 21.21 20.11 21.06 22.84 24.96 25.14 24.41 24.15 22.81 23.31 23.79 24.36 23.60 23.73 23.66 22.88 22.28 23.37 24.23 24.29 22.70 18.78 15.93 15.49 17.94 23.59 25.11 25.02 22.23 26.83 28.43 25.60 24.74 24.27 23.84 21.09 18.90 17.50 17.21 18.57 18.25 17.64 17.13 17.14 17.38 17.36 16.69 15.59 14.19 11.34 7.74 6.92 9.94 12.71 12.46 10.60 13.05 12.14 12.69 12.57 12.56 11.63 10.46
20.48 20.17 20.02 19.80 20.45 23.20 24.06 20.38 18.45 20.62 22.21 23.04 23.98 22.93 23.07 24.09 24.07 23.66 22.41 20.41 20.60 22.45 24.30 25.75 24.39 24.40 24.18 22.38 23.37 23.91 22.79 23.00 23.86 23.71 23.09 21.41 21.52 22.48 22.71 22.09 20.79 18.43 18.90 22.21 25.26 23.28 22.66 22.77 27.63 29.01 28.74 27.06 25.39 25.64 23.65 20.54 18.75 19.58 19.83 19.51 17.71 16.42 17.50 18.18 18.30 17.50 16.04 13.74 8.93 6.19 7.07 9.43 13.25 12.64 12.15 13.90 15.59 13.74 13.30 13.18 12.65 11.87
18.10 18.46 19.40 20.00 20.11 21.66 23.00 20.37 18.84 20.79 22.39 24.21 23.66 22.57 24.14 24.30 23.62 23.47 22.03 18.44 21.17 23.14 25.21 25.64 23.81 24.12 24.43 21.43 23.28 23.73 22.65 23.85 24.13 23.45 22.52 20.57 20.99 21.22 21.81 24.17 23.47 21.26 21.81 23.95 23.04 26.44 22.93 23.48 28.33 29.28 25.68 25.17 26.60 27.67 25.68 21.70 19.92 20.87 21.56 20.72 18.08 16.31 16.68 17.61 17.17 16.89 14.68 11.43 8.86 5.88 7.28 9.76 11.91 13.37 13.27 15.11 16.46 16.38 15.97 15.82 13.28 12.89
17.12 18.22 20.45 21.13 20.98 22.81 24.19 21.23 18.68 19.77 22.84 24.26 22.15 22.98 24.39 23.33 23.44 23.34 21.70 20.42 20.65 22.91 25.38 23.75 23.89 24.04 24.06 21.36 23.04 23.88 23.86 24.11 23.48 22.63 21.47 20.35 22.43 21.95 23.02 24.30 22.07 21.58 22.78 21.79 25.86 26.50 26.67 27.35 25.76 29.71 26.20 25.88 27.30 29.37 28.04 22.56 20.42 22.34 23.32 21.96 18.79 16.80 16.25 18.18 18.18 17.06 14.77 11.00 7.57 6.16 7.49 9.82 12.46 13.33 15.15 16.39 15.27 14.85 16.74 16.63 16.18 14.97
18.54 19.38 21.13 22.09 22.30 24.09 24.35 21.20 18.93 19.84 22.41 22.78 21.91 23.62 23.58 22.97 24.02 22.82 21.08 20.37 20.55 22.81 25.32 24.62 23.75 24.03 23.45 22.01 24.26 24.63 25.04 23.30 22.24 21.82 21.24 22.09 21.31 23.42 24.36 22.87 22.21 22.52 23.76 24.92 25.91 26.98 24.48 25.23 29.74 31.01 30.37 30.79 31.80 33.97 30.28 24.04 21.43 23.69 24.85 22.11 18.68 16.96 17.59 19.81 21.27 17.44 13.10 9.67 7.06 6.32 7.88 10.16 12.88 14.39 15.43 17.70 17.82 17.47 17.35 14.92 14.35 15.02
