examples/cougarCreek-fire/createInputs/WindNinja/wrfout_d3.2015081212.f14/cougarCreekFire_08-13-2015_0200_217m_non_neutral_stability_vel.asc
ncols	146
nrows	140
xllcorner	610065.000000
yllcorner	5095217.000000
cellsize	216.586807
NODATA_value	-9999.000000
[rows 36 to 71 of 140, columns 0 to 81 of 146]
8.24 8.84 9.45 10.36 10.35 13.96 14.16 10.28 14.10 13.82 13.15 12.44 12.47 14.13 14.62 15.35 16.31 17.46 17.83 17.01 15.05 14.00 14.22 12.86 11.22 9.79 11.69 16.09 21.96 17.34 13.28 13.22 17.81 17.76 14.57 11.82 9.38 6.62 4.82 3.58 2.49 1.96 2.66 5.35 4.65 5.07 5.24 4.99 5.65 0.73 1.04 0.59 0.35 0.39 0.58 0.85 1.17 1.62 1.95 1.85 1.74 1.87 1.99 5.07 2.65 1.22 1.07 1.01 0.84 4.47 0.87 0.53 0.45 0.56 0.50 0.99 1.27 1.37 4.75 1.96 2.03 5.04
8.62 9.27 10.02 10.94 10.93 10.99 10.95 13.74 10.60 12.83 12.49 13.07 13.23 13.93 13.02 13.16 13.59 13.26 12.03 11.13 11.34 12.05 12.36 11.42 10.81 10.22 11.26 13.53 15.11 15.59 9.00 7.07 17.14 18.79 20.43 17.28 13.03 10.24 8.73 7.05 5.17 3.93 1.72 2.61 2.87 1.21 1.14 3.51 5.27 4.99 5.32 0.94 1.20 3.40 0.45 0.70 0.78 0.98 1.08 0.94 1.45 1.38 1.47 1.59 1.68 1.65 1.56 1.58 1.48 1.07 1.15 1.17 7.14 1.42 0.88 0.24 0.60 0.91 1.13 1.54 1.66 5.12
9.07 9.91 10.74 11.54 11.51 11.42 10.94 10.63 12.65 12.26 13.03 13.47 13.48 12.83 12.49 12.88 13.02 12.17 11.97 12.74 12.97 12.16 11.87 12.07 10.69 9.97 12.26 13.16 12.91 16.27 13.25 8.28 11.40 12.95 14.58 15.27 12.52 10.88 9.35 9.89 6.59 4.90 2.83 2.05 1.56 1.56 1.39 1.59 4.58 4.42 6.21 5.16 6.01 4.34 3.27 3.39 3.40 3.90 1.40 1.24 1.32 1.57 1.71 1.03 1.08 1.11 1.03 0.88 1.04 0.98 1.04 1.33 1.40 1.49 1.74 1.74 1.16 0.54 0.72 1.27 1.42 1.46
9.97 10.69 11.34 12.02 11.93 11.64 10.51 10.62 13.07 13.50 13.99 13.99 13.07 13.79 13.80 14.02 13.71 12.64 12.16 12.32 11.97 11.71 13.21 13.90 11.34 11.72 13.30 13.58 10.77 16.40 17.16 10.98 9.90 9.35 9.17 9.29 7.96 6.93 5.91 4.15 4.85 6.60 3.72 2.46 2.63 4.42 4.72 4.57 5.26 5.20 5.40 5.75 5.38 5.95 7.96 5.65 4.63 4.90 5.02 2.47 1.92 1.89 2.05 2.18 2.46 2.53 2.91 2.47 2.27 1.91 1.76 0.94 0.92 1.01 1.70 2.29 2.19 2.27 2.18 1.67 1.41 1.40
10.84 11.24 11.84 12.28 12.06 11.73 10.67 10.88 11.29 14.09 14.69 15.08 15.16 15.68 14.60 14.34 13.44 11.88 11.00 11.47 12.19 13.48 15.24 13.78 10.22 11.79 13.21 13.38 13.65 20.22 19.43 11.91 9.66 5.42 8.36 9.24 7.72 6.32 6.26 3.90 4.30 4.08 3.73 0.93 1.26 1.30 1.32 0.99 1.14 4.59 4.82 5.00 5.56 5.13 0.23 0.54 6.46 7.54 0.87 6.61 7.55 5.27 2.95 2.58 2.49 2.91 3.27 2.71 2.72 2.58 2.44 2.25 2.28 1.10 1.08 1.20 1.53 2.30 2.79 2.81 2.43 1.71
11.52 11.79 12.08 12.36 12.31 11.76 11.11 11.44 11.95 14.83 15.64 15.90 15.50 14.90 13.66 13.52 12.16 10.73 11.64 13.44 15.09 16.42 16.15 10.97 9.37 11.70 13.43 14.04 14.70 20.07 18.81 10.12 9.24 6.30 9.12 7.44 6.93 6.47 5.98 5.10 3.69 4.12 4.75 5.52 6.25 5.10 0.92 1.17 4.16 3.94 4.39 4.06 0.25 5.22 5.24 5.00 4.06 4.44 0.65 0.95 4.85 3.40 4.16 5.12 5.56 5.99 6.47 6.97 6.67 6.82 7.06 6.52 4.35 4.41 3.52 3.22 0.68 0.92 1.49 2.59 3.14 2.73
11.85 12.06 12.14 12.35 13.16 12.16 11.80 12.14 12.78 12.99 13.50 16.49 15.56 14.26 13.20 12.39 11.63 12.40 14.25 15.50 17.23 17.22 13.08 9.51 10.65 13.34 14.81 14.00 12.81 17.10 19.11 11.30 5.14 5.74 7.11 6.93 6.97 5.32 4.49 4.66 4.86 4.38 4.39 5.32 6.38 6.63 6.44 5.68 6.06 0.92 4.87 4.67 3.50 3.54 3.52 2.50 2.47 3.57 4.14 4.87 1.54 5.06 6.02 5.91 4.40 3.86 3.64 3.45 3.57 3.40 3.28 3.53 3.76 3.69 3.81 4.73 4.18 3.05 0.71 0.88 2.19 3.06
12.22 12.51 12.70 13.16 14.03 11.26 12.90 13.57 13.74 14.17 17.26 15.97 13.44 12.74 11.88 11.57 12.67 13.66 15.22 16.68 17.36 13.82 10.81 9.24 12.35 14.94 14.87 12.17 12.31 16.56 18.59 13.33 6.42 10.59 11.64 9.83 9.08 6.67 5.10 3.98 4.03 4.62 4.86 4.29 4.21 5.01 4.88 5.10 5.94 5.61 5.13 5.83 6.06 5.44 5.22 5.75 6.28 6.80 6.74 3.47 5.26 3.77 3.04 2.13 1.64 1.94 2.16 0.89 0.81 2.17 1.14 1.13 0.76 0.79 0.89 0.81 0.59 4.03 3.34 0.25 0.98 2.38
13.08 13.39 13.80 14.28 14.19 13.40 13.97 14.27 14.60 16.72 14.94 12.83 11.77 12.66 12.18 12.60 12.36 12.49 14.52 15.88 15.40 12.18 10.79 10.91 13.44 15.06 12.60 10.95 12.63 15.86 15.93 12.64 6.59 8.55 12.52 13.73 12.33 10.39 7.31 5.15 1.96 2.61 3.41 3.03 2.61 3.45 4.97 5.54 6.09 5.20 5.03 5.75 6.81 7.24 7.69 7.25 4.65 2.93 2.08 1.26 1.21 1.58 1.65 1.40 1.94 2.41 2.15 1.69 1.59 1.59 1.46 1.23 1.05 0.97 1.18 1.40 1.29 1.09 0.67 3.84 0.76 1.76
13.84 14.47 14.93 14.78 14.38 14.34 14.55 14.72 15.30 13.76 12.11 11.16 12.71 14.32 13.98 12.92 11.05 13.06 15.63 16.78 16.34 13.91 12.75 11.93 13.57 13.55 11.30 11.27 13.79 14.08 11.33 9.08 13.98 14.38 14.78 13.85 16.09 16.14 12.45 8.12 3.15 0.95 0.02 1.77 2.95 2.95 4.18 4.23 5.71 6.73 6.60 5.21 4.19 4.13 4.00 3.20 1.03 0.99 1.29 1.64 1.31 1.47 1.86 2.09 2.69 3.28 2.71 2.03 2.23 2.28 1.86 1.61 1.60 1.74 1.79 1.72 1.68 1.63 1.25 0.70 0.76 1.36
15.21 15.72 14.81 14.59 14.59 14.83 14.02 14.70 13.75 12.11 10.96 12.32 14.13 14.81 13.80 12.47 12.58 15.27 17.25 18.48 18.26 14.55 12.62 11.00 11.28 11.05 10.56 12.45 14.55 11.90 8.43 6.93 8.76 11.14 8.30 12.64 14.93 18.68 17.36 13.24 10.13 7.86 6.95 6.77 6.29 5.80 4.11 3.92 5.40 4.90 1.55 0.63 0.34 0.59 0.61 0.68 1.11 1.12 2.32 2.45 1.76 1.86 2.48 2.73 3.11 3.57 2.98 2.47 2.20 2.61 2.10 1.56 1.47 1.79 2.69 1.99 1.72 1.71 1.76 1.23 0.85 1.03
16.70 14.37 14.34 14.87 15.17 15.11 13.15 12.90 12.83 11.41 12.58 14.05 15.06 15.12 14.91 16.12 13.86 17.45 18.70 19.04 17.49 13.43 11.51 9.28 9.66 9.91 11.66 14.18 13.67 10.54 7.32 8.44 7.35 11.75 13.39 9.43 13.22 20.70 20.10 18.49 16.69 14.05 12.20 11.30 9.93 5.30 3.50 4.49 1.21 0.89 0.48 0.94 1.44 1.62 1.75 1.95 2.12 2.57 3.04 2.45 2.00 2.21 2.78 3.29 5.26 4.23 3.49 2.57 2.58 2.44 1.87 1.42 1.16 2.44 3.25 2.49 1.92 1.84 2.00 1.68 1.52 1.50
17.28 16.10 14.82 15.20 14.06 13.52 12.29 13.06 13.95 13.41 13.87 14.38 16.17 17.06 15.29 16.08 19.79 19.54 19.72 18.65 15.75 12.66 10.80 9.79 10.75 11.78 14.33 15.01 12.95 12.16 9.84 8.95 11.29 11.94 16.73 11.58 11.03 19.38 19.49 20.90 18.21 13.93 12.00 12.60 10.49 7.04 5.12 0.61 1.17 0.74 0.59 1.96 2.94 3.94 4.63 4.53 3.85 3.63 3.41 1.97 1.27 2.60 3.26 4.03 4.86 4.94 3.46 2.68 2.68 2.36 1.17 0.43 0.59 2.66 4.02 2.77 2.04 2.13 2.84 2.82 2.22 2.26
16.30 16.75 16.02 14.06 13.80 12.83 13.90 14.72 15.08 14.91 15.03 15.68 16.23 17.14 21.29 20.25 18.94 18.14 16.50 16.38 15.27 12.10 10.74 12.61 12.53 13.63 15.10 14.51 15.22 15.03 12.23 11.98 13.25 13.26 19.13 13.29 10.02 14.41 14.41 16.43 12.52 12.27 9.05 10.34 12.23 8.92 6.27 2.95 2.45 2.36 2.80 2.99 3.45 4.76 6.85 6.75 4.59 2.45 2.98 2.30 2.63 3.26 3.68 3.99 5.28 4.93 3.68 3.90 3.84 2.38 0.93 0.66 1.16 3.85 4.99 3.27 2.06 2.32 3.66 3.85 2.57 2.02
17.50 15.99 14.70 13.90 13.78 14.77 15.46 16.28 16.31 16.34 16.73 17.63 18.41 21.44 20.24 17.82 17.28 15.99 15.06 15.70 15.15 13.30 12.68 11.90 11.27 11.60 12.62 13.87 15.41 16.07 12.86 13.80 15.28 16.71 21.35 14.17 10.99 13.99 13.41 13.55 13.20 10.64 8.19 6.68 9.12 10.69 8.39 5.59 4.84 4.60 4.39 3.85 3.68 4.24 7.02 8.42 5.37 2.72 1.87 2.03 2.51 3.12 3.43 3.88 4.63 4.53 3.77 4.42 5.09 3.19 1.09 1.15 3.18 5.39 5.29 3.85 2.84 3.06 4.33 4.08 2.39 1.62
18.01 16.89 14.62 14.98 15.65 16.57 17.28 17.58 17.96 18.26 19.20 20.64 21.02 21.65 18.16 18.54 16.25 15.36 15.27 16.07 14.94 13.66 12.20 11.05 9.26 10.51 13.42 14.41 17.76 16.46 13.75 14.96 15.75 19.01 20.73 11.94 10.21 12.72 12.99 12.28 11.03 8.88 6.56 7.07 6.59 6.97 4.95 4.10 4.66 4.48 3.32 3.27 3.62 3.93 6.87 8.85 5.81 2.16 1.47 1.14 0.83 1.73 2.06 3.30 4.49 4.10 3.01 4.38 5.36 3.42 1.73 2.87 4.73 5.02 4.11 3.55 3.20 3.63 4.08 3.12 2.26 1.95
16.86 16.19 15.89 16.59 17.45 18.38 18.36 19.30 19.29 19.96 21.79 23.28 20.28 18.70 16.97 15.83 15.46 15.34 16.03 16.24 15.19 14.42 13.25 12.88 9.56 12.35 14.06 18.24 21.62 16.88 14.64 14.40 16.18 19.57 18.49 7.05 7.38 9.24 10.41 10.30 9.70 8.64 6.69 5.85 7.35 4.11 3.09 1.70 2.42 2.65 2.04 2.26 2.33 3.04 6.09 8.41 6.75 3.40 3.24 2.31 1.79 1.17 1.90 3.32 4.67 3.55 2.92 4.86 5.10 2.82 2.40 3.83 4.32 3.75 3.31 2.96 2.73 2.84 2.36 2.17 2.66 2.73
18.68 17.41 16.82 18.01 19.33 19.41 19.73 19.92 20.35 21.40 22.83 20.63 19.65 17.57 17.28 17.20 16.77 16.14 16.83 16.52 15.25 15.19 14.20 12.21 14.31 15.66 21.12 19.83 17.99 15.44 17.35 15.23 14.80 19.62 17.51 5.17 6.92 9.01 9.71 10.07 10.95 9.74 7.27 5.36 5.55 5.61 6.08 4.80 5.10 3.88 1.55 1.57 1.78 3.83 5.97 7.50 8.87 6.80 5.46 5.18 4.61 3.84 3.42 4.23 4.54 3.38 3.99 5.52 4.84 3.22 3.15 3.81 3.83 3.81 4.05 3.70 4.61 3.20 2.69 2.87 3.34 3.20
20.64 18.28 17.29 19.44 19.81 18.22 18.83 21.16 22.47 23.58 20.48 19.32 16.36 16.06 16.99 17.42 18.35 18.94 18.96 17.96 17.99 17.10 14.14 12.25 15.52 18.04 17.62 15.78 15.62 13.98 13.91 9.95 15.66 19.54 16.82 5.43 7.02 11.42 11.54 12.57 14.44 13.68 11.69 5.96 4.08 3.53 4.49 4.34 4.05 4.04 2.90 4.42 1.93 3.79 5.86 7.95 9.53 8.20 6.89 6.70 6.19 5.44 5.89 5.19 4.28 3.82 4.72 5.50 4.96 4.57 4.79 4.36 3.35 3.68 4.50 4.33 4.07 3.55 3.09 3.71 3.75 3.36
21.58 17.20 16.28 19.38 18.98 16.31 19.35 24.22 22.36 20.10 18.82 16.31 15.41 16.54 17.95 19.14 19.50 20.48 21.09 20.27 18.52 14.56 13.44 13.28 14.93 15.04 14.13 13.95 15.71 13.84 12.87 11.94 15.58 19.61 16.77 6.00 9.93 12.24 11.05 11.66 13.79 16.27 14.50 10.94 6.81 3.50 1.54 0.65 3.86 4.27 4.15 2.68 1.42 2.59 4.96 6.91 7.71 6.82 6.59 6.11 5.46 6.39 4.02 5.62 4.77 4.32 2.43 4.49 4.62 4.74 5.65 5.73 3.75 3.44 4.77 4.63 4.33 3.41 3.10 4.22 4.52 4.17
20.65 15.59 14.14 17.93 16.97 15.98 22.96 24.14 20.27 15.77 13.49 13.95 15.71 16.48 17.62 18.47 18.83 20.11 21.33 19.87 17.69 12.51 11.63 12.82 14.32 13.69 14.26 15.90 16.57 12.86 12.14 10.07 15.57 18.71 15.77 6.29 10.18 3.29 9.21 7.02 10.10 12.55 12.84 13.32 10.55 7.50 3.59 1.62 0.91 1.02 4.47 4.06 2.89 1.64 4.53 5.75 5.60 6.23 6.20 5.38 3.17 5.57 6.42 6.21 5.83 5.55 4.16 4.04 4.28 4.31 5.65 6.23 4.10 3.29 4.63 4.78 4.30 3.71 3.76 4.79 4.94 3.88
19.09 15.91 13.91 15.55 16.40 19.65 25.72 20.98 13.96 10.83 11.50 15.31 16.78 15.55 16.07 17.34 18.12 22.01 20.38 17.06 15.22 10.82 10.80 13.24 13.99 13.37 15.44 17.51 15.37 11.61 10.18 12.66 17.21 19.28 14.60 6.95 15.68 2.03 2.96 8.85 5.21 9.10 10.59 9.49 11.79 11.75 10.28 7.17 3.13 1.03 0.58 1.08 2.36 1.69 3.54 4.58 5.23 6.13 6.53 6.13 5.64 5.43 5.87 6.01 5.89 5.93 4.80 3.93 4.14 4.76 5.93 5.89 4.44 4.05 4.91 5.04 4.73 4.11 3.80 4.50 4.24 3.39
18.01 15.82 13.48 14.73 18.95 26.15 22.57 16.20 11.10 10.42 15.27 18.04 16.43 14.18 18.36 18.37 20.96 22.88 19.73 14.86 12.67 11.07 14.19 15.30 15.27 14.11 15.89 18.31 14.38 11.86 13.71 15.94 17.95 17.94 14.05 7.71 4.84 7.77 3.70 5.22 4.75 2.38 2.39 4.09 7.34 9.39 10.29 10.96 9.15 4.30 1.76 0.94 0.73 1.66 2.22 3.72 5.10 5.42 5.62 5.74 5.65 5.58 5.80 5.91 5.79 5.92 4.80 3.48 4.14 5.50 5.87 5.75 5.47 5.43 5.59 5.27 4.72 4.14 3.34 4.23 4.28 4.06
17.31 14.92 13.68 17.48 23.09 25.15 18.90 12.70 10.51 13.38 18.09 18.02 17.16 15.16 17.66 21.07 27.06 24.75 18.07 14.08 12.72 14.94 16.94 17.31 14.49 15.77 17.54 17.37 13.94 13.63 17.25 17.60 16.25 14.76 13.56 8.16 4.30 4.27 4.25 4.78 2.56 2.51 2.89 2.95 2.31 3.81 4.04 6.72 10.14 9.37 6.32 4.01 2.67 3.13 3.63 3.51 4.80 5.37 5.31 5.45 5.61 5.71 5.74 5.71 5.62 5.92 4.47 3.30 4.53 5.80 5.96 5.96 5.99 6.11 5.90 5.64 5.11 3.26 3.34 4.39 4.51 4.29
16.52 14.38 15.24 20.49 24.03 21.24 14.64 10.91 12.82 17.01 17.91 18.32 17.84 19.39 23.01 29.65 32.97 23.24 16.44 14.31 14.08 15.95 16.69 14.10 15.45 17.20 18.52 15.98 15.17 17.48 18.77 16.88 15.18 13.36 10.93 7.27 1.68 3.81 3.70 2.07 1.95 4.44 3.70 3.28 2.92 2.51 2.07 2.45 5.62 9.34 9.27 7.42 6.35 5.69 5.35 4.81 5.02 5.34 5.20 5.38 5.72 5.95 5.60 4.99 5.68 5.71 5.22 4.57 5.56 6.17 6.31 6.09 5.91 6.79 8.43 4.16 3.19 4.11 4.07 4.80 4.59 4.56
15.06 14.13 16.46 20.84 20.70 17.57 12.85 11.19 14.47 17.71 19.52 21.75 24.00 28.25 31.28 33.67 28.64 20.66 16.07 14.96 16.30 14.94 16.50 15.85 16.56 17.79 17.97 17.19 18.10 18.70 17.24 15.64 14.56 11.92 10.45 4.80 0.90 2.56 1.77 2.38 4.12 6.88 5.58 5.15 4.12 3.74 3.22 2.31 2.51 6.16 8.18 7.33 6.01 4.96 5.30 5.39 5.71 5.99 5.43 5.91 6.44 6.38 5.63 4.06 4.13 5.15 5.46 5.89 6.57 6.68 6.31 6.38 4.54 5.40 7.10 4.28 3.03 3.76 4.93 5.23 4.87 5.39
14.72 15.03 17.08 19.01 17.91 15.55 12.29 12.42 16.75 19.94 23.00 29.43 31.26 32.46 36.82 31.88 25.79 18.75 16.51 16.14 17.85 16.04 14.81 16.79 17.03 17.55 17.74 18.43 19.32 18.43 15.84 14.73 14.90 10.52 8.65 4.42 2.26 3.36 3.16 5.17 5.38 8.46 8.66 6.20 6.79 5.20 3.65 3.03 2.08 3.90 6.29 5.78 4.30 4.19 4.84 5.21 4.51 5.27 6.62 7.54 6.97 7.35 6.25 3.59 3.27 4.85 5.91 6.45 7.46 7.89 6.03 4.47 3.91 5.93 6.78 5.10 3.87 3.86 5.14 5.83 5.72 6.22
14.26 14.81 16.03 16.65 15.83 13.93 12.72 15.35 20.76 27.94 31.36 32.85 33.06 36.80 37.06 30.54 22.46 17.44 16.33 14.87 15.22 15.19 14.84 13.89 16.70 17.34 17.62 19.22 19.82 18.17 16.13 16.12 15.25 9.07 8.73 6.84 6.17 7.55 7.18 7.37 7.00 9.57 9.05 8.64 7.35 6.71 5.33 4.23 3.18 3.08 4.97 5.13 4.01 3.98 4.52 5.05 3.26 5.20 5.45 5.58 5.88 6.69 8.95 3.93 3.65 5.22 6.58 7.85 8.23 9.12 6.26 4.19 4.97 6.33 5.55 5.65 4.57 3.89 5.23 6.92 6.76 6.60
14.26 14.76 15.84 16.27 15.58 15.31 17.23 22.80 31.84 35.03 37.31 37.27 38.76 39.88 34.05 27.21 19.84 16.59 14.67 15.51 16.16 15.00 12.75 13.38 16.18 16.36 17.15 19.54 18.84 17.31 16.52 15.07 12.62 9.27 9.39 9.26 8.07 10.08 9.63 9.06 8.32 9.89 9.63 7.31 7.91 7.27 5.20 4.65 3.67 3.17 4.03 4.53 3.95 4.03 4.45 4.86 5.15 5.17 5.07 5.44 5.54 5.53 6.14 5.34 5.37 4.13 6.37 7.16 7.55 9.04 7.14 4.40 2.71 4.77 5.80 6.21 4.52 3.72 5.58 7.85 7.29 6.87
14.79 15.34 16.63 17.75 19.25 22.13 25.96 33.79 36.48 37.64 36.21 37.17 37.19 34.21 28.89 21.80 16.73 15.30 15.27 13.09 15.60 15.25 13.06 13.26 15.47 15.59 16.82 18.47 18.92 18.25 17.21 13.95 10.89 8.84 10.13 10.63 9.04 11.09 10.70 9.68 8.83 10.70 8.94 7.52 5.23 6.55 4.00 3.50 3.88 2.27 3.82 4.46 4.31 4.32 2.77 4.76 5.04 5.19 5.06 5.34 5.14 5.76 6.20 6.17 5.71 2.89 4.26 8.07 8.70 9.20 7.83 4.60 2.28 3.92 5.49 6.93 5.72 4.15 5.93 8.59 8.01 6.54
13.93 14.76 17.00 20.17 27.18 30.78 33.92 37.92 37.42 36.52 35.58 34.55 31.18 28.61 23.03 17.89 14.39 14.14 15.05 14.80 16.11 16.30 16.85 16.64 15.22 15.76 17.16 19.21 21.16 20.30 17.91 14.41 11.66 9.98 11.96 10.58 10.03 11.65 10.72 9.77 8.79 6.98 7.46 5.92 4.98 4.77 3.82 3.92 3.57 0.42 3.70 4.36 4.42 4.33 4.55 4.69 4.93 5.25 5.21 4.76 7.42 5.25 6.43 7.79 5.24 2.51 3.76 9.15 9.28 8.86 7.60 5.06 2.74 4.29 4.53 6.46 7.20 6.64 6.52 8.20 7.49 5.68
14.28 16.31 20.58 27.75 31.94 34.27 37.40 37.30 36.58 35.52 33.26 30.39 26.81 24.65 21.73 17.80 14.72 19.74 14.75 12.72 16.72 16.57 17.46 16.74 13.73 15.61 17.53 20.81 22.19 19.21 16.42 14.75 12.73 10.46 10.97 11.69 11.46 12.04 10.53 10.56 8.40 6.07 7.72 6.38 5.13 4.56 3.30 2.72 3.12 0.42 3.16 3.28 3.63 3.82 3.27 4.65 5.03 5.44 5.59 4.86 3.93 5.55 6.05 7.14 6.71 2.49 3.09 7.12 8.74 7.92 6.89 5.01 3.40 3.23 3.93 6.85 8.06 7.61 6.00 6.33 5.86 4.78
16.32 19.28 24.09 30.86 34.36 34.50 33.44 32.64 31.84 31.61 28.68 28.02 25.83 24.75 21.78 18.01 15.08 14.15 14.93 14.90 16.89 14.61 17.26 15.31 13.11 15.59 17.96 22.57 21.70 17.38 14.33 12.81 11.50 10.40 11.05 12.15 11.47 11.47 10.79 10.09 8.24 6.92 8.55 8.07 6.86 5.93 5.23 3.17 4.49 2.96 2.64 3.31 3.34 3.44 3.60 4.09 4.77 5.56 6.11 6.93 4.11 3.13 4.46 6.70 6.00 2.77 2.72 6.62 9.21 9.21 6.82 4.79 3.82 3.69 3.79 5.54 8.96 8.61 7.07 6.59 6.27 5.63
17.01 19.42 24.50 31.58 32.71 30.14 28.98 28.45 28.65 29.00 26.24 23.68 22.24 23.85 21.04 17.37 14.94 14.63 15.73 16.84 15.75 14.43 13.76 14.94 13.16 16.15 19.93 23.90 21.08 16.16 14.68 12.95 12.66 12.22 11.59 11.97 12.31 11.68 10.89 10.23 9.69 10.14 6.57 9.57 8.61 7.23 5.80 4.68 4.49 3.71 3.74 4.13 4.02 3.78 3.38 3.38 3.83 5.03 6.33 5.43 5.67 3.46 3.58 6.56 7.59 3.44 2.86 5.62 8.79 9.54 8.55 4.92 4.03 4.11 3.83 5.20 8.04 8.51 7.79 7.64 6.75 5.71
16.18 18.82 26.09 32.82 31.25 27.79 26.09 26.50 27.44 27.41 25.07 22.58 22.68 23.09 20.83 17.53 15.47 15.13 16.14 17.18 17.07 13.86 15.14 13.83 15.72 17.57 23.68 24.36 19.16 16.50 17.48 14.79 14.72 13.39 12.26 13.53 12.59 11.97 10.91 11.04 10.63 8.81 7.38 9.39 8.27 7.66 5.93 5.87 5.63 5.04 4.96 4.79 4.62 4.38 3.87 3.56 3.55 4.03 5.66 6.99 6.04 5.33 3.92 4.35 4.77 4.13 3.50 4.72 7.63 9.73 8.84 5.80 4.13 3.75 3.84 5.37 10.07 7.94 7.73 9.92 7.13 5.17
16.26 20.26 28.96 31.74 30.15 26.20 24.80 26.30 26.90 25.88 23.89 21.87 22.73 21.31 21.41 17.64 15.20 14.60 15.84 17.10 16.81 14.10 16.54 16.14 17.17 20.16 25.45 23.20 17.72 18.50 18.81 16.71 18.08 16.66 12.59 13.08 13.11 12.01 10.96 11.58 9.99 8.87 7.65 6.03 8.70 9.06 8.17 6.25 6.27 5.54 5.31 5.25 4.61 4.35 4.53 3.95 3.82 3.95 4.93 6.41 7.31 6.77 5.32 3.85 3.58 4.31 4.42 4.31 7.54 9.18 9.48 7.97 4.29 2.86 3.70 5.93 7.93 8.29 8.33 8.59 7.07 4.90
