examples/cougarCreek-fire/createInputs/WindNinja/wrfout_d3.2015081200.f13/cougarCreekFire_08-12-2015_1300_217m_non_neutral_stability_vel.asc
ncols	146
nrows	140
xllcorner	610065.000000
yllcorner	5095217.000000
cellsize	216.586807
NODATA_value	-9999.000000
[rows 35 to 69 of 140, columns 0 to 78 of 146]
17.21 17.12 20.34 19.37 10.55 9.09 19.38 22.44 24.55 27.40 30.89 35.02 34.12 29.58 25.02 15.24 13.65 13.42 12.78 20.45 25.91 31.19 33.11 39.25 35.14 34.60 33.08 34.36 39.57 45.20 43.14 38.51 22.93 2.07 7.24 10.29 13.49 19.19 24.25 28.80 32.18 32.99 34.33 36.19 36.19 38.42 40.42 41.12 39.14 32.27 32.87 33.98 37.79 35.76 28.19 19.97 13.53 11.31 12.45 15.41 14.50 15.16 14.04 15.08 14.95 14.75 13.83 13.75 14.94 16.28 17.00 16.83 14.29 10.92 14.23 13.51 12.89 12.19 12.11
12.33 15.67 18.58 19.39 11.45 10.67 7.89 20.03 22.48 26.29 30.12 32.85 33.44 33.60 30.97 26.99 24.72 25.35 23.87 24.57 26.66 27.69 32.13 30.82 32.86 33.00 34.22 38.21 43.26 46.12 41.18 34.59 23.35 6.66 4.32 7.82 10.57 5.58 11.08 16.98 20.33 22.05 25.30 35.13 36.86 39.55 39.96 40.41 42.95 33.39 34.27 33.53 35.99 36.95 33.29 26.84 18.07 11.43 10.55 10.74 10.90 12.10 13.17 16.97 15.26 14.97 15.97 17.71 19.47 21.95 20.85 20.63 18.13 13.08 10.54 11.89 13.24 13.52 8.56
15.33 16.34 16.98 19.17 21.62 17.67 17.34 19.26 21.43 22.77 26.01 29.78 31.73 33.07 28.72 26.19 26.87 24.70 22.98 21.58 22.18 24.51 29.72 34.80 31.91 29.13 35.45 40.42 47.11 50.14 45.62 28.09 18.45 11.04 7.20 10.81 12.20 15.48 20.53 25.52 19.01 28.39 23.06 27.00 31.10 26.03 26.85 35.83 42.40 42.57 41.69 34.25 34.15 34.52 33.67 31.77 23.89 15.45 11.61 10.66 8.89 8.34 8.49 9.21 10.06 10.91 11.56 12.17 13.23 14.70 16.42 19.47 20.99 21.61 18.60 17.03 16.42 15.44 14.62
3.42 4.05 14.27 18.06 21.58 20.55 10.08 6.39 21.65 21.67 27.12 26.80 29.11 29.22 27.95 25.78 24.36 23.87 23.78 24.96 25.52 23.82 27.80 34.25 35.44 32.65 37.31 44.60 49.96 54.21 53.91 38.49 13.08 5.61 6.76 9.55 8.74 5.78 10.55 25.83 30.69 31.31 19.99 22.03 22.82 24.40 26.03 25.51 38.87 39.94 43.99 41.58 41.76 34.18 32.48 30.65 26.78 21.41 14.95 12.52 10.95 9.73 9.41 10.59 10.63 11.65 9.91 7.38 4.17 3.30 5.82 12.09 18.66 22.20 23.63 23.80 22.23 20.21 17.93
4.41 13.23 17.38 18.84 20.75 23.26 9.03 19.23 18.71 22.77 23.99 25.70 29.35 29.05 29.40 27.94 26.05 24.28 22.82 23.27 23.54 24.61 27.60 34.36 33.62 32.22 36.78 43.40 52.34 55.13 59.87 45.88 19.82 1.48 6.97 10.33 13.97 17.51 19.94 16.14 17.79 30.31 22.46 24.90 32.48 37.55 40.37 41.78 42.45 43.00 42.71 43.08 41.83 41.18 39.54 29.65 25.10 20.86 16.43 13.68 12.19 10.56 10.09 11.28 12.44 12.81 12.19 9.55 6.83 4.05 3.65 4.31 7.37 11.66 16.41 20.16 22.40 24.32 23.62
8.05 17.11 19.16 21.64 10.20 10.69 9.13 19.50 19.21 19.80 23.89 25.49 28.59 28.34 29.62 28.58 27.01 24.13 21.51 22.54 25.01 27.86 30.02 31.19 28.96 29.36 33.82 41.83 45.95 54.98 61.92 47.79 22.58 7.41 6.80 9.97 11.87 17.34 25.16 19.39 21.97 24.88 26.56 24.66 25.01 25.77 28.00 30.62 31.20 42.56 42.51 42.03 43.04 39.94 25.25 22.78 30.44 25.75 12.00 19.65 17.58 11.61 10.82 12.44 13.82 14.83 13.14 8.85 6.48 4.47 3.66 3.43 3.64 5.07 6.76 8.90 12.36 18.35 23.62
6.04 6.52 15.42 19.46 10.48 10.71 8.75 19.10 19.10 21.09 23.46 25.35 26.04 24.66 25.60 26.92 26.99 24.25 22.39 25.56 28.31 30.29 31.52 25.62 23.84 27.20 35.51 40.53 41.95 54.45 63.45 50.70 25.37 10.25 5.32 6.27 11.53 17.32 22.81 28.63 28.97 31.90 34.91 35.03 35.71 33.68 29.20 29.83 36.99 37.77 39.21 36.54 31.44 36.84 35.59 32.05 27.48 24.63 16.70 14.96 16.98 12.94 13.22 14.70 15.47 15.18 13.88 13.86 12.66 12.37 12.05 11.61 6.86 5.83 1.61 4.10 7.98 8.07 12.95
7.32 15.49 17.99 18.83 21.64 10.49 19.13 19.14 19.69 20.77 22.92 25.29 25.83 24.27 23.39 25.00 26.22 26.75 26.81 26.91 29.54 31.79 27.48 21.48 22.72 26.63 35.76 39.72 42.35 52.94 63.95 58.97 43.01 23.18 10.42 3.91 10.34 16.46 21.43 26.98 30.94 31.33 33.15 34.11 37.51 39.80 40.85 40.08 39.14 31.25 38.97 36.81 32.16 32.04 30.87 26.14 23.78 23.56 22.35 21.88 15.43 14.74 16.98 18.43 12.30 10.66 11.06 11.57 11.90 10.81 10.43 9.19 8.33 10.70 12.79 14.58 3.59 5.50 6.64
5.17 5.18 17.88 4.17 10.35 9.97 19.84 17.83 19.00 22.34 23.53 21.72 17.49 18.56 20.42 24.26 25.71 27.30 26.59 28.66 31.39 27.95 22.82 20.47 21.38 26.76 35.20 37.38 42.46 49.81 59.52 56.75 50.26 39.55 27.30 11.54 8.67 15.21 19.27 23.18 27.40 31.63 33.51 34.07 36.32 37.76 36.93 36.35 39.49 40.44 40.15 39.37 36.58 33.83 30.87 28.71 29.18 29.62 31.09 25.13 18.07 13.13 14.14 13.11 10.57 8.64 7.27 6.55 1.50 5.76 2.97 2.97 2.92 3.71 5.06 9.14 11.01 12.03 2.55
5.86 5.19 3.00 18.83 18.04 18.29 19.35 18.62 20.01 19.60 18.51 14.95 16.95 21.98 22.19 25.11 22.87 25.61 27.76 30.23 32.45 27.58 23.54 20.43 20.56 27.00 32.62 33.68 40.50 47.93 56.35 52.29 49.61 41.82 33.74 26.70 11.65 12.73 16.44 20.87 24.52 27.97 29.41 27.15 28.55 31.08 33.76 32.97 36.08 38.10 39.84 39.82 39.53 36.84 34.62 32.98 26.20 19.88 18.85 17.74 14.66 13.33 13.09 11.00 9.42 7.76 5.87 5.96 6.90 7.25 7.05 7.16 8.24 8.81 8.85 8.59 7.24 5.50 9.04
18.85 18.48 16.66 18.22 17.59 20.12 17.30 18.87 19.47 14.22 8.84 14.67 20.37 22.95 23.58 24.04 22.93 25.83 29.43 33.61 33.25 28.81 23.59 19.61 20.31 25.21 28.76 31.30 36.96 47.54 52.61 48.22 47.01 43.30 35.59 26.44 18.12 14.37 12.39 19.69 21.82 15.59 17.83 20.09 21.64 25.69 28.05 27.32 32.38 36.15 39.93 40.20 36.46 32.10 27.26 23.52 19.53 19.91 19.31 18.88 17.61 16.13 13.99 11.54 10.06 8.37 7.78 6.53 9.11 8.52 10.77 9.43 8.55 7.26 5.31 3.16 10.35 1.08 3.81
5.09 5.10 4.43 15.67 17.68 19.83 16.57 15.88 14.94 8.20 14.82 17.01 21.66 21.40 22.99 23.66 23.61 26.42 30.54 35.01 33.50 27.86 21.20 16.88 19.14 21.80 25.74 31.03 39.26 50.44 49.98 46.67 44.86 42.84 36.00 25.10 19.53 19.35 18.09 14.17 13.52 15.03 17.24 18.34 17.76 28.34 25.65 24.85 30.61 31.12 27.48 29.33 28.48 25.00 22.41 20.32 19.93 22.17 22.61 21.53 19.90 16.98 13.74 10.79 8.25 7.45 7.00 6.66 7.18 7.42 8.70 8.58 7.86 4.79 4.55 7.13 10.10 3.48 0.64
6.39 6.80 5.99 18.54 19.24 18.20 7.74 15.29 16.54 15.34 16.93 19.43 21.07 22.63 24.93 26.82 12.50 12.53 30.45 34.89 33.60 24.29 18.67 17.53 19.45 20.39 23.41 31.28 40.52 47.63 48.43 45.41 41.52 42.30 35.20 23.70 17.30 21.52 21.04 21.40 13.72 16.69 16.66 15.31 25.09 19.01 21.81 25.64 18.85 22.32 25.51 27.43 26.96 24.97 24.63 25.86 26.37 25.05 22.12 19.09 18.27 15.01 12.95 11.07 6.21 3.80 4.75 5.07 3.55 3.90 5.46 4.63 3.10 2.65 4.16 5.42 8.80 10.77 10.90
6.52 7.35 10.13 16.41 7.71 8.44 7.07 17.36 18.72 18.03 19.81 18.87 20.11 22.51 21.64 12.24 12.82 14.36 30.69 34.02 33.71 24.14 19.17 20.75 19.27 19.91 24.04 32.17 39.99 46.48 46.00 43.79 38.87 42.97 33.41 27.99 14.75 20.85 20.91 25.87 19.47 12.80 14.96 13.59 23.46 23.68 27.24 17.49 19.41 22.61 26.53 28.57 26.70 25.70 26.64 27.05 25.68 22.76 18.99 15.46 12.95 10.21 7.48 5.67 3.57 1.17 1.07 1.92 3.46 3.33 2.88 6.84 2.70 3.50 6.27 4.05 5.43 9.58 3.84
6.74 7.31 7.80 7.19 8.06 16.28 19.48 21.23 19.27 20.01 18.90 19.40 20.69 19.76 13.10 24.49 23.22 24.79 24.17 31.21 32.94 26.36 22.36 20.81 18.25 20.70 24.01 31.16 37.63 36.09 45.44 35.74 37.83 41.19 34.57 29.20 13.62 19.42 20.34 25.04 8.36 24.75 13.73 15.95 14.63 27.30 18.29 22.01 23.79 26.33 29.00 28.63 25.92 24.99 24.91 22.29 20.70 20.50 18.44 17.43 16.01 12.96 9.00 5.50 5.92 4.57 4.07 4.62 10.70 10.57 7.50 1.70 1.85 2.10 2.78 2.41 2.16 1.13 11.18
7.50 7.63 7.51 9.12 19.41 20.51 19.98 20.48 19.73 19.81 22.12 22.98 22.90 25.57 23.49 20.14 20.71 21.37 22.71 29.02 32.25 28.29 23.01 18.52 17.86 19.37 22.63 28.27 29.13 35.19 42.75 33.51 36.83 41.21 37.08 30.19 16.11 19.97 19.24 20.99 22.02 23.12 26.72 21.64 18.68 18.80 23.39 25.85 28.25 29.45 28.30 24.93 23.12 23.23 23.63 21.97 19.44 18.28 19.38 18.97 15.75 13.81 11.13 7.05 3.13 1.17 1.83 2.77 4.51 6.00 6.95 7.76 8.21 3.89 5.18 4.24 11.18 11.24 12.27
7.98 8.13 9.40 19.67 21.24 20.67 20.65 21.07 19.84 22.16 20.44 13.38 25.15 24.47 15.80 18.29 19.11 20.94 22.86 28.03 30.69 30.55 26.15 18.54 18.68 19.92 22.88 27.37 30.77 34.25 39.18 32.45 36.38 41.84 36.87 28.76 20.01 22.65 20.68 19.96 18.51 20.37 24.68 29.56 25.25 26.28 23.60 24.77 27.43 27.99 26.59 23.69 21.26 19.98 20.70 20.88 16.17 13.15 17.57 18.47 17.32 14.46 10.03 8.31 5.31 2.07 4.26 2.92 10.26 7.27 7.77 8.07 8.08 9.00 10.83 11.58 12.62 12.74 13.62
7.92 8.18 11.82 20.66 19.69 20.26 20.99 20.92 20.26 23.27 26.25 22.64 16.52 15.99 16.04 16.82 18.34 20.12 22.51 26.36 28.04 30.50 28.09 14.79 20.89 19.97 20.02 24.73 31.14 38.08 35.15 30.86 36.34 42.70 34.11 24.75 22.23 23.36 21.32 20.37 16.52 17.22 20.77 26.76 32.73 29.59 28.35 24.21 25.42 25.70 24.79 23.51 21.07 17.60 17.56 16.61 14.27 14.23 15.26 17.06 16.99 21.42 11.55 8.63 7.94 6.14 3.60 2.60 2.88 4.31 4.31 6.24 7.22 7.68 8.35 9.81 11.50 12.29 13.44
7.58 11.13 20.74 22.63 21.34 20.19 19.94 20.00 22.09 24.46 22.70 15.42 12.79 14.12 17.86 19.63 18.79 20.88 22.11 24.84 24.81 27.83 25.79 19.94 23.46 18.55 22.22 30.08 34.45 34.86 30.79 33.43 35.56 44.11 33.99 22.81 19.67 17.37 13.82 10.92 11.49 13.21 17.87 24.22 30.29 33.89 34.96 31.64 29.87 24.79 22.30 20.98 19.78 17.25 16.28 16.72 15.67 17.14 17.67 16.51 15.89 15.01 11.63 9.22 7.98 5.94 7.11 1.77 2.85 2.75 1.24 3.48 4.70 5.81 4.68 3.98 1.75 5.78 1.25
6.63 11.44 21.14 20.85 20.43 18.26 23.25 23.40 24.12 24.62 15.65 12.07 14.79 18.66 20.62 21.20 20.49 22.51 23.91 24.91 23.96 25.10 26.42 23.81 22.97 23.70 26.07 27.24 32.17 34.78 29.32 30.50 34.06 44.19 33.19 22.29 27.26 25.68 16.76 15.08 17.70 16.29 13.56 17.94 24.99 32.34 34.90 35.61 35.58 34.75 25.82 20.55 18.43 17.13 17.15 19.02 19.88 20.50 19.70 17.86 17.41 15.79 12.17 10.69 9.22 6.81 4.15 3.28 3.77 5.46 10.76 8.01 2.12 12.21 4.93 5.32 7.04 13.12 6.67
3.75 10.37 19.49 21.45 13.82 20.03 24.31 25.79 20.15 17.61 11.83 9.84 19.23 19.12 20.25 20.02 20.41 21.85 21.79 20.98 19.76 20.49 21.59 22.51 23.88 24.56 25.61 27.53 32.06 34.18 29.72 26.21 32.93 41.49 32.55 21.23 27.07 22.91 22.93 24.29 24.14 23.82 15.73 7.78 11.69 18.28 31.38 35.86 34.73 32.69 32.72 26.65 18.91 18.28 18.27 19.91 20.82 20.49 19.34 18.15 17.38 17.76 19.67 20.58 11.79 11.67 14.98 8.71 15.38 10.01 10.87 11.63 16.10 3.58 12.54 12.49 6.34 1.44 14.39
1.26 8.44 15.35 19.50 20.73 25.87 28.26 24.63 13.20 12.14 8.30 20.32 12.01 19.58 20.47 22.95 20.75 23.32 21.12 16.33 15.83 16.19 18.36 20.84 24.48 26.01 26.98 29.46 33.44 31.09 28.09 29.18 32.89 39.99 30.81 18.57 25.55 22.16 23.09 24.27 24.95 23.69 23.87 9.58 9.34 12.73 18.21 22.67 25.13 34.89 32.28 27.71 26.23 19.63 20.18 21.17 19.77 21.10 21.89 21.78 20.88 19.00 14.85 12.98 11.90 11.61 17.68 9.45 8.90 9.37 10.52 11.90 13.35 16.30 10.14 10.78 11.50 10.90 9.77
1.42 6.93 14.94 18.94 25.33 28.13 21.72 17.88 12.85 14.22 18.32 23.48 19.20 19.30 21.05 23.35 26.11 30.28 16.76 10.29 13.50 14.37 16.18 19.04 24.00 25.76 26.48 29.72 32.86 29.87 28.89 27.10 26.10 33.09 30.04 18.25 25.21 22.60 17.55 25.09 25.00 23.58 24.67 22.01 17.28 10.07 13.69 15.60 20.35 22.29 23.64 34.93 23.34 24.87 23.49 29.53 30.85 22.14 21.80 20.39 20.21 21.58 15.26 13.95 12.34 11.37 10.13 9.15 9.48 10.42 11.35 11.43 14.68 9.00 7.90 7.99 8.26 8.04 8.18
4.60 3.36 18.03 9.32 8.61 16.59 24.92 13.60 11.37 21.28 20.68 22.95 18.55 22.85 23.00 16.09 17.82 23.55 20.15 6.77 12.51 14.19 16.22 17.86 22.44 24.10 26.83 32.10 30.12 28.37 26.44 19.69 23.29 30.65 30.59 19.61 22.90 21.35 14.48 26.69 22.43 20.92 22.15 24.97 22.50 10.90 11.52 12.87 14.98 16.91 19.40 20.77 25.00 26.33 31.67 22.33 18.93 19.33 15.44 14.03 17.95 19.29 19.07 18.04 17.39 16.58 10.62 10.42 10.32 10.57 10.54 16.24 7.97 5.96 4.89 5.87 7.23 8.05 1.03
5.19 5.19 9.56 5.24 9.67 28.79 18.20 15.92 23.52 23.83 24.11 23.86 24.00 12.36 13.31 14.50 24.02 25.94 17.01 9.08 9.62 10.09 11.37 15.67 18.05 21.68 28.00 32.01 29.68 28.92 17.92 20.25 29.53 33.22 33.52 22.59 17.76 24.36 24.44 20.03 21.65 23.42 17.81 22.34 21.81 23.96 24.03 24.30 16.20 15.48 15.13 14.28 15.16 16.47 15.56 14.39 14.75 14.40 13.28 12.54 11.77 11.22 10.93 10.10 9.46 9.62 15.18 14.75 14.57 14.33 6.77 4.93 3.57 3.84 5.20 6.24 7.31 8.34 2.05
3.24 4.36 17.20 18.95 25.87 19.15 17.43 26.27 27.55 18.72 17.99 16.88 13.03 13.90 14.54 23.28 29.12 23.82 12.92 7.42 7.89 8.81 10.54 13.55 16.64 20.06 28.05 31.21 30.60 27.96 18.64 27.37 29.76 31.26 33.87 23.31 17.38 22.76 24.06 23.36 19.64 24.01 22.92 22.74 24.43 20.98 21.50 10.03 12.84 13.64 28.61 19.03 14.74 15.21 15.01 13.86 12.98 11.78 10.27 9.52 9.36 9.28 9.15 8.64 8.15 11.35 10.91 7.03 5.74 3.72 1.35 1.84 3.64 4.55 5.22 5.89 3.17 3.45 9.37
1.83 14.07 16.54 17.06 18.88 15.53 15.92 28.02 19.42 18.79 17.66 16.91 13.90 17.66 23.07 29.25 27.95 18.08 9.73 6.53 6.61 7.35 10.84 10.32 14.41 19.11 26.92 29.73 29.04 28.92 27.85 27.98 29.82 29.69 29.69 26.71 18.09 21.48 24.70 23.84 21.06 21.66 21.69 19.94 22.14 22.10 24.91 26.29 10.87 27.71 29.06 30.55 30.57 27.10 14.82 13.12 11.62 10.20 8.77 7.75 7.12 6.59 6.34 6.46 6.21 5.11 3.48 1.34 1.24 3.16 4.22 4.33 4.10 4.14 3.88 3.81 6.77 7.89 8.70
13.17 17.52 18.28 16.02 16.94 21.42 23.98 22.64 19.91 18.66 19.21 18.88 21.63 24.13 28.21 29.63 22.60 12.61 8.27 6.41 7.37 5.90 7.71 9.82 13.59 17.41 22.99 27.70 30.34 31.17 28.65 28.24 19.56 30.90 25.07 26.16 23.89 21.67 24.96 22.46 21.99 19.71 20.92 20.84 21.27 22.50 21.21 23.09 24.03 26.05 27.13 29.48 27.73 14.86 14.65 12.90 11.26 9.69 8.39 7.50 6.74 5.43 4.04 2.82 2.44 2.59 3.61 5.33 6.77 6.99 6.07 5.07 4.82 5.36 4.05 6.21 6.77 7.80 8.56
15.60 12.62 12.72 15.57 18.70 16.39 14.65 14.09 17.04 16.47 20.99 23.53 24.98 27.36 29.71 26.36 16.60 9.04 6.54 6.92 7.01 7.43 8.32 10.41 12.09 15.41 20.21 26.18 30.19 31.95 30.97 18.50 19.22 28.36 21.11 25.22 25.33 24.71 24.62 23.00 21.72 19.68 22.08 20.57 20.18 22.18 22.30 23.13 23.34 24.50 28.02 27.77 29.96 14.29 14.19 12.98 11.18 9.40 8.17 7.41 6.93 6.03 5.15 5.10 5.68 6.31 6.80 6.90 6.65 6.60 6.16 5.99 6.50 7.10 6.23 6.79 6.64 7.58 8.43
2.97 7.49 10.86 9.69 8.34 7.93 7.58 10.08 13.82 22.08 24.44 24.54 27.12 29.75 27.91 20.93 12.25 5.47 1.87 8.04 7.97 10.65 9.11 10.06 10.43 13.79 17.43 24.87 28.60 31.24 27.53 29.31 24.26 28.41 23.13 25.38 27.00 23.34 23.64 23.54 22.99 18.60 14.81 21.16 20.06 20.01 23.28 21.54 11.65 24.14 24.65 27.21 27.93 28.02 14.09 13.23 11.09 9.13 7.91 7.50 7.28 6.75 5.60 4.88 5.30 5.86 5.63 4.58 3.89 4.70 5.58 5.59 5.61 6.38 7.52 7.46 7.01 7.62 2.70
3.37 7.94 8.68 8.69 4.45 2.16 5.45 12.77 20.66 25.47 25.67 26.53 28.92 27.71 21.54 14.52 8.97 5.74 9.51 8.15 2.30 10.70 9.16 11.23 10.65 10.96 15.23 16.24 28.59 29.57 29.27 29.03 27.56 26.76 24.09 25.14 25.85 24.02 25.22 23.73 22.65 18.97 14.23 19.62 19.45 21.21 20.30 19.62 11.21 10.73 25.49 25.39 26.45 25.58 14.00 13.50 11.06 8.91 7.47 7.38 7.52 7.09 6.20 5.03 4.50 4.48 4.10 3.35 2.79 2.91 3.77 4.23 4.10 5.18 7.62 9.11 8.76 8.65 9.95
6.63 5.52 6.47 3.62 5.26 8.30 13.73 19.83 24.09 26.10 26.99 28.09 27.63 22.99 16.88 11.08 3.93 4.92 7.66 9.25 11.26 8.36 8.92 11.80 9.60 8.95 7.42 14.93 19.09 20.86 26.64 24.70 26.47 27.06 26.51 25.75 24.41 24.98 24.62 15.22 20.94 20.78 12.68 14.35 17.20 20.07 20.28 20.23 24.33 7.86 11.25 23.67 26.50 15.34 13.32 13.52 11.37 8.76 7.17 6.94 7.25 7.05 6.42 5.57 4.63 3.90 3.50 3.51 3.30 3.01 3.16 6.62 6.84 4.71 7.34 6.92 11.55 11.67 12.73
2.64 3.08 3.73 4.66 10.80 15.48 19.11 22.06 24.15 25.98 28.47 26.70 24.06 20.31 16.43 10.83 5.69 3.86 9.35 9.91 8.15 2.62 2.68 12.37 10.75 8.09 7.30 14.45 25.82 26.48 24.64 23.61 23.21 25.23 27.79 26.42 24.71 23.35 24.93 15.62 22.94 22.30 10.27 7.92 6.36 16.57 19.31 21.53 18.72 10.55 10.40 23.46 26.39 24.22 12.72 13.11 12.03 9.28 7.03 6.20 6.36 6.54 6.28 5.59 4.80 3.91 3.15 3.11 3.77 4.19 6.40 6.85 7.31 4.09 5.57 8.42 10.83 11.46 11.48
2.22 2.73 1.22 9.71 16.93 19.84 22.62 22.10 22.88 24.60 25.40 23.31 20.95 18.70 15.94 11.05 5.95 8.42 8.19 10.59 8.66 7.04 10.32 9.30 9.55 3.09 7.88 15.54 23.01 22.94 24.04 20.08 22.48 23.24 24.77 25.09 27.42 25.87 24.62 16.13 23.20 16.95 12.83 10.02 6.67 5.13 9.03 16.16 15.58 21.37 17.77 21.93 23.46 20.66 22.85 15.37 11.90 10.11 7.31 5.30 5.21 5.83 6.15 9.54 5.54 4.67 3.66 2.92 2.57 4.39 5.41 5.31 6.55 4.89 7.93 5.95 8.06 10.16 7.16
4.45 3.58 6.83 14.65 21.48 21.54 20.27 19.74 20.21 22.16 22.45 20.39 19.33 17.55 12.16 10.89 5.73 8.47 8.42 9.67 9.02 8.14 8.48 8.52 9.28 4.51 7.11 16.60 22.52 21.67 24.41 22.31 17.80 20.85 23.56 24.56 26.08 23.98 25.54 16.38 17.08 13.84 19.18 12.01 8.25 6.14 9.51 16.94 17.74 19.44 19.43 21.12 21.48 19.58 14.78 25.14 14.40 10.38 7.99 5.03 3.81 4.60 5.41 5.81 5.80 5.21 4.43 3.55 1.69 2.46 5.10 6.07 7.34 6.21 6.14 6.78 6.75 3.95 12.40
