examples/cougarCreek-fire/createInputs/WindNinja/wrfout_d3.2015081200.f13/cougarCreekFire_08-12-2015_1300_217m_non_neutral_stability_vel.asc
ncols	146
nrows	140
xllcorner	610065.000000
yllcorner	5095217.000000
cellsize	216.586807
NODATA_value	-9999.000000
[rows 0 to 34 of 140, columns 0 to 78 of 146]
19.45 16.18 19.67 18.30 20.41 17.01 20.39 22.42 22.75 21.68 20.25 19.06 17.72 16.24 19.82 16.86 19.73 21.99 22.40 25.48 27.72 27.21 23.58 18.77 15.13 14.35 14.55 14.35 14.70 14.82 13.60 15.10 13.86 15.74 16.51 17.10 16.83 15.59 13.65 13.07 13.23 12.71 12.61 12.35 11.35 9.78 8.89 9.03 9.45 7.93 12.20 11.08 19.14 21.89 24.49 25.18 24.03 18.30 22.91 23.60 22.98 21.80 23.06 23.28 22.42 20.91 21.91 27.15 32.13 34.42 33.01 27.45 21.92 21.38 26.14 29.26 26.74 26.55 30.75
19.45 16.18 19.67 18.30 20.41 17.01 20.39 22.42 22.75 21.68 20.25 19.06 17.72 16.24 19.82 16.86 19.73 21.99 22.40 25.48 27.72 27.21 23.58 18.77 15.13 14.35 14.55 14.35 14.70 14.82 13.60 15.10 13.86 15.74 16.51 17.10 16.83 15.59 13.65 13.07 13.23 12.71 12.61 12.35 11.35 9.78 8.89 9.03 9.45 7.93 12.20 11.08 19.14 21.89 24.49 25.18 24.03 18.30 22.91 23.60 22.98 21.80 23.06 23.28 22.42 20.91 21.91 27.15 32.13 34.42 33.01 27.45 21.92 21.38 26.14 29.26 26.74 26.55 30.75
18.90 19.65 22.54 17.65 21.75 25.34 21.73 21.16 30.36 28.13 25.40 22.51 19.51 13.62 21.48 19.73 19.61 19.72 21.90 21.70 23.64 25.56 25.43 21.47 16.29 14.69 18.43 18.24 12.98 11.34 9.81 17.91 15.16 16.24 15.83 16.91 12.26 6.16 10.38 0.33 3.49 2.46 1.74 2.82 0.92 7.15 4.48 4.46 6.93 9.23 8.98 9.25 15.11 22.65 24.26 24.70 23.89 19.23 23.54 23.56 21.85 17.95 20.71 21.77 22.55 19.25 25.30 30.43 32.23 34.96 31.60 26.10 17.02 24.33 29.66 30.91 28.97 30.13 32.75
6.38 16.14 21.79 20.94 18.62 20.85 24.91 26.35 28.78 23.83 25.71 23.58 19.43 14.68 14.60 13.41 16.76 19.90 20.85 18.33 18.74 23.69 28.96 25.83 19.25 13.21 14.76 17.68 14.38 11.94 11.55 13.19 16.42 15.81 14.83 15.70 14.96 10.58 6.10 3.49 3.07 3.58 5.60 5.20 5.41 3.94 4.90 2.58 6.72 9.80 12.60 16.45 19.66 22.75 23.29 22.55 22.15 16.99 18.44 18.71 19.93 20.58 22.80 24.96 25.17 22.98 32.51 31.29 36.62 33.81 28.56 20.12 27.83 32.92 37.65 36.08 34.00 35.29 35.94
7.07 21.41 19.60 22.85 20.09 21.90 17.77 25.22 17.44 20.11 30.47 28.21 25.25 19.73 12.56 11.82 15.62 18.83 20.86 20.93 19.01 22.09 27.72 23.69 23.13 17.29 12.74 19.16 15.39 13.15 11.67 9.65 15.20 13.74 12.87 13.72 14.50 12.01 8.27 5.08 3.35 5.06 5.20 5.86 7.78 7.19 6.24 6.84 10.68 15.41 19.15 20.65 21.03 22.48 21.91 20.01 14.93 19.06 18.10 27.50 25.85 24.61 26.14 29.43 26.79 34.43 32.44 37.05 34.14 30.98 24.28 32.95 37.38 41.77 40.40 41.23 36.71 35.45 38.49
6.96 20.39 16.68 25.49 20.71 20.53 22.43 25.39 26.34 27.65 29.69 31.86 24.78 22.47 13.45 10.64 14.91 18.30 19.96 17.34 18.86 20.28 25.45 32.61 21.63 19.93 13.24 18.17 16.21 13.43 9.24 9.81 14.11 12.10 11.95 12.26 12.46 11.18 5.55 3.93 2.07 3.93 4.62 5.96 6.72 7.57 10.13 11.81 16.19 20.44 21.16 20.57 21.65 22.30 20.21 16.78 16.61 22.22 28.08 23.74 27.89 28.25 30.08 29.04 34.10 32.54 37.29 35.73 31.81 25.95 36.10 36.88 39.46 42.33 38.91 34.84 30.89 33.92 39.99
15.79 20.67 14.97 18.08 23.39 19.47 20.27 17.16 26.63 26.81 28.79 31.73 29.48 24.04 19.22 10.51 14.97 17.46 14.97 17.42 18.81 21.29 24.79 28.92 26.11 22.14 14.78 16.06 16.25 11.14 6.18 10.95 12.94 8.36 9.64 11.86 10.36 9.73 6.90 4.41 3.90 1.81 4.55 5.95 5.03 10.80 13.37 16.61 18.21 19.44 20.08 20.44 20.47 19.81 18.65 20.70 22.28 23.02 25.61 27.03 27.89 30.62 31.15 27.19 33.66 36.72 37.09 34.47 29.73 37.48 37.71 42.02 40.14 35.79 32.19 27.79 32.49 35.63 39.70
18.14 20.33 21.92 23.71 22.71 21.53 22.51 25.04 26.41 15.99 28.20 30.57 30.19 22.10 17.23 12.44 12.65 13.42 18.98 15.88 18.54 19.88 22.87 27.71 28.10 23.52 16.95 17.96 16.38 13.76 6.33 12.84 8.74 4.65 9.76 11.55 9.09 7.67 5.49 5.05 3.67 1.83 2.95 4.56 6.00 11.15 14.83 15.53 16.94 17.72 19.34 18.14 19.12 19.56 20.14 22.25 22.82 24.74 26.25 27.79 28.97 29.43 26.52 34.73 33.90 36.68 36.03 34.91 33.98 37.60 39.72 37.21 35.48 29.06 33.07 28.78 33.73 35.50 38.70
16.60 18.95 16.99 20.00 21.65 20.99 21.35 22.94 26.37 27.79 28.43 18.16 20.94 25.12 20.92 16.48 11.57 13.68 15.53 14.41 17.94 18.59 19.51 25.19 33.31 25.48 18.41 17.24 15.30 8.30 7.26 11.28 5.94 5.39 10.75 9.82 7.93 7.38 8.00 7.81 3.46 3.04 2.91 2.44 13.03 10.01 13.21 14.72 16.42 16.96 16.66 19.60 21.31 20.49 21.30 21.22 21.06 23.99 26.25 27.46 26.57 26.27 28.66 31.90 35.82 35.99 35.94 35.35 37.01 40.25 36.66 31.95 31.28 36.60 33.50 31.80 31.82 35.02 40.74
15.61 17.72 18.52 21.99 21.07 24.85 24.07 23.85 25.06 24.79 26.10 28.54 29.27 27.44 19.19 15.51 12.43 9.90 18.13 12.78 16.87 17.81 18.11 22.22 29.29 24.05 20.29 14.76 16.88 11.16 6.58 10.57 8.43 7.89 9.93 8.28 7.22 8.43 7.75 6.89 2.45 4.35 3.76 8.00 9.81 14.09 11.88 13.44 16.42 17.86 19.50 20.81 19.62 17.57 16.65 18.36 20.66 22.74 24.35 23.03 23.06 32.93 32.60 35.76 35.69 34.91 35.86 36.47 38.43 39.18 35.94 38.28 39.69 37.08 34.41 34.15 34.61 40.62 45.56
9.04 15.15 18.46 19.70 21.33 22.17 24.06 25.97 26.30 26.56 27.48 26.82 26.65 27.93 20.47 18.04 14.64 9.58 17.97 20.27 16.72 24.91 16.34 18.62 26.98 28.24 22.84 13.49 16.59 9.26 4.74 10.16 6.68 7.18 9.91 9.04 9.28 8.66 7.18 6.64 3.13 6.88 9.31 10.59 12.49 15.15 12.91 14.25 17.90 19.09 18.27 18.64 14.63 13.46 15.86 18.92 21.20 22.53 22.39 23.30 29.00 30.98 35.42 35.97 34.34 35.76 38.27 38.86 39.81 40.37 38.08 38.51 38.27 38.07 34.94 38.46 41.24 46.09 47.09
10.18 12.61 13.23 17.66 19.01 21.25 23.28 26.27 27.26 27.30 27.48 26.62 25.07 26.47 23.80 24.17 17.84 11.06 16.47 21.56 15.90 26.02 15.69 15.76 23.66 31.32 24.20 16.13 17.84 8.90 6.05 10.69 7.99 9.35 10.60 9.25 9.40 8.37 7.65 7.33 7.76 7.52 9.86 9.68 12.36 13.77 11.97 14.38 18.21 19.22 19.20 16.21 13.41 15.10 18.67 22.01 23.05 24.19 25.13 28.68 29.93 34.30 35.34 34.33 35.00 38.21 36.78 36.70 36.90 37.52 38.43 37.56 39.98 36.80 40.17 41.76 45.37 46.91 44.64
11.51 13.20 13.98 13.62 17.26 18.16 23.88 25.85 26.49 29.35 27.19 26.54 25.26 24.75 18.95 19.90 16.95 19.98 21.08 24.03 25.13 27.34 26.40 15.35 20.60 28.17 25.00 17.57 17.52 13.67 7.97 9.29 10.26 4.57 11.07 10.30 10.10 8.20 6.42 8.43 8.62 6.83 8.09 13.06 11.71 11.03 9.93 15.35 19.95 18.52 17.58 16.62 14.99 17.17 20.98 23.50 24.42 26.10 27.62 28.07 32.46 32.64 33.80 33.60 32.93 32.38 31.29 30.76 31.06 32.17 34.76 38.26 37.79 37.31 42.08 44.33 46.48 44.70 41.12
8.68 9.33 15.89 21.41 20.36 19.61 22.22 15.65 13.19 15.47 27.31 28.64 28.90 26.86 20.01 19.70 17.14 17.95 23.19 24.30 26.11 27.81 26.85 25.58 18.78 26.03 22.71 20.60 15.65 13.18 6.10 9.49 11.01 12.22 11.08 10.37 10.13 9.60 5.92 7.74 4.32 6.69 7.87 10.08 13.35 10.50 10.87 18.04 20.92 19.52 17.99 17.57 17.99 18.85 22.42 23.71 25.36 27.50 28.25 30.10 30.49 28.24 28.23 30.93 31.08 30.49 29.15 29.00 29.92 30.12 36.44 40.35 42.19 43.29 44.34 45.28 43.98 39.79 36.26
8.86 14.98 15.95 22.62 23.06 23.62 23.31 25.45 25.71 13.91 16.56 29.64 29.58 30.42 31.72 22.14 19.26 14.46 20.12 23.20 24.70 27.07 27.38 27.97 18.00 23.37 25.38 21.01 15.82 12.68 7.56 10.61 14.41 12.60 12.41 9.92 10.91 10.32 4.14 5.75 7.16 5.59 8.35 14.31 15.18 11.77 15.13 19.34 22.70 22.04 17.89 19.16 20.23 20.63 22.42 22.51 24.93 26.65 26.30 27.35 28.29 27.73 27.77 27.55 27.24 26.13 27.29 28.28 30.06 37.63 38.89 43.15 41.84 43.09 42.98 41.58 38.19 34.00 31.20
21.34 22.31 23.13 24.78 25.28 24.37 23.37 22.01 23.97 26.05 18.47 28.97 29.24 28.21 29.67 29.65 22.40 17.20 19.35 22.38 22.00 25.51 27.50 25.87 29.43 32.05 27.19 22.14 15.46 12.01 9.67 14.74 15.02 2.87 12.93 12.33 10.28 3.40 3.88 5.22 7.65 4.48 8.63 16.49 16.91 15.97 16.91 20.24 21.20 20.02 17.14 21.21 22.63 22.07 21.50 22.84 25.62 24.98 23.55 24.82 25.65 25.22 23.89 24.83 26.42 29.38 32.89 33.12 37.25 40.86 43.69 39.57 38.01 37.60 36.73 34.35 31.73 29.69 31.06
22.95 23.94 23.68 22.57 24.44 23.26 23.87 23.20 22.54 24.83 26.93 29.57 27.64 26.29 28.04 20.31 21.90 21.92 23.16 26.55 24.05 27.51 28.35 21.25 26.14 30.36 28.67 21.19 17.30 8.16 12.50 15.20 11.84 16.48 12.86 14.04 1.46 2.64 4.54 12.60 3.01 3.57 8.13 11.13 17.75 17.02 18.32 19.42 19.75 19.47 19.22 23.57 22.94 20.86 19.69 22.89 24.34 22.02 22.81 24.17 24.82 24.41 25.67 28.57 30.39 34.37 36.39 35.84 40.34 42.23 38.90 34.00 32.97 32.43 30.34 27.39 25.87 26.14 26.91
24.23 25.06 25.19 23.24 22.85 26.80 26.02 25.39 23.68 21.94 26.03 27.79 26.68 21.31 26.72 16.35 18.54 18.37 26.58 18.54 27.41 29.36 28.48 23.07 22.81 28.47 28.39 21.08 16.37 10.87 16.42 15.86 15.47 15.86 12.80 12.11 0.73 2.30 4.33 12.16 2.55 3.42 8.06 17.88 19.06 19.85 20.06 22.39 20.49 22.30 24.55 24.54 21.58 17.72 18.51 20.50 19.68 19.11 22.65 22.43 23.32 26.17 28.91 31.42 33.40 36.97 38.54 38.86 38.01 35.30 33.56 29.88 29.42 30.60 30.34 29.47 23.28 22.68 23.77
21.28 24.06 24.55 23.47 21.62 24.57 26.23 25.73 23.68 21.76 25.13 27.16 26.65 28.02 29.52 29.28 28.48 28.64 27.75 27.91 29.39 31.55 30.37 25.24 24.01 28.83 26.14 19.28 14.24 14.65 17.57 16.05 17.70 4.78 13.17 12.45 1.56 2.70 11.69 13.63 12.12 16.91 8.87 11.43 20.00 23.79 25.49 23.83 21.37 21.81 24.08 23.10 20.28 14.85 17.87 18.49 15.84 18.19 22.20 21.69 23.75 28.13 30.93 31.49 33.20 35.12 36.16 31.70 32.66 31.72 28.63 28.57 28.99 27.78 26.56 27.48 25.39 21.24 19.98
15.89 20.08 22.08 22.19 21.19 21.55 24.32 24.73 23.53 21.42 24.90 24.81 29.69 28.53 28.27 25.01 27.34 28.96 28.17 30.11 28.35 26.94 27.26 33.40 29.31 28.20 24.19 17.71 15.67 17.57 17.66 19.20 15.12 17.61 4.21 3.40 3.83 4.11 11.78 12.42 13.35 15.77 8.70 11.57 21.85 25.18 26.19 26.40 23.69 22.43 21.40 20.82 16.12 17.70 18.44 16.83 17.99 20.78 22.35 23.35 25.34 28.60 28.91 28.76 32.00 32.59 31.72 32.40 31.23 29.60 29.15 30.59 30.54 29.86 29.05 30.07 27.73 21.92 20.26
11.94 16.10 20.56 21.47 22.53 22.81 25.05 26.31 24.90 22.90 26.24 25.82 24.07 26.01 28.01 26.84 23.43 27.45 26.99 31.13 27.80 26.38 26.10 23.47 31.94 31.61 25.31 18.47 17.70 17.96 19.09 20.58 12.89 18.32 6.22 5.37 5.75 5.95 6.13 12.32 3.98 4.49 8.70 12.21 23.57 24.06 25.48 24.78 25.21 23.99 21.27 20.41 17.21 20.35 16.21 15.68 20.53 22.89 23.67 23.65 25.32 27.95 27.32 28.32 31.59 32.24 31.36 30.45 29.54 31.31 30.30 31.15 30.36 26.38 26.62 28.28 25.61 21.81 20.75
10.63 15.21 18.71 21.93 21.29 23.15 23.93 25.71 25.21 22.66 25.91 27.94 22.03 21.23 24.49 27.84 28.46 30.69 26.07 28.28 29.90 26.47 29.73 33.23 36.59 35.38 26.52 22.81 20.60 19.20 21.87 17.33 12.87 20.46 8.18 7.08 16.13 7.11 18.54 7.04 6.10 7.18 10.66 13.64 24.45 27.02 29.48 25.82 26.43 20.54 23.27 20.30 21.37 17.27 16.97 18.84 23.23 24.00 24.63 23.37 25.87 27.68 27.08 29.05 30.61 30.97 30.05 30.32 28.27 28.27 27.73 28.54 29.41 29.59 26.63 22.51 19.63 21.73 22.93
18.39 20.70 24.13 24.33 23.95 26.39 26.71 29.12 27.36 24.89 25.74 27.28 22.83 16.79 24.66 26.47 27.28 28.37 28.29 32.42 31.99 28.64 27.63 30.69 36.78 37.65 29.28 25.18 21.44 18.11 19.66 16.01 15.74 24.26 9.17 8.56 8.08 8.22 18.60 7.24 6.48 9.00 12.39 14.98 26.34 25.51 26.23 27.90 27.58 23.65 23.26 18.38 17.75 15.46 20.51 23.68 23.46 23.23 24.36 24.96 27.83 27.68 27.18 27.34 27.27 27.61 27.27 27.50 27.45 26.59 27.52 29.32 29.11 22.69 25.83 20.83 18.48 20.64 20.79
16.11 19.31 24.25 17.23 28.46 29.43 29.71 29.31 29.10 26.03 24.12 27.68 27.60 20.56 20.47 25.51 26.84 29.47 31.72 30.25 29.17 27.89 27.64 24.02 27.03 42.78 32.96 26.82 22.10 17.86 21.60 20.86 17.51 24.05 16.57 10.04 9.42 9.52 20.69 7.61 6.70 9.88 13.88 26.58 27.96 31.42 30.99 31.28 26.27 25.57 20.45 20.73 22.28 22.02 23.15 24.82 24.65 25.01 26.47 27.29 28.99 27.93 25.76 24.62 26.81 28.23 27.76 29.17 29.66 30.57 31.56 28.54 26.55 21.55 20.32 19.28 21.23 22.95 22.70
12.43 20.55 13.69 15.83 28.35 29.47 29.91 30.37 30.90 26.80 23.66 26.60 27.79 22.41 20.96 23.85 25.91 27.27 29.85 30.68 30.47 27.99 25.69 27.53 28.11 48.10 38.26 27.87 24.38 23.94 25.04 22.97 19.65 23.99 24.28 11.04 10.32 16.78 18.74 8.43 8.45 25.80 24.28 27.56 30.69 30.17 29.03 31.42 29.77 27.44 21.90 23.42 24.34 23.82 23.67 24.41 25.15 26.36 26.94 25.99 25.94 26.45 26.47 28.94 30.69 30.89 30.12 32.64 33.38 33.60 31.95 26.81 22.53 21.17 22.54 19.19 18.86 20.86 18.50
11.69 20.61 22.63 24.06 24.71 26.48 29.66 31.85 32.29 29.25 24.88 23.93 27.51 26.96 22.77 22.44 25.67 27.13 28.57 31.14 31.39 29.75 26.33 26.14 32.48 48.18 44.80 27.66 27.62 32.32 29.18 20.85 19.55 21.56 25.23 11.08 10.62 23.52 16.32 8.36 9.93 26.29 28.90 32.42 31.71 32.51 31.86 34.29 31.96 29.39 23.54 24.65 24.67 23.37 22.73 24.59 24.36 24.68 23.38 24.25 24.90 25.67 27.84 31.42 32.42 31.06 32.73 34.74 34.95 30.51 28.49 25.16 22.87 22.22 19.21 22.60 18.52 19.15 19.91
7.98 12.15 13.02 24.54 23.40 23.92 30.56 32.81 35.12 32.01 27.46 26.94 26.73 28.96 23.90 21.37 24.55 27.05 27.74 30.02 32.10 29.67 25.82 26.52 32.07 48.83 49.17 29.27 29.27 38.03 28.15 19.43 18.83 23.28 24.65 16.69 25.01 23.98 17.75 20.24 24.75 28.46 30.04 31.67 31.60 33.62 34.79 34.18 32.20 25.23 24.89 25.26 24.73 22.94 22.26 21.53 20.70 20.89 22.50 24.54 26.30 27.13 28.36 30.10 30.44 31.47 31.62 30.81 27.72 24.20 23.33 20.20 19.39 17.87 21.27 15.08 14.72 15.55 17.14
11.05 19.23 19.92 21.98 24.06 26.23 29.57 33.92 35.18 34.37 31.87 29.18 24.19 26.53 26.36 26.62 26.45 27.40 27.29 29.09 31.29 29.40 24.20 25.33 30.75 47.64 54.67 37.62 33.45 38.72 27.71 20.37 18.80 22.23 25.24 28.05 24.91 21.22 20.23 21.85 24.71 27.62 29.34 31.73 32.87 33.13 32.51 33.94 34.06 25.65 26.01 26.18 24.98 22.95 23.39 22.93 21.35 21.43 23.31 25.41 26.91 28.80 28.99 29.29 28.50 25.47 25.84 24.62 23.26 20.57 18.40 17.45 17.59 19.95 15.28 14.89 13.83 16.49 12.81
15.33 15.89 16.51 19.29 23.36 25.97 27.17 30.82 34.80 35.96 31.60 29.51 20.17 26.73 25.77 27.35 27.64 28.28 27.73 29.13 30.60 28.92 24.46 23.90 25.10 37.36 58.03 51.87 43.65 39.15 26.26 21.64 21.07 22.70 25.78 27.72 22.53 21.34 22.51 23.46 25.51 28.86 29.82 31.46 33.89 35.06 34.13 35.20 32.03 26.32 28.24 27.84 26.10 25.05 24.39 22.62 20.51 21.35 23.33 24.41 25.06 25.76 29.52 25.61 23.89 21.87 20.41 19.94 21.36 20.31 18.30 16.70 15.43 14.77 14.48 12.99 11.08 13.35 12.76
13.55 15.97 15.31 18.20 21.23 23.44 28.58 31.10 32.28 34.75 34.36 29.07 24.46 18.55 24.15 25.51 27.48 28.52 28.71 29.89 31.56 29.68 26.71 22.34 23.10 31.75 47.87 55.74 53.65 41.38 27.77 23.89 23.97 22.89 23.97 23.87 22.61 24.03 22.68 24.11 27.17 29.74 31.14 33.15 34.97 34.66 34.27 35.82 26.24 29.23 30.58 29.04 27.72 26.45 22.70 18.05 17.57 20.27 21.83 22.10 22.31 22.84 23.47 22.75 21.09 19.43 20.08 19.40 19.48 19.04 16.86 13.77 10.19 9.35 8.83 7.83 7.66 8.31 7.94
5.54 10.98 14.88 16.35 18.18 21.76 24.71 31.63 34.60 35.04 33.13 30.85 28.05 17.57 18.17 24.07 26.11 25.75 25.48 27.49 30.09 27.05 25.88 22.42 22.16 29.33 38.06 49.44 56.62 46.19 32.08 27.40 23.02 20.97 20.63 19.55 22.59 24.51 22.77 25.47 28.01 30.78 33.09 34.66 34.55 35.21 35.01 24.26 28.16 30.34 30.72 28.93 25.94 22.31 17.91 15.30 17.48 20.57 21.62 22.92 23.08 23.46 21.28 22.48 21.41 19.98 19.29 18.76 16.85 14.46 12.27 15.32 16.09 12.14 12.13 11.59 11.50 10.93 9.82
7.66 5.19 13.25 14.80 16.16 19.09 22.65 27.16 32.65 36.87 36.28 31.56 30.26 26.79 18.89 20.97 25.42 28.23 26.74 28.24 29.55 25.55 23.69 22.30 23.93 30.99 37.43 42.89 52.22 47.26 38.23 33.35 19.60 16.98 14.41 16.52 23.61 25.33 22.79 26.16 28.75 30.62 33.26 35.99 37.69 36.85 36.01 26.55 29.27 29.60 30.03 29.13 26.24 21.71 18.12 19.14 22.00 23.29 22.55 22.51 22.41 22.08 18.83 20.01 19.55 20.07 21.14 21.12 20.45 18.65 17.02 18.32 19.25 18.85 17.58 18.03 18.39 16.11 12.24
8.70 5.38 3.06 14.81 17.98 20.25 21.78 24.30 31.16 32.26 34.89 33.71 31.05 24.12 19.08 21.70 24.38 28.74 31.11 32.06 32.16 28.63 25.65 24.46 28.24 33.92 29.94 38.49 46.79 46.64 45.46 38.19 17.06 11.80 11.65 15.69 21.10 22.80 24.70 28.08 27.62 29.33 33.51 36.29 37.96 37.39 36.46 27.27 28.79 29.49 30.24 31.28 30.61 28.88 25.95 23.98 23.65 22.73 23.02 21.26 20.55 20.11 19.61 19.51 20.17 17.88 17.79 16.88 15.73 14.50 13.90 13.35 13.37 14.67 10.72 10.41 14.65 17.02 15.85
7.71 8.74 9.79 4.15 10.93 14.25 19.02 23.81 27.62 33.51 35.04 29.71 23.20 20.08 22.88 22.53 22.98 26.32 28.81 31.88 36.53 36.02 31.75 30.21 30.08 29.77 35.42 34.66 41.65 44.53 46.58 41.29 16.16 7.71 10.84 13.39 17.96 20.55 23.97 26.77 29.13 31.63 34.54 35.85 38.10 34.91 36.75 27.32 28.81 30.20 31.80 34.75 32.97 29.30 26.85 21.19 17.77 17.39 17.76 17.69 17.78 19.71 19.57 19.51 19.65 19.11 17.22 14.98 13.03 12.60 5.68 7.06 9.36 12.13 14.09 13.08 14.55 15.66 16.41
9.07 9.91 15.58 10.63 7.08 14.98 16.80 19.43 23.70 27.45 32.74 31.81 31.31 25.45 17.80 23.32 22.47 24.79 25.76 25.70 29.38 34.37 37.11 40.01 35.07 33.42 30.23 32.45 38.95 44.09 46.01 41.29 17.80 3.14 9.14 12.00 14.95 18.48 23.87 27.50 30.96 32.78 34.23 35.15 39.14 37.59 37.47 28.30 30.05 31.41 32.57 35.73 35.82 30.01 23.20 15.63 11.00 13.18 14.73 14.20 14.64 14.94 17.75 17.98 17.76 17.33 15.61 10.35 7.74 8.27 9.47 10.89 12.20 14.64 16.87 16.57 15.15 13.27 12.33
