examples/cougarCreek-fire/createInputs/WindNinja/wrfout_d3.2015081200.f13/cougarCreekFire_08-12-2015_1300_217m_non_neutral_stability_vel.asc
ncols	146
nrows	140
xllcorner	610065.000000
yllcorner	5095217.000000
cellsize	216.586807
NODATA_value	-9999.000000
[rows 70 to 104 of 140, columns 0 to 78 of 146]
4.53 3.84 6.75 17.87 23.79 22.20 18.74 17.53 18.47 20.89 19.93 19.15 19.05 17.64 15.16 10.40 6.17 8.20 9.58 9.63 10.11 10.87 8.80 8.48 7.81 5.68 8.87 16.97 19.43 20.98 23.11 19.58 16.38 18.13 21.62 21.80 22.83 24.70 24.98 16.27 12.18 13.01 14.21 13.61 9.62 6.40 18.23 15.86 16.37 11.40 11.29 21.04 21.27 15.74 16.51 15.63 19.18 9.46 9.01 5.94 3.30 2.93 3.67 4.44 4.82 4.85 4.46 10.19 2.84 0.68 2.62 5.01 7.70 8.16 7.75 7.46 7.78 6.19 12.75
1.22 1.62 10.48 22.88 24.12 22.48 18.53 18.94 19.84 19.27 19.11 19.49 19.49 18.47 16.40 9.10 7.21 8.74 9.45 9.88 9.31 10.01 7.27 4.64 3.19 7.62 13.71 15.47 16.14 18.53 21.59 18.96 15.05 18.16 19.42 20.64 20.68 22.18 23.72 11.39 16.04 22.90 12.87 24.71 11.29 7.38 6.23 16.96 18.98 18.60 12.59 11.99 18.44 17.11 19.47 17.55 16.99 19.87 10.71 7.65 4.51 3.24 3.41 3.47 3.42 3.45 3.22 2.73 9.91 1.68 0.84 3.77 7.04 6.88 7.33 8.29 9.03 9.15 9.42
0.84 5.20 13.37 23.16 23.52 22.20 19.00 20.29 20.02 18.26 18.64 18.50 17.19 20.62 17.43 6.00 8.47 8.17 10.09 10.68 11.87 7.69 7.69 6.18 4.97 7.18 14.15 14.75 15.97 18.09 20.43 17.00 13.81 20.46 19.49 20.85 19.72 21.99 22.22 11.15 16.35 23.91 11.51 13.71 13.26 8.77 17.99 6.76 10.73 9.25 10.12 11.11 18.72 10.50 14.68 20.63 14.11 10.48 18.26 9.55 6.39 4.37 3.80 3.70 3.83 3.82 3.36 2.58 2.19 1.60 8.23 7.39 6.98 5.12 6.04 7.25 9.99 10.14 11.78
4.48 8.40 18.42 22.06 22.68 21.57 19.43 20.87 18.96 17.49 17.66 17.80 17.36 21.54 17.36 3.34 9.77 8.70 11.32 11.38 11.06 10.03 6.21 4.10 6.74 8.08 15.82 15.74 12.26 18.35 18.31 14.61 13.07 19.25 11.75 19.43 17.28 16.72 21.55 11.15 17.68 25.05 10.76 12.32 19.85 10.84 7.19 21.00 20.25 21.04 9.89 12.38 19.01 5.17 13.91 11.68 13.62 8.30 9.65 9.96 8.06 5.68 4.75 4.00 3.73 3.70 3.46 3.26 3.33 3.28 7.37 6.87 7.17 7.15 8.08 10.32 10.90 10.91 12.85
12.28 14.47 18.45 21.98 21.85 21.01 21.52 20.90 18.80 17.81 18.44 19.42 20.82 21.30 16.41 4.49 11.03 12.63 10.39 12.30 10.40 4.78 8.33 7.56 6.77 7.76 12.69 11.54 11.58 15.93 15.37 13.21 17.40 11.08 11.41 18.44 17.67 17.43 21.17 10.44 13.15 22.67 23.14 10.77 13.12 12.53 8.50 17.63 23.13 17.11 20.78 20.49 19.41 12.23 5.71 17.10 12.64 7.00 8.46 12.21 9.24 7.71 6.20 4.86 3.63 3.13 2.71 10.55 10.93 11.03 8.65 10.32 10.85 11.06 10.70 10.77 10.80 11.18 12.19
11.57 14.95 22.20 21.42 21.51 21.21 21.68 20.90 19.19 19.86 21.55 19.44 20.96 19.26 14.80 3.79 11.91 8.28 7.91 12.43 12.10 6.24 8.40 7.00 7.42 13.83 13.10 15.94 16.43 16.94 14.78 14.33 16.48 10.25 18.27 16.19 14.55 20.55 19.59 14.18 12.42 24.51 22.47 10.35 11.68 24.83 10.64 7.90 22.85 13.77 22.81 21.58 19.38 12.66 6.15 12.98 21.24 21.10 16.78 25.90 9.87 9.23 7.35 5.31 3.94 3.25 2.56 1.72 9.20 11.16 9.43 9.75 9.97 10.59 11.24 11.36 10.87 12.04 11.67
12.94 17.44 19.40 20.53 20.15 20.01 21.87 20.81 19.08 15.11 18.37 21.82 19.65 18.03 13.55 2.77 14.21 13.38 13.06 12.48 13.96 7.11 9.50 7.68 11.35 11.26 13.51 15.70 14.08 16.74 15.21 15.40 11.10 11.22 15.10 7.34 16.14 18.13 18.97 12.50 15.34 23.89 25.96 15.29 10.94 12.70 19.73 10.93 21.46 20.79 22.68 22.42 22.63 12.95 13.48 13.58 20.45 23.19 17.15 18.51 12.43 9.53 7.88 4.99 3.21 2.74 2.09 9.27 0.42 9.67 9.00 8.41 8.91 9.53 11.83 12.52 10.19 11.04 12.79
12.60 17.45 19.49 19.98 19.52 20.63 22.47 20.40 21.31 13.48 18.13 22.27 19.18 14.34 12.49 3.19 15.21 14.47 15.27 16.10 15.15 11.42 11.34 10.63 7.20 9.63 11.82 14.81 16.26 17.41 15.51 15.84 10.68 17.16 15.59 7.12 15.70 19.21 17.99 11.71 20.55 23.65 25.14 16.16 11.11 12.82 25.74 11.15 19.55 21.63 21.03 22.69 21.89 14.95 14.77 14.57 21.12 15.59 7.99 8.13 24.52 9.51 8.11 4.93 2.19 8.80 8.07 7.45 6.99 8.14 10.00 8.42 8.44 8.98 11.38 6.47 10.56 11.83 8.27
15.14 18.20 19.72 19.66 19.41 21.11 23.43 19.68 18.36 14.35 18.79 22.22 20.44 15.22 11.23 4.49 16.53 15.41 18.45 18.02 12.18 6.50 12.60 8.74 6.96 9.90 11.56 13.63 15.23 16.73 10.81 12.66 14.31 15.21 16.99 7.10 15.58 18.20 10.59 11.71 18.17 21.94 22.09 15.41 17.64 12.20 20.39 24.77 19.47 23.47 20.50 23.49 24.86 14.75 14.09 14.40 21.20 23.89 19.14 14.29 17.17 11.80 7.95 4.99 1.70 8.33 0.77 7.68 1.48 1.32 1.31 8.19 9.76 9.17 10.90 5.18 7.38 8.38 8.00
14.45 18.41 19.87 19.37 18.87 23.81 23.37 19.85 20.54 16.69 21.97 21.05 25.04 18.40 9.32 12.57 11.94 3.88 17.93 6.51 8.04 8.55 11.80 8.12 5.48 11.16 11.89 13.29 14.16 14.60 15.88 11.40 15.03 15.73 17.78 7.06 3.57 17.97 9.54 11.06 15.40 21.38 21.20 12.94 7.67 23.32 20.29 21.16 24.66 20.46 22.22 23.33 25.68 15.25 7.02 7.09 7.14 24.29 16.53 13.62 6.13 17.36 11.71 8.30 2.43 0.60 1.71 1.52 1.84 1.91 1.84 1.97 2.04 8.22 10.34 11.29 5.63 8.03 8.68
15.60 18.07 19.68 18.55 18.57 21.33 22.53 23.83 21.53 20.60 18.88 26.78 19.94 18.59 8.76 15.38 4.69 4.59 4.95 8.10 10.59 20.41 9.80 7.18 5.49 11.19 11.63 12.59 13.71 13.21 14.90 14.77 17.72 16.45 14.90 7.84 8.92 17.37 8.70 10.40 19.50 17.49 20.22 20.59 10.96 13.05 18.88 13.22 13.83 10.55 24.74 19.87 27.32 7.83 8.84 9.43 9.10 8.79 13.45 7.26 5.65 4.84 5.09 20.23 3.90 1.15 2.59 2.92 2.79 2.64 2.39 2.77 2.99 2.94 8.36 11.69 3.45 6.41 11.55
15.09 17.11 19.61 16.90 19.54 21.24 23.53 22.80 21.78 21.21 16.26 16.22 19.15 17.36 9.17 13.83 4.29 4.97 6.39 9.43 21.62 13.51 9.32 5.73 4.99 12.63 10.91 10.52 12.30 12.61 13.22 15.33 15.91 16.16 14.36 14.72 16.23 8.69 9.14 14.36 18.01 10.76 19.32 18.71 20.59 18.47 15.56 10.11 13.50 12.78 10.56 21.28 30.26 9.30 10.73 11.00 10.36 9.46 8.96 7.76 5.86 4.06 3.22 3.36 12.24 2.65 1.89 3.41 3.32 3.29 2.85 9.03 3.62 3.93 3.56 2.65 2.55 4.67 7.88
15.13 17.10 19.37 17.61 21.45 20.28 23.05 20.65 21.46 18.00 13.26 15.20 19.40 15.19 7.83 14.54 4.72 6.70 9.21 21.11 20.77 13.85 8.21 3.81 3.87 13.88 7.94 5.81 13.91 11.15 13.19 9.54 14.58 14.40 16.75 11.52 16.64 8.25 8.47 15.73 13.50 8.74 8.58 16.26 16.60 20.48 11.78 5.97 10.09 24.16 15.45 9.36 8.96 10.19 9.86 8.64 8.45 7.94 7.17 6.12 20.18 4.86 3.93 2.98 3.28 3.15 0.59 14.86 3.19 9.76 3.17 2.65 11.42 4.45 4.54 3.67 14.63 3.93 12.04
15.35 17.36 18.98 18.90 19.88 19.69 21.76 20.56 22.12 18.58 12.44 15.41 19.06 13.51 14.98 5.35 6.22 8.91 11.60 21.74 18.86 12.47 6.24 2.46 12.73 12.30 8.89 12.08 14.71 6.19 12.37 9.75 12.63 14.42 14.41 17.04 8.59 9.04 14.36 15.13 7.83 13.96 15.38 16.39 19.02 19.25 16.44 2.48 5.37 21.37 25.04 27.14 8.31 8.49 6.32 4.91 4.71 14.19 14.88 4.31 4.75 16.28 5.37 5.00 3.74 13.78 0.63 9.73 3.16 3.29 3.32 2.61 12.27 9.23 7.26 4.76 8.65 10.42 10.04
16.61 17.22 19.23 20.81 19.85 20.02 17.71 20.11 22.72 18.95 14.29 17.73 19.04 12.17 7.49 7.00 8.47 11.11 21.63 19.58 13.89 9.31 3.78 2.12 0.80 13.94 12.74 14.68 13.98 4.79 13.08 8.67 11.44 13.62 14.65 15.15 10.47 10.18 16.96 5.28 4.63 3.19 11.36 17.72 16.79 20.10 17.41 2.11 2.33 13.83 23.64 6.23 6.91 4.68 2.82 2.64 2.55 2.27 2.73 3.02 2.98 13.28 3.73 13.60 3.74 1.90 8.55 9.62 10.03 3.45 3.71 3.45 10.75 11.62 11.23 9.77 8.13 10.57 9.35
16.69 17.37 19.34 19.92 19.88 19.94 21.69 22.08 22.32 15.78 17.16 20.19 17.04 13.56 16.08 9.43 19.89 22.75 21.01 17.27 12.17 6.54 1.85 1.49 10.25 14.97 14.23 15.00 16.10 5.46 12.00 12.20 12.74 13.40 12.25 8.68 9.73 10.26 11.41 5.32 5.93 3.43 0.32 10.39 14.26 17.88 10.40 8.54 0.81 3.29 18.99 14.09 2.37 0.85 1.23 1.52 11.04 2.01 1.24 1.05 0.56 11.25 0.73 0.37 20.15 18.09 10.50 9.66 9.78 11.15 9.47 4.48 7.04 7.21 12.18 8.24 7.97 8.95 4.22
15.26 17.24 18.85 19.64 20.52 20.62 21.93 22.25 20.75 15.35 19.51 21.90 16.13 15.48 17.89 19.06 19.97 20.88 15.12 13.68 10.40 4.84 0.94 0.96 16.90 12.51 16.15 15.95 17.02 12.70 13.43 11.91 11.57 5.08 11.70 6.74 10.76 12.31 2.98 5.46 6.81 3.81 0.94 9.15 15.23 16.74 16.42 2.45 1.04 1.33 15.78 15.89 19.08 2.06 1.55 1.30 2.04 8.04 2.55 2.12 1.96 1.81 1.78 2.09 13.14 20.37 11.35 10.00 11.26 12.14 2.92 14.87 11.76 7.59 8.66 10.05 9.54 10.36 2.02
15.00 16.09 18.53 20.18 20.61 20.22 17.57 17.78 16.10 15.73 20.97 23.41 16.41 15.23 15.22 18.97 21.53 16.50 14.28 12.89 8.78 3.68 1.29 9.51 15.69 16.46 17.80 17.94 18.46 17.13 13.28 10.74 10.73 5.91 10.48 8.03 10.93 9.81 8.47 5.76 6.14 3.79 1.28 9.09 8.53 15.88 14.19 2.71 7.11 7.50 12.29 15.83 6.65 3.43 3.13 2.54 2.44 3.02 3.49 6.53 8.85 6.92 3.22 2.70 13.33 2.86 11.13 9.56 10.38 10.03 11.57 8.88 8.06 6.32 6.39 5.48 4.62 8.27 10.01
14.38 14.93 17.24 19.69 20.85 20.55 19.70 20.45 16.08 16.51 21.72 24.73 17.90 10.28 16.61 18.24 21.71 15.54 14.50 12.72 7.33 3.15 2.30 17.56 16.70 16.32 17.03 18.71 19.74 17.36 15.35 13.95 13.30 5.72 6.39 8.19 10.39 10.49 6.36 6.21 5.38 4.34 2.87 9.02 5.58 10.08 11.49 10.03 6.19 4.33 8.83 13.57 3.56 16.64 4.53 4.57 5.61 4.83 4.67 6.40 6.80 6.27 6.73 4.21 11.83 16.71 11.96 10.29 10.73 9.96 9.35 9.35 11.17 13.85 6.94 7.11 8.04 8.50 8.93
13.55 14.75 18.19 18.96 20.10 19.59 19.35 19.79 15.72 16.76 22.03 26.67 19.78 10.87 18.29 19.25 22.12 15.19 14.82 12.41 6.63 3.31 3.19 17.77 15.19 2.89 5.84 14.15 18.97 17.85 6.37 15.27 14.52 5.32 4.03 11.58 10.58 10.68 6.43 6.40 6.29 13.58 5.09 10.53 4.61 10.57 12.54 7.47 5.02 6.17 6.89 11.87 4.05 4.27 4.64 5.36 4.20 3.49 6.14 5.63 10.47 4.69 5.57 8.80 11.84 10.98 14.55 11.26 13.02 12.52 8.43 10.46 10.73 10.61 7.01 10.82 8.26 3.18 10.09
14.67 15.59 18.15 18.71 19.18 20.05 20.15 19.31 15.23 16.39 21.70 27.33 20.96 13.93 20.13 9.66 22.73 14.83 14.44 11.89 6.81 3.75 18.23 14.50 2.56 3.64 5.73 17.64 16.58 18.28 18.87 17.05 16.72 9.10 4.74 9.41 8.97 9.42 6.16 6.20 6.14 5.36 6.42 6.14 5.09 8.09 12.93 5.39 6.11 5.62 6.15 7.91 4.47 4.40 5.11 4.95 5.51 2.66 5.29 5.43 8.04 12.12 6.25 8.22 9.80 10.94 15.46 13.99 15.40 15.47 16.87 9.79 4.83 4.72 6.09 9.64 8.67 8.77 8.68
15.58 16.05 17.43 17.92 17.88 18.73 19.59 19.45 15.09 15.92 21.02 24.45 21.25 16.25 12.50 21.93 21.19 15.20 14.39 11.65 7.34 4.35 16.83 13.97 2.65 5.50 16.62 16.60 18.11 16.80 16.88 16.38 13.49 12.90 6.92 12.64 9.63 9.90 6.07 10.01 6.64 7.36 7.49 8.65 7.05 10.21 3.09 5.25 5.41 5.39 5.10 4.87 9.55 7.64 5.38 2.73 2.10 2.50 4.51 6.09 7.33 3.97 9.26 5.78 11.01 3.99 12.67 6.64 8.61 9.65 9.40 15.69 4.46 4.63 12.56 7.83 8.78 9.10 8.18
16.20 17.97 17.34 17.29 18.28 17.11 18.70 19.21 18.65 15.98 20.22 25.11 20.63 22.13 14.45 21.92 14.44 19.90 15.03 11.91 7.84 11.76 16.07 1.78 4.05 7.55 14.30 16.05 16.22 17.60 15.01 12.69 14.15 14.92 11.43 12.76 11.58 5.66 9.22 6.84 6.78 8.58 6.40 5.50 5.15 2.05 3.25 3.87 5.41 5.63 5.67 5.73 8.47 6.54 7.03 9.66 2.48 3.02 4.53 1.94 4.97 8.93 3.73 5.84 12.62 4.44 3.08 14.49 8.44 9.54 9.47 15.65 4.21 4.06 8.28 6.72 13.16 10.93 10.18
15.60 12.06 14.62 13.74 16.25 15.12 17.68 15.66 19.56 16.59 25.37 23.99 19.92 22.83 20.04 20.24 22.17 19.06 15.63 12.51 8.42 11.62 12.92 14.51 5.80 9.11 15.89 16.18 15.63 13.59 12.53 9.48 14.95 15.98 13.98 8.68 3.08 3.03 4.38 6.68 7.00 5.77 4.84 4.22 3.54 3.39 3.95 5.29 5.49 5.86 6.67 5.44 6.45 7.16 6.86 6.95 5.03 9.66 3.60 1.51 3.22 3.05 5.00 7.91 8.67 9.54 9.14 4.73 14.40 8.65 9.05 16.45 4.09 3.69 7.51 10.91 9.50 3.75 9.72
8.48 11.41 14.92 14.33 17.27 15.56 17.15 14.85 16.71 17.45 18.13 24.32 23.50 21.45 20.37 19.63 19.76 20.70 15.63 13.15 8.87 9.33 14.55 14.79 6.69 9.74 17.45 14.77 11.23 15.66 16.43 12.53 16.88 14.48 3.94 3.69 3.44 3.07 4.72 6.81 5.88 4.67 4.68 4.55 3.84 3.74 4.33 4.96 5.43 5.92 6.81 3.17 4.74 6.93 6.61 6.72 7.47 7.14 6.46 3.70 1.46 6.91 10.40 6.69 6.24 9.85 12.68 10.10 15.26 9.12 10.14 15.60 4.13 7.58 9.89 9.85 8.55 10.12 6.54
13.91 10.62 16.64 14.44 16.87 15.13 12.49 19.21 16.36 22.02 22.93 22.67 22.81 20.76 20.35 18.73 19.74 20.92 15.26 13.91 9.90 15.47 14.59 3.99 7.07 10.03 16.57 11.42 8.08 17.19 6.88 15.68 14.79 12.47 4.41 4.74 4.78 4.54 6.20 7.47 5.61 4.25 4.32 3.94 3.32 3.03 3.46 4.32 5.02 5.49 5.95 6.18 5.96 5.96 6.40 6.75 6.75 6.65 6.81 7.24 6.47 3.71 7.42 5.64 5.72 6.22 6.40 8.46 9.42 10.11 9.97 10.53 8.47 8.71 11.61 13.60 6.62 8.36 10.26
9.86 10.66 16.52 16.02 16.15 15.87 12.15 18.53 20.22 23.04 20.74 21.94 22.72 20.81 20.10 17.98 20.47 21.17 14.79 14.50 11.63 18.23 5.29 5.06 7.96 10.44 15.43 11.99 17.57 16.03 13.73 14.69 14.70 4.18 4.30 4.95 5.70 6.44 8.15 8.44 5.99 4.16 3.62 3.13 2.69 2.56 2.88 3.38 3.88 4.37 4.86 5.05 5.12 5.43 5.84 6.12 6.35 6.52 6.56 6.64 8.09 4.48 5.63 5.43 6.18 5.51 4.95 4.36 4.02 10.44 10.67 10.23 6.68 11.10 13.37 10.38 5.52 7.34 9.87
12.15 11.11 14.77 16.16 15.11 17.18 17.98 13.05 19.74 23.54 18.36 23.18 22.88 22.00 18.09 18.66 19.07 19.21 14.07 16.06 12.88 10.54 7.70 7.14 9.13 14.47 9.81 17.13 13.46 5.51 13.51 5.78 4.91 4.24 4.13 4.58 5.61 7.42 9.68 9.78 6.85 4.37 3.16 2.30 1.97 2.15 2.61 2.88 3.19 3.75 4.29 4.68 4.93 5.05 5.18 5.46 5.77 5.94 6.02 6.03 5.87 5.70 5.66 5.59 5.35 5.00 4.58 4.11 3.73 3.53 3.19 2.86 2.96 9.01 5.22 12.03 13.48 6.31 8.63
12.28 12.35 12.11 16.24 16.64 12.62 17.54 12.78 13.93 15.64 22.80 23.72 22.33 20.51 18.01 15.95 19.60 16.66 16.19 20.39 12.23 11.55 10.43 9.76 15.17 13.30 14.27 6.30 14.35 14.38 12.38 4.81 4.53 4.21 3.98 4.20 5.04 7.05 10.17 11.81 9.35 5.24 2.86 1.83 1.45 1.82 2.30 2.68 3.13 3.70 4.33 4.73 4.64 4.40 4.50 4.85 5.09 5.18 5.29 5.35 5.30 5.20 5.16 5.03 4.69 4.27 3.84 3.43 3.07 11.59 2.52 2.51 3.11 11.15 10.30 14.89 12.20 5.51 7.29
9.66 15.84 12.70 15.49 18.16 12.77 16.33 12.61 13.36 20.42 22.71 17.41 22.56 19.03 18.13 16.31 17.53 16.66 16.39 11.32 11.38 19.53 12.13 11.72 11.38 16.60 15.03 13.97 13.58 14.59 12.25 14.83 4.32 4.26 3.90 3.94 4.86 6.54 9.57 13.23 12.23 6.38 1.95 1.21 1.10 1.61 2.23 2.54 3.07 4.01 4.58 4.59 4.07 3.76 4.05 4.33 4.36 4.31 4.40 4.51 4.55 4.46 4.25 4.08 3.88 3.57 3.25 3.01 2.86 2.74 2.64 2.89 9.89 9.13 9.17 9.19 11.88 12.08 5.54
9.51 16.38 10.26 15.49 10.90 15.78 16.68 17.45 17.75 12.12 13.00 15.84 20.78 18.65 18.54 17.21 18.15 15.31 15.68 10.37 10.80 12.33 13.24 21.61 20.72 18.08 15.19 14.33 13.09 14.47 4.24 4.34 4.11 4.06 3.67 3.53 4.78 6.82 9.59 13.50 12.59 6.06 2.68 1.59 0.81 1.57 2.33 2.53 3.40 4.91 5.12 4.23 3.51 3.57 3.98 3.92 3.61 3.44 3.50 3.65 3.68 3.52 3.30 10.69 3.00 2.89 2.78 2.75 2.77 2.78 2.85 3.00 3.22 3.34 3.58 8.14 8.14 8.44 4.45
11.98 11.16 7.60 14.77 9.61 16.36 19.41 13.47 12.78 17.65 12.28 20.67 18.76 20.91 19.61 18.15 18.42 15.33 15.06 16.87 10.24 11.56 13.43 13.73 12.84 11.52 17.42 15.23 13.60 14.78 3.65 4.31 4.26 4.00 3.41 2.92 3.90 6.02 8.75 12.58 13.20 10.01 7.74 5.41 3.44 2.81 2.96 3.10 4.20 6.03 6.03 4.38 3.41 3.69 3.98 3.69 3.35 3.17 3.03 2.93 2.80 2.73 2.74 2.68 2.57 2.45 2.36 2.28 2.27 2.28 2.32 2.44 10.09 10.20 10.17 8.93 7.92 8.42 11.36
12.61 12.66 10.00 5.67 8.09 15.56 11.81 17.55 14.29 19.33 13.06 20.33 21.28 20.71 20.33 19.43 16.36 15.04 15.23 13.76 10.28 18.74 19.09 13.78 13.60 12.55 19.02 17.31 15.60 4.60 3.89 4.61 4.75 4.13 3.23 2.26 2.14 3.01 4.95 10.42 14.35 14.16 11.76 8.75 5.80 4.14 3.57 3.65 4.89 6.76 7.13 5.44 3.99 4.13 4.21 3.77 3.41 3.16 2.89 2.56 2.22 2.07 2.19 2.14 1.90 1.75 10.16 9.67 8.63 10.60 11.25 11.80 11.70 10.82 8.52 8.22 8.40 7.15 8.45
10.70 12.20 13.20 9.67 15.03 9.37 15.58 15.64 16.14 12.61 13.82 20.22 15.16 18.07 22.23 20.30 16.16 15.77 14.23 13.94 19.83 10.88 18.42 16.61 21.38 20.39 19.22 17.48 13.94 5.70 14.03 12.57 4.90 4.19 3.29 2.14 1.29 1.17 3.25 7.82 11.97 13.15 12.43 11.16 8.87 6.15 4.38 4.11 5.07 6.83 7.99 7.20 5.70 5.08 4.61 3.93 3.26 2.77 2.57 2.34 1.84 1.46 7.84 0.93 0.94 8.36 9.80 9.03 8.23 9.16 10.19 10.82 9.64 10.21 9.88 9.01 8.84 11.14 9.04
8.30 9.93 13.39 12.87 8.22 15.29 10.34 11.16 16.68 11.31 13.92 14.80 19.35 19.30 15.42 18.46 17.04 16.18 13.97 16.76 12.50 18.47 19.03 13.54 19.93 20.19 19.90 18.03 16.44 15.09 15.43 13.11 4.69 4.21 3.62 2.81 2.07 2.28 3.75 6.22 8.87 10.43 10.96 11.74 11.72 9.60 6.65 5.12 5.35 6.71 7.89 8.19 7.92 6.95 5.40 3.87 2.68 2.04 2.16 2.35 1.81 1.26 1.28 1.50 1.74 8.71 9.06 8.53 2.32 2.88 9.85 10.23 9.98 8.80 9.22 9.30 8.41 9.09 9.96
