examples/cougarCreek-fire/createInputs/WindNinja/wrfout_d3.2015081200.f13/cougarCreekFire_08-12-2015_1300_217m_non_neutral_stability_vel.asc
ncols	146
nrows	140
xllcorner	610065.000000
yllcorner	5095217.000000
cellsize	216.586807
NODATA_value	-9999.000000
[rows 105 to 139 of 140, columns 0 to 78 of 146]
8.24 9.10 12.70 13.96 11.63 8.58 16.91 7.51 6.33 13.51 12.34 14.45 14.56 22.78 16.11 16.32 17.46 15.88 13.49 15.37 17.15 12.13 13.89 20.50 20.88 13.58 18.69 12.03 17.33 15.75 7.60 5.68 4.86 4.42 4.10 3.62 2.88 2.84 3.48 4.55 6.28 7.94 9.14 10.69 12.31 12.34 10.21 7.54 6.52 7.30 7.97 8.51 9.62 9.70 7.32 3.88 1.78 1.46 2.08 2.66 2.29 1.79 1.92 2.17 6.71 7.56 8.81 2.56 2.67 2.95 3.44 10.62 10.15 9.52 8.83 8.81 8.83 8.21 6.76
8.09 9.13 12.46 14.20 13.60 11.77 9.61 6.29 12.97 6.45 16.09 12.52 17.15 18.73 15.43 16.65 18.35 16.15 13.79 12.83 15.48 16.42 18.89 14.67 13.38 19.32 13.62 13.09 19.09 10.14 8.89 7.21 5.92 5.16 4.72 4.23 3.75 3.48 3.51 3.60 4.60 6.28 7.58 8.97 10.95 12.57 12.62 10.88 9.00 8.64 9.05 9.62 11.16 12.66 10.51 5.01 2.14 2.19 2.76 3.33 3.26 2.85 2.72 2.68 2.75 3.02 3.19 3.17 3.24 3.34 3.46 3.94 4.62 9.86 9.08 8.61 7.36 7.60 5.22
7.50 7.72 10.77 13.73 14.39 13.90 12.32 8.34 3.61 4.74 14.08 16.47 18.76 12.34 20.03 20.63 16.18 15.35 14.15 11.93 15.17 16.10 13.88 20.27 13.48 12.81 20.27 20.22 11.70 10.86 9.91 8.56 7.23 6.25 5.31 4.60 13.64 12.91 9.64 3.27 3.91 5.49 6.73 7.78 9.39 11.33 12.66 12.46 11.04 9.70 9.67 10.70 12.46 14.74 14.22 9.27 5.08 3.92 3.99 4.28 4.26 3.93 3.76 3.79 3.89 4.10 9.22 9.76 10.71 10.89 11.48 11.44 11.33 10.83 9.78 8.16 7.71 8.46 8.78
7.04 4.90 6.53 11.27 13.86 14.02 13.49 11.15 6.36 12.79 7.36 17.44 10.66 18.00 18.97 19.39 16.79 15.84 15.49 13.82 16.22 11.31 18.37 19.80 19.23 20.35 18.65 18.85 11.69 17.04 10.59 9.60 16.37 6.99 5.97 13.65 4.22 4.53 4.43 4.24 4.72 5.49 6.45 7.45 8.78 17.31 11.81 12.52 11.74 9.62 8.45 9.54 11.85 14.67 15.83 12.95 8.33 6.03 5.46 5.39 5.30 5.20 5.30 5.49 5.59 7.82 9.97 11.09 11.60 11.56 11.82 5.29 11.64 11.58 11.17 10.73 10.29 10.26 10.58
9.82 5.63 4.80 7.74 12.18 13.93 13.82 12.42 8.44 5.01 6.85 9.52 17.77 17.88 19.43 18.90 14.45 16.53 16.20 14.57 15.31 16.81 16.31 18.88 17.06 19.12 19.40 12.44 11.89 17.98 10.77 17.57 8.76 7.62 14.14 5.12 13.07 4.48 4.76 5.11 5.46 5.74 6.36 7.27 16.00 10.19 11.80 13.14 13.27 11.14 8.01 6.74 8.84 12.97 14.67 13.55 10.85 8.36 7.38 7.25 7.10 7.10 7.43 7.79 7.90 7.53 9.67 10.86 12.18 6.18 12.30 5.78 12.02 5.90 6.54 11.83 10.93 10.43 10.57
11.54 9.38 5.13 5.56 8.95 12.65 14.04 13.32 9.90 6.62 7.50 9.55 18.40 11.29 12.28 18.30 17.94 20.06 12.84 15.34 14.24 15.66 16.93 17.12 17.42 17.58 18.86 17.61 18.02 18.68 17.91 10.66 16.70 15.89 14.67 14.30 13.47 4.82 13.02 4.95 5.26 5.60 6.22 14.82 15.67 16.54 11.82 13.69 14.85 14.51 11.96 8.64 8.61 12.34 13.51 12.78 12.17 10.96 9.93 9.70 9.71 9.56 9.66 10.03 10.37 10.31 9.95 9.94 11.70 12.51 12.68 11.19 10.30 11.59 11.48 10.21 10.28 9.66 9.59
10.70 10.63 7.77 3.96 4.78 8.71 11.97 13.60 11.48 7.68 7.45 9.74 11.37 11.37 17.97 19.12 14.60 15.34 13.89 10.59 8.98 9.53 9.79 16.87 16.74 18.71 17.92 19.38 19.13 12.12 16.27 11.27 16.22 15.48 15.29 14.41 6.33 6.02 5.63 13.81 13.84 14.07 14.47 14.69 15.12 16.04 10.46 12.99 14.94 16.36 16.80 15.58 14.63 15.64 15.63 14.12 13.05 12.71 12.04 11.29 11.18 11.18 10.99 10.87 11.07 15.40 14.76 13.88 13.40 12.75 12.47 10.27 8.63 8.50 9.25 10.86 11.64 11.61 11.70
9.72 10.28 9.64 5.95 3.81 4.45 6.69 10.67 12.38 10.35 14.36 9.15 16.72 17.60 15.66 18.16 12.64 15.05 14.80 11.90 9.77 9.91 9.92 16.05 14.90 17.01 18.36 13.58 13.10 17.73 17.65 17.59 17.17 10.14 16.09 13.13 7.55 7.15 14.84 14.30 14.39 14.01 14.89 15.24 15.06 7.17 8.66 11.24 13.76 15.69 17.35 18.43 19.07 20.03 20.41 18.95 16.14 14.07 13.26 12.61 12.21 12.14 11.89 11.43 11.20 11.35 11.53 11.60 16.46 15.93 15.92 15.92 15.02 14.91 13.46 13.25 13.39 14.24 13.98
9.74 9.95 10.25 9.02 5.81 3.21 3.62 6.28 9.52 9.75 6.98 13.40 14.54 14.09 15.42 15.97 9.35 12.42 14.44 13.59 11.85 11.53 10.89 16.06 15.05 16.20 17.33 17.85 17.02 16.79 16.55 16.16 15.91 10.62 9.84 9.16 8.52 14.93 15.15 14.69 14.84 15.38 16.19 15.23 13.80 7.31 8.05 9.91 12.22 13.96 15.08 15.89 16.87 18.92 21.38 22.79 21.88 19.18 16.73 15.19 14.53 14.10 13.42 12.54 11.84 11.51 11.30 11.20 11.20 16.70 16.09 10.05 16.73 16.78 16.12 15.69 16.52 17.06 16.59
9.96 9.98 10.03 9.95 8.98 6.99 5.12 4.70 6.09 6.33 11.63 5.94 8.31 16.13 17.23 14.57 7.95 9.69 12.55 13.43 12.22 11.85 11.44 15.94 15.56 15.92 15.70 15.91 15.87 16.11 15.52 16.15 11.18 10.92 16.00 9.92 16.39 15.89 14.99 15.05 15.33 16.36 15.12 8.43 8.47 8.69 9.11 9.96 11.25 12.40 12.78 12.77 13.05 14.52 17.37 20.84 23.57 23.89 21.86 19.06 17.21 16.28 15.17 19.15 17.96 17.52 17.16 17.08 16.74 16.84 16.70 15.91 15.52 16.05 16.34 17.61 18.31 20.91 20.58
9.91 10.47 11.15 10.97 10.83 10.77 10.25 8.93 7.43 5.25 2.94 4.56 14.20 16.08 10.38 9.35 9.18 9.47 11.01 11.82 15.21 17.84 16.72 16.70 15.61 13.89 16.70 14.65 14.97 14.74 17.12 14.60 15.58 16.16 11.01 10.33 16.20 15.88 7.95 15.75 15.54 15.12 14.62 14.30 14.66 9.82 10.38 10.64 10.93 11.44 11.50 11.08 10.87 11.54 13.25 15.75 19.12 21.90 22.84 21.74 19.18 17.32 16.64 15.85 18.01 17.87 18.09 17.82 17.20 15.72 15.67 14.91 14.71 17.14 16.88 17.61 18.09 17.96 17.09
9.44 10.17 11.66 11.75 11.03 10.36 10.34 10.94 10.96 9.18 5.77 4.16 12.84 13.35 8.40 10.04 10.40 10.16 10.67 11.35 11.11 16.59 15.37 15.82 15.43 16.32 14.99 14.12 14.69 16.37 15.74 13.33 14.32 15.97 11.24 17.27 16.30 15.83 8.50 16.22 15.39 14.75 14.66 15.09 16.03 17.04 10.31 10.98 11.08 11.16 11.11 10.73 10.42 10.84 11.95 12.97 14.45 16.65 18.88 20.50 19.85 18.06 17.33 22.27 19.99 18.41 17.52 16.84 16.81 16.49 17.51 16.64 17.44 17.81 17.74 18.32 17.52 16.89 15.53
9.04 8.89 10.02 10.83 10.66 9.58 9.10 10.23 11.80 12.48 10.50 5.42 2.47 4.56 6.44 8.68 10.09 10.79 11.18 11.67 11.53 17.31 16.68 15.80 13.44 10.17 14.96 14.95 14.67 14.28 15.65 12.84 14.26 15.94 16.49 16.10 9.76 9.04 16.00 15.94 15.36 14.56 14.03 14.33 15.05 16.76 17.61 10.60 10.95 11.06 10.97 10.68 10.52 10.85 11.83 12.63 12.92 13.57 15.19 17.45 18.48 17.89 23.24 17.53 22.05 21.20 19.24 17.02 17.10 19.42 19.61 18.17 18.43 18.03 17.65 16.89 18.10 18.62 18.23
9.94 8.33 8.96 10.33 11.38 11.60 11.29 10.90 11.32 12.72 13.20 11.66 9.16 6.10 10.30 6.30 8.92 9.94 10.53 11.23 11.15 15.28 9.42 13.78 11.12 10.95 14.53 14.63 16.36 14.39 13.32 13.90 14.18 15.26 16.13 16.16 15.44 15.86 16.08 15.25 14.89 14.20 13.89 14.26 16.02 8.05 17.59 16.45 9.51 10.11 10.40 10.57 10.75 10.97 11.63 12.56 13.12 13.34 14.16 15.57 20.13 21.24 16.20 16.55 22.33 22.98 21.66 18.85 17.70 19.33 19.89 17.80 17.69 17.13 16.74 16.24 17.18 18.13 18.49
9.63 9.18 9.84 10.91 12.00 12.80 13.23 12.69 11.44 10.55 11.10 12.25 12.12 8.91 5.02 10.62 6.99 8.60 16.04 10.10 16.77 14.57 15.25 9.58 10.82 15.60 15.05 15.89 15.74 16.33 13.06 14.41 14.05 14.75 15.46 15.55 16.11 16.77 15.88 14.81 14.32 14.00 13.62 14.49 14.95 16.14 15.85 15.41 16.00 7.82 8.69 9.90 10.82 11.27 11.70 12.32 12.96 13.08 19.31 19.96 19.94 19.72 21.02 20.85 21.20 21.61 21.76 20.51 17.73 17.51 19.61 20.23 19.60 17.82 16.74 16.71 18.67 19.71 22.68
10.10 10.63 11.70 12.24 12.85 13.68 14.29 13.82 11.71 9.76 8.44 9.96 11.35 9.89 6.30 5.02 11.49 13.11 14.57 15.23 15.93 8.33 14.95 15.29 14.72 14.27 15.18 16.39 13.67 11.27 12.21 8.23 13.91 14.37 14.98 15.46 17.01 16.82 15.72 15.19 14.60 15.06 14.39 14.51 15.08 14.95 15.04 15.51 15.07 15.19 15.81 8.20 9.73 10.66 11.30 11.69 17.90 17.37 17.56 18.75 19.68 19.66 19.24 20.05 21.13 21.03 20.03 22.26 19.21 16.70 18.78 19.80 19.61 19.53 18.79 18.68 18.71 18.35 19.25
11.13 11.57 12.22 12.13 12.58 13.25 13.92 13.51 11.66 9.47 8.75 9.76 11.11 10.83 8.43 4.80 10.91 12.23 12.07 14.31 14.61 14.69 13.57 15.32 15.29 14.87 15.39 15.47 15.10 9.21 16.00 13.55 14.03 14.56 14.70 15.65 16.51 16.51 16.51 15.01 15.76 15.46 15.24 14.45 14.51 14.40 14.76 15.61 15.27 15.19 15.56 16.32 16.88 17.13 17.00 16.66 16.84 16.31 15.95 17.13 18.58 18.67 18.93 19.55 13.16 14.26 19.91 21.55 20.20 17.01 17.01 19.18 19.28 18.90 17.26 18.09 17.06 18.01 18.10
12.46 12.38 11.62 11.41 9.36 8.60 11.08 11.39 11.12 10.27 10.38 10.31 11.33 11.61 10.36 8.21 5.99 11.71 7.29 16.23 13.83 14.40 14.45 14.81 10.04 9.57 17.47 15.15 13.55 9.53 13.35 13.20 14.21 14.84 14.82 15.74 15.88 15.75 16.24 16.02 16.55 16.64 15.15 14.80 14.57 14.36 15.38 16.21 16.07 15.98 16.38 16.93 17.29 17.07 16.90 16.97 16.47 15.62 14.56 15.58 17.20 17.69 16.44 18.40 11.06 12.15 20.63 21.20 21.99 18.90 16.93 16.05 16.68 17.18 17.31 18.52 18.53 18.47 19.30
14.53 13.07 10.83 8.70 7.75 6.40 7.89 8.64 9.78 10.06 10.28 10.01 10.77 11.47 10.95 9.75 8.14 11.58 10.30 15.22 13.61 14.04 14.70 15.19 10.45 10.43 16.49 9.64 10.40 10.37 9.79 14.22 14.32 14.15 14.82 15.32 15.43 15.80 16.09 16.06 16.77 16.36 15.68 15.24 15.09 14.43 15.43 16.23 16.40 16.40 16.90 17.30 17.99 17.33 17.31 16.85 16.54 15.54 13.66 13.72 15.61 15.76 13.57 15.82 16.67 9.31 11.05 19.23 19.43 19.81 19.54 19.23 19.62 19.68 19.94 19.52 18.38 17.58 19.55
14.06 12.26 9.48 8.05 6.31 7.01 7.40 7.49 9.19 9.94 9.80 10.69 10.18 11.21 10.98 9.54 8.38 8.25 11.47 8.79 14.04 13.80 14.41 14.86 10.09 10.68 9.82 9.65 10.20 10.44 9.43 14.33 14.24 13.68 15.19 15.18 15.05 15.49 15.83 16.31 17.02 16.79 16.45 15.88 15.89 16.38 15.96 16.70 16.24 16.63 17.09 17.55 17.68 18.10 17.87 17.15 16.49 15.08 13.29 12.79 13.62 12.82 12.77 13.28 14.03 6.37 8.38 17.19 17.21 17.62 19.35 21.50 22.26 22.45 22.04 20.02 19.04 18.20 19.17
12.61 10.98 8.48 7.31 8.10 7.92 8.27 8.18 9.58 10.54 10.69 10.26 10.04 10.67 11.19 10.08 8.75 8.58 8.53 10.05 8.47 14.49 14.37 14.55 14.84 14.30 9.22 9.31 15.56 10.15 9.69 13.46 14.15 15.12 14.83 14.36 14.82 14.97 15.54 15.85 16.53 16.35 16.14 16.10 16.29 16.38 15.86 16.72 15.99 16.68 17.17 17.73 18.54 18.62 18.46 17.64 16.17 14.04 12.05 11.08 11.12 8.96 9.07 9.79 11.38 13.35 14.98 17.11 11.83 10.18 17.72 20.56 21.03 21.23 22.10 21.37 19.39 17.80 18.47
12.05 10.82 8.97 8.48 8.61 9.12 9.74 10.33 10.41 10.47 11.06 10.90 9.61 9.24 10.39 10.89 9.98 18.06 8.00 15.21 12.27 15.42 14.88 13.96 9.41 13.36 14.42 15.14 12.98 13.32 9.50 9.63 15.56 14.92 14.97 14.73 15.29 15.57 15.90 16.85 16.51 16.58 16.28 16.40 16.46 16.06 15.73 17.06 16.86 17.05 17.40 17.58 17.92 19.06 19.45 19.88 17.33 12.53 10.98 9.52 8.24 7.47 6.87 6.25 5.66 5.88 11.79 8.85 11.36 11.57 18.86 20.77 19.68 19.41 12.36 20.63 19.59 16.84 17.37
10.69 10.29 10.51 10.42 11.04 11.28 10.69 10.78 11.72 8.70 8.87 9.47 10.27 8.33 9.00 10.33 10.56 9.75 13.65 13.56 13.59 15.72 14.15 14.31 10.29 14.35 16.20 15.99 9.10 9.14 12.99 16.30 15.29 14.97 15.19 14.60 15.08 15.15 15.61 16.31 17.20 16.90 17.05 17.42 16.24 16.44 16.49 16.66 17.49 17.59 18.73 19.35 20.03 11.39 12.63 13.62 14.11 13.53 12.06 10.39 9.07 8.18 7.40 6.84 6.51 6.83 7.31 8.62 9.01 9.37 17.81 18.31 17.87 17.66 18.10 21.67 19.44 16.96 16.86
11.17 10.80 10.49 11.02 11.40 9.16 7.54 8.20 8.07 7.17 5.62 7.21 8.20 7.95 7.74 8.61 9.71 9.64 8.31 12.82 15.04 13.12 13.66 14.11 14.98 15.13 15.92 10.25 9.67 9.17 13.68 15.31 15.62 14.64 14.69 15.03 14.94 16.00 16.15 16.53 16.60 11.49 11.21 10.31 9.42 17.12 17.40 18.25 8.30 9.04 9.83 11.08 11.89 12.85 13.94 14.93 15.30 14.68 13.10 10.96 9.36 8.49 8.27 7.94 7.48 7.30 7.08 14.15 14.48 5.53 6.18 16.53 16.70 16.68 17.55 20.70 18.77 16.61 15.63
11.82 11.26 10.66 11.26 10.18 8.37 7.25 6.23 5.97 5.34 4.49 6.09 7.23 9.12 6.25 6.64 8.14 8.80 8.78 7.68 15.33 12.54 13.18 15.81 16.64 16.83 15.73 10.89 10.32 10.04 15.16 14.65 14.61 13.70 10.61 15.15 15.65 15.62 15.69 15.76 12.01 12.46 12.28 11.71 11.12 10.85 10.55 10.15 9.95 10.44 11.51 12.64 13.61 14.62 15.73 16.75 17.19 16.39 14.25 11.57 9.65 9.17 9.67 9.94 9.65 9.04 8.48 7.85 6.82 6.10 6.51 7.76 8.63 15.84 17.22 18.80 19.46 18.01 17.37
12.82 12.24 10.96 10.28 10.60 9.12 8.24 7.34 6.31 5.21 5.76 7.07 7.59 7.32 7.20 5.66 8.12 8.22 8.57 8.68 8.37 14.06 12.79 15.63 16.17 13.33 17.19 13.80 10.20 15.35 15.21 15.44 14.93 13.96 10.64 11.23 15.06 15.42 11.52 11.84 12.39 12.98 13.22 13.09 12.61 12.21 12.26 12.09 11.85 11.93 12.45 13.37 14.50 15.68 16.97 18.46 19.56 19.03 16.50 13.06 10.47 10.18 11.29 12.12 12.14 11.79 11.46 11.45 11.44 10.80 9.96 9.94 16.38 10.35 16.63 17.95 19.02 18.96 18.87
14.15 13.08 11.61 10.87 10.01 9.26 9.07 8.32 7.75 7.68 7.50 6.56 8.15 7.58 8.05 6.64 7.66 9.54 9.63 10.06 9.96 9.08 14.45 16.15 15.25 16.18 12.79 12.76 8.89 15.88 15.29 14.78 14.88 13.79 14.88 15.05 15.57 11.00 11.35 12.12 12.91 13.45 13.75 13.80 13.50 19.79 20.08 12.73 13.02 13.35 13.66 14.14 15.08 16.36 17.80 19.54 21.40 21.91 20.41 17.61 14.53 13.04 13.10 13.60 13.87 13.90 13.85 13.73 13.47 13.02 12.22 11.62 11.53 16.13 15.95 17.40 17.60 17.36 17.84
15.62 14.25 12.30 11.14 9.69 9.65 9.06 8.62 9.20 9.11 9.18 7.50 8.93 9.06 8.87 12.66 9.09 9.92 10.53 10.69 10.60 10.29 9.46 18.05 14.54 15.61 14.43 17.09 16.52 14.90 14.49 14.59 14.58 13.72 10.13 14.07 10.15 10.41 11.28 12.16 12.98 18.70 19.64 19.92 20.67 20.23 13.45 12.96 13.04 13.43 14.02 14.50 15.10 16.06 17.57 19.53 21.61 22.86 22.87 21.99 19.99 17.21 15.05 14.15 13.99 14.08 14.54 14.63 14.67 14.63 14.23 13.88 13.67 13.68 13.72 13.50 17.15 13.89 17.18
17.48 15.46 12.94 11.53 9.88 9.28 8.90 9.61 9.28 9.60 9.67 9.52 9.31 10.24 10.15 10.44 10.47 17.14 10.77 10.88 10.90 10.83 10.54 17.99 15.98 10.64 15.57 15.73 15.37 14.16 14.69 15.21 10.50 10.03 10.19 10.73 11.10 11.38 11.60 17.06 17.94 19.33 19.32 13.69 20.70 21.25 13.49 12.96 12.77 13.11 13.73 14.23 14.54 14.98 15.99 17.87 20.12 21.75 22.47 23.03 22.51 20.09 17.48 15.60 14.22 13.71 14.42 15.05 15.05 15.18 15.15 15.09 19.99 19.53 18.79 17.69 15.59 18.02 17.42
18.33 15.79 12.92 11.35 9.15 8.41 7.17 8.35 10.17 11.04 11.40 11.35 11.21 11.97 11.57 12.35 11.74 12.48 11.56 11.65 11.79 11.78 11.64 11.27 16.97 11.13 11.03 17.48 16.20 15.80 15.52 10.36 10.96 11.44 12.04 12.77 13.03 12.93 12.64 19.17 18.47 18.47 13.30 13.83 14.35 14.17 13.45 13.00 12.88 13.23 13.85 14.07 13.62 13.14 13.60 14.98 17.12 19.62 21.23 22.04 22.00 20.95 19.56 18.09 16.37 14.77 14.68 21.07 16.31 16.38 15.98 15.20 18.27 20.04 19.62 19.71 19.98 16.75 20.46
18.72 15.15 12.68 11.52 8.90 8.42 7.02 10.42 13.59 13.38 12.75 12.58 13.16 13.38 13.52 13.63 12.89 12.92 12.88 12.90 12.94 12.82 12.44 11.59 17.22 16.68 10.95 17.74 15.90 15.27 10.21 10.69 11.91 12.57 12.91 13.36 13.60 13.18 12.44 19.38 18.37 13.19 13.21 13.46 20.33 14.05 13.44 12.92 12.60 12.77 13.60 14.58 13.79 11.38 10.61 11.74 13.72 16.85 19.67 20.60 20.48 20.36 20.12 19.65 18.73 17.14 16.10 16.51 17.40 17.84 17.45 17.67 16.56 16.88 15.60 18.86 19.54 16.01 20.20
18.98 15.29 11.52 11.48 10.14 12.42 15.78 18.22 17.54 15.41 14.17 13.87 13.63 13.58 14.75 14.69 14.62 13.78 13.65 13.32 12.78 17.66 12.32 11.86 10.99 11.70 15.82 16.17 16.03 11.26 11.05 11.70 12.28 12.33 12.09 12.03 12.52 12.59 11.75 18.55 12.63 12.99 13.13 13.20 19.49 13.35 13.12 12.56 11.87 11.28 11.70 14.02 15.59 11.92 8.61 9.46 11.60 14.41 17.54 19.08 19.05 19.07 19.50 19.80 19.77 19.18 18.34 17.79 17.70 18.03 19.66 19.72 19.48 18.30 16.99 17.08 18.34 18.54 19.72
17.00 14.71 11.29 10.39 12.09 14.35 17.97 18.10 16.33 15.26 14.84 14.77 15.21 14.43 15.52 15.29 15.50 14.33 13.92 14.10 12.07 11.51 11.72 11.92 11.81 11.45 11.73 17.62 15.57 11.06 11.06 10.74 10.46 10.51 10.23 9.91 10.40 10.94 10.71 16.54 15.50 12.19 12.65 12.77 12.67 12.64 12.65 12.01 11.02 9.83 8.97 11.52 16.08 14.42 9.58 9.24 10.93 12.82 15.23 17.07 17.65 17.94 18.51 19.22 19.54 19.38 18.86 18.18 17.58 17.55 17.57 17.39 20.64 20.23 17.64 17.15 17.34 16.63 18.39
14.29 13.21 10.79 7.94 11.21 13.70 15.34 13.66 12.36 13.03 14.25 15.07 15.26 15.27 15.17 16.13 14.95 15.90 14.14 13.80 12.44 11.72 11.48 11.75 12.08 12.29 12.32 11.93 16.03 10.09 8.87 7.49 6.80 7.09 7.77 7.54 8.35 9.09 15.91 14.14 10.21 11.09 15.53 16.28 12.12 11.75 11.17 10.76 10.01 8.81 7.08 7.80 12.54 14.53 12.01 10.66 11.08 12.00 13.60 15.35 16.64 17.48 18.10 18.77 19.17 19.02 18.51 17.86 19.41 16.35 19.70 18.56 18.90 19.12 18.03 16.94 16.98 15.61 15.59
14.38 12.42 10.05 7.07 11.23 13.43 13.93 11.88 10.75 11.97 14.00 15.30 15.72 15.77 15.71 15.59 15.27 14.83 14.33 13.74 13.05 12.22 11.73 11.92 12.32 12.65 13.18 13.05 16.92 9.38 7.20 5.11 10.46 5.09 6.52 6.92 7.01 8.07 14.29 13.12 8.65 10.39 11.09 11.44 11.45 11.18 10.45 9.94 8.94 7.98 6.88 7.48 9.96 13.19 13.07 11.24 11.12 11.61 12.91 14.63 16.22 17.35 17.97 18.63 19.09 19.02 18.49 17.62 16.53 16.83 16.02 15.66 13.95 17.31 15.14 15.23 15.85 15.62 15.03
