examples/cougarCreek-fire/createInputs/WindNinja/wrfout_d3.2015081100.f22/cougarCreekFire_08-11-2015_2200_217m_non_neutral_stability_ang.asc
ncols	146
nrows	140
xllcorner	610065.000000
yllcorner	5095217.000000
cellsize	216.586807
NODATA_value	-9999.000000
[rows 49 to 97 of 140, columns 0 to 95 of 146]
175 177 183 178 181 189 197 193 193 206 208 192 189 185 215 210 204 199 189 191 184 165 168 181 182 192 195 187 188 168 166 164 161 143 120 106 107 114 112 122 121 112 114 110 99 83 75 82 83 89 75 73 108 95 85 90 93 96 100 104 95 94 92 97 93 91 90 86 85 85 84 83 83 83 83 83 84 83 78 81 85 91 92 89 84 80 102 82 82 82 80 84 85 85 85 82
164 170 173 177 186 179 179 190 190 190 189 187 183 209 200 190 190 182 180 187 181 172 172 171 171 173 153 179 164 168 162 163 159 142 126 109 108 113 112 114 119 111 111 112 108 103 101 102 107 113 109 106 107 106 104 96 90 92 97 98 94 95 93 91 93 85 83 79 78 77 78 78 78 81 83 79 73 71 75 81 80 84 90 91 89 85 81 79 79 88 81 78 82 84 84 82
162 166 172 183 175 175 187 187 187 187 184 181 179 202 183 180 182 178 182 185 173 167 170 154 169 171 185 143 158 164 161 162 157 140 126 113 111 117 114 112 110 107 106 109 101 97 95 95 94 107 105 104 87 103 85 77 89 90 90 94 95 94 96 93 91 87 92 87 86 87 89 92 87 90 89 91 91 93 79 88 77 79 84 89 90 89 86 82 79 79 93 81 74 81 81 81
169 166 181 171 172 184 185 185 201 183 180 198 185 181 175 174 176 178 181 178 170 172 166 138 168 133 130 139 176 161 160 158 152 138 122 114 115 119 114 111 106 103 102 103 109 101 99 95 94 91 94 92 89 87 84 87 85 87 90 90 90 92 94 85 93 91 91 90 89 90 78 92 92 78 78 79 79 80 79 78 83 78 79 82 85 88 88 87 84 81 79 78 78 79 79 80
159 169 167 168 182 182 193 194 196 200 192 175 167 167 166 163 161 180 179 173 175 166 164 153 181 134 179 165 160 156 151 156 152 137 119 113 112 108 102 98 99 97 96 99 104 100 99 95 94 93 93 92 89 93 91 102 94 91 88 90 90 91 84 84 84 82 81 80 79 79 81 81 79 78 78 79 90 82 80 80 79 79 96 79 80 82 85 86 86 84 82 80 79 78 78 79
155 169 178 178 181 182 190 194 194 193 174 165 167 169 186 179 162 187 182 172 143 141 163 165 166 162 163 159 157 154 145 156 150 141 111 116 123 118 104 105 104 97 91 92 96 97 97 95 93 93 94 95 95 94 97 93 89 87 89 91 89 82 83 84 84 84 83 81 78 78 81 82 81 79 78 78 79 79 79 80 81 80 80 80 79 79 81 82 83 84 84 83 81 79 79 78
153 166 175 178 170 176 182 192 180 177 167 167 169 171 187 180 162 183 152 147 163 166 166 165 171 162 160 160 158 154 148 157 150 142 123 107 132 133 123 117 114 111 94 88 91 92 96 95 94 93 93 94 95 95 94 97 92 83 83 83 81 81 82 83 83 84 84 81 79 79 80 81 81 80 80 79 80 79 80 82 83 82 93 80 79 79 79 79 81 82 82 82 82 81 80 78
157 158 173 174 168 183 181 179 166 167 168 171 168 169 185 164 159 156 144 165 165 163 164 165 163 162 163 157 158 150 149 158 149 142 123 118 133 132 119 118 114 114 103 90 84 88 88 93 95 94 94 93 93 93 92 90 85 84 83 83 82 82 82 82 82 81 81 80 80 80 79 78 78 79 79 80 80 80 81 83 83 87 82 80 79 87 78 78 79 79 79 79 80 80 80 80
156 159 173 163 166 165 179 164 163 163 163 176 160 160 169 163 160 183 157 157 165 162 165 144 163 163 162 156 157 150 155 157 151 149 114 113 136 127 113 119 116 114 114 99 86 85 84 86 91 93 94 94 92 91 90 87 84 84 83 83 84 84 83 82 82 80 79 79 79 79 78 76 76 77 78 79 80 81 81 74 80 81 82 83 81 80 79 79 100 99 77 77 78 78 79 79
158 160 163 163 163 179 168 163 164 164 183 175 159 159 193 170 157 144 144 146 166 165 138 135 163 164 132 157 154 151 159 157 153 152 118 111 129 126 117 122 116 112 114 108 98 83 76 84 83 84 91 94 89 89 87 86 85 85 84 84 84 84 83 83 82 82 81 80 79 78 76 76 76 77 79 80 67 71 74 73 77 78 79 80 81 81 81 90 79 79 79 78 78 78 79 78
157 161 164 163 162 176 162 164 165 182 182 159 182 157 153 150 151 145 146 146 168 151 139 146 164 141 133 159 155 158 157 156 153 149 129 115 120 124 120 126 121 116 115 111 111 112 101 88 83 82 83 88 89 88 86 85 86 86 86 85 84 83 84 83 82 82 77 80 79 78 77 78 79 79 66 72 83 82 75 73 77 77 77 77 78 79 79 79 79 79 79 78 78 78 78 78
156 161 163 161 176 160 162 165 184 186 160 160 158 155 153 154 175 144 147 146 163 163 163 163 147 140 159 159 159 159 157 155 154 148 134 121 118 121 124 125 123 116 113 116 111 111 107 111 107 87 83 82 80 85 85 84 85 85 85 85 84 84 84 77 78 80 78 78 78 78 79 80 68 70 82 81 77 77 84 86 82 79 79 78 77 77 77 77 78 78 78 78 78 78 78 78
155 159 161 159 160 160 163 164 163 162 160 159 157 159 157 155 147 145 145 147 154 164 167 150 146 142 137 161 160 159 156 154 153 146 133 126 118 120 126 124 120 116 114 115 112 114 112 110 110 90 84 84 84 84 83 83 76 77 77 75 75 75 76 77 82 80 78 78 78 79 69 73 83 81 77 78 82 87 86 88 92 88 90 88 87 88 88 86 76 77 77 78 79 79 77 77
157 159 158 158 159 160 163 163 161 160 158 163 162 163 184 174 146 146 148 150 155 165 162 164 147 144 163 162 160 158 156 156 153 147 129 129 124 121 127 126 124 116 119 119 114 114 111 103 102 90 86 86 85 112 83 83 92 83 98 87 75 73 75 75 72 70 79 69 68 71 75 79 76 74 76 84 89 90 88 86 92 92 87 89 76 87 87 87 76 76 76 77 77 78 78 79
161 160 158 157 158 159 161 161 159 164 163 166 164 182 185 150 146 149 149 157 163 162 159 165 150 147 164 161 160 158 158 156 154 143 127 129 129 124 127 127 124 114 114 121 113 110 110 113 110 91 87 87 86 111 85 84 112 83 102 105 81 80 78 74 69 72 70 97 103 82 79 80 78 77 82 86 90 87 89 88 92 77 92 92 76 83 83 85 76 76 76 76 77 77 77 77
163 162 160 160 159 159 159 158 163 165 186 190 180 174 158 149 147 148 153 156 148 151 162 165 164 164 164 160 159 158 157 156 149 138 130 130 131 128 128 127 125 114 112 118 118 111 110 98 96 108 89 87 87 87 86 85 84 93 83 103 82 91 80 96 97 95 98 101 77 102 86 84 96 97 85 87 84 85 83 83 87 92 77 76 76 76 76 88 76 76 76 76 77 77 77 77
164 163 162 162 162 160 158 163 166 188 187 185 180 158 151 149 148 151 158 153 143 154 163 162 162 150 144 159 159 158 156 151 148 138 131 130 135 130 130 133 126 118 111 111 115 111 113 110 98 97 92 87 87 86 114 85 84 83 83 104 83 82 81 102 97 96 96 97 103 109 93 91 96 98 84 81 72 68 68 72 74 75 78 79 79 80 77 77 77 76 76 76 77 77 77 77
165 164 162 161 167 163 164 183 187 189 184 178 170 157 150 145 149 154 146 151 143 141 139 137 167 151 145 137 159 158 157 143 142 138 131 132 143 130 130 141 127 119 107 110 103 102 102 100 98 117 95 91 85 107 86 86 84 83 83 83 95 82 106 108 107 99 89 102 94 93 91 83 90 94 95 80 65 69 71 76 76 76 76 74 70 70 76 76 77 77 76 77 77 77 77 77
167 164 161 171 167 165 182 187 188 185 177 172 167 158 150 148 150 156 145 163 156 154 140 138 165 151 145 138 158 157 149 140 139 140 138 137 146 129 134 141 127 123 105 98 99 104 111 110 106 114 112 91 93 86 112 86 84 82 82 82 83 97 98 80 108 103 103 76 77 90 87 89 92 94 99 104 75 75 75 74 73 73 75 76 76 75 81 78 75 76 78 78 79 79 80 77
165 163 159 173 171 173 171 169 176 176 166 158 158 151 152 148 150 168 156 153 155 163 139 156 163 135 131 138 160 151 149 139 138 146 145 139 146 135 136 143 131 137 99 98 96 96 96 106 96 109 108 86 86 86 87 111 85 83 81 108 93 96 91 103 92 90 90 77 76 97 85 82 81 82 89 102 104 94 75 75 78 69 67 73 79 84 76 78 76 77 79 79 79 78 78 79
162 160 156 171 168 170 170 172 174 174 165 161 164 150 151 148 151 148 164 143 156 162 160 160 165 135 131 139 157 149 155 141 135 141 147 149 148 137 137 144 144 142 123 98 97 97 97 97 94 93 93 87 86 86 86 87 115 85 81 88 88 81 81 93 99 95 94 78 77 75 95 87 87 82 85 88 94 75 68 74 74 74 74 75 76 76 76 75 76 78 78 78 79 78 78 77
161 159 153 169 165 167 168 172 173 173 169 167 161 149 147 148 151 148 165 143 141 162 155 164 154 135 138 157 153 157 161 148 135 140 148 149 147 136 138 143 145 141 129 101 98 98 107 106 94 91 88 87 87 107 85 85 87 87 84 80 89 80 81 81 81 88 90 95 78 76 105 95 92 93 92 91 91 75 78 73 70 72 68 62 62 74 74 74 74 64 75 76 77 78 78 78
163 158 152 151 165 166 168 167 172 171 171 170 151 159 146 148 151 148 165 142 153 164 137 154 136 134 142 155 152 160 160 143 122 120 150 149 138 135 139 149 144 127 126 120 96 96 98 103 95 93 91 87 94 107 105 85 85 87 86 82 79 104 79 80 80 80 80 81 93 77 76 103 91 90 91 92 93 91 90 86 75 74 89 95 63 63 64 66 78 73 65 65 68 75 76 78
162 156 151 152 165 166 169 167 171 169 171 170 174 165 139 148 151 147 157 142 141 139 137 154 136 145 145 152 157 161 157 140 135 149 155 149 135 121 146 144 136 128 112 136 101 96 98 105 95 88 91 87 102 111 85 85 84 85 86 85 81 79 106 85 81 78 78 78 78 80 77 96 90 83 84 90 92 94 92 93 87 86 91 99 73 94 92 95 96 72 96 86 81 80 78 76
158 154 152 152 164 167 169 166 167 167 169 169 172 147 143 149 150 146 142 141 141 139 137 168 136 145 160 160 164 140 153 138 135 151 150 149 122 126 146 144 142 128 114 140 117 96 105 101 99 88 93 86 103 85 108 84 84 84 85 85 83 80 90 103 98 96 86 89 85 84 85 86 88 87 87 91 93 92 94 94 88 84 87 95 100 97 92 92 95 74 73 93 85 81 74 75
155 154 152 152 165 168 169 168 165 166 169 169 148 163 145 148 150 146 142 142 141 139 137 155 136 148 160 165 145 158 145 138 141 138 151 149 122 128 148 150 144 127 128 139 107 98 97 99 100 99 86 102 102 85 85 103 84 83 83 84 84 81 79 107 97 94 98 98 95 100 105 98 96 74 92 89 93 93 94 96 92 85 84 89 94 98 94 83 85 96 75 73 93 82 74 74
154 154 153 166 165 166 167 168 166 170 168 171 164 162 146 149 150 146 143 163 141 139 138 137 152 152 164 145 160 154 148 139 158 136 151 138 123 134 147 149 145 124 125 113 109 117 92 101 90 103 86 85 107 85 85 107 105 83 82 83 83 82 80 91 100 86 93 87 85 101 75 75 101 92 73 91 91 95 93 93 93 85 78 80 88 94 95 90 81 82 94 75 74 92 73 73
154 154 154 165 164 166 169 166 169 172 152 150 149 162 147 150 151 146 170 143 142 140 138 137 155 165 166 163 154 158 153 144 160 155 146 123 123 139 128 146 137 124 123 128 110 106 109 91 90 104 86 86 86 85 85 100 104 83 82 83 83 82 81 79 104 97 97 97 85 93 105 98 93 98 96 106 91 94 96 89 90 84 77 79 85 92 91 90 85 78 75 85 76 74 73 72
155 155 154 164 166 169 170 167 170 174 153 171 152 150 148 151 150 146 144 143 142 140 138 156 150 165 167 162 160 162 154 152 157 153 139 123 115 139 129 148 119 118 117 117 112 108 116 91 90 104 86 86 85 85 84 100 103 83 82 82 105 82 81 80 96 101 101 100 93 87 97 102 107 103 74 74 75 99 98 92 90 90 88 85 88 73 91 83 85 80 74 75 82 77 75 74
155 155 155 165 168 155 170 170 172 173 171 168 152 151 150 152 150 146 144 143 141 140 138 143 148 166 164 163 162 164 163 150 155 149 131 116 115 131 149 150 119 117 118 117 117 113 109 109 88 103 103 86 85 84 83 83 102 104 103 81 82 83 82 80 78 102 98 98 89 75 75 76 100 101 75 75 107 98 85 90 95 95 90 87 86 73 73 89 88 89 86 80 74 75 77 75
156 156 155 165 168 155 170 168 170 171 168 166 166 150 151 152 150 146 145 143 141 140 165 138 138 165 164 164 162 164 158 146 148 151 130 116 115 131 154 149 119 117 117 118 117 114 110 106 110 87 103 86 85 83 83 100 84 102 109 81 82 83 82 81 78 95 88 88 87 75 75 75 76 90 99 99 74 75 84 88 93 97 94 89 87 73 74 73 72 73 73 88 83 74 75 77
156 156 156 164 169 155 155 170 171 171 170 170 171 150 152 152 149 147 146 144 142 140 143 138 146 165 165 131 162 149 161 151 150 154 131 117 115 132 135 144 120 119 115 117 116 114 112 104 105 88 87 86 84 83 84 84 83 96 99 81 81 81 82 100 79 77 96 86 88 84 85 86 75 76 89 96 75 76 95 86 87 98 73 73 73 74 74 73 73 73 74 74 73 82 74 75
157 156 156 162 156 156 155 173 169 169 168 172 172 151 153 152 149 148 146 144 142 158 139 139 146 154 134 131 149 151 149 155 155 153 132 127 129 152 152 107 105 103 118 113 112 114 113 90 99 87 87 86 84 84 86 99 95 81 98 98 80 80 80 80 100 78 95 93 92 85 87 94 86 75 76 77 76 77 95 88 84 75 74 73 72 73 74 74 74 74 74 74 74 83 72 73
157 157 156 164 156 156 156 173 167 165 168 154 171 152 153 151 149 148 146 144 170 149 139 139 147 163 134 131 156 147 150 163 155 147 132 127 131 139 131 107 105 103 120 113 109 112 114 91 126 101 85 84 84 86 101 100 98 99 99 96 105 79 79 79 80 79 77 100 93 98 86 88 97 83 76 82 94 77 76 91 85 74 75 74 73 72 73 74 75 75 74 74 72 74 73 72
158 157 157 157 156 156 156 174 166 165 174 154 169 153 167 151 149 148 146 170 166 143 140 139 147 137 135 132 158 141 164 162 139 138 136 132 152 112 127 106 104 120 101 115 97 95 94 130 107 103 99 84 86 104 108 100 81 98 98 97 97 105 92 78 79 79 78 96 96 97 92 91 98 98 88 85 89 103 102 93 95 73 74 75 75 74 73 73 73 74 73 74 73 73 72 71
158 158 157 157 157 157 156 175 168 171 156 154 163 154 153 151 176 148 146 168 150 141 141 140 139 166 135 157 152 140 159 156 124 121 151 116 158 111 128 105 104 104 102 99 96 95 94 92 107 87 101 85 105 100 98 83 83 82 99 81 98 97 96 96 90 92 97 96 104 95 93 84 98 98 95 94 93 96 97 75 74 73 73 74 75 74 74 73 72 72 73 74 73 75 74 73
159 159 158 157 157 157 157 173 171 179 156 178 157 162 154 152 150 173 170 164 146 142 141 140 139 167 166 162 153 130 150 157 123 122 154 155 153 135 109 106 105 104 102 98 96 95 93 92 89 87 86 87 86 84 83 83 83 83 82 81 81 97 78 96 100 99 104 76 95 102 98 83 85 99 100 97 96 95 76 76 75 75 74 74 74 98 74 74 73 73 72 72 73 74 73 74
159 159 158 158 157 157 157 157 175 157 156 167 155 169 153 152 172 168 163 156 143 143 142 153 139 169 135 163 154 150 150 153 152 122 154 149 152 151 110 107 119 102 100 98 96 94 93 92 90 87 86 86 85 84 83 83 83 83 82 81 81 80 79 79 103 101 105 97 96 96 96 93 90 93 99 75 99 74 74 74 75 83 75 75 73 73 73 74 73 84 73 73 73 72 72 72
159 159 159 158 158 158 158 158 158 157 156 158 155 168 172 175 174 159 163 151 144 143 143 141 163 167 135 165 131 159 129 155 125 123 121 118 115 113 153 147 103 100 99 98 96 94 93 91 90 87 86 85 85 84 83 83 83 82 82 81 80 80 80 79 96 104 107 96 96 76 75 101 94 90 91 91 90 95 98 89 74 80 75 75 74 74 73 73 72 72 73 73 73 73 72 70
160 160 159 159 159 158 176 158 158 158 156 160 156 160 171 175 173 160 164 145 145 144 143 142 168 137 135 133 132 131 164 165 151 123 121 154 115 113 150 107 103 100 99 98 96 94 93 91 89 87 86 85 105 84 84 83 82 82 82 81 81 80 80 79 105 102 96 105 104 105 75 103 98 92 74 74 75 75 75 88 74 74 74 75 74 74 74 73 72 72 72 73 73 72 72 72
160 160 159 159 159 159 175 158 159 158 157 168 156 156 171 177 172 160 160 146 145 145 143 167 140 138 136 134 133 132 130 157 155 123 121 119 115 113 151 106 103 101 99 98 96 94 92 90 89 87 86 85 105 106 84 83 83 82 82 81 81 80 79 106 96 101 101 104 101 101 102 104 103 101 92 88 89 74 75 75 75 74 74 74 74 74 74 74 73 72 72 73 72 72 73 81
161 160 159 159 159 159 159 159 159 158 157 169 157 157 170 179 171 161 160 147 146 145 144 143 141 138 136 135 159 164 164 161 156 123 122 119 116 113 110 107 104 102 100 98 96 94 92 90 89 87 86 85 85 106 84 83 83 82 82 81 81 107 80 107 106 103 99 100 97 96 97 101 74 74 101 96 93 94 88 74 73 73 73 74 74 74 74 73 73 73 73 93 89 90 89 88
161 160 160 159 159 159 160 160 159 159 182 166 158 160 170 176 169 151 149 148 147 146 167 143 141 139 170 166 166 166 162 156 153 124 121 119 116 113 110 107 105 102 100 98 132 93 92 91 89 88 86 86 85 104 85 84 83 83 82 81 80 106 106 103 107 77 102 98 92 92 76 94 75 75 75 94 96 74 95 89 88 89 86 73 73 74 73 73 74 74 73 74 74 94 74 74
161 161 160 160 160 160 160 160 160 159 179 166 158 167 169 172 169 161 150 148 148 147 174 144 142 139 162 163 170 166 152 130 127 124 121 118 154 112 147 140 105 103 124 98 97 94 92 90 89 87 86 86 85 99 99 84 84 83 82 81 81 80 104 101 105 78 77 102 95 93 75 95 75 75 99 96 94 93 92 87 86 89 75 93 74 89 87 86 74 74 75 74 72 72 75 74
161 160 160 160 160 160 160 160 160 159 158 170 159 170 156 170 173 168 151 150 149 148 174 144 143 174 162 164 162 163 151 131 128 125 122 156 116 113 110 108 106 104 101 99 97 95 92 91 89 87 86 86 85 101 99 105 83 105 82 82 81 81 101 97 100 79 78 103 98 94 90 98 75 76 100 96 93 74 84 79 74 74 84 75 75 95 75 96 80 73 85 87 76 73 76 75
160 160 159 156 160 160 160 160 160 159 159 159 171 158 157 156 173 170 152 151 150 149 147 175 143 177 165 164 157 159 160 147 157 163 160 120 117 115 112 109 107 105 102 99 96 94 93 91 89 87 86 86 85 85 97 100 100 97 103 82 81 81 102 92 79 95 103 77 98 95 91 97 76 76 99 101 101 95 85 85 85 85 74 81 84 86 85 75 94 93 74 73 73 74 76 75
159 159 159 160 160 160 161 160 160 160 159 159 158 166 157 167 171 174 162 151 150 149 147 146 143 141 166 155 138 136 134 159 164 164 124 121 119 116 113 148 108 105 103 99 97 95 93 91 89 87 86 86 85 85 92 88 92 94 95 102 82 81 98 89 79 84 89 95 94 94 90 93 103 102 101 75 74 74 88 84 85 84 75 75 75 83 75 75 75 75 75 74 72 72 73 73
159 159 159 160 160 160 161 161 160 160 160 160 159 168 166 166 174 178 163 152 151 177 148 147 144 177 162 156 167 178 137 169 132 129 126 123 120 117 151 110 107 105 103 100 97 95 93 91 89 87 86 86 85 85 84 84 84 84 83 83 98 101 96 97 93 87 78 88 90 90 89 93 93 94 99 102 75 74 101 74 78 76 75 79 75 75 92 75 83 74 75 74 84 71 72 72
159 159 159 160 160 161 161 161 161 160 160 160 159 170 158 157 175 173 163 154 153 151 149 148 146 164 158 168 141 140 138 136 134 131 128 125 122 118 114 111 108 106 103 101 98 96 93 91 89 87 86 85 85 84 84 84 84 83 83 83 82 96 98 98 93 78 78 77 77 76 76 76 76 90 94 99 75 74 74 95 74 76 74 74 74 76 96 75 74 76 75 82 75 74 72 72
