examples/cougarCreek-fire/createInputs/WindNinja/wrfout_d3.2015081100.f22/cougarCreekFire_08-11-2015_2200_217m_non_neutral_stability_ang.asc
ncols	146
nrows	140
xllcorner	610065.000000
yllcorner	5095217.000000
cellsize	216.586807
NODATA_value	-9999.000000
[rows 0 to 48 of 140, columns 0 to 95 of 146]
38 43 49 53 55 57 59 61 63 354 70 75 78 80 80 81 80 80 79 78 78 77 83 85 86 85 85 85 86 86 86 85 86 87 88 90 93 94 96 98 99 99 101 101 103 103 106 106 106 106 104 103 102 102 103 104 104 102 100 102 102 102 102 103 103 103 102 102 105 107 109 107 105 103 103 104 104 100 97 97 98 100 102 102 100 103 106 100 101 106 108 106 106 112 111 110
38 43 49 53 55 57 59 61 63 354 70 75 78 80 80 81 80 80 79 78 78 77 83 85 86 85 85 85 86 86 86 85 86 87 88 90 93 94 96 98 99 99 101 101 103 103 106 106 106 106 104 103 102 102 103 104 104 102 100 102 102 102 102 103 103 103 102 102 105 107 109 107 105 103 103 104 104 100 97 97 98 100 102 102 100 103 106 100 101 106 108 106 106 112 111 110
35 39 43 45 47 49 52 54 57 60 64 68 72 75 76 77 77 77 77 77 77 71 80 82 83 83 83 83 84 84 83 84 85 86 88 90 91 93 95 97 98 99 100 101 102 103 104 104 104 104 103 103 102 102 102 102 102 101 101 101 101 101 102 102 103 102 102 103 104 106 106 105 104 103 103 104 104 102 100 100 100 101 103 104 104 104 105 105 105 105 105 105 108 110 109 108
32 33 32 32 33 36 39 42 45 49 53 58 62 65 68 69 70 72 73 74 75 64 76 77 78 79 80 80 80 80 81 82 84 85 87 88 89 91 93 95 96 97 98 99 100 100 101 102 102 103 103 103 102 102 101 101 100 100 101 100 101 102 102 102 102 103 104 104 104 104 103 103 104 105 105 105 105 105 103 103 103 103 103 103 104 104 104 105 105 104 104 103 104 107 108 106
26 24 20 19 19 20 23 326 324 335 40 45 51 55 58 61 63 65 68 69 50 58 59 73 74 75 76 77 77 78 78 80 82 84 85 87 88 90 91 93 94 96 97 98 99 99 100 101 102 103 103 103 102 98 101 100 100 101 101 101 102 102 103 102 102 103 104 104 104 103 103 104 105 106 105 105 105 105 104 104 104 104 104 104 104 105 105 105 105 105 105 104 87 92 93 90
14 11 5 3 2 3 5 9 12 330 332 348 37 42 47 52 56 59 33 65 43 51 56 70 72 72 73 74 75 76 76 78 80 82 84 86 87 89 90 92 93 95 96 97 98 99 100 101 102 98 98 97 101 101 100 100 101 101 102 102 102 102 102 102 103 104 97 103 103 103 104 105 106 105 105 104 104 105 105 105 104 104 104 104 104 104 105 105 104 105 104 104 102 85 89 87
357 353 347 345 344 344 346 320 323 330 325 328 354 27 34 41 47 52 21 28 37 43 49 55 61 64 70 63 66 68 74 76 79 81 83 85 86 88 89 85 87 94 91 97 98 94 95 97 100 100 97 101 96 101 101 101 102 102 102 102 102 96 97 102 103 96 103 103 103 104 105 105 105 104 103 103 105 105 106 105 105 104 104 103 120 104 104 105 105 105 105 104 102 83 84 85
335 332 327 326 327 328 329 313 309 313 317 318 336 3 18 27 35 20 16 18 30 37 45 51 59 61 61 62 64 68 71 66 71 80 81 84 86 87 83 84 86 88 90 91 93 95 97 98 99 95 97 96 101 101 101 101 102 102 102 102 95 96 102 103 103 97 103 103 104 104 104 104 103 103 104 104 105 105 105 106 105 105 104 104 104 104 104 105 105 105 105 104 103 102 80 77
313 313 312 312 313 321 316 322 316 314 317 317 324 346 6 12 13 15 9 5 23 31 339 351 55 59 60 61 62 65 65 66 71 78 80 76 79 81 82 85 87 89 90 91 94 95 95 95 95 95 96 97 97 95 94 101 102 102 95 102 94 102 103 103 95 97 97 94 104 104 103 103 103 104 104 104 104 104 105 106 105 105 105 104 104 104 104 104 105 105 105 104 104 103 102 102
296 299 300 302 304 302 309 316 317 318 318 318 314 331 354 4 8 14 2 319 326 24 36 45 1 57 58 60 60 63 64 65 69 71 72 76 78 80 83 86 88 90 90 92 93 94 94 95 95 96 97 99 97 94 101 101 102 102 95 101 102 102 103 95 96 94 94 93 103 103 103 103 103 103 103 103 104 105 106 106 105 105 105 104 104 104 104 104 104 117 105 104 104 104 103 102
330 288 291 294 296 298 296 303 308 311 314 316 319 319 342 349 1 4 359 357 323 342 27 40 344 29 44 45 58 62 63 63 68 70 72 75 78 81 84 87 89 91 92 86 87 87 94 95 97 93 97 94 94 101 101 102 102 94 102 102 102 93 96 97 93 93 95 95 103 103 103 103 103 103 103 104 104 105 106 105 105 105 104 104 104 112 118 104 104 105 105 105 105 104 103 102
276 280 316 310 306 298 295 296 303 311 314 313 319 319 328 334 340 357 351 354 326 341 341 33 45 14 46 39 37 61 61 62 66 68 71 75 78 81 84 86 89 80 83 84 87 87 94 95 92 95 94 96 102 102 94 95 94 94 93 103 103 95 97 96 95 103 103 103 103 103 103 103 103 103 103 104 104 105 105 105 104 104 104 104 104 104 104 104 104 105 105 106 105 104 103 102
271 276 279 307 305 301 291 289 293 300 308 313 320 318 323 329 344 344 339 346 330 339 345 326 39 345 40 33 35 50 58 61 64 67 71 75 79 82 84 87 74 81 84 85 87 85 94 88 92 98 97 96 103 103 95 95 95 95 95 93 96 100 99 102 102 102 102 102 102 102 102 102 103 103 103 104 104 104 104 104 104 104 104 104 103 104 104 104 104 105 105 106 106 105 103 103
268 272 276 279 282 295 288 291 283 289 295 303 309 320 317 324 333 338 337 331 329 333 346 338 324 343 32 30 39 54 53 59 38 41 40 44 53 56 56 63 74 84 85 86 85 93 94 87 90 97 97 96 97 96 95 95 96 97 96 98 101 101 102 102 102 101 101 102 102 102 103 103 103 103 103 104 104 104 103 104 104 104 103 103 103 103 104 104 104 105 105 106 107 107 104 122
264 269 273 277 280 282 285 288 290 284 286 292 297 300 313 332 344 348 342 340 344 343 354 355 337 346 23 29 41 53 53 57 31 36 37 40 50 55 55 65 83 86 83 83 81 82 85 89 92 90 96 97 97 96 95 95 90 97 97 97 102 101 101 101 94 91 91 90 102 103 90 103 103 103 103 103 103 103 103 103 103 103 103 103 103 103 103 104 104 108 116 108 107 126 107 122
262 267 271 275 277 280 293 295 292 286 286 291 296 294 296 313 338 345 338 338 346 346 356 6 348 346 14 28 41 51 45 29 32 35 35 41 46 51 57 64 82 82 83 83 81 84 89 93 92 87 97 98 89 89 95 95 92 96 89 94 95 94 92 91 90 90 92 102 102 103 103 103 102 102 103 102 102 102 103 103 103 103 103 102 102 102 102 103 103 103 106 106 106 118 108 104
261 265 269 273 276 279 281 291 294 292 290 292 307 308 292 281 291 327 324 325 339 340 356 3 360 349 12 30 46 50 34 24 34 37 38 42 43 49 59 67 76 81 84 85 86 88 91 90 88 86 98 90 94 91 88 99 99 89 95 94 94 91 91 91 91 93 102 90 102 102 102 102 102 102 102 102 102 101 102 103 103 103 103 102 102 102 102 103 103 103 103 102 104 108 120 105
260 265 268 272 275 278 280 287 293 303 291 291 298 309 288 273 275 290 300 303 315 318 343 18 7 354 13 31 42 40 27 27 32 35 44 41 42 46 57 69 76 80 82 84 86 88 89 88 86 88 91 98 96 88 89 99 97 85 95 94 92 91 92 93 94 102 102 100 102 101 101 101 101 101 101 102 102 102 101 102 102 102 102 102 101 102 102 98 97 102 102 102 102 105 108 116
260 264 267 271 274 277 279 287 305 308 292 291 285 289 297 298 295 298 303 299 309 317 319 358 3 2 17 33 35 32 28 30 33 31 43 35 35 44 57 67 74 79 82 85 85 85 87 87 86 89 96 97 90 94 88 90 93 93 88 92 92 86 96 95 102 99 102 106 100 100 100 101 101 101 101 102 102 102 101 101 102 102 102 101 101 102 102 98 96 102 102 92 97 104 106 108
259 263 267 270 273 275 284 285 303 307 291 293 285 291 306 315 314 309 312 307 313 327 314 330 350 6 24 32 31 29 31 34 47 67 71 32 33 39 55 67 73 79 84 87 86 86 88 90 94 97 95 89 83 85 88 84 83 94 85 84 92 87 94 92 95 102 102 101 100 100 100 101 101 101 101 101 101 101 101 101 101 101 101 101 101 101 101 93 91 102 102 98 98 99 103 104
258 262 266 280 283 285 284 285 288 304 289 295 308 291 292 307 317 316 320 313 317 334 309 312 323 1 27 28 28 29 33 39 62 66 72 29 37 60 52 72 78 85 88 88 88 91 93 95 101 95 92 85 84 91 82 93 95 85 87 84 83 87 94 92 101 101 101 101 100 100 100 100 100 100 100 100 101 101 101 102 102 101 101 101 101 101 101 101 102 102 89 97 96 99 101 103
257 261 264 279 283 282 283 283 286 305 296 296 314 309 282 295 286 294 307 307 308 329 317 320 331 354 16 20 27 33 33 46 61 66 73 49 40 61 57 80 89 91 91 90 88 87 90 95 94 84 85 83 85 83 94 82 84 89 89 83 84 88 85 101 96 96 96 97 100 99 99 100 100 100 100 99 100 101 101 101 101 101 101 101 100 100 101 101 102 102 90 93 91 89 100 101
257 260 264 267 277 278 278 280 283 299 296 292 307 323 294 293 275 298 288 303 307 316 315 313 322 351 14 18 30 39 37 52 62 44 75 79 34 38 60 85 94 94 91 88 88 90 92 92 85 82 82 80 81 95 96 85 85 86 85 83 87 89 95 96 96 95 94 100 100 100 100 100 100 99 99 99 100 100 100 100 101 101 101 100 100 100 101 101 102 88 99 100 101 102 99 96
256 260 263 266 269 271 276 280 291 299 299 289 295 316 307 297 294 295 298 313 321 321 319 302 299 329 18 19 31 37 32 41 63 68 76 48 34 42 60 84 91 93 91 88 88 90 89 86 83 83 79 100 81 82 83 85 84 86 88 88 92 96 93 99 91 93 93 93 100 100 100 99 99 99 99 99 100 100 100 100 100 101 101 101 100 100 101 101 88 110 112 112 109 108 107 101
255 259 262 265 268 270 275 278 280 297 304 294 292 309 311 299 295 296 296 299 311 323 329 315 304 319 11 20 21 22 28 42 56 68 33 25 35 47 66 87 90 88 90 97 91 87 86 88 86 84 79 99 82 83 84 88 91 93 93 92 92 95 81 80 93 93 92 93 100 93 99 99 99 99 99 99 99 100 100 99 99 100 101 101 100 100 100 101 102 114 113 109 106 110 112 106
255 258 261 264 267 270 275 277 278 291 302 296 288 293 309 304 297 295 295 292 298 317 325 320 314 325 5 23 6 12 35 55 60 53 77 58 41 56 79 91 91 88 89 90 90 99 94 99 86 82 102 81 84 83 86 92 95 101 92 90 91 94 81 91 95 92 92 95 96 98 98 98 98 98 98 99 98 99 99 99 99 99 100 100 100 99 99 100 104 109 116 112 107 108 112 108
254 258 261 263 270 273 273 274 277 282 294 291 288 287 298 308 299 297 299 296 299 315 319 315 313 321 1 21 1 13 45 54 54 48 37 36 51 65 80 84 82 80 83 85 86 87 86 85 83 80 100 80 83 81 83 89 93 93 90 89 89 94 93 89 90 92 97 97 97 98 98 97 97 98 98 98 98 97 98 99 99 99 100 100 100 99 99 99 93 100 112 102 110 108 110 97
254 257 260 263 266 269 272 272 267 272 286 292 294 286 282 292 292 295 300 298 302 315 317 305 301 310 347 13 6 21 43 45 48 45 42 45 60 76 81 80 79 78 80 85 87 86 85 88 87 78 99 80 83 80 83 91 93 90 89 89 90 92 96 101 104 104 101 96 93 92 92 97 97 97 97 97 97 97 97 98 98 99 100 100 99 99 98 98 90 92 95 96 97 97 100 99
254 257 260 263 266 267 271 274 276 276 285 293 299 286 277 283 288 292 299 297 301 312 315 300 287 290 314 358 10 27 40 39 44 50 55 63 79 83 78 79 81 81 84 89 92 100 100 99 82 98 100 81 83 81 88 95 93 92 94 98 99 99 99 100 101 102 102 97 95 93 93 96 96 97 97 97 97 97 97 98 98 99 99 100 99 98 98 97 85 85 99 100 88 91 101 100
253 257 260 263 265 267 269 278 288 285 287 292 300 308 290 285 290 293 298 296 299 309 312 308 293 290 297 325 6 28 36 39 46 56 62 70 81 78 77 82 84 87 93 94 96 99 100 84 98 100 101 81 84 84 97 97 96 95 95 95 95 95 96 97 97 96 96 95 95 95 94 95 96 96 96 97 97 97 97 98 98 98 99 99 98 98 98 97 97 85 87 89 94 95 92 99
253 257 259 262 265 268 268 270 276 279 280 288 292 303 300 286 293 301 305 304 307 316 313 316 307 303 306 313 354 26 33 45 56 62 69 80 82 68 83 89 91 93 94 94 95 98 85 75 101 102 102 82 85 95 98 93 89 90 92 92 93 96 97 97 95 93 91 91 90 89 87 95 95 96 96 96 96 96 97 97 98 98 98 98 98 98 98 98 97 93 95 94 93 90 88 99
253 256 259 262 264 268 269 270 272 275 273 274 279 284 297 286 286 295 301 306 313 318 317 317 311 307 308 311 343 22 33 54 65 69 77 81 70 67 86 93 95 96 96 96 97 97 100 77 102 101 101 99 86 91 85 82 87 90 91 92 95 97 98 95 93 92 94 94 93 92 93 95 97 97 95 96 96 96 96 97 97 98 98 97 98 99 99 98 97 95 93 91 90 88 89 98
252 255 258 261 263 270 271 271 272 275 276 278 285 290 294 286 279 281 286 293 306 316 317 317 316 312 305 302 326 14 33 56 69 75 75 70 67 75 86 84 95 97 98 99 99 100 101 117 103 101 99 98 79 83 82 85 92 95 94 93 93 94 95 97 99 95 102 94 104 106 93 102 99 94 94 95 96 103 108 96 96 97 98 98 98 97 98 98 117 94 90 90 91 93 95 97
250 252 267 259 271 270 271 271 274 274 281 288 294 293 291 287 279 273 269 271 279 295 307 315 320 323 317 306 311 4 42 66 72 76 79 80 83 91 94 96 97 98 99 100 106 111 112 116 105 105 102 113 112 91 88 93 96 97 98 98 97 96 97 95 95 98 93 98 98 94 89 87 94 94 95 95 95 95 105 95 95 96 98 99 98 96 96 96 117 110 92 91 93 95 97 96
248 251 253 267 268 268 268 281 281 282 281 282 286 290 293 288 280 274 270 270 273 277 282 291 309 329 331 318 318 11 80 82 79 82 84 87 91 96 101 104 102 101 103 104 105 109 111 115 105 107 107 102 113 114 111 106 99 98 99 101 102 99 95 93 92 93 92 89 84 91 92 93 87 94 99 100 98 94 95 95 95 95 96 98 98 96 95 96 117 115 94 91 93 92 91 95
246 249 252 254 264 266 266 266 274 275 271 265 266 275 288 292 292 293 297 292 285 277 272 267 257 247 286 312 328 39 90 93 84 84 83 84 88 90 90 90 94 96 99 102 103 104 105 109 117 106 107 105 102 113 110 110 105 103 101 99 97 95 92 89 88 89 86 91 91 91 92 87 92 95 97 97 93 93 94 94 95 95 96 97 98 97 95 95 117 116 98 93 93 91 91 94
240 244 248 256 259 287 285 263 268 266 263 262 264 265 270 278 282 284 284 273 260 256 254 242 229 223 236 257 289 90 99 109 96 84 81 77 77 78 79 79 80 84 102 103 102 102 104 106 109 117 109 109 103 102 99 97 110 109 107 106 104 102 100 97 93 89 88 87 89 92 87 88 89 89 92 92 93 93 93 94 94 95 96 97 97 97 95 94 115 116 105 94 91 92 94 92
234 239 244 252 253 255 257 261 261 254 254 262 264 259 253 253 254 246 236 231 234 240 237 229 224 222 230 226 196 144 109 109 116 111 104 103 94 87 85 85 85 88 91 99 99 100 101 103 100 107 115 108 107 106 103 101 99 100 101 101 101 101 101 101 101 101 102 102 102 102 101 103 92 88 90 91 92 92 93 93 94 94 95 96 98 98 95 93 114 115 103 91 89 89 88 92
228 233 238 247 247 248 229 252 247 247 253 257 253 249 245 247 244 236 234 240 240 233 232 229 219 218 232 222 190 105 113 96 104 115 119 121 117 116 111 108 99 94 85 85 97 98 98 99 103 104 105 111 105 100 98 96 95 95 94 94 102 101 101 101 102 102 101 102 102 102 102 101 101 101 96 85 89 90 91 92 93 93 93 95 98 100 96 93 114 112 110 88 87 88 87 92
221 226 231 239 240 241 219 245 248 251 255 254 252 251 250 248 243 234 231 232 226 227 238 234 217 225 235 223 198 194 116 95 99 103 112 116 116 109 110 107 103 108 110 108 101 100 99 96 94 99 102 96 96 99 100 96 101 101 94 94 93 102 101 101 101 90 89 89 89 89 89 89 88 103 103 104 104 86 88 89 91 92 93 94 96 99 98 94 92 112 113 93 87 88 88 88
214 219 225 230 231 233 219 240 243 249 253 257 258 257 247 243 234 224 221 227 229 237 241 222 209 223 229 221 218 236 114 106 104 103 103 101 100 103 111 103 99 98 99 99 109 109 108 105 103 102 102 100 96 96 96 96 95 93 93 93 95 92 92 91 90 88 88 88 89 90 90 90 90 90 89 89 87 86 104 103 87 91 92 93 94 97 98 95 93 90 111 107 93 89 87 85
208 213 219 224 226 217 228 234 237 248 251 252 249 241 232 232 222 218 227 241 247 246 231 200 206 222 225 221 215 208 137 105 99 98 98 100 99 99 98 100 103 107 104 105 107 100 100 99 99 99 100 102 101 100 99 98 97 96 98 96 91 90 90 89 88 87 88 88 89 90 90 91 91 91 91 92 92 90 87 84 101 87 90 91 91 94 98 97 94 90 89 111 101 91 89 84
203 208 213 217 225 222 226 226 230 231 231 245 238 229 223 220 219 230 245 249 248 233 204 190 214 227 223 210 198 185 154 112 94 91 92 98 100 96 95 96 100 104 103 101 99 97 101 102 101 97 99 96 95 94 94 92 91 90 89 88 88 87 86 86 86 87 88 89 90 90 90 91 91 91 92 94 95 95 93 88 99 104 88 89 89 90 94 97 96 92 89 88 106 95 89 85
200 203 206 210 219 199 221 222 223 224 239 227 215 214 211 212 222 230 237 239 231 203 188 192 218 222 210 192 192 185 162 134 110 93 88 91 96 94 92 91 91 94 94 91 98 100 102 101 97 98 94 94 95 94 92 90 88 87 86 87 86 85 85 86 87 88 89 89 89 89 89 90 90 90 91 93 96 97 97 94 88 84 105 89 88 88 89 92 95 94 90 88 107 101 97 92
194 197 200 203 206 209 215 215 216 227 213 204 206 214 210 214 212 214 223 223 212 192 189 199 213 209 189 185 191 180 160 142 131 114 99 89 90 90 89 89 91 88 96 96 98 101 98 101 99 94 92 91 92 91 90 88 86 85 86 87 86 86 81 82 83 83 81 78 77 77 78 77 77 77 78 89 91 95 98 97 93 86 101 89 87 98 87 88 92 93 91 88 106 103 86 99
189 191 194 197 203 205 206 208 208 202 197 201 214 220 216 210 199 216 226 223 214 199 194 191 203 194 181 190 193 180 157 146 141 129 116 103 95 91 89 88 81 92 93 95 98 93 97 101 95 90 87 84 89 90 89 87 86 86 88 84 84 84 73 72 72 78 82 81 77 79 81 82 82 83 83 81 78 82 94 97 95 89 97 92 86 87 97 87 88 91 91 88 86 99 85 84
184 186 188 193 198 200 201 205 200 190 197 210 218 216 210 204 208 223 226 224 217 191 182 178 182 181 182 194 191 171 156 149 144 136 124 110 105 100 93 85 84 84 86 83 91 95 94 92 89 85 81 82 88 90 89 89 89 86 88 77 75 72 71 76 77 81 81 79 86 95 96 97 92 86 86 90 96 83 87 93 96 92 85 103 86 85 86 87 87 88 90 89 86 84 84 84
178 174 181 187 189 195 188 197 198 191 206 213 217 216 216 223 178 220 221 214 202 174 168 171 177 180 192 195 180 168 159 155 146 138 126 110 110 110 102 95 81 87 99 97 96 94 87 84 83 81 79 81 87 88 87 89 91 76 75 82 82 82 85 87 90 90 88 89 93 94 94 92 88 86 89 90 94 91 82 88 93 93 88 83 87 83 85 85 86 86 88 89 87 84 83 83
173 180 188 192 188 189 185 198 205 202 209 196 216 219 184 176 222 214 214 205 187 164 163 175 182 194 200 193 169 172 166 162 158 138 119 108 110 116 112 116 123 113 114 104 90 86 83 76 83 84 85 76 74 74 75 78 82 98 105 104 100 93 94 100 100 97 95 93 93 91 86 85 87 88 86 87 94 98 86 84 89 93 91 85 103 92 82 84 84 84 85 88 88 85 83 82
