examples/cougarCreek-fire/createInputs/WindNinja/wrfout_d3.2015080912.f21/cougarCreekFire_08-10-2015_0900_217m_non_neutral_stability_vel.asc
ncols	146
nrows	140
xllcorner	610065.000000
yllcorner	5095217.000000
cellsize	216.586807
NODATA_value	-9999.000000
[rows 105 to 139 of 140, columns 0 to 78 of 146]
16.36 14.87 12.68 11.56 11.21 13.43 20.34 13.20 11.98 8.05 12.51 12.16 11.98 15.63 11.80 11.09 15.90 17.36 9.74 14.53 6.37 9.93 9.74 9.78 11.25 9.57 4.27 8.88 6.33 5.45 9.80 10.08 9.81 9.26 8.86 8.55 8.54 8.67 8.52 8.07 7.50 7.05 6.67 6.30 6.14 6.14 6.15 6.24 6.33 6.33 6.35 6.36 6.38 6.50 6.80 6.97 6.78 6.44 6.04 5.57 4.96 4.46 4.23 4.15 8.30 8.70 8.70 4.53 4.90 5.51 6.40 5.86 5.46 4.85 4.66 4.71 3.44 1.47 0.82
15.09 14.23 12.95 11.98 11.20 12.14 13.92 13.68 16.23 12.41 9.46 12.05 19.63 9.02 11.41 9.18 16.33 17.12 9.02 17.72 7.09 2.76 4.10 9.25 8.99 4.11 9.58 8.28 8.20 9.06 9.13 9.26 8.98 8.69 8.52 8.21 8.00 8.04 7.91 7.45 6.92 6.51 6.35 6.28 6.14 5.92 5.80 5.72 5.48 5.13 4.82 4.67 4.61 4.44 4.42 4.69 5.03 5.19 4.94 4.49 3.93 3.54 3.67 3.90 3.86 3.70 3.82 4.13 4.58 5.32 6.16 6.96 7.58 3.84 4.38 5.43 5.47 5.68 4.77
13.74 14.24 13.52 12.75 12.28 12.49 12.63 12.33 13.60 11.97 9.17 18.37 16.33 11.31 19.74 14.10 8.13 8.18 8.42 7.97 3.65 2.49 9.73 10.75 8.73 9.29 10.90 12.87 8.86 8.78 8.68 8.73 8.41 8.30 8.29 7.88 7.88 8.64 7.11 6.53 6.29 5.95 5.65 5.50 5.40 5.29 5.17 4.99 4.69 4.31 3.94 3.65 3.23 2.46 2.05 2.14 3.11 3.84 3.92 3.60 3.12 2.92 3.17 3.20 2.82 2.61 8.99 8.49 8.50 7.90 7.52 6.10 4.84 4.03 3.74 3.48 3.24 2.75 1.71
13.11 13.53 13.09 12.53 11.87 11.30 10.98 10.99 11.07 18.40 9.71 13.63 11.37 14.17 14.08 12.00 15.30 14.76 12.68 14.64 4.75 9.43 1.37 6.77 6.33 8.80 8.17 7.31 9.23 8.01 8.25 8.50 10.03 8.57 8.16 5.92 7.44 6.87 5.95 5.50 5.55 5.35 5.00 4.69 4.44 9.45 4.28 4.23 4.15 4.06 3.97 3.74 2.98 2.40 2.05 1.64 2.12 2.91 3.23 2.95 2.42 2.15 2.30 2.05 1.56 8.89 8.55 7.87 7.63 7.21 7.01 6.63 4.78 4.36 4.09 3.50 2.95 2.73 3.35
12.10 12.58 12.60 12.18 11.05 10.00 9.69 10.10 9.50 10.22 8.43 9.99 13.11 15.46 14.33 16.28 8.69 14.58 12.17 10.63 3.05 2.63 5.11 12.46 4.80 10.61 11.56 8.75 9.05 11.88 8.87 11.26 8.66 8.50 3.57 7.97 4.76 7.13 6.14 5.51 5.17 4.86 4.55 4.25 9.41 3.59 3.56 3.68 3.76 3.72 3.68 3.62 3.47 3.47 3.10 2.29 1.86 2.60 2.85 2.21 1.37 0.75 0.81 0.39 0.18 1.35 7.99 7.77 7.84 5.13 5.86 6.86 4.83 7.72 8.12 4.05 3.32 3.10 3.08
12.64 12.57 12.70 11.60 10.85 10.06 9.67 9.73 8.93 9.15 7.85 9.94 16.17 9.87 9.66 16.78 14.55 7.04 8.96 15.19 3.01 7.37 14.36 12.75 7.29 7.01 12.54 6.20 12.09 12.20 8.96 7.84 4.12 5.10 4.35 5.47 4.34 7.16 5.40 5.91 5.29 4.76 4.31 8.61 8.88 8.27 2.98 2.84 2.76 2.59 2.41 2.50 2.99 3.35 2.91 2.27 2.49 3.19 3.08 2.24 1.41 1.01 1.22 1.43 1.57 2.19 7.33 6.98 7.26 6.90 6.69 6.40 6.05 5.79 3.88 2.25 2.55 2.41 1.69
12.52 11.43 9.94 9.92 10.07 9.84 9.79 9.47 7.94 8.41 8.72 9.49 9.35 9.40 15.04 17.50 6.38 6.97 7.75 8.98 9.84 9.52 9.29 13.36 7.99 8.12 8.12 10.81 12.49 8.09 3.69 7.37 4.68 3.92 4.66 4.00 6.95 6.40 6.08 7.06 7.65 8.23 8.50 8.36 7.97 8.16 2.78 2.04 1.61 1.45 1.44 1.69 2.43 3.03 3.22 3.78 4.23 4.02 3.33 2.62 2.15 2.01 2.09 2.06 1.84 9.11 7.94 7.07 6.59 6.22 6.41 5.23 4.02 4.83 4.68 3.39 3.46 3.21 3.26
11.51 10.26 8.64 8.11 9.62 9.08 8.50 7.99 7.53 7.82 13.14 7.99 9.63 14.79 14.93 16.10 6.81 6.81 7.78 8.42 8.62 8.27 8.21 10.57 5.54 5.35 6.78 7.17 7.51 6.98 4.60 4.74 5.63 6.81 5.19 5.47 6.47 5.92 6.58 6.76 8.14 8.11 8.49 8.81 8.47 3.59 2.91 2.03 1.58 1.76 2.23 3.10 4.21 4.94 5.28 5.34 4.78 3.87 3.17 2.81 2.52 2.37 2.44 2.19 1.80 2.56 3.53 4.50 7.54 7.12 7.09 6.49 5.55 6.07 5.21 5.12 4.63 5.36 4.85
10.81 10.06 8.85 7.75 7.24 8.25 8.81 8.17 7.91 7.49 6.96 8.96 6.99 12.27 15.14 15.06 8.16 7.79 8.03 7.73 7.39 6.97 7.41 8.99 4.06 4.46 6.86 8.04 7.38 7.51 6.30 6.64 6.44 6.56 6.95 6.60 6.11 4.96 6.44 6.75 7.20 7.62 9.14 9.47 9.15 3.12 2.79 2.42 2.33 2.61 3.33 4.45 5.43 5.94 6.05 5.70 4.91 4.15 3.66 3.48 3.23 2.86 2.59 2.16 1.93 2.68 3.66 4.57 5.47 7.10 6.52 6.42 7.48 7.56 6.94 6.46 6.99 7.44 6.94
10.81 10.08 8.72 7.84 7.63 7.98 8.38 8.54 8.96 8.21 15.68 7.06 9.33 17.29 16.27 13.07 9.43 8.97 8.39 7.67 7.51 6.74 6.89 6.52 3.94 3.78 7.36 7.37 8.38 9.44 9.67 8.81 6.21 6.68 8.55 6.15 6.23 6.26 5.96 6.77 7.19 8.90 9.14 3.05 2.87 2.83 2.87 2.98 3.15 3.46 4.19 5.09 5.67 5.93 5.86 5.47 4.97 4.62 4.41 4.19 3.63 2.97 2.36 10.05 9.46 8.86 8.21 8.10 7.63 7.91 7.83 7.42 7.16 6.92 6.93 7.97 8.67 11.46 11.38
11.45 11.02 10.25 9.86 10.41 10.72 9.73 7.84 6.92 7.88 8.64 7.70 12.73 15.58 6.18 8.52 9.03 8.84 8.29 7.80 12.36 11.17 6.94 6.07 4.44 4.00 10.98 7.01 7.42 7.94 16.64 6.22 5.21 6.07 6.29 5.90 5.79 6.13 5.22 7.33 7.77 8.27 7.83 7.14 6.86 3.44 3.19 3.31 3.61 3.96 4.58 5.25 5.64 5.70 5.25 4.53 4.06 4.08 4.20 3.72 2.84 2.29 2.06 2.25 8.02 8.58 8.45 8.31 8.13 6.78 6.89 6.30 5.85 7.86 7.18 7.92 8.53 8.63 7.89
12.12 11.68 11.62 11.58 11.09 9.97 8.63 7.59 6.78 5.99 6.07 7.55 18.44 13.08 8.07 7.70 8.05 8.08 7.70 6.93 6.66 8.45 3.02 4.22 2.23 13.86 8.49 7.65 6.11 13.66 15.49 5.08 4.59 5.64 6.33 6.77 6.26 6.89 5.13 7.49 7.90 7.73 7.44 6.85 7.57 8.51 3.40 3.46 3.89 4.44 5.01 5.47 5.64 5.39 4.70 3.91 3.38 3.18 2.75 2.01 1.61 1.77 1.99 9.30 8.09 8.04 7.77 7.23 7.22 6.79 8.10 7.09 8.11 8.34 8.18 8.82 7.97 7.35 5.90
12.12 11.29 10.93 11.00 9.95 8.43 7.87 8.03 7.77 6.93 5.87 7.02 10.23 10.35 9.39 7.94 7.68 7.71 7.00 6.31 6.18 9.32 6.89 3.35 9.16 8.80 8.14 8.72 8.12 13.43 15.70 4.89 4.29 5.24 5.16 5.07 5.88 5.51 7.09 7.49 7.59 7.37 7.19 6.72 6.92 8.71 9.03 3.81 4.35 4.82 5.13 5.35 5.19 4.72 4.14 3.55 3.07 2.51 1.52 0.38 0.98 1.75 9.42 2.39 7.83 8.19 7.98 7.13 7.22 9.21 9.26 8.39 8.79 8.54 8.29 7.45 8.62 9.00 8.47
12.67 11.02 10.63 10.78 10.71 10.62 10.14 9.18 8.48 8.34 8.58 9.32 10.61 11.57 13.59 7.81 7.27 6.95 6.55 6.24 5.94 5.82 7.90 1.25 8.26 8.24 5.66 7.80 13.59 13.21 9.27 5.11 4.59 5.22 6.19 7.01 8.68 7.33 7.17 6.96 7.12 7.13 6.87 6.66 8.32 4.43 9.05 7.71 4.61 4.60 4.75 4.80 4.38 4.05 3.82 3.38 2.87 2.17 1.36 0.73 8.53 8.80 2.03 2.48 8.45 9.18 8.07 7.25 8.24 9.32 8.95 7.29 8.05 7.77 7.69 6.91 7.78 8.68 9.10
11.87 11.69 11.77 11.72 11.82 12.08 11.74 10.41 9.63 8.11 8.44 8.93 8.57 7.18 8.88 8.30 7.23 6.21 10.43 6.21 13.39 5.87 6.69 8.94 8.33 9.74 7.90 10.49 11.22 15.27 6.04 6.48 5.61 5.76 6.81 7.50 7.35 6.93 7.29 6.19 6.15 6.83 6.56 7.46 7.51 7.89 7.19 7.29 8.41 4.48 4.42 4.25 3.85 3.74 3.69 3.36 2.75 2.10 8.72 8.72 8.50 8.34 9.27 8.37 8.50 8.68 8.56 7.54 7.61 8.46 8.94 9.47 9.30 7.86 7.36 7.29 9.67 11.08 14.44
12.46 13.01 13.70 13.45 13.10 13.03 12.41 10.91 8.54 8.52 6.60 6.28 5.67 5.33 5.84 6.36 10.19 8.47 7.32 10.27 10.10 7.55 6.83 7.82 6.50 5.68 12.56 11.68 5.71 9.82 10.00 8.29 6.93 5.89 7.80 8.13 7.62 6.54 6.26 6.42 5.77 7.58 7.23 7.19 7.32 6.55 6.51 7.57 7.25 6.93 7.35 4.50 4.11 3.94 3.81 3.60 8.92 8.83 8.67 8.19 7.94 8.54 8.01 8.45 8.63 8.17 7.93 10.07 8.10 7.91 9.37 9.58 9.44 9.55 9.36 9.97 10.48 10.35 11.72
13.03 13.74 14.11 13.42 12.96 12.28 11.27 9.94 7.98 7.13 6.06 5.79 5.30 5.24 5.57 7.60 10.01 8.11 4.75 10.32 8.19 6.55 3.34 6.13 8.14 12.18 12.94 8.62 7.28 9.49 17.85 7.02 6.78 6.41 8.64 7.99 7.45 6.84 7.28 5.06 7.32 7.48 7.13 6.10 6.26 6.05 6.41 7.48 6.75 6.12 6.38 6.68 7.04 7.71 8.10 8.25 8.17 8.20 8.49 8.06 7.37 7.55 8.37 8.36 2.69 2.69 7.97 9.57 7.51 7.91 8.06 9.51 9.88 9.96 8.41 9.84 8.85 10.29 10.55
14.32 14.33 13.09 12.25 9.78 7.40 8.37 7.70 7.18 6.43 8.07 6.40 5.93 5.66 6.01 5.44 7.47 8.98 6.42 15.86 9.22 8.68 7.73 8.92 6.21 6.65 14.85 5.12 4.16 8.34 14.96 5.44 6.82 7.62 9.51 7.94 7.22 6.11 6.95 6.36 8.49 7.96 6.37 6.02 6.05 5.63 7.06 7.55 6.64 5.75 5.53 5.74 6.46 7.33 7.62 7.79 7.96 8.28 8.27 8.19 6.82 7.36 8.17 8.85 2.82 2.82 9.13 9.61 9.76 8.24 7.79 7.46 7.84 7.95 8.29 10.02 10.47 10.94 12.00
16.24 14.68 11.72 8.94 7.64 5.51 5.40 5.20 5.91 6.17 8.04 6.74 6.23 6.02 6.60 6.02 5.19 9.44 3.64 16.09 10.89 10.52 10.61 11.26 5.84 5.62 10.81 8.95 8.89 7.95 8.86 10.25 10.33 9.31 9.18 7.72 7.37 7.52 7.58 7.61 8.07 6.70 6.20 5.85 6.06 5.31 7.03 6.74 6.02 5.23 4.82 5.05 6.66 6.98 7.23 7.00 7.17 7.79 8.14 8.08 6.29 6.30 6.75 8.06 7.57 3.43 3.14 9.10 9.31 10.39 10.09 9.00 9.03 9.16 10.47 11.27 10.77 10.39 12.65
14.83 13.08 9.69 7.53 5.36 5.53 5.07 4.20 5.38 6.10 6.60 8.37 6.77 6.57 6.53 5.87 6.99 5.20 6.47 7.27 11.43 10.60 11.51 12.05 6.60 6.72 7.46 8.93 8.95 7.86 7.37 13.37 11.40 8.72 8.27 7.46 6.99 7.29 7.23 7.35 7.66 7.17 6.85 6.30 6.40 6.99 6.50 6.42 5.52 5.28 4.82 5.58 5.74 6.16 6.69 6.91 6.96 7.11 7.64 7.80 5.93 5.87 7.86 7.58 7.13 4.33 3.83 8.43 10.22 10.54 10.99 11.75 12.10 12.37 12.44 11.23 11.21 11.05 12.63
12.39 10.77 7.83 5.97 6.33 5.72 5.50 4.71 6.05 7.19 7.63 7.75 7.68 7.26 6.79 6.21 6.03 5.53 7.41 8.29 7.67 12.39 12.01 11.19 11.76 10.83 7.95 8.37 15.58 8.53 7.88 14.89 9.71 8.84 6.57 5.39 6.10 5.66 6.07 5.80 6.71 6.69 6.45 6.13 6.23 5.77 4.89 5.74 4.74 5.14 4.95 5.48 5.48 4.37 5.08 5.15 6.17 7.42 8.26 8.75 8.21 8.92 10.43 9.96 9.82 7.64 7.34 7.50 9.42 0.64 11.14 12.09 12.13 11.91 12.52 12.42 11.57 11.14 12.63
11.09 9.78 7.52 6.33 5.91 6.21 6.56 7.10 7.83 8.55 8.78 8.39 7.80 7.33 7.34 7.36 6.90 22.54 6.89 15.60 8.53 16.58 12.59 9.12 7.23 9.46 11.27 12.23 14.09 15.22 7.69 6.32 10.24 7.04 6.85 5.64 6.58 6.79 6.55 7.34 6.46 6.99 5.93 5.64 5.53 4.90 4.17 5.60 4.95 4.49 4.14 4.05 3.98 3.54 3.12 3.11 4.77 9.03 8.48 7.93 7.43 6.95 6.35 5.60 4.91 4.04 8.24 2.38 1.05 0.50 11.86 12.35 11.79 11.40 3.64 11.83 12.20 10.55 12.01
9.06 8.56 8.55 7.65 7.79 8.47 8.51 9.09 10.77 8.49 7.92 7.57 9.77 7.62 8.01 8.14 7.12 8.06 13.91 14.13 14.16 17.35 11.82 11.01 8.22 12.43 17.00 18.60 7.81 7.88 13.40 15.77 9.36 7.53 7.51 5.52 6.37 5.87 5.79 6.05 7.71 7.24 6.21 6.67 5.73 4.69 4.56 4.32 4.98 4.45 4.20 3.57 3.45 8.81 8.88 9.06 8.93 8.55 7.98 7.48 7.10 6.63 6.24 5.58 4.82 3.93 3.07 1.65 1.98 1.60 10.83 10.54 10.91 11.05 10.65 14.22 12.11 10.87 11.64
8.93 8.53 7.93 8.34 8.62 6.75 6.42 8.42 8.58 8.09 6.25 6.88 7.61 8.08 8.19 7.61 6.19 7.14 5.39 13.95 18.72 13.61 13.73 15.24 15.64 14.92 15.39 6.78 6.49 5.27 13.18 10.90 9.68 7.88 7.25 6.03 5.19 7.46 7.11 7.17 7.06 4.92 5.07 5.65 6.09 4.61 4.32 5.94 7.03 7.32 7.80 7.87 8.08 8.08 8.08 8.06 8.04 7.98 7.71 7.49 7.08 6.61 6.01 5.48 4.99 4.34 3.88 11.03 12.53 3.33 2.92 10.47 10.55 11.14 10.66 14.07 11.81 10.98 10.30
8.80 8.55 8.10 8.76 8.17 6.90 6.69 6.48 6.84 6.48 6.03 7.25 7.63 9.94 7.12 6.26 5.12 5.07 5.48 5.87 20.01 13.88 15.10 21.08 21.54 20.51 16.95 7.53 5.00 3.44 14.12 8.32 8.38 6.86 2.97 6.45 6.39 6.51 7.01 6.65 4.32 4.39 4.67 4.94 5.16 5.23 5.50 5.94 6.46 6.76 6.90 7.02 7.18 7.31 7.39 7.44 7.47 7.50 7.38 7.06 6.52 6.02 5.55 5.13 4.77 4.37 4.11 4.15 4.37 4.23 3.41 2.18 1.79 10.19 10.88 12.29 12.77 11.40 11.66
8.90 8.62 8.53 8.11 8.85 7.86 7.50 7.20 6.96 6.21 7.12 8.41 9.10 8.70 7.86 6.07 7.48 5.83 6.71 7.94 8.79 17.63 15.48 21.69 21.94 15.95 22.82 15.81 5.41 14.58 11.23 10.39 9.41 7.64 2.77 3.00 5.49 6.48 3.50 3.76 3.93 3.89 3.93 4.04 4.32 4.49 4.48 5.04 5.72 6.13 6.32 6.55 6.73 6.80 6.82 6.80 6.79 6.77 6.62 6.42 5.93 5.37 5.13 4.95 4.64 4.22 4.02 3.78 3.52 3.25 2.73 1.94 11.04 0.95 10.58 11.96 12.80 13.19 13.19
9.56 9.28 9.04 8.75 8.58 8.23 8.58 8.41 8.24 8.68 8.73 8.25 9.81 9.37 9.18 7.47 7.41 8.26 8.96 9.95 10.09 9.60 18.61 22.45 19.99 22.29 16.61 15.19 4.28 14.79 11.16 9.66 9.96 8.14 7.79 5.63 6.33 3.46 3.55 3.36 3.30 3.26 3.22 3.38 3.72 5.25 5.54 4.89 5.19 5.43 5.68 6.01 6.25 6.32 6.26 6.12 5.99 5.85 5.69 5.76 5.40 4.83 4.87 5.04 4.83 4.36 4.03 3.88 3.74 3.48 3.06 2.43 1.64 10.92 11.32 13.17 11.75 12.15 12.85
10.54 10.38 10.04 9.43 8.53 8.94 8.73 8.76 9.79 10.05 10.45 9.07 10.41 10.61 9.78 12.87 9.47 10.22 11.09 11.48 11.29 10.75 9.93 25.84 18.22 21.58 20.63 22.90 19.03 12.49 11.02 9.79 9.78 8.67 2.35 8.39 4.15 4.14 3.56 3.31 2.95 8.10 8.32 7.67 7.33 5.32 3.87 4.69 5.00 5.25 5.57 5.98 6.20 6.21 5.99 5.66 5.47 5.45 5.62 5.88 5.28 4.86 5.39 5.78 5.60 5.12 4.73 4.47 4.10 3.76 3.37 2.79 2.20 1.65 1.32 1.60 12.86 2.28 12.92
12.20 11.70 11.09 10.30 9.06 8.91 8.83 9.90 9.95 10.56 10.87 10.87 10.70 11.35 11.08 11.26 11.33 21.75 12.39 12.57 12.49 12.14 11.35 26.20 21.00 12.37 22.31 19.41 15.80 11.99 12.07 11.75 0.43 2.06 4.64 5.89 6.12 5.70 4.06 8.69 9.38 10.15 8.54 3.04 7.67 7.11 3.89 4.50 4.92 5.25 5.67 6.07 6.31 6.37 6.19 5.73 5.61 5.94 6.29 6.38 6.01 5.95 6.26 6.68 6.66 6.21 5.72 5.48 5.21 4.63 4.08 3.42 12.29 12.17 12.67 12.17 2.95 13.00 11.36
13.61 12.63 11.57 10.52 8.72 8.33 7.29 8.77 10.99 12.12 12.68 12.67 12.56 13.26 12.78 13.56 13.07 14.98 13.70 13.71 13.70 13.41 12.76 12.38 22.75 12.05 10.53 22.09 17.67 16.03 14.65 2.22 1.24 5.46 7.77 8.25 7.60 6.34 4.76 13.46 10.84 9.59 2.21 2.67 2.65 2.98 3.78 4.34 4.81 5.22 5.70 6.22 6.65 6.95 6.88 6.49 6.46 6.88 7.28 7.46 7.45 7.36 7.39 7.60 7.65 7.38 6.74 11.74 6.17 5.78 5.24 4.59 11.71 13.39 14.23 14.61 14.87 4.09 14.81
14.39 12.58 11.96 11.37 9.09 8.82 7.36 11.06 14.77 14.81 14.26 14.08 14.72 14.93 14.96 15.23 14.50 14.87 15.01 14.90 14.69 13.93 12.78 11.43 22.61 21.28 9.28 21.74 17.21 15.52 4.70 3.41 6.39 9.92 10.72 9.46 7.78 5.43 3.11 14.22 10.90 1.12 1.99 2.55 7.94 2.89 3.59 4.23 4.80 5.17 5.63 6.34 6.98 7.30 7.48 7.52 7.69 8.23 8.76 8.93 8.90 8.83 8.87 8.91 8.84 8.55 8.03 7.29 6.97 6.65 6.19 13.38 13.35 12.73 4.71 14.96 15.84 4.43 14.54
14.89 12.67 11.19 12.05 11.18 13.50 16.91 19.75 19.32 17.16 15.91 15.56 15.35 15.25 16.47 16.50 16.61 15.44 15.18 14.73 13.87 22.76 11.32 10.30 9.13 11.05 18.55 18.60 17.48 7.97 6.73 8.14 10.46 11.26 9.37 7.41 5.69 3.24 1.07 13.54 0.33 1.19 1.85 2.22 8.00 3.17 3.72 4.33 4.91 5.32 5.92 6.71 7.05 7.47 8.01 8.59 9.19 9.77 10.34 10.57 10.55 10.48 10.50 10.47 10.30 9.94 9.34 8.69 8.27 7.89 13.02 13.47 12.10 13.35 13.78 14.39 15.33 15.09 14.78
13.79 12.53 10.85 11.49 13.75 16.22 19.86 20.27 18.49 17.29 16.75 16.51 17.02 16.31 17.47 17.20 17.37 15.48 14.67 15.45 12.17 10.88 9.95 9.61 9.59 9.16 10.21 21.61 17.09 8.58 8.65 10.08 10.21 8.18 5.53 4.25 3.07 0.88 0.49 11.83 9.90 1.99 2.09 2.21 2.56 3.20 3.78 4.40 4.93 5.44 5.96 6.33 6.99 7.59 8.35 9.30 10.34 10.96 11.60 12.02 12.15 12.19 12.24 12.24 12.17 11.84 11.34 10.72 10.16 9.45 8.95 8.32 14.15 15.00 13.35 14.37 14.32 13.99 16.18
12.25 11.96 10.63 8.89 12.79 15.65 17.40 15.85 14.58 15.26 16.34 16.97 17.22 17.27 17.12 17.97 16.16 16.91 14.05 13.92 11.63 10.47 9.42 9.21 9.57 9.94 10.81 10.60 18.36 8.72 7.72 7.24 5.48 3.75 3.14 3.30 2.54 1.12 12.73 10.79 2.12 2.27 8.24 7.83 2.54 3.09 3.84 4.21 4.52 4.83 5.13 5.69 6.95 8.26 9.25 9.88 10.87 11.72 12.46 13.17 13.60 13.81 13.94 14.12 14.34 14.24 13.86 13.32 15.71 11.83 14.64 14.81 14.73 13.72 15.91 15.17 15.19 13.84 15.11
12.76 11.64 10.20 7.76 12.46 15.16 15.90 13.91 12.81 14.10 16.06 17.23 17.65 17.70 17.50 17.00 16.12 14.96 13.68 12.60 11.72 10.49 9.40 9.26 9.61 10.09 11.24 12.08 20.05 8.30 6.08 3.81 11.92 3.45 4.03 4.10 3.38 1.13 11.30 10.51 2.47 1.92 2.20 3.10 3.13 2.91 3.80 4.07 4.17 4.28 4.89 5.63 7.36 9.11 10.17 10.74 11.25 12.32 13.12 13.86 14.39 14.59 14.87 15.14 15.60 15.68 15.23 14.91 14.42 17.74 16.25 15.21 10.68 15.97 15.77 16.52 15.45 14.92 15.68
