examples/cougarCreek-fire/createInputs/WindNinja/wrfout_d3.2015080912.f21/cougarCreekFire_08-10-2015_0900_217m_non_neutral_stability_vel.asc
ncols	146
nrows	140
xllcorner	610065.000000
yllcorner	5095217.000000
cellsize	216.586807
NODATA_value	-9999.000000
[rows 70 to 104 of 140, columns 0 to 78 of 146]
6.69 3.93 15.42 31.57 38.48 37.21 34.57 33.37 34.04 34.00 34.76 33.59 32.98 32.58 31.08 23.36 19.22 14.11 23.42 25.20 23.24 21.15 15.91 14.27 8.95 5.81 15.12 17.16 21.30 17.91 14.03 16.12 16.22 15.07 16.05 14.83 15.15 16.00 14.71 9.70 8.82 9.17 8.92 8.32 7.73 7.90 14.11 13.23 12.73 10.28 9.52 11.97 12.54 11.50 10.07 6.14 3.68 6.73 5.70 9.83 14.24 16.39 15.58 13.87 13.26 13.77 15.29 12.55 18.51 18.89 18.66 17.77 11.78 12.08 11.59 10.94 10.20 11.29 17.99
3.81 7.49 23.98 31.83 39.90 37.09 33.35 31.34 32.09 33.20 32.47 31.51 31.44 32.36 29.44 19.54 16.10 12.75 22.21 23.13 22.04 18.19 12.92 12.00 5.79 7.59 13.33 18.88 21.35 16.00 14.49 17.34 15.00 14.12 13.82 14.32 14.57 14.58 13.77 8.59 9.76 12.78 6.45 12.87 6.16 6.70 7.45 12.95 13.92 13.44 10.45 9.27 11.21 11.03 11.05 6.56 3.16 0.80 6.79 9.45 12.74 15.91 16.79 15.91 14.45 14.13 15.61 17.67 12.80 18.72 18.36 17.45 10.76 9.59 9.63 10.92 12.30 11.35 11.15
7.76 18.44 33.56 35.80 39.94 36.44 33.33 31.34 32.30 32.44 30.90 30.26 31.04 30.55 26.28 15.77 13.25 10.70 20.42 21.93 21.47 13.28 10.66 11.80 5.61 13.75 14.84 19.75 17.66 14.40 15.46 18.00 14.74 13.45 10.79 12.45 13.61 14.38 11.96 7.73 9.01 12.70 5.15 5.53 6.17 6.34 12.69 7.81 10.14 9.58 9.29 8.60 10.77 7.78 6.53 7.21 4.26 7.37 5.14 8.59 11.17 14.21 16.57 17.27 16.53 16.13 17.44 18.76 18.79 18.54 13.68 13.11 9.66 8.41 8.20 17.28 14.16 13.82 13.56
21.13 30.03 35.88 39.48 39.36 35.89 33.55 31.91 32.93 31.66 30.12 29.57 30.70 30.95 27.68 18.85 12.81 9.94 17.21 21.41 18.16 9.62 11.38 11.76 5.91 16.04 17.69 17.40 13.82 14.11 18.05 18.01 15.09 12.39 9.00 11.94 13.64 13.06 11.42 7.07 8.51 13.11 5.80 6.10 10.52 6.33 6.61 14.02 13.64 14.32 8.33 7.88 9.85 4.25 6.94 3.63 3.98 9.14 8.57 8.62 10.84 13.80 16.13 17.12 16.88 16.89 18.30 19.30 18.88 18.33 11.68 10.54 9.82 9.62 8.83 9.76 14.15 13.61 14.25
26.04 30.81 38.40 39.61 38.69 35.69 32.92 32.13 32.31 30.71 29.33 29.15 29.87 33.06 31.68 22.01 14.23 5.20 13.08 21.96 12.90 13.99 11.84 10.25 14.01 18.13 18.25 14.20 14.82 16.92 19.84 17.87 16.95 8.96 10.36 12.71 14.17 13.08 11.55 6.95 6.69 12.07 12.11 5.85 5.91 6.10 6.15 12.33 14.15 10.66 11.88 9.76 7.77 5.75 4.20 5.06 5.20 10.80 10.73 8.74 12.09 13.75 15.66 16.98 16.88 16.89 18.01 13.48 12.89 14.55 15.82 13.49 12.86 12.15 10.54 10.36 13.34 13.48 13.83
33.21 33.82 36.59 39.81 38.35 35.12 32.43 31.70 30.88 28.41 27.12 31.63 31.71 32.92 31.44 21.93 14.96 8.23 15.62 19.87 10.37 14.46 12.51 9.94 17.25 13.95 16.60 14.42 16.92 16.96 17.80 18.32 10.93 9.98 12.56 14.85 12.65 13.08 10.89 7.67 6.50 13.25 11.44 4.54 4.52 12.10 5.12 4.70 13.48 6.90 10.95 8.51 6.23 3.93 5.56 5.29 5.79 2.37 5.20 2.45 12.51 13.89 15.50 16.73 17.35 17.41 17.74 18.03 11.29 12.11 15.89 15.52 13.72 12.87 13.07 11.88 12.03 14.26 13.25
32.66 33.40 39.63 40.86 37.89 34.24 31.14 31.20 29.04 28.03 29.74 32.01 31.45 30.93 28.22 20.08 10.77 6.32 15.30 15.77 10.57 14.90 12.32 19.81 12.86 16.39 14.49 15.15 17.95 14.99 15.73 17.70 10.90 11.23 14.63 11.87 13.67 9.93 9.47 6.76 6.54 11.60 11.92 4.87 3.39 3.11 10.85 5.72 10.98 8.77 8.72 7.23 6.88 3.99 4.52 6.03 3.75 2.00 5.48 5.25 11.57 14.47 15.54 16.47 17.56 17.94 17.66 11.88 16.83 9.18 13.36 15.28 14.69 13.19 15.03 16.32 11.17 13.58 14.60
35.15 35.19 40.35 40.16 36.32 31.94 29.38 30.79 26.28 27.53 29.24 31.52 29.80 31.00 25.19 18.04 7.71 7.98 13.45 11.90 10.02 12.27 13.99 14.26 21.97 14.99 14.43 15.49 15.61 12.24 13.50 16.57 10.87 12.23 14.74 11.96 13.59 9.96 7.54 5.97 8.30 10.34 9.98 4.14 3.27 3.26 9.03 1.01 6.98 6.63 5.90 5.86 5.26 4.86 5.04 6.36 2.65 6.56 13.69 14.16 4.40 14.22 14.81 15.99 17.28 12.99 12.78 12.02 9.72 8.11 9.62 13.29 15.31 13.68 16.17 16.21 13.62 13.08 15.36
33.77 35.17 39.57 38.49 34.35 30.17 29.81 30.73 26.03 28.35 29.90 30.92 28.71 31.21 24.14 17.56 6.88 7.78 9.95 9.59 14.08 22.00 15.53 20.59 18.25 15.70 16.00 14.86 14.28 10.89 13.43 16.47 12.77 13.97 15.78 11.96 13.86 9.97 5.69 5.74 10.47 11.05 8.12 3.95 2.82 3.65 1.52 7.03 5.31 5.25 3.92 4.63 5.74 6.37 7.11 7.23 1.64 3.05 5.37 9.05 5.95 11.93 13.80 15.30 16.92 12.25 17.19 10.13 15.66 15.46 15.81 8.03 10.85 11.99 16.53 15.54 15.61 15.04 14.84
34.65 34.97 38.83 37.57 33.73 28.59 29.86 30.43 26.70 28.91 27.56 29.87 27.18 26.79 22.87 24.40 8.92 20.37 8.49 21.37 22.26 23.50 18.85 20.21 16.14 14.40 14.37 12.35 13.77 11.26 10.19 16.69 16.23 12.67 16.92 12.86 9.81 9.54 4.54 6.40 9.12 11.92 9.88 3.78 4.57 5.31 0.79 2.54 5.98 5.55 3.34 3.09 4.99 6.65 10.77 11.77 13.65 1.01 8.13 8.08 13.78 3.39 9.64 12.47 15.71 16.68 16.87 15.92 15.38 15.44 15.80 16.32 16.20 8.79 14.31 16.34 14.36 14.05 14.19
32.84 33.95 38.19 38.28 33.00 27.24 28.30 28.86 26.91 25.67 28.65 27.13 27.97 26.18 21.47 13.22 21.84 21.34 21.06 22.18 23.47 13.56 23.28 19.43 15.01 13.05 12.11 8.65 12.18 13.51 10.16 14.85 15.70 10.08 16.07 13.34 10.58 7.85 5.62 7.43 9.98 6.90 11.36 8.17 2.46 1.11 2.28 8.41 9.11 8.87 4.18 0.42 6.66 9.02 9.29 10.49 12.57 13.11 11.68 13.27 13.95 13.31 12.81 3.48 14.30 15.24 16.08 15.77 15.26 15.07 15.38 16.11 15.99 15.45 7.04 10.97 12.89 13.19 12.59
33.45 33.25 37.57 35.14 30.48 25.89 26.67 27.77 28.80 27.87 26.67 26.63 28.71 26.36 21.32 11.16 23.37 22.49 22.99 24.08 15.23 22.41 22.59 18.77 15.03 15.23 8.40 8.42 13.58 17.41 9.61 11.17 11.20 12.30 15.58 15.10 10.60 6.70 7.45 10.25 9.45 7.05 8.06 9.93 8.89 2.95 3.38 9.75 10.11 9.45 10.25 2.75 9.94 7.96 8.08 9.98 12.01 12.23 12.38 13.50 14.84 14.74 14.44 14.38 9.19 14.26 15.35 15.84 15.22 14.78 14.88 8.15 15.41 14.99 14.30 13.23 12.45 12.94 13.83
33.70 33.16 36.88 36.68 28.32 26.70 26.25 30.14 29.91 29.39 25.28 25.50 28.06 25.47 21.61 12.23 23.46 23.28 24.16 14.85 17.12 23.91 22.35 18.83 15.58 13.96 6.14 17.77 15.02 17.60 10.07 9.77 10.79 14.81 14.80 13.46 9.84 8.21 9.32 11.21 7.85 9.07 8.45 8.03 8.45 4.48 5.32 11.82 12.25 2.37 6.46 11.54 9.05 7.78 7.99 9.93 12.20 12.73 13.14 14.73 5.84 15.42 15.10 14.87 14.03 14.09 15.09 8.14 15.03 7.84 14.28 14.14 13.30 14.32 13.71 13.24 10.97 13.07 14.11
32.09 32.47 36.20 34.07 28.53 27.67 25.52 29.64 29.73 28.35 24.42 25.57 26.84 23.73 20.01 22.86 23.43 23.41 23.58 17.04 19.09 23.81 21.88 18.88 19.30 7.92 8.43 9.95 13.81 16.75 8.15 8.98 14.88 12.90 9.81 11.97 7.46 8.67 7.77 9.32 9.80 9.68 7.77 7.73 6.91 6.17 2.90 12.41 13.27 1.22 4.86 5.23 10.60 9.10 8.74 9.01 11.56 7.47 7.07 14.51 15.48 7.14 14.86 14.38 14.14 3.48 14.70 12.23 14.47 13.87 13.62 13.37 13.35 13.06 6.90 13.36 5.43 11.88 12.38
33.02 32.22 34.80 30.89 28.36 27.06 29.36 28.89 28.48 23.69 24.37 26.49 28.59 23.30 21.77 22.79 23.25 22.92 13.44 17.42 23.05 22.66 21.00 18.70 17.01 7.62 7.38 8.57 12.05 17.84 10.80 10.66 15.55 11.14 8.86 7.20 5.98 7.36 6.25 15.35 15.09 15.34 12.55 7.78 5.05 7.14 2.44 11.58 12.75 4.75 5.25 12.77 11.07 10.27 9.19 9.10 10.84 12.46 12.81 13.43 14.60 8.73 14.04 7.61 14.18 14.86 10.98 12.39 9.95 13.53 13.15 13.14 7.04 13.48 9.55 7.00 5.79 8.92 10.47
33.77 32.18 32.89 29.75 29.07 27.19 24.09 25.54 26.04 24.17 24.81 26.79 26.05 25.84 14.95 22.15 15.33 13.30 16.33 20.26 22.79 21.63 20.44 19.38 16.51 6.39 6.76 8.23 10.47 18.06 14.38 7.93 12.62 13.69 8.33 5.51 5.49 6.49 7.76 14.84 14.90 14.68 13.30 4.77 3.97 4.84 4.00 7.75 12.59 13.18 3.52 4.47 12.49 10.88 10.06 10.86 5.73 11.88 12.76 13.78 14.54 7.70 13.60 13.79 7.07 5.57 7.05 10.45 11.44 8.32 6.85 13.33 3.44 7.12 9.68 7.50 7.17 7.77 3.61
35.76 32.22 30.95 29.43 30.38 26.82 23.43 24.30 22.49 23.48 24.78 25.87 23.98 21.86 16.25 14.76 15.27 17.43 21.04 21.73 22.06 20.92 19.71 19.58 13.66 8.46 6.14 7.54 8.80 15.22 13.88 10.04 10.08 15.09 8.48 5.76 5.53 2.87 13.78 14.79 16.16 15.78 12.54 3.38 0.49 4.92 2.65 12.78 13.39 14.23 0.73 1.97 5.72 11.53 11.66 12.65 12.95 6.81 14.06 14.82 14.99 14.50 13.98 14.29 5.79 9.40 6.81 8.43 10.21 10.43 12.72 5.21 2.57 4.15 6.88 8.40 8.83 10.66 4.59
35.44 30.88 29.04 29.23 30.19 25.98 26.56 25.42 24.16 23.09 24.19 24.34 21.69 22.75 19.35 15.50 14.89 21.53 20.26 20.80 20.49 19.83 18.97 14.93 10.10 5.77 5.78 6.62 6.91 9.49 9.32 11.65 12.95 17.57 12.92 6.01 6.87 2.60 4.86 14.06 15.94 15.69 12.79 1.79 4.98 4.42 1.18 13.52 7.76 7.30 2.85 2.24 6.71 13.26 14.13 14.75 14.86 14.97 15.20 7.84 5.83 7.22 14.04 13.87 6.51 14.10 7.95 7.46 8.60 10.07 12.00 8.03 5.19 13.12 13.18 3.84 3.33 5.92 8.96
33.93 29.64 30.56 31.59 28.51 28.18 24.79 22.44 23.48 22.72 23.51 23.10 20.07 22.77 21.27 15.70 16.05 19.58 19.32 20.05 19.32 18.56 18.21 13.98 6.54 4.89 8.57 8.52 5.68 6.74 8.26 8.64 11.94 18.70 16.22 6.97 7.48 4.82 15.25 14.58 16.00 16.83 15.80 3.62 8.17 3.82 1.77 3.12 7.89 16.58 7.04 1.88 16.91 3.20 9.40 16.29 7.88 8.50 15.83 6.72 6.42 6.65 5.53 13.96 4.62 7.04 6.09 5.93 6.86 7.92 9.89 9.06 6.90 6.42 13.06 13.22 13.91 13.93 13.95
28.40 28.60 32.21 31.98 26.97 28.22 25.16 22.16 22.85 21.97 22.64 23.79 19.48 17.80 20.49 14.28 17.50 19.51 18.64 19.13 18.56 17.69 17.01 8.69 4.49 18.77 19.12 13.04 7.46 6.82 19.12 8.59 10.28 17.65 17.71 6.76 6.98 6.53 19.17 18.62 19.24 6.29 19.52 4.77 11.91 6.08 4.84 6.53 11.92 11.88 10.95 4.23 18.27 17.57 9.09 16.84 8.84 9.32 7.88 6.80 3.25 7.07 5.70 2.36 2.09 0.88 5.00 4.24 4.93 5.71 6.66 9.77 10.37 8.46 4.28 3.33 2.40 3.32 14.57
26.89 27.17 31.43 30.56 25.82 25.25 22.97 22.05 22.35 21.34 21.93 23.00 19.06 16.63 21.29 21.30 18.50 19.23 18.16 18.22 17.78 17.28 16.77 4.59 17.72 18.26 18.78 6.73 9.45 6.89 5.87 8.53 8.88 13.92 17.54 12.49 7.60 8.14 21.58 21.68 21.64 14.41 21.94 10.46 11.35 10.98 8.55 15.55 19.95 19.76 13.22 7.32 18.03 17.41 17.11 8.93 17.10 9.83 16.23 15.95 3.54 1.09 14.92 2.91 3.32 2.59 5.70 4.85 6.04 6.25 8.24 7.76 12.52 11.93 12.44 5.89 5.11 5.92 2.93
24.93 26.16 30.94 29.63 25.98 24.42 22.28 22.77 21.97 21.34 22.08 21.28 18.21 16.15 17.61 16.31 19.65 18.16 17.31 17.24 16.68 16.30 10.50 3.98 17.21 17.97 4.84 6.08 5.24 7.09 8.12 9.93 10.67 11.44 14.60 10.33 8.01 7.99 21.74 12.05 14.64 9.80 22.58 9.24 8.18 8.56 13.83 19.47 19.54 19.48 19.00 18.49 10.47 12.41 12.26 9.92 10.47 9.49 7.17 16.09 3.51 6.34 0.29 3.84 3.79 12.10 4.58 2.22 0.69 1.60 1.17 7.05 12.10 11.71 10.85 5.98 5.67 6.94 6.02
28.27 22.75 30.75 30.75 27.97 28.16 21.39 21.45 22.28 21.31 22.39 25.57 17.44 20.15 17.22 19.84 18.90 20.33 16.26 16.07 15.35 14.41 6.00 16.72 16.18 17.36 10.48 6.51 4.37 4.78 12.04 13.02 12.19 11.74 11.45 7.10 6.10 12.04 11.41 20.23 11.85 6.84 20.54 19.51 19.36 12.98 14.21 14.43 19.32 19.38 19.16 18.99 9.89 18.97 18.74 6.55 9.05 9.19 6.14 8.43 4.98 1.69 5.34 4.49 4.51 11.01 10.31 7.35 0.63 1.48 0.85 7.21 12.15 11.23 6.45 3.71 7.41 5.39 4.67
27.29 28.76 28.35 26.57 28.35 29.66 19.72 21.41 20.56 20.74 19.38 22.98 17.32 18.13 18.04 18.98 16.05 14.71 15.48 15.09 14.51 13.46 6.56 1.71 15.53 16.39 8.66 5.68 5.28 7.65 11.14 13.12 10.93 7.12 4.99 10.89 17.76 18.08 18.33 17.80 17.43 18.13 18.53 18.08 17.72 13.05 12.86 19.09 19.18 19.20 19.64 8.04 8.57 19.16 18.13 17.33 10.61 7.77 5.97 7.11 5.45 4.56 5.40 6.10 3.77 3.75 4.02 3.06 6.76 2.49 2.72 9.11 11.71 10.86 5.93 6.04 4.28 2.56 13.92
27.30 28.74 28.00 24.79 29.85 28.77 19.09 20.38 19.73 19.75 20.88 19.48 18.85 17.52 17.51 17.96 15.30 14.73 15.57 14.59 14.37 12.77 7.91 3.49 15.56 15.76 6.48 8.71 11.39 8.92 7.30 11.61 5.36 4.74 16.47 16.55 16.60 17.03 17.55 17.07 16.39 16.69 17.54 18.08 18.01 17.71 17.77 18.21 18.49 18.61 19.06 9.45 9.84 18.07 17.10 16.46 11.61 15.34 8.78 5.11 5.97 0.48 5.87 12.88 11.97 6.50 5.59 3.27 7.93 2.27 3.32 7.99 10.86 7.00 7.37 9.80 13.87 6.51 0.47
23.79 28.52 33.19 23.09 28.29 26.82 19.31 13.22 19.11 12.80 17.29 17.47 16.34 18.45 16.66 17.44 17.29 13.30 15.65 13.99 14.02 14.30 7.25 15.65 15.30 15.42 8.36 11.26 14.51 2.66 16.20 7.02 3.85 6.79 15.15 15.75 16.14 16.34 16.56 16.62 16.76 16.79 16.80 17.11 17.18 16.84 16.70 17.02 17.34 17.42 17.37 17.14 16.66 16.31 16.18 15.83 15.17 14.57 14.11 14.00 1.68 5.85 7.55 11.85 11.69 11.92 11.83 3.68 2.96 2.95 3.00 2.39 6.08 6.20 9.29 12.37 12.50 12.69 13.54
27.50 27.16 30.96 28.90 27.22 24.60 18.57 13.35 13.32 14.49 17.53 19.40 16.43 17.38 17.48 16.63 15.56 11.27 15.19 12.78 12.25 5.41 14.75 14.92 14.99 14.58 11.42 11.02 6.78 3.27 4.62 3.68 4.83 13.68 13.71 14.06 14.36 14.46 14.62 15.04 15.56 15.87 15.80 15.73 15.76 15.69 15.63 15.80 15.93 15.87 15.68 15.26 14.96 15.00 14.96 14.61 14.11 13.66 13.29 12.97 8.84 7.46 11.45 11.30 7.22 11.15 10.55 10.08 9.97 4.29 3.73 2.62 0.73 4.28 8.82 9.88 11.99 12.48 13.31
27.09 25.68 30.71 27.71 26.33 18.92 15.38 17.34 14.01 15.64 15.80 15.50 15.04 17.98 13.96 18.83 14.03 14.72 14.69 16.84 11.36 12.31 13.44 14.35 14.95 11.52 13.16 7.86 3.35 12.77 3.40 12.31 12.64 12.56 12.48 12.70 12.83 12.89 13.16 13.58 13.96 14.32 14.49 14.35 14.29 14.58 14.77 14.67 14.67 14.80 14.68 14.44 14.33 14.22 13.86 13.40 13.04 12.71 12.35 11.89 11.42 11.06 11.00 10.99 10.72 10.38 10.16 9.91 9.78 9.87 9.66 9.26 9.47 1.74 2.87 9.21 13.36 12.30 13.03
27.85 24.87 21.31 25.93 25.89 17.93 15.84 16.84 16.17 16.46 15.23 10.42 16.10 18.53 13.67 13.58 18.22 15.52 15.37 9.61 11.99 12.14 12.30 12.74 8.71 12.89 10.10 12.77 3.35 3.26 3.09 12.19 12.23 12.05 11.82 11.91 12.08 12.14 12.26 12.56 12.88 12.94 12.93 13.03 13.18 13.41 13.59 13.64 13.77 13.87 13.82 13.77 13.69 13.34 12.81 12.38 12.11 11.84 11.53 11.17 10.77 10.46 10.35 10.21 9.95 9.70 9.53 9.35 9.23 10.60 8.93 8.92 9.67 3.88 3.21 8.54 10.73 12.11 12.76
26.38 28.91 20.03 25.39 16.39 18.19 22.09 16.28 15.73 17.78 15.52 14.85 16.65 22.11 13.22 20.16 18.88 19.13 15.26 12.05 11.69 2.39 11.82 11.41 11.66 10.55 6.20 5.86 8.20 4.86 2.02 1.14 11.91 11.44 10.98 10.74 10.88 10.87 10.76 11.13 11.53 11.27 11.26 11.67 11.92 12.02 12.23 12.48 12.52 12.40 12.46 12.58 12.44 12.04 11.61 11.33 11.13 10.88 10.56 10.26 9.97 9.65 9.35 9.16 9.04 8.95 8.90 8.85 8.78 8.72 8.74 9.15 3.32 2.84 2.28 2.26 7.27 11.38 11.67
21.87 24.40 19.43 23.74 16.13 17.18 22.06 12.77 21.57 14.81 14.51 15.30 17.56 13.72 18.62 11.50 15.24 17.04 14.47 12.43 11.38 11.21 11.04 12.98 6.00 5.03 5.68 9.23 10.77 4.45 12.16 11.64 11.27 10.69 10.13 9.55 9.26 9.07 8.64 8.34 8.16 8.37 9.21 10.00 10.35 10.58 10.90 11.16 11.25 11.13 11.17 11.32 11.15 10.84 10.52 10.22 9.98 9.85 9.72 9.49 9.18 8.81 8.45 14.18 8.11 8.17 8.33 8.35 8.27 8.31 8.60 9.05 9.66 10.02 10.43 2.12 1.67 3.97 10.72
20.70 20.01 18.27 17.54 15.96 20.24 17.89 14.97 14.44 20.07 14.21 15.32 16.23 17.37 19.80 19.66 14.39 16.33 14.06 14.23 12.19 11.13 10.14 9.97 10.77 11.31 6.87 10.70 11.20 2.53 11.84 11.07 10.63 10.17 9.65 8.95 8.24 7.68 6.51 5.16 4.69 5.96 7.58 8.50 9.20 9.57 9.74 9.87 9.91 9.94 10.06 10.10 10.03 10.00 9.89 9.65 9.43 9.26 9.03 8.73 8.40 8.11 7.95 7.82 7.65 7.61 7.74 7.69 7.56 7.71 8.13 8.62 6.00 6.19 7.34 6.65 2.95 1.53 6.87
19.99 18.26 16.27 16.74 16.42 17.12 15.57 17.38 20.64 16.11 13.01 16.93 16.11 17.14 16.13 11.28 11.52 18.88 15.66 14.81 12.36 6.31 2.22 10.26 10.41 10.38 6.23 10.13 6.12 11.54 11.38 10.48 10.06 9.86 9.43 8.86 8.21 7.28 5.90 4.68 4.54 6.12 7.49 8.11 8.57 8.84 8.88 8.81 8.70 8.65 8.70 8.85 9.16 9.45 9.50 9.40 9.30 9.09 8.68 8.16 7.67 7.38 7.32 7.16 6.88 6.76 11.33 10.95 9.59 10.79 10.51 10.40 10.19 8.13 4.25 2.26 1.72 0.85 2.26
19.86 18.39 16.36 15.28 16.09 15.68 23.20 19.47 16.06 11.46 11.79 9.17 13.27 17.61 13.97 9.63 11.60 17.58 10.47 14.25 7.19 10.93 6.62 5.79 5.97 4.66 6.59 9.43 4.49 11.29 4.67 4.18 9.93 9.64 9.31 8.92 8.53 7.93 7.17 6.81 6.92 7.18 7.39 7.59 7.80 7.95 8.09 8.08 7.98 7.84 7.77 8.05 8.40 8.67 8.89 8.90 8.77 8.54 8.13 7.51 6.92 6.52 11.92 5.84 5.57 10.49 11.19 10.33 8.35 8.45 8.63 9.14 9.05 8.25 5.35 2.40 1.78 4.30 4.40
18.85 17.11 14.31 12.58 14.06 14.69 14.10 20.82 15.41 11.93 11.62 12.46 13.43 18.44 12.08 14.68 16.15 17.54 10.19 14.57 9.48 6.22 4.63 10.75 9.03 4.05 6.97 11.21 5.11 4.79 10.25 5.70 10.10 9.46 9.11 8.84 8.74 8.71 8.51 8.24 7.91 7.42 6.87 6.60 6.66 6.86 7.03 7.14 7.22 7.30 7.42 7.53 7.59 7.77 8.03 8.05 7.89 7.55 7.10 6.60 6.04 5.56 5.15 4.69 4.58 10.97 10.80 9.11 5.14 5.75 6.95 6.61 6.06 5.38 5.63 4.54 1.32 2.62 4.19
