examples/cougarCreek-fire/createInputs/WindNinja/wrfout_d3.2015080912.f21/cougarCreekFire_08-10-2015_0900_217m_non_neutral_stability_vel.asc
ncols	146
nrows	140
xllcorner	610065.000000
yllcorner	5095217.000000
cellsize	216.586807
NODATA_value	-9999.000000
[rows 35 to 69 of 140, columns 0 to 78 of 146]
7.01 8.62 12.19 17.92 15.95 13.39 17.69 17.60 17.57 18.69 18.12 15.98 16.91 20.28 25.52 20.04 18.12 15.67 14.57 24.99 37.09 45.24 49.68 54.13 48.83 44.81 40.94 35.03 31.72 31.91 31.60 32.29 34.27 32.77 32.61 31.20 27.62 25.08 23.07 22.81 22.22 20.48 19.90 19.41 17.00 17.38 18.04 16.66 14.08 0.87 2.37 3.42 5.90 10.96 13.52 16.06 16.58 15.25 14.00 20.75 19.68 19.88 11.97 11.15 5.47 4.80 4.02 3.37 2.95 2.84 2.41 1.27 8.38 2.70 15.09 15.34 14.81 12.88 11.80
12.64 11.40 13.09 16.54 16.78 14.16 13.65 18.55 16.22 16.12 15.35 14.13 15.39 18.88 24.10 30.04 33.96 39.71 42.80 42.98 42.72 43.27 46.04 44.10 37.26 28.23 29.53 32.19 32.90 31.26 28.65 28.65 33.33 38.26 37.06 36.86 34.83 20.78 18.59 17.72 16.48 14.89 15.01 21.15 19.27 20.11 18.53 17.07 19.43 7.04 8.15 9.17 9.72 9.82 10.93 12.24 12.68 12.39 12.04 11.86 11.18 10.96 10.72 18.27 10.67 4.78 4.00 3.59 3.48 12.30 3.86 2.56 1.36 2.76 4.68 6.40 7.61 8.89 6.09
12.35 12.34 13.94 15.52 16.00 15.53 17.27 14.00 12.59 9.97 9.08 12.73 15.70 17.58 17.16 20.67 26.65 29.94 30.74 28.49 28.02 31.45 35.84 36.53 30.47 22.36 19.41 23.71 26.44 24.30 20.51 17.80 22.37 30.03 34.22 35.04 37.27 38.59 37.23 33.96 21.91 27.44 17.86 16.73 16.20 6.43 6.16 15.48 20.69 20.57 23.40 13.21 14.81 23.48 15.78 15.61 15.02 14.11 13.02 12.20 8.67 7.79 7.00 6.22 5.46 4.23 2.83 1.92 1.43 1.83 3.07 3.13 18.06 1.86 2.93 5.11 6.86 8.47 10.13
15.61 17.10 17.07 14.03 10.99 8.53 12.93 12.56 6.82 5.28 9.61 9.78 11.77 12.85 13.90 16.41 19.43 21.05 21.70 23.28 24.86 24.21 25.76 30.15 32.04 28.77 24.44 18.15 14.94 12.29 12.05 10.68 15.24 18.12 20.22 20.01 19.12 22.62 22.61 26.69 29.73 28.38 15.13 12.88 9.22 7.71 7.77 7.94 18.57 19.23 25.86 26.93 30.30 28.08 26.36 27.01 27.01 26.81 19.52 18.46 17.69 17.11 17.02 16.87 10.29 15.26 8.43 7.95 7.56 7.16 6.43 4.98 3.55 2.64 1.99 2.85 4.75 6.60 8.64
14.95 15.34 13.09 10.81 7.46 3.18 12.10 1.98 3.99 6.91 8.44 9.31 12.60 13.70 15.73 17.04 18.69 19.41 18.36 18.37 19.56 21.97 23.65 29.46 30.48 29.86 27.09 18.55 16.39 8.16 8.51 9.09 10.63 17.82 23.01 25.45 27.10 26.91 24.77 16.30 16.08 25.53 13.16 12.87 19.52 24.33 25.73 24.76 24.05 24.04 23.74 25.78 26.37 30.07 35.28 33.44 32.17 31.57 31.38 25.74 24.47 23.31 23.20 24.17 24.08 23.66 23.97 22.04 21.78 21.19 19.98 12.16 10.70 8.79 6.53 4.55 4.40 5.54 6.63
8.32 5.80 3.95 2.29 12.90 11.50 10.36 1.88 3.56 4.46 8.38 9.79 13.33 14.45 16.41 16.48 17.45 18.34 18.04 19.22 21.91 24.52 26.11 29.06 27.26 25.07 22.45 20.98 17.25 11.91 6.95 4.21 13.66 19.75 24.34 28.33 28.80 30.08 33.57 25.98 24.98 24.47 23.98 16.50 14.90 14.22 15.09 16.60 16.72 30.81 30.96 30.22 29.53 27.27 22.98 23.53 30.60 30.52 22.26 28.84 35.55 34.27 29.83 28.75 27.66 31.90 31.89 27.03 27.26 26.82 25.87 24.33 23.43 15.10 13.56 11.25 7.83 6.27 6.48
7.23 5.99 2.31 4.29 11.81 10.62 9.63 1.90 3.04 6.07 8.21 9.61 10.81 10.98 13.50 14.92 16.70 18.34 19.32 22.08 24.10 25.70 28.87 27.21 25.94 24.64 24.45 22.44 18.35 14.75 8.48 9.94 21.63 26.17 28.05 29.92 33.13 33.77 33.29 36.13 38.07 36.84 36.73 36.69 37.30 33.80 23.79 22.95 35.22 35.71 36.61 36.39 26.59 38.81 38.09 38.24 35.16 34.40 23.56 22.81 34.59 32.02 33.63 33.92 33.53 33.38 33.04 31.56 29.18 29.47 29.67 32.66 27.32 26.65 23.88 22.67 12.07 8.70 7.44
2.81 6.27 7.40 2.31 1.05 10.18 2.43 1.70 4.08 6.09 7.69 9.72 10.49 10.78 12.53 15.09 17.21 19.59 21.09 21.87 23.95 27.37 27.67 26.26 26.93 25.43 26.60 24.28 20.70 17.38 14.22 14.85 20.33 25.68 28.58 32.09 35.50 36.64 36.53 36.53 38.60 38.80 38.36 37.83 38.28 37.62 39.70 41.32 42.35 30.43 41.91 41.44 39.97 40.41 39.90 25.57 23.97 35.47 33.65 33.15 20.10 33.42 33.39 17.03 12.47 11.01 10.72 11.32 11.43 11.76 11.87 11.30 8.86 4.86 3.02 4.76 17.97 19.76 9.59
6.16 5.08 7.39 11.27 10.80 10.66 0.79 1.89 3.97 7.27 7.96 7.72 6.31 8.43 12.64 17.59 17.83 19.54 19.62 21.15 24.58 25.94 26.78 27.80 26.53 24.75 27.53 27.20 24.48 17.98 20.78 20.81 19.90 23.97 28.36 33.20 36.02 37.01 36.38 34.78 34.98 36.68 36.87 35.21 33.35 35.48 38.30 39.30 41.32 43.08 42.73 43.11 45.24 43.62 40.40 38.66 36.92 35.58 25.86 15.56 11.60 8.32 7.99 10.45 12.69 14.11 13.59 13.44 18.66 12.77 18.09 16.58 14.73 13.24 12.34 2.43 1.84 3.39 15.72
10.38 10.20 11.23 2.11 4.90 6.90 1.43 3.98 4.63 5.50 9.07 10.18 13.18 15.68 16.76 19.82 18.43 20.96 20.42 21.82 26.67 28.37 29.63 28.63 25.64 24.62 28.24 28.72 27.42 20.08 27.71 29.94 31.95 31.70 28.69 30.20 35.12 35.93 35.97 35.58 33.22 30.17 27.35 26.86 30.99 37.48 43.22 44.56 45.52 43.22 40.49 40.30 41.43 38.56 33.25 25.37 14.57 12.16 11.37 10.78 8.80 7.10 8.71 15.70 19.09 20.89 20.91 20.17 19.18 18.51 17.75 16.35 15.45 15.14 14.87 14.07 12.63 12.28 4.62
5.28 6.27 1.25 5.49 8.14 7.37 8.12 6.40 7.21 11.77 8.74 15.57 17.62 16.88 17.91 20.24 23.01 22.29 20.89 23.83 27.25 29.88 29.93 29.86 26.66 25.36 28.35 29.45 26.27 24.95 31.86 33.45 35.24 37.04 36.23 36.38 34.69 33.69 35.34 35.50 28.84 24.96 24.78 29.65 37.42 42.03 43.81 39.37 39.76 41.72 37.70 27.74 23.20 19.54 15.98 11.43 11.44 9.76 10.89 11.31 12.08 18.10 19.98 20.99 22.16 22.33 19.66 18.62 19.96 16.83 16.30 14.54 13.59 13.02 11.99 9.66 15.56 8.39 7.42
14.22 13.64 13.69 10.69 11.20 11.86 14.77 14.17 15.86 12.93 17.81 17.52 18.56 18.18 20.16 21.83 22.60 20.58 21.55 24.36 26.71 30.69 30.90 30.61 30.36 28.19 30.25 31.99 30.37 34.53 37.97 38.60 38.90 39.87 40.76 37.82 37.74 39.86 39.94 34.54 31.57 31.56 34.09 37.87 40.47 45.86 43.51 35.71 29.13 18.36 16.99 16.37 17.25 16.72 14.80 12.35 12.31 17.98 21.53 23.39 24.41 25.13 24.98 24.14 23.37 20.79 21.34 20.72 19.75 18.81 17.70 16.60 15.81 14.46 13.59 15.13 15.53 11.69 9.34
14.70 14.04 13.85 9.61 12.46 15.19 17.35 20.27 20.19 20.52 17.39 18.21 17.93 19.19 19.78 18.68 15.65 15.92 21.35 24.74 28.67 31.09 31.90 32.65 32.82 32.03 32.24 33.34 33.12 36.11 40.44 40.16 36.50 43.88 41.68 37.65 39.98 44.19 44.68 43.47 39.12 39.96 40.10 40.44 45.45 37.91 35.76 31.10 22.62 17.87 15.77 16.84 18.84 17.86 16.46 18.08 24.90 28.53 28.83 28.77 26.59 25.26 24.91 24.31 23.12 21.95 21.27 20.94 19.72 18.16 16.88 16.76 14.76 13.94 14.75 15.08 15.02 15.68 16.55
13.74 14.18 14.07 15.55 18.33 19.35 19.31 21.07 18.50 18.94 17.26 16.92 16.99 16.71 13.77 16.23 17.46 18.17 23.98 26.89 30.76 34.01 34.73 36.13 34.64 35.42 34.89 34.79 35.61 38.02 40.31 41.58 34.90 49.09 44.19 36.74 42.72 47.17 47.74 53.73 49.43 40.12 37.17 36.35 42.56 37.88 31.94 23.44 18.48 17.42 21.88 28.94 29.33 27.66 27.32 29.40 32.47 32.41 29.41 28.10 27.56 26.99 25.96 24.43 22.68 21.05 20.03 19.17 19.54 17.90 15.54 15.95 14.93 14.70 14.82 13.69 15.13 14.95 13.00
13.77 14.73 16.79 18.44 19.82 21.19 19.63 16.86 16.95 17.67 16.87 16.21 16.14 14.92 16.84 20.58 23.69 26.64 28.66 31.18 31.35 36.82 39.12 37.04 37.79 39.64 38.09 38.42 38.05 34.20 45.51 38.07 40.23 47.55 49.13 41.29 40.64 49.55 51.21 56.18 40.52 50.43 33.35 32.18 35.90 41.90 34.98 28.74 26.55 30.25 36.13 36.88 34.41 31.92 31.68 32.34 32.55 31.78 28.97 27.02 26.19 26.29 25.68 23.99 23.01 21.16 19.88 18.09 18.35 17.55 15.43 14.07 13.18 12.28 12.02 11.43 10.69 9.16 15.64
14.65 16.03 18.11 18.82 18.25 12.48 12.98 16.15 17.17 16.63 13.67 12.04 13.45 17.02 22.18 26.09 26.33 29.17 30.84 31.86 33.19 37.12 39.20 39.52 40.86 41.08 38.66 37.72 35.07 36.44 48.90 41.09 42.83 51.40 53.71 42.64 44.34 53.39 53.65 53.64 53.08 49.59 45.81 35.25 30.24 35.27 36.02 33.01 34.71 37.50 37.69 35.51 33.32 30.52 28.75 28.82 30.05 30.66 30.68 29.42 25.43 23.61 23.15 22.82 22.29 21.43 20.29 19.46 18.82 18.12 17.56 16.88 16.02 11.91 12.30 10.02 14.98 14.80 15.33
16.39 17.12 18.24 15.71 10.20 13.92 17.99 18.58 17.31 14.29 12.30 17.81 15.50 20.27 19.25 29.26 28.81 31.75 32.53 33.56 35.74 37.87 39.10 40.27 39.12 37.88 35.33 34.78 35.36 37.03 48.28 42.11 42.88 53.80 54.87 41.47 49.74 55.79 55.15 54.26 52.93 50.72 46.98 44.28 39.43 36.35 23.54 21.36 23.91 25.98 26.55 28.35 30.02 30.98 29.68 28.56 29.90 30.14 29.83 29.18 27.19 25.36 20.38 20.45 21.66 22.15 22.71 20.10 20.50 20.03 18.86 17.41 16.30 16.51 17.75 16.49 16.23 15.94 16.19
17.84 17.57 16.78 13.65 15.49 17.67 17.98 18.54 18.43 14.26 13.51 19.53 25.80 26.91 29.18 30.53 31.38 32.22 33.64 35.73 37.30 37.42 37.33 30.45 42.10 35.94 35.56 37.49 38.57 46.84 48.57 41.93 43.42 53.04 49.26 40.06 48.35 52.92 53.57 55.97 54.88 52.15 47.59 44.47 45.49 36.29 29.60 19.07 15.86 16.05 19.67 23.62 26.90 30.67 31.08 30.59 31.36 31.27 29.84 28.23 26.73 27.69 25.17 19.63 19.81 20.45 19.85 19.31 22.11 22.04 16.92 16.17 16.06 15.89 16.07 16.40 16.50 16.36 16.75
17.61 18.02 16.08 16.71 17.68 20.44 22.00 22.29 19.64 16.28 21.00 21.26 28.92 28.17 28.73 31.70 32.89 31.82 33.13 36.31 37.96 41.12 39.86 45.66 46.86 40.01 41.11 45.21 46.95 48.21 49.75 47.89 41.22 47.49 34.81 34.51 38.29 42.34 44.28 46.13 48.99 47.13 43.31 40.40 38.02 34.77 33.83 30.66 27.41 23.66 20.43 22.27 24.07 25.88 26.43 25.54 27.35 30.67 31.12 29.95 28.54 28.30 27.02 24.24 22.22 21.67 17.39 21.67 21.33 20.76 20.28 19.47 19.37 19.84 18.75 17.68 14.37 9.39 12.62
16.67 18.45 18.03 22.57 25.64 26.00 24.23 21.06 19.33 19.18 22.97 21.67 28.42 27.85 25.90 29.36 31.85 30.87 32.87 35.30 38.56 41.85 42.25 44.96 47.59 46.10 45.80 45.44 43.38 44.40 48.34 43.66 35.45 37.44 29.15 29.04 38.40 44.42 41.56 42.31 43.81 41.74 39.08 35.39 28.70 26.47 27.40 26.85 25.43 26.78 25.93 27.37 21.46 20.90 19.57 18.41 21.22 25.67 27.00 26.56 25.72 24.55 24.01 22.92 21.52 20.67 21.07 21.47 21.16 20.01 16.88 16.32 18.72 14.90 19.05 16.17 15.20 16.62 16.36
15.77 18.78 24.20 29.08 25.36 24.43 22.31 21.85 26.64 28.24 24.91 22.22 27.90 27.17 27.01 28.89 31.73 31.56 33.18 35.29 36.37 37.60 36.77 37.33 39.29 41.09 38.84 36.77 36.35 38.28 41.38 35.03 30.43 30.17 31.89 25.87 32.76 31.74 36.23 37.52 34.53 36.53 35.69 32.67 28.29 23.41 22.84 24.02 25.14 26.20 26.67 23.10 23.70 16.22 13.94 13.72 17.65 19.61 19.90 19.92 20.25 23.28 18.60 11.18 18.49 16.39 13.87 20.52 8.78 17.54 17.58 16.48 5.62 17.62 14.72 14.90 17.57 16.29 6.85
15.30 18.65 22.80 25.40 23.11 18.53 18.93 28.23 27.12 27.81 25.00 25.65 21.13 26.69 25.75 28.19 30.85 31.06 34.07 34.89 32.87 32.27 31.39 31.39 32.65 33.17 29.67 29.25 31.74 32.22 29.79 29.18 27.24 28.63 29.71 23.10 28.85 24.43 23.83 24.44 27.17 26.87 30.54 26.49 26.23 22.08 17.93 18.06 19.15 21.64 25.05 24.05 22.13 17.85 13.61 14.33 15.73 16.08 14.61 14.41 12.30 14.95 19.30 20.50 20.89 20.14 10.49 17.79 18.29 18.35 18.31 12.05 8.62 5.37 15.24 14.81 14.74 15.32 16.02
15.77 18.98 19.09 16.92 15.61 14.45 22.52 30.95 27.74 22.78 19.83 18.28 22.66 21.50 21.42 23.38 22.73 24.18 33.32 32.86 30.12 29.41 27.78 28.19 30.40 31.45 30.02 29.35 30.75 29.74 25.24 22.59 20.90 19.57 18.88 17.97 26.14 22.90 18.04 20.93 23.39 22.07 22.35 22.94 21.35 19.04 16.05 16.94 17.01 15.73 16.30 21.11 19.61 19.38 14.66 16.83 14.87 6.82 6.43 7.04 9.54 10.48 17.04 18.35 19.92 21.04 20.91 20.28 19.74 18.89 18.08 18.09 8.00 16.69 16.13 15.76 15.39 15.61 15.77
15.53 14.14 16.09 8.95 14.44 22.66 30.10 27.29 21.22 18.13 10.26 14.82 20.34 13.10 10.21 11.34 17.95 26.46 26.28 25.44 30.00 31.22 26.31 25.34 28.94 27.40 26.85 26.51 27.12 26.64 23.36 20.95 20.50 19.23 18.65 17.35 23.92 20.97 12.90 20.29 19.33 18.48 17.78 18.51 18.72 15.74 15.25 15.19 15.54 15.31 15.56 14.98 13.98 14.12 11.11 4.78 7.18 7.77 11.68 12.79 9.69 8.40 10.04 10.52 10.81 12.15 19.52 19.17 18.88 18.28 17.91 14.54 17.66 17.19 16.71 16.36 16.11 16.01 7.27
15.54 13.88 10.22 18.45 21.39 21.37 25.81 23.50 18.67 11.58 10.88 14.52 6.84 7.22 5.75 10.91 19.94 24.48 22.95 20.80 29.51 30.38 27.06 28.61 28.68 25.63 24.80 24.62 24.73 24.27 19.96 20.25 22.87 19.53 21.87 14.86 19.34 19.68 17.55 15.70 17.65 18.39 14.81 16.45 16.26 17.58 17.95 17.58 14.36 14.50 14.71 13.89 11.24 9.23 8.00 8.08 8.58 8.19 7.98 9.13 10.88 12.23 13.53 14.82 16.10 18.04 11.55 10.34 10.17 12.81 17.98 17.97 17.35 17.34 17.28 16.79 16.42 16.25 6.78
16.67 14.16 13.11 18.14 25.20 24.77 21.36 17.80 9.16 8.80 10.34 9.70 9.76 7.82 10.77 18.54 25.40 23.94 18.65 19.19 29.74 32.21 31.35 29.87 25.40 24.45 24.89 24.00 21.40 20.42 19.28 20.64 19.16 16.86 18.42 15.88 11.76 17.29 16.98 16.68 14.74 17.44 17.39 17.86 18.28 15.80 15.40 9.88 10.76 11.54 15.64 13.24 12.52 11.96 11.49 10.63 10.11 9.02 8.37 8.98 9.92 11.24 12.10 12.40 13.39 10.36 13.53 18.36 18.17 17.95 18.38 18.43 17.86 17.48 17.39 16.98 8.30 8.08 16.63
16.51 17.08 13.43 24.05 26.00 23.38 17.38 7.92 7.74 5.91 7.76 10.36 14.72 15.29 19.16 25.47 27.10 22.52 16.81 18.33 27.95 30.69 29.54 24.88 23.66 22.95 21.57 19.80 18.91 20.13 21.24 19.82 16.63 15.95 17.48 16.24 9.57 16.04 16.76 15.86 14.33 15.80 16.87 16.95 18.13 17.64 17.43 16.24 7.30 13.63 13.78 15.44 15.98 15.24 13.42 12.90 12.05 11.92 13.96 15.80 15.63 14.80 13.07 10.31 9.61 12.95 17.05 19.02 19.01 18.61 18.59 18.46 18.03 17.62 10.12 9.66 16.70 16.81 16.84
16.52 13.61 9.88 21.91 21.10 18.39 16.73 1.62 6.00 8.01 9.47 16.76 19.41 22.22 26.30 27.98 25.20 19.28 16.48 27.23 26.73 27.92 29.01 27.61 25.84 22.67 20.02 18.88 18.99 19.89 19.77 18.16 13.41 16.31 17.25 16.38 15.34 14.80 15.76 14.45 14.83 14.48 14.99 15.53 16.39 17.21 16.25 15.40 14.05 12.34 11.60 13.01 15.33 11.26 10.85 10.83 10.53 11.61 15.22 18.41 19.61 19.37 17.83 14.67 12.84 15.78 19.71 20.62 20.29 19.81 18.89 18.31 18.00 17.85 10.42 17.10 16.63 16.89 17.01
12.87 4.28 8.18 10.87 9.67 9.18 9.86 11.54 12.84 15.05 17.63 20.65 23.66 27.89 30.95 28.72 22.21 16.95 16.82 26.01 27.20 28.29 27.91 26.58 23.37 21.40 19.50 18.43 18.53 19.29 19.59 16.11 14.82 17.26 15.08 15.95 14.69 15.13 14.86 14.10 13.84 14.24 15.31 14.37 14.54 15.05 14.98 15.15 14.96 13.47 13.29 13.80 15.78 9.27 8.19 7.99 8.19 9.72 12.69 15.77 17.98 19.24 20.29 20.68 20.23 20.83 21.90 21.58 20.65 20.06 19.14 18.30 17.97 17.98 11.52 17.12 16.44 16.77 17.14
4.72 3.38 9.45 17.96 19.72 17.42 16.75 17.62 19.97 21.82 22.46 23.78 27.88 31.56 31.88 28.07 21.81 19.87 19.94 25.65 27.23 26.86 25.25 24.10 22.09 21.04 18.80 18.55 19.61 19.91 18.66 19.50 16.30 16.81 13.66 14.19 14.08 12.96 13.70 14.13 14.57 14.10 13.19 15.81 14.39 13.25 13.80 13.11 9.09 14.46 12.38 12.22 13.01 14.79 8.08 7.32 6.90 7.85 10.42 13.00 14.95 17.01 19.51 21.69 22.32 21.83 21.65 21.42 20.47 19.88 19.26 18.12 17.74 17.77 17.73 16.79 15.76 16.09 7.83
7.74 2.76 8.48 16.67 21.78 21.68 21.50 23.58 26.34 27.40 26.96 29.19 32.12 32.05 29.20 25.35 22.03 21.43 22.85 26.61 21.70 21.48 24.03 24.62 20.83 17.88 16.78 17.85 19.10 18.76 18.73 19.28 15.66 13.96 13.33 14.12 13.99 13.86 14.59 13.76 14.80 14.46 13.18 15.26 14.62 14.40 12.74 11.54 6.72 7.40 13.09 11.24 12.62 14.51 8.46 7.48 6.56 7.08 9.27 11.67 13.62 15.91 18.65 20.64 21.32 21.04 20.79 20.97 20.55 20.02 19.31 18.13 17.64 17.60 17.87 17.31 16.08 15.93 16.38
7.23 3.61 8.95 18.08 22.68 24.84 25.85 28.99 31.28 31.65 32.31 34.94 36.73 34.51 29.54 24.04 21.53 20.65 22.30 27.18 27.09 16.64 26.05 24.43 18.14 15.00 14.48 17.08 18.69 18.49 18.44 17.89 15.63 14.09 14.61 14.75 13.88 16.39 15.84 10.22 13.45 14.57 12.07 12.86 14.12 14.85 14.04 12.76 12.73 4.37 7.69 11.74 13.48 10.52 8.11 7.28 6.37 6.85 9.00 11.39 13.59 15.75 17.79 19.18 19.96 20.17 19.95 20.32 20.59 20.05 19.11 13.77 12.99 17.33 17.81 10.48 17.32 16.60 16.55
5.27 5.14 10.23 18.36 25.91 30.77 32.81 33.82 34.18 34.80 33.88 37.11 37.53 35.55 31.15 24.20 20.91 19.12 23.43 26.88 21.94 20.79 20.70 22.72 17.79 13.21 13.03 17.32 20.20 21.56 19.25 16.64 13.77 12.63 14.03 14.36 12.93 14.62 15.51 10.28 14.10 13.75 8.81 8.30 10.20 14.13 14.76 14.91 12.34 8.44 7.54 11.75 13.54 12.91 7.34 6.77 5.93 6.37 8.59 11.20 13.63 15.47 16.85 17.62 18.31 18.99 18.65 18.78 19.91 20.17 13.82 12.87 13.19 16.92 16.89 17.40 17.44 16.93 16.47
3.30 1.94 11.90 22.42 32.00 35.24 32.88 35.70 35.53 36.11 36.25 35.88 35.24 33.95 31.15 24.43 20.87 19.65 22.98 26.89 21.73 22.04 22.88 17.92 15.98 8.39 11.16 17.28 20.82 21.64 18.63 14.17 13.47 12.84 13.77 14.15 13.87 14.08 13.42 9.46 13.22 9.75 8.61 9.18 9.72 9.98 11.25 13.55 12.33 14.08 11.53 11.51 12.45 11.20 11.60 8.58 5.15 5.02 7.35 11.08 14.02 15.02 15.32 13.53 16.45 17.39 17.24 17.22 18.75 20.06 19.47 18.22 10.81 16.92 9.89 16.48 17.39 17.30 10.72
2.72 2.81 6.32 26.44 35.87 36.74 36.12 35.14 35.20 36.14 35.48 34.21 33.68 33.03 32.30 24.17 20.60 16.22 23.41 26.53 22.21 21.56 18.42 15.67 13.62 6.08 13.35 17.40 21.32 20.50 16.51 16.94 14.71 14.91 15.79 15.03 14.51 14.01 14.03 9.33 9.85 9.26 12.95 9.56 9.68 9.82 11.58 14.03 13.09 12.70 12.09 12.10 12.70 12.43 8.63 8.69 7.28 3.36 5.68 10.89 14.70 15.24 14.42 14.06 14.56 15.45 16.16 17.08 18.32 19.35 19.23 18.18 11.20 17.14 16.85 9.25 13.31 10.46 17.22
