examples/cougarCreek-fire/createInputs/WindNinja/wrfout_d3.2015080912.f21/cougarCreekFire_08-10-2015_0900_217m_non_neutral_stability_ang.asc
ncols	146
nrows	140
xllcorner	610065.000000
yllcorner	5095217.000000
cellsize	216.586807
NODATA_value	-9999.000000
[rows 45 to 89 of 140, columns 0 to 95 of 146]
138 154 230 325 312 326 312 330 348 329 286 339 2 11 12 13 7 21 34 41 42 34 28 19 21 25 23 24 24 25 15 1 352 342 332 325 325 333 328 317 310 324 315 312 317 316 322 334 337 337 328 317 312 308 311 317 341 339 333 332 340 351 354 355 355 356 343 347 5 352 326 348 350 349 351 357 30 8 345 314 37 42 46 51 57 61 64 65 65 64 70 74 67 62 21 60
244 244 249 311 320 329 318 316 316 290 334 351 8 5 6 8 14 33 35 40 39 27 16 8 10 13 17 21 21 23 13 3 356 348 336 327 327 327 324 331 334 328 325 327 334 327 334 334 326 323 341 332 321 319 322 331 346 347 344 347 353 357 358 359 359 347 2 5 349 11 17 20 22 351 355 2 35 8 3 341 326 40 50 54 58 62 65 66 66 65 13 74 69 63 62 61
246 248 255 325 325 319 287 317 319 323 343 358 5 8 16 28 353 353 31 31 28 14 5 3 7 11 15 16 18 19 14 7 359 350 339 331 330 332 330 328 338 333 336 339 335 348 344 333 347 348 348 337 326 321 324 333 343 348 352 356 353 354 354 355 3 5 356 357 14 17 21 360 355 355 360 2 38 42 42 0 324 40 52 58 60 63 66 67 67 66 66 70 73 38 66 65
250 253 273 308 282 283 278 321 327 333 351 355 2 15 17 341 348 353 25 21 18 5 1 7 10 14 17 15 18 22 17 11 2 352 339 341 332 336 336 339 339 341 343 345 334 332 325 345 346 350 347 341 343 344 342 343 348 353 359 4 7 7 7 7 8 10 15 17 3 0 355 332 356 355 339 356 3 43 357 10 350 327 55 64 64 65 66 68 69 68 67 69 36 73 34 31
253 258 265 267 282 309 320 330 328 338 346 354 2 2 333 10 7 8 3 10 11 2 3 8 6 10 11 12 18 13 16 7 1 354 342 344 342 336 335 338 341 336 346 348 352 335 347 340 342 346 345 347 350 351 350 352 354 355 1 6 11 13 13 12 0 359 358 355 335 334 339 3 0 2 6 360 355 357 46 37 10 345 57 70 72 70 69 69 70 70 70 69 71 35 35 33
256 259 263 277 315 324 319 324 325 335 355 1 1 6 357 353 355 354 356 4 5 2 1 358 358 0 3 10 7 8 11 4 358 354 346 348 346 339 337 337 337 335 337 346 355 357 353 352 352 351 352 356 357 355 353 354 353 355 357 1 12 17 19 17 16 16 17 19 22 25 27 29 30 7 4 12 43 44 47 16 50 52 60 71 78 80 76 73 71 70 71 70 71 74 73 70
256 257 274 315 324 323 323 323 323 339 336 314 357 352 319 345 348 351 356 1 0 1 359 351 356 2 11 19 9 4 7 1 356 353 348 353 346 345 342 340 335 333 334 336 347 350 358 3 3 3 4 4 2 2 360 351 351 358 357 0 4 7 20 21 22 23 8 23 348 10 22 11 10 16 14 44 47 49 52 18 55 56 59 67 347 80 83 80 75 72 71 71 71 71 72 71
255 257 283 322 319 319 317 316 323 337 345 338 332 332 333 338 343 349 354 356 356 2 2 351 1 13 13 12 6 4 1 356 354 353 349 1 355 352 346 340 336 336 338 338 340 346 349 356 360 10 10 6 3 2 356 350 354 358 1 4 6 352 10 23 29 32 31 31 20 23 43 44 45 46 48 50 53 56 58 57 14 59 61 65 68 121 35 82 82 77 72 70 70 70 70 72
257 278 315 325 321 317 313 311 323 331 328 294 319 324 333 339 342 349 350 352 352 356 354 351 9 9 4 4 1 357 353 353 348 353 0 5 1 354 346 341 339 341 339 340 343 343 341 344 348 359 1 360 359 354 347 349 3 8 7 10 13 15 19 23 27 30 41 28 25 23 30 34 32 28 22 19 358 28 10 60 62 64 34 45 68 66 70 76 78 78 75 73 72 70 69 70
258 283 314 313 313 312 321 314 321 324 289 290 320 331 337 340 344 351 351 350 348 347 347 349 358 357 352 349 351 354 349 349 339 353 2 359 354 349 347 345 343 343 339 336 335 330 331 331 332 334 347 354 350 345 342 353 15 23 22 24 25 25 27 28 26 28 33 30 22 15 356 358 21 53 26 25 33 57 31 21 10 11 14 66 66 87 68 88 72 76 78 46 74 72 71 69
256 287 311 308 291 317 330 319 311 309 283 289 327 332 332 332 339 342 339 338 336 336 336 340 343 340 338 343 349 351 348 343 336 352 354 356 353 355 352 348 350 349 341 347 339 334 316 316 326 334 334 339 351 342 350 15 36 38 34 34 29 13 6 23 38 40 358 8 25 41 41 43 16 14 56 57 31 9 97 59 89 60 66 66 66 69 71 71 71 70 72 74 74 74 75 72
258 290 311 306 308 347 340 316 283 292 283 318 304 331 331 331 331 333 329 324 324 324 330 338 340 340 347 352 350 342 342 347 340 352 352 351 349 349 345 354 349 349 344 352 341 332 322 322 331 319 331 339 337 350 359 14 27 19 11 6 18 42 32 32 34 36 46 42 40 40 42 33 21 64 57 61 64 61 58 59 45 65 69 71 71 34 72 73 72 70 69 84 71 105 66 72
264 284 323 332 354 357 303 298 286 295 316 330 321 330 336 332 332 329 315 315 322 322 331 343 344 346 354 351 348 339 347 351 338 348 357 354 352 345 333 347 345 343 344 341 335 339 319 318 322 329 331 316 343 344 351 336 329 39 37 51 41 31 32 33 37 40 42 42 43 46 50 55 65 57 57 60 60 58 58 73 80 93 108 71 75 74 73 74 74 73 72 56 53 77 72 83
264 269 344 329 316 301 308 276 276 322 330 330 318 351 358 313 305 307 306 308 331 333 346 348 348 354 354 348 343 345 352 340 341 347 354 354 346 344 351 348 341 336 339 342 338 348 340 334 333 332 332 334 329 334 316 17 47 38 32 35 31 36 55 46 42 40 48 51 53 55 58 85 61 59 57 58 58 59 64 71 67 68 96 100 107 104 62 75 27 74 73 73 73 72 71 59
256 267 313 305 305 316 265 274 309 335 331 330 354 276 281 304 310 310 312 315 335 335 338 341 346 360 354 346 344 355 336 336 347 346 347 358 339 340 343 353 347 340 342 341 341 339 339 336 343 347 350 353 350 353 13 30 32 34 43 46 46 45 41 41 44 49 48 52 69 81 60 61 61 58 57 58 60 63 60 70 76 68 86 92 94 70 96 93 73 51 73 75 37 52 73 58
246 262 350 338 329 273 254 305 338 294 282 259 257 265 293 301 303 302 308 317 334 331 332 335 351 354 348 343 351 357 333 342 343 342 345 346 355 339 341 344 348 345 342 339 338 337 339 349 353 0 343 358 1 0 6 17 26 26 28 38 49 54 53 54 54 45 62 61 64 63 59 58 59 58 60 61 51 50 65 67 68 53 55 55 58 61 57 68 61 49 48 35 75 52 41 62
252 307 343 321 308 263 249 335 291 267 251 257 282 289 295 297 296 293 298 309 329 326 332 337 351 350 347 347 350 348 343 337 340 340 338 339 352 340 342 339 343 344 343 339 336 337 333 333 347 340 345 344 341 342 1 5 11 18 27 34 41 47 56 66 66 62 61 62 63 62 60 59 60 61 55 53 64 64 66 68 70 71 72 73 73 75 49 49 48 51 56 53 76 44 76 76
315 355 344 315 306 302 307 272 249 235 244 278 287 293 295 293 288 284 291 316 326 322 324 334 346 349 348 348 345 341 338 339 321 341 331 336 338 340 343 343 344 341 344 344 337 339 337 331 332 332 337 339 345 1 354 354 2 20 34 39 42 45 50 56 56 53 55 58 59 60 61 62 62 62 58 64 64 66 67 68 70 72 72 73 47 47 47 45 45 48 53 58 57 60 55 47
52 37 282 283 310 281 235 228 232 262 275 281 288 293 292 286 276 275 288 317 319 318 320 329 340 347 349 345 339 338 340 323 322 337 331 337 342 341 344 342 342 336 334 341 336 337 341 342 341 336 337 343 342 3 353 351 3 23 36 43 47 50 53 56 56 55 56 60 62 64 64 64 64 65 50 65 66 68 70 71 72 74 75 46 47 50 48 46 50 49 53 65 92 88 89 90
198 193 238 248 250 243 236 237 264 277 284 287 289 290 286 277 263 274 296 314 312 321 319 326 333 343 349 342 334 335 331 334 326 334 335 340 344 342 345 344 340 334 331 336 338 332 335 341 351 346 341 340 338 341 358 352 3 25 41 50 56 60 62 62 62 62 64 66 68 69 67 67 68 70 71 71 72 74 50 49 43 43 46 47 48 48 46 45 46 50 55 56 64 61 55 66
280 128 226 239 262 258 255 266 278 285 291 293 287 280 272 264 256 275 315 308 298 326 321 324 331 341 349 327 334 333 330 328 327 331 336 343 346 342 345 349 343 337 332 333 337 331 333 332 339 359 340 339 342 346 1 356 5 27 45 56 64 70 71 70 68 68 69 70 71 71 69 69 71 73 73 73 74 76 76 77 78 77 72 67 71 57 47 44 49 59 46 96 93 91 93 74
82 141 206 248 260 269 274 280 284 287 292 292 283 269 260 255 266 287 312 307 310 318 311 317 331 344 333 325 319 317 326 324 330 336 338 343 349 343 347 342 343 338 327 328 333 331 333 327 328 336 354 344 348 2 3 1 9 29 47 58 66 72 75 75 73 72 72 73 73 73 72 53 53 74 74 59 73 73 74 76 77 77 78 90 100 80 81 83 113 102 99 78 91 71 40 73
162 188 223 260 274 281 284 285 286 287 295 286 280 270 262 256 266 293 314 307 312 292 300 317 334 349 335 323 331 327 323 323 331 343 346 343 346 341 350 345 345 343 336 343 333 326 328 325 319 338 345 338 344 345 5 6 14 30 46 59 69 74 77 78 77 76 76 77 76 75 61 57 55 77 78 78 77 76 78 80 80 43 47 39 52 57 74 85 103 103 80 90 54 79 77 76
180 189 272 282 284 285 292 285 285 284 282 279 276 271 266 257 264 312 309 307 310 306 306 316 330 337 331 317 323 322 322 317 331 348 350 345 346 340 347 345 352 349 341 342 344 347 335 329 326 332 337 333 340 344 341 359 20 35 54 64 72 78 82 64 81 79 78 81 82 79 77 76 62 77 51 81 82 81 48 51 81 84 86 112 97 59 62 90 83 83 85 106 95 71 70 76
81 54 321 290 285 283 283 283 283 281 277 274 272 268 273 256 266 316 305 302 309 302 304 313 335 343 310 308 320 321 329 327 328 344 351 352 349 341 345 342 349 343 344 343 349 352 341 331 324 324 329 334 342 347 356 332 8 55 78 75 76 80 84 86 85 81 80 83 87 86 83 80 62 78 78 52 60 73 84 86 87 87 88 90 91 90 88 86 85 88 89 86 84 99 77 74
71 80 290 289 283 279 279 281 281 287 273 270 268 265 262 256 268 314 305 301 306 309 310 315 354 331 301 303 317 321 330 327 327 339 348 352 348 344 347 341 332 336 341 345 351 352 334 336 330 335 336 329 340 354 354 7 352 46 104 93 83 80 81 84 84 83 82 64 88 90 88 85 59 54 54 54 53 74 85 100 87 88 89 90 91 89 87 85 85 88 89 86 86 84 79 77
340 292 287 295 282 277 277 291 291 287 283 280 276 270 261 255 272 315 302 300 299 310 310 309 316 317 299 308 314 320 326 322 319 335 342 345 344 345 349 327 335 343 335 347 345 345 349 330 331 331 336 342 343 352 351 358 29 5 108 114 99 88 83 81 81 81 83 86 70 89 89 87 57 57 56 55 60 63 70 71 88 88 55 89 88 86 84 83 83 83 83 82 81 80 78 77
303 290 288 297 281 278 278 292 290 287 286 283 269 266 260 240 273 311 300 299 304 306 308 320 316 291 295 308 312 318 323 314 308 334 342 342 337 339 350 322 331 340 332 343 341 338 324 342 337 342 339 344 342 8 353 345 57 88 23 120 117 102 92 86 84 84 85 87 88 88 67 64 62 76 74 89 66 68 65 63 74 64 49 87 88 84 81 81 82 82 81 80 35 77 76 77
284 288 302 296 281 278 278 291 287 286 285 285 271 271 257 230 274 307 300 298 305 307 296 313 305 282 313 313 290 315 317 307 307 339 313 336 328 327 350 319 333 340 334 339 341 336 330 330 334 334 340 342 340 47 6 46 72 90 102 117 123 114 101 94 91 92 93 92 91 90 82 78 73 75 70 57 65 64 60 64 75 66 57 87 89 86 81 81 82 83 83 81 78 76 52 58
298 300 299 295 280 278 290 288 285 284 285 285 285 269 255 236 272 319 286 298 300 275 302 324 281 278 305 293 289 308 307 303 319 307 305 327 323 326 349 315 315 336 345 333 337 337 331 321 333 341 328 333 339 29 95 11 80 97 104 87 126 123 110 100 96 98 99 77 73 68 75 66 63 62 60 59 66 65 62 91 62 68 52 23 88 88 85 43 45 85 85 83 80 78 44 81
297 300 309 293 290 289 290 288 287 287 283 270 285 266 256 241 278 262 272 298 293 272 296 290 277 317 308 310 312 310 304 305 324 292 324 315 311 330 342 327 309 333 338 322 321 343 339 339 327 342 332 341 351 48 123 73 24 43 112 338 124 127 117 106 101 100 100 99 82 63 68 67 64 62 62 60 62 63 61 59 55 61 86 75 27 88 89 50 65 44 88 87 86 82 42 84
300 306 297 291 289 290 291 289 290 272 271 271 271 283 256 241 310 281 288 291 293 272 273 266 313 318 315 309 302 305 301 306 295 292 308 279 304 323 331 309 316 332 337 333 291 303 319 316 322 349 349 348 359 83 87 90 49 26 113 121 99 126 120 111 106 104 103 82 99 70 64 67 65 64 62 67 61 64 59 51 25 59 83 83 32 87 54 39 46 87 88 34 89 87 83 45
299 304 296 291 290 294 293 291 301 275 275 273 271 281 258 241 321 288 290 292 284 269 263 290 303 316 315 312 307 302 295 303 283 312 301 266 293 318 319 279 322 328 339 325 268 263 337 159 307 358 8 0 26 97 103 102 63 121 116 117 37 124 120 115 111 88 86 84 85 78 59 63 65 63 62 96 65 54 89 63 39 47 40 43 26 87 49 58 39 63 87 88 57 88 88 84
305 304 295 291 292 292 298 292 292 277 277 273 267 278 258 248 320 285 294 283 261 259 266 257 258 315 315 313 312 303 265 290 298 299 299 230 291 314 267 250 301 313 333 311 334 224 320 312 278 351 22 359 24 112 116 113 123 52 100 134 130 91 121 119 116 90 107 83 103 100 99 77 56 57 61 95 93 90 88 41 42 85 39 27 25 87 90 42 36 36 29 87 88 75 55 89
301 303 295 291 293 305 296 291 300 275 288 268 284 261 256 275 262 265 284 259 259 260 286 254 253 320 315 312 314 309 291 283 295 294 296 261 228 320 251 247 286 303 311 282 205 3 68 130 293 267 16 337 358 108 151 142 132 39 97 131 115 125 81 90 120 114 108 106 105 102 99 97 97 64 55 59 93 90 87 84 30 86 50 40 27 88 91 89 88 88 89 36 46 85 48 53
305 302 295 292 296 293 285 300 297 288 268 305 263 260 254 287 261 264 264 262 261 284 254 247 247 325 322 299 308 313 302 291 299 289 284 257 259 316 234 256 301 288 291 311 229 160 74 172 166 157 324 252 330 156 158 141 129 124 101 120 115 114 115 2 121 118 110 107 106 106 103 100 98 97 60 38 92 91 59 84 16 37 90 50 29 30 92 92 90 89 53 56 54 60 93 95
306 299 295 277 301 294 291 286 295 298 268 266 266 261 254 263 259 260 261 261 283 276 249 242 242 323 332 271 294 304 306 300 294 293 282 277 287 237 231 282 294 234 292 284 298 9 118 177 175 158 144 264 350 163 160 137 128 126 127 124 119 117 115 116 76 120 115 109 108 108 106 74 98 95 93 91 92 92 89 87 85 11 92 93 45 36 34 43 58 94 45 42 56 63 93 94
305 299 295 292 308 294 294 275 291 290 268 268 266 261 256 267 258 258 258 291 284 249 243 237 239 326 282 252 296 292 311 276 296 291 293 269 296 217 228 281 263 234 226 270 263 321 147 174 179 259 175 144 154 166 155 137 133 132 134 132 69 123 118 115 117 120 118 49 111 75 107 104 61 96 92 92 15 95 44 90 88 89 31 97 96 51 36 74 31 60 59 51 63 66 39 93
301 298 297 297 299 297 292 274 292 291 267 268 265 260 287 260 261 260 259 300 287 246 241 237 286 314 260 260 292 273 300 272 296 300 292 296 234 215 273 275 224 270 273 270 281 283 72 172 178 155 288 321 166 160 146 139 139 105 98 136 132 92 123 117 113 119 116 78 110 109 108 106 55 68 66 95 37 40 41 95 92 92 37 42 66 65 59 42 82 48 54 45 43 62 66 96
305 297 300 303 296 299 277 274 297 286 268 269 287 262 263 264 262 260 284 288 251 247 242 241 243 303 273 269 275 262 295 265 289 309 309 303 228 228 285 211 214 207 247 282 274 291 359 174 175 153 304 170 167 152 144 144 142 140 139 139 136 95 130 87 117 116 84 76 69 108 106 105 46 55 40 34 36 19 30 102 33 98 96 68 44 67 65 65 64 52 62 86 99 91 52 101
306 301 302 298 298 299 296 292 301 269 269 269 266 289 288 263 299 303 297 287 248 244 241 240 269 286 268 265 274 253 280 268 291 303 313 266 242 240 198 213 212 204 195 218 249 289 192 133 175 174 274 150 163 154 152 150 85 146 145 143 138 92 135 132 358 359 74 74 74 60 67 107 114 66 29 42 38 25 44 90 29 40 46 76 84 57 60 54 64 67 54 63 66 105 101 105
304 304 301 297 304 302 299 299 297 271 270 267 263 300 306 300 295 301 253 252 248 242 239 236 290 241 252 257 267 270 278 212 277 261 311 260 287 281 208 208 206 200 195 190 306 284 320 179 177 176 167 271 315 160 158 155 153 117 152 148 142 139 140 136 51 1 64 72 64 59 116 350 348 60 42 28 31 38 87 105 104 133 39 50 74 55 66 103 102 94 57 101 99 98 98 100
308 305 301 301 305 300 280 278 276 274 272 268 262 306 304 307 300 289 255 252 247 241 236 266 286 261 247 249 264 274 236 224 270 219 280 265 289 264 185 206 207 201 193 157 160 295 40 180 143 150 135 312 183 164 162 160 157 155 155 126 111 113 144 139 49 122 63 70 62 65 63 68 62 111 112 57 63 20 30 79 145 105 91 55 84 83 73 77 102 101 99 97 97 97 98 98
311 305 301 306 308 308 301 302 278 276 274 269 265 289 313 308 304 256 254 249 243 238 233 299 292 238 212 217 257 246 226 237 272 215 248 244 263 266 203 207 208 200 191 167 169 218 202 152 151 178 153 201 167 278 146 164 153 147 157 131 121 118 116 144 48 3 43 54 48 54 62 60 34 335 112 108 107 107 109 83 94 98 95 59 82 75 81 104 103 100 98 98 98 97 97 96
309 305 310 310 307 305 305 304 277 276 274 292 266 264 317 309 309 254 251 246 239 235 231 303 213 233 232 227 259 243 229 250 267 215 209 260 247 248 203 203 201 259 191 177 173 224 240 161 157 156 156 160 169 167 156 167 150 151 128 139 93 130 125 108 17 5 345 26 2 14 54 49 57 53 71 324 21 118 106 146 139 140 107 105 123 102 101 103 102 100 99 98 97 96 96 95
