examples/cougarCreek-fire/createInputs/WindNinja/wrfout_d3.2015080912.f21/cougarCreekFire_08-10-2015_0900_217m_non_neutral_stability_vel.asc
ncols	146
nrows	140
xllcorner	610065.000000
yllcorner	5095217.000000
cellsize	216.586807
NODATA_value	-9999.000000
[rows 0 to 34 of 140, columns 0 to 78 of 146]
13.53 7.71 5.45 4.76 7.76 2.41 1.17 1.43 2.52 3.91 5.31 6.74 7.26 6.48 5.49 5.01 2.88 3.59 4.58 4.01 3.51 4.34 5.94 7.13 7.07 5.63 4.77 5.46 5.56 4.22 3.84 6.36 6.05 5.85 6.18 6.40 6.08 5.71 6.02 6.90 7.43 7.42 7.70 8.37 8.66 8.32 8.49 9.52 10.18 14.08 11.09 23.07 13.80 17.15 15.69 15.15 17.47 29.36 16.52 14.94 13.85 19.06 14.09 13.81 14.81 19.09 16.57 17.98 21.25 22.87 21.25 18.32 15.47 13.59 13.94 16.35 19.71 23.16 24.99
13.53 7.71 5.45 4.76 7.76 2.41 1.17 1.43 2.52 3.91 5.31 6.74 7.26 6.48 5.49 5.01 2.88 3.59 4.58 4.01 3.51 4.34 5.94 7.13 7.07 5.63 4.77 5.46 5.56 4.22 3.84 6.36 6.05 5.85 6.18 6.40 6.08 5.71 6.02 6.90 7.43 7.42 7.70 8.37 8.66 8.32 8.49 9.52 10.18 14.08 11.09 23.07 13.80 17.15 15.69 15.15 17.47 29.36 16.52 14.94 13.85 19.06 14.09 13.81 14.81 19.09 16.57 17.98 21.25 22.87 21.25 18.32 15.47 13.59 13.94 16.35 19.71 23.16 24.99
20.91 10.97 7.35 12.10 18.75 14.28 4.57 2.01 10.58 12.03 10.92 10.25 7.41 2.81 8.63 7.36 9.53 3.30 3.45 3.95 3.52 4.33 5.92 6.63 6.58 6.10 9.94 10.23 6.21 6.62 6.76 15.33 4.65 5.98 5.38 6.03 17.25 16.95 10.01 19.71 17.79 20.77 21.45 22.06 21.37 12.45 20.65 22.68 21.37 23.36 23.93 26.91 25.15 16.27 15.69 16.29 18.61 28.81 15.84 16.57 24.21 28.24 25.09 26.92 24.76 28.62 16.79 19.13 27.90 23.40 21.76 18.10 22.52 14.80 16.40 23.54 26.20 22.61 24.20
17.70 13.50 9.33 17.41 17.29 14.05 15.14 11.62 10.45 2.27 11.37 11.88 3.11 2.57 8.34 6.27 10.23 10.25 9.24 3.28 3.36 4.01 3.11 6.27 5.92 5.14 12.40 11.13 4.55 5.18 15.83 15.40 13.92 15.47 15.14 13.51 15.78 18.67 19.24 21.41 20.46 20.98 20.55 21.47 21.38 22.36 25.07 22.93 25.33 26.25 25.92 24.07 22.83 16.97 14.84 16.01 17.78 27.56 26.73 29.81 29.29 29.43 28.82 30.07 28.63 29.83 19.23 31.73 27.01 23.13 25.68 26.54 17.77 19.80 22.40 28.74 28.83 22.68 23.08
13.01 19.75 10.79 17.53 18.68 15.01 6.35 11.64 3.67 4.53 12.38 13.51 3.09 2.96 3.10 10.22 12.82 10.79 12.05 10.68 2.25 2.96 5.09 14.29 5.67 4.28 4.43 15.73 14.61 15.36 15.43 15.43 16.85 16.39 19.01 17.52 17.85 21.69 20.04 20.68 21.95 21.47 22.90 23.39 21.83 23.52 26.67 27.16 27.60 26.20 26.24 24.65 23.83 17.42 17.01 17.68 28.96 21.83 30.83 17.77 27.33 35.47 33.28 30.97 34.30 21.47 33.68 24.81 23.88 27.08 31.24 21.32 23.95 26.40 32.95 28.17 24.71 22.87 23.46
19.09 17.01 11.10 17.00 18.43 17.76 16.65 16.55 14.36 11.77 10.38 13.05 7.72 3.11 4.95 4.47 14.89 11.30 11.00 4.51 3.28 2.25 4.62 12.76 16.35 4.12 5.55 17.71 17.16 17.57 17.42 20.49 18.50 18.63 21.22 18.97 20.37 22.31 24.24 23.20 24.50 23.38 24.32 24.58 24.91 26.21 26.74 27.80 27.91 26.16 25.11 24.83 22.31 16.98 22.88 29.18 29.69 23.26 17.25 32.22 30.11 33.80 30.91 35.10 23.81 35.10 30.26 24.85 28.54 34.34 22.07 31.84 33.45 27.99 27.12 24.57 25.50 21.20 23.18
24.47 17.05 10.02 10.07 16.48 16.48 15.64 7.46 15.28 15.56 12.70 11.42 14.15 4.71 2.99 6.16 16.86 13.60 4.89 4.02 3.64 2.58 3.08 5.53 18.41 4.56 20.27 17.39 19.71 19.81 17.84 21.48 21.22 19.75 21.53 19.87 21.58 24.46 22.15 23.83 23.64 25.85 25.49 25.41 27.08 23.45 26.45 26.33 18.38 18.68 18.77 18.81 24.14 26.13 28.18 27.39 28.19 30.28 29.11 29.47 30.16 25.00 26.20 34.83 27.35 29.18 29.27 30.72 36.40 24.23 34.39 30.74 24.78 22.85 21.47 27.85 20.81 20.98 21.90
24.08 21.94 18.38 16.39 16.27 19.23 18.56 15.42 13.13 6.57 13.09 11.57 13.24 9.33 8.63 6.77 14.35 13.56 15.33 3.93 4.30 4.23 4.68 6.18 18.53 6.16 7.49 23.22 20.29 9.75 20.94 24.29 20.43 21.64 23.59 20.68 23.74 25.22 25.29 24.19 25.36 26.46 27.03 25.31 25.41 24.52 22.26 17.11 16.98 17.38 25.57 27.42 26.85 26.53 27.55 27.19 28.42 27.07 27.97 26.62 24.37 24.44 31.58 18.09 29.84 26.51 26.83 31.58 35.03 33.87 24.99 22.82 25.12 28.83 18.19 27.61 20.24 19.96 20.58
25.54 21.85 18.60 17.39 16.49 19.03 19.64 18.00 16.57 15.08 15.47 6.71 7.19 15.74 5.18 3.78 6.64 14.74 13.84 4.20 4.64 5.41 4.94 6.78 21.25 7.78 9.00 24.25 20.81 19.98 21.93 24.49 22.51 23.36 25.94 22.79 25.77 26.52 26.42 27.69 29.98 27.88 29.88 31.15 18.66 26.79 25.51 21.99 27.56 27.02 28.80 27.94 24.71 25.11 22.55 24.69 27.69 25.36 23.17 20.76 24.11 26.72 28.21 28.92 24.57 23.03 24.12 28.87 29.21 26.06 21.59 32.97 26.45 17.77 27.66 26.28 16.89 17.45 20.30
26.25 22.01 18.28 17.62 15.25 17.86 18.21 18.88 17.98 15.48 15.17 15.15 13.41 14.68 18.49 7.81 6.88 5.84 17.43 4.56 4.20 6.04 5.42 6.81 8.89 24.07 9.91 24.26 26.44 23.33 22.96 26.76 26.21 27.06 28.04 25.65 27.85 29.18 27.10 29.59 32.54 31.79 33.64 28.66 30.95 21.07 28.30 29.91 27.24 28.99 28.40 23.97 24.29 25.20 29.15 28.26 27.66 25.49 23.60 26.39 27.89 14.73 26.73 23.60 23.16 25.02 26.14 28.00 26.09 25.05 29.07 20.07 20.86 30.01 30.21 16.91 16.11 18.44 22.04
20.57 25.91 22.64 17.88 16.75 15.12 14.85 17.34 17.33 16.31 16.31 14.97 14.02 13.54 7.84 7.52 6.53 6.86 18.20 15.01 5.23 15.38 6.04 6.26 8.49 23.83 10.20 23.70 26.54 23.15 24.21 29.74 27.72 29.63 30.78 29.85 32.48 31.91 30.88 34.27 31.68 32.21 20.79 29.83 29.27 21.88 30.32 28.62 28.99 25.10 20.49 24.38 30.10 29.67 29.64 30.18 29.36 26.97 29.16 27.33 21.66 27.23 23.04 21.51 24.42 23.93 23.04 23.95 22.85 22.77 26.93 26.01 29.57 28.11 30.85 18.81 18.53 20.97 23.05
21.05 26.88 25.20 23.23 20.44 17.81 14.95 15.72 17.88 18.46 17.51 16.57 16.38 14.71 14.96 16.16 3.93 7.80 16.00 17.77 5.45 16.88 6.54 6.17 8.31 18.21 11.90 28.00 29.42 25.04 26.39 31.77 30.76 32.68 32.80 31.21 31.94 32.10 33.20 32.29 33.58 17.57 29.80 18.56 19.02 19.95 29.22 29.22 25.92 23.36 26.75 29.01 30.79 31.37 31.40 30.82 30.27 28.99 29.09 22.97 27.23 23.70 21.14 22.71 22.29 17.25 17.33 17.86 18.04 17.50 19.46 21.30 16.54 28.15 20.37 20.47 20.87 21.85 21.68
23.30 22.05 23.15 22.38 22.04 18.50 16.64 13.59 14.49 18.96 18.23 17.67 17.70 19.06 8.33 6.59 5.08 19.04 16.16 19.09 16.70 18.47 19.67 7.07 7.45 10.09 13.01 26.55 29.74 19.36 29.06 29.82 31.32 18.46 32.53 31.51 32.08 31.39 29.79 17.75 33.31 17.94 17.69 27.38 16.85 25.89 29.82 25.43 25.23 25.59 28.85 31.27 29.69 30.21 30.74 30.68 29.50 28.88 28.17 27.93 19.73 17.61 19.52 18.12 15.95 15.01 14.33 14.69 15.13 15.01 14.70 14.81 22.31 27.08 18.36 20.36 21.73 21.47 19.98
18.30 19.06 16.02 17.85 19.83 18.21 16.08 9.93 12.35 13.24 14.69 18.16 19.17 21.18 11.32 9.06 6.07 16.50 18.86 17.56 17.25 17.33 18.87 18.13 7.41 10.02 25.71 30.27 27.04 18.87 25.31 28.99 30.19 32.11 30.56 29.72 31.79 32.46 18.75 19.70 30.13 19.06 17.57 16.25 23.61 29.73 29.89 27.22 26.19 29.52 30.69 30.50 28.10 29.33 27.11 26.01 25.22 22.82 23.27 20.14 14.39 15.68 15.22 14.95 14.78 13.87 16.16 16.02 16.80 19.33 13.20 15.51 16.64 17.09 18.07 19.20 19.46 18.44 17.57
15.94 12.45 14.55 13.39 14.57 15.18 15.97 14.54 10.41 10.74 12.09 12.49 15.45 17.74 23.16 11.54 8.61 7.87 20.15 19.25 19.18 18.72 20.36 23.27 9.61 11.88 26.38 26.59 25.27 16.12 23.46 27.14 30.99 30.12 29.90 27.53 30.97 31.05 17.37 18.94 19.35 18.20 17.06 23.45 30.25 29.49 30.27 23.99 24.90 28.95 31.23 30.55 30.41 30.17 28.21 27.22 23.92 21.18 20.28 17.93 15.08 15.09 15.78 13.73 15.89 20.20 20.97 21.21 21.01 12.59 18.71 15.99 15.44 14.80 16.92 16.68 15.58 14.33 14.61
10.74 12.21 13.98 13.77 13.68 15.83 17.66 16.11 14.44 10.00 7.39 10.19 14.37 14.18 16.36 22.76 14.98 13.76 25.40 23.00 21.64 21.54 22.23 24.39 27.57 28.22 27.99 27.62 23.51 14.69 23.64 29.09 29.91 15.36 28.56 28.92 27.49 15.08 15.52 15.91 24.60 16.78 17.49 25.83 30.99 29.21 24.14 23.26 24.68 31.40 29.98 30.13 29.05 26.67 26.95 25.33 21.29 22.14 21.55 18.97 18.63 19.53 20.19 20.68 21.16 20.74 20.40 21.95 16.87 20.08 15.56 15.04 13.91 14.14 14.51 14.30 13.36 12.81 13.74
11.42 11.59 13.31 15.85 14.37 13.88 16.20 16.15 15.26 14.61 11.83 12.02 17.19 19.02 16.38 15.07 17.12 25.86 26.48 27.00 27.02 27.72 26.66 14.11 28.98 30.16 29.35 22.58 14.15 19.28 25.14 28.56 25.98 31.18 27.40 29.57 14.65 14.98 15.26 30.19 16.00 16.94 17.74 18.67 26.19 24.29 23.36 24.41 27.89 31.44 31.46 27.00 24.19 24.80 25.71 17.78 19.80 19.46 21.80 19.72 16.96 19.62 19.96 19.33 20.01 17.33 19.69 20.74 17.99 9.95 8.05 13.02 11.69 11.81 12.78 12.73 11.93 11.94 11.86
13.48 11.05 10.96 14.37 14.52 11.87 11.52 14.30 15.40 15.21 14.44 11.97 14.20 15.27 14.67 10.95 12.43 14.89 19.32 16.40 23.47 24.62 23.86 13.86 28.32 29.58 28.52 20.63 13.15 20.97 27.98 28.36 29.02 30.19 27.70 27.64 15.49 15.85 16.10 30.17 16.62 17.44 18.11 25.39 24.84 24.12 23.90 28.79 29.27 31.08 26.74 21.60 21.70 24.88 19.89 17.91 22.08 18.01 19.62 22.31 19.64 19.07 18.44 19.42 19.42 12.83 11.62 9.15 7.88 5.88 8.37 13.00 12.97 9.47 7.07 5.96 10.69 10.56 10.83
19.40 15.80 13.97 15.13 17.79 16.96 14.25 15.83 17.80 18.06 17.02 13.77 11.49 13.64 16.76 15.72 13.58 15.04 18.10 17.09 19.80 24.70 21.22 25.03 27.84 31.25 26.75 19.68 19.90 24.49 28.36 27.57 30.27 17.87 28.16 28.02 17.17 17.90 28.75 32.01 29.58 30.46 19.19 19.62 26.03 29.15 29.25 29.18 31.26 27.00 24.03 21.95 25.58 26.55 22.37 23.43 23.18 22.61 22.23 21.18 20.73 19.58 18.64 16.97 14.02 10.89 8.13 10.61 3.77 9.56 13.41 12.84 12.62 11.38 11.21 7.56 4.41 10.05 9.72
23.92 20.30 16.93 16.89 18.86 18.51 16.05 15.40 17.71 18.49 17.21 13.42 13.54 13.67 19.14 17.93 19.12 17.81 18.92 18.53 16.97 21.84 18.74 26.82 28.08 30.45 17.61 19.77 24.33 27.35 27.54 29.32 25.10 27.81 16.89 17.53 19.00 20.08 30.03 32.26 32.51 30.91 20.91 20.76 27.28 30.14 29.79 30.02 25.15 22.58 22.96 27.61 18.09 27.62 23.35 23.50 23.93 23.14 22.48 22.73 22.73 19.88 21.67 18.12 16.60 13.93 14.73 14.44 10.70 12.34 12.16 10.13 10.64 9.92 10.10 5.09 6.53 8.25 7.45
21.27 24.39 20.61 18.68 19.87 19.60 18.12 16.89 17.95 18.99 16.30 13.51 16.37 14.36 16.19 20.38 20.59 22.49 22.37 23.19 18.13 24.49 17.24 12.61 22.47 30.04 15.83 20.09 24.54 25.83 27.45 28.79 20.63 26.44 17.11 18.51 19.82 20.64 22.08 30.31 24.34 23.99 22.77 21.58 26.66 25.56 25.66 23.91 22.84 24.71 24.27 29.33 25.95 22.79 16.83 25.61 25.13 23.64 26.17 24.03 22.66 21.25 21.44 20.28 17.50 16.82 14.19 11.25 6.92 9.53 5.32 6.74 8.46 11.83 9.98 6.75 6.49 4.53 4.72
23.62 21.52 22.09 21.41 21.59 20.34 18.46 17.39 17.39 18.61 17.74 16.45 18.20 18.62 13.86 13.96 17.08 20.66 18.88 19.78 19.42 23.29 23.12 24.35 27.50 29.49 24.22 25.33 25.51 25.58 28.76 23.79 18.55 25.51 16.88 18.27 28.80 19.53 32.51 22.39 23.38 23.13 22.14 21.16 26.37 29.33 29.60 23.65 24.93 25.70 29.08 29.67 27.78 24.54 15.24 26.03 16.75 23.08 26.31 23.93 23.90 22.41 22.84 21.85 12.86 17.57 16.02 14.57 5.72 5.45 10.65 10.17 6.51 3.54 1.93 3.12 7.43 6.70 1.63
11.70 13.01 15.67 17.70 20.21 18.97 16.35 16.38 15.96 17.90 18.07 16.21 16.12 20.33 18.31 13.10 11.28 12.88 12.97 19.41 20.16 20.86 21.89 24.54 28.00 30.70 26.56 25.14 24.43 23.67 24.63 20.20 18.83 27.16 15.30 16.59 17.75 18.83 30.24 20.49 20.50 20.28 20.19 20.03 27.15 26.20 24.69 26.01 31.44 31.32 32.37 19.08 17.73 26.57 17.10 17.56 17.68 27.62 24.52 24.58 23.61 22.92 22.34 12.57 11.32 15.43 15.70 14.49 14.86 11.42 11.98 8.84 5.57 10.36 5.03 6.65 7.21 5.79 4.63
13.28 11.21 10.81 16.63 12.62 14.50 16.19 17.41 17.87 18.84 18.30 16.52 16.61 21.09 17.50 18.04 15.94 16.34 16.53 18.62 21.45 21.53 24.27 19.90 16.76 27.20 18.93 24.25 22.01 21.68 24.96 24.50 21.54 27.85 23.55 17.03 17.87 19.22 31.69 20.07 18.39 17.95 19.14 26.10 27.56 29.69 29.17 31.90 32.22 32.43 21.31 21.24 20.91 20.99 19.44 19.20 19.36 19.24 18.95 25.31 22.60 23.58 20.94 23.04 20.92 19.77 18.78 17.23 16.74 12.89 13.75 6.13 9.65 7.94 5.45 6.28 3.55 0.21 2.04
10.85 7.29 14.53 14.66 8.83 11.09 14.03 16.35 17.88 18.31 19.94 18.49 17.21 18.26 19.06 17.63 16.99 16.47 17.29 17.40 20.40 22.41 24.20 26.60 18.61 26.57 26.08 22.80 25.07 25.47 26.70 27.47 25.37 28.90 30.72 18.46 19.31 27.17 29.27 20.73 18.95 26.41 22.37 23.36 27.45 30.26 29.69 31.23 31.84 31.87 21.58 21.09 21.26 21.09 20.02 27.66 27.63 26.73 26.89 17.28 15.69 25.47 16.99 14.81 17.19 21.37 20.41 19.07 18.58 17.30 13.37 10.72 10.20 6.83 7.14 6.29 4.31 4.51 10.03
10.20 7.02 9.75 11.38 13.72 14.90 14.39 17.50 18.40 17.78 20.23 18.13 16.86 16.73 20.16 18.28 18.65 17.62 17.67 17.95 17.57 22.04 24.43 25.28 25.91 26.59 26.44 21.26 27.65 29.44 30.38 26.11 25.06 25.43 29.76 18.63 20.64 33.48 24.67 19.52 18.33 25.45 25.16 27.52 27.44 27.50 26.44 29.58 31.44 33.44 21.06 20.22 19.81 19.38 18.78 26.14 24.77 25.01 16.32 16.46 16.26 22.28 16.72 20.40 20.92 23.53 21.91 18.67 19.39 8.89 10.74 9.84 8.10 6.24 3.13 4.70 3.57 4.98 7.29
13.29 9.73 12.77 9.59 13.71 15.08 13.03 13.44 15.82 15.74 17.79 16.61 16.01 17.47 17.75 20.05 19.86 18.55 18.40 18.43 18.46 21.65 24.48 27.19 28.43 29.25 28.73 21.35 27.98 32.01 27.33 24.30 23.62 26.86 30.56 26.40 35.69 33.74 25.79 24.90 27.21 29.67 29.07 29.74 29.50 30.86 31.67 32.95 33.70 21.50 20.45 19.13 18.62 18.35 18.33 17.68 16.56 15.75 16.42 16.63 23.56 24.42 22.88 20.82 20.02 20.51 13.71 11.66 8.94 7.16 10.33 4.73 2.78 1.23 6.15 8.92 8.38 9.54 7.87
7.65 5.74 5.66 7.55 9.08 11.14 12.37 10.70 9.29 10.40 14.74 16.44 15.87 17.44 15.51 19.12 18.65 17.74 18.82 18.65 19.51 23.85 27.36 31.55 31.56 32.02 34.05 29.28 29.83 31.73 27.79 27.72 26.94 30.09 35.84 40.43 36.98 31.10 27.77 28.48 30.59 32.43 32.32 32.21 32.28 33.21 32.66 32.90 32.70 21.06 19.91 18.46 17.93 18.21 18.20 17.82 16.93 16.63 16.64 16.74 16.31 20.97 14.17 12.42 11.21 11.72 10.52 11.31 16.84 16.68 14.86 12.79 9.68 9.03 2.91 4.65 5.05 9.41 3.36
14.11 11.74 9.53 7.63 6.89 8.78 11.52 13.40 13.14 10.22 12.06 17.24 12.47 17.41 13.18 15.40 17.26 16.97 18.97 19.26 19.97 24.86 30.89 35.43 30.39 26.48 33.84 37.01 35.57 34.67 30.49 32.80 34.46 37.66 39.33 38.66 31.77 28.75 29.70 30.56 31.61 33.88 32.97 31.33 30.69 30.52 29.09 30.31 31.83 20.77 20.38 19.12 18.70 17.74 18.62 17.72 16.90 16.28 15.37 14.18 13.63 13.12 18.86 10.77 9.87 9.01 8.80 9.62 15.52 15.82 14.79 13.52 11.92 9.14 7.60 6.92 5.19 7.92 6.18
17.18 14.66 10.73 8.07 6.97 7.21 9.91 12.95 17.97 16.11 16.55 16.84 17.71 17.54 18.22 15.17 16.72 16.84 18.79 19.46 21.05 25.54 31.89 34.28 31.15 28.59 30.72 32.28 42.44 34.29 37.05 38.82 42.20 42.91 41.65 37.28 30.67 29.85 29.54 29.94 31.26 31.19 29.89 30.28 31.54 30.99 30.16 35.16 21.28 21.95 22.59 21.65 20.22 19.13 17.88 16.03 15.10 14.39 13.74 13.11 12.99 12.70 11.88 10.67 10.65 10.49 15.83 15.60 15.40 14.08 13.16 13.96 7.92 6.12 4.56 3.72 3.07 1.81 1.66
18.75 16.83 14.15 12.60 10.34 9.35 8.02 9.58 13.22 15.14 14.16 17.26 19.28 12.14 18.90 17.82 19.38 19.71 18.99 19.07 20.65 23.10 29.81 33.36 32.04 31.83 33.03 32.79 42.16 36.35 43.83 45.24 46.07 44.88 42.04 35.19 28.86 30.58 27.31 27.79 27.83 27.26 27.52 29.63 31.51 32.68 34.90 23.64 25.08 25.46 25.13 24.23 21.99 18.74 15.88 14.53 13.89 13.54 13.44 19.31 18.67 17.03 11.13 17.34 18.16 18.06 17.27 17.10 11.31 10.93 10.26 4.03 3.87 7.35 5.77 4.27 2.87 3.13 3.84
20.88 18.59 12.24 9.25 9.10 8.23 9.22 10.03 10.96 14.06 13.03 11.27 14.03 15.55 18.65 19.18 21.59 26.52 25.68 24.25 22.40 20.70 26.07 33.05 36.17 38.73 42.28 36.41 37.30 38.03 44.23 41.11 44.91 43.49 37.28 30.60 31.81 33.55 26.52 25.03 24.06 24.33 25.56 26.43 27.42 29.28 32.04 26.94 29.05 29.12 27.04 24.73 21.68 17.70 15.83 15.41 15.28 15.23 14.54 20.73 18.59 16.97 10.92 17.91 17.62 16.59 16.88 16.53 16.26 15.67 13.72 11.74 10.96 11.85 11.45 10.45 8.86 6.15 2.80
23.58 21.86 16.99 12.14 9.62 12.31 12.49 11.27 11.56 11.10 12.58 12.18 16.12 16.63 18.56 22.33 22.17 26.06 30.41 31.03 30.71 28.10 28.98 36.15 42.40 46.25 39.10 38.85 37.70 38.10 39.19 39.67 41.53 39.64 37.73 37.40 39.00 36.43 31.75 30.18 24.58 22.47 23.32 23.26 22.66 21.65 21.36 23.12 24.95 28.11 29.71 28.98 27.04 23.92 21.52 20.21 18.78 17.02 21.99 20.52 19.43 18.89 18.08 16.79 16.43 9.08 8.81 7.99 7.40 6.49 7.36 8.51 8.82 13.66 10.61 5.15 8.91 8.43 9.07
22.84 23.20 20.63 16.09 14.67 14.40 15.04 15.07 12.86 12.62 16.09 16.25 16.30 16.49 22.25 23.92 22.98 23.97 25.19 27.54 32.98 40.98 44.28 43.57 40.64 40.46 46.88 38.60 35.54 35.90 38.48 39.83 40.29 37.94 37.75 38.09 37.37 32.92 29.51 26.93 24.40 23.45 23.02 20.70 18.17 13.13 12.98 15.19 15.71 19.26 24.84 28.80 31.05 31.21 28.82 24.77 20.21 16.67 14.74 13.68 12.84 18.75 18.33 17.35 17.39 17.71 16.83 16.63 16.32 17.03 8.28 1.50 1.72 2.43 3.45 9.68 11.05 11.96 11.42
19.11 21.86 19.01 19.36 15.22 16.51 16.53 17.17 17.00 17.12 19.74 20.23 24.39 23.44 17.98 23.87 20.63 20.14 20.16 20.66 27.37 41.46 51.78 55.45 48.18 47.22 43.36 36.88 32.67 32.64 34.59 35.81 37.51 35.89 34.52 32.84 29.92 25.32 21.67 20.22 20.82 20.59 19.32 17.36 18.47 14.14 12.41 6.88 6.60 6.65 8.41 13.72 19.02 23.26 24.26 23.20 20.15 16.56 14.15 12.29 12.02 11.49 19.20 18.95 16.71 16.48 17.42 10.61 2.60 2.17 1.94 1.47 1.44 11.89 11.79 13.14 13.26 12.49 10.99
