examples/cougarCreek-fire/createInputs/WindNinja/wrfout_d3.2015080912.f21/cougarCreekFire_08-10-2015_0900_217m_non_neutral_stability_ang.asc
ncols	146
nrows	140
xllcorner	610065.000000
yllcorner	5095217.000000
cellsize	216.586807
NODATA_value	-9999.000000
[rows 90 to 134 of 140, columns 0 to 95 of 146]
309 306 311 312 308 308 307 304 277 277 275 297 268 265 317 263 312 252 248 243 236 231 298 257 235 234 233 255 261 255 248 264 270 245 205 247 218 232 201 199 196 190 189 203 176 215 236 158 184 180 155 164 171 169 170 143 164 154 160 160 153 329 153 93 57 23 315 332 308 310 330 42 126 124 119 42 46 51 353 110 109 106 104 103 101 99 100 102 102 101 99 98 96 96 96 95
308 304 308 311 307 307 307 308 276 277 277 272 267 265 266 317 306 251 246 241 235 231 303 253 234 233 255 277 269 242 265 274 259 258 234 254 207 229 200 177 187 201 187 220 181 223 170 186 183 181 181 178 217 201 185 160 151 159 147 161 133 162 196 160 29 143 1 105 222 245 217 332 128 130 44 57 41 50 56 328 340 72 88 104 102 103 102 102 103 103 101 99 97 96 96 95
313 309 307 311 314 310 309 305 308 272 272 302 263 308 261 317 256 298 244 240 235 280 311 238 233 231 285 291 240 246 279 270 276 278 256 251 205 207 183 198 188 216 189 186 185 179 168 164 183 182 183 179 214 171 172 211 165 170 146 144 134 67 169 182 342 148 141 355 356 264 250 338 129 131 53 53 344 345 330 172 120 64 35 69 60 84 93 86 103 102 103 101 100 99 98 96
317 289 288 287 307 306 309 273 308 267 321 303 259 312 305 310 313 284 244 239 237 281 287 285 231 230 290 291 289 265 266 253 280 280 243 197 207 206 205 200 194 192 192 189 185 169 166 185 182 181 182 173 204 174 173 171 189 222 167 151 138 150 194 212 226 20 27 101 323 222 211 351 132 132 58 18 17 121 113 111 110 109 108 25 45 69 49 104 103 103 96 102 102 100 98 96
293 291 290 288 313 308 311 274 271 268 264 314 309 303 305 308 305 302 241 238 236 269 307 314 230 231 295 291 280 301 289 267 284 210 211 210 208 206 205 201 194 191 190 189 186 185 185 184 182 181 180 178 204 177 176 173 205 170 199 175 151 116 260 158 156 221 314 331 319 247 233 341 134 57 39 63 115 46 319 110 110 108 105 103 102 86 88 72 104 104 60 103 103 106 101 98
316 290 307 287 312 307 279 312 272 299 316 313 308 300 304 304 312 309 242 236 231 304 306 233 233 234 299 274 220 308 218 281 232 197 212 210 207 203 201 200 196 191 189 188 187 186 184 183 182 181 179 178 178 179 177 175 174 172 171 169 213 191 219 162 156 149 147 232 263 272 243 296 40 36 30 42 115 112 109 146 111 110 64 62 85 102 89 66 74 104 103 64 104 103 102 103
291 289 313 308 310 312 280 318 312 321 302 316 314 300 303 299 320 317 246 238 233 328 239 239 239 236 305 282 321 179 223 246 179 217 213 211 208 203 200 200 197 193 189 188 188 187 184 181 182 181 180 179 179 179 178 177 175 174 172 169 218 195 166 163 207 152 145 141 138 251 256 303 124 329 2 46 115 113 110 114 106 107 106 104 64 67 61 58 98 100 72 65 83 100 100 101
293 292 314 313 308 320 324 280 323 335 271 323 317 312 255 307 312 311 245 289 241 246 245 242 239 302 226 324 235 230 238 225 223 219 215 212 208 204 201 199 196 193 190 189 189 187 183 181 181 181 181 180 179 179 179 178 177 175 173 170 168 169 167 164 159 154 149 144 139 134 130 127 124 304 77 21 44 115 114 30 104 103 101 100 86 97 98 99 67 97 97 97 97 97 96 97
292 294 294 317 317 285 320 283 281 277 331 326 314 305 261 260 319 298 295 326 246 250 250 245 304 298 303 234 308 313 246 224 222 219 215 211 208 203 199 197 195 193 191 190 188 185 183 181 180 181 182 181 180 181 181 180 178 176 174 172 170 169 167 164 161 156 150 145 139 207 130 127 125 294 317 334 31 118 117 43 28 24 102 50 100 54 58 101 99 62 57 94 96 96 94 93
289 313 292 318 334 287 317 282 280 337 348 274 317 301 268 294 307 304 305 254 253 335 248 241 233 313 303 303 313 333 253 82 223 220 216 212 208 202 198 198 198 195 191 190 188 185 183 181 180 182 183 182 182 183 183 181 180 178 176 174 172 169 167 164 161 157 151 146 141 136 133 130 266 245 264 326 3 38 117 110 27 106 18 46 44 20 43 101 103 97 37 94 93 93 96 7
292 323 285 331 290 311 319 321 328 277 277 277 313 276 297 265 305 295 306 253 253 250 240 338 345 318 297 309 308 341 228 228 227 223 219 214 210 207 207 209 206 196 188 188 188 185 182 180 179 181 183 182 183 186 186 183 181 179 178 176 173 171 168 202 160 156 151 146 143 138 135 131 126 123 119 226 351 17 113 112 52 14 49 50 13 41 100 7 99 54 38 94 95 94 97 26
296 292 286 351 288 322 340 283 278 338 268 335 308 317 307 302 304 292 300 324 244 242 237 237 241 241 321 311 308 10 235 233 229 225 221 218 216 217 224 234 221 192 183 185 186 183 181 178 177 180 183 183 185 188 188 186 183 181 179 177 175 172 169 165 161 156 150 146 142 137 132 129 226 222 209 198 212 302 1 48 23 40 61 123 152 96 141 125 94 48 95 42 36 91 94 88
299 299 298 288 290 326 285 329 310 351 264 335 335 325 318 303 257 292 299 295 241 5 119 244 247 242 338 324 328 242 241 235 229 225 223 221 221 223 227 229 208 185 178 181 182 182 180 177 176 179 182 183 185 189 190 187 184 183 182 180 177 173 169 166 162 155 217 214 215 219 216 215 210 214 216 231 254 222 344 31 74 69 56 71 50 83 67 51 71 123 120 138 89 88 68 29
300 303 305 297 353 283 325 328 329 281 275 338 264 313 345 320 259 294 258 289 9 244 151 230 354 354 339 328 300 241 346 331 228 226 225 222 220 218 214 206 193 181 177 178 181 181 181 179 177 179 180 181 184 188 190 188 185 185 186 185 181 175 211 166 161 216 218 215 222 227 226 220 206 213 232 261 317 322 20 38 50 18 46 53 8 95 97 37 41 92 62 53 60 53 50 28
300 301 300 297 286 345 275 309 357 282 284 282 327 324 272 312 301 298 258 316 254 139 142 245 334 352 343 330 342 334 336 333 229 228 226 221 216 213 208 202 193 184 179 179 180 181 181 180 178 178 179 181 184 188 190 189 187 189 191 190 185 178 171 167 159 220 218 222 132 126 240 239 238 228 226 231 293 348 359 9 25 11 29 50 26 36 37 101 16 98 94 28 87 43 4 6
307 301 298 296 290 275 342 271 284 331 283 289 285 359 282 278 307 297 255 315 6 253 248 344 346 245 319 249 346 332 237 237 234 230 225 218 214 213 211 206 197 188 183 182 181 180 181 180 178 178 179 182 184 186 190 190 190 194 197 196 191 181 174 169 231 232 238 134 129 125 119 255 251 248 235 228 237 267 206 162 59 33 26 38 28 19 42 50 48 31 94 28 30 82 82 13
310 310 309 307 304 295 282 275 355 280 345 279 326 339 276 273 313 300 257 297 5 16 332 248 252 358 250 247 353 244 243 242 237 230 223 217 216 217 215 209 199 190 186 184 181 181 181 179 179 180 181 183 185 189 194 192 194 202 206 206 200 184 172 168 163 151 138 130 124 120 117 113 109 270 244 224 204 203 180 117 18 7 12 42 127 124 49 24 54 24 91 32 18 77 86 15
316 314 316 316 314 308 300 289 277 278 344 333 348 265 334 336 259 259 261 254 51 95 251 340 255 250 345 340 243 248 246 241 233 225 222 222 120 138 160 211 200 192 188 185 183 182 180 179 181 182 184 186 190 208 225 204 201 214 220 220 209 186 168 166 165 148 246 247 251 251 255 266 284 289 264 232 221 238 354 15 26 19 12 43 107 84 112 72 73 70 42 51 8 346 4 16
317 309 312 316 317 311 302 295 284 354 269 358 263 343 342 336 308 303 304 301 87 256 143 357 359 10 342 349 249 336 240 230 340 222 225 104 232 232 224 210 202 198 193 188 187 113 181 180 183 185 188 191 202 230 239 208 209 230 238 233 216 185 162 163 167 245 258 268 269 266 264 106 287 294 288 292 295 313 342 358 4 11 11 10 12 36 51 35 38 43 21 17 11 82 70 29
327 314 316 312 315 315 305 295 290 287 278 272 357 345 353 334 248 313 318 317 63 86 304 340 321 345 348 247 243 339 225 341 225 229 91 234 90 229 216 207 206 203 197 193 103 188 182 182 186 189 192 197 208 220 218 208 228 257 263 258 240 186 134 125 72 88 258 264 273 104 288 106 298 104 102 325 308 294 305 350 358 1 3 15 13 27 33 28 37 27 20 41 34 8 12 16
330 327 311 314 312 318 317 306 301 295 292 277 357 278 274 331 324 7 239 330 8 348 335 335 343 333 340 343 335 345 352 230 63 95 94 95 69 222 349 211 211 206 200 92 94 97 184 185 193 198 203 212 222 228 231 247 279 293 297 301 316 357 19 3 9 54 259 255 266 274 274 256 246 265 301 315 299 279 307 320 342 3 7 13 8 18 18 18 14 17 11 16 359 5 16 6
326 329 321 305 300 309 318 317 309 294 291 286 288 281 346 341 255 255 257 259 262 253 247 348 355 1 337 354 345 240 342 246 107 92 82 52 231 221 218 83 85 87 87 86 83 88 192 197 214 234 254 272 281 287 296 305 310 312 314 317 332 358 8 359 13 304 299 291 285 275 265 245 228 225 237 283 310 334 330 326 354 359 359 2 11 18 11 12 20 30 18 62 8 2 8 59
325 330 329 310 298 291 291 304 309 302 10 293 8 350 331 350 266 272 274 271 263 252 251 358 352 6 358 252 255 353 31 60 24 247 33 328 229 225 66 70 82 87 82 84 88 202 207 222 252 280 297 308 313 317 320 320 320 320 320 323 333 355 6 5 27 64 75 81 311 304 303 320 325 308 297 299 324 328 328 342 359 9 10 13 1 10 14 14 11 11 8 57 56 8 6 356
332 334 336 327 301 277 278 280 283 287 281 28 357 323 331 344 264 274 276 270 260 259 251 359 26 20 356 349 340 346 359 347 345 246 243 236 230 45 50 56 61 65 79 98 113 221 234 252 274 293 304 309 313 318 322 326 330 333 332 332 340 356 8 20 48 75 85 89 90 320 324 90 337 342 333 326 335 343 356 347 1 9 12 10 13 10 7 13 11 20 10 353 11 0 349 354
337 339 341 337 325 307 291 278 277 268 337 273 275 338 348 337 260 262 259 251 243 248 246 2 71 29 341 339 334 339 339 352 246 243 340 234 32 53 33 34 49 71 99 236 252 266 274 279 287 297 302 304 306 309 316 325 335 341 341 340 349 6 22 318 314 314 314 314 314 312 313 309 307 328 342 341 356 356 359 2 2 9 9 5 1 5 9 11 5 4 18 10 0 15 49 3
336 342 347 343 336 330 324 309 284 262 256 264 359 353 282 267 268 263 256 246 318 354 359 88 110 310 350 333 337 330 342 358 22 357 238 236 40 38 233 27 60 80 89 87 71 285 292 292 292 295 298 298 298 299 303 312 325 335 341 346 1 25 47 69 310 310 316 315 309 306 306 304 309 322 344 344 348 353 349 348 0 6 7 357 8 4 8 10 11 6 358 1 359 47 57 10
329 339 349 345 339 335 331 325 315 302 277 272 348 358 276 281 275 261 260 251 246 358 22 106 16 336 335 325 339 341 336 353 14 7 239 45 40 13 232 40 66 71 70 55 38 29 289 296 296 297 298 297 296 295 294 297 306 316 328 349 25 56 73 322 311 303 304 307 310 312 313 318 319 328 341 345 344 345 334 324 345 352 0 1 357 358 6 8 7 5 0 359 348 343 52 54
324 333 344 345 343 339 332 328 329 326 312 276 268 281 280 281 276 274 268 263 264 18 66 92 302 253 337 333 330 321 336 348 45 41 33 28 243 235 18 53 57 64 70 58 37 22 19 291 298 300 298 295 292 289 285 284 285 286 288 322 73 83 332 89 327 315 306 301 311 323 326 317 320 324 328 344 339 346 343 342 342 347 354 356 358 359 4 11 2 48 39 357 357 50 347 38
327 329 338 343 347 347 342 336 332 333 334 326 307 284 336 276 275 270 267 268 264 24 255 284 254 264 336 331 337 321 325 25 49 34 26 3 338 2 48 64 58 61 58 37 18 261 12 22 286 293 292 288 283 278 274 272 270 264 247 201 320 327 104 103 334 330 325 310 302 316 336 323 312 311 308 318 328 337 340 345 358 1 8 359 355 1 15 9 0 44 42 2 4 1 3 11
330 328 334 341 345 347 350 348 334 332 328 324 311 293 278 16 266 264 10 259 349 21 36 255 252 333 338 343 337 335 328 18 22 23 6 350 354 36 72 74 62 53 39 20 8 11 18 13 1 270 275 273 270 268 265 261 253 239 328 328 324 324 332 336 333 332 332 325 300 299 330 337 327 319 313 326 335 343 349 359 350 351 3 360 2 3 19 16 3 43 42 9 45 42 10 33
324 325 329 337 343 347 354 360 353 333 317 307 296 284 273 279 358 12 46 356 8 251 31 359 336 326 328 346 319 289 310 254 3 19 352 350 24 50 74 74 46 34 30 25 25 30 24 6 2 6 356 249 249 249 246 239 323 318 321 331 334 327 329 335 341 338 325 328 311 294 312 339 342 340 333 326 327 336 357 350 354 352 356 355 350 348 359 355 358 41 43 6 43 42 41 38
324 319 323 330 337 347 2 12 7 334 323 309 302 293 284 265 11 38 13 353 12 48 47 32 354 329 330 346 342 257 333 348 5 19 345 2 52 63 69 60 26 21 36 43 50 45 23 6 7 11 359 353 344 334 326 318 318 314 313 326 342 335 331 338 131 121 329 331 331 297 301 323 328 324 324 321 330 329 350 355 352 351 355 356 350 57 59 56 41 352 40 357 42 36 42 34
321 316 318 327 324 340 6 22 15 354 330 322 315 308 301 296 274 51 272 359 3 12 5 350 255 248 352 10 315 253 316 356 9 9 343 17 51 47 52 32 5 29 54 54 57 40 10 7 10 19 12 1 347 331 322 318 311 304 301 314 344 338 318 334 147 139 342 340 345 317 298 292 301 313 319 324 331 330 344 351 350 351 359 1 1 4 353 47 44 330 355 350 1 41 34 30
317 314 318 320 324 330 3 22 14 354 326 327 323 315 306 307 304 62 18 351 1 6 2 350 269 270 11 267 267 267 279 344 345 341 347 20 36 31 26 7 7 35 45 44 49 19 353 10 22 36 33 4 343 326 319 313 309 301 291 299 337 337 309 327 346 157 145 339 338 325 316 317 324 330 324 319 321 324 336 350 349 353 351 360 4 17 10 2 349 347 354 1 10 32 28 27
315 314 318 322 321 333 347 3 3 349 334 337 327 323 311 307 304 314 26 300 12 13 5 352 280 287 277 274 271 270 266 333 339 338 9 29 40 39 29 22 30 44 48 45 31 10 356 23 36 38 26 351 335 327 316 307 303 295 287 292 317 314 306 313 328 173 164 334 318 315 321 333 339 339 335 327 325 328 337 342 345 349 53 4 5 18 15 49 357 351 48 32 27 27 26 21
319 321 323 312 331 333 336 341 347 346 337 331 329 329 323 315 311 319 302 316 292 8 4 1 349 343 279 276 333 277 273 317 345 7 50 53 49 48 51 51 46 59 61 41 24 25 14 28 31 21 15 348 343 336 317 302 290 280 274 275 283 272 271 273 282 317 336 350 278 167 305 325 337 349 352 338 329 325 330 337 346 349 12 18 359 2 52 42 355 349 345 34 27 25 24 17
328 326 325 329 321 337 341 337 338 341 342 336 330 329 328 326 318 357 298 5 5 349 10 14 285 340 352 355 319 316 274 272 6 37 66 58 49 60 57 38 43 62 51 37 48 51 22 21 32 26 23 356 343 352 339 329 286 192 192 192 195 194 192 190 194 195 284 187 218 298 308 331 332 346 57 352 332 323 325 331 332 341 349 19 9 3 43 39 355 349 341 29 23 22 20 16
332 327 336 312 315 334 339 339 340 338 341 338 330 327 326 327 331 318 22 5 355 358 14 13 303 341 344 337 281 280 318 341 11 47 70 77 70 55 44 44 64 75 55 63 83 55 12 20 56 72 62 44 41 193 192 193 194 195 196 197 199 199 201 202 204 208 215 234 232 178 322 339 329 330 3 357 341 325 323 324 319 324 340 359 0 8 28 30 25 356 348 25 20 19 16 11
338 336 327 332 323 307 317 335 336 340 333 332 329 326 323 323 334 326 332 7 359 0 0 348 351 348 350 298 285 269 327 4 29 67 80 68 39 32 51 69 88 210 209 210 212 61 32 63 203 201 201 197 197 196 196 196 197 199 200 202 204 206 207 209 211 213 219 296 301 192 168 321 319 313 347 353 342 319 313 318 322 331 343 349 351 355 1 24 24 359 349 23 16 15 12 7
340 340 333 327 328 318 320 322 326 332 321 323 325 329 317 315 326 333 345 320 357 0 355 347 352 355 352 315 296 280 339 34 60 84 234 75 45 61 78 85 215 212 212 213 213 211 209 204 202 201 201 200 199 197 198 198 199 201 205 208 212 215 216 217 219 218 217 213 205 197 189 185 147 305 325 342 345 330 316 316 318 319 326 343 349 353 351 348 353 356 356 15 12 12 7 3
339 328 338 332 328 325 321 320 326 314 315 327 322 320 328 313 327 329 325 317 308 355 355 349 351 345 351 335 312 342 3 49 55 76 237 234 72 76 229 223 220 219 219 217 215 213 209 202 201 201 201 200 199 198 199 200 202 206 211 219 225 225 224 224 224 221 217 213 209 203 198 198 291 131 313 326 338 331 325 322 321 315 313 322 347 355 2 352 348 352 355 12 9 10 5 353
336 330 330 328 335 330 329 329 324 328 333 315 327 321 329 319 324 347 328 324 321 314 353 353 353 346 333 333 307 3 32 53 58 76 71 33 49 235 235 235 234 233 228 221 216 47 57 199 202 204 202 200 200 201 203 204 208 215 226 238 240 230 223 224 225 220 215 211 209 207 206 206 212 289 293 303 323 320 320 323 326 330 327 323 320 339 359 12 351 350 360 357 358 5 3 354
331 330 334 333 336 336 332 329 331 327 331 321 333 328 331 360 327 329 329 327 327 326 321 352 358 342 329 346 356 28 52 53 67 86 215 112 229 240 251 256 254 50 52 59 52 31 201 201 203 203 200 199 201 205 209 211 219 231 243 250 242 222 219 220 220 215 215 213 214 214 214 219 225 243 271 294 298 345 304 1 324 340 340 333 18 14 328 8 9 354 1 9 4 1 356 357
325 328 338 337 337 340 333 327 328 328 328 329 330 335 332 331 330 3 328 329 330 332 333 343 2 329 332 349 10 22 35 54 310 237 270 277 280 280 269 41 41 36 54 207 53 42 200 200 200 198 196 198 203 209 215 219 228 238 243 239 223 211 213 217 216 212 210 209 212 216 220 228 292 295 293 290 306 297 301 306 355 342 354 353 7 9 323 338 2 354 355 4 2 359 351 354
318 327 340 341 341 339 330 320 321 323 332 333 334 337 334 334 333 328 328 330 331 334 338 335 355 335 340 354 15 21 34 10 325 304 308 310 309 306 297 8 36 47 209 210 212 204 198 196 195 194 195 199 204 212 218 221 227 231 229 220 209 206 209 211 210 210 209 277 213 218 221 221 281 298 296 299 304 319 317 309 308 324 352 356 342 351 324 331 343 353 350 1 358 358 355 350
