examples/cougarCreek-fire/createInputs/WindNinja/wrfout_d3.2015080912.f21/cougarCreekFire_08-10-2015_0900_217m_non_neutral_stability_ang.asc
ncols	146
nrows	140
xllcorner	610065.000000
yllcorner	5095217.000000
cellsize	216.586807
NODATA_value	-9999.000000
[rows 0 to 44 of 140, columns 0 to 95 of 146]
151 189 184 182 142 216 263 310 322 331 337 340 345 347 26 338 41 38 324 322 311 301 308 319 327 325 308 298 300 293 255 193 237 233 231 233 236 232 223 218 218 216 212 209 211 211 205 203 202 222 199 221 192 207 193 195 215 213 194 197 192 215 193 190 186 207 190 184 181 184 186 190 193 193 187 180 178 183 185 186 186 186 186 186 187 188 188 189 188 188 276 357 19 273 271 254
151 189 184 182 142 216 263 310 322 331 337 340 345 347 26 338 41 38 324 322 311 301 308 319 327 325 308 298 300 293 255 193 237 233 231 233 236 232 223 218 218 216 212 209 211 211 205 203 202 222 199 221 192 207 193 195 215 213 194 197 192 215 193 190 186 207 190 184 181 184 186 190 193 193 187 180 178 183 185 186 186 186 186 186 187 188 188 189 188 188 276 357 19 273 271 254
160 152 156 181 163 131 118 311 111 140 155 177 346 289 145 150 151 77 62 332 323 306 302 309 321 330 194 198 270 263 245 178 193 190 234 237 201 230 233 228 229 229 217 215 226 223 230 223 228 226 216 205 206 206 191 193 212 213 196 208 223 204 203 207 209 205 186 180 194 182 187 192 196 189 183 192 195 181 185 186 186 186 187 187 187 188 188 187 185 184 187 186 133 204 198 203
196 168 165 177 173 152 137 123 123 186 168 185 280 283 187 182 157 132 122 81 337 309 264 291 300 279 207 193 258 247 207 188 167 176 179 181 190 205 212 209 210 210 205 206 206 215 213 201 207 206 204 204 210 207 187 189 211 194 194 200 200 193 188 198 198 185 176 182 195 182 208 197 187 181 178 187 190 179 184 184 184 185 187 187 187 187 187 186 186 187 190 191 181 152 142 171
212 159 177 173 174 155 157 127 253 253 151 173 292 319 222 185 161 134 136 129 84 296 279 213 277 281 241 186 200 200 196 191 167 176 182 180 183 193 206 208 208 202 204 204 202 207 201 194 197 202 208 210 212 203 210 213 207 184 189 186 190 195 188 200 191 175 181 171 178 211 196 181 179 178 188 192 179 181 181 181 181 183 186 187 187 186 186 187 188 189 191 192 191 181 158 145
198 158 188 165 177 170 157 146 142 137 142 158 208 259 217 195 165 131 134 140 128 273 266 177 212 260 223 184 191 194 199 195 168 177 180 178 182 188 203 209 204 197 203 204 197 198 196 194 202 209 210 210 214 204 210 202 188 181 181 183 194 195 194 199 178 184 194 193 209 191 178 178 181 178 181 183 201 181 177 176 178 180 183 187 188 187 187 187 188 189 189 190 192 191 176 149
186 162 193 195 171 176 165 175 146 151 144 148 174 240 241 206 171 142 133 138 149 157 208 221 199 244 195 184 187 198 201 184 173 183 179 173 182 186 198 202 198 200 205 203 195 196 202 207 178 195 197 199 215 213 198 192 187 182 188 191 193 195 201 184 174 191 198 202 194 179 186 194 174 181 184 200 181 179 173 171 174 177 181 187 189 189 188 187 187 187 187 188 191 193 190 179
185 176 167 165 173 176 165 146 140 220 145 146 166 209 217 211 177 166 142 144 158 170 190 209 192 221 197 184 184 183 198 176 180 195 177 170 183 187 192 194 193 197 199 196 196 205 207 188 197 200 216 209 206 199 195 198 191 187 193 195 196 204 195 167 189 197 199 200 186 190 175 177 212 200 178 189 180 178 170 167 170 175 180 185 188 189 188 187 186 186 186 187 189 192 192 189
193 183 183 174 173 178 175 166 152 148 151 228 233 185 238 225 188 172 151 146 162 169 203 215 177 206 193 187 185 199 194 178 192 194 175 175 186 187 182 181 187 191 191 190 180 201 205 201 207 205 202 207 209 203 197 195 190 192 197 199 199 188 180 181 193 196 200 196 190 201 177 208 188 177 196 203 180 174 166 165 168 174 179 183 186 188 188 187 186 185 185 186 188 189 189 188
202 191 179 166 170 163 168 170 165 164 162 156 157 175 199 210 196 185 154 145 163 165 172 204 201 195 188 192 184 189 192 181 186 185 175 178 185 181 176 178 189 194 190 188 200 183 196 196 197 200 204 208 212 205 198 192 191 193 199 194 180 165 187 193 196 196 197 194 195 201 199 180 182 195 202 176 176 165 162 165 168 173 178 182 185 187 188 187 186 184 184 185 186 186 187 188
239 203 187 174 167 164 164 165 166 165 163 165 166 168 215 207 202 195 163 139 148 145 163 189 197 187 181 191 180 188 192 180 184 185 174 175 179 177 176 181 191 195 177 202 205 185 198 195 201 201 193 210 204 189 184 188 191 190 191 178 173 183 196 200 192 189 194 194 195 201 196 189 194 193 194 175 168 160 161 165 169 173 178 182 184 186 187 187 186 183 182 183 184 185 186 189
237 207 200 187 179 168 162 162 167 170 169 172 178 173 183 177 204 191 166 150 149 145 160 172 184 174 177 187 178 187 188 180 187 184 175 174 175 176 179 181 188 173 196 176 182 185 200 199 204 208 214 205 190 182 184 192 191 190 186 172 179 193 200 199 195 199 158 157 159 160 199 189 167 191 175 172 162 158 162 165 167 173 178 182 184 185 186 186 186 183 180 179 181 184 187 190
206 204 200 198 187 180 160 157 166 166 173 176 182 186 218 212 211 175 151 150 141 146 149 155 168 172 170 178 175 164 187 181 182 177 174 173 174 177 179 180 183 171 172 201 181 202 197 199 208 206 204 199 184 179 191 198 194 194 190 178 181 162 206 201 152 153 152 150 152 157 158 158 176 185 167 165 160 159 164 165 198 170 176 180 183 185 185 185 185 183 180 176 175 181 188 190
227 226 212 186 184 182 169 198 217 217 173 172 173 182 217 221 220 184 160 149 141 140 150 139 150 155 181 176 176 164 189 186 177 176 171 170 176 177 181 179 185 172 176 177 202 196 193 202 205 202 198 193 184 182 196 199 201 201 198 199 185 163 160 209 215 219 214 207 206 191 148 150 153 155 157 157 156 159 163 164 163 168 173 176 181 183 184 184 183 183 181 177 174 177 186 188
225 213 213 188 183 177 173 157 142 219 219 163 166 167 174 225 220 204 177 166 162 152 158 153 138 145 168 170 179 162 195 185 171 172 168 169 176 176 175 174 176 179 182 200 197 191 197 201 209 206 194 191 189 189 199 198 202 207 205 206 213 219 224 210 203 192 186 184 177 133 159 192 147 174 149 151 152 153 154 158 162 165 169 173 177 181 183 183 182 183 182 180 177 174 180 187
171 178 186 180 178 181 181 179 163 139 209 160 163 160 167 179 207 205 183 176 176 165 164 164 145 142 160 172 181 161 191 175 172 170 168 171 172 175 169 169 208 181 181 199 196 196 199 209 210 201 186 193 198 197 195 197 207 212 204 202 210 212 198 192 183 179 189 180 159 184 199 136 139 137 138 142 148 148 219 148 154 157 163 168 172 178 181 182 182 182 183 181 178 171 173 188
165 175 189 189 180 186 182 180 175 158 143 154 173 166 152 198 204 186 177 171 175 169 171 147 156 144 158 169 155 192 183 169 174 174 171 173 176 174 169 183 173 178 179 179 197 198 205 209 204 195 189 201 208 206 199 205 222 204 207 206 204 195 185 185 177 184 198 177 192 186 158 129 130 125 122 129 140 145 141 140 143 149 155 162 167 171 176 179 181 182 184 182 171 158 315 2
163 171 189 192 186 167 175 178 177 172 147 150 169 177 146 197 204 207 166 192 166 161 168 159 165 147 160 168 154 186 176 171 173 171 176 172 175 173 170 188 170 175 177 199 199 202 205 209 201 199 204 213 216 206 201 221 223 195 210 207 195 190 189 197 198 206 217 198 157 160 233 196 181 185 195 214 122 133 138 139 193 141 149 157 161 161 167 174 178 181 185 183 171 153 243 315
184 179 186 193 191 176 172 180 182 177 156 146 157 153 148 142 140 152 157 154 157 154 158 174 164 154 162 169 178 181 176 173 171 166 177 170 172 173 175 187 193 199 175 177 200 205 208 206 199 201 212 219 215 195 207 217 201 197 207 193 187 197 209 206 204 219 240 133 167 240 207 175 176 155 166 188 171 116 124 131 133 136 144 154 156 153 158 167 173 177 183 183 176 164 147 266
207 196 191 195 193 186 178 182 183 178 160 156 134 147 164 171 159 151 155 147 155 160 155 153 156 159 148 173 181 179 177 175 178 187 173 171 168 171 174 185 191 196 174 178 203 205 207 208 207 211 214 212 190 202 211 200 194 195 196 194 192 201 207 197 211 216 218 230 229 215 190 186 195 120 117 219 244 218 218 215 124 131 140 150 153 152 153 160 166 171 176 181 182 174 146 245
240 205 193 195 189 184 177 177 179 176 158 160 164 141 153 169 173 163 163 152 157 163 149 161 141 157 151 174 179 177 177 178 178 183 169 168 165 167 170 187 172 173 177 180 206 206 208 208 217 220 215 208 198 215 193 186 193 196 202 196 194 201 197 191 201 213 219 216 190 229 175 201 196 172 118 246 250 199 181 231 204 125 135 143 148 150 151 154 158 162 168 177 185 175 190 194
214 206 197 193 192 184 183 180 181 180 164 162 178 161 137 150 155 153 165 155 151 162 146 141 140 152 168 175 177 178 178 178 181 184 162 163 166 163 173 167 171 177 181 183 208 209 213 214 219 204 211 203 211 203 184 187 187 205 210 192 196 201 196 199 191 220 224 233 200 200 194 189 185 109 152 179 206 223 125 70 111 120 128 134 140 145 147 149 151 155 163 173 181 179 169 188
197 194 187 191 189 180 181 174 178 177 165 163 178 182 140 129 134 144 155 147 146 151 146 140 140 153 168 173 179 183 179 180 191 180 151 155 159 159 173 162 169 178 184 185 209 207 210 216 209 201 202 194 193 184 181 185 187 204 199 190 201 204 208 197 201 214 208 208 208 174 160 186 220 112 264 220 187 206 224 243 281 107 115 121 128 137 143 144 144 147 157 172 183 188 189 205
184 187 182 215 184 178 177 179 177 178 171 158 165 179 161 144 140 139 144 157 158 152 145 137 144 144 161 174 181 186 179 180 183 175 150 150 154 156 171 161 169 177 182 209 210 217 216 212 201 201 193 191 189 184 183 186 184 184 187 204 215 216 206 202 199 204 202 200 191 170 198 153 230 206 197 203 216 1 66 226 194 210 102 109 116 126 134 137 135 136 146 172 190 200 203 225
219 181 220 219 177 176 180 180 175 181 177 162 164 177 169 150 144 144 144 149 153 154 150 133 124 132 170 177 181 178 172 176 180 177 163 150 150 158 174 164 173 213 206 211 214 209 207 210 206 204 191 188 188 188 189 204 207 213 216 196 194 216 190 185 195 206 199 201 198 205 218 216 210 202 238 215 212 269 102 104 39 281 97 100 103 108 115 120 117 112 115 145 185 203 210 245
220 166 177 182 181 174 176 175 173 179 179 171 160 165 173 160 147 144 142 138 143 150 150 137 126 136 167 179 171 166 174 181 184 180 169 147 147 167 182 167 176 211 212 215 213 216 216 218 209 202 190 189 190 190 191 214 219 223 195 197 196 205 188 212 219 209 205 211 230 201 235 236 233 243 136 285 96 285 303 97 99 95 92 93 93 94 96 95 85 73 77 93 119 286 279 264
222 218 228 176 186 181 164 169 165 177 178 165 159 155 171 170 155 147 145 139 138 147 148 139 135 144 170 180 165 163 177 184 185 180 164 150 162 175 186 204 207 205 206 206 206 211 212 209 204 194 193 191 191 191 191 188 187 191 197 197 210 206 202 208 210 217 203 204 207 218 249 229 235 200 296 100 95 90 306 314 86 86 86 86 87 89 91 90 68 42 44 57 62 312 300 280
208 144 165 171 181 175 163 150 151 171 172 164 166 152 157 158 153 149 149 142 141 146 145 138 138 146 169 183 167 166 178 182 180 170 162 162 169 181 193 199 200 199 200 203 206 207 205 208 210 197 196 193 191 189 188 187 191 193 194 196 196 214 199 202 203 180 214 218 232 227 227 234 253 291 15 352 358 316 23 305 318 349 81 83 85 87 88 92 85 32 21 291 280 277 276 275
171 170 171 165 158 165 176 169 149 149 176 168 182 144 141 149 150 148 149 142 141 142 139 131 131 145 157 177 172 173 180 179 173 169 168 172 179 190 194 197 199 200 201 206 212 215 216 218 207 198 196 194 191 187 186 190 194 194 196 199 203 205 243 212 220 225 229 230 243 235 234 242 250 262 282 287 287 292 301 281 245 1 77 82 82 80 79 81 93 113 82 65 232 244 250 258
189 180 180 162 147 151 156 172 169 160 165 172 173 175 148 149 153 149 146 138 135 136 130 126 121 124 141 165 174 175 180 173 171 174 173 174 185 194 191 196 200 203 209 214 215 213 216 213 199 196 194 195 191 186 188 191 199 200 202 204 208 209 213 218 227 233 251 251 252 253 249 238 212 200 196 179 168 191 187 134 105 90 2 76 74 71 72 76 87 117 134 114 78 269 253 242
227 205 186 176 163 143 145 151 162 160 164 168 166 190 167 151 163 167 164 154 144 139 127 126 126 129 138 156 169 175 179 175 175 179 180 184 195 188 192 200 203 210 218 219 211 208 208 192 194 192 193 196 194 192 199 206 203 201 203 224 228 234 220 248 248 239 232 230 222 219 210 158 140 203 212 209 155 146 138 139 118 19 357 68 68 72 74 78 82 89 106 110 81 253 238 243
248 235 195 182 172 149 135 142 154 149 145 160 154 155 166 154 159 165 171 170 165 152 130 128 133 137 141 153 165 176 179 170 181 184 190 198 196 186 194 205 209 216 223 225 222 213 207 186 190 193 196 200 203 204 205 201 196 197 202 227 235 245 232 249 245 242 245 247 248 247 246 260 275 282 283 293 310 304 263 120 75 85 72 69 75 80 81 80 79 75 70 74 83 241 246 262
249 241 240 183 161 154 146 141 139 159 148 146 152 162 164 149 146 152 159 168 175 170 150 143 144 142 145 150 162 173 175 172 184 191 197 196 189 190 198 203 208 220 228 228 228 222 215 183 186 193 197 200 204 203 198 195 195 200 227 230 235 243 251 256 264 252 259 264 271 282 290 292 300 285 259 258 294 2 74 73 73 73 73 79 86 86 83 80 78 73 70 72 75 72 291 292
235 235 246 238 196 184 166 149 144 143 153 168 178 173 156 148 139 134 137 147 156 158 158 159 155 149 146 149 158 168 174 177 189 194 200 200 198 201 208 213 221 229 231 232 244 234 240 184 183 187 193 197 201 202 200 200 203 210 218 225 230 252 260 269 274 273 276 281 285 282 261 334 16 44 59 274 296 323 7 64 66 9 68 74 80 79 77 76 74 71 67 67 61 45 313 306
237 239 216 240 224 181 173 167 163 161 156 161 160 165 172 149 138 121 109 117 136 141 144 153 162 160 157 156 157 162 171 181 197 200 206 210 212 218 232 242 245 245 250 252 262 270 276 194 184 174 184 199 209 211 211 213 217 222 230 236 247 250 262 260 261 265 267 260 272 283 301 326 21 276 309 317 317 313 324 347 11 354 62 345 68 70 71 71 70 66 61 58 50 34 299 296
159 191 203 196 224 213 163 153 155 153 147 137 144 158 162 176 175 174 173 155 147 139 135 137 153 161 167 166 160 159 168 183 200 207 212 215 222 230 234 238 245 251 257 256 254 265 280 293 323 349 355 327 266 243 241 238 237 239 245 267 266 263 254 252 250 254 255 251 238 232 244 278 271 29 306 312 315 319 328 337 341 56 27 24 62 65 69 69 68 65 59 52 44 39 313 309
179 184 192 191 222 218 206 156 150 144 134 124 128 137 145 152 155 153 151 144 137 136 127 125 126 141 165 168 164 163 169 184 205 207 206 210 212 203 205 211 217 226 235 250 265 265 266 281 305 337 341 346 336 315 299 287 277 272 270 271 270 271 271 277 265 252 241 226 212 259 231 252 321 360 19 30 36 42 0 50 51 26 21 21 60 63 69 69 68 65 60 53 42 35 321 311
161 173 188 183 175 184 170 151 143 139 127 121 120 118 126 131 130 130 123 113 110 116 114 101 101 111 121 153 159 165 173 205 223 220 219 222 221 218 219 223 217 231 235 246 251 280 296 278 290 311 329 342 339 344 330 321 316 314 311 308 291 291 291 292 293 293 290 282 276 270 262 258 281 314 3 28 35 40 45 48 50 20 30 345 5 65 72 71 70 68 64 58 49 37 298 286
218 223 188 181 168 176 206 208 115 110 96 107 100 97 94 98 100 95 88 86 85 87 89 86 77 72 82 108 129 156 173 185 247 262 267 265 254 223 225 260 258 254 238 243 251 262 278 302 274 298 310 326 327 339 339 337 336 335 334 334 333 334 336 337 335 342 349 353 353 351 345 338 334 332 351 30 40 44 47 49 50 51 52 54 54 33 73 73 72 71 69 66 62 55 51 288
210 173 174 180 175 148 214 91 114 94 98 91 83 86 84 86 84 78 75 77 74 67 76 79 68 61 67 82 74 115 156 187 243 280 297 304 307 308 308 275 267 289 265 260 276 284 288 285 286 290 296 305 310 314 319 332 333 335 339 340 342 344 344 344 345 347 350 355 358 358 359 1 2 4 12 25 45 54 52 50 49 50 52 54 54 342 65 74 72 72 74 74 75 75 65 296
204 130 166 201 230 228 230 58 98 85 91 97 97 94 82 80 72 60 52 52 54 61 76 73 59 56 61 67 72 87 120 222 276 288 295 295 301 306 312 322 317 315 318 314 314 317 318 320 324 314 315 316 310 308 338 336 307 304 338 309 318 339 345 344 345 345 346 352 356 358 359 2 5 11 17 22 28 47 57 55 50 50 51 53 55 10 43 71 73 73 74 74 77 81 77 67
200 216 312 312 246 244 246 43 74 83 91 90 88 78 62 61 51 41 44 55 63 70 72 56 44 48 57 62 66 71 58 331 301 295 293 297 304 308 309 312 322 318 315 317 320 326 331 333 331 332 330 335 340 334 329 329 329 329 342 344 332 342 343 341 341 340 338 331 329 331 334 344 0 6 10 13 25 35 50 53 49 50 52 53 53 53 29 55 77 77 74 71 70 72 76 74
163 46 25 8 238 252 346 59 52 66 81 84 74 54 43 38 35 42 55 61 67 68 55 37 38 46 55 57 54 51 33 355 331 314 304 306 310 313 314 313 316 321 320 317 314 313 316 323 329 339 334 335 342 342 340 344 346 344 344 341 349 340 333 307 331 338 340 342 343 349 350 349 0 21 21 311 353 20 40 44 44 47 52 54 56 57 59 15 54 80 75 70 68 65 65 68
224 211 99 263 250 255 48 342 34 74 77 46 12 11 13 20 29 36 45 55 60 50 35 27 34 44 48 44 41 39 23 357 344 334 326 314 313 313 315 314 312 314 315 311 306 308 315 321 324 328 329 329 334 336 336 336 332 327 308 300 304 331 338 338 344 349 349 349 357 355 2 6 13 20 21 9 328 309 1 37 42 44 48 54 58 60 61 62 66 73 76 71 68 65 65 64
244 248 254 128 295 304 302 340 24 30 4 343 350 6 8 18 16 19 30 42 45 36 29 25 28 36 35 30 31 30 18 358 344 332 330 332 318 313 314 315 314 308 300 302 305 311 318 329 334 333 329 327 325 324 318 308 310 330 333 327 328 341 346 346 349 354 358 0 1 3 5 7 11 16 19 23 25 27 317 21 39 43 45 52 57 61 63 63 64 66 73 73 36 65 23 11
