developer_scripts/forCreateIgnition/farsiteOutputs/a_originalIgnitions/WorkAsIs/b_flatland_centerIgnit/flatland_centerIgnit_HeatPerUnitArea.asc
NCOLS 100
NROWS 100
XLLCORNER 20000.000000
YLLCORNER 20000.000000
CELLSIZE 30.000000
NODATA_VALUE -9999.0
[rows 28 to 55 of 100, columns 0 to 62 of 100]
-9999.0 -9999.0 -9999.0 -9999.0 -9999.0 -9999.0 -9999.0 -9999.0 -9999.0 -9999.0 -9999.0 -9999.0 -9999.0 -9999.0 -9999.0 -9999.0 -9999.0 -9999.0 -9999.0 -9999.0 01003.839 01010.016 01015.294 01019.574 01024.344 01028.492 01032.306 01035.886 01038.412 01042.198 01045.519 01049.054 01052.826 01056.635 01059.730 01063.499 01067.053 01070.746 01074.580 01078.231 01078.918 01082.564 01084.622 01086.258 01087.885 01089.170 01090.308 01091.276 01091.693 01091.060 01090.350 01089.426 01088.121 01086.812 01085.053 01083.276 01079.021 01078.770 01075.952 01072.435 01068.912 01065.564 01062.410
-9999.0 -9999.0 -9999.0 -9999.0 -9999.0 -9999.0 -9999.0 -9999.0 -9999.0 -9999.0 -9999.0 -9999.0 -9999.0 -9999.0 -9999.0 -9999.0 -9999.0 -9999.0 -9999.0 -9999.0 01005.646 01011.872 01016.865 01020.221 01025.996 01029.973 01033.772 01037.438 01040.150 01044.063 01047.596 01051.402 01055.465 01058.539 01062.256 01065.946 01069.860 01073.788 01077.901 01078.958 01083.046 01085.212 01087.370 01089.239 01090.935 01092.382 01093.647 01094.652 01095.159 01094.479 01093.677 01092.698 01091.273 01089.845 01087.942 01086.040 01084.042 01079.043 01078.771 01075.765 01072.055 01068.541 01065.217
-9999.0 -9999.0 -9999.0 -9999.0 -9999.0 -9999.0 -9999.0 -9999.0 -9999.0 -9999.0 -9999.0 -9999.0 -9999.0 -9999.0 -9999.0 -9999.0 -9999.0 -9999.0 -9999.0 -9999.0 01007.293 01013.220 01018.315 01020.857 01027.394 01031.399 01035.243 01038.296 01042.407 01045.991 01049.740 01053.834 01057.512 01060.936 01064.698 01068.573 01072.702 01077.000 01078.897 01083.083 01085.653 01087.930 01090.202 01092.324 01094.090 01095.709 01097.056 01098.159 01098.655 01098.011 01097.123 01096.003 01094.537 01092.884 01090.910 01088.895 01086.572 01084.047 01079.037 01078.746 01075.345 01071.663 01068.163
-9999.0 -9999.0 -9999.0 -9999.0 -9999.0 -9999.0 -9999.0 -9999.0 -9999.0 -9999.0 -9999.0 -9999.0 -9999.0 -9999.0 -9999.0 -9999.0 -9999.0 -9999.0 -9999.0 01001.263 01008.713 01014.520 01019.399 01024.364 01028.759 01032.712 01036.656 01039.244 01043.881 01047.863 01051.921 01056.201 01059.407 01063.405 01067.209 01071.262 01075.610 01078.814 01082.467 01085.325 01088.250 01090.724 01093.115 01095.434 01097.351 01098.689 01098.807 01098.912 01099.123 01098.902 01098.819 01098.711 01097.915 01096.015 01093.960 01091.800 01089.163 01086.553 01083.898 01079.006 01078.714 01074.914 01071.130
-9999.0 -9999.0 -9999.0 -9999.0 -9999.0 -9999.0 -9999.0 -9999.0 -9999.0 -9999.0 -9999.0 -9999.0 -9999.0 -9999.0 -9999.0 -9999.0 -9999.0 -9999.0 -9999.0 01003.173 01010.077 01015.733 01019.887 01025.548 01029.910 01034.005 01037.664 01041.248 01045.323 01049.552 01054.207 01057.949 01061.752 01065.692 01069.790 01074.044 01078.575 01079.041 01084.656 01087.637 01090.693 01093.605 01096.079 01098.501 01098.821 01099.293 01100.543 01101.018 01101.296 01100.987 01100.620 01099.770 01098.879 01098.696 01097.111 01094.554 01091.787 01089.058 01086.292 01083.609 01078.974 01078.294 01074.212
-9999.0 -9999.0 -9999.0 -9999.0 -9999.0 -9999.0 -9999.0 -9999.0 -9999.0 -9999.0 -9999.0 -9999.0 -9999.0 -9999.0 -9999.0 -9999.0 -9999.0 -9999.0 -9999.0 01004.332 01011.088 01016.731 01020.352 01026.592 01030.916 01035.103 01038.418 01042.769 01046.814 01051.228 01056.047 01059.810 01064.010 01068.119 01072.463 01077.016 01078.924 01083.621 01086.782 01089.998 01093.143 01096.397 01098.685 01098.904 01100.556 01101.223 01101.798 01102.305 01102.623 01102.264 01101.903 01101.375 01100.766 01099.219 01098.788 01097.391 01094.538 01091.592 01088.749 01085.996 01083.318 01078.928 01077.525
-9999.0 -9999.0 -9999.0 -9999.0 -9999.0 -9999.0 -9999.0 -9999.0 -9999.0 -9999.0 -9999.0 -9999.0 -9999.0 -9999.0 -9999.0 -9999.0 -9999.0 -9999.0 -9999.0 01005.371 01012.047 01017.536 01020.725 01027.586 01031.883 01036.106 01038.993 01044.032 01048.216 01052.905 01057.402 01061.579 01066.118 01070.530 01075.125 01078.799 01082.549 01085.676 01088.924 01092.283 01095.632 01098.672 01098.951 01100.819 01101.703 01102.439 01103.074 01103.588 01103.960 01103.585 01103.183 01102.633 01101.942 01101.176 01100.233 01098.785 01097.264 01094.228 01091.284 01088.432 01085.608 01082.817 01078.869
-9999.0 -9999.0 -9999.0 -9999.0 -9999.0 -9999.0 -9999.0 -9999.0 -9999.0 -9999.0 -9999.0 -9999.0 -9999.0 -9999.0 -9999.0 -9999.0 -9999.0 -9999.0 -9999.0 01006.156 01012.757 01018.304 01022.037 01028.304 01032.733 01037.059 01040.352 01045.002 01049.635 01054.608 01058.639 01063.314 01067.964 01073.006 01077.881 01079.010 01084.562 01087.792 01091.120 01094.580 01098.142 01098.899 01100.895 01101.936 01102.833 01103.674 01104.347 01104.902 01105.322 01104.920 01104.456 01103.906 01103.128 01102.355 01101.290 01100.161 01098.764 01096.926 01093.911 01090.955 01087.956 01085.056 01080.873
-9999.0 -9999.0 -9999.0 -9999.0 -9999.0 -9999.0 -9999.0 -9999.0 -9999.0 -9999.0 -9999.0 -9999.0 -9999.0 -9999.0 -9999.0 -9999.0 -9999.0 -9999.0 -9999.0 01006.797 01013.376 01018.848 01023.777 01029.012 01033.417 01037.582 01041.704 01046.061 01050.795 01056.051 01060.165 01064.895 01069.762 01074.992 01078.848 01083.200 01086.523 01089.965 01093.394 01096.924 01098.811 01100.612 01101.833 01103.062 01103.983 01104.913 01105.593 01106.225 01106.702 01106.266 01105.744 01105.125 01104.327 01103.415 01102.340 01101.230 01099.680 01098.734 01096.595 01093.471 01090.400 01087.162 01083.764
-9999.0 -9999.0 -9999.0 -9999.0 -9999.0 -9999.0 -9999.0 -9999.0 -9999.0 -9999.0 -9999.0 -9999.0 -9999.0 -9999.0 -9999.0 -9999.0 -9999.0 -9999.0 -9999.0 01007.246 01013.777 01019.309 01024.756 01029.517 01034.030 01037.981 01042.464 01046.984 01051.909 01056.969 01061.482 01066.475 01071.564 01077.062 01079.003 01085.023 01088.502 01092.053 01095.681 01098.702 01099.932 01101.485 01102.775 01104.031 01105.145 01106.079 01106.861 01109.022 01110.882 01109.249 01107.294 01106.352 01105.542 01104.476 01103.373 01102.233 01101.106 01099.185 01098.700 01096.040 01092.773 01089.129 01085.589
-9999.0 -9999.0 -9999.0 -9999.0 -9999.0 -9999.0 -9999.0 -9999.0 -9999.0 -9999.0 -9999.0 -9999.0 -9999.0 -9999.0 -9999.0 -9999.0 -9999.0 -9999.0 -9999.0 01007.481 01014.066 01019.471 01025.105 01029.940 01034.513 01038.290 01043.135 01047.721 01052.899 01057.853 01062.653 01067.746 01073.279 01078.728 01082.626 01086.500 01090.546 01094.196 01097.955 01098.910 01101.036 01102.361 01103.704 01105.002 01106.291 01108.007 01111.032 01114.417 01117.567 01114.767 01111.836 01109.154 01106.665 01105.542 01104.395 01103.246 01102.112 01100.990 01098.931 01098.647 01094.832 01091.091 01087.467
-9999.0 -9999.0 -9999.0 -9999.0 -9999.0 -9999.0 -9999.0 -9999.0 -9999.0 -9999.0 -9999.0 -9999.0 -9999.0 -9999.0 -9999.0 -9999.0 -9999.0 -9999.0 -9999.0 01007.681 01014.281 01019.560 01025.364 01030.232 01034.853 01038.535 01043.605 01048.335 01053.794 01058.485 01063.689 01068.972 01074.613 01078.860 01083.951 01087.919 01092.054 01096.385 01098.780 01100.568 01101.905 01103.239 01104.591 01105.961 01108.044 01112.229 01117.061 01120.621 01123.845 01121.201 01118.256 01114.264 01109.728 01106.601 01105.427 01104.267 01103.122 01101.959 01100.781 01098.842 01096.965 01093.106 01089.046
-9999.0 -9999.0 -9999.0 -9999.0 -9999.0 -9999.0 -9999.0 -9999.0 -9999.0 -9999.0 -9999.0 -9999.0 -9999.0 -9999.0 -9999.0 -9999.0 -9999.0 -9999.0 -9999.0 01006.551 01013.732 01019.518 01025.575 01030.441 01035.123 01038.703 01043.944 01048.871 01054.431 01059.100 01064.503 01069.936 01076.033 01078.966 01085.044 01089.344 01093.592 01097.996 01099.206 01101.381 01102.773 01104.124 01105.486 01106.866 01111.357 01117.939 01122.492 01126.554 01130.190 01127.352 01123.795 01119.866 01114.323 01109.364 01106.471 01105.302 01104.131 01102.934 01101.640 01100.058 01098.682 01094.773 01090.658
-9999.0 -9999.0 -9999.0 -9999.0 -9999.0 -9999.0 -9999.0 -9999.0 -9999.0 -9999.0 -9999.0 -9999.0 -9999.0 -9999.0 -9999.0 -9999.0 -9999.0 -9999.0 -9999.0 01005.338 01012.773 01018.887 01024.827 01030.112 01035.177 01038.844 01044.240 01049.231 01054.927 01059.683 01065.128 01070.845 01077.023 01079.862 01086.052 01090.457 01095.056 01098.726 01100.593 01102.213 01103.618 01105.021 01106.391 01109.800 01116.030 01122.333 01128.011 01132.601 01136.751 01133.674 01129.616 01124.721 01119.451 01113.624 01108.922 01106.345 01105.144 01103.893 01102.426 01100.982 01098.837 01096.507 01092.059
-9999.0 -9999.0 -9999.0 -9999.0 -9999.0 -9999.0 -9999.0 -9999.0 -9999.0 -9999.0 -9999.0 -9999.0 -9999.0 -9999.0 -9999.0 -9999.0 -9999.0 -9999.0 -9999.0 01003.823 01011.605 01017.924 01022.969 01029.304 01034.344 01038.499 01044.034 01049.507 01055.333 01060.113 01065.623 01071.482 01077.839 01082.433 01086.860 01091.475 01096.184 01098.854 01101.163 01102.812 01104.461 01105.890 01108.172 01113.556 01120.318 01126.671 01133.138 01138.183 01142.793 01139.549 01135.335 01129.677 01124.169 01118.861 01112.959 01108.450 01106.163 01104.688 01103.208 01101.623 01099.395 01097.966 01093.456
-9999.0 -9999.0 -9999.0 -9999.0 -9999.0 -9999.0 -9999.0 -9999.0 -9999.0 -9999.0 -9999.0 -9999.0 -9999.0 -9999.0 -9999.0 -9999.0 -9999.0 -9999.0 -9999.0 01001.960 01010.090 01016.769 01020.754 01028.378 01033.462 01037.991 01043.146 01048.418 01054.649 01060.027 01066.055 01072.076 01078.504 01082.954 01087.518 01092.239 01097.196 01098.950 01101.658 01103.398 01105.092 01106.757 01111.227 01118.171 01124.423 01130.926 01137.641 01143.598 01148.653 01145.380 01140.285 01134.777 01129.077 01123.574 01118.290 01112.102 01107.088 01105.476 01103.876 01102.267 01100.584 01098.714 01094.733
-9999.0 -9999.0 -9999.0 -9999.0 -9999.0 -9999.0 -9999.0 -9999.0 -9999.0 -9999.0 -9999.0 -9999.0 -9999.0 -9999.0 -9999.0 -9999.0 -9999.0 -9999.0 -9999.0 -9999.0 01008.377 01015.371 01020.186 01027.176 01032.377 01037.389 01042.157 01047.428 01053.459 01058.855 01064.995 01071.493 01078.691 01083.450 01088.050 01092.947 01097.983 01100.143 01102.073 01103.872 01105.668 01108.537 01115.587 01122.281 01128.682 01135.359 01141.714 01148.137 -9999.0 -9999.000 01145.024 01139.656 01134.151 01128.482 01122.950 01116.820 01109.894 01106.165 01104.524 01102.824 01101.130 01098.812 01094.743
-9999.0 -9999.0 -9999.0 -9999.0 -9999.0 -9999.0 -9999.0 -9999.0 -9999.0 -9999.0 -9999.0 -9999.0 -9999.0 -9999.0 -9999.0 -9999.0 -9999.0 -9999.0 -9999.0 -9999.0 01006.148 01013.580 01019.523 01025.791 01031.117 01036.292 01040.592 01046.178 01051.962 01057.851 01063.715 01069.995 01077.121 01082.542 01087.758 01093.389 01098.651 01100.534 01102.412 01104.267 01106.118 01110.542 01118.773 01126.391 01133.049 01139.570 01145.908 -9999.000 -9999.0 -9999.0 -9999.000 01144.426 01139.075 01133.590 01127.570 01120.565 01112.746 01106.845 01105.158 01103.405 01101.210 01098.756 01094.165
-9999.0 -9999.0 -9999.0 -9999.0 -9999.0 -9999.0 -9999.0 -9999.0 -9999.0 -9999.0 -9999.0 -9999.0 -9999.0 -9999.0 -9999.0 -9999.0 -9999.0 -9999.0 -9999.0 -9999.0 01003.641 01011.598 01018.038 01023.569 01029.615 01034.775 01038.799 01044.647 01050.342 01056.599 01062.160 01068.439 01075.393 01079.021 01086.533 01091.934 01097.779 01100.490 01102.735 01104.662 01106.567 01112.344 01121.428 01129.440 01137.412 01143.679 -9999.000 -9999.0 -9999.0 -9999.0 -9999.0 -9999.000 01143.822 01138.532 01131.477 01123.998 01116.512 01109.070 01105.258 01103.013 01100.871 01098.677 01093.290
-9999.0 -9999.0 -9999.0 -9999.0 -9999.0 -9999.0 -9999.0 -9999.0 -9999.0 -9999.0 -9999.0 -9999.0 -9999.0 -9999.0 -9999.0 -9999.0 -9999.0 -9999.0 -9999.0 -9999.0 -9999.0 01009.085 01016.056 01020.496 01027.928 01033.164 01037.896 01043.119 01048.548 01054.892 01060.336 01066.532 01073.290 01078.860 01085.022 01090.419 01096.120 01098.943 01102.066 01104.304 01106.658 01114.920 01123.698 01132.507 01140.889 01147.951 -9999.0 -9999.0 -9999.0 -9999.0 -9999.0 -9999.0 -9999.000 01142.618 01135.669 01127.960 01117.239 01107.276 01104.799 01102.594 01100.432 01097.720 01091.947
-9999.0 -9999.0 -9999.0 -9999.0 -9999.0 -9999.0 -9999.0 -9999.0 -9999.0 -9999.0 -9999.0 -9999.0 -9999.0 -9999.0 -9999.0 -9999.0 -9999.0 -9999.0 -9999.0 -9999.0 -9999.0 01006.146 01013.620 01019.554 01025.894 01031.243 01036.445 01040.863 01046.464 01052.401 01058.235 01064.302 01070.794 01078.074 01083.278 01088.540 01094.185 01098.776 01101.339 01103.553 01105.810 01111.004 01122.312 01133.876 01144.118 -9999.000 -9999.0 -9999.0 -9999.0 -9999.0 -9999.0 -9999.0 -9999.000 01147.270 01136.570 01125.149 01114.195 01106.527 01104.272 01102.057 01098.944 01096.089 01090.351
-9999.0 -9999.0 -9999.0 -9999.0 -9999.0 -9999.0 -9999.0 -9999.0 -9999.0 -9999.0 -9999.0 -9999.0 -9999.0 -9999.0 -9999.0 -9999.0 -9999.0 -9999.0 -9999.0 -9999.0 -9999.0 01002.766 01010.892 01017.505 01022.292 01029.216 01034.412 01038.618 01044.370 01050.056 01056.403 01061.954 01068.266 01075.244 01079.014 01086.533 01092.005 01097.839 01100.497 01102.678 01104.911 01107.741 01117.537 01128.100 01139.352 -9999.000 -9999.0 -9999.0 -9999.0 -9999.0 -9999.0 -9999.0 -9999.0 01143.282 01132.346 01121.492 01110.668 01105.729 01103.478 01101.261 01098.756 01093.977 01088.319
-9999.0 -9999.0 -9999.0 -9999.0 -9999.0 -9999.0 -9999.0 -9999.0 -9999.0 -9999.0 -9999.0 -9999.0 -9999.0 -9999.0 -9999.0 -9999.0 -9999.0 -9999.0 -9999.0 -9999.0 -9999.0 -9999.0 01007.569 01014.757 01019.982 01026.793 01032.073 01037.248 01041.973 01047.294 01053.388 01058.906 01065.145 01071.749 01078.734 01083.918 01089.211 01094.821 01098.831 01101.557 01103.775 01106.029 01111.545 01122.144 01132.343 01142.388 -9999.000 -9999.0 -9999.0 -9999.0 -9999.0 -9999.0 -9999.000 01137.358 01126.688 01116.231 01106.939 01104.707 01102.502 01100.334 01097.465 01091.697 01086.307
-9999.0 -9999.0 -9999.0 -9999.0 -9999.0 -9999.0 -9999.0 -9999.0 -9999.0 -9999.0 -9999.0 -9999.0 -9999.0 -9999.0 -9999.0 -9999.0 -9999.0 -9999.0 -9999.0 -9999.0 -9999.0 -9999.0 01003.419 01011.419 01017.898 01023.244 01029.509 01034.681 01038.745 01044.539 01050.196 01056.470 01061.982 01068.241 01075.154 01079.004 01086.414 01091.860 01097.464 01100.266 01102.362 01104.483 01106.642 01114.151 01124.282 01134.514 01144.419 -9999.0 -9999.0 -9999.0 -9999.0 -9999.000 01140.751 01130.227 01120.008 01109.809 01105.555 01103.381 01101.212 01098.753 01094.037 01088.488 01083.324
-9999.0 -9999.0 -9999.0 -9999.0 -9999.0 -9999.0 -9999.0 -9999.0 -9999.0 -9999.0 -9999.0 -9999.0 -9999.0 -9999.0 -9999.0 -9999.0 -9999.0 -9999.0 -9999.0 -9999.0 -9999.0 -9999.0 -9999.0 01007.530 01014.680 01019.936 01026.672 01031.931 01037.082 01041.720 01047.070 01053.093 01058.686 01064.731 01071.011 01077.989 01082.985 01087.990 01093.339 01098.672 01100.797 01102.853 01104.957 01107.447 01116.435 01126.359 01136.653 -9999.000 -9999.0 -9999.0 -9999.0 01144.173 01133.904 01123.370 01112.741 01106.306 01104.109 01101.958 01098.939 01096.206 01090.620 01085.345 01078.904
-9999.0 -9999.0 -9999.0 -9999.0 -9999.0 -9999.0 -9999.0 -9999.0 -9999.0 -9999.0 -9999.0 -9999.0 -9999.0 -9999.0 -9999.0 -9999.0 -9999.0 -9999.0 -9999.0 -9999.0 -9999.0 -9999.0 -9999.0 01002.938 01010.964 01017.508 01022.136 01029.123 01034.197 01038.386 01043.774 01049.094 01055.235 01060.447 01066.381 01072.846 01078.800 01084.265 01089.279 01094.584 01098.778 01101.216 01103.284 01105.390 01108.980 01118.581 01128.432 01138.723 -9999.000 -9999.0 -9999.000 01137.475 01126.920 01116.637 01107.330 01104.853 01102.681 01100.556 01098.157 01092.474 01087.116 01082.057 01076.541
-9999.0 -9999.0 -9999.0 -9999.0 -9999.0 -9999.0 -9999.0 -9999.0 -9999.0 -9999.0 -9999.0 -9999.0 -9999.0 -9999.0 -9999.0 -9999.0 -9999.0 -9999.0 -9999.0 -9999.0 -9999.0 -9999.0 -9999.0 -9999.0 01006.543 01013.683 01019.483 01025.526 01030.706 01035.710 01039.522 01045.197 01050.731 01056.716 01062.031 01067.938 01074.400 01078.916 01085.266 01090.350 01095.715 01098.879 01101.637 01103.717 01105.820 01110.349 01120.328 01129.454 01137.757 -9999.000 01137.329 01128.621 01119.703 01109.598 01105.511 01103.375 01101.267 01098.774 01094.354 01088.887 01083.746 01078.730 01071.874
-9999.0 -9999.0 -9999.0 -9999.0 -9999.0 -9999.0 -9999.0 -9999.0 -9999.0 -9999.0 -9999.0 -9999.0 -9999.0 -9999.0 -9999.0 -9999.0 -9999.0 -9999.0 -9999.0 -9999.0 -9999.0 -9999.0 -9999.0 -9999.0 -9999.0 01008.828 01015.611 01020.214 01027.068 01032.112 01037.071 01041.392 01046.524 01052.073 01057.708 01063.247 01069.210 01075.863 01079.026 01086.302 01091.408 01096.858 01099.117 01101.972 01104.015 01106.116 01110.112 01118.081 01124.993 01132.958 01125.017 01117.812 01109.552 01105.865 01103.912 01101.784 01098.907 01095.971 01090.532 01085.382 01078.914 01074.142 01067.521
