developer_scripts/forCreateIgnition/farsiteOutputs/a_originalIgnitions/WorkAsIs/b_flatland_centerIgnit/flatland_centerIgnit_ArrivalTime.asc
NCOLS 100
NROWS 100
XLLCORNER 20000.000000
YLLCORNER 20000.000000
CELLSIZE 30.000000
NODATA_VALUE -9999.0
[rows 28 to 55 of 100, columns 0 to 63 of 100]
-9999.0 -9999.0 -9999.0 -9999.0 -9999.0 -9999.0 -9999.0 -9999.0 -9999.0 -9999.0 -9999.0 -9999.0 -9999.0 -9999.0 -9999.0 -9999.0 -9999.0 -9999.0 -9999.0 -9999.0 00414.165 00399.149 00384.356 00369.778 00355.753 00341.980 00328.447 00315.732 00303.837 00292.058 00280.650 00269.576 00258.861 00248.294 00237.844 00227.536 00217.811 00208.393 00199.226 00191.079 00183.922 00177.083 00170.452 00165.356 00160.306 00156.480 00153.114 00150.271 00148.983 00150.867 00153.003 00155.730 00159.561 00163.650 00169.026 00174.815 00180.861 00188.237 00196.182 00204.328 00212.987 00221.736 00230.546 00239.452
-9999.0 -9999.0 -9999.0 -9999.0 -9999.0 -9999.0 -9999.0 -9999.0 -9999.0 -9999.0 -9999.0 -9999.0 -9999.0 -9999.0 -9999.0 -9999.0 -9999.0 -9999.0 -9999.0 -9999.0 00409.994 00394.246 00379.495 00364.934 00350.550 00336.726 00323.136 00309.776 00297.321 00285.596 00274.034 00262.774 00251.954 00241.408 00230.969 00220.661 00210.506 00201.057 00191.838 00182.744 00175.552 00168.536 00161.928 00156.271 00151.248 00147.072 00143.551 00140.636 00139.172 00141.145 00143.424 00146.180 00150.230 00154.505 00160.131 00166.027 00172.362 00180.218 00188.194 00196.592 00205.225 00213.936 00222.720 00231.739
-9999.0 -9999.0 -9999.0 -9999.0 -9999.0 -9999.0 -9999.0 -9999.0 -9999.0 -9999.0 -9999.0 -9999.0 -9999.0 -9999.0 -9999.0 -9999.0 -9999.0 -9999.0 -9999.0 -9999.0 00406.128 00390.387 00374.824 00360.124 00345.784 00331.634 00317.977 00304.583 00291.365 00279.166 00267.609 00256.254 00245.152 00234.578 00224.168 00213.856 00203.690 00193.850 00184.521 00175.449 00167.206 00160.168 00153.450 00147.227 00142.232 00137.706 00134.072 00131.063 00129.413 00131.480 00133.891 00136.914 00140.945 00145.672 00151.325 00157.266 00164.421 00172.300 00180.386 00188.899 00197.509 00206.181 00214.932 00224.184
-9999.0 -9999.0 -9999.0 -9999.0 -9999.0 -9999.0 -9999.0 -9999.0 -9999.0 -9999.0 -9999.0 -9999.0 -9999.0 -9999.0 -9999.0 -9999.0 -9999.0 -9999.0 -9999.0 00418.588 00402.498 00386.619 00371.078 00355.729 00341.058 00326.956 00313.014 00299.497 00286.274 00273.201 00261.248 00249.860 00238.713 00227.793 00217.402 00207.128 00196.942 00186.918 00177.384 00168.202 00159.156 00151.887 00145.022 00138.440 00133.259 00128.384 00124.780 00121.565 00119.705 00121.890 00124.406 00127.695 00131.706 00136.893 00142.627 00148.681 00156.536 00164.423 00172.778 00181.282 00189.834 00198.476 00207.457 00216.717
-9999.0 -9999.0 -9999.0 -9999.0 -9999.0 -9999.0 -9999.0 -9999.0 -9999.0 -9999.0 -9999.0 -9999.0 -9999.0 -9999.0 -9999.0 -9999.0 -9999.0 -9999.0 -9999.0 00415.676 00398.987 00383.067 00367.442 00352.067 00336.968 00322.276 00308.396 00294.652 00281.268 00268.221 00255.292 00243.588 00232.367 00221.384 00210.689 00200.426 00190.289 00180.253 00170.323 00161.072 00152.000 00143.626 00136.715 00130.082 00124.328 00119.392 00115.513 00112.122 00110.016 00112.355 00114.946 00118.515 00122.566 00128.170 00133.943 00140.888 00148.717 00156.784 00165.208 00173.694 00182.228 00190.926 00200.023 00209.303
-9999.0 -9999.0 -9999.0 -9999.0 -9999.0 -9999.0 -9999.0 -9999.0 -9999.0 -9999.0 -9999.0 -9999.0 -9999.0 -9999.0 -9999.0 -9999.0 -9999.0 -9999.0 -9999.0 00413.026 00396.342 00379.917 00363.949 00348.537 00333.349 00318.476 00303.794 00290.093 00276.546 00263.292 00250.404 00237.641 00226.142 00215.085 00204.267 00193.805 00183.687 00173.660 00163.725 00154.020 00144.903 00135.880 00128.502 00121.783 00115.421 00110.498 00106.259 00102.747 00100.346 00102.893 00105.502 00109.349 00113.886 00119.528 00125.355 00133.138 00140.936 00149.264 00157.678 00166.133 00174.650 00183.594 00192.694 00202.292
-9999.0 -9999.0 -9999.0 -9999.0 -9999.0 -9999.0 -9999.0 -9999.0 -9999.0 -9999.0 -9999.0 -9999.0 -9999.0 -9999.0 -9999.0 -9999.0 -9999.0 -9999.0 -9999.0 00410.627 00393.748 00377.340 00361.131 00345.125 00329.928 00314.962 00300.254 00285.716 00272.031 00258.674 00245.566 00232.839 00220.198 00208.902 00198.014 00187.354 00177.117 00167.105 00157.164 00147.328 00137.903 00128.870 00120.286 00113.535 00106.942 00101.614 00097.013 00093.395 00090.674 00093.417 00096.231 00100.191 00105.236 00110.886 00117.660 00125.426 00133.472 00141.799 00150.179 00158.612 00167.317 00176.299 00185.378 00196.135
-9999.0 -9999.0 -9999.0 -9999.0 -9999.0 -9999.0 -9999.0 -9999.0 -9999.0 -9999.0 -9999.0 -9999.0 -9999.0 -9999.0 -9999.0 -9999.0 -9999.0 -9999.0 -9999.0 00408.809 00391.716 00374.857 00358.591 00342.629 00326.881 00311.583 00296.836 00282.279 00267.932 00254.229 00241.055 00228.064 00215.478 00202.975 00191.884 00181.183 00170.627 00160.584 00150.667 00140.812 00131.072 00121.927 00112.923 00105.321 00098.692 00092.736 00087.851 00084.046 00081.012 00083.920 00087.098 00091.044 00096.604 00102.237 00109.991 00117.792 00126.056 00134.367 00142.719 00151.177 00160.062 00169.019 00179.280 00190.005
-9999.0 -9999.0 -9999.0 -9999.0 -9999.0 -9999.0 -9999.0 -9999.0 -9999.0 -9999.0 -9999.0 -9999.0 -9999.0 -9999.0 -9999.0 -9999.0 -9999.0 -9999.0 -9999.0 00407.316 00389.934 00373.092 00356.456 00340.142 00324.417 00308.890 00293.537 00278.949 00264.571 00250.390 00236.664 00223.651 00210.768 00198.321 00185.962 00175.078 00164.515 00154.105 00144.197 00134.375 00124.622 00115.003 00106.011 00097.067 00090.466 00083.895 00078.999 00074.767 00071.363 00074.484 00077.980 00082.383 00087.980 00094.565 00102.339 00110.417 00118.678 00126.963 00135.291 00143.982 00152.833 00162.587 00173.244 00184.168
-9999.0 -9999.0 -9999.0 -9999.0 -9999.0 -9999.0 -9999.0 -9999.0 -9999.0 -9999.0 -9999.0 -9999.0 -9999.0 -9999.0 -9999.0 -9999.0 -9999.0 -9999.0 -9999.0 00406.247 00388.786 00371.588 00354.721 00338.359 00322.189 00306.471 00291.145 00276.003 00261.285 00247.119 00233.110 00219.294 00206.444 00193.725 00181.386 00169.126 00158.422 00147.974 00137.764 00127.956 00118.214 00108.517 00099.121 00090.113 00082.242 00075.689 00070.158 00065.587 00061.725 00065.134 00068.873 00073.784 00079.363 00086.945 00094.826 00103.059 00111.314 00119.588 00128.042 00136.803 00145.997 00156.611 00167.399 00178.361
-9999.0 -9999.0 -9999.0 -9999.0 -9999.0 -9999.0 -9999.0 -9999.0 -9999.0 -9999.0 -9999.0 -9999.0 -9999.0 -9999.0 -9999.0 -9999.0 -9999.0 -9999.0 -9999.0 00405.657 00387.973 00370.557 00353.558 00336.851 00320.512 00304.589 00288.835 00273.636 00258.689 00243.921 00229.879 00216.030 00202.302 00189.438 00176.887 00164.619 00152.444 00141.919 00131.587 00121.574 00111.835 00102.127 00092.463 00083.259 00074.210 00067.483 00061.324 00056.578 00052.131 00055.942 00059.776 00065.191 00071.557 00079.360 00087.488 00095.717 00103.961 00112.229 00120.915 00129.641 00140.101 00150.781 00161.618 00173.545
-9999.0 -9999.0 -9999.0 -9999.0 -9999.0 -9999.0 -9999.0 -9999.0 -9999.0 -9999.0 -9999.0 -9999.0 -9999.0 -9999.0 -9999.0 -9999.0 -9999.0 -9999.0 -9999.0 00405.153 00387.346 00369.896 00352.718 00335.840 00319.334 00303.075 00287.203 00271.646 00256.362 00241.616 00227.022 00212.842 00199.146 00185.594 00172.637 00160.200 00147.993 00135.874 00125.571 00115.329 00105.466 00095.767 00086.091 00076.455 00067.405 00059.276 00052.835 00047.711 00042.598 00046.824 00051.131 00056.617 00064.013 00071.969 00080.168 00088.385 00096.621 00105.104 00113.770 00123.719 00134.315 00145.035 00156.830 00168.733
-9999.0 -9999.0 -9999.0 -9999.0 -9999.0 -9999.0 -9999.0 -9999.0 -9999.0 -9999.0 -9999.0 -9999.0 -9999.0 -9999.0 -9999.0 -9999.0 -9999.0 -9999.0 -9999.0 00407.907 00388.942 00370.210 00352.012 00335.084 00318.442 00302.080 00286.007 00270.124 00254.704 00239.536 00224.749 00210.306 00196.021 00182.484 00169.056 00155.969 00143.656 00131.507 00119.547 00109.307 00099.144 00089.414 00079.750 00070.110 00060.647 00051.593 00044.731 00038.924 00033.374 00037.774 00042.660 00048.737 00056.527 00064.671 00072.862 00081.067 00089.371 00097.965 00107.392 00117.987 00128.595 00140.260 00152.070 00164.520
-9999.0 -9999.0 -9999.0 -9999.0 -9999.0 -9999.0 -9999.0 -9999.0 -9999.0 -9999.0 -9999.0 -9999.0 -9999.0 -9999.0 -9999.0 -9999.0 -9999.0 -9999.0 -9999.0 00410.716 00391.695 00372.983 00354.497 00336.273 00318.259 00301.195 00285.030 00269.103 00253.423 00238.004 00222.988 00208.144 00193.809 00179.680 00165.981 00152.670 00139.440 00127.249 00115.148 00103.270 00093.112 00083.077 00073.420 00063.789 00054.209 00044.976 00036.662 00030.453 00024.344 00029.006 00034.249 00041.372 00049.295 00057.400 00065.566 00073.761 00082.238 00091.122 00101.708 00112.288 00123.845 00135.550 00147.963 00160.608
-9999.0 -9999.0 -9999.0 -9999.0 -9999.0 -9999.0 -9999.0 -9999.0 -9999.0 -9999.0 -9999.0 -9999.0 -9999.0 -9999.0 -9999.0 -9999.0 -9999.0 -9999.0 -9999.0 00414.193 00394.980 00376.092 00357.450 00339.118 00321.108 00303.357 00285.763 00268.317 00252.335 00236.855 00221.605 00206.631 00191.958 00177.501 00163.504 00149.617 00136.423 00123.313 00110.945 00098.853 00087.057 00076.981 00067.099 00057.490 00047.966 00038.525 00029.459 00022.389 00015.428 00020.467 00026.362 00034.127 00042.120 00050.176 00058.289 00066.588 00075.086 00085.472 00096.041 00107.512 00119.203 00131.559 00144.121 00157.049
-9999.0 -9999.0 -9999.0 -9999.0 -9999.0 -9999.0 -9999.0 -9999.0 -9999.0 -9999.0 -9999.0 -9999.0 -9999.0 -9999.0 -9999.0 -9999.0 -9999.0 -9999.0 -9999.0 00418.396 00398.941 00379.785 00360.905 00342.375 00324.258 00306.408 00288.789 00271.397 00254.161 00237.088 00220.358 00205.283 00190.470 00175.879 00161.496 00147.462 00133.670 00120.317 00107.260 00094.690 00082.616 00070.906 00060.919 00051.225 00041.753 00032.363 00023.082 00014.333 00006.660 00012.010 00019.218 00027.063 00035.001 00042.996 00051.077 00059.434 00069.279 00079.841 00091.238 00102.946 00115.211 00127.673 00140.408 00154.641
-9999.0 -9999.0 -9999.0 -9999.0 -9999.0 -9999.0 -9999.0 -9999.0 -9999.0 -9999.0 -9999.0 -9999.0 -9999.0 -9999.0 -9999.0 -9999.0 -9999.0 -9999.0 -9999.0 -9999.0 00403.360 00384.131 00365.203 00346.534 00328.168 00310.057 00292.202 00274.592 00257.275 00240.264 00223.410 00206.676 00190.028 00174.294 00159.802 00145.550 00131.577 00117.824 00104.291 00091.270 00078.493 00066.433 00054.842 00045.055 00035.586 00026.249 00016.995 00007.823 0.0 00000.000 00012.211 00020.042 00027.930 00035.875 00043.995 00053.163 00063.693 00074.987 00086.685 00098.775 00111.153 00124.705 00140.373 00156.009
-9999.0 -9999.0 -9999.0 -9999.0 -9999.0 -9999.0 -9999.0 -9999.0 -9999.0 -9999.0 -9999.0 -9999.0 -9999.0 -9999.0 -9999.0 -9999.0 -9999.0 -9999.0 -9999.0 -9999.0 00408.833 00389.355 00370.163 00351.254 00332.630 00314.302 00296.254 00278.581 00261.130 00243.939 00226.951 00210.154 00193.578 00177.177 00160.735 00144.310 00129.535 00115.613 00101.878 00088.409 00075.308 00062.360 00050.369 00039.006 00029.452 00020.170 00010.967 00000.000 0.0 0.0 00000.000 00013.063 00020.901 00028.822 00037.250 00047.686 00058.640 00070.281 00082.227 00094.723 00110.797 00126.427 00142.019 00157.855
-9999.0 -9999.0 -9999.0 -9999.0 -9999.0 -9999.0 -9999.0 -9999.0 -9999.0 -9999.0 -9999.0 -9999.0 -9999.0 -9999.0 -9999.0 -9999.0 -9999.0 -9999.0 -9999.0 -9999.0 00414.611 00395.000 00375.728 00356.712 00338.023 00319.602 00301.453 00283.537 00265.873 00248.440 00231.236 00214.240 00197.437 00180.862 00164.565 00148.335 00132.157 00115.934 00099.457 00085.739 00072.315 00059.147 00046.488 00034.477 00023.398 00014.116 00000.000 0.0 0.0 0.0 0.0 00000.000 00013.916 00021.798 00031.736 00042.387 00053.620 00065.409 00081.508 00097.442 00113.133 00128.747 00144.505 00160.641
-9999.0 -9999.0 -9999.0 -9999.0 -9999.0 -9999.0 -9999.0 -9999.0 -9999.0 -9999.0 -9999.0 -9999.0 -9999.0 -9999.0 -9999.0 -9999.0 -9999.0 -9999.0 -9999.0 -9999.0 -9999.0 00401.544 00382.049 00362.863 00343.943 00325.339 00306.995 00288.895 00271.029 00253.477 00236.215 00219.147 00202.279 00185.620 00169.128 00152.790 00136.590 00120.535 00104.404 00088.163 00071.744 00055.790 00042.815 00030.373 00018.486 00008.105 0.0 0.0 0.0 0.0 0.0 0.0 00000.000 00015.717 00025.945 00036.860 00052.600 00068.928 00084.673 00100.469 00116.321 00132.239 00148.274 00164.457
-9999.0 -9999.0 -9999.0 -9999.0 -9999.0 -9999.0 -9999.0 -9999.0 -9999.0 -9999.0 -9999.0 -9999.0 -9999.0 -9999.0 -9999.0 -9999.0 -9999.0 -9999.0 -9999.0 -9999.0 -9999.0 00408.832 00389.232 00369.925 00350.908 00332.190 00313.768 00295.595 00277.672 00259.977 00242.541 00225.312 00208.269 00191.432 00174.798 00158.301 00141.953 00125.744 00109.628 00093.567 00077.561 00061.422 00045.098 00028.508 00013.651 00000.000 0.0 0.0 0.0 0.0 0.0 0.0 00000.000 00009.243 00024.607 00040.983 00056.763 00072.530 00088.358 00104.399 00120.506 00136.688 00152.997 00169.437
-9999.0 -9999.0 -9999.0 -9999.0 -9999.0 -9999.0 -9999.0 -9999.0 -9999.0 -9999.0 -9999.0 -9999.0 -9999.0 -9999.0 -9999.0 -9999.0 -9999.0 -9999.0 -9999.0 -9999.0 -9999.0 00416.593 00396.851 00377.434 00358.278 00339.434 00320.863 00302.577 00284.523 00266.717 00249.145 00231.809 00214.682 00197.761 00181.051 00164.503 00148.117 00131.908 00115.848 00099.851 00083.901 00067.995 00052.171 00036.588 00020.739 00000.000 0.0 0.0 0.0 0.0 0.0 0.0 0.0 00014.726 00030.588 00046.254 00062.086 00078.079 00094.121 00110.213 00126.353 00142.581 00158.943 00175.447
-9999.0 -9999.0 -9999.0 -9999.0 -9999.0 -9999.0 -9999.0 -9999.0 -9999.0 -9999.0 -9999.0 -9999.0 -9999.0 -9999.0 -9999.0 -9999.0 -9999.0 -9999.0 -9999.0 -9999.0 -9999.0 -9999.0 00405.432 00385.946 00366.758 00347.845 00329.242 00310.904 00292.831 00275.010 00257.421 00240.071 00222.940 00206.004 00189.270 00172.744 00156.360 00140.131 00124.027 00107.978 00091.978 00076.017 00060.248 00045.248 00030.495 00016.015 00000.000 0.0 0.0 0.0 0.0 0.0 00000.000 00023.461 00038.587 00053.966 00069.595 00085.336 00101.147 00117.024 00132.932 00148.968 00165.234 00181.788
-9999.0 -9999.0 -9999.0 -9999.0 -9999.0 -9999.0 -9999.0 -9999.0 -9999.0 -9999.0 -9999.0 -9999.0 -9999.0 -9999.0 -9999.0 -9999.0 -9999.0 -9999.0 -9999.0 -9999.0 -9999.0 -9999.0 00415.104 00395.466 00376.161 00357.111 00338.382 00319.925 00301.790 00283.924 00266.300 00248.901 00231.729 00214.753 00197.963 00181.370 00164.896 00148.523 00132.950 00117.518 00102.169 00086.897 00071.712 00056.705 00041.958 00027.421 00013.073 0.0 0.0 0.0 0.0 00000.000 00018.420 00033.321 00048.453 00063.789 00079.259 00094.807 00110.579 00126.421 00142.371 00158.453 00174.679 00191.075
-9999.0 -9999.0 -9999.0 -9999.0 -9999.0 -9999.0 -9999.0 -9999.0 -9999.0 -9999.0 -9999.0 -9999.0 -9999.0 -9999.0 -9999.0 -9999.0 -9999.0 -9999.0 -9999.0 -9999.0 -9999.0 -9999.0 -9999.0 00405.523 00386.150 00367.068 00348.256 00329.747 00311.505 00293.499 00275.735 00258.191 00240.882 00224.124 00207.773 00191.641 00175.729 00159.968 00144.354 00128.875 00113.614 00098.540 00083.519 00068.544 00053.649 00038.954 00024.444 00000.000 0.0 0.0 0.0 00013.420 00028.264 00043.307 00058.573 00074.016 00089.513 00105.062 00120.664 00136.349 00152.172 00168.127 00184.296 00200.750
-9999.0 -9999.0 -9999.0 -9999.0 -9999.0 -9999.0 -9999.0 -9999.0 -9999.0 -9999.0 -9999.0 -9999.0 -9999.0 -9999.0 -9999.0 -9999.0 -9999.0 -9999.0 -9999.0 -9999.0 -9999.0 -9999.0 -9999.0 00416.203 00396.675 00377.450 00358.472 00339.784 00321.599 00304.004 00286.621 00269.477 00252.582 00235.932 00219.523 00203.335 00187.330 00171.591 00156.130 00140.795 00125.602 00110.498 00095.442 00080.431 00065.469 00050.608 00035.951 00021.538 00000.000 0.0 00000.000 00023.319 00038.264 00053.388 00068.789 00084.270 00099.797 00115.378 00131.013 00146.772 00162.664 00178.682 00194.866 00211.244
-9999.0 -9999.0 -9999.0 -9999.0 -9999.0 -9999.0 -9999.0 -9999.0 -9999.0 -9999.0 -9999.0 -9999.0 -9999.0 -9999.0 -9999.0 -9999.0 -9999.0 -9999.0 -9999.0 -9999.0 -9999.0 -9999.0 -9999.0 -9999.0 00407.919 00389.052 00370.458 00352.140 00334.104 00316.350 00298.835 00281.662 00264.730 00248.011 00231.586 00215.514 00199.609 00183.914 00168.365 00152.951 00137.654 00122.488 00107.401 00092.360 00077.459 00062.742 00048.045 00034.502 00022.990 00000.000 00023.554 00035.766 00048.994 00064.288 00079.590 00094.857 00110.150 00125.761 00141.456 00157.283 00173.254 00189.361 00205.662 00222.148
-9999.0 -9999.0 -9999.0 -9999.0 -9999.0 -9999.0 -9999.0 -9999.0 -9999.0 -9999.0 -9999.0 -9999.0 -9999.0 -9999.0 -9999.0 -9999.0 -9999.0 -9999.0 -9999.0 -9999.0 -9999.0 -9999.0 -9999.0 -9999.0 -9999.0 00402.205 00383.425 00364.988 00346.902 00329.099 00311.538 00294.297 00277.458 00260.816 00244.417 00228.217 00212.196 00196.359 00180.700 00165.196 00149.817 00134.567 00119.713 00104.987 00090.228 00075.416 00063.243 00051.393 00041.095 00029.867 00041.059 00051.781 00064.392 00077.156 00090.984 00106.341 00121.655 00136.982 00152.435 00168.017 00183.996 00200.192 00216.598 00233.181
