developer_scripts/forCreateIgnition/farsiteOutputs/a_originalIgnitions/WorkAsIs/b_flatland_centerIgnit/flatland_centerIgnit_SpreadDirection.asc
NCOLS 100
NROWS 100
XLLCORNER 20000.000000
YLLCORNER 20000.000000
CELLSIZE 30.000000
NODATA_VALUE -9999.0
[rows 37 to 73 of 100, columns 0 to 82 of 100]
-9999 -9999 -9999 -9999 -9999 -9999 -9999 -9999 -9999 -9999 -9999 -9999 -9999 -9999 -9999 -9999 -9999 -9999 -9999 272 274 274 276 276 276 279 279 279 283 284 284 289 289 289 291 291 301 301 304 304 304 304 308 308 322 322 332 334 020 020 023 032 032 045 048 048 048 048 050 050 061 060 062 068 068 068 072 072 075 075 077 077 078 078 090 089 089 089 091 091 -9999 -9999 -9999
-9999 -9999 -9999 -9999 -9999 -9999 -9999 -9999 -9999 -9999 -9999 -9999 -9999 -9999 -9999 -9999 -9999 -9999 -9999 272 273 273 274 274 276 276 276 279 279 279 284 284 284 289 289 291 291 301 301 304 304 304 304 308 307 322 332 332 022 022 022 032 046 045 048 048 048 050 050 050 061 061 062 068 068 072 072 075 075 077 077 077 090 090 090 091 091 091 091 094 -9999 -9999 -9999
-9999 -9999 -9999 -9999 -9999 -9999 -9999 -9999 -9999 -9999 -9999 -9999 -9999 -9999 -9999 -9999 -9999 -9999 -9999 262 273 273 273 273 274 274 276 276 279 279 279 284 283 283 289 289 290 301 301 301 304 304 304 304 307 322 322 330 027 024 032 032 046 048 048 048 048 050 050 061 061 061 068 068 072 072 075 076 077 077 091 090 090 091 091 091 094 094 094 -9999 -9999 -9999 -9999
-9999 -9999 -9999 -9999 -9999 -9999 -9999 -9999 -9999 -9999 -9999 -9999 -9999 -9999 -9999 -9999 -9999 -9999 -9999 262 262 262 273 273 273 274 274 274 276 276 279 279 279 283 283 289 290 290 301 301 301 304 304 304 307 307 322 328 328 027 032 046 046 048 048 048 050 050 061 061 061 068 068 072 075 075 076 076 077 091 091 091 091 094 094 094 094 094 094 -9999 -9999 -9999 -9999
-9999 -9999 -9999 -9999 -9999 -9999 -9999 -9999 -9999 -9999 -9999 -9999 -9999 -9999 -9999 -9999 -9999 -9999 -9999 260 262 262 262 262 261 274 274 274 275 275 276 276 279 279 283 283 283 290 290 301 301 304 304 304 304 307 323 323 323 032 032 046 048 048 048 048 050 061 061 061 068 068 072 074 075 075 076 092 092 091 091 094 094 094 094 094 098 098 098 -9999 -9999 -9999 -9999
-9999 -9999 -9999 -9999 -9999 -9999 -9999 -9999 -9999 -9999 -9999 -9999 -9999 -9999 -9999 -9999 -9999 -9999 -9999 260 260 260 260 260 261 261 261 260 275 275 275 276 276 279 279 283 283 283 290 290 302 302 304 304 304 304 306 320 320 035 047 048 048 048 048 049 049 061 061 068 072 072 073 074 075 093 092 092 094 094 094 094 098 098 098 098 099 099 099 -9999 -9999 -9999 -9999
-9999 -9999 -9999 -9999 -9999 -9999 -9999 -9999 -9999 -9999 -9999 -9999 -9999 -9999 -9999 -9999 -9999 -9999 -9999 258 258 258 258 260 260 260 260 260 260 260 276 276 276 277 277 279 279 283 283 289 289 302 302 304 304 304 305 315 304 040 047 048 048 048 049 049 062 061 068 070 071 072 073 095 094 094 094 094 094 098 098 098 098 098 098 099 102 102 102 -9999 -9999 -9999 -9999
-9999 -9999 -9999 -9999 -9999 -9999 -9999 -9999 -9999 -9999 -9999 -9999 -9999 -9999 -9999 -9999 -9999 -9999 -9999 -9999 258 258 258 258 258 258 258 258 260 260 259 259 258 277 277 278 279 280 283 283 289 289 302 303 304 304 304 304 -9999 -9999 048 048 048 048 049 062 062 067 068 070 071 096 095 095 094 098 098 098 098 098 098 098 102 102 102 102 102 102 102 -9999 -9999 -9999 -9999
-9999 -9999 -9999 -9999 -9999 -9999 -9999 -9999 -9999 -9999 -9999 -9999 -9999 -9999 -9999 -9999 -9999 -9999 -9999 -9999 254 254 254 254 254 254 258 258 258 258 258 258 258 258 257 256 280 280 281 283 284 289 289 303 304 304 304 -9999 -9999 -9999 -9999 048 048 048 062 062 065 067 068 100 098 096 098 098 098 098 098 103 103 103 103 103 102 103 103 103 103 103 -9999 -9999 -9999 -9999 -9999
-9999 -9999 -9999 -9999 -9999 -9999 -9999 -9999 -9999 -9999 -9999 -9999 -9999 -9999 -9999 -9999 -9999 -9999 -9999 -9999 254 254 254 254 254 254 254 254 254 254 254 254 254 258 257 256 256 254 253 283 284 286 287 289 304 304 -9999 -9999 -9999 -9999 -9999 -9999 048 048 060 062 065 066 101 100 098 098 103 103 103 103 103 103 103 103 103 103 103 103 103 103 103 108 -9999 -9999 -9999 -9999 -9999
-9999 -9999 -9999 -9999 -9999 -9999 -9999 -9999 -9999 -9999 -9999 -9999 -9999 -9999 -9999 -9999 -9999 -9999 -9999 -9999 -9999 250 250 250 250 250 250 250 250 254 254 254 254 254 254 254 255 255 253 252 250 286 287 291 293 304 -9999 -9999 -9999 -9999 -9999 -9999 -9999 057 060 062 104 103 102 103 103 103 103 103 103 103 103 109 109 109 109 109 109 109 108 108 108 108 -9999 -9999 -9999 -9999 -9999
-9999 -9999 -9999 -9999 -9999 -9999 -9999 -9999 -9999 -9999 -9999 -9999 -9999 -9999 -9999 -9999 -9999 -9999 -9999 -9999 -9999 249 249 249 249 250 250 250 250 250 250 250 250 250 250 250 250 250 250 250 250 249 247 243 297 -9999 -9999 -9999 -9999 -9999 -9999 -9999 -9999 054 110 109 104 102 109 109 109 109 109 109 109 109 109 109 109 109 109 109 109 109 109 109 109 -9999 -9999 -9999 -9999 -9999 -9999
-9999 -9999 -9999 -9999 -9999 -9999 -9999 -9999 -9999 -9999 -9999 -9999 -9999 -9999 -9999 -9999 -9999 -9999 -9999 -9999 -9999 249 249 249 249 249 249 249 249 250 250 250 250 250 250 250 244 243 244 244 244 244 244 244 240 -9999 -9999 -9999 -9999 -9999 -9999 -9999 -9999 116 110 109 109 109 109 109 109 110 110 110 110 111 111 111 111 111 111 111 111 111 111 111 111 -9999 -9999 -9999 -9999 -9999 -9999
-9999 -9999 -9999 -9999 -9999 -9999 -9999 -9999 -9999 -9999 -9999 -9999 -9999 -9999 -9999 -9999 -9999 -9999 -9999 -9999 -9999 -9999 244 244 244 244 244 244 244 244 244 244 244 244 244 244 244 243 243 244 244 244 233 233 232 232 -9999 -9999 -9999 -9999 -9999 -9999 -9999 123 122 121 121 121 120 120 120 120 120 110 110 111 111 111 111 111 111 111 111 112 112 112 112 -9999 -9999 -9999 -9999 -9999 -9999
-9999 -9999 -9999 -9999 -9999 -9999 -9999 -9999 -9999 -9999 -9999 -9999 -9999 -9999 -9999 -9999 -9999 -9999 -9999 -9999 -9999 -9999 244 244 244 244 244 244 242 242 242 242 242 243 243 243 243 243 234 234 234 234 233 232 232 232 232 -9999 -9999 -9999 -9999 -9999 123 123 123 123 123 121 120 120 120 120 120 119 119 119 119 119 119 119 119 119 118 118 118 118 -9999 -9999 -9999 -9999 -9999 -9999 -9999
-9999 -9999 -9999 -9999 -9999 -9999 -9999 -9999 -9999 -9999 -9999 -9999 -9999 -9999 -9999 -9999 -9999 -9999 -9999 -9999 -9999 -9999 -9999 242 242 242 242 242 242 242 242 242 242 235 235 235 234 234 234 234 232 232 232 232 232 232 232 -9999 -9999 -9999 -9999 123 123 123 123 123 123 123 123 123 123 123 120 120 120 120 120 120 119 119 119 118 119 119 118 118 -9999 -9999 -9999 -9999 -9999 -9999 -9999
-9999 -9999 -9999 -9999 -9999 -9999 -9999 -9999 -9999 -9999 -9999 -9999 -9999 -9999 -9999 -9999 -9999 -9999 -9999 -9999 -9999 -9999 -9999 242 242 242 242 242 235 235 235 235 235 235 234 234 234 232 232 232 232 232 232 232 232 232 232 232 -9999 -9999 -9999 123 124 123 123 123 123 123 123 123 123 123 123 123 123 123 123 120 120 120 120 120 120 120 119 -9999 -9999 -9999 -9999 -9999 -9999 -9999 -9999
-9999 -9999 -9999 -9999 -9999 -9999 -9999 -9999 -9999 -9999 -9999 -9999 -9999 -9999 -9999 -9999 -9999 -9999 -9999 -9999 -9999 -9999 -9999 -9999 236 236 235 235 235 235 235 234 234 234 232 232 232 232 232 232 232 232 232 232 230 230 231 215 218 -9999 139 142 125 125 126 126 123 123 123 123 123 123 123 123 123 123 123 123 123 123 123 123 120 120 120 -9999 -9999 -9999 -9999 -9999 -9999 -9999 -9999
-9999 -9999 -9999 -9999 -9999 -9999 -9999 -9999 -9999 -9999 -9999 -9999 -9999 -9999 -9999 -9999 -9999 -9999 -9999 -9999 -9999 -9999 -9999 -9999 -9999 236 236 234 234 234 234 232 232 232 232 232 232 232 232 232 232 232 229 229 230 230 215 215 210 215 147 142 141 141 126 126 127 127 127 127 123 123 123 123 123 123 123 123 123 123 123 123 123 123 -9999 -9999 -9999 -9999 -9999 -9999 -9999 -9999 -9999
-9999 -9999 -9999 -9999 -9999 -9999 -9999 -9999 -9999 -9999 -9999 -9999 -9999 -9999 -9999 -9999 -9999 -9999 -9999 -9999 -9999 -9999 -9999 -9999 -9999 234 234 234 232 232 232 232 232 232 232 232 232 232 232 229 229 229 229 229 216 216 216 205 203 207 154 151 141 141 141 140 127 127 128 127 127 127 127 123 123 123 123 123 123 123 123 123 123 -9999 -9999 -9999 -9999 -9999 -9999 -9999 -9999 -9999 -9999
-9999 -9999 -9999 -9999 -9999 -9999 -9999 -9999 -9999 -9999 -9999 -9999 -9999 -9999 -9999 -9999 -9999 -9999 -9999 -9999 -9999 -9999 -9999 -9999 -9999 -9999 232 232 232 232 232 232 232 232 232 232 232 229 229 229 228 228 217 217 215 216 206 206 199 201 157 158 151 141 141 140 140 140 128 128 128 128 127 127 127 127 123 123 123 124 124 124 123 -9999 -9999 -9999 -9999 -9999 -9999 -9999 -9999 -9999 -9999
-9999 -9999 -9999 -9999 -9999 -9999 -9999 -9999 -9999 -9999 -9999 -9999 -9999 -9999 -9999 -9999 -9999 -9999 -9999 -9999 -9999 -9999 -9999 -9999 -9999 -9999 -9999 232 232 232 232 232 232 232 229 229 229 229 228 228 228 217 217 215 215 206 206 199 197 198 160 158 151 151 142 142 142 139 139 139 128 128 129 128 128 126 126 126 126 126 124 124 -9999 -9999 -9999 -9999 -9999 -9999 -9999 -9999 -9999 -9999 -9999
-9999 -9999 -9999 -9999 -9999 -9999 -9999 -9999 -9999 -9999 -9999 -9999 -9999 -9999 -9999 -9999 -9999 -9999 -9999 -9999 -9999 -9999 -9999 -9999 -9999 -9999 -9999 -9999 232 232 232 232 229 229 229 227 227 227 227 218 217 217 215 215 206 206 206 199 194 195 162 158 158 151 151 142 142 142 139 139 139 138 129 129 129 128 128 128 126 126 126 -9999 -9999 -9999 -9999 -9999 -9999 -9999 -9999 -9999 -9999 -9999 -9999
-9999 -9999 -9999 -9999 -9999 -9999 -9999 -9999 -9999 -9999 -9999 -9999 -9999 -9999 -9999 -9999 -9999 -9999 -9999 -9999 -9999 -9999 -9999 -9999 -9999 -9999 -9999 -9999 232 232 229 229 229 227 227 227 227 227 218 218 218 215 215 206 206 206 199 199 193 193 164 163 158 158 151 151 151 142 142 139 139 138 138 138 129 129 129 128 128 128 -9999 -9999 -9999 -9999 -9999 -9999 -9999 -9999 -9999 -9999 -9999 -9999 -9999
-9999 -9999 -9999 -9999 -9999 -9999 -9999 -9999 -9999 -9999 -9999 -9999 -9999 -9999 -9999 -9999 -9999 -9999 -9999 -9999 -9999 -9999 -9999 -9999 -9999 -9999 -9999 -9999 -9999 229 229 227 227 227 227 227 219 218 218 218 215 215 215 206 206 199 199 193 191 192 166 163 158 158 151 151 150 150 142 142 142 139 139 138 138 138 130 130 130 130 -9999 -9999 -9999 -9999 -9999 -9999 -9999 -9999 -9999 -9999 -9999 -9999 -9999
-9999 -9999 -9999 -9999 -9999 -9999 -9999 -9999 -9999 -9999 -9999 -9999 -9999 -9999 -9999 -9999 -9999 -9999 -9999 -9999 -9999 -9999 -9999 -9999 -9999 -9999 -9999 -9999 -9999 -9999 227 227 226 227 219 219 219 218 218 214 214 215 207 205 206 199 199 193 190 191 167 167 163 158 158 151 151 150 150 142 142 142 139 139 138 138 138 138 130 -9999 -9999 -9999 -9999 -9999 -9999 -9999 -9999 -9999 -9999 -9999 -9999 -9999 -9999
-9999 -9999 -9999 -9999 -9999 -9999 -9999 -9999 -9999 -9999 -9999 -9999 -9999 -9999 -9999 -9999 -9999 -9999 -9999 -9999 -9999 -9999 -9999 -9999 -9999 -9999 -9999 -9999 -9999 -9999 -9999 226 226 219 219 219 218 218 214 214 214 207 207 205 199 199 193 193 190 190 168 168 163 158 158 158 151 150 150 150 143 143 142 139 139 139 138 138 -9999 -9999 -9999 -9999 -9999 -9999 -9999 -9999 -9999 -9999 -9999 -9999 -9999 -9999 -9999
-9999 -9999 -9999 -9999 -9999 -9999 -9999 -9999 -9999 -9999 -9999 -9999 -9999 -9999 -9999 -9999 -9999 -9999 -9999 -9999 -9999 -9999 -9999 -9999 -9999 -9999 -9999 -9999 -9999 -9999 -9999 -9999 219 219 217 217 215 215 214 214 207 207 205 205 199 199 193 193 189 189 169 168 163 163 158 158 152 152 150 150 150 143 143 142 142 139 139 -9999 -9999 -9999 -9999 -9999 -9999 -9999 -9999 -9999 -9999 -9999 -9999 -9999 -9999 -9999 -9999
-9999 -9999 -9999 -9999 -9999 -9999 -9999 -9999 -9999 -9999 -9999 -9999 -9999 -9999 -9999 -9999 -9999 -9999 -9999 -9999 -9999 -9999 -9999 -9999 -9999 -9999 -9999 -9999 -9999 -9999 -9999 -9999 -9999 217 217 215 215 214 214 207 207 205 205 199 199 199 193 189 188 189 170 168 168 163 158 158 158 152 152 150 150 150 143 143 142 -9999 -9999 -9999 -9999 -9999 -9999 -9999 -9999 -9999 -9999 -9999 -9999 -9999 -9999 -9999 -9999 -9999 -9999
-9999 -9999 -9999 -9999 -9999 -9999 -9999 -9999 -9999 -9999 -9999 -9999 -9999 -9999 -9999 -9999 -9999 -9999 -9999 -9999 -9999 -9999 -9999 -9999 -9999 -9999 -9999 -9999 -9999 -9999 -9999 -9999 -9999 -9999 -9999 215 214 214 207 207 207 205 205 199 199 193 193 190 188 188 170 170 167 163 163 158 158 158 152 152 150 150 150 143 -9999 -9999 -9999 -9999 -9999 -9999 -9999 -9999 -9999 -9999 -9999 -9999 -9999 -9999 -9999 -9999 -9999 -9999 -9999
-9999 -9999 -9999 -9999 -9999 -9999 -9999 -9999 -9999 -9999 -9999 -9999 -9999 -9999 -9999 -9999 -9999 -9999 -9999 -9999 -9999 -9999 -9999 -9999 -9999 -9999 -9999 -9999 -9999 -9999 -9999 -9999 -9999 -9999 -9999 -9999 214 207 207 207 205 205 199 199 199 193 193 190 187 187 171 171 167 163 163 158 158 157 157 152 152 150 150 -9999 -9999 -9999 -9999 -9999 -9999 -9999 -9999 -9999 -9999 -9999 -9999 -9999 -9999 -9999 -9999 -9999 -9999 -9999 -9999
-9999 -9999 -9999 -9999 -9999 -9999 -9999 -9999 -9999 -9999 -9999 -9999 -9999 -9999 -9999 -9999 -9999 -9999 -9999 -9999 -9999 -9999 -9999 -9999 -9999 -9999 -9999 -9999 -9999 -9999 -9999 -9999 -9999 -9999 -9999 -9999 -9999 -9999 207 205 205 199 199 198 193 193 190 190 187 187 171 171 167 167 163 163 158 157 157 152 152 -9999 -9999 -9999 -9999 -9999 -9999 -9999 -9999 -9999 -9999 -9999 -9999 -9999 -9999 -9999 -9999 -9999 -9999 -9999 -9999 -9999 -9999
-9999 -9999 -9999 -9999 -9999 -9999 -9999 -9999 -9999 -9999 -9999 -9999 -9999 -9999 -9999 -9999 -9999 -9999 -9999 -9999 -9999 -9999 -9999 -9999 -9999 -9999 -9999 -9999 -9999 -9999 -9999 -9999 -9999 -9999 -9999 -9999 -9999 -9999 -9999 -9999 205 199 198 198 193 193 190 190 187 186 172 171 167 167 163 163 158 158 157 -9999 -9999 -9999 -9999 -9999 -9999 -9999 -9999 -9999 -9999 -9999 -9999 -9999 -9999 -9999 -9999 -9999 -9999 -9999 -9999 -9999 -9999 -9999 -9999
-9999 -9999 -9999 -9999 -9999 -9999 -9999 -9999 -9999 -9999 -9999 -9999 -9999 -9999 -9999 -9999 -9999 -9999 -9999 -9999 -9999 -9999 -9999 -9999 -9999 -9999 -9999 -9999 -9999 -9999 -9999 -9999 -9999 -9999 -9999 -9999 -9999 -9999 -9999 -9999 -9999 -9999 -9999 198 194 193 190 187 187 186 172 171 171 167 163 163 -9999 -9999 -9999 -9999 -9999 -9999 -9999 -9999 -9999 -9999 -9999 -9999 -9999 -9999 -9999 -9999 -9999 -9999 -9999 -9999 -9999 -9999 -9999 -9999 -9999 -9999 -9999
-9999 -9999 -9999 -9999 -9999 -9999 -9999 -9999 -9999 -9999 -9999 -9999 -9999 -9999 -9999 -9999 -9999 -9999 -9999 -9999 -9999 -9999 -9999 -9999 -9999 -9999 -9999 -9999 -9999 -9999 -9999 -9999 -9999 -9999 -9999 -9999 -9999 -9999 -9999 -9999 -9999 -9999 -9999 -9999 -9999 -9999 -9999 -9999 185 186 172 -9999 -9999 -9999 -9999 -9999 -9999 -9999 -9999 -9999 -9999 -9999 -9999 -9999 -9999 -9999 -9999 -9999 -9999 -9999 -9999 -9999 -9999 -9999 -9999 -9999 -9999 -9999 -9999 -9999 -9999 -9999 -9999
-9999 -9999 -9999 -9999 -9999 -9999 -9999 -9999 -9999 -9999 -9999 -9999 -9999 -9999 -9999 -9999 -9999 -9999 -9999 -9999 -9999 -9999 -9999 -9999 -9999 -9999 -9999 -9999 -9999 -9999 -9999 -9999 -9999 -9999 -9999 -9999 -9999 -9999 -9999 -9999 -9999 -9999 -9999 -9999 -9999 -9999 -9999 -9999 -9999 -9999 -9999 -9999 -9999 -9999 -9999 -9999 -9999 -9999 -9999 -9999 -9999 -9999 -9999 -9999 -9999 -9999 -9999 -9999 -9999 -9999 -9999 -9999 -9999 -9999 -9999 -9999 -9999 -9999 -9999 -9999 -9999 -9999 -9999
-9999 -9999 -9999 -9999 -9999 -9999 -9999 -9999 -9999 -9999 -9999 -9999 -9999 -9999 -9999 -9999 -9999 -9999 -9999 -9999 -9999 -9999 -9999 -9999 -9999 -9999 -9999 -9999 -9999 -9999 -9999 -9999 -9999 -9999 -9999 -9999 -9999 -9999 -9999 -9999 -9999 -9999 -9999 -9999 -9999 -9999 -9999 -9999 -9999 -9999 -9999 -9999 -9999 -9999 -9999 -9999 -9999 -9999 -9999 -9999 -9999 -9999 -9999 -9999 -9999 -9999 -9999 -9999 -9999 -9999 -9999 -9999 -9999 -9999 -9999 -9999 -9999 -9999 -9999 -9999 -9999 -9999 -9999
