developer_scripts/forCreateIgnition/farsiteOutputs/a_originalIgnitions/WorkAsIs/b_flatland_centerIgnit/flatland_centerIgnit_SpreadRate.asc
NCOLS 100
NROWS 100
XLLCORNER 20000.000000
YLLCORNER 20000.000000
CELLSIZE 30.000000
NODATA_VALUE -9999.0
[rows 0 to 30 of 100, columns 0 to 69 of 100]
-9999.0 -9999.0 -9999.0 -9999.0 -9999.0 -9999.0 -9999.0 -9999.0 -9999.0 -9999.0 -9999.0 -9999.0 -9999.0 -9999.0 -9999.0 -9999.0 -9999.0 -9999.0 -9999.0 -9999.0 -9999.0 -9999.0 -9999.0 -9999.0 -9999.0 -9999.0 -9999.0 -9999.0 -9999.0 -9999.0 -9999.0 -9999.0 -9999.0 -9999.0 -9999.0 -9999.0 -9999.0 -9999.0 -9999.0 -9999.0 -9999.0 -9999.0 -9999.0 -9999.0 -9999.0 -9999.0 -9999.0 -9999.0 -9999.0 -9999.0 -9999.0 -9999.0 -9999.0 -9999.0 -9999.0 -9999.0 -9999.0 -9999.0 -9999.0 -9999.0 -9999.0 -9999.0 -9999.0 -9999.0 -9999.0 -9999.0 -9999.0 -9999.0 -9999.0 -9999.0
-9999.0 -9999.0 -9999.0 -9999.0 -9999.0 -9999.0 -9999.0 -9999.0 -9999.0 -9999.0 -9999.0 -9999.0 -9999.0 -9999.0 -9999.0 -9999.0 -9999.0 -9999.0 -9999.0 -9999.0 -9999.0 -9999.0 -9999.0 -9999.0 -9999.0 -9999.0 -9999.0 -9999.0 -9999.0 -9999.0 -9999.0 -9999.0 -9999.0 -9999.0 -9999.0 -9999.0 -9999.0 -9999.0 -9999.0 -9999.0 -9999.0 -9999.0 -9999.0 -9999.0 -9999.0 -9999.0 -9999.0 -9999.0 -9999.0 -9999.0 -9999.0 -9999.0 -9999.0 -9999.0 -9999.0 -9999.0 -9999.0 -9999.0 -9999.0 -9999.0 -9999.0 -9999.0 -9999.0 -9999.0 -9999.0 -9999.0 -9999.0 -9999.0 -9999.0 -9999.0
-9999.0 -9999.0 -9999.0 -9999.0 -9999.0 -9999.0 -9999.0 -9999.0 -9999.0 -9999.0 -9999.0 -9999.0 -9999.0 -9999.0 -9999.0 -9999.0 -9999.0 -9999.0 -9999.0 -9999.0 -9999.0 -9999.0 -9999.0 -9999.0 -9999.0 -9999.0 -9999.0 -9999.0 -9999.0 -9999.0 -9999.0 -9999.0 -9999.0 -9999.0 -9999.0 -9999.0 -9999.0 -9999.0 -9999.0 -9999.0 -9999.0 -9999.0 -9999.0 -9999.0 -9999.0 -9999.0 -9999.0 -9999.0 -9999.0 -9999.0 -9999.0 -9999.0 -9999.0 -9999.0 -9999.0 -9999.0 -9999.0 -9999.0 -9999.0 -9999.0 -9999.0 -9999.0 -9999.0 -9999.0 -9999.0 -9999.0 -9999.0 -9999.0 -9999.0 -9999.0
-9999.0 -9999.0 -9999.0 -9999.0 -9999.0 -9999.0 -9999.0 -9999.0 -9999.0 -9999.0 -9999.0 -9999.0 -9999.0 -9999.0 -9999.0 -9999.0 -9999.0 -9999.0 -9999.0 -9999.0 -9999.0 -9999.0 -9999.0 -9999.0 -9999.0 -9999.0 -9999.0 -9999.0 -9999.0 -9999.0 -9999.0 -9999.0 -9999.0 -9999.0 -9999.0 -9999.0 -9999.0 -9999.0 -9999.0 -9999.0 -9999.0 -9999.0 -9999.0 -9999.0 -9999.0 -9999.0 02.51 02.52 02.52 02.51 02.49 -9999.0 -9999.0 -9999.0 -9999.0 -9999.0 -9999.0 -9999.0 -9999.0 -9999.0 -9999.0 -9999.0 -9999.0 -9999.0 -9999.0 -9999.0 -9999.0 -9999.0 -9999.0 -9999.0
-9999.0 -9999.0 -9999.0 -9999.0 -9999.0 -9999.0 -9999.0 -9999.0 -9999.0 -9999.0 -9999.0 -9999.0 -9999.0 -9999.0 -9999.0 -9999.0 -9999.0 -9999.0 -9999.0 -9999.0 -9999.0 -9999.0 -9999.0 -9999.0 -9999.0 -9999.0 -9999.0 -9999.0 -9999.0 -9999.0 -9999.0 -9999.0 -9999.0 -9999.0 -9999.0 -9999.0 -9999.0 -9999.0 -9999.0 -9999.0 -9999.0 -9999.0 02.48 02.50 02.51 02.52 02.54 02.55 02.55 02.54 02.54 02.53 02.52 02.50 02.49 -9999.0 -9999.0 -9999.0 -9999.0 -9999.0 -9999.0 -9999.0 -9999.0 -9999.0 -9999.0 -9999.0 -9999.0 -9999.0 -9999.0 -9999.0
-9999.0 -9999.0 -9999.0 -9999.0 -9999.0 -9999.0 -9999.0 -9999.0 -9999.0 -9999.0 -9999.0 -9999.0 -9999.0 -9999.0 -9999.0 -9999.0 -9999.0 -9999.0 -9999.0 -9999.0 -9999.0 -9999.0 -9999.0 -9999.0 -9999.0 -9999.0 -9999.0 -9999.0 -9999.0 -9999.0 -9999.0 -9999.0 -9999.0 -9999.0 -9999.0 -9999.0 -9999.0 -9999.0 -9999.0 02.44 02.47 02.49 02.50 02.52 02.53 02.55 02.56 02.57 02.57 02.57 02.56 02.55 02.54 02.53 02.51 02.49 02.47 02.45 -9999.0 -9999.0 -9999.0 -9999.0 -9999.0 -9999.0 -9999.0 -9999.0 -9999.0 -9999.0 -9999.0 -9999.0
-9999.0 -9999.0 -9999.0 -9999.0 -9999.0 -9999.0 -9999.0 -9999.0 -9999.0 -9999.0 -9999.0 -9999.0 -9999.0 -9999.0 -9999.0 -9999.0 -9999.0 -9999.0 -9999.0 -9999.0 -9999.0 -9999.0 -9999.0 -9999.0 -9999.0 -9999.0 -9999.0 -9999.0 -9999.0 -9999.0 -9999.0 -9999.0 -9999.0 -9999.0 -9999.0 -9999.0 -9999.0 02.41 02.44 02.46 02.49 02.51 02.53 02.54 02.56 02.57 02.58 02.60 02.59 02.59 02.58 02.57 02.56 02.55 02.53 02.52 02.49 02.47 02.45 02.43 -9999.0 -9999.0 -9999.0 -9999.0 -9999.0 -9999.0 -9999.0 -9999.0 -9999.0 -9999.0
-9999.0 -9999.0 -9999.0 -9999.0 -9999.0 -9999.0 -9999.0 -9999.0 -9999.0 -9999.0 -9999.0 -9999.0 -9999.0 -9999.0 -9999.0 -9999.0 -9999.0 -9999.0 -9999.0 -9999.0 -9999.0 -9999.0 -9999.0 -9999.0 -9999.0 -9999.0 -9999.0 -9999.0 -9999.0 -9999.0 -9999.0 -9999.0 -9999.0 -9999.0 -9999.0 02.38 02.41 02.43 02.46 02.48 02.51 02.53 02.55 02.56 02.58 02.59 02.60 02.62 02.62 02.61 02.60 02.60 02.58 02.57 02.56 02.54 02.51 02.49 02.47 02.45 02.41 02.38 -9999.0 -9999.0 -9999.0 -9999.0 -9999.0 -9999.0 -9999.0 -9999.0
-9999.0 -9999.0 -9999.0 -9999.0 -9999.0 -9999.0 -9999.0 -9999.0 -9999.0 -9999.0 -9999.0 -9999.0 -9999.0 -9999.0 -9999.0 -9999.0 -9999.0 -9999.0 -9999.0 -9999.0 -9999.0 -9999.0 -9999.0 -9999.0 -9999.0 -9999.0 -9999.0 -9999.0 -9999.0 -9999.0 -9999.0 -9999.0 -9999.0 -9999.0 02.35 02.39 02.43 02.45 02.47 02.50 02.53 02.55 02.57 02.58 02.59 02.60 02.61 02.63 02.63 02.62 02.62 02.61 02.60 02.59 02.57 02.55 02.53 02.51 02.49 02.46 02.43 02.40 02.37 02.32 -9999.0 -9999.0 -9999.0 -9999.0 -9999.0 -9999.0
-9999.0 -9999.0 -9999.0 -9999.0 -9999.0 -9999.0 -9999.0 -9999.0 -9999.0 -9999.0 -9999.0 -9999.0 -9999.0 -9999.0 -9999.0 -9999.0 -9999.0 -9999.0 -9999.0 -9999.0 -9999.0 -9999.0 -9999.0 -9999.0 -9999.0 -9999.0 -9999.0 -9999.0 -9999.0 -9999.0 -9999.0 -9999.0 02.28 02.33 02.36 02.40 02.44 02.46 02.49 02.52 02.54 02.56 02.57 02.60 02.62 02.64 02.65 02.67 02.67 02.66 02.65 02.64 02.63 02.61 02.58 02.56 02.55 02.53 02.51 02.48 02.45 02.41 02.39 02.36 02.32 -9999.0 -9999.0 -9999.0 -9999.0 -9999.0
-9999.0 -9999.0 -9999.0 -9999.0 -9999.0 -9999.0 -9999.0 -9999.0 -9999.0 -9999.0 -9999.0 -9999.0 -9999.0 -9999.0 -9999.0 -9999.0 -9999.0 -9999.0 -9999.0 -9999.0 -9999.0 -9999.0 -9999.0 -9999.0 -9999.0 -9999.0 -9999.0 -9999.0 -9999.0 -9999.0 -9999.0 02.28 02.31 02.35 02.38 02.42 02.45 02.48 02.50 02.52 02.55 02.59 02.61 02.63 02.65 02.66 02.68 02.69 02.69 02.69 02.68 02.67 02.65 02.64 02.62 02.59 02.57 02.54 02.52 02.49 02.46 02.43 02.40 02.37 02.34 02.30 -9999.0 -9999.0 -9999.0 -9999.0
-9999.0 -9999.0 -9999.0 -9999.0 -9999.0 -9999.0 -9999.0 -9999.0 -9999.0 -9999.0 -9999.0 -9999.0 -9999.0 -9999.0 -9999.0 -9999.0 -9999.0 -9999.0 -9999.0 -9999.0 -9999.0 -9999.0 -9999.0 -9999.0 -9999.0 -9999.0 -9999.0 -9999.0 -9999.0 -9999.0 02.25 02.29 02.33 02.36 02.39 02.43 02.46 02.48 02.52 02.55 02.58 02.61 02.63 02.65 02.67 02.68 02.70 02.72 02.71 02.71 02.70 02.69 02.68 02.66 02.64 02.61 02.59 02.57 02.54 02.50 02.47 02.44 02.42 02.38 02.35 02.30 02.26 -9999.0 -9999.0 -9999.0
-9999.0 -9999.0 -9999.0 -9999.0 -9999.0 -9999.0 -9999.0 -9999.0 -9999.0 -9999.0 -9999.0 -9999.0 -9999.0 -9999.0 -9999.0 -9999.0 -9999.0 -9999.0 -9999.0 -9999.0 -9999.0 -9999.0 -9999.0 -9999.0 -9999.0 -9999.0 -9999.0 -9999.0 -9999.0 02.22 02.26 02.30 02.34 02.37 02.40 02.43 02.47 02.51 02.54 02.57 02.60 02.63 02.65 02.67 02.69 02.71 02.72 02.74 02.74 02.73 02.72 02.71 02.70 02.68 02.66 02.63 02.61 02.58 02.56 02.52 02.48 02.45 02.43 02.39 02.35 02.30 02.27 02.24 -9999.0 -9999.0
-9999.0 -9999.0 -9999.0 -9999.0 -9999.0 -9999.0 -9999.0 -9999.0 -9999.0 -9999.0 -9999.0 -9999.0 -9999.0 -9999.0 -9999.0 -9999.0 -9999.0 -9999.0 -9999.0 -9999.0 -9999.0 -9999.0 -9999.0 -9999.0 -9999.0 -9999.0 -9999.0 -9999.0 02.17 02.22 02.27 02.31 02.35 02.38 02.40 02.44 02.49 02.52 02.55 02.58 02.61 02.64 02.67 02.69 02.71 02.73 02.74 02.76 02.76 02.75 02.74 02.73 02.72 02.70 02.68 02.65 02.63 02.60 02.57 02.53 02.50 02.47 02.43 02.40 02.35 02.31 02.28 02.25 02.22 -9999.0
-9999.0 -9999.0 -9999.0 -9999.0 -9999.0 -9999.0 -9999.0 -9999.0 -9999.0 -9999.0 -9999.0 -9999.0 -9999.0 -9999.0 -9999.0 -9999.0 -9999.0 -9999.0 -9999.0 -9999.0 -9999.0 -9999.0 -9999.0 -9999.0 -9999.0 -9999.0 -9999.0 -9999.0 02.18 02.22 02.26 02.31 02.35 02.38 02.42 02.45 02.50 02.54 02.57 02.60 02.63 02.66 02.69 02.71 02.72 02.74 02.76 02.78 02.78 02.78 02.76 02.75 02.73 02.72 02.69 02.67 02.65 02.62 02.58 02.54 02.52 02.49 02.45 02.40 02.34 02.32 02.29 02.26 02.23 02.20
-9999.0 -9999.0 -9999.0 -9999.0 -9999.0 -9999.0 -9999.0 -9999.0 -9999.0 -9999.0 -9999.0 -9999.0 -9999.0 -9999.0 -9999.0 -9999.0 -9999.0 -9999.0 -9999.0 -9999.0 -9999.0 -9999.0 -9999.0 -9999.0 -9999.0 -9999.0 -9999.0 02.15 02.18 02.22 02.26 02.31 02.34 02.40 02.43 02.47 02.50 02.55 02.58 02.62 02.64 02.67 02.70 02.73 02.75 02.77 02.78 02.80 02.80 02.80 02.79 02.77 02.76 02.74 02.71 02.68 02.66 02.64 02.59 02.56 02.53 02.50 02.46 02.40 02.35 02.33 02.30 02.27 02.24 02.22
-9999.0 -9999.0 -9999.0 -9999.0 -9999.0 -9999.0 -9999.0 -9999.0 -9999.0 -9999.0 -9999.0 -9999.0 -9999.0 -9999.0 -9999.0 -9999.0 -9999.0 -9999.0 -9999.0 -9999.0 -9999.0 -9999.0 -9999.0 -9999.0 -9999.0 -9999.0 02.12 02.15 02.19 02.22 02.26 02.30 02.36 02.40 02.44 02.48 02.51 02.56 02.59 02.62 02.65 02.69 02.72 02.75 02.77 02.79 02.80 02.82 02.83 02.82 02.81 02.80 02.78 02.76 02.73 02.70 02.67 02.64 02.60 02.57 02.55 02.50 02.46 02.40 02.37 02.33 02.30 02.28 02.26 02.24
-9999.0 -9999.0 -9999.0 -9999.0 -9999.0 -9999.0 -9999.0 -9999.0 -9999.0 -9999.0 -9999.0 -9999.0 -9999.0 -9999.0 -9999.0 -9999.0 -9999.0 -9999.0 -9999.0 -9999.0 -9999.0 -9999.0 -9999.0 -9999.0 -9999.0 02.08 02.13 02.16 02.19 02.23 02.25 02.30 02.36 02.41 02.45 02.49 02.52 02.56 02.60 02.64 02.67 02.70 02.74 02.77 02.79 02.81 02.82 02.85 02.85 02.84 02.83 02.82 02.80 02.77 02.75 02.72 02.69 02.65 02.62 02.58 02.55 02.50 02.46 02.41 02.38 02.35 02.31 02.29 02.27 02.25
-9999.0 -9999.0 -9999.0 -9999.0 -9999.0 -9999.0 -9999.0 -9999.0 -9999.0 -9999.0 -9999.0 -9999.0 -9999.0 -9999.0 -9999.0 -9999.0 -9999.0 -9999.0 -9999.0 -9999.0 -9999.0 -9999.0 -9999.0 -9999.0 -9999.0 02.10 02.13 02.16 02.20 02.22 02.27 02.30 02.35 02.41 02.46 02.50 02.52 02.56 02.62 02.65 02.68 02.72 02.75 02.78 02.80 02.83 02.85 02.87 02.88 02.87 02.85 02.84 02.82 02.80 02.77 02.73 02.70 02.67 02.63 02.60 02.55 02.50 02.47 02.43 02.39 02.36 02.33 02.29 02.28 02.26
-9999.0 -9999.0 -9999.0 -9999.0 -9999.0 -9999.0 -9999.0 -9999.0 -9999.0 -9999.0 -9999.0 -9999.0 -9999.0 -9999.0 -9999.0 -9999.0 -9999.0 -9999.0 -9999.0 -9999.0 -9999.0 -9999.0 -9999.0 -9999.0 02.08 02.11 02.14 02.17 02.20 02.23 02.27 02.31 02.34 02.40 02.46 02.50 02.54 02.57 02.62 02.65 02.70 02.74 02.77 02.80 02.82 02.85 02.86 02.89 02.89 02.88 02.87 02.86 02.84 02.82 02.79 02.75 02.71 02.68 02.64 02.61 02.56 02.50 02.47 02.43 02.40 02.37 02.34 02.32 02.28 02.26
-9999.0 -9999.0 -9999.0 -9999.0 -9999.0 -9999.0 -9999.0 -9999.0 -9999.0 -9999.0 -9999.0 -9999.0 -9999.0 -9999.0 -9999.0 -9999.0 -9999.0 -9999.0 -9999.0 -9999.0 -9999.0 -9999.0 -9999.0 -9999.0 02.09 02.12 02.15 02.17 02.19 02.24 02.27 02.31 02.35 02.39 02.45 02.50 02.55 02.58 02.62 02.66 02.71 02.75 02.79 02.81 02.84 02.86 02.89 02.91 02.91 02.91 02.89 02.87 02.85 02.83 02.80 02.76 02.73 02.69 02.66 02.61 02.55 02.51 02.47 02.44 02.41 02.38 02.36 02.33 02.30 02.26
-9999.0 -9999.0 -9999.0 -9999.0 -9999.0 -9999.0 -9999.0 -9999.0 -9999.0 -9999.0 -9999.0 -9999.0 -9999.0 -9999.0 -9999.0 -9999.0 -9999.0 -9999.0 -9999.0 -9999.0 -9999.0 -9999.0 -9999.0 02.05 02.09 02.12 02.15 02.18 02.21 02.24 02.28 02.31 02.35 02.38 02.44 02.50 02.56 02.60 02.63 02.67 02.71 02.76 02.80 02.83 02.85 02.88 02.91 02.93 02.94 02.93 02.91 02.89 02.87 02.84 02.81 02.77 02.73 02.70 02.67 02.61 02.56 02.52 02.48 02.44 02.41 02.39 02.37 02.34 02.31 02.28
-9999.0 -9999.0 -9999.0 -9999.0 -9999.0 -9999.0 -9999.0 -9999.0 -9999.0 -9999.0 -9999.0 -9999.0 -9999.0 -9999.0 -9999.0 -9999.0 -9999.0 -9999.0 -9999.0 -9999.0 -9999.0 -9999.0 02.00 02.06 02.09 02.12 02.15 02.19 02.22 02.24 02.28 02.31 02.35 02.39 02.42 02.48 02.55 02.60 02.64 02.68 02.72 02.77 02.81 02.84 02.87 02.90 02.92 02.95 02.96 02.95 02.93 02.91 02.89 02.86 02.82 02.78 02.74 02.70 02.66 02.62 02.56 02.52 02.48 02.45 02.42 02.40 02.38 02.35 02.32 02.28
-9999.0 -9999.0 -9999.0 -9999.0 -9999.0 -9999.0 -9999.0 -9999.0 -9999.0 -9999.0 -9999.0 -9999.0 -9999.0 -9999.0 -9999.0 -9999.0 -9999.0 -9999.0 -9999.0 -9999.0 -9999.0 -9999.0 02.00 02.05 02.09 02.12 02.15 02.19 02.23 02.25 02.28 02.31 02.35 02.39 02.43 02.48 02.53 02.61 02.64 02.68 02.72 02.77 02.82 02.86 02.88 02.91 02.94 02.97 02.98 02.97 02.95 02.93 02.91 02.87 02.83 02.79 02.75 02.71 02.67 02.62 02.57 02.52 02.49 02.46 02.44 02.41 02.39 02.36 02.32 02.28
-9999.0 -9999.0 -9999.0 -9999.0 -9999.0 -9999.0 -9999.0 -9999.0 -9999.0 -9999.0 -9999.0 -9999.0 -9999.0 -9999.0 -9999.0 -9999.0 -9999.0 -9999.0 -9999.0 -9999.0 -9999.0 -9999.0 01.99 02.03 02.09 02.12 02.16 02.20 02.23 02.26 02.29 02.31 02.35 02.39 02.43 02.48 02.52 02.59 02.64 02.68 02.73 02.78 02.83 02.87 02.90 02.93 02.96 02.99 03.00 02.99 02.97 02.95 02.92 02.89 02.84 02.80 02.76 02.71 02.67 02.61 02.57 02.53 02.50 02.47 02.45 02.42 02.39 02.36 02.32 02.28
-9999.0 -9999.0 -9999.0 -9999.0 -9999.0 -9999.0 -9999.0 -9999.0 -9999.0 -9999.0 -9999.0 -9999.0 -9999.0 -9999.0 -9999.0 -9999.0 -9999.0 -9999.0 -9999.0 -9999.0 -9999.0 01.93 01.97 02.02 02.07 02.11 02.16 02.20 02.23 02.27 02.29 02.32 02.35 02.39 02.43 02.48 02.52 02.59 02.64 02.69 02.73 02.78 02.83 02.88 02.91 02.94 02.96 02.99 03.02 02.99 02.97 02.96 02.93 02.90 02.85 02.81 02.76 02.72 02.67 02.61 02.57 02.53 02.50 02.48 02.46 02.43 02.40 02.35 02.32 02.27
-9999.0 -9999.0 -9999.0 -9999.0 -9999.0 -9999.0 -9999.0 -9999.0 -9999.0 -9999.0 -9999.0 -9999.0 -9999.0 -9999.0 -9999.0 -9999.0 -9999.0 -9999.0 -9999.0 -9999.0 -9999.0 01.93 01.96 02.00 02.04 02.10 02.16 02.19 02.23 02.26 02.30 02.33 02.35 02.39 02.43 02.47 02.52 02.58 02.63 02.69 02.74 02.78 02.84 02.88 02.92 02.95 02.98 03.01 03.03 03.01 03.00 02.97 02.94 02.89 02.85 02.82 02.77 02.72 02.66 02.61 02.57 02.54 02.52 02.50 02.47 02.44 02.40 02.36 02.31 02.25
-9999.0 -9999.0 -9999.0 -9999.0 -9999.0 -9999.0 -9999.0 -9999.0 -9999.0 -9999.0 -9999.0 -9999.0 -9999.0 -9999.0 -9999.0 -9999.0 -9999.0 -9999.0 -9999.0 -9999.0 01.88 01.92 01.96 01.99 02.02 02.08 02.14 02.18 02.23 02.26 02.30 02.34 02.36 02.39 02.42 02.46 02.51 02.57 02.63 02.68 02.74 02.78 02.83 02.89 02.92 02.96 02.99 03.02 03.04 03.03 03.01 02.98 02.95 02.91 02.86 02.81 02.77 02.72 02.65 02.61 02.57 02.55 02.53 02.51 02.48 02.44 02.39 02.35 02.29 02.23
-9999.0 -9999.0 -9999.0 -9999.0 -9999.0 -9999.0 -9999.0 -9999.0 -9999.0 -9999.0 -9999.0 -9999.0 -9999.0 -9999.0 -9999.0 -9999.0 -9999.0 -9999.0 -9999.0 -9999.0 01.87 01.91 01.95 01.99 02.02 02.06 02.12 02.18 02.21 02.26 02.30 02.34 02.37 02.39 02.42 02.46 02.50 02.55 02.62 02.68 02.73 02.78 02.84 02.89 02.93 02.97 03.01 03.04 03.06 03.04 03.02 02.99 02.95 02.92 02.87 02.82 02.76 02.70 02.65 02.61 02.58 02.56 02.54 02.51 02.48 02.43 02.38 02.33 02.27 02.22
-9999.0 -9999.0 -9999.0 -9999.0 -9999.0 -9999.0 -9999.0 -9999.0 -9999.0 -9999.0 -9999.0 -9999.0 -9999.0 -9999.0 -9999.0 -9999.0 -9999.0 -9999.0 -9999.0 -9999.0 01.86 01.89 01.94 01.97 02.02 02.05 02.10 02.16 02.21 02.25 02.29 02.33 02.37 02.40 02.42 02.45 02.49 02.54 02.60 02.66 02.72 02.78 02.84 02.89 02.93 02.98 03.02 03.06 03.08 03.06 03.03 03.00 02.96 02.92 02.86 02.81 02.76 02.68 02.65 02.62 02.59 02.57 02.55 02.51 02.48 02.42 02.37 02.32 02.26 02.22
-9999.0 -9999.0 -9999.0 -9999.0 -9999.0 -9999.0 -9999.0 -9999.0 -9999.0 -9999.0 -9999.0 -9999.0 -9999.0 -9999.0 -9999.0 -9999.0 -9999.0 -9999.0 -9999.0 -9999.0 01.85 01.88 01.92 01.95 02.01 02.04 02.08 02.12 02.19 02.24 02.28 02.33 02.37 02.40 02.43 02.45 02.49 02.53 02.57 02.64 02.71 02.77 02.83 02.89 02.93 02.98 03.02 03.07 03.09 03.07 03.04 03.01 02.97 02.92 02.86 02.80 02.74 02.68 02.64 02.62 02.60 02.58 02.55 02.52 02.46 02.41 02.36 02.31 02.26 02.22
