developer_scripts/forCreateIgnition/farsiteOutputs/a_originalIgnitions/WorkAsIs/b_flatland_centerIgnit/flatland_centerIgnit_Intensity.asc
NCOLS 100
NROWS 100
XLLCORNER 20000.000000
YLLCORNER 20000.000000
CELLSIZE 30.000000
NODATA_VALUE -9999.0
[rows 28 to 55 of 100, columns 0 to 62 of 100]
-9999.0 -9999.0 -9999.0 -9999.0 -9999.0 -9999.0 -9999.0 -9999.0 -9999.0 -9999.0 -9999.0 -9999.0 -9999.0 -9999.0 -9999.0 -9999.0 -9999.0 -9999.0 -9999.0 -9999.0 00031.263 00032.209 00033.047 00033.738 00034.540 00035.379 00036.444 00037.595 00038.323 00039.247 00040.044 00040.837 00041.604 00042.166 00042.728 00043.558 00044.451 00045.490 00046.856 00048.163 00049.020 00050.212 00051.363 00052.233 00053.084 00053.871 00054.610 00055.342 00055.714 00055.334 00054.885 00054.254 00053.542 00052.837 00051.850 00050.862 00049.597 00048.625 00047.505 00046.696 00045.952 00045.444 00045.006
-9999.0 -9999.0 -9999.0 -9999.0 -9999.0 -9999.0 -9999.0 -9999.0 -9999.0 -9999.0 -9999.0 -9999.0 -9999.0 -9999.0 -9999.0 -9999.0 -9999.0 -9999.0 -9999.0 -9999.0 00031.111 00031.954 00032.860 00033.578 00034.503 00035.225 00036.112 00037.315 00038.239 00039.173 00040.050 00040.908 00041.745 00042.359 00042.900 00043.593 00044.457 00045.423 00046.688 00047.839 00049.157 00050.277 00051.425 00052.413 00053.297 00054.165 00054.994 00055.755 00056.186 00055.770 00055.252 00054.587 00053.821 00053.037 00051.948 00050.921 00049.851 00048.131 00047.645 00046.936 00046.284 00045.807 00045.210
-9999.0 -9999.0 -9999.0 -9999.0 -9999.0 -9999.0 -9999.0 -9999.0 -9999.0 -9999.0 -9999.0 -9999.0 -9999.0 -9999.0 -9999.0 -9999.0 -9999.0 -9999.0 -9999.0 -9999.0 00030.975 00031.782 00032.563 00033.229 00034.444 00035.088 00035.893 00036.692 00038.030 00039.087 00039.957 00040.940 00041.770 00042.508 00043.141 00043.695 00044.511 00045.460 00046.194 00047.718 00049.060 00050.218 00051.418 00052.582 00053.502 00054.422 00055.276 00056.140 00056.660 00056.190 00055.605 00054.898 00054.099 00053.158 00052.001 00050.903 00049.579 00048.445 00047.477 00047.132 00046.674 00046.135 00045.420
-9999.0 -9999.0 -9999.0 -9999.0 -9999.0 -9999.0 -9999.0 -9999.0 -9999.0 -9999.0 -9999.0 -9999.0 -9999.0 -9999.0 -9999.0 -9999.0 -9999.0 -9999.0 -9999.0 00029.978 00030.841 00031.611 00032.364 00033.194 00034.137 00034.968 00035.768 00036.402 00037.370 00038.790 00039.662 00040.812 00041.721 00042.573 00043.355 00043.951 00044.563 00045.352 00046.255 00047.279 00048.861 00050.126 00051.384 00052.683 00053.697 00054.631 00055.332 00056.142 00056.721 00056.253 00055.725 00055.113 00054.372 00053.265 00051.924 00050.548 00049.326 00048.546 00047.883 00047.142 00047.079 00046.371 00045.597
-9999.0 -9999.0 -9999.0 -9999.0 -9999.0 -9999.0 -9999.0 -9999.0 -9999.0 -9999.0 -9999.0 -9999.0 -9999.0 -9999.0 -9999.0 -9999.0 -9999.0 -9999.0 -9999.0 00029.797 00030.694 00031.458 00032.108 00033.002 00033.903 00034.839 00035.590 00036.346 00037.162 00038.113 00039.400 00040.455 00041.606 00042.569 00043.414 00044.250 00044.837 00045.070 00046.161 00047.003 00048.366 00049.998 00051.286 00052.666 00053.634 00054.493 00055.339 00056.231 00057.001 00056.390 00055.848 00055.091 00054.297 00053.282 00051.793 00050.565 00049.603 00048.670 00048.044 00047.689 00046.985 00046.606 00045.762
-9999.0 -9999.0 -9999.0 -9999.0 -9999.0 -9999.0 -9999.0 -9999.0 -9999.0 -9999.0 -9999.0 -9999.0 -9999.0 -9999.0 -9999.0 -9999.0 -9999.0 -9999.0 -9999.0 00029.541 00030.382 00031.223 00031.870 00032.751 00033.598 00034.520 00035.369 00036.211 00037.022 00037.997 00039.103 00040.086 00041.245 00042.503 00043.454 00044.342 00044.839 00045.446 00046.081 00046.925 00047.767 00049.513 00050.851 00052.269 00053.568 00054.502 00055.371 00056.388 00057.203 00056.540 00055.952 00054.982 00054.102 00052.855 00051.418 00050.569 00049.588 00048.768 00048.323 00047.965 00047.335 00046.492 00045.508
-9999.0 -9999.0 -9999.0 -9999.0 -9999.0 -9999.0 -9999.0 -9999.0 -9999.0 -9999.0 -9999.0 -9999.0 -9999.0 -9999.0 -9999.0 -9999.0 -9999.0 -9999.0 -9999.0 00029.318 00030.115 00030.885 00031.496 00032.469 00033.290 00034.142 00034.903 00035.993 00036.844 00037.788 00038.719 00039.728 00040.834 00042.083 00043.483 00044.273 00045.069 00045.637 00046.075 00046.841 00047.757 00049.104 00050.072 00051.955 00053.266 00054.303 00055.524 00056.546 00057.390 00056.703 00056.009 00054.881 00053.747 00052.597 00051.230 00050.377 00049.634 00048.993 00048.619 00048.020 00047.395 00046.495 00044.943
-9999.0 -9999.0 -9999.0 -9999.0 -9999.0 -9999.0 -9999.0 -9999.0 -9999.0 -9999.0 -9999.0 -9999.0 -9999.0 -9999.0 -9999.0 -9999.0 -9999.0 -9999.0 -9999.0 00029.122 00029.883 00030.605 00031.252 00032.236 00033.003 00033.814 00034.553 00035.513 00036.555 00037.566 00038.397 00039.338 00040.428 00041.626 00043.017 00044.010 00045.012 00045.766 00046.275 00046.741 00047.780 00048.629 00049.646 00051.235 00052.632 00053.982 00055.314 00056.510 00057.576 00056.742 00055.861 00054.730 00053.499 00052.359 00051.153 00050.169 00049.543 00049.303 00048.844 00048.058 00047.161 00045.939 00044.578
-9999.0 -9999.0 -9999.0 -9999.0 -9999.0 -9999.0 -9999.0 -9999.0 -9999.0 -9999.0 -9999.0 -9999.0 -9999.0 -9999.0 -9999.0 -9999.0 -9999.0 -9999.0 -9999.0 00028.864 00029.664 00030.369 00031.142 00031.999 00032.750 00033.497 00034.250 00035.109 00036.031 00037.155 00038.045 00038.918 00039.989 00041.177 00042.291 00043.737 00044.973 00045.658 00046.507 00046.950 00047.382 00048.273 00049.277 00050.867 00052.195 00053.671 00054.991 00056.380 00057.766 00056.717 00055.692 00054.501 00053.198 00051.957 00050.768 00050.008 00049.640 00049.514 00048.923 00047.981 00047.030 00045.668 00044.277
-9999.0 -9999.0 -9999.0 -9999.0 -9999.0 -9999.0 -9999.0 -9999.0 -9999.0 -9999.0 -9999.0 -9999.0 -9999.0 -9999.0 -9999.0 -9999.0 -9999.0 -9999.0 -9999.0 00028.510 00029.332 00030.089 00030.888 00031.665 00032.460 00033.188 00033.968 00034.756 00035.632 00036.577 00037.548 00038.478 00039.543 00040.703 00041.579 00042.979 00044.471 00045.370 00046.371 00047.132 00047.305 00047.847 00048.840 00050.220 00051.691 00053.238 00054.667 00056.290 00058.342 00056.804 00055.562 00054.209 00052.830 00051.493 00050.422 00049.947 00049.803 00049.402 00048.832 00047.889 00046.744 00045.085 00043.811
-9999.0 -9999.0 -9999.0 -9999.0 -9999.0 -9999.0 -9999.0 -9999.0 -9999.0 -9999.0 -9999.0 -9999.0 -9999.0 -9999.0 -9999.0 -9999.0 -9999.0 -9999.0 -9999.0 00027.933 00028.813 00029.687 00030.549 00031.322 00032.089 00032.800 00033.658 00034.445 00035.291 00036.120 00037.165 00038.082 00039.082 00040.190 00041.208 00042.333 00043.927 00045.112 00046.161 00046.867 00047.406 00047.584 00048.247 00049.474 00051.067 00052.798 00054.766 00056.719 00059.296 00057.383 00055.868 00054.033 00052.343 00050.957 00050.279 00050.061 00049.917 00049.407 00048.351 00047.772 00045.925 00044.478 00043.314
-9999.0 -9999.0 -9999.0 -9999.0 -9999.0 -9999.0 -9999.0 -9999.0 -9999.0 -9999.0 -9999.0 -9999.0 -9999.0 -9999.0 -9999.0 -9999.0 -9999.0 -9999.0 -9999.0 00027.350 00028.173 00028.968 00029.934 00030.925 00031.758 00032.399 00033.232 00034.037 00034.967 00035.745 00036.737 00037.675 00038.656 00039.534 00040.602 00041.663 00043.052 00044.830 00045.659 00046.547 00047.356 00047.660 00047.835 00048.625 00050.315 00052.503 00055.043 00057.395 00060.188 00058.089 00056.238 00054.030 00052.001 00050.678 00050.323 00050.181 00049.837 00048.892 00047.775 00046.578 00045.179 00043.952 00042.886
-9999.0 -9999.0 -9999.0 -9999.0 -9999.0 -9999.0 -9999.0 -9999.0 -9999.0 -9999.0 -9999.0 -9999.0 -9999.0 -9999.0 -9999.0 -9999.0 -9999.0 -9999.0 -9999.0 00026.599 00027.452 00028.227 00029.139 00030.031 00031.016 00031.994 00032.907 00033.487 00034.491 00035.330 00036.230 00037.170 00038.219 00038.938 00040.020 00041.006 00042.115 00043.589 00044.916 00045.825 00047.048 00047.732 00047.918 00048.227 00049.601 00052.152 00054.636 00057.237 00060.967 00058.249 00056.101 00053.935 00051.732 00050.790 00050.444 00050.243 00049.569 00048.319 00047.120 00045.885 00044.585 00043.477 00042.435
-9999.0 -9999.0 -9999.0 -9999.0 -9999.0 -9999.0 -9999.0 -9999.0 -9999.0 -9999.0 -9999.0 -9999.0 -9999.0 -9999.0 -9999.0 -9999.0 -9999.0 -9999.0 -9999.0 00025.947 00026.705 00027.426 00028.226 00029.058 00029.966 00030.814 00031.973 00032.584 00033.682 00034.802 00035.753 00036.637 00037.643 00038.375 00039.460 00040.393 00041.419 00042.483 00043.880 00045.036 00046.240 00047.517 00048.017 00048.407 00049.375 00051.372 00054.208 00057.028 00061.734 00058.591 00056.001 00053.617 00052.090 00051.293 00050.734 00050.216 00048.942 00047.645 00046.330 00045.189 00043.892 00042.982 00041.930
-9999.0 -9999.0 -9999.0 -9999.0 -9999.0 -9999.0 -9999.0 -9999.0 -9999.0 -9999.0 -9999.0 -9999.0 -9999.0 -9999.0 -9999.0 -9999.0 -9999.0 -9999.0 -9999.0 00025.461 00026.163 00026.794 00027.355 00028.081 00028.810 00029.551 00030.516 00031.661 00032.651 00033.626 00034.824 00036.240 00037.173 00037.859 00038.827 00039.773 00040.766 00041.637 00042.946 00044.055 00045.344 00046.706 00048.016 00048.827 00049.593 00050.614 00053.445 00057.092 00062.259 00058.737 00055.760 00053.340 00052.543 00051.914 00051.130 00049.786 00048.233 00046.754 00045.458 00044.338 00043.172 00042.579 00040.870
-9999.0 -9999.0 -9999.0 -9999.0 -9999.0 -9999.0 -9999.0 -9999.0 -9999.0 -9999.0 -9999.0 -9999.0 -9999.0 -9999.0 -9999.0 -9999.0 -9999.0 -9999.0 -9999.0 00025.034 00025.708 00026.324 00026.744 00027.574 00028.201 00028.768 00029.373 00030.577 00031.478 00032.367 00033.430 00034.644 00036.148 00036.556 00037.880 00039.175 00040.138 00040.833 00041.954 00042.982 00044.232 00045.679 00047.572 00049.264 00050.054 00050.788 00051.927 00054.751 00062.467 00057.407 00054.960 00053.818 00053.123 00052.472 00051.544 00049.283 00047.230 00045.794 00044.685 00043.359 00041.818 00040.819 00038.854
-9999.0 -9999.0 -9999.0 -9999.0 -9999.0 -9999.0 -9999.0 -9999.0 -9999.0 -9999.0 -9999.0 -9999.0 -9999.0 -9999.0 -9999.0 -9999.0 -9999.0 -9999.0 -9999.0 -9999.0 00025.299 00025.912 00026.387 00027.120 00027.665 00028.280 00028.871 00029.556 00030.288 00031.011 00031.850 00032.827 00034.037 00035.154 00036.243 00037.633 00039.471 00039.472 00040.978 00042.007 00043.013 00044.498 00046.724 00049.207 00050.523 00051.287 00052.011 00052.800 -9999.0 -9999.000 00055.013 00054.376 00053.723 00053.009 00051.066 00048.745 00046.384 00044.527 00043.574 00041.257 00039.939 00038.070 00036.674
-9999.0 -9999.0 -9999.0 -9999.0 -9999.0 -9999.0 -9999.0 -9999.0 -9999.0 -9999.0 -9999.0 -9999.0 -9999.0 -9999.0 -9999.0 -9999.0 -9999.0 -9999.0 -9999.0 -9999.0 00024.793 00025.421 00025.979 00026.626 00027.139 00027.728 00028.230 00028.868 00029.518 00030.144 00030.743 00031.352 00031.985 00033.565 00034.447 00035.573 00036.954 00037.607 00038.887 00040.723 00041.602 00043.268 00045.673 00048.016 00050.972 00051.761 00052.477 -9999.000 -9999.0 -9999.0 -9999.000 00054.942 00054.306 00053.024 00050.144 00048.102 00044.559 00041.918 00040.728 00038.887 00037.389 00035.433 00034.695
-9999.0 -9999.0 -9999.0 -9999.0 -9999.0 -9999.0 -9999.0 -9999.0 -9999.0 -9999.0 -9999.0 -9999.0 -9999.0 -9999.0 -9999.0 -9999.0 -9999.0 -9999.0 -9999.0 -9999.0 00024.254 00024.883 00025.452 00025.991 00026.647 00027.227 00027.681 00028.309 00028.898 00029.523 00030.070 00030.645 00031.324 00031.726 00032.623 00033.305 00034.145 00035.627 00036.586 00037.857 00038.934 00040.694 00044.156 00045.602 00049.880 00052.226 -9999.000 -9999.0 -9999.0 -9999.0 -9999.0 -9999.000 00054.871 00052.771 00047.549 00045.654 00042.060 00039.543 00037.238 00036.072 00034.916 00034.305 00033.671
-9999.0 -9999.0 -9999.0 -9999.0 -9999.0 -9999.0 -9999.0 -9999.0 -9999.0 -9999.0 -9999.0 -9999.0 -9999.0 -9999.0 -9999.0 -9999.0 -9999.0 -9999.0 -9999.0 -9999.0 -9999.0 00024.373 00024.937 00025.333 00026.051 00026.700 00027.215 00027.770 00028.329 00028.945 00029.458 00029.885 00030.495 00031.007 00031.580 00032.048 00032.517 00032.760 00034.071 00034.669 00036.057 00037.902 00040.345 00042.289 00046.730 00052.607 -9999.0 -9999.0 -9999.0 -9999.0 -9999.0 -9999.0 -9999.000 00049.741 00044.592 00041.523 00038.448 00036.498 00034.188 00034.019 00033.678 00033.428 00032.850
-9999.0 -9999.0 -9999.0 -9999.0 -9999.0 -9999.0 -9999.0 -9999.0 -9999.0 -9999.0 -9999.0 -9999.0 -9999.0 -9999.0 -9999.0 -9999.0 -9999.0 -9999.0 -9999.0 -9999.0 -9999.0 00023.896 00024.468 00024.965 00025.551 00026.086 00026.622 00027.075 00027.629 00028.191 00028.721 00029.225 00029.747 00030.348 00030.776 00031.208 00031.671 00031.990 00032.244 00032.308 00032.565 00034.293 00035.526 00038.286 00041.068 -9999.000 -9999.0 -9999.0 -9999.0 -9999.0 -9999.0 -9999.0 -9999.000 00044.416 00039.869 00036.134 00034.544 00033.679 00033.200 00032.899 00032.723 00032.491 00031.952
-9999.0 -9999.0 -9999.0 -9999.0 -9999.0 -9999.0 -9999.0 -9999.0 -9999.0 -9999.0 -9999.0 -9999.0 -9999.0 -9999.0 -9999.0 -9999.0 -9999.0 -9999.0 -9999.0 -9999.0 -9999.0 00023.409 00023.995 00024.517 00024.828 00025.464 00025.964 00026.368 00026.906 00027.410 00027.946 00028.388 00029.049 00029.593 00029.876 00030.439 00030.834 00031.074 00031.189 00031.312 00031.439 00031.650 00032.027 00033.539 00034.517 -9999.000 -9999.0 -9999.0 -9999.0 -9999.0 -9999.0 -9999.0 -9999.0 00035.394 00034.981 00033.192 00032.555 00032.194 00032.013 00031.844 00031.700 00031.336 00030.960
-9999.0 -9999.0 -9999.0 -9999.0 -9999.0 -9999.0 -9999.0 -9999.0 -9999.0 -9999.0 -9999.0 -9999.0 -9999.0 -9999.0 -9999.0 -9999.0 -9999.0 -9999.0 -9999.0 -9999.0 -9999.0 -9999.0 00023.405 00023.916 00024.311 00024.906 00025.391 00025.855 00026.285 00026.748 00027.254 00027.689 00028.209 00028.695 00029.178 00029.514 00029.848 00030.173 00030.271 00030.350 00030.366 00030.346 00030.503 00031.004 00031.354 00031.500 -9999.000 -9999.0 -9999.0 -9999.0 -9999.0 -9999.0 -9999.000 00032.235 00031.969 00031.469 00030.990 00030.981 00030.939 00030.874 00030.427 00030.072 00030.038
-9999.0 -9999.0 -9999.0 -9999.0 -9999.0 -9999.0 -9999.0 -9999.0 -9999.0 -9999.0 -9999.0 -9999.0 -9999.0 -9999.0 -9999.0 -9999.0 -9999.0 -9999.0 -9999.0 -9999.0 -9999.0 -9999.0 00022.795 00023.339 00023.820 00024.324 00024.869 00025.325 00025.635 00026.134 00026.589 00027.069 00027.457 00027.880 00028.331 00028.485 00028.750 00028.937 00029.386 00029.509 00029.470 00029.395 00029.272 00029.588 00030.221 00030.891 00031.566 -9999.0 -9999.0 -9999.0 -9999.0 -9999.000 00032.256 00031.519 00030.828 00030.187 00029.980 00029.945 00029.994 00029.898 00029.659 00029.104 00028.824
-9999.0 -9999.0 -9999.0 -9999.0 -9999.0 -9999.0 -9999.0 -9999.0 -9999.0 -9999.0 -9999.0 -9999.0 -9999.0 -9999.0 -9999.0 -9999.0 -9999.0 -9999.0 -9999.0 -9999.0 -9999.0 -9999.0 -9999.0 00022.879 00023.385 00023.791 00024.367 00024.839 00025.135 00025.505 00025.921 00026.364 00026.741 00027.104 00027.432 00027.759 00028.021 00028.266 00028.519 00028.784 00028.761 00028.817 00028.888 00029.050 00029.662 00030.337 00031.038 -9999.000 -9999.0 -9999.0 -9999.0 00032.497 00031.776 00031.039 00030.293 00029.842 00029.689 00029.540 00029.378 00029.276 00028.951 00028.597 00028.185
-9999.0 -9999.0 -9999.0 -9999.0 -9999.0 -9999.0 -9999.0 -9999.0 -9999.0 -9999.0 -9999.0 -9999.0 -9999.0 -9999.0 -9999.0 -9999.0 -9999.0 -9999.0 -9999.0 -9999.0 -9999.0 -9999.0 -9999.0 00022.332 00022.787 00023.203 00023.487 00023.989 00024.361 00024.826 00025.216 00025.562 00025.932 00026.180 00026.515 00026.921 00027.287 00027.658 00027.924 00028.206 00028.459 00028.624 00028.764 00028.908 00029.147 00029.746 00030.412 00030.767 -9999.000 -9999.0 -9999.000 00031.272 00030.980 00030.393 00029.781 00029.684 00029.578 00029.428 00029.262 00028.864 00028.488 00028.131 00027.760
-9999.0 -9999.0 -9999.0 -9999.0 -9999.0 -9999.0 -9999.0 -9999.0 -9999.0 -9999.0 -9999.0 -9999.0 -9999.0 -9999.0 -9999.0 -9999.0 -9999.0 -9999.0 -9999.0 -9999.0 -9999.0 -9999.0 -9999.0 -9999.0 00022.124 00022.561 00022.943 00023.383 00023.776 00024.177 00024.425 00024.852 00025.246 00025.658 00026.005 00026.390 00026.803 00027.082 00027.523 00027.873 00028.239 00028.454 00028.560 00028.610 00028.615 00028.595 00028.835 00028.871 00028.411 -9999.000 00028.556 00029.171 00029.143 00028.904 00028.951 00029.051 00029.089 00029.075 00028.853 00028.544 00028.213 00027.857 00027.360
-9999.0 -9999.0 -9999.0 -9999.0 -9999.0 -9999.0 -9999.0 -9999.0 -9999.0 -9999.0 -9999.0 -9999.0 -9999.0 -9999.0 -9999.0 -9999.0 -9999.0 -9999.0 -9999.0 -9999.0 -9999.0 -9999.0 -9999.0 -9999.0 -9999.0 00022.005 00022.423 00022.713 00023.229 00023.620 00024.008 00024.335 00024.729 00025.136 00025.528 00025.942 00026.377 00026.849 00027.067 00027.538 00027.809 00028.066 00028.029 00028.007 00027.768 00027.536 00027.321 00027.185 00027.024 00026.423 00027.112 00027.323 00027.501 00027.759 00028.017 00028.370 00028.599 00028.569 00028.268 00027.995 00027.614 00027.341 00026.915
