developer_scripts/forCreateIgnition/farsiteOutputs/a_originalIgnitions/WorkAsIs/b_flatland_centerIgnit/flatland_centerIgnit_SpreadDirection.asc
NCOLS 100
NROWS 100
XLLCORNER 20000.000000
YLLCORNER 20000.000000
CELLSIZE 30.000000
NODATA_VALUE -9999.0
[rows 0 to 36 of 100, columns 0 to 82 of 100]
-9999 -9999 -9999 -9999 -9999 -9999 -9999 -9999 -9999 -9999 -9999 -9999 -9999 -9999 -9999 -9999 -9999 -9999 -9999 -9999 -9999 -9999 -9999 -9999 -9999 -9999 -9999 -9999 -9999 -9999 -9999 -9999 -9999 -9999 -9999 -9999 -9999 -9999 -9999 -9999 -9999 -9999 -9999 -9999 -9999 -9999 -9999 -9999 -9999 -9999 -9999 -9999 -9999 -9999 -9999 -9999 -9999 -9999 -9999 -9999 -9999 -9999 -9999 -9999 -9999 -9999 -9999 -9999 -9999 -9999 -9999 -9999 -9999 -9999 -9999 -9999 -9999 -9999 -9999 -9999 -9999 -9999 -9999
-9999 -9999 -9999 -9999 -9999 -9999 -9999 -9999 -9999 -9999 -9999 -9999 -9999 -9999 -9999 -9999 -9999 -9999 -9999 -9999 -9999 -9999 -9999 -9999 -9999 -9999 -9999 -9999 -9999 -9999 -9999 -9999 -9999 -9999 -9999 -9999 -9999 -9999 -9999 -9999 -9999 -9999 -9999 -9999 -9999 -9999 -9999 -9999 -9999 -9999 -9999 -9999 -9999 -9999 -9999 -9999 -9999 -9999 -9999 -9999 -9999 -9999 -9999 -9999 -9999 -9999 -9999 -9999 -9999 -9999 -9999 -9999 -9999 -9999 -9999 -9999 -9999 -9999 -9999 -9999 -9999 -9999 -9999
-9999 -9999 -9999 -9999 -9999 -9999 -9999 -9999 -9999 -9999 -9999 -9999 -9999 -9999 -9999 -9999 -9999 -9999 -9999 -9999 -9999 -9999 -9999 -9999 -9999 -9999 -9999 -9999 -9999 -9999 -9999 -9999 -9999 -9999 -9999 -9999 -9999 -9999 -9999 -9999 -9999 -9999 -9999 -9999 -9999 -9999 -9999 -9999 -9999 -9999 -9999 -9999 -9999 -9999 -9999 -9999 -9999 -9999 -9999 -9999 -9999 -9999 -9999 -9999 -9999 -9999 -9999 -9999 -9999 -9999 -9999 -9999 -9999 -9999 -9999 -9999 -9999 -9999 -9999 -9999 -9999 -9999 -9999
-9999 -9999 -9999 -9999 -9999 -9999 -9999 -9999 -9999 -9999 -9999 -9999 -9999 -9999 -9999 -9999 -9999 -9999 -9999 -9999 -9999 -9999 -9999 -9999 -9999 -9999 -9999 -9999 -9999 -9999 -9999 -9999 -9999 -9999 -9999 -9999 -9999 -9999 -9999 -9999 -9999 -9999 -9999 -9999 -9999 -9999 352 003 003 004 007 -9999 -9999 -9999 -9999 -9999 -9999 -9999 -9999 -9999 -9999 -9999 -9999 -9999 -9999 -9999 -9999 -9999 -9999 -9999 -9999 -9999 -9999 -9999 -9999 -9999 -9999 -9999 -9999 -9999 -9999 -9999 -9999
-9999 -9999 -9999 -9999 -9999 -9999 -9999 -9999 -9999 -9999 -9999 -9999 -9999 -9999 -9999 -9999 -9999 -9999 -9999 -9999 -9999 -9999 -9999 -9999 -9999 -9999 -9999 -9999 -9999 -9999 -9999 -9999 -9999 -9999 -9999 -9999 -9999 -9999 -9999 -9999 -9999 -9999 344 347 347 350 351 003 003 004 007 007 011 011 015 -9999 -9999 -9999 -9999 -9999 -9999 -9999 -9999 -9999 -9999 -9999 -9999 -9999 -9999 -9999 -9999 -9999 -9999 -9999 -9999 -9999 -9999 -9999 -9999 -9999 -9999 -9999 -9999
-9999 -9999 -9999 -9999 -9999 -9999 -9999 -9999 -9999 -9999 -9999 -9999 -9999 -9999 -9999 -9999 -9999 -9999 -9999 -9999 -9999 -9999 -9999 -9999 -9999 -9999 -9999 -9999 -9999 -9999 -9999 -9999 -9999 -9999 -9999 -9999 -9999 -9999 -9999 338 339 344 344 348 348 350 351 003 003 004 007 007 011 015 015 016 016 022 -9999 -9999 -9999 -9999 -9999 -9999 -9999 -9999 -9999 -9999 -9999 -9999 -9999 -9999 -9999 -9999 -9999 -9999 -9999 -9999 -9999 -9999 -9999 -9999 -9999
-9999 -9999 -9999 -9999 -9999 -9999 -9999 -9999 -9999 -9999 -9999 -9999 -9999 -9999 -9999 -9999 -9999 -9999 -9999 -9999 -9999 -9999 -9999 -9999 -9999 -9999 -9999 -9999 -9999 -9999 -9999 -9999 -9999 -9999 -9999 -9999 -9999 332 332 338 339 339 344 344 348 350 351 351 003 004 007 011 011 015 015 016 022 022 024 024 -9999 -9999 -9999 -9999 -9999 -9999 -9999 -9999 -9999 -9999 -9999 -9999 -9999 -9999 -9999 -9999 -9999 -9999 -9999 -9999 -9999 -9999 -9999
-9999 -9999 -9999 -9999 -9999 -9999 -9999 -9999 -9999 -9999 -9999 -9999 -9999 -9999 -9999 -9999 -9999 -9999 -9999 -9999 -9999 -9999 -9999 -9999 -9999 -9999 -9999 -9999 -9999 -9999 -9999 -9999 -9999 -9999 -9999 330 330 332 332 338 339 339 344 344 348 350 351 351 004 004 007 011 011 015 015 016 022 022 024 024 031 031 -9999 -9999 -9999 -9999 -9999 -9999 -9999 -9999 -9999 -9999 -9999 -9999 -9999 -9999 -9999 -9999 -9999 -9999 -9999 -9999 -9999
-9999 -9999 -9999 -9999 -9999 -9999 -9999 -9999 -9999 -9999 -9999 -9999 -9999 -9999 -9999 -9999 -9999 -9999 -9999 -9999 -9999 -9999 -9999 -9999 -9999 -9999 -9999 -9999 -9999 -9999 -9999 -9999 -9999 -9999 324 330 330 332 332 338 338 339 344 344 348 350 351 351 004 004 007 011 011 015 016 016 022 022 024 024 031 031 031 034 -9999 -9999 -9999 -9999 -9999 -9999 -9999 -9999 -9999 -9999 -9999 -9999 -9999 -9999 -9999 -9999 -9999 -9999 -9999
-9999 -9999 -9999 -9999 -9999 -9999 -9999 -9999 -9999 -9999 -9999 -9999 -9999 -9999 -9999 -9999 -9999 -9999 -9999 -9999 -9999 -9999 -9999 -9999 -9999 -9999 -9999 -9999 -9999 -9999 -9999 -9999 323 323 324 330 330 332 332 338 338 339 344 344 348 348 350 350 004 004 007 011 011 015 016 016 022 022 024 024 031 031 034 034 035 -9999 -9999 -9999 -9999 -9999 -9999 -9999 -9999 -9999 -9999 -9999 -9999 -9999 -9999 -9999 -9999 -9999 -9999
-9999 -9999 -9999 -9999 -9999 -9999 -9999 -9999 -9999 -9999 -9999 -9999 -9999 -9999 -9999 -9999 -9999 -9999 -9999 -9999 -9999 -9999 -9999 -9999 -9999 -9999 -9999 -9999 -9999 -9999 -9999 320 320 323 324 324 330 330 332 332 338 339 344 344 348 348 350 350 004 004 007 011 011 015 016 022 022 024 024 031 031 031 034 035 035 042 -9999 -9999 -9999 -9999 -9999 -9999 -9999 -9999 -9999 -9999 -9999 -9999 -9999 -9999 -9999 -9999 -9999
-9999 -9999 -9999 -9999 -9999 -9999 -9999 -9999 -9999 -9999 -9999 -9999 -9999 -9999 -9999 -9999 -9999 -9999 -9999 -9999 -9999 -9999 -9999 -9999 -9999 -9999 -9999 -9999 -9999 -9999 318 318 320 323 324 324 330 330 332 332 338 339 339 344 348 348 350 350 004 004 007 011 011 015 016 022 022 024 024 031 031 031 034 035 035 042 043 -9999 -9999 -9999 -9999 -9999 -9999 -9999 -9999 -9999 -9999 -9999 -9999 -9999 -9999 -9999 -9999
-9999 -9999 -9999 -9999 -9999 -9999 -9999 -9999 -9999 -9999 -9999 -9999 -9999 -9999 -9999 -9999 -9999 -9999 -9999 -9999 -9999 -9999 -9999 -9999 -9999 -9999 -9999 -9999 -9999 311 318 319 320 320 323 324 330 330 332 332 338 339 339 344 344 348 350 350 004 007 007 011 011 015 016 022 022 024 024 031 031 034 035 035 043 042 043 045 -9999 -9999 -9999 -9999 -9999 -9999 -9999 -9999 -9999 -9999 -9999 -9999 -9999 -9999 -9999
-9999 -9999 -9999 -9999 -9999 -9999 -9999 -9999 -9999 -9999 -9999 -9999 -9999 -9999 -9999 -9999 -9999 -9999 -9999 -9999 -9999 -9999 -9999 -9999 -9999 -9999 -9999 -9999 310 311 311 319 319 320 323 324 324 330 330 332 332 339 339 344 344 348 350 350 005 007 007 011 015 015 016 022 022 024 031 031 031 034 035 035 043 043 045 045 047 -9999 -9999 -9999 -9999 -9999 -9999 -9999 -9999 -9999 -9999 -9999 -9999 -9999 -9999
-9999 -9999 -9999 -9999 -9999 -9999 -9999 -9999 -9999 -9999 -9999 -9999 -9999 -9999 -9999 -9999 -9999 -9999 -9999 -9999 -9999 -9999 -9999 -9999 -9999 -9999 -9999 -9999 310 311 311 319 319 320 320 323 324 330 330 332 332 339 339 344 344 348 350 349 005 007 007 011 015 016 016 022 024 024 031 031 034 034 035 043 043 043 045 047 047 048 -9999 -9999 -9999 -9999 -9999 -9999 -9999 -9999 -9999 -9999 -9999 -9999 -9999
-9999 -9999 -9999 -9999 -9999 -9999 -9999 -9999 -9999 -9999 -9999 -9999 -9999 -9999 -9999 -9999 -9999 -9999 -9999 -9999 -9999 -9999 -9999 -9999 -9999 -9999 -9999 308 308 310 311 311 319 319 320 323 323 323 330 332 332 339 339 344 344 348 349 349 005 007 011 011 015 016 022 022 024 024 031 031 034 035 035 043 043 045 045 047 048 048 048 -9999 -9999 -9999 -9999 -9999 -9999 -9999 -9999 -9999 -9999 -9999 -9999
-9999 -9999 -9999 -9999 -9999 -9999 -9999 -9999 -9999 -9999 -9999 -9999 -9999 -9999 -9999 -9999 -9999 -9999 -9999 -9999 -9999 -9999 -9999 -9999 -9999 -9999 305 308 308 310 310 311 319 319 320 323 323 323 330 330 332 339 339 339 344 348 349 349 006 007 011 011 015 016 022 022 024 031 031 031 034 035 043 043 043 045 047 047 048 048 048 050 -9999 -9999 -9999 -9999 -9999 -9999 -9999 -9999 -9999 -9999 -9999
-9999 -9999 -9999 -9999 -9999 -9999 -9999 -9999 -9999 -9999 -9999 -9999 -9999 -9999 -9999 -9999 -9999 -9999 -9999 -9999 -9999 -9999 -9999 -9999 -9999 304 305 305 308 308 310 311 311 319 319 320 323 323 330 330 332 332 339 339 344 348 348 349 006 007 011 011 016 016 022 024 024 031 031 034 035 035 043 043 045 045 047 048 048 048 048 050 052 -9999 -9999 -9999 -9999 -9999 -9999 -9999 -9999 -9999 -9999
-9999 -9999 -9999 -9999 -9999 -9999 -9999 -9999 -9999 -9999 -9999 -9999 -9999 -9999 -9999 -9999 -9999 -9999 -9999 -9999 -9999 -9999 -9999 -9999 -9999 304 304 305 305 308 308 310 311 319 319 320 323 323 323 331 332 332 339 339 344 344 348 348 006 007 011 011 016 016 022 024 024 031 031 034 035 043 043 043 045 047 047 048 048 048 050 050 052 -9999 -9999 -9999 -9999 -9999 -9999 -9999 -9999 -9999 -9999
-9999 -9999 -9999 -9999 -9999 -9999 -9999 -9999 -9999 -9999 -9999 -9999 -9999 -9999 -9999 -9999 -9999 -9999 -9999 -9999 -9999 -9999 -9999 -9999 303 303 304 305 304 308 308 310 310 310 319 319 320 323 323 331 331 332 339 339 344 344 348 348 007 007 011 011 016 016 022 024 024 031 031 034 035 043 043 045 045 047 048 048 048 050 050 052 052 052 -9999 -9999 -9999 -9999 -9999 -9999 -9999 -9999 -9999
-9999 -9999 -9999 -9999 -9999 -9999 -9999 -9999 -9999 -9999 -9999 -9999 -9999 -9999 -9999 -9999 -9999 -9999 -9999 -9999 -9999 -9999 -9999 -9999 301 303 304 304 304 304 308 308 310 310 319 319 320 323 323 331 331 332 339 339 344 344 348 347 007 007 011 016 016 022 022 024 032 032 034 035 043 043 045 045 047 048 048 048 048 050 052 052 052 059 059 -9999 -9999 -9999 -9999 -9999 -9999 -9999 -9999
-9999 -9999 -9999 -9999 -9999 -9999 -9999 -9999 -9999 -9999 -9999 -9999 -9999 -9999 -9999 -9999 -9999 -9999 -9999 -9999 -9999 -9999 -9999 299 301 303 303 304 304 304 304 308 308 310 310 319 319 320 323 323 331 332 332 339 339 344 347 347 007 007 011 015 015 023 024 024 032 032 034 034 043 043 045 047 047 048 048 048 050 050 052 052 059 059 060 -9999 -9999 -9999 -9999 -9999 -9999 -9999 -9999
-9999 -9999 -9999 -9999 -9999 -9999 -9999 -9999 -9999 -9999 -9999 -9999 -9999 -9999 -9999 -9999 -9999 -9999 -9999 -9999 -9999 -9999 299 299 301 301 303 303 304 304 304 308 308 310 310 310 319 320 323 323 331 331 332 339 339 344 347 347 007 007 011 015 015 023 024 024 032 034 034 034 043 045 045 047 048 048 048 050 050 052 052 059 059 060 060 062 -9999 -9999 -9999 -9999 -9999 -9999 -9999
-9999 -9999 -9999 -9999 -9999 -9999 -9999 -9999 -9999 -9999 -9999 -9999 -9999 -9999 -9999 -9999 -9999 -9999 -9999 -9999 -9999 -9999 299 299 299 301 301 303 303 304 304 304 308 308 310 310 319 320 320 323 323 331 332 339 339 344 347 347 008 007 011 015 015 023 024 032 032 034 034 043 043 045 048 047 048 048 048 050 052 052 052 059 060 060 062 062 -9999 -9999 -9999 -9999 -9999 -9999 -9999
-9999 -9999 -9999 -9999 -9999 -9999 -9999 -9999 -9999 -9999 -9999 -9999 -9999 -9999 -9999 -9999 -9999 -9999 -9999 -9999 -9999 -9999 292 299 299 299 301 301 303 304 304 304 304 308 308 310 310 320 320 323 323 331 332 332 339 344 347 346 008 008 011 015 015 023 023 032 032 034 034 043 045 045 048 048 048 048 050 050 052 052 059 059 060 062 062 062 067 -9999 -9999 -9999 -9999 -9999 -9999
-9999 -9999 -9999 -9999 -9999 -9999 -9999 -9999 -9999 -9999 -9999 -9999 -9999 -9999 -9999 -9999 -9999 -9999 -9999 -9999 -9999 291 292 292 299 299 299 301 301 303 304 304 304 304 308 310 310 320 320 320 323 331 331 332 339 344 344 346 009 008 011 015 023 023 023 032 034 034 044 044 045 048 048 048 048 048 050 052 052 059 059 060 062 062 062 067 067 -9999 -9999 -9999 -9999 -9999 -9999
-9999 -9999 -9999 -9999 -9999 -9999 -9999 -9999 -9999 -9999 -9999 -9999 -9999 -9999 -9999 -9999 -9999 -9999 -9999 -9999 -9999 291 291 292 292 299 299 299 301 303 303 304 304 304 308 308 310 310 320 320 323 323 331 332 339 339 344 345 010 011 015 015 023 023 032 032 034 034 044 045 045 048 048 048 048 050 052 052 059 059 060 062 062 062 067 067 068 068 -9999 -9999 -9999 -9999 -9999
-9999 -9999 -9999 -9999 -9999 -9999 -9999 -9999 -9999 -9999 -9999 -9999 -9999 -9999 -9999 -9999 -9999 -9999 -9999 -9999 289 289 291 291 292 292 299 299 299 301 303 303 304 304 304 308 308 310 320 320 323 323 331 331 339 339 344 345 010 010 015 015 023 023 032 032 034 044 044 045 048 048 048 048 050 050 052 052 059 060 062 062 062 067 067 068 068 072 -9999 -9999 -9999 -9999 -9999
-9999 -9999 -9999 -9999 -9999 -9999 -9999 -9999 -9999 -9999 -9999 -9999 -9999 -9999 -9999 -9999 -9999 -9999 -9999 -9999 289 289 289 291 291 292 292 299 299 301 301 303 304 304 304 304 308 310 309 320 320 323 323 331 331 339 344 344 011 010 015 015 023 023 032 034 034 044 045 048 048 048 048 048 050 051 052 060 060 060 062 062 067 067 068 068 072 072 -9999 -9999 -9999 -9999 -9999
-9999 -9999 -9999 -9999 -9999 -9999 -9999 -9999 -9999 -9999 -9999 -9999 -9999 -9999 -9999 -9999 -9999 -9999 -9999 -9999 284 289 289 289 289 291 292 292 299 299 301 301 303 304 304 304 308 308 309 309 320 323 323 331 331 339 343 343 012 011 015 023 023 032 032 034 044 044 045 048 048 048 048 050 051 051 060 060 060 062 062 067 067 068 068 072 072 072 075 -9999 -9999 -9999 -9999
-9999 -9999 -9999 -9999 -9999 -9999 -9999 -9999 -9999 -9999 -9999 -9999 -9999 -9999 -9999 -9999 -9999 -9999 -9999 -9999 284 284 284 289 289 289 291 292 292 299 299 301 301 303 304 304 304 308 308 309 320 320 322 331 331 339 339 343 012 012 015 023 023 032 034 034 044 045 048 048 048 048 048 050 051 051 060 060 062 062 067 067 068 068 072 072 072 075 075 -9999 -9999 -9999 -9999
-9999 -9999 -9999 -9999 -9999 -9999 -9999 -9999 -9999 -9999 -9999 -9999 -9999 -9999 -9999 -9999 -9999 -9999 -9999 283 283 283 284 284 289 289 289 291 292 291 299 300 301 303 304 304 304 304 308 309 309 320 322 322 332 339 339 342 013 012 015 023 023 032 033 045 045 045 048 048 048 048 050 051 051 060 060 062 062 067 067 068 068 072 072 072 075 075 077 -9999 -9999 -9999 -9999
-9999 -9999 -9999 -9999 -9999 -9999 -9999 -9999 -9999 -9999 -9999 -9999 -9999 -9999 -9999 -9999 -9999 -9999 -9999 280 280 283 283 284 284 289 289 289 291 291 291 300 300 301 304 304 304 304 304 308 309 321 321 322 332 332 339 341 014 014 015 023 032 032 033 045 045 048 048 048 048 050 051 051 060 060 062 062 067 067 068 068 072 072 075 075 075 077 077 -9999 -9999 -9999 -9999
-9999 -9999 -9999 -9999 -9999 -9999 -9999 -9999 -9999 -9999 -9999 -9999 -9999 -9999 -9999 -9999 -9999 -9999 -9999 279 280 279 283 283 284 284 289 289 289 291 291 291 300 300 301 304 304 304 304 308 308 308 321 322 332 332 340 340 015 015 015 023 033 033 045 045 045 048 048 048 048 050 051 060 060 062 062 067 067 068 072 072 072 075 075 077 077 079 079 -9999 -9999 -9999 -9999
-9999 -9999 -9999 -9999 -9999 -9999 -9999 -9999 -9999 -9999 -9999 -9999 -9999 -9999 -9999 -9999 -9999 -9999 -9999 277 279 279 279 279 283 283 284 284 289 289 291 291 291 300 301 301 304 304 304 304 308 308 321 321 322 332 339 339 016 016 023 023 033 033 045 045 048 048 048 048 050 051 051 060 062 062 068 067 068 072 072 072 075 075 077 077 079 079 079 089 -9999 -9999 -9999
-9999 -9999 -9999 -9999 -9999 -9999 -9999 -9999 -9999 -9999 -9999 -9999 -9999 -9999 -9999 -9999 -9999 -9999 -9999 277 277 277 279 279 279 283 283 284 284 289 289 291 291 291 300 301 301 304 304 304 304 308 308 322 322 332 332 338 017 017 023 023 033 033 045 048 048 048 048 050 050 051 060 060 062 068 068 068 072 072 072 075 075 077 077 079 079 079 089 089 -9999 -9999 -9999
-9999 -9999 -9999 -9999 -9999 -9999 -9999 -9999 -9999 -9999 -9999 -9999 -9999 -9999 -9999 -9999 -9999 -9999 -9999 274 277 277 277 279 279 279 279 283 284 284 289 289 291 291 291 300 301 304 304 304 304 308 308 322 322 322 332 336 018 018 023 032 032 045 045 048 048 048 048 050 050 060 060 062 068 068 068 072 072 075 075 077 077 078 078 079 089 089 089 089 -9999 -9999 -9999
