developer_scripts/forCreateIgnition/farsiteOutputs/a_originalIgnitions/WorkAsIs/b_flatland_centerIgnit/flatland_centerIgnit_ReactionIntensity.asc
NCOLS 100
NROWS 100
XLLCORNER 20000.000000
YLLCORNER 20000.000000
CELLSIZE 30.000000
NODATA_VALUE -9999.0
[rows 28 to 55 of 100, columns 0 to 62 of 100]
-9999.0 -9999.0 -9999.0 -9999.0 -9999.0 -9999.0 -9999.0 -9999.0 -9999.0 -9999.0 -9999.0 -9999.0 -9999.0 -9999.0 -9999.0 -9999.0 -9999.0 -9999.0 -9999.0 -9999.0 00152.498 00153.437 00154.240 00154.891 00155.615 00156.245 00156.823 00157.368 00157.752 00158.327 00158.832 00159.369 00159.941 00160.520 00160.990 00161.563 00162.103 00162.664 00163.247 00163.801 00163.906 00164.460 00164.772 00165.021 00165.268 00165.463 00165.635 00165.783 00165.847 00165.750 00165.642 00165.502 00165.304 00165.105 00164.838 00164.568 00163.922 00163.884 00163.454 00162.920 00162.385 00161.877 00161.398
-9999.0 -9999.0 -9999.0 -9999.0 -9999.0 -9999.0 -9999.0 -9999.0 -9999.0 -9999.0 -9999.0 -9999.0 -9999.0 -9999.0 -9999.0 -9999.0 -9999.0 -9999.0 -9999.0 -9999.0 00152.773 00153.720 00154.478 00154.989 00155.865 00156.470 00157.047 00157.604 00158.016 00158.610 00159.147 00159.725 00160.343 00160.810 00161.375 00161.935 00162.530 00163.126 00163.751 00163.912 00164.533 00164.862 00165.190 00165.474 00165.731 00165.951 00166.143 00166.296 00166.373 00166.270 00166.148 00165.999 00165.783 00165.565 00165.277 00164.987 00164.684 00163.925 00163.884 00163.426 00162.862 00162.329 00161.824
-9999.0 -9999.0 -9999.0 -9999.0 -9999.0 -9999.0 -9999.0 -9999.0 -9999.0 -9999.0 -9999.0 -9999.0 -9999.0 -9999.0 -9999.0 -9999.0 -9999.0 -9999.0 -9999.0 -9999.0 00153.025 00153.924 00154.698 00155.086 00156.078 00156.687 00157.270 00157.735 00158.359 00158.903 00159.473 00160.094 00160.653 00161.174 00161.745 00162.334 00162.961 00163.614 00163.903 00164.538 00164.929 00165.275 00165.620 00165.942 00166.210 00166.457 00166.661 00166.829 00166.904 00166.806 00166.671 00166.501 00166.279 00166.027 00165.727 00165.422 00165.068 00164.685 00163.924 00163.880 00163.362 00162.803 00162.271
-9999.0 -9999.0 -9999.0 -9999.0 -9999.0 -9999.0 -9999.0 -9999.0 -9999.0 -9999.0 -9999.0 -9999.0 -9999.0 -9999.0 -9999.0 -9999.0 -9999.0 -9999.0 -9999.0 00152.108 00153.239 00154.122 00154.864 00155.618 00156.285 00156.886 00157.485 00157.879 00158.582 00159.188 00159.805 00160.455 00160.942 00161.549 00162.126 00162.742 00163.402 00163.890 00164.445 00164.879 00165.324 00165.699 00166.062 00166.415 00166.706 00166.910 00166.928 00166.943 00166.976 00166.942 00166.929 00166.913 00166.792 00166.503 00166.191 00165.863 00165.461 00165.065 00164.662 00163.919 00163.875 00163.297 00162.722
-9999.0 -9999.0 -9999.0 -9999.0 -9999.0 -9999.0 -9999.0 -9999.0 -9999.0 -9999.0 -9999.0 -9999.0 -9999.0 -9999.0 -9999.0 -9999.0 -9999.0 -9999.0 -9999.0 00152.398 00153.446 00154.307 00154.938 00155.797 00156.460 00157.083 00157.639 00158.183 00158.802 00159.443 00160.151 00160.720 00161.298 00161.896 00162.519 00163.166 00163.854 00163.925 00164.778 00165.230 00165.694 00166.137 00166.513 00166.881 00166.930 00167.001 00167.191 00167.263 00167.306 00167.259 00167.203 00167.074 00166.938 00166.911 00166.669 00166.281 00165.861 00165.446 00165.026 00164.618 00163.915 00163.811 00163.191
-9999.0 -9999.0 -9999.0 -9999.0 -9999.0 -9999.0 -9999.0 -9999.0 -9999.0 -9999.0 -9999.0 -9999.0 -9999.0 -9999.0 -9999.0 -9999.0 -9999.0 -9999.0 -9999.0 00152.573 00153.601 00154.458 00155.009 00155.956 00156.614 00157.249 00157.753 00158.414 00159.028 00159.698 00160.432 00161.003 00161.640 00162.264 00162.924 00163.616 00163.907 00164.620 00165.100 00165.589 00166.067 00166.562 00166.909 00166.942 00167.193 00167.294 00167.382 00167.459 00167.507 00167.452 00167.398 00167.318 00167.225 00166.990 00166.925 00166.712 00166.279 00165.831 00165.399 00164.981 00164.574 00163.908 00163.693
-9999.0 -9999.0 -9999.0 -9999.0 -9999.0 -9999.0 -9999.0 -9999.0 -9999.0 -9999.0 -9999.0 -9999.0 -9999.0 -9999.0 -9999.0 -9999.0 -9999.0 -9999.0 -9999.0 00152.731 00153.747 00154.580 00155.066 00156.108 00156.760 00157.401 00157.841 00158.606 00159.242 00159.953 00160.637 00161.271 00161.962 00162.631 00163.329 00163.888 00164.457 00164.932 00165.426 00165.936 00166.444 00166.907 00166.949 00167.233 00167.368 00167.479 00167.576 00167.654 00167.710 00167.653 00167.592 00167.509 00167.404 00167.287 00167.144 00166.924 00166.693 00166.231 00165.784 00165.351 00164.922 00164.498 00163.899
-9999.0 -9999.0 -9999.0 -9999.0 -9999.0 -9999.0 -9999.0 -9999.0 -9999.0 -9999.0 -9999.0 -9999.0 -9999.0 -9999.0 -9999.0 -9999.0 -9999.0 -9999.0 -9999.0 00152.851 00153.854 00154.697 00155.263 00156.216 00156.889 00157.547 00158.046 00158.754 00159.456 00160.212 00160.825 00161.535 00162.241 00163.007 00163.748 00163.920 00164.763 00165.254 00165.759 00166.285 00166.826 00166.941 00167.245 00167.403 00167.539 00167.667 00167.769 00167.853 00167.917 00167.856 00167.786 00167.702 00167.584 00167.466 00167.305 00167.133 00166.921 00166.641 00166.183 00165.734 00165.279 00164.838 00164.203
-9999.0 -9999.0 -9999.0 -9999.0 -9999.0 -9999.0 -9999.0 -9999.0 -9999.0 -9999.0 -9999.0 -9999.0 -9999.0 -9999.0 -9999.0 -9999.0 -9999.0 -9999.0 -9999.0 00152.949 00153.948 00154.780 00155.528 00156.324 00156.993 00157.626 00158.252 00158.914 00159.633 00160.432 00161.057 00161.775 00162.515 00163.309 00163.895 00164.556 00165.061 00165.584 00166.105 00166.641 00166.928 00167.202 00167.387 00167.574 00167.714 00167.855 00167.958 00168.054 00168.127 00168.061 00167.981 00167.887 00167.766 00167.628 00167.464 00167.296 00167.060 00166.916 00166.591 00166.116 00165.650 00165.157 00164.642
-9999.0 -9999.0 -9999.0 -9999.0 -9999.0 -9999.0 -9999.0 -9999.0 -9999.0 -9999.0 -9999.0 -9999.0 -9999.0 -9999.0 -9999.0 -9999.0 -9999.0 -9999.0 -9999.0 00153.018 00154.009 00154.850 00155.678 00156.400 00157.087 00157.687 00158.368 00159.054 00159.803 00160.571 00161.257 00162.015 00162.788 00163.623 00163.919 00164.834 00165.362 00165.901 00166.452 00166.912 00167.098 00167.334 00167.530 00167.721 00167.890 00168.032 00168.151 00168.479 00168.761 00168.513 00168.217 00168.074 00167.951 00167.789 00167.621 00167.448 00167.277 00166.985 00166.911 00166.507 00166.010 00165.457 00164.919
-9999.0 -9999.0 -9999.0 -9999.0 -9999.0 -9999.0 -9999.0 -9999.0 -9999.0 -9999.0 -9999.0 -9999.0 -9999.0 -9999.0 -9999.0 -9999.0 -9999.0 -9999.0 -9999.0 00153.053 00154.053 00154.875 00155.730 00156.465 00157.160 00157.734 00158.469 00159.166 00159.952 00160.705 00161.435 00162.208 00163.049 00163.877 00164.469 00165.057 00165.671 00166.226 00166.798 00166.943 00167.266 00167.467 00167.672 00167.869 00168.064 00168.324 00168.784 00169.294 00169.778 00169.348 00168.907 00168.498 00168.121 00167.951 00167.776 00167.602 00167.430 00167.259 00166.946 00166.903 00166.324 00165.755 00165.204
-9999.0 -9999.0 -9999.0 -9999.0 -9999.0 -9999.0 -9999.0 -9999.0 -9999.0 -9999.0 -9999.0 -9999.0 -9999.0 -9999.0 -9999.0 -9999.0 -9999.0 -9999.0 -9999.0 00153.083 00154.085 00154.889 00155.769 00156.509 00157.211 00157.771 00158.540 00159.260 00160.088 00160.802 00161.592 00162.394 00163.252 00163.897 00164.670 00165.273 00165.901 00166.559 00166.924 00167.195 00167.398 00167.601 00167.806 00168.014 00168.330 00168.966 00169.700 00170.240 00170.731 00170.328 00169.882 00169.274 00168.586 00168.112 00167.933 00167.757 00167.583 00167.406 00167.227 00166.933 00166.647 00166.061 00165.444
-9999.0 -9999.0 -9999.0 -9999.0 -9999.0 -9999.0 -9999.0 -9999.0 -9999.0 -9999.0 -9999.0 -9999.0 -9999.0 -9999.0 -9999.0 -9999.0 -9999.0 -9999.0 -9999.0 00152.910 00154.002 00154.882 00155.801 00156.541 00157.252 00157.797 00158.592 00159.341 00160.185 00160.895 00161.715 00162.541 00163.466 00163.913 00164.837 00165.489 00166.135 00166.804 00166.988 00167.319 00167.530 00167.735 00167.942 00168.152 00168.834 00169.834 00170.525 00171.142 00171.695 00171.264 00170.724 00170.125 00169.283 00168.530 00168.092 00167.914 00167.736 00167.554 00167.358 00167.117 00166.909 00166.315 00165.689
-9999.0 -9999.0 -9999.0 -9999.0 -9999.0 -9999.0 -9999.0 -9999.0 -9999.0 -9999.0 -9999.0 -9999.0 -9999.0 -9999.0 -9999.0 -9999.0 -9999.0 -9999.0 -9999.0 00152.726 00153.857 00154.786 00155.688 00156.491 00157.260 00157.818 00158.637 00159.395 00160.260 00160.983 00161.810 00162.679 00163.617 00164.049 00164.989 00165.659 00166.358 00166.915 00167.199 00167.445 00167.658 00167.871 00168.080 00168.596 00169.543 00170.500 00171.363 00172.054 00172.692 00172.219 00171.607 00170.863 00170.062 00169.177 00168.463 00168.073 00167.890 00167.700 00167.477 00167.258 00166.932 00166.577 00165.902
-9999.0 -9999.0 -9999.0 -9999.0 -9999.0 -9999.0 -9999.0 -9999.0 -9999.0 -9999.0 -9999.0 -9999.0 -9999.0 -9999.0 -9999.0 -9999.0 -9999.0 -9999.0 -9999.0 00152.496 00153.680 00154.639 00155.405 00156.368 00157.134 00157.765 00158.606 00159.437 00160.322 00161.048 00161.886 00162.775 00163.741 00164.440 00165.112 00165.814 00166.528 00166.935 00167.285 00167.536 00167.786 00168.003 00168.349 00169.167 00170.193 00171.159 00172.141 00172.911 00173.610 00173.118 00172.476 00171.617 00170.780 00169.973 00169.076 00168.391 00168.045 00167.821 00167.596 00167.355 00167.017 00166.799 00166.114
-9999.0 -9999.0 -9999.0 -9999.0 -9999.0 -9999.0 -9999.0 -9999.0 -9999.0 -9999.0 -9999.0 -9999.0 -9999.0 -9999.0 -9999.0 -9999.0 -9999.0 -9999.0 -9999.0 00152.215 00153.448 00154.464 00155.070 00156.228 00157.000 00157.688 00158.471 00159.273 00160.218 00161.035 00161.952 00162.865 00163.843 00164.519 00165.212 00165.929 00166.682 00166.949 00167.361 00167.625 00167.882 00168.135 00168.814 00169.869 00170.818 00171.806 00172.827 00173.734 00162.044 00174.005 00173.228 00172.390 00171.525 00170.690 00169.886 00168.947 00168.185 00167.941 00167.698 00167.453 00167.198 00166.914 00166.308
-9999.0 -9999.0 -9999.0 -9999.0 -9999.0 -9999.0 -9999.0 -9999.0 -9999.0 -9999.0 -9999.0 -9999.0 -9999.0 -9999.0 -9999.0 -9999.0 -9999.0 -9999.0 -9999.0 -9999.0 00153.188 00154.252 00154.983 00156.045 00156.835 00157.597 00158.321 00159.121 00160.037 00160.858 00161.790 00162.777 00163.872 00164.594 00165.293 00166.036 00166.802 00167.131 00167.424 00167.697 00167.970 00168.404 00169.475 00170.492 00171.464 00172.479 00173.445 00174.422 -9999.0 -9999.000 00173.947 00173.131 00172.295 00171.434 00170.594 00169.663 00168.610 00168.047 00167.796 00167.538 00167.281 00166.928 00166.310
-9999.0 -9999.0 -9999.0 -9999.0 -9999.0 -9999.0 -9999.0 -9999.0 -9999.0 -9999.0 -9999.0 -9999.0 -9999.0 -9999.0 -9999.0 -9999.0 -9999.0 -9999.0 -9999.0 -9999.0 00152.850 00153.979 00154.883 00155.834 00156.644 00157.430 00158.083 00158.931 00159.811 00160.705 00161.596 00162.551 00163.632 00164.456 00165.249 00166.104 00166.904 00167.190 00167.475 00167.757 00168.040 00168.709 00169.959 00171.117 00172.127 00173.118 00174.081 -9999.000 -9999.0 -9999.0 -9999.000 00173.857 00173.043 00172.208 00171.297 00170.230 00169.043 00168.149 00167.892 00167.626 00167.292 00166.920 00166.222
-9999.0 -9999.0 -9999.0 -9999.0 -9999.0 -9999.0 -9999.0 -9999.0 -9999.0 -9999.0 -9999.0 -9999.0 -9999.0 -9999.0 -9999.0 -9999.0 -9999.0 -9999.0 -9999.0 -9999.0 00152.468 00153.679 00154.656 00155.497 00156.415 00157.199 00157.811 00158.699 00159.564 00160.515 00161.360 00162.313 00163.370 00163.922 00165.062 00165.883 00166.771 00167.183 00167.524 00167.817 00168.108 00168.983 00170.361 00171.583 00172.791 00173.744 -9999.000 -9999.0 -9999.0 -9999.0 -9999.0 -9999.000 00173.765 00172.958 00171.888 00170.756 00169.616 00168.485 00167.908 00167.567 00167.240 00166.908 00166.089
-9999.0 -9999.0 -9999.0 -9999.0 -9999.0 -9999.0 -9999.0 -9999.0 -9999.0 -9999.0 -9999.0 -9999.0 -9999.0 -9999.0 -9999.0 -9999.0 -9999.0 -9999.0 -9999.0 -9999.0 -9999.0 00153.296 00154.356 00155.031 00156.160 00156.954 00157.674 00158.467 00159.292 00160.255 00161.082 00162.024 00163.050 00163.897 00164.833 00165.653 00166.519 00166.948 00167.423 00167.763 00168.120 00169.373 00170.709 00172.044 00173.316 00174.391 -9999.0 -9999.0 -9999.0 -9999.0 -9999.0 -9999.0 -9999.000 00173.582 00172.526 00171.355 00169.727 00168.214 00167.838 00167.503 00167.174 00166.762 00165.885
-9999.0 -9999.0 -9999.0 -9999.0 -9999.0 -9999.0 -9999.0 -9999.0 -9999.0 -9999.0 -9999.0 -9999.0 -9999.0 -9999.0 -9999.0 -9999.0 -9999.0 -9999.0 -9999.0 -9999.0 -9999.0 00152.850 00153.985 00154.888 00155.850 00156.663 00157.453 00158.124 00158.975 00159.877 00160.763 00161.685 00162.671 00163.777 00164.568 00165.368 00166.225 00166.923 00167.312 00167.649 00167.990 00168.780 00170.498 00172.254 00173.810 -9999.000 -9999.0 -9999.0 -9999.0 -9999.0 -9999.0 -9999.0 -9999.000 00174.288 00172.664 00170.919 00169.265 00168.100 00167.758 00167.421 00166.948 00166.514 00165.642
-9999.0 -9999.0 -9999.0 -9999.0 -9999.0 -9999.0 -9999.0 -9999.0 -9999.0 -9999.0 -9999.0 -9999.0 -9999.0 -9999.0 -9999.0 -9999.0 -9999.0 -9999.0 -9999.0 -9999.0 -9999.0 00152.336 00153.571 00154.575 00155.302 00156.354 00157.144 00157.784 00158.657 00159.520 00160.485 00161.329 00162.287 00163.347 00163.921 00165.062 00165.894 00166.781 00167.184 00167.516 00167.855 00168.285 00169.773 00171.365 00173.088 -9999.000 -9999.0 -9999.0 -9999.0 -9999.0 -9999.0 -9999.0 -9999.0 00173.685 00172.023 00170.373 00168.729 00167.979 00167.637 00167.300 00166.920 00166.193 00165.334
-9999.0 -9999.0 -9999.0 -9999.0 -9999.0 -9999.0 -9999.0 -9999.0 -9999.0 -9999.0 -9999.0 -9999.0 -9999.0 -9999.0 -9999.0 -9999.0 -9999.0 -9999.0 -9999.0 -9999.0 -9999.0 -9999.0 00153.066 00154.158 00154.952 00155.986 00156.789 00157.576 00158.293 00159.101 00160.027 00160.866 00161.813 00162.816 00163.878 00164.665 00165.469 00166.322 00166.931 00167.345 00167.682 00168.025 00168.863 00170.471 00172.022 00173.548 -9999.000 -9999.0 -9999.0 -9999.0 -9999.0 -9999.0 -9999.000 00172.784 00171.161 00169.573 00168.163 00167.824 00167.489 00167.160 00166.723 00165.847 00165.028
-9999.0 -9999.0 -9999.0 -9999.0 -9999.0 -9999.0 -9999.0 -9999.0 -9999.0 -9999.0 -9999.0 -9999.0 -9999.0 -9999.0 -9999.0 -9999.0 -9999.0 -9999.0 -9999.0 -9999.0 -9999.0 -9999.0 00152.435 00153.651 00154.635 00155.447 00156.399 00157.185 00157.803 00158.683 00159.542 00160.496 00161.333 00162.283 00163.333 00163.919 00165.044 00165.872 00166.722 00167.149 00167.468 00167.790 00168.118 00169.257 00170.797 00172.350 00173.856 -9999.0 -9999.0 -9999.0 -9999.0 -9999.000 00173.298 00171.701 00170.146 00168.598 00167.953 00167.622 00167.293 00166.919 00166.202 00165.360 00164.575
-9999.0 -9999.0 -9999.0 -9999.0 -9999.0 -9999.0 -9999.0 -9999.0 -9999.0 -9999.0 -9999.0 -9999.0 -9999.0 -9999.0 -9999.0 -9999.0 -9999.0 -9999.0 -9999.0 -9999.0 -9999.0 -9999.0 -9999.0 00153.060 00154.146 00154.946 00155.968 00156.767 00157.550 00158.255 00159.067 00159.982 00160.832 00161.750 00162.704 00163.764 00164.523 00165.284 00166.096 00166.907 00167.230 00167.542 00167.862 00168.240 00169.604 00171.111 00172.677 -9999.000 -9999.0 -9999.0 -9999.0 00173.818 00172.257 00170.659 00169.043 00168.067 00167.733 00167.406 00166.948 00166.532 00165.683 00164.882 00163.904
-9999.0 -9999.0 -9999.0 -9999.0 -9999.0 -9999.0 -9999.0 -9999.0 -9999.0 -9999.0 -9999.0 -9999.0 -9999.0 -9999.0 -9999.0 -9999.0 -9999.0 -9999.0 -9999.0 -9999.0 -9999.0 -9999.0 -9999.0 00152.362 00153.582 00154.576 00155.279 00156.340 00157.112 00157.748 00158.566 00159.375 00160.307 00161.099 00162.001 00162.983 00163.888 00164.718 00165.480 00166.286 00166.923 00167.294 00167.608 00167.928 00168.472 00169.930 00171.426 00172.989 -9999.000 -9999.0 -9999.000 00172.800 00171.196 00169.635 00168.222 00167.846 00167.516 00167.193 00166.828 00165.965 00165.151 00164.383 00163.544
-9999.0 -9999.0 -9999.0 -9999.0 -9999.0 -9999.0 -9999.0 -9999.0 -9999.0 -9999.0 -9999.0 -9999.0 -9999.0 -9999.0 -9999.0 -9999.0 -9999.0 -9999.0 -9999.0 -9999.0 -9999.0 -9999.0 -9999.0 -9999.0 00152.911 00153.994 00154.877 00155.794 00156.581 00157.341 00157.921 00158.783 00159.623 00160.533 00161.340 00162.237 00163.219 00163.906 00164.870 00165.642 00166.457 00166.939 00167.357 00167.673 00167.993 00168.680 00170.195 00171.582 00172.842 -9999.000 00172.778 00171.455 00170.100 00168.566 00167.946 00167.621 00167.301 00166.923 00166.251 00165.420 00164.639 00163.878 00162.835
-9999.0 -9999.0 -9999.0 -9999.0 -9999.0 -9999.0 -9999.0 -9999.0 -9999.0 -9999.0 -9999.0 -9999.0 -9999.0 -9999.0 -9999.0 -9999.0 -9999.0 -9999.0 -9999.0 -9999.0 -9999.0 -9999.0 -9999.0 -9999.0 -9999.0 00153.257 00154.289 00154.988 00156.028 00156.795 00157.549 00158.205 00158.984 00159.828 00160.683 00161.525 00162.431 00163.441 00163.922 00165.027 00165.803 00166.631 00166.975 00167.409 00167.719 00168.038 00168.644 00169.855 00170.903 00172.114 00170.907 00169.814 00168.559 00168.000 00167.703 00167.380 00166.943 00166.496 00165.670 00164.888 00163.906 00163.180 00162.174
