developer_scripts/forCreateIgnition/farsiteOutputs/a_originalIgnitions/WorkAsIs/b_flatland_centerIgnit/flatland_centerIgnit_SpreadRate.asc
NCOLS 100
NROWS 100
XLLCORNER 20000.000000
YLLCORNER 20000.000000
CELLSIZE 30.000000
NODATA_VALUE -9999.0
[rows 31 to 61 of 100, columns 0 to 69 of 100]
-9999.0 -9999.0 -9999.0 -9999.0 -9999.0 -9999.0 -9999.0 -9999.0 -9999.0 -9999.0 -9999.0 -9999.0 -9999.0 -9999.0 -9999.0 -9999.0 -9999.0 -9999.0 -9999.0 01.80 01.83 01.87 01.90 01.94 01.99 02.03 02.07 02.10 02.15 02.22 02.26 02.32 02.36 02.40 02.44 02.46 02.49 02.52 02.56 02.61 02.69 02.76 02.82 02.89 02.94 02.98 03.02 03.07 03.10 03.07 03.04 03.01 02.97 02.92 02.85 02.78 02.72 02.68 02.65 02.62 02.62 02.59 02.55 02.51 02.44 02.39 02.34 02.29 02.25 02.20
-9999.0 -9999.0 -9999.0 -9999.0 -9999.0 -9999.0 -9999.0 -9999.0 -9999.0 -9999.0 -9999.0 -9999.0 -9999.0 -9999.0 -9999.0 -9999.0 -9999.0 -9999.0 -9999.0 01.78 01.82 01.86 01.89 01.93 01.98 02.02 02.06 02.09 02.13 02.18 02.24 02.29 02.35 02.40 02.43 02.47 02.49 02.51 02.55 02.59 02.66 02.74 02.81 02.88 02.93 02.97 03.02 03.06 03.11 03.07 03.04 03.01 02.96 02.91 02.83 02.77 02.73 02.68 02.65 02.64 02.61 02.59 02.56 02.49 02.43 02.37 02.33 02.28 02.24 02.18
-9999.0 -9999.0 -9999.0 -9999.0 -9999.0 -9999.0 -9999.0 -9999.0 -9999.0 -9999.0 -9999.0 -9999.0 -9999.0 -9999.0 -9999.0 -9999.0 -9999.0 -9999.0 -9999.0 01.76 01.80 01.84 01.87 01.91 01.96 02.00 02.04 02.08 02.12 02.17 02.22 02.27 02.33 02.39 02.43 02.47 02.49 02.52 02.54 02.58 02.62 02.71 02.78 02.85 02.92 02.97 03.02 03.07 03.11 03.08 03.05 03.00 02.95 02.89 02.81 02.76 02.72 02.68 02.66 02.65 02.62 02.59 02.53 02.47 02.41 02.36 02.31 02.27 02.21 02.16
-9999.0 -9999.0 -9999.0 -9999.0 -9999.0 -9999.0 -9999.0 -9999.0 -9999.0 -9999.0 -9999.0 -9999.0 -9999.0 -9999.0 -9999.0 -9999.0 -9999.0 -9999.0 -9999.0 01.75 01.79 01.82 01.85 01.90 01.94 01.98 02.02 02.07 02.11 02.15 02.20 02.25 02.30 02.36 02.43 02.46 02.50 02.52 02.54 02.57 02.62 02.68 02.73 02.83 02.90 02.96 03.02 03.07 03.12 03.08 03.05 02.99 02.93 02.87 02.79 02.75 02.71 02.69 02.67 02.65 02.62 02.58 02.50 02.45 02.39 02.34 02.30 02.24 02.19 02.15
-9999.0 -9999.0 -9999.0 -9999.0 -9999.0 -9999.0 -9999.0 -9999.0 -9999.0 -9999.0 -9999.0 -9999.0 -9999.0 -9999.0 -9999.0 -9999.0 -9999.0 -9999.0 -9999.0 01.74 01.77 01.80 01.83 01.88 01.92 01.96 01.99 02.04 02.09 02.14 02.18 02.22 02.27 02.33 02.39 02.45 02.49 02.52 02.54 02.56 02.61 02.66 02.71 02.79 02.86 02.93 03.01 03.07 03.13 03.08 03.03 02.97 02.91 02.85 02.79 02.74 02.71 02.70 02.68 02.64 02.60 02.54 02.47 02.43 02.37 02.31 02.27 02.22 02.17 02.13
-9999.0 -9999.0 -9999.0 -9999.0 -9999.0 -9999.0 -9999.0 -9999.0 -9999.0 -9999.0 -9999.0 -9999.0 -9999.0 -9999.0 -9999.0 -9999.0 -9999.0 -9999.0 -9999.0 01.72 01.76 01.79 01.83 01.87 01.90 01.94 01.97 02.01 02.06 02.11 02.15 02.19 02.24 02.30 02.35 02.42 02.48 02.51 02.55 02.57 02.59 02.63 02.68 02.77 02.84 02.91 02.98 03.06 03.13 03.08 03.02 02.96 02.89 02.83 02.76 02.72 02.71 02.70 02.68 02.63 02.59 02.52 02.45 02.39 02.34 02.30 02.25 02.20 02.16 02.11
-9999.0 -9999.0 -9999.0 -9999.0 -9999.0 -9999.0 -9999.0 -9999.0 -9999.0 -9999.0 -9999.0 -9999.0 -9999.0 -9999.0 -9999.0 -9999.0 -9999.0 -9999.0 -9999.0 01.70 01.74 01.77 01.81 01.85 01.88 01.92 01.96 01.99 02.03 02.08 02.12 02.16 02.21 02.27 02.31 02.38 02.45 02.49 02.54 02.57 02.58 02.61 02.66 02.73 02.81 02.89 02.96 03.05 03.15 03.07 03.01 02.94 02.87 02.80 02.74 02.72 02.71 02.70 02.67 02.62 02.57 02.48 02.42 02.37 02.32 02.28 02.23 02.18 02.13 02.09
-9999.0 -9999.0 -9999.0 -9999.0 -9999.0 -9999.0 -9999.0 -9999.0 -9999.0 -9999.0 -9999.0 -9999.0 -9999.0 -9999.0 -9999.0 -9999.0 -9999.0 -9999.0 -9999.0 01.66 01.70 01.75 01.79 01.82 01.86 01.90 01.94 01.97 02.01 02.05 02.10 02.14 02.18 02.24 02.28 02.34 02.42 02.47 02.52 02.56 02.58 02.59 02.62 02.69 02.77 02.86 02.96 03.05 03.18 03.09 03.01 02.92 02.84 02.77 02.73 02.72 02.72 02.69 02.64 02.61 02.52 02.45 02.39 02.34 02.30 02.25 02.20 02.16 02.11 02.05
-9999.0 -9999.0 -9999.0 -9999.0 -9999.0 -9999.0 -9999.0 -9999.0 -9999.0 -9999.0 -9999.0 -9999.0 -9999.0 -9999.0 -9999.0 -9999.0 -9999.0 -9999.0 -9999.0 01.63 01.67 01.70 01.75 01.80 01.84 01.87 01.91 01.95 01.99 02.03 02.07 02.11 02.16 02.20 02.25 02.30 02.37 02.45 02.49 02.54 02.58 02.59 02.60 02.64 02.72 02.83 02.96 03.07 03.21 03.11 03.02 02.91 02.81 02.75 02.73 02.73 02.71 02.66 02.60 02.54 02.47 02.41 02.36 02.32 02.26 02.22 02.18 02.12 02.05 01.99
-9999.0 -9999.0 -9999.0 -9999.0 -9999.0 -9999.0 -9999.0 -9999.0 -9999.0 -9999.0 -9999.0 -9999.0 -9999.0 -9999.0 -9999.0 -9999.0 -9999.0 -9999.0 -9999.0 01.59 01.62 01.66 01.70 01.75 01.80 01.85 01.89 01.92 01.96 02.00 02.04 02.08 02.13 02.17 02.21 02.26 02.31 02.38 02.45 02.50 02.56 02.59 02.60 02.61 02.68 02.80 02.92 03.05 03.24 03.10 03.00 02.89 02.79 02.75 02.74 02.73 02.69 02.63 02.57 02.50 02.43 02.38 02.33 02.28 02.23 02.20 02.13 02.05 01.98 01.93
-9999.0 -9999.0 -9999.0 -9999.0 -9999.0 -9999.0 -9999.0 -9999.0 -9999.0 -9999.0 -9999.0 -9999.0 -9999.0 -9999.0 -9999.0 -9999.0 -9999.0 -9999.0 -9999.0 01.55 01.58 01.62 01.65 01.69 01.74 01.78 01.84 01.86 01.92 01.97 02.01 02.05 02.10 02.13 02.18 02.22 02.27 02.32 02.39 02.45 02.51 02.58 02.60 02.62 02.65 02.75 02.88 03.02 03.26 03.10 02.97 02.86 02.79 02.76 02.75 02.72 02.66 02.59 02.52 02.46 02.40 02.35 02.30 02.24 02.17 02.12 02.04 01.97 01.91 01.87
-9999.0 -9999.0 -9999.0 -9999.0 -9999.0 -9999.0 -9999.0 -9999.0 -9999.0 -9999.0 -9999.0 -9999.0 -9999.0 -9999.0 -9999.0 -9999.0 -9999.0 -9999.0 -9999.0 01.52 01.55 01.58 01.60 01.64 01.67 01.71 01.75 01.81 01.86 01.90 01.96 02.03 02.07 02.10 02.14 02.19 02.23 02.27 02.34 02.40 02.46 02.53 02.60 02.63 02.66 02.70 02.83 03.01 03.27 03.09 02.95 02.83 02.80 02.78 02.76 02.69 02.62 02.54 02.47 02.41 02.36 02.33 02.24 02.15 02.08 02.00 01.94 01.89 01.85 01.82
-9999.0 -9999.0 -9999.0 -9999.0 -9999.0 -9999.0 -9999.0 -9999.0 -9999.0 -9999.0 -9999.0 -9999.0 -9999.0 -9999.0 -9999.0 -9999.0 -9999.0 -9999.0 -9999.0 01.50 01.53 01.55 01.57 01.61 01.64 01.66 01.69 01.75 01.79 01.83 01.88 01.94 02.01 02.03 02.09 02.15 02.19 02.23 02.28 02.34 02.40 02.48 02.57 02.64 02.67 02.69 02.74 02.87 03.26 03.01 02.89 02.85 02.82 02.80 02.77 02.66 02.56 02.49 02.43 02.36 02.28 02.23 02.13 02.05 01.99 01.90 01.88 01.84 01.81 01.78
-9999.0 -9999.0 -9999.0 -9999.0 -9999.0 -9999.0 -9999.0 -9999.0 -9999.0 -9999.0 -9999.0 -9999.0 -9999.0 -9999.0 -9999.0 -9999.0 -9999.0 -9999.0 -9999.0 -9999.0 01.51 01.53 01.55 01.58 01.61 01.64 01.66 01.69 01.73 01.76 01.79 01.84 01.89 01.95 02.00 02.07 02.16 02.15 02.23 02.28 02.33 02.41 02.51 02.63 02.69 02.71 02.73 02.76 -9999.0 -9999.00 02.88 02.86 02.84 02.82 02.73 02.62 02.51 02.42 02.37 02.24 02.18 02.08 02.01 01.96 01.91 01.86 01.83 01.80 01.78 01.75
-9999.0 -9999.0 -9999.0 -9999.0 -9999.0 -9999.0 -9999.0 -9999.0 -9999.0 -9999.0 -9999.0 -9999.0 -9999.0 -9999.0 -9999.0 -9999.0 -9999.0 -9999.0 -9999.0 -9999.0 01.48 01.50 01.53 01.56 01.58 01.61 01.63 01.66 01.68 01.71 01.73 01.76 01.78 01.86 01.90 01.95 02.02 02.05 02.12 02.21 02.26 02.34 02.45 02.56 02.70 02.73 02.75 -9999.00 -9999.0 -9999.0 -9999.00 02.88 02.86 02.81 02.67 02.58 02.40 02.27 02.21 02.11 02.04 01.93 01.90 01.88 01.85 01.82 01.79 01.77 01.74 01.72
-9999.0 -9999.0 -9999.0 -9999.0 -9999.0 -9999.0 -9999.0 -9999.0 -9999.0 -9999.0 -9999.0 -9999.0 -9999.0 -9999.0 -9999.0 -9999.0 -9999.0 -9999.0 -9999.0 -9999.0 01.45 01.48 01.50 01.52 01.55 01.58 01.60 01.63 01.65 01.68 01.70 01.72 01.75 01.76 01.80 01.83 01.87 01.94 01.99 02.06 02.11 02.20 02.36 02.42 02.63 02.74 -9999.00 -9999.0 -9999.0 -9999.0 -9999.0 -9999.00 02.88 02.78 02.52 02.44 02.26 02.14 02.02 01.96 01.90 01.87 01.85 01.82 01.80 01.78 01.75 01.73 01.70 01.68
-9999.0 -9999.0 -9999.0 -9999.0 -9999.0 -9999.0 -9999.0 -9999.0 -9999.0 -9999.0 -9999.0 -9999.0 -9999.0 -9999.0 -9999.0 -9999.0 -9999.0 -9999.0 -9999.0 -9999.0 -9999.0 01.45 01.47 01.49 01.52 01.55 01.57 01.60 01.62 01.65 01.67 01.68 01.70 01.72 01.75 01.76 01.78 01.79 01.85 01.88 01.95 02.04 02.15 02.24 02.46 02.75 -9999.0 -9999.0 -9999.0 -9999.0 -9999.0 -9999.0 -9999.00 02.61 02.36 02.21 02.06 01.98 01.86 01.85 01.84 01.83 01.81 01.78 01.76 01.74 01.71 01.68 01.66 01.64
-9999.0 -9999.0 -9999.0 -9999.0 -9999.0 -9999.0 -9999.0 -9999.0 -9999.0 -9999.0 -9999.0 -9999.0 -9999.0 -9999.0 -9999.0 -9999.0 -9999.0 -9999.0 -9999.0 -9999.0 -9999.0 01.43 01.45 01.47 01.49 01.52 01.54 01.56 01.58 01.61 01.63 01.65 01.67 01.69 01.70 01.72 01.74 01.75 01.76 01.76 01.77 01.85 01.90 02.03 02.15 -9999.00 -9999.0 -9999.0 -9999.0 -9999.0 -9999.0 -9999.0 -9999.00 02.32 02.10 01.93 01.86 01.83 01.80 01.79 01.79 01.78 01.76 01.74 01.72 01.70 01.67 01.65 01.63 01.60
-9999.0 -9999.0 -9999.0 -9999.0 -9999.0 -9999.0 -9999.0 -9999.0 -9999.0 -9999.0 -9999.0 -9999.0 -9999.0 -9999.0 -9999.0 -9999.0 -9999.0 -9999.0 -9999.0 -9999.0 -9999.0 01.40 01.42 01.45 01.46 01.48 01.51 01.52 01.55 01.57 01.59 01.60 01.63 01.65 01.66 01.68 01.69 01.70 01.70 01.70 01.71 01.71 01.72 01.78 01.82 -9999.00 -9999.0 -9999.0 -9999.0 -9999.0 -9999.0 -9999.0 -9999.0 01.86 01.85 01.78 01.76 01.75 01.74 01.73 01.73 01.72 01.71 01.69 01.68 01.65 01.63 01.61 01.59 01.58
-9999.0 -9999.0 -9999.0 -9999.0 -9999.0 -9999.0 -9999.0 -9999.0 -9999.0 -9999.0 -9999.0 -9999.0 -9999.0 -9999.0 -9999.0 -9999.0 -9999.0 -9999.0 -9999.0 -9999.0 -9999.0 -9999.0 01.39 01.41 01.43 01.46 01.48 01.50 01.51 01.53 01.55 01.57 01.59 01.61 01.62 01.63 01.64 01.65 01.65 01.65 01.65 01.65 01.65 01.66 01.66 01.65 -9999.00 -9999.0 -9999.0 -9999.0 -9999.0 -9999.0 -9999.00 01.70 01.70 01.69 01.68 01.68 01.68 01.68 01.66 01.65 01.66 01.64 01.63 01.61 01.60 01.58 01.56 01.54
-9999.0 -9999.0 -9999.0 -9999.0 -9999.0 -9999.0 -9999.0 -9999.0 -9999.0 -9999.0 -9999.0 -9999.0 -9999.0 -9999.0 -9999.0 -9999.0 -9999.0 -9999.0 -9999.0 -9999.0 -9999.0 -9999.0 01.36 01.38 01.40 01.43 01.45 01.47 01.48 01.50 01.52 01.54 01.55 01.57 01.58 01.58 01.59 01.59 01.61 01.61 01.60 01.60 01.59 01.59 01.61 01.63 01.65 -9999.0 -9999.0 -9999.0 -9999.0 -9999.00 01.70 01.67 01.65 01.63 01.63 01.63 01.63 01.63 01.63 01.60 01.60 01.59 01.58 01.57 01.55 01.54 01.52 01.49
-9999.0 -9999.0 -9999.0 -9999.0 -9999.0 -9999.0 -9999.0 -9999.0 -9999.0 -9999.0 -9999.0 -9999.0 -9999.0 -9999.0 -9999.0 -9999.0 -9999.0 -9999.0 -9999.0 -9999.0 -9999.0 -9999.0 -9999.0 01.36 01.38 01.40 01.42 01.44 01.45 01.47 01.49 01.50 01.52 01.53 01.54 01.55 01.55 01.56 01.57 01.57 01.57 01.57 01.57 01.57 01.59 01.62 01.64 -9999.00 -9999.0 -9999.0 -9999.0 01.70 01.68 01.66 01.63 01.62 01.61 01.61 01.60 01.60 01.59 01.58 01.57 01.56 01.54 01.53 01.51 01.50 01.48 01.46
-9999.0 -9999.0 -9999.0 -9999.0 -9999.0 -9999.0 -9999.0 -9999.0 -9999.0 -9999.0 -9999.0 -9999.0 -9999.0 -9999.0 -9999.0 -9999.0 -9999.0 -9999.0 -9999.0 -9999.0 -9999.0 -9999.0 -9999.0 01.34 01.35 01.37 01.38 01.40 01.41 01.43 01.45 01.46 01.47 01.48 01.49 01.51 01.52 01.53 01.54 01.55 01.55 01.56 01.56 01.57 01.58 01.60 01.62 01.62 -9999.00 -9999.0 -9999.00 01.65 01.65 01.63 01.61 01.61 01.61 01.60 01.60 01.59 01.57 01.56 01.55 01.53 01.52 01.50 01.49 01.47 01.45 01.44
-9999.0 -9999.0 -9999.0 -9999.0 -9999.0 -9999.0 -9999.0 -9999.0 -9999.0 -9999.0 -9999.0 -9999.0 -9999.0 -9999.0 -9999.0 -9999.0 -9999.0 -9999.0 -9999.0 -9999.0 -9999.0 -9999.0 -9999.0 -9999.0 01.32 01.34 01.35 01.37 01.38 01.40 01.41 01.43 01.44 01.46 01.47 01.48 01.50 01.51 01.52 01.53 01.55 01.55 01.56 01.56 01.55 01.55 01.54 01.53 01.50 -9999.00 01.51 01.55 01.56 01.56 01.57 01.58 01.58 01.59 01.58 01.57 01.56 01.55 01.53 01.51 01.50 01.48 01.46 01.45 01.43 01.41
-9999.0 -9999.0 -9999.0 -9999.0 -9999.0 -9999.0 -9999.0 -9999.0 -9999.0 -9999.0 -9999.0 -9999.0 -9999.0 -9999.0 -9999.0 -9999.0 -9999.0 -9999.0 -9999.0 -9999.0 -9999.0 -9999.0 -9999.0 -9999.0 -9999.0 01.31 01.32 01.34 01.36 01.37 01.39 01.40 01.42 01.43 01.45 01.46 01.48 01.50 01.51 01.52 01.53 01.54 01.53 01.52 01.51 01.49 01.48 01.46 01.44 01.40 01.45 01.47 01.49 01.51 01.52 01.54 01.56 01.56 01.56 01.55 01.54 01.53 01.51 01.50 01.48 01.46 01.45 01.42 01.41 01.39
-9999.0 -9999.0 -9999.0 -9999.0 -9999.0 -9999.0 -9999.0 -9999.0 -9999.0 -9999.0 -9999.0 -9999.0 -9999.0 -9999.0 -9999.0 -9999.0 -9999.0 -9999.0 -9999.0 -9999.0 -9999.0 -9999.0 -9999.0 -9999.0 -9999.0 01.28 01.30 01.32 01.32 01.35 01.37 01.38 01.40 01.42 01.43 01.45 01.47 01.48 01.49 01.50 01.51 01.51 01.51 01.50 01.48 01.46 01.43 01.41 01.40 01.37 01.40 01.42 01.44 01.47 01.48 01.50 01.51 01.52 01.52 01.51 01.51 01.50 01.49 01.47 01.46 01.44 01.43 01.41 01.39 01.37
-9999.0 -9999.0 -9999.0 -9999.0 -9999.0 -9999.0 -9999.0 -9999.0 -9999.0 -9999.0 -9999.0 -9999.0 -9999.0 -9999.0 -9999.0 -9999.0 -9999.0 -9999.0 -9999.0 -9999.0 -9999.0 -9999.0 -9999.0 -9999.0 -9999.0 -9999.0 01.28 01.29 01.31 01.33 01.35 01.37 01.38 01.40 01.41 01.43 01.44 01.45 01.46 01.48 01.47 01.47 01.46 01.46 01.43 01.42 01.41 01.39 01.37 01.35 01.37 01.39 01.41 01.42 01.44 01.45 01.46 01.47 01.47 01.48 01.47 01.47 01.46 01.45 01.43 01.42 01.40 01.39 01.37 01.35
-9999.0 -9999.0 -9999.0 -9999.0 -9999.0 -9999.0 -9999.0 -9999.0 -9999.0 -9999.0 -9999.0 -9999.0 -9999.0 -9999.0 -9999.0 -9999.0 -9999.0 -9999.0 -9999.0 -9999.0 -9999.0 -9999.0 -9999.0 -9999.0 -9999.0 -9999.0 -9999.0 01.28 01.29 01.31 01.33 01.35 01.36 01.37 01.39 01.40 01.42 01.42 01.43 01.43 01.43 01.43 01.42 01.42 01.41 01.40 01.38 01.37 01.36 01.34 01.36 01.38 01.39 01.40 01.41 01.42 01.43 01.43 01.44 01.43 01.43 01.43 01.43 01.42 01.41 01.39 01.38 01.36 01.35 01.33
-9999.0 -9999.0 -9999.0 -9999.0 -9999.0 -9999.0 -9999.0 -9999.0 -9999.0 -9999.0 -9999.0 -9999.0 -9999.0 -9999.0 -9999.0 -9999.0 -9999.0 -9999.0 -9999.0 -9999.0 -9999.0 -9999.0 -9999.0 -9999.0 -9999.0 -9999.0 -9999.0 -9999.0 01.28 01.29 01.30 01.32 01.34 01.35 01.36 01.37 01.39 01.40 01.40 01.39 01.40 01.40 01.39 01.38 01.38 01.37 01.37 01.36 01.34 01.33 01.34 01.36 01.37 01.38 01.38 01.39 01.39 01.40 01.40 01.40 01.39 01.40 01.39 01.38 01.38 01.37 01.35 01.34 01.32 01.31
-9999.0 -9999.0 -9999.0 -9999.0 -9999.0 -9999.0 -9999.0 -9999.0 -9999.0 -9999.0 -9999.0 -9999.0 -9999.0 -9999.0 -9999.0 -9999.0 -9999.0 -9999.0 -9999.0 -9999.0 -9999.0 -9999.0 -9999.0 -9999.0 -9999.0 -9999.0 -9999.0 -9999.0 01.25 01.27 01.28 01.29 01.31 01.33 01.34 01.35 01.35 01.36 01.36 01.35 01.36 01.36 01.37 01.36 01.35 01.35 01.34 01.33 01.33 01.32 01.33 01.34 01.35 01.35 01.36 01.36 01.37 01.37 01.37 01.36 01.35 01.35 01.35 01.34 01.34 01.33 01.32 01.31 01.30 01.28
-9999.0 -9999.0 -9999.0 -9999.0 -9999.0 -9999.0 -9999.0 -9999.0 -9999.0 -9999.0 -9999.0 -9999.0 -9999.0 -9999.0 -9999.0 -9999.0 -9999.0 -9999.0 -9999.0 -9999.0 -9999.0 -9999.0 -9999.0 -9999.0 -9999.0 -9999.0 -9999.0 -9999.0 -9999.0 01.25 01.26 01.27 01.28 01.30 01.31 01.31 01.31 01.32 01.32 01.33 01.33 01.34 01.34 01.33 01.33 01.32 01.32 01.32 01.31 01.31 01.31 01.32 01.32 01.33 01.33 01.33 01.34 01.34 01.34 01.33 01.33 01.32 01.31 01.31 01.30 01.29 01.28 01.28 01.27 01.25
