examples/cougarCreek/createInputs/WindNinja/wrfout_d3.2015081012.f13/cougarCreek_08-11-2015_0100_217m_non_neutral_stability_vel.asc
ncols	146
nrows	140
xllcorner	610065.000000
yllcorner	5095217.000000
cellsize	216.586807
NODATA_value	-9999.000000
[rows 36 to 71 of 140, columns 0 to 81 of 146]
9.87 10.94 12.18 13.45 13.74 18.04 18.19 13.65 18.35 18.29 17.53 16.46 16.34 18.38 19.02 19.82 20.83 22.16 22.69 22.13 20.44 19.44 19.93 18.81 17.01 15.14 17.32 20.58 28.10 30.89 33.54 24.10 20.27 22.41 21.05 16.80 11.91 10.36 8.24 5.81 3.70 4.22 6.18 12.73 12.07 12.71 13.12 13.06 16.12 2.71 7.91 8.72 8.90 7.70 6.82 7.29 5.58 6.46 6.43 6.22 6.32 6.73 7.19 7.97 8.95 9.90 10.14 10.60 10.37 9.99 10.47 9.71 8.79 8.12 7.94 8.13 8.47 8.74 8.92 9.09 9.32 9.74
10.07 11.17 12.58 13.98 14.33 14.40 14.11 17.71 13.85 17.03 16.47 16.83 17.03 18.09 17.29 17.54 18.04 17.93 16.97 16.10 16.27 17.14 17.99 17.13 16.35 15.48 16.49 17.83 18.84 29.43 31.09 19.77 16.80 19.16 26.47 26.77 24.02 21.78 19.34 15.92 13.02 9.11 4.14 5.84 8.40 0.82 1.79 9.05 3.12 3.94 5.56 8.64 7.92 6.87 6.60 6.84 7.36 7.66 7.74 7.79 7.83 7.80 7.66 7.60 7.67 7.90 8.16 8.18 8.02 7.89 7.85 7.12 9.28 9.29 9.01 8.81 8.67 8.67 8.73 8.84 8.99 9.38
10.41 11.73 13.27 14.49 14.67 14.55 14.50 13.54 16.61 16.15 16.78 17.20 17.48 16.81 16.56 17.07 17.31 16.82 16.66 17.60 17.82 17.02 16.93 17.61 16.13 15.01 17.39 18.57 16.57 26.89 35.82 25.72 17.88 16.19 16.40 20.40 20.77 18.88 19.66 24.03 18.82 15.29 11.49 10.19 9.43 7.78 4.73 3.38 5.55 8.66 5.92 5.53 7.15 7.72 7.53 7.26 7.39 7.66 7.86 8.03 6.51 6.44 6.32 6.32 6.45 6.71 6.80 6.52 6.47 6.54 6.69 7.03 7.40 7.75 8.72 10.62 9.58 9.03 8.64 8.47 8.53 8.91
11.34 12.55 13.70 14.64 14.72 14.52 14.10 13.39 16.85 17.23 17.60 17.70 16.64 17.67 17.65 17.97 17.88 17.17 16.64 17.01 16.82 16.60 18.08 19.12 16.75 16.87 18.63 19.62 16.26 26.11 37.89 31.09 12.52 11.90 12.59 10.69 10.52 9.12 12.34 11.15 11.60 19.44 14.46 15.40 18.79 19.81 12.31 6.67 7.47 9.59 10.30 7.10 6.49 5.33 6.00 6.98 5.51 5.34 6.38 6.42 6.56 4.92 4.92 5.11 5.25 6.71 6.46 6.38 6.53 6.76 7.04 7.42 7.97 6.22 6.83 7.16 7.10 9.66 9.02 8.45 8.19 8.17
12.22 12.92 13.82 14.53 14.57 14.36 14.04 13.44 13.80 17.61 18.08 18.41 18.52 19.30 18.18 18.08 17.56 16.23 15.51 16.15 17.03 18.17 19.96 18.88 15.12 17.04 18.78 19.42 19.46 30.35 36.71 29.08 13.38 5.85 11.47 12.25 11.49 9.14 9.00 4.61 6.46 9.07 11.23 5.78 8.74 13.11 14.39 10.63 8.02 8.29 7.87 7.12 8.65 8.74 8.20 7.85 7.36 6.70 6.53 6.58 5.78 6.36 6.43 6.36 6.02 5.69 5.48 5.41 5.41 5.45 5.55 5.71 5.96 6.30 6.71 7.19 8.05 8.96 6.33 5.80 8.28 7.64
12.75 13.19 13.73 14.38 14.65 14.93 13.55 13.80 14.19 17.99 18.68 18.95 18.63 18.30 17.17 17.25 16.48 15.11 16.31 17.95 19.51 20.71 20.81 15.33 14.32 17.02 19.18 19.92 20.23 28.90 30.55 25.69 15.86 8.62 9.05 10.01 10.65 10.03 9.81 10.04 6.60 9.96 13.42 12.40 11.96 2.94 7.98 9.84 9.06 9.67 9.88 9.21 8.51 8.03 7.76 7.39 7.13 6.91 6.36 6.45 6.96 6.51 6.06 5.52 5.15 5.02 5.00 5.02 5.03 4.99 4.92 4.87 4.85 4.92 5.06 5.45 6.22 7.11 7.92 8.48 6.16 7.71
12.94 13.25 13.53 14.02 15.39 14.28 13.95 14.04 14.65 14.53 14.98 19.20 18.42 17.58 16.82 16.32 15.87 16.78 18.44 19.41 21.14 21.36 17.35 13.22 16.00 18.55 20.43 19.89 18.59 23.33 28.61 26.97 16.12 8.67 9.44 3.97 9.37 9.95 8.99 9.89 10.42 10.33 12.20 13.08 14.64 13.95 13.57 15.16 6.63 9.23 9.04 9.17 9.00 8.69 8.11 7.45 6.92 6.56 6.21 5.89 5.69 5.61 5.49 5.34 5.23 5.24 5.33 5.41 5.43 5.40 5.35 5.14 4.88 4.72 4.76 5.21 5.68 5.79 6.02 6.84 5.65 4.63
13.06 13.41 13.77 14.51 15.93 13.56 14.61 15.13 15.05 15.25 19.64 18.65 16.47 16.15 15.27 15.23 16.67 17.59 19.01 20.29 21.13 17.78 14.07 13.48 17.52 19.99 20.46 17.50 18.03 20.79 23.28 23.36 19.37 12.89 8.58 5.49 3.98 5.14 5.52 7.26 8.03 10.08 11.40 11.58 3.29 3.45 5.61 8.43 9.43 8.36 9.30 9.21 8.46 7.54 6.57 5.91 5.51 5.20 5.73 5.01 5.11 5.27 5.51 5.81 6.08 6.35 6.55 6.60 6.49 6.36 6.34 6.31 6.23 6.10 5.80 5.32 4.80 4.17 4.11 5.24 6.67 7.49
13.51 13.91 14.47 15.21 15.44 14.82 15.24 15.40 15.58 18.91 17.54 15.04 14.68 16.42 15.84 16.49 16.22 16.40 18.26 19.87 19.38 15.73 14.41 15.42 18.27 20.08 17.54 15.81 18.10 19.89 18.18 17.35 15.95 14.58 11.96 7.64 2.21 4.05 4.95 4.90 8.07 9.59 4.99 2.84 3.97 7.85 9.38 10.01 9.98 8.71 8.75 8.67 7.60 6.56 5.66 5.27 5.15 5.10 5.12 5.28 5.56 5.89 7.87 8.20 8.60 8.80 8.88 9.19 9.15 9.01 8.88 8.91 9.21 9.35 9.04 6.28 5.49 3.93 3.03 4.59 5.62 6.95
13.92 14.60 15.22 15.40 15.44 15.42 15.53 15.65 16.23 15.92 14.05 14.00 16.34 17.92 17.74 16.75 14.23 16.90 19.21 20.41 20.24 17.69 16.47 15.67 18.07 18.40 16.04 16.55 19.38 20.10 15.80 13.21 12.73 13.77 13.78 9.85 2.49 2.98 3.48 3.83 3.72 2.84 2.47 6.33 10.71 13.55 11.09 7.06 5.80 5.27 6.14 6.69 6.82 5.77 5.24 5.11 5.17 5.31 5.39 6.97 7.48 8.01 10.70 10.89 10.96 9.90 8.80 9.72 10.45 10.08 9.47 8.50 8.67 8.65 8.53 7.22 9.14 6.52 4.53 5.00 5.29 6.15
14.87 15.53 14.26 15.08 15.45 15.80 15.95 16.58 16.13 13.48 13.71 15.86 17.39 18.31 17.46 16.12 16.42 18.29 20.32 21.54 21.74 17.74 15.25 13.65 15.05 15.56 15.57 18.33 20.49 18.67 14.27 12.58 12.61 16.50 16.06 12.96 7.04 7.04 4.40 3.55 4.88 8.35 13.35 16.76 16.76 15.42 10.95 5.03 5.64 5.10 5.41 7.68 6.85 5.62 5.24 5.11 5.28 7.00 7.15 9.56 9.77 10.23 10.38 10.24 10.18 8.90 7.91 8.98 6.81 7.26 6.83 7.40 6.92 6.37 7.79 7.00 7.39 8.99 6.51 5.18 5.26 5.84
15.95 13.38 14.08 15.11 15.60 16.04 14.25 15.14 15.48 13.63 15.93 17.13 18.01 18.52 18.50 19.19 15.11 19.56 21.29 21.78 20.95 15.27 12.98 12.08 13.80 14.75 17.18 19.92 19.78 17.45 14.52 13.73 13.82 15.07 17.32 14.92 11.56 13.88 11.32 10.79 16.84 17.94 18.76 17.43 12.72 8.89 6.24 5.96 2.74 4.72 7.81 9.36 7.80 6.63 6.46 6.46 6.65 10.20 10.18 9.04 8.55 8.88 9.02 8.53 8.25 7.63 7.35 6.09 7.07 6.76 7.21 6.53 7.25 5.97 6.09 6.17 6.30 7.18 7.52 5.73 4.95 5.42
16.32 14.76 15.28 16.12 15.01 14.88 13.51 15.40 16.96 16.24 17.11 15.43 18.57 19.20 15.82 16.42 21.22 20.99 21.85 21.38 18.98 14.02 11.93 13.20 15.25 17.25 19.63 20.81 18.57 18.87 16.90 15.92 17.01 15.31 18.96 14.83 11.35 14.38 14.01 12.12 16.73 15.88 17.07 10.03 6.63 3.80 3.30 3.60 5.39 8.09 9.55 12.93 11.14 9.46 9.59 9.02 8.14 6.11 3.60 3.76 5.14 7.12 7.22 5.93 6.06 6.28 6.32 6.49 6.84 7.89 6.68 7.02 7.07 5.68 5.68 5.71 5.86 6.16 7.50 6.90 5.11 5.14
15.37 16.01 15.37 13.89 14.18 14.56 15.96 15.64 15.93 17.70 17.93 16.01 16.26 16.71 22.01 21.75 20.47 20.02 18.13 18.91 18.52 13.52 12.80 16.08 16.38 18.20 20.05 19.81 20.94 20.71 18.19 17.56 19.93 16.45 19.88 14.84 9.91 11.75 11.35 8.38 11.47 16.04 13.36 9.62 7.89 4.93 5.00 6.60 8.95 10.46 9.12 11.62 1.71 4.89 7.68 5.39 4.49 4.90 4.52 3.66 3.11 3.31 3.94 6.59 8.35 7.50 7.82 7.79 6.28 6.72 6.91 7.06 7.49 7.39 5.62 5.56 5.63 5.84 6.67 7.06 5.61 4.49
16.01 14.82 13.96 13.91 14.52 14.90 15.36 16.45 16.37 16.23 16.37 16.94 17.38 21.65 21.12 18.30 18.42 17.05 16.60 18.41 18.22 15.13 14.57 14.47 14.40 15.49 15.91 18.66 19.76 21.12 17.59 18.73 20.59 16.98 20.19 13.98 8.63 9.63 8.74 10.95 14.12 13.99 13.81 13.19 6.89 4.69 5.75 5.85 5.78 6.05 3.45 2.03 1.74 0.97 1.20 3.13 2.45 2.55 4.40 4.55 3.25 2.81 2.94 3.56 7.87 8.31 8.33 6.64 6.54 6.86 7.29 7.32 5.50 5.61 7.26 5.76 5.82 5.88 6.13 7.01 6.80 5.50
16.55 15.40 13.96 15.03 15.22 15.83 16.81 16.83 16.88 16.91 17.44 18.29 18.62 21.77 17.79 16.59 17.17 16.51 17.25 18.85 17.42 16.19 15.38 12.79 13.15 15.13 18.57 17.72 21.37 20.59 17.59 19.73 20.09 17.00 19.12 11.07 6.04 6.61 5.20 8.19 10.80 12.38 10.16 9.65 9.13 8.34 8.39 7.68 7.57 4.36 3.01 2.07 3.37 1.51 2.65 7.53 1.55 1.31 2.28 4.90 4.99 3.72 2.94 2.98 4.42 5.88 7.99 9.26 8.15 6.41 6.29 9.50 7.36 6.90 6.45 6.41 6.43 6.15 6.24 7.82 7.17 6.68
16.36 15.09 14.93 15.58 16.16 17.21 17.33 17.52 19.45 17.77 18.78 21.32 18.19 17.46 16.05 15.68 16.14 16.70 17.98 18.52 17.29 17.49 17.36 16.11 13.59 14.86 16.23 20.38 24.72 19.41 17.17 18.82 18.71 16.54 16.75 6.63 3.79 3.62 4.21 6.36 11.08 10.94 7.18 7.63 9.07 7.32 6.17 6.30 5.56 4.62 3.22 2.80 2.33 2.12 2.77 3.37 3.30 2.34 4.63 5.13 5.50 5.82 4.22 4.17 4.45 5.30 5.30 5.78 5.59 5.34 5.28 5.35 5.94 5.89 5.85 5.81 5.79 5.82 6.01 6.29 6.48 6.09
15.86 15.42 15.83 16.44 17.74 17.50 18.67 19.06 19.54 21.22 20.88 17.04 16.88 16.14 16.22 16.45 16.29 17.66 18.68 18.48 18.14 17.74 17.44 12.75 17.68 16.80 24.18 22.37 20.25 17.48 14.80 16.51 18.25 15.88 14.55 5.39 5.16 4.30 8.78 10.89 9.99 9.85 5.90 5.69 7.78 7.58 6.40 5.80 4.76 3.96 3.36 2.95 2.61 1.66 1.81 1.16 4.39 3.94 3.21 3.34 3.16 3.72 3.79 4.31 4.83 5.20 5.62 5.72 5.41 5.27 5.39 5.73 5.97 6.09 6.09 6.00 9.58 8.92 5.93 6.07 6.25 6.21
16.39 15.77 17.10 17.94 17.41 16.55 17.18 20.16 20.57 21.37 17.54 16.46 15.50 15.92 18.30 17.81 17.01 20.09 20.50 19.52 18.40 18.16 16.83 14.65 17.51 20.42 20.38 18.50 18.86 17.56 13.46 16.10 18.13 15.81 14.14 7.52 4.83 4.16 8.95 8.65 7.39 9.08 6.10 2.77 4.46 6.13 6.45 4.82 4.63 3.98 3.19 2.68 2.29 2.06 0.92 1.86 3.34 3.69 3.23 3.41 3.59 3.67 3.99 4.48 4.96 5.27 5.60 5.75 5.63 5.69 5.80 5.83 5.91 6.14 6.27 6.26 6.20 6.11 6.04 6.02 6.01 6.11
17.90 15.82 16.58 17.50 16.13 15.24 17.86 21.61 18.79 17.76 17.00 15.18 15.54 16.57 18.98 18.76 17.91 20.49 19.45 19.44 17.90 16.75 15.75 16.06 18.61 18.62 17.33 17.65 20.13 18.14 12.75 15.92 17.55 15.62 10.51 7.79 2.48 7.53 8.35 7.24 5.13 3.26 7.29 4.22 3.39 4.41 4.40 4.49 4.85 4.27 3.54 2.99 2.41 1.99 1.93 1.12 2.18 2.79 3.01 3.26 3.44 3.69 3.95 4.26 4.78 5.13 4.86 4.78 5.09 5.42 5.61 5.56 5.46 5.63 5.86 5.94 5.92 5.84 5.77 5.72 5.57 5.49
19.12 16.75 15.86 16.90 15.69 15.37 19.98 20.38 17.79 15.99 14.69 15.22 16.38 16.35 18.63 18.07 17.96 19.21 20.52 17.75 17.04 15.40 14.64 16.18 18.21 17.37 17.59 19.72 21.75 16.92 12.39 15.16 17.16 15.12 9.76 8.70 4.21 8.42 8.57 6.37 5.15 4.44 3.74 6.17 5.13 4.37 3.91 4.64 5.22 4.57 3.73 3.11 2.63 2.22 1.89 1.88 2.03 2.14 2.36 2.61 2.84 3.20 3.68 4.00 4.60 5.08 4.42 4.13 4.58 5.03 5.22 5.31 5.22 5.31 5.54 5.67 5.64 5.57 5.56 5.50 5.29 7.28
18.76 16.64 15.20 15.60 15.35 17.17 22.07 18.88 16.43 14.29 14.20 17.15 17.06 15.28 16.44 17.59 18.17 23.70 18.80 15.31 15.58 14.06 13.83 15.89 17.61 16.29 18.09 21.47 20.52 14.77 13.40 16.62 18.90 17.95 14.53 11.15 6.28 8.17 8.76 5.54 5.30 5.12 2.88 4.63 7.09 5.85 5.57 6.40 6.00 4.87 4.06 3.45 2.99 2.54 2.10 1.82 1.80 1.96 2.08 2.20 2.33 2.55 3.04 3.52 4.06 4.58 4.44 4.15 4.32 4.62 4.77 4.98 5.04 5.11 5.33 5.45 5.40 5.35 5.38 7.71 5.14 4.91
18.47 15.89 13.93 14.86 16.51 22.59 20.66 17.76 14.11 13.41 17.27 18.23 15.87 14.15 19.81 18.82 20.77 23.48 22.37 16.43 15.64 13.75 15.45 16.38 17.40 16.55 17.46 22.64 17.95 13.93 16.09 18.51 19.30 18.58 10.01 12.02 6.72 8.73 7.50 5.76 4.72 4.61 3.80 4.68 5.09 8.54 9.14 7.76 6.51 5.38 4.82 4.03 2.80 2.87 2.36 2.01 1.86 1.82 1.87 1.95 2.07 2.24 2.55 3.00 3.41 3.74 3.94 4.00 4.12 4.27 4.38 4.66 4.79 4.90 5.10 5.15 6.76 7.40 7.54 7.71 5.08 5.04
17.87 14.61 13.27 16.13 19.31 22.89 19.44 14.50 12.75 15.41 18.14 16.24 16.69 14.56 16.71 19.49 25.70 26.29 21.41 16.74 15.35 15.80 16.90 17.38 15.95 16.59 19.20 21.15 16.28 15.75 18.91 19.56 17.82 16.48 11.04 10.29 9.33 8.76 7.90 7.51 7.18 5.25 3.97 5.09 5.01 3.34 4.47 7.24 6.99 6.28 5.57 4.21 3.56 3.40 2.87 2.38 2.06 1.83 1.71 1.68 1.74 1.91 2.21 2.56 2.92 3.22 5.25 3.53 3.75 3.86 4.01 4.43 4.56 4.66 5.99 9.12 9.58 9.52 7.66 7.31 4.89 4.96
16.76 13.68 14.21 18.50 21.51 20.52 15.88 12.47 15.16 17.11 15.47 15.50 15.41 17.30 20.47 26.40 32.77 24.81 19.36 16.19 15.46 15.92 16.60 15.22 15.98 17.63 20.63 18.70 17.65 19.43 20.75 18.90 17.15 15.79 12.39 10.97 10.39 8.66 7.74 7.66 7.40 6.58 5.79 3.80 5.42 5.16 4.70 3.11 2.33 5.69 5.25 4.25 4.29 4.09 3.51 2.95 2.47 2.06 1.76 1.61 1.57 1.64 1.85 2.13 4.73 2.77 2.98 3.16 3.37 3.53 3.75 4.19 5.67 6.27 9.68 9.19 7.43 9.25 9.24 8.81 8.72 8.00
15.42 13.53 15.74 19.43 18.86 17.74 14.09 12.42 14.26 15.06 15.88 17.71 19.83 24.36 26.96 29.90 24.37 22.37 16.61 14.48 15.53 14.10 15.67 16.74 17.10 18.11 18.51 19.44 20.26 20.84 19.48 17.34 16.93 15.52 13.05 11.03 10.37 8.74 8.13 7.64 7.84 6.95 6.27 4.10 3.67 3.53 3.21 2.83 2.86 5.18 5.07 4.60 4.68 4.53 3.96 3.39 4.37 3.65 3.09 3.11 3.10 3.07 3.12 3.40 1.97 2.23 2.54 2.85 3.12 3.37 4.25 5.99 8.87 9.06 7.19 9.02 9.12 8.89 7.18 7.07 8.54 7.10
14.33 13.96 16.64 18.33 16.47 15.84 13.60 12.79 15.04 16.65 18.96 24.52 26.16 27.45 32.37 29.73 25.91 19.54 16.89 14.55 15.84 14.90 14.51 16.34 17.19 17.78 19.74 20.49 21.21 20.55 18.19 17.19 18.23 16.23 12.77 10.65 9.26 8.97 8.41 8.45 8.14 7.62 6.53 6.45 4.17 3.54 3.00 3.75 3.22 5.39 5.72 5.28 5.06 3.24 4.18 3.61 2.91 2.58 3.67 5.26 3.02 3.04 2.77 2.63 2.96 1.77 2.13 2.79 3.45 4.68 7.57 8.09 8.28 6.39 8.71 8.69 8.62 8.65 8.44 7.02 8.46 8.24
13.42 13.89 16.08 16.57 15.04 14.46 13.31 14.04 17.58 23.45 25.68 26.71 27.41 31.81 33.33 25.06 22.95 18.07 14.27 11.97 13.27 14.06 13.84 14.65 16.86 17.46 18.06 21.08 21.46 20.21 18.84 19.17 19.79 15.14 12.42 10.36 9.58 8.75 8.66 8.81 8.38 7.68 7.13 7.11 6.33 5.62 5.20 3.54 2.86 5.71 6.29 5.75 5.30 2.95 4.35 3.88 5.74 2.80 2.95 4.45 1.57 1.23 5.89 5.48 5.17 2.96 3.08 8.01 8.49 8.35 7.35 7.88 8.40 8.56 8.52 7.97 8.23 6.59 8.40 8.10 8.02 4.38
13.00 13.62 15.30 15.75 14.77 14.28 14.92 18.61 26.00 28.07 30.13 30.47 32.64 35.08 29.15 25.63 19.85 14.26 12.82 12.08 14.43 14.49 13.94 14.66 16.28 16.69 17.65 21.23 20.58 19.59 19.69 18.99 17.55 14.48 11.97 10.32 10.40 9.39 9.08 9.64 8.69 7.98 5.82 6.58 6.72 6.05 5.58 7.11 6.53 3.07 5.58 6.01 5.50 5.07 4.64 4.21 3.66 2.47 2.61 3.25 1.59 1.34 0.80 4.31 5.90 6.53 6.58 6.83 2.24 7.63 6.55 5.05 8.01 8.21 6.06 7.43 6.19 6.88 8.65 7.73 7.47 7.96
12.95 13.55 15.05 15.91 16.22 17.46 20.37 27.42 29.38 30.75 28.68 29.87 32.02 29.67 26.28 21.56 16.31 11.62 13.90 11.63 14.43 14.72 15.19 14.12 15.22 15.91 17.58 19.47 21.05 20.91 20.88 17.86 15.90 13.60 11.48 10.55 10.62 10.15 9.71 10.86 9.66 8.05 6.52 7.27 7.03 6.37 6.18 5.81 6.69 6.37 5.54 6.47 5.85 5.49 6.14 4.59 4.04 3.41 2.89 4.23 1.87 1.23 0.80 4.67 4.42 5.83 6.21 6.72 6.45 7.96 7.36 7.39 7.79 7.78 5.67 7.52 7.60 6.09 6.18 6.18 5.67 6.76
12.14 12.94 14.99 17.13 22.55 24.72 27.28 31.47 30.88 29.67 28.23 28.39 28.06 26.32 23.70 18.80 14.35 9.98 13.98 13.71 14.69 16.65 17.95 16.39 14.97 16.17 17.98 20.14 22.84 22.60 21.10 17.28 14.79 12.60 11.34 10.60 11.81 10.45 10.45 12.49 10.45 8.56 8.02 5.50 9.28 8.51 8.04 7.63 6.78 7.86 6.66 5.72 6.09 3.05 5.51 5.00 4.43 3.77 3.21 2.78 4.22 1.64 5.24 5.63 5.95 5.33 2.94 7.29 7.58 8.12 7.23 4.64 8.06 8.15 8.18 8.32 5.30 5.92 8.03 7.91 5.35 6.44
11.90 13.44 16.85 23.40 26.29 27.48 30.47 30.36 29.60 28.41 26.31 25.77 25.35 24.16 23.25 18.96 12.94 9.61 14.15 12.71 15.50 17.61 17.64 15.80 14.19 16.10 18.30 21.23 23.19 21.03 18.89 16.22 13.14 11.41 11.06 11.20 13.04 11.35 10.99 13.78 10.56 9.43 8.35 10.63 9.54 6.15 4.07 4.07 2.82 7.11 5.39 5.72 4.79 6.36 5.55 5.49 4.84 4.17 3.62 3.49 2.68 2.62 3.12 0.98 5.83 5.92 6.07 0.92 1.54 7.57 6.67 7.29 7.88 7.60 7.33 6.82 3.45 3.59 3.66 3.88 3.92 4.04
13.17 15.21 19.28 25.84 27.73 26.96 25.52 24.76 24.73 25.09 22.04 24.18 25.04 24.83 22.74 17.68 11.98 11.47 13.59 14.58 16.45 16.03 16.54 12.55 13.51 15.43 17.89 22.54 22.62 18.96 17.29 14.67 12.16 11.32 11.86 12.55 13.37 11.95 12.08 13.79 11.81 12.77 11.83 12.57 10.72 9.46 8.52 3.56 7.27 4.64 4.02 7.19 6.73 6.78 6.58 4.26 5.27 4.64 4.16 4.97 2.30 2.29 1.03 5.14 2.16 2.30 2.66 0.95 1.41 7.07 6.80 6.77 4.88 5.09 7.60 7.26 7.02 7.04 3.53 3.78 7.29 7.10
13.83 15.58 19.99 26.28 25.55 22.47 21.74 21.96 22.79 23.76 20.82 20.76 22.50 23.74 21.49 16.47 11.03 11.22 12.98 16.35 16.22 15.35 13.54 13.25 13.98 15.72 19.35 23.49 20.96 17.71 18.08 15.09 12.72 12.35 12.70 14.31 14.60 12.80 12.72 14.13 14.86 16.32 10.80 12.19 10.94 9.55 8.85 8.41 7.77 7.03 6.48 7.54 7.20 7.29 7.16 6.60 4.87 5.09 4.62 5.03 2.25 2.78 2.25 4.25 4.65 4.67 4.91 1.08 1.40 1.75 7.03 6.89 7.05 4.64 7.26 7.86 8.15 3.35 7.17 3.69 3.92 4.14
13.52 15.74 21.36 26.81 24.33 20.87 20.11 21.35 22.51 22.82 21.06 21.27 21.32 22.79 21.21 15.89 10.52 11.16 13.53 16.87 17.30 14.91 15.41 14.84 15.77 16.79 22.76 23.56 19.41 18.24 20.33 16.62 13.99 12.72 13.17 15.69 14.55 12.87 12.97 15.11 15.96 14.80 13.08 12.26 11.04 9.59 5.05 4.73 8.06 7.42 8.63 7.99 7.74 4.15 7.60 7.09 6.33 5.51 5.01 4.55 4.40 3.25 2.74 2.25 1.72 4.16 4.56 5.35 1.48 1.73 7.00 6.71 6.64 6.85 7.19 7.89 8.56 3.29 8.38 8.15 7.09 8.23
13.73 17.09 23.03 24.54 23.68 20.08 19.83 21.37 22.30 21.62 21.19 21.69 22.57 19.67 21.57 14.77 9.86 11.18 14.31 17.45 14.34 15.36 16.18 16.42 16.24 18.56 23.92 21.46 17.60 19.33 20.87 17.33 18.58 16.48 13.95 15.18 14.31 12.95 13.33 16.25 15.27 12.99 12.94 10.61 11.46 10.36 9.21 4.92 8.10 7.53 7.30 8.49 6.21 4.52 3.97 7.46 6.88 6.08 5.43 4.98 4.42 5.32 3.22 2.69 2.17 1.80 1.55 4.07 5.88 1.74 1.74 7.62 6.45 7.03 7.45 7.53 7.94 8.50 9.01 8.92 4.01 4.20
