examples/cougarCreek/createInputs/WindNinja/wrfout_d3.2015081012.f13/cougarCreek_08-11-2015_0100_217m_non_neutral_stability_vel.asc
ncols	146
nrows	140
xllcorner	610065.000000
yllcorner	5095217.000000
cellsize	216.586807
NODATA_value	-9999.000000
[rows 0 to 35 of 140, columns 0 to 81 of 146]
10.33 10.22 10.35 10.41 10.13 9.98 9.92 9.88 9.96 11.82 10.04 10.14 10.18 10.03 10.01 10.08 9.90 9.67 9.53 9.44 9.50 11.14 10.40 10.62 10.38 10.17 10.22 10.30 10.41 10.46 10.36 10.29 10.40 10.53 10.64 10.80 11.05 8.36 10.52 11.54 10.36 10.59 11.77 10.49 10.90 11.25 12.44 12.54 12.72 12.75 12.73 12.75 13.00 13.30 13.58 13.77 13.41 12.90 13.12 13.52 13.37 13.37 13.65 13.80 13.85 13.54 13.45 13.94 14.60 14.93 14.59 13.82 13.37 13.31 13.77 14.13 13.18 12.62 12.88 12.93 13.26 13.62
10.33 10.22 10.35 10.41 10.13 9.98 9.92 9.88 9.96 11.82 10.04 10.14 10.18 10.03 10.01 10.08 9.90 9.67 9.53 9.44 9.50 11.14 10.40 10.62 10.38 10.17 10.22 10.30 10.41 10.46 10.36 10.29 10.40 10.53 10.64 10.80 11.05 8.36 10.52 11.54 10.36 10.59 11.77 10.49 10.90 11.25 12.44 12.54 12.72 12.75 12.73 12.75 13.00 13.30 13.58 13.77 13.41 12.90 13.12 13.52 13.37 13.37 13.65 13.80 13.85 13.54 13.45 13.94 14.60 14.93 14.59 13.82 13.37 13.31 13.77 14.13 13.18 12.62 12.88 12.93 13.26 13.62
10.13 10.18 10.49 10.46 10.13 10.09 10.08 10.06 10.11 10.10 10.06 10.17 10.14 10.01 10.09 10.10 9.84 9.67 9.65 9.67 9.81 11.58 10.47 10.40 10.07 10.03 10.19 10.28 10.35 10.30 10.17 10.21 10.40 10.55 10.66 10.82 10.99 11.15 11.20 11.28 11.47 11.52 11.63 11.87 12.06 12.13 12.03 12.18 12.40 12.43 12.51 12.68 12.95 13.14 13.26 13.17 12.62 12.47 12.98 13.18 13.00 13.16 13.45 13.53 13.43 13.16 13.49 14.18 14.56 14.33 13.53 12.91 12.99 13.37 13.96 13.91 12.76 12.54 13.03 13.19 13.61 13.88
9.87 10.11 10.61 10.56 10.27 10.34 10.39 10.38 10.38 10.32 10.30 10.35 10.31 10.24 10.29 10.16 9.88 9.83 10.00 10.15 10.25 11.94 10.55 10.28 10.00 10.10 10.25 10.26 10.21 10.07 10.10 10.29 10.50 10.61 10.67 10.76 10.88 11.03 11.13 11.24 11.36 11.39 11.60 11.76 11.86 11.84 11.65 11.90 12.22 12.33 12.48 12.59 12.70 12.77 12.68 12.22 11.69 12.06 12.66 12.78 12.88 13.04 13.26 13.26 12.93 13.00 13.85 14.44 14.17 13.21 12.21 12.16 12.88 13.71 14.21 13.69 12.43 12.37 13.12 13.56 13.99 14.09
9.76 10.04 10.56 10.57 10.39 10.46 10.46 12.70 12.68 12.53 10.56 10.59 10.63 10.53 10.37 10.26 10.10 10.14 10.38 10.43 11.98 11.99 11.92 10.44 10.33 10.32 10.20 10.15 10.19 10.26 10.49 10.53 10.55 10.65 10.66 10.75 10.93 11.17 11.33 11.37 11.35 11.49 11.71 11.70 11.73 11.75 11.74 12.10 12.49 12.57 12.42 12.28 12.30 11.19 11.96 11.50 11.44 12.08 12.53 12.84 13.10 12.97 13.16 12.99 12.76 13.43 14.13 14.00 13.11 12.19 12.08 12.73 13.56 14.19 14.13 13.25 12.04 12.13 13.21 13.80 14.13 14.10
9.73 10.01 10.46 10.50 10.44 10.53 10.52 10.51 10.61 12.67 12.65 12.46 10.74 10.57 10.39 10.38 10.29 10.45 12.15 10.46 11.98 11.97 11.78 10.40 10.46 10.34 10.14 10.27 10.51 10.75 10.77 10.44 10.50 10.69 10.66 10.79 11.01 11.20 11.27 11.25 11.24 11.49 11.65 11.55 11.61 11.82 12.00 12.31 12.51 11.64 11.19 11.15 11.85 11.66 11.38 11.33 11.64 12.25 12.63 12.86 12.89 12.83 12.87 12.52 12.88 13.68 12.57 13.02 12.09 12.03 12.79 13.44 13.84 13.87 13.22 12.21 11.51 12.30 13.53 13.84 14.11 14.09
9.54 9.79 10.18 10.32 10.48 10.64 10.63 12.89 12.96 12.77 12.90 12.65 12.17 10.58 10.49 10.45 10.45 10.60 11.98 11.88 11.88 11.79 11.66 11.55 11.22 10.75 10.47 11.35 11.48 11.30 10.59 10.31 10.67 10.83 10.68 10.84 11.05 11.15 11.20 11.41 11.61 11.55 11.61 11.50 11.72 12.10 11.81 11.55 10.99 10.68 9.28 11.44 10.65 11.33 11.42 11.70 11.99 12.40 12.66 12.66 12.73 11.71 11.18 12.46 13.22 12.56 13.00 12.38 12.08 12.80 13.44 13.40 13.19 12.78 12.22 11.84 11.94 12.88 13.64 13.70 14.03 14.02
9.33 9.64 10.09 10.36 10.58 10.61 10.52 12.74 12.75 12.87 12.79 12.75 12.41 11.66 11.18 10.51 10.56 11.77 11.83 11.90 11.82 11.78 11.75 11.82 11.38 10.90 11.02 11.31 11.52 10.97 10.42 11.31 11.53 10.75 10.52 10.75 10.95 11.04 11.60 11.61 11.80 11.74 11.58 11.75 11.94 11.45 10.90 10.67 10.42 9.25 10.44 10.94 11.34 11.37 11.60 11.77 11.97 12.33 12.51 12.46 11.75 11.33 12.22 12.75 13.22 11.90 12.62 12.27 12.53 13.16 13.11 12.56 12.29 12.25 12.29 12.27 12.40 13.07 13.60 13.72 13.99 13.86
9.29 9.74 10.32 10.55 10.64 12.73 10.48 12.48 12.84 12.81 12.77 12.76 12.44 11.83 11.29 10.45 11.38 11.60 11.75 11.90 11.87 11.92 15.83 15.88 11.36 11.02 11.06 11.25 11.26 10.79 10.71 11.32 10.96 10.38 10.38 11.52 11.41 11.48 11.66 11.95 12.16 11.98 11.88 12.14 11.99 11.40 10.99 10.88 11.01 11.08 11.31 11.07 10.53 10.95 11.25 11.65 11.96 12.24 11.58 12.16 11.65 12.25 12.58 12.97 12.13 11.61 11.37 11.90 12.70 12.82 12.37 11.94 12.19 12.61 12.61 12.25 12.34 13.17 13.78 13.84 13.83 13.70
9.33 9.84 10.40 10.51 10.59 12.54 12.68 12.77 12.60 12.66 12.65 12.54 15.71 12.06 11.43 11.06 11.18 11.16 11.50 15.42 16.09 11.91 11.44 11.34 16.05 11.19 11.24 11.18 11.19 11.16 10.85 11.00 10.84 10.80 11.28 11.47 11.38 11.57 11.92 12.35 12.36 12.01 12.13 12.23 11.69 11.16 11.19 11.40 11.41 11.42 11.15 10.52 9.87 10.71 11.30 11.71 12.01 12.10 11.60 11.86 12.10 12.63 12.93 12.09 11.77 11.97 12.02 12.35 12.61 12.42 12.09 12.16 12.63 12.81 12.38 12.02 12.66 13.79 14.14 13.89 13.68 13.63
11.15 9.83 10.26 10.37 10.53 10.55 12.36 12.68 12.86 12.85 12.55 12.44 12.40 15.71 11.66 11.43 11.14 10.27 11.48 11.88 16.09 15.53 11.43 11.21 16.43 14.46 12.76 12.65 11.21 11.26 10.74 10.97 10.98 10.86 11.26 11.45 11.52 11.83 12.22 12.50 12.35 12.03 11.89 11.24 10.54 10.80 11.13 11.36 11.32 10.40 9.33 9.26 10.64 10.95 11.59 12.02 12.04 12.20 11.86 11.97 12.50 13.47 12.07 11.48 12.09 12.35 11.95 12.00 12.55 12.28 12.19 12.45 12.66 12.62 12.28 12.38 13.43 14.37 14.15 13.62 13.45 13.46
9.47 9.81 12.11 12.29 12.48 12.42 10.57 12.49 12.69 15.74 15.75 12.36 12.17 12.11 11.63 11.54 10.47 11.13 11.76 11.93 16.11 15.59 15.57 11.24 11.31 15.54 12.18 13.08 13.91 11.12 10.62 10.89 10.81 10.76 11.15 11.39 11.62 11.94 12.20 12.45 12.57 12.99 12.10 11.44 10.48 10.43 10.97 11.34 10.83 9.75 9.64 10.44 10.75 11.43 12.99 12.42 12.23 12.24 12.49 12.30 12.85 12.37 11.57 11.57 11.82 12.72 12.60 12.51 12.43 12.12 12.13 12.38 12.57 12.60 12.47 12.89 13.98 14.41 13.74 13.26 13.24 13.32
9.61 9.85 10.15 12.14 12.35 12.42 10.52 12.04 12.07 12.27 15.87 15.90 15.18 11.45 11.27 11.13 10.39 11.12 11.63 11.70 15.75 15.67 15.72 16.37 11.10 16.63 12.74 13.77 14.28 12.20 10.80 10.83 10.81 10.97 11.23 11.42 11.70 11.94 12.04 12.54 14.99 12.41 11.24 11.01 10.37 10.91 11.28 11.65 10.59 10.49 10.63 11.09 11.17 11.87 12.68 12.08 12.12 12.13 12.36 13.45 12.08 11.33 11.11 12.37 12.51 12.50 12.29 12.23 12.13 11.92 12.08 12.51 12.79 12.68 12.73 13.44 14.31 14.19 13.42 13.12 13.14 13.27
9.62 9.74 9.94 10.10 10.21 12.06 10.40 10.41 11.31 11.54 11.87 15.54 15.79 15.03 10.98 10.58 10.15 10.59 11.19 15.15 15.47 15.54 15.35 15.74 17.03 16.73 13.49 14.07 13.57 11.62 11.74 10.78 14.30 14.57 15.24 15.69 15.23 15.23 16.43 17.23 14.29 10.89 9.88 10.31 10.80 11.21 11.73 11.77 11.06 10.87 11.12 11.66 12.35 12.93 12.19 11.77 11.63 11.39 11.58 11.45 10.81 10.54 12.07 12.17 12.19 12.06 11.96 11.98 11.98 12.05 12.43 12.90 13.01 12.86 13.18 13.87 14.28 13.80 13.17 13.05 13.08 13.25
9.37 9.49 9.73 9.90 10.00 10.10 10.14 10.13 10.14 11.23 11.19 11.24 11.33 15.53 15.59 14.03 12.99 13.21 14.15 14.56 14.46 14.87 14.39 14.92 16.65 16.89 14.13 13.94 12.92 11.52 11.37 10.54 14.87 15.15 15.58 16.06 15.35 15.32 16.84 17.40 10.30 10.03 10.20 11.18 12.23 13.19 12.74 11.28 10.31 10.87 11.53 12.07 12.39 12.58 11.99 11.92 11.65 11.09 11.11 11.10 12.02 11.83 11.75 11.87 11.17 12.09 12.42 12.52 12.30 12.60 13.84 13.08 13.05 13.16 13.50 13.86 13.87 13.41 13.03 13.03 13.12 13.27
9.14 9.34 9.63 9.72 9.77 9.88 11.76 11.81 11.60 11.19 10.97 11.05 15.03 14.74 15.46 16.44 14.84 14.21 14.94 15.29 14.62 14.95 14.25 13.97 16.45 16.86 14.74 13.85 12.69 11.42 12.05 14.36 14.94 15.16 15.66 15.57 15.55 15.79 16.37 15.94 10.64 10.67 11.66 12.11 12.97 12.66 11.28 9.99 9.83 11.71 12.06 12.25 12.67 12.53 12.02 12.01 11.02 10.98 11.50 11.39 11.10 11.00 11.73 12.23 12.72 13.05 12.45 12.46 12.91 13.18 13.06 12.92 12.99 13.29 13.52 13.61 13.50 13.27 13.05 13.04 13.14 13.25
9.06 9.29 9.57 9.65 9.77 9.92 9.97 11.57 11.71 11.37 11.03 11.15 15.89 16.10 15.34 14.79 15.37 16.06 16.52 16.72 16.31 16.42 14.50 11.12 14.59 16.64 14.70 13.53 12.10 11.26 13.15 15.07 14.78 14.81 15.30 15.22 15.72 16.28 16.07 15.01 13.15 12.41 12.11 11.97 12.01 11.29 10.36 10.15 11.12 12.81 12.34 12.22 10.71 10.98 12.31 11.04 10.40 11.11 11.30 11.23 11.21 11.85 12.52 12.66 13.22 12.64 12.49 13.32 13.21 12.98 12.48 12.46 12.75 13.12 13.28 13.24 13.17 13.14 13.04 12.98 13.03 13.10
8.97 9.20 9.51 9.69 9.86 9.87 11.22 11.29 11.58 14.81 11.13 11.21 15.89 16.38 14.99 13.11 13.47 15.28 16.25 16.91 17.82 17.81 16.88 13.14 14.32 16.14 15.07 13.54 12.28 12.18 14.27 15.30 15.24 15.40 14.83 15.45 16.01 17.13 16.77 14.86 13.79 13.09 12.65 12.07 11.50 10.85 10.53 10.89 12.05 12.68 11.78 9.63 9.25 11.24 11.39 10.40 9.98 12.22 11.01 11.14 11.86 12.31 12.45 12.24 12.33 12.57 12.43 11.15 11.13 12.13 11.80 12.14 12.57 12.86 12.99 12.92 12.90 12.98 12.98 12.86 12.82 12.86
8.82 9.07 9.45 9.76 9.87 9.71 9.68 11.30 14.81 14.96 11.27 11.42 15.35 15.00 14.94 15.28 15.35 16.05 16.69 16.58 17.59 17.82 17.75 15.07 14.73 15.63 15.09 13.32 13.15 13.86 15.23 15.67 15.65 16.50 14.88 16.39 17.31 17.81 16.96 15.49 14.48 13.63 12.69 11.68 11.26 11.39 11.12 11.44 12.62 12.02 10.16 9.08 10.26 11.57 11.46 10.26 11.11 11.70 11.29 11.65 12.39 12.79 11.66 11.72 12.31 11.08 10.39 9.93 12.00 11.56 11.73 12.23 12.56 12.72 12.95 12.88 12.72 12.74 12.73 12.56 12.52 12.58
8.66 8.99 9.53 9.85 9.87 9.68 11.34 11.56 15.15 15.15 11.36 15.66 15.18 15.10 15.92 15.86 16.44 17.28 17.46 17.49 18.22 17.46 17.68 16.62 17.19 16.24 14.54 13.56 14.04 15.13 15.52 15.99 14.98 11.70 11.20 17.04 18.04 18.75 17.88 16.19 15.08 13.42 11.48 10.38 10.65 11.31 11.24 11.26 10.38 9.41 9.57 10.67 13.05 12.62 11.08 12.23 13.03 11.78 12.43 12.89 12.36 12.24 11.57 12.03 11.63 11.89 11.78 11.77 11.66 11.64 11.96 12.34 12.48 12.66 12.97 12.73 12.41 12.46 12.48 12.40 12.34 12.37
8.66 9.08 9.68 11.45 11.36 11.33 11.56 11.79 11.68 15.31 11.51 15.83 16.12 15.44 16.39 17.53 17.06 17.46 17.34 18.16 18.33 16.94 17.43 17.94 18.59 16.50 13.94 14.09 14.80 15.70 16.08 16.06 12.64 11.22 11.19 17.80 18.27 16.79 18.83 15.54 13.93 11.41 10.01 9.45 10.07 10.28 10.26 9.89 10.69 8.98 9.83 11.74 13.16 10.49 12.59 12.04 11.98 12.88 12.32 12.92 13.29 12.10 11.77 12.31 11.95 11.82 11.68 11.68 11.70 11.74 11.94 12.21 12.34 12.58 12.74 12.33 12.11 12.38 12.53 12.47 12.35 12.34
8.83 9.30 9.81 11.46 11.51 11.58 11.82 11.82 11.77 15.77 15.50 15.95 15.98 16.67 15.36 11.57 16.63 17.36 18.30 18.27 18.16 17.04 18.04 18.33 17.88 16.65 15.04 15.26 15.46 15.72 16.52 15.05 11.48 10.23 11.22 15.58 18.17 17.15 18.79 14.55 11.51 9.99 9.24 9.11 10.23 10.97 10.57 9.48 9.08 11.90 11.48 12.46 11.81 12.13 11.80 14.47 13.45 11.84 11.55 13.42 13.17 12.09 12.79 11.93 11.49 10.99 10.73 10.55 11.40 11.44 11.73 12.12 12.27 12.41 12.33 11.98 12.02 12.32 12.40 12.29 12.18 12.23
8.97 9.43 9.84 10.09 11.57 11.69 11.63 11.75 11.82 15.61 15.88 16.57 17.43 15.02 16.59 11.39 14.92 11.04 17.20 17.58 17.75 18.25 18.59 18.63 19.14 17.82 15.90 16.31 15.56 14.96 15.84 12.30 9.42 12.32 11.29 12.80 18.91 20.22 19.00 13.88 10.88 8.67 8.85 10.01 10.87 10.68 9.98 9.58 11.40 12.93 12.86 13.69 13.02 11.66 12.53 13.55 13.16 12.29 12.49 13.93 12.45 11.82 11.34 10.72 10.39 10.52 10.80 11.14 11.17 11.42 11.96 12.20 12.06 11.99 11.91 11.89 12.16 12.31 12.17 11.96 11.87 11.99
9.09 9.47 9.84 10.09 10.33 10.30 11.48 11.77 15.92 15.84 16.26 16.80 17.23 15.86 17.37 16.77 17.02 17.31 17.67 18.22 17.75 18.32 18.74 18.13 18.33 19.86 15.72 16.30 15.13 14.32 14.89 12.09 8.50 9.56 12.04 16.27 19.60 20.55 19.30 12.95 9.83 8.43 9.74 10.95 11.16 10.51 10.29 10.98 12.82 13.04 14.02 10.93 14.84 15.53 15.38 13.45 13.71 13.07 12.51 12.41 10.96 10.89 11.02 10.87 11.45 11.14 11.25 11.41 11.45 11.85 12.13 11.92 11.67 11.70 11.80 11.94 12.18 12.17 11.99 11.87 11.86 11.94
9.13 9.44 9.80 10.04 10.21 10.18 11.60 11.85 11.96 16.76 16.84 16.97 17.27 17.39 16.98 17.00 17.41 17.96 18.08 18.22 18.87 18.48 17.94 18.56 18.15 19.86 16.12 15.08 15.53 15.98 14.64 9.88 8.90 10.89 17.40 19.66 20.25 20.25 17.37 11.79 8.76 9.42 10.11 11.66 10.76 11.73 11.90 11.54 12.28 12.81 14.77 12.04 15.02 14.87 14.23 12.89 12.15 11.32 11.02 11.08 10.72 10.70 13.20 13.94 11.63 11.32 11.68 11.77 11.81 11.87 11.84 11.56 11.54 11.71 11.82 11.90 12.02 11.86 11.71 11.76 11.87 11.93
9.12 9.41 9.78 9.98 10.24 10.43 11.92 12.11 12.09 17.21 16.95 17.21 16.99 17.36 17.25 17.47 17.75 18.20 18.19 18.00 18.67 18.94 17.88 18.35 18.65 19.51 15.63 12.54 16.67 18.55 13.33 9.23 11.50 12.33 13.83 17.04 20.92 19.45 13.20 9.47 7.99 10.01 11.34 11.65 11.55 11.64 10.21 10.92 11.94 13.39 10.98 15.65 13.92 14.28 13.35 11.35 10.54 11.23 10.70 11.07 10.91 10.97 13.70 11.16 10.71 11.35 11.80 11.52 11.03 10.56 10.29 11.39 11.50 11.64 11.76 11.91 11.88 11.59 11.41 11.46 11.56 11.65
9.13 9.42 9.78 10.05 11.82 12.00 12.14 12.17 16.36 17.06 17.34 17.09 16.84 16.58 17.62 17.94 17.97 18.27 18.20 18.21 18.78 19.10 18.75 19.25 19.36 19.84 15.22 11.02 17.71 17.79 10.04 7.25 11.67 12.70 18.75 22.64 22.18 19.04 13.62 10.35 10.37 13.65 14.01 13.49 13.07 12.36 12.02 12.23 13.15 14.07 11.20 14.99 14.09 14.56 13.93 12.25 10.87 10.51 11.24 11.47 11.44 11.24 11.61 11.75 11.31 10.86 10.71 10.44 9.97 9.63 9.60 11.02 11.23 11.42 11.57 11.55 11.33 11.14 11.12 11.19 11.29 11.45
9.08 9.36 9.80 10.31 11.98 12.06 12.22 12.34 15.72 16.74 17.04 17.29 17.61 16.75 17.38 17.76 17.90 18.33 18.21 18.48 19.01 19.50 19.73 19.67 19.89 20.01 17.98 12.21 17.17 14.43 8.68 7.91 12.36 16.45 24.32 26.63 24.63 20.09 17.18 16.81 17.23 17.86 16.84 14.98 13.84 13.47 13.41 12.33 12.21 14.42 10.89 15.01 14.01 15.44 14.64 12.01 10.91 11.36 11.81 11.62 11.32 11.00 9.86 8.51 7.88 7.74 8.29 9.60 9.86 10.18 10.37 10.81 10.94 11.05 11.05 10.86 10.76 10.81 10.89 11.03 11.24 11.44
9.01 9.39 10.06 10.60 10.89 11.99 12.23 12.44 12.18 16.92 17.26 17.39 17.93 16.73 16.99 17.31 17.53 18.34 18.61 18.87 19.58 20.04 20.29 20.04 19.30 19.50 21.25 18.27 16.21 11.66 9.07 10.65 17.56 23.43 26.06 26.41 23.10 20.06 20.50 21.79 21.89 21.36 18.78 15.52 13.62 12.70 12.03 11.18 13.22 10.56 10.78 14.89 14.11 16.34 13.68 11.20 10.89 11.24 10.51 9.21 8.61 8.72 8.49 8.14 7.71 7.33 7.31 8.83 9.47 10.06 10.25 10.61 10.52 10.50 10.45 10.40 10.52 10.64 10.73 10.90 11.12 11.31
9.02 9.55 10.30 10.66 10.92 12.05 12.38 17.09 16.72 17.38 17.71 17.39 17.65 17.58 17.51 17.57 17.77 18.34 18.63 18.95 19.81 20.03 19.97 20.04 19.44 19.39 20.82 22.34 17.37 12.03 13.15 19.08 26.90 30.18 29.49 28.17 24.63 20.72 20.88 21.99 22.09 21.02 18.81 16.56 14.50 12.97 11.70 13.04 10.52 10.86 11.21 15.24 14.72 15.76 11.25 10.20 10.00 10.13 9.89 9.51 9.19 9.18 8.89 8.47 8.26 8.77 8.68 8.79 8.99 9.07 9.25 10.03 10.13 10.30 10.38 10.41 10.49 10.53 10.62 10.85 11.11 11.30
9.24 9.76 10.43 10.75 11.07 12.31 12.42 12.59 17.51 17.87 18.35 18.11 17.81 17.99 17.72 17.76 18.44 18.28 18.50 18.83 19.73 19.28 19.51 19.41 19.55 20.35 21.65 22.68 18.30 14.36 19.40 28.67 33.12 32.08 29.70 27.00 19.42 17.35 23.14 23.69 23.04 22.00 18.45 17.07 15.60 14.15 14.67 15.97 10.97 11.01 11.03 15.52 14.10 11.23 9.75 10.34 11.59 11.25 10.36 9.85 9.49 8.77 8.29 8.13 8.36 9.17 9.57 9.76 9.83 10.04 10.52 10.25 10.54 10.72 10.75 10.74 10.71 10.69 10.75 10.91 11.08 11.17
9.45 9.95 10.57 10.91 11.26 12.36 12.54 12.78 17.41 17.82 17.36 17.69 17.93 18.03 17.85 18.13 18.99 19.31 19.39 19.66 19.36 17.04 18.45 19.04 20.17 21.88 22.59 23.04 22.03 16.10 22.68 30.55 32.51 30.16 25.27 17.81 14.45 19.07 22.96 21.44 21.71 21.50 21.42 21.07 14.80 14.56 13.79 17.68 11.16 10.40 10.37 10.62 11.92 9.96 11.26 13.39 12.70 11.23 10.00 9.29 8.63 7.92 7.68 8.20 8.76 9.08 9.28 9.33 9.44 9.68 9.81 9.46 9.12 9.03 10.31 10.33 10.52 10.72 10.88 10.94 11.03 11.13
9.43 10.09 10.74 10.94 11.23 12.53 12.88 12.91 17.35 17.78 17.53 17.39 18.31 18.01 18.27 18.82 19.00 19.64 20.19 20.50 20.62 19.20 18.40 18.12 21.16 22.97 23.66 23.45 23.80 17.84 25.88 31.65 29.80 27.21 21.19 17.43 17.81 22.88 21.57 19.16 19.07 18.30 17.13 17.36 18.74 12.80 13.11 8.62 9.75 9.30 10.05 10.27 13.66 11.10 13.08 13.06 9.77 8.35 8.01 8.41 8.66 8.49 8.09 7.63 7.13 9.30 6.69 9.42 6.10 5.30 9.49 7.66 7.55 9.39 9.63 9.92 10.18 8.04 10.51 10.70 10.95 11.06
9.50 10.32 11.77 11.13 12.56 12.99 13.23 13.18 17.71 17.75 17.82 18.59 18.54 18.50 18.96 19.24 19.49 19.03 18.71 18.96 20.30 21.56 21.88 21.44 21.58 22.44 23.77 23.78 23.93 23.10 29.82 33.06 28.78 24.59 21.21 22.76 23.64 24.12 21.59 19.53 17.93 15.78 14.14 14.40 17.00 8.96 9.27 9.21 8.03 8.38 9.73 10.09 7.93 10.53 11.31 8.61 6.68 5.97 5.96 7.94 7.38 7.64 7.26 8.53 8.56 6.87 8.58 7.29 7.07 7.01 8.30 8.98 9.01 9.51 9.91 9.97 9.83 9.73 6.96 10.11 10.32 10.43
9.61 10.45 11.56 12.39 12.97 13.38 13.35 18.01 18.60 18.51 19.02 19.53 19.29 19.04 18.99 19.26 19.52 19.18 18.63 18.36 19.21 20.85 21.79 23.19 24.18 23.09 23.10 23.72 24.52 26.08 34.40 32.61 25.34 22.04 18.40 19.71 19.43 17.73 16.08 16.28 14.43 12.80 13.69 13.24 16.35 14.24 4.26 5.51 5.83 6.59 8.63 9.80 8.09 6.34 5.39 4.83 6.20 6.65 6.02 6.06 5.79 6.44 7.74 7.81 7.95 7.76 7.75 7.97 8.97 8.14 8.59 9.07 10.21 9.12 8.20 9.27 7.61 9.22 9.44 9.67 9.86 10.14
9.61 10.56 11.80 12.10 13.33 13.61 13.50 13.47 18.18 18.33 18.25 16.73 17.76 18.93 19.45 19.31 19.49 19.70 19.89 20.20 21.67 21.67 21.40 21.72 21.17 19.43 22.92 23.31 25.66 29.59 37.40 30.51 23.45 20.05 18.17 15.81 14.48 12.65 11.42 12.17 13.07 12.95 12.55 12.13 11.41 12.27 13.48 13.16 2.82 5.08 8.13 8.99 8.86 6.59 4.88 3.89 6.08 7.23 7.12 6.85 7.05 7.62 8.42 9.06 9.28 8.78 9.17 8.61 8.98 9.30 9.42 10.00 8.94 7.94 8.41 8.30 8.53 8.89 9.24 9.45 9.68 10.13
