examples/cougarCreek/createInputs/WindNinja/wrfout_d3.2015081012.f13/cougarCreek_08-11-2015_0100_217m_non_neutral_stability_vel.asc
ncols	146
nrows	140
xllcorner	610065.000000
yllcorner	5095217.000000
cellsize	216.586807
NODATA_value	-9999.000000
[rows 72 to 107 of 140, columns 0 to 81 of 146]
15.40 19.38 23.79 23.93 22.77 19.69 20.13 21.48 21.88 20.79 21.21 21.45 22.78 24.49 21.34 12.48 9.26 11.62 15.21 17.91 17.38 16.59 17.12 17.33 17.20 20.17 23.84 19.58 18.24 20.60 20.75 17.00 13.86 13.01 16.50 16.19 13.74 14.53 13.86 16.03 14.50 12.31 13.14 15.38 9.44 10.97 9.82 5.23 8.42 9.91 7.71 9.06 3.23 5.89 8.31 7.84 7.38 6.73 5.93 5.38 4.94 4.34 5.41 1.28 0.32 2.15 2.86 1.73 1.74 2.83 1.74 6.54 6.86 6.55 6.69 7.55 6.53 7.82 7.11 8.75 9.43 8.80
17.91 20.75 23.31 23.07 21.66 19.77 20.17 21.26 20.44 19.81 20.52 20.97 22.64 22.99 18.39 10.68 9.43 12.51 16.55 18.36 17.64 17.50 18.34 18.31 18.19 23.55 22.74 19.68 21.91 20.76 19.11 16.05 13.15 15.08 18.25 17.03 15.76 11.95 14.19 16.56 15.23 12.57 13.39 16.01 11.04 11.37 6.40 10.06 9.19 10.39 7.88 9.62 3.63 8.88 5.24 8.34 7.88 7.31 6.47 5.82 5.42 4.89 4.73 4.86 3.92 3.62 2.06 4.32 4.72 5.46 6.06 6.35 6.91 6.76 6.71 7.10 6.50 6.77 7.04 7.37 9.53 8.44
19.60 20.85 21.94 22.23 21.20 19.72 20.06 20.36 18.99 18.71 19.69 20.79 21.64 20.57 17.81 10.63 9.95 13.32 17.47 19.00 18.43 18.66 19.15 18.91 19.61 23.92 21.35 22.23 21.69 20.35 17.15 14.76 13.46 17.48 19.46 16.83 15.94 12.04 14.43 17.71 16.37 12.58 12.32 14.47 13.55 11.65 10.43 10.04 9.42 9.36 10.32 4.16 3.82 8.97 8.78 3.92 8.26 7.66 6.83 6.24 5.75 5.23 4.61 5.81 3.70 3.11 4.60 5.24 4.80 5.93 7.32 6.54 6.16 1.83 6.08 5.82 6.30 6.56 6.89 7.06 7.68 8.29
20.09 20.65 21.38 21.85 20.52 19.38 19.92 19.67 18.08 18.53 20.21 21.96 20.19 18.81 17.64 11.97 11.16 15.01 18.72 17.62 19.29 19.53 19.56 19.58 22.89 23.00 21.38 21.16 20.76 19.34 16.45 14.62 17.55 19.47 19.43 15.99 15.66 12.62 14.42 16.94 16.62 12.52 11.68 13.15 13.64 11.06 12.86 6.61 11.22 9.39 10.56 10.15 4.83 9.17 8.99 6.78 4.71 7.88 7.08 6.64 6.07 5.54 5.04 4.83 4.33 1.92 3.47 2.46 2.45 5.95 1.95 1.86 6.77 4.98 1.85 5.72 6.08 6.44 6.77 7.07 7.32 8.38
20.17 20.73 21.45 20.78 19.45 18.77 19.97 19.53 18.01 19.50 19.85 22.04 21.54 18.12 18.25 12.94 12.63 16.62 19.14 19.65 19.93 19.96 20.13 21.29 22.76 21.41 21.76 21.49 18.85 18.92 17.33 15.65 19.17 20.57 17.45 17.37 14.76 13.06 14.97 16.53 15.83 12.65 11.34 12.41 13.70 13.74 7.88 12.41 11.27 9.39 10.76 10.36 9.89 9.49 9.22 7.80 4.72 7.98 7.34 7.02 6.49 5.94 5.39 4.75 5.60 3.71 4.30 4.70 2.43 4.14 6.69 5.29 4.63 6.29 5.64 7.73 5.90 6.30 6.56 7.04 8.17 8.63
20.28 20.83 21.37 19.64 18.84 19.41 20.60 19.39 19.07 20.75 21.10 25.47 21.95 20.51 18.16 13.22 13.67 17.18 18.76 19.77 20.39 20.36 21.46 23.40 20.41 20.63 21.62 20.71 18.99 19.68 18.74 16.56 20.16 19.88 17.67 16.74 16.02 12.97 15.14 16.90 15.76 13.89 12.79 12.91 13.93 14.29 11.47 12.55 11.39 9.49 11.05 10.65 10.07 9.76 9.45 7.96 4.62 8.18 7.78 7.45 4.12 6.30 5.74 5.11 5.29 4.66 5.05 5.16 3.80 2.99 5.27 6.11 7.19 6.90 1.85 1.90 2.03 7.36 6.25 6.70 7.09 7.48
20.34 20.78 21.08 18.99 18.95 19.67 20.57 19.08 19.83 21.23 23.15 21.81 21.07 20.19 17.27 13.02 14.33 17.56 19.01 20.14 21.04 21.55 23.58 22.09 17.43 19.09 20.20 20.07 19.32 20.40 21.24 17.12 18.86 17.94 17.89 17.67 15.41 13.29 16.12 19.00 15.05 13.70 13.30 12.98 13.81 13.87 12.78 9.26 11.68 9.66 9.92 10.95 10.23 9.90 9.67 9.51 4.39 4.52 4.39 7.79 7.11 6.61 6.11 5.50 4.99 5.01 4.44 4.67 3.21 3.00 2.69 2.42 6.42 6.72 2.03 1.98 7.71 6.13 7.55 6.38 6.79 6.99
20.34 20.66 20.85 18.92 18.60 19.64 20.37 19.30 19.93 20.90 21.79 19.73 18.84 20.23 15.87 12.78 15.38 18.25 19.38 20.77 22.23 23.31 24.31 23.68 19.46 17.72 19.45 20.26 19.63 20.53 21.37 17.22 16.40 17.48 17.18 17.25 15.06 13.11 18.13 19.03 15.19 13.54 13.13 13.07 13.65 13.13 12.47 11.85 7.38 12.00 10.03 11.21 10.26 9.81 9.92 10.83 9.56 4.06 6.46 8.01 7.43 6.90 6.48 5.94 5.35 6.09 2.32 2.51 2.89 3.37 3.05 2.82 2.56 4.41 5.85 5.92 2.09 2.26 7.17 6.09 6.07 6.60
20.12 20.48 20.84 18.30 18.22 19.46 20.33 20.08 20.11 20.64 20.75 19.19 21.44 20.54 14.88 13.80 17.25 18.88 20.00 22.25 23.71 24.69 22.61 21.73 13.83 17.01 18.76 19.76 20.59 19.83 20.48 17.23 15.86 18.98 17.45 17.36 15.38 13.76 18.24 16.90 14.83 13.85 13.06 13.13 13.20 12.62 12.31 13.40 13.47 12.62 11.96 11.30 10.03 9.81 10.48 10.60 9.89 3.19 8.62 8.24 7.84 7.27 6.85 3.50 5.62 5.31 4.43 2.13 3.08 2.51 2.89 3.25 2.88 2.63 4.27 5.68 2.28 2.33 6.14 4.70 4.61 6.80
19.89 20.41 20.83 17.69 18.92 19.75 20.50 20.90 19.87 19.71 19.23 20.03 22.50 20.21 15.03 15.92 18.59 19.43 21.53 23.73 24.52 22.77 24.13 19.97 14.69 15.89 18.02 20.04 20.61 17.31 19.25 18.46 18.50 18.67 17.37 14.58 13.09 15.28 18.83 17.62 16.10 15.67 14.00 13.18 12.55 12.45 12.50 12.85 15.09 13.28 12.17 11.10 9.92 10.55 11.51 9.03 4.97 9.00 9.38 7.98 8.21 7.70 7.23 6.66 5.63 5.62 6.67 3.69 3.84 2.84 3.47 5.12 3.61 2.97 2.75 2.60 2.49 2.47 5.89 4.99 3.40 2.98
19.71 20.35 20.59 17.32 19.21 20.13 20.40 21.08 19.27 17.92 17.98 19.52 22.65 19.52 16.08 17.68 19.08 20.50 23.01 24.02 24.65 20.93 22.27 18.49 14.17 14.87 18.08 20.86 19.85 16.53 18.52 20.39 19.73 16.86 16.26 13.96 13.45 17.37 17.12 17.14 16.28 16.28 15.02 13.57 12.31 12.07 12.53 13.25 17.17 11.84 12.23 10.87 10.57 12.01 10.30 8.87 9.15 4.70 8.40 9.58 6.00 8.04 7.58 6.99 6.37 5.93 5.71 5.73 4.22 5.68 3.24 3.53 5.96 3.13 3.06 3.17 5.22 2.60 2.59 5.30 4.50 2.97
19.57 20.21 20.23 19.41 19.64 20.11 20.17 21.22 18.98 17.19 18.89 20.39 21.36 19.13 15.39 18.83 19.93 21.70 23.39 23.57 23.68 21.76 20.31 17.67 13.38 16.71 19.05 21.27 20.17 17.87 19.82 21.46 18.79 16.84 15.88 14.43 16.07 17.18 16.19 16.89 16.79 15.29 16.38 13.66 14.63 14.03 13.36 16.58 15.16 12.59 10.16 11.18 12.04 12.19 7.95 8.36 9.80 8.83 7.97 9.78 8.90 6.41 3.26 7.29 6.87 6.32 6.01 6.55 4.97 5.43 4.40 4.13 6.09 6.25 4.06 3.52 4.23 7.05 7.13 5.61 6.44 3.04
19.56 20.06 19.97 19.56 19.98 20.07 20.26 21.11 18.74 18.38 19.34 21.81 19.39 19.02 18.30 20.02 23.06 22.30 23.53 23.51 22.53 22.61 18.65 16.97 16.20 17.31 19.55 21.49 20.95 18.24 18.47 18.86 19.38 17.78 15.65 16.64 18.61 17.69 16.05 17.01 17.75 17.76 16.25 15.11 14.72 14.33 13.73 13.93 15.10 13.72 10.72 12.28 13.09 10.71 8.92 10.02 10.08 10.19 8.93 9.15 9.20 7.63 7.45 6.74 3.30 3.01 6.64 7.09 7.32 5.34 4.50 2.88 5.58 6.23 5.28 5.23 5.24 6.03 5.93 2.75 2.89 3.08
19.61 19.87 19.81 19.84 20.21 20.11 20.32 20.28 18.79 20.12 20.57 24.58 18.64 16.65 19.48 20.81 21.45 23.01 23.16 22.40 21.49 20.63 17.28 16.13 15.93 17.76 20.36 21.22 20.93 20.42 15.77 17.62 18.61 18.03 16.33 17.75 18.58 16.97 17.11 17.86 19.17 18.15 15.33 14.65 15.04 14.75 14.15 14.00 14.21 14.03 13.44 13.21 13.04 11.67 10.65 10.58 10.52 10.39 9.96 9.51 9.21 7.83 8.05 8.13 5.84 5.22 6.82 6.53 7.28 7.08 6.23 2.78 2.85 5.95 6.27 5.79 5.72 5.99 3.06 2.91 2.93 3.11
19.55 19.60 19.71 20.09 20.23 19.97 20.11 20.01 19.44 19.60 21.76 21.34 21.33 17.87 20.26 20.82 21.61 22.14 21.22 21.89 22.65 18.95 16.26 11.85 16.28 18.75 19.40 20.96 20.58 16.61 14.99 19.80 17.66 18.83 16.43 18.12 17.69 17.14 17.77 19.11 17.75 17.17 14.26 14.49 15.41 15.08 14.38 14.21 14.48 14.41 13.91 13.39 12.53 11.47 11.10 11.20 11.04 10.52 10.18 9.89 9.41 8.81 8.44 8.39 6.70 6.18 7.28 7.31 7.53 7.37 7.35 4.99 4.10 4.61 5.79 3.91 6.26 3.51 3.42 3.28 3.15 5.20
19.33 19.42 19.94 20.37 20.19 20.00 20.09 19.86 19.72 20.25 22.35 20.73 21.15 17.76 19.45 20.64 22.35 20.61 20.64 20.94 21.14 17.47 15.53 15.63 15.57 18.46 19.28 21.03 20.23 17.91 18.41 20.61 20.12 19.59 18.27 18.10 18.36 17.97 18.96 19.14 18.58 15.99 14.07 14.70 15.83 15.51 14.77 14.66 14.58 14.39 13.92 13.33 12.47 11.74 11.59 11.69 11.37 10.63 10.40 10.19 9.63 9.14 8.85 8.68 7.32 7.07 7.93 7.29 7.50 6.79 6.41 7.30 5.38 4.53 4.55 4.62 4.82 5.97 6.68 5.46 3.45 4.49
19.11 19.58 20.39 20.39 20.12 20.20 19.76 19.88 20.12 20.77 22.47 20.82 21.21 16.58 18.34 20.52 22.46 19.27 20.43 22.66 19.25 16.22 15.22 15.54 16.71 17.91 19.28 20.22 19.94 19.06 20.72 20.88 18.12 19.92 18.24 16.94 18.26 17.89 17.89 18.13 17.27 15.63 14.72 15.25 16.26 15.95 15.08 14.62 14.40 14.34 13.97 13.50 8.15 12.14 11.95 11.95 11.53 10.88 10.69 10.44 9.94 9.56 9.24 9.00 7.56 6.82 7.19 7.77 7.84 8.01 6.80 8.23 6.76 5.28 5.25 4.81 4.52 4.19 3.89 4.88 3.65 3.63
19.06 19.77 20.44 19.98 19.93 20.01 19.13 19.88 20.26 20.81 22.22 21.14 21.35 19.19 17.69 20.96 22.18 20.18 20.20 21.19 17.80 15.60 15.15 14.89 17.05 18.43 19.88 20.56 20.02 19.46 19.85 20.26 18.70 19.86 18.40 17.77 17.78 17.61 18.04 17.52 16.81 16.27 15.92 15.94 16.48 16.04 14.87 14.39 14.52 14.52 14.16 13.82 8.56 7.95 12.20 12.12 11.78 11.32 11.03 10.73 10.34 9.95 9.63 7.79 7.48 6.39 6.68 7.53 7.04 6.94 7.50 8.46 8.77 7.96 5.63 4.65 4.89 4.65 4.38 4.09 3.86 3.78
19.10 19.80 20.20 19.73 19.82 19.78 19.72 20.05 20.27 20.68 22.08 21.97 21.37 18.83 17.13 21.36 21.79 19.15 18.58 19.88 17.31 15.55 15.44 16.33 17.58 19.27 20.61 20.70 19.43 20.05 20.94 19.74 19.01 20.28 18.79 17.31 17.21 17.61 17.57 17.28 17.16 17.18 16.77 16.33 16.41 15.82 14.77 14.70 14.94 14.69 14.38 14.06 13.50 8.31 12.49 12.32 12.12 11.76 11.36 11.06 10.75 8.05 10.08 8.47 8.15 7.40 6.25 6.77 6.16 5.90 6.08 7.84 7.01 6.59 8.19 6.62 5.84 6.26 5.13 4.50 4.22 4.13
18.98 19.70 20.07 19.74 19.96 19.92 19.90 20.22 20.36 20.72 23.53 20.98 20.37 14.36 17.14 20.53 20.50 21.45 20.55 19.07 16.93 15.50 14.79 16.94 18.15 20.24 22.19 20.53 20.23 20.75 19.81 18.69 18.08 19.68 17.70 16.31 16.81 17.46 17.22 17.36 17.80 17.49 16.88 16.53 15.20 15.76 15.20 15.27 15.19 14.85 14.61 14.23 13.70 8.29 12.86 12.56 12.43 12.11 11.65 11.40 11.15 8.25 8.33 7.50 8.41 9.25 7.58 6.66 5.99 5.39 7.70 6.14 7.47 7.16 6.63 6.77 6.56 5.36 6.72 5.31 5.41 5.98
18.75 19.59 20.17 19.88 20.14 19.84 19.54 20.11 20.25 20.53 22.38 19.68 16.18 16.33 17.56 19.07 19.46 18.01 20.15 18.76 16.71 15.82 17.12 17.54 19.01 20.98 19.72 19.72 21.00 21.17 18.08 20.16 18.89 17.66 16.52 16.19 16.72 17.03 18.62 20.46 18.47 17.45 19.73 17.07 16.53 15.96 15.73 15.55 15.33 15.09 14.85 14.42 13.97 8.22 7.87 12.86 12.73 12.44 11.99 11.76 11.51 11.25 8.15 7.18 8.10 9.49 9.38 7.99 6.42 6.02 8.00 6.58 7.86 7.70 8.46 6.99 6.53 6.30 5.97 4.87 4.76 5.74
18.46 19.60 20.55 19.95 19.85 19.26 18.93 19.74 19.90 20.13 20.98 19.24 19.19 17.60 19.51 18.15 19.41 19.23 20.19 18.74 17.06 16.65 17.73 18.20 19.64 22.51 19.77 19.89 20.01 19.20 17.41 18.60 17.34 17.00 16.88 17.89 16.77 16.58 17.14 18.90 19.03 17.53 17.44 17.65 16.57 16.02 15.96 15.61 15.47 15.26 14.93 14.51 14.17 8.58 8.17 8.48 12.92 8.55 12.24 11.97 11.73 11.54 7.79 6.72 6.86 9.67 9.60 8.50 7.22 6.33 5.79 7.42 8.00 8.01 8.62 7.59 6.72 6.32 4.13 3.10 5.04 4.77
18.39 19.76 20.73 15.75 18.97 18.69 18.48 19.34 19.77 20.09 20.54 20.26 18.59 19.71 19.56 19.54 19.14 19.47 20.09 18.82 17.40 17.01 17.75 19.12 19.53 22.71 20.51 19.10 17.19 17.39 17.44 15.28 16.09 18.14 18.59 17.22 17.25 17.16 18.42 20.37 19.54 17.91 17.91 17.54 16.33 16.09 16.12 15.79 15.61 15.32 14.98 14.67 14.30 13.99 8.26 8.20 7.92 7.55 8.15 12.12 11.89 11.73 8.10 6.95 10.36 5.81 7.76 9.42 7.34 6.66 5.66 7.16 8.07 8.16 8.72 9.42 9.41 7.32 4.81 4.82 4.87 5.03
18.77 19.88 20.27 18.81 18.44 18.39 18.17 19.15 19.88 20.32 20.52 20.20 20.10 17.60 19.71 17.77 18.54 19.66 17.38 18.79 17.20 16.96 17.74 18.17 19.55 20.95 20.11 17.38 18.61 18.00 18.71 16.89 18.09 19.20 17.65 17.89 18.18 18.36 19.96 23.42 19.34 17.95 17.76 17.00 16.40 16.36 16.30 15.96 15.59 15.34 15.10 14.78 14.37 14.09 8.78 10.06 8.98 7.89 7.28 7.74 12.01 11.88 7.27 6.76 10.80 6.34 5.81 6.02 6.33 6.29 5.69 5.95 9.03 8.92 9.13 8.02 7.70 7.17 5.88 4.61 4.73 4.92
19.34 19.59 19.32 18.32 18.00 18.00 18.21 19.25 19.90 20.33 20.34 20.01 20.09 18.23 17.54 17.31 18.77 20.19 17.29 18.37 16.88 17.71 17.86 18.64 20.53 22.78 18.50 16.46 17.45 20.69 19.07 19.00 18.07 18.03 18.28 18.73 18.76 18.90 23.08 20.43 18.68 17.72 17.36 16.73 16.61 16.64 16.46 16.01 15.60 15.43 15.19 14.83 14.51 14.25 14.06 13.85 13.57 13.24 12.86 12.48 7.18 7.88 7.01 7.06 6.49 6.53 9.95 5.61 5.33 5.62 5.52 6.06 6.23 6.69 8.13 9.72 8.07 7.70 9.64 6.67 3.60 3.30
20.25 19.46 18.49 17.92 17.62 17.76 18.70 19.20 19.45 20.05 20.05 19.88 20.18 18.97 20.26 19.58 18.81 19.11 16.56 17.72 17.09 17.96 18.87 20.10 21.27 19.09 17.01 18.04 18.79 19.10 18.95 18.55 18.63 18.90 19.18 19.23 18.91 19.02 19.84 20.00 18.79 17.86 17.27 16.73 16.77 16.84 16.52 16.04 15.68 15.49 15.24 14.98 14.72 14.39 14.23 14.15 13.85 13.42 13.05 12.76 12.50 7.19 7.62 7.33 6.61 10.71 10.12 9.70 9.38 9.10 8.82 8.68 8.55 6.01 6.77 8.60 8.16 8.06 7.67 8.07 6.65 3.55
20.47 19.07 17.62 17.65 17.34 18.23 19.18 18.83 19.22 20.07 19.83 19.89 20.42 18.45 20.18 19.56 18.04 17.73 15.81 17.44 18.07 19.33 20.36 20.93 20.91 17.51 17.48 19.16 19.23 19.12 18.98 20.70 19.35 19.60 21.59 20.85 21.52 21.68 22.74 22.01 19.16 18.16 17.29 16.80 16.88 16.85 16.42 16.00 15.64 15.47 15.41 15.24 14.84 14.50 14.49 14.42 14.06 13.57 13.22 12.99 12.66 12.32 11.98 11.66 6.75 10.88 10.33 9.89 9.54 9.29 9.00 8.83 8.67 5.92 6.40 7.18 9.57 8.19 8.06 10.12 7.02 6.68
19.23 18.72 17.65 16.91 17.31 18.95 19.06 18.72 19.61 19.90 19.32 20.06 20.69 20.46 20.29 19.72 19.36 19.10 18.17 18.24 19.32 20.43 20.83 20.30 18.19 18.01 19.34 19.45 18.06 18.85 19.10 19.31 19.62 22.09 21.04 20.86 20.82 20.65 21.36 22.94 19.84 18.48 16.93 16.58 16.77 16.72 16.38 15.93 15.54 15.70 15.85 15.40 14.78 14.64 14.79 14.61 14.18 13.70 13.38 13.15 12.76 12.37 12.08 11.81 11.51 11.07 10.56 10.13 9.73 9.49 5.27 5.64 5.78 8.54 5.71 6.33 8.08 8.20 8.24 8.16 8.74 7.60
18.61 19.24 17.80 15.55 17.54 19.34 18.53 19.03 19.78 19.03 19.03 20.64 20.82 17.78 20.21 19.24 18.98 18.92 18.53 19.04 19.71 20.33 19.94 17.74 19.35 19.54 19.47 19.59 16.84 19.02 21.12 19.65 19.86 19.80 20.37 19.64 19.99 17.75 18.25 20.50 21.71 18.48 15.97 16.29 16.76 16.82 16.46 15.84 15.68 16.26 16.19 15.28 14.75 14.94 15.10 14.74 14.26 13.83 13.53 13.27 12.86 12.45 12.20 11.98 11.70 11.26 10.73 10.36 10.01 5.63 5.31 5.17 5.41 5.39 5.37 8.13 8.15 7.57 8.18 8.24 9.89 8.49
18.98 18.90 16.60 15.61 18.45 19.09 18.48 19.58 19.56 18.24 19.39 20.69 20.11 19.88 19.48 18.72 18.98 19.00 18.67 19.01 19.09 18.94 18.55 20.01 19.67 19.79 19.39 17.43 16.61 18.98 19.54 22.21 21.17 20.19 19.09 18.89 17.87 18.28 20.09 22.72 21.85 16.56 14.76 16.36 17.04 17.04 16.45 15.87 16.03 16.46 16.05 15.23 14.97 15.31 15.36 12.49 11.65 11.57 13.63 13.36 13.00 12.62 12.35 12.12 7.98 6.50 6.87 10.56 10.31 9.87 4.97 5.06 4.88 4.84 8.64 8.45 4.82 5.76 8.09 9.99 8.68 7.82
18.35 17.85 17.25 17.13 18.27 18.76 18.93 19.55 18.59 17.99 19.50 19.88 19.37 19.46 19.14 19.12 19.36 19.13 15.59 18.62 16.15 17.91 18.22 19.54 20.26 19.86 19.88 18.14 19.11 19.34 19.95 20.08 20.41 20.05 19.31 19.56 21.13 22.78 23.81 22.48 19.33 14.82 14.66 15.95 20.49 17.03 19.58 19.63 16.15 16.24 16.06 15.60 15.31 15.58 11.04 10.16 8.97 9.13 10.94 13.51 13.19 12.81 12.48 12.23 11.99 11.56 11.00 10.74 10.54 10.08 9.58 9.26 9.05 8.86 4.81 8.38 8.29 8.26 6.49 8.26 8.17 8.06
17.58 17.70 18.35 18.03 17.46 18.76 19.41 18.82 17.79 18.00 19.30 19.42 19.67 19.60 19.21 19.76 19.80 19.39 18.81 17.95 17.56 18.13 19.16 20.57 20.49 19.89 19.97 18.65 19.99 19.80 20.89 20.20 20.35 20.39 19.87 19.62 20.71 21.14 20.78 19.13 16.00 15.74 15.88 16.84 20.41 19.98 19.67 16.07 20.18 20.34 16.28 15.81 15.52 15.73 13.48 11.92 11.04 11.03 13.88 13.78 13.41 12.92 12.59 12.33 12.13 11.72 11.18 10.92 10.68 10.26 9.75 9.44 9.31 9.10 5.05 8.41 5.94 6.41 7.28 8.88 8.42 7.57
17.17 17.28 17.73 17.68 17.18 18.33 19.58 18.08 17.02 18.24 19.22 19.76 20.06 19.32 19.84 20.27 19.98 19.53 18.72 15.07 17.86 18.91 19.99 20.91 19.76 19.83 20.08 18.34 20.14 20.40 18.90 19.49 20.33 20.29 20.20 18.47 18.98 20.30 20.57 19.95 19.05 17.35 18.30 20.32 20.74 16.59 16.26 16.21 20.32 20.22 20.15 18.47 15.70 15.93 15.65 13.07 11.94 13.92 14.11 14.11 11.30 10.50 12.69 12.50 12.32 11.90 11.39 11.09 5.98 6.58 5.85 5.45 9.51 5.46 5.29 8.52 8.42 6.48 7.00 8.35 8.04 7.58
16.01 16.24 17.00 17.85 17.48 17.86 19.46 17.96 16.74 18.59 19.49 20.39 19.68 19.13 20.43 20.32 19.76 19.41 18.55 14.92 18.00 19.25 20.59 20.66 19.31 19.69 20.17 16.91 19.91 20.08 18.69 20.33 20.43 19.98 19.81 17.85 18.98 18.88 19.23 22.06 21.18 19.03 19.89 20.57 16.87 20.43 16.38 16.29 20.31 19.95 15.90 15.66 15.82 16.20 16.09 13.25 13.89 14.07 14.37 14.37 11.80 10.80 10.29 9.46 7.78 7.57 7.03 7.30 6.41 6.36 6.12 5.79 5.75 9.56 9.15 8.78 8.58 8.47 8.30 8.28 6.66 7.69
15.24 15.86 17.45 18.49 18.26 18.80 19.85 18.23 17.01 18.17 19.81 20.27 18.69 19.47 20.41 19.82 19.59 18.99 18.29 17.50 17.53 19.13 20.65 18.49 19.49 19.83 20.16 16.89 19.43 20.13 20.06 20.28 19.57 19.39 18.98 18.12 20.86 19.25 19.61 21.37 18.15 18.46 19.94 16.90 20.49 20.49 20.35 19.99 16.29 19.94 15.91 15.68 15.73 16.47 16.72 14.08 13.80 14.28 14.59 14.61 11.81 10.29 8.19 8.61 8.31 8.12 7.79 6.50 6.82 6.51 6.05 6.00 6.05 6.10 9.36 9.03 4.70 4.47 8.49 8.47 8.42 8.28
15.86 16.36 17.75 18.99 19.24 19.78 20.00 19.07 17.73 18.06 19.64 19.35 18.69 19.84 19.76 19.57 19.65 18.60 18.16 17.52 17.53 19.08 20.61 19.97 19.87 19.92 19.55 17.97 20.54 20.72 21.19 18.94 18.36 18.94 18.74 20.23 18.67 19.87 19.86 18.86 18.75 19.63 20.36 20.52 20.45 20.45 16.45 16.39 20.38 21.00 20.35 20.74 19.97 20.08 16.64 14.26 12.84 14.41 14.84 13.00 11.15 9.25 9.16 9.66 12.83 9.20 7.54 6.99 7.35 6.85 6.39 6.09 6.00 6.10 6.03 9.28 9.09 8.81 8.69 6.78 6.68 8.42
