examples/cougarCreek-fire/createInputs/WindNinja/wrfout_d3.2015081112.f14/cougarCreekFire_08-12-2015_0200_217m_non_neutral_stability_ang.asc
ncols	146
nrows	140
xllcorner	610065.000000
yllcorner	5095217.000000
cellsize	216.586807
NODATA_value	-9999.000000
[rows 51 to 101 of 140, columns 0 to 95 of 146]
176 183 188 202 208 215 231 237 244 254 266 273 270 249 224 265 224 220 226 231 222 215 205 180 199 220 241 266 254 216 186 175 142 112 90 69 42 43 46 48 49 34 332 288 320 325 289 300 317 316 312 325 345 23 52 62 61 33 26 266 244 204 169 86 73 61 56 64 64 55 53 65 75 81 79 72 70 79 83 69 46 30 35 91 114 81 56 42 39 40 42 37 35 40 36 34
180 180 191 195 201 220 218 234 238 250 257 244 223 221 215 216 218 222 227 226 218 223 219 337 204 53 64 282 247 194 177 166 111 101 81 61 49 53 48 47 43 25 328 279 292 286 286 271 282 291 299 311 331 22 55 63 53 12 25 345 294 267 183 109 85 71 67 68 69 62 61 66 67 65 70 79 83 88 90 86 70 50 45 50 57 77 70 51 45 43 41 40 48 52 42 34
178 182 187 190 211 213 221 225 233 243 231 212 237 235 241 239 239 227 227 223 213 216 210 168 237 73 263 230 197 172 97 95 125 94 71 51 48 52 51 51 45 16 342 298 290 284 289 295 298 300 290 301 303 29 70 75 54 25 12 20 13 338 114 108 100 91 86 86 91 115 122 101 75 67 70 75 82 77 78 81 86 88 72 60 42 24 34 46 46 43 38 35 38 46 46 39
167 177 188 188 196 200 213 227 231 234 206 228 224 230 229 224 234 250 233 225 209 169 198 190 220 232 209 190 187 164 90 163 89 95 69 49 47 45 49 41 40 21 25 333 290 274 276 277 276 277 289 319 301 96 88 81 63 46 31 37 30 19 39 93 103 118 107 95 92 101 115 124 108 79 74 74 75 73 68 65 60 56 63 64 43 29 39 38 30 36 39 35 31 37 39 35
140 166 194 189 184 193 213 223 204 202 207 210 214 223 228 237 223 229 212 191 169 189 188 194 207 199 187 192 194 161 86 85 120 95 69 54 46 52 49 48 44 26 32 19 6 344 294 271 274 282 284 287 299 149 100 92 73 69 46 42 29 1 339 82 87 101 286 81 64 72 82 92 119 103 86 79 74 67 64 65 61 48 65 53 52 54 54 38 28 33 39 34 28 38 38 33
115 141 205 188 180 182 215 198 190 197 198 204 202 208 215 213 199 198 160 154 138 181 181 193 201 191 201 212 194 148 83 152 115 94 71 59 47 68 48 54 31 23 20 26 13 359 325 302 276 274 286 297 303 115 91 80 72 77 76 35 27 58 65 70 74 73 59 44 61 75 82 85 95 99 86 77 68 56 50 58 66 62 49 46 46 47 40 31 35 41 41 35 34 40 41 35
133 151 183 172 169 170 204 178 190 192 188 212 179 191 215 201 194 228 142 152 147 177 178 142 195 187 207 207 171 142 139 147 107 95 69 53 34 71 52 28 52 16 11 28 22 7 351 346 332 306 273 280 295 51 23 67 61 64 63 60 58 63 70 72 69 61 43 48 73 81 81 73 59 58 70 68 60 48 43 47 43 31 30 46 48 42 39 35 43 48 46 43 42 42 39 33
154 163 172 164 160 206 175 177 181 173 222 209 153 151 240 228 211 130 134 147 171 177 116 107 127 192 100 195 150 143 161 149 111 94 64 48 51 43 45 46 27 30 23 26 25 16 6 8 6 347 323 310 308 43 52 46 56 62 63 63 68 73 75 73 69 64 59 71 80 77 68 55 44 48 58 56 51 45 42 40 32 29 36 42 42 47 52 53 53 49 44 41 39 39 37 33
154 167 174 161 156 186 162 169 162 204 215 148 220 139 134 129 139 125 134 149 168 126 116 138 178 118 102 174 148 162 167 147 123 93 63 53 51 54 49 56 43 27 22 25 33 24 20 20 17 9 356 342 341 10 29 44 62 69 72 73 74 74 73 68 64 62 62 69 70 63 53 44 40 47 43 54 59 49 44 41 37 41 44 39 34 42 49 46 42 39 34 32 31 32 33 30
139 157 169 158 183 156 162 160 198 213 144 141 137 136 133 138 245 123 131 148 161 153 146 168 132 116 183 166 164 174 164 143 130 107 77 58 49 49 50 54 49 33 26 29 31 39 34 25 24 21 8 354 352 7 29 50 65 69 69 69 70 73 75 68 60 56 53 53 54 49 39 36 36 48 68 57 51 50 43 39 40 43 45 44 43 41 37 34 31 28 23 25 29 30 30 29
120 136 157 153 154 155 158 154 148 144 140 137 135 131 137 139 128 129 133 141 148 169 141 138 105 119 112 174 174 165 151 131 133 114 79 60 50 43 56 59 57 42 36 31 35 44 38 33 31 26 9 351 353 16 42 56 57 59 60 59 62 70 73 66 55 50 47 49 51 46 30 38 46 57 62 52 47 49 46 42 39 40 42 42 42 38 32 31 30 27 22 26 32 32 28 27
131 138 148 148 150 150 151 148 143 140 137 145 141 158 229 171 129 141 150 140 140 166 161 136 130 122 113 171 166 155 146 142 132 120 77 63 52 44 62 69 68 44 33 44 38 44 49 40 38 27 1 343 350 31 56 62 66 61 68 65 59 60 59 48 39 42 44 39 45 49 34 32 46 57 59 52 49 53 54 52 46 41 40 39 41 39 35 35 35 33 31 32 35 31 29 28
148 147 144 143 144 144 144 142 140 147 145 153 149 228 202 121 125 164 180 155 159 158 148 165 134 127 116 166 159 151 148 140 132 116 80 66 60 61 75 78 76 52 38 42 47 38 45 45 40 32 5 339 351 40 62 65 77 62 65 64 59 58 55 37 31 36 39 56 62 57 25 20 48 58 58 57 53 58 68 76 70 53 50 47 44 42 42 42 42 41 38 35 31 28 26 24
151 148 144 143 142 141 141 140 144 152 218 223 221 162 135 118 118 195 182 147 131 137 156 162 132 128 119 163 152 147 143 140 125 106 74 64 84 83 85 83 81 67 38 51 44 38 48 49 47 45 21 336 349 46 65 66 64 62 61 64 57 58 47 45 47 40 54 54 54 65 24 13 40 62 56 52 49 54 63 79 126 149 89 58 52 55 55 50 45 44 38 32 27 24 24 24
151 148 144 143 142 141 141 146 152 201 195 194 180 132 118 110 112 192 170 149 122 115 156 154 134 128 120 111 148 145 141 129 121 104 74 71 95 89 88 89 85 65 51 39 54 40 57 57 47 50 33 352 348 55 86 66 63 61 61 64 56 52 48 48 52 35 45 59 69 72 30 14 35 53 47 42 38 37 45 56 63 63 56 50 62 75 73 59 47 41 35 28 20 20 24 24
150 147 142 140 139 134 142 194 191 191 184 173 160 125 108 103 124 167 150 142 121 116 113 109 133 126 117 110 144 141 133 118 109 99 74 98 111 93 89 96 85 83 65 45 35 43 55 53 51 67 43 15 12 63 72 64 59 59 61 60 69 52 54 64 47 34 42 66 63 59 35 16 25 46 39 37 35 35 39 46 39 21 21 29 51 62 56 45 44 37 28 25 22 21 28 30
150 147 142 153 144 140 169 182 183 178 168 161 155 129 108 105 135 94 144 160 118 134 112 109 155 104 117 111 144 141 128 108 100 103 103 105 113 92 94 94 85 85 71 43 17 40 65 69 66 70 56 35 36 71 100 64 54 55 60 62 60 67 59 52 66 33 34 49 57 56 42 22 22 30 37 54 46 48 50 52 44 32 28 28 40 45 38 31 32 26 24 33 34 33 37 39
148 145 141 162 155 156 157 154 165 165 152 137 138 123 111 108 135 163 137 141 116 153 110 124 147 104 102 111 145 130 127 109 107 117 115 105 111 97 94 95 87 91 69 45 357 32 56 71 58 59 61 43 53 77 84 76 52 52 59 79 66 66 61 59 51 31 29 45 54 57 45 30 22 26 39 53 69 62 58 53 42 26 26 36 29 41 32 28 25 27 33 38 46 49 42 41
144 142 137 159 152 156 157 159 160 160 149 144 148 123 112 111 142 165 127 119 139 149 143 125 148 103 102 111 111 126 132 116 108 112 117 115 108 98 94 93 89 82 85 50 353 25 57 64 58 58 55 49 60 77 87 94 71 55 61 67 67 68 67 68 70 29 23 41 51 51 55 35 21 21 38 56 61 55 44 34 24 16 23 33 15 4 21 23 23 40 41 35 54 59 20 30
143 139 134 154 148 151 153 157 158 157 152 149 134 123 116 118 165 174 121 114 112 146 131 145 103 101 105 112 130 134 135 124 107 110 117 111 109 96 94 91 89 88 84 57 8 18 67 62 58 57 53 55 61 89 77 82 93 62 65 64 66 62 65 64 53 30 20 38 50 51 59 41 26 19 32 49 63 45 36 33 20 17 24 27 14 5 14 18 25 37 31 31 54 44 0 24
143 137 132 131 146 149 151 148 155 153 153 151 121 127 119 130 187 182 121 111 110 146 105 123 102 101 107 110 128 107 134 116 88 84 117 114 100 94 93 93 91 80 77 77 35 5 54 66 59 59 58 57 66 83 85 68 55 27 64 65 62 75 64 64 52 30 15 30 54 51 50 53 31 17 24 40 45 42 37 33 23 13 18 28 24 16 14 22 27 31 24 26 31 23 10 7
143 136 131 130 145 149 151 145 152 149 151 149 147 126 115 137 204 172 117 106 104 104 103 121 101 100 113 125 129 133 130 110 98 117 117 111 99 81 100 91 87 71 67 75 47 9 46 69 59 56 60 58 73 62 64 62 49 13 56 65 64 64 79 61 47 23 8 20 41 52 49 45 35 18 21 37 56 57 50 52 27 7 10 30 29 25 16 20 28 30 35 28 26 20 15 9
140 134 130 129 143 147 148 142 146 145 147 147 143 107 100 111 203 128 102 103 103 104 103 140 101 105 132 109 130 105 125 106 101 117 109 111 84 86 100 91 92 71 68 77 72 33 29 58 60 56 60 57 72 60 78 59 50 25 48 65 68 66 69 74 46 18 4 12 32 44 48 53 46 25 25 47 46 55 55 58 52 9 1 30 35 48 33 24 22 28 31 32 32 27 19 17
136 133 129 128 144 148 148 146 142 143 144 146 112 118 82 75 200 119 99 104 104 104 104 119 100 107 129 128 107 126 114 106 110 100 111 114 81 77 99 90 91 81 68 81 65 53 36 56 62 63 57 67 62 59 60 74 52 35 41 65 68 66 65 77 50 20 3 6 24 50 61 52 42 33 34 50 44 55 55 42 36 18 357 12 46 54 49 27 15 20 32 36 36 32 27 22
134 132 129 144 144 143 142 144 142 145 139 145 136 119 81 80 209 118 106 138 105 105 104 102 101 115 132 105 127 120 117 107 125 98 119 103 78 87 98 94 92 79 76 66 64 77 44 37 53 65 57 56 56 57 58 58 68 39 40 59 63 63 63 66 51 26 8 7 17 38 49 51 45 37 35 38 40 39 52 53 49 24 1 4 32 58 55 33 23 15 33 40 37 34 32 27
134 132 129 144 142 144 144 139 144 141 117 116 113 104 97 96 203 114 108 107 107 106 105 103 121 135 134 105 118 123 119 111 123 119 120 87 76 90 81 95 89 77 74 67 64 63 51 31 50 68 58 57 56 56 57 63 62 43 43 53 58 61 61 59 64 35 17 14 12 28 55 57 49 36 45 57 38 36 34 46 33 25 10 6 30 60 58 41 32 26 33 40 34 34 36 31
134 132 129 143 144 145 144 141 143 141 116 133 115 107 100 86 94 107 108 108 107 108 108 128 120 135 91 127 123 123 116 119 116 117 109 80 71 93 83 97 79 74 71 67 65 64 73 43 54 75 62 57 54 54 55 60 60 44 45 50 74 58 58 56 53 43 27 20 11 17 40 62 60 51 35 37 38 53 30 38 36 26 20 18 28 45 50 45 42 40 34 31 28 34 38 35
133 131 129 144 145 125 145 147 145 143 139 143 118 107 94 65 86 103 108 109 108 109 110 109 101 93 91 125 124 103 119 115 117 111 92 77 77 91 102 95 71 74 63 70 61 65 63 49 53 78 73 55 52 54 55 52 60 59 65 51 55 58 56 52 51 55 36 22 10 11 33 47 64 56 36 37 55 48 44 22 24 30 31 31 30 43 52 49 47 50 37 33 38 40 39 38
132 130 129 144 146 124 145 143 143 143 138 138 141 107 95 82 102 108 108 109 108 108 144 101 91 90 126 125 125 124 115 107 108 108 87 73 77 96 106 101 70 73 73 72 61 66 60 59 77 62 72 53 52 55 58 60 46 59 67 54 58 59 54 49 48 54 41 23 9 9 26 43 45 40 52 47 38 39 47 23 22 34 41 43 39 45 51 49 49 50 43 43 58 59 51 46
132 130 128 143 146 124 122 144 143 143 139 136 140 101 92 98 106 108 107 107 107 107 117 91 108 127 126 90 122 109 121 109 108 107 87 72 74 94 90 103 69 66 73 72 69 65 61 54 67 63 59 52 54 59 60 56 48 47 59 57 59 60 54 59 46 49 50 28 13 12 39 53 45 42 50 35 38 41 38 31 25 35 44 49 51 54 55 52 53 54 44 42 56 64 76 85
131 129 127 139 125 123 121 144 142 140 137 138 142 102 94 101 106 106 106 105 104 102 104 106 114 114 91 90 107 115 105 112 109 110 86 77 86 110 107 75 69 66 63 70 66 65 63 58 63 63 55 51 58 63 59 59 49 50 60 67 62 64 60 48 46 49 53 36 22 20 26 59 58 44 37 32 36 42 39 36 34 35 45 51 53 56 59 58 56 54 43 37 46 48 50 58
130 128 126 141 124 122 120 144 139 136 138 111 139 111 107 106 107 106 106 104 134 117 99 100 113 126 91 90 118 110 105 116 110 103 86 82 89 91 91 74 69 64 60 66 63 66 66 60 76 68 52 53 64 67 57 49 62 55 57 62 76 62 60 50 46 49 49 50 32 54 30 48 66 49 42 30 39 47 44 40 38 38 45 51 53 52 50 51 52 50 40 33 34 37 35 36
130 127 125 124 123 121 119 144 136 135 143 113 138 112 140 109 107 106 104 127 133 98 90 81 107 91 91 89 115 100 118 114 95 91 88 86 103 77 90 76 73 65 57 63 57 59 59 62 69 66 51 55 66 77 54 55 61 66 59 70 68 71 53 46 41 47 49 53 46 56 52 36 68 52 57 36 52 75 55 44 37 40 41 48 53 51 43 38 41 43 38 32 30 32 31 32
129 126 124 123 122 120 119 143 138 141 116 114 133 108 109 108 126 105 104 134 115 96 78 77 89 119 90 107 106 98 118 114 81 78 105 74 100 75 89 79 81 75 57 55 59 61 60 61 66 57 61 56 72 55 49 56 60 58 66 60 66 60 58 57 38 40 59 56 59 57 58 38 69 67 59 50 69 79 74 50 34 38 39 43 52 50 42 38 38 40 37 33 32 34 34 35
128 125 123 122 120 119 117 141 139 144 115 144 127 128 106 106 105 131 127 130 105 87 67 77 87 119 114 113 105 85 108 112 80 78 107 101 100 88 76 79 83 78 50 56 63 63 61 61 60 58 57 57 53 46 48 55 57 57 56 56 56 58 51 55 38 36 65 48 55 60 63 50 53 70 55 59 70 79 78 50 19 26 35 42 47 61 44 42 40 40 37 34 34 36 34 33
126 124 122 121 119 118 116 114 141 113 113 136 114 136 103 102 129 126 125 116 93 82 74 114 89 117 89 113 104 106 108 94 109 78 108 95 103 101 74 77 85 63 42 59 68 66 62 61 60 60 59 56 48 44 49 55 56 56 55 55 55 53 51 47 41 48 62 57 55 53 57 62 53 61 63 62 64 64 56 25 355 9 34 44 46 46 44 42 40 40 37 35 35 32 28 27
125 123 121 119 118 116 115 113 112 111 110 127 112 133 129 129 128 118 123 106 89 79 82 92 119 117 87 111 84 113 81 94 80 78 76 75 75 74 99 97 70 58 47 65 72 68 63 61 61 60 59 54 47 47 52 55 55 54 55 55 54 52 50 46 48 53 60 55 53 41 46 61 55 59 59 57 70 72 63 19 353 1 35 50 50 47 43 41 40 38 37 35 33 30 27 27
124 122 120 118 116 115 144 112 110 109 107 127 112 125 127 129 123 116 125 90 74 69 86 94 121 88 86 85 84 83 101 108 106 77 75 103 73 73 97 71 65 55 52 67 72 69 63 61 61 60 57 53 60 49 53 55 55 54 55 54 53 51 50 47 61 59 55 63 59 53 43 56 48 46 44 46 52 53 43 19 3 8 38 53 52 47 43 41 39 38 36 34 31 29 29 29
123 121 118 117 115 113 141 110 108 106 105 132 111 104 127 127 123 113 116 84 67 75 89 122 90 88 86 85 84 82 81 99 105 75 74 73 72 71 92 66 60 53 55 66 71 68 63 62 61 59 56 53 64 67 53 55 54 54 54 54 53 52 50 66 57 62 65 67 60 42 39 52 54 53 50 53 61 52 42 17 9 17 33 48 49 46 42 40 39 38 36 33 31 30 31 31
122 119 117 115 113 111 110 108 106 104 102 132 106 102 125 126 120 114 114 81 82 86 88 89 88 87 86 84 105 106 104 107 103 73 72 71 71 69 67 63 58 56 58 63 67 65 62 61 61 59 57 55 52 69 53 54 54 53 53 53 53 69 51 66 65 66 67 69 58 34 36 52 46 43 54 56 57 60 48 12 4 17 29 38 43 43 41 40 38 37 35 50 32 43 33 45
120 118 115 114 112 110 108 106 105 103 133 125 101 123 124 95 119 86 81 80 89 91 120 87 86 86 109 109 107 104 109 105 101 72 70 70 70 68 66 64 61 59 60 62 87 62 60 60 60 59 57 56 54 71 54 54 54 54 53 54 53 70 70 65 66 52 70 70 52 31 32 55 49 47 45 54 55 46 50 10 360 25 43 35 39 40 40 39 38 37 35 33 33 45 35 34
118 116 114 113 110 108 106 104 103 101 132 121 115 129 125 123 118 106 82 82 86 89 88 86 85 84 111 105 102 103 103 76 74 72 70 70 95 67 77 68 64 61 57 62 61 60 60 59 59 59 57 56 55 70 70 55 55 54 54 54 54 54 69 63 66 53 56 69 46 30 31 59 50 49 59 56 56 57 51 13 358 28 34 53 40 56 54 56 40 40 39 36 36 36 37 35
117 114 112 111 108 106 105 102 101 100 97 125 98 128 96 122 119 115 83 83 84 85 116 84 83 106 105 104 102 107 96 74 72 71 70 83 68 67 67 67 65 61 60 60 59 59 59 59 59 58 58 57 56 71 70 73 55 72 54 54 54 54 67 61 65 53 54 63 42 30 30 61 48 48 58 56 58 44 48 26 1 17 49 41 40 57 41 59 42 42 57 39 41 37 36 35
115 112 109 123 106 105 103 101 99 98 97 96 125 95 93 91 118 117 83 83 83 83 82 112 81 103 103 110 104 102 101 92 98 90 82 68 67 66 66 66 63 60 60 59 58 58 59 59 59 58 58 57 56 56 69 71 71 69 72 54 55 54 67 61 52 64 63 45 46 39 36 56 45 45 55 57 58 58 50 32 8 19 37 52 41 40 41 42 58 57 41 38 37 37 34 33
113 110 106 104 104 103 101 100 98 97 96 95 94 121 91 118 118 85 83 82 81 81 81 80 80 80 108 101 74 73 72 99 93 80 68 68 66 65 65 67 60 58 58 58 57 58 59 59 59 59 58 58 57 56 67 64 66 68 68 72 54 54 67 62 51 54 54 53 46 43 42 52 58 57 56 43 44 45 53 31 17 32 36 39 39 52 41 42 43 42 40 38 38 36 31 29
111 107 103 101 102 100 99 99 97 95 94 94 92 121 119 118 85 84 112 80 79 109 79 79 79 100 105 100 100 82 71 93 69 69 68 67 66 66 64 65 61 58 57 56 57 58 58 58 58 58 58 58 57 57 57 57 56 55 55 54 69 69 66 65 61 52 44 49 48 45 46 52 54 55 56 56 43 44 55 34 21 23 41 46 37 39 55 42 54 41 40 40 41 40 34 28
108 105 99 97 98 99 98 97 96 94 93 92 91 121 88 86 84 115 80 78 78 78 78 78 77 105 101 101 72 71 70 69 68 68 67 67 66 66 66 65 61 57 55 54 56 57 58 57 57 58 58 57 57 56 56 56 55 54 54 53 53 66 66 65 61 46 43 40 38 36 36 37 39 51 53 54 43 43 41 48 26 23 28 34 36 39 56 42 42 40 47 51 42 45 40 30
105 103 100 99 98 96 97 96 94 93 91 90 89 118 86 85 115 112 79 77 77 77 77 76 75 103 103 72 71 70 69 81 67 67 76 75 70 66 68 73 59 53 51 52 55 57 58 58 58 58 58 57 56 56 56 56 54 53 53 53 52 51 51 50 58 46 43 40 37 35 35 37 39 50 51 54 57 42 40 51 33 28 29 35 39 41 42 41 41 40 39 40 43 43 41 31
107 104 103 99 95 95 96 94 93 92 90 88 88 87 85 84 82 81 79 77 76 75 75 73 103 102 72 71 99 96 68 68 68 74 75 72 71 79 78 66 66 54 49 53 57 58 59 58 58 59 59 57 56 56 56 55 53 53 52 52 51 51 50 50 48 45 43 41 37 34 42 45 47 41 51 53 57 42 41 41 54 48 32 45 53 42 42 43 42 42 39 40 43 43 39 32
105 104 104 97 93 93 93 91 91 91 88 87 86 113 83 82 81 80 79 77 76 106 73 72 72 71 71 70 98 93 80 68 68 67 83 83 72 66 70 74 77 66 53 56 59 61 60 58 58 59 58 57 56 57 56 54 52 51 51 51 50 49 49 49 47 45 44 44 39 41 38 44 49 51 50 43 44 57 43 44 57 50 35 38 43 44 43 44 44 44 42 40 40 40 37 35
100 99 100 97 91 91 88 90 88 89 87 87 85 83 82 81 80 79 78 77 76 74 72 72 72 71 70 99 98 68 68 76 85 89 88 85 63 65 68 71 68 53 46 58 62 62 59 58 58 60 59 57 57 58 56 55 54 53 50 50 49 48 48 48 53 52 52 45 42 33 34 44 49 49 42 42 51 56 59 60 57 51 35 44 38 40 41 42 44 43 42 42 40 38 36 34
