examples/cougarCreek-fire/createInputs/WindNinja/wrfout_d3.2015081112.f14/cougarCreekFire_08-12-2015_0200_217m_non_neutral_stability_ang.asc
ncols	146
nrows	140
xllcorner	610065.000000
yllcorner	5095217.000000
cellsize	216.586807
NODATA_value	-9999.000000
[rows 0 to 50 of 140, columns 0 to 95 of 146]
5 14 31 63 86 97 104 108 111 147 115 117 115 113 110 108 106 103 101 99 98 103 103 105 103 99 98 99 100 100 99 98 99 101 103 107 111 110 116 119 119 121 125 124 127 129 131 129 129 128 123 116 112 113 117 110 88 77 84 94 99 102 105 108 108 107 110 117 127 127 103 76 79 94 109 117 113 95 92 97 102 106 110 111 105 112 111 105 106 114 109 112 128 138 131 125
5 14 31 63 86 97 104 108 111 147 115 117 115 113 110 108 106 103 101 99 98 103 103 105 103 99 98 99 100 100 99 98 99 101 103 107 111 110 116 119 119 121 125 124 127 129 131 129 129 128 123 116 112 113 117 110 88 77 84 94 99 102 105 108 108 107 110 117 127 127 103 76 79 94 109 117 113 95 92 97 102 106 110 111 105 112 111 105 106 114 109 112 128 138 131 125
4 8 12 36 78 102 111 115 117 119 120 121 119 116 113 111 108 106 104 102 101 101 101 103 102 100 99 99 99 99 98 98 100 101 104 106 109 112 115 118 120 122 123 125 127 129 130 129 129 128 124 116 110 109 108 100 85 84 90 95 100 102 104 106 107 109 112 115 119 116 92 83 89 99 109 115 109 94 95 100 104 107 109 111 112 112 111 111 112 111 108 109 121 129 123 121
6 6 358 354 4 61 105 116 119 121 123 124 121 118 115 112 109 107 106 104 103 97 98 98 100 100 98 97 96 96 96 98 99 101 103 104 106 108 112 115 117 120 122 123 124 126 128 128 130 133 129 115 105 100 95 88 91 95 97 98 101 104 104 105 108 111 113 113 107 85 85 98 103 106 109 108 95 94 99 104 107 109 110 112 113 113 114 113 113 114 115 112 111 117 118 117
1 358 344 333 326 321 319 294 283 283 130 130 125 121 117 114 111 109 107 105 94 95 88 96 97 98 97 95 95 95 95 96 97 98 100 102 104 106 110 114 117 119 121 122 123 124 126 127 131 137 135 111 97 91 90 96 103 104 103 103 104 104 105 106 108 110 111 106 87 84 105 111 111 109 104 96 100 105 107 108 110 111 112 113 115 116 116 116 117 119 120 116 110 111 122 119
349 344 328 316 306 298 289 270 228 288 277 280 139 131 125 120 116 112 87 107 91 97 92 96 96 97 96 95 95 95 94 95 96 97 98 99 101 104 107 111 115 118 120 122 123 123 123 124 127 136 134 104 94 91 95 105 110 109 107 106 105 106 107 107 107 107 99 93 90 110 117 116 111 104 97 104 116 116 113 112 112 113 113 114 115 115 115 116 117 118 118 116 111 106 110 111
334 327 312 302 294 288 281 293 291 292 280 269 291 154 141 132 126 119 103 96 86 87 85 83 87 90 96 87 87 89 93 94 97 98 98 97 99 102 105 105 110 117 118 124 126 120 116 113 118 133 139 113 99 99 103 109 112 110 109 108 108 104 104 108 107 98 98 102 117 121 119 114 106 101 105 118 121 119 116 115 113 114 114 113 114 115 116 116 117 117 116 115 113 109 106 105
318 310 299 292 286 281 276 287 279 278 275 269 276 309 79 160 146 58 38 68 77 79 83 84 88 90 89 87 87 92 93 86 90 98 98 98 98 100 100 104 108 112 117 122 125 121 109 105 111 135 148 121 110 105 106 109 111 111 110 109 103 104 109 108 106 99 104 114 120 120 117 110 105 107 114 120 121 119 118 117 115 114 114 114 114 115 116 116 116 116 116 115 113 111 110 108
303 297 290 285 280 298 271 293 287 281 279 273 271 279 287 202 357 5 314 268 42 79 301 318 87 90 90 88 88 91 88 86 91 97 99 93 94 95 98 102 107 112 116 121 132 128 107 103 112 135 145 134 107 101 103 110 111 111 105 110 103 110 111 110 102 102 106 115 116 115 113 109 108 112 116 117 118 118 118 117 115 114 114 114 114 115 115 116 116 116 115 114 113 112 110 109
292 288 284 280 276 282 285 288 285 283 279 274 290 274 276 276 289 298 288 287 293 317 132 104 338 92 91 91 88 92 90 85 89 92 92 94 94 94 97 103 109 114 114 117 132 135 116 110 118 131 151 125 106 102 109 111 112 112 106 110 110 111 111 105 103 102 105 105 113 112 114 114 113 113 114 115 116 117 118 117 115 114 114 114 114 114 115 115 115 115 115 114 113 112 111 110
310 280 278 276 273 271 275 278 280 279 276 274 273 293 273 275 268 233 285 273 290 309 243 144 305 31 62 62 89 92 94 86 91 93 93 95 95 96 98 102 108 115 116 109 129 135 122 116 124 135 127 112 105 111 112 114 114 107 111 111 112 105 106 106 102 103 106 106 112 113 115 115 113 113 114 116 117 118 118 115 113 113 113 113 114 114 114 114 115 115 115 114 113 112 111 110
276 274 296 291 286 280 266 273 276 291 292 273 273 272 271 273 248 274 276 274 294 307 306 223 131 357 67 51 43 93 91 89 93 94 95 96 97 96 96 98 103 114 120 121 130 132 124 122 131 158 114 111 115 115 111 113 111 109 106 112 112 106 107 104 104 111 112 112 112 113 113 112 112 112 114 116 117 118 116 112 112 112 113 113 113 114 114 114 114 114 114 113 113 112 112 111
272 270 270 286 285 281 266 269 268 271 287 290 294 270 272 272 264 276 271 272 297 306 312 291 207 307 49 36 35 97 94 91 94 96 98 99 99 97 95 96 94 114 129 149 155 126 122 132 177 187 123 114 118 117 114 116 115 111 105 102 104 108 105 107 109 110 111 111 112 113 112 111 110 110 111 114 117 118 112 109 111 112 112 113 113 113 114 114 115 114 114 114 117 119 116 112
268 268 268 268 267 277 267 266 263 264 266 281 286 293 269 270 269 274 275 301 298 300 313 304 291 307 26 25 39 95 98 95 43 49 46 56 71 76 78 82 97 116 135 147 146 128 124 151 220 160 121 117 115 113 114 118 120 114 103 100 103 105 106 107 109 110 111 112 114 114 112 109 107 108 108 109 112 114 109 108 111 111 112 112 113 113 113 114 114 114 115 116 124 136 129 115
266 266 267 267 267 267 267 266 265 264 262 264 265 279 290 301 305 310 311 310 313 311 320 322 303 311 1 15 38 104 108 99 24 36 38 51 67 75 79 86 98 107 127 143 146 121 120 183 214 145 121 119 116 112 112 115 124 120 101 98 101 106 108 109 105 103 105 115 117 118 112 105 102 104 105 104 104 112 113 110 111 111 111 112 112 113 113 113 113 113 114 113 124 150 153 133
264 265 266 267 266 266 276 276 273 268 265 266 278 275 277 290 303 306 307 308 313 314 318 327 316 312 341 7 31 179 49 13 20 32 31 50 59 71 76 81 92 95 115 148 154 147 153 206 185 125 123 120 110 104 107 111 121 119 102 98 101 104 104 104 104 105 108 116 118 119 105 97 98 102 104 103 104 113 116 113 111 111 111 111 111 111 111 112 112 111 111 106 115 152 175 167
263 264 265 266 267 266 266 274 275 273 269 268 289 290 275 265 271 298 297 299 309 310 314 267 323 316 334 4 303 231 21 356 23 33 34 47 53 65 77 82 85 87 105 145 162 165 184 198 162 124 124 112 112 99 97 109 116 114 112 102 102 104 106 108 108 109 114 102 110 103 89 92 98 102 104 105 106 110 113 114 112 111 111 110 110 110 110 111 111 109 107 101 107 140 175 187
263 264 265 266 267 267 269 272 275 288 271 269 282 291 272 259 260 271 280 281 292 294 312 315 332 321 340 5 302 301 5 3 16 22 47 43 49 61 78 100 99 100 109 136 165 179 194 190 142 124 115 113 104 94 94 103 113 102 120 109 104 106 108 110 113 120 109 97 87 73 87 97 101 104 106 107 106 106 108 111 111 110 109 109 109 109 109 110 109 109 108 102 108 133 155 169
263 264 265 266 266 266 266 273 290 293 274 271 272 275 281 282 279 281 285 281 289 295 295 322 328 327 343 281 291 14 7 15 20 20 46 28 34 59 76 102 111 116 121 137 165 188 197 187 142 139 123 109 106 101 104 108 113 119 126 114 109 104 111 110 119 121 102 89 69 79 98 103 103 104 107 108 103 103 106 108 109 109 108 108 108 109 108 108 108 108 108 103 109 133 152 154
263 264 265 266 266 266 274 273 290 293 274 282 274 278 293 300 298 293 296 290 295 304 293 301 319 330 338 284 303 9 16 27 62 139 134 17 31 60 79 102 107 119 132 145 163 187 202 197 171 151 131 119 100 101 104 106 114 128 122 110 111 111 109 104 113 121 101 78 76 92 102 103 102 102 106 107 102 101 104 106 107 107 107 107 107 107 107 107 107 105 104 101 104 127 153 149
263 264 265 274 275 275 274 274 276 293 275 285 296 280 281 295 303 301 304 298 300 311 291 292 299 326 332 289 2 13 24 45 142 148 148 6 46 96 85 104 109 120 140 153 163 183 198 202 213 148 137 112 106 113 117 116 124 136 131 106 102 113 104 100 106 113 111 93 87 92 98 99 99 99 100 105 103 102 104 105 105 105 106 106 106 105 106 106 106 104 101 98 98 109 137 137
262 263 265 274 276 275 275 274 276 295 288 288 304 300 273 275 276 283 295 293 293 309 300 301 308 323 338 347 359 332 30 129 143 154 154 123 64 102 95 118 120 127 145 157 167 217 193 211 204 140 137 114 122 120 116 121 112 135 130 100 99 108 94 100 98 103 112 107 95 94 96 97 95 94 95 103 107 105 103 103 103 104 104 104 104 104 105 106 106 105 103 101 103 109 116 125
262 264 265 266 273 273 273 274 275 292 289 286 300 310 287 278 269 278 280 292 295 301 300 297 303 324 336 314 297 203 50 120 107 199 156 129 56 82 110 124 131 139 145 158 174 192 211 221 213 142 119 113 114 119 120 116 112 135 128 95 104 96 94 94 94 101 110 116 106 100 99 95 90 90 94 104 110 106 101 99 100 102 102 102 102 103 104 105 104 105 112 111 109 113 110 108
262 264 266 267 268 269 273 276 287 294 295 286 290 308 302 291 288 288 291 303 309 309 306 290 285 308 325 339 295 65 45 131 106 188 175 143 63 86 108 124 141 151 143 157 183 206 241 235 218 132 117 129 113 112 122 126 114 133 123 96 91 83 85 89 95 105 108 112 112 106 99 90 87 90 96 103 109 106 96 93 97 99 101 101 102 102 103 104 106 112 116 112 106 106 105 95
261 264 266 268 269 270 274 276 278 295 301 292 290 305 306 295 291 291 291 292 302 311 314 303 291 302 335 336 360 19 47 140 183 189 338 159 66 88 106 119 141 152 142 158 188 209 229 235 203 150 123 130 114 121 111 129 136 130 114 99 84 84 88 79 95 95 101 112 116 109 97 88 89 92 95 100 102 99 90 89 93 97 99 100 101 101 100 101 109 116 114 105 99 101 100 89
261 263 266 268 270 272 276 278 279 291 301 296 288 292 307 302 295 292 291 288 292 308 313 309 302 309 337 295 350 10 120 155 204 199 183 163 135 111 115 120 135 138 138 194 217 232 230 226 179 144 143 120 114 109 110 133 150 133 107 102 97 95 82 88 86 77 97 116 123 114 99 92 92 93 93 91 88 87 89 90 92 95 98 99 100 99 99 98 105 112 114 105 97 98 98 91
261 264 266 269 274 277 276 278 279 284 295 293 290 289 300 307 299 296 296 293 295 308 311 306 303 309 342 284 345 27 124 131 193 191 163 126 144 144 131 128 134 128 169 154 209 210 224 210 185 151 147 124 117 109 110 139 170 159 115 109 110 98 90 82 72 70 88 96 98 93 94 95 94 93 88 78 73 80 93 96 95 95 97 98 98 98 98 97 98 106 112 99 87 93 101 99
261 265 268 271 271 275 278 278 271 275 289 295 298 290 286 294 293 295 300 297 300 310 311 299 294 301 335 300 351 69 125 123 161 159 154 154 161 158 142 153 158 166 167 185 208 221 220 217 189 165 151 130 127 114 115 150 187 184 126 105 109 99 88 75 61 68 75 68 58 67 82 90 91 89 81 71 74 84 96 99 97 95 96 96 96 97 97 96 94 97 101 90 84 264 269 293
261 265 269 272 275 275 279 283 284 281 290 299 304 291 281 287 292 294 300 297 300 308 311 297 285 286 308 332 17 87 111 143 151 147 153 160 162 163 160 158 162 167 168 182 207 223 228 225 187 179 154 130 143 124 138 164 202 207 140 99 90 86 79 68 62 68 67 60 56 62 70 82 88 85 74 72 80 85 90 94 95 94 93 94 94 94 95 95 86 83 91 98 99 96 88 265
261 265 270 274 277 276 279 285 296 293 295 300 307 314 296 290 295 297 300 298 299 307 309 305 291 287 293 320 22 87 83 112 135 154 154 159 168 166 157 161 167 172 180 191 199 206 219 218 204 185 157 131 143 129 144 169 206 209 175 135 119 100 75 60 57 61 64 62 60 61 68 78 83 79 70 73 79 80 83 87 88 89 89 89 89 91 94 95 84 82 88 97 105 100 254 249
261 266 270 274 278 280 281 284 284 288 289 298 302 311 308 294 300 307 309 308 309 315 312 314 305 300 300 308 4 74 81 98 130 165 163 167 173 162 156 165 172 181 194 199 194 196 205 200 203 191 172 140 141 142 152 168 204 200 189 163 158 156 136 89 77 72 63 57 55 57 64 72 74 71 69 72 72 73 77 80 81 80 79 81 86 90 92 94 93 89 87 86 83 79 235 253
261 266 271 275 279 281 283 286 282 286 284 285 290 295 307 295 295 303 308 311 316 319 318 316 309 305 305 307 346 54 77 76 150 148 175 178 172 160 158 165 173 191 205 206 201 199 202 193 199 200 191 162 131 128 167 173 163 170 177 211 217 197 177 155 133 117 88 70 66 67 69 69 65 64 66 66 66 67 71 76 77 73 71 76 81 86 89 92 93 88 85 82 73 65 253 270
259 265 271 276 280 285 288 289 283 287 289 291 297 302 306 297 289 290 295 301 312 320 321 319 315 310 304 299 323 49 77 80 87 172 166 167 163 167 171 168 170 197 210 204 202 201 206 191 197 203 205 189 139 122 146 153 160 164 221 224 228 236 238 195 151 146 144 128 112 100 94 87 76 66 61 63 67 66 67 70 73 71 70 75 78 80 83 86 119 83 80 75 71 72 286 289
257 263 282 275 289 290 291 291 287 288 296 303 309 307 304 300 290 284 279 281 288 301 312 318 320 320 314 304 310 23 74 84 88 156 202 182 177 180 190 188 188 205 206 199 202 194 213 195 201 206 210 209 190 176 164 149 157 171 184 204 225 266 266 234 238 232 211 136 125 107 122 100 96 83 77 79 82 81 76 70 65 67 76 76 73 74 79 81 117 77 71 66 64 68 296 298
256 262 267 285 289 289 291 296 297 298 297 298 302 306 307 301 292 285 280 280 283 286 290 298 312 326 325 314 316 42 69 71 93 103 216 207 194 199 221 228 222 214 211 203 208 209 229 197 215 235 247 244 234 213 198 182 169 193 222 249 310 330 287 276 277 283 283 287 60 73 78 78 82 98 93 91 90 89 86 76 65 63 68 69 67 70 75 78 80 105 69 67 58 50 281 283
253 261 267 273 285 289 291 293 290 292 288 284 282 291 303 307 306 306 309 303 295 287 283 278 270 263 293 310 325 65 61 38 89 109 190 210 198 214 216 217 216 204 198 196 188 201 236 261 224 245 271 286 277 252 247 247 242 257 283 293 295 296 332 331 14 16 17 14 21 40 52 58 43 69 72 75 75 74 73 71 67 62 60 63 69 73 74 75 76 74 74 69 55 45 36 33
248 258 265 276 282 305 302 293 285 284 282 282 284 281 286 293 297 299 298 287 274 271 269 260 251 247 254 271 300 32 47 40 46 97 125 207 181 99 113 131 138 153 161 185 193 207 224 244 275 247 258 268 273 269 267 265 256 262 284 301 320 334 343 320 341 10 12 13 21 357 43 46 45 44 50 58 62 64 48 64 60 60 69 74 73 72 71 72 71 68 72 67 51 42 36 31
244 254 263 274 279 285 290 279 297 273 276 284 285 277 271 272 273 266 257 253 255 260 258 250 248 246 252 250 220 29 45 57 24 66 56 36 30 118 185 184 138 185 167 161 154 116 134 239 259 276 292 253 251 294 263 262 255 257 264 274 246 271 347 9 14 16 17 22 35 46 50 49 6 37 37 40 47 55 59 62 62 71 80 84 80 71 70 70 68 67 66 60 51 36 18 14
239 250 260 271 275 280 249 290 267 268 274 280 274 269 265 266 264 258 255 260 260 255 254 252 245 244 255 249 225 31 48 69 88 77 66 59 69 98 105 343 227 221 147 134 124 127 135 157 242 259 277 290 288 298 293 294 293 288 263 266 264 270 294 228 205 167 194 150 72 72 70 63 54 48 45 42 42 43 48 58 68 78 79 79 82 76 68 64 63 64 62 61 56 35 17 8
233 244 255 265 270 275 240 286 269 273 278 278 278 273 271 270 264 257 253 254 249 250 261 258 245 251 261 251 236 190 60 63 84 103 75 136 128 104 86 114 120 318 150 147 186 218 241 253 257 255 254 263 266 276 291 305 301 295 302 287 277 273 282 290 293 288 292 320 359 21 45 98 90 80 68 56 50 46 45 51 61 69 73 75 79 82 62 59 61 62 61 64 55 34 22 16
227 239 251 256 262 270 238 283 290 273 278 284 285 281 272 268 259 249 246 251 252 261 266 250 242 251 257 251 245 251 76 62 53 84 36 236 181 173 189 85 71 52 45 146 159 189 206 219 231 276 274 273 265 260 278 270 261 260 260 255 276 301 296 289 281 276 283 292 331 359 10 46 67 111 101 92 80 63 54 52 53 59 64 66 70 277 86 70 66 61 60 58 49 36 24 20
222 234 246 250 257 234 269 280 287 275 279 281 280 270 261 259 249 245 252 267 272 272 261 240 242 252 257 252 248 219 64 43 42 81 106 177 176 197 214 220 23 330 260 250 283 287 227 223 285 288 285 289 263 299 286 283 283 288 252 228 285 288 306 309 302 294 293 280 267 272 282 313 360 15 28 41 128 119 86 65 58 53 53 56 54 46 60 82 68 63 59 81 51 40 27 23
219 230 241 251 259 268 269 282 284 291 297 278 273 260 253 250 247 258 273 278 277 264 243 236 245 261 259 247 239 194 57 45 35 49 79 99 207 233 221 211 215 152 199 225 246 257 267 280 292 260 289 286 299 300 291 221 219 299 310 308 238 306 299 235 221 210 203 191 190 189 185 188 184 167 155 177 315 41 149 109 80 71 69 65 51 40 44 69 70 64 62 61 55 42 34 29
215 225 235 245 256 215 269 275 282 288 273 261 245 244 243 244 253 262 269 273 265 240 235 234 252 262 248 237 236 211 95 54 41 35 40 44 18 323 272 205 195 188 208 238 227 230 248 260 270 284 284 278 293 297 292 292 286 285 256 242 232 225 214 220 228 224 221 4 9 193 33 42 53 62 77 97 118 196 280 155 101 80 77 74 59 48 45 45 55 61 59 57 51 46 46 39
210 218 227 239 250 249 265 271 278 262 245 241 240 244 242 245 245 246 258 258 246 234 232 239 251 252 236 231 237 219 97 58 54 45 40 39 45 45 57 69 103 148 158 165 194 238 267 276 285 290 282 280 285 286 275 254 238 238 244 255 252 248 250 317 342 1 357 358 1 0 360 5 15 25 34 51 75 109 155 3 124 78 65 65 70 66 50 44 41 42 52 52 49 52 55 47
205 213 221 233 237 246 254 264 272 232 235 236 246 255 250 243 238 250 264 261 251 238 236 234 244 240 230 233 240 220 76 56 44 45 40 40 42 38 36 36 54 64 73 65 17 282 281 277 289 304 293 262 252 249 276 238 250 250 263 280 305 314 337 357 18 30 6 353 1 5 6 9 15 25 33 37 44 55 106 191 205 107 86 75 70 62 56 53 49 38 49 58 52 49 51 49
200 208 207 227 231 240 223 255 226 228 229 243 256 251 243 239 242 269 270 268 259 234 225 216 229 231 231 243 241 211 125 53 59 60 59 48 46 39 32 25 32 36 42 37 16 316 316 292 278 257 282 288 276 274 276 277 265 285 305 321 328 337 353 8 26 36 17 354 328 13 15 22 28 40 54 58 49 47 57 107 205 126 88 81 68 53 56 60 60 54 337 57 55 50 48 49
195 183 197 221 231 233 212 220 224 222 238 252 259 255 256 268 290 282 270 261 242 217 209 204 223 229 239 246 235 206 172 96 94 67 67 62 49 24 24 28 36 41 45 41 349 355 336 302 306 296 313 340 334 299 288 300 307 312 325 337 343 353 6 19 40 45 33 9 8 20 31 47 63 80 86 85 71 63 60 61 157 159 77 68 73 81 76 67 65 54 46 59 62 56 52 52
190 195 200 208 204 208 206 222 250 232 265 274 262 267 285 287 282 276 264 250 231 207 203 215 231 242 254 247 235 224 199 168 97 91 77 69 42 15 27 22 36 55 58 48 1 341 315 316 295 297 316 334 349 353 344 336 330 316 315 324 336 2 25 48 72 74 55 31 23 34 63 79 85 87 88 85 86 84 69 67 151 179 115 71 67 72 76 86 72 52 53 62 65 57 54 55
183 193 198 192 207 207 221 243 250 255 263 271 276 280 272 259 247 240 232 234 229 198 200 231 232 242 248 241 245 246 204 176 153 106 83 70 34 35 48 28 63 29 65 50 30 347 348 323 310 314 323 332 347 6 17 24 25 317 281 271 267 354 68 77 88 85 59 38 34 55 76 78 81 80 78 76 66 72 78 75 68 194 159 93 66 54 52 57 63 58 60 57 49 49 52 52
176 181 186 197 211 223 232 243 248 254 265 274 275 264 243 230 231 224 224 235 227 208 207 204 209 221 237 236 248 231 190 177 153 110 85 69 34 34 45 32 36 24 349 12 34 11 346 331 325 324 327 336 346 12 42 54 59 30 273 232 215 196 128 86 73 58 50 53 54 58 63 71 84 93 87 72 60 71 79 73 47 14 171 146 95 64 48 41 39 59 50 43 33 34 42 44
