examples/cougarCreek-fire/createInputs/WindNinja/wrfout_d3.2015081212.f13/cougarCreekFire_08-13-2015_0100_217m_non_neutral_stability_vel.asc
ncols	146
nrows	140
xllcorner	610065.000000
yllcorner	5095217.000000
cellsize	216.586807
NODATA_value	-9999.000000
[rows 36 to 71 of 140, columns 0 to 81 of 146]
8.48 8.95 9.45 10.40 10.31 14.31 14.49 10.05 14.77 14.67 13.99 13.14 13.11 15.10 15.72 16.53 17.39 18.50 19.07 18.49 16.76 15.81 16.26 15.22 13.59 11.98 14.18 17.34 23.61 22.87 24.10 17.50 15.92 17.00 15.80 12.81 8.29 6.35 4.23 2.43 1.62 3.72 6.38 11.50 10.22 10.61 10.48 10.47 12.16 5.82 4.91 5.47 6.20 5.44 5.47 5.92 4.14 4.58 4.42 4.40 4.71 5.13 5.56 6.13 7.04 7.63 7.22 7.38 6.94 6.92 6.90 6.37 5.80 5.46 5.59 5.71 5.83 5.94 6.07 6.32 6.66 7.06
8.78 9.28 9.85 10.84 10.83 10.73 10.56 14.36 10.40 13.65 13.23 13.63 13.78 14.83 14.07 14.31 14.66 14.48 13.51 12.72 13.00 13.87 14.50 13.73 13.08 12.30 13.30 14.38 13.84 20.87 20.76 12.92 12.92 16.08 22.40 21.87 19.63 18.76 17.48 15.45 13.86 8.85 3.38 6.47 7.84 1.83 3.16 8.39 11.43 3.86 2.54 5.07 4.96 4.65 4.79 5.20 5.65 5.71 5.54 5.43 5.37 5.30 5.12 5.01 4.98 5.04 5.05 4.89 4.59 4.36 4.28 3.80 5.84 6.06 5.89 5.81 5.81 5.88 6.00 6.18 6.40 6.71
9.16 9.79 10.46 11.36 11.28 11.07 11.36 10.46 13.47 13.01 13.71 14.03 14.28 13.68 13.48 13.97 14.16 13.70 13.51 14.38 14.63 13.86 13.71 14.22 12.80 11.86 14.12 14.83 11.92 18.00 22.42 15.87 12.50 13.32 13.94 16.54 16.80 16.55 18.32 23.37 18.82 15.61 11.85 9.36 7.85 7.36 5.79 4.08 4.70 5.68 4.56 3.26 4.77 5.61 5.69 5.74 5.90 6.08 6.20 6.27 4.71 4.68 4.54 4.46 4.46 4.66 4.71 4.36 4.13 4.02 4.03 4.10 4.06 4.02 4.78 6.66 6.05 5.90 5.91 6.02 6.16 6.38
9.89 10.47 10.95 11.66 11.53 11.32 11.19 10.61 13.91 14.25 14.61 14.60 13.59 14.67 14.70 14.99 14.83 14.14 13.60 13.87 13.59 13.46 14.92 15.72 13.36 13.71 15.33 15.77 12.06 17.43 23.56 19.03 7.96 9.94 11.54 10.38 10.89 9.30 9.93 10.25 12.02 17.68 13.87 13.55 14.75 15.18 8.63 6.48 6.21 5.89 5.89 6.56 6.31 5.95 4.79 5.32 4.41 4.47 5.37 5.35 5.43 3.92 3.79 3.94 4.12 5.53 5.41 5.32 5.37 5.44 5.54 5.67 5.86 3.62 3.73 3.63 3.40 6.09 5.86 5.80 5.86 6.11
10.65 10.95 11.32 11.78 11.64 11.44 11.23 10.88 11.17 14.75 15.20 15.50 15.62 16.41 15.34 15.20 14.55 13.23 12.53 13.09 13.83 15.03 16.71 15.46 11.98 13.91 15.41 15.64 15.46 22.46 23.29 17.71 9.05 4.66 11.23 12.69 12.70 11.31 10.12 4.04 5.42 7.03 7.50 4.77 5.71 7.38 8.70 7.21 5.86 5.12 5.05 5.77 6.20 5.97 5.85 5.81 5.71 5.55 5.46 5.39 5.32 5.31 5.36 5.36 5.25 5.10 4.98 4.86 4.81 4.78 4.78 4.83 4.95 5.07 5.22 5.37 5.59 5.84 3.48 2.56 5.68 5.79
11.26 11.41 11.52 11.87 11.93 12.10 11.07 11.36 11.71 15.30 15.93 16.13 15.78 15.44 14.36 14.45 13.54 12.18 13.38 15.00 16.46 17.59 17.46 12.10 11.38 13.88 15.69 16.17 16.21 20.62 17.22 13.65 9.60 6.22 8.22 9.87 11.33 11.07 11.24 12.40 8.33 8.52 9.52 8.83 8.87 1.10 3.91 5.46 5.70 5.59 5.18 5.03 5.05 5.38 5.85 5.93 6.09 6.12 5.58 5.69 5.80 5.50 5.25 5.00 4.78 4.68 4.62 4.55 4.50 4.45 4.36 4.31 4.31 4.33 4.40 4.59 4.88 5.15 5.40 5.59 4.65 5.62
11.60 11.68 11.59 11.75 12.78 11.84 11.66 11.75 12.31 12.30 12.69 16.50 15.68 14.77 14.04 13.55 13.08 14.03 15.74 16.64 18.16 18.14 14.02 10.19 13.06 15.46 16.86 16.05 14.51 16.02 15.05 12.17 4.15 1.70 5.25 2.04 8.85 10.41 9.78 10.56 11.31 9.27 9.18 9.93 10.69 10.13 9.60 10.11 3.37 4.88 4.19 4.70 5.07 5.49 5.76 5.85 5.79 5.70 5.58 5.44 5.27 5.12 5.04 4.96 4.81 4.69 4.66 4.63 4.62 4.62 4.52 4.41 4.29 4.24 4.21 4.12 4.11 4.37 4.75 5.06 4.58 3.44
11.89 12.02 12.02 12.40 13.47 10.93 12.49 12.92 12.92 13.20 17.10 15.95 13.66 13.34 12.50 12.54 14.05 15.02 16.36 17.51 18.06 14.45 11.01 10.62 14.67 16.88 16.81 13.86 14.01 14.75 12.52 8.98 4.80 2.22 3.10 1.93 1.97 4.56 4.95 6.08 6.32 7.34 7.74 8.07 1.82 2.87 3.30 3.77 3.52 3.25 3.98 4.42 4.61 4.80 5.02 5.22 5.27 5.24 7.14 5.24 5.25 5.26 5.28 5.42 5.48 5.59 5.76 5.81 5.77 5.66 5.57 5.45 5.31 5.20 5.11 3.86 2.40 2.76 3.86 4.76 5.13 5.23
12.49 12.67 12.86 13.28 13.32 12.72 13.24 13.40 13.67 16.53 14.88 12.42 12.02 13.63 13.05 13.81 13.59 13.76 15.56 16.88 16.12 12.54 11.48 12.57 15.46 16.84 14.03 12.34 14.09 14.54 10.28 8.15 5.17 5.82 6.68 7.17 4.89 2.27 1.19 2.64 4.44 5.00 1.11 2.58 3.92 4.71 5.32 5.08 4.06 3.09 2.83 2.96 3.88 4.50 4.94 5.29 5.62 5.78 5.80 5.76 5.87 6.13 7.69 7.85 8.08 8.32 8.54 8.99 9.11 8.98 8.74 8.59 8.71 8.67 8.48 6.18 4.15 2.91 3.43 4.38 5.05 5.15
13.05 13.50 13.78 13.75 13.51 13.50 13.65 13.87 14.49 13.41 11.59 11.48 13.76 15.32 15.06 14.05 11.69 14.35 16.61 17.49 17.04 14.51 13.52 12.95 15.25 15.15 12.62 12.93 15.26 14.76 9.40 6.70 7.10 10.03 10.68 10.60 10.95 9.24 6.78 6.07 5.49 5.63 8.23 9.25 8.48 8.92 7.49 4.50 2.82 1.59 1.05 1.15 2.61 4.32 4.98 5.31 5.86 6.35 6.48 7.52 7.80 8.30 10.97 11.33 11.43 10.64 9.52 10.58 11.44 11.09 10.33 9.14 9.06 7.00 8.26 7.31 9.28 6.24 4.52 4.27 4.59 5.29
14.13 14.58 12.59 13.71 13.71 13.97 13.60 14.31 13.68 11.21 11.23 13.42 15.07 15.73 14.75 13.40 13.81 16.12 17.89 18.85 18.76 14.73 12.48 10.83 12.43 12.55 12.26 14.67 16.30 13.60 8.53 6.37 5.92 12.74 13.06 12.88 14.21 15.63 13.67 12.47 14.04 15.95 17.13 15.51 13.49 11.98 8.49 3.74 4.60 3.99 2.29 2.78 3.07 4.39 5.16 5.33 5.84 7.79 8.56 10.92 11.11 11.50 12.01 12.35 12.23 10.83 9.51 10.54 8.49 8.69 8.16 8.51 7.90 7.01 7.85 6.55 7.07 8.69 6.11 4.46 4.22 4.67
15.38 12.29 13.01 13.98 14.26 14.38 12.15 12.87 13.04 11.27 13.53 14.97 15.87 16.10 16.06 16.98 13.71 17.74 19.03 19.17 17.86 12.23 10.31 9.25 11.02 11.77 13.79 16.19 15.60 12.64 9.15 7.19 6.16 9.31 12.83 13.65 15.73 19.04 18.50 17.44 21.51 19.41 17.80 15.55 12.76 8.46 5.37 4.66 2.71 5.13 7.13 7.65 6.71 5.86 6.47 6.79 7.37 11.40 12.94 12.80 12.13 12.20 12.26 11.67 11.11 10.25 9.71 8.39 8.91 8.49 8.76 8.08 8.61 7.13 6.76 6.33 6.09 6.72 6.98 5.14 4.00 4.23
15.99 13.72 13.93 14.53 13.06 12.76 11.32 13.20 14.72 13.94 15.10 14.18 16.65 17.29 14.57 15.19 19.65 19.30 19.72 18.78 15.96 11.19 9.38 10.39 12.49 14.26 16.48 17.06 14.76 14.31 11.70 9.76 9.14 8.00 13.19 12.80 13.11 16.27 16.89 14.00 15.75 14.40 16.09 13.13 11.38 8.07 4.75 4.25 7.17 8.93 8.24 11.44 11.92 10.61 10.41 10.54 10.80 10.25 8.20 8.50 9.80 11.51 11.05 9.20 8.92 8.90 8.71 8.68 8.86 9.74 8.82 8.92 8.71 7.20 6.89 6.49 6.20 5.98 6.94 6.25 4.19 4.13
14.75 15.60 14.09 12.47 12.90 12.32 13.79 14.25 14.58 15.76 16.10 14.94 15.22 15.77 20.45 19.88 18.45 17.78 15.88 16.34 15.56 10.49 10.08 13.48 13.79 15.46 16.94 16.23 17.07 16.57 13.16 11.83 12.62 7.98 14.08 12.33 10.75 12.36 12.60 8.37 8.54 12.76 11.31 11.54 13.62 13.14 10.49 9.91 11.22 9.82 7.48 7.51 6.21 11.10 11.95 9.09 7.27 8.94 9.34 8.42 7.91 8.20 8.68 10.32 11.60 10.35 10.31 10.28 8.91 9.19 9.28 9.25 9.45 9.10 7.15 6.74 6.39 6.12 6.46 6.56 4.83 3.60
16.02 14.30 12.94 12.82 13.09 13.87 14.40 15.30 15.26 15.22 15.51 16.15 16.62 20.23 19.19 16.45 16.40 15.00 14.48 15.90 15.40 12.30 11.98 11.98 11.96 12.96 13.77 15.20 16.28 16.76 12.60 13.11 13.28 8.87 14.60 12.30 10.75 10.84 9.65 8.56 9.30 8.49 8.58 9.46 11.87 12.00 12.39 10.35 7.29 4.26 5.68 6.58 5.82 6.26 7.82 7.98 4.13 5.40 9.00 9.55 7.95 7.37 7.82 8.40 11.65 11.80 11.44 9.88 9.63 9.89 10.12 9.87 7.96 7.83 9.03 7.38 7.12 6.72 6.36 6.85 6.36 5.03
16.69 15.28 13.35 14.07 14.50 15.06 15.78 15.85 16.02 16.22 16.88 17.85 18.21 20.28 16.14 15.02 15.33 14.56 15.10 16.37 14.97 13.81 12.53 10.56 10.38 12.46 15.34 15.11 17.76 16.19 12.84 14.11 12.52 9.23 13.99 10.72 10.14 9.88 7.59 5.93 5.90 5.87 4.61 3.86 5.16 6.90 7.14 6.81 7.07 4.89 5.10 5.36 7.76 6.37 9.16 13.07 3.68 2.12 5.61 9.85 9.56 7.94 7.27 7.65 8.92 9.92 10.89 12.11 10.87 9.28 9.05 11.52 9.76 9.04 8.48 8.08 7.83 7.27 7.06 8.17 7.08 6.22
16.16 15.05 13.86 15.25 15.65 16.34 16.53 16.81 18.30 17.48 18.55 20.21 16.98 16.15 14.66 14.20 14.44 14.77 15.83 16.19 15.09 15.18 14.87 14.85 11.19 13.69 14.68 17.87 20.77 15.08 12.61 13.31 11.24 8.61 12.05 8.00 8.97 8.39 6.64 5.94 6.14 3.96 2.07 1.10 1.57 2.34 2.85 3.89 4.51 4.92 5.09 5.95 7.04 8.20 10.32 7.03 7.09 2.25 6.70 9.71 9.76 9.52 8.38 8.88 8.44 8.94 8.60 8.91 8.62 8.01 8.52 7.79 8.29 8.47 8.03 7.65 7.33 7.09 7.03 7.01 6.87 6.10
16.34 15.51 15.85 16.29 17.17 16.88 17.54 17.88 18.59 20.60 19.98 16.55 16.97 15.70 15.38 15.49 15.41 15.77 16.56 16.29 15.50 15.71 15.17 10.93 15.60 15.81 21.39 19.10 16.36 12.92 10.49 11.19 10.75 7.54 10.56 8.60 10.59 9.82 9.60 8.98 7.65 6.01 3.95 1.35 0.14 1.04 2.13 3.32 3.97 4.34 4.87 5.79 7.31 7.60 9.78 9.62 10.85 7.08 5.84 7.81 6.79 6.72 8.08 8.93 8.79 8.67 9.09 9.21 8.57 7.87 7.53 7.76 8.07 8.21 8.01 7.71 10.71 10.06 6.99 6.96 6.99 6.68
17.25 16.25 17.08 17.67 16.55 15.57 16.78 19.27 20.20 21.41 17.77 17.55 15.87 15.60 16.48 16.10 16.30 18.29 18.45 17.54 17.41 17.19 14.53 12.11 15.65 18.21 17.33 15.07 14.80 12.34 9.38 11.29 11.19 7.45 11.27 10.70 10.32 9.69 11.71 11.30 10.88 10.13 8.49 5.08 1.36 0.88 1.70 2.15 3.87 4.66 4.92 5.44 6.60 8.26 8.89 10.87 10.56 8.12 7.25 8.32 7.06 6.11 7.53 8.75 8.40 7.72 8.00 8.82 8.77 8.35 7.85 7.45 7.44 7.91 8.18 8.08 7.83 7.50 7.19 6.92 6.74 6.67
19.03 16.51 16.75 16.71 15.98 14.84 17.59 21.62 19.76 18.87 18.41 15.88 15.46 16.17 17.44 17.39 17.61 19.06 18.89 18.80 16.14 14.84 13.43 13.98 15.84 15.76 14.33 14.43 15.85 12.69 8.93 11.93 11.42 8.39 7.85 9.75 6.13 5.39 7.49 9.66 10.02 9.99 11.43 10.40 7.78 4.64 2.40 1.64 2.19 3.70 4.48 5.07 5.87 7.04 8.52 9.18 9.19 8.05 7.90 8.38 7.45 6.51 7.25 8.23 8.47 7.46 6.14 7.02 8.29 8.32 8.04 7.47 6.90 7.07 7.44 7.50 7.32 7.00 6.72 6.49 6.24 6.07
20.16 17.60 15.81 16.26 15.50 15.49 20.46 21.52 19.87 16.67 14.07 14.01 15.23 15.65 17.14 17.58 17.76 18.93 20.44 16.64 15.52 13.37 12.62 14.26 15.77 14.91 15.44 16.98 17.16 12.11 9.38 11.53 11.47 8.27 6.51 9.19 4.16 4.18 7.32 7.58 8.45 8.26 10.67 12.68 12.76 11.68 8.28 3.63 0.72 1.26 2.62 4.35 5.65 6.48 7.54 8.24 8.46 8.23 8.01 7.99 7.71 7.40 7.72 8.29 9.03 8.58 6.12 5.99 7.77 8.13 8.02 7.83 7.15 6.87 7.04 7.10 6.89 6.66 6.52 6.33 6.01 7.65
19.77 17.57 15.83 15.56 15.04 17.51 23.10 20.33 16.67 12.83 12.37 15.14 16.05 15.05 15.76 16.77 17.31 22.13 17.60 14.34 14.49 12.46 12.26 15.56 15.88 14.69 16.60 18.40 15.83 11.10 10.82 13.52 14.03 11.49 11.81 10.89 4.50 4.85 8.49 6.35 7.01 7.75 7.99 11.14 12.74 13.50 13.31 10.25 4.12 0.85 0.49 2.05 4.27 6.06 7.24 7.66 7.98 8.31 8.22 7.91 7.61 7.47 7.75 8.23 8.89 9.10 7.87 7.02 7.73 8.08 7.87 7.83 7.44 7.05 7.13 7.13 6.87 6.66 6.52 8.68 5.91 5.45
19.80 17.24 15.07 15.28 16.68 23.16 21.48 18.28 13.40 11.90 15.34 16.72 15.26 13.79 18.18 17.48 19.75 22.73 22.09 16.74 15.86 12.52 16.43 17.27 16.51 15.58 16.93 19.36 13.97 11.56 14.10 15.48 15.15 12.93 8.49 11.71 6.00 6.45 7.93 5.72 6.73 8.11 7.59 8.21 9.73 10.73 13.26 11.26 10.51 6.71 3.54 1.63 3.86 4.73 6.79 7.47 7.77 8.13 8.22 8.08 7.76 7.54 7.69 8.00 8.22 8.20 7.70 7.24 7.37 7.59 7.56 7.55 7.29 7.08 7.15 7.06 9.14 9.22 8.84 8.75 5.96 5.67
19.81 16.42 14.65 16.98 20.17 23.38 20.08 14.56 12.31 14.19 16.84 15.42 15.56 14.06 16.05 19.04 25.54 26.25 22.05 18.01 15.96 16.35 17.95 17.98 15.31 16.74 18.66 18.37 13.34 13.73 17.06 16.34 13.87 11.67 8.01 10.44 9.28 7.38 7.15 5.27 5.85 6.62 6.15 6.62 5.75 4.88 6.27 8.37 10.05 10.62 8.89 6.24 4.61 5.03 6.34 7.04 7.38 7.68 7.80 7.92 7.90 7.81 7.89 8.05 8.08 7.93 9.31 7.07 7.00 6.95 7.07 7.33 7.05 6.87 9.07 11.17 10.62 10.53 8.96 8.44 5.83 5.61
18.80 15.17 15.22 19.50 21.90 20.91 15.89 12.24 14.07 16.29 14.81 14.85 15.33 17.52 20.88 27.15 33.30 25.63 20.91 18.07 16.39 16.58 17.03 14.52 16.16 17.63 19.21 16.37 15.35 17.70 18.43 15.59 13.55 11.81 9.22 10.23 10.33 7.91 6.02 5.36 4.89 5.75 5.79 4.50 4.96 4.35 4.50 4.22 5.64 7.21 7.98 8.17 8.37 6.62 6.53 6.80 7.13 7.35 7.46 7.67 7.85 7.95 8.00 7.96 10.19 8.03 7.89 7.62 7.32 6.89 6.73 7.04 9.14 9.18 11.03 10.50 8.96 10.46 9.88 9.21 9.08 8.30
17.08 14.77 16.66 20.41 19.47 17.74 13.95 12.31 13.90 14.75 15.78 18.10 20.85 25.77 28.53 31.36 25.50 23.82 18.67 16.49 16.77 13.93 15.14 17.17 17.58 18.15 17.95 17.60 18.32 18.73 16.69 14.15 13.81 12.08 10.27 9.49 10.03 8.19 6.13 5.44 5.51 5.52 5.29 4.18 4.28 3.04 3.37 4.07 4.47 5.20 5.56 5.84 5.98 6.11 6.36 6.60 7.99 8.52 8.60 8.78 9.09 9.35 9.53 9.57 7.73 7.76 7.94 7.95 7.65 7.12 8.65 9.35 10.65 10.72 9.16 10.60 10.16 9.45 7.65 7.29 8.25 6.91
16.13 15.61 17.73 19.04 16.90 15.75 13.37 12.61 14.54 16.61 19.90 26.02 27.99 29.47 34.04 30.68 27.57 21.62 19.23 16.60 17.37 15.13 14.59 16.54 17.83 17.95 18.68 19.01 19.42 18.28 15.34 14.23 15.44 12.79 10.52 8.87 8.11 8.04 6.25 5.58 5.09 5.66 4.26 3.40 3.41 2.86 3.34 4.18 4.34 5.06 5.17 4.99 4.97 4.74 5.53 5.85 4.43 6.47 8.66 11.03 8.82 8.99 9.07 9.02 9.28 7.63 7.80 9.39 9.67 9.62 10.97 10.66 10.83 8.98 10.72 9.75 9.13 8.90 8.62 7.17 8.04 7.67
15.26 15.48 16.88 16.93 15.27 14.26 12.92 13.82 17.66 24.66 27.82 28.85 29.37 33.83 35.10 26.96 25.16 20.53 16.55 13.24 13.95 14.45 14.04 14.56 17.48 17.77 17.95 19.74 19.78 18.13 16.31 16.68 17.08 12.25 10.84 8.79 7.74 7.26 6.34 5.73 4.98 5.57 5.06 3.31 3.44 3.13 2.52 2.53 3.68 4.45 4.64 4.84 4.83 4.68 4.87 5.18 0.71 5.76 6.58 7.16 6.38 6.78 11.67 11.41 11.26 9.05 9.23 9.72 8.59 11.60 10.41 10.42 10.80 10.78 10.02 8.87 8.56 6.93 8.40 7.92 7.46 4.58
14.93 15.33 16.29 16.31 15.20 14.58 15.35 19.62 27.96 30.66 32.74 32.86 35.00 37.83 31.99 28.16 22.44 17.04 14.71 12.67 15.77 15.43 13.62 14.52 16.31 16.37 17.53 19.91 18.84 17.64 17.54 16.50 15.07 12.41 10.49 8.81 8.42 7.24 6.54 6.49 5.11 5.66 4.73 3.49 2.73 3.11 2.41 4.26 3.77 3.58 4.12 4.24 4.19 4.25 4.39 4.65 4.99 3.79 5.31 6.04 5.55 4.19 6.26 7.36 8.56 9.17 8.35 7.60 6.86 7.30 8.80 7.19 8.15 8.20 7.29 8.26 6.91 7.24 8.88 7.70 7.03 7.09
15.07 15.54 16.51 17.02 17.38 19.06 22.51 30.03 32.12 33.06 31.00 32.55 34.42 32.44 28.82 23.73 18.69 14.38 15.86 12.11 15.90 15.40 14.86 14.06 15.21 16.07 17.38 18.76 19.39 19.17 18.96 15.67 13.71 11.80 10.08 9.11 8.26 7.68 7.00 7.24 5.90 4.97 4.87 4.89 3.53 3.05 2.07 1.57 3.59 2.65 3.36 4.26 4.23 4.15 0.89 4.29 4.52 4.78 4.90 6.71 5.00 5.29 5.56 6.19 6.72 8.19 8.05 8.07 5.85 6.20 8.60 8.57 7.99 7.46 6.81 8.71 9.14 7.68 7.40 6.72 5.70 6.52
14.23 14.92 16.62 18.68 24.53 27.38 30.32 34.25 33.13 31.71 30.86 31.48 29.89 27.70 25.19 21.52 16.23 12.19 15.96 15.11 16.55 17.97 18.99 17.55 14.67 16.46 17.93 19.63 21.64 21.21 19.37 15.71 13.19 11.06 10.14 9.19 9.05 8.12 7.98 8.60 6.68 5.17 6.08 4.00 6.56 5.71 4.89 4.28 3.55 2.45 2.65 3.53 4.14 3.87 4.03 4.05 4.20 4.42 4.53 4.50 8.22 4.86 6.30 5.90 6.17 6.81 5.75 7.60 8.82 9.36 8.65 6.60 8.95 8.23 8.02 9.52 7.64 7.48 8.94 8.13 5.02 5.96
14.26 15.79 19.04 25.58 28.88 30.56 33.62 33.23 32.05 30.89 29.50 28.55 26.26 24.80 24.38 20.68 15.65 12.31 16.51 13.34 16.97 18.66 18.92 16.98 13.93 16.46 18.35 20.91 22.21 19.68 17.46 14.82 11.74 10.16 9.81 9.64 10.55 9.34 8.41 10.28 7.00 5.66 6.37 8.24 7.15 4.10 1.29 0.70 1.96 2.04 1.72 3.19 2.79 3.95 1.20 3.87 3.99 4.19 4.34 8.88 4.31 5.71 5.54 4.70 5.57 6.68 6.43 5.31 5.50 9.23 8.46 8.55 8.44 7.64 6.51 4.91 4.73 4.49 4.24 4.13 3.86 3.60
15.82 17.95 21.91 28.30 30.59 30.10 28.79 28.11 27.26 27.52 24.99 26.72 26.02 25.77 23.95 19.98 15.86 15.49 15.73 16.33 18.10 16.37 18.04 12.83 13.37 16.41 18.35 22.37 21.64 17.89 15.71 13.19 10.90 9.91 10.27 10.93 11.09 9.78 9.59 10.49 8.34 8.49 9.42 9.81 8.46 7.25 6.12 1.88 4.26 0.19 1.64 4.26 4.04 3.94 3.90 2.95 3.89 4.02 4.27 4.24 6.49 5.21 4.37 6.23 4.03 4.79 4.80 4.72 5.10 7.06 8.80 8.77 6.58 6.43 7.95 5.68 5.07 6.31 3.94 3.83 6.78 6.83
16.43 18.23 22.58 28.73 28.43 25.47 24.90 24.76 24.77 25.70 23.22 22.41 22.67 24.68 22.92 19.37 15.33 15.28 13.99 18.46 17.46 15.39 13.34 13.14 13.92 16.85 19.87 23.56 20.22 16.92 16.69 13.86 12.00 11.39 11.03 12.46 12.58 10.85 10.44 11.14 11.42 12.52 6.89 9.80 8.79 7.45 6.38 5.51 4.83 3.88 3.20 4.49 4.30 4.17 4.03 3.89 2.49 3.79 3.92 2.30 7.26 3.85 3.87 7.38 6.28 6.73 6.80 4.20 4.51 4.83 7.05 8.21 8.11 5.83 8.00 7.92 7.33 3.90 8.03 3.57 3.45 3.26
16.11 18.41 24.04 29.42 27.43 23.98 22.91 23.40 24.01 24.45 23.04 22.63 21.49 23.75 23.06 19.37 15.04 15.14 14.46 18.42 18.42 14.69 15.80 14.41 16.26 17.65 23.22 24.29 19.50 17.66 19.48 15.63 13.60 12.00 11.70 14.24 12.87 11.28 10.92 12.54 12.84 11.15 9.21 9.64 8.80 7.49 2.84 2.06 5.23 4.50 5.31 4.89 4.64 2.07 4.35 4.09 3.84 3.66 3.65 3.82 1.91 3.80 3.69 3.65 3.72 7.47 7.17 6.32 3.98 4.27 4.31 6.40 6.87 6.64 6.93 7.48 8.01 3.65 8.34 8.18 6.97 7.57
16.32 19.81 25.78 27.55 27.14 23.09 21.99 23.25 23.88 23.18 22.90 22.91 23.58 19.84 23.80 18.76 14.41 15.00 15.21 18.47 14.22 15.25 17.25 16.58 16.85 19.21 25.11 22.58 18.00 19.04 20.40 16.89 18.64 16.56 12.66 13.75 13.10 11.62 11.53 13.84 12.30 10.11 9.60 6.84 9.16 8.37 6.90 2.77 5.29 4.55 4.32 5.41 3.11 1.42 2.05 4.37 4.09 3.85 3.69 3.67 3.83 2.44 3.82 3.71 3.66 3.61 3.55 7.48 6.65 3.77 3.89 6.18 6.67 7.20 7.33 6.92 6.93 7.44 7.81 7.72 3.05 2.90
