examples/cougarCreek-fire/createInputs/WindNinja/wrfout_d3.2015081212.f13/cougarCreekFire_08-13-2015_0100_217m_non_neutral_stability_vel.asc
ncols	146
nrows	140
xllcorner	610065.000000
yllcorner	5095217.000000
cellsize	216.586807
NODATA_value	-9999.000000
[rows 72 to 107 of 140, columns 0 to 81 of 146]
18.03 22.21 26.81 27.43 26.62 22.59 22.09 23.52 23.69 22.36 22.96 22.92 23.09 25.76 24.09 16.85 13.55 14.95 16.44 18.27 17.80 17.81 18.40 17.69 17.96 21.41 25.79 20.72 18.07 20.41 20.40 16.55 13.51 12.07 15.37 14.99 12.75 13.94 12.17 13.95 11.97 9.62 10.81 11.60 7.31 8.99 7.61 2.94 5.83 6.97 4.81 5.98 1.27 1.65 4.97 4.66 4.43 4.20 3.92 3.69 3.65 3.81 3.85 3.99 4.90 3.70 7.38 3.49 3.45 5.44 3.51 6.08 7.37 7.66 7.28 7.07 5.19 6.24 5.35 6.79 7.50 6.85
20.93 24.02 26.83 27.03 25.66 22.74 22.24 23.46 22.33 21.45 22.39 22.67 23.58 25.39 21.23 14.86 13.29 15.19 17.81 18.34 18.11 19.03 19.97 18.55 19.66 25.43 24.39 20.19 22.07 21.61 18.77 15.52 12.81 14.50 17.70 16.20 15.57 11.54 12.76 14.74 12.79 10.19 11.37 12.63 7.60 9.31 4.63 7.40 6.39 7.50 4.87 6.55 0.80 5.73 1.08 5.04 4.75 4.48 4.19 3.92 3.71 3.63 1.42 4.14 4.56 4.68 3.78 6.23 7.10 7.50 7.72 7.58 7.59 7.29 6.82 6.32 4.84 5.08 4.92 4.97 7.53 6.37
23.07 24.32 25.66 26.26 24.92 22.53 21.95 22.06 20.63 20.08 21.24 22.35 23.74 21.79 20.12 14.25 13.40 15.52 18.50 19.12 19.26 20.60 21.13 20.19 21.84 26.44 22.81 23.10 23.12 20.87 17.06 14.49 13.09 17.60 19.32 16.47 16.22 11.85 13.26 16.25 14.36 10.71 10.20 11.56 11.00 9.50 8.55 7.85 6.95 6.49 7.59 1.27 0.90 6.20 5.86 1.02 5.32 5.01 4.65 4.36 4.05 3.75 3.61 3.04 4.22 4.08 4.49 4.52 4.08 3.58 4.23 4.74 4.44 2.71 4.89 4.45 4.16 4.24 4.25 4.00 4.69 5.46
23.71 24.14 25.29 25.50 23.68 22.11 21.75 21.09 19.35 19.50 21.60 23.46 21.59 20.14 20.07 15.38 14.44 17.22 20.06 17.41 20.74 21.97 21.92 21.84 25.48 25.74 22.70 22.91 22.01 19.99 16.37 14.75 17.19 20.01 19.59 16.38 16.17 12.30 13.43 15.79 14.97 11.11 10.01 11.48 11.55 8.26 10.94 5.21 9.31 6.75 8.13 7.74 1.43 6.70 6.36 2.46 0.32 5.46 5.02 4.71 4.39 4.09 3.87 1.68 3.29 2.64 3.66 2.49 2.62 3.55 2.66 2.51 4.00 2.75 2.05 3.43 3.57 3.36 3.63 3.69 3.74 5.15
23.83 24.47 25.50 24.01 22.12 21.27 21.83 21.13 19.07 20.76 21.77 24.44 24.08 20.04 21.18 16.32 15.64 18.74 19.97 20.90 21.77 22.71 22.98 24.19 25.59 23.52 23.03 22.73 20.14 19.46 17.36 15.84 19.25 21.00 17.85 18.39 15.65 12.85 14.73 15.65 14.69 11.54 10.07 10.70 12.02 11.70 5.74 10.79 9.68 7.14 8.66 8.25 7.73 7.25 6.91 4.47 0.67 5.80 5.42 5.18 4.90 4.61 4.27 3.95 1.46 2.28 2.67 2.70 2.05 2.45 3.08 1.46 1.15 3.20 2.26 4.21 2.93 2.78 2.83 3.44 4.32 4.87
24.02 24.77 25.20 22.56 21.32 21.88 22.88 21.17 20.57 22.96 24.26 28.52 25.17 23.67 21.39 16.28 16.07 18.94 20.41 21.15 22.28 23.42 24.86 26.11 23.10 22.72 23.10 22.06 20.07 20.20 19.06 16.87 20.82 20.39 18.44 18.03 17.50 13.13 14.98 16.10 15.33 13.33 12.08 11.94 12.68 12.68 9.35 11.15 10.10 7.63 9.27 8.86 8.26 7.84 7.46 5.11 1.16 6.33 6.04 5.84 0.61 5.14 4.77 4.38 2.11 1.52 1.84 2.02 1.98 1.52 2.20 2.40 3.46 3.34 1.96 1.78 1.68 3.54 2.68 2.40 2.62 2.76
24.09 24.66 24.76 21.94 21.47 22.63 23.19 20.85 21.94 24.41 26.74 24.69 24.30 23.24 20.29 15.65 16.15 19.19 20.68 21.45 23.28 25.32 27.18 24.75 20.22 21.44 21.78 21.35 20.37 21.09 22.03 18.34 19.79 18.45 18.94 19.10 16.94 13.82 15.39 18.44 14.97 13.58 12.93 12.40 12.82 12.59 11.31 7.73 10.60 8.15 8.15 9.49 8.79 8.29 7.93 7.77 1.68 1.51 1.14 6.43 5.98 5.63 5.29 4.90 4.55 1.55 1.45 1.55 1.49 3.28 3.07 2.89 2.87 3.05 2.39 2.32 4.41 3.24 3.63 1.59 2.31 2.78
23.97 24.46 24.60 21.97 21.21 22.72 22.88 21.28 22.50 24.36 25.20 22.17 20.49 22.54 18.58 15.22 17.01 20.19 21.24 22.33 25.33 27.61 27.26 26.53 22.82 20.09 20.79 21.29 20.73 21.67 23.03 19.07 17.51 17.82 18.26 18.74 16.55 13.61 17.64 18.74 15.48 13.75 13.09 12.79 12.98 12.26 11.43 10.65 6.03 11.04 8.68 10.09 9.18 8.58 8.50 8.80 8.31 1.93 3.57 6.87 6.52 6.17 5.85 5.51 5.07 3.80 1.28 1.37 1.44 3.82 3.64 3.54 3.40 0.59 2.59 3.37 2.88 2.85 2.64 0.84 1.52 3.16
23.73 24.29 24.63 21.43 20.99 22.40 22.98 22.34 23.08 24.10 23.64 21.25 23.15 22.69 17.58 16.06 19.05 21.34 22.32 24.75 27.82 29.22 25.88 24.81 16.94 18.98 19.74 21.30 22.01 21.78 22.30 18.70 16.55 19.48 18.72 19.18 17.09 14.43 18.58 17.05 15.42 14.15 13.27 13.13 12.89 12.14 11.69 12.64 12.51 11.92 11.26 10.57 9.35 9.01 9.46 9.57 9.06 2.60 6.99 7.41 7.21 6.87 6.58 0.82 5.67 5.42 0.99 1.45 0.68 1.49 1.02 0.69 4.09 3.93 0.41 2.19 3.59 3.72 3.14 1.26 1.36 3.18
23.53 24.19 24.65 21.03 22.06 22.59 23.30 23.69 23.21 23.04 21.65 22.17 24.46 22.62 17.62 17.87 20.83 22.59 24.65 27.34 29.24 26.90 27.42 22.98 17.41 17.75 19.55 21.87 22.72 19.24 21.28 19.81 19.44 19.60 18.88 16.28 14.31 15.45 19.48 19.08 17.06 16.30 14.36 13.54 12.72 12.39 12.29 12.79 14.57 12.92 11.89 10.80 9.63 10.13 10.98 8.13 4.52 8.66 8.33 6.76 7.98 7.64 7.33 6.88 4.22 6.10 5.49 0.97 0.63 1.75 0.75 1.33 1.08 4.72 4.66 4.52 4.40 4.58 4.16 2.37 3.36 3.87
23.38 24.10 24.47 20.74 22.30 22.91 23.36 24.23 22.69 20.84 20.01 22.14 24.98 22.16 18.65 19.71 22.10 24.40 26.72 28.26 28.93 24.74 25.27 21.30 16.74 16.59 20.14 23.19 21.93 18.65 20.56 22.06 21.48 18.40 17.74 15.19 14.06 18.06 18.62 18.61 17.12 17.09 15.63 14.25 12.89 12.45 12.74 13.55 16.90 11.75 12.32 10.94 10.61 11.98 9.98 8.49 8.42 4.02 7.78 8.98 4.45 8.38 8.02 7.50 6.99 6.75 6.68 3.43 1.77 2.81 2.64 2.33 4.64 1.69 5.52 2.01 3.02 5.35 5.43 3.63 3.01 4.74
23.37 24.01 24.11 22.98 22.67 22.95 23.28 24.53 22.20 19.69 20.96 23.40 23.95 22.01 17.55 21.33 23.79 25.93 27.12 27.43 27.66 25.29 23.26 20.55 16.21 19.53 21.56 23.73 22.37 20.47 21.97 23.76 21.31 18.69 17.04 15.20 16.32 18.67 17.85 18.11 17.95 16.47 17.63 14.62 15.60 14.89 14.14 16.86 15.50 12.89 10.49 11.63 12.48 12.30 7.87 8.29 10.05 8.52 7.77 9.68 8.85 5.33 3.27 8.18 7.86 7.48 7.38 6.16 2.99 3.17 2.49 2.06 5.64 5.96 3.20 3.05 3.13 4.84 5.05 3.92 3.77 5.62
23.45 23.85 23.74 23.12 23.08 23.09 23.52 24.41 21.71 20.79 22.17 25.21 22.44 22.26 21.15 23.33 27.35 26.62 27.48 27.47 26.51 26.07 21.79 20.06 19.37 19.69 21.98 23.68 23.51 21.08 21.05 21.32 21.78 19.48 16.30 17.67 19.30 19.48 17.55 18.49 20.14 20.36 18.01 16.42 15.88 15.44 14.81 14.89 15.88 14.58 11.44 13.13 13.70 11.29 9.31 10.61 10.71 10.83 9.14 10.20 9.74 8.13 7.66 6.82 4.01 3.10 6.57 7.31 6.02 3.97 2.90 4.03 3.94 6.77 5.19 3.96 3.40 4.10 5.00 6.66 6.33 6.41
23.45 23.67 23.54 23.44 23.52 23.31 23.61 23.50 21.73 22.66 23.89 28.08 22.32 20.02 22.81 25.06 26.31 26.87 26.85 26.26 25.38 24.17 20.47 19.24 18.90 19.79 22.23 23.48 23.49 23.44 18.50 19.68 20.68 19.67 17.37 18.94 19.86 18.66 19.03 20.41 23.17 21.52 16.86 15.77 16.35 16.11 15.48 15.30 15.53 15.32 14.72 14.49 14.25 12.66 11.57 11.54 11.57 11.51 11.26 11.04 10.91 8.75 9.70 8.91 5.78 4.85 5.88 8.75 8.03 6.29 5.30 4.95 4.76 5.08 5.75 5.21 4.94 4.86 7.84 7.47 7.03 7.02
23.40 23.49 23.45 23.76 23.79 23.26 23.36 23.43 22.35 22.61 25.40 25.09 25.55 21.37 24.00 25.47 25.91 25.84 24.83 25.58 26.42 22.31 19.44 14.66 18.94 20.58 21.77 23.29 23.11 19.36 17.50 21.95 19.60 20.86 18.23 20.31 19.32 18.81 20.45 22.91 22.25 19.67 14.78 15.20 16.68 16.65 16.00 15.88 16.22 16.14 15.60 15.02 14.04 12.81 12.42 12.62 12.60 12.15 11.97 11.85 11.42 10.80 10.54 10.65 7.04 6.25 6.99 8.22 8.56 8.46 8.78 5.53 5.12 5.55 6.13 8.60 6.46 8.51 8.70 8.48 7.90 3.57
23.20 23.37 23.82 24.26 23.95 23.39 23.49 23.47 23.15 23.54 26.24 24.97 25.45 21.38 23.10 24.89 26.31 24.28 24.14 24.60 24.65 20.56 18.67 18.55 17.34 20.02 21.43 23.28 22.96 20.65 21.27 23.22 22.97 22.18 21.05 20.87 20.76 20.44 21.57 22.89 22.40 17.51 14.31 15.23 17.05 17.49 16.87 16.73 16.68 16.45 15.96 15.32 14.35 13.50 13.38 13.62 13.39 12.68 12.62 12.53 12.01 11.60 11.46 11.43 9.14 7.75 8.43 8.89 9.06 10.24 10.26 8.30 6.94 6.72 5.95 6.12 5.72 6.42 7.44 5.60 8.85 4.78
23.03 23.66 24.52 24.39 23.92 23.74 23.06 23.76 23.81 24.33 26.67 25.26 25.39 20.29 22.17 24.52 26.09 22.74 23.83 26.23 22.37 19.22 18.19 17.89 18.08 19.47 21.32 22.98 23.10 22.49 23.89 23.83 20.89 22.78 20.98 19.32 20.93 20.42 20.37 21.50 20.21 17.19 15.48 15.99 17.86 18.59 17.65 16.88 16.67 16.74 16.42 15.96 10.39 14.37 14.24 14.35 13.98 13.36 13.34 13.23 12.80 12.53 12.37 12.23 9.09 8.39 9.49 8.99 9.04 9.11 11.00 9.64 8.27 6.90 10.37 10.21 10.41 10.54 10.42 6.69 9.69 9.23
23.14 23.97 24.61 23.90 23.65 23.62 22.61 23.84 23.92 24.45 26.68 25.53 25.46 23.10 21.61 24.76 25.57 23.58 23.56 24.50 20.75 18.60 17.90 16.58 18.66 20.24 22.62 24.22 23.94 23.35 23.60 23.60 21.67 22.85 21.12 20.61 20.81 20.20 20.33 20.32 19.38 18.58 17.72 17.35 18.73 19.03 17.51 16.68 16.98 17.33 17.09 16.82 11.36 10.52 14.99 14.99 14.74 14.34 14.19 14.03 13.74 13.46 13.27 9.98 10.55 8.63 8.77 9.51 9.17 9.01 9.33 10.16 10.77 10.06 8.25 7.33 7.39 11.45 11.33 10.96 10.29 9.99
23.30 24.00 24.35 23.74 23.61 23.60 23.69 23.96 23.87 24.49 26.82 26.45 25.43 22.91 21.21 25.19 25.13 22.33 21.82 23.29 20.31 18.46 17.96 18.29 19.61 22.01 24.28 24.92 23.33 23.76 24.79 23.48 22.26 23.36 21.69 20.32 20.27 20.14 19.85 19.89 19.99 20.24 19.55 18.57 19.16 18.85 17.56 17.47 17.79 17.92 17.89 17.67 16.98 11.47 15.82 15.71 15.64 15.35 15.01 14.86 14.70 10.95 14.27 11.34 10.93 10.16 9.20 9.63 9.26 8.96 8.73 9.82 11.91 12.37 11.39 9.42 9.19 9.10 8.50 11.79 11.03 10.90
23.17 23.93 24.34 23.95 23.94 23.95 23.95 24.07 24.14 24.87 28.04 25.27 24.35 18.20 21.14 24.33 23.82 24.91 24.08 22.50 19.94 18.35 16.93 19.20 20.96 23.84 25.99 24.50 24.10 24.71 24.00 22.56 21.10 22.44 20.43 19.07 19.60 19.80 19.46 20.25 21.11 20.80 19.97 19.43 18.26 18.87 18.41 18.63 18.51 18.58 18.86 18.58 17.85 12.14 16.76 16.50 16.50 16.24 15.80 15.70 15.63 11.79 11.91 11.22 11.76 14.29 10.94 10.26 10.31 9.30 12.73 8.48 12.64 13.37 13.58 11.27 10.23 12.94 10.33 9.23 8.38 8.73
22.78 23.88 24.63 24.20 24.16 23.79 23.43 23.83 24.04 24.70 26.60 23.73 19.92 19.91 21.41 22.84 22.73 20.94 23.54 22.10 19.81 18.83 19.55 20.32 22.31 24.77 23.62 23.93 25.24 25.49 22.18 23.58 21.65 20.05 18.88 18.67 19.22 19.21 21.32 23.95 22.12 20.75 23.10 20.81 20.04 19.23 19.36 19.34 19.22 19.49 19.82 19.44 18.82 12.91 12.33 17.33 17.34 17.09 16.65 16.59 16.53 16.42 12.47 11.69 12.10 15.06 15.17 12.09 10.89 10.28 13.43 9.35 13.53 14.35 12.76 11.20 10.67 10.42 10.33 10.00 9.37 9.07
22.20 23.97 25.22 24.23 23.83 23.06 22.62 23.23 23.52 24.14 25.13 23.04 22.93 21.08 23.68 21.91 22.56 22.03 23.41 22.06 20.37 19.94 20.44 21.16 22.85 26.10 24.05 24.36 24.39 23.24 20.91 21.59 19.92 19.28 19.16 20.28 18.99 18.62 20.06 22.85 23.05 21.12 21.21 21.98 20.25 19.38 19.89 19.70 19.88 20.20 20.27 19.91 19.52 13.79 13.03 12.97 17.88 13.10 17.31 17.18 17.11 17.10 12.65 11.82 11.58 15.63 15.82 13.08 11.84 10.80 10.28 10.47 14.18 14.94 12.66 11.61 10.88 14.47 9.79 9.87 13.39 12.88
22.21 24.41 25.60 19.95 22.91 22.37 22.00 22.70 23.44 24.05 24.50 24.19 22.18 23.72 23.92 23.49 22.03 22.16 23.33 22.29 20.94 20.33 20.61 21.57 22.59 26.59 25.10 23.33 21.17 20.96 20.36 17.91 18.45 20.48 20.94 19.57 19.51 19.45 21.93 25.17 24.23 22.11 22.11 21.80 19.88 19.60 20.27 20.15 20.41 20.59 20.56 20.43 20.04 19.61 13.62 13.29 13.03 12.82 13.11 17.69 17.60 17.59 13.14 12.61 16.44 11.49 12.82 16.04 12.30 11.41 10.45 10.86 14.81 15.32 12.90 13.30 13.78 11.94 10.96 10.82 9.94 9.38
23.17 24.77 25.04 23.03 22.34 21.96 21.62 22.58 23.73 24.36 24.56 24.29 24.22 21.71 24.07 21.26 21.22 22.47 20.64 22.40 20.60 19.83 20.16 20.76 22.96 25.45 24.62 21.34 22.33 21.28 21.51 19.36 20.57 21.71 20.03 20.21 20.81 21.62 24.61 28.99 24.39 22.22 21.71 20.76 19.88 20.14 20.68 20.58 20.70 20.90 20.99 20.88 20.39 20.03 14.63 15.83 14.75 13.66 13.07 13.16 18.04 18.03 12.88 12.96 17.33 13.22 12.35 11.83 11.90 11.56 11.23 10.76 13.49 13.37 13.13 14.84 15.00 15.49 12.06 11.02 10.36 10.30
24.09 24.35 23.83 22.61 21.79 21.39 21.64 22.79 23.81 24.44 24.44 24.21 24.42 22.38 21.48 20.65 21.70 23.44 20.78 21.85 19.83 19.88 20.25 21.82 24.75 27.39 22.82 20.20 20.72 23.74 21.97 21.75 20.90 20.79 20.93 21.44 22.01 22.97 28.11 25.94 23.43 21.64 21.06 20.22 20.09 20.77 21.17 21.02 21.12 21.35 21.35 21.18 20.88 20.56 20.33 20.22 19.95 19.54 19.16 18.83 13.25 13.69 13.15 13.12 12.97 13.49 16.97 12.47 11.84 11.96 11.73 11.51 11.61 11.72 12.38 13.61 15.22 15.73 15.17 15.87 11.07 10.62
25.17 24.24 22.99 22.20 21.14 20.83 22.11 22.78 23.31 24.10 24.07 24.16 24.61 22.95 24.18 23.37 22.30 22.64 20.02 20.95 19.70 20.50 22.09 24.39 26.09 23.56 21.02 21.44 22.07 22.45 22.41 21.96 21.92 22.15 22.32 22.40 22.68 23.34 24.54 25.11 23.43 21.89 21.12 20.13 20.28 21.30 21.63 21.53 21.64 21.65 21.58 21.72 21.61 21.12 21.05 21.26 21.04 20.41 19.89 19.59 19.28 13.75 13.99 13.72 13.37 18.00 17.44 17.11 16.92 16.73 16.56 16.49 16.36 12.05 11.84 12.97 15.41 15.76 16.38 13.59 15.76 11.20
25.65 24.03 22.07 21.73 20.65 21.29 22.87 22.68 23.12 24.14 23.86 24.22 24.83 22.41 24.31 23.78 21.92 21.34 19.12 20.53 20.93 22.87 24.88 25.93 25.65 21.55 21.14 22.81 23.02 23.06 22.88 24.10 22.72 22.89 24.68 24.16 25.41 25.75 26.89 26.88 24.10 22.85 21.48 20.19 20.51 21.54 21.84 21.86 21.78 21.75 22.17 22.62 22.15 21.60 21.98 22.30 21.93 21.16 20.61 20.34 19.93 19.59 19.37 19.11 14.50 18.57 18.04 17.74 17.57 17.44 17.27 17.12 16.95 12.27 12.12 12.06 13.71 15.87 16.53 15.79 16.41 15.91
24.37 23.64 22.14 20.70 20.56 22.34 23.02 22.81 23.68 23.93 23.42 24.47 25.25 24.94 24.78 24.16 23.50 22.95 21.69 21.59 23.00 24.95 25.77 24.88 21.92 21.57 23.26 23.66 22.08 22.52 22.66 22.51 22.68 25.28 24.53 24.49 24.49 23.89 24.33 27.27 25.73 24.24 21.45 20.04 20.35 21.43 22.02 21.95 21.69 22.45 23.54 23.27 22.18 22.23 23.07 23.17 22.57 21.76 21.29 21.05 20.55 20.04 19.80 19.69 19.66 19.28 18.77 18.53 18.31 18.18 13.97 13.49 13.27 16.96 12.40 12.11 12.74 16.33 16.66 17.28 14.31 13.28
23.48 24.19 22.12 18.91 20.91 22.99 22.45 23.23 23.72 22.90 23.25 25.28 25.77 22.33 24.72 23.48 22.87 22.62 22.17 22.80 23.78 24.37 24.08 21.06 22.74 23.38 23.89 24.11 20.65 22.20 24.15 22.90 23.42 23.92 24.47 23.23 23.09 20.24 20.22 24.87 29.10 25.10 20.67 19.68 20.09 21.57 22.22 21.87 22.19 23.99 24.69 23.23 22.34 23.36 24.25 23.88 23.08 22.33 21.93 21.64 21.02 20.45 20.28 20.38 20.46 20.01 19.43 19.32 19.13 15.02 14.24 13.67 13.46 13.20 13.42 16.73 16.77 12.94 16.97 17.52 15.45 14.07
23.81 23.78 20.73 18.75 21.69 22.84 22.46 23.77 23.35 22.06 23.66 25.40 25.04 24.46 23.65 22.64 22.70 22.68 22.48 22.86 22.70 22.27 21.69 23.04 23.32 24.22 23.91 21.46 19.94 22.11 22.98 26.08 25.40 24.58 23.24 22.18 21.09 21.38 23.99 29.92 30.42 23.18 19.34 19.46 20.41 22.05 22.15 21.85 23.20 24.88 24.80 23.53 23.36 24.69 25.22 22.00 20.80 20.53 22.43 22.08 21.54 21.06 20.91 20.97 17.49 16.12 16.36 19.91 19.87 19.44 15.30 15.06 14.58 14.62 18.08 17.78 13.86 12.87 13.52 15.41 14.46 13.52
23.17 22.41 21.20 20.33 21.56 22.83 23.18 23.55 22.36 21.79 23.64 24.48 23.98 23.70 23.08 22.97 23.17 22.93 19.39 22.34 18.97 20.52 21.17 23.23 24.64 24.67 24.23 21.74 22.37 22.97 24.22 24.89 24.79 24.13 23.21 23.03 24.89 27.37 29.92 30.42 26.74 19.90 18.28 18.72 24.02 22.03 25.13 25.72 23.69 24.97 25.21 24.89 24.65 25.56 21.23 19.87 18.28 18.35 20.19 22.59 22.18 21.69 21.41 21.33 21.32 20.91 20.28 20.36 20.49 20.09 19.63 19.14 18.95 18.89 14.93 18.03 17.74 17.67 13.31 14.04 17.74 17.37
22.24 21.98 22.17 21.52 21.11 23.33 23.88 22.62 21.49 21.77 23.54 24.07 24.18 23.82 23.27 23.83 23.80 23.45 22.91 21.47 20.27 20.95 22.84 25.10 25.29 24.60 24.07 22.32 23.82 24.34 25.62 24.82 24.34 24.18 24.00 23.68 24.96 26.01 26.38 25.30 21.65 19.60 18.80 19.89 24.26 24.68 25.24 22.44 28.08 29.57 26.01 25.71 25.45 26.14 23.91 21.82 20.53 20.44 23.32 23.38 22.90 22.20 21.82 21.73 21.85 21.52 20.91 21.01 21.10 20.58 19.83 19.26 19.31 19.30 15.25 17.93 13.63 13.81 13.86 14.71 14.51 14.10
21.26 21.18 21.43 21.57 21.20 22.80 24.01 21.71 20.52 22.23 23.70 24.42 24.65 23.58 24.17 24.71 24.14 23.65 22.73 18.20 20.84 22.45 24.50 25.93 24.33 24.30 24.26 22.56 24.60 25.11 23.56 23.59 23.98 24.21 24.64 22.80 22.93 24.26 24.95 24.80 24.19 21.94 22.00 24.02 24.84 21.43 22.44 23.46 28.59 29.66 30.10 28.45 26.17 27.08 26.81 23.50 21.66 23.46 23.99 24.36 21.60 20.51 22.32 22.36 22.51 22.15 21.67 21.74 17.28 17.36 16.45 15.78 19.52 16.03 15.49 18.00 17.95 14.05 14.00 14.64 14.68 14.61
19.41 19.69 20.71 21.91 21.44 21.87 23.71 21.82 20.40 22.82 24.04 25.17 24.39 23.46 25.05 24.96 23.93 23.51 22.51 18.13 21.35 23.27 25.42 25.56 23.57 24.12 24.97 21.74 24.60 24.60 22.86 24.10 24.20 24.24 24.34 21.92 22.32 22.39 23.45 26.90 26.46 23.94 24.09 24.87 21.76 26.41 23.51 24.15 28.75 29.17 25.38 25.32 26.58 28.27 28.57 24.36 23.64 24.00 24.84 25.26 22.82 21.38 20.78 20.18 18.79 18.74 18.37 18.55 17.47 16.92 16.33 15.88 15.94 19.64 18.88 18.25 18.12 18.06 17.90 18.25 14.68 14.99
18.50 19.22 21.34 22.77 22.54 23.07 24.29 22.47 20.79 22.27 24.65 25.23 23.13 23.91 25.12 24.30 23.81 23.23 22.29 20.94 20.78 23.03 25.35 22.96 23.91 24.58 25.15 21.90 23.97 24.24 24.02 24.27 23.73 23.87 23.24 21.57 23.83 23.06 24.65 26.75 23.56 23.37 24.53 21.91 26.42 27.39 27.96 28.16 24.99 29.30 25.40 25.10 26.14 29.44 31.04 26.04 23.86 24.79 25.66 26.15 23.56 21.33 18.92 19.25 19.21 19.35 19.10 17.83 17.89 17.10 16.09 15.53 15.45 15.84 19.10 18.65 15.26 15.15 18.48 18.89 18.93 18.48
19.42 19.97 21.84 23.62 23.82 24.32 24.58 23.43 21.67 22.38 24.75 23.95 22.63 24.22 24.37 24.01 24.04 22.85 22.03 20.93 20.71 22.94 25.34 24.54 24.40 24.99 24.62 22.84 24.82 24.69 25.45 23.34 22.69 23.26 22.60 23.42 22.06 24.63 25.96 24.42 23.64 24.42 25.47 26.18 26.96 27.79 24.44 25.00 29.63 30.80 29.95 29.73 30.21 34.21 32.37 27.12 23.40 25.31 26.48 25.34 23.27 20.33 19.49 20.32 23.84 21.01 19.35 18.71 18.71 17.85 17.06 16.24 15.54 15.45 15.75 19.23 19.17 18.87 18.90 15.32 15.38 18.62
