examples/cougarCreek-fire/createInputs/WindNinja/wrfout_d3.2015081212.f13/cougarCreekFire_08-13-2015_0100_217m_non_neutral_stability_ang.asc
ncols	146
nrows	140
xllcorner	610065.000000
yllcorner	5095217.000000
cellsize	216.586807
NODATA_value	-9999.000000
[rows 86 to 128 of 140, columns 0 to 94 of 146]
305 305 306 306 307 308 308 307 298 310 308 297 312 307 317 314 304 304 301 303 309 313 318 308 318 304 313 299 299 295 295 299 291 310 296 300 294 294 310 307 299 307 315 310 304 303 303 302 300 299 298 298 298 298 297 297 297 297 296 295 294 293 292 291 262 261 254 267 265 262 261 260 269 263 252 280 245 277 275 275 276 271 272 269 268 266 264 263 262 236 261 260 260 258 258
305 306 306 306 307 309 309 309 310 310 307 300 312 307 306 303 301 304 299 304 309 313 316 317 302 301 310 296 307 292 309 300 307 309 312 311 309 310 292 288 298 300 308 307 302 301 302 302 300 297 296 295 296 297 297 296 296 296 295 293 292 292 291 290 274 260 256 269 266 284 283 253 260 265 260 258 256 249 247 257 275 276 272 270 268 267 265 263 261 262 261 261 260 260 259
306 306 306 307 307 309 299 310 311 311 308 299 310 309 304 302 299 299 297 307 309 312 314 314 298 312 308 307 307 308 298 295 294 308 310 293 307 307 287 298 293 293 300 304 301 300 301 301 298 295 295 294 285 297 296 295 294 294 293 292 292 291 291 290 263 265 272 259 258 257 284 253 253 256 276 276 276 276 276 264 274 273 272 270 269 268 267 265 263 262 261 262 262 263 262
306 306 305 306 307 307 298 309 310 310 307 295 308 313 302 300 297 299 298 305 308 312 313 297 311 310 309 308 309 310 309 298 293 306 309 309 306 304 285 298 294 293 297 301 300 298 297 297 296 294 294 294 284 283 296 294 293 293 293 292 292 291 291 266 277 268 265 262 263 263 260 254 251 249 258 264 263 276 275 275 273 272 272 271 270 269 269 268 265 264 263 263 264 264 262
306 305 304 305 306 307 308 309 310 310 307 297 309 313 302 300 296 295 294 305 309 312 313 313 312 310 309 308 299 298 298 296 295 308 309 309 305 302 301 298 297 296 297 300 298 296 295 295 295 293 293 293 293 283 295 294 293 293 293 292 291 271 290 268 267 267 269 266 269 269 266 257 278 277 253 256 261 257 263 274 274 273 272 272 271 270 269 269 268 267 266 244 246 243 242
305 305 305 306 307 307 308 308 309 310 298 296 307 302 300 299 296 305 304 304 308 312 298 313 311 309 299 297 297 297 296 296 295 307 306 305 302 300 298 296 296 296 295 296 280 296 295 295 294 293 292 292 293 285 294 294 293 293 292 291 291 273 272 274 269 288 267 269 275 274 282 264 279 278 278 262 259 276 256 264 264 260 262 272 272 271 270 269 270 270 269 267 265 244 262
305 304 304 306 307 307 307 306 307 308 295 294 299 297 297 298 295 293 303 304 307 311 299 313 311 308 296 298 298 297 296 306 304 301 300 300 282 297 284 286 295 295 288 294 296 296 295 294 293 293 292 292 293 290 290 294 293 292 292 291 290 290 274 277 271 287 286 267 271 272 282 265 280 279 260 261 260 260 261 267 268 263 273 254 271 256 257 257 270 270 270 269 267 266 263
306 304 304 307 307 307 307 305 304 305 303 292 303 294 306 296 295 293 303 305 308 311 300 312 310 296 296 298 299 294 296 304 302 300 300 287 298 296 293 293 295 297 297 296 297 296 295 294 293 293 292 292 292 287 290 284 293 281 292 292 291 290 277 281 277 288 287 268 270 271 275 265 282 281 261 261 261 276 272 278 275 275 271 273 272 254 271 251 267 271 262 259 267 268 264
307 304 303 301 307 307 307 305 303 303 303 303 293 305 305 306 295 293 303 305 308 311 311 298 308 296 296 294 295 293 289 293 288 289 291 301 300 300 298 296 299 301 300 296 296 295 294 294 293 292 292 292 292 292 291 289 289 291 283 292 291 290 277 285 288 282 273 286 271 271 275 268 283 282 264 259 257 259 271 271 271 271 275 273 268 264 264 270 253 253 268 268 268 269 267
306 305 303 305 306 307 307 306 304 304 304 304 304 295 305 296 295 293 292 305 307 308 308 308 306 305 294 296 305 305 304 289 291 293 303 302 302 304 302 292 301 302 300 297 295 294 294 293 293 292 291 291 291 291 293 295 295 295 294 285 292 291 282 289 289 293 287 278 275 274 278 275 267 266 263 280 278 276 267 273 272 272 275 275 274 269 272 271 270 269 267 267 267 268 268
304 304 303 304 306 307 307 306 305 304 304 305 304 294 295 296 295 295 294 305 306 294 306 307 306 296 294 295 292 296 305 292 305 304 305 304 304 303 293 296 297 299 299 298 296 294 293 293 293 292 291 290 290 291 291 291 292 294 294 294 290 284 287 284 286 290 288 287 283 281 281 276 276 273 268 264 280 278 259 275 280 282 284 280 276 274 258 271 264 270 269 268 257 267 268
303 304 305 303 305 305 305 306 305 304 304 304 304 294 305 306 296 296 296 307 307 307 308 308 307 296 296 293 307 307 307 307 307 307 307 306 305 302 298 295 295 297 298 298 297 294 293 293 293 292 291 291 291 291 291 291 293 294 295 295 295 292 287 286 287 289 289 288 287 286 286 286 286 280 275 270 283 280 278 263 277 283 278 278 277 275 257 270 270 274 275 264 267 266 267
300 303 307 305 305 305 305 306 306 304 304 304 303 295 305 306 297 297 297 309 309 309 310 310 308 296 295 307 308 308 309 297 308 307 296 296 295 294 290 286 295 298 300 300 297 295 293 292 292 291 291 291 292 292 291 292 293 294 295 295 296 296 295 294 296 291 291 290 289 288 288 288 288 282 279 276 268 283 281 262 278 279 279 278 277 276 274 274 271 271 271 268 267 269 265
297 300 305 308 306 305 305 306 306 306 305 304 304 304 305 307 307 307 308 310 311 310 309 309 296 294 306 307 297 296 308 307 307 296 297 297 295 289 285 285 292 299 302 301 297 294 292 291 290 290 291 292 292 291 291 292 293 294 294 295 296 296 295 295 294 294 293 293 292 291 293 289 287 288 285 282 275 286 284 281 268 272 280 268 266 277 276 275 275 273 273 271 268 267 266
301 301 303 308 306 304 305 305 306 306 306 305 305 296 305 306 306 306 308 310 310 297 306 293 305 305 306 307 296 296 297 307 307 307 295 294 294 300 295 292 295 303 305 301 298 294 292 291 290 291 291 292 292 291 292 293 293 294 294 294 295 295 295 295 295 295 296 295 294 298 295 293 291 290 291 290 289 281 288 285 270 272 281 280 279 278 278 277 275 273 272 273 272 268 266
302 301 302 307 305 303 305 304 305 306 305 303 303 303 303 304 304 305 307 307 307 305 302 291 304 305 294 295 295 308 308 298 297 295 295 294 307 307 306 301 300 305 306 302 299 296 294 292 290 289 289 291 292 293 293 299 299 299 293 293 294 295 295 295 300 302 301 295 295 295 303 301 300 300 293 293 297 291 281 274 276 277 283 286 282 281 280 280 278 276 274 273 273 271 271
300 300 303 308 306 303 304 305 305 306 304 302 301 300 302 303 304 306 298 306 295 303 302 302 304 305 294 294 295 308 308 308 296 294 293 295 300 301 299 291 296 298 301 286 286 296 282 287 290 288 288 290 292 292 298 297 297 298 298 292 293 294 294 294 293 293 294 293 293 294 296 296 295 295 301 294 293 292 289 281 287 287 286 287 286 284 283 281 280 278 276 275 274 273 272
301 301 303 307 310 304 304 306 305 305 303 302 302 302 302 302 304 306 307 307 306 306 305 304 304 305 293 295 296 309 298 297 295 294 295 294 296 294 289 282 278 290 295 296 288 286 286 293 287 286 289 289 289 290 296 297 297 298 291 291 293 293 293 293 293 293 293 293 293 293 294 294 294 294 299 293 291 289 285 279 280 283 287 288 287 284 282 281 280 277 277 277 277 275 274
302 300 299 301 307 306 303 307 308 304 303 303 303 304 303 303 304 305 307 300 309 307 306 305 294 305 293 295 296 296 296 295 294 294 293 293 291 288 283 280 279 277 282 288 290 294 293 293 289 285 278 283 286 287 290 298 299 292 291 291 299 300 293 293 293 293 293 293 300 296 298 298 292 297 297 292 291 287 284 279 280 282 282 286 286 283 280 280 280 277 276 277 278 274 273
303 301 297 297 301 303 301 306 311 305 303 304 304 304 303 304 305 305 307 301 310 307 305 305 294 305 304 297 296 295 294 295 294 293 292 291 289 299 297 291 288 284 286 290 295 292 295 294 290 289 288 286 284 284 288 298 294 292 292 291 299 301 301 300 301 301 301 297 296 295 294 295 295 290 290 290 289 288 287 287 284 280 278 283 283 281 280 279 279 277 275 275 276 274 271
307 305 301 299 301 303 303 307 312 308 304 303 304 304 303 303 304 304 306 308 309 306 303 294 305 305 294 296 295 294 294 294 294 293 291 289 291 299 299 290 299 286 287 297 290 291 291 291 293 291 291 288 284 282 286 297 296 294 293 292 299 301 303 298 296 296 296 297 295 294 293 291 290 290 288 289 297 297 288 287 286 285 283 281 281 281 281 279 278 279 276 275 275 273 273
309 309 305 301 302 304 304 307 313 312 304 302 303 302 301 302 303 304 305 308 309 305 301 292 294 305 293 294 295 295 296 294 294 292 291 291 303 301 300 289 289 286 290 290 290 289 295 295 289 286 285 286 287 287 291 294 303 295 294 300 299 301 299 299 291 298 299 298 296 295 295 294 290 288 290 288 288 289 288 284 284 285 283 281 281 280 280 279 278 279 277 275 273 273 272
307 310 309 302 301 302 303 305 313 315 304 301 302 301 300 301 302 304 305 307 309 306 304 304 305 295 293 294 295 295 295 295 294 292 293 305 305 296 292 293 289 291 291 291 291 295 290 288 287 285 283 286 286 282 281 291 298 294 300 299 299 298 300 291 297 297 297 295 294 294 295 293 291 288 288 288 289 288 286 284 280 284 283 282 280 280 280 279 278 278 277 275 274 273 273
303 308 312 306 300 300 301 302 309 316 307 301 301 300 300 300 301 302 303 307 309 307 306 297 295 294 294 294 294 294 294 293 292 292 303 305 304 291 291 287 290 291 290 291 291 290 293 293 292 291 292 287 284 278 285 283 294 298 300 299 299 299 300 291 297 296 296 295 294 292 290 290 289 284 283 284 286 287 286 285 282 283 283 282 281 279 279 278 277 275 275 274 274 274 274
299 304 312 311 303 301 301 300 306 317 310 302 301 301 300 299 300 298 301 306 309 308 297 306 304 292 293 293 293 293 292 291 294 303 303 304 294 290 288 289 290 290 291 291 290 289 290 293 292 292 291 292 288 285 284 285 294 297 300 300 300 300 302 292 297 294 297 295 294 292 291 291 292 291 287 286 287 285 286 285 284 283 282 282 282 280 278 277 276 275 273 273 274 274 273
296 298 304 309 306 302 302 299 303 315 312 304 301 301 300 300 300 299 301 306 306 304 303 302 302 301 301 302 292 292 303 303 304 304 304 304 291 291 290 291 300 291 290 289 288 288 289 290 291 293 292 293 291 290 288 294 296 297 297 297 297 299 301 290 289 290 291 292 292 292 293 293 286 287 287 286 287 286 286 285 284 283 282 282 282 280 278 277 276 275 274 273 273 273 272
296 297 298 303 304 301 301 298 301 312 314 306 301 301 301 303 305 303 302 305 307 304 302 302 301 300 300 291 292 293 304 305 296 295 295 292 292 290 292 292 292 291 289 288 288 290 290 289 288 291 292 291 290 287 282 289 291 292 293 295 296 296 295 289 287 287 285 285 286 288 289 286 286 288 289 288 286 285 285 285 284 282 281 281 281 280 278 277 276 275 275 274 272 271 270
299 299 298 300 300 299 298 298 300 306 314 307 301 302 303 304 306 304 303 305 307 304 304 302 302 300 301 302 293 295 306 296 294 294 293 293 290 291 291 292 291 290 289 290 292 296 292 291 288 288 290 289 287 284 283 284 288 290 292 294 296 295 291 287 286 285 284 283 283 284 285 284 282 281 283 285 284 285 284 282 283 281 280 280 280 279 279 277 276 275 274 274 272 270 270
299 300 298 297 299 300 300 300 298 300 310 307 301 302 303 302 303 301 299 300 303 303 302 302 303 301 301 302 303 304 296 295 304 293 292 291 291 292 302 291 302 291 293 298 298 298 299 292 289 287 287 286 285 283 286 285 282 283 286 291 293 290 287 285 284 284 283 283 283 283 284 285 286 284 282 282 280 278 283 282 281 281 280 279 280 279 279 277 277 275 274 274 275 271 269
298 299 299 299 301 304 305 304 300 301 308 308 305 304 303 300 299 299 297 297 300 301 301 303 303 302 302 302 302 303 295 305 293 291 291 290 291 302 290 290 302 293 301 295 294 292 291 289 288 286 286 285 284 283 285 284 283 283 281 285 288 285 282 282 283 283 282 282 283 284 285 286 287 285 282 281 279 282 282 281 281 281 280 279 279 279 278 277 277 275 274 274 273 274 272
300 300 300 299 300 302 303 304 303 303 305 305 304 304 303 301 299 301 300 299 301 301 301 302 301 302 302 302 302 302 303 304 302 300 289 292 302 291 290 291 303 304 294 292 290 288 288 290 288 286 285 284 284 286 284 284 283 282 282 279 282 282 279 280 282 283 283 283 283 284 284 284 284 283 281 279 282 282 281 282 282 281 280 280 279 279 278 278 276 274 274 274 274 274 274
301 301 299 297 296 298 302 304 304 303 302 302 303 306 307 302 299 300 300 299 302 301 301 301 300 302 301 301 302 302 303 303 302 300 300 292 291 291 290 292 303 303 294 291 290 288 288 287 287 285 284 285 286 285 283 283 283 282 280 276 278 280 279 278 278 280 282 284 284 282 281 282 282 282 281 278 282 282 281 282 282 281 281 281 280 279 277 277 278 274 273 272 272 273 274
302 302 299 296 296 298 303 306 306 306 303 304 307 310 311 304 298 298 298 298 300 302 303 301 301 302 301 301 301 301 303 304 303 301 301 291 301 290 291 301 302 303 294 291 288 288 288 287 287 284 283 284 284 283 283 288 282 282 286 278 285 278 286 277 277 277 278 282 284 283 279 281 282 282 283 283 283 283 282 282 281 281 280 280 280 279 279 276 277 274 273 274 273 273 273
302 303 302 298 297 298 301 305 307 307 304 300 302 306 312 306 299 297 299 298 300 302 302 300 299 300 301 301 301 302 304 305 305 302 301 290 289 300 301 293 301 293 292 289 288 286 286 287 285 283 282 282 289 289 288 288 287 287 286 285 277 284 276 284 276 276 277 278 282 285 281 278 279 280 283 283 283 283 282 281 281 280 279 278 278 278 279 275 276 276 275 275 274 273 272
302 303 304 302 297 298 301 303 304 306 302 297 295 298 307 308 303 300 299 298 299 302 300 299 299 301 301 301 301 302 304 304 305 303 300 300 299 300 300 301 301 291 290 287 286 285 286 285 284 282 281 280 288 288 287 287 286 286 286 285 284 276 276 276 284 275 277 276 279 284 283 278 276 276 278 283 283 283 282 279 279 279 278 277 276 277 278 277 276 276 276 275 274 273 272
302 301 302 304 299 297 299 299 300 304 303 298 295 297 301 307 307 303 300 299 301 302 300 300 300 301 301 300 300 302 303 305 304 302 300 301 300 300 300 300 290 289 288 287 287 286 286 284 283 282 281 279 280 287 286 285 285 285 285 285 284 275 276 276 275 274 276 275 276 281 283 278 276 277 282 282 282 282 281 279 279 279 278 276 275 275 276 276 277 278 277 275 274 273 272
303 297 299 304 297 294 295 296 297 301 304 301 298 298 300 306 312 306 300 301 302 301 301 300 300 301 300 299 299 302 304 306 305 303 301 301 301 300 300 291 299 288 289 288 288 286 285 284 282 281 280 280 287 287 286 285 285 284 284 285 284 283 277 277 276 274 282 274 274 277 281 283 282 282 282 282 281 281 281 280 280 278 277 275 274 274 275 276 277 278 277 275 274 273 273
304 296 294 298 295 294 293 293 295 298 305 304 299 297 299 304 313 309 301 300 302 300 299 299 299 301 301 300 299 302 306 305 303 302 301 301 300 299 299 298 298 288 288 287 287 295 294 283 282 282 281 280 287 286 285 284 284 283 277 284 284 284 276 276 283 282 281 273 274 275 277 279 279 282 281 280 280 280 281 280 279 278 276 275 275 274 273 275 275 276 276 274 274 273 273
303 299 291 291 295 295 297 298 295 295 303 306 301 298 297 300 311 309 302 302 301 301 299 298 298 300 301 301 300 303 305 304 302 301 300 299 299 298 297 296 296 287 287 287 295 284 293 283 283 282 281 288 287 285 284 283 283 282 282 282 283 282 282 282 282 282 281 281 274 276 277 277 282 280 279 278 278 279 280 280 280 278 275 274 275 275 274 274 274 275 275 274 273 274 274
302 302 298 290 291 295 297 300 298 294 300 306 304 299 295 298 309 310 303 302 302 300 299 300 298 300 302 301 301 302 304 305 301 299 299 299 299 298 296 296 296 296 287 295 294 292 292 283 283 282 289 287 285 284 282 281 281 280 280 281 281 275 276 277 277 282 282 280 278 283 282 283 281 279 277 276 276 278 279 279 278 276 276 275 274 274 274 273 273 273 274 274 274 274 274
301 303 303 297 292 296 298 301 301 295 297 304 305 301 297 298 306 312 305 302 303 302 299 299 299 300 301 301 301 302 303 304 301 300 300 298 298 298 297 296 296 295 295 294 292 292 292 291 290 288 287 285 283 282 280 279 279 279 276 280 284 281 281 286 283 283 280 283 282 285 284 281 279 278 276 274 275 276 277 276 275 275 276 275 274 274 274 274 273 273 273 274 274 274 274
301 302 304 303 297 297 298 300 300 297 294 299 303 302 299 296 302 309 305 302 302 302 300 300 302 300 300 300 300 302 303 303 300 299 300 298 298 298 297 296 295 294 294 293 292 291 291 290 288 287 285 283 281 280 279 278 278 279 280 281 282 282 282 287 283 284 284 286 284 277 279 278 277 276 275 274 273 274 274 274 274 274 275 275 274 274 274 274 273 273 273 274 274 274 274
301 302 303 302 298 296 296 296 298 298 294 294 301 303 300 296 297 304 303 301 302 303 302 300 301 301 300 300 301 302 302 299 299 300 298 298 298 297 297 296 295 294 293 293 286 291 290 289 288 286 280 283 282 281 280 280 279 280 281 281 282 282 282 282 283 285 282 283 280 276 275 276 275 276 275 274 273 272 273 272 273 274 274 274 274 274 274 274 273 273 273 273 274 274 273
