examples/cougarCreek-fire/createInputs/WindNinja/wrfout_d3.2015081212.f13/cougarCreekFire_08-13-2015_0100_217m_non_neutral_stability_ang.asc
ncols	146
nrows	140
xllcorner	610065.000000
yllcorner	5095217.000000
cellsize	216.586807
NODATA_value	-9999.000000
[rows 43 to 85 of 140, columns 0 to 94 of 146]
295 297 299 301 300 278 305 306 308 311 298 292 285 283 284 284 288 294 298 300 296 289 291 294 295 300 293 296 295 288 269 276 286 339 346 341 161 173 148 194 212 240 252 250 284 307 322 331 354 338 343 360 10 18 23 26 29 31 48 34 33 33 33 32 29 26 23 21 20 18 17 15 14 10 10 17 6 345 344 347 350 348 65 341 339 337 332 330 330 331 332 336 353 12 16
297 299 302 303 304 302 306 307 309 296 289 288 286 283 284 285 287 288 294 293 288 291 293 292 297 298 297 297 295 292 286 305 317 335 343 354 11 58 153 97 217 224 10 339 313 319 336 343 351 341 326 358 16 23 28 30 33 34 35 35 33 31 23 22 20 20 20 19 19 18 18 17 16 13 14 20 14 345 332 338 351 354 351 10 346 25 340 338 336 336 338 340 353 8 350
298 300 303 305 302 304 306 308 309 287 291 286 286 290 288 286 290 290 297 295 290 290 294 298 297 298 299 293 294 288 294 315 334 343 344 354 12 21 20 20 16 352 340 348 339 336 348 344 337 4 301 13 5 25 32 33 33 35 37 28 24 21 16 18 20 31 36 38 34 35 36 30 31 17 28 16 21 6 347 334 346 358 313 31 351 349 32 345 342 342 342 344 346 14 350
300 301 280 306 302 304 287 289 285 292 286 286 292 289 286 286 286 302 301 300 296 295 300 296 303 301 299 296 295 291 292 306 318 341 345 353 16 25 20 10 1 353 350 356 358 356 4 356 283 240 347 343 354 25 35 34 32 25 29 24 23 20 23 34 37 41 37 37 36 55 52 58 41 23 36 17 17 29 9 347 343 354 4 17 21 355 353 352 349 348 347 347 350 352 354
299 284 299 306 308 304 293 286 284 287 286 293 296 292 291 299 318 310 303 299 292 295 302 296 299 300 295 296 297 292 291 289 300 330 339 350 16 33 24 7 5 355 358 1 8 16 16 312 329 334 349 11 17 25 30 27 22 12 26 40 42 44 50 53 55 51 46 38 54 55 57 46 45 28 26 23 22 24 23 6 342 345 3 10 41 4 1 359 357 356 353 351 353 356 357
298 279 285 289 288 289 289 287 289 287 294 311 299 301 316 318 311 310 303 297 295 301 304 298 300 297 301 297 302 296 293 291 290 320 333 344 13 31 27 14 356 3 4 19 13 16 7 338 333 336 357 7 23 26 22 25 31 57 61 62 61 59 61 67 66 61 56 55 56 58 45 45 47 33 31 29 27 62 28 21 352 335 353 12 27 49 10 8 6 4 1 359 357 359 3
279 295 285 292 303 285 288 305 307 294 296 312 314 317 307 302 300 298 300 297 296 297 300 302 304 302 302 300 298 305 299 299 299 306 332 341 11 31 26 24 3 356 12 22 18 18 7 345 338 351 16 28 72 65 54 53 39 51 61 66 48 47 49 67 67 61 60 55 46 47 47 46 48 47 36 34 33 32 32 31 11 334 339 11 19 19 55 45 14 12 35 10 5 4 10
296 288 290 299 298 309 311 308 308 310 313 314 316 305 298 300 300 302 302 298 298 300 303 305 306 307 320 302 309 303 300 302 301 309 332 345 16 31 25 3 351 356 6 19 26 32 25 20 18 29 59 61 68 75 85 75 42 44 65 68 56 54 51 51 66 57 54 46 44 42 44 45 39 39 47 36 36 35 35 37 25 358 349 11 26 26 24 23 22 56 45 35 15 12 14
295 297 298 298 309 311 307 308 310 312 315 317 317 302 302 303 302 303 301 299 304 307 300 312 299 306 301 319 310 303 303 305 298 311 331 351 28 35 35 16 7 1 11 29 36 32 31 32 30 54 60 68 48 75 60 63 87 72 60 70 67 59 58 55 57 54 64 61 55 49 53 66 54 54 52 55 56 58 40 57 35 21 14 32 44 33 31 30 29 27 65 47 37 22 22
283 297 287 309 311 306 308 309 301 314 315 303 303 304 306 306 304 302 302 303 307 306 308 327 306 332 331 322 305 304 305 306 299 308 330 5 40 64 38 37 8 16 27 33 37 55 59 53 49 48 58 53 55 58 59 54 60 358 69 71 67 65 62 53 64 59 58 57 51 51 43 57 57 46 47 47 48 47 47 46 45 41 41 48 41 28 37 39 36 34 32 30 30 30 31
297 298 308 310 305 306 298 298 301 304 300 308 319 317 315 316 317 301 302 304 299 310 310 319 310 333 311 310 306 303 312 305 297 302 332 14 52 41 17 9 20 23 20 25 45 59 56 45 49 57 58 56 57 63 64 77 48 15 50 72 61 60 57 61 60 56 54 54 52 53 56 58 56 55 54 54 75 64 52 50 48 46 77 43 35 33 43 45 44 44 42 39 38 38 38
301 301 304 304 296 297 307 299 302 304 308 321 321 318 301 303 317 302 302 306 324 326 309 306 317 317 310 306 305 299 317 305 300 295 336 10 48 42 25 28 33 22 22 20 346 282 303 31 43 53 59 61 62 63 68 65 56 42 60 74 65 62 69 71 70 68 64 61 58 59 62 63 61 58 56 55 55 54 54 54 53 50 46 44 44 45 47 47 48 49 48 45 43 42 42
300 300 304 294 307 305 305 299 304 308 318 321 320 318 304 305 318 305 321 323 311 311 305 311 305 308 305 304 303 297 310 305 301 299 339 2 40 4 15 27 38 49 21 16 5 354 341 333 24 48 51 54 60 63 63 68 59 52 59 63 59 60 68 70 72 77 75 65 60 59 59 59 57 57 58 58 58 58 57 55 52 48 75 59 45 45 47 47 46 46 45 44 44 44 44
298 304 298 297 307 310 304 298 312 315 314 311 314 317 303 315 318 318 322 315 315 308 307 311 309 307 306 309 303 303 307 300 299 294 335 354 15 346 9 24 33 40 38 15 8 358 355 351 1 66 49 48 54 58 61 59 56 56 59 57 54 53 58 61 64 64 59 55 57 55 54 53 53 55 58 60 59 56 54 52 50 64 48 47 45 69 45 45 44 44 44 44 43 44 45
301 305 307 304 305 307 301 303 309 312 313 301 314 319 310 310 310 300 308 317 317 310 306 324 308 308 310 309 302 305 302 305 303 291 333 349 349 351 7 24 30 32 42 29 9 2 3 16 19 6 52 50 48 50 53 53 53 54 53 51 51 52 55 58 58 52 43 42 50 50 50 51 51 51 54 54 52 50 50 51 50 50 50 49 48 47 47 47 85 88 45 44 44 43 44
303 308 309 306 307 302 300 307 309 311 301 301 311 313 294 303 309 313 319 328 327 309 331 329 311 311 326 307 302 309 306 307 306 297 349 345 356 349 9 16 33 34 35 27 26 2 15 21 24 11 7 12 48 40 46 47 48 48 48 48 49 50 53 55 54 50 46 46 49 50 50 50 49 48 50 48 38 45 51 52 48 47 47 48 49 50 51 77 50 49 48 48 47 47 48
304 311 314 309 309 299 306 308 310 299 300 309 299 310 311 313 313 316 324 332 327 326 331 325 313 327 325 306 304 305 309 307 304 300 330 350 353 349 358 352 5 24 32 21 17 40 36 20 23 20 16 10 1 22 40 43 44 46 46 46 46 47 49 49 48 48 50 49 51 49 47 48 47 46 35 51 65 65 54 51 47 47 47 46 47 49 50 51 51 50 50 50 49 49 50
302 312 315 309 299 304 304 308 295 300 308 308 311 315 317 316 312 319 329 336 329 326 323 310 325 325 309 303 305 310 310 307 303 302 321 344 350 350 349 348 351 7 13 33 13 18 30 69 73 30 26 17 15 21 33 38 41 42 43 42 42 44 45 45 48 45 44 45 46 44 43 45 39 41 64 63 56 60 68 70 66 61 61 60 59 60 61 51 51 51 52 52 52 51 52
303 311 312 308 306 301 303 309 308 309 311 314 318 320 319 317 316 323 334 338 331 313 309 324 326 324 321 306 308 309 307 306 303 304 322 338 348 350 341 345 347 360 5 29 36 49 64 73 84 35 26 22 24 27 30 34 28 35 38 36 36 37 40 43 43 42 42 43 42 40 33 44 63 62 55 60 66 72 69 71 81 72 77 75 74 76 78 76 53 53 53 54 55 55 51
310 313 310 305 304 301 303 306 306 309 314 317 319 318 313 307 320 328 335 337 331 316 315 317 326 324 310 309 308 305 303 304 305 301 325 332 342 345 336 332 336 351 352 348 30 46 62 46 58 27 18 20 22 105 28 33 40 37 77 64 39 36 39 40 37 38 39 30 33 39 50 57 55 50 58 68 75 77 75 70 82 82 74 79 52 77 79 81 55 55 55 55 56 57 58
317 315 307 302 302 301 302 305 308 314 317 317 316 314 310 316 324 331 336 328 320 317 317 312 325 324 322 309 307 305 303 307 306 307 329 331 331 338 331 325 327 347 349 329 352 3 14 83 89 21 12 14 16 103 25 30 123 35 85 93 37 39 55 48 41 37 34 77 86 61 56 59 60 60 66 70 78 73 78 77 82 52 85 86 54 74 75 79 58 58 58 58 56 57 57
322 319 310 306 306 307 310 313 316 317 315 314 316 317 318 321 328 338 333 320 330 325 309 310 314 312 321 307 304 303 305 304 307 314 325 328 323 326 323 318 320 343 5 338 329 352 357 350 360 97 18 9 12 15 19 24 29 46 32 88 36 48 39 76 79 77 80 85 41 87 64 59 84 87 67 72 69 73 73 71 76 85 55 56 57 58 58 88 61 61 61 61 61 62 62
325 322 315 312 314 317 319 317 316 311 310 311 308 316 318 321 331 343 335 319 329 319 306 310 313 320 319 315 302 303 304 305 308 316 324 324 312 316 315 303 311 331 355 342 330 341 328 343 348 351 17 1 5 8 186 18 23 27 30 96 33 36 38 89 79 80 81 83 92 105 78 76 85 91 69 69 59 49 49 55 58 62 67 70 71 74 62 64 65 65 64 63 64 64 63
326 322 316 315 317 320 319 314 311 309 308 307 302 311 314 318 332 340 333 324 330 326 324 328 308 321 319 315 305 305 302 312 317 319 322 319 297 313 313 290 306 322 345 2 332 333 330 332 338 246 352 7 358 102 5 10 16 22 26 27 80 32 100 104 102 86 63 94 84 82 77 63 80 87 90 70 44 50 58 65 60 65 68 65 59 59 65 67 68 68 66 68 67 68 70
331 325 318 315 316 318 317 313 311 309 306 303 300 308 313 320 337 336 330 310 322 319 325 329 308 320 317 314 303 301 304 312 318 316 312 310 296 313 305 294 305 308 342 332 334 351 19 55 70 251 151 360 11 353 148 2 7 15 21 57 24 79 82 34 107 96 95 40 43 79 73 78 84 87 97 111 52 52 53 55 55 57 60 62 63 64 81 77 70 70 71 72 74 75 79
331 325 318 312 313 313 313 313 308 306 304 310 308 312 313 321 340 341 321 320 319 307 327 315 308 328 322 311 298 302 298 306 312 305 302 306 294 304 301 291 299 285 329 323 332 334 334 34 333 121 117 338 342 345 349 120 358 6 14 119 75 79 60 99 67 66 65 39 42 92 73 70 65 67 82 108 116 91 56 58 72 58 53 65 75 86 70 79 74 76 76 77 77 78 78
326 321 314 306 307 304 305 305 305 303 302 302 298 311 312 320 341 339 308 323 313 304 308 310 309 328 320 310 298 303 296 303 314 312 302 296 294 302 300 290 289 292 301 328 330 332 329 326 329 331 336 331 335 338 341 344 139 356 5 356 68 21 25 81 91 84 82 37 40 43 91 77 78 67 77 84 97 57 57 58 59 61 63 66 69 72 74 76 79 80 80 80 82 82 81
324 318 310 303 304 300 301 302 302 301 300 299 298 309 311 321 342 337 305 321 320 302 313 305 320 327 314 310 303 301 301 300 316 315 303 301 296 304 300 294 290 288 294 323 327 329 347 349 325 328 319 325 329 120 335 338 341 347 355 5 13 16 19 23 28 73 76 87 38 42 118 93 86 90 90 91 92 57 74 66 60 65 59 49 51 74 78 81 83 57 83 85 86 86 87
326 317 309 307 301 297 299 304 300 299 298 297 310 296 310 323 344 335 303 320 309 301 321 314 328 324 312 302 304 303 302 307 322 326 300 297 303 304 299 290 287 301 297 296 324 327 325 351 322 321 325 320 335 131 111 333 336 339 344 354 4 127 14 17 22 26 30 63 87 39 42 110 88 88 90 94 98 96 95 89 62 63 97 136 53 56 58 63 87 80 64 64 72 91 92
325 315 309 308 301 296 298 304 298 298 298 297 297 302 310 327 345 331 310 318 319 320 321 316 327 320 308 302 299 301 301 309 317 302 297 297 304 315 292 293 292 297 310 283 328 324 321 340 321 313 321 316 67 193 325 328 332 335 338 344 354 3 121 46 45 21 54 27 31 57 39 97 87 76 79 92 100 104 103 105 92 89 101 137 73 120 113 123 128 86 133 105 90 94 94
319 314 310 307 300 298 299 303 298 298 298 297 298 309 309 329 343 329 318 316 318 319 320 308 327 313 299 298 301 311 301 311 315 302 302 297 315 314 292 292 286 296 309 283 296 320 334 311 310 312 315 312 41 319 166 323 327 330 334 337 344 353 355 111 92 84 56 77 71 73 77 80 85 83 85 95 105 104 110 113 95 88 93 117 143 134 112 111 122 92 92 129 106 95 96
311 310 308 307 298 296 298 297 297 296 294 294 308 292 307 326 341 328 317 317 318 318 319 317 325 312 302 304 311 300 306 313 309 310 302 298 317 315 293 292 287 298 297 283 304 314 318 313 307 301 310 332 354 315 318 87 322 325 328 330 333 340 349 138 91 79 94 98 89 107 127 107 104 33 96 95 108 110 115 125 110 90 90 102 120 144 126 98 103 130 99 99 133 103 103
306 307 307 299 298 298 299 295 294 292 295 292 292 290 308 326 339 327 319 303 319 317 319 323 316 312 304 314 302 304 304 314 302 312 301 307 318 310 293 291 288 302 300 306 302 289 311 329 312 295 309 310 275 313 314 264 185 320 322 324 326 329 335 317 104 34 80 48 45 110 7 12 124 103 20 106 109 125 120 122 121 93 77 83 104 132 140 119 98 101 132 126 131 136 135
305 306 306 298 297 296 297 298 294 299 306 305 307 295 311 328 336 325 304 319 318 317 318 321 313 305 304 303 305 301 302 311 303 303 301 317 320 307 309 292 293 300 301 292 301 299 302 310 311 295 307 308 309 310 311 290 261 314 316 318 320 322 325 330 184 91 99 102 26 82 145 154 128 130 143 163 112 134 146 109 111 94 72 82 104 138 129 129 114 96 199 178 187 193 191
305 305 304 296 296 298 298 298 301 305 311 303 311 312 314 329 332 322 318 318 316 316 317 312 315 307 304 303 302 302 304 304 305 302 306 317 323 309 309 289 304 305 306 303 302 299 288 308 309 294 306 307 308 309 309 289 272 310 311 313 168 316 317 321 274 136 138 130 80 43 121 160 173 153 331 329 325 150 186 138 125 130 111 106 120 263 144 113 121 109 84 233 225 218 222
305 304 304 296 298 308 299 296 303 305 304 298 311 312 315 329 328 319 317 316 315 315 316 315 317 308 304 302 302 303 303 306 304 302 309 316 321 314 296 291 305 306 304 303 299 297 295 294 306 294 292 306 307 307 306 306 288 269 260 309 310 311 311 313 315 169 131 129 60 317 316 315 146 154 313 310 192 208 92 128 175 185 164 144 145 264 258 158 154 157 140 131 242 238 231
305 304 304 297 298 308 297 298 301 302 300 296 294 308 317 328 324 318 317 316 314 314 303 317 323 307 304 301 300 303 305 308 307 299 308 315 318 311 295 291 306 307 304 302 299 297 294 291 284 304 292 305 307 306 304 284 305 292 248 305 305 306 306 307 308 266 30 36 44 308 306 304 303 147 208 224 296 292 86 104 194 206 202 190 174 264 261 257 253 251 250 171 160 245 243
305 304 304 297 298 307 306 298 299 300 298 294 297 307 318 326 321 318 318 316 314 313 312 319 319 306 303 316 299 309 301 301 301 299 309 316 319 310 303 291 305 303 304 301 300 298 294 292 288 302 304 304 306 304 303 303 304 325 281 302 302 303 303 262 304 303 187 360 358 334 340 331 296 295 222 206 290 287 223 272 263 205 273 269 266 264 262 259 255 254 252 250 247 182 248
305 305 304 298 308 308 307 299 299 299 299 299 297 308 319 323 320 318 318 316 314 304 315 320 319 313 319 315 304 302 306 298 299 298 309 312 313 294 293 310 312 311 301 303 304 298 294 305 291 301 303 304 305 303 304 294 310 304 284 280 300 300 301 301 269 299 265 262 254 304 27 195 275 290 289 288 287 284 237 248 276 276 273 269 265 263 261 259 256 255 254 251 249 190 250
306 305 304 296 308 308 308 299 299 298 300 309 297 310 318 320 318 317 316 315 302 306 315 321 319 306 320 314 297 303 306 298 299 300 307 309 307 301 299 309 310 310 300 302 305 300 296 306 280 292 302 303 304 304 295 294 286 293 284 282 259 299 298 298 299 297 294 235 249 225 282 273 244 296 286 304 244 283 280 244 259 275 273 270 266 263 261 259 257 256 255 253 255 250 249
306 305 304 305 307 308 308 298 298 296 301 310 295 312 307 318 317 316 314 302 300 310 317 321 319 324 319 314 297 308 301 300 306 307 305 306 295 311 299 306 307 301 310 302 307 307 307 285 289 289 294 303 304 291 289 292 301 285 285 282 280 260 297 296 296 297 294 262 246 238 253 258 251 250 265 278 267 230 230 245 231 273 272 270 267 264 261 259 258 257 258 255 256 256 255
306 305 305 306 307 308 308 298 297 298 310 310 299 314 318 317 309 315 314 301 306 312 318 320 323 309 318 305 302 308 301 298 311 312 293 313 295 310 298 305 305 309 313 310 306 306 306 304 289 298 291 303 290 295 292 300 300 298 283 299 280 281 277 275 296 295 269 266 242 249 254 285 243 256 256 252 252 242 247 279 277 274 272 270 268 267 263 262 260 259 259 257 258 257 258
305 305 305 306 307 308 308 298 298 300 309 301 306 309 318 316 315 305 302 301 308 313 318 319 320 305 303 301 301 310 299 293 307 310 294 296 296 301 309 306 305 310 317 312 305 304 305 303 300 298 300 301 300 298 298 298 298 298 297 296 296 279 294 274 266 265 252 289 264 245 244 285 284 248 247 249 248 244 277 277 277 275 272 270 269 229 265 263 262 261 260 259 259 258 259
