examples/cougarCreek-fire/createInputs/WindNinja/wrfout_d3.2015081212.f13/cougarCreekFire_08-13-2015_0100_217m_non_neutral_stability_ang.asc
ncols	146
nrows	140
xllcorner	610065.000000
yllcorner	5095217.000000
cellsize	216.586807
NODATA_value	-9999.000000
[rows 0 to 42 of 140, columns 0 to 94 of 146]
302 299 295 296 296 295 295 295 295 291 298 299 300 299 298 297 296 294 292 290 288 286 293 297 298 297 294 294 295 295 295 292 290 290 290 290 291 301 297 294 296 298 294 296 296 298 295 294 293 293 292 291 290 292 295 298 298 293 289 291 293 291 290 291 293 292 288 287 291 296 299 296 288 283 284 288 288 278 271 272 275 279 284 292 298 299 296 299 299 301 301 304 309 307 304
302 299 295 296 296 295 295 295 295 291 298 299 300 299 298 297 296 294 292 290 288 286 293 297 298 297 294 294 295 295 295 292 290 290 290 290 291 301 297 294 296 298 294 296 296 298 295 294 293 293 292 291 290 292 295 298 298 293 289 291 293 291 290 291 293 292 288 287 291 296 299 296 288 283 284 288 288 278 271 272 275 279 284 292 298 299 296 299 299 301 301 304 309 307 304
302 300 296 295 296 296 295 295 295 296 297 298 298 298 298 297 296 295 293 292 291 289 291 293 295 295 294 293 293 293 293 292 290 290 290 290 290 291 292 292 292 292 292 292 292 292 292 291 291 291 290 290 289 290 291 293 293 290 287 287 289 289 288 289 290 289 287 287 289 291 292 290 285 283 284 286 287 282 277 276 278 281 284 287 290 291 292 293 292 294 295 295 300 303 301
304 301 297 296 297 297 297 297 297 297 297 298 298 298 298 297 296 295 295 294 293 291 290 290 291 293 293 292 291 291 291 291 290 289 289 288 287 287 288 289 289 289 290 290 289 288 289 288 288 288 289 289 288 287 286 285 285 285 285 284 285 287 287 286 286 286 287 288 287 284 282 283 284 285 286 286 287 286 283 282 283 284 285 286 287 289 290 292 292 293 293 292 295 301 301
303 301 297 296 297 297 298 297 296 297 298 298 298 298 298 297 297 296 295 295 294 291 291 289 290 292 292 290 290 290 291 291 290 288 288 287 286 286 287 288 288 288 288 288 287 287 287 287 287 287 288 287 285 287 283 282 283 283 283 283 284 286 286 285 284 285 287 287 284 280 280 284 287 288 287 286 287 287 285 285 285 285 286 286 288 290 292 293 293 294 295 294 301 299 305
301 300 297 295 296 296 297 297 297 298 297 300 297 297 298 297 297 296 297 294 294 291 289 288 288 290 290 290 290 291 291 291 289 288 288 286 286 285 285 285 286 286 287 287 286 286 286 286 286 288 288 288 283 281 279 280 283 284 284 284 284 284 285 284 283 285 290 284 280 279 282 287 288 287 285 283 284 287 288 287 286 286 287 286 287 289 291 292 292 293 294 294 293 294 299
298 297 295 294 294 295 296 298 298 300 298 297 300 296 297 297 297 296 295 294 294 292 290 290 291 293 291 294 294 294 291 290 289 289 288 286 285 285 284 287 288 285 289 286 286 290 289 289 286 284 288 282 285 280 279 281 283 283 284 284 283 288 287 283 284 289 283 281 281 283 285 287 286 283 281 282 286 288 289 288 287 287 288 287 275 289 290 292 293 295 295 295 294 294 305
295 295 294 293 293 294 295 297 295 296 297 296 299 302 303 296 296 301 298 294 294 293 291 290 290 292 293 294 293 292 290 294 293 288 287 285 284 284 286 286 287 287 288 289 290 289 288 285 284 288 285 285 280 280 280 280 281 282 282 282 286 284 280 282 283 286 281 281 282 284 284 282 281 280 282 284 286 287 288 289 288 288 288 287 287 288 290 292 294 295 295 296 296 299 301
293 293 293 293 292 299 293 300 298 297 297 297 297 300 302 295 302 301 298 293 293 293 292 292 289 290 292 293 292 291 293 293 291 287 286 287 287 286 286 286 286 287 287 288 288 288 287 286 285 285 286 286 285 284 284 279 280 281 286 280 284 278 281 283 287 285 284 288 282 282 281 280 280 282 284 284 284 286 289 290 290 288 288 288 288 289 290 292 294 296 297 297 298 300 302
291 291 291 291 291 293 296 298 299 299 299 298 299 298 300 301 301 300 298 294 294 293 290 288 295 288 291 292 292 291 293 292 290 290 289 287 286 285 286 286 287 288 288 287 286 287 287 286 286 286 286 283 284 284 278 279 279 279 284 278 278 279 281 287 285 285 286 288 281 280 279 280 282 283 284 284 285 288 290 291 290 290 289 289 289 289 290 291 294 290 298 299 299 300 301
303 288 289 289 290 290 291 294 296 297 298 298 298 301 300 300 299 294 298 295 294 298 292 289 291 302 305 306 291 291 292 292 290 290 289 287 285 285 286 286 287 288 288 295 292 292 286 287 286 292 287 287 284 278 279 280 279 284 278 278 279 286 285 284 286 286 286 286 280 279 279 281 282 282 283 285 287 289 291 291 290 290 289 289 288 289 290 291 293 297 299 301 301 301 301
284 285 298 297 295 292 290 291 294 301 302 298 298 297 298 298 293 300 297 296 296 299 298 290 288 299 303 306 305 290 292 292 290 290 288 287 286 285 285 285 286 298 298 296 292 292 285 286 292 290 289 284 279 280 286 286 285 284 285 279 279 284 281 283 284 279 279 279 278 279 279 280 281 282 284 287 288 289 290 290 289 289 289 288 288 289 291 292 293 296 300 302 303 302 301
282 283 284 295 295 294 289 289 290 293 300 302 305 297 297 296 296 298 295 295 298 300 301 293 288 292 304 306 306 304 292 291 290 289 288 287 286 285 284 284 297 297 296 295 293 294 285 293 291 285 285 286 281 281 286 286 286 286 286 286 283 278 278 277 277 277 276 276 276 277 278 279 281 283 284 287 288 288 288 289 289 289 288 288 288 289 290 292 293 295 299 303 306 307 302
279 280 282 283 285 291 288 290 286 288 291 297 300 304 295 295 295 296 295 301 299 298 302 298 291 294 305 306 307 306 308 291 304 303 300 299 299 298 294 293 297 287 294 293 294 285 285 293 292 285 285 287 287 287 286 286 287 286 286 284 279 278 277 276 275 275 275 276 276 278 281 282 282 284 286 287 287 286 286 287 287 287 287 287 287 288 289 291 293 294 297 302 309 315 305
276 278 280 282 284 285 287 289 290 287 287 290 292 294 301 308 310 310 308 306 305 303 304 305 298 297 304 306 306 307 310 291 303 303 301 299 299 298 293 289 292 284 294 295 297 297 297 293 292 294 286 287 288 288 286 286 293 286 285 284 280 279 278 277 281 284 285 286 279 281 292 283 283 285 287 286 285 285 286 287 288 288 288 288 287 286 287 289 292 293 294 298 309 324 311
274 276 279 281 282 284 291 293 292 288 287 290 293 291 292 301 311 312 309 307 308 306 305 308 304 300 303 305 306 308 311 307 305 305 301 300 298 296 295 294 293 294 297 298 300 298 295 290 291 296 287 287 296 295 287 286 290 286 294 286 284 284 286 286 286 287 287 280 281 283 284 284 284 285 287 287 285 286 288 289 289 290 290 289 288 286 286 287 289 291 292 292 302 325 319
273 275 277 280 282 283 285 291 293 292 290 291 301 302 291 283 288 307 304 303 308 307 305 292 307 302 304 306 308 309 311 307 307 307 304 302 299 296 296 299 298 298 298 300 300 297 292 292 296 298 288 298 293 295 296 284 283 293 287 287 286 287 288 289 289 289 282 291 283 284 284 285 285 286 287 288 288 287 288 290 291 291 290 289 288 287 286 286 287 288 288 288 296 320 336
273 275 277 279 282 283 284 288 292 300 292 291 296 303 288 279 279 286 292 292 299 298 306 310 310 305 307 308 309 310 312 310 309 307 307 304 299 298 300 302 302 301 300 299 300 297 294 297 300 300 301 290 290 298 296 283 285 296 286 289 289 290 290 290 290 284 284 285 283 283 284 285 286 286 287 289 289 289 289 290 291 291 290 289 288 288 287 286 289 285 284 285 292 315 336
273 275 277 279 281 283 284 288 301 304 293 292 287 289 294 294 291 292 295 292 296 299 297 308 308 307 309 309 311 314 315 316 313 313 309 305 300 299 302 303 303 304 303 299 299 299 298 301 302 301 294 291 297 288 297 292 289 289 296 291 290 299 289 290 284 287 285 280 283 283 285 286 287 287 288 289 291 290 290 291 292 292 291 290 289 288 287 286 285 284 283 283 287 307 335
274 276 277 279 281 282 287 288 300 304 293 294 288 291 301 306 304 300 301 297 299 305 297 300 307 309 310 311 313 316 318 320 324 300 293 304 302 299 304 306 306 305 297 296 298 300 300 303 299 293 293 302 302 302 299 299 299 290 300 302 292 299 291 292 290 285 285 285 284 285 286 288 288 289 289 290 291 291 291 292 292 292 292 291 290 289 288 287 285 284 282 282 281 285 316
274 276 278 284 286 288 288 288 291 302 292 296 305 292 293 302 308 306 307 303 303 310 296 295 298 308 311 312 314 316 319 323 309 305 295 304 306 296 305 310 309 301 292 294 297 297 298 298 287 296 297 307 305 300 304 290 290 303 303 304 303 300 292 293 285 286 287 286 286 287 288 289 290 290 290 291 292 292 293 294 294 294 294 292 290 289 288 287 287 285 283 284 277 275 303
274 276 278 284 287 287 288 288 290 303 297 297 310 307 287 296 289 294 301 300 299 309 302 301 303 307 311 312 313 317 320 325 314 310 296 296 309 299 311 314 308 294 291 297 301 303 301 297 301 309 307 308 308 306 291 305 308 304 304 306 305 303 306 287 292 291 292 292 288 288 288 290 291 291 291 291 293 293 294 295 296 296 295 293 291 289 289 289 289 288 293 291 293 298 311
275 276 278 280 284 285 285 287 289 300 298 295 306 316 297 296 283 296 290 298 300 305 304 301 302 309 313 313 314 315 321 314 317 338 297 294 306 304 313 314 308 304 300 305 308 305 301 301 315 312 311 308 307 294 294 309 311 309 310 310 307 305 295 292 291 292 294 288 289 289 291 292 293 292 292 293 294 295 295 295 296 297 296 294 292 291 291 291 291 293 297 302 305 309 312
275 277 278 280 282 283 285 288 294 301 301 294 298 313 307 299 296 296 297 306 309 309 308 297 293 303 314 314 314 312 318 311 324 312 301 302 306 307 312 302 313 321 308 313 313 310 308 314 318 317 314 290 311 311 312 313 314 314 313 313 307 296 296 288 296 296 297 298 291 292 293 293 293 293 294 294 295 297 297 297 297 298 298 296 294 293 293 293 295 296 294 301 309 311 305
275 277 278 280 282 283 285 288 290 300 306 298 297 309 311 302 299 298 298 299 306 312 314 306 296 300 313 314 312 311 316 319 334 317 321 311 309 310 314 300 320 347 318 300 319 321 320 320 325 324 315 297 317 319 320 318 316 314 313 313 312 300 315 314 298 299 300 301 294 303 295 295 295 296 296 296 296 298 299 298 299 299 299 297 294 293 293 294 297 294 295 301 311 324 306
276 277 278 280 282 284 286 288 290 296 305 301 295 299 311 307 301 299 298 296 299 310 314 310 304 303 312 309 309 307 309 323 280 334 307 308 314 315 316 298 316 343 320 323 328 303 323 301 330 327 299 315 324 322 324 319 316 298 319 318 317 304 322 315 300 303 303 303 303 301 301 297 297 297 298 298 298 299 300 300 299 300 300 297 294 292 291 292 298 301 294 297 306 320 309
276 278 279 280 283 286 286 288 286 290 300 298 296 296 304 310 304 301 302 300 301 310 313 310 306 304 313 294 306 305 301 314 268 325 321 319 322 325 326 313 322 339 331 332 335 333 333 334 335 330 303 321 326 325 325 323 321 325 327 324 323 309 308 321 320 318 302 301 301 301 301 298 299 299 299 300 299 299 300 301 300 301 300 298 294 292 290 288 297 298 299 301 304 313 312
277 279 280 282 281 283 286 287 279 282 294 299 301 296 293 300 300 301 305 303 304 312 314 306 302 303 315 297 305 302 302 319 265 266 320 327 332 336 345 351 346 342 340 339 341 342 341 338 342 331 305 324 329 323 326 325 326 331 332 332 331 331 327 313 305 301 304 302 305 308 309 300 300 300 300 300 300 301 302 302 302 302 302 299 295 292 288 284 290 288 296 305 337 346 318
277 279 281 283 284 283 286 289 290 286 293 301 306 297 289 294 298 300 305 303 305 311 314 305 297 296 306 317 306 291 303 283 279 292 294 320 337 346 355 355 353 353 351 341 350 324 320 317 349 312 308 329 332 323 332 327 335 338 338 336 331 330 326 319 314 308 305 304 308 310 311 301 301 301 301 301 302 302 303 303 303 303 303 300 296 291 287 282 285 288 297 317 335 342 328
278 280 282 284 285 284 286 289 297 295 297 301 307 314 301 297 300 302 305 303 305 311 313 311 300 297 301 310 314 295 302 307 312 300 303 303 306 302 309 352 357 0 357 354 346 335 328 359 321 317 313 332 333 335 332 332 343 344 344 345 344 342 338 332 329 312 312 311 310 310 311 302 303 303 303 304 304 304 305 305 305 305 304 300 295 291 287 283 282 299 306 319 339 350 349
279 281 282 284 286 286 287 289 288 291 291 298 302 311 310 299 305 310 312 311 311 317 315 316 310 307 308 308 315 301 304 312 319 317 324 310 298 285 306 314 317 322 331 3 358 350 5 350 328 322 319 330 340 337 334 344 348 349 351 352 352 349 344 342 344 323 322 321 319 319 320 305 306 307 307 308 307 307 307 307 307 306 306 301 296 292 288 286 284 288 298 313 340 359 352
279 281 283 285 287 287 288 290 285 288 287 288 292 297 308 300 301 308 312 315 318 321 320 319 313 311 311 311 323 309 303 310 326 327 316 301 276 273 300 304 310 319 319 319 320 357 356 5 340 328 324 320 347 324 343 342 346 351 356 358 358 355 358 355 357 356 330 328 325 323 323 320 317 317 309 309 310 310 310 310 309 309 310 306 300 295 290 287 285 290 296 310 346 360 340
278 280 283 286 287 289 290 291 286 289 290 292 298 303 307 301 296 298 303 308 316 324 326 324 318 314 311 309 320 310 306 311 324 314 322 296 283 294 301 285 298 312 310 309 315 326 0 31 0 339 331 329 347 342 342 344 327 346 5 6 2 1 5 8 12 324 359 322 353 339 312 315 314 309 309 310 311 314 312 312 311 311 313 311 305 299 293 288 274 288 296 313 343 352 351
279 280 289 286 292 293 293 294 290 290 296 302 307 307 306 303 297 293 291 293 300 311 320 325 324 322 319 313 315 323 307 315 327 313 328 309 305 309 311 304 292 286 290 299 312 344 356 15 15 354 337 308 314 11 3 352 333 337 15 340 14 11 14 333 332 12 331 346 343 346 342 337 314 313 312 313 313 312 310 312 312 311 313 313 308 301 294 288 271 267 290 312 337 346 360
280 281 283 292 294 294 295 297 298 299 298 298 303 307 309 304 298 293 290 292 295 299 304 311 321 329 329 322 320 321 307 317 330 316 325 304 300 299 295 293 279 272 288 296 296 305 315 1 21 6 341 337 314 325 1 15 352 346 15 17 26 19 352 19 20 17 359 358 353 332 329 327 342 339 327 315 325 313 312 312 312 312 312 313 312 305 296 289 270 267 284 303 333 347 5
281 283 285 287 292 295 296 298 294 295 292 289 288 296 307 310 310 311 313 310 305 301 299 298 293 289 309 321 324 309 310 323 337 311 293 285 270 252 240 236 238 246 262 267 266 275 286 300 347 358 343 338 339 326 358 22 23 15 16 22 22 30 25 22 20 4 3 346 344 341 338 351 349 345 325 321 317 315 313 313 313 313 313 314 316 309 299 291 270 266 280 287 315 347 5
284 286 287 290 293 304 303 300 292 291 289 289 291 290 294 301 305 307 307 301 293 293 292 287 282 282 285 297 306 304 306 325 349 337 318 306 307 355 350 323 255 221 226 246 262 262 266 284 308 336 340 337 342 347 355 1 19 16 17 24 31 34 36 32 32 25 8 7 9 29 4 358 353 351 332 328 324 320 316 314 313 313 312 314 318 313 304 295 287 265 256 273 280 313 6
286 287 289 291 294 297 300 290 303 285 286 291 294 288 285 287 290 286 282 279 282 286 286 282 281 282 287 286 281 294 284 297 338 4 346 345 346 348 346 338 7 319 300 240 239 300 323 282 292 10 8 343 348 351 355 1 2 2 1 1 2 3 4 4 5 5 4 1 357 351 352 23 6 345 340 336 332 327 323 319 315 313 311 312 318 319 310 300 292 267 254 276 285 294 345
289 290 292 293 295 297 277 301 283 283 286 290 287 285 283 285 284 280 280 285 286 284 284 283 281 282 289 285 276 290 275 278 299 324 345 351 3 25 24 2 352 338 16 9 358 347 339 331 326 329 23 23 358 355 358 1 1 1 1 1 6 7 7 7 6 6 5 3 359 355 354 356 357 357 8 6 341 335 330 325 321 316 314 313 318 325 319 306 274 271 244 313 298 304 331
291 293 294 294 296 297 271 301 287 288 290 290 292 289 289 289 286 282 282 283 281 281 289 287 282 286 293 285 281 272 286 287 303 277 287 291 296 314 357 53 46 357 25 21 350 337 20 347 327 330 338 25 27 38 18 5 17 16 5 5 5 14 14 16 16 5 4 3 1 360 358 358 357 351 351 345 342 345 339 332 327 322 318 315 317 330 328 314 305 274 267 330 326 314 332
292 294 295 294 296 298 277 303 304 290 293 296 297 295 292 291 285 279 278 281 282 289 294 285 287 290 293 287 285 289 295 291 287 250 257 258 253 244 277 353 14 4 2 44 40 34 19 14 359 354 10 28 11 5 7 8 9 10 10 10 26 11 12 12 12 12 11 9 7 5 3 1 359 357 355 354 353 350 320 336 334 327 321 317 315 328 334 321 312 309 275 270 355 339 349
293 295 296 293 295 278 300 303 306 294 296 296 297 292 288 288 280 279 282 291 295 297 292 290 289 291 294 291 290 284 285 277 260 223 222 233 242 233 234 250 276 272 268 276 292 333 0 2 352 341 347 1 10 18 22 23 24 26 28 28 15 17 19 21 22 21 19 16 13 11 9 6 4 2 359 356 354 352 349 347 304 334 327 322 316 321 330 325 319 318 316 273 43 356 352
294 295 297 298 296 302 302 307 307 310 311 297 296 289 286 283 281 288 297 301 300 295 290 291 288 297 296 291 293 286 266 272 251 197 227 196 234 224 218 231 251 263 266 266 267 266 282 303 335 337 350 357 7 12 16 18 21 22 23 26 26 27 29 29 29 27 25 21 19 17 15 12 10 7 4 2 357 352 350 349 306 304 6 359 327 324 326 326 325 325 325 327 4 21 351
