examples/cougarCreek-fire/createInputs/WindNinja/wrfout_d3.2015081212.f13/cougarCreekFire_08-13-2015_0100_217m_non_neutral_stability_vel.asc
ncols	146
nrows	140
xllcorner	610065.000000
yllcorner	5095217.000000
cellsize	216.586807
NODATA_value	-9999.000000
[rows 0 to 35 of 140, columns 0 to 81 of 146]
7.75 7.84 8.12 8.28 8.21 8.26 8.35 8.46 8.66 10.79 9.00 9.26 9.47 9.49 9.62 9.82 9.80 9.78 9.83 9.87 10.10 12.17 11.46 11.81 11.64 11.54 11.79 12.10 12.40 12.53 12.40 12.39 12.74 13.08 13.38 13.79 14.33 10.76 13.74 15.21 14.03 14.28 15.90 14.49 15.25 15.62 17.10 17.43 17.75 17.81 17.82 17.75 18.36 19.05 19.68 20.09 19.02 18.03 19.28 20.19 19.45 19.42 20.17 20.67 20.63 19.73 19.85 21.06 22.18 22.71 21.83 20.11 19.67 20.21 21.28 21.76 19.17 18.17 19.83 20.16 20.68 21.18
7.75 7.84 8.12 8.28 8.21 8.26 8.35 8.46 8.66 10.79 9.00 9.26 9.47 9.49 9.62 9.82 9.80 9.78 9.83 9.87 10.10 12.17 11.46 11.81 11.64 11.54 11.79 12.10 12.40 12.53 12.40 12.39 12.74 13.08 13.38 13.79 14.33 10.76 13.74 15.21 14.03 14.28 15.90 14.49 15.25 15.62 17.10 17.43 17.75 17.81 17.82 17.75 18.36 19.05 19.68 20.09 19.02 18.03 19.28 20.19 19.45 19.42 20.17 20.67 20.63 19.73 19.85 21.06 22.18 22.71 21.83 20.11 19.67 20.21 21.28 21.76 19.17 18.17 19.83 20.16 20.68 21.18
7.43 7.66 8.13 8.29 8.19 8.28 8.40 8.52 8.73 8.88 9.03 9.29 9.44 9.44 9.63 9.79 9.73 9.75 9.87 9.98 10.30 12.58 11.69 11.76 11.41 11.42 11.77 12.12 12.40 12.38 12.21 12.29 12.76 13.16 13.45 13.90 14.42 14.79 14.85 15.05 15.44 15.56 15.77 16.26 16.72 16.88 16.66 17.09 17.48 17.44 17.51 17.61 18.35 18.98 19.47 19.15 17.42 17.23 19.10 19.79 18.88 18.98 19.93 20.39 19.77 18.71 19.61 21.33 22.21 21.67 19.61 18.10 18.63 19.93 21.44 21.28 17.83 17.07 19.29 20.13 20.93 21.50
7.01 7.42 8.14 8.36 8.25 8.39 8.56 8.70 8.87 9.03 9.22 9.44 9.55 9.56 9.68 9.74 9.66 9.75 10.00 10.20 10.54 12.86 11.90 11.80 11.46 11.52 11.76 12.10 12.35 12.20 12.14 12.27 12.76 13.24 13.52 13.95 14.45 14.85 14.93 15.04 15.30 15.45 15.80 16.11 16.48 16.60 16.25 16.80 17.31 17.24 17.29 17.43 18.12 18.81 19.05 17.69 15.79 16.85 18.71 19.16 18.87 18.73 19.67 19.93 18.60 18.18 20.08 21.75 21.56 19.58 17.20 16.76 18.19 20.11 21.61 20.32 16.33 15.99 18.76 20.45 21.58 22.02
6.79 7.25 8.01 8.29 8.30 8.45 8.59 11.05 11.21 11.18 9.34 9.53 9.73 9.72 9.66 9.71 9.68 9.84 10.17 10.31 12.16 12.76 13.09 11.93 11.87 11.78 11.65 11.98 12.37 12.34 12.43 12.34 12.66 13.25 13.50 13.92 14.49 15.03 15.25 15.23 15.21 15.53 15.93 15.94 16.23 16.42 16.29 16.85 17.40 17.33 17.05 17.08 17.66 16.62 18.16 16.64 15.75 17.35 18.35 18.84 19.34 18.86 19.39 18.90 17.96 19.11 20.79 20.96 19.30 17.52 16.97 17.63 19.04 20.46 20.83 18.74 15.46 15.78 18.54 20.45 21.77 21.91
6.69 7.13 7.82 8.16 8.30 8.45 8.54 8.68 8.92 11.16 11.38 11.25 9.75 9.71 9.60 9.69 9.69 9.94 11.72 10.27 12.06 12.63 12.97 11.96 12.21 11.90 11.54 12.07 12.64 12.72 12.56 12.15 12.63 13.29 13.42 13.95 14.57 15.12 15.37 15.30 15.25 15.67 15.94 15.76 16.03 16.41 16.50 16.95 17.34 15.85 15.22 15.31 17.17 17.46 17.32 16.63 16.41 17.64 18.41 18.91 19.27 19.07 18.81 17.63 18.24 20.12 18.57 19.14 17.04 16.95 18.15 18.76 19.37 19.75 19.00 17.02 15.09 16.25 18.73 20.21 21.74 21.69
6.57 6.99 7.62 8.03 8.31 8.46 8.52 10.94 11.15 11.07 11.51 11.48 10.96 9.68 9.65 9.64 9.73 10.01 11.63 11.78 11.95 12.33 12.69 12.96 12.77 12.04 11.86 12.79 13.21 12.88 12.23 12.05 12.92 13.30 13.26 13.98 14.66 15.08 15.39 15.16 15.41 15.88 15.47 15.76 16.10 16.04 15.73 15.64 15.47 15.14 12.65 16.35 15.16 16.80 17.10 17.21 17.06 17.77 18.50 18.72 19.06 17.10 15.69 17.31 19.06 18.41 19.23 17.52 16.36 17.81 19.19 18.79 18.35 18.12 17.49 16.43 15.76 17.09 18.87 19.92 21.55 21.37
6.42 6.86 7.50 7.96 8.30 8.43 8.46 10.80 11.03 11.26 11.39 11.56 11.22 10.42 9.98 9.64 9.78 10.90 11.28 11.74 11.86 12.13 12.54 13.14 13.01 12.34 12.31 12.79 13.26 12.63 11.98 12.75 13.43 13.00 13.04 14.03 14.70 14.98 15.33 15.51 15.86 15.83 15.54 15.70 15.93 15.36 14.93 15.09 15.00 12.57 14.55 15.08 16.37 16.62 17.21 17.40 17.36 17.88 18.35 18.36 16.88 16.32 17.23 18.03 19.29 17.32 18.14 16.79 16.97 18.57 18.67 17.44 16.99 17.17 17.21 16.52 16.08 17.46 19.02 19.91 21.06 20.66
6.34 6.84 7.49 7.91 8.22 10.23 8.39 10.28 10.91 11.14 11.27 11.45 11.30 10.67 10.11 9.66 10.31 10.71 11.07 11.71 11.91 12.16 16.68 17.19 13.15 12.76 12.57 12.78 13.02 12.53 12.05 12.90 12.89 12.60 12.95 14.58 14.84 15.05 15.50 16.10 16.36 15.97 15.79 16.26 16.17 15.32 14.99 15.11 15.25 15.20 15.29 14.98 14.36 15.14 15.88 17.39 17.61 18.01 16.38 17.81 16.42 17.96 17.91 18.52 16.90 16.46 15.65 15.28 17.57 18.25 17.29 16.21 16.72 17.51 17.14 15.99 16.05 18.05 19.58 20.00 20.22 19.81
6.37 6.86 7.46 7.81 8.08 10.23 10.35 10.44 10.44 10.68 10.91 11.08 14.45 10.86 10.15 9.91 10.16 10.24 10.86 15.37 16.26 12.14 12.14 12.67 17.53 13.19 12.92 12.75 12.85 12.98 12.26 12.59 12.75 12.56 13.45 14.47 14.80 15.18 15.87 16.64 16.56 15.84 15.90 16.40 15.92 15.04 15.07 15.47 15.40 15.31 15.05 14.58 13.69 15.00 17.05 17.57 17.81 17.88 16.25 17.28 17.69 18.48 18.61 16.38 16.04 16.18 15.82 15.77 17.50 17.22 16.26 16.00 17.02 17.71 16.45 15.24 16.71 19.34 20.05 19.58 19.27 19.16
7.39 6.86 7.38 7.71 7.98 8.09 10.18 10.47 10.65 10.78 10.74 10.86 10.98 14.26 10.30 10.26 10.11 9.65 10.73 11.45 16.20 15.59 12.03 12.40 18.37 15.17 13.00 12.71 12.99 13.13 12.12 12.45 12.78 12.54 13.45 14.38 14.91 15.63 16.40 16.93 16.68 15.88 15.68 13.69 13.34 13.41 14.95 15.32 15.30 12.94 12.44 12.06 14.49 16.30 17.28 17.71 17.65 16.74 17.21 17.23 18.14 18.35 16.69 15.57 15.78 16.22 15.59 15.40 17.00 16.29 15.94 16.32 16.99 17.19 15.92 15.42 17.97 20.38 19.68 18.56 18.47 18.60
6.42 6.83 8.61 9.15 9.62 9.88 8.18 10.35 10.55 13.54 13.74 10.71 10.64 10.84 10.49 10.61 9.88 9.96 10.88 11.32 16.00 15.61 15.93 12.28 13.13 16.82 12.49 13.15 14.41 13.13 12.04 12.42 12.59 12.57 13.46 14.34 15.10 16.02 16.70 17.18 17.20 15.59 14.39 13.94 13.21 12.96 15.09 15.52 13.61 12.44 12.26 14.12 15.55 16.67 17.64 16.86 16.50 16.48 16.41 17.45 18.50 16.91 16.01 15.36 15.47 17.47 16.93 16.70 16.53 15.71 15.74 16.43 16.83 16.69 15.92 16.37 19.03 20.34 18.61 17.55 17.84 18.02
6.45 6.81 7.31 8.97 9.42 9.78 8.16 10.06 10.22 10.47 14.04 14.13 13.46 10.30 10.31 10.43 9.72 10.23 11.03 11.23 15.52 15.70 15.92 17.57 12.92 19.01 13.06 13.96 14.68 12.39 12.16 12.32 12.51 12.84 13.61 14.45 15.27 16.06 16.79 17.84 18.64 15.42 13.64 13.63 13.05 13.38 15.73 14.67 13.46 14.26 14.38 14.71 15.90 17.13 17.21 16.28 16.09 16.08 16.09 17.44 16.44 16.12 15.58 17.34 17.24 17.03 16.47 16.42 16.28 15.43 15.51 16.58 16.90 16.33 16.15 17.43 19.41 19.35 17.55 17.00 17.31 17.48
6.50 6.81 7.32 7.65 7.85 9.63 8.19 8.32 9.80 10.10 10.50 14.19 14.50 13.55 10.15 10.12 9.82 10.07 10.75 14.62 15.45 16.01 15.74 16.66 19.07 19.02 14.04 14.43 13.87 11.52 11.11 12.07 14.38 15.07 16.41 17.57 17.35 17.71 20.00 21.93 18.42 15.55 12.67 13.20 13.36 15.54 16.32 14.73 13.52 14.33 14.77 15.39 16.34 17.41 16.73 15.98 15.60 15.23 15.31 15.60 15.75 15.35 17.13 17.25 17.01 16.65 16.42 16.40 16.17 15.60 15.72 16.71 16.84 16.22 16.65 18.06 18.97 18.03 16.77 16.71 16.71 16.97
6.53 6.88 7.38 7.66 7.86 8.06 8.19 8.26 8.36 10.01 10.20 10.27 10.40 14.76 14.55 12.76 11.63 11.71 12.92 13.86 14.13 15.22 14.89 15.36 18.04 18.74 15.04 14.64 13.45 11.45 10.65 11.98 15.45 15.91 16.92 18.07 17.46 17.88 21.02 23.51 14.56 14.88 12.84 13.77 14.56 15.79 15.34 13.85 12.45 12.40 15.18 16.07 16.39 16.91 16.47 16.34 14.74 15.00 15.12 15.53 17.30 16.96 16.76 16.96 15.09 15.44 15.62 15.48 16.29 16.06 15.75 16.49 16.58 16.56 16.98 17.80 18.05 17.16 16.42 16.51 16.48 16.83
6.61 7.01 7.49 7.67 7.83 8.05 9.78 9.85 9.90 9.96 10.09 10.27 14.31 14.21 15.09 15.46 12.88 12.22 13.53 14.46 14.03 15.02 14.71 14.07 17.10 18.39 15.87 14.63 13.23 11.28 11.39 14.56 15.68 16.03 17.15 17.42 17.92 18.91 20.57 20.97 14.22 13.08 13.44 13.81 14.69 14.85 13.64 12.71 11.91 13.30 15.99 16.41 15.05 15.10 16.36 16.48 14.28 14.93 14.08 15.57 15.38 15.00 15.44 15.82 16.15 16.27 15.38 16.34 16.68 16.45 16.04 16.08 16.40 16.84 16.96 17.14 17.30 16.98 16.47 16.35 16.54 16.84
6.80 7.17 7.61 7.71 7.84 8.05 8.18 9.70 9.89 9.84 9.88 10.25 14.61 14.83 14.94 15.21 15.48 14.52 15.40 15.99 15.38 16.00 14.52 12.30 14.69 17.80 15.92 14.29 12.19 10.83 12.63 15.50 15.23 15.38 16.41 16.67 17.97 19.58 20.05 18.42 15.56 13.93 13.38 12.89 13.05 12.86 12.62 12.03 12.51 14.27 15.97 14.06 12.88 13.00 14.79 15.63 14.61 13.53 14.96 14.84 14.97 15.24 15.89 15.71 16.07 15.39 16.14 15.48 16.74 16.10 15.31 15.53 16.07 16.62 16.69 16.50 16.55 16.62 16.34 16.03 16.21 16.45
7.01 7.31 7.68 7.83 7.93 7.99 9.66 9.63 9.81 12.86 9.79 10.17 14.86 14.96 14.64 13.65 14.25 15.62 16.19 17.00 17.57 17.84 16.44 12.18 13.79 16.85 15.80 13.84 12.10 11.70 13.85 15.21 15.08 15.45 14.95 16.14 18.00 20.00 19.92 17.19 15.28 13.89 13.16 12.63 11.99 11.75 11.77 11.59 12.71 13.67 12.65 11.81 11.30 12.53 13.50 14.61 13.31 14.19 14.42 13.99 14.82 15.09 15.05 14.67 14.74 15.88 15.39 13.64 14.03 14.98 14.46 14.96 15.55 16.00 16.15 15.85 15.73 15.92 15.90 15.57 15.55 15.82
7.16 7.39 7.71 7.95 8.01 7.90 8.03 9.63 12.63 12.80 9.82 10.22 14.69 14.38 14.29 14.78 15.13 15.85 16.35 16.63 17.46 17.57 17.92 14.12 14.05 15.70 15.16 13.18 12.63 13.10 14.46 14.84 14.79 15.52 14.16 16.56 18.84 20.10 19.26 17.32 15.63 13.85 12.22 11.43 11.20 11.60 11.42 11.29 12.61 12.32 11.43 10.41 10.96 14.52 12.98 12.12 13.75 14.65 12.77 13.85 14.82 13.90 14.04 13.86 15.45 13.34 12.57 12.96 14.88 14.05 14.01 14.58 14.99 15.31 15.65 15.35 15.02 15.20 15.29 15.04 14.96 15.17
7.29 7.45 7.77 8.02 8.02 7.89 9.50 9.72 12.89 12.92 9.78 14.23 14.25 14.27 14.69 14.37 15.07 16.28 16.51 16.99 17.60 16.43 17.56 16.46 16.48 15.54 13.93 12.93 13.24 14.24 14.55 14.78 12.94 11.12 11.53 17.18 19.11 20.77 19.44 17.21 15.54 13.09 11.36 9.94 10.14 10.90 10.90 10.58 10.12 9.94 10.40 10.40 13.58 13.23 11.54 12.96 13.99 14.02 12.99 13.17 14.11 12.94 13.22 13.61 13.50 14.29 13.90 13.99 13.90 13.54 13.70 14.18 14.34 14.69 15.19 14.71 14.23 14.50 14.62 14.48 14.41 14.52
7.39 7.53 7.83 9.36 9.22 9.24 9.49 9.73 9.62 12.98 9.76 14.15 14.15 14.20 15.21 15.75 15.03 15.78 15.78 16.97 17.20 15.46 17.18 18.12 18.88 15.96 13.14 13.32 13.96 14.71 15.03 14.50 11.17 9.48 11.08 18.09 18.72 18.85 20.06 15.62 13.43 10.97 9.87 9.14 9.80 10.15 10.02 9.59 12.40 8.75 9.80 10.87 12.96 10.50 12.50 13.99 13.89 12.78 11.99 12.54 13.26 12.27 12.90 13.47 14.10 13.59 13.18 13.14 13.15 13.08 13.28 13.63 13.73 14.15 14.54 13.89 13.55 13.97 14.15 13.97 13.86 13.98
7.42 7.63 7.87 9.27 9.20 9.30 9.53 9.60 9.60 13.22 13.44 14.05 13.51 14.39 14.23 9.80 15.60 16.23 16.84 16.99 17.15 15.57 17.15 17.83 17.71 16.41 14.37 14.50 14.63 14.70 15.41 13.14 9.34 8.11 11.14 16.76 18.34 18.89 19.43 13.98 10.19 9.85 8.69 8.41 9.54 10.18 10.00 9.12 7.96 10.55 10.33 11.61 11.03 11.57 13.30 14.53 12.70 11.16 10.69 12.62 12.55 11.52 11.89 13.38 12.16 11.55 11.08 10.81 12.39 12.42 12.79 13.17 13.18 13.52 13.66 13.15 13.11 13.52 13.65 13.42 13.26 13.45
7.44 7.71 7.89 8.02 9.29 9.41 9.39 9.57 9.62 13.11 13.65 14.53 14.92 12.30 14.89 9.70 14.27 9.68 16.43 16.49 16.74 16.97 17.37 17.80 18.71 17.15 14.98 15.45 14.80 14.25 14.65 10.77 7.16 9.65 11.53 14.18 19.59 21.41 19.40 13.46 9.63 6.34 7.05 8.46 9.37 9.42 9.17 8.54 9.27 11.33 11.29 12.71 12.20 12.26 13.43 12.70 11.92 11.06 10.88 12.47 11.11 10.50 11.40 11.07 10.86 10.68 10.74 11.76 11.68 11.90 12.48 12.70 12.51 12.70 12.79 12.65 12.84 13.00 12.97 12.81 12.70 12.92
7.51 7.74 7.92 8.03 8.12 8.08 9.30 9.49 13.47 13.22 13.72 14.68 15.07 13.31 15.13 15.02 15.64 16.05 16.43 16.75 16.17 16.69 17.18 17.26 18.32 19.67 14.70 15.44 14.60 14.09 14.30 9.39 6.56 8.21 12.21 16.89 20.17 21.50 20.02 14.54 8.02 5.01 7.40 8.54 9.02 8.72 8.60 8.69 10.41 10.76 12.09 11.33 13.30 14.15 13.97 11.73 11.81 11.05 10.34 10.26 9.17 10.31 10.61 11.61 11.17 10.66 10.50 10.57 11.20 11.61 12.03 11.92 11.72 11.96 12.17 12.29 12.53 12.41 12.24 12.25 12.30 12.48
7.54 7.74 7.93 8.04 8.10 8.03 9.37 9.43 9.51 13.98 13.98 14.60 15.09 14.88 14.54 15.07 15.73 16.35 16.57 16.82 17.25 16.61 16.06 17.13 17.70 20.07 15.72 14.66 15.20 15.98 14.75 9.39 7.47 9.57 16.28 19.36 20.59 20.83 17.28 11.68 5.62 5.33 7.54 10.99 8.01 8.82 8.96 8.51 9.08 9.81 12.79 11.62 12.92 12.55 11.73 10.38 9.64 8.81 8.57 8.71 8.40 9.52 10.70 11.53 10.52 10.00 10.27 10.22 10.85 10.10 11.22 11.06 11.12 11.42 11.62 11.83 12.06 11.78 11.56 11.74 11.93 12.04
7.51 7.70 7.94 8.02 8.12 8.10 9.43 9.51 9.47 14.43 14.03 14.62 14.72 15.17 14.83 15.28 15.84 16.41 16.56 16.63 17.25 17.12 15.96 16.60 17.51 19.44 15.90 12.68 16.47 19.13 14.14 8.80 10.07 10.56 12.74 16.49 20.25 18.80 12.07 8.49 4.69 6.08 8.80 9.03 8.39 10.25 7.03 9.58 8.58 10.33 10.01 13.86 11.39 11.81 10.60 8.75 7.89 10.24 7.75 8.26 8.09 9.16 10.60 8.22 9.08 9.36 9.76 9.44 8.91 8.67 8.56 10.41 10.62 10.90 11.09 11.36 11.45 11.14 10.97 11.19 11.42 11.55
7.49 7.68 7.92 8.02 9.51 9.41 9.52 9.45 13.86 14.41 14.51 14.52 14.48 14.44 15.28 15.47 15.81 16.32 16.39 16.63 17.19 17.22 16.71 17.25 17.81 19.43 14.91 11.07 17.26 19.34 11.94 6.83 9.83 10.42 16.72 20.66 20.49 17.24 10.93 7.45 6.77 9.87 10.94 10.28 9.44 8.76 8.50 8.70 9.70 10.99 9.88 12.78 11.46 11.90 11.16 9.47 8.00 7.29 7.90 8.27 8.23 8.93 9.32 8.37 7.82 7.30 8.48 8.37 7.95 7.73 7.77 9.82 10.06 10.35 10.59 10.71 10.63 10.48 10.43 10.62 10.89 11.14
7.51 7.67 7.90 8.11 9.64 9.58 9.61 9.62 13.44 14.36 14.37 14.67 14.99 14.40 15.24 15.52 15.84 16.33 16.24 16.67 17.16 17.40 17.42 17.46 18.20 18.97 16.16 11.25 16.82 16.29 9.83 6.58 9.89 13.37 20.50 23.81 22.16 16.90 12.61 11.29 12.01 13.50 12.79 10.73 9.47 9.16 9.28 8.50 8.42 11.31 9.38 12.52 11.12 12.82 11.74 8.96 7.68 7.88 8.24 7.91 7.58 7.22 6.11 5.22 4.89 4.93 5.48 7.25 7.37 7.67 7.95 9.28 9.49 9.77 9.92 9.87 9.87 9.94 9.97 10.14 10.48 10.78
7.54 7.71 7.99 8.22 8.34 9.52 9.58 9.60 9.42 14.37 14.53 14.59 15.07 14.26 14.92 15.22 15.49 16.27 16.51 16.87 17.52 17.76 17.83 17.73 17.50 18.09 19.38 16.20 16.32 13.58 8.90 8.66 13.84 18.27 22.64 23.25 20.21 16.17 15.43 16.47 16.93 16.39 13.63 10.55 8.74 9.01 8.79 8.25 9.42 8.36 8.90 12.00 11.01 13.51 10.26 7.82 7.20 7.44 6.72 5.45 4.92 5.05 4.93 4.81 4.50 4.27 4.26 6.13 6.46 6.94 7.31 8.68 8.82 9.06 9.15 9.16 9.34 9.47 9.53 9.73 10.07 10.35
7.60 7.80 8.11 8.25 8.32 9.47 9.63 14.17 13.66 14.41 14.70 14.42 14.77 14.78 14.99 15.28 15.59 16.22 16.56 16.91 17.66 17.76 17.65 17.69 17.34 17.57 19.05 20.90 16.34 12.04 11.18 14.67 20.56 23.88 24.96 24.65 21.37 17.47 17.20 18.32 18.68 17.38 14.54 11.80 9.89 8.83 8.08 8.98 7.66 8.19 8.76 12.16 11.49 12.31 7.83 6.75 6.24 6.35 6.15 5.78 5.45 5.42 5.12 4.77 4.53 5.74 5.57 5.63 5.78 5.90 6.21 7.93 8.18 8.47 8.61 8.70 8.90 9.01 9.12 9.38 9.69 9.93
7.76 7.92 8.17 8.28 8.36 9.54 9.49 9.53 14.49 14.78 15.29 15.07 14.91 15.07 14.93 15.29 16.01 15.97 16.34 16.68 17.48 17.07 17.23 16.94 17.09 18.02 19.49 20.77 16.00 12.13 15.31 21.64 24.36 23.64 22.57 22.16 15.95 14.52 19.80 20.82 19.90 19.84 17.94 13.04 11.42 9.98 10.49 12.03 7.66 8.12 8.35 12.56 10.80 7.88 6.50 6.85 7.94 7.56 6.70 6.19 5.75 4.95 4.46 4.27 4.31 5.49 5.77 5.91 6.03 6.32 6.89 7.55 7.88 8.17 8.29 8.35 8.50 8.62 8.79 9.04 9.31 9.45
7.96 8.07 8.22 8.33 8.44 9.48 9.54 9.63 14.31 14.67 14.32 14.79 15.08 15.22 15.11 15.50 16.34 16.71 16.80 17.10 16.95 14.78 15.97 16.26 17.34 19.07 20.00 20.62 19.33 12.94 17.67 22.48 22.65 20.57 17.81 13.89 12.33 16.33 18.84 17.36 17.60 17.22 17.36 17.00 15.74 10.55 10.32 14.21 7.96 7.79 7.89 8.11 9.03 7.16 8.04 9.70 8.82 7.60 6.61 5.93 5.15 4.33 3.94 4.33 4.72 4.82 5.17 5.11 5.14 5.32 5.55 5.46 5.43 5.58 7.68 7.81 8.05 8.26 8.48 8.66 8.92 9.03
8.01 8.22 8.34 8.33 8.43 9.57 9.69 9.59 14.11 14.51 14.44 14.37 15.29 15.10 15.41 15.92 16.12 16.79 17.34 17.66 17.81 16.44 15.51 15.01 17.96 19.91 20.73 20.76 21.11 14.27 19.88 22.99 19.81 18.24 13.21 12.33 13.29 17.08 15.72 14.14 13.28 12.87 13.16 13.75 15.60 14.90 10.40 7.83 9.05 7.84 7.86 7.81 11.15 8.25 9.73 9.39 6.72 5.61 5.33 5.56 5.56 5.22 4.71 4.16 3.63 6.02 3.00 6.12 2.08 1.16 6.40 4.31 4.33 6.75 7.03 7.31 7.59 5.12 8.02 8.23 8.54 8.68
7.96 8.34 9.05 8.42 9.55 9.71 9.80 9.75 14.27 14.41 14.62 15.32 15.29 15.39 15.87 16.15 16.34 15.88 15.82 16.22 17.41 18.35 18.40 17.89 18.14 19.25 20.74 20.91 21.15 19.17 22.56 24.02 19.16 16.09 12.91 15.60 16.47 16.79 15.09 13.47 12.04 10.22 10.31 11.89 15.26 6.10 6.73 8.34 8.91 7.98 7.93 7.49 5.08 8.39 8.68 6.13 4.98 4.28 4.00 5.19 4.88 5.04 4.73 5.84 5.82 4.17 5.82 4.46 4.29 4.19 5.36 5.81 6.12 6.40 6.75 6.94 7.05 7.17 4.26 7.71 7.95 8.10
7.98 8.40 8.91 9.37 9.65 9.81 9.76 14.35 14.91 14.93 15.47 15.94 15.89 15.79 15.81 16.13 16.30 15.92 15.62 15.58 16.18 17.41 18.07 19.34 20.77 20.04 20.23 20.92 21.59 21.03 25.32 22.99 16.70 14.43 10.98 13.38 12.92 11.39 11.52 12.64 11.54 10.11 10.51 10.36 13.67 12.18 2.62 3.28 5.30 6.26 7.08 7.55 4.81 2.97 2.92 3.66 4.87 4.77 4.22 4.15 4.12 4.66 5.50 5.93 5.93 5.58 5.28 5.54 6.49 5.58 5.82 6.03 6.61 5.28 4.52 6.25 4.21 6.58 6.92 7.20 7.41 7.67
8.13 8.56 9.10 9.10 9.92 9.98 9.83 9.74 14.47 14.60 14.51 13.18 14.48 15.62 16.19 16.18 16.35 16.47 16.79 17.08 18.06 17.86 17.61 17.88 17.58 16.15 19.81 20.51 22.28 22.28 27.07 21.49 16.14 13.86 13.60 11.99 11.23 10.67 11.30 12.76 13.43 12.52 11.05 9.95 9.50 10.91 12.12 11.02 3.24 4.59 6.20 6.49 6.21 3.13 3.05 2.96 4.89 5.51 5.30 5.30 5.57 6.35 6.79 7.15 7.22 6.33 6.67 5.84 5.94 6.02 6.06 6.64 5.70 4.90 5.81 5.76 5.88 6.12 6.44 6.73 7.05 7.39
