examples/cougarCreek-fire/createInputs/WindNinja/wrfout_d3.2015080912.f19/cougarCreekFire_08-10-2015_0700_217m_non_neutral_stability_vel.asc
ncols	146
nrows	140
xllcorner	610065.000000
yllcorner	5095217.000000
cellsize	216.586807
NODATA_value	-9999.000000
[rows 0 to 34 of 140, columns 0 to 78 of 146]
6.35 3.45 3.48 4.20 6.28 4.03 3.14 2.37 1.70 2.32 3.81 5.63 6.27 5.07 4.09 4.04 1.99 2.66 4.03 3.96 3.89 5.00 6.89 8.64 8.86 7.46 6.51 7.05 7.46 6.21 4.69 4.31 6.01 5.86 5.97 6.33 6.50 6.13 5.87 6.15 6.65 6.58 6.49 7.13 7.67 7.39 7.00 7.95 8.74 13.93 9.90 22.93 12.95 17.12 14.88 14.20 17.23 29.25 17.28 15.60 13.92 19.72 15.11 14.82 15.58 20.08 18.06 19.39 21.30 21.67 19.42 16.88 14.99 13.84 14.11 15.61 18.88 23.34 26.01
6.35 3.45 3.48 4.20 6.28 4.03 3.14 2.37 1.70 2.32 3.81 5.63 6.27 5.07 4.09 4.04 1.99 2.66 4.03 3.96 3.89 5.00 6.89 8.64 8.86 7.46 6.51 7.05 7.46 6.21 4.69 4.31 6.01 5.86 5.97 6.33 6.50 6.13 5.87 6.15 6.65 6.58 6.49 7.13 7.67 7.39 7.00 7.95 8.74 13.93 9.90 22.93 12.95 17.12 14.88 14.20 17.23 29.25 17.28 15.60 13.92 19.72 15.11 14.82 15.58 20.08 18.06 19.39 21.30 21.67 19.42 16.88 14.99 13.84 14.11 15.61 18.88 23.34 26.01
10.27 5.92 4.73 7.57 11.58 9.67 4.56 2.08 7.90 10.30 9.77 9.36 6.96 2.77 8.10 6.90 9.19 3.26 3.53 4.29 4.15 5.30 7.19 8.18 8.14 7.80 8.18 8.52 7.50 7.61 6.97 12.76 3.04 4.12 5.70 6.52 15.07 16.38 10.13 18.96 17.28 20.11 19.92 20.58 20.83 12.22 20.39 22.20 21.54 23.46 23.68 26.20 24.93 16.70 15.60 16.39 19.33 29.54 16.86 17.77 24.92 28.17 25.44 27.40 25.37 28.45 18.04 20.05 28.24 22.69 20.81 17.45 22.50 14.86 16.06 23.21 25.82 22.37 24.58
8.25 7.24 5.53 9.66 10.55 9.69 10.82 8.39 7.68 3.45 10.13 10.92 4.32 3.10 6.80 4.92 9.21 9.66 8.83 3.76 4.23 5.27 4.51 7.92 7.62 6.60 11.13 9.37 5.82 6.00 14.19 12.86 10.74 12.35 12.04 10.42 12.92 16.41 17.30 19.15 18.46 18.95 18.08 19.20 19.31 21.02 23.49 21.07 24.01 24.86 24.57 23.13 22.71 17.47 15.17 17.07 19.62 28.69 27.76 30.43 28.92 28.49 28.29 30.08 28.74 29.36 19.23 30.39 27.33 23.40 26.21 26.83 17.78 19.36 21.31 27.87 28.04 21.90 22.77
5.57 10.82 6.19 9.81 11.14 9.84 4.87 8.20 4.84 6.39 10.10 12.22 4.97 4.13 2.07 8.42 11.22 9.90 11.15 9.79 2.31 4.41 6.83 13.69 7.62 6.25 5.16 13.59 13.03 13.59 13.16 12.68 13.23 12.90 15.57 14.05 14.49 18.67 17.74 18.45 19.70 18.88 20.29 20.80 19.23 21.43 24.14 24.31 25.17 24.13 24.72 23.67 23.50 17.53 18.09 19.36 30.69 23.62 32.76 19.66 27.92 34.84 32.44 30.69 33.38 20.54 32.36 23.90 24.23 28.31 31.37 21.87 23.77 25.65 32.55 27.79 23.87 22.07 22.71
9.26 10.09 6.47 9.94 10.93 11.34 11.49 12.12 10.70 8.50 7.63 10.94 7.97 3.88 4.07 3.46 13.36 10.38 9.89 3.29 1.98 3.78 6.33 10.74 15.63 6.04 5.57 15.24 14.89 15.17 14.99 17.71 14.79 15.04 17.59 15.34 16.90 19.15 21.94 21.24 22.05 20.45 21.72 21.98 21.86 23.31 23.65 24.54 25.56 24.56 23.72 23.73 21.92 16.97 23.54 30.01 30.60 24.68 19.49 34.71 33.33 36.06 32.51 36.32 23.63 33.91 30.02 25.52 29.84 34.87 23.22 31.40 33.17 27.98 27.08 24.51 25.75 20.69 22.10
12.51 10.34 5.85 5.64 9.77 10.43 10.72 5.16 11.09 12.15 9.75 8.92 12.52 4.99 2.49 5.48 15.58 12.29 3.70 2.35 1.58 0.48 3.23 6.08 16.64 6.27 17.74 14.25 16.70 17.30 15.28 18.01 17.20 15.94 17.46 15.65 17.73 20.74 19.27 21.18 20.70 22.94 22.88 22.59 23.53 19.98 23.35 23.73 14.50 16.22 16.75 17.23 23.46 25.68 27.69 27.12 28.13 30.58 30.33 31.66 33.50 29.21 30.67 37.94 28.94 30.82 30.62 31.80 36.63 24.44 34.27 31.23 25.36 24.26 23.01 28.72 20.98 20.74 20.97
12.40 12.39 11.20 10.03 9.76 12.37 12.67 10.66 9.06 6.89 9.94 9.07 11.59 8.71 7.69 5.92 12.79 11.49 12.95 1.62 1.72 1.75 3.20 5.94 16.20 6.65 5.80 19.59 16.82 6.58 17.90 20.04 16.34 18.30 19.56 16.55 20.11 21.84 22.27 21.31 22.29 23.46 24.09 22.09 22.08 21.86 19.94 13.93 14.64 15.49 24.41 25.97 25.44 25.26 26.55 26.61 27.91 26.80 28.42 27.78 26.51 27.81 35.25 21.19 34.30 31.56 31.12 34.45 35.98 34.21 24.82 23.32 26.77 29.36 20.13 28.33 21.20 20.39 19.89
13.32 12.38 10.86 10.62 10.02 12.45 13.70 12.97 12.12 11.15 12.17 7.40 7.81 14.46 4.33 3.10 4.93 12.11 11.01 1.53 1.67 2.41 4.12 6.74 17.62 7.12 6.67 20.48 17.15 17.45 18.65 20.02 18.89 19.87 21.59 18.40 22.05 23.08 22.62 23.20 25.42 23.49 25.37 26.50 13.46 23.14 22.42 19.12 25.15 24.65 26.39 25.96 22.98 23.62 21.29 23.57 26.59 24.55 23.00 21.26 25.23 28.03 29.58 30.86 28.22 28.14 30.01 34.04 32.90 29.12 22.65 33.76 27.02 19.08 28.04 27.03 19.05 18.75 20.08
14.18 12.67 10.99 11.07 9.31 11.72 12.46 13.61 13.25 11.52 11.83 12.32 11.24 12.86 16.45 6.42 5.05 3.50 14.11 1.53 0.87 2.24 2.13 5.78 7.63 21.09 6.97 20.50 22.24 19.58 19.11 21.99 21.74 22.43 23.00 20.77 23.46 24.76 22.26 24.09 27.40 27.00 28.54 23.61 26.90 16.00 24.10 26.06 23.68 25.66 25.53 21.74 22.44 23.41 27.47 26.66 26.34 24.48 23.11 26.15 27.54 14.26 27.16 24.81 25.23 28.12 30.48 33.17 31.86 30.76 33.01 21.43 21.00 29.88 30.36 18.68 18.45 19.80 22.05
10.21 14.97 13.66 11.06 10.80 9.84 9.63 11.92 12.39 12.01 12.54 11.91 11.42 10.93 6.43 5.93 4.79 4.49 14.33 11.08 0.89 10.56 1.74 4.05 6.93 19.89 6.39 19.75 21.67 18.73 19.69 23.99 22.22 24.37 25.24 24.34 27.18 26.62 25.81 30.04 28.58 29.29 16.89 27.67 27.33 18.72 27.61 25.90 26.65 23.02 18.44 22.92 28.42 27.23 26.86 27.74 27.40 25.42 28.04 26.20 20.50 26.33 23.04 22.13 25.22 25.15 25.36 27.46 27.73 28.98 32.70 29.86 31.31 28.14 30.14 19.43 19.66 21.58 23.44
11.96 16.66 15.83 15.14 13.62 12.09 9.69 10.38 12.74 13.90 13.69 13.35 13.12 11.29 11.51 12.31 3.25 4.68 11.60 13.23 0.95 11.88 1.83 2.50 5.45 13.39 7.34 23.28 23.63 19.82 21.43 26.96 26.78 28.80 28.68 27.16 28.06 28.46 30.37 30.81 33.11 16.06 29.07 16.81 17.68 18.81 28.56 28.38 25.18 22.81 26.25 28.20 29.49 29.33 28.78 28.07 27.65 26.71 26.93 20.71 25.28 22.70 20.74 22.53 22.30 17.94 17.19 18.30 19.14 19.87 25.54 27.32 20.15 30.58 20.64 20.23 20.65 21.99 23.10
15.46 14.66 15.45 15.06 15.12 12.34 11.20 8.60 9.52 14.30 14.21 13.99 13.83 15.04 6.89 5.60 4.49 14.65 11.56 14.37 11.94 13.22 14.20 1.94 3.44 5.91 7.64 20.84 23.31 12.97 24.99 27.23 29.81 17.22 31.12 30.18 30.94 30.56 29.24 17.48 32.57 16.05 15.63 26.92 15.46 25.56 29.19 24.72 24.60 24.87 28.17 30.55 28.76 29.19 29.94 29.34 27.27 26.40 25.58 25.17 17.45 15.14 18.90 17.65 14.45 13.82 13.64 14.34 15.34 16.17 16.96 18.40 27.56 31.82 20.76 20.92 21.34 21.78 22.07
11.55 12.52 10.44 12.17 13.77 12.50 10.93 5.96 9.39 10.22 10.31 13.63 14.27 16.16 8.96 7.96 5.87 12.92 14.36 12.85 12.50 12.41 13.66 12.80 1.87 4.03 20.36 24.16 21.87 15.09 23.25 27.46 28.88 31.04 29.59 28.73 31.00 31.87 18.36 18.60 28.58 16.13 15.04 13.96 22.68 28.30 28.27 26.07 24.94 28.17 29.41 29.27 26.70 27.87 26.64 25.71 24.49 21.51 21.58 18.50 12.63 13.56 13.25 14.52 14.69 14.32 16.75 16.96 18.34 21.01 13.85 16.88 19.36 20.97 21.59 21.25 20.28 19.58 20.05
9.70 7.38 9.52 8.91 9.74 10.09 10.95 10.12 6.67 7.97 9.13 7.45 9.88 11.92 17.36 9.86 7.53 5.71 15.85 14.93 14.87 14.23 15.32 17.27 2.91 4.23 19.40 20.58 21.63 13.89 21.78 25.24 28.82 28.00 27.73 25.42 29.26 29.25 15.33 16.47 16.98 15.89 14.74 22.18 28.61 27.24 28.26 22.25 23.31 27.19 29.14 28.37 28.12 28.04 27.03 26.29 23.26 20.47 19.28 17.00 14.55 14.96 15.88 13.52 15.17 18.98 19.97 20.68 20.88 11.77 18.90 18.29 16.32 18.82 19.40 19.20 17.80 16.49 16.96
8.66 9.23 9.92 9.67 9.32 10.97 12.53 11.11 9.40 6.04 4.50 5.24 8.93 8.34 9.84 16.06 10.85 9.77 20.25 18.23 17.24 16.90 16.66 17.86 19.64 19.29 20.05 21.87 19.66 11.88 21.26 26.70 27.45 12.91 25.94 26.45 25.19 13.05 12.70 12.77 25.45 14.73 14.95 24.08 28.63 26.84 22.05 21.77 23.01 29.19 27.23 27.57 26.69 24.35 24.81 23.48 20.18 21.18 20.24 17.63 17.56 18.71 19.09 19.46 19.58 18.95 18.82 20.51 15.74 19.88 16.45 14.28 13.59 13.97 14.80 15.53 15.68 15.11 17.78
9.94 9.28 9.62 11.73 10.33 9.61 11.37 11.05 9.89 9.07 7.38 6.97 11.37 12.56 9.43 9.52 11.78 19.17 19.97 20.75 21.05 21.64 20.28 6.12 20.38 20.45 21.29 16.77 10.64 15.60 22.08 25.63 23.13 28.54 24.80 27.08 12.45 12.59 12.29 27.95 13.19 14.36 14.93 15.50 24.01 22.16 21.74 22.92 25.95 28.80 28.36 24.56 22.20 22.92 23.62 16.33 19.21 17.95 20.37 18.23 15.42 17.76 17.96 17.77 18.77 16.47 19.00 19.64 17.09 9.77 8.14 12.24 10.89 10.75 11.51 12.16 13.02 13.96 13.47
12.44 9.60 8.08 10.64 10.61 8.11 7.39 9.57 9.96 9.04 9.18 6.39 7.23 8.41 7.97 6.67 8.17 10.35 12.92 10.91 16.80 17.67 17.10 6.67 20.22 19.47 20.42 14.72 9.94 16.49 24.32 24.97 25.88 27.13 24.82 24.85 13.01 13.15 12.96 28.38 13.39 14.58 15.23 23.85 23.03 22.46 22.23 27.06 26.98 28.56 24.45 19.95 20.27 23.08 18.14 17.40 21.31 16.01 18.27 20.69 17.61 16.81 16.21 17.63 18.17 12.43 11.75 9.42 7.66 5.83 9.03 13.95 14.05 11.14 9.57 9.04 10.28 11.34 12.41
16.49 13.72 11.35 11.54 13.61 12.83 10.31 11.27 12.37 11.75 10.69 7.75 4.37 6.82 10.75 10.67 8.94 9.77 12.45 11.32 13.54 17.83 14.36 19.29 20.48 21.38 18.42 13.52 14.15 19.56 24.31 23.85 26.65 14.39 25.17 25.08 14.30 15.01 25.82 30.22 28.26 29.48 15.76 16.21 24.25 27.59 27.76 27.23 28.78 24.62 22.30 20.66 24.15 24.30 21.05 22.65 21.48 20.68 20.63 18.83 18.14 17.31 16.80 14.80 11.75 9.23 7.39 9.74 3.66 9.80 13.61 13.20 13.39 11.92 12.40 9.82 6.65 9.55 9.99
19.86 17.26 14.27 13.77 15.05 14.46 12.06 10.98 12.43 12.31 10.42 6.54 8.23 7.77 12.98 12.30 13.77 12.71 13.61 13.17 10.69 15.04 11.87 19.15 19.34 20.89 10.70 13.66 18.17 22.17 23.09 25.27 21.35 24.53 14.05 14.67 15.76 16.94 26.92 30.08 30.74 29.40 17.25 17.53 25.75 28.61 28.15 28.14 23.15 21.00 21.60 26.12 15.88 25.84 22.22 21.91 21.94 21.04 20.21 20.23 20.14 17.69 19.65 15.78 14.44 11.26 11.83 12.76 10.29 12.14 11.87 10.20 11.35 9.20 9.06 7.27 8.73 10.87 10.42
18.83 21.59 18.35 16.19 16.57 16.07 14.67 13.13 13.28 13.34 10.08 6.84 9.51 8.77 9.77 13.57 14.09 16.44 16.53 17.21 11.58 17.91 10.67 6.32 12.42 20.63 9.17 14.61 19.37 21.11 22.93 24.64 16.95 23.09 14.19 15.40 16.28 17.02 18.55 28.24 20.61 20.26 19.41 18.62 25.51 24.29 24.28 22.35 21.61 23.77 23.21 27.78 24.07 21.83 14.99 23.29 22.99 21.46 24.07 21.61 20.18 19.00 18.93 17.66 15.16 14.48 11.29 8.09 4.81 8.74 4.85 6.50 8.72 12.31 9.29 8.44 8.19 7.01 7.19
21.14 19.70 20.72 19.59 19.36 17.91 16.00 14.39 13.45 13.68 11.89 10.17 11.65 11.98 8.49 7.72 10.51 14.42 12.47 13.44 13.10 17.09 16.51 16.34 17.24 19.55 16.18 19.15 20.56 20.73 24.09 19.69 15.00 22.23 13.82 14.85 25.11 15.59 28.86 18.18 19.45 19.90 19.49 18.71 25.42 28.34 28.70 22.54 23.78 24.13 27.84 28.14 26.74 23.30 13.21 23.65 14.29 21.47 24.66 21.37 21.52 20.10 20.19 19.33 10.27 15.64 13.79 11.88 2.86 3.57 9.87 9.70 6.37 3.33 2.81 4.84 9.38 8.83 3.09
9.90 11.63 14.76 17.11 19.34 17.56 14.63 13.80 12.44 13.09 12.27 10.03 9.41 14.24 12.91 8.81 7.24 8.30 7.59 13.94 14.51 14.48 14.27 15.02 16.26 19.55 17.78 18.97 19.04 18.37 20.37 16.72 15.67 24.09 12.36 13.09 14.05 14.71 26.64 15.69 16.52 17.60 18.13 17.97 26.41 25.27 23.88 25.20 30.05 29.66 30.79 17.48 16.14 24.36 14.48 14.89 15.08 25.87 22.32 21.93 21.49 20.86 20.41 10.35 9.17 13.40 13.39 12.02 11.96 9.77 11.11 8.03 5.00 10.48 5.31 7.94 8.69 7.48 6.81
11.32 9.78 10.16 16.60 12.54 13.71 14.73 15.29 14.49 14.16 12.60 10.65 10.07 14.51 11.66 12.92 11.58 12.37 12.07 13.33 15.81 14.84 15.88 9.65 5.53 15.56 11.17 18.23 17.09 17.04 21.63 21.55 18.63 24.63 20.27 13.32 13.82 14.75 27.72 15.20 14.60 15.26 16.93 25.43 26.82 29.35 28.62 30.69 30.32 30.53 19.31 19.28 18.72 18.31 16.72 16.58 16.48 16.35 16.14 23.28 21.25 22.20 19.31 21.37 19.10 17.80 16.59 14.93 14.42 11.36 11.23 5.95 8.60 7.58 5.68 6.97 4.77 1.23 1.50
8.14 5.90 13.02 13.83 8.17 10.14 12.70 14.38 14.88 14.10 14.36 12.57 10.90 11.42 12.82 12.36 12.19 11.74 12.46 12.08 14.20 15.41 16.37 16.66 7.00 16.18 18.63 16.82 20.06 22.95 25.24 25.01 22.45 25.69 27.18 14.60 14.73 22.06 25.30 16.14 15.52 26.17 21.70 22.81 26.93 29.14 28.23 29.58 29.92 29.98 19.43 18.86 18.84 18.52 17.59 26.06 26.02 25.32 25.59 15.23 13.75 24.30 15.14 12.90 15.40 19.63 18.46 16.86 16.17 14.58 10.07 7.98 8.73 6.04 6.38 6.37 5.04 4.80 10.11
6.69 6.28 8.23 9.70 11.86 13.27 12.82 15.56 15.77 13.96 15.04 12.13 10.70 10.39 13.73 12.55 13.36 12.49 12.88 13.15 11.62 15.24 17.31 16.42 14.51 15.70 18.49 15.43 24.63 30.57 29.77 24.05 22.43 22.54 26.50 14.71 15.46 28.42 21.61 15.42 15.34 25.09 24.78 26.88 26.53 26.65 25.43 28.32 29.67 31.47 18.82 17.97 17.72 17.33 16.87 25.64 24.31 24.46 14.49 14.80 14.58 20.85 14.92 19.31 19.90 22.11 20.30 16.78 17.20 6.52 7.42 6.17 5.36 4.69 3.92 3.92 3.87 4.88 6.60
8.86 6.15 9.53 7.65 11.48 13.05 11.25 11.62 13.20 12.51 13.25 10.89 9.96 11.54 10.88 13.37 13.86 13.21 13.53 13.91 13.06 14.97 16.72 17.19 15.82 16.84 19.59 14.86 26.08 35.25 28.16 22.81 21.43 24.31 27.30 21.93 30.28 29.00 22.96 24.48 26.76 28.75 28.07 28.25 27.77 29.37 30.14 31.04 31.41 19.15 18.29 17.13 16.69 16.49 16.60 15.74 14.47 13.84 14.77 15.10 22.42 23.11 21.55 19.76 19.00 19.43 12.35 10.18 7.36 5.23 7.56 1.61 1.01 1.89 5.08 9.88 8.91 9.62 7.26
5.10 8.13 5.67 6.09 7.26 9.27 10.52 8.83 7.06 7.63 10.43 10.93 9.41 11.05 9.08 12.60 13.01 12.69 14.04 14.31 14.09 16.49 17.02 17.40 16.07 18.40 23.33 20.57 28.77 36.27 29.56 26.81 25.06 27.20 31.58 34.92 31.09 26.63 25.22 26.95 28.98 30.44 30.15 29.91 29.86 30.78 30.19 30.58 30.52 18.90 18.09 16.61 15.90 16.20 16.12 15.55 14.87 14.83 15.00 15.35 14.96 20.14 13.07 11.49 10.39 10.86 9.80 10.50 15.68 15.24 12.87 10.06 6.11 6.86 4.32 4.58 4.70 8.57 2.42
13.55 11.28 8.61 6.57 5.86 7.31 9.47 11.04 10.88 7.43 8.05 11.52 5.82 11.85 8.46 10.01 12.23 12.34 14.42 14.85 14.02 16.36 18.23 18.00 13.25 12.39 22.62 26.38 33.83 38.43 32.45 32.18 32.64 34.17 34.31 33.06 26.60 25.06 26.76 28.06 29.23 31.28 30.15 28.68 28.35 28.35 27.03 28.23 29.44 18.51 18.39 17.16 16.41 15.28 16.08 15.54 15.15 14.67 13.91 13.02 12.76 12.42 19.10 10.50 9.76 8.90 8.58 9.15 14.60 14.67 13.19 11.16 8.76 5.61 5.00 5.12 4.14 7.20 5.50
14.94 13.12 9.06 6.90 6.39 6.47 8.20 10.16 14.67 12.34 11.74 10.77 10.82 10.54 12.38 10.29 12.30 12.92 15.09 15.59 14.95 16.62 18.83 17.38 14.84 16.37 20.30 22.38 36.53 35.68 37.99 38.75 40.04 39.17 36.60 31.53 25.86 26.27 25.84 26.54 28.19 28.34 27.41 28.16 29.29 28.55 27.89 32.61 18.65 19.25 20.15 19.69 17.80 16.35 15.55 14.19 13.82 13.21 12.71 12.34 12.50 12.44 11.83 10.80 10.89 10.70 15.78 15.31 14.79 13.00 11.71 12.23 6.64 5.38 4.47 4.62 4.20 2.71 2.48
15.12 14.02 11.92 10.42 8.48 8.43 6.74 7.04 9.70 10.68 9.04 10.82 11.94 4.80 11.61 12.43 13.82 14.52 14.93 15.62 15.52 15.73 17.74 17.86 16.56 19.44 21.53 22.75 35.96 36.38 43.83 44.38 43.08 40.71 36.96 30.10 25.02 26.25 23.15 24.13 24.72 24.81 25.45 27.21 28.37 29.34 31.41 19.89 21.54 22.10 22.32 22.28 20.02 16.70 14.79 13.85 13.08 12.65 12.61 19.02 18.65 17.27 11.44 17.73 18.58 18.59 17.87 17.68 11.92 11.39 10.58 5.78 6.13 6.79 4.48 3.61 4.53 4.53 5.03
19.11 16.58 9.93 6.80 6.75 6.62 8.18 7.86 7.48 9.79 8.09 5.23 7.56 9.00 11.16 12.64 14.66 19.30 19.10 19.28 18.36 16.29 16.10 17.16 19.95 25.05 30.31 28.04 33.94 39.43 46.07 40.64 41.34 38.99 33.45 27.53 28.16 28.33 22.03 21.66 21.49 22.02 23.21 23.94 24.53 25.45 27.51 21.77 24.21 25.10 24.12 23.09 20.96 16.93 15.15 14.59 13.98 14.02 13.78 20.62 18.81 17.29 11.45 18.38 18.26 17.40 17.56 17.09 16.70 15.90 13.45 10.52 8.80 9.12 8.29 7.32 6.79 4.35 2.51
23.47 21.96 16.85 9.36 7.44 10.07 10.18 8.82 8.23 6.94 8.02 7.04 9.66 9.07 10.38 15.13 15.61 18.44 22.18 23.45 25.17 24.88 22.14 22.24 27.03 33.30 29.68 34.53 38.21 41.63 42.13 38.61 37.91 35.37 33.97 33.04 32.83 29.65 26.06 25.22 20.81 19.83 20.93 20.80 20.03 18.18 17.03 17.28 19.57 23.50 26.06 26.75 26.13 23.12 20.36 18.92 17.53 16.19 21.80 20.61 19.83 19.37 18.53 17.24 16.70 9.96 9.36 8.24 7.29 5.77 5.94 6.61 6.34 10.99 8.11 2.46 5.58 8.25 9.86
22.53 24.03 22.64 16.71 12.87 11.84 11.88 11.76 9.18 8.51 11.12 9.42 7.38 7.06 13.48 16.01 16.51 18.04 18.88 20.20 25.45 32.90 34.43 31.57 27.82 30.71 41.31 38.75 39.65 40.62 39.32 36.62 36.08 33.17 33.07 32.65 30.90 26.47 23.90 22.35 21.43 21.06 20.50 18.45 17.30 11.24 11.21 9.62 10.57 14.55 20.73 25.77 29.36 30.16 27.91 24.26 20.20 16.90 15.27 14.43 13.74 19.25 18.60 17.40 17.32 17.69 16.63 16.01 15.44 16.33 8.64 1.69 2.54 4.09 5.76 6.72 7.54 9.59 10.57
16.05 20.54 19.77 22.08 16.65 14.12 13.16 13.12 12.08 11.41 12.66 10.85 13.38 11.85 6.92 16.13 15.99 18.44 19.88 18.89 21.78 31.47 40.65 47.28 42.38 42.66 43.21 40.21 37.72 36.06 30.56 28.24 33.01 31.20 29.71 28.42 25.76 22.13 20.77 20.87 21.26 20.15 19.00 17.31 19.21 15.51 13.71 1.83 1.96 2.67 4.92 11.32 17.96 23.10 24.69 24.25 21.39 17.63 15.20 13.44 13.03 12.63 19.69 19.63 17.49 17.06 17.91 11.75 4.61 4.00 3.14 2.61 3.16 10.17 8.28 9.67 9.82 9.38 8.85
