examples/cougarCreek-fire/createInputs/WindNinja/wrfout_d3.2015080912.f19/cougarCreekFire_08-10-2015_0700_217m_non_neutral_stability_ang.asc
ncols	146
nrows	140
xllcorner	610065.000000
yllcorner	5095217.000000
cellsize	216.586807
NODATA_value	-9999.000000
[rows 45 to 89 of 140, columns 0 to 95 of 146]
263 260 290 303 300 306 307 316 316 303 276 303 324 332 335 341 342 358 7 9 9 8 8 3 1 358 355 2 10 16 12 2 356 348 341 335 334 340 335 324 318 336 328 323 325 322 329 341 344 347 341 333 328 321 328 349 8 8 5 4 10 11 11 10 4 3 310 313 18 299 267 290 299 303 307 306 18 336 333 310 36 35 32 41 52 57 59 58 55 47 47 44 19 16 345 32
263 265 270 300 305 309 307 307 302 279 302 321 337 332 334 341 354 14 12 12 9 2 354 348 349 344 347 356 4 16 12 6 1 359 350 340 340 338 334 341 345 341 337 338 343 334 341 342 334 342 12 9 357 353 0 14 18 8 6 8 12 15 17 16 11 336 13 20 329 17 20 23 21 316 320 334 15 329 335 336 325 32 38 43 52 57 59 59 56 51 357 45 32 28 36 39
264 266 271 305 307 303 286 304 302 301 317 334 337 336 345 1 336 340 7 2 359 346 339 338 347 349 352 357 2 11 13 10 7 4 357 349 346 346 343 340 352 346 348 350 342 356 353 342 4 13 20 13 1 359 9 11 6 7 9 13 9 9 8 7 16 14 352 351 21 20 20 336 324 322 329 334 17 24 29 342 321 34 41 48 53 58 60 61 59 56 51 46 48 9 47 50
265 267 278 298 285 283 278 308 309 313 328 333 338 347 344 323 331 335 359 351 347 337 339 352 356 3 7 2 8 15 12 11 10 4 357 1 350 353 353 353 353 356 359 359 342 338 330 1 10 18 16 6 4 7 6 5 5 7 12 17 20 22 22 21 20 20 21 22 355 347 332 306 327 323 311 327 341 26 329 341 339 326 45 55 58 59 61 62 62 60 56 51 15 61 6 4
267 269 272 273 281 299 307 314 313 321 327 337 344 339 316 341 341 344 340 343 340 337 347 359 355 1 5 4 13 5 13 2 4 3 355 1 359 354 356 356 3 353 8 9 8 347 360 359 7 9 8 7 8 10 8 8 6 5 14 18 22 25 25 24 11 7 3 353 323 318 317 338 329 325 327 327 327 325 30 17 354 337 48 62 66 65 64 63 63 62 60 56 55 9 10 3
268 269 270 276 300 304 303 311 314 322 335 341 341 339 330 327 327 327 333 341 337 337 342 343 346 349 353 359 351 1 8 354 354 358 355 6 4 354 356 356 358 358 359 11 22 18 11 14 16 14 14 16 15 14 14 13 5 4 7 10 21 25 28 27 25 25 25 24 23 21 17 12 4 329 329 334 25 26 30 345 43 46 51 62 71 74 70 66 64 62 60 59 56 59 59 52
266 265 274 300 303 307 311 313 316 329 325 311 333 326 298 320 322 326 335 341 336 336 338 331 340 353 2 6 351 353 4 349 347 351 350 11 0 357 356 356 354 354 356 358 14 19 32 38 37 33 30 27 22 21 20 10 1 5 4 7 10 13 27 29 29 28 15 25 343 360 7 350 343 347 351 27 33 36 41 1 49 51 53 58 328 70 75 72 65 62 61 59 55 53 51 50
264 264 281 307 307 308 309 310 318 329 328 322 316 311 309 314 322 328 335 337 336 340 340 320 354 16 6 354 347 357 353 340 340 346 342 5 359 355 349 346 343 345 349 351 355 11 14 31 41 45 38 32 25 20 14 6 2 1 6 10 11 356 14 28 32 34 33 29 13 10 19 12 10 17 28 36 43 47 49 50 353 52 55 57 58 126 360 71 70 66 62 59 58 55 51 51
267 279 303 312 310 309 309 311 321 322 315 287 303 305 309 316 324 333 333 334 333 338 333 337 13 13 353 348 345 341 339 344 332 340 339 351 351 344 336 336 338 338 339 345 351 354 353 359 4 18 28 28 26 17 10 8 14 14 13 15 16 18 22 26 28 31 40 26 17 10 9 7 7 8 5 2 338 355 349 50 53 56 21 20 45 56 59 63 65 68 65 62 60 58 54 52
269 285 306 306 307 308 319 316 320 314 285 276 301 314 317 320 328 337 336 333 330 331 332 339 356 353 341 333 335 333 331 343 328 332 326 331 338 336 334 334 336 337 336 338 341 338 339 342 344 349 10 19 21 18 15 19 26 28 26 27 28 28 31 31 29 30 33 28 17 5 341 340 1 32 9 6 11 42 16 5 352 351 333 55 56 60 57 40 60 65 67 24 61 58 55 52
265 284 305 303 289 313 326 316 309 303 276 272 311 319 318 315 323 329 326 323 322 324 327 334 338 333 330 337 342 335 332 333 324 326 323 332 342 340 335 335 342 344 337 349 346 344 323 323 334 347 352 6 17 17 19 28 37 38 36 37 34 20 13 32 41 41 357 7 15 27 21 21 334 358 37 38 13 352 109 45 66 353 54 54 55 58 61 61 60 57 58 60 58 57 59 57
264 283 305 301 303 340 330 309 283 287 276 304 291 322 318 315 315 318 316 314 315 317 327 338 335 333 344 345 339 331 331 337 322 320 316 327 342 334 325 336 339 343 336 349 345 342 339 336 340 316 340 358 2 15 18 21 29 27 23 19 30 50 39 37 35 35 42 37 32 26 25 5 350 8 40 43 48 48 42 41 353 52 56 59 60 13 61 61 61 58 56 37 55 95 332 53
270 282 315 324 346 343 297 292 280 286 308 320 308 318 324 314 309 307 305 308 317 318 329 343 340 340 349 341 332 328 336 340 321 307 303 324 346 332 313 333 332 333 336 331 324 346 338 338 333 334 340 318 2 3 11 354 353 48 46 49 46 41 37 36 37 39 38 36 33 32 35 40 31 44 42 41 41 38 37 17 26 64 95 27 63 62 61 62 63 62 60 32 14 6 52 23
272 274 335 322 310 297 300 272 268 310 311 312 303 326 331 287 284 294 299 306 329 331 346 346 345 351 348 336 328 330 337 327 322 311 307 325 337 328 325 338 327 323 330 335 330 345 347 350 351 351 343 341 338 348 325 35 50 46 39 40 40 43 54 48 42 35 43 44 44 44 47 79 48 44 38 35 35 36 14 16 48 51 71 80 96 90 26 64 7 63 61 61 60 57 51 21
264 271 311 305 303 307 264 267 297 315 306 309 300 255 254 278 293 297 303 314 334 334 339 340 344 355 342 330 328 338 324 321 328 318 312 308 323 325 325 336 332 326 328 333 338 337 339 338 356 5 5 5 10 24 38 41 40 42 45 46 47 46 44 43 43 45 38 40 57 77 51 48 44 37 34 35 37 41 9 28 32 52 52 63 71 55 72 57 29 21 59 62 9 22 54 16
253 265 344 333 324 271 251 293 317 266 261 248 248 251 271 287 294 293 297 315 333 331 332 337 351 348 336 330 333 336 320 326 326 319 314 304 321 331 329 324 324 328 328 325 329 335 342 358 4 14 352 16 26 31 36 40 41 41 43 46 48 49 48 48 48 39 54 54 55 53 45 39 36 35 37 39 9 8 45 48 51 20 22 21 17 22 8 26 21 16 20 13 62 23 9 27
256 302 339 319 305 260 245 312 258 237 238 249 269 274 283 290 290 286 291 307 330 328 334 341 351 345 338 336 333 328 324 323 323 318 314 308 305 334 336 325 320 320 327 324 321 326 329 336 5 351 358 1 3 10 35 38 39 40 41 43 46 48 50 52 55 57 55 53 50 44 39 37 38 39 17 14 42 44 47 50 53 55 56 58 59 61 27 26 22 19 19 20 62 18 57 55
310 348 341 312 302 295 298 216 226 226 239 269 278 285 288 287 281 278 286 314 327 326 329 339 347 346 341 338 332 325 321 327 308 318 307 309 313 326 338 333 327 319 326 332 327 329 326 323 332 338 351 360 8 35 36 38 42 45 47 47 48 48 50 51 53 53 50 47 44 41 39 41 42 43 22 43 44 47 49 51 53 55 57 59 26 24 24 23 20 19 19 14 7 12 11 12
44 28 280 278 303 267 224 222 228 256 269 277 283 289 288 281 269 265 279 312 318 320 325 335 343 344 341 335 328 325 326 316 312 317 305 314 321 323 334 333 328 316 317 329 329 333 336 336 337 336 342 357 1 39 43 46 49 52 52 53 53 53 52 52 51 50 47 46 45 44 43 44 45 46 19 46 48 51 52 53 54 57 60 26 24 22 18 19 23 19 18 17 48 52 20 48
191 173 239 246 248 240 232 236 263 277 284 286 287 287 283 273 257 262 283 306 306 317 320 330 336 340 340 332 324 323 320 326 318 319 313 320 327 326 333 335 328 315 310 323 329 328 336 342 350 345 345 349 355 1 48 53 56 57 57 57 59 59 58 57 55 54 52 51 51 49 47 48 50 51 50 51 53 56 8 3 8 17 23 26 29 28 25 21 20 20 24 23 23 17 356 11
305 71 229 240 264 261 258 270 281 286 291 292 286 279 270 259 248 261 304 299 288 321 318 324 334 339 341 321 326 322 319 319 318 317 316 324 330 327 334 339 331 320 311 319 327 326 334 337 348 2 343 347 358 6 47 56 61 61 62 62 62 63 62 61 59 58 57 56 55 54 52 52 54 54 54 55 56 57 56 56 56 58 22 22 22 1 3 360 2 21 5 53 72 43 65 49
65 89 200 254 267 276 281 284 286 288 291 290 281 267 257 249 254 272 301 298 302 308 307 316 333 344 330 323 318 314 318 316 320 322 322 328 334 331 338 328 331 321 306 312 324 327 334 332 337 351 1 356 5 32 50 58 64 66 65 64 64 64 64 63 62 61 60 59 57 55 54 27 27 55 57 28 55 52 53 55 57 58 62 51 77 67 68 69 97 38 82 61 66 23 358 48
118 140 238 274 285 290 291 289 288 287 294 284 276 265 256 247 252 276 306 300 303 279 289 312 332 350 333 320 325 322 316 316 321 328 330 330 334 332 342 335 335 327 305 311 317 320 328 329 324 345 358 357 7 12 57 61 68 70 68 66 65 66 66 65 66 64 62 61 59 56 29 28 28 57 60 60 58 56 60 64 66 22 17 2 24 30 36 53 62 90 64 21 18 59 56 52
59 22 300 295 292 292 298 289 287 284 281 278 272 266 259 247 250 298 298 299 303 297 296 305 322 324 325 312 316 313 311 304 317 330 333 331 334 331 341 338 344 331 312 311 321 335 331 331 330 336 344 349 5 19 14 42 75 80 75 70 69 70 70 51 68 67 64 63 62 60 58 58 29 58 20 63 65 67 22 20 42 74 74 97 50 8 8 41 73 70 67 76 45 346 338 48
47 30 338 298 290 287 286 285 283 279 274 270 268 264 267 247 252 300 293 292 299 292 292 298 321 281 293 300 312 308 309 309 309 325 333 336 335 329 337 334 342 330 329 318 323 334 332 329 327 330 337 347 6 20 54 350 44 101 90 77 74 75 75 74 72 69 65 65 66 65 62 60 28 60 61 18 33 39 71 73 74 72 73 76 79 79 78 75 74 74 73 67 62 37 52 46
58 49 300 293 285 280 279 279 278 283 269 265 263 260 257 248 254 295 293 290 295 299 294 298 345 243 278 290 309 309 309 306 306 318 329 334 333 333 337 329 323 328 325 322 324 332 326 333 331 345 356 341 4 34 38 78 99 73 110 87 77 76 76 75 73 71 70 37 70 70 67 65 28 27 26 24 18 41 69 66 69 69 71 74 77 76 73 69 67 69 70 65 62 56 48 359
354 313 293 296 282 277 276 287 285 282 279 275 270 265 256 247 258 292 289 288 289 301 290 282 242 256 274 296 304 306 307 303 298 313 322 325 325 329 338 314 325 338 324 333 317 328 340 325 329 333 354 31 15 31 24 63 108 159 123 108 87 80 78 76 73 72 72 71 35 72 72 71 27 25 23 24 29 27 32 26 67 68 16 70 69 67 64 62 61 61 60 56 53 49 45 43
311 297 290 295 281 277 277 289 287 284 283 280 263 261 256 243 262 282 288 289 297 295 289 301 243 263 275 296 299 300 303 296 289 314 317 318 315 320 332 301 316 330 315 316 309 311 313 343 338 7 21 53 16 69 64 29 101 104 55 118 104 89 84 80 76 72 71 70 69 69 32 35 28 35 30 71 38 37 34 29 33 15 15 66 67 64 60 60 62 61 59 55 354 48 45 44
290 289 300 295 280 278 277 290 287 286 284 284 267 265 256 240 266 277 285 289 297 291 277 297 246 261 298 298 270 294 298 287 282 310 274 308 303 301 326 278 308 327 296 306 321 279 267 322 332 336 58 59 17 101 59 93 100 99 104 110 111 101 92 86 81 77 74 72 70 69 43 39 35 35 25 19 36 32 30 34 34 9 12 65 68 66 62 62 63 63 62 59 54 49 358 355
299 298 297 294 279 278 291 289 286 285 283 283 282 264 255 241 267 267 266 287 280 256 284 314 260 260 289 269 267 288 289 281 292 262 267 298 297 297 321 262 266 315 332 278 268 248 217 292 330 6 329 352 20 77 109 56 92 99 102 84 109 107 99 92 87 83 80 41 36 36 48 36 33 30 24 23 35 32 30 66 26 14 359 352 67 67 65 358 3 63 63 62 58 53 340 51
296 298 309 293 291 291 292 289 287 286 280 265 282 261 254 243 270 246 258 284 263 251 273 265 262 302 294 290 293 290 282 281 280 256 292 291 285 305 313 277 256 309 317 235 230 321 204 172 313 108 337 11 40 90 120 83 41 53 102 28 105 106 101 95 89 85 83 80 42 29 42 41 36 32 33 27 28 33 28 26 22 5 8 3 353 65 66 16 360 341 62 64 63 59 347 355
299 305 297 292 290 292 293 290 290 269 267 267 266 280 253 242 291 253 274 275 265 251 249 252 292 305 301 296 290 288 280 285 263 262 283 259 285 296 305 267 268 302 313 248 210 210 279 219 292 12 10 18 29 101 95 89 52 21 102 97 84 106 102 96 92 87 85 42 78 27 34 40 39 34 36 42 25 32 29 10 353 4 57 59 355 64 19 7 0 64 63 339 65 63 58 346
299 304 297 293 292 296 295 293 304 272 272 270 267 278 254 242 299 266 276 273 257 246 243 270 289 293 290 296 298 289 279 288 263 286 282 254 279 300 296 253 294 301 310 236 205 202 313 174 259 22 45 29 52 100 100 94 50 106 110 108 31 106 103 99 96 54 51 47 41 30 21 33 39 34 38 74 35 24 63 26 5 12 359 2 359 64 17 2 354 352 63 63 337 62 63 58
306 306 297 294 295 296 303 294 294 274 275 271 264 277 254 245 295 262 276 262 246 248 251 250 248 294 290 290 292 281 255 280 285 285 285 231 278 300 248 236 282 291 299 240 210 194 188 281 244 347 60 13 37 105 105 100 57 25 73 118 98 74 104 102 100 53 93 40 84 80 79 24 20 25 37 72 70 65 58 358 14 56 11 1 0 65 68 11 5 7 351 62 63 337 19 62
303 307 299 295 297 312 301 293 303 272 288 265 285 257 251 271 243 254 258 250 251 252 280 250 248 299 291 282 287 277 266 273 288 284 285 254 226 302 235 236 267 285 290 243 200 4 144 154 270 249 17 328 7 102 142 135 126 359 78 115 105 73 62 68 103 98 93 89 84 80 77 76 75 19 28 36 67 60 51 47 4 60 27 16 2 67 70 71 69 67 67 1 351 6 332 13
309 307 299 296 301 298 288 305 301 289 264 310 260 256 249 284 254 254 253 253 254 276 251 247 243 298 290 263 281 287 272 277 290 279 277 253 252 295 226 246 288 270 280 296 224 193 115 171 172 168 302 211 326 153 151 138 126 119 90 111 106 103 103 348 103 100 93 87 85 82 79 76 74 72 9 10 60 54 19 46 348 17 70 29 3 4 72 74 72 70 21 25 18 353 68 68
310 304 301 279 309 301 296 289 299 302 265 263 263 258 251 258 255 254 255 256 280 275 249 244 241 298 276 245 277 288 276 276 275 281 275 273 281 233 229 274 287 236 281 276 290 339 138 176 180 170 153 240 345 164 155 136 128 124 119 115 110 106 102 98 36 98 94 89 87 84 82 25 75 70 64 58 54 52 51 53 58 353 71 75 23 1 3 16 33 76 10 9 26 1 71 70
312 306 302 298 319 301 301 275 294 292 266 266 264 258 254 265 256 256 256 296 289 250 246 241 238 303 238 242 283 279 281 254 274 278 284 266 294 219 230 278 265 241 234 267 263 310 159 178 184 261 187 151 158 166 154 136 133 131 128 123 25 111 103 95 92 94 96 4 90 25 83 80 32 68 61 57 353 56 13 61 64 67 11 80 80 28 4 27 356 34 28 10 35 36 354 71
310 307 305 304 307 304 298 275 296 295 265 266 264 258 290 258 259 259 257 306 292 249 244 239 281 289 238 249 282 263 267 251 278 279 272 286 232 218 274 278 235 276 281 275 281 283 32 179 183 275 295 321 167 165 150 141 140 97 82 129 121 35 107 95 88 351 95 42 91 87 84 80 27 35 8 60 351 9 9 69 71 73 356 20 47 46 37 12 39 357 19 3 3 31 35 74
315 307 309 313 305 307 278 274 303 289 267 268 290 261 263 263 262 260 293 294 252 248 243 240 239 297 265 268 273 258 282 256 274 278 276 271 222 228 283 216 221 218 258 291 284 292 327 185 184 165 316 171 172 162 152 147 144 141 137 133 126 47 115 29 95 94 48 44 30 88 83 79 3 24 4 355 353 352 360 80 9 82 80 2 18 47 44 42 40 17 8 34 82 38 12 82
317 312 312 309 307 307 305 298 308 269 268 268 265 293 295 263 308 315 306 293 250 246 241 239 269 289 268 268 277 255 281 266 277 280 271 235 228 233 204 217 220 213 200 239 276 296 237 146 189 184 293 149 169 163 158 154 90 146 142 138 131 40 126 124 341 342 26 38 39 18 16 80 341 9 358 1 360 354 340 323 339 14 22 42 47 29 34 23 40 44 18 9 14 36 84 91
314 316 312 307 314 312 308 307 305 271 270 267 262 306 314 308 303 309 253 253 249 242 238 235 295 241 260 266 272 272 279 218 269 253 275 234 253 244 213 215 216 207 195 195 290 286 305 193 191 187 257 270 295 166 162 159 155 100 150 145 138 133 135 131 5 348 19 28 27 24 91 334 329 351 359 358 1 9 355 86 86 315 3 19 40 22 34 90 89 30 12 68 84 81 80 83
318 316 313 313 316 311 283 280 278 275 272 267 262 311 311 315 309 294 255 253 247 240 234 267 291 268 255 260 272 278 241 228 270 223 271 249 268 243 209 214 215 207 196 187 181 273 249 190 167 172 187 279 199 171 167 165 161 157 156 87 36 60 143 137 7 105 22 23 21 27 30 20 2 88 92 352 346 345 357 348 303 87 6 13 49 52 49 56 89 87 84 82 80 79 78 77
322 317 313 319 320 319 311 312 280 278 274 269 265 292 319 315 312 255 253 249 242 237 231 304 302 237 212 222 266 255 234 247 277 222 253 253 267 264 211 213 213 206 197 188 182 226 226 193 170 186 172 264 177 293 149 171 168 150 162 87 62 61 33 146 357 344 4 7 6 12 23 22 0 326 95 89 87 86 88 338 346 353 7 6 50 29 45 90 89 86 82 80 78 76 75 74
322 318 323 321 320 316 316 316 280 278 275 297 266 263 323 318 316 252 249 244 238 233 228 313 202 234 234 231 268 254 233 260 274 223 217 274 263 261 210 210 207 258 198 199 182 242 256 184 166 166 170 230 179 175 166 175 163 163 104 121 358 90 34 339 335 326 333 348 339 345 9 19 27 17 357 319 332 329 84 293 311 306 92 90 10 88 86 87 87 85 81 78 75 73 73 74
