examples/cougarCreek-fire/createInputs/WindNinja/wrfout_d3.2015080912.f19/cougarCreekFire_08-10-2015_0700_217m_non_neutral_stability_ang.asc
ncols	146
nrows	140
xllcorner	610065.000000
yllcorner	5095217.000000
cellsize	216.586807
NODATA_value	-9999.000000
[rows 0 to 44 of 140, columns 0 to 95 of 146]
140 178 172 172 154 191 194 204 250 308 328 334 340 342 29 332 55 49 320 320 308 301 309 321 330 329 317 309 311 311 288 212 263 263 262 264 269 271 266 258 256 254 247 242 244 246 239 231 228 239 219 229 206 218 205 208 224 217 203 208 203 219 203 199 195 211 197 194 190 192 194 198 202 203 199 189 184 187 190 190 191 192 193 194 195 197 200 203 207 219 274 301 323 276 276 265
140 178 172 172 154 191 194 204 250 308 328 334 340 342 29 332 55 49 320 320 308 301 309 321 330 329 317 309 311 311 288 212 263 263 262 264 269 271 266 258 256 254 247 242 244 246 239 231 228 239 219 229 206 218 205 208 224 217 203 208 203 219 203 199 195 211 197 194 190 192 194 198 202 203 199 189 184 187 190 190 191 192 193 194 195 197 200 203 207 219 274 301 323 276 276 265
154 143 149 174 164 143 150 226 125 148 161 182 341 283 145 149 151 83 60 336 324 307 304 312 322 330 203 209 286 280 266 182 226 215 264 265 211 242 254 239 242 240 228 226 237 242 241 232 238 234 224 212 214 217 202 203 217 216 206 217 226 208 207 210 211 207 194 190 200 190 193 198 201 199 194 199 199 184 190 190 192 193 194 195 195 196 197 196 197 198 210 236 246 224 218 224
186 158 154 170 170 157 145 135 136 218 180 195 285 295 185 175 152 127 115 67 340 311 280 296 304 292 216 204 281 271 215 195 170 182 186 190 201 217 224 219 222 222 216 218 217 226 221 210 215 214 212 212 217 216 198 197 214 198 201 205 204 197 192 201 201 189 185 188 201 189 210 200 194 190 187 193 194 182 189 190 191 193 195 195 194 194 193 192 193 193 196 202 198 164 150 192
192 151 165 167 172 157 169 137 253 257 167 186 293 320 237 180 155 128 131 124 54 305 288 222 289 296 269 193 210 211 206 200 170 182 188 187 192 202 218 221 219 213 214 215 212 217 209 201 206 210 216 217 218 210 216 216 209 191 194 196 196 198 192 203 194 183 187 180 186 212 199 188 186 186 194 197 182 184 186 187 189 191 194 195 194 193 193 193 194 194 196 200 202 197 170 149
181 147 173 161 176 172 161 152 150 147 160 173 225 274 219 186 161 125 129 128 101 298 282 188 223 285 253 192 201 205 210 203 172 184 185 185 190 197 213 219 214 208 214 214 206 207 204 202 211 218 217 216 220 210 213 205 191 187 190 189 199 198 197 201 185 189 199 199 212 194 185 184 187 186 188 188 204 185 183 183 186 188 192 196 196 195 194 194 194 194 195 197 201 201 188 155
171 148 170 186 170 179 168 193 152 159 156 164 184 251 240 200 169 139 119 122 140 215 257 252 210 278 204 193 197 209 212 190 178 191 185 179 191 194 209 213 209 210 215 214 203 207 213 217 187 205 205 206 220 216 201 195 190 186 193 196 198 200 204 188 183 198 203 205 196 184 191 198 183 190 192 203 187 185 181 180 183 187 191 196 198 197 196 195 194 194 194 196 200 202 199 191
170 162 155 158 172 178 167 147 143 242 153 157 176 214 215 210 177 166 138 127 165 203 233 244 204 258 232 192 195 207 208 181 188 204 182 176 191 196 201 204 203 207 208 205 207 216 219 199 208 210 222 213 210 202 198 201 194 191 197 199 201 208 198 179 196 203 203 203 190 194 182 184 214 203 188 194 187 187 181 177 181 186 190 196 198 198 197 196 194 194 194 195 199 201 201 200
180 168 171 168 172 181 178 169 154 151 156 244 244 186 245 245 199 175 148 127 183 195 250 250 186 243 225 196 196 212 203 184 201 202 179 181 194 195 190 189 197 202 200 199 193 212 215 211 214 212 207 212 213 206 201 198 193 196 202 204 203 193 186 188 199 203 205 201 196 206 185 211 192 186 199 204 190 187 180 177 179 184 190 194 197 199 199 197 196 195 195 196 198 201 201 201
191 177 165 157 166 162 170 173 168 168 165 159 159 176 201 225 217 208 153 119 221 190 223 245 235 207 222 203 192 200 203 188 194 191 179 184 192 188 185 187 198 204 198 197 209 192 203 203 204 206 209 214 216 209 201 195 195 197 203 198 184 174 192 199 202 202 202 200 201 206 204 188 188 199 204 184 188 183 178 178 180 184 190 194 197 199 200 199 198 196 196 197 199 201 202 204
235 195 177 164 159 159 163 167 168 166 164 165 165 168 234 231 234 222 163 133 125 143 199 239 236 199 214 203 189 201 204 186 190 191 178 180 184 183 183 189 200 204 187 210 213 192 203 200 206 206 197 213 207 192 186 192 194 193 194 181 178 188 202 205 197 195 200 199 202 207 202 197 199 197 196 180 180 178 177 179 182 186 191 195 198 199 200 201 200 198 196 197 200 201 203 207
237 202 197 183 175 163 158 161 168 171 169 171 177 174 189 184 273 218 168 148 133 143 190 230 227 189 204 197 187 200 198 185 192 188 178 178 179 181 185 188 195 186 203 186 191 192 205 203 208 212 216 208 193 185 188 196 194 193 189 175 183 200 206 204 200 206 166 167 171 176 207 200 186 197 180 176 173 174 177 180 183 187 192 196 198 200 201 202 202 201 199 198 200 203 206 211
201 198 197 199 187 180 155 151 165 164 173 175 183 189 246 251 263 180 149 148 136 145 150 176 215 210 194 189 184 171 191 183 185 183 177 177 179 182 184 191 191 186 183 209 191 208 202 205 212 209 207 201 187 183 196 202 197 197 194 181 187 167 213 207 157 159 159 159 164 171 176 180 189 193 177 172 169 172 178 181 199 188 193 196 199 201 203 203 203 203 202 202 202 204 209 214
223 223 211 184 184 183 166 214 235 232 171 170 173 185 240 249 261 193 161 147 138 137 152 136 181 187 194 185 184 167 190 187 179 179 174 174 181 182 190 193 197 187 189 190 210 201 199 209 210 206 201 196 187 186 203 205 206 206 203 205 193 168 164 216 222 225 218 211 210 196 163 168 174 175 173 170 168 171 176 180 182 188 193 196 200 202 204 204 204 206 207 207 205 203 215 219
220 202 211 185 183 175 171 150 124 243 240 157 163 166 175 251 253 240 182 169 165 154 163 156 129 158 178 176 183 162 196 186 172 175 171 173 181 181 188 191 196 196 196 210 204 198 204 210 215 211 197 195 193 194 205 204 209 214 211 213 221 227 231 218 210 196 189 187 181 142 166 200 164 188 167 169 171 170 170 176 180 186 192 196 200 204 206 206 206 208 211 213 208 200 216 224
147 159 174 173 176 181 182 180 159 115 251 149 160 155 165 183 229 226 186 180 181 169 171 172 146 143 165 174 182 158 193 175 174 175 171 175 178 189 187 191 223 200 197 209 203 205 210 219 217 205 190 199 205 203 202 205 216 219 210 209 217 219 204 197 188 182 192 182 161 188 203 146 152 154 157 164 172 170 217 169 176 181 189 195 200 205 209 209 209 211 216 219 216 201 213 226
146 157 180 186 178 188 184 182 178 151 122 141 175 168 144 222 223 190 178 172 179 172 179 151 162 146 159 165 140 194 183 169 175 177 174 177 188 190 190 195 196 198 196 192 207 209 215 217 210 199 194 209 216 214 206 217 231 212 215 214 212 201 190 190 181 187 200 178 194 191 167 138 142 140 140 148 164 169 164 163 167 175 185 194 201 207 212 213 212 213 219 223 221 214 313 342
146 153 179 191 186 162 175 180 181 171 129 129 172 189 134 231 230 227 164 207 167 163 177 181 177 150 157 156 130 184 174 170 173 173 179 176 186 189 191 201 191 194 194 210 210 213 214 216 206 205 212 222 225 213 211 232 231 203 218 213 202 196 195 201 201 211 219 201 160 163 234 200 188 195 206 218 143 158 164 163 202 169 181 193 203 210 214 216 215 215 220 223 216 187 269 317
172 167 180 193 194 176 171 183 187 179 145 125 142 142 138 132 127 144 152 150 157 155 162 187 180 161 157 151 164 175 173 172 172 167 180 173 181 187 186 198 205 211 191 190 210 213 216 212 205 208 221 227 221 201 215 225 207 204 215 199 192 203 217 213 211 227 248 134 180 241 207 179 182 166 177 198 191 137 150 158 160 166 177 191 203 211 216 218 218 218 221 223 215 189 181 284
202 191 190 198 197 189 179 187 187 181 153 142 108 130 160 171 156 144 150 141 155 163 158 159 170 169 130 153 167 170 173 174 178 189 175 177 176 183 185 197 203 208 188 190 212 213 214 215 215 220 222 217 197 208 218 207 201 202 202 199 197 208 214 202 217 224 224 237 235 216 190 187 198 130 129 221 235 217 217 216 152 162 172 185 199 210 216 220 220 221 225 225 217 198 164 270
244 207 197 200 194 188 181 182 183 179 150 150 162 121 140 166 173 160 161 148 158 167 149 191 154 168 134 155 162 165 171 176 178 184 170 173 172 179 185 200 187 187 189 191 215 215 216 216 224 226 221 213 204 222 201 191 201 204 208 202 200 208 202 195 207 219 225 220 184 233 173 200 198 177 129 239 239 204 193 226 216 155 165 177 194 209 217 220 221 223 226 227 218 199 208 221
219 211 203 199 198 189 189 188 187 184 160 154 181 159 114 133 145 144 163 153 150 165 145 144 149 162 166 158 157 164 170 173 179 184 161 167 171 175 184 183 187 190 193 193 216 216 220 221 224 208 215 208 216 208 193 194 198 214 217 197 202 207 201 204 197 226 229 239 181 190 192 187 184 119 179 191 206 219 183 195 128 145 158 170 190 209 217 219 221 224 226 223 214 203 187 204
201 199 193 197 195 186 189 182 186 182 163 153 179 188 131 107 107 124 145 142 143 151 146 141 147 162 164 152 154 164 168 173 189 179 148 158 167 172 185 180 186 193 196 196 217 216 219 222 213 204 206 200 200 189 192 197 197 210 205 196 208 210 214 205 208 219 210 208 205 159 151 183 217 113 256 217 191 206 219 232 263 127 148 164 185 205 215 219 223 226 226 222 216 213 207 218
182 187 185 217 190 185 184 187 185 184 171 146 155 180 158 135 127 124 131 154 160 155 148 140 176 148 148 153 151 160 164 173 180 174 148 152 161 167 183 180 186 192 196 218 218 224 223 217 204 205 198 196 196 192 194 197 192 192 194 211 222 221 211 206 202 207 202 199 187 157 190 136 229 202 193 202 215 203 128 221 199 214 132 156 176 199 214 223 229 231 230 230 228 226 222 234
216 170 219 220 182 181 187 188 184 188 179 154 152 175 166 141 132 130 132 140 153 159 158 137 125 130 167 156 153 150 155 169 177 176 162 151 156 166 187 183 188 223 218 221 223 216 213 215 210 208 196 195 196 197 200 212 215 221 223 204 202 221 194 189 198 208 199 200 195 201 214 209 205 194 235 211 210 256 109 115 59 246 122 142 162 195 221 238 246 244 240 239 235 233 231 250
208 143 168 181 182 175 181 182 181 188 183 169 148 153 169 153 137 132 130 128 140 155 158 146 130 134 163 159 144 138 157 174 182 180 170 148 152 175 199 185 191 222 223 223 221 224 223 223 213 206 196 197 200 200 203 223 228 230 203 205 203 210 192 217 223 211 207 212 232 191 236 235 230 241 122 286 105 273 296 103 108 106 111 125 145 190 231 254 267 272 258 244 235 261 269 263
209 201 226 170 186 182 167 176 173 187 185 163 148 139 164 165 146 137 134 129 134 152 154 146 140 142 166 159 135 136 159 178 184 181 165 153 168 184 201 218 218 215 216 215 214 218 218 214 207 199 199 201 201 201 203 201 198 200 204 205 215 210 206 212 213 220 205 203 202 209 252 195 88 96 306 99 97 96 299 309 92 94 97 106 126 174 229 252 268 293 302 266 245 269 275 272
162 111 129 155 178 174 163 151 154 182 180 162 158 135 138 146 139 137 139 132 138 151 153 141 139 144 163 164 135 139 162 178 179 172 163 165 176 192 206 211 211 208 209 212 213 213 210 213 213 201 203 203 201 200 201 199 200 201 201 203 202 219 205 207 207 180 214 216 230 223 221 229 254 310 39 8 8 315 35 295 300 318 85 91 105 146 220 247 258 276 308 274 264 261 261 267
149 146 148 145 143 157 176 170 146 146 187 168 183 125 112 128 132 133 139 133 138 148 149 133 124 138 143 156 141 148 167 176 173 172 172 178 189 202 206 208 210 210 211 215 220 222 222 223 210 203 205 205 201 200 200 201 202 202 204 207 209 210 247 217 223 226 227 226 241 231 230 237 247 266 295 291 283 289 296 265 221 314 79 84 88 100 217 250 252 249 243 253 243 247 249 255
173 164 164 144 127 133 148 174 170 160 168 173 168 171 132 127 134 134 135 131 134 143 142 137 113 105 123 139 147 147 168 171 173 179 179 182 195 205 204 209 212 215 220 224 222 219 222 216 203 201 202 206 202 199 200 201 208 209 209 210 213 213 217 220 227 231 249 248 248 249 244 232 192 166 149 144 152 175 178 146 127 103 330 77 74 72 91 251 249 244 228 202 214 258 249 243
222 198 179 170 151 127 128 145 165 163 170 168 158 202 158 131 146 155 154 149 148 153 145 143 127 116 125 136 146 147 165 172 179 185 189 195 206 200 208 215 219 225 231 228 218 215 212 195 198 197 200 205 206 204 210 215 212 209 209 227 230 236 221 247 246 236 228 226 214 210 199 141 123 178 174 157 130 142 144 149 135 341 345 69 67 70 78 243 249 248 244 232 220 244 238 243
252 238 195 179 164 130 115 128 154 149 140 154 134 132 154 135 141 152 161 165 171 172 158 150 137 132 135 143 146 150 164 169 188 193 202 210 207 199 212 223 229 233 237 237 232 221 212 188 192 197 201 208 214 214 214 210 204 203 205 228 236 245 229 246 241 238 240 240 241 239 237 251 270 281 286 306 327 311 235 148 80 120 74 71 77 82 84 200 248 251 251 245 228 236 238 248
252 245 247 185 151 146 135 128 130 161 144 133 135 143 148 130 123 133 145 160 176 183 178 167 152 141 141 143 147 152 161 175 193 203 210 208 201 204 214 220 229 240 244 244 243 236 227 183 188 196 201 207 212 210 205 202 200 203 228 229 233 240 246 251 257 239 244 245 250 258 272 280 294 281 247 221 303 20 82 81 79 76 75 79 87 88 84 85 252 251 249 246 237 208 259 259
238 240 252 248 203 189 166 145 138 135 151 170 177 160 138 127 114 110 115 132 151 164 174 177 164 149 143 143 145 150 163 182 203 210 217 216 215 220 228 235 243 249 250 252 266 263 267 183 181 189 197 202 207 207 205 205 207 210 215 220 224 246 253 261 264 264 265 269 273 271 240 155 113 99 93 262 298 334 16 73 72 4 69 73 79 77 71 61 273 253 250 249 259 287 283 275
236 240 224 248 237 192 180 174 168 163 155 159 148 148 149 127 111 98 90 97 121 139 152 163 171 162 154 150 145 146 164 194 218 221 227 233 237 245 259 269 269 268 272 275 281 293 299 205 167 153 186 206 216 216 215 215 217 218 223 227 236 236 253 250 249 252 254 239 208 204 197 170 135 258 303 319 322 318 328 348 9 347 63 333 67 68 66 59 353 262 256 254 268 304 269 268
120 163 206 208 238 233 173 160 163 157 143 111 105 118 134 145 136 127 128 132 131 132 138 139 151 158 163 158 149 149 170 210 233 239 240 243 248 254 257 260 265 271 277 276 276 284 296 309 335 11 6 345 278 246 239 235 232 231 234 257 255 251 235 232 217 215 209 203 196 194 194 182 237 126 296 307 313 321 332 337 335 60 21 16 62 65 67 61 41 277 262 257 255 305 270 276
154 164 192 202 236 242 233 166 162 150 119 81 75 83 98 115 125 128 131 124 118 121 120 118 109 114 151 157 154 159 189 224 243 246 246 244 243 252 255 257 261 266 270 272 286 283 283 298 318 355 355 356 343 318 293 277 264 255 248 247 244 243 241 258 235 207 199 191 187 231 196 194 177 156 101 78 72 68 26 61 57 22 15 15 64 65 67 64 52 300 266 255 245 278 285 281
144 160 190 198 200 215 195 171 161 173 31 57 59 56 52 65 80 87 86 78 77 89 94 85 81 76 80 124 142 167 235 269 273 268 271 275 269 262 260 262 271 262 274 277 276 326 335 298 303 323 337 353 348 348 332 319 310 303 294 284 248 241 234 227 221 210 196 189 186 190 198 197 255 184 159 107 83 72 66 61 58 16 24 329 359 69 74 69 61 346 263 254 246 237 258 257
222 228 199 205 211 235 238 241 350 340 25 14 17 17 21 35 46 50 51 53 55 57 62 64 60 56 57 62 57 7 301 296 293 304 316 323 325 311 314 314 300 292 306 305 316 326 329 339 288 311 318 333 331 344 343 340 337 334 331 328 324 323 323 324 293 328 307 238 197 202 208 201 192 187 177 160 124 92 76 65 60 56 54 54 54 31 74 71 67 50 263 256 248 221 161 244
225 191 205 225 243 274 245 316 324 359 10 7 15 20 27 33 37 36 35 39 42 42 50 56 49 46 51 50 38 18 329 308 310 313 322 326 328 335 343 342 338 329 340 331 316 311 310 303 301 302 306 312 314 316 321 334 334 335 339 340 342 342 341 339 339 342 347 356 360 360 0 9 16 45 134 149 144 121 97 76 62 55 53 52 52 338 58 67 64 58 275 256 245 219 181 241
241 261 275 283 258 256 258 318 330 341 6 10 25 26 25 23 23 20 20 25 32 39 48 48 40 39 43 46 42 30 348 321 319 319 316 311 317 323 328 345 347 349 349 353 354 354 350 348 349 325 325 325 316 310 347 343 301 297 339 300 313 337 343 341 341 341 344 352 357 358 0 4 9 20 29 42 55 89 103 100 73 57 52 50 50 360 37 59 61 57 2 260 244 221 191 170
246 262 299 300 269 267 270 320 329 349 1 2 0 355 359 3 4 6 16 29 34 39 43 34 30 34 40 40 37 27 358 331 314 310 304 307 317 321 320 320 333 334 333 336 338 343 353 354 344 345 341 345 353 341 334 331 330 328 345 345 328 340 340 337 336 337 334 325 321 323 327 341 0 6 10 15 32 39 60 87 85 59 52 50 49 48 4 48 65 62 38 289 252 225 192 175
265 343 337 305 290 275 317 323 335 347 352 352 349 344 345 349 356 15 31 31 30 34 30 22 27 34 38 36 30 22 4 344 329 314 306 308 315 319 319 319 322 330 331 331 327 325 328 334 341 355 344 345 352 351 348 356 356 348 348 342 352 340 328 281 300 310 315 321 319 335 338 335 348 6 10 318 357 22 37 46 49 45 49 52 53 52 51 358 46 65 49 348 268 229 185 164
257 258 4 279 274 280 319 318 332 350 341 327 314 319 329 344 355 10 18 21 23 19 16 14 20 27 30 28 27 20 9 351 343 334 326 314 313 315 318 319 319 321 323 319 313 315 322 330 334 339 340 339 343 345 344 343 337 332 309 299 301 340 351 337 330 331 319 313 359 341 8 14 19 21 23 24 9 342 3 35 37 32 38 48 54 57 55 54 54 56 52 24 332 270 133 116
264 269 275 296 295 302 310 321 329 322 315 303 310 325 331 345 345 355 4 6 11 8 11 10 9 12 15 16 21 18 11 357 347 338 336 335 322 317 318 321 320 315 306 310 313 317 324 336 341 344 341 337 334 332 326 319 333 357 357 352 357 9 10 357 354 354 3 10 10 12 20 27 30 29 27 24 25 30 313 20 37 34 30 43 53 57 58 56 52 48 50 38 347 16 346 328
