examples/cougarCreek-fire/createInputs/WindNinja/wrfout_d3.2015080912.f19/cougarCreekFire_08-10-2015_0700_217m_non_neutral_stability_vel.asc
ncols	146
nrows	140
xllcorner	610065.000000
yllcorner	5095217.000000
cellsize	216.586807
NODATA_value	-9999.000000
[rows 70 to 104 of 140, columns 0 to 78 of 146]
9.36 5.98 17.87 33.29 39.08 37.25 34.36 33.42 33.98 33.54 34.97 33.86 33.67 33.74 33.03 26.28 20.83 10.48 20.24 22.22 19.23 16.73 11.94 10.43 3.22 3.71 13.57 16.10 20.87 17.64 13.77 16.85 17.16 14.92 14.47 13.28 14.29 15.31 13.74 9.38 9.24 9.83 9.84 9.08 7.90 7.05 12.76 11.12 10.06 7.30 6.07 7.73 8.97 10.34 8.83 7.08 2.32 8.72 11.57 16.69 19.12 18.90 18.24 17.27 15.89 15.15 15.06 11.98 13.50 12.98 13.45 13.86 11.88 12.58 12.00 11.34 10.52 8.84 13.97
7.81 11.47 28.39 34.02 39.86 36.31 32.95 30.60 31.12 31.92 31.20 30.45 30.55 32.75 32.38 24.67 20.03 10.43 19.90 20.69 18.97 14.15 9.10 9.01 4.60 5.17 12.20 18.01 20.55 15.22 14.57 19.45 17.48 14.52 13.30 13.65 14.19 14.19 13.17 9.15 10.39 13.53 7.97 13.68 6.74 6.23 5.82 10.63 10.76 9.49 5.30 4.47 6.91 9.05 9.40 5.29 5.71 3.04 10.95 14.86 17.94 18.81 18.06 17.09 15.81 14.93 14.46 14.08 10.04 12.37 12.51 13.19 10.64 9.78 9.87 11.04 11.78 10.69 9.89
13.99 24.52 37.55 36.11 38.50 34.89 32.33 29.68 30.49 30.69 28.95 28.18 29.67 31.07 30.12 21.94 19.26 10.89 19.12 20.31 19.16 10.09 7.14 8.00 4.38 13.03 14.00 19.07 16.64 13.70 15.91 20.97 18.40 13.97 10.10 12.45 14.86 15.14 11.20 8.39 9.48 13.06 5.81 6.11 6.16 4.71 10.98 3.91 5.43 3.85 2.99 3.99 6.40 8.91 5.59 4.51 7.94 11.40 5.20 13.76 16.27 17.52 17.28 16.56 15.52 14.90 14.71 14.36 13.69 12.74 10.91 11.37 9.02 6.89 7.16 13.64 12.83 12.08 12.46
27.68 34.52 36.20 37.08 36.50 33.60 31.80 29.91 30.83 29.75 27.98 26.91 28.44 29.87 28.92 21.43 18.80 11.35 16.51 20.82 16.65 6.84 8.79 8.35 4.77 16.15 15.29 15.90 14.72 14.00 19.18 20.95 17.83 10.73 10.95 12.20 16.15 15.40 10.08 7.93 8.01 13.29 4.88 4.87 9.61 3.87 2.39 10.39 8.80 8.77 2.41 3.46 5.70 10.40 8.09 8.12 7.95 13.09 12.62 13.58 15.54 16.39 16.21 15.48 14.55 14.09 14.29 14.46 13.92 13.16 7.92 7.96 8.51 8.42 8.58 10.83 13.32 12.47 13.61
29.70 32.21 36.04 35.69 35.09 32.62 30.60 30.18 30.09 28.25 26.59 25.86 26.41 30.21 29.68 22.62 19.38 6.65 14.25 21.85 11.67 13.89 9.41 6.57 13.25 18.41 16.18 14.06 15.98 17.29 21.57 20.71 17.47 11.51 12.93 13.34 17.07 15.23 9.19 8.74 8.19 11.66 10.47 3.58 3.94 3.99 3.71 7.53 8.32 3.86 5.56 4.23 3.87 8.84 10.84 6.71 8.94 14.30 14.16 13.65 15.76 15.37 15.13 14.35 13.59 13.13 13.21 11.70 11.63 13.27 13.13 12.27 12.53 12.24 11.03 11.13 12.75 12.57 13.08
35.36 33.58 32.98 35.49 34.32 31.46 29.44 29.45 28.37 25.14 23.48 28.46 27.87 29.88 29.14 22.99 19.53 12.01 17.64 19.83 9.90 15.22 11.26 9.07 17.40 10.87 13.85 11.84 15.11 16.81 19.55 20.20 10.86 14.26 12.31 17.03 16.27 14.13 9.05 7.49 9.42 13.24 9.56 3.62 3.85 8.24 5.00 4.98 7.50 1.42 5.29 4.38 4.11 7.52 11.00 9.62 8.03 3.80 6.86 4.74 15.37 14.51 14.20 13.34 12.82 12.44 12.42 12.89 9.07 12.02 14.36 14.02 13.06 12.73 12.88 12.18 12.02 13.49 12.48
33.83 32.07 35.45 36.04 33.46 30.11 27.44 28.24 26.05 24.77 26.13 28.33 28.07 27.49 26.75 21.79 13.06 8.39 15.49 16.05 9.99 15.78 13.52 21.83 10.96 13.69 11.67 12.87 16.80 14.95 17.39 18.92 14.27 15.48 17.05 17.32 17.33 10.71 9.06 8.47 8.62 12.21 10.72 2.69 5.32 6.09 9.50 5.48 6.24 3.29 4.53 4.51 5.81 7.79 8.21 9.68 6.32 3.39 6.12 7.15 14.97 14.24 13.46 12.71 12.20 11.97 12.01 9.61 12.21 9.35 13.09 14.05 13.88 12.96 14.86 15.44 11.53 13.02 14.06
35.16 32.98 35.61 35.13 31.63 27.45 25.26 27.30 22.90 24.19 25.52 27.41 26.22 27.88 23.96 19.55 8.66 8.95 13.33 11.79 10.27 13.17 15.65 14.52 21.04 12.33 11.97 13.40 14.58 12.54 15.35 18.09 14.82 14.67 18.55 17.91 17.19 10.83 7.88 9.44 10.05 11.75 8.79 4.05 7.24 7.45 5.33 8.41 5.76 2.73 3.49 4.36 6.19 7.88 7.79 8.75 4.78 6.17 13.93 15.42 8.37 13.56 12.59 12.27 11.88 8.96 9.28 9.41 7.78 7.70 10.77 12.94 14.58 13.69 16.08 11.97 13.14 13.67 10.91
32.83 32.23 34.49 33.44 29.39 25.33 25.81 26.93 22.16 24.75 26.01 26.48 24.77 28.06 22.32 18.14 6.63 8.69 9.69 9.84 15.62 22.85 15.83 23.23 21.60 13.60 13.62 13.30 13.70 11.68 17.11 19.21 15.54 17.86 20.48 18.38 17.09 10.59 8.04 10.01 13.91 13.25 7.18 5.10 2.52 8.19 2.94 6.56 6.96 2.64 2.42 3.46 6.72 8.64 8.93 8.48 2.27 5.08 5.62 8.33 5.62 13.42 11.89 11.88 11.85 8.52 10.87 7.71 11.12 11.48 11.79 7.20 11.60 12.66 16.61 11.57 11.83 11.22 10.31
32.95 31.62 33.46 32.10 28.49 24.23 25.56 26.26 22.74 25.02 23.17 25.32 22.92 23.59 20.71 23.34 9.59 21.75 8.96 23.05 23.27 23.27 17.65 22.69 20.39 13.32 12.62 12.08 13.98 12.02 12.94 19.90 18.51 16.18 21.75 18.52 14.93 9.74 7.21 10.46 12.53 14.15 10.90 6.21 8.98 3.21 2.34 4.63 6.85 7.00 1.92 2.43 5.05 8.47 11.49 12.05 13.03 3.53 8.28 7.09 13.50 3.12 10.94 12.36 11.36 10.81 10.40 10.23 10.62 11.24 11.84 11.96 11.58 9.43 15.21 16.57 10.91 10.52 9.98
30.88 30.34 32.50 32.40 27.85 22.23 23.24 24.62 22.69 21.34 24.44 23.06 24.09 22.95 19.27 10.62 20.43 21.09 21.91 22.84 23.29 11.47 23.45 22.02 20.25 12.70 10.55 10.31 13.70 13.88 11.96 17.37 16.92 12.58 20.76 18.23 14.46 8.38 8.82 10.52 11.75 9.27 13.99 9.55 5.09 3.25 2.50 10.60 11.41 10.65 4.26 1.68 5.87 10.29 10.08 10.95 11.84 11.90 11.82 12.63 12.67 12.03 11.44 7.74 10.14 9.67 9.72 9.79 10.24 10.79 11.27 11.76 11.66 11.30 9.01 14.33 9.91 9.69 13.18
31.00 29.07 31.54 28.38 25.76 20.85 21.47 22.81 24.45 23.64 22.37 22.53 24.72 22.95 18.86 8.21 20.71 20.72 21.73 22.93 13.05 21.13 22.76 20.83 19.83 15.09 6.98 12.50 16.18 19.04 11.15 13.16 12.71 14.09 19.04 18.38 12.59 8.93 10.18 12.32 11.10 9.75 10.69 12.66 10.90 2.66 3.55 11.04 11.46 10.67 11.18 4.02 8.42 9.51 8.59 10.00 11.23 11.27 11.65 12.05 12.19 11.72 11.10 10.34 10.06 8.77 9.02 9.55 9.91 10.32 10.65 8.49 11.22 11.04 10.68 10.39 9.77 9.32 9.48
30.24 28.22 30.61 30.54 24.01 21.43 21.02 24.86 25.32 24.89 21.03 21.69 24.06 21.96 19.10 9.02 20.30 20.65 21.90 12.87 15.36 22.51 21.96 19.96 19.05 12.53 9.37 21.82 17.14 20.44 11.24 13.73 12.75 16.26 16.34 15.59 10.74 9.46 11.41 13.31 9.75 11.04 10.96 11.13 11.19 6.13 4.72 12.08 12.63 4.13 7.36 12.32 10.27 8.44 7.53 8.57 11.02 11.81 11.70 12.05 7.23 10.88 10.15 9.82 9.17 8.63 8.92 11.26 9.47 8.42 10.10 10.14 13.86 10.29 10.10 10.00 16.99 8.99 16.18
27.56 26.99 29.96 28.08 23.08 22.32 20.16 24.17 24.98 23.91 20.28 21.80 23.00 20.30 17.47 20.11 20.20 20.41 21.25 15.69 18.04 22.34 21.03 19.30 20.16 6.34 9.48 11.35 15.65 20.23 9.95 12.79 17.03 14.00 11.06 13.05 8.75 9.64 9.35 11.16 10.82 12.22 10.62 10.83 9.96 8.77 1.86 12.08 12.81 0.86 6.74 6.41 10.30 8.16 7.37 8.13 10.90 6.53 6.15 11.46 10.80 6.47 8.91 8.91 9.28 4.59 9.24 10.76 9.14 9.29 9.53 9.48 14.78 12.65 8.65 9.50 10.50 15.16 14.89
28.37 26.43 28.77 25.24 22.44 21.73 23.55 23.28 23.83 19.08 20.22 22.44 24.90 19.95 19.00 20.04 20.21 19.86 11.24 16.14 21.86 21.67 20.18 18.62 17.36 5.94 6.43 8.79 13.76 20.44 11.93 13.99 19.39 12.71 9.43 8.10 9.41 9.57 7.49 16.09 16.37 16.00 14.36 10.42 7.97 10.18 4.26 10.91 12.03 2.83 7.87 10.25 9.34 9.02 9.29 10.35 11.49 11.58 10.88 10.23 9.59 6.98 7.87 7.20 8.95 10.26 10.00 11.27 9.55 8.82 9.01 9.08 10.49 14.70 13.15 11.73 10.54 14.03 14.13
28.97 26.52 26.90 23.50 23.13 21.79 18.90 20.32 21.57 19.39 20.58 22.61 22.29 23.07 12.40 19.36 13.13 11.64 14.94 19.12 21.39 20.37 19.17 18.58 15.67 5.07 5.88 8.47 11.84 19.59 15.90 10.53 16.52 16.33 9.31 9.62 9.85 10.33 10.04 16.99 17.45 15.89 12.90 4.34 5.82 8.03 4.02 4.68 12.09 12.43 5.56 1.56 10.81 11.75 12.36 12.57 5.55 11.02 10.02 9.27 8.90 6.53 7.50 7.57 12.92 11.30 8.05 10.27 10.66 9.59 8.18 8.78 4.67 8.87 14.04 10.74 10.58 11.84 7.43
30.53 26.75 24.67 22.82 24.82 21.63 18.34 19.40 17.82 18.70 20.39 21.74 20.57 19.67 14.43 12.68 13.07 15.84 18.74 20.02 20.78 19.46 18.26 18.28 12.87 7.11 5.13 7.71 10.11 16.85 15.17 11.36 13.10 19.69 9.96 9.84 8.00 6.82 17.80 17.77 18.68 17.73 14.83 4.56 2.38 7.58 5.22 12.94 14.04 14.63 2.23 4.19 6.54 13.87 13.40 12.77 11.77 5.01 10.03 9.26 8.85 8.41 7.80 8.05 8.70 14.82 8.70 9.23 11.15 11.73 7.21 12.28 10.04 7.98 10.30 11.99 11.83 12.78 4.49
30.43 25.31 22.61 22.93 24.77 20.54 20.44 19.67 18.81 18.30 19.69 20.26 18.57 20.94 17.44 13.73 12.91 19.47 18.04 19.17 19.30 18.51 17.75 13.72 9.04 4.71 5.00 6.59 8.08 10.94 9.62 12.18 15.11 20.33 15.76 8.68 8.80 6.73 8.62 17.65 18.83 18.97 17.59 6.00 7.18 6.51 1.92 15.64 8.12 7.71 2.72 4.46 8.76 14.28 13.60 12.59 11.52 10.76 10.24 3.34 3.27 3.71 8.21 7.77 9.44 8.89 9.70 8.74 10.26 10.90 12.70 9.09 7.86 8.10 8.04 6.29 5.78 10.23 12.27
29.22 23.98 23.95 25.76 23.30 23.28 19.80 17.88 18.16 17.86 18.95 19.02 17.01 20.52 19.66 13.85 14.11 17.07 17.29 18.48 17.96 17.13 16.70 13.23 5.62 3.80 7.91 8.14 6.56 7.60 8.18 8.81 13.83 19.48 18.18 8.55 9.50 7.71 18.72 18.66 19.98 20.76 19.83 6.92 10.58 6.96 4.74 4.45 8.58 17.48 5.76 3.66 15.23 5.87 6.41 13.09 3.75 3.83 11.02 2.05 2.37 2.70 2.56 8.08 7.92 12.52 9.70 8.88 10.07 10.35 10.92 10.18 10.31 12.19 7.95 8.34 8.70 8.29 8.02
23.32 22.64 26.32 26.35 21.57 22.93 20.34 17.72 17.49 17.07 17.98 20.12 16.22 15.19 18.97 12.35 15.59 17.13 16.76 17.70 17.31 16.47 15.62 7.94 3.32 17.89 18.54 12.60 8.21 7.45 19.37 9.08 11.97 18.35 17.90 8.58 8.29 8.24 20.32 20.34 21.21 9.66 21.47 5.37 11.60 8.02 7.40 5.66 10.57 9.88 8.25 2.34 15.42 14.47 5.41 13.34 4.54 4.81 3.36 1.69 4.22 1.79 1.68 4.41 7.64 6.80 10.87 9.00 10.81 11.07 8.85 11.53 11.25 9.85 5.89 9.78 8.16 3.97 8.87
21.58 21.03 25.56 25.15 20.40 20.16 18.25 17.49 16.98 16.42 17.33 19.51 15.59 13.88 19.77 18.74 16.54 16.97 16.43 16.82 16.57 16.25 15.66 3.09 16.89 17.64 18.36 6.89 10.17 7.61 6.39 9.54 10.40 15.55 17.95 14.16 7.86 8.85 21.33 21.53 21.28 13.84 21.73 10.79 9.64 11.57 10.52 12.78 18.07 17.69 9.88 4.70 15.24 14.31 13.67 4.38 12.93 5.06 11.52 11.01 2.38 6.97 9.26 4.68 6.68 7.67 11.68 10.93 12.27 12.46 14.02 10.23 7.32 6.33 6.55 9.20 8.53 8.65 9.35
19.35 19.71 24.68 24.01 20.33 19.09 17.40 18.34 16.59 16.45 17.45 16.93 14.62 13.36 14.99 14.45 17.36 15.98 15.81 16.01 15.56 15.36 9.48 2.61 16.57 17.71 4.82 6.71 6.09 7.63 9.26 11.39 11.92 13.13 15.92 12.34 7.63 8.58 21.30 10.60 13.66 9.56 21.25 10.25 6.71 9.61 11.46 17.91 17.44 16.95 16.51 15.88 11.15 11.25 9.47 5.44 5.47 4.84 1.90 11.03 2.41 2.25 5.91 2.70 8.07 6.40 9.87 4.41 6.05 6.70 5.59 12.46 6.80 5.67 12.79 7.99 8.91 9.05 7.98
23.11 17.12 24.30 25.02 22.93 23.02 16.72 16.75 18.21 16.30 17.54 21.93 13.84 18.02 14.45 17.59 16.36 18.02 14.89 15.07 14.44 13.03 4.99 15.95 15.81 17.30 10.86 7.35 4.89 5.53 13.55 14.62 14.04 13.86 13.58 9.03 5.86 11.65 10.40 20.20 11.20 8.06 19.83 18.41 17.85 11.02 11.65 11.64 17.34 16.84 16.49 16.16 10.47 15.36 14.90 6.78 4.82 5.39 1.01 3.03 0.75 5.41 3.06 3.92 9.74 5.60 4.57 12.64 6.50 6.84 5.98 12.63 6.69 4.97 8.62 6.93 13.26 11.33 11.04
22.63 20.72 20.01 18.82 22.58 24.15 15.08 15.20 16.24 15.75 16.43 19.44 13.85 15.68 15.18 16.25 13.64 12.17 14.27 14.34 13.77 12.20 5.34 0.65 15.55 16.66 9.17 6.58 6.39 8.72 12.53 14.53 12.76 9.16 6.79 11.18 18.25 18.25 18.66 18.36 17.48 17.58 17.85 17.16 16.42 10.81 10.22 17.35 17.19 16.93 17.24 5.49 8.65 15.88 14.65 13.71 8.58 9.15 3.26 2.58 0.32 1.49 5.35 7.21 6.35 7.96 7.98 3.78 12.52 5.86 5.12 14.17 6.00 4.44 7.78 10.49 9.09 4.08 7.71
20.30 20.83 19.71 17.21 24.73 23.46 14.59 14.20 14.05 14.76 16.42 16.36 15.81 14.39 14.51 15.13 12.72 12.31 14.48 14.08 13.96 11.70 6.68 2.45 15.81 16.28 6.96 9.62 12.53 10.15 8.86 13.22 7.20 5.33 17.12 17.21 17.15 17.28 17.82 17.44 16.21 15.89 16.43 16.88 16.63 16.15 16.08 16.32 16.47 16.50 16.83 7.44 9.89 15.50 14.26 13.24 11.15 11.81 8.23 3.64 1.77 4.94 9.98 8.34 7.24 8.15 11.30 8.82 13.48 6.62 6.49 13.32 4.92 8.47 10.11 9.78 7.91 8.96 7.33
19.26 20.49 26.53 15.33 23.10 21.49 12.84 9.32 13.44 8.38 14.00 14.23 13.12 15.16 13.61 14.61 14.89 11.04 14.60 13.55 13.93 12.96 5.92 15.84 15.84 16.16 8.75 12.37 15.57 3.84 17.21 8.68 5.07 7.11 15.98 16.33 16.39 16.16 16.27 16.53 16.32 15.90 15.61 15.65 15.71 15.40 15.06 15.12 15.37 15.32 15.04 14.66 14.21 13.95 13.59 12.85 11.91 11.05 10.39 10.12 5.35 5.38 8.82 7.45 6.78 6.50 6.42 6.81 7.62 7.87 6.82 7.80 9.08 9.43 12.27 13.97 6.48 6.58 7.32
19.97 19.08 25.16 22.72 21.72 19.76 12.02 9.85 9.51 11.49 13.49 16.19 13.33 14.09 14.42 13.80 13.28 9.00 14.27 12.51 12.39 3.78 14.84 15.29 15.79 15.64 11.68 12.10 7.48 3.77 5.92 5.19 5.11 15.06 14.95 15.06 15.04 14.71 14.76 15.45 15.65 15.45 15.14 14.85 14.89 14.78 14.37 14.16 14.17 14.08 13.69 13.15 12.81 12.72 12.51 11.94 11.21 10.57 9.95 9.39 9.97 6.88 7.62 7.13 7.76 6.16 5.39 4.82 4.60 8.26 8.01 8.21 5.23 10.28 13.80 11.54 5.96 6.29 7.01
19.51 17.97 25.07 22.07 20.58 15.22 12.38 11.43 11.12 13.68 11.23 12.71 12.11 15.03 11.44 16.06 11.56 12.29 13.91 15.07 11.47 12.40 13.63 14.91 15.88 11.39 14.74 8.14 5.00 14.56 5.04 13.88 14.23 14.26 14.08 14.04 13.90 13.74 14.04 14.45 14.50 14.44 14.24 13.85 13.71 13.81 13.65 13.29 13.16 13.18 12.95 12.58 12.32 12.09 11.69 11.12 10.50 9.92 9.37 8.69 8.01 7.66 7.46 7.09 6.52 5.84 5.27 4.82 4.48 4.34 4.05 3.59 3.78 7.95 5.40 12.93 14.43 6.12 6.57
20.68 17.57 13.73 21.00 21.34 11.04 12.25 11.01 10.76 11.27 12.86 8.00 13.01 15.34 11.02 11.44 15.67 12.98 13.09 7.44 12.00 12.20 12.60 13.42 8.17 13.01 10.61 14.67 4.35 4.21 4.93 14.01 13.93 13.81 13.51 13.25 13.01 12.75 12.88 13.38 13.68 13.33 12.87 12.66 12.57 12.66 12.69 12.53 12.38 12.31 12.20 11.94 11.70 11.40 10.89 10.31 9.75 9.22 8.66 8.07 7.48 7.07 6.85 6.53 5.99 5.36 4.81 4.31 3.82 10.47 3.18 3.06 3.78 9.92 9.42 14.46 13.22 5.79 6.11
19.87 23.41 12.02 20.82 14.94 11.20 17.78 10.38 10.24 15.67 14.37 10.82 13.60 18.78 10.37 17.18 16.13 16.55 12.86 11.48 11.49 0.31 12.34 12.37 13.07 10.32 6.75 6.71 8.73 4.95 4.02 0.99 13.84 13.36 12.85 12.34 12.05 11.66 11.67 12.48 12.71 11.68 11.19 11.37 11.49 11.53 11.56 11.49 11.41 11.22 11.06 11.02 10.93 10.61 10.06 9.52 9.03 8.52 8.05 7.57 7.05 6.59 6.19 5.82 5.43 4.88 4.35 3.91 3.46 3.04 2.85 3.19 8.55 7.52 7.78 8.34 12.14 13.18 5.02
15.09 19.90 11.13 20.87 9.21 12.47 18.18 9.74 18.57 9.80 10.04 11.27 14.29 10.45 15.41 9.19 12.55 14.63 12.12 11.88 11.17 11.32 11.81 11.48 4.67 4.78 6.42 9.76 11.40 4.31 14.41 13.91 13.54 12.95 12.35 11.67 11.20 10.73 10.45 10.88 10.53 9.26 9.31 9.90 10.16 10.23 10.27 10.35 10.38 10.25 10.16 10.15 10.12 10.05 9.57 8.89 8.36 7.96 7.61 7.23 6.73 6.18 5.61 13.71 4.64 4.24 3.91 3.55 3.05 2.71 2.84 3.28 3.88 4.23 4.67 6.67 7.73 8.87 4.38
13.76 12.44 10.48 17.27 8.94 16.51 16.76 9.01 8.90 18.09 9.86 13.07 12.69 14.29 16.69 16.74 11.73 13.99 11.75 12.00 12.25 11.50 11.03 11.30 12.30 13.06 6.65 11.09 11.89 1.81 14.26 13.55 13.22 12.80 12.20 11.39 10.66 9.82 8.66 8.36 8.07 7.38 7.95 8.72 9.29 9.44 9.44 9.42 9.39 9.57 9.66 9.38 9.25 9.50 9.37 8.76 8.18 7.80 7.43 6.95 6.36 5.81 5.35 4.89 4.43 3.88 3.42 3.04 2.53 2.29 2.56 2.99 8.69 8.65 8.56 7.31 6.78 8.12 11.97
13.66 12.00 9.92 9.72 9.59 14.22 9.16 15.05 16.52 15.58 8.64 14.65 13.80 14.42 13.32 8.38 9.95 16.56 13.33 12.83 12.48 4.69 3.56 11.41 11.83 12.15 5.37 9.96 6.12 14.14 14.07 13.26 12.87 12.75 12.22 11.28 10.39 9.28 8.14 7.81 7.53 7.51 7.77 8.15 8.76 9.09 8.99 8.71 8.54 8.61 8.61 8.44 8.59 9.10 9.28 8.92 8.36 7.96 7.59 6.96 6.19 5.53 5.09 4.72 4.19 3.41 12.50 11.87 10.91 12.18 11.67 11.43 10.95 9.74 7.31 7.12 7.53 6.72 8.46
14.02 12.72 11.02 9.09 16.36 8.95 19.85 16.84 13.77 6.23 7.12 7.71 9.74 14.47 12.11 6.87 10.01 15.22 9.40 12.38 5.60 11.38 8.43 7.27 4.11 3.07 5.71 9.17 5.77 14.00 4.78 5.24 12.90 12.69 12.29 11.56 10.72 9.89 9.25 9.21 9.27 9.00 8.63 8.46 8.59 8.68 8.55 8.26 8.03 7.92 7.85 8.02 8.51 9.01 9.14 8.83 8.32 7.96 7.66 7.05 6.13 5.24 12.78 4.11 3.61 11.91 12.58 11.55 10.52 10.94 10.96 10.85 9.61 9.86 9.04 8.00 8.02 10.58 8.55
13.04 11.02 8.00 6.43 7.52 14.06 7.65 16.64 15.72 6.79 6.98 8.15 10.89 15.67 9.14 11.75 13.54 15.11 9.15 12.29 9.24 8.11 6.44 11.75 7.64 2.64 5.98 10.85 4.75 5.20 10.43 6.44 13.13 12.57 12.17 11.68 11.23 11.04 10.84 10.66 10.37 9.62 8.76 8.23 7.99 7.95 7.84 7.66 7.58 7.61 7.69 7.84 8.19 8.61 8.69 8.28 7.82 7.61 7.47 7.04 6.11 5.06 4.28 3.79 3.21 12.75 12.38 11.27 0.85 0.19 10.51 10.10 9.71 8.77 8.90 8.43 7.43 8.27 9.11
