examples/cougarCreek-fire/createInputs/WindNinja/wrfout_d3.2015080912.f19/cougarCreekFire_08-10-2015_0700_217m_non_neutral_stability_ang.asc
ncols	146
nrows	140
xllcorner	610065.000000
yllcorner	5095217.000000
cellsize	216.586807
NODATA_value	-9999.000000
[rows 90 to 134 of 140, columns 0 to 95 of 146]
324 320 324 325 321 321 320 315 279 279 276 304 268 265 323 261 318 249 245 240 234 228 302 257 234 235 235 266 269 266 263 274 280 253 213 255 234 247 208 207 205 203 198 220 190 233 255 166 192 189 166 200 182 178 178 145 174 170 169 168 304 322 161 348 353 340 319 326 314 314 326 10 115 112 103 355 353 358 326 95 93 89 87 87 84 83 85 86 86 84 80 76 74 74 75 76
325 319 321 324 320 320 320 319 278 279 278 273 267 265 265 325 311 247 242 237 231 226 309 250 233 233 263 283 277 252 274 282 269 268 243 264 223 246 207 192 201 223 196 241 207 245 183 197 193 190 193 191 242 223 205 176 160 182 169 171 336 230 317 290 347 143 339 338 313 306 309 328 116 121 13 1 354 4 1 317 320 7 352 86 84 86 85 87 85 84 82 79 78 78 78 78
329 329 320 323 327 322 323 317 319 271 271 308 261 314 257 323 251 301 239 235 229 279 320 236 232 231 288 294 253 259 282 275 281 283 264 264 228 218 195 208 206 242 199 197 195 194 180 176 194 192 195 192 242 182 182 256 192 202 194 152 1 337 251 265 330 156 142 339 323 310 315 333 116 122 3 346 329 327 319 308 314 345 2 27 14 38 51 22 86 85 86 86 85 85 84 82
332 299 297 294 319 315 324 274 319 264 333 310 255 319 309 315 319 284 237 233 231 280 285 275 229 229 291 291 290 270 270 258 283 285 259 209 213 212 212 211 206 203 203 200 196 183 180 196 194 193 194 208 238 185 184 182 216 256 226 184 179 264 255 259 281 342 346 347 321 294 293 341 121 123 4 346 337 318 98 94 92 91 92 341 11 32 11 90 87 86 53 88 87 86 85 82
303 301 300 298 325 319 327 275 270 266 260 323 316 307 309 312 309 305 234 232 230 265 308 318 227 230 292 288 279 299 290 270 287 233 219 218 215 212 213 213 208 204 203 201 197 197 197 196 195 193 192 207 232 190 188 186 230 185 234 245 210 317 286 173 171 264 316 322 318 298 290 333 127 10 1 26 100 357 312 89 91 90 88 87 86 21 20 30 91 91 355 89 90 93 88 84
333 299 320 297 325 319 283 336 272 312 328 322 316 304 307 306 316 313 236 230 225 303 304 229 231 233 295 272 223 297 223 282 249 213 220 218 215 212 212 213 210 205 203 201 199 199 197 196 195 194 193 192 193 194 192 189 189 189 188 187 296 248 256 181 174 161 155 284 298 301 293 313 360 356 1 15 97 92 90 305 94 94 332 349 4 85 43 20 27 93 91 17 91 90 88 89
300 298 328 322 324 326 284 342 332 339 310 324 322 303 307 300 324 322 238 229 224 330 233 235 236 234 300 278 310 202 234 252 198 224 221 220 217 213 213 215 211 207 203 200 200 200 198 195 196 196 196 196 196 195 194 194 194 193 191 188 250 238 188 185 250 167 155 145 142 287 292 313 318 321 342 12 95 95 93 312 89 90 89 87 14 31 24 24 86 87 358 19 24 87 86 87
304 304 328 329 321 341 349 283 344 354 268 335 326 317 246 309 314 313 236 285 231 237 239 237 236 296 226 313 239 232 243 229 228 226 223 221 219 216 215 214 211 207 205 202 202 201 199 197 197 198 198 198 197 196 197 198 197 196 194 193 192 193 192 188 182 175 164 153 144 133 124 114 104 313 340 354 18 100 100 353 85 83 82 83 351 82 85 88 30 85 86 85 85 84 83 85
301 308 313 335 333 295 344 288 284 276 347 347 322 308 252 251 322 296 292 328 236 241 242 239 294 291 295 234 285 289 245 228 227 226 224 222 220 216 214 213 212 210 206 204 203 202 200 198 198 200 201 200 199 200 202 203 201 200 199 198 196 195 194 191 188 181 169 158 147 238 122 113 107 307 315 325 3 106 105 13 338 331 83 350 84 8 33 91 89 33 29 84 86 85 85 84
295 327 311 337 3 298 332 287 282 353 5 271 325 303 261 293 307 304 303 243 243 326 239 233 228 304 287 286 300 310 247 235 228 228 227 225 221 216 212 214 217 215 208 205 204 203 201 199 200 203 204 202 202 205 207 207 206 204 203 202 200 198 197 195 193 186 175 165 156 144 131 122 297 293 299 315 338 8 102 91 352 91 340 5 12 349 11 91 95 89 13 85 84 84 91 346
301 341 297 350 306 334 335 348 341 277 276 275 319 271 298 254 305 292 305 243 242 239 231 334 334 297 279 296 297 314 230 231 232 232 230 227 223 219 218 224 228 219 208 207 207 205 203 201 202 206 207 204 205 211 213 212 210 208 207 206 204 203 202 223 198 191 180 171 164 153 140 129 119 111 104 291 317 333 90 97 13 345 341 338 345 355 90 340 90 30 8 86 88 88 93 9
311 307 297 15 302 342 2 292 282 351 262 349 314 323 309 302 304 289 298 325 234 232 228 230 235 236 302 298 297 310 236 236 235 233 230 227 226 226 234 247 245 222 207 206 207 206 203 201 203 207 208 208 210 216 218 216 213 211 211 210 209 208 207 205 203 196 184 178 174 155 138 127 266 264 252 251 283 306 334 10 344 338 321 293 236 84 183 254 85 351 87 3 11 84 90 85
316 322 321 299 303 350 296 349 322 9 256 348 346 332 324 305 245 289 296 291 232 15 143 236 239 236 317 310 304 240 240 238 234 232 231 229 231 235 244 252 241 217 204 203 205 204 203 203 205 209 212 212 215 219 220 217 214 213 214 215 215 214 212 211 211 204 242 240 245 245 244 244 241 252 273 290 296 298 314 346 338 314 313 322 347 62 19 359 354 141 130 173 81 81 28 15
316 324 334 322 17 292 340 345 350 287 274 5 256 317 356 328 247 291 245 283 22 234 156 218 344 332 320 313 276 240 312 298 232 232 232 231 231 233 234 230 220 208 201 201 203 204 205 206 208 212 214 214 215 219 220 218 216 216 219 222 223 221 233 222 224 241 242 242 254 257 256 251 242 251 272 295 308 311 333 0 359 331 322 326 349 85 90 13 20 86 30 351 327 4 34 18
315 320 332 333 300 11 280 322 17 290 290 284 340 330 265 315 300 296 245 315 240 145 151 236 324 323 325 318 313 302 320 306 233 234 233 230 227 226 224 220 214 207 203 203 205 208 210 210 212 213 213 213 216 220 223 222 220 221 226 230 231 230 232 237 239 243 243 250 246 160 269 270 272 270 268 275 302 316 324 342 340 329 336 328 346 15 15 98 356 95 91 10 84 31 353 355
328 325 332 336 318 278 1 274 293 9 289 296 287 11 279 273 308 296 243 315 21 242 238 340 341 239 290 244 322 304 237 238 237 235 233 228 224 224 224 222 217 212 208 208 210 213 214 215 216 217 218 218 220 224 228 227 225 229 235 240 243 243 244 245 256 256 261 261 262 236 88 279 278 279 273 270 279 294 291 289 337 344 343 336 341 357 19 25 13 15 93 11 17 83 87 3
334 338 344 346 341 319 292 279 12 286 14 281 334 1 273 266 315 299 246 295 17 53 320 241 244 335 245 242 336 241 242 242 240 235 230 226 225 227 228 225 219 214 211 212 213 214 216 218 221 225 227 226 226 234 243 241 236 241 246 251 254 253 248 245 246 253 261 268 276 301 90 85 80 289 276 263 253 251 249 296 310 325 335 314 276 269 345 350 358 338 89 14 357 79 91 10
346 341 346 351 348 337 323 305 282 285 15 345 1 260 341 345 247 248 251 242 74 114 243 336 248 245 336 331 240 245 244 242 237 231 229 228 143 162 189 226 220 216 215 215 214 216 218 220 223 228 231 231 237 256 267 264 253 254 257 261 261 257 249 250 259 268 264 266 268 270 273 281 292 295 285 274 272 279 309 329 328 322 335 344 266 76 199 338 22 305 22 40 350 322 353 7
349 334 339 349 350 342 330 319 299 7 267 16 259 356 353 347 312 305 305 300 97 249 151 354 353 5 330 334 246 317 240 234 322 228 231 133 236 238 235 226 221 220 219 218 219 132 221 222 225 229 232 234 248 265 268 263 263 266 268 268 267 263 261 266 273 262 271 279 280 279 278 70 292 296 293 294 295 301 312 321 332 330 330 342 348 1 347 324 351 1 352 359 342 141 129 24
1 343 343 341 350 350 337 322 313 302 294 277 13 357 5 342 240 318 322 320 76 95 301 338 310 339 342 245 242 328 230 326 230 233 153 237 120 236 229 224 223 224 222 222 121 226 224 226 231 234 236 239 248 254 254 255 266 276 278 277 276 278 283 285 289 296 271 276 281 14 291 80 296 83 81 307 298 293 296 312 321 320 318 337 353 9 11 6 20 7 352 12 39 1 5 10
1 357 336 343 345 352 348 335 329 320 325 291 9 285 279 339 331 22 232 333 24 353 336 335 340 326 335 330 326 335 335 234 62 126 136 125 76 230 313 224 225 224 223 109 110 116 228 233 239 243 246 249 252 254 257 265 277 285 288 288 291 298 303 303 303 311 271 270 276 281 281 271 267 278 296 298 292 285 293 301 311 323 328 336 343 3 3 1 2 6 2 12 353 1 13 360
358 2 357 336 330 341 348 346 342 321 319 309 307 293 357 350 253 253 257 261 265 256 249 350 354 358 331 347 338 242 309 246 142 136 110 24 235 228 227 100 102 103 102 101 96 102 231 240 249 256 261 267 272 275 279 285 290 293 294 294 298 305 309 307 305 297 294 289 286 280 275 266 262 258 264 286 296 304 302 303 321 325 322 324 337 359 357 354 4 20 13 72 8 356 3 71
1 8 10 351 328 322 323 340 348 339 24 328 25 2 342 359 280 286 284 280 272 259 256 359 352 1 350 254 256 338 6 52 358 246 3 300 233 231 71 78 97 106 96 97 105 229 235 245 256 264 273 281 288 292 294 295 296 295 294 294 298 303 308 306 304 310 323 346 301 297 296 305 306 298 291 292 303 306 304 311 332 344 339 346 340 352 2 4 0 3 4 70 69 5 358 351
10 13 14 9 346 300 298 306 320 330 324 40 20 340 343 355 281 292 293 286 275 273 261 0 20 11 349 342 331 333 340 327 322 247 244 239 235 17 35 49 62 69 92 120 141 239 245 253 262 270 278 285 290 294 297 298 298 298 297 297 301 305 306 303 300 301 308 337 42 305 306 59 316 319 312 307 314 320 326 320 335 350 344 342 347 346 354 4 4 16 10 352 13 356 330 314
16 17 18 15 4 344 317 296 300 294 353 309 300 350 358 350 279 281 279 270 259 265 262 3 52 15 338 334 328 331 329 338 249 246 321 239 6 41 2 9 37 79 123 240 248 255 259 263 267 273 279 283 286 289 291 294 298 301 301 301 304 306 302 303 301 300 300 299 299 298 299 296 296 308 317 319 332 337 339 337 341 352 345 337 333 339 353 1 357 1 21 14 1 17 62 357
14 18 19 12 2 354 349 342 324 282 271 295 11 4 324 296 294 288 280 269 330 359 2 68 79 322 348 331 332 324 337 341 356 331 243 241 15 11 238 2 57 93 112 115 78 264 266 269 271 274 277 280 282 283 283 285 289 295 298 299 299 298 293 287 296 296 300 299 296 293 293 292 294 305 318 320 325 328 323 322 336 348 351 343 350 347 357 3 7 5 359 4 359 60 73 9
9 15 17 10 360 355 355 356 354 347 320 303 357 8 314 317 308 296 294 289 283 3 15 62 3 339 337 328 334 337 332 336 348 341 245 25 15 345 239 20 66 75 73 34 2 354 267 271 274 276 278 280 280 280 278 278 280 283 285 284 282 281 276 304 295 290 291 293 295 296 298 300 302 309 318 322 320 318 306 298 311 325 339 343 341 343 356 2 4 6 6 4 341 337 68 70
4 11 16 10 4 359 353 353 357 358 352 310 290 308 315 320 316 314 313 312 311 16 44 40 318 278 340 335 331 321 334 336 16 13 2 353 249 243 352 39 46 58 67 33 355 347 346 272 276 278 278 278 277 275 273 272 272 271 269 267 265 263 311 263 304 298 291 288 295 305 308 300 303 306 308 318 317 323 319 316 317 319 325 332 341 347 358 8 0 63 57 0 353 65 342 53
4 8 11 9 6 0 354 351 353 356 356 346 328 311 347 319 321 321 322 323 322 16 301 349 290 296 343 336 338 324 326 7 20 8 2 342 323 340 29 52 40 45 36 358 344 261 340 340 273 276 277 274 272 270 268 267 265 263 261 257 299 305 251 249 310 309 303 292 289 301 314 302 296 294 292 297 306 315 318 321 335 346 353 344 342 353 13 8 0 60 63 5 4 358 4 18
9 5 5 5 3 357 355 354 346 351 348 342 332 327 316 14 319 325 9 324 356 13 20 302 300 343 346 347 341 337 333 5 4 2 349 335 336 13 61 59 36 25 4 347 334 335 337 332 327 268 270 269 267 266 264 263 260 256 305 305 302 302 310 311 309 308 309 302 286 287 309 316 307 299 294 303 315 325 334 338 329 339 352 349 351 357 20 18 6 64 63 14 59 56 13 51
1 359 358 0 359 355 357 359 356 346 341 330 322 323 324 327 3 10 25 360 7 315 15 0 351 347 341 351 338 311 322 281 355 1 342 339 6 25 53 51 8 4 358 350 348 344 337 328 325 324 317 260 260 259 258 255 301 298 301 306 308 304 305 310 315 311 303 308 293 283 297 317 320 318 312 308 309 317 340 339 336 335 344 343 336 335 355 355 1 62 65 10 57 57 58 62
359 352 351 354 353 355 2 6 1 343 343 330 321 319 322 309 11 23 5 356 7 21 12 12 357 344 345 354 351 298 339 351 359 5 341 352 31 38 45 17 356 352 3 360 4 352 336 329 326 324 316 313 309 306 302 298 298 295 295 303 312 307 307 313 231 234 305 309 305 284 287 305 309 306 303 303 309 311 331 342 336 337 344 345 333 69 73 71 67 358 62 1 59 52 64 60
351 345 348 351 346 355 6 11 1 351 342 338 327 320 320 330 319 31 313 358 360 4 359 353 320 319 358 6 346 308 332 359 4 3 344 5 28 17 22 0 344 1 14 9 7 345 332 331 329 327 320 315 310 304 300 298 294 290 287 296 313 310 298 311 229 228 317 316 321 297 283 279 286 294 298 306 312 313 327 338 335 339 350 353 356 360 345 62 62 327 5 354 5 64 60 60
337 339 348 349 349 352 5 8 356 346 338 343 334 321 314 327 343 38 0 351 357 359 356 350 322 330 8 314 313 319 322 354 353 350 351 8 16 10 3 347 347 3 5 360 0 333 324 332 335 333 325 315 311 302 298 294 292 288 282 287 308 307 290 304 317 221 222 315 314 306 298 298 304 309 306 303 303 306 320 336 336 341 342 353 1 18 12 6 353 354 1 7 17 54 54 58
333 334 348 352 350 351 357 358 350 342 343 348 339 326 312 317 331 341 7 322 3 1 356 349 318 328 323 315 313 318 322 347 352 352 8 15 19 16 5 359 4 11 10 2 350 337 326 340 341 337 326 313 306 302 297 292 290 285 280 283 296 293 291 295 304 219 218 309 300 299 304 315 321 322 318 310 307 310 322 327 331 341 67 0 2 21 18 74 3 357 68 48 44 48 51 47
338 341 348 344 351 349 347 348 345 342 343 345 341 333 320 315 327 337 320 328 316 358 355 354 349 347 318 314 340 317 321 336 359 11 32 26 22 17 17 14 13 20 17 359 347 342 331 341 335 332 325 315 311 304 296 288 283 277 273 273 278 270 269 270 276 297 310 319 271 245 291 309 320 332 336 321 311 307 314 322 331 341 9 18 356 1 76 71 360 354 347 56 48 43 50 42
343 342 344 349 343 349 347 343 341 342 345 347 343 336 327 320 322 355 314 356 352 346 358 358 316 343 350 353 330 331 320 330 14 30 41 29 22 27 23 12 10 22 7 355 358 351 333 339 339 332 326 315 309 309 302 297 281 218 218 219 221 221 221 221 225 228 275 233 249 255 295 314 315 329 120 336 316 304 309 314 314 326 342 20 9 3 68 69 2 355 339 50 44 40 45 44
340 338 348 330 332 343 344 343 344 342 343 345 341 337 329 323 326 323 10 353 345 351 358 356 321 342 345 340 313 317 338 355 18 35 45 36 32 20 14 13 28 31 11 18 18 352 334 336 353 349 341 329 327 224 222 221 221 221 223 224 224 225 226 228 230 234 240 251 246 226 305 320 311 313 348 346 326 306 306 306 298 302 322 353 359 11 47 60 52 2 349 40 40 41 40 39
337 338 335 340 333 323 330 340 341 344 339 338 340 336 329 323 328 328 329 353 349 347 346 339 345 346 349 324 322 329 347 15 29 48 49 32 10 11 20 30 39 284 277 269 266 356 344 8 247 243 240 235 232 230 228 227 226 227 227 228 229 231 232 233 234 235 239 287 291 219 208 305 303 297 330 342 327 300 292 299 304 314 332 340 346 355 5 56 57 4 350 39 35 36 35 30
331 335 335 332 334 328 330 332 335 341 332 329 333 336 327 322 326 332 335 316 347 345 340 338 346 350 349 330 334 355 355 34 46 53 319 34 14 21 32 33 305 302 294 287 281 277 270 262 254 250 248 245 241 237 233 232 231 231 232 234 237 239 239 239 239 237 235 230 224 217 213 213 200 289 308 329 332 313 298 296 298 298 308 333 345 353 353 352 359 0 359 28 29 32 26 25
324 321 336 334 332 331 329 329 334 327 327 332 327 328 334 322 328 329 323 314 309 343 340 339 343 339 347 337 339 356 14 42 42 49 315 311 19 24 314 314 315 317 315 310 302 296 291 279 267 261 257 252 247 243 240 239 238 237 240 245 250 250 247 245 243 240 235 232 228 222 218 217 279 201 296 311 325 317 310 306 303 291 275 295 342 356 9 357 351 354 357 25 22 29 23 7
317 319 328 328 334 331 332 333 330 333 337 322 330 327 333 326 328 342 325 318 315 313 342 343 343 340 330 335 337 10 33 44 45 51 38 2 9 310 315 320 322 324 326 324 319 4 9 294 285 279 271 262 256 253 252 251 250 252 258 265 266 258 250 247 245 240 235 231 227 223 220 218 219 276 280 290 308 305 305 308 310 313 301 294 300 333 2 36 353 350 3 1 3 19 20 7
311 317 330 330 333 334 331 330 332 330 334 326 335 331 334 356 330 331 327 320 317 319 318 345 347 336 329 347 359 29 45 44 53 64 305 67 299 309 319 324 326 12 15 17 13 1 322 309 299 289 278 269 264 263 264 264 267 272 277 278 272 257 248 243 240 235 234 230 229 226 223 222 222 224 226 231 284 231 288 265 309 330 331 298 43 34 314 22 19 354 4 17 13 13 6 14
309 316 332 333 333 336 330 326 328 329 330 330 331 335 333 332 332 360 327 321 318 320 325 339 353 324 332 350 11 21 32 47 15 327 308 309 313 318 323 8 10 11 17 328 15 10 329 320 308 296 282 272 268 269 272 276 280 281 280 273 259 244 240 238 234 230 227 224 225 225 225 227 283 285 282 277 245 281 281 283 337 334 353 354 25 23 309 333 6 354 355 10 9 9 359 8
303 313 332 335 335 331 323 318 321 323 331 332 333 336 333 334 333 330 329 324 319 321 328 329 349 330 339 354 13 19 31 17 359 327 323 323 324 327 330 358 12 17 334 329 329 332 331 327 320 309 292 277 270 271 275 280 282 279 270 257 241 233 232 230 227 225 223 279 223 226 225 222 274 289 286 287 291 255 304 291 289 311 351 7 340 350 314 323 340 352 350 6 4 6 7 359
