examples/cougarCreek-fire/createInputs/WindNinja/wrfout_d3.2015080912.f19/cougarCreekFire_08-10-2015_0700_217m_non_neutral_stability_vel.asc
ncols	146
nrows	140
xllcorner	610065.000000
yllcorner	5095217.000000
cellsize	216.586807
NODATA_value	-9999.000000
[rows 105 to 139 of 140, columns 0 to 78 of 146]
11.29 9.04 6.23 5.30 4.92 6.76 19.01 7.50 7.03 6.83 7.81 8.03 8.22 14.78 8.67 8.49 13.40 14.97 8.79 12.41 4.99 10.04 10.44 8.10 9.79 11.34 4.52 11.16 5.69 5.88 12.83 13.16 12.97 12.41 11.97 11.48 11.22 11.33 11.28 10.75 9.99 9.14 8.35 7.76 7.33 7.19 7.14 7.02 6.97 6.96 6.97 6.98 7.22 7.76 8.06 7.57 7.10 7.16 7.19 6.93 6.06 4.83 4.16 3.84 11.18 11.66 12.01 1.38 0.83 0.13 1.01 10.29 9.89 9.38 8.68 8.39 8.01 7.17 5.91
10.61 9.67 8.23 7.26 6.57 6.73 7.94 8.22 16.21 7.51 9.09 7.85 17.16 7.56 8.40 6.75 13.94 14.85 7.88 15.81 5.89 1.94 2.65 10.17 10.16 2.81 11.49 10.52 7.04 11.94 12.16 12.39 12.22 11.87 11.62 11.24 10.98 11.01 10.85 10.22 9.46 8.74 8.17 7.74 7.34 7.07 6.92 6.71 6.47 6.25 6.08 5.91 6.01 6.63 6.90 6.12 6.05 6.73 7.03 6.91 6.13 4.73 3.98 3.89 3.64 3.01 2.16 1.49 0.86 0.13 0.83 1.75 2.44 9.07 8.86 8.76 7.51 7.56 5.44
9.68 9.86 9.51 9.18 8.87 8.77 8.36 7.68 8.91 7.26 8.93 16.46 15.38 8.00 17.82 12.40 6.37 6.78 7.08 7.06 3.97 3.59 9.89 9.60 9.74 10.71 9.90 12.06 11.33 11.57 11.66 11.92 11.67 11.48 11.40 10.92 6.59 8.15 7.91 9.49 8.94 8.45 7.95 7.57 7.30 7.08 6.82 6.62 6.42 6.20 5.90 5.41 5.17 5.98 6.46 5.18 5.06 6.35 7.06 7.07 6.18 4.57 3.70 3.78 3.94 3.43 12.99 12.51 12.68 12.16 11.94 10.91 10.09 9.43 8.86 7.72 7.15 7.36 6.71
8.55 8.34 8.57 8.92 8.93 8.17 7.41 7.07 6.89 18.34 4.74 13.92 7.54 13.15 12.99 10.66 13.24 12.77 10.69 12.88 5.71 8.89 2.34 5.70 5.15 7.43 7.42 6.45 11.45 8.13 11.16 11.61 10.33 11.66 11.32 4.06 10.49 10.21 9.49 8.67 8.39 8.13 7.71 7.26 6.89 6.51 6.45 6.41 6.42 6.37 6.17 5.63 5.54 6.68 6.74 5.28 4.99 6.20 7.10 7.07 6.00 4.30 3.44 3.88 4.38 13.04 13.12 12.69 12.50 11.98 11.81 1.74 10.01 9.69 9.49 9.02 8.45 8.00 8.01
9.34 8.46 8.91 8.43 8.34 7.63 6.68 6.37 5.84 6.34 3.79 5.50 13.44 14.88 14.02 14.98 6.86 12.80 10.64 9.40 3.75 3.33 4.52 11.80 4.54 9.96 10.85 10.41 11.11 11.88 11.52 11.42 11.64 11.55 1.61 11.03 2.30 10.35 9.34 8.58 8.27 7.91 7.49 7.15 6.27 6.36 6.02 6.10 6.29 6.27 6.15 5.95 6.53 7.55 7.18 6.07 5.90 6.68 7.14 6.84 5.72 4.18 3.63 4.35 4.90 4.05 12.59 12.58 12.83 1.03 10.98 1.87 9.99 2.69 3.05 9.01 8.56 8.29 8.19
10.59 10.20 9.01 8.43 7.84 8.24 7.88 7.22 6.38 6.18 4.53 5.73 16.66 6.72 6.65 15.61 13.14 7.16 7.81 14.42 3.21 7.23 14.12 12.61 7.17 7.00 12.39 6.18 12.32 12.12 8.70 10.58 1.23 3.00 2.28 3.26 1.21 10.35 5.82 9.01 8.51 8.00 7.48 5.25 5.38 4.78 5.84 5.83 6.10 6.07 5.92 6.01 6.93 7.87 7.48 7.01 7.35 7.55 7.32 6.85 5.86 4.73 4.53 5.27 5.62 4.38 12.03 11.63 12.05 11.71 11.50 10.91 10.30 10.53 8.97 7.28 7.69 7.44 6.62
10.14 9.73 8.00 6.46 6.37 7.38 8.45 8.20 6.48 5.77 5.50 5.88 6.35 6.49 15.18 17.28 3.92 5.05 6.48 7.88 8.81 8.69 8.62 13.56 8.11 8.08 8.37 10.70 12.48 9.95 4.18 9.95 3.32 2.00 2.11 1.14 10.18 9.58 9.28 4.03 4.55 5.03 5.20 4.83 4.15 4.38 6.08 5.86 6.00 6.01 5.91 6.10 7.08 7.87 8.05 8.46 8.69 8.12 7.47 6.97 6.17 5.34 5.16 5.73 5.56 14.07 12.90 12.13 11.45 10.94 11.02 9.47 7.89 8.32 8.67 8.34 8.22 7.41 7.45
9.23 8.84 7.63 5.67 6.16 5.50 5.33 6.03 6.29 6.30 15.79 5.37 11.88 15.69 14.92 16.87 4.41 5.33 6.96 7.70 7.71 7.29 7.46 11.11 5.98 5.58 6.94 8.28 8.89 6.93 3.28 2.34 4.01 9.64 3.01 6.54 9.64 9.19 3.20 3.32 4.93 4.94 4.91 5.07 4.75 7.20 6.74 6.42 6.47 6.53 6.63 7.17 8.27 8.98 9.42 9.70 8.96 7.88 7.30 6.92 6.30 5.56 5.34 5.55 4.85 3.40 2.49 1.89 11.96 11.67 11.78 10.89 9.85 10.67 9.95 9.77 8.74 9.19 8.62
9.25 8.90 8.15 6.82 4.49 3.76 4.60 4.17 4.39 5.11 4.29 12.61 9.39 12.42 15.68 16.19 5.98 6.81 7.58 7.14 6.36 6.04 6.52 10.10 4.91 5.04 7.56 8.68 8.07 8.01 6.32 6.95 6.78 9.36 9.97 9.71 9.25 2.07 3.15 3.22 3.60 3.75 5.31 6.37 6.90 7.50 7.25 7.09 7.27 7.38 7.76 8.62 9.52 10.10 10.29 9.82 8.56 7.51 7.20 7.08 6.44 5.62 5.21 4.80 3.90 2.69 1.65 0.87 1.04 11.11 10.52 1.96 10.87 10.61 10.46 10.21 10.22 10.09 8.78
9.92 9.47 8.39 7.51 6.66 5.71 4.98 4.62 4.96 4.05 16.43 4.12 6.61 18.69 18.23 14.69 7.31 7.55 7.23 6.18 5.66 5.40 5.81 8.11 4.49 4.81 8.72 8.67 9.70 10.61 10.69 9.13 8.59 9.44 9.08 9.14 3.92 3.05 3.44 3.95 3.68 5.17 6.37 7.53 7.57 7.66 7.49 7.58 8.03 8.29 8.88 9.67 10.22 10.69 10.48 9.49 8.27 7.48 7.43 7.21 6.21 5.16 4.48 13.92 13.51 12.93 12.37 12.25 11.70 12.03 11.92 11.64 11.35 10.46 9.80 10.64 10.21 12.60 12.22
10.29 10.43 9.96 9.25 9.51 9.92 9.12 6.78 4.17 3.75 4.66 4.52 15.94 18.46 5.52 6.84 7.74 7.66 6.94 5.93 13.83 13.71 9.39 6.65 3.89 5.89 12.84 8.91 9.21 9.74 17.73 6.73 4.62 6.23 9.10 8.78 3.33 3.55 8.65 4.96 4.15 4.90 4.62 3.45 2.14 8.07 7.70 7.85 8.50 9.00 9.65 10.29 10.67 10.92 10.38 9.23 8.17 7.62 7.48 6.68 5.24 4.07 3.50 2.94 12.13 12.68 12.41 12.35 12.33 11.08 11.16 10.60 10.00 11.44 9.57 9.94 10.08 9.82 9.26
10.09 10.69 11.20 10.76 10.13 9.34 8.49 7.80 6.85 5.39 3.95 5.30 20.78 16.69 7.37 7.87 8.00 7.24 6.91 5.61 5.07 11.87 6.37 4.65 5.26 16.60 11.20 10.13 8.45 15.54 16.99 6.10 4.70 5.67 8.92 4.44 4.06 5.87 8.39 4.68 4.37 4.22 3.75 2.96 4.46 6.02 8.07 8.11 8.87 9.57 10.22 10.80 11.00 10.80 10.16 9.19 8.38 7.80 7.06 5.79 4.30 3.24 2.85 12.72 12.08 12.31 12.10 11.58 11.42 10.81 12.01 10.86 11.67 11.32 10.20 10.33 9.49 8.78 7.94
9.51 9.87 10.47 10.35 9.39 8.01 7.60 8.25 8.73 8.37 6.85 5.56 8.58 10.45 9.92 9.02 8.72 8.57 7.59 6.59 6.52 13.82 9.84 5.28 11.93 8.94 11.48 11.80 10.95 15.85 17.54 6.40 3.86 4.35 4.23 4.20 8.72 8.30 5.91 4.46 4.32 3.94 3.55 3.06 4.47 7.11 7.59 8.69 9.37 9.89 10.56 11.07 10.84 10.36 9.84 9.15 8.54 7.75 6.79 5.61 4.16 3.09 12.09 2.57 11.14 12.03 12.26 11.61 11.22 12.52 12.45 11.98 11.99 11.31 10.64 8.87 10.08 9.92 9.43
10.42 9.25 9.81 10.26 10.31 10.31 10.22 9.81 9.77 10.42 11.17 11.94 13.25 13.40 18.82 9.32 9.26 8.65 8.11 8.05 7.57 12.00 7.75 6.02 8.66 9.32 9.89 11.57 16.89 16.00 11.71 6.45 4.77 5.37 6.11 7.57 9.96 7.41 4.88 3.86 4.07 3.95 3.73 4.77 7.57 9.36 8.60 6.98 9.92 9.98 10.63 10.89 10.33 9.96 9.65 9.17 8.51 7.51 6.66 5.72 12.08 11.86 3.08 2.73 11.30 12.18 11.46 11.44 12.48 12.80 11.45 10.43 11.31 10.83 10.66 9.41 9.65 9.88 9.90
10.02 9.44 10.10 10.84 11.29 11.72 11.82 11.20 10.98 10.07 10.74 11.96 12.48 11.02 10.63 14.94 8.91 8.30 17.90 8.39 20.81 13.51 13.74 9.67 8.92 15.44 13.29 15.26 15.35 18.74 9.26 8.80 7.42 7.06 8.20 9.02 8.32 5.83 4.48 3.11 3.33 4.39 5.08 7.17 8.03 8.09 7.05 7.85 9.76 10.26 10.69 10.59 10.04 9.80 9.55 9.15 8.40 7.41 12.03 11.97 11.91 11.76 12.10 11.05 11.34 11.58 11.50 10.92 11.91 12.56 11.59 11.42 11.57 10.42 10.04 9.24 10.82 11.50 14.19
9.55 10.10 11.18 12.05 12.62 12.97 12.67 11.63 10.19 10.52 8.51 8.72 8.81 8.39 7.83 8.65 16.57 15.23 13.81 18.05 18.17 8.67 14.93 16.45 14.76 13.28 19.01 17.94 10.92 12.75 13.52 8.82 9.99 8.02 10.03 9.98 7.92 5.42 3.77 3.64 4.40 6.67 6.57 6.90 6.88 5.92 6.53 8.98 9.05 8.76 9.97 10.72 10.27 9.95 9.60 9.08 12.92 12.90 12.37 11.29 10.80 11.72 11.04 11.03 10.85 10.73 11.22 12.96 11.97 12.08 12.60 11.14 10.60 10.70 10.79 11.56 11.79 10.95 10.79
10.25 10.16 11.13 11.87 12.90 13.30 12.35 10.77 9.50 9.38 8.55 8.42 8.37 8.38 8.28 8.16 15.88 13.73 11.41 17.31 15.79 13.66 11.43 14.62 17.24 20.07 20.27 16.25 14.34 10.21 22.64 11.79 10.76 9.33 11.48 10.08 7.26 5.69 5.39 3.68 7.47 7.84 6.49 5.13 4.61 4.89 7.00 9.14 8.57 7.90 9.09 9.81 10.65 11.60 12.31 12.67 12.52 12.55 12.55 11.27 9.67 10.36 11.27 10.72 3.56 3.25 10.90 12.23 10.29 11.86 11.48 11.72 11.73 11.88 10.19 11.47 9.82 10.99 9.79
10.75 10.34 10.43 11.55 10.16 9.69 10.72 9.19 9.01 9.42 11.22 9.43 9.07 9.10 9.75 9.36 9.34 13.92 9.36 22.02 16.19 16.14 15.84 17.35 9.34 8.03 22.58 13.39 11.55 9.39 20.31 11.95 12.24 11.92 13.05 10.42 7.84 6.61 6.66 7.07 10.34 8.25 5.13 4.77 4.42 5.55 8.88 9.48 8.48 7.23 7.74 8.74 10.13 11.59 12.09 12.29 12.63 12.94 12.77 11.89 9.06 10.05 11.80 11.42 4.30 3.94 11.06 11.58 11.22 11.18 11.19 10.86 10.83 10.29 10.13 11.22 10.99 11.18 11.16
11.83 10.70 10.01 9.11 9.27 8.42 9.07 8.16 8.86 9.97 11.60 10.00 9.32 9.53 10.92 10.57 9.91 13.89 9.43 21.90 17.07 16.97 17.57 18.53 9.66 9.24 18.64 11.82 12.18 11.15 12.45 17.41 16.52 14.45 13.55 11.10 9.51 9.41 9.39 10.11 10.32 7.35 6.19 5.90 5.59 7.35 10.27 8.85 7.41 5.90 6.05 8.20 10.59 11.56 11.87 11.77 11.90 12.54 12.91 12.34 9.04 9.13 10.79 11.10 9.42 4.97 4.29 11.07 11.09 12.59 12.58 11.27 10.73 10.30 11.62 12.38 11.56 10.71 12.01
11.21 9.78 8.77 8.97 7.84 9.07 9.43 8.84 9.94 10.65 10.54 11.90 9.94 10.16 10.92 9.96 10.39 10.04 11.67 12.09 17.05 16.36 17.68 18.34 10.54 11.18 11.53 13.08 12.83 11.02 9.42 19.22 16.99 13.63 13.06 11.28 9.79 9.51 9.46 9.53 9.20 7.77 7.10 6.75 7.75 9.56 9.90 7.96 6.38 6.14 6.77 9.54 10.25 10.76 11.49 11.79 11.75 11.93 12.35 12.20 9.61 9.70 11.84 11.18 9.93 6.21 5.53 10.48 12.92 13.15 13.00 12.76 12.47 12.48 12.59 11.59 11.50 10.91 11.63
10.24 9.22 7.91 7.40 9.68 9.64 10.05 9.95 11.34 11.83 11.54 11.22 11.08 10.88 10.80 10.27 9.46 9.91 12.13 13.73 12.60 18.42 18.03 17.15 17.91 17.56 12.54 12.97 22.24 11.10 9.16 18.15 14.71 13.98 10.70 8.92 9.30 8.48 8.09 7.40 8.07 6.89 6.32 7.41 8.48 8.00 7.96 7.62 6.73 7.63 7.88 9.71 9.73 8.82 9.84 10.04 11.10 12.28 12.94 13.35 12.65 13.44 14.91 14.30 14.01 10.69 9.17 8.36 13.63 4.14 13.70 13.30 12.34 11.12 11.31 11.83 11.34 10.91 11.73
10.18 9.38 8.26 8.73 9.33 10.75 11.51 12.19 12.63 12.62 12.40 12.02 11.39 10.97 11.19 11.49 10.72 26.35 11.02 20.14 14.07 22.62 18.34 15.21 12.44 16.54 18.36 18.77 18.84 18.62 8.00 6.51 15.19 11.83 10.26 9.02 10.03 9.49 9.16 10.36 8.80 7.51 7.25 7.80 6.75 6.11 7.45 8.37 7.05 7.13 7.06 8.24 8.39 7.40 7.25 7.34 9.59 10.68 10.22 9.77 9.50 9.12 8.56 7.83 7.51 6.85 11.88 5.39 5.03 4.12 13.87 12.96 12.09 10.62 0.42 10.26 11.48 10.19 11.14
8.75 8.74 10.22 9.69 11.03 12.93 13.12 13.58 14.97 12.04 11.14 11.00 13.35 11.39 12.08 12.47 11.05 11.35 16.31 17.60 18.54 22.09 16.94 17.03 14.79 19.42 23.33 23.85 10.15 8.76 15.47 19.00 14.08 11.73 10.15 7.77 8.74 9.26 9.75 9.69 9.17 7.39 7.84 7.16 4.63 6.31 8.68 7.87 5.70 4.12 4.62 5.30 5.08 9.92 10.01 10.33 10.35 10.16 9.73 9.36 9.10 8.79 8.63 8.09 7.54 6.89 6.25 5.39 5.70 4.45 12.03 10.56 11.22 11.01 8.60 12.10 10.57 10.07 10.69
9.27 9.37 9.66 11.03 11.59 9.53 9.53 11.82 11.96 11.32 9.22 10.08 11.17 11.94 12.33 11.91 10.00 10.34 9.13 16.95 22.15 17.83 18.93 21.40 21.48 20.71 20.95 10.93 8.96 5.66 15.16 14.93 14.11 11.01 8.90 8.25 9.27 11.68 10.55 9.49 7.61 5.25 5.52 6.18 7.19 6.50 7.86 6.35 7.80 8.17 8.81 8.71 8.90 8.91 8.97 9.13 9.29 9.40 9.30 9.24 9.00 8.71 8.30 7.92 7.59 7.05 6.82 13.95 15.00 5.91 4.90 11.35 11.23 11.88 9.29 11.99 10.07 10.40 9.91
9.96 9.97 10.13 11.19 10.90 9.60 9.48 9.30 9.76 9.59 8.98 10.52 11.24 13.93 11.05 10.31 9.09 8.68 9.43 11.09 24.02 18.22 19.92 25.87 25.61 24.36 21.06 11.33 7.35 4.86 16.50 12.88 11.96 8.92 4.23 7.94 10.01 9.52 8.85 8.16 5.42 5.49 5.75 6.19 6.69 6.77 6.65 6.51 6.85 7.19 7.43 7.57 7.63 7.70 7.83 8.08 8.33 8.59 8.79 8.81 8.52 8.14 7.77 7.46 7.17 6.86 6.66 6.71 6.86 6.61 5.80 4.78 3.81 11.08 10.42 10.59 10.70 9.89 10.78
11.15 10.91 10.64 10.43 11.40 10.60 10.34 10.10 10.00 9.06 10.15 11.92 12.71 12.33 11.81 9.98 11.53 9.64 11.07 13.60 15.00 22.32 19.82 25.57 25.26 19.51 25.53 18.13 6.76 16.34 14.62 14.31 12.73 9.47 4.83 5.75 8.08 8.70 6.81 6.64 6.69 6.90 7.08 6.99 6.88 6.67 6.08 5.48 5.74 6.26 6.58 6.68 6.64 6.68 6.79 7.01 7.27 7.61 8.04 8.41 8.14 7.43 7.12 7.02 6.70 6.31 6.14 5.94 5.75 5.52 5.09 4.46 12.55 3.06 10.55 10.93 10.88 11.39 11.48
12.94 12.12 11.14 10.85 10.76 10.55 11.11 11.07 10.99 11.65 11.90 11.27 13.16 12.67 12.83 11.23 11.26 12.00 13.40 15.51 16.20 15.72 22.95 25.82 22.97 25.16 18.99 16.38 4.84 16.86 14.57 13.06 12.85 9.58 8.72 9.48 9.99 7.66 8.22 8.51 8.72 8.90 8.71 8.23 7.62 11.47 10.32 5.08 5.43 5.94 5.92 5.83 5.93 6.11 6.20 6.22 6.38 6.77 7.47 8.23 7.78 6.57 6.28 6.57 6.43 5.98 5.68 5.58 5.59 5.46 5.21 4.72 4.14 12.01 11.98 13.14 10.52 10.78 11.25
15.02 13.65 11.96 11.20 10.27 10.81 10.76 10.93 12.16 12.52 13.12 11.82 13.46 13.74 13.19 16.45 13.18 13.96 15.14 16.36 16.80 16.27 14.97 28.90 20.50 23.85 22.13 23.65 20.15 15.00 13.86 12.94 12.23 9.37 3.45 4.58 8.08 9.69 10.51 10.76 10.51 14.69 14.70 13.56 13.79 13.24 6.07 5.47 5.68 5.72 5.37 5.41 5.68 6.09 6.25 6.04 6.36 7.17 8.13 8.54 7.16 5.70 6.10 6.59 6.58 6.15 5.94 5.82 5.65 5.48 5.34 4.97 4.54 3.99 3.43 3.19 12.70 1.70 11.96
17.31 15.05 12.54 11.51 10.28 10.23 10.42 11.68 11.82 12.55 13.01 13.18 13.21 14.13 14.06 14.43 14.63 24.86 15.60 16.46 17.18 16.77 15.37 29.29 22.72 14.80 23.58 20.72 17.74 14.52 14.83 14.52 3.85 3.29 8.59 12.84 15.03 15.15 13.05 16.51 16.58 17.18 14.30 7.12 13.72 14.27 6.12 5.60 5.31 4.78 4.56 5.05 5.76 6.44 6.74 6.59 7.15 8.09 8.50 7.82 6.12 5.37 5.93 6.72 6.92 6.64 6.28 6.24 6.26 5.98 5.71 5.26 13.07 12.59 12.93 12.38 3.32 12.35 10.26
18.36 15.35 12.19 10.95 9.20 9.12 8.60 10.33 12.56 13.66 14.19 14.33 14.52 15.51 15.29 16.30 15.84 17.64 16.31 16.94 17.94 17.69 16.31 15.70 25.11 14.72 12.75 24.23 20.30 18.97 17.59 6.07 5.56 11.52 17.15 19.51 19.35 17.55 14.76 22.66 17.89 15.63 7.45 7.52 7.75 7.01 5.97 5.33 4.70 4.05 3.98 4.72 5.76 6.98 7.52 7.41 7.75 8.05 7.69 6.75 5.88 5.75 6.18 6.77 7.13 7.21 6.80 13.23 6.76 6.69 6.41 6.00 12.55 13.44 14.02 13.94 13.64 2.89 12.04
18.92 14.85 11.76 10.72 8.28 8.14 8.03 12.22 15.67 15.56 15.03 15.11 16.03 16.60 17.00 17.45 16.73 17.14 17.52 18.17 19.00 18.32 16.49 14.89 25.71 24.29 12.63 25.08 20.85 19.17 9.46 8.97 13.39 20.33 23.08 21.62 19.01 15.53 12.17 22.53 17.14 8.13 7.63 7.78 14.08 6.82 5.73 4.81 4.18 3.74 3.34 4.10 6.32 7.65 7.88 7.68 7.58 7.29 6.94 6.55 6.38 6.53 6.89 7.31 7.60 7.70 7.58 7.17 7.14 7.12 6.98 14.29 14.32 13.32 5.78 14.13 14.32 3.83 11.56
18.88 15.32 10.76 10.43 9.09 11.40 15.93 19.24 18.80 16.89 15.94 15.94 16.09 16.48 18.11 18.39 18.68 17.79 18.14 18.50 18.55 27.31 15.45 13.89 12.89 15.08 22.61 22.91 22.18 13.77 13.69 16.44 20.95 23.59 21.29 18.23 15.48 11.96 9.27 20.52 8.41 7.85 7.86 7.98 14.11 6.33 5.35 4.43 3.80 3.26 2.52 4.14 6.71 7.83 7.25 7.12 7.27 7.15 7.27 7.31 7.39 7.65 7.96 8.29 8.52 8.55 8.38 8.11 8.02 7.94 13.51 13.95 12.45 13.49 13.76 14.01 14.22 13.58 12.46
16.42 14.82 11.20 9.12 11.00 13.59 18.38 18.93 16.75 15.82 15.85 16.23 17.43 17.09 18.75 18.94 19.58 18.30 18.34 19.96 17.39 16.42 14.63 13.41 13.48 13.47 15.00 26.67 22.53 15.92 17.94 21.10 22.44 20.11 15.41 12.85 10.88 8.09 7.00 16.99 13.26 7.72 8.02 8.08 7.45 6.38 5.50 4.87 4.36 3.61 3.32 4.68 6.72 6.78 5.61 5.96 7.04 7.55 8.20 8.64 8.78 9.04 9.37 9.64 9.88 9.88 9.77 9.61 9.44 9.08 8.99 8.69 13.86 14.24 12.84 13.96 13.78 13.41 14.80
13.47 13.09 11.18 6.97 10.13 13.53 16.30 14.73 12.71 13.26 14.80 16.12 17.00 17.63 18.08 19.54 18.44 20.18 18.18 18.83 16.98 15.96 14.31 13.39 13.76 14.45 15.97 16.48 24.36 17.13 17.76 18.29 16.68 13.25 9.56 7.69 7.50 6.29 18.16 13.80 8.24 8.62 11.89 11.68 7.75 7.07 6.48 6.28 6.04 5.82 5.95 5.87 5.60 4.96 4.45 5.20 6.49 7.50 8.58 9.57 10.12 10.43 10.77 11.17 11.61 11.80 11.78 11.67 14.93 10.99 14.22 14.38 14.08 12.74 15.10 14.66 14.74 13.64 14.67
13.17 12.03 10.60 7.13 10.42 13.56 14.96 13.00 11.38 12.36 14.49 16.23 17.31 18.00 18.44 18.56 18.51 18.33 17.95 17.46 16.94 15.80 14.23 13.59 14.05 14.82 16.35 18.16 26.95 17.10 15.83 13.79 17.02 9.74 7.33 7.37 6.41 5.27 14.33 12.58 9.42 9.46 9.12 8.10 7.57 7.61 7.09 7.25 7.84 8.06 7.60 6.17 4.66 4.56 5.00 5.58 6.40 7.62 8.81 9.99 10.84 11.25 11.68 12.15 12.83 13.16 13.02 13.09 12.97 16.78 15.57 14.69 10.62 15.15 15.23 16.14 15.09 14.70 15.54
