examples/cougarCreek-fire/createInputs/WindNinja/wrfout_d3.2015080912.f19/cougarCreekFire_08-10-2015_0700_217m_non_neutral_stability_vel.asc
ncols	146
nrows	140
xllcorner	610065.000000
yllcorner	5095217.000000
cellsize	216.586807
NODATA_value	-9999.000000
[rows 35 to 69 of 140, columns 0 to 78 of 146]
9.79 8.00 12.52 18.84 18.31 13.97 13.39 12.54 11.29 10.92 9.16 7.08 7.24 8.56 12.83 7.24 8.18 8.92 9.27 19.12 28.03 34.96 40.45 50.76 47.40 43.32 42.54 37.73 34.49 30.60 21.56 20.17 26.10 27.10 27.78 27.58 26.01 24.84 22.89 22.86 22.70 21.02 20.28 19.22 16.59 17.51 18.71 17.82 16.87 4.75 5.37 4.98 6.08 11.43 14.44 17.53 18.27 16.74 15.28 20.82 19.91 20.46 13.58 13.07 8.13 7.52 6.90 6.84 7.37 7.64 6.69 4.91 8.44 3.61 11.58 11.52 10.99 9.46 9.11
12.12 10.71 13.11 17.46 19.54 16.06 13.19 12.56 9.14 7.24 6.09 6.70 7.86 10.36 13.39 16.49 19.21 24.43 27.73 29.46 30.56 32.32 37.80 41.06 40.14 29.39 27.78 31.78 30.76 23.66 15.35 16.60 22.72 24.99 24.38 26.30 27.11 14.39 13.03 13.03 12.75 12.56 13.23 19.68 19.11 19.35 17.57 16.99 20.66 9.99 10.41 10.79 10.34 9.21 9.82 11.43 12.31 12.27 12.25 12.19 11.78 11.74 11.73 18.37 12.73 9.06 9.20 9.74 10.39 15.41 9.90 7.67 5.06 3.08 3.12 5.34 7.07 8.70 3.84
12.21 11.48 13.44 15.69 14.51 13.75 12.40 7.25 4.44 1.05 2.29 5.47 7.74 10.29 10.55 12.58 16.34 17.79 19.96 21.47 22.67 25.13 30.75 35.06 32.26 27.80 24.46 19.90 18.09 10.85 8.43 18.30 22.00 21.76 21.25 22.17 23.81 23.80 24.01 23.25 12.65 20.55 13.64 14.20 13.89 8.69 9.27 14.89 20.00 20.93 24.05 13.98 14.57 22.22 13.44 12.67 11.70 10.55 9.41 8.78 7.74 7.54 7.45 7.35 7.24 7.03 7.35 7.99 8.35 8.70 9.44 9.54 18.13 6.05 3.93 4.14 5.91 7.48 9.12
13.03 15.57 15.84 13.10 9.29 8.59 13.94 12.81 2.84 4.66 6.88 6.14 8.06 9.41 11.31 13.91 17.04 19.98 22.26 24.89 26.54 25.00 27.01 32.41 34.39 32.20 30.77 23.32 14.49 5.49 9.05 15.09 26.29 24.90 23.49 22.78 18.99 10.22 11.00 25.54 27.11 24.54 11.02 10.29 9.36 9.21 9.43 10.01 15.86 17.81 24.36 25.55 27.99 25.46 22.92 22.71 22.08 21.46 13.67 12.26 11.37 10.67 10.45 10.07 4.34 8.39 1.18 0.27 1.06 1.84 2.93 4.64 6.10 6.68 6.50 5.58 4.81 5.87 7.15
14.82 12.29 10.26 9.83 8.30 6.63 14.74 5.98 5.12 6.18 6.48 7.73 9.73 9.51 11.10 13.06 17.28 21.64 23.28 23.37 24.83 27.61 28.12 33.82 36.36 34.98 31.66 25.32 26.63 14.50 11.24 15.65 23.01 28.33 29.37 28.86 28.02 27.13 26.84 17.09 17.81 29.98 16.26 13.66 19.91 24.32 24.95 22.52 21.24 20.89 20.36 22.15 22.34 25.52 30.29 28.15 26.24 25.35 25.04 19.32 17.82 16.35 16.11 16.88 16.75 16.40 16.60 14.53 14.14 13.46 12.35 4.50 2.96 1.09 1.95 3.89 4.67 5.04 5.26
10.11 1.84 6.36 9.36 18.34 16.89 15.04 7.34 6.45 8.01 7.74 7.18 7.60 8.27 11.77 12.36 15.53 20.36 23.66 26.42 30.35 32.89 31.29 34.15 35.23 33.78 31.23 28.94 25.88 19.23 13.67 17.65 23.92 27.79 29.02 31.44 31.08 30.51 32.27 25.81 26.31 28.58 29.71 21.96 19.77 18.76 18.29 18.21 17.34 28.38 27.76 26.23 24.47 21.59 17.81 17.40 24.25 24.58 15.30 22.95 28.90 26.86 22.31 21.27 20.21 24.66 24.61 19.49 19.81 19.51 18.90 17.70 16.82 8.62 7.61 6.87 4.76 4.08 5.14
9.26 10.12 10.62 13.29 18.91 16.84 14.98 8.37 8.32 8.18 7.98 8.54 8.90 10.39 13.52 13.62 15.65 18.34 21.52 27.45 32.63 33.91 34.37 34.31 34.50 34.48 34.84 33.05 28.35 22.61 18.65 23.04 28.91 29.41 30.48 33.17 35.72 34.49 31.17 31.15 33.65 33.69 34.64 35.41 36.43 33.94 25.07 24.00 34.21 33.76 33.48 32.74 22.52 33.02 31.02 30.37 26.96 26.08 15.04 14.11 26.38 23.68 25.68 26.84 27.08 27.17 26.91 25.45 23.06 23.46 23.71 26.48 21.37 21.83 20.03 20.04 11.73 9.28 6.35
5.19 6.53 9.68 9.41 10.25 16.62 9.99 8.72 10.03 10.31 10.03 9.91 10.96 13.29 14.78 16.06 16.48 17.35 20.07 24.41 28.04 30.61 33.45 36.18 37.77 35.83 37.07 35.50 32.32 28.08 24.81 25.64 29.16 30.61 31.34 34.26 35.23 34.01 32.78 32.36 34.38 35.05 34.47 33.45 33.28 32.72 35.52 38.06 39.39 28.44 37.90 36.75 35.00 34.15 32.69 18.41 16.89 28.62 27.10 26.80 13.70 27.13 27.11 13.28 6.16 4.24 3.66 3.72 3.66 3.84 4.38 4.66 3.96 2.38 2.87 4.98 19.04 22.02 10.60
10.41 8.80 2.04 18.83 18.65 17.58 9.36 11.58 12.23 10.83 11.24 14.75 16.81 16.81 18.06 19.60 17.94 19.56 21.09 22.48 23.58 24.57 27.79 35.40 38.54 37.86 39.10 37.93 35.85 30.74 33.05 31.90 29.25 31.37 33.47 36.45 35.76 34.47 33.47 31.35 30.75 32.05 31.40 28.75 26.38 28.89 32.37 33.83 36.10 38.13 37.28 36.81 38.69 37.20 34.92 34.12 32.54 31.34 21.72 11.64 7.85 5.09 4.19 3.97 3.38 3.27 2.32 1.85 7.15 1.80 8.30 8.87 9.52 10.24 11.29 3.45 3.45 3.33 15.85
16.24 16.39 18.50 9.70 16.38 17.19 12.09 15.06 15.39 16.07 19.89 21.71 21.22 19.77 19.69 19.81 19.32 22.21 23.17 22.73 23.37 23.27 25.51 29.93 32.75 35.15 37.28 37.12 37.70 32.57 39.65 40.42 41.21 40.26 36.49 36.47 37.96 35.49 33.71 31.90 28.71 24.88 21.31 20.19 23.83 30.47 36.55 38.61 39.52 36.95 33.73 33.03 33.85 31.91 28.33 21.40 12.02 12.08 11.35 10.16 8.18 6.22 5.42 8.35 7.28 6.51 5.65 4.64 3.76 3.86 4.59 5.40 6.49 7.47 8.32 9.61 11.50 12.52 3.64
5.61 7.37 12.74 17.37 19.99 18.31 19.25 18.75 20.43 25.27 23.20 21.76 19.15 17.92 18.48 19.19 20.94 19.36 20.34 21.19 20.86 23.13 24.29 27.09 28.07 28.64 29.34 30.69 32.35 34.20 42.41 44.67 46.26 47.14 44.61 42.23 39.08 36.64 35.12 32.54 24.83 21.27 20.04 23.68 30.54 34.99 37.46 34.00 33.61 35.19 31.14 20.47 15.16 11.63 9.52 7.60 12.60 12.72 12.63 11.02 10.37 13.16 11.36 9.57 8.38 7.64 6.26 4.97 5.17 3.76 10.93 4.91 4.77 6.09 6.91 6.25 9.86 6.12 6.42
23.40 23.27 23.75 21.90 22.08 22.11 25.08 25.75 27.89 25.47 22.05 18.60 19.09 19.95 20.44 20.10 18.58 16.55 19.64 20.48 19.54 22.98 23.61 24.20 26.20 25.15 23.89 25.28 26.71 34.07 41.40 45.80 47.43 49.06 48.65 43.10 41.79 42.49 40.46 34.38 30.42 28.38 29.58 32.49 35.11 39.97 37.85 30.22 23.20 12.71 14.88 13.77 11.77 10.38 8.92 7.69 10.29 16.83 19.20 19.53 18.95 17.69 15.73 13.35 11.27 8.22 9.03 8.76 8.25 6.97 6.47 6.38 6.65 10.01 10.32 12.24 9.58 9.40 7.67
26.43 25.26 24.10 19.58 22.52 25.18 27.14 28.44 27.90 25.53 18.98 19.07 19.27 19.26 17.24 14.74 16.58 17.82 19.97 21.15 20.83 21.53 20.45 19.71 20.48 21.74 20.89 21.43 21.62 24.58 31.82 36.07 36.10 46.25 46.07 41.63 42.91 46.96 46.99 43.97 39.58 37.93 37.10 36.92 41.05 34.06 30.31 24.62 19.43 17.09 16.05 14.43 12.15 10.08 9.92 11.60 18.67 23.52 24.46 24.30 20.92 18.85 17.87 16.89 15.49 13.10 11.33 10.78 9.94 8.98 8.32 10.62 10.53 11.23 13.13 14.37 10.42 10.25 11.60
26.51 26.27 25.36 25.63 28.35 28.74 27.10 25.79 22.82 21.94 18.44 18.46 18.04 15.70 13.09 18.97 19.85 20.13 20.29 21.12 20.41 20.35 18.70 18.68 17.86 19.92 19.72 19.42 19.44 21.39 24.35 27.50 26.01 43.19 41.13 37.92 41.41 47.61 49.75 54.90 49.65 40.70 36.98 34.98 37.97 31.76 24.92 19.01 16.04 17.41 20.43 22.59 21.65 19.90 19.83 22.38 26.05 27.52 26.41 25.79 25.49 24.93 23.32 21.06 18.78 16.41 14.36 12.90 13.47 12.23 11.05 15.08 12.43 14.07 17.96 14.87 14.96 10.52 12.76
26.68 27.10 27.99 28.39 28.12 27.22 24.16 20.32 20.47 20.12 18.63 17.79 17.58 17.10 21.22 20.02 22.64 23.28 23.81 23.21 19.24 20.16 20.26 18.97 20.15 20.98 19.70 19.58 18.33 16.15 24.84 18.85 24.26 34.70 38.66 36.78 37.22 43.27 45.63 51.03 38.55 48.37 35.03 33.16 35.94 37.18 31.18 24.59 22.61 25.60 29.31 29.52 27.85 25.84 25.56 26.90 27.77 27.54 26.14 25.36 25.26 25.94 25.90 24.09 21.67 19.10 16.87 14.40 15.76 15.76 14.26 11.50 12.41 13.28 13.70 13.07 11.79 10.01 11.28
27.83 28.29 28.33 27.18 23.47 17.48 18.02 20.00 20.60 19.49 16.03 14.80 17.53 21.19 23.92 25.51 24.80 24.34 23.07 22.02 19.56 19.08 19.18 19.48 20.68 20.76 18.67 18.01 15.42 15.82 25.12 18.52 21.65 30.87 35.05 31.89 35.63 39.85 39.60 40.67 41.80 41.85 41.64 35.37 33.07 37.08 35.18 30.45 30.63 32.08 32.78 31.87 29.04 25.82 24.55 24.71 25.19 26.37 27.38 27.17 24.97 24.32 24.82 25.17 24.56 22.91 20.39 17.75 15.87 14.76 14.03 13.43 13.25 14.15 14.73 10.68 11.83 11.83 12.03
29.81 28.77 26.87 21.48 15.81 19.16 22.17 22.03 20.70 17.95 17.78 24.11 21.18 25.98 26.47 27.37 25.01 23.66 21.20 20.93 20.60 19.03 18.25 18.55 16.08 15.98 14.66 13.27 13.48 13.57 21.88 18.30 18.93 26.28 28.05 22.56 30.03 34.20 33.61 33.88 33.70 35.02 35.56 33.95 32.49 33.58 24.81 21.25 22.72 24.86 26.33 27.97 28.29 27.81 25.95 23.04 23.77 25.82 26.94 27.42 26.65 26.17 22.27 22.78 24.70 25.72 25.39 21.73 21.39 20.26 18.63 18.88 18.80 18.06 18.05 12.55 12.26 12.13 12.25
30.60 28.38 24.68 19.63 21.65 23.05 22.39 22.17 22.33 19.93 20.58 26.75 32.55 32.61 30.89 27.11 24.71 23.08 22.03 21.60 21.00 18.90 16.36 10.29 14.33 11.86 11.63 11.59 11.90 16.11 18.12 15.66 15.93 21.60 20.78 15.88 21.95 25.36 26.47 30.34 32.82 33.69 32.22 31.26 33.08 29.00 26.21 17.74 15.84 17.51 20.24 23.01 26.28 29.22 27.64 25.97 27.15 28.30 28.09 27.43 26.59 27.89 27.02 22.47 23.19 24.91 25.46 24.48 25.79 25.07 18.55 16.86 15.41 13.74 12.86 12.46 12.08 11.97 12.55
29.32 28.56 23.59 23.27 24.28 25.97 26.26 25.89 24.90 24.33 29.16 31.20 34.25 31.05 27.92 25.60 23.66 21.42 21.86 21.86 20.84 20.38 16.78 17.06 15.72 12.30 13.03 14.17 14.70 15.56 16.19 14.90 12.97 17.92 12.09 11.98 14.59 17.27 20.13 23.64 29.10 30.97 30.64 31.29 30.91 29.35 29.78 27.49 25.68 23.80 20.88 22.06 23.84 24.51 23.41 23.88 27.45 30.62 31.02 30.00 29.16 29.80 29.22 27.01 25.41 25.21 22.27 28.27 27.42 26.02 25.01 22.39 19.80 19.18 18.29 17.36 15.99 8.91 13.30
28.07 28.69 26.04 29.86 31.78 30.72 28.10 25.86 26.56 28.46 32.72 29.21 28.43 25.77 23.11 22.91 21.98 19.97 20.49 20.68 20.54 19.93 17.78 16.66 17.04 16.01 16.11 15.23 13.50 14.31 15.06 12.86 12.88 16.08 11.65 11.82 17.62 21.11 20.59 22.98 26.62 27.69 27.28 26.70 23.50 22.67 23.51 23.22 22.33 23.31 24.85 29.81 24.89 23.42 20.72 20.50 24.79 28.80 29.36 28.42 27.60 26.53 25.70 24.06 22.45 22.02 23.40 25.48 26.32 25.21 23.48 21.98 20.20 12.09 18.55 15.82 14.36 13.69 15.61
28.13 28.47 31.15 35.56 30.44 26.74 25.58 27.72 34.39 36.68 33.37 26.91 24.21 23.81 23.73 23.71 23.56 22.46 22.79 22.50 20.53 18.56 16.28 14.74 15.48 16.33 14.74 13.70 13.90 15.57 16.83 13.42 14.39 16.17 16.45 12.99 17.92 16.86 19.38 20.57 19.88 22.70 22.77 22.31 21.79 19.39 17.81 18.40 19.83 21.55 23.46 23.93 30.15 23.40 22.68 21.90 23.53 24.74 24.73 24.05 23.75 25.23 18.82 10.93 18.51 16.63 14.52 22.01 10.71 19.06 17.97 16.07 8.75 19.49 12.31 12.05 16.80 16.82 2.53
28.08 27.22 27.07 29.52 25.09 18.74 21.79 33.92 34.00 33.20 29.24 25.10 20.66 23.45 22.30 23.06 24.33 24.24 25.82 24.54 20.69 17.82 15.50 14.57 15.03 14.75 12.48 13.59 16.01 17.77 17.02 15.18 15.33 16.92 17.12 13.23 18.27 16.27 16.35 14.45 15.87 16.51 19.78 16.19 18.70 17.97 14.46 13.24 12.64 14.91 20.58 22.86 23.76 24.45 22.57 23.93 24.06 23.53 21.61 20.63 17.36 19.24 21.84 21.97 21.49 20.51 10.64 18.54 19.20 19.41 18.61 12.81 10.18 3.74 12.67 11.59 11.21 11.90 13.02
25.59 25.78 21.23 17.52 14.62 14.75 27.80 36.38 31.51 23.78 19.07 17.74 21.69 18.80 17.86 18.88 18.67 22.11 28.28 24.27 20.10 17.56 14.96 14.87 15.84 15.56 14.12 15.83 18.29 18.61 16.02 14.03 14.66 15.33 13.20 10.63 17.89 16.57 13.67 14.30 16.24 16.28 16.92 16.77 15.82 14.85 12.92 14.65 13.82 10.39 10.48 16.73 19.25 21.58 19.44 22.09 19.47 15.58 15.35 15.92 17.15 16.36 21.94 21.50 21.22 21.53 21.55 21.03 20.32 18.97 17.31 16.08 5.39 14.51 13.47 12.78 12.74 13.52 14.07
22.56 19.18 16.86 9.54 15.21 26.58 34.48 31.20 23.25 16.59 9.28 14.17 19.77 9.90 6.79 10.92 18.95 27.42 25.26 19.63 20.05 19.28 15.32 14.68 16.57 15.26 15.27 17.66 19.38 17.87 15.34 15.89 17.51 17.28 14.08 9.56 16.86 15.11 7.16 15.37 15.69 15.44 15.16 16.31 15.62 11.76 12.64 14.12 15.18 15.18 13.98 12.53 11.79 13.74 11.16 9.21 15.53 16.95 20.95 21.70 17.28 15.68 16.35 14.74 12.99 12.50 19.55 19.16 18.16 16.87 15.85 10.44 14.88 14.78 14.69 14.62 14.62 14.71 6.86
21.21 17.53 11.74 19.78 24.29 25.33 30.26 25.20 17.20 9.26 9.70 13.37 5.26 11.42 10.08 13.17 22.91 26.90 21.23 15.30 19.39 19.47 17.15 17.74 17.37 15.81 17.17 19.17 19.12 17.39 16.48 18.29 20.54 19.66 19.99 8.43 14.13 15.97 13.58 11.26 13.72 15.37 12.10 13.73 14.27 15.97 16.34 16.89 14.37 16.53 18.71 18.09 14.21 12.68 12.40 13.82 17.10 18.48 18.32 18.91 19.79 20.09 20.24 19.84 19.48 19.31 11.00 9.42 7.93 9.61 15.31 15.08 14.87 15.56 15.93 15.66 15.07 14.66 7.12
21.37 16.86 14.13 20.08 27.50 28.20 24.06 16.80 6.05 9.28 13.16 14.53 15.19 14.03 15.55 23.29 30.55 27.31 17.33 13.53 19.36 20.59 19.62 18.65 16.55 16.68 19.03 19.70 17.79 17.72 19.47 20.52 20.27 19.78 20.70 14.84 7.00 14.24 14.21 13.75 11.29 13.97 14.07 14.36 14.88 13.14 13.62 9.24 11.71 14.14 20.68 19.78 21.00 21.01 20.53 19.71 19.91 20.18 19.40 19.03 19.32 19.36 19.22 18.76 18.44 13.29 13.73 17.39 16.54 15.84 16.16 16.55 16.57 16.59 16.04 15.47 9.08 8.95 14.98
20.97 18.78 13.80 24.99 26.69 24.70 18.89 5.55 8.08 9.50 13.67 16.50 19.64 19.84 24.21 31.77 32.67 24.93 15.64 13.67 18.94 20.24 19.11 16.42 16.54 17.31 17.84 17.65 18.25 20.38 21.34 20.54 19.33 19.63 20.83 17.27 5.69 12.57 15.39 15.14 12.93 13.42 13.90 13.91 14.52 13.30 13.68 13.81 6.67 15.23 17.78 21.54 23.46 22.99 24.35 23.81 23.26 23.39 23.87 23.53 22.56 21.46 19.74 17.71 16.83 17.19 17.89 17.99 17.45 17.16 17.52 17.53 16.99 16.54 10.30 10.11 15.27 15.40 15.23
19.36 13.94 9.47 21.38 20.24 17.29 15.25 4.26 9.86 13.86 15.82 21.58 23.27 25.98 32.03 34.83 30.02 20.26 14.73 20.42 19.26 19.58 19.90 19.30 19.05 18.47 17.91 18.23 19.92 21.30 20.52 18.71 16.75 19.46 20.24 15.82 12.59 11.81 14.24 14.28 14.90 14.40 13.45 13.45 14.56 14.38 12.65 11.82 11.03 11.04 12.47 16.74 23.14 21.92 21.01 21.22 22.01 23.18 24.21 24.62 24.38 23.62 22.02 19.90 18.48 18.44 19.08 19.09 18.53 17.98 17.53 17.09 16.65 16.31 9.86 15.49 15.07 15.28 15.35
13.58 5.01 7.79 10.38 8.71 8.94 12.10 14.94 17.15 19.50 21.73 24.55 27.81 32.69 37.54 35.73 26.85 17.77 14.54 19.64 19.60 19.73 19.39 19.38 18.84 18.81 18.43 19.30 21.02 21.70 21.13 18.55 18.51 20.84 17.85 15.54 13.46 13.69 13.47 14.20 14.75 15.25 14.88 12.56 13.05 13.90 13.51 12.95 12.47 11.71 13.36 16.20 21.25 17.32 16.37 17.77 20.03 21.89 22.48 22.72 22.96 22.85 22.54 22.09 21.52 21.07 20.37 19.50 18.51 17.72 17.20 16.86 16.73 16.32 11.34 15.03 14.58 14.73 14.91
1.70 1.16 8.16 17.09 19.45 17.97 18.33 19.91 22.92 25.34 26.05 27.49 32.42 37.57 38.86 34.54 26.20 20.21 16.71 19.19 19.58 18.31 17.31 17.57 17.67 18.07 17.14 18.86 21.38 21.92 21.12 22.26 20.40 20.52 16.34 15.08 13.79 12.56 13.07 13.77 14.76 14.76 12.94 13.80 12.47 12.11 13.14 12.50 8.06 13.42 12.28 13.30 14.85 18.62 14.08 15.80 18.99 21.14 21.67 21.44 21.54 21.49 21.18 21.17 21.24 20.89 19.81 18.55 17.29 16.69 16.76 16.49 16.25 15.89 15.42 14.64 13.74 13.66 8.20
7.71 3.62 5.84 14.41 20.50 21.51 22.12 25.40 29.38 30.79 30.44 33.36 37.23 37.92 35.24 31.06 25.96 21.15 17.83 20.81 16.60 15.09 17.30 18.11 16.16 14.62 14.45 17.70 19.87 20.46 20.95 22.09 19.18 17.53 15.69 14.28 13.20 12.94 13.10 12.48 14.35 14.62 13.33 14.40 13.37 13.42 12.13 11.39 7.11 7.81 13.46 12.15 14.49 18.25 13.58 14.49 17.95 20.64 21.47 20.72 20.66 21.15 20.50 19.92 20.04 19.78 18.90 17.77 16.41 15.65 15.86 15.86 15.66 15.30 15.21 14.94 13.81 13.30 13.40
9.13 3.61 5.70 15.11 20.69 24.48 27.27 31.71 34.46 34.74 35.50 39.30 41.84 39.28 34.09 29.00 24.07 18.79 17.44 22.12 21.48 12.02 20.26 18.64 13.87 12.01 12.94 17.60 21.03 21.99 21.85 21.48 19.22 17.24 16.61 15.23 13.26 15.22 13.96 9.23 13.12 14.92 13.09 12.87 13.46 14.23 13.50 12.35 12.85 5.07 8.29 13.17 16.61 15.01 13.24 13.84 16.62 19.75 21.11 20.38 19.87 20.73 20.47 19.15 19.05 19.19 18.44 17.47 16.32 15.27 15.15 13.16 12.93 14.90 15.11 9.61 14.75 14.18 14.23
3.37 1.58 5.69 16.03 25.42 31.89 34.92 36.23 36.75 37.48 36.64 40.43 41.46 39.65 34.88 27.90 22.57 16.60 18.69 22.49 17.16 17.37 16.65 17.47 13.13 9.71 10.98 18.15 23.31 25.29 22.98 20.17 17.12 15.06 15.49 15.33 13.13 14.73 14.99 9.70 13.99 14.00 9.46 7.51 9.18 12.93 13.56 13.81 11.09 7.63 6.82 11.18 14.93 15.15 12.41 12.77 14.23 17.34 19.56 19.83 19.36 19.96 20.26 18.75 18.03 18.33 17.85 16.69 15.77 15.21 11.49 11.86 13.02 14.56 14.54 14.72 14.23 14.04 13.86
1.80 3.11 11.84 22.76 33.19 37.01 34.89 37.03 36.89 37.97 38.32 37.62 37.54 37.09 34.46 27.83 22.57 15.66 18.84 22.79 17.32 18.01 18.99 13.65 11.45 4.64 8.09 17.00 22.84 23.97 20.62 15.99 14.90 13.44 13.98 14.26 13.72 14.34 13.56 9.62 13.15 9.73 8.96 8.76 7.85 7.43 9.31 11.94 10.80 12.45 9.36 8.55 10.57 10.88 11.91 11.65 10.42 13.59 17.50 19.15 19.02 18.94 19.42 17.29 17.29 17.38 17.04 15.67 14.83 14.97 14.86 14.76 10.02 14.52 10.70 13.64 13.30 13.26 10.07
5.43 5.98 9.53 27.61 37.00 37.73 36.57 35.39 35.39 36.93 36.66 34.93 34.94 35.01 34.45 27.25 21.93 12.13 19.78 23.02 18.04 17.76 14.92 11.96 8.94 2.32 10.61 16.09 21.63 20.99 16.48 17.24 15.24 14.37 14.58 13.60 13.46 13.39 13.26 9.22 9.87 9.48 13.08 9.63 8.61 7.66 9.45 12.10 11.22 10.42 9.54 9.00 9.96 10.94 9.22 5.46 8.20 9.23 14.54 18.44 19.14 18.50 18.48 17.77 16.46 16.25 16.21 15.24 14.09 14.12 14.48 14.59 10.72 14.70 14.54 9.87 11.83 7.43 13.24
