examples/cougarCreek-fire/createInputs/WindNinja/wrfout_d3.2015081112.f19/cougarCreekFire_08-12-2015_0700_217m_non_neutral_stability_vel.asc
ncols	146
nrows	140
xllcorner	610065.000000
yllcorner	5095217.000000
cellsize	216.586807
NODATA_value	-9999.000000
[rows 0 to 34 of 140, columns 0 to 78 of 146]
15.57 12.33 14.50 13.04 15.50 11.53 14.33 16.21 16.69 16.13 15.24 14.64 13.95 12.85 16.54 13.72 16.69 19.04 19.78 23.00 25.07 24.62 21.28 16.62 13.30 12.74 13.00 12.98 13.33 13.54 12.44 13.81 14.05 15.96 16.88 17.42 16.96 15.45 13.61 13.00 13.00 12.95 13.04 12.90 11.73 9.61 8.67 8.75 9.04 7.48 11.14 10.12 16.78 19.07 22.04 23.08 22.20 16.42 20.89 21.39 20.59 19.29 20.33 20.45 19.60 18.30 19.12 23.83 28.16 30.12 29.06 24.46 19.91 19.68 24.33 27.38 24.97 24.85 29.07
15.57 12.33 14.50 13.04 15.50 11.53 14.33 16.21 16.69 16.13 15.24 14.64 13.95 12.85 16.54 13.72 16.69 19.04 19.78 23.00 25.07 24.62 21.28 16.62 13.30 12.74 13.00 12.98 13.33 13.54 12.44 13.81 14.05 15.96 16.88 17.42 16.96 15.45 13.61 13.00 13.00 12.95 13.04 12.90 11.73 9.61 8.67 8.75 9.04 7.48 11.14 10.12 16.78 19.07 22.04 23.08 22.20 16.42 20.89 21.39 20.59 19.29 20.33 20.45 19.60 18.30 19.12 23.83 28.16 30.12 29.06 24.46 19.91 19.68 24.33 27.38 24.97 24.85 29.07
15.86 15.99 17.51 13.34 18.73 20.76 16.14 15.14 24.55 23.49 21.51 19.51 15.27 10.39 18.74 16.83 16.84 16.83 19.09 19.53 21.46 23.08 22.70 18.79 14.40 13.22 15.48 15.40 11.27 9.98 8.65 15.46 14.81 15.84 16.27 17.29 11.02 6.04 10.67 1.76 4.26 4.20 0.95 1.34 2.47 7.60 5.49 5.29 7.46 9.48 8.51 7.02 11.45 20.18 21.90 22.56 22.01 17.39 21.66 21.45 19.56 15.42 17.89 18.81 19.49 16.33 22.03 26.54 27.79 30.49 27.75 23.12 14.73 22.01 27.21 28.49 26.95 28.27 30.95
5.20 13.82 17.61 17.15 15.61 17.01 20.61 21.19 23.06 17.77 20.91 19.45 14.54 10.68 12.43 10.77 14.19 16.87 17.74 15.84 16.71 21.12 25.42 22.44 16.94 11.23 11.96 14.88 12.58 10.63 8.93 10.91 14.85 14.22 13.64 14.80 14.15 9.51 5.28 2.73 2.22 2.80 4.50 4.45 5.10 4.27 5.09 2.03 5.93 8.50 10.54 13.54 16.88 20.48 21.12 20.55 20.41 15.14 16.50 16.42 17.26 17.50 19.35 21.26 21.43 19.11 28.11 26.26 31.60 29.50 25.24 17.22 24.71 29.38 33.90 32.62 31.21 33.05 34.08
6.53 19.30 16.27 19.01 16.86 17.93 13.02 20.14 11.85 14.05 24.72 22.83 19.00 14.67 8.62 9.80 13.39 15.68 17.59 17.83 16.28 19.08 23.97 19.48 19.99 15.01 10.70 16.26 12.56 10.57 9.44 7.87 13.79 12.57 11.70 12.87 13.89 11.26 7.35 4.58 2.73 3.72 3.85 4.86 7.29 6.53 4.65 4.40 7.69 12.22 16.40 18.14 18.67 20.03 19.98 18.37 12.96 17.20 15.62 24.52 22.29 20.63 21.94 25.11 22.49 29.81 27.13 31.77 29.49 27.12 20.69 28.95 32.92 36.95 35.68 37.20 33.59 33.07 36.37
6.23 18.53 14.10 21.66 17.22 17.09 18.56 20.89 21.35 22.10 23.71 25.71 18.22 16.64 8.94 6.89 12.95 15.15 16.46 13.82 15.79 17.12 21.67 27.90 17.33 17.09 10.96 15.57 13.69 11.05 7.47 8.45 12.89 11.16 11.16 11.83 12.03 10.95 5.03 3.11 1.13 2.54 3.30 5.32 6.08 6.07 7.31 8.29 12.44 16.86 18.13 18.07 19.76 20.13 17.75 13.85 13.66 19.52 24.84 19.87 23.58 23.68 25.44 24.50 29.44 27.15 31.64 30.63 27.45 21.73 31.37 31.45 33.88 37.09 34.44 31.36 28.37 31.56 37.60
14.49 18.81 12.80 14.78 19.46 15.71 16.33 12.20 21.38 21.66 23.05 25.36 23.15 17.65 13.87 6.35 13.20 14.47 11.69 13.90 15.41 17.96 21.15 24.43 21.58 18.80 12.47 13.72 13.92 9.18 4.92 9.84 12.08 7.89 9.42 11.80 10.24 10.04 6.62 3.66 3.20 0.40 3.99 5.17 3.54 8.99 10.30 13.22 15.82 16.51 17.32 17.95 19.23 18.05 14.65 16.76 18.32 19.12 21.38 22.61 23.30 26.00 26.53 22.41 28.46 30.97 31.39 29.23 24.82 32.13 31.70 36.01 34.80 31.44 28.75 25.04 29.70 32.96 37.50
16.80 18.69 19.57 20.45 18.86 17.71 18.51 20.22 20.93 10.57 22.36 24.31 23.70 15.71 11.58 7.89 9.89 10.60 15.85 12.58 14.89 16.50 19.38 23.41 23.57 19.65 14.00 15.99 14.08 11.79 5.70 12.14 8.35 4.78 9.85 11.71 9.48 8.35 6.25 5.11 3.74 0.20 2.54 2.97 4.65 9.42 12.47 13.93 14.79 15.45 17.50 16.49 17.02 15.78 15.68 18.16 18.50 20.58 21.74 23.15 24.34 24.95 21.94 29.74 28.19 30.97 30.62 29.62 28.36 31.45 33.78 31.92 31.07 25.24 29.27 25.23 30.53 32.99 37.12
15.50 17.39 14.88 16.97 17.78 16.88 17.10 18.31 21.02 21.97 22.61 12.49 14.94 19.00 15.28 11.80 7.44 10.60 12.37 11.43 14.35 15.23 16.33 21.23 28.70 21.27 15.26 15.25 13.17 6.86 6.71 10.96 5.98 5.65 11.05 10.28 8.80 8.36 9.45 9.45 5.60 1.10 0.63 2.11 10.24 8.84 10.83 12.34 13.37 14.13 14.22 17.81 19.46 17.42 17.59 17.16 16.82 19.93 21.99 23.21 22.30 21.78 23.54 26.23 30.08 30.52 30.62 29.86 31.12 34.26 31.48 27.39 26.79 31.97 28.99 28.07 28.69 32.92 39.71
14.46 16.13 16.15 18.59 17.04 20.15 18.96 18.52 19.32 18.77 19.99 22.36 22.97 21.03 13.78 10.51 8.05 6.26 14.94 10.11 13.58 14.50 15.26 18.89 24.76 20.25 17.01 12.94 15.40 10.04 6.44 10.56 8.53 8.32 10.64 9.14 8.47 9.87 9.66 9.36 5.44 3.52 3.00 3.84 8.54 11.96 9.63 9.55 12.38 14.01 16.35 18.67 18.59 15.63 13.16 13.83 16.07 18.37 19.95 18.64 18.57 27.99 26.76 29.91 30.16 29.45 30.17 30.62 32.47 33.36 30.56 33.20 34.56 31.99 29.95 30.26 31.39 38.43 44.70
7.17 13.67 16.13 16.25 17.09 17.42 18.71 19.98 19.84 19.78 20.61 20.48 20.54 21.59 15.07 13.01 10.19 5.97 14.80 16.96 13.59 21.23 13.76 16.06 23.12 24.29 19.46 11.81 15.20 8.41 5.04 10.33 7.01 7.77 10.90 10.25 10.75 10.57 9.79 9.88 5.09 6.86 6.29 8.49 11.08 11.48 10.98 10.25 12.73 14.92 15.03 16.85 14.05 9.76 10.48 13.42 15.89 17.68 17.50 18.38 23.53 24.84 29.34 30.29 28.79 29.91 32.16 32.71 33.68 34.50 32.54 33.12 33.01 33.13 30.61 34.45 37.91 44.08 46.73
7.71 10.81 11.02 14.35 14.72 16.07 17.43 19.69 20.16 19.81 20.06 19.89 18.70 20.40 17.95 18.34 13.80 7.47 12.94 18.04 12.94 22.31 13.21 13.76 20.62 27.24 20.90 14.69 16.58 8.41 6.42 11.02 8.53 10.07 11.72 10.68 11.01 10.63 10.61 10.81 10.76 6.18 9.09 5.97 8.08 10.09 11.42 10.07 12.88 15.22 16.89 15.16 11.30 9.88 12.34 15.86 17.02 18.63 19.58 23.07 23.64 27.95 29.45 28.68 29.22 32.26 31.23 31.18 31.42 32.29 33.30 32.61 35.19 32.13 36.06 38.09 42.55 45.86 45.41
8.86 9.92 10.20 9.38 12.34 12.43 17.00 18.61 19.28 21.58 19.64 19.42 18.48 18.45 14.93 15.53 12.92 15.57 17.14 20.34 21.57 23.64 23.26 13.37 18.16 24.69 21.97 15.94 16.33 12.27 8.45 9.78 10.81 4.43 12.36 11.97 12.22 10.88 9.78 9.40 13.15 6.07 4.21 11.30 7.69 12.63 11.16 11.35 14.07 13.41 14.49 15.38 11.74 11.13 15.09 17.25 17.96 20.08 21.64 21.90 26.20 26.97 28.24 28.18 27.91 27.59 26.80 26.36 26.64 27.76 30.26 33.45 32.74 32.76 38.11 40.97 44.54 44.94 42.96
5.99 6.26 11.41 15.74 14.34 13.12 14.87 8.94 7.54 10.06 19.88 21.09 21.68 20.31 16.23 15.86 13.24 13.61 19.18 20.66 22.68 24.36 23.72 23.11 17.02 23.43 20.34 19.15 14.61 12.12 6.69 10.26 11.92 13.39 12.83 12.66 12.94 12.84 5.84 9.26 10.11 6.17 3.20 5.49 12.35 13.37 12.09 14.26 14.56 13.62 13.74 14.68 14.04 13.00 17.28 17.94 19.52 21.78 22.44 24.04 24.81 23.31 23.58 25.95 26.30 26.08 24.77 24.48 25.19 25.23 31.36 34.83 36.94 38.82 40.69 42.77 43.40 41.31 39.09
5.54 10.08 10.46 16.13 16.19 16.43 15.75 17.26 17.48 7.70 10.56 22.19 22.33 23.67 25.62 18.97 15.83 11.21 16.25 19.82 21.63 24.20 24.59 25.62 16.93 21.68 23.37 19.55 14.95 12.09 7.91 11.15 15.53 14.14 14.42 12.66 13.84 13.65 5.95 9.68 10.32 4.65 3.53 11.51 15.34 13.22 15.91 15.67 17.45 16.52 12.77 14.88 16.42 15.87 17.92 16.88 19.41 21.37 21.05 21.95 23.15 23.19 23.39 23.04 22.81 21.53 22.29 23.02 24.36 31.67 32.47 37.04 36.85 39.05 40.32 40.75 39.37 36.67 34.76
15.13 15.76 16.18 17.39 17.38 16.45 15.56 14.01 15.54 17.74 11.80 21.44 21.87 21.43 23.68 24.25 19.32 14.65 15.00 19.04 19.32 23.35 25.12 23.73 27.96 30.53 25.70 20.99 14.90 11.93 9.86 15.39 16.12 4.62 15.06 14.79 13.18 5.76 7.82 10.34 6.83 3.15 3.39 13.75 16.54 16.52 16.35 18.73 17.96 15.42 11.21 16.63 19.56 18.28 16.66 17.33 20.42 20.06 18.57 19.78 20.89 20.74 19.35 20.10 21.46 23.78 26.71 26.74 30.51 33.58 37.08 34.37 34.00 34.95 35.90 35.49 34.56 33.54 35.29
15.83 16.43 15.88 14.83 16.14 14.87 15.49 14.78 14.18 16.35 18.63 21.54 20.13 19.24 21.43 16.13 18.83 17.14 18.75 23.11 21.39 25.38 26.01 20.06 24.55 29.22 27.43 20.24 17.02 8.10 12.73 16.17 13.12 17.79 14.80 16.14 3.95 6.03 9.11 16.58 7.40 1.80 3.36 6.88 16.47 16.42 18.61 19.90 18.47 15.48 13.79 19.30 20.65 19.09 16.08 18.80 20.45 17.51 17.95 19.26 20.12 19.77 20.69 23.14 24.56 28.06 29.82 29.06 33.02 35.58 33.75 30.21 30.37 31.31 31.18 30.30 30.33 31.20 31.88
16.73 16.98 16.52 14.87 14.54 17.82 16.94 16.28 14.99 13.69 17.48 19.42 19.06 14.62 19.91 11.12 14.41 15.22 22.14 16.97 24.94 27.73 27.43 22.94 21.29 27.64 27.67 20.53 16.10 10.78 16.67 16.71 16.78 17.45 14.41 14.24 3.95 6.33 9.32 15.04 6.82 1.77 4.07 15.54 17.41 19.02 19.93 23.30 19.78 19.13 19.85 21.14 20.65 17.25 15.71 18.49 17.09 15.04 18.01 17.77 18.34 20.77 23.26 25.53 27.28 30.81 32.45 32.63 32.10 30.64 30.07 27.17 27.91 30.44 31.83 32.35 28.70 28.76 29.55
14.79 16.24 15.66 14.73 13.60 15.97 16.75 16.16 14.88 13.80 16.83 18.65 18.89 20.81 22.26 22.24 22.01 22.42 21.95 23.80 26.27 29.13 29.79 24.71 23.41 28.77 26.66 19.62 14.37 14.75 17.87 17.00 19.13 7.20 14.79 14.72 5.04 7.13 15.88 16.25 13.19 15.80 5.05 7.73 17.98 22.98 25.09 23.98 21.79 19.53 21.04 21.25 20.86 14.45 17.06 17.81 13.06 14.05 17.40 16.77 18.11 21.86 24.85 25.69 27.49 29.57 30.82 26.81 28.29 28.24 25.80 26.47 28.18 28.89 30.11 32.02 30.84 27.53 26.69
10.74 13.26 13.59 13.24 12.70 13.03 14.74 14.72 14.27 13.08 16.38 16.52 21.68 20.94 20.78 17.91 20.43 22.45 21.81 25.09 25.23 24.24 26.13 32.80 30.49 30.01 26.17 18.78 16.38 18.07 18.03 19.77 15.99 17.92 5.96 5.91 7.26 8.58 16.22 15.35 14.50 14.81 5.33 8.62 19.73 23.71 25.92 27.01 24.09 22.11 20.54 20.98 14.58 18.87 19.14 14.99 14.66 16.24 17.28 18.08 19.49 22.50 23.34 23.21 26.40 27.30 26.71 27.61 27.10 26.17 26.32 28.75 30.23 31.04 31.99 33.75 32.16 28.96 28.28
5.50 10.04 12.28 12.05 13.21 13.57 15.07 15.93 15.18 14.02 17.15 17.12 16.44 18.36 20.22 19.10 16.41 20.81 20.65 25.71 24.24 22.80 24.32 24.30 34.40 34.61 28.49 19.84 18.30 18.55 19.52 20.89 13.65 18.59 7.42 7.88 8.99 10.02 11.11 14.29 7.98 5.54 6.81 9.89 21.07 21.77 25.38 25.51 26.28 25.37 21.46 20.91 17.48 22.14 15.46 13.02 16.65 18.04 18.40 18.34 19.84 22.46 22.16 22.84 25.82 26.88 26.62 26.09 25.74 27.95 27.89 29.85 30.77 29.77 30.69 32.21 30.43 28.89 28.98
4.04 6.90 9.45 11.80 11.08 12.84 13.22 14.89 14.95 13.35 16.58 18.64 14.38 14.36 16.71 19.88 20.95 23.65 20.03 23.19 25.67 22.58 26.90 31.83 38.33 39.28 30.41 24.85 21.74 20.07 22.57 18.31 13.17 20.28 9.18 9.27 18.42 10.77 21.51 11.24 8.87 7.26 9.08 11.63 22.32 25.17 29.62 27.18 27.49 21.28 23.34 20.16 22.17 19.05 16.22 16.42 18.93 19.31 19.60 17.96 19.94 22.05 21.99 23.75 25.38 26.13 25.67 26.35 25.09 25.65 25.95 28.34 30.82 32.13 30.93 28.33 27.39 29.78 30.39
10.66 11.89 13.74 12.85 12.08 14.38 14.66 17.37 16.36 14.93 16.11 17.47 14.10 11.21 17.00 18.35 19.76 21.57 22.28 26.84 27.05 24.44 24.54 28.67 38.36 42.20 34.26 28.53 23.68 19.52 20.43 16.33 14.28 22.93 9.60 10.17 10.61 11.58 20.95 10.95 7.95 8.07 10.82 13.12 24.66 23.67 25.63 29.40 28.99 24.46 23.58 16.39 16.54 16.06 18.67 19.87 18.35 18.04 18.91 18.96 21.48 21.74 21.75 22.81 23.37 23.65 23.26 23.63 23.93 24.01 26.19 29.72 31.22 27.38 30.56 28.05 27.47 29.58 29.75
8.76 11.10 14.57 7.29 15.98 16.17 16.33 16.53 17.35 15.75 14.68 17.66 18.04 13.41 13.18 17.57 18.94 22.36 25.12 24.41 23.90 23.36 23.50 20.93 28.65 47.54 39.36 30.93 24.21 18.44 21.08 20.28 15.86 22.10 16.69 11.13 11.61 12.68 22.93 10.69 7.26 8.98 12.51 24.70 26.26 29.76 30.12 32.35 27.82 26.09 18.69 18.35 20.14 20.30 20.33 20.28 18.83 18.81 20.33 21.01 23.03 22.35 20.47 19.94 21.76 23.34 23.40 24.75 25.53 27.45 30.04 29.80 29.80 27.70 27.79 27.82 29.39 30.17 29.42
7.43 12.58 6.06 6.60 16.59 16.47 15.71 16.16 17.96 15.63 14.30 16.78 17.72 13.59 13.24 15.82 17.91 20.03 23.13 24.83 25.36 23.67 21.45 22.22 27.19 52.79 45.72 32.32 25.67 24.64 25.91 23.94 19.55 22.80 24.05 12.04 12.66 19.80 20.80 10.89 8.70 24.49 22.68 25.81 28.95 28.73 28.14 31.68 31.22 27.88 19.61 20.78 22.04 22.06 21.64 23.01 21.84 21.70 21.55 20.58 20.98 21.64 21.45 23.91 25.29 25.33 25.34 28.13 29.22 30.53 31.15 29.05 27.54 27.82 29.56 28.23 28.28 28.95 24.46
7.83 12.64 13.28 13.69 13.67 14.83 15.42 16.56 18.11 16.80 14.57 13.86 17.02 17.15 14.30 14.36 17.66 19.58 21.56 24.82 26.28 25.32 22.40 22.04 30.96 53.10 52.55 31.70 27.49 34.99 33.69 23.50 19.47 20.15 23.47 10.97 13.07 25.70 17.39 9.79 9.75 24.99 27.33 30.76 29.53 30.50 30.59 33.69 32.78 29.95 21.49 22.19 22.38 21.96 21.72 25.70 23.57 22.12 19.47 20.02 20.61 21.38 23.31 26.84 28.08 26.47 28.06 30.60 31.96 28.99 28.86 27.98 27.87 28.52 27.03 29.84 26.70 27.11 26.63
7.41 6.84 6.77 14.39 12.33 12.43 16.55 16.61 19.23 17.83 15.65 16.06 16.10 18.71 14.43 12.92 16.42 19.28 20.43 23.43 26.64 24.94 22.01 23.56 31.61 54.50 56.76 32.93 28.87 42.20 34.26 22.27 17.81 20.08 21.71 16.47 26.52 25.67 18.37 19.48 23.58 27.12 28.53 29.75 29.47 31.67 33.63 34.30 32.90 25.08 23.90 23.05 22.36 21.84 21.85 20.02 18.42 18.60 19.82 21.23 22.47 23.06 24.25 26.04 26.65 27.82 28.03 27.82 26.42 24.74 25.39 24.66 25.50 25.49 28.26 23.10 21.89 20.65 24.42
6.02 11.82 11.55 12.68 13.39 14.43 16.07 17.91 18.59 18.64 18.27 17.78 13.94 16.51 16.57 17.26 17.76 19.32 19.76 22.44 25.45 24.20 20.04 22.11 30.27 52.87 62.65 44.44 37.17 45.10 34.44 23.37 18.59 19.88 24.15 29.55 27.63 23.27 20.72 21.49 23.72 26.22 27.83 29.65 31.30 31.84 31.67 34.62 34.58 25.74 25.61 24.11 22.36 21.41 22.40 21.33 19.35 19.25 20.77 22.63 23.96 25.61 25.73 25.98 25.49 22.85 23.65 23.09 23.06 22.41 22.73 23.67 24.59 26.41 23.73 23.29 21.78 23.42 20.54
9.17 8.99 8.75 10.63 13.58 14.82 13.91 15.43 18.48 19.50 16.73 17.59 10.04 17.09 16.22 17.73 18.60 19.89 19.85 22.07 24.18 23.28 19.74 19.50 23.06 40.27 64.33 61.46 53.60 48.49 33.85 25.50 23.25 23.95 26.30 28.61 24.06 22.86 23.31 23.53 24.94 27.72 28.67 29.83 32.56 34.43 33.39 35.07 32.38 25.77 26.78 25.09 23.24 23.06 22.69 21.39 19.60 19.78 21.24 22.42 23.24 23.92 27.08 23.58 22.36 20.79 19.81 20.07 22.30 22.74 23.18 23.41 23.29 23.60 23.76 22.68 21.44 22.38 21.91
8.35 9.55 7.82 9.83 12.16 13.52 16.26 15.62 16.42 18.10 18.76 16.23 14.05 10.03 15.31 16.27 18.44 19.96 20.61 22.39 24.54 23.70 21.65 17.41 18.56 28.62 49.46 63.92 65.12 50.81 35.68 29.73 29.36 27.94 27.19 25.66 22.57 24.46 23.74 24.26 26.75 28.78 30.36 32.15 33.58 33.96 33.03 34.65 25.81 27.83 27.97 26.59 25.43 23.97 20.36 17.26 18.18 19.75 20.36 20.42 20.70 21.07 21.77 21.73 20.81 19.76 20.86 21.00 21.91 22.58 22.48 21.72 20.97 21.80 22.10 21.56 21.10 20.97 20.47
2.35 5.98 8.67 9.32 10.06 12.73 14.06 17.54 17.05 16.75 16.33 16.64 16.44 8.10 10.23 15.53 17.26 17.25 17.57 20.18 23.18 21.02 20.17 17.42 17.21 24.73 36.51 55.41 66.05 54.03 39.88 35.10 31.08 28.63 26.92 23.46 22.22 24.40 23.54 25.21 27.45 30.14 32.47 33.79 32.98 33.83 33.79 22.15 26.45 28.98 28.94 28.09 25.89 21.96 17.54 16.19 18.79 20.41 20.29 20.83 20.70 21.30 20.17 21.98 21.50 20.54 20.35 20.82 20.63 20.42 20.48 22.57 24.11 24.30 24.82 24.61 23.83 22.94 21.96
5.44 3.16 6.70 6.98 8.01 10.47 13.29 15.34 16.12 18.04 18.51 15.99 17.28 16.11 10.69 12.77 16.49 19.36 18.56 20.74 22.71 19.70 18.01 16.74 18.37 26.70 34.71 47.28 61.00 55.14 43.80 36.36 28.97 25.90 21.90 20.04 23.63 25.14 22.41 25.04 28.08 30.57 32.90 35.04 35.96 35.06 34.71 24.95 27.45 28.45 28.52 28.26 25.94 21.73 19.45 20.74 23.26 23.27 21.07 20.43 20.13 20.15 18.05 19.59 19.67 20.60 22.14 23.11 23.50 23.33 23.51 25.27 26.57 26.89 26.59 27.23 27.83 26.88 24.80
5.99 4.33 5.06 9.04 10.21 12.70 13.59 13.99 16.57 13.96 16.82 17.75 18.09 13.83 10.60 13.72 15.77 19.64 22.26 24.27 24.96 22.13 19.91 19.22 23.35 29.46 27.66 41.91 55.67 55.37 47.79 36.05 23.89 21.43 19.67 20.63 23.35 23.92 23.76 26.67 27.18 29.47 33.16 35.33 36.31 35.73 35.42 26.56 27.19 27.87 28.33 28.21 28.34 27.50 25.81 24.62 24.06 22.86 22.97 19.68 18.67 18.37 18.15 18.59 19.74 18.10 18.78 19.10 19.02 18.70 19.32 19.92 20.47 22.68 22.08 22.69 25.46 25.15 21.18
4.68 4.44 7.27 5.17 7.42 8.99 12.13 14.91 15.03 16.14 17.03 13.94 10.14 9.22 13.99 14.50 14.55 17.75 20.30 23.77 28.59 28.39 24.64 24.87 27.08 28.43 35.27 39.09 51.24 54.32 48.95 34.29 15.65 17.44 19.75 20.76 22.75 22.61 23.87 26.13 28.47 30.76 33.67 34.92 36.74 33.91 36.14 26.69 26.90 28.10 30.50 31.56 30.72 30.01 27.88 21.89 17.92 18.42 18.84 17.75 17.11 18.82 18.55 18.46 18.78 18.66 17.82 16.95 15.95 16.45 14.62 15.33 17.34 20.31 22.42 24.45 24.26 23.34 21.33
8.87 8.17 4.57 6.73 2.66 9.41 10.58 12.03 13.41 13.64 15.98 14.61 16.87 13.58 7.13 14.70 13.59 16.11 17.17 16.41 20.63 26.39 29.07 31.88 30.66 33.20 33.22 39.00 49.96 54.70 47.56 31.07 6.52 13.92 18.28 19.96 20.27 20.03 23.04 26.57 29.34 30.68 33.02 34.46 38.15 36.68 36.95 27.75 28.48 29.62 32.15 34.79 33.65 29.74 25.59 18.33 11.81 14.15 16.98 16.70 16.40 16.06 18.26 18.07 17.65 17.58 17.03 13.41 11.47 13.05 16.37 19.39 21.02 24.33 24.63 23.32 21.54 20.22 19.47
