examples/cougarCreek-fire/createInputs/WindNinja/wrfout_d3.2015081112.f19/cougarCreekFire_08-12-2015_0700_217m_non_neutral_stability_vel.asc
ncols	146
nrows	140
xllcorner	610065.000000
yllcorner	5095217.000000
cellsize	216.586807
NODATA_value	-9999.000000
[rows 35 to 69 of 140, columns 0 to 78 of 146]
10.34 8.87 9.90 9.78 1.52 0.92 12.76 13.76 13.71 14.39 14.32 15.48 15.49 14.00 13.38 4.78 4.02 3.79 3.26 12.25 17.68 22.75 24.33 30.04 28.51 32.25 35.79 41.71 51.02 53.75 40.90 26.23 8.58 11.67 16.56 18.03 19.00 20.89 23.04 26.39 29.18 30.41 33.46 36.03 35.64 37.29 39.60 40.44 38.43 31.12 32.54 33.86 36.27 34.02 28.90 23.07 15.93 11.93 14.20 18.79 17.25 17.32 16.30 17.09 16.80 16.52 15.95 16.04 17.06 18.40 20.16 21.55 22.00 17.07 18.70 17.56 17.92 18.21 18.30
6.45 8.02 9.54 10.45 1.15 1.25 1.82 12.78 12.24 13.54 14.47 14.81 14.75 16.13 16.54 15.67 14.71 15.88 14.51 14.87 17.30 18.70 22.51 22.60 27.10 28.91 33.20 43.34 53.65 52.52 35.57 21.65 10.79 9.42 14.64 16.72 17.69 10.64 13.68 15.97 18.23 20.82 25.22 35.26 36.44 38.55 39.01 39.86 42.57 32.78 33.59 33.23 35.59 36.09 33.67 29.80 23.32 15.82 13.07 13.46 13.47 14.38 15.77 19.65 18.19 18.15 19.05 20.04 20.79 23.16 20.88 20.67 18.10 13.60 11.17 11.90 12.74 12.82 13.46
8.93 9.08 9.01 10.86 12.38 8.13 9.73 10.26 10.95 10.35 11.56 14.01 14.62 15.11 13.20 13.56 15.32 14.20 13.53 13.02 13.85 15.78 20.40 26.13 25.25 24.79 32.72 43.62 57.18 60.19 45.93 16.85 6.37 10.39 17.58 21.29 22.74 23.22 24.09 25.64 19.08 27.66 22.95 27.33 30.75 25.93 26.91 35.74 42.45 42.42 41.62 34.21 34.44 35.18 33.87 33.37 27.96 20.79 16.00 13.68 11.00 10.42 10.61 11.69 13.01 14.04 14.56 15.09 15.77 16.48 16.78 16.64 20.23 14.26 14.15 14.11 13.81 13.18 12.20
5.88 6.01 8.02 9.75 11.92 9.88 1.03 2.74 11.16 10.14 14.37 12.63 12.85 11.70 11.96 12.91 13.31 13.97 15.03 16.54 16.96 15.55 19.02 25.24 28.07 26.69 33.55 47.48 61.11 70.62 62.99 29.62 5.85 11.53 16.98 19.84 19.69 16.91 17.49 28.30 31.51 30.52 19.96 22.94 23.87 25.23 26.63 26.14 38.80 39.93 43.85 41.68 42.39 35.78 33.56 31.56 28.94 26.08 20.17 16.43 13.56 11.87 10.91 10.72 9.03 10.66 9.27 9.55 9.56 9.58 9.57 9.79 11.51 13.83 15.37 15.85 15.78 15.08 13.02
5.52 6.53 8.79 9.45 10.87 12.85 2.13 9.88 8.92 11.94 12.42 12.68 14.24 12.65 12.96 13.04 13.43 13.58 13.58 14.28 14.82 16.68 19.03 25.68 27.03 26.43 31.67 44.51 60.77 71.82 72.27 43.03 13.18 12.34 17.47 19.82 24.16 28.00 28.65 22.32 20.80 30.44 22.09 25.15 32.82 37.50 40.11 41.25 41.63 42.22 41.75 41.93 41.40 42.10 40.65 30.70 27.06 24.36 21.11 17.96 14.76 11.83 11.34 11.69 12.35 13.46 14.27 13.89 13.35 11.88 10.76 9.75 10.57 11.26 12.07 13.71 14.24 14.40 14.52
6.72 9.84 10.51 12.04 0.75 1.50 0.72 10.07 9.59 9.69 12.84 13.42 15.24 13.83 13.59 12.17 12.31 12.56 12.45 14.09 16.57 19.75 21.78 23.42 23.37 23.80 28.64 39.92 49.28 66.38 70.90 45.96 21.31 13.79 16.86 20.01 21.80 25.19 30.70 25.18 26.59 26.13 26.13 24.06 23.89 24.13 26.79 29.53 29.66 41.71 41.54 40.58 42.07 39.98 25.79 23.22 31.79 28.49 14.69 25.56 22.28 13.30 11.49 12.74 14.56 17.68 17.80 15.14 14.60 14.35 13.89 13.94 14.75 14.11 12.72 10.92 10.34 9.93 12.12
7.37 5.90 8.90 11.05 1.12 1.61 0.21 9.88 9.60 11.45 13.05 13.82 13.42 10.92 10.66 10.40 11.02 11.98 12.38 16.01 19.22 21.98 23.53 18.68 18.50 21.04 28.98 37.04 42.15 61.26 71.68 55.63 28.53 17.70 18.28 18.79 21.68 22.98 25.47 30.87 32.32 33.33 34.20 34.58 35.21 32.99 28.46 29.06 36.30 37.00 38.40 35.62 30.22 37.04 35.94 32.49 28.11 26.62 19.70 18.77 21.46 15.68 15.26 16.49 17.60 19.18 19.73 19.48 18.85 19.31 18.83 18.38 16.05 17.00 16.01 14.07 10.55 9.17 6.36
5.26 10.22 11.59 10.24 11.74 1.76 10.56 10.14 10.37 11.36 12.80 14.18 13.37 10.94 9.70 9.88 10.50 12.59 14.96 16.41 20.14 23.44 19.66 15.68 16.99 20.07 30.54 36.79 42.03 58.69 76.05 72.45 53.09 31.49 21.32 18.21 20.68 23.07 25.67 28.42 31.84 32.35 32.86 33.62 36.76 38.77 40.29 39.85 38.77 29.94 38.23 36.17 31.88 31.95 30.85 26.15 23.78 24.81 25.17 24.87 17.24 17.74 21.77 23.23 16.61 15.18 14.85 14.25 13.61 12.36 12.48 13.19 12.99 14.18 15.01 16.67 18.11 13.29 5.51
4.61 1.87 10.77 3.68 1.44 1.15 11.28 9.06 9.97 13.21 13.60 10.67 6.00 6.48 8.33 11.33 10.44 12.00 13.22 17.26 21.80 19.77 16.15 15.24 15.50 21.14 31.00 34.90 41.26 54.53 70.57 72.29 65.97 54.50 39.68 25.00 22.33 23.93 24.54 25.03 27.86 31.47 32.69 33.41 35.55 36.86 36.39 36.12 39.07 39.72 39.09 38.50 36.29 33.52 30.99 29.56 30.28 31.33 33.83 28.04 20.28 16.24 19.71 19.88 16.79 15.59 15.57 15.11 13.29 12.86 12.13 12.52 13.09 13.06 12.20 13.04 12.53 13.05 10.94
5.61 5.55 5.51 10.51 8.80 9.61 10.52 9.99 10.85 9.91 8.84 6.09 8.66 11.58 10.79 12.64 9.19 11.46 13.15 17.95 22.60 19.68 17.24 14.91 14.71 21.68 28.48 30.28 37.94 50.98 64.31 64.29 64.72 59.65 49.69 39.48 29.12 26.36 24.68 24.76 25.19 26.42 27.78 27.17 29.44 32.03 34.29 33.32 35.87 37.12 38.06 38.15 38.39 36.00 34.61 33.60 26.98 21.45 21.57 21.71 19.16 17.78 19.90 20.81 21.37 21.50 20.26 19.06 18.73 18.44 18.42 18.13 17.84 16.46 13.32 10.23 8.06 6.41 8.92
10.36 10.06 8.38 10.30 9.47 11.40 9.02 10.32 10.23 6.40 3.10 8.61 12.43 12.58 12.05 12.18 12.41 12.67 14.14 20.01 22.97 20.63 16.60 13.80 14.25 19.51 23.98 26.05 33.70 50.04 59.22 56.93 57.45 56.42 50.04 41.68 34.65 30.61 26.65 26.12 22.97 17.90 19.65 23.41 26.40 28.81 28.64 26.49 31.61 34.95 37.96 37.64 34.35 31.03 27.17 23.97 21.03 22.75 22.80 22.97 22.88 22.99 23.08 22.97 23.12 22.10 22.21 21.09 20.74 21.76 24.12 20.74 19.14 17.87 15.65 13.06 9.52 9.49 8.28
4.55 3.48 3.47 9.51 10.40 11.93 10.24 9.27 8.68 1.63 9.99 10.58 13.61 12.09 12.86 13.10 13.21 14.04 15.15 20.19 22.21 19.40 14.48 12.05 14.33 17.04 21.04 24.68 35.81 52.28 55.80 53.64 52.60 52.03 46.36 36.24 33.22 33.94 31.93 26.64 24.02 24.44 25.83 26.32 24.84 30.38 25.21 23.88 29.58 29.01 25.49 27.45 27.47 25.35 23.23 20.32 21.06 25.79 27.36 26.89 26.57 25.56 24.33 22.75 20.75 19.91 16.55 16.09 19.11 13.93 11.76 10.65 9.57 13.43 12.89 11.83 5.85 8.78 8.33
4.23 3.03 2.60 11.24 11.88 10.94 2.33 10.94 11.07 11.27 10.63 12.35 12.89 13.64 14.65 15.04 1.90 2.47 15.81 19.22 21.05 16.14 13.75 14.65 16.14 16.78 18.51 24.27 36.45 48.74 53.00 51.37 48.10 49.74 42.77 31.12 28.45 33.49 34.43 34.10 29.36 29.68 28.33 24.98 28.57 18.97 19.92 24.32 17.86 20.01 23.34 26.18 27.26 26.22 26.68 27.61 28.55 29.74 28.32 25.77 25.80 24.20 23.16 22.05 17.64 13.67 13.43 13.24 9.08 6.07 3.25 7.86 9.10 9.95 10.15 10.00 1.84 0.68 0.71
4.26 3.29 4.73 11.11 4.00 3.46 2.04 12.42 11.34 11.26 12.11 10.92 11.57 13.20 11.32 1.80 2.51 3.74 16.75 18.60 20.40 16.76 15.78 17.37 15.32 15.90 18.26 24.49 34.58 46.12 49.10 48.74 44.71 50.41 39.87 31.00 25.01 31.15 32.29 38.26 32.94 23.21 20.99 19.27 25.24 23.52 25.61 17.54 18.52 20.24 25.21 30.62 29.59 27.81 29.78 31.35 29.99 27.86 23.70 19.64 18.57 18.29 17.27 16.17 14.55 11.22 6.77 3.60 7.10 7.25 8.65 14.07 9.47 10.09 13.62 10.26 9.27 1.21 10.45
4.21 3.70 3.08 2.92 5.79 13.05 13.95 13.44 10.97 11.92 10.83 10.85 11.75 10.21 3.06 13.49 12.74 14.15 13.24 18.03 19.28 18.68 18.32 15.69 14.25 16.30 17.90 23.49 31.39 35.02 47.06 39.01 42.38 47.59 41.37 32.65 22.25 29.67 30.02 34.35 17.92 29.42 13.96 15.82 18.70 28.83 24.08 25.75 26.39 28.94 33.05 33.16 29.45 26.87 26.98 25.58 23.87 22.97 20.01 18.35 17.11 16.52 15.50 14.14 16.29 14.77 12.88 11.71 14.79 13.80 12.84 7.94 8.87 8.49 7.21 7.95 9.27 10.13 2.05
3.90 3.91 3.70 6.09 14.86 13.27 11.63 11.95 11.29 11.42 12.71 12.99 12.77 14.70 12.97 11.90 12.11 13.47 14.96 17.75 18.71 18.59 17.08 14.73 15.42 16.13 17.73 21.13 22.86 32.70 42.95 34.83 39.39 46.60 44.30 34.71 25.84 30.61 28.62 28.81 28.15 25.84 25.79 19.14 15.65 20.48 27.46 30.10 32.50 33.70 32.23 28.33 26.04 23.45 21.10 20.73 20.30 18.70 20.05 20.85 17.53 15.27 14.13 13.38 11.79 10.26 9.31 8.25 5.82 3.70 2.92 2.68 2.55 8.12 7.43 6.31 1.67 1.04 1.78
4.11 3.92 6.20 13.20 12.25 12.71 13.59 13.15 11.17 12.85 10.02 2.37 13.75 13.26 3.33 13.50 13.27 15.55 16.30 18.12 18.65 19.60 18.44 16.42 16.73 16.81 17.84 20.26 24.77 31.00 38.04 32.25 37.79 46.35 43.48 33.33 29.86 31.79 28.52 26.41 23.79 22.87 22.92 25.73 23.36 24.67 20.04 22.05 24.47 24.97 23.28 21.90 21.61 19.02 16.38 17.61 16.07 13.04 18.25 21.74 21.28 17.02 12.17 12.34 12.36 11.80 13.80 10.31 18.89 10.29 5.82 8.34 8.75 7.53 6.80 2.27 1.29 1.46 3.37
4.62 4.01 6.95 12.54 11.42 12.30 13.15 12.88 12.27 13.47 14.58 11.29 9.37 10.33 12.49 14.00 14.98 15.65 16.51 18.21 18.38 19.48 18.45 7.35 19.42 15.68 14.32 17.95 25.87 34.69 32.99 29.19 37.19 46.85 39.95 29.60 29.38 30.10 27.66 26.92 23.37 21.42 20.36 23.37 29.72 26.78 26.17 21.93 22.71 22.36 21.11 20.35 18.99 17.41 16.25 15.07 14.06 13.22 15.03 19.47 20.56 24.45 13.97 11.61 12.85 12.63 11.65 11.92 13.44 11.17 7.93 5.32 4.82 6.10 6.31 4.51 3.74 5.05 6.32
4.60 7.68 12.78 13.96 12.58 12.70 13.14 13.40 14.97 14.32 12.14 2.73 11.69 12.76 14.72 16.57 16.30 15.92 15.46 17.29 16.58 18.48 16.29 18.08 20.52 13.38 15.80 23.66 29.85 32.23 29.30 30.66 35.31 48.00 37.74 28.58 26.64 25.05 22.34 20.63 21.82 20.48 19.28 21.54 25.51 29.61 32.22 29.61 28.38 23.27 20.32 19.26 17.61 15.90 15.31 14.29 12.69 13.04 14.36 16.28 17.26 16.12 12.62 12.08 12.72 12.60 11.24 10.97 12.88 13.26 9.24 5.27 3.87 5.06 7.26 7.61 12.20 9.63 10.17
5.31 9.38 12.87 13.27 14.86 14.19 17.19 15.59 16.08 14.80 1.22 0.87 14.89 16.33 15.04 15.88 16.14 15.74 15.79 16.29 16.31 17.69 18.64 19.97 19.97 18.39 20.82 22.88 27.58 31.81 28.82 27.35 32.74 47.12 37.22 29.24 35.76 35.70 28.01 27.04 29.43 26.01 19.14 17.13 20.47 26.47 30.06 31.88 32.20 32.25 24.40 20.30 17.30 15.89 14.89 15.29 15.63 15.53 14.57 15.01 16.80 16.02 12.50 12.38 12.93 12.46 10.35 9.49 10.97 14.40 20.49 16.32 6.67 9.63 5.39 8.12 8.02 8.54 4.25
7.45 11.11 14.77 15.83 10.36 16.12 16.57 16.30 14.76 14.37 2.43 3.98 18.42 16.81 15.14 13.95 14.88 14.26 13.25 13.82 14.37 16.46 17.32 17.87 18.49 19.47 21.10 23.18 27.16 31.02 29.49 23.47 31.34 43.57 37.30 26.47 33.06 29.91 32.46 34.30 33.52 33.65 24.86 17.75 13.28 14.58 25.35 30.68 31.11 30.21 30.54 24.65 18.86 17.03 16.69 17.15 17.61 16.89 15.97 16.60 17.96 19.72 21.22 21.89 14.26 13.95 19.97 15.05 20.24 12.84 13.88 12.55 19.48 9.33 10.34 9.61 5.10 10.37 17.82
9.10 11.63 13.26 13.06 14.22 17.30 16.25 15.21 5.32 11.75 6.66 18.20 8.32 18.56 15.59 16.54 15.14 14.90 13.13 12.99 13.69 15.18 17.48 17.10 17.62 20.03 21.43 23.98 28.54 28.69 27.46 26.69 31.39 42.04 34.87 22.58 29.79 25.87 28.81 30.31 31.83 32.15 32.99 22.34 18.37 14.76 14.31 17.48 20.43 30.96 30.28 26.01 24.20 17.91 18.31 19.61 17.41 18.37 19.89 21.09 20.81 18.82 15.26 13.39 13.16 13.40 19.87 11.62 11.53 11.20 11.83 17.55 19.75 20.84 9.48 7.78 6.63 6.18 5.92
6.66 10.76 12.78 12.26 15.03 15.25 5.54 10.66 11.54 13.34 15.35 17.40 16.42 17.53 16.04 16.56 17.51 17.89 7.54 11.50 13.51 14.98 16.13 15.15 16.80 19.12 19.47 23.31 28.50 28.67 27.69 24.18 24.76 34.59 30.77 19.16 29.37 26.64 23.51 30.77 31.70 31.45 33.70 31.38 24.22 20.21 16.13 15.69 16.60 18.57 21.00 32.27 21.15 22.28 20.45 27.06 28.00 18.47 18.84 18.12 18.68 20.61 14.69 13.43 11.95 12.00 12.08 11.63 11.85 12.36 12.69 12.88 21.10 10.75 8.97 7.17 5.32 4.34 4.48
3.94 4.96 13.80 4.18 3.17 1.03 13.05 7.09 8.58 17.78 13.37 15.02 15.43 16.86 15.23 7.04 6.35 8.25 5.82 3.70 14.13 15.86 14.00 12.20 16.12 16.35 17.59 24.47 26.55 27.52 24.87 16.84 21.29 31.56 32.18 21.51 28.60 26.22 18.83 33.30 29.89 29.01 30.70 34.27 32.23 24.49 23.39 21.18 18.93 17.28 17.87 18.68 21.86 22.80 27.48 18.32 15.17 15.79 12.79 11.97 16.33 18.59 18.92 18.34 17.83 17.47 11.04 11.41 11.05 11.07 11.76 18.31 8.81 7.62 6.51 5.06 4.00 3.64 11.82
2.99 4.64 5.99 7.05 4.12 9.84 2.53 9.14 17.82 16.67 15.74 16.20 15.30 3.87 4.60 4.20 9.06 9.19 3.68 2.51 12.83 12.17 9.48 13.55 15.18 13.74 17.63 24.16 26.11 26.21 14.78 16.86 27.35 33.52 38.14 25.08 24.43 29.58 29.87 26.52 29.17 31.36 26.32 30.97 31.69 34.40 33.76 31.16 22.59 21.27 18.69 15.01 13.13 12.67 11.17 10.40 11.10 11.61 11.17 10.80 10.42 10.61 11.45 11.41 10.66 10.18 17.13 17.38 16.86 15.67 8.54 7.92 6.35 5.40 5.34 4.77 4.21 3.76 11.91
3.07 4.46 11.34 10.75 13.98 2.94 2.96 15.16 16.37 9.54 8.60 6.96 4.16 5.15 4.19 8.27 10.52 6.96 0.95 3.51 13.04 13.51 13.00 14.86 13.95 12.95 18.28 22.96 24.89 22.93 13.97 24.26 28.06 31.22 37.11 28.38 19.61 28.32 29.20 29.16 25.77 30.60 30.04 30.26 32.00 28.89 29.50 17.93 18.79 18.27 27.81 17.87 15.05 13.78 12.31 10.62 9.45 9.09 8.48 7.72 7.75 8.37 9.08 9.13 8.71 13.43 12.31 8.31 7.53 6.38 6.60 7.04 6.74 6.04 5.48 4.89 12.56 12.37 3.54
3.91 10.93 10.61 11.94 11.92 3.88 2.24 13.52 7.06 8.27 8.34 6.89 2.96 5.38 7.40 9.76 8.43 3.03 2.01 4.47 12.61 13.48 14.40 10.92 11.93 13.87 19.06 21.21 21.18 22.46 23.35 25.21 28.09 29.62 32.30 31.06 20.16 27.33 29.85 29.19 26.68 27.89 28.50 27.12 28.92 28.91 30.95 31.30 13.16 27.77 26.47 27.73 28.70 25.58 15.13 13.75 12.50 11.61 10.32 8.45 7.01 6.44 6.39 6.72 6.43 5.71 5.12 4.67 5.51 7.05 8.07 8.18 7.14 5.90 12.26 12.21 4.66 4.25 3.69
10.50 12.67 10.49 10.77 10.41 10.78 13.32 8.38 4.91 6.20 8.19 4.96 5.54 6.73 8.11 8.34 4.72 1.60 3.57 15.78 14.14 12.89 14.57 14.11 14.04 14.81 17.72 20.25 21.78 23.50 23.72 25.06 16.57 30.48 27.90 29.90 28.42 26.77 29.49 27.12 27.38 25.78 27.06 27.43 27.84 28.88 27.10 27.15 26.23 24.62 23.73 26.16 27.03 14.35 14.54 13.42 12.52 11.53 10.55 9.84 9.25 8.35 7.26 6.29 6.02 6.44 7.24 8.26 9.27 9.93 9.55 8.24 6.92 5.95 11.69 5.07 4.62 3.97 3.44
12.29 8.67 5.22 5.27 8.29 4.93 5.39 5.88 6.42 3.14 4.26 5.49 5.66 6.57 7.12 5.46 1.53 3.35 4.61 15.71 15.29 15.20 15.40 15.73 14.14 15.12 17.38 20.26 22.03 23.80 24.92 13.82 15.95 28.61 23.94 29.20 29.30 29.34 28.93 27.19 26.17 24.87 27.27 26.23 26.41 28.18 28.18 28.31 27.36 25.06 26.08 26.18 29.50 12.80 12.77 11.75 10.65 9.60 9.00 9.04 9.24 9.47 9.86 10.18 10.49 10.84 11.14 11.27 10.78 9.92 9.15 8.47 7.81 6.80 11.91 4.65 3.71 3.09 3.03
2.87 5.37 4.63 3.76 6.70 7.34 8.03 9.05 6.44 4.04 3.52 4.77 5.75 5.93 4.83 2.30 1.95 8.39 9.36 16.12 15.97 17.07 15.16 15.27 14.08 15.64 15.96 20.39 21.94 23.49 20.13 24.33 21.34 28.74 25.41 28.49 30.08 26.92 27.29 27.12 27.06 23.71 20.50 26.52 25.53 25.53 28.37 26.66 16.60 27.47 23.21 23.69 25.28 27.75 12.30 11.67 10.16 9.12 8.33 7.85 8.06 8.63 9.09 9.73 10.61 11.16 10.99 10.11 9.17 8.74 8.40 7.80 7.01 5.92 4.59 3.08 2.07 2.08 12.54
4.17 7.27 4.75 2.34 5.17 8.02 8.97 7.18 4.49 2.87 2.80 4.84 5.81 4.64 2.34 0.64 3.43 9.81 17.37 16.52 9.52 15.26 14.84 16.75 14.80 13.24 14.09 12.32 22.91 22.18 21.41 23.28 23.69 25.60 25.20 27.00 27.69 26.66 28.06 26.30 26.24 23.56 19.50 24.50 24.30 25.82 25.06 24.36 15.55 14.96 26.15 22.23 23.96 25.82 12.08 11.72 9.95 8.73 7.80 7.44 7.69 7.89 8.03 8.37 9.01 9.58 9.30 8.24 7.59 7.40 6.81 5.88 5.27 4.78 3.98 2.76 1.87 2.51 3.22
7.83 6.06 4.92 2.03 4.15 6.28 6.22 4.77 2.76 1.00 2.26 4.61 4.96 4.04 2.45 1.05 8.48 10.87 14.96 17.53 18.76 10.69 15.73 17.71 13.93 11.28 6.46 11.29 13.66 14.27 20.14 20.31 23.21 24.76 26.00 26.51 25.29 27.57 27.28 16.91 23.89 24.65 17.41 19.03 21.80 24.22 24.17 23.67 26.98 10.00 14.42 23.24 25.29 15.27 11.54 11.65 10.08 8.96 8.25 7.85 7.94 8.07 8.27 8.46 8.62 8.52 8.34 8.11 7.54 7.12 6.32 11.91 12.13 5.50 5.36 10.20 6.28 7.58 8.30
3.83 4.32 3.68 5.07 6.62 8.17 8.26 6.56 4.18 1.94 7.22 4.02 3.70 3.36 2.98 1.52 9.96 10.59 16.05 17.59 15.01 6.12 9.52 18.27 15.61 10.79 6.08 10.39 21.43 22.87 21.23 21.81 21.98 23.34 26.20 26.13 24.69 25.55 27.42 16.94 25.88 25.75 13.54 10.65 11.88 21.04 23.02 24.38 20.99 14.14 12.42 22.14 24.98 23.65 10.53 11.22 10.70 9.94 9.83 8.95 8.15 7.64 7.37 7.26 7.30 7.65 7.93 8.14 8.41 7.86 12.23 12.51 13.01 6.20 6.12 7.49 9.04 9.09 7.60
4.19 6.10 7.25 9.19 10.52 10.91 10.77 8.35 6.11 4.31 4.60 4.68 3.58 2.90 2.80 1.75 10.11 16.38 15.21 17.93 14.75 13.94 16.84 15.26 14.78 4.70 5.18 10.63 19.16 21.05 22.18 18.69 22.62 22.82 23.77 24.04 26.08 26.57 26.28 17.31 25.73 19.52 15.27 13.02 11.19 10.70 14.14 20.21 18.77 23.88 19.02 20.27 21.86 19.37 22.06 15.80 10.76 10.36 10.46 9.79 7.73 6.21 5.48 11.36 6.20 6.97 7.20 7.48 7.92 7.81 7.50 7.37 13.03 6.78 14.20 6.35 5.88 3.92 9.95
5.98 6.81 7.54 10.33 11.36 10.89 10.20 8.61 6.67 5.76 6.90 6.79 4.95 3.26 6.99 1.84 10.99 15.56 15.95 17.15 15.19 14.31 14.37 14.04 14.34 4.38 2.01 11.01 20.43 21.19 22.64 22.20 19.18 21.90 23.88 23.46 24.31 23.83 26.62 17.35 18.82 16.53 23.46 15.35 12.92 11.78 15.10 20.98 20.40 21.06 20.57 21.25 21.59 20.23 12.85 22.22 15.67 9.91 8.65 9.65 8.42 5.78 4.57 4.96 6.07 6.89 7.23 7.09 6.85 7.35 8.05 8.28 13.68 7.59 6.62 13.66 10.34 7.64 2.85
