examples/cougarCreek-fire/createInputs/WindNinja/wrfout_d3.2015081112.f19/cougarCreekFire_08-12-2015_0700_217m_non_neutral_stability_vel.asc
ncols	146
nrows	140
xllcorner	610065.000000
yllcorner	5095217.000000
cellsize	216.586807
NODATA_value	-9999.000000
[rows 70 to 104 of 140, columns 0 to 78 of 146]
6.80 5.77 7.15 11.07 10.93 9.51 8.77 7.61 6.05 10.95 7.82 8.62 6.92 4.63 2.89 2.41 11.94 14.74 17.01 17.06 16.78 16.63 13.99 13.73 12.24 3.99 3.44 11.54 19.40 21.03 21.34 19.59 19.09 20.65 23.28 21.70 22.51 25.35 25.92 16.96 13.64 15.33 17.17 16.64 13.38 11.25 22.95 20.34 19.66 14.55 13.78 21.59 22.21 18.05 16.91 11.94 15.72 12.38 8.23 8.65 10.59 8.93 6.86 6.05 6.30 6.88 7.18 14.66 6.69 6.42 6.77 7.08 13.67 13.80 13.49 13.02 13.06 8.84 5.58
5.20 5.42 9.85 11.32 10.97 8.71 7.52 10.75 10.40 10.98 13.22 14.80 13.63 10.24 4.02 3.10 12.85 15.10 16.69 17.06 15.95 15.75 12.00 10.20 5.11 4.89 8.99 14.78 18.62 18.82 20.64 20.66 18.62 21.23 21.36 21.58 21.48 23.04 24.15 11.59 16.94 25.38 14.74 28.60 14.13 11.66 11.21 21.33 22.62 21.63 15.61 14.20 20.14 19.64 21.13 15.79 13.00 16.59 8.78 6.97 9.85 11.82 10.79 9.49 8.16 7.66 7.69 7.25 14.73 6.47 5.76 5.31 12.97 12.99 13.50 13.67 13.17 12.95 11.89
6.70 9.50 14.07 14.09 11.36 9.02 7.78 11.38 10.87 11.08 13.92 15.36 8.91 8.92 6.52 4.09 13.58 14.25 16.73 17.27 18.17 12.88 11.50 11.83 5.25 0.91 10.16 17.06 18.19 18.16 20.38 19.87 17.98 23.23 20.09 21.14 21.46 24.15 21.77 9.88 16.19 25.99 12.58 15.77 15.84 12.69 22.96 12.06 15.67 13.93 14.06 14.23 20.94 14.30 15.98 20.16 11.78 7.92 18.30 7.65 6.40 10.13 11.51 11.14 10.71 10.45 9.96 8.97 8.24 7.63 14.31 13.32 13.15 11.93 12.85 6.62 13.26 12.70 13.30
10.79 13.99 16.81 16.23 11.53 9.51 8.38 12.68 11.41 11.68 13.30 15.09 7.71 8.78 7.73 4.84 14.49 14.16 16.40 17.33 16.72 13.16 9.64 10.45 5.22 1.88 16.55 17.92 11.73 18.53 20.38 18.39 17.32 21.38 11.89 19.74 20.17 20.49 21.34 8.84 15.82 26.17 11.48 14.10 23.49 14.02 11.44 25.18 24.12 24.82 14.50 15.74 21.42 9.46 17.32 12.38 12.34 7.95 8.07 8.18 6.84 6.85 9.18 9.70 9.99 10.30 10.19 9.93 9.74 9.43 13.70 13.56 13.85 13.67 14.44 15.92 14.26 14.12 14.87
13.97 15.19 17.05 15.82 11.13 9.25 13.51 12.68 11.68 12.15 13.56 14.68 13.45 6.66 6.00 4.68 14.98 14.90 12.55 18.04 14.15 6.55 12.04 12.29 2.52 2.27 15.38 11.54 10.97 18.02 19.52 17.90 21.62 12.07 11.45 19.87 21.86 21.81 22.18 9.20 10.13 23.15 24.61 11.91 14.95 15.07 11.83 21.30 26.25 20.82 23.82 22.77 21.41 16.19 9.36 19.04 13.21 8.20 7.95 13.03 7.41 6.01 7.04 8.48 8.56 8.39 8.22 15.77 16.56 17.56 15.36 17.02 17.17 16.77 16.19 16.06 14.60 14.62 15.08
17.71 16.65 18.83 15.62 14.43 13.19 12.79 12.16 12.39 13.99 14.53 7.69 12.34 4.87 4.00 3.97 15.73 8.83 9.02 17.38 13.81 7.01 11.43 7.19 2.71 15.50 16.44 17.86 19.35 20.10 18.92 19.34 18.87 10.85 19.52 19.96 19.21 24.32 21.53 14.16 9.98 24.96 23.22 10.14 12.32 27.17 13.12 11.13 25.99 17.11 25.04 23.36 21.19 15.74 8.92 15.39 21.80 19.78 14.64 23.37 7.53 6.92 6.47 7.95 8.68 8.33 7.77 7.15 14.19 17.10 15.49 15.55 15.51 15.64 15.71 16.03 15.38 15.37 15.29
18.27 17.81 17.45 16.29 14.28 12.97 12.38 12.16 13.30 6.79 8.83 8.90 5.58 12.26 3.65 3.61 17.66 12.87 13.99 14.76 14.72 7.59 8.43 2.83 13.16 15.56 16.25 18.39 18.41 19.93 19.03 20.40 13.63 12.85 18.67 10.75 21.12 21.21 21.13 13.43 14.29 23.89 25.60 13.89 10.04 13.04 22.63 14.47 24.09 23.12 24.48 23.68 23.88 15.04 15.19 14.75 19.48 20.60 14.19 15.16 11.51 7.21 6.73 6.81 7.61 7.92 7.56 14.33 6.37 14.82 14.28 13.33 13.63 14.31 15.61 15.14 15.32 14.75 15.89
20.07 18.76 17.83 16.14 13.97 13.21 12.16 12.66 17.14 5.85 8.56 9.75 7.20 11.92 4.82 4.19 16.73 13.24 14.45 15.24 13.96 9.65 7.16 11.20 15.92 14.35 14.98 18.17 20.10 19.93 18.56 20.70 13.02 20.15 19.91 11.09 20.65 22.37 20.12 12.63 21.12 24.11 24.32 14.19 9.07 11.40 26.41 12.70 21.25 23.12 22.20 23.30 22.45 15.73 15.15 14.51 19.08 12.92 6.21 5.71 22.48 7.52 7.28 6.02 5.66 12.66 12.63 12.51 11.77 12.61 14.85 13.47 13.20 14.04 15.15 6.30 14.22 15.93 7.69
20.05 18.94 17.43 15.46 13.77 11.88 14.76 12.60 11.95 4.14 6.92 9.27 8.70 12.50 5.17 5.29 16.01 12.46 14.86 13.81 7.60 1.65 7.30 1.02 2.89 15.86 16.22 17.33 18.74 18.92 11.94 17.87 18.66 19.64 21.73 4.99 20.18 21.37 12.57 11.58 20.34 23.74 22.13 14.43 15.08 9.22 18.42 24.61 19.95 23.71 20.64 23.05 24.31 14.90 14.05 13.67 18.37 21.26 16.86 11.36 15.07 12.61 7.31 5.74 4.76 11.93 4.35 12.01 4.48 4.36 4.01 13.28 15.78 15.34 15.47 6.28 6.99 7.22 7.93
20.12 19.05 17.37 15.13 14.05 17.25 14.12 11.33 14.44 2.97 11.94 6.66 16.23 6.33 4.10 14.76 9.20 5.13 12.51 3.08 1.82 1.49 12.20 1.31 3.33 16.95 16.44 16.22 17.34 16.83 17.57 16.54 20.33 19.46 22.33 11.27 4.83 20.92 10.82 10.98 17.32 23.49 22.62 13.48 6.34 20.32 16.55 18.57 23.38 19.29 21.07 21.87 23.85 14.82 6.34 6.02 6.04 21.66 15.78 11.95 6.24 16.46 13.21 11.04 4.10 4.94 5.21 5.39 5.80 5.92 5.82 5.64 5.52 15.13 16.53 15.96 7.23 8.63 9.31
19.96 18.27 17.02 16.16 15.16 11.84 8.88 15.66 13.33 10.18 4.76 21.80 5.48 5.94 3.97 14.02 5.20 4.71 4.16 2.99 2.02 14.30 0.78 1.72 3.39 17.00 15.98 13.55 15.96 16.43 16.48 18.48 21.81 19.21 19.47 12.31 12.99 20.48 9.54 11.24 21.35 18.73 21.93 21.66 11.09 11.48 15.50 9.52 11.54 9.42 22.92 17.70 24.11 6.16 7.30 8.39 8.73 9.19 14.87 8.71 7.44 6.17 5.56 21.75 4.81 5.45 6.76 7.17 7.15 6.91 6.91 6.91 6.46 5.98 15.94 18.85 7.81 9.40 16.74
20.73 16.94 16.82 9.09 16.31 11.77 11.12 9.58 13.23 14.59 3.80 3.56 3.97 4.86 4.76 10.93 4.64 3.94 3.72 3.02 13.49 9.96 0.82 2.19 3.18 18.31 13.76 8.93 14.37 17.41 14.92 17.49 18.65 19.71 19.23 19.61 20.05 11.13 10.05 17.05 20.03 11.63 20.53 20.14 21.60 18.25 13.87 7.02 10.50 11.11 9.58 18.51 27.35 7.44 9.52 11.19 11.52 11.13 11.00 10.43 9.01 7.37 6.23 5.73 15.94 6.00 6.68 7.30 7.36 7.45 7.25 15.33 7.22 7.10 7.32 7.86 8.24 8.66 8.92
20.64 16.83 16.82 15.88 18.30 11.62 12.07 3.66 11.82 11.40 2.76 3.32 3.72 3.52 4.16 11.19 4.04 3.45 2.97 15.50 14.34 0.92 1.06 2.22 2.61 18.18 8.16 0.93 15.83 15.48 15.42 10.61 17.13 18.71 21.27 15.94 20.24 9.53 9.52 18.78 15.62 10.45 10.09 17.94 18.03 20.96 11.34 4.54 7.62 21.77 13.62 9.23 8.49 9.32 9.93 9.72 10.58 10.46 9.80 9.66 23.06 9.09 8.19 7.28 6.91 6.61 5.78 19.94 6.61 15.54 7.14 7.36 17.54 8.38 8.52 8.20 23.15 7.17 18.40
18.23 16.26 17.33 16.19 14.19 12.59 10.36 2.84 12.93 12.73 2.23 2.47 3.59 3.40 14.08 4.11 4.24 3.63 2.36 17.52 14.22 0.22 1.45 1.97 16.32 14.61 8.31 10.34 15.93 9.80 13.56 10.27 16.71 18.28 17.56 20.57 11.34 10.40 17.41 17.83 9.01 16.34 17.72 18.45 20.29 19.78 16.49 2.52 4.31 19.28 23.03 25.64 8.25 9.01 7.42 5.77 6.34 16.21 17.15 7.91 9.33 20.56 10.40 10.06 9.03 17.50 6.06 14.97 6.36 6.64 6.68 6.66 18.49 15.28 15.37 7.74 17.49 18.17 17.06
20.35 16.14 18.12 17.17 12.95 13.23 3.64 2.03 14.59 10.11 2.21 2.04 13.15 4.40 5.27 4.97 4.21 2.96 14.03 14.06 0.47 1.05 2.03 2.17 2.95 14.49 12.10 13.50 14.03 8.34 15.30 10.11 15.73 16.99 17.33 17.67 12.21 12.48 20.19 5.03 3.39 0.69 14.19 19.80 18.06 20.78 17.99 2.39 2.64 13.10 22.42 6.23 7.55 6.12 4.02 3.16 3.15 4.31 5.55 6.41 7.24 17.82 9.02 18.89 9.23 7.26 14.34 15.27 15.78 6.81 6.84 6.44 17.48 17.98 19.07 18.11 16.42 18.60 16.71
21.27 17.56 17.92 14.60 13.72 12.88 11.28 10.08 14.96 2.57 2.40 1.91 2.43 15.48 13.50 4.36 16.14 17.11 16.02 13.96 0.14 1.37 2.37 2.45 10.28 12.99 11.86 12.51 14.83 7.20 15.15 13.30 15.62 16.92 15.12 10.67 11.20 12.65 13.26 6.66 5.76 2.99 2.46 12.22 15.55 18.86 11.32 9.62 1.95 3.92 19.10 14.42 3.38 2.00 1.65 1.47 12.56 2.16 3.23 3.96 4.20 15.24 5.04 5.16 24.61 22.70 15.92 15.51 15.49 17.11 15.62 6.89 14.07 15.29 20.40 16.28 15.43 15.97 12.27
22.17 19.20 16.34 13.51 16.50 14.01 12.25 12.95 12.83 2.78 2.74 1.89 1.55 16.36 16.95 15.87 14.95 16.72 0.98 0.47 0.39 1.41 2.33 2.46 15.46 8.39 11.95 11.85 13.63 13.09 15.27 9.99 13.41 9.08 14.96 9.08 13.34 14.69 3.31 5.96 6.69 3.98 1.83 11.08 16.58 17.77 17.42 1.53 0.66 2.31 17.02 16.99 19.82 0.06 0.94 1.10 1.28 10.72 1.73 1.98 2.10 2.20 2.43 2.25 17.64 25.17 16.77 15.80 17.06 18.02 6.55 22.20 19.61 15.66 16.35 17.17 15.87 15.43 9.27
23.34 18.26 14.98 14.95 16.95 13.14 4.16 4.26 4.20 3.90 3.54 2.87 1.12 17.44 15.89 16.50 15.79 13.35 1.53 0.85 0.42 1.52 2.26 8.84 13.43 12.04 11.95 11.78 13.32 14.47 10.71 8.45 13.34 1.91 14.92 11.18 14.19 12.28 9.60 3.62 5.38 4.34 1.64 11.49 10.38 17.37 15.57 1.26 8.88 9.15 13.82 17.24 7.44 1.16 0.44 0.34 0.82 1.18 1.32 10.26 12.60 10.77 1.40 1.97 18.33 4.50 16.50 15.15 16.15 16.09 17.67 15.76 15.32 5.21 3.44 11.82 11.25 15.18 16.11
23.35 17.29 15.38 18.34 17.65 17.78 14.16 14.39 5.28 4.89 4.46 4.23 2.62 11.79 18.49 15.33 15.94 2.02 1.81 1.30 0.59 1.30 2.07 16.40 13.67 11.45 10.07 10.18 12.56 11.75 10.91 11.56 14.75 1.83 10.23 11.21 13.46 13.07 3.89 4.03 4.14 4.16 2.88 11.30 7.79 12.02 13.18 11.59 7.94 2.90 10.45 14.90 2.12 17.85 6.88 1.65 8.21 7.66 1.64 10.09 10.83 10.48 11.10 1.41 17.23 22.15 17.42 15.83 16.69 16.50 15.90 15.71 17.63 20.44 4.63 4.81 4.51 3.56 2.81
18.94 17.01 20.79 20.52 17.40 17.52 16.28 15.36 5.20 5.00 4.72 13.36 3.96 2.37 18.97 14.70 16.63 1.60 2.27 1.89 1.33 1.65 1.86 15.05 11.36 3.21 2.74 5.04 11.12 10.51 1.70 11.53 13.72 1.78 1.64 14.19 13.00 12.75 4.70 4.92 5.33 15.00 4.43 12.63 6.58 12.42 14.01 9.06 6.54 7.83 8.79 13.76 2.53 2.11 6.82 2.55 7.19 6.67 9.83 9.66 14.82 9.27 10.46 14.02 17.35 16.27 19.94 17.09 19.36 19.33 15.31 16.45 15.65 15.50 12.88 17.64 15.53 11.08 5.46
18.85 17.25 21.57 21.41 17.42 17.72 16.81 15.15 4.79 4.68 4.84 15.07 5.04 3.85 20.06 2.95 17.46 1.81 2.62 2.39 2.09 2.61 16.97 11.01 3.05 3.24 3.36 10.58 9.52 10.67 11.74 12.21 14.28 9.01 2.12 11.42 10.18 11.03 4.93 5.10 4.99 6.51 5.06 8.18 7.41 9.27 14.02 6.60 4.49 4.03 7.76 10.01 2.66 2.04 2.43 8.08 2.22 6.19 1.84 2.08 12.47 16.66 1.77 13.86 15.59 16.62 20.85 19.94 21.49 21.64 23.06 15.48 1.00 2.38 3.79 16.01 15.51 15.26 16.73
18.29 16.98 20.48 20.63 17.14 16.77 16.35 16.72 4.22 4.32 4.93 5.34 5.10 4.50 3.16 17.48 16.26 2.00 2.95 2.85 2.77 2.93 14.21 10.53 3.20 3.65 10.68 11.21 11.53 8.90 10.56 12.52 11.05 12.10 7.21 13.40 9.57 10.82 5.31 10.17 6.63 9.28 6.40 10.57 9.47 11.71 5.21 3.38 3.72 3.82 3.35 2.94 10.93 8.33 5.98 5.90 5.77 6.21 8.71 2.46 12.02 8.39 14.44 10.86 16.65 1.87 18.47 12.75 14.58 15.38 14.54 20.88 1.10 1.65 17.79 14.21 15.47 14.96 14.00
22.10 18.87 20.24 21.46 21.33 19.73 16.46 15.35 16.35 2.34 2.62 17.55 4.10 17.40 1.50 18.80 0.72 14.50 3.37 3.19 3.04 9.25 13.12 3.65 3.14 3.88 10.90 11.86 9.93 10.43 11.60 10.95 13.22 14.38 11.04 11.92 10.50 4.88 8.72 5.61 6.76 10.56 5.47 4.58 3.82 4.43 5.36 5.66 3.68 3.92 3.74 3.62 10.27 3.97 4.17 12.34 5.93 5.99 8.79 6.23 9.61 13.95 8.53 10.34 18.09 2.78 3.14 20.65 14.58 15.30 14.74 21.13 1.78 2.78 14.87 13.85 20.39 18.27 18.09
22.61 11.42 10.61 9.17 18.78 19.00 15.65 3.29 15.52 0.62 19.33 16.21 2.96 16.56 13.92 15.91 16.02 8.83 3.63 3.22 2.52 8.72 9.36 11.25 3.77 4.18 10.90 11.02 10.96 8.43 8.75 6.89 13.04 13.31 11.02 5.12 3.05 2.87 3.42 4.92 5.29 4.24 3.34 3.16 2.46 5.67 6.08 3.54 3.80 4.16 4.80 7.80 8.80 4.58 4.06 3.97 6.51 12.49 7.52 5.97 7.89 8.20 9.52 11.86 13.08 15.29 15.25 11.04 20.57 13.96 13.86 22.41 2.54 3.59 14.32 17.85 16.33 11.02 5.39
12.40 12.04 11.56 10.19 22.59 19.85 16.27 4.06 3.40 1.81 0.34 17.39 15.80 13.04 13.47 14.53 13.18 12.84 3.81 3.33 2.87 5.41 11.12 11.01 4.88 4.34 10.52 9.96 9.18 12.83 12.09 9.84 12.69 9.33 2.26 1.92 1.85 1.94 2.66 4.09 3.72 2.90 3.00 3.23 2.78 2.38 2.72 3.33 3.80 4.28 4.98 5.34 6.91 4.41 3.95 3.90 9.07 3.97 8.85 8.03 6.34 12.10 15.49 2.71 3.09 13.73 18.60 16.19 21.24 14.49 15.06 21.70 3.43 14.24 16.46 14.43 5.49 15.73 14.50
19.86 11.03 22.35 10.01 21.80 18.87 6.11 16.19 4.20 12.89 16.83 15.78 14.32 12.49 12.55 12.82 15.31 13.53 3.24 3.50 3.89 13.09 10.13 5.53 5.07 4.49 10.35 7.47 4.23 11.27 4.81 10.86 8.98 6.51 2.29 2.14 2.02 1.98 2.74 3.78 3.10 2.50 2.71 2.73 2.26 2.00 2.32 2.82 3.43 3.87 4.17 4.16 3.68 3.53 3.82 3.97 3.86 3.68 3.91 4.39 11.49 8.22 11.54 2.65 2.43 2.18 2.44 13.57 14.92 15.59 15.12 16.29 14.99 15.41 17.90 18.76 4.72 6.40 7.18
10.14 9.45 23.45 20.78 20.84 20.03 6.55 17.00 15.92 18.17 13.20 17.50 15.53 12.00 12.72 10.94 15.75 13.76 2.23 2.98 2.94 11.96 4.35 4.94 4.79 4.35 11.87 8.92 12.59 8.54 6.14 7.98 8.31 2.78 2.26 1.90 1.78 2.01 3.13 3.96 3.28 2.65 2.56 2.16 1.68 1.80 2.25 2.33 2.50 2.88 3.15 3.05 2.86 2.97 3.22 3.35 3.50 3.60 3.71 3.84 11.57 7.98 3.14 2.79 10.47 1.89 1.89 2.23 2.55 15.61 15.95 16.25 12.82 17.77 20.41 16.27 4.17 5.33 6.81
11.69 10.80 23.29 22.16 19.54 20.08 19.40 6.22 18.07 21.81 4.99 17.97 15.83 15.31 2.54 14.16 12.83 13.33 2.05 11.00 1.29 0.96 2.86 4.33 4.96 10.62 4.49 12.24 5.92 3.61 6.35 2.28 2.46 2.57 2.06 1.48 1.28 1.46 2.74 3.97 3.64 3.15 2.63 1.68 1.21 1.71 2.23 2.29 2.18 2.45 2.75 2.66 2.51 2.38 2.30 2.43 2.67 2.97 3.26 3.39 3.42 3.50 3.48 3.05 2.46 2.26 2.25 2.45 2.55 2.54 3.06 3.72 3.73 15.70 12.36 18.95 18.49 3.63 4.97
13.04 13.18 12.18 22.59 23.01 8.81 18.38 7.14 6.60 5.75 20.10 17.16 15.55 13.63 2.23 1.14 16.65 10.48 10.50 13.72 0.36 1.01 1.76 2.68 9.14 10.94 10.28 4.60 8.12 8.73 5.92 3.23 2.83 2.65 2.38 1.70 1.17 1.13 2.53 4.12 3.86 2.94 2.01 1.17 0.77 1.61 2.15 2.36 2.49 2.67 2.73 2.47 2.05 1.58 1.28 1.30 1.64 2.10 2.54 2.92 3.21 3.30 3.25 3.12 2.84 2.59 2.59 2.86 3.04 14.62 3.89 4.21 3.73 17.94 17.33 22.21 18.20 2.20 3.30
10.97 23.31 12.05 22.90 23.53 9.50 19.93 7.19 6.46 22.36 23.26 5.31 16.54 14.89 3.39 12.07 14.54 14.30 12.19 1.25 1.19 11.00 1.41 1.78 2.98 11.62 8.03 7.79 10.28 10.10 6.13 9.03 3.69 2.98 2.54 1.79 0.92 0.91 2.58 4.49 4.41 2.41 1.04 0.91 0.70 1.50 2.05 2.30 2.82 3.21 2.88 2.29 1.68 1.10 0.67 0.29 0.64 1.31 1.88 2.39 2.85 3.08 3.03 3.09 3.21 3.08 3.02 3.21 3.47 3.74 4.12 3.97 16.39 15.45 15.73 16.05 18.91 17.73 3.06
9.52 23.69 9.04 25.73 10.11 16.95 21.18 17.39 22.38 5.45 5.28 5.39 15.84 5.45 12.16 3.17 12.06 10.97 11.84 2.14 1.38 1.00 1.64 16.50 11.92 8.96 7.07 10.18 11.59 9.66 5.48 4.82 4.17 3.32 2.74 2.07 0.96 0.49 2.22 4.39 4.25 1.74 0.71 0.48 0.32 1.27 1.97 2.31 3.25 4.18 3.56 2.25 1.43 0.99 0.65 0.57 0.90 1.23 1.62 2.07 2.60 3.05 3.19 12.12 3.54 3.52 3.35 3.43 3.76 3.94 3.96 3.69 3.28 3.14 2.89 14.36 15.27 15.89 3.92
12.18 10.52 7.49 25.43 8.78 21.18 24.86 8.64 7.10 23.80 3.48 19.78 13.82 16.67 15.74 14.50 11.52 10.14 10.50 14.49 3.17 2.40 2.11 1.86 2.22 3.20 9.52 11.38 11.67 8.32 6.02 5.09 4.44 3.85 3.30 2.72 1.83 1.54 3.36 6.14 6.71 4.63 2.89 1.91 1.48 1.70 2.15 2.46 3.53 5.00 4.60 2.76 1.56 1.12 0.68 0.84 1.21 1.43 1.68 2.09 2.64 3.20 3.46 3.57 3.77 3.76 3.67 3.91 4.24 4.23 4.08 3.87 15.42 15.47 14.89 13.81 14.54 16.02 19.06
13.55 13.58 11.32 6.55 8.28 20.41 8.76 21.48 18.00 24.59 4.18 21.02 20.04 18.26 16.13 10.62 1.46 12.33 11.46 10.29 3.50 12.64 10.09 1.81 2.23 2.76 10.20 12.01 9.04 6.20 6.25 5.22 4.55 4.32 3.99 3.57 2.94 2.13 2.20 4.55 6.51 5.52 3.61 2.07 1.22 1.38 1.74 2.03 3.34 5.25 5.49 3.93 2.40 1.52 0.57 0.55 0.88 1.18 1.71 2.31 2.94 3.38 3.55 3.87 4.21 4.31 14.38 14.04 13.80 15.59 15.78 16.03 15.74 15.70 14.64 15.06 15.70 14.78 16.34
13.24 14.38 14.82 10.81 24.14 7.01 23.41 22.05 20.68 8.67 6.87 17.58 3.29 15.69 19.74 12.82 1.64 12.01 1.34 9.20 14.08 2.44 11.14 3.14 11.19 9.98 10.26 11.49 5.81 6.17 8.50 7.66 4.85 4.53 4.29 4.14 3.92 3.11 1.86 1.91 3.63 3.92 3.14 2.14 1.42 1.25 1.29 1.57 2.82 4.77 5.89 5.30 3.84 2.40 0.83 0.38 0.88 1.31 1.99 2.71 3.42 3.84 10.94 4.70 5.14 12.95 14.37 13.87 14.23 15.37 15.98 15.92 14.26 15.51 16.31 16.14 16.37 18.95 16.14
12.03 12.46 13.65 12.51 7.46 21.76 6.05 18.02 25.05 8.55 8.87 7.79 17.15 19.22 4.78 13.80 12.60 12.96 1.72 14.18 1.35 11.81 10.24 2.88 11.78 9.12 10.55 13.04 8.74 7.99 13.03 8.88 5.41 4.70 4.30 4.15 4.30 4.19 3.77 3.41 3.33 3.00 2.30 1.98 1.86 1.61 1.44 1.54 2.28 3.75 5.07 5.66 5.43 3.94 1.52 0.29 1.22 1.95 2.65 3.29 3.88 4.42 5.03 5.70 5.99 13.75 14.09 14.36 6.92 6.86 16.36 16.47 16.42 15.48 15.80 16.09 15.79 16.43 16.96
