examples/cougarCreek-fire/createInputs/WindNinja/wrfout_d3.2015081112.f19/cougarCreekFire_08-12-2015_0700_217m_non_neutral_stability_vel.asc
ncols	146
nrows	140
xllcorner	610065.000000
yllcorner	5095217.000000
cellsize	216.586807
NODATA_value	-9999.000000
[rows 105 to 139 of 140, columns 0 to 78 of 146]
12.91 12.23 12.92 12.77 10.37 5.22 25.84 5.43 7.79 16.22 8.55 9.54 8.35 23.91 7.15 6.17 14.00 13.17 1.82 14.48 13.10 2.21 1.82 13.57 14.86 2.94 7.09 3.86 9.91 8.45 5.47 6.01 5.63 4.92 4.33 3.93 3.94 3.95 3.63 3.01 2.25 1.73 1.20 1.34 1.69 1.69 1.64 1.73 2.22 3.36 4.48 5.65 6.82 6.12 2.98 0.55 1.88 2.84 3.50 4.00 4.64 5.32 5.87 6.23 12.81 13.81 15.27 7.03 7.07 6.93 6.70 17.16 16.88 16.51 15.77 15.67 15.86 15.29 13.81
12.80 13.47 14.45 14.33 13.37 11.11 7.89 5.71 23.85 6.73 18.89 7.50 21.55 16.52 6.29 5.85 15.76 13.95 2.82 14.58 13.43 10.26 9.12 2.10 2.73 9.42 3.95 3.48 11.90 4.78 5.10 5.48 5.21 4.74 4.32 3.86 3.55 3.38 3.09 2.56 1.75 1.02 0.56 0.72 1.19 1.43 1.58 1.89 2.52 3.58 4.73 6.01 7.88 8.71 6.09 2.83 3.21 3.91 4.49 5.00 5.65 6.13 6.21 6.12 6.22 6.57 6.89 7.07 7.08 6.87 6.61 6.62 6.81 16.67 16.01 15.46 13.97 14.06 11.94
13.37 13.04 14.48 15.72 15.39 14.55 12.77 9.47 6.26 6.61 18.31 22.76 23.94 4.78 23.18 18.91 4.32 3.91 3.94 2.87 11.87 10.20 2.28 14.42 3.21 3.49 14.59 15.91 4.28 4.82 4.81 4.95 4.72 4.47 4.37 3.99 9.26 9.22 6.22 2.15 1.57 0.87 0.40 0.35 0.78 1.13 1.33 1.55 1.96 2.71 3.83 5.45 7.89 10.22 10.01 7.40 5.44 5.15 5.62 6.14 6.54 6.63 6.39 6.39 6.90 7.38 16.06 16.52 17.46 17.57 18.10 18.02 17.86 17.35 16.54 15.11 14.70 15.41 15.39
12.50 10.44 11.87 14.49 15.29 14.21 13.03 11.57 8.79 25.80 6.18 23.61 5.05 21.26 20.57 17.77 15.33 14.10 12.83 13.79 12.85 3.61 8.52 13.06 12.42 14.79 12.26 11.58 4.82 10.79 4.20 4.46 13.04 4.73 4.45 8.17 3.93 2.89 1.96 1.59 1.42 1.00 0.46 0.05 0.52 10.07 1.04 0.91 0.98 1.31 2.05 3.64 6.09 8.80 10.23 9.39 7.33 6.59 6.76 6.98 7.12 7.10 7.05 7.44 8.07 14.94 16.87 17.80 18.27 18.23 18.47 7.37 17.95 17.84 17.64 17.29 16.87 16.65 16.74
14.22 11.08 11.78 12.62 14.45 14.30 13.01 11.80 10.32 8.86 8.14 7.10 22.88 22.83 22.59 21.04 3.46 16.01 14.73 13.53 11.77 10.88 9.08 17.63 9.78 15.64 16.23 3.98 4.19 14.90 4.33 14.24 4.91 5.00 6.60 4.77 7.80 3.47 2.52 1.99 1.69 1.29 0.75 0.58 10.28 1.16 1.32 1.04 0.95 1.24 1.74 2.33 3.19 5.51 7.10 7.79 7.77 7.69 7.85 7.91 7.94 8.08 8.41 9.02 9.51 9.45 16.31 17.41 18.77 8.19 18.35 7.05 18.04 6.89 7.00 17.51 16.91 16.57 16.67
15.34 14.37 11.49 12.35 12.97 14.73 14.73 13.53 12.20 10.83 10.55 8.43 25.66 8.34 7.73 21.65 18.50 16.60 1.65 19.20 11.39 14.19 19.19 17.62 13.35 12.06 17.11 11.15 15.52 16.05 12.89 3.87 7.93 7.91 7.30 8.25 7.70 3.84 8.58 2.95 2.41 1.76 1.26 9.75 10.02 9.67 1.45 1.60 1.62 1.99 2.41 2.45 2.42 4.08 5.44 6.55 7.81 8.71 9.19 9.35 9.44 9.66 10.14 10.83 11.17 10.81 15.82 16.07 17.81 18.28 18.38 17.34 16.75 17.94 17.16 15.50 15.82 15.46 14.92
13.98 14.38 12.81 9.86 9.64 12.21 14.61 15.07 13.45 10.94 10.89 10.66 10.93 9.52 23.40 24.67 6.88 6.16 5.47 5.86 6.78 5.10 3.82 19.24 14.62 14.98 13.20 16.42 17.19 3.36 8.11 4.12 7.21 7.09 8.09 7.71 3.82 3.37 3.25 8.91 9.21 9.67 9.72 9.40 9.24 9.55 0.64 1.54 2.19 2.74 3.34 3.92 4.54 5.84 7.21 8.36 9.25 9.71 9.84 9.86 10.04 10.39 10.81 11.26 11.14 19.37 18.78 18.29 18.03 17.62 17.72 15.81 14.21 14.58 15.49 16.36 16.63 16.03 16.02
12.81 13.32 12.95 10.07 8.77 8.19 8.75 11.84 13.86 13.56 25.31 11.82 22.31 24.78 22.03 25.42 8.53 9.34 9.51 9.05 7.51 5.24 4.59 17.64 12.49 12.71 13.47 4.37 4.80 12.33 10.26 9.46 9.87 3.94 8.93 7.28 3.57 3.36 8.85 8.58 9.30 8.99 9.40 9.40 9.06 1.72 1.19 1.48 2.38 3.30 4.26 5.28 6.41 7.85 9.19 9.89 10.01 9.78 9.53 9.53 9.78 10.20 10.59 10.66 10.03 9.50 9.51 9.49 19.33 19.32 19.82 19.57 18.60 19.30 18.32 18.10 17.40 17.96 17.29
13.21 13.27 13.29 12.24 9.10 5.83 5.93 7.13 9.88 12.15 10.74 22.06 19.17 19.69 23.38 24.79 8.72 10.17 10.78 9.88 8.00 7.15 5.45 16.91 12.33 12.23 13.65 14.25 12.80 12.78 11.54 10.89 10.06 3.85 3.92 3.66 3.55 7.65 8.70 8.52 8.55 8.69 9.68 9.28 8.72 2.40 2.55 2.66 2.82 3.67 4.74 5.73 6.69 7.75 9.01 9.85 10.07 10.02 9.88 9.90 10.16 10.30 10.19 9.64 8.85 8.30 8.04 7.95 8.01 18.75 18.56 8.26 19.43 19.38 19.22 18.91 19.10 19.00 17.51
13.71 13.61 13.20 12.98 12.23 10.50 8.34 6.64 7.55 7.86 23.73 9.33 10.10 26.57 27.23 22.77 8.39 8.26 7.78 7.04 6.22 6.64 5.89 15.64 12.40 12.18 13.86 13.46 13.74 14.57 14.23 13.51 3.81 3.88 11.51 3.32 9.38 8.78 8.36 8.76 8.55 9.44 8.92 2.87 3.05 3.10 3.49 3.73 3.60 4.08 5.00 5.78 6.28 6.77 7.57 8.62 9.61 10.24 10.52 10.57 10.48 10.06 9.31 18.31 18.03 18.04 17.97 18.38 18.36 19.02 19.32 19.12 18.98 18.68 18.26 19.20 18.71 21.06 20.39
13.64 14.18 14.42 14.15 14.46 14.89 14.26 12.09 9.42 6.60 5.82 8.35 25.13 27.53 12.30 10.21 10.18 9.03 7.65 6.54 18.96 21.36 17.35 14.88 11.51 10.90 18.57 13.41 13.48 13.14 21.59 11.74 10.50 10.55 3.28 3.38 8.95 8.90 3.95 9.53 8.79 8.41 7.85 7.25 7.05 3.97 4.04 4.23 4.25 4.62 5.45 6.00 6.19 6.18 6.08 6.44 7.51 8.86 9.74 9.71 9.07 8.51 8.02 7.43 16.41 17.55 17.94 18.33 18.61 17.54 18.06 17.69 17.37 19.43 17.80 18.18 18.21 17.73 16.93
12.92 13.98 15.26 15.24 14.69 13.89 13.52 13.79 13.65 12.30 9.32 8.44 27.74 24.94 12.05 13.11 12.21 10.25 9.87 8.68 7.80 19.38 14.57 12.95 12.84 21.60 16.10 14.11 13.04 19.71 20.72 11.04 10.16 10.67 3.54 10.70 9.68 10.20 4.00 9.57 8.70 8.19 7.96 7.69 8.37 9.13 4.52 4.64 4.89 5.41 6.06 6.41 6.42 6.13 5.61 5.45 5.87 6.64 7.25 7.33 7.12 7.01 6.88 17.35 16.48 16.75 16.93 17.01 17.54 17.42 19.11 18.15 19.20 19.17 18.29 18.45 17.44 16.57 15.32
11.86 12.56 13.92 14.49 14.03 12.78 12.40 13.69 15.15 15.71 14.11 8.87 7.83 12.09 13.23 13.65 13.13 12.68 11.73 10.79 10.37 21.23 17.66 13.32 15.38 8.30 16.61 16.37 15.18 18.79 21.54 11.29 10.24 10.83 10.58 10.08 4.88 4.22 10.63 9.58 8.99 8.18 7.71 7.59 8.02 9.77 9.96 5.32 5.66 6.09 6.46 6.53 6.30 5.97 5.51 5.24 5.33 5.26 5.13 5.35 5.77 6.14 17.05 6.57 16.28 17.06 17.15 16.72 17.30 19.57 19.79 19.11 19.40 18.92 18.42 16.72 17.91 17.66 16.95
12.74 11.62 12.72 13.98 14.85 15.31 15.41 15.20 15.64 17.09 18.44 18.55 17.68 15.41 24.26 12.34 12.79 12.18 11.71 11.62 10.99 18.53 9.53 12.12 9.45 10.67 15.59 16.64 21.74 19.49 15.73 12.75 11.20 11.76 12.53 13.09 13.82 12.36 10.69 9.11 8.98 8.31 7.94 8.28 10.14 5.51 10.63 8.92 6.22 6.39 6.55 6.29 5.97 5.85 5.63 5.36 5.22 5.02 4.76 4.70 14.74 15.83 5.78 5.91 16.77 17.96 17.22 16.71 17.98 19.51 18.94 17.64 18.44 18.02 17.88 16.83 17.20 17.39 17.26
12.42 11.76 12.75 14.17 15.31 16.26 16.99 16.84 16.40 15.85 16.74 18.06 17.98 15.55 13.22 21.64 11.43 11.66 24.59 11.26 26.08 19.41 19.63 10.66 10.04 20.30 18.72 20.85 20.48 23.43 14.14 15.11 13.53 13.17 14.00 14.20 13.74 12.50 10.39 8.75 8.76 9.26 9.22 10.33 10.26 10.35 9.26 9.33 10.65 6.47 6.44 6.11 5.91 5.95 5.86 5.56 5.13 4.84 13.94 14.60 15.04 15.45 16.85 16.31 16.83 17.33 17.50 16.79 17.11 18.45 19.04 19.28 19.31 17.83 17.22 16.64 18.34 18.97 21.64
11.70 12.37 13.80 15.15 16.33 17.23 17.52 17.17 16.10 16.05 13.78 13.54 13.49 13.26 12.29 12.61 23.44 23.08 21.93 24.31 24.64 10.84 20.35 20.84 18.66 17.38 23.06 22.95 15.49 15.34 17.15 9.20 15.74 14.25 15.78 15.65 14.72 12.47 10.30 9.88 10.38 12.13 11.47 11.25 10.97 9.60 9.36 10.68 10.35 9.86 10.50 6.20 5.94 5.90 5.66 5.20 13.59 13.89 14.22 14.35 14.67 15.82 15.71 16.43 16.84 16.75 16.91 19.38 17.72 17.62 19.60 19.03 18.52 18.48 18.29 18.75 18.80 17.90 17.55
12.44 12.45 13.79 14.74 16.24 17.36 17.24 16.30 15.42 14.97 14.43 14.05 13.97 14.09 13.72 11.58 23.77 22.79 19.69 24.69 23.42 21.08 17.66 20.31 22.00 24.08 24.32 20.85 18.95 11.74 27.15 17.45 17.04 16.18 18.22 17.69 15.27 13.55 12.78 10.98 14.12 13.93 12.49 10.82 10.21 9.92 10.69 11.86 10.91 9.95 10.41 10.98 11.66 12.48 12.87 13.08 13.38 13.69 14.39 14.59 14.17 14.82 16.06 16.27 5.45 5.94 16.93 18.91 16.98 17.34 17.74 19.08 19.14 19.04 17.08 18.19 16.42 17.50 16.22
12.74 12.50 13.00 14.40 13.00 13.09 15.30 14.57 14.86 15.50 17.36 15.97 15.89 15.96 16.14 15.96 14.07 23.34 13.89 31.03 24.64 24.31 23.11 23.70 13.28 11.95 28.24 18.85 16.19 12.06 24.40 17.77 19.06 19.65 21.32 19.92 17.72 16.76 16.52 16.49 18.74 16.71 12.94 11.70 10.91 11.18 13.27 13.54 12.19 10.58 10.42 10.96 11.91 12.87 13.14 13.43 13.76 14.11 14.36 15.06 13.85 14.64 15.78 16.82 5.28 5.52 17.84 18.64 18.70 17.62 17.12 16.71 17.07 16.79 16.61 17.72 17.39 17.40 17.39
13.73 12.74 12.38 11.84 12.39 11.89 13.40 13.25 14.53 15.79 17.39 16.49 16.23 16.37 16.95 17.63 17.23 23.76 19.17 31.33 26.54 26.22 26.17 26.35 15.10 14.92 25.54 15.43 15.59 15.15 16.79 23.35 23.52 22.44 22.16 20.42 19.65 20.49 20.82 21.03 21.05 18.36 16.53 15.14 13.96 13.56 14.90 13.93 12.54 10.96 10.56 11.57 13.33 13.44 13.52 13.25 13.47 13.98 14.21 14.84 13.62 13.60 14.17 16.10 15.54 5.09 5.24 17.77 18.03 19.48 19.48 18.42 18.05 17.47 18.32 18.53 17.35 16.44 17.97
13.34 11.93 11.17 11.82 11.07 12.91 13.82 13.72 15.37 16.35 16.56 18.58 16.82 17.22 17.08 16.84 17.74 18.15 22.43 19.02 27.67 26.73 27.62 27.77 17.03 17.84 17.18 17.76 17.57 16.58 15.51 26.40 24.49 21.38 20.78 19.34 18.52 19.32 20.13 20.52 20.56 19.56 19.21 18.61 18.48 18.26 16.52 14.83 12.91 12.36 12.28 13.71 13.67 13.76 13.82 13.61 13.56 13.48 13.71 14.36 13.32 13.13 15.22 15.46 15.30 5.07 4.83 16.73 18.72 19.20 19.89 20.46 20.32 20.10 19.68 17.83 17.22 16.47 17.23
12.70 11.78 10.68 10.44 13.12 13.47 14.22 14.49 16.51 17.62 17.90 18.00 18.16 18.36 18.34 17.93 18.21 19.14 19.52 21.85 19.09 29.32 28.88 27.94 28.19 27.17 19.28 19.51 31.40 18.81 17.31 26.94 22.91 21.35 17.29 16.32 17.23 17.05 17.29 17.40 18.58 17.84 17.89 19.19 19.88 19.12 17.80 16.98 14.60 14.24 13.68 14.40 14.29 13.04 13.17 12.56 12.71 13.13 13.48 14.19 14.34 14.34 16.00 16.19 17.00 15.79 15.30 15.03 16.45 7.30 19.75 20.49 19.76 18.63 18.67 18.36 16.90 15.87 16.72
12.88 12.31 11.48 12.19 13.12 14.78 15.87 16.93 17.73 18.20 18.81 19.07 18.48 18.19 18.91 19.84 20.23 39.36 18.93 32.65 25.65 33.79 30.16 26.65 20.22 27.00 29.36 30.21 29.38 29.22 17.69 16.19 23.97 19.10 16.62 16.46 17.91 17.26 17.48 19.47 18.43 17.40 17.40 17.98 17.57 17.44 18.25 19.27 17.17 15.36 13.84 13.53 13.11 12.51 12.07 11.97 11.68 3.34 3.69 4.04 4.60 4.81 4.92 5.17 6.01 6.29 15.57 6.31 7.35 8.08 20.12 20.09 18.90 17.52 6.24 16.84 16.92 14.61 15.60
11.61 11.88 13.71 13.62 15.36 17.32 17.69 18.55 20.38 17.37 16.98 17.59 20.30 18.36 19.27 20.48 20.91 21.25 29.98 30.99 31.45 35.26 29.87 29.53 24.06 31.04 35.57 36.06 20.23 19.24 26.84 29.99 23.56 19.52 16.92 15.47 16.70 17.61 18.11 18.22 17.80 16.38 17.26 16.81 14.79 16.47 18.13 17.99 17.10 15.08 14.35 13.51 12.55 3.30 3.12 3.10 3.17 3.41 3.84 4.41 4.90 5.24 5.75 6.15 6.58 6.98 7.54 7.95 7.19 5.51 18.30 17.42 17.54 17.15 15.08 18.65 16.17 14.30 14.74
12.62 12.92 13.53 15.23 16.08 13.75 13.79 16.44 16.86 16.42 14.49 16.08 17.81 18.87 19.30 19.24 19.16 20.47 19.85 30.53 36.28 31.52 32.31 34.17 34.91 34.16 34.57 22.59 20.39 17.28 27.50 26.30 23.90 18.70 16.38 17.13 18.96 20.78 18.90 17.57 15.95 11.81 11.29 10.95 10.95 16.53 17.51 17.11 8.34 7.87 7.19 6.36 5.64 5.07 4.57 4.27 4.10 4.23 4.66 5.15 5.78 6.33 6.62 6.88 7.13 7.27 7.67 18.35 19.36 4.90 4.40 17.58 17.12 17.17 15.49 18.26 15.51 14.00 13.01
14.08 13.97 14.17 15.56 15.37 14.03 13.96 13.74 14.22 14.27 13.98 16.21 17.64 20.93 17.63 17.00 17.29 18.62 20.23 20.53 37.66 31.74 33.38 39.75 40.51 39.63 36.03 24.73 20.70 18.06 30.07 24.25 21.70 17.48 15.50 17.60 20.25 19.02 17.83 17.17 14.29 14.06 13.93 13.82 13.47 12.85 12.03 10.94 9.84 9.13 9.10 9.35 9.16 8.43 7.49 6.53 5.82 5.47 5.61 6.29 7.33 8.05 8.25 8.22 8.09 7.83 7.44 6.72 5.97 5.47 5.27 5.30 4.14 15.73 15.79 16.35 16.29 14.32 14.17
16.26 15.65 14.81 14.72 15.94 15.23 15.00 14.79 14.73 13.75 15.21 17.74 18.98 18.88 18.75 16.60 19.57 18.82 20.48 22.48 23.43 35.44 33.38 40.15 40.64 34.48 41.69 33.35 21.52 31.74 28.93 26.18 24.15 19.91 17.31 17.83 19.43 19.58 17.91 17.62 17.36 17.42 17.46 17.03 16.26 15.49 14.68 13.35 12.08 11.28 11.09 11.09 10.98 10.79 10.48 9.94 9.03 8.06 7.67 8.46 9.78 10.35 10.21 9.85 9.46 8.99 8.40 7.82 7.29 6.61 6.10 5.81 16.71 4.20 15.09 15.88 16.13 15.95 15.53
18.98 17.38 15.65 15.37 15.25 15.15 15.86 15.94 15.95 16.85 17.50 17.07 19.66 19.28 20.08 18.45 19.23 21.76 22.94 24.84 25.36 24.74 36.47 40.80 38.43 41.01 34.22 32.19 20.04 32.66 28.56 25.93 25.43 21.33 20.82 22.43 22.28 19.86 20.95 21.50 21.63 21.43 20.67 19.51 18.30 22.80 21.85 14.67 14.28 13.90 13.29 12.71 12.51 12.81 13.32 13.62 13.58 13.37 13.36 13.74 13.88 13.06 11.86 11.15 10.87 10.34 9.64 8.84 8.09 7.27 6.61 6.01 5.54 15.29 14.94 16.45 14.65 14.32 14.64
21.92 19.42 16.52 15.66 14.72 15.37 15.45 15.76 17.27 17.88 18.98 17.91 20.08 20.58 20.51 25.04 21.35 22.92 24.67 25.70 26.00 26.03 25.45 43.85 35.85 39.58 37.78 40.96 37.32 30.35 27.61 26.75 24.93 20.53 16.26 14.46 19.82 23.37 25.34 25.86 25.29 28.52 27.34 25.26 24.97 24.40 16.98 15.93 15.38 14.56 13.75 13.31 13.43 14.32 15.56 16.62 17.68 18.85 19.61 19.18 17.33 14.65 12.74 11.52 10.94 10.23 9.84 9.07 8.57 7.86 7.15 6.65 6.04 5.50 4.96 4.57 14.82 4.23 13.86
24.78 21.09 17.09 15.94 14.69 14.64 14.99 16.55 16.94 18.06 18.92 19.44 19.75 21.12 21.34 22.17 22.84 35.21 24.68 25.39 25.96 26.45 26.49 43.37 38.13 28.78 39.53 37.81 34.92 31.22 30.88 28.84 19.54 18.36 21.66 26.19 30.44 32.04 30.49 33.49 32.25 31.50 27.66 20.46 25.78 25.85 18.08 17.03 15.74 14.32 13.46 13.47 14.14 15.45 17.14 18.88 20.39 21.31 21.16 19.90 17.74 15.21 13.29 11.72 10.37 9.63 9.23 8.59 7.99 7.58 7.16 6.95 17.42 16.49 15.74 14.10 5.03 13.83 11.51
25.61 21.18 16.71 15.44 13.53 13.39 12.79 14.86 17.61 19.17 20.18 20.73 21.20 22.58 22.66 24.17 24.11 26.40 25.35 26.09 27.01 27.60 27.82 28.17 40.49 29.34 28.44 41.86 37.87 36.41 34.25 22.96 22.49 28.17 34.76 38.17 38.76 37.05 33.60 40.34 33.59 30.11 22.25 21.96 21.79 20.83 19.49 18.27 17.07 15.94 15.02 14.39 14.72 16.56 18.55 19.90 20.38 19.44 17.70 16.78 16.54 15.57 13.86 11.93 10.24 9.26 8.82 18.99 8.03 7.68 7.02 6.12 15.40 17.42 17.03 16.67 16.38 5.37 14.98
26.13 20.62 15.99 14.71 11.97 11.82 12.17 17.14 21.33 21.37 21.00 21.43 22.80 23.76 24.49 25.34 24.99 25.90 26.78 27.83 28.95 29.22 28.78 28.05 41.32 40.93 28.84 43.04 38.59 35.91 26.75 26.82 31.74 39.11 42.85 41.76 38.88 34.68 30.14 39.16 32.34 23.76 23.19 23.17 28.48 21.98 20.76 19.58 18.61 17.87 16.87 15.48 15.61 17.74 19.05 18.69 17.36 15.03 13.14 13.14 13.91 14.10 13.21 11.86 10.46 9.29 8.71 8.56 8.38 7.87 6.92 14.01 13.31 13.10 5.07 15.77 16.49 4.59 14.59
25.85 21.34 15.00 13.71 11.75 14.81 21.02 25.04 24.77 22.76 21.92 22.29 22.79 23.52 25.64 26.39 27.13 26.66 27.51 28.37 28.80 39.86 28.06 27.64 27.33 30.61 39.98 40.81 39.91 31.30 31.97 35.84 40.77 43.22 40.87 37.58 33.84 28.95 25.29 35.64 24.21 23.98 24.09 24.02 28.72 22.10 21.27 20.44 19.53 18.46 17.82 18.11 18.75 19.37 18.52 16.43 13.91 11.45 10.14 10.26 10.64 10.99 11.19 10.88 10.13 9.38 8.76 8.17 7.87 7.42 13.96 14.40 13.03 12.66 12.14 13.28 15.07 14.91 15.24
22.43 20.73 16.33 12.05 13.44 17.11 23.77 24.45 21.98 21.27 21.86 22.73 24.35 24.26 26.37 26.96 28.11 27.22 27.72 29.97 27.53 27.14 27.01 27.40 28.35 28.95 31.15 44.55 40.34 34.15 37.53 41.41 42.39 39.55 35.39 32.35 27.69 22.57 21.14 30.71 27.36 24.14 24.55 24.33 23.53 22.57 21.94 21.49 20.79 19.78 20.24 22.22 22.69 20.97 17.89 14.56 11.51 9.07 7.73 7.56 7.87 8.15 8.44 8.76 8.64 8.18 7.62 7.02 6.62 6.41 5.67 5.13 15.80 15.53 11.30 12.55 13.24 12.65 15.66
18.75 18.60 16.43 10.52 13.24 17.82 21.82 19.94 17.38 18.46 20.79 22.71 24.03 25.02 25.75 27.62 26.79 29.06 27.39 28.61 27.31 27.08 26.84 27.49 28.86 30.09 31.91 32.80 42.35 35.76 37.17 37.35 35.10 31.17 28.14 24.72 21.13 17.78 30.74 26.57 24.19 25.42 27.78 27.29 24.17 23.60 23.56 23.95 24.06 23.96 24.10 23.72 22.10 19.50 15.89 12.56 9.62 7.36 6.09 5.60 5.71 6.03 6.27 6.49 6.55 6.37 6.05 5.63 13.75 4.65 15.46 14.43 15.24 14.31 14.11 12.65 13.07 10.92 12.33
18.26 17.28 15.59 11.08 14.23 18.44 20.56 18.07 15.92 17.55 20.48 22.78 24.33 25.41 26.15 26.62 26.87 26.99 27.11 27.26 27.52 27.33 27.08 27.81 29.11 30.49 32.53 34.66 45.34 35.51 34.40 31.45 35.37 26.30 23.81 21.62 16.95 15.03 25.25 25.18 25.42 26.54 26.21 24.96 24.14 24.22 24.63 25.69 26.65 26.94 25.80 23.04 19.88 17.13 13.97 11.03 8.68 6.47 5.38 4.94 4.80 5.04 5.25 5.42 5.41 5.46 5.37 4.70 4.06 12.90 12.09 11.42 2.78 14.42 11.18 12.30 12.19 11.62 12.26
