examples/cougarCreek-fire/createInputs/WindNinja/wrfout_d3.2015081112.f20/cougarCreekFire_08-12-2015_0800_217m_non_neutral_stability_vel.asc
ncols	146
nrows	140
xllcorner	610065.000000
yllcorner	5095217.000000
cellsize	216.586807
NODATA_value	-9999.000000
[rows 0 to 34 of 140, columns 0 to 78 of 146]
13.24 11.34 12.67 11.09 13.32 8.50 11.68 13.82 14.40 13.80 13.06 12.61 12.10 11.16 14.87 12.07 15.04 17.26 18.04 21.29 23.43 23.01 19.75 15.48 12.45 11.91 12.23 12.20 12.62 12.88 11.83 13.46 13.21 15.15 16.09 16.59 16.23 14.72 13.02 12.30 11.98 11.90 12.35 13.01 12.81 11.70 10.04 9.09 9.14 6.18 10.30 8.46 15.38 17.31 20.53 21.84 21.23 15.32 20.68 21.17 20.20 18.56 19.73 19.69 18.68 17.09 18.15 22.50 26.23 27.65 26.28 21.95 17.85 17.64 21.64 23.95 21.60 22.11 26.86
13.24 11.34 12.67 11.09 13.32 8.50 11.68 13.82 14.40 13.80 13.06 12.61 12.10 11.16 14.87 12.07 15.04 17.26 18.04 21.29 23.43 23.01 19.75 15.48 12.45 11.91 12.23 12.20 12.62 12.88 11.83 13.46 13.21 15.15 16.09 16.59 16.23 14.72 13.02 12.30 11.98 11.90 12.35 13.01 12.81 11.70 10.04 9.09 9.14 6.18 10.30 8.46 15.38 17.31 20.53 21.84 21.23 15.32 20.68 21.17 20.20 18.56 19.73 19.69 18.68 17.09 18.15 22.50 26.23 27.65 26.28 21.95 17.85 17.64 21.64 23.95 21.60 22.11 26.86
12.91 13.96 15.72 12.19 17.69 18.42 13.68 12.94 22.38 21.67 20.07 18.47 13.37 9.14 17.79 15.80 15.81 15.31 17.53 18.05 20.07 21.74 21.35 17.70 13.51 12.39 15.41 15.28 10.75 9.44 8.11 15.70 14.16 15.22 15.43 16.48 11.10 5.37 10.03 0.40 2.89 3.14 0.36 0.70 4.13 9.87 4.70 4.13 6.14 8.36 7.15 5.43 9.51 18.65 20.64 21.48 21.23 16.50 21.47 21.23 18.98 14.74 17.11 17.75 18.36 15.16 20.99 25.01 25.56 28.29 25.54 21.12 12.73 19.90 24.25 24.72 23.45 25.13 28.29
3.51 12.02 16.27 16.02 14.53 15.23 18.71 19.40 21.27 15.80 19.30 18.08 12.79 9.22 11.93 10.00 13.40 15.81 16.54 14.49 15.32 19.73 24.14 21.25 15.88 10.45 12.14 14.80 12.04 10.12 9.41 11.33 14.80 14.27 13.63 14.65 14.11 9.50 5.35 3.63 2.10 1.64 2.94 3.23 5.64 5.94 3.24 1.66 4.32 7.03 8.96 11.88 15.33 19.25 20.30 19.92 20.05 14.26 16.27 16.26 16.86 16.95 18.72 20.31 20.44 18.13 26.82 24.41 29.60 27.88 23.59 15.54 22.79 26.85 30.61 28.77 27.64 29.66 31.04
6.44 17.62 15.21 18.06 15.85 16.43 11.55 18.73 10.41 12.38 22.95 21.20 17.06 12.96 7.33 9.41 12.76 14.56 16.49 16.75 15.01 17.75 22.75 18.69 18.97 14.10 10.01 16.45 12.81 10.97 9.84 8.33 13.93 12.64 12.08 13.02 14.02 11.64 7.17 3.92 1.40 2.60 2.00 3.40 6.81 7.67 4.77 4.26 6.15 10.60 14.96 16.90 17.59 19.15 19.44 18.15 12.26 16.63 15.29 24.47 21.92 19.82 21.11 24.17 21.49 28.65 25.43 30.19 28.17 25.76 19.20 27.13 30.49 33.90 32.10 33.91 30.70 30.21 33.67
5.84 17.56 13.27 20.86 16.41 16.03 17.42 19.75 20.16 20.67 22.05 23.96 16.50 15.03 7.60 5.68 12.44 14.02 15.30 12.64 14.64 15.90 20.46 27.06 16.88 16.24 10.29 15.80 13.90 11.60 8.20 9.37 13.32 11.56 11.80 12.13 12.47 11.54 5.60 2.48 0.86 1.94 1.96 4.24 4.14 6.20 8.06 8.25 11.17 15.65 16.97 17.05 19.01 19.60 17.35 12.98 12.23 18.72 24.46 19.36 22.87 22.80 24.54 23.53 28.58 25.67 29.92 29.11 25.96 20.26 29.61 29.06 31.07 34.31 32.02 29.41 26.39 29.54 35.50
13.99 18.49 12.46 14.33 18.72 14.85 15.29 11.24 20.17 20.37 21.63 23.72 21.62 16.21 12.54 5.19 12.90 13.65 10.48 12.60 14.25 16.74 19.92 23.45 21.14 18.00 12.73 13.85 14.22 9.87 5.76 10.71 12.80 8.58 10.11 12.23 10.92 10.95 6.90 3.84 3.26 1.76 3.78 4.97 2.89 8.19 10.20 12.58 17.42 16.89 17.00 17.28 18.70 17.96 13.89 15.63 17.10 17.83 20.59 21.82 22.48 25.25 25.71 21.49 27.33 29.48 29.91 27.74 23.17 30.31 29.33 33.53 32.62 29.43 27.11 23.36 28.31 31.50 35.92
16.82 18.62 19.31 19.98 18.24 16.88 17.52 19.17 19.81 9.80 21.16 22.95 22.31 14.40 10.39 6.81 9.42 10.12 15.06 11.31 13.73 15.38 18.24 22.44 23.08 19.07 13.38 16.46 14.57 11.36 6.75 13.01 9.08 5.93 10.74 12.32 10.56 9.57 7.46 5.99 4.92 2.07 3.56 3.08 5.07 9.94 12.11 14.62 15.88 16.04 16.58 15.68 16.56 15.37 14.84 17.32 17.25 19.28 20.78 22.41 23.68 24.11 20.92 28.84 26.75 29.49 29.15 27.94 26.50 29.36 32.06 30.32 29.04 23.21 27.74 23.62 29.26 31.78 35.91
15.69 17.67 14.93 16.72 17.34 16.18 16.27 17.35 20.01 21.05 21.52 11.67 13.87 17.89 14.28 10.85 6.55 10.29 11.80 10.27 13.17 14.17 15.28 20.25 28.27 20.81 14.82 15.91 13.70 7.64 7.88 11.95 7.20 6.86 12.09 11.19 10.18 9.92 10.91 11.05 7.60 2.07 2.33 3.81 8.38 9.63 11.01 11.44 11.86 12.56 12.40 16.79 19.15 17.26 17.08 16.15 15.29 18.56 21.03 22.41 21.49 20.93 22.48 24.92 28.71 29.16 29.15 28.20 29.31 32.34 30.10 25.74 25.30 30.47 27.24 26.59 27.68 31.94 38.77
14.82 16.58 16.33 18.52 16.90 19.73 18.47 17.78 18.55 18.01 19.09 21.44 21.91 20.03 12.99 9.79 7.36 5.44 14.64 9.05 12.46 13.48 14.35 18.05 24.12 20.32 16.71 13.61 16.15 10.96 7.65 11.71 9.67 9.40 11.70 10.21 9.80 11.40 11.12 11.02 7.39 4.58 4.63 1.95 8.19 9.05 9.33 9.37 11.40 12.17 14.47 17.74 18.20 15.35 12.74 12.73 14.83 17.15 19.12 17.90 17.84 27.14 25.40 28.48 28.74 28.06 28.63 28.93 30.76 31.74 29.10 31.99 33.16 30.35 28.51 29.43 30.63 37.60 43.85
9.44 13.87 16.00 16.28 16.99 17.31 18.58 19.63 19.34 19.16 19.98 19.70 19.68 20.76 14.37 12.46 9.67 5.40 14.50 16.21 12.58 20.39 12.93 15.27 22.59 24.41 19.22 12.38 15.92 9.21 6.13 11.39 8.07 8.93 12.02 11.57 12.27 12.17 11.56 11.93 6.96 7.80 4.60 8.51 10.16 8.42 11.38 10.68 12.70 13.87 15.24 15.72 13.14 8.87 9.06 12.06 14.46 16.23 16.46 17.75 22.72 23.49 27.90 28.94 27.46 28.57 30.71 31.24 32.23 33.14 31.26 31.78 31.57 32.03 29.81 33.84 37.16 43.24 46.13
10.13 11.30 10.84 14.07 14.45 15.88 17.45 19.65 19.86 19.42 19.67 19.29 18.11 19.74 17.39 17.91 13.35 7.08 12.42 17.48 12.02 21.60 12.43 12.97 20.14 27.22 20.80 15.44 17.39 9.35 7.57 12.15 9.71 11.36 13.03 12.12 12.52 12.22 12.41 12.74 12.76 6.12 10.14 3.75 5.64 7.46 12.58 12.61 13.93 14.48 14.42 12.11 9.30 8.59 11.06 14.61 15.18 16.78 18.15 21.91 22.21 26.42 28.06 27.37 27.90 30.92 30.23 30.33 30.63 31.54 32.20 31.45 34.36 31.23 35.40 37.36 41.74 45.06 45.05
10.33 11.65 11.35 9.96 12.32 12.42 17.05 18.87 19.50 21.57 19.48 19.14 18.19 17.97 14.75 15.24 12.63 15.53 16.69 19.85 20.90 23.11 22.89 12.77 17.68 24.46 22.06 16.60 17.09 12.54 9.65 11.02 12.12 4.20 13.79 13.43 13.76 12.50 11.39 10.17 15.40 6.46 2.71 11.74 5.58 12.16 12.94 13.24 15.59 12.85 10.73 10.86 8.96 9.46 14.27 16.45 16.29 18.20 19.82 20.33 24.64 25.71 26.86 26.94 27.00 26.75 26.04 25.61 25.92 27.08 29.54 32.58 31.71 31.78 37.39 40.21 43.76 44.39 42.85
7.85 8.36 13.44 17.06 15.09 13.49 15.07 9.63 8.38 10.88 20.09 21.05 21.56 20.12 16.50 15.94 13.21 13.58 18.93 20.21 22.15 23.97 23.41 22.90 16.65 23.30 21.05 19.93 15.50 12.63 7.84 11.45 13.15 14.62 14.12 14.12 14.51 14.37 6.50 10.53 12.36 6.75 1.27 3.45 12.10 13.68 13.32 16.23 16.05 13.68 10.82 10.53 11.11 11.24 16.44 17.18 18.50 20.38 20.90 22.60 23.51 22.24 22.68 24.79 25.12 24.99 23.63 23.28 23.91 23.84 30.20 33.72 35.96 38.03 39.99 42.05 42.83 41.09 39.26
7.34 12.27 12.49 17.74 17.47 17.33 16.20 17.56 17.84 8.42 11.24 22.45 22.50 23.89 25.82 19.68 16.33 11.43 15.93 19.44 21.34 23.94 24.42 25.72 16.67 21.76 24.17 20.45 16.14 12.71 8.98 12.33 16.72 15.49 15.80 14.09 15.41 15.24 7.29 11.46 11.91 5.41 1.45 11.38 16.19 13.63 16.53 16.57 18.56 17.33 11.67 11.94 13.57 14.09 17.25 16.25 18.64 20.53 19.91 20.65 21.85 21.97 22.30 22.09 21.77 20.40 21.16 21.85 23.02 30.33 31.02 35.64 35.93 38.22 39.66 40.20 39.14 36.83 35.10
17.26 17.86 18.09 18.98 18.77 17.56 16.19 14.43 15.80 18.10 12.31 21.77 22.05 21.60 24.08 24.78 20.46 15.62 14.74 18.68 18.95 22.98 24.93 23.79 28.06 31.01 26.49 22.06 16.11 12.51 10.83 16.45 17.43 5.51 16.41 16.32 14.80 6.79 9.39 12.13 7.86 4.30 1.52 13.69 17.40 16.79 16.09 19.31 19.65 18.03 11.44 14.71 17.03 16.55 15.87 16.56 19.80 19.40 17.41 18.62 19.75 19.70 18.26 18.92 20.27 22.59 25.45 25.45 29.14 31.85 35.57 33.38 33.23 34.31 35.37 35.27 34.63 33.71 35.33
18.01 18.67 18.05 16.48 17.51 16.17 16.45 15.45 14.52 16.58 18.89 21.81 20.09 19.02 21.51 16.83 19.88 17.79 18.99 23.04 21.33 25.25 26.03 20.29 24.76 29.71 28.27 21.40 17.74 9.33 13.76 17.18 14.33 19.03 16.02 17.48 5.03 7.38 10.75 18.59 9.23 3.86 2.15 5.96 16.65 16.39 18.30 20.21 20.82 18.38 15.23 18.27 18.75 18.25 15.81 18.19 20.59 16.38 17.28 18.35 19.14 18.71 19.46 21.83 23.21 26.72 28.53 27.75 31.50 34.40 32.85 29.46 29.61 30.64 30.79 30.20 30.41 31.36 31.97
18.80 19.20 18.81 16.73 15.82 19.07 18.19 17.17 15.49 13.98 17.65 19.62 19.11 14.59 19.96 11.35 14.85 15.80 22.33 17.29 25.13 28.05 27.90 23.48 21.62 28.12 28.53 21.69 16.94 11.94 17.71 17.72 17.75 18.46 15.48 15.32 5.18 7.97 10.95 16.79 8.72 4.10 3.24 15.50 17.42 19.06 19.82 23.78 21.87 22.11 21.47 20.68 19.73 17.18 15.24 18.94 18.51 14.15 17.66 16.89 17.20 19.48 21.93 24.20 25.82 29.44 31.26 31.38 31.10 30.04 29.44 26.38 27.12 29.79 31.39 32.13 28.78 29.10 30.00
16.46 18.16 17.64 16.47 14.60 16.83 17.80 17.04 15.33 13.96 16.86 18.70 19.01 20.94 22.38 22.22 22.03 22.48 21.86 23.67 26.36 29.46 30.32 25.28 23.84 29.18 27.43 20.71 15.54 15.81 18.80 17.99 20.05 7.98 15.81 15.68 6.24 8.64 17.45 17.86 14.45 16.10 4.01 6.78 18.52 23.14 25.04 24.52 23.41 21.92 22.85 21.58 21.00 14.52 17.06 19.36 14.44 14.26 17.04 15.67 16.88 20.55 23.52 24.33 26.05 28.28 29.61 25.88 27.54 27.50 24.99 25.74 27.60 28.45 29.69 31.89 31.04 27.88 27.08
11.85 14.75 15.22 14.88 13.87 13.92 15.77 15.72 14.84 13.29 16.51 16.58 21.79 21.09 20.90 17.98 20.37 22.33 21.69 24.86 25.14 24.48 26.49 33.27 31.03 30.66 27.19 19.85 17.54 19.18 19.10 20.87 17.10 19.00 6.93 6.74 8.23 9.83 17.78 16.94 15.66 15.13 4.74 7.92 20.43 24.00 25.18 27.09 24.90 23.73 22.56 22.34 14.14 18.80 19.64 16.23 15.92 16.37 16.29 16.94 18.15 21.00 21.90 21.90 25.17 26.23 25.54 26.34 26.10 25.30 25.59 28.12 29.70 30.68 31.75 33.82 32.56 29.44 28.75
8.01 11.09 13.74 13.81 14.53 14.59 16.12 16.94 15.95 14.38 17.46 17.33 16.43 18.43 20.50 19.40 16.56 20.73 20.59 25.46 24.25 22.99 24.51 24.69 34.90 35.54 29.64 20.92 19.35 19.55 20.69 22.07 14.75 19.75 8.38 8.85 10.03 11.29 12.92 15.67 10.20 6.92 6.50 8.95 21.45 22.08 23.50 24.28 27.39 28.01 24.47 23.19 17.60 21.73 15.53 14.09 17.64 18.03 18.11 17.43 18.58 21.04 20.81 21.59 24.68 25.89 25.73 25.24 25.03 27.18 27.29 29.22 30.24 29.34 30.59 32.46 31.00 29.52 29.65
5.92 9.30 11.53 13.79 12.58 14.18 14.62 16.18 16.06 13.93 16.90 18.86 14.31 14.14 16.74 20.13 21.44 24.02 20.34 23.29 25.93 22.82 27.05 32.27 38.95 40.24 31.49 25.99 22.76 21.01 23.75 19.46 14.29 21.40 10.28 10.53 19.53 12.04 23.01 13.12 10.46 7.69 8.37 10.23 22.05 25.67 27.94 25.26 29.13 25.17 27.12 22.82 22.70 18.68 15.93 17.94 19.05 20.21 20.19 17.13 18.96 21.14 21.01 22.69 24.37 25.11 24.74 25.54 24.50 24.91 25.00 27.53 30.28 31.81 30.85 28.66 27.91 30.28 31.04
13.40 14.72 16.67 15.74 14.34 16.34 16.55 18.91 17.71 15.76 16.51 17.77 14.32 10.78 16.63 18.07 19.84 21.78 22.56 27.06 27.28 24.64 24.75 29.03 39.02 43.19 35.28 29.70 24.73 20.52 21.64 17.52 15.44 24.02 10.63 11.32 11.58 12.95 22.47 12.97 9.37 7.80 9.57 11.38 23.52 23.65 24.27 26.96 30.51 28.93 27.80 17.65 15.90 15.25 17.88 20.30 18.78 19.98 18.81 18.01 20.71 21.11 21.15 22.04 22.42 22.68 22.26 22.65 22.84 22.94 25.11 28.87 30.76 27.28 30.65 28.54 28.16 30.27 30.45
11.15 13.70 17.35 10.22 18.69 18.51 18.32 18.13 18.66 16.60 15.08 18.05 18.44 13.21 12.86 17.22 18.78 22.30 25.15 24.59 24.07 23.56 23.74 21.06 29.03 48.47 40.52 32.11 25.43 19.54 22.33 21.47 16.95 23.06 17.59 12.07 12.71 14.16 24.63 12.76 8.12 7.86 10.60 22.93 24.73 29.40 29.25 29.96 28.15 30.32 21.90 19.44 19.27 18.91 19.53 20.67 19.13 18.39 19.42 20.56 22.43 21.77 19.90 19.10 20.89 22.65 22.66 23.85 24.43 26.34 28.97 29.39 29.61 27.65 28.00 28.42 30.18 31.01 30.28
9.20 15.12 8.48 9.27 19.16 18.75 17.83 17.96 19.45 16.80 14.72 17.10 18.12 13.92 13.24 15.71 17.69 19.83 22.99 24.96 25.67 23.99 21.76 22.39 27.27 53.47 46.85 33.54 26.83 25.75 27.20 25.12 20.51 23.63 24.86 12.97 13.85 21.36 22.29 12.49 8.90 22.58 20.21 23.53 27.34 28.17 27.65 29.85 30.17 31.07 23.03 22.08 21.88 21.37 21.26 25.13 24.80 24.39 23.48 20.14 20.41 21.19 21.01 23.45 24.76 24.84 24.77 27.43 28.32 29.54 30.55 28.94 27.57 28.00 30.03 28.97 29.09 29.69 25.32
9.19 15.18 16.04 16.50 16.08 16.73 17.43 18.38 19.78 18.26 15.32 14.29 17.43 17.74 14.53 14.35 17.32 19.29 21.42 24.78 26.51 25.64 22.77 22.36 31.07 53.78 53.72 32.76 28.26 35.91 34.70 24.65 20.55 20.96 24.33 11.76 14.06 26.92 18.15 10.95 9.17 22.61 24.65 28.59 28.35 29.53 29.66 32.51 31.42 31.83 24.34 23.95 22.86 21.77 21.78 28.25 27.02 25.93 19.48 20.08 20.27 20.97 22.80 26.22 27.47 25.92 27.58 30.09 31.33 28.69 28.65 27.96 28.06 28.91 27.77 30.74 27.53 27.79 27.23
7.33 8.57 8.59 17.26 15.05 14.58 18.54 18.67 21.20 19.64 16.96 16.86 16.57 19.22 15.05 13.09 16.22 19.08 20.29 23.24 26.65 25.11 22.31 23.98 32.07 55.42 57.85 33.86 29.54 43.11 35.24 23.34 19.34 21.29 22.74 17.45 27.57 26.65 18.80 18.72 21.82 24.91 26.19 27.86 28.09 30.50 32.46 33.31 32.23 24.59 25.65 25.09 22.97 21.66 21.77 20.02 18.13 18.44 20.08 21.30 22.69 22.66 23.62 25.41 26.19 27.59 27.93 27.61 26.16 24.58 25.22 24.67 25.69 25.83 28.79 23.74 22.48 21.21 24.90
7.84 14.21 14.10 15.35 16.10 16.85 17.98 19.66 20.41 20.51 19.75 18.67 14.45 16.83 17.16 17.68 17.87 19.29 19.66 22.15 25.27 24.21 20.13 22.43 30.82 53.69 63.74 45.31 37.58 45.54 35.14 24.00 19.74 21.14 25.11 30.34 28.31 23.78 20.58 20.66 22.40 24.43 25.71 27.53 28.96 30.31 30.59 33.50 34.14 24.83 26.39 25.99 23.06 21.00 21.53 20.45 18.87 19.32 21.08 22.60 23.35 25.10 24.98 25.53 25.38 23.08 23.84 23.09 22.69 21.87 22.30 23.42 24.63 26.61 24.09 23.77 22.33 23.95 20.98
11.22 11.20 11.20 13.09 15.94 17.22 16.10 17.16 19.84 20.92 18.19 18.47 10.80 17.32 16.54 18.17 18.74 19.80 19.80 21.84 23.88 23.07 19.47 19.33 23.08 40.66 65.40 62.51 53.68 48.08 33.56 25.40 23.64 24.31 26.85 29.28 24.39 22.75 22.84 22.52 23.38 25.76 26.15 27.10 29.67 32.24 32.46 34.63 31.83 24.49 26.61 26.40 23.17 21.21 21.44 20.34 19.20 19.97 21.70 22.65 22.85 23.16 26.69 23.25 22.21 20.76 19.91 20.18 22.13 22.39 22.81 23.15 23.19 23.55 23.92 23.10 21.93 22.78 22.26
10.02 11.57 10.22 12.30 14.40 15.73 18.46 17.73 17.79 19.26 19.95 17.24 14.68 10.33 15.47 16.52 18.51 19.83 20.47 22.09 24.09 23.25 21.14 16.79 17.75 27.68 49.56 64.96 65.46 50.70 35.05 29.05 28.75 27.33 27.00 26.28 23.33 24.40 23.18 23.09 24.93 26.34 27.12 29.13 31.23 32.24 32.95 35.30 24.69 25.42 26.78 27.30 24.94 22.22 20.18 18.24 19.54 20.79 21.52 21.51 21.41 21.36 21.81 21.64 20.59 19.44 20.43 20.63 21.51 22.17 22.08 21.27 20.61 21.57 22.18 21.77 21.28 21.18 20.76
1.63 7.32 10.48 11.35 12.17 14.74 16.08 19.57 19.00 18.24 17.72 17.79 17.27 8.88 10.47 15.65 17.22 17.14 17.32 19.74 22.54 20.38 19.58 16.55 16.12 23.36 35.62 55.86 66.57 54.28 38.89 33.84 29.67 27.18 25.78 23.25 22.65 24.32 22.52 23.76 25.28 27.32 29.31 31.08 30.98 32.11 33.07 22.23 25.51 26.25 26.95 28.51 26.93 21.79 19.39 20.78 22.09 22.61 22.30 25.45 24.49 23.74 21.04 22.52 21.81 20.59 20.13 20.37 20.20 19.99 19.95 22.11 23.78 24.09 24.83 24.74 23.95 23.11 22.31
4.76 0.93 8.95 9.65 10.38 12.53 15.17 17.08 17.99 19.58 19.84 17.28 18.25 16.70 11.08 12.96 16.45 19.23 18.47 20.60 22.35 19.10 17.29 15.62 16.88 24.66 32.84 46.90 61.47 55.78 43.20 35.32 26.32 23.59 19.82 19.00 23.49 24.96 21.41 23.34 25.41 27.48 30.04 32.56 33.93 33.10 32.95 23.24 25.88 26.50 26.68 28.25 27.27 21.37 19.90 23.22 24.89 24.22 22.45 25.57 24.89 23.76 19.70 20.96 20.54 21.11 22.41 23.00 23.14 22.99 23.14 24.86 26.33 26.80 26.66 27.47 28.17 27.30 25.21
5.47 1.47 1.33 10.93 12.55 14.57 15.25 15.60 18.23 15.56 18.09 18.77 18.92 14.39 10.83 13.60 15.48 19.49 22.34 24.54 25.18 22.15 19.45 17.72 20.76 26.25 24.96 40.30 55.58 56.34 48.82 36.53 20.69 18.17 17.01 18.05 22.22 23.15 22.79 25.15 24.57 26.31 30.14 32.67 33.96 33.34 32.82 23.86 24.81 25.97 26.30 26.84 27.17 24.45 23.08 24.06 23.09 21.60 26.08 24.01 23.33 22.37 21.06 20.37 20.63 18.65 18.99 19.03 18.95 18.78 19.32 19.83 20.54 22.88 22.27 22.94 25.80 25.58 21.64
4.35 4.68 6.72 2.24 7.94 10.06 13.36 16.28 16.51 17.58 18.11 14.76 11.05 9.92 14.03 14.16 14.05 17.20 20.11 23.76 28.58 28.54 25.24 24.94 25.36 25.24 31.27 36.32 50.37 55.19 50.81 36.36 13.96 13.51 16.60 17.30 20.45 20.97 22.38 24.34 25.93 27.88 30.62 31.96 33.85 30.84 33.08 24.17 24.11 24.85 26.40 27.77 27.77 27.01 26.45 24.38 19.12 16.44 17.76 18.85 19.00 22.82 21.40 20.44 19.68 18.72 17.59 16.48 15.42 15.78 14.03 15.26 17.58 20.53 22.63 24.84 24.72 23.86 22.08
7.65 7.37 9.83 6.82 2.01 10.54 11.62 13.08 14.52 14.67 16.81 15.27 17.49 14.19 7.37 14.45 13.22 15.38 16.36 15.61 19.60 25.34 28.45 31.48 30.28 31.42 30.52 36.72 48.89 55.31 49.86 34.22 8.06 8.63 14.38 16.29 17.58 18.37 21.48 24.32 26.60 27.83 29.80 31.08 34.86 33.44 33.56 24.99 25.20 25.52 27.27 29.61 30.29 28.42 26.42 25.09 21.12 15.77 15.57 17.34 18.25 17.47 21.49 19.94 18.53 17.84 16.89 13.11 11.17 12.42 15.79 19.14 21.20 24.57 24.94 23.73 22.06 20.84 20.29
