examples/cougarCreek-fire/createInputs/WindNinja/wrfout_d3.2015081112.f20/cougarCreekFire_08-12-2015_0800_217m_non_neutral_stability_vel.asc
ncols	146
nrows	140
xllcorner	610065.000000
yllcorner	5095217.000000
cellsize	216.586807
NODATA_value	-9999.000000
[rows 105 to 139 of 140, columns 0 to 78 of 146]
12.33 11.55 12.09 11.71 9.27 4.28 24.46 4.33 6.63 15.13 7.59 8.73 7.79 23.33 7.08 6.33 14.09 13.40 2.56 15.17 14.02 2.96 2.33 15.03 16.53 3.12 9.14 4.50 12.18 10.82 5.04 5.54 4.94 4.07 3.37 2.64 2.39 2.13 1.41 0.45 1.46 2.79 3.44 3.98 4.38 4.39 4.29 4.28 4.69 5.83 7.04 8.37 9.67 8.96 5.60 2.20 1.84 2.67 3.31 3.80 4.34 4.96 5.47 5.78 11.37 12.35 13.91 6.51 6.57 6.52 6.49 16.28 16.00 15.66 14.97 14.93 15.22 14.80 13.35
12.24 12.86 13.75 13.40 12.23 9.92 6.71 4.53 22.33 5.58 17.80 6.69 20.54 16.04 6.17 6.00 15.81 14.16 3.45 15.04 14.01 10.97 10.27 2.85 3.65 10.89 4.68 4.34 14.16 5.05 5.26 5.44 4.91 4.04 3.27 2.60 2.25 1.95 1.41 0.81 0.97 2.15 2.86 3.33 3.87 4.18 4.32 4.61 5.20 6.25 7.39 8.76 10.88 11.89 8.99 4.46 3.65 4.03 4.48 4.95 5.55 5.99 6.01 5.82 5.86 6.18 6.51 6.68 6.71 6.56 6.40 6.52 6.83 16.02 15.31 14.72 13.29 13.47 11.42
12.88 12.56 13.92 14.94 14.35 13.30 11.47 8.21 5.04 5.31 17.10 21.43 22.74 4.25 22.52 18.61 4.54 4.24 4.39 3.42 12.05 10.32 2.96 15.55 4.30 4.38 16.27 17.82 4.69 5.45 5.27 5.05 4.41 3.62 3.38 3.20 9.72 8.90 5.46 1.55 1.45 1.92 2.50 2.97 3.49 3.98 4.20 4.35 4.74 5.48 6.58 8.24 10.87 13.45 13.09 9.64 6.73 5.74 5.83 6.23 6.62 6.73 6.49 6.36 6.66 7.07 14.71 15.25 16.25 16.51 17.17 17.22 17.18 16.76 15.93 14.52 14.14 14.91 15.07
12.05 10.03 11.41 13.89 14.47 13.12 11.78 10.25 7.37 24.12 5.15 22.20 4.14 20.19 19.70 17.21 15.02 14.07 12.95 14.06 12.79 4.27 8.68 13.79 13.37 15.87 13.80 13.33 5.70 13.10 4.59 4.03 15.55 3.76 3.82 9.04 3.88 3.19 2.57 2.21 2.01 2.04 2.41 2.88 3.40 11.70 3.88 3.69 3.78 4.12 4.71 6.12 8.68 11.71 13.43 12.31 9.39 7.68 7.27 7.26 7.36 7.43 7.44 7.67 8.04 13.54 15.69 16.76 17.27 17.32 17.66 7.51 17.35 17.32 17.14 16.87 16.44 16.29 16.48
13.79 10.57 11.13 11.94 13.77 13.44 11.93 10.53 8.92 7.48 6.94 5.93 21.50 21.56 21.46 20.11 3.09 15.67 14.59 13.65 11.70 10.94 9.74 18.44 10.74 16.78 17.58 5.13 5.02 16.96 3.67 16.57 4.15 4.50 7.98 4.55 8.87 3.11 2.00 1.95 2.28 2.34 2.45 2.94 11.94 4.06 4.19 3.88 3.77 4.03 4.21 4.44 5.61 8.37 10.27 10.83 10.25 9.31 8.86 8.67 8.63 8.80 9.13 9.60 9.89 9.75 15.27 16.43 17.84 8.39 17.77 7.35 17.50 7.15 7.34 17.23 16.54 16.19 16.36
15.07 13.88 10.57 11.44 12.21 13.90 13.73 12.29 10.80 9.34 9.17 7.13 24.04 7.14 6.68 20.54 17.61 15.88 1.34 18.96 11.18 14.30 19.62 18.28 14.10 13.05 18.29 12.42 17.17 17.79 14.78 4.05 9.40 8.76 8.24 8.93 9.07 2.95 11.01 2.27 2.32 2.16 2.33 11.31 11.78 11.61 4.48 4.60 4.48 4.67 4.93 4.79 5.17 7.24 8.64 9.46 10.35 10.75 10.72 10.63 10.63 10.75 11.10 11.63 11.91 11.64 15.04 15.20 17.00 17.62 17.74 16.55 15.92 17.27 16.76 15.20 15.47 15.07 14.67
13.92 14.16 12.13 8.87 8.69 11.28 13.58 13.86 12.11 9.44 9.38 9.21 9.47 8.19 21.98 23.40 6.02 5.44 4.96 5.76 6.96 5.54 4.46 19.48 15.06 15.59 14.27 17.55 18.59 4.70 9.77 5.43 7.67 7.98 9.04 9.29 3.76 2.82 2.76 10.10 10.41 10.87 11.07 10.96 11.06 11.44 3.75 4.72 5.20 5.51 6.08 6.70 7.58 9.21 10.52 11.32 11.87 12.05 11.81 11.54 11.57 11.78 12.00 12.20 12.06 19.30 18.65 18.00 17.61 17.11 17.08 15.11 13.58 13.89 14.85 15.96 16.34 15.84 15.87
12.89 13.38 12.69 9.40 7.73 7.23 7.86 10.83 12.58 11.93 23.55 10.33 20.65 22.96 20.43 23.92 7.54 8.46 8.78 8.61 7.43 5.40 5.02 17.51 12.60 12.97 14.10 5.86 6.38 13.63 11.39 10.48 11.67 5.28 10.81 9.95 3.58 3.23 10.44 10.21 10.62 10.23 10.91 11.00 10.54 1.75 2.65 4.04 5.23 6.04 6.94 8.08 9.41 11.09 12.49 13.04 12.92 12.42 11.79 11.40 11.41 11.66 11.84 11.71 11.12 10.72 10.73 10.67 19.23 19.09 19.52 19.39 18.46 19.01 17.97 17.77 17.22 17.80 17.16
13.37 13.38 13.22 11.86 8.41 4.95 4.90 6.13 8.70 10.60 9.10 20.61 17.52 17.71 21.41 22.92 7.52 9.22 10.03 9.31 7.63 6.98 5.60 16.55 11.96 12.15 14.06 15.02 13.91 14.12 13.02 12.80 12.18 5.24 4.94 4.28 3.79 9.71 10.70 10.48 10.59 10.77 11.33 10.34 9.11 2.21 3.01 3.95 4.92 5.95 6.94 8.02 9.17 10.54 12.02 13.00 13.26 13.06 12.59 12.15 12.05 11.97 11.65 10.98 10.15 9.58 9.28 9.15 9.18 18.71 18.49 9.00 19.35 19.35 19.10 18.73 19.02 19.01 17.62
13.96 13.76 13.25 12.84 11.73 9.61 7.16 5.37 6.30 6.55 21.78 7.75 8.43 24.50 25.11 20.80 7.21 7.39 7.07 6.41 5.74 6.31 5.78 15.07 11.60 11.82 14.16 14.05 14.71 15.85 15.84 15.21 5.48 5.25 13.66 4.13 11.30 10.49 10.57 11.11 10.80 11.27 9.86 3.36 3.85 4.21 4.60 4.83 5.09 5.77 6.62 7.35 7.91 8.65 9.86 11.43 12.78 13.44 13.49 13.09 12.61 12.00 11.08 18.79 18.25 18.14 18.01 18.32 18.23 18.82 19.08 18.71 18.55 18.47 18.17 19.14 18.84 21.20 20.58
13.94 14.41 14.46 13.93 13.86 13.94 13.13 10.86 8.12 5.20 4.14 6.56 23.19 25.46 10.48 8.57 8.74 7.76 6.52 5.59 18.12 20.39 16.51 13.70 10.47 10.92 18.70 13.89 14.18 14.17 22.86 12.92 11.69 12.11 4.46 4.36 10.63 10.74 4.47 11.69 10.58 9.85 9.16 8.80 9.27 5.51 5.54 5.48 5.43 5.75 6.32 6.72 6.92 7.08 7.44 8.39 10.01 11.61 12.53 12.44 11.52 10.66 10.03 9.35 16.54 17.50 17.99 18.30 18.42 17.27 17.70 17.23 16.97 19.18 17.75 18.13 18.23 17.78 16.98
12.98 14.10 15.20 14.86 14.03 13.11 12.67 12.76 12.35 10.84 7.73 6.73 25.81 23.11 10.27 11.27 10.46 8.66 8.41 7.34 6.73 18.10 13.38 11.66 12.03 21.47 16.11 14.44 13.38 20.31 21.54 11.71 10.94 11.70 4.67 11.70 11.01 11.97 4.55 11.40 10.25 9.72 9.63 9.94 11.04 12.03 5.74 5.90 5.94 6.23 6.56 6.67 6.68 6.51 6.33 6.52 7.29 8.51 9.57 10.00 9.70 9.22 8.88 17.90 16.63 16.62 16.78 16.82 17.28 17.14 18.73 17.77 18.82 18.89 18.14 18.36 17.37 16.51 15.25
11.74 12.59 13.89 14.17 13.46 12.07 11.54 12.64 13.97 14.37 12.65 7.38 6.55 10.52 11.50 11.83 11.40 11.06 10.17 9.34 9.17 19.67 16.08 11.94 15.08 8.65 16.36 16.38 15.35 19.29 22.02 11.62 10.42 11.25 11.23 10.94 5.79 4.99 12.04 10.88 10.40 9.66 9.22 9.50 10.29 12.26 12.65 6.23 6.54 6.75 6.72 6.52 6.17 5.80 5.57 5.61 5.78 6.04 6.62 7.45 8.03 8.20 17.86 8.36 16.89 17.27 16.97 16.24 16.87 19.29 19.50 18.61 18.94 18.55 18.12 16.59 17.76 17.61 16.96
12.53 11.54 12.56 13.60 14.19 14.35 14.17 13.86 14.28 15.64 16.81 16.69 15.59 13.50 22.19 10.68 11.11 10.53 10.07 10.04 9.57 16.76 9.03 10.95 9.33 10.65 14.98 16.29 21.56 19.63 15.88 12.51 11.08 11.87 12.78 13.55 14.49 13.03 11.33 9.90 10.02 9.53 9.39 10.08 12.15 5.67 12.74 11.22 6.39 6.55 6.40 5.93 5.51 5.20 4.99 5.04 5.17 5.28 5.59 6.14 15.21 16.40 7.35 7.50 17.37 18.33 17.31 16.21 17.15 18.95 18.68 17.16 17.80 17.42 17.31 16.38 16.89 17.25 17.24
12.33 11.49 12.31 13.65 14.58 15.15 15.62 15.36 14.77 14.27 15.10 16.21 15.87 13.41 11.45 19.69 9.80 9.95 22.33 9.57 24.11 17.48 17.77 10.25 9.62 19.34 17.80 20.10 20.02 23.31 14.09 14.89 13.49 13.26 14.14 14.35 13.87 12.58 10.47 9.03 9.27 9.93 10.14 11.50 11.61 11.87 10.88 10.88 12.05 5.66 5.55 5.27 5.18 5.10 4.93 4.80 4.72 4.70 14.44 15.09 15.34 15.62 17.18 16.70 17.08 17.44 17.49 16.48 16.12 17.44 18.54 18.90 18.78 17.23 16.58 16.16 18.03 18.81 21.62
11.35 11.85 13.03 14.35 15.40 16.03 16.22 15.81 14.60 14.33 12.16 11.92 11.77 11.31 10.26 10.82 21.39 20.87 19.65 22.13 22.47 9.80 18.42 19.21 17.33 16.26 22.23 22.06 14.90 15.35 17.16 9.56 15.56 14.08 15.67 15.57 14.64 12.37 10.22 9.87 10.50 12.30 11.69 11.55 11.52 10.54 10.52 11.71 11.29 10.89 11.44 4.44 4.38 4.39 4.17 3.80 13.57 13.67 14.11 14.60 15.05 15.88 15.72 16.51 17.02 16.74 16.54 18.99 16.77 16.36 18.69 18.52 18.06 18.02 17.75 18.19 18.32 17.56 17.46
11.98 11.59 12.67 13.58 15.09 16.24 16.14 15.15 14.08 13.25 12.69 12.29 12.21 12.19 11.70 9.90 21.66 20.57 17.48 22.51 21.15 18.75 15.54 18.27 20.27 22.78 23.20 19.69 17.93 11.51 26.51 16.60 16.12 15.17 16.96 16.31 14.12 12.64 12.21 10.58 13.71 13.58 12.25 10.67 10.24 10.11 10.99 12.24 11.40 10.64 11.01 11.54 12.03 12.55 12.72 12.73 12.98 13.08 13.66 14.32 14.44 14.83 15.84 16.18 5.66 6.23 16.47 18.38 16.29 15.97 16.59 18.28 18.39 18.25 16.33 17.49 15.89 17.07 16.05
11.92 11.38 11.80 13.16 11.74 12.22 14.42 13.61 13.59 13.93 15.50 14.12 14.05 14.09 14.19 13.93 12.33 21.19 12.16 28.72 22.45 22.05 20.95 21.76 12.02 10.83 26.64 17.32 14.91 11.27 23.45 16.37 17.35 17.49 18.60 16.93 14.66 13.80 13.98 14.17 16.58 14.95 11.79 11.02 10.51 10.77 12.80 13.21 12.10 10.93 10.93 11.42 12.15 12.67 12.73 12.95 12.99 12.99 13.06 14.20 13.85 14.43 14.91 16.35 4.76 5.15 17.36 18.01 18.13 16.49 15.84 15.52 15.98 15.87 15.79 17.04 16.89 17.03 17.20
12.36 11.32 11.21 10.71 11.25 10.91 12.53 12.31 13.29 14.25 15.60 14.75 14.48 14.59 15.10 15.72 15.32 21.72 17.06 29.10 24.37 24.04 24.04 24.38 13.72 13.47 23.52 14.31 14.49 13.98 15.61 21.70 21.28 19.59 19.14 17.37 16.16 16.41 16.55 16.86 17.02 14.56 13.26 12.53 12.01 12.12 13.84 13.20 12.11 10.90 10.78 11.62 13.13 12.94 12.94 12.54 12.60 12.73 12.62 13.43 13.16 13.10 12.89 15.17 14.94 3.80 4.36 16.92 17.11 18.32 18.31 17.39 17.18 16.72 17.54 17.79 16.78 16.02 17.67
11.78 10.26 9.92 10.78 9.98 11.81 12.74 12.60 14.07 14.85 14.96 16.92 15.20 15.58 15.41 15.19 16.10 16.38 20.38 17.32 25.42 24.51 25.40 25.60 15.40 16.13 15.55 16.30 16.18 15.17 14.07 24.62 22.44 19.24 18.86 17.44 16.39 16.59 16.88 16.98 16.77 15.44 14.69 14.00 14.29 15.00 14.31 13.51 12.10 11.81 11.86 13.03 12.95 13.11 13.04 12.71 12.52 12.08 12.00 12.71 12.25 11.89 13.61 13.98 14.06 2.83 3.06 15.67 17.27 17.72 18.60 19.49 19.55 19.44 19.06 17.26 16.71 16.07 16.95
11.23 10.32 9.44 9.20 12.06 12.32 12.98 13.15 15.05 16.15 16.42 16.46 16.65 16.84 16.78 16.33 16.51 17.42 17.91 20.14 17.48 27.06 26.63 25.65 25.89 24.92 17.44 17.69 29.35 17.24 15.82 25.32 21.68 20.66 16.81 15.77 16.81 16.63 16.71 16.29 16.85 15.47 14.72 15.25 15.52 14.63 13.72 13.89 12.60 13.02 12.88 13.60 13.64 12.57 12.57 11.77 11.49 11.41 11.41 12.04 12.26 11.88 13.44 13.75 14.77 14.14 14.10 14.22 14.18 5.65 18.03 19.25 18.89 18.11 18.35 17.98 16.48 15.48 16.40
11.50 10.84 10.03 10.96 11.86 13.67 14.66 15.56 16.33 16.87 17.51 17.72 17.13 16.85 17.50 18.28 18.55 37.29 17.48 30.58 23.60 31.56 27.85 24.32 18.22 24.59 26.93 27.86 27.34 27.33 16.14 14.86 23.38 19.13 16.99 17.02 18.88 18.64 18.99 20.74 19.14 17.56 16.87 16.63 15.23 14.01 14.09 15.12 13.72 13.05 12.59 12.82 12.66 12.38 11.92 11.74 10.62 0.45 0.64 0.99 1.58 1.83 2.06 2.51 3.51 3.86 13.43 4.47 5.67 6.49 18.55 19.03 18.01 16.96 6.20 16.61 16.51 14.14 15.21
9.95 10.14 12.28 11.83 13.67 16.05 16.45 17.26 19.05 16.17 15.92 16.50 19.08 17.19 18.04 19.15 19.48 19.87 28.29 29.10 29.45 33.04 27.60 27.17 21.93 28.58 33.08 33.78 18.39 17.50 25.28 28.83 23.02 19.62 17.51 16.31 17.93 19.26 20.09 20.42 20.15 18.63 19.09 17.93 14.77 15.25 16.00 15.08 13.74 12.09 12.29 12.43 12.38 1.13 0.70 0.52 0.62 0.79 1.11 1.64 2.11 2.49 3.00 3.55 4.11 4.57 5.28 5.87 5.07 3.84 16.99 16.49 16.63 16.40 14.80 18.41 15.83 13.87 14.37
10.76 11.13 11.80 13.64 14.42 12.16 12.40 15.29 15.87 15.57 13.66 15.15 16.80 17.77 18.14 18.12 18.02 19.14 18.39 28.66 34.09 29.40 30.13 31.94 32.66 31.90 32.26 20.63 18.64 15.72 26.03 25.14 23.24 18.48 16.62 17.62 19.56 21.73 20.27 19.31 18.03 13.04 12.53 11.59 10.81 17.31 17.23 15.96 6.52 5.72 4.93 4.10 3.58 3.30 3.06 2.83 2.62 2.39 2.38 2.52 3.02 3.60 4.00 4.33 4.57 4.75 5.22 15.96 17.17 2.90 2.79 16.42 16.12 16.27 14.97 17.91 15.13 13.52 12.57
11.95 12.03 12.46 13.89 13.86 12.57 12.66 12.59 13.31 13.59 13.23 15.32 16.72 19.90 16.64 16.05 16.33 17.44 18.83 18.92 35.53 29.76 31.36 37.56 38.28 37.38 33.80 22.79 19.01 16.56 28.56 22.84 20.83 17.02 15.00 17.44 20.12 19.00 18.02 17.72 14.37 14.39 14.38 14.42 14.24 13.56 12.27 10.56 8.91 7.69 7.14 6.91 6.54 6.12 5.72 5.24 4.68 3.99 3.51 3.69 4.47 5.22 5.58 5.69 5.62 5.45 5.14 4.50 3.91 3.62 3.68 3.99 3.15 14.77 15.05 15.83 15.89 13.89 13.72
13.81 13.35 13.09 13.12 14.37 13.76 13.63 13.54 13.71 12.80 14.30 16.82 17.97 17.91 17.81 15.69 18.60 17.75 19.13 20.90 21.82 33.51 31.48 37.99 38.33 32.21 39.31 31.30 19.84 30.00 27.30 24.55 22.87 19.15 16.30 16.60 18.48 18.69 16.68 16.46 16.36 16.68 17.03 17.14 16.96 16.67 16.15 14.61 12.64 11.04 10.07 9.34 8.72 8.30 8.04 7.84 7.42 6.68 5.86 5.73 6.56 7.22 7.38 7.24 7.00 6.67 6.22 5.82 5.46 4.91 4.54 4.49 15.56 3.47 14.27 15.20 15.60 15.47 15.10
16.40 15.14 13.92 13.78 13.90 13.87 14.67 14.91 15.04 16.04 16.64 15.83 18.52 18.27 19.09 17.43 18.24 20.81 21.75 23.44 23.88 23.21 34.59 38.67 36.22 38.65 32.07 30.25 18.47 30.84 26.83 24.18 23.55 19.51 19.06 20.62 20.65 17.91 18.91 19.44 19.63 19.64 19.31 18.67 18.08 24.61 24.45 16.42 15.90 15.06 13.78 12.38 11.37 10.84 10.57 10.46 10.55 10.62 10.55 10.50 10.32 9.61 8.75 8.26 8.14 7.83 7.33 6.68 6.11 5.54 5.12 4.76 4.48 14.25 14.03 15.66 14.01 13.78 14.19
19.43 17.25 14.90 14.25 13.48 14.25 14.41 14.84 16.43 17.06 18.09 16.74 19.05 19.67 19.73 24.39 20.58 22.14 23.75 24.61 24.79 24.72 23.99 41.84 33.98 37.49 35.77 38.94 35.42 28.62 25.86 24.79 22.62 17.75 12.87 12.11 17.53 20.57 22.28 22.77 22.26 26.45 25.94 24.42 24.69 24.60 16.99 16.50 16.35 15.71 14.73 13.83 13.22 13.01 13.07 13.17 13.40 13.93 14.57 14.56 13.29 11.15 9.49 8.39 8.01 7.57 7.41 6.89 6.66 6.27 5.78 5.44 4.95 4.56 4.22 3.95 14.15 3.97 13.39
22.45 18.97 15.52 14.59 13.48 13.66 14.08 15.65 16.16 17.23 18.02 18.53 18.97 20.47 20.77 21.62 22.28 34.59 23.97 24.56 25.00 25.39 25.33 41.73 36.65 27.33 37.81 36.09 33.18 29.49 29.05 26.87 16.94 14.37 17.79 23.40 27.34 28.46 26.66 29.78 28.91 28.71 25.23 17.43 24.30 24.88 16.35 15.76 14.99 14.09 13.47 13.27 13.36 13.82 14.67 15.53 16.02 16.09 15.70 14.63 13.14 11.52 9.99 8.61 7.44 6.92 6.85 6.52 6.15 5.95 5.69 5.57 16.07 15.32 14.75 13.28 4.45 13.21 10.97
23.50 19.29 15.33 14.29 12.56 12.54 11.97 14.04 16.85 18.43 19.50 20.02 20.61 22.13 22.25 23.76 23.70 25.91 24.87 25.53 26.32 26.82 26.99 27.23 39.24 28.19 27.28 40.25 36.18 34.53 32.29 21.13 20.14 24.61 31.48 34.93 34.98 32.94 29.43 36.49 30.16 26.91 18.31 17.93 17.92 17.24 16.10 15.15 14.28 13.63 13.18 12.58 12.19 13.05 14.62 15.85 16.45 16.02 14.65 13.08 12.11 11.39 10.34 8.97 7.60 6.80 6.60 16.86 6.17 5.93 5.43 4.70 14.11 16.31 16.08 15.88 15.71 5.01 14.52
24.16 18.90 14.77 13.87 11.42 11.32 11.29 16.20 20.60 20.83 20.54 20.95 22.40 23.40 24.22 25.12 24.84 25.69 26.50 27.52 28.56 28.79 28.30 27.47 40.29 39.78 27.88 41.64 37.07 34.23 24.99 24.94 29.48 36.92 40.71 38.58 34.72 30.42 26.11 35.37 28.76 19.59 18.62 18.26 24.68 17.23 16.07 14.98 14.11 13.61 13.07 12.05 11.30 12.21 13.39 13.49 13.15 12.71 12.47 11.90 11.15 10.59 9.88 9.04 8.08 7.10 6.57 6.53 6.48 6.17 5.47 12.74 12.26 12.14 4.30 15.03 15.84 4.13 14.06
24.07 19.78 13.91 13.17 11.60 14.57 20.29 24.35 24.33 22.52 21.74 22.09 22.66 23.44 25.61 26.38 27.10 26.67 27.49 28.29 28.66 39.55 27.97 27.46 26.93 29.94 39.01 39.72 38.67 29.92 30.19 33.74 38.64 40.95 37.72 33.13 29.10 24.96 21.58 31.89 19.99 19.27 18.86 18.54 24.33 16.59 15.65 14.70 13.74 12.79 12.18 12.47 12.70 12.59 12.02 10.74 9.30 8.74 9.45 10.01 9.71 9.22 8.82 8.44 8.02 7.48 6.96 6.44 6.17 5.90 12.58 13.19 11.93 11.66 11.18 12.39 14.19 14.06 14.49
21.04 19.42 15.26 11.67 13.40 16.91 23.21 24.13 22.01 21.37 21.92 22.73 24.34 24.43 26.61 27.22 28.33 27.49 27.96 30.06 27.56 27.12 27.06 27.43 28.17 28.54 30.49 43.44 39.20 32.68 35.47 38.88 39.50 35.02 28.14 24.30 21.57 18.63 17.52 26.99 23.37 18.97 19.02 18.60 17.63 16.47 15.66 14.90 13.95 12.83 12.79 14.36 15.05 13.65 11.35 9.14 7.14 6.10 6.26 6.99 7.41 7.44 7.34 7.20 6.87 6.50 6.09 5.58 5.18 5.02 4.41 3.99 14.67 14.46 10.25 11.61 12.41 11.89 15.01
17.71 17.62 15.58 10.05 13.05 17.56 21.38 19.71 17.48 18.65 20.96 22.83 24.23 25.29 26.06 27.97 27.19 29.40 27.79 28.83 27.50 27.15 26.92 27.58 28.82 29.87 31.35 31.93 41.13 33.93 34.62 34.12 30.62 24.13 18.10 14.84 14.28 13.58 26.88 22.50 18.61 19.32 22.16 21.70 17.78 16.96 16.41 16.33 16.09 15.68 15.31 14.74 13.76 12.34 9.99 7.72 5.72 4.56 4.31 4.62 5.12 5.54 5.75 5.75 5.46 5.11 4.75 4.35 12.32 3.51 14.33 13.36 14.23 13.37 13.18 11.83 12.32 10.22 11.68
17.32 16.49 14.94 10.59 13.90 18.14 20.25 17.84 15.88 17.70 20.73 23.04 24.67 25.74 26.49 26.99 27.25 27.41 27.51 27.57 27.71 27.47 27.23 27.95 29.16 30.41 32.20 33.85 43.95 33.48 31.65 27.87 29.47 18.21 13.48 12.22 10.51 10.75 21.67 20.68 19.01 19.77 19.35 18.16 17.37 17.20 16.85 17.29 17.98 18.00 16.52 13.83 11.43 10.22 8.55 6.46 4.96 3.69 3.43 3.73 4.18 4.63 4.78 4.94 4.81 4.56 4.30 3.61 2.91 11.67 11.08 10.43 1.84 13.45 10.27 11.47 11.36 10.82 11.54
