examples/cougarCreek-fire/createInputs/WindNinja/wrfout_d3.2015081112.f20/cougarCreekFire_08-12-2015_0800_217m_non_neutral_stability_vel.asc
ncols	146
nrows	140
xllcorner	610065.000000
yllcorner	5095217.000000
cellsize	216.586807
NODATA_value	-9999.000000
[rows 35 to 69 of 140, columns 0 to 78 of 146]
13.36 12.66 14.82 14.01 4.70 3.19 14.25 15.40 15.23 15.59 15.42 16.47 16.52 14.84 13.48 4.74 3.76 3.22 2.70 11.49 16.05 20.72 22.03 27.31 26.49 31.11 35.50 41.12 50.46 54.62 43.75 30.20 13.02 6.05 11.86 14.11 15.55 18.72 21.32 24.35 26.48 27.22 29.78 32.08 31.96 34.25 36.58 37.11 34.56 27.44 28.46 29.37 31.90 31.66 28.31 26.74 25.81 21.40 17.39 24.47 23.84 23.67 18.17 17.87 16.86 16.84 16.41 16.56 17.60 18.80 20.43 21.74 22.16 17.49 18.98 17.84 18.25 18.74 18.84
9.19 11.55 13.81 14.55 5.48 4.25 1.58 14.11 13.98 15.17 15.86 15.77 15.52 16.75 16.78 15.39 13.95 14.44 12.68 12.89 15.60 16.98 19.54 17.93 22.08 25.57 32.05 42.76 53.46 54.11 39.55 26.70 15.63 6.35 10.17 12.50 13.41 7.24 10.43 13.15 14.79 16.74 20.92 31.10 32.40 35.06 36.01 36.33 38.63 28.85 29.90 29.57 31.66 33.24 32.22 30.47 29.54 27.19 23.05 20.17 19.31 19.63 19.44 23.99 19.29 18.25 19.30 20.58 21.49 23.64 21.73 21.53 18.98 14.32 11.61 12.13 12.96 13.23 14.23
11.76 12.41 12.78 14.60 16.23 11.67 11.76 12.37 13.12 12.48 13.40 15.23 15.37 15.68 13.50 13.50 14.88 13.19 12.07 11.51 12.56 14.29 17.34 21.86 20.80 20.95 29.62 41.74 56.84 61.97 49.48 21.93 11.02 9.37 13.38 16.59 17.79 18.62 20.14 22.40 15.37 23.76 19.06 23.37 26.77 21.54 22.44 31.72 38.18 38.17 38.03 31.03 31.92 33.03 32.62 32.98 31.26 29.92 27.47 24.46 21.27 19.22 17.08 15.42 14.59 14.61 15.14 15.56 15.72 16.22 16.67 17.02 20.84 15.48 14.63 14.32 14.00 13.57 12.84
3.05 3.06 10.67 13.81 16.40 14.27 4.22 0.88 13.76 12.47 16.31 14.12 13.60 12.20 12.10 12.65 12.58 12.69 13.18 14.25 14.99 13.98 16.66 21.57 24.02 22.94 30.04 44.93 60.19 71.83 65.57 33.66 4.11 6.29 11.61 14.55 14.60 11.71 13.07 24.70 27.49 26.59 15.82 18.41 19.05 20.58 21.76 21.13 34.56 36.03 41.33 39.29 40.38 34.01 33.74 34.06 33.01 32.56 28.97 27.02 25.51 23.97 21.78 19.38 15.21 14.56 11.22 10.46 9.54 9.31 8.86 8.72 11.11 13.71 15.03 15.69 15.89 15.10 13.11
3.48 9.19 13.19 14.93 16.37 18.01 4.45 13.27 12.00 14.58 14.72 14.39 15.05 13.19 13.15 12.91 12.66 12.30 12.04 12.25 12.60 14.88 17.19 22.48 22.84 22.24 28.32 41.84 58.82 72.12 74.76 46.11 13.17 6.67 12.35 14.84 19.43 23.64 25.00 18.25 15.91 26.25 17.47 20.08 28.36 33.53 35.71 36.41 37.10 38.64 39.48 40.42 39.47 41.08 42.91 36.81 34.74 32.22 30.27 27.54 24.47 22.57 22.22 22.01 20.91 19.00 17.29 14.98 13.24 11.34 10.17 8.59 9.16 9.82 10.49 12.59 13.89 14.01 14.06
7.10 13.32 15.49 18.21 7.77 7.80 5.96 14.63 13.30 12.82 15.42 15.42 16.70 14.77 13.80 12.15 11.57 11.15 10.88 12.47 14.42 17.61 20.08 20.44 19.57 20.00 25.62 37.29 46.98 65.88 72.93 48.31 20.95 10.15 12.16 15.15 16.89 20.92 27.55 21.67 21.99 21.75 21.66 19.23 19.81 20.58 22.68 24.82 25.08 38.17 38.98 38.90 40.36 39.51 27.95 28.74 41.15 39.86 24.41 35.37 31.65 21.84 21.53 23.32 22.95 23.57 21.59 16.99 14.80 13.33 12.50 12.53 13.23 12.20 11.11 10.06 10.33 10.28 11.61
6.42 6.47 12.68 15.97 7.46 8.21 6.91 15.67 14.54 15.34 16.18 16.23 15.18 11.90 10.68 10.07 9.76 10.12 10.50 14.49 17.62 20.25 21.54 15.69 15.39 18.07 26.20 34.62 40.40 61.00 72.95 56.47 27.63 14.04 13.25 13.77 17.12 19.24 22.29 27.64 28.10 28.82 29.70 30.00 31.16 29.40 24.67 25.19 32.83 33.71 35.82 33.71 28.28 36.24 38.22 37.71 34.71 33.92 25.03 22.72 27.23 22.03 23.42 25.07 24.58 23.95 23.68 24.19 22.11 20.59 19.12 17.59 13.98 15.22 15.02 13.85 10.47 9.68 7.61
5.44 12.32 13.84 13.76 16.90 7.54 16.01 15.85 16.42 16.58 16.90 17.21 15.39 11.78 9.47 8.78 8.78 10.86 13.72 15.44 19.01 21.65 17.18 12.61 14.37 18.33 28.41 34.63 40.72 58.60 76.81 73.17 52.85 29.81 17.73 13.65 16.61 19.26 21.60 24.92 28.11 27.77 28.22 29.11 32.68 35.21 37.03 37.03 36.08 26.68 35.57 34.16 30.48 31.81 32.78 28.03 26.68 28.34 27.37 27.97 22.83 24.71 28.24 31.04 21.86 19.53 19.06 18.31 16.89 14.37 14.19 14.79 14.47 15.85 16.24 17.27 17.71 13.23 6.35
2.85 1.82 12.04 1.06 6.05 6.45 15.54 14.04 16.02 19.04 18.61 14.60 8.63 7.76 7.91 9.78 8.98 10.62 12.31 16.57 20.41 17.17 13.14 12.26 13.40 20.08 29.04 32.46 39.53 54.09 70.74 72.81 66.52 54.50 39.05 22.41 18.45 19.93 20.49 21.39 24.07 27.17 28.43 29.30 31.36 33.06 33.08 33.05 36.09 36.72 36.60 36.90 35.65 34.77 34.29 33.88 34.35 35.13 38.45 33.31 27.12 21.51 22.30 22.27 20.60 19.65 18.45 17.25 14.79 14.37 11.82 11.43 12.16 12.62 12.12 14.00 13.79 14.24 11.66
4.04 3.59 3.39 12.11 11.72 12.65 14.05 13.89 16.00 16.14 14.84 10.60 11.47 13.52 11.16 11.84 7.66 9.57 12.29 16.80 20.21 16.29 13.82 12.12 13.40 20.69 26.16 27.67 36.22 50.44 63.73 63.88 64.88 59.95 50.27 39.77 26.74 23.07 21.22 21.16 21.21 22.41 24.07 23.05 24.81 27.62 30.81 30.42 33.13 34.03 35.39 36.77 38.32 37.72 38.59 38.50 31.37 25.62 25.48 24.68 20.69 18.91 20.64 22.07 23.54 23.92 21.71 18.59 17.24 16.77 16.13 15.83 16.23 15.91 13.47 10.66 8.89 7.49 10.54
12.53 12.13 9.80 10.86 10.59 13.13 11.03 13.05 14.06 10.34 5.58 12.36 16.48 15.94 13.78 12.16 10.46 11.07 13.54 18.76 20.55 17.42 13.41 10.88 12.89 18.36 21.72 23.84 32.50 49.22 57.93 55.89 57.23 56.67 50.72 42.05 34.17 30.00 25.19 23.24 19.63 14.71 15.63 18.70 21.29 24.00 25.29 23.95 29.29 32.73 35.36 35.49 33.66 31.88 30.08 28.54 24.84 24.89 24.98 24.60 22.07 21.50 23.14 24.26 23.53 21.08 21.33 18.52 15.70 18.29 22.46 17.72 17.35 17.66 16.21 14.20 10.38 11.09 10.17
1.20 0.48 2.02 9.06 10.53 12.53 9.95 9.54 9.10 3.72 12.44 14.68 18.27 15.97 14.90 13.35 12.46 13.91 15.12 19.30 20.13 16.17 10.91 8.43 11.74 15.07 18.87 23.09 34.59 50.54 53.70 52.07 52.16 52.26 47.20 37.22 33.05 33.18 30.70 25.86 23.43 22.88 23.19 22.52 21.05 27.27 23.13 21.66 27.35 26.70 22.29 24.22 25.23 24.42 24.30 24.68 25.26 27.07 28.14 27.67 25.92 24.13 23.43 22.89 20.74 19.78 12.77 11.86 18.24 12.31 9.85 8.13 7.74 14.56 14.14 12.87 6.41 9.67 9.28
1.81 2.30 2.38 11.50 11.38 10.53 2.01 9.59 10.68 11.26 13.31 16.24 17.97 18.43 18.18 17.40 4.05 4.97 16.14 18.27 18.40 12.32 9.72 11.08 13.26 14.52 16.80 23.24 35.06 46.42 50.36 49.53 47.58 49.85 44.01 32.51 27.66 32.34 33.14 32.65 28.67 27.90 26.52 23.25 26.60 18.37 18.56 22.25 15.67 17.48 19.60 21.82 23.67 24.01 24.91 27.60 29.87 30.16 28.71 26.44 26.57 24.98 23.99 23.02 19.27 16.40 17.01 15.79 10.53 9.52 7.86 12.57 13.41 13.27 12.23 10.82 2.10 1.23 1.23
3.17 3.71 4.90 9.13 1.07 1.47 1.91 11.54 12.30 12.64 14.83 14.61 16.88 19.39 16.64 5.82 5.60 6.33 16.44 17.03 17.23 12.78 12.10 14.01 12.34 13.45 16.87 23.44 32.87 43.47 46.23 46.65 44.09 50.21 41.19 33.16 23.62 29.61 30.64 36.90 31.45 21.48 19.19 18.81 24.47 22.76 23.78 15.71 16.58 18.14 22.04 26.94 27.28 26.68 27.83 29.74 29.57 27.74 25.04 22.92 21.75 20.06 18.44 17.58 17.01 16.36 14.97 12.77 14.83 14.32 15.61 20.39 14.31 14.06 16.38 10.90 8.92 1.17 10.78
4.21 4.50 4.21 2.69 2.06 9.61 11.87 13.24 12.03 13.43 13.44 14.46 16.19 15.88 8.21 16.72 13.89 13.80 11.51 15.57 15.97 14.75 14.56 12.03 10.80 13.64 16.08 21.71 29.44 32.56 44.07 36.95 41.49 47.52 42.19 34.28 21.49 27.87 28.26 32.65 16.11 27.15 11.50 13.88 18.90 27.99 23.97 25.01 25.52 28.46 32.42 32.17 29.36 27.11 26.25 24.68 23.66 23.37 21.16 20.85 20.36 19.03 17.22 15.62 18.70 18.93 19.98 20.91 24.89 23.01 20.71 14.30 13.90 12.61 10.55 9.88 9.67 10.31 1.81
5.72 5.30 4.29 3.76 11.80 12.24 11.29 11.39 11.31 12.13 15.08 16.45 16.49 19.67 18.54 15.16 13.25 12.86 13.66 15.72 15.66 14.73 13.23 11.09 12.03 13.33 15.41 18.98 21.12 30.53 39.75 32.52 38.34 46.09 44.39 35.82 25.13 29.03 26.98 27.14 26.42 23.49 23.37 17.02 13.85 19.94 27.16 29.91 32.69 33.99 32.20 28.15 25.71 22.68 19.15 18.15 19.69 19.90 21.05 22.02 19.14 18.39 17.05 15.19 13.48 12.04 12.36 13.62 13.49 12.23 10.20 8.50 7.19 11.83 10.73 9.01 1.66 0.65 1.16
6.57 6.00 5.04 11.67 12.55 11.50 11.03 11.34 10.67 13.20 12.10 6.43 17.01 17.72 10.22 16.12 14.62 15.11 15.10 16.32 16.07 16.23 14.77 13.75 14.22 14.22 15.37 18.19 23.03 29.05 35.28 29.94 36.57 45.43 43.02 34.14 28.89 30.71 27.36 25.33 22.25 20.47 20.48 24.03 21.66 22.47 17.15 20.27 23.61 24.18 22.31 21.07 20.78 18.56 15.01 15.01 16.24 15.17 19.55 21.86 21.98 20.82 16.15 15.18 13.55 11.50 16.28 12.08 24.67 17.44 12.98 14.61 13.02 10.38 9.32 3.33 2.47 2.41 3.52
6.27 6.03 6.82 11.87 10.46 10.23 10.53 10.44 10.37 13.15 15.87 13.02 8.80 10.19 13.27 15.79 16.72 16.36 15.83 16.45 16.19 16.67 14.77 4.17 17.04 13.27 12.04 16.00 23.84 32.39 30.67 27.20 35.61 45.78 39.58 29.97 28.91 29.73 27.29 26.40 22.28 19.62 18.25 21.54 28.02 24.49 24.04 19.58 20.84 20.90 19.98 19.27 18.27 17.78 16.83 15.40 14.74 15.11 16.68 19.80 20.44 26.75 17.90 15.08 14.21 12.48 11.50 11.50 14.41 13.10 9.81 9.06 8.36 8.01 7.80 6.87 6.30 6.84 7.17
5.87 6.62 11.42 12.29 11.02 9.84 9.33 9.04 11.09 12.89 11.52 7.13 9.00 11.27 15.07 18.45 18.33 17.55 15.72 16.32 14.81 16.18 13.15 14.98 17.26 10.82 13.62 21.17 27.06 29.68 27.08 28.86 33.60 46.83 37.92 28.50 26.50 25.19 22.51 20.78 21.66 20.04 17.75 19.91 24.19 28.25 31.10 28.55 27.53 22.80 19.59 18.45 16.84 15.55 15.26 13.59 11.65 12.80 15.35 17.27 17.60 17.17 15.16 14.99 14.93 13.75 13.72 13.81 14.93 14.84 11.48 9.80 9.31 7.90 8.92 9.64 14.58 12.28 12.11
5.11 6.15 10.51 10.06 9.71 8.62 12.06 10.99 11.50 11.87 5.37 2.29 13.58 16.33 16.70 18.68 19.21 18.43 16.77 15.86 14.97 15.91 16.46 17.42 16.84 15.48 18.45 20.42 25.05 29.32 26.88 26.06 31.24 46.03 37.03 28.86 35.24 35.43 28.19 27.16 29.48 26.71 19.66 16.38 19.22 25.22 28.81 30.92 31.41 31.63 23.88 20.32 16.84 15.45 14.15 12.78 11.71 12.46 13.46 14.50 15.86 15.84 13.93 14.58 15.49 14.60 13.10 13.62 14.81 16.62 22.44 19.62 11.22 13.35 8.59 10.56 10.16 9.13 6.38
2.91 4.79 8.72 9.29 4.90 10.29 12.09 11.32 8.93 8.58 1.88 1.90 17.43 17.36 16.76 16.77 18.35 17.80 14.92 13.24 12.99 14.76 15.60 16.30 16.41 17.13 19.23 21.19 24.74 28.75 27.66 22.05 29.86 42.49 36.81 26.18 32.43 29.62 32.43 34.30 34.27 35.39 26.97 20.78 14.17 13.82 23.92 29.50 30.44 29.76 30.11 24.09 19.01 16.33 15.63 14.76 13.84 13.41 13.83 14.82 16.03 18.83 21.70 22.24 13.61 13.26 22.08 18.78 22.42 13.31 13.11 11.80 20.66 12.18 11.90 11.04 7.64 13.09 18.58
0.67 3.93 6.88 8.22 9.35 13.25 12.88 10.37 2.04 8.59 5.44 14.77 7.38 18.46 16.73 19.16 18.76 19.18 15.15 12.59 12.81 14.04 16.33 15.81 15.90 18.20 19.55 21.74 25.93 26.55 25.97 25.28 29.88 40.96 34.53 22.23 29.21 25.78 28.71 30.97 32.93 33.92 35.14 26.34 21.27 15.82 13.74 16.43 19.65 30.51 30.12 25.67 23.81 17.18 17.02 18.34 15.72 16.67 18.69 20.35 19.15 15.91 13.18 12.38 12.26 11.76 18.78 11.73 12.19 11.87 11.84 17.50 19.91 21.18 10.06 8.91 7.96 7.38 6.73
1.42 3.57 7.67 9.34 12.20 12.48 6.09 7.19 8.76 11.40 12.87 14.02 13.90 16.07 16.41 19.07 22.75 24.10 9.91 11.08 13.37 14.75 15.60 14.06 15.25 17.58 17.73 20.83 25.84 26.63 25.97 22.60 23.18 33.51 30.81 19.11 29.09 26.89 23.80 31.62 32.66 32.74 35.56 33.57 26.26 23.21 17.47 16.10 16.34 18.04 20.42 32.06 20.87 21.71 19.17 26.39 27.01 16.04 16.67 15.99 16.27 18.29 12.88 12.24 11.51 11.29 10.98 11.03 11.36 11.55 12.05 12.24 20.96 10.56 9.16 7.69 6.20 5.38 5.26
3.03 2.75 10.19 5.12 2.71 2.96 9.79 4.38 6.47 15.57 12.06 12.99 13.50 16.09 15.01 8.88 11.75 14.34 9.04 2.82 13.90 15.74 13.55 11.13 14.95 15.13 15.87 21.89 24.03 25.54 22.59 14.83 19.62 30.20 31.89 21.44 28.31 26.43 19.76 34.13 30.74 29.89 32.11 36.30 34.53 28.07 26.71 24.07 21.25 18.48 18.05 18.90 21.51 22.13 26.48 16.27 12.41 12.94 10.87 10.39 14.50 16.34 16.23 16.54 17.08 17.70 10.72 10.98 10.95 10.93 11.26 17.90 9.03 7.77 7.03 6.20 5.49 4.83 12.19
3.60 3.68 5.99 3.12 2.26 10.41 3.39 6.30 14.75 14.68 13.55 14.61 15.18 4.64 4.53 4.97 13.18 14.48 6.40 1.54 12.45 11.97 9.22 12.93 14.60 12.71 15.64 21.63 23.90 24.29 12.48 14.84 25.85 32.26 37.46 25.06 24.06 29.79 30.56 27.43 30.18 32.49 27.87 32.77 34.08 37.02 36.49 33.79 25.72 24.42 21.40 17.10 13.97 12.41 10.61 9.71 10.06 10.03 9.56 9.41 9.01 9.26 10.09 9.96 9.21 8.80 16.55 17.26 17.33 15.83 8.88 8.56 7.66 7.28 7.22 6.58 5.93 4.95 12.47
3.07 3.13 9.90 9.63 11.90 4.93 3.21 12.49 14.31 8.08 6.62 5.47 3.43 4.64 4.69 9.97 15.23 12.17 3.38 2.28 12.85 13.44 12.99 14.75 13.48 11.73 16.25 20.80 22.85 20.85 11.83 22.56 26.69 30.25 36.61 28.08 19.71 28.45 29.91 30.06 26.86 31.89 31.47 31.75 33.70 30.70 31.53 20.26 21.29 21.16 29.64 20.29 17.84 16.00 14.28 12.25 10.52 9.80 9.24 8.36 7.96 8.28 8.70 8.73 8.11 12.89 10.87 7.22 7.25 7.17 8.26 9.22 9.01 8.37 7.43 6.36 13.58 13.33 4.41
2.24 8.62 9.78 9.10 9.01 4.57 3.66 12.59 6.86 6.46 5.06 4.42 4.34 6.80 8.32 12.69 13.40 7.10 1.11 3.47 12.84 13.65 14.60 11.05 11.55 12.65 17.07 19.00 18.91 20.23 21.52 23.83 26.87 28.71 31.97 30.99 20.42 27.59 30.43 30.08 27.75 28.94 29.65 28.37 30.18 30.37 32.53 32.95 14.97 29.37 27.95 29.56 30.99 28.16 18.68 17.53 16.15 14.87 13.67 12.00 10.26 8.90 7.97 7.45 6.96 6.39 5.96 6.46 8.09 10.01 11.04 10.74 9.38 7.85 13.63 13.40 5.86 5.25 4.55
8.61 11.32 10.91 9.14 8.77 9.94 11.23 9.16 5.34 4.51 5.43 4.48 5.99 7.72 10.06 12.19 8.81 2.26 1.61 15.61 14.58 13.16 15.01 14.49 13.89 13.93 16.14 18.19 19.44 21.39 22.12 23.92 15.29 29.74 27.75 30.02 28.75 27.21 30.06 28.02 28.50 26.86 28.31 28.79 29.07 30.39 28.64 28.58 27.84 26.01 25.12 27.73 29.50 17.30 17.72 17.02 16.18 15.14 14.37 13.97 13.53 12.55 11.22 9.89 9.25 9.78 10.81 11.91 12.80 12.98 12.11 10.46 8.87 7.67 12.98 6.51 5.74 4.76 3.94
11.39 8.84 8.07 9.25 10.50 8.56 6.94 4.60 4.07 3.20 4.18 4.33 5.39 7.54 9.87 9.66 4.49 1.06 3.26 16.22 15.84 15.58 15.89 16.21 14.13 14.60 16.26 18.38 19.79 21.92 23.52 12.43 14.72 27.98 23.76 29.36 29.63 29.87 29.61 28.09 27.41 26.04 28.43 27.64 27.78 29.70 29.91 30.16 29.30 26.68 27.59 27.88 31.65 15.11 15.31 14.66 13.76 12.96 12.55 12.71 13.12 13.48 13.89 14.24 14.48 14.73 14.98 14.76 13.82 12.58 11.47 10.46 9.61 8.51 13.31 6.01 4.86 3.82 3.26
3.63 6.32 7.49 6.12 4.80 4.55 3.81 3.16 0.90 1.93 2.59 3.11 4.44 7.06 8.18 6.13 1.84 6.17 9.19 16.87 16.43 17.56 15.75 16.08 14.56 15.63 15.17 18.64 20.11 21.85 18.62 23.23 20.40 28.38 25.44 28.90 30.59 27.59 28.19 28.20 28.42 25.04 21.56 27.75 26.88 26.83 30.03 28.55 18.52 29.66 24.85 25.08 26.87 29.94 14.40 14.05 13.00 12.23 11.58 11.22 11.45 12.04 12.55 13.12 13.79 14.21 13.83 12.60 11.51 10.94 10.40 9.75 8.97 7.81 6.37 4.83 3.42 2.73 12.66
3.99 7.46 7.03 6.38 4.85 2.95 1.57 1.55 1.39 1.00 1.40 2.86 4.88 6.41 5.47 2.71 0.30 7.73 18.94 17.33 10.05 16.31 15.84 17.94 15.75 13.70 13.67 10.80 21.36 20.69 20.04 22.55 23.24 25.56 25.51 27.66 28.52 27.58 29.16 27.57 27.70 25.07 20.67 25.56 25.53 27.18 26.78 26.04 17.29 17.19 28.10 23.73 25.80 28.14 14.13 13.88 12.46 11.60 10.81 10.29 10.42 10.55 10.58 11.03 11.72 12.06 11.54 10.42 9.52 9.01 8.40 7.62 7.10 6.64 5.84 4.54 3.44 3.56 3.78
7.28 5.77 5.76 5.23 5.37 4.32 3.62 3.36 2.59 1.47 1.39 2.98 5.13 5.65 4.42 1.66 5.87 9.46 16.92 18.69 19.89 12.51 17.01 19.12 15.17 12.04 6.59 9.84 12.00 12.77 19.04 19.87 23.09 24.85 26.48 27.29 26.19 28.75 28.51 18.12 25.33 26.21 18.64 20.07 23.01 25.49 25.77 25.22 28.76 11.57 16.29 24.88 27.28 17.46 13.51 13.69 12.41 11.66 11.12 10.55 10.38 10.21 10.27 10.48 10.58 10.58 10.53 10.20 9.52 8.89 7.84 13.23 13.56 7.06 6.70 11.35 7.35 8.31 8.82
3.68 4.41 5.16 6.10 6.35 5.80 5.07 4.54 3.92 2.89 6.25 2.66 4.66 5.75 5.51 2.99 7.70 10.00 17.89 18.86 17.14 7.44 11.08 19.71 16.91 11.67 6.19 8.84 20.06 22.09 20.63 21.60 22.11 23.65 26.85 27.01 25.51 26.71 28.68 18.12 27.37 27.48 15.42 12.49 13.12 22.08 24.33 25.77 22.20 15.81 14.00 23.60 26.94 25.69 12.27 12.94 12.71 12.50 12.69 11.78 10.62 9.86 9.30 8.87 8.72 8.99 9.56 10.21 10.47 9.69 13.61 13.73 14.21 7.35 7.03 7.98 9.36 9.22 7.61
4.16 5.58 5.78 6.48 6.82 6.56 8.70 5.38 5.08 4.64 3.88 3.71 4.58 5.32 5.60 3.76 8.38 17.30 17.13 19.15 16.90 15.76 18.48 16.95 16.48 6.06 4.69 8.81 18.20 20.87 22.14 18.94 23.43 23.56 24.62 25.07 27.13 27.86 27.67 18.63 27.27 21.29 17.35 15.08 13.03 12.51 15.56 21.62 20.05 25.51 20.55 21.61 23.62 21.21 23.87 17.50 12.39 12.56 12.98 12.48 10.23 8.33 7.25 12.91 7.31 7.93 8.52 9.13 9.59 9.47 8.92 8.52 13.83 7.56 14.92 6.75 6.11 4.12 9.82
5.79 5.78 5.89 5.69 6.15 6.25 6.08 5.85 5.71 5.58 5.73 5.89 5.89 5.65 8.45 3.90 9.83 17.50 17.89 18.08 17.20 16.14 16.33 16.13 16.37 5.48 1.91 9.25 20.40 21.57 22.75 22.97 20.31 22.95 24.93 24.56 25.48 25.15 28.04 18.76 20.32 18.23 25.58 17.57 14.88 13.63 16.69 22.38 21.57 22.31 22.00 22.80 23.40 22.15 14.39 23.35 17.32 11.50 10.93 12.15 10.91 7.92 6.30 6.22 7.00 7.58 7.99 8.22 8.20 8.60 9.26 9.38 14.44 8.33 7.28 14.27 10.87 7.84 3.70
