examples/cougarCreek-fire/createInputs/WindNinja/wrfout_d3.2015081112.f20/cougarCreekFire_08-12-2015_0800_217m_non_neutral_stability_vel.asc
ncols	146
nrows	140
xllcorner	610065.000000
yllcorner	5095217.000000
cellsize	216.586807
NODATA_value	-9999.000000
[rows 70 to 104 of 140, columns 0 to 78 of 146]
6.32 5.32 4.32 5.34 5.41 5.62 5.84 6.03 6.05 10.02 6.51 7.35 7.77 7.25 5.94 4.42 11.82 17.61 19.41 18.54 18.51 18.56 16.08 15.94 14.11 4.87 2.82 10.55 20.19 21.61 21.38 20.32 20.33 21.82 24.42 22.81 23.77 26.75 27.39 18.36 15.11 16.88 18.94 18.85 15.52 13.17 24.48 21.89 21.02 16.05 15.26 23.05 24.01 20.03 18.65 13.02 16.57 14.17 9.87 11.06 13.21 11.50 8.95 7.65 7.42 7.51 7.74 15.49 7.64 7.45 7.77 8.07 14.50 14.63 14.27 13.81 13.77 9.50 6.58
4.51 4.49 5.60 7.50 5.44 5.65 5.87 9.83 10.22 10.77 11.79 13.18 14.28 12.96 7.76 5.38 13.47 18.58 19.51 19.31 17.84 18.09 14.15 12.50 7.34 5.44 7.98 15.39 20.03 19.61 21.03 21.82 19.97 22.47 22.56 22.78 22.76 24.39 25.57 12.94 18.31 26.93 16.31 30.77 16.46 13.69 13.16 22.89 24.16 23.20 17.14 15.85 21.96 21.57 22.94 16.99 13.74 17.52 9.98 8.78 12.17 14.27 13.10 11.36 9.68 8.81 8.51 8.06 15.66 7.33 6.63 6.16 13.66 13.70 14.28 14.53 13.92 13.68 12.61
5.59 6.52 7.81 9.15 6.15 6.36 6.71 10.75 10.81 11.33 12.87 13.99 9.85 12.16 10.91 6.88 14.23 17.64 19.69 19.85 20.58 15.86 13.93 14.34 7.22 3.42 10.05 18.24 19.53 18.97 21.14 21.41 19.60 24.68 21.30 22.51 22.98 25.64 23.25 11.27 17.68 27.66 14.15 17.72 18.16 14.90 24.62 14.06 17.48 15.80 15.69 15.88 22.74 16.24 17.55 21.48 12.74 9.01 19.71 8.69 8.22 12.18 13.57 12.98 12.17 11.60 11.02 10.14 9.40 8.66 15.27 14.11 13.83 12.53 13.59 7.30 13.93 13.39 13.98
7.53 8.64 10.93 10.36 6.90 7.18 7.64 11.91 11.46 12.12 12.75 13.84 7.86 11.19 12.23 8.12 14.95 17.46 20.20 20.06 19.86 16.30 12.31 12.99 6.68 3.69 17.90 19.39 12.63 19.41 21.81 20.15 19.13 22.82 13.23 21.26 21.83 22.05 22.89 10.27 17.35 27.96 13.07 15.72 25.59 16.24 13.35 26.92 25.95 26.61 16.20 17.40 23.15 11.24 19.12 13.78 13.42 9.18 9.16 9.35 7.95 8.56 11.09 11.50 11.39 11.35 11.17 11.00 10.89 10.57 14.59 14.32 14.56 14.35 15.21 16.70 14.92 14.73 15.47
9.88 10.33 11.23 10.75 7.34 7.42 12.11 12.24 12.14 12.79 13.04 13.19 12.70 8.96 10.56 7.75 15.29 19.05 17.91 20.94 18.14 9.85 14.61 14.50 4.96 4.47 17.26 13.15 12.26 19.49 21.41 19.86 23.52 13.39 12.82 21.42 23.47 23.40 23.81 10.71 11.63 24.86 26.21 13.25 16.71 17.24 13.82 22.79 27.93 22.62 25.45 24.45 23.13 18.00 10.97 20.53 14.51 9.54 9.13 14.29 8.35 6.96 8.56 10.11 10.03 9.57 9.28 16.80 17.51 18.45 16.25 17.82 17.86 17.50 16.91 16.68 15.22 15.16 15.51
12.17 11.60 13.87 11.34 11.12 11.35 12.21 12.57 13.36 14.55 13.71 6.19 12.27 7.26 8.24 6.13 16.43 13.25 14.35 20.89 18.10 10.28 14.05 9.29 4.92 16.77 18.22 19.59 21.14 21.75 20.84 21.47 20.47 12.25 21.01 21.63 20.79 26.02 23.30 15.75 11.48 26.48 24.72 11.55 13.91 29.23 15.22 12.96 27.59 18.85 26.75 25.14 22.94 17.43 10.42 16.88 23.11 20.70 15.49 24.36 8.36 7.52 7.37 9.31 10.13 9.71 9.00 8.22 14.99 17.89 16.34 16.25 16.09 16.17 16.20 16.55 15.87 15.73 15.63
13.53 13.44 13.16 12.47 11.66 11.93 12.75 13.34 14.83 9.60 9.79 8.52 6.62 14.45 7.61 4.94 19.56 16.68 18.32 19.06 19.00 10.83 10.78 4.10 14.80 17.42 17.91 20.17 20.45 21.67 20.92 22.50 15.32 14.40 20.50 12.58 22.88 23.14 23.04 15.14 15.86 25.45 27.22 15.48 11.60 14.95 24.49 16.22 25.65 24.87 26.25 25.47 25.68 16.75 16.79 16.23 20.71 21.52 14.97 15.87 12.41 7.76 7.14 7.68 8.89 9.19 8.71 15.26 7.22 15.48 15.09 13.99 14.11 14.78 16.15 15.66 15.78 15.15 16.17
15.51 14.75 14.22 13.24 12.37 12.95 13.03 14.17 18.47 10.16 10.95 11.14 10.13 14.72 8.92 6.21 19.17 16.52 18.21 19.85 18.23 12.73 9.21 13.44 18.22 16.33 16.76 20.13 22.20 21.70 20.42 22.83 14.74 21.83 21.78 12.95 22.51 24.38 22.02 14.42 22.89 25.80 26.03 15.85 10.69 13.21 28.49 14.74 22.83 24.87 23.92 24.98 24.20 17.46 16.73 15.93 20.24 13.84 7.31 6.54 23.22 7.91 7.50 6.48 6.66 13.53 13.51 13.28 12.38 13.12 15.39 13.97 13.68 14.48 15.66 6.86 14.76 16.26 7.81
16.42 15.73 14.83 13.63 13.18 12.58 15.19 14.31 14.47 8.72 9.00 11.19 12.65 15.39 9.63 8.40 19.53 16.45 19.09 18.63 11.88 3.85 9.39 3.12 4.28 17.96 18.26 19.37 21.00 20.89 13.76 20.25 20.69 21.52 23.62 6.66 21.96 23.30 14.41 13.37 22.18 25.49 23.92 16.11 16.73 10.81 20.31 26.58 21.59 25.45 22.33 24.63 25.96 16.55 15.64 15.02 19.29 22.21 17.72 11.78 15.42 13.25 7.51 6.06 5.66 12.80 5.44 12.70 5.10 4.86 4.44 13.47 15.96 15.52 15.72 6.57 7.30 7.53 7.92
17.43 16.68 15.68 14.23 13.94 16.68 14.86 13.22 15.77 5.70 11.89 7.54 19.19 11.99 8.97 16.04 14.30 6.38 17.57 4.79 4.44 3.56 14.39 2.97 4.64 19.03 18.57 18.27 19.69 18.94 19.25 18.80 22.52 21.39 24.37 13.24 6.80 22.92 12.62 12.78 19.25 25.25 24.29 15.07 7.92 22.01 18.29 20.55 25.17 20.79 22.73 23.28 25.33 16.39 7.91 7.42 7.13 22.44 16.70 12.43 6.86 16.67 13.68 11.59 4.68 6.08 6.36 6.27 6.43 6.41 6.22 5.92 5.63 15.12 16.52 15.83 7.14 8.63 9.11
17.99 16.65 15.94 15.43 15.01 12.65 10.72 16.54 14.52 10.77 3.82 22.00 9.30 11.55 9.06 18.64 8.18 7.21 5.71 4.88 4.41 16.92 2.68 2.88 4.43 19.07 18.12 15.54 18.23 18.65 18.10 20.54 24.08 21.17 21.58 14.33 15.05 22.63 11.26 13.07 23.27 20.67 23.60 23.38 12.81 13.19 17.31 11.46 13.63 11.33 24.38 18.96 25.49 7.58 8.75 9.77 9.84 10.12 15.85 9.67 8.27 6.66 5.68 21.93 5.01 6.14 7.72 8.01 7.80 7.35 7.24 7.18 6.66 6.06 15.79 18.68 7.45 8.87 16.21
19.14 15.96 16.06 9.58 15.87 12.53 12.44 11.37 14.70 15.62 4.49 5.95 8.02 10.17 9.55 15.84 7.30 6.96 6.03 4.91 16.59 12.26 2.73 3.37 4.32 20.50 15.75 10.68 16.74 19.79 16.77 19.52 20.88 21.87 21.35 21.58 22.15 13.26 11.93 18.97 21.95 13.67 22.52 21.75 23.11 19.97 15.69 8.94 12.53 13.08 11.25 19.71 28.81 8.74 10.52 12.28 12.75 12.16 11.93 11.45 10.06 8.18 6.67 5.94 16.24 6.21 7.33 8.06 8.03 7.90 7.45 15.37 7.32 7.17 7.27 7.63 7.83 8.07 8.29
19.36 16.04 16.34 15.58 17.42 12.26 12.98 6.29 13.43 13.23 4.56 5.89 7.94 8.52 8.11 15.65 6.29 6.55 5.93 19.32 17.10 3.72 2.74 3.36 3.77 20.47 10.05 2.42 18.34 17.92 17.61 12.66 19.37 21.01 23.45 18.00 22.45 11.36 11.54 20.68 17.52 12.32 11.99 19.65 19.46 22.67 13.08 6.27 9.45 23.40 15.08 10.67 9.83 10.30 10.46 10.44 11.75 11.67 10.74 10.53 23.79 10.01 8.92 7.69 7.09 6.65 6.03 20.22 7.27 15.76 7.29 7.30 17.43 8.28 8.32 7.83 22.64 6.53 17.64
17.46 15.79 17.10 15.94 14.00 13.01 11.17 5.19 14.09 14.03 3.80 4.58 7.55 7.81 16.87 6.16 5.98 6.71 6.44 20.67 16.59 2.73 2.96 3.32 18.36 16.87 10.28 12.25 18.57 12.44 15.92 12.34 19.13 20.55 19.85 22.97 13.53 12.22 19.51 19.86 11.03 18.08 19.44 20.13 21.95 21.42 18.28 4.14 6.07 21.01 24.44 27.09 9.47 9.65 7.89 6.52 7.36 17.32 18.16 8.73 10.04 21.03 11.10 10.66 9.34 17.49 6.15 15.28 6.93 7.17 6.97 6.65 18.31 15.02 14.89 7.33 16.87 17.52 16.34
19.78 16.03 18.03 16.79 13.13 13.63 6.11 4.44 15.56 11.27 3.71 3.81 13.82 7.28 7.50 6.67 6.05 6.74 18.66 16.99 2.90 1.97 2.92 3.67 4.53 16.72 14.13 15.53 16.57 10.88 17.71 12.28 17.93 19.19 19.62 20.08 14.34 14.59 22.39 6.86 5.20 2.65 15.49 21.57 19.92 22.46 19.68 3.64 4.30 14.93 23.88 7.69 8.48 6.79 4.82 4.01 4.01 5.33 6.56 7.18 7.87 18.30 9.57 19.27 9.78 7.64 14.54 15.46 15.92 7.20 7.17 6.54 17.20 17.55 18.43 17.39 15.79 18.10 16.20
20.85 17.40 17.91 14.87 14.35 13.68 11.74 11.01 15.97 4.35 4.17 3.92 3.93 15.01 15.66 6.49 19.96 21.46 19.08 16.12 2.92 2.20 2.91 3.32 12.36 15.10 13.76 14.45 17.15 9.70 17.53 15.29 17.91 19.19 17.32 12.94 13.55 15.02 15.46 8.90 7.88 5.11 4.42 14.39 17.65 20.66 12.90 11.12 3.44 5.57 20.37 15.78 4.55 3.17 2.79 2.50 13.39 2.77 3.95 4.57 4.74 15.64 5.47 5.64 24.75 22.88 16.12 15.63 15.55 17.05 15.54 7.09 13.49 14.57 19.57 15.46 14.78 15.53 11.74
22.14 19.10 16.72 14.38 17.47 15.05 12.76 13.49 13.46 4.12 4.52 4.90 3.25 15.71 17.59 18.36 18.80 19.52 5.40 3.77 2.51 2.05 2.63 2.52 17.73 10.47 13.80 13.81 15.83 15.57 17.74 11.17 15.81 11.12 17.24 11.24 15.60 16.99 5.55 7.95 8.83 6.10 3.90 13.19 18.76 19.59 19.14 2.16 2.14 3.81 18.29 17.96 20.56 1.32 2.13 2.28 1.94 11.33 1.97 2.33 2.50 2.67 2.80 2.84 17.82 25.33 16.90 15.85 17.06 17.93 6.49 21.66 18.93 15.00 15.72 16.57 15.32 15.02 8.71
23.67 18.70 15.84 16.02 18.08 14.09 6.38 5.70 5.11 4.41 5.06 6.45 4.51 16.24 15.37 18.00 19.17 14.61 5.10 3.87 2.28 1.49 1.67 11.00 15.76 14.25 13.94 13.83 15.50 16.89 12.93 10.24 15.84 0.72 17.08 13.27 16.38 14.54 11.54 4.80 7.24 6.31 3.42 13.39 12.36 19.11 17.38 1.24 10.42 10.64 15.13 18.17 7.96 0.29 0.63 1.33 1.49 1.24 1.04 10.61 12.83 11.06 1.48 2.32 18.41 5.04 16.61 15.17 16.09 15.92 17.45 15.42 14.94 5.48 3.68 11.51 10.87 14.68 15.64
23.65 17.72 16.44 19.08 17.65 17.50 13.59 13.63 5.19 4.60 5.71 7.96 6.35 9.63 17.56 16.46 18.28 6.43 5.02 3.74 1.96 1.25 0.55 18.40 15.82 13.41 11.39 11.75 14.87 14.05 12.99 13.86 17.40 1.67 12.06 13.38 15.64 15.28 2.25 3.54 4.45 4.71 2.99 13.20 9.67 13.77 14.84 13.22 9.52 2.50 11.96 16.02 2.05 18.44 7.76 0.78 8.66 8.11 0.53 10.33 10.95 10.59 11.10 0.95 17.08 21.93 17.30 15.66 16.42 16.11 15.46 15.30 17.30 20.03 5.10 5.11 4.76 3.78 3.04
18.38 16.38 19.99 19.67 15.89 16.00 14.39 13.33 3.83 4.00 6.03 13.92 7.85 4.09 18.41 16.24 18.32 5.11 4.76 3.55 1.49 0.72 0.62 17.14 13.03 1.66 0.69 6.75 13.81 12.89 1.32 14.16 16.55 2.93 1.29 16.53 15.23 14.98 2.78 3.67 4.37 17.36 3.33 14.68 8.43 14.06 15.41 10.68 8.09 9.42 10.36 15.10 2.68 1.33 7.69 1.49 7.76 7.05 10.40 9.85 14.85 9.31 10.38 13.75 16.99 15.75 19.48 16.59 18.70 18.65 14.65 15.97 15.46 15.42 12.65 17.28 15.14 10.54 5.71
17.38 15.27 19.12 18.71 14.51 14.85 14.07 12.66 2.70 3.33 6.11 15.38 8.71 5.93 19.32 1.14 18.88 4.20 4.22 3.27 1.43 0.60 18.94 13.04 2.21 1.41 1.07 13.06 12.36 13.32 14.18 15.01 17.16 11.82 2.67 13.79 12.60 13.38 2.86 3.55 3.95 8.61 3.88 10.22 9.40 10.63 15.25 7.80 2.80 2.88 9.35 11.43 2.78 1.61 1.20 9.00 1.35 6.57 0.77 0.84 12.25 16.40 1.04 13.58 15.30 16.21 20.24 19.22 20.58 20.83 22.37 15.01 0.97 2.40 4.00 15.61 15.04 14.78 16.14
16.37 14.57 17.61 16.97 13.12 12.87 12.78 13.72 2.01 2.93 5.85 8.83 8.57 6.75 4.18 18.42 17.27 4.13 3.99 3.03 1.76 0.98 16.34 12.47 1.44 0.95 12.88 13.72 14.10 11.36 13.28 15.27 13.83 14.89 9.72 15.95 12.06 13.28 3.25 11.95 8.40 11.67 5.34 12.46 11.49 13.26 7.06 1.56 1.96 2.55 2.44 2.59 10.97 7.96 5.63 6.44 6.43 6.37 8.90 1.45 11.98 7.98 13.99 10.19 16.27 1.40 17.98 12.06 13.71 14.58 13.90 20.41 0.70 1.14 17.47 13.71 14.97 14.51 13.52
20.59 16.23 17.52 17.99 17.00 15.64 12.31 12.01 13.85 2.83 5.19 16.22 7.89 17.52 4.34 19.56 2.96 15.84 4.26 3.07 1.93 11.23 15.05 2.61 0.78 1.25 13.45 14.46 12.20 12.84 14.45 13.56 15.80 16.92 13.44 14.44 12.92 7.25 10.44 4.23 8.60 12.76 4.63 4.11 2.86 6.35 7.05 7.22 2.14 2.64 2.54 3.07 10.36 3.53 3.27 12.13 6.06 5.67 8.87 6.47 9.64 13.82 7.83 9.46 17.51 1.77 2.39 20.06 13.81 14.51 14.12 20.66 1.32 2.13 14.34 13.26 19.85 17.70 17.43
21.29 10.38 8.82 7.10 15.62 15.97 11.75 0.73 13.51 2.96 20.38 16.75 7.26 17.78 15.00 17.03 17.70 10.89 4.29 3.09 1.49 10.72 11.36 12.97 1.18 1.67 13.59 13.67 13.58 11.25 11.62 9.37 15.67 15.98 13.66 7.05 0.57 0.96 2.36 4.30 4.46 2.98 2.52 3.38 2.61 7.41 7.81 1.86 2.46 3.07 3.73 9.25 9.25 4.06 3.27 3.12 5.59 11.67 7.17 5.82 7.83 7.87 8.51 10.75 12.15 14.65 14.57 10.27 19.72 13.08 13.10 21.85 1.84 2.84 13.74 17.35 15.85 10.41 5.72
11.90 11.23 10.11 8.29 20.03 17.19 12.68 1.78 2.09 2.93 3.51 19.33 17.77 14.74 14.83 15.79 14.84 14.67 3.81 2.98 1.17 7.42 13.15 12.89 2.35 1.75 13.10 12.59 11.62 15.36 14.78 12.47 15.51 11.90 1.04 1.15 0.94 1.06 2.63 4.43 3.57 1.87 1.91 2.88 2.69 1.83 1.60 1.96 2.72 3.50 4.27 6.82 7.12 3.78 3.16 3.09 7.81 3.19 7.74 7.37 6.04 11.67 14.47 2.09 2.20 12.59 17.68 15.27 20.33 13.60 14.20 21.06 2.64 13.62 15.90 14.13 5.83 15.39 13.84
18.94 10.44 21.08 8.29 19.65 16.44 3.38 12.55 2.11 12.49 17.53 17.64 16.94 14.17 14.12 14.18 16.80 15.33 2.84 2.99 2.12 14.89 12.08 3.34 2.68 1.91 12.93 9.80 1.52 13.78 1.99 13.71 11.61 8.75 1.44 1.07 0.93 1.25 3.01 4.67 3.77 2.20 2.08 2.44 2.38 2.25 2.23 2.17 2.68 3.42 3.93 4.08 3.53 2.99 3.12 3.28 3.08 2.82 2.97 3.41 10.85 7.09 10.23 1.44 1.33 1.50 1.87 12.54 13.93 14.69 14.23 15.49 14.33 14.77 17.34 18.33 4.72 6.56 7.52
9.79 8.91 22.24 19.33 19.04 17.67 3.73 12.98 12.55 16.31 12.92 18.25 17.81 13.95 14.13 12.25 17.33 15.57 1.78 2.94 2.17 13.67 2.45 3.03 2.69 1.95 14.14 11.15 15.28 10.50 8.55 10.60 10.14 2.00 1.65 1.29 1.12 1.43 3.17 4.41 3.67 2.54 2.26 2.04 2.07 2.53 2.97 2.78 2.57 3.04 3.51 3.46 3.09 2.85 2.80 2.76 2.77 2.77 2.76 2.84 10.13 6.60 1.83 1.44 9.13 0.80 0.77 1.18 1.54 14.70 15.03 15.38 11.98 17.00 19.73 15.72 3.89 5.36 7.13
11.11 10.14 22.28 20.80 18.07 17.97 16.49 3.19 14.25 19.00 4.96 18.48 17.62 16.85 5.39 14.99 14.28 14.87 1.20 12.28 2.20 1.40 1.74 2.66 2.91 12.74 1.88 14.87 8.32 2.33 9.02 2.02 2.62 2.64 2.26 1.87 1.63 1.95 3.54 4.73 3.85 2.66 2.01 1.49 1.94 2.74 3.36 3.43 3.14 3.31 3.60 3.49 3.18 2.72 2.27 2.09 2.04 2.09 2.20 2.25 2.18 2.19 2.16 1.78 1.21 0.93 1.06 1.35 1.55 1.63 2.17 2.81 2.89 14.87 11.61 18.33 18.08 3.55 5.17
12.43 12.39 11.32 21.40 21.60 7.37 16.20 4.73 3.54 2.97 18.21 17.47 16.45 14.38 5.14 3.23 17.57 11.67 11.77 15.38 1.77 2.39 2.36 1.77 11.39 12.92 12.65 2.98 10.77 11.52 8.73 2.46 2.60 2.48 2.13 1.67 1.69 2.23 3.91 5.55 4.81 2.85 1.37 1.15 1.95 2.98 3.59 3.83 3.88 3.97 3.92 3.63 3.21 2.61 2.09 1.70 1.30 1.14 1.32 1.58 1.80 1.87 1.82 1.70 1.39 1.20 1.37 1.79 2.10 13.60 3.03 3.32 2.91 17.09 16.58 21.57 17.75 1.95 3.31
10.54 22.41 11.17 21.87 22.08 8.23 18.25 5.21 3.84 19.00 20.73 5.16 16.99 14.18 5.43 11.98 15.05 14.94 13.32 2.08 2.51 12.55 1.76 0.82 0.60 13.89 10.52 10.39 12.94 12.83 8.83 11.43 2.68 2.34 2.18 1.95 1.94 2.33 3.78 5.76 5.50 2.94 1.51 1.47 1.78 2.94 3.70 4.11 4.65 4.97 4.47 3.67 3.11 2.73 2.41 1.90 1.17 0.39 0.26 0.80 1.30 1.54 1.46 1.52 1.72 1.74 1.88 2.17 2.47 2.80 3.15 3.04 15.43 14.55 14.96 15.38 18.32 17.26 2.72
8.89 22.61 8.13 24.62 9.09 15.65 19.68 15.51 19.98 2.94 2.84 3.98 15.13 6.80 11.84 4.62 12.67 11.42 12.75 1.80 1.67 1.28 0.35 18.28 13.93 11.24 9.49 12.59 13.98 12.25 3.92 3.64 3.32 2.84 2.73 2.64 2.52 3.07 4.59 6.54 6.26 4.04 3.41 3.04 2.84 3.41 4.07 4.54 5.47 6.35 5.58 3.97 3.09 2.85 2.63 2.23 1.89 1.40 0.91 0.75 1.12 1.57 1.71 10.59 2.18 2.29 2.28 2.41 2.69 2.91 2.95 2.78 2.45 2.43 2.38 13.66 14.62 15.29 3.50
11.38 9.65 6.73 24.34 7.90 19.96 23.35 7.28 5.42 21.11 1.31 17.17 12.14 15.95 15.25 14.31 12.05 10.53 11.22 15.44 2.03 1.12 0.85 0.42 1.13 2.27 11.90 13.66 13.97 10.71 5.03 4.27 3.69 3.23 3.00 2.86 3.00 4.17 6.47 9.21 9.80 7.76 5.87 4.70 4.18 4.24 4.53 4.82 5.84 7.34 6.86 4.76 3.45 3.12 2.68 2.20 2.17 2.01 1.63 1.39 1.53 1.92 2.14 2.27 2.53 2.64 2.67 2.96 3.26 3.32 3.23 3.07 14.48 14.59 14.11 13.08 13.82 15.38 18.54
12.67 12.62 10.49 5.89 7.45 19.19 7.68 19.96 16.42 22.43 3.03 18.62 18.52 17.32 15.80 11.05 2.49 12.48 11.98 10.91 2.31 13.49 10.63 1.07 2.12 2.25 12.46 14.42 11.63 5.66 5.74 4.58 3.67 3.42 3.21 3.11 3.29 3.98 5.08 7.20 9.30 8.50 6.52 4.85 3.90 3.88 4.10 4.36 5.64 7.68 8.02 6.26 4.49 3.59 2.67 1.81 1.69 1.80 1.81 1.91 2.18 2.41 2.47 2.70 3.09 3.31 12.99 12.67 12.43 14.33 14.69 15.03 14.82 14.81 13.80 14.31 15.01 14.15 15.79
12.47 13.45 13.81 9.91 22.96 6.04 22.07 20.61 19.14 7.43 5.81 16.46 3.11 14.80 19.51 13.16 2.42 12.31 2.31 9.95 15.18 1.55 10.84 3.55 12.93 11.80 12.43 13.88 8.35 5.65 11.21 10.42 3.84 3.62 3.39 3.30 3.24 2.54 1.04 2.30 5.03 5.90 5.45 4.62 3.83 3.56 3.55 3.79 5.08 7.20 8.51 7.92 6.24 4.60 2.93 1.63 1.22 1.48 1.88 2.31 2.80 3.19 9.31 3.88 4.27 11.42 12.95 12.48 12.91 14.09 14.87 14.91 13.26 14.55 15.41 15.40 15.74 18.36 15.70
11.43 11.71 12.62 11.38 6.48 20.57 5.10 16.74 23.61 7.53 7.91 6.99 16.36 18.54 4.78 13.78 12.76 13.28 2.66 15.14 2.47 11.89 10.28 2.46 13.56 10.92 12.67 15.30 11.10 10.53 15.61 11.54 4.47 3.83 3.40 3.04 2.94 2.48 1.65 1.62 2.94 3.90 4.23 4.47 4.42 4.14 3.89 3.88 4.56 6.09 7.61 8.38 8.12 6.44 3.81 1.85 1.28 1.72 2.41 2.95 3.43 3.95 4.56 5.18 5.41 12.17 12.64 12.97 6.34 6.39 15.32 15.53 15.48 14.53 14.90 15.34 15.19 15.91 16.51
