examples/cougarCreek-fire/createInputs/WindNinja/wrfout_d3.2015081012.f23/cougarCreekFire_08-11-2015_1100_217m_non_neutral_stability_vel.asc
ncols	146
nrows	140
xllcorner	610065.000000
yllcorner	5095217.000000
cellsize	216.586807
NODATA_value	-9999.000000
[rows 0 to 34 of 140, columns 0 to 78 of 146]
11.61 9.08 7.23 6.61 11.28 4.08 4.63 5.86 7.13 8.65 10.21 11.58 12.99 13.42 16.33 12.76 15.51 14.19 10.13 12.04 14.24 16.14 17.44 17.79 17.38 17.45 17.92 18.07 18.74 19.67 19.14 21.59 16.77 17.24 17.15 17.45 17.81 17.48 16.62 16.19 15.86 15.24 14.80 14.71 14.53 14.13 13.86 13.85 13.47 6.50 12.37 1.78 13.49 10.96 15.64 16.76 15.97 10.05 21.04 23.15 24.26 22.21 26.02 26.47 26.32 24.86 28.26 31.36 32.26 31.98 32.07 31.35 30.16 29.05 28.73 26.01 20.37 21.75 28.71
11.61 9.08 7.23 6.61 11.28 4.08 4.63 5.86 7.13 8.65 10.21 11.58 12.99 13.42 16.33 12.76 15.51 14.19 10.13 12.04 14.24 16.14 17.44 17.79 17.38 17.45 17.92 18.07 18.74 19.67 19.14 21.59 16.77 17.24 17.15 17.45 17.81 17.48 16.62 16.19 15.86 15.24 14.80 14.71 14.53 14.13 13.86 13.85 13.47 6.50 12.37 1.78 13.49 10.96 15.64 16.76 15.97 10.05 21.04 23.15 24.26 22.21 26.02 26.47 26.32 24.86 28.26 31.36 32.26 31.98 32.07 31.35 30.16 29.05 28.73 26.01 20.37 21.75 28.71
11.82 12.60 11.83 10.59 18.82 17.38 9.68 5.61 19.50 23.17 24.48 25.33 12.63 15.74 25.65 23.41 23.18 14.43 13.88 9.79 12.02 16.16 19.54 19.05 16.78 16.28 26.99 26.82 17.82 16.71 15.99 27.68 20.28 20.79 17.09 17.38 20.89 11.89 12.83 11.35 9.79 9.17 12.38 12.23 7.15 9.19 3.04 5.42 2.13 3.92 3.93 5.88 0.69 11.71 15.64 16.72 16.73 12.25 22.04 22.51 20.70 12.39 16.69 18.20 21.73 18.02 29.82 31.88 26.14 33.17 32.43 31.33 16.92 29.57 29.15 21.99 21.86 25.12 29.36
5.29 13.04 14.87 15.23 15.27 15.59 18.62 17.64 19.92 14.32 23.27 23.61 14.22 13.49 21.44 18.68 21.26 20.31 19.28 13.15 10.52 16.18 23.87 20.87 16.90 15.37 24.32 26.17 17.93 16.57 22.62 24.65 26.73 26.18 24.79 23.95 23.26 19.27 15.99 17.28 15.21 13.94 14.29 13.09 12.04 7.49 8.56 10.21 8.29 7.21 5.10 1.32 4.63 10.76 15.22 16.06 17.64 7.11 10.02 9.90 12.13 12.16 14.91 18.25 20.65 16.98 31.90 21.05 31.41 33.60 31.26 18.41 31.32 30.86 30.60 23.11 24.61 29.84 30.74
10.76 19.66 16.28 18.14 16.67 17.17 10.70 18.27 8.16 10.83 25.50 24.52 13.91 11.28 12.46 19.08 21.41 19.07 21.20 20.79 14.13 15.29 20.46 24.09 18.95 16.44 16.10 28.42 24.99 24.25 23.85 22.45 27.32 25.64 25.46 24.80 24.78 23.54 17.14 14.93 14.57 15.34 14.48 12.86 11.43 8.90 11.07 11.95 9.10 4.35 4.90 6.30 7.68 10.59 13.11 14.38 9.25 11.58 5.32 23.07 16.56 12.73 14.65 22.36 17.15 30.70 19.62 31.04 30.98 31.08 19.35 32.80 32.51 32.02 23.80 30.70 30.00 29.72 31.77
9.74 20.97 16.06 22.24 18.00 18.01 19.30 21.95 23.44 23.98 23.90 25.65 16.19 11.84 10.40 10.85 21.50 18.13 18.99 13.52 14.87 14.21 18.47 31.26 23.76 17.63 15.52 27.88 26.66 25.27 22.27 23.61 27.06 25.54 25.83 24.64 24.96 24.14 19.01 14.94 16.24 16.95 14.37 12.68 13.48 12.11 10.45 9.41 4.97 3.52 5.75 7.52 10.06 11.21 10.51 7.76 2.57 10.88 20.02 7.51 14.95 15.43 19.63 19.50 27.73 18.30 26.54 29.07 28.66 16.94 32.15 23.44 22.50 30.35 29.19 28.72 24.93 28.07 31.46
16.86 22.45 15.87 17.01 21.31 17.84 18.59 13.56 24.37 24.94 24.19 24.78 23.42 12.55 8.97 8.92 21.55 19.44 11.48 12.38 14.21 16.39 19.53 23.58 28.22 18.24 24.74 25.32 26.74 23.10 18.94 24.59 27.03 22.75 24.05 25.00 24.21 24.79 18.75 16.68 16.96 17.32 14.37 13.35 15.28 9.36 8.26 6.22 9.96 5.75 5.47 6.22 11.54 12.12 6.56 5.96 6.23 5.00 9.48 11.94 13.78 20.01 22.80 12.17 21.75 24.48 27.22 26.42 18.64 30.39 22.49 27.90 29.66 27.55 26.64 18.98 27.04 28.44 30.10
21.23 22.86 22.86 23.21 21.86 21.11 22.47 24.21 24.25 11.41 23.91 24.22 23.54 13.79 9.60 7.28 17.07 17.63 20.46 11.08 13.65 15.54 19.03 23.07 29.02 19.14 17.11 28.28 25.97 17.95 19.27 26.73 22.70 19.10 24.67 25.70 25.01 24.17 21.69 19.41 19.50 17.87 16.80 15.27 14.00 10.08 6.07 4.43 3.11 3.72 9.68 10.17 10.12 8.00 7.58 10.47 8.34 8.75 11.98 14.50 17.22 20.71 14.87 24.88 18.81 24.86 26.13 24.81 19.09 22.57 29.03 28.73 26.87 16.83 26.98 16.33 26.88 27.59 28.51
21.10 23.60 20.25 21.42 22.29 21.84 22.50 23.53 25.19 25.08 25.00 11.42 12.35 19.99 10.85 7.67 8.59 17.23 17.29 9.97 13.65 16.12 16.48 20.17 33.26 20.70 18.24 26.74 24.35 18.86 20.01 25.21 19.80 18.86 26.06 25.46 24.84 24.60 25.39 25.78 23.51 18.26 18.52 19.38 10.84 12.62 10.84 5.58 10.20 8.27 9.20 11.92 12.47 10.97 9.62 9.64 8.66 11.35 15.06 17.68 16.76 12.77 12.03 14.40 22.02 24.25 25.66 23.04 22.49 28.17 27.36 20.44 19.71 28.17 19.97 21.77 25.80 26.63 28.66
22.24 24.18 22.97 24.57 23.10 26.49 25.33 23.76 23.43 22.12 22.70 23.96 23.34 21.35 16.24 8.96 8.28 7.71 20.18 9.65 13.75 17.04 17.27 18.16 22.88 25.92 19.52 23.48 26.90 22.09 19.17 24.11 21.97 22.08 25.80 24.76 24.41 26.13 25.48 26.27 23.21 18.61 19.64 14.96 13.43 6.93 11.87 12.75 8.74 9.53 10.33 11.50 14.37 12.41 11.95 9.80 11.01 12.37 15.44 13.54 7.86 20.73 16.26 21.31 22.42 21.74 22.51 21.59 23.47 25.50 21.15 28.15 28.41 20.91 20.68 27.02 26.76 28.34 30.40
20.80 22.58 23.36 23.66 24.48 24.74 25.37 25.42 24.09 23.08 23.27 22.30 21.55 21.63 12.58 10.77 8.70 6.72 19.72 20.32 15.23 26.70 16.24 16.17 21.62 28.71 21.27 21.10 26.05 19.72 16.54 23.29 20.19 21.05 25.79 25.99 27.01 27.08 26.66 27.58 21.61 19.89 15.09 13.74 11.47 6.73 13.07 11.30 12.20 8.79 4.07 12.37 15.08 9.84 7.75 10.50 12.28 11.98 13.52 7.59 12.11 13.33 21.19 23.14 19.90 20.49 23.76 23.64 24.77 26.18 21.52 21.72 20.65 22.16 19.28 28.29 28.73 29.94 31.12
21.94 22.27 20.01 22.20 22.59 23.64 24.23 25.57 24.90 23.52 22.85 21.87 20.25 20.91 18.26 19.23 11.30 7.36 16.84 22.57 15.14 27.46 15.45 14.89 20.65 29.63 22.54 23.70 26.95 18.86 17.00 23.18 20.41 22.87 26.41 26.34 27.31 27.32 27.60 27.51 27.21 18.82 19.83 12.94 9.39 6.64 13.85 14.10 12.24 11.75 15.73 15.34 12.51 9.49 9.46 12.91 13.21 13.26 12.70 10.20 11.47 19.59 22.54 22.10 21.89 26.42 22.47 22.82 23.35 24.64 24.99 22.21 27.60 19.41 28.02 28.58 29.31 30.19 30.91
23.28 24.44 23.12 20.25 21.02 20.39 23.86 24.73 24.56 25.80 22.85 21.49 19.89 19.50 13.94 14.22 11.36 18.91 19.98 24.61 25.78 27.88 27.44 15.61 19.56 25.38 23.70 23.51 25.83 19.71 18.67 21.11 22.70 14.69 27.18 27.94 28.89 27.66 26.17 21.40 31.10 20.98 15.84 16.86 8.62 13.41 16.59 12.30 14.24 14.52 16.83 17.75 12.17 10.22 14.10 16.61 15.00 16.13 15.60 10.96 16.55 15.90 24.39 23.75 19.54 20.44 20.89 20.98 21.03 21.47 23.29 25.29 19.32 17.89 28.09 28.32 28.90 29.52 29.98
18.32 19.40 25.19 28.10 24.73 21.98 22.13 15.26 12.69 14.54 23.79 23.50 23.11 21.32 15.93 15.29 12.44 15.89 22.09 24.05 25.99 27.09 26.96 26.70 18.94 25.02 25.47 26.61 23.14 20.11 16.10 20.08 24.26 26.95 27.89 28.98 29.57 29.36 19.18 23.76 28.77 21.68 14.61 11.00 13.36 18.80 17.94 15.40 15.43 18.18 18.24 17.28 13.59 13.27 16.25 16.94 18.34 18.67 19.11 20.54 18.98 15.08 16.17 25.35 26.85 27.30 25.57 23.57 22.30 16.50 22.11 23.33 24.87 26.66 27.54 27.84 28.13 28.17 28.15
17.25 24.16 24.72 28.98 27.62 26.22 23.66 23.67 23.04 12.46 14.61 25.16 24.05 24.64 26.47 18.72 15.45 10.85 18.75 22.60 24.34 26.51 27.40 29.19 19.17 24.11 28.46 26.17 22.90 20.29 15.32 20.56 28.43 27.94 29.56 28.83 29.94 29.86 21.34 26.66 27.23 19.64 13.06 13.73 20.45 19.12 19.26 13.21 16.22 19.99 18.85 17.87 17.92 17.80 19.49 18.48 19.55 21.29 21.03 22.14 24.14 25.89 27.58 24.76 23.08 19.24 17.46 15.94 13.56 21.91 15.83 22.54 23.57 24.83 25.67 26.11 26.67 26.68 26.11
28.43 30.06 30.67 30.37 28.99 26.75 23.94 20.68 21.08 22.62 15.93 24.92 23.98 22.62 24.58 25.39 19.24 14.04 17.78 21.24 21.13 25.08 26.89 26.36 32.08 35.30 30.90 27.52 22.44 20.18 17.21 26.19 28.79 18.02 29.78 30.11 28.96 20.82 24.23 27.64 18.76 18.74 13.61 15.47 20.83 18.84 14.04 15.10 17.70 22.17 17.65 19.99 21.13 18.86 18.69 18.61 20.73 23.41 21.64 21.36 24.05 25.27 21.73 20.20 17.61 16.89 19.67 15.32 16.43 16.80 22.42 20.73 21.42 22.38 22.81 22.77 23.58 24.68 25.50
28.91 30.53 30.68 28.00 27.71 25.49 24.61 22.33 19.94 20.79 22.64 25.06 22.49 20.76 22.60 16.89 19.47 19.20 21.23 24.63 22.22 26.16 26.81 20.67 28.17 34.02 32.58 26.05 24.16 15.35 20.98 27.95 25.39 30.42 28.75 30.21 19.30 22.13 26.21 32.73 24.29 19.15 14.63 11.77 16.57 14.56 14.58 17.08 20.31 21.87 20.67 21.61 21.97 21.83 20.38 18.87 24.34 20.27 23.88 23.57 22.70 21.05 18.91 19.66 17.55 20.07 21.79 14.07 18.49 21.63 21.50 19.26 19.75 20.61 20.47 19.57 19.96 21.87 23.54
29.70 30.94 31.18 28.39 26.10 27.84 26.19 24.42 21.04 17.94 20.94 22.64 21.75 16.30 21.20 12.02 15.79 16.90 24.95 16.17 24.73 27.03 26.24 21.96 24.51 31.92 32.07 25.72 23.45 18.18 26.18 28.21 28.42 30.12 26.77 27.54 19.73 23.53 27.08 29.89 24.09 19.47 15.27 15.84 15.80 15.42 15.74 21.76 21.37 23.42 22.41 22.35 23.55 22.85 18.80 23.11 26.61 18.58 24.42 25.02 21.63 20.91 21.26 23.45 23.53 24.83 24.91 21.23 18.67 19.84 23.41 17.98 16.86 19.57 20.83 21.41 18.44 19.00 20.58
27.19 29.82 29.73 28.17 24.68 24.86 25.19 24.04 20.82 17.65 19.73 21.52 21.59 22.79 23.79 23.75 24.43 26.51 26.19 25.40 26.25 29.06 28.17 24.08 25.28 32.08 30.24 24.48 21.27 22.67 27.57 27.68 30.16 19.92 25.38 27.82 20.95 24.71 33.07 30.59 24.85 21.56 15.60 12.24 16.09 20.37 21.82 22.14 23.17 20.72 23.03 24.58 27.00 21.70 22.25 25.86 22.39 22.40 25.50 21.20 20.33 24.02 27.21 25.49 24.31 25.07 25.39 14.68 19.68 23.17 18.47 15.72 16.62 16.42 16.05 18.46 18.64 17.48 17.54
22.70 26.06 26.92 26.44 23.90 21.83 22.75 22.69 20.64 17.26 19.61 19.37 24.22 22.87 22.12 19.35 22.98 26.57 26.64 27.62 25.06 24.25 24.98 32.37 30.19 31.32 28.51 23.55 23.11 26.38 27.46 29.89 24.84 23.62 17.00 19.99 22.87 25.61 33.10 29.62 25.77 21.24 15.91 11.96 16.56 20.59 22.00 23.79 20.39 20.20 22.67 27.40 16.87 25.72 24.73 21.68 21.70 22.82 22.75 22.88 23.32 25.73 27.42 23.08 25.47 23.89 22.71 24.91 23.40 20.73 17.16 18.38 19.01 18.79 18.47 19.60 19.37 16.06 15.52
19.29 22.56 25.24 25.03 24.50 22.72 23.00 23.70 21.70 18.55 20.94 20.39 18.70 20.14 21.92 21.28 19.23 25.18 25.70 28.76 24.28 23.71 23.71 21.83 32.58 34.49 29.58 24.40 25.03 26.72 28.61 30.16 21.36 23.32 17.02 22.53 24.28 26.38 28.95 26.89 25.57 21.23 15.42 11.40 16.01 16.28 18.65 19.09 21.47 24.37 24.28 28.25 24.14 26.99 17.94 19.57 22.46 23.27 26.84 24.66 24.44 26.21 24.01 22.00 23.21 23.32 22.30 21.42 19.32 23.23 19.30 19.90 18.34 13.93 16.36 17.89 17.48 16.07 16.01
18.49 22.23 23.64 24.82 22.84 22.64 21.80 22.76 21.74 18.21 20.36 22.12 16.76 15.92 18.74 22.58 24.33 28.15 23.73 24.91 25.87 23.26 27.34 31.93 37.18 37.97 30.59 28.66 28.04 27.24 30.51 27.08 19.73 24.03 18.16 23.73 31.79 26.84 36.16 28.69 25.15 19.29 13.54 10.29 15.54 19.99 23.09 20.23 23.92 21.60 27.47 27.93 29.77 25.32 17.07 22.17 19.06 26.51 30.07 23.74 25.89 26.62 24.56 24.89 20.72 24.22 23.17 24.51 19.72 19.54 16.86 15.95 16.52 17.25 15.97 14.74 13.70 15.39 17.41
24.31 26.43 28.36 26.56 24.57 25.01 23.89 25.35 23.43 20.16 19.82 20.88 17.12 12.87 19.27 21.52 23.97 26.09 24.92 28.16 27.65 24.86 24.85 29.03 36.85 40.02 33.43 31.33 29.31 25.85 28.08 25.32 19.33 28.13 18.81 23.57 24.87 27.47 35.07 29.02 23.09 16.33 11.70 9.26 16.45 16.51 17.55 22.53 27.71 26.02 28.16 18.62 18.90 21.05 17.88 19.48 19.58 29.00 26.36 24.50 28.03 27.34 27.91 22.71 21.61 22.46 20.05 19.71 19.72 14.81 12.79 15.12 16.26 13.10 15.28 13.16 12.86 14.84 16.14
21.88 24.58 28.13 19.89 28.15 27.08 25.79 24.60 24.36 21.13 18.34 20.90 21.22 15.71 15.42 20.89 24.27 27.91 28.25 25.30 24.64 23.91 24.78 21.90 26.12 44.84 36.86 32.67 29.65 25.52 30.23 29.84 23.17 28.92 26.97 23.35 25.78 28.52 37.16 28.64 19.90 14.15 11.24 14.48 17.05 21.55 22.63 26.37 25.68 27.07 18.11 19.12 19.67 19.01 18.86 19.73 19.43 20.20 22.13 30.41 32.25 31.32 26.27 24.95 22.77 22.43 19.99 19.23 17.03 14.33 15.81 14.09 14.53 11.90 12.33 12.52 14.45 16.49 17.41
16.07 24.70 17.96 18.75 28.18 26.84 25.18 24.42 25.05 21.62 18.26 20.00 20.96 16.69 15.89 19.00 23.08 25.62 26.23 25.24 25.28 23.56 22.49 25.48 27.14 50.01 42.04 33.18 30.96 32.41 36.26 33.60 26.60 28.71 32.28 23.34 27.00 34.76 33.91 27.18 17.44 16.23 12.16 13.32 18.10 20.63 20.80 24.74 26.35 27.24 18.25 19.55 20.80 21.21 21.22 29.15 30.62 32.51 34.70 25.93 24.93 32.76 22.01 20.95 21.26 22.88 19.94 19.86 17.76 16.95 16.12 13.44 11.68 11.86 13.61 12.88 13.83 16.02 15.07
14.10 24.13 26.30 26.73 25.58 24.70 24.44 24.65 25.24 23.18 19.19 17.39 20.32 20.37 17.56 18.02 22.95 25.56 25.10 25.79 25.79 24.66 22.59 23.66 31.26 49.56 48.49 32.27 33.97 43.07 42.08 31.35 25.37 24.99 30.59 23.50 28.51 38.32 27.02 23.89 15.36 15.43 15.36 18.86 19.27 20.38 20.79 25.85 27.05 28.23 18.30 20.24 21.91 22.39 22.77 33.12 33.62 34.93 24.73 26.48 25.74 28.69 22.67 28.36 27.60 23.43 21.17 20.47 21.69 14.31 14.69 13.05 12.43 13.06 12.48 15.08 14.22 15.80 16.93
8.78 14.68 16.13 27.20 24.78 22.71 25.33 24.59 26.38 24.33 20.72 20.01 19.51 21.83 17.99 17.30 22.11 25.41 24.33 24.68 26.31 24.28 21.71 23.56 30.10 49.29 52.09 33.19 36.01 49.86 40.82 29.17 24.17 26.49 31.46 30.15 39.40 35.24 24.19 16.20 16.60 19.57 18.89 20.26 20.85 23.37 25.34 27.12 27.61 17.19 18.79 21.09 22.34 22.70 23.45 22.65 21.84 23.11 25.90 27.02 32.43 30.60 27.88 26.76 24.65 24.32 17.57 14.97 13.07 12.24 13.09 11.18 11.61 11.57 14.21 11.65 12.34 13.16 15.89
12.88 21.15 22.18 24.53 25.38 25.03 25.21 25.76 25.32 24.95 23.43 21.76 17.44 19.71 19.85 21.88 23.78 25.33 23.72 23.66 25.22 24.11 20.24 22.19 28.29 47.01 56.49 41.35 40.99 50.55 39.25 30.21 26.81 29.55 35.96 41.04 36.88 28.20 20.82 17.83 18.38 20.38 20.37 20.97 22.31 23.86 23.71 26.25 28.12 17.31 19.01 21.26 22.29 22.75 23.32 22.60 22.81 24.54 26.21 27.23 26.93 31.83 24.67 22.77 20.17 13.50 15.62 13.52 13.85 11.32 10.25 10.38 11.33 13.40 12.03 12.81 12.79 14.85 13.23
18.02 18.50 19.32 22.06 24.73 25.13 23.49 23.51 25.02 25.46 21.86 21.65 13.52 20.57 19.23 22.01 24.82 25.94 23.95 23.60 24.24 23.59 20.77 21.09 22.98 36.18 59.22 55.67 51.97 50.76 37.19 32.03 33.23 35.11 37.82 37.51 28.84 22.09 20.49 19.04 18.12 19.84 19.10 19.04 21.47 23.58 23.70 26.66 26.26 17.11 18.89 21.07 22.50 22.74 23.29 22.68 23.28 25.03 26.69 27.67 27.99 26.68 34.44 22.40 19.69 16.81 14.88 13.61 14.66 11.77 10.37 10.51 10.92 11.47 12.36 12.32 11.81 13.43 13.94
16.41 18.66 18.24 21.01 22.94 23.09 25.25 23.94 22.78 23.57 23.74 20.62 17.92 13.72 18.79 20.14 24.74 26.37 24.90 24.44 25.21 24.30 22.87 19.69 21.75 31.71 49.45 59.73 61.78 51.58 39.38 37.03 38.90 36.81 36.61 33.91 25.55 21.70 20.27 18.35 17.91 17.23 16.49 18.93 22.41 23.74 25.42 29.89 16.42 17.04 18.74 21.74 23.19 22.95 22.40 21.47 24.32 26.26 27.17 27.99 28.46 26.99 25.09 22.41 19.94 17.48 19.92 17.26 14.72 12.49 10.99 10.04 9.07 9.56 10.22 10.46 10.83 11.70 12.16
9.77 14.68 17.80 19.26 20.68 22.22 22.49 25.40 23.99 22.62 21.35 21.24 20.45 10.49 13.65 18.83 23.41 23.83 21.45 21.94 23.67 21.57 21.95 19.84 20.98 29.77 40.34 54.09 64.56 54.86 44.13 42.53 38.69 34.84 32.44 26.36 20.89 23.66 19.05 16.85 15.73 15.09 16.88 19.60 20.87 23.22 26.90 14.84 16.93 17.20 18.88 22.37 23.80 22.68 22.68 24.39 25.96 26.86 27.47 34.61 34.78 33.57 25.59 29.95 26.97 22.73 18.72 15.35 10.74 9.18 8.63 10.49 11.51 10.98 12.06 12.74 12.90 12.97 12.94
10.88 9.76 16.33 17.52 18.66 20.07 21.78 23.01 23.09 24.23 23.58 20.22 21.04 19.59 14.04 16.02 22.36 26.16 21.59 21.03 21.90 19.27 19.44 19.91 23.49 32.84 41.37 48.33 59.49 55.11 49.35 47.50 34.02 29.57 23.84 16.76 20.71 25.53 18.62 15.87 14.06 14.34 17.49 19.72 20.90 21.75 24.62 15.50 17.70 18.22 19.50 22.63 24.26 22.80 23.17 25.19 26.17 26.48 27.15 35.25 35.45 34.70 26.57 30.27 26.17 22.73 20.79 17.28 14.28 12.05 11.17 12.34 13.78 14.80 15.26 16.34 17.16 16.68 15.44
11.70 9.60 6.99 17.90 20.14 21.49 21.76 21.64 23.56 20.13 21.68 22.05 22.45 17.79 14.54 18.11 21.85 26.32 25.40 22.71 21.83 19.67 19.59 21.94 29.22 37.90 35.12 44.97 53.99 54.09 55.11 50.54 30.79 22.32 17.98 16.94 22.12 22.63 19.59 19.62 14.93 14.18 17.65 19.45 20.33 20.02 21.31 15.59 17.51 18.89 20.44 23.22 24.95 23.96 23.70 24.81 24.97 25.22 34.74 34.80 34.73 34.52 33.11 29.94 26.91 18.11 15.81 12.77 10.90 9.97 10.11 10.51 11.32 13.28 12.32 12.84 15.83 16.71 14.15
9.69 11.38 11.65 7.18 14.20 16.60 19.83 22.41 22.21 22.43 22.04 18.71 15.11 13.81 19.15 20.09 22.19 25.56 24.02 23.13 25.77 26.15 23.44 24.89 29.66 33.85 42.47 41.88 48.96 52.15 55.65 51.73 28.34 17.71 14.41 14.59 17.07 16.15 14.66 14.05 13.78 16.35 18.52 18.69 20.23 17.12 20.78 15.78 17.43 18.51 20.65 23.63 25.58 25.60 25.14 24.63 23.67 24.28 27.10 29.01 28.77 34.15 32.51 29.68 26.70 23.66 19.23 14.90 11.97 11.08 7.68 7.79 8.89 10.64 12.30 14.57 16.00 16.73 15.99
8.12 9.95 18.21 13.15 11.28 18.48 18.71 19.40 20.45 20.42 22.20 20.40 22.49 19.11 12.24 20.97 22.19 25.41 23.74 21.24 23.13 27.22 30.64 35.52 32.85 35.85 35.47 38.36 45.82 52.36 55.20 50.47 27.68 13.90 10.79 11.13 11.29 9.59 8.88 9.25 12.01 15.13 16.73 17.11 21.46 20.67 22.28 16.36 18.07 18.89 20.62 23.36 26.07 27.06 26.64 26.22 25.66 25.77 27.88 28.92 29.35 27.40 31.69 28.53 24.61 22.08 18.80 11.21 7.03 6.79 8.17 9.67 10.65 13.46 14.82 15.42 15.35 15.05 15.01
