examples/cougarCreek-fire/createInputs/WindNinja/wrfout_d3.2015081012.f23/cougarCreekFire_08-11-2015_1100_217m_non_neutral_stability_vel.asc
ncols	146
nrows	140
xllcorner	610065.000000
yllcorner	5095217.000000
cellsize	216.586807
NODATA_value	-9999.000000
[rows 105 to 139 of 140, columns 0 to 78 of 146]
8.60 7.36 8.79 9.64 7.02 1.88 18.58 0.97 3.88 13.83 9.03 11.06 10.70 25.89 11.25 10.81 15.78 13.90 7.75 17.21 19.14 9.07 11.94 23.01 21.85 6.45 13.86 3.85 14.21 12.35 0.37 0.75 0.77 0.46 0.50 0.69 0.48 0.86 1.96 3.22 4.86 5.94 6.29 6.80 7.48 7.79 7.74 7.90 8.60 10.09 11.73 13.36 14.90 14.43 10.80 6.15 3.71 3.58 3.91 4.16 3.80 3.35 3.40 3.52 8.16 9.22 10.79 3.33 3.34 3.34 3.40 13.99 13.82 13.50 13.09 13.34 13.54 12.81 11.53
9.03 9.07 10.38 11.24 10.49 7.68 3.81 1.67 17.03 3.67 17.08 8.41 20.42 18.69 10.22 11.50 17.64 14.66 8.49 14.74 17.49 18.18 20.94 12.22 9.01 17.53 5.33 4.46 16.08 1.84 1.28 1.04 0.90 0.43 0.24 0.66 1.04 1.36 1.92 2.48 3.70 4.90 5.52 6.16 6.97 7.57 7.77 8.07 8.90 10.27 11.59 13.15 15.74 17.60 14.41 7.36 4.17 4.22 4.55 4.84 4.66 4.21 3.88 3.57 3.41 3.48 3.59 3.59 3.57 3.44 3.33 3.46 3.71 13.39 13.12 13.10 12.07 12.46 10.28
8.59 8.68 10.50 12.60 12.78 11.66 9.38 5.45 3.59 2.52 15.11 19.55 22.19 6.60 22.67 21.19 10.65 9.82 9.14 7.47 16.17 17.63 11.23 23.68 10.15 7.07 19.22 19.04 2.76 2.38 1.84 1.19 0.64 0.06 0.14 1.00 12.38 12.02 8.79 2.34 2.96 4.05 4.82 5.39 6.13 6.88 7.24 7.49 8.14 9.24 10.41 11.98 15.04 18.73 18.29 12.17 7.07 5.62 5.46 5.55 5.41 4.97 4.62 4.41 4.35 4.34 11.19 11.99 13.22 13.63 14.49 14.57 14.44 13.95 13.31 12.15 11.93 12.68 11.99
7.30 5.75 7.27 10.71 12.59 11.87 10.45 8.12 4.58 19.13 4.19 20.44 5.13 19.27 19.89 18.99 15.13 14.09 13.89 13.89 17.17 7.03 19.80 23.59 22.36 22.44 17.33 16.43 3.11 14.08 1.87 0.92 15.67 0.09 0.84 11.61 1.73 2.14 2.84 2.95 3.14 3.74 4.44 5.03 5.77 14.81 6.82 6.84 7.28 8.01 8.49 9.38 12.30 16.76 18.91 15.95 10.73 7.83 6.83 6.38 6.09 5.84 5.80 5.90 5.88 9.42 11.88 13.10 13.78 13.98 14.55 4.36 14.43 14.32 14.10 13.76 13.39 13.20 13.04
9.79 6.40 6.69 7.92 11.07 12.07 10.96 8.89 6.36 5.33 5.21 5.46 20.00 20.05 21.19 19.83 8.48 15.38 15.20 14.18 15.38 17.18 15.96 24.00 19.73 22.52 21.25 5.07 3.39 17.67 1.93 16.86 0.18 1.06 10.76 1.68 11.47 0.98 1.95 2.59 3.09 3.51 4.13 4.76 14.71 6.59 7.18 7.09 7.24 7.72 7.67 7.28 9.39 14.20 16.40 15.36 12.74 10.11 8.59 7.86 7.40 7.27 7.51 7.78 7.79 7.35 11.28 12.70 14.18 5.42 14.43 4.43 14.42 3.96 4.07 13.75 13.26 13.05 13.05
11.67 10.08 6.92 6.96 8.37 11.69 12.62 11.29 8.81 7.09 7.19 6.17 22.10 6.96 7.38 19.88 17.87 19.62 6.70 17.74 13.70 16.42 20.91 22.66 23.09 21.46 22.94 17.15 18.86 19.49 16.79 1.86 12.63 12.22 11.35 11.91 11.64 0.46 11.84 1.61 2.43 3.03 3.63 13.92 14.50 14.70 7.41 7.75 7.69 7.84 7.97 7.52 9.13 13.22 14.57 13.80 12.99 11.88 10.61 9.85 9.50 9.30 9.37 9.58 9.72 9.54 10.99 11.41 13.33 14.18 14.59 13.65 13.18 14.38 13.38 11.69 12.09 11.81 11.18
10.87 10.75 7.90 4.44 4.20 7.58 11.10 12.53 10.67 7.43 7.27 7.81 8.57 7.65 20.86 22.96 10.40 10.26 8.10 4.88 4.52 4.51 5.41 23.50 23.36 26.05 22.28 23.18 21.72 4.80 13.02 3.93 11.92 11.48 12.23 11.80 0.80 0.93 1.33 12.42 12.70 13.20 13.58 13.62 13.72 14.37 6.43 7.62 8.02 7.95 8.36 8.98 10.62 13.60 14.88 14.35 13.58 12.85 11.80 10.87 10.52 10.36 10.08 9.83 9.79 15.26 14.83 14.25 14.00 13.60 13.80 11.86 10.29 10.88 11.77 12.39 12.63 11.91 11.91
10.19 10.37 9.02 4.98 3.15 2.48 4.00 8.34 10.80 9.69 19.39 8.20 19.00 20.91 18.19 22.72 9.56 11.53 10.74 8.41 6.88 6.22 6.46 21.02 19.01 22.95 24.72 12.29 9.53 18.08 16.34 15.39 14.83 3.55 13.49 10.46 1.46 1.75 12.74 12.41 12.96 12.68 13.45 13.75 13.44 3.58 4.76 6.45 7.68 7.93 8.36 9.47 11.31 13.77 15.40 15.47 14.56 13.55 12.49 11.32 10.62 10.38 10.12 9.60 9.22 9.21 9.26 9.18 15.83 15.52 15.85 15.57 14.56 15.12 14.06 13.89 13.19 13.65 12.93
10.89 10.77 10.14 8.03 3.97 0.71 0.64 2.86 5.91 7.35 5.28 16.71 15.41 15.16 18.44 20.10 6.53 9.80 11.37 10.63 9.15 9.08 7.96 19.83 17.57 20.03 23.28 24.51 21.66 19.98 18.16 16.54 15.00 4.48 3.33 2.64 2.36 12.16 12.95 12.51 12.71 13.11 14.01 13.35 12.32 3.25 3.68 5.07 6.70 7.40 7.74 8.55 10.13 12.32 14.36 15.61 15.58 14.89 14.00 12.60 11.48 10.86 10.27 9.57 8.99 8.66 8.38 8.14 8.00 15.25 14.87 6.51 15.61 15.46 14.96 14.57 14.76 14.58 13.03
11.82 11.43 10.48 9.60 7.95 5.61 3.17 1.42 2.18 2.23 15.76 3.35 4.95 20.57 21.91 17.63 4.42 5.66 7.81 8.64 7.85 8.51 8.38 18.35 16.87 17.73 19.70 21.57 22.61 22.94 21.21 20.38 7.52 5.62 15.88 3.84 14.42 13.52 12.72 12.84 12.72 13.77 12.80 3.63 3.98 4.25 4.23 4.68 5.86 6.57 6.81 7.25 8.27 10.01 11.97 13.98 15.36 15.57 15.19 14.00 12.41 11.35 10.47 16.01 15.31 15.25 15.08 15.13 14.82 15.22 15.40 14.99 14.77 14.50 14.00 14.92 14.60 16.84 16.17
12.22 12.46 11.88 10.95 10.77 10.84 9.87 7.17 4.21 1.75 0.55 1.37 17.47 20.80 8.36 6.45 6.10 5.34 5.96 6.69 16.83 20.78 18.43 17.82 15.38 13.32 21.37 18.28 20.25 20.73 28.17 20.06 19.24 17.97 6.02 5.04 14.71 14.01 2.97 13.64 12.95 12.48 12.20 12.28 12.64 4.80 4.97 5.00 5.56 6.12 6.25 6.38 6.94 8.13 9.47 10.82 12.65 14.05 14.64 14.23 12.44 10.97 10.40 9.95 14.03 14.74 15.20 15.22 14.94 13.67 14.04 13.44 13.01 15.02 13.60 14.09 14.24 13.71 12.87
11.66 12.65 13.08 11.98 10.92 10.12 9.71 9.73 9.37 7.74 3.67 1.67 19.58 17.80 7.08 8.71 8.24 6.84 7.27 7.57 7.41 18.57 15.40 15.21 14.51 20.61 17.34 16.58 17.46 23.85 25.52 19.10 19.54 20.09 8.32 18.06 16.01 15.24 3.69 14.25 13.12 12.35 12.53 12.88 13.54 14.09 4.84 5.43 5.78 6.13 6.32 6.31 6.51 7.31 8.29 8.82 9.63 11.01 12.20 12.83 12.00 10.58 10.02 16.28 14.43 13.88 13.86 13.63 13.86 13.68 15.09 13.98 14.81 14.83 14.22 14.53 13.50 12.53 11.22
10.62 11.47 12.29 11.54 10.07 8.52 8.18 9.64 11.48 12.23 9.82 3.74 5.92 9.15 8.58 8.61 8.81 9.18 9.31 9.49 9.61 20.38 18.12 14.76 13.24 6.70 16.92 17.33 16.96 19.57 24.20 17.55 19.03 21.05 20.76 18.85 7.15 5.47 15.78 14.87 13.75 12.54 12.34 12.71 12.98 14.09 14.21 5.32 6.01 6.27 6.49 6.48 6.37 6.79 7.62 8.08 8.09 8.60 9.71 10.81 10.97 10.24 16.97 9.78 15.30 15.03 14.16 12.90 13.41 15.90 16.01 14.70 14.94 14.59 14.28 12.86 13.93 13.73 12.95
11.47 10.55 11.21 11.40 10.89 10.45 10.40 10.43 11.35 13.37 14.75 13.84 12.78 12.20 17.72 7.26 7.91 8.33 8.80 9.55 9.60 17.32 7.84 12.00 7.50 8.88 15.01 15.81 20.83 18.99 17.34 17.34 17.79 20.00 21.89 21.86 20.02 18.35 16.93 15.08 14.15 12.92 12.53 12.65 13.95 3.18 13.98 13.20 5.05 5.93 6.41 6.64 6.52 6.59 7.06 7.64 7.83 7.90 8.57 9.44 14.86 15.86 9.23 9.24 16.20 16.79 15.32 13.26 13.46 15.37 15.38 13.37 13.83 13.51 13.40 12.44 12.88 13.22 13.18
11.56 10.63 11.16 11.90 11.81 11.50 11.67 11.44 11.15 10.94 12.31 13.44 12.92 10.22 8.53 14.64 5.96 6.85 19.24 7.91 21.34 16.49 17.19 7.20 7.50 17.68 16.29 18.43 18.69 22.11 15.18 17.86 17.42 18.37 20.26 21.36 21.84 21.06 18.09 15.52 14.40 13.75 12.91 13.49 13.12 13.50 12.73 12.44 13.32 4.24 5.43 6.38 6.69 6.75 6.97 7.29 7.64 7.61 14.64 15.28 15.25 15.13 16.57 16.04 16.06 16.07 15.81 14.23 12.52 13.38 14.96 15.49 15.17 13.48 12.62 12.16 13.99 14.83 17.76
10.68 11.01 11.91 13.02 13.35 12.87 12.19 11.27 9.85 9.68 7.70 8.11 8.38 7.72 6.33 6.63 15.92 16.12 16.69 18.44 19.46 6.96 16.73 16.98 15.34 14.49 18.82 19.83 13.67 12.62 15.86 8.46 17.32 16.96 18.68 20.38 23.07 22.25 19.76 18.11 16.21 16.10 14.59 14.07 14.03 13.14 12.79 12.95 12.58 13.03 13.66 4.99 5.86 6.27 6.59 6.75 13.96 13.56 13.88 14.88 15.54 15.65 15.22 15.90 16.44 15.79 14.68 16.81 13.60 12.12 14.70 15.31 15.02 14.84 14.16 14.27 14.31 13.71 14.17
11.28 10.74 11.62 12.48 13.61 13.94 12.61 10.43 8.67 7.89 7.23 7.30 7.91 8.24 7.70 6.46 16.00 15.62 13.67 18.31 17.94 16.84 14.21 16.70 17.51 18.82 19.88 17.92 16.26 7.79 23.85 16.35 16.68 16.71 18.08 19.66 20.93 21.33 21.95 19.63 20.02 17.88 16.13 14.17 13.75 13.30 13.14 13.49 12.87 12.93 13.31 13.82 13.99 14.02 13.68 13.24 13.33 12.97 13.14 14.35 15.29 15.11 15.41 15.75 7.70 8.23 14.93 16.41 14.19 12.06 12.78 15.01 15.15 14.73 12.62 13.58 12.10 13.41 13.05
11.33 10.75 11.00 12.03 10.57 10.95 12.04 9.90 8.48 8.13 9.91 8.74 9.10 9.70 10.19 9.86 8.92 16.15 7.99 23.24 18.30 18.43 17.82 18.42 8.96 8.07 23.34 16.32 13.06 7.58 19.72 15.28 16.71 17.40 18.50 19.21 18.98 19.17 20.96 21.55 22.42 20.87 17.02 15.20 14.32 13.68 14.12 14.33 13.69 13.47 13.78 14.09 14.21 13.93 13.64 13.61 13.15 12.57 12.10 13.55 14.74 14.98 13.95 15.72 6.70 7.25 16.60 16.70 16.76 13.65 12.32 11.82 12.20 12.14 12.04 13.33 13.37 13.72 14.40
11.78 10.81 10.86 9.89 10.07 9.75 10.93 9.79 9.40 9.21 10.36 9.22 9.20 9.87 10.82 11.67 11.67 16.80 12.28 22.91 19.15 19.16 19.54 19.98 10.55 10.89 21.06 10.55 10.42 10.37 12.25 19.04 18.77 17.55 18.09 18.06 17.93 18.77 19.77 20.76 22.36 21.35 18.87 16.63 15.62 14.14 14.39 14.54 14.17 13.88 14.16 14.23 14.80 13.96 13.82 13.30 13.14 12.57 11.45 12.22 13.90 13.92 11.90 14.32 14.79 5.85 6.76 15.73 15.47 15.74 15.17 14.17 14.00 13.70 14.25 14.25 13.39 12.96 14.95
11.06 9.59 9.70 10.32 8.99 10.40 11.13 10.58 11.13 10.89 10.14 11.34 9.69 10.26 10.54 10.85 12.35 12.30 15.39 12.49 19.93 19.15 20.06 20.32 11.35 12.79 12.33 12.26 11.68 11.26 10.61 20.60 18.90 16.39 17.51 16.96 16.47 17.25 18.13 19.66 21.84 22.34 21.22 18.75 17.32 16.70 15.08 15.28 14.39 14.48 14.63 14.77 14.45 14.55 14.18 13.55 13.16 12.18 11.22 11.58 12.40 11.77 12.21 12.60 13.04 4.11 5.23 14.42 14.51 14.46 15.39 16.73 17.07 17.07 16.61 14.57 13.98 13.50 14.57
10.37 9.34 8.61 8.55 11.23 11.01 11.30 11.22 12.60 12.97 12.26 11.37 10.98 10.98 11.16 11.32 12.06 12.87 13.39 15.30 12.94 21.32 20.81 20.18 20.53 20.01 13.08 12.81 22.87 12.14 11.22 19.86 17.85 17.78 15.68 14.34 15.01 15.06 16.23 17.36 19.94 21.13 21.51 20.50 18.73 17.10 15.21 15.48 14.31 14.79 15.02 15.24 15.51 14.92 14.52 13.50 12.38 11.06 10.05 10.01 10.32 8.62 9.33 9.69 10.88 12.10 13.08 14.24 9.38 5.42 14.09 16.33 16.58 16.56 17.23 16.37 14.48 13.20 14.14
10.64 9.72 8.71 9.83 10.67 12.44 13.04 13.46 13.98 14.24 14.14 13.28 11.94 11.19 11.65 12.71 13.29 29.99 12.37 23.91 17.98 24.95 21.93 19.36 13.51 19.44 21.19 21.44 19.57 19.78 10.87 10.49 19.44 16.53 15.25 14.25 15.19 15.33 15.99 18.26 18.58 19.95 20.83 21.15 19.75 17.39 15.60 16.26 15.33 14.94 14.91 14.80 14.73 15.20 15.01 15.00 12.56 6.63 5.98 5.46 4.94 4.69 4.44 4.08 3.34 3.42 9.45 4.84 6.60 6.36 15.13 16.80 15.93 15.72 7.52 16.25 15.17 12.24 13.23
9.26 9.13 10.91 9.90 11.68 14.44 14.87 15.39 16.83 13.92 13.37 13.14 14.70 12.12 12.49 13.07 12.99 13.55 20.59 21.24 21.84 25.49 21.33 21.46 16.67 22.55 25.68 25.26 11.79 11.13 18.08 22.36 18.72 16.55 15.26 13.23 13.99 14.22 15.12 16.45 18.26 18.49 20.05 21.60 19.88 18.51 16.92 15.99 15.91 15.03 15.47 15.57 15.82 5.53 6.23 6.78 7.16 7.03 6.50 5.84 5.33 5.01 4.46 4.06 3.71 3.79 3.76 4.79 5.06 5.26 14.82 15.24 14.95 14.95 15.07 18.64 15.43 12.53 12.78
9.74 9.89 10.14 11.71 12.17 9.97 10.50 13.55 13.96 13.49 11.38 12.26 13.11 13.35 13.17 12.27 10.91 11.97 11.08 20.05 25.05 21.32 22.50 24.38 25.08 24.50 24.81 14.33 12.55 10.33 18.45 19.21 18.63 15.71 14.28 13.78 13.84 15.99 15.70 16.00 15.91 8.23 9.34 10.16 10.53 19.85 18.47 17.96 5.59 5.39 5.21 5.73 6.04 6.49 7.05 7.64 7.92 7.74 7.15 6.17 5.42 5.07 5.02 4.74 4.30 4.08 3.72 11.67 13.09 3.28 3.28 14.57 14.34 14.33 14.72 18.11 15.16 12.38 11.18
10.20 10.38 10.68 11.78 11.65 10.25 10.35 10.39 11.25 11.55 10.84 12.43 13.38 15.90 12.45 11.10 9.78 10.19 11.49 11.90 26.42 21.24 22.89 28.26 28.59 27.90 25.09 15.70 13.08 11.64 20.75 17.86 16.71 13.97 7.97 13.70 14.85 14.59 14.33 14.19 8.03 8.96 9.92 11.03 12.09 12.27 10.88 9.02 7.68 7.16 7.25 7.62 7.94 8.23 8.63 9.06 9.23 8.86 7.97 6.84 5.93 5.65 5.91 6.03 5.75 5.19 4.73 4.57 3.99 3.22 3.01 3.50 4.31 12.79 13.98 15.74 16.24 13.87 13.02
11.13 10.93 11.29 11.24 12.37 11.69 11.47 11.32 11.53 10.52 11.77 14.05 14.85 14.45 13.88 11.37 12.99 11.41 12.84 14.82 15.80 25.06 22.59 27.92 27.88 22.33 28.28 21.41 12.86 21.57 20.38 19.48 17.79 14.92 8.58 8.45 13.50 13.94 8.78 8.79 9.11 10.04 11.11 12.24 13.36 14.15 13.81 12.06 10.43 9.43 8.99 8.98 9.23 9.55 9.94 10.57 11.06 10.75 9.61 8.06 6.76 6.45 6.93 7.37 7.32 6.98 6.60 6.59 6.54 5.88 4.98 4.70 13.15 5.32 12.93 14.55 15.84 15.63 15.17
12.76 12.20 11.81 11.73 11.98 11.87 12.62 12.78 12.74 13.64 14.12 13.04 15.48 14.94 15.27 13.32 13.52 14.81 15.92 17.68 17.97 17.00 25.66 28.45 25.86 27.50 21.26 19.74 10.98 22.23 20.27 18.59 17.92 14.96 14.88 14.53 14.85 8.93 9.75 10.63 11.28 11.84 12.37 12.93 13.75 23.41 24.28 14.60 13.48 12.40 11.46 10.80 10.63 10.87 11.26 11.93 12.85 13.20 12.68 11.43 9.58 8.22 8.04 8.33 8.46 8.36 8.23 7.96 7.60 7.11 6.21 5.64 5.54 12.27 12.14 14.17 13.96 13.81 14.27
14.74 13.86 12.88 12.33 11.68 12.48 12.52 12.84 14.33 14.80 15.70 14.12 16.25 16.50 16.16 20.05 16.02 17.03 18.34 18.98 18.70 18.12 16.91 31.79 24.06 26.48 24.43 27.25 24.88 20.75 19.40 18.72 17.54 14.55 7.11 10.96 7.89 10.02 11.88 12.90 13.12 20.04 20.92 20.90 22.36 22.98 15.90 15.96 15.53 14.52 13.27 12.13 11.55 11.56 12.06 12.84 13.85 14.61 14.87 14.51 12.93 10.56 8.99 8.48 8.41 8.40 8.62 8.54 8.41 8.15 7.46 6.93 6.63 6.65 6.82 6.57 13.10 7.35 12.82
17.27 15.54 13.80 12.97 11.92 12.11 12.30 13.63 14.06 15.03 15.75 16.14 16.36 17.54 17.44 17.84 18.06 28.85 19.13 19.24 19.04 18.79 18.08 32.14 26.70 17.80 26.40 24.86 22.93 20.39 20.67 20.23 11.54 9.16 9.79 12.45 14.59 15.62 15.01 20.50 21.07 22.20 20.50 12.03 21.76 23.21 14.65 15.11 15.39 15.31 14.51 13.30 12.27 11.78 12.02 12.94 14.08 14.83 14.96 14.86 14.07 12.23 10.45 9.19 8.33 7.99 8.44 8.74 8.47 8.28 7.91 7.59 15.38 14.81 13.98 12.33 7.50 12.67 10.91
18.69 16.17 13.84 12.87 11.16 10.95 10.09 11.81 14.53 16.12 17.24 17.65 18.00 19.21 18.98 20.10 19.66 21.39 20.02 20.12 20.33 20.16 19.58 19.09 28.99 18.40 17.29 28.35 25.00 23.80 22.58 13.66 13.39 15.41 19.02 20.84 20.75 19.75 18.03 26.47 22.72 21.11 12.22 12.34 13.10 13.44 13.37 13.55 14.08 14.96 15.38 14.62 12.92 11.50 11.47 12.19 13.09 13.98 14.25 14.13 13.80 12.94 11.86 10.71 9.46 8.27 8.28 15.95 9.19 8.86 8.33 7.58 13.53 16.28 15.73 15.65 15.89 8.77 15.89
19.41 15.88 13.78 13.18 10.87 10.68 9.61 13.84 18.27 18.74 18.51 18.76 19.93 20.60 21.11 21.60 20.92 21.23 21.51 22.01 22.27 21.50 20.31 18.87 29.49 28.09 17.21 29.27 25.47 23.70 15.64 16.08 19.14 23.10 25.16 24.15 21.95 19.55 17.20 26.79 22.50 13.46 12.52 12.26 20.99 12.72 12.35 12.14 12.24 12.99 14.14 14.76 13.17 10.52 9.92 10.50 11.22 12.34 13.33 13.41 13.01 12.66 12.27 11.66 10.81 9.53 8.70 9.23 9.89 9.97 9.38 11.48 10.64 11.03 7.67 15.00 16.44 8.35 16.50
19.64 16.26 12.71 13.14 12.12 14.75 19.08 22.55 22.50 20.71 19.82 19.97 20.27 20.75 22.53 22.91 23.15 22.25 22.45 22.64 22.07 30.82 19.26 18.19 17.00 18.93 26.47 26.94 26.42 18.94 19.46 22.22 24.96 25.51 23.75 21.47 19.41 17.53 15.69 25.07 14.42 13.34 12.58 12.19 20.11 11.56 11.21 10.76 10.41 10.18 10.75 12.79 13.63 10.32 8.04 8.59 9.67 10.91 12.23 12.68 12.25 11.93 11.94 11.86 11.57 10.90 10.21 9.93 10.08 10.38 13.20 13.73 13.16 11.88 10.62 12.06 14.90 15.39 17.33
17.55 15.88 12.75 11.92 14.22 17.16 21.84 22.52 20.87 20.12 20.17 20.63 21.79 21.68 23.48 23.69 24.30 23.05 22.87 24.04 20.67 18.95 17.87 17.68 17.91 17.81 19.05 30.21 26.44 20.36 22.61 24.94 24.61 21.57 18.19 16.28 14.98 14.11 13.67 21.37 18.26 12.76 12.29 11.80 11.21 10.64 10.36 9.69 8.91 8.08 7.57 9.85 13.24 11.77 8.12 7.70 8.61 9.61 10.77 11.51 11.46 11.29 11.40 11.64 11.58 11.22 10.80 10.42 10.13 10.42 10.41 10.04 17.24 16.82 11.85 12.24 13.39 12.61 16.53
14.98 14.56 12.56 9.24 13.16 16.73 19.24 17.68 16.31 17.42 19.30 20.81 21.81 22.54 23.01 24.55 23.45 25.05 22.92 22.97 20.53 18.77 17.36 17.37 18.20 18.98 20.08 20.32 27.85 20.21 20.11 19.31 16.80 13.52 11.37 9.81 9.90 10.24 20.59 17.35 12.31 12.34 16.57 16.44 10.61 9.75 8.83 8.43 7.93 7.18 5.85 6.13 9.58 11.11 9.12 7.93 8.09 8.58 9.42 10.27 10.72 11.01 11.23 11.51 11.59 11.38 11.03 10.63 14.64 10.04 17.69 16.48 17.61 17.47 15.62 13.65 13.92 11.00 11.62
14.99 13.68 11.84 8.53 13.15 16.53 17.77 15.71 14.46 16.14 18.95 21.02 22.25 23.05 23.53 23.75 23.66 23.38 22.84 22.01 20.94 19.15 17.51 17.47 18.39 19.41 20.90 22.00 30.10 19.29 16.71 13.34 16.51 8.86 7.87 7.69 6.80 7.87 16.61 15.44 11.48 12.12 11.67 10.58 9.72 9.21 8.08 7.53 7.00 6.43 5.00 5.00 6.97 9.43 9.39 7.89 7.82 8.07 8.76 9.64 10.39 10.93 11.16 11.50 11.67 11.61 11.37 10.67 9.95 13.41 13.42 13.15 8.98 16.34 11.70 12.12 12.66 11.63 10.79
