examples/cougarCreek-fire/createInputs/WindNinja/wrfout_d3.2015081012.f23/cougarCreekFire_08-11-2015_1100_217m_non_neutral_stability_vel.asc
ncols	146
nrows	140
xllcorner	610065.000000
yllcorner	5095217.000000
cellsize	216.586807
NODATA_value	-9999.000000
[rows 35 to 69 of 140, columns 0 to 78 of 146]
15.95 16.57 21.32 22.69 15.95 13.80 22.26 22.59 21.64 22.14 21.52 20.58 19.00 18.00 19.58 10.93 12.31 13.53 11.79 20.49 25.28 28.61 30.05 36.81 33.99 33.71 32.98 36.80 45.06 53.52 52.15 46.99 31.58 11.77 7.22 8.57 8.01 7.61 10.52 12.56 13.90 15.41 17.61 18.94 19.11 23.10 27.21 28.77 26.70 20.74 22.26 23.47 26.36 28.64 29.01 29.09 29.20 28.98 29.76 37.96 36.82 35.54 25.97 22.51 16.94 15.32 13.04 11.28 10.07 9.54 10.14 10.81 11.70 9.59 12.44 12.35 13.23 14.08 14.73
11.76 14.92 18.47 21.22 16.11 15.03 11.62 22.77 21.22 21.92 21.63 20.18 19.02 20.25 21.70 22.67 24.91 28.43 26.82 25.39 24.63 25.18 30.02 30.01 31.85 30.40 31.62 38.68 47.38 53.04 49.02 42.63 31.11 14.65 8.05 8.34 8.86 12.67 7.84 5.44 5.50 7.20 11.69 20.54 20.54 24.55 27.59 29.67 32.59 22.90 24.72 25.04 27.39 29.88 30.70 31.43 31.63 30.95 30.93 31.01 30.45 29.39 26.85 30.57 22.33 16.76 14.77 13.05 11.78 13.53 11.19 11.17 10.52 8.97 7.86 8.07 8.84 9.76 11.25
14.68 15.42 16.33 19.73 24.52 22.98 23.40 21.65 20.56 18.45 17.67 19.82 20.63 20.73 17.67 18.23 23.02 23.36 20.32 17.21 17.43 20.90 26.69 31.12 29.04 26.07 32.72 40.94 50.51 55.27 52.26 35.92 26.34 17.37 6.19 2.63 3.53 4.40 5.58 8.47 2.88 11.33 8.43 13.29 16.77 9.30 12.20 26.64 34.64 34.14 34.33 27.42 29.25 31.71 31.29 32.95 32.65 31.95 31.59 31.03 29.11 27.38 24.78 21.90 19.70 17.30 14.11 11.05 9.11 8.78 9.12 9.71 13.85 10.20 9.96 10.04 10.14 10.37 10.84
1.94 1.93 14.42 18.69 23.89 25.03 16.50 11.51 20.19 17.67 20.51 18.81 18.76 17.38 16.62 18.09 20.52 22.02 21.26 20.66 20.83 19.83 23.68 30.04 31.21 28.24 34.60 44.88 52.20 58.10 60.23 47.00 22.70 13.90 8.36 7.99 9.18 12.34 7.90 9.15 10.60 11.89 1.66 3.95 6.18 8.97 12.02 15.17 32.24 33.74 39.74 38.14 40.28 34.42 34.37 35.35 35.26 35.46 31.97 31.38 30.45 28.63 26.79 24.72 21.34 19.93 14.41 9.85 6.43 4.75 4.50 5.28 7.40 9.24 9.78 10.82 12.09 11.91 11.55
2.61 12.31 16.65 19.62 23.08 26.63 17.09 20.97 19.17 20.53 20.10 19.63 20.35 19.29 19.29 19.76 20.95 21.72 20.72 19.30 18.05 19.48 23.83 30.76 29.33 27.64 34.16 43.01 52.68 57.90 66.23 54.05 28.35 10.46 4.64 6.71 6.63 5.87 6.89 3.56 4.26 11.54 2.05 4.10 14.05 23.12 27.29 30.23 33.94 37.59 39.78 41.95 41.48 42.84 45.44 39.87 38.45 36.48 35.00 32.53 29.74 26.94 25.46 24.95 23.50 20.88 16.92 12.03 8.86 6.45 5.42 3.92 4.69 5.76 6.63 8.54 10.10 11.29 12.74
5.79 14.48 17.22 20.75 15.05 17.54 16.31 22.09 20.94 18.96 21.02 21.55 23.33 22.30 20.88 19.60 19.33 18.78 18.19 19.29 20.12 23.15 27.34 28.11 24.23 24.79 31.12 40.38 45.17 56.95 67.97 55.23 29.34 12.82 5.09 3.39 3.17 1.81 10.93 4.55 4.81 5.04 5.55 3.65 6.44 10.22 13.73 17.60 20.81 36.81 39.63 41.01 43.19 41.95 29.98 31.58 45.17 44.24 29.35 42.76 41.09 30.22 25.28 24.17 22.84 22.19 18.80 12.93 9.94 7.71 6.26 6.17 7.07 5.89 5.94 7.28 8.22 8.78 10.63
3.32 4.50 13.74 19.15 16.38 17.49 14.71 22.53 22.21 22.09 22.48 22.75 22.17 19.04 16.78 16.76 15.60 15.30 17.37 22.78 25.45 27.66 29.52 22.08 19.17 23.03 32.76 38.93 41.38 56.58 68.24 56.27 31.04 14.85 6.79 6.77 3.06 2.38 8.28 12.54 9.76 9.99 12.79 15.25 19.46 19.28 14.80 17.82 29.36 32.32 36.51 36.13 30.55 39.38 41.37 41.85 39.47 38.51 29.27 28.26 34.78 27.85 26.77 26.23 25.05 23.78 22.64 20.77 16.30 12.87 10.98 9.81 7.33 8.54 9.40 10.84 9.56 9.81 9.39
7.15 13.53 15.81 19.66 25.80 17.16 21.50 23.41 23.97 23.04 23.53 24.48 22.21 17.20 14.08 13.09 12.79 15.73 21.05 24.97 28.30 29.90 24.42 16.59 18.19 23.48 33.98 38.72 42.19 54.78 67.45 62.99 47.58 28.33 17.63 11.80 3.40 2.24 6.27 11.33 12.11 9.73 11.16 14.60 20.63 24.54 28.64 32.05 33.92 25.35 36.96 37.79 34.47 35.60 36.47 30.49 30.12 33.56 32.82 33.92 25.73 29.75 32.15 32.34 23.43 20.69 18.91 15.68 12.10 9.11 8.24 8.00 7.82 9.69 11.53 13.37 14.55 14.30 10.93
7.34 7.94 17.46 9.21 16.91 15.75 22.92 22.61 24.31 26.74 26.21 20.86 13.42 10.87 9.39 10.78 12.15 14.94 19.03 25.90 29.83 24.81 18.21 15.47 17.96 25.01 33.86 35.98 41.68 51.23 62.11 59.63 53.88 43.80 33.63 19.13 5.73 2.31 4.07 7.06 9.79 11.05 12.08 14.11 17.92 21.95 26.55 30.82 36.20 38.06 39.35 41.59 41.49 40.46 39.41 39.37 41.35 42.44 44.09 37.94 31.84 25.05 23.61 23.56 23.44 22.72 19.84 15.76 11.67 9.17 7.74 7.22 7.21 7.93 9.05 11.71 13.62 14.48 15.50
7.85 7.11 7.41 22.22 21.22 19.54 22.89 23.06 25.98 25.20 19.49 11.82 8.91 11.94 10.64 12.56 9.78 11.55 17.04 24.94 29.42 23.28 18.52 16.42 18.52 25.80 30.45 31.14 39.27 49.25 58.27 54.01 51.59 44.50 38.93 33.96 14.55 4.95 2.79 4.67 7.29 9.06 10.20 7.97 9.95 15.71 25.12 30.44 35.71 37.11 39.03 41.79 44.95 44.61 44.52 43.74 36.99 31.90 31.27 30.79 28.37 25.86 24.59 24.73 25.89 25.52 22.01 17.39 14.22 12.79 12.68 13.13 13.80 14.41 14.43 13.56 13.31 14.89 15.17
18.46 19.98 19.39 20.00 19.81 21.83 19.69 22.67 25.09 18.27 13.52 9.69 13.37 14.56 13.61 12.72 10.34 12.68 17.68 26.36 30.01 25.14 19.48 15.87 18.22 23.17 25.65 28.46 36.09 48.74 54.09 49.68 49.22 46.42 40.05 31.35 22.15 18.89 12.45 6.66 5.81 7.56 5.29 2.85 0.18 11.89 21.83 27.46 34.59 37.56 39.66 39.40 38.81 37.75 35.39 33.11 30.42 31.68 31.83 31.13 30.18 29.88 28.85 26.58 24.70 22.00 22.02 18.68 14.86 15.83 17.55 15.96 16.49 17.26 17.56 16.84 17.19 17.63 17.96
13.20 14.30 14.44 17.23 19.48 21.83 18.00 18.09 17.97 14.00 12.89 12.99 16.08 14.15 13.63 12.69 12.68 16.34 19.48 26.90 29.95 24.59 17.13 12.37 15.22 18.41 22.33 28.61 38.55 50.83 50.69 48.00 47.31 46.55 41.07 30.96 22.13 17.66 13.15 11.28 12.22 10.70 9.03 6.72 2.84 15.90 20.75 26.34 34.12 32.13 25.67 27.69 30.16 30.33 30.31 30.01 30.37 32.49 32.66 31.35 30.03 29.65 29.34 27.10 23.35 22.64 14.42 12.98 18.24 12.88 11.21 11.42 12.59 15.17 16.14 17.13 16.22 17.16 17.54
16.80 16.90 15.17 20.18 21.24 20.37 13.29 15.91 18.32 16.16 16.09 16.26 16.38 16.06 16.55 17.71 6.91 9.17 21.22 25.71 28.13 20.22 13.98 12.56 15.14 16.74 20.45 29.25 39.36 47.15 48.80 46.86 44.53 46.12 41.53 31.35 18.95 19.74 17.52 13.94 13.30 8.87 10.78 10.57 11.81 12.05 18.53 27.02 21.38 22.57 22.98 25.03 27.87 29.32 30.48 31.71 31.93 32.11 31.61 29.96 31.06 30.70 31.37 30.58 24.70 20.12 19.52 16.69 11.22 9.63 7.34 11.05 11.86 12.85 13.82 14.19 12.13 13.45 14.45
17.62 17.80 17.39 18.17 14.03 13.17 11.42 17.41 20.60 19.85 20.11 17.06 16.14 17.09 16.53 9.92 11.22 12.92 22.66 24.11 25.71 18.23 14.12 16.01 15.05 16.38 21.49 30.01 38.15 45.68 46.48 45.20 42.21 46.76 40.40 37.09 15.28 18.86 18.06 22.28 16.63 10.93 9.64 11.53 14.40 17.69 22.50 16.37 19.35 20.67 21.98 23.61 25.84 28.50 30.69 31.40 30.36 29.79 29.45 28.31 27.05 26.11 25.75 26.24 26.21 22.86 17.74 13.55 14.71 13.72 13.81 16.88 12.89 13.11 14.19 12.22 12.39 10.44 13.28
17.57 17.95 17.99 16.03 12.44 15.39 18.63 21.16 20.63 21.58 19.92 18.66 17.93 16.84 13.18 19.57 16.92 17.27 14.73 19.81 22.79 18.72 16.78 16.15 13.91 17.05 21.22 28.37 35.66 35.77 45.85 37.42 41.11 45.78 41.00 37.66 18.57 16.43 16.59 21.11 13.35 16.18 7.83 8.00 11.20 19.14 14.06 17.09 19.20 20.83 22.31 23.26 25.11 27.93 29.74 28.72 27.92 28.09 27.02 27.34 26.88 26.02 24.96 24.44 29.09 28.82 25.12 21.53 23.70 21.63 19.54 13.84 13.39 12.45 11.22 10.39 10.13 10.31 9.13
17.99 18.18 17.22 14.54 17.77 19.94 19.82 20.32 20.30 21.12 23.81 23.54 21.86 22.95 19.15 13.95 13.27 12.48 13.22 17.99 20.54 19.33 17.18 13.63 13.26 15.19 19.11 25.29 27.61 35.09 42.65 35.07 40.20 45.48 42.48 37.87 20.22 17.73 16.96 17.83 19.12 15.57 14.96 10.23 6.35 10.44 16.18 17.59 19.55 20.76 21.62 22.27 23.87 26.41 28.58 28.59 27.42 26.13 27.88 29.01 26.15 25.30 24.62 23.99 23.34 23.01 21.41 18.06 13.94 11.45 10.79 10.12 9.39 13.01 12.04 9.39 7.21 8.28 9.06
18.54 17.75 15.27 18.15 19.93 19.61 19.34 20.07 19.78 23.38 23.27 16.40 24.68 21.60 14.49 11.74 11.40 12.36 14.09 17.96 18.87 20.36 19.76 14.52 15.14 16.18 19.52 25.01 29.77 34.30 38.83 33.99 39.70 45.58 41.56 35.56 21.32 22.44 20.59 19.57 16.49 12.97 12.07 17.23 14.38 15.17 10.74 14.83 17.11 18.75 19.99 21.20 22.44 23.74 26.10 27.67 24.21 20.99 26.71 29.17 28.98 27.49 23.63 23.85 23.49 21.70 25.06 19.88 28.47 19.41 15.23 17.47 16.69 13.83 12.69 6.05 6.62 7.17 6.46
17.87 16.65 15.04 18.65 18.59 18.86 19.63 19.59 19.23 24.20 28.81 23.72 14.45 11.62 10.16 11.02 12.37 13.17 14.61 17.34 17.48 19.93 20.50 10.96 17.90 16.82 17.56 23.34 30.65 37.38 34.68 32.28 39.18 46.38 38.77 30.17 24.23 25.10 23.01 21.52 16.50 12.46 10.01 13.91 20.45 17.33 19.54 14.94 16.94 18.47 19.95 20.96 21.57 20.93 22.80 24.17 22.22 21.12 24.08 28.07 28.54 34.48 25.77 24.25 24.83 22.57 20.32 20.48 21.99 18.98 14.83 13.35 12.90 12.05 10.48 8.24 6.97 6.33 5.19
16.10 15.49 18.33 19.39 19.99 18.72 18.00 17.73 19.92 24.85 24.49 17.03 10.03 10.64 13.23 14.66 14.27 15.04 15.12 16.87 15.75 18.15 17.33 14.78 19.97 16.17 20.62 28.52 33.00 33.77 30.02 33.82 38.00 47.82 39.48 27.01 23.26 21.43 18.46 17.72 16.34 13.35 9.23 12.05 18.05 23.52 27.56 25.39 25.55 21.97 19.66 19.93 20.40 19.89 21.20 24.07 23.20 22.72 24.84 27.26 27.62 26.30 24.38 25.14 25.61 23.54 21.96 21.66 21.68 19.93 16.40 14.25 13.38 13.46 14.58 14.25 18.23 14.77 14.65
14.25 13.72 18.04 18.28 17.57 15.11 18.95 20.52 22.18 24.79 17.86 11.95 13.00 16.00 16.13 16.07 15.48 16.34 17.15 17.61 16.26 16.84 18.36 17.92 19.07 21.12 23.75 25.18 30.71 33.87 28.49 30.92 36.41 47.96 38.04 25.51 29.33 28.10 22.32 21.92 21.60 19.26 12.93 8.63 12.81 20.40 25.09 27.79 29.24 30.70 24.00 21.32 19.49 20.10 21.80 25.41 26.46 25.51 25.14 26.45 27.20 25.77 24.11 25.63 25.98 23.76 21.61 21.69 21.53 21.50 26.03 22.35 13.81 12.25 12.62 13.88 12.53 9.27 9.62
11.63 10.73 15.14 17.05 13.12 13.14 18.78 22.41 18.09 16.34 12.36 8.99 18.33 16.74 16.06 14.95 15.34 15.73 15.22 14.76 13.66 14.36 15.42 17.06 20.33 22.39 23.59 25.84 31.05 33.71 29.13 26.99 35.38 45.30 36.42 24.46 29.72 28.14 28.49 28.46 28.61 29.86 20.63 18.31 10.16 8.41 19.48 25.91 27.99 28.61 30.11 25.19 20.71 20.86 23.03 26.22 26.88 25.61 25.65 26.67 27.20 29.61 33.12 33.11 23.88 21.56 29.87 26.71 28.67 18.21 16.01 12.43 20.89 15.57 12.64 11.77 10.74 14.79 17.26
8.62 7.92 11.07 14.47 13.58 16.47 22.26 21.48 12.51 10.46 7.38 20.70 11.57 18.87 16.89 18.14 16.33 17.55 15.24 12.26 12.03 12.80 15.20 16.66 21.08 24.11 25.41 28.10 32.68 30.85 28.04 30.13 35.37 43.88 35.02 21.98 28.53 27.73 27.23 28.99 29.73 30.30 29.42 23.04 16.74 11.01 9.10 11.63 16.61 29.97 30.10 26.68 26.66 22.10 25.25 29.44 27.97 28.83 30.72 31.90 30.02 25.96 24.43 23.72 23.09 21.10 25.29 18.30 18.81 17.57 16.00 19.91 20.60 20.87 11.31 10.17 6.89 5.16 5.36
8.09 5.73 9.36 11.51 14.65 18.66 18.88 16.40 12.89 14.50 18.80 24.53 21.07 20.24 18.76 19.39 21.20 23.72 10.88 9.19 12.13 13.46 15.00 15.97 20.74 23.78 25.09 28.58 32.34 29.83 29.38 28.39 28.63 37.27 35.10 22.37 28.50 27.63 20.98 29.08 29.57 28.74 30.62 26.85 18.08 17.33 11.61 10.55 11.84 16.52 20.45 34.12 24.25 27.89 28.57 38.23 39.89 28.01 28.21 26.47 26.12 27.79 23.31 23.35 22.43 21.40 20.16 19.24 18.89 18.04 16.83 15.60 23.17 11.39 9.86 8.68 7.02 5.79 5.41
8.57 6.46 11.21 6.44 5.75 13.29 19.77 12.38 11.59 22.04 20.66 24.56 22.23 24.16 21.04 12.25 12.15 16.02 12.88 1.54 12.78 14.72 14.86 15.18 20.09 22.31 25.44 31.27 30.00 28.62 27.22 21.17 25.75 34.63 35.43 23.78 25.59 25.93 21.05 31.15 26.93 24.94 27.12 30.54 26.94 20.70 18.31 15.48 13.44 13.60 16.99 21.08 26.40 29.54 36.87 27.45 23.69 25.28 23.54 22.26 25.63 26.20 24.97 26.39 27.15 27.64 20.07 19.54 18.73 17.74 16.59 21.30 13.43 11.87 10.03 8.41 7.85 7.12 13.66
8.29 6.43 7.28 3.57 9.22 20.41 14.28 12.42 21.69 22.67 23.69 26.81 27.51 13.55 11.28 10.37 17.45 18.26 10.41 4.19 10.84 10.62 10.04 14.83 17.55 20.43 26.73 31.60 29.98 29.39 18.78 21.91 32.03 36.97 37.62 27.24 20.73 27.59 28.00 25.69 27.65 28.28 23.88 28.00 28.66 30.22 28.65 25.70 17.07 16.47 16.07 16.61 18.17 19.49 20.03 20.72 22.26 22.95 22.21 21.31 20.58 20.39 20.90 20.83 19.86 18.90 25.65 25.73 25.16 22.08 15.29 14.76 13.19 11.99 10.96 9.08 7.98 7.62 14.59
7.15 5.31 11.67 13.46 17.80 15.07 11.13 18.30 21.68 15.82 17.15 18.45 15.79 13.91 11.67 17.59 21.37 16.33 7.00 2.76 10.51 11.22 11.86 14.80 16.74 19.39 27.41 30.98 30.72 28.42 19.62 29.24 32.50 34.97 38.08 27.71 22.20 26.10 28.15 28.12 25.63 29.20 27.84 27.26 29.13 26.31 26.93 15.00 15.28 15.22 28.54 19.90 18.30 19.30 20.22 20.51 20.99 21.40 20.61 19.63 19.43 19.44 19.58 19.25 18.45 23.30 20.85 17.04 16.67 15.60 15.22 14.97 13.74 12.47 11.54 10.25 16.64 15.69 6.95
5.33 9.13 11.87 12.38 13.93 12.03 9.53 18.29 13.05 13.73 14.49 15.05 13.13 14.70 18.18 22.10 19.97 11.35 4.20 2.36 9.83 10.90 13.29 11.33 14.53 19.26 27.52 30.04 28.66 29.04 29.09 30.01 32.80 33.56 33.82 30.95 23.05 25.28 29.03 28.53 26.44 26.62 26.70 24.57 25.82 26.53 29.08 29.94 11.78 28.48 29.12 32.18 34.18 31.90 21.04 21.31 21.52 21.14 20.01 18.85 18.36 18.12 17.82 17.16 16.29 15.84 15.77 16.07 16.03 15.64 15.28 14.65 13.47 12.32 18.49 17.75 10.16 9.23 8.59
8.33 12.30 13.33 11.96 12.55 14.44 15.28 13.67 10.76 9.46 9.93 10.58 15.91 19.51 21.95 21.67 15.14 6.42 3.06 11.84 11.25 10.02 12.05 13.04 15.17 18.76 25.42 29.65 30.14 30.67 29.65 30.39 22.28 34.92 28.97 30.27 28.21 25.96 29.55 27.70 27.60 24.94 26.36 26.84 25.79 27.01 25.33 25.64 25.88 25.46 26.26 30.57 32.33 19.49 20.98 21.38 21.53 20.47 19.01 18.22 17.76 17.26 16.63 15.71 15.24 15.24 15.39 15.58 15.35 14.67 13.78 12.92 12.26 11.48 17.87 10.71 10.45 10.05 9.79
11.67 9.93 10.65 12.75 14.15 12.38 10.20 7.29 6.62 4.99 9.06 12.94 18.49 22.47 22.71 18.32 9.68 3.10 2.15 12.60 12.52 12.90 13.52 14.71 14.73 17.70 23.86 30.08 31.41 31.48 31.60 20.07 21.90 32.21 25.07 29.29 29.94 29.27 29.59 28.42 27.58 24.62 26.31 26.40 25.62 27.22 27.66 28.13 27.47 25.60 28.44 30.38 35.24 18.63 20.24 20.93 20.66 19.37 18.06 17.33 17.10 16.93 16.44 15.72 15.46 15.74 15.90 15.55 14.47 13.03 11.95 11.30 10.93 10.22 16.14 9.68 9.71 9.63 9.78
4.04 6.99 9.45 9.26 8.22 7.34 6.07 5.66 6.34 11.31 13.56 15.20 20.09 23.67 20.50 13.34 5.63 5.12 6.34 13.91 13.98 16.21 14.47 14.99 14.52 17.29 21.02 29.81 32.22 32.03 27.75 30.85 27.06 32.22 27.14 29.58 31.74 28.42 28.96 29.31 29.06 24.18 19.46 26.07 25.81 25.31 28.73 27.23 16.77 28.91 25.91 28.55 31.76 34.76 19.87 20.94 20.17 18.74 17.40 16.63 16.58 16.72 16.08 15.13 14.72 14.92 14.86 14.07 13.08 12.06 11.11 10.39 10.19 9.46 8.59 8.47 8.74 8.89 15.14
1.77 7.35 7.96 8.86 7.74 5.71 4.46 7.53 12.02 14.84 16.14 18.82 22.24 21.57 15.13 8.21 2.80 7.14 15.44 14.67 7.97 15.62 14.89 16.94 15.77 15.16 18.41 20.67 34.07 32.55 30.30 30.11 29.48 29.82 27.76 29.36 30.77 29.28 30.82 29.99 29.13 25.23 19.46 23.97 24.80 26.33 26.19 25.26 16.64 16.77 29.12 26.88 30.74 32.86 19.73 20.96 19.82 18.02 16.44 15.97 16.20 16.29 15.60 14.64 14.16 13.78 13.17 12.39 11.84 11.59 10.76 9.64 9.44 9.12 7.80 6.87 6.97 7.00 6.51
6.47 5.25 6.03 6.43 8.24 8.59 9.94 12.73 14.84 15.85 17.52 20.54 21.70 17.92 11.81 5.84 4.81 8.69 13.64 16.16 17.91 11.41 15.17 17.84 15.25 13.38 9.86 18.47 24.33 25.66 30.04 27.07 28.43 29.25 29.31 29.51 29.22 30.32 30.38 21.43 27.67 27.38 18.30 18.72 21.94 24.62 25.63 25.39 29.67 11.56 16.58 28.11 32.38 22.04 19.31 20.68 19.68 17.45 15.91 15.69 15.70 15.52 15.00 14.23 13.72 13.04 12.16 11.24 10.72 10.55 9.79 14.78 14.58 8.60 7.09 12.86 4.62 4.32 3.64
2.75 3.26 4.48 6.65 10.58 12.80 13.88 14.84 15.43 16.03 18.56 18.29 17.77 15.36 11.59 5.87 6.93 8.89 15.62 17.08 14.84 5.00 9.05 18.82 17.05 12.84 9.15 16.64 31.44 34.25 31.69 29.40 28.05 29.16 31.07 29.92 29.00 28.75 30.94 21.83 29.85 29.44 17.73 15.09 12.37 19.97 23.36 25.68 22.13 16.19 15.39 28.11 32.54 31.44 18.71 20.33 19.81 17.70 16.08 15.27 14.64 14.28 13.88 13.23 12.98 12.61 11.76 10.81 10.02 9.07 14.71 14.41 13.91 8.05 6.97 5.37 4.38 3.84 3.67
2.95 3.54 2.26 8.06 13.63 15.54 17.42 15.44 15.05 15.47 15.80 14.85 14.35 13.37 11.04 6.31 7.39 15.59 15.20 18.05 15.47 14.51 17.48 16.35 16.41 6.54 8.08 16.66 28.11 31.08 33.23 28.60 30.67 30.44 30.35 29.45 31.48 30.90 30.58 22.37 30.34 24.24 20.17 17.38 14.09 12.50 13.91 20.44 19.38 26.48 22.75 25.80 28.98 27.10 30.99 24.68 19.56 18.33 16.32 14.10 12.78 12.39 12.28 17.13 12.38 12.37 11.59 10.81 9.86 8.07 6.90 6.62 14.17 6.83 14.07 5.66 5.14 5.19 8.09
4.82 3.89 5.03 9.80 15.77 16.76 15.84 14.99 14.18 14.47 14.41 13.15 13.23 12.52 10.55 6.47 8.64 15.16 15.90 17.27 16.28 15.64 15.90 15.78 16.40 6.20 4.97 17.21 28.32 29.58 33.18 32.19 27.62 30.41 32.19 31.16 30.98 28.88 31.43 22.72 24.00 21.11 27.17 19.57 15.87 13.74 15.33 21.21 21.25 23.19 23.87 25.94 27.77 27.25 21.47 32.67 24.04 18.24 16.06 12.97 11.06 10.52 10.80 11.37 11.82 12.01 11.37 10.77 10.09 8.22 6.62 5.83 13.04 5.45 5.06 13.18 8.59 9.32 4.75
