examples/cougarCreek-fire/createInputs/WindNinja/wrfout_d3.2015081012.f23/cougarCreekFire_08-11-2015_1100_217m_non_neutral_stability_vel.asc
ncols	146
nrows	140
xllcorner	610065.000000
yllcorner	5095217.000000
cellsize	216.586807
NODATA_value	-9999.000000
[rows 70 to 104 of 140, columns 0 to 78 of 146]
4.65 4.08 3.84 11.41 16.64 16.94 15.11 14.04 13.48 15.31 13.07 12.82 13.63 13.19 10.64 5.83 10.29 14.75 17.15 17.38 17.72 18.22 16.02 15.88 14.05 5.45 7.06 18.06 25.99 28.66 30.61 28.73 26.53 28.61 32.28 31.28 30.68 31.46 31.60 22.90 19.06 20.24 21.85 21.29 17.20 13.98 23.52 21.32 20.88 16.37 16.29 25.94 28.13 24.39 25.21 22.16 25.45 19.49 16.55 13.67 11.38 10.32 10.12 10.48 10.85 11.16 10.91 17.31 10.03 8.92 7.01 5.40 12.18 11.97 11.89 11.62 11.68 8.07 2.55
1.23 0.92 6.17 15.47 16.39 16.52 14.54 15.37 15.30 14.27 14.36 15.48 16.84 16.32 12.05 4.92 12.09 15.77 17.13 17.71 17.05 17.56 13.95 12.31 6.77 6.28 13.24 20.31 23.79 25.70 28.75 28.15 24.96 28.34 29.90 31.36 31.07 31.35 31.76 18.44 23.60 30.90 20.32 33.15 18.90 14.95 13.79 22.23 24.05 23.77 18.15 18.02 25.83 26.04 29.06 25.93 23.33 25.85 16.97 14.71 12.01 11.21 10.89 10.34 10.02 10.06 9.99 9.43 16.77 8.96 7.48 5.51 12.39 12.59 12.70 11.74 9.98 9.47 7.51
1.04 2.93 7.61 15.66 15.52 15.73 14.38 15.96 15.37 13.64 14.22 14.98 12.51 16.21 14.15 5.64 13.50 15.46 17.79 18.43 19.78 14.78 13.29 13.86 6.85 2.86 14.56 21.39 23.34 24.54 27.54 26.07 23.25 29.98 28.58 30.51 30.10 32.10 31.00 18.66 24.45 32.26 18.94 21.58 21.09 16.47 23.98 14.43 17.45 16.10 16.56 17.95 26.50 19.61 23.73 29.96 22.41 17.35 26.47 15.12 12.57 10.83 10.55 10.09 9.95 10.00 9.55 8.72 8.50 8.21 14.18 12.48 12.86 12.04 12.23 2.59 8.58 7.60 7.12
2.43 4.25 12.03 14.40 14.55 14.89 14.24 16.25 14.63 13.28 13.37 14.15 10.83 15.92 15.60 8.10 14.96 15.89 18.37 18.94 18.58 14.87 11.39 12.09 6.60 4.65 20.42 22.11 17.11 24.53 26.16 23.48 22.17 28.08 19.55 28.32 27.05 26.24 30.50 19.01 26.10 33.71 18.43 20.17 28.49 18.60 14.77 27.72 27.08 27.83 17.14 19.65 26.92 14.15 23.62 21.28 23.09 17.14 15.98 15.30 13.78 10.86 9.34 8.97 9.18 9.32 8.86 8.43 8.38 7.99 13.63 12.95 12.37 11.54 12.07 12.82 9.30 8.87 8.54
8.49 9.42 11.35 13.91 13.54 13.91 15.86 15.92 14.53 13.86 14.29 14.85 15.37 15.13 15.07 9.12 15.95 17.59 15.60 20.06 16.35 8.47 13.92 13.85 2.53 4.88 18.80 15.94 16.05 23.40 24.30 22.39 26.75 18.62 18.65 27.36 27.53 27.05 30.53 19.05 21.64 31.83 31.94 18.85 21.34 20.54 16.12 23.99 29.92 24.41 27.59 27.65 27.19 20.97 15.37 27.49 23.21 16.71 15.44 19.14 13.99 11.64 9.10 8.39 8.19 8.04 7.72 15.59 16.19 15.57 12.00 13.51 13.18 12.62 12.57 12.46 9.75 9.19 8.75
7.45 9.52 15.11 12.98 13.79 14.35 15.46 15.55 15.05 16.20 16.88 11.77 15.54 13.43 12.98 7.59 17.28 12.24 12.41 19.85 16.30 9.08 13.53 9.08 2.15 18.07 19.52 22.12 23.81 25.11 23.95 23.86 25.15 17.38 26.54 25.48 24.04 30.14 29.04 23.19 21.25 34.00 31.48 18.64 19.98 33.37 18.36 15.29 29.46 21.07 29.81 28.96 27.29 21.34 15.76 23.29 31.60 29.68 22.69 30.64 13.76 12.40 9.87 8.45 7.89 7.53 7.14 6.74 14.62 16.10 12.72 12.17 12.18 12.14 11.63 12.02 10.95 9.62 9.22
8.49 11.77 11.56 12.07 12.69 13.50 15.36 15.29 15.49 11.65 13.18 14.03 11.97 16.70 11.64 6.49 21.00 16.86 17.68 18.06 17.73 10.01 10.86 1.81 15.36 17.73 19.23 22.36 22.37 24.85 24.27 25.08 19.40 19.11 24.43 16.15 25.24 27.51 28.36 21.50 24.46 33.48 35.08 24.02 19.16 20.98 27.49 18.52 27.99 28.03 29.97 29.90 30.55 21.38 22.55 23.21 29.58 30.16 22.14 22.31 16.31 12.50 10.75 8.48 7.31 6.81 6.33 13.93 5.63 14.63 13.12 11.55 11.27 11.62 11.66 10.22 11.17 9.42 9.86
8.24 11.52 11.56 11.84 12.46 14.21 15.54 14.98 17.90 9.92 12.22 14.70 13.43 15.71 12.09 8.20 21.34 18.21 19.00 19.55 17.68 12.58 10.05 13.75 16.75 16.49 17.95 21.87 24.29 25.15 24.14 25.43 18.53 26.06 25.20 16.39 24.69 28.50 27.28 20.69 29.82 33.01 34.57 25.28 19.44 20.70 33.82 18.80 26.09 28.81 28.20 29.95 29.43 22.81 23.22 23.22 28.93 21.66 12.84 11.99 28.14 12.48 11.29 8.56 6.47 12.97 12.28 11.93 11.92 12.94 14.55 12.46 11.14 11.65 11.39 1.91 9.64 11.11 2.02
10.34 11.98 11.80 11.91 12.72 14.06 16.30 14.28 14.16 7.80 9.90 14.30 16.10 17.42 12.62 10.47 21.84 18.54 20.51 18.91 11.92 3.80 10.81 3.01 2.20 17.95 19.08 20.89 22.91 24.11 17.71 22.40 23.69 24.83 26.64 12.51 24.03 26.97 19.35 20.32 27.56 30.96 31.59 25.16 26.86 20.01 27.84 32.10 26.11 30.42 27.46 30.41 32.07 22.21 21.73 22.07 28.06 29.26 23.66 17.92 20.65 16.03 11.14 8.56 6.02 12.64 3.84 12.19 3.60 3.66 3.66 13.33 14.42 13.14 11.58 2.48 2.15 2.40 2.64
9.44 11.97 11.96 11.81 12.48 16.86 15.72 13.51 15.63 7.18 14.20 12.24 22.76 16.40 11.98 18.01 16.52 8.51 19.10 5.97 5.21 4.14 15.07 2.85 3.22 19.29 19.44 20.04 21.56 21.56 23.08 21.00 24.83 25.15 27.20 16.17 11.19 26.56 17.78 19.47 24.90 30.19 30.08 22.74 17.92 32.05 27.44 27.99 31.15 26.37 28.71 29.92 32.63 22.02 14.34 14.23 13.36 29.36 21.09 17.75 10.35 21.02 16.11 12.91 6.03 4.91 4.45 4.32 4.27 4.10 3.82 3.70 3.63 13.22 12.88 11.51 2.63 3.42 3.59
10.72 11.53 11.64 11.44 12.81 13.96 13.83 17.06 15.37 13.17 8.78 24.84 14.11 16.22 12.26 21.35 10.50 9.36 7.47 6.40 5.78 18.90 4.12 2.42 3.32 19.54 19.16 17.92 20.56 20.53 21.32 23.37 26.95 25.54 24.43 17.14 17.92 26.73 16.85 19.13 28.56 26.84 28.31 29.44 21.41 23.52 27.45 19.85 20.06 16.70 30.66 26.04 33.72 14.34 15.74 16.20 15.20 14.26 18.39 12.12 10.32 9.22 8.68 24.48 6.97 5.80 5.63 5.56 5.04 4.48 4.34 4.07 3.50 3.11 13.68 15.43 3.83 3.81 10.51
10.79 10.43 11.65 8.06 14.13 13.86 15.01 14.39 15.72 16.99 8.52 10.06 13.21 14.99 12.96 18.91 10.12 9.48 7.67 6.54 18.85 13.24 4.33 3.03 3.66 21.15 17.40 13.70 19.15 20.88 19.63 22.93 24.70 25.63 24.06 23.87 25.63 18.14 17.83 23.72 27.10 20.24 28.60 26.82 28.74 29.34 26.48 18.83 20.21 18.96 16.57 27.19 36.70 16.21 18.54 18.50 16.84 15.47 14.68 13.11 10.89 9.07 7.98 7.41 16.87 6.70 5.64 5.50 5.14 4.85 4.44 13.35 3.90 3.65 3.80 4.34 4.46 3.66 3.15
10.90 10.42 11.65 11.35 15.81 13.23 15.06 10.66 15.32 15.07 8.22 10.27 13.71 13.35 11.74 19.26 9.97 9.86 8.07 21.46 19.42 6.75 4.10 3.32 3.68 21.69 12.07 4.08 20.79 19.05 20.33 15.97 22.85 23.72 26.32 20.86 26.38 16.77 17.53 25.17 22.96 18.24 18.41 25.17 24.29 30.11 23.27 16.99 18.68 31.33 22.27 15.94 16.24 18.65 18.56 16.14 15.19 14.37 13.31 11.92 25.73 10.02 8.98 7.89 7.59 7.16 5.25 19.21 4.74 13.88 4.22 4.23 14.06 4.55 4.46 4.08 19.18 2.99 13.39
10.23 10.47 11.83 12.65 13.59 13.39 13.93 10.19 16.72 16.95 8.16 9.63 13.58 12.73 20.74 10.09 10.35 10.91 9.57 23.21 18.85 5.98 4.01 3.82 19.12 18.50 12.51 15.60 21.43 13.68 19.07 15.92 21.10 23.26 23.61 26.60 18.12 17.57 24.57 24.85 17.07 22.70 24.33 25.27 27.72 27.43 27.07 14.25 16.69 30.76 33.52 35.91 17.56 18.20 14.65 11.63 11.30 20.72 21.08 10.35 10.55 21.96 10.64 9.98 8.64 18.04 5.29 13.65 4.66 4.55 4.07 3.80 15.21 11.56 11.93 3.44 14.08 13.80 12.71
11.63 10.46 12.75 14.44 13.40 14.22 8.49 9.81 18.89 16.14 9.07 9.74 18.23 12.16 11.66 10.90 10.92 11.64 22.89 20.28 7.08 4.82 3.89 4.69 5.37 18.77 16.69 18.84 20.03 12.38 20.50 15.63 19.42 21.98 23.33 24.22 19.10 19.64 27.64 13.40 11.95 8.91 18.04 26.45 26.00 28.44 27.37 12.40 15.09 25.36 33.74 16.37 17.43 13.97 10.03 8.65 8.31 8.37 8.83 8.99 8.82 18.94 9.26 19.05 8.41 6.01 13.16 13.61 14.06 4.71 4.50 3.80 15.12 14.52 15.47 14.61 13.16 15.08 13.17
12.17 11.36 13.34 13.53 14.09 14.56 15.15 15.39 19.87 10.47 10.54 10.81 9.75 18.32 19.85 11.03 25.26 27.09 23.70 19.32 7.30 4.64 3.82 4.43 13.97 17.59 16.68 17.80 20.75 11.79 19.47 18.87 20.38 21.11 20.47 16.69 17.85 19.69 21.21 15.17 14.71 11.15 9.00 19.68 23.80 27.00 19.82 19.80 13.39 15.33 30.40 25.31 12.32 8.62 7.46 6.84 17.28 6.23 6.42 6.45 5.84 16.46 5.76 5.36 24.99 22.68 15.10 13.96 13.54 15.23 13.54 4.29 12.05 12.19 16.85 12.77 12.22 13.08 10.18
12.69 12.67 13.25 13.41 16.26 16.10 16.35 17.72 18.19 10.00 11.72 12.41 8.56 19.03 21.48 22.85 24.60 25.69 11.59 9.08 7.05 4.69 3.94 3.71 20.03 13.24 17.02 17.28 19.59 18.26 20.29 15.76 19.26 11.77 19.78 14.41 19.17 21.21 10.27 13.64 15.59 12.39 8.64 18.47 25.03 25.54 25.67 8.87 10.85 13.30 28.32 26.90 27.86 6.36 6.69 6.19 5.54 14.20 4.64 4.07 3.40 3.14 3.36 2.68 17.86 24.95 15.91 14.49 15.28 15.88 4.02 19.67 16.88 12.72 13.28 14.18 13.07 12.57 7.30
14.48 12.75 13.19 14.92 17.22 15.94 10.12 10.71 10.39 10.03 12.66 14.45 9.71 19.22 18.81 22.38 25.44 20.67 11.97 9.53 6.83 4.41 3.37 13.25 18.46 17.35 17.54 17.67 19.47 20.67 17.26 14.83 18.80 5.51 18.38 16.10 19.35 18.07 15.53 9.87 13.73 12.88 8.87 18.65 18.35 24.83 23.89 7.54 17.86 18.91 23.49 25.44 13.65 4.98 4.80 4.74 4.41 3.95 3.38 11.90 13.81 11.68 2.22 2.06 17.91 3.69 15.55 13.97 14.52 13.89 14.97 12.77 12.37 2.85 1.58 10.09 9.63 13.01 13.41
15.35 12.35 12.95 16.59 17.74 18.49 16.60 17.77 10.32 10.35 13.39 16.39 12.28 13.03 20.94 20.94 24.88 15.08 12.26 9.80 6.53 4.43 3.29 20.98 18.83 16.88 15.40 16.16 18.98 18.07 17.30 18.13 20.34 6.47 12.52 16.19 18.48 18.41 4.79 7.47 9.78 10.41 7.96 18.40 15.12 19.18 20.53 19.19 15.60 5.77 18.24 22.11 4.44 22.98 11.32 2.50 11.37 10.36 1.84 11.61 11.88 11.24 11.49 1.41 16.38 21.17 16.35 14.61 14.98 14.20 13.26 13.06 15.19 18.47 2.90 2.96 3.13 2.61 2.29
12.62 11.80 15.68 16.90 16.56 17.24 17.10 17.29 8.99 9.94 13.77 21.90 14.63 9.01 22.82 21.84 25.15 13.93 12.24 9.81 6.17 4.32 4.04 20.28 16.23 2.81 3.67 11.27 17.54 16.73 4.82 18.00 19.77 7.64 5.27 19.21 18.40 18.42 4.72 6.54 7.71 22.62 6.59 19.82 13.55 18.67 20.03 15.89 13.00 14.51 15.49 20.30 4.59 2.86 11.01 1.82 10.03 8.88 11.66 10.82 15.52 9.58 10.35 13.30 16.23 15.09 18.70 15.53 17.35 16.84 12.69 14.03 13.40 13.33 10.79 15.76 13.13 8.70 4.12
12.82 11.85 15.69 16.67 15.53 17.19 17.40 16.29 7.59 8.95 13.35 23.24 16.26 12.66 25.14 8.97 26.39 13.08 11.72 9.56 6.12 4.01 21.60 16.38 3.57 2.86 3.17 16.91 15.55 16.80 17.84 18.15 20.18 14.10 6.83 15.41 16.03 17.02 4.64 6.05 7.16 13.89 6.53 14.65 14.44 14.50 19.11 11.86 1.84 3.13 13.54 15.92 4.22 2.83 1.74 11.40 0.60 8.11 0.76 0.86 12.71 16.64 2.00 12.71 14.27 15.27 19.50 18.14 19.44 19.46 20.85 13.41 1.14 0.42 2.01 13.25 12.47 12.01 13.92
12.72 11.87 14.87 15.56 14.19 15.44 16.44 17.11 6.74 7.64 12.13 16.58 16.43 14.42 11.89 26.24 25.16 13.64 11.63 9.29 6.23 4.22 19.53 15.77 2.91 3.29 16.95 17.28 17.86 15.27 16.26 17.41 15.84 16.84 11.55 18.28 15.72 16.99 4.60 16.66 13.33 16.41 7.45 16.26 16.06 17.17 11.78 3.14 2.52 2.98 3.38 3.84 13.53 9.90 7.61 8.55 7.99 7.48 9.65 1.24 12.14 7.84 13.54 9.49 15.33 0.63 16.80 10.68 12.43 13.38 13.00 19.54 1.61 1.35 15.13 11.27 12.41 11.82 10.91
16.43 14.02 15.06 16.29 17.17 16.34 15.78 15.96 16.75 6.69 10.24 21.98 15.05 23.67 12.34 26.64 14.01 22.72 12.50 9.53 6.50 14.05 18.60 2.89 3.00 4.36 16.31 17.61 16.15 16.77 16.17 14.64 17.06 18.66 15.66 17.58 16.67 11.29 14.69 6.29 13.31 17.04 7.13 7.00 5.10 10.61 11.33 11.41 2.84 2.93 2.74 3.63 12.79 2.89 1.52 13.52 7.19 6.31 9.36 6.66 9.62 13.55 7.22 8.73 16.59 2.04 1.28 18.41 12.32 13.31 13.21 19.63 1.38 1.71 11.88 10.99 17.79 15.77 15.62
16.97 7.91 7.47 6.42 14.81 15.21 14.74 6.60 16.81 7.23 23.24 20.62 13.39 23.25 21.00 23.70 26.51 20.55 13.46 10.12 6.80 13.72 15.09 16.60 3.33 5.18 16.85 16.92 16.60 14.08 13.60 10.77 17.55 18.81 17.06 11.04 3.84 4.42 5.83 7.66 7.31 5.30 5.92 7.51 6.38 11.40 11.84 2.90 3.15 3.38 3.13 12.85 11.82 3.36 2.10 1.90 5.86 11.89 7.49 5.97 7.72 7.41 7.70 9.97 11.31 13.28 12.90 8.54 18.25 12.13 12.45 20.35 2.07 2.05 10.99 14.85 13.66 8.64 4.09
9.54 8.70 8.54 7.94 18.39 16.38 15.08 6.55 8.20 8.33 8.32 22.14 21.72 19.87 20.39 21.83 22.88 23.93 13.68 10.71 6.78 10.55 16.84 16.67 3.42 5.23 17.08 15.36 12.98 17.44 17.53 14.28 18.51 15.52 4.03 4.54 4.89 5.15 6.99 9.15 7.73 5.19 5.08 6.51 6.35 5.23 4.30 3.52 3.64 4.17 4.49 10.18 9.20 3.27 2.40 2.38 7.41 2.57 7.33 7.15 5.70 11.01 13.47 3.09 3.06 11.74 16.22 13.77 18.98 12.60 13.43 19.38 3.11 10.89 13.18 11.31 3.96 12.80 12.01
14.08 7.70 16.86 7.67 17.62 15.55 6.08 16.56 8.09 17.38 20.40 20.09 20.27 18.32 19.25 19.26 22.81 24.06 13.27 11.55 7.49 18.19 16.18 1.71 3.26 4.83 16.32 11.62 4.19 17.09 3.38 16.45 15.14 12.55 3.98 4.25 4.72 5.10 7.10 9.57 8.39 6.09 5.47 5.80 6.08 6.04 5.58 4.68 4.38 4.89 5.40 5.33 4.44 3.27 2.87 2.95 2.73 2.44 2.52 3.16 10.23 6.01 9.06 2.19 2.27 2.82 3.22 11.38 12.79 13.57 13.25 14.21 12.12 12.45 14.82 15.66 2.35 4.12 5.36
7.19 6.13 17.25 15.67 16.49 16.45 6.04 16.31 17.04 20.64 16.54 20.50 20.67 17.75 18.47 16.91 22.91 23.67 12.49 12.67 9.58 19.60 3.05 2.12 3.29 4.70 16.26 12.69 18.08 14.61 12.43 14.16 14.07 3.34 3.71 4.11 4.54 5.07 7.16 9.09 7.95 6.38 5.85 5.57 5.84 6.40 6.67 6.18 5.48 5.65 6.05 5.75 4.92 3.96 3.36 3.08 2.82 2.64 2.64 2.85 8.89 5.21 2.26 2.10 7.77 2.21 1.75 1.46 1.69 13.61 13.95 13.96 10.59 15.40 17.53 13.10 1.19 2.77 4.85
8.17 7.42 17.62 16.82 15.28 16.70 16.81 6.37 17.90 23.00 10.91 21.92 20.96 20.31 11.83 18.85 19.70 21.10 11.19 18.22 11.40 8.41 5.15 3.22 3.69 14.66 4.73 17.53 12.22 2.71 12.46 3.92 3.73 3.45 3.60 4.11 4.75 5.74 8.03 9.52 8.02 6.16 5.31 5.05 5.70 6.60 7.21 7.29 6.74 6.53 6.78 6.49 5.68 4.69 3.88 3.42 2.98 2.51 2.39 2.44 2.41 2.43 2.53 2.50 2.27 1.96 1.71 1.54 1.43 1.35 1.58 1.95 1.77 13.25 9.70 15.73 15.15 1.30 3.24
9.90 9.82 9.08 17.82 18.45 7.42 15.82 6.83 7.64 8.60 22.37 22.07 20.30 18.02 11.43 9.94 21.65 16.35 17.18 24.00 11.42 9.94 7.51 5.45 14.65 14.02 14.44 2.15 13.95 14.34 11.68 2.75 3.13 3.18 3.18 3.68 4.61 5.91 8.23 10.39 9.43 6.61 4.70 4.42 5.46 6.76 7.47 7.79 7.73 7.44 7.38 7.12 6.28 5.33 4.68 4.10 3.35 2.50 2.00 1.94 1.97 2.03 2.14 2.11 1.83 1.48 1.19 1.13 1.07 13.33 1.51 1.86 1.52 15.33 14.75 19.48 15.01 0.84 1.69
8.80 17.78 8.45 18.23 18.98 7.86 16.33 6.62 7.06 21.40 24.40 11.01 21.28 17.46 11.86 14.64 18.21 17.72 17.71 9.64 11.22 22.22 8.84 7.30 6.49 16.63 13.69 13.06 14.43 15.13 11.70 14.66 2.06 2.69 2.94 3.30 4.26 5.68 7.58 10.39 10.47 6.93 4.60 4.33 5.04 6.59 7.68 8.20 8.73 8.95 8.30 7.37 6.43 5.84 5.54 4.88 3.91 2.83 2.04 1.67 1.48 1.42 1.38 1.35 1.28 0.99 0.70 0.80 1.10 1.18 1.60 1.70 13.72 13.11 13.48 13.78 16.11 14.48 0.15
5.55 16.64 4.70 19.05 7.08 13.90 17.39 15.36 19.09 6.27 7.32 9.46 19.20 12.51 15.80 11.50 17.05 14.28 16.44 6.97 9.47 11.14 10.29 23.58 19.86 16.12 12.89 13.82 14.15 14.54 0.63 1.03 1.44 2.12 2.62 3.05 4.13 5.99 8.13 11.13 11.47 7.48 5.90 5.83 5.99 7.02 8.04 8.60 9.57 10.74 9.99 7.89 6.53 6.24 6.08 5.41 4.55 3.58 2.65 1.95 1.32 0.77 0.57 9.77 0.42 0.45 0.40 0.47 0.89 1.24 1.60 1.70 1.47 1.28 0.97 12.66 13.04 13.19 1.05
7.67 6.09 3.29 17.35 4.97 16.49 20.85 8.17 7.16 20.70 5.82 20.29 15.69 19.44 18.18 16.87 16.37 13.06 14.32 19.04 7.02 9.69 11.13 9.70 7.27 5.33 15.11 14.25 13.73 13.62 0.41 0.76 1.06 1.35 1.83 2.58 3.92 6.07 8.85 12.53 13.83 10.69 8.39 7.53 7.23 7.71 8.32 8.65 9.81 11.83 11.68 9.00 7.02 6.74 6.39 5.50 4.83 4.17 3.37 2.56 1.70 0.76 0.28 0.25 0.13 0.06 0.23 0.44 0.68 0.86 1.19 1.40 13.52 13.83 13.83 12.91 12.91 13.73 15.90
9.56 9.45 7.17 3.39 4.15 14.84 6.42 18.09 15.13 22.24 7.12 20.34 20.91 19.77 18.76 15.96 9.67 13.07 14.04 12.72 6.15 21.88 21.10 9.79 7.67 5.76 16.21 15.74 13.52 1.13 0.99 0.57 0.86 0.86 1.09 1.74 2.79 4.24 6.26 10.15 13.33 12.22 9.62 7.89 7.04 7.27 7.80 8.15 9.62 12.26 13.11 10.82 8.30 7.50 6.67 5.43 4.65 4.17 3.67 3.03 2.23 1.43 0.74 0.36 0.48 0.71 11.41 11.24 10.82 13.02 13.75 14.48 14.58 14.30 12.73 12.85 13.41 12.41 13.51
9.46 10.28 10.93 6.99 17.29 3.09 17.03 17.11 17.82 9.31 9.10 19.19 8.07 16.36 22.53 17.52 9.06 13.16 8.40 12.06 22.15 7.99 21.40 14.80 20.00 17.37 16.07 15.44 10.44 0.65 12.95 11.71 0.49 0.78 0.86 0.84 0.90 0.89 2.76 6.29 9.28 9.85 8.76 7.67 7.07 6.92 7.10 7.54 8.92 11.61 13.61 12.91 10.66 8.93 7.23 5.52 4.37 3.89 3.70 3.32 2.66 2.14 7.28 1.68 1.75 9.33 11.14 10.74 10.75 12.03 13.16 13.82 12.68 13.85 14.24 13.60 13.52 15.95 12.94
8.34 8.04 9.57 8.78 3.52 15.34 2.66 12.57 20.11 8.37 10.47 10.18 18.78 20.21 9.15 16.17 14.19 13.97 8.07 18.25 8.67 21.06 22.15 9.94 19.05 17.08 16.54 16.25 13.51 12.35 15.66 12.29 0.27 0.56 0.77 0.42 0.22 0.91 2.45 4.41 6.38 7.32 7.26 7.28 7.47 7.38 7.23 7.45 8.30 10.31 12.55 13.59 13.16 11.29 8.45 5.78 4.11 3.60 3.72 3.69 3.09 2.62 2.79 3.00 3.01 9.82 10.50 10.61 3.13 3.27 13.06 13.62 13.66 12.87 13.55 13.86 12.99 13.46 13.96
