examples/cougarCreek-fire/createInputs/WindNinja/wrfout_d3.2015081012.f23/cougarCreekFire_08-11-2015_1100_217m_non_neutral_stability_ang.asc
ncols	146
nrows	140
xllcorner	610065.000000
yllcorner	5095217.000000
cellsize	216.586807
NODATA_value	-9999.000000
[rows 0 to 48 of 140, columns 0 to 95 of 146]
52 20 53 99 118 118 88 82 90 103 115 125 131 135 125 129 120 101 76 59 55 68 90 110 120 120 117 115 113 113 113 113 95 88 85 84 87 92 96 96 96 95 92 89 88 86 85 84 84 75 72 262 54 29 40 34 4 319 21 19 18 353 14 13 12 347 6 6 7 5 6 6 5 5 4 4 3 356 357 360 359 359 358 358 357 356 353 347 340 333 313 294 309 297 300 298
52 20 53 99 118 118 88 82 90 103 115 125 131 135 125 129 120 101 76 59 55 68 90 110 120 120 117 115 113 113 113 113 95 88 85 84 87 92 96 96 96 95 92 89 88 86 85 84 84 75 72 262 54 29 40 34 4 319 21 19 18 353 14 13 12 347 6 6 7 5 6 6 5 5 4 4 3 356 357 360 359 359 358 358 357 356 353 347 340 333 313 294 309 297 300 298
94 61 71 125 142 118 102 80 105 124 135 147 122 149 144 142 141 114 98 73 70 79 91 103 113 113 141 139 121 121 122 133 101 99 87 84 126 131 103 156 143 164 158 156 159 88 178 172 179 223 197 176 160 23 36 31 1 324 17 8 336 338 351 337 337 328 4 5 341 6 6 6 350 6 4 331 314 356 357 360 360 359 359 359 358 358 356 352 347 342 330 314 310 280 275 281
72 74 73 117 133 124 120 108 107 106 130 141 129 142 158 155 149 133 124 110 95 91 97 95 102 121 150 140 117 120 153 143 125 126 123 115 119 129 139 150 148 150 145 149 142 156 174 138 157 176 188 241 325 7 30 26 355 6 11 353 346 350 1 342 343 359 3 353 344 7 340 344 5 4 3 336 328 359 357 359 360 0 1 0 0 0 360 359 358 359 358 353 338 319 317 293
38 88 69 102 121 115 105 108 98 100 116 127 102 115 149 163 154 135 132 126 109 97 91 124 97 107 123 144 145 149 149 149 132 130 133 125 121 131 133 143 152 146 153 158 144 156 162 147 151 169 251 288 308 2 354 346 297 16 3 8 359 329 346 336 345 3 349 4 7 340 342 4 4 3 337 344 9 1 357 358 358 360 2 2 2 2 2 3 4 5 4 2 357 346 330 323
80 81 67 92 110 121 121 119 116 110 108 114 113 102 143 155 158 133 129 122 113 101 93 114 131 102 120 143 144 149 155 162 136 136 138 127 127 130 142 149 155 148 160 167 155 159 161 156 181 268 287 289 310 351 322 288 315 7 3 357 337 329 337 325 2 346 336 347 335 349 3 358 354 7 11 14 336 0 355 355 356 359 1 3 5 5 5 5 6 5 3 3 3 2 350 330
109 88 71 75 99 111 115 100 112 117 109 106 118 92 101 154 162 140 126 116 112 104 99 98 129 98 151 139 143 153 159 153 142 144 139 126 130 134 132 143 144 156 168 172 164 157 192 220 76 41 13 346 294 289 282 314 325 335 326 323 323 336 331 340 359 338 334 332 333 0 345 341 11 11 12 331 6 358 355 354 355 358 1 4 7 7 7 7 6 4 2 2 5 7 5 357
103 101 97 94 96 111 115 108 104 96 107 104 111 108 119 139 160 155 136 116 111 107 102 99 125 99 112 147 141 118 163 147 143 157 142 126 136 139 140 137 142 154 164 163 171 197 219 91 50 19 273 264 274 280 281 292 295 315 308 317 326 321 307 357 326 330 333 329 342 338 5 11 342 338 9 347 3 358 356 354 356 359 2 5 7 8 8 8 6 4 2 2 4 6 6 5
103 97 95 94 93 103 112 115 111 109 111 90 86 122 84 96 139 157 142 115 110 111 103 97 122 99 110 149 142 153 160 149 156 160 142 131 142 143 137 136 145 149 157 163 124 198 214 212 226 234 236 263 286 286 303 292 279 299 310 320 313 318 326 323 325 329 328 326 334 335 7 331 4 7 339 333 3 359 357 356 357 360 2 5 7 9 9 9 7 4 3 2 2 3 4 4
103 99 96 95 91 95 99 106 109 109 110 109 106 114 139 111 128 140 146 117 108 112 105 97 95 135 106 150 148 149 159 154 156 155 142 134 141 140 132 135 151 160 161 150 187 137 199 203 215 229 252 281 282 275 255 258 268 285 296 290 301 349 312 317 320 319 319 320 328 333 337 7 5 344 333 8 3 360 358 359 1 2 3 5 7 9 10 9 7 5 3 2 1 1 2 4
65 106 110 102 99 93 89 94 98 101 105 107 107 106 86 93 103 134 150 126 108 119 107 98 92 126 100 146 143 146 161 153 151 156 141 134 138 135 133 143 151 165 123 182 198 139 206 207 226 248 289 273 250 232 229 246 259 273 269 289 327 300 309 314 314 320 322 324 329 333 338 351 344 351 346 5 2 1 1 2 4 5 5 7 9 10 10 9 8 5 2 0 360 0 2 4
63 98 104 109 107 100 89 87 93 99 101 104 110 107 113 120 80 118 141 131 108 120 108 101 95 110 99 147 143 147 160 155 158 155 142 135 133 133 138 139 150 117 173 127 132 146 208 212 233 254 257 248 231 220 234 256 260 267 270 316 294 301 308 306 311 322 350 354 357 2 341 349 5 345 6 2 1 3 4 5 7 7 6 8 10 10 10 9 8 5 1 358 358 0 3 5
84 80 83 89 100 98 91 80 80 90 94 97 103 113 79 84 86 144 125 128 118 121 125 105 98 95 97 135 137 109 159 153 154 117 141 136 136 136 132 107 142 119 127 188 139 205 200 213 237 240 238 234 223 220 245 258 264 270 274 280 310 335 306 311 345 346 348 352 356 359 4 5 354 344 4 1 2 4 6 8 348 8 8 10 11 12 11 9 7 6 2 356 355 359 3 5
56 59 65 79 88 91 92 71 61 58 80 91 95 103 72 79 82 142 133 123 118 116 125 118 100 96 132 138 134 109 154 160 147 146 137 132 138 141 113 110 136 120 131 136 199 195 194 218 232 231 229 227 228 226 253 263 271 282 283 293 312 327 333 310 311 313 310 312 313 319 360 2 2 3 2 1 4 7 9 9 10 10 10 11 12 13 11 9 7 6 3 358 355 356 360 3
57 65 70 75 79 84 93 93 81 63 61 78 84 86 98 62 69 80 137 129 129 123 130 133 102 98 128 130 136 109 160 156 143 141 136 130 138 139 114 114 114 119 131 187 195 189 203 223 241 238 223 226 230 233 249 254 269 280 283 290 298 300 300 305 304 299 303 308 317 357 348 328 360 346 0 2 5 8 11 10 10 10 11 12 13 14 13 11 8 6 3 360 358 354 354 1
69 75 80 81 81 87 95 99 98 82 65 79 89 83 79 88 61 62 124 119 124 123 127 139 125 116 125 133 135 108 156 147 144 116 135 136 133 110 112 113 146 117 129 189 194 199 213 236 242 228 216 232 243 248 249 258 276 276 275 283 287 286 284 286 292 302 304 310 342 316 320 359 357 358 360 2 5 9 342 9 9 10 11 13 14 15 14 12 9 6 3 359 357 352 348 357
71 73 78 86 84 82 88 93 98 98 84 83 98 103 83 60 57 91 100 105 113 116 122 96 133 120 127 124 103 141 152 141 140 147 138 140 112 110 110 141 115 120 130 148 197 204 224 235 231 222 220 245 257 256 251 276 280 276 273 279 287 282 285 290 294 303 298 308 311 333 345 359 354 356 360 3 4 9 11 9 9 11 12 14 16 17 16 14 11 8 3 357 349 343 333 354
78 76 77 84 88 82 80 88 96 102 91 81 86 90 84 67 62 61 84 72 96 99 103 85 135 121 127 122 102 142 149 144 145 142 143 138 113 111 111 144 115 122 132 188 201 214 225 232 227 228 243 261 263 253 262 277 271 273 276 271 276 282 287 286 287 303 307 317 337 343 326 316 322 327 330 331 3 8 12 12 359 12 13 16 18 18 17 15 13 10 5 358 349 339 312 328
93 88 85 87 95 95 88 91 100 108 101 88 80 82 93 94 88 89 92 88 94 102 93 108 121 123 124 118 127 144 148 147 148 123 145 136 115 113 130 145 152 170 133 146 205 217 227 230 225 237 254 262 255 242 260 265 257 261 269 269 272 279 284 288 295 303 311 338 330 317 311 323 325 340 337 337 346 7 12 14 14 14 14 16 19 19 18 17 15 11 6 1 355 348 345 321
99 96 90 88 93 95 89 87 95 103 98 92 84 83 98 103 107 99 100 96 94 104 90 99 105 116 96 115 135 144 148 151 153 166 123 119 119 117 130 142 152 166 135 151 211 219 227 234 243 253 256 249 257 247 261 257 257 261 265 266 268 278 276 282 288 296 295 298 306 306 315 322 321 353 358 341 341 341 345 357 13 13 13 15 17 19 19 18 16 11 5 2 1 353 339 316
61 96 91 87 91 91 89 88 93 101 93 91 107 86 81 91 97 103 106 103 96 113 88 77 91 111 90 113 131 138 145 153 152 169 128 120 121 120 118 142 124 129 140 156 217 224 233 241 254 255 254 245 245 262 266 245 256 263 262 264 268 274 274 277 286 292 299 304 316 309 326 322 323 333 1 340 345 352 355 347 358 11 11 12 16 19 20 18 15 10 5 1 360 348 313 315
83 80 83 84 86 85 82 83 87 98 97 94 112 117 79 74 78 87 91 95 94 108 99 96 98 108 109 119 128 137 145 144 153 176 133 121 135 119 137 122 126 132 144 160 220 225 235 246 251 239 244 241 250 249 267 247 275 267 265 264 267 273 271 275 297 291 297 300 316 315 306 314 328 347 349 354 349 346 357 357 12 9 8 11 16 19 19 17 13 9 5 1 357 355 350 335
66 68 70 71 76 77 74 79 83 94 97 91 95 135 104 82 75 79 81 94 96 99 95 90 91 102 109 113 122 133 139 137 162 174 134 122 120 118 137 121 128 135 145 161 223 227 238 245 236 231 235 256 261 237 266 270 271 258 264 264 271 274 275 291 295 292 295 298 295 307 316 319 328 2 340 344 351 348 349 348 346 7 5 10 15 17 17 15 11 7 6 6 6 7 7 353
72 67 65 59 65 69 75 82 86 94 99 91 91 118 111 104 94 92 90 97 105 102 101 81 71 91 92 111 114 125 136 142 155 168 142 126 121 119 138 121 130 138 148 215 224 236 240 237 229 233 248 252 258 260 266 269 270 273 275 268 276 276 277 270 276 283 288 293 296 313 305 337 322 334 344 345 347 352 358 350 350 345 4 6 11 14 15 13 10 8 11 15 17 18 20 7
46 59 58 60 65 68 73 79 84 88 102 98 91 98 109 100 94 91 90 87 94 101 105 97 75 89 105 111 117 120 127 141 154 166 155 130 124 131 139 123 135 207 199 221 231 227 231 238 237 238 248 253 257 261 266 259 263 267 269 280 284 273 285 294 292 287 287 292 296 300 312 322 327 339 337 342 345 343 10 11 358 350 5 4 8 12 15 13 10 12 17 20 18 21 27 16
37 58 65 69 77 79 74 79 82 83 97 96 89 88 105 102 97 92 90 86 85 97 103 96 85 87 102 109 116 114 127 140 157 166 160 129 125 144 142 125 136 206 213 225 229 239 245 247 240 234 249 255 258 261 265 263 269 272 279 280 281 273 285 282 287 283 287 296 300 327 322 327 332 337 353 342 357 344 343 11 11 10 6 4 8 12 15 15 12 14 17 20 18 6 15 16
25 44 46 65 72 76 72 71 75 77 87 90 89 87 89 100 97 93 94 90 89 97 98 91 81 83 97 105 113 116 124 136 154 166 155 136 146 152 150 169 193 200 207 215 221 230 235 235 234 247 251 256 259 261 263 268 273 278 278 279 271 270 273 279 284 287 304 316 328 332 324 340 343 347 338 5 7 12 343 342 8 6 4 5 8 11 15 16 12 8 14 24 23 359 357 4
46 61 64 66 65 69 75 74 69 71 83 93 95 91 80 89 89 90 95 93 93 101 100 87 74 76 88 100 110 116 125 134 144 154 152 151 152 157 164 173 186 193 200 213 223 228 231 238 241 249 252 258 261 260 265 271 275 276 277 278 281 277 287 291 297 305 308 312 303 305 313 321 327 333 346 344 347 340 353 340 343 344 0 3 6 9 14 16 12 359 346 328 337 332 337 344
86 83 81 74 69 68 75 86 87 78 82 97 89 96 79 83 87 88 95 93 93 100 104 92 71 65 77 88 102 114 125 134 137 147 155 162 163 168 172 177 188 197 205 221 235 242 247 250 239 251 253 259 260 264 268 273 275 276 278 281 282 284 286 291 295 301 307 311 305 309 318 321 321 324 325 325 329 329 335 338 342 343 358 358 3 7 12 16 14 3 343 337 329 337 337 335
96 94 89 82 75 71 73 80 97 93 92 96 104 114 101 86 90 92 97 95 95 102 106 104 87 77 76 79 97 103 121 130 137 148 155 160 174 179 171 180 192 204 221 235 237 238 245 239 252 253 253 258 262 266 269 272 273 275 278 279 280 281 286 291 293 295 294 298 306 316 322 319 333 335 333 333 336 336 337 342 345 349 342 359 3 9 13 16 14 7 358 351 352 342 339 334
83 101 102 98 90 82 74 74 81 87 85 94 99 75 111 91 95 99 102 103 103 108 109 114 105 94 87 82 94 95 114 127 139 148 155 164 187 176 174 190 198 215 237 241 234 235 236 246 250 251 254 258 263 268 270 270 272 276 278 274 276 280 286 286 287 285 285 289 310 322 332 353 354 339 339 338 344 344 344 342 344 343 347 9 13 13 11 12 12 9 5 1 356 335 335 338
60 89 101 91 90 86 84 84 83 88 85 82 86 90 108 96 90 98 99 102 105 111 113 116 113 106 102 90 90 92 105 111 141 150 153 174 186 173 178 198 206 224 242 250 251 245 243 242 246 250 255 260 266 271 270 270 275 278 279 274 278 282 285 284 285 288 292 298 305 314 322 329 335 336 334 333 337 339 340 345 359 345 5 11 15 11 7 9 11 10 6 1 358 339 339 344
53 75 90 108 95 101 100 94 89 90 92 91 100 104 110 107 91 90 92 91 96 102 107 116 119 117 107 98 93 91 94 104 132 149 155 169 172 172 187 198 204 230 247 251 257 258 260 241 247 252 256 260 265 270 270 271 276 277 274 275 277 279 282 286 290 297 304 314 324 334 337 335 338 329 326 334 332 347 360 360 360 360 358 358 4 7 7 8 11 12 8 2 0 359 347 350
46 50 42 71 110 111 111 106 99 95 103 110 113 111 116 113 100 90 82 78 82 93 96 100 106 113 117 105 97 94 95 100 120 144 160 164 171 177 197 210 223 239 245 250 266 267 273 245 252 256 259 263 265 266 266 268 271 274 276 278 280 281 285 289 291 292 296 303 308 309 315 339 343 349 352 330 333 336 346 357 358 344 350 341 347 3 7 8 11 14 11 5 3 4 350 348
358 19 66 43 70 106 112 115 114 114 113 112 116 119 116 116 104 95 90 88 90 93 96 101 99 105 108 104 99 98 98 97 103 131 159 160 162 179 223 245 250 252 259 261 268 273 276 252 258 263 267 269 269 266 265 265 266 270 275 277 280 281 282 283 285 289 291 299 321 326 332 335 341 323 336 341 340 333 331 335 342 335 347 317 341 358 6 8 12 15 12 7 6 5 342 341
62 66 69 81 66 83 109 107 108 111 108 96 95 105 121 126 118 114 123 130 120 109 104 100 99 94 92 94 96 99 100 95 92 106 145 150 153 191 214 223 236 246 255 255 253 261 270 276 286 265 270 276 276 270 267 266 266 269 273 279 279 278 280 284 295 302 310 317 324 331 336 340 327 353 332 333 332 332 331 330 329 349 337 332 347 354 3 8 12 14 13 10 9 7 347 343
82 79 81 85 67 75 99 112 107 106 102 97 99 102 107 117 119 120 126 122 110 106 102 103 96 86 83 88 92 95 97 96 89 95 127 140 140 91 108 146 172 204 227 245 258 258 256 264 277 268 271 276 279 275 272 270 268 270 272 276 277 279 281 284 286 297 307 318 331 323 343 346 350 352 354 355 354 353 335 352 350 333 336 337 349 346 356 6 10 13 13 13 10 8 346 340
82 85 90 91 89 91 103 100 101 99 96 102 107 103 100 100 99 98 95 92 92 96 94 86 88 85 80 89 90 88 88 93 89 84 87 94 126 162 207 232 146 234 232 240 243 254 259 260 267 275 284 272 274 290 276 273 271 271 273 276 271 271 271 272 276 283 292 307 326 339 345 352 328 354 349 351 350 348 349 350 349 333 332 316 333 344 348 359 8 13 14 13 9 5 335 325
32 46 102 95 89 85 97 112 87 90 92 102 101 100 96 96 95 90 85 87 89 90 87 85 78 73 81 88 87 82 82 89 102 95 75 65 80 115 114 322 292 272 227 248 248 249 255 261 256 266 275 282 284 288 286 284 282 282 274 276 275 276 276 275 263 277 265 270 283 300 322 344 356 353 349 349 352 351 349 348 348 348 348 344 345 356 347 348 2 13 16 13 9 7 3 327
21 89 87 92 90 82 103 79 91 94 101 104 99 104 103 102 98 91 86 86 86 81 91 90 79 75 86 89 78 81 83 86 91 103 73 46 33 8 344 132 107 314 211 230 270 272 272 267 264 263 265 269 270 275 281 286 284 284 286 279 277 276 276 274 271 269 272 275 282 290 307 297 315 329 335 340 342 347 353 353 348 345 344 345 348 332 356 339 344 7 15 16 14 12 11 336
6 54 69 76 103 104 102 82 93 98 104 111 113 115 108 107 98 84 77 77 80 88 100 92 76 79 89 88 83 83 85 84 76 69 58 62 86 278 295 349 10 344 319 215 232 247 256 261 264 277 276 274 269 265 270 270 267 265 269 265 274 282 277 272 267 276 278 274 284 290 302 315 317 295 308 320 319 328 343 351 352 346 342 344 345 319 357 346 334 349 14 22 22 19 21 22
2 43 63 73 102 104 101 87 94 101 109 114 116 115 105 103 89 74 77 88 97 104 101 85 73 82 89 90 90 88 83 74 64 53 64 96 91 281 262 268 308 301 287 286 288 286 262 262 286 286 283 284 271 283 278 277 274 274 263 261 273 272 275 276 280 281 278 272 272 275 278 299 311 311 307 317 315 321 325 339 349 350 347 346 345 330 302 351 341 341 9 28 31 28 29 32
51 54 65 86 95 106 87 95 96 102 112 116 114 109 103 92 82 83 95 102 106 104 92 73 77 93 95 92 91 89 80 69 60 54 63 80 79 288 265 259 270 290 286 279 272 266 271 278 283 270 284 284 286 284 281 259 257 279 280 279 257 279 274 247 247 246 245 245 244 238 232 231 227 227 238 254 300 326 328 337 337 347 351 351 353 348 329 304 347 347 360 32 41 39 37 37
67 89 97 121 111 107 98 101 100 108 114 112 118 112 95 75 87 90 98 102 102 94 77 70 89 102 95 87 86 90 79 67 61 55 57 64 57 314 278 254 247 261 271 262 246 246 254 261 268 276 278 277 283 283 281 280 277 276 262 253 252 249 246 251 258 265 268 267 284 265 283 282 276 272 276 257 262 276 320 338 335 335 348 354 358 360 353 334 320 338 360 35 51 49 46 45
70 85 122 106 95 86 101 99 102 107 101 102 80 75 77 76 87 75 89 95 90 81 74 80 97 100 87 80 86 92 76 63 53 49 55 59 46 14 332 280 260 247 233 225 227 242 257 268 275 276 273 273 276 274 268 259 251 253 256 261 263 261 262 271 273 281 291 296 299 307 317 320 320 322 326 324 304 302 298 341 339 335 340 351 358 4 5 358 342 334 5 46 30 59 33 33
84 95 97 93 91 89 95 98 99 95 127 64 66 82 84 78 57 77 98 97 93 87 86 85 95 92 78 79 91 91 74 63 57 51 50 47 42 44 36 323 281 28 34 43 311 239 258 267 277 283 276 261 257 255 253 250 255 257 262 265 266 272 272 274 276 284 287 291 304 302 305 325 329 330 331 330 340 319 308 307 359 343 335 344 358 5 9 9 6 354 13 70 67 64 37 70
86 97 110 85 87 87 86 89 86 110 59 66 77 83 76 67 68 100 108 105 100 88 82 76 75 77 73 83 91 82 69 62 59 55 53 53 36 15 3 18 26 30 42 58 69 267 271 269 266 255 258 259 264 266 264 260 258 265 271 275 275 271 269 270 273 273 293 298 289 305 324 341 347 334 334 337 355 340 324 315 324 348 333 338 355 5 11 19 28 42 318 120 83 70 71 72
85 90 98 85 87 85 107 70 68 58 68 76 84 82 82 96 146 156 114 106 96 81 67 53 58 65 78 88 88 79 69 66 68 57 61 65 35 12 2 345 36 34 50 57 311 299 284 272 269 265 263 264 269 270 268 268 272 272 273 274 271 268 266 265 266 269 271 275 282 290 304 309 314 322 330 336 355 358 353 326 320 346 335 335 353 7 14 31 56 86 117 130 108 50 78 75
85 87 87 80 102 99 107 61 72 69 75 85 92 99 117 153 156 153 113 103 88 66 49 52 67 75 89 89 83 79 75 71 78 60 69 77 32 11 7 3 24 60 59 51 324 297 280 286 275 269 269 274 276 276 274 276 278 275 272 270 270 270 268 265 262 258 254 254 271 276 276 280 299 309 310 324 333 353 329 327 324 317 330 323 346 14 27 42 63 81 98 120 63 104 52 49
