examples/cougarCreek-fire/createInputs/WindNinja/wrfout_d3.2015081012.f23/cougarCreekFire_08-11-2015_1100_217m_non_neutral_stability_ang.asc
ncols	146
nrows	140
xllcorner	610065.000000
yllcorner	5095217.000000
cellsize	216.586807
NODATA_value	-9999.000000
[rows 49 to 97 of 140, columns 0 to 95 of 146]
85 89 93 97 87 60 62 74 81 78 82 91 101 119 152 115 110 103 95 86 84 58 50 71 73 78 88 83 83 90 76 82 80 71 68 75 59 6 5 5 66 2 65 40 19 306 323 305 293 285 284 282 280 277 275 273 272 272 268 266 267 268 270 270 269 263 259 257 262 266 269 279 287 295 307 314 316 312 344 333 317 302 321 303 324 20 38 50 63 74 88 109 121 62 54 51
86 88 90 79 61 79 88 86 84 84 94 106 114 114 107 96 95 80 69 76 77 62 60 59 54 61 72 79 92 92 73 83 83 71 63 74 52 8 11 10 14 2 340 348 356 345 324 313 305 297 291 286 283 277 271 268 268 268 268 268 263 266 269 271 271 266 259 257 259 263 271 279 288 285 295 301 340 338 337 312 346 345 326 270 207 80 63 65 70 75 83 94 101 102 98 89
84 84 76 66 82 86 84 86 89 92 106 130 116 108 141 68 70 58 63 72 67 61 58 35 39 55 74 90 97 93 72 84 85 67 60 72 27 13 14 14 16 3 333 315 330 328 300 300 296 293 289 286 284 279 271 269 270 267 266 266 266 269 264 267 268 267 271 261 267 269 272 276 276 281 292 298 313 318 320 311 348 344 355 152 261 128 119 108 93 84 80 79 81 84 86 83
82 82 73 75 84 86 90 92 90 98 106 105 97 87 62 46 45 52 63 66 61 65 68 91 39 77 97 104 100 79 70 84 82 65 60 63 25 18 16 15 20 11 339 305 305 303 302 288 288 288 290 291 289 288 280 275 269 263 262 262 260 266 267 260 260 258 260 259 264 265 257 263 261 255 247 247 249 249 247 239 273 292 114 132 134 197 258 133 130 108 90 82 80 80 80 81
84 75 71 78 85 85 85 86 87 100 96 129 58 43 43 39 37 56 65 64 62 61 68 40 63 96 102 91 81 71 61 68 80 64 71 53 39 35 36 46 37 25 350 307 298 296 294 294 298 298 286 289 288 288 290 278 264 256 260 262 258 258 262 265 263 264 252 264 259 263 271 276 278 278 270 265 261 242 257 214 203 178 295 240 212 128 128 136 137 124 110 100 92 85 83 85
83 75 76 80 76 74 74 86 92 96 120 117 34 38 55 53 51 70 74 72 63 55 52 44 61 80 78 71 74 68 51 69 79 64 68 46 23 21 41 42 21 16 15 333 290 282 283 281 278 280 288 302 285 284 285 279 264 256 260 261 256 256 263 265 266 268 267 261 258 260 260 263 268 229 264 253 245 217 253 265 262 258 234 158 141 205 124 204 129 120 120 66 106 98 91 88
80 68 72 74 78 54 79 89 80 75 112 90 34 41 55 58 57 74 78 69 59 45 41 45 61 63 61 66 76 67 48 73 77 65 53 45 29 46 37 20 14 15 15 35 7 311 271 270 276 280 281 280 299 280 281 276 265 259 264 263 260 268 263 248 251 252 263 269 239 235 233 228 232 266 231 233 267 273 216 204 206 224 173 165 146 133 123 111 107 103 109 114 115 109 104 97
82 59 64 71 56 62 92 80 89 47 64 39 52 31 53 56 53 71 68 49 42 30 25 41 58 56 64 76 78 62 49 64 74 64 50 44 30 46 25 20 14 19 8 37 21 356 308 277 268 266 281 283 281 283 279 281 275 272 272 270 255 241 250 249 248 247 237 244 242 237 232 234 234 227 240 246 246 234 223 202 222 174 180 177 159 260 123 103 93 101 107 176 108 157 174 101
84 58 49 59 65 89 104 67 32 17 35 56 38 29 49 54 64 85 73 23 26 16 19 44 55 52 68 80 69 50 53 69 81 79 76 65 33 40 21 15 13 13 10 1 352 14 346 331 285 268 266 268 280 281 275 278 272 249 250 247 246 246 251 250 248 245 244 242 239 234 229 225 227 231 242 251 258 252 226 216 207 197 201 223 167 154 142 129 119 117 113 135 171 171 102 145
79 73 43 75 92 106 70 55 25 26 62 61 37 49 67 77 94 112 125 119 20 14 43 64 52 56 75 78 60 47 64 80 81 77 72 64 26 36 54 16 14 8 7 2 355 17 7 357 338 309 282 272 269 275 266 255 251 253 263 261 252 247 240 243 243 244 244 241 238 234 230 216 233 237 245 253 257 245 230 220 164 148 194 194 197 204 234 142 265 129 122 114 110 107 103 103
70 59 57 80 106 84 88 32 19 44 59 54 65 75 94 106 115 120 131 163 18 23 52 46 40 67 80 69 53 55 80 84 69 67 45 65 26 19 14 30 24 9 14 5 6 358 348 337 343 336 319 300 285 277 274 272 269 268 266 263 260 258 256 254 251 247 243 242 237 230 238 240 244 245 246 246 245 236 235 225 221 160 208 199 191 128 195 201 205 204 128 121 220 125 107 113
61 52 65 81 78 92 72 23 44 49 59 74 82 100 117 127 126 126 138 187 12 12 24 23 48 73 73 61 60 71 84 69 64 63 45 42 59 14 17 19 26 10 5 0 358 360 355 5 353 343 308 301 300 292 287 283 279 278 277 273 268 264 261 259 255 251 241 243 246 249 248 249 250 246 241 235 241 241 219 209 195 240 240 241 237 230 227 210 209 211 201 289 119 125 59 106
63 24 70 68 68 86 64 42 48 59 67 82 92 119 130 130 129 134 160 219 10 5 19 37 58 69 69 67 71 72 66 59 61 59 42 31 56 16 18 16 19 11 7 2 352 353 347 342 353 325 311 302 297 293 297 295 293 293 291 287 281 275 270 266 261 256 252 253 257 260 258 254 248 241 241 240 224 219 213 206 197 186 172 159 149 140 232 220 216 210 205 201 121 56 113 109
22 49 75 61 61 54 31 60 67 82 99 107 117 125 129 128 130 148 193 332 9 4 358 17 42 60 67 70 72 67 59 57 78 56 35 27 22 18 19 22 20 13 10 9 355 351 347 336 332 319 307 299 304 300 298 297 296 295 294 292 290 287 284 280 275 271 269 270 271 269 263 255 246 239 240 228 222 214 208 202 196 187 176 163 231 226 222 222 220 215 210 209 212 197 176 72
64 75 81 83 77 74 82 88 109 138 144 130 121 123 126 126 132 180 241 345 354 355 353 8 36 51 62 69 70 64 58 74 76 49 37 22 23 15 19 22 22 9 359 9 1 353 351 346 339 322 311 307 306 299 295 294 294 293 292 291 291 291 291 291 288 284 280 278 275 269 262 256 250 243 249 227 220 212 205 200 196 188 179 231 226 221 220 221 213 217 214 209 191 173 185 159
101 85 82 92 103 101 97 118 146 151 149 138 125 123 125 125 140 285 326 351 340 358 359 8 25 35 58 68 64 60 63 56 59 39 30 21 23 23 22 24 21 11 2 360 4 356 351 349 349 335 314 301 298 305 294 293 294 294 292 290 289 289 289 288 288 285 280 275 270 266 260 254 249 243 233 223 215 209 240 237 239 241 238 234 230 226 225 226 224 219 212 212 204 203 223 174
13 76 71 79 68 77 101 127 136 141 143 137 124 117 115 119 160 299 2 346 334 18 4 1 17 33 60 72 65 64 62 49 46 36 25 22 27 24 23 31 25 17 4 352 359 352 355 349 348 348 322 302 300 307 295 293 294 294 292 290 289 287 285 284 284 283 279 273 268 263 257 251 246 241 233 221 214 211 204 191 181 175 222 222 219 225 227 229 227 217 230 200 168 191 165 100
76 81 76 56 77 97 114 122 127 133 135 129 115 102 96 101 302 317 7 350 347 39 342 347 13 35 60 73 72 70 60 44 35 31 22 21 33 20 23 42 30 17 5 352 352 347 350 345 340 340 337 315 311 308 296 293 294 296 296 294 291 288 285 284 282 280 279 277 273 267 259 269 267 246 241 256 232 232 219 192 171 165 159 210 194 140 136 135 191 208 174 125 169 209 274 94
110 89 75 70 91 105 113 118 121 125 112 121 108 95 88 86 297 326 6 355 12 342 342 347 7 34 62 78 67 56 50 36 29 30 26 24 35 24 25 44 27 23 37 41 8 337 338 335 326 342 333 314 314 309 294 292 294 300 302 300 295 289 284 280 277 276 276 279 280 274 274 272 273 248 243 242 245 232 204 182 170 255 241 242 241 235 218 199 204 172 128 215 252 118 113 107
99 75 52 90 98 104 101 112 113 114 113 109 102 94 86 81 301 354 2 352 13 4 347 356 2 35 77 85 65 50 44 37 23 29 30 27 32 25 28 42 32 42 46 42 31 20 346 334 328 330 325 307 307 303 300 299 291 299 305 305 298 289 281 290 273 271 271 275 278 277 272 266 269 252 271 238 225 200 266 258 228 156 150 199 216 240 240 219 127 125 128 192 199 230 231 117
75 72 91 103 100 99 101 102 103 102 97 93 91 88 57 78 307 6 357 346 5 2 1 1 6 49 82 87 55 44 47 33 23 26 28 33 35 28 27 40 41 44 31 41 31 20 350 331 322 318 317 310 309 308 294 286 300 293 301 307 305 293 283 277 273 271 269 270 272 275 277 273 277 259 247 270 273 247 170 154 143 135 125 124 130 131 125 115 108 112 119 123 124 199 116 109
71 92 114 104 98 93 93 95 97 81 90 83 81 81 82 74 311 10 358 350 355 1 12 8 29 57 84 80 46 44 53 39 23 23 26 35 32 24 27 39 42 43 43 42 34 22 339 339 328 329 322 308 311 313 302 285 281 310 296 308 317 313 300 289 280 273 269 283 267 267 269 268 287 287 282 279 277 261 167 233 122 106 93 85 84 86 82 68 63 72 81 87 98 107 108 226
307 76 102 94 96 90 89 80 81 75 67 61 58 60 78 64 319 12 360 356 351 5 22 13 29 67 83 54 34 47 51 33 22 22 28 31 29 24 27 40 39 28 43 21 38 24 15 336 330 325 323 317 314 316 309 291 282 283 291 301 317 325 320 310 298 287 280 275 284 267 264 260 287 281 281 286 290 287 284 279 120 101 306 59 50 43 35 34 40 47 49 52 59 66 82 96
3 75 94 87 92 87 86 77 76 69 62 57 71 73 71 40 327 17 4 359 356 19 33 18 41 57 74 39 38 50 48 28 17 23 37 35 24 16 28 41 38 22 41 42 39 26 340 10 346 343 329 321 317 321 304 297 287 289 302 293 304 320 325 321 313 305 299 293 286 280 294 296 287 275 277 258 305 302 311 307 284 283 305 56 47 44 41 44 49 51 51 53 335 60 69 87
47 79 77 79 88 84 84 73 70 62 57 53 78 77 67 33 334 18 15 1 6 38 33 15 54 69 49 40 55 50 37 24 16 30 42 37 20 9 27 40 38 20 38 39 24 31 17 347 345 339 337 324 320 321 318 300 291 295 294 293 296 308 320 322 316 309 305 302 299 296 288 289 292 292 292 300 315 312 323 329 294 281 289 97 86 73 73 80 84 79 71 67 65 66 340 304
59 67 73 76 87 83 69 69 63 54 53 55 62 82 67 34 337 34 31 1 26 28 32 32 338 60 40 52 54 41 26 19 17 41 44 34 16 8 25 37 42 21 20 37 39 35 24 343 347 352 332 325 321 332 316 312 302 302 299 310 293 299 312 322 317 308 302 307 304 313 317 315 316 315 309 307 318 318 325 23 325 290 285 295 99 89 78 296 295 103 97 84 75 72 306 84
45 60 64 73 70 68 67 63 55 49 56 80 57 81 68 31 341 33 28 10 39 35 33 46 345 48 39 46 39 36 27 16 36 45 39 23 15 12 23 34 42 17 17 35 37 17 30 19 343 354 338 333 328 331 317 321 314 302 295 299 293 296 305 318 324 317 309 301 296 306 322 324 320 320 323 318 317 329 325 327 332 297 272 278 299 67 75 340 289 277 104 98 87 78 328 303
44 56 64 65 63 62 64 59 48 57 63 75 78 44 63 22 5 40 26 24 41 35 51 338 44 33 42 41 30 36 30 18 37 41 28 29 6 17 22 32 37 19 13 28 35 36 1 1 341 353 346 337 335 334 329 325 315 305 298 295 314 293 298 310 322 323 317 312 294 297 313 321 323 320 334 345 317 330 336 312 311 303 27 33 304 50 335 335 320 77 86 287 94 85 75 329
35 52 58 58 57 58 63 54 45 53 61 69 64 32 53 17 19 38 32 37 46 51 63 42 3 30 38 36 32 40 35 21 39 35 23 24 2 15 24 34 28 18 17 26 32 34 15 25 343 355 352 341 340 338 331 327 316 307 309 302 309 292 294 303 314 322 321 316 299 292 303 314 324 321 339 320 334 331 335 327 322 330 319 315 317 45 342 316 321 309 70 78 282 88 84 74
38 49 54 53 53 60 57 50 48 56 65 65 58 30 47 17 30 44 43 48 54 30 63 56 347 20 27 32 31 41 46 22 29 26 17 52 1 12 29 42 17 10 18 23 28 34 26 1 347 354 353 341 341 342 337 330 314 318 315 297 296 320 291 298 311 323 317 313 302 292 281 290 307 313 339 307 350 359 337 310 335 6 337 325 321 43 56 344 340 346 330 69 78 279 9 86
33 45 50 49 49 54 54 48 45 67 56 71 44 59 41 348 44 16 53 27 39 46 34 48 341 17 25 34 30 39 44 22 17 27 13 17 35 11 35 43 21 6 8 21 35 23 25 24 354 341 351 337 336 347 330 324 322 316 327 305 310 295 315 324 304 329 336 328 323 318 313 304 291 300 327 342 326 352 350 335 322 4 353 343 325 52 63 69 69 68 70 344 324 306 285 5
32 43 47 42 43 56 60 47 45 52 75 37 68 60 33 24 19 28 29 38 48 55 64 30 332 14 24 43 34 29 42 25 18 33 14 13 8 14 41 37 18 19 2 9 24 26 24 30 28 16 343 336 333 336 332 333 333 333 343 330 325 311 295 302 295 323 346 344 339 333 325 324 318 304 298 316 307 336 342 354 302 336 49 359 326 330 79 82 78 77 6 15 9 322 95 109
26 41 43 58 41 54 56 53 40 35 59 58 66 58 29 40 26 39 42 45 51 29 58 9 336 4 33 52 31 13 37 33 31 27 14 4 7 28 40 19 16 30 13 1 359 16 23 27 28 20 6 332 342 336 332 337 343 340 338 341 341 331 317 304 323 309 339 353 348 343 334 314 334 330 317 307 305 318 353 17 28 311 59 71 355 321 328 347 14 89 349 350 20 339 88 94
23 38 38 32 42 49 50 56 37 26 42 52 64 54 29 44 36 50 56 47 43 69 47 1 343 10 44 48 27 8 31 41 33 19 13 8 12 42 40 12 20 25 25 6 355 3 19 26 28 3 353 3 348 334 330 336 347 346 341 346 337 346 338 327 312 306 324 331 353 328 343 333 341 340 335 321 316 300 338 42 56 78 327 101 88 4 331 326 321 22 15 341 31 37 341 85
25 35 32 33 41 41 48 55 33 23 39 56 62 49 21 30 44 57 62 40 36 69 32 1 343 25 45 51 29 11 35 43 18 18 21 11 32 45 25 18 33 11 10 4 359 354 11 23 29 11 350 347 343 334 331 334 343 349 345 345 351 341 349 345 336 306 323 346 356 353 349 336 343 344 314 337 303 329 331 138 92 92 293 338 25 30 17 344 351 317 357 333 338 27 35 86
20 30 29 35 39 38 46 52 30 34 46 64 33 41 28 35 52 64 56 42 73 58 16 359 347 26 39 43 34 12 25 34 7 17 22 23 37 37 25 51 51 46 349 0 3 353 2 16 29 18 353 355 341 338 337 333 333 343 344 342 346 347 348 342 352 349 341 348 341 358 357 350 320 344 327 317 310 317 322 175 325 125 111 282 335 29 25 25 24 353 328 346 100 51 357 103
14 23 27 33 34 35 43 41 30 42 54 70 64 15 41 48 50 55 46 34 66 44 2 353 352 31 41 43 37 20 12 34 15 6 21 30 34 30 42 44 49 42 21 11 8 360 3 23 27 28 354 354 344 345 343 337 347 329 337 337 339 345 339 343 328 323 331 343 349 338 333 6 299 320 326 322 320 319 293 272 285 326 337 319 309 350 4 349 24 33 356 336 349 217 107 117
1 17 25 31 28 32 41 38 35 42 60 74 72 24 38 48 53 48 76 71 62 36 360 353 7 39 45 44 40 19 15 61 27 357 16 29 25 27 38 47 53 44 20 17 16 0 2 10 22 24 2 348 338 345 345 345 334 347 324 329 331 333 326 334 336 330 335 338 345 346 355 319 311 315 322 324 327 338 295 119 138 265 309 327 328 336 352 106 104 294 341 94 96 92 89 91
357 12 25 28 25 32 36 39 37 44 64 74 72 20 30 46 55 42 71 67 58 34 9 0 17 37 47 48 43 31 44 53 20 64 357 22 17 26 42 63 59 48 30 19 29 3 9 12 24 22 10 354 341 339 340 344 342 328 317 346 340 342 306 323 340 14 342 337 340 346 355 344 331 42 74 308 301 314 329 300 268 127 282 311 320 349 22 41 95 94 91 88 85 82 78 74
355 8 17 20 27 26 31 35 38 47 65 71 66 13 24 46 54 77 72 69 56 35 30 6 29 47 64 64 46 44 51 45 22 65 347 20 14 18 87 83 73 62 48 22 34 10 7 10 24 38 20 360 21 338 359 325 345 344 298 344 343 342 336 275 335 329 335 333 333 335 344 346 336 317 56 56 67 80 101 297 293 286 285 304 346 315 338 102 93 86 81 78 75 72 68 66
3 10 15 17 29 25 29 35 42 52 68 50 62 49 25 50 50 81 75 70 56 39 38 21 51 25 54 62 40 44 56 39 26 58 53 13 17 18 90 87 83 19 65 21 39 4 357 16 36 35 29 9 39 11 354 308 352 347 357 345 342 342 337 329 326 318 321 325 320 321 328 343 354 349 329 310 315 304 68 276 280 271 116 112 269 103 95 97 89 81 74 68 64 62 62 64
10 16 16 19 31 32 36 37 48 58 70 49 59 48 24 64 46 81 77 71 59 50 1 38 10 40 66 46 34 40 45 32 26 14 57 356 25 20 85 83 78 47 75 11 33 357 349 49 28 56 41 15 50 32 341 5 327 350 280 254 335 330 203 335 335 328 315 317 307 305 310 332 191 57 53 335 332 336 314 86 87 80 78 83 79 77 82 87 83 75 68 64 61 61 63 65
19 22 15 19 29 33 38 36 56 62 70 69 59 51 51 44 41 76 75 72 65 55 18 42 30 69 52 41 42 47 34 23 20 13 6 2 30 21 88 54 54 30 88 6 25 358 35 15 31 56 56 59 335 323 327 357 7 348 350 201 345 329 329 318 335 268 330 321 307 299 295 310 219 222 353 337 334 341 337 307 304 320 306 65 68 73 75 80 77 77 72 69 68 69 70 70
12 35 15 14 23 19 39 40 36 80 80 37 65 31 67 38 74 32 73 71 65 6 33 1 53 84 28 36 51 49 17 8 7 6 4 15 32 36 55 91 53 23 82 75 70 30 41 44 51 64 66 76 341 95 137 330 351 337 352 1 353 346 322 307 326 246 290 331 315 303 301 315 232 248 338 325 321 318 312 298 296 308 330 337 329 334 334 320 76 81 86 87 85 83 82 80
12 356 14 16 15 8 40 70 41 91 50 39 74 39 40 37 43 47 71 69 60 9 33 48 77 90 34 40 39 36 20 10 7 16 25 47 55 57 69 84 89 79 65 61 54 41 42 54 66 77 94 21 354 109 123 144 316 312 339 353 357 348 312 294 300 332 333 326 316 296 291 323 237 253 336 330 326 310 74 66 65 69 80 310 337 346 335 80 71 77 344 93 95 92 89 85
338 351 14 22 12 9 37 62 72 82 91 43 41 43 40 37 41 41 72 70 64 14 29 43 97 92 42 31 15 21 26 9 22 36 35 35 41 45 60 71 72 65 65 65 57 51 54 61 74 85 98 25 353 114 122 133 299 163 301 332 353 344 314 172 195 282 314 316 314 298 290 317 238 337 337 357 71 342 310 57 61 59 66 70 65 314 314 342 79 80 325 85 93 104 97 91
14 344 3 29 13 10 41 54 68 63 48 46 47 40 41 35 34 43 73 71 73 12 33 98 100 96 36 21 92 39 95 22 35 44 32 37 43 47 62 69 65 60 63 61 53 50 54 63 74 83 88 92 94 102 118 130 141 156 174 185 336 315 295 180 179 174 182 292 298 299 291 299 328 328 338 354 50 49 56 304 69 71 304 310 309 61 330 335 337 84 82 349 84 87 91 97
338 343 7 8 12 16 42 52 56 53 46 38 45 42 38 35 36 46 69 67 66 43 64 77 94 97 23 15 28 58 49 39 53 29 34 39 45 56 72 77 71 63 60 53 47 49 54 59 64 71 76 80 84 93 106 118 132 150 165 172 288 293 181 181 286 165 176 198 217 290 290 300 297 304 324 344 34 52 59 312 62 63 62 62 328 346 342 346 66 70 321 348 347 76 79 86
356 354 1 10 9 33 44 53 51 49 69 46 47 38 77 26 36 34 67 20 56 52 55 79 102 25 100 28 50 50 45 44 32 29 32 38 44 53 66 72 73 70 61 47 43 48 53 55 58 64 70 74 79 84 91 101 114 134 154 163 172 182 184 178 170 170 181 200 212 219 238 255 259 297 305 331 355 71 70 343 52 48 46 54 305 55 62 68 348 64 71 68 70 69 71 80
