examples/cougarCreek-fire/createInputs/WindNinja/wrfout_d3.2015081112.f16/cougarCreekFire_08-12-2015_0400_217m_non_neutral_stability_vel.asc
ncols	146
nrows	140
xllcorner	610065.000000
yllcorner	5095217.000000
cellsize	216.586807
NODATA_value	-9999.000000
[rows 35 to 69 of 140, columns 0 to 78 of 146]
20.23 19.38 21.70 19.00 13.45 10.79 13.71 16.99 18.52 19.31 20.92 25.96 27.81 26.20 21.77 17.44 14.64 12.78 10.55 13.03 20.03 27.96 30.66 34.58 32.54 36.47 40.38 43.93 52.03 56.12 45.44 32.46 15.51 5.66 10.59 12.99 14.15 16.78 19.44 22.78 25.23 26.45 29.04 31.35 31.33 33.56 36.12 36.49 33.94 26.44 26.95 27.09 28.67 28.01 24.58 22.14 21.88 20.75 18.40 24.18 22.97 23.16 17.72 17.56 16.36 16.55 16.33 16.56 17.44 18.49 20.11 21.77 22.91 18.89 20.47 19.67 20.56 21.56 22.36
14.86 17.37 18.65 18.04 14.53 14.99 13.04 15.29 18.82 20.94 22.38 23.58 23.84 26.61 28.16 26.16 24.01 22.28 19.26 20.44 25.15 25.68 25.34 21.11 23.12 27.92 36.38 46.18 56.18 56.52 41.58 28.88 18.35 8.29 10.13 11.83 12.70 8.12 10.14 12.15 13.77 16.10 20.23 30.43 31.83 34.13 35.30 35.81 37.87 27.59 28.07 27.06 28.75 30.10 28.64 26.05 24.63 23.51 21.41 19.29 18.23 18.99 19.51 25.06 20.08 19.20 20.57 21.88 22.92 24.70 22.88 22.69 20.71 16.22 13.38 13.94 15.21 16.29 18.41
17.81 17.60 16.25 17.15 19.44 17.33 15.72 19.32 20.29 20.63 21.76 21.62 20.84 22.87 24.73 26.56 27.85 26.36 24.34 21.23 20.43 20.09 19.99 23.52 21.88 22.02 31.20 44.00 59.97 65.60 52.83 24.03 13.08 11.62 14.12 17.08 17.86 18.02 19.50 21.42 14.73 22.38 17.99 22.31 25.84 20.36 21.61 31.25 37.20 36.94 36.29 28.51 29.17 30.20 29.03 29.20 27.49 25.94 24.47 22.52 19.44 17.99 16.59 15.68 15.70 16.26 16.74 16.94 17.39 18.28 18.77 19.45 23.28 17.95 16.62 16.47 16.58 17.07 17.70
8.40 9.54 12.68 16.35 20.48 21.37 14.65 13.02 21.81 20.18 22.49 19.77 19.69 18.49 19.13 19.75 19.45 19.29 19.00 18.66 18.30 16.56 17.82 22.36 25.84 25.13 31.81 47.36 63.78 76.42 69.99 35.84 5.45 7.24 11.71 14.83 14.27 9.57 10.82 23.90 26.14 25.23 14.55 17.16 18.52 19.74 20.64 20.32 33.39 34.69 39.55 36.94 37.78 31.06 30.47 30.89 29.93 29.76 26.57 25.02 23.83 22.63 21.05 19.31 15.66 16.04 12.22 10.31 8.78 8.65 8.90 10.31 13.70 16.12 17.10 18.21 18.83 18.55 18.33
10.43 14.20 17.88 18.65 20.45 23.60 11.00 21.00 17.92 19.74 18.73 18.04 18.88 16.14 16.29 16.18 16.47 17.07 17.46 17.49 17.01 17.82 17.79 22.81 24.98 24.98 30.16 44.41 62.82 76.89 79.24 48.98 15.30 7.57 12.51 14.75 18.84 22.41 23.15 15.20 13.24 25.27 15.63 18.14 26.96 32.18 34.26 34.79 35.29 36.73 37.51 38.25 37.06 38.36 40.16 34.06 32.10 30.02 28.18 25.57 23.13 21.73 21.73 22.02 21.57 20.42 18.78 16.01 13.74 11.15 9.56 7.79 8.76 9.88 11.42 14.52 16.52 17.83 18.92
14.53 20.41 21.83 23.37 12.90 11.82 11.09 20.20 17.90 17.80 18.76 17.03 17.04 14.98 16.36 14.92 15.46 16.52 15.73 15.49 16.85 19.45 19.41 20.51 22.20 22.85 27.42 39.57 50.38 70.23 77.16 51.56 23.61 11.45 12.13 14.63 16.28 19.97 25.97 19.55 19.53 19.25 19.45 16.22 16.30 17.25 19.78 22.14 22.28 35.59 36.52 36.34 37.70 36.74 25.25 26.38 39.10 38.12 23.10 34.79 31.53 22.00 21.43 23.69 23.80 24.20 22.40 17.91 15.75 13.87 12.50 12.34 12.99 11.77 11.19 11.96 13.06 14.13 16.69
13.42 13.28 18.28 20.18 10.31 10.18 10.42 18.61 17.66 18.36 18.10 17.61 16.57 14.95 16.09 14.53 15.22 15.81 14.84 16.64 18.52 19.75 20.25 16.96 17.82 20.13 27.89 36.68 42.87 64.74 77.44 60.48 30.11 15.00 13.05 12.92 16.12 17.95 20.79 25.86 25.85 26.25 27.22 27.46 28.38 26.41 21.52 22.14 30.04 30.84 32.79 30.73 25.23 33.12 35.20 35.37 32.72 31.83 24.03 22.80 27.29 22.27 23.97 26.35 25.90 24.90 24.87 25.50 23.20 21.43 19.63 17.54 13.81 15.21 16.14 16.58 14.71 14.34 13.96
12.20 17.32 18.25 16.13 16.40 9.25 18.40 17.13 18.04 18.45 17.85 17.79 17.99 17.57 16.48 15.70 15.18 15.95 16.73 16.45 18.19 20.19 17.58 15.72 16.84 19.53 29.82 36.69 43.22 62.51 82.03 78.06 56.43 31.85 19.04 14.19 16.09 18.25 20.60 23.53 26.11 25.30 25.69 26.78 30.20 32.42 34.25 34.19 33.25 23.60 32.48 31.14 27.47 28.71 29.93 25.87 25.21 26.50 26.04 27.19 22.21 24.85 29.70 32.21 23.36 21.43 20.94 19.67 18.00 15.62 14.97 14.79 14.24 15.96 17.82 19.84 21.35 18.62 13.41
10.03 7.46 13.85 9.78 9.39 11.02 17.82 16.37 17.54 18.25 17.60 18.03 15.84 15.47 16.26 17.75 15.19 15.82 15.54 17.06 19.58 17.70 15.69 15.45 15.53 20.75 30.54 34.88 42.48 58.30 76.14 78.16 71.18 58.21 41.77 24.17 18.56 19.39 19.80 20.11 22.05 24.48 25.46 26.48 28.44 30.11 30.67 30.71 33.36 33.87 33.57 33.82 32.74 32.06 31.99 32.12 33.22 33.99 36.86 31.77 26.32 21.74 22.94 23.37 22.65 22.29 21.23 19.75 17.41 17.04 15.14 14.33 14.71 15.65 16.40 18.34 18.65 18.64 18.12
11.95 12.05 12.09 14.84 17.73 20.04 17.70 18.12 18.07 16.88 18.75 16.51 17.20 18.57 17.15 18.08 13.94 15.61 15.56 17.89 21.41 18.95 17.17 15.06 14.83 21.53 28.23 30.23 39.20 54.65 69.05 69.35 70.12 64.77 54.19 42.69 28.10 23.28 20.82 20.15 19.46 19.82 20.95 19.88 21.64 24.70 28.61 28.37 30.50 31.06 32.23 33.60 35.50 35.29 36.52 36.75 30.28 24.81 24.41 24.06 20.77 17.87 19.01 21.95 25.54 27.29 25.71 22.49 21.08 20.91 20.64 20.57 21.13 21.50 20.40 18.81 18.31 18.15 16.68
15.84 14.04 16.10 19.77 19.19 20.76 19.31 19.48 18.58 16.99 6.05 15.69 18.39 17.79 17.14 16.91 16.57 15.59 15.38 19.74 21.92 19.98 16.33 14.13 14.48 19.41 23.87 26.30 35.58 53.71 63.32 61.15 62.22 61.58 55.25 45.76 36.80 31.87 26.37 23.13 18.29 13.69 13.85 16.56 19.35 22.13 23.65 22.07 26.70 29.60 31.88 32.04 30.69 29.63 28.30 27.00 23.61 24.10 24.37 24.82 23.90 23.41 22.95 23.62 25.14 24.86 26.02 23.44 20.96 23.47 27.16 23.05 23.01 23.75 23.15 21.68 19.86 20.59 18.47
11.77 11.50 10.78 19.15 19.34 20.66 20.31 19.29 18.15 7.17 16.07 16.15 18.57 16.79 17.64 17.44 16.70 15.96 15.93 19.76 21.05 19.01 14.69 12.54 14.70 17.06 21.05 25.40 38.00 55.45 59.15 57.20 56.85 56.95 51.62 41.04 36.05 35.42 32.36 27.54 24.87 23.69 23.73 22.95 21.12 25.97 21.70 19.73 24.95 23.61 18.63 20.28 21.61 21.80 22.37 23.05 23.95 26.22 27.77 27.99 27.45 26.70 24.94 23.57 22.67 23.40 17.47 16.76 22.92 17.25 14.52 13.30 13.53 20.05 20.60 20.49 15.16 17.60 17.13
12.98 11.83 10.37 19.13 20.06 19.63 10.67 18.27 17.37 16.83 16.17 17.44 17.34 17.85 18.78 18.49 5.06 2.95 16.04 18.76 20.51 16.65 14.51 14.96 16.32 16.78 18.62 25.45 38.80 51.57 55.88 54.76 52.46 54.33 48.19 36.08 30.14 34.46 35.23 34.37 31.15 29.79 28.65 25.63 27.19 17.96 16.84 19.69 13.29 14.66 16.12 18.25 20.81 21.91 23.29 26.51 29.67 30.59 29.48 27.59 27.88 26.65 25.70 24.73 21.69 19.91 20.70 18.90 13.74 12.48 10.20 15.39 17.08 18.10 17.72 16.59 9.29 9.17 9.48
13.18 11.64 14.03 20.87 13.03 11.20 6.60 17.94 16.46 16.63 17.45 15.98 16.19 17.17 14.08 5.04 5.00 4.60 17.38 19.05 20.96 17.87 16.54 17.74 15.60 16.01 18.60 25.80 36.52 48.58 51.77 51.75 49.05 54.67 45.17 36.51 25.21 30.83 32.04 38.46 33.24 23.27 20.89 21.42 25.40 22.00 21.41 13.69 14.36 15.82 19.93 26.30 27.82 27.14 27.84 30.12 30.87 29.37 26.19 23.79 22.64 21.25 19.75 19.32 20.56 20.66 17.86 14.35 16.74 16.75 17.88 22.85 18.20 18.62 20.51 15.08 13.71 6.68 15.23
13.39 12.15 11.10 10.00 11.51 17.71 18.58 18.24 15.98 17.27 16.08 15.60 15.84 13.09 5.02 16.62 16.63 17.75 16.70 20.30 20.76 20.17 19.36 16.39 14.59 16.56 18.37 24.42 32.96 37.45 49.38 41.76 46.22 52.14 46.20 37.50 23.42 28.70 28.80 33.19 17.35 27.15 11.86 15.04 21.59 28.44 25.32 25.25 25.46 28.66 33.41 33.85 31.19 28.73 27.64 25.79 24.57 24.11 21.68 21.08 20.54 19.60 18.02 17.24 22.56 25.33 25.79 23.56 26.12 24.89 23.34 17.70 18.12 17.10 14.63 13.00 12.63 13.64 5.24
13.85 12.19 9.51 11.44 19.40 16.49 14.92 16.41 16.42 16.89 17.35 16.10 15.06 16.82 16.65 17.13 16.86 17.78 18.57 20.40 20.82 20.39 18.37 15.37 15.59 16.33 18.09 21.85 24.72 35.30 44.75 37.22 42.98 50.65 48.44 39.15 27.18 29.98 27.50 27.19 26.28 22.89 22.60 16.40 14.08 21.85 29.03 31.46 34.11 35.69 34.15 29.71 26.57 23.42 19.77 17.78 19.00 19.63 21.28 22.26 19.42 18.78 17.67 16.80 16.68 17.61 19.22 19.59 16.71 14.15 13.29 12.68 12.13 16.67 15.19 12.15 4.35 5.17 5.01
13.96 11.32 12.47 19.37 16.93 16.98 17.94 17.99 16.59 18.11 14.11 6.22 16.02 16.80 4.81 18.31 17.46 19.28 19.53 20.74 20.90 21.52 19.82 16.77 16.80 17.04 18.49 21.36 26.97 33.80 39.66 34.52 41.29 49.92 47.01 37.58 30.86 31.91 28.25 25.67 21.97 19.71 19.48 23.03 20.57 21.64 15.91 18.74 22.03 22.78 21.07 20.07 20.21 18.70 14.94 13.91 15.66 15.09 19.51 21.88 22.27 21.56 16.84 16.35 15.84 15.10 21.09 18.27 30.74 22.36 17.69 20.02 18.82 15.68 14.52 7.35 7.39 7.59 6.32
13.66 11.13 14.15 19.23 17.89 18.55 18.34 17.88 18.03 18.45 18.30 16.47 16.33 16.33 17.27 17.63 17.93 18.44 19.15 20.52 20.38 21.36 20.09 8.59 19.66 16.38 15.43 19.65 28.37 36.85 34.40 31.52 40.44 50.32 43.44 32.98 30.52 30.89 28.01 26.46 21.82 18.77 17.08 20.29 26.66 23.31 22.90 18.02 18.84 18.50 17.29 16.32 16.07 17.16 16.86 15.58 15.08 15.50 16.83 19.80 20.65 27.48 19.00 16.35 16.44 15.31 14.69 16.34 21.04 20.01 16.57 15.53 14.78 13.40 11.89 10.28 10.07 10.55 9.85
14.59 17.46 21.44 22.01 20.67 21.04 20.48 19.57 20.62 19.03 17.91 4.32 17.11 16.71 18.19 19.41 18.34 17.94 17.49 19.20 18.26 20.08 17.90 18.80 21.27 14.29 17.29 25.27 31.71 33.99 30.13 32.01 38.28 51.44 42.09 31.06 28.18 26.56 23.33 21.33 21.68 19.55 16.42 18.34 22.71 26.88 29.61 26.91 25.84 20.85 17.34 15.96 14.47 13.77 14.19 13.61 12.13 13.18 15.72 17.53 18.03 17.94 16.54 17.01 17.58 16.97 16.49 18.29 19.51 19.64 17.45 15.98 15.06 14.41 15.78 16.18 21.30 18.20 19.14
18.08 20.96 23.34 23.81 25.49 23.53 24.46 20.76 20.82 19.78 6.22 5.50 18.68 19.91 18.82 19.15 18.58 17.93 17.89 18.24 17.98 19.04 19.81 20.76 20.55 19.26 22.03 23.86 29.18 33.54 29.26 28.55 35.55 50.61 41.25 30.98 36.43 36.48 29.41 28.34 30.19 27.16 19.51 14.88 17.58 23.78 27.21 29.07 29.47 29.59 21.87 18.42 14.83 13.51 12.20 10.99 10.25 11.85 13.55 14.78 16.36 16.74 15.67 17.12 18.48 17.87 17.08 18.44 20.07 21.77 27.64 24.45 15.03 13.69 13.73 15.62 14.90 11.81 13.47
21.11 21.86 24.42 25.41 17.25 22.63 22.20 20.56 20.43 20.30 7.13 7.80 21.97 20.33 18.80 17.39 17.69 16.70 15.35 15.48 15.60 17.14 17.75 18.29 19.12 20.28 22.19 24.25 28.85 32.79 29.89 24.89 34.16 47.13 40.45 28.05 33.37 31.32 33.77 35.21 35.02 36.24 27.72 21.75 13.23 12.04 22.42 27.77 28.49 27.76 28.10 22.10 17.21 14.53 13.73 13.02 12.39 12.60 13.81 15.19 16.73 20.22 23.75 24.43 16.37 16.10 25.73 23.36 26.39 17.72 18.00 16.11 24.31 16.44 14.32 14.04 13.60 19.06 21.79
22.27 20.20 17.59 17.98 17.97 20.99 19.30 19.45 9.86 14.84 8.17 20.61 10.79 20.82 18.78 19.80 17.64 17.28 14.77 13.84 14.32 15.32 17.43 17.18 18.23 20.90 22.68 25.49 30.52 30.26 28.12 27.96 34.22 45.68 37.87 23.67 29.64 27.09 29.16 31.54 33.37 34.61 35.66 28.06 21.89 15.04 11.80 14.36 17.74 28.77 28.24 23.82 21.95 15.54 15.41 17.24 15.27 16.51 18.98 21.05 19.78 16.57 14.87 14.69 15.03 14.61 21.09 15.06 16.15 15.81 15.77 22.11 24.18 24.67 14.27 13.45 11.74 10.39 9.69
18.43 19.47 16.27 14.61 16.62 16.54 6.85 14.29 13.19 13.79 15.83 19.23 17.34 18.53 18.38 19.31 20.28 20.52 8.61 11.44 13.75 14.75 15.74 15.17 17.26 19.70 20.72 25.16 30.31 29.60 28.49 25.69 27.57 38.79 35.13 20.95 29.22 27.65 23.70 31.52 32.68 32.70 35.68 33.80 26.29 23.82 16.79 14.63 14.42 16.61 19.01 30.53 19.33 20.23 17.71 25.37 26.47 15.53 16.50 16.25 16.77 18.99 14.51 14.56 14.35 14.31 14.24 14.65 15.28 15.37 15.39 15.43 24.43 14.03 13.65 13.02 11.34 10.08 9.28
15.10 12.83 18.18 5.40 5.06 3.62 17.28 8.78 8.11 17.38 14.74 16.71 15.26 18.71 18.09 10.08 9.22 10.41 7.07 2.65 14.10 15.57 14.36 12.95 16.51 16.93 19.07 26.56 27.89 28.05 25.67 18.42 23.75 35.15 36.12 23.51 28.05 27.09 21.49 34.31 30.69 29.65 31.96 36.34 34.65 29.22 27.59 24.56 21.00 17.43 16.89 17.83 20.34 20.86 25.20 15.39 11.83 12.81 11.26 11.13 15.52 17.38 17.18 18.42 19.62 20.83 14.17 14.58 14.62 14.46 14.84 20.56 13.18 12.59 12.56 12.03 11.30 10.60 17.19
14.19 12.48 10.20 10.29 7.07 15.83 2.27 9.98 17.94 16.92 16.59 17.00 17.63 7.05 7.52 6.37 10.76 10.47 4.43 1.17 12.73 12.02 9.89 13.88 15.40 14.73 19.33 25.90 27.12 26.94 16.02 18.77 29.26 36.33 40.34 27.83 24.00 29.67 30.66 28.01 30.50 32.29 27.87 32.58 34.29 37.46 37.02 34.19 26.65 25.07 21.61 16.84 13.38 11.60 9.82 9.31 9.94 10.33 10.31 10.48 10.53 11.23 12.36 12.74 12.55 12.37 20.01 20.96 21.01 18.79 13.11 13.55 12.72 12.34 12.55 11.82 10.97 10.31 17.92
13.54 11.70 17.38 16.95 20.60 2.79 2.07 16.62 17.54 9.88 9.20 9.01 6.57 6.87 4.98 8.71 11.05 7.74 1.69 2.30 13.06 13.21 12.86 14.82 14.68 14.15 19.66 24.18 26.12 24.32 15.87 25.90 29.90 33.74 39.19 30.14 21.71 28.33 29.86 30.00 27.07 31.57 31.02 31.09 33.06 30.66 31.89 21.43 22.50 22.43 29.86 20.71 18.10 15.94 14.11 12.32 10.84 10.40 10.16 9.72 9.76 10.42 11.23 11.63 11.43 16.64 14.70 11.62 12.16 12.11 12.83 13.79 13.55 12.69 12.03 11.18 18.46 18.14 8.95
12.59 19.90 15.81 16.83 15.29 1.67 2.04 15.27 7.67 8.70 8.33 7.48 3.00 4.18 6.45 9.34 8.57 3.59 1.56 3.53 12.98 13.38 14.53 11.34 12.81 14.91 20.15 22.43 22.62 24.08 24.85 26.47 29.96 31.96 33.92 32.22 22.56 27.53 30.37 29.93 27.76 28.68 29.35 27.83 29.29 29.74 32.05 32.60 15.53 29.28 27.87 29.37 30.85 28.17 19.21 18.19 16.88 15.73 14.64 13.14 11.66 10.75 10.45 10.47 10.19 9.85 10.01 10.75 12.20 13.80 14.65 14.42 13.11 11.65 18.01 17.84 9.94 9.38 8.78
20.87 19.93 15.17 14.34 12.74 13.04 14.05 10.47 6.86 7.25 7.51 3.73 4.14 5.08 7.16 8.19 5.09 1.24 2.83 15.89 14.71 12.91 14.25 14.13 14.54 15.70 18.81 21.62 23.39 25.15 25.08 26.30 19.12 32.82 28.95 30.67 29.18 27.34 30.17 28.20 28.63 26.62 28.01 28.72 28.55 29.75 28.00 27.80 27.22 25.36 24.53 27.17 29.35 17.70 18.33 17.82 17.05 16.06 15.36 15.01 14.46 13.56 12.61 11.74 11.39 11.84 12.87 13.85 14.65 15.13 14.59 13.03 11.68 10.72 16.92 9.81 9.37 8.74 8.32
19.95 12.92 8.31 9.57 13.27 9.24 8.84 7.11 6.10 1.40 2.14 3.59 4.73 5.58 6.71 6.20 2.58 2.85 4.02 16.04 15.41 15.14 15.21 15.80 14.60 15.82 18.44 21.77 23.76 25.38 26.25 15.69 18.34 30.39 25.05 29.63 30.03 29.95 29.84 28.38 27.78 25.71 27.61 27.38 27.39 29.16 29.45 29.77 29.03 26.16 27.06 27.55 31.37 15.27 15.60 15.17 14.50 13.76 13.35 13.48 13.95 14.45 14.75 14.95 15.19 15.64 16.11 15.95 14.98 13.84 12.80 11.72 11.09 10.16 16.26 8.63 8.24 7.89 7.79
5.06 9.02 8.90 5.80 6.16 6.76 5.94 4.58 1.29 0.69 1.83 3.62 5.59 5.99 5.55 4.27 2.02 7.93 9.39 16.39 15.63 17.23 15.25 15.53 14.45 16.05 16.84 21.73 23.55 24.97 21.67 25.57 23.12 30.09 26.43 29.14 31.01 28.06 28.60 28.68 28.80 24.92 20.88 27.03 26.50 26.37 29.68 28.43 18.79 29.64 24.47 24.59 26.60 29.94 14.64 14.52 13.74 13.11 12.41 12.02 12.40 13.10 13.44 13.82 14.43 14.95 14.83 13.84 12.79 12.11 11.31 10.47 10.13 9.27 7.96 7.01 6.60 6.89 16.68
10.21 13.33 11.44 8.71 5.35 3.46 3.84 3.47 3.00 2.68 2.67 3.93 6.54 7.05 5.49 3.16 1.88 9.13 18.38 16.57 9.00 16.08 15.06 16.90 15.18 13.75 15.00 13.74 24.70 24.07 23.24 24.41 25.02 26.92 26.13 27.93 29.04 28.02 29.61 28.40 28.31 25.32 20.27 24.71 24.92 26.52 26.55 25.94 17.57 17.91 28.01 23.40 25.81 28.36 14.47 14.32 13.10 12.35 11.51 11.10 11.47 11.76 11.77 12.05 12.65 12.95 12.53 11.65 11.11 10.90 10.05 9.05 8.97 8.66 7.19 5.54 5.38 6.12 6.28
14.10 10.70 10.41 9.05 8.90 8.03 7.62 6.47 5.21 4.01 3.02 3.57 6.21 7.52 6.38 3.23 7.22 10.51 16.15 18.01 19.13 12.34 15.50 17.59 14.39 12.01 7.41 12.84 15.75 16.55 22.04 21.28 23.91 25.76 26.98 27.58 26.92 28.86 28.87 19.34 26.24 26.65 18.37 19.19 22.13 24.64 25.32 24.92 28.64 11.96 16.91 24.96 27.60 17.96 13.90 14.06 13.02 12.38 11.81 11.29 11.25 11.27 11.36 11.49 11.65 11.67 11.54 11.11 10.68 10.47 9.54 15.35 15.71 8.87 7.58 13.71 6.90 8.11 8.05
7.17 8.80 10.05 12.14 12.50 12.14 11.12 9.43 7.74 5.99 9.16 4.02 5.68 7.08 7.07 4.33 8.80 10.57 17.40 18.53 16.51 6.24 9.56 18.47 16.18 11.66 7.23 12.19 23.47 24.59 22.67 22.62 22.70 24.49 27.52 27.31 26.24 26.88 29.02 19.39 28.15 28.21 16.61 13.62 12.73 20.98 23.54 25.19 21.61 15.97 14.20 23.50 27.23 25.90 12.55 13.29 13.31 13.34 13.45 12.48 11.38 10.73 10.31 10.02 10.03 10.35 10.70 10.97 10.95 10.21 15.37 15.50 15.77 8.81 8.00 7.71 8.54 8.18 6.22
8.89 12.06 13.56 14.59 14.55 13.73 15.83 11.00 9.60 8.21 6.57 5.54 5.98 6.65 6.99 5.03 9.39 17.55 16.50 18.83 16.28 15.11 17.43 16.00 15.47 5.74 6.51 12.70 21.36 22.65 23.74 20.12 23.56 24.06 25.23 25.48 27.66 28.01 28.05 19.77 28.41 22.96 19.09 16.40 13.67 12.77 15.16 21.11 19.49 25.26 20.40 21.25 23.69 21.36 24.03 17.89 12.85 13.31 13.75 13.04 10.79 9.08 8.29 14.19 8.89 9.52 9.98 10.46 10.37 9.48 8.85 8.80 15.67 8.53 16.68 7.54 6.64 4.23 11.27
11.33 11.71 12.19 12.13 12.86 12.40 11.45 10.42 9.56 9.05 8.62 7.68 7.21 6.87 9.44 4.99 10.53 17.22 17.10 17.75 16.52 15.58 15.60 15.11 15.41 5.65 3.43 13.28 22.56 22.80 24.54 23.69 20.14 22.99 25.28 25.28 26.22 25.44 28.35 19.76 21.68 19.79 26.78 19.06 15.79 14.16 16.55 21.89 20.97 21.79 21.65 22.50 23.46 22.41 14.66 23.42 17.84 12.08 11.69 12.57 11.20 8.34 7.13 7.54 8.53 9.22 9.66 9.96 9.74 9.14 9.09 9.06 15.60 8.35 7.52 16.02 12.17 10.69 1.72
