examples/cougarCreek-fire/createInputs/WindNinja/wrfout_d3.2015081112.f16/cougarCreekFire_08-12-2015_0400_217m_non_neutral_stability_vel.asc
ncols	146
nrows	140
xllcorner	610065.000000
yllcorner	5095217.000000
cellsize	216.586807
NODATA_value	-9999.000000
[rows 70 to 104 of 140, columns 0 to 78 of 146]
11.22 8.79 8.83 9.79 9.99 9.80 9.32 8.90 8.59 13.93 9.13 9.36 9.17 8.24 6.65 4.89 11.82 16.60 18.27 17.85 17.69 17.77 15.49 15.12 13.71 5.27 5.20 14.08 21.36 22.91 23.42 21.30 19.94 21.54 24.46 23.46 24.27 26.80 27.62 19.21 16.14 18.10 20.50 20.49 16.73 13.84 24.12 21.76 20.78 16.11 15.35 22.76 24.14 20.49 18.97 13.21 16.82 14.87 10.66 11.67 13.44 11.67 9.26 8.43 8.60 8.99 9.35 17.08 9.46 8.98 8.35 7.91 15.25 15.36 15.24 15.00 15.18 11.05 4.46
9.37 9.26 10.54 12.65 9.24 8.64 8.16 13.85 13.62 13.64 14.44 15.53 15.72 13.53 7.94 5.02 13.22 17.06 17.99 18.15 16.87 17.17 13.69 11.68 6.65 6.26 11.05 17.00 20.27 20.83 22.70 22.08 19.42 22.18 22.64 23.13 23.00 24.46 25.85 13.59 19.29 27.65 17.81 31.80 18.04 14.55 13.91 22.74 24.03 23.13 17.28 16.07 22.25 22.09 23.36 17.26 14.05 17.96 10.69 9.65 12.50 14.37 13.16 11.47 10.14 9.65 9.64 9.41 17.18 9.13 8.14 6.89 14.89 15.17 15.75 15.54 14.54 14.34 13.10
10.95 12.17 13.37 15.77 10.06 9.33 8.74 14.65 14.06 13.58 14.86 15.78 10.64 12.56 10.64 6.16 14.28 16.20 18.10 18.43 19.36 14.72 13.31 13.34 6.76 2.56 12.44 18.84 20.11 20.30 22.42 21.20 18.86 24.53 21.92 23.03 22.84 25.26 23.43 11.79 18.54 28.07 15.45 19.38 19.91 15.96 24.56 14.89 17.97 16.44 16.11 16.28 23.14 17.07 17.96 21.84 13.23 9.80 20.55 9.43 9.12 12.37 13.59 12.91 12.17 11.81 11.38 10.66 10.22 9.80 16.53 15.29 15.27 14.36 15.27 6.85 13.95 13.45 13.74
13.42 14.49 18.17 17.17 10.27 9.88 9.47 15.94 14.42 13.94 13.99 15.08 8.72 11.89 11.93 7.54 15.32 16.03 18.24 18.56 18.21 15.18 11.43 11.79 6.59 3.79 18.70 19.92 14.03 20.68 22.10 19.56 18.32 22.93 13.78 21.69 21.30 21.16 22.85 10.63 18.19 28.26 14.00 16.90 26.72 17.60 14.16 27.04 26.23 26.96 16.82 17.87 23.63 12.22 19.86 14.46 13.96 10.03 10.12 10.14 8.89 9.07 11.17 11.53 11.41 11.43 11.34 11.22 11.21 11.01 15.95 15.69 15.70 15.40 16.23 17.46 14.93 14.86 15.23
17.02 17.01 17.49 16.51 9.47 9.27 16.48 15.91 14.58 14.06 13.70 13.78 13.54 9.14 10.11 7.43 15.78 17.27 15.09 19.39 16.23 8.55 13.84 13.81 2.64 4.07 17.41 13.94 13.32 19.99 20.89 18.97 22.81 13.87 13.33 21.54 22.71 22.53 23.69 10.78 12.33 24.99 26.49 14.16 18.11 18.71 14.84 22.88 28.23 23.31 25.76 24.81 23.63 18.94 12.00 21.27 15.23 10.42 9.99 15.18 9.16 7.89 9.03 10.38 10.24 9.83 9.70 17.51 18.31 18.94 16.44 18.11 18.02 17.56 17.26 17.20 15.27 15.25 15.41
19.08 17.76 22.79 15.94 15.68 15.53 16.07 15.53 15.16 15.39 13.84 5.45 12.31 6.99 7.55 5.69 16.53 11.33 11.38 18.98 16.06 9.03 13.26 8.81 2.46 17.24 18.26 20.03 21.39 21.98 20.41 20.46 20.63 12.70 21.31 20.97 19.87 25.30 22.99 15.70 11.80 26.22 24.65 12.11 14.80 29.97 16.46 13.85 27.74 19.53 27.17 25.67 23.58 18.35 11.37 17.77 23.72 21.16 16.05 24.99 9.24 8.53 8.16 9.61 10.28 9.95 9.45 8.86 16.12 18.80 16.75 16.46 16.37 16.44 16.32 16.94 16.37 15.75 15.84
19.71 20.36 17.84 16.47 15.38 15.35 16.08 15.63 16.13 8.06 8.32 7.54 5.91 13.75 6.64 4.38 19.46 15.59 16.27 16.80 16.99 9.58 10.37 1.97 14.64 17.00 18.02 20.31 20.08 21.79 20.65 21.57 15.24 14.52 19.94 11.76 21.64 22.45 22.60 14.99 15.96 25.10 26.97 15.80 12.26 16.00 24.87 16.73 25.86 25.47 26.83 26.08 26.42 17.68 17.71 17.16 21.31 22.02 15.63 16.58 13.39 8.76 8.06 8.19 9.11 9.40 8.99 16.03 7.87 16.69 16.17 14.77 14.76 15.48 16.28 15.39 16.53 15.48 16.44
20.82 20.72 18.28 16.92 15.79 16.56 16.35 16.24 20.52 8.28 9.61 10.21 8.74 13.34 7.45 5.35 18.99 15.93 16.83 17.64 16.29 11.71 9.13 12.82 16.50 15.66 16.66 19.98 21.88 21.98 20.46 21.99 14.60 21.62 20.94 12.01 21.13 23.58 21.64 14.32 22.65 25.38 25.86 16.05 11.04 13.76 28.94 15.80 23.07 25.39 24.60 25.65 24.94 18.35 17.64 16.84 20.88 14.65 8.39 7.63 24.11 8.92 8.52 7.42 7.22 14.17 14.15 14.01 13.44 14.54 16.87 15.20 14.58 15.51 15.95 7.09 15.12 16.96 8.69
22.25 21.30 18.37 17.03 16.53 15.74 19.42 16.36 15.41 7.10 8.19 10.40 10.78 13.99 7.64 6.69 18.53 15.33 17.58 16.50 10.05 2.43 9.32 1.80 2.19 16.98 17.68 19.03 20.50 20.92 14.03 19.06 19.89 20.71 22.53 7.20 20.61 22.45 14.04 13.53 21.52 24.79 23.59 15.99 16.83 11.08 20.78 26.83 21.77 25.89 22.97 25.13 26.54 17.40 16.55 15.93 19.87 22.94 18.62 12.59 16.16 14.11 8.51 7.09 6.41 13.61 5.96 13.78 5.79 5.92 5.97 15.50 17.62 17.00 16.30 7.52 7.59 8.07 9.48
21.55 21.77 19.08 17.14 16.92 22.09 18.59 15.16 18.00 4.71 12.56 6.77 18.07 9.16 6.56 14.85 12.18 4.88 15.49 3.30 2.97 2.34 13.67 1.64 2.81 17.94 17.73 17.91 19.00 18.58 19.35 17.52 21.22 20.82 23.19 12.10 6.39 22.09 12.39 12.82 18.58 24.45 23.69 14.71 7.81 22.05 18.57 21.14 25.48 21.11 23.25 23.54 25.72 17.16 8.84 8.47 8.16 23.12 17.62 13.25 7.84 17.57 14.62 12.51 5.83 6.68 6.91 6.92 7.13 7.24 7.24 7.22 7.26 17.03 17.64 16.58 8.21 9.50 10.72
22.62 21.09 19.10 18.26 18.49 15.91 12.79 19.84 16.86 12.01 3.47 23.12 7.12 8.61 6.29 16.52 5.67 4.99 4.12 3.47 3.28 16.59 1.78 1.26 2.66 17.85 17.16 15.46 17.68 17.77 18.01 19.67 23.07 20.95 20.33 13.00 13.74 21.75 11.20 12.88 22.59 20.20 22.79 22.74 12.46 13.13 17.43 11.90 14.45 12.23 24.66 19.14 25.88 8.51 9.79 10.87 10.94 11.15 16.72 10.65 9.30 7.79 6.90 22.88 6.53 7.23 8.33 8.61 8.32 7.98 8.07 8.13 7.82 7.53 17.87 20.43 9.48 10.59 17.76
23.50 19.36 19.36 8.68 20.71 16.24 15.41 13.40 16.96 17.66 4.16 4.81 5.98 7.26 6.52 13.91 5.01 4.38 3.74 3.40 15.93 11.36 1.86 1.65 2.44 19.01 15.07 11.01 15.92 18.13 16.39 19.06 20.33 21.14 19.93 20.01 20.95 12.65 11.82 18.13 21.30 13.33 21.86 20.97 22.42 19.64 15.61 9.15 13.09 13.95 11.93 19.86 29.41 9.70 11.33 12.90 13.52 13.08 12.81 12.35 10.99 9.09 7.74 7.19 17.42 7.71 8.04 8.54 8.41 8.38 8.29 16.94 8.30 8.43 9.07 9.86 10.49 10.67 10.02
23.47 19.46 19.65 18.48 23.28 15.92 16.61 7.16 15.38 14.69 4.54 5.21 6.07 5.84 5.44 13.95 4.41 3.91 3.01 17.87 16.47 3.46 1.65 1.59 1.84 19.16 9.70 1.28 17.38 16.07 16.77 12.18 18.61 19.59 22.03 16.61 21.46 11.24 11.35 19.66 16.90 11.81 11.43 18.79 18.58 22.06 12.85 6.27 9.55 23.55 15.43 11.27 10.49 11.03 10.89 10.90 12.29 12.43 11.68 11.34 24.62 10.87 9.94 8.91 8.52 8.33 7.21 21.17 7.77 16.93 8.12 8.44 18.42 9.68 10.14 10.16 25.32 9.78 19.66
21.17 19.35 20.50 19.86 18.45 16.60 14.70 6.42 16.47 15.85 4.31 4.49 6.01 5.59 15.61 4.54 4.45 4.26 3.52 19.64 15.96 2.58 1.46 1.53 16.68 15.87 9.89 12.39 17.63 10.33 15.10 11.88 17.35 19.08 18.76 21.65 12.84 12.08 18.69 18.99 10.64 17.18 18.51 19.17 21.16 20.71 17.88 3.82 5.94 21.08 24.60 27.58 10.01 9.98 8.13 7.18 8.08 18.15 19.20 9.60 10.80 22.04 12.06 11.68 10.55 19.07 7.48 16.00 7.53 7.79 7.82 8.00 19.54 16.48 17.36 9.46 19.91 20.09 18.84
24.04 19.54 22.09 22.12 17.34 17.51 6.62 6.06 18.62 13.09 4.53 4.06 14.63 6.07 6.26 5.49 4.46 3.95 16.97 16.20 2.59 1.37 1.32 1.91 2.61 15.76 13.59 15.27 15.82 8.68 16.39 11.31 15.81 17.80 18.60 19.10 13.76 13.97 21.59 7.13 5.60 2.74 14.01 20.50 19.10 21.76 19.21 3.26 4.12 15.20 24.31 8.16 8.71 6.85 5.19 4.75 4.88 6.10 7.46 8.14 8.73 19.13 10.36 20.15 10.55 8.46 15.47 16.12 16.81 7.97 8.18 7.96 19.54 19.27 20.73 20.01 18.65 20.83 18.84
25.16 21.57 22.50 19.44 18.35 17.59 16.07 14.62 19.24 5.65 5.05 4.05 3.77 16.31 15.71 5.41 18.57 19.80 18.42 15.65 2.52 1.07 1.30 1.55 10.77 14.37 13.39 14.15 16.47 7.68 15.58 14.57 16.23 17.31 16.16 12.08 12.74 14.02 14.97 8.52 8.02 4.82 3.00 13.23 16.81 20.03 12.43 10.83 3.21 5.77 20.81 16.15 4.66 3.41 3.31 3.21 14.19 3.69 4.84 5.62 5.68 16.50 6.48 6.57 25.78 23.99 17.29 16.57 16.40 18.43 17.28 8.28 16.44 17.29 21.92 17.93 17.35 18.31 15.41
25.57 23.55 21.25 18.65 21.84 19.43 17.31 17.57 16.69 5.73 5.49 4.44 2.37 17.54 18.91 18.28 17.52 18.94 4.14 3.46 2.25 0.85 1.06 0.97 16.40 9.98 13.64 13.56 15.33 13.89 16.02 12.02 14.61 8.53 15.67 10.15 14.46 15.96 4.64 7.41 8.81 5.90 2.70 12.15 18.01 18.99 18.72 1.94 1.86 3.65 18.39 18.14 20.82 1.55 2.63 2.82 2.78 12.08 3.11 3.34 3.38 3.58 4.03 3.82 18.97 26.39 18.21 17.20 18.21 19.06 7.95 23.88 21.44 17.50 17.95 18.70 17.62 17.19 12.63
27.16 22.78 20.60 20.99 22.95 18.73 8.82 8.29 7.40 6.46 6.25 5.72 2.92 18.36 17.27 18.64 18.43 14.77 4.54 3.80 2.17 0.51 0.60 9.46 14.51 13.61 13.85 13.77 15.19 15.99 12.64 10.50 14.12 2.94 14.71 11.81 14.89 13.41 10.96 5.47 7.61 6.30 2.72 12.56 11.73 18.51 16.94 0.93 10.08 10.44 15.16 18.40 8.38 0.97 1.23 1.73 2.04 2.25 2.40 11.41 13.77 12.11 3.05 3.50 19.42 5.70 17.95 16.69 17.48 17.20 18.39 16.85 16.72 5.76 4.06 14.29 14.18 18.06 18.65
27.29 21.64 20.59 24.19 23.47 22.93 18.42 18.16 8.13 7.35 7.16 7.23 4.89 11.83 19.59 17.30 18.37 5.36 4.95 4.09 2.11 0.85 1.27 17.25 15.04 13.27 12.29 12.64 14.64 13.66 12.96 13.45 15.64 3.54 9.49 11.85 14.04 13.97 4.21 5.10 5.53 5.29 3.05 12.43 8.94 12.98 14.25 12.75 9.13 2.26 11.93 16.37 1.41 19.09 8.08 1.24 9.39 9.00 1.73 11.29 12.03 11.83 12.51 2.87 18.28 23.33 18.83 17.32 18.04 17.73 16.90 16.64 18.88 22.32 5.04 5.25 5.01 4.67 4.15
22.58 20.76 25.16 25.01 22.02 21.61 19.81 18.52 7.55 7.32 7.56 15.52 6.47 3.59 20.15 16.81 18.82 4.77 5.26 4.35 2.22 1.36 1.79 16.43 13.17 1.70 2.08 7.57 12.99 12.35 1.94 13.22 14.90 3.97 2.60 14.78 13.70 13.66 4.63 5.22 5.52 16.78 4.00 13.88 7.77 13.23 14.88 10.27 7.60 8.98 10.06 15.19 1.98 0.73 8.14 2.08 8.40 7.92 10.99 10.81 15.89 10.50 11.71 15.19 18.51 17.65 21.33 18.48 20.62 20.49 16.49 17.29 16.40 16.83 15.20 20.52 18.56 14.48 5.82
22.32 20.66 25.16 25.01 21.15 21.45 20.26 18.05 6.86 6.86 7.67 17.39 7.72 5.86 21.25 1.44 19.51 4.50 5.23 4.48 2.81 2.39 17.74 12.70 1.24 1.93 2.59 12.63 11.03 12.38 13.47 13.47 15.34 9.31 3.82 11.34 11.19 11.97 4.75 5.15 5.24 8.23 4.94 9.12 8.59 9.85 14.81 7.34 3.32 2.86 8.71 11.25 1.95 0.80 1.84 9.15 1.68 7.36 1.94 2.27 13.57 17.85 2.44 14.89 16.69 17.93 22.29 21.31 22.83 22.98 24.30 16.75 3.57 4.47 5.05 18.10 17.80 17.44 19.71
21.68 20.22 23.57 23.68 20.17 19.93 19.57 19.52 6.18 6.12 7.32 8.41 7.96 6.90 4.62 19.45 17.98 4.94 5.32 4.58 3.47 2.85 15.50 12.26 1.74 2.87 12.90 12.98 13.42 10.91 11.82 13.03 11.35 12.30 7.03 13.72 10.80 11.85 5.07 11.90 8.35 10.62 6.52 11.25 10.45 12.46 6.31 2.34 2.59 2.64 2.21 1.93 11.75 9.06 6.91 6.93 6.58 7.15 9.60 2.57 13.05 9.70 15.58 12.20 17.77 3.86 19.79 14.31 16.23 17.05 16.45 22.81 4.32 4.97 19.05 16.24 17.53 16.82 16.21
25.43 22.31 23.11 24.08 24.03 22.09 19.29 18.03 18.55 4.12 4.88 18.96 7.28 19.02 4.24 20.36 3.51 15.89 5.82 4.78 3.75 9.96 14.73 1.96 2.27 3.82 11.99 13.34 12.02 12.55 11.92 10.65 13.09 14.52 11.24 12.69 11.79 6.29 10.38 5.96 8.39 11.56 5.66 4.83 3.63 5.27 6.19 6.41 2.65 2.84 2.67 2.64 11.13 2.91 3.34 13.30 6.79 6.91 9.59 7.08 10.55 14.91 9.85 11.73 19.23 4.97 5.16 21.65 16.05 16.92 16.68 22.98 4.84 6.10 16.79 16.19 22.73 20.97 21.22
25.74 13.68 12.97 11.17 20.97 20.78 18.22 5.86 17.86 3.40 21.73 17.79 6.33 18.51 15.48 17.28 17.97 11.10 5.99 4.77 3.24 9.39 10.84 12.95 3.39 4.47 12.25 12.53 12.27 9.60 9.10 6.50 13.22 14.06 12.14 6.73 2.73 2.76 3.81 5.81 5.99 4.42 3.52 3.74 2.64 6.34 6.75 2.73 2.94 3.24 3.85 8.73 9.70 3.63 3.28 3.44 7.45 13.50 8.56 6.99 8.78 9.24 10.85 13.27 14.68 16.43 16.26 12.32 21.70 15.73 15.94 23.96 5.70 6.76 16.11 19.81 18.75 14.28 5.20
14.46 14.10 13.88 12.39 24.73 21.63 18.66 6.40 6.17 4.65 2.99 19.34 17.66 14.85 15.01 15.82 14.86 14.74 5.62 4.77 3.21 5.84 12.35 12.51 4.56 4.53 12.15 10.76 8.91 13.15 12.91 9.87 13.71 10.73 1.55 1.27 1.50 1.85 3.37 5.41 4.74 3.21 3.17 3.51 2.75 1.95 2.12 2.65 3.10 3.52 4.19 6.11 7.68 3.69 3.36 3.40 9.95 3.87 9.96 9.15 7.35 12.99 16.69 3.60 4.56 15.56 20.04 17.53 22.48 16.35 17.16 23.40 6.65 15.86 18.03 15.47 5.09 17.84 17.98
22.35 12.69 24.44 12.30 23.79 20.51 8.03 18.88 6.79 15.80 18.97 17.59 16.26 13.90 14.08 13.98 16.63 15.42 4.73 4.96 4.27 13.57 11.34 4.56 4.46 4.36 11.40 7.27 4.34 12.56 4.56 11.63 10.36 8.02 1.41 1.56 1.79 2.17 3.74 5.31 4.35 3.08 3.03 2.88 2.22 1.78 1.89 2.28 2.82 3.20 3.48 3.44 2.93 2.91 3.33 3.55 3.64 3.75 4.21 4.89 12.53 9.54 12.97 4.09 4.07 3.82 4.26 15.46 16.76 17.54 17.28 18.55 16.82 17.33 19.34 19.69 5.77 6.75 7.02
11.63 10.83 25.29 22.51 22.54 21.70 8.32 19.40 18.50 20.73 15.08 18.97 17.30 13.40 13.99 12.03 17.20 15.65 3.64 4.70 4.06 13.57 3.19 3.75 3.88 4.12 11.96 8.56 13.39 10.39 7.81 9.29 9.98 1.84 1.65 1.66 1.91 2.64 4.36 5.50 4.48 3.36 2.90 2.18 1.55 1.63 2.07 2.05 1.96 2.23 2.47 2.33 2.09 2.29 2.73 3.04 3.42 3.82 4.16 4.46 12.86 9.38 4.52 4.41 12.21 3.77 4.03 4.54 5.06 17.77 18.19 18.53 15.48 20.31 22.36 17.71 6.01 6.15 6.55
13.60 12.36 24.75 23.78 20.93 22.06 21.49 7.98 20.27 24.14 7.62 19.89 17.62 16.58 5.21 14.73 14.03 14.39 3.01 10.95 3.13 1.26 1.39 3.15 4.08 10.53 4.51 12.87 7.53 2.52 7.68 1.61 1.32 1.55 1.48 1.34 1.57 2.35 4.12 5.42 4.66 3.67 2.78 1.51 0.98 1.59 2.17 2.17 1.83 1.85 2.08 2.01 1.75 1.65 1.84 2.25 2.75 3.35 3.91 4.22 4.48 4.81 4.94 4.68 4.30 4.23 4.40 4.79 5.08 5.17 5.74 6.49 6.59 18.34 14.95 20.75 19.44 5.36 5.27
14.92 15.16 14.09 24.33 24.60 10.61 20.34 8.70 8.31 7.65 22.11 19.56 17.08 14.44 4.89 3.58 17.21 10.81 10.66 15.00 1.77 1.25 0.44 1.57 9.64 10.31 10.18 3.28 9.11 9.56 6.95 2.39 1.90 1.86 1.90 1.62 1.62 2.23 3.80 5.45 5.01 3.57 2.20 1.16 0.64 1.53 2.08 2.23 2.15 2.07 2.12 1.93 1.35 0.83 0.91 1.37 2.03 2.77 3.46 3.98 4.41 4.73 4.85 4.88 4.78 4.63 4.76 5.17 5.48 17.03 6.33 6.77 6.42 20.42 19.84 24.60 19.87 5.21 4.93
12.29 25.10 14.03 24.46 25.72 11.27 21.21 8.70 8.00 23.89 25.22 7.51 18.08 14.94 5.50 11.59 14.57 14.12 12.37 0.85 1.20 12.87 1.09 1.96 3.31 11.75 8.60 8.19 10.10 10.52 7.02 10.07 2.97 2.40 2.17 1.81 1.62 2.19 3.52 5.59 5.74 3.29 1.35 1.07 0.68 1.32 1.94 2.13 2.49 2.77 2.46 1.81 0.99 0.26 0.20 0.75 1.46 2.29 3.05 3.65 4.20 4.61 4.78 4.94 5.14 5.12 5.13 5.40 5.78 6.03 6.45 6.44 18.73 18.02 18.44 18.87 21.37 19.34 6.12
10.88 25.29 10.55 27.04 11.86 18.81 22.40 19.15 23.33 6.73 6.70 7.05 17.07 7.23 12.28 5.21 12.55 10.63 11.90 0.51 0.62 1.36 2.47 16.99 13.22 10.07 7.58 9.74 10.73 10.00 4.58 3.89 3.41 2.78 2.32 1.81 1.03 1.38 2.73 5.28 5.66 2.43 0.52 0.64 0.49 1.11 1.88 2.20 2.96 3.87 3.31 1.81 0.71 0.16 0.38 0.94 1.50 2.09 2.78 3.37 3.99 4.61 4.93 13.79 5.33 5.44 5.36 5.53 5.93 6.18 6.31 6.18 5.89 5.86 5.72 17.55 18.42 18.91 7.16
14.06 12.23 8.62 26.56 10.10 22.60 26.55 10.25 8.58 24.52 4.95 21.00 14.64 17.57 16.00 14.38 12.01 9.63 10.31 14.55 2.79 2.59 3.06 2.70 1.86 1.92 9.91 10.70 10.67 9.12 4.83 4.02 3.66 3.30 2.86 2.30 1.21 0.66 2.82 6.05 6.95 4.35 2.46 1.71 1.42 1.52 1.97 2.25 3.14 4.57 4.33 2.38 0.86 0.41 0.59 1.15 1.60 2.06 2.65 3.25 3.93 4.65 5.08 5.25 5.45 5.55 5.58 5.88 6.19 6.23 6.25 6.25 18.15 18.44 18.13 17.20 18.01 19.37 21.87
15.62 15.69 12.98 7.18 9.03 21.69 10.12 22.78 18.50 25.68 5.96 21.82 20.92 18.99 16.88 11.73 3.49 11.37 10.95 9.56 2.92 13.73 11.90 1.64 1.00 1.57 10.77 11.65 9.15 4.71 4.87 4.10 3.75 3.73 3.54 3.22 2.58 1.37 1.11 4.42 6.56 5.22 3.04 1.59 0.92 1.03 1.43 1.69 2.80 4.70 5.18 3.58 1.76 0.73 0.36 1.07 1.53 2.05 2.68 3.32 4.03 4.62 5.02 5.45 5.80 5.89 16.46 16.29 16.07 17.88 18.21 18.72 18.65 18.76 17.76 18.14 18.84 18.12 19.67
14.85 16.25 16.80 12.05 25.08 7.97 23.91 22.79 21.73 10.09 8.45 19.14 5.10 15.84 20.81 14.07 3.20 11.19 2.29 8.50 15.26 1.72 12.98 5.35 12.28 11.02 10.72 11.20 5.86 4.65 8.57 7.46 4.11 3.86 3.82 3.97 3.94 3.26 2.48 3.03 4.23 3.92 2.55 1.40 0.85 0.81 0.87 1.06 2.10 4.15 5.52 4.92 3.19 1.51 0.18 1.07 1.79 2.40 2.98 3.59 4.30 4.85 12.64 5.98 6.47 14.87 16.45 16.09 16.43 17.55 18.30 18.58 17.20 18.57 19.30 18.98 19.17 21.85 18.92
13.14 13.94 15.64 14.26 8.26 22.55 7.23 17.98 26.00 9.79 10.28 9.06 18.26 19.68 5.77 14.18 12.37 12.35 2.51 14.24 1.47 13.63 12.19 1.52 12.07 10.27 11.04 12.45 8.97 8.05 12.27 8.35 4.68 4.05 3.90 4.13 4.50 4.49 4.18 3.88 3.66 2.99 1.73 1.10 1.08 1.00 0.85 0.90 1.48 2.99 4.54 5.16 4.73 3.13 0.85 0.95 2.10 2.98 3.55 4.06 4.63 5.31 5.96 6.70 7.03 15.61 16.11 16.41 8.14 7.96 18.48 18.83 19.01 18.28 18.70 19.10 18.65 19.28 19.82
