examples/cougarCreek-fire/createInputs/WindNinja/wrfout_d3.2015081112.f16/cougarCreekFire_08-12-2015_0400_217m_non_neutral_stability_vel.asc
ncols	146
nrows	140
xllcorner	610065.000000
yllcorner	5095217.000000
cellsize	216.586807
NODATA_value	-9999.000000
[rows 0 to 34 of 140, columns 0 to 78 of 146]
12.47 10.69 11.26 9.05 10.87 6.22 9.11 11.20 11.61 10.66 9.12 7.82 7.23 6.47 8.81 5.86 7.91 8.79 10.24 14.17 17.05 16.59 13.07 8.72 6.41 6.26 6.30 6.26 6.62 7.19 6.71 7.18 4.46 5.05 5.60 5.94 5.88 5.48 4.83 4.45 4.32 3.92 3.59 3.48 3.36 3.25 3.29 3.54 4.14 4.32 6.11 6.90 10.34 12.61 14.64 16.05 16.36 11.98 15.16 16.25 16.07 15.67 16.36 16.69 16.05 15.24 15.33 19.26 22.70 24.02 22.84 18.84 14.99 14.67 17.81 19.26 16.52 16.49 20.34
12.47 10.69 11.26 9.05 10.87 6.22 9.11 11.20 11.61 10.66 9.12 7.82 7.23 6.47 8.81 5.86 7.91 8.79 10.24 14.17 17.05 16.59 13.07 8.72 6.41 6.26 6.30 6.26 6.62 7.19 6.71 7.18 4.46 5.05 5.60 5.94 5.88 5.48 4.83 4.45 4.32 3.92 3.59 3.48 3.36 3.25 3.29 3.54 4.14 4.32 6.11 6.90 10.34 12.61 14.64 16.05 16.36 11.98 15.16 16.25 16.07 15.67 16.36 16.69 16.05 15.24 15.33 19.26 22.70 24.02 22.84 18.84 14.99 14.67 17.81 19.26 16.52 16.49 20.34
12.27 13.29 14.33 10.11 15.33 15.50 10.93 11.07 18.46 17.69 16.23 15.01 8.94 6.64 14.36 12.07 11.56 8.16 10.01 11.72 14.36 15.74 14.92 11.31 7.47 6.41 11.22 11.15 6.72 6.25 5.50 10.30 5.81 6.30 5.67 6.29 6.05 2.58 3.50 3.77 2.84 3.67 4.43 4.03 2.61 1.64 3.31 3.52 4.55 5.79 5.51 5.16 7.96 13.18 14.49 15.29 15.62 12.45 15.95 16.50 16.07 12.09 14.28 15.52 16.21 13.32 18.00 21.67 22.42 24.38 21.76 17.77 10.18 16.52 20.00 20.17 18.76 19.26 21.78
3.52 11.71 15.20 14.00 12.28 12.81 15.58 16.00 18.10 14.37 16.35 15.04 10.34 6.47 10.23 8.17 10.55 10.50 10.39 8.82 10.90 14.66 18.15 15.55 10.18 6.50 10.87 11.78 7.12 5.94 9.52 9.48 9.00 8.38 7.48 7.33 7.33 5.54 3.99 4.73 3.72 3.21 3.08 2.64 1.72 2.23 3.69 1.71 4.08 5.47 6.71 8.87 11.19 13.51 13.88 13.55 14.12 9.43 11.28 11.99 13.29 13.61 15.18 17.19 17.27 14.75 23.28 20.95 25.92 23.79 20.10 12.31 19.09 22.39 25.25 23.12 21.85 23.45 24.52
7.45 17.12 14.58 16.25 13.63 14.23 9.80 15.61 10.20 12.65 20.63 18.95 16.38 11.10 4.82 8.42 10.59 9.52 10.64 10.56 9.97 13.50 18.41 15.92 14.58 9.60 6.73 14.08 11.13 10.54 10.05 8.80 10.01 8.30 8.05 7.61 8.15 7.46 4.67 3.24 3.05 2.99 2.69 2.18 0.66 2.52 3.04 2.58 4.84 7.56 10.22 11.57 12.37 13.40 13.56 12.65 8.99 11.66 10.67 19.36 17.49 16.40 17.42 20.55 17.70 24.65 21.67 26.07 24.04 22.10 15.50 22.88 25.62 28.28 26.17 27.72 24.49 24.02 26.92
6.10 17.30 13.00 19.12 14.32 13.59 14.49 16.47 17.00 18.24 20.23 22.34 16.87 14.67 6.02 3.26 10.47 8.73 9.53 7.40 9.19 11.60 17.01 23.92 16.18 12.75 6.79 13.86 12.30 11.50 9.75 11.11 10.66 9.29 9.42 8.22 8.57 8.36 5.29 3.13 3.99 3.95 3.42 3.50 2.42 3.06 3.99 4.66 8.01 11.00 11.68 11.87 13.19 13.63 12.56 9.96 9.19 14.16 19.53 14.81 18.80 18.96 20.62 19.83 24.34 21.82 26.14 25.20 22.39 16.47 25.30 24.14 25.61 28.52 26.19 23.85 21.26 23.80 28.75
13.52 18.09 11.92 13.51 16.81 12.74 12.89 10.60 17.77 17.90 19.44 22.50 21.11 17.09 12.33 3.80 10.40 9.18 5.41 7.63 9.17 11.85 15.97 20.83 20.05 14.75 12.50 11.75 12.65 10.35 7.72 11.15 11.34 8.36 9.07 9.09 8.68 9.35 5.61 4.21 4.26 5.11 4.93 5.57 4.95 4.53 7.38 9.49 8.11 9.88 10.85 11.81 13.31 13.09 11.17 12.61 13.75 14.12 16.67 17.96 18.66 21.25 21.93 17.58 23.28 25.68 26.04 23.92 19.39 26.13 24.73 28.50 27.48 24.55 22.42 18.75 23.29 25.91 29.51
16.38 17.61 17.40 17.71 16.17 14.45 14.96 16.94 18.09 10.29 19.36 21.63 21.67 15.47 11.03 6.62 6.63 7.42 11.33 6.63 8.98 10.62 14.07 19.37 21.23 16.10 10.18 15.09 12.75 7.89 7.77 11.71 7.84 7.31 9.92 9.81 9.60 9.27 7.45 5.85 6.01 5.46 6.35 5.77 6.82 9.35 10.19 8.25 9.85 10.53 13.82 12.43 12.62 12.23 12.61 14.56 14.58 16.15 17.56 18.85 19.99 20.81 17.79 24.89 23.18 25.78 25.28 24.02 22.28 24.88 27.26 25.65 24.66 18.93 23.26 18.90 24.35 26.43 29.87
14.78 16.25 12.63 14.22 15.37 14.22 14.06 15.04 17.98 19.29 19.82 12.28 14.93 17.44 15.39 11.38 5.56 8.02 9.13 6.29 8.75 9.62 10.87 16.59 25.71 18.17 12.01 14.09 11.51 6.12 6.88 9.62 6.53 6.99 10.47 9.18 9.38 9.52 10.20 10.62 8.63 4.25 5.07 6.74 4.67 10.45 11.83 10.98 13.53 13.02 12.36 14.37 15.06 13.79 14.20 14.20 13.87 16.44 18.40 19.48 18.62 17.75 19.10 21.52 25.24 25.56 25.45 24.30 25.16 28.01 25.70 21.51 20.86 25.72 22.29 21.97 23.21 26.70 32.36
13.52 14.70 13.85 16.06 15.12 18.24 17.27 16.38 17.10 16.78 17.89 20.21 21.16 19.38 12.09 10.34 7.08 4.49 13.09 6.18 8.86 9.87 10.22 13.89 20.38 18.27 14.03 11.72 13.71 8.30 5.50 8.92 7.41 7.51 9.41 7.96 8.27 10.16 10.06 10.47 7.77 5.08 5.29 1.82 9.15 8.25 10.86 11.88 12.66 13.41 14.50 15.62 15.40 13.10 11.62 12.18 14.11 15.80 17.26 15.86 15.19 23.92 22.55 25.44 25.50 24.68 25.07 25.16 26.74 27.48 24.70 27.47 28.22 25.06 23.39 24.82 25.89 31.55 36.82
10.53 11.61 13.25 13.83 14.96 16.10 18.01 19.00 18.69 18.66 19.41 19.04 19.02 20.13 15.03 13.07 9.95 5.32 13.84 14.83 10.12 18.47 10.14 11.72 18.50 21.56 16.22 10.90 14.02 7.51 5.49 9.59 6.42 7.38 9.73 9.28 10.48 10.62 10.27 10.69 5.77 6.38 5.36 8.26 11.09 9.70 12.69 12.46 15.11 14.85 13.05 15.03 12.97 8.68 9.19 12.06 14.26 15.46 15.24 15.55 20.31 21.25 25.39 26.14 24.40 25.19 27.15 27.48 28.25 28.92 26.79 27.06 26.49 26.73 24.50 28.81 31.61 36.57 39.11
11.48 9.29 8.26 11.44 12.24 14.48 16.91 19.45 19.67 19.26 19.68 19.17 17.74 19.45 17.52 18.04 13.52 7.40 12.32 16.64 10.21 20.16 10.32 10.17 16.54 23.58 17.44 14.39 16.01 8.66 7.88 11.75 9.67 10.70 11.54 10.58 11.15 10.81 11.04 11.18 10.85 6.99 7.79 6.42 8.69 10.39 13.39 14.23 16.28 16.71 16.81 14.25 10.29 8.51 10.86 14.46 15.30 16.48 17.19 20.13 20.53 24.49 25.66 24.69 24.95 27.84 27.00 27.00 27.23 27.98 28.22 27.21 29.90 26.34 30.57 32.20 35.77 38.51 38.63
9.67 11.18 10.55 8.81 10.62 11.30 16.41 19.05 20.12 21.95 20.10 19.61 18.62 18.36 15.29 15.73 12.96 16.10 16.78 19.29 19.70 21.76 21.31 10.50 14.52 20.60 18.55 14.89 15.51 9.98 9.87 10.74 11.70 2.60 12.55 12.07 12.34 10.95 9.81 9.63 13.67 6.87 4.67 10.38 8.99 12.74 12.48 14.87 18.05 15.81 14.17 13.59 10.03 9.57 13.86 16.32 16.45 18.14 19.45 19.22 23.16 23.64 24.76 24.41 24.07 23.93 23.41 23.06 23.22 24.17 26.38 28.94 27.47 27.29 32.88 35.02 37.77 38.34 37.23
10.19 10.52 14.50 16.88 14.51 13.02 14.66 10.55 10.00 12.73 21.38 22.08 22.68 21.06 17.63 17.04 14.02 14.21 19.23 19.88 21.20 22.44 22.03 21.01 13.57 19.61 18.74 18.31 13.83 10.23 7.94 11.58 12.59 13.76 12.69 12.44 12.85 12.69 5.83 9.73 10.74 7.22 3.30 5.54 12.05 12.77 12.29 16.44 17.90 15.94 13.26 12.23 11.81 11.11 16.08 17.24 18.83 20.49 20.62 21.91 22.27 20.47 20.58 22.64 22.93 22.72 21.35 20.90 21.27 20.91 27.01 30.04 31.98 33.76 35.35 36.89 37.36 35.95 34.53
9.64 13.54 13.19 17.95 17.68 17.38 16.11 17.56 18.39 9.89 13.06 24.08 23.99 25.13 26.83 21.24 17.66 12.27 15.91 19.06 20.64 22.56 22.95 23.96 13.78 18.28 21.54 18.42 14.52 10.47 9.33 12.22 15.74 14.16 14.09 12.13 13.55 13.48 6.05 10.37 11.60 6.06 3.30 10.56 14.82 12.79 15.78 16.45 19.61 19.05 12.92 12.91 13.67 13.45 16.76 16.19 18.97 20.78 19.88 20.36 21.02 20.76 20.76 20.29 19.86 18.34 18.79 19.28 20.22 27.32 27.26 31.41 32.00 33.83 35.07 35.47 34.62 32.77 31.41
18.60 18.74 18.31 19.11 19.15 17.80 16.40 14.64 16.15 19.12 13.98 23.45 23.40 22.75 25.33 26.28 22.80 17.49 14.81 18.35 17.97 21.33 22.77 21.64 25.58 27.87 23.72 19.93 14.34 10.55 11.02 15.99 16.36 3.73 14.67 14.38 12.86 5.74 8.11 11.21 5.98 4.97 2.73 12.36 15.65 15.78 15.84 18.99 19.73 18.72 12.29 15.43 17.43 16.25 15.13 16.37 20.34 20.29 17.88 18.47 19.05 18.60 16.90 17.30 18.39 20.40 22.94 22.77 26.18 28.06 31.48 29.81 29.56 30.37 31.23 31.15 30.83 30.41 32.07
19.86 20.11 18.91 16.78 18.03 17.05 17.36 16.42 15.44 17.62 20.43 23.53 21.29 19.63 22.39 19.08 22.81 19.83 20.21 23.41 20.71 23.76 23.68 18.09 22.43 26.59 25.34 18.66 15.30 8.31 13.28 16.30 13.08 17.58 14.24 15.60 3.56 6.02 9.45 16.45 8.65 3.74 1.73 5.53 15.24 15.36 17.83 19.66 19.88 18.43 15.92 19.82 20.07 17.54 14.21 18.42 21.76 17.19 18.14 18.53 18.67 17.72 18.04 19.97 21.04 24.30 25.85 24.87 28.19 30.94 29.61 26.61 26.44 27.17 27.23 26.71 27.22 28.51 29.60
21.02 21.15 20.33 17.64 16.54 20.28 19.83 18.89 16.98 15.13 19.11 21.46 20.84 16.05 21.10 13.00 16.85 17.90 23.67 18.78 24.88 27.22 26.40 22.29 19.43 25.08 25.46 18.83 14.52 10.68 16.61 16.40 16.19 16.51 13.51 13.21 3.21 6.04 9.28 14.17 7.95 2.85 1.97 14.07 16.15 17.85 19.17 23.14 20.89 22.00 22.91 23.21 21.16 15.21 13.57 18.65 19.40 14.42 18.34 17.02 16.63 18.36 20.23 22.06 23.43 26.85 28.48 28.51 28.27 27.39 26.70 23.38 23.74 26.19 27.74 28.77 26.13 26.66 27.89
18.41 20.18 19.21 17.69 15.33 17.71 19.38 18.82 16.86 15.02 17.89 20.07 20.96 22.89 23.87 23.43 23.01 23.14 22.22 23.68 25.64 28.20 29.37 24.15 21.74 26.18 24.07 17.64 13.11 14.02 17.24 16.42 18.18 5.37 13.76 13.52 3.79 6.19 14.50 14.81 11.32 13.54 2.69 6.29 17.04 21.71 24.21 23.86 22.57 21.97 24.24 23.82 21.28 11.29 14.27 17.93 13.94 14.20 17.35 15.02 15.70 18.84 21.57 22.24 23.85 26.00 27.26 23.62 25.19 25.08 22.45 23.01 24.42 25.23 26.29 28.74 28.58 25.97 25.35
13.80 16.67 16.88 16.40 15.11 15.10 17.50 17.93 16.92 14.98 17.91 17.96 23.58 23.28 22.66 19.15 20.81 22.50 21.54 24.53 24.37 23.22 25.95 32.30 29.31 27.75 24.14 16.72 14.89 16.73 16.84 18.74 15.18 17.51 4.68 4.21 5.23 6.72 14.39 13.37 12.19 12.24 2.93 7.08 18.96 22.61 24.34 26.21 24.51 23.91 23.36 23.36 14.41 15.82 16.54 14.08 14.58 15.81 15.78 15.79 16.39 19.10 20.08 19.88 23.04 24.25 23.54 24.23 23.96 23.02 23.15 25.30 26.52 27.91 28.89 30.94 30.39 27.60 27.01
13.29 12.92 15.56 15.79 16.38 16.54 18.16 19.42 18.50 16.53 19.70 19.45 17.50 20.34 22.96 21.42 18.18 21.21 20.39 24.97 23.68 21.64 24.21 24.42 33.44 32.84 27.07 17.85 16.21 16.49 17.85 19.60 12.85 18.14 6.30 6.06 6.70 7.81 9.39 11.93 6.86 3.21 3.82 7.67 20.11 20.80 22.85 23.63 26.37 27.45 24.71 23.54 17.44 19.68 12.87 11.04 15.99 17.29 17.64 16.21 16.88 19.27 19.05 19.56 22.56 23.94 23.96 23.55 23.31 25.04 25.01 26.40 27.22 26.28 28.05 30.06 29.19 27.96 28.25
10.07 13.43 14.84 16.62 15.44 17.19 17.77 19.50 19.44 16.63 19.36 21.42 15.25 14.09 18.88 23.07 24.49 26.07 21.72 23.58 25.78 22.06 26.21 31.23 37.33 37.60 28.45 22.55 19.15 17.61 20.72 16.67 12.40 19.88 8.01 7.39 16.40 8.51 19.51 9.62 6.95 4.02 5.68 8.67 20.72 23.98 26.88 24.53 27.57 23.71 27.03 23.19 22.56 15.83 12.82 14.91 17.95 19.76 20.00 16.09 17.70 19.79 19.43 20.62 22.37 23.21 22.97 23.77 22.96 22.99 22.38 24.60 27.45 29.28 28.55 26.90 26.45 29.04 30.08
18.44 19.77 21.58 20.50 18.75 20.64 21.03 23.00 21.84 19.14 19.36 21.05 17.28 9.83 17.19 19.82 22.14 23.75 24.16 27.29 27.17 24.26 24.05 28.68 38.13 40.63 31.94 26.00 20.93 17.00 18.57 14.79 13.94 22.56 8.62 8.47 8.32 9.20 18.93 9.43 6.09 5.02 7.38 9.98 22.48 22.46 23.38 26.31 28.77 26.70 26.94 18.54 16.02 11.76 14.85 18.11 17.50 19.26 18.22 17.12 19.83 20.14 19.86 20.53 20.58 20.72 20.33 20.76 20.87 20.89 22.67 26.12 28.21 25.44 28.64 26.86 26.92 29.36 29.84
15.65 18.68 22.51 15.76 24.05 23.78 23.15 22.43 22.80 20.09 17.73 21.21 21.91 14.22 13.70 18.01 19.97 23.33 26.15 25.10 23.91 22.97 22.73 21.43 29.37 46.50 37.76 28.54 21.92 16.19 19.18 18.43 14.53 21.13 15.10 9.37 9.23 10.16 20.83 9.08 5.11 5.94 9.02 21.63 23.73 28.21 28.03 29.04 26.43 27.83 21.12 19.55 18.77 16.87 17.19 18.90 17.96 17.86 19.13 20.11 21.91 20.90 19.00 17.52 19.02 20.83 20.90 21.91 22.33 24.22 26.44 27.32 27.49 25.83 26.52 27.11 29.24 30.72 30.42
14.45 20.54 14.00 14.62 24.33 24.02 23.00 22.87 24.10 21.22 17.43 19.83 21.96 17.43 14.89 17.32 19.29 21.34 24.27 26.37 26.43 23.81 20.92 21.76 27.10 51.52 43.58 30.03 23.55 22.29 22.96 20.72 16.96 20.90 22.13 10.10 10.09 17.22 18.43 8.73 5.82 21.55 19.21 22.48 26.43 26.81 26.07 28.73 28.71 28.81 21.71 21.47 20.68 19.01 18.95 22.99 23.56 24.13 23.79 19.88 19.95 20.24 20.22 22.10 23.08 23.45 23.50 25.98 26.79 27.70 28.56 27.20 26.12 26.81 28.91 28.06 28.68 30.00 26.16
14.21 20.69 21.55 21.77 20.85 21.19 22.60 23.52 24.83 23.65 19.25 18.10 21.86 22.53 17.36 16.33 19.07 21.07 22.78 26.13 27.74 26.04 22.56 22.08 30.78 52.18 50.56 29.36 24.96 31.34 29.48 19.95 17.00 18.19 21.92 9.05 10.23 23.11 14.89 7.47 6.55 21.66 23.81 27.47 27.59 29.08 28.61 31.27 29.96 29.67 22.86 22.83 21.24 19.50 19.42 25.90 25.68 25.50 19.23 19.66 19.69 20.05 21.85 24.57 26.01 24.83 26.49 29.03 30.33 27.97 27.66 26.96 27.11 28.09 27.21 30.24 27.82 28.63 28.46
11.10 13.94 14.17 22.97 20.50 19.49 23.81 24.48 26.97 25.85 22.17 21.61 21.09 23.93 20.13 16.41 18.88 21.36 22.00 24.57 27.66 25.72 22.66 24.50 32.83 54.79 55.34 30.71 26.37 38.03 29.64 18.94 16.05 18.67 19.81 13.62 23.52 22.78 15.68 16.86 20.47 23.70 25.20 26.76 27.22 29.80 30.87 31.15 30.14 23.09 24.09 23.79 21.43 19.65 19.18 17.76 17.11 18.02 19.74 20.67 21.75 21.53 22.52 24.43 25.55 26.97 27.46 27.07 25.63 24.21 24.64 24.23 25.23 25.44 28.45 24.11 23.38 22.57 26.31
13.41 19.76 19.43 20.73 22.00 22.54 22.85 24.40 25.85 26.81 25.37 23.16 18.37 21.05 22.96 22.43 22.17 22.65 21.93 23.95 26.52 24.80 20.60 23.74 32.96 54.66 62.65 42.38 33.78 40.08 29.79 19.89 16.03 17.81 20.84 25.46 23.74 20.03 17.89 18.63 20.61 22.72 24.46 26.62 28.06 29.17 28.78 31.15 32.00 23.32 24.84 24.65 21.75 19.11 18.96 18.46 18.02 18.62 20.34 21.79 22.42 24.12 24.12 24.95 25.22 23.62 24.48 23.46 22.30 21.01 21.27 22.43 23.81 26.16 24.20 24.15 23.09 25.01 22.44
15.77 15.95 15.53 17.63 21.17 22.68 21.35 21.03 23.39 25.88 23.80 22.53 16.00 20.58 21.54 23.01 23.23 23.67 22.50 24.08 25.57 23.82 19.44 20.16 25.36 42.23 65.30 60.86 49.44 42.56 28.21 21.07 18.99 19.61 22.12 24.79 20.78 19.86 20.27 20.49 21.55 23.94 24.84 26.21 28.83 31.36 31.32 32.66 29.54 23.18 25.16 24.88 21.91 19.81 19.04 18.21 17.90 18.86 20.54 21.66 21.90 22.30 26.07 22.52 21.80 20.89 20.55 20.81 22.05 21.74 21.73 21.98 22.20 22.83 23.52 23.11 22.36 23.80 23.82
14.07 15.84 14.24 16.25 18.79 20.54 23.70 22.98 20.95 23.19 24.50 21.99 18.72 12.85 18.27 21.18 22.77 23.48 23.01 23.94 25.54 23.88 20.71 16.40 18.56 28.17 49.32 64.11 62.37 46.71 30.26 24.21 23.31 21.75 21.78 21.41 19.88 21.96 20.76 21.13 23.14 25.01 26.37 28.18 29.89 30.88 31.70 32.98 22.92 24.07 25.17 25.31 23.35 21.04 18.39 16.22 17.85 19.21 20.08 20.31 20.38 20.49 21.18 21.21 20.30 19.12 19.91 20.18 20.99 21.59 21.30 20.28 19.89 20.98 21.81 21.91 22.01 22.40 22.40
8.59 11.00 13.25 13.75 15.16 18.48 20.79 25.15 24.36 23.44 23.87 23.31 22.58 17.81 14.09 20.72 22.24 21.89 21.14 22.21 24.25 21.11 19.40 15.78 16.02 23.11 35.15 55.42 64.81 52.17 35.00 29.14 24.12 21.64 20.69 18.78 19.50 22.01 20.89 22.30 23.91 26.36 28.62 30.00 29.33 30.27 31.22 20.86 23.73 24.46 24.78 26.01 24.78 20.59 17.82 18.23 19.57 20.43 20.65 24.28 24.00 23.76 20.92 22.77 21.66 20.14 19.47 19.57 19.55 19.41 19.49 21.89 23.56 23.86 24.98 25.44 25.11 24.60 24.08
11.84 7.59 12.16 13.29 13.67 15.96 18.38 20.75 22.46 23.92 25.19 24.13 24.97 23.27 15.78 18.55 23.69 26.31 26.11 27.06 26.78 21.09 17.52 15.13 16.51 23.97 31.93 46.46 60.93 55.27 41.15 32.48 21.33 18.90 15.79 16.00 20.58 22.29 19.84 22.21 24.54 26.62 28.97 31.56 32.82 31.52 31.32 22.17 24.41 24.32 23.92 25.36 24.58 19.47 17.33 19.57 21.72 22.07 21.04 24.67 24.67 24.37 20.18 21.84 20.95 21.19 22.24 22.73 22.79 22.54 22.62 24.44 26.16 26.91 27.12 28.47 29.62 29.03 27.31
13.19 8.77 5.28 12.19 15.07 15.97 16.18 17.62 21.47 19.78 22.37 23.59 22.96 19.19 15.69 17.63 22.52 28.43 32.59 35.84 35.50 29.88 23.56 18.76 20.10 24.33 23.80 39.08 55.16 56.81 49.24 35.75 16.82 14.16 13.68 15.67 19.41 20.33 20.82 23.58 23.57 25.59 29.27 31.83 33.24 32.59 32.06 22.82 23.79 24.17 23.92 24.01 24.30 21.94 20.14 21.35 21.34 20.59 25.53 23.82 23.34 22.93 22.06 21.56 21.84 19.46 19.72 19.67 19.43 19.08 19.30 19.74 20.65 23.24 23.10 24.35 27.68 27.86 24.19
12.74 13.38 14.08 7.53 7.37 9.51 12.74 16.56 18.39 21.24 21.59 18.92 16.57 16.53 17.62 17.19 19.10 23.99 29.06 34.59 40.35 39.67 35.25 31.96 28.05 23.91 27.99 34.61 49.93 55.84 52.06 36.92 11.59 9.98 13.80 15.09 18.23 18.82 20.59 22.78 24.70 26.96 29.83 31.28 33.53 30.69 32.77 23.09 23.41 24.11 25.27 25.74 25.27 24.53 23.52 21.98 18.65 16.56 17.69 18.83 18.83 23.14 22.18 21.33 20.68 19.53 17.89 16.51 15.09 15.07 13.42 15.11 17.84 21.37 24.16 26.89 27.13 26.49 24.87
13.43 14.68 18.07 15.46 10.58 10.57 11.33 12.66 14.96 16.42 19.92 21.62 23.52 20.65 16.86 17.64 17.07 18.68 19.09 19.25 26.56 35.06 39.03 40.63 37.62 34.33 30.78 36.71 49.08 56.09 51.42 35.85 8.34 5.96 12.18 14.49 15.58 16.13 19.79 23.05 25.35 26.90 29.17 30.46 34.36 33.15 33.33 24.03 24.47 24.98 26.40 27.73 27.11 25.03 22.97 21.45 19.44 16.66 16.25 16.78 17.44 16.97 21.70 20.17 18.66 17.96 16.52 12.41 10.55 11.54 14.92 18.73 21.73 25.65 26.64 25.96 24.52 23.49 23.24
