examples/cougarCreek-fire/createInputs/WindNinja/wrfout_d3.2015081112.f16/cougarCreekFire_08-12-2015_0400_217m_non_neutral_stability_vel.asc
ncols	146
nrows	140
xllcorner	610065.000000
yllcorner	5095217.000000
cellsize	216.586807
NODATA_value	-9999.000000
[rows 105 to 139 of 140, columns 0 to 78 of 146]
13.99 13.66 14.85 14.67 11.68 5.99 26.07 5.95 8.05 17.36 9.68 10.72 9.52 25.31 8.24 7.17 14.13 12.70 2.79 14.40 14.27 1.18 0.46 14.05 15.12 1.10 7.80 1.85 9.97 8.30 4.15 4.88 4.81 4.34 4.00 3.98 4.19 4.25 4.02 3.45 2.69 1.88 0.86 0.51 0.86 1.06 1.09 1.21 1.59 2.64 3.90 5.04 5.98 5.37 2.51 0.93 2.60 3.69 4.29 4.61 5.16 5.93 6.59 7.02 14.35 15.40 16.93 7.97 8.12 7.99 7.72 19.32 19.31 19.10 18.53 18.67 19.03 18.59 17.41
13.74 14.70 16.11 16.00 14.62 11.76 8.01 5.47 23.83 6.98 20.05 8.54 21.96 17.95 7.42 7.39 16.00 13.52 3.78 13.71 14.13 11.65 10.50 0.34 0.87 10.42 1.75 1.40 11.96 3.05 3.53 4.14 4.27 4.21 4.12 3.91 3.73 3.63 3.52 3.15 2.36 1.46 0.68 0.17 0.44 0.87 1.18 1.55 2.04 2.92 4.08 5.34 7.02 7.97 5.76 2.68 3.59 4.54 5.10 5.40 5.86 6.42 6.78 6.88 7.02 7.32 7.66 7.97 8.13 7.99 7.79 7.75 7.86 19.02 18.72 18.56 17.40 17.83 15.93
14.21 13.86 15.70 17.19 16.58 15.32 13.23 9.49 5.71 6.59 19.21 23.15 24.63 5.78 23.65 19.88 6.09 5.41 4.89 3.54 12.95 11.73 0.71 14.58 1.55 1.45 14.45 15.51 2.45 2.95 3.08 3.53 3.81 4.03 4.10 3.83 9.72 9.86 6.92 2.67 2.17 1.47 0.98 0.60 0.11 0.46 0.86 1.17 1.49 2.14 3.32 4.94 7.10 9.43 9.53 6.89 5.26 5.43 5.92 6.18 6.40 6.66 6.77 7.01 7.55 7.99 17.66 18.24 19.35 19.57 20.23 20.17 19.96 19.54 19.06 18.02 17.83 18.70 18.36
13.55 10.96 12.37 15.63 16.54 15.19 13.80 12.01 8.78 25.74 7.11 24.44 6.00 21.94 21.32 18.70 15.36 13.99 12.94 13.44 14.26 2.70 10.42 13.88 13.10 15.31 12.32 11.82 2.86 10.49 2.59 3.38 12.38 4.17 3.99 8.61 3.76 2.85 2.20 2.01 1.95 1.68 1.28 0.97 0.64 9.19 0.37 0.55 0.72 0.94 1.85 3.43 5.36 7.83 9.47 8.60 6.60 6.38 6.66 6.70 6.78 6.99 7.23 7.82 8.45 16.28 18.23 19.15 19.77 19.92 20.38 8.27 19.97 19.95 19.94 19.75 19.47 19.35 19.40
15.46 11.53 11.70 13.12 15.60 15.41 13.89 12.42 10.58 8.84 8.79 7.93 23.64 23.42 23.32 21.34 5.03 15.96 14.90 13.68 13.12 12.56 9.87 17.97 10.64 16.03 16.44 2.23 2.22 14.52 3.38 13.75 3.92 4.05 7.27 4.36 8.12 3.57 2.90 2.40 2.16 1.99 1.63 1.42 9.36 0.92 0.75 0.81 1.01 1.29 1.86 2.51 2.58 4.57 6.31 6.97 6.98 7.28 7.51 7.43 7.50 7.87 8.47 9.21 9.60 9.39 17.51 18.77 20.17 8.63 19.92 7.82 19.91 7.85 7.88 19.60 19.39 19.40 19.67
16.35 14.90 11.15 12.27 13.61 15.76 15.69 14.25 12.56 10.92 11.04 9.03 26.13 8.91 8.33 21.74 18.56 17.71 2.81 18.93 12.34 14.88 19.37 18.05 14.40 12.86 17.37 11.81 15.50 16.17 13.20 2.37 8.91 8.92 8.08 8.86 7.97 3.90 8.10 3.26 2.78 2.38 2.07 8.84 9.10 8.74 1.16 1.45 1.75 2.18 2.51 2.54 1.93 3.40 4.93 6.00 7.32 8.25 8.57 8.59 8.83 9.36 10.05 10.72 10.85 10.32 16.84 17.46 19.32 19.90 20.24 19.60 19.24 20.37 19.34 17.83 18.42 18.40 17.95
14.69 15.06 13.03 9.61 9.61 12.70 15.41 15.96 14.05 11.09 11.26 11.26 11.42 9.95 23.84 25.04 8.24 7.39 6.04 5.58 6.21 4.59 3.41 19.89 15.87 16.39 14.24 17.37 17.89 2.07 9.29 2.77 8.66 8.29 9.06 8.34 3.30 3.19 3.30 8.61 8.76 9.00 8.93 8.57 8.36 8.61 1.09 1.59 2.27 2.85 3.34 3.80 4.16 5.30 6.75 7.78 8.53 8.89 8.91 8.99 9.45 10.04 10.54 10.94 10.59 19.41 19.16 19.14 19.25 19.13 19.57 17.99 16.58 17.16 18.21 18.92 19.09 18.44 18.66
13.41 14.06 13.62 10.30 8.51 8.15 9.05 12.60 14.68 14.03 25.80 12.62 23.22 25.16 22.22 26.02 9.67 10.52 10.25 9.39 7.69 5.52 4.89 18.60 14.04 14.69 15.51 5.43 5.49 14.22 12.31 11.43 11.51 2.85 10.18 7.76 2.74 2.96 8.83 8.34 8.85 8.36 8.58 8.53 8.09 2.65 2.27 2.27 2.79 3.59 4.42 5.25 6.11 7.19 8.39 9.04 9.07 8.85 8.68 8.86 9.40 9.93 10.30 10.31 9.59 8.98 9.06 9.13 20.17 20.40 21.08 20.74 19.93 21.01 20.39 20.47 19.61 20.20 19.79
13.74 13.85 13.94 12.78 9.36 5.86 5.75 7.35 10.46 12.67 11.24 22.93 20.14 20.02 23.53 25.04 9.20 10.95 11.68 10.74 8.77 7.93 6.35 18.16 14.07 14.46 16.34 17.25 15.87 15.84 14.56 13.51 12.26 3.23 2.82 2.53 2.62 8.47 9.06 8.53 8.37 8.29 8.94 8.39 7.73 3.53 3.78 3.75 3.65 4.30 5.19 5.97 6.55 7.13 8.06 8.88 9.24 9.32 9.29 9.45 9.83 10.01 9.88 9.35 8.64 8.15 7.97 7.90 7.85 19.72 19.61 8.52 20.60 20.51 20.68 20.77 20.85 20.69 19.20
14.15 14.06 13.73 13.58 12.69 10.72 8.32 6.58 7.63 8.07 23.53 9.69 10.43 26.83 27.60 22.97 8.36 8.36 8.38 8.17 7.44 7.86 7.36 17.30 14.28 15.05 17.64 17.70 18.31 19.28 18.72 17.82 5.61 4.33 13.94 2.87 11.26 10.08 9.41 9.44 8.85 9.21 8.13 3.76 4.17 4.42 4.79 4.89 4.68 5.02 5.77 6.39 6.56 6.54 6.96 7.89 8.91 9.56 9.85 9.91 9.88 9.57 8.94 18.47 18.43 18.64 18.77 19.36 19.47 20.32 20.72 20.80 20.84 20.23 19.62 20.63 19.78 21.92 21.35
13.91 14.52 14.78 14.50 14.79 15.22 14.61 12.45 9.80 6.76 5.64 8.34 25.45 27.95 13.06 10.61 10.21 8.90 7.80 7.31 19.66 22.53 18.78 15.84 13.26 15.53 23.83 19.37 19.77 19.46 27.22 17.59 16.13 15.52 4.76 4.04 11.82 11.20 3.86 10.85 9.43 8.42 7.32 6.38 6.03 5.31 5.30 5.44 5.52 5.84 6.50 6.89 6.84 6.51 6.15 6.34 7.13 8.24 8.96 8.90 8.45 8.16 7.84 7.34 17.07 18.39 18.84 19.39 19.90 19.06 19.69 19.48 19.20 21.01 19.09 19.55 19.56 19.10 18.76
12.85 14.08 15.44 15.35 14.78 14.18 14.09 14.50 14.28 12.64 9.43 8.49 27.73 25.32 12.56 13.65 12.56 10.48 10.15 9.32 8.82 20.43 15.61 13.52 15.66 26.23 21.44 20.16 19.35 25.55 26.04 17.18 16.58 17.19 6.97 15.66 13.77 13.74 4.50 11.96 10.08 8.94 8.25 7.77 8.30 8.90 5.86 5.97 6.30 6.80 7.27 7.43 7.28 6.80 6.15 5.91 6.12 6.53 6.85 6.80 6.74 6.97 6.99 17.86 17.20 17.75 18.12 18.25 18.85 18.85 20.58 19.64 20.73 20.54 19.51 19.66 18.95 18.29 17.75
11.57 12.45 13.97 14.52 14.01 12.85 12.70 14.22 15.88 16.40 14.53 9.08 7.77 12.10 13.47 14.22 13.77 13.26 12.34 11.60 11.38 22.04 17.79 13.57 19.25 12.75 20.41 20.59 19.34 22.15 25.17 16.36 15.91 17.22 17.58 16.84 8.06 6.62 15.04 13.13 11.70 10.09 8.87 8.35 8.58 10.26 10.36 6.86 7.21 7.58 7.78 7.68 7.34 6.88 6.35 6.00 6.03 5.82 5.44 5.38 5.70 6.23 17.41 6.64 16.63 17.77 18.29 18.04 18.55 20.64 20.89 20.52 20.82 20.35 19.94 18.12 19.51 19.16 18.77
12.38 11.37 12.56 13.88 14.71 15.11 15.26 15.29 16.10 17.79 19.02 18.86 17.78 15.37 24.32 12.66 13.42 12.91 12.42 12.40 11.97 19.30 11.53 13.41 13.31 13.82 17.58 18.69 23.43 21.10 18.20 16.50 15.58 16.73 18.24 19.38 19.79 18.40 16.17 13.94 13.11 11.55 10.48 10.41 11.81 6.90 11.63 9.58 7.94 7.95 7.96 7.60 7.19 6.97 6.73 6.39 6.15 5.91 5.51 5.21 15.14 16.23 6.10 6.10 16.98 18.36 17.96 17.87 19.33 20.61 19.72 18.86 20.02 19.78 19.87 18.85 19.12 19.13 19.00
12.15 11.43 12.45 13.94 15.11 16.02 16.78 16.76 16.45 16.17 17.21 18.54 18.27 15.74 13.25 22.10 11.88 12.30 24.99 11.78 26.40 19.75 19.41 13.66 12.62 20.73 19.01 21.04 20.88 24.22 16.25 17.90 16.68 16.48 17.61 18.30 18.77 18.26 15.88 14.36 14.30 14.10 13.15 13.57 12.91 12.39 10.80 10.63 11.80 8.02 7.94 7.57 7.27 7.22 7.12 6.74 6.16 5.83 14.28 14.89 15.42 16.00 17.25 16.60 17.16 17.76 18.09 17.61 18.38 19.79 19.85 19.93 20.34 19.26 18.99 18.29 19.71 20.03 22.18
11.23 11.87 13.33 14.79 16.05 16.97 17.35 17.06 16.05 15.98 13.89 13.79 13.79 13.48 12.49 12.90 23.91 23.64 22.37 24.44 24.61 11.42 19.55 19.68 17.47 16.40 22.46 22.12 15.46 16.00 18.40 10.81 17.51 15.92 17.28 17.57 17.95 16.62 14.87 14.88 16.10 17.91 16.69 15.34 14.06 12.17 11.59 12.66 11.94 11.04 11.53 7.70 7.40 7.25 7.01 6.50 14.09 14.42 14.76 14.79 15.04 16.33 16.15 16.75 17.04 17.06 17.60 19.93 18.60 18.87 20.69 19.56 19.01 19.10 19.27 20.11 20.29 19.21 17.82
11.86 11.77 13.19 14.23 15.77 17.03 17.05 16.17 15.32 14.83 14.44 14.12 14.10 14.21 13.84 11.76 24.20 23.29 20.12 24.85 23.35 20.65 16.62 18.04 19.73 22.56 22.83 19.35 18.08 12.16 26.84 17.69 17.30 16.23 17.66 17.34 15.94 15.15 15.21 14.25 17.90 18.46 17.70 15.98 14.57 13.32 13.56 14.29 12.84 11.43 11.65 12.01 12.54 13.27 13.65 13.87 14.08 14.45 15.24 15.25 14.50 15.20 16.49 16.57 6.21 6.55 17.36 19.25 17.32 18.48 19.06 20.10 20.13 20.15 18.30 19.58 17.76 18.97 16.93
12.00 11.72 12.32 13.76 12.37 12.70 15.04 14.37 14.66 15.39 17.27 16.01 15.94 16.02 16.27 16.20 14.34 23.76 14.27 31.13 24.62 23.98 22.42 22.52 12.91 11.35 25.47 16.45 15.05 11.99 23.52 17.15 17.94 17.81 18.71 17.53 15.52 14.99 15.46 16.19 19.13 18.19 15.90 16.26 16.27 16.23 17.38 16.71 14.65 12.45 11.89 12.21 13.04 13.93 14.09 14.33 14.65 15.06 15.39 15.87 14.17 15.01 16.52 17.22 6.36 6.46 17.85 18.65 18.51 18.25 18.42 18.44 18.77 18.18 17.83 18.84 18.46 18.68 18.13
12.81 11.85 11.62 11.17 11.74 11.37 13.02 12.89 14.17 15.56 17.26 16.55 16.29 16.44 17.07 17.89 17.63 24.16 19.44 31.32 26.41 25.89 25.63 25.50 14.62 13.75 22.16 15.32 15.79 14.88 16.19 22.03 21.16 18.99 18.46 17.16 16.22 16.53 16.65 17.29 18.01 16.45 16.05 16.41 16.96 17.99 19.64 18.34 15.98 13.37 12.29 13.07 14.69 14.70 14.62 14.29 14.46 14.99 15.31 15.80 14.11 14.06 15.04 16.59 15.65 6.47 6.31 17.84 18.08 19.87 20.22 19.28 18.79 18.02 19.07 19.65 18.73 17.93 18.89
12.44 11.07 10.44 11.16 10.44 12.35 13.37 13.29 14.92 15.97 16.36 18.58 16.89 17.25 17.09 16.95 18.01 18.47 22.63 19.09 27.42 26.24 26.92 26.79 16.34 16.54 15.96 17.41 17.40 15.67 14.02 23.82 21.22 17.77 17.63 16.44 15.54 15.74 15.91 16.06 16.33 15.77 15.82 16.04 17.21 18.79 18.97 18.65 16.91 15.57 14.52 15.43 15.14 15.02 14.97 14.74 14.64 14.52 14.79 15.39 14.08 13.91 16.08 16.14 15.73 6.90 6.55 17.05 19.41 20.00 20.49 20.59 20.17 19.90 19.70 18.39 18.13 17.45 17.75
11.88 11.00 9.97 9.75 12.51 12.95 13.77 14.09 16.05 17.12 17.52 17.80 18.06 18.27 18.25 17.83 18.17 19.24 19.58 21.83 19.00 28.72 28.05 26.84 26.74 25.22 17.91 18.28 28.18 16.29 14.16 23.04 19.48 18.57 15.15 13.98 14.80 14.49 14.44 14.24 15.25 14.36 14.25 15.67 16.73 16.50 16.47 17.37 16.76 17.16 16.34 16.46 15.90 14.32 14.32 13.64 13.80 14.27 14.65 15.38 15.48 15.68 17.38 17.51 18.28 16.53 15.70 15.04 18.11 8.43 20.72 20.76 19.57 17.86 17.65 18.07 17.30 16.78 17.42
12.08 11.54 10.78 11.56 12.58 14.30 15.38 16.46 17.30 17.79 18.41 18.78 18.28 18.06 18.81 19.65 19.98 39.00 18.78 32.37 25.29 33.20 29.29 25.59 19.52 25.48 27.17 27.09 26.17 25.06 13.70 12.06 20.63 16.86 14.81 14.47 15.98 15.41 15.49 17.28 16.11 14.85 15.04 15.67 14.94 14.57 15.58 17.00 16.15 16.08 15.71 15.49 14.70 13.70 12.95 12.66 12.58 4.76 5.24 5.64 6.26 6.52 6.61 6.80 7.66 7.91 16.87 7.64 8.15 8.55 20.68 20.07 18.95 17.01 5.40 15.69 16.82 15.36 16.30
10.91 11.21 13.11 13.07 14.80 16.73 17.14 18.07 19.93 16.98 16.60 17.28 20.05 18.18 19.11 20.28 20.63 20.95 29.70 30.67 31.07 34.72 29.11 28.57 23.39 29.82 34.03 34.36 18.59 16.56 22.78 25.49 20.07 17.21 15.23 13.87 15.20 16.25 16.77 16.76 16.07 14.58 15.59 14.99 12.91 14.71 16.44 15.87 14.77 13.60 14.10 14.17 13.58 4.16 4.01 4.18 4.43 4.79 5.32 5.92 6.41 6.74 7.24 7.58 7.99 8.32 8.72 8.78 8.07 6.29 18.29 17.12 17.69 17.25 13.58 16.78 15.18 14.48 15.17
12.02 12.33 13.02 14.71 15.52 13.22 13.25 15.95 16.45 16.04 14.16 15.77 17.55 18.62 19.05 18.94 18.76 20.00 19.40 30.08 35.80 31.03 31.72 33.53 34.09 33.21 33.37 21.65 19.30 15.47 24.56 22.58 20.72 16.49 14.72 15.71 17.79 19.69 17.89 16.50 14.77 11.99 11.59 11.44 11.74 15.49 16.47 15.47 8.15 7.48 6.96 6.47 6.20 6.00 5.63 5.29 5.25 5.48 5.94 6.47 7.07 7.54 7.76 7.95 8.19 8.29 8.65 19.02 19.98 6.61 5.98 17.82 17.49 17.78 14.52 16.38 14.08 14.16 13.88
13.64 13.50 13.72 15.05 14.86 13.54 13.44 13.25 13.80 13.97 13.79 15.99 17.32 20.56 17.28 16.60 16.78 18.05 19.70 20.12 37.23 31.38 33.02 39.30 39.85 38.85 35.18 23.97 19.57 16.39 27.99 21.57 19.24 15.55 14.01 16.48 19.43 18.35 17.17 16.55 14.61 14.52 14.49 14.61 14.52 13.79 12.63 11.21 9.99 9.27 9.16 9.27 9.11 8.69 8.09 7.33 6.72 6.41 6.60 7.33 8.30 8.86 8.90 8.73 8.58 8.35 8.02 7.50 7.06 6.80 6.62 6.50 5.09 16.33 15.44 14.79 14.23 13.13 14.23
16.11 15.42 14.44 14.27 15.46 14.76 14.54 14.32 14.28 13.47 15.02 17.45 18.54 18.37 18.23 16.12 18.98 18.19 19.90 22.06 23.13 35.03 32.99 39.66 40.00 33.86 41.07 32.85 20.69 30.47 27.18 24.17 22.34 18.42 16.34 17.19 18.73 19.02 17.95 17.89 17.96 18.22 18.41 18.24 17.65 16.81 15.62 13.94 12.65 11.91 11.53 11.23 10.92 10.67 10.53 10.28 9.46 8.60 8.37 9.17 10.43 10.78 10.38 9.84 9.33 8.75 8.17 7.62 7.09 6.53 6.26 6.07 17.30 4.05 14.82 14.78 14.09 14.22 14.24
18.99 17.23 15.28 14.90 14.72 14.61 15.32 15.40 15.52 16.47 16.99 16.46 18.86 18.55 19.35 17.75 18.51 20.95 22.23 24.28 24.93 24.38 35.96 40.22 37.80 40.48 33.85 31.76 19.30 31.48 27.04 24.29 23.94 20.18 20.11 22.18 22.06 19.98 21.17 21.89 22.32 22.49 22.01 21.02 19.88 23.38 22.25 15.75 15.33 14.93 14.13 13.30 12.84 12.95 13.37 13.59 13.56 13.37 13.33 13.84 13.99 12.89 11.43 10.59 10.13 9.41 8.62 7.82 7.11 6.38 6.04 5.66 5.24 15.66 15.19 16.30 13.31 13.11 13.45
22.09 19.29 16.03 15.04 14.04 14.71 14.85 15.18 16.70 17.35 18.27 17.03 19.07 19.68 19.60 23.99 20.46 22.02 23.81 24.95 25.33 25.43 24.92 43.24 35.23 39.12 37.45 40.29 36.33 28.96 26.00 25.10 23.46 19.54 16.63 14.78 20.14 23.61 25.71 26.46 26.12 28.85 27.78 25.84 25.62 25.18 18.25 17.31 16.86 15.89 14.83 14.22 14.22 14.94 15.93 16.76 17.69 18.56 18.97 18.51 16.62 13.82 11.88 10.59 9.88 8.99 8.50 7.67 7.11 6.41 5.91 5.56 5.05 4.45 3.74 3.59 14.74 2.35 13.65
25.03 20.90 16.42 15.09 13.87 13.92 14.35 15.91 16.26 17.27 17.98 18.44 18.76 20.08 20.31 21.12 21.80 33.94 23.66 24.44 25.10 25.66 25.75 42.66 37.32 28.30 39.07 36.92 33.61 29.74 29.27 27.08 18.14 17.60 22.04 26.52 30.26 31.97 30.57 33.49 32.47 31.79 27.87 21.61 26.36 26.56 19.28 18.37 17.24 15.74 14.62 14.42 15.10 16.40 17.90 19.45 20.76 21.35 20.93 19.06 16.17 13.67 12.02 10.61 9.25 8.39 7.82 7.08 6.48 6.03 5.64 5.42 16.45 15.42 14.90 13.67 3.44 13.46 11.14
25.64 20.78 15.75 14.29 12.43 12.52 12.27 14.43 16.94 18.24 18.96 19.38 19.85 21.22 21.32 22.81 22.76 25.09 24.04 24.84 25.89 26.54 26.76 27.16 39.39 28.43 27.38 40.62 36.24 34.74 32.64 21.38 20.98 27.03 33.63 36.98 37.90 36.66 33.41 40.23 33.52 30.24 23.02 22.98 22.79 21.69 20.40 19.28 18.04 16.91 15.96 15.24 15.64 17.53 19.47 20.66 20.85 19.76 18.15 16.71 15.16 13.58 12.21 10.66 9.04 8.06 7.48 18.11 6.33 5.94 5.29 4.40 14.41 15.80 15.51 15.06 14.56 2.54 12.18
26.06 20.22 14.97 13.42 10.63 10.64 11.64 16.55 20.31 20.15 19.61 19.89 21.13 22.07 22.80 23.66 23.35 24.29 25.18 26.28 27.47 27.74 27.29 26.66 39.97 39.62 27.47 41.53 36.78 33.86 24.86 25.08 30.40 38.05 41.36 40.16 38.08 34.29 29.76 39.19 32.44 24.37 24.04 24.15 29.14 22.53 21.14 19.97 19.07 18.29 17.22 15.93 16.37 18.61 19.78 19.21 17.55 15.04 13.52 13.71 13.81 12.98 11.67 10.44 9.19 8.07 7.39 7.00 6.54 5.78 4.74 13.44 13.10 12.53 3.39 14.20 14.46 2.68 10.92
25.67 21.06 14.15 12.55 10.47 13.35 19.74 23.66 23.16 21.10 20.26 20.60 21.04 21.74 23.81 24.53 25.30 24.82 25.71 26.64 27.14 38.06 26.26 25.89 25.76 29.18 38.51 39.24 38.11 29.38 29.88 34.00 39.49 42.45 40.02 37.14 34.55 29.66 25.15 35.54 24.69 24.82 25.10 25.01 29.65 22.61 21.46 20.34 19.39 18.30 17.50 17.92 19.17 20.13 19.05 16.64 13.85 11.23 10.13 10.77 11.40 11.35 10.67 9.82 9.04 8.28 7.57 6.81 6.21 5.38 12.65 13.10 11.53 11.53 11.40 12.33 13.18 12.40 11.03
21.98 20.35 15.64 10.83 12.18 15.66 22.38 22.99 20.15 19.25 19.81 20.67 22.32 22.19 24.27 24.87 26.02 25.11 25.65 28.03 25.71 25.36 25.09 25.40 26.48 27.17 29.51 42.95 38.56 32.46 35.82 40.00 41.51 39.05 34.89 32.87 30.33 25.46 22.33 31.15 27.93 25.17 25.67 25.41 24.42 23.15 22.17 21.38 20.44 19.37 19.90 21.99 22.69 21.21 18.09 14.61 11.50 9.10 7.88 8.08 8.77 9.17 9.10 8.75 8.16 7.44 6.65 5.81 5.04 4.37 3.21 2.47 13.59 13.10 9.44 11.06 11.37 10.86 12.42
18.03 17.93 15.79 9.43 11.84 16.45 20.57 18.75 15.87 16.56 18.63 20.40 21.69 22.68 23.45 25.34 24.54 26.87 25.21 26.59 25.28 25.16 24.88 25.46 26.85 28.12 30.18 31.16 40.66 34.54 36.35 37.07 35.21 31.43 28.39 26.40 25.71 23.39 34.32 28.39 26.05 27.01 28.88 28.29 25.13 24.35 24.07 24.36 24.43 24.36 24.66 24.18 22.06 19.05 15.50 12.43 9.69 7.59 6.48 6.23 6.61 7.14 7.47 7.44 6.96 6.26 5.46 4.57 12.48 2.77 13.64 12.42 12.87 11.42 11.67 10.70 11.08 9.71 11.20
17.40 16.44 14.97 10.45 12.86 17.02 19.32 17.00 14.69 15.89 18.41 20.47 21.99 23.08 23.85 24.35 24.62 24.80 24.94 25.08 25.38 25.31 25.08 25.78 27.09 28.50 30.62 33.02 43.94 34.75 34.26 31.89 35.81 27.13 24.68 24.39 22.62 22.03 29.94 27.91 27.85 28.47 27.81 26.23 25.08 25.12 25.50 26.58 27.76 28.29 27.09 23.94 20.01 16.47 13.25 10.78 8.84 6.67 5.70 5.54 5.65 6.21 6.65 6.74 6.26 5.67 5.06 3.87 2.63 11.48 10.60 9.69 1.53 12.01 9.58 11.01 10.55 10.27 11.68
