examples/cougarCreek/createInputs/WindNinja/wrfout_d3.2015081000.f13/cougarCreek_08-10-2015_1300_217m_non_neutral_stability_ang.asc
ncols	146
nrows	140
xllcorner	610065.000000
yllcorner	5095217.000000
cellsize	216.586807
NODATA_value	-9999.000000
[rows 43 to 85 of 140, columns 0 to 95 of 146]
155 144 106 194 166 172 112 117 113 116 119 113 123 107 69 51 63 70 82 93 94 81 59 46 56 73 73 66 65 73 59 29 3 325 312 297 298 298 300 300 300 303 304 300 293 296 302 308 311 317 318 318 323 324 323 322 317 313 290 279 278 285 288 295 298 304 308 313 336 320 344 349 357 5 11 346 322 306 358 36 39 35 40 51 58 62 61 62 65 73 78 82 92 107 125 131
185 184 188 118 110 98 118 109 110 114 95 83 31 42 39 46 48 45 64 79 76 61 49 47 57 71 61 52 56 63 42 15 353 331 323 326 307 302 301 303 301 295 289 292 295 300 307 317 321 319 315 313 312 310 303 292 287 298 299 299 301 300 305 320 324 330 337 343 347 352 356 360 7 15 20 21 23 27 312 21 38 39 35 47 57 63 64 64 65 68 79 86 25 89 11 342
115 123 118 100 95 90 105 103 98 70 182 5 29 47 46 41 24 44 66 74 72 62 54 43 50 56 44 43 55 59 38 19 5 349 334 318 313 325 318 303 293 312 305 303 308 304 311 321 323 322 312 297 292 289 290 290 306 301 300 301 308 324 327 329 332 338 321 327 356 337 301 330 333 333 334 335 32 355 340 311 38 41 41 47 57 62 66 67 67 68 82 94 83 73 8 85
171 165 169 79 71 66 38 51 21 217 360 19 40 39 34 29 34 65 74 79 76 58 42 26 27 31 31 39 52 50 33 20 9 359 342 324 316 312 307 314 317 310 307 312 320 311 319 320 308 296 308 300 296 298 299 300 307 315 317 322 329 334 337 338 338 323 350 358 335 8 15 20 23 339 344 355 36 349 350 339 323 43 52 54 59 63 66 67 67 71 6 104 88 74 77 85
152 154 167 75 67 48 234 356 359 350 17 32 43 41 46 63 7 18 79 75 66 42 23 13 17 20 28 37 46 43 33 24 15 1 347 331 321 319 314 307 320 312 317 322 318 330 325 313 320 313 307 300 299 298 298 304 320 326 328 333 328 330 331 332 343 346 338 344 9 13 18 351 345 346 352 355 39 40 41 353 320 47 60 64 65 68 70 70 69 72 86 102 97 38 84 88
136 144 140 43 227 252 243 358 18 14 33 39 46 60 80 335 27 77 78 67 52 24 11 16 20 24 34 37 40 44 37 27 22 4 347 349 324 326 321 327 326 323 323 323 313 310 302 320 313 308 306 307 308 310 310 317 328 334 336 340 344 346 346 346 347 352 1 9 352 350 342 318 345 344 326 346 356 44 341 355 348 325 65 75 75 76 77 77 76 77 82 93 39 95 31 25
131 139 163 201 279 339 359 29 32 31 35 47 59 77 222 76 63 56 41 43 42 16 12 21 15 21 27 30 38 40 36 27 20 10 349 350 339 326 323 329 326 323 325 320 322 306 318 309 308 310 313 312 311 311 314 323 331 335 341 343 347 351 349 345 333 335 338 337 318 318 322 351 347 350 354 347 343 342 46 34 8 351 66 78 82 83 85 86 86 85 85 85 93 27 29 26
128 138 175 292 358 34 47 40 36 37 62 81 85 82 61 37 37 25 21 32 32 18 12 6 3 7 13 23 25 36 29 22 17 8 353 354 342 329 325 326 327 322 321 325 319 320 315 310 312 313 314 316 315 310 309 316 328 338 340 341 351 356 354 344 342 349 357 6 17 24 27 28 31 354 349 355 46 47 50 357 54 61 71 81 85 88 89 90 92 92 91 90 89 93 91 87
124 136 303 15 55 44 30 37 42 61 85 237 89 69 192 13 16 13 19 27 22 18 12 353 360 8 22 35 34 34 25 18 14 6 352 356 336 333 329 327 323 320 319 320 328 324 308 309 312 314 315 315 312 313 308 308 326 346 341 339 342 345 357 347 344 353 334 3 316 355 17 355 359 13 9 58 60 62 61 7 60 66 75 87 290 87 87 89 93 96 97 98 98 95 92 92
127 139 354 42 39 32 44 48 41 72 88 65 16 6 357 359 4 9 16 19 15 20 18 356 5 25 29 32 36 28 16 11 11 5 350 352 338 334 328 325 321 319 319 320 321 321 319 312 306 307 315 316 312 318 313 308 321 338 338 336 338 318 340 345 3 23 16 16 6 20 64 65 65 65 62 61 65 68 67 64 351 71 78 85 92 154 29 86 94 96 93 94 98 96 93 95
133 71 36 43 44 21 8 10 36 68 45 220 339 344 357 1 2 14 15 16 11 13 9 353 20 24 24 27 24 15 3 8 7 4 358 346 339 330 324 323 321 319 318 323 326 322 319 320 320 323 312 312 315 318 315 301 302 332 335 336 343 351 357 358 6 12 61 11 12 12 24 29 22 15 9 7 338 11 357 70 74 79 30 45 141 86 84 88 93 93 90 91 94 94 94 97
130 68 42 20 358 339 5 24 44 52 238 259 341 357 11 9 10 23 23 21 12 6 4 359 8 14 11 7 14 11 357 7 4 4 355 342 339 333 329 328 326 325 324 325 324 318 316 312 308 308 319 331 318 319 312 297 278 280 325 333 346 359 5 357 349 353 4 360 350 342 323 330 358 46 10 10 24 64 27 13 355 352 250 80 82 166 83 150 91 92 95 67 96 98 99 100
113 26 4 347 306 342 14 26 355 342 263 286 351 359 6 4 8 17 14 8 2 357 354 356 1 359 0 8 15 9 357 359 360 2 348 341 343 342 337 332 335 337 330 344 335 327 306 303 309 314 313 316 334 314 309 298 277 268 296 310 317 321 303 275 340 338 304 326 278 2 7 15 294 350 48 52 21 356 140 64 129 170 85 88 90 90 91 93 93 91 94 99 99 96 97 99
101 8 352 344 340 19 39 1 293 315 294 345 325 353 3 5 2 13 3 352 351 347 348 353 357 358 8 17 16 2 355 360 358 0 345 337 343 341 332 337 336 339 331 343 334 326 315 312 319 305 316 321 316 317 301 293 290 298 298 301 288 264 307 319 320 327 260 351 358 6 14 335 318 267 48 57 66 70 69 74 176 80 87 94 96 59 99 99 96 96 96 155 94 141 139 91
113 332 357 8 26 49 344 325 310 321 343 3 343 349 2 4 16 32 345 338 345 342 346 355 356 357 9 13 8 356 358 359 350 355 352 344 346 339 320 334 332 330 330 320 308 324 305 304 312 325 323 301 321 310 293 283 272 247 256 251 255 261 297 298 302 319 348 12 17 24 31 43 247 53 61 72 79 81 84 155 169 157 159 152 95 94 95 95 93 97 100 99 120 149 93 125
126 211 13 19 337 313 344 296 301 343 5 2 340 11 23 346 339 340 327 321 345 343 358 360 356 0 9 10 359 355 359 341 342 350 356 352 341 335 334 338 328 321 324 323 310 306 292 280 285 309 325 323 306 300 278 257 246 251 267 263 247 243 237 249 253 259 327 28 36 37 43 120 67 76 84 95 99 100 152 161 104 100 146 150 150 142 107 92 21 94 98 97 96 97 96 95
141 264 358 306 304 17 254 299 334 358 5 359 21 324 317 317 342 339 320 312 342 342 347 351 351 3 6 4 356 360 338 334 346 350 349 3 334 333 331 341 335 325 323 321 316 306 292 274 247 234 208 192 288 273 271 272 274 275 271 262 251 242 242 242 238 237 246 257 241 169 59 81 98 106 110 111 111 111 164 153 157 109 149 146 139 95 138 146 141 99 97 99 65 89 99 103
164 271 35 32 12 260 251 333 8 330 319 300 283 277 291 283 290 303 306 307 337 337 340 342 356 359 359 358 1 1 332 344 344 346 351 345 359 334 336 334 332 327 322 315 311 299 292 243 236 225 245 210 195 206 220 230 239 239 234 231 232 235 231 220 216 231 226 233 96 104 114 126 129 127 125 121 162 160 115 115 114 148 145 147 154 145 165 148 142 112 85 47 101 90 77 102
183 349 32 352 333 260 256 13 341 332 299 267 278 262 254 246 260 281 293 299 332 330 338 341 353 355 358 359 359 355 347 343 346 346 344 340 356 334 339 331 329 323 318 307 298 294 291 287 229 266 253 243 232 222 205 208 211 210 206 204 205 208 206 196 198 204 204 189 163 148 143 146 146 141 165 163 127 121 116 114 112 111 109 107 105 104 87 93 98 115 128 102 100 69 102 104
359 31 43 345 334 336 339 43 19 192 203 262 254 248 242 241 259 275 285 316 330 324 326 335 347 352 355 358 357 353 346 347 319 352 334 338 335 332 339 336 334 324 322 316 297 293 280 270 266 256 245 239 236 198 201 203 206 208 205 202 201 201 197 186 178 177 178 179 175 167 160 158 157 150 169 138 135 127 117 111 108 107 104 103 79 80 78 77 93 106 114 133 134 116 100 77
67 75 50 8 20 359 186 205 205 236 232 240 247 245 240 245 259 274 286 320 322 321 321 332 344 351 357 359 356 354 352 324 323 348 332 338 341 333 338 338 336 317 310 317 300 294 288 278 269 254 248 244 254 194 200 205 208 209 206 203 201 200 198 191 185 179 175 176 179 178 171 166 164 160 176 148 141 131 118 110 107 105 104 77 86 112 113 92 99 115 123 143 143 129 139 130
166 136 179 232 238 229 221 215 228 223 225 234 241 237 237 246 254 280 301 322 315 326 324 332 339 347 357 0 354 354 346 352 342 346 338 341 347 341 341 343 339 317 290 310 309 292 296 284 237 266 246 240 239 252 197 206 209 209 207 203 200 199 199 196 192 186 181 180 182 183 179 172 168 167 163 156 145 131 173 162 117 79 78 73 70 70 71 70 83 111 116 114 120 114 127 118
256 119 188 225 257 250 237 229 226 225 230 235 236 234 240 248 250 280 329 316 301 337 328 330 338 347 0 336 2 359 355 346 345 343 337 343 351 346 350 358 346 328 294 301 308 300 299 286 242 232 259 236 233 247 197 204 208 210 209 204 200 199 200 199 195 190 186 184 183 185 182 175 170 169 167 161 149 135 130 125 118 113 158 156 156 172 166 165 150 126 149 146 126 138 133 105
99 131 179 239 245 244 236 233 234 237 239 242 246 247 248 246 266 292 327 317 318 334 316 323 339 351 336 338 332 331 354 338 339 340 336 342 360 348 355 8 357 334 284 285 301 301 305 295 297 225 232 249 253 212 198 200 205 210 210 206 199 197 198 197 195 191 188 186 185 184 179 194 190 166 166 188 156 145 141 140 137 130 119 152 144 110 106 105 148 157 129 102 125 129 124 109
163 167 199 237 245 245 243 242 244 246 266 252 257 256 254 244 265 297 330 319 325 292 302 322 340 355 341 336 14 2 349 339 336 342 344 344 5 355 4 58 5 352 217 181 253 286 294 294 275 254 239 264 272 264 195 192 197 205 208 205 198 196 196 195 194 191 187 185 186 183 197 194 188 164 162 160 159 153 145 143 141 156 153 164 119 117 136 132 152 132 105 143 109 109 109 108
168 149 242 250 252 250 256 250 253 254 255 259 262 260 257 244 263 325 323 319 326 316 312 322 334 335 334 333 6 352 350 335 337 347 349 349 7 5 17 87 28 96 159 171 184 193 252 277 266 290 272 260 263 250 252 202 183 196 205 206 202 198 195 215 192 188 182 180 184 184 178 170 189 162 186 154 158 157 182 180 177 125 120 150 152 151 145 144 101 105 112 144 141 163 173 105
103 93 89 266 260 257 258 261 264 263 261 262 263 261 279 244 266 331 317 313 323 315 315 321 339 336 292 315 2 350 3 343 329 341 349 3 18 16 25 98 110 163 24 168 180 188 238 266 261 263 262 258 260 255 207 238 179 177 201 208 206 200 194 190 188 185 179 172 176 181 179 172 188 163 159 187 173 181 150 142 137 133 131 126 115 107 103 100 101 111 118 116 114 147 112 109
85 102 273 277 269 265 267 269 270 290 264 263 262 258 256 245 271 331 317 312 318 322 324 327 1 321 273 297 351 356 17 346 325 332 347 12 22 19 35 117 161 164 165 169 179 187 269 261 254 231 228 252 258 242 233 199 210 73 185 204 206 201 193 186 183 181 175 200 166 172 177 174 192 189 189 186 187 174 151 168 142 139 139 137 130 119 112 112 115 122 124 120 122 124 122 156
290 272 278 310 273 268 270 300 298 293 292 292 290 280 253 242 278 334 315 313 311 325 327 321 322 311 249 338 338 358 15 342 319 334 348 10 24 31 52 159 135 56 169 334 180 184 186 256 260 256 231 222 247 250 258 224 202 225 144 186 203 202 196 189 184 180 174 167 196 163 168 169 197 196 194 187 177 175 168 168 143 141 157 141 138 131 125 125 127 129 130 127 130 134 133 129
286 284 284 317 273 270 272 305 302 297 301 301 267 262 247 223 286 334 316 314 317 326 332 333 317 269 276 335 343 5 11 332 311 346 19 31 18 9 67 163 136 26 171 178 178 183 252 188 218 211 218 216 247 211 228 244 202 160 327 148 192 203 201 195 190 186 182 174 164 161 186 185 194 189 187 157 166 165 160 160 159 163 155 139 137 134 131 128 126 127 130 133 183 141 142 139
283 287 329 316 275 273 275 308 301 301 303 307 270 267 242 218 293 335 324 315 323 341 314 323 283 254 355 348 296 13 351 322 312 5 189 52 9 315 66 167 135 21 172 178 213 184 186 264 260 262 212 219 247 191 231 211 209 169 157 147 169 202 206 202 197 194 191 183 172 166 185 185 186 184 187 187 163 164 155 151 158 168 163 134 132 131 124 117 117 120 125 130 134 138 195 196
327 329 323 315 276 275 308 305 300 303 308 311 308 266 246 228 293 9 320 316 330 284 326 345 259 249 331 291 265 346 327 313 331 222 159 65 2 304 75 173 165 82 54 179 186 186 185 241 271 236 253 247 242 211 197 239 210 175 171 161 162 190 209 207 201 197 194 215 209 188 168 177 177 181 187 183 162 158 153 149 152 165 174 178 130 130 126 166 155 119 120 124 130 132 207 143
317 327 351 310 305 307 311 306 305 313 312 272 306 263 247 235 298 307 294 319 337 278 318 276 251 10 341 8 356 350 325 315 16 185 69 46 242 352 92 157 167 342 234 181 189 253 186 181 266 217 260 251 242 213 198 217 252 239 216 256 168 180 205 208 202 197 190 183 209 213 152 159 173 178 172 172 163 150 153 150 148 168 170 168 170 134 132 129 169 197 120 119 127 133 202 188
326 342 322 309 306 312 318 310 313 279 277 272 268 300 246 234 335 354 318 320 343 276 261 243 5 348 2 4 333 353 333 323 233 166 58 169 302 49 95 159 153 38 325 179 191 193 243 207 254 255 263 258 260 212 218 217 248 250 224 225 163 181 196 205 204 197 188 213 168 221 114 118 141 157 143 141 162 148 145 161 170 167 141 136 175 138 144 133 162 125 124 210 121 129 132 201
321 337 321 311 311 323 326 316 338 283 279 270 265 293 247 238 354 345 326 339 347 268 220 300 311 344 356 358 351 11 348 332 181 60 40 173 287 22 111 160 104 13 341 184 191 195 250 188 241 258 258 263 255 215 223 223 251 224 187 180 279 184 194 201 203 232 221 210 208 212 223 111 114 135 124 148 145 144 146 146 156 155 172 175 182 141 147 164 170 178 128 125 198 122 130 133
333 337 321 314 319 324 334 317 325 282 279 269 259 289 250 250 7 350 349 352 254 245 209 222 230 340 346 354 354 23 203 312 16 23 1 163 299 2 165 159 205 315 355 190 176 192 204 252 239 269 254 268 277 211 218 225 249 258 239 216 232 211 194 192 193 236 180 220 160 151 144 173 142 138 118 145 144 144 144 156 133 145 161 189 195 140 138 138 145 139 187 128 125 201 82 132
326 337 323 316 322 348 330 314 335 278 311 264 309 251 247 288 330 267 353 256 247 238 304 219 230 345 349 1 358 22 69 295 331 25 343 192 170 6 152 158 180 294 305 199 184 358 215 214 259 250 265 264 279 211 207 205 193 256 232 224 190 248 276 165 180 180 170 159 151 145 141 138 137 152 120 119 144 145 144 141 136 139 128 154 199 133 132 127 125 126 127 168 193 177 226 53
334 337 324 317 327 333 313 334 330 316 265 340 263 252 245 333 265 264 259 252 241 76 218 218 228 347 355 27 10 4 47 345 345 58 326 200 211 21 152 155 358 213 283 311 192 194 251 206 202 196 273 245 283 202 211 205 192 188 204 202 194 187 181 279 172 175 165 153 146 143 141 139 137 136 152 132 144 145 139 143 195 67 138 111 192 130 126 123 122 124 94 99 120 199 126 128
334 333 327 287 339 337 328 312 322 327 268 271 270 258 252 317 260 257 252 245 7 271 213 218 226 337 13 130 354 333 26 18 27 33 322 285 303 167 155 166 339 181 291 277 292 333 187 204 207 199 186 251 308 206 211 205 196 191 198 202 194 186 178 167 308 167 162 151 145 142 140 152 138 135 134 136 140 140 138 140 142 275 133 136 105 178 113 61 78 125 85 54 87 186 124 121
335 334 329 320 352 334 333 282 313 309 273 276 267 256 253 309 257 251 243 1 343 211 213 218 224 346 57 223 351 314 13 115 47 353 344 259 328 165 165 287 205 195 196 260 260 305 188 201 211 263 221 179 191 209 209 207 204 198 196 198 259 190 182 168 158 157 156 279 145 147 140 140 119 137 135 136 132 135 105 136 140 137 33 133 134 94 143 146 314 77 86 101 87 96 215 123
333 334 331 330 340 334 329 280 317 315 271 271 258 249 307 256 255 249 238 356 323 212 217 218 296 8 165 134 359 271 43 126 349 2 28 330 171 163 160 272 179 257 262 262 274 278 326 203 211 272 280 291 200 207 207 212 211 241 243 198 198 247 188 176 158 213 149 118 143 140 139 139 110 124 146 136 152 109 100 134 137 136 203 56 88 90 88 73 137 182 73 34 0 74 86 124
336 333 336 344 336 337 285 277 325 313 269 265 299 250 257 257 250 240 36 333 214 216 220 222 230 13 47 69 25 251 8 142 313 0 26 54 159 165 136 186 185 182 232 274 270 284 303 205 209 251 298 200 207 207 208 210 209 206 202 200 200 248 195 234 167 152 132 115 124 140 137 135 136 109 126 143 152 120 88 137 17 137 132 186 56 86 86 84 83 73 124 132 117 139 20 121
336 336 340 339 336 335 336 322 334 270 266 255 249 295 306 249 349 25 357 309 214 217 221 225 283 27 57 71 44 235 326 45 336 324 28 158 158 173 167 189 183 181 186 220 259 284 240 172 208 209 291 277 203 208 209 203 282 203 202 200 198 268 195 189 283 271 164 120 114 124 136 134 160 135 105 130 133 126 175 194 227 39 77 136 137 80 78 58 71 78 59 84 71 160 114 120
