examples/cougarCreek/createInputs/WindNinja/wrfout_d3.2015081000.f13/cougarCreek_08-10-2015_1300_217m_non_neutral_stability_ang.asc
ncols	146
nrows	140
xllcorner	610065.000000
yllcorner	5095217.000000
cellsize	216.586807
NODATA_value	-9999.000000
[rows 0 to 42 of 140, columns 0 to 95 of 146]
147 186 176 172 141 195 198 200 315 331 337 337 346 352 76 311 118 97 307 307 271 253 274 302 321 319 235 241 245 199 188 168 196 188 186 187 183 177 175 176 178 176 174 173 174 174 171 172 171 195 171 207 169 189 172 174 204 209 173 172 168 213 168 164 163 218 174 161 156 166 171 172 178 184 94 130 161 178 184 181 182 182 184 187 191 200 214 234 263 301 322 331 335 286 288 282
147 186 176 172 141 195 198 200 315 331 337 337 346 352 76 311 118 97 307 307 271 253 274 302 321 319 235 241 245 199 188 168 196 188 186 187 183 177 175 176 178 176 174 173 174 174 171 172 171 195 171 207 169 189 172 174 204 209 173 172 168 213 168 164 163 218 174 161 156 166 171 172 178 184 94 130 161 178 184 181 182 182 184 187 191 200 214 234 263 301 322 331 335 286 288 282
158 145 145 176 161 131 120 322 115 140 154 172 353 205 151 155 155 123 110 318 248 237 254 275 303 338 178 180 220 219 209 168 159 159 181 186 184 209 198 210 208 212 200 198 207 193 212 207 211 212 203 194 195 189 172 175 206 212 176 195 225 202 199 209 215 210 174 161 209 166 176 182 200 185 154 215 220 177 187 181 179 180 182 185 189 195 200 200 202 214 247 300 321 252 237 243
194 162 155 172 168 148 134 122 124 157 162 176 200 196 178 175 161 142 134 125 157 210 177 246 258 221 191 178 197 200 194 177 158 164 165 164 172 187 194 193 194 195 189 191 190 200 201 188 194 195 194 195 201 195 171 176 212 190 188 195 197 191 185 201 204 185 169 184 217 170 239 206 190 177 164 204 215 173 188 179 174 175 179 183 184 187 187 185 184 186 186 184 181 167 161 197
207 154 170 169 170 149 146 126 203 199 148 167 196 190 186 180 163 144 144 139 134 186 217 196 228 212 195 176 186 188 184 181 159 165 170 166 167 177 188 192 194 187 189 191 187 194 190 183 187 192 200 204 207 195 206 214 208 180 186 176 187 197 190 210 195 171 186 165 172 237 206 184 179 173 205 221 158 174 179 171 169 170 176 180 180 180 180 180 181 182 182 182 182 177 164 153
191 152 181 161 173 165 151 143 139 136 141 155 188 196 192 182 166 141 143 151 144 181 209 166 198 200 192 176 180 183 189 188 160 167 170 165 168 173 188 194 191 184 190 192 185 187 186 184 193 202 205 206 212 201 211 203 188 179 178 182 197 200 202 209 177 189 211 214 231 197 182 186 191 173 168 161 230 173 167 163 163 165 170 176 178 176 175 175 177 178 177 179 184 187 180 162
180 153 181 188 166 170 157 158 141 146 143 148 168 201 194 191 170 148 147 149 152 151 168 184 187 197 188 175 178 188 192 177 165 173 169 161 169 173 182 188 184 187 193 192 184 184 193 199 166 186 191 196 215 214 198 193 188 183 191 195 198 204 215 189 176 205 218 221 204 185 198 215 170 177 174 219 167 168 156 153 154 158 164 171 174 174 172 171 171 171 171 173 180 187 186 179
179 169 160 159 166 169 158 140 135 180 143 145 161 193 199 195 175 167 146 151 156 160 167 179 181 190 178 177 176 167 192 170 171 186 169 158 170 174 179 180 179 184 187 184 185 195 198 175 185 192 214 208 206 200 197 201 194 191 198 201 205 217 204 173 200 214 218 217 196 203 177 176 239 214 169 198 170 165 148 144 146 152 158 163 167 169 168 166 165 165 165 167 173 180 183 182
189 177 176 167 166 170 165 155 145 143 147 197 204 178 206 196 181 172 154 152 157 160 180 189 168 182 176 182 178 192 189 172 185 188 167 162 174 175 169 167 174 178 180 180 163 193 198 194 203 202 201 208 211 206 200 198 193 197 204 209 209 197 189 192 209 215 221 214 207 226 180 224 196 182 212 221 171 158 144 141 142 147 153 155 158 161 162 161 159 158 160 162 165 170 175 178
199 185 171 158 161 155 158 158 155 156 155 152 153 169 192 197 188 181 156 150 155 157 160 183 179 188 174 187 179 184 189 177 181 179 166 165 173 169 163 163 176 183 179 174 191 171 190 191 192 197 203 210 215 208 201 194 195 199 207 202 187 178 198 209 213 213 214 211 215 223 216 188 193 209 217 166 169 152 144 143 143 145 148 149 149 151 153 154 152 150 153 156 158 161 166 172
240 200 180 164 157 153 151 153 156 157 156 159 160 162 199 196 193 190 163 141 145 143 155 171 176 179 166 188 176 186 193 177 179 180 165 163 167 164 162 169 177 183 155 190 195 172 192 188 196 197 190 211 206 191 185 190 194 195 197 185 183 192 210 216 208 207 214 214 217 225 215 206 209 206 204 170 162 150 147 146 145 146 147 145 142 142 143 144 143 141 143 147 151 154 159 167
238 204 194 178 168 156 149 150 157 162 162 165 170 167 177 174 191 188 166 150 145 142 153 159 164 163 164 186 176 188 191 178 184 179 166 162 161 162 166 166 171 146 181 156 165 172 193 191 197 204 212 206 193 183 185 194 194 195 193 180 187 206 215 214 212 223 179 179 180 182 225 212 182 204 173 168 157 150 150 147 144 147 147 142 138 135 134 134 134 131 131 134 140 147 155 162
202 197 192 189 176 166 148 144 154 158 165 169 175 180 205 200 201 174 151 149 140 143 147 146 149 153 158 178 174 156 188 178 178 164 165 161 162 164 165 151 164 149 154 187 164 193 189 191 201 202 203 199 185 180 192 199 197 199 197 185 194 178 221 219 176 179 181 179 181 187 188 185 194 198 170 164 155 152 155 150 217 146 147 141 136 132 128 127 126 124 121 120 125 137 150 156
218 215 197 174 171 167 154 172 199 202 162 165 168 177 209 212 212 182 159 148 140 138 148 136 135 138 180 176 175 155 187 183 171 169 161 158 163 166 162 155 165 154 161 161 190 188 186 196 200 200 198 193 185 183 198 202 205 207 205 209 202 182 182 228 234 239 235 231 231 215 184 178 176 171 167 162 155 153 155 153 147 147 147 142 136 130 125 122 121 119 115 112 113 124 138 145
210 188 194 170 166 159 157 145 133 202 205 154 159 163 170 219 215 200 175 165 160 149 156 152 129 133 168 169 176 150 191 180 164 163 158 156 163 163 156 152 152 159 165 188 190 183 190 195 205 205 193 191 189 190 200 200 206 213 212 215 224 230 235 228 223 212 208 206 201 174 186 222 174 206 165 162 158 151 148 151 150 147 146 142 137 130 123 118 114 112 109 105 104 112 120 124
142 152 164 161 160 163 165 165 153 131 188 150 157 155 162 175 205 204 181 175 174 163 162 165 144 139 159 169 174 146 184 168 163 153 157 159 159 152 147 144 186 158 164 190 189 189 192 204 208 200 185 193 199 198 197 199 211 217 210 211 219 222 212 208 202 201 212 203 192 210 227 167 173 166 159 160 163 155 244 143 145 143 141 139 134 127 119 114 109 104 100 94 90 94 101 100
139 148 165 171 162 165 165 166 164 150 137 147 167 163 149 194 202 185 175 169 174 167 170 146 159 144 157 161 137 180 174 160 161 164 159 161 153 149 144 167 148 155 161 166 190 190 199 205 202 194 188 201 208 207 200 207 225 209 213 214 215 208 201 203 199 209 219 203 218 229 222 168 176 164 146 147 161 160 145 137 136 137 135 131 126 119 113 109 104 98 92 84 78 76 24 49
140 143 159 171 166 146 152 161 165 163 142 144 162 172 144 193 202 206 163 191 163 159 167 163 172 148 156 156 135 172 164 160 162 161 164 161 153 149 144 172 146 154 159 189 192 195 199 206 198 197 203 213 216 207 202 223 226 201 216 214 206 203 205 213 216 230 239 234 222 233 254 227 217 228 240 252 139 153 151 144 251 132 131 124 116 110 107 104 100 95 89 84 79 70 27 4
163 156 161 171 174 160 154 165 171 169 151 141 150 149 145 140 137 149 154 151 154 152 156 178 173 157 156 154 160 165 162 161 162 151 166 159 152 150 159 172 178 187 158 163 193 200 205 203 197 199 211 219 216 195 207 219 204 201 213 202 197 209 222 222 226 241 255 202 247 255 233 215 215 203 210 234 244 129 139 142 135 130 130 123 114 108 105 101 97 93 90 89 84 73 66 5
193 178 171 175 176 169 161 166 171 171 155 151 131 144 161 169 158 149 153 144 152 159 154 154 162 161 138 155 164 163 163 164 167 178 157 154 151 151 159 170 177 184 159 165 196 201 203 206 205 209 213 212 190 202 212 202 197 199 202 201 201 213 219 214 229 237 239 248 251 241 226 229 232 188 177 256 263 246 248 271 129 130 131 129 120 112 105 99 95 93 93 93 86 72 64 16
235 194 179 177 172 167 162 163 169 169 152 154 161 139 150 167 172 162 163 150 155 163 148 165 144 157 137 154 161 161 164 168 167 177 155 151 149 149 150 172 154 157 163 168 200 200 203 205 216 219 215 208 198 216 194 187 196 200 207 203 203 213 210 209 222 234 242 245 244 253 246 247 239 216 184 263 265 250 244 257 282 131 134 132 123 113 106 101 98 96 95 93 84 73 171 122
205 194 184 178 176 168 168 167 170 172 158 157 174 160 135 147 153 151 164 154 150 162 145 141 141 149 153 156 160 164 166 165 169 179 150 147 155 145 159 148 154 160 167 171 201 204 209 211 218 202 210 203 210 203 184 188 190 209 215 199 205 212 210 215 222 239 245 253 253 253 236 233 242 267 263 253 242 252 276 292 112 129 135 130 120 110 106 104 104 103 102 102 102 102 96 167
170 170 168 173 173 164 165 161 167 169 160 159 174 181 141 128 131 141 153 146 145 151 147 141 140 148 152 153 161 168 166 165 179 176 142 140 142 142 159 144 152 162 169 172 203 202 206 214 208 200 202 192 191 183 180 186 189 207 204 198 210 215 221 225 233 239 238 241 240 227 217 237 257 180 271 251 235 247 258 264 283 106 122 121 115 111 108 107 107 108 110 112 115 118 114 205
157 156 153 192 162 161 162 166 167 171 166 154 162 178 162 145 140 138 142 156 159 153 148 143 146 136 141 156 162 169 165 167 173 171 145 139 139 140 157 143 152 161 168 202 204 213 213 211 199 200 191 188 187 182 181 186 186 189 194 211 224 226 221 218 221 229 232 234 227 221 234 243 254 245 249 247 259 279 290 257 235 244 98 111 113 112 108 106 106 106 105 103 102 105 106 347
174 136 189 192 150 156 164 166 166 173 172 159 161 175 169 152 145 144 144 148 153 156 155 140 128 126 154 160 165 162 157 164 171 172 158 140 138 146 159 147 157 204 195 203 209 205 203 208 205 203 189 185 185 185 187 204 210 217 222 208 210 227 211 215 223 230 229 233 229 235 247 248 244 248 261 251 255 274 111 119 303 279 92 100 103 102 98 95 94 91 87 84 80 81 85 7
164 124 141 153 161 159 161 164 164 171 174 168 159 164 173 162 149 145 143 138 143 152 154 144 130 129 152 163 158 151 160 168 174 173 164 138 136 156 164 149 160 202 203 209 208 212 213 217 208 201 188 185 186 187 189 215 222 228 205 210 213 219 211 232 238 232 234 241 251 250 261 260 260 266 263 280 273 278 290 101 107 97 91 91 92 90 85 79 74 71 72 72 66 10 13 7
177 158 193 145 164 164 150 156 156 168 172 162 158 155 171 171 157 149 147 140 138 149 150 143 137 136 155 164 152 148 160 169 174 173 159 143 154 164 171 189 198 197 199 200 201 207 209 207 203 192 189 187 187 187 188 188 191 199 208 211 222 220 220 229 234 242 245 249 256 264 271 272 276 274 286 137 44 81 291 296 77 82 83 84 86 87 83 72 60 55 57 60 57 7 6 6
137 109 119 136 151 153 148 139 141 160 166 161 165 153 158 160 155 152 151 143 142 147 146 140 139 139 155 169 153 150 161 169 168 163 156 156 161 170 181 188 191 191 193 198 202 204 202 207 209 195 192 187 186 186 185 188 196 203 207 212 215 231 229 239 246 237 257 257 256 254 255 262 273 289 299 303 307 298 301 288 286 290 75 83 88 90 85 69 51 43 42 350 347 343 356 355
139 134 134 133 132 142 157 156 142 143 168 166 179 146 144 152 152 151 152 144 141 143 142 135 133 139 143 161 156 156 164 167 162 161 161 166 170 179 184 187 190 192 194 201 208 213 214 218 206 196 192 187 187 183 183 192 201 205 212 220 227 234 259 252 259 265 267 266 266 261 261 266 271 278 284 284 281 284 287 274 266 281 70 83 86 80 73 64 52 48 47 49 20 334 341 347
160 148 143 132 126 131 140 159 162 156 161 169 172 176 151 153 155 151 149 140 135 137 137 136 126 121 130 146 158 156 166 162 161 166 166 167 177 185 181 186 191 195 202 210 212 211 216 213 197 194 190 190 186 181 186 195 209 215 221 228 236 241 250 258 263 267 270 271 272 273 272 263 261 261 263 257 256 262 259 255 255 253 292 69 65 62 62 65 72 82 83 75 65 333 330 324
204 176 156 150 140 128 131 139 154 155 161 166 166 190 169 155 166 170 166 153 141 140 139 143 136 129 132 140 152 156 165 163 166 170 172 176 187 180 181 190 194 202 213 215 208 207 207 191 193 190 190 191 189 188 201 214 216 219 226 242 248 257 258 268 268 262 260 260 263 261 256 283 293 255 260 259 255 246 233 234 240 281 311 55 54 62 69 78 89 93 88 80 71 270 192 202
238 216 160 145 142 129 125 133 146 146 144 159 156 159 169 159 163 167 172 167 155 149 147 148 143 138 138 142 148 157 163 156 171 175 180 190 189 178 183 194 199 207 218 222 219 211 207 186 189 192 194 196 199 203 210 210 209 216 228 246 256 267 268 270 268 268 269 270 271 269 270 278 287 289 288 291 296 286 264 251 70 252 72 70 81 89 90 92 94 88 79 76 78 202 186 224
242 229 222 153 133 137 135 134 135 153 148 148 155 165 168 154 151 155 160 165 164 164 164 159 150 142 142 142 147 155 156 156 172 181 188 189 182 181 189 195 198 211 223 224 225 219 215 183 187 193 196 198 202 204 203 202 207 221 246 252 258 266 272 277 282 282 284 286 289 294 296 297 300 289 272 276 289 326 58 65 72 75 79 95 111 114 109 101 98 93 85 82 85 87 322 341
223 222 233 218 169 161 151 141 140 142 154 168 178 175 160 153 145 139 141 145 148 157 168 168 158 148 144 143 145 152 155 159 176 185 192 191 189 191 198 203 211 221 225 227 240 229 238 185 186 189 194 197 202 204 205 208 219 236 251 261 269 275 280 286 288 287 287 289 291 289 281 306 315 325 339 280 293 308 337 47 60 339 71 81 95 102 102 100 99 102 93 84 81 79 342 343
217 222 194 221 193 160 158 157 157 158 156 162 163 169 175 155 145 127 115 119 130 143 153 159 164 158 154 149 145 146 152 161 182 189 196 199 200 204 220 231 236 237 243 245 257 265 272 198 194 187 194 205 215 219 221 227 239 253 266 275 282 285 283 281 283 285 283 283 297 299 302 309 319 284 306 311 310 303 305 322 345 329 61 315 74 78 84 90 92 96 92 82 76 71 308 324
120 139 164 169 189 178 151 146 150 151 148 143 152 163 167 181 182 181 175 149 140 140 144 145 156 160 163 158 148 144 150 162 182 194 201 203 208 217 222 228 236 243 249 249 247 259 276 289 316 279 313 311 282 264 264 263 265 272 279 286 286 285 288 289 299 299 297 295 292 288 290 302 286 339 304 307 307 309 312 314 318 48 9 2 66 70 75 78 82 86 87 79 73 72 322 337
145 144 156 162 187 182 179 149 147 144 140 134 139 146 153 159 161 158 154 143 135 135 134 136 137 147 162 160 152 147 150 162 186 195 196 199 201 184 188 195 201 210 222 242 258 260 261 275 300 319 325 332 326 315 307 301 297 296 297 299 300 301 301 296 296 302 299 294 288 277 277 285 308 327 346 359 8 19 325 31 37 351 5 7 61 67 76 78 79 83 81 72 68 67 332 337
137 141 154 155 149 157 154 144 140 141 137 134 133 132 140 143 140 138 131 122 117 118 117 111 119 132 133 148 146 145 145 167 193 202 206 209 209 208 209 214 205 222 223 236 242 262 280 272 285 305 322 330 329 337 325 320 318 317 316 316 311 311 311 310 311 311 310 307 305 300 287 280 283 299 322 351 6 18 25 31 38 350 8 320 356 69 84 85 89 93 91 77 71 66 292 287
203 201 160 151 140 141 172 179 125 126 117 128 122 119 117 119 118 112 105 101 100 99 95 94 92 94 106 122 127 131 132 138 195 228 241 239 228 205 209 247 248 244 223 228 232 242 261 287 269 292 304 320 321 332 333 331 330 329 327 326 325 325 325 326 321 330 329 332 329 326 322 316 313 306 311 339 359 14 25 33 39 43 47 51 54 31 80 86 94 106 123 118 95 82 75 258
192 153 146 144 136 121 175 119 127 117 121 118 109 111 108 110 107 100 98 99 94 83 89 89 83 83 98 115 100 117 122 134 169 244 282 296 300 301 296 248 242 276 240 238 262 274 280 278 281 285 292 301 306 310 316 326 327 327 329 327 329 330 331 331 332 335 340 346 348 349 351 350 352 355 4 13 29 36 32 32 37 41 46 50 53 334 67 79 85 100 127 144 130 108 91 250
166 118 124 120 173 172 179 115 123 121 118 123 120 119 109 108 100 87 77 73 72 79 95 87 74 78 94 104 113 118 120 130 198 263 280 284 290 296 303 313 306 303 306 294 292 296 300 304 309 306 308 310 305 304 328 327 305 302 323 301 310 328 333 333 334 335 337 342 347 350 353 358 2 10 21 29 33 41 49 42 36 42 46 49 52 358 41 70 78 89 111 136 140 129 119 115
155 153 101 89 171 171 183 114 119 117 121 122 121 117 102 98 83 66 65 75 84 94 94 77 61 66 79 92 110 116 114 110 278 280 275 277 288 292 294 298 312 308 305 308 311 317 318 319 322 323 321 326 328 327 322 322 322 322 328 328 323 330 331 329 328 328 326 317 315 318 321 335 353 360 5 12 29 36 46 44 33 41 48 50 50 51 12 53 77 84 93 112 132 139 140 136
120 77 68 92 108 166 101 117 112 114 120 120 116 107 94 79 67 68 82 90 97 95 82 58 55 66 75 80 86 94 93 79 350 293 281 283 290 293 295 297 302 309 309 307 304 303 307 313 319 325 324 325 332 332 330 329 330 334 334 331 331 329 318 278 283 283 287 294 297 306 310 311 316 312 312 294 350 19 38 39 33 35 47 53 55 56 58 2 50 78 81 90 110 130 137 137
