examples/cougarCreek/createInputs/WindNinja/wrfout_d3.2015081000.f13/cougarCreek_08-10-2015_1300_217m_non_neutral_stability_ang.asc
ncols	146
nrows	140
xllcorner	610065.000000
yllcorner	5095217.000000
cellsize	216.586807
NODATA_value	-9999.000000
[rows 86 to 128 of 140, columns 0 to 95 of 146]
330 340 341 337 341 342 343 338 337 271 260 243 237 315 336 339 343 350 214 217 216 217 221 223 326 131 76 78 64 312 328 142 29 232 20 157 133 137 185 184 182 185 192 206 276 280 297 203 206 207 293 289 297 205 204 200 198 237 199 197 191 187 188 182 273 308 158 127 104 101 142 193 179 150 121 67 67 77 158 134 134 198 204 95 128 83 93 124 121 156 51 130 111 108 108 111
334 340 344 344 343 341 292 286 280 273 258 233 227 323 325 342 359 304 217 215 216 217 218 270 335 54 86 93 73 18 136 160 291 181 276 142 91 124 145 180 188 194 196 202 192 283 291 200 185 216 290 294 237 201 199 198 195 194 195 222 241 216 182 176 290 153 120 131 111 105 98 120 134 134 135 157 161 142 91 164 183 136 182 151 133 119 89 91 122 115 110 108 108 109 111 112
339 341 340 345 349 346 340 344 279 271 256 229 221 291 337 343 354 217 213 209 213 217 215 324 13 98 140 141 102 123 142 142 319 178 226 147 122 83 178 185 200 201 198 200 184 241 255 244 186 199 233 285 194 285 203 196 219 210 191 215 211 202 203 174 234 286 183 151 121 105 99 101 91 264 135 131 129 131 134 173 182 190 188 202 115 131 112 124 123 117 112 111 113 114 115 116
344 344 348 346 352 344 344 349 272 267 250 320 219 230 344 355 351 216 209 208 212 214 212 350 117 217 208 178 141 148 198 151 162 177 178 140 156 158 187 192 199 283 196 206 180 250 272 206 175 178 191 267 190 189 205 193 203 200 195 204 229 191 192 209 228 217 248 203 244 271 109 72 87 103 152 209 168 162 132 179 195 197 135 130 191 124 120 124 123 122 118 116 116 117 119 119
350 350 351 352 356 356 357 351 268 265 250 335 223 231 343 247 350 215 208 207 209 209 312 116 220 211 204 145 182 152 140 155 158 201 178 223 170 198 191 193 194 188 191 216 181 231 267 165 200 197 177 220 189 187 189 189 187 194 185 184 213 236 177 199 199 212 248 245 251 260 292 57 149 151 146 136 143 138 195 138 141 137 132 129 123 120 120 122 123 125 122 119 118 119 120 119
356 354 349 352 354 356 359 353 258 261 257 233 226 233 244 358 336 212 205 204 206 207 328 141 211 202 143 143 139 156 157 176 197 220 211 241 175 208 193 160 179 196 185 232 186 244 180 200 198 195 197 194 234 218 206 192 184 193 194 183 203 195 218 198 218 168 239 182 200 210 209 285 154 158 89 140 145 136 154 222 226 191 203 134 129 128 125 124 126 125 123 119 117 117 117 116
355 16 351 349 357 348 4 357 351 244 244 330 222 337 224 348 222 316 200 201 203 275 29 217 204 195 197 142 148 144 208 226 262 279 249 245 180 199 168 193 175 208 185 184 185 186 176 174 194 194 195 190 229 183 185 232 193 196 192 182 190 211 195 201 255 174 168 287 202 213 210 286 155 159 139 163 268 245 245 215 222 227 299 152 194 155 148 169 126 122 120 116 112 114 114 113
358 323 324 310 344 335 5 250 357 235 12 331 216 348 333 337 350 273 199 200 203 269 209 128 198 192 161 144 147 172 203 215 273 283 214 188 204 206 202 192 185 185 186 184 185 175 174 193 191 191 191 191 217 184 184 183 201 225 197 186 185 189 202 211 219 230 209 178 265 210 207 310 158 159 142 163 196 184 142 144 145 144 142 262 343 113 348 127 126 122 124 111 107 108 110 110
320 323 331 327 348 340 3 266 251 241 234 353 342 330 330 330 329 323 202 200 203 241 324 119 197 192 143 180 224 275 187 238 236 177 204 205 205 203 198 188 182 182 184 185 187 189 191 190 189 187 186 189 212 185 185 182 209 180 207 198 183 202 229 174 173 214 257 240 275 219 216 291 160 134 117 110 142 146 219 142 144 143 136 130 131 207 203 86 127 124 312 111 109 115 111 108
357 317 342 330 348 341 301 26 262 25 2 351 347 320 326 318 329 330 208 200 201 304 313 210 202 196 166 217 192 120 197 228 183 182 204 202 199 195 189 185 184 184 183 185 188 190 189 188 186 185 184 183 184 186 184 181 179 179 179 179 206 196 210 175 171 164 162 215 228 230 217 225 132 136 54 60 147 146 142 216 147 147 248 255 228 129 162 340 296 125 116 14 114 110 107 113
316 314 346 342 346 349 312 20 17 17 334 345 348 321 323 308 340 341 214 203 204 41 219 215 206 197 256 236 15 153 174 180 168 204 201 199 195 190 185 185 187 186 185 186 189 189 187 185 186 186 184 183 183 183 182 180 178 176 176 175 208 194 176 175 200 166 161 157 156 226 224 229 195 251 326 60 149 150 147 220 139 141 137 130 305 50 7 4 119 120 282 5 324 109 106 109
326 323 342 346 341 4 13 312 14 18 271 359 352 337 222 322 328 318 217 276 214 222 221 213 205 240 195 270 176 203 175 201 203 200 197 194 192 190 188 186 186 184 184 186 188 188 186 186 186 186 184 182 180 180 179 177 175 173 173 172 172 174 175 173 170 167 163 158 154 150 149 150 149 229 188 347 37 153 153 316 138 135 131 124 240 120 122 122 338 115 110 110 108 106 103 102
321 328 334 349 348 328 5 323 317 300 6 14 343 325 246 244 334 299 287 337 219 220 215 208 210 252 249 206 175 172 177 198 198 196 193 191 190 189 189 188 185 181 180 183 186 186 186 187 188 186 183 180 179 179 178 175 173 171 170 170 170 170 171 171 169 166 162 158 153 201 149 150 149 249 256 296 355 159 160 9 279 270 137 272 126 302 16 130 126 16 19 108 110 108 102 97
307 339 333 348 12 326 346 321 318 6 13 294 343 317 273 305 320 312 309 226 220 156 208 204 201 262 207 199 221 171 174 157 196 193 191 190 190 191 194 194 184 176 176 181 184 185 187 189 190 187 182 179 179 179 176 173 171 171 170 169 168 168 168 167 167 165 161 158 155 152 152 153 233 230 242 265 309 353 167 158 322 142 292 309 325 306 323 129 135 121 351 108 108 106 110 320
312 350 316 356 330 347 346 2 353 310 304 296 334 293 314 265 325 304 318 227 219 212 205 341 135 197 206 238 252 165 200 198 195 192 189 189 191 197 206 201 180 173 176 182 186 186 187 189 188 185 182 179 178 177 175 172 171 170 170 168 167 166 165 191 164 163 160 158 156 155 155 155 153 151 148 246 273 290 169 160 354 316 281 280 308 299 122 307 122 359 330 107 112 112 116 341
321 318 312 14 322 347 3 322 317 358 292 356 326 335 323 317 326 304 314 345 219 216 211 214 216 214 226 261 260 154 204 198 193 189 187 188 191 194 195 189 181 180 182 184 187 186 186 186 184 183 182 180 176 174 174 173 171 171 170 168 167 165 164 163 162 161 158 157 155 153 153 154 229 231 227 227 249 270 304 345 311 292 276 258 247 106 236 256 98 297 101 314 337 105 111 105
321 326 328 315 318 350 317 353 334 11 290 354 352 342 336 329 256 304 314 306 223 37 114 225 222 213 176 280 194 209 204 196 190 188 186 185 183 179 173 175 190 196 191 188 186 185 185 184 183 183 181 179 175 173 173 172 172 171 171 168 166 164 163 163 161 158 204 204 206 214 215 218 219 228 240 254 262 261 279 309 277 274 277 278 293 6 298 299 281 220 210 225 91 97 261 328
316 323 332 326 8 310 341 348 353 323 311 5 284 329 1 346 259 307 241 297 39 230 142 195 59 117 139 283 192 206 158 164 190 188 186 181 174 164 155 166 201 205 198 191 188 186 185 183 182 181 179 179 177 172 170 169 170 171 170 167 165 162 191 160 158 198 203 204 212 222 225 225 219 229 247 262 274 285 297 326 310 296 282 281 321 118 123 334 345 106 315 287 269 273 333 333
311 315 322 326 313 359 304 328 10 320 320 312 346 338 293 328 316 312 241 334 236 134 139 218 341 128 77 314 154 162 189 161 192 189 185 180 173 165 161 178 196 199 196 193 190 189 187 185 182 179 179 181 178 171 167 166 168 169 167 164 162 161 159 158 156 201 202 209 150 147 237 241 246 244 246 253 272 286 295 316 303 295 296 283 300 335 333 125 324 126 122 341 108 3 318 311
320 314 312 318 317 299 351 305 320 358 314 317 311 7 305 299 324 312 239 334 41 233 221 8 2 213 175 207 126 155 196 196 193 189 184 181 180 179 180 185 189 190 191 191 190 189 187 186 183 181 182 184 180 168 164 167 168 167 165 160 159 159 159 159 202 207 216 150 151 151 148 254 255 257 255 255 264 275 272 270 291 304 305 293 298 322 333 331 308 347 128 340 350 108 109 309
324 323 320 321 323 318 309 308 5 314 360 303 337 356 295 296 329 315 254 312 36 74 55 219 221 106 213 204 65 201 198 196 192 187 184 184 187 186 182 180 183 185 187 188 188 187 186 185 184 183 183 185 184 172 165 170 172 168 162 158 157 158 159 160 159 155 151 151 151 151 153 151 148 269 261 254 250 251 251 270 284 296 302 282 270 269 292 307 290 294 109 336 313 91 113 346
328 325 324 323 325 325 323 322 315 317 359 342 356 282 342 350 266 263 267 246 67 96 229 354 223 216 6 350 202 202 197 193 189 185 185 189 140 148 156 177 180 184 185 185 186 186 184 183 183 182 182 184 183 177 170 169 174 169 161 158 158 159 159 158 157 152 228 235 245 251 257 266 275 278 271 264 263 268 285 299 294 290 302 295 266 49 266 282 285 274 334 2 311 284 308 318
319 317 322 320 321 321 321 324 325 3 311 5 285 350 350 349 320 317 324 317 86 243 131 41 60 55 22 69 205 140 192 187 34 188 189 133 189 183 178 177 182 185 185 185 186 151 185 182 182 181 182 182 178 175 172 171 172 167 161 159 159 158 157 156 151 219 237 254 261 264 266 147 279 282 280 281 280 283 289 295 303 297 295 308 314 306 287 284 294 296 306 314 283 236 233 270
316 316 328 319 317 318 316 317 327 334 333 308 1 351 358 342 252 328 339 342 79 104 242 352 183 3 7 205 200 0 187 12 191 193 136 189 132 176 174 179 183 184 184 185 146 187 186 185 184 184 184 184 176 171 173 175 171 165 162 160 159 157 156 155 148 139 234 250 265 134 281 145 285 180 196 291 283 279 282 289 294 291 287 297 318 331 320 317 334 319 296 268 270 294 309 323
309 316 320 326 315 317 318 317 328 340 344 316 359 305 299 340 336 22 238 346 52 25 350 347 11 344 349 87 348 11 52 192 124 131 135 132 126 173 115 181 183 182 182 139 143 148 186 187 187 186 187 189 184 174 172 173 170 167 166 165 162 160 158 157 148 137 234 243 262 272 274 266 264 274 285 284 280 275 279 285 290 293 296 298 307 330 327 321 333 334 331 331 307 323 337 326
300 305 316 317 310 310 315 317 325 335 335 321 317 310 351 349 292 281 280 281 281 256 237 5 18 27 357 20 6 200 130 200 136 135 132 128 176 173 178 123 126 129 131 134 137 141 184 186 187 187 187 188 185 179 173 173 172 172 172 172 169 166 164 164 158 268 269 271 274 273 270 264 263 260 264 278 284 288 286 286 296 297 292 291 297 318 324 313 319 331 339 71 330 320 335 71
298 299 304 307 308 302 298 304 318 335 15 327 4 352 341 356 304 300 297 298 296 287 279 15 19 32 26 217 215 43 105 120 113 189 121 149 177 178 117 122 126 131 128 128 133 182 182 183 185 185 184 183 180 177 176 176 176 177 178 178 175 172 171 170 165 159 156 142 292 290 289 297 297 289 283 283 289 291 288 290 305 313 303 308 307 314 330 332 327 330 331 55 64 329 317 323
302 303 303 304 299 289 292 294 299 316 327 25 355 334 341 351 296 297 294 295 297 312 294 15 36 36 19 15 12 28 80 101 120 188 185 182 181 117 114 118 122 124 126 136 146 185 182 182 183 183 182 179 176 175 177 179 180 181 181 180 178 176 177 174 170 167 167 165 140 299 299 304 305 306 299 294 299 301 303 298 306 321 307 304 304 302 318 332 332 341 337 322 345 323 288 269
306 306 304 302 305 305 301 298 299 294 350 315 303 343 353 346 292 289 281 272 264 282 285 17 55 40 5 9 0 8 15 48 190 189 66 184 102 112 113 110 114 121 140 192 191 186 182 181 182 182 180 177 175 176 178 182 185 186 184 183 182 181 183 279 283 288 291 292 293 294 295 291 289 298 303 304 312 319 318 310 312 322 308 299 296 298 311 323 323 332 346 329 327 344 24 320
307 309 309 307 310 316 320 319 311 295 295 310 359 354 317 301 300 296 288 275 334 5 12 65 77 351 6 4 11 10 1 67 96 87 188 188 105 107 180 99 112 125 139 146 144 183 181 180 181 181 180 179 178 178 181 186 190 192 190 189 189 190 190 185 276 285 293 294 292 290 290 288 289 297 305 305 308 309 303 300 307 318 319 315 310 309 319 327 324 325 329 328 327 26 108 338
310 311 311 308 307 311 318 326 328 328 322 313 352 358 307 311 305 298 299 296 291 7 20 66 25 348 354 349 19 4 357 59 82 73 195 91 99 92 181 97 112 120 127 131 130 129 179 180 181 182 182 181 181 183 186 190 194 195 197 194 193 194 193 283 276 277 283 288 291 293 295 296 298 302 306 308 304 302 293 287 291 300 308 308 306 307 318 326 329 336 318 314 301 305 50 80
311 312 307 302 299 301 310 322 332 338 334 309 298 310 313 312 306 304 307 309 314 17 45 48 319 267 353 352 358 341 356 43 82 84 90 97 188 183 79 99 105 114 121 123 123 118 121 181 181 181 182 182 183 187 191 194 197 198 200 197 195 195 290 199 287 285 283 283 291 301 303 296 299 301 301 305 303 306 302 298 297 296 295 298 303 310 324 321 325 20 1 325 305 48 303 15
319 313 306 299 298 303 312 323 333 338 337 332 324 315 345 312 306 303 303 307 311 16 288 339 275 286 357 351 354 341 355 57 78 76 76 61 9 52 88 103 102 109 114 113 102 175 99 118 180 180 183 185 187 192 195 197 199 201 201 199 281 289 206 207 298 299 295 287 286 297 308 296 292 291 289 291 295 299 300 300 306 317 316 309 308 318 343 328 325 7 3 336 336 311 293 328
322 316 311 303 300 303 312 324 326 332 327 323 322 326 321 15 303 302 4 297 353 11 18 277 272 344 352 356 354 349 8 46 55 61 49 30 34 74 100 108 105 103 102 92 85 80 92 99 94 182 185 188 192 195 198 201 202 203 293 293 290 292 302 301 300 301 302 297 285 286 305 309 301 294 290 295 302 307 316 311 302 316 323 316 312 321 348 339 327 358 11 343 40 22 337 1
313 314 314 310 303 302 310 321 326 325 315 302 300 311 326 331 4 9 24 352 3 284 11 354 343 340 336 354 341 301 328 242 28 51 21 17 53 80 103 106 97 84 84 79 74 81 83 71 71 75 62 193 196 199 199 202 304 298 300 305 305 300 301 305 309 305 298 305 292 284 296 311 311 309 303 299 299 302 316 322 308 308 314 311 303 301 317 327 330 351 12 340 25 16 19 3
313 306 310 312 303 299 304 308 310 310 316 301 295 301 315 308 16 27 359 349 0 19 4 11 353 335 337 352 352 262 344 12 25 43 6 25 72 87 96 105 73 69 77 82 84 85 76 60 60 64 45 22 357 336 322 311 310 306 305 313 320 312 310 314 229 233 303 307 304 286 288 302 304 300 296 296 298 300 310 319 311 312 316 313 298 8 14 17 326 325 4 331 15 357 1 334
311 299 300 310 294 286 294 285 290 306 319 312 301 300 309 328 319 39 299 355 354 355 349 343 285 276 354 5 331 264 328 19 26 28 359 34 67 72 82 76 37 62 84 84 87 81 58 49 51 58 47 28 4 337 325 319 311 305 303 312 330 323 309 319 238 238 318 316 320 299 285 281 286 291 294 299 303 302 310 317 310 313 319 319 321 315 293 14 16 280 312 313 331 328 319 319
313 297 290 291 292 283 289 277 282 295 311 318 302 296 300 321 349 50 2 348 354 353 347 341 295 303 7 286 283 285 297 357 356 354 360 31 46 44 46 29 28 61 71 74 80 67 37 46 53 63 60 31 358 334 326 320 315 308 300 306 330 328 307 319 328 239 240 319 317 307 298 296 299 302 300 297 297 297 306 313 313 312 317 319 328 343 335 329 310 305 315 325 338 320 316 323
317 305 289 283 279 288 294 287 283 288 305 330 305 294 291 306 332 349 14 313 3 357 350 341 297 308 302 294 287 287 286 345 350 349 16 32 41 43 38 34 41 55 62 64 58 40 29 47 57 59 52 12 351 337 326 319 317 310 303 306 323 320 311 315 322 236 233 318 306 302 304 312 315 313 308 301 300 301 308 308 308 320 294 330 326 345 344 278 328 319 67 4 345 323 319 345
318 318 307 281 287 289 295 296 291 286 294 314 310 296 289 295 329 347 313 322 303 356 351 347 339 338 300 295 332 289 288 327 356 10 43 41 39 40 46 49 47 60 65 52 41 42 37 44 49 41 34 6 356 349 333 324 315 306 300 299 305 293 289 290 294 316 325 332 280 267 294 308 315 321 322 311 304 300 304 306 307 321 337 344 327 332 280 288 330 310 310 350 320 348 319 341
317 317 316 307 291 295 300 304 301 291 289 303 309 298 289 293 314 3 303 2 354 343 356 351 300 333 344 348 320 320 287 292 10 28 47 35 30 43 44 33 38 55 48 40 48 50 36 34 42 38 32 10 359 359 351 347 323 210 216 221 226 225 225 228 240 244 292 250 264 272 299 315 313 321 281 322 309 298 301 301 300 306 321 341 336 331 296 295 330 307 300 342 310 341 314 319
308 308 323 306 301 306 305 306 313 299 289 292 309 300 291 291 308 324 26 360 347 351 358 352 309 335 340 335 296 294 326 346 9 29 45 39 40 30 26 29 49 58 41 50 64 45 22 28 48 55 45 28 22 209 215 218 219 220 222 225 224 223 225 226 233 246 261 280 247 218 310 322 313 312 333 333 316 301 300 299 292 293 301 312 332 339 317 303 326 323 309 351 304 307 308 308
305 308 311 318 311 297 296 306 306 308 289 288 299 302 293 286 295 322 334 1 352 349 346 335 341 340 343 307 303 298 334 3 18 40 44 23 3 11 27 42 58 257 254 246 240 41 26 47 207 203 207 210 218 223 227 229 228 224 219 213 211 211 210 211 214 222 244 305 305 246 252 313 310 303 325 332 318 298 292 295 297 302 311 310 310 322 326 295 297 335 318 332 296 300 301 333
