examples/cougarCreek-fire/createInputs/WindNinja/wrfout_d3.2015081012.f21/cougarCreekFire_08-11-2015_0900_217m_non_neutral_stability_ang.asc
ncols	146
nrows	140
xllcorner	610065.000000
yllcorner	5095217.000000
cellsize	216.586807
NODATA_value	-9999.000000
[rows 48 to 95 of 140, columns 0 to 95 of 146]
105 108 104 79 126 120 133 44 62 60 71 80 87 95 116 161 162 159 111 100 83 51 26 31 44 55 77 84 81 78 71 64 68 50 52 54 349 339 335 336 336 329 324 330 307 294 281 290 277 268 270 282 290 292 287 286 286 281 277 278 282 283 279 276 273 270 270 280 297 297 286 281 294 297 291 295 302 321 285 254 229 268 137 101 75 71 73 79 83 83 86 97 45 96 46 47
104 108 116 125 96 35 47 67 75 73 78 88 99 118 157 111 106 97 87 79 77 41 30 51 48 59 75 76 82 89 72 74 70 61 52 52 11 333 331 334 335 321 310 312 324 299 310 301 294 290 292 293 294 294 291 286 282 279 270 266 266 271 273 270 270 264 260 257 263 270 272 279 281 281 283 279 276 269 278 222 209 219 125 123 99 82 78 78 83 85 85 89 100 49 48 49
103 106 111 76 39 72 86 82 81 82 94 107 115 113 104 90 89 71 59 67 69 49 41 33 27 39 56 71 93 92 69 76 75 60 48 51 11 337 335 333 332 317 307 305 300 310 307 303 301 298 297 297 294 289 283 277 275 275 272 267 258 261 267 269 264 256 247 247 248 254 266 274 280 272 277 267 326 332 355 245 142 139 126 127 119 106 94 86 84 86 88 87 89 94 95 91
98 99 79 51 79 82 79 83 89 94 111 141 115 107 145 59 61 48 54 64 58 50 43 9 17 37 62 86 99 92 68 78 77 58 45 51 360 347 343 338 329 313 299 297 306 302 279 284 286 284 283 287 291 291 282 274 274 270 268 268 268 273 269 271 264 255 263 250 265 269 270 271 270 273 284 266 293 289 197 285 132 133 126 135 255 131 124 111 98 89 84 81 79 80 83 86
97 97 73 70 81 83 89 92 90 100 108 105 93 80 51 37 37 43 54 58 51 55 57 85 20 64 92 106 101 76 64 78 76 57 44 40 2 355 348 341 332 318 300 289 294 288 284 272 274 274 277 281 286 297 296 289 278 267 265 264 262 270 278 269 262 254 252 250 263 273 266 267 263 256 241 230 225 212 191 156 249 123 122 129 132 193 242 127 121 107 91 84 81 79 79 82
101 86 68 74 83 82 82 83 84 99 96 145 44 31 35 32 31 50 58 57 52 50 54 11 48 88 99 89 78 65 50 60 74 56 57 28 10 3 355 353 343 330 306 290 286 284 284 284 288 289 280 283 282 285 293 287 270 258 262 263 257 256 262 267 267 269 253 269 265 272 285 290 292 291 275 265 258 231 247 173 150 132 314 232 201 121 127 132 128 120 112 105 96 86 81 80
100 85 76 75 64 57 63 82 88 94 134 138 20 32 51 48 46 66 70 67 54 42 36 21 41 69 68 62 68 60 38 58 73 57 54 21 2 359 4 1 348 342 329 301 279 274 276 276 274 276 284 300 287 285 284 276 260 252 256 257 252 252 257 259 261 268 270 266 263 259 256 257 259 207 263 247 234 191 241 263 260 258 232 140 122 194 115 196 130 123 117 66 108 98 86 79
92 73 67 63 68 26 66 84 74 64 129 105 23 36 52 54 53 71 75 63 47 29 20 22 40 45 46 55 70 59 35 61 71 59 40 20 7 19 9 356 354 354 345 357 320 287 267 268 274 278 278 279 300 285 286 276 259 254 260 259 255 265 258 239 238 236 257 269 230 221 216 207 219 260 217 217 270 279 201 166 193 215 147 143 132 119 108 105 109 105 105 108 108 101 96 87
91 64 54 56 28 47 84 71 94 21 29 26 39 25 48 52 49 68 63 36 26 10 5 19 37 36 50 69 72 53 35 52 67 58 38 17 7 19 358 358 354 357 348 7 346 319 286 270 267 266 280 281 279 282 279 283 276 272 272 268 249 228 236 234 232 228 222 225 223 219 215 224 224 217 227 234 220 161 162 165 211 163 158 147 136 266 108 91 82 85 93 189 94 162 212 87
96 70 41 47 52 82 105 52 7 360 22 47 25 21 44 50 62 85 65 4 10 358 1 24 33 31 57 75 62 39 40 57 73 72 63 37 9 12 350 353 352 350 350 341 329 344 317 306 282 270 267 268 278 278 271 277 271 240 241 236 234 232 236 233 230 226 225 225 221 217 213 210 218 213 222 229 231 204 182 205 201 196 198 216 142 130 119 108 98 93 90 49 247 196 84 152
95 88 41 72 82 114 55 35 0 17 55 52 22 43 64 77 98 118 134 234 5 358 28 49 32 39 70 75 50 35 51 66 71 69 59 38 0 8 24 357 350 344 345 344 337 351 343 335 323 306 285 273 267 272 262 247 238 241 252 248 239 232 222 225 227 230 227 226 223 219 215 203 213 217 221 226 234 219 219 214 164 154 196 194 192 197 228 127 285 110 99 90 89 87 82 59
87 72 58 74 117 80 109 2 8 38 53 44 59 72 100 116 121 126 144 197 359 2 30 26 20 59 79 64 42 44 66 73 60 59 33 46 357 356 354 6 0 348 349 345 347 342 335 327 331 330 322 308 287 275 272 269 263 258 254 248 244 241 238 235 230 227 230 231 227 216 222 223 223 225 228 228 226 218 229 220 217 150 210 201 190 116 194 206 219 240 108 101 319 16 86 42
79 65 65 79 71 102 81 9 39 42 53 71 78 101 123 134 132 135 161 219 352 351 1 3 36 69 68 52 51 63 77 60 56 55 35 24 33 352 356 357 1 350 345 340 339 340 339 341 337 336 310 308 308 298 294 289 280 275 271 263 255 248 243 241 237 239 226 227 230 234 235 239 241 237 232 224 237 238 205 194 177 246 251 254 249 246 246 233 238 250 267 328 99 8 352 53
80 23 69 62 55 91 58 36 40 58 69 88 93 123 132 134 136 148 191 231 349 341 359 16 49 63 62 60 66 66 57 50 53 50 30 15 35 354 358 355 356 349 346 339 332 334 332 329 328 320 310 303 299 297 307 309 307 305 301 291 280 268 258 250 246 245 242 242 250 256 255 252 246 237 241 241 220 214 208 199 188 172 150 124 111 105 307 298 279 261 248 264 100 351 91 87
25 50 74 53 49 41 18 58 67 94 123 141 139 135 131 131 138 171 214 318 352 338 335 357 30 51 59 65 68 61 50 48 74 47 20 10 3 357 359 1 359 351 349 348 335 334 330 322 321 311 304 299 305 306 306 311 312 312 309 305 301 294 287 278 271 268 270 274 278 276 269 259 249 239 242 225 220 212 204 198 192 182 166 146 275 272 280 290 279 272 263 250 255 261 299 355
70 80 84 83 73 72 90 110 147 187 174 161 148 139 133 130 146 205 235 331 338 336 333 350 22 39 55 67 67 58 49 67 71 39 20 6 6 356 360 1 1 346 339 348 341 336 335 332 328 315 308 307 308 303 301 305 309 310 307 305 304 304 304 304 300 292 288 288 288 283 275 268 262 253 257 227 218 208 201 198 195 185 170 273 264 251 253 265 266 264 259 243 215 197 219 175
127 99 91 104 117 119 134 170 187 173 168 163 149 140 136 137 170 266 302 337 327 345 342 352 9 23 52 65 59 53 55 46 50 27 15 6 8 4 3 5 2 349 336 339 343 336 336 335 330 328 310 300 298 307 298 302 309 312 310 303 299 300 301 302 302 298 292 286 283 280 274 266 260 251 236 218 207 202 249 249 256 266 270 277 292 292 279 279 275 263 260 264 256 275 278 293
307 88 83 92 60 80 181 170 161 158 157 152 141 134 133 149 203 280 353 333 311 7 349 347 3 21 56 72 61 60 57 38 36 23 10 7 11 5 5 12 6 356 338 331 337 333 338 333 329 334 317 300 301 311 298 298 307 315 315 306 298 294 292 292 294 294 290 282 275 270 263 255 249 246 234 207 200 206 206 196 177 161 237 239 237 244 249 253 254 251 258 220 183 226 184 64
85 94 94 55 85 119 138 142 144 148 146 137 125 113 109 146 272 301 357 340 336 30 327 334 359 25 54 79 78 74 55 30 21 17 6 6 17 3 6 18 11 359 337 326 329 327 332 329 328 316 327 313 313 313 297 296 304 318 325 316 304 297 293 291 290 288 290 292 286 277 267 278 277 257 262 272 300 308 325 352 55 114 130 223 203 123 120 120 203 227 183 95 192 274 307 52
136 115 100 78 101 116 125 130 134 138 119 130 114 99 93 119 276 312 358 346 2 300 318 335 355 25 65 88 66 49 39 20 13 16 12 8 19 6 8 22 11 7 10 11 327 315 319 319 310 324 318 309 314 311 293 291 298 318 335 330 314 301 290 285 281 280 285 295 302 297 285 284 286 266 274 310 328 326 339 70 131 295 266 262 278 283 251 230 223 180 104 246 301 81 72 64
119 92 2 98 104 110 104 121 123 124 124 121 111 103 95 112 281 347 354 345 5 354 336 343 349 15 99 97 61 38 31 21 7 15 15 12 18 9 11 22 18 26 27 17 357 343 318 317 311 319 314 299 304 303 301 301 290 309 337 347 329 303 282 295 268 269 272 282 297 306 303 297 281 280 285 284 287 203 293 280 238 133 128 209 233 262 265 244 107 104 106 217 234 260 258 73
80 78 93 105 102 102 104 106 108 109 106 102 99 97 43 106 291 359 350 340 359 354 351 348 356 60 179 98 47 31 39 18 2 8 12 19 20 11 11 20 24 25 14 22 4 348 324 315 307 305 306 303 307 309 294 284 303 291 320 357 358 324 287 272 267 265 265 270 279 298 311 312 293 302 292 285 297 264 129 111 99 86 85 95 110 116 107 92 78 78 88 92 93 236 69 59
74 94 123 101 95 90 89 91 95 78 93 87 85 86 89 94 299 2 351 345 352 356 4 358 26 87 140 89 35 35 49 26 1 4 10 21 16 7 11 20 17 22 27 28 14 352 322 322 313 312 308 301 308 316 304 280 275 317 295 344 11 3 333 299 280 270 266 286 269 277 293 305 302 304 299 296 294 287 60 259 45 39 44 50 52 51 44 32 29 36 43 42 46 49 42 276
337 28 92 83 88 82 80 68 72 69 61 55 51 53 81 53 311 4 353 353 350 2 17 4 25 89 97 46 21 39 46 17 359 4 12 16 11 6 11 10 19 12 28 9 22 358 347 319 317 315 311 307 311 318 313 290 274 274 278 303 2 12 359 340 315 293 283 277 288 271 274 283 299 294 295 302 310 308 311 305 31 29 325 29 29 22 15 14 18 25 27 26 26 26 28 33
1 25 62 70 82 77 75 64 66 62 55 49 67 72 71 21 321 8 357 357 356 20 33 14 44 238 78 28 27 44 40 10 353 8 26 22 4 356 11 7 18 5 23 30 27 6 323 346 329 329 317 313 315 325 305 299 283 279 301 278 317 7 6 355 339 322 312 305 298 291 302 307 298 287 290 333 324 324 330 327 313 305 321 16 21 21 17 18 23 28 30 31 335 30 33 39
351 7 48 54 73 71 70 59 59 54 51 44 70 73 65 20 329 11 9 359 8 41 34 12 63 110 44 32 50 45 25 4 353 18 26 23 356 342 9 3 19 2 13 22 10 16 352 333 334 330 326 318 318 325 324 303 291 294 283 279 287 336 5 359 342 328 319 316 313 312 296 299 304 305 305 312 330 327 336 341 319 302 308 8 19 31 34 39 41 40 42 43 42 42 338 325
27 33 38 46 66 65 51 54 53 49 48 47 49 77 62 19 332 30 25 359 27 34 35 33 286 69 34 48 50 31 9 357 360 28 29 19 353 343 9 359 15 359 2 15 27 24 6 327 336 341 324 321 319 337 322 318 308 310 293 312 279 296 349 359 344 326 315 313 310 320 327 325 326 326 320 319 331 332 336 2 335 309 301 306 17 29 38 307 307 57 57 55 52 51 317 58
1 21 37 38 40 42 47 49 46 46 53 76 44 74 60 3 336 26 20 7 39 40 38 50 280 47 34 41 32 27 12 357 26 33 28 3 349 353 7 13 12 353 355 7 22 6 19 4 332 342 330 329 327 335 320 333 322 303 291 297 281 287 318 348 350 336 322 312 300 311 329 333 329 329 333 328 328 338 334 335 337 311 292 296 310 19 32 338 305 293 57 63 60 57 326 323
3 23 23 25 30 35 44 43 41 52 59 70 68 26 51 343 359 34 20 20 41 42 57 310 45 30 38 36 21 28 18 2 24 28 10 353 343 359 6 10 14 355 351 4 12 25 344 342 329 345 340 334 334 338 337 338 322 306 294 290 318 282 295 326 346 343 333 317 304 300 317 328 329 327 341 351 326 338 341 320 318 314 7 11 314 20 336 335 324 49 51 299 60 58 55 327
353 15 14 17 24 34 43 38 38 45 54 62 52 12 37 348 13 31 25 34 47 57 71 47 359 26 34 30 25 34 25 8 27 23 5 350 340 359 9 12 8 356 355 359 359 16 4 19 329 348 347 339 341 344 340 340 321 308 311 292 309 279 285 305 330 328 327 321 303 295 305 318 329 326 344 348 340 336 345 332 327 334 324 322 324 23 341 321 325 317 45 47 298 54 59 54
1 11 10 13 21 34 36 32 38 43 54 56 48 12 28 356 25 37 37 45 55 52 70 78 313 16 23 26 25 36 37 6 17 11 360 38 339 356 10 26 353 348 357 354 6 7 15 349 333 347 349 337 343 350 351 345 317 321 317 289 290 324 279 291 320 328 332 316 311 299 289 293 310 317 342 333 358 358 340 315 337 358 339 328 327 24 31 341 339 344 331 45 52 298 358 63
352 7 6 8 16 32 32 29 34 48 47 59 35 46 20 335 37 344 45 5 38 62 42 70 330 15 21 30 24 33 38 6 3 14 356 344 351 357 20 27 356 344 346 350 346 5 12 19 343 328 346 332 336 358 345 347 343 317 334 301 309 290 316 327 297 343 348 337 331 324 321 313 304 305 330 344 343 354 343 333 325 357 353 344 329 31 36 46 48 48 50 341 326 319 298 355
354 2 1 360 11 29 34 30 32 39 58 31 54 47 15 15 351 353 353 13 46 59 78 62 326 13 22 41 28 22 36 13 6 23 355 344 340 1 29 17 359 359 339 346 350 357 7 24 32 20 336 330 331 341 345 355 352 347 355 342 336 310 282 300 282 325 353 348 343 336 330 330 324 315 302 319 324 343 340 341 307 338 24 357 329 332 51 59 58 59 357 5 360 323 80 92
349 354 356 351 13 26 30 31 26 26 40 41 49 42 12 31 354 1 2 19 51 36 76 45 339 4 33 54 24 3 31 24 21 16 356 344 351 12 28 357 357 8 352 335 333 354 3 8 30 25 13 325 342 339 338 352 358 351 347 354 356 341 316 296 323 305 341 354 350 344 335 317 336 331 322 315 318 329 342 353 1 316 23 45 353 323 328 344 6 72 343 344 11 334 76 82
346 350 352 351 15 18 25 25 22 18 26 33 47 35 9 34 359 9 17 42 43 80 69 36 358 11 48 63 21 357 24 31 24 5 359 347 358 34 25 353 0 359 358 340 325 342 354 346 26 355 347 25 2 337 331 343 360 357 350 359 339 357 344 327 307 302 320 329 351 327 339 333 341 338 333 324 318 316 336 358 22 36 331 59 64 360 331 326 322 12 3 335 19 26 337 74
342 346 348 355 8 11 21 21 19 17 24 32 43 29 10 1 3 15 35 35 36 79 53 33 347 29 51 54 24 355 31 37 4 6 10 358 19 39 10 0 12 349 350 341 337 331 353 310 22 5 343 345 350 334 327 327 348 353 349 356 2 342 354 347 336 304 319 345 348 346 341 332 342 343 315 333 307 329 330 331 44 63 299 339 19 23 10 341 340 318 349 329 334 16 24 75
342 342 349 1 5 10 3 18 19 25 28 35 17 19 7 6 10 28 47 38 77 68 40 31 14 32 44 45 31 356 19 24 351 6 12 13 30 27 14 55 50 268 318 341 343 333 345 293 17 15 346 3 342 336 323 308 315 348 351 346 351 348 350 342 352 349 339 346 338 347 345 339 320 342 326 317 312 318 322 202 326 104 92 290 336 21 17 17 16 347 326 333 91 339 350 92
340 342 350 357 2 8 19 21 20 26 31 39 29 2 27 16 34 42 38 29 69 54 33 35 5 39 47 45 35 6 4 28 2 352 10 20 24 18 41 39 48 18 313 351 348 341 338 17 346 47 346 357 342 324 294 281 348 290 322 328 331 344 333 336 326 320 329 341 346 334 329 351 300 319 325 320 319 318 295 276 289 328 337 324 319 348 359 345 14 23 349 332 341 284 99 110
333 342 348 354 0 8 20 21 23 23 36 46 33 11 25 33 37 33 67 67 64 50 36 49 17 52 52 48 40 12 7 67 17 328 5 17 14 18 23 49 57 41 317 3 3 342 346 269 276 52 358 342 332 230 269 270 263 346 268 279 285 291 293 296 332 327 331 335 341 342 337 317 310 314 321 323 325 335 298 107 127 271 312 328 330 336 349 97 96 303 337 18 88 84 81 83
336 342 349 355 360 8 4 13 17 22 39 52 40 8 16 30 39 24 59 63 60 51 53 17 30 48 54 52 44 29 45 57 9 161 341 11 5 15 38 87 69 55 339 11 21 347 358 251 24 23 8 347 319 227 229 233 245 247 245 341 335 337 255 278 336 355 337 333 335 340 349 338 327 11 20 308 301 313 328 302 275 104 290 315 324 344 15 32 85 85 83 79 76 72 68 64
341 342 343 352 2 5 11 20 16 23 42 53 44 356 12 30 37 60 63 67 59 52 66 16 41 57 73 71 48 45 54 45 13 118 321 8 1 6 178 149 129 121 153 15 31 351 352 359 23 172 20 352 172 329 355 215 333 334 219 336 336 335 330 243 330 326 330 328 328 329 337 339 332 315 33 34 42 44 60 300 297 293 292 308 344 318 336 87 81 76 72 69 64 60 56 54
346 344 348 350 2 1 9 19 15 27 47 35 46 24 14 35 34 69 69 68 60 57 65 31 62 81 89 72 41 45 95 37 18 76 149 3 6 6 182 165 158 4 169 13 39 344 339 6 45 44 34 2 159 193 343 215 341 332 351 334 335 333 329 322 320 313 317 320 316 317 322 338 349 343 325 310 314 304 43 282 285 277 99 94 277 86 79 78 75 69 63 57 52 50 50 52
350 348 349 353 2 8 15 18 12 28 48 35 45 31 13 15 31 73 73 70 64 66 8 47 59 81 94 49 34 40 46 29 20 357 93 338 17 8 182 169 157 49 165 349 26 328 328 70 208 186 54 9 160 184 213 358 206 332 214 217 324 324 212 327 329 322 312 313 305 303 308 328 237 293 3 331 329 332 313 70 69 62 61 65 62 60 65 70 67 61 55 51 48 48 51 55
354 350 346 352 358 6 16 16 8 23 44 53 46 38 28 31 26 72 76 74 69 65 23 48 65 84 57 44 44 50 33 17 10 2 342 350 25 10 178 60 64 18 156 345 13 337 37 225 208 188 185 176 312 294 292 340 354 327 337 210 334 313 321 308 329 255 324 313 302 296 293 309 245 255 347 332 330 337 333 307 306 321 309 47 50 52 58 64 58 58 55 53 53 55 58 60
352 5 345 348 359 356 17 19 17 35 58 21 57 20 55 24 68 21 77 75 69 9 35 31 66 83 33 38 54 51 12 359 357 356 351 6 28 30 62 162 58 9 155 152 172 19 51 59 197 188 191 176 317 173 191 315 326 309 337 343 339 336 306 297 320 251 273 326 309 300 298 313 259 270 332 321 319 317 311 299 299 310 331 337 330 333 334 322 59 61 67 69 69 71 71 71
354 320 323 323 349 346 19 7 22 92 38 23 74 29 27 24 32 40 77 73 64 11 34 49 74 81 38 41 40 36 16 358 359 10 20 53 188 177 155 144 151 169 166 141 156 46 47 203 191 183 185 9 329 175 188 195 284 298 317 327 338 328 297 287 294 324 325 316 312 293 289 321 261 274 330 326 323 309 51 38 36 39 50 312 336 343 335 67 53 58 335 79 81 80 78 75
319 319 325 333 353 350 18 4 36 62 97 31 29 30 28 23 30 32 82 77 71 14 29 45 89 81 45 33 17 22 26 2 19 36 211 228 194 171 129 120 134 171 175 158 161 185 194 195 185 175 174 7 319 182 190 193 277 200 282 311 325 330 304 208 223 280 309 310 310 295 288 315 258 331 332 349 49 337 308 33 34 32 44 53 45 316 316 341 60 62 325 73 82 92 84 79
353 313 338 334 354 351 351 40 24 49 33 32 35 25 28 21 21 33 85 83 87 10 33 114 99 86 39 27 83 41 111 20 34 48 287 206 177 153 120 110 121 161 169 165 171 177 175 180 178 169 163 162 170 184 189 192 197 202 209 212 320 295 285 223 223 216 217 288 295 295 289 297 323 323 334 349 10 25 36 303 41 41 306 312 311 41 328 334 334 66 68 345 72 77 80 83
