examples/cougarCreek-fire/createInputs/WindNinja/wrfout_d3.2015081012.f21/cougarCreekFire_08-11-2015_0900_217m_non_neutral_stability_ang.asc
ncols	146
nrows	140
xllcorner	610065.000000
yllcorner	5095217.000000
cellsize	216.586807
NODATA_value	-9999.000000
[rows 0 to 47 of 140, columns 0 to 95 of 146]
72 45 57 72 86 56 48 47 51 57 63 69 76 77 78 68 73 58 36 31 31 40 56 72 83 85 84 83 84 88 90 95 65 58 55 56 61 70 76 79 80 78 74 69 66 62 58 55 51 20 38 326 25 8 22 19 358 323 14 12 13 348 7 7 7 344 1 359 360 360 1 2 359 353 351 352 353 349 351 352 351 351 351 351 351 351 348 342 334 329 314 305 317 302 303 302
72 45 57 72 86 56 48 47 51 57 63 69 76 77 78 68 73 58 36 31 31 40 56 72 83 85 84 83 84 88 90 95 65 58 55 56 61 70 76 79 80 78 74 69 66 62 58 55 51 20 38 326 25 8 22 19 358 323 14 12 13 348 7 7 7 344 1 359 360 360 1 2 359 353 351 352 353 349 351 352 351 351 351 351 351 351 348 342 334 329 314 305 317 302 303 302
107 73 72 102 123 96 69 48 82 99 109 121 71 100 116 111 109 67 56 35 37 47 61 71 76 76 129 126 91 93 94 126 78 76 57 55 111 101 73 169 143 198 173 170 213 45 297 274 317 303 309 304 338 6 21 19 358 328 11 2 333 333 345 336 338 330 359 358 343 1 4 3 341 352 349 333 328 351 351 352 351 350 350 350 351 351 350 346 340 336 323 310 312 287 279 284
124 90 80 113 121 107 102 89 87 74 105 116 86 93 132 120 118 100 90 65 49 58 72 68 68 82 139 125 86 86 149 137 113 114 109 97 100 109 121 146 145 150 140 149 130 255 236 126 231 269 302 329 334 356 18 20 358 2 1 345 341 344 354 344 346 354 357 350 348 5 348 347 354 349 349 338 337 355 352 351 349 348 349 349 350 352 352 352 351 353 351 340 326 316 315 290
45 102 81 106 119 108 87 93 61 63 98 107 71 72 99 137 128 102 102 96 69 62 65 99 68 73 88 132 131 137 140 141 121 117 123 110 105 115 108 122 149 137 153 169 117 258 197 143 246 315 308 318 326 354 356 357 326 11 351 2 354 335 349 343 350 359 350 0 4 351 351 357 352 350 339 345 2 357 350 348 346 346 348 349 351 352 353 355 358 1 359 354 346 336 326 321
123 95 79 99 114 119 114 109 104 96 92 99 87 70 93 102 137 101 98 80 76 66 66 96 108 73 85 132 132 139 149 163 126 127 130 114 114 116 129 134 155 142 171 198 162 185 218 278 305 316 318 316 325 349 340 336 360 3 359 351 342 338 344 339 0 351 346 353 348 356 358 350 347 354 359 4 346 354 347 343 342 343 346 348 351 352 354 356 360 0 358 356 355 352 343 327
135 101 81 81 104 113 112 88 103 107 98 94 104 70 67 100 146 116 82 77 78 75 73 74 109 71 140 125 131 145 153 149 134 138 132 114 118 124 113 126 131 160 191 210 189 268 273 293 29 357 350 341 314 312 328 350 352 350 338 336 337 345 341 350 359 349 348 349 351 358 348 345 358 359 2 343 359 350 343 340 338 340 343 346 350 352 354 357 359 358 357 357 358 360 359 352
127 120 110 103 104 117 117 104 97 77 99 95 101 88 86 87 140 134 115 77 79 77 74 75 106 75 84 138 130 91 162 143 135 161 138 116 129 132 130 122 131 153 179 185 208 258 292 6 350 342 300 297 305 315 323 329 338 342 330 332 338 334 330 358 343 347 350 348 353 348 359 1 346 344 359 349 355 347 340 337 336 338 342 344 348 351 354 357 358 357 356 357 359 0 1 360
132 119 114 107 102 112 119 117 110 105 107 79 74 112 69 69 100 140 121 77 80 82 71 71 106 79 88 142 132 144 160 145 158 169 140 124 140 140 129 127 140 143 161 175 59 244 263 294 273 284 282 294 309 313 328 330 332 333 331 333 328 335 342 343 343 348 348 348 350 347 1 343 355 357 344 342 354 344 338 337 337 339 341 343 346 350 353 356 357 357 357 357 358 359 359 359
137 123 113 106 99 101 104 111 113 110 110 108 102 107 128 88 97 101 132 83 81 87 79 73 78 119 88 143 142 142 160 155 159 160 141 130 140 137 123 126 150 169 171 147 232 7 249 249 277 281 290 306 304 303 293 308 318 324 321 316 330 352 333 338 343 345 345 346 348 348 349 359 357 348 344 0 351 342 339 340 341 341 341 342 344 348 352 355 356 356 357 357 357 357 358 358
56 139 131 114 107 98 94 101 104 106 108 108 107 103 80 82 85 102 139 113 88 108 86 77 77 113 86 138 137 139 166 155 154 164 142 133 138 131 126 140 153 178 94 222 249 358 249 258 269 291 320 300 279 281 294 297 307 318 305 328 340 327 330 337 342 347 348 349 350 349 350 353 349 352 351 357 348 342 342 344 345 344 343 343 344 347 351 353 354 355 355 355 355 356 358 359
48 136 139 132 124 111 97 95 102 107 108 109 113 107 110 114 72 97 131 122 90 111 93 84 82 99 87 142 139 144 168 161 169 165 145 135 132 130 136 136 151 96 193 96 64 336 246 250 272 286 282 277 270 275 288 296 305 312 311 339 325 324 331 334 340 346 2 3 3 3 352 353 358 350 359 353 346 343 345 348 348 346 345 344 345 347 350 352 353 353 352 351 353 357 0 0
115 104 109 118 125 117 103 89 90 101 104 107 110 117 80 82 80 140 119 122 111 115 120 95 88 87 88 128 133 97 169 162 164 97 146 138 138 137 130 87 142 105 107 220 36 245 232 259 272 272 266 262 267 275 280 289 303 309 311 321 332 351 329 336 360 2 3 4 3 2 0 358 352 350 356 350 345 345 348 350 339 348 346 345 345 347 348 350 351 352 351 348 350 357 1 1
25 40 67 93 107 111 107 84 72 69 92 102 104 111 77 81 82 140 131 121 114 112 121 115 94 90 125 135 132 102 167 174 156 156 143 135 143 146 96 97 135 109 118 107 241 224 228 257 268 261 259 259 268 268 284 292 301 314 314 317 332 348 354 333 335 339 339 341 339 342 354 354 355 356 353 348 346 348 351 352 352 350 348 347 347 347 348 349 350 351 350 348 350 356 0 1
27 64 76 84 91 98 109 106 90 76 73 88 94 94 105 67 73 83 138 129 128 120 126 130 99 94 123 126 136 104 180 172 152 151 142 135 146 146 105 106 107 110 124 230 223 221 236 266 273 264 253 259 262 265 276 282 296 308 312 314 317 317 317 327 331 335 341 343 343 351 346 340 353 347 350 348 348 349 351 352 351 350 349 348 348 347 347 348 349 349 347 347 351 356 360 6
74 82 91 93 93 102 114 118 113 91 76 88 98 92 87 96 67 66 129 120 123 120 124 138 124 114 122 131 137 105 176 159 155 117 144 146 141 102 105 107 159 109 130 228 222 232 254 268 268 250 247 259 269 276 276 285 301 302 303 309 307 304 306 314 328 339 340 345 350 339 338 352 351 349 348 347 348 350 337 350 349 349 348 348 348 347 346 347 348 347 344 342 347 355 4 20
77 81 89 102 99 97 107 113 118 113 96 94 110 114 93 72 63 100 104 105 112 113 119 100 134 119 125 124 102 155 168 152 154 159 150 153 110 105 104 147 111 118 141 199 232 243 258 262 255 246 246 268 278 278 276 299 300 305 297 303 309 305 312 320 331 338 338 346 341 346 351 354 349 346 345 345 346 349 350 349 348 348 347 347 347 346 345 347 348 347 341 336 337 345 342 14
89 84 85 99 105 94 93 105 116 122 106 95 100 108 95 82 68 61 86 73 96 97 100 87 134 120 126 124 104 155 161 157 159 156 159 153 116 109 107 153 112 125 150 226 237 248 256 254 251 251 266 280 281 273 286 294 288 301 298 291 299 305 313 316 323 335 340 345 351 354 344 338 335 332 330 329 343 346 348 349 342 349 348 348 347 344 344 346 349 348 342 336 336 340 312 332
117 105 101 105 119 116 105 111 123 131 119 103 95 95 103 101 93 93 96 89 95 100 91 102 117 121 123 122 135 155 160 161 162 139 165 152 126 117 138 155 167 195 158 203 240 244 251 253 248 261 272 278 270 262 279 282 276 279 287 291 295 300 306 315 326 333 339 355 350 343 339 341 337 338 333 331 335 344 345 348 350 350 350 350 347 343 343 347 350 348 342 338 341 349 356 316
143 126 113 111 120 123 112 109 120 129 118 110 96 95 111 117 116 105 106 97 94 102 86 94 100 112 98 120 144 155 159 164 171 187 153 141 135 128 140 155 170 192 164 211 243 245 250 253 263 271 272 263 278 262 277 277 277 281 287 289 290 298 298 312 319 329 330 330 336 337 340 338 334 343 342 333 333 330 329 337 348 350 351 350 346 343 344 347 350 347 341 340 346 350 347 310
14 142 122 114 119 119 114 110 117 127 112 109 123 99 95 107 112 112 113 106 96 111 84 72 87 107 91 117 140 148 157 166 172 188 161 142 138 134 129 160 137 149 177 217 246 251 255 260 267 267 267 258 261 274 283 265 277 286 282 287 291 298 302 311 320 327 331 335 341 335 342 336 334 333 342 332 334 335 335 332 340 349 350 348 345 344 345 348 350 347 342 341 347 346 302 305
145 120 118 114 119 115 110 108 112 125 118 112 132 132 93 85 87 93 96 97 94 106 95 90 92 103 108 121 134 147 157 159 176 193 163 143 151 134 151 135 145 163 196 226 248 247 252 262 263 255 258 254 261 262 284 265 298 288 285 288 290 299 304 311 331 325 328 329 339 337 331 331 334 338 336 336 332 331 338 339 349 348 348 347 345 344 345 348 349 347 344 345 350 357 357 334
73 77 85 90 103 102 97 100 105 119 118 111 118 153 116 91 79 81 82 96 96 97 92 83 83 97 108 115 127 145 153 156 186 189 162 146 139 133 153 135 150 179 213 234 249 252 259 261 250 248 250 272 276 253 284 288 292 276 287 290 295 301 305 326 330 324 325 328 326 333 334 331 332 343 330 329 332 332 334 334 334 347 346 348 346 343 344 347 347 347 349 356 2 10 15 356
90 74 71 65 75 85 95 104 109 120 124 111 111 140 129 115 103 96 92 98 105 102 100 73 61 87 93 114 121 137 148 156 175 184 161 152 141 135 154 137 157 190 220 246 249 254 257 253 247 249 266 269 276 278 284 287 291 299 303 289 298 300 309 306 317 319 320 323 327 334 328 339 328 329 330 329 331 336 341 337 336 333 347 347 345 342 342 344 345 348 356 6 14 22 29 13
9 58 49 62 72 79 90 100 106 115 129 119 112 124 132 116 107 99 93 87 93 100 105 95 66 84 103 115 123 126 134 152 172 184 172 156 143 146 158 145 172 235 241 251 252 249 252 254 252 252 265 270 275 277 280 271 276 282 285 306 314 295 322 330 331 325 324 324 328 329 331 333 330 332 328 328 329 332 349 351 344 340 349 345 342 339 339 339 341 350 3 11 18 31 42 24
354 60 72 79 91 97 93 102 104 107 125 123 110 108 130 123 111 102 96 88 84 95 102 95 77 81 101 116 120 117 135 156 178 188 180 153 141 159 169 154 185 237 245 249 251 257 261 260 253 248 267 272 275 276 278 271 279 285 303 303 309 301 323 318 325 326 328 331 330 342 337 335 332 331 336 330 337 333 334 350 351 353 350 346 341 338 337 333 334 348 5 13 21 15 29 28
290 26 13 72 85 94 88 89 94 98 113 113 110 107 115 128 116 105 101 93 88 96 97 87 71 75 97 115 116 119 134 156 178 187 173 153 160 170 181 212 227 230 239 243 246 249 250 249 247 263 266 271 275 277 277 280 287 296 299 302 292 297 308 320 328 329 342 346 348 345 336 339 337 336 330 340 341 347 333 333 349 349 349 347 343 340 338 332 329 337 359 21 37 13 19 22
53 70 73 74 72 80 89 87 82 85 102 113 119 111 100 109 106 102 105 96 93 100 98 81 60 65 84 104 113 122 138 152 165 172 164 164 170 182 198 213 222 225 232 240 245 246 248 252 254 264 265 271 276 275 278 284 288 293 298 303 309 304 323 331 338 348 346 347 336 331 329 327 327 328 332 329 330 327 337 331 333 335 347 346 343 341 341 334 329 328 319 287 350 350 0 0
113 107 104 90 77 77 88 103 101 92 101 118 120 112 95 99 103 101 106 98 94 100 105 87 55 49 68 85 105 122 141 152 151 162 168 175 184 198 207 215 223 227 234 243 250 256 260 261 252 265 266 272 275 278 281 286 289 293 299 305 310 317 313 330 335 339 342 343 334 332 330 327 323 321 319 317 317 319 325 328 332 334 347 344 343 343 342 336 333 337 333 342 260 346 340 337
136 125 117 101 88 80 82 95 117 112 112 119 128 143 120 106 108 106 109 102 98 105 109 106 78 61 62 72 97 112 135 145 150 162 169 175 192 207 209 217 225 233 243 249 250 253 258 250 262 263 264 269 274 278 283 287 288 293 299 304 306 312 321 329 332 333 325 326 328 331 331 325 329 327 324 322 322 323 325 330 333 338 335 346 346 349 347 342 341 347 355 359 11 321 334 327
196 155 137 128 112 94 82 83 97 106 106 117 123 121 141 115 119 123 121 115 111 116 116 121 106 84 72 72 92 103 127 143 158 167 176 189 207 204 214 224 231 242 251 252 248 249 248 256 258 259 260 264 272 280 282 283 286 293 299 292 296 304 321 320 323 322 323 323 333 335 335 343 342 332 331 330 332 331 331 331 333 335 341 358 357 355 351 347 346 351 359 8 12 302 320 341
266 214 140 119 114 99 92 92 95 103 100 100 105 112 139 124 116 122 121 117 118 126 126 128 116 99 90 79 88 98 117 129 167 177 186 210 211 202 216 230 240 248 254 258 259 255 251 252 255 258 259 262 268 277 277 279 289 297 302 291 297 305 320 317 322 325 327 329 329 329 330 331 333 332 329 329 331 331 331 335 345 338 359 4 1 355 352 351 351 357 2 10 18 330 329 349
269 239 230 138 115 116 108 100 98 105 106 105 117 128 141 130 114 109 108 105 110 120 124 130 124 115 98 90 90 95 104 122 165 188 196 208 204 206 218 226 239 251 257 259 263 264 264 253 257 259 261 263 266 270 272 276 288 299 291 291 294 299 307 316 323 334 337 341 342 341 337 334 333 325 322 327 327 337 345 345 345 349 353 354 355 355 354 354 359 6 10 13 21 23 343 346
249 249 273 237 158 141 125 112 106 107 119 131 141 144 139 135 121 104 89 83 89 104 110 107 106 113 117 101 96 97 103 116 162 195 209 213 214 220 230 238 247 253 256 260 269 270 274 258 264 267 267 269 270 271 271 273 281 293 297 297 301 300 306 313 318 318 320 323 322 315 316 329 332 335 339 328 329 331 336 341 342 334 340 338 348 355 355 359 7 16 18 18 24 29 342 335
265 265 154 266 201 141 133 126 124 129 131 133 135 144 156 139 127 106 91 91 97 101 106 109 102 106 109 103 99 101 106 110 152 206 221 225 228 235 251 261 262 262 266 267 271 275 278 264 271 279 281 277 274 273 274 274 271 275 287 294 300 306 302 304 311 313 310 315 331 328 325 326 331 323 333 338 336 329 324 326 331 325 333 316 352 1 359 4 17 26 26 27 34 38 330 326
85 96 109 138 178 154 132 122 121 125 125 114 115 130 148 174 181 187 189 154 136 121 115 109 107 98 95 94 96 101 106 103 111 227 235 235 240 246 250 254 260 264 267 265 264 268 274 280 290 278 284 287 281 272 271 274 269 264 272 286 289 293 306 315 330 334 334 332 332 333 331 331 322 339 331 333 330 327 325 322 321 334 328 327 354 4 5 11 24 33 34 37 48 52 350 335
124 116 125 137 170 157 158 130 122 119 116 111 112 117 127 140 148 148 149 140 124 120 112 111 100 89 89 91 93 94 95 96 96 231 234 233 236 252 254 255 256 260 261 263 269 266 266 272 282 276 278 284 285 278 273 273 269 264 267 276 285 294 305 310 323 335 338 338 339 329 339 337 337 334 338 346 344 341 327 337 336 323 327 329 348 356 6 17 28 37 42 46 56 60 350 337
115 119 132 136 130 135 136 123 117 112 108 112 116 112 114 117 117 119 112 101 95 101 100 90 89 85 85 95 92 83 75 80 82 282 261 257 253 248 249 252 255 254 260 263 262 272 275 270 273 280 286 276 278 291 279 274 268 265 267 273 273 281 292 306 319 329 333 334 337 339 340 342 325 336 330 338 341 338 337 336 335 323 322 309 327 352 4 18 32 43 49 53 58 64 344 324
215 211 146 134 121 117 145 152 102 101 98 109 107 105 99 100 100 93 83 82 84 86 88 86 77 70 84 92 87 77 71 74 60 294 286 285 276 243 243 273 270 265 259 266 270 269 268 271 263 273 280 285 285 289 287 284 279 276 268 271 274 279 285 291 286 304 288 287 292 304 315 331 339 335 332 334 339 341 339 336 334 332 333 334 344 4 14 20 38 50 55 55 55 60 56 1
211 138 126 124 115 101 144 95 104 101 107 108 101 106 103 103 99 90 83 83 80 74 92 93 78 73 92 93 79 77 75 70 43 294 291 300 299 293 288 262 260 279 259 261 269 270 272 268 267 268 269 273 273 276 282 286 282 280 283 275 271 273 277 278 279 279 280 281 284 289 302 298 304 311 317 323 328 336 341 339 334 329 330 335 348 326 35 31 49 59 59 57 52 48 53 29
213 82 93 95 143 137 140 94 103 105 108 116 117 118 109 109 99 81 67 66 72 84 103 94 74 76 95 93 85 81 78 66 26 328 291 286 287 288 293 296 285 277 279 262 256 255 261 264 264 276 275 274 269 266 270 270 265 262 264 260 268 277 274 273 273 283 286 286 294 298 305 311 309 293 296 304 309 320 333 339 339 333 329 334 354 312 29 44 69 80 70 63 56 48 51 60
184 146 71 77 129 129 135 97 103 106 112 117 120 119 106 104 86 64 68 84 97 107 105 85 66 80 95 97 95 89 76 52 17 329 293 287 289 285 280 282 290 281 277 278 280 280 268 266 283 283 280 282 270 283 277 275 272 272 257 251 264 261 270 274 278 282 283 281 283 287 286 300 308 306 302 310 308 312 319 329 338 340 339 344 1 23 264 38 58 91 87 75 65 57 57 62
89 60 63 89 102 126 94 105 103 106 114 118 117 111 103 89 74 78 97 108 113 109 94 65 68 96 102 99 97 92 75 54 33 2 332 309 294 288 282 277 279 282 278 275 272 271 275 279 283 271 282 282 286 285 280 257 253 276 278 277 248 277 271 243 243 239 239 242 246 251 247 245 244 243 253 269 304 320 317 328 331 340 349 357 13 26 22 285 31 71 90 84 74 67 64 64
124 127 104 158 133 130 106 110 108 112 116 114 124 118 89 63 80 87 102 112 110 97 75 59 83 106 99 91 91 93 77 58 44 27 12 344 306 293 288 280 274 275 275 269 260 262 266 268 271 277 277 277 285 285 281 280 277 275 258 248 247 240 236 244 250 256 259 261 275 263 277 275 272 272 277 268 274 282 316 332 333 335 352 6 23 36 40 36 309 83 87 87 80 72 68 67
144 153 167 115 105 95 111 108 110 114 104 103 68 65 65 66 77 65 88 99 93 80 67 70 93 100 87 79 89 95 75 57 44 32 27 18 337 307 297 290 280 270 261 262 263 267 271 276 279 276 271 272 276 275 268 258 248 246 244 249 252 249 250 265 274 288 302 312 315 314 315 313 311 312 314 314 303 305 298 342 332 336 351 15 34 50 56 55 51 92 101 90 49 78 43 45
101 111 111 100 98 95 103 105 106 103 146 49 55 75 77 69 42 69 96 97 94 86 83 75 88 87 73 75 95 93 72 58 49 40 31 17 359 349 332 302 284 298 288 285 288 276 275 276 281 284 273 258 255 254 252 247 255 257 260 259 260 271 276 281 288 300 305 315 327 321 316 326 325 322 321 319 330 311 303 296 5 336 359 31 52 64 69 68 67 69 92 93 83 79 44 79
125 131 141 89 89 88 85 91 87 136 45 55 69 75 67 57 58 96 107 106 103 88 77 58 58 63 62 79 94 83 66 57 52 46 37 25 1 341 328 329 326 314 309 306 304 287 285 277 270 256 257 258 263 265 264 262 262 273 280 284 285 286 288 289 293 295 320 324 312 329 338 345 344 324 321 323 342 323 309 295 295 350 21 53 62 71 79 79 77 78 349 96 85 78 78 77
112 116 127 86 87 84 124 54 54 40 59 67 77 75 76 92 156 168 113 106 95 75 48 28 36 46 64 84 89 78 65 60 60 48 46 37 356 341 333 322 335 320 323 326 305 301 290 277 273 263 260 266 276 277 273 275 279 279 283 287 284 283 282 283 287 292 299 309 322 325 330 316 312 311 313 313 332 342 341 290 265 58 110 72 65 71 76 80 80 83 90 99 94 46 79 77
