examples/cougarCreek-fire/createInputs/WindNinja/wrfout_d3.2015081000.f22/cougarCreekFire_08-10-2015_2200_217m_non_neutral_stability_vel.asc
ncols	146
nrows	140
xllcorner	610065.000000
yllcorner	5095217.000000
cellsize	216.586807
NODATA_value	-9999.000000
[rows 36 to 71 of 140, columns 0 to 80 of 146]
9.05 9.74 10.46 11.51 11.37 14.60 14.91 10.77 16.73 17.06 16.91 16.27 15.87 18.37 18.66 17.96 17.62 17.99 18.26 19.12 19.92 19.75 20.64 21.56 22.40 22.32 23.64 23.24 20.97 8.54 10.48 12.99 11.97 10.55 8.86 7.26 6.52 6.36 6.22 6.24 6.34 7.16 9.65 10.17 10.59 10.74 11.01 11.48 17.48 17.92 13.26 13.27 12.77 13.65 13.79 14.25 19.97 20.39 20.85 21.15 21.50 21.78 22.01 21.27 21.10 19.74 17.45 17.66 18.69 21.91 18.24 18.02 17.45 16.65 14.56 14.37 14.26 14.06 13.78 13.58 13.41
8.99 9.60 10.25 11.30 11.35 11.20 10.82 16.27 10.60 16.63 16.42 16.12 15.80 17.83 18.12 18.12 17.98 18.99 19.83 19.70 19.35 19.21 20.68 21.58 21.83 21.97 21.72 23.36 24.02 18.97 12.10 11.85 13.72 14.65 14.43 14.78 13.42 11.44 11.16 10.72 10.29 10.14 9.88 10.26 10.29 10.86 11.46 11.62 15.56 16.67 18.20 13.92 14.22 14.03 14.28 14.86 14.98 15.43 16.27 16.92 17.52 17.92 18.35 18.81 19.34 19.99 20.44 20.54 20.48 20.40 20.50 23.12 20.71 15.47 15.16 14.74 14.39 14.11 13.88 13.74 13.52
9.01 9.59 10.20 11.23 11.30 11.12 14.79 10.48 16.22 16.00 16.35 16.37 17.32 17.08 17.39 17.55 18.02 18.84 19.25 19.37 19.28 19.27 19.70 21.19 21.36 21.07 21.01 22.71 23.13 12.81 13.21 8.89 9.28 11.39 13.17 14.65 14.57 16.20 16.18 16.72 15.29 14.54 11.06 10.23 12.02 12.38 12.54 12.22 12.15 12.32 17.37 18.15 14.16 12.34 12.63 12.61 12.88 13.32 13.63 14.03 16.91 17.17 17.38 17.81 18.43 18.89 18.89 18.74 18.91 19.19 19.23 19.23 19.35 19.69 19.56 16.64 14.88 14.38 13.97 13.68 13.32
9.06 9.61 10.12 11.14 11.14 11.08 15.50 10.52 16.10 16.32 16.31 16.53 15.52 17.25 17.22 17.43 18.08 18.87 18.94 19.20 20.02 19.70 18.71 20.33 21.77 21.49 20.42 23.15 22.26 23.26 13.78 9.59 9.20 8.88 11.35 12.18 12.34 10.27 11.55 12.79 13.32 17.05 18.22 18.80 17.97 17.70 17.75 17.28 15.87 13.06 12.82 16.39 16.04 17.30 14.47 12.21 15.01 15.04 12.45 12.84 13.14 15.90 16.34 17.08 17.39 14.24 13.85 13.78 14.09 14.42 14.48 14.42 14.54 18.01 18.46 18.71 18.91 14.59 14.07 13.56 13.12
9.12 9.49 10.00 11.03 11.06 10.87 14.82 10.52 10.50 16.32 16.35 16.19 16.10 17.45 17.24 17.44 18.32 19.14 18.97 18.78 19.25 18.78 18.30 20.64 19.99 20.78 20.62 22.82 23.82 22.50 13.59 11.84 10.67 9.46 9.65 10.24 10.45 10.73 12.68 9.51 10.07 10.51 10.76 11.04 16.16 17.03 17.85 17.74 17.96 17.98 17.81 17.88 14.14 13.17 13.09 13.22 13.06 12.55 12.59 12.95 15.31 12.75 13.16 13.36 13.03 12.57 12.33 12.43 12.75 13.02 13.02 13.04 13.20 13.39 13.43 13.44 13.65 13.96 17.37 18.16 13.22
9.11 9.39 9.80 10.96 11.07 14.68 10.59 10.58 10.47 16.09 16.25 16.31 16.09 17.26 17.57 17.70 18.98 18.56 18.88 17.82 17.87 18.07 19.42 18.34 18.76 19.57 20.41 21.99 23.00 23.71 19.26 11.93 9.80 8.21 7.18 7.46 9.36 9.96 9.76 12.22 9.55 14.57 14.51 14.91 15.04 11.20 11.88 12.51 13.17 13.81 14.31 14.82 15.13 15.53 15.85 16.06 15.81 15.72 16.15 15.98 12.85 12.50 12.30 11.66 11.01 10.75 10.92 11.33 11.81 12.11 12.12 12.15 12.23 12.35 12.38 12.37 12.60 12.89 12.97 13.04 15.39
9.10 9.30 9.53 9.90 11.31 9.99 10.54 9.86 10.43 10.13 10.11 16.13 16.17 17.64 18.21 18.51 18.75 18.09 17.21 16.62 17.54 18.97 19.40 19.92 19.60 18.17 19.76 21.91 21.42 21.60 22.31 14.94 11.03 9.60 7.74 7.95 8.95 9.21 9.23 9.90 12.66 14.05 14.26 14.00 13.77 14.17 14.75 12.25 12.76 11.98 13.71 12.19 12.31 12.69 12.84 12.59 12.17 11.78 11.38 10.97 10.61 10.41 10.13 9.70 9.40 9.62 10.21 10.85 11.45 11.79 11.80 11.77 11.76 11.83 11.97 12.17 12.41 12.50 12.34 12.34 14.28
9.15 9.24 9.32 9.69 11.08 13.94 10.46 10.53 10.30 10.18 16.02 17.05 17.82 18.23 17.75 17.99 18.30 17.57 17.36 17.36 18.55 19.34 19.63 17.88 19.07 17.91 20.63 20.13 20.70 21.43 23.51 19.82 15.65 12.28 10.19 9.23 9.06 9.08 8.92 8.53 8.87 10.90 12.47 11.01 10.50 11.20 11.91 12.28 14.83 13.06 11.74 11.60 11.61 11.46 10.97 10.45 10.00 9.56 11.27 9.33 9.15 9.02 9.30 9.88 10.61 11.85 12.80 13.24 13.40 13.34 13.24 13.10 13.11 13.09 13.08 12.82 12.60 12.65 12.50 12.44 12.41
9.15 9.23 9.29 9.56 9.90 10.59 10.44 10.36 10.27 15.75 16.87 15.84 16.33 18.01 17.90 18.53 18.47 18.43 17.57 18.60 19.82 17.96 17.75 19.00 18.80 18.89 18.89 19.04 20.08 21.15 23.04 20.66 19.87 17.35 13.82 11.54 10.59 9.35 8.79 8.94 9.14 8.38 9.60 9.84 10.64 11.79 13.58 15.11 13.07 12.01 11.54 11.01 10.65 10.28 9.86 9.57 9.26 9.11 9.45 9.92 10.25 10.89 10.51 11.79 12.92 14.02 14.53 14.21 14.10 14.04 14.03 13.95 13.71 13.44 13.29 14.36 13.71 13.45 13.12 12.89 12.50
9.03 9.18 9.29 9.42 10.47 10.52 10.44 10.40 10.38 15.66 14.27 15.34 17.05 17.27 18.11 18.44 16.55 17.85 16.80 17.68 19.36 19.26 18.87 18.51 19.15 18.76 18.31 19.87 20.04 22.12 22.36 20.65 20.89 19.55 17.29 15.23 13.34 11.91 10.77 10.38 8.57 10.61 10.55 11.17 12.21 12.25 14.31 12.29 11.26 10.97 10.49 9.96 9.48 9.31 9.35 9.38 9.42 10.06 11.24 10.91 11.84 12.97 11.22 11.63 12.03 15.22 17.22 17.06 16.16 17.22 17.86 16.61 16.44 16.42 16.15 15.24 14.00 13.98 13.56 13.05 12.45
9.08 9.25 13.17 9.16 10.37 10.50 14.81 15.38 15.95 13.24 14.80 16.44 16.05 17.52 18.25 17.76 18.33 15.27 16.03 16.99 18.57 18.43 19.93 19.87 17.27 17.34 17.78 19.39 19.96 21.01 22.04 20.96 20.93 20.50 19.87 15.88 15.23 14.64 13.29 11.16 10.42 10.82 11.41 10.70 14.27 15.91 14.41 11.50 10.65 10.10 9.61 9.12 9.06 9.36 9.78 10.46 11.75 12.29 13.99 12.06 12.14 11.41 11.61 14.40 15.14 16.95 16.50 16.05 18.97 21.30 20.63 21.28 19.45 16.65 16.54 17.32 19.84 15.10 13.27 12.85 12.36
9.16 10.65 9.04 8.95 9.12 10.56 12.50 14.85 15.36 14.18 16.43 15.91 15.66 16.98 17.39 16.20 9.47 13.45 15.90 17.31 19.64 18.92 18.01 19.10 17.47 17.03 18.43 18.99 19.20 20.85 21.61 22.46 21.27 20.75 20.42 15.45 15.93 17.28 15.88 14.75 10.49 13.97 18.44 17.74 16.20 14.63 11.98 11.20 10.83 10.78 11.00 10.93 11.79 11.78 12.00 13.25 14.75 11.48 12.59 16.59 16.72 16.59 17.96 19.08 19.97 19.87 19.16 19.33 19.90 19.54 19.32 19.17 18.03 16.24 16.62 16.64 17.26 16.91 14.20 12.45 12.26
9.10 12.74 12.95 13.40 13.71 13.47 12.96 15.35 15.44 16.04 15.51 10.39 15.40 15.51 9.83 9.63 14.43 14.34 16.76 18.32 18.08 16.86 16.70 18.06 17.31 18.67 17.71 18.93 17.32 19.95 21.69 22.77 22.94 20.98 18.10 14.56 15.08 17.19 17.67 18.60 23.22 19.79 20.26 19.90 14.15 12.92 11.76 10.09 11.79 12.69 13.70 11.70 12.23 12.90 12.70 13.49 15.45 22.09 21.70 21.52 21.25 20.37 20.17 20.68 20.48 19.82 19.20 18.67 18.51 18.76 17.30 17.00 17.69 17.78 15.65 15.55 18.16 17.43 15.09 12.07 12.00
12.09 9.92 13.08 11.23 9.51 13.86 14.45 10.68 10.72 15.61 15.54 10.34 10.08 9.86 15.44 17.43 18.08 18.63 17.39 18.01 17.72 18.24 18.13 17.69 17.92 18.92 18.64 18.99 19.66 18.08 21.83 22.18 21.72 22.65 19.01 14.50 14.18 17.01 17.10 21.67 20.51 18.63 19.10 19.61 19.32 14.30 12.25 14.18 14.47 15.93 12.39 11.85 23.99 22.53 19.62 20.63 20.08 19.90 20.07 20.10 16.24 16.24 16.20 19.65 19.91 18.53 18.23 17.32 16.88 16.96 16.72 16.61 16.43 14.91 14.90 14.48 14.36 14.06 13.13 13.21 11.57
8.37 10.62 10.68 9.33 10.60 8.74 8.76 10.60 10.67 10.63 10.27 10.03 9.87 15.27 17.74 16.97 17.38 16.29 16.19 17.44 17.33 19.52 19.67 19.86 18.54 17.52 13.20 18.16 16.19 19.42 22.64 21.96 22.00 22.73 20.62 16.05 15.22 17.11 17.21 17.36 21.49 17.80 17.93 17.56 18.56 20.37 22.12 23.60 24.91 25.34 24.77 23.20 22.37 21.97 21.76 19.98 14.81 14.99 18.87 18.81 15.46 15.48 15.41 15.53 19.10 17.40 16.48 15.40 15.09 14.82 15.04 15.18 13.73 14.74 15.00 13.70 11.93 11.03 12.44 13.73 11.34
8.43 8.55 8.92 10.45 8.56 8.66 10.63 10.71 10.62 10.42 10.06 9.88 9.90 16.68 15.47 15.15 15.99 15.84 16.67 17.41 15.70 15.45 19.67 16.35 19.43 16.80 17.92 12.15 15.14 19.52 22.15 21.46 23.42 22.40 20.89 17.07 15.74 18.28 17.80 16.87 17.07 17.18 16.63 16.88 12.68 13.35 14.08 14.85 16.09 20.93 20.98 21.00 16.03 20.13 14.33 12.63 14.05 14.20 14.17 18.00 17.67 15.19 14.95 14.73 15.43 15.53 18.35 18.29 17.82 16.18 16.43 19.79 16.21 16.67 15.88 15.99 16.04 16.35 12.03 15.28 11.09
11.36 8.64 12.67 8.35 8.49 10.63 10.77 10.83 14.99 10.36 10.28 16.30 15.53 15.04 14.31 14.11 14.72 15.48 16.41 16.46 15.45 16.18 15.88 9.99 17.78 9.76 10.06 11.84 18.63 20.91 22.56 21.62 23.24 22.16 19.04 16.61 16.91 19.69 17.85 17.71 16.75 16.03 14.95 15.06 16.60 12.32 12.24 11.15 11.47 11.87 13.86 14.42 14.76 14.86 14.66 16.10 16.14 14.41 18.12 17.08 16.85 17.37 15.22 12.60 15.26 15.43 15.57 15.80 15.55 15.32 12.19 15.59 15.69 11.75 11.27 11.18 11.01 10.81 10.79 10.86 14.29
7.71 10.75 8.22 8.30 10.85 11.07 14.60 15.08 15.11 15.17 16.35 13.51 9.54 9.79 10.02 9.89 9.69 15.25 15.81 15.50 18.61 15.41 16.13 17.26 17.84 10.28 16.08 17.18 19.48 21.96 21.96 21.29 22.07 21.75 17.99 16.14 16.73 15.68 15.15 14.00 14.91 14.31 13.26 13.59 14.64 11.82 12.06 10.77 10.68 10.75 11.04 11.51 12.19 14.18 14.63 19.85 20.04 17.95 15.12 15.37 15.21 15.09 12.47 12.29 11.93 11.51 11.51 11.45 10.87 10.38 10.45 10.58 10.31 10.12 10.20 10.26 16.22 13.34 10.72 10.80 10.93
6.93 10.70 10.38 10.75 13.58 13.71 14.51 15.06 15.13 15.50 13.45 9.24 9.75 10.25 15.86 14.88 10.16 16.16 16.29 15.18 9.58 9.65 17.10 19.74 16.16 15.23 17.58 18.71 18.67 21.36 20.24 19.79 20.23 22.68 12.98 17.14 19.83 20.81 16.65 17.06 17.11 15.85 13.01 11.86 10.41 10.53 11.12 10.78 11.03 11.26 11.38 11.42 11.66 12.15 13.82 14.35 14.42 14.36 14.70 14.70 13.98 10.88 10.51 10.25 9.91 9.92 10.09 9.83 9.36 9.32 9.56 9.62 9.66 9.94 10.23 10.41 10.63 10.69 10.42 10.21 10.28
6.70 8.58 9.80 12.83 9.10 10.22 11.22 15.19 14.15 13.75 9.63 9.60 10.15 10.71 15.77 15.07 10.26 15.81 9.74 9.50 15.45 18.57 18.89 17.20 18.43 17.37 18.11 17.71 17.28 20.80 21.42 19.72 20.17 21.94 19.74 11.23 20.27 21.39 20.96 20.81 20.64 21.01 15.25 12.22 11.02 10.21 10.24 10.46 10.96 11.50 11.69 11.60 11.52 11.50 11.64 13.45 12.78 10.42 10.35 10.06 9.53 9.43 9.60 9.60 9.56 9.61 9.39 9.04 9.09 9.52 9.93 10.10 10.10 9.96 9.85 9.92 9.87 9.51 9.49 10.07 10.63
7.97 7.30 9.66 10.36 8.03 11.10 11.25 13.93 9.19 9.25 9.55 10.41 10.18 10.19 15.24 10.61 9.94 9.86 8.26 17.04 17.34 17.86 18.31 16.31 16.12 17.38 16.87 15.21 17.22 19.87 20.77 20.19 19.50 21.25 18.10 17.47 19.39 20.45 18.30 18.65 18.70 19.58 18.22 14.61 11.58 11.37 10.13 10.15 10.31 10.87 11.38 11.58 11.51 11.37 11.10 10.31 9.38 9.02 8.93 8.91 9.26 9.93 10.42 10.64 10.75 10.51 9.95 9.81 10.12 10.45 10.63 10.47 10.00 9.51 9.31 9.29 9.23 9.44 10.21 10.77 10.65
7.66 7.22 9.70 7.56 7.72 7.88 11.51 9.18 7.77 7.66 7.66 11.28 8.08 7.80 10.49 10.33 10.18 15.28 14.20 15.09 16.87 17.16 17.47 10.25 15.61 16.99 15.65 15.42 18.89 20.47 20.71 18.29 17.85 20.87 15.43 14.58 20.18 20.00 16.97 18.59 18.63 18.81 21.26 16.95 13.78 12.44 11.51 11.14 11.08 10.61 10.77 11.16 11.38 11.24 10.63 9.74 9.28 9.36 9.54 9.78 10.13 10.34 10.41 10.55 10.62 10.61 10.80 11.05 11.02 10.76 10.32 9.77 9.45 9.47 9.73 10.06 10.41 10.89 11.13 11.06 10.20
7.58 7.07 6.95 7.23 7.42 11.15 10.13 7.81 7.67 7.63 11.62 11.20 7.81 7.65 14.66 10.70 9.52 8.25 8.05 9.22 16.89 17.29 8.40 8.62 15.41 15.46 10.09 16.24 20.15 19.36 18.58 17.90 18.10 21.07 18.17 13.94 19.47 19.45 19.07 19.45 20.14 19.67 20.36 18.59 17.06 12.66 10.69 13.43 12.98 11.79 11.69 11.11 11.01 10.42 9.90 9.60 9.78 10.11 10.32 10.44 10.37 10.17 10.11 10.13 10.06 10.16 10.36 10.34 10.09 9.71 9.29 9.22 9.59 10.18 10.84 11.30 8.92 10.23 11.22 11.28 10.43
7.38 6.77 6.78 7.19 7.35 11.43 7.81 7.57 7.59 11.60 11.71 7.77 11.54 7.61 7.71 7.77 8.79 8.42 8.24 8.09 17.08 10.64 8.67 10.69 16.03 10.29 10.06 17.61 19.90 18.89 16.77 17.99 19.25 20.73 19.04 15.68 16.78 18.46 17.64 19.62 19.49 19.87 20.47 18.40 19.21 21.90 19.09 14.41 14.53 13.65 13.23 12.39 11.14 10.58 10.29 10.15 10.12 10.04 9.98 9.98 10.01 10.16 10.41 10.49 10.46 10.36 10.04 9.41 9.06 8.87 9.07 9.76 10.46 11.01 8.32 12.06 15.32 14.96 11.58 11.10 10.60
7.06 6.44 6.67 7.25 10.99 7.65 7.47 7.36 11.73 11.48 7.74 7.77 7.59 7.57 7.69 8.41 12.37 8.47 8.26 8.21 14.68 15.01 15.06 16.28 10.78 10.12 14.86 17.66 17.76 16.57 17.21 19.11 20.17 20.42 19.13 16.73 17.00 16.94 18.45 18.72 18.76 17.69 17.57 20.34 17.87 18.38 18.24 21.26 21.20 14.04 13.24 14.12 11.59 12.26 11.87 11.58 11.26 10.99 10.68 10.43 10.33 10.39 10.48 9.20 10.37 10.16 9.68 9.34 9.25 9.53 10.21 10.87 8.87 9.42 15.22 14.62 11.77 13.58 15.43 15.76 14.79
6.65 6.25 6.65 7.22 7.20 7.43 7.20 7.11 7.38 7.48 7.65 7.76 7.62 8.00 8.19 8.72 11.36 8.29 8.45 9.53 10.94 17.08 17.08 10.75 10.28 10.36 10.55 15.96 15.99 17.04 18.81 20.05 19.90 20.04 18.44 17.61 15.60 16.41 18.24 18.25 17.42 17.20 17.30 19.63 19.28 19.88 19.86 19.93 20.28 12.96 11.67 11.97 12.41 12.52 12.40 12.37 10.36 10.46 10.54 9.92 9.45 9.05 8.87 8.95 9.75 9.53 9.59 9.94 10.39 10.77 8.58 10.23 15.09 14.54 11.54 13.53 14.88 15.74 14.02 14.18 16.75
6.24 6.20 6.72 7.05 6.97 7.17 7.01 6.87 7.15 7.30 7.41 8.43 8.26 8.92 13.01 15.90 8.12 8.39 8.04 10.11 11.13 17.11 17.35 15.23 10.60 10.63 15.18 15.41 15.81 17.47 19.60 19.58 18.14 20.26 17.39 17.51 17.30 16.43 17.95 18.22 18.13 16.77 17.93 18.20 19.00 19.31 19.27 16.22 16.23 12.15 11.20 11.30 11.34 20.34 11.31 11.44 13.55 11.43 18.27 15.91 9.97 9.25 9.40 9.22 8.48 7.99 10.49 8.30 8.35 9.37 12.54 13.62 12.68 10.29 12.69 15.03 15.97 16.16 15.76 13.68 16.41
5.92 6.15 6.76 6.93 6.79 6.86 6.83 6.75 6.89 8.03 8.21 8.85 8.93 11.68 14.40 11.81 7.99 7.75 9.52 14.92 16.72 16.93 16.60 17.11 11.13 11.08 14.98 15.20 16.25 17.49 19.16 17.75 18.05 20.17 16.77 17.16 17.56 17.06 17.66 17.92 17.84 15.72 15.56 17.69 16.63 16.31 16.52 19.42 19.30 11.86 10.83 10.77 10.55 19.18 10.55 10.60 17.16 10.36 17.43 19.11 10.47 10.60 12.62 11.02 9.17 9.14 8.50 17.94 19.06 14.99 13.70 13.89 13.48 13.15 14.30 15.09 16.00 13.34 15.55 15.34 15.97
5.70 6.02 6.67 6.91 6.77 6.66 6.63 6.69 7.80 8.26 11.83 12.51 11.13 10.55 13.34 8.63 8.17 8.65 10.27 14.71 10.03 11.05 16.80 16.73 14.82 15.07 14.61 15.13 16.91 17.57 17.93 19.19 18.74 17.86 16.80 17.01 16.73 17.31 17.48 16.90 17.50 15.30 16.96 16.92 17.31 15.87 15.85 12.24 12.38 18.92 11.21 10.12 10.13 10.25 10.24 10.16 10.08 12.52 9.96 16.92 9.88 12.29 10.01 15.95 17.14 17.04 17.08 17.34 9.57 17.45 14.47 12.29 16.87 16.88 12.70 15.01 12.51 12.77 13.93 13.66 14.44
5.47 5.80 6.47 6.84 6.82 6.61 6.51 7.98 8.49 12.75 13.42 13.60 14.64 13.04 8.75 8.58 8.35 9.19 10.73 13.88 7.88 11.14 16.47 16.59 14.72 11.29 10.62 14.59 16.11 16.56 17.43 19.13 19.03 17.27 16.33 15.87 17.27 16.92 17.07 17.76 17.30 16.45 16.18 14.41 15.54 15.20 15.84 15.85 12.20 12.63 11.69 10.09 10.04 9.89 16.43 9.65 9.64 9.56 9.43 17.79 9.40 9.42 9.36 16.53 15.32 16.32 16.35 16.39 16.16 18.06 16.33 15.91 16.28 16.37 12.13 13.55 10.92 8.19 8.20 9.42 10.19
5.21 5.55 6.22 6.63 8.26 7.45 7.82 11.26 12.17 12.92 13.25 13.60 15.07 12.31 8.60 7.73 7.19 9.89 7.63 10.60 8.00 8.03 8.03 7.90 16.18 10.87 10.44 10.45 15.20 16.24 18.74 17.33 17.18 16.93 15.35 15.53 18.93 16.47 15.92 18.98 16.87 16.11 13.32 15.82 10.80 11.05 11.57 11.46 11.43 16.75 11.95 11.14 9.43 17.35 9.33 9.40 9.34 9.27 9.22 9.18 15.84 8.98 17.64 17.83 17.85 16.27 12.10 17.44 16.07 16.22 15.61 11.44 15.53 16.20 16.32 13.63 7.42 8.80 11.23 12.73 12.63
4.91 5.31 6.03 8.81 8.68 8.09 10.81 11.68 12.47 12.89 13.54 14.59 14.88 12.37 8.74 7.28 7.12 10.36 7.42 15.87 11.21 11.39 8.16 8.06 16.28 10.77 10.29 10.36 15.72 18.18 18.00 16.29 16.11 16.47 16.49 16.46 18.67 15.45 16.73 17.68 16.50 16.25 12.36 9.09 9.51 12.96 16.34 16.45 16.02 15.82 17.55 10.48 10.87 8.95 15.78 9.04 9.09 9.12 9.15 11.86 8.95 14.28 14.62 8.66 17.29 17.01 16.79 8.76 8.90 15.56 14.65 15.03 15.74 15.77 15.84 15.86 9.30 9.38 9.24 9.13 8.91
4.67 5.05 5.83 9.63 9.63 9.72 9.93 9.81 13.18 13.59 14.40 9.20 9.42 6.98 9.34 7.27 7.11 15.12 10.66 10.60 10.87 16.16 7.93 15.04 16.37 7.85 7.92 10.09 17.22 16.63 17.97 15.51 15.36 17.80 18.03 15.99 18.24 16.25 16.51 18.26 16.60 18.46 9.07 8.94 8.47 8.86 9.35 15.38 10.32 15.38 16.25 8.57 8.72 8.75 8.60 16.93 8.62 8.82 8.81 17.68 14.41 13.92 11.31 16.60 11.65 11.47 11.51 8.55 8.61 15.88 14.01 13.19 10.94 11.07 14.84 15.63 15.63 15.17 8.30 8.22 11.45
4.50 4.84 5.56 9.77 9.64 12.59 13.04 13.24 13.45 13.66 14.35 13.68 14.87 6.87 9.35 7.13 7.05 7.14 15.28 7.35 11.51 15.81 16.06 16.24 16.00 7.84 7.92 10.17 17.28 15.78 17.62 15.73 14.68 15.73 17.70 17.74 17.89 16.10 16.22 17.88 17.77 17.20 16.10 8.79 8.81 9.15 9.53 9.80 9.53 9.69 9.99 8.54 8.56 8.55 8.43 8.18 16.58 8.19 8.40 10.70 13.02 8.20 8.04 14.39 14.96 14.50 14.45 8.23 8.28 8.39 15.42 14.32 14.25 10.86 13.84 14.72 15.28 8.47 9.45 8.60 8.74
4.40 4.76 5.43 9.60 9.29 12.64 12.93 12.96 13.18 13.82 14.61 14.53 13.94 8.60 8.57 6.99 6.99 7.14 15.23 7.31 7.32 15.56 11.77 15.82 10.93 7.80 9.34 14.02 16.11 17.32 17.02 17.74 14.60 15.56 17.81 16.54 17.82 15.77 16.14 16.59 17.43 17.90 16.43 9.62 8.88 9.21 14.50 14.52 9.31 9.06 8.36 8.32 8.31 15.85 8.22 8.13 7.93 7.84 8.03 8.32 11.10 8.36 8.16 8.05 7.99 13.24 13.61 14.27 7.98 8.04 15.63 15.06 14.72 14.80 14.85 15.12 15.27 8.67 12.65 11.30 9.65
4.31 4.73 5.34 5.56 9.21 12.46 12.53 10.20 12.90 13.87 14.16 14.78 6.94 14.08 6.89 6.86 6.91 7.07 15.02 7.30 13.41 15.25 7.49 11.28 7.69 7.76 10.07 16.32 16.99 16.85 16.95 15.72 8.38 8.36 17.57 17.56 15.33 15.42 16.00 17.33 17.84 14.60 14.84 15.36 8.50 8.30 9.29 13.61 9.47 9.43 8.98 8.14 9.92 15.48 15.32 8.00 7.95 7.73 7.66 7.89 8.19 15.66 8.35 8.26 8.10 8.00 7.97 11.38 13.96 7.84 7.89 16.32 14.28 14.49 14.72 14.60 14.89 15.05 15.24 14.73 8.91
