examples/cougarCreek-fire/createInputs/WindNinja/wrfout_d3.2015081000.f22/cougarCreekFire_08-10-2015_2200_217m_non_neutral_stability_vel.asc
ncols	146
nrows	140
xllcorner	610065.000000
yllcorner	5095217.000000
cellsize	216.586807
NODATA_value	-9999.000000
[rows 72 to 107 of 140, columns 0 to 80 of 146]
4.26 4.70 5.20 5.40 9.39 12.64 12.57 10.09 13.08 13.51 14.02 14.40 14.39 10.73 6.67 6.85 6.83 7.02 11.18 7.23 7.35 7.42 7.45 11.08 7.60 9.65 10.90 15.66 16.91 16.33 16.87 14.97 13.89 17.24 17.02 16.74 14.99 10.57 17.34 16.09 15.97 15.15 10.89 16.99 10.98 8.29 9.29 13.92 9.31 8.09 8.72 8.02 14.26 15.96 7.95 7.93 7.85 7.71 7.52 7.53 7.76 7.98 16.75 10.02 9.13 8.18 10.31 8.11 8.03 9.13 7.94 14.38 14.18 12.80 13.29 14.43 13.41 14.81 13.66 15.18 14.82
4.26 4.63 5.04 5.25 9.51 12.07 12.38 10.34 13.37 13.63 13.76 14.13 14.15 6.91 8.14 6.90 6.76 6.91 7.07 7.16 7.25 7.33 7.39 14.85 7.47 9.80 15.93 16.43 15.48 10.94 17.10 14.26 13.71 15.68 14.71 16.67 10.38 13.35 17.02 15.68 17.30 14.79 10.71 17.02 14.61 8.36 12.93 9.92 9.98 7.97 9.25 7.88 13.90 7.81 15.29 7.84 7.76 7.67 7.52 7.42 7.49 7.67 10.81 15.93 14.73 14.03 10.54 13.42 12.77 12.91 13.12 13.37 14.00 13.83 13.96 14.14 13.43 13.37 13.63 13.81 14.84
4.26 4.54 4.91 5.13 9.60 11.96 12.19 12.56 13.06 13.37 13.71 14.01 6.43 14.36 6.80 6.81 6.72 6.81 6.97 7.08 7.16 7.23 7.33 10.81 7.41 10.37 16.19 14.92 11.25 16.97 15.43 13.89 14.54 11.55 14.71 17.18 10.35 13.54 17.10 16.25 17.04 14.38 14.54 17.04 10.89 9.08 8.62 9.22 9.96 10.35 7.77 13.63 13.67 7.71 7.73 14.40 7.76 7.69 7.58 7.43 7.34 7.41 7.53 16.13 14.51 13.32 14.72 14.96 13.84 14.61 16.26 15.16 14.54 8.03 13.80 12.70 13.26 13.28 13.52 13.83 13.74
4.22 4.47 4.80 8.93 9.82 10.11 10.25 12.37 12.94 13.29 11.10 13.26 13.73 14.21 6.57 6.67 6.71 6.80 6.91 14.85 7.09 7.18 7.25 7.27 9.99 11.23 15.98 10.79 16.42 15.51 16.58 13.97 16.57 10.90 15.65 14.47 10.21 14.09 16.93 16.55 16.97 13.82 14.00 10.68 10.75 14.27 7.93 11.90 7.59 11.04 7.62 7.63 14.39 7.60 7.56 13.74 14.56 7.49 7.45 7.36 7.25 7.25 7.36 10.62 14.96 9.77 12.95 10.17 9.94 15.05 7.63 7.74 15.59 12.62 7.82 12.77 12.88 13.36 13.37 13.55 13.62
4.13 4.39 4.71 9.25 9.66 10.14 10.11 10.27 12.92 10.49 6.24 6.40 6.35 14.10 6.51 6.58 6.65 6.75 14.13 6.95 7.02 7.10 7.19 7.20 11.13 15.36 15.37 15.85 15.16 16.42 16.72 14.55 16.30 15.21 16.58 9.86 10.03 14.50 11.59 16.05 14.99 13.62 13.45 14.19 10.67 10.82 13.90 7.72 7.58 10.93 7.56 7.59 7.62 7.57 7.46 11.15 14.11 7.37 7.30 7.25 7.17 7.11 7.17 7.29 14.41 13.80 14.07 14.00 9.77 12.76 15.28 12.74 11.88 14.39 13.15 15.82 12.71 13.26 13.47 13.06 14.27
4.03 4.30 4.63 9.35 9.72 9.50 9.70 10.60 10.69 9.81 6.27 9.97 6.60 6.53 6.56 6.56 6.58 6.68 6.78 6.88 6.95 7.03 7.12 11.30 11.72 14.80 15.36 15.79 16.23 16.07 15.28 16.65 15.00 16.12 14.23 9.76 7.76 14.35 11.59 16.57 10.54 10.92 11.07 11.35 10.61 10.75 13.87 7.86 7.63 10.91 7.49 7.51 7.52 7.50 7.42 11.05 13.83 7.41 7.31 7.13 13.99 7.03 7.05 7.08 11.48 14.50 14.59 14.49 12.99 10.65 13.52 13.99 15.23 15.08 7.53 7.73 7.84 14.85 13.27 13.23 13.30
3.95 4.22 4.55 9.63 9.57 5.08 9.95 12.57 10.58 10.20 10.67 14.03 6.52 6.49 6.49 6.52 6.52 6.59 6.68 6.78 6.87 6.94 7.03 10.33 13.31 15.16 15.27 15.73 16.08 15.73 16.02 16.51 16.63 16.62 11.31 7.76 7.68 11.62 15.70 16.01 10.89 10.72 11.19 11.31 11.57 11.53 11.53 12.71 7.65 10.72 10.85 7.42 7.42 7.45 7.38 7.28 13.38 13.86 13.82 7.11 7.04 6.98 7.01 7.07 7.04 14.33 13.79 13.78 11.49 7.04 7.10 7.09 14.40 14.75 7.51 7.63 15.58 13.18 13.34 12.83 13.73
3.88 4.15 4.48 9.33 9.79 4.99 10.10 10.67 10.56 10.58 10.77 13.28 13.64 6.33 6.36 6.41 6.46 6.51 6.62 6.72 6.82 6.88 14.76 7.04 7.10 14.96 15.07 15.22 15.73 15.59 14.96 15.70 15.99 16.52 11.22 7.70 7.63 11.59 15.39 16.15 10.91 10.64 10.87 11.16 11.41 11.28 11.45 11.49 13.94 7.45 10.73 7.39 7.37 7.38 7.36 11.20 7.24 13.10 14.73 7.16 7.07 6.87 6.77 6.81 6.92 11.40 10.98 10.93 11.02 7.11 7.17 7.19 7.22 11.61 13.07 12.83 7.58 7.83 13.12 13.21 13.12
3.81 4.08 4.40 9.55 9.73 4.91 5.10 10.50 10.66 10.78 11.34 13.19 11.03 6.25 6.30 6.35 6.44 6.50 6.58 6.70 6.83 6.91 10.16 6.98 12.96 14.96 14.81 7.38 15.61 12.23 15.93 16.25 16.22 15.66 11.31 7.80 7.76 11.78 11.98 16.31 10.96 11.14 10.61 10.96 11.11 11.16 11.37 11.18 11.80 7.64 7.45 7.41 7.38 7.38 7.45 7.48 7.42 11.84 11.30 7.33 7.22 7.00 6.77 12.73 6.75 6.94 13.43 10.52 11.18 9.68 10.07 10.40 7.18 7.19 11.22 12.91 7.55 7.77 13.13 11.91 12.03
3.74 4.00 4.33 8.86 4.68 4.85 5.05 10.08 10.82 11.19 11.41 10.76 11.28 6.16 6.26 6.30 6.38 6.46 6.56 6.67 6.77 14.09 6.92 6.99 11.36 11.94 7.18 7.32 12.17 15.47 12.26 15.27 15.45 16.34 11.32 10.67 11.20 16.16 15.81 7.56 7.52 7.57 11.16 10.41 10.23 11.11 11.41 7.64 11.15 7.85 7.60 7.45 7.44 7.48 7.54 11.00 11.50 7.49 11.25 11.36 7.41 7.25 7.04 6.84 11.25 6.77 11.37 12.42 12.29 9.81 11.68 13.19 10.64 7.15 7.24 7.35 7.50 7.66 12.78 12.23 11.50
3.69 3.95 4.25 9.60 4.60 4.77 4.96 10.04 10.91 12.28 11.34 5.82 11.18 6.04 6.14 6.21 6.29 6.39 6.47 6.55 14.11 13.54 6.83 6.93 11.04 14.69 7.16 7.26 15.55 14.50 12.30 15.42 15.27 15.59 11.37 10.72 11.49 12.40 12.03 7.60 7.56 7.54 11.40 10.62 9.87 10.73 11.32 7.55 15.56 10.81 7.79 7.61 7.51 7.50 10.73 10.86 11.38 12.79 11.24 11.27 14.32 7.35 7.23 7.01 6.83 6.74 6.81 13.83 12.53 13.68 10.13 10.53 12.39 10.04 7.24 9.99 12.07 7.48 7.52 12.35 11.60
3.66 3.91 4.19 4.38 4.54 4.69 4.86 9.99 10.50 12.33 10.77 5.74 12.95 5.97 11.93 6.10 6.22 6.33 6.40 13.64 14.43 9.75 6.84 6.90 11.25 7.10 7.23 7.34 15.52 11.22 15.14 15.17 11.67 11.70 11.84 11.46 15.27 7.72 11.50 7.58 7.50 10.90 7.46 10.79 7.66 7.57 7.41 14.54 11.66 11.13 10.32 7.70 7.60 11.21 13.48 10.56 7.36 11.12 11.03 11.17 11.30 14.38 11.59 7.26 7.08 6.84 6.74 11.50 12.95 13.22 12.27 12.12 12.22 12.40 11.06 10.52 11.26 14.51 14.61 13.06 14.07
3.65 3.89 4.15 4.33 4.51 4.65 4.80 9.98 10.94 11.06 5.52 5.68 13.17 5.94 6.02 6.09 9.90 6.27 6.40 13.93 10.74 6.63 6.80 6.93 6.98 12.72 7.16 11.82 12.37 11.14 15.57 15.85 7.55 7.46 15.76 7.71 15.42 7.81 11.73 7.70 7.61 7.53 7.52 7.62 7.66 7.65 7.52 7.45 11.59 7.65 10.36 7.58 11.55 10.27 10.17 7.27 7.20 7.33 11.08 7.25 11.23 11.06 11.23 11.33 11.15 11.33 11.12 11.15 14.16 12.65 12.62 9.45 13.16 12.06 12.14 13.03 13.47 13.65 13.15 7.18 7.34
3.63 3.87 4.12 4.30 4.47 4.62 4.76 10.05 10.83 10.26 5.49 10.14 10.94 10.84 6.01 6.10 6.12 11.75 13.53 14.19 9.86 6.58 6.68 6.84 6.90 12.55 12.71 12.97 12.27 7.48 14.66 15.33 7.41 7.39 15.35 14.63 14.90 12.15 7.97 8.01 7.94 7.71 7.58 7.67 7.73 7.69 7.59 7.50 7.60 7.75 7.71 7.53 7.47 7.50 7.46 7.34 7.17 7.14 7.20 7.16 7.10 10.79 7.06 11.00 13.05 12.70 13.69 6.72 11.18 13.78 13.41 8.97 9.47 13.64 13.87 13.58 13.43 13.41 6.98 7.01 7.17
3.63 3.86 4.10 4.28 4.44 4.59 4.73 4.89 10.48 5.22 5.40 12.74 5.62 11.66 5.87 6.00 11.76 12.06 13.80 11.31 6.43 6.56 6.62 13.36 6.84 12.46 6.95 13.00 11.95 14.49 14.57 11.69 15.34 7.44 15.24 13.11 15.45 15.59 7.81 8.08 11.27 7.90 7.60 7.62 7.75 7.70 7.59 7.50 7.57 7.74 7.78 7.64 7.53 7.51 7.50 7.44 7.31 7.18 7.14 7.11 7.04 7.00 6.95 6.92 13.29 13.01 13.70 11.16 11.27 11.42 11.61 12.12 11.68 12.10 13.32 6.72 13.46 6.89 7.04 7.13 7.20
3.63 3.86 4.10 4.27 4.44 4.57 4.74 4.91 5.05 5.18 5.36 10.65 5.58 11.81 11.52 11.66 11.73 11.50 13.62 10.33 6.36 6.49 6.61 6.72 13.13 12.63 6.94 13.12 7.09 15.11 7.48 12.07 7.60 7.56 7.44 7.45 7.48 7.41 15.36 15.74 7.96 7.99 7.72 7.58 7.69 7.73 7.68 7.61 7.57 7.63 7.67 7.67 7.59 7.48 7.47 7.49 7.41 7.26 7.15 7.12 7.07 7.00 6.94 6.93 10.67 13.30 13.81 10.99 11.09 6.70 6.75 13.54 12.21 11.04 11.79 11.32 11.62 12.82 13.43 12.71 7.24
3.63 3.84 4.07 4.26 4.43 4.55 10.31 4.86 5.03 5.17 5.33 10.75 5.54 10.78 11.57 11.35 11.63 13.51 13.56 6.21 6.32 6.43 6.54 6.65 12.91 6.83 6.96 7.05 7.18 7.35 13.14 14.85 15.26 7.58 7.42 15.07 7.44 7.36 15.19 7.33 7.60 7.78 7.71 7.57 7.64 7.70 7.66 7.63 7.62 7.64 7.66 7.67 11.89 7.47 7.38 7.40 7.38 7.28 7.19 7.15 7.13 7.09 7.01 6.94 13.26 12.53 10.67 13.34 13.34 13.46 6.55 13.66 13.03 12.07 6.78 6.82 6.85 6.86 6.87 11.60 7.14
3.66 3.83 4.01 4.19 4.37 4.50 10.18 4.76 4.94 5.10 5.24 12.58 5.52 5.56 11.43 11.08 11.63 11.36 11.52 6.14 6.25 6.38 6.51 13.08 6.71 6.83 6.99 7.15 7.27 7.37 7.49 13.22 15.36 7.62 7.51 7.41 7.46 7.45 15.20 7.40 7.53 7.68 7.71 7.63 7.67 7.70 7.62 7.59 7.60 7.67 7.72 7.73 11.98 12.18 7.43 7.42 7.43 7.36 7.29 7.24 7.20 7.17 7.11 13.27 10.30 12.32 12.52 13.00 12.58 12.55 12.93 13.41 13.63 13.54 11.66 11.14 11.50 6.94 6.99 7.01 7.03
3.72 3.85 3.99 4.13 4.30 4.47 4.61 4.72 4.85 5.01 5.20 11.27 5.53 5.59 11.55 10.85 11.53 13.09 13.19 6.07 6.22 6.35 6.50 6.64 6.75 6.82 6.92 7.09 12.90 13.62 13.68 15.20 15.23 7.73 7.72 7.61 7.62 7.64 7.60 7.62 7.66 7.74 7.78 7.72 7.74 7.77 7.72 7.67 7.65 7.67 7.73 7.78 7.81 12.12 7.56 7.50 7.51 7.44 7.37 7.31 7.24 13.05 7.10 13.38 13.25 12.78 11.90 12.23 11.64 11.33 11.61 12.53 6.50 6.58 13.22 12.82 11.97 12.74 11.70 7.03 7.09
3.77 3.89 3.98 4.09 4.24 4.40 4.57 4.70 4.81 4.95 10.09 11.57 5.38 12.38 11.87 11.19 12.11 5.84 5.92 6.02 6.16 6.29 12.83 6.59 6.75 6.85 12.68 13.38 13.42 13.59 15.01 14.97 15.00 7.61 7.69 7.63 7.62 7.65 7.62 7.68 7.74 7.75 7.77 7.71 14.54 7.79 7.84 7.83 7.80 7.78 7.81 7.84 7.87 11.46 7.69 7.55 7.55 7.53 7.46 7.38 7.32 12.90 12.98 12.38 13.18 6.95 12.67 11.90 10.11 10.42 6.61 11.23 6.54 6.57 6.63 11.59 12.58 6.72 12.95 11.90 12.14
3.85 3.94 4.00 4.10 4.21 4.33 4.47 4.62 4.75 4.86 10.33 11.31 10.51 11.56 11.62 11.52 11.93 12.85 5.89 6.00 6.11 6.24 12.11 6.53 6.69 6.82 13.55 12.59 13.17 13.58 14.25 7.49 7.48 7.51 7.56 7.53 14.88 7.58 13.20 12.50 7.67 7.74 12.34 7.86 7.78 7.83 7.90 7.91 7.91 7.89 7.89 7.88 7.90 10.27 10.36 7.62 7.57 7.55 7.47 7.41 7.39 7.35 12.43 11.64 12.75 6.98 6.96 12.56 11.16 10.73 6.67 11.35 6.59 6.59 12.52 12.26 12.19 12.26 12.21 11.18 11.02
3.80 3.90 3.98 4.10 4.16 4.30 4.40 4.51 4.64 4.76 4.88 11.06 5.21 11.59 5.42 11.73 11.53 12.00 5.90 6.03 6.15 6.26 12.12 6.50 6.63 12.23 12.40 12.53 12.68 14.78 13.43 7.51 7.49 7.52 7.57 13.16 7.58 7.62 7.66 7.61 7.59 7.66 7.86 8.04 7.98 7.90 7.92 7.93 7.96 7.96 7.95 7.91 7.89 10.73 10.32 11.72 7.55 11.87 7.44 7.41 7.40 7.37 11.63 10.58 11.41 6.95 6.90 12.61 11.66 10.88 9.86 11.89 6.63 6.61 12.69 12.34 12.08 6.69 10.64 9.60 6.87
3.73 3.85 3.95 9.44 4.20 4.32 4.42 4.51 4.63 4.75 4.87 5.02 11.03 5.30 5.41 5.51 11.80 11.92 5.88 6.00 6.13 6.26 6.33 12.02 6.54 12.03 12.31 14.23 14.10 13.79 14.47 12.77 14.58 14.10 13.02 7.66 7.71 7.75 7.87 7.94 7.84 7.72 7.78 7.96 8.00 7.96 7.94 7.92 7.94 7.96 7.96 7.94 7.90 7.92 9.63 10.36 10.54 9.82 11.51 7.37 7.36 7.37 11.72 8.99 7.17 10.08 12.03 6.81 11.32 10.84 10.10 11.65 6.59 6.59 12.29 13.07 13.21 12.52 10.54 10.74 11.31
3.63 3.78 3.96 4.01 4.24 4.33 4.47 4.54 4.66 4.79 4.90 5.03 5.14 11.59 5.33 11.87 11.75 11.66 12.52 5.94 6.05 6.17 6.28 6.35 6.47 6.65 13.49 13.14 7.07 7.17 7.28 14.53 14.04 12.63 7.54 7.62 7.70 7.75 7.86 13.27 8.06 7.92 7.85 7.91 8.01 8.06 8.03 7.95 7.93 7.95 7.95 7.93 7.89 7.88 8.00 6.73 7.75 8.73 9.26 11.12 7.34 7.37 10.61 8.26 7.31 6.58 8.35 10.35 10.42 10.50 9.56 10.59 12.56 12.59 12.71 6.59 6.63 6.68 10.96 10.60 10.94
3.50 3.62 3.92 4.10 4.25 4.17 4.45 4.54 4.66 4.77 4.89 5.01 5.11 11.42 11.71 11.81 11.59 11.33 12.54 5.92 6.01 11.80 6.20 6.34 6.48 12.15 13.57 13.21 13.83 12.56 7.42 13.99 7.52 7.55 7.60 7.65 7.70 7.70 12.34 7.80 7.87 7.90 7.94 7.96 8.03 8.12 8.14 8.10 8.04 8.04 8.03 7.99 7.92 7.88 7.89 7.83 7.73 7.66 7.60 7.50 10.16 11.16 10.18 10.61 9.73 7.74 7.11 8.22 9.11 9.13 9.29 10.58 10.73 11.02 12.08 12.80 6.64 6.68 13.31 6.77 9.21
3.51 3.60 3.70 4.05 3.95 4.30 4.39 4.54 4.64 4.75 4.89 5.01 5.10 11.22 5.30 5.42 11.64 11.73 12.49 5.91 6.06 6.18 6.29 6.42 6.54 13.26 13.18 13.66 7.13 7.29 7.45 7.56 7.61 7.62 7.65 7.72 7.76 7.79 7.83 7.87 7.81 7.79 7.86 7.94 8.03 8.12 8.19 8.21 8.16 8.15 8.16 8.13 8.08 8.01 7.96 7.90 7.81 7.71 7.63 7.56 7.49 9.74 10.55 10.58 9.59 7.28 7.18 7.11 7.02 6.94 6.87 6.80 6.74 9.95 11.07 11.91 6.62 6.53 6.70 12.52 6.83
3.60 3.72 3.93 4.05 4.20 4.08 4.37 4.55 4.62 4.75 4.92 5.03 5.12 11.30 5.31 5.44 11.43 12.03 12.40 5.96 6.11 6.30 6.45 6.53 6.58 13.35 13.47 6.98 7.14 7.32 7.47 13.57 7.57 7.61 13.51 12.94 13.56 12.82 13.68 13.86 7.99 7.83 7.81 7.91 8.06 8.17 8.21 8.24 8.22 8.19 8.19 8.20 8.19 8.15 8.10 8.03 7.94 7.82 7.71 7.64 7.59 7.58 7.53 7.49 7.31 7.41 7.30 7.20 7.12 7.08 7.02 6.94 6.82 10.14 10.59 11.23 12.55 6.49 6.56 13.10 6.88
3.63 3.50 3.94 4.09 4.11 4.08 4.48 4.54 4.65 4.78 4.95 5.02 5.16 5.26 5.36 5.46 5.58 5.66 5.81 5.95 6.09 6.26 6.39 6.48 13.17 13.27 6.85 6.98 13.71 13.90 7.41 7.48 7.51 13.34 12.76 12.87 12.98 14.11 14.00 12.56 7.90 7.82 7.83 7.88 7.99 8.14 8.21 8.27 8.31 8.31 8.22 8.18 8.21 8.21 8.19 8.12 8.03 7.93 7.83 7.76 7.69 7.64 7.61 7.57 7.53 7.47 7.38 7.27 7.16 7.12 7.68 9.11 9.35 6.75 9.78 10.44 11.70 6.47 6.51 6.79 12.47
3.21 3.37 3.81 3.69 3.88 4.26 4.44 4.51 4.71 4.83 4.77 5.05 5.19 11.60 5.36 5.48 5.59 5.70 5.84 5.94 6.07 12.34 6.25 13.16 6.52 6.69 6.84 6.98 13.80 13.81 13.10 7.47 7.55 7.61 14.30 14.31 13.51 7.87 7.94 8.04 8.07 7.91 7.93 8.01 8.07 8.17 8.24 8.31 8.40 8.48 8.41 8.27 8.22 8.25 8.26 8.22 8.15 8.05 7.94 7.86 7.79 7.71 7.67 7.65 7.62 7.54 7.44 7.33 7.21 6.93 8.32 9.01 9.05 9.15 8.40 6.60 6.66 11.29 6.47 6.51 12.61
3.27 3.36 3.40 3.59 3.96 4.29 4.40 4.52 4.46 4.83 4.84 5.05 5.20 5.28 5.34 5.48 5.56 5.64 5.79 5.86 5.96 6.06 6.09 12.04 6.47 6.65 13.21 13.69 13.72 7.23 7.37 13.18 13.81 14.24 14.33 14.54 7.77 8.00 8.26 8.57 8.66 8.34 8.12 8.11 8.18 8.28 8.30 8.35 8.43 8.52 8.52 8.35 8.23 8.28 8.32 4.78 5.01 4.69 8.04 7.96 7.89 7.81 7.75 7.71 5.81 6.41 6.02 7.41 7.31 7.20 6.69 7.01 7.36 7.11 6.80 6.70 7.88 9.93 11.56 12.47 11.79
3.28 3.40 3.52 3.62 3.81 3.94 4.40 4.57 4.83 4.79 4.79 5.05 5.16 5.28 5.15 5.52 5.59 5.61 11.88 5.84 11.87 6.08 6.00 6.28 6.46 6.62 13.06 13.58 13.67 7.29 7.44 7.48 14.06 14.26 14.24 14.23 12.64 12.87 13.77 15.42 8.59 8.52 8.30 14.09 15.31 8.21 15.76 13.26 8.38 8.54 8.66 8.53 8.31 8.25 5.89 6.81 7.57 6.30 4.86 8.05 7.99 7.89 7.80 7.74 7.72 7.69 7.59 7.51 7.45 7.36 7.27 7.17 7.03 6.91 7.47 6.73 6.68 6.66 10.33 11.59 6.77
3.58 3.75 3.61 3.72 3.79 3.97 4.13 4.27 4.70 4.56 4.81 5.02 5.07 5.04 5.12 5.47 5.58 5.66 5.80 5.74 5.81 5.93 6.09 6.32 6.53 6.65 13.17 13.53 13.39 7.29 13.71 14.09 14.09 14.08 13.17 14.38 14.17 14.34 14.85 14.47 13.12 8.18 8.27 8.22 13.39 13.84 13.36 8.21 12.73 12.80 8.70 8.73 8.53 8.32 4.27 4.98 5.31 4.80 8.18 8.14 8.07 8.00 7.93 7.88 7.83 7.77 7.66 7.60 7.56 7.49 7.41 7.36 7.23 7.02 7.20 6.75 9.83 10.20 10.90 11.90 11.60
3.20 3.66 3.47 3.63 3.77 3.94 4.40 4.22 4.37 4.56 4.83 4.98 5.25 5.41 5.23 5.57 5.59 5.71 5.57 11.65 5.90 6.04 6.15 6.35 12.83 6.67 13.11 13.45 13.32 13.64 14.09 14.26 14.09 14.23 14.37 14.43 14.36 14.12 14.18 14.30 14.56 15.38 14.79 13.17 12.29 8.28 8.28 8.29 12.52 13.55 16.47 12.73 8.70 8.53 8.35 4.16 4.22 8.19 8.21 8.21 4.26 4.35 8.05 8.03 7.99 7.90 7.75 7.66 6.31 6.43 6.48 6.60 7.31 6.69 6.72 6.74 6.73 10.14 10.56 11.49 11.29
3.16 3.28 3.41 3.58 3.72 3.83 4.00 4.20 4.36 4.69 4.88 5.07 5.37 5.34 5.36 5.51 5.60 5.70 5.52 11.77 6.13 6.04 6.25 6.42 12.69 6.70 6.87 13.01 13.37 13.67 14.05 13.82 14.05 14.33 14.28 14.41 14.32 7.62 7.68 12.34 13.40 14.74 14.42 12.88 8.30 11.95 8.39 8.41 12.04 11.79 8.52 8.65 8.84 8.79 8.48 4.08 8.09 8.18 8.23 8.26 4.07 4.17 4.20 4.62 5.34 5.18 5.62 6.47 7.53 7.68 7.76 7.31 7.20 7.25 7.06 6.85 6.69 6.64 6.58 6.54 10.21
3.18 3.34 3.54 3.71 3.86 4.03 4.15 4.22 4.35 4.55 4.76 5.25 5.46 5.27 5.54 5.51 5.34 5.72 5.55 5.63 5.71 5.88 6.22 12.48 6.61 6.68 13.13 13.18 13.36 13.55 13.97 14.02 14.08 14.13 14.37 14.53 13.71 7.73 7.76 14.22 7.97 14.16 14.49 8.21 13.27 13.15 12.91 12.11 8.47 11.56 8.65 8.76 8.98 9.19 9.00 4.50 8.08 8.21 8.28 8.32 4.17 4.63 5.47 6.28 6.37 6.25 6.39 7.03 7.02 7.56 8.32 8.87 8.93 7.93 7.15 6.92 6.16 6.25 6.50 6.55 6.63
3.23 3.39 3.61 3.74 3.98 4.16 4.26 4.32 4.41 4.59 4.93 5.28 5.31 5.32 5.56 5.62 5.33 5.71 5.52 5.63 5.70 5.79 6.18 12.25 12.22 6.66 13.23 13.27 12.92 13.31 13.34 14.25 14.22 14.10 14.22 13.99 7.69 7.82 7.86 14.71 13.92 14.77 13.55 13.32 13.51 13.53 8.39 8.43 13.63 15.32 15.54 14.99 12.43 10.80 5.86 5.15 4.16 8.29 8.33 3.83 4.76 5.37 5.45 4.32 8.17 4.40 5.23 5.52 5.72 6.01 6.51 7.41 8.49 8.64 7.57 7.03 6.86 6.73 6.74 10.06 9.87
