examples/cougarCreek-fire/createInputs/WindNinja/wrfout_d3.2015081000.f22/cougarCreekFire_08-10-2015_2200_217m_non_neutral_stability_vel.asc
ncols	146
nrows	140
xllcorner	610065.000000
yllcorner	5095217.000000
cellsize	216.586807
NODATA_value	-9999.000000
[rows 0 to 35 of 140, columns 0 to 80 of 146]
7.03 7.24 7.62 7.66 7.53 7.57 7.64 7.70 7.79 10.70 7.83 7.89 7.92 7.86 7.91 8.03 8.02 8.03 8.11 8.18 8.31 10.47 8.77 8.76 8.59 8.57 8.69 8.81 8.89 8.87 8.78 8.64 8.60 8.49 8.33 8.21 8.12 1.92 5.87 7.62 5.21 5.12 7.23 4.57 4.76 4.78 6.87 6.78 6.66 6.47 6.00 5.30 4.69 4.08 3.49 2.97 2.51 2.25 2.26 2.46 2.79 3.27 3.83 4.44 5.11 5.77 6.40 7.08 7.76 8.24 8.36 8.36 8.33 8.42 8.70 9.06 9.21 9.23 9.40 9.61 9.88
7.03 7.24 7.62 7.66 7.53 7.57 7.64 7.70 7.79 10.70 7.83 7.89 7.92 7.86 7.91 8.03 8.02 8.03 8.11 8.18 8.31 10.47 8.77 8.76 8.59 8.57 8.69 8.81 8.89 8.87 8.78 8.64 8.60 8.49 8.33 8.21 8.12 1.92 5.87 7.62 5.21 5.12 7.23 4.57 4.76 4.78 6.87 6.78 6.66 6.47 6.00 5.30 4.69 4.08 3.49 2.97 2.51 2.25 2.26 2.46 2.79 3.27 3.83 4.44 5.11 5.77 6.40 7.08 7.76 8.24 8.36 8.36 8.33 8.42 8.70 9.06 9.21 9.23 9.40 9.61 9.88
6.73 7.02 7.59 7.69 7.51 7.56 7.64 7.73 7.86 7.93 7.96 8.05 8.04 7.94 7.99 8.10 8.06 8.08 8.18 8.26 8.42 10.64 9.06 9.00 8.74 8.70 8.83 8.98 9.05 8.98 8.85 8.69 8.68 8.60 8.43 8.30 8.20 8.04 7.78 7.60 7.50 7.31 7.14 7.07 6.98 6.85 6.65 6.54 6.41 6.21 5.76 5.09 4.46 3.82 3.21 2.64 2.15 1.88 1.93 2.19 2.62 3.16 3.78 4.45 5.12 5.78 6.49 7.24 7.93 8.33 8.29 8.26 8.38 8.62 8.97 9.24 9.32 9.41 9.59 9.80 10.10
6.37 6.74 7.47 7.69 7.50 7.55 7.64 7.72 7.88 8.02 8.12 8.26 8.23 8.06 8.06 8.11 8.06 8.12 8.27 8.37 8.52 10.72 9.34 9.29 9.01 8.90 8.95 9.11 9.19 9.03 8.91 8.72 8.71 8.71 8.53 8.39 8.28 8.11 7.85 7.63 7.46 7.26 7.13 7.00 6.87 6.72 6.47 6.35 6.23 6.06 5.66 4.98 4.32 3.67 2.99 2.33 1.75 1.40 1.39 1.70 2.21 2.83 3.51 4.22 4.90 5.63 6.45 7.24 7.83 8.05 7.97 8.16 8.52 8.93 9.26 9.40 9.40 9.49 9.71 9.98 10.29
6.26 6.62 7.32 7.62 7.57 7.61 7.66 10.36 10.56 10.32 8.20 8.38 8.43 8.26 8.14 8.13 8.07 8.21 8.45 8.51 10.37 10.75 10.81 9.51 9.36 9.19 9.08 9.21 9.32 9.18 9.11 8.84 8.76 8.82 8.63 8.45 8.32 8.18 7.97 7.69 7.42 7.24 7.13 6.93 6.76 6.59 6.38 6.27 6.16 6.02 5.57 4.85 4.16 2.49 2.76 2.05 1.44 1.03 1.02 1.45 2.07 2.76 3.48 4.18 4.91 5.76 6.62 7.30 7.71 7.90 8.09 8.52 8.94 9.27 9.47 9.49 9.40 9.50 9.86 10.20 10.46
6.24 6.58 7.22 7.56 7.64 7.68 7.69 7.76 7.91 10.19 10.41 10.02 8.59 8.49 8.27 8.21 8.12 8.31 10.08 8.63 10.38 10.83 11.00 9.66 9.72 9.45 9.21 9.38 9.54 9.43 9.29 8.91 8.88 8.94 8.70 8.53 8.38 8.22 8.00 7.69 7.38 7.23 7.09 6.82 6.62 6.48 6.31 6.18 6.04 5.13 4.69 4.18 3.95 3.23 2.48 1.78 1.16 0.74 0.90 1.49 2.18 2.91 3.64 4.36 5.20 6.09 8.38 7.41 7.76 8.17 8.58 8.99 9.27 9.43 9.43 9.31 9.29 9.62 10.10 10.36 10.57
6.29 6.60 7.13 7.50 7.71 7.77 7.72 10.14 10.23 9.95 10.49 10.51 9.67 8.66 8.49 8.33 8.26 8.42 10.32 10.51 10.44 10.65 10.78 10.69 10.08 9.32 9.46 9.82 9.84 9.29 9.32 9.03 9.12 9.05 8.73 8.61 8.46 8.23 8.00 7.48 7.35 7.23 6.66 6.71 6.52 6.33 5.74 5.23 4.35 4.24 5.03 4.42 3.58 2.98 2.25 1.55 0.87 0.48 0.91 1.61 2.36 4.98 5.94 4.68 5.59 7.75 7.12 7.63 8.13 8.78 9.13 9.30 9.34 9.32 9.31 9.41 9.63 10.00 10.29 10.45 10.70
6.36 6.67 7.10 7.45 7.75 7.84 7.79 10.14 10.44 10.56 10.56 10.73 10.15 8.91 8.22 8.51 8.45 9.09 9.87 10.58 10.51 10.51 10.62 10.88 10.40 9.65 9.58 9.85 9.99 9.27 9.40 9.52 9.43 9.08 8.75 8.70 8.52 8.21 8.10 7.76 7.54 7.10 6.75 6.66 6.40 5.47 4.76 4.43 4.30 5.71 4.74 4.57 3.51 2.77 2.04 1.30 0.56 0.38 1.06 1.83 4.46 5.25 4.16 5.09 5.97 8.45 7.44 7.99 8.65 9.27 9.35 9.30 9.31 9.46 9.71 9.91 10.00 10.20 10.43 10.66 10.88
6.42 6.75 7.14 7.43 7.73 9.43 7.90 9.30 10.06 10.36 10.36 10.54 10.42 9.47 8.56 8.71 8.63 9.03 9.73 10.74 10.62 10.58 15.46 15.61 10.74 10.12 9.87 9.94 9.99 9.47 9.17 9.60 9.07 9.10 8.82 9.37 8.75 8.41 8.29 8.14 7.70 7.14 6.90 6.80 6.25 5.64 5.36 5.32 5.56 5.69 5.53 4.54 3.78 3.55 3.23 1.04 0.27 0.51 3.71 2.07 4.28 3.67 4.59 5.50 7.84 8.81 9.36 9.12 9.11 9.55 9.46 9.46 9.71 10.05 10.19 10.06 10.02 10.37 10.78 10.97 11.01
6.58 6.84 7.17 7.43 7.68 9.95 9.83 9.63 9.53 9.68 9.88 10.11 13.87 9.93 8.83 8.47 8.60 8.61 9.67 14.88 15.50 10.66 10.60 10.90 15.61 10.62 10.24 10.07 10.11 10.06 9.39 9.53 9.32 9.09 9.41 9.33 8.77 8.49 8.38 8.17 7.53 6.89 6.83 6.52 5.80 5.53 5.72 5.83 5.77 5.75 5.15 3.79 3.74 3.70 1.59 0.82 0.14 0.76 3.48 2.35 3.18 4.09 5.00 7.46 8.25 8.59 8.97 9.17 9.54 9.90 9.85 10.03 10.31 10.42 10.28 10.14 10.41 11.01 11.26 11.20 11.12
6.75 6.99 7.23 7.44 7.65 7.78 10.05 10.08 10.01 10.00 9.89 9.91 10.05 13.55 9.15 9.05 8.71 8.86 9.53 10.34 15.53 14.51 10.60 10.76 16.76 12.21 9.49 9.50 10.40 10.23 9.41 9.64 9.51 9.18 9.50 9.40 8.93 8.61 8.39 8.01 7.34 6.76 6.41 6.11 5.82 6.41 5.49 5.59 5.39 7.18 6.14 6.35 4.39 2.17 1.42 0.69 0.39 2.97 1.84 2.68 3.58 4.46 7.10 8.14 8.21 8.69 9.83 10.25 9.99 10.32 10.33 10.52 10.64 10.64 10.55 10.64 11.13 11.56 11.48 11.29 11.24
6.89 7.14 7.83 8.43 9.03 9.55 7.95 10.16 10.13 12.93 12.96 9.85 9.67 10.01 9.64 9.69 9.30 8.79 9.76 10.23 15.29 14.53 14.80 10.67 11.10 14.35 8.86 10.23 11.48 10.44 9.59 9.75 9.56 9.41 9.55 9.39 9.07 8.69 8.28 7.90 7.48 7.74 7.17 6.82 6.07 6.39 5.29 5.47 7.10 7.03 7.12 4.81 2.80 2.05 3.51 3.15 3.08 3.18 3.18 3.07 3.99 6.52 7.68 8.38 9.12 8.43 9.07 9.73 10.35 10.63 10.59 10.71 10.84 10.90 10.88 11.10 11.60 11.75 11.49 11.35 11.35
6.93 7.20 7.53 8.37 8.81 9.30 7.96 10.07 10.21 10.23 13.51 13.37 12.44 9.58 9.63 9.68 8.82 9.30 10.20 10.35 14.70 14.56 14.56 16.67 11.01 17.48 9.69 11.13 11.65 8.63 9.91 9.86 9.81 9.74 9.64 9.40 9.05 8.62 8.16 7.89 9.66 7.48 6.76 6.65 6.19 6.96 5.54 7.56 7.15 5.46 5.45 5.07 2.69 1.94 3.57 3.48 3.45 3.63 3.89 3.41 6.37 7.37 8.16 7.08 7.95 8.67 9.33 9.99 10.53 10.78 10.80 11.07 11.25 11.22 11.26 11.64 12.01 11.90 11.60 11.53 11.53
7.00 7.25 7.61 7.83 7.93 9.39 8.06 8.15 10.20 10.33 10.47 14.14 14.21 12.69 9.76 9.63 9.22 9.23 9.88 13.75 14.68 15.06 14.35 15.39 17.80 17.35 10.92 11.47 10.43 7.29 7.43 9.88 11.79 12.06 12.87 13.01 11.73 11.36 12.47 12.35 9.21 5.94 5.87 6.09 6.71 5.55 5.58 7.72 7.68 5.61 5.58 5.15 4.48 3.93 3.68 3.77 4.14 4.70 5.24 6.10 7.40 8.24 6.50 7.45 8.23 8.91 9.62 10.26 10.75 11.09 11.28 11.61 11.65 11.61 11.83 12.13 12.17 11.92 11.71 11.70 11.70
7.13 7.39 7.69 7.86 8.01 8.15 8.21 8.20 8.27 10.40 10.64 10.50 10.45 15.09 14.11 11.58 10.08 9.92 11.28 12.42 12.68 13.72 12.99 13.26 16.20 16.86 12.16 11.53 9.85 7.26 6.91 10.04 12.96 12.90 13.32 13.53 11.92 11.50 13.18 13.62 5.13 4.61 5.86 6.47 7.53 8.24 8.03 7.36 7.40 8.12 5.59 4.86 4.31 3.80 3.67 3.61 7.23 4.96 5.57 6.34 5.03 5.94 6.90 7.80 9.95 9.53 9.90 10.29 11.23 11.75 10.72 12.01 11.92 12.00 12.21 12.27 12.13 11.92 11.83 11.85 11.86
7.33 7.60 7.84 7.89 8.05 8.25 9.59 9.55 9.75 10.22 10.54 10.56 14.69 14.67 15.40 14.94 11.16 10.23 11.78 12.77 12.20 13.03 12.42 11.39 14.89 16.41 13.09 11.31 9.50 7.10 8.25 12.17 12.82 12.85 13.54 12.92 12.53 12.28 12.37 11.69 5.37 5.41 6.01 6.47 7.57 7.54 7.13 6.46 7.24 8.45 5.30 4.55 7.69 7.34 3.64 3.69 7.73 5.10 8.15 6.26 7.20 7.95 8.01 8.42 8.57 9.30 10.92 11.16 11.89 12.44 12.31 12.17 12.13 12.22 12.34 12.35 12.23 12.09 12.03 11.99 11.94
7.60 7.86 8.07 8.04 8.12 8.33 8.48 9.67 9.75 9.86 10.13 10.45 14.05 14.20 15.31 16.73 16.87 13.49 14.33 14.77 13.59 13.99 12.21 10.89 12.21 15.63 13.04 10.76 7.97 6.71 9.89 12.86 12.10 12.08 12.66 12.16 12.54 12.56 11.41 9.49 6.99 5.81 5.48 5.93 6.37 6.64 6.29 6.92 7.75 8.54 4.88 8.30 7.58 7.90 7.52 4.04 4.68 8.08 5.76 6.56 7.28 7.31 7.55 8.59 8.96 10.89 11.02 10.99 12.38 12.63 12.23 12.15 12.25 12.37 12.43 12.41 12.33 12.27 12.22 12.14 12.05
7.90 8.09 8.26 8.30 8.30 8.37 10.28 10.00 9.89 12.69 9.99 10.39 14.89 14.52 15.74 15.71 16.36 17.00 16.73 17.22 17.21 17.23 14.85 9.33 11.27 14.44 12.68 10.16 8.17 8.28 10.88 12.07 11.95 12.13 10.95 11.74 12.38 12.75 11.31 8.15 6.51 5.69 5.59 5.53 5.94 6.16 6.47 7.25 7.88 8.19 8.48 6.65 7.16 8.10 8.16 4.30 4.98 7.34 6.09 6.63 6.76 7.42 8.53 9.75 10.72 10.77 11.29 14.14 14.91 12.38 12.11 12.30 12.49 12.55 12.56 12.52 12.45 12.43 12.40 12.30 12.20
8.18 8.28 8.38 8.52 8.53 8.46 8.65 10.04 12.38 12.35 9.96 10.40 15.84 15.78 15.14 15.47 15.89 16.42 16.67 17.00 17.44 17.23 17.69 12.29 11.77 12.93 11.80 9.31 8.88 9.40 10.72 11.03 11.19 12.19 10.36 12.33 13.15 12.67 10.47 7.98 6.44 5.60 5.18 5.24 5.67 6.25 6.66 7.24 7.66 8.21 6.83 7.09 7.78 3.09 8.05 7.84 4.14 4.65 8.64 6.21 6.45 9.67 9.51 10.39 10.29 12.96 13.99 15.14 12.22 12.32 12.39 12.70 12.80 12.80 12.89 12.87 12.68 12.53 12.41 12.27 12.21
8.44 8.44 8.50 8.66 8.70 8.61 10.00 10.23 12.87 12.67 10.09 14.60 15.61 15.49 14.70 13.68 14.39 15.97 16.17 16.82 17.21 15.54 17.48 15.62 14.37 12.54 10.15 8.78 9.09 9.84 9.77 9.99 8.00 9.42 9.15 12.65 13.00 13.15 10.34 7.38 5.90 4.91 4.42 4.35 5.20 5.95 6.24 6.81 6.49 6.77 6.74 7.79 6.62 7.03 8.15 6.65 6.11 4.99 8.05 8.17 7.22 10.50 9.70 10.12 11.61 11.16 11.54 11.98 12.38 12.70 12.84 13.03 13.02 13.10 13.26 13.09 12.79 12.66 12.55 12.41 12.31
8.64 8.61 8.64 9.87 9.70 9.74 10.06 10.35 10.15 12.99 10.31 14.66 14.00 15.15 16.01 15.47 14.00 14.87 14.71 16.19 16.53 14.24 17.31 17.99 18.20 13.43 9.30 9.19 9.33 9.52 9.25 8.74 9.69 8.91 8.90 12.89 11.85 10.76 10.38 5.20 4.42 3.32 3.12 3.74 4.35 4.89 5.27 5.87 0.84 6.89 7.00 7.48 6.79 7.89 6.61 3.03 4.37 8.05 8.97 8.59 8.94 10.66 9.46 9.99 11.04 11.50 11.86 12.29 12.74 13.03 13.05 13.18 13.24 13.39 13.41 13.07 12.84 12.88 12.88 12.72 12.52
8.69 8.78 8.82 9.91 9.74 9.94 10.23 10.39 10.34 13.26 13.91 14.51 12.75 13.99 15.62 10.32 17.35 17.14 16.76 16.95 17.39 14.57 16.61 17.16 16.50 14.14 10.97 10.27 9.46 8.53 8.77 7.01 9.36 8.51 8.67 11.38 10.61 10.14 8.51 3.20 3.10 1.03 3.75 4.11 4.44 5.37 5.48 6.04 6.40 7.08 7.53 6.67 7.64 6.63 2.55 5.37 8.02 9.59 9.82 8.04 9.59 11.06 11.10 10.90 12.49 13.01 13.39 13.99 12.80 13.04 13.17 13.47 13.55 13.58 13.43 13.08 13.02 13.07 12.96 12.76 12.57
8.65 8.85 8.93 9.02 10.20 10.38 10.46 10.65 10.61 13.58 14.23 15.29 14.82 10.82 15.43 10.14 16.71 10.34 17.98 17.09 16.99 16.59 16.82 17.31 17.55 14.58 11.07 10.51 8.83 6.96 7.70 8.11 9.10 6.75 8.46 8.49 11.56 11.88 7.05 1.86 2.35 2.46 2.02 4.18 4.65 5.26 5.76 6.04 6.61 6.33 6.43 5.48 5.52 2.60 3.44 7.39 8.32 9.50 9.52 8.43 11.07 11.93 11.14 12.55 13.15 13.09 12.93 12.57 12.92 13.34 13.70 13.89 13.70 13.58 13.43 13.30 13.37 13.33 13.06 12.75 12.54
8.71 8.90 8.99 9.08 9.20 9.23 10.55 10.62 14.43 13.64 14.06 15.76 16.05 12.44 14.80 15.50 16.43 16.73 16.94 16.28 15.02 15.52 16.23 17.47 18.61 18.25 10.34 10.20 8.43 7.25 8.54 7.51 8.92 8.16 8.24 9.92 11.17 10.38 6.73 1.63 3.50 2.50 2.40 4.69 5.10 5.51 5.74 6.20 5.82 6.25 5.40 2.91 4.84 4.03 5.62 8.29 8.21 9.60 10.40 11.22 13.07 11.14 11.14 11.19 11.72 12.45 12.66 13.08 13.47 14.05 14.19 14.01 13.76 13.75 13.70 13.62 13.62 13.47 13.18 12.93 12.75
8.79 8.99 9.11 9.17 9.26 9.28 10.70 10.67 10.71 14.57 14.06 15.47 16.15 14.73 14.13 15.50 16.25 16.79 17.03 17.22 16.79 15.35 14.56 16.40 17.57 19.07 11.91 9.80 9.75 9.88 9.39 7.02 7.24 8.15 8.62 10.96 10.41 8.61 4.35 2.65 3.60 3.85 4.82 3.68 6.00 5.66 6.11 6.53 6.96 6.95 3.96 3.00 5.73 6.72 8.51 10.04 10.86 12.05 12.42 12.63 13.48 11.44 10.98 11.25 12.79 12.91 12.91 13.79 14.19 15.19 14.36 14.13 14.07 14.11 13.98 13.84 13.76 13.49 13.19 13.03 12.91
8.83 9.05 9.23 9.31 9.40 9.35 10.70 10.78 10.75 15.58 14.44 15.40 16.12 16.46 14.62 15.14 16.11 16.90 17.21 17.60 17.99 16.55 14.70 15.25 16.22 17.69 13.21 9.08 11.35 12.09 8.91 8.38 6.79 3.55 7.76 7.89 8.77 5.89 1.95 3.26 3.19 4.45 4.64 5.00 5.76 3.58 7.92 3.32 7.25 6.14 4.07 3.36 7.56 7.31 9.74 11.74 12.95 8.72 13.16 13.01 13.56 11.58 11.72 15.48 13.99 13.45 14.11 15.25 16.15 16.72 16.62 14.35 14.34 14.26 14.16 14.13 13.97 13.57 13.21 12.99 12.80
8.88 9.09 9.29 9.40 10.91 10.70 10.91 10.88 15.96 16.40 15.81 15.93 16.02 15.93 15.77 14.95 15.84 16.70 16.79 17.22 17.66 16.58 15.39 15.71 15.99 17.80 14.00 9.32 11.63 12.46 8.13 5.89 3.51 4.33 6.76 8.19 6.20 2.81 2.04 3.21 3.10 3.46 4.04 4.56 5.24 5.94 6.45 6.82 6.59 5.27 4.52 4.54 7.16 7.09 8.91 11.03 12.72 13.36 13.04 13.05 13.37 11.96 12.41 15.06 16.01 17.17 16.05 16.25 16.42 16.70 16.71 14.39 14.41 14.37 14.35 14.17 13.81 13.43 13.20 13.01 12.81
9.00 9.15 9.29 9.44 11.29 11.23 11.15 11.19 16.33 17.24 16.39 16.12 16.02 15.82 17.22 16.85 16.85 17.07 16.49 16.93 17.12 16.35 15.78 16.36 17.01 18.24 15.84 11.24 11.17 11.12 7.79 6.23 4.90 4.67 5.36 5.69 2.86 1.79 3.18 3.00 2.91 2.90 3.78 4.90 5.69 6.24 6.67 7.26 7.89 4.49 5.60 4.96 7.55 5.16 8.29 11.98 13.14 12.82 13.12 14.16 14.84 15.62 17.45 19.13 20.16 20.40 19.54 16.26 15.78 15.60 15.63 14.58 14.51 14.45 14.29 13.95 13.63 13.44 13.25 13.08 12.93
9.19 9.29 9.37 9.51 9.70 11.29 11.27 11.16 10.97 16.75 16.53 15.78 15.77 15.90 17.48 17.44 16.94 17.34 16.84 17.11 17.47 16.81 16.26 17.06 17.59 19.28 20.22 14.01 12.56 10.65 7.53 6.05 5.36 3.80 2.45 1.33 3.00 4.38 3.29 3.62 4.19 4.58 5.56 7.10 8.22 6.06 6.14 6.18 7.47 6.10 7.07 6.05 7.58 4.68 11.51 14.05 14.25 14.44 15.81 17.22 17.86 17.88 18.34 18.97 19.44 19.88 19.90 16.99 16.78 16.56 16.38 14.73 14.53 14.39 14.17 13.90 13.77 13.60 13.34 13.15 13.02
9.38 9.48 9.55 9.59 9.68 11.21 11.43 16.25 14.99 15.87 16.23 15.71 15.46 14.52 16.06 17.06 16.88 17.14 16.98 17.26 17.82 17.11 16.60 16.36 16.90 18.20 19.89 18.87 13.71 11.12 8.87 6.42 4.54 2.47 1.18 0.91 3.89 4.16 3.68 5.25 5.99 7.33 6.81 6.73 6.77 6.92 7.05 8.14 7.07 7.56 8.22 5.97 7.64 8.86 15.23 15.74 15.98 16.14 16.32 16.57 17.00 17.38 18.02 18.53 18.64 16.16 16.43 16.69 16.99 17.21 16.79 14.63 14.64 14.64 14.49 14.25 14.05 13.77 13.49 13.33 13.20
9.64 9.67 9.69 9.72 9.75 11.14 11.20 11.41 16.97 16.98 17.60 16.98 16.28 15.31 15.07 16.42 16.58 15.79 15.67 15.88 16.62 15.65 15.88 14.77 14.91 16.32 17.73 18.89 14.98 10.96 9.24 6.03 3.36 2.15 2.13 3.97 4.77 2.40 5.48 6.54 6.80 7.47 7.46 7.48 7.61 7.87 8.34 3.33 8.64 8.94 9.34 5.08 10.63 14.90 16.00 14.75 13.79 14.58 15.51 16.17 17.05 18.17 18.70 18.81 18.53 15.81 15.72 15.91 16.03 15.86 15.28 15.26 15.35 15.27 15.04 14.75 14.46 14.14 13.85 13.62 13.40
9.98 9.89 9.77 9.83 9.89 11.10 11.16 11.36 17.05 17.45 17.26 18.10 17.98 17.63 15.69 16.28 17.27 16.77 15.95 15.73 15.22 13.04 13.99 13.87 14.29 16.02 17.06 18.29 15.62 9.92 8.73 6.82 4.19 3.65 4.86 5.32 3.07 1.36 5.50 6.88 7.54 8.23 8.05 8.17 8.39 8.69 9.12 5.74 9.97 10.12 10.31 10.78 12.50 13.79 11.95 11.03 12.97 14.48 15.61 16.51 17.80 18.84 19.37 18.81 18.66 18.94 17.18 17.49 17.59 17.54 17.64 18.35 18.52 18.16 14.94 14.72 14.60 14.41 14.17 13.87 13.62
10.14 10.20 9.98 9.83 9.94 11.09 11.17 11.20 16.78 17.37 17.29 17.17 17.61 16.65 16.02 16.67 17.58 18.44 18.32 17.74 16.34 13.86 12.94 12.42 13.87 15.93 17.89 19.33 17.66 9.29 8.59 8.55 6.44 5.72 6.00 5.26 3.43 4.48 6.27 6.73 7.84 8.85 8.56 8.77 9.12 9.58 10.05 17.47 10.97 11.36 11.68 12.03 9.37 11.54 10.69 12.91 16.26 17.04 17.26 17.35 17.64 18.07 18.96 19.95 20.96 15.14 22.07 15.42 22.77 23.41 15.36 21.38 18.79 14.84 14.87 14.86 14.70 18.18 19.05 13.81 13.69
9.97 10.40 10.53 10.03 10.79 11.04 11.22 11.34 16.65 17.23 16.84 16.93 16.35 16.31 16.68 16.95 17.69 18.24 19.14 19.46 19.68 18.14 16.20 14.47 13.68 14.05 16.09 18.46 18.85 10.14 5.47 8.81 9.04 6.90 7.29 7.54 7.48 8.53 9.27 9.79 9.95 9.42 9.10 9.33 15.44 16.76 17.30 17.93 11.62 12.29 12.88 16.02 18.36 17.57 16.38 18.54 18.48 18.29 18.89 15.09 19.77 19.44 19.99 14.58 14.78 20.89 15.10 20.86 20.55 17.89 16.59 15.87 15.20 15.52 15.59 15.24 14.65 14.11 18.35 13.68 13.51
9.56 10.23 10.93 10.80 10.91 11.16 11.22 15.89 16.63 16.69 17.30 18.09 17.75 16.95 16.54 17.20 18.05 18.42 18.78 18.41 18.72 19.61 19.71 19.29 17.04 13.56 13.63 16.73 17.34 8.22 7.89 9.97 10.01 7.97 7.54 7.68 8.37 9.21 10.96 12.06 12.16 12.87 13.87 14.64 15.42 16.69 17.29 17.75 11.71 12.11 12.63 13.20 17.79 20.73 21.71 21.59 19.94 19.38 20.22 20.55 21.00 19.73 15.83 19.03 19.27 19.49 17.21 16.44 14.68 15.22 15.64 15.93 16.42 18.33 19.21 18.67 17.74 14.07 13.94 13.74 13.42
9.23 9.92 10.77 10.80 11.36 11.25 11.11 11.11 16.57 16.65 17.09 16.60 18.33 18.59 17.45 16.44 16.23 15.97 15.51 15.71 17.62 19.32 20.04 21.12 22.97 24.21 21.42 17.71 15.27 3.27 8.87 10.60 10.58 8.72 7.29 6.83 6.93 6.67 6.31 6.75 7.63 8.80 10.33 9.95 10.59 10.98 16.54 17.28 17.86 11.95 12.15 12.28 13.31 18.62 19.18 20.32 20.49 20.29 20.48 20.43 19.23 20.08 19.29 18.73 18.50 16.57 15.93 15.59 15.98 16.49 16.68 17.02 18.10 18.56 18.35 17.94 14.17 14.12 13.96 13.67 13.39
