examples/cougarCreek-fire/createInputs/WindNinja/wrfout_d3.2015080912.f15/cougarCreekFire_08-10-2015_0300_217m_non_neutral_stability_ang.asc
ncols	146
nrows	140
xllcorner	610065.000000
yllcorner	5095217.000000
cellsize	216.586807
NODATA_value	-9999.000000
[rows 44 to 87 of 140, columns 0 to 95 of 146]
299 302 305 307 312 317 310 311 311 315 320 321 325 329 313 302 293 242 262 247 231 232 261 255 237 230 218 232 246 258 261 250 244 229 226 233 268 279 281 285 287 281 274 286 299 307 315 329 336 336 327 323 322 321 310 288 269 332 343 334 10 74 78 30 43 56 67 74 78 78 76 75 75 73 71 71 70 66 141 26 64 81 55 42 38 35 94 120 95 140 185 214 323 248 312 291
295 297 301 305 307 309 310 314 313 316 317 326 335 271 274 307 294 287 257 262 242 342 252 240 228 224 225 236 246 255 260 256 257 248 241 237 250 292 294 279 266 304 301 306 319 309 317 331 338 342 329 302 292 283 280 237 21 19 353 3 101 43 58 69 69 70 121 99 81 96 182 86 79 71 66 73 66 73 39 288 40 75 57 42 34 24 23 30 83 74 97 225 252 259 309 245
300 302 308 319 322 316 318 322 318 314 316 334 271 272 281 311 300 295 266 261 250 243 226 223 217 224 225 236 244 253 256 264 262 259 252 244 249 279 280 278 283 283 289 304 323 308 320 326 319 333 37 19 355 358 12 36 46 14 5 23 55 65 70 73 72 204 76 77 65 77 75 72 69 40 44 40 62 40 33 338 308 39 61 48 36 29 18 13 7 18 321 328 266 252 255 250
301 305 317 332 335 324 322 325 317 313 345 294 329 282 279 288 314 306 273 259 244 253 246 230 221 236 229 235 238 243 260 260 260 263 259 246 253 284 289 280 290 287 298 305 308 330 327 309 27 45 46 31 3 8 32 40 28 24 22 31 328 327 329 342 58 69 38 47 73 71 69 36 36 38 35 32 60 59 55 6 303 32 53 59 49 39 29 23 13 356 338 333 298 323 247 239
297 303 317 330 333 327 325 332 351 321 319 326 327 329 330 331 328 293 273 257 282 274 270 270 283 261 235 237 234 238 255 253 253 262 260 251 256 294 302 322 319 316 315 305 297 297 285 29 60 60 51 30 14 13 17 14 19 22 23 27 36 42 43 42 44 55 64 66 31 31 24 328 28 25 358 23 25 59 12 19 336 314 41 62 62 57 45 32 24 1 336 328 338 279 313 305
297 302 313 322 326 326 333 344 347 338 323 325 329 329 333 297 299 332 320 264 287 280 278 285 289 254 238 234 243 243 247 254 260 261 258 249 237 286 300 321 318 323 333 322 317 290 14 54 64 53 40 31 24 14 2 3 3 7 22 26 31 36 38 36 345 349 355 357 309 315 331 34 30 34 35 27 22 26 56 43 3 317 39 63 73 67 60 49 35 14 350 330 305 320 319 307
295 298 305 315 325 334 343 348 347 342 337 335 330 304 301 341 350 340 329 314 298 292 294 289 298 273 234 243 264 270 283 274 271 267 257 245 226 248 288 305 320 324 331 345 355 6 21 64 62 49 39 34 28 15 356 350 354 4 9 11 29 33 36 34 30 39 48 53 58 60 59 57 55 33 24 35 55 54 53 22 47 44 43 62 88 88 75 67 57 39 5 325 307 295 294 291
290 293 301 318 332 339 345 346 343 344 341 335 334 329 330 347 9 356 341 324 308 293 292 297 317 303 244 272 280 286 304 293 278 270 258 241 227 253 275 290 303 316 330 336 355 2 36 58 66 56 49 41 32 24 357 332 345 8 5 8 11 13 34 31 27 36 0 46 324 17 39 17 19 28 23 54 56 55 55 20 52 50 46 48 289 96 99 88 71 58 43 3 326 321 315 304
289 292 304 314 318 328 340 345 338 330 330 336 339 333 331 353 15 9 357 312 330 301 301 306 330 322 285 281 276 288 293 297 285 271 255 238 233 254 267 282 291 307 325 333 339 353 2 34 50 55 48 40 32 26 351 321 336 355 5 8 11 346 14 28 27 33 37 38 17 24 52 53 54 55 54 56 58 59 57 54 10 51 50 49 51 192 290 98 89 73 61 46 9 339 319 300
297 304 355 324 321 328 336 335 333 328 325 328 333 336 341 7 19 14 5 326 340 326 310 322 354 9 282 274 276 282 285 287 280 268 250 232 235 247 254 264 275 287 307 327 335 338 341 352 2 21 36 34 30 20 354 321 337 2 7 10 13 16 20 19 18 19 33 16 16 17 24 28 28 27 23 20 360 28 11 54 54 54 20 6 8 52 56 70 79 79 67 59 48 12 324 306
302 312 331 335 337 348 353 343 335 319 318 322 337 7 35 41 26 359 351 334 351 340 324 344 15 4 297 301 280 275 279 290 278 266 248 231 237 248 251 257 265 266 275 304 320 323 329 335 339 346 10 21 25 15 358 339 347 12 19 21 22 21 22 18 14 16 19 16 10 4 342 349 17 53 24 24 31 54 28 16 3 1 345 49 49 300 50 260 62 68 58 343 55 34 339 303
286 310 316 324 333 351 352 343 335 322 314 326 352 29 44 26 356 331 329 340 347 346 342 4 27 4 315 287 281 276 283 283 277 266 250 238 256 260 258 260 266 272 263 273 333 349 311 314 333 349 350 5 17 12 3 357 8 21 22 26 24 6 350 351 31 31 339 354 346 38 37 40 3 11 52 53 28 7 86 50 64 12 50 48 48 50 53 56 52 38 36 40 31 29 30 346
275 298 295 303 316 339 334 328 323 316 313 345 350 21 32 16 344 323 320 323 333 341 352 19 31 12 329 296 277 275 273 275 270 264 253 243 272 270 262 263 269 274 269 246 258 328 0 4 2 316 349 360 359 9 360 356 3 357 351 350 9 56 34 31 29 32 43 38 35 34 35 14 4 60 51 55 59 56 48 46 10 49 51 51 50 0 49 54 52 43 39 289 33 235 277 12
284 288 301 305 314 324 316 308 302 310 5 8 350 14 26 17 336 313 312 314 323 339 11 38 33 17 346 288 284 274 286 270 260 258 253 246 273 266 250 261 271 275 278 265 240 239 313 13 359 7 8 319 5 353 349 329 317 25 18 51 46 34 31 30 31 35 37 37 36 36 40 46 53 51 50 50 49 45 42 31 32 50 63 15 53 50 47 51 56 52 49 2 331 289 39 269
294 301 346 329 327 317 307 299 312 14 356 325 348 352 9 7 334 312 312 322 338 355 26 45 42 34 357 302 284 274 268 261 258 259 253 243 264 260 241 262 266 268 276 280 268 237 228 261 347 12 7 3 345 342 304 1 58 34 21 29 25 32 58 39 23 9 37 40 41 43 47 90 52 48 43 41 40 40 26 26 45 46 50 54 70 60 357 52 346 51 48 51 53 51 42 329
291 304 326 325 324 307 301 305 345 36 347 321 331 342 343 339 325 319 323 340 351 2 18 34 44 54 15 295 280 304 261 257 265 267 258 247 250 261 257 260 267 268 270 282 287 295 298 290 274 342 18 33 35 37 41 37 27 20 25 32 35 35 31 29 31 35 9 10 34 76 47 45 43 38 36 38 40 42 20 30 30 46 38 45 53 46 44 352 335 343 44 55 342 356 50 320
279 291 316 315 307 302 293 321 31 349 347 335 334 339 336 326 322 323 336 355 357 4 11 27 44 54 31 316 270 265 269 270 273 276 266 254 246 257 264 268 268 271 276 284 296 300 310 282 293 312 302 11 52 50 48 44 33 23 27 33 35 33 29 30 35 13 45 45 44 43 38 33 33 34 37 40 14 14 43 44 46 22 21 18 12 12 352 355 343 341 347 349 57 359 346 352
273 321 302 306 301 288 286 22 327 335 338 337 336 337 332 322 321 329 350 1 0 3 9 20 40 49 32 357 320 294 290 292 286 279 272 260 249 251 268 269 269 269 276 281 288 299 307 313 279 311 307 311 318 327 54 48 35 23 30 36 35 31 30 34 43 51 51 46 39 34 30 30 33 37 13 13 40 42 44 46 48 49 49 50 50 51 18 11 359 347 340 344 53 356 57 58
290 294 297 296 291 284 329 309 321 330 332 331 332 333 325 322 323 340 359 2 3 4 6 13 30 37 31 10 341 320 304 296 293 285 274 263 256 261 267 270 271 270 277 284 286 297 296 293 300 295 296 302 331 62 59 51 36 28 35 40 39 32 29 36 45 47 43 37 31 28 30 33 36 37 13 39 41 44 46 47 49 50 51 52 23 20 17 12 1 352 348 335 322 329 335 343
314 311 302 296 298 306 315 318 324 329 328 328 328 328 322 322 327 351 4 2 0 2 4 8 17 24 27 18 353 326 312 301 294 285 273 265 268 260 270 272 271 269 275 286 287 295 302 303 303 291 296 313 330 67 67 58 41 33 36 41 39 29 27 36 41 40 37 33 31 29 32 35 37 38 9 42 45 47 49 49 50 52 54 24 22 18 12 10 9 356 350 335 316 349 296 303
321 317 312 313 315 321 325 325 326 326 326 323 324 324 321 321 332 358 6 3 0 3 5 4 6 14 21 20 5 333 314 306 296 283 271 266 273 270 270 271 271 268 268 285 290 290 303 306 275 305 287 293 312 338 73 63 51 41 39 40 33 24 26 34 37 38 37 36 35 32 33 38 41 43 45 47 50 53 10 7 11 19 23 25 27 25 20 15 9 2 2 356 346 343 323 334
325 321 317 320 323 324 325 325 325 321 321 318 314 315 311 311 330 353 8 359 5 10 360 5 4 7 22 24 8 334 315 306 296 283 271 268 278 275 274 271 271 266 264 276 289 293 302 303 279 277 293 280 304 341 79 73 70 61 44 30 23 20 23 29 33 36 39 40 38 34 37 42 46 48 49 52 53 53 52 52 52 53 22 21 20 3 1 353 350 3 341 337 58 331 49 41
325 320 316 319 323 326 326 322 321 320 317 314 307 295 286 286 309 352 10 359 1 1 354 1 6 7 35 31 352 325 313 303 293 282 273 272 280 277 277 265 268 264 252 266 280 292 301 302 311 250 275 295 317 33 88 86 89 87 31 3 10 14 20 26 30 36 42 44 39 34 39 6 9 48 51 16 49 46 47 50 51 53 57 40 63 61 63 64 82 345 80 54 50 347 338 44
321 318 314 314 319 323 324 321 319 317 312 306 295 283 274 273 296 353 10 358 8 355 353 3 9 29 32 17 337 313 303 293 284 278 276 281 282 279 279 263 268 263 250 249 261 280 288 292 286 283 267 291 314 323 102 91 96 106 273 311 352 9 17 26 29 36 44 45 38 36 353 1 7 48 52 52 49 48 52 57 59 20 16 2 20 25 27 39 33 88 58 320 352 51 47 46
316 314 311 308 313 320 323 320 312 304 299 293 285 279 273 269 286 1 355 349 6 0 358 13 20 22 18 351 326 306 290 278 275 276 289 286 285 282 280 262 265 250 246 247 248 249 262 280 276 298 285 272 288 298 312 7 96 116 220 258 291 349 13 341 25 32 40 43 41 42 44 45 357 48 2 54 57 61 17 18 33 66 66 72 32 6 7 24 66 63 61 48 327 304 299 34
311 309 306 301 308 316 321 316 302 290 283 277 272 269 267 264 271 19 349 339 3 5 15 23 36 29 343 323 308 296 283 275 274 275 294 289 285 281 283 263 258 250 258 247 241 235 252 268 256 273 275 273 284 297 258 282 10 106 184 232 241 265 341 8 14 24 37 44 47 47 46 46 357 50 53 1 23 27 66 68 67 65 65 68 71 72 72 70 66 66 67 61 56 299 40 32
307 306 302 297 304 308 314 311 298 284 273 264 258 259 263 264 257 38 1 335 351 9 35 35 106 342 311 306 298 288 280 276 274 278 295 288 286 286 283 258 253 253 251 247 238 230 265 263 247 246 244 265 278 292 284 152 267 40 121 216 231 238 269 331 360 15 34 344 49 50 50 51 359 5 7 8 4 27 62 44 61 60 62 65 67 67 65 61 60 62 63 59 57 49 36 312
307 305 302 302 302 302 302 301 296 287 275 264 256 258 264 266 194 54 8 341 339 19 58 199 115 307 296 292 288 282 278 275 276 268 292 264 264 263 255 249 250 252 251 245 238 230 226 247 262 245 244 237 267 286 293 252 147 278 84 162 230 238 250 278 332 2 28 45 341 51 54 57 351 353 357 6 14 13 19 13 58 58 12 59 59 57 54 52 53 54 54 51 48 42 33 28
305 303 302 303 303 304 301 299 297 293 285 279 275 272 268 250 142 70 11 346 349 51 229 236 280 291 286 280 275 276 276 272 265 297 262 263 265 264 298 254 254 255 254 247 240 229 222 224 239 215 212 235 271 254 261 275 200 107 343 81 242 246 248 254 282 335 22 45 48 48 350 355 342 343 351 63 23 24 22 18 19 7 10 56 56 54 52 53 54 54 53 50 343 43 37 30
300 299 299 300 303 307 304 301 300 298 290 288 288 282 268 229 327 76 41 351 4 227 248 262 283 280 274 268 270 275 274 268 261 296 264 266 267 267 265 260 259 260 257 252 243 230 221 261 260 262 234 235 270 210 275 221 223 172 78 63 309 257 252 255 269 299 15 46 50 49 337 339 344 351 353 358 20 18 19 23 19 359 7 57 61 60 56 57 58 58 58 56 52 48 331 317
296 295 293 295 302 307 303 297 295 290 285 285 286 279 262 230 170 91 118 329 55 238 255 274 293 283 272 270 270 271 270 265 261 263 266 268 268 267 266 263 264 263 259 253 244 234 224 218 275 258 263 265 267 262 224 279 259 213 110 8 34 266 260 259 264 275 344 330 337 356 15 0 1 2 358 360 17 17 18 57 15 2 353 350 63 64 61 356 3 63 64 63 59 55 310 51
295 293 292 298 307 310 303 297 294 288 286 287 285 277 262 237 305 208 221 354 229 247 263 286 302 296 283 276 272 268 266 264 264 266 270 270 267 264 264 268 267 263 257 248 243 237 229 220 269 249 271 272 270 259 228 273 291 281 274 303 12 285 269 263 260 265 297 30 322 344 13 13 6 5 10 5 8 19 15 14 12 354 355 358 352 63 65 16 359 341 66 67 66 63 322 297
300 298 296 301 308 311 305 303 307 304 298 294 290 282 269 245 14 222 10 4 236 255 274 293 306 307 291 280 272 267 266 267 269 273 274 271 266 263 263 264 264 259 252 247 245 240 233 225 222 274 280 273 284 256 265 272 284 283 273 284 357 289 275 266 260 259 263 316 42 330 1 12 11 7 17 27 3 18 18 356 344 351 53 56 354 62 19 7 1 66 66 340 68 67 63 313
306 303 300 304 310 311 309 310 314 307 306 300 295 288 277 256 35 234 22 244 257 272 286 299 334 325 306 290 279 273 271 295 275 277 274 267 260 258 258 259 259 255 250 248 247 243 236 228 223 273 275 280 284 260 264 270 282 263 233 237 314 281 279 270 260 298 308 314 309 318 340 2 13 8 21 69 17 9 52 13 356 4 353 358 357 64 17 4 356 352 67 67 335 66 67 58
309 307 305 310 316 312 310 312 312 304 299 296 289 284 280 267 46 253 260 276 291 295 297 302 320 335 323 303 290 283 279 279 279 274 267 259 251 305 253 257 256 252 250 249 247 243 237 229 224 277 275 280 294 256 258 268 278 289 283 238 282 338 278 269 253 295 242 303 154 77 74 326 346 357 21 64 63 56 43 346 8 52 6 356 358 65 68 11 6 8 352 67 68 329 16 63
312 310 309 316 321 314 309 310 307 300 292 283 276 276 277 271 269 276 281 292 300 302 300 300 312 328 326 306 294 290 284 278 272 266 260 254 246 275 255 256 253 248 247 246 244 239 233 229 230 232 280 275 289 258 233 243 241 287 289 244 256 286 325 339 246 245 247 246 211 85 75 67 63 341 9 22 58 46 33 37 358 59 24 13 359 67 70 71 70 68 69 1 347 359 319 359
313 312 312 319 324 316 310 308 304 297 286 278 277 278 280 23 291 294 298 301 302 301 298 297 302 310 315 300 291 290 283 271 263 262 258 251 244 272 254 255 249 244 242 263 241 236 257 230 235 237 277 250 285 225 244 251 247 236 283 248 251 258 266 303 257 251 252 251 210 100 79 71 65 61 335 352 46 36 2 37 340 15 71 27 359 2 74 75 73 71 23 27 18 343 74 71
315 314 313 319 323 317 311 309 307 304 296 289 287 287 298 312 305 305 306 306 303 300 298 300 306 308 306 293 286 283 277 267 263 263 257 247 240 243 248 248 243 258 241 241 239 235 230 233 240 241 239 228 303 241 258 255 244 237 241 245 243 247 256 270 331 262 253 240 198 132 89 327 68 57 48 41 38 34 37 47 58 348 73 76 21 357 1 15 32 76 12 10 27 355 78 77
316 315 313 318 321 316 312 309 308 308 305 298 294 296 311 319 313 309 307 305 301 298 298 303 308 310 304 290 281 276 272 269 267 263 254 243 237 240 243 241 240 261 258 242 238 260 231 237 244 244 238 225 232 257 262 250 239 234 233 237 293 242 249 260 286 276 251 310 203 314 109 78 0 49 39 40 340 41 1 59 65 70 7 81 82 27 0 24 354 34 29 12 36 38 345 80
317 316 316 319 319 316 313 310 307 306 306 302 300 305 347 317 314 309 305 302 299 297 298 302 307 309 301 290 281 275 272 270 267 259 249 238 233 237 239 239 243 247 248 244 237 256 292 238 245 243 234 291 246 259 252 237 234 276 285 237 243 290 245 252 272 293 245 324 215 199 145 79 359 2 325 45 328 355 356 68 73 75 345 17 46 45 35 9 37 355 20 4 3 31 35 81
318 318 319 320 320 318 315 312 310 305 304 304 306 317 325 317 311 308 304 301 299 297 297 301 304 301 293 284 277 273 272 267 260 253 246 272 235 236 236 241 250 254 250 242 264 257 231 237 241 264 237 242 253 250 237 231 234 236 236 242 248 293 243 291 245 206 331 334 318 219 214 70 327 357 336 328 328 336 345 83 1 84 82 350 15 45 41 40 38 16 7 35 84 38 9 86
319 319 320 321 321 321 318 316 314 307 303 304 310 323 330 319 309 306 306 303 298 295 295 293 291 287 281 275 268 265 261 257 254 251 289 244 244 244 245 251 257 255 242 234 259 260 231 234 239 241 243 275 244 235 230 231 235 238 241 244 246 294 241 241 299 301 310 328 332 317 310 112 292 328 334 333 335 333 314 300 325 8 17 38 44 26 31 19 37 42 17 9 14 34 87 95
320 320 319 321 322 323 321 321 316 308 303 303 311 351 328 323 312 307 305 301 295 293 293 287 279 274 271 267 261 256 252 269 255 254 299 252 252 253 257 260 256 245 228 249 251 259 255 231 238 241 239 276 279 229 230 232 234 278 240 242 241 238 240 239 299 311 311 320 332 333 230 303 299 312 328 333 339 350 310 93 90 296 355 13 35 17 29 91 89 18 10 69 86 85 85 88
320 320 320 322 324 325 326 326 317 308 303 303 312 348 324 321 311 305 301 296 292 287 281 273 265 263 263 262 259 256 256 259 260 259 258 256 254 254 255 255 250 237 223 224 250 258 248 230 253 256 269 277 232 233 233 235 235 235 239 277 285 283 239 241 306 233 317 316 326 334 345 321 309 133 127 310 308 323 339 316 277 91 347 4 44 47 46 53 89 88 86 83 83 82 82 82
