examples/cougarCreek-fire/createInputs/WindNinja/wrfout_d3.2015080912.f15/cougarCreekFire_08-10-2015_0300_217m_non_neutral_stability_ang.asc
ncols	146
nrows	140
xllcorner	610065.000000
yllcorner	5095217.000000
cellsize	216.586807
NODATA_value	-9999.000000
[rows 88 to 131 of 140, columns 0 to 95 of 146]
319 319 319 323 324 325 328 327 318 308 304 304 311 321 321 315 305 299 297 292 287 280 261 352 249 256 261 265 268 268 268 267 264 262 259 255 251 248 246 245 242 234 226 247 231 256 250 227 230 233 236 237 236 234 235 236 235 234 236 276 278 279 283 238 300 307 311 311 318 325 336 331 318 300 142 115 103 99 99 310 316 323 344 355 46 19 38 90 89 87 84 82 81 79 78 77
316 316 317 322 322 322 324 324 317 308 304 303 309 320 320 310 299 294 292 286 280 273 258 6 255 264 273 279 281 280 277 273 268 263 256 250 245 240 239 239 237 234 229 252 230 228 258 224 228 232 235 271 235 233 234 235 262 260 276 273 290 276 280 287 294 288 301 305 306 313 322 340 346 332 300 295 302 285 96 269 285 278 95 91 313 88 86 87 87 85 83 80 77 76 75 75
314 314 317 321 322 321 320 319 314 307 302 302 308 318 319 309 298 291 287 282 278 271 267 269 272 280 287 289 287 284 282 278 272 263 253 242 238 236 236 236 236 249 233 229 245 251 221 218 228 231 234 261 235 234 235 265 236 236 236 237 280 239 238 291 297 296 294 299 294 296 306 333 179 191 178 319 319 326 303 107 100 94 90 89 85 83 85 86 85 83 80 77 74 74 74 74
313 313 316 322 323 322 319 315 311 304 300 298 302 311 313 306 295 287 282 278 274 269 2 281 288 292 295 295 291 288 286 281 273 259 243 231 231 233 235 240 242 240 235 231 229 224 231 225 229 233 237 238 256 237 237 238 264 237 271 236 280 267 286 275 302 241 302 288 285 283 284 308 181 201 344 321 322 334 328 300 305 344 325 89 86 86 85 86 83 82 79 76 75 75 75 74
313 313 315 322 324 322 317 310 305 300 294 290 291 297 300 295 285 279 277 275 274 280 287 294 296 296 298 298 295 291 286 278 264 246 231 225 228 233 240 249 252 245 240 237 232 226 224 227 231 235 238 239 240 240 240 240 268 239 278 266 275 287 269 245 301 246 249 308 288 285 288 312 180 210 325 309 312 309 303 289 296 324 351 14 1 24 36 3 83 81 81 80 80 79 77 76
312 312 315 323 325 323 316 306 301 297 290 284 283 344 288 287 279 276 277 280 286 337 295 296 295 295 298 301 298 291 280 267 251 236 229 230 236 246 257 264 262 254 249 244 233 226 227 230 234 238 240 241 242 243 242 242 244 244 243 243 245 249 250 247 280 306 307 293 299 280 278 321 194 219 324 319 311 286 121 110 100 96 94 329 2 20 359 87 81 81 30 82 81 79 77 73
310 310 313 322 325 324 317 306 301 299 295 289 340 292 294 293 289 284 283 287 295 300 295 293 294 297 301 301 296 285 272 262 254 248 249 255 263 271 276 277 273 264 254 242 230 228 231 235 240 243 244 245 245 244 243 244 247 248 249 251 253 254 251 248 247 245 301 300 300 284 280 315 215 333 332 352 130 326 291 100 98 92 88 85 82 356 352 13 84 83 340 84 85 86 78 73
306 307 310 318 324 325 318 307 303 303 302 300 299 303 308 308 302 294 290 293 299 341 300 298 299 301 303 300 292 283 276 273 273 277 281 285 286 285 282 279 275 265 252 237 229 232 236 241 245 247 249 249 248 246 245 247 250 253 254 257 258 257 254 251 250 249 245 241 287 289 284 298 329 328 338 354 129 119 106 286 99 95 317 330 340 78 15 2 4 84 83 0 84 82 79 75
304 305 308 315 322 324 317 308 304 304 305 306 305 307 314 319 313 303 299 300 304 307 307 305 304 305 304 299 296 296 295 293 294 297 299 298 293 285 276 273 266 259 249 238 238 242 245 247 250 253 254 254 253 251 251 253 256 258 260 262 263 261 258 256 254 253 253 254 252 246 240 300 299 307 327 349 104 114 109 290 89 87 83 80 355 14 7 6 73 74 339 1 358 77 74 71
305 309 313 314 318 319 313 309 305 303 304 306 307 309 314 321 320 312 307 308 310 309 309 307 305 305 305 304 305 306 306 306 306 307 305 300 292 282 274 268 265 262 255 248 250 252 251 251 254 258 261 261 259 257 258 261 263 264 264 265 266 264 261 259 257 255 253 253 254 257 261 270 282 301 313 337 360 107 118 331 78 74 71 72 336 71 73 76 6 70 74 71 72 69 67 71
302 309 319 322 323 315 312 311 307 305 305 307 310 311 314 319 321 318 317 357 312 309 308 305 301 302 307 310 311 310 309 309 309 308 305 297 286 278 269 270 273 275 275 270 263 258 255 256 260 265 269 269 267 265 266 268 269 269 268 269 268 267 264 262 261 259 257 258 260 265 273 280 283 300 305 316 347 111 117 354 319 315 68 330 72 349 17 76 72 12 11 68 71 68 67 63
299 304 317 329 323 314 313 314 312 309 307 308 312 314 315 318 320 320 325 322 312 306 301 299 298 302 308 312 313 312 310 310 310 310 308 299 287 280 278 275 281 290 296 290 277 267 262 264 269 275 277 276 274 273 274 274 274 272 272 271 271 269 268 266 265 264 263 264 267 272 276 280 281 282 54 308 327 351 43 44 335 77 326 344 353 338 353 70 75 69 0 67 64 62 72 329
305 306 315 336 319 313 315 315 315 314 309 308 313 314 313 314 316 319 325 320 309 298 292 293 299 305 310 313 314 313 311 311 312 314 315 310 300 295 293 293 296 304 310 297 284 278 276 276 278 281 282 281 278 279 279 279 277 276 274 274 273 273 272 271 270 269 268 268 271 275 277 278 281 294 1 36 22 321 9 51 351 331 321 320 334 339 67 333 66 8 352 65 66 65 73 345
308 307 315 327 318 316 318 315 315 314 306 305 308 309 309 308 309 314 318 315 307 294 289 296 304 310 313 315 316 314 312 312 314 316 319 317 310 307 306 306 305 311 312 292 283 282 283 283 282 282 281 282 283 282 282 282 280 277 276 275 275 276 277 275 274 273 272 271 274 279 283 285 290 305 340 9 8 7 325 352 330 321 60 60 62 59 270 309 58 331 64 343 355 57 67 60
306 308 316 325 320 316 319 319 315 309 302 302 306 307 310 309 309 313 317 316 311 302 299 303 310 314 315 317 317 315 313 313 313 315 317 316 309 296 292 297 291 280 261 265 272 277 282 285 283 282 281 282 283 282 283 283 281 278 276 276 277 279 279 278 277 278 279 279 279 284 262 262 308 315 337 358 6 16 36 334 55 43 36 44 50 25 48 341 337 288 312 263 58 54 342 343
308 310 313 320 323 316 317 323 319 308 303 306 311 313 315 314 313 316 321 324 317 308 305 307 313 316 316 317 316 314 313 313 313 314 314 309 299 287 279 270 257 234 227 252 270 279 285 287 285 284 283 282 281 281 282 283 283 279 276 277 280 281 282 282 282 283 266 266 288 290 298 312 262 325 336 355 7 15 322 344 336 320 34 44 338 56 64 352 359 60 355 340 329 339 353 346
312 308 304 309 319 315 313 325 326 310 306 310 316 319 318 317 317 318 323 331 320 307 304 306 311 315 315 316 315 312 311 312 312 313 310 303 290 279 276 274 266 248 253 274 286 292 294 293 288 284 284 283 282 282 284 287 287 283 281 281 284 285 286 287 287 287 290 293 295 297 302 312 321 328 338 355 12 22 42 333 327 322 325 44 331 357 355 75 343 67 63 354 59 5 336 332
319 310 303 306 314 313 310 323 331 312 307 313 320 320 316 316 318 318 324 331 319 304 300 305 310 312 315 317 315 311 311 312 313 313 311 304 295 293 297 299 304 302 298 294 302 302 302 298 293 292 291 290 287 284 286 291 292 289 287 286 288 291 291 290 290 291 293 295 297 301 306 313 319 326 340 358 290 299 29 301 17 327 326 38 335 345 356 355 342 359 63 353 357 53 60 340
324 314 307 311 319 319 315 323 331 316 307 312 321 318 313 313 314 317 322 325 314 301 298 305 311 310 312 315 314 311 312 313 314 314 314 311 303 302 306 314 320 315 307 305 302 303 304 298 298 296 297 294 290 287 289 296 299 295 292 291 292 295 295 291 290 293 295 297 299 303 309 314 319 327 338 277 274 273 275 300 11 15 24 36 298 300 333 339 335 329 59 351 336 41 62 350
320 315 307 309 319 321 319 324 331 322 308 309 317 315 312 310 311 315 319 321 311 301 300 307 312 310 309 312 313 312 312 313 315 316 318 316 308 305 310 323 322 310 307 306 305 304 303 300 298 295 297 291 291 291 292 299 303 298 295 294 295 297 296 292 291 294 280 280 281 282 284 318 321 327 337 284 285 291 309 11 13 18 21 33 303 42 303 319 324 310 354 8 337 319 332 337
311 313 310 305 311 316 315 319 329 328 311 305 312 314 312 308 308 312 316 318 311 303 302 307 310 309 309 310 311 312 312 313 315 317 320 317 311 309 317 336 322 309 306 306 304 303 302 300 294 293 296 289 288 287 290 292 298 297 296 296 296 298 298 294 293 296 284 305 289 288 288 323 326 330 336 346 359 6 9 8 11 16 20 332 340 341 322 314 326 327 335 340 317 296 302 322
303 311 317 308 306 310 309 310 322 332 318 305 308 312 311 305 302 305 312 315 311 305 303 306 306 306 309 309 310 310 310 311 313 316 317 315 310 310 320 331 316 307 302 305 304 303 301 300 298 297 297 291 286 287 284 284 288 294 297 297 298 302 303 299 297 299 304 286 290 314 319 323 327 332 335 342 302 299 303 311 9 14 20 28 338 350 345 349 353 348 330 316 322 336 341 343
296 303 318 317 309 309 309 306 317 341 328 308 306 310 310 305 300 303 310 315 312 306 305 304 301 302 306 307 308 309 309 311 313 315 315 313 310 313 324 322 311 306 301 300 299 298 299 301 299 300 298 295 290 288 286 287 290 295 298 300 301 306 308 304 301 303 282 309 287 289 289 284 281 287 299 300 297 293 298 303 5 315 21 323 334 347 345 341 347 348 346 348 336 338 345 338
290 294 306 317 312 310 311 306 312 331 332 313 307 309 313 311 305 306 311 315 313 307 304 302 299 299 303 307 308 310 310 312 313 313 313 312 313 319 326 320 310 300 303 298 298 298 302 302 302 302 300 298 295 294 293 295 296 297 298 300 302 306 309 306 302 303 307 309 290 288 284 279 278 275 280 294 299 303 304 304 6 318 315 321 327 340 342 341 342 352 352 34 344 338 341 37
290 290 294 305 309 306 307 305 310 331 336 319 309 310 317 317 311 308 311 314 315 310 306 304 299 299 303 307 310 311 311 311 311 311 310 312 317 321 323 318 308 298 300 296 297 298 298 298 299 303 300 298 294 292 294 295 295 294 294 296 300 304 307 304 301 301 303 305 299 297 298 303 304 299 297 298 303 304 303 308 6 12 18 333 335 340 346 347 343 345 346 28 30 338 335 334
293 292 292 296 301 301 304 301 306 321 337 322 309 312 319 316 311 308 308 312 316 311 307 305 300 300 304 308 310 310 309 307 306 307 308 312 317 319 320 316 306 298 293 296 302 304 300 298 297 300 298 294 291 292 291 290 290 290 291 294 299 303 303 301 298 299 299 301 305 313 304 322 324 331 310 306 311 314 317 316 323 12 327 325 329 330 342 346 345 353 349 336 352 335 312 300
293 293 291 292 298 303 304 304 307 309 337 322 311 313 315 311 306 302 299 301 307 305 302 302 300 301 304 307 308 308 307 303 301 303 307 313 315 316 317 313 304 298 294 300 303 305 305 296 293 298 294 295 290 287 288 287 286 287 288 291 297 299 298 295 294 299 299 298 298 298 300 299 299 306 312 314 322 347 352 4 331 337 329 324 321 322 336 346 342 344 356 345 340 353 15 333
295 294 293 296 303 310 314 314 310 313 314 321 315 315 312 307 302 298 294 293 298 298 297 299 301 303 304 305 305 306 307 302 298 300 307 312 314 315 316 312 304 296 300 297 299 301 303 292 290 292 294 291 288 286 285 284 283 283 284 285 288 291 289 289 289 290 299 298 296 295 296 296 298 305 313 314 317 341 314 315 324 7 336 336 333 332 339 344 345 345 341 340 338 19 22 345
300 298 296 298 302 307 313 317 318 317 319 315 314 316 313 308 303 302 301 300 302 300 298 300 303 305 305 305 305 306 309 304 298 300 308 312 312 313 314 311 306 303 296 295 297 303 300 290 288 288 290 289 289 287 283 281 282 281 279 277 278 282 283 283 292 290 292 294 296 297 299 301 302 307 313 316 312 310 303 300 306 314 324 327 327 329 337 343 346 347 342 330 321 322 21 20
303 299 296 296 297 300 309 317 322 321 313 308 310 317 319 312 305 303 305 304 309 308 302 301 304 307 305 304 304 305 309 305 300 302 308 310 311 310 310 309 307 304 296 293 294 300 297 286 283 285 284 285 286 284 280 279 279 278 275 272 272 276 279 279 280 293 290 290 296 303 305 300 303 305 307 312 311 313 310 308 310 309 309 315 322 332 342 339 344 26 17 341 325 29 321 7
306 301 296 296 298 301 310 320 326 326 318 313 314 321 327 316 305 303 312 304 314 309 304 301 303 306 305 303 302 304 307 305 301 301 305 307 308 307 306 307 307 304 299 290 292 292 291 281 283 278 277 278 278 278 277 276 275 275 273 271 271 296 275 275 275 300 297 291 292 301 309 300 297 298 297 301 306 310 310 310 318 329 331 326 326 337 353 347 344 23 20 345 344 332 321 340
305 303 299 297 299 302 309 320 326 328 320 312 311 319 326 321 307 304 302 303 307 305 302 300 301 304 304 303 303 305 307 304 299 298 301 303 304 305 305 306 307 302 289 287 282 284 287 284 279 275 274 273 272 273 274 274 273 272 272 270 292 293 272 272 299 299 300 296 289 292 307 310 304 300 298 304 312 318 325 322 317 330 335 332 331 339 357 352 343 21 21 352 20 12 346 0
300 301 302 300 299 300 306 315 321 324 317 305 299 305 323 324 313 306 302 303 305 303 299 298 301 304 304 302 302 307 308 303 298 297 300 303 304 304 304 304 304 298 288 281 280 284 286 282 277 274 272 270 270 272 272 271 270 269 269 297 297 295 296 299 303 301 296 300 292 289 299 312 312 311 307 306 308 313 326 330 321 320 325 323 317 316 335 338 342 15 19 349 16 11 11 2
296 297 301 302 298 298 302 305 308 317 316 304 297 299 310 313 325 312 304 305 306 303 300 300 301 304 303 300 300 304 308 303 299 299 303 306 304 302 301 301 299 293 286 284 282 283 286 281 277 274 272 271 271 271 270 268 267 267 266 297 301 297 299 303 274 276 298 301 298 288 292 304 306 304 302 303 306 308 318 326 321 321 324 322 310 12 20 27 2 338 13 342 13 6 7 356
293 292 296 301 295 291 292 293 296 308 318 312 302 299 304 320 325 321 306 305 306 303 300 300 301 302 301 298 299 303 308 304 299 299 303 305 301 298 296 294 292 289 288 288 282 284 282 279 276 275 274 273 272 270 268 266 265 264 264 294 304 302 296 304 275 275 306 306 308 295 289 288 292 297 299 303 308 309 317 324 320 323 329 330 333 327 310 19 20 306 333 333 343 7 360 354
291 287 287 292 292 288 290 290 290 300 317 319 306 298 300 314 339 327 307 304 305 302 300 299 300 303 302 299 299 303 309 306 298 296 298 299 296 292 289 286 286 287 288 287 284 280 278 277 276 276 275 274 272 269 266 265 263 262 262 263 304 303 294 303 310 274 275 306 306 301 298 299 302 304 303 301 302 304 314 324 324 324 330 334 339 351 345 339 325 324 334 343 351 1 356 353
292 288 282 283 289 291 297 299 293 295 312 331 313 301 296 305 334 327 307 304 303 300 299 298 300 304 303 300 300 302 306 305 296 291 292 294 292 288 284 283 285 286 286 285 282 279 277 277 277 276 274 272 270 267 264 262 261 260 260 261 299 298 297 300 307 274 274 305 299 300 304 311 314 313 310 304 303 306 314 319 322 330 350 340 340 354 353 359 337 332 24 8 3 358 354 353
293 290 285 283 288 295 300 304 299 294 305 324 321 306 297 300 326 328 311 305 302 300 299 299 302 305 305 301 300 301 302 302 294 288 290 293 293 290 287 285 285 285 285 284 282 280 279 278 275 273 271 269 267 264 261 259 257 257 258 260 265 268 269 272 290 305 310 311 279 288 298 309 315 320 320 311 304 303 310 317 321 331 346 353 337 341 356 348 337 323 324 6 357 0 352 351
296 295 292 289 292 300 305 306 304 296 298 316 323 311 299 300 319 329 315 306 302 300 300 301 304 305 304 301 299 300 299 297 290 287 290 294 296 293 289 286 284 283 283 284 284 284 282 276 271 269 268 267 265 263 260 258 256 256 257 262 267 270 272 275 279 282 293 285 286 291 301 313 312 320 301 318 307 301 306 310 310 316 332 352 346 341 347 348 338 321 316 360 352 356 349 348
298 298 297 294 294 301 305 305 305 298 291 300 319 314 303 299 309 326 315 305 303 301 301 303 304 304 302 299 298 298 297 292 288 288 291 296 300 297 290 285 283 284 285 288 290 289 282 273 268 267 267 268 267 266 265 264 263 262 262 265 269 272 274 277 281 285 289 295 288 283 308 317 310 312 328 327 312 301 303 304 299 301 310 327 341 347 345 345 349 334 323 357 348 348 346 345
297 299 300 296 293 292 293 294 296 294 287 289 305 313 304 296 298 314 310 303 304 303 302 303 304 303 302 300 299 299 296 292 290 289 292 298 303 302 295 289 288 289 292 294 296 294 284 273 269 269 271 272 271 270 270 271 273 274 273 272 273 275 277 279 281 284 287 286 299 272 279 309 307 303 321 327 313 297 294 299 302 306 317 321 323 333 338 338 343 340 331 352 344 344 343 347
296 301 304 299 295 291 289 287 286 288 288 288 296 313 301 291 289 300 303 302 306 306 303 302 303 303 301 299 298 298 298 297 293 290 291 298 307 310 305 298 295 296 297 299 300 299 290 279 276 277 277 276 275 274 274 276 279 281 281 280 280 281 281 280 281 282 282 279 274 272 276 283 284 299 309 319 318 304 296 296 297 297 303 316 323 325 324 323 334 336 336 344 340 341 342 342
295 302 310 304 300 298 296 293 292 294 294 291 292 298 297 291 289 295 300 302 307 308 305 303 303 302 300 297 295 295 299 299 294 290 290 298 311 318 314 305 300 299 298 298 300 302 298 288 283 282 279 277 278 281 282 283 285 286 284 283 285 287 284 281 280 279 278 276 274 275 278 282 285 288 302 310 315 308 303 301 299 310 287 319 318 333 338 329 321 325 333 336 340 337 339 336
292 301 308 312 305 301 300 300 300 300 299 295 291 294 298 298 299 300 301 302 306 309 309 307 305 303 301 300 297 297 299 299 295 292 291 299 314 323 319 308 300 297 294 292 295 301 302 293 283 281 278 278 282 287 289 289 289 290 289 287 288 289 285 280 278 276 273 271 271 270 272 275 278 282 285 296 306 302 301 303 304 303 312 292 316 316 339 329 329 325 335 333 337 337 338 337
