examples/cougarCreek-fire/createInputs/WindNinja/wrfout_d3.2015080912.f15/cougarCreekFire_08-10-2015_0300_217m_non_neutral_stability_vel.asc
ncols	146
nrows	140
xllcorner	610065.000000
yllcorner	5095217.000000
cellsize	216.586807
NODATA_value	-9999.000000
[rows 70 to 104 of 140, columns 0 to 78 of 146]
12.78 14.32 17.97 20.31 15.51 11.07 7.83 7.28 9.39 12.51 14.93 16.99 20.63 23.89 23.43 14.94 2.85 6.07 9.12 5.81 6.13 5.38 4.87 4.48 1.53 1.42 10.30 19.85 24.65 26.97 33.59 38.27 33.47 27.92 26.83 23.89 25.01 25.68 22.74 24.22 29.59 32.00 36.34 37.05 28.08 18.02 19.77 17.08 13.34 12.37 10.65 14.36 10.89 6.80 7.43 1.99 4.04 8.73 2.34 3.80 5.57 3.98 2.01 1.88 2.59 3.30 4.60 8.94 6.01 5.62 6.00 7.15 9.52 10.60 10.53 10.46 10.33 8.37 13.21
13.74 15.89 18.88 17.27 12.50 8.02 5.94 6.85 9.02 10.61 12.38 14.35 19.00 26.17 25.53 12.68 1.32 5.84 8.03 4.87 4.96 4.86 3.97 1.25 0.19 4.52 13.50 19.36 20.41 23.82 33.01 36.96 32.41 25.06 23.96 26.92 25.92 22.95 21.60 26.22 30.99 31.06 32.99 37.39 32.59 20.37 14.62 15.79 18.50 12.94 12.53 9.99 10.06 8.64 10.64 5.92 1.65 4.54 3.76 1.64 5.39 6.30 4.39 2.35 1.78 2.43 3.56 5.19 8.26 5.46 5.48 6.23 8.83 8.56 9.09 10.42 11.23 10.68 10.22
15.47 17.73 18.49 14.56 9.62 6.32 6.13 7.73 9.09 9.70 11.09 12.66 17.24 26.74 24.91 8.46 3.60 6.17 3.60 4.50 5.39 3.65 2.48 1.73 1.87 7.83 14.55 17.13 18.35 24.19 32.95 34.18 27.78 24.06 25.14 27.78 26.38 21.82 16.85 23.15 30.21 29.95 29.08 33.90 33.60 23.97 17.19 14.89 15.09 12.15 10.95 10.77 11.75 5.59 9.93 13.29 2.61 1.90 9.39 2.37 2.79 6.74 6.50 4.08 2.17 1.86 2.71 4.46 5.64 5.74 8.96 8.91 7.84 5.67 6.42 10.53 11.83 11.55 12.48
17.25 18.09 16.25 11.37 7.57 5.95 6.93 8.63 9.39 9.31 10.61 13.75 19.26 26.88 23.62 9.39 2.13 5.72 2.72 7.52 4.44 3.31 3.42 2.37 3.32 9.13 13.46 14.86 19.20 26.53 31.95 30.49 24.67 20.07 26.80 29.04 26.76 20.72 17.49 20.94 27.98 29.21 25.68 28.69 32.80 27.99 20.28 17.65 15.67 15.84 13.59 11.30 12.92 7.90 8.79 5.28 3.43 1.10 2.76 2.85 0.81 5.25 7.29 5.88 3.72 2.01 1.70 3.39 4.82 5.52 5.56 6.08 6.78 6.62 7.55 10.32 12.01 11.90 13.54
17.42 16.61 13.41 9.33 6.90 6.16 7.28 8.71 8.51 8.07 10.48 15.61 20.88 25.04 22.15 10.93 4.41 6.60 2.28 4.52 2.64 4.84 4.91 3.70 5.01 8.89 11.78 14.65 21.53 27.86 30.21 27.27 23.41 24.78 29.37 30.68 26.59 20.17 16.94 20.10 26.89 28.21 24.01 24.76 30.26 29.81 22.88 17.64 16.92 12.94 17.65 16.33 14.12 6.56 8.75 12.95 9.01 2.52 1.41 6.61 0.67 3.39 7.04 7.16 4.93 2.52 0.82 8.50 8.91 9.98 8.46 9.39 9.99 10.02 9.64 10.25 11.31 11.76 12.78
15.67 14.62 12.09 9.29 7.23 6.44 7.44 8.37 7.37 7.67 11.99 17.78 21.11 21.79 18.57 9.67 5.04 4.38 5.57 7.53 5.17 6.17 6.77 6.60 7.94 8.85 10.68 15.19 21.03 27.20 29.15 25.98 23.56 26.54 31.46 31.42 25.30 19.35 17.24 20.31 25.95 26.24 22.29 20.59 24.61 28.75 25.36 18.45 18.37 13.42 17.72 15.56 13.24 8.65 10.20 9.25 14.42 14.39 8.24 14.91 0.87 2.69 6.29 7.44 5.77 3.23 0.92 1.33 7.60 10.52 10.62 10.34 10.03 10.30 10.75 10.87 10.94 12.42 12.02
13.74 13.33 11.93 9.40 7.05 6.54 7.91 8.58 7.87 9.75 15.01 19.68 20.08 18.34 14.81 7.34 8.86 4.76 2.38 2.66 6.21 8.15 9.86 11.17 10.35 8.50 10.21 14.66 19.47 25.56 29.01 26.48 24.94 28.97 32.65 29.81 22.51 17.88 17.86 20.77 24.56 24.31 20.29 17.69 20.16 26.04 26.29 20.20 16.13 14.33 16.26 15.18 14.65 9.59 9.83 9.73 14.85 17.00 10.38 8.76 6.30 2.75 5.43 6.68 6.33 3.94 1.39 8.72 2.01 8.71 10.50 10.71 10.62 10.45 12.33 12.63 10.32 11.51 13.07
12.66 12.61 11.55 8.88 6.85 7.35 9.03 9.48 10.14 13.99 17.69 19.80 18.01 15.53 12.01 5.07 9.61 4.54 4.43 4.47 6.44 10.97 14.83 15.66 18.29 9.32 10.81 13.82 17.70 24.24 29.11 28.88 27.14 31.01 31.56 26.73 20.05 16.47 17.15 21.08 24.40 22.85 19.11 17.15 18.45 22.80 25.22 22.01 17.86 14.70 14.45 16.03 13.01 10.01 11.02 11.12 17.23 11.96 5.48 3.25 16.48 3.25 4.87 5.52 6.26 10.01 8.21 7.99 7.48 7.40 10.10 10.68 11.45 11.13 13.26 7.42 10.80 12.38 8.21
11.99 11.95 11.00 8.71 7.58 8.74 10.02 10.39 12.08 15.23 17.31 17.03 15.06 13.42 9.66 3.47 7.33 4.27 4.86 5.59 9.37 15.66 19.78 18.29 12.86 11.17 11.69 13.14 17.60 24.00 29.02 28.78 28.19 29.81 28.91 24.48 18.42 16.00 16.80 22.23 24.79 21.84 18.79 17.78 18.49 20.54 22.64 22.75 20.07 17.40 15.00 17.15 14.67 9.38 10.60 12.36 19.14 16.76 13.22 5.64 11.64 8.48 4.55 4.31 5.26 10.30 3.36 9.11 0.37 2.41 4.33 7.32 11.21 11.35 13.93 7.19 7.70 7.48 7.52
11.55 11.54 10.86 9.21 8.49 9.39 10.39 10.97 12.35 13.47 13.61 13.25 13.56 12.99 7.49 2.41 2.74 4.67 6.07 9.23 14.81 19.50 21.32 17.38 10.62 9.34 9.70 12.14 18.92 23.97 27.53 27.67 25.72 26.89 27.11 22.89 17.23 12.87 17.63 23.61 24.77 21.77 19.40 18.52 18.80 19.01 19.57 22.01 21.92 18.88 17.09 18.57 16.46 7.39 14.92 14.99 11.21 19.02 11.00 7.74 5.34 13.36 10.31 7.91 3.88 5.33 4.22 2.18 0.45 1.92 3.89 4.65 5.16 9.12 13.45 14.33 7.18 6.82 7.06
11.23 11.31 10.99 9.67 8.79 9.59 10.78 11.22 11.58 11.33 10.86 11.62 14.28 13.39 6.07 9.55 4.16 6.04 9.07 14.34 18.53 20.40 20.09 14.63 8.59 6.84 6.90 11.87 20.15 22.35 23.09 23.88 23.07 25.27 25.88 21.40 17.02 13.68 19.96 24.46 24.04 22.53 21.10 18.45 18.62 17.68 12.17 20.30 23.17 20.28 21.55 15.42 17.57 12.30 15.77 15.91 11.15 7.33 6.32 9.09 7.13 5.39 4.39 17.59 2.65 5.00 5.00 2.56 0.69 1.48 3.07 3.99 4.68 5.45 9.32 14.06 6.70 6.45 11.81
11.02 11.16 10.85 9.28 8.65 9.95 11.05 11.18 11.06 10.16 9.64 12.21 16.05 13.34 5.95 4.30 6.20 9.13 14.05 17.96 19.42 20.46 18.36 12.07 7.86 6.36 6.55 12.78 19.90 19.54 18.64 20.87 22.76 24.47 23.86 20.04 17.12 18.11 22.51 24.63 23.46 19.61 22.78 20.98 18.45 16.53 15.81 18.21 23.29 22.04 17.09 13.42 17.86 13.52 16.81 15.04 11.75 8.24 8.13 9.81 8.71 7.03 5.26 2.99 11.40 4.01 5.30 3.12 1.39 1.21 2.25 7.72 3.84 4.68 5.72 6.59 6.71 6.23 6.38
10.84 10.88 10.27 8.88 8.92 10.23 10.81 10.92 10.60 9.61 10.10 14.11 17.08 12.49 6.75 6.39 8.97 13.42 17.20 17.91 19.00 20.00 15.83 9.85 6.99 5.97 7.52 13.53 18.44 17.23 16.71 20.18 22.97 22.60 20.71 18.53 17.18 19.82 23.84 24.58 23.90 20.08 20.68 21.95 18.92 14.88 15.10 17.20 22.52 23.20 18.60 13.44 11.95 16.56 17.14 12.47 12.13 10.64 8.79 10.11 17.95 9.20 7.08 4.21 2.36 2.75 4.39 15.24 2.12 8.50 1.43 2.62 10.65 3.64 4.88 5.94 17.53 5.76 15.12
10.64 10.56 9.87 9.17 9.61 10.34 10.51 10.41 9.67 9.36 11.72 16.31 17.04 11.33 15.20 8.64 12.22 15.77 16.71 17.16 19.39 18.68 12.97 8.16 6.16 6.10 8.73 13.33 16.60 15.81 16.18 20.27 21.59 19.35 17.96 17.07 17.45 20.82 24.03 24.93 25.12 24.25 22.63 21.27 19.26 16.75 10.92 17.63 22.27 23.16 19.72 20.81 15.45 18.79 15.64 11.51 12.01 11.92 10.73 10.15 10.93 15.58 8.88 6.48 3.33 12.34 2.59 8.24 2.51 1.47 0.70 1.81 12.20 9.13 8.76 4.84 11.28 14.53 14.13
10.49 10.37 9.95 9.86 10.24 10.40 10.32 9.83 8.99 10.31 14.61 18.35 16.73 11.25 9.27 11.24 14.11 15.59 16.08 17.95 19.54 16.19 10.24 6.94 5.57 6.14 8.89 12.23 14.93 15.02 15.67 19.14 19.44 17.01 16.03 10.77 16.47 19.50 23.13 25.76 27.19 25.01 20.77 19.49 17.78 17.24 15.59 17.73 22.34 19.72 19.98 16.82 18.49 18.48 15.21 12.77 12.08 12.77 11.67 10.77 11.39 13.16 9.90 13.24 5.34 1.97 7.01 7.84 9.00 1.91 0.69 1.06 11.59 12.74 13.23 12.26 10.94 14.26 13.93
10.31 10.27 10.28 10.52 10.66 10.38 10.03 9.38 9.35 12.60 17.62 19.41 16.14 11.95 11.17 12.54 14.37 15.75 17.15 18.62 17.90 12.98 7.92 5.57 4.77 5.82 8.26 10.93 13.83 14.68 14.77 17.52 18.67 16.29 11.04 14.63 15.12 16.48 20.01 25.63 29.01 24.62 17.88 18.09 16.69 17.14 16.60 17.16 21.31 23.71 21.60 17.44 19.18 18.40 16.61 14.82 13.16 12.86 12.80 12.14 11.84 13.07 10.34 10.96 21.01 17.46 9.92 8.66 8.14 10.56 9.62 0.21 9.40 9.65 14.90 10.95 10.54 12.04 8.62
10.22 10.41 10.79 11.00 10.75 10.27 9.93 9.51 10.78 14.98 19.23 19.35 15.21 23.74 11.83 12.88 14.98 16.85 17.37 17.26 15.07 10.04 5.99 4.46 4.30 5.72 7.92 9.97 12.89 14.31 14.35 9.68 18.71 16.28 11.97 14.18 14.57 15.24 18.46 24.57 28.69 23.71 16.98 11.43 15.56 17.89 15.02 17.77 20.35 23.67 24.02 23.59 24.72 19.56 18.16 16.93 15.10 11.51 13.96 13.71 12.40 11.00 10.82 10.97 15.95 20.62 11.65 10.14 10.62 10.88 2.80 16.47 14.35 10.23 11.12 12.46 11.82 12.10 5.57
10.44 10.88 11.48 11.33 10.81 10.61 10.51 10.55 12.73 16.80 19.68 18.96 14.64 24.35 11.77 12.49 15.11 16.49 15.82 15.08 12.04 7.44 4.51 3.57 3.99 5.62 7.83 9.56 11.86 13.37 14.22 16.88 18.57 16.55 13.68 13.67 14.33 15.29 18.43 22.94 26.69 24.34 19.10 17.97 12.16 17.78 14.50 19.01 13.15 17.39 20.24 24.51 21.46 19.45 18.62 18.23 16.68 14.82 14.90 13.97 15.00 12.56 11.55 10.86 16.14 4.91 11.95 10.88 11.05 10.02 10.44 9.11 9.62 2.16 3.10 7.82 7.59 11.64 12.54
10.88 11.45 11.90 11.24 10.87 11.16 11.26 11.79 14.25 17.80 19.57 18.30 14.13 11.57 10.81 11.32 13.86 14.77 14.11 13.09 9.19 5.23 3.48 13.65 4.26 5.79 8.05 9.97 11.33 12.59 14.32 16.39 17.97 16.76 13.44 12.87 13.92 15.16 17.98 21.51 24.34 24.10 20.71 11.18 20.07 17.07 15.57 19.50 20.96 23.41 24.84 24.59 22.23 19.53 18.87 19.01 17.87 16.24 15.96 14.90 14.23 13.46 14.07 11.60 16.58 20.37 14.73 12.98 13.03 12.04 10.45 9.48 11.62 15.68 3.38 3.64 4.16 4.04 4.42
11.34 11.70 11.56 10.69 10.71 11.07 11.28 12.37 14.84 17.80 18.82 17.22 13.51 10.56 9.59 10.39 12.67 13.53 12.81 11.04 7.23 3.83 2.49 8.43 4.52 6.40 9.16 11.13 11.82 12.68 14.21 15.73 16.78 16.04 13.09 11.91 13.11 14.60 17.28 20.29 22.39 23.00 20.86 12.56 19.97 20.17 17.03 19.76 21.37 23.69 25.71 22.54 24.00 20.90 19.75 19.70 16.34 15.62 13.33 15.08 17.26 14.04 14.36 16.47 18.43 16.75 19.24 15.56 17.42 16.14 10.91 10.88 8.89 8.55 7.69 12.27 10.20 6.94 4.94
11.55 11.69 11.36 10.79 10.88 11.02 11.48 12.74 14.84 17.08 17.73 16.33 12.67 9.43 8.76 9.87 11.92 12.54 11.52 9.41 6.00 3.19 2.24 2.89 4.93 8.35 11.45 12.18 12.03 12.80 14.08 14.97 15.06 14.45 12.33 11.10 12.42 13.97 16.02 18.93 20.93 16.95 20.55 19.12 14.14 18.73 19.60 10.70 21.86 23.69 26.07 22.17 25.44 22.40 20.56 14.80 19.27 17.91 16.95 16.63 18.72 14.60 13.61 15.87 15.97 17.12 20.91 19.53 20.49 19.46 18.51 10.61 4.30 3.88 3.20 10.10 9.37 8.70 11.20
11.52 11.80 11.77 11.33 11.20 11.26 11.77 12.81 14.31 15.80 16.39 14.98 10.81 7.97 7.99 9.16 10.80 11.20 10.30 8.27 5.09 2.91 10.28 3.57 6.64 11.53 13.23 12.04 11.78 13.11 14.07 13.77 12.85 12.12 11.26 11.02 12.40 14.01 15.26 17.48 19.26 19.65 19.45 18.55 18.26 18.33 11.89 20.03 21.68 23.38 25.30 26.82 28.98 23.67 21.26 20.11 15.55 18.40 15.49 17.24 17.82 17.45 19.32 15.95 17.35 9.46 18.00 13.26 14.74 13.69 11.75 16.01 3.76 4.19 12.02 8.85 9.86 9.05 8.59
11.66 12.26 12.44 11.66 11.20 10.92 11.05 12.08 13.17 14.08 14.61 13.02 9.18 7.06 7.14 7.81 9.16 10.13 9.67 7.57 4.69 3.19 3.65 5.36 9.74 13.93 13.37 11.58 12.01 13.28 13.13 11.63 10.21 9.78 10.26 11.04 12.39 14.00 15.44 17.16 17.56 16.63 17.08 17.19 16.06 15.93 17.13 18.88 20.98 23.23 24.98 26.14 26.19 24.55 22.00 20.36 17.90 18.38 15.39 13.78 15.96 18.84 18.24 12.98 20.25 10.00 9.00 19.42 14.09 13.70 11.38 15.80 3.46 3.80 9.81 9.56 15.09 13.56 13.75
12.15 12.91 12.96 11.56 10.65 9.90 9.86 11.27 12.21 12.66 12.78 11.32 8.53 18.18 6.82 6.86 8.18 10.06 9.82 7.46 4.86 11.42 4.79 7.54 12.28 14.65 12.90 11.75 12.10 11.86 10.85 9.22 8.14 8.19 8.78 9.89 11.39 13.25 15.94 17.56 15.82 13.84 14.47 15.20 14.26 14.23 15.52 17.32 19.79 22.36 24.46 25.65 26.22 25.29 22.81 20.96 19.91 18.21 16.37 16.18 17.07 17.17 15.93 13.43 17.81 16.79 16.00 12.24 19.29 13.74 11.21 17.17 3.49 3.59 9.11 12.71 11.14 8.04 3.43
12.85 13.29 12.64 10.61 9.43 8.72 9.08 10.96 12.05 12.08 11.44 10.15 17.72 7.70 7.15 6.95 8.34 10.43 10.19 7.74 5.25 4.39 5.74 9.68 14.27 15.09 12.93 11.67 10.52 9.11 8.69 7.80 6.64 6.53 6.90 8.09 10.47 13.98 17.52 17.47 14.03 11.71 12.21 12.87 12.90 13.52 14.44 15.90 18.42 20.94 23.27 24.89 25.87 25.60 23.67 21.99 20.77 18.70 16.39 15.66 16.69 17.27 15.95 13.65 11.64 10.32 21.16 17.89 20.76 14.14 13.14 17.22 3.45 9.61 11.43 8.48 3.50 9.96 11.12
13.22 13.03 11.52 9.37 8.42 8.13 8.92 11.08 12.18 11.82 10.86 9.97 9.75 9.10 8.28 8.19 9.18 10.64 10.31 7.81 5.31 13.35 7.59 12.83 16.64 15.44 12.25 10.09 8.16 7.34 7.71 7.29 6.35 6.38 7.27 9.05 12.03 15.90 18.13 16.34 12.32 9.99 9.92 10.31 11.41 12.87 13.86 15.07 17.38 19.90 22.07 23.84 24.90 25.00 24.29 23.49 22.14 19.65 17.12 15.95 16.45 16.82 15.51 13.74 12.24 9.85 7.81 7.05 15.66 15.48 13.10 13.59 11.67 11.96 13.70 13.75 1.92 1.78 2.46
13.18 12.35 10.34 8.60 7.80 7.73 9.09 11.22 11.91 11.41 10.61 10.25 10.46 10.27 9.86 9.63 9.90 10.86 10.22 7.44 5.53 6.96 11.63 16.71 17.76 14.08 10.28 8.37 7.44 7.71 8.13 7.75 7.52 8.08 9.27 10.84 12.86 15.64 18.43 14.58 11.00 8.97 8.07 8.09 9.46 11.44 12.98 14.41 16.68 19.20 21.18 22.66 23.54 23.63 23.80 24.31 23.32 20.66 18.03 16.48 16.15 16.01 14.90 13.55 12.50 10.34 7.77 6.46 5.58 4.54 3.08 14.00 10.53 14.46 16.99 12.28 1.31 1.60 2.15
13.47 12.03 9.68 8.12 7.11 7.51 9.64 11.09 11.22 10.99 10.55 10.67 11.17 11.40 10.95 10.37 10.75 11.12 9.50 6.87 6.99 11.10 15.99 17.93 15.62 11.36 8.77 8.27 8.61 9.03 8.97 8.86 9.23 9.81 10.39 10.98 12.00 14.05 15.04 13.27 10.50 8.37 6.66 6.56 8.40 10.38 11.98 13.88 16.45 19.18 20.92 21.65 22.03 22.56 23.63 24.72 24.01 21.25 18.67 17.12 16.05 15.27 14.38 13.31 12.37 10.81 8.52 6.81 5.67 4.53 3.27 2.62 1.97 12.31 9.11 15.44 14.95 1.66 1.94
13.52 11.60 9.13 8.15 7.47 8.47 10.51 10.80 10.78 10.91 11.01 11.78 12.27 12.13 11.48 10.86 10.92 10.39 8.38 15.57 10.38 15.09 16.99 15.32 12.29 9.89 9.17 9.55 9.79 9.53 9.43 9.78 10.21 10.23 9.83 9.64 10.54 12.33 14.77 13.06 10.77 8.21 5.97 5.45 7.33 9.43 11.07 13.43 16.76 20.07 21.46 21.02 20.67 21.92 24.13 25.36 24.26 21.32 18.94 17.50 15.96 14.68 13.85 13.02 12.10 10.79 8.90 7.16 6.02 5.03 3.72 2.98 2.04 15.18 13.62 18.62 15.20 1.46 1.55
12.25 10.94 8.88 7.47 7.60 10.05 11.12 10.87 11.00 11.17 12.06 13.33 13.15 12.44 11.85 11.01 10.34 9.52 8.53 9.73 13.20 15.36 14.47 12.17 10.86 10.48 10.49 10.46 9.96 9.63 9.98 10.53 10.61 10.01 8.87 8.39 9.53 11.64 13.34 15.07 11.84 8.76 5.95 5.11 6.27 8.15 10.21 13.31 18.03 22.02 22.27 20.31 19.93 22.16 24.95 25.74 23.95 21.09 19.00 17.58 15.83 14.26 13.45 12.80 11.90 10.63 9.08 7.62 6.54 5.57 4.20 3.03 1.93 0.99 0.25 12.24 15.69 15.49 0.95
11.32 11.25 8.83 7.34 8.68 11.29 11.17 11.21 11.47 11.58 13.27 14.42 13.15 11.99 11.17 9.97 9.43 9.25 9.39 10.93 12.33 12.61 12.03 11.47 11.97 12.15 11.50 10.58 9.82 9.99 10.82 11.31 11.00 9.98 8.64 8.35 10.12 12.92 14.43 14.36 13.02 9.02 5.33 4.53 5.77 7.56 9.86 14.09 20.23 24.06 22.28 19.31 19.98 23.38 25.79 25.40 23.17 20.69 18.92 17.46 15.72 14.11 13.18 12.67 11.84 10.44 9.01 8.07 7.14 5.87 4.36 3.03 2.02 1.27 0.79 1.78 2.43 13.07 2.29
11.45 10.76 7.87 7.39 10.55 11.98 11.27 11.53 11.27 11.28 13.43 13.80 11.73 10.58 9.55 8.83 9.21 9.35 9.49 10.03 9.80 10.25 12.29 13.99 14.53 13.38 11.75 10.57 10.09 10.77 11.72 11.74 10.84 9.69 8.90 9.75 12.67 15.74 16.53 15.47 12.64 7.07 3.54 3.78 5.74 8.01 10.59 15.66 22.14 24.44 21.42 19.07 20.95 24.70 26.24 24.60 22.10 20.07 18.63 17.34 15.80 14.24 13.08 12.50 11.74 10.24 8.84 8.38 7.75 6.15 4.36 3.04 2.30 1.78 1.52 2.20 2.92 2.86 15.94
10.68 9.73 8.94 9.88 11.44 12.01 11.77 11.30 10.16 10.64 13.09 12.82 10.89 10.01 9.12 9.29 10.22 10.23 9.87 9.27 8.67 10.87 15.66 17.99 16.11 13.21 11.56 10.75 10.81 11.71 12.07 11.28 10.15 9.41 9.47 11.05 13.85 17.15 15.96 12.56 8.71 3.72 2.08 3.59 6.15 8.89 12.09 17.48 22.89 23.64 20.91 19.72 22.02 25.47 26.17 23.64 20.79 19.18 18.33 17.52 16.12 14.41 13.03 12.16 11.60 10.35 8.82 8.52 8.23 6.58 15.75 15.31 2.92 2.72 2.61 2.66 2.68 2.69 3.17
9.75 9.68 10.45 11.12 11.19 11.96 11.87 10.20 9.11 10.99 13.61 13.01 11.53 10.63 10.09 10.90 11.74 11.53 10.58 9.04 9.47 14.42 19.55 19.38 15.05 12.10 11.31 10.97 11.30 11.90 11.57 10.54 9.79 9.52 9.79 10.61 11.80 12.33 11.25 9.27 6.48 3.90 3.31 4.65 7.46 10.52 14.43 19.51 23.01 22.75 20.59 19.99 22.76 26.12 26.10 22.99 19.59 18.12 18.23 18.19 16.59 14.46 13.04 12.04 11.61 10.73 18.89 18.02 8.45 6.87 5.05 3.95 13.30 3.47 3.12 2.84 2.81 2.76 13.49
8.69 9.29 10.54 10.89 10.52 11.22 11.48 9.46 9.12 12.26 14.81 13.98 12.39 11.17 11.47 12.54 12.65 12.07 10.65 9.46 11.62 17.49 20.36 17.38 12.93 11.31 11.25 11.04 11.18 11.41 10.79 10.03 9.75 9.53 9.23 8.86 9.31 10.47 10.28 8.17 5.24 3.17 3.38 6.18 9.94 13.53 17.59 21.32 24.87 23.40 20.02 20.27 23.74 26.94 26.54 22.72 18.52 17.31 18.46 19.02 17.05 14.46 13.22 12.32 11.70 11.02 9.88 9.23 8.40 6.95 5.42 4.28 3.94 3.76 3.33 3.04 2.97 2.65 2.92
