examples/cougarCreek-fire/createInputs/WindNinja/wrfout_d3.2015080912.f15/cougarCreekFire_08-10-2015_0300_217m_non_neutral_stability_vel.asc
ncols	146
nrows	140
xllcorner	610065.000000
yllcorner	5095217.000000
cellsize	216.586807
NODATA_value	-9999.000000
[rows 0 to 34 of 140, columns 0 to 78 of 146]
4.67 5.25 5.40 4.47 5.11 6.47 6.51 5.86 5.55 5.28 4.66 4.97 6.12 6.22 5.51 5.23 6.67 8.31 8.78 8.54 9.10 11.75 12.46 12.95 11.68 9.52 9.03 9.58 9.92 9.48 9.20 10.62 12.22 12.31 12.24 12.67 12.90 12.72 12.27 12.20 12.57 12.56 12.63 13.72 14.60 14.04 13.43 14.11 14.79 15.08 15.07 15.66 17.29 18.57 19.48 19.75 19.81 30.27 25.87 26.33 25.70 26.84 27.18 25.91 25.17 25.85 27.82 28.04 24.58 19.23 15.19 14.56 16.15 17.89 18.58 16.74 15.58 19.29 21.71
4.67 5.25 5.40 4.47 5.11 6.47 6.51 5.86 5.55 5.28 4.66 4.97 6.12 6.22 5.51 5.23 6.67 8.31 8.78 8.54 9.10 11.75 12.46 12.95 11.68 9.52 9.03 9.58 9.92 9.48 9.20 10.62 12.22 12.31 12.24 12.67 12.90 12.72 12.27 12.20 12.57 12.56 12.63 13.72 14.60 14.04 13.43 14.11 14.79 15.08 15.07 15.66 17.29 18.57 19.48 19.75 19.81 30.27 25.87 26.33 25.70 26.84 27.18 25.91 25.17 25.85 27.82 28.04 24.58 19.23 15.19 14.56 16.15 17.89 18.58 16.74 15.58 19.29 21.71
4.35 5.23 5.60 4.11 4.34 6.05 6.67 6.29 6.04 5.60 4.75 4.88 6.38 6.46 5.16 4.34 5.90 7.97 9.02 9.25 10.31 13.19 12.39 11.56 9.73 8.02 8.03 9.12 9.61 8.76 8.42 10.21 12.39 12.64 12.49 13.19 13.69 13.48 12.71 12.10 12.21 12.48 12.85 13.96 15.19 14.56 13.33 14.18 15.48 15.56 15.01 15.26 16.75 18.20 19.52 20.81 21.70 30.42 25.04 25.61 30.86 42.79 27.60 27.45 26.84 27.18 27.84 27.44 24.84 20.57 16.52 14.33 14.47 15.96 17.57 16.62 15.01 17.18 19.96
4.22 5.41 5.92 3.61 3.11 5.31 6.65 6.67 6.74 6.51 5.62 5.23 6.54 7.05 4.92 3.20 4.81 7.79 9.67 10.54 12.11 15.19 13.67 10.55 7.58 5.89 6.17 8.25 8.98 7.65 7.14 9.12 12.07 13.00 12.86 13.75 14.65 14.85 14.12 12.43 11.37 12.05 13.14 13.79 15.21 15.40 13.91 14.85 16.85 16.38 14.79 14.70 15.92 17.25 18.74 20.76 22.30 35.57 36.07 40.72 41.40 26.00 27.88 29.11 28.82 28.18 26.97 26.09 24.73 22.07 18.40 15.08 13.83 14.91 16.80 16.34 14.80 15.00 17.85
4.49 5.63 6.27 4.17 3.04 4.67 6.07 7.25 7.62 7.58 6.74 5.96 6.44 7.57 5.31 2.96 4.33 7.88 10.43 11.57 13.86 16.13 15.86 11.84 7.73 4.98 4.75 7.43 8.47 7.08 6.56 9.77 10.75 12.87 13.23 14.04 14.91 15.45 15.48 13.55 11.13 11.54 12.94 12.53 13.61 15.03 14.27 15.00 17.13 16.70 15.01 14.87 15.94 17.21 18.18 18.74 34.32 29.02 24.51 27.37 28.24 27.22 27.29 28.44 28.28 26.46 25.38 24.59 23.72 22.72 20.28 18.08 17.18 17.37 17.94 17.38 15.72 14.35 16.81
4.41 5.50 6.53 5.33 4.06 4.52 5.51 6.08 6.42 7.46 8.07 6.66 6.01 7.79 6.19 3.23 3.73 7.50 11.34 12.49 14.34 16.37 17.13 14.02 9.39 4.99 3.96 7.02 8.64 7.51 6.67 6.58 9.10 12.05 13.23 14.30 15.06 15.53 15.94 14.70 12.55 12.54 12.63 10.80 11.35 13.10 12.79 23.08 15.85 16.50 15.82 15.43 15.72 16.60 23.30 34.05 34.24 28.17 23.23 25.77 27.43 27.46 27.80 28.41 27.36 25.52 24.23 23.25 23.16 23.84 23.30 21.71 20.56 20.02 19.17 17.20 14.87 13.70 16.97
4.07 5.03 6.19 5.84 5.13 4.92 5.31 6.61 7.09 7.30 8.24 7.37 5.53 6.83 7.01 4.19 3.25 6.48 11.15 13.84 14.88 16.26 17.66 16.19 11.33 5.78 4.31 7.21 9.44 8.43 6.26 6.15 8.51 11.10 12.87 14.55 15.22 15.39 15.74 15.30 14.58 14.10 12.43 9.98 9.72 10.89 11.22 12.17 14.36 16.11 16.31 15.78 20.59 26.30 31.70 30.35 30.69 32.55 31.72 33.12 23.29 25.26 27.20 28.65 28.32 26.67 24.34 23.31 23.62 24.56 24.96 23.97 22.04 20.52 18.98 30.38 14.32 14.49 17.74
3.84 4.62 5.67 5.82 5.62 5.36 5.39 6.41 7.14 7.53 8.13 8.23 6.37 5.63 6.39 4.93 3.27 5.31 10.01 14.09 15.33 16.24 17.82 17.79 13.33 6.83 4.41 7.03 9.88 8.77 7.82 5.94 8.69 10.48 12.47 14.73 15.28 15.26 15.28 15.36 15.83 14.73 12.41 10.88 9.69 9.06 9.88 11.65 13.60 15.48 20.42 26.72 26.87 27.41 29.94 28.10 30.59 28.80 29.55 28.05 28.45 29.70 38.73 23.99 26.93 26.49 24.33 23.44 23.20 23.25 23.93 24.51 23.01 32.82 19.04 17.01 15.38 16.67 19.41
3.94 4.57 5.51 5.85 5.90 5.84 5.73 6.04 6.75 7.34 7.89 8.52 7.76 5.81 5.47 4.87 3.40 4.30 8.48 13.57 15.48 16.04 19.71 20.68 15.81 9.32 5.38 6.82 9.38 8.56 5.10 6.62 10.22 10.41 12.74 15.23 15.51 15.45 15.59 15.74 16.10 14.12 12.33 12.35 10.67 8.25 8.85 11.12 17.85 26.66 28.57 26.47 20.80 24.54 23.36 26.10 29.13 27.04 24.94 23.94 28.83 20.34 18.82 18.28 22.10 23.86 23.37 22.72 22.07 21.72 22.64 24.93 25.70 23.26 20.80 19.56 18.68 19.54 20.62
3.96 4.65 5.64 5.97 6.11 6.58 6.48 6.36 6.55 6.98 7.56 8.34 9.71 7.09 5.33 4.69 3.91 3.88 6.91 14.44 17.25 15.53 16.97 19.22 19.44 12.75 7.49 6.68 8.52 8.68 5.61 6.86 19.33 10.80 13.88 16.24 16.32 15.98 16.49 16.76 15.93 12.89 11.19 12.11 11.42 9.86 21.74 22.83 16.70 25.33 24.52 19.28 19.79 24.77 29.43 28.38 27.84 26.20 24.29 29.81 18.64 19.02 17.44 16.75 18.52 20.73 21.66 21.80 21.63 21.45 31.41 24.03 25.97 25.12 22.01 21.20 21.77 22.05 20.81
3.72 4.45 5.66 6.16 6.42 6.44 7.05 6.90 6.84 7.04 7.50 8.22 9.11 9.21 5.74 4.66 4.89 4.18 6.24 11.28 16.37 15.96 16.23 18.69 21.91 15.74 9.99 7.47 8.61 8.84 6.13 7.28 9.11 10.90 14.81 17.40 17.81 17.37 17.70 17.99 16.59 12.55 9.75 10.35 11.37 11.43 14.68 14.41 21.62 15.83 16.97 24.04 27.67 28.39 27.38 28.14 27.71 25.81 28.87 28.31 15.77 16.03 16.86 17.52 30.64 29.85 30.28 31.17 30.72 29.62 29.67 26.54 28.58 28.34 22.06 21.15 23.22 23.79 20.76
3.19 3.64 4.42 5.40 6.46 7.04 6.54 7.21 7.00 7.73 8.32 8.26 9.31 9.28 6.59 4.83 5.19 4.72 6.55 10.91 15.36 14.54 16.85 17.85 19.98 17.98 12.32 9.50 10.31 9.48 6.19 7.49 18.83 11.11 15.36 18.07 19.11 19.47 19.50 19.37 18.06 13.24 8.73 10.94 10.21 13.21 13.90 21.43 19.84 14.05 21.64 25.27 29.15 28.47 27.30 26.67 26.39 25.59 25.99 20.28 12.85 13.29 15.98 18.45 29.56 19.79 20.70 21.74 22.67 22.80 25.37 23.95 18.97 26.40 21.58 21.88 22.88 24.08 21.98
3.62 3.39 3.31 3.93 5.30 6.54 6.40 7.15 7.17 7.29 8.63 9.04 9.82 10.11 8.09 5.69 4.89 4.73 6.85 10.59 14.50 15.10 15.88 19.23 19.51 20.30 14.21 11.30 12.27 10.66 6.82 7.56 7.66 11.18 15.83 18.56 19.66 20.81 21.71 21.62 19.81 13.85 9.00 10.21 10.74 11.52 22.02 12.94 13.05 20.85 23.70 28.31 26.78 26.92 27.77 26.56 24.72 23.78 23.14 22.25 13.69 12.53 22.49 17.39 19.01 19.16 18.86 18.91 19.73 20.42 20.42 20.01 24.18 26.49 20.61 21.73 22.85 23.78 24.19
5.05 4.62 3.69 3.27 4.03 5.59 5.85 5.97 7.03 7.39 7.75 9.07 10.49 10.99 10.03 7.70 5.57 5.08 7.11 10.31 12.24 13.58 14.91 17.22 18.74 20.70 15.14 12.10 12.52 10.56 7.38 16.36 7.16 10.40 15.14 18.78 19.71 20.46 22.37 23.85 21.56 14.92 10.10 8.59 10.26 21.18 25.02 20.02 21.86 23.33 26.54 26.59 24.17 25.87 25.37 23.40 20.58 18.06 17.51 15.24 10.54 12.40 13.48 20.16 23.52 23.50 24.64 23.33 23.64 23.68 18.26 20.86 22.35 22.46 21.57 21.61 23.19 23.73 24.37
5.63 5.83 5.40 4.23 4.02 4.73 5.28 5.52 5.84 7.16 7.66 8.05 9.18 12.11 12.04 9.22 6.86 6.74 8.03 10.99 12.64 14.25 13.93 14.56 19.37 20.47 16.44 13.78 12.49 9.34 6.96 7.18 7.06 9.84 15.06 19.01 19.94 20.09 21.98 24.08 21.70 16.06 11.45 10.73 20.01 21.52 21.85 11.69 19.54 21.57 26.50 25.48 25.37 26.02 25.88 24.76 20.68 16.93 15.41 14.12 12.54 13.82 16.74 17.36 21.79 25.57 25.51 25.42 24.06 15.08 21.74 24.08 22.59 24.63 22.92 23.27 23.82 23.70 23.64
5.09 5.83 6.22 5.35 4.90 4.99 5.38 5.53 5.91 6.61 7.34 7.80 9.86 11.26 13.06 11.94 9.18 9.13 9.65 11.76 12.92 14.69 14.34 13.02 16.12 19.67 17.74 15.83 13.04 8.70 6.89 7.34 7.94 10.15 14.88 18.75 20.55 21.20 21.63 21.52 20.11 16.36 12.78 11.51 20.78 20.32 11.42 11.54 12.03 25.69 24.09 24.39 23.79 22.04 23.07 21.94 17.21 15.81 17.22 14.99 15.60 17.01 19.25 21.56 23.78 24.05 24.47 25.35 19.96 23.62 22.27 20.02 20.88 21.08 21.16 22.46 24.56 24.57 27.16
4.74 5.35 5.92 5.49 5.23 5.30 5.33 5.53 5.59 5.98 6.78 7.40 8.87 9.42 11.77 13.35 12.10 10.20 11.32 13.54 14.20 16.33 16.12 13.06 12.73 17.99 17.94 16.46 13.03 8.27 7.18 8.03 8.29 10.55 14.50 18.34 21.11 22.47 22.55 20.79 18.24 15.64 12.88 11.50 10.77 11.07 10.84 19.08 19.96 25.45 24.79 20.50 18.46 18.58 21.25 14.02 16.61 15.95 17.26 15.26 13.47 16.85 17.99 18.90 21.62 21.66 25.05 25.18 23.11 17.85 17.54 18.08 18.38 18.58 18.19 18.72 21.69 24.39 23.98
4.92 5.24 5.60 5.45 5.19 5.21 5.93 5.68 5.50 6.16 6.33 7.03 8.98 7.93 10.12 11.47 12.52 12.79 13.25 15.40 16.39 18.75 18.50 15.87 13.09 16.87 18.22 15.96 11.56 7.59 7.53 7.25 7.01 9.31 13.50 17.56 21.69 23.78 23.08 20.60 17.27 14.97 12.87 11.33 10.55 19.40 18.24 20.38 22.78 24.51 19.29 15.47 15.55 18.91 15.19 14.03 18.30 14.35 14.78 17.23 15.60 15.85 16.10 17.89 19.78 16.62 18.07 17.03 14.73 14.24 17.80 21.38 21.41 21.10 20.65 19.71 17.90 21.22 23.40
5.08 5.30 5.56 5.44 5.16 5.09 5.25 5.70 5.92 5.77 6.00 6.76 9.10 6.62 8.63 10.44 11.68 12.54 12.88 14.95 16.46 18.06 20.68 19.25 16.95 17.59 19.20 15.18 9.46 7.43 6.44 4.33 4.71 6.61 11.03 16.29 21.66 24.22 23.50 20.65 17.38 14.77 13.05 11.85 21.11 21.30 20.78 21.07 24.43 19.92 17.51 15.73 19.83 20.65 17.20 18.91 18.85 18.22 17.31 16.48 16.31 14.98 14.32 13.93 12.60 11.91 11.85 13.33 12.14 17.34 21.28 20.26 21.02 20.53 21.83 20.72 18.76 17.97 19.94
4.80 5.21 5.62 5.41 5.14 5.04 5.58 5.67 5.97 5.71 5.84 8.26 8.19 8.52 9.02 9.24 10.06 11.75 12.13 14.24 15.50 15.55 19.94 20.75 20.77 20.77 20.10 14.46 8.31 5.91 5.04 9.72 5.38 3.39 7.24 14.56 20.09 23.51 23.52 21.03 18.28 15.67 13.54 12.60 12.39 20.54 21.10 21.25 18.55 16.50 17.05 20.91 11.92 21.39 17.42 18.03 18.62 17.82 16.88 16.93 17.06 14.16 16.00 14.09 13.00 11.86 14.93 17.66 17.19 19.59 19.45 18.61 20.49 17.15 18.51 20.67 20.67 21.97 21.75
4.36 4.88 5.49 5.58 5.19 5.17 5.41 5.51 5.26 5.69 5.70 7.60 6.17 8.59 10.67 10.49 9.65 10.84 11.21 13.37 14.18 13.95 18.67 22.56 24.74 24.09 21.56 15.63 9.57 7.18 9.09 8.91 5.69 2.40 4.02 12.56 16.70 20.35 22.02 20.45 18.52 16.63 14.65 13.40 12.86 20.23 20.12 17.73 17.02 19.25 17.14 22.56 19.30 16.37 10.67 19.30 18.48 16.96 19.07 17.15 16.23 14.82 15.82 15.51 12.96 12.89 12.39 12.99 12.13 16.14 12.98 15.49 18.34 21.24 17.91 21.00 20.74 20.66 20.33
4.15 4.65 5.28 5.43 5.10 5.14 5.30 5.34 5.21 5.71 6.95 7.62 5.42 5.90 10.02 8.53 11.75 12.70 12.51 13.38 14.30 13.49 17.38 21.69 25.21 25.47 22.95 19.01 15.11 12.43 13.63 10.26 6.16 4.25 2.80 8.95 14.01 18.59 19.90 18.30 16.86 16.00 14.82 13.65 12.97 21.55 12.12 18.02 18.97 19.70 23.39 23.47 21.32 18.04 8.96 18.51 9.27 15.24 17.99 16.53 16.27 14.81 16.11 15.44 9.19 11.78 11.59 12.65 9.01 11.55 17.41 17.31 15.43 12.74 16.49 19.12 21.63 21.28 18.29
3.93 4.52 5.13 5.04 5.13 5.15 5.22 5.27 5.18 5.82 6.86 8.20 6.36 4.79 8.21 7.51 11.21 9.25 13.58 12.82 13.72 14.43 16.97 21.59 27.32 27.38 24.45 22.74 20.82 15.51 15.76 14.13 8.15 5.98 4.69 4.78 11.30 16.60 18.54 16.44 13.97 13.92 14.02 13.24 12.64 12.66 12.35 19.65 25.27 24.85 25.83 12.47 10.98 19.25 9.05 9.01 9.37 18.96 15.84 16.15 14.36 13.76 13.41 6.98 6.57 9.47 11.08 11.48 14.27 14.29 16.16 15.74 13.81 12.86 16.25 19.78 20.50 20.62 20.16
3.58 4.27 4.98 4.80 4.68 4.60 5.10 5.08 6.70 5.94 6.40 8.11 7.33 4.90 6.65 8.85 10.51 11.59 12.51 12.09 11.91 13.06 15.30 20.44 28.76 32.75 28.31 25.64 24.07 17.91 13.21 11.13 6.92 5.98 5.83 5.44 8.52 14.83 17.12 15.22 11.48 11.30 12.73 13.10 23.44 25.46 25.06 25.15 25.22 25.40 14.26 13.85 12.63 11.77 9.78 9.51 9.99 10.22 10.19 15.20 11.81 12.56 11.34 14.19 13.48 13.09 13.41 13.14 14.90 14.06 16.91 11.62 16.21 16.39 15.91 18.05 17.67 16.85 17.03
3.26 3.98 4.77 4.61 4.46 4.38 5.02 4.89 4.84 6.42 5.77 7.17 7.74 5.81 5.79 8.21 10.05 11.14 11.98 12.84 12.77 12.35 13.51 17.88 26.65 36.56 34.38 27.91 27.87 21.67 18.13 13.09 6.87 4.38 6.91 7.92 9.73 9.94 21.34 13.29 10.47 22.82 19.57 12.03 23.80 24.79 23.45 24.17 24.73 24.59 14.11 13.03 12.42 11.63 10.17 17.47 16.98 15.41 15.50 7.91 7.43 13.78 9.78 9.32 9.84 12.62 13.94 13.60 14.50 14.43 13.28 14.34 16.16 14.47 15.45 17.11 16.87 16.44 15.68
3.19 3.82 4.58 4.49 4.34 4.18 4.80 4.71 4.64 6.77 5.40 6.46 7.41 7.29 6.10 7.50 9.35 10.64 11.23 12.53 13.41 12.36 12.77 16.58 24.35 37.48 41.29 29.23 21.64 25.44 23.86 15.27 10.45 5.51 6.55 7.86 8.74 11.55 17.73 10.11 9.45 22.20 22.06 23.64 23.25 22.74 21.46 23.62 24.35 26.13 13.40 12.16 11.45 10.62 9.54 16.86 15.11 14.47 6.60 6.90 7.38 11.29 9.67 8.79 8.95 12.94 12.89 10.47 10.34 6.89 7.19 10.06 12.09 12.23 10.61 12.26 12.65 15.39 14.74
3.05 3.71 4.47 4.36 4.87 4.56 4.66 4.55 7.24 7.01 5.57 6.28 6.71 7.53 7.40 6.86 8.58 9.91 10.30 11.68 12.60 11.71 11.96 15.97 22.46 37.99 47.22 31.62 20.24 28.44 27.00 15.53 11.14 8.62 8.52 2.37 7.56 12.08 14.60 19.67 21.52 23.00 22.33 23.10 23.18 24.22 24.86 26.34 26.41 14.07 13.09 11.68 10.72 9.96 9.53 8.24 6.99 6.32 6.53 6.75 11.78 12.93 11.75 9.21 8.64 8.29 7.15 6.53 5.72 4.65 3.61 4.54 5.66 7.43 8.95 10.26 10.46 11.75 13.89
2.71 3.47 4.35 4.19 4.87 4.62 4.52 4.44 7.09 7.55 6.09 6.31 6.36 7.17 8.49 7.67 8.85 9.73 9.71 11.14 11.74 10.92 10.87 14.68 20.60 34.68 48.22 42.30 28.99 33.88 27.63 15.42 12.66 10.20 9.52 9.63 8.10 9.39 13.44 17.39 20.63 23.90 24.44 24.36 23.71 25.12 24.93 25.44 25.36 13.92 13.13 11.46 10.28 10.03 9.26 8.11 7.15 6.98 6.97 6.81 6.75 8.54 5.64 5.67 6.58 11.29 5.52 4.56 5.68 7.54 7.73 7.43 6.75 6.47 3.60 5.12 6.53 11.71 10.87
2.42 3.24 4.16 4.00 3.84 4.55 4.41 4.18 4.02 7.49 6.74 6.34 5.71 4.14 4.80 8.27 8.79 9.65 9.59 10.97 11.56 10.67 10.25 13.10 17.95 28.81 44.62 53.49 50.76 42.18 25.54 18.32 14.54 10.73 11.14 8.96 7.60 9.63 12.20 16.13 20.10 22.46 23.04 22.43 22.42 23.15 21.79 22.60 24.39 13.82 13.64 12.29 11.10 9.26 9.31 8.22 7.47 6.89 5.84 4.74 4.33 4.17 7.04 4.16 5.00 5.73 5.76 4.84 2.35 4.72 5.40 5.35 6.03 6.36 7.40 9.34 10.05 12.20 11.53
2.45 3.13 3.93 3.80 3.64 4.36 4.38 7.00 6.10 6.98 6.88 6.11 5.52 4.94 4.49 8.37 5.74 9.19 9.37 10.63 11.25 10.32 10.07 10.90 14.60 20.02 30.17 46.30 60.16 49.55 25.32 14.76 11.35 13.36 12.67 9.93 9.17 9.86 10.76 14.50 18.00 19.75 20.97 22.51 23.00 22.47 22.21 27.21 13.93 14.55 15.28 14.73 12.50 10.36 9.04 7.60 6.50 5.58 4.86 4.37 3.93 3.93 3.39 3.51 3.64 4.48 2.44 1.54 1.51 0.98 1.48 5.17 7.13 7.67 7.85 8.97 9.50 9.79 10.69
2.62 3.12 3.71 3.63 3.47 4.13 4.06 3.96 7.02 7.01 7.46 6.37 6.19 5.31 5.50 8.31 8.56 8.08 8.37 9.18 9.81 8.82 9.42 9.25 11.39 14.62 19.07 35.45 54.64 52.62 29.69 20.06 10.87 16.53 14.46 10.08 9.83 11.47 8.94 12.59 15.41 17.21 19.45 21.60 22.18 23.81 25.55 14.66 16.25 17.04 17.30 17.13 14.77 11.25 8.92 7.49 6.49 5.78 5.29 9.19 7.90 5.73 2.65 5.51 5.08 3.72 3.81 4.49 7.26 7.60 9.04 13.07 12.66 9.04 8.01 8.87 9.46 10.32 11.01
2.79 3.11 3.54 3.48 3.36 3.89 3.91 3.81 7.02 6.78 6.77 6.78 6.67 6.34 5.70 8.19 9.18 6.44 8.61 8.90 8.72 7.41 8.06 8.53 10.14 12.63 15.12 27.49 46.20 54.29 38.40 22.27 18.82 12.37 15.71 12.32 13.44 15.36 9.28 10.86 13.50 15.07 17.78 18.79 18.76 19.44 21.55 16.33 18.72 19.90 19.24 18.41 16.49 12.34 9.99 8.83 7.97 7.59 6.72 11.00 8.43 6.61 1.42 5.86 4.43 2.66 1.76 0.22 0.84 1.45 2.60 2.28 2.46 1.78 2.87 4.80 5.46 7.76 10.44
2.70 3.13 3.51 3.32 3.22 3.78 3.74 3.51 6.79 6.60 6.49 6.65 6.66 6.36 6.39 7.83 9.28 10.09 10.35 9.75 9.79 8.09 7.65 7.61 8.90 10.82 13.92 21.25 36.25 52.38 46.66 29.03 21.69 19.37 18.18 18.35 18.80 16.10 13.02 13.95 13.42 13.91 15.98 16.09 15.91 13.93 12.33 13.02 15.19 18.83 21.44 22.30 21.72 18.34 15.03 13.03 11.39 9.73 13.25 11.30 9.73 8.61 7.24 5.52 5.44 4.41 5.77 7.77 9.89 11.46 10.50 8.58 7.76 3.32 3.30 4.41 4.53 0.66 7.95
2.46 3.13 3.65 3.22 3.62 3.62 3.53 3.43 6.61 6.52 6.76 7.16 6.36 6.28 6.59 7.33 8.79 9.66 10.85 12.07 12.70 11.10 10.28 8.96 8.30 8.43 10.61 15.49 26.36 42.37 47.24 34.83 23.65 22.89 20.95 19.02 16.42 12.61 10.35 10.79 12.67 14.96 14.77 14.03 14.13 8.78 8.96 7.15 8.41 11.72 17.18 21.92 25.20 25.32 22.42 18.40 14.12 10.62 8.29 6.54 5.03 8.92 8.07 7.13 6.81 5.89 4.80 5.31 6.32 6.11 9.01 15.15 14.83 14.71 13.71 1.92 4.09 5.99 3.84
2.38 3.02 3.61 3.36 3.43 3.40 3.29 6.41 6.65 6.68 7.31 7.35 6.81 6.47 6.14 7.02 8.26 9.11 9.94 10.85 11.63 12.65 13.35 13.18 10.90 8.48 8.95 12.51 21.10 33.66 40.55 35.31 26.39 25.55 22.07 18.83 14.58 9.74 10.74 13.17 14.51 13.76 14.61 13.84 16.30 13.71 12.15 2.19 3.53 4.18 4.71 9.86 15.89 20.07 20.71 19.44 15.93 11.77 8.66 6.12 4.40 3.24 9.11 8.14 4.90 3.33 3.13 4.49 13.02 14.99 16.12 16.01 15.95 2.95 6.44 7.09 6.36 6.06 5.87
