examples/cougarCreek-fire/createInputs/WindNinja/wrfout_d3.2015080912.f15/cougarCreekFire_08-10-2015_0300_217m_non_neutral_stability_vel.asc
ncols	146
nrows	140
xllcorner	610065.000000
yllcorner	5095217.000000
cellsize	216.586807
NODATA_value	-9999.000000
[rows 35 to 69 of 140, columns 0 to 78 of 146]
2.65 3.02 3.39 3.19 3.41 3.27 3.08 2.90 6.18 6.23 6.21 5.31 6.74 7.27 6.65 6.64 7.23 7.49 7.44 8.37 10.24 11.89 13.27 14.93 16.76 16.32 13.26 14.11 20.71 30.51 33.25 33.08 29.19 26.87 23.89 19.37 16.43 13.45 12.59 14.04 14.88 15.02 15.32 14.98 12.99 14.06 15.41 15.23 15.14 5.03 4.85 3.11 4.02 9.86 12.07 14.11 13.86 11.53 9.19 13.11 11.55 11.23 4.44 3.90 6.74 8.23 10.05 11.52 13.04 14.57 15.71 16.47 8.30 15.32 6.89 7.83 7.35 6.07 5.59
2.97 3.13 3.29 3.74 3.46 5.55 5.40 2.67 6.10 6.04 5.40 4.91 5.47 7.31 7.39 7.64 8.36 8.82 9.20 10.52 11.80 12.22 13.25 13.47 13.34 13.08 17.15 19.14 23.35 30.28 31.39 31.51 31.93 29.25 27.01 25.09 21.66 6.56 3.56 3.67 5.28 6.89 8.66 15.39 15.09 16.10 13.99 13.09 16.53 7.59 7.79 7.83 6.53 5.29 6.27 7.72 8.12 7.62 7.00 6.09 5.22 4.45 3.78 7.99 3.97 8.69 10.74 12.58 14.08 5.66 15.06 15.89 15.71 13.85 13.57 13.68 12.73 11.60 3.63
3.10 3.21 3.35 3.81 3.52 3.10 2.58 4.79 2.59 5.17 4.89 5.10 5.36 4.65 6.65 7.39 7.93 8.74 7.71 8.80 9.83 10.10 11.43 11.48 11.76 12.49 13.94 17.06 19.05 32.55 35.01 28.69 32.30 27.37 26.50 23.85 23.54 22.95 19.14 15.22 4.50 13.68 8.62 10.19 10.43 4.19 4.78 10.77 15.37 15.37 18.85 9.38 9.69 17.35 8.18 7.55 6.52 4.96 3.49 2.49 4.20 4.43 4.91 5.70 6.85 8.70 10.97 12.61 13.77 14.47 14.56 15.29 1.96 13.45 12.97 13.27 12.94 11.90 10.37
3.12 3.31 3.57 3.99 3.42 2.67 2.29 2.28 2.72 4.49 2.74 5.30 5.28 5.20 5.64 6.47 7.13 6.13 7.05 8.21 8.83 8.75 9.76 10.48 9.78 10.87 13.76 12.29 18.35 36.05 41.15 29.43 26.98 26.98 23.35 19.73 13.88 8.89 6.86 15.99 17.56 15.87 3.72 3.84 2.75 2.50 2.73 3.31 11.99 11.94 17.70 19.31 21.72 19.68 17.38 17.36 16.54 15.80 8.16 6.88 5.92 5.54 6.01 6.66 5.48 8.61 10.05 11.59 12.69 13.75 14.45 15.13 15.38 14.55 14.15 13.95 13.11 11.61 9.97
3.05 3.43 3.87 3.99 2.87 2.06 2.33 2.63 5.08 5.26 5.64 5.42 4.37 4.24 5.62 6.24 6.54 4.15 7.53 8.10 8.53 9.11 9.54 10.97 9.68 12.13 12.86 13.02 18.46 36.41 45.74 33.88 22.92 25.78 25.19 24.68 23.04 21.15 18.65 6.81 6.38 18.87 6.46 4.52 11.64 16.47 17.28 15.68 15.70 15.11 14.35 15.41 15.78 18.83 23.70 21.43 19.73 19.13 19.13 13.68 12.72 11.58 11.39 12.39 13.11 14.27 16.17 16.67 18.05 18.92 19.59 16.37 15.94 16.25 16.17 15.51 14.63 12.77 10.32
3.05 3.46 4.03 3.66 2.30 2.03 2.64 2.98 3.16 5.40 5.86 5.85 5.49 5.48 4.88 5.65 3.62 4.56 3.78 4.67 8.58 8.38 9.34 11.04 7.27 7.23 12.32 14.42 23.00 38.96 44.74 30.97 19.31 19.31 23.45 24.93 23.33 22.61 23.51 17.44 16.52 17.50 18.43 12.28 10.73 8.94 7.72 7.27 5.98 17.81 16.96 16.03 16.05 14.83 7.85 8.10 18.49 19.11 7.68 16.04 21.00 20.20 16.57 15.99 15.99 20.98 21.97 19.40 21.30 22.28 22.77 21.81 20.71 17.58 17.68 16.90 16.06 14.32 12.03
3.12 3.44 3.90 3.48 2.47 2.57 2.95 3.27 3.33 5.59 6.24 6.20 5.04 3.57 1.74 1.62 3.16 2.18 2.80 4.89 8.55 8.97 9.42 5.76 4.22 6.19 7.38 14.65 22.41 38.18 46.45 33.52 18.46 19.52 22.49 24.96 25.17 23.38 21.71 21.72 23.53 23.07 23.23 24.40 25.72 23.52 13.95 11.85 21.61 20.84 20.62 19.80 9.65 20.86 19.85 19.88 16.98 16.63 5.59 5.73 18.53 16.50 19.23 21.00 21.95 22.63 22.30 19.49 16.51 17.23 18.38 22.84 21.49 22.18 21.64 21.40 16.70 15.61 12.71
3.24 3.54 3.95 3.70 3.47 3.20 3.16 3.30 3.41 3.43 3.56 3.79 4.59 2.28 1.63 1.44 1.60 2.05 7.11 7.63 7.76 7.13 4.20 2.99 2.55 5.73 7.50 15.12 20.01 35.70 54.38 52.96 30.88 15.27 17.31 21.92 23.09 22.21 21.21 20.82 22.71 23.16 22.92 22.72 22.34 21.15 23.19 24.29 25.34 13.92 23.74 23.00 21.53 21.09 20.28 6.57 6.09 19.05 18.82 19.54 7.41 20.89 21.00 7.62 1.24 4.02 5.95 7.65 8.79 10.69 11.90 12.30 12.58 12.50 12.15 7.77 14.51 20.71 12.83
3.76 4.08 4.47 4.26 3.85 3.25 3.20 3.51 3.60 3.70 6.05 4.70 3.20 2.06 1.67 1.47 1.43 4.08 2.34 4.33 6.97 2.14 1.89 1.76 8.83 7.76 11.09 12.15 20.72 35.44 55.37 64.56 54.86 37.88 20.60 18.63 21.04 21.87 20.48 18.25 18.57 20.71 20.43 18.75 16.20 16.62 17.80 18.13 19.64 22.00 22.11 23.13 25.59 24.79 23.43 23.72 23.14 23.92 17.30 9.09 5.31 0.58 2.42 2.84 3.90 5.27 6.50 8.03 12.19 10.95 15.54 16.75 16.89 16.85 17.19 12.16 9.32 5.71 12.19
4.50 4.53 4.43 3.85 3.05 2.59 2.93 3.26 3.81 4.49 4.70 4.26 2.89 1.99 1.85 1.74 1.57 3.79 2.08 4.02 6.56 1.07 0.97 2.55 8.44 9.15 7.84 9.41 20.41 33.58 50.97 63.64 65.37 58.64 43.92 24.18 18.84 19.62 19.49 17.92 16.55 16.38 14.95 11.45 12.17 16.02 20.46 21.87 22.56 20.62 19.02 20.55 23.28 22.66 19.91 15.29 5.95 2.39 2.44 2.58 1.65 2.33 2.63 4.78 5.04 6.09 7.99 9.59 10.73 12.12 13.29 14.29 15.37 16.36 16.95 16.03 14.73 13.62 1.43
4.57 4.52 4.06 3.15 2.38 2.30 2.97 3.71 4.89 5.47 4.50 3.13 2.29 3.32 2.83 1.92 1.67 1.66 6.21 2.37 6.21 1.47 1.25 1.98 3.30 3.56 4.43 7.20 19.29 30.67 45.39 57.62 64.14 67.29 60.52 41.36 22.15 9.97 13.08 17.48 15.33 7.81 8.39 10.66 13.92 16.30 19.76 18.92 20.77 23.40 19.61 11.77 8.61 6.45 3.87 1.34 3.77 2.72 2.07 0.59 1.74 3.54 2.91 3.00 3.61 5.10 1.56 3.94 10.90 7.27 2.30 6.04 7.21 7.49 8.09 8.24 16.07 6.83 2.71
4.79 4.83 4.11 3.07 2.63 3.53 4.73 5.38 5.79 4.78 2.90 1.95 3.12 3.26 2.39 1.88 1.90 1.98 6.35 6.90 6.76 2.13 1.58 1.77 2.33 2.96 3.74 6.36 18.80 24.09 37.81 51.61 63.50 71.79 68.78 49.59 24.15 16.12 17.81 10.56 6.94 7.41 9.51 12.40 13.53 20.66 18.91 15.47 13.00 3.59 7.61 5.77 5.18 4.66 4.05 3.75 4.31 4.94 3.28 2.45 3.05 3.48 3.13 2.96 3.14 1.03 7.21 9.70 4.37 11.65 12.32 13.01 14.06 8.10 9.30 12.46 16.96 8.90 5.68
5.54 5.21 4.36 3.94 4.59 5.76 5.83 5.01 4.38 3.06 2.52 2.38 2.54 3.66 3.74 4.40 2.47 2.26 5.29 6.84 4.44 1.84 1.37 1.20 1.32 2.55 3.48 6.00 15.01 17.67 27.66 47.97 65.53 76.06 75.21 50.04 24.58 15.64 17.07 16.75 7.95 10.95 11.50 13.58 22.69 15.02 13.31 11.16 7.27 9.45 9.93 6.87 4.34 3.56 3.78 4.42 6.81 6.03 4.38 3.39 0.96 0.84 1.64 1.96 3.37 4.42 2.57 4.46 10.64 11.46 12.16 8.64 7.75 8.56 11.05 12.68 17.21 17.13 15.93
6.32 5.65 4.94 5.32 5.93 5.81 4.53 3.26 3.51 2.31 2.25 2.91 3.29 3.40 3.46 3.37 3.06 5.12 5.63 5.34 2.20 1.92 1.40 0.89 0.99 2.11 2.95 10.04 11.53 16.60 20.50 44.70 70.11 80.57 79.25 51.15 22.39 14.73 17.15 21.11 18.87 13.11 13.11 12.94 21.03 15.34 12.59 4.59 6.70 9.83 10.44 8.66 6.13 5.05 5.91 7.67 9.31 9.47 8.33 6.81 5.59 5.13 4.92 4.57 4.35 5.04 6.67 8.55 7.52 7.38 5.90 6.10 8.00 8.94 8.65 10.81 13.61 16.88 10.77
7.14 6.49 5.65 5.18 4.48 3.53 2.91 2.91 2.89 2.89 3.35 4.08 4.24 4.30 4.32 5.24 3.66 2.78 2.24 3.01 2.38 2.02 1.58 1.28 1.17 1.53 7.09 4.92 7.31 14.35 20.06 40.87 69.78 84.84 80.51 54.69 18.46 15.20 19.24 24.41 14.35 28.93 13.90 11.15 8.25 14.81 4.87 4.61 7.79 10.22 10.92 10.22 8.23 6.67 7.31 9.54 11.73 12.98 12.41 11.02 9.39 7.63 6.25 5.35 5.92 5.78 5.71 4.99 7.65 7.41 5.71 7.07 7.30 8.08 9.07 9.00 9.12 8.60 16.84
7.88 6.96 5.23 3.55 2.77 2.86 3.27 3.53 3.70 4.20 4.68 4.90 5.03 6.79 5.87 4.95 3.54 2.65 2.27 2.28 2.52 2.24 2.01 1.67 1.00 0.77 1.48 7.40 7.17 13.64 17.09 37.00 68.81 85.69 82.34 59.29 26.29 13.03 21.93 23.03 26.52 28.26 27.82 19.17 8.71 6.73 6.76 7.74 9.95 11.14 11.45 11.33 10.12 8.61 8.36 9.93 12.47 14.10 15.11 15.00 13.10 11.41 8.93 6.71 5.72 6.21 7.17 8.20 9.74 10.91 11.66 12.07 12.68 7.89 9.04 8.54 16.42 17.02 17.18
8.39 6.69 4.08 3.00 3.29 3.87 3.99 3.87 4.20 5.02 5.80 6.50 6.40 6.96 7.26 5.50 4.56 3.66 2.83 2.61 2.47 2.25 2.53 2.04 1.06 0.87 5.00 3.51 10.56 19.19 24.14 37.89 67.85 84.00 79.57 61.55 35.86 24.51 25.43 24.25 24.81 26.09 25.81 26.58 22.45 19.01 9.68 10.20 11.26 12.02 11.95 11.27 10.07 9.06 8.28 10.54 12.16 13.43 14.50 15.38 15.37 15.90 12.17 9.69 7.70 7.37 8.61 8.33 10.41 9.91 11.41 10.34 10.66 12.90 15.25 16.41 17.21 17.66 18.02
8.14 6.12 3.38 2.79 3.08 3.14 3.19 3.70 4.51 5.90 7.68 8.92 9.33 8.65 6.84 4.84 5.57 5.48 4.13 3.03 3.08 2.80 3.22 2.62 1.56 0.64 1.11 6.94 17.71 22.34 29.69 40.74 63.70 79.88 74.75 56.69 37.78 32.44 30.73 29.57 28.75 23.86 22.90 24.41 27.45 21.86 19.10 11.54 10.84 12.17 13.16 12.99 12.07 11.69 8.91 11.45 12.20 13.59 14.60 14.89 15.03 17.95 17.71 13.08 11.15 10.05 9.29 9.28 12.99 14.79 12.31 12.00 12.66 14.30 15.63 16.50 17.13 17.40 18.04
7.75 5.96 5.44 3.38 3.43 3.22 3.16 3.72 4.85 7.19 9.90 10.09 8.36 6.13 3.80 2.80 3.39 4.19 4.18 3.09 3.30 3.38 4.39 3.25 1.91 1.58 6.65 9.30 16.96 25.43 28.39 35.13 56.10 75.36 73.01 54.10 40.64 39.62 35.77 31.34 27.37 21.43 20.21 21.91 22.92 22.43 21.92 19.62 18.93 17.40 14.12 14.54 14.43 13.48 11.63 11.71 10.63 13.60 16.73 17.33 17.45 19.25 20.32 19.22 17.83 17.03 10.91 15.07 14.97 16.28 17.76 17.45 17.12 18.08 18.02 17.61 14.58 10.26 13.97
8.21 6.70 5.89 6.76 7.24 6.88 6.64 6.71 7.75 10.38 11.41 8.30 4.89 3.33 2.50 1.89 1.48 2.23 4.33 5.10 6.20 6.49 6.81 4.81 3.81 3.04 4.40 8.14 17.55 25.57 23.00 29.08 51.72 73.54 74.86 58.07 44.96 46.46 44.45 36.87 30.65 24.35 19.31 14.58 14.18 15.56 17.22 16.88 15.87 16.17 18.02 22.70 16.79 15.54 13.98 12.47 10.65 12.91 15.67 16.57 17.25 18.47 19.36 18.74 18.44 18.81 18.31 16.93 16.18 16.19 16.17 16.59 18.25 13.56 18.30 16.10 15.82 17.39 17.63
9.33 8.98 6.87 7.96 7.33 7.14 9.19 11.24 12.83 13.06 10.18 5.86 4.24 6.35 4.94 3.33 3.35 5.42 9.56 12.15 12.87 12.85 10.74 7.45 6.01 3.97 4.72 9.83 17.84 21.79 20.89 28.19 49.55 73.05 78.13 58.23 38.83 47.10 50.26 42.59 33.20 29.07 25.75 7.71 6.28 8.07 9.87 12.58 14.72 16.53 18.27 17.68 23.76 16.56 16.09 13.68 10.90 10.94 12.47 13.39 14.75 18.87 14.64 5.72 12.79 12.58 14.29 19.12 4.53 12.19 12.94 13.92 4.83 17.79 14.29 14.76 18.17 17.21 6.33
12.15 10.17 5.94 5.79 3.82 4.29 8.90 12.32 11.59 8.88 5.61 5.37 3.78 4.73 7.05 6.60 6.67 10.86 16.04 16.19 13.68 11.90 9.65 8.84 9.38 6.94 6.33 10.42 17.32 17.95 16.77 24.22 48.46 75.68 81.34 53.18 32.99 45.16 48.23 38.58 34.42 30.22 29.13 14.21 5.96 3.60 5.76 6.55 7.33 11.15 16.91 19.32 18.86 18.60 16.69 17.85 14.99 13.71 13.35 13.46 8.24 9.63 12.71 13.22 13.40 13.26 4.68 13.17 13.02 13.03 13.27 8.56 7.00 3.77 14.59 14.62 14.70 15.29 16.32
12.33 8.76 4.75 3.51 3.03 5.98 10.61 10.60 6.05 2.39 4.16 4.40 4.61 5.00 5.27 7.75 8.57 15.84 19.56 15.83 11.08 7.81 6.89 7.58 10.94 10.49 7.71 12.41 13.98 14.13 14.53 21.34 50.06 81.01 81.51 48.02 30.17 43.94 43.06 33.13 35.28 33.23 30.12 25.06 11.81 4.14 1.01 4.95 4.68 5.85 8.12 13.76 16.57 17.83 14.52 18.62 17.10 2.68 2.78 4.36 6.50 6.30 12.73 12.70 12.90 13.17 13.62 13.84 13.48 13.09 12.88 13.29 3.92 14.80 14.98 15.24 15.59 16.40 17.07
10.96 7.72 5.98 4.72 6.22 10.28 11.61 7.42 2.67 1.47 1.32 2.34 4.47 1.56 2.90 6.64 11.48 20.76 21.83 14.85 10.88 8.98 7.94 9.20 10.19 8.95 5.87 8.72 10.86 10.42 14.78 22.85 45.91 81.66 86.10 53.82 36.56 46.16 41.52 33.12 36.34 33.29 28.71 25.61 21.29 8.44 3.82 1.64 2.29 5.76 6.52 7.26 8.39 11.92 11.94 2.66 5.14 4.44 8.89 9.88 6.23 5.44 6.80 6.05 5.29 6.02 13.17 13.32 12.84 12.37 12.64 9.01 13.51 14.48 15.44 16.22 17.01 17.71 9.95
9.96 6.59 5.35 7.73 10.38 12.21 9.44 3.94 1.99 4.81 2.26 3.27 3.41 3.96 5.76 10.10 19.58 24.90 21.96 15.65 13.13 13.40 11.92 13.11 13.65 10.95 3.83 6.35 8.05 8.49 16.80 23.19 41.63 80.73 94.68 69.91 45.10 45.56 41.75 34.98 36.84 33.69 25.93 23.42 18.86 17.34 15.11 14.53 5.11 3.25 5.64 7.92 8.59 8.42 8.19 8.16 7.99 7.52 7.45 8.12 9.05 10.09 11.00 11.66 12.24 12.66 6.16 5.78 4.11 5.83 12.67 12.93 13.46 14.98 16.18 16.87 17.23 17.62 10.34
9.61 5.93 6.19 9.42 10.97 10.39 5.59 2.00 5.04 3.06 4.74 6.12 7.22 8.69 11.75 19.79 27.25 26.86 20.14 16.77 15.27 18.55 13.39 15.33 17.91 15.54 6.99 4.18 5.96 10.03 14.48 22.17 45.40 81.44 96.73 77.97 51.88 40.06 39.39 38.79 37.32 34.99 28.96 25.18 23.38 18.03 15.95 4.81 4.59 3.00 13.19 3.16 7.83 8.33 7.58 6.93 6.39 5.99 6.19 6.94 7.72 8.74 9.77 10.64 11.27 7.52 7.28 11.86 12.61 12.99 13.41 13.96 14.78 15.76 16.10 16.46 10.68 11.35 18.31
9.99 9.53 6.68 9.48 8.90 7.48 3.90 4.85 3.55 5.58 7.90 10.44 12.80 16.64 20.31 28.18 30.90 24.44 18.24 17.56 16.95 17.26 15.07 15.99 19.82 21.86 13.06 7.70 7.62 11.23 17.54 27.36 51.43 86.14 92.96 75.65 54.79 39.04 38.78 39.99 38.11 34.60 29.77 26.11 23.86 20.80 21.10 20.26 4.54 17.28 14.95 12.65 10.99 8.11 7.25 6.21 5.34 5.02 5.44 6.30 6.89 7.43 8.01 8.60 9.27 10.44 11.28 11.38 12.11 13.49 14.47 14.69 14.74 15.16 10.27 10.97 16.78 17.53 17.98
8.70 7.15 7.51 8.29 6.57 5.49 6.14 4.21 6.74 9.02 11.74 16.77 19.54 22.23 29.18 33.34 29.39 19.68 17.29 17.59 19.25 18.54 18.60 16.73 20.35 27.81 24.36 15.12 12.92 15.85 21.95 34.87 61.12 88.06 84.64 65.23 52.14 43.36 37.93 38.43 38.25 34.91 29.00 24.66 24.22 21.19 18.26 16.75 16.47 15.05 13.35 12.32 11.69 7.32 6.62 5.53 4.47 4.26 4.80 5.65 6.03 6.16 6.73 7.55 8.69 10.41 11.85 12.31 12.52 13.18 13.88 14.15 14.37 14.81 9.92 16.07 16.36 16.95 17.43
7.86 7.78 7.92 7.36 6.60 6.14 6.48 8.84 11.22 13.56 18.61 20.73 23.07 27.96 35.20 34.17 23.54 15.81 15.54 15.60 15.39 17.14 19.46 15.21 18.04 24.77 30.40 25.41 18.04 19.32 26.72 44.95 73.32 85.47 71.64 53.46 47.86 41.72 38.14 38.02 38.70 36.47 30.62 24.11 23.07 20.92 18.34 17.37 16.34 15.72 15.14 12.74 13.97 6.77 5.94 4.79 3.94 3.75 4.23 5.01 5.30 5.30 5.90 7.23 8.87 10.68 12.03 12.48 12.20 12.09 12.88 13.85 14.38 14.67 11.58 15.41 15.66 16.04 16.60
7.69 7.95 8.50 8.79 9.26 10.05 11.89 14.22 18.32 20.12 21.57 25.02 27.97 33.91 36.10 28.11 16.81 12.73 12.66 12.31 11.47 13.20 13.20 11.95 13.35 16.27 22.65 27.44 24.22 24.04 37.43 61.16 80.39 77.73 60.22 46.12 42.44 40.52 37.43 37.29 39.17 37.93 31.42 25.61 21.73 20.13 19.09 16.58 8.33 15.88 14.46 12.44 10.25 12.01 5.48 4.07 3.43 3.07 3.41 4.25 4.78 4.96 5.33 6.52 8.12 9.68 10.69 10.99 10.66 10.71 11.93 13.06 13.55 13.72 13.94 14.16 14.24 14.56 9.76
7.92 8.69 10.37 11.59 12.56 14.20 16.16 20.31 21.38 22.78 23.05 26.83 32.16 33.93 27.38 17.34 10.31 11.92 12.92 12.30 8.84 11.39 8.72 11.76 9.31 9.90 13.18 19.22 23.31 32.31 53.16 71.11 74.54 65.45 50.82 39.87 37.79 37.54 35.18 35.17 38.81 38.18 32.87 26.06 22.60 21.83 17.46 16.20 8.48 6.40 16.64 5.52 8.94 10.67 4.91 3.61 3.01 2.33 2.27 3.21 4.23 4.79 5.24 5.99 7.09 8.42 9.35 9.61 9.32 9.32 10.65 11.90 12.43 12.82 13.31 13.71 13.55 13.77 14.31
8.58 9.80 12.05 13.73 18.11 20.11 21.24 23.01 21.62 21.06 22.61 27.35 32.27 28.11 19.29 12.09 6.05 9.72 10.70 11.22 12.03 8.55 11.55 10.71 7.42 7.21 10.98 17.32 24.11 44.26 62.76 66.14 59.71 52.01 42.25 34.70 33.70 34.87 32.02 33.95 37.76 38.87 32.47 28.33 21.97 22.05 19.06 17.88 18.99 7.78 7.24 12.09 10.36 4.08 4.32 3.57 3.21 2.05 1.06 2.31 3.61 4.42 5.01 5.53 6.08 7.22 8.38 8.71 8.42 8.43 9.57 10.57 10.89 12.26 13.27 9.20 14.08 14.45 15.19
9.51 11.03 13.93 19.23 21.32 21.32 21.50 19.68 17.58 17.69 21.23 25.89 27.81 24.88 19.54 12.62 8.89 8.02 12.85 10.14 10.40 7.63 9.93 10.31 5.73 7.69 9.96 20.29 32.16 50.79 57.75 51.87 43.49 39.35 35.94 32.48 30.71 32.31 28.71 30.87 35.67 37.82 36.45 25.59 19.87 21.62 18.86 18.42 17.10 8.47 7.66 12.51 11.58 10.45 3.51 3.67 3.63 2.01 0.59 1.91 2.57 3.38 4.05 4.62 5.03 6.10 7.54 7.93 7.51 7.72 8.42 9.45 11.04 11.60 12.60 13.43 13.50 14.07 14.60
10.92 12.62 15.93 21.09 21.35 17.85 15.19 13.28 13.01 15.69 19.78 22.15 23.05 22.63 20.25 13.54 4.25 8.27 8.08 8.47 7.65 7.68 9.36 8.05 6.84 3.07 7.13 18.51 34.44 45.71 47.33 42.51 35.47 32.01 31.93 30.13 28.45 29.39 25.80 27.40 30.10 35.06 38.30 30.82 19.42 12.45 13.82 16.44 14.74 16.82 12.65 13.26 10.33 7.65 8.79 4.72 3.82 2.46 1.58 2.78 1.72 1.78 2.54 8.09 4.03 5.16 6.77 7.24 6.59 6.79 7.95 9.30 8.11 11.05 10.41 11.92 12.01 12.51 10.96
12.14 13.52 16.88 21.00 18.24 14.64 11.34 9.54 10.46 14.27 17.45 18.93 21.06 22.22 21.11 14.50 3.94 7.26 6.87 7.68 6.04 5.66 6.07 6.04 5.66 1.60 7.19 18.30 29.04 34.01 38.26 39.58 34.01 29.28 28.93 26.41 25.76 26.72 24.08 24.82 27.40 33.91 37.98 35.12 23.39 14.94 14.77 17.51 12.74 16.64 14.64 13.05 10.59 8.19 3.13 10.34 6.05 3.26 2.13 4.14 3.59 1.60 1.27 2.34 3.28 4.28 5.75 6.63 6.21 6.05 6.96 8.32 8.46 10.69 11.52 9.56 11.15 7.03 12.67
