examples/cougarCreek-fire/createInputs/WindNinja/wrfout_d3.2015080912.f15/cougarCreekFire_08-10-2015_0300_217m_non_neutral_stability_ang.asc
ncols	146
nrows	140
xllcorner	610065.000000
yllcorner	5095217.000000
cellsize	216.586807
NODATA_value	-9999.000000
[rows 0 to 43 of 140, columns 0 to 95 of 146]
236 242 250 245 228 229 238 250 261 268 265 256 262 274 274 255 236 235 243 253 269 289 308 316 317 308 291 282 278 273 259 247 246 249 251 255 261 268 271 269 267 264 259 256 259 262 260 255 253 250 244 236 229 225 223 222 216 216 209 210 207 206 208 208 207 203 202 207 215 222 223 219 214 212 215 217 207 201 208 219 228 234 235 233 232 230 226 224 226 226 224 226 234 234 229 227
236 242 250 245 228 229 238 250 261 268 265 256 262 274 274 255 236 235 243 253 269 289 308 316 317 308 291 282 278 273 259 247 246 249 251 255 261 268 271 269 267 264 259 256 259 262 260 255 253 250 244 236 229 225 223 222 216 216 209 210 207 206 208 208 207 203 202 207 215 222 223 219 214 212 215 217 207 201 208 219 228 234 235 233 232 230 226 224 226 226 224 226 234 234 229 227
238 246 252 242 226 234 242 247 253 258 259 260 265 269 268 248 235 240 247 256 268 281 296 307 310 304 289 278 273 266 252 244 246 248 250 252 256 260 264 264 260 255 252 251 253 254 251 246 244 243 238 230 226 222 219 215 208 214 208 210 216 209 206 206 203 200 202 211 218 220 217 213 211 212 217 215 200 198 212 224 232 234 230 228 226 221 219 221 223 218 215 221 220 214 216 215
241 249 252 240 230 245 247 245 244 245 249 258 261 260 255 231 232 245 252 258 264 270 275 285 294 297 285 273 266 257 246 246 248 248 248 250 251 252 254 256 253 248 248 249 247 243 235 232 235 235 228 221 218 215 211 206 201 201 201 205 206 199 201 202 198 198 208 219 221 216 209 206 207 212 216 210 193 195 218 235 239 233 224 224 220 215 221 225 222 215 214 222 213 197 198 201
238 243 244 236 236 249 249 253 251 250 247 249 249 251 245 216 226 243 250 254 260 262 264 266 275 285 278 267 262 257 255 237 250 247 246 247 248 249 251 251 250 253 255 251 243 237 229 228 233 230 220 213 210 208 205 200 209 192 198 198 199 197 198 199 198 205 218 222 216 210 204 202 204 209 211 206 194 198 226 242 243 233 220 222 221 222 231 229 223 223 233 230 206 187 184 187
231 236 237 232 234 245 247 245 244 253 255 255 243 245 240 216 222 240 251 250 256 257 257 257 260 262 256 257 258 260 262 255 249 247 246 247 249 249 249 247 248 255 259 251 243 239 233 222 232 224 213 207 205 202 211 206 192 188 191 194 198 196 195 197 203 215 221 216 207 202 201 200 202 208 210 205 198 208 235 246 243 230 219 223 225 226 227 223 222 230 236 218 176 164 158 161
226 233 236 233 234 239 242 253 253 253 255 255 247 245 239 224 218 238 247 251 253 254 255 256 254 246 238 251 258 261 254 241 244 247 246 248 250 249 248 246 250 256 257 251 248 245 237 230 224 217 209 205 217 217 204 197 192 187 194 200 196 194 191 196 210 219 216 207 198 198 201 204 206 210 210 220 201 218 240 245 240 231 223 225 226 224 223 214 219 228 220 199 167 146 141 143
226 233 237 235 235 237 240 251 251 251 252 254 255 250 245 234 219 235 248 251 252 253 253 254 252 250 253 260 262 259 234 233 242 245 247 250 251 250 250 251 255 255 250 248 251 244 229 220 214 211 218 218 214 206 201 202 197 193 199 203 208 211 201 200 218 219 211 201 195 197 203 206 208 215 208 203 206 223 236 238 235 233 234 237 231 227 220 201 206 211 201 188 171 150 144 145
223 228 233 233 234 243 237 250 252 252 253 253 254 252 251 242 229 239 250 253 253 252 256 257 251 253 263 268 263 256 242 221 234 240 244 250 251 252 254 257 258 253 245 245 245 231 214 209 213 217 215 218 210 208 204 201 195 198 202 205 204 188 190 208 222 217 206 198 195 197 199 201 206 207 205 202 208 223 231 232 235 241 247 253 265 264 212 176 179 190 188 180 172 162 154 152
213 221 228 230 231 240 245 248 250 251 252 252 261 255 249 243 244 252 254 263 261 252 250 250 258 250 256 260 256 252 242 215 211 232 241 248 250 252 256 259 261 257 249 244 232 213 214 211 207 215 218 212 210 211 204 198 197 198 200 196 181 189 200 212 215 210 202 196 195 194 205 195 206 211 205 201 211 224 230 230 236 244 254 274 309 343 44 100 140 165 174 174 170 167 161 158
203 215 225 227 230 233 243 246 249 249 250 252 254 263 248 243 247 247 256 258 262 258 250 249 256 248 246 244 248 248 232 202 209 228 239 245 248 251 254 257 259 259 250 235 220 206 207 206 217 212 213 222 209 195 190 194 195 193 192 177 175 191 205 208 217 212 213 210 210 210 203 203 213 217 208 202 213 225 227 228 232 236 242 252 281 8 69 98 119 144 161 167 168 167 164 162
207 220 235 235 238 242 237 246 247 259 261 251 252 252 247 244 243 233 242 254 263 252 257 248 247 245 238 232 241 244 223 193 204 225 238 243 245 247 250 253 255 254 240 225 214 214 210 216 221 212 221 211 197 189 192 199 195 191 185 168 171 188 199 200 215 196 193 191 192 193 209 209 212 215 206 204 217 225 222 220 224 230 233 231 223 184 109 104 116 134 149 159 163 165 165 164
229 237 244 242 246 247 239 244 243 246 260 259 255 247 247 244 239 231 243 251 263 260 257 255 246 249 235 229 239 239 214 187 195 222 236 242 243 243 244 248 252 248 228 220 220 215 214 213 212 217 211 204 190 188 201 205 197 195 189 176 187 179 223 192 195 195 192 190 192 194 198 203 207 208 201 207 219 220 216 214 224 221 223 218 207 188 158 132 125 134 144 151 157 162 163 166
233 236 245 252 251 253 243 240 241 243 244 253 255 253 241 236 230 231 246 252 252 252 258 256 246 252 239 239 246 239 210 198 193 222 243 249 243 244 251 254 247 240 225 219 220 213 210 219 218 210 204 197 190 191 207 207 204 202 196 201 191 170 177 223 228 228 222 216 215 204 194 198 201 200 201 208 215 214 211 210 209 212 211 207 203 189 166 154 142 140 146 150 156 160 160 163
225 228 232 235 242 246 244 241 240 242 242 242 242 249 250 243 230 229 242 267 266 267 264 260 257 255 244 247 251 239 210 188 193 221 238 245 247 249 257 255 248 238 228 222 216 210 214 209 223 213 199 195 195 197 208 205 208 210 202 205 214 221 227 219 217 208 201 197 192 178 187 204 197 205 201 206 210 210 206 206 205 205 205 203 201 190 170 159 153 149 149 152 159 165 159 159
220 228 231 229 232 238 248 248 246 243 243 243 251 247 245 245 232 226 235 261 262 266 268 256 263 258 247 249 249 235 204 185 193 223 241 247 249 257 262 256 250 240 229 220 216 218 210 210 205 208 191 200 207 205 203 205 212 208 200 197 208 210 199 198 196 194 199 190 179 191 199 186 195 199 200 204 208 207 218 202 201 200 200 199 196 191 178 164 159 156 153 154 160 169 164 160
224 231 235 232 232 234 236 244 245 245 245 245 261 255 244 237 234 237 251 256 257 262 261 258 263 264 253 253 249 228 192 181 198 228 242 246 255 252 260 255 249 241 231 221 213 213 212 226 213 201 195 210 217 212 205 214 227 204 204 201 198 190 182 185 185 195 202 186 197 195 190 186 196 200 200 202 207 207 203 198 197 197 198 197 195 191 183 174 167 163 159 155 153 157 163 165
229 233 235 234 233 234 241 243 245 258 245 246 259 251 242 236 236 241 247 250 253 255 254 247 250 266 259 259 250 217 183 183 211 241 242 246 255 259 256 251 246 239 230 221 214 228 226 222 211 207 213 224 224 211 207 230 228 194 206 200 187 181 181 191 196 205 210 202 190 195 216 205 204 210 215 217 202 205 204 199 206 196 197 198 196 191 186 180 174 170 166 160 155 152 213 283
229 231 234 234 234 234 235 244 261 262 246 247 252 235 246 250 249 249 250 250 252 250 248 238 242 263 261 260 242 205 192 220 254 251 244 251 255 256 251 248 243 236 227 217 226 223 223 219 209 211 223 228 221 196 212 222 201 196 204 184 175 186 200 196 196 209 221 170 205 224 209 196 200 200 205 209 209 201 203 201 197 196 197 198 197 193 189 184 180 176 172 167 162 160 161 232
226 230 235 235 234 234 244 244 261 261 246 260 247 248 259 260 258 256 255 253 253 246 246 243 242 257 258 254 233 220 253 236 303 285 252 259 257 254 246 242 236 230 222 214 209 222 222 220 220 224 224 217 187 204 214 200 194 194 190 184 181 190 198 184 201 206 211 224 223 214 199 200 205 192 198 211 214 213 214 212 196 196 196 197 196 194 192 188 184 180 175 172 170 164 157 222
226 232 237 243 241 243 245 245 244 261 246 262 252 248 250 256 255 256 254 255 252 233 247 250 254 249 250 248 252 279 297 304 320 355 272 270 260 250 247 240 234 227 219 212 209 229 229 226 230 229 219 210 199 221 187 181 193 195 199 187 181 188 182 176 187 202 208 209 199 219 198 206 204 197 194 214 213 209 208 212 207 195 194 194 196 197 195 192 188 183 178 176 174 161 186 193
228 233 237 244 243 244 245 244 244 265 264 267 268 259 243 231 242 246 250 248 245 242 249 252 255 247 248 253 270 295 261 313 337 23 324 267 256 257 250 244 236 228 219 213 210 225 206 229 228 208 215 205 214 202 172 185 180 208 209 180 183 186 181 185 162 207 212 223 195 204 201 198 199 199 207 207 208 212 207 207 190 192 193 194 197 199 198 194 190 186 182 179 176 170 162 192
226 232 237 237 242 243 243 244 245 263 266 266 271 233 257 235 239 230 245 245 245 246 246 247 252 250 253 260 272 289 262 275 297 206 13 290 257 254 254 250 240 229 222 216 211 208 206 226 214 203 204 193 189 179 172 179 177 204 193 178 189 189 195 157 159 194 189 192 198 178 177 196 210 171 222 211 205 208 210 212 216 189 193 195 199 201 199 196 193 189 187 187 186 186 183 207
224 234 240 239 238 238 245 246 266 269 270 264 262 236 267 257 254 252 250 252 249 248 246 243 247 256 254 261 266 273 285 302 337 194 89 356 294 272 259 254 242 229 222 216 232 234 231 220 205 204 192 189 188 180 178 179 170 167 168 199 210 207 187 184 177 183 181 179 175 163 195 180 216 208 208 208 209 207 206 211 205 207 192 194 197 200 199 198 195 194 196 199 199 198 195 224
227 237 243 241 241 240 246 247 247 273 274 268 262 264 260 258 255 253 249 246 248 245 241 245 247 255 256 264 250 263 275 295 294 216 147 10 332 265 245 254 236 242 239 215 236 225 220 219 212 208 190 189 190 189 189 210 213 218 220 173 157 210 148 134 155 183 174 177 177 189 204 206 206 203 218 210 209 213 191 195 209 211 191 193 195 199 202 203 201 202 206 207 201 198 202 240
230 238 243 242 242 242 248 248 247 270 271 271 261 260 265 264 257 253 249 245 245 245 240 243 245 253 261 268 258 263 279 292 272 250 176 11 342 235 262 254 232 242 240 237 233 234 232 228 215 205 191 193 195 194 194 225 232 234 164 166 161 187 141 192 203 187 180 186 217 151 210 214 214 217 189 222 197 216 220 193 195 193 192 193 195 201 205 208 208 203 203 205 199 234 254 255
228 237 243 243 250 250 248 247 259 263 267 268 262 259 265 266 259 254 251 249 248 248 242 241 240 249 256 266 258 268 282 292 263 228 175 57 205 235 253 250 239 230 230 227 225 225 223 217 208 195 195 198 197 196 195 186 172 165 168 163 201 192 180 180 178 193 138 135 128 128 222 169 189 191 234 161 177 183 223 226 195 195 194 194 196 200 206 210 210 194 191 209 205 244 260 265
227 239 246 246 249 249 251 250 252 256 265 272 270 257 253 254 254 254 253 251 251 250 244 238 236 242 247 248 252 272 286 286 250 212 185 182 212 238 241 235 228 222 222 223 222 219 215 216 215 197 200 203 199 195 194 186 178 171 165 161 152 204 137 115 103 108 104 122 208 196 193 206 225 255 197 237 235 246 212 224 220 217 194 194 194 197 204 210 211 193 174 233 237 234 235 252
233 244 251 250 248 250 253 254 253 263 270 278 277 237 233 251 253 254 254 252 251 250 246 239 233 234 237 230 245 267 284 252 239 217 208 214 234 237 224 225 226 222 223 227 229 230 228 226 209 198 203 206 199 196 195 189 182 172 165 154 144 136 269 103 83 74 75 86 232 198 194 211 225 235 246 244 236 242 232 220 214 215 191 193 193 194 201 212 213 201 167 171 210 215 222 233
241 249 254 252 251 253 253 269 278 276 276 279 280 280 233 256 225 258 257 254 253 251 248 244 238 235 232 239 247 262 270 253 237 219 209 209 228 219 209 222 225 228 234 236 229 224 225 216 198 198 202 207 202 197 194 184 189 181 171 159 154 142 128 105 89 76 326 322 282 268 194 192 144 152 171 185 193 204 207 205 205 204 217 193 197 196 201 212 215 207 185 169 174 223 222 220
247 252 255 254 254 257 255 254 267 270 271 277 277 278 269 260 265 266 266 262 261 257 254 251 246 242 238 244 249 254 253 239 226 217 214 220 229 197 208 229 234 240 244 238 224 218 213 189 193 194 199 207 208 204 206 206 194 181 173 223 228 243 119 275 266 222 174 159 112 122 125 96 99 143 163 182 180 184 187 196 200 212 224 198 206 201 202 210 213 209 196 179 172 215 212 217
250 254 257 256 256 259 259 259 265 268 264 265 265 264 271 262 259 235 263 263 262 250 256 254 248 244 241 244 243 243 244 235 223 205 225 230 210 190 210 234 245 248 250 248 239 224 214 181 187 194 200 209 216 214 208 199 186 179 176 225 239 261 128 264 247 227 233 178 93 143 133 84 42 341 268 260 250 225 206 196 173 202 183 198 201 198 199 207 212 210 199 183 174 208 211 219
250 255 259 260 260 266 266 263 267 270 271 272 276 276 276 264 253 251 252 248 258 254 250 243 249 248 243 239 240 237 240 235 221 221 223 213 195 194 210 224 242 255 257 254 253 245 234 173 179 191 199 207 212 208 200 195 188 184 226 226 231 243 258 277 303 66 62 64 63 62 58 54 49 350 187 158 247 27 138 151 165 173 179 185 189 195 200 207 213 211 201 182 171 173 221 228
252 257 268 263 274 272 271 268 274 272 281 290 291 284 276 267 255 244 237 237 242 243 250 247 245 247 247 241 243 240 242 235 222 224 224 220 211 217 231 244 257 261 259 261 278 281 285 162 162 178 192 201 207 205 201 199 196 194 195 196 196 254 270 292 305 308 327 346 4 7 82 79 81 84 88 208 283 310 0 127 146 239 169 168 174 192 205 210 214 213 207 191 170 169 235 242
261 264 265 273 277 274 273 286 286 286 284 283 283 284 280 269 258 248 242 239 239 239 238 240 245 232 232 243 252 251 248 237 225 229 232 237 242 257 283 291 285 281 284 285 289 302 310 109 109 117 160 198 212 214 211 210 208 205 205 203 217 210 261 255 254 267 273 99 84 82 81 84 87 85 32 7 344 310 301 316 330 280 148 266 146 184 205 213 215 216 213 197 166 156 226 234
268 270 270 269 277 278 276 274 279 280 273 265 260 267 277 278 275 273 272 261 249 237 231 224 217 210 204 237 249 250 248 237 231 236 238 239 250 262 265 265 271 277 282 280 279 287 299 314 344 46 39 17 257 236 230 225 221 217 217 259 256 253 204 181 110 101 96 94 96 95 92 90 97 88 5 356 343 334 326 314 303 104 303 268 109 167 200 214 218 222 217 198 161 147 233 244
271 272 274 278 280 301 298 280 275 272 269 267 262 258 258 262 264 261 256 241 227 221 218 209 204 204 214 225 240 244 242 238 233 229 227 225 226 217 226 249 252 260 265 269 284 279 278 296 321 15 14 14 355 314 279 262 248 236 228 227 218 214 203 262 172 118 113 111 109 130 102 96 91 86 80 78 76 76 63 74 74 310 337 319 50 48 194 222 229 231 224 209 176 142 261 262
274 275 278 282 284 285 285 273 281 264 265 272 268 257 242 238 235 225 216 213 213 213 210 207 207 207 212 219 241 247 247 252 260 239 241 240 237 232 234 244 255 254 261 263 261 336 346 287 297 322 339 6 356 353 336 316 307 303 293 275 187 170 154 140 127 119 114 111 109 107 105 100 1 90 87 83 79 78 77 77 78 347 319 284 321 1 43 222 235 236 232 223 197 147 253 257
277 278 282 286 288 285 282 284 287 265 292 271 262 250 240 237 231 223 221 223 221 215 214 214 208 210 218 224 253 255 254 263 279 284 293 296 292 240 241 298 291 285 300 285 302 317 319 350 265 299 313 332 331 347 347 343 341 341 347 351 354 2 11 21 86 44 86 88 89 89 88 88 89 90 90 90 89 86 82 81 83 81 75 50 2 354 349 8 268 242 237 230 210 169 132 259
280 281 283 286 289 288 285 292 271 274 276 275 271 265 253 246 236 226 222 221 216 216 221 219 209 218 226 232 253 256 257 260 279 296 312 316 319 327 337 329 324 325 355 340 303 297 293 282 278 278 284 296 300 307 316 334 334 338 346 353 360 5 8 8 13 18 23 36 41 45 48 69 75 79 80 86 89 89 89 90 86 81 79 59 26 299 309 324 18 297 246 234 221 194 166 256
286 285 283 282 289 294 295 295 298 278 280 286 285 277 260 248 236 223 224 224 223 225 222 203 197 211 224 230 242 254 256 255 280 303 302 300 306 314 323 345 344 347 352 6 6 3 355 346 347 311 310 308 293 283 348 341 284 281 350 288 311 346 359 1 5 2 6 22 29 34 37 42 49 73 73 77 80 82 90 98 97 90 83 72 29 301 6 274 346 17 277 247 231 213 190 166
292 289 285 281 297 306 306 299 302 283 286 288 288 281 295 269 234 237 235 236 243 236 213 169 194 225 215 232 244 256 253 238 269 301 292 290 303 309 309 313 329 327 327 333 336 343 360 1 342 341 334 341 353 333 321 318 317 317 350 357 326 347 350 349 350 352 353 346 350 356 2 13 39 42 46 49 73 75 79 93 104 101 90 80 46 8 282 10 249 105 335 269 246 230 209 194
296 295 294 299 306 317 316 312 310 311 313 314 285 312 303 282 257 246 252 254 249 223 173 171 239 238 218 232 248 262 253 236 227 257 280 288 296 298 301 306 313 322 323 324 321 319 322 330 337 1 339 340 352 349 342 354 357 345 347 341 4 342 332 264 45 74 76 76 79 76 74 79 88 99 98 100 34 49 67 74 95 96 86 74 68 42 19 296 6 203 154 283 257 245 227 215
301 303 305 309 313 323 321 312 311 313 288 289 316 319 306 295 278 249 248 248 241 185 181 247 243 238 223 229 247 261 259 243 227 220 231 270 285 287 290 295 297 303 308 305 297 301 312 321 325 330 331 328 336 339 336 334 328 322 291 262 251 85 80 66 68 70 81 85 58 84 60 64 69 69 69 101 107 110 22 54 80 81 68 58 47 80 86 39 331 203 180 215 257 245 237 227
