examples/cougarCreek-fire/createInputs/WindNinja/wrfout_d3.2015080912.f15/cougarCreekFire_08-10-2015_0300_217m_non_neutral_stability_vel.asc
ncols	146
nrows	140
xllcorner	610065.000000
yllcorner	5095217.000000
cellsize	216.586807
NODATA_value	-9999.000000
[rows 105 to 139 of 140, columns 0 to 78 of 146]
7.80 9.11 11.32 11.48 10.26 10.42 11.32 10.04 10.14 13.57 15.97 14.71 12.21 11.17 12.42 12.94 12.41 11.82 10.58 10.24 12.95 18.20 19.27 15.11 11.83 11.39 11.53 11.05 10.85 10.95 10.48 10.11 9.88 9.23 8.24 7.56 8.96 11.51 11.44 8.69 4.84 3.27 5.25 11.06 14.28 18.65 20.33 22.07 24.24 22.79 20.16 21.29 24.56 27.37 27.31 22.47 17.52 17.36 19.00 19.50 17.51 14.63 13.27 12.51 11.76 11.19 10.35 9.34 8.20 6.85 5.46 4.48 4.09 3.84 3.47 3.18 11.76 11.32 3.51
8.14 10.03 12.94 12.77 11.58 11.84 12.60 11.53 11.35 14.01 16.34 14.01 10.92 11.28 12.42 12.10 11.85 11.38 10.41 10.26 12.65 17.57 18.29 14.12 11.70 11.68 11.44 10.56 10.50 10.88 10.73 10.35 9.70 8.73 7.71 7.89 11.01 13.89 11.94 7.31 4.32 4.79 8.95 14.28 18.78 20.59 20.83 23.39 22.01 22.97 20.63 22.06 24.84 27.24 27.89 22.36 17.26 17.87 19.45 19.67 17.77 14.54 12.71 12.19 11.89 11.55 10.56 9.31 8.23 6.78 5.39 4.65 4.28 3.94 3.54 13.68 10.81 10.89 9.56
9.69 11.12 13.31 13.27 12.57 12.88 13.43 13.08 12.99 14.14 14.95 12.25 10.30 11.36 11.65 11.72 11.93 10.94 10.07 10.15 12.91 17.87 18.00 13.76 11.56 11.46 10.93 10.24 10.66 11.11 10.92 10.24 9.34 8.60 8.36 10.00 13.60 14.51 10.07 5.17 4.03 7.27 12.76 16.95 18.82 19.76 20.45 21.24 21.63 22.02 20.10 23.52 28.18 27.96 28.04 22.07 16.99 18.00 19.71 19.60 17.39 13.79 11.73 11.77 12.42 12.13 20.33 19.47 19.02 17.56 17.05 5.04 4.52 4.02 3.66 12.86 12.38 12.50 11.91
11.90 12.03 12.59 13.04 12.23 12.03 12.86 13.67 13.61 12.49 11.92 11.40 10.93 11.11 11.05 11.78 11.68 10.43 10.07 11.10 14.58 18.56 17.21 12.85 11.15 11.12 10.78 10.74 11.14 11.08 10.62 9.90 9.24 9.26 10.17 12.55 14.81 13.01 7.78 4.53 5.80 11.08 15.96 18.18 19.10 19.81 20.26 20.68 22.37 21.16 19.70 24.75 30.33 31.09 26.60 20.20 16.41 18.16 19.82 19.05 16.41 12.79 11.06 11.86 13.18 12.59 20.57 9.27 18.85 17.53 17.17 5.17 4.61 4.09 3.85 3.93 4.14 4.46 4.79
14.19 13.27 12.54 12.55 12.08 11.48 12.41 13.73 12.41 11.18 9.99 11.79 11.49 10.64 10.58 11.01 10.63 10.28 11.12 13.14 16.15 18.08 15.38 11.51 10.73 11.03 10.97 11.22 11.15 10.55 10.06 9.65 9.67 10.54 11.93 13.52 13.52 10.03 5.53 4.62 8.56 14.39 18.35 18.52 19.21 19.77 19.98 20.16 20.23 19.69 20.25 25.13 30.03 27.60 24.03 19.33 17.69 19.24 19.68 18.11 15.48 12.37 11.24 12.44 13.82 12.73 10.39 19.33 18.92 6.65 5.54 4.88 4.52 4.16 3.99 3.95 13.40 13.19 12.43
15.70 14.31 12.50 12.09 12.25 12.09 12.71 14.07 12.07 9.41 9.74 12.00 11.55 10.42 10.08 9.96 10.59 12.26 13.95 15.30 16.61 16.37 13.04 10.22 10.45 11.30 11.25 11.23 10.79 10.14 10.06 10.25 10.95 11.94 12.73 12.80 11.07 7.45 5.03 6.73 11.80 16.27 18.83 20.04 20.93 21.27 21.61 20.12 22.00 20.11 22.40 25.46 28.63 27.92 22.50 20.04 20.44 20.91 19.42 17.24 14.98 12.61 11.91 13.09 14.10 12.32 18.62 9.00 17.35 17.61 17.00 15.10 15.23 16.06 14.61 13.31 13.69 13.35 12.73
15.88 14.39 11.81 11.17 12.18 13.03 13.19 14.01 11.91 9.67 10.02 11.68 11.31 10.70 10.10 10.08 12.54 15.66 16.58 16.29 15.64 13.72 10.64 9.36 10.73 11.98 11.73 11.24 10.71 10.44 10.84 11.51 12.22 12.56 12.49 11.48 9.17 6.92 7.09 9.98 13.96 17.73 18.28 20.15 20.66 21.14 20.00 20.50 20.76 20.89 23.76 26.25 28.44 26.99 22.41 21.79 22.38 21.09 18.61 16.38 14.48 12.74 12.21 13.20 13.49 11.31 9.49 8.60 16.95 15.71 15.94 14.85 13.19 13.24 14.07 13.58 14.43 13.76 13.48
15.01 13.97 11.97 10.76 11.50 12.64 12.83 13.15 11.80 10.04 10.18 10.39 11.40 11.68 11.03 12.01 15.53 18.03 17.42 15.74 13.30 10.99 9.44 9.42 11.43 12.85 12.42 11.51 11.05 11.15 11.70 12.23 12.27 12.09 11.68 10.14 8.27 8.04 9.50 11.60 14.21 17.87 18.51 20.63 21.18 21.84 22.44 22.93 23.46 22.28 24.67 26.87 28.59 25.73 22.34 22.49 21.73 19.39 17.53 15.77 14.10 12.62 12.09 12.70 12.34 10.38 8.87 7.65 17.52 17.50 16.97 16.86 15.73 16.70 15.14 15.03 15.01 15.59 15.15
14.14 13.24 12.16 11.39 11.05 11.76 12.90 12.30 11.69 9.83 8.19 9.20 12.45 12.79 12.13 14.03 16.96 17.89 16.42 13.46 10.16 9.10 9.20 9.91 12.29 13.74 12.93 11.66 11.36 11.48 11.67 11.67 11.52 11.58 10.87 9.17 8.48 9.49 10.53 11.38 13.58 16.88 20.41 22.27 20.78 20.87 22.79 22.89 23.36 22.70 24.77 26.05 25.06 22.33 22.02 21.98 20.23 18.03 17.13 15.93 13.94 12.30 11.67 11.72 11.11 9.56 8.13 7.05 6.10 5.39 16.70 5.46 5.41 5.23 15.52 16.40 15.53 15.54 14.51
13.12 12.29 11.81 11.95 12.00 12.70 13.08 12.38 12.06 8.43 8.64 10.05 13.55 12.82 12.28 14.25 15.72 15.48 13.81 10.13 7.62 7.96 8.99 10.58 13.35 14.39 12.74 11.47 11.32 11.22 10.84 10.60 11.24 11.55 10.30 9.10 9.55 10.44 10.39 10.73 13.59 17.83 23.15 22.06 22.19 21.24 19.69 21.88 23.04 22.06 23.03 21.44 20.84 21.44 22.14 21.40 19.39 17.63 17.36 16.14 13.20 11.32 10.79 10.66 10.12 19.58 19.06 18.44 18.55 18.04 18.20 18.07 17.90 17.18 16.05 16.51 16.43 5.95 5.87
11.69 11.51 12.17 13.62 14.86 15.07 14.08 12.17 10.52 9.17 9.32 12.26 13.77 12.18 12.18 13.52 14.22 13.57 11.58 8.73 6.98 7.54 9.50 12.35 14.79 14.26 12.13 11.32 11.23 10.94 9.98 9.97 11.62 11.74 10.26 9.81 10.50 10.49 9.87 10.96 15.15 21.58 22.78 26.02 24.57 20.77 17.58 20.60 22.86 22.36 20.43 19.26 19.65 21.65 22.38 20.65 18.79 17.89 17.59 15.75 12.07 10.01 9.97 10.12 9.51 8.28 18.94 18.53 17.58 17.49 17.11 16.85 16.22 18.05 16.04 16.65 16.49 5.59 15.91
10.56 11.39 13.54 15.73 16.46 14.85 12.53 11.01 10.39 10.03 10.67 12.47 12.36 11.79 12.41 13.10 13.70 12.67 10.41 8.74 7.44 8.09 11.52 15.07 15.67 13.32 11.59 11.38 11.38 10.78 9.43 9.88 12.20 12.34 10.89 10.59 10.56 9.85 9.91 12.79 17.86 21.80 25.60 25.57 22.27 17.21 15.77 19.94 22.97 21.58 18.87 18.67 19.91 21.52 21.88 20.04 18.58 18.20 17.20 15.19 11.81 9.55 9.81 10.02 19.03 18.52 18.46 18.15 17.70 17.54 17.86 16.73 18.69 18.33 17.28 16.53 16.74 16.13 14.42
9.98 11.59 14.82 16.58 15.80 13.62 11.90 11.19 10.45 10.02 10.81 11.54 12.33 13.22 12.93 12.81 13.21 11.65 9.52 8.86 8.38 9.97 14.33 16.85 15.12 12.04 11.13 11.44 11.30 10.27 9.14 10.37 13.11 13.06 11.36 10.61 9.75 9.36 11.41 15.90 20.11 22.37 25.38 24.73 19.93 14.94 15.00 20.16 21.95 18.90 18.05 19.12 19.97 20.51 20.74 19.77 18.61 17.72 16.39 14.93 12.24 9.97 9.96 10.04 9.23 18.68 18.45 18.75 18.38 19.58 19.60 17.95 18.30 18.08 17.62 16.08 17.40 17.01 16.56
10.35 12.21 15.67 16.70 15.41 14.47 13.35 11.91 10.87 10.66 11.70 13.58 15.34 14.73 12.25 11.61 12.00 10.25 9.63 9.21 10.76 12.19 15.98 16.64 13.63 10.98 10.97 11.37 10.83 9.80 9.53 11.38 13.57 12.85 10.96 9.72 8.86 10.16 14.55 19.06 20.95 21.65 22.00 21.24 15.99 13.51 14.96 19.38 18.62 17.36 18.18 19.61 19.55 19.73 20.06 19.72 18.62 16.91 15.77 14.79 12.56 18.65 10.25 10.16 9.26 19.43 18.66 18.78 19.38 19.07 18.91 17.84 18.68 17.99 17.60 16.68 16.22 16.85 17.14
11.75 13.41 16.09 16.58 15.68 15.49 13.93 11.84 11.05 10.99 12.38 14.69 15.20 12.85 11.74 10.21 10.50 8.96 9.00 10.08 11.10 13.59 15.84 15.04 12.12 10.68 10.95 11.03 10.67 10.24 10.56 11.94 12.81 11.95 10.19 8.82 9.27 12.90 18.21 20.93 20.23 19.37 19.52 16.34 14.05 13.79 15.48 16.74 16.52 16.74 18.38 19.63 19.55 19.91 20.22 19.72 18.48 16.60 15.44 14.44 19.59 18.82 10.63 10.19 18.70 18.67 19.58 19.17 19.94 19.86 19.40 19.21 19.13 17.81 17.08 16.75 18.16 17.76 16.69
13.54 14.81 16.34 16.11 16.02 15.85 13.23 10.75 10.16 10.22 11.27 12.84 12.61 10.50 9.21 9.32 8.82 8.40 9.84 11.31 12.31 14.08 14.88 13.59 11.79 10.97 10.71 10.78 11.21 11.19 10.96 11.48 12.02 11.48 9.81 9.00 11.56 16.58 20.58 20.47 17.68 15.70 14.78 14.12 14.41 15.33 15.65 15.15 15.13 16.56 18.19 19.30 20.00 20.58 20.61 19.63 18.31 16.84 15.25 19.79 18.96 19.62 18.73 17.79 18.44 18.81 19.52 20.01 20.14 19.98 20.00 18.90 18.30 18.53 18.64 18.48 19.44 18.77 17.38
14.95 16.17 16.36 15.15 16.08 15.30 11.28 9.13 9.39 9.67 10.20 11.32 11.57 10.65 9.65 9.78 8.25 8.88 11.27 12.66 13.15 14.03 14.19 13.15 11.97 10.84 10.14 10.87 11.95 11.48 10.42 10.89 11.85 11.43 10.05 10.63 14.82 19.25 20.38 17.84 14.29 12.61 12.84 14.05 16.66 17.18 14.79 13.69 14.44 16.35 17.85 19.02 20.37 21.03 20.61 19.52 18.39 17.13 15.14 19.54 18.14 18.81 19.37 18.84 10.46 10.90 19.60 20.70 19.34 20.32 19.01 19.25 19.64 18.83 18.29 19.34 17.54 18.22 17.44
15.39 16.76 15.99 14.02 15.07 13.39 8.91 8.23 9.97 10.42 11.94 10.62 11.03 11.04 11.01 10.10 9.44 9.61 12.54 13.47 13.27 13.65 13.72 12.87 11.68 10.12 9.71 11.43 12.64 11.58 10.18 10.74 11.81 11.37 10.75 12.65 16.84 19.16 17.94 14.63 11.81 11.46 12.92 14.89 17.44 15.72 13.43 12.78 14.23 16.20 17.69 18.96 20.32 20.85 20.22 19.38 18.59 17.31 15.24 19.87 18.01 19.60 20.79 19.65 10.93 11.19 20.14 20.63 20.42 20.04 19.32 18.06 18.66 18.43 17.94 19.16 18.75 18.88 18.70
14.96 16.19 15.58 13.40 13.33 11.58 8.09 8.32 11.49 12.28 10.68 9.78 10.13 11.23 12.42 11.08 9.06 9.77 12.98 13.40 12.68 13.06 13.17 12.39 11.06 9.63 10.22 12.41 13.07 11.75 10.30 10.39 11.15 11.12 11.55 13.88 16.60 17.08 15.16 12.48 10.97 11.81 13.63 15.07 15.60 14.44 12.56 12.61 14.36 16.22 17.71 18.80 19.78 20.16 19.77 19.19 18.59 17.55 15.64 13.86 18.70 19.46 20.49 20.03 18.45 11.29 11.46 20.84 21.02 21.50 20.79 18.79 18.33 18.25 19.59 20.00 19.25 18.60 19.55
13.96 14.37 14.87 13.94 12.48 10.77 8.76 9.23 12.93 13.94 10.75 10.44 9.67 11.44 13.12 11.30 8.26 9.41 12.68 12.76 12.13 12.69 12.67 11.89 10.67 10.05 11.32 13.05 13.03 11.62 9.96 9.30 9.95 11.00 12.55 14.53 15.61 15.17 13.50 11.78 11.36 12.56 14.03 14.65 14.44 13.46 12.40 12.85 14.58 16.23 17.55 18.33 18.86 19.30 19.41 19.07 18.57 17.79 16.26 14.69 19.77 20.44 22.41 20.95 19.69 11.55 11.78 21.01 22.08 22.85 21.85 21.24 20.45 20.25 20.56 19.64 19.43 19.28 19.90
13.00 13.07 13.98 14.82 13.06 10.83 9.87 10.81 13.50 14.42 11.35 9.45 9.89 11.26 13.13 12.11 8.99 9.96 12.17 12.04 12.00 12.54 12.29 11.78 11.16 11.19 12.09 13.09 12.71 10.99 9.20 8.09 8.87 11.42 14.05 15.28 14.90 13.89 12.68 11.78 11.93 13.12 14.15 14.19 13.66 13.02 12.47 12.91 14.47 15.98 17.07 17.68 17.95 18.47 18.97 19.01 18.83 18.17 17.00 15.96 15.77 15.70 14.70 13.29 21.96 20.99 19.67 18.84 13.56 12.94 22.20 21.50 20.35 18.45 18.35 20.10 20.15 19.88 20.23
12.55 12.85 14.01 15.36 14.16 11.61 11.31 12.44 13.19 13.65 12.05 9.68 9.49 10.67 12.94 13.37 10.92 10.45 11.09 11.44 11.96 12.36 12.26 12.22 11.91 11.81 12.12 12.73 12.04 9.95 8.17 6.97 8.40 12.59 16.05 16.21 14.36 12.83 11.96 11.56 12.15 13.49 14.24 14.08 13.65 12.91 12.02 12.24 13.91 15.66 16.69 17.08 17.21 17.68 18.23 18.68 18.87 18.55 17.90 17.33 16.80 15.99 14.85 13.59 13.24 13.10 20.63 12.61 14.91 13.34 21.92 21.22 20.16 18.20 7.40 18.21 20.08 19.54 20.12
13.03 13.41 14.42 15.51 14.63 12.35 12.30 12.86 12.34 11.98 11.65 9.79 11.41 10.47 12.97 14.04 11.14 8.65 9.47 11.23 11.92 12.42 12.83 12.79 12.17 11.64 11.76 12.15 11.09 8.84 6.84 6.20 9.02 14.73 18.25 16.86 13.66 11.67 10.89 11.14 12.47 14.06 14.79 14.83 14.14 12.30 10.65 10.99 13.24 15.65 16.79 16.83 16.65 17.02 17.58 18.06 18.27 18.06 18.52 18.89 18.04 16.64 15.50 14.50 13.78 13.30 13.42 14.35 14.97 10.97 19.69 18.55 19.51 19.11 15.91 19.91 20.08 19.67 19.60
14.46 14.36 14.62 14.89 13.73 11.98 11.47 11.50 10.74 9.76 10.68 11.15 9.93 10.61 12.42 13.01 9.85 7.01 8.81 11.50 12.19 12.83 13.45 12.88 11.82 11.34 11.66 11.75 10.09 7.50 5.77 6.44 10.85 17.34 20.05 16.95 12.77 10.46 9.95 11.24 13.55 15.38 16.29 16.26 14.08 10.74 8.87 9.74 12.78 15.96 17.26 16.88 16.37 16.77 17.66 18.24 18.25 17.93 18.45 19.65 19.05 17.22 16.12 15.29 14.62 13.78 13.45 14.02 25.18 9.58 7.82 19.45 19.53 19.92 17.90 20.43 19.59 20.22 18.60
17.03 15.62 14.28 13.74 12.54 11.47 10.95 10.70 9.83 9.04 10.60 12.52 11.38 12.23 10.72 10.95 9.04 7.32 9.53 12.58 13.11 13.16 13.32 12.35 11.34 11.29 11.58 10.97 8.57 6.27 5.72 7.83 13.22 19.40 21.01 16.78 12.16 10.08 10.20 12.51 15.64 17.47 18.06 16.70 12.77 8.91 7.43 9.05 13.07 16.72 17.68 16.79 16.17 16.74 18.18 19.27 19.20 18.52 18.66 19.86 19.60 17.66 16.35 15.68 15.00 13.93 13.26 12.82 12.24 10.53 8.78 7.90 6.39 18.65 18.60 19.80 19.91 19.65 19.83
20.15 16.80 13.63 12.77 11.92 11.37 10.97 10.57 10.06 10.14 11.46 12.94 11.95 9.63 9.24 9.61 9.09 8.90 11.56 14.20 13.89 13.12 12.76 11.90 11.21 11.26 10.98 9.41 6.98 5.83 6.76 9.91 15.15 20.49 21.90 17.02 12.50 10.99 11.60 14.38 17.51 18.72 18.03 15.03 10.72 7.53 6.72 9.26 14.22 17.23 17.20 17.22 16.59 17.41 19.26 20.74 20.32 18.81 18.62 20.27 20.20 17.56 15.77 15.51 14.93 13.64 12.65 12.71 11.86 10.85 9.18 8.18 8.02 7.85 19.26 20.24 20.08 20.94 20.43
22.71 17.84 13.59 11.94 11.43 11.14 10.92 10.73 10.80 11.32 12.00 12.40 11.45 9.60 9.21 9.74 9.92 11.13 13.91 15.08 13.94 12.94 12.32 11.60 11.17 11.10 10.05 7.92 6.23 6.45 8.53 11.89 16.55 21.38 22.53 17.84 13.60 12.25 12.76 15.22 17.60 17.63 15.70 12.59 9.22 6.87 6.74 10.01 16.55 17.97 16.25 17.46 19.46 20.65 20.71 21.77 20.87 18.80 18.61 20.86 20.12 16.17 14.36 14.93 14.46 13.00 12.09 11.43 11.82 11.07 9.73 8.76 8.50 8.73 8.80 21.35 19.64 19.90 20.21
25.19 19.20 13.15 11.52 10.39 10.55 10.69 10.76 11.16 11.65 11.86 11.73 11.07 10.35 10.43 10.95 11.52 12.95 14.67 14.71 13.74 12.96 12.10 11.34 11.08 10.85 9.30 7.17 6.54 7.92 10.45 13.90 18.47 22.55 23.20 18.87 14.62 12.74 12.59 13.94 15.32 14.88 13.45 11.58 9.00 6.87 7.11 10.29 13.92 15.33 16.62 19.11 20.72 22.99 23.09 23.18 22.13 18.25 18.46 20.20 18.01 13.53 13.02 14.23 13.60 12.14 12.16 12.05 11.79 11.28 10.16 9.37 9.26 9.26 9.33 9.15 9.43 9.14 9.23
26.76 19.63 12.55 10.55 9.55 9.39 10.12 10.74 11.38 11.71 11.72 11.61 11.40 11.43 11.67 12.02 12.60 13.20 13.74 14.09 13.93 13.27 12.11 11.15 10.89 10.51 8.81 7.22 7.54 9.38 12.17 16.36 21.01 24.02 23.55 19.27 14.35 11.92 11.37 11.63 12.57 13.07 13.20 12.22 9.34 6.98 7.24 9.72 12.73 15.49 18.77 21.70 22.67 21.98 20.61 20.99 20.08 17.36 17.93 18.35 15.61 12.81 12.90 13.75 13.46 12.23 11.95 12.42 12.41 11.73 10.81 9.76 9.18 9.29 9.72 9.68 9.81 9.71 9.51
25.94 18.48 11.30 9.04 7.62 8.68 9.40 11.14 12.15 12.39 11.84 11.73 11.78 11.92 12.16 12.42 12.68 12.61 12.87 13.92 14.51 13.77 12.24 11.03 10.77 10.27 8.81 8.03 8.58 10.50 14.28 19.26 23.62 25.28 22.97 17.42 12.83 10.85 9.91 9.39 10.74 13.26 14.55 12.97 9.22 6.88 7.13 9.32 13.03 17.33 21.12 23.50 23.46 22.20 18.09 16.71 16.28 16.67 17.51 16.98 15.05 13.62 13.69 14.20 13.57 12.44 12.04 12.54 13.01 12.53 12.03 11.04 10.03 10.14 10.47 10.36 10.19 10.01 19.94
25.56 18.80 10.77 7.48 5.10 6.06 9.52 12.95 14.02 12.65 11.73 11.76 11.87 12.03 12.24 12.46 12.52 12.47 12.89 14.07 14.91 14.13 12.28 10.85 10.47 10.24 9.73 9.51 9.97 12.48 17.16 21.98 25.84 24.71 19.06 14.08 11.69 9.88 8.21 7.84 10.83 15.00 15.64 12.39 8.46 6.79 7.40 10.20 14.86 19.00 21.67 23.65 25.15 18.56 14.82 14.33 14.88 16.22 17.34 16.72 15.31 14.63 14.91 14.92 14.50 13.55 12.73 12.96 13.29 13.33 12.97 12.20 21.18 11.68 11.40 11.07 10.98 10.44 19.47
23.67 19.53 11.21 6.53 4.03 6.47 13.67 16.30 14.50 12.06 11.33 11.62 11.77 12.08 12.31 12.55 12.61 12.68 13.17 14.02 14.48 13.80 11.99 10.50 10.42 10.97 11.19 11.22 12.15 15.19 19.78 23.38 24.87 20.96 15.08 12.11 11.17 8.95 6.90 7.66 12.33 16.58 15.29 11.08 8.07 7.31 8.74 12.33 16.59 19.03 20.44 22.26 21.50 16.18 12.19 12.67 14.09 15.53 16.94 16.92 15.99 15.62 15.81 15.95 15.76 15.01 14.00 13.70 13.95 14.21 14.25 13.42 12.62 21.38 21.60 21.39 11.58 11.09 20.43
18.51 18.01 13.62 5.43 4.70 8.06 15.50 15.80 11.80 10.18 10.51 11.18 12.93 12.14 12.48 12.70 12.80 12.87 13.24 13.63 13.54 13.14 11.87 10.74 11.32 12.34 12.83 13.46 15.07 17.84 21.08 22.69 21.08 17.02 12.48 11.03 10.64 8.35 6.80 8.87 14.13 16.89 13.99 10.50 9.06 9.44 11.74 15.06 17.25 17.81 18.54 19.57 21.67 15.18 11.25 11.82 13.83 14.92 16.30 16.92 16.60 16.44 16.65 17.02 17.15 16.53 15.75 15.37 15.16 15.09 15.22 14.85 14.05 14.16 20.92 21.54 21.10 20.10 22.49
13.84 14.58 13.78 7.25 3.94 9.63 14.44 13.53 10.12 9.31 10.03 10.91 11.74 12.25 12.61 12.77 12.82 12.89 13.07 13.14 13.02 12.87 12.31 11.99 12.75 13.63 14.49 15.82 17.74 19.60 20.09 18.65 16.00 13.53 11.08 10.39 10.13 8.63 8.79 11.90 15.33 15.46 12.67 11.05 11.50 13.37 15.95 17.49 17.32 16.39 16.02 15.71 15.49 14.71 12.38 12.20 13.81 14.65 15.78 16.81 17.22 17.52 18.06 18.72 19.24 19.18 18.67 18.31 17.75 17.14 16.80 16.49 15.77 21.59 15.89 22.90 22.47 21.66 22.42
12.07 12.53 12.98 9.93 5.97 10.47 13.24 12.26 10.20 9.67 10.20 10.94 11.80 12.27 12.60 12.75 12.74 12.77 12.84 12.86 12.85 12.82 12.65 12.79 13.44 14.20 15.24 16.82 18.73 19.76 18.76 16.22 13.55 11.98 10.76 10.40 10.15 9.98 10.50 13.88 15.76 14.36 12.20 11.76 13.09 15.64 18.04 18.53 17.49 16.02 14.66 13.45 13.51 14.54 13.76 12.90 13.77 14.54 15.58 16.84 17.78 18.69 19.25 19.96 20.93 21.13 20.57 20.19 19.85 25.18 23.85 17.94 16.95 16.90 23.88 24.20 22.92 22.96 23.82
