examples/cougarCreek-fire/createInputs/WindNinja/wrfout_d3.2015081100.f23/cougarCreekFire_08-11-2015_2300_217m_non_neutral_stability_ang.asc
ncols	146
nrows	140
xllcorner	610065.000000
yllcorner	5095217.000000
cellsize	216.586807
NODATA_value	-9999.000000
[rows 0 to 49 of 140, columns 0 to 95 of 146]
83 82 83 84 82 80 78 77 77 73 78 79 80 81 81 81 80 79 77 76 76 77 83 87 89 88 87 87 88 88 87 85 84 84 85 86 88 91 92 93 95 94 96 96 98 98 100 99 100 99 98 96 96 96 96 98 97 95 94 95 95 95 95 96 97 96 95 95 98 101 103 101 97 95 96 98 97 92 90 90 91 93 95 97 96 99 99 96 97 101 102 103 104 108 105 105
83 82 83 84 82 80 78 77 77 73 78 79 80 81 81 81 80 79 77 76 76 77 83 87 89 88 87 87 88 88 87 85 84 84 85 86 88 91 92 93 95 94 96 96 98 98 100 99 100 99 98 96 96 96 96 98 97 95 94 95 95 95 95 96 97 96 95 95 98 101 103 101 97 95 96 98 97 92 90 90 91 93 95 97 96 99 99 96 97 101 102 103 104 108 105 105
85 84 84 83 82 80 79 77 77 76 77 77 79 80 80 80 79 78 78 78 78 76 82 85 86 86 86 86 87 86 85 84 84 84 85 86 87 89 91 92 93 94 95 95 96 97 98 98 98 98 97 96 96 96 96 96 95 94 94 94 94 95 95 95 96 95 95 96 98 99 99 98 96 96 96 97 97 94 92 92 93 94 95 96 97 97 97 97 98 98 98 99 103 104 103 103
87 86 84 82 81 80 78 77 75 74 74 74 76 77 78 77 77 77 78 78 79 75 81 81 82 84 85 85 84 84 84 84 84 85 85 86 86 87 89 90 91 92 93 94 94 95 95 96 96 97 97 97 96 95 95 94 93 93 93 93 94 95 95 95 95 95 97 97 97 96 95 95 96 97 98 97 97 97 96 95 95 96 96 96 96 96 96 96 96 95 95 94 96 100 101 100
88 86 84 82 80 79 77 53 54 55 71 71 72 74 75 75 75 75 76 77 70 73 72 79 80 82 83 83 83 83 83 83 84 84 85 85 86 86 88 89 90 91 92 93 93 94 94 95 96 97 97 96 95 92 94 93 93 93 94 94 94 95 95 95 95 96 97 97 96 95 95 97 98 98 98 97 97 96 96 96 96 96 96 96 96 97 97 96 96 95 95 94 81 86 87 84
90 88 85 82 80 78 76 75 73 50 51 52 70 71 72 73 73 74 64 76 68 71 72 77 79 80 80 81 82 82 82 82 83 84 84 85 85 86 87 88 89 91 92 92 93 93 95 95 96 93 93 92 95 94 93 93 93 94 94 95 94 95 95 94 95 96 92 96 95 95 96 98 98 98 97 96 96 97 98 97 97 97 96 96 96 96 96 96 96 96 95 94 92 80 82 80
92 90 87 83 81 78 76 42 43 46 44 48 53 69 70 71 72 74 63 65 66 68 70 71 74 75 79 75 76 78 81 81 83 84 84 84 85 86 86 83 84 90 87 92 93 89 91 92 95 95 93 95 91 94 93 93 94 94 95 95 95 90 91 95 96 91 96 95 95 96 97 98 97 96 95 95 96 97 98 98 97 97 96 95 113 96 96 96 96 96 96 95 93 77 77 78
95 92 89 85 82 79 76 37 40 39 40 42 48 55 59 69 71 59 60 63 65 67 69 71 73 74 75 75 76 78 80 75 78 83 83 84 85 86 82 83 84 86 87 88 89 91 92 94 95 92 93 91 95 94 94 94 94 94 94 94 89 90 94 95 96 91 95 95 96 97 97 96 96 96 96 96 97 97 98 98 97 97 96 96 96 96 96 96 96 96 96 95 93 92 74 71
100 95 92 87 83 34 75 37 31 32 34 36 44 51 57 68 58 58 57 61 65 66 38 43 73 74 75 75 76 77 76 76 78 82 83 80 81 82 82 83 85 86 86 88 90 91 91 91 92 93 93 93 92 89 88 94 94 95 89 94 88 94 95 96 90 91 91 88 96 96 96 95 95 96 96 96 96 97 98 98 98 97 96 96 96 96 96 96 96 96 95 95 94 93 93 92
106 100 95 90 84 23 24 26 31 32 33 34 357 47 54 57 58 60 56 16 24 66 71 72 45 75 75 76 75 77 76 76 77 77 78 79 81 81 83 84 86 87 87 88 90 90 91 92 92 93 94 95 93 89 94 94 95 95 89 94 94 95 95 90 90 88 88 87 96 96 95 95 96 96 96 95 96 97 98 98 97 97 96 96 96 96 95 95 96 110 96 95 95 94 93 92
52 108 101 94 86 80 10 13 17 21 27 30 35 2 51 53 58 68 55 60 21 32 69 72 42 56 63 63 75 77 76 75 77 77 78 79 80 81 83 85 86 87 88 84 85 85 91 92 94 90 92 89 88 94 95 95 95 88 94 94 95 87 90 91 88 88 89 89 96 95 95 96 96 95 95 96 97 97 98 97 97 96 96 96 95 106 111 95 96 96 96 96 95 95 94 93
125 119 24 13 3 351 73 356 6 342 347 25 34 37 45 49 66 55 55 59 19 31 32 72 74 51 65 60 59 77 76 75 76 76 78 79 80 82 83 84 86 80 82 83 85 86 92 93 89 90 88 88 94 95 89 89 88 88 87 95 95 89 91 90 90 95 95 95 95 95 95 95 95 95 95 96 97 97 97 96 96 96 95 95 95 95 95 96 96 96 96 97 96 94 93 93
141 135 130 358 352 343 70 331 348 358 336 344 358 37 43 49 59 52 55 58 22 29 32 25 75 43 62 58 59 67 75 75 76 76 78 80 82 82 82 84 75 81 83 83 86 84 91 86 88 91 89 88 95 96 90 91 89 89 88 87 90 94 92 94 95 95 95 95 95 95 95 95 95 95 95 96 97 96 96 96 95 95 95 95 95 95 95 96 96 96 96 97 97 95 93 93
163 160 160 153 127 321 57 46 308 336 354 328 336 357 41 48 54 54 55 20 20 25 33 31 27 41 59 58 62 70 68 75 57 58 58 60 64 65 64 68 76 84 84 84 84 90 91 86 86 90 88 88 90 90 90 91 91 91 90 92 95 95 94 94 94 94 94 94 95 95 95 95 95 95 96 96 96 96 95 95 95 95 95 95 94 94 95 96 96 96 96 97 99 98 95 111
186 189 199 207 220 270 349 8 16 307 327 348 3 324 347 16 29 32 27 27 32 32 41 41 33 39 56 58 64 69 68 75 55 57 58 59 63 65 65 72 83 84 82 82 81 82 84 87 88 84 87 89 90 90 90 90 87 93 91 91 94 94 94 93 89 85 85 85 95 96 85 96 95 95 96 95 95 95 95 95 95 95 94 94 94 94 95 95 96 101 109 102 99 118 97 112
207 212 223 234 247 265 310 318 315 305 312 334 315 313 319 347 20 27 21 24 33 34 45 50 35 38 53 59 65 69 64 54 57 58 58 60 61 64 68 71 82 82 82 82 81 84 87 89 87 81 89 90 84 84 89 90 88 92 85 89 89 89 86 85 85 85 87 95 95 97 97 96 95 95 95 95 94 94 95 95 94 94 94 94 94 94 94 95 95 95 100 100 98 111 100 95
219 225 234 244 254 267 282 309 317 316 315 328 329 331 309 291 314 4 1 7 21 24 44 72 45 36 52 59 66 67 58 53 58 59 59 61 61 64 70 73 78 81 83 83 84 86 88 86 83 81 91 85 88 86 83 93 93 84 89 89 88 86 86 86 85 88 95 85 96 96 95 95 95 95 95 95 94 93 94 94 94 94 94 93 93 93 93 94 94 94 95 95 97 101 114 97
228 234 241 249 259 270 281 298 312 319 314 320 314 329 299 271 278 309 328 334 350 357 24 50 44 37 49 58 63 61 54 54 56 57 61 59 60 62 67 74 78 80 81 83 84 85 85 84 82 83 87 93 91 83 84 93 90 80 90 88 86 86 87 88 89 96 95 95 96 94 94 94 94 94 95 95 95 94 93 93 94 94 93 93 93 93 93 92 91 94 94 94 95 98 100 110
235 240 246 254 262 271 280 298 319 324 314 314 292 300 313 316 313 320 328 327 341 351 358 35 40 41 49 58 58 56 53 55 57 53 59 53 56 60 66 72 76 79 82 83 83 82 84 83 82 85 91 91 85 87 83 84 86 87 84 87 87 82 91 90 95 94 97 101 94 94 94 94 94 94 94 95 95 94 94 93 93 93 93 93 93 93 93 92 90 93 94 87 91 95 97 99
241 246 251 258 265 272 291 294 315 321 310 304 292 302 325 339 338 331 336 331 341 0 347 13 26 40 51 56 55 53 55 56 63 78 78 52 55 58 64 71 76 80 83 85 84 83 85 86 89 91 89 83 77 80 83 78 78 89 81 80 87 84 89 87 90 96 96 95 94 94 94 94 94 94 94 94 94 94 94 94 93 93 93 93 93 93 93 87 85 93 94 92 93 92 94 96
245 250 255 281 288 291 290 293 301 317 305 306 324 300 303 325 340 339 345 337 344 5 338 346 359 34 51 52 53 53 55 59 78 77 79 51 55 72 63 75 79 85 86 86 86 87 88 90 93 89 86 80 78 86 77 86 89 81 83 80 80 84 89 88 95 96 96 95 95 94 94 94 94 94 94 93 93 93 94 94 93 93 93 93 93 92 93 93 93 94 85 92 91 91 93 95
249 254 259 282 288 288 289 291 297 316 306 307 332 324 287 344 294 307 326 326 329 357 343 349 6 28 43 47 52 55 55 63 79 78 80 68 55 72 66 81 88 89 89 87 85 83 85 89 87 78 80 77 80 77 87 79 81 85 84 79 81 84 82 95 91 92 92 92 95 94 94 94 94 94 93 93 93 94 94 94 93 93 93 93 92 92 93 93 94 94 85 88 86 85 92 94
253 258 262 267 281 283 283 287 292 309 305 301 321 344 303 331 278 3 299 321 327 337 337 337 351 22 40 43 53 59 57 73 81 57 82 83 52 57 68 85 92 91 88 86 85 85 86 85 79 76 76 73 76 88 91 83 82 83 82 79 84 85 90 92 92 91 90 95 95 94 95 95 94 94 93 93 93 93 93 93 93 93 93 92 92 93 93 94 94 83 94 95 96 97 93 90
257 261 265 270 274 277 283 288 299 309 309 296 304 333 320 308 305 306 312 331 342 343 341 321 321 358 42 43 52 57 56 62 80 80 82 65 52 57 67 84 89 89 87 85 85 85 84 82 77 77 72 91 75 77 79 83 82 83 85 85 89 91 89 93 87 89 89 89 95 95 95 94 94 93 93 93 93 93 93 92 93 93 93 93 93 93 93 94 84 104 106 106 102 101 100 95
260 264 268 271 275 278 282 286 290 306 314 302 301 321 324 309 305 306 308 312 327 343 350 334 324 346 36 43 43 48 56 63 73 79 48 46 53 60 70 86 87 84 86 89 86 83 82 83 80 78 72 90 78 79 81 85 88 90 90 88 88 90 78 77 89 89 88 89 95 90 94 94 93 93 93 93 93 93 93 92 92 93 93 93 93 93 93 94 95 108 107 103 100 103 104 99
263 266 269 272 276 279 283 286 288 298 311 304 296 301 321 315 306 304 304 302 309 333 344 339 334 351 32 45 31 39 56 73 73 62 82 69 55 64 80 88 87 84 85 85 85 90 89 90 80 75 93 75 80 79 83 90 92 96 89 87 87 90 78 87 91 89 89 91 93 94 94 93 93 93 93 93 93 93 93 93 92 92 93 93 93 93 93 93 100 103 110 105 100 101 105 100
265 268 271 274 279 282 281 283 282 288 302 298 295 295 308 318 309 306 308 306 310 329 335 330 331 344 27 44 27 41 66 67 63 58 49 50 60 69 80 82 80 78 80 81 82 83 82 81 77 74 91 76 79 78 81 87 91 90 86 86 86 90 90 86 87 89 93 93 94 94 94 93 93 93 93 93 92 92 92 92 92 92 93 93 93 93 92 92 89 95 107 95 103 100 102 89
268 271 273 276 275 278 281 281 272 276 292 298 301 293 288 299 299 303 310 308 313 328 330 316 314 328 10 38 34 57 81 65 60 57 55 57 66 77 80 78 77 76 78 81 83 82 81 82 81 71 91 77 80 77 81 89 90 87 86 87 88 89 93 98 100 100 97 92 90 89 89 93 93 93 93 92 92 91 92 92 92 93 93 93 93 92 92 91 87 89 91 93 92 91 91 90
270 272 275 278 279 278 282 285 285 281 291 300 306 292 281 289 295 299 307 305 310 322 326 309 295 300 331 19 37 60 83 43 55 64 68 73 83 83 78 78 80 79 82 86 88 91 90 88 75 88 92 78 79 78 87 92 90 89 92 96 97 95 96 97 97 98 98 94 92 90 90 92 92 92 92 92 92 92 92 92 92 93 93 93 93 92 91 91 82 82 92 93 85 86 92 91
272 274 277 279 280 278 280 285 296 292 293 298 306 315 296 291 297 300 305 303 306 318 321 318 300 297 309 341 26 59 50 46 62 69 71 78 84 79 77 81 83 86 90 90 90 91 90 78 88 91 93 76 80 82 93 94 93 92 93 93 93 92 93 94 93 93 92 92 92 92 91 91 92 92 92 92 92 92 92 92 92 93 93 93 92 91 91 91 90 82 83 85 89 90 86 90
273 276 278 279 281 280 280 282 282 286 285 294 298 309 306 292 300 308 312 312 315 325 322 326 317 314 317 325 9 41 52 92 104 85 75 81 81 70 83 87 89 91 91 90 90 91 81 70 91 93 93 76 82 91 93 88 86 88 90 91 92 93 94 94 92 90 88 88 88 87 85 91 92 92 92 92 92 92 92 92 92 92 92 91 92 92 92 92 91 90 90 89 87 84 83 90
275 277 279 280 281 281 281 282 279 282 279 280 284 289 302 291 292 302 308 313 321 329 326 326 319 316 317 320 355 40 47 96 136 105 87 78 70 70 88 91 91 92 92 92 92 92 93 73 93 92 92 91 82 86 81 79 85 88 90 90 92 95 95 92 90 90 91 91 91 90 90 92 94 94 91 91 91 91 91 92 92 92 92 91 91 92 93 92 91 91 89 87 85 83 85 90
275 277 279 281 281 284 284 283 279 282 283 284 291 295 299 291 284 286 292 299 313 324 327 327 324 319 312 308 334 24 42 86 118 248 74 71 69 78 88 84 91 93 93 94 94 94 95 111 95 92 90 90 75 79 78 83 90 92 92 90 90 91 92 94 96 91 99 90 101 103 89 98 96 90 91 92 92 99 103 91 91 92 92 92 91 91 91 91 107 90 86 86 87 88 90 89
276 277 288 280 287 286 285 284 282 281 288 294 300 299 297 292 284 278 274 276 285 300 313 322 327 330 323 311 316 9 53 73 66 293 62 75 81 88 93 95 94 94 94 95 102 107 107 111 99 98 94 102 102 85 83 89 92 93 94 94 95 93 94 91 91 95 90 95 95 91 87 85 91 91 92 91 91 91 101 91 91 91 92 93 92 90 90 90 108 103 88 88 89 91 92 88
278 278 277 287 287 285 284 290 289 290 288 288 292 296 298 293 285 279 274 275 278 282 287 296 314 334 335 322 323 13 78 73 33 348 64 79 86 91 98 103 101 99 99 99 100 105 107 111 101 103 101 95 104 104 101 97 91 91 94 97 98 95 91 90 90 90 89 87 82 89 90 91 86 92 96 96 94 90 90 91 90 90 91 93 92 90 89 89 108 106 89 87 89 88 86 88
278 278 278 278 284 285 283 283 283 284 280 274 273 281 294 298 297 299 302 298 290 282 277 272 262 251 291 316 331 356 29 81 41 2 52 75 82 85 86 89 95 97 97 97 96 97 100 105 114 104 104 101 97 105 101 100 95 93 93 93 91 90 88 86 86 86 84 88 88 89 90 86 90 93 94 94 89 89 90 90 90 91 91 92 92 91 89 89 107 107 93 89 88 87 87 87
278 278 278 280 282 299 296 283 279 277 274 272 274 273 278 285 289 292 291 281 267 264 261 248 235 228 240 262 293 85 93 99 79 37 52 69 73 75 77 77 78 84 99 99 96 95 97 101 107 115 107 106 100 98 93 90 100 98 98 97 97 97 96 93 90 86 85 85 87 90 85 86 87 87 88 89 89 89 90 90 90 91 91 92 92 91 89 89 105 106 99 89 87 88 90 86
278 278 279 280 281 282 283 275 284 267 267 273 275 269 263 264 264 256 245 240 243 248 245 236 230 228 237 232 198 140 101 101 105 96 91 93 86 79 77 77 79 81 85 94 95 95 96 99 99 106 113 106 105 102 99 96 93 92 92 92 93 94 95 96 96 97 97 98 98 99 98 99 89 85 86 88 89 89 90 90 90 90 90 92 93 93 89 88 105 105 97 87 85 85 84 85
277 278 279 280 279 279 249 280 263 262 266 270 265 261 257 259 255 247 244 250 250 243 241 238 227 225 240 229 193 57 107 90 98 107 110 112 107 104 96 95 89 86 79 81 92 94 94 95 100 103 104 109 103 98 96 93 91 91 90 88 96 96 96 97 98 98 98 98 98 99 98 97 97 97 93 83 86 87 88 89 89 89 89 91 94 94 91 88 105 102 103 84 83 83 82 84
277 277 278 277 276 276 238 278 265 267 270 269 268 265 263 262 256 247 243 243 237 237 250 245 226 235 246 232 204 198 111 91 96 94 104 109 112 105 102 94 91 99 102 100 96 96 96 93 91 96 99 94 94 98 98 94 99 99 91 90 90 97 97 98 98 88 87 87 87 88 87 86 86 99 99 99 99 83 84 86 88 89 89 90 92 94 93 89 86 101 103 89 83 83 83 82
275 276 277 272 272 273 240 276 279 267 271 274 276 272 264 260 250 237 234 239 241 250 256 234 219 235 241 231 227 247 108 99 93 93 96 97 99 103 111 99 92 90 92 92 102 103 103 100 99 98 98 96 91 91 92 93 92 89 88 90 93 89 89 89 87 86 86 87 88 88 88 88 88 88 87 87 85 83 99 99 84 87 89 89 90 93 94 91 87 85 101 100 88 84 82 80
274 275 275 268 269 241 269 274 277 269 272 272 270 261 251 250 238 233 242 257 263 263 247 212 218 235 239 233 226 218 131 94 86 90 90 93 96 98 98 98 97 101 98 99 100 94 95 94 94 94 95 97 95 94 94 94 92 90 92 92 87 87 87 86 85 85 86 87 88 89 89 90 90 89 89 90 90 88 84 81 95 84 87 87 87 90 94 93 89 85 83 102 95 86 83 79
272 273 273 273 271 275 270 276 275 277 279 269 262 250 243 238 236 248 264 269 268 252 219 199 228 245 240 224 209 193 152 102 82 88 87 93 94 92 92 94 96 99 97 95 94 93 97 97 97 93 95 92 92 91 90 88 86 85 85 84 84 84 84 83 84 85 87 88 89 89 90 90 90 90 91 93 94 93 90 85 94 98 85 86 85 86 90 94 92 87 84 82 98 89 84 80
271 271 272 273 271 222 271 272 273 275 266 252 236 234 230 231 242 251 259 262 253 220 199 206 235 244 226 205 204 194 163 128 101 86 84 88 90 87 87 88 88 90 90 88 94 97 99 98 95 95 91 90 92 91 88 84 82 82 82 83 83 83 83 84 85 87 88 87 87 87 88 88 88 88 90 92 95 96 95 91 85 81 100 86 84 84 85 89 92 90 85 83 100 94 91 87
269 269 270 272 272 262 270 269 271 258 239 228 229 235 231 234 233 234 247 246 231 208 204 214 233 230 204 197 205 190 162 139 126 108 92 83 82 81 80 81 85 83 91 93 96 100 97 99 95 88 86 86 88 87 84 81 79 79 82 84 84 84 79 80 81 81 80 77 76 76 76 76 76 76 76 86 89 95 98 95 89 83 95 86 84 94 83 84 88 90 87 83 99 97 79 92
267 268 269 270 259 261 262 265 267 227 222 225 238 247 240 231 220 238 253 249 236 218 211 208 222 213 194 204 210 190 159 144 138 122 107 93 83 79 78 78 74 84 88 92 97 93 96 95 87 81 79 79 84 85 84 81 78 81 84 81 81 81 71 71 71 77 81 79 76 78 80 80 80 81 81 79 76 81 93 97 92 85 91 89 82 83 94 84 85 88 87 83 81 93 80 78
265 266 211 267 255 256 229 234 226 216 221 236 247 243 234 227 230 257 259 256 244 211 194 188 198 197 197 213 210 181 158 149 142 131 118 100 93 87 83 77 74 76 80 80 89 92 90 84 79 75 73 77 83 86 85 83 84 81 84 75 74 71 70 75 76 80 80 78 85 93 93 94 89 84 84 88 93 80 84 92 94 88 83 98 84 82 83 83 84 85 87 85 81 79 78 77
263 197 231 264 265 251 217 223 224 217 233 245 251 246 245 258 258 270 258 247 226 186 175 179 191 196 212 218 197 177 162 157 145 135 122 103 102 102 94 87 74 81 93 91 90 87 79 73 70 69 71 74 81 83 82 85 88 74 73 80 80 80 83 85 88 87 86 87 91 92 91 89 86 84 86 88 91 88 80 85 92 91 85 80 85 80 81 82 83 83 85 86 83 79 77 76
260 204 217 224 213 216 209 225 236 230 243 258 253 258 260 255 272 264 251 235 210 173 169 186 200 214 228 217 186 186 173 166 160 135 114 103 105 110 106 109 116 106 106 96 81 77 73 68 69 72 76 68 68 69 71 77 81 96 101 100 96 90 91 97 97 94 92 91 90 88 84 83 86 86 84 85 91 94 83 81 88 91 88 82 98 88 79 81 81 80 82 85 84 81 78 76
201 229 208 202 227 215 228 250 251 241 245 256 258 259 262 247 236 227 214 217 207 173 177 201 201 215 220 208 212 189 174 170 166 141 114 100 101 109 106 118 116 106 107 101 88 70 66 69 69 77 67 67 100 88 81 87 89 92 97 100 92 90 89 94 91 89 88 84 83 83 82 82 81 81 81 81 82 81 77 79 82 89 90 86 81 77 97 79 78 79 78 81 82 81 80 76
