examples/cougarCreek-fire/createInputs/WindNinja/wrfout_d3.2015081100.f23/cougarCreekFire_08-11-2015_2300_217m_non_neutral_stability_ang.asc
ncols	146
nrows	140
xllcorner	610065.000000
yllcorner	5095217.000000
cellsize	216.586807
NODATA_value	-9999.000000
[rows 50 to 99 of 140, columns 0 to 95 of 146]
208 195 197 218 231 253 254 251 250 250 256 259 257 255 234 218 218 206 203 213 204 184 183 181 182 187 158 200 186 186 168 170 164 140 120 100 98 106 106 109 115 106 105 104 98 92 90 91 96 104 101 98 99 98 96 90 84 87 94 96 92 92 90 88 90 83 81 78 77 76 76 77 77 80 81 77 72 70 74 78 77 82 88 89 86 82 78 76 76 85 78 75 78 79 79 77
202 205 209 230 248 249 246 246 248 251 256 256 251 241 211 206 208 201 207 212 195 184 182 158 178 185 209 143 181 177 168 170 161 138 122 105 102 109 107 106 105 103 101 105 96 91 89 88 86 99 97 97 81 95 78 73 85 86 87 92 92 91 92 89 87 84 88 85 84 84 86 89 84 86 85 87 87 89 76 84 74 76 82 88 88 86 83 79 76 75 89 77 71 76 76 76
194 201 207 241 242 240 243 243 242 248 248 237 214 209 199 197 200 203 208 203 190 193 184 122 178 114 113 133 206 169 165 164 155 137 118 108 108 113 107 105 101 99 98 101 106 98 96 92 91 88 90 87 84 82 79 81 82 83 87 87 87 90 90 82 90 87 87 87 85 86 76 88 88 75 75 76 77 77 77 75 80 74 76 79 83 85 85 84 81 78 75 73 73 73 74 75
187 191 233 234 234 230 229 230 235 244 227 202 210 208 206 199 192 209 207 198 194 185 178 155 205 117 222 184 171 161 154 161 155 136 114 106 105 100 96 92 93 92 93 97 101 97 95 92 92 92 90 89 86 89 88 97 90 87 84 86 86 87 81 82 81 79 78 78 76 76 79 79 77 76 76 76 88 80 78 77 76 76 92 76 76 79 82 84 83 81 79 77 75 73 73 74
173 189 224 221 208 208 223 232 233 233 200 200 202 207 217 209 193 220 214 199 139 133 175 173 180 178 175 168 166 160 146 162 154 140 103 109 116 111 97 97 97 91 86 88 92 94 94 92 92 92 92 93 92 91 96 91 85 83 85 86 85 78 80 81 82 82 81 78 76 76 79 80 79 77 76 76 76 77 77 78 79 78 77 77 76 77 78 79 80 81 81 80 77 74 73 73
163 186 207 200 196 204 224 228 206 201 195 192 198 203 216 208 185 212 160 146 176 176 174 173 184 171 166 168 167 159 149 161 152 140 118 96 127 127 116 109 105 103 86 81 84 87 91 92 93 93 92 93 94 94 93 95 88 80 80 79 78 78 80 80 81 82 82 79 77 77 78 79 79 78 77 77 77 77 77 79 80 79 90 77 75 76 76 77 78 79 79 78 78 77 75 73
170 180 197 197 202 215 225 203 187 188 189 195 190 191 211 184 171 165 136 173 174 169 169 171 171 168 170 163 165 152 149 160 150 139 118 112 128 127 112 109 105 104 94 82 76 80 83 89 95 98 96 93 92 93 92 88 83 81 81 80 79 79 79 79 79 79 78 78 78 78 77 76 76 76 77 78 78 78 79 80 80 85 79 77 75 84 74 75 75 75 75 75 76 76 76 75
162 168 191 184 188 186 216 179 185 184 180 202 172 167 189 176 171 212 162 159 171 165 169 134 168 166 167 159 159 150 156 158 150 146 108 106 131 121 105 111 107 105 105 89 79 75 76 80 89 97 101 98 92 89 88 84 82 81 81 81 81 81 80 80 79 77 76 76 77 76 75 74 73 74 76 77 77 78 79 73 77 78 80 80 78 77 76 76 95 95 73 73 73 73 74 75
155 161 168 173 174 219 182 175 175 173 212 198 162 158 222 192 164 133 133 138 171 168 121 120 167 166 117 160 154 149 159 156 150 148 111 103 124 119 109 114 109 105 105 98 89 75 69 76 77 81 93 97 87 86 84 82 82 82 82 81 81 81 81 81 80 79 79 77 76 75 73 73 74 75 76 77 66 69 73 72 75 75 76 78 78 79 79 88 76 76 75 74 73 73 74 73
149 155 162 164 164 194 166 168 167 201 206 158 204 150 144 139 144 133 133 131 171 143 123 136 164 126 118 159 153 156 156 154 149 144 121 107 113 117 112 119 113 108 108 102 102 103 93 79 76 73 74 77 81 82 82 82 83 83 83 82 81 80 81 80 80 79 75 77 76 75 74 75 76 76 65 71 81 80 73 71 74 74 74 74 75 76 77 77 76 76 75 74 73 73 74 73
144 151 157 157 189 158 160 161 199 207 154 152 148 144 141 145 212 132 132 131 162 161 162 162 135 125 156 157 157 156 154 151 149 143 127 113 110 114 117 117 115 108 105 109 103 102 99 102 98 77 71 72 71 79 80 80 81 82 82 81 80 81 81 75 76 77 75 75 75 75 76 77 67 68 80 79 75 75 81 82 79 76 76 76 75 75 75 74 75 75 75 74 74 73 74 73
141 146 151 151 153 154 155 156 154 152 149 147 145 147 145 145 140 132 131 135 144 162 165 137 131 126 122 157 156 155 151 150 147 139 125 117 108 112 118 116 113 108 107 108 105 107 105 103 102 82 75 75 77 79 79 79 72 74 74 72 72 72 74 74 78 76 74 74 75 76 67 71 80 79 75 76 80 84 83 84 89 84 86 84 84 85 85 83 73 73 73 74 74 74 73 73
141 144 146 147 149 150 151 150 148 147 145 154 150 157 206 177 133 133 131 138 144 161 157 159 132 128 157 155 153 152 151 150 146 140 121 120 115 112 118 118 116 109 111 111 107 107 105 96 95 84 79 79 79 106 78 79 86 79 93 83 72 70 72 72 70 67 75 66 66 69 73 76 74 71 74 81 85 86 85 82 88 88 83 85 73 83 84 84 73 73 73 73 73 74 74 75
142 142 143 143 145 145 146 146 144 152 153 158 155 199 196 142 132 132 137 151 158 157 153 160 136 132 155 152 152 151 152 149 146 136 119 120 120 116 118 119 116 107 107 113 106 103 102 106 103 84 80 80 79 105 80 80 104 79 97 100 76 76 75 71 66 68 67 92 98 79 76 77 75 74 79 83 86 83 85 85 88 73 88 88 72 80 80 81 73 72 72 72 72 72 72 72
143 142 142 142 143 143 143 143 149 154 200 206 186 168 152 136 133 134 141 149 134 139 155 158 155 155 154 149 150 149 149 149 141 130 121 121 121 119 119 118 116 106 106 111 111 104 103 91 89 102 83 81 81 81 81 80 79 87 78 97 77 85 76 91 92 90 93 96 73 96 82 79 92 92 81 83 80 81 80 80 84 88 73 73 73 73 72 85 73 73 72 72 72 73 72 72
142 142 142 142 143 143 143 149 154 196 191 188 179 149 138 135 134 137 145 143 124 141 155 154 153 135 127 146 148 148 147 143 140 128 121 121 125 121 121 123 117 110 105 105 108 104 105 103 91 90 86 80 80 80 106 80 79 78 78 99 78 78 76 96 91 91 92 92 97 103 89 87 91 93 80 78 70 66 66 70 71 72 75 76 76 78 73 73 74 73 72 72 73 72 72 72
142 141 140 140 141 139 146 184 189 191 183 174 165 147 135 130 131 141 127 137 124 122 121 120 159 134 126 119 144 146 148 134 132 128 121 121 133 120 119 131 117 110 100 104 96 95 95 93 91 108 89 85 78 102 80 80 79 78 78 78 91 77 100 102 101 94 83 96 90 89 87 79 86 90 90 77 62 66 69 73 73 73 73 71 68 67 72 73 73 73 72 73 73 73 72 72
143 142 140 149 144 143 170 183 185 181 171 166 159 147 134 129 132 144 127 153 141 139 121 120 156 134 126 120 145 147 139 130 128 129 127 126 135 119 123 129 117 113 97 91 92 99 105 105 101 107 106 85 86 80 105 81 79 77 77 79 78 92 93 76 102 97 97 72 72 86 83 85 88 90 93 96 71 71 70 71 70 70 71 72 72 71 77 75 71 72 74 74 74 74 75 73
143 141 140 157 155 159 160 157 168 168 158 145 144 132 136 129 133 159 142 139 140 152 119 144 152 116 113 120 148 139 139 128 127 135 134 127 134 123 125 131 119 125 90 89 88 89 89 101 90 102 102 80 80 81 81 105 79 77 76 102 89 91 86 98 87 85 84 73 72 91 81 79 77 78 85 96 97 89 71 71 75 67 65 71 76 81 72 75 72 73 74 74 74 74 74 75
140 139 137 156 155 160 161 162 164 164 155 151 153 131 135 128 133 130 153 124 141 150 147 148 152 114 113 120 145 136 143 129 124 129 135 136 136 125 125 131 129 124 112 89 89 89 89 89 88 87 87 81 80 80 81 81 108 79 76 81 84 77 77 89 94 91 89 73 72 71 89 82 82 77 81 84 89 71 66 70 70 70 70 71 72 72 72 71 73 74 74 73 75 74 73 73
139 137 134 153 151 156 158 161 162 162 158 155 148 133 131 127 131 128 152 122 121 149 137 150 133 114 117 139 140 144 145 136 123 127 136 134 134 123 125 128 130 127 116 91 89 90 100 99 87 85 81 81 80 102 80 80 81 81 78 75 82 75 76 77 77 85 86 91 73 72 97 90 87 88 87 87 86 70 75 70 67 69 65 60 60 70 70 70 71 62 71 72 73 73 73 73
141 137 133 133 149 154 156 152 159 158 158 157 129 144 125 127 130 125 151 120 138 149 116 133 115 114 120 141 139 145 144 130 105 103 136 136 125 123 126 133 130 114 113 109 88 87 90 97 88 87 85 80 87 101 100 79 80 81 80 77 74 97 74 75 75 75 75 78 89 73 72 96 86 86 86 87 88 86 85 82 70 70 84 87 60 61 61 63 74 70 62 63 66 71 71 73
141 136 132 132 149 154 156 150 157 154 157 155 157 141 120 127 128 123 137 119 118 117 115 132 114 121 124 137 141 144 141 126 121 135 138 133 122 108 132 127 122 116 100 119 93 87 90 98 88 81 84 80 97 105 79 79 79 79 80 79 76 74 99 80 77 73 74 73 73 76 73 90 85 79 80 86 87 89 87 88 83 82 86 92 69 87 86 89 89 68 89 81 77 76 74 71
138 135 132 132 147 152 154 148 153 152 153 153 154 123 123 125 127 121 118 118 117 116 115 148 114 120 142 143 142 119 138 124 121 133 129 133 108 114 132 127 128 116 101 123 106 87 98 92 90 80 86 79 97 79 101 79 78 78 79 79 78 75 84 97 92 90 81 84 80 80 81 82 83 82 83 86 88 87 88 89 84 81 83 90 93 91 87 87 90 70 69 87 81 77 70 70
136 135 133 132 148 154 154 153 150 151 153 153 125 145 120 123 126 121 118 118 118 116 115 132 115 124 143 143 123 141 130 123 126 117 130 134 108 115 133 131 129 115 115 125 95 89 89 91 92 91 79 96 96 79 79 97 78 78 78 78 78 76 75 100 92 89 92 93 89 93 98 92 90 69 86 84 87 87 88 90 87 82 81 85 89 92 88 80 82 91 71 69 87 78 69 70
135 135 134 149 149 150 150 153 151 154 148 153 148 145 120 124 126 122 119 146 118 117 116 116 128 130 145 122 143 136 133 124 140 114 133 123 108 120 132 132 129 113 113 100 96 106 83 95 82 95 79 79 100 79 79 100 99 77 77 78 78 77 75 85 94 81 88 82 81 95 70 70 95 86 69 86 86 89 88 88 88 81 75 77 84 89 89 85 77 79 90 71 70 86 68 68
136 135 134 150 149 151 151 148 154 152 129 127 126 145 122 126 127 122 151 119 118 117 116 116 133 147 146 144 136 140 136 128 141 134 131 109 108 123 112 129 122 113 112 115 98 95 101 83 82 95 80 79 79 79 79 93 98 77 77 77 77 77 76 75 97 91 92 92 80 88 99 91 86 92 89 99 86 89 90 84 86 81 74 76 81 87 86 85 81 74 71 81 72 70 69 68
136 135 134 150 151 152 152 150 153 152 130 146 128 126 124 127 126 122 120 119 118 117 117 134 132 147 147 143 141 142 135 136 135 135 123 108 99 123 111 131 105 105 104 104 98 95 106 83 82 95 80 80 79 79 79 93 98 77 77 77 99 77 77 75 89 95 95 94 88 83 92 96 100 96 70 70 71 94 91 87 85 85 83 81 84 69 86 79 81 76 71 71 79 72 70 69
137 136 135 151 152 134 153 156 154 153 151 152 127 126 125 126 125 122 120 119 118 117 117 126 133 147 145 144 143 142 140 134 138 133 114 99 98 114 130 129 106 105 105 105 104 101 98 100 81 95 95 80 79 78 78 78 97 98 97 76 78 78 77 75 74 96 93 93 85 71 72 72 95 96 71 71 100 92 82 85 90 89 85 82 81 69 70 84 83 84 81 76 70 71 72 71
137 136 135 151 153 134 153 152 153 153 150 150 149 124 125 126 124 122 120 119 118 117 146 116 116 147 145 144 142 143 136 129 131 133 113 99 98 114 131 130 105 104 105 105 104 102 99 96 102 81 95 80 79 78 78 92 79 96 103 77 77 78 78 76 74 89 84 84 83 71 71 72 72 86 93 93 71 71 81 84 88 91 88 84 82 70 70 69 69 69 69 83 79 70 71 73
137 136 135 150 153 134 133 153 153 153 152 153 148 124 126 126 124 122 120 119 118 117 125 115 131 146 145 108 142 128 140 133 132 133 113 98 97 114 113 128 106 105 103 105 104 102 100 93 95 82 82 81 79 78 79 80 78 91 92 77 77 77 78 95 75 73 91 82 84 80 81 82 72 72 85 92 72 72 90 82 83 93 70 69 69 70 71 70 69 70 70 69 69 78 70 71
138 136 135 148 135 134 133 154 152 152 151 151 150 124 126 126 123 122 121 120 118 140 116 115 128 133 110 108 127 135 127 134 134 134 113 110 111 132 131 94 92 90 105 102 101 102 101 82 89 81 81 80 78 79 81 93 90 76 90 91 76 76 77 77 95 74 89 88 87 81 83 90 82 72 73 74 73 74 90 84 80 71 71 70 69 70 71 71 71 70 70 70 69 78 68 69
138 137 136 150 135 134 133 155 150 150 151 128 149 125 126 125 123 122 120 119 149 133 114 114 127 144 110 108 137 130 127 139 134 129 113 109 113 115 113 93 92 91 106 102 99 101 102 83 110 94 79 79 79 81 95 93 91 94 92 89 99 75 75 76 76 76 74 95 89 93 82 84 91 80 73 79 90 74 73 87 81 70 71 71 70 69 69 71 72 71 71 70 68 69 69 67
138 137 136 136 135 134 133 156 149 150 154 128 151 125 148 124 123 121 120 149 146 123 114 113 127 111 109 107 137 120 141 138 119 117 115 112 130 95 110 92 92 107 90 103 87 86 85 112 97 95 92 78 80 97 102 93 77 91 92 90 90 99 88 74 75 75 74 90 91 92 88 87 92 92 84 82 85 98 97 89 90 70 71 73 72 71 70 70 70 71 70 70 69 70 68 67
138 137 136 136 135 134 133 156 151 153 130 128 146 126 125 124 146 121 119 148 129 115 114 112 112 141 108 128 127 119 138 136 101 99 131 96 131 94 110 91 92 93 91 88 87 86 85 85 97 81 94 80 97 94 92 78 78 78 93 77 92 91 90 90 87 88 92 90 98 91 89 81 94 93 90 90 90 92 93 73 71 70 70 71 73 72 72 70 69 69 69 70 70 72 70 69
139 138 137 136 135 135 133 155 153 158 130 154 139 142 125 124 122 148 149 144 124 114 113 111 111 140 137 134 126 104 130 134 99 99 133 130 129 113 92 91 92 93 90 87 86 86 85 85 83 82 81 82 82 80 79 79 79 79 78 78 77 92 75 90 95 94 99 73 90 97 94 80 82 96 96 93 91 91 74 74 73 72 71 71 71 93 71 71 71 70 69 69 70 70 70 71
139 138 137 136 135 135 134 132 157 131 129 149 128 150 125 123 149 145 144 134 114 113 112 133 109 139 107 135 125 129 129 119 131 99 133 123 130 130 92 92 104 90 88 87 86 85 85 85 84 82 81 82 81 79 79 79 79 79 79 78 78 77 76 76 98 96 100 92 91 91 91 89 87 90 94 72 94 72 72 72 72 80 73 72 71 71 71 71 71 81 70 70 70 69 69 69
139 138 137 136 136 135 134 133 132 131 129 140 128 150 151 153 149 138 143 128 113 112 111 110 139 138 106 136 103 135 101 121 99 99 98 97 95 94 130 126 89 87 86 87 86 85 85 85 84 83 82 81 81 80 79 79 79 79 79 78 77 77 77 76 92 99 101 92 92 73 73 96 90 87 88 87 87 91 93 86 71 78 72 72 71 71 71 70 70 69 70 70 69 69 69 67
139 138 137 137 136 135 159 133 132 131 129 141 127 141 150 152 149 141 144 114 113 111 110 109 140 106 105 104 103 102 129 135 129 98 97 131 95 94 129 92 89 86 86 87 87 86 85 84 83 82 82 81 99 80 80 80 79 79 79 78 78 77 77 77 101 98 92 100 100 100 73 98 93 88 72 72 73 74 74 85 72 71 72 73 71 71 71 71 70 69 69 70 70 68 68 68
139 138 137 136 136 135 158 133 132 131 128 149 127 127 150 153 148 138 137 114 112 111 110 141 107 106 105 104 103 102 101 126 131 97 97 96 94 93 128 91 89 87 87 87 87 86 85 84 83 82 81 81 100 101 80 80 79 79 78 78 78 78 77 101 91 97 97 99 97 97 98 99 98 96 88 85 86 72 72 73 72 72 71 71 71 71 71 71 70 69 69 70 69 69 69 77
140 138 137 136 135 135 134 133 132 130 128 149 127 126 149 154 147 141 139 113 112 111 110 108 107 106 105 104 130 133 132 134 131 96 96 95 94 93 92 90 89 88 87 87 86 85 84 84 83 83 82 81 81 101 80 80 79 79 78 78 78 102 77 102 101 98 95 96 94 93 93 97 72 72 96 92 89 90 85 71 71 70 70 71 71 71 71 71 70 70 70 88 84 85 84 84
140 138 137 136 136 135 134 133 132 130 159 147 126 141 149 152 147 117 115 113 112 110 141 108 107 105 136 136 134 133 135 131 129 95 94 93 93 92 91 90 89 88 87 86 117 84 84 83 83 82 82 81 81 98 80 80 79 79 78 78 77 101 101 99 101 75 98 95 89 89 74 91 73 73 73 90 91 72 91 85 84 84 82 70 70 70 70 70 70 70 70 71 70 88 70 70
140 138 137 137 135 135 133 132 131 130 157 146 138 147 147 148 146 140 114 113 111 110 143 108 106 105 135 131 134 132 127 98 97 95 93 92 127 91 115 107 89 88 96 86 86 85 84 83 83 82 82 81 81 95 95 80 80 79 78 78 78 77 99 97 101 76 75 98 92 90 73 91 73 73 95 92 90 90 88 84 83 85 72 89 71 85 84 83 70 71 71 71 69 68 71 70
140 138 137 137 135 134 133 131 130 129 127 149 125 149 122 147 148 143 114 113 112 110 143 107 106 136 130 131 130 134 123 97 95 94 93 119 91 90 89 90 90 88 87 86 86 85 84 83 82 82 81 81 80 96 95 99 79 100 78 78 78 78 97 93 96 77 76 98 94 90 87 94 73 73 95 92 90 72 81 77 71 71 81 72 72 90 72 91 77 70 82 83 72 69 72 71
140 137 136 142 135 134 133 131 129 128 127 126 149 123 122 120 148 145 114 112 111 110 108 141 105 135 131 135 130 130 130 119 128 127 119 92 91 90 90 90 90 89 88 86 84 84 84 83 82 82 81 81 80 80 93 95 95 93 98 78 78 78 97 88 77 92 98 75 94 91 88 94 74 73 94 96 96 91 82 82 82 81 71 78 80 83 82 72 89 88 71 69 69 70 72 71
139 137 136 135 135 134 133 131 129 128 127 126 124 145 121 145 147 147 138 112 110 109 107 106 104 103 135 127 99 98 96 129 129 119 92 91 91 90 90 107 88 87 87 85 84 83 83 83 82 82 81 81 80 80 88 85 88 90 91 97 78 78 93 86 77 81 86 92 91 91 87 90 98 97 96 72 72 71 84 81 81 81 71 71 71 80 71 72 72 71 71 70 69 68 69 70
138 136 136 135 135 133 133 131 129 128 126 126 124 146 143 143 149 149 139 111 109 144 107 106 104 136 132 127 133 127 96 130 94 93 92 92 91 90 103 89 87 87 86 85 84 83 83 82 82 81 81 81 80 80 80 80 80 80 80 79 93 96 92 93 90 84 76 85 87 87 87 90 90 91 94 97 72 72 95 71 75 74 73 76 72 72 87 71 80 70 71 70 80 67 68 68
137 136 135 135 133 134 132 131 129 127 126 125 123 148 120 119 149 146 138 110 109 107 107 106 104 133 129 134 98 97 96 95 94 93 92 91 91 90 89 88 88 87 86 84 84 83 82 82 81 81 80 80 80 80 80 80 80 80 79 79 79 92 94 93 90 76 76 75 75 75 75 75 74 87 90 94 73 72 71 90 70 73 70 71 70 72 90 71 70 72 71 78 70 70 68 68
135 135 135 135 134 131 132 131 130 128 126 125 123 145 120 119 145 142 138 111 109 108 107 106 104 131 132 99 98 97 95 129 93 92 122 116 117 108 110 110 86 87 86 85 83 83 82 81 81 80 80 80 79 79 79 79 79 79 79 79 79 78 78 77 84 76 75 75 75 75 75 74 74 88 88 90 96 72 71 94 71 71 71 71 70 71 72 68 70 70 69 70 70 67 69 67
136 134 135 135 134 131 132 131 130 128 127 125 123 122 120 118 117 115 113 111 109 107 106 104 135 134 100 99 132 133 95 94 93 122 117 115 113 120 115 94 86 87 86 84 83 82 81 80 80 80 81 80 79 79 79 79 79 78 78 78 78 78 78 77 77 76 75 75 75 75 82 85 86 73 86 87 92 72 72 72 90 87 71 87 87 71 71 72 69 71 67 67 70 70 69 67
