examples/cougarCreek-fire/createInputs/WindNinja/wrfout_d3.2015081012.f18/cougarCreekFire_08-11-2015_0600_217m_non_neutral_stability_vel.asc
ncols	146
nrows	140
xllcorner	610065.000000
yllcorner	5095217.000000
cellsize	216.586807
NODATA_value	-9999.000000
[rows 70 to 104 of 140, columns 0 to 78 of 146]
10.38 7.77 9.71 15.18 15.01 12.53 10.96 9.68 8.30 11.43 6.72 7.29 8.10 8.12 6.92 4.54 11.08 15.41 17.49 17.33 17.23 17.43 14.83 14.63 12.18 3.04 1.42 9.55 18.06 18.92 17.79 17.11 18.06 19.17 21.14 18.60 19.23 22.06 21.82 12.51 10.00 10.26 10.14 9.33 9.47 11.26 25.81 24.04 25.38 21.34 21.59 29.53 28.84 24.09 24.78 21.11 19.88 11.11 11.64 12.27 10.91 9.47 9.20 9.96 10.61 10.68 10.02 14.63 9.78 10.35 8.77 6.12 8.89 8.11 8.11 7.80 7.54 4.20 2.77
8.02 7.81 13.83 15.61 15.06 11.48 9.56 12.14 11.32 11.02 11.55 12.84 14.07 13.18 8.28 4.00 12.32 15.47 16.76 16.98 16.25 16.26 12.16 10.58 5.03 3.36 6.84 13.11 17.49 16.62 17.23 18.37 17.23 19.28 18.79 18.66 18.72 20.01 20.02 8.82 12.18 20.17 8.21 21.91 8.40 10.43 11.81 24.93 26.70 26.41 22.01 21.50 26.08 24.68 26.92 24.87 20.10 18.37 9.56 10.59 10.88 9.96 8.93 8.59 8.82 8.98 8.79 8.23 14.34 9.75 9.76 8.08 10.43 9.78 9.66 8.59 6.65 5.93 3.96
9.82 13.21 19.64 19.02 15.48 11.81 9.89 12.51 11.47 10.74 11.59 12.72 8.53 12.00 10.65 4.75 13.34 14.23 16.56 17.11 18.44 12.89 11.03 11.80 4.49 1.79 8.21 15.49 16.64 15.69 17.36 18.06 16.95 21.20 16.74 17.86 19.45 22.20 18.09 7.92 11.73 21.84 7.62 8.33 8.21 9.24 24.35 12.43 18.12 17.13 19.22 20.02 25.26 18.78 24.10 27.99 20.86 13.17 15.87 8.50 10.74 11.25 10.02 9.13 8.70 8.44 8.14 7.78 7.74 8.27 12.95 11.42 11.51 10.66 10.10 4.10 5.29 4.24 3.16
14.55 18.94 22.57 21.16 15.25 11.92 10.06 13.31 11.91 11.23 10.91 11.99 6.31 11.03 11.85 6.27 14.60 13.92 16.26 17.22 16.61 12.37 8.92 10.18 3.81 0.85 15.02 16.64 9.53 15.74 17.99 16.76 16.36 18.82 9.19 16.37 18.60 19.70 18.04 7.61 11.58 22.60 7.91 8.36 16.54 7.99 10.02 24.02 23.23 24.52 17.30 19.75 24.32 15.71 21.11 21.36 22.23 14.78 10.72 8.49 10.21 12.26 12.18 11.30 10.65 10.00 9.34 8.78 8.83 8.82 13.25 12.60 11.24 9.93 9.74 9.35 5.38 5.12 3.74
18.60 20.07 22.26 20.03 14.43 11.45 14.27 12.99 11.70 11.29 10.93 11.12 11.23 9.26 10.42 6.11 14.95 14.81 12.59 17.89 13.52 5.92 11.06 11.20 4.22 1.54 13.80 9.92 8.74 15.53 17.70 16.62 20.29 9.32 8.75 16.62 19.81 20.38 18.57 7.84 7.17 19.77 20.27 7.50 7.35 7.03 7.91 21.52 24.06 18.34 24.52 24.42 23.65 16.31 16.43 23.05 20.70 15.44 12.96 10.38 9.85 12.16 13.53 13.10 12.34 11.76 11.25 13.55 14.11 12.26 10.04 11.00 10.02 9.53 9.91 9.37 6.09 5.33 3.86
23.05 21.39 23.26 19.39 17.13 14.72 13.36 12.34 12.02 12.38 11.31 4.03 10.34 7.26 7.87 4.10 15.38 8.87 8.84 16.86 12.75 5.88 10.25 5.72 4.34 13.43 14.50 15.82 17.29 17.73 17.08 18.35 15.80 7.68 16.09 17.62 17.32 21.90 18.14 10.48 6.86 21.52 19.37 6.87 6.72 19.96 6.65 7.75 24.09 15.25 24.11 22.68 21.36 16.09 15.82 17.39 23.54 25.12 20.92 23.72 10.36 11.82 14.26 14.70 13.42 12.51 11.97 11.87 14.96 13.89 10.77 10.89 11.21 10.84 9.35 9.21 7.90 4.97 4.63
23.03 22.24 21.69 19.87 16.70 14.28 12.66 12.22 12.74 5.33 5.72 5.85 4.82 12.06 6.47 2.57 17.41 12.75 13.45 13.94 13.48 6.30 6.67 4.63 11.32 14.19 14.38 16.28 16.45 17.37 16.90 19.02 10.88 9.58 16.03 9.40 19.97 18.92 18.29 10.44 9.95 20.30 22.33 10.41 6.58 6.30 19.73 12.65 22.53 19.11 21.11 21.48 21.49 14.91 15.59 15.63 21.99 25.54 21.46 20.32 10.63 12.58 14.99 15.98 15.17 14.07 13.10 13.93 12.44 14.94 12.33 11.67 11.74 11.55 8.64 5.73 9.01 5.65 4.10
24.62 22.91 21.60 19.08 15.80 13.90 12.16 12.75 16.08 5.41 5.93 7.31 7.05 11.14 6.50 3.24 16.42 13.03 13.93 14.47 12.68 7.94 5.24 9.55 15.54 13.14 13.33 16.33 18.10 17.23 16.12 19.03 10.14 16.75 17.43 9.92 19.84 20.27 17.11 9.51 17.30 20.79 20.84 11.12 6.97 6.54 19.70 5.64 19.84 18.29 17.61 19.83 18.42 13.88 14.77 14.78 21.44 19.71 15.28 14.84 21.82 14.18 15.23 15.89 16.21 16.11 14.46 13.74 15.02 15.10 14.50 12.40 10.90 11.48 8.05 9.40 6.80 6.80 7.46
24.02 22.36 20.36 17.72 14.93 12.09 14.53 12.67 11.07 4.44 4.10 6.63 8.49 11.15 5.99 4.36 15.70 12.29 14.51 13.21 6.27 3.03 5.48 2.79 4.87 14.80 14.80 15.70 17.19 16.43 9.09 16.40 16.12 17.11 19.82 2.27 19.39 19.47 9.79 7.35 18.26 21.57 18.72 11.76 11.07 6.17 11.33 20.01 18.12 19.03 16.12 19.67 19.31 11.68 11.92 13.42 21.32 21.88 19.81 20.44 20.79 12.31 15.13 15.05 15.85 16.27 14.59 14.81 12.06 10.90 9.92 14.86 14.17 12.67 7.74 9.54 8.71 8.18 7.52
23.05 21.60 19.46 16.90 14.99 16.72 13.52 11.15 13.02 2.58 8.23 3.49 14.40 8.12 4.31 13.45 9.11 4.50 12.23 3.22 2.77 2.74 10.99 3.25 5.18 15.86 15.06 14.51 16.13 14.82 14.25 14.80 18.67 17.08 21.06 10.85 4.31 19.25 7.88 7.10 14.91 21.63 20.50 11.53 6.14 15.98 10.66 10.38 19.97 18.74 16.92 19.43 20.24 9.51 11.47 12.10 11.97 22.18 15.28 19.70 14.45 21.49 13.73 11.25 14.68 15.24 14.20 12.79 11.70 10.66 9.65 9.42 9.57 13.40 9.42 6.43 8.84 7.93 7.16
22.54 20.14 18.46 17.63 15.76 11.15 7.93 14.09 11.34 6.96 1.41 18.37 5.47 7.04 3.29 13.37 4.51 4.11 3.80 3.28 2.88 12.62 2.46 3.79 5.42 15.83 14.62 11.75 14.62 15.12 13.61 16.44 20.40 16.53 18.27 11.72 12.68 18.59 6.39 8.38 18.61 15.73 20.72 19.80 9.65 9.01 10.85 3.70 3.71 4.23 19.86 15.93 21.40 8.78 10.61 10.54 9.96 10.14 9.77 13.32 13.36 14.08 14.49 22.17 13.35 14.49 14.18 13.10 12.39 11.59 10.71 9.88 9.45 8.95 13.38 12.08 8.19 7.77 5.49
23.34 18.62 18.26 10.78 16.40 10.53 9.22 7.58 11.29 12.02 0.74 1.36 3.41 4.53 3.18 10.18 4.12 3.53 3.63 3.65 12.08 9.43 2.41 4.09 5.33 17.81 12.46 7.14 13.24 16.96 12.86 15.30 16.62 17.60 17.79 18.67 18.90 9.19 7.07 15.42 17.99 8.94 18.43 19.48 20.75 15.05 9.88 4.23 3.72 3.68 3.85 17.12 21.84 8.42 10.19 9.72 8.83 8.99 10.49 11.63 11.97 12.96 13.80 13.38 12.89 13.76 13.95 13.31 13.15 12.79 12.09 13.63 10.06 9.13 8.24 7.63 7.39 7.88 8.04
23.27 18.77 18.65 17.54 18.24 10.58 10.01 4.51 9.79 9.59 1.45 0.47 2.41 2.04 2.64 9.98 3.77 3.14 3.13 14.34 13.07 1.05 2.79 4.28 4.97 17.73 6.65 3.28 15.03 15.62 14.00 8.50 14.91 17.35 19.83 15.37 19.10 6.51 6.88 17.38 13.65 8.83 8.33 16.63 17.68 18.67 8.58 4.53 2.92 15.77 9.35 2.25 5.01 8.67 9.61 8.86 8.54 8.80 9.62 10.62 17.10 11.93 12.52 12.57 12.62 13.26 13.88 16.09 13.05 14.39 13.01 12.19 8.98 9.89 9.00 8.23 13.19 8.47 7.48
20.82 18.54 19.60 18.13 14.84 12.45 8.99 4.34 11.06 10.89 2.16 0.86 1.23 1.66 12.71 3.94 4.03 3.42 2.71 16.51 13.34 1.84 3.44 4.25 17.29 13.51 6.58 8.24 15.01 10.50 12.09 8.08 15.84 16.99 16.07 19.55 8.81 6.56 14.86 15.81 6.66 15.29 16.14 16.90 18.78 18.86 13.67 5.11 3.25 13.27 18.55 20.05 6.10 8.26 8.27 7.98 8.33 10.12 10.77 10.06 10.50 14.13 11.75 11.78 11.46 18.36 13.59 10.64 12.83 12.91 13.13 12.71 9.24 8.49 13.02 9.83 12.70 8.48 8.48
23.59 18.86 21.04 19.77 14.72 14.34 6.62 4.69 14.32 8.45 2.35 1.99 11.66 3.39 4.72 4.84 4.27 3.12 13.02 13.36 1.87 2.96 4.22 4.51 5.20 13.56 10.66 11.55 12.74 9.26 14.54 8.88 15.80 16.02 16.06 16.07 9.22 9.09 17.13 0.86 1.53 3.54 14.93 18.37 16.43 19.77 15.66 5.62 3.66 7.96 18.70 3.92 6.39 6.79 7.43 7.95 8.33 8.92 9.49 9.87 10.35 11.13 11.87 13.33 11.64 11.81 10.43 9.99 11.89 12.91 12.99 12.54 14.25 9.11 12.96 13.35 12.62 11.81 10.24
24.84 20.87 21.34 17.63 16.51 15.43 12.79 11.49 15.97 3.50 3.00 2.72 3.22 14.83 12.19 4.47 15.12 16.10 15.22 13.70 2.02 3.33 4.71 4.96 11.29 12.03 10.42 10.58 13.06 7.61 15.00 11.34 15.21 16.97 13.97 8.98 9.05 10.37 9.48 3.13 1.96 1.96 3.71 10.60 13.96 17.33 9.97 5.41 3.96 2.47 15.67 9.95 5.41 6.48 7.34 8.01 8.83 9.27 9.70 10.03 10.59 10.76 11.99 13.15 20.54 19.43 13.28 10.69 9.91 13.02 14.02 12.71 17.28 13.19 14.32 13.04 11.86 11.37 12.92
25.82 22.91 20.16 17.27 20.44 17.50 14.45 14.77 13.75 4.42 3.61 2.63 3.18 15.88 16.04 14.88 14.08 16.08 0.99 1.63 2.37 3.45 4.65 4.91 15.27 6.87 10.08 9.84 11.59 12.52 14.88 6.00 12.29 10.85 13.99 7.47 11.69 12.69 2.26 2.23 2.14 0.38 3.05 8.89 14.03 16.31 15.26 5.43 4.58 3.66 12.49 13.73 17.39 7.40 7.44 7.77 8.60 7.36 10.17 10.52 10.80 11.24 12.11 12.91 14.55 19.54 13.06 11.81 10.68 10.68 14.01 19.38 18.53 14.53 13.08 13.03 11.36 8.48 11.73
27.44 22.24 19.38 19.72 21.82 17.09 8.54 7.51 6.55 5.61 4.42 2.91 2.49 17.59 15.77 15.90 15.05 13.45 1.58 1.55 2.32 3.52 4.36 9.35 12.64 10.53 10.03 9.80 11.40 13.05 8.30 5.06 12.73 3.98 15.24 9.73 12.99 10.67 6.75 1.13 1.29 0.44 2.32 8.95 7.03 15.39 12.72 5.37 4.66 4.63 9.31 13.78 8.05 7.85 8.19 8.37 8.63 9.30 10.26 8.26 10.41 9.51 12.34 12.57 13.37 10.93 11.29 11.93 11.43 9.89 8.35 11.50 13.41 12.46 11.67 12.46 12.72 12.49 9.60
27.51 21.19 19.99 23.52 22.29 21.76 16.99 16.17 7.42 6.52 5.22 3.88 2.91 12.68 18.56 14.96 15.43 1.47 0.99 0.97 2.21 3.23 3.75 16.02 12.38 9.58 7.46 7.61 10.71 9.62 7.99 8.76 13.71 3.22 11.90 10.05 12.60 11.91 5.30 4.46 3.61 3.03 3.11 8.52 4.10 9.87 10.85 9.07 4.11 6.13 5.75 11.63 6.71 15.80 4.17 9.32 7.44 7.12 10.47 8.60 9.01 9.23 10.60 13.04 13.46 17.41 13.33 13.07 13.00 11.69 9.66 10.35 13.08 18.20 11.84 10.16 9.59 9.77 10.19
22.44 20.40 24.80 24.79 21.01 20.83 18.60 16.76 7.03 6.45 5.43 13.44 3.87 3.47 18.96 14.12 16.28 0.37 0.19 1.04 2.47 3.21 3.04 14.13 9.21 5.16 4.66 2.35 9.61 8.47 4.54 9.40 12.49 2.18 3.49 13.30 11.86 11.57 6.09 5.66 5.75 13.25 5.23 9.98 2.96 11.05 12.94 6.55 2.61 3.30 3.65 9.62 6.51 7.31 5.04 9.42 5.91 6.59 5.95 8.04 10.99 8.66 9.99 12.78 15.02 15.94 17.82 15.01 16.89 15.80 12.02 10.01 8.38 9.48 12.51 16.79 13.37 12.34 9.64
21.93 20.02 24.80 24.70 20.23 20.24 18.70 16.63 6.77 6.32 5.74 15.24 5.00 4.26 20.20 4.95 17.18 1.06 1.02 1.41 2.58 3.57 17.09 9.40 5.10 5.13 5.22 8.68 8.52 9.04 9.31 10.61 12.84 9.20 2.66 11.88 8.30 9.63 6.42 6.03 5.57 2.60 6.15 6.99 4.19 9.21 13.51 3.48 7.63 7.13 3.20 5.98 6.56 7.07 8.25 4.05 9.39 6.26 10.12 10.80 10.76 14.12 12.68 11.33 11.91 14.13 19.61 18.20 20.67 20.83 20.30 11.16 13.76 13.66 12.71 11.12 10.87 8.95 12.72
20.80 19.34 23.42 23.45 19.62 19.07 18.26 18.45 6.34 6.13 5.99 5.35 4.79 4.47 4.27 17.03 16.26 0.61 1.38 1.92 2.70 3.42 13.69 8.81 4.92 5.07 8.68 9.76 9.87 6.88 9.17 11.59 10.19 11.45 8.09 12.95 7.25 9.32 6.68 6.43 3.05 6.66 7.05 9.46 6.69 10.80 1.61 6.80 6.96 6.83 6.75 6.70 11.24 10.25 8.40 4.62 3.71 6.36 6.53 10.75 8.94 9.85 12.84 12.02 12.45 11.73 15.03 13.23 16.08 17.50 17.28 18.80 13.10 13.93 7.93 9.86 10.39 8.15 7.85
25.10 20.54 23.07 24.26 23.73 22.20 18.07 16.84 17.66 4.27 4.06 17.89 3.49 17.64 2.09 18.80 1.64 14.91 1.40 1.86 2.41 10.30 12.09 5.64 4.56 4.90 10.35 10.67 7.87 8.28 11.70 11.47 13.30 14.35 11.35 10.88 8.15 2.83 5.21 6.38 3.29 8.57 6.17 5.40 5.66 1.29 1.92 2.53 6.77 6.96 7.24 7.30 9.97 8.39 9.31 11.45 5.70 7.42 6.35 5.16 6.79 10.14 10.63 12.60 14.85 11.96 11.50 15.91 14.77 16.72 16.56 17.91 12.95 13.51 9.80 11.49 15.31 14.12 14.40
25.44 14.48 13.39 12.04 21.49 21.76 17.00 4.86 16.55 2.50 19.27 16.67 1.82 16.91 14.35 16.20 15.83 8.86 1.34 1.42 1.91 9.99 8.81 9.70 4.69 4.77 10.28 9.86 9.71 7.58 9.02 8.26 13.28 12.54 9.39 1.93 5.25 5.05 4.74 5.08 5.53 5.47 4.83 3.99 3.94 2.09 2.46 6.55 6.71 7.10 8.03 4.04 7.56 8.77 8.88 9.12 9.05 13.24 7.49 5.92 5.86 7.48 11.87 14.77 14.62 12.05 11.96 11.04 18.33 16.75 17.03 16.86 13.01 13.07 9.69 11.98 12.17 12.38 10.09
15.88 15.19 14.24 12.61 25.32 22.40 17.50 5.37 4.23 2.84 2.28 17.58 16.20 13.62 14.00 14.96 13.41 13.07 1.68 1.58 2.43 6.92 10.92 9.97 5.39 4.74 9.83 9.83 9.86 12.21 11.05 10.54 11.77 7.34 5.04 4.74 4.35 4.20 3.56 3.49 3.74 4.27 4.68 4.51 4.16 4.44 5.22 5.95 6.38 6.79 7.65 2.30 6.69 8.50 8.56 8.68 11.43 9.64 11.29 8.16 6.08 9.36 15.41 11.21 11.43 16.75 16.97 14.87 19.20 16.49 17.57 17.35 12.77 9.17 9.99 5.48 9.76 8.48 13.26
22.09 14.26 25.38 11.73 24.13 20.98 7.27 16.32 5.05 12.82 17.24 15.97 14.46 13.25 13.25 13.75 16.11 13.79 1.75 1.87 3.15 13.85 10.01 6.19 5.69 5.17 10.22 8.34 5.25 9.72 6.50 10.48 7.58 4.27 4.89 4.64 4.24 3.85 3.19 3.06 3.16 3.86 4.35 4.30 3.93 3.77 4.14 4.92 5.61 6.04 6.37 6.61 6.79 7.43 8.18 8.57 8.71 9.01 9.57 10.26 9.75 9.89 13.94 10.46 10.57 10.65 11.05 15.57 16.13 16.66 17.01 16.20 10.65 11.12 10.47 7.70 9.09 8.39 8.03
13.26 12.18 25.83 22.94 22.77 21.63 7.46 17.07 15.92 18.32 13.82 17.97 15.76 12.76 13.80 12.34 16.59 13.83 1.70 1.25 1.72 11.49 5.12 5.82 5.75 5.14 12.25 9.69 12.17 6.41 4.46 6.66 5.64 5.26 4.86 4.45 3.97 3.45 3.27 3.63 3.74 3.93 3.96 3.76 3.46 3.24 3.42 3.94 4.49 4.84 5.05 5.23 5.62 6.40 7.16 7.62 8.04 8.54 9.04 9.38 13.54 10.68 9.85 9.98 13.60 9.98 9.70 9.71 10.23 17.40 17.38 15.90 13.71 16.22 14.56 7.64 8.69 8.24 7.72
14.29 13.12 25.72 23.94 21.26 20.97 19.84 7.05 18.18 21.93 5.03 17.95 15.99 16.16 1.22 15.73 13.76 14.17 1.96 12.40 0.76 2.66 4.22 5.38 5.87 11.33 4.78 12.39 4.96 5.62 5.22 4.81 5.08 5.08 4.85 4.29 3.55 2.70 2.33 3.02 3.44 3.76 3.79 3.48 3.04 2.83 2.91 3.05 3.40 3.85 4.20 4.54 4.98 5.50 6.03 6.54 7.04 7.61 8.22 8.55 8.76 9.22 9.58 9.67 9.62 9.57 9.54 9.53 9.59 9.65 9.69 9.69 9.55 15.23 11.45 11.61 7.65 8.32 8.02
15.94 15.41 13.86 24.46 24.71 9.66 18.93 8.07 7.30 6.37 20.32 16.80 16.11 14.97 2.37 2.12 17.78 11.82 11.89 14.07 2.39 3.29 3.69 3.93 9.70 12.10 11.31 5.84 7.96 8.24 4.90 5.44 5.19 5.03 4.95 4.36 3.40 2.43 1.63 2.34 2.74 3.15 3.54 3.55 2.90 2.35 2.31 2.39 2.62 3.11 3.67 4.04 4.27 4.55 4.93 5.45 6.05 6.67 7.29 7.77 8.09 8.48 8.82 8.97 9.03 8.95 8.86 8.94 8.95 19.50 9.02 9.11 9.06 16.82 15.63 17.71 10.06 8.83 8.46
13.87 25.37 13.21 24.92 24.20 10.45 21.30 7.99 7.17 23.02 23.67 6.22 17.48 16.79 4.39 14.01 16.17 15.99 13.77 3.55 3.64 10.31 3.03 2.62 2.96 12.63 8.71 8.50 11.08 9.78 5.17 7.39 5.80 5.25 4.96 4.40 3.31 2.28 1.71 2.56 2.85 2.24 2.78 3.16 2.70 1.90 1.63 1.58 1.82 2.57 3.23 3.60 3.58 3.64 3.93 4.39 4.99 5.66 6.33 6.91 7.34 7.74 7.96 8.10 8.32 8.37 8.28 8.38 8.63 8.73 8.94 9.00 16.08 15.86 15.66 14.67 13.85 9.07 8.25
11.01 24.45 9.61 27.07 10.89 17.95 22.69 17.60 23.47 6.41 6.41 6.72 17.08 6.67 13.92 4.00 13.57 12.92 13.52 3.97 3.42 2.76 1.94 17.15 12.08 9.39 7.77 11.13 12.54 9.32 6.81 6.54 6.32 5.67 5.07 4.42 3.24 1.82 0.40 1.66 2.36 0.17 1.59 2.10 1.94 1.05 0.66 0.70 1.38 2.55 2.77 2.81 2.98 3.14 3.28 3.50 3.92 4.56 5.29 5.99 6.50 6.95 7.19 16.31 7.42 7.65 7.73 7.86 8.13 8.39 8.68 8.70 8.46 8.27 7.89 15.11 13.71 12.38 7.26
13.29 11.11 8.04 25.56 9.43 22.35 25.61 9.30 7.56 24.38 3.82 19.80 14.67 17.68 17.28 16.26 13.02 12.10 12.12 15.58 3.83 2.82 1.58 1.78 3.23 4.22 10.14 12.35 12.72 7.72 7.45 6.83 6.44 5.96 5.35 4.72 3.85 3.01 3.03 4.03 4.72 2.93 1.75 1.78 1.63 0.69 0.08 0.45 1.57 3.02 3.11 2.34 2.40 2.75 3.03 3.30 3.57 4.00 4.56 5.15 5.71 6.26 6.68 6.83 6.92 7.03 7.12 7.28 7.38 7.41 7.66 7.83 17.16 17.51 17.89 16.78 15.27 14.57 13.81
14.75 14.30 11.85 7.88 9.33 20.93 9.49 22.21 19.34 24.62 3.62 20.86 20.03 18.85 17.14 11.68 2.79 14.32 13.19 12.07 3.98 12.49 8.88 2.76 3.62 3.84 10.48 12.82 9.58 7.70 7.78 6.82 6.22 6.02 5.68 5.38 4.95 4.25 3.10 2.64 4.18 3.40 1.71 1.23 1.02 0.46 0.30 0.51 1.56 3.13 3.67 2.45 1.85 2.47 3.01 3.48 3.79 4.05 4.35 4.69 5.14 5.62 6.13 6.52 6.60 6.47 16.96 16.91 16.36 18.22 18.54 19.03 19.08 18.23 15.69 14.81 14.74 13.86 13.76
14.61 15.32 15.50 11.66 24.40 8.00 24.54 22.78 21.23 8.84 6.87 16.97 3.64 16.77 20.05 13.35 3.25 13.93 3.37 11.25 14.25 3.41 9.23 1.88 11.38 10.02 10.72 12.41 6.70 7.54 8.61 7.81 6.28 6.03 5.85 5.87 5.73 4.96 3.39 1.85 2.09 2.01 0.95 0.53 0.39 0.65 0.75 0.65 1.17 2.74 4.00 3.48 2.20 2.25 2.89 3.44 3.84 4.03 4.18 4.39 4.73 5.03 13.67 5.74 5.95 15.07 16.59 16.21 15.66 16.58 17.32 17.90 17.16 17.72 16.78 14.99 14.15 15.79 11.99
13.34 13.06 13.54 12.23 8.18 21.86 6.26 18.98 24.82 8.97 9.24 8.48 17.67 20.42 6.15 15.03 14.26 14.81 3.78 16.09 3.82 10.15 8.87 3.80 12.71 9.54 11.38 14.20 9.18 8.38 13.46 9.16 6.79 6.21 5.84 5.73 5.79 5.53 4.72 3.64 2.60 1.67 0.54 0.12 0.11 0.31 0.33 0.26 0.89 2.24 3.60 4.00 3.50 2.69 2.55 3.05 3.59 3.89 3.95 4.04 4.38 4.77 5.01 5.33 5.42 15.51 15.95 15.60 5.99 5.71 16.44 16.57 16.48 15.85 16.27 15.99 14.00 13.64 13.42
