examples/cougarCreek-fire/createInputs/WindNinja/wrfout_d3.2015081012.f18/cougarCreekFire_08-11-2015_0600_217m_non_neutral_stability_vel.asc
ncols	146
nrows	140
xllcorner	610065.000000
yllcorner	5095217.000000
cellsize	216.586807
NODATA_value	-9999.000000
[rows 35 to 69 of 140, columns 0 to 78 of 146]
15.53 14.11 15.23 12.96 6.74 3.65 11.98 13.25 13.06 14.40 15.63 17.18 19.26 19.92 18.44 7.66 6.13 5.46 5.62 14.68 19.79 22.41 23.91 30.62 28.73 28.10 29.42 34.67 43.92 48.42 42.32 33.48 21.14 17.05 19.54 19.34 17.00 16.84 17.80 20.66 23.20 23.88 25.94 27.52 26.98 29.04 31.90 33.05 31.70 23.23 24.90 26.63 28.87 29.08 28.18 27.69 26.77 26.29 27.07 34.04 31.16 28.88 20.57 19.01 15.81 14.77 13.10 11.52 9.98 8.93 9.18 9.80 10.74 9.11 12.16 12.14 12.86 13.41 14.00
11.16 12.63 12.93 12.37 7.34 6.42 2.78 12.00 12.33 14.84 17.06 17.87 20.07 22.92 20.27 17.09 16.63 19.23 20.08 19.84 19.28 20.57 24.98 26.59 27.41 23.32 24.57 34.36 44.34 45.53 37.74 30.77 22.01 21.89 24.84 24.95 21.67 8.61 8.17 10.31 12.67 14.88 18.41 27.68 28.90 30.89 31.84 33.07 36.52 25.91 27.11 27.80 30.40 31.20 30.31 29.70 28.06 26.97 26.88 25.85 23.70 22.31 20.85 25.56 18.57 14.08 12.30 10.54 9.22 11.14 9.03 9.54 9.53 8.59 7.50 7.59 8.44 9.28 10.75
14.34 13.45 10.99 11.24 13.16 9.86 9.53 11.13 12.06 12.53 14.66 17.95 21.17 23.09 17.75 14.52 15.11 13.67 12.44 11.45 12.04 14.99 20.26 23.70 21.93 18.75 24.15 35.97 44.77 42.12 33.78 23.95 19.04 19.16 25.61 27.79 28.22 28.84 27.97 26.79 16.97 25.19 18.86 21.63 24.03 18.77 20.52 30.06 36.51 37.20 38.32 29.55 30.93 34.39 31.28 31.02 28.39 26.57 25.62 24.04 20.56 18.47 16.53 14.80 13.08 10.90 8.69 6.91 5.72 5.87 6.69 7.52 12.68 9.30 9.35 9.69 9.83 9.85 10.30
3.57 3.99 7.52 9.77 13.06 12.69 4.39 1.67 13.50 12.67 17.40 17.48 20.06 19.95 17.33 15.37 14.58 14.15 13.91 14.69 15.37 14.19 16.67 21.40 22.92 19.55 24.63 37.29 45.01 44.19 39.07 29.96 15.13 10.75 16.02 18.16 18.52 22.22 22.93 27.71 30.06 29.00 17.53 17.96 17.29 18.48 20.39 21.17 33.03 35.25 41.33 40.41 41.82 36.18 34.95 34.10 32.10 30.45 24.28 22.09 20.50 19.23 17.75 15.69 11.37 10.16 6.64 5.50 4.55 3.80 3.50 3.90 5.63 7.60 8.86 10.31 11.14 11.07 11.06
5.70 8.55 10.70 10.96 12.22 14.72 3.36 12.98 11.96 14.84 16.15 18.40 22.18 21.47 18.97 16.42 15.53 14.50 13.03 12.50 12.56 14.37 16.80 23.14 22.72 20.33 24.57 33.68 43.64 47.33 47.65 30.90 9.75 9.09 14.94 17.91 21.13 23.88 24.97 21.35 20.09 27.41 19.38 20.73 27.70 32.83 35.37 36.27 36.83 38.19 39.08 41.04 40.59 42.52 44.60 37.94 34.68 30.46 26.09 20.24 16.91 16.22 16.35 15.45 13.16 10.56 8.57 7.22 7.03 6.52 5.67 4.42 4.00 4.12 5.11 7.14 8.79 10.38 11.84
10.26 14.29 14.48 14.78 4.13 4.00 3.58 13.03 12.58 12.77 16.72 19.97 24.40 22.90 19.28 15.77 14.66 13.66 12.48 13.32 15.01 17.49 20.77 22.45 19.59 18.40 22.64 30.64 35.05 46.38 49.85 28.64 4.02 8.48 14.61 18.05 19.13 22.13 27.95 22.06 22.97 22.86 22.56 19.27 19.67 20.27 22.22 24.54 24.85 39.11 40.51 40.78 41.86 40.19 29.31 28.69 38.10 34.76 18.46 27.98 26.04 17.87 15.21 14.19 12.39 12.22 10.60 8.35 8.17 8.19 8.11 7.77 7.80 6.72 6.45 6.78 6.95 7.88 9.88
9.52 9.09 12.44 13.42 4.16 4.68 3.60 12.67 12.80 14.31 17.26 21.40 23.27 19.11 15.06 13.32 12.69 12.82 12.74 15.38 17.87 20.95 24.07 18.33 15.87 17.07 24.13 30.33 33.21 46.35 50.33 32.90 14.68 14.16 16.67 17.28 20.28 21.96 24.06 28.80 30.36 31.26 31.82 31.75 33.05 30.83 24.47 24.94 34.59 36.21 38.37 36.96 29.99 39.93 39.30 37.22 32.16 29.26 18.15 15.82 21.79 15.95 16.32 15.20 13.29 13.01 13.52 13.74 12.98 13.24 13.71 14.28 11.64 12.04 11.86 11.77 9.33 8.79 8.05
7.74 12.83 13.25 11.69 13.64 4.95 12.81 12.94 13.71 14.57 17.88 22.95 23.08 17.47 12.96 11.69 11.46 13.07 14.98 15.88 19.62 23.73 20.35 14.57 15.31 17.61 26.84 31.82 35.10 46.01 53.11 44.35 29.63 18.20 14.64 15.50 19.72 22.44 24.91 27.32 30.69 31.01 31.28 31.75 34.70 37.05 39.53 39.72 39.55 29.33 39.56 37.91 34.58 34.66 32.70 21.08 18.30 21.79 21.56 23.28 14.78 19.94 20.85 17.12 10.60 10.32 10.56 9.44 8.58 8.10 8.17 8.20 8.28 9.85 11.87 13.82 15.35 13.23 9.17
5.73 3.44 10.70 3.38 4.01 4.77 13.62 12.00 13.52 17.72 20.43 19.79 14.61 11.78 10.69 12.50 11.26 12.30 13.22 16.92 21.51 19.67 15.98 14.46 14.34 19.58 28.17 29.96 33.77 42.37 50.72 45.15 36.67 28.24 20.68 16.23 19.71 22.51 23.80 24.32 26.70 30.12 31.77 32.28 33.35 35.71 37.01 37.12 39.61 41.20 40.86 40.48 40.11 37.65 33.55 30.33 29.24 29.58 31.28 25.93 20.48 14.66 13.36 12.08 10.11 9.09 8.96 8.40 7.30 8.08 8.04 8.07 8.07 8.97 10.15 12.10 13.10 13.91 14.63
7.59 7.05 6.41 10.32 11.02 12.17 13.08 12.84 15.00 16.24 15.33 12.21 13.00 15.53 13.47 14.48 10.30 11.79 13.31 17.40 21.79 19.06 16.84 14.72 14.31 20.36 25.41 25.08 30.50 39.96 47.86 43.07 39.22 32.51 25.16 20.28 18.92 21.48 22.49 23.64 24.66 26.50 27.68 26.68 28.57 31.92 35.62 35.41 37.97 39.17 39.45 40.09 41.72 39.34 35.92 31.98 24.77 20.72 20.85 21.28 19.27 16.01 12.93 11.44 11.47 12.63 13.04 12.56 11.99 11.72 12.39 12.98 13.32 13.82 13.66 12.44 12.28 13.08 13.26
12.40 10.52 9.63 11.73 11.29 13.34 11.34 13.06 14.51 10.96 7.93 12.29 16.63 16.78 15.12 14.26 13.64 13.43 14.18 19.33 22.03 20.10 16.22 13.60 14.25 18.20 20.92 21.62 26.63 39.67 45.12 40.44 38.42 35.06 28.49 22.29 18.74 17.25 18.49 23.66 23.63 18.71 20.63 23.17 25.27 28.45 30.31 27.86 33.78 39.33 40.67 36.91 34.41 31.17 26.05 21.77 19.95 21.90 22.58 22.77 20.77 17.45 14.32 13.15 13.55 14.42 15.65 15.45 15.31 14.99 16.14 16.17 16.36 16.80 16.69 15.13 14.92 14.67 13.69
6.85 5.57 4.32 11.30 11.75 13.33 11.56 10.99 10.84 5.84 13.90 15.45 18.09 15.74 15.51 15.10 14.79 14.68 15.25 19.44 21.29 19.02 14.16 11.47 13.88 15.58 18.39 21.18 29.23 42.34 43.42 40.16 37.63 35.58 29.77 20.67 19.88 22.81 23.81 19.64 18.43 20.03 21.24 21.24 20.07 29.06 27.06 25.19 31.06 31.39 27.66 28.96 30.34 28.39 24.60 21.66 22.17 25.36 26.64 24.37 20.94 18.59 16.98 15.55 14.64 14.22 14.88 14.88 15.12 13.64 13.20 13.17 13.46 14.75 15.20 15.67 14.33 14.94 13.63
7.53 5.81 4.13 12.56 12.82 12.25 3.33 12.11 13.46 13.94 15.97 18.02 17.69 17.08 17.39 17.06 3.46 2.30 16.08 18.66 20.23 15.68 13.27 14.15 15.87 16.12 16.59 21.08 30.30 39.16 41.77 39.32 34.63 36.15 28.53 17.96 19.21 24.88 25.93 26.79 18.99 21.10 19.61 18.07 26.57 19.99 22.32 25.13 20.22 23.80 26.61 30.06 32.00 30.36 28.44 29.87 30.41 28.43 25.58 22.45 20.91 19.00 17.69 15.91 14.07 13.76 14.22 13.96 12.24 10.69 9.73 11.12 11.59 12.51 13.48 13.84 11.56 12.00 12.20
7.75 5.88 7.18 12.37 5.09 4.52 1.89 14.07 15.12 15.78 18.25 17.35 16.79 16.86 13.84 3.50 3.38 4.21 16.95 18.11 19.43 16.07 15.37 17.05 15.07 15.46 16.54 21.58 29.31 37.56 38.94 37.68 31.83 37.49 26.62 19.38 18.24 24.80 25.42 29.92 24.88 16.81 16.92 17.10 27.12 26.59 29.20 20.29 20.65 23.32 27.19 32.32 33.73 32.34 31.87 31.98 30.14 25.84 20.61 17.51 16.78 16.03 14.98 13.73 12.26 11.26 11.04 10.64 10.86 10.02 9.75 11.64 11.59 12.31 13.38 12.45 12.48 9.84 12.79
7.75 6.03 4.32 3.39 5.77 12.67 14.66 15.69 14.81 17.08 17.39 17.86 17.13 13.81 5.20 15.01 13.49 14.55 13.11 17.20 18.01 17.89 17.83 14.84 13.50 15.48 16.16 20.95 26.94 27.52 38.21 29.08 30.69 34.48 28.11 20.96 13.96 24.94 26.27 30.33 15.40 28.24 14.98 18.14 19.39 32.07 25.21 27.75 26.91 28.80 33.17 34.71 34.08 32.74 30.68 25.57 21.01 19.26 16.02 13.91 12.55 12.29 12.39 11.82 11.42 10.05 9.87 9.67 11.07 11.67 11.36 10.54 11.00 11.04 11.03 10.88 10.73 10.73 10.12
7.58 5.86 3.77 6.04 14.04 13.32 12.50 13.86 14.53 16.28 19.75 20.68 18.34 18.20 15.37 13.02 12.65 13.94 15.37 17.37 17.73 17.65 16.34 14.05 14.60 15.28 16.11 18.47 18.27 26.29 35.26 26.08 28.85 34.37 31.30 22.04 16.29 25.70 25.88 27.47 28.61 28.02 28.68 22.98 20.66 23.44 28.47 30.16 31.76 32.79 33.40 32.06 31.53 31.25 28.20 23.09 18.24 14.78 15.33 14.91 10.72 10.17 10.19 10.16 9.98 9.77 9.99 10.23 10.52 10.80 10.71 10.56 10.42 10.93 11.75 10.59 10.45 11.13 11.89
7.54 5.43 6.68 13.44 12.90 12.64 13.22 14.10 13.91 17.17 16.91 10.17 19.50 16.72 5.48 14.86 14.26 16.22 16.87 18.29 18.52 19.06 17.90 16.67 16.62 16.02 15.99 17.32 20.23 25.50 31.71 24.33 27.84 35.22 31.83 21.18 21.39 26.80 26.23 26.42 26.79 27.49 27.71 30.05 27.79 29.58 25.12 26.71 29.98 30.47 29.13 29.04 30.07 28.85 25.25 23.51 18.77 12.41 14.51 15.15 13.54 12.78 9.55 9.30 8.78 9.25 11.39 10.69 13.50 12.74 11.48 11.31 11.02 10.96 11.67 9.40 9.73 10.03 10.58
7.56 5.42 7.96 13.21 12.04 12.35 12.57 12.98 13.85 16.90 21.07 19.01 13.39 12.56 14.32 16.13 17.08 17.27 17.39 18.61 18.63 18.98 17.22 6.40 19.45 14.16 11.66 14.88 21.91 29.97 27.81 22.14 27.54 36.15 29.32 19.41 22.91 26.36 26.43 28.06 27.01 26.69 25.83 27.83 34.41 31.49 30.23 26.62 29.25 29.78 29.19 29.09 29.24 29.25 27.89 24.11 19.86 15.06 13.96 14.54 13.30 17.13 12.12 8.61 6.39 5.77 7.06 7.88 9.78 9.84 7.52 8.05 8.27 7.28 6.04 6.12 5.59 5.03 6.09
8.07 10.21 14.01 14.75 13.25 12.94 12.77 13.03 15.29 16.96 17.68 8.77 13.53 14.84 17.13 19.00 18.71 18.02 17.15 18.52 17.38 18.62 15.14 17.21 19.04 11.05 12.77 20.56 25.92 27.66 24.81 24.81 26.29 37.43 26.94 19.84 20.04 20.64 20.61 20.54 23.58 24.58 25.34 27.02 30.67 34.73 37.73 36.03 35.73 31.71 29.13 28.60 27.86 27.76 29.94 25.04 15.60 11.76 13.79 14.14 11.97 10.21 9.43 8.44 6.44 4.80 2.98 6.97 6.99 6.36 5.50 6.75 8.91 10.07 9.86 9.35 9.94 6.64 8.79
9.96 12.35 14.39 14.34 15.27 14.35 16.77 14.96 15.80 16.97 7.96 6.25 17.54 19.50 18.11 18.62 18.67 17.77 17.74 18.11 17.77 18.50 18.39 18.89 17.88 15.56 17.75 19.64 24.01 27.71 25.39 22.53 24.67 37.21 26.94 21.35 29.57 30.49 22.86 22.81 27.53 27.12 23.88 23.79 26.30 32.07 36.27 38.54 39.19 39.87 33.32 30.50 27.41 26.70 27.94 26.70 19.55 14.14 13.24 13.18 10.00 6.72 4.87 5.28 4.91 4.47 4.07 4.95 6.47 6.73 7.96 6.71 5.53 3.60 8.59 7.79 6.59 3.76 7.22
13.16 13.88 15.17 15.72 10.15 15.83 16.41 15.36 13.94 13.75 5.07 8.06 22.80 20.84 18.75 17.27 17.94 16.57 15.28 15.71 15.80 17.29 17.55 17.51 16.94 17.14 18.66 20.42 23.57 27.30 26.45 18.79 23.99 34.63 29.03 20.08 28.04 23.17 26.36 30.06 30.33 31.74 26.67 18.66 19.85 22.37 31.60 37.36 38.83 38.24 38.82 33.56 28.97 27.58 28.89 28.14 25.39 20.86 17.44 16.15 14.43 12.79 11.76 8.78 1.95 1.87 7.75 7.28 5.54 2.69 3.05 2.82 6.19 7.66 3.15 3.28 6.21 7.93 6.40
17.36 14.85 12.18 12.01 12.85 16.58 15.58 14.50 5.27 10.57 6.29 22.05 13.88 23.24 19.69 20.18 18.44 17.17 15.34 14.97 15.34 16.63 18.49 17.51 17.10 18.94 19.53 20.84 24.84 25.32 24.40 22.40 24.48 33.77 27.95 18.10 26.59 21.57 26.57 27.81 30.35 30.45 33.55 19.67 20.97 21.72 23.09 26.39 29.14 38.13 38.70 35.05 33.54 28.58 29.03 28.13 22.78 23.37 23.58 21.62 17.79 11.91 7.73 5.22 3.82 2.96 3.88 3.17 3.90 4.90 5.15 5.20 5.63 5.32 2.77 2.65 2.01 2.32 5.53
14.49 14.51 11.94 11.37 13.86 14.00 4.84 10.72 11.71 13.29 15.78 20.95 21.78 22.86 20.22 20.31 20.74 19.63 10.30 13.85 15.77 17.00 17.60 15.91 16.97 18.94 17.89 19.89 25.24 25.96 24.53 19.93 17.94 25.56 22.62 14.59 26.90 23.69 22.95 29.70 31.51 31.64 33.78 33.18 29.24 22.37 23.22 25.14 27.00 26.97 29.08 39.83 30.63 32.13 28.73 32.25 31.18 21.37 21.39 17.24 14.45 13.41 8.22 6.49 4.98 4.01 4.43 5.08 5.62 5.45 4.57 3.39 3.57 2.19 3.18 4.78 6.67 8.54 10.09
10.77 8.88 14.29 5.50 4.20 2.88 13.29 7.69 8.82 18.44 14.80 18.46 20.02 22.82 19.61 10.87 9.13 9.00 5.14 5.65 16.57 18.14 15.68 12.99 16.86 16.40 15.58 21.10 23.80 25.13 21.25 12.56 15.35 22.99 23.88 16.50 27.31 23.56 13.47 31.36 30.21 30.64 32.11 35.12 34.31 23.56 24.05 25.04 25.98 25.96 27.00 27.14 29.39 31.32 34.24 22.87 19.38 20.63 18.59 15.49 14.75 12.61 9.37 8.52 7.79 7.08 3.93 4.00 4.04 3.25 2.59 1.25 2.91 4.45 7.44 10.49 12.03 12.64 11.95
9.42 8.31 8.40 8.73 6.46 10.92 2.18 9.31 17.62 16.89 16.58 19.09 19.88 9.37 8.72 7.10 10.46 9.74 3.29 3.01 15.07 14.27 11.13 14.71 16.44 13.72 15.41 21.51 23.92 23.88 11.08 12.25 22.34 26.10 31.26 18.16 23.03 28.23 28.30 23.52 27.32 31.70 27.03 32.08 31.99 34.87 35.44 35.56 27.24 25.89 24.48 22.41 21.41 21.47 20.26 19.69 20.81 20.53 18.11 15.10 12.71 10.93 9.25 7.46 5.84 4.46 6.21 5.05 3.59 2.02 2.18 4.57 7.67 10.75 12.53 13.56 13.43 12.71 12.33
9.56 7.90 13.31 12.89 15.30 2.39 1.70 14.46 15.66 9.05 8.45 8.03 5.95 7.08 6.78 9.42 11.33 7.46 1.68 4.55 15.12 15.37 14.55 16.18 14.87 12.51 16.66 21.25 22.88 20.33 10.35 20.30 23.22 24.75 30.88 23.03 14.31 27.43 28.10 28.03 24.41 30.77 31.33 32.44 34.29 31.27 32.00 22.12 23.85 23.35 35.10 24.99 21.89 21.68 21.66 21.94 21.65 20.53 18.55 15.85 13.90 12.18 10.03 7.67 5.43 7.35 5.52 3.54 3.80 5.02 7.65 10.83 12.88 13.95 13.26 12.52 12.67 12.72 12.38
11.37 13.75 11.66 13.34 11.77 2.28 0.99 12.72 6.35 6.58 5.82 5.01 2.07 4.08 8.05 11.38 9.74 3.39 3.04 5.71 14.52 15.33 16.14 12.34 12.43 13.18 17.57 19.52 18.98 19.75 20.35 21.85 23.44 23.93 27.53 27.20 14.42 26.22 28.60 28.70 26.45 28.76 29.67 29.74 32.70 32.37 35.15 36.39 21.91 35.88 35.37 36.28 36.60 33.16 23.02 23.16 22.38 20.77 18.85 16.89 15.17 13.58 11.39 8.47 5.71 4.70 5.31 7.19 9.58 11.82 13.58 14.21 13.55 12.58 12.18 12.22 11.85 11.71 11.07
16.37 13.97 11.11 10.78 9.27 9.52 11.84 7.78 4.31 4.64 4.62 1.29 2.39 5.12 9.71 11.48 6.51 1.78 4.48 17.41 15.79 14.38 16.07 15.51 14.62 14.19 16.26 18.32 19.31 20.88 21.11 22.07 11.36 25.24 24.48 26.77 25.91 25.21 28.03 26.02 26.73 26.56 27.73 28.31 30.98 32.07 31.65 33.76 34.16 34.76 34.24 35.94 34.14 21.41 22.43 22.88 22.36 20.16 17.50 16.01 15.40 14.60 13.43 12.05 10.62 10.49 12.00 13.45 14.34 15.06 15.08 14.06 12.82 11.99 11.59 11.33 10.66 9.88 9.06
16.23 9.89 5.62 5.81 8.22 5.23 5.60 6.01 6.58 4.84 3.21 1.81 3.40 6.64 10.15 9.68 3.64 4.09 5.74 17.55 17.01 16.72 16.94 17.19 14.74 14.57 15.73 17.83 19.35 21.36 22.57 10.45 11.20 24.00 20.36 26.60 26.48 27.77 27.31 25.96 25.46 26.83 30.14 27.47 28.55 30.78 31.16 32.36 33.16 34.08 35.54 34.83 35.78 19.49 20.46 22.09 21.76 19.67 17.08 15.20 14.65 14.22 13.54 13.30 13.58 14.55 15.61 15.37 14.16 13.41 13.27 13.11 12.81 12.38 12.38 10.09 8.32 7.28 6.90
4.11 6.75 5.46 3.28 5.57 6.60 7.28 7.51 6.36 4.63 2.79 0.66 3.75 7.47 8.68 6.62 2.64 9.35 11.13 17.98 17.65 18.81 16.83 16.77 14.97 15.65 14.58 17.75 19.45 21.17 17.43 21.48 17.51 25.11 22.31 26.17 27.51 24.92 25.47 25.26 25.95 25.22 24.14 28.92 27.20 28.24 31.11 30.18 23.13 33.30 32.86 33.71 33.40 32.06 19.44 21.73 21.31 19.37 17.12 15.33 14.53 14.07 12.77 11.28 10.85 11.39 11.65 11.01 10.05 9.73 9.76 10.03 10.32 10.29 9.88 8.30 5.99 4.72 7.24
7.81 10.06 6.59 3.10 3.72 5.75 6.98 6.41 5.66 4.24 2.64 0.13 4.78 7.65 6.75 4.17 2.26 10.37 19.01 17.89 11.17 16.95 16.48 18.31 15.96 13.76 13.04 9.93 20.40 19.60 18.46 20.81 20.71 22.63 23.02 25.04 25.28 24.96 26.22 23.32 24.23 23.65 22.63 27.98 27.09 29.21 27.88 28.45 22.06 21.20 34.23 32.20 31.52 30.21 19.43 21.18 20.85 19.14 17.21 15.72 14.80 14.33 13.01 11.04 9.71 9.11 8.48 7.81 7.46 7.09 6.56 6.15 6.32 6.90 7.52 7.30 5.86 5.27 5.69
12.06 8.17 6.00 3.87 4.94 6.64 7.78 8.10 7.01 5.18 3.15 0.84 4.99 7.47 6.87 3.90 7.13 11.32 16.39 18.79 20.26 11.91 17.11 19.13 15.23 11.83 5.97 9.09 11.23 11.53 17.18 18.01 21.06 22.42 24.38 24.83 22.27 26.14 25.24 14.02 21.16 23.86 20.93 23.85 26.10 28.85 28.34 28.80 31.48 19.36 22.03 30.61 30.72 21.22 19.43 20.14 19.79 18.46 16.88 15.73 14.65 13.93 13.04 11.74 10.58 9.60 8.67 7.78 7.33 6.69 5.41 8.84 8.74 5.20 5.85 8.31 7.94 8.31 8.41
6.24 6.51 5.99 8.70 10.67 12.47 12.87 11.52 9.10 6.48 6.94 1.87 4.39 6.75 7.39 4.72 8.41 11.09 17.50 18.88 16.16 7.26 10.72 19.48 16.80 11.34 5.49 8.25 19.23 20.75 18.92 20.02 20.57 21.37 24.16 24.16 21.10 23.29 24.67 13.17 22.37 22.61 12.45 10.92 17.27 27.20 28.90 30.57 28.67 20.98 21.32 30.10 30.58 29.43 19.57 19.04 17.96 17.06 15.99 14.73 13.65 13.03 12.59 11.98 11.32 10.64 9.84 9.03 7.88 6.33 9.79 8.93 8.78 4.13 4.03 5.09 6.59 6.50 5.21
7.30 9.60 11.84 14.33 15.81 15.98 15.91 12.89 10.42 7.59 4.96 3.78 4.72 6.04 7.08 5.10 8.76 17.28 16.56 19.11 15.88 14.92 17.88 16.36 15.95 5.42 4.07 8.36 17.09 19.34 20.25 17.14 22.01 21.25 21.76 21.96 22.72 23.81 22.98 13.20 20.67 13.42 10.18 10.65 12.28 13.77 20.20 26.27 26.05 29.58 26.81 29.87 29.72 27.46 29.28 21.02 15.40 15.33 15.15 13.59 12.49 12.06 12.05 14.68 11.90 11.44 10.51 10.01 9.25 6.79 4.30 3.20 8.59 3.06 8.98 2.53 1.65 1.37 4.21
9.59 9.59 10.35 14.81 16.15 15.09 13.78 11.82 9.79 7.81 6.64 6.15 6.21 6.36 8.79 5.00 9.77 16.47 16.93 17.91 16.20 15.42 15.49 15.21 15.25 4.03 0.86 8.73 18.75 19.44 19.93 20.59 18.71 20.75 22.15 20.82 20.77 20.68 22.83 13.19 13.36 10.82 17.90 10.43 11.34 12.68 19.30 26.57 27.50 28.69 28.47 29.50 28.93 27.31 22.45 28.74 16.89 12.77 13.69 13.03 11.55 10.59 10.80 11.59 11.80 11.51 10.47 9.99 10.41 8.89 6.02 3.71 8.59 2.19 1.69 8.50 5.08 4.12 3.09
