examples/cougarCreek-fire/createInputs/WindNinja/wrfout_d3.2015081012.f18/cougarCreekFire_08-11-2015_0600_217m_non_neutral_stability_vel.asc
ncols	146
nrows	140
xllcorner	610065.000000
yllcorner	5095217.000000
cellsize	216.586807
NODATA_value	-9999.000000
[rows 105 to 139 of 140, columns 0 to 78 of 146]
13.78 12.34 12.27 11.96 9.57 4.97 25.67 5.49 8.23 15.92 9.40 10.41 9.56 24.45 8.76 7.78 15.65 14.99 3.61 16.10 13.50 4.19 3.29 14.48 15.84 4.29 8.07 5.25 10.40 8.87 6.57 7.25 7.01 6.38 5.76 5.27 5.19 5.02 4.46 3.48 2.21 1.19 0.50 0.28 0.28 0.52 0.56 0.53 1.00 2.09 3.02 3.82 4.58 4.32 2.78 2.20 3.07 3.60 3.70 3.73 4.08 4.61 4.99 5.24 13.16 14.23 15.36 5.58 5.77 5.70 5.20 16.31 16.11 15.82 15.52 15.64 15.39 14.17 13.16
13.87 14.01 14.42 14.03 12.98 10.85 8.04 6.44 23.39 7.79 18.66 8.44 22.68 16.98 8.06 7.34 17.53 15.79 4.36 16.35 13.51 10.18 9.82 3.62 4.55 9.79 5.28 4.69 12.43 5.97 6.37 6.83 6.62 6.10 5.62 5.09 4.81 4.55 4.14 3.51 2.45 1.32 0.78 0.58 0.41 0.65 0.79 0.81 1.26 2.22 3.02 4.00 5.53 6.59 4.86 0.65 2.38 3.43 3.61 3.69 4.04 4.45 4.74 5.06 5.29 5.29 5.27 5.37 5.48 5.44 5.20 4.74 4.27 15.04 15.37 15.73 14.93 15.33 13.33
13.87 13.76 15.09 16.11 15.81 14.99 13.26 10.20 8.02 7.43 17.54 22.96 23.77 5.83 24.33 20.06 5.45 5.18 5.32 4.20 11.25 9.34 3.76 15.33 4.88 5.05 15.22 16.67 5.31 6.19 6.19 6.25 5.90 5.54 5.49 5.24 7.39 7.34 4.61 3.18 2.60 1.73 1.17 0.85 0.50 0.38 0.41 0.47 0.93 1.80 2.59 3.73 5.57 7.78 7.77 4.46 2.58 3.37 3.71 3.85 4.07 4.25 4.43 4.86 5.35 5.40 15.65 15.96 16.78 16.97 17.35 16.64 15.80 15.16 15.07 14.38 14.11 14.46 12.71
12.56 10.96 12.51 15.09 15.98 14.76 13.34 11.89 9.48 25.28 5.63 22.89 5.44 21.16 20.82 18.29 16.47 15.36 14.06 15.14 12.02 5.07 7.91 13.19 12.52 14.69 12.67 12.10 6.11 11.74 5.48 5.35 13.67 5.54 5.57 6.61 5.37 4.29 3.10 2.59 2.47 2.08 1.50 1.10 0.80 9.06 0.32 0.31 0.50 0.98 1.30 2.14 3.93 6.53 7.89 6.47 3.94 3.62 3.87 3.95 4.11 4.27 4.50 5.10 5.55 14.40 15.57 15.98 16.44 16.61 17.00 4.42 15.64 15.39 15.39 14.94 14.50 14.06 13.57
14.34 11.54 12.28 13.00 14.92 14.83 13.27 11.84 10.45 9.45 7.81 7.18 22.28 22.70 22.46 21.43 3.90 16.76 15.49 14.40 11.37 10.51 9.64 18.02 10.10 15.94 16.54 5.38 5.49 15.69 5.04 14.92 5.45 5.85 5.71 5.94 6.43 4.62 3.30 2.71 2.62 2.37 1.73 1.43 9.38 0.95 0.87 0.65 0.55 0.75 0.78 0.93 1.77 4.41 5.70 5.48 4.62 4.36 4.47 4.48 4.60 4.86 5.26 5.86 6.01 5.47 14.83 15.76 16.73 4.73 15.88 4.01 15.40 3.94 3.72 14.40 14.38 14.54 14.47
15.88 14.80 12.09 12.47 13.29 15.35 15.40 13.99 12.43 11.20 10.41 8.66 25.07 8.69 8.16 21.88 18.72 16.20 2.30 19.55 11.04 14.23 19.59 18.21 13.84 12.65 17.64 11.50 16.17 16.53 13.24 4.81 7.65 6.91 6.22 6.93 6.84 4.59 8.85 3.48 3.09 2.55 1.99 9.06 9.41 9.09 1.36 1.44 1.27 1.36 1.57 1.46 1.63 3.73 4.71 4.74 5.17 5.60 5.68 5.64 5.72 5.99 6.41 6.90 6.81 5.99 14.05 14.58 15.97 16.26 16.53 16.27 15.98 16.59 14.87 13.21 13.72 13.84 13.03
14.75 14.80 12.81 9.95 9.89 12.63 15.23 15.66 13.76 11.23 10.91 10.68 10.87 9.53 22.93 24.60 7.02 6.29 5.80 6.48 7.47 5.92 4.89 19.35 14.92 15.24 13.73 16.54 17.33 4.92 8.27 5.61 6.26 6.26 7.14 7.28 4.57 3.99 4.00 8.18 8.53 8.90 9.13 9.10 8.94 9.18 1.12 1.77 2.09 2.37 2.88 3.31 3.74 4.97 6.01 6.34 6.54 6.52 6.25 6.12 6.33 6.65 6.98 7.25 6.80 15.63 15.28 15.22 15.39 15.49 16.04 14.75 13.35 14.09 14.85 14.49 14.12 13.16 13.37
13.54 13.79 13.18 10.16 9.11 8.25 8.67 11.75 13.80 13.53 24.28 11.62 21.06 23.78 21.55 25.02 8.96 9.80 9.85 9.35 7.94 5.84 5.44 17.28 12.38 12.56 13.45 5.39 5.94 12.29 9.79 8.89 10.17 5.32 9.02 8.34 4.15 3.95 8.50 8.34 8.94 8.59 9.24 9.51 9.03 1.49 1.08 1.53 2.36 3.09 3.78 4.52 5.32 6.41 7.45 7.74 7.39 6.83 6.33 6.22 6.51 6.78 6.99 6.93 6.17 5.35 5.06 4.77 15.76 16.06 16.58 15.75 14.78 16.03 15.68 15.57 14.27 14.63 14.30
13.79 13.77 13.74 12.46 9.08 5.69 5.68 6.43 9.14 11.54 10.27 20.76 18.09 18.94 22.34 23.68 8.71 10.48 11.14 10.17 8.20 7.37 6.01 16.43 11.72 11.77 13.39 14.15 12.93 12.98 11.72 11.50 10.92 5.02 4.93 4.49 4.16 8.11 8.99 8.73 8.90 9.14 9.95 9.45 8.51 1.94 1.94 1.94 2.51 3.36 4.19 4.87 5.46 6.31 7.36 8.02 8.06 7.72 7.22 6.92 6.98 6.92 6.67 6.11 5.32 4.67 4.26 3.97 3.72 15.25 14.97 3.93 15.22 15.02 15.30 15.33 15.14 14.74 13.16
14.31 14.05 13.51 13.18 12.46 10.78 8.63 6.72 7.07 6.74 22.66 8.68 9.96 25.79 25.91 21.45 8.05 8.10 7.66 7.01 6.15 6.49 5.90 14.70 11.21 11.35 13.45 13.25 13.91 14.95 14.73 13.96 4.94 4.81 12.40 4.19 9.97 9.10 8.98 9.35 9.14 9.96 8.97 2.73 2.90 2.94 2.97 2.89 3.03 3.63 4.24 4.59 4.78 5.12 5.90 7.01 7.85 8.11 7.97 7.51 7.07 6.63 5.97 15.09 14.85 14.81 14.80 15.28 15.31 16.01 16.21 16.13 16.09 15.17 14.33 15.07 13.93 15.67 15.05
14.55 14.89 15.02 14.86 15.53 16.20 15.47 12.77 9.14 5.82 5.25 7.40 23.51 26.21 11.27 9.47 9.48 8.22 6.69 5.73 18.24 20.30 16.12 13.14 10.13 10.16 17.90 13.17 13.43 13.30 21.67 11.72 10.63 11.03 4.24 4.27 9.49 9.47 4.20 10.15 9.23 8.79 8.21 8.01 8.25 3.72 3.64 3.57 3.58 3.83 4.08 4.21 4.25 4.24 4.42 5.03 6.00 6.94 7.37 7.04 6.20 5.62 5.12 4.42 13.41 14.50 14.87 15.38 15.79 14.83 15.23 14.89 14.56 16.02 13.92 14.20 14.00 13.47 13.21
14.39 15.18 16.28 16.31 15.95 15.26 14.76 14.72 14.07 11.98 8.41 7.66 26.31 23.40 11.15 12.04 11.13 9.07 8.52 7.34 6.81 18.09 13.00 11.15 11.47 20.74 15.56 13.93 12.73 19.37 20.47 10.68 10.15 11.07 4.46 10.95 10.14 10.80 4.07 10.16 9.15 8.64 8.56 8.75 9.62 10.35 3.88 4.04 4.09 4.20 4.25 4.26 4.27 4.10 3.86 3.90 4.29 4.85 5.27 5.34 4.99 4.59 4.19 14.21 13.37 13.89 14.29 14.35 14.62 14.30 15.78 14.76 15.81 15.60 14.36 14.28 13.50 12.85 12.66
13.82 14.21 15.26 15.68 15.00 13.59 13.33 14.64 15.98 16.12 13.81 8.42 8.35 11.77 12.32 12.46 11.90 11.47 10.44 9.47 9.32 19.79 15.90 11.52 14.25 8.02 15.59 15.63 14.49 18.26 20.91 10.74 9.81 10.76 10.60 10.09 4.89 4.19 10.93 10.01 9.48 8.66 8.35 8.61 9.12 10.73 10.97 4.44 4.55 4.58 4.40 4.22 4.12 3.79 3.35 3.14 3.11 3.07 3.16 3.46 3.70 3.69 13.90 3.47 12.84 13.79 14.25 13.91 14.03 15.65 15.77 15.58 15.85 15.45 14.94 12.89 13.96 13.45 13.21
14.82 13.55 14.51 15.49 16.05 16.40 16.33 15.94 16.31 17.72 18.77 18.28 16.97 14.63 22.49 11.05 11.37 10.82 10.41 10.33 9.81 16.98 8.87 10.61 8.57 9.86 13.91 15.16 20.39 18.49 14.85 11.68 10.55 11.40 12.21 12.61 13.23 11.96 10.63 9.34 9.32 8.73 8.56 9.02 10.83 4.10 11.27 9.80 4.42 4.42 4.20 3.88 3.64 3.24 2.82 2.64 2.56 2.51 2.49 2.53 11.98 12.83 2.87 2.78 13.10 14.16 13.50 13.30 14.69 15.60 14.42 13.87 15.12 14.99 15.12 13.86 13.78 13.65 13.49
14.46 14.01 15.07 16.23 17.12 17.87 18.20 17.60 16.98 16.24 17.09 18.07 17.18 13.94 11.86 19.45 9.89 9.90 22.34 9.54 23.99 17.32 17.63 9.43 8.79 18.44 16.74 18.97 18.96 22.26 13.16 14.01 12.83 12.62 13.31 13.33 12.95 11.94 10.12 8.63 8.68 9.08 8.99 10.16 10.24 10.58 9.63 9.48 10.53 3.70 3.53 3.29 3.15 2.90 2.58 2.41 2.17 2.01 11.33 11.80 11.96 12.15 13.34 12.60 12.94 13.27 13.28 12.66 13.58 14.90 14.45 14.48 15.02 14.21 14.08 13.11 14.10 14.24 16.02
14.31 15.08 16.71 17.88 18.66 19.25 19.14 18.15 16.45 16.14 13.67 13.30 12.83 11.86 10.54 11.06 21.28 20.64 19.45 21.83 21.95 9.12 17.89 18.42 16.33 15.16 21.05 20.87 13.89 14.57 16.58 9.36 15.00 13.47 14.67 14.59 14.04 11.87 9.80 9.42 9.39 10.90 10.28 10.22 10.31 9.41 9.20 10.05 9.69 9.55 9.99 2.53 2.30 2.15 1.86 1.63 10.91 10.92 11.16 11.23 11.29 12.14 11.91 12.44 12.62 12.32 12.52 14.64 13.35 13.84 15.36 14.08 13.56 13.58 13.77 14.69 14.82 13.68 12.06
15.29 15.56 16.97 17.77 18.86 19.46 18.78 17.32 15.92 14.99 14.05 13.56 13.33 13.03 12.09 10.29 21.37 20.22 17.26 22.17 20.62 18.17 14.91 17.54 19.17 21.66 22.20 18.71 17.22 11.50 26.47 16.62 16.02 15.04 16.27 15.63 13.78 12.20 11.67 9.55 11.99 11.68 10.74 9.41 9.24 9.04 9.46 10.42 9.65 9.14 9.45 9.79 9.94 10.16 10.17 10.15 10.30 10.31 10.80 11.02 10.64 10.96 11.97 12.02 1.74 1.81 11.99 13.66 11.65 13.20 13.97 14.69 14.59 14.62 12.97 14.23 12.49 13.65 11.43
16.49 16.27 16.36 17.32 15.51 14.75 16.45 15.42 15.45 15.69 17.21 15.57 15.29 15.08 14.83 14.16 12.46 20.60 11.83 28.29 21.77 21.27 20.07 20.60 10.63 9.58 25.26 16.15 14.57 12.13 24.41 17.37 18.18 18.12 18.54 16.82 14.46 13.04 13.00 12.54 14.33 13.08 10.36 9.74 9.39 9.30 10.68 11.09 10.21 9.35 9.34 9.55 9.91 10.13 10.07 10.17 10.13 10.19 10.27 11.04 10.08 10.53 11.39 12.19 1.95 1.76 12.24 12.81 12.55 12.47 13.26 13.59 13.69 12.96 12.59 13.41 13.02 13.36 12.54
18.51 17.07 15.87 14.50 14.30 13.17 14.27 13.95 15.08 16.09 17.48 16.42 15.92 15.75 15.93 16.10 15.28 20.99 16.50 28.47 23.38 22.88 22.80 22.96 12.07 11.89 21.80 13.76 15.07 15.17 16.94 23.04 22.59 20.67 19.85 17.82 16.09 15.64 15.18 14.78 14.78 12.64 11.38 10.68 10.37 9.90 11.27 10.98 10.20 9.31 9.14 9.40 10.52 10.15 10.08 9.62 9.59 9.76 9.85 10.53 9.44 9.12 9.44 11.09 10.26 2.65 2.10 11.80 11.92 13.65 14.22 13.38 12.90 12.26 13.45 14.19 13.46 12.85 13.32
18.06 16.08 14.37 14.38 13.01 14.31 14.85 14.61 16.17 16.79 16.70 18.63 16.72 16.79 16.16 15.43 16.05 15.91 19.59 16.27 24.24 23.02 23.76 23.86 13.54 14.40 14.07 15.70 16.90 16.04 14.42 24.68 22.80 19.89 20.12 18.48 16.79 16.28 15.71 15.26 14.92 13.56 12.63 11.75 11.83 12.33 11.58 11.26 10.07 9.89 9.75 10.34 10.13 10.27 10.17 9.76 9.45 9.01 9.11 9.77 8.62 8.18 10.18 10.35 9.96 4.09 3.44 10.75 12.99 13.60 14.02 14.01 13.74 13.68 13.70 12.75 12.75 12.25 12.25
16.66 15.09 13.21 12.85 15.18 15.03 15.38 15.46 17.34 18.18 18.04 17.75 17.77 17.85 17.49 16.56 16.24 16.80 17.06 18.96 16.04 25.42 24.68 23.58 23.66 22.56 15.51 16.66 28.15 17.04 14.52 23.47 20.40 20.24 17.64 16.51 16.95 15.94 15.33 14.24 14.57 13.35 12.51 12.59 12.65 11.92 10.89 11.26 10.04 10.52 10.44 10.86 10.90 9.85 9.66 8.70 8.30 8.27 8.59 9.41 9.33 9.55 11.47 11.73 12.31 10.09 9.17 8.66 12.31 3.82 14.35 14.23 13.24 11.69 11.59 12.25 11.91 11.77 12.26
16.39 15.25 13.64 13.97 14.90 16.53 17.34 18.05 18.58 18.86 19.12 18.85 17.96 17.57 18.14 18.65 18.40 36.77 16.55 29.64 22.31 29.82 25.85 22.08 15.67 21.86 24.07 25.01 25.73 25.21 13.48 11.89 20.93 17.69 16.49 16.23 17.69 17.37 17.03 17.81 15.87 14.54 13.48 13.23 12.42 11.34 10.94 12.06 10.97 10.51 10.23 10.20 10.00 9.86 9.27 8.86 7.31 3.70 3.68 3.79 3.98 4.15 4.24 4.30 4.67 4.72 10.72 4.04 3.17 3.42 14.26 13.53 12.83 11.04 2.04 9.86 11.34 10.59 11.48
14.94 14.69 15.61 15.20 16.70 18.64 19.04 19.71 21.21 17.89 17.29 17.58 19.84 17.63 18.35 19.30 19.21 19.04 27.20 27.86 27.89 31.21 25.55 24.74 19.12 25.55 29.86 30.86 17.02 15.23 21.16 24.52 19.56 17.21 15.92 14.33 15.84 16.80 17.62 17.85 17.56 15.35 14.75 14.05 11.70 11.95 12.31 11.71 11.12 9.94 10.26 10.29 10.22 2.04 2.38 2.74 2.88 2.88 2.87 3.00 3.26 3.48 3.87 4.11 4.38 4.49 4.72 3.99 4.26 4.31 12.22 10.97 11.88 11.70 7.83 10.88 9.58 9.75 10.70
15.45 15.34 15.38 16.58 16.90 14.14 13.99 16.71 17.10 16.43 14.36 15.79 17.19 17.84 17.93 17.75 17.42 18.03 16.81 26.87 32.02 27.11 27.63 29.11 29.61 28.65 28.75 17.67 16.01 12.21 20.92 20.01 19.13 15.73 14.31 14.60 15.76 18.42 18.02 17.83 16.52 8.07 6.84 5.50 4.69 12.62 12.76 12.48 2.58 1.88 1.41 0.59 0.27 0.38 1.00 1.51 1.87 2.13 2.24 2.59 2.88 3.10 3.26 3.57 4.04 4.36 4.84 11.56 12.96 5.78 5.55 11.83 11.74 12.57 8.66 10.37 8.53 9.80 10.22
16.16 16.05 16.09 17.14 16.43 14.55 14.08 13.50 13.76 13.75 13.42 15.50 16.71 19.59 15.98 15.24 15.40 16.20 17.23 16.77 33.20 27.16 28.61 34.61 35.18 34.10 30.30 19.32 15.18 11.87 22.98 17.61 16.47 13.53 9.01 13.87 16.05 15.81 15.58 15.71 10.20 10.27 9.55 8.41 7.23 6.32 5.54 4.63 3.62 2.79 2.39 2.19 1.85 1.54 1.57 1.72 1.92 2.00 1.82 1.75 1.96 2.21 2.37 2.57 3.01 3.64 4.19 4.64 5.42 6.10 6.22 5.81 5.15 11.47 10.02 8.92 8.52 8.30 10.34
17.22 17.03 16.73 16.55 17.53 16.50 15.95 15.20 14.68 13.39 14.58 16.86 17.86 17.50 17.07 14.67 17.48 16.45 17.53 18.80 19.23 30.85 28.60 34.91 35.06 28.66 35.43 27.45 15.79 24.90 21.54 19.27 17.77 14.47 9.41 9.55 13.94 14.72 10.65 10.77 11.28 12.16 12.54 12.05 10.85 9.57 8.50 6.97 5.48 4.37 3.76 3.34 2.96 2.75 2.74 2.88 3.04 2.80 1.99 0.93 0.81 1.41 1.68 1.76 2.04 2.56 3.19 3.54 3.93 4.54 5.16 5.32 12.70 4.83 10.00 9.46 8.44 9.16 9.86
18.68 18.13 17.50 17.25 17.06 16.82 17.34 17.12 16.75 17.25 17.33 16.27 18.63 18.04 18.51 16.51 17.14 19.50 19.98 21.20 21.25 20.33 31.54 35.42 32.77 34.80 28.08 26.19 14.35 25.48 20.89 18.38 17.90 14.36 14.32 15.09 15.53 10.72 11.62 12.39 12.94 13.57 14.00 13.87 13.26 20.19 18.85 8.97 7.76 6.69 5.64 4.72 4.10 3.85 3.83 3.99 4.30 4.30 3.73 2.70 1.38 0.72 0.97 1.24 1.56 1.99 2.45 3.01 3.63 4.21 4.90 5.27 5.25 11.74 11.46 12.08 8.44 8.79 9.53
20.14 19.45 18.44 17.81 16.84 17.45 17.31 17.35 18.59 18.81 19.42 17.62 19.42 19.60 19.23 23.62 19.38 20.63 21.88 22.33 22.19 21.82 20.83 38.52 30.52 33.66 31.78 34.44 30.37 22.77 19.70 18.60 17.03 13.38 6.81 9.11 9.71 12.08 13.71 14.43 14.30 20.67 21.24 20.82 21.58 20.93 12.06 10.59 9.41 8.20 7.02 5.82 4.90 4.49 4.55 4.83 5.15 5.33 5.21 4.66 3.28 1.29 0.49 1.26 1.77 2.18 2.45 2.92 3.36 3.89 4.61 5.11 5.37 5.36 5.29 5.48 11.52 5.09 10.95
22.18 20.86 19.27 18.39 17.21 17.25 17.36 18.49 18.44 19.00 19.39 19.61 19.60 20.64 20.50 20.97 21.26 33.55 22.28 22.48 22.57 22.66 22.31 38.41 33.02 23.36 33.70 31.38 27.55 23.20 22.33 20.51 10.08 7.85 10.94 14.86 17.46 18.14 16.68 21.51 21.60 22.31 19.94 11.06 20.22 20.90 11.29 10.56 9.69 8.69 7.55 6.41 5.41 4.81 4.76 5.17 5.65 5.73 5.30 4.64 3.59 1.92 0.48 1.26 2.25 2.81 2.93 3.27 3.78 4.15 4.68 5.08 11.48 10.82 11.10 11.01 5.53 11.21 9.59
23.86 21.70 19.31 18.11 16.37 16.38 15.53 16.88 18.79 19.83 20.73 21.11 21.35 22.46 22.12 23.26 22.80 24.59 23.18 23.52 23.92 24.09 23.96 23.81 35.50 24.11 22.93 35.21 30.12 27.75 25.11 13.43 12.25 16.11 21.35 23.66 23.35 21.63 18.99 27.52 22.66 20.38 10.83 10.64 10.94 10.69 9.92 9.33 8.83 8.33 7.71 6.74 5.38 4.27 4.15 4.51 4.94 5.12 4.72 4.14 3.51 2.39 1.46 1.50 2.31 3.17 3.46 9.93 4.02 4.50 5.03 5.68 10.58 10.88 11.40 11.38 11.05 5.56 8.64
24.55 21.62 19.44 18.08 15.22 14.96 14.53 18.16 21.76 21.91 21.75 22.07 23.19 23.81 24.19 24.66 23.92 24.32 24.75 25.38 26.04 25.94 25.12 23.89 36.41 35.54 23.25 36.34 30.81 27.22 17.25 16.71 20.23 25.77 28.33 26.57 23.40 19.84 16.50 27.16 21.80 11.44 10.25 9.82 18.42 9.54 8.68 7.88 7.15 6.74 6.66 6.29 4.74 2.72 2.23 2.32 2.73 3.63 4.19 4.03 3.29 2.53 2.23 2.10 2.41 3.17 3.84 3.87 4.02 4.44 5.14 11.60 12.36 11.36 6.73 11.30 11.17 6.69 7.12
24.37 21.67 18.61 18.07 15.79 18.34 22.99 25.86 25.22 23.42 22.85 23.10 23.38 23.83 25.62 25.94 26.18 25.29 25.70 26.04 26.04 36.85 24.82 23.91 22.91 25.45 34.06 34.10 32.23 22.52 21.99 24.64 27.96 28.95 26.13 22.43 19.13 16.03 13.54 24.74 11.93 10.73 9.76 9.19 17.30 8.05 7.41 6.62 5.70 4.82 4.23 4.53 4.82 2.37 0.25 0.64 1.91 3.12 3.99 4.10 3.37 2.89 2.86 2.82 2.96 3.33 3.85 4.27 4.55 4.89 9.19 10.32 9.33 10.71 11.50 11.85 11.27 10.14 7.27
22.42 20.79 18.44 17.05 18.43 20.96 25.39 25.71 23.78 22.96 23.13 23.67 24.97 24.72 26.53 26.68 27.32 26.01 26.05 27.73 24.81 24.14 23.90 23.96 24.23 24.03 25.37 37.63 32.62 24.85 26.55 28.87 28.36 24.13 18.77 15.62 13.35 11.36 10.60 20.64 16.80 9.65 9.15 8.62 7.86 7.05 6.53 5.64 4.52 3.42 2.35 3.13 5.09 3.76 1.07 1.55 2.80 3.67 4.23 4.19 3.64 3.33 3.29 3.39 3.61 3.84 4.21 4.76 5.34 5.64 6.29 6.86 9.50 9.65 9.59 11.28 10.99 10.83 10.32
20.20 19.48 17.76 15.08 18.25 20.82 23.01 21.70 20.40 21.11 22.62 24.07 25.03 25.69 26.07 27.57 26.32 28.16 26.08 26.68 24.94 24.25 23.74 24.04 24.78 25.28 26.09 25.93 34.48 25.85 25.43 23.99 20.21 14.94 10.86 8.49 8.37 7.88 20.83 16.58 9.24 9.06 14.24 13.95 7.37 6.47 5.36 4.77 4.08 3.22 2.23 2.61 4.22 4.16 2.13 2.27 3.55 4.14 4.32 4.19 3.72 3.31 3.20 3.44 3.82 4.15 4.59 5.20 8.14 6.30 8.40 8.74 8.81 7.22 9.96 10.74 11.12 11.30 12.40
20.66 18.86 16.81 14.08 18.47 20.68 21.76 20.11 18.98 20.35 22.73 24.58 25.68 26.36 26.69 26.75 26.57 26.38 26.15 25.85 25.55 24.83 24.15 24.46 25.18 25.78 26.84 27.72 37.10 25.41 22.59 18.05 20.70 10.09 7.43 7.15 5.71 5.88 17.05 14.87 8.43 8.88 8.32 7.18 6.54 6.12 4.84 4.14 3.43 2.69 2.06 3.47 4.57 4.06 2.50 2.88 3.83 4.46 4.53 4.11 3.56 3.03 3.02 3.29 3.76 4.18 4.62 5.51 6.31 9.45 8.74 8.43 8.00 9.38 10.54 12.14 11.47 11.79 13.56
