examples/cougarCreek-fire/createInputs/WindNinja/wrfout_d3.2015081012.f18/cougarCreekFire_08-11-2015_0600_217m_non_neutral_stability_vel.asc
ncols	146
nrows	140
xllcorner	610065.000000
yllcorner	5095217.000000
cellsize	216.586807
NODATA_value	-9999.000000
[rows 0 to 34 of 140, columns 0 to 78 of 146]
14.18 12.18 12.69 10.24 12.34 7.02 9.80 11.51 11.55 10.75 9.41 8.40 8.24 7.68 10.65 7.15 9.67 9.72 9.96 13.95 16.71 15.82 12.57 10.53 9.92 9.89 10.21 10.29 11.20 12.54 12.49 14.13 8.63 8.68 8.53 9.01 10.35 11.95 12.96 13.53 13.60 13.20 12.79 12.50 12.37 11.88 11.29 10.76 10.24 6.37 8.08 9.21 6.98 1.87 6.39 6.48 5.43 8.52 8.67 10.36 10.73 9.18 11.36 11.69 10.94 10.11 11.27 15.12 16.44 15.77 14.71 12.52 10.89 11.81 14.51 14.81 11.96 12.37 16.09
14.18 12.18 12.69 10.24 12.34 7.02 9.80 11.51 11.55 10.75 9.41 8.40 8.24 7.68 10.65 7.15 9.67 9.72 9.96 13.95 16.71 15.82 12.57 10.53 9.92 9.89 10.21 10.29 11.20 12.54 12.49 14.13 8.63 8.68 8.53 9.01 10.35 11.95 12.96 13.53 13.60 13.20 12.79 12.50 12.37 11.88 11.29 10.76 10.24 6.37 8.08 9.21 6.98 1.87 6.39 6.48 5.43 8.52 8.67 10.36 10.73 9.18 11.36 11.69 10.94 10.11 11.27 15.12 16.44 15.77 14.71 12.52 10.89 11.81 14.51 14.81 11.96 12.37 16.09
13.50 14.68 15.71 11.29 16.92 17.17 11.93 11.28 19.72 19.31 18.10 17.22 9.41 8.30 17.14 14.82 14.33 8.71 9.88 10.69 13.03 14.65 14.87 12.52 9.49 8.75 18.14 18.36 11.19 11.08 10.78 20.67 11.71 12.54 8.84 9.09 17.69 12.65 10.88 16.32 14.69 16.20 18.58 18.69 15.19 9.52 12.72 14.21 11.08 12.18 12.19 13.86 9.57 1.68 6.16 6.24 6.30 8.59 9.96 10.45 11.73 6.05 5.95 9.26 10.73 10.07 13.45 16.22 13.33 17.12 15.30 12.93 4.98 13.09 15.53 13.73 13.53 14.62 16.99
4.23 12.73 16.39 15.40 13.62 14.29 17.19 17.34 19.24 14.50 17.61 16.68 10.85 7.29 12.43 10.03 12.29 11.63 10.78 7.62 8.51 13.40 18.98 16.00 10.59 8.01 16.04 17.42 10.45 9.65 17.22 18.67 19.17 19.67 18.94 17.86 18.56 17.37 16.16 18.65 17.31 17.03 17.34 17.26 16.22 14.14 16.27 15.25 15.49 15.30 13.60 9.95 7.14 1.84 5.86 6.16 8.47 2.30 0.81 3.52 4.97 3.96 4.03 8.48 9.69 4.19 16.71 7.77 17.52 18.17 17.12 7.12 14.61 16.45 18.19 14.95 15.52 18.23 19.05
8.79 18.43 15.85 17.60 14.98 15.69 10.76 16.85 9.87 12.14 21.37 20.12 16.20 10.46 5.30 10.11 12.09 10.17 11.28 10.85 8.28 12.04 17.83 17.21 14.08 9.53 8.31 18.76 16.28 16.67 17.58 17.73 20.72 20.03 21.45 20.60 20.94 21.75 17.06 16.38 17.13 17.43 17.82 17.27 15.24 14.51 17.11 17.38 16.00 13.12 12.49 10.58 9.10 2.73 5.75 7.79 10.42 2.99 3.34 12.59 6.48 7.51 5.54 12.80 7.59 17.47 7.89 17.24 17.20 18.69 8.88 17.10 18.01 19.53 15.97 20.14 18.88 18.86 20.89
6.76 18.73 14.43 20.64 15.71 14.96 16.05 17.93 18.18 19.06 20.59 22.95 16.81 13.85 5.41 3.37 12.04 9.25 9.71 6.09 8.05 10.35 16.04 24.30 17.05 11.97 8.07 18.72 18.37 19.04 18.66 21.07 21.96 21.95 23.58 21.71 22.27 22.25 19.42 16.64 18.38 18.55 17.85 17.14 17.22 16.89 16.33 16.13 13.98 11.42 10.83 11.02 9.86 4.93 8.55 10.50 6.85 2.33 10.52 2.37 7.94 8.99 10.97 12.63 16.81 8.58 16.37 17.70 18.33 6.94 18.98 12.57 13.39 19.90 19.40 18.83 16.73 18.81 22.01
14.10 19.34 13.35 14.86 18.24 14.03 14.29 10.84 18.60 18.71 19.89 22.64 21.17 15.89 10.63 2.35 12.16 10.22 4.32 5.94 7.86 10.83 15.19 20.10 21.14 14.03 17.35 17.69 20.51 19.80 17.85 22.38 23.62 21.15 22.17 21.14 21.04 22.11 16.86 16.43 16.93 18.75 17.44 17.10 18.78 14.02 15.04 13.63 8.20 3.94 3.51 4.55 12.74 13.57 10.05 6.87 5.68 4.91 6.28 7.91 8.99 12.25 15.42 5.42 12.37 15.49 18.03 17.50 10.85 18.83 13.33 19.67 20.60 19.15 18.46 13.91 18.86 20.36 22.30
17.46 18.92 19.06 19.54 17.80 16.00 16.52 18.02 18.55 9.43 19.58 21.61 21.47 14.28 9.24 4.21 8.25 9.15 11.69 4.87 7.57 9.45 13.27 18.96 22.54 16.11 12.23 22.30 21.46 14.74 18.65 23.93 20.09 18.68 21.55 20.17 20.75 20.52 18.65 16.76 17.85 18.10 18.28 17.05 16.85 14.66 11.34 6.01 3.98 3.91 14.16 14.49 13.22 10.77 10.19 11.01 9.03 6.96 9.88 10.59 11.72 15.42 11.61 17.04 12.52 17.41 18.21 17.50 11.39 14.91 19.61 19.93 21.66 13.58 20.00 12.18 19.88 20.89 22.36
16.21 18.08 14.72 16.38 17.24 15.81 15.61 16.40 18.68 19.49 19.97 11.19 13.61 17.02 12.78 8.04 3.28 9.71 9.57 4.01 7.09 8.56 10.24 16.70 27.35 19.25 14.95 22.42 20.84 16.80 18.16 21.56 17.55 17.23 21.14 19.10 19.85 19.86 20.19 21.07 20.94 17.50 18.88 20.40 10.44 15.86 14.27 9.73 14.59 13.42 14.69 15.46 13.61 12.12 9.16 9.85 10.01 10.19 12.01 13.37 13.19 9.21 7.46 9.36 16.12 18.09 19.57 17.33 16.54 22.28 20.28 17.77 14.24 22.22 16.26 17.50 20.11 21.48 23.97
15.24 16.82 16.28 18.47 17.13 19.89 18.48 17.42 17.68 16.79 17.72 19.81 20.38 18.60 11.94 7.72 4.45 2.49 13.30 3.65 6.43 8.20 9.15 13.96 21.97 22.92 17.58 20.76 23.42 18.77 16.47 19.98 18.11 18.10 19.77 17.78 18.36 20.14 19.37 21.09 20.56 18.10 19.90 15.42 16.30 8.08 14.59 15.64 12.35 13.60 14.30 13.26 15.21 13.78 14.58 12.16 12.19 12.07 13.74 12.46 6.72 14.62 12.61 16.64 17.71 17.35 18.10 17.37 19.41 21.91 18.45 22.89 23.39 17.76 17.79 22.27 22.36 24.52 26.91
12.49 13.67 15.43 16.17 17.14 17.70 18.97 19.69 18.99 18.47 18.89 18.24 18.10 18.91 13.24 10.85 6.89 2.48 13.84 12.40 6.81 15.81 7.99 10.86 19.96 26.36 20.00 18.99 21.88 15.70 13.74 18.52 15.40 16.56 18.95 18.34 19.94 20.23 20.23 22.47 18.44 18.49 12.22 15.29 14.09 7.44 15.67 13.94 15.00 11.49 6.14 14.27 17.47 12.96 11.00 12.75 13.45 12.24 13.88 7.03 7.91 10.85 17.70 19.33 16.42 16.51 19.56 19.73 21.32 23.54 19.79 19.60 18.93 19.61 16.73 24.48 25.64 27.59 28.84
13.52 11.74 10.47 13.67 14.41 16.24 17.91 19.86 19.69 18.87 18.59 17.78 16.53 17.86 15.76 16.28 10.54 3.80 11.05 14.39 6.40 17.36 8.23 9.10 18.12 27.95 20.81 20.51 21.56 14.22 13.42 18.00 15.85 17.44 18.90 18.29 19.35 19.69 20.76 21.50 22.91 14.41 18.73 10.76 8.28 7.07 16.06 16.22 14.27 13.46 17.64 17.70 15.11 12.26 11.79 13.94 13.76 13.32 12.44 6.95 9.49 16.76 19.50 19.42 18.94 22.76 18.62 19.37 20.28 21.97 23.56 20.94 25.25 17.97 25.29 26.16 27.77 29.21 29.83
12.50 13.86 12.94 10.91 12.68 13.04 17.51 19.22 19.62 20.98 18.23 17.29 16.51 16.37 13.54 13.46 10.01 14.02 13.26 16.47 16.39 19.34 20.73 11.43 17.97 24.62 20.67 18.62 19.29 11.82 14.62 15.92 17.04 6.27 19.17 19.39 20.53 19.85 18.72 14.30 26.15 16.76 12.73 16.42 7.02 14.21 17.40 13.49 15.29 16.02 18.79 19.70 14.00 12.04 15.11 16.81 14.72 15.34 14.51 9.49 13.56 12.55 21.89 21.26 16.41 17.52 18.31 18.89 19.56 20.34 22.02 23.95 18.67 17.31 26.71 27.51 28.80 29.68 29.99
11.32 11.69 16.26 18.79 16.29 14.49 15.68 10.44 8.98 11.16 18.94 18.57 19.02 18.32 15.92 14.54 10.36 12.01 16.02 16.45 17.73 19.97 21.93 23.90 18.56 23.19 20.97 20.11 15.80 11.25 11.60 15.39 17.03 19.00 18.98 19.70 21.28 21.87 11.45 16.77 23.92 17.24 11.23 8.23 12.97 18.25 17.66 15.63 15.90 19.15 19.93 19.06 14.75 14.22 16.37 16.44 17.20 16.98 17.24 18.19 16.39 12.58 13.80 23.28 24.84 25.47 24.09 22.58 21.99 17.37 22.81 23.57 24.82 26.59 27.57 28.29 29.07 29.16 28.96
10.87 15.55 15.26 19.81 19.14 18.61 16.97 17.87 17.71 8.36 10.62 19.69 18.96 21.02 23.68 18.89 13.54 6.71 13.54 15.82 17.50 20.35 23.95 28.09 18.16 20.15 21.86 18.19 14.88 10.63 11.43 14.93 19.47 18.92 20.05 19.10 21.31 21.89 13.80 19.92 21.03 14.26 8.76 12.22 19.06 18.16 18.84 13.11 16.19 20.12 19.62 19.21 19.06 18.23 19.24 17.84 18.27 19.51 18.92 20.00 22.16 24.19 26.01 23.17 21.55 18.00 16.60 15.79 14.53 23.78 18.23 24.81 24.57 25.99 26.85 27.58 28.35 28.41 27.73
21.09 21.24 20.84 21.15 20.58 18.99 17.08 14.72 15.58 17.27 11.12 18.59 17.63 17.49 21.08 22.05 18.76 12.06 10.99 14.19 15.08 20.20 25.18 25.83 28.09 27.93 22.39 18.56 13.63 9.86 12.11 17.86 19.39 8.18 20.16 20.52 19.68 12.02 16.55 20.90 13.83 12.69 8.67 13.83 19.17 17.71 13.41 14.50 17.01 21.64 17.26 19.78 21.45 18.89 18.02 17.51 19.36 21.63 19.45 19.26 22.24 23.77 20.14 18.54 16.19 15.87 19.39 16.24 18.54 19.96 25.28 22.84 23.13 24.00 24.69 24.90 25.74 26.85 29.59
22.21 22.56 21.30 18.83 19.47 17.85 17.66 15.95 14.32 15.57 16.80 18.08 15.22 13.91 16.58 14.85 18.08 14.18 14.54 18.71 18.34 23.77 25.71 18.35 23.11 24.95 22.69 15.82 12.66 8.18 14.02 18.16 15.76 21.01 18.80 20.58 9.48 12.90 18.10 25.64 17.94 13.14 9.59 8.51 14.87 12.93 13.29 15.84 18.88 20.52 19.18 20.09 21.28 21.30 19.21 17.60 23.01 18.41 21.68 21.38 20.85 19.38 17.15 17.96 16.42 19.83 22.78 16.74 22.44 25.29 23.95 21.25 21.99 23.13 23.20 22.36 22.72 24.65 26.73
23.20 23.36 22.45 19.54 17.87 20.74 19.69 17.88 15.13 12.66 15.15 15.98 14.66 10.25 14.88 7.75 11.86 12.72 17.24 13.36 22.45 26.93 25.00 17.18 18.42 21.79 21.40 14.70 11.30 10.18 17.38 18.36 18.81 20.25 17.66 18.12 9.72 13.90 18.47 22.82 17.66 13.43 9.99 13.94 13.81 13.42 13.88 20.00 19.35 21.36 20.63 21.19 22.63 21.39 17.45 22.04 24.97 16.44 22.29 22.70 19.51 19.15 19.67 22.12 22.92 25.84 27.78 25.63 23.08 22.95 25.79 20.13 19.55 23.25 25.44 26.83 22.66 22.95 24.28
20.60 22.29 21.28 19.49 16.59 18.22 19.03 17.52 14.51 11.89 13.74 14.75 15.03 16.81 17.97 17.69 17.36 17.15 16.29 19.07 24.43 28.88 25.57 17.90 16.83 21.46 18.97 13.00 10.64 13.75 18.20 18.33 21.12 10.29 17.36 18.41 10.93 14.93 24.08 23.54 19.11 17.41 10.01 7.74 14.14 18.16 19.50 19.90 20.65 18.61 21.70 23.70 25.28 19.05 20.49 24.24 20.06 19.81 23.16 18.68 17.88 22.21 25.81 24.62 24.65 27.18 29.22 18.69 23.18 25.90 20.81 18.29 19.84 20.29 20.99 24.72 25.18 22.41 21.69
15.92 18.76 18.78 17.95 16.15 15.26 16.64 16.16 13.99 11.11 13.42 12.99 17.91 17.27 16.95 14.42 16.54 17.73 17.22 21.53 24.18 23.59 20.62 23.99 19.89 19.97 15.96 11.46 13.14 16.71 18.04 20.71 16.94 18.22 8.15 10.05 13.07 16.20 24.73 23.30 21.04 17.48 10.34 7.20 14.63 18.35 19.53 21.41 18.72 19.16 21.59 25.65 15.13 22.76 22.57 19.29 19.00 20.08 20.08 20.12 20.70 23.97 26.03 22.38 26.27 26.57 26.40 28.16 25.86 23.02 19.83 21.72 23.27 23.33 23.83 27.22 27.34 23.27 22.23
14.14 15.12 17.31 17.01 17.00 16.09 16.60 16.90 15.09 12.44 15.01 14.42 13.32 14.95 16.58 15.35 12.95 17.15 17.82 24.20 23.60 21.37 17.65 14.67 21.83 22.04 16.44 11.32 13.83 16.22 18.88 21.14 13.67 17.91 8.71 12.45 15.02 17.71 21.13 21.66 19.72 15.70 10.14 6.65 14.39 14.31 16.66 17.30 20.54 23.70 23.20 25.66 20.99 24.46 15.63 16.25 19.55 20.43 23.79 21.57 21.70 24.36 22.66 21.39 24.33 26.39 25.97 24.11 21.55 25.86 22.66 24.23 23.69 19.68 21.82 26.16 25.15 22.30 21.52
11.87 15.09 16.12 17.31 15.53 16.07 15.44 16.33 15.75 12.62 14.78 16.18 11.23 11.21 13.25 16.21 17.25 19.89 18.17 22.96 24.24 19.01 19.69 22.07 25.31 24.65 17.27 15.64 15.94 16.95 21.28 17.79 12.21 18.48 9.56 13.50 22.83 18.59 28.93 22.00 18.84 13.39 8.24 5.69 14.59 17.94 21.04 18.82 22.89 19.99 25.56 24.43 26.15 21.62 14.57 18.46 17.20 23.66 26.87 20.30 22.98 24.66 23.17 24.55 22.74 27.37 26.19 26.62 21.84 22.56 20.96 21.11 23.00 24.48 23.30 20.94 19.51 21.47 22.38
19.08 20.40 21.87 20.11 17.94 18.78 18.15 19.35 18.13 15.09 14.73 15.56 11.78 8.45 13.77 13.97 15.24 18.04 20.89 26.58 24.57 18.84 16.67 18.95 24.47 25.55 19.75 17.54 16.14 15.49 18.36 14.97 12.37 20.85 9.66 13.51 15.96 19.50 27.76 21.79 16.05 9.74 6.12 4.92 16.00 15.27 16.32 20.93 25.04 23.42 25.24 16.52 16.05 16.17 15.16 17.13 17.29 25.44 22.91 20.90 25.24 25.42 26.86 23.65 23.61 24.74 21.98 21.41 22.07 18.33 17.61 21.59 24.43 18.71 24.03 19.83 17.65 19.44 20.12
16.14 18.75 22.11 14.84 22.37 21.36 19.85 18.71 19.07 16.25 13.53 15.96 16.04 10.99 10.78 14.06 15.35 20.25 24.54 23.25 20.11 16.49 15.42 12.42 16.49 29.02 21.83 18.41 15.28 13.90 19.11 18.96 14.76 20.85 17.47 13.95 17.23 20.93 29.94 20.85 12.12 6.87 5.37 15.36 17.34 21.41 21.58 23.84 22.08 24.18 16.74 16.44 16.44 15.46 15.84 17.07 16.77 17.56 19.53 26.91 29.64 29.41 25.32 24.62 23.51 23.79 21.54 21.38 20.24 18.96 22.34 20.99 23.60 19.61 18.88 18.03 19.01 19.91 19.77
13.19 19.69 12.93 13.33 21.98 21.18 19.86 19.38 20.44 17.57 13.67 15.34 16.19 11.97 11.34 13.30 15.37 19.28 23.07 21.83 18.70 14.86 12.72 14.50 16.74 33.83 25.95 18.40 16.80 19.16 23.49 23.22 19.13 21.95 24.13 14.86 18.95 27.58 27.38 19.22 9.91 16.80 12.45 15.27 19.80 20.77 20.00 23.21 23.99 24.71 16.61 16.86 17.18 17.11 17.69 24.79 26.66 29.03 31.12 23.26 22.90 30.49 21.44 21.87 22.68 24.49 21.88 22.61 21.76 22.88 24.02 21.75 19.59 18.64 20.17 17.42 17.12 18.64 15.85
12.34 19.24 19.78 19.37 17.90 17.98 19.25 19.54 20.69 19.37 15.17 13.50 15.79 15.83 13.06 13.06 16.44 20.02 21.73 20.96 17.91 15.06 12.63 13.28 19.96 33.38 30.29 17.17 19.60 28.26 29.79 22.53 19.15 19.05 23.07 15.29 21.19 32.08 21.22 15.61 7.98 16.47 16.87 20.40 20.74 22.32 22.19 25.95 25.51 25.79 17.04 17.54 17.93 17.91 18.75 28.60 29.96 31.52 21.92 23.79 23.68 26.47 22.02 28.59 28.82 25.03 23.43 23.67 27.00 20.51 22.87 21.50 20.16 19.61 16.55 18.86 15.93 17.30 17.86
8.91 11.77 12.00 19.81 17.07 16.06 19.85 19.54 21.31 20.32 17.33 16.43 15.16 17.24 13.63 12.64 17.05 20.46 19.88 18.64 17.40 14.11 11.71 13.56 18.95 32.89 32.07 17.51 21.63 35.08 29.47 20.96 18.07 20.24 23.23 22.58 33.32 30.81 19.51 13.71 16.58 19.47 19.58 20.54 21.05 24.03 25.45 26.45 25.83 17.42 18.09 18.40 18.27 18.18 18.92 18.75 18.80 20.26 23.03 24.42 29.39 27.99 26.35 26.77 25.42 25.98 20.84 19.61 19.01 18.91 21.39 17.91 17.42 15.94 18.17 13.11 12.98 13.17 16.22
10.99 17.15 16.28 16.84 17.77 18.07 18.11 18.87 19.69 20.71 19.77 18.04 13.41 15.40 15.77 17.48 19.17 19.87 17.80 16.43 15.59 13.13 9.92 12.70 17.78 31.27 35.34 24.59 27.09 36.47 29.22 22.70 20.26 22.83 29.84 36.77 34.19 26.27 18.91 16.71 18.32 20.26 20.80 21.72 23.00 24.60 24.06 26.36 27.59 17.94 18.81 18.90 18.28 17.99 18.89 19.15 19.78 21.40 23.36 24.61 24.64 29.65 24.80 24.29 22.44 16.34 19.21 18.42 20.52 19.12 18.12 17.49 17.02 17.78 14.31 14.25 13.42 15.21 13.18
13.84 13.91 12.97 13.66 16.13 17.09 15.91 15.93 18.29 20.51 18.34 17.82 10.65 16.98 16.18 18.74 20.40 19.31 16.43 15.02 13.69 11.79 9.72 11.36 14.02 23.41 38.35 36.20 37.21 38.08 29.01 26.24 27.81 30.58 33.96 35.55 28.30 22.34 20.38 19.24 19.78 21.89 21.57 21.84 23.92 26.17 26.26 28.16 26.11 18.44 19.24 19.06 18.14 18.13 19.16 19.60 20.45 22.20 24.24 25.41 25.63 25.36 34.56 24.37 22.45 19.69 18.08 17.77 21.06 19.27 17.70 16.59 15.34 14.57 14.24 13.41 12.56 13.94 14.03
12.64 14.29 12.18 12.95 13.92 14.44 17.41 16.75 16.23 18.29 19.25 16.68 14.66 11.82 17.22 18.30 20.24 18.59 16.30 15.04 13.80 12.01 11.08 9.20 11.66 19.06 31.79 40.45 46.02 39.92 33.51 33.90 37.06 36.40 35.65 32.98 25.24 22.56 20.53 19.85 21.22 21.67 21.88 24.01 26.07 26.44 27.71 30.58 18.64 19.38 19.72 19.87 18.86 18.60 18.90 18.59 21.44 23.74 25.15 25.66 25.86 25.43 25.30 23.97 22.11 19.94 22.97 21.90 21.05 19.45 17.06 14.34 11.38 11.04 11.19 11.00 11.11 11.78 11.84
6.35 10.11 12.00 11.96 11.96 13.49 14.50 18.13 17.54 16.99 16.84 16.80 17.48 9.83 13.78 18.02 18.08 15.06 12.57 12.39 11.96 10.21 11.04 10.31 10.71 16.97 24.24 36.70 48.75 43.37 39.46 40.82 39.55 37.28 34.51 27.97 21.46 22.66 19.34 19.73 20.46 21.40 23.67 26.06 26.16 26.83 28.41 17.30 19.85 20.07 20.29 20.94 20.21 19.19 19.79 21.55 23.14 24.73 25.71 31.42 31.69 31.69 25.48 29.92 27.51 24.09 21.20 19.48 15.60 13.62 11.62 11.97 12.24 11.41 12.10 12.41 12.31 12.13 11.90
8.32 5.16 10.64 10.22 10.20 11.70 13.68 15.28 16.15 17.76 18.58 16.96 18.96 18.90 15.41 16.25 15.82 15.78 11.70 10.94 10.43 9.10 9.01 9.53 12.44 18.72 24.60 32.33 45.95 45.35 42.95 41.71 36.36 33.35 27.26 20.74 22.47 24.55 18.79 18.95 19.58 21.21 24.08 26.92 28.29 27.42 27.63 17.89 20.73 21.31 21.06 21.80 21.84 20.50 20.62 22.71 24.32 25.06 25.54 31.89 32.61 32.94 25.57 28.64 25.48 23.50 22.95 21.31 19.52 16.87 14.22 13.92 14.25 14.70 14.93 15.85 16.39 15.62 14.18
9.26 5.22 1.20 11.29 12.00 13.41 13.88 14.12 16.53 14.27 17.13 18.80 20.39 18.36 16.55 17.97 15.72 15.44 14.42 11.46 9.79 9.90 9.36 10.42 15.30 22.37 20.11 32.83 45.45 46.63 44.79 41.76 32.57 27.80 24.34 24.10 26.91 25.70 22.49 22.83 19.60 20.62 24.25 26.47 27.68 26.90 26.30 17.50 19.08 21.08 21.96 22.57 23.33 22.80 22.08 23.05 23.69 23.84 31.70 31.19 31.46 31.69 30.00 27.39 26.06 19.05 17.77 15.71 14.19 12.89 12.27 11.68 11.72 13.35 12.07 12.22 15.05 15.74 12.78
8.12 8.49 8.95 2.60 6.90 8.67 11.90 14.80 15.48 16.73 17.12 14.91 13.36 15.14 20.42 18.31 15.17 15.27 14.67 13.08 12.62 13.64 12.62 12.13 12.74 18.39 31.04 35.67 46.04 47.19 44.95 40.75 28.72 24.81 23.72 24.02 25.18 22.82 21.50 21.21 21.25 22.99 25.36 25.76 27.50 24.35 26.55 17.34 18.03 19.41 21.50 23.32 24.62 24.61 24.12 23.44 22.36 22.95 24.95 26.14 25.86 30.34 28.44 26.71 25.47 23.63 20.71 17.99 15.50 14.03 8.96 8.59 9.20 10.43 11.49 13.54 15.04 15.89 14.94
9.30 9.91 12.01 9.51 4.01 8.31 9.76 11.15 12.92 13.56 16.01 15.25 19.75 19.86 13.44 17.95 14.09 14.66 15.23 14.08 14.11 16.70 19.96 24.44 21.04 26.89 31.50 36.78 45.51 48.25 44.36 37.35 23.44 21.61 21.70 20.95 19.66 17.33 17.62 19.90 22.34 23.50 25.26 25.79 29.36 27.89 27.91 18.39 19.63 20.85 22.72 24.99 26.60 26.35 25.83 25.13 23.78 24.00 25.78 25.88 25.41 22.77 26.51 24.53 22.46 21.05 19.28 12.63 8.34 7.58 8.51 9.51 10.10 12.74 13.99 14.40 14.32 14.20 14.26
