examples/cougarCreek-fire/createInputs/WindNinja/wrfout_d3.2015080912.f22/cougarCreekFire_08-10-2015_1000_217m_non_neutral_stability_vel.asc
ncols	146
nrows	140
xllcorner	610065.000000
yllcorner	5095217.000000
cellsize	216.586807
NODATA_value	-9999.000000
[rows 35 to 69 of 140, columns 0 to 79 of 146]
12.42 10.76 12.83 18.23 14.50 13.02 19.56 19.78 19.81 21.02 20.48 18.18 19.23 22.90 28.05 22.39 19.93 16.98 15.56 25.57 38.13 45.86 47.73 51.96 49.30 46.12 42.57 36.21 32.34 32.53 32.56 33.64 35.70 33.79 33.44 32.04 28.26 25.37 23.14 22.78 22.10 20.22 19.48 19.12 16.87 16.78 16.73 14.75 11.27 2.25 1.15 0.69 5.95 12.16 15.00 17.74 18.38 16.85 15.15 20.65 19.55 19.80 12.33 11.53 6.04 5.21 4.32 3.84 3.82 3.92 3.25 1.65 7.42 2.50 13.14 13.26 12.53 10.48 9.47 9.31
15.24 13.82 14.58 17.58 15.54 13.73 14.41 21.19 18.92 18.69 17.63 16.02 17.33 21.14 26.68 32.81 36.67 42.10 44.72 44.07 43.16 43.26 44.51 41.38 35.51 29.20 32.12 34.27 34.35 32.54 30.06 30.26 35.15 40.03 38.88 38.78 36.56 22.62 20.35 19.35 18.02 16.12 15.79 21.21 18.64 19.50 17.73 15.44 16.73 3.58 4.67 5.78 6.40 7.23 9.28 11.23 12.37 12.53 12.32 12.02 11.33 11.00 10.76 17.79 10.92 5.84 5.45 5.50 5.69 12.47 5.38 3.52 1.01 1.48 3.64 5.53 6.94 8.60 4.25 10.93
14.98 14.70 15.73 18.09 18.62 17.60 19.94 17.15 15.59 12.61 11.33 14.62 17.59 19.33 19.17 23.05 29.07 32.12 32.26 29.20 27.93 30.99 34.54 33.06 26.10 20.33 18.88 25.43 28.24 26.39 22.58 19.47 23.72 31.81 36.47 37.54 40.05 41.75 40.51 37.01 25.23 29.78 19.72 17.40 16.39 5.38 4.13 13.98 18.43 17.25 19.64 9.30 11.11 20.05 12.54 12.68 12.39 11.63 10.75 10.14 7.84 7.07 6.41 5.70 4.97 3.91 3.09 2.93 2.82 2.97 3.94 4.21 16.97 1.22 1.59 4.02 5.96 7.80 9.34 10.52
13.01 14.22 18.74 17.32 14.89 11.70 14.31 13.84 9.53 7.47 11.01 11.24 12.92 13.75 14.52 17.25 20.25 21.53 21.57 22.59 23.93 22.89 24.31 28.21 27.96 22.17 18.71 16.34 15.62 14.86 14.89 13.18 15.24 17.49 19.63 19.81 19.94 25.92 26.30 28.04 30.93 29.86 18.12 15.13 10.69 8.64 7.60 5.44 17.37 16.21 22.39 22.99 26.62 24.37 22.75 23.51 23.52 23.42 16.23 15.24 14.51 14.00 13.96 13.83 7.43 12.42 5.85 5.53 5.12 4.69 3.90 2.40 0.96 0.78 1.83 3.14 4.23 5.72 7.66 9.45
13.90 17.03 16.23 14.39 11.43 7.38 13.32 4.70 6.70 8.73 9.92 10.21 12.91 14.05 15.94 17.30 18.67 19.03 17.68 17.39 18.27 20.24 21.85 27.69 28.35 26.25 21.75 14.14 10.97 8.71 11.48 12.72 11.98 15.94 20.04 22.30 23.87 23.67 21.60 16.29 16.95 23.81 14.71 14.91 19.17 22.82 23.80 23.20 22.15 21.77 21.03 22.58 23.15 26.88 32.10 30.05 28.89 28.50 28.34 22.77 21.54 20.42 20.34 21.35 21.43 21.28 21.88 20.17 19.95 19.26 18.07 10.04 8.05 5.84 3.85 3.67 4.59 5.15 5.93 7.43
8.51 9.65 8.27 6.26 11.90 11.67 11.38 3.61 6.10 6.22 9.64 10.94 14.21 15.21 16.68 16.54 16.99 17.19 16.49 17.58 20.00 22.55 24.41 26.94 24.92 23.67 20.80 16.38 11.27 9.80 10.46 9.50 13.14 17.21 21.26 25.11 25.05 25.91 29.28 21.51 20.90 20.57 19.91 12.87 11.32 10.37 10.90 11.99 11.63 26.35 26.51 25.90 25.87 23.96 18.31 19.10 27.86 28.24 18.62 26.55 33.24 31.72 27.39 26.49 25.60 30.11 30.24 25.40 25.66 25.13 24.12 22.45 21.03 12.03 9.61 7.69 6.20 5.93 6.18 6.11
7.97 6.32 2.52 2.35 8.26 9.04 10.12 3.01 4.90 7.76 9.71 10.72 11.58 11.22 12.91 14.25 15.39 16.47 17.37 20.25 22.29 24.00 27.13 24.82 22.95 21.79 22.50 20.15 14.53 10.77 5.48 6.44 17.82 21.87 24.02 25.08 27.35 27.91 27.68 30.73 32.56 32.31 32.70 32.45 32.91 29.14 18.63 17.54 29.81 30.18 31.30 31.00 21.03 33.52 33.11 33.54 30.95 30.62 19.51 19.11 31.88 29.43 31.39 32.09 31.97 31.91 31.56 29.98 27.37 27.42 27.01 29.05 23.45 22.37 19.20 18.18 10.08 8.58 7.63 6.45
5.31 8.08 8.19 4.74 4.94 6.71 2.13 3.80 4.57 7.08 9.07 10.81 10.81 9.88 10.91 13.26 15.20 17.55 19.15 19.80 22.03 25.61 25.58 23.50 24.03 22.04 22.73 21.40 19.28 14.94 8.26 8.99 14.25 19.56 22.65 25.99 29.34 30.68 31.06 31.43 33.93 34.12 33.53 32.92 33.64 33.03 35.00 36.74 37.74 25.33 37.23 37.08 35.51 35.72 35.38 21.53 20.89 33.48 32.48 32.45 19.38 33.01 32.86 16.49 11.19 9.49 9.12 9.58 9.53 9.69 8.73 6.23 3.83 2.00 1.81 1.71 14.94 18.55 9.82 7.51
5.27 5.30 10.69 7.41 7.04 6.35 4.81 2.09 3.42 8.55 9.55 7.07 3.48 5.39 9.73 14.94 15.32 17.14 17.20 18.86 22.41 23.60 24.39 25.09 23.69 21.65 23.92 23.30 21.59 16.08 18.25 17.62 15.81 19.14 23.06 28.97 32.62 34.00 33.32 31.44 31.73 33.55 33.76 31.94 29.45 30.33 32.39 33.39 35.94 38.28 38.73 39.75 42.14 41.05 38.75 37.93 36.78 36.12 27.09 16.98 13.58 11.09 10.48 11.39 11.49 11.73 11.07 10.84 16.18 9.81 13.99 11.59 10.41 10.85 11.34 2.81 1.70 0.09 13.39 9.49
7.60 7.32 7.93 7.72 1.21 2.32 3.35 2.14 3.45 4.46 6.20 6.80 10.06 12.67 13.83 17.07 15.60 18.26 17.95 19.41 24.19 25.69 26.99 25.95 22.84 21.75 24.86 24.99 23.66 16.28 24.14 26.72 29.26 29.47 25.93 26.71 31.99 33.34 33.29 32.59 30.52 28.03 25.56 24.12 26.64 32.04 37.79 39.70 41.37 39.63 37.73 38.39 40.06 37.62 33.09 25.79 15.03 12.53 12.23 12.38 11.11 9.56 10.24 15.24 16.14 16.75 16.53 15.69 14.67 13.60 12.19 10.79 10.78 11.72 12.28 12.01 11.48 11.66 1.15 18.31
9.05 10.46 5.80 3.00 2.86 3.96 3.60 3.24 3.95 8.07 6.86 12.77 14.97 14.11 15.14 17.66 20.52 19.91 18.52 21.52 24.72 27.05 27.00 26.79 23.70 22.71 25.39 26.07 22.76 20.92 27.75 29.64 31.82 33.92 32.93 32.69 30.22 29.03 31.24 32.35 26.57 22.58 22.23 26.01 32.57 37.21 40.49 38.41 39.67 40.94 36.90 27.39 22.66 18.35 14.62 10.36 10.35 8.72 9.78 10.07 10.36 15.52 16.62 16.85 17.21 17.25 14.97 13.64 14.73 11.06 11.17 8.49 7.73 7.63 7.11 5.30 13.13 5.35 3.96 5.75
9.64 9.43 9.46 4.60 5.79 7.29 9.93 10.07 12.44 11.41 15.17 15.01 16.22 15.56 17.56 19.47 20.41 18.44 19.01 21.85 24.08 27.62 27.64 27.28 27.47 25.64 27.39 28.69 26.84 30.76 34.08 34.64 35.06 35.95 36.98 34.21 33.61 35.35 35.38 29.73 26.86 26.63 28.77 32.32 34.88 41.21 39.83 33.94 28.76 17.97 15.65 15.47 16.43 15.29 13.02 10.61 10.21 14.76 17.28 18.89 19.70 20.27 20.08 19.15 18.17 15.84 16.35 15.98 14.71 14.19 13.41 12.79 12.52 9.98 9.35 11.36 13.47 8.06 6.00 4.78
8.83 8.65 8.67 4.92 6.91 9.19 11.90 16.06 17.23 18.33 14.83 15.66 15.61 16.84 17.37 16.27 12.86 12.96 18.60 21.77 25.52 27.68 28.57 29.57 30.03 29.31 29.25 30.22 29.82 32.31 36.40 36.25 32.76 40.26 38.10 33.71 35.41 39.34 39.45 37.71 32.30 33.35 33.74 34.47 40.70 33.73 32.04 28.35 20.66 16.21 13.85 14.95 17.10 16.15 14.19 14.79 20.29 23.22 23.59 23.55 21.56 20.55 20.38 19.81 18.48 17.12 16.37 16.04 15.54 14.44 13.58 12.72 10.51 9.71 10.86 11.67 13.69 14.18 14.76 6.06
6.97 7.58 6.98 8.32 11.46 13.05 13.85 16.54 14.97 16.27 14.53 14.08 14.24 14.06 10.75 12.82 13.54 14.04 20.45 23.31 27.26 30.60 31.56 33.14 31.59 32.28 31.76 31.81 32.35 34.10 36.14 37.23 30.14 44.19 39.38 31.34 37.44 42.32 42.52 47.57 43.15 34.21 31.94 31.26 37.74 33.53 29.47 21.09 16.73 15.36 18.05 23.53 23.81 21.88 21.34 23.30 26.44 27.20 24.99 23.57 22.70 22.03 21.24 20.03 18.53 16.97 15.93 15.28 15.50 13.91 11.41 11.59 10.62 10.50 10.70 10.18 12.11 13.91 9.85 6.35
6.42 7.17 9.28 11.54 13.59 15.85 14.87 12.64 12.71 14.57 14.19 13.51 13.18 11.34 12.94 16.32 19.29 22.42 24.55 27.24 27.56 33.11 35.27 33.12 33.81 35.60 34.16 34.67 33.95 29.73 40.62 32.86 34.62 41.83 43.70 35.65 35.19 44.75 46.03 50.43 35.04 45.69 28.41 27.39 29.88 36.01 29.54 24.44 21.64 23.59 28.06 29.27 27.39 25.13 25.19 26.39 27.48 27.44 24.99 23.10 22.07 21.69 20.84 19.19 18.54 17.03 15.77 13.88 14.29 13.36 11.01 9.95 9.16 8.48 8.37 7.85 7.41 6.17 14.42 10.78
6.22 7.57 10.19 11.94 13.60 8.08 7.55 10.72 12.62 13.53 10.75 9.10 10.15 13.25 17.80 21.54 21.84 24.88 26.83 27.71 28.83 32.79 34.73 34.94 36.24 36.72 34.92 34.08 30.81 31.81 43.89 35.76 37.42 45.98 48.27 36.59 37.63 47.04 48.19 48.79 48.88 45.66 42.02 31.84 25.71 29.18 29.76 26.25 26.84 28.96 29.95 29.03 27.35 25.22 24.24 24.59 25.73 26.28 26.38 25.24 21.55 19.88 19.13 18.31 17.52 16.68 15.75 15.17 14.81 14.48 14.20 13.76 13.19 7.96 8.18 6.31 13.23 13.60 14.10 5.96
6.52 7.93 10.35 10.60 5.79 8.08 11.23 11.83 11.87 10.76 8.81 14.09 10.81 15.44 14.87 24.83 24.54 27.46 28.07 29.03 31.16 33.42 34.93 36.39 35.32 34.26 32.05 31.15 30.98 32.34 43.35 36.70 37.29 48.20 49.42 34.71 41.63 48.16 48.54 48.22 47.68 46.02 42.45 39.84 34.89 31.61 18.88 16.75 18.33 20.43 21.56 23.54 24.90 25.30 24.15 23.51 24.74 25.02 24.89 24.51 22.98 21.70 17.13 17.07 17.89 17.98 18.23 16.05 15.94 15.69 15.33 13.52 12.47 13.05 14.25 14.39 14.42 14.67 15.16 12.28
7.30 8.15 8.96 8.03 8.50 9.92 9.73 10.47 12.57 10.21 8.85 13.96 20.26 21.97 24.84 26.37 27.31 27.99 29.04 31.14 32.70 32.76 32.64 25.80 37.83 31.90 30.99 32.17 33.48 42.49 43.72 35.62 36.82 48.25 46.47 35.90 43.27 46.92 47.06 49.79 49.50 47.37 43.12 41.09 43.04 33.45 27.02 17.08 14.44 14.26 16.79 19.67 22.45 25.58 25.77 25.43 25.70 25.72 24.86 23.52 22.36 24.08 21.90 16.98 17.26 17.69 17.00 16.56 19.06 19.18 15.20 14.69 14.70 14.67 15.01 15.48 15.60 15.61 16.15 17.13
7.26 7.65 8.80 9.47 9.09 11.27 12.79 14.07 14.46 12.08 16.01 17.79 24.51 24.28 24.84 27.62 28.64 27.10 28.05 31.08 32.45 35.10 33.73 39.37 40.24 33.98 34.98 38.49 41.06 43.63 43.92 39.84 35.40 46.30 35.07 35.64 39.11 41.17 42.16 44.13 47.62 46.67 43.84 41.78 40.50 37.43 35.40 31.62 29.07 24.56 19.56 20.28 21.77 23.13 23.58 23.15 23.48 25.54 26.70 25.99 24.79 25.04 24.53 22.33 20.44 19.82 15.90 20.14 19.95 19.40 19.19 18.50 18.17 18.43 17.22 16.13 12.40 8.25 10.60 16.85
6.28 7.43 8.69 11.79 15.15 16.66 16.53 14.19 14.40 14.46 20.22 19.42 23.98 23.21 21.26 24.66 26.75 25.39 27.19 29.39 32.41 35.40 35.93 38.58 40.36 39.00 39.31 38.85 37.43 40.01 42.87 38.03 35.24 41.67 30.42 30.18 40.99 46.30 42.19 42.74 45.24 43.91 40.84 37.36 31.98 30.37 30.51 29.39 27.70 27.84 25.98 28.53 23.24 22.38 20.70 19.20 19.55 21.84 23.67 23.89 23.25 22.37 22.55 21.95 20.53 19.66 20.07 20.49 20.16 18.85 15.53 15.36 18.06 14.69 18.02 15.08 14.26 16.55 15.48 15.63
4.37 7.44 12.83 16.59 15.73 17.94 16.54 15.58 21.01 23.83 23.50 20.95 22.85 21.85 21.74 23.92 26.46 26.06 27.77 30.00 31.17 32.65 32.17 32.48 33.72 35.30 33.70 32.45 33.00 37.92 41.90 34.48 33.21 34.72 32.06 23.05 32.38 32.66 36.90 37.83 35.33 37.94 35.74 32.36 29.52 25.63 24.64 25.53 26.41 27.08 27.68 25.39 27.82 20.71 19.24 17.43 17.39 17.68 18.00 18.71 19.58 22.52 17.49 9.97 17.31 15.43 12.75 19.50 8.14 17.11 17.02 16.00 4.95 16.95 15.13 15.32 17.27 15.37 8.45 17.17
2.65 7.79 13.34 15.09 16.24 14.95 13.43 21.21 21.83 24.46 23.39 22.85 18.95 23.02 21.85 24.32 27.11 27.06 29.95 31.01 29.23 28.88 28.29 27.88 28.83 29.72 26.88 26.91 30.07 33.46 32.68 29.90 27.52 29.12 28.56 19.87 27.63 24.94 25.57 24.37 26.52 27.46 32.14 25.36 26.61 24.81 20.83 20.01 20.25 22.42 26.42 26.26 24.81 21.28 17.36 17.43 17.08 16.37 14.72 15.16 12.64 14.43 18.55 19.60 19.60 18.66 9.44 16.96 17.67 17.82 17.77 11.28 8.02 5.84 15.78 15.68 15.71 16.17 16.64 17.13
3.39 7.95 12.60 12.18 13.07 10.54 15.03 24.29 23.74 20.27 18.25 17.69 21.75 20.02 19.68 21.66 20.95 21.72 30.25 29.97 27.38 26.80 25.23 25.41 27.59 28.83 27.24 26.93 28.86 28.54 24.49 22.12 20.86 19.11 16.83 15.01 25.61 23.36 18.76 21.14 23.40 22.70 24.25 25.02 22.89 20.02 17.55 18.57 19.29 16.99 17.26 23.27 21.94 21.65 15.98 17.41 15.35 5.67 5.46 6.20 8.94 9.46 16.26 18.19 19.82 20.38 19.89 19.33 19.06 18.37 17.75 17.85 8.24 17.06 16.66 16.48 16.23 16.24 16.15 8.06
4.17 5.05 11.49 4.82 8.63 14.80 21.95 22.46 19.21 17.16 10.08 15.16 20.83 12.84 9.96 11.53 16.98 23.95 23.49 22.71 27.57 28.90 24.25 23.10 26.78 25.23 24.14 24.51 25.76 24.29 20.90 20.35 21.02 20.15 18.25 15.10 23.39 20.78 11.15 19.95 19.52 18.68 18.22 19.68 19.77 14.54 13.99 14.29 15.53 16.00 16.86 16.98 16.05 16.51 12.98 4.69 6.42 7.08 11.23 12.01 8.28 6.72 8.62 9.72 10.99 12.26 19.37 19.02 18.87 18.30 17.99 14.96 17.90 17.59 17.21 16.89 16.59 16.37 8.30 7.52
5.00 5.39 4.88 10.12 12.15 12.83 19.75 20.00 17.48 11.19 10.82 14.84 7.40 7.80 6.29 10.82 18.31 22.10 20.62 18.33 27.01 27.81 24.52 26.15 26.62 23.65 22.71 23.11 23.26 21.85 18.17 19.53 22.97 21.00 23.61 13.11 17.95 17.66 15.67 14.02 16.32 17.32 14.01 15.93 15.66 16.81 16.52 15.98 11.76 11.83 13.04 14.52 12.93 11.03 10.08 9.96 10.30 9.55 8.53 9.13 10.25 10.87 12.00 13.62 15.75 18.15 11.55 10.49 10.61 13.18 18.25 18.44 17.83 17.74 17.74 17.33 16.90 16.73 7.54 9.03
6.16 5.83 7.33 8.73 14.73 16.98 16.87 15.81 8.49 8.59 10.56 10.68 10.85 8.58 10.63 17.26 23.38 22.04 17.14 17.13 27.17 29.26 28.43 27.34 23.11 21.80 22.40 21.81 19.00 17.95 17.64 19.85 19.48 17.46 19.05 15.40 8.49 13.89 14.20 14.94 13.30 15.76 15.78 16.58 17.08 14.67 14.03 7.81 8.16 8.11 13.50 10.87 11.57 12.03 12.03 11.36 11.09 10.02 8.67 8.61 9.48 10.58 11.37 12.21 14.02 11.51 14.27 18.63 18.69 18.39 18.77 18.89 18.22 17.87 17.98 17.64 8.83 8.56 17.27 17.29
5.55 8.77 6.87 13.10 16.60 16.59 13.53 7.54 7.03 5.94 8.63 11.79 15.65 15.21 18.29 24.29 25.53 20.78 15.12 16.28 25.39 27.61 26.65 22.35 20.94 19.80 18.56 16.85 15.92 17.70 19.52 19.11 17.04 16.62 18.27 16.57 7.44 13.10 13.82 13.96 12.87 14.07 14.64 15.06 16.46 15.75 15.88 15.19 6.19 12.61 12.12 13.14 13.80 13.44 12.03 11.67 11.37 11.47 12.70 13.82 13.76 13.33 12.04 10.27 11.03 14.84 17.99 19.29 19.44 19.10 19.15 19.02 18.40 18.09 10.85 10.40 17.53 17.61 17.57 17.56
7.91 8.93 5.37 12.84 14.05 13.35 13.83 1.20 5.33 8.61 10.93 17.40 19.78 21.89 25.97 27.65 24.21 17.41 14.28 24.79 24.19 24.82 25.74 24.44 22.55 19.24 16.86 15.95 16.20 17.83 18.56 17.39 14.24 16.42 17.67 15.82 14.40 13.19 13.55 12.51 12.97 12.94 13.13 13.66 14.91 15.26 14.27 13.91 13.02 11.70 10.35 11.06 13.01 9.28 9.29 9.75 10.15 11.50 14.19 16.28 17.03 16.83 15.57 13.22 12.56 15.54 19.26 20.58 20.28 19.77 19.09 18.79 18.52 18.44 11.38 18.19 17.62 17.81 17.85 17.80
9.40 4.44 2.97 5.44 5.95 5.66 6.74 9.68 12.44 15.61 17.89 20.68 23.94 28.36 31.63 29.00 21.14 14.76 14.76 24.02 24.69 25.20 24.69 23.31 19.82 17.56 16.06 15.54 16.10 17.48 18.33 15.96 15.49 17.25 14.74 14.55 13.41 14.09 13.48 12.84 12.50 13.18 14.34 13.12 13.43 13.98 13.66 13.52 13.24 12.03 11.48 11.30 13.35 7.27 6.53 6.98 8.00 10.01 12.65 14.75 16.14 17.00 17.84 18.15 17.99 18.93 20.74 21.72 21.30 20.43 19.31 18.74 18.74 18.85 11.95 18.17 17.54 17.90 18.20 18.03
3.32 2.88 4.96 11.48 13.83 12.64 13.04 15.56 19.59 22.36 22.87 23.77 28.53 33.11 33.45 28.48 19.93 17.01 18.08 23.79 24.48 24.00 22.24 20.88 18.56 17.29 15.51 15.92 17.63 18.46 17.95 19.35 17.28 17.69 13.65 13.17 13.29 12.37 12.62 12.85 13.44 13.27 12.34 14.38 13.17 12.67 13.46 12.58 7.78 12.76 10.47 9.83 10.28 12.07 5.68 5.65 6.50 8.41 11.06 13.05 14.32 15.85 17.96 19.79 20.35 20.20 20.73 21.68 21.73 21.21 19.97 18.79 18.93 19.21 19.00 18.00 17.14 17.67 8.82 7.76
2.86 3.53 5.08 11.68 16.44 17.25 17.91 21.70 26.20 28.40 28.43 30.68 34.01 34.36 30.82 25.17 19.57 18.35 21.21 23.90 18.99 19.34 20.93 21.15 17.99 15.77 14.89 16.15 17.93 18.23 18.70 20.21 17.27 15.37 13.33 12.61 12.70 13.18 13.66 12.35 13.59 13.48 12.51 14.23 13.38 13.57 12.15 11.42 6.69 6.34 11.79 9.19 9.89 11.58 5.69 5.42 6.02 7.79 10.23 12.18 13.52 15.39 17.73 19.48 20.10 19.83 20.03 21.13 21.70 21.77 20.60 19.02 19.06 19.40 19.32 18.41 17.35 17.70 18.23 17.58
5.73 3.81 5.39 12.61 17.55 20.42 22.83 27.68 31.58 33.04 34.61 37.85 39.61 36.60 30.31 23.03 19.22 18.35 20.54 24.14 23.80 15.32 22.19 21.00 16.45 14.12 13.51 16.07 18.14 18.59 18.93 19.46 17.31 14.94 14.07 12.74 11.57 14.85 14.42 9.57 12.46 13.79 12.17 12.62 13.37 13.96 12.94 11.97 12.17 3.93 6.17 9.79 11.15 7.95 5.53 5.12 5.44 7.26 9.67 11.77 13.46 15.26 17.15 18.44 19.17 19.34 19.44 20.49 21.68 21.95 20.79 14.20 13.61 19.19 19.44 11.31 18.49 18.11 18.10 17.67
3.84 3.23 4.95 13.13 21.32 27.06 30.45 33.07 34.93 36.73 37.10 40.25 40.41 37.57 31.96 23.33 18.84 17.62 22.02 24.17 19.95 17.87 17.92 20.11 16.77 12.99 12.63 17.00 19.91 21.23 19.74 18.11 14.90 12.57 13.25 13.28 11.58 13.53 14.21 9.45 13.28 13.12 8.69 7.54 9.57 13.34 13.54 13.54 10.97 6.75 5.68 9.63 11.24 10.78 5.17 4.78 4.76 6.40 8.86 11.22 13.34 14.94 16.30 17.20 17.91 18.56 18.48 19.16 21.16 22.14 15.20 13.70 13.92 18.67 18.75 19.19 19.23 18.60 17.90 18.16
1.64 2.06 7.32 18.87 28.60 32.78 32.49 35.72 36.92 38.44 39.02 38.75 37.83 35.85 31.99 23.86 19.00 19.19 21.87 24.54 20.26 19.96 20.35 17.07 15.91 9.87 12.02 18.18 21.50 21.73 19.04 15.74 14.57 12.33 13.05 13.66 13.30 13.93 13.29 9.17 12.10 8.96 8.22 8.33 8.22 7.95 9.47 11.84 10.63 12.20 9.38 9.14 9.94 8.89 9.66 6.66 3.37 4.47 7.63 10.94 13.52 14.38 14.85 13.78 16.62 17.47 17.14 17.49 20.38 22.32 21.34 19.85 12.02 18.50 10.94 18.54 19.56 19.13 11.43 10.32
2.31 3.94 6.70 24.25 33.57 35.21 35.62 35.78 36.95 38.50 37.98 36.63 35.78 34.34 32.90 23.45 18.98 16.66 22.44 24.61 21.18 20.12 17.51 15.81 15.07 9.85 14.78 19.43 22.46 20.84 17.07 17.67 16.14 15.12 15.12 14.11 13.79 13.85 14.18 9.45 9.17 8.68 11.91 8.48 7.98 7.49 9.41 12.07 11.32 11.01 10.20 9.92 10.23 10.01 6.39 7.55 5.53 1.98 5.60 10.59 13.92 14.47 14.01 14.26 15.12 16.10 16.31 17.30 20.10 21.91 21.57 20.26 12.49 18.69 18.62 10.38 14.68 12.22 18.89 19.19
