examples/cougarCreek-fire/createInputs/WindNinja/wrfout_d3.2015080912.f22/cougarCreekFire_08-10-2015_1000_217m_non_neutral_stability_ang.asc
ncols	146
nrows	140
xllcorner	610065.000000
yllcorner	5095217.000000
cellsize	216.586807
NODATA_value	-9999.000000
[rows 88 to 131 of 140, columns 0 to 95 of 146]
316 310 304 308 309 309 304 305 281 280 274 264 256 286 315 307 298 253 250 244 235 230 227 309 328 299 208 220 279 257 225 236 278 211 255 269 291 301 198 200 205 199 191 158 159 185 140 123 132 165 122 49 161 322 133 160 139 130 149 114 113 118 119 139 85 44 76 82 75 77 79 79 66 23 114 111 109 109 110 99 102 105 102 72 85 80 83 103 102 100 99 98 98 97 95 94
314 309 312 311 308 307 307 308 280 279 272 284 256 257 317 307 300 248 245 239 231 227 226 310 226 238 235 227 262 239 224 239 262 209 203 298 285 288 201 200 199 277 190 158 162 228 293 117 136 135 134 100 160 159 138 162 140 141 119 130 106 130 127 122 103 119 55 79 61 60 81 71 74 74 94 74 88 116 108 131 126 130 108 106 121 103 101 103 101 100 99 98 96 94 92 91
312 308 313 313 310 310 310 308 280 277 270 287 256 253 308 257 301 245 241 235 228 223 291 239 232 230 228 233 243 232 220 244 255 238 198 251 219 253 200 198 196 187 187 203 165 220 267 144 179 174 142 142 163 161 163 134 161 149 156 155 142 124 148 115 100 96 351 52 327 330 357 70 123 120 117 72 78 77 71 111 111 108 106 106 103 101 102 103 101 100 98 96 93 91 89 88
309 305 309 312 309 310 310 311 276 274 270 263 255 251 252 299 292 241 237 232 226 222 282 219 224 223 215 233 224 215 240 257 246 248 228 256 199 235 198 169 183 197 184 222 168 224 164 183 179 175 175 171 204 191 176 152 145 152 143 157 132 148 131 142 83 138 65 119 132 143 141 4 125 125 64 82 74 74 79 73 82 87 100 106 104 104 103 103 103 101 99 95 91 88 87 86
314 310 308 311 316 313 313 308 309 267 265 295 253 297 249 304 244 284 234 230 224 261 262 227 222 220 258 247 205 211 259 254 262 265 246 238 193 200 177 194 182 203 185 182 180 173 163 160 178 177 176 172 199 167 167 191 156 159 141 141 134 115 151 155 57 142 136 37 117 139 133 11 126 127 80 90 22 38 32 122 117 86 47 77 70 89 96 90 103 102 101 98 94 91 89 88
318 290 289 287 309 308 313 273 307 261 317 297 249 301 292 298 298 266 232 228 225 260 245 201 219 218 257 240 238 236 247 238 260 250 215 190 200 200 199 194 188 187 186 183 180 166 162 179 178 177 176 161 188 169 169 166 176 197 155 146 137 142 165 179 174 79 80 113 356 156 156 18 129 128 86 60 69 119 114 113 112 111 110 47 52 74 53 104 103 103 94 100 97 94 91 88
294 292 289 288 315 311 316 274 268 262 256 307 300 291 292 295 289 284 231 227 225 248 266 224 218 219 247 257 257 274 259 249 245 197 204 202 201 199 198 194 188 185 185 183 182 180 180 178 177 176 175 168 189 172 171 168 191 164 181 158 144 129 214 151 149 187 346 76 340 154 169 12 131 83 69 80 116 73 117 112 113 111 108 106 105 92 92 73 104 103 35 99 99 102 95 90
315 289 305 283 313 310 280 319 269 293 312 306 298 289 291 290 299 290 232 226 221 284 265 222 221 221 262 250 211 219 210 246 204 190 205 202 199 196 194 193 190 186 184 183 183 181 179 177 176 175 174 172 172 173 172 169 167 165 164 162 155 167 190 154 150 145 142 170 162 161 166 134 76 72 57 60 116 114 112 130 113 113 94 80 95 104 92 66 70 102 98 39 98 97 94 94
290 288 311 305 310 316 281 326 315 323 298 311 305 289 292 285 305 293 233 225 222 266 227 226 224 221 279 256 273 181 200 206 179 207 204 201 198 195 193 192 191 187 185 184 183 181 178 177 176 176 174 173 173 173 171 170 168 166 164 162 196 174 157 154 180 146 141 137 134 185 179 128 125 61 34 68 117 115 112 120 110 110 109 107 70 70 62 56 98 98 31 38 47 89 88 88
292 290 312 312 307 324 333 281 330 342 262 320 309 302 242 296 295 294 232 272 226 230 229 226 224 275 213 284 201 216 201 212 211 207 204 201 198 195 194 192 189 187 185 184 183 180 178 176 176 176 175 174 173 173 172 171 169 167 165 163 161 160 158 155 152 148 144 139 135 132 129 127 125 129 108 49 60 116 115 51 107 106 105 103 96 99 98 99 57 93 91 86 84 82 80 81
289 291 292 317 318 284 326 285 282 273 335 325 307 296 246 245 309 282 278 297 229 231 230 225 262 272 271 219 217 216 203 211 210 207 204 201 197 194 191 191 189 186 185 184 182 179 177 176 176 176 176 175 174 174 174 172 170 168 166 164 162 160 158 155 152 148 144 140 136 185 129 127 125 174 97 356 52 119 117 55 54 53 105 59 102 52 54 99 95 41 33 82 83 81 79 75
285 308 286 318 338 285 318 281 279 344 356 264 313 294 253 283 296 293 289 236 233 199 227 221 216 283 249 246 274 251 199 165 210 207 204 200 197 194 192 192 190 186 184 183 181 178 177 176 176 177 176 175 174 176 175 173 171 169 168 166 163 160 158 155 152 148 144 141 137 134 131 129 174 166 158 104 34 55 118 112 39 108 25 47 43 12 34 99 100 91 15 83 81 80 85 355
289 319 279 333 287 311 320 325 333 273 271 268 310 262 287 247 292 281 290 236 233 229 222 325 295 248 244 276 282 248 215 214 211 208 204 201 197 197 200 200 192 183 181 183 182 178 176 175 176 176 176 175 176 177 176 174 172 170 169 167 164 161 158 188 151 148 144 141 138 135 132 130 127 124 121 158 102 65 116 114 61 20 57 52 7 30 100 348 96 33 9 84 86 84 87 12
292 290 284 359 285 322 343 280 274 345 259 343 304 312 300 293 291 279 285 313 228 226 221 220 224 224 277 285 283 168 219 216 212 209 206 203 201 201 203 203 193 182 180 181 181 177 175 174 174 175 176 176 177 178 178 175 173 171 170 168 165 162 159 155 152 148 144 141 137 134 131 128 187 186 182 174 167 137 25 60 36 52 75 135 166 97 157 165 89 353 84 1 10 79 83 76
295 298 299 288 288 326 281 332 313 3 253 342 338 323 312 289 241 281 286 280 227 18 158 226 228 224 295 301 276 224 222 217 212 210 208 205 203 201 198 196 191 183 180 179 179 176 175 173 173 174 175 175 177 179 179 176 174 173 172 170 166 162 159 156 152 147 197 192 190 195 193 192 189 188 174 165 164 149 72 50 90 94 73 71 34 80 45 8 352 136 114 162 74 73 17 11
298 301 306 297 359 279 325 331 337 280 268 355 251 309 346 309 243 284 238 274 23 227 160 208 348 317 306 304 235 223 249 240 212 211 209 206 202 199 195 192 186 181 179 179 177 175 174 174 173 173 173 174 177 179 179 176 174 175 174 172 167 163 195 155 150 195 197 192 192 196 197 194 183 188 191 175 128 335 51 50 60 23 44 30 359 92 92 14 16 80 23 360 346 4 26 11
298 299 297 294 283 349 270 310 6 285 285 276 332 323 259 305 292 289 239 306 234 153 156 227 317 203 323 314 283 265 322 290 215 212 209 205 202 199 196 192 187 181 179 179 177 175 174 175 174 172 171 174 177 179 179 176 175 176 176 174 169 163 158 154 149 199 196 195 132 128 201 201 199 189 191 193 152 53 24 16 34 11 19 15 2 21 18 95 352 89 84 10 76 28 354 352
307 300 293 292 287 273 346 271 290 354 286 290 279 6 270 264 299 289 237 307 23 234 229 340 343 224 244 227 324 286 221 221 217 213 208 204 201 200 198 194 188 183 180 180 177 175 174 175 175 173 172 173 176 178 178 176 176 178 178 176 170 163 159 154 204 204 208 133 131 127 124 210 206 202 195 194 197 182 162 156 70 31 14 5 354 0 19 19 3 10 88 10 16 73 73 356
313 312 309 306 305 296 284 280 6 287 10 278 332 351 266 258 308 293 239 290 18 104 282 228 230 61 230 226 349 225 225 223 218 212 207 204 204 203 200 195 188 183 181 180 177 175 174 174 175 175 173 173 176 178 178 173 174 179 181 179 172 163 157 154 149 143 136 132 128 125 123 120 117 207 202 197 185 188 172 129 17 354 355 333 282 293 345 348 348 335 81 10 357 65 75 3
321 318 318 318 317 311 306 300 287 289 8 346 1 258 337 339 242 242 245 237 92 129 233 339 233 231 342 334 225 228 225 221 215 209 208 208 138 149 164 194 189 185 182 180 177 176 174 174 175 175 173 173 177 182 181 172 173 182 185 182 174 163 155 151 147 139 217 216 219 218 222 227 237 235 212 193 191 205 36 19 18 352 350 358 340 63 335 343 360 329 13 32 351 326 342 351
320 313 316 318 318 313 308 306 297 5 279 13 260 355 350 343 308 301 300 296 109 239 151 10 16 24 337 346 229 322 220 214 331 209 211 130 212 210 202 193 189 187 184 181 179 129 174 174 176 176 175 176 179 186 185 176 177 186 189 184 173 159 151 148 144 215 227 235 235 230 230 116 245 259 251 255 260 295 341 353 354 348 340 344 346 352 345 336 351 360 354 358 346 356 343 344
327 317 322 315 316 317 310 304 307 311 304 281 13 358 4 340 239 315 319 317 94 113 286 342 306 347 349 229 225 335 211 335 212 215 134 215 125 208 198 193 191 189 185 182 122 178 174 175 177 178 177 179 184 188 185 180 184 195 194 182 168 152 142 140 135 126 224 230 242 116 257 114 274 111 109 334 295 278 295 337 340 333 325 336 348 2 3 1 15 6 356 1 7 351 350 351
325 326 316 319 313 319 322 317 320 322 328 298 9 292 285 339 330 20 230 334 43 1 339 338 352 334 341 345 332 345 353 216 106 123 127 124 113 204 347 197 194 190 187 114 114 118 175 176 179 180 180 184 190 193 190 191 202 213 203 177 157 140 129 124 119 113 223 218 233 244 246 225 217 239 285 309 278 263 294 312 325 333 333 334 339 357 358 358 1 5 2 8 352 354 358 347
318 323 322 310 304 310 321 325 328 317 316 312 316 310 359 351 276 264 258 258 261 250 241 356 9 14 341 359 347 225 338 228 131 125 114 100 212 204 202 106 107 107 107 108 107 110 177 178 182 183 186 190 201 210 212 225 238 234 212 177 146 125 115 112 110 294 283 266 256 242 234 209 190 198 213 263 304 327 320 318 335 334 328 327 335 352 353 352 2 14 8 55 1 350 352 27
315 320 322 309 301 295 295 309 322 320 17 319 17 1 347 360 311 313 304 291 275 257 253 9 14 25 11 241 244 1 55 86 45 228 62 316 213 210 87 91 99 104 99 101 105 182 183 186 189 192 198 214 242 259 268 271 261 243 218 180 134 106 100 102 105 104 102 102 313 300 298 329 338 306 290 296 323 325 321 328 341 347 341 345 339 348 358 1 358 360 360 49 48 355 346 339
323 325 326 319 296 279 285 287 290 298 296 33 10 339 345 355 305 318 319 316 302 288 263 12 41 36 9 359 349 354 9 353 348 232 230 223 218 63 65 71 75 79 91 108 121 193 198 205 210 219 242 272 290 301 310 315 315 308 309 358 56 77 87 96 102 103 103 103 102 332 339 100 349 351 338 328 334 338 343 334 342 351 347 344 346 344 350 0 0 10 3 348 3 348 331 325
331 333 331 326 316 305 295 286 284 274 347 293 290 346 356 349 290 296 300 303 297 301 280 17 60 39 357 353 345 348 345 358 239 237 342 227 39 61 41 42 56 76 103 211 222 232 240 244 246 256 275 288 297 306 318 333 346 353 355 6 34 63 84 323 320 321 323 322 323 319 320 314 311 334 345 340 349 348 348 345 345 352 347 342 338 341 350 357 354 357 12 2 351 1 13 341
332 338 341 333 327 324 323 315 294 271 269 281 3 357 310 292 294 290 287 279 342 10 16 65 72 357 2 353 353 344 347 6 26 3 237 235 42 38 234 29 59 78 86 84 70 293 302 299 295 294 296 301 305 310 319 334 352 2 6 18 41 64 81 92 322 319 328 327 318 315 314 311 317 326 343 340 341 343 337 334 342 350 352 345 350 347 355 0 2 359 354 354 349 18 8 348
329 337 344 336 326 323 324 328 328 327 301 288 351 359 296 305 301 290 294 295 295 15 31 64 29 351 355 349 1 351 343 2 17 11 251 39 34 13 243 39 63 67 64 49 34 26 323 329 328 321 314 313 316 319 325 338 353 4 14 30 49 64 76 343 332 318 317 322 325 327 324 328 326 331 338 339 337 336 329 321 330 336 345 346 342 344 354 360 1 0 355 351 337 332 5 1
324 332 338 333 326 320 318 325 336 342 335 298 286 298 298 301 300 300 304 315 322 25 53 56 333 285 356 353 353 336 345 1 36 33 27 22 267 253 22 51 56 62 65 50 32 20 19 326 329 326 318 313 314 317 322 335 351 5 19 37 52 62 357 77 357 342 325 319 330 336 338 326 326 327 328 337 334 339 337 335 334 335 339 340 343 347 355 3 357 40 31 353 346 18 332 356
328 329 332 331 331 329 327 328 334 341 345 337 319 301 340 297 294 292 295 309 316 30 288 16 285 301 1 353 352 338 344 28 40 29 24 9 350 12 48 61 57 61 58 38 21 275 16 24 307 313 307 300 298 297 300 314 340 4 24 45 352 357 67 74 5 358 354 337 319 330 347 334 322 319 317 322 327 333 337 339 348 352 357 348 345 351 8 3 356 35 32 358 355 344 338 345
333 328 329 331 331 330 333 335 329 334 334 332 324 316 301 18 284 283 18 283 2 29 35 273 273 353 359 358 353 348 355 24 25 24 13 3 9 40 67 69 61 56 46 29 18 20 26 20 7 277 279 276 276 275 274 277 289 352 346 351 352 353 359 6 5 3 2 355 326 318 340 341 332 326 322 329 334 340 345 352 344 346 356 351 352 354 12 9 358 34 30 2 19 7 350 356
325 325 327 331 331 330 336 341 337 328 320 314 308 307 301 305 6 19 47 7 18 268 33 11 1 359 344 359 348 310 330 275 12 24 5 5 33 51 69 71 52 43 42 38 36 39 32 14 13 13 358 250 251 251 247 239 328 327 334 348 355 351 357 2 8 9 1 353 339 320 326 341 342 341 336 330 329 335 352 348 349 347 350 348 344 339 349 349 352 28 26 357 12 5 2 356
325 318 321 326 326 330 342 347 340 320 320 313 311 311 307 282 18 39 23 2 19 46 44 37 10 345 346 1 359 267 343 5 15 27 360 17 55 63 69 66 38 35 48 53 57 52 33 16 19 21 4 352 339 330 324 319 321 319 321 338 356 354 353 1 69 65 3 357 357 327 322 332 334 331 332 328 334 332 347 352 348 347 351 352 348 46 47 43 22 347 18 349 8 0 358 354
320 312 314 324 313 317 342 350 336 328 325 323 320 320 320 323 298 47 286 5 9 17 12 2 271 255 2 23 350 262 329 13 19 21 359 30 56 54 60 46 20 42 63 63 65 51 22 18 22 30 19 0 341 324 318 317 312 308 307 323 353 351 337 352 75 69 4 1 1 341 325 318 321 328 331 333 337 335 344 349 347 348 356 358 359 2 351 35 30 333 347 342 348 358 354 353
317 310 309 310 310 307 333 338 325 322 322 329 324 320 317 328 338 55 25 356 6 10 7 359 295 309 20 283 282 285 298 357 357 357 5 34 46 44 42 25 24 51 59 58 61 36 8 26 36 49 44 3 337 317 312 307 306 301 295 305 343 347 326 341 359 87 71 358 355 342 334 334 338 343 337 331 332 333 338 349 347 350 349 357 2 14 7 359 349 347 348 349 353 355 353 354
316 312 308 306 301 311 323 326 320 318 325 339 329 323 316 322 327 340 28 316 15 15 8 359 299 317 303 291 286 287 284 346 355 359 27 42 51 52 46 40 45 57 61 59 47 26 13 39 51 53 40 348 326 316 305 298 296 291 287 296 323 322 317 327 341 130 98 351 336 332 335 343 348 349 346 341 338 338 341 342 344 348 47 2 3 15 11 35 356 350 20 6 358 354 353 355
319 321 319 298 310 311 316 319 319 319 325 333 332 328 324 324 330 337 316 329 307 10 7 7 358 354 297 291 341 289 287 330 5 24 60 63 59 60 63 64 59 70 73 57 42 44 36 45 51 39 31 352 340 324 301 287 279 275 274 279 290 280 281 287 298 331 348 0 303 11 323 338 347 358 0 351 344 338 336 339 346 348 9 15 356 359 34 24 353 348 342 3 355 356 354 355
324 323 322 318 305 315 319 319 319 318 325 333 331 326 325 330 330 0 309 8 9 353 11 16 302 351 1 4 327 326 283 290 23 51 71 68 59 68 67 52 59 73 66 55 64 68 47 40 53 49 45 11 349 349 322 308 277 196 196 196 199 198 194 190 204 231 308 11 7 9 326 342 344 355 43 4 349 340 336 337 335 342 346 13 4 359 21 18 354 348 340 360 353 355 354 355
322 319 330 308 305 317 317 318 322 314 314 321 327 323 320 325 338 328 27 7 357 1 14 12 317 350 351 344 286 286 334 356 28 57 76 83 77 68 60 59 73 81 66 73 90 70 33 42 69 82 74 57 47 194 198 201 201 202 203 204 205 206 209 215 235 285 319 344 350 28 336 349 342 343 10 7 358 344 337 334 330 332 341 353 356 2 9 10 10 352 345 360 353 353 353 354
323 323 318 321 309 291 292 308 310 313 293 299 315 318 313 315 338 339 348 10 0 1 359 347 354 355 358 319 303 280 345 22 42 72 84 77 56 46 62 75 89 189 190 195 200 71 47 69 193 192 194 194 198 201 205 207 208 209 210 211 214 219 225 235 251 275 296 312 314 43 51 335 336 330 358 3 358 342 335 333 335 340 346 348 347 349 352 3 6 354 345 358 352 352 353 355
321 325 322 315 311 296 293 291 295 299 283 287 299 318 304 302 324 349 359 323 357 359 352 346 354 359 358 334 334 34 356 49 65 84 188 83 57 68 80 86 196 194 200 204 207 204 201 198 197 197 199 202 204 205 207 210 213 216 219 225 234 244 253 264 276 288 294 285 250 201 42 30 46 328 342 355 358 351 338 336 336 335 336 345 348 348 345 344 350 351 349 354 351 352 353 354
318 315 329 321 315 307 299 295 297 283 285 293 293 299 313 296 322 333 330 319 308 354 352 348 352 348 354 342 344 358 22 57 61 79 189 201 74 76 221 215 211 211 216 217 217 213 205 198 198 201 203 204 205 207 210 215 219 224 233 247 262 272 277 283 295 312 323 342 2 19 26 26 317 42 336 343 352 348 344 340 338 337 338 336 347 351 355 348 345 346 348 352 352 352 353 350
314 315 323 320 324 316 313 311 304 307 308 285 297 296 311 301 314 348 327 323 321 314 352 351 352 347 335 339 341 16 45 60 64 80 76 44 52 239 246 250 250 248 243 233 225 42 53 196 202 209 208 206 209 213 220 225 233 246 264 279 288 292 289 288 299 318 339 356 7 18 20 22 26 319 322 325 342 341 340 341 342 345 345 341 333 341 353 356 348 346 350 348 349 352 354 351
