examples/cougarCreek-fire/createInputs/WindNinja/wrfout_d3.2015080912.f22/cougarCreekFire_08-10-2015_1000_217m_non_neutral_stability_ang.asc
ncols	146
nrows	140
xllcorner	610065.000000
yllcorner	5095217.000000
cellsize	216.586807
NODATA_value	-9999.000000
[rows 44 to 87 of 140, columns 0 to 95 of 146]
221 224 230 120 96 347 107 47 71 76 25 347 351 9 10 21 20 22 34 46 49 38 31 28 32 40 37 31 32 29 16 354 339 326 324 327 315 311 311 313 311 306 299 303 305 309 314 324 327 328 324 323 323 324 318 306 307 327 331 328 332 342 346 348 349 353 358 2 4 7 12 17 25 32 36 39 42 45 304 28 53 59 60 64 67 70 70 70 70 71 78 80 30 73 18 359
125 134 127 62 351 14 336 3 6 325 265 340 5 15 14 15 9 24 37 45 45 37 31 22 24 27 23 24 23 23 13 358 349 337 328 320 321 332 327 315 308 324 316 314 318 315 322 332 333 333 325 312 309 306 308 311 337 334 327 326 336 349 353 353 353 355 338 344 9 352 312 347 355 357 1 15 46 34 1 304 44 58 60 62 67 70 71 72 71 68 73 81 73 62 11 61
221 216 221 331 343 355 330 323 315 278 333 353 12 7 7 9 16 36 39 44 43 30 19 10 11 14 17 21 20 21 10 0 352 344 332 322 323 323 319 328 332 326 323 326 333 325 333 334 323 316 334 325 316 316 319 327 345 346 342 344 352 356 358 358 357 341 4 10 349 19 26 32 36 357 3 11 49 18 17 345 321 54 65 65 68 71 73 73 71 69 8 81 76 63 59 60
217 219 231 3 350 332 282 321 320 320 342 1 9 10 17 32 350 351 36 35 31 15 6 4 8 11 16 17 17 17 12 5 356 348 336 327 326 328 326 323 336 331 334 337 332 345 341 330 346 346 343 329 319 316 322 331 343 349 352 355 351 351 351 353 3 5 354 357 21 26 31 5 1 4 8 10 51 53 52 10 317 53 68 70 70 73 75 75 74 71 71 78 84 35 67 67
216 225 258 317 274 278 271 327 331 331 351 358 5 19 22 336 345 351 30 25 20 5 1 7 11 14 18 15 17 21 15 8 359 350 336 338 329 333 332 337 337 340 341 342 330 327 318 341 344 351 347 338 337 338 338 341 348 353 359 4 7 7 7 7 8 12 17 23 6 5 358 329 2 1 338 2 11 56 2 23 1 323 70 76 73 75 77 79 78 76 75 77 39 84 30 23
217 230 246 254 278 314 330 344 335 338 344 356 7 6 327 15 11 11 5 11 12 2 3 9 7 11 11 12 17 11 14 4 359 353 339 341 341 334 332 337 339 334 345 345 349 329 343 336 341 346 345 344 346 347 346 349 351 354 1 6 11 14 14 12 359 358 357 355 330 330 336 12 9 13 17 8 4 10 59 52 30 357 71 81 80 79 79 80 81 80 79 76 82 37 31 22
220 233 249 276 325 341 334 339 336 336 351 6 10 14 1 354 356 355 357 5 6 2 1 358 359 1 3 9 5 7 9 1 357 353 344 347 346 337 334 335 335 333 335 345 353 355 350 350 352 352 352 354 353 351 349 350 351 354 357 1 13 18 21 19 18 19 21 25 31 36 39 42 44 20 13 26 57 59 61 33 61 63 71 80 85 87 84 82 81 80 81 79 79 85 82 73
225 237 272 330 351 338 335 337 333 343 328 304 6 358 312 345 348 351 357 2 1 1 359 350 356 2 11 17 10 4 5 358 354 353 345 350 343 341 338 336 331 330 332 335 346 349 358 3 3 2 3 1 357 358 356 347 349 359 357 360 3 7 23 25 25 26 9 29 345 14 31 18 19 25 21 57 60 63 65 25 65 67 70 75 3 84 86 84 81 80 80 81 82 82 78 74
231 240 286 344 331 328 327 328 332 342 348 338 331 332 332 337 343 348 354 357 356 2 2 349 1 14 13 11 7 5 359 353 353 353 345 351 346 344 339 334 330 329 332 335 336 342 346 355 358 5 4 2 359 360 354 347 350 356 0 3 5 349 11 27 33 35 36 37 23 28 53 56 56 56 57 59 62 66 67 66 21 70 72 75 75 124 42 83 85 82 78 77 80 79 74 74
231 277 337 347 335 325 320 322 335 335 326 282 316 322 332 338 342 350 350 352 352 356 354 350 10 10 4 5 2 357 352 356 351 352 352 355 351 345 339 334 332 332 332 336 340 338 337 342 346 356 359 0 1 356 348 347 359 6 7 8 11 14 20 25 29 32 46 31 28 27 35 39 36 32 27 24 2 40 19 69 71 72 40 60 85 72 75 79 80 80 78 77 78 76 74 75
226 284 334 323 320 316 333 329 335 326 277 275 314 327 335 339 344 352 352 352 349 348 347 348 357 357 352 350 355 354 348 355 348 352 354 357 352 345 343 341 340 338 337 336 336 331 331 331 332 334 350 359 357 354 350 354 8 19 20 21 22 23 28 28 26 29 35 32 24 18 359 2 24 58 30 31 40 64 39 27 17 19 41 73 74 105 74 102 76 79 82 46 78 79 80 78
219 301 324 314 288 322 341 330 317 307 271 273 320 326 329 330 338 343 341 339 337 337 336 339 343 341 340 346 354 354 346 343 340 349 349 356 355 353 347 346 349 348 340 349 341 336 318 317 326 335 338 345 356 351 356 8 24 29 28 29 25 11 5 24 40 43 359 10 32 46 47 49 27 17 60 61 35 14 103 67 102 97 75 75 75 77 78 78 77 77 79 80 79 80 82 81
218 311 327 316 316 358 352 320 281 289 276 313 294 327 328 330 331 334 330 325 325 325 330 338 342 342 350 354 353 346 341 343 335 346 345 345 349 347 339 347 345 347 339 349 340 334 326 323 330 318 333 342 342 354 358 8 19 12 4 1 14 42 33 34 36 39 53 47 45 45 48 39 27 71 59 64 68 68 67 69 75 73 76 79 79 44 81 82 82 80 78 113 78 123 93 77
239 293 339 349 10 16 299 297 284 294 318 332 318 327 334 331 333 332 317 317 324 324 333 345 346 346 354 352 347 338 345 349 333 337 343 345 349 340 324 338 337 336 337 331 322 335 321 321 322 327 331 316 346 346 352 335 324 32 27 44 40 33 32 34 38 42 45 46 48 50 54 57 69 59 62 67 70 71 72 98 100 105 116 87 81 80 80 81 81 81 80 65 64 111 77 101
245 263 359 350 317 296 309 274 274 323 333 330 316 348 356 311 304 307 306 309 334 336 350 351 350 355 355 349 340 341 350 336 337 339 339 339 338 336 341 342 331 327 330 332 324 331 327 326 328 331 331 333 330 336 316 8 44 30 26 31 31 41 61 49 45 43 50 53 56 57 59 87 65 65 67 71 73 74 92 97 78 78 110 112 116 112 76 81 32 81 80 79 79 79 77 62
239 264 327 300 296 319 259 274 310 334 329 327 346 280 281 301 310 310 312 315 337 338 341 344 348 1 356 345 340 352 332 331 343 341 337 338 325 331 336 345 336 329 331 330 329 326 324 320 327 337 345 351 352 357 13 25 24 26 35 40 44 46 43 42 46 51 51 55 71 82 62 66 70 69 70 72 73 74 87 93 100 81 108 110 109 81 111 111 95 65 80 81 34 55 80 63
233 258 12 352 336 265 251 307 339 292 280 260 259 263 287 299 303 303 310 319 336 334 335 337 353 356 348 341 348 355 328 340 338 333 334 328 327 326 333 336 336 333 331 329 327 325 327 327 331 342 329 352 3 6 12 21 27 27 32 40 49 54 52 50 52 48 65 63 67 68 67 69 71 71 71 72 73 74 77 78 80 78 80 81 90 89 94 95 86 65 56 35 82 56 40 69
243 323 2 326 311 259 249 340 292 263 248 253 276 283 291 297 297 295 303 313 332 329 334 340 352 352 348 346 347 346 339 333 333 330 326 323 319 322 330 328 331 330 331 327 324 326 324 325 323 325 331 335 336 343 11 16 21 25 32 38 44 51 58 64 66 66 66 67 70 71 70 70 70 70 71 71 74 76 77 78 80 81 82 82 83 84 60 61 62 66 72 60 83 45 83 84
335 16 9 319 311 308 314 317 248 232 239 271 280 289 294 294 290 288 297 320 331 325 326 336 347 350 349 348 343 338 333 332 308 328 318 321 323 322 328 328 330 328 331 332 325 327 325 320 321 317 322 330 343 7 4 7 15 28 38 43 46 49 55 63 67 66 65 66 69 70 70 71 70 71 74 74 75 76 77 78 80 81 81 82 59 60 59 56 57 60 66 75 69 69 60 44
62 66 284 285 321 290 232 226 231 259 270 277 284 292 293 288 281 282 296 322 325 323 323 331 341 348 351 345 337 334 334 315 311 322 313 323 327 325 328 326 327 321 323 330 326 327 330 329 328 322 323 335 340 9 4 7 19 34 43 47 51 54 57 61 63 63 64 66 69 70 71 72 72 74 67 75 76 77 78 80 81 82 82 57 60 67 65 60 63 63 66 88 117 104 112 108
164 150 226 245 248 242 235 237 264 277 285 288 289 290 288 280 269 281 305 321 318 326 324 330 336 346 351 341 332 331 324 327 317 319 316 326 332 327 328 328 325 319 316 326 328 324 329 332 332 333 326 327 331 338 5 7 22 38 47 52 57 62 64 64 64 65 67 69 71 72 73 74 76 78 79 80 80 81 70 71 61 57 57 57 57 57 57 55 57 62 67 68 78 72 61 72
273 117 216 238 260 259 258 270 281 288 294 296 289 282 277 269 262 281 322 314 306 332 327 329 336 346 351 325 331 328 324 320 316 315 316 329 337 331 332 333 328 322 316 321 326 323 328 327 328 343 328 326 334 342 3 6 24 40 50 56 63 68 70 69 68 68 71 73 75 76 75 76 79 81 81 82 83 85 85 87 88 86 93 88 91 83 68 63 67 73 62 118 107 115 111 80
88 120 192 247 262 272 279 285 288 291 295 295 286 274 266 262 272 294 319 314 316 326 318 324 338 348 337 325 316 314 319 316 318 320 321 328 339 334 336 322 327 323 310 313 322 322 326 321 325 320 341 335 343 2 4 7 26 42 51 58 64 69 72 73 72 72 75 77 78 79 79 65 66 82 82 74 82 84 86 87 87 87 86 104 110 88 88 90 123 121 109 85 104 88 39 81
138 147 217 265 279 286 290 290 291 291 298 289 283 274 268 263 273 301 320 314 320 303 311 326 341 352 337 323 327 322 316 313 315 325 331 330 336 333 340 326 331 328 313 319 316 316 320 318 311 328 335 331 340 342 5 6 23 42 50 58 66 71 74 75 76 75 77 80 81 80 70 68 66 83 83 84 84 83 84 85 83 52 61 62 65 70 90 98 121 113 88 114 60 85 83 82
136 94 289 289 289 290 297 291 291 289 287 284 281 276 272 265 272 318 315 313 318 315 316 328 340 350 338 319 321 318 315 306 316 331 336 334 338 335 341 329 337 327 318 321 326 332 323 320 317 325 328 323 333 338 335 354 18 43 55 61 69 74 78 60 79 78 78 83 85 83 82 82 74 83 65 87 88 86 59 62 89 89 91 116 106 78 81 103 89 90 93 122 113 102 95 79
63 52 338 296 290 288 289 289 289 286 282 280 278 275 279 265 274 324 313 310 317 313 316 326 345 358 326 315 321 319 323 320 319 331 339 341 341 336 343 334 332 319 328 323 330 336 328 321 315 315 320 324 334 340 349 320 359 66 77 71 73 77 82 85 84 80 79 84 89 88 86 84 72 84 85 69 71 83 90 92 94 95 96 97 96 94 93 92 93 96 98 94 91 118 83 80
68 58 304 295 288 283 285 287 287 291 280 277 275 271 270 265 278 325 312 309 314 318 322 329 356 350 319 313 320 323 327 323 322 331 339 342 339 339 345 338 324 319 318 321 329 334 323 327 321 325 326 320 332 347 344 355 332 37 103 89 80 79 80 84 86 84 82 65 90 92 90 88 68 65 65 66 66 83 91 107 94 96 98 100 101 98 96 96 98 101 102 99 98 94 89 117
354 311 296 299 285 280 282 295 295 292 289 287 283 277 270 266 283 328 311 309 308 319 322 326 340 338 319 318 320 325 328 322 320 331 336 337 335 338 346 325 333 337 316 333 319 327 334 320 323 324 327 333 334 344 343 343 0 335 97 109 95 85 82 81 83 85 86 88 77 92 92 91 68 69 68 67 70 74 80 84 94 94 74 97 98 98 96 95 95 97 99 99 99 98 93 89
314 298 295 300 284 281 282 295 294 293 293 292 279 276 269 251 285 326 310 308 312 318 322 331 341 315 314 318 322 327 328 320 317 335 338 335 330 333 345 319 330 338 322 321 319 324 317 333 330 336 333 338 336 357 339 334 28 74 8 113 110 97 89 84 84 86 88 90 91 92 75 73 74 86 85 93 74 77 75 75 86 82 66 94 94 92 90 90 90 90 91 93 45 93 91 90
288 292 305 299 284 283 284 296 293 294 295 297 285 281 264 232 283 322 311 307 314 323 312 323 329 305 325 325 313 327 326 319 320 343 322 333 326 324 344 316 331 339 328 327 332 325 327 328 331 332 339 340 338 16 351 7 36 81 95 111 116 106 96 90 87 89 92 93 92 91 87 85 81 83 80 69 73 74 70 75 87 85 77 94 95 91 87 88 89 88 88 87 86 85 336 283
298 301 301 296 283 282 294 294 291 292 294 297 295 278 259 235 277 338 300 307 313 291 316 330 296 296 320 314 311 322 319 317 331 329 322 331 326 327 345 315 316 334 341 326 325 327 330 322 332 339 330 335 338 9 45 351 50 88 99 81 123 115 103 95 91 93 97 78 76 72 78 72 70 69 69 70 75 75 74 96 76 86 79 52 95 95 92 68 66 92 90 88 86 84 279 93
296 300 309 294 292 293 294 292 290 292 291 279 291 273 258 241 284 279 284 307 311 289 310 308 291 327 322 326 325 323 318 320 339 322 336 325 322 335 343 330 314 332 336 320 319 339 335 339 329 339 334 342 349 15 85 39 7 8 99 335 125 124 110 99 93 93 97 99 87 71 73 72 69 68 70 70 74 74 74 73 70 82 103 98 58 95 95 65 93 89 93 91 90 87 317 210
299 305 297 292 291 294 297 293 294 280 279 278 277 287 259 242 319 301 298 303 311 288 293 280 323 325 325 323 316 321 319 321 322 321 326 307 321 336 339 323 324 332 337 334 311 318 322 325 328 347 346 348 356 36 44 61 21 1 103 115 98 125 116 104 97 94 98 83 100 80 72 72 71 71 70 75 75 76 72 72 53 83 92 92 65 94 70 55 70 95 96 43 93 92 88 311
297 303 296 292 292 298 299 297 308 287 285 280 276 284 260 242 333 302 299 305 303 289 283 305 311 324 324 323 321 322 317 320 313 330 322 300 316 336 338 316 332 333 340 335 312 308 337 343 325 354 359 356 12 55 65 77 30 110 113 114 40 122 117 109 102 78 81 85 88 85 69 71 72 71 71 100 77 69 96 77 60 66 65 68 48 94 64 80 62 96 96 96 80 93 95 89
301 302 295 292 295 298 303 298 302 289 287 279 269 279 258 246 335 295 304 298 276 271 284 272 273 323 324 323 324 325 294 310 319 318 317 260 312 333 318 309 320 326 339 331 342 300 334 326 316 354 6 356 14 80 90 93 54 35 88 128 121 90 116 111 107 82 103 86 102 101 100 86 68 69 70 99 97 95 95 64 57 92 54 46 45 94 95 55 48 45 37 95 95 135 50 95
298 301 295 292 297 310 301 295 307 285 294 272 283 259 251 273 258 266 291 266 269 271 297 266 266 326 324 322 323 325 319 302 312 315 312 284 253 335 316 302 315 321 326 322 284 352 347 17 321 307 5 348 1 85 136 131 126 22 90 124 112 113 84 88 111 108 105 106 105 103 102 100 100 78 66 69 96 95 94 92 48 91 60 52 44 94 95 93 91 91 93 31 21 109 288 31
302 301 295 293 300 300 291 304 303 296 275 307 268 260 247 289 261 266 267 268 270 298 264 257 257 327 327 314 316 320 319 308 314 315 301 277 282 334 287 294 321 319 311 327 318 348 16 170 155 142 338 354 342 143 144 131 122 119 97 116 111 111 113 30 118 114 108 107 107 106 104 102 101 100 79 57 98 96 74 92 45 50 94 59 45 44 96 94 93 92 54 55 47 25 100 105
304 299 296 279 306 302 297 292 299 303 275 275 274 264 251 263 262 265 267 270 295 285 256 248 249 324 332 286 303 308 314 314 313 313 298 293 305 265 260 302 311 262 315 304 314 4 71 176 170 147 133 300 355 151 147 127 120 120 122 120 116 115 114 115 75 119 112 108 108 108 107 87 102 99 98 98 100 98 94 92 92 30 96 96 55 54 48 52 63 97 47 40 54 50 99 101
305 300 296 294 314 302 301 280 294 294 277 278 272 264 256 273 264 266 267 303 296 258 248 239 240 331 290 256 301 294 314 284 310 304 306 281 312 223 241 296 282 246 238 291 280 337 134 172 175 326 166 139 148 155 139 124 124 125 129 127 70 119 116 114 115 118 115 67 110 88 108 107 73 100 98 99 41 101 59 93 92 94 45 100 98 59 49 84 43 64 62 54 65 65 19 101
302 299 298 299 303 303 299 279 294 295 276 278 270 259 288 263 267 269 267 306 293 251 243 235 291 338 278 275 299 273 302 276 301 306 301 305 237 215 291 289 226 281 289 286 296 296 67 169 173 62 311 332 160 151 136 130 131 98 94 130 126 86 119 115 112 115 116 87 110 110 109 108 69 80 85 101 73 58 58 97 95 95 65 53 71 69 64 51 89 59 58 46 41 60 62 101
305 299 301 305 300 304 283 278 298 290 275 277 287 259 263 267 268 267 294 293 255 247 238 235 239 341 313 296 289 265 305 271 290 308 312 307 224 229 302 208 211 205 251 293 288 300 21 170 170 134 326 161 159 147 142 142 137 133 132 131 127 86 122 90 116 116 94 87 83 110 109 108 72 69 62 62 66 45 51 102 47 100 99 87 55 71 69 68 67 57 68 91 101 94 33 104
306 302 304 301 301 303 300 294 303 273 275 273 266 285 286 265 303 307 300 289 250 242 235 235 279 344 317 293 292 257 294 284 291 299 310 255 235 236 190 211 210 199 189 199 238 299 171 130 170 168 302 123 153 150 150 148 96 137 135 133 126 75 126 128 28 45 90 86 85 78 85 109 116 85 54 66 62 52 80 102 69 53 57 83 90 64 66 59 67 69 55 63 64 112 102 109
305 306 303 299 306 306 303 302 302 276 273 267 261 298 303 297 295 301 256 254 247 237 232 231 311 258 317 290 286 280 293 209 281 257 308 249 285 277 203 204 203 194 186 163 106 280 357 172 169 168 99 28 330 157 156 151 146 107 141 136 129 126 131 130 73 27 81 85 78 74 115 44 79 89 69 54 53 56 97 106 106 125 57 61 80 62 71 103 103 97 59 103 100 97 98 102
310 308 304 303 307 303 283 281 280 279 274 265 256 305 305 304 296 286 254 250 242 233 229 269 312 322 305 284 287 290 242 224 277 214 284 271 300 272 163 199 203 197 188 153 152 286 100 172 132 133 106 2 177 162 160 156 150 146 145 105 88 101 137 133 72 119 80 86 80 80 76 84 85 112 113 87 90 57 55 95 131 108 100 67 88 86 76 79 103 102 100 98 98 97 97 97
