examples/cougarCreek-fire/createInputs/WindNinja/wrfout_d3.2015080912.f22/cougarCreekFire_08-10-2015_1000_217m_non_neutral_stability_ang.asc
ncols	146
nrows	140
xllcorner	610065.000000
yllcorner	5095217.000000
cellsize	216.586807
NODATA_value	-9999.000000
[rows 0 to 43 of 140, columns 0 to 95 of 146]
154 191 189 188 151 206 215 227 257 293 316 327 336 339 38 323 85 68 306 302 284 280 294 311 321 319 296 287 290 278 236 185 228 225 222 224 225 220 212 207 208 206 201 199 201 200 195 194 193 214 190 215 185 200 187 189 208 209 188 190 185 203 185 183 180 197 185 181 179 182 184 186 189 188 182 176 176 181 184 184 184 185 185 185 186 187 187 188 187 188 294 353 4 275 277 265
154 191 189 188 151 206 215 227 257 293 316 327 336 339 38 323 85 68 306 302 284 280 294 311 321 319 296 287 290 278 236 185 228 225 222 224 225 220 212 207 208 206 201 199 201 200 195 194 193 214 190 215 185 200 187 189 208 209 188 190 185 203 185 183 180 197 185 181 179 182 184 186 189 188 182 176 176 181 184 184 184 185 185 185 186 187 187 188 187 188 294 353 4 275 277 265
161 155 163 184 166 138 141 243 124 148 162 179 338 248 152 157 156 110 94 313 299 284 287 298 313 325 189 193 257 251 236 176 183 181 223 228 197 226 227 224 225 226 214 211 222 215 225 218 223 221 211 201 202 198 185 187 207 210 190 201 216 198 195 199 199 198 182 178 190 181 186 189 194 185 179 191 194 179 184 184 184 185 185 186 186 187 187 186 185 184 189 200 98 220 210 216
195 168 168 179 174 156 142 132 134 190 173 187 245 242 187 183 162 140 131 115 311 283 234 277 287 263 203 190 241 234 204 186 165 173 176 177 186 201 209 205 207 207 201 203 202 212 210 197 202 202 200 200 204 200 182 185 207 192 192 197 195 187 182 192 193 182 173 179 189 182 206 196 185 179 176 186 190 179 184 184 183 184 186 187 186 186 187 186 186 188 191 194 187 158 146 186
210 158 177 174 175 158 165 135 231 234 158 177 252 272 209 186 164 142 143 138 130 257 259 209 262 262 227 184 197 198 193 189 166 174 179 177 179 189 202 205 205 199 200 201 198 203 197 190 193 197 203 206 207 196 203 207 204 183 187 183 186 190 184 196 188 171 178 170 178 205 195 182 179 177 188 191 178 181 181 180 181 182 185 187 187 186 187 188 189 190 192 195 194 186 163 151
196 157 186 166 178 172 160 150 148 145 151 164 205 233 210 194 167 139 142 154 149 233 245 178 209 242 215 183 189 192 197 194 167 176 178 175 179 185 200 206 202 194 200 201 193 194 192 190 198 205 205 206 209 198 205 199 185 178 178 181 191 191 191 196 174 180 189 189 207 191 179 179 181 179 181 182 201 181 177 176 177 180 183 187 188 188 188 189 190 190 191 193 196 195 184 161
184 160 189 193 171 177 166 177 151 155 151 156 177 226 222 203 173 148 149 155 163 171 201 213 198 229 194 183 186 196 199 183 172 182 177 172 180 184 195 199 196 197 202 200 192 192 199 204 173 190 192 194 211 209 194 188 184 179 185 188 190 192 199 183 173 188 195 200 193 178 185 192 176 182 185 200 182 179 173 171 174 177 182 187 190 190 189 189 189 189 189 191 195 198 196 189
182 174 166 164 172 176 167 150 146 213 151 154 171 207 213 207 179 169 147 160 169 177 190 205 192 214 195 184 184 182 197 176 179 193 176 169 181 185 190 192 191 194 196 192 193 202 204 182 191 195 213 206 202 195 191 194 187 183 189 191 192 201 193 170 188 194 196 199 185 189 174 177 210 199 180 189 182 179 171 168 171 176 181 186 189 190 190 189 189 188 189 190 194 196 197 195
191 180 180 172 172 178 175 167 156 153 156 221 225 187 227 216 190 175 156 161 171 175 200 210 178 204 192 187 185 198 193 178 191 193 175 174 185 186 181 179 186 189 189 187 175 199 202 198 204 203 199 205 205 199 192 190 186 188 192 194 195 185 179 181 192 195 199 196 190 200 176 209 188 178 196 202 183 176 168 166 169 175 181 185 188 190 191 190 189 188 189 190 192 194 195 195
199 188 176 164 168 164 169 171 167 167 165 161 163 179 199 208 197 188 158 159 172 172 178 202 200 196 189 192 184 188 191 182 186 185 175 177 184 181 177 177 188 192 188 185 198 179 193 193 194 197 201 206 210 202 195 187 187 189 194 191 177 160 184 191 195 196 197 194 195 202 200 181 182 195 202 178 179 168 165 167 170 175 180 184 188 190 191 191 190 188 189 190 192 192 194 196
236 200 184 172 165 163 164 167 168 167 166 169 171 173 213 207 202 196 166 144 160 151 171 191 197 188 183 191 180 187 192 181 184 185 174 175 179 177 177 182 190 193 172 198 201 180 195 192 197 198 189 207 202 186 179 183 186 185 188 174 168 179 193 197 191 188 194 194 196 203 199 192 195 193 194 176 170 163 164 168 172 176 181 185 188 190 191 192 191 189 187 188 190 192 194 198
234 203 197 184 177 167 162 164 169 172 172 175 180 177 186 181 205 193 169 154 161 150 168 178 186 176 179 188 179 186 189 182 188 184 175 174 174 176 179 181 186 170 192 172 177 181 196 195 199 204 210 203 189 179 179 187 186 185 183 167 175 190 197 197 193 198 158 159 162 166 202 194 176 193 177 172 163 161 165 168 171 176 182 186 188 190 191 192 192 190 187 185 188 192 196 200
202 199 196 195 185 178 160 158 167 168 175 179 184 188 216 212 211 177 156 154 146 150 153 163 172 175 173 180 177 167 188 183 183 178 174 173 174 176 178 179 181 169 169 197 176 198 194 195 203 202 201 197 183 177 187 193 189 189 186 174 175 156 204 199 149 150 150 150 154 161 165 167 182 189 173 169 161 161 167 169 201 175 181 185 188 190 191 192 192 191 188 184 183 190 198 201
222 221 206 182 181 179 168 193 212 213 175 174 176 185 216 220 219 186 163 153 146 145 153 143 157 160 181 179 180 168 191 188 178 177 171 170 176 177 179 177 183 170 173 173 198 193 190 199 201 199 196 190 182 180 192 195 196 195 193 194 177 157 155 207 214 219 214 208 207 193 153 157 161 164 166 165 162 163 168 169 170 174 179 183 188 191 191 191 191 192 190 187 182 185 197 202
219 204 206 182 178 174 171 157 146 214 216 168 170 172 178 223 219 206 179 170 165 155 160 155 144 151 172 175 184 168 197 186 172 173 168 169 176 175 172 171 173 176 178 197 195 188 194 198 206 204 191 188 186 186 196 194 198 203 200 201 208 217 223 209 202 191 185 183 177 135 162 196 154 180 157 160 162 162 163 167 170 173 177 181 186 190 192 191 191 192 193 191 185 182 196 206
161 168 178 173 173 177 179 177 164 144 205 166 168 166 172 182 208 206 185 179 179 168 166 165 146 145 165 179 187 167 193 176 173 171 168 171 172 173 167 165 205 177 178 197 193 194 196 206 207 199 184 191 196 193 192 194 203 208 200 198 207 211 197 191 182 176 187 179 157 185 201 140 145 145 146 151 159 160 221 161 166 169 174 179 184 190 193 192 192 193 196 196 190 181 194 213
156 165 181 183 175 181 179 179 175 159 148 160 176 170 157 199 204 188 179 174 178 171 172 150 157 147 164 177 163 196 185 171 175 175 171 173 175 172 166 181 169 174 175 176 195 195 202 206 202 193 186 198 205 203 195 200 218 200 204 203 200 193 183 183 175 181 196 175 191 187 163 133 136 133 131 137 151 156 154 155 159 164 170 177 183 188 192 192 192 194 199 199 189 173 312 350
155 160 178 185 180 162 171 176 176 172 150 156 173 181 152 198 204 207 170 194 169 164 170 162 167 153 167 177 163 190 178 173 174 172 176 172 174 171 167 187 166 171 173 196 197 200 202 207 198 197 202 210 213 203 197 217 221 191 206 204 192 187 187 194 194 200 211 195 158 162 235 200 186 193 205 221 132 146 152 154 211 160 169 178 183 185 188 191 192 195 200 199 188 169 247 311
177 171 177 185 186 173 169 178 181 177 158 150 163 159 153 148 147 158 161 160 162 158 160 173 169 162 171 177 184 185 178 175 173 167 178 169 171 171 174 185 191 197 171 173 198 203 207 204 197 199 210 217 213 192 203 215 198 194 204 190 183 194 207 203 199 212 233 137 178 241 209 180 181 163 175 199 191 127 139 147 151 157 169 179 181 179 184 189 191 194 198 198 190 177 167 267
201 188 183 188 188 182 175 180 181 178 162 159 140 153 168 175 164 156 159 152 159 163 157 154 162 169 164 181 186 182 180 177 179 188 173 171 168 170 173 184 189 194 171 175 201 204 205 206 205 209 212 210 186 199 208 197 191 192 192 191 189 199 206 194 207 212 217 232 232 218 193 191 200 127 125 226 243 223 224 228 143 153 166 175 177 178 181 186 188 191 194 196 194 186 166 251
236 199 186 188 184 180 174 175 178 176 159 163 167 146 158 172 176 167 167 155 160 166 152 161 150 169 170 183 184 181 180 180 180 184 170 168 165 166 168 186 170 171 174 177 204 204 206 206 215 219 213 206 196 213 189 182 190 193 200 193 191 199 195 189 198 211 218 217 195 233 186 207 202 179 126 245 247 210 199 233 228 147 161 169 175 179 181 183 183 185 189 194 197 187 202 207
208 198 190 187 187 180 179 178 180 179 165 165 180 164 141 156 160 158 169 159 155 163 148 144 149 166 181 183 183 182 181 180 183 185 163 163 166 162 172 165 169 174 179 180 206 207 211 212 217 201 209 202 209 200 179 184 182 203 208 189 193 199 194 197 188 219 225 236 201 209 199 193 192 129 190 200 213 226 196 231 125 140 153 163 172 178 178 177 176 178 184 189 191 188 179 196
182 180 177 183 184 176 177 172 177 177 166 166 180 184 143 134 141 150 161 152 149 152 146 143 150 167 180 181 185 188 182 183 193 181 151 155 159 159 172 160 167 176 181 182 208 206 209 215 208 199 201 191 189 181 176 181 182 201 196 187 199 201 206 193 198 213 207 207 208 173 164 191 222 118 257 223 196 214 227 240 267 124 141 154 167 173 172 170 169 171 179 189 194 197 196 208
171 171 168 207 175 173 173 176 176 178 172 160 168 181 164 148 144 144 149 161 161 153 145 140 162 159 177 183 188 191 182 183 184 176 151 150 153 155 170 159 167 174 180 207 208 216 215 211 199 200 190 187 186 180 179 182 180 180 183 202 213 214 204 200 197 203 200 199 189 166 199 161 230 209 204 208 220 231 177 227 205 217 126 143 155 164 166 164 161 164 178 196 204 208 209 225
202 158 208 209 166 169 176 177 175 181 177 164 166 179 172 154 148 149 149 153 156 154 150 138 142 148 183 186 187 183 175 178 181 177 163 150 150 157 173 163 171 211 204 209 213 208 205 208 205 203 188 185 185 184 185 201 205 211 214 192 190 215 186 181 192 204 197 199 197 203 217 216 212 206 236 217 216 255 115 119 298 251 116 127 139 152 159 156 149 152 175 202 210 213 217 242
201 146 161 170 173 168 172 173 173 179 179 172 163 168 175 163 151 148 147 143 147 151 150 144 142 153 180 189 176 170 177 182 185 181 169 147 146 166 180 165 174 210 210 213 211 214 214 216 207 201 188 186 187 187 187 212 217 221 190 193 192 203 184 210 217 207 204 210 230 199 234 234 231 239 159 269 130 266 287 110 113 110 110 114 121 134 149 150 126 108 139 186 204 255 260 256
207 198 215 163 177 174 160 167 165 177 179 167 162 158 174 172 158 151 149 142 141 148 148 147 151 160 183 190 170 167 180 186 186 181 164 150 162 174 185 202 206 204 205 205 205 209 210 208 202 192 190 188 187 187 187 184 183 187 192 193 208 204 200 205 207 215 200 202 205 216 248 223 229 207 282 109 106 102 290 298 99 101 104 105 109 120 140 166 170 36 40 151 215 275 274 267
180 127 144 155 168 167 159 149 152 172 173 166 168 155 161 162 156 153 153 145 142 145 146 145 151 160 180 191 171 170 181 184 181 170 161 162 169 180 192 198 199 197 198 202 204 205 203 207 208 194 193 189 187 185 183 183 187 189 190 192 192 211 195 197 198 176 210 215 230 225 225 233 253 289 354 331 341 304 360 284 277 281 97 101 105 113 131 174 213 319 354 276 266 261 257 262
158 156 156 149 146 156 170 166 150 152 177 170 183 147 146 154 154 152 153 145 141 140 141 138 142 159 167 183 177 176 182 180 174 169 168 172 178 189 193 195 198 198 199 204 210 213 214 216 205 195 193 191 187 183 182 186 190 190 192 195 198 200 241 207 215 220 224 227 242 233 233 240 248 262 278 276 270 279 283 254 220 247 90 98 99 99 108 154 209 208 175 168 223 233 238 245
177 167 164 147 137 143 152 169 169 161 167 174 175 176 151 154 157 153 149 141 135 136 136 137 131 133 150 173 179 178 181 174 171 174 173 173 184 193 190 195 198 201 207 212 213 211 214 211 196 193 192 192 187 182 183 187 195 196 197 199 202 203 208 213 222 228 249 249 250 251 247 235 208 191 189 185 182 199 198 174 160 135 278 89 86 83 89 114 185 185 162 151 151 246 237 230
217 193 173 163 152 137 141 149 162 161 167 170 168 191 169 155 166 170 166 153 142 140 139 143 139 137 145 162 173 178 180 175 175 178 180 184 194 187 191 198 201 208 216 216 209 206 206 190 192 190 191 193 191 188 194 200 197 195 197 220 224 230 214 245 245 236 229 227 218 215 207 157 144 196 201 201 171 164 159 166 160 225 328 78 77 82 90 104 147 174 165 158 158 232 222 225
243 227 180 165 157 140 131 140 154 151 149 164 159 160 169 157 163 167 173 168 156 149 147 149 145 143 146 158 169 178 180 170 181 184 190 197 195 185 192 202 207 213 220 222 219 210 204 184 188 191 194 197 199 199 200 196 191 192 197 222 231 241 225 245 241 238 241 243 245 243 242 255 270 277 279 289 299 281 228 172 90 165 87 86 92 97 99 106 126 169 177 164 160 217 217 227
244 234 231 169 148 146 141 139 140 160 151 151 156 165 167 152 149 155 161 167 165 162 163 161 153 146 149 154 165 175 176 173 183 190 196 195 188 188 196 201 205 216 224 224 224 217 210 180 184 191 195 198 201 199 194 190 190 195 222 225 230 238 246 252 259 243 251 256 264 275 285 287 295 280 251 238 286 3 91 89 88 87 90 100 108 109 106 105 115 155 178 159 148 144 235 239
227 227 239 230 185 174 159 146 144 146 156 171 180 176 159 150 142 138 140 148 150 156 167 171 163 154 149 153 161 170 175 177 189 193 199 198 197 198 205 210 217 225 227 227 238 225 230 180 180 184 190 194 199 199 196 196 198 204 211 217 222 246 255 264 269 269 272 277 282 279 254 0 69 84 89 264 292 321 7 78 80 6 80 88 97 100 99 100 105 133 173 156 133 125 272 264
223 228 205 232 214 173 167 164 161 161 157 163 163 168 174 152 141 124 112 119 132 141 152 161 169 165 161 159 160 164 172 181 196 198 204 208 210 214 228 238 240 240 243 245 255 261 266 184 176 168 177 193 204 207 206 208 211 214 220 226 237 239 256 254 255 260 262 253 243 248 254 188 98 268 304 315 318 312 319 343 12 348 72 333 81 87 90 94 98 110 156 149 115 93 258 256
126 154 184 185 214 201 158 151 154 153 149 142 150 162 166 179 179 178 176 156 144 138 141 146 160 167 172 170 164 161 169 184 200 204 209 212 218 226 229 234 241 246 250 249 245 256 272 286 320 150 111 279 236 228 229 228 227 229 234 259 258 256 242 241 230 232 230 223 211 205 207 193 258 77 303 310 313 320 329 333 334 67 33 32 75 81 86 87 91 97 126 142 107 98 256 263
150 154 171 178 211 205 194 153 149 146 139 131 135 143 150 156 158 156 153 145 137 135 130 134 138 153 172 173 168 165 171 184 204 205 203 207 209 197 198 203 209 216 225 242 256 257 257 271 299 337 344 352 335 303 284 272 262 256 253 254 253 254 254 268 250 225 213 202 194 247 206 209 173 53 47 51 56 60 20 60 59 37 26 25 74 80 84 86 88 93 110 138 122 95 279 273
140 147 165 168 164 173 163 148 143 142 135 129 127 125 134 138 135 134 128 118 114 119 116 106 114 131 139 163 165 170 176 202 219 216 214 216 216 213 214 217 209 223 223 234 239 246 259 265 281 305 326 343 339 344 325 314 307 302 297 293 266 263 260 258 254 245 225 210 201 206 217 216 272 190 77 64 62 62 61 60 60 29 40 338 6 84 91 89 91 95 110 143 146 126 251 250
206 207 170 164 155 161 192 195 122 123 108 119 111 107 104 107 108 102 95 92 91 92 93 89 82 83 99 129 148 170 180 183 236 251 255 252 242 215 216 248 248 243 222 224 222 224 237 263 259 286 304 323 324 338 338 336 333 332 330 329 328 329 331 333 326 338 347 353 353 352 346 327 287 188 134 111 95 79 68 64 62 61 61 63 65 39 92 90 91 98 119 147 153 146 132 234
198 160 157 159 154 138 200 120 125 109 111 105 94 96 93 94 92 86 83 85 80 71 81 82 71 68 81 110 98 154 172 184 222 266 288 297 301 303 301 256 248 276 239 233 255 267 273 270 272 277 285 297 303 309 316 330 331 332 337 338 340 342 342 342 343 345 349 355 359 0 1 7 10 20 49 95 106 97 83 70 63 61 62 63 63 338 78 88 87 93 113 142 152 151 145 231
181 122 135 136 205 206 212 119 119 109 106 110 107 104 91 90 81 67 59 57 57 65 81 77 62 61 69 82 103 134 159 196 252 275 286 289 294 301 308 318 309 305 309 299 295 295 298 302 307 304 306 308 302 299 334 333 300 298 335 303 315 337 343 343 343 344 346 353 357 359 1 6 10 20 33 51 67 79 86 82 71 65 64 63 62 14 47 82 85 88 98 121 140 147 151 143
172 178 97 54 220 217 225 130 113 104 107 106 102 93 74 72 58 46 47 59 67 75 76 59 47 50 58 66 81 104 133 267 279 282 281 285 295 299 301 305 316 312 309 312 315 321 325 326 326 328 325 331 335 330 324 324 324 325 338 340 329 339 341 340 339 339 337 330 329 331 335 347 5 9 15 23 48 59 71 78 76 71 67 65 62 61 52 61 87 90 90 99 116 126 139 140
133 68 52 78 111 224 98 132 98 94 102 102 91 71 55 47 41 47 61 66 73 73 59 40 41 49 58 60 58 55 29 326 307 294 289 293 298 302 304 305 309 315 313 311 308 307 311 319 326 336 330 332 341 340 338 340 342 342 343 340 346 339 331 303 327 334 337 341 344 354 359 1 17 64 87 281 2 30 57 64 67 68 68 68 67 66 68 26 59 88 86 87 93 96 105 119
190 173 104 244 222 230 105 120 90 99 99 74 37 24 19 25 35 42 51 61 66 54 38 30 38 48 51 46 43 37 18 346 329 319 316 306 306 307 309 309 308 310 311 307 301 302 308 313 317 323 325 326 332 335 335 334 330 326 309 304 311 334 342 342 345 346 347 349 359 0 9 15 23 28 33 78 101 140 10 53 58 61 64 67 69 70 69 69 73 80 82 81 81 82 92 99
