examples/cougarCreek-fire/createInputs/WindNinja/wrfout_d3.2015080912.f22/cougarCreekFire_08-10-2015_1000_217m_non_neutral_stability_vel.asc
ncols	146
nrows	140
xllcorner	610065.000000
yllcorner	5095217.000000
cellsize	216.586807
NODATA_value	-9999.000000
[rows 105 to 139 of 140, columns 0 to 79 of 146]
13.41 12.10 10.17 8.96 8.99 11.51 18.37 10.62 8.94 6.85 8.22 7.57 8.49 13.03 9.82 9.66 13.04 14.76 9.81 11.40 3.05 10.84 10.89 5.68 6.98 11.26 2.50 10.70 2.23 2.42 12.02 12.29 12.15 11.81 11.65 11.63 11.61 11.47 11.25 11.04 10.90 10.80 10.64 10.47 10.35 10.25 10.13 10.06 10.00 9.82 9.71 9.69 9.61 9.47 9.53 9.68 9.52 9.13 8.71 8.33 7.98 7.81 7.76 7.79 8.87 9.08 8.63 8.93 9.29 9.83 10.50 4.93 4.82 4.53 5.04 5.29 3.82 1.68 2.15 2.28
11.70 11.17 10.50 9.93 9.55 10.64 11.98 10.65 16.49 8.91 8.59 7.16 16.27 6.62 9.40 7.89 13.34 14.41 8.88 15.25 4.36 1.52 1.18 10.11 9.84 0.59 10.72 9.92 4.19 10.95 11.01 11.20 11.19 11.17 11.19 11.04 10.93 10.90 10.76 10.55 10.33 10.14 10.05 10.06 10.04 9.84 9.64 9.49 9.21 8.85 8.58 8.44 8.27 7.77 7.40 7.65 7.88 7.81 7.46 7.07 6.82 6.84 7.10 7.37 7.52 7.69 8.04 8.42 8.89 9.48 10.09 10.55 10.87 2.62 4.34 6.02 6.64 6.66 5.93 3.63
10.73 11.55 11.58 11.31 11.32 11.51 10.98 9.70 9.89 8.56 8.98 16.13 14.98 8.55 17.08 11.56 7.29 7.50 7.82 7.89 3.53 4.33 9.87 7.18 9.07 9.96 7.21 9.23 10.50 10.39 10.46 10.74 10.78 10.92 10.91 10.52 10.15 11.74 10.86 9.66 9.64 9.37 9.09 9.05 9.00 8.86 8.74 8.59 8.35 8.08 7.79 7.42 6.93 6.00 5.35 5.82 6.34 6.30 6.11 5.90 5.86 6.14 6.54 6.65 6.52 6.74 8.18 7.61 7.29 6.71 6.09 4.22 2.32 1.60 2.84 4.06 4.06 3.11 0.62 3.39
11.20 11.58 11.69 11.60 11.12 10.52 9.67 9.06 8.25 18.88 5.70 13.63 7.35 12.79 12.38 10.01 12.83 12.38 10.42 12.35 5.81 8.96 4.17 3.83 3.38 5.90 4.76 3.77 10.38 4.38 10.17 10.85 6.25 11.09 10.61 7.74 9.85 9.35 8.83 8.81 8.94 8.83 8.61 8.42 8.20 11.86 8.03 7.91 7.78 7.65 7.47 7.16 6.36 5.35 5.04 5.50 5.59 5.19 4.96 4.91 5.02 5.37 5.73 5.64 5.48 8.20 6.91 5.55 5.26 5.15 5.15 9.81 2.19 1.64 1.93 1.68 1.50 1.38 2.30 3.71
10.99 11.48 11.86 11.64 10.50 9.32 8.61 8.23 6.98 7.17 5.02 6.12 13.25 14.45 13.44 14.45 7.16 12.45 10.05 8.43 3.83 4.23 2.82 9.60 2.24 7.67 8.43 9.51 10.12 8.35 10.87 7.80 10.80 10.53 5.16 10.03 6.54 9.40 8.94 8.59 8.35 8.21 8.07 7.85 11.33 7.40 7.37 7.35 7.33 7.22 7.05 6.82 6.49 6.14 5.78 5.40 4.74 4.10 3.65 3.61 3.88 4.22 4.47 4.36 4.44 5.40 6.63 5.83 5.17 8.64 2.82 9.76 1.86 10.03 10.02 1.98 1.80 2.32 2.77 3.16
11.20 11.47 11.75 10.95 10.38 9.62 9.04 8.41 7.22 7.19 5.99 6.62 17.06 6.44 6.53 15.77 13.33 7.25 7.44 13.38 2.75 5.91 12.20 10.53 5.14 4.49 9.73 3.48 9.15 9.18 5.99 9.44 3.94 6.35 5.92 7.11 5.12 9.33 1.96 8.52 7.99 7.70 7.47 9.84 10.28 9.99 6.64 6.49 6.31 6.10 5.87 5.70 5.79 5.80 5.16 4.16 3.22 2.72 2.29 2.21 2.52 2.97 3.29 3.23 3.59 5.02 6.16 6.00 5.29 4.42 4.28 5.12 5.34 4.32 1.70 0.47 1.53 2.20 1.95 4.53
11.42 10.25 8.74 8.69 9.29 9.52 9.51 8.85 6.94 6.53 6.93 7.40 7.54 7.18 17.01 18.81 3.81 4.32 5.31 6.92 7.87 7.48 7.43 12.28 6.91 6.78 5.97 8.64 9.98 8.58 1.22 8.10 6.21 5.28 5.68 3.88 8.54 8.29 8.10 7.71 8.46 9.13 9.38 9.28 8.98 9.45 6.29 5.64 5.10 4.71 4.32 3.99 3.80 3.57 2.94 2.45 2.29 1.96 1.60 1.46 1.64 2.16 2.64 2.78 3.49 5.07 4.19 3.77 3.74 3.93 4.57 4.71 4.53 5.24 4.60 2.27 2.67 3.04 4.06 6.00
10.51 8.93 7.15 6.82 8.57 8.60 8.42 7.55 6.68 6.59 14.35 6.94 12.72 17.61 16.93 19.33 5.32 5.32 5.93 6.42 6.41 5.84 5.80 10.81 5.63 5.49 6.10 6.20 6.67 5.26 3.71 4.66 3.93 7.35 3.92 2.99 7.57 7.15 6.45 6.85 8.59 8.87 9.06 9.47 9.50 6.04 5.50 4.63 3.82 3.19 2.68 2.15 2.01 2.15 2.07 2.13 2.02 1.65 1.21 0.93 1.02 1.69 2.36 2.79 3.75 5.07 6.07 7.02 4.09 3.72 3.81 3.52 3.00 3.83 3.70 4.16 4.42 6.10 6.88 7.92
9.47 8.49 7.17 6.37 6.44 7.78 8.75 8.14 7.24 6.20 4.77 11.00 9.32 13.33 16.86 17.94 6.56 7.27 7.43 6.30 4.77 4.27 4.50 10.24 6.00 5.82 7.06 7.67 6.49 6.43 5.16 5.08 4.73 6.59 7.04 6.79 6.54 4.33 5.96 6.52 7.07 7.58 9.53 10.36 10.48 4.35 3.78 3.19 2.58 1.97 1.69 2.07 2.70 3.04 3.08 2.71 2.07 1.38 0.72 0.45 0.92 1.75 2.49 3.27 4.25 5.30 6.28 7.19 8.06 4.09 3.77 8.48 5.65 6.26 6.07 6.36 7.95 9.49 9.90 10.89
9.19 8.33 6.94 6.36 6.86 8.01 8.75 8.60 8.21 6.30 15.27 5.07 7.86 18.26 18.25 15.27 7.43 7.28 5.94 3.98 2.89 3.03 3.30 9.30 7.01 6.41 8.03 7.53 7.97 8.84 8.88 8.14 5.51 6.18 7.48 5.92 5.76 6.01 5.52 6.47 7.15 9.11 9.81 3.14 2.84 2.42 2.19 2.18 2.06 1.95 2.39 3.20 3.93 4.25 4.22 3.94 3.53 3.03 2.54 2.23 2.20 2.54 3.13 6.70 6.04 5.65 5.15 5.02 4.63 4.96 5.12 5.02 5.27 6.04 7.01 9.12 10.85 14.40 14.61 12.02
9.35 8.81 8.08 8.28 9.84 10.92 10.12 8.01 5.88 5.35 5.55 5.80 13.95 16.92 5.90 7.28 7.88 7.21 5.34 3.36 13.20 14.85 11.04 9.37 6.95 5.76 13.23 8.41 8.42 8.34 16.89 7.14 6.07 6.34 5.40 5.25 5.87 6.23 4.56 7.58 8.14 8.62 8.25 7.57 7.24 2.77 2.44 2.33 2.26 2.58 3.61 4.71 5.42 5.51 5.10 4.62 4.38 4.40 4.09 3.55 3.39 3.56 4.03 4.82 5.04 5.64 5.74 5.58 5.29 4.07 4.47 4.41 4.71 7.80 8.40 10.28 11.73 12.10 11.35 10.63
9.90 9.41 9.32 9.98 10.56 9.99 8.75 7.67 6.55 5.41 4.49 6.33 19.76 15.03 8.13 7.92 7.56 6.33 5.16 3.12 2.43 12.21 7.87 7.29 6.99 16.14 11.25 9.88 8.71 15.26 16.56 6.90 6.43 7.26 4.73 7.81 7.22 8.00 3.83 8.33 8.55 8.44 8.26 8.03 9.00 10.11 3.91 3.95 3.95 4.52 5.89 7.04 7.32 6.83 5.94 5.21 4.86 4.72 4.56 4.50 4.75 4.84 4.96 7.69 5.72 5.22 4.99 4.58 4.75 4.66 6.33 6.14 8.02 9.55 10.61 11.97 11.43 10.75 9.39 9.09
9.86 9.16 8.98 9.51 9.12 8.21 8.04 8.35 8.45 8.04 6.53 6.34 10.46 12.36 10.71 8.50 7.33 6.62 5.11 3.61 3.82 13.66 10.89 6.86 9.60 5.37 11.18 11.56 10.60 14.45 16.94 6.83 6.50 7.61 7.63 7.39 4.43 3.58 8.58 8.82 8.80 8.52 8.19 7.92 8.52 10.47 11.00 4.46 5.22 6.13 7.17 7.65 7.08 6.13 5.11 4.37 4.13 4.12 4.21 4.82 5.79 6.08 9.92 6.23 7.32 6.50 5.60 4.64 5.33 7.98 8.63 8.35 9.99 11.08 11.68 10.95 12.00 12.04 11.33 10.39
10.35 8.91 8.92 9.46 9.59 9.90 10.19 9.85 9.56 9.97 10.74 11.25 12.85 13.67 16.61 7.95 6.68 5.55 4.47 3.67 3.38 9.81 5.30 3.83 4.85 5.75 8.57 10.03 15.33 13.71 10.27 7.80 7.08 7.87 8.76 9.24 9.84 8.88 8.98 8.56 8.69 8.61 8.01 7.49 9.03 3.29 9.75 8.63 4.42 5.21 6.03 5.94 4.99 4.26 3.60 2.88 2.63 2.96 3.28 4.13 10.00 10.52 6.54 6.91 9.41 9.35 7.67 5.83 6.57 8.72 9.70 8.84 10.69 11.29 11.30 10.43 10.99 11.46 11.44 10.70
9.62 9.61 10.16 10.44 10.82 11.52 11.42 10.52 10.43 9.39 10.11 10.56 10.05 8.13 8.20 10.68 6.00 4.48 11.86 3.29 14.77 8.89 9.51 6.17 4.73 11.09 9.48 11.77 12.12 15.92 7.58 9.39 8.32 8.17 8.70 8.66 8.52 8.87 8.80 7.58 7.65 8.44 7.98 8.07 7.56 7.92 7.37 7.31 8.32 3.83 4.54 4.47 3.88 3.64 3.25 2.49 1.41 0.76 9.54 9.70 9.62 9.73 11.19 10.69 10.46 10.22 9.70 8.07 6.76 8.24 10.90 12.72 13.26 11.83 10.82 10.43 12.25 13.05 15.76 11.86
10.21 11.08 12.25 12.27 12.38 12.59 11.55 9.86 8.36 9.18 7.44 6.99 5.91 5.01 4.45 5.05 11.61 9.77 9.00 11.22 11.86 4.73 8.98 9.29 7.38 6.40 12.48 12.49 6.06 8.14 9.87 5.58 9.07 7.85 8.84 8.92 9.37 8.28 7.49 7.51 6.87 8.59 8.52 8.48 8.23 7.10 6.73 7.52 7.41 7.15 7.11 4.48 4.17 3.86 3.48 2.97 8.47 8.39 8.42 8.58 8.91 9.49 9.60 10.77 11.68 11.31 10.08 11.85 9.03 8.77 12.29 13.77 13.55 13.15 12.38 12.48 12.58 12.07 12.81 18.98
10.95 12.05 13.04 12.89 13.01 12.10 9.90 7.80 6.77 7.77 6.89 6.52 5.58 5.12 4.78 5.38 11.67 9.78 6.06 10.88 9.72 8.63 5.58 8.20 9.24 11.84 12.84 9.80 8.28 6.29 17.59 8.49 8.50 8.00 9.00 9.05 9.26 8.23 8.26 6.07 7.76 7.95 8.28 7.71 7.68 6.73 6.40 7.22 6.80 6.25 6.13 6.21 6.38 6.95 7.32 7.51 7.61 7.72 8.09 8.19 8.17 8.43 9.66 10.68 5.94 7.11 11.52 13.19 11.48 10.41 11.68 13.70 13.58 13.04 11.09 12.01 10.83 11.89 11.84 14.89
11.85 12.58 12.30 12.16 10.88 8.30 7.24 5.48 5.96 7.05 9.19 7.42 6.66 5.95 6.03 5.27 5.91 10.86 4.98 16.15 10.21 9.98 9.07 9.88 3.15 3.02 15.66 7.27 4.50 5.08 13.82 7.08 8.25 8.57 9.28 9.07 8.65 7.22 7.68 6.64 8.00 8.51 7.51 7.14 7.08 6.14 6.66 7.05 6.33 5.45 4.93 4.95 5.49 6.38 6.75 7.00 7.33 7.70 7.76 8.19 7.64 8.12 8.55 10.45 4.19 5.36 13.07 14.28 15.24 12.75 11.34 10.39 10.82 10.85 10.79 12.10 12.28 12.39 13.20 14.98
13.35 12.75 11.13 9.37 8.96 7.08 5.42 4.38 5.99 7.65 9.55 7.67 6.73 6.28 6.74 6.35 5.84 11.50 5.34 16.25 11.56 11.22 11.26 11.63 3.27 3.03 12.69 6.71 6.52 5.15 6.50 10.90 10.49 8.94 8.94 8.71 8.35 8.14 7.79 7.02 7.61 7.35 6.91 6.41 6.49 5.06 6.08 6.31 5.69 4.80 3.87 3.68 5.28 5.87 6.30 6.22 6.44 7.07 7.44 7.76 6.86 6.90 6.82 9.16 9.71 3.32 4.38 12.90 13.68 14.40 13.69 12.58 12.54 12.27 12.71 12.82 12.08 11.57 13.72 13.66
12.60 11.43 9.51 8.44 7.06 7.18 6.42 5.62 7.22 8.34 8.04 9.11 7.27 6.83 6.56 5.85 6.91 5.91 8.04 6.73 12.27 11.20 11.85 12.05 4.56 5.06 5.64 7.17 6.81 5.13 4.23 12.62 10.83 8.11 9.04 8.66 8.18 8.38 8.00 7.81 8.32 8.09 7.49 6.66 6.15 6.01 5.38 6.23 5.32 4.59 3.51 3.77 4.15 4.85 5.66 6.10 6.24 6.46 6.94 7.38 6.22 6.15 8.00 8.37 8.71 1.99 2.47 10.98 12.41 13.24 14.20 15.28 15.33 15.00 14.46 12.78 12.39 12.13 13.57 13.16
11.09 9.86 7.98 7.70 8.05 7.77 7.94 7.78 9.03 9.20 8.52 8.19 8.05 7.50 6.86 6.17 5.91 5.82 7.12 8.23 7.02 13.00 12.33 11.40 11.70 11.00 6.31 6.61 14.63 5.63 4.36 12.40 9.44 9.60 8.59 7.11 7.45 7.10 7.54 7.18 7.90 7.97 7.36 6.33 5.86 5.47 4.44 5.59 4.62 4.34 3.68 3.74 3.85 3.01 4.17 4.70 5.92 7.15 7.78 8.35 8.12 8.49 9.72 9.37 9.81 9.24 9.66 10.34 9.22 3.89 13.44 14.98 14.87 14.54 14.81 14.06 12.70 11.95 13.26 13.16
10.35 9.44 8.05 7.92 8.53 8.50 9.17 10.21 10.50 9.80 8.76 8.09 7.63 7.39 7.26 7.25 6.57 22.03 6.16 15.63 9.22 16.55 12.99 9.88 6.07 9.62 11.28 11.74 11.80 12.40 3.83 2.48 10.78 8.76 8.71 7.08 7.42 7.88 7.70 7.97 7.36 8.05 6.61 5.88 5.85 5.21 3.95 5.18 4.97 4.37 3.74 2.95 2.91 2.61 2.46 2.78 5.05 8.64 7.45 6.39 5.65 4.81 3.73 2.58 1.63 0.70 9.01 1.86 3.63 4.87 13.93 15.11 14.12 13.81 6.60 13.69 13.02 10.99 12.31 11.76
8.79 8.70 9.26 9.67 10.56 10.63 10.43 10.63 11.39 8.67 7.37 6.67 9.10 7.47 7.87 7.66 6.54 6.91 13.68 13.32 13.34 16.62 11.86 11.41 7.73 12.29 16.05 16.55 4.86 4.43 10.57 14.19 10.01 9.00 8.99 7.00 7.31 6.59 6.51 6.89 8.83 8.32 6.92 7.44 6.47 4.86 3.99 4.24 5.65 5.36 4.79 3.70 3.37 7.95 8.21 8.63 8.51 7.85 6.82 5.82 5.06 4.30 3.54 2.48 1.55 1.23 2.02 3.33 2.95 2.90 13.26 13.28 12.83 12.68 12.68 15.55 13.00 11.06 11.71 11.74
9.05 8.89 8.87 9.66 10.44 9.18 8.42 8.63 8.12 7.17 6.20 6.60 7.00 7.70 7.91 6.79 5.21 6.04 4.37 12.65 16.89 12.42 12.84 14.31 14.53 13.85 14.35 4.45 3.49 1.59 10.72 10.95 10.76 9.40 8.52 7.03 5.56 7.35 7.63 8.06 8.10 3.90 4.11 4.71 5.29 4.82 4.36 6.34 5.95 6.34 6.84 6.91 7.09 7.18 7.33 7.47 7.42 7.05 6.40 5.75 4.90 4.05 3.17 2.45 1.92 1.57 2.06 12.04 13.21 0.17 1.69 12.48 12.06 11.94 12.40 15.24 12.75 10.91 10.33 11.58
9.57 9.15 8.70 9.56 8.90 8.07 7.57 6.87 6.67 5.91 6.81 8.18 7.55 9.08 6.68 5.49 3.83 4.14 4.88 4.85 18.25 12.46 13.48 18.82 19.01 18.03 14.88 5.44 2.46 1.01 12.14 9.91 9.91 8.31 1.75 7.26 6.56 6.94 7.53 7.15 3.25 3.35 3.62 3.93 4.19 4.18 4.36 4.82 5.44 5.84 6.01 6.18 6.40 6.66 6.89 6.92 6.75 6.46 5.90 5.10 4.25 3.51 2.89 2.45 2.08 1.81 1.68 1.36 0.95 0.30 1.00 2.29 3.62 10.75 12.09 13.70 14.07 12.32 11.92 11.53
10.50 10.00 8.92 8.46 9.12 8.18 7.79 7.30 6.59 6.65 8.16 9.25 9.64 8.21 6.80 5.43 6.00 4.47 5.64 7.11 8.03 16.06 13.50 18.88 19.00 13.45 19.62 12.82 2.82 12.09 10.82 11.68 10.32 8.69 1.46 1.70 6.02 6.69 2.18 2.45 2.64 2.64 2.77 2.94 3.21 3.27 3.20 3.85 4.75 5.35 5.61 5.87 6.10 6.20 6.25 6.22 6.03 5.80 5.45 5.07 4.46 3.58 3.08 2.89 2.52 2.12 1.78 1.53 1.60 1.71 2.09 2.87 10.87 4.62 11.22 12.91 13.96 13.75 13.57 13.27
11.75 10.78 9.48 9.00 8.47 8.15 8.32 7.94 7.92 8.21 8.44 10.01 10.22 9.17 7.98 6.64 6.15 6.80 7.82 9.07 9.19 8.62 16.36 19.22 16.84 18.91 13.32 11.68 1.40 12.96 11.54 10.60 10.57 8.96 8.31 5.74 6.42 2.23 2.28 2.06 1.98 1.96 1.97 2.18 2.55 5.20 5.55 3.40 3.78 4.13 4.47 4.85 5.18 5.30 5.22 5.09 4.99 4.92 5.28 6.05 5.47 3.73 2.98 3.12 2.92 2.35 2.04 1.92 1.95 2.15 2.43 3.00 3.81 10.25 10.62 12.80 12.67 12.56 13.10 13.83
13.43 12.04 10.20 9.34 8.29 8.60 8.46 8.49 9.41 9.85 10.24 10.03 10.50 10.45 8.84 10.58 8.17 8.65 9.42 9.86 9.67 9.08 8.14 22.34 14.85 17.60 16.25 18.50 15.70 11.75 11.26 10.30 10.32 9.18 1.83 7.68 3.00 3.15 2.96 2.88 2.39 8.16 8.23 7.38 6.99 5.64 1.92 2.57 2.84 3.10 3.47 3.97 4.24 4.47 4.48 4.24 4.59 5.57 6.85 7.42 5.76 3.30 3.07 3.40 3.11 2.18 1.96 1.85 2.22 2.60 3.03 3.69 4.36 5.07 5.72 6.05 12.54 7.24 12.87 8.74
15.38 13.21 10.77 9.77 8.54 8.35 8.52 9.78 9.77 10.41 10.82 11.16 11.17 11.11 10.41 10.12 9.74 18.86 9.89 10.00 9.91 9.58 8.98 22.67 17.36 9.28 17.79 15.71 13.37 10.68 11.19 11.45 1.51 0.77 3.68 5.77 6.66 6.30 4.59 9.11 9.71 10.51 8.85 0.87 7.73 7.57 1.19 1.62 2.02 2.29 2.65 3.16 3.68 4.20 4.46 4.57 5.63 7.16 7.90 6.94 4.52 2.93 3.14 3.75 3.44 2.58 1.79 1.47 1.80 2.47 3.10 3.93 12.54 12.45 12.43 11.65 7.74 13.10 12.25 12.65
16.30 13.52 10.71 9.58 7.88 7.78 7.23 9.01 11.08 12.09 12.38 12.55 12.64 12.83 11.97 12.08 11.08 12.46 10.81 10.84 11.04 10.84 10.32 10.19 19.54 9.65 8.33 18.95 15.53 14.20 13.15 2.77 1.87 5.61 8.89 10.08 9.63 8.30 6.55 14.07 11.34 10.11 1.79 1.90 2.22 1.80 1.19 0.97 1.01 1.23 1.75 2.56 3.53 4.70 5.38 5.74 6.74 7.61 7.31 5.87 4.22 3.45 3.47 3.63 3.46 3.07 2.23 11.85 1.96 2.63 3.03 3.27 11.13 13.80 14.18 14.67 15.38 9.54 16.33 15.15
16.98 13.23 10.68 9.88 7.61 7.54 7.26 11.34 14.58 14.36 13.69 13.61 14.20 14.23 13.73 13.45 12.18 12.21 12.27 12.45 12.61 12.02 11.00 9.95 20.30 19.05 8.47 19.75 15.89 14.42 5.31 4.55 7.45 11.68 13.18 12.01 10.11 7.91 5.94 15.12 11.65 3.41 2.97 3.13 9.23 2.71 2.07 1.61 1.43 1.48 1.53 2.38 4.36 5.76 6.22 6.29 6.69 6.96 6.54 5.60 4.77 4.37 4.19 4.04 3.70 3.30 2.87 2.47 2.62 2.90 3.11 10.08 9.68 10.49 6.44 14.66 16.09 9.42 16.76 11.74
17.07 13.88 10.04 10.12 8.97 11.33 15.65 18.72 18.18 16.09 14.92 14.68 14.40 14.16 14.94 14.52 14.22 12.94 12.97 12.96 12.49 20.92 10.25 9.45 8.67 10.74 17.67 17.83 16.99 9.14 8.51 10.19 12.94 14.28 12.69 10.49 8.61 6.69 5.33 14.58 4.62 4.13 4.17 4.36 9.86 3.50 2.96 2.49 2.22 2.02 1.68 3.01 5.34 6.45 6.03 5.88 6.06 6.17 6.10 5.71 5.34 5.17 5.06 4.92 4.56 4.00 3.42 3.03 3.16 3.17 10.42 11.17 10.75 11.14 11.32 12.90 15.27 15.98 17.47 16.88
15.02 13.81 10.91 9.40 11.37 13.95 18.46 18.92 16.85 15.72 15.41 15.35 15.98 14.93 15.63 14.98 14.98 13.26 12.87 14.12 11.41 10.44 9.54 9.24 9.54 9.55 10.86 21.08 17.17 10.74 11.75 13.74 14.17 12.20 9.29 7.69 6.44 4.97 4.55 12.43 9.49 4.68 4.94 5.13 4.91 4.36 3.90 3.62 3.44 3.08 3.18 4.56 6.27 6.27 5.06 4.79 5.18 5.38 5.71 5.85 5.87 5.93 5.98 6.01 5.93 5.52 4.94 4.37 4.14 3.85 3.41 3.76 13.63 14.27 11.59 12.84 14.18 14.39 17.49 17.28
12.80 12.77 11.23 7.39 10.82 14.19 16.68 15.04 13.14 13.64 14.82 15.57 15.76 15.56 15.05 15.54 13.74 14.89 12.52 13.02 11.11 10.36 9.48 9.34 9.95 10.60 11.79 11.98 18.72 11.51 11.42 11.46 9.99 7.54 5.54 4.55 4.71 4.13 13.37 10.15 5.47 5.72 8.42 8.35 5.55 5.30 5.15 5.29 5.38 5.56 6.04 6.31 5.98 4.92 3.60 3.53 4.07 4.62 5.29 5.94 6.45 6.76 7.03 7.34 7.65 7.58 7.15 6.59 12.18 5.46 13.07 12.66 13.59 13.68 14.04 13.25 14.31 13.51 14.85 17.51
12.93 12.14 10.85 7.32 11.07 14.28 15.49 13.34 11.68 12.66 14.49 15.70 16.07 15.87 15.32 14.57 13.78 13.01 12.33 11.69 11.21 10.44 9.59 9.62 10.25 10.96 12.24 13.49 20.80 11.35 9.76 7.96 11.71 5.24 4.24 4.67 4.02 3.39 10.58 9.09 6.29 6.36 6.27 5.76 5.55 5.84 5.86 6.35 7.04 7.53 7.52 6.69 5.25 3.82 3.00 3.13 3.64 4.36 5.22 6.10 6.87 7.32 7.75 8.16 8.69 8.80 8.34 7.95 7.49 13.25 12.07 11.06 4.71 13.65 11.46 12.33 13.31 13.83 14.41 12.42
