examples/cougarCreek-fire/createInputs/WindNinja/wrfout_d3.2015080912.f22/cougarCreekFire_08-10-2015_1000_217m_non_neutral_stability_vel.asc
ncols	146
nrows	140
xllcorner	610065.000000
yllcorner	5095217.000000
cellsize	216.586807
NODATA_value	-9999.000000
[rows 70 to 104 of 140, columns 0 to 79 of 146]
4.64 3.96 13.53 29.25 36.48 35.96 34.36 34.24 35.83 36.80 36.92 35.51 34.50 33.37 31.02 22.40 17.58 14.87 22.69 23.97 22.39 20.75 16.46 15.42 12.70 10.95 17.57 20.18 22.67 19.07 15.76 17.08 17.13 15.82 15.81 14.12 14.50 15.44 14.41 9.84 9.17 9.29 8.56 7.43 6.33 6.09 12.52 11.15 10.70 8.12 7.49 10.29 10.65 9.48 8.41 4.75 3.44 5.66 5.07 9.59 13.48 15.47 15.13 14.08 13.87 14.46 15.84 13.39 20.46 21.47 21.38 20.37 13.25 13.01 12.62 12.11 11.37 13.16 20.00 12.47
3.25 6.21 20.61 29.83 37.42 35.81 33.24 32.62 34.17 35.56 34.69 33.53 33.15 33.32 29.26 18.45 14.46 13.63 21.62 22.42 21.35 18.52 14.36 13.88 10.06 12.47 17.23 21.82 22.49 18.12 16.91 18.11 15.42 14.45 13.96 14.14 14.26 14.12 13.41 8.82 10.43 13.58 7.45 12.39 5.54 5.66 5.88 11.48 12.13 11.70 8.76 7.61 9.93 9.84 9.96 6.26 3.16 2.45 5.23 8.81 12.34 15.24 16.36 15.93 14.83 14.42 16.07 19.11 14.80 21.26 21.15 20.34 12.41 10.77 10.88 12.23 13.67 12.99 13.16 11.49
5.90 14.46 27.88 32.36 37.07 35.21 33.29 32.65 33.96 34.32 32.89 31.96 31.55 30.54 25.15 13.35 11.42 11.11 19.74 21.18 21.09 14.26 12.59 14.57 10.03 15.26 17.40 21.53 19.42 17.32 18.09 18.30 14.34 13.47 11.33 12.69 14.09 14.74 12.05 8.23 9.85 14.10 6.78 6.36 6.10 5.81 12.19 6.58 8.79 8.14 8.09 7.71 9.98 7.10 6.78 7.80 3.55 5.71 5.91 7.43 10.92 13.92 16.18 17.36 16.91 16.38 17.52 19.97 21.16 21.10 15.98 15.36 11.49 10.23 10.02 19.34 15.69 15.64 15.45 14.01
15.93 23.50 30.15 34.95 36.49 34.86 33.76 33.77 34.81 33.79 32.39 31.78 31.55 31.18 25.59 15.69 10.61 9.85 16.46 20.53 18.30 11.21 12.73 14.45 9.76 16.24 19.78 19.29 15.20 17.38 20.31 18.23 14.66 13.24 10.29 12.60 14.03 13.65 11.67 7.65 9.13 14.12 7.12 7.13 10.67 6.12 6.26 13.35 12.55 12.89 7.98 8.05 10.11 4.11 7.46 3.73 2.98 7.23 6.99 7.34 10.30 13.69 16.00 17.29 17.44 17.16 18.08 20.25 21.20 21.10 14.66 13.23 12.03 11.45 10.40 11.11 15.80 15.41 16.05 16.13
21.00 25.01 32.30 35.10 35.74 34.55 34.02 34.26 34.21 32.39 31.31 31.69 33.18 34.02 29.60 19.15 12.25 5.99 12.06 21.17 13.56 13.54 13.37 12.79 15.00 17.66 19.61 15.57 16.09 19.40 21.16 17.89 16.90 10.63 11.50 13.53 14.33 13.33 11.72 7.55 7.38 12.85 13.00 6.99 6.58 6.06 5.93 11.79 13.39 10.44 11.68 10.29 9.08 6.70 2.61 6.26 3.95 8.73 9.17 7.73 11.19 13.59 15.75 17.23 17.43 16.71 17.38 14.48 15.34 17.48 19.13 16.25 14.92 13.74 11.98 11.92 15.29 15.50 15.90 19.41
27.05 27.92 31.38 35.63 35.65 34.06 33.27 33.41 31.87 28.59 28.13 33.01 35.25 34.12 29.33 18.99 13.47 7.04 14.04 19.64 11.28 13.89 13.62 11.32 17.35 16.60 18.43 17.19 19.69 19.51 19.31 18.74 13.44 11.02 14.13 14.81 12.28 12.99 11.39 8.59 7.43 13.74 12.25 5.96 5.77 11.95 5.59 5.68 13.30 8.05 11.54 9.92 8.31 5.50 2.62 4.74 6.72 3.25 4.11 3.12 11.80 13.75 15.82 17.45 17.88 16.84 17.04 19.22 13.79 14.66 19.12 18.67 16.10 14.63 14.79 13.70 14.09 16.34 15.38 15.04
27.43 28.36 34.36 36.80 35.17 32.89 31.49 31.98 28.97 26.06 28.84 32.94 33.65 32.25 25.81 17.16 10.79 6.42 14.98 15.80 11.52 14.21 12.38 18.79 16.01 19.03 16.88 17.48 19.60 17.25 17.39 18.80 12.44 12.21 15.03 10.60 12.60 10.49 10.57 8.12 7.89 12.13 12.48 6.47 4.93 4.94 11.39 7.38 12.06 10.62 10.57 9.36 9.12 4.63 4.40 5.15 4.52 3.08 4.64 4.76 11.33 14.65 16.61 18.06 18.43 17.59 17.44 13.62 19.56 11.73 16.03 18.31 17.38 15.26 16.92 18.58 13.50 15.86 16.64 11.72
30.13 30.47 35.41 36.11 33.39 30.69 29.58 31.07 26.56 26.10 29.15 31.29 30.03 30.51 22.63 15.42 8.04 8.17 13.65 12.45 10.63 11.87 13.39 16.17 24.05 17.95 17.06 17.71 17.55 14.43 15.02 17.98 11.77 14.19 14.52 9.31 12.02 10.77 9.15 6.81 9.92 11.23 10.91 6.51 4.90 4.92 10.95 3.12 9.31 9.72 8.74 8.55 7.70 4.96 4.56 5.46 3.53 5.24 12.57 13.56 4.92 14.71 16.29 18.16 18.66 13.92 13.52 14.39 12.84 10.87 12.02 16.02 18.20 16.10 18.18 19.64 16.24 14.97 18.74 15.14
29.64 30.97 35.09 34.41 31.20 29.08 30.29 30.93 26.26 28.19 31.75 31.85 28.41 29.58 21.32 14.22 6.08 7.59 10.63 10.19 13.19 20.26 15.35 19.67 17.65 18.46 18.67 17.43 16.77 13.37 12.28 17.37 14.54 14.66 14.90 6.12 11.70 10.19 5.53 5.20 11.28 12.09 10.11 6.69 6.34 3.93 5.43 9.53 6.83 8.65 7.16 7.67 8.21 5.81 6.38 6.45 1.69 3.88 5.14 8.54 6.29 13.08 15.24 17.42 18.78 13.71 17.93 12.92 19.22 18.57 18.79 11.04 13.58 14.65 18.73 19.12 19.28 18.46 18.27 10.83
30.87 31.18 34.71 33.48 30.58 28.33 30.29 30.61 27.65 29.03 30.32 31.99 27.83 25.09 19.73 19.11 5.79 18.78 8.94 20.34 20.96 22.27 20.04 19.25 15.48 16.72 16.84 14.89 16.35 13.95 12.11 16.95 16.85 13.02 15.58 9.54 5.16 9.61 3.96 5.15 9.36 12.13 10.97 5.66 2.42 7.86 3.76 2.55 7.56 5.97 6.64 6.03 7.27 6.79 8.81 10.12 12.15 2.19 8.04 7.85 14.20 4.82 11.81 15.07 17.36 18.14 18.76 19.09 19.23 18.96 18.85 19.46 19.86 11.99 16.59 18.67 18.09 17.95 17.88 17.49
29.48 30.58 34.29 34.05 30.07 26.37 28.05 29.53 27.84 26.76 28.66 29.20 28.46 24.89 19.24 8.86 17.53 19.22 19.97 21.25 22.54 14.88 22.09 18.25 14.21 14.59 14.05 10.55 14.21 15.44 11.84 15.11 15.78 10.07 14.20 9.98 7.95 8.37 3.25 5.92 9.91 7.27 10.75 9.27 2.88 2.29 3.17 4.15 4.52 4.87 6.62 2.50 7.59 7.60 7.86 9.34 11.51 12.32 11.67 13.23 14.48 14.63 14.82 3.55 14.82 16.94 19.22 19.27 19.08 18.85 18.63 19.38 19.65 19.34 10.17 12.26 16.55 17.59 15.59 16.56
29.79 30.04 33.69 30.94 28.03 24.96 26.69 28.14 29.61 28.35 25.34 26.22 29.93 26.94 19.72 7.73 19.38 19.65 20.94 22.82 16.42 22.56 21.03 17.00 13.56 15.31 9.22 8.75 14.30 17.95 10.18 11.05 10.89 11.71 13.59 12.71 9.51 3.97 4.25 9.09 8.65 4.16 7.98 9.27 9.01 5.06 2.31 6.51 6.23 5.91 7.63 2.56 10.08 7.01 6.95 9.12 11.29 11.73 12.09 13.57 15.40 15.82 15.61 14.29 8.47 15.69 18.96 19.54 18.86 18.63 18.55 11.21 19.06 19.06 18.41 16.81 16.08 17.49 18.26 17.08
29.66 29.77 33.11 32.88 26.66 25.77 26.69 29.87 30.21 28.31 22.90 24.77 28.70 25.85 19.82 9.20 19.91 20.46 22.28 16.78 18.63 22.44 20.41 16.22 13.15 12.95 5.39 16.17 14.70 17.00 9.69 8.57 9.99 13.28 13.15 10.74 8.89 4.85 5.90 9.65 6.07 6.15 5.28 6.92 7.06 5.35 3.70 9.47 9.09 3.04 3.98 10.61 8.67 6.93 7.09 9.46 11.82 12.38 12.94 14.89 7.17 16.21 15.84 14.55 13.24 15.29 18.68 11.20 18.78 11.39 18.28 17.80 15.76 18.59 18.07 17.04 10.05 17.34 16.51 17.89
28.29 29.14 32.82 31.15 26.65 26.78 25.94 29.25 29.54 26.39 21.39 25.02 26.93 23.46 18.32 19.92 20.84 21.41 22.39 19.36 20.79 22.71 19.91 15.71 15.89 6.92 5.39 7.87 12.83 15.17 7.12 7.43 13.03 11.10 8.07 10.30 4.94 5.68 6.34 7.58 6.76 7.80 6.43 6.39 5.98 5.35 3.23 11.27 11.25 1.85 4.41 4.74 10.38 8.62 8.70 9.59 12.06 8.57 8.36 15.22 15.96 8.72 15.55 15.17 15.30 6.00 18.59 16.22 18.65 17.92 17.71 17.26 15.50 16.50 10.91 17.38 7.19 13.21 14.38 17.76
29.56 29.06 31.86 28.87 26.70 26.43 28.62 28.22 27.53 21.66 22.21 27.18 30.48 24.21 20.75 21.13 21.79 21.64 14.29 18.83 23.62 22.71 19.45 15.13 12.20 6.48 4.94 6.62 10.12 14.98 9.36 8.72 13.91 9.48 7.18 5.73 4.56 5.32 5.13 12.42 12.06 12.44 10.14 6.33 3.62 5.96 2.53 11.38 12.14 4.99 4.27 12.31 10.67 10.25 9.89 10.57 12.60 13.76 13.79 14.35 15.05 10.29 14.44 9.28 16.85 18.44 14.71 16.09 13.52 17.65 17.23 17.12 9.19 16.12 12.13 9.28 7.67 9.19 11.70 17.23
30.36 29.06 30.41 28.26 27.88 26.67 24.15 24.87 24.23 21.72 24.01 28.08 28.23 26.18 14.92 21.55 15.59 14.07 17.32 21.33 23.13 21.45 18.40 15.09 11.56 4.72 4.00 5.86 8.34 14.06 12.15 6.42 11.50 12.14 6.58 4.49 4.58 5.29 6.76 12.37 12.03 12.21 11.64 3.51 2.26 3.31 3.99 8.78 12.85 12.93 1.63 5.46 11.95 10.81 10.87 12.33 7.85 13.73 13.64 14.08 14.31 9.40 12.94 15.02 6.08 5.08 10.55 13.96 15.10 11.39 10.21 17.35 7.74 10.53 11.38 10.40 9.37 8.84 6.44 5.45
31.93 29.15 28.93 28.21 29.50 26.30 22.94 23.16 20.16 20.76 24.25 26.48 24.53 20.86 15.95 15.08 15.42 17.75 21.59 22.97 22.98 20.51 17.16 14.97 10.68 2.79 2.61 4.85 6.67 12.17 11.58 6.94 8.34 13.52 6.84 4.70 4.10 1.90 12.40 12.40 13.40 14.15 12.72 4.58 1.39 2.98 1.13 13.43 13.99 14.32 2.32 0.34 4.86 11.53 12.34 13.70 13.88 8.69 13.87 14.02 13.57 12.64 13.10 15.71 8.10 8.76 9.99 11.99 13.49 13.33 16.76 4.80 3.60 7.48 9.35 10.24 10.69 12.52 8.53 17.90
31.47 27.98 27.44 28.23 29.29 25.15 24.88 23.34 20.98 20.54 23.57 24.17 21.28 20.49 18.63 16.02 15.09 21.81 21.40 22.15 21.99 19.84 16.78 10.94 7.48 2.95 2.11 3.73 5.40 7.76 5.89 8.42 10.46 15.07 11.14 4.11 5.38 1.47 4.51 11.77 13.56 14.95 14.31 4.67 6.98 2.15 2.65 14.46 10.12 9.22 4.92 2.31 5.79 12.51 13.75 14.54 14.19 13.74 13.82 8.01 6.06 7.34 15.00 16.49 8.82 17.82 11.13 11.13 11.82 13.07 14.96 11.71 8.72 17.11 17.19 7.40 7.13 7.36 10.49 7.60
30.05 26.89 29.00 30.53 27.57 26.91 23.33 20.71 20.47 20.51 23.02 23.10 19.71 20.27 20.38 16.39 16.34 21.14 21.09 21.84 21.12 18.54 16.23 12.39 6.06 1.63 4.50 5.20 4.50 5.11 6.05 6.36 9.43 15.22 12.36 3.57 5.30 3.52 13.07 12.41 13.97 16.02 16.00 4.65 9.02 3.42 2.20 4.48 9.31 15.46 7.15 1.51 13.96 4.33 7.66 14.44 6.54 7.40 14.43 6.93 6.96 8.29 8.78 17.60 7.05 6.13 8.43 9.00 9.48 10.47 12.70 12.30 9.03 3.90 17.15 17.33 18.04 17.97 17.92 6.89
24.81 25.99 30.77 30.75 25.79 26.58 23.47 20.07 19.76 19.88 22.19 23.25 19.95 17.33 19.64 14.80 17.49 21.50 20.84 21.74 20.92 18.25 16.17 8.41 2.41 16.26 16.99 11.45 6.32 5.98 18.35 7.45 8.26 15.47 14.07 4.15 3.82 3.91 15.02 14.79 15.74 5.36 17.56 3.34 10.32 2.98 2.61 4.30 9.81 10.24 9.29 3.41 14.96 14.05 6.74 14.56 7.89 9.09 8.92 8.16 5.31 10.20 9.80 6.86 4.44 4.41 3.25 6.00 4.90 6.06 9.28 12.13 13.46 11.44 7.97 2.14 4.96 7.69 18.26 7.97
23.72 24.71 29.78 29.14 24.46 23.70 21.24 19.83 19.37 19.49 21.56 22.03 20.37 17.99 19.53 22.38 17.27 21.26 20.73 21.16 20.42 18.84 15.22 5.60 18.82 19.11 19.58 7.21 9.18 6.89 6.33 7.79 7.54 12.69 16.18 9.21 3.55 4.44 16.74 16.90 17.11 10.78 18.59 7.35 8.78 7.16 5.86 11.63 15.54 16.47 11.98 6.42 16.49 15.81 15.57 8.88 17.35 11.37 18.07 18.19 6.69 2.99 18.73 7.13 6.55 4.71 1.12 2.18 1.03 1.41 4.37 9.47 16.81 16.20 16.48 8.19 7.81 8.65 3.66 19.27
22.30 23.77 29.08 28.15 24.54 22.76 20.39 20.54 19.36 19.69 21.38 21.65 19.67 18.15 19.49 13.80 17.89 20.56 20.23 20.41 19.70 18.93 8.99 6.44 19.92 20.63 7.20 6.53 6.35 8.89 7.97 8.96 10.33 10.79 13.65 8.40 5.67 5.38 18.62 9.94 12.60 7.73 20.19 6.61 6.29 6.22 12.46 18.27 18.64 18.77 18.66 18.71 9.65 12.07 12.32 11.01 12.35 11.79 10.02 18.79 7.17 9.93 4.51 7.87 5.43 16.13 4.27 6.84 4.80 4.06 4.39 3.65 16.21 15.98 12.99 9.09 7.99 9.44 8.76 2.17
25.83 20.77 28.94 29.50 26.40 26.10 19.56 19.11 19.78 19.73 21.43 23.73 18.55 18.46 18.91 17.19 21.15 19.43 19.45 19.46 18.75 14.63 4.81 19.06 18.86 20.05 9.47 5.70 7.20 7.10 11.25 12.75 11.77 11.04 11.08 6.60 6.48 11.88 11.64 20.03 12.40 7.05 20.89 19.75 19.61 13.66 15.55 16.31 20.89 20.83 20.54 20.59 10.28 20.69 20.37 7.24 11.38 11.59 9.25 11.87 8.91 5.35 9.29 8.02 2.51 15.00 14.50 5.64 4.28 3.33 3.62 4.33 16.23 15.68 9.47 7.04 5.24 4.05 2.64 3.96
25.27 26.56 26.63 25.29 26.15 26.84 17.72 18.89 18.01 19.20 16.60 20.93 18.20 16.14 16.53 17.05 14.17 15.23 18.70 18.65 18.16 13.88 7.22 4.74 18.53 19.30 7.64 5.31 5.23 8.39 11.46 14.30 10.71 7.33 7.04 13.70 19.80 19.92 19.94 19.37 19.19 19.95 20.47 20.28 20.10 15.68 15.34 20.87 21.20 21.45 21.84 10.65 9.84 21.20 20.36 19.88 12.96 8.76 9.37 10.90 9.62 8.92 8.41 7.85 5.25 4.69 5.59 7.44 3.00 4.52 5.05 6.63 15.94 15.44 9.20 6.74 5.33 6.67 17.35 16.59
25.18 27.01 26.51 22.93 26.75 25.25 16.63 17.73 17.46 17.91 19.80 16.67 16.60 15.90 15.81 16.04 13.88 13.63 18.58 18.00 18.01 14.36 6.69 3.66 18.58 18.74 5.81 7.67 11.04 7.34 6.68 11.99 5.62 8.24 19.56 19.51 19.53 19.96 20.42 19.96 19.38 19.67 20.29 20.57 20.37 20.06 20.03 20.36 20.67 20.88 21.38 11.99 11.43 20.45 19.65 19.23 13.33 18.45 11.04 8.50 9.79 4.59 4.28 16.17 15.31 7.36 1.41 2.32 3.86 3.49 4.42 4.89 15.14 9.99 9.19 12.47 17.62 8.50 3.48 16.61
22.47 27.38 31.31 20.86 24.36 22.92 15.75 10.90 16.45 9.91 13.97 14.53 14.08 16.81 14.97 15.73 15.13 11.61 18.44 17.27 17.56 12.84 6.30 18.47 17.91 18.11 6.83 11.39 17.84 3.57 19.33 7.21 7.05 10.63 18.27 18.79 19.28 19.65 19.86 19.91 20.21 20.38 20.17 19.99 19.78 19.40 19.26 19.48 19.61 19.60 19.59 19.38 18.91 18.67 18.73 18.57 17.97 17.40 17.01 16.87 4.34 8.35 8.34 15.09 15.17 15.59 15.65 4.77 2.84 2.34 3.82 2.18 7.93 7.93 10.12 13.55 16.24 16.32 16.80 4.87
27.06 26.65 28.93 25.52 22.98 20.86 14.89 10.95 10.51 11.25 14.32 16.18 13.83 15.65 15.55 15.12 12.77 8.96 17.83 16.23 15.99 3.77 17.59 17.52 17.40 17.15 8.97 10.72 4.36 8.16 8.93 7.26 9.68 17.49 17.63 17.73 17.86 17.98 17.91 18.02 18.45 18.91 19.05 18.93 18.75 18.70 18.82 18.92 18.87 18.71 18.41 17.96 17.59 17.49 17.43 17.15 16.80 16.47 16.12 15.92 9.89 9.80 14.69 14.61 8.85 14.71 14.39 14.09 14.05 3.92 3.45 2.05 5.39 1.92 7.30 11.38 15.71 16.03 16.47 4.87
26.30 24.75 28.07 24.06 22.37 15.88 13.11 14.07 11.70 12.89 13.42 12.25 12.23 15.39 14.89 16.43 11.63 12.30 17.25 16.41 14.96 15.49 16.31 17.06 17.59 9.09 16.63 4.61 7.50 16.30 7.50 16.05 16.44 16.48 16.52 16.65 16.63 16.66 16.87 16.93 16.94 17.23 17.51 17.49 17.54 17.92 18.19 18.16 18.11 18.08 17.86 17.59 17.43 17.19 16.75 16.34 16.08 15.81 15.44 15.05 14.65 14.35 14.34 14.39 14.23 14.09 14.03 13.95 13.97 14.09 13.97 13.71 13.95 2.96 6.61 8.93 14.19 15.58 16.04 8.71
27.14 23.53 18.82 22.28 22.42 15.14 13.45 13.62 12.82 13.18 11.99 7.15 12.94 15.90 14.17 14.34 14.95 13.84 14.12 6.69 15.13 15.05 15.05 15.60 6.82 10.88 8.15 16.00 4.11 3.82 6.92 15.81 15.87 15.78 15.59 15.67 15.82 15.95 16.09 16.31 16.58 16.59 16.51 16.68 16.90 17.09 17.21 17.20 17.09 16.87 16.79 16.87 16.90 16.61 16.10 15.76 15.52 15.20 14.82 14.43 14.06 13.78 13.64 13.52 13.44 13.40 13.38 13.38 13.43 12.09 13.40 13.43 14.03 1.07 1.32 5.10 10.88 15.17 15.57 13.80
26.05 26.47 17.46 21.66 14.06 15.58 19.09 13.13 12.18 15.08 12.81 12.24 12.97 19.29 13.13 18.24 16.20 16.65 13.04 14.01 14.02 3.63 14.53 14.58 15.24 7.60 5.35 5.08 5.70 2.22 5.70 4.76 15.36 15.11 14.87 14.73 14.83 14.64 14.09 14.16 14.69 15.02 15.45 15.77 15.85 15.92 16.09 16.18 16.00 15.64 15.60 15.82 15.66 15.16 14.79 14.61 14.41 14.17 13.86 13.57 13.31 13.00 12.72 12.59 12.57 12.62 12.74 12.86 12.96 13.10 13.19 13.52 2.97 3.87 2.90 1.91 5.90 11.66 14.31 14.66
20.80 21.66 17.08 19.89 13.28 14.34 18.85 9.99 18.25 11.43 11.31 11.95 13.71 12.53 16.35 11.83 12.84 15.17 11.99 13.90 13.06 13.28 13.80 8.26 1.69 3.56 5.43 7.00 8.40 1.48 15.38 14.88 14.64 14.36 14.11 13.77 13.43 13.14 12.51 11.76 11.72 12.67 13.66 14.23 14.38 14.47 14.66 14.82 14.87 14.70 14.68 14.76 14.42 14.03 13.77 13.54 13.34 13.17 12.94 12.67 12.42 12.13 11.87 15.94 11.82 12.01 12.25 12.39 12.50 12.68 12.94 13.24 13.67 13.83 13.99 3.97 2.59 4.10 13.15 14.55
19.03 17.90 14.94 14.90 13.05 17.21 15.43 12.08 10.89 17.13 10.86 11.70 12.47 14.01 17.01 17.23 12.05 14.59 11.85 10.57 13.73 12.91 12.55 12.55 13.21 13.78 4.28 8.17 8.87 2.30 14.70 14.14 13.87 13.62 13.25 12.72 12.16 11.85 10.91 9.16 9.23 11.32 12.55 12.92 13.29 13.54 13.64 13.68 13.67 13.56 13.53 13.51 13.39 13.24 13.05 12.90 12.77 12.56 12.28 11.97 11.66 11.42 11.35 11.35 11.31 11.38 11.60 11.72 11.85 12.10 12.44 12.77 6.64 6.94 8.61 8.47 4.74 1.63 5.38 10.73
18.02 15.99 13.12 13.12 13.84 14.56 13.28 14.40 16.79 14.10 9.85 13.41 12.51 13.68 13.09 9.11 11.91 16.84 13.25 12.76 13.90 2.55 5.25 12.22 12.32 12.68 2.49 6.60 3.09 14.04 13.88 13.32 13.11 12.99 12.62 12.18 11.75 10.95 9.45 8.11 8.49 10.37 11.78 12.19 12.46 12.67 12.70 12.62 12.47 12.38 12.38 12.49 12.56 12.50 12.41 12.38 12.32 12.10 11.69 11.23 10.91 10.77 10.77 10.67 10.49 10.57 12.22 12.06 10.75 11.57 11.46 11.35 11.33 9.18 5.83 3.90 2.80 3.01 1.29 6.20
18.08 16.31 13.80 12.34 14.06 13.21 19.66 16.06 13.13 7.87 8.21 6.38 11.14 14.19 10.70 6.76 11.67 15.28 10.89 12.62 3.42 12.47 10.10 8.66 1.61 0.28 2.59 5.69 4.34 13.69 0.85 1.93 12.83 12.53 12.28 11.97 11.55 10.83 9.82 9.27 9.43 9.94 10.55 11.01 11.26 11.45 11.61 11.67 11.60 11.48 11.46 11.69 11.82 11.75 11.68 11.62 11.55 11.33 10.88 10.37 10.03 9.82 13.46 9.39 9.31 11.63 12.13 11.54 9.27 9.00 9.22 10.05 10.75 9.49 5.84 2.65 1.26 1.63 3.86 8.48
16.59 14.82 11.87 9.78 11.34 12.51 11.69 17.48 14.11 8.39 7.66 8.49 9.86 14.92 10.77 11.75 13.55 14.96 10.29 11.39 10.53 9.27 8.00 12.25 5.09 0.36 2.70 7.23 1.32 1.78 6.22 2.47 12.71 12.17 11.99 11.86 11.58 11.21 10.81 10.63 10.69 10.59 10.31 10.25 10.41 10.62 10.77 10.83 10.80 10.75 10.70 10.76 10.81 10.77 10.79 10.80 10.62 10.24 9.80 9.40 9.07 8.85 8.64 8.40 8.49 11.92 11.85 10.02 9.67 10.21 6.85 6.69 6.21 6.23 6.33 5.04 1.61 1.34 2.89 8.04
