examples/cougarCreek-fire/createInputs/WindNinja/wrfout_d3.2015080912.f22/cougarCreekFire_08-10-2015_1000_217m_non_neutral_stability_vel.asc
ncols	146
nrows	140
xllcorner	610065.000000
yllcorner	5095217.000000
cellsize	216.586807
NODATA_value	-9999.000000
[rows 0 to 34 of 140, columns 0 to 79 of 146]
13.91 8.78 6.98 6.41 8.97 4.46 2.98 2.22 2.10 2.60 3.61 4.93 5.37 4.59 3.72 3.28 1.92 2.44 3.21 2.70 2.52 3.50 4.71 5.59 5.46 4.16 3.58 4.35 4.34 3.14 3.62 7.01 5.68 5.39 5.66 5.83 5.51 5.29 5.81 6.81 7.39 7.40 7.77 8.57 8.93 8.73 9.13 10.22 11.03 14.30 12.18 23.16 15.36 18.45 17.72 17.06 18.36 29.26 17.49 15.96 15.22 18.91 16.53 16.80 17.71 19.87 18.10 19.26 21.90 22.77 20.83 17.60 14.54 12.61 13.10 15.72 18.86 21.71 23.06 22.96
13.91 8.78 6.98 6.41 8.97 4.46 2.98 2.22 2.10 2.60 3.61 4.93 5.37 4.59 3.72 3.28 1.92 2.44 3.21 2.70 2.52 3.50 4.71 5.59 5.46 4.16 3.58 4.35 4.34 3.14 3.62 7.01 5.68 5.39 5.66 5.83 5.51 5.29 5.81 6.81 7.39 7.40 7.77 8.57 8.93 8.73 9.13 10.22 11.03 14.30 12.18 23.16 15.36 18.45 17.72 17.06 18.36 29.26 17.49 15.96 15.22 18.91 16.53 16.80 17.71 19.87 18.10 19.26 21.90 22.77 20.83 17.60 14.54 12.61 13.10 15.72 18.86 21.71 23.06 22.96
21.41 11.59 8.35 13.73 20.39 15.41 5.62 2.29 11.35 13.83 13.06 12.62 5.53 3.14 10.44 9.24 11.39 3.43 3.06 2.48 2.26 3.44 4.91 5.40 5.19 4.66 11.28 11.39 5.70 6.27 6.75 16.21 5.16 6.44 4.99 5.44 17.22 16.40 9.51 19.20 17.26 20.19 21.09 21.71 20.80 12.18 20.15 22.34 20.90 23.08 24.13 27.55 25.86 17.35 17.44 17.99 19.53 28.99 16.63 16.65 22.99 27.37 24.70 25.95 24.01 26.48 18.44 20.71 27.43 23.40 21.13 17.19 21.48 13.80 15.48 22.50 25.18 21.40 22.59 23.02
18.00 14.10 10.26 18.89 18.98 15.62 16.54 12.71 11.59 4.79 13.80 14.44 3.97 3.22 10.52 8.40 12.17 11.66 10.37 3.51 1.80 3.15 3.57 5.61 5.11 4.84 13.56 12.32 4.43 5.29 16.66 16.35 14.90 16.22 15.72 13.99 16.00 18.50 18.96 21.20 20.25 20.72 20.41 21.29 21.21 21.98 24.77 23.04 25.32 26.40 26.33 24.70 23.38 17.79 16.45 17.62 18.87 28.50 27.01 28.90 27.73 28.17 28.07 28.73 27.41 28.38 20.57 30.34 26.96 23.67 24.48 25.48 16.98 18.78 21.23 27.42 27.67 21.65 21.87 23.08
13.03 20.41 11.72 18.87 20.29 16.57 8.05 12.79 5.14 6.13 14.42 16.06 3.78 2.45 5.01 12.40 14.82 12.23 13.54 12.01 2.77 2.79 5.12 15.72 5.58 4.09 5.04 16.98 15.61 16.33 16.48 16.46 17.94 17.26 19.67 18.11 18.30 21.84 19.84 20.40 21.70 21.34 22.75 23.26 21.77 23.35 26.69 27.43 27.82 26.39 26.34 24.76 23.96 18.12 17.56 18.35 29.88 23.70 32.48 19.30 27.37 33.90 31.48 28.24 31.50 20.74 32.06 25.24 24.44 25.74 28.86 21.54 23.70 25.63 31.77 26.84 23.52 21.72 22.31 23.91
19.25 17.74 11.90 18.23 19.99 19.44 18.32 18.19 15.99 13.31 12.09 15.25 10.35 4.74 7.02 6.57 16.92 12.65 12.45 6.14 4.71 2.99 5.19 14.52 17.82 4.62 6.60 19.08 18.44 18.79 18.55 21.53 19.62 19.65 22.08 19.72 21.00 22.72 24.23 23.01 24.32 23.25 23.97 24.20 24.69 26.01 26.66 27.73 27.59 25.68 24.73 24.55 21.93 17.10 22.81 29.39 30.70 25.16 19.94 34.97 32.40 34.80 30.56 33.08 21.63 32.01 27.73 23.43 26.68 31.54 22.26 30.48 32.38 27.73 26.35 23.51 24.42 20.18 22.11 23.78
24.76 17.76 10.63 11.05 17.90 18.12 17.38 9.36 16.97 17.44 14.45 13.29 16.59 6.80 4.95 8.38 19.02 15.23 6.34 5.61 5.42 4.39 4.89 7.04 20.13 5.55 21.84 18.88 21.18 21.12 18.99 22.61 22.30 20.68 22.34 20.54 21.99 24.65 22.00 23.50 23.29 25.45 24.91 24.87 26.79 23.15 25.93 25.56 18.58 18.33 18.39 18.46 23.35 25.42 27.99 27.55 28.69 31.21 30.25 31.05 32.34 27.66 28.43 35.87 27.35 27.61 26.66 27.70 33.19 22.71 32.28 29.38 24.89 22.99 21.26 26.80 20.01 20.13 21.00 22.27
24.36 22.51 19.29 17.53 17.61 20.83 20.26 16.97 14.62 8.52 14.76 13.31 15.46 11.83 10.99 9.06 16.61 15.61 16.90 5.59 6.15 6.16 6.68 7.96 20.30 7.56 9.01 24.75 21.71 11.03 22.13 25.50 21.52 22.46 24.36 21.33 24.11 25.32 25.08 23.83 24.95 25.95 26.47 24.82 24.94 23.77 21.34 16.72 16.30 16.60 24.36 26.30 25.84 25.82 27.06 26.79 28.35 27.36 28.28 27.05 25.09 25.55 33.54 20.80 32.29 28.03 26.75 29.91 32.29 31.00 23.45 21.87 23.87 26.87 18.47 26.67 19.97 19.49 19.95 21.45
25.58 22.27 19.30 18.47 17.83 20.63 21.40 19.79 18.26 16.70 17.19 8.76 9.31 18.19 7.20 5.87 8.81 16.80 15.55 5.89 6.57 7.40 6.99 8.64 23.08 9.40 10.53 25.80 22.29 21.35 23.35 25.87 23.65 24.25 26.75 23.53 26.31 26.80 26.31 27.14 29.02 26.71 28.67 29.96 17.92 25.51 24.06 20.59 25.96 25.42 27.30 26.39 23.17 23.78 21.52 23.92 27.24 24.93 22.74 20.47 23.89 26.92 28.98 30.35 26.79 25.69 26.31 29.97 29.20 24.93 19.89 30.42 24.48 17.04 26.23 25.15 17.12 17.51 19.98 21.99
26.03 22.21 18.97 18.70 16.51 19.38 19.93 20.78 19.92 17.45 17.12 17.02 15.30 16.97 21.01 10.08 8.99 7.80 19.07 6.08 6.05 7.89 7.29 8.78 10.81 25.94 11.58 25.91 28.10 25.03 24.61 28.23 27.38 27.98 28.83 26.29 28.29 29.40 26.68 28.31 30.60 29.67 31.73 26.98 29.02 19.60 26.42 28.01 25.39 27.08 26.42 22.05 22.24 23.21 27.41 27.07 26.78 24.69 22.68 25.64 27.60 15.18 26.63 23.75 23.78 26.29 28.01 30.11 28.21 26.56 28.94 18.51 18.68 27.50 28.26 16.42 16.09 18.38 21.82 23.09
19.45 25.79 23.20 18.88 18.01 16.58 16.51 19.17 19.27 18.31 18.30 17.00 16.04 15.62 10.23 9.87 8.72 8.86 19.91 16.24 6.68 16.73 7.70 8.20 10.49 25.84 12.02 25.47 28.26 25.03 26.20 31.31 28.79 30.42 31.44 30.42 32.98 32.31 31.03 34.16 31.29 31.64 21.03 29.34 28.62 21.74 29.57 27.82 27.98 24.11 19.56 22.69 27.93 27.16 27.32 28.24 27.87 25.86 28.10 26.77 21.45 26.77 22.43 20.97 24.02 23.84 23.57 25.03 24.45 25.01 29.00 26.90 28.82 26.14 28.47 17.50 17.97 20.63 22.65 22.71
19.86 26.64 25.47 24.10 21.65 19.31 16.62 17.55 19.89 20.58 19.63 18.76 18.61 16.78 17.17 18.28 6.09 9.81 17.76 19.22 6.84 18.12 8.12 8.00 10.34 20.27 13.92 30.03 31.17 26.60 27.89 32.94 31.71 33.43 33.43 31.78 32.46 32.68 34.18 33.92 35.49 19.92 31.27 20.54 20.67 21.43 30.11 30.03 26.44 23.55 26.46 28.50 29.81 29.52 29.03 28.19 28.05 27.22 27.71 22.30 26.37 22.60 20.11 21.81 21.48 16.57 17.11 17.68 17.92 17.81 21.68 23.93 18.41 29.18 19.88 19.32 20.02 21.28 21.26 20.45
22.88 21.89 23.43 22.98 23.14 19.88 18.31 15.38 16.45 21.05 20.48 20.02 20.10 21.38 10.57 8.78 7.17 20.82 17.47 20.37 17.72 19.64 20.98 8.59 9.33 12.26 15.40 29.01 31.47 19.99 29.50 30.24 31.96 19.07 33.09 32.04 32.59 31.99 30.68 19.22 35.14 20.17 19.75 28.35 18.30 26.60 30.61 26.10 25.53 25.92 29.18 31.74 30.40 30.86 30.61 29.39 27.70 26.87 26.43 26.77 18.76 17.23 17.94 16.73 15.45 14.53 13.90 14.23 14.66 14.69 14.87 15.71 24.44 29.71 20.03 20.75 21.30 20.91 19.79 18.87
17.10 18.07 15.82 18.69 20.98 19.60 17.70 11.33 13.76 15.07 16.87 20.44 21.52 23.67 13.81 11.32 8.03 18.14 20.07 18.53 18.09 18.22 20.04 19.24 9.13 12.33 28.46 32.44 28.29 19.11 25.74 29.35 30.59 32.55 30.96 30.12 32.17 32.89 19.24 20.33 30.80 20.16 18.61 17.21 23.85 29.98 30.13 27.11 25.99 29.42 30.81 31.03 29.24 30.94 28.34 26.61 25.03 21.99 22.11 18.89 13.68 15.32 14.56 13.36 13.28 12.72 15.16 15.39 16.54 19.14 12.73 15.24 16.80 17.97 19.30 20.29 20.09 18.67 17.76 17.78
14.80 11.86 14.26 14.17 15.69 16.56 17.48 16.14 11.92 12.25 14.02 14.48 17.56 19.99 25.60 14.25 10.90 9.74 21.58 20.35 20.10 19.53 21.45 24.64 11.52 14.31 28.30 27.22 25.82 16.22 24.25 27.63 31.27 30.41 30.17 27.82 31.24 31.32 17.74 19.41 19.81 18.60 17.41 23.40 30.15 29.44 29.96 23.55 24.27 28.37 30.95 30.56 30.75 30.74 28.69 27.80 24.29 21.07 19.79 17.04 13.77 13.64 14.41 12.35 14.22 18.45 19.51 20.07 20.12 11.84 18.25 16.55 15.17 15.50 16.91 17.17 16.36 15.15 15.17 15.53
11.60 12.93 14.60 14.74 14.83 17.09 19.07 17.64 16.06 11.40 9.19 12.00 16.25 16.05 18.59 25.43 17.91 16.35 27.50 24.81 23.18 22.75 23.58 26.03 29.84 29.89 28.36 27.61 23.87 14.59 24.31 29.50 30.22 15.61 28.77 29.14 27.71 15.27 15.77 16.24 24.10 16.82 17.52 25.45 30.57 28.69 23.51 22.35 23.70 30.58 29.55 29.60 28.51 26.28 26.66 25.06 20.84 21.54 20.98 18.18 17.48 18.24 18.92 19.32 19.67 19.20 18.71 20.49 16.04 19.44 15.57 14.32 13.29 13.45 13.94 14.00 13.47 13.19 16.12 12.62
12.43 12.38 13.75 16.50 15.42 14.99 17.56 17.65 16.86 16.19 13.22 13.70 19.24 20.91 17.95 17.49 19.88 28.63 29.03 29.39 29.32 29.71 28.64 15.76 30.73 30.44 28.66 22.43 13.64 19.97 25.62 28.80 26.23 31.43 27.65 29.82 14.87 15.15 15.50 30.14 16.14 16.90 17.63 18.54 25.64 23.70 22.58 23.50 26.97 30.66 30.82 26.12 23.22 23.84 24.92 17.00 18.70 18.79 21.03 18.91 16.16 18.90 19.23 18.62 19.59 17.10 19.21 20.19 17.17 9.54 7.75 12.14 10.79 10.76 11.61 11.79 11.51 11.79 11.56 10.88
14.57 12.01 11.41 14.87 15.37 13.20 12.81 15.68 16.88 16.74 15.84 13.47 16.08 17.20 15.84 12.90 14.62 17.40 21.49 18.97 25.64 26.68 26.18 16.29 30.52 29.46 27.69 20.38 12.69 21.55 28.27 28.50 29.18 30.34 27.83 27.76 15.59 15.94 16.22 29.94 16.71 17.40 17.99 24.81 24.23 23.39 23.05 27.80 28.38 30.20 25.72 20.36 20.35 23.66 18.82 16.46 20.64 17.25 18.69 21.47 19.01 18.62 18.16 19.17 19.31 13.02 12.16 10.04 8.29 5.88 8.88 13.30 13.16 10.06 8.26 7.60 9.74 9.93 10.45 10.30
19.65 16.34 14.36 15.52 18.45 18.06 15.50 17.15 19.27 19.62 18.50 15.04 12.86 14.87 17.77 16.52 14.42 16.37 19.69 18.72 21.60 26.53 23.52 28.21 30.90 31.77 26.37 19.53 20.19 24.90 28.60 27.70 30.39 17.92 28.32 28.17 17.22 17.91 28.72 31.76 29.15 29.83 19.04 19.41 25.37 28.35 28.33 28.26 30.36 26.02 22.81 20.59 24.20 25.53 21.06 21.88 22.02 21.56 21.00 20.32 20.10 18.89 17.96 16.44 13.63 10.35 7.81 10.75 4.22 10.06 13.65 12.84 12.83 11.29 11.55 8.70 5.28 8.80 8.70 8.87
23.06 20.06 17.09 17.14 19.43 19.43 17.21 16.65 19.14 20.02 18.69 14.74 14.33 14.78 20.67 19.53 20.43 18.95 20.21 19.74 18.65 23.90 21.14 29.84 30.20 30.98 16.50 20.03 24.74 27.60 27.69 29.38 25.21 28.02 17.03 17.62 19.02 20.09 30.00 32.04 32.12 30.35 20.75 20.53 26.55 29.32 28.92 29.08 24.16 21.41 21.70 26.36 17.28 26.42 21.92 22.23 22.81 22.03 21.35 21.65 21.76 18.96 20.81 17.40 15.50 12.64 13.77 14.28 11.24 12.79 12.28 10.32 11.17 8.97 8.96 6.85 8.41 10.10 9.65 4.83
19.00 23.67 20.69 18.96 20.60 20.62 19.37 18.23 19.37 20.48 17.71 14.84 17.76 15.40 17.64 22.27 22.58 24.21 23.97 24.57 19.90 26.68 19.65 15.53 23.34 30.00 14.89 20.53 24.90 25.94 27.56 28.91 20.71 26.58 17.19 18.55 19.81 20.63 22.08 30.06 24.29 23.91 22.61 21.33 25.86 24.70 24.73 22.98 21.76 23.48 23.04 28.17 24.91 21.38 15.82 24.67 23.97 22.44 24.82 22.81 21.58 20.15 20.58 19.55 16.41 15.10 12.43 10.28 6.72 10.21 5.34 7.13 9.03 12.11 9.00 8.55 8.44 6.29 6.32 9.80
22.38 20.78 22.05 21.84 22.23 21.38 19.63 18.70 18.83 20.16 19.26 17.94 19.85 19.99 14.85 15.29 18.66 22.27 20.69 21.36 21.09 25.51 25.96 27.65 28.47 28.77 24.24 25.60 25.75 25.62 28.75 23.76 18.54 25.58 16.86 18.24 28.78 19.55 32.50 22.47 23.41 23.03 21.89 20.84 25.59 28.47 28.64 22.71 23.91 24.81 27.96 28.64 26.59 23.46 14.61 25.19 15.94 21.74 24.87 22.83 22.71 21.16 21.74 20.91 12.23 16.22 14.07 12.73 4.69 5.49 10.96 10.34 6.84 2.70 2.47 4.31 9.21 8.74 2.31 1.65
11.60 13.14 16.25 18.28 21.03 20.17 17.60 17.78 17.42 19.44 19.61 17.79 17.83 21.96 19.27 13.75 12.00 13.94 14.40 20.64 21.56 23.01 25.10 27.50 27.87 29.27 26.06 25.05 24.54 23.71 24.55 20.18 18.90 27.14 15.16 16.49 17.71 18.88 30.26 20.62 20.55 20.17 19.95 19.74 26.44 25.43 23.84 25.11 30.61 30.55 31.47 18.31 16.95 25.86 16.50 16.86 16.93 26.38 23.39 23.58 22.35 21.62 21.02 11.58 10.46 14.55 14.63 12.79 12.98 10.46 11.56 9.20 6.42 9.56 6.32 8.26 8.64 7.78 6.94 7.63
13.83 11.78 11.75 16.12 13.63 15.75 17.55 18.82 19.35 20.35 19.79 17.93 18.08 22.69 18.75 19.04 16.93 17.31 17.66 20.16 23.17 23.73 27.16 21.37 15.53 24.10 17.85 24.03 22.05 21.80 24.85 24.43 21.49 27.72 23.37 16.91 17.83 19.26 31.69 20.20 18.50 17.93 18.98 25.53 26.97 28.96 28.40 31.17 31.62 31.78 20.76 20.66 20.27 20.41 18.90 18.58 18.78 18.64 18.25 24.15 21.29 22.26 19.75 21.91 19.87 18.86 18.09 16.46 15.59 12.01 13.45 6.21 10.65 8.98 6.66 7.77 5.38 2.07 0.84 7.33
9.50 8.39 13.43 13.94 10.04 12.41 15.36 17.80 19.43 19.87 21.52 19.97 18.71 19.91 20.48 18.75 18.14 17.62 18.51 18.96 22.35 24.74 26.83 27.47 15.49 22.35 25.82 22.48 25.02 25.39 26.34 27.18 25.14 28.66 30.47 18.27 19.27 27.25 29.35 20.92 19.03 25.99 21.96 22.86 26.90 29.72 29.15 30.62 31.21 31.23 21.14 20.67 20.80 20.60 19.50 26.74 26.61 25.60 25.66 16.43 14.90 24.24 16.18 14.06 16.24 20.37 19.68 18.51 18.05 16.54 12.77 10.98 11.04 7.83 8.41 7.85 6.07 6.04 8.91 8.80
8.87 8.88 11.02 12.38 14.85 16.34 15.87 19.11 20.04 19.46 21.98 19.79 18.39 18.37 21.80 19.53 19.76 18.71 18.79 19.22 19.35 24.59 27.70 27.20 23.43 23.12 25.77 20.97 27.23 28.89 29.87 25.67 24.69 25.11 29.54 18.52 20.68 33.56 24.67 19.66 18.38 25.07 24.68 27.03 27.01 26.97 25.86 28.96 30.93 33.01 20.82 19.99 19.53 19.06 18.40 25.22 23.70 23.88 15.72 15.78 15.58 21.38 16.15 19.35 19.84 22.63 21.18 18.06 18.81 8.52 9.94 9.54 8.92 7.42 3.55 5.45 3.05 6.14 7.83 8.68
11.70 8.63 11.30 10.88 14.70 16.34 14.66 15.05 17.48 17.44 19.52 18.22 17.53 18.97 19.52 21.70 21.19 19.73 19.57 19.63 20.32 24.96 29.04 30.02 27.13 26.81 28.50 21.10 27.31 31.12 26.69 23.86 23.31 26.61 30.35 26.35 35.80 33.83 25.79 24.73 27.02 29.47 28.76 29.41 29.24 30.55 31.32 32.64 33.43 21.34 20.27 18.96 18.44 18.12 18.09 17.51 16.39 15.43 15.93 16.09 22.74 23.69 22.21 20.02 19.22 19.67 13.16 11.24 8.66 6.97 9.71 3.97 2.81 2.43 6.56 8.20 7.45 8.27 8.22 8.64
7.21 8.53 7.51 9.06 10.26 12.50 13.95 12.27 10.78 12.00 16.43 18.08 17.48 18.86 17.02 20.61 19.95 18.94 20.07 19.93 21.73 27.84 31.51 32.33 29.25 30.13 34.24 29.41 28.90 30.68 27.06 27.33 26.72 29.88 35.72 40.44 37.06 31.19 27.78 28.44 30.59 32.46 32.32 32.17 32.26 33.20 32.62 32.79 32.54 21.05 19.88 18.47 17.98 18.24 18.25 17.88 16.88 16.52 16.47 16.51 16.06 20.35 13.84 12.01 10.80 11.70 10.01 10.88 16.42 16.46 14.68 12.13 8.75 8.73 1.62 3.65 3.84 9.13 1.21 6.83
15.34 13.09 10.88 9.33 8.70 10.30 12.81 14.81 14.55 11.56 13.74 18.97 14.11 18.51 14.20 16.61 18.52 18.16 20.23 20.66 22.41 28.79 32.90 32.60 26.20 24.62 33.24 37.50 34.85 33.70 29.80 32.36 34.12 37.44 39.27 38.71 31.90 28.89 29.86 30.75 31.86 34.16 33.24 31.50 30.72 30.50 29.07 30.27 31.92 20.95 20.53 19.28 18.94 18.08 18.97 17.98 17.06 16.40 15.38 14.10 13.47 12.90 17.96 10.41 9.39 8.47 8.26 9.13 15.02 15.55 14.72 13.38 11.05 8.26 7.75 7.56 5.92 8.40 6.53 4.87
17.21 15.31 11.54 9.74 8.98 9.01 11.58 14.46 19.56 17.68 18.23 18.65 19.46 19.13 19.39 16.34 17.87 17.82 19.86 20.79 23.67 29.66 32.94 30.11 25.61 24.36 28.45 31.93 42.13 33.50 36.44 38.46 41.95 42.78 41.63 37.43 30.86 30.09 29.89 30.30 31.62 31.52 30.17 30.50 31.78 31.24 30.32 35.40 21.69 22.42 23.08 22.11 20.75 19.81 18.46 16.45 15.31 14.56 13.87 13.20 12.97 12.63 11.70 10.37 10.20 9.96 15.08 14.94 14.85 13.69 12.97 14.00 8.09 6.13 4.92 4.83 4.44 3.64 3.76 3.52
16.59 15.97 14.47 13.50 11.87 11.31 9.80 11.24 14.84 16.83 15.89 19.10 21.10 14.03 20.49 19.06 20.73 20.95 19.97 20.38 24.40 28.93 31.64 29.15 26.41 27.48 29.97 31.37 41.51 35.80 43.53 45.05 46.01 44.92 42.21 35.40 29.06 30.96 27.76 28.25 28.30 27.68 27.85 30.03 32.10 33.34 35.60 24.62 26.05 26.46 26.04 24.99 22.71 19.46 16.35 14.76 14.21 13.97 13.84 19.18 18.44 16.65 11.06 16.70 17.54 17.57 16.90 16.84 11.29 11.06 10.60 4.85 4.71 7.77 6.00 5.32 4.37 4.69 5.41 5.13
17.91 16.10 12.07 9.91 10.23 10.01 11.02 11.66 12.52 15.59 14.46 12.95 15.58 17.05 20.32 20.67 23.28 28.35 27.22 25.65 26.61 28.78 29.44 28.33 30.17 34.34 39.07 34.64 36.58 37.91 44.27 41.05 45.09 43.80 37.60 30.79 32.04 34.07 27.10 25.54 24.57 24.79 25.95 26.83 27.95 30.14 33.14 28.60 30.76 30.72 28.41 25.82 22.48 18.29 16.29 15.99 16.10 16.07 15.26 20.78 18.42 16.53 10.84 17.39 17.20 16.25 16.47 16.17 16.01 15.53 13.63 11.44 10.45 11.07 10.19 9.05 7.60 5.49 4.23 3.46
20.80 19.19 14.43 12.62 11.07 13.84 14.10 12.85 13.08 12.65 13.99 13.48 17.48 18.25 20.25 23.80 23.71 28.03 32.50 32.78 33.52 34.54 32.89 32.08 36.55 41.88 36.15 37.11 37.16 38.31 39.52 39.98 41.92 40.10 38.22 37.97 39.75 37.33 32.61 31.01 25.37 23.02 23.71 23.74 23.23 22.49 22.52 25.23 27.13 30.30 31.84 30.87 28.62 25.29 22.80 21.59 20.24 18.34 22.46 20.83 19.57 18.74 17.71 16.30 15.74 8.75 8.27 7.40 6.86 5.90 6.65 7.65 7.76 12.68 9.94 4.25 7.38 6.11 8.23 8.46
20.49 20.88 17.88 13.84 14.57 14.94 16.30 16.63 14.40 14.11 17.72 18.12 18.29 18.44 23.91 25.47 24.38 25.40 26.79 29.49 36.44 44.42 44.17 40.39 36.53 36.78 44.26 37.13 35.18 36.26 39.08 40.50 40.93 38.54 38.38 38.94 38.39 33.98 30.52 27.89 25.18 24.00 23.50 21.21 18.34 13.69 13.42 17.43 18.10 21.77 27.48 31.52 33.67 33.67 31.11 26.88 22.12 18.28 16.02 14.64 13.54 18.58 17.87 16.65 16.56 16.94 16.01 15.72 15.52 16.38 8.01 0.30 1.34 2.60 3.91 8.40 9.09 10.09 9.12 8.67
15.20 18.58 18.18 17.15 13.90 17.40 17.77 18.69 18.72 19.03 21.91 22.66 26.83 25.78 20.08 25.39 21.60 20.62 20.54 21.69 30.44 42.73 49.21 53.08 47.39 46.46 42.62 36.53 32.64 32.99 35.31 36.81 38.49 36.73 35.31 33.62 30.70 26.05 22.03 20.34 20.92 20.72 19.29 17.25 17.99 13.32 11.37 9.10 9.13 9.39 11.12 16.34 21.52 25.81 26.89 25.68 22.30 18.31 15.46 13.23 12.44 11.75 18.90 18.68 16.39 16.04 16.91 10.31 2.32 1.78 1.16 0.20 1.54 10.64 9.85 11.14 11.08 10.37 9.07 9.53
