examples/cougarCreek-fire/createInputs/WindNinja/wrfout_d3.2015081200.f19/cougarCreekFire_08-12-2015_1900_217m_non_neutral_stability_ang.asc
ncols	146
nrows	140
xllcorner	610065.000000
yllcorner	5095217.000000
cellsize	216.586807
NODATA_value	-9999.000000
[rows 0 to 41 of 140, columns 0 to 94 of 146]
216 216 217 217 217 216 216 215 215 234 212 209 200 191 180 168 156 144 133 124 115 121 109 108 107 104 102 101 100 99 96 93 92 92 93 95 97 97 99 102 102 102 105 105 107 109 112 111 111 110 108 106 104 104 105 106 106 102 99 100 101 101 101 102 103 103 101 102 104 107 109 108 105 103 103 105 106 102 99 99 99 101 104 103 102 104 108 102 103 107 110 107 107 113 112
216 216 217 217 217 216 216 215 215 234 212 209 200 191 180 168 156 144 133 124 115 121 109 108 107 104 102 101 100 99 96 93 92 92 93 95 97 97 99 102 102 102 105 105 107 109 112 111 111 110 108 106 104 104 105 106 106 102 99 100 101 101 101 102 103 103 101 102 104 107 109 108 105 103 103 105 106 102 99 99 99 101 104 103 102 104 108 102 103 107 110 107 107 113 112
218 218 219 220 219 218 218 218 218 217 215 212 204 194 183 170 157 144 132 122 114 114 105 104 103 101 99 98 97 95 93 92 92 92 93 94 95 97 99 100 101 102 104 105 106 108 109 109 109 108 107 106 104 104 103 103 103 101 100 100 100 100 101 101 102 102 102 103 104 106 106 106 104 104 104 105 106 104 102 101 102 103 104 105 106 106 107 107 107 107 107 107 109 110 110
219 220 221 222 221 221 221 221 221 220 218 215 208 199 187 172 156 140 127 118 110 102 100 97 96 96 94 93 92 91 90 90 91 91 92 93 93 94 96 98 99 100 102 103 104 105 106 106 106 107 107 106 104 103 102 101 99 99 99 99 100 101 101 101 102 102 103 104 104 104 103 104 105 105 106 106 106 106 105 104 104 104 105 105 106 106 106 107 107 107 106 106 106 109 110
220 221 222 223 223 223 223 247 246 246 221 219 213 205 192 176 156 138 123 114 98 96 87 93 92 92 91 89 89 88 88 88 89 90 91 92 92 93 95 96 98 99 100 102 103 103 104 105 106 107 107 106 104 99 101 100 99 99 100 100 101 102 102 102 102 103 104 104 104 103 103 105 106 107 107 106 106 106 106 106 105 105 105 106 106 107 107 107 107 107 108 107 90 94 94
222 222 224 225 225 225 226 226 226 249 249 250 217 210 198 181 159 138 104 112 91 94 88 91 90 89 88 87 87 86 86 86 88 89 90 91 92 93 94 95 96 98 100 101 102 103 104 105 106 102 102 100 103 102 100 100 101 101 101 101 101 102 102 101 102 103 98 104 103 103 104 106 107 106 106 105 105 106 107 107 106 106 106 106 106 107 107 107 107 107 107 107 106 88 91
224 224 226 227 227 227 227 251 252 253 252 251 253 215 204 187 163 139 135 99 85 85 83 81 81 81 86 79 80 80 84 85 87 89 89 90 91 92 93 90 91 97 95 101 102 98 100 101 103 103 99 103 98 101 101 101 102 102 102 102 101 96 97 101 102 97 103 103 103 104 105 106 106 105 104 104 106 107 107 107 106 106 106 105 120 106 107 107 107 108 108 107 106 88 88
226 226 227 228 229 229 229 252 249 252 253 253 255 256 239 193 168 65 72 92 81 81 82 81 81 81 80 79 79 80 82 78 81 87 88 89 91 92 88 89 91 93 94 96 97 99 100 101 101 96 98 97 102 102 102 102 102 102 102 101 95 95 101 102 102 97 103 103 104 105 105 104 104 104 105 105 106 106 107 107 107 106 106 106 106 106 106 107 107 108 107 107 106 106 86
227 228 228 229 230 255 231 255 256 256 257 256 255 258 254 200 44 58 58 94 83 81 357 23 81 81 80 79 79 79 78 78 81 86 87 84 86 87 88 89 91 93 94 95 97 98 98 97 97 97 97 98 98 96 95 101 101 102 95 101 94 100 102 103 96 97 97 95 104 104 104 104 104 105 105 105 105 106 107 107 107 106 106 106 106 106 106 107 107 107 107 107 107 106 106
229 229 230 231 231 249 252 256 256 257 257 257 280 258 259 256 55 72 46 298 317 79 86 84 34 81 80 80 78 79 78 78 80 81 82 84 85 87 88 90 92 94 94 96 97 97 97 97 97 98 98 100 97 94 100 101 102 102 95 100 100 101 102 96 96 94 94 94 104 104 104 104 104 104 105 105 105 106 107 107 107 107 106 106 106 106 106 106 107 118 107 107 107 107 107
251 231 232 232 233 233 248 253 256 258 257 259 259 288 261 265 110 156 51 77 316 358 82 84 28 53 63 63 79 80 78 78 80 81 82 84 85 87 89 91 93 94 96 90 91 90 96 97 98 94 97 94 94 100 100 101 102 94 101 101 101 94 96 97 94 94 96 96 103 103 104 104 104 104 104 105 105 106 107 107 106 106 106 106 105 113 117 106 106 107 108 108 107 107 107
231 231 254 254 254 252 235 250 255 279 282 258 259 260 261 265 198 57 58 70 326 359 6 84 84 46 66 60 59 80 78 78 80 80 82 84 85 87 89 90 92 86 88 88 90 90 95 96 92 94 93 94 100 100 94 95 95 95 94 102 102 96 97 96 96 102 102 102 103 103 103 103 104 104 104 105 106 106 106 106 106 106 106 105 105 106 106 106 106 107 107 108 108 107 107
232 232 233 254 256 255 236 247 249 254 279 285 292 259 261 264 202 358 47 72 337 360 12 353 84 31 62 57 58 67 78 78 79 80 82 84 87 88 89 90 81 86 88 88 89 87 94 89 91 96 95 94 101 101 95 95 95 95 95 94 97 100 98 101 102 102 101 102 102 102 103 103 104 104 104 105 106 105 105 106 105 105 105 105 105 105 106 106 106 106 107 108 109 108 107
232 233 234 235 236 253 238 239 244 247 251 276 283 296 257 260 253 18 54 337 340 353 15 12 6 30 58 56 62 70 68 78 59 61 62 64 69 70 71 77 82 88 89 88 87 94 95 88 89 95 94 94 95 95 95 95 96 97 96 98 101 100 100 100 100 100 100 101 102 102 103 103 104 104 104 105 105 105 105 105 105 105 105 105 105 105 105 106 106 106 107 107 109 110 108
234 235 236 237 238 239 240 241 241 246 246 249 251 276 293 320 350 4 357 359 10 12 29 32 22 30 54 57 64 70 69 78 56 59 61 63 67 69 73 81 88 89 86 86 84 85 87 90 91 89 93 94 95 95 94 94 90 97 96 97 100 100 100 99 94 91 91 91 102 103 92 104 103 104 104 104 104 104 104 104 105 105 104 104 104 104 104 105 105 108 116 109 109 125 109
235 236 238 239 239 240 257 258 256 250 248 250 272 269 272 296 341 360 351 358 16 19 36 45 28 30 51 58 65 70 64 55 58 60 61 63 65 68 73 77 86 85 85 86 85 87 90 92 91 86 94 95 88 88 94 94 92 95 89 94 95 94 91 91 90 91 93 101 102 103 104 103 103 103 104 103 103 103 104 104 104 104 104 104 104 103 104 104 105 105 107 107 107 118 110
236 237 239 240 240 241 241 256 259 256 251 252 286 288 269 256 269 326 325 334 0 8 37 84 42 31 50 60 67 69 59 54 59 61 62 64 65 68 73 76 81 84 86 87 88 89 91 90 86 85 96 89 92 90 87 97 97 88 94 94 93 91 92 92 92 93 102 92 102 102 102 102 102 102 103 103 103 102 103 104 104 104 104 103 103 103 103 104 104 104 104 104 105 108 119
238 239 240 241 242 242 250 254 259 280 253 251 275 291 265 246 248 268 286 293 319 329 11 50 42 35 48 59 64 63 56 56 58 60 64 63 65 67 71 76 80 83 85 86 88 89 89 87 85 86 90 96 94 87 88 96 94 85 94 93 91 92 93 94 95 102 102 100 102 101 101 101 102 102 102 103 103 102 102 103 103 103 103 103 102 103 103 99 98 103 103 103 104 106 109
240 240 241 242 243 243 243 254 281 286 255 252 262 268 277 279 275 280 291 287 310 326 335 32 40 42 50 60 60 58 56 57 60 57 63 59 63 66 70 75 79 83 85 87 86 86 87 87 85 88 94 94 88 92 86 88 91 92 88 91 92 87 96 95 101 99 102 106 100 100 100 101 102 101 102 102 103 102 102 102 102 103 102 102 102 102 102 99 97 103 103 95 98 105 107
241 242 242 243 243 243 254 254 280 285 254 271 264 270 290 303 303 298 307 301 316 343 325 4 25 42 54 59 58 57 58 59 66 84 83 58 62 65 69 75 79 83 87 88 87 87 88 89 93 94 92 86 82 84 86 82 83 93 86 85 92 88 94 93 95 101 102 101 100 100 100 101 101 101 101 102 102 102 102 102 102 102 102 102 102 102 102 94 93 103 103 99 100 101 105
242 243 243 255 256 256 255 255 256 283 253 273 291 270 271 292 309 309 319 312 324 354 318 330 352 36 56 56 57 57 59 62 84 84 84 58 61 78 68 78 83 88 89 89 89 90 91 93 97 92 89 83 82 89 81 90 93 85 87 85 85 88 94 93 101 101 101 101 101 100 100 100 101 101 101 101 101 101 102 102 102 102 102 102 101 101 101 102 102 103 92 99 99 102 103
243 243 243 255 256 255 255 254 255 284 274 274 297 294 259 243 267 279 300 302 308 346 331 342 6 32 48 52 57 59 59 66 85 85 86 75 61 78 70 83 90 92 91 90 88 86 88 92 91 81 83 81 83 81 91 83 84 88 88 84 85 88 86 100 96 96 96 97 100 100 100 100 100 100 100 100 100 101 101 101 102 102 102 101 101 100 101 101 102 103 92 95 94 93 104
244 244 244 245 253 253 252 253 254 279 275 271 290 311 276 245 253 233 273 298 307 324 327 330 353 29 47 51 58 63 61 76 85 63 88 87 59 64 71 87 94 93 90 88 87 88 89 88 82 79 79 77 79 91 93 85 85 86 86 84 88 89 95 96 96 95 94 100 100 100 100 100 100 100 99 99 100 101 101 101 101 101 101 101 100 100 101 102 102 90 100 101 103 104 102
245 246 246 246 246 246 252 253 272 279 279 269 276 303 294 281 279 281 288 313 331 335 335 308 314 6 50 51 59 62 60 65 85 87 89 74 60 64 71 86 91 91 89 87 87 87 86 83 79 79 76 93 78 81 82 85 84 86 87 88 92 94 92 97 91 93 93 93 100 101 101 100 99 99 99 99 100 100 100 100 100 101 101 101 100 100 100 101 91 109 112 112 110 110 109
246 247 247 247 247 247 252 253 253 278 286 275 274 295 299 284 281 282 285 291 313 338 350 331 325 0 47 53 53 55 61 66 79 87 59 57 61 65 74 88 89 86 88 91 88 84 83 84 82 79 75 92 79 81 83 87 89 91 91 91 91 93 82 82 93 93 93 94 101 96 100 99 99 99 99 99 99 100 100 99 99 100 101 101 100 100 100 101 102 113 113 109 107 111 112
247 248 248 248 248 248 253 253 252 273 284 278 270 277 298 292 283 282 283 281 291 327 345 342 347 18 46 57 46 52 63 82 82 69 89 78 63 69 82 89 89 86 86 86 86 92 90 91 81 77 93 77 81 81 84 90 93 97 90 89 90 93 82 91 94 92 93 96 98 99 98 99 99 98 98 98 98 99 99 99 99 99 100 100 100 99 99 99 104 108 115 111 107 108 112
249 249 249 248 254 254 252 251 261 265 277 273 271 269 284 297 287 285 289 287 294 324 334 332 347 16 45 58 47 53 71 75 72 67 62 62 67 73 82 84 82 80 81 82 83 83 82 81 78 75 91 77 80 79 82 87 91 91 88 88 88 93 93 89 90 92 96 97 97 98 98 98 98 98 98 98 98 97 98 99 99 99 99 99 99 99 99 98 93 99 111 101 109 107 109
250 250 250 250 252 253 254 252 253 257 269 274 278 268 266 278 278 283 292 291 300 324 330 313 319 2 35 56 55 58 70 70 69 67 66 65 71 80 83 81 79 78 79 82 84 82 81 83 81 72 90 77 80 78 82 89 90 88 87 88 89 91 95 100 102 102 99 95 93 92 93 97 97 97 97 97 97 97 97 98 98 99 99 99 99 99 98 97 90 92 94 96 97 97 101
252 252 252 252 251 253 254 255 254 261 268 276 284 269 260 268 274 279 290 289 297 318 327 302 280 305 5 45 56 62 69 66 66 69 71 74 83 85 80 80 81 80 83 86 88 91 90 89 75 87 90 77 79 79 86 91 90 89 92 96 97 96 97 98 99 100 100 96 94 93 93 96 96 97 96 96 96 97 97 97 98 98 99 99 99 98 97 96 86 86 98 100 89 91 101
253 253 253 253 253 253 253 266 273 270 271 275 285 296 275 270 276 282 289 287 295 314 322 319 294 303 352 19 48 63 67 67 67 70 72 77 84 81 80 83 83 85 89 89 89 90 89 77 86 88 90 76 79 81 92 93 92 92 92 93 93 93 94 95 95 94 94 94 94 95 94 94 95 96 96 96 96 96 97 97 98 98 99 99 98 97 97 97 96 86 88 90 94 96 94
255 255 255 254 254 256 253 252 263 265 265 272 277 290 288 271 280 291 299 301 309 327 327 336 331 356 12 19 38 61 65 68 71 72 76 83 83 74 84 88 89 90 89 88 88 89 80 69 88 90 90 76 80 89 91 87 85 87 89 90 91 94 95 95 93 91 90 90 90 90 88 94 95 96 96 96 96 96 97 97 97 98 98 97 97 98 98 97 97 94 96 95 94 92 90
256 256 256 255 254 256 255 254 260 262 259 259 265 271 286 271 272 283 292 302 319 338 337 341 343 1 6 12 28 56 61 73 77 78 82 84 75 73 86 90 91 91 90 89 89 89 90 71 89 87 88 88 81 85 80 79 83 87 88 90 92 95 95 93 91 91 93 93 93 92 92 95 97 96 95 95 95 96 96 96 97 97 97 97 97 98 98 98 97 95 94 93 92 91 92
257 256 257 256 255 259 258 255 260 262 263 263 271 277 282 273 265 267 273 282 304 327 343 3 1 350 341 337 7 48 60 74 80 83 81 76 73 78 85 83 90 91 90 91 91 91 91 108 90 87 85 86 74 77 77 81 88 90 90 89 89 90 92 94 97 93 100 92 102 104 92 100 98 93 94 96 96 102 106 95 96 97 98 98 97 97 97 97 112 95 91 92 93 95 97
256 255 264 256 263 261 259 257 264 262 267 273 280 280 280 276 266 258 253 254 265 288 311 341 7 9 353 337 345 39 64 80 84 85 84 84 85 90 91 91 92 91 91 92 99 103 104 108 94 92 88 94 96 83 81 87 90 92 93 91 93 92 94 92 91 95 91 96 96 93 89 88 93 95 95 96 95 95 103 95 95 96 97 99 98 96 95 96 112 108 93 93 95 98 100
257 256 255 263 262 260 258 271 271 270 268 268 272 278 281 276 268 261 256 254 257 262 268 285 329 9 9 350 352 46 89 90 88 88 87 88 90 93 96 97 95 94 95 96 98 102 104 108 96 98 96 91 98 100 99 96 91 91 93 95 96 94 90 90 90 90 90 87 83 91 92 93 89 95 99 99 97 94 94 95 95 95 96 98 99 96 95 95 112 111 94 93 95 95 94
258 257 256 255 260 260 257 254 264 264 259 251 253 262 276 281 281 282 287 279 270 260 254 244 231 221 285 337 5 63 95 96 89 88 86 85 86 86 85 85 88 90 91 92 92 93 98 102 110 98 98 97 94 100 98 98 95 93 93 92 91 90 88 86 86 87 85 89 90 91 92 88 93 95 96 96 93 93 94 94 95 95 96 98 99 97 95 95 111 112 98 94 95 94 95
257 257 256 259 258 281 278 253 260 257 253 249 250 253 258 265 269 271 272 259 242 236 232 217 202 194 207 230 294 95 101 106 96 87 84 80 77 77 77 77 78 81 93 93 92 91 93 96 103 109 100 101 97 94 90 88 98 97 97 97 96 96 95 92 90 87 86 86 89 91 87 88 89 89 91 92 92 93 94 94 95 96 96 97 98 98 96 95 110 111 104 95 94 95 97
257 257 256 258 256 255 254 257 250 247 245 250 251 248 241 241 240 232 222 216 218 220 215 207 200 196 199 195 171 132 107 107 110 106 101 100 92 86 84 83 83 83 85 90 90 90 92 94 94 100 107 100 100 98 95 93 91 90 91 91 92 92 93 94 95 96 98 99 99 100 98 100 90 87 89 90 92 93 93 94 94 95 95 97 99 100 97 95 110 111 103 93 91 92 92
257 256 256 258 255 253 233 249 244 242 245 247 244 239 236 236 233 225 223 227 225 217 213 209 198 196 202 192 168 105 110 97 102 108 110 112 108 108 103 101 94 88 80 80 89 90 90 90 93 94 97 103 97 93 92 90 89 88 88 87 94 94 94 95 97 98 98 99 99 100 99 98 97 97 95 86 90 91 92 93 94 94 94 96 99 102 99 95 111 109 109 90 90 91 91
256 256 255 255 253 251 225 248 247 248 249 247 244 244 242 240 234 226 222 221 215 214 221 215 200 206 206 197 175 172 113 97 97 98 105 108 108 100 99 96 93 97 98 97 94 93 93 89 86 89 90 89 90 94 94 90 95 95 89 89 89 96 96 97 97 88 88 89 90 91 90 90 89 100 100 101 101 88 89 91 92 94 94 95 98 101 101 97 95 109 111 95 90 92 93
256 255 254 251 249 248 227 246 246 248 249 251 252 251 242 237 228 218 215 218 219 225 225 208 194 205 204 198 196 205 113 106 102 99 97 96 95 97 103 94 90 88 88 89 99 99 99 97 96 93 93 92 87 87 88 89 89 87 87 89 92 89 89 88 87 86 86 88 90 92 92 92 92 92 91 91 89 88 102 102 89 92 94 95 96 100 102 99 97 95 110 108 97 94 92
255 254 253 249 248 230 244 245 245 249 250 249 246 239 231 229 220 214 222 233 237 233 219 190 194 205 203 200 195 186 132 105 98 94 90 90 92 93 91 94 92 98 95 96 97 90 91 91 90 89 90 91 91 90 91 91 90 89 91 91 85 86 87 86 85 86 87 89 91 92 93 94 94 93 93 93 94 93 90 86 100 90 93 93 94 97 101 102 99 96 94 112 104 96 94
