examples/cougarCreek-fire/createInputs/WindNinja/wrfout_d3.2015081200.f19/cougarCreekFire_08-12-2015_1900_217m_non_neutral_stability_ang.asc
ncols	146
nrows	140
xllcorner	610065.000000
yllcorner	5095217.000000
cellsize	216.586807
NODATA_value	-9999.000000
[rows 84 to 125 of 140, columns 0 to 94 of 146]
163 164 164 165 165 166 166 186 177 181 169 168 173 172 172 172 199 172 173 187 171 175 176 178 178 194 178 192 187 174 187 185 176 175 183 174 196 171 175 168 165 163 162 161 160 158 157 155 171 151 152 148 161 145 144 137 134 131 144 126 143 135 134 129 112 113 127 127 128 116 112 105 119 127 120 117 115 120 122 106 107 107 108 109 111 110 111 111 112 113 115 116 118 119 122
162 163 164 164 165 165 166 183 180 190 168 193 166 173 171 172 172 191 187 181 167 176 177 178 179 195 197 195 189 179 178 187 178 177 186 192 192 182 173 171 168 166 166 165 163 162 160 158 156 155 154 151 148 146 144 141 138 135 132 129 126 137 120 135 128 124 131 108 127 127 122 104 106 123 125 122 121 120 107 107 109 109 109 110 111 128 111 111 112 113 115 117 119 118 122
161 162 163 163 164 164 165 166 184 167 167 175 169 180 170 171 189 184 179 175 175 177 178 174 179 198 179 195 190 179 179 197 184 179 186 190 187 188 174 173 170 170 169 168 166 165 164 162 160 159 157 155 153 151 148 145 142 139 135 132 129 126 123 119 133 130 134 130 130 129 129 117 113 117 124 107 126 108 108 109 110 105 111 112 111 112 112 111 111 111 115 117 116 121 123
160 161 162 162 163 164 164 165 166 166 166 165 168 178 184 189 189 174 178 170 175 177 179 180 188 196 181 197 181 189 182 198 181 180 179 178 177 176 192 188 174 174 173 171 169 169 167 165 164 162 161 159 157 155 152 149 146 143 139 135 132 129 126 123 133 135 138 131 131 110 110 130 120 116 116 116 115 121 126 114 111 103 112 113 112 113 113 113 113 113 116 118 120 122 125
159 160 161 162 162 163 182 164 165 165 165 166 168 168 182 189 188 173 179 174 176 178 179 180 194 181 182 182 182 183 201 199 183 182 181 189 180 178 189 176 177 177 176 174 172 171 170 169 168 166 164 162 148 159 155 152 149 146 142 139 136 133 129 126 139 134 132 136 135 135 112 136 127 119 111 112 112 112 112 114 112 113 113 114 113 113 114 114 114 113 117 119 122 121 122
159 159 159 160 161 162 179 163 164 164 165 174 167 168 181 190 186 175 176 175 177 179 180 190 181 182 182 183 183 183 184 194 187 185 183 182 182 181 192 180 180 180 179 177 176 175 174 173 171 170 168 166 151 151 159 156 153 150 147 143 140 136 133 142 135 132 133 136 131 131 134 138 139 134 121 116 116 114 114 114 113 113 114 114 114 114 115 115 115 117 118 120 120 122 124
158 159 159 159 160 161 161 162 163 163 164 175 167 169 179 192 185 173 174 175 177 179 180 181 182 182 183 184 192 197 199 193 189 186 185 185 184 184 183 183 183 182 181 180 179 179 178 177 175 173 172 170 169 153 163 160 157 154 151 147 143 147 136 146 144 138 131 132 127 124 126 135 115 115 137 127 123 125 117 115 115 115 115 116 116 116 116 117 117 118 119 131 123 127 128
158 158 158 158 159 160 160 161 162 162 188 171 166 165 178 187 181 173 174 176 178 179 188 182 183 183 200 196 198 199 193 187 186 188 188 187 187 187 186 186 185 185 184 184 184 182 181 180 179 177 176 174 173 152 168 164 161 158 154 150 147 148 147 141 146 129 138 131 124 120 120 125 118 117 117 129 128 117 127 118 117 121 114 117 117 117 117 118 118 120 120 123 125 136 129
158 158 157 157 158 158 159 160 160 161 183 169 162 173 176 181 180 173 174 176 178 180 196 182 183 184 190 195 202 200 183 189 189 190 191 190 195 190 203 208 188 188 210 187 186 185 185 184 183 181 180 178 176 148 147 168 164 162 158 154 150 147 145 139 145 132 129 138 128 124 122 128 121 120 136 129 126 125 122 116 115 120 119 127 118 121 117 116 118 120 121 122 124 126 131
157 156 156 156 156 157 158 158 159 159 160 172 164 175 166 178 183 179 173 175 177 178 195 180 182 202 191 194 194 191 183 188 189 190 190 202 190 190 190 188 188 187 187 187 186 186 185 184 183 182 181 179 177 151 148 153 166 152 160 156 153 149 141 134 138 135 131 142 134 127 124 134 124 123 137 132 127 121 112 105 119 119 112 120 120 130 120 133 109 118 116 120 126 127 132
156 155 154 153 155 156 157 156 157 157 158 160 174 163 164 166 181 181 171 173 175 177 178 196 180 204 193 188 182 188 189 179 189 199 202 189 189 189 188 188 187 186 186 187 187 186 186 185 183 183 181 180 178 176 146 148 146 141 149 158 155 151 144 131 141 130 141 131 136 131 125 134 126 125 139 143 144 131 117 117 115 115 121 110 113 117 115 121 130 131 123 122 128 124 129
154 153 153 154 154 154 156 155 155 156 157 158 159 168 163 173 178 183 172 172 173 175 176 178 178 179 189 179 184 185 186 187 196 203 188 188 188 187 187 206 187 187 186 187 187 187 186 185 184 183 182 180 179 177 142 144 142 139 138 146 157 154 139 129 145 118 124 130 131 130 126 128 145 143 143 127 127 125 123 115 115 117 123 123 122 114 123 123 123 125 128 127 126 131 133
152 151 152 152 153 153 154 154 154 155 156 157 158 170 168 170 180 186 171 170 172 191 175 176 176 199 182 179 190 206 184 197 186 186 186 187 187 186 209 187 187 187 187 187 187 187 186 185 184 183 182 181 180 178 177 174 171 169 166 163 141 145 138 139 132 125 141 124 125 126 126 130 130 131 139 147 130 129 146 127 107 105 104 109 126 126 130 126 116 125 127 129 123 134 136
150 150 150 151 151 152 152 153 153 153 154 155 156 171 159 161 179 179 169 169 171 172 173 173 175 181 177 189 181 182 183 184 184 185 185 185 186 186 186 187 187 186 186 187 187 187 186 186 185 184 183 182 181 179 177 175 173 170 168 165 163 139 143 141 134 148 145 143 141 139 138 137 136 128 132 143 133 131 131 135 129 106 127 126 128 128 139 130 127 108 107 119 135 138 133
148 149 149 150 150 149 151 151 152 152 153 154 154 166 158 159 173 172 169 167 169 170 171 172 174 176 181 178 179 180 182 203 183 184 206 203 208 207 209 204 187 186 186 186 186 187 186 186 186 185 184 183 182 180 179 176 174 172 170 167 165 163 161 159 128 152 150 147 145 143 142 141 140 130 131 135 149 135 133 149 132 131 130 130 129 129 132 129 132 132 134 136 138 137 139
147 146 148 149 150 147 149 150 150 151 152 152 153 154 156 158 159 161 163 165 166 168 169 171 180 181 175 176 185 192 180 181 182 206 203 204 204 203 206 212 186 185 185 186 186 187 187 187 186 186 184 183 183 181 180 178 176 174 172 170 168 166 164 162 159 156 154 151 149 147 124 130 131 142 129 132 141 138 137 137 139 133 133 136 137 132 132 136 131 134 135 136 140 141 143
144 144 146 147 146 147 148 149 148 150 149 150 151 162 154 156 158 159 161 163 164 185 168 180 171 172 173 175 179 193 203 179 180 181 199 197 203 185 186 186 185 184 185 186 186 187 187 187 187 186 185 184 183 182 181 179 178 176 174 172 170 168 166 165 163 160 158 155 153 124 128 128 130 129 127 143 142 138 141 140 147 138 136 135 135 133 132 133 137 136 136 138 140 143 147
144 143 143 144 146 146 147 147 146 149 149 148 150 151 152 154 156 157 159 161 162 164 166 192 169 170 187 178 177 176 177 204 198 195 192 195 182 183 183 183 184 185 185 186 186 187 187 187 187 186 186 185 184 182 182 146 144 143 176 174 172 171 169 167 130 124 128 159 157 156 120 124 124 123 150 149 122 128 141 152 141 133 138 116 134 138 138 132 134 136 136 139 142 144 146
142 142 142 142 142 142 145 145 145 148 147 147 149 150 150 153 154 155 161 159 169 164 164 166 167 169 188 181 189 174 175 176 195 194 192 197 204 205 201 193 185 187 187 190 208 187 208 213 187 187 187 186 184 183 139 141 138 135 141 176 175 173 171 170 169 168 166 163 162 160 159 157 156 154 125 151 150 148 133 142 144 143 141 140 140 139 138 138 136 142 143 144 145 147 143
141 144 141 141 141 140 141 142 145 144 146 146 148 147 148 151 152 153 155 157 159 161 162 163 165 167 187 182 192 172 194 192 194 195 193 194 197 195 192 188 182 187 187 187 211 210 212 187 215 214 187 187 186 185 149 146 145 143 180 178 177 176 174 173 172 170 169 167 166 164 163 162 160 158 126 154 135 136 140 148 143 135 129 127 144 146 144 143 143 146 143 147 143 149 151
139 142 138 138 139 139 140 140 142 141 144 145 146 147 149 150 150 152 153 165 158 159 160 162 181 166 186 180 191 191 184 189 193 194 194 186 190 195 197 197 199 194 201 212 216 187 187 187 215 213 210 209 188 187 185 149 146 182 181 180 140 139 177 175 174 173 172 171 127 134 129 129 164 127 127 158 156 139 141 148 143 138 136 146 145 147 147 145 144 150 149 148 150 151 149
138 137 136 136 137 137 136 138 141 142 143 143 144 147 147 147 149 150 152 163 158 157 159 161 180 165 166 169 189 189 183 192 193 192 192 184 193 179 180 211 208 200 208 214 187 217 187 188 217 215 188 189 189 189 187 149 184 184 183 182 142 140 139 136 127 126 127 137 134 139 138 135 134 166 164 162 160 158 156 155 136 141 140 149 148 149 149 148 146 150 154 150 151 154 155
137 137 135 135 136 136 136 137 139 139 139 142 144 145 145 146 146 148 150 152 153 154 157 170 162 163 183 170 187 189 189 190 188 189 188 187 205 179 179 204 182 197 208 185 213 215 216 215 188 216 188 189 190 190 189 157 185 185 184 183 143 140 131 140 139 139 138 134 139 141 141 142 142 139 168 166 123 121 160 158 157 155 154 128 150 154 147 149 152 153 156 151 150 155 157
136 136 134 136 135 135 135 136 138 138 140 141 143 143 144 146 145 146 148 150 151 152 156 177 182 161 180 177 191 191 193 182 182 187 188 200 176 177 178 191 196 204 210 212 213 214 188 188 214 216 214 220 218 214 174 158 156 186 185 147 142 136 142 139 182 136 130 131 139 138 138 141 142 142 139 170 168 166 164 142 139 158 157 156 154 157 156 150 149 156 152 153 152 152 154
133 134 134 135 135 135 133 134 136 137 140 140 141 142 143 144 143 145 146 149 150 150 152 156 158 185 181 185 188 184 185 177 179 190 200 174 175 206 182 178 202 210 212 213 215 187 216 215 215 217 213 216 220 218 165 144 155 188 154 147 138 145 141 185 144 139 141 143 143 142 138 143 144 145 143 142 141 141 142 144 146 161 160 159 158 155 154 153 150 153 159 159 160 161 161
128 132 133 132 134 134 131 132 134 137 136 135 140 141 142 142 141 143 144 146 152 151 152 173 181 177 178 185 178 177 179 177 183 196 172 173 173 194 178 188 206 210 211 212 215 216 188 189 189 190 190 221 217 208 193 154 155 159 151 147 139 144 148 187 150 142 143 142 145 146 148 146 148 153 154 148 144 142 170 143 144 164 162 161 161 161 159 157 157 156 162 162 162 163 164
126 127 132 132 134 134 132 131 133 136 135 134 139 140 141 141 140 145 142 144 146 147 168 153 156 177 173 181 172 176 180 185 199 170 171 172 202 184 184 203 207 208 208 212 213 214 217 189 218 190 219 219 217 223 193 193 172 157 140 140 136 149 147 189 145 146 136 145 145 147 147 143 143 145 149 146 144 175 173 171 169 167 165 164 163 164 162 161 161 161 161 160 165 160 161
126 126 129 130 130 133 134 133 129 135 135 133 138 139 140 141 143 140 141 143 148 148 150 152 154 155 157 158 174 181 164 166 167 168 170 171 186 181 198 207 179 207 211 211 211 213 216 218 218 190 217 220 219 218 192 190 160 143 145 146 147 146 144 160 158 154 151 148 145 148 145 145 187 185 183 181 146 146 145 174 172 170 168 166 165 165 165 163 162 162 163 165 162 161 163
125 126 128 129 130 129 130 133 130 134 135 134 138 139 139 141 139 140 141 143 144 148 149 152 154 155 156 179 180 186 164 165 194 194 196 184 180 192 202 204 208 210 209 211 213 213 214 214 220 218 218 224 224 222 208 157 153 152 148 148 149 150 153 162 162 161 162 160 157 153 152 156 155 150 147 147 148 149 147 176 174 174 171 170 168 167 168 167 165 165 165 167 168 164 164
126 127 126 126 129 129 129 129 130 134 135 134 138 138 139 141 143 143 143 142 145 149 146 153 153 155 156 158 181 184 163 186 184 192 188 176 187 198 200 201 203 202 210 214 217 185 217 214 218 217 218 218 213 206 193 173 157 153 148 147 148 152 157 161 161 161 161 162 160 158 158 160 161 160 156 153 155 181 179 152 176 175 173 171 170 168 168 169 168 169 168 167 169 168 174
125 125 128 129 130 130 130 130 130 131 134 134 137 138 139 141 142 143 143 143 145 149 149 153 148 154 156 157 158 160 178 181 166 189 179 181 194 200 174 196 177 205 213 182 183 184 185 213 211 211 212 209 204 199 190 185 173 165 159 152 154 159 161 162 161 161 162 161 160 158 158 156 155 158 159 158 161 163 181 179 178 177 175 173 171 170 169 169 169 170 171 169 174 172 172
127 128 129 130 128 132 129 128 131 131 134 134 134 135 136 141 141 142 143 143 146 149 151 147 148 154 155 156 158 159 172 164 190 185 177 187 197 172 190 194 177 209 179 212 211 208 206 212 211 210 209 203 200 195 187 185 184 180 172 162 159 165 167 163 160 161 163 162 159 157 156 155 155 158 160 160 160 182 181 179 178 178 177 176 174 173 172 172 171 171 172 171 171 177 178
128 129 130 130 129 131 133 132 133 128 133 133 134 135 136 137 142 139 143 144 143 150 151 147 153 153 155 156 158 158 160 163 165 166 185 196 170 190 187 197 176 177 205 205 203 203 205 207 210 209 207 201 193 189 185 181 184 183 180 171 163 164 169 165 161 159 159 159 159 159 159 158 159 160 162 163 184 183 182 180 178 178 177 176 176 175 174 175 174 175 173 172 180 180 180
129 130 130 130 130 131 132 132 135 134 134 133 133 135 136 142 142 141 144 145 143 150 151 146 150 151 155 156 157 157 159 163 165 166 168 193 184 183 190 199 175 176 207 207 203 200 200 206 207 203 200 191 186 186 185 181 181 180 180 174 167 167 170 169 166 163 160 158 160 163 163 160 160 160 161 162 185 184 183 181 180 179 178 177 177 177 177 175 182 180 179 176 175 182 182
130 131 131 134 131 132 129 133 136 134 135 131 131 136 137 142 142 142 145 145 146 150 150 151 148 151 156 156 156 156 160 164 164 166 166 186 168 184 196 174 175 176 202 201 197 192 195 202 198 196 198 187 184 186 184 190 178 177 192 174 193 170 193 173 171 169 166 160 159 162 167 161 159 158 187 186 185 184 183 183 181 181 180 180 179 179 184 179 184 182 183 184 184 184 185
131 132 132 132 132 131 133 134 134 135 134 138 134 133 138 137 137 143 140 146 148 150 150 151 150 153 154 155 156 157 161 163 159 164 166 181 182 171 172 203 174 201 199 196 192 193 197 197 194 194 194 188 188 188 189 189 190 191 191 192 173 193 173 193 172 170 170 166 159 158 166 168 164 161 188 187 186 185 185 184 183 183 183 182 181 181 186 182 187 186 186 186 186 187 187
132 132 133 133 136 131 132 134 134 135 134 133 133 135 137 138 138 139 140 146 148 143 150 151 152 153 153 155 157 156 159 161 158 159 165 167 170 171 172 172 173 196 196 195 195 199 198 194 194 195 193 189 187 188 189 189 190 190 191 191 192 174 173 174 193 174 168 169 162 158 162 170 170 168 165 188 187 186 186 186 185 183 183 183 182 189 188 188 188 188 188 188 188 189 189
133 132 137 140 137 135 135 135 134 135 135 134 134 135 136 138 139 139 140 146 142 143 150 151 152 151 153 155 157 153 158 156 157 164 164 167 169 170 171 172 193 192 196 199 201 202 196 193 194 196 193 191 188 187 188 189 189 190 190 191 192 179 176 177 179 180 171 171 168 160 160 166 167 166 189 188 187 186 186 187 185 185 184 184 184 190 190 190 190 190 190 190 190 191 191
134 138 134 135 139 136 137 135 134 135 136 135 135 136 136 138 140 140 139 141 142 149 150 151 149 149 154 156 157 152 156 155 157 158 164 167 168 169 171 194 172 193 199 200 202 200 193 191 193 196 195 193 186 187 187 188 189 190 190 191 191 192 174 177 181 182 194 176 176 166 161 159 190 190 189 189 188 187 187 187 186 186 186 186 186 185 192 192 192 192 192 192 192 192 192
134 139 137 135 140 134 139 142 134 134 136 136 135 139 134 138 141 140 139 146 142 149 150 150 148 148 155 156 156 152 154 160 161 162 164 167 168 169 170 170 172 193 197 198 200 177 178 191 195 198 199 193 185 186 187 188 189 189 171 190 191 191 175 178 192 193 193 178 176 171 167 165 166 190 190 189 189 188 188 188 188 187 188 188 188 190 189 194 194 194 193 194 194 194 194
134 134 141 139 135 135 136 136 134 134 136 136 136 136 136 137 140 140 139 141 142 142 150 149 149 150 155 155 155 151 153 158 160 162 165 166 168 168 169 171 173 194 196 196 176 189 178 193 196 197 196 183 184 186 187 187 188 189 190 190 190 191 192 192 192 193 193 194 172 171 171 173 191 191 191 190 190 189 189 189 188 189 190 190 195 195 195 195 196 196 195 196 196 196 196
135 135 135 142 139 136 136 137 135 136 136 137 137 136 141 137 140 141 140 141 142 149 150 144 150 152 155 155 153 152 153 154 160 163 165 165 167 168 170 171 172 174 197 174 176 177 178 192 194 192 181 183 184 185 186 187 188 189 190 190 191 169 165 165 167 192 193 194 162 160 165 191 191 192 193 192 191 190 190 190 190 190 196 196 196 196 197 197 197 197 197 197 197 197 198
