examples/cougarCreek-fire/createInputs/WindNinja/wrfout_d3.2015081200.f19/cougarCreekFire_08-12-2015_1900_217m_non_neutral_stability_ang.asc
ncols	146
nrows	140
xllcorner	610065.000000
yllcorner	5095217.000000
cellsize	216.586807
NODATA_value	-9999.000000
[rows 42 to 83 of 140, columns 0 to 94 of 146]
255 254 253 251 251 248 245 244 243 241 239 245 239 230 225 221 219 228 239 241 239 225 198 185 205 210 204 195 183 170 148 113 95 90 87 90 91 89 88 89 93 96 94 92 90 89 94 94 93 88 91 87 88 88 87 86 85 84 84 83 83 83 82 82 83 85 88 90 92 92 93 94 94 93 93 95 97 97 96 92 98 103 90 91 93 94 98 102 102 98 95 94 109 100 95
255 253 252 250 250 217 245 244 241 240 244 233 220 219 215 215 224 229 234 235 227 201 187 189 210 208 199 183 180 173 157 133 112 95 89 89 89 88 86 85 86 88 89 85 89 91 93 93 91 91 87 87 88 88 87 85 83 82 82 83 82 81 81 82 84 87 90 90 91 91 92 93 93 92 93 95 97 98 99 98 92 88 105 92 93 93 95 98 102 101 97 95 111 106 104
253 251 250 250 248 241 244 241 240 239 224 214 215 221 217 219 217 217 225 224 213 194 190 198 208 202 185 180 182 172 158 142 132 116 102 91 89 86 84 84 86 84 89 89 91 93 91 94 91 86 85 86 87 87 85 83 80 79 80 82 82 81 79 81 83 84 84 81 80 81 82 81 80 81 82 91 93 97 100 101 98 91 102 92 93 101 93 95 99 102 100 96 111 109 96
253 251 250 248 242 241 239 238 237 217 211 213 224 230 225 217 207 221 230 226 218 203 197 194 203 193 181 187 186 176 157 147 142 129 117 105 96 90 86 85 80 87 87 89 91 87 91 92 86 82 81 81 87 88 86 83 78 78 82 81 81 81 75 75 75 79 84 83 80 81 83 84 84 86 86 84 82 85 96 101 101 95 99 95 92 93 101 94 96 101 102 98 96 106 97
252 251 215 247 240 239 222 225 218 208 212 223 230 228 221 214 217 231 232 230 223 198 187 183 187 185 185 192 188 172 158 151 146 137 125 110 105 100 92 84 82 81 80 78 85 90 88 84 81 78 76 79 86 89 87 84 82 81 84 76 75 73 73 77 78 82 82 81 88 96 95 96 93 89 89 93 98 86 91 97 101 99 91 105 91 92 94 94 96 98 101 100 97 96 97
251 207 229 245 243 236 213 217 217 210 222 229 233 230 229 236 210 235 232 224 211 183 176 178 185 187 196 196 182 172 163 159 149 140 127 110 109 110 102 94 80 84 93 91 91 88 81 78 75 71 69 73 80 82 81 83 87 76 74 80 81 81 84 87 89 89 88 90 94 95 94 92 89 88 91 93 96 94 85 92 98 100 95 90 92 91 93 94 95 96 99 102 99 97 97
251 212 221 224 215 216 209 220 227 222 229 227 234 237 220 212 241 233 228 218 201 176 173 185 192 201 204 198 178 179 173 168 163 142 121 108 109 114 111 113 119 108 107 98 85 81 77 71 71 68 71 66 66 65 66 72 78 95 101 100 96 91 92 98 98 96 94 93 93 91 87 86 89 90 89 90 95 99 89 89 95 100 99 93 108 97 92 94 94 95 97 101 101 99 98
211 232 214 209 225 216 224 233 232 229 231 227 225 223 238 229 221 215 205 207 200 178 180 195 194 202 202 195 196 181 175 172 170 149 123 107 107 113 111 121 117 108 108 102 92 75 68 69 65 70 63 64 94 84 78 84 88 92 97 101 93 91 89 94 92 91 90 87 86 86 85 85 85 85 86 86 87 86 83 85 91 97 100 97 93 90 109 89 94 95 89 98 100 100 99
224 207 207 223 229 236 234 234 231 229 229 227 224 234 222 210 209 201 199 205 200 186 185 184 183 186 171 191 182 183 173 174 169 149 131 111 109 113 111 113 117 107 105 103 98 93 90 88 90 95 96 94 95 94 94 89 85 88 95 97 94 94 91 89 91 85 83 80 80 79 80 81 81 84 86 83 78 77 81 85 87 92 97 99 97 95 92 91 92 97 91 88 97 100 100
222 220 220 231 237 234 234 232 230 230 228 225 221 227 207 203 204 200 203 206 195 189 186 169 182 187 200 169 181 180 174 175 168 148 133 118 114 118 115 111 108 104 101 101 92 89 87 86 83 95 93 93 79 92 77 74 85 87 88 93 94 94 95 91 89 87 91 87 87 88 90 93 89 92 92 93 94 97 86 93 85 88 92 97 98 98 97 94 93 93 103 92 86 99 100
209 219 215 237 235 233 233 231 232 228 225 225 209 206 200 199 201 202 204 201 193 195 190 165 184 158 154 167 197 177 174 173 166 148 129 120 120 122 116 112 105 101 97 96 100 93 93 90 89 86 88 85 83 81 79 82 82 84 88 89 89 92 94 87 93 90 90 90 90 91 82 93 94 82 83 84 85 85 86 85 89 87 89 92 95 97 98 98 97 96 95 95 96 98 99
215 206 238 236 233 228 227 226 228 233 221 203 206 206 206 203 200 207 205 199 196 191 187 170 202 160 203 187 180 172 166 172 167 150 126 119 117 111 104 98 99 96 93 94 96 91 92 89 90 89 89 88 86 90 88 96 91 89 86 88 89 90 85 87 86 84 83 82 80 81 83 84 83 82 83 84 93 86 87 87 88 88 102 90 92 94 97 99 100 98 97 97 98 98 98
209 205 232 228 215 214 224 229 228 226 203 203 205 207 214 209 202 214 210 201 178 174 185 183 190 188 185 180 179 172 161 174 169 155 121 122 129 122 107 106 105 98 90 88 89 88 89 88 89 89 90 92 93 93 97 93 87 85 87 89 88 81 84 85 86 87 86 83 79 80 83 85 84 84 83 84 85 86 86 87 89 89 90 90 91 93 95 97 98 98 99 100 100 99 100
203 210 223 213 213 215 226 227 210 206 205 202 205 208 215 210 201 211 190 182 188 186 185 186 192 185 181 183 182 173 164 176 169 156 133 117 139 140 128 120 117 113 95 86 85 85 87 89 90 90 90 92 95 96 96 98 91 82 82 81 79 80 82 84 85 87 86 82 80 81 82 84 85 85 84 85 85 85 86 88 91 92 100 88 92 93 94 95 98 99 100 101 101 102 101
204 231 219 217 227 224 230 212 204 204 204 207 204 204 213 203 197 195 184 185 186 182 183 187 188 185 188 186 184 169 166 176 169 157 134 125 141 140 125 123 118 117 105 90 82 82 82 87 92 93 92 92 93 95 95 91 85 82 82 82 81 81 82 82 82 82 82 82 82 82 83 83 83 83 84 85 85 86 88 90 91 94 93 92 92 98 94 96 98 99 99 99 102 102 103
231 228 215 227 225 222 227 204 214 212 210 212 205 202 206 203 201 216 181 176 185 181 184 175 188 186 189 186 179 168 174 179 176 168 123 120 144 135 119 124 120 117 116 100 86 82 78 80 87 92 94 94 92 92 91 87 83 82 82 83 84 84 83 83 82 80 80 81 82 82 82 80 80 81 83 85 87 89 90 81 90 91 93 94 94 95 96 96 113 113 98 99 101 102 103
226 223 223 222 221 233 207 214 212 210 220 213 204 202 224 213 208 187 182 174 187 184 170 166 189 189 164 187 175 170 181 181 177 172 128 118 137 134 123 128 121 116 116 110 99 82 74 79 78 80 90 93 89 89 86 84 84 84 83 83 84 83 83 83 83 83 83 82 82 81 80 80 81 83 85 87 75 79 82 81 89 90 92 94 95 96 97 102 97 98 100 100 101 103 104
221 218 218 217 216 218 214 212 210 217 220 205 218 201 198 194 200 185 182 179 188 180 170 176 187 173 164 184 175 180 185 181 173 167 143 124 128 133 128 134 127 120 119 114 113 112 100 84 80 77 78 84 86 85 84 84 84 85 84 83 83 83 83 84 84 84 79 82 81 80 80 82 84 86 74 78 88 88 83 82 89 90 91 93 95 96 97 98 99 99 100 101 102 103 104
214 212 214 214 217 214 212 210 218 223 205 204 201 198 194 201 228 174 182 179 186 185 186 185 178 173 188 183 184 187 184 177 174 167 150 133 126 131 133 133 130 122 118 120 114 112 107 109 103 83 78 78 75 82 82 82 83 84 84 83 83 84 85 78 80 83 81 80 81 81 83 85 75 76 87 87 84 84 91 93 91 89 90 90 89 90 91 98 99 100 101 102 103 104 106
209 209 211 212 211 212 209 207 206 205 204 201 197 206 203 201 167 173 171 172 182 183 188 180 178 174 170 189 190 186 179 175 174 165 149 139 129 130 136 133 129 123 121 120 116 117 114 111 108 87 80 79 81 82 82 82 76 78 78 77 76 77 78 79 84 82 81 81 81 83 74 78 87 86 83 83 88 93 95 96 101 98 100 100 100 102 102 100 98 100 101 102 104 105 106
205 206 209 210 209 209 207 205 205 203 200 212 209 208 227 201 174 173 180 175 182 185 181 187 178 176 192 192 189 184 178 177 177 166 145 143 137 133 138 137 133 125 127 126 119 118 115 106 103 90 84 84 85 113 85 85 93 85 99 89 78 77 78 78 76 74 83 73 72 75 78 83 80 80 81 90 95 97 96 95 101 102 99 101 94 100 101 102 99 100 101 102 104 105 106
202 204 207 208 207 207 206 204 201 215 212 212 211 231 222 170 172 181 174 176 181 181 178 185 180 178 192 192 190 184 181 181 179 162 144 144 143 137 139 139 135 123 122 129 121 117 115 117 113 94 89 89 89 113 89 88 115 87 105 108 85 85 82 77 73 77 75 99 105 85 83 84 83 82 87 92 97 96 96 97 101 92 103 103 94 96 97 100 99 101 102 103 105 105 106
199 200 203 205 204 203 201 198 213 213 231 233 233 233 178 175 171 172 178 176 173 178 182 185 188 188 192 191 187 183 182 179 171 159 148 147 147 142 142 141 137 124 120 127 127 119 118 106 104 114 95 93 93 93 93 91 90 98 89 107 88 97 86 100 100 98 101 104 82 104 90 89 101 102 92 93 92 93 90 91 96 102 93 94 95 96 97 104 100 101 103 104 105 106 108
195 196 199 201 200 198 194 213 215 228 220 217 209 177 176 174 172 174 184 172 175 183 183 181 186 181 179 192 189 187 182 173 169 159 150 149 153 146 145 149 140 129 121 122 125 121 122 119 108 107 100 95 95 95 122 94 92 90 90 109 89 89 87 106 101 100 100 100 106 112 97 96 101 104 92 88 79 77 77 81 83 85 89 91 91 93 97 99 101 102 103 104 106 107 110
192 193 196 197 223 215 215 237 232 226 216 205 192 177 175 169 181 177 178 177 176 173 171 169 189 182 180 176 192 188 181 165 163 160 152 152 162 147 147 158 142 132 118 119 115 114 114 111 110 128 106 102 96 115 96 96 94 92 91 91 100 90 111 113 111 104 94 105 98 96 95 89 95 100 102 87 74 78 80 85 87 89 89 87 83 83 99 100 101 102 103 106 107 109 111
189 190 191 218 221 218 242 234 226 218 203 194 187 177 174 181 180 179 177 182 184 183 172 171 187 183 181 177 188 181 172 163 161 163 160 158 166 149 152 160 143 138 117 112 112 115 121 120 116 127 122 103 104 98 122 98 96 93 92 88 92 103 104 89 113 108 108 83 82 94 92 94 98 101 107 113 87 89 90 90 90 91 93 95 97 98 97 95 101 102 105 107 109 110 114
184 185 186 214 216 210 201 196 200 200 185 183 184 182 176 180 179 186 183 178 183 184 173 177 184 169 167 177 186 175 172 163 161 168 167 162 167 155 156 162 150 156 116 117 111 110 110 117 110 120 119 101 101 100 100 120 99 96 92 117 100 104 99 109 100 97 96 85 83 102 90 87 88 89 96 112 115 104 88 89 89 79 78 85 92 99 99 94 101 104 106 108 108 110 111
180 181 182 207 198 189 189 191 194 196 183 178 181 181 174 179 178 177 184 175 182 183 180 181 187 170 167 178 182 174 180 167 159 165 169 172 171 159 158 165 165 167 141 115 114 114 113 113 110 109 109 104 103 102 101 101 125 99 95 101 95 92 91 99 105 101 99 86 84 82 101 93 93 90 92 97 104 89 77 90 91 93 95 96 98 99 100 101 103 105 107 108 109 111 112
178 178 178 203 191 184 185 192 194 193 187 185 178 170 169 177 177 177 185 174 173 182 183 186 186 170 180 192 178 181 188 172 160 164 171 175 170 158 160 167 168 162 151 121 117 116 121 120 111 109 108 107 105 120 102 101 103 103 99 94 103 92 92 92 91 94 96 101 86 84 112 102 99 101 101 101 100 90 88 84 82 84 82 77 78 101 103 105 106 84 108 110 111 112 114
177 176 175 176 190 182 185 190 193 190 190 189 179 176 176 176 177 176 186 174 173 185 172 185 171 169 182 181 176 186 187 169 162 160 174 174 164 159 163 173 166 150 150 140 117 115 117 118 114 113 110 109 111 121 118 102 102 104 103 98 93 116 92 92 91 90 89 87 99 86 85 110 99 99 100 102 104 102 102 99 94 96 105 123 79 82 84 86 100 96 88 89 92 115 115
175 173 172 174 187 182 187 189 191 187 191 189 194 195 159 175 176 175 183 174 174 173 172 185 171 185 182 178 182 189 184 166 161 174 183 176 160 152 169 170 160 150 140 162 119 117 121 121 116 113 111 111 117 127 106 104 103 103 104 102 96 93 117 96 91 90 84 88 87 87 87 104 98 91 93 101 106 108 107 108 101 100 107 125 100 119 116 122 125 108 128 113 108 107 104
172 170 171 173 183 183 186 187 184 184 188 188 192 175 164 176 176 175 174 174 173 173 172 193 171 186 188 185 195 177 178 165 162 180 185 177 154 150 170 173 166 151 142 166 139 119 122 125 124 116 115 113 119 109 123 106 104 104 104 104 100 96 106 114 108 105 97 97 92 91 92 94 96 96 98 103 108 107 110 112 102 99 103 116 127 124 114 113 121 109 110 126 113 108 116
170 170 171 172 183 184 186 185 181 182 186 188 174 182 176 176 176 175 174 174 174 173 172 187 171 187 187 196 183 184 171 165 169 178 186 175 155 153 173 180 171 151 152 164 139 124 121 124 127 127 116 120 120 111 109 118 106 105 105 105 103 98 95 119 108 104 107 108 105 110 116 109 108 89 104 103 108 109 111 115 109 100 101 106 115 125 118 104 107 123 111 111 126 110 116
169 170 171 184 180 182 184 184 180 186 189 191 182 179 175 176 176 175 174 182 174 173 173 172 188 185 190 181 187 182 174 167 187 179 182 165 157 162 173 178 173 150 151 146 144 143 125 120 122 133 118 117 126 113 111 127 121 105 105 105 104 101 97 108 111 99 103 98 96 111 88 89 114 107 90 106 107 112 111 112 112 101 93 97 107 118 121 113 102 104 121 113 114 124 116
168 169 170 180 178 182 187 182 183 193 175 174 173 178 174 175 176 174 192 174 174 173 173 172 186 190 193 190 181 185 179 172 189 187 172 157 158 168 164 176 167 152 151 158 149 145 131 126 125 135 121 119 118 115 113 125 121 107 105 105 105 103 100 96 119 109 109 108 97 104 118 113 108 113 113 124 107 113 116 106 108 101 95 98 105 117 114 114 108 100 112 109 116 117 119
168 168 169 178 180 185 189 183 187 196 174 197 174 174 174 175 175 174 174 174 174 173 173 186 176 191 193 189 186 190 184 177 188 182 168 159 160 169 167 178 157 152 151 153 153 150 147 130 128 138 124 122 120 118 115 127 122 109 107 105 120 103 101 98 115 115 115 113 104 99 110 116 122 118 93 94 95 117 121 112 110 111 107 105 110 106 116 105 108 103 96 114 108 119 120
167 168 169 177 181 171 187 183 188 192 190 183 174 174 174 176 175 174 174 174 174 173 172 169 170 190 190 189 188 193 193 176 182 176 167 163 161 167 181 186 155 152 155 155 158 155 149 140 132 140 139 125 124 121 118 115 122 124 122 107 106 105 103 100 96 116 112 110 101 90 91 92 114 116 95 96 128 123 100 109 119 121 114 109 110 107 107 116 115 118 112 106 116 117 121
166 167 168 176 180 170 186 181 186 188 186 181 181 174 174 176 175 174 174 174 173 173 188 173 174 189 190 192 189 192 190 173 175 179 167 165 163 168 189 184 157 153 154 156 158 154 153 151 139 133 141 129 127 124 121 140 117 123 132 109 108 107 105 102 98 117 101 100 99 91 92 94 95 107 119 123 98 98 100 105 116 124 122 116 111 108 108 109 110 112 113 118 112 117 119
165 166 167 174 180 170 170 184 185 187 185 184 189 173 175 175 174 174 174 173 173 173 168 174 168 188 192 175 190 182 189 178 178 186 168 167 165 171 182 175 160 160 154 156 156 156 157 160 157 137 135 132 131 128 124 122 121 118 136 112 110 108 106 116 102 98 111 99 102 97 99 101 96 97 106 116 100 100 119 105 109 124 104 104 106 108 109 109 110 112 114 115 117 112 118
165 166 166 170 168 169 169 187 182 182 182 189 190 173 175 174 174 174 173 173 173 179 174 175 171 182 176 175 182 177 185 186 186 183 170 165 168 184 188 159 158 156 160 153 152 158 161 145 162 140 139 136 135 132 129 136 121 123 142 133 113 111 109 107 124 102 120 108 106 100 100 110 104 98 100 102 103 103 121 111 106 106 106 106 106 108 109 110 111 112 113 116 118 113 118
164 165 166 172 167 168 168 187 178 175 180 171 188 172 174 174 173 173 173 173 191 169 175 176 173 187 177 176 183 174 185 193 187 176 172 167 172 187 176 162 161 158 166 156 151 157 163 148 181 148 143 141 139 135 141 141 143 127 141 141 131 113 111 109 108 106 101 119 110 116 104 107 122 101 101 100 117 104 104 117 110 106 108 108 107 108 109 110 112 113 114 116 118 121 121
164 164 165 166 166 167 167 187 176 174 187 169 182 172 181 173 172 172 173 189 185 167 176 177 172 177 177 177 186 174 194 194 176 176 177 173 188 168 172 165 163 165 159 160 157 155 154 185 167 156 147 145 142 152 141 144 130 141 139 145 139 134 115 112 111 109 105 123 115 116 111 110 125 125 110 106 111 126 126 118 120 106 108 110 109 109 110 111 112 113 114 116 118 120 122
