examples/cougarCreek-fire/createInputs/WindNinja/wrfout_d3.2015081100.f18/cougarCreekFire_08-11-2015_1800_217m_non_neutral_stability_ang.asc
ncols	146
nrows	140
xllcorner	610065.000000
yllcorner	5095217.000000
cellsize	216.586807
NODATA_value	-9999.000000
[rows 50 to 99 of 140, columns 0 to 95 of 146]
139 153 155 151 159 140 139 154 153 151 146 141 138 174 175 165 165 156 154 158 152 151 152 152 150 150 129 144 128 136 142 142 139 132 121 108 108 113 111 113 117 109 109 110 106 101 99 99 102 109 106 103 102 100 99 93 89 91 97 98 94 94 91 89 91 85 82 78 78 76 77 78 78 81 83 80 74 72 77 83 84 88 93 95 93 90 87 86 86 93 86 83 91 92 93 92
138 141 146 156 138 138 152 151 149 146 140 137 137 174 158 156 156 152 155 155 144 140 149 137 150 145 151 118 124 137 142 139 139 129 121 113 112 115 111 109 107 104 103 107 99 95 93 93 90 102 100 99 83 95 79 75 87 89 89 93 94 92 93 89 88 86 90 86 85 85 88 91 86 89 89 91 91 94 81 90 81 83 87 92 94 93 92 89 86 86 99 87 80 90 91 91
151 140 162 136 136 150 150 149 175 143 139 172 161 156 150 149 150 150 151 148 141 143 138 115 147 113 113 118 137 139 142 138 135 127 117 113 113 115 109 107 103 100 98 100 106 98 97 93 93 89 91 87 84 82 79 82 83 84 88 88 88 90 90 82 90 88 87 87 87 88 76 90 90 77 78 79 80 80 81 80 85 81 83 86 89 91 92 92 91 88 87 86 87 88 89 90
134 149 133 134 150 152 169 169 170 169 167 151 134 134 131 129 127 150 148 143 150 138 137 134 153 116 137 136 137 138 137 137 132 125 113 108 107 102 98 95 96 94 93 95 100 96 95 92 92 91 90 89 86 89 88 95 91 87 83 85 86 87 80 81 81 79 78 78 76 76 78 79 78 77 77 78 90 82 81 81 81 81 98 83 84 87 89 92 92 91 89 88 87 87 87 88
132 149 148 149 161 161 165 166 166 165 150 134 134 134 157 149 128 155 150 142 118 117 139 144 137 133 138 138 133 135 131 134 127 125 102 108 114 110 99 100 99 93 87 87 90 92 92 91 90 90 91 92 92 92 96 91 85 82 83 85 84 77 79 80 80 81 80 78 76 76 78 80 79 78 77 77 79 80 80 81 82 83 82 83 83 84 86 88 89 90 90 90 89 88 88 88
130 142 146 155 143 148 148 163 157 153 136 135 136 136 156 149 128 151 123 120 139 145 145 140 144 137 136 134 130 134 133 134 127 123 112 95 120 119 113 109 106 103 89 82 84 86 90 91 91 90 90 91 93 95 94 95 88 79 79 78 76 76 78 79 80 81 81 78 76 76 77 78 79 79 78 78 79 79 80 82 84 84 94 82 82 84 84 85 87 89 89 90 90 90 89 88
134 127 146 145 131 150 143 154 138 138 136 137 134 135 152 128 126 124 116 144 144 142 143 139 134 136 133 123 129 132 133 134 124 122 111 108 119 118 109 107 104 104 96 84 78 81 82 88 92 92 91 90 91 93 92 89 82 80 80 79 78 77 77 77 77 77 77 77 77 77 76 76 76 77 78 79 79 79 81 83 83 88 84 83 82 90 83 84 86 86 86 86 88 89 89 89
125 127 146 128 129 129 142 136 128 126 124 139 122 122 130 124 123 144 136 137 143 141 143 117 133 136 128 122 132 132 135 128 119 122 103 103 122 115 104 108 105 104 104 91 80 77 76 79 86 90 92 92 90 89 88 84 80 80 79 79 80 80 79 78 77 76 75 75 75 75 75 74 74 75 77 78 79 80 81 74 81 82 84 85 84 84 84 84 104 104 84 85 86 87 88 89
126 128 130 129 130 138 140 128 127 125 143 137 120 119 149 122 115 115 117 122 144 143 112 112 134 133 109 125 133 131 130 126 122 122 106 100 117 113 106 108 105 102 103 97 89 76 69 75 76 78 87 91 86 86 83 81 81 81 80 80 80 79 79 79 78 77 77 76 75 74 73 73 74 75 77 78 67 71 75 74 79 80 81 83 84 85 85 93 85 85 86 85 86 86 87 87
125 129 132 131 131 144 128 127 126 145 141 120 137 117 116 116 117 117 117 117 145 123 114 119 137 114 110 130 132 132 124 126 126 123 112 103 108 111 106 111 107 104 104 100 99 101 92 78 76 74 76 80 82 81 80 80 81 82 82 81 79 78 79 78 77 77 74 76 75 74 73 75 76 76 66 71 82 81 75 74 78 79 79 80 81 83 84 84 85 85 85 85 85 86 87 86
125 129 132 130 145 127 126 126 146 140 119 117 117 118 119 119 126 119 117 117 138 138 137 139 118 113 125 130 129 125 126 128 128 124 115 106 105 107 110 110 108 103 101 105 99 99 96 100 97 78 74 75 71 76 75 76 77 79 80 79 78 78 79 73 75 75 73 73 74 74 75 76 67 68 81 80 76 77 83 85 82 80 80 80 79 80 81 83 84 84 85 85 85 86 86 87
125 128 129 128 127 125 126 125 122 119 118 118 121 121 122 121 127 119 118 121 125 141 143 120 117 114 111 126 123 126 129 129 125 122 115 109 103 105 110 108 105 102 101 103 101 102 101 100 99 81 74 73 74 73 72 73 68 70 70 69 69 70 72 73 77 74 73 73 73 74 66 70 80 79 75 77 81 85 85 87 92 88 91 89 89 90 91 89 82 83 83 84 85 86 85 86
127 128 127 125 125 124 123 122 117 117 120 121 123 126 136 146 121 120 117 123 125 141 140 136 117 114 125 123 123 127 130 129 122 122 112 111 107 105 109 109 107 103 105 103 101 101 100 92 91 80 75 75 74 100 72 73 80 74 88 79 68 67 69 69 67 66 73 65 64 67 72 76 74 72 74 82 87 88 87 85 91 92 88 90 79 88 89 90 81 82 83 83 84 85 86 87
131 129 125 123 123 121 119 118 119 120 124 126 125 130 144 129 120 118 123 135 140 139 136 140 119 115 124 120 124 127 130 125 122 121 110 111 110 107 109 109 107 100 100 105 99 97 96 100 98 80 76 75 74 100 74 74 93 74 91 94 72 72 73 69 64 66 65 89 94 78 76 76 75 75 79 84 88 85 87 87 91 77 92 92 78 85 85 87 81 82 82 82 83 84 84 85
134 131 126 123 122 122 123 125 126 128 137 138 126 123 136 124 121 122 125 134 121 123 138 139 133 131 123 118 124 126 126 128 123 116 111 111 109 109 109 107 106 99 100 103 103 98 96 85 83 96 78 76 75 75 75 75 75 81 74 92 74 80 73 87 88 87 89 92 71 93 82 79 91 91 81 84 82 83 81 82 86 91 78 78 78 79 79 91 81 81 82 82 83 84 84 85
136 134 128 124 125 129 131 130 131 146 149 147 147 136 126 123 121 123 126 130 113 123 138 137 132 118 110 116 120 122 124 127 124 116 111 109 112 109 109 109 106 102 99 98 100 98 98 97 85 83 80 75 74 74 98 75 75 74 74 94 75 75 74 91 87 87 88 89 92 98 87 86 90 92 80 79 71 68 68 71 73 75 78 80 80 82 80 80 81 81 82 82 83 83 84 85
138 134 127 124 123 128 132 137 142 148 149 147 145 133 123 120 118 127 115 122 112 111 110 110 138 117 109 104 116 121 127 121 119 115 109 109 118 108 107 114 106 102 94 98 90 89 89 87 85 98 83 80 72 96 75 76 75 73 74 75 88 75 96 96 95 90 79 92 86 86 85 78 85 89 90 77 64 68 71 75 76 77 77 75 72 72 79 80 81 81 81 83 83 84 85 85
144 139 131 128 127 129 134 141 146 148 148 147 143 134 123 118 119 129 115 138 124 122 110 109 138 117 109 105 120 126 123 117 116 115 113 112 118 106 110 111 105 102 91 85 87 93 99 98 95 98 99 80 80 75 98 77 74 73 73 77 75 88 89 74 97 94 93 69 70 84 82 84 87 89 93 95 72 73 73 74 73 74 75 77 77 77 82 80 79 80 82 84 85 85 87 85
146 142 135 135 134 139 142 141 149 148 144 132 130 121 125 118 120 143 126 125 124 136 108 130 136 104 103 106 126 122 123 115 114 120 119 112 118 110 110 113 105 109 84 83 83 84 84 95 84 96 96 75 75 76 77 101 76 73 72 94 85 88 83 94 84 83 82 71 70 88 80 78 77 78 85 95 97 91 73 74 78 69 68 74 80 85 78 80 79 81 83 83 84 84 85 86
143 139 132 135 137 146 147 148 148 147 143 139 141 121 126 118 120 118 139 114 127 135 133 133 136 101 102 107 127 121 123 115 112 116 120 119 118 111 110 113 109 103 101 83 83 84 84 84 82 82 82 76 75 76 77 78 105 76 73 76 81 75 75 87 91 88 88 73 72 70 87 82 82 77 81 84 90 73 68 73 73 74 75 76 77 78 79 79 80 82 82 82 84 84 84 84
143 136 127 133 136 144 146 147 147 147 145 143 138 125 124 120 122 119 139 114 113 135 122 134 117 103 104 118 124 126 122 121 112 115 121 116 118 111 111 109 110 109 102 84 83 84 94 93 81 80 76 76 76 95 76 77 79 80 76 72 77 72 74 75 76 83 85 89 73 72 93 88 86 87 87 87 86 73 76 72 70 72 69 64 65 76 78 79 79 68 80 82 83 83 84 85
150 138 127 125 136 143 144 140 145 145 145 145 122 136 120 123 125 120 139 114 129 136 108 120 107 107 108 125 126 125 123 117 95 94 120 119 112 111 111 113 113 103 99 98 82 82 84 91 82 81 80 76 82 95 94 76 77 80 80 75 72 89 72 73 74 74 75 78 88 73 73 94 86 85 86 87 88 87 86 84 74 74 87 92 65 67 68 70 81 77 70 70 73 82 83 85
151 139 130 127 136 143 144 139 144 144 145 144 144 130 118 124 126 119 128 113 112 110 108 121 108 111 112 123 126 124 123 115 111 121 119 117 111 99 117 109 108 105 90 101 87 81 83 92 82 76 80 76 91 97 76 76 76 78 80 79 75 72 93 77 75 72 74 72 73 76 73 89 85 80 81 86 87 89 87 90 85 84 90 96 75 93 93 96 97 77 97 90 86 85 83 83
142 136 130 127 137 142 143 138 143 142 143 142 142 119 119 121 124 117 113 112 111 110 108 136 109 110 127 128 121 107 124 113 111 118 111 117 99 106 118 109 112 105 91 103 96 81 91 85 83 75 81 74 91 75 95 76 76 76 78 79 78 75 80 92 89 87 79 82 79 79 80 81 83 82 83 86 88 87 89 90 86 83 86 93 97 96 93 93 96 79 79 96 89 85 81 82
134 132 129 127 137 142 142 142 140 141 141 140 119 134 113 117 121 116 112 111 111 110 109 122 111 113 128 124 109 125 118 112 114 104 113 119 99 106 118 110 112 104 104 108 86 82 83 84 84 83 74 90 90 75 75 92 75 76 76 77 78 76 74 95 89 87 89 90 87 90 94 90 89 71 86 84 87 88 89 91 89 84 84 89 93 96 93 85 88 97 80 79 96 86 80 81
130 130 128 138 138 138 138 140 140 141 134 138 135 133 113 116 120 116 112 134 111 110 109 110 118 118 128 110 126 120 120 112 121 101 117 112 99 108 117 113 112 103 103 91 86 95 77 89 76 86 74 73 93 75 75 93 94 75 74 76 78 77 76 82 91 80 86 80 80 93 71 71 93 85 70 85 86 89 88 89 89 84 78 80 88 93 94 91 83 85 96 81 80 95 79 80
130 129 127 138 137 138 137 136 141 136 119 118 118 134 114 117 120 115 136 111 110 109 109 110 122 132 128 125 121 123 121 115 120 115 118 100 99 110 100 112 107 102 101 102 88 85 93 77 76 86 74 74 74 75 75 87 93 75 75 76 77 77 77 75 92 88 89 89 80 87 96 89 85 91 88 96 85 88 90 86 88 83 77 80 86 92 91 91 87 81 80 88 82 81 80 80
130 128 127 138 138 137 136 137 138 135 121 129 120 118 115 118 119 114 112 111 110 109 109 122 123 132 129 126 124 121 117 121 116 118 111 99 91 110 99 113 96 96 95 94 89 85 94 76 76 86 75 75 74 74 75 86 92 75 75 75 95 77 77 75 86 92 92 91 86 82 90 93 97 94 71 72 73 93 91 88 87 88 87 85 88 76 91 85 87 83 77 80 86 83 81 81
129 128 126 138 139 125 137 141 139 137 134 137 118 117 116 117 117 114 112 111 109 110 110 118 125 133 128 126 125 121 119 120 122 119 103 91 91 102 111 108 97 96 96 95 93 90 87 90 74 86 86 75 74 74 74 75 91 92 92 75 77 78 78 76 74 92 90 90 83 71 72 73 93 94 73 73 97 91 83 87 92 92 89 86 86 76 77 90 90 91 88 84 80 82 83 82
129 127 126 138 139 125 137 137 138 137 133 135 133 114 115 116 115 114 112 111 110 110 131 109 109 132 128 125 125 123 116 117 118 118 103 91 90 103 110 110 96 95 96 96 94 92 88 85 93 75 87 76 75 73 74 85 76 91 95 75 76 78 79 77 74 84 83 83 82 71 71 73 74 86 92 92 73 74 83 86 91 93 91 89 87 77 78 78 77 78 78 90 87 80 82 84
128 127 126 137 139 125 123 137 137 136 135 137 129 113 115 116 115 114 113 112 111 111 117 109 123 132 128 101 125 115 121 118 118 115 103 91 89 102 99 113 97 95 95 96 95 93 89 82 84 76 77 76 73 72 75 77 76 87 85 75 75 76 78 93 75 73 88 81 83 79 80 81 73 74 85 92 75 75 91 85 87 95 76 75 76 77 78 78 78 78 79 79 79 86 80 82
128 127 125 135 126 125 123 136 136 136 135 133 130 114 116 116 115 114 113 113 112 128 109 108 120 122 103 101 114 123 113 117 116 118 103 100 101 115 111 89 87 85 95 94 94 93 90 77 80 76 76 75 72 75 78 87 85 73 83 85 74 75 76 77 92 75 85 86 85 79 82 88 82 73 75 77 77 78 92 87 84 77 77 76 76 77 78 79 79 79 79 80 80 86 79 79
128 127 125 137 126 125 123 136 135 136 136 118 129 115 116 116 115 114 114 113 132 123 109 108 119 130 103 101 122 119 113 120 117 116 103 100 101 100 101 88 87 86 96 94 92 93 92 78 91 85 75 73 73 79 90 86 83 89 85 82 92 74 74 75 77 77 75 91 86 90 81 83 89 80 75 81 91 79 78 89 85 76 77 77 76 76 77 78 80 80 80 80 79 80 80 78
128 126 125 125 125 124 123 135 133 136 136 118 133 116 133 115 115 115 113 132 131 116 108 107 119 105 104 102 122 111 122 120 109 107 104 101 112 90 100 87 87 98 87 95 82 82 80 94 87 87 85 73 76 90 96 86 74 85 85 83 84 93 84 73 75 76 75 87 88 89 87 86 90 90 85 83 87 98 98 92 93 75 77 78 78 78 77 78 78 80 79 80 79 80 80 79
128 126 125 125 124 124 123 136 135 136 120 119 132 117 117 116 127 115 113 132 120 109 108 107 106 125 104 114 113 110 124 121 96 94 117 90 110 89 99 86 88 89 88 84 82 81 81 81 88 78 86 76 89 89 87 76 77 76 86 75 86 86 84 85 84 86 88 86 93 88 87 81 92 91 90 90 90 93 94 78 77 76 76 77 79 79 79 78 78 78 79 80 79 81 81 81
127 126 125 125 124 124 123 136 136 136 119 131 127 129 117 116 115 131 133 130 117 109 108 106 105 124 120 118 113 99 119 119 94 95 118 113 111 101 86 86 89 90 87 83 82 82 81 81 80 78 78 79 80 77 76 77 78 78 77 77 77 87 75 86 91 90 94 74 86 92 91 80 82 94 95 92 91 91 77 78 79 78 77 77 78 97 79 79 79 79 78 79 79 80 80 82
127 126 125 124 124 124 123 122 137 121 119 133 119 134 117 116 131 130 131 123 109 108 107 123 105 122 103 119 112 117 117 106 118 95 119 110 116 114 89 88 97 86 84 83 82 82 81 82 81 80 79 79 79 77 76 77 78 78 78 78 78 77 76 76 93 92 95 88 88 88 88 88 87 90 94 75 93 75 76 77 78 84 79 78 78 78 78 79 79 87 79 79 79 79 79 80
127 126 125 124 124 124 123 122 122 121 119 126 119 135 134 133 130 126 130 119 109 108 107 106 125 122 102 119 99 120 97 108 96 96 96 95 93 92 114 111 87 83 83 83 83 82 82 82 82 80 79 79 79 78 78 78 78 78 79 78 78 77 78 77 88 95 96 89 89 75 75 93 89 87 88 88 88 92 94 88 77 82 79 79 78 78 78 78 78 78 79 79 80 80 80 78
127 126 125 124 124 124 138 123 122 121 119 127 118 130 134 132 129 128 129 110 109 107 106 105 124 103 101 101 100 99 113 117 117 96 96 118 93 93 115 91 87 83 83 84 84 84 83 82 81 80 80 79 94 79 79 79 78 78 79 79 78 78 78 78 96 94 89 96 96 97 76 95 91 87 74 75 76 77 78 87 77 77 78 79 78 79 79 79 79 78 79 80 80 79 80 80
127 125 124 124 123 123 137 122 122 121 118 131 118 119 134 132 129 125 124 109 108 107 106 126 104 103 102 102 101 100 99 113 118 95 95 95 93 92 114 90 87 85 85 85 86 85 83 82 81 81 80 80 94 95 80 80 79 79 79 79 79 79 78 96 89 93 94 96 95 95 96 96 94 92 87 85 86 76 77 78 78 77 78 78 79 79 79 80 79 79 79 80 80 80 81 86
126 125 123 123 123 123 122 122 122 121 119 130 117 119 133 132 129 127 126 108 108 107 106 105 104 104 103 102 117 118 117 120 118 95 95 94 93 92 91 89 87 87 86 86 85 84 83 82 82 82 81 81 80 96 80 80 80 80 79 79 79 97 79 97 97 95 92 94 92 92 92 95 75 75 94 91 89 91 86 76 76 76 77 78 79 79 79 80 80 80 80 95 92 93 93 92
125 124 123 123 123 123 123 122 122 121 133 130 117 129 133 132 129 112 110 108 108 107 126 106 105 104 120 121 119 118 121 120 118 95 93 93 92 91 90 89 88 88 86 86 106 84 83 83 82 82 82 81 81 94 81 81 81 80 80 79 79 97 97 96 97 77 95 93 89 89 77 91 76 77 77 91 92 76 92 87 87 88 85 77 78 79 79 79 80 81 81 82 82 97 81 82
125 123 123 124 123 123 122 121 121 121 132 128 125 130 131 130 128 126 109 108 108 107 126 106 105 104 122 119 119 118 118 99 97 95 93 92 114 90 103 98 89 88 91 86 86 85 84 83 82 82 82 82 81 92 92 82 82 81 81 80 80 80 96 95 97 79 78 95 91 89 76 90 76 77 94 92 91 91 90 87 86 88 78 92 79 90 89 88 80 81 82 81 80 80 83 82
125 123 122 124 123 123 122 120 119 119 117 129 115 131 115 130 129 127 110 109 109 109 126 107 106 119 119 119 118 122 115 98 96 94 93 108 91 89 89 90 91 89 88 87 86 85 84 83 83 82 82 82 81 93 92 96 82 97 81 81 81 81 95 92 95 80 79 96 93 90 87 93 77 78 95 92 90 77 84 80 78 78 85 79 80 94 80 96 84 80 88 90 83 81 83 83
125 123 122 129 123 122 122 120 119 118 117 116 130 116 115 114 130 127 110 109 109 109 108 125 105 118 119 123 121 119 118 112 117 114 108 92 91 90 90 91 91 90 89 87 85 84 84 84 83 82 82 82 82 82 91 93 93 91 96 82 81 81 95 88 80 92 97 79 93 91 88 93 78 78 94 95 95 91 85 85 85 85 78 83 85 88 87 81 94 94 81 80 80 81 83 83
125 123 122 123 123 122 122 121 119 118 118 117 116 129 115 129 129 128 125 109 109 108 107 106 105 105 122 119 101 100 98 118 116 108 94 93 92 92 92 100 90 89 89 87 85 84 84 84 83 83 82 82 82 82 88 85 88 90 91 95 82 81 93 87 80 83 88 92 91 90 88 90 97 97 96 78 77 77 87 84 85 85 79 79 79 86 80 81 81 81 82 81 80 80 81 81
124 123 122 122 122 122 122 121 120 118 118 117 116 129 129 129 130 129 126 109 108 126 107 107 106 121 122 119 121 115 99 117 97 96 95 94 94 93 99 91 89 89 88 86 85 84 84 83 83 83 82 82 82 82 82 83 83 83 83 83 93 95 92 92 90 86 80 87 88 88 88 91 91 92 95 98 78 78 95 77 80 79 78 82 81 81 93 80 86 80 81 81 88 79 80 81
122 123 123 122 121 122 121 121 120 118 117 117 116 130 115 115 131 129 126 109 108 107 108 108 108 123 121 122 102 101 100 98 97 97 96 95 94 93 92 91 90 89 88 87 86 85 84 83 83 82 82 82 82 82 82 83 83 83 83 83 83 92 93 93 90 80 80 80 79 79 79 80 80 90 92 96 79 78 78 92 77 79 79 80 80 81 96 81 80 80 80 86 82 82 80 80
121 122 124 123 122 121 121 121 121 119 118 117 116 129 115 115 129 128 127 110 109 109 109 109 107 122 123 103 103 102 100 116 98 97 112 109 108 103 102 101 89 90 90 88 86 85 84 83 82 82 82 83 82 82 82 83 83 83 83 83 83 83 82 82 86 81 80 80 80 80 80 80 80 90 91 93 98 79 79 96 78 79 79 80 80 81 82 79 81 81 81 81 82 79 81 80
120 120 123 124 122 121 122 122 121 120 119 117 116 116 116 115 115 113 113 112 111 110 109 108 124 123 104 104 122 122 100 100 99 112 110 109 107 109 103 91 89 91 90 89 87 85 84 83 81 82 83 83 82 82 83 83 83 83 83 83 83 83 82 82 82 81 80 80 80 80 85 88 88 80 89 91 95 80 80 80 94 91 80 93 93 80 81 83 80 82 79 79 82 82 82 80
