examples/cougarCreek-fire/createInputs/WindNinja/wrfout_d3.2015081100.f18/cougarCreekFire_08-11-2015_1800_217m_non_neutral_stability_ang.asc
ncols	146
nrows	140
xllcorner	610065.000000
yllcorner	5095217.000000
cellsize	216.586807
NODATA_value	-9999.000000
[rows 0 to 49 of 140, columns 0 to 95 of 146]
95 97 101 101 97 93 91 89 89 104 91 93 98 100 101 102 103 103 102 101 101 106 106 109 111 110 110 110 110 111 110 108 107 106 107 108 109 107 111 115 114 114 118 115 117 118 121 120 119 118 116 114 112 112 112 113 113 109 106 106 107 106 105 106 106 105 104 103 105 108 110 109 106 104 104 106 106 102 99 99 99 101 104 103 102 104 108 102 103 107 110 107 106 113 111 111
95 97 101 101 97 93 91 89 89 104 91 93 98 100 101 102 103 103 102 101 101 106 106 109 111 110 110 110 110 111 110 108 107 106 107 108 109 107 111 115 114 114 118 115 117 118 121 120 119 118 116 114 112 112 112 113 113 109 106 106 107 106 105 106 106 105 104 103 105 108 110 109 106 104 104 106 106 102 99 99 99 101 104 103 102 104 108 102 103 107 110 107 106 113 111 111
95 97 101 98 94 91 88 87 86 86 88 90 95 98 100 101 102 102 103 103 103 105 105 107 108 109 109 109 109 109 109 108 107 107 108 108 109 110 112 113 114 116 117 117 118 118 119 118 117 117 116 114 113 112 112 111 111 108 106 105 106 105 105 105 105 105 104 105 106 107 107 107 105 105 105 106 106 104 102 101 102 103 104 105 106 106 107 107 107 108 107 107 109 110 109 109
78 81 82 78 77 78 77 77 77 78 80 82 87 92 95 97 98 99 101 102 103 102 102 103 104 106 107 107 107 107 107 108 108 107 108 107 107 108 109 111 112 114 115 116 116 116 116 116 115 116 116 115 114 112 110 109 108 107 106 105 105 106 106 105 105 105 106 107 106 105 105 105 106 107 107 107 107 107 106 105 105 105 105 106 106 106 107 107 107 107 107 106 106 108 109 108
280 297 308 329 7 36 50 313 313 333 69 72 80 87 91 94 96 97 99 101 97 100 97 101 102 103 105 105 105 106 107 108 108 107 107 107 107 107 108 110 111 112 114 115 115 115 116 116 116 117 117 116 114 108 110 108 108 107 107 107 107 107 107 106 106 106 107 107 106 105 105 106 108 108 108 108 108 108 107 107 106 106 106 106 107 108 108 108 108 108 108 107 90 92 93 91
276 282 287 293 303 319 343 8 27 323 330 356 73 82 89 93 96 98 86 100 95 100 100 101 101 102 103 104 105 106 107 108 108 108 108 108 108 107 107 108 110 111 113 114 114 115 116 117 117 113 112 110 113 111 109 109 109 109 109 108 108 108 107 106 106 107 101 106 106 105 106 108 108 108 107 107 107 108 109 108 107 107 107 107 107 108 108 108 108 108 108 107 105 87 90 88
274 278 281 284 289 296 306 307 312 321 318 326 5 76 86 92 96 99 90 94 94 97 98 97 97 97 104 100 101 101 107 108 108 109 109 108 108 108 107 103 105 110 107 113 114 110 111 112 113 113 108 114 107 111 110 110 111 110 109 109 108 102 102 107 107 101 107 106 106 107 107 108 108 107 106 106 108 109 109 109 108 108 108 107 121 107 108 108 108 108 108 107 106 87 87 87
273 275 278 281 284 288 292 301 296 302 307 311 335 19 47 92 98 71 81 95 95 97 99 100 99 99 100 100 101 103 108 104 105 110 109 109 109 108 104 104 104 106 107 108 109 110 111 112 111 106 109 108 113 112 112 111 111 110 110 109 101 101 107 108 108 101 107 107 107 107 107 107 106 106 107 108 108 108 109 109 109 108 108 107 107 108 108 108 109 109 108 108 106 105 85 80
272 275 278 280 282 307 286 309 304 303 308 308 315 348 30 94 57 67 78 99 99 100 66 71 101 101 101 102 102 103 104 105 106 110 110 106 105 105 104 104 105 106 107 108 109 110 109 109 108 109 109 109 108 106 105 111 111 110 103 109 101 107 108 109 101 101 101 98 107 107 106 106 106 107 108 108 107 108 109 110 109 109 108 108 108 108 108 108 109 109 108 108 107 107 106 106
272 275 277 279 280 289 296 303 304 306 308 308 308 322 6 36 54 70 75 303 327 102 108 107 63 105 104 104 103 106 106 106 106 107 107 107 106 106 106 106 106 107 108 109 109 109 109 109 109 110 110 111 108 105 110 110 111 110 103 108 108 108 109 102 101 99 99 98 107 107 106 107 107 107 107 107 108 108 109 110 109 109 109 108 108 108 108 108 108 119 109 108 108 108 107 106
308 274 276 278 279 280 285 292 297 300 303 306 306 312 337 0 49 115 73 103 309 12 110 111 78 72 81 83 106 108 108 108 108 109 109 108 108 108 108 107 106 107 109 101 102 102 109 110 111 105 107 104 105 111 111 111 111 103 110 109 109 101 103 103 100 99 100 100 107 107 107 107 107 107 107 108 108 109 110 110 109 109 109 108 108 115 119 108 109 109 109 109 109 108 107 106
271 273 301 298 295 289 280 286 292 305 307 302 305 303 310 319 170 52 78 102 314 360 14 115 113 69 84 81 82 110 110 110 110 109 110 110 110 109 108 106 106 97 99 100 102 101 109 109 104 105 103 107 113 112 106 105 105 104 103 111 110 103 104 102 102 108 108 107 107 107 107 107 107 107 107 108 109 109 109 109 109 109 109 108 108 108 109 109 109 109 110 110 110 109 108 107
271 272 274 296 295 291 280 281 283 289 302 307 313 300 300 304 345 358 128 117 320 349 13 293 117 70 81 80 82 90 112 112 112 112 112 112 111 111 109 107 95 98 100 100 101 100 108 101 103 109 108 108 114 113 106 106 105 105 105 104 104 107 105 109 108 108 107 107 106 106 106 106 107 107 108 108 109 109 109 109 109 109 109 108 108 108 109 109 109 109 109 110 111 110 108 107
271 272 274 275 276 287 279 280 276 280 285 296 301 311 290 293 298 314 277 322 318 328 10 1 256 64 78 80 85 94 94 115 90 91 94 95 95 95 97 98 95 100 101 101 99 109 109 101 102 110 109 108 108 107 106 105 105 106 105 106 108 108 108 107 107 107 106 106 106 106 107 107 107 108 108 109 109 108 108 109 109 109 109 108 108 108 108 109 109 109 109 110 111 112 110 125
271 272 273 275 276 277 278 279 280 276 277 281 282 289 301 320 339 348 340 339 351 353 30 41 29 51 76 81 88 94 94 117 91 91 95 96 94 94 101 104 99 100 99 99 98 99 100 102 104 102 109 109 109 107 106 105 99 106 105 105 109 108 108 107 100 97 97 96 106 107 96 108 107 108 108 108 107 108 108 108 109 109 108 108 108 108 108 109 109 111 118 111 111 128 111 125
271 272 273 274 275 276 286 288 285 279 277 280 287 283 283 300 329 340 328 329 351 357 39 59 31 42 75 83 90 94 92 89 91 92 95 94 94 95 98 96 98 98 98 100 99 100 103 105 103 100 111 110 100 100 106 105 100 105 97 102 102 101 99 98 97 97 98 107 107 107 108 108 107 107 108 107 107 107 108 108 108 109 108 108 108 108 108 108 109 108 109 109 109 120 112 109
271 272 273 274 275 276 277 285 287 285 281 281 298 299 281 267 274 314 307 306 331 336 39 138 62 41 76 85 91 94 91 93 93 93 94 94 96 98 97 93 95 97 99 101 101 102 104 102 100 100 112 101 104 101 98 108 107 97 103 103 101 99 99 99 98 99 108 97 107 107 107 107 107 107 107 107 107 107 107 108 108 108 108 108 108 107 107 108 108 108 108 107 108 111 121 110
272 273 274 275 276 277 278 282 287 298 283 282 290 300 277 258 256 268 277 276 293 293 349 64 57 52 71 83 89 93 91 93 94 96 96 96 100 97 94 93 95 97 99 100 101 102 102 101 100 101 103 108 106 98 98 107 105 94 103 102 100 100 100 101 101 108 108 105 106 106 106 106 107 107 107 107 108 107 107 108 108 108 108 108 107 107 107 102 101 108 107 107 107 109 111 119
273 274 274 275 276 277 277 282 300 303 286 283 279 281 286 285 278 278 282 273 285 294 293 35 56 67 74 85 87 89 90 92 97 92 97 94 101 98 93 93 95 97 100 101 101 100 101 101 101 102 107 107 100 105 97 98 102 102 96 101 102 94 104 102 108 105 107 110 106 105 106 106 107 106 107 107 108 107 107 107 108 108 108 108 107 107 107 102 100 107 107 97 100 109 110 112
274 275 276 276 276 277 282 282 298 302 285 289 280 282 296 304 301 293 296 285 292 314 283 303 26 64 78 85 86 88 91 93 95 124 122 97 102 102 93 94 96 98 102 104 102 102 102 103 107 108 106 100 96 96 97 93 94 104 95 94 102 95 102 100 101 108 108 107 106 105 106 106 106 106 107 107 107 107 107 107 108 108 108 108 107 107 107 98 96 107 108 102 102 103 108 109
275 276 277 284 285 285 283 283 285 301 284 291 303 283 281 296 306 302 306 295 300 330 275 271 293 54 79 83 86 88 91 94 125 126 123 98 96 114 93 96 98 103 105 105 104 105 106 108 117 106 103 97 96 100 93 104 105 95 96 94 93 96 102 100 108 108 108 107 106 105 106 106 106 106 106 106 107 107 107 108 108 108 108 108 107 107 107 107 107 108 94 101 101 106 107 108
276 277 277 284 286 284 283 282 284 302 293 292 309 304 272 268 271 277 291 287 287 320 291 292 327 50 72 80 87 90 91 95 126 128 124 118 93 113 92 100 105 108 107 106 103 101 103 107 106 97 97 95 95 93 105 95 95 98 98 94 94 96 94 109 103 103 102 102 106 105 105 106 106 106 106 106 106 107 107 107 108 108 108 108 107 106 107 107 108 108 95 98 96 95 108 108
277 277 278 278 282 282 280 281 282 297 293 289 303 319 286 268 259 248 268 284 286 297 288 275 287 49 73 79 87 92 91 112 126 94 124 121 95 100 92 103 110 109 107 103 103 103 104 104 98 96 95 93 93 107 108 96 95 96 95 94 97 97 103 104 103 101 100 106 106 105 106 106 106 106 105 105 106 107 107 107 107 108 108 107 107 106 107 107 108 93 103 104 106 108 105 102
278 278 278 279 279 279 280 281 290 297 297 287 291 312 302 287 282 279 280 298 308 307 301 257 233 326 74 78 85 89 90 93 126 128 126 114 97 95 92 101 105 106 104 102 102 103 102 99 97 97 95 113 95 98 96 96 95 96 98 98 100 104 102 106 98 100 99 98 106 106 106 106 106 106 105 106 106 107 107 106 107 108 108 108 107 107 107 107 94 113 116 117 113 114 112 108
279 279 279 279 279 279 279 281 282 296 303 292 289 305 306 290 283 281 278 278 293 312 324 287 238 273 70 80 80 87 95 97 118 129 95 99 97 94 94 104 104 100 102 112 103 100 99 101 99 97 96 112 96 96 96 98 101 102 102 100 100 104 91 89 101 100 99 99 106 99 106 105 105 106 105 105 106 106 106 106 106 107 108 108 107 106 106 107 108 118 117 113 111 115 117 112
280 280 279 279 279 279 281 281 281 291 302 296 286 288 304 297 286 281 278 271 274 303 316 296 244 150 73 83 80 92 96 124 121 96 126 114 94 93 100 108 108 101 101 101 102 113 105 115 99 95 115 96 95 95 96 101 103 111 101 99 99 104 91 98 102 100 99 101 102 103 103 105 105 105 105 105 105 106 106 106 106 106 107 107 107 106 106 106 107 112 120 115 111 113 117 113
281 281 280 280 281 282 280 280 279 283 294 291 287 283 293 301 289 284 284 276 276 301 302 276 220 168 72 84 88 89 103 107 97 94 94 97 95 95 101 102 99 96 97 98 99 99 99 98 96 94 113 94 94 93 94 98 102 101 99 98 97 104 103 96 97 98 103 103 103 103 103 104 104 104 105 105 105 104 105 106 106 106 107 107 106 106 105 105 96 103 115 106 114 112 114 105
282 282 281 281 278 279 280 279 271 274 286 291 293 282 277 284 282 282 286 279 280 300 298 254 214 190 73 87 95 91 103 103 98 98 100 98 96 101 103 99 97 96 96 99 101 100 99 101 99 91 111 92 94 93 94 100 102 99 98 98 99 100 103 108 110 109 106 102 99 97 98 104 104 104 104 104 104 104 104 105 106 106 107 107 107 106 105 104 94 95 97 99 100 100 106 106
283 283 283 283 282 279 280 281 281 278 285 293 298 283 271 275 278 279 284 277 278 294 297 253 212 204 214 88 101 98 104 102 99 102 100 99 105 106 101 99 100 99 101 104 106 116 115 115 93 112 110 92 94 95 98 103 102 100 102 106 107 106 106 106 106 107 107 103 101 99 98 103 103 103 103 103 104 104 104 105 105 106 107 107 106 105 104 103 89 89 105 106 92 94 107 106
284 284 284 283 283 279 279 283 291 287 288 293 299 307 285 278 280 282 284 276 276 291 292 274 220 207 202 122 92 104 107 107 101 102 102 102 107 103 100 102 102 104 110 114 115 115 115 96 113 114 113 93 95 95 104 105 103 102 102 102 102 102 102 103 102 103 102 101 101 100 99 102 102 103 103 104 104 104 104 105 105 106 106 106 105 105 104 104 103 89 91 93 98 100 97 106
285 284 284 284 284 282 280 279 280 283 282 289 292 302 297 279 283 289 291 286 289 305 295 293 224 165 169 137 86 101 107 104 104 103 104 109 107 96 104 109 112 111 114 114 114 115 99 94 117 117 115 96 94 102 103 99 96 97 99 100 101 103 104 103 101 99 98 97 96 95 93 102 103 103 103 104 104 104 104 105 105 106 106 105 105 105 105 104 104 98 100 99 97 95 93 107
285 285 285 284 284 282 281 280 278 279 277 276 279 283 295 279 276 282 284 285 295 301 295 280 203 168 170 144 87 96 98 105 108 106 108 111 99 96 107 114 112 111 113 114 115 115 118 97 120 117 113 110 94 97 92 90 94 98 99 100 102 104 104 101 99 98 100 100 99 98 99 101 103 103 102 103 103 104 104 104 105 105 106 105 105 106 106 105 104 99 98 97 96 94 95 107
285 284 284 284 283 284 283 282 278 279 280 280 285 288 291 280 269 267 268 269 278 279 232 187 184 198 185 172 113 87 96 105 111 112 107 103 100 102 108 103 112 110 112 113 115 116 118 128 121 117 113 109 89 92 92 94 100 103 102 100 99 100 101 103 105 103 107 101 109 111 99 106 104 100 101 102 103 109 113 103 104 105 106 107 106 105 105 104 121 99 95 95 97 99 101 106
286 284 291 283 288 286 284 282 281 279 285 290 294 292 289 282 270 258 249 246 249 254 241 200 179 174 182 186 196 79 96 109 115 114 112 111 111 114 114 113 111 110 111 112 115 120 121 126 120 119 116 124 121 100 97 101 104 105 105 106 103 102 102 103 102 103 100 103 102 99 94 92 100 101 102 102 102 102 110 102 103 103 105 106 105 103 103 103 122 114 96 97 99 101 104 105
288 285 282 289 287 285 284 288 288 287 286 285 288 290 291 283 272 262 253 247 241 239 232 223 219 135 109 205 200 86 116 116 117 117 114 112 113 114 115 115 112 110 110 110 111 116 119 124 118 119 117 112 120 120 117 112 105 104 105 107 107 104 101 98 97 97 97 95 89 97 98 100 92 99 104 105 103 101 101 102 102 102 103 105 106 104 102 102 121 119 98 96 99 98 97 105
289 286 282 281 285 286 284 283 282 283 278 271 269 275 286 289 285 283 282 264 248 237 224 213 207 203 231 242 80 93 118 118 116 116 111 109 108 107 105 104 107 107 107 110 111 112 111 116 124 116 115 113 109 117 115 114 110 107 106 104 102 99 97 94 93 95 92 98 98 98 98 92 97 100 102 102 99 100 100 101 101 102 103 104 106 104 102 101 121 121 102 98 98 98 98 104
289 286 283 283 283 300 296 283 279 276 271 268 268 266 267 273 273 272 268 250 230 219 211 200 190 185 192 198 209 116 122 126 118 114 111 104 100 99 98 97 95 96 112 111 110 110 111 114 116 123 116 115 110 107 104 102 112 112 111 109 108 106 105 102 98 94 94 93 95 96 92 93 94 94 98 98 99 99 100 100 101 101 102 103 105 104 102 100 120 120 109 99 97 98 101 103
287 285 282 282 281 281 282 273 281 263 262 269 268 259 249 245 242 230 216 208 206 205 199 192 187 184 183 180 168 142 124 125 129 127 123 121 114 110 109 107 105 103 104 110 109 109 110 112 106 113 119 114 112 110 107 105 103 103 104 105 105 105 106 106 106 107 107 107 108 108 107 108 96 95 96 97 98 98 99 99 100 100 101 102 105 106 102 100 119 119 107 96 94 94 94 102
284 282 280 280 277 275 240 274 257 254 259 262 255 247 239 238 231 220 214 215 210 201 195 190 183 182 180 175 164 132 124 114 118 126 130 131 130 130 126 122 113 107 100 101 112 113 111 110 112 112 109 114 109 105 103 100 98 99 98 98 105 105 105 105 106 106 106 106 106 106 106 106 106 107 102 90 95 96 97 98 99 99 99 101 105 107 104 101 119 118 114 92 92 93 93 102
279 277 276 273 271 268 225 267 257 258 261 258 253 249 244 240 230 218 211 206 200 198 196 190 183 186 177 176 166 165 125 112 116 115 120 123 122 118 120 119 116 118 119 117 112 111 110 105 101 108 108 100 100 102 103 99 103 103 96 96 97 105 104 104 104 94 93 93 93 93 93 93 93 107 108 109 109 92 94 95 97 98 99 100 102 107 106 102 99 117 118 98 92 93 94 94
268 268 268 261 259 258 224 260 262 256 259 263 262 257 242 233 220 207 201 202 200 201 193 185 177 183 175 174 175 173 123 118 116 114 111 108 107 108 116 113 109 108 109 108 115 116 116 113 112 109 107 105 100 100 99 99 97 96 95 95 98 95 94 94 92 91 91 91 92 92 93 93 93 94 94 94 93 91 109 108 93 96 97 98 100 104 106 103 100 98 116 112 99 95 94 91
251 253 256 249 248 222 244 251 252 255 258 258 251 237 223 219 207 199 206 212 209 199 189 170 175 178 171 171 169 165 134 115 109 106 104 105 105 105 103 105 108 109 106 107 108 104 105 105 106 106 105 106 105 103 102 101 99 98 99 98 92 92 92 90 89 89 89 90 91 92 92 93 94 94 94 95 96 95 93 89 106 92 95 96 97 100 104 105 102 98 96 116 106 98 95 91
226 231 238 240 244 239 238 237 238 235 231 249 237 221 213 206 203 210 218 210 203 192 174 168 181 172 167 167 160 153 143 118 105 104 102 103 103 102 101 101 103 106 104 102 100 98 102 105 106 101 103 99 99 97 96 94 92 91 90 88 88 88 87 87 87 88 89 91 91 91 92 93 93 93 94 96 98 98 97 94 102 107 92 93 95 96 101 104 103 100 97 95 111 101 96 92
195 201 212 217 229 194 227 224 219 216 242 224 206 203 196 196 204 207 206 200 192 175 167 166 179 165 167 159 156 152 147 132 117 105 101 100 101 99 98 97 97 97 97 93 100 102 103 104 100 102 97 96 97 95 93 90 87 86 84 85 85 85 86 87 88 90 92 92 91 91 92 92 92 93 94 96 98 99 100 99 93 88 107 93 94 95 96 99 103 102 98 95 113 107 104 100
171 176 186 192 195 202 208 203 199 225 206 192 193 201 195 197 194 193 193 189 182 165 163 172 175 164 157 156 154 149 146 136 130 119 110 100 99 97 95 95 99 95 100 99 101 104 100 104 104 97 94 93 93 91 89 87 83 82 83 86 87 88 85 86 87 86 85 82 80 80 80 80 80 80 80 92 94 97 101 102 99 91 103 92 93 102 94 95 99 102 100 95 112 109 95 106
157 160 168 174 188 189 187 187 183 191 182 187 201 205 200 191 177 192 190 183 181 172 168 166 171 160 153 159 152 150 143 137 135 127 119 111 103 99 96 95 91 100 99 100 103 96 99 104 99 92 88 85 89 89 88 86 82 82 87 86 87 88 80 78 77 80 84 83 79 81 83 84 84 85 85 83 80 83 97 101 101 95 99 95 91 92 102 94 96 99 101 96 94 105 94 93
148 151 178 161 177 177 191 195 189 173 181 197 202 199 191 183 187 185 182 177 178 165 162 160 157 154 153 156 149 145 142 138 136 131 123 112 109 106 100 94 96 95 95 91 96 99 98 96 90 85 80 82 87 90 89 88 88 88 91 83 81 78 76 79 80 83 83 81 88 97 97 98 93 88 88 93 98 85 90 96 101 99 91 106 90 91 92 93 94 96 99 98 94 93 93 93
141 159 157 152 153 170 172 184 183 174 192 198 197 195 194 192 131 164 177 173 172 155 150 154 154 154 159 153 144 143 142 142 136 131 123 110 111 112 107 101 91 95 105 101 101 98 90 86 82 78 77 80 86 88 87 91 96 85 81 85 85 84 87 89 91 91 89 90 94 95 94 93 89 87 90 92 96 94 84 91 97 100 94 89 91 89 91 92 92 93 96 98 96 93 93 93
137 166 174 179 175 174 168 184 189 186 192 153 192 191 135 131 171 165 177 173 159 146 145 154 155 165 157 151 137 141 144 145 142 130 116 107 110 115 113 116 121 114 115 106 92 87 84 75 80 81 84 78 75 75 77 81 86 100 106 104 100 93 94 100 100 97 95 94 93 91 86 85 88 89 87 89 95 99 88 87 93 98 97 91 107 96 89 90 91 91 93 96 97 94 92 91
161 152 168 160 155 173 180 159 157 188 189 148 142 137 176 182 178 174 164 163 155 146 149 155 156 164 157 150 146 132 143 144 141 133 116 106 107 113 112 121 118 111 113 110 98 82 73 78 78 85 76 74 105 93 85 90 93 96 100 103 95 93 92 96 92 91 90 86 85 84 84 83 83 83 84 84 85 84 80 82 88 94 97 94 89 86 107 86 89 90 85 92 94 94 93 91
