examples/cougarCreek-fire/createInputs/WindNinja/wrfout_d3.2015081200.f21/cougarCreekFire_08-12-2015_2100_217m_non_neutral_stability_ang.asc
ncols	146
nrows	140
xllcorner	610065.000000
yllcorner	5095217.000000
cellsize	216.586807
NODATA_value	-9999.000000
[rows 0 to 41 of 140, columns 0 to 93 of 146]
282 279 276 277 277 275 274 273 273 272 274 273 274 275 275 277 278 279 280 281 283 282 291 296 299 301 302 305 307 309 311 311 312 314 318 323 329 59 22 359 53 57 41 72 77 79 75 79 82 82 82 81 82 84 86 88 90 90 91 93 95 96 97 99 101 102 101 102 104 106 106 105 102 101 101 103 103 100 98 98 99 101 103 102 100 103 107 100 101 106 110 107 105 114
282 279 276 277 277 275 274 273 273 272 274 273 274 275 275 277 278 279 280 281 283 282 291 296 299 301 302 305 307 309 311 311 312 314 318 323 329 59 22 359 53 57 41 72 77 79 75 79 82 82 82 81 82 84 86 88 90 90 91 93 95 96 97 99 101 102 101 102 104 106 106 105 102 101 101 103 103 100 98 98 99 101 103 102 100 103 107 100 101 106 110 107 105 114
281 279 276 276 276 275 274 274 273 273 273 272 273 275 276 277 279 280 282 283 286 286 291 295 299 302 304 306 309 311 313 315 316 318 323 328 335 343 353 4 17 30 42 52 60 67 72 76 79 80 80 81 81 83 85 86 87 88 90 92 93 95 96 98 99 100 101 102 103 104 104 103 102 101 102 103 103 102 100 100 101 102 103 104 105 105 106 106 107 107 108 108 110 111
281 279 277 276 276 276 275 275 274 273 273 273 274 276 278 280 281 283 285 288 290 291 293 296 300 303 306 308 311 314 317 320 321 324 329 334 341 349 358 8 19 29 39 48 56 62 67 72 74 76 78 79 80 82 83 84 85 87 89 90 92 93 95 96 97 99 100 102 103 102 101 101 102 103 103 103 104 104 103 103 103 103 104 104 105 105 106 107 107 107 107 107 107 110
278 277 276 275 275 275 275 279 277 278 273 272 274 276 279 281 283 285 287 290 293 293 297 298 301 305 308 310 313 317 321 323 326 328 333 339 346 354 2 11 21 30 39 47 54 60 65 69 72 74 76 77 79 80 81 83 84 86 88 89 91 92 94 95 96 98 100 101 101 101 101 102 103 104 103 103 104 104 104 104 104 104 104 105 105 106 106 107 107 107 108 107 84 90
276 276 274 273 273 273 273 273 273 279 277 279 273 275 278 281 283 285 292 290 294 293 295 298 301 306 309 312 315 319 323 326 328 331 336 342 349 357 6 15 24 33 41 48 55 61 65 68 71 72 74 74 78 79 80 82 84 86 87 89 90 92 93 94 95 97 91 100 100 101 102 103 103 103 103 102 103 104 104 104 104 104 104 104 105 105 106 106 106 107 107 107 106 83
273 273 273 272 271 272 272 279 279 280 278 276 281 274 277 280 283 286 290 291 295 296 298 302 308 314 311 320 323 329 326 329 331 334 339 345 352 0 9 20 26 35 43 50 57 57 63 68 75 76 78 76 75 79 80 82 83 85 87 88 90 85 87 93 95 89 98 99 100 101 102 103 102 102 101 102 103 104 104 104 104 104 104 103 123 104 105 106 106 106 107 107 106 81
270 270 271 270 270 270 270 278 275 276 276 275 279 284 287 279 282 295 293 291 295 298 300 302 308 314 319 321 325 331 328 335 338 337 342 348 355 3 12 20 27 36 43 48 54 63 68 72 74 75 73 72 77 79 80 82 83 85 86 88 82 85 92 94 95 90 97 98 100 101 101 101 100 101 101 102 103 103 104 104 104 104 104 104 104 104 105 105 106 106 106 106 106 106
268 268 269 269 268 281 268 279 278 277 277 276 277 281 286 277 292 295 294 291 294 298 298 302 307 314 319 323 326 332 336 337 342 339 345 350 359 6 12 19 29 37 43 48 56 61 65 67 67 68 69 73 75 74 74 82 84 85 80 87 81 90 92 94 86 89 90 87 100 101 100 100 100 101 101 101 101 102 103 104 104 103 104 104 104 104 104 105 105 106 106 106 106 106
266 266 267 267 266 273 275 278 277 277 277 276 285 279 284 287 291 294 294 292 295 298 299 301 310 312 319 323 328 331 337 339 343 346 347 353 2 8 14 22 32 41 45 51 58 61 62 64 66 69 72 76 77 73 80 82 84 85 79 87 88 90 92 85 87 85 86 86 99 100 100 100 100 100 101 101 101 102 103 104 103 103 103 103 103 103 103 104 104 120 105 106 106 106
283 264 264 265 265 265 270 273 274 275 275 275 276 288 282 285 288 282 294 293 295 304 300 302 304 332 346 348 328 333 340 341 344 348 349 355 3 10 17 26 36 44 50 58 63 61 63 66 69 72 77 75 70 78 80 82 83 75 85 87 89 78 85 87 83 84 88 88 99 100 100 100 100 100 100 101 101 102 103 103 103 103 103 103 103 113 120 103 104 105 105 106 106 106
260 260 279 277 275 272 263 269 272 284 285 273 276 277 280 283 277 292 292 294 298 305 306 304 307 324 350 347 344 333 340 342 346 349 352 357 4 12 21 30 39 43 49 54 62 63 64 67 68 73 72 70 76 79 70 74 74 75 75 87 89 82 86 85 86 94 96 97 98 99 99 99 100 100 100 100 101 102 102 102 102 102 102 102 102 103 103 103 104 104 105 106 106 105
257 258 258 274 274 273 262 265 266 269 282 285 289 276 279 282 284 290 289 293 301 307 312 302 308 310 350 345 346 0 341 344 347 350 354 360 7 15 24 33 30 45 51 56 62 60 64 63 68 69 69 68 77 79 72 75 75 77 77 75 83 89 88 91 93 94 95 96 98 99 99 99 100 100 100 101 101 101 101 101 102 102 102 102 102 102 103 103 103 104 105 106 106 106
255 256 257 258 259 269 261 261 261 262 265 279 284 291 276 280 283 289 290 303 303 306 315 311 303 312 346 346 353 8 9 346 353 353 351 353 4 8 3 10 36 53 57 59 58 61 64 63 65 68 67 68 69 70 74 76 78 80 80 84 90 91 89 91 92 93 94 96 98 99 99 99 99 100 100 101 101 101 101 101 101 101 101 101 101 102 102 103 103 103 104 105 107 107
253 254 256 257 258 259 259 260 261 261 260 263 266 279 289 299 307 311 310 310 313 313 320 323 313 318 342 347 356 10 13 347 348 352 350 353 5 9 360 360 58 60 56 56 53 53 59 67 70 66 67 69 70 72 74 75 74 81 82 84 88 89 90 91 85 81 82 83 98 100 84 100 99 100 100 100 100 100 100 100 101 101 101 101 101 101 102 102 103 108 117 109 106 128
251 253 255 256 257 257 269 270 267 263 261 262 276 275 277 291 307 313 310 310 316 317 322 332 323 321 338 349 359 12 7 352 352 354 351 358 2 6 9 18 56 57 56 56 54 59 68 73 71 63 68 71 67 68 74 76 77 80 75 80 82 82 80 79 79 80 84 96 98 100 100 99 99 99 99 99 99 99 100 100 100 101 101 101 101 101 101 102 102 102 106 106 105 118
251 253 254 255 256 257 257 267 269 266 263 263 285 288 276 268 276 304 303 304 315 317 324 307 331 325 338 352 9 14 359 348 355 357 356 1 1 4 15 31 46 54 59 61 62 67 71 70 65 60 69 69 75 73 70 82 83 74 79 80 81 78 79 80 80 84 95 83 98 99 99 98 98 99 99 99 99 98 99 100 100 100 100 100 100 100 101 101 102 102 102 102 104 107
252 253 254 255 257 257 261 264 268 282 264 262 278 289 273 262 265 277 286 289 300 303 321 345 338 329 342 356 7 4 354 352 354 355 3 1 358 3 16 36 47 54 57 60 64 68 69 67 63 63 70 80 80 71 73 83 81 70 81 79 78 78 80 82 85 94 95 96 99 98 97 98 98 98 99 99 99 99 99 99 100 100 100 100 100 100 101 96 95 102 102 102 103 105
253 254 255 256 256 257 257 264 283 287 266 264 269 273 280 282 280 284 289 287 296 302 304 331 335 334 346 359 1 359 355 356 356 356 5 358 354 2 19 35 45 52 58 63 64 64 67 67 63 68 76 79 73 73 72 75 75 77 75 77 78 74 85 85 93 92 97 103 96 97 97 98 98 98 98 99 99 99 99 99 99 100 100 100 100 101 101 97 94 102 102 91 96 104
254 255 255 256 256 256 264 264 283 286 265 275 270 275 288 296 297 294 297 294 299 310 301 311 327 339 352 360 359 358 359 360 12 356 5 354 353 356 18 37 46 55 62 67 67 67 69 70 75 79 77 70 62 67 73 67 66 78 71 70 78 76 83 82 87 94 95 96 96 97 97 98 98 98 98 99 99 99 99 99 99 99 100 100 100 101 101 91 89 102 102 98 99 100
254 255 256 265 265 265 265 265 266 285 265 277 290 276 277 291 300 299 303 300 303 316 299 301 309 336 356 357 357 358 1 5 350 357 5 352 360 2 16 47 56 65 68 69 71 73 75 77 75 78 74 67 64 76 65 74 79 71 73 70 71 76 83 82 93 94 95 96 97 97 97 97 98 98 98 98 98 98 99 99 100 100 100 100 100 100 101 101 102 102 87 98 98 102
254 255 256 265 266 265 265 264 265 286 278 278 295 293 270 272 276 283 295 295 297 313 305 308 315 331 348 352 356 2 3 14 350 357 5 351 6 4 24 58 71 71 75 74 72 70 73 78 77 65 68 64 69 66 75 64 69 76 76 69 72 77 75 92 88 90 90 92 96 97 97 97 98 98 97 97 98 99 99 99 100 100 100 100 100 100 101 102 103 103 89 93 92 90
255 256 256 257 263 263 262 263 264 282 279 276 291 304 282 273 268 277 280 293 297 305 305 304 310 330 347 351 1 9 7 3 350 13 4 15 358 357 30 64 72 75 74 73 72 74 76 75 66 62 63 60 63 75 78 70 70 73 73 69 77 79 85 88 89 89 88 95 96 97 97 97 98 97 97 97 98 99 99 99 99 100 100 100 100 101 101 102 103 86 99 101 103 105
256 257 257 257 258 258 262 264 277 283 283 275 281 300 295 286 285 285 289 301 308 309 309 296 294 315 351 353 3 8 2 9 350 355 3 356 358 5 29 63 74 73 72 72 73 75 74 70 63 64 59 80 61 61 64 71 70 73 75 77 83 86 84 91 83 87 87 87 96 97 97 97 97 97 97 97 98 99 98 99 99 100 101 101 101 101 102 103 87 112 115 116 112 113
256 257 258 258 259 259 262 264 264 283 289 280 280 296 298 288 286 287 288 291 301 311 316 307 298 308 345 354 355 354 356 8 3 356 2 353 360 13 39 68 71 70 74 71 76 71 70 72 69 66 57 78 63 66 70 75 79 82 82 82 83 86 72 71 86 86 86 88 97 90 97 96 97 97 97 97 98 98 99 99 99 100 101 101 101 101 101 103 104 118 117 112 109 114
257 257 258 258 259 260 264 264 264 279 288 284 277 283 298 294 288 287 288 286 291 308 315 311 306 312 340 356 344 345 3 353 5 26 7 5 7 25 58 71 70 70 72 73 74 77 81 78 71 64 82 59 68 67 73 81 85 88 83 81 82 85 72 84 89 86 87 91 93 96 96 96 96 97 97 97 97 98 99 99 99 99 100 101 101 101 101 102 106 111 120 115 110 112
258 258 259 259 263 264 264 263 268 272 283 280 278 278 289 298 291 290 292 290 293 307 311 308 306 311 337 352 339 346 7 14 25 20 7 3 18 38 60 67 64 62 65 67 69 72 72 70 66 62 81 62 67 67 70 78 83 84 80 80 80 85 85 82 84 88 93 94 95 96 96 96 96 96 97 97 97 97 98 99 99 100 100 101 101 102 102 102 93 101 115 105 114 112
259 259 260 260 262 263 264 264 262 265 276 281 285 278 276 285 286 288 294 292 296 307 310 301 299 305 330 345 341 351 5 10 15 12 10 14 33 55 63 62 61 60 63 68 71 71 70 73 72 60 82 63 68 64 70 80 83 80 80 81 83 85 90 97 101 101 98 93 91 90 90 96 96 96 96 97 97 97 98 98 99 100 101 101 102 102 102 101 91 93 96 98 99 99
259 260 261 262 262 263 265 267 267 270 276 284 290 279 272 278 283 287 293 292 295 305 309 297 289 291 308 338 343 354 4 7 11 15 25 38 59 66 61 63 65 65 70 76 79 80 81 81 67 81 85 66 68 64 77 85 84 83 87 92 94 93 95 96 98 99 100 95 93 91 91 95 95 96 96 96 97 97 98 98 99 100 101 102 102 102 102 101 86 86 104 105 89 92
260 261 262 263 263 264 264 273 280 278 279 283 291 300 284 280 285 289 292 291 294 304 307 304 292 290 296 317 344 356 360 3 14 25 32 45 62 63 61 68 71 76 79 78 80 82 82 71 81 84 86 65 69 70 87 89 88 88 88 89 89 89 91 93 93 93 93 93 93 94 93 94 95 96 96 97 97 98 98 99 100 100 101 102 102 102 102 102 102 86 89 91 96 98
261 262 263 264 264 266 265 265 271 274 274 281 285 296 295 282 288 295 298 298 301 309 308 311 304 301 303 309 338 360 2 12 25 35 45 59 64 51 68 75 76 81 78 79 81 83 73 58 84 86 87 65 73 85 89 84 80 82 85 86 88 91 93 93 92 89 88 88 88 87 86 94 95 96 96 97 97 98 98 99 100 101 101 101 102 103 103 103 103 97 99 98 97 94
262 263 264 264 265 267 267 267 269 272 269 270 275 280 293 283 284 292 297 300 306 310 311 311 307 305 306 308 332 1 10 24 37 47 58 60 52 47 69 75 80 83 79 81 83 84 85 62 86 86 87 88 76 82 76 72 77 82 84 86 90 93 94 92 90 90 91 92 92 92 92 95 98 98 95 96 97 98 98 99 100 101 101 101 102 104 104 104 104 99 97 96 95 93
262 263 265 266 266 269 270 269 270 272 273 274 281 286 291 284 278 280 285 291 302 310 311 311 312 309 305 302 321 359 12 28 40 54 58 52 46 57 68 70 79 85 81 84 85 86 87 110 88 87 87 87 69 74 72 75 84 88 89 88 88 90 92 95 97 92 101 92 104 107 92 102 100 94 95 97 97 105 111 98 99 101 102 103 103 103 104 104 127 99 95 95 97 98
261 262 271 265 273 272 272 271 274 273 278 284 290 290 290 286 279 274 270 273 281 294 305 311 315 318 314 305 309 352 25 43 44 54 63 64 67 75 81 84 86 85 83 85 99 105 105 110 92 91 89 104 106 84 81 87 91 93 94 93 94 93 95 92 92 96 92 97 98 94 89 87 94 95 96 97 97 97 108 98 99 100 102 104 104 103 103 104 128 117 97 97 100 102
262 263 263 272 272 272 272 280 281 281 280 280 284 289 292 287 280 275 271 272 275 280 285 293 308 324 326 316 316 358 64 64 56 61 68 73 78 85 93 97 95 93 95 96 97 102 105 110 94 96 95 92 108 111 108 103 96 95 97 99 100 97 92 91 91 91 91 88 83 92 93 94 87 95 101 102 100 97 98 99 99 100 102 104 105 104 103 104 128 125 99 97 100 99
264 265 265 266 271 273 272 272 276 277 273 267 267 276 288 292 292 293 296 292 286 280 276 273 264 255 289 310 323 23 77 82 65 64 67 69 73 75 75 78 84 87 90 89 90 92 98 103 113 97 98 97 96 111 108 109 104 101 99 97 95 93 90 88 87 88 85 91 91 92 93 87 93 97 99 100 96 97 98 99 100 101 102 104 106 105 104 104 130 129 105 100 100 99
265 266 267 270 271 289 287 273 273 271 268 266 268 269 273 280 284 287 287 278 267 264 263 253 242 237 248 266 291 77 89 105 86 65 62 62 60 61 63 65 67 73 92 93 92 92 94 96 104 114 103 103 98 98 96 95 109 108 107 105 103 102 100 97 93 89 88 87 90 93 88 89 91 91 94 95 96 97 98 99 100 102 103 104 107 107 106 105 131 131 113 101 100 101
267 268 269 271 271 272 274 270 275 263 263 269 271 266 260 261 263 257 248 244 247 252 250 243 239 238 246 243 215 158 107 107 119 109 99 98 88 78 77 77 77 78 81 91 93 93 94 96 94 103 112 104 104 103 101 100 99 99 100 101 101 101 102 102 102 103 103 104 105 106 105 106 94 92 93 95 96 97 98 99 101 102 102 104 108 109 107 106 132 131 112 99 97 97
269 270 271 273 272 272 250 273 261 260 264 267 263 260 256 258 256 249 248 254 254 249 248 246 238 237 249 242 213 290 118 84 97 116 124 128 124 123 115 110 98 90 79 78 92 93 94 95 98 99 101 109 102 98 97 95 94 94 94 94 103 103 103 103 104 104 104 105 105 106 106 105 106 106 101 89 95 96 98 99 101 101 102 104 108 111 109 107 133 133 121 96 95 97
271 272 273 273 273 272 243 273 265 266 269 267 267 264 263 263 258 251 248 249 244 245 255 253 238 244 254 244 225 220 127 83 81 94 112 120 120 107 110 109 104 110 113 109 100 99 99 95 92 97 100 94 95 99 101 96 103 103 95 95 95 105 105 105 104 92 92 92 92 92 92 92 92 108 110 112 112 94 96 98 100 102 103 104 107 112 112 109 108 134 134 103 97 98
273 273 274 271 271 272 247 274 276 268 270 273 274 272 265 262 254 244 242 247 248 256 261 245 234 245 251 244 241 256 126 108 103 98 98 96 95 99 111 99 96 96 97 96 112 111 111 109 107 104 103 101 97 98 97 97 96 95 95 95 98 95 94 93 92 91 91 91 92 92 93 93 94 94 94 95 95 94 117 115 98 101 103 104 106 111 113 112 110 109 136 124 105 102
274 275 275 271 271 251 272 275 277 271 273 273 271 264 256 256 246 242 249 261 266 266 255 232 234 247 251 246 242 237 164 111 97 89 81 83 91 94 92 96 101 109 104 106 107 100 101 101 103 104 104 106 105 104 102 102 101 100 102 100 94 94 93 91 90 90 90 91 91 92 93 94 95 95 96 97 99 99 97 95 120 100 103 104 105 109 113 114 113 110 108 133 115 106
