examples/cougarCreek-fire/createInputs/WindNinja/wrfout_d3.2015081200.f21/cougarCreekFire_08-12-2015_2100_217m_non_neutral_stability_vel.asc
ncols	146
nrows	140
xllcorner	610065.000000
yllcorner	5095217.000000
cellsize	216.586807
NODATA_value	-9999.000000
[rows 36 to 71 of 140, columns 0 to 81 of 146]
9.24 9.72 10.22 11.22 11.01 14.74 15.07 10.39 16.29 16.41 16.01 15.20 14.54 16.62 16.80 16.29 15.81 15.98 16.30 16.40 15.69 14.32 14.23 13.96 13.54 12.70 13.86 14.48 15.26 7.70 6.83 7.37 8.57 7.03 8.14 10.84 10.82 11.09 11.49 12.50 13.49 14.08 9.02 10.06 11.44 12.32 12.56 12.58 19.65 17.80 14.11 14.01 14.92 15.58 15.76 16.01 19.05 19.08 19.46 20.00 20.59 21.01 21.40 21.06 21.67 20.64 16.91 16.68 16.96 20.68 17.30 17.26 16.75 16.24 12.56 12.26 12.09 11.92 11.69 11.53 11.31 11.16
9.21 9.68 10.18 11.19 11.12 10.93 10.61 16.06 10.28 15.86 15.44 15.22 14.76 16.25 15.91 15.58 15.07 15.28 15.23 14.77 14.29 13.66 13.89 13.88 13.52 13.00 12.53 13.30 12.82 9.69 6.07 6.39 6.19 7.88 9.14 11.09 12.85 11.67 11.79 12.40 13.45 13.72 12.18 9.92 11.05 12.15 12.89 12.86 19.88 18.93 18.53 14.55 15.27 14.80 15.18 15.73 15.51 15.21 15.12 15.16 15.44 15.45 15.46 15.55 15.71 15.88 15.62 15.12 14.58 14.22 15.00 18.94 19.68 12.80 12.53 12.12 11.95 11.76 11.52 11.42 11.19 11.07
9.25 9.75 10.26 11.25 11.21 10.98 14.07 10.33 15.65 15.28 15.59 15.48 16.06 15.44 15.35 15.23 15.25 15.41 15.35 15.34 15.01 14.23 13.61 13.98 13.45 12.86 12.65 13.26 12.57 3.41 6.97 6.45 6.85 6.12 6.43 6.93 6.25 8.27 9.63 12.55 15.01 16.91 14.82 12.76 10.93 11.89 12.70 12.70 12.15 12.60 20.10 19.32 15.55 13.89 14.44 14.55 14.55 14.22 13.93 14.07 15.06 14.95 14.90 15.06 15.19 15.33 14.91 14.15 13.83 13.86 14.09 14.24 14.10 14.36 15.83 15.61 11.88 11.62 11.42 11.30 11.01 10.88
9.45 9.91 10.28 11.21 11.13 11.01 14.54 10.39 15.68 15.91 15.84 15.79 14.43 15.91 15.64 15.48 15.54 15.63 15.23 15.13 15.32 14.78 13.72 14.21 14.21 13.91 12.82 14.12 12.26 12.65 6.51 6.25 4.09 6.91 8.50 7.95 8.13 4.91 5.62 6.27 8.31 14.32 14.83 16.42 18.36 18.95 19.78 20.90 19.88 13.32 12.73 20.65 19.90 20.60 16.37 14.11 16.23 15.66 13.65 13.96 13.75 14.51 14.65 15.28 15.44 13.68 13.18 12.83 12.94 13.12 13.09 12.87 12.72 13.28 13.22 12.66 12.93 11.53 11.39 11.22 10.88 10.73
9.70 9.95 10.28 11.12 11.05 10.84 13.85 10.41 10.43 15.97 15.97 15.80 15.54 16.63 15.81 15.48 15.56 15.52 15.01 14.82 15.02 14.60 14.11 14.87 12.92 13.60 13.16 14.17 14.60 13.87 6.47 5.76 5.76 6.42 8.69 10.62 11.67 11.38 11.21 5.09 6.47 7.62 8.68 9.83 14.75 15.94 16.92 17.64 18.06 18.98 19.06 19.57 15.26 13.50 13.59 13.91 14.06 13.37 13.51 13.94 16.55 13.20 13.74 13.86 13.59 13.34 13.05 12.82 12.84 12.99 12.87 12.62 12.54 12.52 12.17 11.67 11.48 11.39 11.27 13.62 10.98 10.68
9.86 10.01 10.20 11.09 11.14 13.92 10.50 10.58 10.51 15.89 16.03 15.99 15.47 16.00 15.58 15.38 15.76 14.80 15.28 14.75 14.84 14.70 15.04 12.44 12.58 13.28 13.39 14.06 14.24 14.17 9.99 5.75 5.88 6.67 5.93 6.13 10.04 10.71 10.91 13.90 6.20 14.61 15.84 16.30 16.32 11.73 12.61 12.93 12.85 13.32 13.84 13.79 13.96 14.84 15.56 15.79 15.80 15.55 15.46 16.09 13.04 12.92 13.46 13.45 13.27 13.15 13.06 12.93 12.84 12.90 12.73 12.43 12.32 12.32 12.09 11.58 11.27 11.13 10.82 10.97 9.54 10.84
9.97 10.04 10.06 10.27 11.60 10.32 10.67 10.10 10.62 10.29 10.21 15.87 15.34 15.86 15.84 15.68 15.51 15.11 14.83 14.35 15.00 15.29 13.81 13.54 14.05 12.99 13.58 14.22 12.85 12.18 12.15 7.49 6.01 4.26 5.27 6.53 8.88 9.81 10.02 11.10 14.28 14.65 15.68 16.46 17.46 19.33 18.62 13.36 13.01 12.07 13.75 12.10 12.47 13.17 13.32 13.18 13.01 12.80 13.03 13.27 12.86 12.71 13.06 13.17 13.13 13.14 13.08 12.97 12.77 12.68 12.55 12.19 12.00 12.07 12.05 11.68 11.22 10.90 10.40 10.36 9.13 11.09
10.08 10.09 10.02 10.28 11.58 12.67 10.85 10.92 10.67 10.57 16.03 16.10 15.54 15.60 14.74 14.82 15.44 14.92 14.82 14.92 15.48 14.34 13.68 11.91 13.95 13.09 14.56 12.64 12.54 12.66 14.05 10.68 8.20 8.05 6.15 7.08 7.81 9.34 9.77 9.80 11.08 13.98 16.49 15.61 10.46 11.69 12.59 12.67 17.69 13.53 12.00 11.88 12.25 12.85 12.80 12.61 12.56 12.46 16.49 12.97 12.64 12.40 12.75 13.04 13.13 13.23 13.00 12.79 12.58 12.38 12.29 11.91 11.68 11.78 11.96 11.72 11.14 10.74 10.10 9.82 10.37 10.90
10.21 10.21 10.17 10.41 10.62 10.86 10.98 10.89 10.83 15.65 15.48 13.57 13.77 15.55 15.07 15.66 15.29 15.07 14.66 15.54 15.92 12.90 12.25 13.61 13.97 13.83 12.70 12.14 12.72 12.82 14.09 11.83 11.12 10.09 7.70 8.76 7.58 8.32 9.08 9.67 8.20 10.10 8.05 9.29 10.62 11.85 16.75 16.93 12.15 11.18 11.52 11.61 12.01 12.31 12.24 12.06 12.03 12.19 12.60 12.73 12.32 12.24 12.54 12.84 13.09 13.55 13.50 13.22 13.28 13.20 13.20 12.96 12.54 12.45 12.81 11.48 11.08 10.67 9.89 9.48 9.52 10.23
10.28 10.39 10.42 10.45 11.03 11.03 10.96 10.99 11.10 14.02 12.16 13.04 15.14 15.67 15.96 15.60 13.01 14.99 14.65 15.23 16.10 14.84 13.81 13.11 14.23 13.38 12.25 13.67 13.59 14.58 14.13 12.36 12.55 11.81 10.51 9.94 9.66 9.57 10.11 10.53 10.12 6.45 7.86 9.43 10.85 14.74 17.46 11.56 9.68 10.37 10.88 13.68 11.79 11.88 11.82 11.53 11.51 12.17 12.81 12.61 12.10 12.00 12.60 13.56 14.54 17.58 18.30 18.13 17.89 18.29 18.11 15.23 15.19 15.33 15.33 14.74 13.86 13.16 9.86 9.23 8.85 9.33
10.57 10.73 12.42 10.31 11.01 11.15 13.84 14.46 14.42 11.17 12.63 14.79 14.94 15.94 15.86 14.84 15.44 13.80 14.50 15.13 16.00 13.98 14.33 13.87 11.82 11.91 12.22 13.94 14.09 13.94 14.51 13.34 13.23 12.96 13.63 10.99 10.50 10.46 11.32 10.83 6.18 6.36 7.92 11.73 15.88 17.25 15.86 10.39 10.41 9.52 10.18 11.19 11.89 11.67 11.50 11.29 11.54 12.09 12.96 13.42 13.54 13.14 14.42 17.44 18.25 19.25 18.22 17.72 19.07 19.10 18.14 18.96 18.09 15.77 15.65 15.44 17.65 14.80 10.14 9.09 8.42 8.63
10.96 10.07 9.60 10.27 10.41 11.26 11.22 13.48 13.85 12.10 14.89 15.02 14.99 15.80 15.96 15.41 8.47 13.06 14.76 15.31 16.26 13.48 12.16 13.30 12.23 12.06 13.82 14.37 13.60 14.25 14.61 15.30 13.98 13.53 14.18 10.92 11.34 12.44 11.85 11.93 10.79 13.77 15.26 16.41 15.76 15.06 10.92 8.93 8.27 8.92 9.84 11.27 12.44 11.78 11.44 11.77 12.04 11.47 14.96 18.62 18.52 18.61 19.71 20.26 20.59 20.31 19.48 19.00 18.45 17.93 18.13 18.47 18.07 15.76 15.59 15.13 15.21 15.28 14.27 9.31 8.26 8.22
11.18 12.31 12.60 13.08 12.56 12.27 11.19 14.09 14.77 14.75 14.85 10.77 15.10 15.32 9.63 9.13 14.71 13.94 15.47 15.86 14.28 11.34 10.98 12.85 12.75 14.53 14.16 14.91 12.21 14.14 15.23 15.89 15.73 13.68 12.11 10.14 10.68 11.84 12.85 12.35 16.98 14.72 14.47 16.89 13.53 14.32 10.36 12.93 8.34 9.16 10.28 10.06 12.93 12.96 12.31 14.12 16.69 21.32 18.49 17.84 18.54 19.74 19.55 18.35 18.37 18.39 18.00 17.63 17.61 18.55 18.01 17.82 17.86 17.92 15.39 14.79 16.91 14.76 14.80 9.68 8.38 8.04
12.17 11.22 12.45 10.22 9.78 12.59 13.69 11.36 11.43 15.19 15.21 10.96 10.61 10.26 15.85 16.55 16.09 15.93 13.91 14.62 13.98 12.67 12.61 13.26 13.40 14.83 14.82 14.80 15.35 13.04 15.57 15.49 14.81 15.16 12.66 9.82 9.89 12.36 12.67 16.39 14.79 14.40 14.59 14.66 16.86 9.78 13.89 9.60 9.18 10.32 8.98 12.06 17.41 20.37 20.89 21.29 20.58 19.70 18.69 17.23 12.94 12.58 13.09 18.15 20.57 19.27 19.03 18.71 18.20 18.01 17.87 17.72 17.62 15.27 15.09 14.47 14.31 14.22 13.96 13.45 8.65 8.02
10.07 10.48 10.05 9.64 10.82 10.02 10.12 11.63 11.54 11.38 11.20 11.21 10.91 15.78 16.38 14.19 14.40 12.70 12.47 14.18 13.73 14.43 14.44 14.50 13.27 12.72 8.74 14.02 12.08 14.51 16.39 15.61 15.36 15.48 13.70 10.77 10.66 12.33 12.77 12.49 17.14 14.26 14.94 13.48 13.29 15.00 17.03 17.30 17.11 16.32 17.96 17.38 15.66 15.64 17.15 19.65 13.37 13.21 18.24 17.81 13.43 12.29 11.58 11.86 18.64 19.18 18.53 18.24 17.59 17.31 17.29 17.24 14.80 15.05 14.88 14.09 12.99 12.00 12.99 13.70 8.71 8.07
10.25 9.86 9.50 11.10 10.07 10.23 11.72 11.73 11.66 11.50 11.41 11.53 11.25 16.41 12.89 12.09 12.85 12.25 13.31 14.42 12.23 11.49 14.86 10.84 14.43 12.62 14.68 8.80 11.91 14.87 16.45 15.64 17.00 15.56 14.42 11.52 10.48 13.22 13.11 12.23 13.37 14.79 15.05 14.91 9.48 10.21 10.58 10.87 11.37 14.81 14.79 14.59 11.48 13.61 11.26 18.35 13.36 12.92 12.81 18.04 17.26 13.24 11.48 10.88 12.29 13.76 17.09 18.85 17.82 13.86 13.31 18.42 14.50 14.47 13.34 13.06 12.89 12.79 9.26 13.65 8.55 8.19
11.76 9.81 12.16 10.16 10.27 11.83 11.95 12.01 15.38 11.66 11.89 16.33 13.49 12.57 11.17 10.97 11.70 12.44 13.49 13.46 12.05 12.82 12.28 6.78 13.35 6.05 6.10 8.78 15.83 16.04 17.19 16.09 17.18 15.81 13.28 11.78 12.38 15.37 13.61 13.84 13.97 14.52 14.16 14.25 15.30 10.51 10.85 10.03 10.40 10.31 10.86 10.77 10.96 10.60 11.04 8.19 17.63 12.56 19.18 17.68 17.41 17.10 12.55 10.80 11.99 12.36 11.93 12.83 12.83 11.89 10.01 11.34 12.22 10.05 9.70 9.54 9.34 9.13 9.00 8.70 13.55 8.29
9.46 10.45 10.28 10.35 12.14 11.98 14.55 14.95 15.23 16.04 15.97 11.37 9.63 9.39 9.44 9.15 8.76 13.09 13.55 12.87 15.13 12.14 12.39 11.56 14.77 6.32 14.42 13.97 15.26 17.11 16.91 16.51 16.89 16.02 12.77 11.49 12.29 11.72 12.21 11.80 12.97 13.33 12.91 13.51 14.51 10.47 11.12 9.77 9.95 9.97 10.02 10.12 10.40 10.58 11.27 14.27 18.80 16.77 12.52 13.01 13.09 12.45 10.10 10.62 10.79 10.54 10.79 11.02 10.47 9.93 9.93 10.18 10.06 9.83 9.63 9.40 16.30 14.04 8.82 8.53 8.38 8.18
8.90 10.26 11.66 11.90 12.92 12.59 14.12 15.35 15.52 15.92 11.60 9.30 9.30 9.75 14.34 13.09 9.36 14.94 14.79 13.13 7.89 7.58 13.24 15.03 12.57 12.18 14.11 14.93 15.12 17.26 15.73 15.90 15.92 17.48 7.21 12.22 14.37 15.84 12.70 13.32 13.61 14.11 12.75 12.17 9.06 9.86 10.63 9.54 9.77 9.95 10.13 10.20 10.44 10.84 11.47 12.82 13.10 12.08 11.79 12.09 12.03 9.71 10.00 10.46 10.45 10.37 10.58 10.67 10.23 10.01 10.03 9.88 9.62 9.54 9.44 9.23 9.08 8.86 8.54 8.39 8.31 8.01
8.84 9.44 10.69 12.19 9.57 10.03 11.91 15.63 12.98 12.04 9.62 8.89 9.43 10.03 14.33 13.40 9.42 14.39 8.72 8.11 12.06 14.48 14.69 13.33 15.09 13.84 14.54 14.73 14.68 17.18 17.24 16.09 16.15 17.20 15.05 5.68 14.98 15.58 15.51 16.37 16.77 17.58 14.05 11.90 8.32 8.90 8.69 9.15 9.50 9.76 9.92 10.02 10.26 10.62 11.28 12.53 12.15 9.93 9.82 9.88 9.59 9.54 9.92 10.15 10.29 10.32 10.14 10.10 9.98 9.95 9.98 9.68 9.27 9.15 9.14 9.07 8.93 8.58 8.36 8.44 8.30 7.89
9.50 10.00 10.38 10.79 9.68 11.42 12.71 13.41 9.59 9.25 9.01 9.61 9.46 9.32 13.69 9.85 8.99 9.05 7.95 13.13 13.57 13.73 14.15 12.85 13.08 14.06 14.04 13.04 14.89 16.32 17.11 17.00 16.02 17.17 13.87 13.67 14.52 15.48 13.95 14.27 14.49 15.18 15.05 14.04 11.25 8.42 8.59 8.77 9.20 9.46 9.64 9.77 9.98 10.31 10.78 10.53 9.80 9.60 9.57 9.41 9.35 9.53 9.79 9.89 10.12 10.13 9.72 9.66 9.76 9.75 9.69 9.43 8.95 8.73 8.83 8.87 8.65 8.40 8.47 8.52 8.16 13.10
10.48 9.82 10.28 9.59 9.31 9.73 13.23 9.66 9.72 9.11 8.78 11.07 9.10 8.32 9.91 9.68 9.57 15.02 10.56 10.79 13.36 13.41 13.96 7.90 12.95 13.87 13.16 13.26 15.99 16.98 17.62 15.66 15.03 17.28 11.44 10.72 15.47 15.43 13.38 14.45 14.59 14.80 17.65 14.14 13.27 8.16 8.04 8.61 8.96 9.12 9.43 9.54 9.69 9.95 10.00 9.50 9.22 9.41 9.38 9.27 9.35 9.42 9.55 9.71 9.81 9.76 9.52 9.43 9.48 9.43 9.24 9.05 8.72 8.51 8.63 8.67 8.52 8.47 8.50 11.69 7.81 7.53
10.24 9.52 9.07 9.17 9.38 13.31 10.62 9.82 9.07 8.71 12.08 11.33 8.71 8.10 14.72 11.04 10.24 8.53 7.92 6.64 13.54 13.86 6.52 6.48 12.97 12.98 7.48 14.15 16.91 16.13 16.16 15.59 15.32 17.45 14.14 9.98 15.05 15.11 15.60 15.20 16.66 16.82 17.20 15.08 14.24 11.74 9.70 8.88 9.07 9.04 9.43 9.29 11.16 9.34 9.21 8.93 9.03 9.30 9.25 9.19 9.18 9.08 9.26 9.46 9.45 9.47 9.36 9.18 9.13 9.02 8.76 8.72 8.58 8.48 8.65 8.61 9.09 10.50 11.33 11.86 7.60 7.50
10.03 9.06 8.70 9.25 9.75 12.54 9.97 9.02 8.62 11.52 12.19 8.82 11.71 8.07 8.24 8.23 10.11 8.57 7.66 6.94 13.84 8.36 6.55 8.34 13.25 7.97 7.63 15.14 16.81 16.28 14.93 15.92 16.58 17.50 15.07 11.83 12.87 14.60 13.81 15.31 15.39 16.70 17.41 14.87 15.20 18.25 15.69 9.82 13.36 9.57 9.79 8.94 8.73 8.87 8.78 8.69 8.87 9.05 8.99 8.91 8.84 8.80 9.03 9.13 9.14 9.21 11.94 8.82 8.78 8.58 8.43 8.66 8.58 8.53 8.86 14.08 15.60 15.34 11.65 11.01 7.49 7.42
9.68 8.65 8.64 9.51 11.89 9.88 9.10 8.46 11.68 12.18 8.58 8.45 8.14 8.21 8.30 10.06 14.88 6.89 7.38 6.83 11.63 12.02 12.32 13.39 8.60 8.04 13.02 15.22 15.45 14.72 15.32 16.77 17.70 17.66 15.71 13.18 13.87 13.48 14.84 15.02 15.08 14.32 14.35 17.54 14.62 14.95 14.93 18.14 18.36 10.39 8.95 14.48 8.84 8.79 8.68 8.61 8.73 8.88 8.73 8.58 8.54 8.62 8.83 10.31 11.67 8.72 8.53 8.49 8.48 8.31 8.35 8.65 9.71 10.31 16.05 15.48 12.03 14.58 15.26 15.11 14.33 12.51
9.13 8.40 8.73 9.45 9.23 9.19 8.54 8.10 8.26 8.27 8.33 8.46 8.37 10.13 10.10 10.40 6.68 6.33 5.82 6.36 8.52 13.79 14.32 8.73 8.35 8.41 8.52 14.21 14.36 15.23 16.59 17.62 17.51 17.37 15.36 14.42 12.45 13.21 14.87 14.93 14.08 14.14 14.25 17.20 17.24 17.50 17.62 17.79 18.10 10.38 8.40 8.33 8.56 8.54 8.43 8.53 7.25 8.33 8.83 8.38 8.36 8.51 9.17 10.01 8.33 8.16 8.19 8.35 8.36 8.28 8.78 11.23 16.11 15.75 12.22 14.99 15.39 15.36 12.76 12.56 15.08 12.40
8.48 8.24 8.74 9.08 8.73 8.68 8.16 7.80 8.09 8.27 8.42 10.88 10.68 10.77 15.09 14.38 6.59 6.06 6.83 7.04 8.71 13.95 14.00 12.75 8.56 8.70 13.62 13.96 14.39 15.70 17.52 17.51 16.18 17.86 14.57 14.61 14.32 13.42 14.85 15.06 15.02 14.00 15.12 15.25 17.07 17.31 17.46 14.52 14.59 9.97 8.30 8.30 8.23 17.35 7.93 8.17 9.16 8.26 16.70 16.45 8.88 8.26 8.87 8.99 8.82 8.11 8.07 7.60 8.45 10.31 15.04 15.51 14.97 11.37 14.70 15.51 15.54 15.44 15.18 12.39 14.94 14.71
7.87 7.98 8.54 8.69 8.39 8.18 7.79 7.71 8.22 10.81 11.01 11.26 11.01 14.51 15.66 7.36 5.93 6.86 6.58 11.09 13.33 13.69 13.36 14.45 9.21 9.20 13.49 13.97 14.98 15.90 17.48 16.13 16.29 17.74 14.17 14.58 14.86 14.34 14.82 15.02 15.02 13.38 13.32 15.03 14.27 14.10 14.28 17.59 17.79 9.84 8.17 8.07 7.79 17.07 7.71 7.83 12.06 7.74 15.30 16.75 7.60 7.84 14.77 13.66 12.03 8.87 8.53 16.14 15.91 16.50 15.60 15.51 15.24 15.05 15.42 15.32 15.40 11.88 14.93 14.62 14.57 6.89
7.40 7.61 8.20 8.38 8.11 7.80 7.69 8.15 11.07 11.43 14.76 15.17 14.40 14.24 9.31 6.55 5.69 5.68 7.51 11.15 7.40 8.74 14.13 14.38 12.96 13.32 13.28 14.06 15.58 16.11 16.51 17.55 16.81 15.63 14.49 14.74 14.38 14.91 14.97 14.24 14.97 13.20 15.70 14.91 15.10 13.92 13.85 9.87 10.06 17.74 9.54 7.75 7.62 7.60 7.59 7.54 7.48 9.29 7.33 14.86 7.33 8.46 7.59 14.08 15.81 16.21 15.44 14.88 7.57 14.35 14.57 11.21 15.13 15.13 11.81 15.15 11.71 11.95 14.37 13.91 13.92 14.16
7.00 7.22 7.83 8.10 8.00 7.88 8.09 11.34 11.80 15.13 14.55 14.38 14.23 8.84 6.62 6.25 5.72 6.22 8.59 10.32 6.57 9.41 14.20 14.29 12.97 9.79 9.41 13.85 15.21 15.59 16.33 17.56 17.32 15.34 14.32 13.88 15.33 14.96 15.02 15.50 15.10 14.65 15.18 12.90 13.78 13.54 13.94 14.09 10.14 10.40 10.15 7.77 7.61 7.37 13.06 7.19 7.13 7.08 6.98 16.34 7.00 7.23 7.19 14.14 13.48 15.44 15.17 15.05 12.79 14.25 15.94 15.71 14.92 14.31 11.03 14.47 12.94 9.52 9.29 10.14 10.64 11.06
6.55 6.81 7.51 7.98 11.09 10.75 11.24 14.85 14.96 14.90 14.04 13.04 12.55 8.58 6.34 5.45 6.49 7.15 6.46 8.15 6.61 6.66 6.68 6.44 14.65 9.64 9.49 9.66 14.74 15.54 17.71 15.79 15.57 15.29 13.63 13.81 17.31 14.80 14.20 17.19 15.09 14.60 12.39 15.30 9.08 9.36 9.78 9.76 9.79 14.56 10.24 9.77 7.17 16.34 7.00 7.00 6.85 6.78 6.79 6.72 16.06 6.85 15.74 15.31 15.30 14.65 10.20 15.40 15.36 16.14 15.80 10.67 15.50 15.10 14.87 14.51 8.63 9.59 12.58 13.32 12.79 11.53
6.14 6.53 7.44 11.32 11.80 11.52 14.59 14.68 14.57 14.01 12.78 12.32 11.84 8.82 6.34 6.88 6.25 7.89 6.40 13.17 9.47 9.78 6.78 6.64 14.72 9.74 9.57 9.79 15.19 17.26 16.90 15.01 14.81 15.19 15.15 15.05 17.30 13.95 15.26 16.14 15.06 14.87 11.56 7.67 8.26 12.47 15.94 16.03 16.00 14.39 16.87 9.39 9.52 6.85 13.71 6.83 6.68 6.65 6.73 13.79 6.52 13.41 13.46 6.58 14.86 15.46 14.85 6.69 6.97 15.95 15.43 15.42 15.48 14.82 13.61 12.02 6.86 6.78 6.57 6.56 6.37 6.22
6.06 6.48 7.45 11.78 12.13 11.49 10.51 9.71 12.04 12.35 11.01 7.38 7.73 6.92 6.87 6.74 6.11 12.52 8.89 8.55 9.39 14.17 6.72 12.96 14.81 6.70 7.00 9.80 16.71 15.80 17.22 14.57 14.36 16.90 17.07 14.92 17.18 15.07 15.29 16.99 15.30 17.07 7.69 7.22 7.25 7.85 8.44 15.48 9.61 15.13 16.24 7.00 6.96 6.84 6.71 15.93 6.52 6.50 6.46 15.68 14.76 13.24 10.12 15.52 9.75 10.16 10.03 6.51 6.72 14.19 15.13 14.63 10.93 10.93 14.87 12.85 12.31 13.86 6.30 6.31 11.87 10.02
6.01 6.38 7.35 11.42 10.41 10.78 10.92 11.18 11.61 11.92 10.79 9.69 11.30 6.69 6.85 6.59 5.99 6.03 12.99 6.38 9.93 14.01 14.19 14.54 14.75 6.84 7.20 10.08 16.76 15.17 17.33 15.09 13.82 15.00 17.03 17.09 17.17 15.22 15.30 16.92 16.70 15.95 15.08 7.69 7.85 8.32 8.77 9.12 9.02 9.30 9.55 7.23 7.04 6.83 6.65 6.47 15.51 6.29 6.22 7.40 14.28 6.13 6.11 15.09 14.45 14.49 14.55 6.29 6.41 6.52 14.16 14.92 14.78 10.23 14.43 14.68 14.12 6.39 11.48 6.22 6.22 6.21
5.81 6.28 7.40 11.25 9.57 10.40 10.55 11.15 11.52 11.84 11.64 11.22 10.25 5.72 5.92 6.40 5.85 6.03 13.13 6.39 6.45 13.87 10.63 14.64 10.27 6.95 9.37 14.23 15.60 17.07 17.17 17.42 13.94 15.00 17.38 16.15 17.33 15.15 15.50 15.90 16.67 17.09 15.58 8.75 8.16 8.63 14.73 14.84 8.98 8.89 7.46 7.26 7.03 15.61 6.57 6.43 6.32 6.23 6.13 6.06 8.11 6.02 5.99 6.02 6.12 14.66 14.66 13.93 6.15 6.28 12.17 13.81 14.24 13.92 14.12 14.48 14.71 6.33 13.29 12.33 10.21 11.86
5.65 6.37 7.45 7.55 9.40 10.21 10.41 9.19 11.33 11.58 11.69 12.02 6.36 10.57 6.53 6.15 5.72 6.02 13.14 6.42 11.15 13.85 6.65 10.56 6.85 7.05 10.18 15.92 16.47 16.88 17.21 15.48 8.22 8.12 17.38 17.36 14.97 15.03 15.60 16.92 17.40 14.10 14.26 14.94 7.97 7.87 8.99 14.16 9.37 9.43 8.92 7.26 9.51 15.37 15.25 6.39 6.27 6.14 6.02 5.91 5.86 13.26 5.89 5.91 5.92 5.95 5.95 13.39 13.82 6.05 6.16 14.47 13.97 14.43 14.50 13.75 13.65 14.05 14.41 14.19 6.22 6.18
