examples/cougarCreek-fire/createInputs/WindNinja/wrfout_d3.2015081200.f21/cougarCreekFire_08-12-2015_2100_217m_non_neutral_stability_vel.asc
ncols	146
nrows	140
xllcorner	610065.000000
yllcorner	5095217.000000
cellsize	216.586807
NODATA_value	-9999.000000
[rows 0 to 35 of 140, columns 0 to 81 of 146]
8.20 8.46 8.93 9.08 8.99 9.10 9.24 9.39 9.57 12.61 9.72 9.84 9.70 9.42 9.25 9.15 8.90 8.66 8.50 8.33 8.24 10.14 8.43 8.40 8.20 8.05 8.01 8.00 7.98 7.86 7.61 6.98 6.32 5.74 5.17 4.60 4.06 5.95 3.47 2.90 3.82 4.57 2.95 5.75 5.96 6.71 4.77 5.37 5.95 6.53 6.92 7.14 7.37 7.53 7.71 7.87 7.89 7.99 8.33 8.54 8.59 8.79 9.04 9.24 9.42 9.48 9.65 9.99 10.26 10.38 10.15 9.87 9.76 9.72 9.80 9.80 9.32 9.07 9.20 9.12 9.11 9.14
8.20 8.46 8.93 9.08 8.99 9.10 9.24 9.39 9.57 12.61 9.72 9.84 9.70 9.42 9.25 9.15 8.90 8.66 8.50 8.33 8.24 10.14 8.43 8.40 8.20 8.05 8.01 8.00 7.98 7.86 7.61 6.98 6.32 5.74 5.17 4.60 4.06 5.95 3.47 2.90 3.82 4.57 2.95 5.75 5.96 6.71 4.77 5.37 5.95 6.53 6.92 7.14 7.37 7.53 7.71 7.87 7.89 7.99 8.33 8.54 8.59 8.79 9.04 9.24 9.42 9.48 9.65 9.99 10.26 10.38 10.15 9.87 9.76 9.72 9.80 9.80 9.32 9.07 9.20 9.12 9.11 9.14
7.90 8.26 8.92 9.09 8.94 9.06 9.21 9.37 9.57 9.67 9.69 9.82 9.64 9.34 9.20 9.08 8.79 8.57 8.44 8.31 8.25 10.23 8.45 8.30 8.03 7.92 7.92 7.92 7.88 7.71 7.48 6.95 6.39 5.85 5.29 4.75 4.25 3.81 3.44 3.22 3.15 3.22 3.44 3.78 4.25 4.75 5.24 5.83 6.36 6.84 7.20 7.45 7.70 7.88 8.07 8.20 8.14 8.26 8.62 8.82 8.83 8.99 9.26 9.44 9.53 9.53 9.80 10.18 10.39 10.37 10.01 9.77 9.77 9.84 9.99 9.90 9.29 9.05 9.27 9.28 9.32 9.33
7.53 7.97 8.81 9.08 8.92 9.04 9.19 9.32 9.52 9.64 9.67 9.80 9.61 9.31 9.16 8.98 8.69 8.52 8.49 8.42 8.37 10.33 8.55 8.33 8.04 7.94 7.92 7.89 7.81 7.59 7.49 7.15 6.72 6.24 5.70 5.20 4.76 4.37 4.07 3.89 3.86 3.96 4.17 4.48 4.94 5.43 5.88 6.40 6.84 7.17 7.44 7.70 8.01 8.21 8.40 8.47 8.40 8.60 8.90 9.08 9.14 9.20 9.46 9.63 9.58 9.65 10.02 10.34 10.39 10.17 9.81 9.76 9.88 10.04 10.17 9.93 9.24 9.01 9.35 9.49 9.58 9.54
7.39 7.82 8.64 9.01 8.97 9.06 9.17 12.03 12.21 11.95 9.62 9.77 9.66 9.36 9.09 8.88 8.60 8.51 8.56 8.45 10.27 10.25 10.12 8.33 8.13 7.99 7.85 7.79 7.76 7.67 7.72 7.40 6.95 6.51 6.00 5.52 5.12 4.80 4.58 4.44 4.41 4.51 4.73 5.04 5.49 5.99 6.46 6.93 7.32 7.60 7.78 8.02 8.34 11.53 8.70 8.72 8.71 8.98 9.15 9.31 9.46 9.45 9.66 9.71 9.71 9.98 10.27 10.37 10.21 9.99 9.91 10.01 10.13 10.24 10.20 9.88 9.26 9.09 9.46 9.64 9.72 9.63
7.34 7.75 8.50 8.91 9.02 9.10 9.13 9.24 9.40 11.75 11.85 11.44 9.68 9.42 9.04 8.80 8.52 8.50 10.32 8.35 10.14 10.15 9.97 8.19 8.12 7.93 7.73 7.76 7.86 7.87 7.88 7.44 7.01 6.63 6.13 5.68 5.30 5.01 4.81 4.72 4.73 4.87 5.11 5.44 5.90 6.42 6.90 7.36 7.73 10.50 10.94 11.05 8.68 8.86 9.00 9.04 9.06 9.29 9.43 9.56 9.70 9.73 9.81 9.77 10.00 10.31 13.63 10.31 10.04 10.07 10.24 10.26 10.28 10.28 10.11 9.78 9.31 9.30 9.64 9.70 9.81 9.68
7.36 7.74 8.37 8.81 9.07 9.16 9.11 11.69 11.79 11.45 11.85 11.80 10.83 9.45 9.10 8.75 8.49 8.46 10.29 10.18 9.98 9.87 9.67 9.36 8.72 8.20 7.81 8.79 8.82 8.58 7.86 7.47 7.16 6.79 6.26 5.82 5.47 5.22 5.06 6.44 6.53 5.20 7.17 5.81 6.28 8.64 9.38 10.20 10.56 10.76 14.98 8.78 11.99 9.14 9.30 9.39 9.43 9.59 9.73 9.81 9.92 13.30 13.47 10.01 10.34 13.52 10.42 10.25 10.07 10.37 10.52 10.36 10.28 10.21 10.06 9.81 9.52 9.59 9.78 9.73 9.87 9.71
7.37 7.76 8.31 8.74 9.08 9.19 9.14 11.63 11.89 11.97 11.83 11.91 11.18 9.82 8.96 8.74 8.48 9.37 9.81 10.05 9.79 9.58 9.39 9.30 8.69 8.19 8.33 8.65 8.74 8.19 7.83 8.80 8.36 6.83 6.28 5.87 5.56 5.33 6.53 6.57 6.73 7.03 7.44 7.82 8.40 9.48 10.24 10.53 10.92 15.39 11.79 11.59 9.32 9.46 9.63 9.70 9.79 9.91 10.00 10.06 13.38 13.45 10.12 10.36 10.55 13.80 10.46 10.29 10.34 10.64 10.54 10.30 10.24 10.23 10.17 9.95 9.69 9.79 9.90 9.81 9.90 9.72
7.39 7.81 8.33 8.68 9.02 10.94 9.19 10.78 11.50 11.71 11.56 11.64 11.31 10.24 9.15 8.76 8.89 9.10 9.53 9.97 9.62 9.46 14.23 14.18 8.63 8.18 8.19 8.41 8.48 8.18 8.46 8.72 7.93 6.74 6.28 7.13 6.80 6.66 6.54 6.58 6.87 7.27 7.66 8.13 8.83 9.50 10.26 10.84 11.15 11.39 11.50 12.00 12.69 12.51 12.58 10.02 10.11 10.20 13.45 10.27 13.11 10.41 10.48 10.61 13.88 13.86 13.74 13.28 10.61 10.71 10.45 10.26 10.37 10.43 10.28 9.98 9.80 10.02 10.09 9.93 9.87 9.68
7.54 7.90 8.34 8.65 8.93 11.35 11.25 11.05 10.90 10.96 10.99 11.11 14.83 10.53 9.25 8.67 8.63 8.45 9.25 14.14 14.54 9.31 8.79 8.62 14.20 8.13 8.13 8.16 8.41 8.33 8.44 8.53 8.01 7.72 7.58 7.17 6.88 6.71 6.61 6.69 7.11 7.56 8.01 8.62 9.42 9.97 10.24 10.67 11.35 11.73 12.31 12.14 13.25 12.77 10.34 10.41 10.42 10.44 13.13 10.48 10.58 10.75 10.80 13.98 13.87 13.78 13.52 13.23 10.75 10.68 10.43 10.39 10.56 10.58 10.27 9.95 10.04 10.35 10.23 9.95 9.81 9.68
8.01 8.03 8.37 8.64 8.88 9.00 11.37 11.41 11.31 11.21 10.91 10.81 10.72 14.31 9.42 9.05 8.44 7.97 8.88 9.27 14.38 13.66 8.68 8.33 14.39 12.28 10.85 11.21 8.29 8.24 8.33 8.51 8.03 7.74 7.58 7.20 6.95 6.78 6.72 6.88 7.22 7.73 8.28 13.99 14.75 14.58 10.88 11.41 11.79 16.54 16.50 16.49 12.47 10.46 10.72 10.78 10.70 12.79 10.62 10.72 10.94 12.70 14.22 14.12 13.84 13.63 13.86 13.68 10.82 10.66 10.52 10.58 10.65 10.61 10.28 10.07 10.39 10.61 10.24 9.92 9.82 9.70
7.83 8.15 9.19 9.81 10.41 10.89 9.12 11.42 11.37 14.21 14.04 10.65 10.23 10.36 9.73 9.49 8.45 8.14 8.80 8.99 14.13 13.52 13.59 8.15 7.97 13.29 10.27 11.73 12.57 8.08 8.29 8.40 7.96 7.71 7.48 7.16 6.96 6.80 6.87 6.99 7.26 12.32 12.92 13.96 14.96 15.48 11.34 11.85 16.22 16.91 16.71 12.73 10.54 10.89 12.23 13.08 13.06 13.03 12.64 11.01 11.28 14.39 14.27 14.23 14.20 11.11 10.98 10.90 10.89 10.68 10.63 10.73 10.72 10.63 10.36 10.33 10.71 10.70 10.19 9.93 9.85 9.72
7.87 8.20 8.61 9.72 10.17 10.63 9.09 11.24 11.34 11.26 14.50 14.26 13.14 9.75 9.53 9.27 8.03 8.43 8.91 8.79 13.51 13.45 13.57 14.52 7.74 14.65 11.01 12.29 12.88 11.47 8.37 8.31 7.99 7.71 7.41 7.13 6.92 6.85 6.93 7.10 12.09 13.00 13.46 14.48 15.39 15.46 11.45 16.03 16.46 12.80 12.72 12.49 10.87 11.34 13.32 13.78 13.61 13.57 13.33 12.52 14.73 14.24 14.20 11.21 11.20 11.21 11.09 11.03 10.97 10.77 10.73 10.92 10.86 10.63 10.50 10.66 10.90 10.66 10.19 10.00 9.89 9.76
7.94 8.24 8.69 8.95 9.06 10.67 9.17 9.21 11.21 11.24 11.20 14.91 14.75 13.11 9.42 8.94 8.21 8.09 8.43 12.83 13.40 13.61 13.38 13.75 14.80 14.50 11.75 12.52 12.27 11.11 11.91 8.24 13.21 12.86 12.65 12.42 12.23 12.07 11.44 11.28 13.63 14.28 14.70 15.29 15.43 10.95 11.65 16.63 16.61 12.70 12.75 12.61 12.28 12.62 14.10 14.33 14.52 14.61 14.59 14.72 14.76 14.60 11.39 11.45 11.37 11.31 11.25 11.18 11.08 10.92 10.90 11.10 10.97 10.68 10.72 10.93 10.94 10.58 10.23 10.09 9.93 9.81
8.07 8.39 8.79 8.99 9.14 9.26 9.30 9.22 9.20 11.23 11.26 10.99 10.60 15.20 14.06 11.46 9.95 9.81 10.88 11.63 11.85 12.55 12.06 12.49 13.95 14.39 12.14 12.30 11.63 11.26 11.88 8.00 13.34 13.28 12.83 12.72 12.63 12.34 10.96 9.72 15.85 15.38 15.20 15.29 14.95 15.20 16.55 17.79 17.99 17.23 12.95 12.95 13.09 13.40 14.32 14.31 17.76 14.70 14.77 14.86 11.76 11.62 11.55 11.62 14.52 13.89 13.46 13.34 11.28 11.18 12.54 11.13 11.00 10.85 10.88 11.02 10.95 10.59 10.29 10.19 10.01 9.85
8.28 8.62 8.97 9.02 9.17 9.35 10.80 10.69 10.76 11.02 11.09 10.96 14.96 14.60 14.93 14.47 11.04 10.13 11.27 11.89 11.46 11.95 11.26 11.06 13.63 14.20 12.42 12.01 11.35 11.41 12.51 13.72 13.55 13.46 13.08 12.86 12.56 12.12 11.64 12.15 15.85 16.04 15.95 15.88 15.99 17.04 18.47 18.42 18.31 16.88 12.74 13.55 17.66 17.69 14.47 14.72 18.52 14.84 17.74 14.97 14.97 14.79 14.31 14.05 13.48 13.43 14.03 11.39 11.56 11.43 11.13 11.04 11.04 11.06 11.00 11.00 10.96 10.72 10.42 10.25 10.10 9.93
8.54 8.86 9.16 9.14 9.19 9.38 9.47 10.73 10.72 10.62 10.61 10.77 14.35 14.34 14.80 15.46 15.35 12.95 13.38 13.52 12.93 13.03 10.97 7.01 11.57 13.92 12.23 11.57 11.34 11.43 13.02 13.71 13.46 13.29 13.07 12.78 12.31 11.78 11.93 14.01 15.19 15.90 16.42 16.91 17.33 18.69 18.74 18.71 17.84 16.62 13.16 18.89 19.09 19.21 18.55 15.23 14.92 18.33 14.97 14.99 15.00 14.34 13.69 13.97 13.55 14.50 11.64 13.59 11.82 11.54 11.08 11.05 11.14 11.22 11.16 11.01 10.93 10.85 10.61 10.32 10.15 10.02
8.79 9.03 9.27 9.32 9.30 9.33 11.27 10.94 10.76 13.56 10.40 10.61 15.02 14.69 15.18 14.30 14.38 14.96 14.77 14.94 15.44 15.19 13.73 10.18 11.59 13.22 12.67 11.84 11.49 11.52 13.18 13.64 13.44 13.12 12.66 12.60 11.66 12.20 13.01 14.72 15.43 15.96 16.40 16.67 17.79 18.67 18.97 18.70 17.80 17.52 19.24 18.61 18.99 19.34 19.72 15.22 15.02 17.72 15.14 14.84 14.49 14.28 14.45 14.72 14.73 12.01 11.71 15.04 15.12 11.49 11.14 11.22 11.32 11.36 11.35 11.12 10.91 10.90 10.76 10.43 10.19 10.07
9.02 9.15 9.31 9.46 9.45 9.31 9.45 10.89 13.34 13.17 10.29 10.56 15.77 15.52 14.68 14.68 14.52 14.68 14.91 14.63 15.26 15.22 15.13 11.85 11.53 12.14 12.33 11.49 11.90 12.56 13.62 13.83 13.10 14.05 12.57 12.94 11.94 12.19 13.33 14.59 15.19 15.83 16.53 17.48 17.91 18.49 19.05 18.87 17.95 19.18 18.52 18.89 19.26 14.30 19.67 19.03 14.41 14.58 18.31 14.37 13.80 17.32 14.61 14.90 12.30 15.22 15.06 14.98 11.93 11.51 11.35 11.46 11.45 11.47 11.53 11.26 10.93 10.89 10.81 10.54 10.29 10.11
9.21 9.23 9.34 9.51 9.52 9.37 10.80 10.98 13.76 13.41 10.33 14.83 15.52 15.13 14.33 13.26 13.70 14.74 14.93 14.91 15.31 14.35 14.91 13.10 13.40 12.52 11.62 11.40 12.06 12.90 13.33 13.48 13.15 6.74 6.45 12.52 11.93 11.67 13.36 14.96 15.61 16.15 16.83 17.33 18.28 19.07 19.20 19.22 18.84 19.21 18.71 19.06 16.95 18.29 19.70 17.78 16.89 14.60 17.68 17.17 14.35 17.85 14.90 14.87 15.15 12.24 11.93 11.95 11.93 11.66 11.59 11.65 11.55 11.60 11.72 11.34 10.95 10.93 10.83 10.60 10.38 10.15
9.33 9.32 9.39 10.75 10.55 10.53 10.78 11.01 10.73 13.66 10.47 14.84 14.18 14.75 15.20 14.79 13.48 13.98 13.83 14.76 15.05 13.73 14.63 14.70 15.13 12.98 11.10 11.38 11.94 12.66 13.20 13.09 6.76 6.41 6.19 12.38 12.57 8.30 13.11 15.83 16.76 16.48 16.35 17.07 17.89 18.73 18.85 18.97 11.77 19.18 19.02 18.66 17.93 19.62 17.78 13.93 14.37 18.42 18.33 17.44 17.38 17.84 14.32 14.41 12.68 12.37 12.08 11.98 11.95 11.80 11.76 11.81 11.67 11.76 11.83 11.36 11.02 11.04 10.92 10.64 10.39 10.18
9.30 9.40 9.47 10.68 10.49 10.62 10.85 10.93 10.80 13.87 14.18 14.58 12.93 14.09 14.62 8.71 15.64 15.32 15.34 15.30 15.49 13.80 14.61 14.64 13.95 12.83 11.76 11.72 11.67 12.14 12.90 12.46 6.24 5.96 5.84 8.15 12.75 8.19 13.78 16.05 16.01 13.22 16.62 17.37 18.10 19.17 19.10 19.02 18.61 18.64 19.29 17.95 19.46 18.05 13.44 16.61 18.93 19.47 18.67 16.91 17.87 17.98 17.57 12.87 15.35 15.25 15.15 15.12 11.99 11.87 11.96 12.02 11.79 11.84 11.84 11.41 11.20 11.18 11.01 10.68 10.39 10.20
9.20 9.40 9.49 9.57 10.82 10.95 10.95 11.07 10.95 14.05 14.44 15.24 14.87 11.11 14.82 8.61 14.61 7.87 15.50 15.21 15.11 15.02 14.81 14.58 14.47 13.11 11.90 12.18 11.66 11.53 12.35 7.82 5.64 11.95 5.34 5.45 11.95 11.08 13.96 15.10 11.51 12.49 14.02 17.41 18.27 19.07 19.33 18.90 18.63 17.74 17.91 16.79 17.24 13.43 13.98 18.69 18.92 19.36 18.54 17.28 18.68 18.38 15.19 15.84 15.94 15.51 14.91 12.25 12.04 12.02 12.21 12.17 11.85 11.87 11.84 11.54 11.42 11.27 11.04 10.73 10.44 10.25
9.19 9.38 9.48 9.54 9.64 9.60 10.92 10.94 14.86 14.03 14.26 15.65 15.80 12.56 14.62 14.62 15.05 14.97 14.97 14.99 13.99 14.32 14.74 14.25 13.76 14.80 11.59 12.00 11.49 11.18 11.75 11.38 5.42 5.25 5.10 8.14 11.59 11.73 13.58 14.99 15.16 12.95 14.40 17.88 18.67 19.05 19.13 19.06 17.93 18.13 16.61 13.20 16.86 15.80 17.61 19.49 18.71 19.30 18.97 19.08 19.52 15.45 15.21 13.19 15.19 14.88 14.64 14.56 12.20 12.25 12.35 12.18 11.89 11.92 11.88 11.71 11.63 11.31 11.00 10.79 10.55 10.32
9.19 9.38 9.50 9.55 9.60 9.56 10.97 10.89 10.84 14.87 14.30 15.40 15.78 14.69 14.06 14.71 14.95 15.17 15.16 15.14 15.15 14.29 13.80 14.41 13.27 14.32 11.65 11.21 11.66 11.27 11.06 11.01 6.87 5.23 12.02 11.54 11.49 12.08 14.39 14.80 15.18 16.29 17.20 10.04 19.02 19.42 19.66 19.32 19.41 19.12 15.16 13.36 18.08 18.81 20.27 20.67 20.19 20.27 19.84 19.52 19.61 15.45 17.46 17.56 15.48 15.15 14.74 14.86 12.43 15.06 12.32 12.16 12.03 12.02 11.93 11.84 11.79 11.35 10.96 10.83 10.67 10.38
9.15 9.35 9.53 9.58 9.65 9.55 10.89 10.91 10.77 15.75 14.62 15.35 15.65 15.92 14.49 14.63 14.97 15.32 15.38 15.20 15.33 15.08 13.73 13.53 12.79 13.01 11.39 10.35 11.95 11.96 11.48 6.25 6.19 11.53 4.58 7.04 11.68 12.88 14.98 12.54 11.76 16.56 16.98 17.64 18.74 11.78 20.02 12.07 19.56 18.31 12.90 15.63 19.82 19.29 21.03 21.29 21.22 13.67 20.34 19.76 19.48 15.30 18.16 19.84 16.32 15.57 15.58 15.69 15.73 15.77 15.66 12.24 12.18 12.13 12.01 11.94 11.86 11.40 10.98 10.84 10.74 10.46
9.12 9.30 9.49 9.57 11.11 10.87 11.00 10.89 15.97 16.36 15.84 15.75 15.58 15.17 15.19 14.67 14.88 15.22 15.17 15.06 15.08 14.99 14.11 13.58 12.58 12.98 11.24 9.26 11.32 12.03 9.06 8.04 10.05 10.77 10.77 10.93 11.72 13.27 14.46 14.70 15.45 16.61 17.19 17.79 18.66 19.26 19.49 19.49 19.03 17.58 13.24 17.14 19.29 19.05 20.33 20.94 20.95 20.63 20.21 19.72 19.30 15.38 15.50 19.51 19.66 19.78 16.54 16.25 15.93 15.85 15.77 12.38 12.32 12.25 12.15 11.99 11.82 11.48 11.10 10.87 10.76 10.55
9.16 9.29 9.41 9.54 11.37 11.28 11.15 11.12 16.15 16.97 16.22 15.91 15.74 15.12 16.05 15.81 15.48 15.41 14.93 14.87 14.76 14.78 14.52 13.75 12.98 13.03 12.22 8.78 9.78 10.46 8.27 8.32 9.06 9.42 10.41 11.41 12.78 13.77 14.08 15.03 15.75 16.11 16.99 17.74 18.39 19.22 19.67 19.23 19.51 16.96 13.52 17.69 19.34 17.12 19.67 21.12 20.83 20.11 19.95 20.32 20.28 20.20 20.71 20.72 20.65 20.42 19.85 16.45 15.98 15.69 15.59 12.53 12.43 12.39 12.28 12.00 11.79 11.58 11.24 10.96 10.82 10.62
9.26 9.34 9.43 9.55 9.69 11.23 11.16 11.02 10.76 16.46 16.24 15.53 15.58 15.29 16.13 15.93 15.29 15.45 15.15 14.94 15.02 15.03 14.91 14.39 12.93 12.99 14.05 10.95 9.52 9.25 7.73 8.49 9.24 9.47 10.66 12.16 12.60 13.39 14.28 15.24 15.70 16.70 17.21 18.12 18.95 11.65 12.16 12.21 19.53 12.79 14.05 18.73 19.03 16.26 21.90 21.80 21.19 20.99 21.23 21.23 21.14 20.87 20.72 20.74 20.53 20.32 19.91 16.67 16.45 16.17 16.02 12.65 12.53 12.50 12.34 12.04 11.88 11.65 11.32 11.08 10.92 10.70
9.36 9.44 9.52 9.55 9.60 11.08 11.22 16.13 15.00 15.70 15.91 15.36 15.21 14.63 15.28 15.58 15.17 15.25 15.14 14.98 15.24 15.15 14.75 14.26 12.89 12.47 12.98 13.65 11.21 8.44 7.72 8.18 9.70 9.98 10.34 11.03 11.73 13.51 14.43 15.17 16.05 16.94 13.19 10.19 11.02 11.72 11.99 19.52 12.59 13.18 14.39 18.54 18.90 19.95 23.12 22.02 21.83 21.72 21.42 21.14 21.08 21.05 20.97 20.73 20.41 16.89 16.88 16.82 16.68 16.51 16.33 12.83 12.72 12.64 12.42 12.13 11.99 11.72 11.38 11.19 11.02 10.80
9.53 9.55 9.58 9.60 9.60 10.98 10.94 11.05 16.68 16.68 17.05 16.51 15.75 15.13 14.83 15.01 14.88 14.15 14.05 14.03 14.58 14.17 13.91 12.94 11.98 11.83 12.47 13.21 12.94 9.27 8.51 8.98 9.58 10.27 10.71 10.26 11.32 13.68 14.16 12.55 10.90 11.88 9.20 10.15 11.17 11.88 18.90 15.46 12.84 13.54 14.38 16.58 21.68 23.19 22.83 21.89 21.04 21.10 21.11 21.04 21.15 21.21 20.98 20.73 20.45 16.93 16.67 16.55 16.33 16.07 15.67 13.07 12.94 12.77 12.51 12.19 12.03 11.78 11.49 11.28 11.10 10.87
9.78 9.70 9.59 9.63 9.68 10.90 10.90 11.00 16.58 16.95 16.52 17.24 17.03 16.68 15.29 14.95 15.25 14.78 14.03 13.86 13.36 11.05 11.95 11.85 11.71 12.23 12.85 13.47 14.05 10.35 10.23 8.50 8.49 9.98 9.98 8.80 11.80 12.43 11.59 9.18 10.69 11.83 9.13 10.12 11.22 12.01 11.93 16.95 12.71 13.70 14.43 15.58 23.10 22.48 20.80 19.93 20.33 20.58 20.98 21.09 21.37 21.30 21.32 20.75 20.54 20.53 17.13 17.06 16.81 16.63 16.68 16.81 16.63 16.46 12.65 12.31 12.11 11.84 11.60 11.34 11.20 10.92
9.87 9.91 9.74 9.58 9.68 10.87 10.89 10.80 16.23 16.75 16.56 16.26 16.73 15.85 15.37 15.47 15.45 15.73 15.53 14.95 14.00 11.70 10.37 9.81 11.59 13.07 13.95 14.36 15.27 12.48 10.91 8.06 7.09 8.21 10.03 10.43 11.54 12.81 11.22 14.24 10.58 11.89 9.17 10.19 11.20 12.07 12.22 17.16 12.44 13.56 14.57 15.79 20.89 21.19 19.28 20.67 21.95 21.71 21.56 21.47 21.37 21.05 21.06 21.24 21.43 14.21 21.20 13.88 20.81 20.78 13.60 19.74 17.14 13.09 12.89 12.53 12.19 15.60 15.88 11.43 11.33 10.98
9.69 10.03 10.25 9.70 10.59 10.75 10.85 10.88 16.10 16.55 16.11 16.18 15.71 15.64 15.88 15.82 15.75 15.38 15.53 15.30 15.28 14.34 13.08 11.75 11.30 12.21 13.94 14.63 15.16 13.81 11.76 8.28 6.08 7.36 9.15 10.01 10.61 10.93 11.50 12.70 13.41 12.13 9.30 10.34 19.05 18.69 18.71 17.55 12.30 13.24 14.41 12.70 16.68 24.77 23.53 24.04 22.88 22.06 22.04 16.20 22.09 21.62 21.60 14.28 14.35 21.40 14.16 20.64 20.12 17.40 17.17 16.52 13.34 13.32 13.10 12.65 12.17 11.81 15.81 11.58 11.43 11.08
9.42 9.90 10.41 10.44 10.59 10.76 10.75 15.55 16.19 16.17 16.54 17.19 16.84 16.10 15.73 15.98 16.07 15.65 15.52 14.82 14.48 14.72 14.49 14.24 13.82 12.73 13.51 14.94 15.20 12.46 8.23 7.30 6.12 6.94 8.81 9.91 10.56 11.08 13.33 14.41 15.67 17.09 17.67 18.65 19.46 19.38 18.91 17.72 12.59 13.08 14.02 15.28 15.91 18.86 21.13 22.94 23.37 22.69 22.73 22.12 22.07 21.04 16.59 21.10 21.08 20.87 17.61 17.17 16.14 13.92 14.11 13.93 16.21 16.97 17.11 16.64 16.09 11.93 11.81 11.69 11.46 11.15
9.28 9.74 10.32 10.27 10.92 10.82 10.64 10.53 16.01 16.02 16.18 15.35 16.74 16.99 16.34 15.39 14.79 14.16 13.82 13.73 14.75 14.87 14.43 14.36 14.75 15.02 15.92 15.16 14.51 11.66 8.51 8.71 6.50 6.62 8.68 9.59 10.11 10.29 10.73 11.87 10.94 12.46 13.87 10.47 11.77 12.48 20.57 19.67 17.66 13.27 13.77 14.30 15.64 17.61 18.55 19.65 21.25 21.48 21.87 22.07 20.88 22.25 21.61 21.08 20.74 17.35 16.91 13.91 13.81 14.06 14.29 16.78 17.07 17.17 16.92 16.57 12.23 12.04 11.86 11.67 11.43 11.20
