examples/cougarCreek-fire/createInputs/WindNinja/wrfout_d3.2015081200.f21/cougarCreekFire_08-12-2015_2100_217m_non_neutral_stability_ang.asc
ncols	146
nrows	140
xllcorner	610065.000000
yllcorner	5095217.000000
cellsize	216.586807
NODATA_value	-9999.000000
[rows 42 to 83 of 140, columns 0 to 93 of 146]
275 276 276 276 274 277 275 278 278 279 281 272 267 257 251 247 245 255 267 271 270 260 237 220 241 255 252 241 233 225 189 130 90 77 72 82 89 89 89 90 97 106 104 101 99 96 101 103 105 102 106 101 100 99 99 97 96 95 94 92 91 91 90 89 89 89 90 91 92 92 93 94 95 95 96 99 101 102 102 100 118 122 98 99 106 108 112 115 115 112 110 109 125 111
277 277 278 278 277 242 278 278 279 281 273 262 248 246 243 244 252 259 264 267 261 239 222 230 248 255 244 232 232 226 197 165 128 93 80 82 87 86 87 86 86 92 94 92 103 103 103 104 100 105 103 102 101 100 98 96 94 92 89 91 90 89 88 89 90 91 92 92 92 92 93 94 95 96 97 99 102 104 106 105 101 98 117 101 106 108 110 113 116 115 112 110 128 121
278 279 280 281 280 274 279 279 280 268 254 246 245 249 245 247 246 247 257 256 246 233 230 235 247 248 233 228 233 226 198 178 163 137 114 92 88 84 83 85 93 88 105 104 105 107 99 105 109 106 103 102 100 99 97 95 93 91 91 92 91 91 84 85 85 85 83 80 79 79 80 81 81 82 83 98 100 103 107 108 106 101 126 101 107 113 110 112 116 117 115 111 128 124
280 280 282 282 276 276 277 279 281 248 246 245 253 259 254 247 241 252 263 260 251 239 235 233 242 239 229 231 237 224 196 184 176 159 142 122 104 94 88 89 81 109 106 106 107 94 99 110 109 105 102 94 99 98 97 95 93 93 94 89 88 88 75 73 72 78 84 83 79 81 84 87 87 89 89 87 85 89 105 109 110 106 124 106 106 109 114 112 114 117 118 114 112 119
281 282 243 283 276 277 252 255 248 245 245 253 263 258 250 246 247 267 268 266 258 238 222 217 231 232 231 238 238 220 196 188 182 171 151 130 122 114 101 90 93 94 94 84 93 101 103 107 104 104 100 98 99 100 99 98 99 94 95 81 78 74 72 78 79 84 84 81 90 100 101 103 98 93 93 99 105 91 100 107 111 110 103 125 102 109 111 112 114 116 118 117 114 114
283 244 271 284 285 276 251 249 249 245 253 263 267 262 260 269 278 277 269 262 247 220 212 212 226 232 238 242 235 218 203 195 186 175 155 129 128 130 120 108 83 93 113 108 108 107 104 106 107 105 102 97 99 100 98 100 102 81 78 86 87 86 89 92 95 95 93 94 99 100 99 98 93 93 96 99 104 103 92 103 110 112 108 104 103 109 111 113 114 115 117 118 116 115
283 244 252 256 248 250 245 251 259 253 263 281 270 272 281 280 279 275 266 255 241 216 212 223 235 240 248 243 234 229 215 206 202 179 148 127 128 139 133 142 145 133 138 124 107 101 104 89 108 110 108 90 84 85 85 86 88 106 116 116 110 102 102 109 108 105 102 100 98 96 91 90 94 95 94 96 103 111 97 100 107 112 111 107 133 110 112 114 115 116 117 119 119 117
246 272 248 249 272 248 256 277 278 263 266 282 283 283 277 266 258 251 245 246 241 214 217 236 236 241 244 239 240 239 218 213 215 186 151 127 126 135 133 145 147 134 136 136 121 111 89 108 111 116 94 85 131 111 96 101 102 106 111 117 110 109 106 107 100 98 96 92 90 90 89 89 89 90 92 93 94 93 88 92 104 110 112 111 109 110 134 101 116 117 99 118 118 118
274 250 250 269 269 285 286 280 280 280 283 286 285 275 259 250 249 244 242 245 242 221 220 219 223 230 238 237 240 233 212 216 214 186 164 136 130 136 135 140 143 133 130 135 138 132 126 128 134 143 135 132 136 133 127 111 105 106 109 110 109 111 110 107 103 92 89 84 83 81 82 84 85 89 92 89 83 81 86 94 102 106 110 112 112 112 113 114 117 111 102 99 119 120
273 272 269 272 287 287 280 280 281 283 286 288 287 267 251 248 247 244 245 246 242 238 222 210 217 231 241 245 244 227 212 218 208 186 166 147 143 145 141 141 135 127 124 128 126 123 123 124 124 138 138 138 119 137 110 85 105 106 105 106 107 109 113 110 106 100 102 94 93 96 100 101 97 102 103 106 108 111 99 105 101 104 108 112 113 114 114 115 117 117 121 106 97 122
250 271 251 288 288 280 280 281 270 284 286 268 256 253 248 247 246 246 247 246 242 242 239 254 224 245 241 247 243 217 209 213 204 186 163 151 149 149 145 140 130 123 120 120 127 125 124 120 119 118 126 125 122 120 113 129 99 106 102 103 102 104 110 99 110 106 106 103 100 102 89 107 107 92 93 95 96 97 98 100 100 105 108 111 113 115 115 116 118 118 119 121 122 122
275 251 289 289 278 276 265 264 268 274 263 257 279 275 272 271 270 250 249 246 235 241 236 209 241 243 252 237 223 208 198 208 207 188 160 150 146 139 127 118 120 118 117 118 122 124 122 120 119 119 119 118 116 124 120 134 116 111 110 110 108 109 101 99 97 94 92 90 88 87 90 91 91 91 93 94 103 94 100 102 104 105 119 110 113 116 117 119 120 118 119 120 122 123
280 253 278 276 257 255 263 268 269 270 257 280 275 273 255 253 268 255 253 249 263 260 230 218 237 241 230 220 221 208 194 213 212 192 183 153 162 150 131 131 133 123 114 113 125 122 121 122 121 121 121 120 118 117 123 117 112 112 114 113 109 99 98 97 95 94 93 90 86 86 89 92 92 93 93 95 97 99 100 102 104 106 108 110 113 116 118 120 121 120 120 122 123 124
279 270 275 256 274 269 276 268 258 257 278 276 273 271 257 254 268 254 267 265 236 224 222 227 232 228 221 223 227 209 195 214 211 194 165 191 175 179 162 150 146 142 121 112 127 123 127 125 124 124 123 122 120 118 115 120 115 105 104 101 99 97 97 96 95 95 94 90 88 88 90 92 94 95 95 96 97 98 100 103 106 109 114 100 114 117 118 120 122 123 123 124 124 125
269 291 270 268 287 271 280 259 276 275 274 272 272 271 257 268 267 267 273 225 226 219 218 229 233 226 230 235 228 204 197 212 211 195 170 153 177 177 159 158 153 152 138 116 109 126 121 126 126 126 125 123 121 119 116 111 107 105 103 102 101 101 100 98 97 95 94 92 90 90 91 92 93 94 95 96 97 99 102 105 107 105 111 113 115 113 120 122 125 125 125 124 126 126
290 291 267 288 287 288 279 273 288 287 287 270 285 284 268 267 266 259 228 217 223 217 219 244 233 225 234 235 218 200 206 219 222 210 156 151 180 170 149 159 155 152 148 134 114 130 125 123 129 128 127 126 123 120 117 113 110 108 107 106 105 104 102 100 98 96 95 94 92 91 91 91 92 94 96 98 101 103 105 88 107 109 112 114 115 117 119 121 132 132 125 126 126 128
291 292 291 289 289 284 270 288 287 286 273 271 284 281 264 270 275 273 272 248 223 220 253 249 232 231 236 233 208 203 218 223 221 212 157 150 170 168 151 163 151 144 147 146 134 112 104 130 128 125 130 129 114 121 118 116 114 112 111 109 108 106 104 102 100 98 97 95 92 90 90 91 93 96 99 102 81 86 91 89 108 111 113 115 116 117 119 116 122 123 125 126 127 128
291 292 291 291 292 273 289 287 285 269 273 285 270 280 279 277 279 273 269 265 224 244 251 241 226 238 236 225 208 214 227 221 212 205 179 157 160 166 163 171 163 151 149 150 153 148 140 138 116 129 127 134 129 125 122 120 117 115 113 111 109 108 106 104 102 100 88 95 92 91 92 94 97 100 78 82 97 97 93 92 110 112 113 116 118 120 121 122 124 124 125 126 127 128
290 292 292 291 272 288 286 285 267 275 283 283 282 281 280 283 280 262 267 262 228 227 228 222 237 239 234 220 220 228 225 214 209 203 186 168 155 165 167 168 167 158 153 150 152 152 149 148 144 137 137 110 122 131 128 125 121 119 117 114 112 110 108 91 92 101 97 95 93 94 96 99 80 82 95 95 93 92 101 105 102 100 102 102 101 102 103 123 124 125 125 127 128 128
290 291 291 290 288 286 285 284 283 282 282 283 284 289 286 281 225 259 251 239 241 217 222 239 240 238 233 229 231 226 214 208 209 201 185 174 163 164 170 168 166 158 156 150 146 150 148 147 146 139 139 138 137 136 133 129 115 109 107 103 99 96 94 92 105 102 99 97 97 98 80 85 95 94 92 91 98 104 108 111 115 114 114 115 116 117 117 115 124 125 125 126 128 129
291 291 290 288 286 284 283 282 281 282 284 291 290 284 278 247 263 254 263 236 239 218 212 226 236 235 233 233 230 221 210 210 215 201 179 178 171 167 172 173 169 160 161 162 150 150 147 143 142 140 143 140 139 148 134 130 142 125 125 108 102 98 97 95 90 87 104 84 80 82 85 90 87 88 88 100 107 109 108 109 114 116 115 116 117 114 116 116 124 125 126 126 127 128
293 291 288 286 285 283 281 281 283 291 291 288 285 285 269 223 258 266 238 211 214 213 210 217 233 232 232 233 229 219 213 217 217 194 176 178 178 171 174 175 171 158 158 166 158 155 154 152 148 143 146 143 142 146 137 133 167 126 134 135 119 116 95 88 82 91 86 116 125 95 91 93 91 90 96 103 110 112 109 109 115 113 118 118 118 109 110 114 124 125 126 126 130 128
295 292 287 285 284 283 283 285 294 292 286 285 289 291 227 255 251 241 234 210 230 229 213 217 225 225 231 232 223 217 215 210 204 191 180 180 184 178 178 180 173 160 148 161 164 157 157 157 155 148 143 147 145 144 141 137 133 142 127 135 122 136 115 124 120 116 120 124 100 126 104 106 118 119 107 105 107 108 101 101 108 115 115 117 118 120 122 119 124 125 126 127 128 129
295 292 288 285 285 287 288 295 292 280 271 269 259 226 254 249 244 235 239 207 250 234 215 212 222 228 232 234 226 222 216 202 199 191 182 184 188 182 182 188 178 164 149 157 162 159 162 160 159 160 148 151 149 147 167 140 136 132 129 134 124 120 117 132 125 119 119 119 131 136 112 110 118 123 109 99 87 84 85 90 93 95 99 102 102 105 121 123 124 125 126 126 130 129
296 292 288 286 297 299 297 292 284 276 267 257 237 225 248 248 263 231 255 229 247 244 241 237 221 230 233 232 232 224 211 195 193 191 186 186 193 182 185 195 181 168 151 147 164 162 164 162 160 174 158 148 153 146 147 144 141 136 133 130 120 122 136 139 137 126 118 127 115 111 109 107 109 117 119 99 82 87 88 95 98 100 100 97 92 92 123 124 124 125 126 130 129 131
297 293 289 293 295 297 296 287 278 270 254 239 228 223 244 265 261 231 254 213 233 232 239 235 217 230 233 232 226 212 201 193 191 194 191 190 197 186 189 200 182 176 153 164 160 149 152 153 146 170 158 151 151 154 160 148 145 141 137 104 132 128 129 120 140 130 130 108 105 109 105 108 113 117 127 141 111 113 114 114 115 117 118 120 121 122 108 105 126 125 127 129 130 132
299 295 291 286 287 279 270 265 251 249 227 254 251 270 239 263 259 220 234 228 233 216 239 207 213 228 227 233 219 206 200 192 191 196 196 195 198 190 192 199 189 194 172 184 164 160 158 147 157 156 152 162 161 158 154 150 149 145 140 150 123 130 128 133 130 123 122 111 107 124 103 100 105 106 110 135 141 123 113 113 101 88 85 94 103 110 123 104 125 127 129 130 129 131
298 294 290 279 269 240 237 239 242 243 222 218 218 268 235 261 256 253 218 248 227 215 209 209 216 227 227 233 212 205 209 195 188 195 197 202 202 193 194 201 204 210 180 171 166 164 163 162 159 158 157 167 165 163 159 155 155 149 145 160 115 134 130 118 127 121 118 115 111 108 122 108 108 109 106 111 121 115 85 117 118 120 121 121 122 123 124 125 126 127 129 130 131 132
296 293 290 277 264 232 231 239 242 238 227 224 216 235 234 260 254 251 218 246 243 213 224 216 229 227 237 232 208 210 218 199 187 193 198 207 200 192 195 205 207 200 192 178 170 167 152 152 162 159 173 171 169 152 164 160 156 152 150 146 157 139 135 131 126 110 112 121 114 111 144 125 118 121 119 118 116 117 100 93 92 93 91 85 88 126 127 128 129 91 132 133 133 134
297 293 289 287 262 230 233 250 241 232 231 229 266 211 262 258 252 249 220 244 205 216 235 227 228 226 235 212 203 215 217 197 214 212 201 203 197 191 197 209 202 191 194 181 174 170 168 149 164 163 161 175 159 155 150 164 160 157 153 150 146 156 139 135 131 127 124 100 119 114 114 134 119 116 117 120 123 120 118 113 122 123 119 150 86 90 91 93 109 105 96 96 100 139
297 293 289 286 257 228 234 250 237 229 233 230 236 252 243 255 250 248 228 243 240 236 234 228 228 238 230 208 209 220 214 194 188 199 212 206 192 196 199 207 198 188 196 205 158 173 174 153 167 183 164 179 149 163 172 168 165 161 157 154 149 145 150 129 118 130 98 125 121 107 118 126 116 106 108 118 129 128 129 126 114 113 122 149 126 138 131 138 142 132 146 125 119 118
295 291 288 285 250 232 234 245 227 224 229 229 234 260 227 252 247 246 244 241 238 235 233 225 227 238 219 214 226 220 205 193 190 208 218 207 198 181 201 210 201 189 196 207 182 177 154 180 178 187 167 184 151 179 158 173 169 166 162 158 154 149 159 144 135 131 127 117 109 108 109 111 114 113 114 122 133 130 134 135 116 111 115 134 151 145 127 126 135 132 133 143 125 119
293 290 286 283 245 232 233 230 220 221 226 227 262 217 255 250 245 244 242 239 237 234 232 229 226 235 216 228 225 211 197 191 195 217 218 203 197 184 202 214 205 188 190 201 198 182 174 179 180 182 187 153 152 181 178 150 173 169 166 162 157 153 148 153 134 129 132 133 130 139 145 135 134 125 126 126 133 133 135 140 130 114 114 119 132 147 136 115 118 138 134 136 141 121
290 288 285 251 238 237 239 226 218 224 239 233 218 212 253 248 243 242 240 211 235 233 230 227 235 226 218 221 214 209 197 192 212 220 211 194 197 192 201 209 205 185 186 197 201 185 198 151 192 184 190 189 160 184 181 167 154 173 169 166 162 158 153 161 140 131 129 130 126 137 129 128 141 136 129 133 132 139 135 135 134 115 104 109 119 136 140 127 113 115 135 138 140 139
289 287 284 240 232 234 241 233 221 245 260 259 257 209 250 245 241 240 225 235 233 231 229 226 225 218 221 217 207 210 202 197 215 216 197 195 196 197 203 207 201 186 185 194 202 201 165 197 194 184 192 191 189 187 184 175 154 176 172 169 166 162 157 154 158 138 137 136 129 130 148 150 145 141 146 154 133 140 144 127 126 115 111 111 118 136 130 129 120 111 138 120 141 144
289 286 282 231 231 242 245 229 235 252 258 254 252 250 247 242 239 238 236 233 231 229 227 223 207 218 220 215 210 215 209 199 215 208 195 195 209 198 205 207 200 193 193 196 203 204 187 198 196 185 194 192 191 190 187 177 154 180 177 173 150 166 162 158 164 146 146 142 130 129 138 149 154 147 137 137 137 143 153 137 132 132 122 120 125 137 133 118 121 115 106 141 119 144
288 284 281 225 233 271 239 219 235 243 240 215 250 247 244 239 237 236 234 232 230 228 226 200 192 215 215 213 212 218 217 196 205 199 198 211 210 200 209 216 193 191 195 195 201 201 196 177 199 186 186 194 193 192 190 188 154 156 154 178 174 170 166 164 160 149 141 140 128 145 145 143 141 144 142 141 160 159 117 131 144 148 137 128 128 140 139 133 131 134 126 118 144 143
286 282 279 223 227 269 234 223 230 233 230 211 209 245 240 236 235 233 231 229 228 226 215 224 221 213 215 216 212 216 215 193 196 201 197 212 211 200 217 213 194 191 192 196 200 197 197 197 170 199 186 196 195 195 194 198 189 154 167 181 178 174 171 169 166 172 130 128 126 152 151 150 149 136 154 162 146 144 117 124 141 153 149 139 130 142 141 142 142 143 144 133 126 145
285 280 276 213 224 266 262 226 227 228 223 214 229 241 236 233 232 230 228 227 225 224 197 222 186 211 215 217 212 209 212 198 197 209 197 212 211 201 218 201 196 197 191 194 196 196 199 208 205 201 199 198 198 197 196 193 192 146 189 185 183 180 176 145 170 168 143 128 132 129 131 132 155 153 135 147 150 148 151 128 131 149 145 145 145 145 144 144 144 145 145 147 148 126
283 278 274 207 265 262 258 231 219 216 215 227 228 237 232 230 229 227 226 224 223 202 222 220 193 206 216 216 209 195 211 208 208 204 197 194 197 207 214 210 209 209 197 190 190 197 201 204 213 203 201 200 200 199 197 182 152 193 197 182 188 185 182 179 168 172 176 140 137 135 126 140 136 159 157 156 154 152 156 139 130 150 149 148 148 147 146 146 146 147 147 148 150 128
280 275 270 203 261 258 254 229 209 199 210 236 223 233 229 227 226 224 223 222 216 187 220 218 194 207 215 216 202 192 210 215 208 196 198 195 200 217 207 211 210 209 201 193 188 194 201 205 215 190 204 203 201 200 185 186 191 157 189 197 165 189 188 184 181 178 176 155 143 150 141 143 165 131 163 125 148 157 156 147 137 154 152 151 150 150 150 148 147 149 149 149 152 153
276 270 265 260 256 252 248 227 204 195 220 231 207 228 205 224 222 221 221 213 207 190 217 217 191 214 214 215 204 196 215 215 200 200 202 199 210 211 201 212 212 199 210 195 209 208 207 218 210 197 188 204 203 196 172 187 201 188 185 199 191 168 147 189 186 184 181 174 149 150 143 140 170 170 144 137 141 156 156 147 146 157 155 154 153 152 152 151 150 149 151 151 153 154
