examples/cougarCreek-fire/createInputs/WindNinja/wrfout_d3.2015081200.f21/cougarCreekFire_08-12-2015_2100_217m_non_neutral_stability_vel.asc
ncols	146
nrows	140
xllcorner	610065.000000
yllcorner	5095217.000000
cellsize	216.586807
NODATA_value	-9999.000000
[rows 72 to 107 of 140, columns 0 to 81 of 146]
5.74 6.55 7.28 7.17 9.17 10.41 10.70 9.21 11.36 11.12 11.80 11.88 12.49 10.15 4.12 5.93 5.61 6.01 9.71 6.41 6.52 6.56 6.65 10.46 6.86 9.76 10.94 15.20 16.72 16.59 17.13 14.77 13.56 17.17 17.12 16.72 14.74 10.22 17.16 15.85 15.71 14.91 10.44 16.50 11.07 7.98 9.03 14.46 9.31 7.61 8.75 7.26 14.66 15.65 6.56 6.38 6.17 6.02 5.89 5.77 5.71 5.68 15.06 9.09 8.97 5.83 12.69 5.76 5.79 9.33 6.00 13.43 14.43 13.84 13.97 13.92 11.52 13.14 11.65 13.54 14.09 13.59
6.00 6.52 6.94 6.84 8.74 10.13 10.56 9.12 10.96 10.96 11.42 11.64 12.22 6.22 5.28 5.88 5.55 5.96 6.28 6.41 6.49 6.59 6.71 14.40 6.84 10.11 15.89 16.37 15.95 11.21 17.32 14.21 13.59 15.91 15.04 16.87 10.27 13.23 17.10 15.71 17.35 14.80 10.56 16.86 14.68 8.29 13.53 9.91 10.03 7.75 9.51 7.32 14.40 6.80 15.16 6.41 6.18 5.99 5.84 5.72 5.65 5.57 8.14 14.84 14.12 13.54 9.47 13.83 13.86 13.97 14.10 14.19 14.47 14.29 14.15 13.32 11.42 11.53 11.40 11.43 14.08 13.44
5.87 6.08 6.33 6.35 8.46 10.06 10.29 10.43 10.27 10.56 11.22 11.56 5.64 11.73 6.14 5.74 5.43 5.77 6.12 6.25 6.34 6.47 6.62 10.36 6.74 10.50 16.00 15.27 11.52 17.17 15.44 13.82 14.57 11.85 15.06 17.37 10.29 13.51 17.25 16.37 17.15 14.47 14.64 17.07 10.76 9.08 8.76 9.34 10.10 10.48 7.53 14.37 14.22 6.81 6.60 14.53 6.20 6.00 5.82 5.67 5.53 5.42 5.36 14.53 14.25 13.15 14.20 14.13 12.81 12.54 13.76 13.56 12.92 5.69 12.76 11.37 11.30 11.29 11.32 11.19 11.73 13.42
5.55 5.63 5.83 8.06 8.10 8.33 8.60 10.06 10.13 10.83 9.39 11.35 11.04 11.46 5.75 5.50 5.32 5.63 5.95 13.20 6.21 6.39 6.54 6.54 9.93 11.06 15.86 10.80 16.56 15.69 16.74 14.02 17.02 11.31 16.03 14.62 10.27 14.25 17.20 16.80 17.22 14.09 14.29 10.79 10.79 14.61 7.88 12.85 7.63 11.39 7.56 7.32 14.92 6.88 6.62 13.29 14.55 5.92 5.76 5.62 5.49 5.36 5.29 8.18 14.34 8.93 12.69 9.08 8.90 13.64 5.23 5.38 13.74 10.79 5.39 11.04 11.11 11.05 11.22 11.32 11.42 13.16
5.12 5.20 5.41 7.62 7.60 8.21 8.60 8.22 10.32 9.15 5.12 5.25 5.22 11.19 5.43 5.21 5.17 5.51 12.98 5.94 6.09 6.27 6.44 6.49 10.78 15.03 15.32 15.91 15.13 16.65 17.00 14.73 16.79 15.68 16.84 9.94 10.15 14.76 11.80 16.36 15.28 13.97 13.83 14.52 10.81 10.95 14.70 7.81 7.74 11.41 7.61 7.41 7.22 6.96 6.64 10.51 14.24 5.91 5.72 5.57 5.41 5.28 5.22 5.13 12.57 13.21 13.34 13.08 8.66 11.98 13.25 10.27 9.57 12.57 10.74 13.06 10.99 10.97 10.90 11.43 12.77 12.95
4.68 4.77 4.98 7.26 7.62 7.97 8.40 8.38 8.72 8.85 4.81 9.29 5.07 5.07 5.20 5.00 5.05 5.39 5.60 5.79 5.98 6.14 6.32 10.77 10.76 14.46 15.25 15.74 16.27 16.36 15.61 16.91 15.43 16.47 14.42 9.85 7.91 14.61 11.81 16.91 10.75 11.18 11.35 11.62 10.80 10.91 14.38 8.01 7.82 11.43 7.60 7.41 7.22 6.97 6.67 10.48 13.99 6.00 5.77 5.49 13.65 5.24 5.14 5.00 9.33 13.58 13.46 13.39 12.61 9.85 12.33 12.02 12.91 13.15 5.05 5.22 5.28 12.68 10.39 11.10 11.30 11.42
4.24 4.33 4.53 7.28 7.52 4.50 8.25 10.02 8.66 8.67 8.94 11.08 4.82 4.91 4.96 4.84 4.95 5.23 5.42 5.62 5.84 6.00 6.19 9.00 12.08 14.70 14.98 15.60 16.10 15.99 16.44 16.67 16.91 16.85 11.43 7.91 7.81 11.80 16.00 16.32 11.12 10.98 11.47 11.61 11.83 11.79 11.86 13.40 7.83 11.26 11.29 7.36 7.18 6.99 6.69 6.37 13.60 13.83 13.68 5.50 5.38 5.26 5.14 5.00 4.82 13.38 13.13 13.04 11.18 4.50 4.62 4.72 13.06 13.14 5.03 5.10 12.84 10.29 12.67 11.07 11.15 11.08
3.80 3.89 4.09 6.88 7.48 4.13 8.13 8.23 8.43 8.59 8.59 10.38 10.84 4.73 4.69 4.68 4.87 5.06 5.27 5.49 5.71 5.87 13.92 6.28 6.39 14.46 14.74 15.10 15.69 15.71 15.20 15.77 16.11 16.73 11.29 7.81 7.73 11.75 15.65 16.43 11.13 10.89 11.15 11.45 11.69 11.60 11.78 11.83 14.78 7.67 11.20 7.36 7.17 6.97 6.72 10.39 6.22 13.19 14.22 5.61 5.44 5.22 5.05 4.90 4.78 9.14 10.93 10.84 10.88 4.53 4.61 4.70 4.80 10.33 10.86 10.20 5.04 5.23 12.40 12.01 10.90 10.73
3.34 3.44 3.66 6.83 7.33 3.74 3.81 8.25 8.46 8.64 9.02 10.57 9.08 4.53 4.47 4.54 4.77 4.94 5.14 5.37 5.60 5.83 8.65 6.16 11.75 14.41 14.46 7.01 15.53 12.12 16.05 16.34 16.33 15.86 11.33 7.85 7.81 11.91 12.16 16.59 11.16 11.37 10.87 11.24 11.42 11.49 11.69 11.38 12.08 7.86 7.62 7.40 7.21 7.02 6.89 6.72 6.46 12.14 10.12 5.85 5.60 5.33 5.07 12.52 4.81 4.77 12.84 10.47 10.75 9.10 9.31 9.52 4.75 4.80 10.03 11.13 5.09 5.23 10.76 10.47 10.36 11.49
2.89 3.00 3.23 6.01 3.30 3.37 3.46 7.99 8.34 8.64 8.83 8.62 9.37 4.30 4.32 4.43 4.64 4.82 5.02 5.24 5.47 12.69 5.93 6.08 10.22 11.20 6.61 6.89 11.89 15.23 12.25 15.34 15.55 16.45 11.30 10.65 11.23 16.37 16.04 7.61 7.59 7.65 11.38 10.68 10.54 11.43 11.73 7.84 11.33 8.08 7.77 7.47 7.31 7.21 7.10 10.69 11.75 6.45 10.08 10.24 5.84 5.59 5.31 5.07 9.94 4.80 9.29 11.93 11.72 8.99 11.49 12.24 9.62 4.83 4.94 5.03 5.12 5.23 10.45 10.43 9.98 5.32
2.44 2.57 2.81 6.76 2.93 3.03 3.11 7.88 8.19 9.42 8.68 3.59 9.16 4.05 4.15 4.31 4.50 4.69 4.89 5.09 12.97 11.92 5.78 5.97 9.94 14.03 6.54 6.76 15.22 14.16 12.21 15.48 15.29 15.58 11.30 10.66 11.50 12.51 12.13 7.62 7.60 7.60 11.60 10.87 10.16 11.05 11.64 7.77 15.82 11.33 7.97 7.65 7.44 7.31 10.73 10.66 10.84 12.87 10.39 10.08 13.78 5.78 5.56 5.30 5.10 4.94 4.80 12.80 11.83 12.54 9.11 9.40 10.47 9.20 5.02 9.13 10.31 5.18 5.17 10.43 9.88 5.27
2.00 2.16 2.39 2.50 2.60 2.70 2.80 7.80 7.78 9.56 8.47 3.40 10.54 3.87 9.69 4.17 4.37 4.59 4.81 12.31 13.10 8.13 5.71 5.90 10.13 6.28 6.53 6.77 15.16 10.77 15.09 15.16 11.48 11.55 11.73 11.38 15.35 7.65 11.54 7.57 7.52 11.04 7.53 11.02 7.79 7.72 7.60 14.77 11.94 11.58 10.81 7.79 7.58 11.26 13.91 10.49 6.81 10.63 10.43 10.19 10.25 13.82 11.45 5.65 5.43 5.15 4.93 9.91 12.15 12.25 11.46 11.35 10.41 10.52 9.78 9.34 9.88 12.80 12.84 11.35 12.33 5.26
1.58 1.76 2.00 2.15 2.30 2.42 2.53 7.70 8.32 8.55 3.11 3.28 10.61 3.76 3.92 4.10 8.78 4.50 4.77 12.52 9.11 5.38 5.62 5.87 6.02 12.08 6.42 11.35 11.92 10.62 15.34 15.68 7.29 7.23 15.70 7.53 15.46 7.69 11.73 7.67 7.61 7.55 7.58 7.71 7.79 7.80 7.71 7.68 11.89 7.91 10.82 7.72 11.69 10.47 10.29 7.04 6.86 6.79 10.60 6.40 10.40 10.26 10.27 10.39 11.06 11.14 9.86 9.69 13.00 11.74 11.95 8.61 12.06 10.38 10.68 11.80 12.33 12.27 11.57 5.11 5.18 5.28
1.19 1.39 1.65 1.84 2.03 2.18 2.32 7.63 8.32 8.10 3.02 8.26 8.43 8.47 3.86 4.08 4.22 10.26 12.01 12.66 8.23 5.28 5.48 5.74 5.90 11.89 12.16 12.47 11.77 6.97 14.33 15.12 7.09 7.09 15.23 14.55 14.85 12.07 7.85 7.94 7.92 7.72 7.62 7.76 7.86 7.86 7.79 7.74 7.87 8.05 7.98 7.70 7.54 7.48 7.36 7.19 6.97 6.84 6.74 6.54 6.34 10.19 6.05 10.11 12.62 12.23 12.95 5.28 9.90 12.79 12.49 8.21 8.60 12.57 12.67 12.39 12.20 12.12 5.19 5.16 5.21 5.32
0.87 1.11 1.39 1.61 1.82 2.00 2.19 2.38 8.13 2.74 2.94 10.38 3.34 9.53 3.76 4.00 10.09 10.41 12.20 9.74 5.02 5.23 5.38 12.24 5.79 11.77 6.13 12.45 11.42 14.02 14.18 11.44 15.09 7.09 15.07 12.94 15.37 15.54 7.65 7.96 11.28 7.90 7.64 7.70 7.88 7.88 7.81 7.76 7.86 8.08 8.09 7.86 7.67 7.57 7.49 7.38 7.20 7.03 6.91 6.76 6.54 6.37 6.21 6.07 12.93 12.58 13.11 10.28 10.30 10.39 10.52 11.37 10.97 11.24 12.32 5.22 12.28 5.29 5.38 5.37 5.35 10.01
0.73 0.98 1.25 1.49 1.71 1.91 2.13 2.35 2.54 2.72 2.95 8.41 3.34 9.77 9.63 9.93 10.09 9.79 12.08 8.79 4.93 5.15 5.34 5.53 12.16 11.82 6.06 12.53 6.41 14.64 6.91 11.72 7.13 7.14 7.06 7.11 7.19 7.16 15.29 15.74 7.89 7.98 7.75 7.66 7.83 7.93 7.91 7.89 7.89 7.99 8.02 7.95 7.81 7.63 7.57 7.53 7.40 7.22 7.09 6.99 6.83 6.65 6.48 6.37 10.28 13.00 13.39 10.38 10.44 5.80 5.79 12.84 11.52 10.25 10.99 10.35 10.55 11.62 12.13 11.38 5.52 9.27
0.86 1.05 1.26 1.48 1.70 1.90 7.87 2.33 2.55 2.75 2.96 8.68 3.37 8.88 9.74 9.65 10.00 11.97 12.09 4.68 4.87 5.07 5.26 5.44 11.94 5.79 6.00 6.19 6.40 6.63 12.68 14.46 14.86 7.09 6.99 14.85 7.11 7.09 15.13 7.19 7.52 7.77 7.75 7.66 7.79 7.91 7.93 7.94 7.97 8.04 8.06 8.02 12.36 7.72 7.59 7.56 7.50 7.36 7.25 7.18 7.11 7.00 6.84 6.70 13.22 12.42 10.40 13.12 13.07 13.15 5.96 13.21 12.50 11.43 5.87 5.82 5.75 5.66 5.56 10.24 5.60 5.64
1.16 1.28 1.40 1.57 1.76 1.95 7.81 2.34 2.57 2.78 2.98 10.64 3.42 3.56 9.68 9.43 10.03 9.84 10.06 4.61 4.80 4.99 5.18 11.99 5.53 5.72 5.95 6.18 6.37 6.54 6.73 12.66 14.90 7.07 7.03 6.99 7.10 7.15 15.13 7.24 7.45 7.67 7.75 7.74 7.85 7.94 7.92 7.94 8.00 8.13 8.18 8.16 12.45 12.61 7.74 7.71 7.69 7.58 7.48 7.40 7.33 7.27 7.18 13.47 10.37 12.43 12.58 13.03 12.56 12.49 12.81 13.22 13.34 13.10 10.97 10.26 10.50 5.95 5.88 5.78 5.70 5.64
1.51 1.58 1.62 1.73 1.89 2.07 2.26 2.43 2.62 2.82 3.04 9.33 3.48 3.61 9.83 9.19 9.93 11.70 11.87 4.51 4.73 4.92 5.13 5.33 5.50 5.64 5.81 6.05 12.06 12.88 13.00 14.60 14.69 7.08 7.16 7.13 7.22 7.31 7.34 7.44 7.56 7.72 7.84 7.85 7.95 8.06 8.07 8.08 8.11 8.19 8.28 8.30 8.32 12.56 8.00 7.92 7.91 7.82 7.73 7.64 7.54 13.36 7.34 13.69 13.55 13.03 12.08 12.42 11.78 11.41 11.60 12.51 6.42 6.38 12.86 12.16 11.13 11.81 10.54 6.01 5.92 5.86
1.83 1.87 1.87 1.93 2.05 2.20 2.36 2.53 2.69 2.86 7.89 9.82 3.37 10.95 10.17 9.45 10.51 4.12 4.27 4.43 4.62 4.80 11.58 5.21 5.42 5.58 11.65 12.42 12.52 12.76 14.27 14.33 14.43 6.91 7.08 7.11 7.19 7.31 7.37 7.51 7.65 7.75 7.86 7.89 14.91 8.12 8.25 8.32 8.35 8.38 8.44 8.47 8.49 11.89 8.27 8.11 8.10 8.07 7.98 7.89 7.81 13.26 13.32 12.67 13.55 7.38 12.99 12.15 10.28 10.51 7.04 11.18 6.76 6.64 6.56 11.11 11.91 6.20 12.03 10.68 10.79 10.65
2.13 2.17 2.18 2.23 2.31 2.41 2.53 2.68 2.83 2.98 8.24 9.76 9.23 9.97 10.01 9.88 10.37 11.55 4.25 4.41 4.56 4.74 10.77 5.12 5.32 5.50 12.48 11.53 12.18 12.65 13.47 6.56 6.66 6.79 6.93 7.01 14.61 7.23 13.09 12.49 7.60 7.76 12.65 8.08 8.08 8.21 8.37 8.47 8.54 8.59 8.62 8.63 8.65 10.63 10.70 8.35 8.30 8.28 8.20 8.13 8.10 8.05 12.84 11.97 13.20 7.63 7.65 13.02 11.47 10.97 7.38 11.47 7.13 6.98 12.46 11.86 11.60 11.49 11.23 9.97 9.69 10.45
2.08 2.18 2.24 2.33 2.36 2.47 2.57 2.69 2.82 2.97 3.09 9.39 3.38 9.95 3.65 10.15 9.90 10.50 4.23 4.40 4.56 4.72 10.75 5.05 5.23 10.98 11.26 11.43 11.65 13.87 12.59 6.53 6.63 6.76 6.91 12.76 7.12 7.25 7.38 7.42 7.49 7.65 7.94 8.22 8.25 8.26 8.37 8.46 8.56 8.63 8.66 8.63 8.63 11.17 10.72 12.21 8.30 12.37 8.19 8.16 8.15 8.13 12.05 10.89 11.77 7.64 7.64 13.17 12.11 11.20 10.03 12.17 7.28 7.19 12.75 12.12 11.57 6.62 9.44 8.16 6.22 6.13
2.03 2.17 2.27 8.49 2.48 2.60 2.67 2.76 2.88 3.02 3.14 3.29 9.35 3.56 3.68 3.80 10.21 10.39 4.22 4.38 4.55 4.72 4.84 10.67 5.14 10.76 11.13 13.19 13.20 12.88 13.61 12.01 13.90 13.47 12.46 7.05 7.20 7.33 7.54 7.70 7.69 7.66 7.80 8.08 8.22 8.26 8.33 8.38 8.48 8.58 8.61 8.61 8.60 8.63 10.04 10.81 10.98 10.20 12.03 8.14 8.14 8.17 12.27 9.36 7.94 10.37 12.55 7.63 11.87 11.29 10.32 11.98 7.31 7.29 12.55 13.30 13.32 12.09 9.57 9.65 10.06 9.94
2.01 2.16 2.34 2.36 2.58 2.66 2.75 2.81 2.93 3.05 3.17 3.29 3.40 10.09 3.61 10.38 10.19 10.07 11.19 4.31 4.46 4.63 4.78 4.90 5.06 5.27 12.34 12.13 5.83 6.00 6.17 13.72 13.28 11.92 6.79 6.97 7.15 7.29 7.48 13.13 7.85 7.81 7.82 7.98 8.17 8.30 8.35 8.36 8.40 8.50 8.54 8.55 8.53 8.55 8.40 7.18 8.18 9.14 9.67 11.67 8.13 8.19 11.13 8.64 8.16 6.81 8.67 10.77 10.90 10.96 9.86 10.81 13.09 13.05 13.13 7.25 7.15 7.04 10.30 9.53 9.75 9.28
2.01 2.13 2.37 2.51 2.63 2.54 2.75 2.82 2.92 3.01 3.11 3.23 3.33 9.82 10.19 10.30 9.94 9.66 11.15 4.24 4.38 10.33 4.66 4.86 5.03 10.85 12.43 12.15 12.73 11.47 6.24 13.07 6.53 6.65 6.79 6.94 7.09 7.19 12.02 7.46 7.61 7.74 7.86 7.97 8.12 8.30 8.41 8.45 8.46 8.54 8.58 8.55 8.52 8.50 8.54 8.51 8.43 8.39 8.35 8.27 10.68 11.78 10.72 11.17 10.23 8.16 8.00 8.59 9.49 9.54 9.60 10.87 10.92 11.18 12.37 13.30 7.33 7.26 13.52 7.00 7.85 7.42
2.06 2.13 2.23 2.52 2.41 2.63 2.69 2.82 2.88 2.95 3.05 3.16 3.25 9.46 3.46 3.61 9.91 10.05 11.05 4.16 4.36 4.52 4.68 4.86 5.03 12.01 12.03 12.46 5.79 6.00 6.21 6.40 6.54 6.65 6.78 6.95 7.09 7.21 7.35 7.48 7.52 7.58 7.73 7.89 8.07 8.25 8.41 8.50 8.53 8.60 8.66 8.65 8.62 8.59 8.57 8.54 8.48 8.41 8.36 8.32 8.28 10.30 11.19 11.21 10.14 8.22 8.12 8.06 7.97 7.88 7.78 7.70 7.62 10.07 11.20 12.30 7.38 7.26 7.35 12.33 7.08 7.56
2.19 2.26 2.50 2.50 2.62 2.50 2.67 2.80 2.80 2.90 2.99 3.08 3.18 9.53 3.40 3.56 9.69 10.39 10.88 4.15 4.32 4.55 4.74 4.88 4.99 12.09 12.21 5.54 5.75 5.97 6.18 12.52 6.46 6.59 12.75 12.25 12.98 12.30 13.25 13.55 7.63 7.57 7.63 7.82 8.04 8.23 8.36 8.48 8.53 8.58 8.63 8.66 8.69 8.68 8.67 8.63 8.57 8.49 8.41 8.38 8.36 8.39 8.37 8.37 7.80 8.36 8.27 8.18 8.10 8.05 7.96 7.87 7.74 10.30 10.72 11.38 13.03 7.27 7.33 13.53 7.35 7.24
2.17 2.10 2.52 2.53 2.41 2.51 2.77 2.75 2.78 2.86 2.93 2.97 3.12 3.24 3.36 3.47 3.64 3.75 3.93 4.08 4.23 4.43 4.60 4.75 11.72 11.88 5.30 5.49 12.47 12.68 6.08 6.25 6.38 12.44 11.94 12.13 12.32 13.57 13.53 12.12 7.49 7.51 7.61 7.74 7.92 8.15 8.30 8.45 8.57 8.63 8.60 8.59 8.65 8.69 8.70 8.68 8.63 8.57 8.51 8.48 8.44 8.43 8.45 8.45 8.45 8.43 8.37 8.28 8.17 8.12 8.00 9.46 9.65 7.70 9.83 10.49 11.93 7.30 7.32 7.59 12.45 11.62
2.01 2.13 2.46 2.23 2.40 2.58 2.71 2.65 2.84 2.85 2.75 2.91 3.03 9.66 3.26 3.43 3.57 3.72 3.89 4.01 4.17 10.55 4.41 11.58 4.80 5.03 5.24 5.43 12.58 12.56 11.88 6.19 6.36 6.51 13.44 13.55 12.80 7.13 7.30 7.49 7.60 7.56 7.67 7.81 7.95 8.12 8.28 8.44 8.61 8.76 8.74 8.62 8.61 8.67 8.72 8.73 8.71 8.65 8.59 8.55 8.52 8.49 8.50 8.52 8.54 8.51 8.43 8.37 8.25 7.34 8.69 9.29 9.31 9.30 8.45 7.54 7.57 11.34 7.35 7.36 12.90 11.94
2.08 2.15 2.18 2.23 2.33 2.61 2.56 2.60 2.57 2.78 2.70 2.85 2.98 3.07 3.17 3.36 3.46 3.58 3.78 3.89 4.04 4.17 4.23 10.34 4.70 4.93 11.71 12.34 12.46 5.77 5.98 12.01 12.74 13.28 13.48 13.77 6.91 7.20 7.54 7.93 8.12 7.93 7.80 7.87 8.01 8.18 8.28 8.42 8.57 8.73 8.78 8.64 8.57 8.65 8.73 5.29 5.57 5.25 8.66 8.63 8.60 8.57 8.56 8.57 6.41 6.87 6.59 8.46 8.39 8.27 6.90 7.24 7.51 7.15 7.91 7.80 7.59 9.66 11.68 12.97 11.78 10.89
2.12 2.15 2.23 2.29 2.39 2.42 2.59 2.64 2.85 2.64 2.58 2.79 2.89 3.03 2.91 3.28 3.42 3.48 10.11 3.79 10.09 4.15 4.11 4.43 4.65 4.86 11.50 12.14 12.24 5.77 5.99 6.13 12.96 13.28 13.36 13.41 11.81 12.07 13.02 14.87 7.98 8.04 7.91 14.03 15.15 8.04 15.78 13.18 8.46 8.70 8.87 8.78 8.59 8.56 6.61 7.54 8.34 6.99 5.47 8.69 8.67 8.63 8.59 8.58 8.62 8.65 8.60 8.57 8.55 8.47 8.37 8.25 8.12 8.01 7.48 7.86 7.81 7.75 10.16 11.71 7.70 7.58
2.40 2.30 2.29 2.33 2.35 2.44 2.46 2.44 2.61 2.45 2.49 2.62 2.66 2.72 2.82 3.15 3.31 3.42 3.62 3.59 3.73 3.91 4.12 4.38 4.65 4.83 11.56 12.01 11.90 5.72 12.36 12.85 12.95 13.04 12.20 13.56 13.40 13.67 14.30 14.03 12.82 7.63 7.81 7.85 13.08 13.61 13.16 8.15 12.55 12.69 8.85 8.92 8.74 8.56 4.68 5.55 5.94 5.40 8.72 8.73 8.72 8.71 8.71 8.70 8.72 8.72 8.67 8.67 8.68 8.65 8.57 8.51 8.39 8.19 7.27 7.94 9.96 10.28 11.06 12.34 11.74 10.71
2.10 2.28 2.29 2.33 2.35 2.41 2.64 2.38 2.37 2.42 2.42 2.45 2.73 2.94 2.75 3.17 3.23 3.41 3.30 9.63 3.69 3.91 4.09 4.35 11.04 4.79 11.45 11.90 11.78 12.18 12.76 13.00 12.90 13.14 13.37 13.63 13.66 13.46 13.56 13.73 14.05 15.05 14.44 12.68 11.80 8.01 8.10 8.18 12.25 13.43 16.61 12.77 8.83 8.70 8.58 4.55 4.73 8.62 8.71 8.77 4.87 5.00 8.80 8.85 8.87 8.85 8.76 8.74 6.77 7.06 6.94 6.98 8.54 6.92 6.87 8.03 8.04 10.33 10.76 11.91 11.45 10.79
2.09 2.19 2.32 2.37 2.38 2.38 2.43 2.38 2.33 2.33 2.38 2.45 2.80 2.71 2.78 3.04 3.16 3.33 3.18 9.71 3.86 3.82 4.09 4.36 10.84 4.76 5.00 11.50 11.79 12.17 12.70 12.51 12.84 13.22 13.25 13.59 13.52 6.73 6.87 11.57 12.72 14.27 13.91 12.29 7.90 11.39 8.16 8.25 11.64 11.47 8.55 8.70 8.90 8.89 8.64 4.45 8.45 8.58 8.68 8.78 4.65 4.82 4.89 5.34 5.97 5.77 6.18 7.19 8.13 8.36 8.39 7.85 7.66 8.60 8.43 8.25 8.12 8.09 8.00 7.96 10.08 11.05
2.12 2.22 2.40 2.46 2.46 2.47 2.49 2.40 2.33 2.37 2.39 2.61 2.81 2.58 2.93 2.96 2.83 3.28 3.13 3.30 3.46 3.66 4.02 10.57 4.58 4.71 11.36 11.63 11.74 12.01 12.53 12.68 12.86 13.01 13.36 13.63 12.74 6.79 6.91 13.51 7.27 13.66 13.92 7.70 12.67 12.58 12.38 11.61 8.35 11.13 8.67 8.80 9.02 9.22 9.07 4.60 8.43 8.56 8.69 8.80 4.78 5.35 6.22 7.07 7.15 7.01 7.14 7.68 7.73 8.26 8.99 9.53 9.54 8.47 8.61 8.43 5.96 5.87 8.11 8.14 8.17 8.23
2.21 2.27 2.45 2.25 2.55 2.54 2.50 2.43 2.35 2.35 2.35 2.61 2.58 2.60 2.91 2.99 2.76 3.23 3.06 3.24 3.40 3.57 3.98 10.24 10.28 4.66 11.45 11.60 11.25 11.72 11.82 12.92 13.02 12.96 13.19 12.94 6.64 6.83 6.96 14.14 13.31 14.14 12.85 12.62 12.85 12.91 8.05 8.17 13.19 15.01 15.36 14.69 12.03 10.39 5.63 5.31 4.40 8.62 8.72 4.31 5.51 6.21 6.24 5.06 9.00 5.15 5.87 6.12 6.45 6.69 7.16 8.06 9.12 9.24 8.10 8.65 8.56 8.45 8.46 10.33 9.96 8.37
