examples/cougarCreek-fire/createInputs/WindNinja/wrfout_d3.2015081200.f21/cougarCreekFire_08-12-2015_2100_217m_non_neutral_stability_ang.asc
ncols	146
nrows	140
xllcorner	610065.000000
yllcorner	5095217.000000
cellsize	216.586807
NODATA_value	-9999.000000
[rows 84 to 125 of 140, columns 0 to 93 of 146]
270 263 258 253 249 245 240 223 203 208 226 225 191 223 220 219 235 218 217 208 192 217 215 215 214 217 213 217 210 195 205 203 213 212 201 212 217 212 203 213 212 211 210 210 211 210 209 208 212 210 191 206 204 187 186 204 203 203 191 199 194 183 184 176 143 142 176 180 167 152 143 141 153 173 158 148 142 148 153 162 161 160 159 156 155 154 154 154 153 154 154 151 155 152
260 252 248 243 240 236 232 214 205 223 220 228 181 192 215 215 214 217 208 198 186 214 213 214 213 217 219 216 210 213 194 204 214 213 205 213 213 207 212 212 213 212 210 211 212 212 210 210 210 211 210 208 209 209 208 207 206 205 204 202 201 186 198 188 164 160 168 190 181 166 158 141 142 156 159 154 152 150 169 166 164 163 161 160 158 153 156 155 155 156 156 156 157 153
240 235 233 230 228 225 222 220 211 214 213 192 213 200 210 211 212 205 194 193 213 212 212 187 212 219 212 215 210 193 194 221 200 213 203 212 206 207 212 212 198 214 212 212 213 213 213 212 212 212 211 211 211 211 210 209 208 207 206 206 204 203 202 201 170 167 172 180 182 180 181 153 146 152 158 179 160 175 173 171 168 128 163 162 162 160 159 155 153 130 157 157 152 159
208 210 214 214 214 212 210 209 207 206 206 179 206 195 205 211 211 190 193 185 210 210 210 210 204 215 211 215 212 203 211 220 212 213 212 212 213 212 212 209 216 215 214 214 215 215 214 213 213 214 214 214 213 212 212 211 211 209 209 208 208 206 205 204 182 173 178 181 182 195 193 170 158 155 150 152 148 153 159 142 172 128 166 164 164 163 162 161 160 157 159 159 160 161
175 184 193 197 199 199 204 199 198 198 199 179 201 180 199 210 208 184 192 206 207 207 208 208 210 209 210 210 211 211 220 215 197 213 212 205 214 214 208 216 218 218 216 215 216 216 216 215 215 216 216 216 175 215 214 214 213 212 211 211 210 209 208 207 177 174 183 177 176 176 197 177 167 156 191 188 185 183 180 145 175 172 169 166 167 165 164 163 162 157 162 161 162 160
156 165 175 181 185 187 198 188 189 190 192 186 195 195 197 211 204 187 189 204 204 205 206 204 207 207 208 209 209 209 210 211 200 213 213 212 214 215 210 217 218 218 217 217 217 218 218 218 218 218 217 218 177 178 216 216 215 214 214 213 212 211 210 180 184 171 173 177 172 172 175 181 182 175 162 153 152 186 184 181 178 175 174 171 169 167 166 165 164 164 163 163 160 159
147 154 162 168 172 176 178 179 181 182 184 188 189 191 192 211 200 181 183 201 202 202 203 204 205 206 206 208 206 211 213 205 202 212 212 212 214 215 215 216 217 218 218 217 218 219 219 219 219 219 219 219 219 179 218 217 217 216 216 215 215 182 213 185 183 178 171 173 168 166 167 179 201 199 179 165 162 160 151 185 181 178 175 174 172 170 168 167 166 165 164 154 143 147
142 147 152 157 161 165 168 171 173 175 208 179 184 170 188 203 192 194 196 197 199 200 198 202 203 204 215 209 211 213 204 198 196 212 213 213 214 215 216 217 218 218 219 219 204 220 220 220 220 220 220 221 220 178 220 219 219 218 218 217 217 183 184 180 186 213 179 173 170 164 207 168 204 202 200 173 166 193 164 153 149 154 142 177 174 172 171 169 167 166 165 165 164 158
140 143 146 150 153 157 160 163 166 168 198 175 165 181 185 191 190 179 192 194 196 197 208 199 201 202 199 206 215 212 191 209 210 212 213 214 208 216 220 227 219 219 232 221 220 220 221 221 221 222 222 222 222 174 174 221 221 221 220 220 219 219 182 178 185 216 215 182 172 169 210 172 207 205 180 169 165 162 158 152 150 153 179 157 174 149 143 140 169 168 167 166 167 167
142 143 145 148 151 155 158 160 163 166 168 181 176 183 179 187 194 188 190 192 194 195 207 198 200 216 201 206 205 201 191 209 210 211 213 216 215 216 217 218 218 218 218 219 219 220 221 221 221 221 222 222 222 177 175 181 221 182 221 220 219 219 179 174 177 216 216 186 178 172 170 177 207 206 179 172 166 198 146 137 188 185 140 177 176 159 172 161 133 166 138 143 165 169
143 144 145 150 151 154 158 159 162 165 167 170 183 176 178 180 192 191 189 191 193 194 195 209 199 219 204 197 190 197 198 188 199 211 216 213 213 214 215 216 217 217 218 219 219 220 220 220 221 221 222 222 222 222 172 176 175 172 180 220 219 219 181 175 218 170 182 216 180 175 168 176 208 207 181 183 184 168 154 152 147 146 183 138 141 144 142 172 157 157 169 166 172 164
141 143 145 147 151 153 158 159 161 163 166 169 171 175 177 181 189 195 179 190 192 193 195 197 198 199 200 187 204 205 207 197 208 218 211 212 213 213 214 225 216 216 217 218 219 219 220 220 221 221 222 222 222 222 171 184 177 171 169 178 219 220 176 173 218 168 170 172 175 174 171 170 186 184 183 204 202 200 162 149 147 151 184 181 179 141 175 174 173 173 173 171 168 175
139 141 145 147 150 151 157 158 159 161 165 167 169 178 176 178 192 200 179 189 191 205 195 196 197 214 192 187 201 221 206 210 208 209 210 211 212 213 229 216 216 216 217 217 218 219 219 220 220 221 221 222 222 222 222 222 221 221 220 220 173 179 174 175 171 172 217 170 168 171 170 171 170 171 178 186 203 201 183 197 141 138 136 139 181 180 159 178 143 174 173 173 146 177
136 139 141 146 145 153 155 157 159 160 163 165 168 181 174 176 192 191 177 188 190 192 193 194 196 191 186 200 202 203 205 206 207 208 209 210 211 212 214 216 216 216 217 217 218 218 219 219 219 220 220 221 221 221 221 221 221 221 220 220 220 172 177 176 172 218 217 216 215 214 213 212 210 169 170 181 204 203 201 171 195 140 190 186 187 182 169 182 178 135 133 144 176 178
133 136 139 144 146 145 152 155 158 159 162 164 166 175 172 175 184 182 177 187 188 190 192 193 196 186 192 200 201 203 204 218 206 208 221 220 225 225 227 222 216 216 216 216 217 218 218 219 219 220 220 220 220 220 221 221 221 220 220 220 220 220 219 219 170 218 217 217 216 215 213 212 211 168 169 172 184 203 202 184 196 193 190 188 186 184 183 185 185 181 180 179 179 181
137 133 138 143 147 142 150 153 156 157 161 161 164 167 170 173 176 179 182 185 187 189 191 194 191 192 198 199 197 205 204 205 206 223 220 221 222 219 222 232 217 215 215 215 216 217 218 218 219 220 220 220 220 220 220 220 220 220 220 220 220 219 219 219 219 218 218 217 216 215 168 171 171 210 166 168 176 204 203 201 173 166 193 168 168 186 185 186 186 184 185 185 182 180
128 130 135 136 136 144 147 151 152 156 155 159 162 170 168 171 175 177 181 184 186 201 191 192 195 196 197 199 190 206 219 204 205 206 213 212 219 211 213 214 215 214 213 214 216 217 217 217 218 219 219 219 219 220 220 220 220 220 220 220 220 219 219 219 219 219 218 218 217 168 167 165 168 167 167 206 204 172 203 202 180 171 194 191 189 187 186 184 186 184 182 186 186 183
126 128 130 132 141 142 146 149 146 154 157 157 161 164 166 169 173 176 179 182 185 188 191 210 194 196 202 190 188 201 202 220 214 209 206 209 208 209 209 211 213 212 213 214 215 216 216 216 217 219 220 219 219 219 220 191 188 192 220 220 220 219 219 219 175 160 173 218 218 217 161 165 165 165 211 209 161 162 174 184 173 167 195 150 190 194 193 185 185 185 183 184 188 188
122 125 127 130 131 133 143 145 146 153 154 156 160 162 164 170 171 174 170 181 181 189 190 192 193 195 204 194 204 200 201 203 210 209 207 212 223 224 219 209 214 213 213 205 225 216 224 233 217 218 219 219 219 219 164 167 161 163 186 220 220 220 220 220 220 220 219 218 218 217 216 215 214 212 164 208 206 205 166 174 200 198 196 194 192 190 190 189 187 192 191 191 190 190
125 132 124 127 129 130 133 136 146 143 152 155 159 158 162 169 169 173 176 180 184 186 188 190 193 195 202 196 208 199 210 207 209 211 210 209 213 211 207 203 198 215 214 214 229 228 231 216 236 237 218 218 219 220 195 184 182 185 220 220 220 220 220 220 220 220 219 218 218 218 216 215 214 213 166 208 169 169 172 179 174 167 161 158 193 194 192 191 190 191 188 193 186 192
118 130 120 122 126 128 135 134 137 139 150 152 156 158 164 166 168 170 175 177 182 185 186 190 197 194 202 194 208 207 198 204 209 210 210 200 204 211 213 214 214 208 217 231 236 215 215 216 237 233 226 231 220 220 220 198 192 219 219 220 193 190 219 219 220 220 219 219 163 176 169 168 215 168 167 210 208 171 172 178 174 169 168 197 194 194 194 192 191 193 192 190 194 189
116 116 117 119 122 124 126 130 134 144 147 149 150 160 162 161 166 168 174 175 185 183 188 189 197 193 195 182 206 205 197 209 209 208 207 198 208 208 210 231 227 215 225 233 214 238 214 215 239 238 217 218 219 220 221 197 219 219 219 220 197 192 191 182 160 162 162 176 166 174 173 172 172 214 213 211 209 208 206 205 168 172 171 198 197 195 195 194 193 193 195 191 190 191
114 115 115 117 120 122 124 128 131 133 135 144 150 156 158 160 164 167 173 176 179 182 186 185 191 192 200 183 204 206 205 207 203 205 203 202 222 208 208 221 211 213 224 212 231 234 235 236 215 239 216 216 218 219 220 210 218 219 219 220 192 181 159 174 174 175 175 165 174 174 172 173 172 174 213 212 162 161 207 206 204 202 201 162 199 202 195 195 200 199 197 192 191 192
112 114 113 121 117 120 122 125 129 131 142 143 150 153 156 162 162 164 171 175 178 181 188 196 202 192 198 193 210 209 212 198 197 203 204 216 205 207 208 207 212 219 228 230 230 232 214 214 233 233 230 237 239 240 222 201 206 218 219 201 179 165 177 183 220 182 164 165 178 176 174 174 172 173 174 212 211 209 207 172 171 203 201 201 201 203 203 198 197 200 193 194 192 192
110 112 113 121 123 123 119 122 126 129 142 143 148 152 156 160 160 165 169 171 177 179 182 187 189 206 200 204 207 201 202 192 195 207 218 204 204 227 198 193 218 228 230 231 233 213 234 232 232 233 227 232 237 233 180 166 196 218 209 188 166 177 179 220 204 183 176 176 175 175 168 175 173 174 173 172 173 172 172 174 175 204 202 201 200 199 199 198 196 197 201 201 201 200
100 110 113 112 121 123 117 120 123 127 128 129 147 150 156 158 158 163 168 172 183 184 184 191 202 196 197 205 195 193 196 193 199 214 203 203 204 211 193 203 223 227 228 229 232 234 213 214 214 215 215 236 233 223 220 170 194 208 194 186 169 178 194 219 213 186 181 174 176 175 177 175 175 179 180 176 174 173 210 173 174 205 204 202 202 201 200 199 198 197 203 202 202 201
101 103 112 114 123 123 117 119 122 127 127 128 146 151 155 156 156 170 166 170 173 176 187 185 188 197 192 201 189 193 198 202 219 201 202 203 221 200 200 220 224 224 225 228 230 231 235 213 239 214 239 240 237 242 219 219 220 198 169 166 159 184 187 219 183 180 168 183 178 177 177 176 179 177 178 175 175 212 211 209 207 206 205 204 202 202 202 200 200 199 199 198 203 196
102 105 109 113 114 124 124 125 116 125 126 127 145 149 153 156 167 160 165 169 176 178 180 185 188 190 191 192 193 200 197 199 200 200 201 202 202 197 215 224 207 225 227 227 226 228 232 235 237 213 237 240 240 241 216 231 197 161 163 164 166 167 163 178 177 176 174 174 171 178 176 182 218 217 216 215 176 175 175 210 208 207 206 205 204 203 203 202 201 200 200 201 199 198
103 105 109 112 115 116 117 128 120 125 128 128 147 149 152 159 156 160 165 169 173 176 179 186 189 191 192 200 200 206 197 198 214 213 216 201 197 209 220 222 226 227 225 226 228 230 230 231 235 234 235 239 239 236 220 170 167 167 164 165 166 168 171 179 180 180 182 180 180 177 177 180 180 177 176 176 177 177 176 210 208 208 206 205 204 203 203 203 202 201 201 201 201 199
106 108 109 106 115 117 118 119 121 128 129 129 148 148 153 159 167 169 168 166 174 177 180 186 190 191 191 192 202 205 196 205 203 211 206 193 203 215 217 218 219 219 225 232 236 210 234 231 232 231 233 232 227 219 206 186 170 167 164 164 166 170 174 178 179 180 180 182 181 180 181 182 183 183 180 178 181 212 211 179 208 208 207 206 205 204 203 203 202 202 202 201 201 200
106 107 112 114 117 119 121 122 123 125 129 131 150 150 155 160 165 168 169 169 171 179 180 187 183 191 190 191 192 193 197 200 198 208 196 197 212 218 203 212 205 222 232 207 207 208 208 230 227 225 226 221 217 211 205 200 186 178 173 169 171 174 177 179 179 180 181 181 181 180 180 180 180 182 182 182 184 186 211 210 208 208 207 206 205 204 203 203 202 202 203 201 206 201
111 113 116 118 110 122 114 115 127 128 132 134 138 144 149 163 165 166 169 169 174 181 184 181 183 189 189 190 192 192 189 195 209 204 194 204 215 201 206 209 204 226 205 231 229 224 221 226 225 223 222 217 213 207 202 200 200 196 185 176 175 180 182 180 178 181 182 181 180 179 179 180 180 181 183 183 184 212 211 210 208 208 207 206 206 204 203 203 202 202 202 202 201 207
115 116 118 120 121 125 131 128 130 118 134 135 140 146 151 155 169 163 167 169 174 181 186 181 189 185 188 190 192 190 190 194 196 198 203 215 200 207 202 213 203 203 224 222 219 217 218 222 224 222 219 213 206 204 200 197 200 199 196 185 178 179 184 182 178 179 179 180 180 180 180 180 182 182 184 185 212 212 211 210 209 208 207 206 206 205 204 204 203 203 202 202 208 207
118 120 121 123 125 127 129 131 138 136 138 139 142 147 152 167 167 164 169 172 174 184 187 180 182 182 189 189 190 188 190 194 197 198 198 212 201 200 206 216 202 203 225 224 219 214 213 220 221 216 213 205 200 201 200 197 197 196 196 189 182 182 185 184 183 181 179 179 180 182 183 182 182 183 183 184 212 211 211 210 209 208 207 207 206 205 204 204 209 205 205 203 202 208
122 124 125 136 129 132 122 135 142 139 141 131 136 151 154 169 168 167 173 174 174 184 187 188 179 181 189 188 187 187 190 195 196 197 197 204 197 200 214 201 202 202 221 218 212 207 209 216 212 209 211 202 198 200 199 214 194 193 216 189 217 184 217 188 187 186 183 180 179 182 185 182 182 182 214 213 212 211 210 210 208 208 207 207 206 205 210 204 209 205 206 209 209 208
125 127 129 130 132 132 137 139 140 142 143 154 144 142 157 159 162 171 169 175 177 183 185 185 180 185 186 187 187 187 191 194 191 195 196 198 198 199 201 222 201 219 216 211 207 208 211 212 208 207 208 202 211 211 212 213 214 214 215 215 188 216 189 217 187 187 186 183 180 179 184 186 184 183 214 213 212 211 210 209 209 208 208 207 206 205 211 206 210 210 210 210 209 209
129 130 133 135 147 131 134 142 143 145 146 147 151 155 158 160 164 167 169 177 180 175 185 185 185 185 183 186 188 186 188 191 190 191 194 195 198 199 200 200 201 213 212 211 210 213 213 208 208 209 207 203 210 211 212 213 213 214 214 215 216 189 189 190 217 189 185 186 181 180 182 187 189 187 185 212 212 211 210 210 209 208 207 207 207 212 212 212 211 210 210 210 210 210
132 133 144 154 149 144 142 143 146 148 149 150 149 158 160 162 164 167 169 178 174 175 186 186 184 181 183 187 188 183 186 188 189 194 193 195 197 199 199 200 210 208 212 214 217 217 212 207 207 209 207 205 203 211 212 212 213 214 214 214 215 194 191 192 195 196 187 187 186 180 181 184 186 185 213 212 212 210 209 209 209 208 207 207 208 212 212 212 211 211 211 211 211 211
135 149 139 142 155 148 150 148 149 150 149 153 156 159 162 164 166 168 169 172 174 183 184 183 179 178 184 190 190 185 184 187 188 189 191 195 197 197 198 211 198 208 216 217 218 216 207 205 207 210 209 207 209 210 211 212 212 213 214 214 215 216 189 193 197 197 217 191 192 184 181 181 214 213 213 212 211 210 209 209 209 208 208 207 207 207 212 212 211 211 211 211 211 211
137 153 147 145 157 147 155 166 151 153 155 156 158 164 154 165 167 169 170 176 173 182 183 182 177 176 187 189 188 184 185 189 190 190 191 194 196 197 197 197 198 210 213 214 216 202 203 205 209 213 213 207 208 209 210 211 212 213 186 214 214 215 190 193 216 216 216 193 192 188 184 183 184 213 212 212 211 210 209 209 209 208 208 208 208 208 207 212 212 212 211 211 212 212
139 141 158 154 149 151 152 153 154 155 157 158 160 162 164 166 168 169 170 172 173 174 183 181 178 178 188 189 187 184 184 185 188 189 192 194 196 196 197 197 198 211 212 212 201 204 202 207 211 212 210 207 208 209 210 211 212 212 213 213 214 215 215 215 215 216 216 218 189 187 187 189 213 212 212 212 211 210 209 209 209 208 209 209 213 213 213 213 213 213 212 212 212 212
142 144 147 163 156 154 155 156 156 156 159 160 162 164 170 168 169 170 171 173 174 182 182 177 182 182 188 188 182 180 184 184 187 190 194 194 195 196 197 198 198 199 214 200 200 201 202 207 208 207 205 206 207 208 209 210 211 212 213 213 214 185 181 181 183 214 215 216 181 180 183 212 212 212 212 212 211 210 210 209 209 209 214 214 214 213 213 214 214 213 213 213 213 213
