developer_scripts/forCreateIgnition/farsiteOutputs/a_originalIgnitions/WorkAsIs/a_test1177973_NTFBIgnition/test1177973_NTFBIgnition_HeatPerUnitArea.asc
NCOLS 748
NROWS 648
XLLCORNER -8363.000000
YLLCORNER -11743.000000
CELLSIZE 30.000000
NODATA_VALUE -9999.0
[rows 290 to 318 of 648, columns 455 to 519 of 748]
-9999.0 -9999.0 -9999.0 -9999.0 -9999.0 -9999.0 -9999.0 -9999.0 -9999.0 -9999.0 -9999.0 -9999.0 -9999.0 -9999.0 -9999.0 -9999.0 -9999.0 -9999.0 -9999.0 -9999.0 -9999.000 49444.890 47935.436 49491.363 46989.350 37415.965 36473.031 42630.511 37345.656 33822.115 34286.669 36114.172 17072.221 34640.139 36729.038 36321.085 39177.820 36912.663 32463.241 35747.985 13105.146 01939.311 36925.898 34603.132 34586.198 33576.321 25182.586 04605.625 36803.524 33982.528 31163.136 32937.571 36704.636 36941.017 36795.540 05456.704 04571.146 32461.365 35273.162 34406.052 35839.890 37636.436 33632.691 40406.896 43121.396
-9999.0 -9999.0 -9999.0 -9999.0 -9999.0 -9999.0 -9999.0 -9999.0 -9999.0 -9999.0 -9999.0 -9999.0 -9999.0 -9999.0 -9999.0 -9999.0 -9999.0 -9999.0 -9999.0 -9999.0 -9999.000 46132.218 40180.492 41558.553 41029.648 38540.326 40820.007 41922.468 37127.832 33184.489 33837.267 34278.086 36300.775 17503.379 23703.635 38776.636 39696.210 37545.743 13724.416 33360.427 02104.783 01999.805 31896.346 35950.583 34583.274 35967.203 38475.997 36161.071 35827.678 42078.729 41914.689 41192.498 25374.480 35939.586 32554.919 33761.593 37715.048 40882.366 37541.732 33154.815 34996.233 37079.249 37355.513 37667.342 43669.903
-9999.0 -9999.0 -9999.0 -9999.0 -9999.0 -9999.0 -9999.0 -9999.0 -9999.0 -9999.0 -9999.0 -9999.0 -9999.0 -9999.0 -9999.0 -9999.0 -9999.0 -9999.0 -9999.0 -9999.000 -9999.000 41968.264 43004.076 41027.352 38964.567 44452.618 43394.475 41445.388 40792.543 04945.592 32822.857 34358.774 29436.277 37739.573 37355.494 36303.537 36224.892 37549.632 15402.366 33962.028 02107.382 02057.825 30133.147 34686.205 30237.237 35467.055 40507.997 41261.984 44249.824 44321.187 44827.190 36937.130 07433.755 32267.385 05160.091 14390.236 35308.245 40961.235 37224.040 31390.620 33073.002 30192.089 38152.830 48975.880 56012.058
-9999.0 -9999.0 -9999.0 -9999.0 -9999.0 -9999.0 -9999.0 -9999.0 -9999.0 -9999.0 -9999.0 -9999.0 -9999.0 -9999.0 -9999.0 -9999.0 -9999.0 -9999.000 -9999.000 66262.500 63398.941 44854.694 42923.176 38907.432 39896.166 39032.639 41785.847 42868.561 39342.491 39198.074 33539.841 21288.492 36995.059 24925.090 38953.064 34858.312 35547.018 39258.161 36750.151 36559.004 02107.841 02105.173 03753.356 02971.057 01136.621 00875.438 21120.170 37000.471 46009.793 46506.037 46877.750 40444.930 39565.375 27654.998 04623.580 05439.898 30145.914 34895.928 04541.038 29999.565 16491.491 26002.008 39690.410 55311.280 60032.318
-9999.0 -9999.0 -9999.0 -9999.0 -9999.0 -9999.0 -9999.0 -9999.0 -9999.0 -9999.0 -9999.0 -9999.0 -9999.0 -9999.0 -9999.0 -9999.000 -9999.000 65022.592 60731.007 60345.772 45410.955 39202.957 40247.142 37996.659 36915.023 38536.692 37379.849 37288.044 36149.082 36594.977 41480.464 37180.970 12109.890 47487.805 44784.027 37339.360 33491.096 34866.869 36392.894 39127.243 02142.230 42860.548 30839.535 09907.797 27217.184 40028.907 33974.021 48242.651 48017.458 40002.017 34651.300 48864.267 47819.318 36728.174 04617.939 36532.735 07884.339 33927.831 34274.171 33649.914 33897.353 37283.076 43327.435 53122.948 66662.619
-9999.0 -9999.0 -9999.0 -9999.0 -9999.0 -9999.0 -9999.0 -9999.0 -9999.0 -9999.0 -9999.0 -9999.0 -9999.0 -9999.000 -9999.000 62861.104 56214.606 65162.618 43770.041 42382.944 34394.324 05863.324 25358.722 37241.566 38187.449 35989.482 39717.747 18310.968 28683.817 42147.324 46281.715 50232.074 54959.592 53209.260 54756.354 50904.110 14357.975 41709.159 34391.877 42648.088 47579.793 45150.746 51530.918 53729.369 43545.309 41783.999 48709.686 63032.465 54281.443 44427.995 04606.465 39853.276 39924.038 39572.110 07661.679 04619.123 23598.649 40925.033 40820.032 33980.974 30764.300 35049.569 36408.758 37784.486 43470.074
-9999.0 -9999.0 -9999.0 -9999.0 -9999.0 -9999.0 -9999.0 -9999.0 -9999.0 -9999.0 -9999.0 -9999.000 -9999.000 59027.105 68155.152 77411.634 78232.799 46094.733 49071.569 48079.600 41532.178 31286.232 48452.592 45429.705 42487.959 41829.433 57360.311 47190.059 44266.687 44704.258 52469.196 60985.623 65129.067 74406.116 82628.844 53972.078 62831.669 45434.545 37071.293 53317.205 47960.778 61164.624 55790.050 63139.778 66485.974 48943.886 69463.497 79715.106 96934.040 70896.202 14545.676 15978.735 13141.886 26994.710 23453.623 24532.821 32524.353 37844.430 40783.166 40355.330 34484.288 13476.005 38046.732 28013.096 26088.749
-9999.0 -9999.0 -9999.0 -9999.0 -9999.0 -9999.0 -9999.0 -9999.0 -9999.0 -9999.000 -9999.000 51803.095 81974.656 100077.756 103221.303 85498.670 64543.055 53581.238 62634.743 71185.369 79426.716 65279.601 45415.065 49231.809 44282.315 24218.065 48998.147 74089.289 52097.770 47485.815 55531.818 68089.031 81043.356 98397.043 36452.005 69650.776 69569.292 63865.064 51797.641 44594.568 49651.144 61531.177 68661.496 67399.222 58877.698 54150.289 43381.407 52006.506 84998.611 78927.568 13169.497 58821.646 47100.540 54130.035 64332.023 04800.239 48375.397 17673.951 36788.252 37368.708 41346.343 32101.795 39716.717 39092.423 38260.667
-9999.0 -9999.0 -9999.0 -9999.0 -9999.0 -9999.0 -9999.0 -9999.000 -9999.000 57209.020 103587.513 127068.569 133013.718 129724.073 125445.513 74850.775 64423.223 64430.840 70859.061 70141.930 83450.108 70022.096 59315.677 17885.542 08189.840 04643.036 11049.924 75960.110 65736.599 52325.587 81555.616 90717.954 156065.590 111843.186 41654.921 98846.004 89846.901 86722.945 89839.957 54114.331 53310.971 77137.296 69958.558 64287.798 38894.451 28722.762 21898.927 13503.834 57971.616 27747.708 00881.915 31824.435 49157.806 37340.050 56544.986 23452.849 33190.359 50004.429 41563.754 37907.521 42005.998 41943.310 41410.326 21574.441 06188.539
-9999.0 -9999.0 -9999.0 -9999.0 -9999.0 -9999.000 -9999.000 37629.949 72688.695 117755.249 131012.166 131791.527 115509.812 130447.714 91771.072 66516.159 67865.895 41392.476 51897.752 102528.496 75317.407 29114.570 26672.593 02226.778 05420.963 09046.296 44144.263 48121.564 56648.874 93383.513 55350.508 107703.396 99527.944 02686.114 78671.550 99215.830 99525.055 96393.735 73750.618 63202.224 66309.697 69994.583 36214.897 24049.158 03317.452 00955.395 00923.947 17762.334 00890.798 00885.179 00880.708 03003.341 01491.154 04535.981 35626.007 07894.491 13618.575 30480.367 53168.162 40827.900 41502.371 42180.953 35760.684 18598.161 04588.681
-9999.0 -9999.0 -9999.0 -9999.000 -9999.000 08586.398 52385.613 49870.901 50887.832 58599.342 99123.184 103549.962 86928.987 53154.083 48180.646 51986.887 48838.421 09621.696 75319.869 67602.495 44861.786 01467.300 02708.420 03986.288 27223.780 45280.163 20941.924 05400.870 50422.466 118324.594 20885.807 55110.779 69311.880 03433.247 55193.460 82487.337 78757.176 54656.913 62897.552 55187.474 37861.754 33464.411 28088.002 02773.512 00947.910 00915.883 00898.070 01157.476 03262.306 03705.400 02686.178 00858.302 00875.097 02623.532 08610.605 04720.658 05416.459 30534.278 31096.638 62672.086 44815.398 37737.216 33952.915 34529.425 09313.514
-9999.0 -9999.000 -9999.000 27447.341 33976.075 06255.049 13364.676 02011.741 50989.002 31614.720 82616.380 51550.579 03835.502 01618.994 08147.492 15449.517 26347.359 50964.501 48758.406 08629.294 03299.890 01053.222 03310.289 03443.188 02926.278 02797.183 03586.805 19319.608 23642.753 17274.961 17070.585 01562.850 00958.419 04713.250 51020.652 54084.514 25051.535 52660.219 72985.116 16578.983 02405.585 00968.468 03871.886 01930.365 01904.859 00882.613 00883.128 00873.449 01431.029 03431.025 15079.991 32975.119 38366.221 37994.102 20486.989 03981.326 04025.502 02864.674 26523.762 62445.993 48388.311 15906.834 02759.548 03450.800 02630.231
-9999.000 10282.401 02157.048 02109.619 03610.078 02794.476 01685.651 01141.985 50581.598 02353.987 61098.078 01015.660 01027.116 01049.132 01391.843 03485.443 01309.681 01261.236 06630.807 06271.167 03374.079 05573.502 05856.727 02938.306 02864.590 03186.883 23947.764 27943.076 30457.287 24713.975 05671.342 15480.074 21150.347 19372.163 13064.954 41766.738 45524.801 47137.564 49206.120 01825.706 00950.667 00944.116 07143.348 04461.958 29296.644 21681.433 00855.788 00894.066 00873.803 06003.087 37006.976 34152.287 40587.605 42427.355 27193.150 13021.972 04765.270 16338.532 34547.314 11290.997 46814.630 04510.777 02910.077 01313.636 01157.259
07499.856 04761.000 02922.907 04532.314 06693.881 13718.776 09378.922 02402.193 02371.964 02233.137 36307.547 22735.691 01020.098 01035.659 01040.710 01044.073 01528.688 01486.507 01030.688 01034.584 01263.915 01970.749 03845.219 04567.781 07754.097 04258.579 27991.180 48285.943 40388.511 04645.858 40216.676 39321.670 39122.883 02760.762 56979.207 58118.279 55226.964 59677.454 51215.339 44001.206 31567.462 07303.944 04921.721 19286.855 04622.955 15357.438 17700.961 31259.121 37900.278 45026.722 51237.653 39924.023 52053.555 49621.609 49866.619 47366.059 17610.622 12404.986 34595.882 01145.529 01950.708 01938.473 01286.530 00791.570 00632.180
04641.659 01608.535 02478.085 05822.437 03891.651 02959.425 00985.728 01053.219 01134.582 02249.536 13244.227 01012.462 01016.850 02169.498 03058.789 05675.045 12001.206 07393.281 02061.165 01264.944 01423.529 03072.071 03079.760 02851.339 07391.886 19541.367 01313.216 01459.505 05063.969 03092.038 29442.894 47338.714 45379.775 09862.294 45439.535 49922.731 53587.607 32395.406 08291.903 05185.705 03063.782 00904.345 00892.895 34924.735 38154.174 29316.816 34797.938 43040.745 38619.326 41633.708 43743.581 48531.823 51028.550 48905.233 42847.559 49042.531 52328.240 55697.637 64227.803 48427.132 00868.434 00861.038 00806.852 00746.065 00759.249
20402.091 48633.873 24564.055 25476.542 41981.517 26243.944 03144.087 01035.485 02313.068 02295.238 03518.031 04691.579 01005.332 00991.706 03718.128 09962.260 10170.038 01163.936 03020.704 05064.772 05481.059 09327.974 34580.201 46312.810 43670.926 04916.801 27668.210 41859.544 42833.092 25855.068 41996.645 44890.009 38459.831 02765.998 27837.718 58240.015 42589.917 02652.233 01002.038 00911.549 00907.120 00893.093 00880.614 42395.979 53468.994 48437.523 48729.427 41236.789 40422.784 35661.696 42631.660 50461.431 48945.498 53066.649 44152.600 44998.125 47258.742 48585.404 49625.942 51975.778 32477.849 01268.832 00797.950 00703.790 00749.563
51866.492 54293.944 42786.558 44709.507 40580.344 42180.425 20812.105 01046.631 02334.636 02312.269 04702.213 21935.771 41621.337 32314.290 10183.031 30337.339 22003.642 05325.377 05173.747 05181.650 50361.035 46898.772 49874.452 49667.492 73749.305 53470.446 57019.614 53149.416 46776.026 43802.624 54267.864 53617.272 40233.975 29010.324 43196.642 54464.725 61753.251 08720.780 01819.699 00883.948 00884.553 00881.525 09010.085 22736.047 43363.919 47443.910 42534.579 39714.816 39648.661 39176.638 39849.972 37787.472 39806.004 42146.466 43137.162 44059.200 43973.699 44213.388 44687.602 35948.113 15590.016 02094.669 00744.685 00720.996 00730.182
02365.392 48170.847 43116.629 45250.587 02256.757 47141.174 02280.246 02305.229 02192.177 02333.870 02322.138 02307.497 02249.724 40431.564 44045.310 46882.331 38749.373 23751.565 05767.967 04417.222 02279.937 44243.663 48126.659 46529.151 66025.350 39483.364 48658.549 49222.399 43998.472 54337.313 44193.423 46876.912 45688.464 49527.297 47700.475 51390.662 37868.650 14367.732 01029.738 00894.021 00880.816 04255.535 11672.364 02127.521 06548.595 31461.382 38185.165 38918.150 39200.752 47037.115 40233.253 34789.307 36491.469 37543.064 40895.531 41303.903 41361.138 42072.458 43711.893 44688.368 41654.427 17279.305 02329.641 01173.915 02517.475
02261.224 02275.933 02258.527 02310.438 02281.922 02273.243 02187.584 02121.957 38657.642 37196.937 15832.804 02735.284 02288.325 14137.460 38465.902 38628.841 04254.663 04256.791 03106.359 02263.514 03913.695 02634.479 02287.896 02277.022 02283.340 30046.030 35654.930 20125.043 37447.480 39416.236 42469.752 02248.333 32815.310 42814.133 44247.496 01652.686 02138.272 02151.643 02126.334 02117.445 02118.041 02136.823 02130.788 30090.126 48325.185 40959.627 43622.743 42767.585 40849.492 45081.329 42404.687 34008.817 33244.686 32704.401 34554.527 37593.260 38878.384 38703.875 40047.486 41785.130 38966.458 37809.820 01836.023 00782.282 04362.484
19667.667 02271.901 02290.061 02227.424 02254.053 02251.030 02228.144 34736.244 43997.242 43127.112 38336.311 02184.136 02256.135 46979.685 08597.749 13944.791 42157.386 44125.289 28011.239 13013.991 45205.108 37810.446 12288.220 50978.627 02173.743 02262.108 04325.200 02472.353 03593.087 02169.138 02131.518 02124.870 02098.947 02146.856 02227.453 02076.819 01948.204 01898.775 01984.667 01904.037 01892.006 01831.608 01826.659 -9999.0 -9999.0 01947.913 01986.256 01958.400 31519.376 38055.529 35807.498 34495.710 32807.816 32110.685 32812.420 34908.835 36072.236 36747.703 37692.147 38376.977 30726.485 13078.696 00767.959 04281.130 06098.690
36608.291 38799.008 41019.850 32390.661 02249.095 70052.393 37948.019 39131.461 62061.114 56551.614 40010.406 35574.161 02238.929 76688.392 63850.112 64877.188 56630.893 56600.119 55178.723 55657.011 74633.849 62673.008 61219.953 59868.616 37889.520 35951.815 30329.920 30986.297 31681.509 02092.470 10220.257 29988.876 37085.504 31351.587 31460.182 21017.495 32800.644 29341.532 01915.659 30167.027 33213.910 01968.143 01921.035 -9999.0 -9999.0 01333.020 -9999.0 -9999.0 -9999.0 32677.230 33297.899 33841.917 33452.684 31245.804 31933.650 39828.867 41429.792 38403.497 36648.284 38023.043 39825.959 35805.562 30286.960 02764.973 -9999.0
46998.122 39395.016 38017.114 54138.263 02265.332 43160.652 47604.827 43858.839 39936.070 91843.036 66494.921 75424.595 91671.135 85762.493 82614.195 78211.502 67577.221 53358.947 54682.036 88815.928 69705.310 70246.120 72032.412 61325.199 48467.282 43599.900 40065.019 37585.626 90057.026 46051.170 41983.364 43288.648 41712.756 34712.867 33955.249 31426.391 37357.986 37409.293 28565.496 37130.336 31784.579 31157.966 01945.194 32615.697 34629.837 -9999.0 -9999.0 -9999.0 -9999.0 -9999.0 22953.814 31300.800 30496.280 30290.251 29477.528 30506.667 32619.880 34158.126 34276.453 35840.670 37769.792 22452.192 06825.214 -9999.0 -9999.0
55095.902 78857.211 40740.316 38440.117 88872.937 70102.187 60242.825 47040.008 44281.295 47385.569 88359.541 92394.170 100517.039 93485.199 90615.959 84804.250 63591.699 54356.513 52429.413 78596.809 74468.063 74795.519 71024.371 61992.710 52373.630 48586.607 43048.574 39951.658 57750.598 51389.005 45541.553 49615.737 62981.987 37243.601 37613.936 37043.015 33260.565 38133.034 39347.904 36891.651 34102.176 35516.304 38810.930 35572.851 38442.484 33887.037 -9999.0 -9999.0 -9999.0 -9999.0 -9999.0 -9999.0 -9999.0 -9999.0 -9999.0 27170.629 30189.574 31623.613 32451.434 33845.712 34292.009 34002.229 03674.785 -9999.0 -9999.0
73496.377 75951.508 44346.397 40102.307 80964.551 77852.761 71123.994 50248.578 46842.521 84112.995 104895.421 98987.449 99754.346 96784.883 92933.041 73518.066 62657.484 55677.082 56146.227 75108.955 75350.076 74090.034 65885.421 61196.741 55084.775 54534.652 46097.892 41839.045 47307.665 64154.390 37539.800 41733.846 39130.083 40570.202 42283.389 36115.530 34628.491 33860.266 34933.294 33620.583 32376.082 33877.647 38874.871 35118.675 32486.156 34436.552 34482.950 37352.275 30997.476 -9999.0 -9999.0 -9999.0 -9999.0 -9999.0 -9999.0 -9999.0 -9999.0 -9999.0 33893.182 33155.722 33650.634 22914.479 -9999.0 -9999.0 -9999.0
62416.924 155279.311 54441.623 42414.807 79728.191 73112.506 76198.204 55804.938 46443.144 59000.626 115086.853 100523.127 100939.230 96828.833 88687.263 69162.261 61777.244 56904.132 71711.037 75866.650 75181.787 71396.925 68537.109 63154.531 61014.824 56068.245 48808.562 43659.767 45810.977 42164.704 43059.952 49184.790 36329.232 35211.574 36776.798 40116.569 48390.327 38941.010 42430.996 48955.227 29811.483 30548.232 36778.576 37205.908 40695.786 39512.901 33414.569 35881.244 31641.674 28307.678 -9999.0 -9999.0 -9999.0 -9999.0 -9999.0 -9999.0 -9999.0 -9999.0 -9999.0 -9999.0 -9999.0 -9999.0 -9999.0 -9999.0 -9999.0
102969.602 117087.659 70474.391 41875.305 61020.324 77717.088 81310.346 75324.484 51402.428 46442.078 137992.649 102160.914 97624.626 94221.095 77307.813 67947.167 58973.863 56175.600 75343.886 76540.950 75041.183 73112.605 71304.223 68046.069 73406.709 61794.780 52153.973 44979.124 46606.937 41384.996 65611.323 41271.031 35292.965 36256.453 36725.133 75848.525 56777.059 38080.530 34475.909 45237.673 31042.088 37895.042 39694.656 42615.267 24741.168 37510.870 35943.683 34629.345 29297.049 -9999.0 -9999.0 -9999.0 -9999.0 -9999.0 -9999.0 -9999.0 -9999.0 -9999.0 -9999.0 -9999.0 -9999.0 -9999.0 -9999.0 -9999.0 -9999.0
113945.876 75013.764 65180.474 43445.668 42699.827 85635.996 93310.472 87492.510 56529.130 48366.838 181070.861 135675.396 98630.449 89593.002 74859.051 64818.585 58652.709 93962.257 77582.044 79475.436 82290.835 77639.766 73393.368 78294.435 116125.250 69672.248 57160.908 47430.417 52622.497 43030.207 71495.744 43007.258 64289.543 39900.122 47196.408 77666.648 59970.104 36458.786 37298.527 31510.195 33274.903 41408.993 32668.655 40992.847 39842.986 35216.817 31893.653 35606.960 32865.448 -9999.0 -9999.0 -9999.0 -9999.0 -9999.0 -9999.0 -9999.0 -9999.0 -9999.0 -9999.0 -9999.0 -9999.0 -9999.0 -9999.0 -9999.0 -9999.0
83643.776 72975.765 67418.886 44295.736 42299.837 96147.156 104405.421 99545.996 72918.706 49284.589 118096.647 128388.652 99809.296 81744.275 74612.190 63561.942 62156.612 78914.126 82999.500 85680.272 87875.614 83518.020 79547.657 102268.541 123468.607 78216.692 58596.150 50494.641 44395.604 44306.292 75710.376 46875.004 62768.530 45609.013 85186.333 45322.929 46402.192 36951.317 39537.119 30905.257 35603.514 48168.267 30871.590 37230.990 33932.501 32172.499 -9999.0 37796.264 36034.932 38594.000 -9999.0 -9999.0 -9999.0 -9999.0 -9999.0 -9999.0 -9999.0 -9999.0 -9999.0 -9999.0 -9999.0 -9999.0 -9999.0 -9999.0 -9999.0
89378.379 86138.258 61564.876 46136.863 49899.032 100072.960 111987.424 99662.909 80011.404 54022.202 39656.478 73822.080 82891.206 79717.647 72123.737 23101.015 67730.582 93332.612 94164.723 94505.127 94813.581 85010.704 79676.984 79733.423 79172.170 84001.716 56064.861 49722.110 46211.004 72407.557 45282.636 47784.979 59353.214 50245.408 78684.303 51965.467 102112.093 37867.287 32462.414 34142.375 41298.117 36967.698 35222.619 40706.550 38137.373 37071.034 35917.065 44184.599 42033.871 -9999.0 -9999.0 -9999.0 -9999.0 -9999.0 -9999.0 -9999.0 -9999.0 -9999.0 -9999.0 -9999.0 -9999.0 -9999.0 -9999.0 -9999.0 -9999.0
