developer_scripts/forCreateIgnition/farsiteOutputs/a_originalIgnitions/WorkAsIs/a_test1177973_NTFBIgnition/test1177973_NTFBIgnition_SpreadDirection.asc
NCOLS 748
NROWS 648
XLLCORNER -8363.000000
YLLCORNER -11743.000000
CELLSIZE 30.000000
NODATA_VALUE -9999.0
[rows 280 to 314 of 648, columns 158 to 236 of 748]
-9999 -9999 -9999 -9999 -9999 -9999 -9999 -9999 -9999 -9999 -9999 -9999 -9999 -9999 -9999 -9999 -9999 -9999 -9999 -9999 -9999 -9999 -9999 -9999 -9999 -9999 -9999 -9999 -9999 -9999 -9999 -9999 -9999 -9999 -9999 -9999 -9999 -9999 -9999 -9999 -9999 -9999 -9999 -9999 -9999 -9999 -9999 -9999 -9999 -9999 -9999 -9999 -9999 -9999 -9999 -9999 -9999 -9999 -9999 -9999 325 265 305 027 261 269 146 351 351 048 048 -9999 -9999 -9999 333 339 290 055 297
-9999 -9999 -9999 -9999 -9999 -9999 -9999 -9999 -9999 -9999 -9999 -9999 -9999 -9999 -9999 -9999 -9999 -9999 -9999 -9999 -9999 -9999 -9999 -9999 -9999 -9999 -9999 -9999 -9999 -9999 -9999 -9999 -9999 -9999 -9999 -9999 -9999 -9999 -9999 -9999 -9999 -9999 -9999 -9999 -9999 -9999 -9999 -9999 -9999 -9999 -9999 -9999 -9999 -9999 -9999 -9999 -9999 -9999 -9999 254 278 318 347 354 008 343 343 345 064 052 107 005 005 327 338 341 -9999 -9999 000
-9999 -9999 -9999 -9999 -9999 -9999 -9999 -9999 -9999 -9999 -9999 -9999 -9999 -9999 -9999 -9999 -9999 -9999 -9999 -9999 -9999 -9999 -9999 -9999 -9999 -9999 -9999 -9999 -9999 -9999 -9999 -9999 -9999 -9999 -9999 -9999 -9999 -9999 -9999 -9999 -9999 -9999 -9999 -9999 -9999 -9999 -9999 -9999 -9999 -9999 -9999 -9999 -9999 -9999 -9999 -9999 -9999 -9999 -9999 230 313 240 291 253 340 336 335 335 077 104 128 300 335 337 341 350 -9999 -9999 318
-9999 -9999 -9999 -9999 -9999 -9999 -9999 -9999 -9999 -9999 -9999 -9999 -9999 -9999 -9999 -9999 -9999 -9999 -9999 -9999 -9999 -9999 -9999 -9999 -9999 -9999 -9999 -9999 -9999 -9999 -9999 -9999 -9999 -9999 -9999 -9999 -9999 -9999 -9999 -9999 -9999 -9999 -9999 -9999 -9999 -9999 -9999 -9999 -9999 -9999 -9999 -9999 -9999 -9999 -9999 -9999 -9999 -9999 313 314 293 009 343 000 280 317 300 320 086 030 039 302 287 348 351 357 337 321 -9999
-9999 -9999 -9999 -9999 -9999 -9999 -9999 -9999 -9999 -9999 -9999 -9999 -9999 -9999 -9999 -9999 -9999 -9999 -9999 -9999 -9999 -9999 -9999 -9999 -9999 -9999 -9999 -9999 -9999 -9999 -9999 -9999 -9999 -9999 -9999 -9999 -9999 -9999 -9999 -9999 -9999 -9999 -9999 -9999 -9999 -9999 -9999 -9999 -9999 -9999 -9999 -9999 -9999 -9999 -9999 -9999 -9999 318 315 315 275 240 277 011 288 314 320 062 079 015 022 286 287 281 339 330 317 317 026
-9999 -9999 -9999 -9999 -9999 -9999 -9999 -9999 -9999 -9999 -9999 -9999 -9999 -9999 -9999 -9999 -9999 -9999 -9999 -9999 -9999 -9999 -9999 -9999 -9999 -9999 -9999 -9999 -9999 -9999 -9999 -9999 -9999 -9999 -9999 -9999 -9999 -9999 -9999 -9999 000 000 019 -9999 -9999 -9999 -9999 -9999 -9999 -9999 -9999 -9999 -9999 -9999 -9999 -9999 315 312 308 307 314 019 260 326 347 344 350 053 099 010 000 012 271 268 283 269 319 321 325
-9999 -9999 -9999 -9999 -9999 -9999 -9999 -9999 -9999 -9999 -9999 -9999 -9999 -9999 -9999 -9999 -9999 -9999 -9999 -9999 -9999 -9999 -9999 -9999 -9999 -9999 -9999 -9999 -9999 -9999 -9999 -9999 -9999 -9999 -9999 -9999 -9999 349 357 357 357 097 066 -9999 -9999 -9999 -9999 -9999 -9999 -9999 -9999 -9999 -9999 -9999 -9999 -9999 284 280 303 276 278 228 326 318 324 352 352 358 047 354 354 033 027 268 285 269 290 297 021
-9999 -9999 -9999 -9999 -9999 -9999 -9999 -9999 -9999 -9999 -9999 -9999 -9999 -9999 -9999 -9999 -9999 -9999 -9999 -9999 -9999 -9999 -9999 -9999 -9999 -9999 -9999 -9999 -9999 -9999 -9999 -9999 -9999 -9999 -9999 -9999 292 320 338 058 075 093 064 -9999 -9999 -9999 -9999 -9999 -9999 -9999 -9999 -9999 -9999 -9999 -9999 295 284 282 236 262 273 260 277 014 216 243 287 016 018 017 020 041 051 228 248 250 282 299 293
-9999 -9999 -9999 -9999 -9999 -9999 -9999 -9999 -9999 -9999 -9999 -9999 -9999 -9999 -9999 -9999 -9999 -9999 -9999 -9999 -9999 -9999 -9999 -9999 -9999 -9999 -9999 -9999 -9999 -9999 -9999 -9999 -9999 -9999 -9999 -9999 313 338 316 027 098 153 339 028 017 -9999 -9999 -9999 -9999 -9999 343 344 352 090 -9999 250 206 162 -9999 261 203 260 277 287 291 326 323 018 027 029 024 009 026 007 247 244 220 279 320
-9999 -9999 -9999 -9999 -9999 -9999 -9999 -9999 -9999 -9999 -9999 -9999 -9999 -9999 -9999 -9999 -9999 -9999 -9999 -9999 -9999 -9999 -9999 -9999 -9999 -9999 -9999 -9999 -9999 -9999 -9999 -9999 -9999 -9999 -9999 -9999 280 302 000 000 000 356 027 034 070 030 -9999 -9999 -9999 036 320 033 083 091 -9999 -9999 -9999 -9999 -9999 -9999 001 349 300 325 296 290 299 303 018 008 007 000 000 002 004 100 207 188 352
-9999 -9999 -9999 -9999 -9999 -9999 -9999 -9999 -9999 -9999 -9999 -9999 -9999 -9999 -9999 -9999 -9999 -9999 -9999 -9999 -9999 -9999 -9999 -9999 -9999 -9999 -9999 -9999 -9999 -9999 -9999 -9999 -9999 -9999 -9999 -9999 332 346 083 125 118 084 030 030 348 342 -9999 338 316 078 308 004 082 045 318 345 351 017 048 278 308 089 266 292 289 290 301 302 355 000 000 358 001 351 037 115 -9999 -9999 241
-9999 -9999 -9999 -9999 -9999 -9999 -9999 -9999 -9999 -9999 -9999 -9999 -9999 -9999 -9999 -9999 -9999 -9999 -9999 -9999 -9999 -9999 -9999 -9999 -9999 -9999 -9999 -9999 -9999 -9999 -9999 -9999 -9999 -9999 -9999 303 003 003 083 150 162 155 148 079 265 336 099 040 310 064 359 113 099 032 274 304 339 129 127 -9999 018 100 269 292 303 299 301 295 314 310 324 330 022 348 348 006 314 276 107
-9999 -9999 -9999 -9999 -9999 -9999 -9999 -9999 -9999 -9999 -9999 -9999 -9999 -9999 -9999 -9999 -9999 -9999 -9999 -9999 -9999 -9999 -9999 -9999 -9999 -9999 -9999 -9999 -9999 -9999 -9999 -9999 -9999 324 007 285 255 349 349 002 002 054 313 334 060 242 087 132 309 073 066 123 099 108 266 054 129 -9999 -9999 351 359 069 275 261 271 270 259 258 268 272 267 268 328 080 215 213 208 146 -9999
-9999 -9999 -9999 -9999 -9999 -9999 -9999 -9999 -9999 -9999 -9999 -9999 -9999 -9999 -9999 -9999 -9999 -9999 -9999 -9999 -9999 -9999 -9999 -9999 -9999 -9999 -9999 -9999 -9999 -9999 -9999 -9999 304 314 072 262 257 341 002 103 129 061 358 029 062 245 092 139 185 185 069 068 183 306 299 032 -9999 337 078 111 085 238 269 271 271 270 259 258 268 272 267 199 199 125 214 186 186 -9999 -9999
-9999 -9999 -9999 -9999 -9999 -9999 -9999 -9999 -9999 -9999 -9999 -9999 -9999 -9999 -9999 -9999 -9999 -9999 -9999 -9999 -9999 -9999 -9999 -9999 -9999 -9999 -9999 -9999 -9999 -9999 -9999 306 179 302 353 346 232 247 068 004 004 051 075 121 092 237 092 059 285 104 104 063 346 263 296 311 338 082 078 125 145 131 238 271 230 239 254 263 261 188 188 182 184 131 204 178 137 -9999 -9999
-9999 -9999 -9999 -9999 -9999 -9999 -9999 -9999 -9999 -9999 -9999 -9999 -9999 -9999 -9999 -9999 -9999 -9999 -9999 -9999 -9999 -9999 -9999 -9999 -9999 -9999 -9999 -9999 -9999 -9999 326 316 342 354 344 174 224 238 186 186 050 031 075 000 000 110 032 203 082 161 104 348 345 311 295 332 065 060 119 116 140 026 280 265 235 239 243 186 186 189 189 176 176 128 248 156 -9999 -9999 -9999
-9999 -9999 -9999 -9999 -9999 -9999 -9999 -9999 -9999 -9999 -9999 -9999 -9999 -9999 -9999 -9999 -9999 -9999 -9999 -9999 -9999 -9999 -9999 -9999 -9999 -9999 -9999 -9999 -9999 307 307 302 314 323 320 037 189 184 205 171 000 030 355 088 096 135 124 119 076 278 329 347 327 045 348 358 073 077 044 049 079 344 279 199 248 244 193 184 184 173 170 176 176 142 148 138 -9999 -9999 -9999
-9999 -9999 -9999 -9999 -9999 -9999 -9999 -9999 -9999 -9999 -9999 -9999 -9999 -9999 -9999 -9999 -9999 -9999 -9999 -9999 -9999 -9999 -9999 345 108 -9999 -9999 -9999 309 312 313 314 326 321 323 008 018 024 061 173 178 178 031 144 -9999 -9999 202 191 098 317 326 346 341 020 072 065 073 077 078 044 325 012 009 014 231 186 186 166 190 189 147 174 204 148 143 -9999 -9999 -9999 -9999
-9999 -9999 -9999 -9999 -9999 -9999 -9999 -9999 -9999 -9999 -9999 -9999 -9999 -9999 -9999 -9999 -9999 -9999 -9999 -9999 -9999 308 -9999 -9999 -9999 -9999 -9999 272 290 313 308 292 270 282 303 340 339 037 028 027 245 147 004 004 -9999 -9999 -9999 218 -9999 233 264 304 326 051 070 039 055 329 022 359 310 022 021 343 197 359 173 079 189 150 155 113 231 216 -9999 -9999 -9999 -9999 -9999
-9999 -9999 -9999 -9999 -9999 -9999 -9999 -9999 -9999 -9999 -9999 -9999 -9999 -9999 -9999 -9999 -9999 -9999 -9999 -9999 -9999 317 -9999 -9999 275 352 349 052 284 290 243 287 262 290 259 349 356 048 051 039 092 280 023 042 084 313 -9999 -9999 -9999 -9999 245 348 027 057 318 029 000 000 112 348 301 054 341 345 357 060 257 146 057 166 163 163 216 226 -9999 -9999 -9999 -9999 -9999
-9999 -9999 -9999 -9999 -9999 -9999 -9999 -9999 -9999 -9999 -9999 -9999 -9999 -9999 -9999 -9999 -9999 -9999 318 051 325 330 040 039 245 271 311 358 261 286 311 024 242 224 250 257 306 050 054 073 268 261 276 079 098 325 110 320 010 349 068 067 101 101 332 356 353 087 328 341 052 168 352 352 047 057 070 087 116 084 165 167 248 -9999 -9999 -9999 -9999 -9999 -9999
-9999 -9999 -9999 -9999 -9999 -9999 -9999 -9999 -9999 -9999 -9999 -9999 -9999 -9999 -9999 -9999 -9999 -9999 298 035 242 258 021 037 009 271 333 356 008 291 336 048 354 327 274 255 320 046 056 105 354 348 039 121 325 102 318 315 350 018 044 073 103 337 340 001 024 348 357 033 041 032 227 106 100 104 093 087 066 002 002 299 028 -9999 -9999 -9999 -9999 -9999 -9999
-9999 -9999 -9999 -9999 -9999 -9999 -9999 -9999 -9999 -9999 -9999 -9999 -9999 -9999 -9999 -9999 -9999 -9999 263 344 032 260 289 012 045 284 329 338 339 351 356 028 359 249 272 287 336 334 067 036 015 332 015 032 349 328 316 345 000 000 015 017 337 345 326 009 009 025 038 038 033 032 025 164 100 106 098 061 062 017 012 038 206 -9999 -9999 -9999 -9999 -9999 -9999
-9999 -9999 -9999 -9999 -9999 -9999 -9999 -9999 -9999 -9999 -9999 -9999 -9999 -9999 -9999 -9999 -9999 287 257 304 359 049 300 056 072 290 319 313 340 343 350 015 001 326 325 320 345 345 005 011 340 310 009 014 015 063 291 358 359 000 022 014 355 355 318 010 019 020 027 051 017 022 018 110 154 126 075 081 324 322 017 043 039 -9999 -9999 -9999 -9999 -9999 -9999
-9999 -9999 -9999 -9999 -9999 -9999 -9999 -9999 -9999 -9999 -9999 -9999 -9999 -9999 -9999 -9999 -9999 213 234 292 310 320 326 058 106 351 337 005 290 269 358 356 358 325 325 359 004 012 069 293 044 311 006 007 018 014 305 334 003 003 021 322 013 340 344 358 356 046 113 -9999 264 031 032 003 002 017 065 131 303 242 124 055 042 -9999 -9999 -9999 -9999 -9999 -9999
-9999 -9999 -9999 -9999 -9999 -9999 -9999 -9999 -9999 -9999 -9999 -9999 -9999 -9999 -9999 -9999 -9999 -9999 -9999 323 339 340 329 007 334 351 002 002 286 269 251 294 314 324 314 323 000 017 053 202 323 314 354 354 007 356 065 327 000 000 002 004 007 348 004 018 302 310 -9999 -9999 256 007 007 007 003 013 023 014 009 063 346 347 108 -9999 -9999 -9999 -9999 -9999 -9999
-9999 -9999 -9999 -9999 -9999 -9999 -9999 -9999 -9999 -9999 -9999 -9999 -9999 -9999 -9999 -9999 -9999 -9999 287 269 293 329 310 335 334 353 351 072 279 347 327 308 280 308 216 239 277 000 040 312 308 311 304 349 357 355 049 347 354 352 350 006 022 002 003 000 000 015 038 -9999 -9999 340 003 004 016 012 059 047 047 047 348 350 -9999 -9999 -9999 -9999 -9999 -9999 -9999
-9999 -9999 -9999 -9999 -9999 -9999 -9999 -9999 -9999 -9999 -9999 -9999 -9999 -9999 -9999 -9999 048 291 009 269 294 297 290 290 335 340 011 072 312 323 311 291 284 205 215 190 239 223 169 331 304 302 296 314 325 183 297 350 347 354 355 013 014 013 000 001 001 017 018 027 046 042 051 033 037 052 066 050 048 052 288 169 -9999 -9999 -9999 -9999 -9999 -9999 -9999
-9999 -9999 -9999 -9999 -9999 -9999 -9999 -9999 -9999 -9999 -9999 -9999 -9999 235 259 358 356 288 292 004 292 322 237 296 344 347 000 011 279 310 291 194 301 286 337 357 038 159 221 237 250 267 284 170 170 145 295 311 331 319 000 013 013 018 014 000 000 016 016 031 031 048 067 121 139 130 115 170 013 062 082 168 -9999 -9999 -9999 -9999 -9999 -9999 -9999
-9999 -9999 -9999 -9999 -9999 -9999 -9999 -9999 -9999 -9999 -9999 -9999 -9999 -9999 248 306 308 296 036 184 272 345 338 332 359 359 087 116 123 336 323 312 221 233 282 311 012 353 356 211 284 265 226 185 166 328 305 320 316 308 -9999 015 018 018 018 014 015 016 034 034 038 042 052 035 012 012 074 089 093 062 071 -9999 -9999 -9999 -9999 -9999 -9999 -9999 -9999
-9999 -9999 -9999 -9999 -9999 -9999 -9999 -9999 -9999 -9999 -9999 -9999 -9999 -9999 271 308 304 297 352 292 269 281 270 301 011 057 137 160 305 321 356 254 358 352 332 332 330 003 004 298 279 255 236 170 273 291 278 284 298 294 -9999 -9999 -9999 -9999 -9999 020 021 020 035 041 038 038 050 026 044 049 064 042 093 071 -9999 -9999 -9999 -9999 -9999 -9999 -9999 -9999 -9999
-9999 -9999 -9999 -9999 -9999 -9999 -9999 -9999 -9999 -9999 -9999 -9999 -9999 -9999 -9999 -9999 -9999 323 357 006 008 343 272 267 356 020 118 186 317 338 104 218 288 213 205 216 215 244 352 354 252 256 238 171 273 261 288 280 283 -9999 -9999 -9999 -9999 -9999 -9999 -9999 -9999 -9999 000 000 040 043 043 040 040 044 050 054 042 -9999 -9999 -9999 -9999 -9999 -9999 -9999 -9999 -9999 -9999
-9999 -9999 -9999 -9999 -9999 -9999 -9999 -9999 -9999 -9999 -9999 -9999 -9999 -9999 298 304 309 353 097 047 265 006 104 232 249 284 356 338 000 056 -9999 -9999 -9999 211 178 246 258 007 199 197 091 225 233 278 215 261 286 280 282 -9999 -9999 -9999 -9999 -9999 -9999 -9999 -9999 132 145 077 142 159 057 055 055 052 050 067 055 -9999 -9999 -9999 -9999 -9999 -9999 -9999 -9999 -9999 -9999
-9999 -9999 -9999 -9999 -9999 -9999 -9999 -9999 -9999 -9999 -9999 -9999 -9999 -9999 258 273 292 168 -9999 044 262 274 028 287 357 313 356 356 097 060 074 -9999 -9999 340 049 235 255 264 004 004 358 244 327 326 003 338 303 294 289 -9999 -9999 -9999 -9999 -9999 -9999 -9999 -9999 -9999 -9999 -9999 174 152 154 083 076 060 058 113 -9999 -9999 -9999 -9999 -9999 -9999 -9999 -9999 -9999 -9999 -9999
-9999 -9999 -9999 -9999 -9999 -9999 -9999 -9999 -9999 -9999 -9999 -9999 -9999 285 241 203 223 227 -9999 218 221 280 337 013 357 358 005 005 000 051 093 314 334 029 012 -9999 334 353 353 339 342 342 322 325 009 294 298 291 289 -9999 -9999 -9999 -9999 -9999 -9999 -9999 -9999 -9999 -9999 -9999 -9999 -9999 196 075 076 129 087 -9999 -9999 -9999 -9999 -9999 -9999 -9999 -9999 -9999 -9999 -9999 -9999
