developer_scripts/forCreateIgnition/farsiteOutputs/a_originalIgnitions/WorkAsIs/a_test1177973_NTFBIgnition/test1177973_NTFBIgnition_Intensity.asc
NCOLS 748
NROWS 648
XLLCORNER -8363.000000
YLLCORNER -11743.000000
CELLSIZE 30.000000
NODATA_VALUE -9999.0
[rows 406 to 434 of 648, columns 325 to 389 of 748]
00012.883 00016.133 00021.431 00666.820 01138.010 00045.695 01077.490 01314.122 01156.831 00812.509 00249.598 00203.369 00420.159 00289.938 00917.384 01435.589 00859.724 00570.210 00818.690 00231.566 00362.487 00243.571 00258.103 00002.970 00283.142 00872.265 01294.520 01248.735 00020.304 00095.583 00028.054 00077.558 00025.537 00013.345 00132.284 00051.356 00034.256 00217.933 00469.279 00182.317 00180.600 00011.994 00488.847 00946.114 00476.107 00495.348 00376.458 00204.654 00183.124 00262.000 00252.853 00214.039 00237.245 00219.135 00186.048 00194.244 00156.732 00002.428 00537.126 00500.268 00797.086 00589.005 00498.843 00442.207 00056.660
00010.892 00011.287 00011.005 00018.993 00027.349 00147.915 03347.441 05325.966 12409.610 11583.090 04142.092 01908.221 00207.829 01072.960 01077.041 00758.061 00477.499 00322.311 00218.267 00257.152 00240.510 00461.709 00001.945 00002.129 00573.299 00983.528 00357.748 00016.635 00274.731 00039.275 00066.659 00010.952 00013.544 00016.797 00033.536 00079.354 00603.961 00547.624 00293.092 00141.289 00748.861 01197.630 01452.282 02826.332 00714.480 00081.747 00185.716 00249.280 00235.783 00241.892 00192.268 00231.153 00283.981 00262.842 00285.896 00274.001 00226.188 00215.055 00001.379 00218.441 00411.601 00421.436 00434.282 00415.713 00017.880
00005.019 00005.377 00077.872 00007.920 00018.163 00063.604 00084.817 01877.862 02173.314 07552.926 04225.190 01589.717 00238.926 00397.988 00616.964 00302.065 00034.185 00009.590 00025.527 00085.670 00210.018 00726.745 00002.866 00001.927 00535.291 01100.629 01114.581 00016.261 00029.082 00026.032 00052.730 00167.009 00192.015 00029.021 00224.692 00447.330 01169.933 00644.720 00269.640 00089.222 00321.674 00876.555 01224.807 00712.275 00503.196 00478.112 00222.005 00273.067 00228.305 00209.876 00219.451 00215.614 00271.700 00267.007 00268.458 00257.917 00215.860 00002.279 00002.090 00188.174 00288.859 00338.721 00316.417 00079.234 00055.033
00003.647 00005.344 00011.614 00016.280 00026.173 00026.892 00198.994 00863.881 00587.727 00195.893 00193.818 00344.580 00261.833 00027.030 00072.019 00029.693 00052.436 00033.701 00017.524 00007.300 00170.184 00344.192 00002.311 00001.733 01049.033 01032.752 00793.637 00021.972 00010.535 00025.572 00087.132 00632.361 00841.867 00501.381 00447.855 00746.295 01121.850 01129.780 00044.647 00052.573 00051.244 00052.922 00885.798 02630.661 02819.976 02188.330 00830.961 00339.307 00263.765 00282.172 00220.349 00232.620 00265.098 00266.867 00243.678 00236.708 00166.434 00002.270 00005.124 00180.618 00240.027 00294.718 00364.654 00290.840 00322.176
00004.193 00036.110 00107.833 00014.755 00318.440 00009.857 00038.704 00490.038 00371.641 00382.338 00040.286 00028.652 00085.171 00060.599 00049.024 00028.832 00017.101 00015.524 00009.279 00007.233 00079.265 00200.913 00002.298 00135.228 00875.170 01515.107 00127.705 00038.777 00034.108 00012.767 00042.052 00304.104 00655.049 01029.826 00526.287 00565.527 00678.614 00853.517 00799.476 00519.463 00727.863 00660.142 00757.564 02080.596 01843.411 00630.838 00368.463 00168.664 00156.977 00246.244 00232.082 00492.975 00288.296 00245.131 00179.765 00193.200 00002.436 -9999.0 -9999.0 00207.744 00161.885 00506.240 00416.635 00462.116 00066.014
00004.093 00029.946 00096.614 00004.730 00193.399 00013.385 00158.373 00040.611 00021.262 00036.500 00107.440 00272.863 00053.917 00483.752 00197.612 00017.501 00015.384 00010.201 00019.503 00238.574 00223.679 00002.036 00001.651 00244.067 00245.357 00676.134 00341.573 00022.320 00007.457 00005.770 00027.637 00046.006 00430.128 00721.623 00761.317 00510.799 00784.397 00967.407 01162.044 01865.059 03066.350 01527.481 01016.875 01323.806 01451.940 00344.380 00291.399 00068.299 00251.611 00177.629 00176.192 00029.054 00011.057 00166.884 00285.362 00188.629 00002.076 00001.975 00165.096 00240.975 00258.649 00238.825 00235.340 00259.463 00001.445
00061.526 00009.248 00009.763 00010.198 00009.547 00016.041 00016.495 00011.099 00010.821 00022.790 00037.496 00166.761 00074.163 00072.455 00362.389 00054.069 00022.348 00083.395 00218.789 00045.219 00134.908 00002.133 00001.647 00001.882 00322.375 00403.656 00017.024 00099.422 00599.361 00502.643 00198.637 00417.271 00707.164 00854.912 01004.915 00653.460 00963.285 01227.246 01784.628 02445.697 02812.111 02723.937 00102.126 00073.715 00207.510 00247.512 00242.271 00263.755 00301.864 00018.420 00018.620 00028.580 00377.433 00453.147 00252.084 00002.040 00001.599 00249.096 00352.487 00289.559 00227.640 00278.751 00192.454 00007.113 -9999.0
00008.457 00008.678 00007.447 00034.338 00125.665 00128.108 00072.724 00008.397 00038.132 00100.731 00130.498 00087.417 00036.039 00057.982 00065.589 00150.665 00317.679 00221.058 00006.468 00005.192 00008.915 00028.685 00002.373 00001.830 00296.700 00395.994 00145.303 00373.687 00671.144 00461.368 00371.040 00488.904 00690.906 00991.490 01344.821 00743.094 01697.532 02197.904 02703.251 03478.395 03385.627 02725.913 00334.160 00384.230 00017.874 00163.189 00205.184 00304.686 00037.648 00008.957 00016.608 00120.851 00195.443 00169.023 00192.019 00198.073 00305.294 00370.926 00326.996 00307.857 00288.406 00263.561 00197.012 00096.533 -9999.0
00102.560 00001.905 00003.953 00007.014 00098.854 00054.580 00119.749 00149.154 00234.684 00292.020 00400.317 00523.214 00222.510 00172.965 00044.386 00035.865 00101.368 00010.915 00016.141 00095.858 00174.335 00001.531 -9999.0 00001.830 00288.890 00143.846 00033.702 00256.965 00581.056 00284.263 00754.038 00746.185 00972.912 01281.387 01477.060 01672.830 01781.471 02611.380 03378.396 04048.990 04293.391 03683.678 02008.394 00692.187 00017.342 00090.404 00182.670 00188.943 00138.031 00052.386 00019.826 00135.337 00135.451 00144.416 00229.848 00545.810 00557.259 00523.740 00447.550 00286.889 00258.067 00132.846 00010.512 -9999.0 -9999.0
00006.719 00064.067 00003.058 00005.183 00004.355 00002.538 00004.115 00062.632 00285.786 01065.988 00772.860 00486.734 00100.457 00424.465 00375.878 00304.591 00025.223 00013.107 00007.092 00057.492 00002.928 -9999.0 -9999.0 00001.755 00306.160 00485.114 00605.108 00498.894 00889.370 00928.455 00918.465 00592.269 01124.963 01652.952 01752.620 01096.643 00912.561 01935.744 03225.948 03790.393 03102.543 02500.417 02051.511 00048.619 00042.815 00263.666 00186.708 00194.164 00202.187 00191.141 00192.441 00082.054 00113.001 00009.741 00049.692 00473.163 00702.878 00729.701 00398.307 00219.458 00096.129 00014.038 00008.881 -9999.0 -9999.0
-9999.0 00019.927 00004.158 00006.935 00008.081 00001.534 00004.417 00010.032 00100.390 00296.070 00417.030 00076.144 00210.101 00037.788 00029.388 00006.396 00004.795 00003.552 00008.387 00015.057 00003.065 -9999.0 -9999.0 00001.463 00190.713 00455.622 00582.052 00582.153 00475.516 00811.544 00732.387 00933.899 00965.065 01337.680 01462.594 00888.824 00369.393 01511.455 02130.525 03168.968 02810.119 00279.100 00197.461 00186.493 00170.106 00078.576 00224.506 00033.480 00060.319 00172.117 00126.995 00002.009 00001.418 -9999.0 -9999.0 00494.472 00696.827 00739.945 00137.738 00000.544 00009.660 00129.758 -9999.0 -9999.0 -9999.0
-9999.0 00006.217 00004.457 00075.891 00096.879 00003.231 00001.903 00008.594 00045.216 00139.792 00037.539 00112.501 00078.181 00031.727 00011.519 00019.098 00028.913 00009.760 00012.964 00017.255 00042.511 -9999.0 -9999.0 00001.442 00201.438 00421.527 00489.377 00583.162 00244.697 00087.124 00509.251 00923.084 00677.378 00806.185 01150.084 01160.786 00360.001 00531.925 01780.784 02471.167 01174.906 00231.153 00023.591 00211.529 00159.127 00173.600 00176.687 00171.079 00184.751 00161.269 00049.761 00001.656 -9999.0 00036.403 00059.563 00743.907 00310.258 00000.456 -9999.0 00010.577 00027.849 -9999.0 -9999.0 -9999.0 -9999.0
-9999.0 -9999.0 00014.520 00082.320 00007.835 00106.369 00008.164 00008.537 00010.593 00020.230 00009.860 00081.864 00024.999 00005.199 00018.985 00768.292 00083.455 00058.650 00023.558 00003.307 -9999.0 -9999.0 -9999.0 00001.425 00274.300 00380.765 00416.466 00127.099 00102.656 00036.776 00099.786 00164.811 00661.535 00578.319 00641.311 01250.908 00843.806 01084.340 01456.971 02034.100 00620.406 00176.877 00153.534 00162.209 00020.788 00066.127 00022.549 00176.875 00001.776 00001.039 -9999.0 00040.521 00131.362 00400.642 00402.543 00209.765 00316.915 00008.533 00241.339 00170.346 00185.085 -9999.0 -9999.0 -9999.0 -9999.0
-9999.0 -9999.0 -9999.0 -9999.0 -9999.0 00007.795 -9999.0 00010.089 00008.528 00112.885 00009.867 00154.764 00122.742 00018.717 00195.779 00041.057 00018.399 00027.484 00026.771 00003.468 00014.619 -9999.0 -9999.0 00001.406 00095.693 00191.804 00028.861 00307.082 00040.483 00039.201 00034.112 00209.366 00659.494 00520.866 00540.835 00763.944 00511.252 01032.928 00681.017 00536.594 00296.567 00186.106 00188.394 00188.190 00169.959 00015.496 00031.391 00003.290 00002.161 -9999.0 -9999.0 00181.630 00293.916 00300.625 00509.489 00351.367 00159.491 00015.019 00151.029 00128.779 00203.034 -9999.0 -9999.0 -9999.0 -9999.0
-9999.0 -9999.0 -9999.0 -9999.0 -9999.0 -9999.0 -9999.0 00007.406 00084.165 00007.378 00143.143 00215.046 00061.808 00016.536 00076.443 00016.807 00008.186 00025.696 00014.423 00004.434 00002.481 -9999.0 -9999.0 -9999.0 00001.356 00009.961 00036.181 00159.716 00046.022 00051.832 00040.579 00259.691 00465.147 00485.244 00542.140 00553.188 00469.766 00944.176 00444.862 00262.330 00189.193 00206.207 00260.343 00179.398 00236.293 00153.680 00244.821 00002.682 00001.611 00039.804 00128.403 00251.584 00319.214 00352.676 00397.589 00059.648 00076.175 -9999.0 00103.391 00214.928 00190.079 -9999.0 -9999.0 -9999.0 -9999.0
-9999.0 -9999.0 -9999.0 -9999.0 -9999.0 -9999.0 -9999.0 -9999.0 00099.192 00008.264 00001.522 00148.802 00014.101 00025.796 00016.391 00003.041 00018.523 00015.601 00005.622 00004.151 00000.613 -9999.0 -9999.0 -9999.0 -9999.0 00001.915 00003.961 00275.823 00444.079 00435.980 00474.427 00323.348 00270.452 00440.741 00527.900 00720.413 00525.135 00443.110 00731.828 01067.942 00395.665 00113.956 00016.674 00030.669 00318.142 00078.361 00001.215 00001.492 00108.388 00158.739 00133.104 00256.982 00286.000 00314.673 00231.100 00033.776 00097.468 00180.296 00000.714 00051.963 00084.043 -9999.0 -9999.0 -9999.0 -9999.0
-9999.0 -9999.0 -9999.0 -9999.0 -9999.0 -9999.0 -9999.0 -9999.0 -9999.0 00013.459 00008.079 00008.378 00201.729 -9999.0 -9999.0 -9999.0 00005.320 00005.097 00025.764 00164.502 -9999.0 -9999.0 -9999.0 -9999.0 -9999.0 -9999.0 00003.208 00152.820 00427.357 00769.609 01059.170 01185.296 00396.626 00373.969 00513.704 00522.160 00635.227 00467.144 00637.254 00571.186 00522.386 00050.870 00106.989 00147.915 00191.595 00002.174 -9999.0 00000.890 00069.342 00173.352 00022.406 00070.400 00170.606 00232.777 00272.041 00402.675 00327.074 00158.919 00161.272 00156.475 -9999.0 -9999.0 -9999.0 -9999.0 -9999.0
-9999.0 -9999.0 -9999.0 -9999.0 -9999.0 -9999.0 -9999.0 -9999.0 -9999.0 -9999.0 -9999.0 00101.555 00159.625 -9999.0 -9999.0 -9999.0 -9999.0 -9999.0 -9999.0 -9999.0 -9999.0 -9999.0 -9999.0 -9999.0 -9999.0 -9999.0 -9999.0 00015.125 00183.582 00033.883 00033.456 00223.366 00590.874 00319.842 00385.818 00467.969 00466.882 00513.863 00503.908 00914.688 00401.845 00220.043 00237.547 00274.012 00002.623 00003.203 00001.242 00133.420 00188.833 00197.919 00204.403 00019.728 00120.152 00263.391 00340.411 00256.298 00098.433 -9999.0 00186.280 -9999.0 -9999.0 -9999.0 -9999.0 -9999.0 -9999.0
-9999.0 -9999.0 -9999.0 -9999.0 -9999.0 -9999.0 -9999.0 -9999.0 -9999.0 -9999.0 -9999.0 00077.440 00018.765 -9999.0 -9999.0 -9999.0 -9999.0 -9999.0 -9999.0 -9999.0 -9999.0 -9999.0 -9999.0 -9999.0 -9999.0 -9999.0 -9999.0 00125.039 00062.323 00555.710 00807.737 00774.786 00593.223 00301.126 00410.106 00478.118 00503.901 00530.625 00586.865 00605.659 00523.847 00531.630 00249.829 00150.409 00002.646 00001.524 00185.842 00206.948 00249.603 00242.158 00218.891 00193.335 00185.133 00198.799 00350.504 00304.135 00003.345 00171.703 00129.515 -9999.0 -9999.0 -9999.0 -9999.0 -9999.0 -9999.0
-9999.0 -9999.0 -9999.0 -9999.0 -9999.0 -9999.0 -9999.0 -9999.0 -9999.0 -9999.0 -9999.0 -9999.0 -9999.0 -9999.0 -9999.0 -9999.0 -9999.0 -9999.0 -9999.0 -9999.0 -9999.0 -9999.0 -9999.0 -9999.0 -9999.0 -9999.0 00029.801 00198.872 00376.545 00160.254 00775.854 00989.802 00995.403 00371.810 00381.658 00450.752 00506.220 00593.796 00549.970 00527.384 00405.686 00357.716 00275.324 00030.889 00002.933 00222.617 00294.900 00295.856 00232.899 00281.502 00163.947 00220.124 00196.259 00226.113 00279.407 00228.939 00106.279 00016.052 00146.692 -9999.0 -9999.0 -9999.0 -9999.0 -9999.0 -9999.0
-9999.0 -9999.0 -9999.0 -9999.0 -9999.0 -9999.0 -9999.0 -9999.0 -9999.0 -9999.0 -9999.0 -9999.0 -9999.0 -9999.0 -9999.0 -9999.0 -9999.0 -9999.0 -9999.0 -9999.0 -9999.0 -9999.0 -9999.0 -9999.0 -9999.0 -9999.0 00073.436 00175.674 00402.931 00117.010 00447.099 00669.926 00909.993 00304.523 00322.745 00399.259 00267.828 00477.489 00426.015 00734.981 00840.402 00621.021 00108.923 00002.702 00002.323 00512.384 00401.731 00358.905 00336.181 00184.514 00250.165 00236.163 00207.580 00169.609 00191.448 00159.013 00104.768 00080.447 -9999.0 -9999.0 -9999.0 -9999.0 -9999.0 -9999.0 -9999.0
-9999.0 -9999.0 -9999.0 -9999.0 -9999.0 -9999.0 -9999.0 -9999.0 -9999.0 -9999.0 -9999.0 -9999.0 -9999.0 -9999.0 -9999.0 -9999.0 -9999.0 -9999.0 -9999.0 -9999.0 -9999.0 -9999.0 -9999.0 -9999.0 -9999.0 -9999.0 -9999.0 00005.772 00041.866 00022.890 00317.388 00666.879 01028.337 00944.564 00238.544 00332.000 00321.827 00023.371 00035.199 00405.412 00568.193 00109.257 00050.481 00004.403 00004.600 00113.523 00434.526 00378.429 00405.756 00321.899 00299.067 00208.389 00223.752 00118.101 00222.031 00163.737 00005.056 -9999.0 -9999.0 -9999.0 -9999.0 -9999.0 -9999.0 -9999.0 -9999.0
-9999.0 -9999.0 -9999.0 -9999.0 -9999.0 -9999.0 -9999.0 -9999.0 -9999.0 -9999.0 -9999.0 -9999.0 -9999.0 -9999.0 -9999.0 -9999.0 -9999.0 -9999.0 -9999.0 -9999.0 -9999.0 -9999.0 -9999.0 -9999.0 -9999.0 -9999.0 -9999.0 00001.136 00212.510 00610.237 00090.736 00457.660 00592.941 00606.958 00255.371 00105.156 00115.814 00005.558 00194.668 00747.753 01386.002 01519.462 00232.392 00563.886 00994.670 00989.213 00426.413 00366.306 00453.518 00253.089 00231.046 00184.481 00167.806 00013.018 00105.956 00121.229 -9999.0 -9999.0 -9999.0 -9999.0 -9999.0 -9999.0 -9999.0 -9999.0 -9999.0
-9999.0 -9999.0 -9999.0 -9999.0 -9999.0 -9999.0 -9999.0 -9999.0 -9999.0 -9999.0 -9999.0 -9999.0 -9999.0 -9999.0 -9999.0 -9999.0 -9999.0 -9999.0 -9999.0 -9999.0 -9999.0 -9999.0 -9999.0 -9999.0 -9999.0 -9999.0 -9999.0 -9999.0 00237.221 00230.034 00199.021 00268.565 00300.177 00248.044 00026.864 00018.100 00004.330 00004.154 00006.426 00329.653 00734.022 00790.949 00185.957 00826.861 01666.180 00617.340 00132.150 00475.574 00477.416 00274.996 00220.017 00141.177 00016.448 00011.419 00164.958 00114.086 -9999.0 -9999.0 -9999.0 -9999.0 -9999.0 -9999.0 -9999.0 -9999.0 -9999.0
-9999.0 -9999.0 -9999.0 -9999.0 -9999.0 -9999.0 -9999.0 -9999.0 -9999.0 -9999.0 -9999.0 -9999.0 -9999.0 -9999.0 -9999.0 -9999.0 -9999.0 -9999.0 -9999.0 -9999.0 -9999.0 -9999.0 -9999.0 -9999.0 -9999.0 -9999.0 -9999.0 -9999.0 -9999.0 00173.278 00194.623 00276.844 00093.732 00021.047 00018.172 00130.592 00156.687 00013.048 00002.835 00119.361 00157.446 00068.999 00673.237 01137.259 02377.609 01015.117 00587.483 00520.779 00464.163 00102.579 00199.706 00017.219 00133.023 00013.066 -9999.0 -9999.0 -9999.0 -9999.0 -9999.0 -9999.0 -9999.0 -9999.0 -9999.0 -9999.0 -9999.0
-9999.0 -9999.0 -9999.0 -9999.0 -9999.0 -9999.0 -9999.0 -9999.0 -9999.0 -9999.0 -9999.0 -9999.0 -9999.0 -9999.0 -9999.0 -9999.0 -9999.0 -9999.0 -9999.0 -9999.0 -9999.0 -9999.0 -9999.0 -9999.0 -9999.0 -9999.0 -9999.0 -9999.0 -9999.0 00154.307 00290.163 00445.211 00226.283 00024.567 00005.561 00006.481 00064.402 00016.490 00010.342 00002.119 00002.632 00255.998 00951.313 00884.938 01822.269 02021.220 01239.391 00612.443 00645.318 00158.292 00003.565 00002.548 00002.024 -9999.0 -9999.0 -9999.0 -9999.0 -9999.0 -9999.0 -9999.0 -9999.0 -9999.0 -9999.0 -9999.0 -9999.0
-9999.0 -9999.0 -9999.0 -9999.0 -9999.0 -9999.0 -9999.0 -9999.0 -9999.0 -9999.0 -9999.0 -9999.0 -9999.0 -9999.0 -9999.0 -9999.0 -9999.0 -9999.0 -9999.0 -9999.0 -9999.0 -9999.0 -9999.0 -9999.0 -9999.0 -9999.0 -9999.0 -9999.0 -9999.0 00153.430 00254.540 00200.896 00256.486 00014.359 -9999.0 -9999.0 00004.676 00007.166 00004.857 -9999.0 00070.229 00181.713 00486.282 00725.820 00799.316 01082.533 00863.961 00642.120 00684.837 00126.526 00013.972 00019.186 00027.848 -9999.0 -9999.0 -9999.0 -9999.0 -9999.0 -9999.0 -9999.0 -9999.0 -9999.0 -9999.0 -9999.0 -9999.0
-9999.0 -9999.0 -9999.0 -9999.0 -9999.0 -9999.0 -9999.0 -9999.0 -9999.0 -9999.0 -9999.0 -9999.0 -9999.0 -9999.0 -9999.0 -9999.0 -9999.0 -9999.0 -9999.0 -9999.0 -9999.0 -9999.0 -9999.0 -9999.0 -9999.0 -9999.0 -9999.0 -9999.0 -9999.0 -9999.0 00172.831 00215.402 00066.307 -9999.0 -9999.0 -9999.0 -9999.0 00143.351 -9999.0 -9999.0 00148.357 00209.895 00430.023 00582.695 00861.013 00970.661 00715.748 00708.805 00475.762 00084.827 00058.014 00000.121 -9999.0 -9999.0 -9999.0 -9999.0 -9999.0 -9999.0 -9999.0 -9999.0 -9999.0 -9999.0 -9999.0 -9999.0 -9999.0
-9999.0 -9999.0 -9999.0 -9999.0 -9999.0 -9999.0 -9999.0 -9999.0 -9999.0 -9999.0 -9999.0 -9999.0 -9999.0 -9999.0 -9999.0 -9999.0 -9999.0 -9999.0 -9999.0 -9999.0 -9999.0 -9999.0 -9999.0 -9999.0 -9999.0 -9999.0 -9999.0 -9999.0 -9999.0 -9999.0 -9999.0 -9999.0 -9999.0 -9999.0 -9999.0 -9999.0 -9999.0 -9999.0 -9999.0 -9999.0 00181.815 00263.631 00336.916 00845.090 00900.137 00781.464 00714.140 00738.945 00534.706 00298.023 00026.777 00007.601 -9999.0 -9999.0 -9999.0 -9999.0 -9999.0 -9999.0 -9999.0 -9999.0 -9999.0 -9999.0 -9999.0 -9999.0 -9999.0
