developer_scripts/forCreateIgnition/farsiteOutputs/a_originalIgnitions/WorkAsIs/a_test1177973_NTFBIgnition/test1177973_NTFBIgnition_FlameLength.asc
NCOLS 748
NROWS 648
XLLCORNER -8363.000000
YLLCORNER -11743.000000
CELLSIZE 30.000000
NODATA_VALUE -9999.0
[rows 330 to 359 of 648, columns 136 to 203 of 748]
-9999.0 -9999.0 -9999.0 -9999.0 -9999.0 -9999.0 -9999.0 -9999.0 -9999.0 -9999.0 -9999.0 -9999.0 -9999.0 -9999.0 -9999.0 -9999.0 -9999.0 -9999.0 -9999.0 -9999.0 -9999.0 -9999.0 -9999.0 -9999.0 -9999.0 -9999.0 -9999.0 -9999.0 -9999.0 -9999.0 00.16 00.24 00.19 00.23 00.61 00.24 00.22 00.71 00.48 00.26 00.53 00.23 00.75 00.49 00.92 00.84 00.78 00.87 01.20 01.19 01.22 00.98 01.34 01.05 01.07 00.78 00.32 00.26 00.22 00.16 00.35 00.52 01.49 02.07 01.05 00.38 00.46 00.52
-9999.0 -9999.0 -9999.0 -9999.0 -9999.0 -9999.0 -9999.0 -9999.0 -9999.0 -9999.0 -9999.0 -9999.0 -9999.0 -9999.0 -9999.0 -9999.0 -9999.0 -9999.0 -9999.0 -9999.0 -9999.0 -9999.0 -9999.0 -9999.0 -9999.0 -9999.0 -9999.0 -9999.0 -9999.0 00.37 00.26 00.64 00.13 00.14 00.19 00.39 00.20 00.74 00.98 01.14 01.11 00.15 00.68 00.91 00.68 00.76 00.91 00.90 00.91 00.38 00.56 01.42 01.99 02.68 01.42 01.03 00.86 01.20 00.28 00.42 00.86 00.57 00.58 03.96 02.34 02.41 00.21 00.63
-9999.0 -9999.0 -9999.0 -9999.0 -9999.0 -9999.0 -9999.0 -9999.0 -9999.0 -9999.0 -9999.0 -9999.0 -9999.0 -9999.0 -9999.0 -9999.0 -9999.0 -9999.0 -9999.0 -9999.0 -9999.0 -9999.0 -9999.0 -9999.0 -9999.0 -9999.0 -9999.0 -9999.0 00.45 00.59 00.46 00.79 00.13 00.14 00.41 00.66 00.16 00.88 00.39 01.79 01.75 01.20 00.20 01.64 01.14 01.01 01.54 01.34 00.89 00.53 00.30 00.23 00.18 01.25 01.35 01.22 01.60 00.90 00.33 00.89 01.08 00.25 00.45 04.79 02.39 00.81 00.46 00.66
-9999.0 -9999.0 -9999.0 -9999.0 -9999.0 -9999.0 -9999.0 -9999.0 -9999.0 -9999.0 -9999.0 -9999.0 -9999.0 -9999.0 -9999.0 -9999.0 -9999.0 -9999.0 -9999.0 -9999.0 -9999.0 -9999.0 -9999.0 -9999.0 -9999.0 -9999.0 -9999.0 -9999.0 -9999.0 00.40 00.55 00.57 00.11 01.03 00.41 00.64 00.18 00.39 00.49 00.33 01.71 01.76 00.61 00.19 00.67 00.90 01.16 01.30 00.72 00.25 00.84 00.19 00.18 00.22 00.35 00.36 00.30 00.37 00.22 00.79 00.25 00.55 00.70 03.98 02.39 00.48 00.50 02.97
-9999.0 -9999.0 -9999.0 -9999.0 -9999.0 -9999.0 -9999.0 -9999.0 -9999.0 -9999.0 -9999.0 -9999.0 -9999.0 -9999.0 -9999.0 -9999.0 -9999.0 -9999.0 -9999.0 -9999.0 -9999.0 -9999.0 -9999.0 -9999.0 -9999.0 -9999.0 -9999.0 -9999.0 00.10 00.65 00.25 00.71 00.11 00.51 00.97 00.54 00.24 00.12 00.17 00.19 00.35 00.27 00.24 00.21 00.75 00.93 00.19 01.24 00.29 00.60 00.73 00.48 00.81 00.77 00.52 00.56 00.98 01.47 00.28 00.55 00.21 00.49 01.00 02.24 01.63 01.14 00.45 01.15
-9999.0 -9999.0 -9999.0 -9999.0 -9999.0 -9999.0 -9999.0 -9999.0 -9999.0 -9999.0 -9999.0 -9999.0 -9999.0 -9999.0 -9999.0 -9999.0 -9999.0 -9999.0 -9999.0 -9999.0 -9999.0 -9999.0 -9999.0 -9999.0 -9999.0 -9999.0 -9999.0 -9999.0 00.07 00.10 00.13 00.71 00.33 00.18 00.20 00.13 00.15 00.14 00.31 00.91 00.46 00.29 00.20 00.20 00.22 00.11 00.99 01.19 00.58 00.61 00.93 01.17 00.46 00.49 00.71 00.87 01.08 00.25 00.15 00.38 00.39 00.45 01.78 01.50 01.72 00.33 00.37 01.25
-9999.0 -9999.0 -9999.0 -9999.0 -9999.0 -9999.0 -9999.0 -9999.0 -9999.0 -9999.0 -9999.0 -9999.0 -9999.0 -9999.0 -9999.0 -9999.0 -9999.0 -9999.0 -9999.0 -9999.0 -9999.0 -9999.0 -9999.0 -9999.0 -9999.0 -9999.0 -9999.0 -9999.0 00.09 00.13 00.21 00.41 00.37 00.39 00.09 00.14 00.26 00.22 00.30 00.14 00.46 00.37 00.27 00.41 00.37 00.28 00.20 00.12 00.87 00.85 00.77 00.14 00.43 -9999.0 -9999.0 -9999.0 -9999.0 -9999.0 -9999.0 00.12 00.37 00.43 00.35 01.34 00.40 -9999.0 -9999.0 -9999.0
-9999.0 -9999.0 -9999.0 -9999.0 -9999.0 -9999.0 -9999.0 -9999.0 -9999.0 -9999.0 -9999.0 -9999.0 -9999.0 -9999.0 -9999.0 -9999.0 -9999.0 -9999.0 -9999.0 -9999.0 -9999.0 -9999.0 -9999.0 -9999.0 -9999.0 -9999.0 -9999.0 00.19 00.11 00.14 00.25 00.29 00.24 00.19 00.19 00.19 00.36 00.22 00.31 00.18 00.68 00.22 00.23 00.81 00.59 00.10 00.12 00.11 00.13 00.30 00.38 00.27 00.55 00.66 00.66 -9999.0 -9999.0 -9999.0 -9999.0 00.53 00.22 00.27 00.23 00.56 -9999.0 -9999.0 -9999.0 -9999.0
-9999.0 -9999.0 -9999.0 -9999.0 -9999.0 -9999.0 -9999.0 -9999.0 -9999.0 -9999.0 -9999.0 -9999.0 -9999.0 -9999.0 -9999.0 -9999.0 -9999.0 -9999.0 -9999.0 -9999.0 -9999.0 -9999.0 -9999.0 -9999.0 -9999.0 -9999.0 -9999.0 00.21 00.11 00.14 00.36 00.40 00.16 00.17 00.28 00.38 00.45 00.29 00.18 00.19 00.87 00.87 00.81 00.76 00.47 00.12 00.10 00.68 00.37 01.12 00.92 00.44 00.36 01.57 01.44 00.19 01.18 00.79 00.37 00.93 00.33 01.05 00.31 -9999.0 -9999.0 -9999.0 -9999.0 00.41
-9999.0 -9999.0 -9999.0 -9999.0 -9999.0 -9999.0 -9999.0 -9999.0 -9999.0 -9999.0 -9999.0 -9999.0 -9999.0 -9999.0 -9999.0 -9999.0 -9999.0 -9999.0 -9999.0 -9999.0 -9999.0 -9999.0 -9999.0 -9999.0 -9999.0 -9999.0 00.19 00.49 00.10 00.15 00.24 00.16 00.17 00.17 00.16 00.17 00.16 00.19 00.30 00.47 00.60 00.67 00.50 00.73 00.49 00.20 00.32 01.55 01.45 00.33 00.80 01.19 02.34 00.87 00.68 00.54 01.57 01.23 00.54 00.70 00.88 00.46 00.94 01.31 00.32 00.39 -9999.0 00.40
-9999.0 -9999.0 -9999.0 -9999.0 -9999.0 -9999.0 -9999.0 -9999.0 -9999.0 -9999.0 -9999.0 -9999.0 -9999.0 -9999.0 -9999.0 -9999.0 -9999.0 -9999.0 -9999.0 -9999.0 -9999.0 -9999.0 -9999.0 -9999.0 -9999.0 -9999.0 00.12 00.56 00.16 00.26 00.17 00.14 00.19 00.21 00.18 00.19 00.22 00.34 00.46 00.53 00.51 00.42 00.35 00.64 00.44 00.34 00.49 00.56 01.57 00.47 00.78 01.20 01.60 00.71 00.45 00.43 02.07 01.22 01.99 00.42 00.54 00.51 00.44 01.28 00.48 00.28 00.86 00.21
-9999.0 -9999.0 -9999.0 -9999.0 -9999.0 -9999.0 -9999.0 -9999.0 -9999.0 -9999.0 -9999.0 -9999.0 -9999.0 -9999.0 -9999.0 -9999.0 -9999.0 -9999.0 -9999.0 -9999.0 -9999.0 -9999.0 -9999.0 -9999.0 -9999.0 -9999.0 -9999.0 -9999.0 00.24 00.30 00.19 00.14 00.29 00.32 00.27 00.24 00.28 00.37 00.51 01.01 01.26 00.92 00.51 00.60 00.33 01.64 01.62 01.40 02.15 01.11 00.95 00.16 00.25 00.51 00.44 00.95 01.57 01.97 02.51 00.42 00.50 00.50 00.57 01.22 00.99 01.00 01.27 00.62
-9999.0 -9999.0 -9999.0 -9999.0 -9999.0 -9999.0 -9999.0 -9999.0 -9999.0 -9999.0 -9999.0 -9999.0 -9999.0 -9999.0 -9999.0 -9999.0 -9999.0 -9999.0 -9999.0 -9999.0 -9999.0 -9999.0 -9999.0 -9999.0 -9999.0 -9999.0 -9999.0 00.12 00.07 00.12 00.12 00.12 00.17 00.26 00.31 00.18 00.15 00.21 00.74 01.34 01.24 00.73 00.31 00.38 00.41 02.17 01.84 01.35 02.34 02.14 00.91 00.23 -9999.0 -9999.0 -9999.0 -9999.0 -9999.0 00.14 00.28 00.71 00.29 00.42 00.18 00.31 01.84 01.59 01.43 01.40
-9999.0 -9999.0 -9999.0 -9999.0 -9999.0 -9999.0 -9999.0 -9999.0 -9999.0 -9999.0 -9999.0 -9999.0 -9999.0 -9999.0 -9999.0 -9999.0 -9999.0 -9999.0 -9999.0 -9999.0 -9999.0 -9999.0 -9999.0 -9999.0 -9999.0 -9999.0 -9999.0 00.60 00.14 00.10 00.74 00.17 00.17 00.19 00.18 00.23 00.11 -9999.0 00.20 00.43 00.78 00.56 00.57 00.30 01.40 02.94 03.14 00.69 00.61 01.45 01.71 00.94 00.54 00.22 -9999.0 00.25 00.46 00.57 00.28 00.33 00.33 00.28 00.43 00.38 00.79 01.90 01.43 01.93
-9999.0 -9999.0 -9999.0 -9999.0 -9999.0 -9999.0 -9999.0 -9999.0 -9999.0 -9999.0 -9999.0 -9999.0 -9999.0 -9999.0 -9999.0 -9999.0 -9999.0 -9999.0 -9999.0 -9999.0 -9999.0 -9999.0 -9999.0 -9999.0 -9999.0 -9999.0 00.05 00.45 00.17 00.39 00.77 00.46 00.69 00.27 00.37 00.27 00.16 00.04 -9999.0 00.04 00.69 00.78 00.52 00.41 00.75 03.15 03.89 01.44 00.93 01.10 01.29 00.87 00.48 00.35 00.26 00.32 00.48 01.46 00.92 01.94 01.31 00.75 00.43 00.48 00.37 00.37 00.35 01.12
-9999.0 -9999.0 -9999.0 -9999.0 -9999.0 -9999.0 -9999.0 -9999.0 -9999.0 -9999.0 -9999.0 -9999.0 -9999.0 -9999.0 -9999.0 -9999.0 -9999.0 -9999.0 -9999.0 -9999.0 -9999.0 -9999.0 -9999.0 -9999.0 -9999.0 -9999.0 00.23 00.32 00.19 00.33 00.31 00.29 01.37 01.26 00.48 00.79 00.75 00.18 00.24 00.13 00.13 00.14 00.56 00.43 00.89 01.59 03.50 04.06 00.46 00.82 00.50 00.39 00.32 00.28 00.24 00.21 00.36 02.21 01.10 01.21 03.29 01.75 01.78 02.83 00.47 00.39 00.51 00.41
-9999.0 -9999.0 -9999.0 -9999.0 -9999.0 -9999.0 -9999.0 -9999.0 -9999.0 -9999.0 -9999.0 -9999.0 -9999.0 -9999.0 -9999.0 -9999.0 -9999.0 -9999.0 -9999.0 -9999.0 -9999.0 -9999.0 -9999.0 -9999.0 00.09 01.04 00.33 00.82 00.60 00.36 00.30 00.33 02.11 02.70 03.35 03.17 01.00 00.26 01.01 00.33 00.66 00.69 00.55 00.47 00.82 01.51 00.36 00.25 00.32 00.09 00.46 00.35 00.57 00.31 00.30 00.19 00.34 01.12 01.28 02.12 03.49 03.56 03.32 03.16 01.73 00.41 01.96 00.43
-9999.0 -9999.0 -9999.0 -9999.0 -9999.0 -9999.0 -9999.0 -9999.0 -9999.0 -9999.0 -9999.0 -9999.0 -9999.0 -9999.0 -9999.0 -9999.0 -9999.0 -9999.0 -9999.0 -9999.0 -9999.0 -9999.0 -9999.0 -9999.0 00.07 00.31 01.21 01.14 00.38 00.37 01.36 00.91 02.43 03.63 02.53 01.61 01.22 00.51 00.75 00.69 00.57 00.36 00.27 00.71 00.67 00.73 01.08 00.80 00.33 -9999.0 -9999.0 00.56 00.42 00.54 00.19 00.40 00.31 00.35 00.57 00.45 01.24 01.42 01.10 00.92 01.48 01.14 02.17 01.04
-9999.0 -9999.0 -9999.0 -9999.0 -9999.0 -9999.0 -9999.0 -9999.0 -9999.0 -9999.0 -9999.0 -9999.0 -9999.0 -9999.0 -9999.0 -9999.0 -9999.0 -9999.0 -9999.0 -9999.0 -9999.0 -9999.0 -9999.0 -9999.0 00.32 00.93 01.35 01.13 00.41 01.62 01.90 01.88 03.23 04.68 02.90 01.51 00.52 00.42 00.35 00.47 00.40 00.31 00.28 00.28 00.76 00.88 00.49 00.38 00.30 00.34 00.46 00.84 00.44 00.58 00.93 00.38 00.21 00.21 00.32 00.31 00.33 00.30 01.56 01.86 00.25 00.88 01.29 01.87
-9999.0 -9999.0 -9999.0 -9999.0 -9999.0 -9999.0 -9999.0 -9999.0 -9999.0 -9999.0 -9999.0 -9999.0 -9999.0 -9999.0 -9999.0 -9999.0 -9999.0 -9999.0 -9999.0 -9999.0 -9999.0 -9999.0 -9999.0 00.15 00.41 02.62 02.03 01.73 02.22 02.08 02.45 02.94 04.09 05.54 03.04 01.23 01.05 00.28 00.36 00.42 00.84 00.44 00.23 00.26 00.38 01.13 01.04 00.29 00.25 00.25 00.63 01.14 00.44 00.83 01.43 00.37 00.47 00.36 00.17 00.26 00.56 01.89 02.34 03.22 02.26 01.65 01.71 02.74
-9999.0 -9999.0 -9999.0 -9999.0 -9999.0 -9999.0 -9999.0 -9999.0 -9999.0 -9999.0 -9999.0 -9999.0 -9999.0 -9999.0 -9999.0 -9999.0 -9999.0 -9999.0 -9999.0 -9999.0 -9999.0 -9999.0 -9999.0 -9999.0 03.18 01.71 02.95 04.32 02.25 02.22 03.13 03.97 01.21 00.88 00.59 00.41 00.84 00.25 00.24 00.26 00.76 00.48 00.20 00.14 00.10 01.05 01.35 00.41 00.47 00.27 00.23 00.57 00.26 00.42 00.19 00.33 00.82 01.03 00.30 00.29 00.49 00.60 02.55 03.52 03.10 01.34 03.08 03.41
-9999.0 -9999.0 -9999.0 -9999.0 -9999.0 -9999.0 -9999.0 -9999.0 -9999.0 -9999.0 -9999.0 -9999.0 -9999.0 -9999.0 -9999.0 -9999.0 -9999.0 -9999.0 -9999.0 -9999.0 -9999.0 -9999.0 -9999.0 00.03 00.08 00.16 00.25 00.91 00.89 02.19 01.69 01.16 00.91 00.66 01.56 00.92 00.31 00.52 00.44 00.46 00.47 00.49 00.66 00.69 00.20 00.13 00.47 00.45 00.77 00.34 00.16 00.24 00.23 00.19 00.23 00.61 01.79 01.21 01.85 00.52 00.52 00.57 02.28 04.16 04.74 00.44 03.17 00.87
-9999.0 -9999.0 -9999.0 -9999.0 -9999.0 -9999.0 -9999.0 -9999.0 -9999.0 -9999.0 -9999.0 -9999.0 -9999.0 -9999.0 -9999.0 -9999.0 -9999.0 -9999.0 -9999.0 -9999.0 -9999.0 -9999.0 -9999.0 -9999.0 00.10 -9999.0 00.14 00.15 00.16 00.23 00.27 00.31 00.86 02.32 00.75 01.48 00.37 00.41 01.00 00.43 00.80 00.85 00.78 00.47 00.10 00.13 00.63 00.92 00.97 00.97 00.22 00.18 00.30 00.33 00.34 00.40 00.57 00.62 00.51 00.55 02.29 01.95 03.05 04.39 04.07 01.03 01.82 00.26
-9999.0 -9999.0 -9999.0 -9999.0 -9999.0 -9999.0 -9999.0 -9999.0 -9999.0 -9999.0 -9999.0 -9999.0 -9999.0 -9999.0 -9999.0 -9999.0 -9999.0 -9999.0 -9999.0 -9999.0 -9999.0 -9999.0 -9999.0 -9999.0 -9999.0 00.89 00.88 00.38 01.13 00.31 00.21 00.21 00.32 03.00 02.04 00.55 00.34 00.29 00.35 00.78 00.75 00.72 00.76 00.87 00.11 00.11 00.45 00.25 00.19 00.29 00.31 00.32 00.31 00.36 00.72 00.24 00.30 00.55 00.55 00.78 02.74 01.76 04.47 04.80 03.47 01.77 00.34 00.31
-9999.0 -9999.0 -9999.0 -9999.0 -9999.0 -9999.0 -9999.0 -9999.0 -9999.0 -9999.0 -9999.0 -9999.0 -9999.0 -9999.0 -9999.0 -9999.0 -9999.0 -9999.0 -9999.0 -9999.0 -9999.0 -9999.0 -9999.0 -9999.0 00.28 00.48 00.33 00.57 00.60 00.56 00.22 00.22 00.67 02.57 00.73 01.28 01.23 00.89 00.91 00.99 00.78 00.46 00.41 00.49 00.12 00.16 00.26 00.25 00.23 00.43 00.72 00.35 00.42 00.42 00.84 00.46 00.64 00.52 00.60 02.71 01.37 01.97 04.99 03.00 00.32 00.84 00.42 00.49
-9999.0 -9999.0 -9999.0 -9999.0 -9999.0 -9999.0 -9999.0 -9999.0 -9999.0 -9999.0 -9999.0 -9999.0 -9999.0 -9999.0 -9999.0 -9999.0 -9999.0 -9999.0 -9999.0 -9999.0 -9999.0 -9999.0 -9999.0 -9999.0 00.37 00.79 00.69 00.67 00.82 00.23 00.25 00.25 00.24 01.53 00.27 00.73 00.30 01.10 00.97 00.74 00.66 00.51 00.32 00.61 00.53 00.28 00.30 00.71 00.28 00.68 00.86 00.33 01.20 00.51 01.02 00.64 00.92 00.30 00.53 01.83 03.53 01.45 01.53 00.40 00.20 00.27 00.78 01.40
-9999.0 -9999.0 -9999.0 -9999.0 -9999.0 -9999.0 -9999.0 -9999.0 -9999.0 -9999.0 -9999.0 -9999.0 -9999.0 -9999.0 -9999.0 -9999.0 -9999.0 -9999.0 -9999.0 -9999.0 -9999.0 -9999.0 -9999.0 -9999.0 00.57 00.63 00.28 00.33 00.41 00.17 00.55 00.45 00.29 00.20 00.17 00.27 00.81 01.14 00.87 00.53 00.23 00.18 00.22 00.28 00.24 00.19 00.27 00.30 00.62 00.23 00.22 00.62 01.96 00.47 00.55 02.31 00.45 00.51 00.77 02.60 03.03 00.59 00.38 00.24 00.19 00.25 00.66 00.76
-9999.0 -9999.0 -9999.0 -9999.0 -9999.0 -9999.0 -9999.0 -9999.0 -9999.0 -9999.0 -9999.0 -9999.0 -9999.0 -9999.0 -9999.0 -9999.0 -9999.0 -9999.0 -9999.0 -9999.0 -9999.0 -9999.0 -9999.0 -9999.0 00.26 00.52 00.27 00.88 00.21 00.23 00.93 00.57 00.58 00.64 00.66 01.50 02.49 02.13 01.41 00.54 00.26 00.34 00.58 01.11 00.39 00.30 00.44 01.54 00.27 00.32 00.36 00.83 02.29 00.53 02.98 00.80 00.31 01.12 02.14 02.35 01.74 00.58 00.86 00.45 00.48 00.21 01.02 00.36
-9999.0 -9999.0 -9999.0 -9999.0 -9999.0 -9999.0 -9999.0 -9999.0 -9999.0 -9999.0 -9999.0 -9999.0 -9999.0 -9999.0 -9999.0 -9999.0 -9999.0 -9999.0 -9999.0 -9999.0 -9999.0 -9999.0 -9999.0 -9999.0 00.01 00.29 00.27 00.38 00.31 00.50 01.02 00.69 02.02 02.42 03.60 03.05 02.67 02.14 01.44 00.51 00.30 00.78 02.13 01.87 00.39 00.30 00.27 00.35 00.31 00.40 01.72 02.64 02.18 02.52 00.61 06.42 00.34 00.30 01.05 04.40 00.56 00.57 00.58 00.86 00.63 00.20 00.41 00.38
-9999.0 -9999.0 -9999.0 -9999.0 -9999.0 -9999.0 -9999.0 -9999.0 -9999.0 -9999.0 -9999.0 -9999.0 -9999.0 -9999.0 -9999.0 -9999.0 -9999.0 -9999.0 -9999.0 -9999.0 -9999.0 -9999.0 -9999.0 -9999.0 -9999.0 00.24 00.20 00.27 00.32 00.35 00.50 00.42 01.89 04.02 03.15 02.88 03.71 02.84 02.07 00.52 00.37 01.74 02.39 01.88 00.47 00.49 00.50 00.39 00.48 00.42 02.73 03.37 02.36 02.60 02.06 01.79 00.45 00.18 00.23 00.29 00.45 00.99 01.28 00.81 00.35 00.75 00.47 00.33
