developer_scripts/forCreateIgnition/farsiteOutputs/a_originalIgnitions/WorkAsIs/a_test1177973_NTFBIgnition/test1177973_NTFBIgnition_FlameLength.asc
NCOLS 748
NROWS 648
XLLCORNER -8363.000000
YLLCORNER -11743.000000
CELLSIZE 30.000000
NODATA_VALUE -9999.0
[rows 360 to 389 of 648, columns 204 to 271 of 748]
00.42 00.76 00.41 00.35 00.23 00.75 00.40 00.70 00.12 00.36 00.59 00.72 -9999.0 -9999.0 -9999.0 -9999.0 -9999.0 -9999.0 -9999.0 -9999.0 -9999.0 00.19 00.07 00.31 00.78 00.66 00.43 00.72 00.67 00.73 00.76 00.86 01.03 01.18 00.65 00.24 -9999.0 -9999.0 -9999.0 -9999.0 -9999.0 -9999.0 -9999.0 -9999.0 -9999.0 -9999.0 -9999.0 -9999.0 -9999.0 -9999.0 -9999.0 -9999.0 -9999.0 -9999.0 -9999.0 -9999.0 -9999.0 -9999.0 -9999.0 -9999.0 -9999.0 -9999.0 -9999.0 -9999.0 -9999.0 -9999.0 -9999.0 -9999.0
00.48 01.42 01.01 00.83 00.29 00.33 00.14 00.05 00.19 00.16 -9999.0 -9999.0 -9999.0 -9999.0 -9999.0 -9999.0 -9999.0 -9999.0 -9999.0 -9999.0 -9999.0 00.11 00.12 00.15 00.89 00.40 00.32 00.73 00.72 00.79 00.85 00.72 00.36 01.02 00.16 00.19 -9999.0 -9999.0 -9999.0 -9999.0 -9999.0 -9999.0 -9999.0 -9999.0 -9999.0 -9999.0 -9999.0 -9999.0 -9999.0 -9999.0 -9999.0 -9999.0 -9999.0 -9999.0 -9999.0 -9999.0 -9999.0 -9999.0 -9999.0 -9999.0 -9999.0 -9999.0 -9999.0 -9999.0 -9999.0 -9999.0 -9999.0 -9999.0
00.87 00.32 00.39 00.85 01.20 00.34 00.16 00.31 00.31 -9999.0 -9999.0 -9999.0 -9999.0 -9999.0 -9999.0 -9999.0 -9999.0 -9999.0 -9999.0 -9999.0 00.09 00.11 00.19 00.20 00.54 00.59 00.84 00.87 00.88 00.92 00.56 00.20 -9999.0 -9999.0 00.11 00.60 01.11 -9999.0 -9999.0 -9999.0 -9999.0 -9999.0 -9999.0 -9999.0 -9999.0 -9999.0 -9999.0 -9999.0 -9999.0 -9999.0 -9999.0 -9999.0 -9999.0 -9999.0 -9999.0 -9999.0 -9999.0 -9999.0 -9999.0 -9999.0 -9999.0 -9999.0 -9999.0 -9999.0 -9999.0 -9999.0 -9999.0 -9999.0
00.41 00.35 00.26 00.37 00.87 00.33 00.91 00.91 00.30 -9999.0 -9999.0 -9999.0 -9999.0 -9999.0 -9999.0 -9999.0 -9999.0 -9999.0 -9999.0 00.08 00.13 00.31 00.22 00.25 00.39 00.89 00.95 01.26 01.09 01.14 00.39 00.73 00.96 01.09 00.94 00.39 01.05 -9999.00 -9999.0 -9999.0 -9999.0 -9999.0 -9999.0 -9999.0 -9999.0 -9999.0 -9999.0 -9999.0 -9999.0 -9999.0 -9999.0 -9999.0 -9999.0 -9999.0 -9999.0 -9999.0 -9999.0 -9999.0 -9999.0 -9999.0 -9999.0 -9999.0 -9999.0 -9999.0 -9999.0 -9999.0 -9999.0 -9999.0
00.39 00.28 00.30 00.24 00.28 00.32 00.34 00.26 00.96 -9999.0 -9999.0 -9999.0 -9999.0 -9999.0 -9999.0 -9999.0 00.43 00.41 00.40 00.54 00.63 00.54 00.35 00.79 01.01 01.05 01.56 00.69 00.64 00.62 00.38 00.55 00.96 01.23 01.43 01.15 00.77 01.08 00.65 -9999.0 -9999.0 -9999.0 -9999.0 -9999.0 -9999.0 -9999.0 -9999.0 -9999.0 -9999.0 -9999.0 -9999.0 -9999.0 -9999.0 -9999.0 -9999.0 -9999.0 -9999.0 -9999.0 -9999.0 -9999.0 -9999.0 -9999.0 -9999.0 -9999.0 -9999.0 -9999.0 -9999.0 -9999.0
00.18 00.19 00.89 00.72 00.52 00.28 00.31 00.40 00.93 -9999.0 -9999.0 -9999.0 -9999.0 -9999.0 -9999.0 00.19 00.62 00.50 00.58 00.74 00.78 00.82 01.03 01.05 01.38 00.74 00.70 01.62 00.21 00.48 00.85 00.97 01.10 01.75 01.53 01.22 00.68 01.10 01.10 00.29 00.24 00.39 00.37 -9999.0 -9999.0 -9999.0 -9999.0 -9999.0 -9999.0 -9999.0 -9999.0 -9999.0 -9999.00 -9999.0 -9999.0 -9999.0 -9999.0 -9999.0 -9999.0 -9999.0 -9999.0 -9999.0 -9999.0 -9999.0 -9999.0 -9999.0 -9999.0 -9999.0
00.82 00.90 00.62 00.57 00.67 00.11 00.63 00.19 -9999.0 -9999.0 -9999.0 -9999.0 -9999.0 -9999.0 -9999.0 00.59 00.66 00.71 00.79 00.97 01.38 00.62 01.54 00.68 00.11 00.17 00.93 00.16 01.42 00.83 00.50 01.35 01.41 00.75 01.23 00.64 01.37 00.85 00.29 00.28 00.65 00.77 00.70 00.65 -9999.0 -9999.0 -9999.0 -9999.0 -9999.0 -9999.0 -9999.0 -9999.0 -9999.0 -9999.0 -9999.0 -9999.0 -9999.0 -9999.0 -9999.0 -9999.0 -9999.0 -9999.0 -9999.0 -9999.0 -9999.0 -9999.0 -9999.0 -9999.0
00.65 00.48 00.54 00.21 01.03 00.76 00.46 -9999.0 -9999.0 -9999.0 -9999.0 -9999.0 -9999.0 -9999.0 00.59 00.44 00.83 00.70 00.96 01.41 00.64 00.39 00.11 00.39 00.30 00.20 00.24 00.67 00.34 00.33 00.24 00.23 00.19 00.48 01.29 00.42 01.55 00.98 00.20 00.79 00.74 00.77 00.82 00.92 -9999.0 -9999.0 -9999.0 -9999.0 -9999.0 -9999.0 -9999.0 -9999.0 -9999.0 -9999.0 -9999.0 -9999.0 -9999.0 -9999.0 -9999.0 -9999.0 -9999.0 -9999.0 -9999.0 -9999.0 -9999.0 -9999.0 -9999.0 -9999.0
-9999.0 00.15 00.27 00.29 00.43 00.86 -9999.0 -9999.0 -9999.0 -9999.0 -9999.0 -9999.0 -9999.0 00.62 00.76 01.05 00.63 00.36 01.26 01.07 00.08 00.08 -9999.0 00.62 00.39 00.47 00.62 00.32 00.24 00.24 00.27 00.28 00.19 00.42 00.86 01.40 01.70 01.40 00.18 00.80 00.81 00.80 00.83 00.83 -9999.0 -9999.0 -9999.0 -9999.0 -9999.0 -9999.0 -9999.0 -9999.0 -9999.0 -9999.0 -9999.0 -9999.0 -9999.0 -9999.0 -9999.0 -9999.0 -9999.0 -9999.0 -9999.0 -9999.0 -9999.0 -9999.0 -9999.0 -9999.0
-9999.0 -9999.0 00.23 00.23 00.21 -9999.0 -9999.0 -9999.0 -9999.0 -9999.0 -9999.0 -9999.0 -9999.0 00.71 00.82 00.66 00.08 00.09 01.41 01.42 00.54 00.64 00.57 00.51 00.23 00.22 00.26 00.40 00.24 00.25 00.27 00.27 00.27 00.50 00.49 00.24 01.36 01.43 00.60 00.84 00.85 00.83 00.83 00.50 -9999.00 -9999.00 -9999.0 -9999.0 -9999.0 -9999.0 -9999.0 -9999.0 -9999.0 -9999.0 -9999.0 -9999.0 -9999.0 -9999.0 -9999.0 -9999.0 -9999.0 -9999.0 -9999.0 -9999.0 -9999.0 -9999.0 -9999.0 -9999.0
-9999.0 -9999.0 -9999.0 -9999.0 -9999.0 -9999.0 -9999.0 -9999.0 -9999.0 -9999.0 -9999.0 -9999.0 -9999.0 -9999.0 00.91 01.33 -9999.0 -9999.0 00.08 00.16 00.20 00.22 00.23 00.23 00.17 00.33 00.30 00.17 00.24 00.24 00.23 00.59 00.30 00.62 00.60 00.70 00.62 00.96 01.20 00.90 00.87 00.87 00.76 00.55 00.52 00.98 01.07 -9999.00 -9999.00 -9999.00 -9999.0 -9999.0 -9999.0 -9999.0 -9999.0 -9999.0 -9999.0 -9999.0 -9999.0 -9999.0 -9999.0 -9999.0 -9999.0 -9999.0 -9999.0 -9999.0 -9999.0 -9999.0
-9999.0 -9999.0 -9999.0 -9999.0 -9999.0 -9999.0 -9999.0 -9999.0 -9999.0 -9999.0 -9999.0 -9999.0 -9999.0 -9999.0 00.28 -9999.0 -9999.0 -9999.0 00.53 00.20 00.23 00.16 00.18 00.47 00.74 00.22 00.23 00.14 00.27 00.33 01.64 00.27 00.30 00.43 00.49 00.66 00.72 00.74 01.39 00.47 00.91 00.94 00.88 00.40 00.90 00.75 00.22 00.74 00.67 00.56 00.51 -9999.00 -9999.00 -9999.0 -9999.0 -9999.0 -9999.0 -9999.0 -9999.0 -9999.0 -9999.0 -9999.0 -9999.0 -9999.0 -9999.0 -9999.0 -9999.0 -9999.0
-9999.0 -9999.0 -9999.0 -9999.0 -9999.0 -9999.0 -9999.0 -9999.0 -9999.0 -9999.0 -9999.0 -9999.0 -9999.0 -9999.0 -9999.0 -9999.0 -9999.0 -9999.0 00.23 00.23 00.25 00.16 00.19 00.44 00.37 00.79 00.29 00.29 00.27 00.39 01.59 00.26 00.54 00.47 00.74 00.64 00.48 01.60 01.22 00.73 00.82 00.96 00.44 00.69 00.22 00.80 00.16 00.42 00.52 00.19 00.15 -9999.0 00.66 00.08 -9999.0 -9999.0 -9999.0 -9999.0 -9999.0 -9999.0 -9999.0 -9999.0 -9999.0 -9999.0 -9999.0 -9999.0 -9999.0 -9999.0
-9999.0 -9999.0 -9999.0 -9999.0 -9999.0 -9999.0 -9999.0 -9999.0 -9999.0 -9999.0 -9999.0 -9999.0 -9999.0 -9999.0 -9999.0 -9999.0 -9999.0 00.08 00.22 00.19 00.24 00.26 00.17 00.60 00.62 00.70 00.65 00.28 00.20 00.65 00.24 00.25 00.42 00.88 01.18 00.48 00.32 01.14 01.86 01.76 00.18 00.89 00.88 00.81 00.87 00.88 00.33 00.72 00.70 00.60 01.17 00.55 00.83 -9999.00 -9999.0 -9999.0 -9999.0 -9999.0 -9999.0 -9999.0 -9999.0 -9999.0 -9999.0 -9999.0 -9999.0 -9999.0 -9999.0 -9999.0
-9999.0 -9999.0 -9999.0 -9999.0 -9999.0 -9999.0 -9999.0 -9999.0 -9999.0 -9999.0 -9999.0 -9999.0 -9999.0 -9999.0 -9999.0 -9999.0 -9999.0 -9999.0 00.17 00.10 00.17 00.36 00.26 00.21 00.18 00.33 00.21 00.17 00.26 01.20 00.24 00.53 01.07 02.32 02.27 01.71 00.41 00.93 01.76 00.72 00.50 00.30 00.44 00.96 00.33 00.67 00.91 00.84 00.48 00.28 00.57 01.45 00.96 00.20 -9999.0 -9999.0 -9999.0 -9999.0 -9999.0 -9999.0 -9999.0 -9999.0 -9999.0 -9999.0 -9999.0 -9999.0 -9999.0 -9999.0
-9999.0 -9999.0 -9999.0 -9999.0 -9999.0 -9999.0 -9999.0 -9999.0 -9999.0 -9999.0 -9999.0 -9999.0 -9999.0 -9999.0 -9999.0 -9999.0 -9999.0 -9999.0 -9999.0 -9999.0 -9999.0 00.29 00.26 00.21 00.18 00.32 00.37 00.51 00.23 01.02 00.49 00.90 01.85 02.42 00.72 00.88 00.55 01.04 00.64 00.51 00.76 00.93 00.17 00.17 00.35 00.31 00.46 01.24 01.04 02.10 00.28 00.87 00.45 -9999.0 -9999.00 -9999.0 -9999.0 -9999.0 -9999.0 -9999.0 -9999.0 -9999.0 -9999.0 -9999.0 -9999.0 -9999.0 -9999.0 -9999.0
-9999.0 -9999.0 -9999.0 -9999.0 -9999.0 -9999.0 -9999.0 -9999.0 -9999.0 -9999.0 -9999.0 -9999.0 -9999.0 -9999.0 -9999.0 -9999.0 -9999.0 -9999.0 -9999.0 -9999.0 00.12 00.19 00.17 00.21 00.29 00.73 01.14 00.29 00.23 00.26 00.48 01.11 01.36 01.16 00.62 00.58 00.12 00.94 00.93 00.64 00.52 00.45 00.77 01.25 00.23 00.36 00.90 01.20 00.73 00.93 00.30 00.93 00.44 00.05 -9999.00 -9999.0 -9999.0 -9999.0 -9999.0 -9999.0 -9999.0 -9999.0 -9999.0 -9999.0 -9999.0 -9999.0 -9999.0 -9999.0
-9999.0 -9999.0 -9999.0 -9999.0 -9999.0 -9999.0 -9999.0 -9999.0 -9999.0 -9999.0 -9999.0 -9999.0 -9999.0 -9999.0 -9999.0 -9999.0 -9999.0 -9999.0 -9999.0 -9999.0 00.20 00.23 00.23 00.23 00.23 00.24 00.26 00.35 00.34 00.36 00.16 00.90 00.14 00.17 01.21 00.99 00.18 00.21 00.91 01.54 00.53 00.55 01.23 01.60 00.55 01.29 00.77 00.44 00.34 00.35 00.44 00.60 00.48 00.78 00.75 -9999.0 -9999.0 -9999.0 -9999.0 -9999.0 -9999.0 -9999.0 -9999.0 -9999.0 -9999.0 -9999.0 -9999.0 -9999.0
-9999.0 -9999.0 -9999.0 -9999.0 -9999.0 -9999.0 -9999.0 -9999.0 -9999.0 -9999.0 -9999.0 -9999.0 -9999.0 -9999.0 -9999.0 -9999.0 -9999.0 -9999.0 -9999.0 00.17 00.20 00.21 00.22 00.16 00.21 00.23 00.16 00.37 00.19 00.16 01.30 00.97 00.15 00.20 01.60 01.32 01.85 01.95 01.67 00.74 00.38 00.27 00.39 00.47 00.47 00.43 00.48 00.52 00.35 00.28 00.36 00.62 00.79 00.74 00.69 00.63 00.88 00.83 00.79 00.71 00.70 00.65 00.52 00.56 00.54 00.58 00.58 00.57
-9999.0 -9999.0 -9999.0 -9999.0 -9999.0 -9999.0 -9999.0 -9999.0 -9999.0 -9999.0 -9999.0 -9999.0 -9999.0 -9999.0 -9999.0 -9999.0 -9999.0 -9999.0 -9999.0 -9999.0 00.19 00.17 00.20 00.11 00.21 00.24 00.27 00.22 00.56 00.81 00.86 00.85 00.50 00.14 00.30 00.18 00.16 01.68 00.57 00.50 00.48 00.46 00.41 00.44 00.44 00.52 00.61 00.74 00.46 00.57 00.41 00.58 00.38 00.19 01.01 00.41 00.54 01.21 00.24 00.64 00.82 00.81 00.36 00.18 00.17 00.13 00.71 01.00
-9999.0 -9999.0 -9999.0 -9999.0 -9999.0 -9999.0 -9999.0 -9999.0 -9999.0 -9999.0 -9999.0 -9999.0 -9999.0 -9999.0 -9999.0 -9999.0 -9999.0 -9999.0 -9999.0 -9999.0 -9999.0 00.10 00.25 00.12 00.12 00.09 00.36 00.36 00.42 00.23 00.12 00.30 00.56 00.89 00.41 00.17 00.26 00.23 01.37 00.38 00.34 00.46 00.96 00.40 00.61 00.98 00.84 00.39 00.46 00.52 00.64 00.30 00.42 00.31 00.27 01.19 00.98 00.63 00.44 00.57 00.30 00.17 00.17 00.15 00.14 00.87 00.23 00.23
-9999.0 -9999.0 -9999.0 -9999.0 -9999.0 -9999.0 -9999.0 -9999.0 -9999.0 -9999.0 -9999.0 -9999.0 -9999.0 -9999.0 -9999.0 -9999.0 -9999.0 -9999.0 -9999.0 -9999.0 -9999.0 -9999.0 -9999.0 -9999.0 -9999.0 -9999.0 00.12 00.24 00.31 00.29 00.19 00.19 00.66 00.69 00.15 00.19 01.43 01.82 01.48 00.98 00.52 00.88 00.47 00.57 00.79 00.85 01.29 00.49 00.27 00.70 00.71 -9999.0 00.41 00.16 01.41 01.85 01.21 00.48 00.98 01.29 00.45 00.37 00.15 00.18 00.19 00.44 00.56 00.37
-9999.0 -9999.0 -9999.0 -9999.0 -9999.0 -9999.0 -9999.0 -9999.0 -9999.0 -9999.0 -9999.0 -9999.0 -9999.0 -9999.0 -9999.0 -9999.0 -9999.0 -9999.0 -9999.0 -9999.0 -9999.0 -9999.0 -9999.0 -9999.0 -9999.0 -9999.0 -9999.0 00.15 00.31 00.33 00.29 00.13 00.12 00.13 00.24 00.47 00.55 01.64 01.91 01.01 01.03 00.60 00.62 01.05 01.95 01.34 00.52 00.67 00.54 00.77 01.43 00.59 00.77 00.47 00.26 00.54 01.09 00.22 00.60 00.81 00.26 00.79 00.18 00.54 00.62 00.21 00.33 00.33
-9999.0 -9999.0 -9999.0 -9999.0 -9999.0 -9999.0 -9999.0 -9999.0 -9999.0 -9999.0 -9999.0 -9999.0 -9999.0 -9999.0 -9999.0 -9999.0 -9999.0 -9999.0 -9999.0 -9999.0 -9999.0 -9999.0 -9999.0 -9999.0 -9999.0 -9999.0 -9999.0 00.20 00.21 00.22 00.21 00.24 00.13 00.11 00.48 00.28 00.41 00.55 00.37 01.78 00.22 00.18 00.07 00.47 01.73 01.37 00.92 00.38 01.03 01.12 01.13 01.08 01.09 -9999.0 -9999.0 00.80 01.53 01.27 00.31 00.39 01.23 01.02 00.55 00.79 00.77 00.29 00.18 00.14
-9999.0 -9999.0 -9999.0 -9999.0 -9999.0 -9999.0 -9999.0 -9999.0 -9999.0 -9999.0 -9999.0 -9999.0 -9999.0 -9999.0 -9999.0 -9999.0 -9999.0 -9999.0 -9999.0 -9999.0 -9999.0 -9999.0 -9999.0 -9999.0 -9999.0 -9999.0 -9999.0 00.03 00.57 00.38 00.19 -9999.0 -9999.0 00.08 00.18 00.36 00.42 00.25 01.02 00.60 00.44 00.20 00.15 01.01 01.38 01.36 00.46 01.69 00.25 01.31 00.88 00.40 00.34 -9999.0 -9999.0 00.73 00.76 00.61 01.02 00.28 00.35 01.60 01.63 00.76 00.53 00.40 00.15 00.76
-9999.0 -9999.0 -9999.0 -9999.0 -9999.0 -9999.0 -9999.0 -9999.0 -9999.0 -9999.0 -9999.0 -9999.0 -9999.0 -9999.0 -9999.0 -9999.0 -9999.0 -9999.0 -9999.0 -9999.0 -9999.0 -9999.0 -9999.0 -9999.0 -9999.0 -9999.0 -9999.0 -9999.0 -9999.0 -9999.0 00.17 00.30 -9999.0 -9999.0 00.35 00.29 00.34 00.54 00.34 00.44 00.55 00.34 00.34 00.45 00.56 00.29 00.59 01.00 00.42 00.37 00.42 00.72 00.93 00.51 00.45 00.22 01.18 01.32 00.84 00.35 01.19 01.02 00.82 00.52 00.29 00.16 00.91 00.89
-9999.0 -9999.0 -9999.0 -9999.0 -9999.0 -9999.0 -9999.0 -9999.0 -9999.0 -9999.0 -9999.0 -9999.0 -9999.0 -9999.0 -9999.0 -9999.0 -9999.0 -9999.0 -9999.0 -9999.0 -9999.0 -9999.0 -9999.0 -9999.0 -9999.0 -9999.0 -9999.0 -9999.0 -9999.0 -9999.0 -9999.0 -9999.0 -9999.0 -9999.0 -9999.0 00.37 00.43 00.71 00.78 00.35 01.15 01.00 00.71 00.89 00.74 00.61 00.55 00.48 00.41 00.30 00.28 00.57 00.55 00.16 00.75 00.83 00.26 00.36 00.32 00.24 00.71 00.65 00.25 00.32 00.31 00.20 00.61 00.32
-9999.0 -9999.0 -9999.0 -9999.0 -9999.0 -9999.0 -9999.0 -9999.0 -9999.0 -9999.0 -9999.0 -9999.0 -9999.0 -9999.0 -9999.0 -9999.0 -9999.0 -9999.0 -9999.0 -9999.0 -9999.0 -9999.0 -9999.0 -9999.0 -9999.0 -9999.0 -9999.0 -9999.0 -9999.0 -9999.0 -9999.0 -9999.0 -9999.0 -9999.0 -9999.0 00.82 01.21 02.00 00.57 00.44 01.60 01.19 01.64 01.47 02.00 00.45 00.33 00.31 00.41 00.38 00.35 00.32 00.21 00.17 00.32 00.76 00.75 00.51 00.88 00.98 00.86 00.15 00.58 00.47 00.25 01.37 00.16 00.95
-9999.0 -9999.0 -9999.0 -9999.0 -9999.0 -9999.0 -9999.0 -9999.0 -9999.0 -9999.0 -9999.0 -9999.0 -9999.0 -9999.0 -9999.0 -9999.0 -9999.0 -9999.0 -9999.0 -9999.0 -9999.0 -9999.0 -9999.0 -9999.0 -9999.0 -9999.0 -9999.0 -9999.0 -9999.0 -9999.0 -9999.0 -9999.0 -9999.0 00.08 00.17 00.40 00.78 00.61 00.27 00.44 01.62 00.23 00.26 01.05 00.26 00.37 00.33 00.53 00.93 00.76 00.39 00.36 00.22 00.17 00.67 00.59 00.56 -9999.0 -9999.0 00.67 00.12 01.38 00.56 -9999.0 -9999.0 -9999.0 01.06 00.17
-9999.0 -9999.0 -9999.0 -9999.0 -9999.0 -9999.0 -9999.0 -9999.0 -9999.0 -9999.0 -9999.0 -9999.0 -9999.0 -9999.0 -9999.0 -9999.0 -9999.0 -9999.0 -9999.0 -9999.0 -9999.0 -9999.0 -9999.0 -9999.0 -9999.0 -9999.0 -9999.0 -9999.0 -9999.0 -9999.0 -9999.0 -9999.0 -9999.0 00.19 00.20 00.65 00.12 00.14 00.73 01.00 00.72 00.54 00.24 00.32 00.19 00.26 00.27 00.56 00.96 01.76 01.66 00.21 00.76 00.52 00.69 00.53 -9999.0 00.09 00.54 00.24 00.12 00.41 00.13 00.14 00.80 00.46 00.66 00.21
