developer_scripts/forCreateIgnition/farsiteOutputs/a_originalIgnitions/WorkAsIs/a_test1177973_NTFBIgnition/test1177973_NTFBIgnition_SpreadDirection.asc
NCOLS 748
NROWS 648
XLLCORNER -8363.000000
YLLCORNER -11743.000000
CELLSIZE 30.000000
NODATA_VALUE -9999.0
[rows 315 to 349 of 648, columns 158 to 236 of 748]
-9999 -9999 -9999 -9999 -9999 -9999 -9999 -9999 -9999 -9999 -9999 -9999 294 223 291 042 -9999 -9999 -9999 323 329 327 339 339 358 358 030 060 064 044 098 000 096 238 267 344 343 341 354 351 311 318 327 340 345 300 204 239 288 -9999 -9999 -9999 -9999 -9999 -9999 -9999 -9999 -9999 -9999 -9999 -9999 -9999 -9999 -9999 -9999 -9999 -9999 -9999 -9999 -9999 -9999 -9999 -9999 -9999 -9999 -9999 -9999 -9999 -9999
-9999 -9999 -9999 -9999 -9999 -9999 -9999 -9999 -9999 -9999 -9999 -9999 257 287 300 356 017 -9999 340 331 315 251 243 353 353 353 015 030 119 348 343 045 291 334 262 260 252 266 002 002 043 290 302 315 337 347 356 294 197 197 -9999 -9999 -9999 -9999 -9999 -9999 -9999 -9999 -9999 -9999 -9999 -9999 -9999 -9999 -9999 -9999 -9999 -9999 -9999 -9999 -9999 -9999 -9999 -9999 -9999 -9999 -9999 -9999 -9999
-9999 -9999 -9999 -9999 -9999 -9999 -9999 -9999 -9999 -9999 -9999 302 293 256 244 263 332 301 319 315 291 251 243 243 268 298 347 347 332 352 014 040 065 258 272 260 252 263 304 031 060 314 287 311 306 000 000 201 201 200 200 -9999 -9999 -9999 -9999 -9999 -9999 -9999 -9999 -9999 -9999 -9999 -9999 -9999 -9999 -9999 -9999 -9999 -9999 -9999 -9999 -9999 -9999 -9999 -9999 -9999 -9999 -9999 -9999
-9999 -9999 -9999 -9999 -9999 -9999 -9999 -9999 -9999 -9999 -9999 300 284 350 242 255 255 261 214 207 240 250 193 177 213 327 330 278 255 209 222 213 061 285 206 185 185 321 317 039 046 297 289 307 -9999 -9999 -9999 -9999 -9999 -9999 204 -9999 -9999 -9999 -9999 -9999 -9999 -9999 -9999 -9999 -9999 -9999 -9999 -9999 -9999 -9999 -9999 -9999 -9999 -9999 -9999 -9999 -9999 -9999 -9999 -9999 -9999 -9999 -9999
-9999 -9999 -9999 -9999 -9999 -9999 -9999 -9999 -9999 -9999 -9999 265 271 270 287 228 249 207 190 170 162 218 151 122 281 224 222 241 255 170 170 193 185 342 051 313 266 251 012 007 039 316 298 301 -9999 -9999 -9999 -9999 -9999 -9999 -9999 -9999 -9999 -9999 -9999 -9999 -9999 -9999 -9999 -9999 -9999 -9999 -9999 -9999 -9999 -9999 -9999 -9999 -9999 -9999 -9999 -9999 -9999 -9999 -9999 -9999 -9999 -9999 -9999
-9999 -9999 -9999 -9999 -9999 -9999 -9999 -9999 -9999 -9999 320 315 280 262 193 197 257 219 195 192 183 255 151 311 279 181 181 203 205 152 142 319 274 218 098 292 298 026 257 312 015 001 299 -9999 -9999 -9999 -9999 -9999 -9999 -9999 -9999 -9999 -9999 -9999 -9999 -9999 -9999 -9999 -9999 -9999 -9999 -9999 -9999 -9999 -9999 -9999 -9999 -9999 -9999 -9999 -9999 -9999 -9999 -9999 -9999 -9999 -9999 -9999 -9999
-9999 -9999 -9999 -9999 -9999 -9999 -9999 -9999 -9999 291 289 291 274 257 176 262 254 208 145 235 229 107 191 162 259 146 102 227 194 142 140 224 225 156 297 295 299 318 293 319 328 341 -9999 -9999 -9999 -9999 -9999 -9999 -9999 -9999 -9999 -9999 -9999 -9999 -9999 -9999 -9999 -9999 -9999 -9999 -9999 -9999 -9999 -9999 -9999 -9999 -9999 -9999 -9999 -9999 -9999 -9999 -9999 -9999 -9999 -9999 -9999 -9999 -9999
-9999 -9999 -9999 -9999 -9999 -9999 -9999 -9999 266 271 273 281 307 001 346 333 249 185 184 240 233 144 292 068 265 154 268 217 198 198 272 221 223 174 242 254 308 243 276 291 313 312 -9999 -9999 -9999 -9999 -9999 -9999 -9999 -9999 -9999 -9999 -9999 -9999 -9999 -9999 -9999 -9999 -9999 -9999 -9999 -9999 -9999 -9999 -9999 -9999 -9999 -9999 -9999 -9999 -9999 -9999 -9999 -9999 -9999 -9999 -9999 -9999 -9999
-9999 -9999 -9999 -9999 -9999 -9999 -9999 -9999 268 260 273 283 320 341 355 287 177 166 085 256 281 127 235 131 184 182 279 224 195 195 192 192 297 195 193 215 232 232 280 256 255 249 -9999 -9999 -9999 -9999 -9999 -9999 -9999 -9999 -9999 -9999 -9999 -9999 -9999 -9999 -9999 -9999 -9999 -9999 -9999 -9999 -9999 -9999 -9999 -9999 -9999 -9999 -9999 -9999 -9999 -9999 -9999 -9999 -9999 -9999 -9999 -9999 -9999
-9999 -9999 -9999 -9999 -9999 -9999 -9999 -9999 -9999 254 309 311 279 313 000 335 333 027 085 257 207 221 234 138 189 272 221 224 192 280 176 162 177 159 147 -9999 236 222 -9999 241 255 245 -9999 -9999 -9999 -9999 -9999 -9999 -9999 -9999 -9999 -9999 -9999 -9999 -9999 -9999 -9999 -9999 -9999 -9999 -9999 -9999 -9999 -9999 -9999 -9999 -9999 -9999 -9999 -9999 -9999 -9999 -9999 -9999 -9999 -9999 -9999 -9999 -9999
-9999 -9999 -9999 -9999 -9999 -9999 -9999 -9999 314 308 311 312 304 319 334 003 333 334 008 354 354 009 211 161 216 270 206 226 204 165 162 -9999 -9999 340 358 065 239 181 -9999 -9999 221 246 230 -9999 -9999 -9999 -9999 -9999 -9999 -9999 -9999 -9999 -9999 -9999 -9999 -9999 -9999 -9999 -9999 -9999 -9999 -9999 -9999 -9999 -9999 -9999 -9999 -9999 -9999 -9999 -9999 -9999 -9999 -9999 -9999 -9999 -9999 -9999 -9999
-9999 -9999 -9999 -9999 -9999 -9999 -9999 -9999 227 272 257 257 252 243 258 358 359 337 320 332 334 039 043 034 319 240 208 234 209 166 -9999 353 280 289 316 058 095 -9999 -9999 -9999 271 230 288 -9999 -9999 -9999 -9999 -9999 -9999 -9999 -9999 -9999 -9999 -9999 -9999 -9999 -9999 -9999 -9999 -9999 -9999 -9999 -9999 -9999 -9999 -9999 -9999 -9999 -9999 -9999 -9999 -9999 -9999 -9999 -9999 -9999 -9999 -9999 -9999
-9999 -9999 -9999 -9999 -9999 -9999 -9999 -9999 -9999 251 257 256 250 250 250 271 279 356 356 221 206 126 131 263 292 244 190 207 209 172 -9999 359 329 294 303 035 -9999 -9999 283 297 192 192 258 251 -9999 -9999 -9999 -9999 -9999 -9999 -9999 -9999 -9999 -9999 -9999 -9999 -9999 -9999 -9999 -9999 -9999 -9999 -9999 -9999 -9999 -9999 -9999 -9999 -9999 -9999 -9999 -9999 -9999 -9999 -9999 -9999 -9999 -9999 -9999
-9999 -9999 -9999 -9999 -9999 -9999 -9999 -9999 -9999 -9999 282 276 279 278 326 318 319 253 357 342 057 071 048 002 247 244 165 342 216 205 343 321 320 306 308 317 275 294 283 287 169 132 256 210 181 -9999 -9999 -9999 -9999 -9999 061 035 -9999 -9999 -9999 -9999 -9999 -9999 -9999 -9999 -9999 -9999 -9999 -9999 -9999 -9999 -9999 -9999 -9999 -9999 -9999 -9999 -9999 -9999 -9999 -9999 -9999 -9999 -9999
-9999 -9999 -9999 -9999 -9999 -9999 -9999 -9999 -9999 -9999 281 256 264 280 295 325 352 357 274 004 046 021 033 358 331 325 329 337 337 339 336 317 290 282 276 267 266 251 212 220 253 107 208 210 173 217 220 -9999 -9999 -9999 077 072 079 -9999 -9999 -9999 -9999 -9999 -9999 -9999 -9999 -9999 -9999 -9999 -9999 -9999 -9999 -9999 -9999 -9999 -9999 -9999 -9999 -9999 -9999 -9999 -9999 -9999 -9999
-9999 -9999 -9999 -9999 -9999 -9999 -9999 -9999 296 293 339 307 327 289 302 317 312 027 274 330 024 027 339 354 355 343 329 335 337 037 322 013 340 280 277 267 242 232 213 214 222 107 241 218 291 165 224 197 220 199 101 111 073 076 -9999 -9999 -9999 -9999 -9999 -9999 -9999 -9999 -9999 -9999 -9999 -9999 -9999 -9999 -9999 -9999 -9999 -9999 -9999 -9999 -9999 -9999 -9999 -9999 -9999
-9999 -9999 -9999 -9999 -9999 -9999 -9999 333 328 320 263 277 331 295 301 309 328 338 344 011 001 027 350 002 002 290 048 329 356 236 260 195 320 304 270 211 229 277 235 209 224 114 248 152 265 222 224 198 219 184 184 108 102 080 -9999 -9999 -9999 -9999 -9999 -9999 -9999 -9999 -9999 -9999 -9999 -9999 -9999 -9999 -9999 -9999 -9999 -9999 -9999 -9999 -9999 -9999 -9999 -9999 -9999
-9999 -9999 -9999 -9999 -9999 -9999 252 323 314 320 313 277 287 285 285 276 281 305 342 038 042 334 328 017 095 295 327 325 328 018 094 297 289 284 199 203 296 244 250 177 238 224 235 130 265 227 221 207 215 184 184 172 152 080 -9999 -9999 -9999 -9999 -9999 -9999 -9999 -9999 -9999 -9999 -9999 -9999 -9999 -9999 -9999 -9999 -9999 -9999 -9999 -9999 -9999 -9999 -9999 -9999 -9999
-9999 -9999 -9999 -9999 -9999 -9999 -9999 288 282 018 309 291 287 240 264 276 305 214 268 343 042 114 190 135 345 233 289 281 214 077 328 353 350 330 326 306 309 230 219 102 237 233 220 126 265 255 184 184 213 191 189 189 159 146 -9999 -9999 -9999 -9999 -9999 -9999 -9999 -9999 -9999 -9999 -9999 -9999 -9999 -9999 -9999 -9999 -9999 -9999 -9999 -9999 -9999 -9999 -9999 -9999 -9999
-9999 -9999 -9999 -9999 -9999 -9999 262 319 284 002 174 226 225 232 183 223 188 179 266 334 005 074 186 134 168 289 265 202 202 140 321 316 235 276 300 227 257 126 251 274 236 243 212 220 092 184 184 206 214 195 195 164 172 172 082 -9999 -9999 -9999 -9999 -9999 -9999 -9999 -9999 -9999 -9999 -9999 -9999 -9999 -9999 -9999 -9999 -9999 -9999 -9999 -9999 -9999 -9999 -9999 -9999
-9999 -9999 -9999 -9999 -9999 -9999 256 313 319 348 344 017 314 315 329 311 315 181 174 336 014 079 038 054 218 241 261 186 192 122 178 205 219 252 202 189 233 124 263 230 241 235 205 200 212 205 147 198 198 197 213 164 164 172 170 -9999 -9999 -9999 -9999 -9999 -9999 -9999 -9999 -9999 -9999 -9999 -9999 -9999 -9999 -9999 -9999 -9999 -9999 -9999 -9999 -9999 -9999 -9999 -9999
-9999 -9999 -9999 -9999 -9999 -9999 307 319 322 010 300 298 315 294 276 302 207 344 011 338 028 087 341 080 177 249 186 186 161 119 127 -9999 -9999 -9999 -9999 -9999 -9999 228 259 212 233 220 181 -9999 -9999 -9999 -9999 -9999 193 193 208 216 173 171 171 -9999 -9999 -9999 -9999 -9999 -9999 -9999 -9999 -9999 -9999 -9999 -9999 -9999 -9999 -9999 -9999 -9999 -9999 -9999 -9999 -9999 -9999 -9999 -9999
-9999 -9999 -9999 -9999 -9999 280 284 283 285 012 304 309 322 320 281 343 229 267 346 311 158 087 162 155 164 264 194 203 188 269 126 326 029 -9999 -9999 -9999 -9999 256 253 184 211 150 -9999 -9999 -9999 -9999 351 351 237 186 204 206 184 181 170 -9999 -9999 -9999 -9999 -9999 -9999 -9999 -9999 -9999 -9999 -9999 -9999 -9999 -9999 -9999 -9999 -9999 -9999 -9999 -9999 -9999 -9999 -9999 -9999
-9999 -9999 -9999 -9999 -9999 280 284 267 277 295 296 322 331 018 233 219 315 280 311 168 143 140 062 084 311 338 021 203 186 296 290 264 139 315 249 303 290 231 234 155 145 -9999 -9999 -9999 -9999 301 266 343 213 193 225 101 178 176 176 -9999 -9999 -9999 -9999 -9999 -9999 -9999 -9999 -9999 -9999 -9999 -9999 -9999 -9999 -9999 -9999 -9999 -9999 -9999 -9999 -9999 -9999 -9999 -9999
-9999 -9999 -9999 -9999 303 276 268 267 277 296 295 290 273 001 010 280 308 263 163 143 123 135 132 119 269 251 244 140 298 241 147 208 145 299 253 300 244 237 253 145 139 078 042 052 -9999 245 258 158 087 250 209 163 048 187 144 -9999 -9999 -9999 -9999 -9999 -9999 -9999 -9999 -9999 -9999 -9999 -9999 -9999 -9999 -9999 -9999 -9999 -9999 -9999 -9999 -9999 -9999 -9999 -9999
-9999 -9999 -9999 -9999 218 240 252 261 238 269 293 273 273 285 296 052 206 204 181 141 115 091 088 106 131 247 173 241 238 238 150 196 302 276 134 253 247 263 256 167 119 138 093 311 291 246 258 197 190 175 060 083 172 149 066 -9999 -9999 -9999 -9999 -9999 -9999 -9999 -9999 -9999 -9999 -9999 -9999 -9999 -9999 -9999 -9999 -9999 -9999 -9999 -9999 -9999 -9999 -9999 -9999
-9999 -9999 -9999 -9999 -9999 -9999 246 255 206 265 245 255 280 280 193 142 212 208 141 155 107 128 094 059 060 247 266 239 229 208 138 209 247 224 226 246 230 256 198 198 126 131 311 325 319 292 256 224 209 184 184 083 061 204 146 -9999 -9999 -9999 -9999 -9999 -9999 -9999 -9999 -9999 -9999 -9999 -9999 -9999 -9999 -9999 -9999 -9999 -9999 -9999 -9999 -9999 -9999 -9999 -9999
-9999 -9999 -9999 -9999 -9999 007 206 187 186 280 238 253 206 185 184 167 212 211 175 163 127 143 092 078 055 273 266 204 204 158 -9999 -9999 -9999 -9999 -9999 292 211 182 233 205 022 025 263 286 291 278 263 241 209 166 166 149 080 061 122 -9999 -9999 -9999 -9999 -9999 -9999 -9999 -9999 -9999 -9999 -9999 -9999 -9999 -9999 -9999 -9999 -9999 -9999 -9999 -9999 -9999 -9999 -9999 -9999
-9999 -9999 -9999 -9999 -9999 287 334 315 293 269 251 251 202 195 147 -9999 239 175 175 155 160 147 182 078 085 083 181 181 185 131 026 016 -9999 333 249 251 257 221 289 229 202 121 263 294 272 273 251 245 219 163 165 153 153 104 122 -9999 -9999 -9999 -9999 -9999 -9999 -9999 -9999 -9999 -9999 -9999 -9999 -9999 -9999 -9999 -9999 -9999 -9999 -9999 -9999 -9999 -9999 -9999 -9999
-9999 -9999 -9999 -9999 286 287 293 293 206 217 257 219 213 198 115 037 -9999 249 197 162 160 228 214 197 085 074 261 296 314 013 012 014 285 262 249 249 240 234 256 227 193 103 248 219 238 255 246 207 213 210 170 201 184 175 138 072 -9999 -9999 -9999 -9999 -9999 -9999 -9999 -9999 -9999 -9999 -9999 -9999 -9999 -9999 -9999 -9999 -9999 -9999 -9999 -9999 -9999 -9999 -9999
-9999 -9999 -9999 -9999 302 285 288 201 202 284 264 217 219 177 116 077 317 263 169 171 158 235 226 214 202 083 072 314 332 338 002 012 009 326 273 326 335 297 256 235 207 196 254 237 242 236 243 199 203 208 205 195 195 149 134 125 -9999 -9999 -9999 -9999 -9999 -9999 -9999 -9999 -9999 -9999 -9999 -9999 -9999 -9999 -9999 -9999 -9999 -9999 -9999 -9999 -9999 -9999 -9999
-9999 -9999 279 336 331 330 322 317 298 275 236 224 218 165 141 120 290 250 178 178 143 258 227 228 179 179 121 226 252 293 333 021 018 235 273 251 301 243 256 241 229 207 258 279 250 246 237 193 199 204 220 205 169 120 125 234 192 -9999 -9999 -9999 -9999 -9999 -9999 -9999 -9999 -9999 -9999 -9999 -9999 -9999 -9999 -9999 -9999 -9999 -9999 -9999 -9999 -9999 -9999
-9999 -9999 288 323 321 319 317 307 289 259 238 231 198 141 126 014 020 174 171 163 132 232 224 202 195 188 174 -9999 -9999 315 271 274 094 099 252 247 276 260 324 257 353 354 296 275 262 272 239 209 193 208 227 205 205 123 134 120 141 -9999 -9999 -9999 -9999 -9999 -9999 -9999 -9999 344 060 -9999 -9999 -9999 -9999 -9999 -9999 -9999 -9999 -9999 -9999 313 274
-9999 -9999 305 323 328 301 298 284 275 259 238 236 178 139 351 350 350 067 355 096 245 229 227 196 198 201 260 331 302 262 271 213 161 098 256 259 270 341 331 032 295 304 062 220 279 264 237 225 186 269 237 227 159 136 155 126 130 122 103 033 097 027 029 073 024 110 125 -9999 -9999 -9999 -9999 -9999 -9999 -9999 -9999 340 356 248 274
-9999 259 298 327 328 317 284 282 274 253 243 152 143 267 351 359 095 084 059 096 086 224 219 211 165 222 259 272 268 262 246 165 165 102 258 203 268 239 162 132 299 224 112 289 274 252 245 232 156 240 214 214 136 153 154 154 125 130 100 094 100 105 109 111 113 120 125 -9999 -9999 -9999 -9999 -9999 -9999 335 295 036 000 013 285
