developer_scripts/forCreateIgnition/farsiteOutputs/a_originalIgnitions/WorkAsIs/a_test1177973_NTFBIgnition/test1177973_NTFBIgnition_ArrivalTime.asc
NCOLS 748
NROWS 648
XLLCORNER -8363.000000
YLLCORNER -11743.000000
CELLSIZE 30.000000
NODATA_VALUE -9999.0
[rows 348 to 376 of 648, columns 198 to 263 of 748]
01566.198 01517.209 01519.354 01540.276 01494.290 01456.097 00470.119 00455.262 00445.354 00439.916 00404.586 00390.101 00392.136 00423.959 00467.638 01493.425 01616.256 01734.759 01856.643 02928.545 02967.309 03083.431 03143.936 03260.287 03322.615 04407.468 04510.930 -9999.0 -9999.0 -9999.0 -9999.0 -9999.0 -9999.0 -9999.0 -9999.0 04734.098 04695.743 04710.865 04563.497 04532.854 04583.956 04717.782 -9999.0 -9999.0 -9999.0 -9999.0 -9999.0 -9999.0 -9999.0 -9999.0 -9999.0 -9999.0 -9999.0 -9999.0 -9999.0 -9999.0 -9999.0 -9999.0 -9999.0 -9999.0 -9999.0 -9999.0 -9999.0 -9999.0 -9999.0 -9999.0
01544.453 01524.390 01530.584 01531.414 01488.068 01458.219 00477.490 00464.719 00460.060 00439.065 00416.625 00411.627 00430.513 01491.483 01564.888 01636.180 01697.288 01790.721 01872.760 02907.405 02989.242 03028.197 03161.263 03258.469 04341.734 04477.063 04640.117 -9999.0 -9999.0 -9999.0 -9999.0 -9999.0 -9999.0 04607.225 04469.801 04552.863 04567.984 04595.222 04537.321 04463.030 04468.640 04457.606 -9999.0 -9999.0 -9999.0 -9999.0 -9999.0 -9999.0 -9999.0 -9999.0 -9999.0 -9999.0 -9999.0 -9999.0 -9999.0 -9999.0 -9999.0 -9999.0 -9999.0 -9999.0 -9999.0 -9999.0 -9999.0 -9999.0 -9999.0 -9999.0
01560.136 01542.954 01543.430 01522.567 01484.349 01464.917 01446.653 00473.610 00476.150 00468.368 01444.603 01472.004 01527.677 01629.206 01714.347 01750.926 01780.721 01862.883 01909.567 02926.033 03019.386 03174.507 03220.337 03325.841 04446.209 04567.834 04712.000 -9999.0 -9999.0 -9999.0 -9999.0 -9999.0 04779.812 04475.417 04448.604 04483.078 04508.740 04532.902 04504.918 04366.278 04358.620 04347.037 03320.999 -9999.0 -9999.0 -9999.0 -9999.0 -9999.0 -9999.0 -9999.0 -9999.0 -9999.0 -9999.0 -9999.0 -9999.0 -9999.0 -9999.0 -9999.0 -9999.0 -9999.0 -9999.0 -9999.0 -9999.0 -9999.0 -9999.0 -9999.0
01579.221 01560.636 01555.621 01518.230 01487.601 01481.924 01468.952 01460.669 01461.944 01509.150 01541.711 01604.617 01677.683 01752.764 01849.833 01898.807 01901.616 02881.971 02942.524 03032.569 03164.250 03291.295 04373.505 04502.197 04586.101 04693.154 04743.313 -9999.0 -9999.0 -9999.0 -9999.0 -9999.0 -9999.0 04463.164 04432.319 04483.949 04492.149 04473.174 04422.821 04325.022 03294.376 03313.034 03279.419 03337.666 -9999.0 -9999.0 -9999.0 -9999.0 -9999.0 -9999.0 -9999.0 -9999.0 -9999.0 -9999.0 -9999.0 -9999.0 -9999.0 -9999.0 -9999.0 -9999.0 -9999.0 -9999.0 -9999.0 -9999.0 -9999.0 -9999.0
01595.229 01574.341 01568.902 01536.903 01510.928 01534.605 01549.391 01556.234 01566.851 01588.324 01634.621 01740.640 01807.885 01837.296 01907.690 02950.302 02932.006 02948.816 02958.156 02978.779 03116.444 03249.079 04361.496 04475.611 04659.227 -9999.0 -9999.0 -9999.0 -9999.0 -9999.0 04763.525 04691.914 -9999.0 -9999.0 04485.575 04506.304 04415.463 04388.391 04356.016 03328.688 03247.662 03251.852 03283.526 04325.309 -9999.0 -9999.0 -9999.0 -9999.0 -9999.0 -9999.0 -9999.0 -9999.0 -9999.0 -9999.0 -9999.0 -9999.0 -9999.0 -9999.0 -9999.0 -9999.0 -9999.0 -9999.0 -9999.0 -9999.0 -9999.0 -9999.0
01603.121 01587.485 01581.255 01570.395 01583.564 01633.130 01653.472 01658.761 01657.884 01675.301 01737.602 01804.389 01906.075 02934.584 02930.905 02970.279 02989.956 03000.220 03021.843 03086.298 03173.221 03284.032 04384.657 04504.435 04773.223 -9999.0 -9999.0 -9999.0 -9999.0 04638.601 04565.709 04533.635 04627.574 04643.839 04633.998 04514.559 04357.790 03352.007 03290.531 03296.871 03186.129 03187.077 03266.501 04383.851 -9999.0 -9999.0 -9999.0 -9999.0 -9999.0 -9999.0 -9999.0 -9999.0 -9999.0 -9999.0 -9999.0 -9999.0 -9999.0 -9999.0 -9999.0 -9999.0 -9999.0 -9999.0 -9999.0 -9999.0 -9999.0 -9999.0
01609.881 01602.333 01620.929 01647.121 01679.262 01743.322 01796.360 01785.620 01776.064 01797.353 01846.095 01868.869 02955.302 03110.309 02948.560 02993.885 03024.054 03087.479 03139.875 03202.950 03300.796 04386.400 04486.286 -9999.0 -9999.0 -9999.0 -9999.0 -9999.0 -9999.0 04531.157 04458.970 04422.113 04482.906 04568.031 -9999.0 04631.494 04394.128 03271.785 03244.271 03264.486 03128.826 03142.718 03324.439 04552.205 -9999.0 -9999.0 -9999.0 -9999.0 -9999.0 -9999.0 -9999.0 -9999.0 -9999.0 -9999.0 -9999.0 -9999.0 -9999.0 -9999.0 -9999.0 -9999.0 -9999.0 -9999.0 -9999.0 -9999.0 -9999.0 -9999.0
01626.736 01650.466 01719.738 01761.453 01783.650 01791.276 01852.662 02893.786 02912.996 02912.413 01866.364 02957.448 03127.797 03160.228 03066.444 03044.838 03086.146 03138.187 03239.940 04336.261 04475.270 04573.065 -9999.0 -9999.0 -9999.0 -9999.0 -9999.0 -9999.0 04591.293 04462.629 04406.526 04412.858 04492.309 -9999.0 -9999.0 04493.232 03359.622 03232.339 03206.266 03277.794 03338.268 03356.350 03322.653 04526.227 -9999.0 -9999.0 -9999.0 -9999.0 -9999.0 -9999.0 -9999.0 -9999.0 -9999.0 -9999.0 -9999.0 -9999.0 -9999.0 -9999.0 -9999.0 -9999.0 -9999.0 -9999.0 -9999.0 -9999.0 -9999.0 -9999.0
01662.015 01702.575 01769.772 01836.611 01883.663 01873.978 01897.609 02924.185 03027.577 03044.713 03044.957 03238.843 04410.976 03274.606 03188.324 03155.403 03190.634 03244.704 04320.866 04404.199 04501.598 04701.186 -9999.0 -9999.0 -9999.0 -9999.0 -9999.0 04682.200 04487.059 04407.389 04350.090 03353.684 -9999.0 -9999.0 03292.078 04370.015 03246.197 03178.840 03167.431 03257.410 03309.419 03345.259 03244.841 -9999.0 -9999.0 -9999.0 -9999.0 -9999.0 -9999.0 -9999.0 -9999.0 -9999.0 -9999.0 -9999.0 -9999.0 -9999.0 -9999.0 -9999.0 -9999.0 -9999.0 -9999.0 -9999.0 -9999.0 -9999.0 -9999.0 -9999.0
01719.539 01728.871 01783.425 01838.441 01889.631 02907.388 02976.455 03013.984 03126.539 03314.457 03167.650 03247.824 03293.938 03267.429 03297.682 03271.185 03344.766 04369.182 04444.516 04551.295 -9999.0 -9999.0 -9999.0 -9999.0 -9999.0 -9999.0 -9999.0 04576.824 04428.623 03357.502 03296.545 03254.109 -9999.0 03248.142 03236.707 03214.897 03198.252 03105.093 03067.259 03228.082 03057.708 02964.788 -9999.0 -9999.0 -9999.0 -9999.0 -9999.0 -9999.0 -9999.0 -9999.0 -9999.0 -9999.0 -9999.0 -9999.0 -9999.0 -9999.0 -9999.0 -9999.0 -9999.0 -9999.0 -9999.0 -9999.0 -9999.0 -9999.0 -9999.0 -9999.0
01784.507 01775.564 01830.532 01872.983 01916.671 02932.539 02986.172 03059.274 03139.235 03220.103 03222.127 03248.084 03305.836 04344.120 04410.127 04329.465 04376.462 04485.591 04551.106 04570.271 04638.543 -9999.0 -9999.0 -9999.0 -9999.0 -9999.0 04775.474 04535.856 04354.726 03269.004 03247.836 03240.018 03240.945 03194.546 03152.646 03134.044 03119.501 03056.836 03009.173 03184.351 02942.915 -9999.0 -9999.0 -9999.0 -9999.0 -9999.0 -9999.0 -9999.0 -9999.0 -9999.0 -9999.0 -9999.0 -9999.0 -9999.0 -9999.0 -9999.0 -9999.0 -9999.0 -9999.0 -9999.0 -9999.0 -9999.0 -9999.0 -9999.0 -9999.0 -9999.0
01833.252 01851.828 01880.322 02884.553 02927.912 02971.777 03041.230 03109.665 03181.364 03242.593 03330.699 03276.129 03345.675 04365.904 04432.498 04494.606 04434.025 04562.511 04629.029 -9999.0 -9999.0 -9999.0 -9999.0 -9999.0 -9999.0 -9999.0 -9999.0 04513.239 03357.800 03247.824 03233.391 03223.968 03193.991 03133.064 03085.894 03049.286 03023.617 03016.215 03037.677 03071.035 02962.943 -9999.0 -9999.0 -9999.0 -9999.0 -9999.0 -9999.0 -9999.0 -9999.0 -9999.0 -9999.0 -9999.0 -9999.0 -9999.0 -9999.0 -9999.0 -9999.0 -9999.0 -9999.0 -9999.0 -9999.0 -9999.0 -9999.0 -9999.0 -9999.0 -9999.0
02896.696 01905.495 02925.039 03086.234 03076.885 03063.533 03088.741 03143.834 03173.386 03253.675 03283.974 04340.421 04377.911 04438.212 04497.380 04637.032 04646.687 04605.380 -9999.0 -9999.0 -9999.0 -9999.0 -9999.0 -9999.0 -9999.0 -9999.0 -9999.0 04505.542 04329.806 03253.009 03219.071 03208.056 03167.365 03059.957 02994.216 02950.337 02923.290 02918.603 02926.145 02977.755 03041.744 02951.359 -9999.0 -9999.0 -9999.0 -9999.0 -9999.0 -9999.0 -9999.0 -9999.0 -9999.0 -9999.0 -9999.0 -9999.0 -9999.0 -9999.0 -9999.0 -9999.0 -9999.0 -9999.0 -9999.0 -9999.0 -9999.0 -9999.0 -9999.0 -9999.0
03007.102 03046.118 03143.912 03264.222 03150.893 03115.902 03134.493 03164.463 03217.401 03273.075 04338.444 04438.179 04501.347 04602.043 04677.539 04767.497 -9999.0 -9999.0 -9999.0 -9999.0 -9999.0 -9999.0 -9999.0 -9999.0 -9999.0 -9999.0 -9999.0 04522.142 04388.703 03270.216 03178.254 03135.748 03057.139 02960.638 02899.539 01891.109 01857.173 01854.736 02952.473 03022.561 02883.799 01852.502 -9999.0 -9999.0 -9999.0 -9999.0 -9999.0 -9999.0 -9999.0 -9999.0 -9999.0 -9999.0 -9999.0 -9999.0 -9999.0 -9999.0 -9999.0 -9999.0 -9999.0 -9999.0 -9999.0 -9999.0 -9999.0 -9999.0 -9999.0 -9999.0
03135.009 03224.376 03213.895 03269.681 03191.904 03165.077 03176.705 03243.171 03323.129 03304.460 04347.599 04404.792 04479.247 04554.254 04648.234 -9999.0 -9999.0 -9999.0 -9999.0 -9999.0 -9999.0 -9999.0 -9999.0 -9999.0 -9999.0 -9999.0 04551.192 04508.965 04452.912 03313.500 03134.507 03033.261 02952.392 02883.919 01864.061 01805.333 01750.862 01759.201 -9999.0 -9999.0 01767.408 01752.370 01758.588 -9999.0 -9999.0 -9999.0 -9999.0 -9999.0 -9999.0 -9999.0 -9999.0 -9999.0 -9999.0 -9999.0 -9999.0 -9999.0 -9999.0 -9999.0 -9999.0 -9999.0 -9999.0 -9999.0 -9999.0 -9999.0 -9999.0 -9999.0
03277.751 03278.916 03331.572 03327.227 03314.790 03245.691 03198.582 03223.284 03268.399 03310.466 04353.079 04433.570 04487.280 04543.508 04612.514 -9999.0 -9999.0 -9999.0 -9999.0 -9999.0 -9999.0 -9999.0 -9999.0 -9999.0 -9999.0 04527.606 04428.040 04390.125 03355.149 03241.648 03082.003 02970.683 02902.973 01865.717 01807.928 01744.578 01700.850 01686.385 01685.828 01686.682 01690.382 01693.155 01671.457 -9999.000 -9999.0 -9999.0 -9999.0 -9999.0 -9999.0 -9999.0 -9999.0 -9999.0 -9999.0 -9999.0 -9999.0 -9999.0 -9999.0 -9999.0 -9999.0 -9999.0 -9999.0 -9999.0 -9999.0 -9999.0 -9999.0 -9999.0
03273.158 03316.470 03347.596 04349.037 04357.793 03298.443 03249.741 03264.706 03316.928 04356.782 04415.208 04493.118 04565.089 04653.342 04703.881 -9999.0 -9999.0 -9999.0 -9999.0 -9999.0 -9999.0 -9999.0 04716.984 04643.833 04509.371 04412.951 03353.241 03276.950 03174.321 03087.256 02997.665 02931.969 01917.147 01883.725 01811.063 01735.237 01684.421 01681.234 01673.464 01665.792 01639.713 01634.944 01639.247 01638.983 01618.390 -9999.0 -9999.0 -9999.0 -9999.0 -9999.0 -9999.0 -9999.0 -9999.0 -9999.0 -9999.0 -9999.0 -9999.0 -9999.0 -9999.0 -9999.0 -9999.0 -9999.0 -9999.0 -9999.0 -9999.0 -9999.0
04341.612 04345.547 04351.864 04358.684 04361.912 04324.105 03320.331 03343.399 04366.755 04411.832 04470.107 04532.165 04583.606 04622.761 04715.656 -9999.0 -9999.0 -9999.0 -9999.0 -9999.0 -9999.0 04768.630 04616.938 04515.804 04413.479 03358.750 03281.701 03196.366 03117.503 03037.530 02985.021 02932.792 01849.499 01919.744 01788.776 01680.947 01648.892 01649.856 01652.225 01652.533 01615.315 01576.905 01611.891 01599.758 01546.087 01506.012 00393.075 00294.146 00303.538 -9999.0 -9999.0 -9999.0 -9999.0 -9999.0 -9999.0 0.0 0.0 0.0 -9999.000 -9999.0 -9999.0 -9999.0 -9999.0 -9999.0 -9999.0 -9999.0
04439.307 04474.374 -9999.0 04424.305 04531.410 04414.902 04381.009 04395.975 04426.820 04470.104 04513.535 04571.517 04595.178 04727.937 -9999.0 -9999.0 -9999.0 -9999.0 -9999.0 -9999.0 -9999.0 04660.523 04541.479 04448.930 04357.767 03320.503 03237.167 03198.650 03099.640 03095.937 03071.029 01904.493 01732.524 01852.927 01677.745 01635.278 01652.680 01637.569 01602.835 01637.298 01618.774 01613.144 01609.180 01560.062 01506.337 00478.489 00365.592 00265.433 00165.903 00073.588 0.0 0.0 0.0 0.0 0.0 0.0 0.0 0.0 0.0 -9999.0 -9999.0 -9999.0 -9999.0 -9999.0 -9999.0 -9999.0
04724.683 04405.029 04427.929 04456.041 04544.295 04730.040 04475.161 04483.887 04504.367 04546.107 04647.535 04635.728 04700.317 -9999.0 -9999.0 -9999.0 -9999.0 -9999.0 -9999.0 -9999.0 04732.387 04611.592 04495.158 04410.535 04336.388 03298.112 03294.019 03291.332 03326.550 03281.920 03031.203 01890.482 01781.724 01719.960 01658.380 01704.061 01676.537 01654.321 01660.245 01664.853 01625.136 01610.420 01590.224 01542.162 01461.174 00422.732 00331.277 00246.833 00145.994 00058.971 0.0 0.0 0.0 0.0 0.0 0.0 0.0 0.0 0.0 0.0 -9999.0 -9999.0 -9999.0 -9999.0 -9999.0 -9999.0
-9999.0 04710.146 04630.963 04636.587 -9999.0 -9999.0 -9999.0 04583.920 04573.298 04577.662 04610.454 04671.864 -9999.0 -9999.0 -9999.0 -9999.0 -9999.0 -9999.0 -9999.0 04789.689 04699.082 04577.076 04529.095 04416.113 04339.064 03341.142 04559.045 04686.495 -9999.0 03236.876 03063.159 02955.388 01858.498 01745.175 01734.005 01693.986 01657.175 01625.377 01599.198 01706.384 01662.485 01620.891 01585.459 01544.064 01478.028 00421.897 00327.743 00244.271 00147.514 00062.200 0.0 0.0 0.0 0.0 0.0 0.0 0.0 0.0 0.0 0.0 0.0 -9999.0 -9999.0 -9999.0 -9999.0 -9999.0
-9999.0 -9999.0 -9999.0 -9999.0 -9999.0 -9999.0 -9999.0 -9999.0 04696.024 04702.900 04751.910 -9999.0 -9999.0 -9999.0 -9999.0 -9999.0 -9999.0 -9999.0 -9999.0 04778.857 04690.513 04639.590 04758.970 04562.935 04356.803 04356.220 04437.858 03344.666 03282.389 03224.977 03152.017 03043.142 01918.743 01834.010 01728.079 01686.766 01651.440 01620.211 01593.669 01649.165 01632.468 01616.839 01566.671 01541.586 01485.049 00447.191 00352.946 00258.519 00158.500 00072.919 00000.000 00000.000 0.0 0.0 0.0 0.0 0.0 0.0 0.0 0.0 -9999.0 0.0 -9999.0 -9999.0 -9999.0 -9999.0
04577.431 04631.864 04722.131 -9999.0 -9999.0 -9999.0 -9999.0 -9999.0 -9999.0 -9999.0 -9999.0 -9999.0 -9999.0 -9999.0 -9999.0 -9999.0 -9999.0 -9999.0 -9999.0 -9999.0 04691.321 04703.051 -9999.0 -9999.0 04581.747 04482.987 03323.588 03188.332 03104.945 03052.997 02975.717 03023.341 03025.416 01884.393 01746.028 01707.075 01672.129 01657.627 01637.800 01625.654 01582.875 01555.132 01529.965 01508.791 01474.801 00451.707 00370.069 00277.804 00210.938 00163.569 00114.257 00081.034 00064.166 00000.000 00000.000 00000.000 0.0 0.0 0.0 0.0 -9999.0 0.0 0.0 -9999.0 -9999.0 -9999.0
04528.264 04571.858 04641.176 04732.898 -9999.0 -9999.0 -9999.0 -9999.0 -9999.0 -9999.0 -9999.0 -9999.0 -9999.0 -9999.0 -9999.0 -9999.0 -9999.0 -9999.0 -9999.0 -9999.0 04795.597 -9999.0 -9999.0 -9999.0 04534.761 04376.072 03198.995 03069.430 02965.568 02917.351 02907.241 02951.281 02946.433 02913.337 01797.696 01709.297 01668.589 01632.401 01598.840 01579.408 01562.537 01545.518 01512.503 01479.805 01447.218 00440.553 00374.349 00286.071 00200.189 00237.391 00190.317 00162.738 00179.757 00102.515 00091.026 00077.737 00051.191 00000.000 00000.000 -9999.0 0.0 0.0 0.0 0.0 0.0 0.0
04561.790 04579.876 04633.347 04696.819 04768.727 -9999.0 -9999.0 -9999.0 -9999.0 -9999.0 -9999.0 -9999.0 -9999.0 -9999.0 -9999.0 -9999.0 -9999.0 -9999.0 -9999.0 -9999.0 -9999.0 -9999.0 -9999.0 -9999.0 04465.738 03305.474 03124.413 03003.141 02934.779 02893.828 02894.040 02915.275 02912.819 02894.503 01833.463 01731.832 01679.820 01642.194 01608.401 01571.913 01534.536 01498.313 01535.458 01504.807 01473.142 00477.224 00418.950 00344.233 00276.087 00300.034 00262.067 00288.310 00240.856 00170.602 00112.158 00137.236 00216.290 -9999.0 01449.391 00065.985 0.0 0.0 0.0 0.0 0.0 0.0
04590.946 04594.592 04592.693 04660.563 04760.328 -9999.0 -9999.0 -9999.0 -9999.0 -9999.0 -9999.0 -9999.0 -9999.0 -9999.0 -9999.0 -9999.0 -9999.0 -9999.0 -9999.0 -9999.0 -9999.0 -9999.0 -9999.0 04607.571 04359.106 03206.456 03068.413 02962.573 02909.306 01879.640 01874.348 01883.155 01830.902 01791.638 01753.332 01690.430 01644.530 01615.979 01598.931 01581.364 01557.052 01525.516 01545.833 01520.770 01490.578 01460.530 00445.634 00407.078 00373.736 00386.399 00338.095 00367.203 00352.520 00219.684 00204.589 00261.324 00295.449 00368.346 00419.832 00000.000 0.0 -9999.0 0.0 0.0 0.0 0.0
04599.005 04618.651 04591.314 04623.468 04705.668 04770.768 -9999.0 -9999.0 -9999.0 -9999.0 -9999.0 -9999.0 -9999.0 -9999.0 -9999.0 -9999.0 -9999.0 -9999.0 -9999.0 -9999.0 -9999.0 -9999.0 -9999.0 -9999.0 04498.020 03286.307 03068.024 02921.559 01891.362 01785.522 01780.915 01817.132 01724.962 01697.549 01725.884 01677.440 01636.640 01600.290 01571.539 01561.487 01542.665 01539.856 01552.893 01514.812 01476.537 01451.760 01455.158 01461.745 00463.244 00448.154 00438.792 00394.260 00347.154 00279.160 00295.275 00284.563 00324.345 00334.796 00381.942 00401.763 -9999.0 0.0 0.0 0.0 0.0 0.0
04603.608 04597.572 04635.381 04653.192 04725.636 -9999.0 -9999.0 -9999.0 -9999.0 -9999.0 -9999.0 -9999.0 -9999.0 -9999.0 -9999.0 -9999.0 -9999.0 -9999.0 -9999.0 -9999.0 -9999.0 -9999.0 -9999.0 -9999.0 -9999.0 -9999.0 -9999.0 02931.355 01819.308 01715.323 01699.198 01786.030 01690.820 01661.176 01725.734 01694.216 01643.310 01601.500 01564.496 01538.370 01540.735 01504.965 01569.776 01541.058 01509.067 01488.038 01533.316 01538.529 01513.420 01498.282 01506.812 00466.765 00415.485 00354.426 00302.427 00271.971 00304.692 00332.138 00339.904 -9999.0 00000.000 0.0 0.0 0.0 0.0 0.0
04606.522 04606.387 04673.492 04724.018 04786.967 -9999.0 -9999.0 -9999.0 -9999.0 -9999.0 -9999.0 -9999.0 -9999.0 -9999.0 -9999.0 -9999.0 -9999.0 -9999.0 -9999.0 -9999.0 -9999.0 -9999.0 -9999.0 -9999.0 -9999.0 -9999.0 04380.577 03019.451 01895.095 01743.795 01742.919 01756.975 01698.159 01669.800 01701.649 01663.971 01675.611 01622.202 01587.049 01583.083 01576.656 01571.958 01601.900 01606.378 01620.629 01640.379 01652.598 01623.911 01597.799 01580.059 01530.042 01462.788 00431.191 00345.893 00355.732 00320.303 00313.193 00341.522 00306.371 00261.272 00000.000 0.0 0.0 0.0 0.0 -9999.0
