developer_scripts/forCreateIgnition/farsiteOutputs/a_originalIgnitions/WorkAsIs/a_test1177973_NTFBIgnition/test1177973_NTFBIgnition_HeatPerUnitArea.asc
NCOLS 748
NROWS 648
XLLCORNER -8363.000000
YLLCORNER -11743.000000
CELLSIZE 30.000000
NODATA_VALUE -9999.0
[rows 377 to 405 of 648, columns 260 to 324 of 748]
-9999.0 -9999.0 -9999.0 -9999.0 -9999.0 -9999.0 -9999.0 -9999.0 -9999.0 -9999.0 -9999.0 -9999.0 -9999.0 -9999.0 -9999.0 -9999.0 -9999.0 -9999.0 -9999.0 -9999.0 -9999.0 -9999.0 -9999.0 -9999.0 -9999.0 -9999.0 -9999.0 -9999.0 -9999.0 -9999.0 -9999.0 -9999.0 -9999.0 -9999.0 -9999.0 -9999.0 -9999.0 -9999.0 -9999.0 -9999.0 -9999.0 -9999.0 -9999.0 -9999.0 -9999.0 -9999.0 -9999.0 -9999.0 -9999.0 -9999.0 -9999.0 -9999.0 -9999.0 -9999.0 -9999.0 -9999.0 -9999.0 -9999.0 -9999.0 -9999.0 -9999.000 37988.159 12465.127 27243.795 01905.688
13021.832 11997.612 11000.955 10026.004 09062.272 08091.044 07078.098 06307.183 07213.792 07376.447 07056.837 06405.967 05518.947 04459.833 -9999.000 -9999.0 -9999.0 -9999.0 -9999.0 -9999.0 -9999.0 -9999.0 -9999.0 -9999.0 -9999.0 -9999.0 -9999.0 -9999.0 -9999.0 -9999.0 -9999.0 -9999.0 -9999.0 -9999.0 -9999.0 -9999.0 -9999.0 -9999.0 -9999.0 -9999.0 -9999.0 -9999.0 -9999.0 -9999.0 -9999.0 -9999.0 -9999.0 -9999.000 -9999.0 -9999.0 -9999.0 -9999.0 -9999.0 -9999.0 -9999.0 -9999.0 -9999.0 -9999.0 -9999.0 -9999.0 -9999.0 -9999.000 04745.973 18059.361 03923.620
10344.879 33850.334 34092.881 34074.488 33097.032 31725.982 17729.547 01291.085 01183.472 02435.651 29959.527 34177.132 26251.940 12378.300 10945.075 -9999.000 -9999.000 -9999.0 -9999.0 -9999.0 -9999.0 -9999.0 -9999.0 -9999.0 -9999.0 -9999.0 -9999.0 -9999.0 -9999.0 -9999.0 -9999.0 -9999.0 -9999.0 -9999.0 -9999.0 -9999.0 -9999.0 -9999.0 -9999.0 -9999.0 -9999.0 -9999.0 -9999.0 -9999.0 -9999.0 -9999.000 -9999.000 -9999.000 -9999.000 -9999.0 -9999.0 -9999.0 32701.201 32387.405 -9999.000 -9999.0 -9999.0 -9999.0 -9999.0 -9999.0 -9999.0 -9999.000 03002.555 03295.132 06632.983
28535.789 12339.111 09220.190 13497.106 06268.685 01394.359 02368.133 02370.599 02381.404 31877.645 01010.572 01030.489 01007.574 01004.412 01581.742 02420.795 02480.449 -9999.000 -9999.0 -9999.0 -9999.0 -9999.0 -9999.0 -9999.0 -9999.0 -9999.0 -9999.0 -9999.0 -9999.0 -9999.0 -9999.0 -9999.0 -9999.0 -9999.0 -9999.0 -9999.0 -9999.0 -9999.0 -9999.000 -9999.000 -9999.000 -9999.000 -9999.0 -9999.0 -9999.0 -9999.0 -9999.0 -9999.0 -9999.0 01438.672 -9999.0 05504.208 05615.904 15802.795 01968.772 -9999.0 -9999.0 -9999.0 -9999.0 -9999.0 -9999.0 -9999.0 03016.558 03013.974 03262.977
34023.619 05832.748 26568.654 37382.580 09308.673 06661.778 02214.811 01251.022 01367.271 11821.034 05300.803 02243.266 01989.573 01013.182 01443.807 01032.429 00994.642 05651.351 02959.244 -9999.0 -9999.0 -9999.0 -9999.0 -9999.0 -9999.0 -9999.0 -9999.0 -9999.0 -9999.0 -9999.0 -9999.0 -9999.0 -9999.000 -9999.0 -9999.0 -9999.0 -9999.0 -9999.0 -9999.0 -9999.0 -9999.0 -9999.0 -9999.0 -9999.0 -9999.0 -9999.0 -9999.0 -9999.0 -9999.0 12191.501 43602.616 38992.084 40369.959 05018.836 00996.830 -9999.000 -9999.0 -9999.0 -9999.000 -9999.000 -9999.000 -9999.000 30121.457 02187.874 02619.686
08308.468 01113.321 13864.298 13351.310 01989.744 12957.259 02303.858 17940.173 24686.302 02717.425 03447.845 02727.816 02404.586 02680.046 13975.308 00955.790 00975.648 00999.073 01055.511 -9999.000 -9999.0 -9999.0 -9999.0 -9999.0 -9999.0 -9999.0 -9999.0 -9999.0 -9999.0 -9999.0 -9999.0 -9999.0 -9999.0 -9999.000 -9999.000 -9999.0 -9999.0 -9999.0 -9999.0 -9999.0 -9999.0 -9999.0 -9999.0 -9999.0 -9999.0 -9999.0 -9999.0 -9999.0 -9999.0 06265.834 41654.476 38792.633 17088.696 04646.465 01630.505 00992.504 02088.876 09890.624 21298.408 33923.412 29218.794 07750.523 12151.224 03214.271 00992.981
33502.920 27981.345 05446.107 07554.808 33414.132 22751.436 11122.503 12422.057 25591.728 02816.674 01047.356 02376.527 02318.768 02833.226 26244.965 -9999.0 -9999.0 -9999.0 35245.723 09078.563 -9999.000 -9999.0 -9999.0 -9999.0 -9999.0 -9999.0 -9999.0 -9999.0 -9999.0 -9999.0 37527.662 38936.380 40542.694 01008.498 29891.391 29963.356 24569.090 -9999.000 -9999.000 -9999.000 -9999.0 -9999.0 -9999.0 -9999.0 -9999.0 -9999.0 -9999.0 -9999.0 -9999.000 24909.067 36125.869 24098.172 04301.882 02398.067 02238.842 00995.934 02564.384 20242.218 34065.281 12000.463 03047.346 03047.569 06214.435 10155.374 03118.733
14333.700 10831.343 28541.965 03369.019 04085.524 32127.240 25792.636 12441.907 10535.848 02748.794 02315.157 31536.459 27214.514 02617.867 00960.340 00919.395 32992.821 33427.339 09718.604 02394.239 02368.105 -9999.000 -9999.000 -9999.0 -9999.0 -9999.0 -9999.0 -9999.0 -9999.0 -9999.000 38552.583 35083.530 25418.668 04560.235 01673.573 10936.923 04217.252 13748.283 01009.159 01011.435 17165.411 21013.543 -9999.000 -9999.000 -9999.000 -9999.0 -9999.0 -9999.0 -9999.000 37639.132 18078.828 29261.672 01706.147 18047.534 02095.907 03354.421 06014.288 35346.470 43356.014 21170.734 04473.414 11478.667 29831.579 01611.160 01534.047
30564.083 35899.446 29767.537 02731.623 35612.501 34400.314 22030.179 07376.497 03216.502 00886.297 32860.251 31057.956 01711.872 01833.380 01268.646 01456.356 17446.855 05558.802 00974.911 02102.922 02416.935 02473.879 02885.520 02959.244 -9999.000 -9999.000 -9999.000 -9999.0 -9999.0 -9999.000 15955.898 01004.156 33038.842 32073.879 19104.539 00986.868 01592.539 07535.319 09182.033 32101.873 10721.523 01770.104 06857.137 07010.081 07061.396 17214.706 21952.295 -9999.000 -9999.000 19831.725 40095.265 39867.048 43678.738 15821.856 08414.981 06613.348 07114.017 35635.831 34736.232 09015.763 03776.373 03185.484 38892.002 03257.431 02698.055
02086.191 04690.175 04905.997 02625.905 30336.824 15093.505 01161.741 03241.274 04855.584 01158.105 03451.970 02280.645 00925.487 00920.471 01361.797 02721.203 03805.982 04105.064 00968.839 00981.692 00991.914 01443.809 05009.280 05554.694 03419.636 02968.097 04322.626 04136.189 -9999.000 22237.454 00997.845 33888.977 08029.900 37079.158 39008.370 08467.241 01005.659 15680.161 30929.589 10985.091 16137.780 08137.056 32701.950 16139.940 06588.046 27783.815 01006.019 03023.798 01009.788 02829.002 19815.944 30947.102 40306.567 32271.120 35413.397 01288.624 30938.640 45486.408 36514.236 09333.954 03060.397 14094.204 38599.075 02995.154 01591.732
27822.262 11945.273 02856.433 09098.251 27177.449 00933.888 07418.695 03009.345 01806.054 42246.716 02205.484 04918.485 37297.859 00915.479 02189.849 02479.218 03201.101 03154.633 01869.690 00982.453 00968.974 00973.432 35496.523 04733.116 04694.011 11789.624 12199.527 01154.016 01004.661 01002.440 01666.840 13948.787 33262.238 35167.737 26183.485 05313.634 35119.581 34165.845 02642.047 01368.908 37967.855 22485.925 30454.736 32483.490 04183.481 01043.892 02622.256 01358.491 01007.001 08699.402 34887.693 34756.729 38348.891 04597.336 10005.430 03086.432 05200.717 19593.715 21746.097 36324.057 04504.051 26289.654 41873.695 32663.700 25686.566
29206.445 -9999.0 -9999.0 02889.363 02280.634 35874.801 05213.440 -9999.0 -9999.0 -9999.0 33036.045 02257.131 27899.364 01087.561 02653.788 02771.752 04833.357 02979.724 01917.808 00996.629 00985.735 08191.338 13906.995 14002.103 13669.185 28039.836 08190.825 09006.000 07512.818 05680.877 00947.411 00943.090 00943.125 33237.798 00945.511 00918.974 14580.270 33527.154 27037.654 00945.936 03230.038 01021.636 00926.847 06633.628 04781.232 00954.146 12436.318 29195.211 18325.657 05388.482 07002.665 05505.069 02997.149 00963.840 01736.440 04271.432 01839.286 05464.785 19562.627 05609.998 36918.390 43326.924 42512.485 38145.748 30567.105
-9999.0 02214.381 02334.187 00940.567 02274.466 15106.695 00950.649 02227.169 30882.384 05478.221 12059.920 01874.512 02247.728 02263.073 02397.129 01985.773 01865.487 02891.158 02018.717 00970.066 00987.861 23419.417 24948.892 03718.107 00999.303 00995.595 32452.993 28396.477 19821.038 08866.723 32063.663 11195.609 00945.777 00943.511 00920.845 27402.563 31820.154 32024.990 00904.872 15242.369 31551.013 26062.788 08980.808 03139.635 08232.944 01780.656 32768.196 03723.819 11671.406 20499.889 18376.866 33366.541 33173.503 02880.375 01054.049 00964.331 02598.519 05691.255 30726.056 00965.347 05568.489 09253.630 07706.068 14668.827 26554.830
-9999.0 04973.945 17595.906 26790.771 02527.754 31042.344 28977.985 01865.845 05236.692 02817.274 02801.071 02363.853 02271.301 01177.317 02078.316 02719.401 08720.034 01481.575 02768.035 00981.091 00965.470 03556.924 05147.625 01437.835 02402.654 08503.013 17383.952 30403.899 00897.619 01215.455 28399.196 29112.105 30250.375 00925.849 02796.377 00931.566 20341.549 04584.438 15375.956 00928.886 15709.581 25201.026 20610.201 05227.388 03157.780 08010.598 04042.323 00888.518 06986.991 09194.341 00877.150 31923.296 29925.398 01943.161 34796.764 36199.314 15373.922 21039.489 31918.488 19084.895 02834.928 00962.976 05484.935 08106.300 08337.258
32229.287 08908.884 33376.088 03132.633 02761.810 02739.152 02589.359 01074.845 02497.664 02784.074 02254.930 01392.214 01891.485 00910.582 00901.085 26032.887 29531.617 22308.706 05456.712 05441.184 02505.768 03481.189 03258.968 01176.307 02298.283 30371.082 12910.496 31385.871 16549.939 03768.768 28764.475 36414.653 00904.562 00906.234 05184.179 00937.444 00938.562 06542.740 27733.093 32016.102 16314.189 13516.639 26714.098 11305.151 32030.481 28211.368 00938.759 02432.664 01101.731 10311.875 22348.154 07975.532 23634.192 05184.693 05107.359 05225.460 00973.475 03946.272 05226.709 36956.106 23195.272 05846.846 01770.126 03068.583 13663.354
10485.591 02761.224 21340.991 03863.664 02746.018 03261.265 03471.993 01850.262 00931.609 01054.825 00928.803 30100.208 02642.030 02932.974 16375.112 31213.615 03559.389 09893.920 29273.674 17464.198 00976.030 19662.799 40768.626 34494.700 11050.665 11011.222 29785.003 18563.630 04123.957 02821.215 14557.461 15818.641 14497.338 22771.497 11333.691 01566.201 10251.817 31731.585 32731.135 32148.307 00934.891 32176.803 -9999.0 33145.200 32868.501 31217.360 18955.543 08493.076 01238.822 08502.841 05168.980 35970.299 35233.637 00933.850 05219.851 33157.552 32250.315 00953.828 04951.975 13264.021 38219.103 37750.487 28888.475 00928.406 31739.919
02762.780 02775.018 11937.678 23476.257 02740.309 02242.122 10585.122 35678.097 02854.383 02433.062 01317.192 -9999.0 02179.798 02102.558 05558.726 03851.810 00933.402 01064.155 22851.266 27192.973 00930.560 13409.246 21759.341 20550.287 00949.583 31447.672 32314.330 00913.087 28858.453 03973.210 04000.939 03577.349 26576.119 30344.218 24788.135 13981.765 00924.353 02906.710 29326.339 24990.618 00933.168 00928.506 -9999.0 32664.807 32927.202 33071.357 34170.355 -9999.0 -9999.0 03487.764 01428.823 36321.350 01414.573 05230.327 21345.898 00877.531 33357.577 18995.788 20660.335 26359.002 34310.422 23515.628 07037.967 06420.928 31237.809
07827.190 02771.806 02840.862 05829.484 28816.750 43257.689 35131.182 25416.999 12958.791 05279.756 05171.065 03137.073 00930.640 32879.691 05229.856 01845.430 00933.247 00923.200 01965.939 25967.414 00901.847 20106.426 32807.302 38541.185 12081.832 09020.431 26847.584 28310.889 31061.632 30545.836 12590.746 01072.185 27969.580 01037.393 27361.003 05893.364 00914.608 06033.338 29216.427 03534.408 05043.690 01040.979 00921.919 33674.625 32298.635 32519.613 00906.916 10691.841 -9999.0 02798.172 06864.879 10108.245 00936.030 01716.653 05225.567 00930.972 35308.619 49889.266 27305.400 21381.410 01446.619 00889.782 00880.533 24007.850 28840.301
08748.587 15908.545 20456.772 04377.903 23675.392 40879.933 35903.303 31293.951 04624.012 01794.472 01333.628 01408.929 00933.321 01779.892 30083.707 08980.880 01363.354 02848.610 02902.297 03582.603 00921.309 00892.659 37397.783 34217.177 11354.851 00875.012 26869.178 08569.557 04330.887 18473.854 00935.959 13356.420 11743.685 10017.530 08228.848 00914.915 00907.381 04245.931 01314.000 02882.366 00867.949 00876.949 00881.257 00875.292 05045.781 00902.644 00931.903 00935.407 00937.425 06935.570 09926.666 02741.769 04863.490 03651.269 05058.743 01711.598 07999.058 41911.396 43904.737 44965.404 25923.916 00961.047 00933.761 33058.408 34589.266
34467.588 21503.920 04402.156 00900.692 00877.070 06515.122 06037.432 00883.342 00908.046 02400.983 04395.284 05099.802 00934.845 04832.899 00989.740 03876.962 00956.077 01732.757 02903.005 05105.828 05034.487 04959.013 02775.195 00885.359 00915.770 09609.555 00988.600 00967.964 00958.208 00940.263 00938.738 02227.306 00920.151 00908.199 10972.697 00874.653 00875.101 05406.079 11569.622 08479.358 00865.679 00889.350 00874.947 00874.879 00862.518 00891.973 00954.858 01019.376 00974.602 02948.094 08336.618 12574.257 10077.665 12622.650 05278.587 05276.231 36977.323 38347.198 39892.393 16081.069 38351.710 17212.074 05229.389 05226.551 05234.401
01997.562 10921.767 00921.048 00902.529 00897.381 00881.159 00859.286 00925.554 01460.472 02212.151 03453.547 05308.753 -9999.0 -9999.0 00949.665 01158.475 02713.645 05618.159 05255.031 02284.171 00959.707 01447.183 00975.815 -9999.0 00950.510 00962.334 00957.548 00936.758 00938.941 00933.374 00921.049 00905.953 00901.232 00892.077 11410.283 10992.628 00873.775 07031.461 11074.490 01700.396 00860.108 00867.128 00889.917 00870.526 00871.387 00846.216 04941.237 01255.696 02536.355 00976.221 04173.301 12519.759 01350.151 03857.528 34907.624 10753.870 00931.120 37295.148 34786.953 31543.367 05280.290 05203.320 00936.372 05237.772 05236.425
00928.358 00908.282 00881.917 00905.751 00918.613 00905.571 00865.751 00901.324 01074.851 01025.667 01165.079 00950.497 00953.830 34221.780 05181.240 21545.669 02248.642 05100.435 30196.231 27932.258 00970.024 -9999.0 -9999.0 -9999.0 -9999.0 00949.505 00938.463 00932.008 00924.620 00920.712 00896.649 00882.140 00877.739 00875.950 04670.585 05420.284 00880.346 07354.918 10960.651 05659.611 00853.728 00875.878 00867.777 00866.256 00866.500 01349.575 02027.579 01411.132 02648.280 00977.499 02886.127 02111.894 00995.659 00943.571 00931.660 04183.090 05170.654 38137.252 25919.894 39761.535 40165.559 14857.487 04831.275 00964.352 00942.374
00885.160 00879.881 00918.942 00925.849 00929.240 00909.485 00867.602 00899.779 00899.299 02166.458 02311.617 00944.779 00951.824 46862.301 28184.971 36293.032 02222.281 06642.494 00972.836 00966.154 -9999.0 -9999.0 -9999.0 01078.524 00913.534 00939.211 02578.898 04084.288 00894.518 03986.897 02338.715 00885.205 00858.424 00876.124 00881.374 00864.342 00886.980 00875.476 00851.543 00864.187 00858.425 00872.556 00881.517 00862.039 00864.504 00855.468 00904.282 00932.834 02727.165 01086.505 02703.422 02383.524 00950.858 10026.860 00911.488 -9999.0 03582.662 10378.375 37080.819 17204.965 05113.635 31224.073 00965.492 00965.774 00969.411
00882.682 00875.253 00919.128 12915.347 10575.154 00910.876 00864.989 00882.596 00915.329 02160.947 01870.035 04606.107 04219.145 04769.365 06494.947 01254.669 00872.405 00856.047 -9999.0 -9999.0 00858.948 00858.724 00859.576 00989.617 00885.633 00873.505 01938.665 01237.868 02599.194 02680.336 03925.417 02554.734 00869.448 00859.871 00859.987 09745.046 04648.085 00867.531 00850.835 00862.881 00859.870 00857.971 00861.204 00879.755 00867.203 00862.414 00885.880 00928.674 01714.884 02248.427 01162.018 02629.542 05534.970 09396.382 -9999.0 -9999.0 07701.056 38750.033 33345.456 24611.462 06807.880 30312.803 00959.491 00964.633 00958.318
00877.074 00859.794 00914.729 02343.723 00922.899 00911.929 00862.193 00887.404 00969.681 02165.654 00934.225 04458.731 05520.289 05454.814 36567.051 06081.670 00905.068 00867.541 00857.065 00892.512 00875.286 00858.209 00870.114 00869.969 -9999.0 00872.876 00867.717 01115.417 04025.177 01603.064 01733.888 00858.925 00886.312 00870.098 01977.036 06066.490 00883.400 00874.674 00848.987 00855.289 00855.783 00863.009 00864.168 00872.347 00863.751 00864.452 00857.745 00886.796 00925.605 00941.544 01772.150 03302.972 05301.850 01795.983 00946.783 00887.285 09801.869 28084.656 20724.569 38654.251 24210.155 33587.648 -9999.0 00940.862 00953.773
00873.256 00871.173 00884.602 00875.042 00883.105 00867.744 00901.226 00882.698 00881.355 01185.585 00937.378 00937.492 01558.132 10714.304 34456.215 07719.715 00890.019 00866.599 00862.487 00891.573 00855.844 00988.900 00866.526 00873.168 00871.139 00860.703 00867.186 10401.574 02384.530 01825.592 00873.428 00841.185 00864.003 00864.900 00863.820 00870.553 00868.292 00865.015 00863.298 00841.877 00869.594 00863.328 00872.191 00868.296 00861.413 00863.749 00892.300 00858.997 00873.446 00904.159 00935.670 01647.182 02046.669 17201.001 36829.269 04644.338 01334.360 19429.444 39272.012 45236.642 43398.755 00995.803 04850.402 -9999.0 00962.860
00870.481 00883.057 00859.161 00899.967 00896.250 00885.645 00881.624 00878.962 00876.413 00994.509 01317.987 00942.626 06634.042 16930.952 31668.370 16573.457 00873.803 00862.953 00883.743 00865.648 01700.688 04340.557 02216.800 01103.336 00872.779 00880.352 00864.411 01665.617 04125.803 00848.345 00841.001 00773.023 00843.947 00870.792 00880.382 00876.431 00887.517 00843.027 00857.912 00793.356 00840.900 00853.285 00871.054 00875.711 00869.546 00877.848 00887.901 00894.950 00896.313 00876.590 00882.513 00963.413 27076.750 20593.549 19744.950 06433.381 04403.936 04617.771 33791.441 31162.195 11990.577 03380.383 04928.906 -9999.0 00938.245
16443.634 00877.282 00897.730 00894.529 00896.765 00886.309 00876.008 00874.852 00875.813 02572.554 04004.787 03236.771 01352.332 05706.798 17469.225 00863.223 00896.215 00877.094 00868.750 00866.484 03033.389 01616.162 00867.261 00877.613 00885.107 00878.515 00865.312 01784.633 00797.145 00652.496 00644.850 00356.128 00763.403 00816.485 00842.849 00888.230 00945.102 00911.452 00810.800 00788.403 00784.563 00831.203 00848.341 00854.976 00863.658 00861.355 00871.655 00890.412 00886.119 00840.940 00875.298 00872.514 20954.987 04592.746 33722.382 25910.285 25929.634 01904.526 04618.565 31657.818 00906.948 00953.801 00958.421 00945.088 00940.222
39485.917 39068.209 12700.355 00888.524 00886.506 00879.101 00886.398 00879.247 00901.139 01612.342 04064.368 03426.891 01109.486 00999.972 00929.199 00872.382 00889.907 35119.282 25934.982 23201.684 02418.878 01006.232 00882.318 00882.750 00872.215 00867.154 00871.181 00849.640 00786.674 00646.418 00674.466 00657.191 00679.608 00671.520 00761.310 00793.892 00805.441 00817.971 00797.261 00713.361 00606.542 00763.125 00809.573 00827.620 00832.811 00845.906 00860.497 00868.873 00874.853 00871.924 00866.360 02731.738 04640.316 04635.675 30911.593 41549.237 16389.665 22879.598 32897.818 32803.529 18557.985 01290.507 00955.919 00949.056 00935.120
