developer_scripts/forCreateIgnition/farsiteOutputs/a_originalIgnitions/WorkAsIs/a_test1177973_NTFBIgnition/test1177973_NTFBIgnition_ArrivalTime.asc
NCOLS 748
NROWS 648
XLLCORNER -8363.000000
YLLCORNER -11743.000000
CELLSIZE 30.000000
NODATA_VALUE -9999.0
[rows 377 to 405 of 648, columns 264 to 329 of 748]
0.0 0.0 0.0 0.0 0.0 0.0 0.0 0.0 0.0 0.0 0.0 0.0 0.0 -9999.0 0.0 0.0 0.0 -9999.0 -9999.0 -9999.0 -9999.0 -9999.0 -9999.0 -9999.0 -9999.0 -9999.0 -9999.0 -9999.0 -9999.0 -9999.0 -9999.0 -9999.0 -9999.0 -9999.0 -9999.0 -9999.0 -9999.0 -9999.0 -9999.0 -9999.0 -9999.0 -9999.0 -9999.0 -9999.0 -9999.0 -9999.0 -9999.0 -9999.0 -9999.0 -9999.0 -9999.0 -9999.0 -9999.0 -9999.0 -9999.0 0.0 00000.000 00068.405 00046.104 00030.659 00017.037 0.0 0.0 0.0 0.0 0.0
00025.304 00025.829 00026.496 00026.870 00024.879 00023.312 00022.045 00020.998 00020.117 00019.366 00000.000 0.0 0.0 0.0 0.0 0.0 0.0 0.0 -9999.0 -9999.0 -9999.0 -9999.0 -9999.0 -9999.0 -9999.0 -9999.0 -9999.0 -9999.0 -9999.0 -9999.0 -9999.0 -9999.0 -9999.0 -9999.0 -9999.0 -9999.0 -9999.0 -9999.0 -9999.0 -9999.0 -9999.0 -9999.0 -9999.0 -9999.000 -9999.0 -9999.0 -9999.0 -9999.0 -9999.0 -9999.0 -9999.0 -9999.0 -9999.0 0.0 0.0 0.0 0.0 00000.000 00037.081 00030.526 00019.589 00000.000 0.0 0.0 0.0 0.0
00103.924 00108.335 00137.369 00091.465 00089.114 00205.302 00099.009 00082.622 00075.615 00067.488 00060.368 00000.000 00000.000 0.0 0.0 0.0 0.0 0.0 -9999.0 -9999.0 -9999.0 -9999.0 -9999.0 -9999.0 -9999.0 -9999.0 -9999.0 -9999.0 -9999.0 -9999.0 -9999.0 -9999.0 -9999.0 -9999.0 -9999.0 -9999.0 -9999.0 -9999.0 -9999.0 -9999.0 -9999.0 -9999.000 00000.000 00000.000 00000.000 -9999.0 -9999.0 -9999.0 00270.605 00177.988 00000.000 0.0 0.0 0.0 0.0 0.0 0.0 00000.000 00037.127 00029.479 00022.165 00000.000 0.0 0.0 0.0 0.0
00195.212 00210.163 00264.058 00267.930 00308.857 00143.599 00086.065 00100.411 00157.596 00135.344 00138.947 00170.033 00052.404 00000.000 0.0 0.0 0.0 0.0 -9999.0 -9999.0 -9999.0 -9999.0 -9999.0 -9999.0 -9999.0 -9999.0 -9999.0 -9999.0 -9999.0 -9999.0 -9999.0 -9999.0 -9999.0 -9999.0 -9999.000 -9999.000 -9999.000 -9999.000 0.0 0.0 0.0 0.0 0.0 0.0 0.0 00044.353 -9999.0 00240.299 00215.063 00203.163 00097.029 0.0 0.0 0.0 0.0 0.0 0.0 0.0 00042.447 00037.005 00028.698 00008.725 0.0 0.0 0.0 0.0
00243.412 00332.784 01455.426 00291.586 00339.296 00185.723 00133.364 00140.946 00169.501 00229.519 00256.738 00280.646 00186.774 00076.357 00003.742 -9999.0 -9999.0 0.0 0.0 0.0 -9999.0 -9999.0 -9999.0 -9999.0 -9999.0 -9999.0 -9999.0 -9999.0 -9999.000 -9999.0 -9999.0 -9999.0 -9999.0 -9999.0 0.0 0.0 0.0 0.0 0.0 0.0 0.0 0.0 0.0 0.0 0.0 00033.641 00063.722 00122.913 00154.152 00237.834 00125.500 00000.000 0.0 0.0 00000.000 00000.000 00000.000 00000.000 00078.233 00057.101 00045.734 00028.327 00000.000 00000.000 00000.000 00000.000
00267.052 00311.025 00390.051 00411.995 00388.301 00275.887 00171.858 00167.326 00228.672 00270.791 00297.306 00292.377 00224.379 00176.051 00073.337 00000.000 0.0 0.0 0.0 0.0 0.0 -9999.0 -9999.0 -9999.0 -9999.0 -9999.0 -9999.0 -9999.0 -9999.0 -9999.000 00000.000 0.0 -9999.0 0.0 0.0 0.0 0.0 0.0 0.0 0.0 0.0 0.0 0.0 0.0 0.0 00038.267 00074.709 00118.572 00160.608 00224.911 00164.670 00097.601 00037.846 00043.624 00049.122 00054.376 00061.421 00066.348 00086.770 00081.082 00067.931 00056.405 00047.664 00040.631 00039.216 00036.157
00236.126 00300.843 00340.809 00376.152 00358.982 00292.688 00226.525 00278.719 00362.137 00292.369 00313.790 -9999.0 -9999.0 -9999.0 00103.488 00056.430 00000.000 -9999.0 0.0 0.0 0.0 0.0 0.0 -9999.0 -9999.0 -9999.0 00098.551 00120.760 00138.894 00173.243 00123.288 00091.604 00073.498 00000.000 00000.000 00000.000 0.0 0.0 0.0 0.0 0.0 0.0 0.0 0.0 00000.000 00047.330 00086.502 00128.676 00171.741 00213.137 00204.507 00137.142 00082.603 00088.264 00093.623 00090.041 00088.225 00083.948 00093.405 00083.334 00079.161 00068.490 00061.475 00064.923 00069.890 00061.495
00291.395 00314.871 00332.665 00364.862 00416.232 00352.460 00387.072 01520.185 01466.300 00315.413 00353.857 00392.725 00331.622 00242.164 00119.543 00085.970 00048.520 00000.000 00000.000 0.0 0.0 0.0 0.0 0.0 0.0 00000.000 00050.335 00097.880 00146.520 00182.243 00190.338 00157.257 00129.462 00129.930 00115.895 00101.416 00085.236 00066.482 00000.000 00000.000 00000.000 0.0 0.0 0.0 00000.000 00063.146 00104.897 00145.171 00178.376 00225.869 00192.364 00183.946 00142.124 00117.400 00093.398 00120.284 00104.104 00105.000 00113.626 00097.117 00090.501 00090.484 00091.940 00090.510 00080.593 00073.429
00361.612 00369.496 00384.103 00395.930 00432.338 00443.876 01448.466 01550.551 01534.371 00474.213 00413.415 00367.691 00308.501 00200.317 00130.950 00099.217 00067.763 00065.089 00027.236 00015.578 00000.000 00000.000 00000.000 0.0 0.0 00000.000 00071.666 00134.951 00174.980 00210.881 00244.742 00223.672 00196.051 00208.233 00199.807 00187.271 00194.297 00170.685 00149.161 00106.317 00093.260 00081.022 00066.088 00000.000 00000.000 00090.151 00124.139 00158.135 00165.358 00196.383 00155.192 00159.183 00165.555 00153.680 00119.563 00126.397 00129.057 00134.509 00154.340 00117.541 00118.902 00112.891 00103.714 00094.801 00086.889 00083.594
00443.282 00445.496 00442.478 00451.800 01460.232 01501.560 01524.270 01511.617 01498.402 01520.331 00440.212 00352.360 00252.156 00202.101 00141.637 00121.955 00090.617 00117.525 00081.642 00058.167 00038.767 00026.977 00023.736 00019.488 00000.000 00033.770 00121.806 00198.096 00236.370 00215.894 00255.211 00290.209 00264.370 00280.183 00298.196 00279.198 00287.135 00294.875 00247.717 00163.053 00128.741 00158.136 00149.259 00131.474 00122.628 00120.672 00160.680 00123.394 00163.128 00174.881 00144.475 00141.100 00159.790 00181.679 00171.861 00146.637 00142.205 00147.705 00171.833 00130.387 00127.984 00122.538 00112.012 00100.848 00092.488 00093.431
01487.274 01490.000 01449.774 01456.160 01494.682 01548.037 01497.931 01447.461 00479.059 01474.818 00475.957 00355.986 00235.336 00205.915 00175.133 00150.516 00112.037 00127.990 00121.977 00099.865 00086.864 00070.850 00070.353 00093.684 00086.339 00082.009 00172.794 00251.990 00258.409 00252.859 00289.669 00329.350 00358.893 00335.184 00304.087 00272.319 00242.080 00288.751 00302.962 00247.739 00182.387 00216.785 00212.407 00204.406 00195.700 00196.028 00218.196 00213.830 00219.323 00230.222 00175.247 00173.590 00186.809 00198.827 00209.452 00185.951 00158.524 00162.559 00174.407 00195.340 00160.929 00131.480 00117.028 00107.066 00106.627 00104.597
01613.563 01546.964 01527.553 -9999.0 -9999.0 -9999.0 01491.910 01515.828 01480.339 00448.075 00377.435 00329.687 00248.631 00209.561 00200.835 00182.297 00155.996 00148.961 00162.895 00138.088 00130.777 00140.395 00165.217 00215.985 00195.997 00175.331 00249.784 00288.534 00289.927 00258.126 00320.727 00392.868 00426.099 00404.626 00380.539 00337.956 00306.088 00316.363 00368.718 00343.022 00281.218 00293.917 00290.794 00286.954 00284.762 00292.777 00303.680 00232.327 00299.542 00261.556 00198.879 00210.960 00222.520 00229.690 00235.156 00223.404 00196.540 00177.255 00196.717 00217.391 00220.079 00155.961 00132.068 00126.090 00121.669 00113.288
01707.515 01634.659 01582.391 01850.660 01615.281 01577.872 01573.774 01625.395 01549.359 01500.608 00400.621 00338.829 00351.671 00218.983 00222.413 00227.779 00196.925 00170.549 00188.905 00207.348 00185.108 00197.402 00239.963 00308.350 00313.642 00295.361 00319.953 00259.998 00257.891 00306.154 00362.398 00432.240 00461.409 00379.487 00413.068 00411.792 00384.707 00396.398 00416.895 00458.251 00391.742 00422.525 00308.057 00331.738 00402.107 00430.722 00394.777 00336.815 00352.551 00314.188 00249.509 00259.626 00265.295 00271.441 00243.645 00239.543 00248.615 00232.437 00221.748 00244.264 00269.196 00213.218 00171.156 00155.119 00153.364 00138.395
01674.111 01672.513 01700.277 01663.166 01588.115 01584.009 01589.762 01616.116 01557.419 01453.433 00409.756 00368.981 00336.721 00239.877 00237.135 00252.674 00233.820 00213.581 00210.383 00234.792 00225.700 00228.876 00290.737 00353.857 00421.832 00416.072 00438.415 01467.479 00252.119 00353.026 00448.503 01463.978 01474.943 00449.626 00459.236 01463.402 00476.722 01445.858 01469.418 01501.807 01496.849 01447.599 00439.695 00436.986 01469.721 01467.040 00472.767 00395.446 00349.532 00385.872 00309.542 00311.471 00319.815 00324.111 00299.290 00283.968 00281.975 00278.056 00297.144 00286.685 00309.586 00288.615 00244.743 00226.004 00209.358 00176.877
01655.577 01691.665 01697.191 01651.701 01594.366 01595.803 01604.231 01594.392 01487.919 01449.038 00420.476 00403.730 00359.297 00320.821 00297.492 00286.442 00282.113 00260.203 00250.522 00241.839 00239.705 00256.149 00338.108 00423.877 00456.704 01446.251 01496.657 01459.631 00407.245 00403.311 01478.332 01555.039 01518.342 01493.817 01512.522 01538.823 01532.887 01541.054 01559.185 01600.540 01534.985 01550.831 01516.535 01510.314 01533.564 01506.098 01479.126 01440.746 00442.762 01479.829 00405.243 00378.975 00359.977 00386.659 00363.473 00316.421 00296.016 00305.457 00321.902 00356.609 00364.071 00290.379 00284.427 00292.888 00242.045 00198.436
01670.995 01701.030 01696.298 01688.233 01641.548 01624.717 01624.211 01524.806 01481.692 01466.708 01458.562 00474.877 00464.690 00410.476 00364.028 00351.748 00325.510 00300.075 00293.807 00283.248 00294.346 00328.538 00371.019 00412.068 00418.642 00461.629 01464.493 01505.626 01446.154 01464.464 01555.710 01580.079 01572.232 01581.553 01603.600 01633.732 01612.958 01642.226 -9999.0 01607.169 01629.844 01634.740 01616.226 01615.541 01568.471 01520.533 01470.540 01501.599 01481.874 01486.596 01495.899 01448.975 00404.645 00314.840 00349.127 00378.659 00337.661 00341.442 00352.687 00372.534 00408.003 00374.462 00340.138 00328.514 00262.674 00231.101
01686.206 01734.682 01715.303 01708.785 01677.655 01657.974 01676.186 -9999.0 01502.430 01514.636 01572.007 01540.109 01502.251 01448.211 00428.802 00394.405 00374.816 00347.975 00335.515 00326.906 00330.540 00362.271 00446.763 00383.193 00404.487 00458.216 01475.070 01552.678 01523.517 01546.089 01603.384 01630.964 01640.083 01661.493 01620.286 01701.182 01658.696 01704.301 -9999.0 01750.302 01718.391 01714.741 01759.311 -9999.0 -9999.0 01532.073 01557.225 01539.933 01516.614 01537.664 01490.137 00477.898 00420.259 00377.936 00374.669 00397.569 00396.372 00385.202 00399.586 00427.722 00472.753 00470.569 00450.078 00396.421 00376.546 00339.320
01718.860 01790.936 01789.874 01773.609 01734.134 01710.324 01600.218 01641.774 01619.508 01563.116 01623.111 01618.093 01551.636 01486.301 01442.380 00444.525 00421.123 00389.666 00375.479 00361.847 00372.657 00400.494 00479.191 00463.185 00474.799 01488.928 01539.725 01585.914 01605.451 01627.375 01660.666 01689.293 01712.183 01700.626 01695.492 01772.799 01787.063 01808.214 01759.753 01824.640 01805.708 01799.123 01800.139 01774.823 -9999.0 01553.886 01593.443 01576.355 01583.343 01590.753 01569.133 01490.559 00443.289 00404.159 00417.955 00428.768 00441.837 00441.135 00464.491 01463.683 01513.653 01486.722 01449.112 00451.104 00406.345 00345.153
01795.996 01798.267 01787.530 01800.209 01822.696 01724.402 01647.854 01650.164 01672.220 01616.909 01588.171 01564.454 01518.704 01499.703 01491.705 01456.814 00450.486 00432.138 00414.491 00406.337 00414.870 00479.813 01516.262 01495.347 01516.624 01562.403 01612.448 01661.639 01692.310 01706.510 01744.465 01741.333 01755.274 01778.487 01768.196 01843.821 02908.218 01860.161 01856.459 01869.817 01860.879 01800.672 01768.617 01736.018 01693.799 01629.753 01600.914 01584.138 01551.680 01551.390 01568.065 01562.465 01478.003 00451.488 00460.784 00479.469 01465.738 01504.557 01525.569 01556.649 01557.972 01518.400 01469.961 01440.453 00431.807 00395.492
01847.667 01840.610 01856.699 01839.770 01822.161 01753.936 01694.080 01686.912 01664.488 01600.365 01563.123 01538.673 01520.598 01517.456 01520.432 01513.750 01459.003 01445.792 00466.334 00459.337 01445.463 01509.831 01575.405 01549.783 01585.690 01627.271 01679.297 01741.202 01765.148 01789.342 01831.893 01855.393 01848.048 01863.120 01835.162 01919.613 02956.797 02912.816 02910.750 02909.680 01894.956 01827.554 01739.629 01699.114 01661.659 01626.651 01588.540 01532.713 01558.135 01504.587 01526.223 01483.611 01496.669 01473.428 01482.940 01498.737 01518.388 01563.118 01606.104 01690.384 01602.802 01549.298 01504.672 01474.589 01441.534 00442.323
01838.505 01848.831 01887.051 01906.248 01919.170 01870.726 01744.585 01680.606 -9999.0 -9999.0 01602.458 01575.153 01581.173 01547.690 01563.682 01636.474 01530.855 01504.065 01514.167 -9999.0 01614.879 01583.655 01612.515 01624.147 01652.775 01694.089 01748.212 01792.657 01811.980 01830.040 01867.904 02907.550 02937.850 02892.210 02896.433 02953.723 03002.921 03006.897 03011.147 02968.072 02931.432 01917.802 01807.259 01726.227 01685.540 01640.222 01583.506 01494.675 01531.387 01583.852 01575.113 01588.488 01594.400 01548.267 01557.873 01570.311 01592.444 01615.401 01521.267 01616.318 01592.604 01554.936 01528.368 01510.410 01493.947 01485.261
01782.018 01825.680 01889.968 02907.730 02944.081 01831.873 01720.370 01601.621 01554.533 01591.570 01645.720 01736.809 01667.274 01596.334 01613.726 01674.509 01703.018 -9999.0 -9999.0 -9999.0 -9999.0 01696.641 01682.263 01700.045 01724.506 01770.506 01824.212 01852.829 01864.464 01872.484 01907.826 02912.602 02969.969 02997.233 03002.726 03040.446 03059.607 03037.449 03024.763 02980.823 02910.122 01878.815 01793.631 01720.596 01676.936 01640.133 01588.057 01555.838 01569.908 01622.196 01677.938 01718.911 01700.189 01625.147 01631.265 01634.594 01660.664 01681.894 01620.613 01637.867 01628.549 01602.613 01574.275 01555.604 01562.573 01594.119
01732.720 01809.877 01897.269 02913.421 02977.909 03014.175 01794.567 01607.640 01584.804 01608.987 01681.689 01719.045 01811.853 01667.537 01676.743 01713.058 -9999.0 -9999.0 -9999.0 03032.088 01802.421 01743.161 01757.672 01809.547 01805.978 01872.830 02898.710 02895.326 02887.485 02895.944 02908.080 02926.766 02963.126 03020.492 03114.470 03083.556 03045.305 03021.108 03000.691 02980.686 02949.810 01902.294 01810.032 01733.151 01682.141 01642.884 01614.254 01607.672 01612.898 01668.955 01770.992 -9999.0 01795.492 01715.156 01711.848 01711.338 01738.534 01718.562 01681.963 01626.117 01610.165 01596.601 01626.737 01614.987 01563.546 01610.057
01737.206 01810.701 01902.906 02931.962 03000.182 03112.702 01727.005 01635.490 01623.088 01639.536 01776.731 01868.139 01873.396 01903.314 -9999.0 -9999.0 02999.085 02979.571 02985.424 02994.385 02893.258 01867.998 01882.244 02902.831 01885.048 02891.049 02965.701 02984.972 02961.067 02950.489 02958.253 02977.654 03012.754 03060.930 03137.373 03092.027 03039.428 03003.544 02982.446 02960.935 02933.924 02890.858 01853.443 01776.802 01720.869 01692.896 01664.309 01641.945 01661.690 01711.481 -9999.0 -9999.0 01858.054 01797.374 01776.971 01778.063 01799.983 01776.388 01678.409 01639.858 01631.730 01642.462 01675.112 01619.091 01668.838 01669.897
01804.184 01828.285 01907.630 02943.648 02986.918 02970.450 01701.487 01668.328 01672.123 01663.312 01744.462 01798.480 01857.039 01883.445 01903.458 02895.940 02921.417 02945.922 02965.535 02980.735 -9999.0 03017.667 02939.183 03016.161 02950.369 03002.229 03059.274 03088.457 03031.061 03015.977 03008.828 03034.069 03060.193 03091.873 03156.287 03128.447 03059.671 03026.407 02996.691 02965.122 02929.350 02903.169 01915.934 01863.308 01795.600 01754.138 01721.890 01704.466 01711.595 01752.881 01775.939 02999.815 01913.703 01864.595 01842.816 01829.646 01861.176 01869.841 -9999.0 01682.099 01660.791 01646.080 01626.339 01614.799 01661.331 01647.836
01874.533 01902.057 02920.518 02981.090 02922.933 01868.252 01721.257 01695.370 01704.569 01719.294 01747.032 01789.914 01846.877 01892.438 02884.878 02911.831 02941.458 02962.169 02977.431 02990.286 03026.653 03085.900 03072.682 03126.920 03063.542 03083.520 03121.268 03172.012 03099.533 03077.909 03070.207 03072.361 03096.900 03123.797 03152.658 03195.459 03112.058 03060.856 03028.651 02995.577 02966.073 02945.480 02920.132 02880.921 01892.620 01830.090 01779.958 01764.821 01802.881 01833.110 01824.774 01902.870 02922.627 02910.534 01842.420 01847.137 01890.033 01902.463 01840.874 -9999.0 01657.065 01671.120 01671.587 01616.878 01610.204 01606.979
02972.297 02934.323 02984.155 02963.003 02909.172 01845.732 01743.341 01725.028 01738.557 01760.971 01810.434 01853.141 01889.038 02883.803 02915.833 02941.916 02962.779 02988.886 03000.342 03009.190 03027.467 03057.058 03092.851 03134.221 03161.087 03187.129 03206.166 03263.642 03183.716 03147.387 03128.230 03133.393 03193.262 03210.086 03202.626 03248.546 03172.748 03121.338 03083.588 03047.951 03020.035 03001.650 02982.107 02963.334 02938.306 02892.548 01870.634 01817.139 01884.454 01869.762 01869.936 01895.956 02913.973 02984.660 01918.435 01904.963 01845.344 01824.202 01818.896 -9999.0 01683.713 01659.083 01638.593 01615.175 01597.679 01585.192
02971.162 02999.096 03030.967 02992.203 02920.405 01882.120 01787.225 01757.610 01759.886 01787.673 01849.007 01895.327 02894.163 02927.951 02944.009 02958.653 03000.211 03079.440 03045.410 03050.202 03059.801 03077.782 03116.007 03154.763 03233.444 03313.366 03324.897 04320.416 03289.765 03227.452 03201.866 03198.981 03204.602 03221.697 03239.925 03274.502 03246.327 03197.278 03153.545 03120.726 03095.954 03078.858 03065.575 03052.131 03071.459 03215.091 02956.061 02899.591 02896.408 02917.124 01909.227 02896.450 02927.659 02958.135 02951.730 02892.856 01813.866 01728.382 01708.759 01726.739 01700.028 01680.674 01660.711 01640.298 01673.771 01608.543
03049.745 03050.433 03076.444 03025.768 02949.940 01916.815 01850.339 01799.573 01793.260 01838.496 01888.922 02888.064 02928.206 02954.129 02977.954 02993.434 03008.785 03039.682 03064.631 03085.722 03112.912 03138.195 03153.487 03190.273 03242.586 03316.812 04382.179 04445.226 04373.645 03328.994 03292.709 03270.821 03263.561 03260.969 03278.657 03301.307 03339.942 03282.189 03236.600 03208.409 03178.748 03161.409 03153.467 03150.348 03147.884 03154.588 03079.874 03026.857 02986.446 02987.129 02929.140 02922.078 02947.188 02980.538 02969.001 02911.252 01850.011 01751.800 01722.771 01727.010 01731.766 01710.736 01683.780 01675.458 01662.924 01670.681
