developer_scripts/forCreateIgnition/farsiteOutputs/a_originalIgnitions/WorkAsIs/a_test1177973_NTFBIgnition/test1177973_NTFBIgnition_Intensity.asc
NCOLS 748
NROWS 648
XLLCORNER -8363.000000
YLLCORNER -11743.000000
CELLSIZE 30.000000
NODATA_VALUE -9999.0
[rows 377 to 405 of 648, columns 260 to 324 of 748]
-9999.0 -9999.0 -9999.0 -9999.0 -9999.0 -9999.0 -9999.0 -9999.0 -9999.0 -9999.0 -9999.0 -9999.0 -9999.0 -9999.0 -9999.0 -9999.0 -9999.0 -9999.0 -9999.0 -9999.0 -9999.0 -9999.0 -9999.0 -9999.0 -9999.0 -9999.0 -9999.0 -9999.0 -9999.0 -9999.0 -9999.0 -9999.0 -9999.0 -9999.0 -9999.0 -9999.0 -9999.0 -9999.0 -9999.0 -9999.0 -9999.0 -9999.0 -9999.0 -9999.0 -9999.0 -9999.0 -9999.0 -9999.0 -9999.0 -9999.0 -9999.0 -9999.0 -9999.0 -9999.0 -9999.0 -9999.0 -9999.0 -9999.0 -9999.0 -9999.0 -9999.000 00528.747 00589.728 01100.877 00067.696
00195.481 00174.848 00155.347 00136.851 00119.183 00102.074 00085.111 00073.265 00091.299 00100.418 00102.477 00098.672 00089.806 00076.440 -9999.000 -9999.0 -9999.0 -9999.0 -9999.0 -9999.0 -9999.0 -9999.0 -9999.0 -9999.0 -9999.0 -9999.0 -9999.0 -9999.0 -9999.0 -9999.0 -9999.0 -9999.0 -9999.0 -9999.0 -9999.0 -9999.0 -9999.0 -9999.0 -9999.0 -9999.0 -9999.0 -9999.0 -9999.0 -9999.0 -9999.0 -9999.0 -9999.0 -9999.000 -9999.0 -9999.0 -9999.0 -9999.0 -9999.0 -9999.0 -9999.0 -9999.0 -9999.0 -9999.0 -9999.0 -9999.0 -9999.0 -9999.000 00323.661 00904.585 00136.998
00091.599 00304.334 00011.616 00119.014 00171.397 00166.840 00050.536 00006.291 00005.712 00003.241 00122.224 00231.598 00183.123 00090.050 00082.087 -9999.000 -9999.000 -9999.0 -9999.0 -9999.0 -9999.0 -9999.0 -9999.0 -9999.0 -9999.0 -9999.0 -9999.0 -9999.0 -9999.0 -9999.0 -9999.0 -9999.0 -9999.0 -9999.0 -9999.0 -9999.0 -9999.0 -9999.0 -9999.0 -9999.0 -9999.0 -9999.0 -9999.0 -9999.0 -9999.0 -9999.000 -9999.000 -9999.000 -9999.000 -9999.0 -9999.0 -9999.0 00424.995 00209.701 -9999.000 -9999.0 -9999.0 -9999.0 -9999.0 -9999.0 -9999.0 -9999.000 00234.575 00239.914 00210.345
00224.465 00094.920 00044.430 00076.822 00037.471 00005.597 00005.724 00004.441 00003.551 00185.787 00010.198 00010.290 00008.803 00007.648 00006.594 00005.702 00004.564 -9999.000 -9999.0 -9999.0 -9999.0 -9999.0 -9999.0 -9999.0 -9999.0 -9999.0 -9999.0 -9999.0 -9999.0 -9999.0 -9999.0 -9999.0 -9999.0 -9999.0 -9999.0 -9999.0 -9999.0 -9999.0 -9999.000 -9999.000 -9999.000 -9999.000 -9999.0 -9999.0 -9999.0 -9999.0 -9999.0 -9999.0 -9999.0 00011.186 -9999.0 00003.671 00052.938 00076.024 00011.715 -9999.0 -9999.0 -9999.0 -9999.0 -9999.0 -9999.0 -9999.0 00205.533 00137.911 00133.619
00307.035 00053.650 00222.824 00337.833 00070.200 00030.175 00003.962 00006.117 00006.647 00044.394 00073.060 00029.136 00027.229 00004.788 00005.692 00007.034 00006.982 00015.568 00063.883 -9999.0 -9999.0 -9999.0 -9999.0 -9999.0 -9999.0 -9999.0 -9999.0 -9999.0 -9999.0 -9999.0 -9999.0 -9999.0 -9999.000 -9999.0 -9999.0 -9999.0 -9999.0 -9999.0 -9999.0 -9999.0 -9999.0 -9999.0 -9999.0 -9999.0 -9999.0 -9999.0 -9999.0 -9999.0 -9999.0 00225.752 00695.200 00173.490 00563.918 00017.375 00006.604 -9999.000 -9999.0 -9999.0 -9999.000 -9999.000 -9999.000 -9999.000 00167.869 00055.351 00037.743
00261.416 00009.251 00106.528 00163.753 00013.706 00162.535 00006.501 00067.346 00093.080 00008.690 00044.061 00044.497 00003.511 00047.335 00227.013 00003.978 00006.815 00004.381 00002.628 -9999.000 -9999.0 -9999.0 -9999.0 -9999.0 -9999.0 -9999.0 -9999.0 -9999.0 -9999.0 -9999.0 -9999.0 -9999.0 -9999.0 -9999.000 -9999.000 -9999.0 -9999.0 -9999.0 -9999.0 -9999.0 -9999.0 -9999.0 -9999.0 -9999.0 -9999.0 -9999.0 -9999.0 -9999.0 -9999.0 00114.902 00563.530 00431.862 00207.342 00029.837 00009.425 00008.383 00019.983 00094.703 00216.038 00381.073 00392.388 00133.663 00672.454 00269.021 00027.457
00434.628 00330.320 00020.376 00033.293 00313.879 00235.989 00094.669 00154.763 00155.511 00017.679 00006.618 00003.558 00002.450 00042.027 00160.955 -9999.0 -9999.0 -9999.0 00222.519 00065.888 -9999.000 -9999.0 -9999.0 -9999.0 -9999.0 -9999.0 -9999.0 -9999.0 -9999.0 -9999.0 00150.757 00491.715 00653.929 00004.505 00195.000 00202.469 00166.264 -9999.000 -9999.000 -9999.000 -9999.0 -9999.0 -9999.0 -9999.0 -9999.0 -9999.0 -9999.0 -9999.0 -9999.000 00369.330 00422.510 00286.540 00043.069 00025.224 00014.482 00007.513 00027.055 00219.525 00385.122 00253.162 00102.212 00112.709 00192.634 01785.461 00086.055
00151.512 00087.713 00238.083 00015.877 00025.823 00463.329 00478.401 00142.889 00088.637 00035.824 00004.211 00151.432 00118.672 00051.249 00013.635 00007.069 00149.115 00072.748 00088.961 00041.320 00026.215 -9999.000 -9999.000 -9999.0 -9999.0 -9999.0 -9999.0 -9999.0 -9999.0 -9999.000 00509.914 00419.602 00334.385 00062.579 00013.857 00078.231 00042.207 00097.246 00006.740 00005.976 00097.040 00130.695 -9999.000 -9999.000 -9999.000 -9999.0 -9999.0 -9999.0 -9999.000 00439.827 00191.784 00360.944 00027.870 00154.822 00019.231 00029.712 00028.993 00258.196 00874.031 00414.709 00138.358 00190.002 00173.053 00033.614 00025.312
00295.015 00349.749 00179.086 00027.239 00296.959 00236.343 00169.652 00085.647 00017.999 00005.116 00198.780 00192.186 00004.105 00003.235 00005.993 00010.652 00076.878 00023.070 00011.274 00045.508 00049.127 00011.188 00034.453 00074.178 -9999.000 -9999.000 -9999.000 -9999.0 -9999.0 -9999.000 00120.201 00007.924 00336.605 00302.585 00220.959 00007.479 00012.029 00044.816 00046.802 00196.448 00043.583 00008.115 00029.026 00050.193 00048.682 00113.012 00152.158 -9999.000 -9999.000 00165.711 00555.296 00510.247 00814.483 00138.822 00147.484 00133.081 00181.293 00259.449 00442.853 00335.874 00244.819 00266.396 00598.001 00153.369 00173.332
00014.127 00027.525 00022.119 00011.648 00136.174 00121.718 00012.964 00021.748 00019.794 00008.129 00108.648 00022.284 00005.463 00007.316 00004.009 00026.725 00029.753 00040.927 00012.741 00013.802 00021.433 00014.657 00042.134 00053.726 00045.334 00071.163 00093.641 00090.459 -9999.000 00154.325 00005.298 00176.839 00054.517 00531.025 00476.565 00107.265 00007.991 00119.517 00215.692 00068.143 00166.005 00033.459 00165.886 00133.923 00099.002 00229.932 00006.817 00021.549 00008.472 00026.871 00182.986 00095.388 00502.950 00227.401 00264.811 00040.551 00794.829 01031.296 00293.551 00198.074 00123.543 00443.767 00719.186 00122.179 00069.685
00150.311 00059.938 00197.759 00246.407 00182.676 00004.341 00101.281 00049.194 00012.479 00370.060 00005.057 00230.384 00551.232 00006.403 00002.639 00004.798 00044.623 00077.290 00022.930 00012.098 00025.929 00023.226 00365.506 00059.658 00043.494 00092.332 00083.315 00005.377 00005.472 00006.599 00009.258 00068.192 00177.837 00262.805 00232.024 00045.032 00277.345 00260.885 00018.240 00010.223 00449.683 00228.328 00163.263 00168.884 00023.317 00006.514 00029.761 00010.734 00007.731 00051.911 00238.266 00230.991 00351.983 00021.787 00111.389 00068.136 00090.890 00432.320 00727.053 00299.927 00136.698 00512.189 00871.082 00317.855 00156.641
00074.145 -9999.0 -9999.0 00108.307 00002.505 00371.866 00072.232 -9999.0 -9999.0 -9999.0 00252.624 00005.437 00177.521 00005.789 00019.539 00040.893 00013.159 00096.758 00026.023 00008.332 00013.391 00152.437 00194.413 00161.536 00143.992 00178.520 00035.641 00039.328 00033.510 00022.630 00005.467 00009.589 00005.974 00259.065 00005.828 00007.403 00105.342 00228.379 00162.231 00006.114 00021.960 00009.264 00006.673 00026.513 00024.475 00004.335 00058.323 00153.595 00078.260 00019.901 00030.604 00038.451 00017.845 00007.340 00016.911 00041.614 00024.195 00048.333 00194.485 00142.538 00326.245 00629.936 00683.569 00553.247 00169.033
-9999.0 00001.512 00068.170 00012.055 00002.667 00059.331 00003.166 00003.622 00163.718 00072.716 00105.754 00008.874 00009.103 00007.521 00006.300 00024.620 00003.323 00094.230 00037.340 00012.097 00011.855 00394.073 00362.828 00044.304 00008.506 00010.266 00192.098 00198.557 00092.314 00036.787 00130.877 00133.705 00007.932 00005.835 00004.517 00162.412 00194.151 00215.674 00012.553 00091.085 00189.885 00166.834 00059.778 00012.739 00030.325 00006.883 00160.703 00023.701 00050.309 00094.362 00077.144 00188.030 00192.103 00016.440 00008.818 00009.896 00027.457 00054.604 00371.749 00032.350 00043.160 00078.252 00106.405 00157.288 00191.224
-9999.0 00048.793 00141.695 00086.654 00006.484 00256.733 00111.793 00003.499 00223.697 00141.419 00081.101 00043.899 00003.182 00005.142 00021.377 00054.140 00081.416 00014.611 00101.370 00015.346 00010.128 00048.613 00070.635 00023.675 00068.023 00169.151 00103.142 00208.119 00004.591 00005.469 00110.155 00015.901 00182.412 00005.666 00013.581 00005.302 00125.627 00029.569 00109.372 00005.586 00080.684 00135.824 00109.652 00028.251 00015.271 00035.334 00013.374 00003.118 00031.753 00105.614 00004.141 00222.933 00227.873 00008.432 00258.360 00317.974 00110.393 00173.763 00250.248 00224.712 00041.632 00023.128 00034.101 00053.808 00044.052
00156.340 00243.511 00222.623 00071.447 00044.253 00044.499 00111.442 00004.636 00082.245 00119.148 00066.361 00004.105 00021.189 00007.755 00005.672 00154.845 00168.539 00130.673 00038.281 00053.455 00021.256 00031.557 00035.336 00016.288 00058.459 00196.293 00075.120 00208.793 00223.688 00026.801 00232.879 00218.035 00001.477 00005.961 00017.279 00008.815 00007.374 00042.992 00146.685 00161.329 00087.259 00075.324 00146.831 00047.536 00221.913 00175.435 00005.366 00012.656 00009.483 00109.329 00226.063 00028.215 00097.254 00015.455 00018.252 00022.658 00015.830 00036.501 00022.989 00328.483 00283.393 00097.447 00026.897 00033.507 00056.198
00114.617 00005.472 00264.596 00096.249 00046.426 00221.419 00222.409 00021.373 00008.287 00013.198 00004.063 00191.943 00065.271 00074.755 00062.884 00174.812 00012.676 00045.977 00277.386 00168.664 00008.247 00210.178 00530.533 00363.663 00067.287 00068.710 00197.303 00220.782 00055.091 00033.493 00121.543 00080.837 00109.994 00100.427 00064.526 00018.327 00091.048 00218.225 00188.715 00167.671 00009.784 00095.412 -9999.0 00198.974 00193.118 00182.562 00089.921 00037.128 00013.215 00078.715 00024.788 00374.400 00293.905 00005.959 00033.533 00239.248 00183.345 00004.043 00064.046 00074.025 00395.886 00460.997 00389.484 00011.498 00245.444
00113.450 00125.390 00106.203 00238.974 00058.496 00005.384 00151.894 00342.046 00017.046 00050.659 00015.131 -9999.0 00034.550 00015.933 00019.395 00022.110 00005.082 00009.714 00132.448 00284.586 00008.724 00144.534 00254.793 00253.134 00013.083 00292.235 00230.811 00009.025 00204.202 00060.086 00032.636 00017.748 00142.275 00170.911 00160.014 00110.881 00007.105 00016.635 00126.334 00147.373 00005.055 00005.383 -9999.0 00053.957 00207.682 00213.553 00102.926 -9999.0 -9999.0 00098.972 00008.640 00409.947 00022.188 00035.952 00168.957 00004.713 00207.624 00162.823 00230.274 00385.284 00302.801 00231.984 00062.764 00041.913 00178.617
00223.455 00157.914 00144.537 00144.146 00154.961 00988.371 00417.587 00134.496 00064.675 00031.008 00025.665 00049.739 00004.153 00198.862 00022.121 00023.523 00005.879 00008.470 00015.293 00218.715 00008.517 00214.242 00423.436 00465.945 00117.511 00076.183 00131.313 00143.375 00169.239 00173.544 00071.568 00007.532 00149.726 00007.382 00173.634 00047.719 00007.132 00059.696 00202.388 00014.830 00014.751 00006.140 00008.156 00107.168 00219.633 00209.379 00012.959 00133.155 -9999.0 00064.428 00039.723 00089.111 00010.217 00014.513 00037.248 00004.245 00229.015 00660.378 00318.706 00230.362 00016.965 00005.370 00006.085 00105.130 00138.395
00243.172 00266.237 00157.967 00025.266 00123.066 00640.064 00314.989 00167.243 00025.247 00015.054 00015.764 00023.995 00007.850 00015.284 00325.827 00098.137 00025.329 00127.963 00024.237 00031.031 00010.320 00010.816 00464.286 00426.190 00106.752 00004.307 00202.734 00062.878 00030.271 00112.883 00005.726 00074.005 00063.739 00050.927 00035.231 00009.158 00005.652 00019.789 00008.234 00015.280 00004.803 00005.169 00005.768 00006.403 00035.918 00009.250 00008.376 00008.035 00008.964 00028.664 00110.706 00037.736 00078.998 00042.617 00031.648 00008.605 00038.322 00351.589 00420.027 00486.321 00178.374 00005.600 00004.296 00284.339 00366.285
00277.735 00329.351 00066.436 00006.764 00009.313 00066.608 00048.197 00007.342 00006.817 00012.481 00031.812 00050.668 00008.083 00046.470 00018.862 00068.076 00025.227 00047.731 00038.840 00040.016 00031.315 00029.226 00017.995 00006.386 00005.282 00052.742 00011.157 00009.020 00007.005 00006.084 00005.792 00011.308 00010.458 00008.979 00058.279 00003.542 00004.460 00033.567 00076.048 00041.565 00004.880 00004.851 00004.545 00005.634 00005.551 00006.701 00019.364 00013.864 00013.280 00036.809 00062.129 00155.902 00088.482 00084.112 00047.105 00018.486 00215.475 00248.957 00300.145 00107.437 00306.692 00115.019 00022.985 00027.947 00029.230
00002.979 00167.471 00010.629 00012.922 00007.267 00004.949 00006.820 00006.181 00003.508 00002.242 00018.813 00013.371 -9999.0 -9999.0 00000.627 00014.545 00011.423 00076.341 00049.984 00005.382 00005.948 00013.605 00003.143 -9999.0 00000.306 00006.515 00007.943 00006.050 00006.273 00005.966 00005.970 00006.926 00010.577 00009.785 00074.119 00065.186 00003.227 00036.347 00058.161 00010.186 00006.474 00004.670 00004.909 00007.894 00006.252 00005.875 00017.490 00022.622 00033.913 00012.825 00030.709 00098.829 00012.049 00041.024 00281.428 00042.108 00005.069 00236.468 00234.270 00219.051 00031.977 00016.531 00007.251 00016.881 00033.348
00005.068 00005.704 00000.625 00006.646 00008.138 00007.471 00007.380 00010.294 00003.082 00004.168 00004.918 00006.763 00017.910 00410.388 00034.620 00111.329 00005.773 00039.518 00229.284 00151.157 00000.313 -9999.0 -9999.0 -9999.0 -9999.0 00003.247 00006.899 00006.471 00006.097 00004.745 00004.268 00005.795 00007.754 00008.606 00039.192 00053.844 00006.480 00035.413 00048.108 00027.416 00014.695 00017.982 00014.932 00007.067 00006.251 00008.326 00010.026 00013.901 00038.497 00012.215 00044.547 00018.428 00009.323 00006.194 00004.145 00016.508 00021.612 00242.939 00164.558 00314.455 00326.002 00073.618 00020.981 00014.223 00021.008
00005.468 00007.250 00006.337 00004.172 00005.535 00006.064 00006.903 00009.138 00005.390 00002.385 00002.882 00008.816 00013.718 00770.193 00182.016 00296.782 00003.361 00028.821 00010.707 00008.011 -9999.0 -9999.0 -9999.0 00009.170 00003.065 00013.484 00010.254 00014.186 00005.028 00014.994 00010.060 00005.596 00005.818 00008.294 00010.871 00008.655 00009.970 00006.613 00003.549 00007.578 00015.354 00018.043 00018.465 00015.235 00010.323 00004.788 00005.493 00006.907 00040.298 00012.964 00047.354 00032.551 00007.057 00055.652 00001.484 -9999.0 00023.898 00049.567 00272.573 00112.840 00028.379 00249.546 00027.043 00029.031 00033.664
00004.580 00005.958 00006.404 00098.103 00061.292 00004.579 00006.036 00006.884 00005.973 00004.335 00004.263 00053.252 00049.429 00040.013 00025.335 00005.338 00011.798 00011.467 -9999.0 -9999.0 00000.834 00012.341 00022.348 00021.989 00001.547 00003.583 00007.057 00005.711 00025.109 00025.122 00012.834 00010.168 00006.434 00008.208 00008.627 00071.976 00040.801 00005.564 00004.476 00006.445 00012.702 00018.708 00018.670 00014.435 00008.767 00007.021 00004.050 00006.136 00014.457 00026.694 00009.618 00036.971 00053.701 00081.123 -9999.0 -9999.0 00052.060 00295.075 00277.982 00203.395 00044.634 00085.649 00032.986 00017.404 00015.641
00003.472 00005.179 00006.855 00017.054 00006.131 00004.811 00005.066 00006.263 00007.758 00002.360 00009.943 00057.924 00063.401 00061.093 00270.926 00048.580 00011.585 00014.081 00016.393 00022.326 00014.837 00021.733 00028.560 00034.156 -9999.0 00000.560 00003.978 00005.305 00011.674 00007.142 00009.638 00003.714 00006.278 00007.014 00018.129 00050.065 00009.465 00007.581 00005.249 00004.494 00009.049 00012.626 00012.898 00013.590 00014.501 00013.547 00008.471 00003.755 00004.245 00007.264 00017.218 00033.840 00029.891 00020.045 00014.333 00000.212 00059.504 00169.207 00124.466 00347.157 00177.352 00148.989 -9999.0 00010.685 00026.173
00003.273 00004.653 00006.767 00000.046 00004.336 00005.185 00006.584 00005.544 00005.038 00003.129 00011.621 00016.381 00030.823 00124.252 00360.572 00047.787 00012.006 00013.533 00012.488 00012.718 00016.999 00022.565 00025.808 00030.887 00000.018 00007.767 00002.736 00041.821 00022.949 00015.716 00006.126 00003.581 00005.688 00006.858 00007.868 00008.708 00009.493 00009.160 00010.264 00006.444 00004.723 00007.441 00008.351 00008.465 00010.284 00010.230 00006.258 00009.256 00003.393 00004.856 00007.866 00009.998 00007.792 00141.442 00351.163 00009.052 00018.831 00115.247 00272.405 00521.709 00476.223 00006.090 00008.850 -9999.0 00036.799
00003.098 00003.777 00006.815 00002.004 00025.342 00005.035 00005.170 00008.452 00007.090 00002.950 00018.110 00015.090 00088.438 00196.475 00242.630 00146.660 00008.838 00009.151 00009.398 00013.797 00028.757 00054.471 00041.984 00023.399 00001.488 00013.761 00009.473 00016.616 00011.372 00004.748 00005.359 00003.265 00003.469 00006.179 00007.061 00007.552 00001.311 00005.594 00007.995 00003.178 00004.842 00005.651 00006.199 00006.214 00006.358 00005.929 00005.509 00005.219 00004.310 00003.329 00003.475 00007.732 00152.312 00175.974 00245.865 00057.968 00038.879 00020.844 00212.812 00166.636 00072.257 00016.845 00011.675 -9999.0 00011.817
00073.954 00003.738 00004.955 00007.419 00013.187 00011.693 00006.124 00006.703 00007.396 00010.864 00024.625 00045.879 00030.932 00028.148 00134.214 00007.726 00009.514 00009.227 00014.593 00017.236 00013.709 00007.752 00008.608 00008.201 00007.501 00008.042 00007.162 00019.553 00005.393 00003.129 00002.566 00000.536 00003.403 00004.331 00005.365 00007.755 00013.121 00014.386 00011.304 00006.758 00004.248 00004.600 00005.216 00005.257 00005.308 00005.515 00005.182 00005.013 00001.645 00006.450 00003.138 00003.284 00108.321 00027.226 00435.864 00294.550 00357.324 00029.113 00011.590 00148.254 00004.779 00025.660 00030.558 00012.640 00016.721
00349.256 00349.401 00074.145 00004.897 00005.876 00007.105 00005.980 00005.582 00004.804 00012.695 00016.401 00029.096 00014.493 00006.522 00006.800 00007.636 00008.215 00573.672 00457.068 00319.612 00033.665 00013.903 00017.901 00013.969 00013.124 00008.390 00008.488 00006.309 00005.484 00002.711 00003.819 00002.277 00002.574 00002.671 00003.958 00005.186 00006.984 00008.707 00009.063 00006.053 00002.344 00003.874 00004.218 00004.117 00004.542 00005.033 00004.919 00005.020 00005.068 00004.553 00003.876 00011.927 00023.556 00026.423 00287.687 00539.324 00260.169 00182.851 00144.852 00147.627 00097.001 00007.670 00020.476 00012.690 00016.968
