developer_scripts/forCreateIgnition/farsiteOutputs/a_originalIgnitions/WorkAsIs/a_test1177973_NTFBIgnition/test1177973_NTFBIgnition_HeatPerUnitArea.asc
NCOLS 748
NROWS 648
XLLCORNER -8363.000000
YLLCORNER -11743.000000
CELLSIZE 30.000000
NODATA_VALUE -9999.0
[rows 377 to 405 of 648, columns 325 to 389 of 748]
-9999.0 -9999.0 -9999.0 -9999.0 -9999.0 -9999.0 -9999.0 -9999.0 -9999.0 -9999.0 -9999.0 -9999.0 -9999.0 -9999.0 -9999.0 -9999.0 -9999.0 -9999.0 -9999.0 -9999.0 -9999.0 -9999.0 -9999.0 02122.029 02133.756 02222.580 02273.469 53048.465 55651.449 51862.340 59240.832 67745.215 101822.020 106627.718 107845.792 102058.609 78375.274 75370.243 103760.373 86661.232 54593.521 52183.926 68572.112 92700.061 113880.040 122289.019 74008.803 70210.997 72322.213 53329.986 49344.684 22962.429 04982.134 05100.549 05113.889 33915.763 34006.059 25609.049 33019.283 32183.507 04615.932 06604.910 25502.448 31411.661 24581.110
-9999.000 -9999.0 -9999.0 -9999.0 -9999.0 -9999.0 -9999.0 -9999.0 -9999.0 -9999.0 -9999.0 -9999.0 -9999.0 -9999.0 -9999.0 -9999.0 -9999.0 -9999.0 -9999.0 -9999.0 -9999.0 -9999.0 02088.344 02237.228 41398.681 44823.813 31684.153 02782.750 28885.094 39195.498 58449.195 79297.411 87866.265 95570.650 98446.333 91372.999 84027.150 94533.623 105280.276 94807.163 62217.984 70184.508 80677.229 90981.530 110232.963 116220.275 64431.172 54880.959 44965.977 45590.526 43588.660 39905.675 33972.985 35432.330 38577.152 37148.264 33742.378 21304.990 33334.289 32802.852 18387.083 33153.442 32483.302 33113.098 30960.523
-9999.000 -9999.0 -9999.0 -9999.0 -9999.0 -9999.0 -9999.0 -9999.0 -9999.0 -9999.0 -9999.0 -9999.0 -9999.0 -9999.0 -9999.0 -9999.0 -9999.0 -9999.0 -9999.0 -9999.0 -9999.0 -9999.000 02372.599 02338.966 29913.843 38232.884 40836.115 38464.677 38299.645 38860.018 46649.910 44446.199 18083.114 55391.310 71522.867 81797.712 72974.231 94915.368 93941.262 94909.370 72372.322 67398.218 78442.363 90667.493 92385.045 91144.153 85343.205 68039.925 60418.440 51834.243 42584.379 38305.605 38979.245 39425.204 40256.291 35385.462 05133.774 04950.346 32967.089 32929.448 31436.734 32460.679 30913.476 32013.905 30766.384
01018.772 -9999.0 -9999.0 -9999.0 -9999.0 -9999.0 -9999.0 -9999.0 -9999.0 -9999.0 -9999.0 -9999.0 -9999.0 -9999.0 -9999.0 -9999.0 -9999.0 -9999.0 -9999.0 -9999.0 -9999.0 -9999.000 02299.935 02386.169 51644.525 13631.773 22547.015 39623.471 44204.308 44883.304 35367.494 37479.079 02745.132 31043.414 39131.293 38533.146 35458.587 68506.636 76736.953 86861.050 80026.275 74612.383 77932.280 90755.748 93153.945 83501.774 80010.530 50447.903 51544.441 44238.564 46942.214 53060.501 57453.020 45622.676 44844.391 35359.281 05876.116 28182.189 32635.525 33402.656 32973.030 32659.762 30846.490 30270.709 04420.261
05182.880 -9999.000 -9999.000 -9999.000 -9999.000 -9999.0 -9999.0 -9999.0 -9999.0 -9999.0 -9999.0 -9999.0 -9999.0 -9999.0 -9999.0 -9999.0 -9999.0 -9999.0 -9999.0 -9999.0 -9999.0 -9999.0 02455.217 02787.227 43845.022 03592.549 11903.279 13651.868 40659.797 10569.820 02684.848 02768.386 12107.135 38664.025 48783.414 52756.099 56265.887 47153.379 68402.112 87482.657 85726.450 85572.057 84610.508 76093.372 59168.839 55196.745 48588.838 47345.006 43389.318 43612.446 49969.268 62239.374 61408.518 62989.585 42898.229 33231.467 33042.681 33476.888 33748.518 34058.951 36106.670 32689.559 31410.261 26656.796 35881.576
01264.350 01000.149 00999.615 04070.771 34956.680 75718.343 47326.772 09424.938 02390.087 -9999.000 -9999.000 -9999.000 -9999.000 -9999.000 -9999.000 -9999.0 -9999.0 -9999.0 -9999.0 -9999.0 -9999.0 -9999.0 -9999.000 02271.261 08743.790 41441.123 06075.668 01553.546 01462.014 36906.804 02770.560 31760.839 38942.161 64861.459 76801.416 76302.287 84192.681 87533.109 66082.447 80277.608 76513.005 85569.057 85184.815 73634.551 64680.162 54541.886 41551.597 41947.549 47410.332 58434.708 55433.772 65502.264 45537.977 44000.900 42804.608 32950.077 29208.668 29442.074 33236.274 31345.631 34592.919 34024.013 31051.919 31554.237 30001.308
00987.977 01180.586 04018.891 08028.117 33016.823 70256.455 65146.429 64540.713 35117.924 04656.034 01047.526 09608.317 23449.424 50951.188 35530.739 22248.522 06152.963 14220.785 21042.105 31235.856 -9999.000 -9999.000 -9999.000 02418.088 02365.393 35659.305 02943.139 29675.019 02990.078 16910.087 02898.966 04047.847 52536.310 55705.456 78460.592 89629.234 96244.001 91291.618 79930.376 72332.376 74459.986 79588.060 75560.583 73054.782 63932.706 54645.694 47674.420 51963.180 71097.481 78063.813 60432.424 56041.270 41600.738 39793.579 33056.387 33626.549 06237.711 13195.015 10447.286 09549.247 04517.848 04442.291 26181.615 31178.111 28497.414
03933.034 16788.054 53980.584 93993.680 93326.717 78890.966 76832.126 62276.078 39341.513 08639.255 07250.759 03050.365 01877.817 06156.396 01627.147 01868.607 02287.262 03034.371 06353.147 02007.906 04831.318 25262.321 38227.097 02377.623 02350.825 35328.536 61883.642 48054.721 46712.700 33945.235 76211.314 88153.831 65964.882 80469.209 89278.811 94314.456 103734.650 109626.436 108700.893 103401.237 101887.546 91508.587 72027.621 66010.559 63046.460 55796.756 47742.944 52432.829 65559.085 56909.861 67281.333 59352.215 38891.964 36570.194 35397.322 30929.114 31874.475 25114.788 32579.227 32993.946 33322.193 28554.074 08720.552 28410.179 28852.795
49054.899 84937.330 95356.569 158412.806 278081.445 178385.983 219125.832 213400.097 80582.180 07763.913 07478.156 07735.768 00998.985 00996.022 00986.245 01517.025 00998.788 04680.206 38886.276 52101.478 22763.573 07469.332 05684.449 36039.380 02324.330 02439.521 91438.759 02983.210 21670.722 83653.812 111262.492 116517.495 93223.739 102831.567 75613.238 111839.573 112921.576 127391.030 130516.450 115575.117 116719.699 121103.921 67001.167 50049.044 61339.372 53353.569 53865.004 78427.738 68619.228 65019.947 54021.161 52275.778 16487.500 05651.568 24314.482 36221.328 34676.926 32665.039 19750.980 32230.919 32588.883 31286.740 29486.289 29633.553 28797.033
01043.239 16202.131 98495.821 154421.879 111245.331 29944.398 108306.589 78506.452 152938.708 38157.468 09740.610 09598.412 03629.698 01990.770 00980.007 02085.625 01220.915 29080.006 52493.793 52675.831 39263.023 05666.622 01264.251 02249.483 06273.372 02688.091 32900.462 53521.222 62337.556 30694.198 60081.606 119477.201 101290.323 117354.350 129223.656 100803.098 141574.117 127052.832 130810.546 124151.612 103776.444 103243.881 57342.196 39894.826 38112.486 48156.373 56035.979 64868.072 73863.141 69552.525 47031.690 49252.493 04967.743 22889.879 37504.545 36937.519 32288.951 04550.280 30218.242 31442.339 04391.910 04332.408 28547.635 28724.382 28725.447
39712.881 00956.131 95912.038 114932.388 105003.753 64634.233 03627.429 66218.153 26036.185 01885.758 06450.492 08752.959 07554.023 06659.577 06254.431 07138.569 01864.547 02862.647 02460.420 21943.307 37014.059 19712.166 04215.528 03010.470 02684.645 02886.989 02329.829 02458.774 12490.436 52259.095 63303.942 104490.145 110791.347 103646.960 99897.523 100316.837 123428.898 125215.218 106638.374 97212.523 106362.571 107469.035 99656.562 58879.251 38933.863 40874.388 50166.242 62229.075 64387.562 61795.987 45118.128 32979.182 32446.706 37625.278 36922.021 36790.072 32462.508 32039.780 32429.416 22409.471 04333.978 04317.690 -9999.0 24984.857 04320.985
33640.368 20036.123 45947.399 57798.387 37696.445 48671.664 03271.404 34718.215 00975.629 00966.449 03199.548 06129.421 07193.357 28398.130 41754.564 06749.945 06399.137 03848.657 01128.088 00998.507 10682.140 24959.730 02773.866 03367.455 01010.045 02528.913 02374.978 02318.191 02622.184 12283.338 35909.680 107800.141 127744.874 110856.354 103736.924 86915.664 85256.522 100426.216 85240.379 104748.344 177052.078 123721.837 116881.858 61821.207 38400.051 38102.778 37921.035 54475.420 45365.987 44077.377 42824.664 43465.644 39192.204 35688.097 36391.244 25816.717 08568.368 30643.744 31174.249 04335.873 04326.964 04282.647 22526.567 04288.957 23411.817
21702.927 15562.221 04690.353 01930.671 05097.985 05619.675 01505.374 10488.094 04665.664 02271.084 09971.024 04987.305 32565.581 41242.237 31588.407 00998.605 01398.929 01231.011 01029.379 01040.698 01050.519 03094.410 03248.673 01040.143 01426.092 01755.887 04405.898 02358.758 02474.082 35396.777 69226.525 89422.803 95615.694 100744.176 119430.612 142079.771 96627.157 86443.860 77043.942 184272.890 195899.750 142409.873 111583.009 102296.115 39170.514 37843.131 37811.492 43391.876 43433.557 43037.403 40233.009 36742.286 36444.067 35631.959 35489.064 05336.576 31940.933 31085.396 04333.058 04330.535 04301.584 04314.817 04306.962 00818.392 01335.842
34031.392 30836.324 12801.526 01014.185 01020.960 02876.015 01015.056 00979.720 02133.777 11200.962 28610.327 52167.996 57302.266 48391.629 57079.420 26550.077 01104.927 03591.431 37153.298 13952.513 00993.373 01916.876 05551.916 05555.187 03542.311 00961.277 04209.729 02368.625 27236.027 68334.130 74254.227 89030.377 95910.599 102906.051 117576.123 150181.622 102636.261 103835.893 80564.507 79656.558 80400.694 125211.369 120927.681 103682.159 41539.462 36696.948 37902.065 40364.853 37044.431 42191.526 38909.351 35010.131 35580.076 34252.773 31808.144 07566.680 04384.160 04334.614 27015.405 04296.154 30051.885 26450.157 04027.515 01413.185 30620.806
03714.575 37333.795 00967.896 00971.320 01011.896 01015.550 01014.622 00972.183 03152.935 00938.923 09574.236 39340.419 22475.715 31802.581 51067.180 47334.892 37830.206 41793.177 68650.088 41843.500 21925.672 00965.198 00956.937 00959.145 00953.519 00939.061 02377.963 02336.619 38816.411 52694.376 77789.045 89334.609 116033.289 127951.225 134539.283 132598.357 111211.547 104685.573 104767.136 107498.495 104640.496 77412.784 75007.528 95903.417 100144.291 36628.868 38172.891 37995.873 37574.249 35176.992 33733.984 37798.576 31410.660 30391.514 30805.309 04465.139 04330.327 04318.661 04311.291 29698.048 29699.768 30006.413 25917.449 35017.418 04337.193
33079.735 18939.502 05407.519 00962.863 00974.240 00987.399 00963.620 01868.522 01987.543 04116.799 02761.936 75753.772 43208.223 30799.816 51105.254 50546.575 05902.263 28040.987 01960.139 29225.148 41153.548 13363.682 02439.392 02204.349 01914.359 03075.039 02366.692 02317.585 46383.920 56923.537 72459.538 80371.251 109017.695 106028.345 62771.580 97452.908 106363.959 103453.070 106653.941 102601.640 113725.491 90121.250 72645.158 76507.387 84397.624 37010.736 38283.752 38014.413 41205.710 35709.226 22729.280 30142.903 04535.600 04479.731 04415.199 04331.565 04335.647 04336.368 04336.546 29645.739 33489.045 32639.793 33490.010 34206.846 33151.236
30009.400 15489.206 05141.401 04484.272 02201.670 02807.187 02126.360 02328.606 01041.828 34637.275 01096.694 15415.381 31955.170 04600.005 01555.559 01299.099 05725.054 00954.063 20491.696 40368.552 33068.853 24927.746 03527.945 04621.304 03352.133 00997.235 35268.546 16769.713 46290.687 59983.080 63740.931 77605.410 61749.210 36549.129 20677.585 05079.189 67346.470 102111.469 106684.579 102373.384 119398.631 103745.244 102139.238 88119.012 107117.058 35261.160 35649.573 35915.788 42546.252 35567.776 04620.168 04525.938 09003.593 30588.400 23282.011 04739.563 04417.464 24837.580 04336.441 30572.875 34163.998 34995.522 32258.777 32956.904 33196.228
38506.684 00980.588 04565.492 01557.828 00991.907 02161.075 02148.470 02056.101 00932.877 01340.605 18985.747 00960.758 00959.422 00960.470 02281.011 05601.011 01190.584 01534.561 22996.758 38076.219 10691.684 36080.950 27594.461 02725.770 06915.183 36694.316 37220.370 42351.176 44680.725 64439.643 71780.138 92317.715 88002.834 81639.670 101424.605 80950.199 89485.475 111580.347 145695.412 145036.846 181025.916 118198.488 117770.857 104736.951 124813.174 35042.012 33166.982 32929.945 37766.590 33217.675 04622.312 04553.465 05362.243 12763.144 27858.790 05201.160 34246.400 20487.355 05592.676 31161.056 36055.446 37131.078 34069.724 31416.772 35520.446
21852.168 18044.397 00882.205 01530.432 00925.254 00926.160 01462.022 00911.244 05684.074 05637.598 05591.418 00954.665 00962.962 00997.585 01016.561 00955.393 00947.216 00928.823 03679.055 40773.148 46267.420 14906.536 52463.296 02515.738 02162.819 02348.308 43624.552 46965.240 42943.719 64163.262 72464.996 90673.160 96692.601 89930.862 02770.766 41918.170 76375.098 48593.630 137957.804 161254.177 146784.648 111386.537 115077.874 114800.462 113282.476 36054.270 35602.546 10226.701 35964.424 32942.051 04625.265 04543.800 04431.496 04372.298 27365.223 26296.900 32322.908 39083.199 40793.949 37351.832 41423.690 35495.764 35001.025 34618.344 35562.576
09647.063 03232.032 01681.558 00887.369 02474.260 02043.644 00926.315 00891.944 02545.554 10219.464 20800.094 01589.423 00951.693 00955.001 00955.004 00942.987 00929.476 01251.855 00923.010 38471.450 12527.156 04383.158 53441.706 02328.309 02310.498 45764.132 50038.776 61749.365 21205.281 55866.199 75224.759 87644.949 90046.520 61325.656 58056.700 06868.745 02727.070 38013.426 63969.455 139536.404 118099.790 115285.207 109005.729 113154.839 94299.534 36780.995 36668.849 34510.092 36231.014 35161.757 04614.744 15420.230 04495.739 04453.113 25229.419 11076.518 11459.584 04594.599 24134.048 47412.893 61821.619 61547.540 46319.471 36435.738 41682.191
02292.519 01821.019 00935.964 02716.036 05048.501 05572.196 04548.046 00886.311 00895.393 18576.546 42038.059 27448.862 05214.997 01946.297 02730.983 05022.860 04926.207 01645.439 04862.384 00949.272 00954.197 01076.604 33076.818 02320.962 02314.046 33201.322 51486.065 51967.668 48683.233 102091.333 65000.442 94258.731 82305.564 131067.644 106668.894 14670.791 52180.627 02655.864 102933.431 126362.892 112939.856 114938.059 108761.947 117644.196 93472.768 36687.795 36085.618 37504.814 32026.043 31159.243 32601.356 04622.511 04572.262 04547.854 06195.463 40069.936 42824.475 26644.830 04605.121 39162.256 65807.634 70572.354 62163.065 44653.563 34310.930
04001.594 04986.790 19754.684 17682.054 05434.235 05437.219 02510.030 01838.870 00964.288 01318.001 05240.398 42385.346 38228.824 20763.960 24300.362 34942.831 38379.111 05890.731 01071.833 01601.791 00959.393 00955.888 02391.796 02190.352 19981.010 11447.332 02734.413 46477.604 59494.526 96369.577 79348.576 74264.203 84430.007 116557.104 21155.229 02706.075 02656.391 02657.820 95287.003 105925.418 109570.110 109141.813 111271.472 113354.042 70865.434 36685.644 33935.631 37405.090 21486.623 20235.859 29266.476 04635.953 08676.562 04577.917 21958.865 44213.813 45175.334 14519.228 04622.492 51088.793 57472.979 48890.796 48269.181 47126.192 38418.350
00972.334 02454.456 03528.213 02746.100 02772.144 05445.224 05429.991 01733.009 04821.546 00946.995 01215.505 31992.412 20875.482 17279.277 39283.275 59489.594 66442.872 22600.852 07259.651 03163.213 00946.483 00946.353 02355.769 02291.775 35527.137 42859.443 33356.610 51694.916 54471.120 85066.150 77079.198 72108.689 78841.751 68915.363 36002.967 02660.114 02656.271 68302.213 68642.862 83271.956 100988.211 110035.013 115297.952 108940.227 44541.768 37262.732 33046.137 33234.239 05814.685 04228.004 06058.324 22983.062 04643.580 19673.467 05134.210 44511.934 38023.047 32215.847 06243.440 38472.549 45385.644 44829.987 44219.558 49821.365 45756.213
00952.020 01503.366 06876.017 41830.498 30635.492 02770.489 02772.550 40230.287 08820.458 04081.455 01344.570 08008.164 28623.504 72870.675 69945.271 65765.390 61671.975 66121.233 51022.576 52805.735 20580.331 38527.665 02340.370 36517.076 36921.249 46010.001 27388.443 66932.979 71448.852 86502.730 94477.866 89145.143 80657.353 90438.708 38663.917 02650.670 02669.307 98125.320 02654.621 89617.290 92247.365 113960.705 105592.745 40917.702 37661.255 32981.946 07469.595 03391.420 00914.999 00905.346 00884.655 01021.492 04644.664 34448.145 41211.436 34319.505 34565.603 31651.643 02105.565 40796.352 46847.007 38358.005 40579.348 40746.312 40255.676
00933.902 00978.632 00922.694 33140.984 06850.327 09398.433 04444.328 06292.890 40891.914 69273.727 43778.162 24500.288 13051.476 39034.019 55808.682 52897.380 35360.169 26955.389 53826.640 59789.634 50888.099 39282.467 56222.713 02333.600 42719.702 16023.322 05108.850 11592.523 09997.493 75473.710 96278.610 93869.718 91380.492 111480.915 135601.141 166840.336 164497.800 54570.201 63416.264 57106.636 108763.426 114864.715 40007.264 12806.728 36617.965 39747.697 03931.762 01751.708 00928.230 00903.828 00893.313 21205.452 04646.372 31689.685 47727.950 34508.995 50459.818 36364.751 02110.050 02085.970 34066.612 39300.922 33693.459 14661.292 01895.555
00949.207 00986.437 50383.986 70432.919 60773.259 04366.993 01323.435 08447.107 53237.233 30020.111 07020.538 36026.582 03584.850 00940.600 02988.109 05372.017 01109.753 07397.549 50745.235 67019.997 46340.792 02703.568 02303.511 02320.904 39992.596 16951.386 01117.228 01315.295 02197.446 67718.653 87566.846 68119.008 60105.863 96392.281 127143.119 111399.902 114910.488 103827.633 38932.529 62331.559 64877.239 45936.669 19922.146 08318.987 03275.760 16612.474 15796.208 01628.249 00935.631 00913.261 21757.999 34986.948 43239.287 40993.884 51946.398 41764.523 30850.849 37067.655 02108.802 01843.012 11673.051 42057.144 37977.339 27989.994 30110.629
00923.441 03134.135 59115.325 64202.858 62362.194 49067.048 01623.433 01322.701 27678.471 21662.233 13965.441 25590.497 01380.597 01134.750 03392.600 06643.110 27016.318 22583.800 34527.418 47047.302 46463.674 46443.856 02323.220 02328.315 40208.022 05293.184 01833.844 01679.348 02612.764 47120.548 86634.519 52296.308 50074.738 13615.466 63758.990 103805.502 71686.276 69917.564 07662.865 49023.790 34940.989 29495.853 04829.111 02512.330 01366.441 00981.200 00960.529 05289.684 11143.602 03086.643 42865.112 37562.638 41620.622 37393.941 46784.256 38764.517 36829.092 31432.503 02075.498 02076.411 36916.942 28997.079 04341.112 04329.967 24221.635
05629.934 14016.478 38951.321 32742.569 27104.687 05530.705 02522.750 19567.417 25441.315 50936.039 46988.168 55931.317 01351.385 08663.683 35987.551 25518.107 32315.318 01092.078 01025.303 01345.351 01851.870 02220.698 02376.347 02247.877 38512.558 13206.982 02987.392 03478.551 01217.435 05151.081 57758.377 22880.837 04233.063 08228.755 03121.723 19476.938 19154.663 08171.549 06293.967 06577.035 23564.976 02942.553 01468.568 00990.408 00960.394 00987.533 00940.135 03043.408 06936.970 03043.930 41574.765 40018.296 38777.752 36467.319 37328.170 34928.780 35761.428 35416.557 01891.214 36183.930 49054.007 36742.229 33726.439 04330.975 04330.143
00930.586 06708.162 08657.525 36501.690 23904.672 07333.644 06874.942 44278.557 78230.616 74476.313 57915.602 58866.491 56051.959 47588.778 36031.735 41948.280 43487.079 40208.320 46830.759 24408.917 03935.782 02386.529 02298.316 02142.567 31061.177 48537.995 41829.031 48297.956 05547.922 06872.049 59382.886 10468.004 02277.013 02265.955 02285.000 02286.479 02283.848 01042.799 03827.212 03346.600 02373.530 01159.469 01089.392 02742.793 37280.344 28897.021 03353.092 19075.056 06141.440 05012.576 38206.910 37967.512 43231.324 35919.945 47053.789 43424.064 36337.701 01936.191 01958.394 33011.759 42664.927 37009.326 14846.579 04508.673 29793.310
