developer_scripts/forCreateIgnition/farsiteOutputs/a_originalIgnitions/WorkAsIs/a_test1177973_NTFBIgnition/test1177973_NTFBIgnition_SpreadDirection.asc
NCOLS 748
NROWS 648
XLLCORNER -8363.000000
YLLCORNER -11743.000000
CELLSIZE 30.000000
NODATA_VALUE -9999.0
[rows 385 to 419 of 648, columns 237 to 315 of 748]
-9999 234 235 235 228 209 216 222 170 192 192 282 216 217 207 260 174 163 159 113 318 298 240 169 168 130 223 174 174 163 163 130 151 112 013 213 236 176 297 277 281 257 217 239 194 193 195 -9999 -9999 -9999 -9999 -9999 -9999 117 130 142 131 135 205 172 169 190 187 174 190 193 195 190 191 191 -9999 -9999 114 076 081 035 294 346 001
-9999 -9999 243 309 172 029 225 166 166 230 221 220 216 212 129 191 187 159 154 157 253 235 231 170 170 150 299 197 184 174 169 138 159 296 324 005 053 295 277 300 255 260 233 160 121 215 202 202 193 193 193 -9999 107 118 148 157 056 128 131 204 157 200 192 001 203 238 225 165 133 194 193 186 124 133 280 101 225 249 066
-9999 -9999 243 244 321 034 286 331 021 235 229 220 220 210 122 185 170 170 158 284 279 242 223 160 149 299 169 176 206 205 133 106 247 328 215 122 352 000 301 288 265 221 228 241 130 241 202 202 194 170 165 185 118 133 119 183 183 131 144 208 155 265 300 054 120 214 215 218 150 190 194 186 177 145 222 164 244 225 125
322 288 243 249 178 276 286 207 207 220 219 206 217 143 188 185 165 113 287 309 279 214 215 162 -9999 -9999 354 101 236 075 -9999 -9999 -9999 215 228 222 229 296 272 246 265 229 185 228 150 147 203 178 172 156 154 192 133 143 198 135 336 098 112 160 209 207 226 174 116 108 213 211 167 182 182 183 171 303 044 178 236 168 166
268 225 200 206 257 231 205 194 169 196 195 190 182 155 194 147 320 324 299 291 275 166 148 -9999 319 258 294 098 236 126 069 320 283 142 083 184 193 242 272 156 175 175 189 225 147 138 202 165 166 121 125 191 160 209 333 041 153 146 129 281 346 106 217 172 167 165 205 169 169 264 139 168 154 233 169 170 230 165 168
240 234 308 295 265 235 193 190 144 192 194 170 172 272 284 298 237 288 256 228 253 151 150 -9999 268 222 154 062 248 139 273 304 159 118 086 302 306 263 228 269 158 158 127 232 202 127 127 201 166 130 132 183 184 170 145 161 108 144 145 227 225 163 039 174 174 160 160 162 197 197 147 149 242 183 241 064 224 178 178
280 263 229 218 208 206 195 144 143 181 321 002 176 272 287 303 304 359 263 177 177 177 051 215 250 245 153 120 110 299 271 161 161 160 316 275 234 279 160 241 197 189 190 241 185 194 210 166 071 098 095 007 059 058 294 229 116 127 231 227 169 169 163 175 173 160 156 236 203 204 148 213 216 217 197 192 230 193 191
222 264 237 245 225 200 200 144 325 313 311 344 344 016 247 235 235 235 120 160 215 237 171 103 322 206 187 115 205 221 229 217 163 218 239 275 168 213 143 207 203 206 190 245 190 189 197 157 153 149 314 017 073 061 219 223 132 118 233 172 172 163 160 032 162 -9999 149 182 191 192 159 241 239 175 201 204 053 318 000
-9999 236 215 250 224 215 196 300 305 310 321 310 350 349 340 229 179 179 133 358 358 234 294 322 278 237 138 114 216 182 215 239 155 155 -9999 235 132 239 149 236 217 223 187 248 191 200 184 163 058 050 255 074 141 141 119 219 143 119 173 166 161 304 208 150 155 -9999 210 183 183 148 -9999 -9999 250 138 267 168 225 225 179
-9999 -9999 225 231 225 161 239 245 257 268 310 305 297 271 341 333 022 293 290 002 002 057 264 256 256 179 179 122 288 209 203 208 184 005 062 231 137 133 355 240 233 220 189 258 199 201 169 169 142 138 196 143 142 146 147 231 154 153 181 157 185 185 128 151 244 174 055 185 185 315 320 -9999 138 107 161 331 229 229 230
-9999 -9999 179 228 218 230 234 239 257 265 266 258 284 271 267 267 330 246 299 299 061 063 270 230 160 158 167 164 222 165 353 207 260 186 138 210 133 307 334 288 213 214 211 207 204 203 190 150 129 199 199 147 143 147 145 172 158 159 169 172 187 183 131 090 244 172 165 244 315 323 321 312 218 285 005 327 033 011 229
-9999 -9999 -9999 -9999 213 228 206 230 255 222 224 235 229 221 221 204 144 252 246 240 124 125 210 179 167 118 116 253 166 166 149 223 232 187 186 292 307 302 306 189 183 183 211 190 190 196 163 157 133 221 151 151 141 140 145 151 135 135 197 148 204 131 134 133 182 181 181 245 243 242 235 311 297 283 003 073 335 233 055
-9999 -9999 -9999 -9999 265 308 296 272 250 234 231 228 239 216 221 144 277 257 179 179 179 120 138 250 162 155 135 337 171 175 174 174 212 299 031 -9999 -9999 218 173 217 161 159 198 209 198 155 -9999 218 135 212 162 149 149 137 149 155 153 109 089 145 208 143 148 178 177 174 315 309 304 277 283 236 240 262 303 073 142 174 171
-9999 -9999 -9999 -9999 257 251 222 212 208 207 231 233 230 199 206 147 191 191 185 174 177 105 297 265 201 162 336 030 047 096 095 220 230 266 264 167 120 019 043 248 219 162 275 150 -9999 -9999 -9999 -9999 181 204 165 150 149 152 163 172 172 124 100 084 222 156 164 306 305 333 238 245 296 275 283 290 286 267 184 125 129 164 153
-9999 -9999 -9999 -9999 -9999 230 235 218 223 227 230 232 191 189 151 150 187 201 177 196 193 115 281 243 137 270 294 028 089 098 104 109 218 256 264 166 120 140 153 240 168 165 103 -9999 -9999 -9999 000 296 197 156 182 150 143 173 185 185 168 168 160 144 117 105 273 305 310 311 312 243 245 245 240 217 213 194 190 129 124 128 -9999
-9999 -9999 -9999 -9999 -9999 -9999 210 209 216 223 229 224 211 177 160 167 197 199 164 203 200 120 266 248 271 270 171 099 089 091 098 097 079 280 116 197 111 055 008 066 051 -9999 -9999 347 000 015 020 223 195 145 217 203 123 132 196 190 172 172 143 145 129 106 259 239 311 312 309 297 249 246 220 224 208 205 199 141 133 -9999 -9999
-9999 -9999 -9999 -9999 -9999 -9999 -9999 210 196 233 231 228 177 161 171 213 204 163 235 186 186 221 235 247 253 270 176 171 171 093 099 005 291 261 132 195 195 081 081 075 059 051 120 082 128 127 129 -9999 208 135 203 211 155 121 220 193 194 156 152 146 145 081 235 243 234 231 234 210 218 221 216 210 202 214 195 135 148 158 342
-9999 -9999 -9999 -9999 -9999 -9999 -9999 -9999 267 241 230 179 179 148 235 224 217 181 181 197 220 204 221 239 240 253 123 177 139 134 122 278 279 250 141 165 165 151 081 075 132 120 125 128 127 129 125 098 022 225 227 210 154 151 150 198 197 183 146 145 145 160 149 219 213 223 215 210 208 216 201 216 213 217 163 146 195 146 084
-9999 -9999 -9999 -9999 -9999 -9999 -9999 -9999 252 233 186 189 169 084 242 230 177 171 259 244 190 190 225 240 223 244 095 075 142 144 247 271 277 246 158 151 131 147 141 134 136 140 138 143 156 166 166 098 054 057 066 164 168 167 131 206 198 175 175 079 189 138 102 232 209 209 213 194 195 193 194 200 208 212 141 120 202 166 151
-9999 -9999 -9999 -9999 -9999 -9999 -9999 -9999 -9999 220 165 150 -9999 -9999 197 189 164 278 183 277 266 275 290 254 228 193 191 075 077 112 247 253 246 234 172 172 115 124 126 127 135 167 132 108 041 176 176 169 165 144 129 099 091 168 171 214 211 197 172 173 161 156 135 211 209 209 198 192 191 190 190 152 320 203 205 161 165 144 131
-9999 -9999 -9999 -9999 -9999 -9999 -9999 -9999 -9999 -9999 217 143 -9999 -9999 -9999 -9999 281 285 295 271 234 251 255 254 237 198 197 183 165 156 241 250 248 219 192 150 130 147 127 135 136 120 179 108 069 050 061 056 167 168 117 097 091 090 210 212 212 195 183 183 183 146 143 209 211 196 197 196 186 186 182 125 290 206 205 179 179 222 132
-9999 -9999 -9999 -9999 -9999 -9999 -9999 -9999 -9999 -9999 -9999 -9999 -9999 -9999 -9999 -9999 -9999 223 217 214 220 245 253 188 188 194 201 185 185 147 234 208 219 161 199 190 171 152 154 155 168 128 195 170 166 159 150 144 145 132 159 156 139 134 145 221 214 196 190 191 181 181 132 107 213 193 206 203 187 179 179 169 213 208 211 207 194 208 214
-9999 -9999 -9999 -9999 -9999 -9999 -9999 -9999 -9999 -9999 -9999 -9999 -9999 -9999 -9999 -9999 -9999 -9999 205 222 225 223 212 207 186 178 161 200 191 169 218 210 205 143 092 236 179 179 156 154 183 118 094 168 167 167 153 152 132 124 120 120 100 103 -9999 -9999 190 196 195 194 185 184 159 158 158 191 213 206 205 178 178 159 211 223 213 214 209 211 204
-9999 -9999 -9999 -9999 -9999 -9999 -9999 -9999 -9999 -9999 -9999 -9999 -9999 -9999 -9999 -9999 -9999 233 245 252 243 232 223 185 171 172 137 080 208 181 181 260 213 174 174 166 182 183 182 157 157 175 175 089 077 167 167 151 148 147 143 138 124 109 -9999 -9999 -9999 204 197 195 195 175 178 178 161 164 225 212 213 178 173 163 194 226 217 226 206 206 181
-9999 -9999 -9999 -9999 -9999 -9999 -9999 -9999 -9999 -9999 -9999 -9999 -9999 -9999 -9999 -9999 -9999 -9999 241 242 239 237 189 190 172 171 133 131 -9999 -9999 298 264 206 211 161 159 174 173 191 191 172 155 149 181 160 160 165 161 149 158 150 148 144 115 -9999 -9999 -9999 -9999 -9999 198 191 158 158 183 183 -9999 225 214 211 185 161 165 202 212 227 270 208 210 205
-9999 -9999 -9999 -9999 -9999 -9999 -9999 -9999 -9999 -9999 -9999 -9999 -9999 -9999 -9999 -9999 -9999 -9999 263 243 194 193 193 194 171 171 133 -9999 -9999 -9999 287 222 210 200 156 150 148 170 212 189 156 154 145 191 191 157 158 133 137 152 126 089 -9999 -9999 -9999 -9999 -9999 -9999 -9999 -9999 -9999 -9999 -9999 -9999 -9999 -9999 -9999 -9999 169 -9999 166 -9999 174 241 241 263 195 216 186
-9999 -9999 -9999 -9999 -9999 -9999 -9999 -9999 -9999 -9999 -9999 -9999 -9999 -9999 -9999 -9999 -9999 -9999 -9999 224 214 193 189 189 165 173 173 -9999 -9999 -9999 -9999 230 227 197 194 147 150 157 215 182 179 145 143 183 187 185 154 141 140 162 165 164 138 -9999 -9999 -9999 -9999 -9999 -9999 -9999 -9999 -9999 -9999 -9999 -9999 -9999 -9999 -9999 -9999 -9999 -9999 -9999 -9999 246 236 215 201 200 201
-9999 -9999 -9999 -9999 -9999 -9999 -9999 -9999 -9999 -9999 -9999 -9999 -9999 -9999 -9999 -9999 -9999 -9999 -9999 229 193 188 188 -9999 -9999 -9999 -9999 -9999 -9999 -9999 -9999 239 238 196 196 176 166 170 214 188 191 141 128 101 195 179 179 140 131 136 141 -9999 -9999 -9999 -9999 -9999 -9999 -9999 -9999 -9999 -9999 -9999 -9999 -9999 -9999 -9999 -9999 -9999 -9999 -9999 -9999 -9999 -9999 228 235 225 217 200 177
-9999 -9999 -9999 -9999 -9999 -9999 -9999 -9999 -9999 -9999 -9999 -9999 -9999 -9999 -9999 -9999 -9999 -9999 -9999 -9999 -9999 -9999 -9999 -9999 -9999 -9999 -9999 -9999 -9999 -9999 -9999 -9999 239 200 197 174 174 179 173 204 175 175 120 101 155 205 181 173 172 141 136 -9999 -9999 -9999 -9999 -9999 -9999 -9999 -9999 -9999 -9999 -9999 -9999 -9999 -9999 -9999 -9999 -9999 -9999 -9999 -9999 -9999 -9999 -9999 238 241 225 171 159
-9999 -9999 -9999 -9999 -9999 -9999 -9999 -9999 -9999 -9999 -9999 -9999 -9999 -9999 -9999 -9999 -9999 -9999 -9999 -9999 -9999 -9999 -9999 -9999 -9999 -9999 -9999 -9999 -9999 -9999 -9999 -9999 -9999 214 191 192 168 171 178 205 189 188 162 165 149 136 192 165 -9999 189 -9999 -9999 -9999 -9999 -9999 -9999 -9999 -9999 -9999 -9999 -9999 -9999 -9999 -9999 -9999 -9999 -9999 -9999 -9999 -9999 -9999 -9999 -9999 -9999 -9999 240 221 223 124
-9999 -9999 -9999 -9999 -9999 -9999 -9999 -9999 -9999 -9999 -9999 -9999 -9999 -9999 -9999 -9999 -9999 -9999 -9999 -9999 -9999 -9999 -9999 -9999 -9999 -9999 -9999 -9999 -9999 -9999 -9999 -9999 -9999 -9999 -9999 -9999 201 182 151 133 -9999 191 176 177 171 123 -9999 -9999 -9999 -9999 -9999 -9999 -9999 -9999 -9999 -9999 -9999 -9999 -9999 -9999 -9999 -9999 -9999 -9999 -9999 -9999 -9999 -9999 -9999 -9999 -9999 -9999 -9999 -9999 -9999 239 230 199 204
-9999 -9999 -9999 -9999 -9999 -9999 -9999 -9999 -9999 -9999 -9999 -9999 -9999 -9999 -9999 -9999 -9999 -9999 -9999 -9999 -9999 -9999 -9999 -9999 -9999 -9999 -9999 -9999 -9999 -9999 -9999 -9999 -9999 -9999 -9999 -9999 -9999 170 161 -9999 -9999 -9999 -9999 -9999 -9999 -9999 -9999 -9999 -9999 -9999 -9999 -9999 -9999 -9999 -9999 -9999 -9999 -9999 -9999 -9999 -9999 -9999 -9999 -9999 -9999 -9999 -9999 -9999 -9999 -9999 -9999 -9999 -9999 -9999 -9999 256 236 183 170
-9999 -9999 -9999 -9999 -9999 -9999 -9999 -9999 -9999 -9999 -9999 -9999 -9999 -9999 -9999 -9999 -9999 -9999 -9999 -9999 -9999 -9999 -9999 -9999 -9999 -9999 -9999 -9999 -9999 -9999 -9999 -9999 -9999 -9999 -9999 -9999 -9999 -9999 -9999 -9999 -9999 -9999 -9999 -9999 -9999 -9999 -9999 -9999 -9999 -9999 -9999 -9999 -9999 -9999 -9999 -9999 -9999 -9999 -9999 -9999 -9999 -9999 -9999 -9999 -9999 -9999 -9999 -9999 -9999 -9999 -9999 -9999 -9999 -9999 -9999 258 185 158 152
-9999 -9999 -9999 -9999 -9999 -9999 -9999 -9999 -9999 -9999 -9999 -9999 -9999 -9999 -9999 -9999 -9999 -9999 -9999 -9999 -9999 -9999 -9999 -9999 -9999 -9999 -9999 -9999 -9999 -9999 -9999 -9999 -9999 -9999 -9999 -9999 -9999 -9999 -9999 -9999 -9999 -9999 -9999 -9999 -9999 -9999 -9999 -9999 -9999 -9999 -9999 -9999 -9999 -9999 -9999 -9999 -9999 -9999 -9999 -9999 -9999 -9999 -9999 -9999 -9999 -9999 -9999 -9999 -9999 -9999 -9999 -9999 -9999 -9999 -9999 247 119 235 132
-9999 -9999 -9999 -9999 -9999 -9999 -9999 -9999 -9999 -9999 -9999 -9999 -9999 -9999 -9999 -9999 -9999 -9999 -9999 -9999 -9999 -9999 -9999 -9999 -9999 -9999 -9999 -9999 -9999 -9999 -9999 -9999 -9999 -9999 -9999 -9999 -9999 -9999 -9999 -9999 -9999 -9999 -9999 -9999 -9999 -9999 -9999 -9999 -9999 -9999 -9999 -9999 -9999 -9999 -9999 -9999 -9999 -9999 -9999 -9999 -9999 -9999 -9999 -9999 -9999 -9999 -9999 -9999 -9999 -9999 -9999 -9999 -9999 -9999 -9999 -9999 -9999 -9999 -9999
