developer_scripts/forCreateIgnition/farsiteOutputs/a_originalIgnitions/WorkAsIs/a_test1177973_NTFBIgnition/test1177973_NTFBIgnition_SpreadRate.asc
NCOLS 748
NROWS 648
XLLCORNER -8363.000000
YLLCORNER -11743.000000
CELLSIZE 30.000000
NODATA_VALUE -9999.0
[rows 300 to 329 of 648, columns 408 to 475 of 748]
-9999.0 -9999.0 -9999.0 -9999.0 -9999.0 -9999.0 -9999.0 -9999.0 -9999.0 -9999.0 -9999.0 -9999.0 -9999.0 -9999.0 -9999.0 -9999.0 -9999.0 -9999.0 -9999.0 -9999.0 -9999.0 -9999.0 -9999.0 -9999.0 -9999.0 -9999.0 -9999.0 -9999.0 -9999.0 -9999.0 -9999.0 -9999.0 -9999.0 -9999.0 -9999.0 -9999.0 -9999.0 -9999.0 -9999.0 -9999.0 -9999.0 -9999.0 -9999.0 -9999.0 -9999.0 -9999.0 -9999.0 -9999.0 -9999.0 -9999.0 -9999.00 -9999.00 00.66 00.44 00.40 00.41 00.51 01.07 01.26 01.22 00.98 00.98 00.98 01.04 02.35 01.94 01.15 01.04
-9999.0 -9999.0 -9999.0 -9999.0 -9999.0 -9999.0 -9999.0 -9999.0 -9999.0 -9999.0 -9999.0 -9999.0 -9999.0 -9999.0 -9999.0 -9999.0 -9999.0 -9999.0 -9999.0 -9999.0 -9999.0 -9999.0 -9999.0 -9999.0 -9999.0 -9999.0 -9999.0 -9999.0 -9999.0 -9999.0 -9999.0 -9999.0 -9999.0 -9999.0 -9999.0 -9999.0 -9999.0 -9999.0 -9999.0 -9999.0 -9999.0 -9999.0 -9999.0 -9999.0 -9999.0 -9999.0 -9999.0 -9999.0 -9999.00 -9999.00 00.69 00.49 00.92 00.60 00.31 00.40 00.16 00.68 00.70 00.77 01.13 01.23 01.79 00.85 00.74 00.82 00.64 00.78
-9999.0 -9999.0 -9999.0 -9999.0 -9999.0 -9999.0 -9999.0 -9999.0 -9999.0 -9999.0 -9999.0 -9999.0 -9999.0 -9999.0 -9999.0 -9999.0 -9999.0 -9999.0 -9999.0 -9999.0 -9999.0 -9999.0 -9999.0 -9999.0 -9999.0 -9999.0 -9999.0 -9999.0 -9999.0 -9999.0 -9999.0 -9999.0 -9999.0 -9999.0 -9999.0 -9999.0 -9999.0 -9999.0 -9999.0 -9999.0 -9999.0 -9999.0 -9999.0 -9999.0 -9999.0 -9999.0 -9999.00 -9999.00 00.73 01.06 01.06 01.65 01.17 00.77 00.58 00.53 00.27 00.60 00.84 00.93 01.07 01.06 01.23 01.40 01.74 00.98 02.03 01.47
-9999.0 -9999.0 -9999.0 -9999.0 -9999.0 -9999.0 -9999.0 -9999.0 -9999.0 -9999.0 -9999.0 -9999.0 -9999.0 -9999.0 -9999.0 -9999.0 -9999.0 -9999.0 -9999.0 -9999.0 -9999.0 -9999.0 -9999.0 -9999.0 -9999.0 -9999.0 -9999.0 -9999.0 -9999.0 -9999.0 -9999.0 -9999.0 -9999.0 -9999.0 -9999.0 -9999.0 -9999.0 -9999.0 -9999.0 -9999.0 -9999.0 -9999.0 -9999.0 -9999.0 -9999.00 01.04 01.00 00.93 01.47 01.94 00.75 00.60 00.64 00.70 00.59 00.13 00.14 00.48 00.67 00.88 01.03 01.12 01.22 01.20 01.08 01.60 01.72 01.52
-9999.0 -9999.0 -9999.0 -9999.0 -9999.0 -9999.0 -9999.0 -9999.0 -9999.0 -9999.0 -9999.0 -9999.0 -9999.0 -9999.0 -9999.0 -9999.0 -9999.0 -9999.0 -9999.0 -9999.0 -9999.0 -9999.0 -9999.0 -9999.0 -9999.0 -9999.0 -9999.0 -9999.0 -9999.0 -9999.0 -9999.0 -9999.0 -9999.0 -9999.0 -9999.0 -9999.0 -9999.0 -9999.0 -9999.0 -9999.0 -9999.0 -9999.0 -9999.00 00.45 00.73 00.93 00.89 00.43 00.64 00.62 00.45 00.50 00.62 00.67 00.60 00.37 00.12 00.23 00.59 00.77 01.20 01.46 00.53 00.58 00.73 00.88 01.03 01.09
-9999.0 -9999.0 -9999.0 -9999.0 -9999.0 -9999.0 -9999.0 -9999.0 -9999.0 -9999.0 -9999.0 -9999.0 -9999.0 -9999.0 -9999.0 -9999.0 -9999.0 -9999.0 -9999.0 -9999.0 -9999.0 -9999.0 -9999.0 -9999.0 -9999.0 -9999.0 -9999.0 -9999.0 -9999.0 -9999.0 -9999.0 -9999.0 -9999.0 -9999.0 -9999.0 -9999.0 -9999.0 -9999.0 -9999.0 -9999.0 -9999.0 00.56 00.11 00.30 00.50 00.65 00.70 00.54 00.54 00.42 00.53 00.46 00.48 00.53 00.61 00.10 00.09 00.10 00.56 00.61 00.69 00.82 00.98 00.58 00.65 00.47 00.36 00.35
-9999.0 -9999.0 -9999.0 -9999.0 -9999.0 -9999.0 -9999.0 -9999.0 -9999.0 -9999.0 -9999.0 -9999.0 -9999.0 -9999.0 -9999.0 -9999.0 -9999.0 -9999.0 -9999.0 -9999.0 -9999.0 -9999.0 -9999.0 -9999.0 -9999.0 00.04 -9999.0 -9999.0 -9999.0 -9999.0 -9999.0 -9999.0 -9999.0 -9999.0 -9999.0 -9999.0 -9999.0 -9999.0 -9999.0 -9999.0 00.14 00.06 00.47 00.21 00.07 00.47 00.49 00.49 00.48 00.45 00.47 00.44 00.39 00.33 00.31 00.07 00.11 00.19 00.28 00.45 00.51 00.44 00.50 00.48 00.37 00.31 00.31 00.42
-9999.0 -9999.0 -9999.0 -9999.0 -9999.0 -9999.0 -9999.0 -9999.0 -9999.0 -9999.0 -9999.0 -9999.0 -9999.0 -9999.0 -9999.0 -9999.0 -9999.0 -9999.0 00.06 -9999.0 00.03 00.05 00.05 00.06 00.05 00.05 00.08 00.08 -9999.00 -9999.0 -9999.0 -9999.0 -9999.0 -9999.0 -9999.0 -9999.0 -9999.0 -9999.0 00.04 00.08 00.09 00.15 00.12 00.10 00.11 00.06 00.07 00.06 00.40 00.43 00.38 00.09 00.38 00.06 00.07 00.06 00.14 00.09 00.08 00.07 00.38 00.45 00.54 00.45 00.48 00.41 00.14 00.07
-9999.0 -9999.0 -9999.0 -9999.0 -9999.0 -9999.0 -9999.0 -9999.0 -9999.0 -9999.0 -9999.0 -9999.0 -9999.0 -9999.0 -9999.0 -9999.0 -9999.0 00.35 00.21 00.06 00.05 00.35 00.36 00.37 00.41 00.34 00.06 00.21 00.45 -9999.0 -9999.0 -9999.0 -9999.0 -9999.0 -9999.0 -9999.0 00.09 00.06 00.10 00.09 00.46 00.40 00.15 00.13 00.27 00.06 00.07 00.07 00.08 00.07 00.07 00.11 00.09 00.08 00.05 00.35 00.32 00.07 00.04 00.11 00.12 00.25 00.36 00.06 00.11 00.09 00.08 00.06
-9999.0 -9999.0 -9999.0 -9999.0 -9999.0 -9999.0 -9999.0 -9999.0 -9999.0 -9999.0 -9999.0 -9999.0 -9999.0 -9999.0 -9999.0 -9999.0 -9999.0 00.12 00.39 00.39 00.39 00.44 00.42 00.42 00.40 00.37 00.41 00.38 00.15 00.05 -9999.0 -9999.0 -9999.0 -9999.0 -9999.0 00.11 00.12 00.15 00.26 00.57 00.61 00.47 00.35 00.67 00.65 00.51 00.42 00.11 00.07 00.07 00.07 00.09 00.07 00.07 00.23 00.46 00.45 00.40 00.09 00.13 00.37 00.13 00.15 00.50 00.21 00.14 00.07 00.50
-9999.0 -9999.0 -9999.0 -9999.0 -9999.0 -9999.0 -9999.0 -9999.0 -9999.0 -9999.0 -9999.0 -9999.0 -9999.0 -9999.0 -9999.0 -9999.0 00.53 00.44 00.44 00.40 00.43 00.44 00.42 00.43 00.52 00.52 00.45 00.44 00.09 00.06 00.07 00.04 00.31 00.20 00.06 00.13 00.53 00.55 00.60 00.63 00.57 00.70 00.72 00.70 00.95 01.14 00.62 00.23 00.38 00.53 00.20 00.19 00.48 00.30 00.37 00.80 00.70 00.38 00.50 00.18 01.29 01.74 00.80 00.83 00.55 00.47 00.69 00.84
-9999.0 -9999.0 -9999.0 -9999.0 -9999.0 -9999.0 -9999.0 -9999.0 -9999.0 -9999.0 -9999.0 -9999.0 -9999.0 -9999.0 -9999.0 -9999.0 00.25 00.51 00.48 00.45 00.40 00.55 00.58 00.62 00.70 00.66 00.63 00.45 00.65 00.67 00.30 00.05 00.08 00.09 00.06 00.14 00.56 00.63 00.58 00.58 00.73 00.80 00.92 01.23 01.64 02.45 00.95 00.50 00.37 00.37 00.95 00.36 00.29 00.49 00.45 00.38 02.08 00.79 00.79 01.83 02.02 01.95 01.71 00.95 00.63 00.55 01.11 01.23
-9999.0 -9999.0 -9999.0 -9999.0 -9999.0 -9999.0 -9999.0 -9999.0 -9999.0 -9999.0 -9999.0 -9999.0 -9999.0 -9999.0 -9999.0 -9999.0 00.39 00.44 00.44 00.41 00.75 00.76 00.82 00.90 01.00 01.13 01.38 00.53 01.22 01.29 01.65 00.56 00.80 00.36 00.60 00.76 00.63 00.57 00.55 00.70 00.80 01.07 01.24 02.01 02.64 01.90 01.05 00.62 00.62 00.40 00.35 01.25 01.17 00.72 00.51 00.46 00.48 01.46 01.84 02.47 02.71 02.18 01.56 00.82 00.66 00.66 01.40 01.53
-9999.0 -9999.0 -9999.0 -9999.0 -9999.0 -9999.0 -9999.0 -9999.0 -9999.0 -9999.0 -9999.0 -9999.0 -9999.0 -9999.0 -9999.0 -9999.0 00.16 00.40 00.40 00.41 00.41 00.79 00.98 01.29 01.28 01.50 01.59 01.91 01.78 01.88 01.68 00.77 00.16 00.83 00.91 00.83 00.64 00.58 00.61 00.75 00.85 01.20 01.65 02.82 02.63 01.79 01.00 00.68 00.77 00.42 00.40 01.64 01.29 01.05 00.57 00.50 01.79 02.07 02.49 02.76 02.55 02.16 01.08 00.81 00.70 00.74 01.57 01.64
-9999.0 -9999.0 -9999.0 -9999.0 -9999.0 -9999.0 -9999.0 -9999.0 -9999.0 -9999.0 -9999.0 -9999.0 -9999.0 -9999.0 -9999.0 -9999.0 00.09 00.45 00.40 00.40 00.41 00.40 00.39 01.67 01.42 01.76 01.92 02.14 02.11 01.58 01.24 00.85 00.78 00.80 00.81 00.71 00.65 00.69 00.69 00.82 00.89 01.28 01.93 02.88 02.63 01.83 01.04 00.71 03.00 00.44 00.44 01.42 01.25 01.37 00.65 00.49 00.48 02.56 02.80 02.85 02.40 01.66 00.97 00.79 00.70 01.39 01.66 01.69
-9999.0 -9999.0 -9999.0 -9999.0 -9999.0 -9999.0 -9999.0 -9999.0 -9999.0 -9999.0 -9999.0 -9999.0 -9999.0 -9999.0 -9999.0 -9999.0 00.47 00.45 00.40 00.41 00.41 00.40 00.40 00.38 01.33 01.82 02.25 02.11 02.22 01.63 01.26 00.84 00.87 00.76 00.76 00.85 00.97 00.94 00.85 00.88 00.95 01.44 02.14 02.93 02.53 01.63 01.01 01.88 01.49 00.57 00.43 00.75 01.55 01.73 01.09 00.57 00.48 03.64 03.04 02.55 02.11 01.17 00.91 00.73 00.68 01.71 01.75 01.48
-9999.0 -9999.0 -9999.0 -9999.0 -9999.0 -9999.0 -9999.0 -9999.0 -9999.0 -9999.0 -9999.0 -9999.0 -9999.0 -9999.0 -9999.0 -9999.0 00.56 00.46 00.45 00.45 00.43 00.41 00.40 00.39 00.37 00.37 01.91 01.15 01.54 01.16 01.08 01.04 00.94 00.92 00.95 01.16 01.14 01.02 00.97 00.93 01.11 01.73 02.63 03.39 02.58 01.51 00.95 01.35 00.80 00.58 00.44 00.43 01.98 02.46 01.67 00.66 00.49 07.27 03.82 02.57 01.63 01.04 00.84 00.71 01.07 01.70 01.87 01.77
-9999.0 -9999.0 -9999.0 -9999.0 -9999.0 -9999.0 -9999.0 -9999.0 -9999.0 -9999.0 -9999.0 -9999.0 -9999.0 -9999.0 -9999.0 -9999.0 00.49 00.45 00.44 00.43 00.42 00.42 00.42 00.39 00.38 00.37 00.38 00.40 00.51 00.44 01.15 01.13 01.11 01.03 01.13 01.21 01.21 01.07 01.06 01.00 01.28 01.60 02.95 03.35 02.56 01.37 01.44 01.23 00.86 00.55 00.42 00.48 01.94 03.19 02.16 00.95 00.54 03.40 03.33 02.09 01.17 00.99 00.77 00.81 01.82 02.08 02.06 01.96
-9999.0 -9999.0 -9999.0 -9999.0 -9999.0 -9999.0 -9999.0 -9999.0 -9999.0 -9999.0 -9999.0 -9999.0 -9999.0 -9999.0 -9999.0 -9999.0 00.44 00.43 00.47 00.49 00.45 00.44 00.41 00.39 00.39 00.38 00.37 00.41 00.40 01.70 01.35 01.24 01.23 01.24 01.24 01.34 01.04 01.11 01.17 01.21 01.42 01.57 02.31 02.83 02.34 01.21 01.32 01.05 00.70 00.51 00.44 00.56 02.66 03.75 02.10 01.17 00.63 00.49 02.23 01.59 01.16 00.89 00.55 00.96 02.56 02.62 02.44 02.13
-9999.0 -9999.0 -9999.0 -9999.0 -9999.0 -9999.0 -9999.0 -9999.0 -9999.0 -9999.0 -9999.0 -9999.0 -9999.0 -9999.0 -9999.0 -9999.0 00.52 00.54 00.53 00.50 00.47 00.44 00.42 00.43 00.39 00.38 00.38 00.43 00.40 00.37 01.08 01.36 01.18 01.39 01.25 01.31 01.04 01.27 01.35 01.35 01.56 01.73 01.98 02.16 01.73 00.78 01.04 00.80 00.64 00.47 00.43 00.56 02.99 03.80 02.26 01.38 00.74 00.57 01.97 01.43 00.71 00.69 00.75 02.33 02.53 03.02 02.48 01.86
-9999.0 -9999.0 -9999.0 -9999.0 -9999.0 -9999.0 -9999.0 -9999.0 -9999.0 -9999.0 -9999.0 -9999.0 -9999.0 -9999.0 -9999.0 -9999.00 00.74 00.74 00.63 00.54 00.50 00.44 00.43 00.42 00.40 00.39 00.39 00.38 00.40 00.38 00.33 01.08 02.25 01.59 01.38 01.33 01.12 01.36 01.52 01.55 01.78 01.96 01.59 01.34 01.15 00.84 00.79 00.72 00.28 00.28 00.54 01.20 02.90 03.57 02.66 01.23 00.60 00.60 01.12 01.00 00.64 00.69 01.14 01.85 02.08 02.45 02.28 01.57
-9999.0 -9999.0 -9999.0 -9999.0 -9999.0 -9999.0 -9999.0 -9999.0 -9999.0 -9999.0 -9999.0 -9999.0 -9999.0 -9999.0 -9999.0 -9999.0 00.79 00.76 00.63 00.55 00.50 00.48 00.44 00.46 00.42 00.39 00.38 00.47 00.43 00.37 00.36 00.34 01.46 01.57 01.54 01.40 01.35 01.46 01.61 01.67 02.02 01.88 01.52 01.24 01.09 00.28 00.45 00.47 00.37 00.47 00.34 00.35 00.41 00.36 00.35 00.40 00.34 00.33 00.37 00.84 00.59 00.65 01.51 01.60 01.84 02.13 01.88 01.06
-9999.0 -9999.0 -9999.0 -9999.0 -9999.0 -9999.0 -9999.0 -9999.0 -9999.0 -9999.0 -9999.0 -9999.0 -9999.0 -9999.0 -9999.0 -9999.0 00.43 00.73 00.75 00.51 -9999.00 -9999.00 00.45 00.40 00.51 00.41 00.39 00.42 00.42 00.36 00.37 00.40 00.45 01.40 01.59 01.60 01.53 01.37 01.68 01.42 01.19 00.94 00.71 00.55 00.44 00.24 00.38 00.40 00.39 00.57 00.38 00.35 00.41 00.38 00.46 00.39 00.37 00.31 00.32 00.34 00.46 00.63 00.91 00.93 01.00 00.91 00.97 00.78
-9999.0 -9999.0 -9999.0 -9999.0 -9999.0 -9999.0 -9999.0 -9999.0 -9999.0 -9999.0 -9999.0 -9999.0 -9999.0 -9999.0 -9999.0 -9999.0 00.18 00.88 00.96 01.07 -9999.0 -9999.0 -9999.00 -9999.00 00.41 00.56 00.43 00.43 00.45 00.41 00.38 00.38 00.43 00.45 01.52 01.73 01.58 01.20 01.20 01.38 01.06 00.77 00.46 00.35 00.36 00.35 00.40 00.41 00.60 00.35 00.30 00.35 00.39 01.32 00.71 00.57 00.35 00.30 00.30 00.29 00.30 00.84 00.91 00.94 00.97 00.97 00.97 00.81
-9999.0 -9999.0 -9999.0 -9999.0 -9999.0 -9999.0 -9999.0 -9999.0 -9999.0 -9999.0 -9999.0 -9999.0 -9999.0 -9999.0 -9999.0 -9999.0 -9999.0 00.71 00.80 00.98 -9999.0 -9999.0 -9999.0 -9999.00 00.57 00.45 01.00 00.40 01.06 00.58 00.43 00.44 00.43 00.45 00.36 01.28 01.25 01.25 01.09 00.84 00.76 00.62 00.51 00.41 00.37 00.35 00.71 00.83 00.89 00.97 00.75 00.52 00.66 01.40 00.88 00.56 00.35 00.31 00.31 00.28 00.30 00.60 00.89 00.87 00.92 00.92 00.99 01.00
-9999.0 -9999.0 -9999.0 -9999.0 -9999.0 -9999.0 -9999.0 -9999.0 -9999.0 -9999.0 -9999.0 -9999.0 -9999.0 -9999.0 -9999.0 -9999.0 -9999.0 -9999.00 00.62 00.90 -9999.0 -9999.0 -9999.0 -9999.0 00.57 00.43 00.89 00.40 01.07 00.82 00.45 00.44 00.55 00.46 00.26 00.82 01.07 00.89 00.79 00.70 00.58 00.48 00.39 00.39 00.37 00.33 00.76 00.82 01.02 01.03 00.75 00.69 00.83 00.86 00.73 00.32 00.28 00.33 00.25 00.27 00.29 00.23 00.25 00.26 00.34 00.52 00.68 00.76
-9999.0 -9999.0 -9999.0 -9999.0 -9999.0 -9999.0 -9999.0 -9999.0 -9999.0 -9999.0 -9999.0 -9999.0 -9999.0 -9999.0 -9999.0 -9999.0 -9999.0 -9999.0 00.30 00.81 -9999.0 -9999.0 -9999.0 -9999.0 00.56 00.40 00.80 00.56 00.67 00.44 00.33 00.42 00.56 00.49 00.35 00.64 01.01 00.86 00.66 00.50 00.43 00.37 00.08 00.08 00.10 00.50 00.41 00.60 00.96 00.71 00.58 00.78 00.75 00.67 00.47 00.38 00.22 00.40 00.17 00.21 00.24 00.26 00.25 00.20 00.39 00.49 00.60 00.59
-9999.0 -9999.0 -9999.0 -9999.0 -9999.0 -9999.0 -9999.0 -9999.0 -9999.0 -9999.0 -9999.0 -9999.0 -9999.0 -9999.0 -9999.0 -9999.0 -9999.0 -9999.0 -9999.00 00.73 -9999.0 -9999.0 -9999.0 -9999.0 00.56 00.33 00.64 00.49 00.70 00.57 00.39 00.51 00.58 00.56 00.36 00.34 00.77 00.69 00.55 00.43 00.37 00.34 00.12 00.28 00.59 00.57 00.56 00.30 00.69 00.34 00.56 00.78 00.86 00.66 00.45 00.23 00.52 00.48 00.20 00.17 00.19 00.28 00.32 00.24 00.23 00.36 00.46 00.47
-9999.0 -9999.0 -9999.0 -9999.0 -9999.0 -9999.0 -9999.0 -9999.0 -9999.0 -9999.0 -9999.0 -9999.0 -9999.0 -9999.0 -9999.0 -9999.0 -9999.0 -9999.0 -9999.0 00.66 -9999.0 -9999.0 -9999.0 -9999.0 00.56 00.38 00.30 00.63 00.65 00.64 00.45 00.72 00.66 00.47 00.38 00.37 00.52 00.54 00.45 00.17 00.06 00.07 00.62 00.65 00.63 00.62 00.54 00.38 00.53 00.39 00.65 00.67 00.81 00.66 00.40 00.31 00.37 00.30 00.25 00.19 00.31 00.30 00.35 00.36 00.25 00.29 00.39 00.43
-9999.0 -9999.0 -9999.0 -9999.0 -9999.0 -9999.0 -9999.0 -9999.0 -9999.0 -9999.0 -9999.0 -9999.0 -9999.0 -9999.0 -9999.0 -9999.0 -9999.0 -9999.0 -9999.0 00.58 -9999.0 -9999.0 -9999.0 -9999.0 00.55 00.39 00.36 00.35 00.55 00.54 00.50 00.67 00.55 00.32 00.28 00.32 00.42 00.51 00.43 00.20 00.20 00.07 00.67 00.67 00.64 00.59 00.53 00.48 00.47 00.54 00.64 00.64 00.58 00.50 00.51 00.53 00.33 00.28 00.26 00.27 00.38 00.38 00.38 00.41 00.31 00.27 00.33 00.35
