examples/cougarCreek-fire/createInputs/WindNinja/wrfout_d3.2015081212.f23/cougarCreekFire_08-13-2015_1100_217m_non_neutral_stability_ang.asc
ncols	146
nrows	140
xllcorner	610065.000000
yllcorner	5095217.000000
cellsize	216.586807
NODATA_value	-9999.000000
[rows 42 to 83 of 140, columns 0 to 94 of 146]
318 342 342 327 318 304 339 344 347 351 349 342 336 333 334 336 343 2 19 16 3 347 333 328 352 3 358 350 340 318 293 283 299 289 281 288 300 311 315 317 320 332 337 336 326 324 334 343 350 18 356 355 5 4 0 25 30 2 3 355 27 350 335 261 258 158 92 89 117 78 60 43 79 128 138 237 359 34 68 72 149 228 230 56 59 59 58 344 46 68 55 242 226 205 178
312 312 352 303 303 310 342 338 344 348 339 330 322 323 327 337 346 358 4 0 346 331 327 336 353 351 343 340 339 313 296 283 285 298 297 290 290 297 306 310 310 313 317 312 301 310 323 333 335 343 346 342 348 351 350 347 339 331 293 250 230 97 88 78 78 72 105 117 35 115 38 43 45 44 44 131 145 190 11 66 66 252 254 56 67 67 63 61 60 63 58 309 228 193 173
310 311 308 326 320 327 336 337 339 331 324 315 318 328 329 341 341 350 355 348 338 329 337 349 350 339 333 337 340 313 303 292 288 286 286 291 286 286 291 295 296 291 280 284 297 313 323 337 342 346 343 338 334 332 321 295 269 44 47 39 56 79 84 42 43 48 66 81 87 85 83 82 75 66 60 56 50 49 229 31 66 57 276 325 67 71 69 64 60 59 63 61 339 146 333
336 328 324 324 320 327 328 332 327 315 293 312 332 335 333 339 342 360 2 352 339 335 339 346 344 327 319 340 330 310 301 296 295 287 280 280 283 298 299 288 270 306 323 332 335 317 325 340 343 347 339 331 327 316 351 72 43 51 58 85 101 69 76 83 80 74 229 210 95 187 235 214 217 242 250 225 62 241 319 293 47 58 321 303 69 72 72 69 63 58 63 72 73 92 339
294 297 299 319 320 322 320 321 313 290 309 326 347 337 334 337 353 16 3 352 337 331 330 333 337 325 320 341 329 314 303 299 297 290 282 277 283 290 290 294 289 287 311 351 8 328 337 340 328 340 36 30 25 33 50 64 65 54 70 84 89 88 88 89 87 231 85 84 264 94 95 92 86 285 289 329 70 294 306 320 322 49 28 346 71 73 72 69 65 62 351 68 73 84 97
288 291 295 321 321 316 297 311 307 306 316 334 344 345 351 1 317 329 355 343 331 321 322 331 345 345 337 341 330 316 309 300 289 292 281 272 282 295 292 289 298 294 317 351 331 355 351 329 30 43 51 52 60 72 81 88 77 77 84 92 120 117 95 31 77 86 282 318 80 75 75 319 291 291 315 327 68 68 57 322 308 47 53 55 83 86 79 75 71 67 64 66 79 18 97
284 286 298 314 300 296 284 310 308 311 324 328 341 357 340 314 323 329 348 338 325 317 326 347 358 7 359 349 344 326 315 308 288 296 282 272 282 302 298 310 310 317 339 350 319 314 285 34 56 63 70 80 100 109 100 90 79 68 63 67 77 78 72 64 54 53 58 60 346 330 296 276 300 300 288 308 331 65 298 298 319 320 57 71 88 103 99 90 85 81 75 73 22 89 14
285 287 290 290 292 305 311 315 309 316 319 327 340 337 313 333 336 338 336 336 324 322 337 351 353 4 357 353 352 317 322 304 297 295 286 275 278 300 299 309 295 314 2 21 25 321 33 55 65 72 77 79 85 99 93 67 37 29 43 47 55 61 62 51 334 329 327 316 288 284 279 302 291 286 289 288 290 282 57 24 320 316 57 68 76 91 107 111 105 98 91 83 80 18 19
286 286 285 289 311 310 306 313 313 318 324 323 329 331 325 325 325 327 333 338 328 326 335 338 344 354 355 353 335 319 324 305 298 296 287 268 263 289 293 299 301 304 333 21 63 63 65 77 75 73 69 64 63 61 49 32 14 14 17 21 42 47 52 49 34 36 44 51 62 70 73 73 73 261 273 242 83 77 73 268 67 61 59 65 73 78 91 105 110 108 104 98 91 88 87
283 282 289 313 315 315 317 319 317 326 314 303 325 322 299 319 321 325 334 339 332 331 332 331 347 4 16 5 333 319 326 308 295 295 285 259 265 285 289 292 290 294 316 347 32 53 84 87 84 72 64 58 52 49 38 11 5 17 9 12 15 18 43 42 38 46 343 60 300 1 44 335 324 351 345 92 93 92 93 319 83 76 66 66 307 72 77 83 91 101 108 111 108 100 94
281 282 296 320 317 319 319 319 322 328 325 321 317 313 310 313 322 328 332 333 333 337 335 325 0 23 14 347 326 325 323 308 295 294 280 259 276 286 285 288 285 285 303 335 350 20 37 73 77 72 64 57 48 41 27 359 357 2 11 14 14 344 16 37 39 45 49 51 14 22 65 74 73 69 66 66 69 70 73 79 290 83 82 77 70 164 335 74 79 86 92 101 107 106 100
285 296 318 325 323 323 322 319 326 325 318 294 309 308 310 315 323 333 329 328 328 335 332 338 11 10 352 339 325 316 319 319 296 291 265 257 269 271 271 276 278 274 285 326 344 347 351 6 20 40 56 55 49 38 26 5 11 16 13 17 19 18 24 26 26 26 47 18 16 14 22 28 24 15 4 355 319 313 320 71 80 85 6 283 173 70 69 72 72 74 76 84 94 98 100
288 300 322 320 322 321 329 321 325 321 292 287 309 315 315 317 325 332 328 326 325 329 332 342 355 351 339 331 323 313 322 330 302 291 266 258 281 281 272 274 276 266 258 289 327 334 340 342 348 357 28 36 43 40 32 23 27 31 28 28 27 26 29 25 20 21 26 21 10 358 328 336 10 61 10 2 8 62 7 351 328 317 258 79 79 187 73 205 71 74 78 23 85 93 98
282 297 319 315 303 323 329 317 316 313 285 280 316 317 312 308 319 320 315 316 317 321 328 338 341 334 331 335 329 316 321 322 304 290 273 259 293 282 277 274 272 269 250 229 311 350 319 318 335 356 5 25 33 37 33 34 41 42 36 33 28 10 354 358 43 45 328 350 284 48 46 48 274 357 58 57 10 336 188 60 163 232 78 82 86 87 87 83 80 79 79 81 82 83 90
276 291 315 311 310 343 324 311 292 298 278 308 280 316 305 304 310 310 305 306 309 312 323 337 337 335 343 338 326 313 315 321 300 288 272 259 301 285 276 271 270 268 260 228 225 274 4 6 4 310 352 15 17 30 28 20 25 20 13 6 24 66 49 48 46 49 124 56 53 53 56 0 299 187 58 60 65 68 65 67 245 75 78 84 90 335 95 95 94 92 88 183 82 153 237
281 289 320 325 339 326 293 298 289 291 305 309 296 304 298 291 296 294 292 300 310 311 322 336 337 341 349 330 318 312 320 325 298 280 265 253 302 283 267 281 278 274 268 254 238 222 184 46 32 40 44 311 22 14 18 342 329 62 62 71 66 63 50 51 53 58 64 66 66 70 74 77 183 69 69 74 80 80 81 190 192 170 168 180 86 87 90 91 92 95 96 87 209 190 84
288 289 337 302 291 289 306 281 270 304 255 286 288 286 248 253 265 277 280 287 318 320 338 338 338 347 343 324 313 317 323 312 304 285 267 252 293 277 243 284 277 272 270 265 252 228 213 193 143 79 73 46 349 356 301 99 81 64 48 51 60 71 86 83 87 82 68 73 77 80 80 138 85 85 87 93 98 98 186 191 101 97 161 156 155 156 84 87 339 92 94 93 93 92 88
289 295 322 300 299 313 272 276 300 275 248 280 236 236 244 262 275 280 279 276 317 319 324 333 336 350 332 319 314 324 308 307 312 295 280 251 277 284 276 273 276 274 266 269 264 259 254 249 213 159 108 81 65 64 69 67 59 59 64 65 65 65 64 66 68 70 107 119 141 137 85 90 95 97 100 101 103 106 195 177 180 110 171 163 152 93 155 173 189 333 93 95 332 44 93
286 294 1 343 333 276 253 302 294 230 236 232 238 249 267 279 283 281 273 272 312 315 320 327 350 343 326 318 318 320 305 313 309 296 286 268 253 284 287 285 276 277 273 272 275 268 267 233 228 205 270 138 93 84 80 77 75 77 80 78 75 73 74 79 83 99 109 83 86 91 93 97 101 101 102 104 186 190 112 114 114 185 183 187 195 188 209 189 203 255 8 357 96 46 8
284 321 357 328 315 255 235 314 222 220 232 246 270 279 285 287 286 280 273 272 307 308 320 326 350 340 328 321 317 315 312 312 308 297 290 280 254 280 290 286 281 278 275 269 269 271 275 280 231 286 285 290 301 335 96 93 91 90 90 89 85 81 82 87 92 95 94 94 98 101 101 103 105 104 162 169 108 108 109 111 113 113 112 111 109 108 68 72 257 243 232 339 94 20 98
324 360 7 323 315 305 302 180 215 229 250 279 287 291 291 289 285 280 275 298 308 304 311 327 346 344 330 320 314 310 307 310 293 298 288 285 280 280 289 285 282 278 279 275 269 270 267 266 269 268 269 281 335 102 109 108 103 98 97 97 97 93 92 94 96 97 99 103 108 109 109 109 110 110 163 110 111 111 110 110 110 110 110 109 63 58 32 355 268 253 246 233 242 226 360
33 30 328 284 1 225 200 214 237 276 290 292 292 293 293 288 282 278 274 302 303 304 308 327 345 349 339 314 305 306 307 295 293 295 282 288 288 285 288 286 282 278 282 283 275 273 272 272 272 266 273 301 330 104 119 119 112 105 101 100 102 103 100 100 101 101 102 105 109 112 112 112 114 116 167 116 116 116 114 110 108 108 110 58 131 206 219 247 236 249 242 218 185 161 187
33 43 33 233 230 225 231 258 292 299 302 301 298 297 294 286 278 279 284 301 297 309 309 327 342 355 351 309 299 302 297 307 298 295 284 288 291 284 285 284 282 276 272 286 283 277 282 280 247 279 265 276 304 337 124 127 120 113 107 104 104 105 105 102 102 104 103 104 108 112 112 112 115 117 119 118 118 117 216 219 229 42 54 55 53 49 21 337 309 266 247 239 210 209 243
2 49 43 260 291 292 297 303 304 304 304 304 300 294 288 280 271 278 311 295 277 312 307 323 344 6 18 278 296 293 294 299 295 291 286 288 288 285 288 283 280 275 269 280 284 284 287 285 255 243 277 258 287 353 123 128 124 120 114 109 107 107 107 106 104 105 107 107 107 111 112 111 113 118 122 122 120 119 121 120 117 114 182 190 199 222 238 251 256 247 257 195 151 178 153
51 50 50 320 313 315 314 310 306 304 303 301 294 285 278 272 275 283 307 298 298 288 294 310 338 6 300 278 277 279 288 289 291 288 284 286 284 286 286 265 275 273 263 268 278 282 287 287 300 230 242 280 321 94 123 127 127 126 122 115 112 110 109 109 108 106 109 112 112 112 113 115 119 119 125 177 130 128 129 132 131 126 121 175 166 118 116 114 184 208 152 97 145 171 263
52 41 17 333 321 319 317 313 309 305 309 297 289 281 275 270 273 287 314 304 302 266 276 304 326 348 292 281 297 297 289 287 287 285 284 283 279 280 283 258 274 270 252 250 259 272 276 279 269 248 231 280 321 335 128 127 131 136 135 128 119 115 113 113 112 107 108 115 118 116 133 130 117 119 123 128 134 133 132 135 135 174 195 218 170 165 192 185 203 163 104 208 351 105 104
38 29 346 329 320 318 325 314 310 304 299 293 287 281 275 268 271 315 308 307 307 293 292 296 304 256 266 277 294 294 287 276 286 287 283 280 283 282 280 253 266 249 246 245 243 238 246 261 253 276 256 248 264 233 291 105 131 138 142 140 131 122 117 96 116 111 109 116 123 124 122 121 151 121 151 124 130 131 173 203 192 129 127 172 187 219 225 214 121 112 115 181 183 225 228
35 23 353 319 314 313 312 309 306 301 295 290 284 279 284 268 274 323 305 301 307 296 291 290 298 237 261 271 294 292 283 281 277 284 286 279 278 276 282 249 247 243 256 238 230 221 237 252 246 246 244 241 243 234 159 233 95 134 140 145 144 132 122 119 119 116 113 116 123 128 128 126 149 127 127 171 133 169 133 133 133 132 133 132 127 121 119 125 127 125 120 114 112 174 109
40 27 323 310 306 306 306 303 300 308 292 287 281 276 274 271 279 325 306 299 302 304 295 291 285 239 261 268 289 286 274 274 274 277 283 273 273 279 278 244 241 242 240 233 223 215 253 244 238 216 206 233 237 189 194 169 183 98 139 143 150 146 132 124 121 119 116 108 120 126 129 129 138 137 151 160 173 161 135 171 137 136 137 140 138 132 128 132 142 145 135 125 125 126 124
8 346 318 321 303 301 301 314 310 306 303 299 292 283 274 274 287 329 305 301 295 304 288 276 245 250 262 279 286 276 273 277 271 276 276 275 274 276 275 237 247 271 236 259 223 214 205 241 243 237 211 197 217 210 235 198 178 192 150 146 149 151 145 134 127 124 121 119 119 124 128 130 145 158 164 157 147 156 157 169 137 135 169 139 141 139 135 136 144 150 150 145 143 143 141
354 334 317 325 304 302 300 315 310 305 304 301 280 278 275 271 293 329 308 302 304 295 281 290 248 260 268 284 281 274 277 276 269 281 266 273 277 285 278 238 248 277 233 231 225 212 240 202 215 206 205 196 219 176 203 225 177 150 182 157 152 151 151 143 135 130 128 125 123 124 124 126 155 167 168 134 132 136 134 145 159 173 152 130 134 135 132 130 133 142 153 158 218 160 157
330 322 333 325 306 304 302 318 310 308 305 303 280 279 272 259 296 330 313 304 308 296 275 288 250 262 290 288 261 275 282 274 267 273 247 266 271 272 282 239 250 281 231 232 244 214 203 245 239 240 204 202 220 173 199 188 185 152 150 155 154 151 151 146 139 135 133 131 129 128 146 149 154 160 167 161 125 132 120 124 154 180 161 121 123 127 125 120 118 124 142 157 165 168 220
341 337 330 326 306 305 321 318 312 310 308 305 297 273 265 253 293 13 298 306 308 264 293 304 261 264 287 268 264 279 280 272 276 246 248 266 270 267 269 236 237 271 277 230 227 217 205 234 249 222 235 228 220 184 180 213 186 157 151 139 150 153 154 149 141 137 135 131 132 117 120 124 126 135 155 153 127 129 124 136 137 179 199 253 122 129 130 240 249 122 128 144 161 163 228
328 334 347 325 323 323 324 319 316 316 308 280 297 271 263 254 297 274 279 309 308 269 293 277 268 301 292 288 290 285 277 275 264 246 269 273 263 271 257 236 232 272 271 223 225 248 210 198 247 213 241 231 219 192 184 189 226 216 185 222 150 153 155 152 145 139 137 135 143 119 106 107 114 123 128 138 137 122 129 125 120 198 192 192 237 134 137 245 226 247 128 130 150 161 231
332 343 331 324 323 326 329 323 322 294 288 284 280 294 265 252 338 349 307 307 313 274 275 265 310 310 299 293 287 284 277 279 255 253 271 251 270 265 258 236 236 266 277 229 221 222 242 216 238 231 238 234 232 194 195 191 220 226 192 186 137 152 152 153 150 142 139 142 135 142 107 102 104 115 106 109 141 124 114 179 250 200 134 128 226 138 206 269 235 136 136 263 134 152 158
331 341 330 326 327 335 336 327 341 301 298 292 287 294 268 254 357 338 316 319 307 279 272 300 307 311 301 299 294 283 276 283 257 275 273 249 268 272 255 236 258 265 263 225 216 219 247 206 232 230 229 235 222 195 198 196 224 196 164 156 222 153 152 152 153 149 140 141 151 153 127 102 96 103 96 135 116 108 138 133 200 176 221 218 254 140 210 214 234 222 141 136 250 135 155
341 343 332 328 333 339 342 330 334 305 301 296 289 296 272 261 5 335 331 316 273 267 281 271 267 317 308 302 298 284 258 278 279 277 278 230 267 272 232 229 261 266 253 226 218 213 223 245 233 241 228 242 240 191 195 200 225 227 201 185 186 127 151 150 152 157 145 148 140 139 135 151 107 102 91 135 134 136 138 215 53 137 250 260 274 136 142 241 257 265 248 143 139 248 318
338 345 334 330 334 353 341 330 341 303 320 290 315 279 273 291 295 268 321 266 269 272 303 270 265 323 311 300 301 292 277 275 283 276 279 250 224 273 225 231 252 265 263 229 211 236 215 213 245 238 238 244 254 186 194 192 179 228 186 192 158 196 123 120 152 155 149 144 142 141 139 135 132 138 84 87 137 142 143 134 357 125 64 334 288 126 133 130 132 137 140 268 246 231 264
345 345 336 330 338 345 333 343 340 329 294 340 284 281 275 337 272 273 272 273 275 311 272 266 259 327 317 288 298 302 286 282 287 274 273 249 245 267 224 239 266 250 261 263 222 214 209 202 204 200 251 230 264 190 198 194 180 170 167 174 163 155 148 248 152 156 152 147 143 142 141 139 136 131 155 52 137 143 136 142 279 18 128 52 286 318 126 124 127 134 318 317 274 251 160
345 344 337 316 347 348 341 332 336 337 300 294 288 285 283 346 277 275 276 278 311 296 270 262 254 325 322 265 293 299 292 286 282 282 274 268 267 229 229 262 267 231 259 257 261 235 203 201 206 202 191 233 291 194 200 192 183 174 175 176 169 161 154 148 124 154 153 150 147 144 143 162 140 134 129 128 133 138 142 145 139 310 124 131 36 263 304 347 34 136 297 303 315 256 158
347 346 339 332 356 346 345 312 330 327 304 300 292 289 288 345 281 279 278 322 312 272 266 256 248 334 268 253 297 291 297 268 285 283 282 261 273 221 233 267 252 235 230 251 247 255 200 199 206 236 211 182 185 198 198 187 183 178 174 174 216 169 162 153 148 150 153 184 151 162 146 145 114 141 135 132 355 134 51 140 140 131 350 130 134 52 286 213 295 27 334 285 334 318 282
349 348 341 341 349 346 343 312 332 330 306 301 296 295 330 289 288 285 280 324 309 268 262 252 302 347 272 274 298 275 290 269 289 288 274 277 229 222 260 263 233 262 261 255 255 251 218 200 206 232 244 245 193 198 191 181 179 186 181 173 174 200 171 163 152 194 152 138 153 151 149 147 99 126 169 138 192 46 24 140 138 133 260 12 71 74 60 315 200 276 313 290 298 322 326
