examples/cougarCreek-fire/createInputs/WindNinja/wrfout_d3.2015081212.f23/cougarCreekFire_08-13-2015_1100_217m_non_neutral_stability_ang.asc
ncols	146
nrows	140
xllcorner	610065.000000
yllcorner	5095217.000000
cellsize	216.586807
NODATA_value	-9999.000000
[rows 0 to 41 of 140, columns 0 to 94 of 146]
87 37 60 90 109 61 34 32 32 35 37 35 36 37 56 22 57 42 0 357 355 353 348 347 345 340 333 329 331 333 328 321 321 327 331 333 335 337 337 335 333 332 331 329 330 333 335 333 330 317 327 293 322 311 322 323 310 271 299 301 304 282 295 296 293 274 278 283 290 295 299 289 271 265 269 267 234 219 220 220 224 231 238 245 251 257 260 260 264 272 280 289 302 288 288
87 37 60 90 109 61 34 32 32 35 37 35 36 37 56 22 57 42 0 357 355 353 348 347 345 340 333 329 331 333 328 321 321 327 331 333 335 337 337 335 333 332 331 329 330 333 335 333 330 317 327 293 322 311 322 323 310 271 299 301 304 282 295 296 293 274 278 283 290 295 299 289 271 265 269 267 234 219 220 220 224 231 238 245 251 257 260 260 264 272 280 289 302 288 288
125 83 77 132 141 108 70 25 81 103 115 134 31 65 125 120 125 54 38 0 358 355 349 346 343 341 262 278 319 318 314 261 328 329 329 330 310 309 324 299 304 297 292 291 298 320 304 297 299 294 290 281 287 312 320 319 305 271 302 293 276 254 261 261 265 250 283 285 264 290 287 279 233 267 268 247 238 221 224 224 229 235 239 244 247 248 249 251 255 257 262 273 288 269 261
160 101 81 131 138 116 106 85 79 48 102 120 39 27 152 125 124 97 78 27 1 356 358 345 338 327 272 281 320 316 276 285 318 312 315 321 314 304 301 295 298 296 298 296 297 297 290 293 284 283 286 292 294 307 319 315 300 250 255 251 253 248 248 254 254 236 289 250 270 276 261 229 266 267 264 239 233 222 232 233 238 240 241 242 242 239 238 239 239 236 237 247 259 271 275
38 110 78 116 131 111 72 85 13 14 84 96 27 20 16 154 126 80 78 61 13 355 350 304 338 332 322 253 276 283 292 299 312 310 304 310 309 299 303 303 300 300 297 296 301 298 291 291 289 293 292 293 291 305 300 293 253 266 238 298 264 247 248 260 240 287 247 279 267 261 229 261 262 262 241 253 203 216 234 240 243 243 242 241 239 237 236 234 231 227 230 236 241 248 255
139 99 73 104 124 124 113 104 93 76 67 78 37 20 10 10 134 62 53 19 14 354 349 23 288 332 319 266 282 290 297 290 306 304 301 306 302 296 292 296 292 296 295 295 296 295 299 298 295 297 296 291 293 304 279 250 232 266 302 240 258 252 259 250 281 245 263 268 258 223 259 229 233 253 241 219 240 223 240 244 247 245 242 241 238 236 235 233 229 227 230 232 234 235 233
139 103 75 68 107 115 106 47 88 91 73 65 78 17 12 357 148 72 14 15 13 8 359 343 286 331 278 294 292 295 302 294 301 303 302 305 297 289 293 290 291 285 288 290 290 306 299 298 333 318 314 308 284 273 253 252 248 239 252 253 252 266 265 229 257 262 262 254 230 256 235 252 249 244 235 232 215 236 247 250 250 247 243 242 239 237 235 233 229 230 231 231 231 230 226
128 122 114 104 101 119 114 90 77 4 73 65 71 22 6 357 78 72 76 10 11 4 354 340 295 326 321 281 295 320 299 298 303 299 296 299 287 282 279 282 282 282 280 285 290 297 304 325 318 312 283 273 271 263 255 259 250 253 254 257 262 262 239 287 248 260 258 247 227 239 251 242 256 233 235 217 225 243 253 256 253 248 243 243 240 238 236 233 231 231 231 231 230 229 227
134 120 116 104 92 106 113 107 95 86 86 0 4 77 8 4 3 99 68 6 2 356 342 332 285 321 317 281 291 295 296 297 295 292 287 289 278 272 268 270 274 286 281 276 321 291 291 299 278 276 267 273 281 271 273 258 244 256 264 268 255 239 233 238 256 258 256 244 241 257 244 239 222 246 232 236 233 249 257 258 254 248 244 243 241 239 237 234 234 233 232 232 232 232 231
140 125 112 100 83 88 88 95 93 82 81 79 67 68 87 5 3 358 113 3 352 348 344 328 318 278 316 285 281 292 298 292 289 287 284 282 273 265 272 274 275 282 280 300 289 329 287 273 282 275 276 286 278 262 241 238 242 250 256 241 223 292 246 256 255 248 245 239 244 249 236 239 244 231 232 218 240 254 258 254 249 245 244 244 243 241 238 237 237 237 235 235 236 235 234
10 152 141 111 97 79 68 75 75 72 76 73 66 61 11 12 8 357 136 73 351 43 341 327 314 280 318 289 285 296 298 290 291 286 280 275 265 264 270 265 274 276 320 287 291 334 279 279 275 287 308 276 242 219 218 231 236 238 232 218 246 239 258 259 245 244 249 245 246 248 234 229 230 229 221 221 244 254 253 245 240 239 241 243 244 242 241 241 242 242 241 240 240 238 236
352 160 168 142 122 93 63 59 66 72 70 69 69 67 66 81 16 6 111 109 345 67 333 324 310 295 314 280 281 294 294 285 283 275 270 269 266 265 259 257 258 311 277 329 333 336 269 265 277 283 268 245 215 206 223 239 235 234 227 236 233 254 260 252 249 263 245 232 225 220 246 234 237 224 218 228 246 251 245 236 231 234 239 242 243 243 243 244 245 247 249 249 246 240 236
106 59 65 68 111 81 65 44 43 63 58 57 60 85 15 22 19 144 101 123 92 118 157 319 304 302 307 284 286 314 293 285 275 298 266 266 265 262 256 283 257 314 330 280 340 275 247 269 271 259 241 226 204 206 236 244 239 240 236 222 262 266 262 259 251 249 241 229 220 218 222 230 218 217 222 235 246 245 236 228 245 230 236 239 241 243 245 248 249 250 255 262 261 245 239
324 329 9 56 71 64 62 355 339 347 39 55 63 77 21 27 23 165 142 130 118 118 191 215 300 298 274 275 289 313 295 280 272 265 268 271 265 256 283 285 273 321 336 342 282 240 237 261 260 236 223 214 209 212 243 248 252 258 253 261 274 253 245 264 263 263 254 249 246 230 233 227 222 214 221 237 244 239 227 219 216 225 233 236 239 242 246 249 251 253 258 268 281 279 250
331 11 13 45 51 59 74 72 45 339 347 44 53 59 79 18 16 6 166 161 174 179 220 221 305 298 274 282 287 312 287 272 261 266 269 273 262 253 288 290 298 317 333 276 240 229 242 270 264 240 211 212 215 219 237 236 248 258 255 261 269 267 265 260 248 230 224 221 216 264 211 248 220 243 223 236 240 235 219 215 216 220 228 232 235 240 246 250 253 255 261 270 287 327 284
48 54 61 63 60 68 85 81 77 48 3 46 61 50 41 47 9 4 140 141 210 225 261 265 261 273 274 279 287 312 278 257 261 292 268 265 260 283 289 294 278 307 325 261 232 241 268 270 255 220 197 220 232 233 229 236 255 253 243 247 252 249 235 229 221 220 230 218 221 233 252 196 220 227 230 232 234 229 258 216 218 217 224 229 233 239 246 249 252 256 262 269 283 333 1
54 56 60 77 67 47 60 65 73 79 57 52 63 60 32 355 1 32 51 63 301 244 268 323 255 263 269 286 309 289 268 261 271 261 269 260 281 279 287 262 300 303 314 351 246 258 264 253 230 208 203 238 249 242 231 259 262 242 242 244 247 232 224 227 219 234 238 218 242 264 266 179 228 244 240 228 230 226 217 214 211 213 220 227 234 241 247 249 250 253 259 264 273 318 333
72 65 61 72 72 56 46 59 70 75 63 40 29 11 33 343 350 347 33 335 6 346 289 313 252 260 269 287 307 281 263 268 269 269 272 263 278 278 285 263 303 304 309 249 247 252 251 238 220 218 239 261 257 233 240 262 251 229 244 235 230 229 232 237 238 258 264 263 268 271 268 237 232 248 258 266 239 228 219 209 261 207 216 226 237 246 250 250 249 251 255 260 265 284 267
104 93 87 80 108 98 69 64 70 78 69 39 22 39 71 83 69 55 52 24 4 27 304 255 250 257 276 292 288 276 269 275 274 298 270 259 277 277 262 259 264 259 320 9 242 235 239 231 215 227 251 258 240 210 236 243 222 222 234 219 217 236 248 248 254 268 281 241 276 267 240 224 228 227 235 255 266 233 221 209 198 200 212 227 241 249 252 251 249 251 256 260 262 257 74
126 115 99 77 91 92 62 40 44 49 54 32 42 48 74 82 96 73 71 54 357 290 307 218 250 261 297 290 279 274 277 277 285 274 286 281 280 277 261 260 258 259 342 46 238 231 232 233 241 253 247 230 202 219 236 219 215 219 219 218 221 238 239 237 252 259 256 261 263 249 234 241 244 253 262 269 271 255 256 271 194 196 209 228 242 249 252 251 251 255 260 261 257 245 140
355 132 101 53 72 70 57 44 45 50 48 38 59 44 37 40 36 59 67 69 5 191 343 285 263 251 289 280 275 276 277 280 296 274 285 281 284 280 279 264 290 309 27 90 240 236 238 242 257 250 239 220 210 242 214 195 215 221 224 219 222 233 227 226 243 252 258 260 262 264 264 261 253 232 254 270 271 260 257 262 279 188 203 226 241 248 251 252 253 257 262 260 249 232 231
342 13 19 35 32 41 29 33 38 41 51 48 32 46 25 18 24 38 23 32 40 149 126 181 224 243 263 267 274 278 272 283 299 271 289 282 262 283 256 289 295 312 105 115 236 227 235 246 245 209 223 211 226 214 193 202 230 235 233 213 223 231 225 232 249 253 257 264 272 267 241 242 259 292 277 264 250 260 281 290 124 166 196 224 243 251 254 255 257 261 262 257 242 223 194
17 17 22 19 23 34 28 42 39 43 45 35 20 360 46 24 21 26 22 61 80 102 114 159 215 243 263 268 274 278 274 281 285 247 290 281 280 283 261 298 314 354 122 123 232 227 237 240 216 201 206 186 186 178 193 223 219 225 221 212 231 232 237 253 257 249 242 244 241 223 215 249 271 147 278 259 247 259 266 269 283 114 187 228 248 256 259 260 265 268 266 257 244 224 204
17 12 19 339 23 31 41 45 46 43 31 31 30 29 30 50 51 52 51 63 98 113 131 134 244 242 273 265 270 266 260 271 282 256 268 281 281 285 261 303 330 45 122 235 230 240 236 222 198 201 174 176 180 177 201 216 204 204 215 232 248 243 235 227 227 232 229 230 222 213 241 269 263 253 259 256 270 289 298 264 244 251 83 246 257 260 263 268 274 276 273 266 258 234 206
334 11 333 338 31 36 36 36 39 27 21 31 28 25 37 47 47 43 45 46 62 100 142 126 185 224 251 262 255 255 266 279 287 272 257 282 283 277 274 307 333 257 249 249 240 221 214 218 208 205 164 169 183 197 218 231 236 243 245 240 239 240 221 231 233 232 224 230 227 239 256 256 251 258 269 260 265 280 87 104 306 284 69 296 268 266 268 274 281 284 281 276 275 248 182
332 18 30 38 51 53 33 33 32 21 18 17 24 30 43 45 46 43 46 51 54 94 129 128 151 217 253 271 237 256 281 296 290 273 253 278 285 270 288 314 323 253 252 246 239 244 243 236 211 199 156 167 189 209 229 247 256 257 244 244 237 231 220 247 249 233 232 244 259 268 273 270 269 275 284 288 290 283 293 90 100 89 73 351 281 272 270 275 283 293 296 288 290 309 325
317 345 339 36 31 28 29 19 24 18 18 24 23 31 29 33 41 46 55 61 67 96 117 122 146 203 241 271 244 266 288 297 290 262 248 273 271 279 291 284 259 236 235 229 224 228 224 212 200 148 156 168 186 210 224 225 223 240 246 243 238 230 228 240 242 248 251 256 270 281 282 289 293 290 295 46 31 76 292 297 74 75 65 9 294 277 270 270 277 293 308 304 315 317 328
7 41 41 36 23 27 36 31 21 18 29 38 18 23 23 35 39 47 59 65 72 97 110 108 126 175 211 241 244 265 293 287 281 274 274 278 287 293 290 274 250 226 219 222 223 217 207 211 213 144 156 165 177 197 222 228 233 235 237 240 239 248 257 269 275 220 270 262 257 250 253 263 279 297 313 310 311 298 303 288 287 292 54 16 304 277 267 265 268 277 294 281 280 279 287
81 77 72 52 38 36 35 56 63 39 24 42 2 30 24 35 42 49 61 65 69 92 113 102 93 156 179 216 230 247 274 272 277 284 288 290 298 296 280 267 251 227 220 231 243 245 243 238 202 133 152 172 175 192 228 239 241 242 258 272 273 273 280 285 288 289 286 278 270 260 260 267 273 281 287 285 281 284 287 274 269 286 51 33 318 280 269 265 263 262 265 278 241 242 249
96 93 87 73 60 48 46 40 73 53 39 27 25 18 38 39 51 59 70 72 74 95 114 119 100 113 155 213 228 250 253 264 279 289 293 298 302 287 276 274 256 245 254 259 244 232 238 215 114 129 155 181 181 195 231 239 265 273 279 282 277 275 283 290 285 282 278 276 275 277 274 259 251 251 255 249 248 258 256 255 265 280 295 41 356 303 278 268 262 259 255 251 235 263 246
57 104 116 120 104 79 50 40 34 27 17 26 33 8 30 41 50 59 69 78 88 101 108 123 126 128 153 202 225 254 242 266 289 294 300 311 300 273 286 286 280 283 292 279 237 218 210 106 122 137 157 183 202 220 254 263 262 271 280 263 268 278 293 283 277 263 254 251 251 244 233 46 41 242 257 257 250 238 224 236 254 292 314 41 15 338 292 273 266 262 257 247 220 234 212
19 38 110 94 99 86 79 61 32 34 26 18 30 35 34 32 36 47 51 62 81 107 124 135 132 132 142 193 233 255 243 253 286 303 307 309 279 266 293 293 297 306 311 310 302 262 213 106 123 140 158 190 224 237 239 239 244 253 267 261 275 286 298 280 273 270 271 271 271 268 269 285 296 297 294 299 305 294 272 265 56 280 57 47 33 351 299 277 268 264 260 251 222 229 219
15 7 293 134 110 120 111 77 47 21 41 45 55 38 33 31 25 30 37 44 57 78 101 124 137 142 153 184 227 252 269 264 266 301 311 295 283 284 295 286 303 320 322 327 333 348 358 83 99 126 155 188 211 213 209 215 220 233 260 262 267 274 281 288 293 304 307 311 317 326 322 315 317 295 272 281 297 340 59 57 56 58 58 60 64 8 286 276 267 261 257 252 232 133 257
5 0 340 306 184 169 125 91 50 42 53 29 14 19 36 32 23 21 23 26 38 53 62 74 96 130 146 168 224 252 272 285 277 295 314 305 306 311 318 319 320 325 326 340 346 7 5 58 65 86 123 168 199 204 204 211 223 242 264 279 287 283 289 297 298 295 296 298 300 295 282 16 23 29 36 285 300 316 346 49 52 340 55 59 64 36 287 275 267 260 257 255 249 106 292
336 341 27 335 324 4 13 13 18 19 18 10 24 26 20 38 38 49 57 44 31 34 43 62 60 71 96 144 228 261 272 288 290 288 305 307 312 322 326 329 331 336 340 348 343 355 1 43 46 53 62 75 187 223 223 228 239 259 283 300 305 303 286 281 283 285 282 280 21 21 15 20 32 287 316 320 318 309 310 326 347 329 49 317 56 39 311 279 268 262 259 258 256 91 263
51 49 43 45 334 327 13 13 8 4 359 1 9 16 26 22 32 44 49 56 31 25 23 43 44 34 37 37 250 271 275 286 299 289 292 298 299 301 295 293 298 316 330 337 346 342 343 350 5 37 37 34 24 354 322 289 282 292 300 295 291 284 290 287 6 11 27 40 62 82 48 36 281 49 308 312 311 313 317 318 319 41 359 351 52 44 356 289 271 264 261 258 250 121 262
67 60 51 33 332 330 328 356 355 354 355 359 2 7 12 18 20 17 12 9 6 6 4 7 28 37 26 354 308 288 279 274 290 295 289 285 283 311 311 313 317 327 339 322 338 331 331 340 348 23 23 24 21 15 3 350 343 341 336 330 325 319 315 296 296 31 67 94 112 262 172 155 72 49 45 44 42 42 332 40 37 340 354 358 51 50 37 300 271 264 261 256 246 175 283
70 66 41 3 352 339 341 348 347 344 349 358 357 354 351 355 354 345 336 332 339 348 351 358 6 27 31 357 317 294 285 280 285 296 295 291 289 290 292 303 356 314 340 332 336 20 17 339 331 347 355 18 15 8 9 3 1 3 3 0 6 6 10 13 17 30 49 63 74 86 129 158 277 128 86 63 52 47 44 40 39 335 348 314 352 54 60 337 260 255 255 251 240 207 246
358 331 351 341 340 335 323 322 346 343 356 351 347 342 342 345 341 338 338 343 344 343 350 357 4 19 21 356 323 292 286 293 290 298 311 314 323 341 10 349 339 333 14 14 14 16 17 17 323 338 337 350 346 359 1 359 358 358 7 7 6 5 3 1 15 6 37 46 49 49 51 64 86 115 121 120 113 79 57 47 44 41 40 41 43 26 62 58 239 242 246 243 232 201 138
331 6 347 335 332 334 313 344 344 352 353 349 348 344 347 348 344 345 349 348 343 346 352 359 359 13 18 349 339 304 286 295 302 294 307 316 323 344 6 40 37 3 35 40 8 348 342 338 333 329 329 332 332 329 330 345 348 349 353 359 5 6 3 359 359 3 7 17 22 24 26 52 55 59 72 98 116 127 125 76 50 42 39 39 45 333 57 63 71 235 240 236 225 199 159
319 349 340 333 308 307 311 346 349 349 356 350 348 344 347 345 342 342 347 351 353 1 351 348 354 5 8 1 354 325 295 294 304 293 290 294 305 323 334 17 31 32 35 57 53 42 33 28 26 348 344 343 333 327 5 0 310 302 357 305 318 347 357 356 356 353 355 7 12 15 19 24 27 51 54 65 75 92 128 157 138 48 39 39 49 351 39 62 68 160 237 234 223 201 170
304 311 328 326 301 303 310 346 347 353 354 348 340 335 338 339 339 346 1 17 15 2 344 331 348 7 5 360 352 326 299 292 292 283 278 286 306 319 320 319 346 351 349 355 355 4 28 27 3 3 357 360 15 353 344 341 341 339 9 11 339 352 351 346 344 343 340 328 323 326 330 346 11 15 20 26 62 69 80 125 193 203 44 46 50 53 351 49 70 78 232 234 224 204 175
