examples/cougarCreek-fire/createInputs/WindNinja/wrfout_d3.2015081212.f23/cougarCreekFire_08-13-2015_1100_217m_non_neutral_stability_ang.asc
ncols	146
nrows	140
xllcorner	610065.000000
yllcorner	5095217.000000
cellsize	216.586807
NODATA_value	-9999.000000
[rows 84 to 125 of 140, columns 0 to 94 of 146]
352 348 345 351 347 348 317 314 338 334 308 303 322 303 303 297 293 288 327 315 271 265 257 252 250 350 316 298 292 271 301 272 283 290 284 271 227 232 263 220 225 222 249 262 250 257 238 200 204 216 254 195 198 195 188 182 178 176 175 174 173 183 175 191 162 153 145 138 156 153 150 146 181 98 163 206 215 303 327 146 337 136 130 234 1 66 63 55 43 311 277 260 147 274 312
351 350 349 349 347 347 349 340 344 315 310 305 304 328 349 302 344 346 331 313 269 261 253 247 291 348 318 298 296 267 294 283 285 289 285 247 239 240 216 224 227 220 208 225 239 252 218 190 203 203 244 212 196 192 188 184 183 178 178 176 173 179 173 174 263 253 174 147 144 170 177 148 190 166 299 217 232 273 233 230 259 349 17 141 148 26 29 333 17 24 315 291 293 263 237
346 352 351 348 349 350 351 347 347 317 311 306 305 342 354 351 342 337 284 277 268 257 248 241 322 285 317 297 294 285 292 235 281 261 289 249 267 258 220 225 225 215 203 211 235 251 247 200 202 203 234 240 254 191 188 185 182 180 179 177 174 172 172 169 211 295 174 158 143 142 161 243 226 203 249 295 302 347 200 147 142 220 295 352 138 352 15 136 136 259 300 253 145 162 208
348 353 354 351 349 349 325 324 322 319 313 308 309 342 347 353 346 321 286 279 270 256 243 287 326 336 311 295 298 296 262 245 282 231 282 267 280 260 225 224 224 213 202 206 205 252 230 200 195 204 223 246 213 191 188 187 184 182 181 184 195 183 173 169 191 155 154 162 151 136 117 165 194 150 150 233 227 269 295 206 206 141 215 280 156 127 61 67 137 126 119 114 108 102 312
351 354 350 350 353 351 348 351 325 322 315 311 313 327 348 353 346 293 286 277 266 254 241 326 348 350 224 248 299 285 261 269 288 231 263 271 278 276 217 221 220 213 204 208 201 231 229 215 197 200 209 240 194 247 189 189 199 192 182 189 188 186 187 171 197 249 184 178 176 153 116 143 245 261 152 145 142 143 146 215 214 216 219 268 112 272 310 135 139 130 117 105 77 33 2
357 355 354 351 354 348 349 352 325 322 316 330 315 315 350 357 347 289 284 273 262 251 240 347 56 242 245 251 297 287 244 281 287 231 223 288 274 270 215 215 213 258 205 219 199 241 247 208 191 193 200 229 194 190 195 190 194 192 182 189 204 185 187 198 211 209 235 209 236 261 206 31 92 185 202 239 220 194 142 203 216 215 142 134 227 130 122 129 130 133 122 75 29 17 8
360 358 355 354 355 354 354 351 324 322 317 335 318 321 348 299 347 287 280 271 259 246 328 9 246 247 248 300 291 295 294 292 292 263 218 262 244 253 212 211 210 213 204 226 206 234 248 184 203 201 193 216 196 191 191 189 187 192 183 181 204 227 177 195 195 210 242 239 246 260 293 354 163 170 163 211 201 193 234 147 148 144 138 133 123 118 121 122 117 121 87 4 11 19 12
2 358 352 353 353 353 355 352 324 322 318 316 320 323 315 356 341 288 278 269 257 245 347 17 247 248 321 316 311 284 295 296 281 275 248 269 229 249 209 199 208 229 202 241 219 241 196 204 203 202 203 201 231 219 208 195 187 194 193 182 199 194 216 198 212 170 233 197 210 217 221 290 165 173 34 192 212 193 207 244 246 233 238 139 129 129 124 120 117 88 350 347 11 12 8
358 7 349 350 354 349 356 351 349 318 313 336 319 344 311 350 295 331 280 270 260 319 8 255 251 249 314 324 308 300 296 286 289 287 266 265 228 219 199 211 213 242 204 203 201 204 194 191 202 202 203 200 231 193 192 227 197 199 194 183 190 210 198 203 244 175 173 270 215 219 219 288 165 173 204 209 274 263 260 237 244 257 304 289 293 280 279 290 96 20 354 351 354 348 358
1 335 333 333 347 342 357 323 351 313 359 341 316 349 344 346 352 333 285 276 269 324 358 25 251 250 320 326 322 296 285 266 290 289 258 207 213 212 214 214 211 207 207 206 202 195 194 202 202 202 202 212 227 194 193 190 207 225 201 189 188 194 207 215 219 228 224 194 260 217 216 303 168 172 189 265 247 213 153 159 160 159 155 287 316 312 313 120 325 343 304 345 327 331 335
337 335 334 336 348 344 359 326 323 318 309 353 349 344 345 346 349 346 283 280 273 318 358 14 249 252 329 317 301 316 306 278 299 233 217 216 214 212 214 216 211 206 206 205 202 202 203 202 202 201 200 211 223 197 195 191 215 188 211 204 191 215 236 181 180 219 257 244 268 226 226 290 171 180 269 107 150 266 248 156 161 159 146 132 142 290 292 314 325 338 306 1 359 308 318
4 333 343 338 348 344 335 10 326 360 357 354 352 341 344 343 349 354 287 282 265 340 360 252 254 257 327 300 232 340 225 295 255 208 218 215 213 211 213 215 211 206 205 203 203 203 203 202 202 202 201 199 199 199 196 193 191 190 189 188 221 208 220 185 181 174 171 226 236 239 230 243 263 270 343 22 157 156 155 247 168 173 281 292 291 322 301 311 308 323 5 318 348 348 343
334 333 350 345 347 350 336 10 5 4 347 352 354 342 343 341 356 2 295 292 276 16 261 262 265 262 326 307 341 105 247 266 182 221 217 215 213 211 213 216 212 207 204 202 203 204 203 202 202 203 203 202 200 199 197 195 193 191 190 188 220 209 188 187 215 178 173 170 170 236 237 247 224 268 312 359 161 163 163 254 162 172 179 105 312 322 319 320 328 324 303 318 310 351 351
336 337 348 350 345 3 10 335 7 9 330 0 357 348 322 342 354 351 298 327 299 289 279 273 268 328 245 345 324 238 271 227 225 221 218 216 213 212 214 215 211 207 204 203 203 204 203 203 203 204 204 203 201 199 198 197 195 193 191 190 190 191 190 188 185 181 176 171 168 165 164 164 162 252 241 325 3 172 178 306 177 194 309 2 296 352 350 345 316 336 3 355 358 351 352
332 339 345 353 352 341 6 337 336 331 5 10 353 342 325 323 351 341 338 7 304 302 297 287 340 324 330 249 352 352 287 224 223 221 218 215 212 209 210 213 212 208 204 202 203 203 204 204 204 205 205 203 201 200 200 199 196 194 194 194 194 193 191 188 186 182 177 173 169 211 165 166 163 261 271 297 332 189 197 331 295 293 296 302 345 312 335 330 329 328 333 358 351 348 360
329 349 345 353 15 339 352 338 336 6 14 331 352 333 330 329 341 339 345 320 317 25 298 288 265 341 343 341 338 1 355 67 222 221 218 213 210 207 209 214 217 211 203 202 203 204 204 205 206 208 207 204 202 202 202 200 198 197 197 198 197 194 190 188 186 182 178 175 172 170 170 170 246 246 258 278 307 330 231 244 312 261 303 312 318 310 317 322 314 340 331 352 343 341 358
338 2 340 2 346 356 352 7 356 336 336 331 348 333 333 335 345 335 348 319 318 309 292 358 12 1 345 336 330 11 225 226 225 222 218 212 208 208 213 222 225 211 200 201 204 205 205 205 206 209 208 204 203 205 204 202 200 200 201 201 199 194 191 207 185 182 179 176 175 175 175 174 172 173 174 266 287 297 263 260 319 311 298 298 310 307 320 310 324 330 321 344 338 336 350
343 340 338 21 342 356 9 339 337 3 331 4 347 350 339 335 346 334 345 357 305 299 288 280 276 270 355 336 331 37 234 231 227 222 217 212 209 210 218 232 229 208 197 200 203 204 204 204 206 209 209 206 205 207 206 204 202 203 205 204 200 195 191 188 187 183 180 178 178 177 176 177 241 245 244 250 273 288 306 320 308 300 294 289 283 328 283 293 339 307 343 315 325 332 349
343 346 347 337 341 2 338 1 343 13 333 2 2 355 352 353 332 329 341 340 309 27 54 293 290 278 8 350 3 246 242 234 226 221 217 213 211 213 222 233 225 207 199 199 201 203 203 204 206 209 210 208 207 209 209 206 205 206 208 207 202 196 192 190 189 185 217 216 218 222 225 229 232 244 261 275 283 286 295 308 297 294 296 299 308 325 314 313 307 290 294 285 352 344 306
342 346 349 345 18 335 351 357 1 346 340 12 330 346 9 4 332 333 340 338 29 322 79 5 17 21 9 356 2 247 16 6 222 220 217 213 210 212 218 222 216 207 201 200 201 202 203 205 207 209 210 209 210 211 210 208 207 210 212 210 205 198 213 194 192 216 218 218 226 232 236 238 237 249 267 282 291 296 305 317 310 305 300 302 320 333 340 329 334 353 324 313 305 310 325
342 344 346 347 337 12 333 342 17 343 342 338 359 351 336 349 340 335 342 354 351 71 61 307 4 23 12 356 18 13 356 4 223 220 216 211 208 210 213 214 211 205 202 201 202 202 204 207 209 210 211 211 213 214 213 211 212 215 217 214 208 201 198 198 195 220 220 226 195 196 250 256 263 266 270 276 291 298 303 314 308 305 307 303 311 329 328 354 325 346 350 335 5 339 324
351 347 344 343 343 330 3 337 347 12 338 341 340 14 339 339 343 335 345 353 28 339 329 9 9 310 14 300 17 12 240 235 228 221 214 208 206 210 214 213 209 204 201 201 202 203 204 208 212 214 213 213 215 218 219 217 217 220 221 218 212 205 203 203 229 230 236 201 208 214 221 268 272 277 277 279 285 293 293 294 306 311 313 308 310 322 327 326 317 337 343 335 338 360 12
352 351 345 342 344 340 331 333 13 340 12 336 351 10 337 344 345 337 350 337 27 32 17 332 334 26 314 319 18 272 257 246 233 218 209 204 206 213 215 211 206 202 200 201 203 204 206 210 214 216 214 212 214 219 223 222 224 226 226 223 218 210 206 207 209 210 211 216 225 235 246 263 282 286 283 280 280 282 287 299 303 308 312 304 298 298 309 316 310 310 349 332 322 354 8
357 350 345 342 342 341 339 339 334 342 11 355 6 336 355 0 348 352 354 1 41 45 334 7 341 331 10 4 304 297 276 250 224 208 205 206 118 143 170 209 202 200 201 202 204 208 210 212 216 217 216 213 215 223 228 226 226 231 232 230 225 215 210 214 222 227 251 255 261 265 271 280 288 292 290 288 291 295 304 310 309 308 313 313 305 347 305 310 314 306 332 343 322 309 320
347 341 343 340 339 338 338 340 343 9 345 12 336 4 3 2 344 345 351 346 48 348 38 20 23 25 14 19 318 11 284 220 6 201 208 94 223 228 219 205 200 202 203 204 208 160 214 215 217 219 217 215 220 232 236 231 231 237 239 237 232 224 220 229 240 252 262 271 275 278 280 298 292 295 295 298 300 303 306 309 313 312 312 319 323 322 315 313 319 321 323 326 315 306 307
341 338 346 339 338 338 336 336 343 346 351 341 11 4 8 357 347 350 357 1 37 37 9 7 17 12 12 341 330 7 190 8 197 214 74 227 79 228 212 200 201 205 206 208 139 217 217 218 220 222 221 220 225 235 239 239 242 248 250 247 243 240 243 253 264 271 267 273 280 296 292 304 297 308 311 304 302 301 303 308 311 310 309 315 326 334 331 330 338 332 324 318 321 324 329
333 337 337 343 337 338 337 335 343 350 355 341 8 343 343 354 353 20 353 359 26 14 2 6 18 14 8 20 5 12 20 117 57 72 71 76 60 218 4 202 205 208 210 113 122 142 221 223 227 228 229 230 236 243 248 252 258 263 264 263 264 269 277 283 288 296 274 276 283 289 291 287 287 293 301 303 303 302 305 307 310 313 315 317 321 334 333 332 338 339 338 339 329 335 341
326 331 338 337 334 334 337 336 342 349 351 344 345 344 3 359 358 355 352 349 347 348 354 13 22 23 14 17 12 8 31 1 69 63 62 48 243 211 205 78 83 88 92 97 101 118 226 231 238 243 247 252 260 266 270 273 277 277 275 275 280 288 295 297 299 297 297 296 295 294 293 292 295 294 296 304 307 310 310 310 316 317 315 315 319 329 332 329 333 340 343 5 340 335 341
323 327 333 334 332 330 329 333 342 351 16 351 14 3 355 5 356 354 351 351 353 358 2 20 24 28 23 7 5 25 40 50 37 354 39 9 261 222 58 61 73 81 78 84 94 231 240 250 258 265 272 280 285 287 287 286 285 284 281 282 288 297 303 304 304 308 315 320 307 306 306 311 313 310 308 307 312 312 312 314 322 326 322 325 323 327 336 338 336 338 339 1 9 341 335
325 327 330 332 331 324 325 328 333 345 354 23 10 351 355 3 350 350 351 355 1 5 7 21 33 31 22 19 18 21 27 22 21 5 350 349 353 43 44 46 49 51 64 85 107 267 275 281 285 289 293 296 297 294 292 289 289 290 291 294 301 307 310 311 311 313 316 319 322 312 313 325 317 318 316 314 316 318 320 318 323 330 325 323 324 323 329 338 338 344 342 333 347 336 321
324 327 329 330 331 330 327 326 329 335 357 350 339 355 3 1 344 346 351 1 7 9 11 25 41 32 16 17 14 15 14 21 18 8 11 10 35 42 30 28 34 48 65 314 310 307 307 305 301 301 301 301 299 295 291 290 291 296 301 305 311 316 316 311 310 311 311 311 311 311 312 311 310 315 318 319 324 326 326 324 326 331 325 322 320 322 328 334 333 338 347 339 337 348 358
324 327 329 328 329 332 335 336 335 332 336 345 8 5 355 347 347 348 355 2 359 15 21 46 45 17 15 16 17 15 8 27 35 25 13 12 35 31 347 21 33 40 39 27 13 319 318 315 308 305 303 301 299 295 292 292 293 297 303 308 314 319 320 320 312 312 315 314 312 312 312 312 313 316 320 320 322 322 319 319 323 328 329 327 328 327 332 337 336 336 337 338 337 0 358
324 326 328 326 325 329 334 339 342 343 344 342 1 10 350 352 351 352 358 4 7 18 28 42 27 6 13 13 20 11 7 28 33 28 13 37 32 18 350 22 29 28 23 10 1 357 321 319 313 307 304 302 300 297 295 296 299 300 302 307 314 320 322 318 315 314 314 315 315 316 316 317 317 319 321 322 321 319 315 313 316 320 324 325 324 326 332 337 338 342 335 333 325 323 0
323 325 324 322 321 325 330 337 342 346 346 339 332 342 348 352 352 354 1 5 6 24 39 36 360 0 14 13 14 3 7 27 39 37 32 27 355 353 13 22 20 21 19 9 358 354 354 320 314 310 305 302 301 300 298 298 302 303 305 308 315 322 323 325 322 320 317 316 317 320 321 318 319 319 319 321 320 322 321 320 320 320 321 322 324 328 336 336 337 0 356 338 331 8 325
326 324 322 319 321 325 330 336 341 345 347 346 342 337 359 352 354 358 3 5 6 25 357 19 359 1 18 14 9 4 13 34 38 32 27 16 2 8 20 21 17 16 11 359 352 319 350 347 313 311 306 302 302 302 301 301 303 306 309 312 318 322 325 326 326 325 324 319 316 319 324 321 318 317 315 316 318 320 322 322 326 331 332 328 327 333 347 340 337 357 357 344 344 334 329
327 323 322 320 320 323 329 336 337 343 342 342 343 346 345 20 355 1 20 5 9 22 26 351 359 9 14 13 12 7 19 29 29 27 19 10 7 16 24 19 14 10 2 354 348 348 347 340 333 310 306 303 304 305 305 305 306 309 320 321 321 323 325 326 326 326 326 324 317 316 323 326 323 321 318 320 322 325 329 329 325 330 334 332 331 335 350 346 339 355 359 348 5 1 347
320 321 322 322 320 321 328 335 339 340 339 337 339 346 352 356 13 20 31 14 18 356 23 15 12 12 4 13 16 2 6 8 22 24 12 8 14 17 19 17 8 6 2 357 354 350 342 335 331 328 322 304 305 306 306 306 316 317 320 324 326 325 325 327 329 328 324 326 321 317 320 327 328 327 325 322 321 323 331 332 328 327 330 329 326 324 331 335 337 352 357 346 2 1 3
322 316 320 323 320 321 329 334 336 335 340 338 340 344 349 345 17 29 21 11 19 29 24 22 13 3 4 15 16 1 3 19 22 22 8 9 19 17 18 10 4 3 4 0 355 346 337 333 331 328 323 319 317 316 315 315 316 317 318 324 328 327 327 330 328 328 326 327 328 320 320 324 324 322 322 321 323 323 329 333 329 329 332 332 326 358 359 359 343 335 355 340 360 357 358
321 312 315 323 316 317 328 331 331 336 339 341 341 343 346 354 351 34 360 10 15 17 13 7 359 4 11 23 16 4 358 21 21 18 5 11 14 10 11 5 359 6 6 358 350 340 334 333 331 329 325 322 320 317 316 317 316 316 316 322 329 328 324 329 327 328 331 331 333 326 321 319 319 321 323 324 326 325 329 332 329 331 335 337 338 337 327 1 1 318 333 331 342 355 353
319 312 311 315 317 317 326 327 326 330 335 342 341 342 343 351 2 38 20 5 12 14 10 5 359 5 19 357 358 2 1 12 11 8 6 9 8 6 4 359 0 4 360 351 344 335 331 333 334 332 329 325 322 319 319 318 318 317 316 319 328 328 322 327 332 325 327 330 330 327 325 326 328 329 327 325 325 325 327 331 331 332 334 337 342 351 347 342 333 332 336 340 347 352 351
318 313 311 312 313 319 325 327 324 326 336 345 342 341 340 347 354 6 21 356 16 16 10 5 356 0 359 355 356 1 4 4 8 8 12 10 8 7 5 4 5 4 356 347 340 334 332 336 336 334 330 326 323 322 321 320 319 318 317 318 324 322 320 323 327 319 322 328 323 323 326 332 334 334 332 330 328 328 330 329 330 335 352 343 342 352 351 354 342 338 12 0 355 351 352
317 318 316 307 314 317 322 325 325 325 334 342 343 341 341 345 355 3 354 356 352 12 9 8 4 5 355 354 359 359 2 357 11 15 19 12 8 7 8 7 5 1 352 343 337 335 334 337 335 333 329 326 326 325 324 322 319 317 315 314 316 312 309 311 314 324 330 333 313 326 322 330 335 340 341 336 332 329 328 329 331 335 347 352 340 343 350 349 342 335 331 358 351 356 353
