examples/cougarCreek-fire/createInputs/WindNinja/wrfout_d3.2015081000.f15/cougarCreekFire_08-10-2015_1500_217m_non_neutral_stability_vel.asc
ncols	146
nrows	140
xllcorner	610065.000000
yllcorner	5095217.000000
cellsize	216.586807
NODATA_value	-9999.000000
[rows 74 to 110 of 140, columns 0 to 82 of 146]
9.31 10.31 12.50 13.45 14.96 14.88 13.89 14.21 15.18 14.50 13.34 12.91 11.08 13.68 10.87 9.85 8.67 8.75 9.65 9.60 9.14 9.39 8.55 5.28 5.11 8.50 13.12 11.48 11.64 13.20 14.74 14.55 13.19 9.23 9.15 11.85 10.75 12.34 9.90 7.64 9.30 11.18 10.12 8.58 8.12 9.42 9.17 7.73 7.02 6.42 5.50 10.87 10.43 4.54 4.48 9.91 3.83 3.41 2.89 2.46 2.24 2.33 2.46 7.52 8.09 7.15 7.41 7.10 6.12 5.70 6.47 6.22 5.79 0.59 5.79 4.62 4.61 4.63 4.73 4.83 5.05 6.63 6.59
8.12 9.24 11.06 13.32 14.02 13.10 12.34 13.78 14.40 13.01 10.92 11.55 13.21 13.64 10.32 9.36 8.14 8.53 9.39 11.72 8.78 8.83 8.05 6.40 7.05 9.84 12.37 11.61 12.52 12.18 14.10 13.42 10.31 8.70 10.17 12.25 10.21 10.77 9.73 8.12 9.03 11.30 10.44 7.74 7.20 9.59 6.70 12.41 5.65 6.24 5.33 4.93 9.82 4.52 4.42 7.25 9.27 3.45 2.99 2.47 2.14 2.05 2.17 2.90 7.88 4.22 6.55 3.56 3.43 6.59 0.34 0.33 6.43 4.30 0.38 4.37 4.40 4.46 4.59 4.74 4.90 6.65 6.35
7.86 8.49 9.73 12.61 12.93 12.21 11.39 12.22 13.13 9.85 9.70 10.29 10.23 13.62 9.97 8.86 7.92 8.47 9.59 8.72 8.52 8.35 8.00 7.67 8.36 10.67 10.55 11.19 11.85 11.19 12.50 12.26 9.40 9.07 12.50 10.66 9.68 9.72 8.10 8.24 8.89 10.77 10.08 8.20 6.46 6.41 12.16 5.95 5.50 6.10 5.18 4.88 4.63 4.48 4.37 5.29 9.25 3.48 3.05 2.58 2.18 2.02 2.07 2.04 5.60 7.14 6.86 6.42 3.52 5.85 6.03 3.83 3.35 5.51 4.15 5.80 4.36 4.38 4.40 4.86 5.94 6.36 4.36
7.82 8.19 8.95 11.97 11.75 10.51 10.26 11.69 10.70 8.96 9.76 9.19 9.92 9.60 9.52 8.37 7.81 8.26 8.48 8.39 8.24 8.16 8.33 8.55 10.33 9.50 9.61 10.38 10.68 9.68 10.58 12.12 8.81 10.18 11.62 10.16 7.74 9.28 7.62 8.18 8.19 8.66 8.09 7.12 5.91 5.74 6.41 5.95 5.38 5.91 5.06 4.82 4.59 4.41 4.29 5.11 9.08 3.47 3.14 2.69 7.44 2.11 2.05 1.98 3.19 7.06 6.66 6.61 6.82 4.63 5.73 5.05 5.54 5.82 0.41 0.50 0.53 5.58 4.05 4.62 4.90 4.98 6.85
7.67 7.92 8.41 11.51 10.73 8.82 10.27 12.28 10.13 9.36 9.73 12.53 9.20 9.07 8.90 7.90 7.60 7.99 8.14 8.03 8.07 8.26 8.66 11.01 12.16 9.38 9.47 9.68 9.74 8.51 8.82 12.23 10.37 11.36 9.96 7.99 7.43 8.02 7.21 6.45 8.78 8.45 7.46 6.88 5.78 5.64 6.10 8.99 5.34 5.96 5.65 4.75 4.48 4.31 4.23 4.07 9.02 8.40 8.12 2.86 2.40 2.14 2.02 1.93 1.89 6.77 6.89 6.74 6.05 0.88 0.74 0.63 5.83 5.85 0.59 0.60 5.45 3.88 6.18 4.95 4.69 4.60 5.14
7.55 7.73 8.04 10.90 10.55 8.31 9.91 10.83 10.00 9.60 9.87 11.77 11.64 8.65 8.26 7.46 7.44 7.78 7.80 7.80 8.12 8.42 10.29 8.42 7.68 8.99 8.76 8.56 9.30 8.30 8.42 12.03 11.18 10.33 9.66 7.62 7.13 7.72 5.80 6.54 8.29 8.15 7.51 6.61 5.77 5.79 5.52 5.53 9.94 5.12 5.71 4.70 4.34 4.15 4.18 3.05 3.66 8.43 7.04 3.07 2.62 2.24 2.01 1.82 1.85 2.63 6.54 6.32 6.21 1.07 0.95 0.79 0.69 4.38 4.07 3.51 0.77 0.89 6.42 6.60 4.90 4.30 4.60
7.27 7.43 7.71 10.97 10.02 7.85 8.16 10.03 9.91 9.64 9.88 10.07 8.83 8.39 7.70 7.19 7.41 7.56 7.55 7.84 8.23 8.41 10.91 7.92 11.78 8.99 8.08 7.55 9.11 8.47 8.36 10.75 10.48 8.45 9.43 7.19 6.79 7.29 5.32 8.20 7.56 7.14 7.55 6.73 6.14 5.67 4.76 4.18 5.83 5.21 4.79 4.63 4.21 4.04 4.16 4.13 3.58 8.89 2.99 3.14 2.76 2.44 2.11 7.14 1.80 1.90 6.92 6.60 6.14 5.15 4.80 4.57 0.94 0.84 4.45 4.60 0.91 1.02 4.20 5.67 5.46 5.08 1.09
7.04 7.18 7.38 10.48 7.39 7.61 7.85 9.13 10.19 10.34 10.00 8.62 8.73 8.03 7.29 7.09 7.29 7.34 7.55 7.90 8.09 11.14 7.89 7.43 10.02 8.38 6.80 7.30 8.63 10.97 7.56 8.42 8.37 9.20 8.89 8.80 7.92 7.08 5.86 6.25 5.97 5.89 6.72 7.15 6.80 5.41 4.24 4.80 4.35 5.32 4.74 4.51 4.08 4.03 4.10 5.10 9.05 3.24 2.12 3.64 2.89 2.61 2.26 1.92 3.58 1.89 2.36 6.97 6.70 4.96 6.89 6.11 4.63 1.08 1.00 0.96 1.02 1.12 3.89 5.18 5.72 1.08 1.18
6.73 6.87 7.04 10.18 7.11 7.32 7.50 8.77 10.47 11.48 9.89 7.47 8.84 7.58 7.00 6.99 7.10 7.26 7.53 7.63 9.02 12.23 7.33 7.02 9.42 8.71 6.54 7.13 10.06 10.80 7.33 7.22 8.13 9.99 8.27 8.31 7.21 5.02 6.28 5.89 5.67 5.61 5.95 6.82 7.01 5.83 4.37 4.54 3.31 6.18 4.80 4.40 4.07 4.09 5.04 4.45 3.61 8.64 3.03 2.10 7.00 2.82 2.46 2.14 1.87 1.82 1.96 6.26 6.69 6.09 4.83 4.57 3.43 5.06 1.24 5.45 4.25 1.23 1.27 4.75 5.29 1.21 1.26
6.47 6.60 6.70 6.73 6.88 7.03 7.15 8.32 10.00 11.21 8.57 7.38 10.60 7.13 9.50 6.85 7.00 7.17 7.23 9.01 9.87 10.03 6.92 6.71 9.44 6.28 6.45 6.80 9.38 8.81 7.18 7.04 8.20 7.79 7.43 7.42 6.35 5.84 6.74 5.56 5.47 6.39 5.26 6.31 4.93 4.75 4.41 2.90 3.76 5.12 6.06 4.36 4.17 3.89 8.20 4.30 3.57 3.95 3.84 1.95 2.64 6.63 7.90 2.48 2.09 1.89 1.97 3.04 6.58 6.20 6.31 6.38 3.18 3.22 4.81 5.18 5.04 5.64 5.78 5.65 6.39 1.42 1.42
6.22 6.33 6.44 6.52 6.66 6.74 6.85 8.21 9.87 9.35 6.91 7.28 11.69 6.84 6.69 6.83 6.19 6.94 6.94 9.48 9.78 6.84 6.58 6.43 6.18 6.35 6.22 6.28 7.33 8.70 8.41 8.60 6.18 5.95 8.09 5.61 5.11 5.57 6.16 5.31 5.38 5.22 4.93 4.81 4.76 4.64 4.33 4.29 3.37 4.72 5.48 4.29 3.26 5.33 5.12 3.53 3.43 3.39 3.40 3.10 2.51 3.60 3.25 4.05 8.14 7.50 2.91 2.43 5.37 6.00 6.92 5.31 5.69 3.03 4.39 6.08 6.96 6.23 5.42 1.58 1.54 1.59 1.59
5.97 6.06 6.16 6.27 6.40 6.48 6.59 8.43 9.10 7.65 6.80 7.49 10.86 9.72 6.65 6.71 6.69 7.76 9.12 10.29 9.62 6.44 6.23 6.08 5.86 6.18 5.95 6.25 6.87 6.11 9.47 7.89 5.81 5.58 7.35 5.66 5.46 5.60 4.98 5.12 5.31 5.00 4.54 4.52 4.57 4.47 4.24 4.15 4.36 4.53 4.39 4.19 4.13 3.91 3.69 3.57 3.39 3.28 3.22 3.10 2.99 3.48 2.84 2.78 6.68 6.54 5.58 2.25 2.55 5.44 5.94 5.60 5.41 5.95 5.71 6.12 6.23 6.29 1.76 1.72 1.69 1.70 1.75
5.70 5.76 5.86 6.00 6.11 6.18 6.27 6.32 8.34 6.38 6.59 10.90 6.62 8.99 6.48 6.42 8.03 8.64 10.28 9.11 6.24 6.04 5.84 9.99 5.60 5.80 5.70 6.22 6.46 9.46 9.18 4.86 8.63 5.30 7.50 5.36 6.58 6.14 4.73 4.94 6.56 4.73 4.24 4.25 4.39 4.30 4.15 4.06 4.14 4.31 4.30 4.15 3.97 3.78 3.69 3.60 3.41 3.25 3.20 3.11 2.98 2.87 2.82 2.80 6.17 6.06 5.40 3.08 2.85 2.92 2.84 6.25 6.78 6.22 5.99 1.98 5.74 1.95 1.97 1.90 1.86 6.78 1.92
5.42 5.47 5.59 5.74 5.82 5.91 6.02 6.08 6.11 6.17 6.37 10.23 6.38 9.41 8.32 7.50 7.65 9.28 9.97 9.02 5.88 5.66 5.51 5.43 7.51 6.07 5.39 6.08 5.48 8.06 5.33 4.94 5.31 5.07 4.91 4.87 4.79 4.61 4.67 5.17 4.75 4.47 4.08 4.03 4.19 4.14 4.01 3.97 3.98 4.12 4.18 4.10 3.83 3.64 3.60 3.57 3.43 3.27 3.20 3.12 3.01 2.90 2.83 2.78 3.91 5.66 5.08 3.33 3.18 2.43 2.49 5.33 6.19 5.89 6.62 5.82 6.03 5.94 5.67 7.13 2.06 6.88 2.07
5.10 5.20 5.36 5.48 5.55 5.65 8.02 5.79 5.88 5.98 6.13 9.90 6.07 9.55 8.15 7.27 7.51 10.51 9.64 5.68 5.48 5.32 5.24 5.14 6.64 5.07 5.13 5.24 5.24 5.15 5.18 6.18 8.59 4.80 4.62 6.72 4.49 4.34 5.65 4.38 4.36 4.23 3.98 3.87 3.98 3.96 3.86 3.83 3.86 3.96 4.05 4.01 8.10 3.55 3.51 3.49 3.40 3.27 3.20 3.12 3.02 2.94 2.87 2.79 5.66 5.64 3.70 5.21 5.18 5.06 2.57 4.79 5.83 6.63 2.30 2.23 2.21 2.22 2.20 6.40 2.23 2.23 2.23
4.81 4.92 5.05 5.14 5.23 5.31 7.90 5.49 5.59 5.67 5.80 10.21 5.80 5.68 8.36 6.92 7.41 8.71 8.54 5.31 5.14 5.05 4.95 7.45 4.84 4.87 4.98 5.06 5.00 4.92 4.93 6.02 8.06 4.54 4.37 4.29 4.21 4.08 5.74 4.08 4.01 3.98 3.85 3.74 3.79 3.77 3.69 3.66 3.70 3.81 3.89 3.87 7.85 7.42 3.45 3.42 3.34 3.25 3.18 3.13 3.03 2.94 2.91 5.69 4.14 6.25 5.96 5.47 5.76 5.75 5.27 4.56 4.36 5.11 5.78 6.30 6.27 2.40 2.35 2.33 2.38 2.41 2.26
4.54 4.64 4.75 4.84 4.95 5.04 5.14 5.23 5.30 5.38 5.55 8.95 5.59 5.42 8.55 6.71 7.71 9.89 9.72 4.98 4.89 4.80 4.72 4.67 4.64 4.71 4.83 4.81 6.62 6.29 5.93 7.36 7.66 4.32 4.17 4.02 3.95 3.87 3.83 3.80 3.74 3.76 3.68 3.59 3.61 3.58 3.52 3.52 3.54 3.63 3.69 3.70 3.56 7.37 3.36 3.33 3.27 3.21 3.14 3.12 3.07 5.95 2.90 5.44 5.41 5.80 6.36 6.07 6.52 6.58 6.36 4.87 2.64 2.71 4.72 6.05 5.84 6.21 6.64 2.51 2.53 2.52 2.55
4.26 4.37 4.50 4.59 4.70 4.81 4.89 4.97 5.05 5.14 6.50 9.29 5.21 10.18 8.64 7.21 8.31 4.89 4.80 4.72 4.62 4.53 7.59 4.47 4.46 4.57 5.90 6.52 6.21 6.05 7.59 8.05 8.06 4.09 3.91 3.75 3.70 3.63 3.56 3.55 3.54 3.53 3.49 3.41 5.53 3.41 3.37 3.39 3.40 3.46 3.51 3.54 3.43 7.58 3.21 3.21 3.16 3.11 3.06 3.06 3.04 6.05 5.87 6.17 5.36 2.89 5.89 6.42 6.26 7.12 2.73 6.19 2.66 2.73 2.69 4.98 6.13 2.65 6.19 6.87 7.10 6.15 7.21
4.01 4.12 4.25 4.36 4.46 4.53 4.59 4.68 4.76 4.86 6.83 8.97 8.96 8.66 8.41 7.81 8.03 9.34 4.55 4.49 4.39 4.32 6.39 4.28 4.29 4.40 7.58 6.32 5.68 6.10 8.47 4.10 3.98 3.81 3.61 3.49 6.08 3.34 3.70 2.50 3.34 3.27 1.44 3.26 3.22 3.23 3.23 3.25 3.28 3.33 3.38 3.40 3.35 7.91 7.80 3.14 3.10 3.02 3.00 3.01 3.00 2.97 6.32 6.65 5.71 2.90 2.94 5.82 6.79 6.96 2.89 6.10 2.80 2.84 4.94 6.15 6.38 6.50 6.72 6.96 6.89 6.50 2.79
3.77 3.91 4.07 4.20 4.25 4.32 4.36 4.43 4.50 4.60 4.69 8.29 4.68 8.41 4.65 8.12 7.48 8.06 4.44 4.38 4.31 4.27 6.46 4.22 4.20 5.36 6.71 6.31 6.27 7.60 7.91 3.95 3.77 3.60 3.45 4.72 3.29 3.15 3.13 3.24 3.18 3.05 3.08 3.10 2.99 2.98 3.02 3.02 3.05 3.10 3.13 3.14 3.13 7.60 7.63 6.97 2.97 6.69 2.83 2.84 2.85 2.85 6.61 7.05 6.50 2.78 2.83 5.36 6.23 6.73 6.44 5.58 2.80 2.81 5.38 5.93 6.35 2.73 7.51 7.62 2.81 2.82 7.39
3.60 3.74 3.87 8.15 4.07 4.16 4.21 4.28 4.35 4.45 4.54 4.60 8.02 4.57 4.53 4.47 7.66 7.72 4.33 4.27 4.24 4.20 4.16 5.99 4.07 5.07 6.40 7.95 8.46 7.38 7.57 7.66 7.47 5.94 4.75 3.26 3.16 3.01 3.02 3.13 2.99 2.85 2.86 2.85 2.76 2.75 2.78 2.78 2.81 2.86 2.89 2.87 2.88 2.82 7.57 7.08 7.20 7.32 6.57 2.72 2.73 2.72 6.38 6.47 2.67 6.85 5.70 2.82 5.78 6.22 6.74 5.71 2.80 2.77 5.01 4.87 4.75 6.12 6.88 7.01 7.60 7.36 2.90
3.40 3.54 3.71 3.75 3.93 4.00 4.06 4.12 4.24 4.34 4.42 4.49 4.46 8.55 4.34 8.32 7.73 7.22 8.66 4.14 4.09 4.05 4.01 3.95 3.99 4.11 7.43 8.16 3.88 3.84 3.80 7.78 6.37 4.63 3.27 3.15 3.05 2.92 2.94 3.12 2.77 2.65 2.63 2.56 2.52 2.53 2.55 2.53 2.55 2.61 2.63 2.60 2.62 2.59 7.22 5.85 6.43 7.09 7.26 6.58 2.62 2.58 6.64 6.47 2.58 6.85 6.58 6.61 6.25 6.28 6.35 6.33 4.64 5.00 4.99 2.69 2.74 2.79 6.42 7.52 7.38 6.80 2.98
3.16 3.28 3.49 3.62 3.76 3.72 3.88 3.98 4.10 4.19 4.25 4.32 4.29 8.19 8.41 8.33 7.47 6.81 8.58 4.02 3.94 6.61 3.86 3.89 4.03 5.86 8.06 8.11 7.35 5.10 3.80 6.52 3.53 3.39 3.24 3.13 3.00 2.86 2.57 2.76 2.57 2.46 2.40 2.31 2.28 2.30 2.31 2.29 2.29 2.34 2.36 2.34 2.34 2.32 2.29 2.31 2.33 2.32 2.34 2.39 6.76 6.29 6.68 6.53 6.90 6.64 2.57 6.57 6.76 6.32 6.33 6.30 6.37 6.14 5.52 4.60 2.67 2.71 4.95 2.79 7.70 7.52 7.26
3.02 3.10 3.19 3.43 3.37 3.59 3.69 3.77 3.89 3.97 4.07 4.15 4.15 7.85 4.07 4.06 7.41 7.42 8.56 3.90 3.87 3.87 3.89 3.99 4.05 7.99 8.20 7.45 3.85 3.83 3.78 3.67 3.53 3.38 3.26 3.14 2.98 2.84 2.74 2.60 2.41 2.29 2.20 2.10 2.07 2.08 2.07 2.04 2.04 2.07 2.09 2.08 2.06 2.05 2.06 2.09 2.12 2.15 2.18 2.22 2.24 6.71 6.29 6.42 6.76 2.42 2.47 2.51 2.58 2.65 2.66 2.66 2.66 6.23 6.30 4.99 2.61 2.66 2.69 6.14 2.79 7.45 2.93
2.97 3.06 3.21 3.27 3.38 3.32 3.52 3.64 3.67 3.82 3.92 3.99 4.00 7.95 3.96 3.97 7.53 7.92 8.34 3.85 3.87 3.94 4.01 4.04 3.96 8.35 7.97 3.85 3.87 3.82 3.77 5.79 3.50 3.36 5.03 4.58 4.40 3.73 3.75 4.33 2.25 2.12 2.04 1.95 1.90 1.86 1.84 1.81 1.78 1.79 1.81 1.80 1.78 1.79 1.80 1.82 1.87 1.95 2.01 2.06 2.07 2.08 2.12 2.15 6.51 2.26 2.35 2.41 2.49 2.55 2.56 2.59 2.61 6.58 6.48 6.11 4.90 2.61 2.67 4.96 2.82 2.84 2.92
2.76 2.70 2.82 3.10 3.10 3.18 3.45 3.48 3.55 3.68 3.74 3.82 3.88 3.88 3.87 3.86 3.87 3.83 3.82 3.81 3.87 3.92 3.94 3.88 7.86 7.85 3.83 3.85 7.66 7.15 3.75 3.65 3.50 5.16 4.94 4.70 4.48 5.05 4.38 2.88 2.09 2.00 1.94 1.85 1.76 1.69 1.64 1.59 1.54 1.55 1.55 1.51 1.50 1.53 1.54 1.54 1.59 1.69 1.79 1.86 1.91 1.96 1.99 2.00 2.03 2.11 2.21 2.31 2.40 2.46 6.64 6.41 6.43 2.60 6.74 6.49 5.75 2.57 2.59 2.64 6.04 6.56 2.84
2.31 2.42 2.72 2.63 2.81 2.99 3.26 3.22 3.47 3.52 3.49 3.69 3.74 8.00 3.73 3.75 3.74 3.76 3.77 3.78 3.80 6.58 3.73 7.66 3.70 3.77 3.83 3.80 8.26 7.12 5.88 3.69 3.58 3.43 6.28 6.16 4.98 2.66 2.27 2.09 2.01 1.98 1.93 1.82 1.70 1.59 1.52 1.41 1.34 1.35 1.31 1.24 1.25 1.29 1.28 1.27 1.33 1.44 1.56 1.65 1.73 1.80 1.85 1.88 1.90 1.97 2.09 2.20 2.29 6.69 6.94 7.20 6.68 6.78 6.50 2.72 2.70 6.13 2.57 2.62 5.52 6.25 2.97
2.25 2.28 2.27 2.43 2.68 2.98 2.94 3.16 3.14 3.18 3.35 3.50 3.56 3.55 3.56 3.61 3.60 3.62 3.66 3.65 3.66 3.62 3.53 6.13 3.67 3.74 7.30 8.22 8.31 3.80 3.84 5.90 6.44 6.74 6.85 6.56 2.92 2.66 2.39 2.25 2.15 2.11 1.98 1.82 1.70 1.56 1.45 1.31 1.22 1.19 1.10 1.04 1.06 1.09 1.04 4.49 4.74 4.69 1.34 1.44 1.53 1.63 1.70 1.76 6.07 7.46 6.24 2.09 2.18 2.23 7.46 6.91 6.80 6.71 2.47 2.53 6.64 6.90 5.97 5.16 6.10 6.59 3.03
2.14 2.23 2.29 2.42 2.54 2.62 2.90 3.00 3.20 3.14 3.15 3.32 3.35 3.39 3.28 3.48 3.54 3.51 7.87 3.57 7.48 3.51 3.44 3.57 3.68 3.71 7.19 8.00 7.60 3.90 3.95 3.83 7.03 7.02 6.96 6.38 4.20 3.30 2.45 4.90 2.35 2.25 2.04 5.63 4.75 1.54 4.84 2.78 1.17 1.11 1.03 0.95 0.93 0.91 6.06 6.20 6.98 6.50 4.80 1.24 1.34 1.44 1.53 1.61 1.69 1.75 1.86 1.96 2.06 2.14 2.17 2.24 2.34 2.44 6.78 2.69 2.71 2.72 6.60 6.09 2.88 2.95 3.04
2.15 2.33 2.28 2.38 2.43 2.49 2.57 2.64 2.91 2.85 3.01 3.15 3.10 3.13 3.15 3.33 3.41 3.44 3.53 3.43 3.41 3.45 3.53 3.64 3.71 3.72 7.42 7.88 7.25 3.96 7.28 7.48 7.20 7.01 6.38 6.95 5.91 5.38 5.56 5.96 6.22 2.25 2.12 1.98 3.92 4.09 3.50 1.32 2.33 2.27 1.06 0.98 0.89 0.79 3.86 4.52 4.67 4.51 1.02 1.07 1.14 1.25 1.36 1.46 1.56 1.66 1.77 1.86 1.93 2.05 2.10 2.15 2.27 2.38 6.83 2.66 6.71 6.63 6.36 5.81 6.23 6.60 7.00
1.77 2.10 1.98 2.11 2.19 2.28 2.58 2.50 2.63 2.74 2.89 2.93 3.13 3.22 3.07 3.30 3.31 3.40 3.27 7.33 3.41 3.50 3.57 3.66 7.53 3.74 7.52 8.02 7.28 7.47 8.17 7.83 7.32 7.25 7.22 7.69 7.19 6.33 6.14 6.02 6.04 6.96 6.00 4.16 3.45 1.83 1.67 1.51 2.67 3.14 5.19 3.01 0.97 0.87 0.79 3.79 4.05 0.91 0.95 0.95 4.62 4.76 1.23 1.34 1.43 1.53 1.68 1.78 7.36 6.24 6.98 6.92 2.24 6.96 6.91 2.64 2.70 6.61 6.44 5.97 6.25 6.52 6.65
1.61 1.69 1.75 1.85 1.96 2.03 2.16 2.33 2.48 2.62 2.75 2.85 3.05 3.02 3.04 3.16 3.21 3.29 3.13 7.37 3.45 3.46 3.57 3.68 7.42 3.77 3.86 8.24 7.54 7.73 8.34 7.58 7.53 7.55 7.39 7.94 7.30 3.17 3.06 4.68 5.20 6.44 5.66 4.15 2.17 3.37 1.89 1.75 2.85 2.68 1.39 1.31 1.22 1.09 0.94 3.76 0.86 0.90 0.91 0.89 4.35 4.62 4.69 5.36 7.08 7.15 7.22 6.17 7.37 6.58 6.70 6.70 6.62 2.30 2.44 2.57 2.67 2.75 2.88 2.88 6.69 6.51 6.59
1.51 1.59 1.68 1.78 1.88 2.00 2.08 2.12 2.18 2.33 2.49 2.80 2.96 2.84 3.03 3.04 2.93 3.21 3.08 3.15 3.20 3.31 3.50 7.67 3.75 3.79 7.65 8.33 7.73 7.78 8.12 8.02 7.99 7.76 7.80 7.86 6.36 3.33 3.22 6.37 2.97 6.34 5.83 2.51 4.44 4.31 4.06 3.32 1.84 2.82 1.65 1.63 1.59 1.48 1.27 3.20 0.95 0.93 0.89 0.87 4.48 5.18 6.82 5.89 6.05 6.14 6.30 7.14 6.54 6.64 6.96 6.92 6.90 6.66 2.43 2.55 7.26 7.15 2.83 2.90 2.94 3.07 3.14
1.39 1.45 1.54 1.76 1.79 1.91 1.99 2.02 2.07 2.20 2.43 2.67 2.71 2.72 2.92 2.99 2.83 3.12 3.00 3.09 3.16 3.23 3.43 7.28 7.18 3.80 7.86 8.10 7.41 7.72 7.66 8.65 8.49 8.01 7.93 7.15 3.59 3.51 3.40 7.67 6.52 6.52 5.34 4.97 4.84 4.73 2.31 2.18 4.23 5.12 5.30 4.46 2.49 2.07 1.65 3.35 3.15 1.00 0.94 3.76 5.16 6.49 5.39 5.13 1.24 5.68 7.09 7.21 6.21 6.49 6.66 6.65 6.91 6.92 6.62 2.54 2.62 2.76 2.86 6.73 6.79 3.10 3.19
1.32 1.30 1.35 1.63 1.84 1.97 1.93 1.89 1.97 2.02 2.23 2.41 2.50 2.68 2.76 2.87 2.71 2.82 2.93 3.26 3.14 3.29 3.42 3.65 3.76 7.16 7.77 7.67 7.70 8.30 8.28 8.83 8.63 7.94 7.33 3.82 3.74 5.50 7.71 7.39 6.97 5.64 5.33 5.20 4.83 2.68 4.79 4.85 4.73 5.76 6.14 4.59 1.56 4.94 7.09 6.12 3.33 1.16 3.20 4.19 6.31 5.45 5.19 1.14 4.49 5.73 6.22 6.40 6.54 6.64 7.24 6.71 6.93 6.87 6.91 6.94 6.88 6.93 6.84 6.72 6.60 3.13 3.24
1.04 1.27 1.21 1.32 1.65 1.82 1.74 1.73 1.81 1.84 1.93 2.03 2.39 2.56 2.64 2.78 2.55 2.66 2.78 2.93 3.23 3.35 3.56 7.56 7.27 7.79 7.81 7.53 8.18 8.49 8.53 8.66 8.41 7.55 4.05 3.93 3.81 7.35 7.76 7.70 6.59 5.87 6.08 5.61 5.07 4.89 2.82 2.69 2.56 2.45 2.30 5.06 3.05 6.02 1.76 6.48 3.06 2.75 3.60 4.32 5.95 5.22 4.25 1.18 4.17 5.67 5.98 6.55 6.56 6.92 6.70 6.99 6.91 6.66 6.46 6.84 6.94 6.81 2.88 6.88 6.81 3.19 3.30
1.11 1.01 1.19 1.20 1.51 1.66 1.53 1.63 1.69 1.75 1.83 1.90 2.34 2.45 2.52 2.72 2.44 2.87 2.66 2.82 3.00 3.17 7.10 3.74 3.85 7.62 7.78 7.75 8.34 8.39 8.37 8.37 7.28 4.23 4.14 4.04 7.07 8.23 7.77 7.05 6.57 6.59 5.99 5.81 5.54 5.46 5.15 2.95 4.09 2.74 4.09 3.69 3.25 3.86 2.07 2.03 1.54 2.97 5.10 5.54 6.62 4.74 4.58 1.19 5.27 6.04 7.13 5.98 6.50 6.65 6.68 6.73 6.50 6.48 6.42 6.86 6.78 2.75 2.88 3.01 3.11 3.22 3.32
