examples/cougarCreek-fire/createInputs/WindNinja/wrfout_d3.2015081000.f15/cougarCreekFire_08-10-2015_1500_217m_non_neutral_stability_vel.asc
ncols	146
nrows	140
xllcorner	610065.000000
yllcorner	5095217.000000
cellsize	216.586807
NODATA_value	-9999.000000
[rows 37 to 73 of 140, columns 0 to 82 of 146]
6.16 6.44 6.84 8.30 10.01 10.92 18.53 17.61 17.69 16.00 14.56 15.66 17.48 17.93 18.66 22.10 27.89 31.39 30.53 26.29 25.08 28.31 30.41 28.89 25.07 22.76 22.73 27.21 31.17 36.81 31.51 31.62 32.53 34.91 36.72 37.72 37.31 35.92 35.17 32.75 30.07 27.18 23.04 19.60 18.23 19.59 21.29 20.89 23.01 23.71 24.00 19.82 18.44 16.12 15.98 16.99 17.69 19.01 20.83 22.17 23.13 23.64 23.97 24.27 24.58 25.08 25.95 26.57 26.42 25.73 24.96 25.25 21.48 18.57 17.54 16.71 16.13 15.55 15.03 14.49 13.68 12.54 10.89
5.22 5.50 6.22 7.77 9.25 10.12 10.55 10.65 16.30 13.98 16.39 14.93 16.73 16.68 16.46 18.41 21.52 22.10 20.25 19.26 20.36 20.40 20.86 22.14 19.91 16.43 18.49 22.24 22.60 20.45 28.27 28.24 30.69 28.47 26.20 26.51 26.98 32.24 34.07 34.33 31.88 30.36 26.94 25.41 27.02 28.12 27.24 24.35 22.34 21.20 23.32 22.22 17.05 14.28 13.77 12.72 12.89 13.72 14.18 14.68 17.25 18.05 18.75 19.35 20.07 20.68 20.80 20.10 19.32 18.75 18.76 19.82 21.09 21.85 21.26 18.47 17.85 17.20 16.75 15.83 14.42 12.90 11.33
6.58 7.46 8.48 9.00 9.33 9.91 13.62 9.72 10.06 15.68 15.92 16.13 16.25 17.91 18.92 19.78 21.21 20.29 17.87 16.52 15.72 15.99 19.60 22.70 18.99 15.53 16.87 20.08 18.75 17.67 26.68 28.28 26.80 26.55 23.66 19.12 16.75 13.05 15.49 20.44 24.14 29.80 32.81 35.04 35.50 34.88 32.91 30.73 27.93 24.18 21.53 21.16 18.72 17.96 13.90 10.80 12.58 12.15 9.52 9.92 10.88 13.29 13.83 14.86 15.58 13.45 12.51 11.00 9.90 9.91 10.91 12.61 14.00 17.08 18.35 19.30 20.39 18.62 18.58 17.26 15.39 13.48 11.89
7.53 8.67 9.88 10.23 10.16 10.30 13.95 10.98 11.13 11.11 10.54 15.26 19.40 20.62 20.04 20.70 20.02 17.77 14.48 13.70 14.03 17.69 23.52 23.83 16.78 15.51 17.43 19.41 18.96 20.29 29.41 29.22 26.26 23.72 22.12 21.55 20.85 18.96 16.61 11.54 14.14 16.85 18.27 18.68 23.65 25.56 27.12 27.70 28.17 27.62 26.18 24.62 20.36 17.74 15.84 14.77 13.48 11.93 11.58 12.06 13.70 11.35 11.01 11.07 10.92 10.34 9.41 8.44 7.66 8.01 9.14 10.17 10.63 10.77 10.84 11.24 13.41 16.49 18.16 18.28 16.62 14.37 12.53
7.72 8.54 9.19 9.45 9.53 12.40 10.43 10.99 11.82 11.66 10.47 14.90 18.33 18.72 18.79 19.62 17.43 14.19 12.42 14.93 17.30 22.67 27.62 20.17 13.60 13.05 17.12 20.23 22.01 23.69 31.57 26.02 22.73 20.52 18.11 18.95 21.38 19.81 17.47 17.67 12.16 18.08 18.71 18.56 17.79 14.28 16.26 18.07 19.34 20.48 21.14 21.28 21.18 21.01 20.74 20.29 19.20 18.33 18.02 17.08 13.71 12.01 10.34 8.81 8.00 7.71 7.72 8.09 8.58 9.05 9.34 9.33 9.04 8.53 8.09 8.14 9.07 11.35 12.12 14.49 15.85 14.70 12.94
7.77 8.11 7.88 7.77 8.46 9.40 10.07 10.61 10.87 10.43 10.47 11.98 14.64 16.90 17.65 17.31 15.31 14.85 16.23 18.68 23.35 28.47 24.58 14.57 12.91 16.57 19.85 22.29 21.77 21.78 25.41 26.16 22.70 19.25 19.09 21.09 21.61 19.45 17.91 17.14 18.76 19.20 18.96 18.23 17.22 17.47 18.23 15.66 16.17 15.97 17.32 15.44 15.30 16.04 16.33 15.57 14.18 12.67 11.04 9.70 8.73 8.03 7.48 7.16 7.17 7.72 8.82 10.03 10.79 10.89 10.53 9.90 8.98 8.15 7.77 7.58 7.29 8.84 9.20 7.13 11.20 13.44 11.79
7.82 7.95 7.62 8.11 9.18 13.95 10.26 10.76 10.49 10.65 13.11 17.90 20.76 19.24 18.03 16.49 16.29 16.05 17.21 21.53 25.18 25.00 18.91 13.84 15.66 19.75 24.31 20.87 18.37 18.81 24.01 26.79 26.73 25.34 22.21 21.94 20.63 19.20 18.00 16.45 16.17 17.22 17.52 15.50 14.51 16.36 17.77 18.00 19.50 17.02 14.96 13.95 13.38 12.76 11.84 10.61 9.15 7.76 7.74 7.36 7.65 7.73 8.72 10.31 11.85 13.88 15.48 16.01 15.41 14.46 13.89 13.19 12.33 11.59 10.87 9.48 7.84 7.27 8.37 7.75 6.50 10.42 14.90
8.18 8.50 8.90 9.83 10.48 10.96 10.83 11.05 11.54 14.20 19.07 21.83 20.43 16.97 17.24 16.36 15.91 12.89 14.97 18.72 22.38 22.40 19.75 16.35 18.48 22.20 20.76 15.00 14.83 18.54 23.66 24.98 26.28 27.28 24.99 23.87 21.38 19.11 18.11 17.77 16.49 14.60 13.84 14.52 17.06 19.94 22.63 23.37 19.56 17.14 15.15 13.48 12.40 11.46 10.50 9.84 9.65 9.72 10.51 11.97 13.28 14.55 15.10 16.64 18.24 19.23 19.33 18.59 17.62 16.61 15.74 14.92 14.18 13.42 12.33 13.36 11.10 8.31 7.83 9.15 8.14 7.07 10.11
8.41 9.22 10.14 10.79 11.22 11.25 11.64 11.98 13.22 17.64 19.19 18.17 14.68 13.23 15.59 17.16 15.60 13.35 8.71 11.45 20.43 19.83 23.28 18.94 20.35 20.39 15.78 11.38 13.39 18.41 22.88 22.19 22.60 24.46 25.00 25.02 23.99 22.31 20.98 19.56 16.05 16.37 16.76 19.46 22.82 23.48 24.70 19.81 16.45 14.27 12.42 11.02 11.30 11.75 11.85 11.87 12.49 13.97 16.10 16.99 18.65 20.58 19.64 19.21 18.68 19.18 19.82 18.77 17.50 17.81 17.85 16.97 16.02 15.23 14.30 13.12 11.60 10.08 8.78 9.33 9.06 6.20 7.90
9.40 10.13 11.29 10.39 11.02 11.44 14.46 12.64 15.79 17.24 16.40 14.04 11.80 12.09 14.07 12.04 9.36 7.80 9.47 12.72 16.91 22.26 25.95 18.27 15.83 14.27 11.46 10.02 14.21 18.07 20.05 19.07 20.73 21.89 24.88 24.37 24.11 23.64 22.67 19.66 18.34 20.34 23.16 24.48 28.08 28.11 24.40 18.13 14.29 11.85 10.46 10.89 13.45 15.22 15.56 16.22 18.05 20.52 22.88 21.26 20.94 20.25 19.36 19.71 19.09 19.28 18.00 16.69 18.31 20.36 19.57 19.21 16.96 14.47 13.91 14.48 16.24 13.21 11.50 8.63 7.83 5.76 5.88
10.28 11.65 11.54 10.53 11.12 12.01 12.50 12.11 13.86 15.24 13.40 12.33 10.80 10.90 10.06 8.57 8.98 10.26 13.04 16.49 20.34 26.94 27.20 18.04 14.21 11.10 10.20 10.39 14.39 16.33 18.13 17.22 20.52 21.54 24.77 24.29 23.47 23.53 22.82 22.24 20.63 25.45 29.94 29.88 27.04 23.42 19.49 17.44 15.38 12.95 12.20 16.09 19.96 20.12 20.11 21.99 24.70 23.49 22.84 24.10 22.75 21.37 21.42 21.51 21.44 20.90 19.61 19.28 19.17 18.25 17.28 16.34 14.10 13.76 13.84 13.91 14.30 14.04 11.40 9.70 7.10 6.43 5.30
10.73 11.60 13.81 14.00 15.08 12.20 14.87 13.49 12.36 11.53 12.08 10.96 10.04 8.67 8.37 10.30 10.91 14.51 16.90 18.76 21.27 26.00 22.08 18.63 15.93 8.58 8.62 10.63 12.32 14.81 17.12 18.36 19.27 22.71 24.79 24.18 22.17 21.74 22.76 22.97 27.87 27.07 26.32 26.50 20.82 19.07 17.33 14.41 16.33 15.41 18.43 23.34 23.41 22.56 22.62 23.20 24.21 28.62 27.33 25.99 24.80 22.87 22.00 22.12 21.31 20.12 19.03 17.97 17.20 16.50 14.61 13.35 14.21 13.97 12.65 12.76 14.41 14.55 12.19 11.72 8.68 6.77 5.42
15.06 12.37 12.36 12.79 12.15 11.24 12.28 10.80 11.25 12.31 10.95 10.37 9.39 9.28 11.57 14.40 16.81 18.96 20.23 18.56 20.17 25.11 23.55 19.09 15.10 10.85 10.52 9.87 10.75 15.64 18.88 19.04 19.45 24.23 26.14 24.81 22.07 22.18 22.34 24.79 23.94 23.89 23.40 22.93 23.68 18.07 16.28 18.23 19.19 22.62 24.43 24.94 26.63 29.35 26.37 26.68 25.09 23.75 22.90 22.12 18.84 18.70 18.26 19.49 18.54 17.23 16.52 15.21 14.52 14.21 13.62 12.70 12.21 11.95 11.87 11.65 11.27 11.10 11.50 11.99 10.98 8.19 6.43
13.65 15.94 12.96 12.12 11.29 10.47 10.98 11.31 11.50 11.27 10.63 10.39 10.47 12.18 16.00 19.42 19.81 20.54 17.15 16.85 19.32 23.67 24.14 21.91 10.66 10.16 6.55 6.93 11.60 18.04 20.49 20.57 20.97 25.23 26.48 25.97 23.13 22.30 22.20 21.27 24.43 21.99 21.94 19.86 19.38 21.59 24.09 25.73 28.31 31.11 32.20 30.02 27.26 21.92 24.45 22.26 17.61 17.46 20.01 19.32 16.31 16.01 15.93 16.00 17.43 15.47 14.29 12.70 12.51 12.06 11.95 11.67 11.13 11.61 11.95 10.76 11.18 11.11 9.19 10.76 12.08 11.17 9.28
14.87 12.58 11.39 10.99 11.23 11.68 11.83 11.81 11.65 11.23 11.26 12.16 13.46 15.81 19.91 18.25 19.33 18.39 15.96 15.27 18.47 20.25 22.54 18.83 9.32 5.56 3.38 7.76 14.35 20.58 21.70 21.47 20.93 25.03 26.55 25.12 21.35 21.79 21.30 19.85 20.56 21.33 20.82 19.52 14.03 14.57 14.93 15.38 17.72 21.88 22.50 22.66 19.60 17.32 15.08 12.48 14.56 14.99 14.93 17.46 16.84 14.59 14.00 13.82 14.83 14.93 16.35 15.43 15.21 14.65 14.80 15.84 13.39 13.69 13.20 13.15 12.98 13.17 10.79 12.53 11.33 11.36 10.78
16.80 14.73 12.11 12.26 12.55 12.70 12.33 12.09 12.22 11.67 12.87 14.79 18.44 19.00 19.58 18.71 16.89 14.06 12.48 15.20 18.22 18.87 19.39 15.09 9.09 6.79 7.13 13.18 19.15 22.89 23.63 20.42 18.80 23.41 25.38 23.03 20.83 21.90 20.14 20.13 20.55 20.59 19.46 18.56 18.31 13.21 12.27 10.89 11.01 11.35 12.87 13.70 13.61 11.69 11.86 12.78 15.68 14.35 17.53 16.08 15.51 15.70 13.97 11.86 13.63 14.19 14.33 14.33 14.10 13.85 11.33 13.36 13.10 10.08 9.54 9.25 9.00 8.85 8.99 9.46 10.55 10.48 10.45
16.62 17.47 13.27 13.36 14.00 14.37 14.19 11.99 12.18 12.26 15.39 18.72 16.30 15.40 14.51 14.11 12.53 10.69 11.91 15.38 18.99 19.25 19.24 17.36 9.97 10.85 14.84 18.24 19.47 22.52 23.81 16.46 15.96 21.77 24.93 22.09 20.19 19.06 19.01 18.98 19.77 19.13 17.96 17.67 17.35 12.82 12.41 10.74 10.39 10.08 9.88 9.73 8.86 6.49 7.99 12.76 18.69 17.69 14.54 14.50 14.18 13.93 11.70 11.12 10.44 10.09 10.06 10.00 9.74 9.28 8.60 8.25 8.26 8.22 8.06 7.90 10.25 8.03 8.16 8.42 8.71 8.96 12.47
17.46 15.92 14.26 15.18 14.96 13.16 10.86 9.59 11.28 13.65 18.13 16.37 15.43 14.40 14.08 13.33 11.08 11.04 13.43 16.55 18.60 18.92 18.95 16.73 10.11 13.91 15.61 14.54 14.93 19.33 21.16 13.93 15.02 21.27 19.87 22.33 20.09 21.39 19.95 20.95 20.08 19.30 17.46 16.06 12.13 11.84 11.76 10.66 10.57 10.44 10.06 9.17 7.86 6.84 8.11 11.32 13.47 13.10 12.87 12.67 12.14 9.58 8.91 8.31 7.95 7.83 7.93 8.03 7.91 7.82 7.61 7.33 7.37 7.70 7.88 7.91 7.92 7.82 7.60 7.40 7.39 7.50 7.58
20.28 15.03 13.47 15.10 12.05 7.11 5.46 8.35 14.21 16.32 15.60 15.10 14.13 13.05 12.35 10.44 10.73 12.09 14.75 17.14 19.17 20.35 19.00 14.26 10.52 10.98 10.31 9.06 12.23 17.98 16.94 14.32 15.13 20.44 25.69 15.20 18.34 18.14 20.50 21.72 20.96 20.71 18.17 15.62 11.62 11.20 10.61 10.62 10.82 10.89 10.57 9.95 9.45 9.63 11.02 12.89 12.10 9.23 8.74 8.24 7.73 7.56 7.50 7.50 7.61 7.66 7.44 7.25 7.35 7.70 8.02 8.06 7.77 7.39 7.15 7.02 6.90 6.75 6.75 6.95 7.22 7.32 9.81
17.95 14.03 10.99 9.87 5.40 1.74 4.47 11.06 14.13 14.14 12.78 12.11 12.03 10.29 8.31 8.53 9.08 11.27 14.58 18.97 18.82 19.59 16.96 10.66 8.75 9.42 6.74 7.16 12.91 19.76 16.62 13.41 14.04 19.65 24.23 23.61 17.59 18.16 19.15 18.04 17.92 17.77 18.05 17.06 13.79 11.01 10.27 10.26 10.50 10.63 10.71 10.73 10.98 11.67 12.13 11.11 9.17 7.95 7.33 7.02 7.17 7.76 8.38 8.81 9.02 8.86 8.40 8.18 8.47 8.69 8.58 8.32 7.84 7.14 6.55 6.27 6.32 6.63 7.09 7.23 6.95 8.28 6.33
15.49 13.59 9.74 4.82 2.16 3.31 8.65 14.00 12.94 11.04 9.43 9.49 8.74 5.77 4.23 4.76 7.01 10.92 17.90 19.30 17.81 17.73 13.45 8.54 8.38 7.44 5.17 8.36 15.39 20.72 15.99 12.02 13.59 17.55 25.46 22.27 18.11 19.39 19.43 17.50 17.56 17.29 18.98 16.53 15.42 10.95 10.33 10.61 10.92 10.70 10.88 11.13 11.40 11.59 11.10 9.69 8.42 7.91 7.77 7.80 8.11 8.32 8.40 8.57 8.76 8.91 9.24 9.61 9.61 9.14 8.37 7.74 7.43 7.36 7.38 7.44 7.61 7.73 7.53 5.54 6.60 6.20 5.91
15.20 12.92 7.60 3.49 3.56 8.73 14.05 14.07 12.31 9.85 8.28 8.14 5.65 2.24 3.09 4.86 8.72 14.72 16.72 16.71 17.10 16.02 10.71 10.31 9.81 5.06 5.28 10.43 16.65 17.99 13.00 13.04 15.19 18.25 27.17 22.02 19.74 19.49 20.32 17.32 19.15 19.17 18.49 16.55 15.93 13.63 11.38 11.66 11.46 10.87 11.24 11.00 11.18 10.29 9.40 8.51 8.34 8.76 8.94 8.77 8.61 8.34 8.23 8.34 8.33 8.39 8.57 8.60 8.38 8.02 7.60 7.37 7.49 7.91 8.27 8.35 5.56 5.58 5.92 5.59 6.49 6.28 5.95
15.45 11.82 6.39 5.80 9.04 13.51 15.31 13.61 10.90 8.51 6.68 5.42 0.57 2.84 3.97 6.36 13.61 18.77 17.71 15.38 16.55 13.69 12.62 12.13 10.55 6.01 8.18 12.18 15.84 13.65 13.19 14.25 16.89 19.47 23.30 22.38 20.15 18.81 17.26 16.35 17.00 18.50 18.44 16.11 15.82 18.06 16.44 12.07 14.06 11.28 11.07 10.37 9.67 9.15 8.54 8.22 8.47 8.98 9.11 8.82 8.59 8.69 9.01 9.19 9.12 8.78 7.36 7.50 7.11 6.99 7.19 7.62 7.92 7.99 5.35 6.20 8.83 8.37 5.85 5.28 6.15 5.94 5.79
13.69 8.81 5.10 7.52 12.07 14.61 13.73 10.24 6.69 3.35 3.71 3.24 2.61 1.28 5.04 12.40 19.22 21.96 17.46 15.17 15.92 15.46 14.45 13.37 8.02 8.16 9.36 12.41 12.88 12.38 14.13 16.46 18.20 19.51 21.10 21.26 21.19 17.51 16.89 16.25 15.94 15.99 15.91 17.87 15.31 15.12 14.94 16.95 17.04 11.07 9.78 13.24 8.68 8.90 8.69 8.81 9.17 9.62 9.45 8.89 8.69 8.94 9.21 7.75 8.11 8.23 7.75 7.33 7.09 7.12 7.33 7.62 5.16 5.18 8.56 8.13 5.97 6.74 8.24 8.64 7.73 6.37 6.43
10.19 6.88 5.86 9.49 12.31 11.94 8.08 4.66 4.76 6.68 7.14 5.26 2.81 6.66 12.53 18.47 25.74 20.87 16.45 16.54 15.04 17.02 15.15 11.30 9.71 9.65 9.39 10.25 11.71 13.19 15.90 17.66 17.51 19.21 20.39 20.06 18.62 16.98 16.19 15.96 15.16 15.77 15.47 17.37 17.27 16.66 16.47 16.26 16.03 10.29 8.43 8.27 8.50 8.62 8.81 9.32 8.58 8.95 8.65 7.51 6.90 6.69 6.58 6.45 7.23 6.86 6.84 7.06 7.27 7.36 5.09 5.43 8.74 8.01 5.75 6.75 7.76 8.47 7.38 7.50 9.23 7.45 8.69
8.62 7.68 7.95 9.92 9.64 6.59 3.16 6.17 8.81 8.60 7.53 7.23 8.51 12.96 16.56 21.28 21.30 18.95 15.93 16.55 15.07 16.55 16.45 13.14 10.38 9.53 8.92 8.79 10.62 14.03 16.63 16.41 15.78 18.72 20.44 18.38 17.75 16.36 15.45 15.13 15.35 15.50 15.26 14.58 16.53 16.06 15.92 13.72 13.34 9.75 8.06 7.88 7.80 14.34 8.05 8.58 9.75 8.65 13.95 12.07 6.55 5.77 5.71 5.44 4.74 4.54 6.64 5.16 4.83 4.89 6.83 7.50 6.42 4.58 5.89 7.91 8.72 8.81 8.44 6.85 8.79 8.75 6.96
8.76 7.99 7.20 7.55 5.79 3.37 5.47 6.76 5.81 6.96 10.12 12.91 14.93 16.71 17.98 23.73 19.81 16.38 16.90 18.56 17.43 16.31 16.06 14.03 9.78 7.69 6.70 6.56 10.55 14.00 15.24 14.87 15.43 19.43 19.74 17.39 16.28 15.96 14.90 14.56 14.86 15.14 14.35 12.96 13.68 13.37 12.97 14.89 14.93 9.48 7.86 7.62 7.29 13.83 7.48 7.72 10.60 7.23 12.18 12.91 6.12 6.05 8.38 7.03 4.98 4.69 4.39 10.71 11.61 8.53 7.73 7.49 6.74 6.26 7.22 8.10 8.76 6.63 8.17 8.01 8.44 4.09 8.32
6.62 4.65 3.36 5.16 2.54 2.86 3.74 2.91 9.27 13.63 15.86 17.21 17.89 14.51 22.52 19.91 18.69 16.82 15.38 17.58 14.28 13.13 15.16 13.41 9.70 6.58 4.50 5.12 10.31 14.12 15.04 15.86 16.67 18.12 18.12 16.50 14.57 14.94 14.19 13.30 14.38 14.82 16.98 14.14 13.45 13.00 12.37 9.46 9.34 14.54 9.08 7.27 6.98 6.97 7.02 6.92 6.72 7.80 6.01 11.04 5.41 6.55 5.11 9.61 10.37 10.25 10.11 10.27 4.85 10.06 8.10 6.20 9.33 9.17 6.08 8.07 5.94 5.90 6.67 6.74 7.37 7.95 3.64
5.15 3.05 2.25 6.17 2.74 2.68 6.05 12.47 15.90 17.66 17.43 17.68 17.78 22.02 19.13 18.67 17.10 15.07 13.53 16.94 11.92 12.08 14.74 13.84 9.30 4.40 3.36 4.31 10.43 14.50 15.25 17.26 17.02 17.28 17.05 14.87 13.70 13.93 13.21 12.40 13.72 15.10 16.70 13.39 12.80 12.52 11.92 11.95 9.17 8.76 9.35 7.15 6.62 6.23 9.41 6.02 5.89 5.63 5.29 11.59 4.88 4.74 4.44 9.51 8.57 9.44 9.25 9.18 8.86 10.13 9.38 8.88 8.69 8.52 5.42 6.81 4.71 2.10 1.99 3.08 3.99 4.41 5.09
7.91 4.83 1.19 5.29 5.95 7.45 13.52 16.66 17.23 17.46 16.88 16.85 19.09 20.06 17.87 17.39 13.43 13.78 12.28 13.59 11.40 11.87 12.47 10.89 9.24 4.09 3.24 4.44 11.49 14.20 16.55 18.17 17.17 16.34 15.47 13.88 13.12 13.77 12.28 11.71 13.11 14.36 14.89 16.25 10.18 9.85 9.45 9.23 8.85 9.83 8.76 8.74 5.94 12.01 5.44 5.48 5.27 5.06 4.88 4.64 10.61 4.25 10.43 10.12 10.01 9.10 5.74 9.43 8.38 8.66 8.70 5.07 7.93 8.12 8.16 6.33 1.36 2.36 4.62 5.82 6.19 5.24 5.11
11.07 7.57 6.23 7.18 11.28 11.00 11.30 16.10 16.22 16.08 16.56 18.35 19.24 18.98 17.00 14.22 12.30 12.96 11.78 14.60 11.49 12.04 12.17 10.29 8.86 3.04 2.70 5.54 12.77 16.81 18.07 17.84 16.47 14.70 14.33 13.51 12.40 12.91 12.05 10.43 12.88 13.23 14.47 10.80 10.39 12.92 14.21 13.71 13.97 10.22 12.72 8.19 7.46 5.24 9.01 5.08 4.84 4.62 4.43 9.33 3.99 8.57 8.48 3.34 9.39 9.44 9.01 2.98 3.07 8.30 7.82 7.61 8.00 7.88 7.71 7.54 3.01 2.99 2.91 2.91 2.91 2.86 2.82
11.23 9.90 9.13 10.87 14.27 15.19 14.78 15.58 16.36 16.35 19.35 16.57 16.08 14.42 16.02 13.33 11.55 13.71 12.04 12.23 11.31 13.48 11.49 12.18 8.44 3.56 2.53 7.36 14.39 17.72 17.41 17.03 15.76 14.44 13.83 12.65 12.16 12.41 11.38 10.57 11.50 11.24 11.21 9.31 10.03 9.63 9.22 13.96 9.35 11.98 12.62 5.83 5.37 5.13 4.95 10.85 4.44 4.12 3.75 9.53 9.91 8.29 5.78 9.42 5.23 5.15 4.99 2.51 2.48 7.82 7.44 6.69 4.17 4.22 7.06 7.18 7.12 7.52 2.33 2.31 5.06 3.36 2.75
9.63 7.91 7.97 12.16 15.22 18.36 17.73 16.72 15.88 15.71 18.30 18.18 17.95 13.36 15.23 12.69 10.83 10.47 13.62 10.83 11.54 12.93 13.28 11.16 7.30 3.56 3.68 9.84 16.35 17.03 15.06 16.12 16.10 14.31 13.49 11.87 11.44 11.95 11.11 10.15 9.45 8.24 12.65 11.03 10.48 9.79 9.31 9.09 8.87 8.41 7.97 5.56 5.18 4.95 4.79 4.43 9.58 3.44 2.97 3.08 9.93 3.10 2.71 8.73 8.02 7.87 7.80 2.08 2.00 1.97 7.29 7.21 7.02 3.80 6.71 6.65 6.88 2.15 4.38 2.19 2.23 2.31 2.33
9.00 7.83 8.11 13.23 16.03 19.15 17.49 15.06 14.72 15.12 16.31 16.44 17.07 14.90 14.83 12.10 10.29 10.17 13.00 10.52 10.44 12.60 10.50 9.45 4.26 3.73 5.92 10.93 17.10 15.82 12.97 16.05 16.27 14.63 13.32 10.83 11.94 12.15 11.01 9.11 8.98 9.94 10.67 10.91 10.61 9.97 13.65 13.15 8.50 8.08 5.70 5.28 4.97 10.44 4.61 4.25 3.64 2.87 2.53 3.08 3.94 3.17 2.61 2.22 2.05 7.70 7.76 7.08 1.65 1.57 6.59 6.88 7.00 6.80 6.86 6.93 6.89 1.87 5.53 4.93 3.52 5.02 3.35
10.10 10.11 11.32 15.18 16.59 19.10 16.36 13.36 14.30 15.18 14.94 15.09 12.24 16.21 12.40 11.61 9.94 9.90 12.42 10.33 13.33 11.81 10.08 7.28 3.38 4.15 7.71 14.73 17.74 14.04 12.84 15.82 12.12 11.02 12.40 11.77 11.92 12.07 10.60 8.74 10.13 10.58 9.86 11.99 10.73 9.87 9.31 13.02 8.49 8.08 7.48 5.14 6.86 10.07 10.24 4.29 3.48 2.62 2.43 3.00 3.56 7.04 2.61 2.10 1.76 1.56 1.48 6.70 6.57 1.32 1.25 7.38 6.67 6.85 6.85 6.29 6.20 6.38 6.61 6.14 1.72 1.76 6.79
11.16 11.38 13.95 16.36 17.05 18.35 15.39 13.00 14.46 15.11 14.24 14.10 12.66 11.35 14.57 11.00 9.60 9.67 10.86 10.13 9.80 10.12 9.81 6.29 2.70 4.02 8.70 15.30 15.66 12.65 13.07 15.77 15.33 13.08 10.39 11.27 12.82 10.37 10.52 8.78 10.30 11.35 8.85 8.25 13.89 9.96 8.79 12.83 8.39 5.96 7.49 5.06 10.66 9.38 4.53 4.26 3.66 2.88 2.66 2.96 3.30 3.10 8.24 4.76 4.44 1.38 7.04 1.19 1.20 3.04 1.13 6.14 6.68 6.23 6.17 6.29 4.85 5.96 5.04 6.22 6.30 6.57 7.03
11.51 11.27 13.70 15.09 16.39 16.50 14.82 13.42 15.48 15.16 13.85 13.46 12.51 12.00 14.44 10.45 9.31 9.33 9.91 9.96 9.56 9.91 9.25 6.53 2.97 5.83 11.61 14.06 12.01 12.04 14.37 15.31 14.47 10.98 9.31 11.20 11.10 12.97 10.16 8.38 10.24 11.11 8.60 7.77 11.62 10.04 13.19 7.73 7.42 5.92 7.72 5.01 10.47 4.57 9.54 4.19 3.82 3.21 2.76 2.83 2.74 2.71 3.28 8.14 7.69 7.11 3.84 7.02 6.93 6.34 6.40 6.42 6.52 6.47 6.71 5.90 4.72 4.78 4.83 4.90 6.34 6.39 6.69
