examples/cougarCreek-fire/createInputs/WindNinja/wrfout_d3.2015081000.f15/cougarCreekFire_08-10-2015_1500_217m_non_neutral_stability_vel.asc
ncols	146
nrows	140
xllcorner	610065.000000
yllcorner	5095217.000000
cellsize	216.586807
NODATA_value	-9999.000000
[rows 0 to 36 of 140, columns 0 to 82 of 146]
3.30 3.35 3.50 3.41 3.26 3.20 3.16 3.11 3.07 4.79 2.95 2.90 2.81 2.71 2.67 2.65 2.58 2.56 2.56 2.49 2.60 3.36 2.65 2.37 2.29 2.35 2.48 2.64 2.80 3.01 3.27 3.85 4.58 5.30 6.02 6.74 7.41 10.66 9.64 10.02 11.79 12.46 12.64 14.48 15.39 15.97 15.84 16.61 17.22 17.68 17.86 17.96 18.36 18.77 19.10 19.38 19.24 18.75 18.63 18.69 18.33 18.01 17.90 17.78 17.66 17.12 16.53 16.66 17.08 17.18 16.59 15.49 14.30 13.51 13.53 13.78 13.05 11.93 11.35 10.88 10.73 10.84 10.84
3.30 3.35 3.50 3.41 3.26 3.20 3.16 3.11 3.07 4.79 2.95 2.90 2.81 2.71 2.67 2.65 2.58 2.56 2.56 2.49 2.60 3.36 2.65 2.37 2.29 2.35 2.48 2.64 2.80 3.01 3.27 3.85 4.58 5.30 6.02 6.74 7.41 10.66 9.64 10.02 11.79 12.46 12.64 14.48 15.39 15.97 15.84 16.61 17.22 17.68 17.86 17.96 18.36 18.77 19.10 19.38 19.24 18.75 18.63 18.69 18.33 18.01 17.90 17.78 17.66 17.12 16.53 16.66 17.08 17.18 16.59 15.49 14.30 13.51 13.53 13.78 13.05 11.93 11.35 10.88 10.73 10.84 10.84
3.31 3.32 3.53 3.57 3.41 3.33 3.27 3.24 3.22 3.18 3.11 3.06 2.96 2.85 2.79 2.77 2.75 2.74 2.76 2.68 2.70 3.18 2.92 2.70 2.57 2.65 2.80 2.97 3.15 3.36 3.61 4.19 4.91 5.64 6.39 7.15 7.87 8.58 9.35 10.19 11.06 11.87 12.65 13.45 14.26 15.06 15.74 16.31 16.85 17.48 17.90 18.16 18.47 18.70 18.98 19.16 18.86 18.47 18.37 18.16 17.80 17.64 17.57 17.53 17.27 16.62 16.44 16.87 17.11 16.79 15.76 14.62 13.85 13.63 13.96 13.96 12.97 12.01 11.56 11.20 11.19 11.26 11.08
3.29 3.26 3.48 3.62 3.49 3.38 3.29 3.23 3.23 3.22 3.17 3.14 3.01 2.82 2.70 2.65 2.61 2.62 2.66 2.57 2.45 2.82 2.78 2.71 2.49 2.41 2.51 2.69 2.86 3.05 3.30 3.89 4.65 5.45 6.25 7.07 7.90 8.66 9.31 9.98 10.69 11.46 12.31 13.12 13.88 14.58 15.11 15.67 16.37 17.19 17.82 18.07 18.13 18.19 18.33 18.18 17.71 17.61 17.60 17.31 17.19 17.23 17.25 17.12 16.52 16.17 16.70 17.16 16.81 15.79 14.47 13.80 13.79 14.23 14.60 14.19 12.91 11.91 11.58 11.54 11.74 11.71 11.33
3.41 3.37 3.54 3.70 3.64 3.52 3.42 4.47 4.42 4.27 3.26 3.29 3.20 2.96 2.74 2.65 2.60 2.64 2.68 2.61 2.80 2.88 2.97 2.93 2.79 2.61 2.60 2.70 2.84 3.06 3.39 4.07 4.94 5.85 6.75 7.63 8.45 9.21 9.78 10.17 10.67 11.35 12.17 12.99 13.74 14.42 15.12 16.01 16.91 17.73 18.07 18.00 18.05 18.71 17.85 17.32 16.96 17.13 17.28 17.38 17.42 17.22 17.12 16.64 16.05 16.36 16.85 16.67 15.83 14.72 14.12 14.28 14.64 14.94 14.78 13.97 12.56 11.59 11.64 11.93 12.12 11.92 11.46
3.56 3.52 3.66 3.84 3.85 3.75 3.61 3.53 3.47 4.32 4.32 4.18 3.47 3.30 2.98 2.81 2.77 2.82 3.13 2.98 3.16 3.31 3.44 3.33 3.32 3.21 3.18 3.24 3.36 3.61 4.03 4.75 5.69 6.75 7.77 8.65 9.36 9.90 10.28 10.59 10.91 11.47 12.18 12.90 13.71 14.61 15.59 16.62 17.54 18.41 18.64 18.42 18.26 18.14 17.83 17.51 17.48 17.64 17.71 17.68 17.36 17.06 16.75 16.06 15.97 16.36 16.99 15.65 14.79 14.40 14.71 15.02 15.04 14.78 14.11 13.07 11.90 11.60 12.07 12.25 12.31 12.00 11.48
3.77 3.70 3.78 3.95 4.04 3.99 3.85 4.64 4.58 4.38 4.50 4.52 4.02 3.66 3.43 3.18 3.10 3.13 3.58 3.58 3.48 3.61 3.68 3.64 3.30 3.06 3.95 3.36 3.51 3.82 5.07 5.90 6.96 7.96 8.72 9.37 9.90 10.31 10.70 10.33 10.74 11.96 12.03 13.26 14.25 14.81 16.10 17.40 18.96 19.68 20.99 18.97 19.10 18.72 18.70 18.73 18.63 18.48 18.27 17.86 17.45 17.50 17.15 16.10 16.32 16.64 15.82 15.32 14.93 15.31 15.59 15.26 14.65 13.95 13.34 12.78 12.24 12.22 12.41 12.35 12.41 12.04 11.38
4.02 3.96 3.97 4.09 4.23 4.24 4.11 4.89 4.91 4.94 4.79 4.74 4.40 3.52 2.91 3.67 3.59 3.08 3.75 4.20 4.06 4.05 4.31 4.53 4.40 4.09 4.09 4.26 4.65 5.37 6.42 6.55 7.66 9.00 9.35 9.77 10.17 10.54 10.09 10.54 11.13 11.81 12.34 13.06 14.31 15.97 17.39 18.51 19.29 20.88 19.80 19.57 19.94 19.69 19.43 19.11 18.89 18.78 18.52 18.13 17.56 17.14 16.33 16.49 16.48 16.68 15.72 15.43 15.55 15.83 15.41 14.63 14.00 13.72 13.68 13.31 12.66 12.44 12.55 12.60 12.55 11.98 11.33
4.27 4.25 4.26 4.31 4.43 4.86 4.45 4.64 4.90 4.96 4.82 4.81 4.71 4.07 3.35 4.10 3.05 3.23 4.05 5.01 4.99 4.84 5.50 5.72 5.80 5.57 5.38 5.46 5.80 6.42 7.05 7.69 8.53 9.37 9.74 9.37 9.69 9.89 10.19 10.81 11.74 12.70 13.52 14.52 15.84 16.86 17.68 18.49 19.15 19.78 20.15 20.68 20.69 19.63 18.73 18.64 18.58 18.63 18.32 17.87 16.92 17.07 17.24 17.22 16.84 16.78 16.58 15.77 15.92 15.74 15.05 14.43 14.31 14.46 14.16 13.19 12.38 12.55 12.99 12.98 12.63 12.01 11.49
4.48 4.44 4.46 4.54 4.62 5.50 5.32 5.06 4.91 4.83 4.79 4.82 6.37 4.61 3.84 3.54 3.45 3.31 4.03 5.15 6.07 5.56 6.07 6.88 6.40 7.44 6.98 6.95 7.02 7.70 8.09 8.40 8.84 9.19 9.54 9.93 10.11 10.34 10.89 11.76 12.68 13.75 14.93 16.54 17.84 18.37 18.74 19.46 20.31 21.08 21.54 21.12 19.85 18.00 18.05 18.33 18.53 18.25 17.34 17.12 17.11 17.69 18.10 17.78 17.37 16.61 16.23 15.86 16.31 16.00 15.46 15.20 15.17 14.84 13.96 12.97 12.81 13.49 13.74 13.34 12.75 12.13 11.59
3.98 4.75 4.71 4.75 4.81 4.84 5.67 5.59 5.43 5.29 5.09 4.96 4.95 6.15 4.48 4.42 4.25 5.10 4.37 5.13 5.94 5.66 6.36 7.14 7.54 4.79 4.65 4.89 8.11 8.58 8.86 9.07 9.57 9.75 9.90 10.31 10.75 11.33 12.04 12.70 13.48 14.62 16.25 18.22 19.73 19.62 19.97 20.45 21.09 22.14 22.34 20.23 17.29 17.73 18.47 19.23 19.07 17.50 17.73 17.54 18.09 17.27 18.32 18.19 17.22 17.13 17.52 17.22 17.02 16.56 16.09 15.80 15.40 14.80 14.04 13.50 13.82 14.38 14.08 13.35 12.70 12.12 11.61
5.02 5.06 4.65 5.02 5.34 5.64 5.12 5.81 5.75 6.61 6.39 5.24 5.10 5.38 5.27 5.33 6.09 5.19 5.75 5.92 6.35 6.93 5.81 6.73 7.13 5.36 5.41 5.21 5.34 9.22 9.28 9.57 9.88 9.93 10.19 10.71 11.38 12.17 12.66 13.13 14.15 14.34 16.55 18.25 19.99 20.20 20.00 20.31 20.91 21.24 19.71 17.68 18.15 18.99 18.84 19.27 18.58 18.07 17.54 18.97 19.46 18.95 18.77 18.10 17.99 18.10 17.95 17.70 17.41 16.90 16.23 15.67 15.25 14.83 14.23 14.03 14.51 14.61 13.91 13.21 12.67 12.15 11.72
5.14 5.28 5.48 5.32 5.51 5.75 5.38 6.01 6.12 6.03 6.85 6.59 5.85 5.80 6.06 6.18 6.06 6.03 6.77 7.01 6.79 6.38 5.90 6.86 6.92 6.62 5.14 5.49 5.94 7.81 10.13 10.25 10.32 10.58 11.10 11.67 12.42 13.18 13.73 14.61 13.15 16.55 18.19 19.07 19.92 18.97 19.45 19.43 19.88 18.82 17.91 17.24 18.87 19.99 19.35 19.25 18.79 18.70 18.49 18.20 19.56 19.54 18.81 18.07 17.87 17.44 16.99 16.84 16.74 16.37 15.94 15.79 15.62 15.09 14.60 14.73 15.03 14.64 13.88 13.32 12.79 12.28 11.86
5.22 5.39 5.66 5.82 5.87 6.21 5.74 5.60 6.31 6.33 6.52 7.54 7.25 6.31 7.30 7.31 6.93 6.58 6.83 6.35 6.87 6.96 6.01 7.79 7.97 6.86 5.01 5.52 6.61 9.09 9.24 10.98 7.55 7.93 8.67 9.51 10.04 10.63 12.04 14.04 15.87 19.48 19.46 19.40 18.52 18.79 19.57 19.52 19.54 19.34 18.44 17.89 18.29 18.74 19.07 18.72 18.71 18.87 18.61 19.05 19.58 19.02 17.41 17.14 16.66 16.21 16.05 16.01 15.87 15.83 16.11 16.36 16.05 15.50 15.30 15.32 15.07 14.43 13.81 13.36 12.88 12.40 11.98
5.36 5.55 5.83 6.01 6.12 6.18 6.13 5.92 5.67 6.28 6.76 7.19 7.57 8.40 7.70 6.65 5.52 5.05 5.78 6.22 5.89 6.44 5.75 5.86 9.22 7.24 5.36 5.62 6.99 9.08 9.36 10.94 7.67 8.10 9.18 9.92 10.19 10.60 12.47 14.73 19.82 20.08 18.62 18.24 17.29 17.72 19.30 21.07 21.09 19.16 19.09 19.45 19.61 19.30 18.87 18.31 18.55 18.43 17.82 17.77 17.02 16.59 16.19 15.87 15.69 14.94 15.22 15.16 16.35 16.82 15.71 16.80 16.07 15.70 15.56 15.27 14.75 14.15 13.73 13.37 12.93 12.48 12.08
5.54 5.78 6.06 6.19 6.34 6.48 6.73 6.50 6.24 6.09 6.10 6.83 8.58 8.58 8.05 8.71 6.87 6.46 7.61 8.20 10.12 9.87 6.83 5.84 7.10 7.48 6.21 6.30 7.64 9.25 8.28 7.24 7.84 8.48 9.37 9.68 9.85 10.18 11.33 12.72 18.35 18.81 18.92 18.90 18.50 19.81 21.49 21.62 19.89 17.61 19.68 20.74 20.00 19.29 19.25 19.29 19.52 17.67 16.62 16.64 16.49 15.79 14.91 14.82 14.95 15.70 16.58 17.23 17.70 18.20 17.68 16.57 15.75 15.39 15.23 15.02 14.66 14.20 13.79 13.38 12.94 12.52 12.13
5.56 5.83 6.17 6.30 6.38 6.52 6.66 6.77 6.36 5.74 5.10 5.70 7.04 7.78 8.44 10.26 11.83 8.63 9.71 10.45 9.35 9.52 8.30 10.92 7.04 7.26 6.54 7.01 8.60 9.42 7.71 8.23 8.58 9.00 9.55 9.86 9.97 10.63 11.99 13.96 16.68 18.42 19.51 19.88 20.36 21.38 21.29 19.82 18.16 18.06 21.06 21.12 21.38 19.76 18.55 19.92 18.41 16.37 16.56 16.46 15.91 15.12 15.43 16.00 16.36 17.53 17.93 16.66 18.45 17.96 16.57 15.57 15.20 15.00 14.84 14.66 14.46 14.22 13.90 13.49 13.03 12.57 12.08
5.48 5.69 6.02 6.23 6.28 6.33 7.09 6.89 6.52 6.28 4.83 5.02 6.69 7.51 10.08 10.88 10.98 10.99 10.41 10.84 10.81 11.07 9.31 6.76 6.46 7.16 6.07 7.11 8.48 8.58 8.04 8.68 9.46 10.34 10.81 10.34 10.90 11.33 12.66 15.51 17.44 18.58 19.16 19.77 20.46 20.70 20.29 19.20 18.58 19.76 21.85 22.62 20.83 17.86 18.16 17.87 16.21 14.77 16.54 15.73 15.30 15.96 16.84 17.27 17.68 18.16 18.04 19.30 19.39 16.52 15.44 15.19 15.14 14.97 14.76 14.54 14.35 14.20 14.00 13.67 13.18 12.62 11.98
5.47 5.58 5.83 6.13 6.27 6.27 6.42 6.73 6.51 6.00 5.73 5.56 6.91 8.93 9.19 9.50 9.58 9.36 8.94 9.04 9.45 9.78 10.93 8.42 7.99 7.95 7.00 8.13 8.39 8.49 8.75 9.48 10.98 10.93 11.30 10.27 11.74 12.64 13.81 15.97 17.55 19.05 20.59 21.62 20.87 20.13 20.35 20.26 20.05 21.68 22.25 20.67 17.91 17.25 17.18 16.23 14.83 15.65 16.18 15.65 15.98 16.52 17.68 17.42 17.68 18.50 18.75 19.20 16.40 15.73 15.61 15.77 15.64 15.39 15.28 15.04 14.59 14.14 13.76 13.43 13.08 12.60 11.96
5.51 5.57 5.76 6.07 6.30 6.41 6.60 6.85 6.49 6.18 7.41 6.54 7.01 7.22 7.38 8.21 9.18 9.65 8.82 9.32 8.62 8.14 11.08 11.64 10.30 8.91 8.31 8.67 8.73 9.00 9.74 10.59 12.44 14.97 14.20 10.62 12.58 14.43 15.49 17.82 19.38 21.20 22.80 23.12 22.34 21.81 21.78 22.05 23.35 23.39 20.91 17.72 15.54 16.71 17.06 14.39 14.68 17.01 16.20 15.90 17.08 17.37 17.24 16.75 17.54 17.36 17.02 16.65 16.34 16.35 16.46 16.34 16.01 15.84 15.72 15.33 14.78 14.28 13.80 13.42 13.10 12.69 12.17
5.52 5.60 5.81 6.08 6.19 6.43 6.75 7.02 7.08 6.13 8.01 7.08 4.48 7.06 7.90 8.65 9.63 11.14 10.74 11.33 9.61 7.64 11.31 12.48 12.20 8.91 8.37 8.41 8.86 9.46 10.09 11.17 14.62 13.97 13.99 11.45 12.64 16.97 16.19 20.53 22.72 24.86 24.70 23.61 22.66 22.51 22.59 23.18 20.82 20.60 18.93 16.87 16.40 18.09 14.09 16.57 18.68 18.07 18.04 16.73 16.73 17.90 17.60 17.32 18.37 18.07 17.69 17.35 17.13 16.86 16.54 16.32 16.18 16.09 15.80 15.26 14.80 14.54 14.27 13.91 13.47 12.97 12.51
5.44 5.68 5.99 6.10 6.23 6.75 7.28 7.73 7.88 6.05 7.07 7.23 4.49 4.29 7.00 8.21 10.95 13.05 13.23 12.87 11.40 8.33 10.18 10.44 9.69 7.68 7.04 7.94 9.08 10.02 10.22 11.75 13.63 13.13 13.94 14.07 12.63 16.82 16.77 22.99 26.17 24.93 24.89 23.47 21.97 21.10 21.50 21.75 19.81 16.66 17.08 15.64 15.67 13.57 16.16 16.36 18.46 19.69 18.79 16.82 17.92 18.74 17.95 19.80 19.23 18.54 17.87 17.66 16.72 16.27 16.17 16.45 16.51 16.31 15.84 15.27 14.93 14.71 14.38 14.00 13.57 13.09 12.60
5.16 5.52 6.00 6.45 6.81 7.43 8.11 8.61 8.93 7.42 7.60 8.62 6.50 4.36 6.92 7.87 8.56 9.63 11.42 11.60 10.78 9.04 8.51 8.42 8.11 5.67 6.50 7.64 9.38 10.63 9.71 11.58 12.32 8.90 13.35 15.07 12.25 14.66 17.68 24.35 24.20 23.17 21.89 21.86 21.78 22.39 22.08 19.91 16.97 16.77 16.73 15.22 14.54 17.42 19.87 19.21 18.61 18.93 18.53 18.25 20.16 19.76 19.41 19.12 18.47 17.79 17.18 17.01 16.70 16.76 17.21 17.26 16.74 16.22 15.81 15.52 15.37 15.11 14.61 14.02 13.49 13.02 12.48
5.08 5.47 6.00 6.49 7.11 8.05 9.08 9.91 9.44 8.47 8.49 9.71 9.40 6.99 7.92 8.12 7.92 7.14 8.16 8.34 8.66 8.06 7.34 6.16 4.12 3.12 5.51 6.62 8.48 8.38 7.27 9.25 13.03 13.60 14.51 14.00 13.43 15.45 18.60 24.70 24.47 21.45 21.27 22.11 22.13 21.62 20.43 19.33 18.42 18.46 17.02 21.36 18.36 19.90 20.51 21.00 20.12 20.87 21.20 21.17 21.75 20.08 18.47 18.23 17.34 17.72 17.39 17.36 18.19 18.51 18.42 17.63 16.82 16.35 16.03 15.77 15.56 15.29 14.91 14.42 13.88 13.27 12.61
5.02 5.47 6.09 6.62 7.12 8.02 9.42 10.60 11.35 10.05 9.00 10.58 11.27 9.30 9.07 9.72 9.24 7.95 8.03 8.99 8.42 7.49 8.01 6.60 1.31 5.94 8.16 6.92 5.30 5.11 8.24 12.27 14.78 15.67 11.54 13.10 15.28 17.84 21.68 26.09 23.65 21.54 22.29 20.71 22.57 21.44 21.56 21.97 20.85 19.54 18.27 22.79 20.50 21.17 21.85 23.18 23.98 24.09 22.89 21.53 20.86 19.65 17.38 17.85 20.30 19.30 18.61 19.11 20.00 19.42 18.80 17.81 17.20 16.79 16.36 15.99 15.66 15.24 14.82 14.50 14.12 13.54 12.85
4.90 5.38 6.22 7.07 7.49 7.76 8.65 9.77 11.43 11.34 10.06 10.85 11.76 11.13 9.16 10.33 11.32 9.85 7.56 6.40 5.51 7.85 9.55 9.57 1.39 8.19 12.67 8.59 2.95 7.00 13.61 16.43 15.51 13.13 15.26 15.90 17.18 20.65 25.51 24.30 20.91 21.03 21.29 20.96 21.71 22.14 23.98 22.14 20.21 19.03 23.43 19.54 20.46 19.84 21.29 23.61 24.34 22.08 21.87 20.83 20.60 20.18 18.60 21.69 21.12 20.31 20.57 21.00 20.96 20.48 19.59 17.93 17.44 16.92 16.55 16.31 15.94 15.35 14.72 14.18 13.73 13.30 12.81
4.86 5.21 5.84 6.88 7.87 8.60 9.48 9.97 10.91 11.68 10.93 11.59 11.58 12.44 11.59 11.29 12.33 14.68 6.81 9.28 5.48 9.37 7.29 8.96 2.11 9.80 14.58 8.69 4.15 11.18 16.94 15.41 13.57 11.30 11.76 16.84 21.62 24.36 25.53 23.06 20.20 19.28 20.34 21.13 21.84 21.80 20.89 20.51 19.96 19.23 22.56 18.25 19.12 18.91 19.92 22.25 23.38 22.51 21.21 20.94 20.97 21.44 21.66 21.64 21.92 22.58 22.07 21.14 20.04 19.24 18.72 17.29 17.06 16.82 16.57 16.15 15.56 15.02 14.58 14.09 13.56 13.10 12.72
4.95 5.21 5.40 6.28 8.11 9.96 10.86 10.87 10.64 10.76 10.54 10.79 11.22 13.12 13.31 12.11 11.13 10.64 10.46 7.64 5.03 5.09 5.84 6.06 2.38 9.13 12.62 9.66 8.83 15.65 16.99 14.12 13.15 13.68 18.71 23.73 27.04 28.20 25.57 22.97 21.85 21.46 22.69 24.55 25.07 24.30 23.62 23.62 21.96 18.33 22.17 18.46 19.47 18.56 21.04 24.60 24.01 22.23 22.19 22.86 23.20 23.43 24.47 25.63 25.78 24.86 23.21 20.16 18.88 17.94 17.50 17.24 16.88 16.60 16.21 15.61 15.08 14.78 14.50 14.10 13.66 13.29 12.96
5.12 5.56 6.06 7.05 8.57 9.49 10.49 11.40 11.28 10.84 10.63 10.96 9.80 10.61 9.28 9.57 9.84 7.61 7.87 7.65 5.74 5.57 7.17 8.85 8.04 8.67 12.55 11.67 15.39 19.05 17.09 15.41 18.26 22.28 26.44 29.46 30.99 27.87 24.36 24.46 25.20 25.77 27.31 28.05 27.23 25.43 25.14 24.15 19.14 22.31 23.74 20.10 20.17 20.99 25.47 26.79 24.72 23.92 24.72 25.43 25.33 24.55 24.18 23.71 22.97 22.64 22.26 20.08 19.63 19.05 18.39 17.46 16.73 16.19 15.75 15.37 15.06 14.73 14.36 14.05 13.77 13.45 13.17
5.25 5.92 6.95 7.97 8.50 8.11 8.73 10.18 9.36 11.72 11.98 10.08 8.55 16.96 12.18 8.32 6.75 6.56 7.63 7.01 6.86 7.33 10.02 10.89 12.67 12.18 13.26 16.95 19.36 21.13 19.69 22.01 26.69 29.05 29.59 30.57 29.00 25.11 25.18 27.21 27.87 29.39 28.66 26.03 24.52 23.97 23.33 19.96 23.29 25.63 27.32 22.17 22.58 24.49 28.71 26.04 24.38 24.13 23.85 23.32 22.98 22.83 22.87 22.43 21.40 19.31 18.83 18.67 18.72 18.65 17.96 16.83 16.52 16.35 16.11 15.76 15.34 14.90 14.51 14.24 14.03 13.79 13.43
5.53 6.28 7.33 8.17 8.38 7.93 7.55 7.46 7.95 8.61 8.49 6.52 8.28 8.79 13.21 8.65 11.57 12.90 12.48 12.04 9.59 5.64 10.94 12.84 16.27 13.45 21.87 21.96 22.27 24.33 25.44 30.46 32.68 31.04 31.35 31.34 25.62 22.47 28.14 28.35 27.70 28.05 25.84 25.21 25.58 26.03 24.12 22.56 29.21 30.68 30.55 25.42 25.52 27.95 25.22 20.99 20.27 21.83 22.83 23.04 23.32 23.81 23.38 22.32 20.88 18.90 18.43 18.29 18.11 17.58 16.90 17.98 17.93 17.56 17.06 16.59 16.09 15.55 15.04 14.60 14.25 13.91 13.33
5.75 6.59 7.73 8.80 9.15 8.27 7.02 5.37 5.29 5.01 4.77 3.34 7.60 7.67 11.85 11.20 11.84 17.41 18.98 19.44 18.27 15.78 15.44 12.36 19.35 23.42 22.74 28.24 26.00 26.61 29.16 33.79 32.80 31.19 30.15 25.17 21.16 23.45 28.05 25.92 26.42 26.38 24.22 24.68 26.07 27.63 29.94 28.50 34.62 33.92 31.40 29.05 24.08 22.71 18.60 18.77 22.62 24.55 24.58 24.05 24.08 24.02 23.32 22.00 21.25 21.32 20.78 20.60 20.32 19.78 19.38 19.61 19.45 18.64 16.53 16.06 15.89 15.82 15.57 15.08 14.50 14.00 13.65
6.18 7.12 8.00 8.34 7.80 6.64 5.81 13.70 3.96 3.87 12.61 11.30 10.72 9.53 11.56 14.32 12.55 15.94 20.93 25.70 28.06 26.98 17.05 17.04 20.27 27.94 29.51 32.83 33.53 28.02 30.21 32.97 31.15 29.97 27.79 24.86 25.22 28.98 28.25 26.68 25.94 25.05 22.79 23.68 25.19 27.17 29.30 36.00 32.42 34.07 34.34 32.67 25.57 24.76 24.36 27.08 30.33 29.61 27.63 25.61 24.12 22.99 22.59 22.76 23.11 19.70 23.14 18.78 22.74 22.50 16.72 18.20 17.57 15.34 15.55 15.71 15.65 15.38 18.32 14.65 14.30 13.93 13.87
7.02 7.70 6.71 6.11 3.80 3.45 14.83 15.69 16.01 15.29 15.13 12.71 9.95 9.89 16.00 16.12 14.08 14.21 16.98 20.37 27.26 34.87 35.87 29.57 28.58 31.40 34.55 35.92 35.09 28.50 32.00 34.21 30.65 28.77 28.24 28.56 30.04 31.15 29.91 28.91 27.18 23.99 22.27 23.00 28.57 29.88 30.62 30.87 26.71 29.81 33.84 36.09 40.20 36.73 35.28 35.76 33.36 30.23 28.46 25.36 25.92 23.90 22.81 19.11 18.18 20.43 17.01 19.38 18.45 16.14 14.70 14.28 15.43 16.15 16.60 16.35 15.57 14.72 16.78 13.81 13.53 13.05 12.86
7.02 6.71 5.26 2.76 4.14 12.03 12.98 15.35 17.14 17.52 19.14 17.00 19.68 18.23 13.00 18.33 14.46 11.23 10.49 13.64 22.81 31.08 38.67 40.42 41.29 42.10 40.71 37.03 34.77 29.75 36.23 33.45 30.28 28.55 27.33 27.23 27.90 27.56 27.05 25.93 24.90 24.84 25.09 25.11 25.38 26.15 26.20 26.19 22.18 23.38 24.84 27.18 31.11 36.37 38.28 36.80 32.59 29.48 27.89 26.40 25.11 22.95 19.86 19.61 18.89 18.53 16.95 15.63 13.88 15.51 16.25 17.00 16.44 18.09 18.70 17.97 15.06 14.48 13.94 13.48 12.94 12.47 12.24
5.81 12.86 9.91 11.09 3.96 5.73 16.55 17.54 18.41 19.95 18.35 16.49 14.45 17.31 22.34 17.71 17.28 16.11 15.42 24.01 35.45 40.03 41.55 45.87 46.63 43.65 40.24 34.67 33.57 32.16 35.64 32.93 29.45 26.74 25.59 25.13 23.98 21.71 19.24 17.77 16.69 17.95 19.47 18.54 19.35 19.29 23.28 23.70 24.40 20.40 19.80 18.73 19.92 25.23 27.08 29.02 29.93 29.16 27.45 25.43 23.33 22.63 21.54 20.25 19.17 18.28 17.51 18.98 19.82 20.25 19.82 17.98 18.31 17.99 17.35 16.73 14.58 14.38 14.06 13.45 12.73 12.20 11.93
6.08 6.96 6.59 7.09 7.65 8.49 9.19 19.94 19.33 19.01 17.32 17.08 15.39 17.31 22.69 28.66 33.37 39.13 42.20 41.80 40.03 39.95 39.99 39.42 35.61 30.24 30.98 32.43 33.53 36.70 33.84 33.12 32.90 29.58 29.35 28.04 25.23 23.72 22.65 21.43 20.22 19.59 19.83 19.58 19.10 18.33 18.58 19.72 24.59 24.30 20.10 19.23 18.32 17.58 17.47 18.97 24.91 26.66 27.50 27.53 27.30 26.88 26.19 24.70 23.29 22.20 22.19 23.33 24.84 25.80 22.58 20.41 18.32 16.44 15.45 15.05 14.91 14.71 14.24 13.61 12.91 12.10 11.19
