examples/cougarCreek-fire/createInputs/WindNinja/wrfout_d3.2015081100.f13/cougarCreekFire_08-11-2015_1300_217m_non_neutral_stability_vel.asc
ncols	146
nrows	140
xllcorner	610065.000000
yllcorner	5095217.000000
cellsize	216.586807
NODATA_value	-9999.000000
[rows 105 to 139 of 140, columns 0 to 78 of 146]
5.95 6.66 8.94 9.92 8.65 6.57 15.36 6.17 5.86 12.11 10.17 11.88 12.10 20.26 12.85 13.05 14.77 13.50 11.33 14.17 15.55 10.02 11.57 18.13 18.84 12.89 17.64 13.05 17.51 16.75 11.40 10.68 10.79 11.12 11.35 10.96 9.65 8.46 7.48 7.01 7.65 8.22 8.55 8.88 7.55 3.97 1.12 1.06 0.86 0.44 0.84 1.61 2.42 2.38 0.71 1.91 3.61 4.11 4.04 3.92 4.44 5.25 5.90 6.31 13.91 15.09 16.67 7.39 7.58 7.66 7.62 19.61 19.55 19.32 18.94 19.22 19.53 18.85 17.56
5.29 6.17 8.01 9.35 9.53 8.65 7.18 5.00 12.90 5.78 14.32 9.89 15.16 15.81 11.72 12.93 15.25 13.49 11.30 11.71 14.06 14.07 15.66 11.85 11.61 17.28 12.80 13.14 18.37 12.10 11.78 11.22 11.08 11.19 11.46 11.50 10.99 10.07 8.57 7.18 6.99 7.47 7.98 8.91 9.12 6.61 3.03 1.54 1.57 1.97 2.60 3.13 3.95 4.87 3.57 1.79 3.92 4.55 4.53 4.48 4.95 5.67 6.11 6.25 6.38 6.67 7.00 7.34 7.50 7.55 7.58 7.62 7.70 19.15 18.98 18.91 17.76 18.14 16.04
5.35 5.28 6.87 8.50 9.44 9.63 8.93 6.72 3.98 4.96 12.91 14.56 16.42 8.92 16.62 16.72 11.86 11.71 11.23 9.82 13.47 13.51 10.28 17.23 11.17 11.11 18.40 18.70 11.99 11.96 11.91 11.67 11.43 11.42 11.42 11.36 16.68 16.02 13.51 8.28 7.45 7.61 7.92 8.71 9.79 8.90 5.51 2.79 2.25 2.61 3.36 4.13 5.10 6.77 6.95 4.73 4.56 4.98 5.02 5.06 5.45 5.96 6.27 6.60 7.01 7.29 17.05 17.70 18.87 19.24 20.14 20.23 20.06 19.63 19.11 18.00 17.77 18.56 17.83
3.82 3.28 4.92 6.86 8.40 8.76 8.81 8.18 6.31 14.75 6.90 15.97 7.83 14.76 15.17 14.98 12.83 12.58 12.70 12.02 13.99 8.67 14.50 16.62 16.40 17.89 16.81 17.31 11.40 16.60 11.71 11.66 17.40 11.37 11.38 16.46 11.35 12.26 12.03 10.52 9.18 8.37 8.14 8.74 10.15 18.10 8.43 4.88 2.76 2.48 3.27 4.08 4.72 6.37 7.63 6.69 5.51 5.52 5.55 5.64 5.97 6.47 7.04 7.57 7.88 15.48 17.48 18.61 19.39 19.62 20.22 8.15 20.05 19.98 19.85 19.53 19.13 18.94 18.75
4.17 3.31 4.93 5.42 7.13 7.99 8.00 7.95 7.23 5.82 7.18 7.62 15.41 14.66 15.46 14.68 9.16 12.98 13.23 12.53 12.83 13.44 12.82 16.47 14.19 16.73 17.47 10.96 10.98 17.21 11.00 17.54 11.17 11.27 16.54 10.89 16.29 12.02 12.71 12.02 10.65 9.36 8.71 8.93 17.73 11.75 11.25 7.92 4.32 2.96 3.42 3.92 3.27 4.42 5.75 6.18 6.21 6.24 6.42 6.64 7.01 7.70 8.44 8.97 9.05 8.77 16.77 18.24 19.82 8.57 19.86 7.82 19.95 7.71 7.61 19.28 18.91 18.81 18.88
4.85 4.68 4.12 5.41 5.60 7.33 7.75 7.58 7.53 6.83 7.98 7.23 17.03 7.53 7.75 14.27 13.63 14.89 7.80 14.07 11.85 13.17 14.94 15.10 14.90 14.92 16.98 15.64 16.82 17.73 17.10 11.29 16.96 16.88 16.74 16.79 16.91 12.10 17.16 12.16 11.21 10.12 9.34 16.56 17.23 18.36 12.70 10.90 6.94 4.49 4.24 4.19 3.13 3.85 5.03 5.83 6.74 7.33 7.76 8.15 8.64 9.27 9.95 10.45 10.36 10.08 16.32 16.92 18.97 19.77 20.20 19.39 18.93 20.17 19.04 17.32 17.75 17.55 16.95
3.90 4.12 4.21 3.40 3.40 5.03 6.66 6.99 7.03 6.67 7.69 7.72 7.95 7.32 14.65 15.62 9.24 9.13 8.34 7.60 7.44 7.04 7.00 15.37 14.50 16.09 15.60 17.58 17.81 10.94 15.49 11.71 16.27 16.42 17.00 17.20 12.25 12.73 12.87 17.84 17.35 17.08 16.85 16.60 16.63 17.67 12.16 12.65 9.76 6.48 5.70 5.51 5.04 5.59 6.61 7.33 7.90 8.27 8.57 8.95 9.41 9.97 10.53 10.73 10.34 19.24 19.17 19.08 19.27 19.21 19.58 17.64 16.06 16.62 17.51 18.17 18.22 17.40 17.50
3.71 3.67 3.87 3.31 3.13 2.88 3.24 4.98 7.08 9.12 19.39 8.17 15.90 15.84 13.40 15.52 8.78 9.58 9.52 9.43 9.07 8.46 8.20 15.10 13.17 14.60 16.07 11.46 11.67 16.95 16.92 17.14 17.62 12.29 17.68 16.28 12.81 13.20 18.79 18.53 18.19 17.60 17.55 17.38 16.62 8.72 10.43 12.55 11.72 8.44 7.04 6.96 7.04 7.58 8.42 8.84 8.85 8.77 8.83 9.11 9.54 10.08 10.53 10.48 9.87 9.55 9.86 10.12 20.70 20.94 21.46 20.88 19.80 20.67 19.75 19.60 18.62 19.07 18.46
4.12 4.18 4.31 4.16 3.27 1.70 1.96 3.57 5.83 8.17 7.12 16.43 13.31 12.42 13.90 14.23 7.00 8.38 9.34 10.22 10.58 10.52 9.67 15.54 13.62 14.30 15.71 16.62 16.34 16.67 16.55 16.54 16.71 12.33 12.34 12.65 13.08 18.42 18.91 18.70 18.69 18.82 18.97 17.67 15.69 8.89 9.30 11.47 12.63 10.37 8.02 7.61 7.79 8.39 9.27 9.82 9.97 9.97 9.82 9.85 10.26 10.57 10.61 10.17 9.49 9.17 9.18 9.21 9.32 20.53 20.18 9.07 20.61 20.40 20.19 19.94 19.95 19.64 17.95
4.56 4.73 4.74 4.85 4.95 4.34 3.43 3.09 4.43 5.11 15.77 5.56 6.09 16.62 16.30 13.09 5.96 6.23 7.32 8.92 9.73 10.28 10.17 15.31 13.89 14.23 14.94 15.24 15.63 16.32 16.08 16.68 11.75 12.02 17.66 12.89 18.83 18.92 18.73 18.71 18.74 19.28 18.51 12.94 11.53 10.42 10.04 11.09 12.78 11.91 9.01 7.67 7.58 7.91 8.67 9.75 10.65 11.11 11.13 10.94 10.93 10.86 10.45 19.55 19.28 19.50 19.74 20.31 20.37 21.04 21.16 20.72 20.47 19.88 19.13 20.05 19.26 21.33 20.59
4.91 5.19 5.54 5.69 6.34 7.25 7.31 6.42 5.66 4.15 3.05 5.16 17.15 17.20 8.14 7.24 7.28 6.72 6.93 7.88 14.20 16.80 15.66 14.75 13.43 13.02 16.70 14.42 14.88 14.87 18.22 15.02 15.89 16.82 12.43 12.83 18.45 18.80 13.52 19.17 18.82 18.37 18.06 17.30 17.03 11.52 11.38 11.55 12.78 13.13 10.59 8.12 7.48 7.37 7.56 8.42 9.67 10.77 11.31 11.08 10.49 10.23 10.01 9.53 18.19 19.40 20.16 20.68 20.85 19.67 19.92 19.24 18.76 20.61 18.71 19.12 19.10 18.48 17.82
4.78 5.27 5.90 6.11 6.60 6.99 7.18 7.96 8.52 7.99 6.40 5.80 18.70 15.39 7.71 8.81 8.71 8.12 8.55 8.92 9.33 15.75 14.09 13.62 13.96 17.41 15.35 14.48 14.65 17.34 17.19 13.93 14.75 16.62 12.49 18.52 18.33 18.65 13.40 19.26 18.62 17.91 17.50 17.73 18.10 18.86 11.66 12.06 12.86 13.88 12.79 10.01 8.41 7.85 7.51 7.61 8.28 9.12 9.69 9.87 9.75 9.71 9.60 19.84 18.77 19.03 19.44 19.43 19.78 19.53 20.92 19.64 20.51 20.35 19.37 19.47 18.48 17.54 16.57
4.22 4.56 5.26 5.67 5.80 5.84 6.55 8.12 9.78 10.84 9.91 5.71 4.65 8.02 8.73 8.85 9.08 9.59 10.03 10.35 10.82 16.85 15.36 13.76 13.85 10.27 15.65 15.71 15.25 15.89 17.57 13.91 14.70 16.51 17.54 17.67 12.76 12.79 18.71 18.82 18.41 17.51 16.90 17.36 17.62 18.49 19.06 11.83 12.58 13.97 14.75 12.97 10.42 8.93 8.10 7.75 7.71 7.87 8.25 8.77 9.24 9.54 20.16 9.80 19.22 19.93 19.82 18.99 19.43 21.72 21.68 20.55 20.72 20.23 19.71 17.88 18.99 18.60 17.94
4.68 4.00 4.70 5.50 6.17 6.81 7.88 8.89 10.08 11.62 12.32 11.89 11.45 10.65 14.89 7.86 8.57 8.99 9.60 10.41 10.89 15.20 10.52 12.79 10.81 11.49 14.93 15.35 17.74 16.22 15.13 15.17 15.20 16.26 17.46 18.00 17.85 18.22 18.53 18.19 18.09 17.37 16.92 17.07 18.08 10.74 18.76 17.81 10.95 12.90 15.06 15.38 13.56 11.04 9.33 8.62 8.30 8.28 8.48 8.71 18.16 19.38 9.62 9.63 20.16 21.27 20.28 19.10 19.87 21.55 20.87 19.11 19.76 19.33 19.14 17.95 18.21 18.33 18.14
4.51 4.27 5.07 5.87 6.75 7.82 8.93 9.73 10.12 10.25 10.86 11.94 12.38 10.75 8.47 12.15 7.40 8.09 15.08 9.55 17.43 14.68 15.12 10.17 10.64 16.51 15.91 17.06 17.12 18.58 14.92 16.18 15.82 16.19 16.99 17.45 18.16 18.77 18.12 17.69 17.67 17.40 16.78 16.80 17.04 17.96 17.61 16.89 17.50 9.98 12.59 15.35 16.05 14.19 11.74 10.13 9.36 9.04 18.34 18.89 19.16 19.45 20.87 20.22 20.58 20.90 20.83 19.64 18.98 20.04 20.86 20.98 20.82 19.17 18.30 17.53 19.09 19.60 22.08
4.00 4.67 5.83 6.56 7.27 8.32 9.32 10.00 9.76 9.62 8.27 8.87 9.55 9.11 7.93 7.69 12.75 13.04 13.27 15.42 16.21 9.57 14.75 15.45 14.90 14.76 17.26 18.01 14.83 13.75 15.26 10.94 16.11 15.98 16.77 17.40 18.79 18.70 17.98 18.00 18.00 18.21 17.32 17.05 17.45 17.59 17.53 17.55 16.89 17.05 18.50 12.45 15.15 15.60 13.90 11.53 19.27 18.69 18.95 19.42 19.73 20.43 20.16 20.84 21.21 20.78 20.33 22.59 19.90 18.86 21.14 20.87 20.25 19.98 19.38 19.56 19.48 18.59 18.08
4.35 4.73 5.83 6.45 7.21 7.82 8.67 9.20 9.09 8.72 8.67 8.84 9.34 9.36 8.81 7.59 13.09 12.70 12.30 15.42 15.29 14.56 13.28 15.00 16.09 16.98 17.59 16.91 16.35 11.22 19.66 16.09 16.26 16.36 16.93 17.68 18.15 18.31 18.63 17.94 19.11 18.74 18.22 17.64 17.63 17.75 17.82 18.36 17.85 17.47 17.95 19.44 21.44 23.19 23.23 21.66 20.23 19.11 19.17 19.99 20.11 20.18 20.96 21.18 10.30 10.58 20.69 22.33 19.88 18.76 19.28 21.06 20.92 20.36 18.01 18.89 17.08 18.36 17.19
4.28 4.61 5.20 6.35 5.74 5.49 7.52 7.80 8.35 9.26 10.69 10.12 10.24 10.38 10.21 10.04 9.34 12.86 9.55 18.06 15.42 15.70 15.61 16.25 11.06 10.61 19.45 15.90 14.54 11.34 17.35 15.86 16.67 17.05 17.39 17.87 17.72 17.89 18.53 18.70 19.62 19.65 18.62 18.49 18.36 18.18 18.52 19.04 18.98 18.61 18.82 19.51 20.61 21.81 22.94 23.17 21.72 20.09 19.17 20.36 20.40 20.70 20.69 22.02 10.21 10.28 22.24 22.52 22.32 19.99 18.83 18.25 18.46 17.97 17.50 18.51 18.26 18.50 18.60
4.90 4.73 4.76 4.81 5.27 5.01 6.36 6.69 7.75 8.99 10.37 10.21 10.09 10.46 10.68 11.00 10.89 13.01 11.38 17.68 15.63 15.86 16.38 16.93 11.65 11.94 18.07 12.20 12.68 12.96 13.71 17.93 17.69 17.05 17.39 17.43 17.34 17.82 18.18 18.50 19.28 19.12 18.96 18.90 18.98 18.45 18.75 19.28 19.51 19.25 19.27 19.60 20.78 20.94 22.04 22.57 22.39 21.02 19.37 19.90 20.40 20.08 19.07 21.26 20.95 9.51 9.81 21.86 21.62 22.24 21.67 20.46 19.98 19.22 19.64 19.54 18.42 17.72 19.25
5.28 4.77 4.39 4.75 4.38 5.53 6.31 6.56 7.81 8.87 9.67 11.36 10.03 10.43 10.47 10.43 10.93 11.15 12.83 11.68 15.77 15.56 16.36 16.80 11.89 12.95 12.85 13.06 13.16 13.37 13.11 18.58 17.64 16.44 17.33 17.03 16.63 16.95 17.34 17.96 18.79 18.89 19.07 19.02 19.31 19.63 19.27 19.94 19.63 19.81 19.75 20.07 20.36 21.27 21.75 21.95 22.05 20.79 19.39 19.58 19.62 18.78 19.78 20.08 20.15 8.40 8.77 20.99 21.61 21.48 22.08 22.92 22.83 22.49 21.78 19.52 18.73 17.95 18.61
4.89 4.63 4.26 4.35 5.54 5.87 6.50 6.91 8.24 9.16 10.07 10.68 10.57 10.42 10.55 10.58 11.01 11.53 11.81 12.98 11.81 16.62 16.53 16.45 17.01 17.04 13.13 13.18 19.52 13.39 13.09 17.72 17.12 17.33 16.31 15.84 16.29 16.29 16.86 17.25 18.16 18.22 18.50 19.06 19.45 19.81 19.44 20.02 19.34 19.84 20.00 20.45 21.19 21.28 21.64 21.24 20.61 19.44 18.32 18.24 18.50 17.08 17.91 18.28 19.49 20.02 20.21 20.45 17.08 10.26 21.28 22.92 22.54 21.76 21.90 21.07 19.06 17.63 18.33
4.71 4.71 4.51 4.95 5.41 6.14 6.82 7.99 8.79 9.05 10.08 11.17 10.46 9.69 10.18 11.09 11.85 21.56 11.17 17.35 14.36 18.40 16.87 15.63 12.59 16.44 17.78 18.29 17.14 17.40 12.62 12.71 18.18 16.71 16.17 16.08 16.82 16.85 17.37 18.60 18.31 18.29 18.50 19.05 19.51 19.83 19.78 20.34 20.01 20.04 20.20 20.19 20.33 21.12 21.56 22.15 20.26 11.99 10.80 9.93 9.40 9.10 9.06 9.23 9.56 9.72 18.09 10.49 11.63 11.86 22.42 23.47 22.14 21.22 10.55 20.63 19.72 16.66 17.48
4.20 4.55 5.24 5.63 6.40 7.16 7.34 8.21 9.67 7.88 8.37 9.65 11.04 9.24 9.69 10.77 11.71 12.18 15.68 15.73 16.19 18.35 16.25 16.58 14.09 17.81 19.98 20.05 12.20 12.17 16.53 19.44 17.73 16.73 16.23 15.62 16.33 16.74 17.27 17.92 18.49 18.21 18.79 19.36 19.26 20.19 20.35 20.15 20.80 20.84 21.52 21.75 22.00 12.20 12.67 13.22 13.45 12.71 11.65 11.02 10.74 10.62 10.49 10.54 10.67 10.93 11.29 11.72 10.41 9.63 21.69 21.69 21.26 20.90 19.77 23.11 19.86 16.93 17.01
4.59 4.79 5.14 5.97 6.54 5.53 5.10 6.40 6.92 6.81 6.01 7.65 9.02 9.10 8.92 9.20 10.09 11.10 10.26 14.93 17.51 15.76 16.69 17.91 18.49 18.50 19.08 13.22 12.53 11.63 16.73 17.54 17.46 15.94 15.55 16.03 16.64 17.91 17.71 17.81 17.66 14.32 14.62 14.78 15.25 20.75 21.22 21.57 15.82 15.84 15.56 15.50 15.18 15.13 15.28 15.39 15.14 14.18 12.82 11.75 11.67 11.95 12.17 12.10 11.86 11.71 11.53 20.46 20.89 7.64 8.09 21.35 20.92 20.59 20.20 23.00 19.73 16.92 15.45
5.24 5.09 5.07 5.77 5.61 4.89 4.42 4.18 4.75 5.07 4.76 6.49 7.95 9.86 7.39 7.21 8.25 9.56 10.25 10.16 18.17 15.34 16.48 19.61 20.08 20.07 18.87 13.76 12.59 12.12 18.07 16.46 16.08 14.86 12.70 15.85 17.14 17.02 17.00 17.26 14.78 15.54 16.08 16.47 16.88 17.47 17.96 18.06 17.92 17.96 18.24 18.45 18.35 18.31 18.41 18.35 17.69 15.97 13.61 12.20 12.71 13.77 14.43 14.51 14.10 13.45 12.68 11.76 10.65 9.74 9.56 10.00 9.75 19.24 20.02 21.07 20.98 18.33 17.28
5.94 5.67 4.96 4.93 5.42 4.99 4.74 4.45 4.45 3.99 4.88 6.79 7.64 7.89 7.93 6.65 9.00 9.15 10.26 11.41 11.93 17.34 16.01 19.08 19.36 16.60 20.32 16.79 12.15 17.97 17.71 17.22 16.73 15.40 13.03 13.45 16.35 16.89 14.69 15.15 15.82 16.73 17.55 18.15 18.63 19.10 19.66 20.07 20.24 20.08 19.99 20.22 20.39 20.49 20.80 21.28 21.18 19.49 16.35 14.09 14.67 16.11 16.94 17.03 16.65 16.10 15.47 15.09 14.74 13.77 12.52 11.83 20.02 10.64 19.08 20.15 20.81 20.20 19.44
6.42 5.87 4.93 4.86 4.87 4.86 5.09 5.05 5.05 5.63 6.23 5.58 7.67 7.72 8.49 7.77 8.76 10.66 11.46 12.67 13.05 12.65 17.56 19.24 18.19 19.43 16.14 15.51 10.73 18.10 17.28 16.56 16.54 14.99 15.44 16.26 16.92 14.38 15.44 16.45 17.28 18.03 18.60 19.04 19.50 24.10 24.55 20.73 21.44 21.77 21.79 21.86 22.14 22.65 23.28 24.08 24.94 24.72 23.03 21.21 20.39 20.04 19.37 18.92 18.74 18.44 17.94 17.26 16.54 15.55 14.19 13.08 12.33 18.66 18.04 19.60 19.10 18.53 18.62
6.81 6.15 4.93 4.65 4.46 4.77 4.81 4.93 5.69 6.02 6.76 6.04 7.88 8.43 8.86 11.96 10.02 11.25 12.39 13.02 13.19 13.16 12.67 20.83 17.04 18.81 17.90 19.87 19.00 16.85 16.36 16.41 15.75 13.87 10.83 12.51 12.80 14.85 16.63 17.71 18.28 22.24 22.77 22.92 23.87 24.25 20.54 20.70 21.12 21.65 22.25 22.65 23.05 23.76 24.90 26.31 27.68 28.45 28.46 27.94 26.76 24.23 21.40 19.73 19.19 18.93 18.86 18.32 17.92 17.27 16.09 15.03 14.07 13.33 12.69 11.84 18.15 11.40 17.09
6.92 6.24 4.95 4.59 4.31 4.33 4.53 5.18 5.38 6.01 6.58 7.15 7.73 9.04 9.60 10.37 10.96 17.38 12.34 12.76 13.04 13.24 13.13 20.78 18.16 13.73 18.87 18.56 17.86 16.80 17.32 17.06 12.33 11.34 12.39 14.67 16.78 18.12 18.38 22.08 22.35 22.95 22.03 18.08 23.48 24.48 20.12 20.28 20.47 20.96 21.76 22.49 22.93 23.54 24.88 26.79 28.28 29.02 29.23 29.48 29.30 26.95 23.71 21.20 19.51 18.87 19.09 18.99 18.39 17.87 17.02 16.18 23.17 22.08 20.50 18.15 12.92 17.45 15.28
6.01 5.73 4.82 4.32 3.74 3.85 3.69 4.53 5.76 6.60 7.45 8.11 8.76 9.98 10.40 11.48 11.65 12.87 12.45 12.83 13.31 13.60 13.63 13.68 19.26 13.89 13.65 20.39 18.94 18.74 18.33 13.40 13.60 15.36 18.09 19.81 20.48 20.49 19.84 25.04 22.72 21.82 17.47 18.12 19.05 19.62 19.75 19.85 20.21 21.01 21.98 22.33 22.01 22.24 23.53 25.02 26.10 26.90 27.46 28.10 28.64 27.98 26.01 23.66 21.49 19.81 19.49 27.21 19.85 19.17 17.95 16.38 21.15 23.53 22.31 21.68 21.43 13.89 20.58
5.72 4.89 4.53 4.29 3.32 3.30 3.18 5.23 7.31 7.77 8.03 8.64 9.71 10.53 11.28 11.96 11.98 12.47 12.92 13.45 13.86 13.92 13.80 13.38 19.33 19.05 13.56 20.74 19.00 18.20 14.18 15.11 17.33 19.86 21.60 21.39 20.55 19.67 18.47 24.47 22.03 17.34 17.36 17.79 22.95 19.13 19.29 19.48 19.85 20.61 21.95 22.93 21.68 20.28 21.08 21.78 22.04 23.17 25.21 26.63 27.24 27.56 26.98 25.57 23.95 22.05 20.74 20.86 21.30 21.01 19.72 20.01 18.06 18.08 14.99 21.00 22.02 13.84 21.49
6.46 5.06 3.74 4.21 3.78 4.76 6.28 7.88 8.59 8.52 8.54 9.11 9.72 10.37 11.63 12.18 12.64 12.52 12.98 13.32 13.26 18.27 12.97 12.84 12.57 13.97 18.52 19.30 19.47 15.87 16.75 18.86 20.51 20.87 20.01 18.91 18.03 17.30 16.43 22.74 16.94 17.10 17.16 17.32 21.97 18.01 18.41 18.66 18.86 19.09 20.65 23.70 23.99 20.87 19.50 19.34 19.31 20.46 23.25 25.39 25.97 26.30 26.72 26.43 25.54 24.39 23.15 22.29 21.99 21.90 23.66 23.27 22.26 19.89 17.54 18.11 20.63 20.73 22.54
6.11 5.24 3.74 3.64 4.80 5.76 7.30 7.63 7.58 7.96 8.58 9.33 10.28 10.60 11.77 12.17 12.75 12.43 12.62 13.46 12.10 11.80 11.90 12.34 12.92 13.27 14.34 20.93 19.30 16.77 18.77 20.31 19.93 18.00 15.88 14.90 14.39 14.18 14.40 20.03 18.73 16.47 16.78 16.85 16.85 17.13 17.69 18.00 18.13 18.13 19.36 23.12 26.23 24.66 21.17 19.46 18.93 19.60 21.70 23.75 24.72 25.28 25.98 26.46 26.04 25.24 24.37 23.43 22.61 22.42 21.86 20.93 26.78 25.68 20.01 19.11 19.55 18.02 21.46
5.01 4.74 3.72 2.59 4.40 5.66 6.58 5.92 5.58 6.57 8.02 9.21 10.06 10.75 11.31 12.31 11.97 12.98 12.18 12.53 11.77 11.51 11.47 12.02 12.93 13.78 14.82 15.42 19.86 16.49 17.03 16.71 15.12 12.96 11.33 10.33 10.56 11.10 18.97 17.16 15.09 15.82 18.59 18.90 16.29 16.31 16.69 17.52 18.21 18.47 18.45 19.42 23.08 25.69 23.72 20.91 19.37 19.35 20.66 22.54 24.00 25.02 25.79 26.52 26.69 26.17 25.37 24.44 27.15 22.57 28.86 26.89 27.48 27.06 24.05 21.24 20.67 17.09 16.46
4.91 4.26 3.41 2.32 4.31 5.53 6.04 5.16 4.80 5.98 7.70 9.10 10.08 10.81 11.35 11.66 11.82 11.90 11.91 11.87 11.82 11.57 11.44 12.01 12.94 13.88 15.18 16.30 21.18 15.85 14.71 12.74 14.17 10.13 9.11 8.77 8.22 9.33 16.12 15.93 14.49 15.53 15.83 15.76 15.66 15.82 16.12 17.14 18.24 18.74 17.81 16.69 19.39 24.45 24.51 21.37 19.62 19.10 20.15 22.09 23.85 25.13 25.89 26.71 27.23 27.01 26.24 24.96 23.57 24.99 24.34 23.54 19.60 25.45 20.24 19.60 19.66 17.90 15.69
