examples/cougarCreek-fire/createInputs/WindNinja/wrfout_d3.2015081100.f13/cougarCreekFire_08-11-2015_1300_217m_non_neutral_stability_vel.asc
ncols	146
nrows	140
xllcorner	610065.000000
yllcorner	5095217.000000
cellsize	216.586807
NODATA_value	-9999.000000
[rows 0 to 34 of 140, columns 0 to 78 of 146]
5.96 4.05 5.31 6.45 9.18 5.30 5.56 6.96 8.48 9.55 10.33 11.07 11.88 11.91 15.99 12.47 16.05 16.10 13.14 15.20 16.92 18.19 19.19 19.45 19.17 19.39 19.92 20.24 20.95 21.90 21.38 24.11 19.01 19.41 19.24 19.56 20.17 20.24 19.72 19.50 19.34 18.80 18.33 18.23 18.07 17.59 17.06 16.84 16.61 9.63 14.84 5.30 14.47 9.44 14.83 14.75 10.42 4.33 17.47 18.91 19.79 16.11 21.92 22.57 22.59 20.01 25.24 28.81 29.85 29.41 29.77 30.09 30.55 32.16 34.17 33.03 29.08 30.20 36.08
5.96 4.05 5.31 6.45 9.18 5.30 5.56 6.96 8.48 9.55 10.33 11.07 11.88 11.91 15.99 12.47 16.05 16.10 13.14 15.20 16.92 18.19 19.19 19.45 19.17 19.39 19.92 20.24 20.95 21.90 21.38 24.11 19.01 19.41 19.24 19.56 20.17 20.24 19.72 19.50 19.34 18.80 18.33 18.23 18.07 17.59 17.06 16.84 16.61 9.63 14.84 5.30 14.47 9.44 14.83 14.75 10.42 4.33 17.47 18.91 19.79 16.11 21.92 22.57 22.59 20.01 25.24 28.81 29.85 29.41 29.77 30.09 30.55 32.16 34.17 33.03 29.08 30.20 36.08
7.07 6.90 7.94 8.73 12.97 13.30 8.93 5.92 19.01 22.08 22.89 23.27 12.36 13.47 24.27 22.41 22.53 15.93 16.61 13.19 15.56 19.17 21.26 20.35 18.69 18.52 29.30 29.33 20.18 19.03 18.33 30.63 22.84 23.47 19.25 19.50 24.95 15.99 16.22 16.25 14.87 14.61 18.30 18.52 13.59 13.05 9.58 11.90 8.34 8.73 9.85 12.49 7.37 9.13 14.37 14.55 11.27 5.94 17.92 17.43 14.30 5.94 10.95 12.36 16.39 13.26 26.88 29.39 22.55 31.36 31.08 30.89 17.33 32.99 34.49 25.60 24.40 31.31 35.12
2.67 6.81 9.05 11.31 11.75 12.71 16.22 16.05 18.62 13.53 22.94 23.54 14.19 13.31 20.82 18.33 21.58 22.03 22.30 17.49 16.19 21.13 26.13 21.64 18.87 18.12 27.01 29.04 20.65 19.19 25.26 27.70 30.11 29.79 28.49 27.63 27.15 23.52 20.62 22.33 20.48 19.49 20.18 19.32 18.49 14.26 15.65 17.42 16.17 15.01 12.58 7.96 3.01 6.07 13.22 13.76 12.82 4.28 6.32 4.12 5.94 6.22 9.86 12.76 15.89 13.22 28.95 17.88 28.74 32.76 30.39 18.36 33.16 34.46 35.32 25.61 25.61 32.72 34.14
3.00 10.52 9.25 12.30 12.57 13.66 8.92 16.04 6.63 10.03 26.10 25.80 14.46 12.80 13.74 20.13 23.18 22.25 25.63 26.84 21.52 21.23 22.68 26.14 20.47 19.15 18.93 31.37 27.92 27.12 26.79 25.59 30.87 29.38 29.42 28.79 28.86 28.05 21.84 19.96 19.84 20.91 20.40 19.03 17.82 15.61 18.38 19.82 17.29 12.47 9.37 6.47 4.63 5.13 7.52 9.00 5.13 9.21 3.58 18.60 11.36 7.11 9.27 17.62 12.93 27.68 16.14 28.94 29.84 30.34 19.09 33.45 34.29 35.15 25.99 32.48 32.11 31.29 34.07
4.60 10.87 8.86 13.76 12.69 14.31 16.67 19.65 22.24 24.32 24.84 26.80 17.32 13.24 13.05 13.56 24.58 23.02 25.13 20.88 22.84 20.00 20.90 32.92 25.88 20.24 18.64 31.26 30.13 28.60 25.35 26.61 30.69 29.45 29.91 28.72 29.24 28.64 23.72 19.73 21.25 22.36 19.97 18.37 19.68 18.70 17.54 17.00 12.39 7.37 6.20 6.61 5.91 5.03 4.86 6.01 4.68 7.15 15.20 2.88 9.35 10.34 14.96 15.66 24.63 14.90 23.78 27.23 27.72 16.70 32.67 24.47 24.50 32.94 31.68 30.80 25.00 29.07 33.06
9.12 11.78 8.80 9.95 14.09 13.34 15.17 10.35 23.50 26.56 25.68 25.51 25.19 13.38 11.69 12.90 25.99 25.58 18.59 20.61 22.04 21.77 22.10 24.43 30.59 21.14 28.62 29.46 30.74 26.64 21.98 27.81 30.81 26.71 28.06 28.99 28.42 29.20 23.15 21.25 21.77 22.42 19.39 18.46 21.12 15.72 13.92 10.78 13.36 5.98 3.17 0.78 8.76 9.96 6.78 3.02 1.41 1.93 3.60 6.76 9.05 15.62 19.12 8.55 18.80 21.74 25.20 25.16 18.05 30.41 23.22 29.94 31.64 29.67 28.37 18.29 27.89 29.23 31.15
10.63 12.20 13.42 14.49 14.33 15.50 17.87 20.61 23.43 12.30 25.06 24.91 25.09 15.76 13.23 12.25 22.54 23.93 28.50 19.64 20.95 20.46 21.35 24.12 31.96 22.53 21.17 32.46 29.95 21.59 22.30 30.37 26.66 22.79 28.50 29.55 29.09 28.34 25.94 23.79 24.18 22.73 21.54 20.30 19.20 14.28 9.47 9.72 6.31 3.61 9.66 10.58 9.48 7.53 7.25 7.84 5.58 3.74 7.88 10.39 13.30 17.50 12.56 22.20 16.28 22.93 24.78 24.14 18.85 22.95 29.45 29.57 29.29 17.79 28.19 15.96 27.32 28.24 29.33
10.41 12.47 12.02 13.43 14.26 14.87 17.51 21.35 25.73 26.32 26.07 11.34 12.29 23.05 12.85 11.90 14.89 24.20 25.83 18.29 20.03 20.19 18.29 21.51 36.91 24.44 22.32 30.80 28.18 22.26 23.23 28.94 23.37 22.18 29.67 29.14 28.63 28.43 29.38 30.11 28.14 23.00 23.34 24.38 16.31 16.13 13.32 8.94 12.36 10.83 12.11 11.89 9.70 8.45 5.88 7.17 7.47 8.00 11.48 14.33 14.05 10.14 9.43 12.13 20.28 23.04 24.99 22.92 22.81 29.07 27.71 22.63 20.37 29.04 19.22 21.38 25.91 27.00 29.34
10.99 13.19 13.83 15.72 14.62 18.17 19.41 22.33 24.62 23.28 23.62 25.19 24.86 24.13 20.96 13.73 14.80 15.36 28.30 17.38 19.03 20.08 19.18 20.32 26.12 30.67 23.58 27.57 30.80 25.90 22.59 27.61 25.33 25.39 29.28 28.27 27.95 29.80 29.37 30.56 27.59 22.91 24.25 20.05 17.27 12.21 14.89 15.62 11.34 11.66 11.16 9.54 11.72 10.30 12.21 10.40 10.55 10.54 13.22 12.03 6.10 18.58 14.54 19.95 21.50 21.24 22.48 22.02 24.25 26.80 22.80 28.46 28.34 20.04 19.82 26.98 26.88 28.54 30.75
8.25 12.19 14.34 15.28 16.35 17.01 19.81 23.67 23.93 22.92 23.50 23.19 23.38 24.45 15.02 15.05 15.09 14.34 27.14 27.57 19.51 29.50 18.85 19.39 25.22 33.65 25.16 25.24 30.17 23.74 19.97 26.79 23.62 24.28 29.11 29.35 30.48 30.73 30.54 31.64 25.55 23.62 19.61 17.10 14.06 11.53 15.11 13.40 13.00 8.49 2.68 10.82 14.64 11.04 9.91 11.79 12.65 11.33 13.15 6.42 9.99 11.93 20.06 22.39 19.45 20.29 24.01 24.21 25.60 27.38 22.62 21.91 20.30 21.63 19.08 28.25 28.73 29.89 30.99
8.00 10.63 10.89 14.33 15.69 17.77 20.29 23.80 23.67 22.34 22.47 22.68 22.47 23.92 22.57 25.10 16.44 14.70 24.22 28.78 18.60 30.41 18.91 18.98 24.72 34.25 26.28 27.84 31.17 22.81 20.36 26.57 23.59 25.90 29.53 29.53 30.64 30.85 31.19 31.13 30.88 22.88 23.08 17.30 13.76 10.89 15.14 15.14 11.76 10.08 14.58 14.97 13.30 11.44 10.89 13.59 13.76 13.22 12.50 8.52 10.39 18.67 21.91 21.86 21.82 26.58 22.26 22.73 23.36 24.45 25.24 21.65 26.97 19.29 27.86 28.43 29.00 29.65 30.12
8.63 10.31 10.88 10.42 14.28 16.00 21.64 22.92 21.76 23.37 21.74 21.98 21.56 22.68 15.71 18.23 16.77 25.68 26.59 29.68 29.28 31.46 31.91 20.14 24.00 29.53 27.42 27.85 30.28 23.49 22.15 24.45 25.81 17.39 30.28 31.11 32.21 31.02 29.44 24.45 34.96 24.99 19.83 19.02 12.46 14.37 17.85 12.72 12.85 13.33 16.37 17.79 13.01 11.53 14.50 17.34 15.53 16.16 15.45 10.46 15.54 14.89 24.10 23.70 19.20 20.29 20.85 21.00 21.12 21.39 22.58 24.37 18.88 17.88 27.76 27.86 28.07 28.37 28.53
4.48 5.40 11.05 15.98 16.49 17.54 20.61 12.93 8.62 9.08 20.75 23.07 23.90 23.62 16.41 18.48 17.44 22.33 27.64 28.31 29.74 31.20 31.66 31.73 23.67 29.46 30.12 31.09 27.56 23.80 19.60 23.23 27.37 30.03 30.96 32.13 32.89 32.62 22.01 26.93 32.65 25.32 18.06 14.40 14.32 19.91 19.13 14.90 13.99 17.07 17.66 17.11 13.44 13.49 16.18 17.58 18.75 18.61 19.00 20.22 18.47 14.58 15.85 25.62 27.39 28.09 26.68 24.92 23.74 17.78 21.95 22.95 24.46 26.27 27.04 27.00 26.78 26.39 26.05
3.97 9.18 10.54 16.52 18.24 20.79 21.37 21.92 20.44 8.39 9.95 22.81 23.72 25.37 29.53 19.53 18.72 15.22 24.11 26.88 28.51 30.99 32.42 34.64 24.25 28.74 33.10 30.49 27.07 23.66 18.31 23.36 31.28 30.85 32.51 31.77 32.93 32.79 24.11 29.80 30.35 22.54 15.93 15.16 21.35 20.30 19.50 12.01 13.88 17.94 17.76 16.83 17.04 17.25 19.55 19.43 20.24 21.59 21.15 22.16 24.27 26.07 27.88 25.29 23.87 20.30 18.91 17.60 15.07 22.56 16.49 23.36 23.32 24.75 24.99 25.06 25.01 24.42 23.52
12.55 14.37 16.32 18.37 19.97 21.31 20.87 18.42 19.41 20.26 12.30 22.78 24.43 24.14 27.34 30.84 19.85 14.62 23.52 26.05 26.32 30.49 32.98 32.63 37.95 40.53 35.64 31.96 26.53 23.28 20.04 28.87 31.56 20.45 32.53 32.77 31.48 22.92 26.66 30.34 21.17 21.17 16.15 16.58 21.62 19.19 13.35 12.77 15.04 20.28 16.23 17.46 18.81 17.51 18.44 19.47 21.75 23.92 21.84 21.54 24.32 25.48 21.95 20.80 18.55 18.33 21.66 17.24 17.96 18.38 23.69 20.96 21.36 21.85 21.86 21.56 22.04 22.55 22.35
12.81 14.46 15.83 16.60 19.40 19.48 20.02 18.51 17.71 19.66 20.89 23.86 24.41 25.98 29.18 20.63 18.83 22.21 24.55 28.90 28.09 32.49 33.54 25.72 34.08 39.28 37.45 30.40 27.43 18.71 23.84 30.78 28.27 33.16 31.29 32.64 21.16 24.05 28.36 35.17 26.43 21.32 16.83 13.87 16.92 14.32 13.03 14.70 17.89 19.94 18.51 17.68 19.03 20.50 19.86 19.93 25.56 20.71 24.13 23.77 22.96 21.15 19.10 20.32 18.67 21.91 24.10 16.12 20.12 22.96 22.25 19.47 19.71 20.06 19.36 18.11 18.43 20.14 21.24
14.01 14.79 15.91 16.65 18.18 21.87 20.40 19.29 18.10 17.14 20.45 22.35 23.73 21.76 28.76 18.22 17.25 14.81 25.16 16.74 29.12 31.98 31.43 25.34 30.11 37.12 37.03 30.02 26.51 21.52 29.25 31.29 31.45 32.93 29.46 29.94 21.52 25.42 29.02 32.07 25.98 21.40 17.25 16.53 15.70 14.53 14.02 19.48 18.92 20.81 18.81 18.37 20.86 21.48 18.68 24.11 27.34 18.68 24.60 25.07 21.67 20.99 21.44 24.07 24.66 26.74 27.25 23.12 19.96 20.69 23.98 18.38 16.96 19.19 19.87 19.70 16.85 17.44 19.03
13.47 15.06 15.63 16.72 17.49 20.22 20.26 19.29 18.24 17.54 20.65 23.00 23.86 26.93 30.57 31.33 29.31 28.17 27.54 27.60 30.27 33.98 32.12 28.68 30.43 37.51 35.33 28.67 25.00 26.26 30.96 30.97 33.44 22.58 28.14 30.17 22.86 26.59 35.19 32.68 26.70 23.10 17.48 13.98 15.89 19.39 20.09 19.97 20.75 17.56 19.47 21.24 24.24 19.86 22.14 26.13 22.13 21.97 25.34 21.00 20.17 24.04 27.39 26.09 25.48 26.82 27.21 15.57 20.15 23.57 18.86 15.95 16.61 16.02 15.29 17.11 17.08 16.20 16.50
10.50 13.04 14.16 15.64 16.77 17.26 18.21 17.86 17.71 17.01 20.57 21.62 27.04 26.25 28.10 27.07 29.81 30.25 29.09 30.65 29.31 29.36 28.62 36.43 34.55 36.51 32.00 27.39 27.08 30.23 31.04 33.30 28.17 26.61 19.05 21.89 25.00 27.55 35.16 31.74 27.71 22.91 17.56 13.35 16.23 19.63 20.39 21.66 17.62 17.00 19.45 24.19 14.20 24.08 24.62 21.17 20.99 22.21 22.25 22.36 22.86 25.70 27.43 23.43 26.55 25.42 23.89 25.43 23.67 21.08 17.47 18.53 18.96 18.53 17.95 18.48 18.14 15.20 14.87
3.03 10.29 13.08 14.67 17.46 17.68 18.38 19.01 18.42 18.04 21.03 21.89 22.67 23.72 26.57 28.66 26.64 29.94 28.95 32.85 28.96 29.22 27.12 24.32 35.80 38.81 32.00 27.85 29.03 30.73 32.29 33.59 24.59 26.16 19.24 24.55 26.39 28.21 30.51 28.84 27.03 22.73 16.74 12.41 15.51 15.26 17.01 16.95 19.01 21.55 21.21 25.04 21.36 26.16 17.84 18.24 21.53 22.43 26.05 23.92 23.76 26.00 23.89 22.07 24.01 24.43 23.07 21.82 19.79 23.62 19.62 20.02 18.28 13.88 16.35 17.38 17.08 15.92 15.93
3.76 6.01 10.02 14.56 15.75 16.81 16.02 17.36 17.63 17.31 20.60 23.25 20.98 21.92 23.40 28.57 30.20 31.22 26.07 28.78 30.20 28.31 31.63 35.92 40.75 41.65 34.02 32.36 31.99 31.29 34.14 30.26 22.66 26.55 20.50 25.65 33.89 28.35 37.81 29.85 26.26 20.31 14.37 10.86 15.02 19.05 21.64 18.41 21.84 18.75 24.28 24.70 27.60 23.83 16.76 20.76 18.96 25.54 29.11 22.87 25.15 26.14 24.21 24.64 21.17 24.62 23.50 24.87 20.25 19.97 17.10 16.10 16.63 17.30 16.00 15.00 13.95 15.59 17.65
7.59 9.12 12.56 14.52 16.00 17.40 16.22 18.85 18.30 18.41 20.19 22.07 20.31 19.54 26.21 28.86 29.51 28.49 26.85 32.02 31.94 29.48 29.29 32.51 39.66 43.41 36.93 34.73 32.80 29.49 31.19 27.91 21.80 30.25 20.95 25.22 26.23 28.62 36.28 29.75 23.67 16.75 12.00 9.37 16.01 15.70 16.41 21.07 25.59 23.35 24.97 16.33 17.59 18.74 17.41 19.29 19.10 27.36 25.16 23.40 27.32 26.71 27.31 22.59 21.30 22.20 20.11 20.04 19.98 15.22 13.28 15.40 16.44 13.61 15.35 13.51 13.31 15.30 16.65
6.69 8.72 13.01 7.28 17.68 17.82 17.77 18.11 19.40 19.23 19.33 22.59 23.95 21.83 23.11 29.51 30.88 31.59 31.46 29.70 29.68 29.15 29.85 24.56 27.18 47.13 38.75 35.56 32.23 28.20 32.78 32.33 25.67 31.22 29.17 24.99 27.04 29.44 38.10 28.97 20.02 14.13 11.16 14.52 16.80 21.11 21.89 25.10 23.62 24.69 16.00 17.13 18.41 18.02 18.25 19.27 18.78 19.36 21.53 29.14 31.38 30.64 25.41 23.66 21.88 22.09 19.96 19.41 17.33 14.92 15.95 14.60 14.72 12.24 12.76 12.97 14.97 17.15 18.21
5.12 10.14 3.88 6.68 18.02 17.68 16.76 17.46 19.73 18.87 19.64 22.34 23.64 21.37 23.19 27.40 30.19 29.88 30.00 29.37 29.73 28.74 27.51 28.96 28.55 51.83 44.46 35.65 33.34 34.59 38.73 36.54 29.51 31.37 34.67 25.05 28.23 35.81 34.70 27.17 17.33 16.82 12.34 13.45 18.22 20.42 20.17 23.86 24.91 25.49 16.95 18.17 19.48 20.02 20.34 27.36 29.09 31.04 33.13 25.04 24.21 31.60 21.42 20.48 20.70 22.46 19.76 20.00 18.01 17.07 16.32 13.80 12.08 12.33 14.05 13.42 14.41 16.66 15.80
5.54 11.06 12.54 14.74 16.44 17.31 16.71 18.13 19.95 19.60 19.73 19.60 22.74 23.63 24.07 26.51 30.61 30.04 29.07 30.03 29.52 29.31 27.07 26.75 32.96 50.91 50.58 34.49 36.36 45.34 44.79 34.33 28.26 27.59 32.83 25.00 29.63 39.47 27.60 23.41 14.94 16.07 15.84 19.20 19.60 20.87 20.90 25.61 26.16 26.83 17.92 19.42 20.39 20.88 21.66 31.33 32.32 33.62 23.70 25.27 24.71 27.28 21.71 26.98 26.38 22.32 20.64 20.46 21.44 14.90 14.93 13.38 12.81 13.46 13.09 15.65 14.90 16.45 17.63
4.39 4.77 4.33 14.98 15.16 15.31 17.77 17.44 20.49 19.72 19.49 20.99 21.69 24.86 23.31 25.82 29.72 29.77 28.35 29.16 30.47 29.02 26.09 26.46 31.31 49.93 53.51 34.90 38.36 52.29 42.97 31.35 26.50 28.73 33.51 31.84 41.03 36.48 24.82 16.91 17.49 20.18 19.43 20.64 21.17 23.82 25.36 26.56 26.75 17.59 19.16 20.50 20.72 21.05 21.97 21.36 20.84 22.14 24.77 25.50 30.38 28.60 25.68 24.88 23.07 23.12 17.44 15.23 13.36 12.44 12.90 11.40 11.96 11.99 14.57 12.28 12.99 13.82 16.55
5.35 12.36 11.75 13.69 15.30 16.29 17.82 19.34 19.26 19.56 21.07 22.62 20.37 23.50 24.61 29.42 30.17 28.94 27.54 28.14 29.86 29.37 25.32 25.57 29.13 46.81 56.45 42.12 43.06 52.79 41.19 32.24 29.02 31.89 38.44 43.43 38.87 29.67 21.94 18.86 19.44 21.21 21.01 21.71 23.19 24.71 24.14 26.30 28.25 18.52 19.96 20.78 20.70 20.99 21.80 21.45 21.66 23.06 24.81 25.60 24.99 29.36 22.80 21.35 19.16 13.04 15.14 13.02 12.81 10.45 9.67 10.21 11.36 13.54 12.31 13.10 13.15 15.29 13.80
11.57 11.30 10.81 12.82 15.53 16.20 15.61 18.01 20.84 21.25 19.30 22.82 16.12 24.83 23.96 28.95 30.73 29.12 27.51 28.07 29.23 29.03 26.38 25.51 24.54 35.67 58.08 54.66 52.91 52.59 39.23 34.37 35.71 38.08 40.68 40.01 30.86 23.76 21.82 20.22 19.43 21.09 20.20 20.45 23.21 25.68 25.64 27.97 26.60 18.94 20.38 20.63 20.71 21.28 21.83 21.23 21.83 23.39 24.96 25.91 25.53 24.05 31.68 20.41 18.15 15.61 13.74 12.28 13.05 10.66 9.85 10.33 10.82 11.50 12.45 12.45 12.01 13.75 14.38
10.51 11.94 10.40 12.68 14.69 15.04 17.56 17.45 19.91 21.39 22.85 21.71 21.42 19.06 24.69 27.09 30.70 29.60 28.25 28.92 30.52 29.81 28.26 24.65 25.02 33.81 49.76 58.11 61.51 51.76 41.11 39.50 41.89 40.16 39.56 36.23 27.54 23.48 21.40 19.54 19.27 18.71 18.36 21.16 24.63 26.11 27.72 30.82 18.59 19.68 20.71 21.18 21.29 21.37 20.79 19.49 22.31 24.44 25.22 25.65 25.70 24.05 22.06 19.75 17.67 15.59 17.56 14.83 12.75 11.12 10.39 9.59 8.86 9.55 10.32 10.65 11.07 11.97 12.48
2.95 8.75 11.83 13.16 14.04 15.66 15.83 18.83 19.27 20.13 20.26 22.29 23.57 13.23 19.80 25.77 29.57 27.28 24.72 26.49 29.11 27.08 27.04 24.78 25.13 33.54 42.89 54.12 63.85 53.47 45.14 44.90 41.91 38.13 35.36 28.86 23.07 24.98 19.93 18.15 17.20 17.13 19.61 22.52 23.54 25.98 29.19 17.32 19.57 20.37 21.19 22.10 21.92 20.76 20.88 22.30 23.74 24.94 25.46 31.49 31.14 29.83 21.98 25.92 23.34 19.47 15.55 12.59 9.20 8.22 7.92 10.00 11.16 10.74 12.00 12.81 13.13 13.26 13.27
2.54 3.22 10.03 10.48 12.03 13.94 16.35 18.26 19.04 21.89 22.46 19.85 22.67 22.91 19.60 23.57 28.85 29.84 24.95 25.46 27.01 24.57 24.45 24.78 28.29 37.79 45.61 49.98 58.66 53.08 48.72 47.54 36.81 32.49 26.07 19.27 22.90 26.51 19.36 17.23 15.88 16.97 20.68 23.41 25.00 25.69 27.99 18.31 20.42 21.21 21.64 22.59 22.68 20.93 21.44 23.61 24.46 24.67 25.01 31.95 31.27 29.84 21.61 24.93 21.80 18.89 16.70 13.85 11.92 11.05 10.70 12.02 13.42 14.48 15.09 16.35 17.39 17.11 15.92
3.50 2.30 3.45 12.40 14.05 16.80 17.86 18.28 20.44 18.03 20.92 22.28 24.86 21.74 20.39 26.89 29.45 29.76 28.33 26.50 26.22 24.42 24.31 26.96 34.84 43.69 39.94 47.63 53.82 52.02 52.69 48.92 32.07 24.63 20.16 19.61 24.29 24.00 21.01 21.12 16.76 17.24 21.33 23.47 25.02 25.14 26.30 18.83 19.96 21.20 21.91 22.54 23.44 22.84 22.55 23.48 23.26 23.25 31.66 30.86 29.92 28.36 26.09 23.79 22.22 14.61 12.50 10.36 9.35 9.11 9.60 10.19 10.99 13.04 12.13 12.72 15.96 16.96 14.37
2.83 1.57 3.34 2.24 11.34 13.93 17.59 20.48 20.19 20.53 22.09 20.44 18.38 18.31 25.69 29.26 30.29 29.46 26.33 25.90 29.29 30.51 27.62 28.93 34.23 38.96 47.22 44.67 49.20 50.51 53.07 49.16 27.87 19.28 16.92 17.13 19.31 17.94 16.93 16.64 16.93 20.04 22.52 23.02 25.46 22.97 26.51 19.37 19.65 19.97 21.65 23.19 24.08 24.32 24.18 23.18 21.52 21.94 24.10 24.73 23.50 27.35 24.96 23.23 21.56 18.47 14.61 11.86 10.45 10.50 7.34 7.36 8.64 10.37 11.99 14.47 15.88 16.66 15.95
6.37 4.65 8.40 1.99 3.93 15.63 17.32 19.30 20.64 20.86 23.76 23.15 26.47 24.14 18.58 29.75 29.72 29.04 26.17 24.45 27.51 32.41 35.50 39.83 36.41 39.47 38.66 40.13 45.88 50.99 52.71 47.15 25.15 14.20 12.81 12.72 12.50 11.37 12.26 13.36 16.45 19.61 21.66 22.38 26.97 26.73 28.16 20.41 20.63 20.35 21.94 24.34 25.88 25.72 25.08 24.31 23.08 23.02 24.71 24.40 22.94 19.81 23.94 22.08 19.18 16.51 13.71 8.56 6.17 6.30 7.73 9.31 10.35 13.53 14.85 15.31 15.10 14.91 14.95
