examples/cougarCreek-fire/createInputs/WindNinja/wrfout_d3.2015081100.f13/cougarCreekFire_08-11-2015_1300_217m_non_neutral_stability_vel.asc
ncols	146
nrows	140
xllcorner	610065.000000
yllcorner	5095217.000000
cellsize	216.586807
NODATA_value	-9999.000000
[rows 70 to 104 of 140, columns 0 to 78 of 146]
4.25 4.68 7.45 17.62 23.69 23.83 22.27 22.22 24.19 27.70 28.39 28.27 28.74 27.37 23.47 14.86 5.44 5.36 6.06 5.31 5.17 5.79 3.77 2.54 4.40 10.98 13.68 16.69 12.81 13.66 16.13 10.84 7.30 9.11 12.70 13.12 13.22 15.14 16.84 10.72 8.87 10.93 13.46 14.17 10.94 7.82 15.70 13.53 13.04 8.20 7.57 16.45 17.76 13.26 12.10 8.10 13.33 7.73 5.37 2.25 1.85 2.66 5.93 9.23 12.19 14.02 14.71 19.76 15.15 15.15 14.19 12.53 17.16 16.62 16.72 16.47 16.60 13.19 5.31
2.40 2.77 10.62 21.78 23.51 23.32 21.25 22.41 24.61 25.93 26.97 27.92 28.70 28.84 25.05 12.67 6.17 6.87 6.56 5.74 4.68 5.21 4.65 1.85 8.07 12.45 16.24 11.62 8.64 12.19 14.95 10.15 6.40 9.55 10.64 11.82 11.52 12.68 14.69 5.93 11.00 18.35 11.29 22.47 11.90 8.13 7.15 14.25 16.09 15.53 9.36 8.49 15.56 15.33 16.93 11.69 10.14 15.03 7.00 3.53 2.28 2.28 3.12 5.65 8.79 11.73 13.61 14.51 20.97 15.69 15.25 13.68 18.48 18.38 18.31 16.97 15.00 14.75 13.02
1.67 5.46 13.18 21.98 22.52 22.36 21.00 23.02 24.53 24.63 25.62 26.09 26.09 29.28 24.91 8.74 7.36 7.57 8.19 7.25 7.54 5.41 7.47 3.42 9.51 13.23 15.38 8.67 8.91 12.39 13.68 8.28 5.90 12.52 12.03 12.21 10.79 13.54 12.50 5.36 9.88 18.12 8.87 12.03 12.82 8.75 15.26 7.31 9.03 8.06 7.75 8.37 16.37 9.87 10.94 16.08 7.88 4.60 15.63 5.76 2.09 2.22 2.43 3.69 6.04 8.72 11.04 12.95 14.45 15.27 20.42 19.13 19.83 19.01 18.61 8.75 13.42 12.83 12.15
4.54 8.58 17.47 20.56 21.33 21.30 20.89 23.27 23.61 23.53 24.40 24.82 25.81 30.10 25.89 10.56 8.31 8.94 10.75 8.77 8.25 10.13 8.04 3.99 11.40 13.53 12.42 9.84 9.83 12.60 10.57 6.28 5.61 11.33 6.70 11.25 8.41 9.34 11.61 4.89 9.39 17.98 6.86 9.43 16.73 9.97 6.60 18.73 18.43 19.28 8.49 10.07 16.82 4.94 12.44 7.15 7.99 3.02 5.26 6.21 4.00 1.62 1.98 2.67 4.68 7.07 9.30 11.34 13.14 14.57 21.69 21.06 19.68 18.42 18.32 18.15 13.97 14.06 13.21
12.37 14.10 17.10 20.13 20.42 20.49 21.76 22.94 22.96 23.04 24.32 25.99 28.75 31.80 27.81 13.80 9.01 12.65 11.79 10.32 10.09 7.69 10.01 8.64 12.76 13.61 9.24 10.32 10.41 9.17 6.85 5.37 9.65 5.85 6.93 10.79 9.78 10.01 11.43 4.38 5.74 13.72 16.01 6.93 10.34 10.82 7.60 14.79 21.05 15.97 18.58 18.11 16.98 11.96 4.68 14.20 8.18 2.79 3.97 9.22 5.04 2.62 1.51 2.06 3.61 5.91 8.33 16.94 19.19 19.31 17.75 19.96 18.86 18.04 18.16 17.85 14.66 14.37 13.66
11.52 14.48 20.45 19.42 19.79 20.06 21.43 22.30 22.14 23.01 25.92 27.59 29.82 30.78 26.67 13.14 9.56 9.54 10.13 11.46 13.17 9.60 11.27 11.71 13.31 13.52 9.77 11.99 10.57 9.56 6.09 6.48 8.40 6.71 10.95 8.42 7.37 12.72 10.54 5.54 5.20 14.55 13.80 5.05 7.57 20.58 8.94 6.94 20.26 12.24 20.70 19.47 17.22 11.55 4.48 11.21 17.86 16.35 11.98 21.56 5.13 3.81 1.95 2.31 3.14 4.94 7.21 9.56 18.77 20.82 18.28 18.49 18.31 17.65 16.56 17.24 16.30 14.27 14.41
12.72 16.80 17.79 18.48 18.32 18.75 21.26 21.58 20.76 19.25 23.87 29.21 29.27 28.24 23.87 10.97 12.24 13.61 13.60 12.66 15.31 10.82 14.32 12.76 14.29 9.94 10.98 11.34 7.55 9.63 6.83 7.12 4.88 5.98 6.49 2.20 10.04 10.29 10.98 5.00 6.33 14.27 17.16 6.92 5.23 8.42 15.54 7.40 18.39 18.67 20.76 20.24 20.51 11.36 11.77 11.57 16.30 18.11 11.61 12.95 7.59 4.31 2.97 2.51 3.06 4.31 6.21 15.72 10.74 20.73 19.55 18.25 17.72 17.61 15.82 13.49 17.11 14.38 14.33
12.26 16.75 17.84 17.94 17.63 19.09 21.63 20.95 21.10 17.44 23.20 28.76 27.87 24.72 21.91 10.65 13.14 14.58 15.49 16.49 17.03 15.40 17.32 16.12 5.30 9.04 9.88 10.36 10.03 10.88 7.86 7.51 5.56 9.00 6.90 1.62 10.30 11.81 10.57 5.13 12.91 15.76 16.30 6.54 3.33 6.27 20.04 8.12 16.04 18.99 18.76 20.06 19.48 12.89 12.51 12.06 16.39 10.00 2.78 2.25 19.97 4.58 3.89 2.89 2.81 11.25 12.25 13.88 16.70 19.61 21.76 19.58 17.64 18.07 15.46 9.94 14.67 16.12 9.02
14.78 17.41 18.04 17.70 17.66 19.54 22.12 20.21 19.65 18.78 24.57 29.18 28.79 25.09 20.84 11.53 15.08 16.08 17.96 18.23 15.34 12.25 19.50 15.53 11.74 8.01 8.62 9.37 9.66 10.96 7.31 4.31 6.30 6.92 9.48 8.43 10.92 11.75 3.62 6.27 11.98 15.88 14.21 6.35 8.40 4.27 12.82 19.51 15.58 20.25 17.65 20.13 21.83 12.52 12.29 11.86 15.68 18.93 14.23 8.93 12.79 9.12 4.38 3.40 2.81 11.37 4.65 14.44 8.45 10.42 12.20 22.25 22.40 20.40 16.00 10.79 9.05 8.69 9.73
14.13 17.52 18.13 17.44 17.18 21.87 21.78 20.10 21.29 21.03 26.82 28.65 31.13 27.05 18.26 12.19 14.59 10.11 18.22 9.75 12.66 15.41 17.77 14.25 9.05 9.20 9.46 9.94 9.40 9.86 10.35 3.15 7.39 7.56 11.17 2.86 5.55 12.19 3.92 5.80 9.14 16.31 15.65 6.17 2.01 15.05 11.82 14.02 19.84 16.23 18.42 19.13 21.80 13.10 5.02 5.24 4.42 19.24 13.14 9.05 2.80 14.34 10.72 9.20 3.27 3.43 4.32 6.10 7.86 9.57 11.27 12.76 13.11 21.51 18.72 15.70 9.99 9.52 10.04
15.16 17.20 17.93 16.62 16.88 19.67 21.12 22.91 22.18 23.34 24.29 28.79 28.10 26.65 17.22 16.90 11.87 12.09 10.98 12.73 15.84 25.08 17.18 11.71 7.91 9.58 10.21 11.11 10.11 8.66 10.00 7.28 10.52 8.61 8.37 3.88 5.38 11.19 4.37 4.58 14.21 11.85 15.93 15.79 5.36 6.45 11.17 5.35 7.81 6.46 19.84 14.85 22.96 4.12 5.25 6.45 6.03 5.78 11.87 5.55 4.33 3.12 3.28 20.98 4.48 4.37 4.76 6.12 7.51 8.91 10.82 12.25 12.51 12.22 22.15 22.07 11.33 10.80 15.68
14.55 16.35 17.86 15.36 17.94 19.61 21.89 22.21 22.38 22.96 21.27 22.66 27.58 26.61 17.87 17.85 13.44 13.86 14.18 16.29 24.46 18.08 15.49 8.53 6.18 10.71 11.02 11.22 9.16 7.91 8.92 9.11 8.98 8.90 8.28 10.63 11.18 1.81 3.99 9.16 13.22 5.25 14.43 14.74 16.98 13.74 9.54 2.88 6.64 7.60 6.31 16.15 26.11 4.35 5.32 7.06 7.78 7.10 6.95 7.08 6.18 4.45 3.43 3.94 14.77 5.43 5.19 5.85 7.08 8.50 10.20 20.55 12.35 12.26 12.27 12.29 12.00 11.66 10.01
14.53 16.31 17.67 15.76 19.88 18.81 21.45 20.41 22.04 20.22 17.93 21.04 26.81 24.38 17.20 19.37 14.84 16.40 18.25 25.11 24.92 19.99 12.82 6.06 4.35 13.44 10.01 9.04 10.82 6.79 8.89 5.62 8.51 8.24 11.24 8.06 11.65 3.71 3.13 11.46 8.63 3.88 3.93 12.61 14.00 16.95 7.38 0.54 4.16 17.94 9.68 5.88 4.91 4.68 4.67 5.71 7.38 7.26 6.47 6.65 20.55 6.11 5.30 4.78 5.46 6.03 5.37 20.91 6.72 17.65 9.40 11.19 19.28 12.80 12.39 11.83 26.03 11.53 18.71
14.75 16.50 17.42 17.16 18.25 18.20 20.38 20.15 22.20 19.75 16.52 20.93 25.61 22.01 19.71 15.37 16.59 19.18 21.60 26.78 24.69 18.78 10.22 4.93 11.09 13.45 11.58 13.86 12.53 2.16 8.84 6.83 7.47 9.10 8.45 12.01 1.76 4.55 8.85 10.63 2.38 10.47 11.98 13.61 16.44 16.78 13.33 1.48 2.25 16.99 21.33 23.68 3.97 4.01 3.60 3.69 4.87 14.81 15.63 5.74 6.91 17.96 7.25 7.03 6.49 17.79 5.77 14.66 6.62 7.77 8.93 10.73 20.29 17.54 20.67 10.98 22.00 19.99 18.78
15.77 16.28 17.69 19.14 18.17 18.51 16.91 19.58 22.18 19.86 17.86 23.04 25.74 21.17 17.00 17.22 18.92 21.34 28.15 27.33 22.94 16.51 8.15 4.58 2.39 14.99 15.18 16.52 13.52 2.28 9.63 5.17 7.99 9.26 9.42 9.23 4.17 3.64 11.13 5.20 5.28 6.48 10.51 15.25 14.29 18.12 14.88 2.56 1.59 11.63 21.61 3.26 3.47 3.12 2.49 2.12 2.44 3.81 4.49 4.81 5.61 16.25 6.73 17.01 6.89 5.63 14.03 14.87 16.33 7.58 8.69 9.98 22.84 20.16 22.98 22.37 20.83 22.07 19.81
15.75 16.36 17.83 18.29 18.19 18.49 20.31 20.93 21.34 17.36 20.27 24.82 24.13 20.26 21.83 19.28 25.71 28.18 28.23 26.85 22.64 14.71 6.90 4.44 9.59 15.79 16.43 17.11 16.46 4.52 9.50 9.32 9.20 10.28 7.84 3.34 3.87 3.76 5.54 4.28 5.60 5.66 5.03 7.29 11.59 15.76 8.21 6.70 1.43 2.61 17.69 12.58 2.03 2.02 1.51 1.31 12.73 1.62 2.67 3.07 3.39 14.92 4.38 4.51 25.78 24.64 16.97 15.71 15.49 18.45 18.03 9.17 21.42 20.82 24.57 20.52 19.35 20.03 18.49
14.33 16.22 17.41 17.99 18.73 19.12 20.39 20.89 19.76 16.48 21.79 25.22 21.70 20.16 22.22 24.49 26.26 27.52 25.44 25.44 22.34 14.36 7.16 5.03 16.57 13.61 17.70 18.15 18.07 11.29 11.26 11.25 8.31 4.74 7.67 2.22 5.76 6.92 5.84 5.86 6.55 5.61 5.25 6.03 12.49 15.08 14.99 3.52 2.14 1.66 15.71 16.12 19.64 0.90 0.92 1.28 0.86 10.63 1.05 1.53 1.81 2.16 2.52 2.54 19.06 27.04 17.77 16.56 17.74 18.71 8.31 26.57 25.67 21.91 21.63 21.55 19.60 17.92 15.61
14.14 15.26 17.21 18.50 18.82 18.72 16.42 16.92 15.83 16.56 22.42 25.38 20.64 18.59 19.45 23.54 27.11 25.27 25.04 24.87 21.17 14.22 8.58 11.25 16.49 17.31 18.73 19.74 20.10 16.83 12.46 10.27 7.67 8.59 8.33 3.93 7.09 5.51 4.79 7.03 5.78 4.54 5.27 6.46 5.93 14.72 12.97 3.86 7.07 8.10 13.45 17.42 7.32 1.08 0.60 0.66 0.76 0.28 0.21 10.46 13.01 11.37 1.56 2.23 19.15 4.22 17.33 16.33 17.46 17.13 17.99 17.72 19.64 9.18 8.90 18.74 18.22 20.52 19.64
13.62 14.36 16.10 18.10 19.15 19.01 18.39 19.04 15.70 17.13 22.74 25.89 21.14 14.92 18.33 21.99 26.68 24.86 25.01 24.58 19.88 14.16 10.54 18.14 18.39 18.07 18.52 20.02 20.81 18.19 15.70 13.00 10.07 7.86 6.38 4.78 7.38 7.41 8.75 7.57 6.35 5.76 5.93 6.63 3.32 9.18 11.06 10.13 6.65 3.58 10.26 15.54 2.12 18.75 7.50 1.47 8.50 8.13 0.65 10.73 11.54 11.32 12.00 1.69 18.31 23.79 19.16 17.80 18.74 18.54 17.72 18.09 21.76 27.36 8.17 7.48 6.58 6.25 6.02
13.25 14.39 17.20 17.72 18.65 18.11 18.12 18.52 15.38 17.11 22.62 26.93 22.21 15.48 18.74 22.19 26.23 24.35 25.05 24.16 19.28 14.63 12.25 19.65 18.15 6.86 8.92 15.60 18.74 18.04 8.85 14.11 11.32 6.43 6.44 8.66 7.66 7.92 8.81 8.16 7.94 11.65 7.65 8.45 2.57 10.68 13.35 7.85 5.29 6.95 8.21 13.97 2.60 2.22 7.22 2.08 7.78 7.21 10.82 10.39 15.74 10.21 11.52 15.17 18.86 18.28 22.46 19.58 22.13 22.39 18.58 19.58 18.25 18.79 18.68 24.81 21.50 17.23 4.95
14.43 15.30 17.30 17.72 18.07 18.74 18.91 18.13 14.89 16.61 21.96 26.97 22.99 17.65 20.07 16.98 26.20 23.67 24.43 23.21 18.98 15.09 19.32 18.51 8.39 8.56 9.82 18.92 16.47 18.11 18.84 15.29 13.54 5.03 6.01 7.54 5.70 6.62 8.69 8.33 7.95 2.58 8.58 5.60 3.08 9.20 14.18 4.52 6.27 5.01 6.96 9.80 2.88 2.40 2.44 8.72 1.77 6.60 1.05 0.83 13.15 17.84 1.04 14.97 17.05 18.55 23.37 22.43 24.51 25.42 27.47 19.55 7.35 8.12 8.46 20.60 19.76 18.37 21.42
15.36 15.72 16.59 17.08 17.00 17.76 18.57 18.28 14.76 16.17 21.15 24.70 23.08 19.25 16.95 23.95 24.96 23.35 23.67 22.18 18.60 15.18 19.68 18.22 9.93 11.16 19.98 18.86 19.52 18.16 17.05 14.71 10.85 9.67 4.02 10.29 6.56 7.48 8.20 7.22 4.49 4.71 9.26 8.37 5.65 10.73 1.18 6.89 6.12 5.22 4.35 3.63 11.82 9.15 6.23 6.22 6.31 6.49 9.20 1.44 12.95 9.11 15.40 11.61 18.00 3.09 20.12 14.69 17.46 19.09 19.46 26.42 7.50 8.22 20.33 18.88 19.76 17.84 16.95
15.61 17.53 16.43 16.55 17.46 16.28 17.95 18.15 17.72 16.13 20.31 24.88 22.28 22.64 18.36 23.57 20.92 24.75 23.27 21.27 17.79 17.14 19.62 10.48 11.67 13.96 18.18 19.05 19.26 19.95 15.20 11.79 12.50 13.22 9.78 10.60 8.92 3.04 6.92 7.96 4.71 6.52 8.28 7.27 7.23 0.75 1.68 2.73 6.41 5.88 5.34 4.67 11.20 4.26 4.37 12.70 6.24 6.29 9.61 7.15 10.58 15.04 9.21 11.13 19.64 3.75 4.57 22.93 17.74 19.21 19.82 26.47 7.37 8.56 19.01 19.79 26.20 23.57 23.30
14.96 11.64 13.74 13.24 15.33 14.16 16.96 14.79 18.47 16.27 24.49 23.63 21.09 23.21 21.51 22.15 24.57 23.90 22.69 20.71 17.22 16.92 17.71 18.08 13.20 15.97 20.44 19.86 18.80 16.42 14.05 9.94 14.36 14.96 12.57 6.68 3.55 4.00 5.02 7.21 8.14 7.85 7.23 6.36 5.91 1.51 1.90 7.17 6.51 6.14 6.40 6.96 9.44 5.30 4.73 4.26 6.61 12.98 8.15 6.69 8.78 9.09 10.35 12.86 14.47 17.32 17.67 14.05 24.51 18.40 19.21 27.14 7.78 9.05 18.81 23.27 21.78 16.93 4.81
8.47 10.88 13.75 13.58 16.10 14.46 16.35 13.90 15.57 16.54 17.72 23.68 23.27 21.93 21.44 21.25 22.17 23.79 21.56 20.16 16.78 15.82 18.28 18.00 13.70 16.77 22.20 19.10 14.63 17.97 18.45 13.42 17.01 13.92 2.90 2.35 2.62 3.76 5.63 7.68 7.61 7.38 7.58 7.14 6.32 6.18 6.46 6.80 6.58 6.12 6.28 4.59 7.82 5.48 4.93 4.59 9.47 4.12 8.88 8.25 7.08 13.41 16.80 1.80 2.89 15.32 21.50 19.76 25.47 19.02 20.17 26.45 8.53 18.03 21.03 17.43 5.94 18.92 19.65
13.70 10.31 15.07 13.47 15.62 13.95 11.81 18.11 15.03 20.59 21.89 22.02 22.45 20.96 21.01 19.98 21.20 23.11 20.16 19.52 16.44 18.32 18.09 11.56 14.02 17.07 21.84 17.58 13.19 19.93 10.05 16.83 15.35 12.29 3.67 3.71 4.16 5.12 7.33 8.51 7.58 7.30 7.31 6.84 6.13 5.69 5.63 6.02 6.25 5.93 5.67 5.55 5.31 5.26 5.23 5.00 4.67 4.40 4.32 4.31 12.13 8.86 12.22 2.28 2.56 2.76 3.51 16.71 18.61 19.81 19.86 21.17 19.08 20.07 22.23 21.35 7.14 6.71 5.84
10.02 10.61 15.35 14.59 14.80 14.68 11.30 17.42 18.86 21.39 19.30 20.98 21.99 20.56 20.30 18.78 21.23 22.59 18.64 18.88 16.85 20.79 12.57 12.38 14.91 17.29 20.70 18.19 20.79 19.25 16.68 16.35 15.55 4.66 4.25 4.65 5.57 6.57 8.12 8.45 7.12 6.79 6.85 6.61 6.20 5.74 5.38 5.29 5.37 5.12 4.84 4.75 4.86 5.16 5.29 5.08 4.82 4.72 4.63 4.40 11.93 8.20 2.94 2.72 11.59 2.88 3.77 4.69 5.52 19.54 20.30 20.70 17.66 23.18 25.15 19.26 7.42 6.50 5.57
11.24 10.64 13.55 14.59 13.61 15.96 16.78 11.91 18.43 21.90 16.75 21.81 21.83 21.19 18.11 18.75 19.57 20.27 17.02 18.43 17.00 15.62 14.08 13.87 15.46 19.93 16.65 20.66 18.35 12.01 16.59 9.25 6.90 5.23 4.76 5.02 5.99 7.34 8.28 7.89 6.65 6.44 6.55 6.47 6.14 5.65 5.23 4.78 4.58 4.44 4.22 4.18 4.36 4.51 4.62 4.70 4.71 4.68 4.66 4.49 4.22 4.01 3.72 3.29 2.97 3.28 3.99 4.79 5.46 5.98 6.72 7.57 8.11 20.73 17.13 22.33 19.86 6.27 5.06
10.95 10.98 10.79 14.44 14.76 11.18 16.06 11.56 12.62 14.06 21.17 21.94 20.82 19.41 17.38 16.11 19.48 17.40 17.41 21.03 15.53 15.62 15.45 15.41 19.67 18.51 19.01 14.28 18.48 17.91 15.86 9.32 7.65 6.30 5.43 5.17 5.82 7.31 8.97 8.89 6.92 6.04 6.27 6.30 5.94 5.35 4.85 4.41 4.04 3.91 3.95 3.97 3.87 3.81 3.80 3.85 3.99 4.18 4.37 4.43 4.45 4.32 4.06 3.81 3.66 3.80 4.37 5.18 5.86 17.91 7.11 7.67 7.78 22.67 21.95 26.56 20.67 6.51 5.38
9.25 14.01 11.00 13.61 16.32 10.91 14.59 11.23 12.03 19.02 21.26 15.45 20.64 17.60 16.94 15.74 17.27 16.65 16.60 13.03 13.74 20.43 15.52 15.89 16.12 19.89 19.18 18.49 17.68 17.62 15.84 16.73 8.53 7.55 6.14 5.18 5.52 6.78 9.06 11.25 9.43 6.09 5.49 5.81 5.59 4.97 4.47 4.04 3.46 3.15 3.58 3.86 3.59 3.29 3.06 3.05 3.16 3.42 3.73 3.95 4.21 4.37 4.26 4.12 4.22 4.44 4.87 5.47 6.03 6.48 7.03 7.27 20.50 19.94 20.33 20.62 22.60 19.50 6.71
9.45 15.28 9.24 13.96 9.21 13.57 14.71 15.62 16.34 10.97 11.72 13.85 18.80 16.73 16.95 16.13 17.31 15.04 15.71 11.36 12.15 13.90 15.15 21.48 21.39 20.18 18.70 18.01 16.68 17.44 10.97 10.43 9.41 8.41 6.87 5.28 5.17 6.36 8.32 11.70 10.88 5.18 3.66 4.35 4.52 4.10 3.79 3.50 2.85 2.57 3.08 3.45 3.49 3.25 2.87 2.61 2.54 2.74 3.07 3.43 3.82 4.27 4.40 13.74 4.59 4.92 5.28 5.65 6.04 6.38 6.67 6.84 6.81 6.91 6.86 19.22 19.73 19.67 7.54
10.52 9.99 7.07 14.11 8.07 14.10 17.30 11.28 10.97 16.62 10.81 18.74 16.82 18.84 17.70 16.60 17.05 14.48 14.73 16.28 10.76 12.25 14.08 14.85 14.94 14.84 19.34 17.87 16.39 17.36 10.70 11.01 10.42 9.34 7.76 5.78 4.61 4.81 6.26 10.16 10.55 4.56 0.70 2.34 3.26 3.25 3.18 3.04 2.31 2.18 2.34 2.61 3.19 3.22 3.02 2.82 2.62 2.58 2.79 3.10 3.61 4.25 4.57 4.65 4.85 5.20 5.56 5.91 6.16 6.27 6.43 6.62 19.22 19.72 19.65 18.82 19.35 20.29 22.04
10.18 10.19 8.23 5.16 7.06 13.46 9.68 15.50 12.58 18.02 11.22 18.23 19.26 18.68 18.31 17.32 14.37 13.72 14.24 13.02 10.14 17.45 17.73 13.89 14.61 14.64 19.77 18.73 17.72 11.06 10.68 11.32 11.28 10.41 8.80 6.49 4.29 3.21 5.03 9.48 11.54 9.40 5.16 1.35 1.57 2.56 2.88 2.82 1.93 1.33 1.31 1.23 2.31 2.84 3.04 3.18 3.10 2.93 2.92 3.17 3.64 4.15 4.54 4.91 5.25 5.54 16.70 16.47 16.14 18.13 18.65 19.32 19.52 19.80 18.80 19.16 19.77 18.81 19.91
8.61 9.42 9.92 7.84 14.12 7.37 13.73 14.13 14.53 10.97 11.73 17.85 12.54 15.89 20.08 17.82 13.74 13.98 12.64 12.67 18.09 10.21 16.84 15.49 19.94 19.67 19.20 18.29 16.25 11.26 16.61 15.93 11.46 11.16 9.97 7.69 5.57 4.78 5.90 8.78 11.27 11.07 8.32 4.68 1.25 1.34 2.37 2.48 1.82 0.76 0.99 0.55 0.89 1.97 2.73 3.27 3.42 3.31 3.20 3.40 3.83 4.29 12.74 5.37 5.86 14.82 16.57 16.09 16.27 17.61 18.62 19.07 17.74 19.28 20.17 19.76 19.75 22.22 18.87
6.46 7.63 9.86 9.65 6.51 13.74 7.91 10.18 15.68 9.52 11.66 12.29 16.90 16.99 12.66 15.79 14.64 14.06 12.08 15.34 10.92 16.37 16.96 12.41 18.43 18.97 19.11 18.01 17.38 16.77 16.89 15.83 11.04 11.33 10.94 9.49 7.64 6.73 6.62 7.58 9.28 9.87 9.09 7.55 4.72 1.17 1.15 1.73 1.47 0.78 0.53 0.90 0.95 0.69 1.58 2.82 3.55 3.69 3.60 3.60 4.07 4.75 5.33 6.01 6.29 15.50 16.08 16.25 7.59 7.60 18.74 19.20 19.32 18.64 19.35 19.82 19.11 19.52 19.88
