examples/cougarCreek-fire/createInputs/WindNinja/wrfout_d3.2015081100.f13/cougarCreekFire_08-11-2015_1300_217m_non_neutral_stability_vel.asc
ncols	146
nrows	140
xllcorner	610065.000000
yllcorner	5095217.000000
cellsize	216.586807
NODATA_value	-9999.000000
[rows 35 to 69 of 140, columns 0 to 78 of 146]
11.95 11.39 13.78 15.51 5.91 8.03 20.57 21.74 21.72 23.05 23.39 22.29 21.41 22.13 25.69 19.01 19.59 17.39 14.97 24.89 31.43 35.12 35.99 41.93 37.71 35.63 33.73 36.96 44.51 52.03 49.80 43.41 27.71 9.73 8.37 9.42 8.60 10.12 13.46 15.95 17.98 19.86 22.64 24.29 24.45 28.79 33.00 33.74 30.42 22.52 23.41 24.55 27.11 28.19 27.64 26.84 26.11 25.56 26.06 33.09 29.90 27.26 18.75 16.94 12.84 11.46 9.91 9.22 8.99 8.98 9.84 10.82 11.89 9.23 12.46 12.37 13.22 13.99 14.66
9.57 11.42 14.36 17.27 7.93 7.86 10.26 22.41 21.30 22.50 22.80 21.54 21.33 23.92 27.18 30.46 32.24 33.77 32.54 31.87 31.12 31.42 35.74 35.21 35.59 32.11 31.76 38.22 46.35 51.22 46.55 39.29 27.01 11.53 7.99 8.89 8.95 8.33 4.64 5.57 7.46 10.54 15.76 25.45 26.23 30.17 33.07 34.35 35.72 24.59 25.20 24.85 27.13 29.31 29.87 29.55 28.56 27.13 26.63 26.22 24.44 22.41 20.36 24.53 16.72 11.88 10.63 10.22 10.07 12.38 10.60 10.85 10.12 8.40 7.32 7.72 8.55 9.49 11.21
12.28 12.94 14.53 18.90 21.86 18.26 20.37 19.42 19.66 18.08 17.89 21.17 23.20 24.30 22.52 24.74 29.61 28.48 24.94 22.09 22.46 25.96 31.69 35.46 32.37 28.28 33.79 40.93 49.30 52.92 49.16 32.55 22.32 13.13 3.28 2.93 4.73 7.31 10.15 13.61 5.66 16.96 13.88 18.73 22.22 15.58 18.35 31.14 36.83 35.04 34.29 26.24 27.73 30.23 29.77 31.05 30.01 28.37 27.04 25.99 23.93 22.04 19.66 17.06 14.23 11.28 8.55 6.96 6.47 7.02 7.72 8.18 12.70 8.96 8.91 8.87 9.21 9.87 10.61
2.52 2.75 14.24 19.22 22.64 19.27 12.28 11.53 16.85 15.78 19.94 19.95 20.93 20.54 20.63 23.41 26.84 27.21 24.54 24.13 25.23 24.11 27.89 34.24 34.70 30.72 36.22 45.35 51.31 55.70 56.87 43.71 19.54 10.39 4.40 3.99 4.22 8.45 4.77 12.61 16.15 18.22 8.32 10.89 12.72 15.14 17.83 19.75 33.43 33.01 37.95 35.83 37.57 31.84 31.88 32.76 32.17 31.55 27.45 25.87 24.64 23.60 22.25 20.14 15.96 13.52 8.83 6.21 4.38 3.70 3.87 4.05 5.61 7.56 8.23 9.12 10.49 10.76 10.68
2.38 10.66 15.31 19.80 22.30 21.30 12.53 14.06 15.19 18.25 19.71 20.49 22.10 22.04 22.77 24.55 27.23 27.00 23.50 22.11 22.07 23.18 27.54 34.85 32.87 30.24 35.94 43.92 52.42 56.12 63.16 50.84 25.43 7.37 1.94 5.09 6.07 7.24 9.31 3.97 2.98 16.30 8.26 10.98 21.13 29.34 32.80 34.64 35.63 36.13 36.81 38.20 37.71 39.65 42.29 36.49 34.55 32.14 30.00 26.25 22.75 21.21 21.04 20.53 18.18 14.57 11.25 8.54 7.11 5.82 5.59 4.35 5.09 5.92 6.58 8.06 9.37 10.03 11.22
2.50 11.40 14.62 19.67 14.27 14.21 11.37 15.17 16.43 16.57 20.40 22.50 25.26 25.00 24.26 24.02 25.16 24.09 21.21 21.42 23.10 26.46 30.86 31.97 27.60 27.42 33.03 41.79 45.54 55.84 65.39 52.09 26.26 9.93 2.82 1.99 1.35 6.22 14.83 7.44 6.96 9.15 11.32 9.99 13.04 16.44 19.62 22.76 23.66 35.89 36.61 37.18 39.58 38.87 27.07 28.10 41.00 40.01 24.70 36.05 32.93 22.69 20.15 20.70 19.06 17.04 13.87 9.77 8.33 7.28 6.56 6.72 7.75 6.67 6.60 7.86 9.20 9.12 10.04
1.26 2.09 11.49 17.69 14.99 15.00 10.84 16.42 17.36 19.41 21.78 23.63 24.01 21.80 20.11 20.71 20.61 20.38 21.35 25.01 27.57 30.74 33.00 25.59 22.23 25.63 34.82 40.52 42.04 55.82 66.22 53.45 28.18 12.33 3.92 2.72 1.23 6.63 12.23 16.82 14.66 15.87 19.34 21.71 25.43 24.92 20.67 22.89 31.28 31.83 33.76 32.08 27.57 36.00 37.96 38.07 35.49 34.54 25.23 22.77 27.60 21.17 21.53 23.01 22.06 20.08 18.29 16.55 13.42 11.87 10.93 10.33 7.90 9.12 9.91 11.54 10.74 10.92 9.91
5.09 12.28 14.63 18.47 25.03 15.86 18.74 18.84 18.90 19.92 22.71 25.26 23.95 19.87 17.16 16.49 16.78 20.38 25.68 27.45 30.26 33.11 27.81 19.80 20.91 25.66 35.87 40.24 43.03 54.54 66.02 60.73 45.16 25.93 14.43 7.78 1.05 6.16 10.33 15.35 17.22 15.64 17.54 20.94 26.83 30.71 34.01 35.78 35.65 26.34 34.66 33.51 30.19 31.82 33.00 28.01 27.18 29.66 28.24 28.03 19.90 23.33 26.93 28.62 20.32 17.56 15.48 12.46 10.10 8.17 8.02 8.18 8.03 9.77 11.68 14.12 15.76 15.16 11.43
4.27 5.87 16.71 7.80 16.37 15.26 21.89 19.34 19.64 23.88 25.53 21.51 15.24 13.29 12.06 13.65 15.70 19.18 23.76 29.11 32.11 27.82 21.20 18.27 20.14 26.72 35.67 37.63 42.90 51.41 61.41 58.13 51.92 41.67 30.87 15.95 3.62 5.57 8.18 11.29 14.46 16.73 18.39 20.60 24.39 28.24 31.71 34.20 37.85 37.96 36.94 37.20 36.50 35.79 35.44 35.94 37.41 37.95 38.99 32.10 25.32 19.19 19.46 20.33 20.20 18.60 15.03 11.86 9.05 8.55 7.53 7.28 7.44 8.16 9.39 12.46 14.07 14.59 15.40
3.77 3.86 6.29 21.86 20.85 19.42 22.67 20.67 21.96 22.24 18.03 12.07 9.56 13.12 12.65 15.19 13.04 15.13 21.94 29.27 31.73 25.49 21.16 18.76 20.27 27.42 32.43 33.03 40.66 49.66 58.20 53.52 50.64 43.09 36.74 31.31 12.59 5.33 5.86 8.97 11.94 14.26 15.73 13.75 15.95 21.72 29.98 33.02 36.41 36.62 36.87 37.80 39.99 39.73 40.27 40.22 33.24 27.40 26.32 25.42 21.99 18.70 18.96 20.23 21.21 19.97 16.35 12.59 11.01 10.93 11.45 12.19 13.07 13.89 14.20 13.69 13.65 14.79 14.36
16.81 19.57 18.59 19.04 19.19 22.08 19.65 20.90 21.46 14.38 13.45 8.20 12.93 15.65 15.57 15.15 12.48 15.61 22.61 31.48 32.47 26.85 21.72 17.90 19.88 24.93 27.61 30.22 37.26 49.31 54.38 49.68 48.76 45.49 38.51 29.46 20.22 16.53 10.47 9.32 9.88 5.68 4.23 4.41 6.48 17.31 26.30 29.72 34.77 36.27 37.94 37.49 35.79 34.21 31.89 30.21 27.35 27.52 26.65 25.84 24.73 23.41 21.98 20.55 18.86 15.79 16.90 14.33 10.63 12.85 15.83 13.70 14.60 16.00 16.79 16.50 16.56 17.34 16.93
10.00 11.88 12.91 15.71 18.74 22.04 18.20 16.80 14.25 11.64 9.37 11.21 15.70 15.11 15.19 14.62 14.64 19.23 24.15 31.92 32.91 26.22 18.78 14.08 16.90 19.96 23.89 30.12 39.69 51.79 51.42 48.26 47.05 45.74 39.71 29.14 21.02 17.52 13.54 10.48 10.42 8.32 5.70 2.50 3.22 20.92 24.80 28.95 34.40 31.32 25.17 26.80 27.87 27.06 26.70 26.68 27.44 28.77 27.53 25.30 24.43 24.22 22.82 20.18 17.14 17.34 9.21 8.72 15.22 9.62 7.56 7.08 8.19 12.73 13.94 15.12 14.13 15.91 16.35
14.36 14.54 13.07 19.49 20.70 20.37 13.86 15.15 14.77 11.03 12.38 14.65 16.31 16.78 18.04 20.24 9.83 12.17 25.62 30.63 31.57 21.68 14.92 13.50 16.26 17.83 21.60 30.56 40.57 48.24 49.60 47.14 44.17 45.41 39.91 29.23 18.37 20.04 17.99 15.08 11.45 7.21 7.21 5.64 15.41 15.38 21.73 29.90 22.97 22.26 22.46 24.41 25.38 25.56 26.44 27.49 27.54 27.60 26.48 24.12 25.64 25.57 25.73 24.18 18.80 15.78 16.51 15.04 10.69 9.60 7.46 10.66 11.12 11.27 11.47 11.64 8.04 9.67 11.16
16.55 16.34 15.07 16.29 12.34 12.56 11.95 17.33 18.62 15.70 16.52 15.64 16.37 18.51 19.37 13.49 15.14 17.10 27.31 29.04 29.09 19.25 14.24 16.25 15.81 17.21 22.38 31.15 39.31 46.62 47.05 45.46 41.73 46.16 38.63 34.77 15.06 19.26 18.42 22.67 15.94 8.01 6.43 7.54 16.29 20.31 25.29 18.52 22.18 22.05 22.22 23.77 23.52 23.85 25.42 25.77 24.73 24.45 24.57 23.52 22.04 20.82 20.44 21.04 21.19 19.62 16.82 14.26 15.25 14.80 15.55 19.31 13.58 13.07 14.87 11.22 10.81 6.03 12.59
18.10 17.77 16.29 13.42 9.81 15.03 19.21 22.31 20.67 19.23 16.90 17.46 18.80 19.79 17.74 23.91 21.61 21.79 19.08 23.94 25.96 19.14 16.27 16.44 14.31 17.56 21.96 29.32 36.61 36.33 46.23 37.42 40.61 44.93 39.47 35.66 17.48 16.99 17.02 21.40 10.45 16.47 4.55 5.44 8.55 20.64 13.76 17.59 21.07 23.20 22.99 22.90 23.11 23.08 23.53 22.61 22.56 23.06 22.52 22.98 22.19 20.84 19.17 18.66 23.42 24.69 23.38 21.34 24.11 22.75 20.95 14.99 14.48 13.09 10.98 10.59 11.23 11.97 4.74
20.23 19.05 15.79 11.58 17.74 20.64 21.63 22.71 21.96 20.27 21.89 23.51 24.17 26.88 23.64 18.13 17.69 16.09 15.92 21.18 23.56 19.71 16.28 12.92 12.33 14.78 19.34 25.87 28.22 35.35 42.92 34.90 39.54 44.65 41.25 36.02 19.31 18.03 16.87 17.58 18.34 15.23 15.72 10.42 5.97 9.57 15.77 17.20 19.47 22.12 22.65 21.28 21.48 22.20 22.96 22.80 21.95 21.35 23.18 24.30 22.03 20.70 19.10 17.73 17.26 18.36 19.78 18.60 15.15 12.90 12.01 11.08 9.82 14.02 12.61 11.04 4.02 4.51 4.43
21.78 19.48 13.94 18.33 20.84 21.00 21.87 23.58 22.90 23.97 22.94 19.01 28.41 26.19 20.89 14.24 14.28 14.10 15.90 20.73 21.44 20.66 18.01 11.49 12.78 14.81 19.18 25.24 30.01 34.23 38.74 33.51 38.87 44.65 40.35 33.84 20.86 22.14 19.90 18.58 15.17 12.05 12.51 17.81 13.98 14.69 11.58 14.85 17.01 19.34 21.60 21.25 19.75 19.38 20.82 21.47 18.15 16.70 22.32 24.62 24.75 22.96 19.79 18.85 17.75 16.70 21.09 18.98 28.28 20.05 16.64 18.53 17.36 14.43 13.10 7.81 7.25 7.80 7.52
21.48 19.04 15.08 19.90 19.54 20.50 22.80 24.27 23.59 26.29 29.75 26.05 18.22 15.34 12.09 11.46 12.48 13.91 16.27 19.45 19.36 20.80 19.32 11.26 14.27 15.89 17.74 23.74 30.61 36.81 34.00 31.50 38.25 45.15 37.26 28.59 23.15 23.96 21.60 19.90 14.48 10.48 9.34 14.25 20.36 17.26 18.91 14.94 16.57 17.98 19.65 20.30 18.82 15.92 16.69 17.28 16.77 18.31 21.13 24.57 25.24 30.42 22.23 21.24 20.77 19.25 17.77 18.58 20.75 19.15 16.59 15.48 15.09 14.65 13.32 11.13 10.31 10.86 11.23
20.07 18.16 20.30 21.85 21.86 20.47 20.77 22.24 25.16 28.50 26.23 22.25 10.99 10.29 12.68 13.56 12.90 15.91 17.19 18.74 17.60 18.92 16.51 9.31 16.56 16.39 21.09 28.18 32.03 32.40 28.62 32.67 36.80 46.17 37.62 25.35 21.61 19.62 16.41 15.37 13.82 10.58 7.41 11.78 17.74 22.95 26.66 24.11 23.60 19.72 18.21 18.06 17.43 15.16 14.21 16.87 18.82 21.67 23.46 24.69 25.38 24.66 22.06 21.37 21.02 19.49 20.18 19.56 21.16 19.93 15.82 13.92 13.31 13.41 15.02 15.54 20.77 18.02 19.26
18.38 16.75 20.55 20.48 18.66 15.78 21.48 25.08 28.06 29.44 22.15 16.41 10.91 14.54 16.68 16.35 15.53 18.89 20.26 20.39 17.87 16.62 16.14 12.87 14.93 19.32 22.10 23.19 28.73 31.64 26.19 29.37 34.83 45.83 35.97 23.68 27.65 26.36 20.23 19.66 19.30 16.53 9.76 6.63 12.55 20.17 24.57 27.15 28.39 29.21 21.60 16.97 16.16 15.42 14.94 17.61 21.50 23.96 23.90 24.34 25.45 24.13 21.18 21.42 21.38 19.49 18.32 20.13 21.98 22.80 27.11 22.93 13.74 14.17 13.13 15.26 14.78 12.50 13.18
15.88 13.80 17.53 19.20 13.18 14.40 21.89 27.56 23.35 20.36 16.43 11.70 15.49 15.33 16.59 16.11 16.37 19.19 19.51 17.46 14.38 12.25 11.44 12.25 15.86 18.02 19.58 22.37 28.29 30.53 25.95 24.96 33.19 42.54 33.64 22.05 27.47 25.76 26.03 25.98 26.03 26.97 17.32 14.93 6.28 6.36 19.42 25.62 26.87 26.57 27.57 22.36 15.14 16.24 15.79 18.13 21.06 22.40 22.83 23.68 24.38 25.94 29.28 30.05 20.60 18.65 27.19 24.79 29.36 20.51 19.88 17.66 26.17 17.24 16.65 15.55 13.28 18.34 23.24
13.21 10.95 13.12 16.93 15.53 19.67 27.21 26.72 17.68 13.19 9.92 19.83 11.77 16.45 17.34 19.02 16.85 20.75 18.61 12.53 10.44 8.57 8.97 11.09 15.98 17.91 20.21 24.38 29.27 26.76 24.09 27.09 32.49 40.49 31.49 19.04 25.72 24.87 24.31 26.08 26.84 27.31 26.19 19.87 12.98 6.72 6.52 10.72 15.95 28.72 26.82 22.78 22.35 16.66 18.13 20.90 21.09 23.58 26.28 27.92 27.21 24.56 22.04 21.42 21.03 19.51 25.25 18.16 19.32 19.26 19.34 24.90 26.84 27.66 16.81 15.22 13.05 12.32 12.30
12.14 8.22 10.52 13.25 17.25 22.37 23.80 20.65 15.21 15.96 20.51 26.16 20.50 18.83 19.46 20.40 22.77 28.39 15.42 6.45 8.30 7.96 8.71 10.85 15.25 16.28 19.28 24.35 27.44 24.40 24.60 24.85 25.59 33.92 31.90 19.76 25.30 24.32 17.76 25.93 26.42 25.58 27.41 23.40 14.34 13.58 7.25 5.85 9.36 14.79 18.37 31.09 19.63 21.98 22.33 30.80 33.36 24.16 25.03 24.43 24.58 26.55 21.27 21.35 20.96 20.60 19.75 19.45 20.01 20.10 19.90 19.51 28.00 16.98 16.03 14.93 13.34 12.72 12.91
11.57 8.46 11.63 7.09 6.78 16.54 23.59 15.40 13.22 23.28 22.71 27.12 23.52 25.67 23.74 15.72 17.25 24.21 22.03 9.68 7.06 7.97 10.20 12.54 14.26 15.11 19.77 25.83 23.41 22.17 22.24 17.82 22.45 30.82 31.60 20.65 21.93 22.19 17.97 27.58 23.45 21.49 23.66 26.97 23.12 17.31 14.47 10.97 7.96 7.88 12.70 17.45 22.66 24.14 31.70 24.02 20.89 21.85 19.16 18.71 23.40 24.79 24.36 25.12 26.10 26.88 19.78 19.86 19.55 19.14 18.77 24.44 16.16 15.64 15.23 14.34 13.88 13.69 20.86
10.54 7.70 7.71 4.53 11.65 23.88 18.01 14.24 22.42 23.59 25.23 28.91 30.62 17.54 15.95 16.23 25.99 28.08 20.15 13.72 4.24 4.54 8.13 9.63 10.27 15.20 20.99 23.89 21.71 22.44 14.82 18.31 27.36 32.19 32.20 23.36 16.43 23.50 23.98 21.87 23.93 24.49 20.16 24.22 24.82 26.14 24.19 20.72 11.71 10.18 8.65 9.77 12.42 13.93 14.36 15.21 17.21 17.95 17.59 17.56 17.53 17.78 18.42 18.67 18.29 18.18 25.57 25.73 25.43 23.15 16.39 16.19 14.94 14.62 14.61 14.05 13.79 13.85 21.32
9.24 6.42 12.30 14.99 20.15 18.40 14.21 19.45 22.51 16.59 17.94 19.15 18.02 19.00 19.02 27.62 33.14 27.10 17.09 13.17 2.59 2.79 4.89 6.59 10.66 15.30 20.11 21.31 21.93 21.86 15.67 23.65 26.74 29.41 32.12 22.12 18.19 21.45 23.57 23.72 21.55 25.09 23.75 23.19 24.99 22.18 22.57 11.20 10.56 9.54 21.48 12.68 10.52 11.62 12.73 13.14 14.13 15.16 15.02 15.21 15.81 16.37 16.93 17.19 17.20 22.50 21.28 16.85 16.08 15.19 15.24 15.23 14.47 14.23 14.28 14.09 21.26 20.95 13.04
7.51 9.48 12.84 13.81 15.84 14.55 11.96 18.94 13.59 14.46 14.63 14.20 13.76 20.44 28.35 34.90 32.70 22.36 15.22 13.10 2.49 0.73 4.37 5.65 10.58 14.60 19.19 20.40 20.65 21.79 21.95 23.09 26.14 27.02 27.16 24.53 18.21 19.78 23.84 23.54 21.74 22.09 22.25 20.13 21.26 21.92 24.20 24.71 7.30 21.93 21.84 24.32 25.85 23.14 11.65 11.66 11.47 12.12 13.17 13.68 14.16 14.66 14.88 14.83 14.72 14.94 15.44 15.42 14.95 14.75 14.81 14.70 14.22 13.78 20.49 20.24 13.14 12.80 12.61
8.31 12.90 14.51 13.16 13.70 15.49 15.50 13.93 11.21 9.90 10.91 12.84 18.92 26.59 34.43 35.87 27.73 17.94 14.47 5.04 2.09 1.93 1.28 2.68 8.34 12.66 16.67 19.80 21.64 22.24 20.98 22.48 17.08 27.49 21.46 23.17 21.43 19.67 23.72 22.15 22.35 19.95 21.55 22.19 20.91 22.02 20.14 19.95 19.74 18.46 18.40 22.02 23.12 9.83 10.65 10.37 10.37 10.54 11.79 12.93 13.09 13.18 12.97 12.77 13.01 13.59 14.24 14.27 13.92 13.71 13.58 13.40 13.34 12.97 19.65 12.52 12.45 12.10 11.90
11.76 10.38 11.66 13.98 14.95 13.12 10.74 8.11 7.02 7.51 14.83 19.48 24.86 32.87 38.19 33.68 22.11 15.03 12.84 2.53 1.02 1.67 2.99 2.98 6.65 10.34 15.13 19.80 21.48 21.86 21.86 13.91 16.28 23.55 16.58 21.31 22.30 22.16 22.94 22.21 21.82 19.12 21.04 21.43 20.54 21.98 22.36 22.54 21.35 18.25 20.02 21.22 25.82 8.81 9.54 9.12 9.26 9.78 10.47 11.77 12.56 12.55 12.36 12.22 12.69 13.69 14.29 14.27 13.89 13.19 12.54 12.28 12.35 11.94 17.97 11.46 11.64 11.58 11.43
4.59 7.09 9.85 10.01 8.97 8.09 6.78 6.76 10.12 18.23 23.04 25.77 31.34 38.73 37.62 27.12 17.31 11.42 7.21 2.53 4.53 5.20 3.53 3.59 4.58 7.85 12.95 19.39 20.10 20.69 18.05 20.94 18.25 22.27 17.52 20.58 23.19 20.34 21.45 22.39 22.59 18.01 13.55 20.40 20.42 19.75 23.08 21.48 11.11 21.94 17.39 19.30 22.26 24.57 8.74 8.48 7.85 8.68 9.64 10.59 11.96 12.69 12.65 12.58 12.81 13.56 14.19 14.28 13.94 13.44 12.71 12.10 12.16 11.65 10.70 10.32 10.47 10.71 18.48
0.34 7.01 7.68 8.94 7.91 6.41 6.35 12.61 20.10 25.08 28.52 33.74 37.58 36.69 27.90 16.70 13.39 10.77 3.21 3.77 5.50 5.58 3.67 5.70 4.76 5.94 11.86 12.96 21.18 20.48 19.52 18.52 18.54 18.83 17.14 19.45 21.38 20.41 22.52 22.42 21.94 18.47 12.98 17.80 18.86 20.36 20.35 19.18 10.73 11.20 20.81 17.25 20.75 22.39 8.06 7.99 6.78 7.01 8.38 9.86 11.11 12.46 13.05 13.08 13.22 13.33 13.61 13.77 13.72 13.82 13.23 12.17 11.98 11.78 10.38 9.13 8.93 8.91 8.44
5.89 4.85 5.51 5.65 8.48 10.72 14.80 20.60 25.08 28.03 32.29 37.97 38.72 30.72 19.79 11.35 8.46 8.68 1.85 4.07 6.55 7.17 5.69 7.55 3.72 5.35 8.10 12.85 15.33 15.61 17.54 13.65 15.45 16.70 17.47 18.41 18.89 20.47 21.18 13.92 19.89 19.92 11.25 12.16 15.55 18.29 19.44 19.07 23.18 5.47 9.73 18.74 22.60 11.19 7.20 7.35 6.24 5.54 6.22 8.53 10.39 11.59 12.74 13.30 13.53 13.53 13.46 13.33 13.36 13.48 12.96 17.35 17.28 11.69 10.23 16.18 7.69 7.41 6.51
3.57 3.14 3.82 6.54 13.04 17.80 21.17 24.18 26.89 29.90 34.22 35.85 34.48 28.42 20.63 12.48 8.18 6.90 3.60 4.44 3.18 8.97 6.07 7.95 4.60 4.93 8.81 13.68 20.98 19.39 15.67 13.66 13.65 15.48 17.81 17.32 17.47 17.67 20.63 13.60 21.03 21.30 11.64 10.96 6.15 13.42 16.71 18.88 14.84 9.54 8.09 19.10 22.98 20.37 6.02 6.83 6.42 5.02 4.21 5.91 8.81 10.86 12.10 13.09 13.87 14.04 13.73 13.45 13.26 12.80 18.03 17.66 17.03 11.62 10.43 8.85 8.03 7.36 6.53
3.99 3.51 2.94 11.09 18.75 22.31 25.14 25.26 27.13 30.10 32.06 31.72 30.49 27.06 21.78 13.94 6.87 5.16 3.19 5.24 4.28 1.27 6.09 4.31 3.93 6.91 10.81 15.43 18.16 15.84 15.84 11.34 14.69 15.26 15.84 15.63 18.62 18.65 19.23 13.04 20.70 16.43 14.25 12.45 9.39 7.55 6.71 13.15 11.77 18.76 14.56 16.51 18.71 15.33 17.76 10.75 7.05 5.53 3.53 3.11 5.95 9.29 11.48 14.94 13.87 14.47 14.19 13.82 13.80 12.96 11.86 11.22 18.30 11.00 17.82 9.33 8.89 8.10 12.23
5.15 4.07 7.22 15.08 22.31 23.78 23.77 24.06 25.68 28.84 30.08 29.03 28.92 26.65 20.27 14.74 5.61 5.17 4.37 5.23 4.03 2.82 2.90 3.22 3.06 9.18 12.28 16.69 16.50 14.02 16.41 13.39 9.24 12.63 15.24 15.53 16.58 15.17 18.67 12.04 14.22 12.65 18.19 13.52 10.18 7.89 7.62 13.67 13.63 15.18 15.26 16.52 17.40 15.63 7.74 19.15 11.25 6.86 3.63 1.85 2.62 6.26 9.50 12.05 13.65 14.47 14.60 14.45 14.58 13.93 12.62 11.45 17.63 10.40 9.75 17.57 13.08 13.88 6.18
