examples/cougarCreek/createInputs/farsite/cougarCreek_polygonIgnit/cougarCreek_08-12-2015_0500_217m_non_neutral_stability_vel.asc
ncols	146
nrows	140
xllcorner	610065.000000
yllcorner	5095217.000000
cellsize	216.586807
NODATA_value	-9999.000000
[rows 105 to 139 of 140, columns 0 to 77 of 146]
14.13 13.57 14.40 14.20 11.79 6.76 27.67 7.22 9.54 18.55 10.91 11.74 10.50 25.98 9.11 8.02 15.39 14.33 3.52 15.77 14.35 3.17 2.68 14.52 15.70 4.08 7.85 5.44 10.61 9.25 6.90 7.43 6.99 6.21 5.55 4.95 4.77 4.65 4.08 3.04 1.54 0.38 1.25 2.01 2.47 2.73 2.80 2.86 3.11 4.00 5.32 6.71 7.76 6.88 3.82 1.93 2.78 3.66 4.32 4.78 5.35 5.94 6.42 6.73 12.63 13.55 14.99 7.17 7.16 7.02 6.86 17.27 17.15 16.90 16.32 16.36 16.77 16.38
13.93 14.69 15.84 15.74 14.74 12.61 9.50 7.25 25.56 8.63 21.31 9.74 23.32 18.72 8.40 8.02 17.38 15.28 4.68 15.64 14.70 11.13 10.12 3.32 4.18 9.88 5.52 5.08 12.66 6.37 6.77 7.12 6.75 6.04 5.44 4.85 4.49 4.34 3.97 3.29 2.23 1.40 1.51 1.77 2.07 2.42 2.77 3.27 3.91 4.88 6.06 7.37 9.16 9.92 7.43 4.30 4.39 4.91 5.41 5.83 6.39 6.78 6.78 6.57 6.54 6.79 7.01 7.13 7.09 6.89 6.68 6.72 6.95 17.01 16.52 16.13 14.91 15.28
14.45 14.16 15.77 17.09 16.85 16.13 14.51 11.29 7.84 8.41 20.44 24.56 25.82 6.86 24.98 20.92 6.54 6.06 5.96 4.77 13.01 10.75 3.51 15.63 4.78 4.99 15.49 16.89 5.78 6.54 6.57 6.62 6.17 5.62 5.44 5.17 7.58 7.10 3.87 3.37 2.75 2.14 1.85 1.82 1.94 2.34 2.83 3.23 3.66 4.28 5.38 7.07 9.47 11.81 11.78 9.17 6.99 6.38 6.63 7.00 7.30 7.33 7.05 6.92 7.20 7.55 15.63 16.09 17.06 17.30 17.97 18.02 18.00 17.60 16.96 15.74 15.57 16.47
13.14 11.30 13.06 15.78 16.70 15.72 14.68 13.39 10.65 27.62 8.21 25.59 7.06 23.16 22.51 19.74 17.08 15.86 14.65 15.37 13.97 5.16 9.08 14.15 13.36 15.47 13.24 12.41 6.56 11.99 5.85 5.74 14.17 5.77 5.69 6.81 5.48 4.69 3.82 3.27 3.05 2.72 2.35 2.21 2.38 9.01 2.60 2.65 2.73 2.98 3.83 5.45 7.64 10.20 11.91 11.22 9.00 7.94 7.83 7.81 7.81 7.81 7.76 8.01 8.40 14.45 16.49 17.41 17.88 17.93 18.32 7.47 18.08 18.09 18.05 17.89 17.59 17.53
14.45 11.67 12.83 13.83 15.81 15.75 14.54 13.47 12.15 10.64 10.28 9.24 24.91 24.83 24.60 22.92 5.57 17.66 16.46 15.36 13.24 12.12 10.91 19.14 11.10 16.78 17.25 5.62 5.86 16.08 5.29 15.41 5.89 6.21 5.71 6.22 6.62 5.05 3.88 3.39 3.43 3.20 2.78 2.79 9.30 3.00 2.80 2.73 2.81 3.16 3.70 4.23 4.63 6.49 8.46 9.45 9.49 9.21 9.07 8.88 8.80 8.92 9.24 9.72 9.97 9.74 15.92 16.99 18.34 8.20 18.23 7.19 18.16 7.09 7.23 18.06 17.63 17.50
15.40 14.64 12.35 13.42 14.26 16.22 16.31 15.20 14.11 12.89 12.87 10.78 27.89 10.62 9.99 23.64 20.29 18.32 3.55 20.85 13.12 16.10 20.98 19.26 14.77 13.40 18.34 12.15 16.73 16.98 13.62 5.22 7.54 6.79 6.10 6.79 6.92 5.10 9.75 4.19 4.01 3.49 3.15 8.80 9.22 8.99 3.18 3.43 3.68 4.11 4.49 4.43 4.09 5.33 6.96 8.29 9.62 10.38 10.54 10.49 10.50 10.63 11.02 11.53 11.72 11.31 15.49 15.69 17.45 18.06 18.27 17.33 16.85 18.20 17.56 16.09 16.57 16.40
13.92 14.35 13.15 10.64 10.76 13.65 16.18 16.64 15.17 12.87 13.07 12.95 13.20 11.83 25.65 26.81 9.23 8.28 7.42 7.73 8.54 6.74 5.30 20.75 16.01 16.20 14.62 17.53 18.29 5.18 8.80 5.95 6.09 6.17 7.06 7.27 5.43 4.69 4.61 7.85 8.05 8.43 8.63 8.53 8.64 8.97 2.96 3.78 4.51 5.11 5.63 6.13 6.69 7.89 9.28 10.36 11.10 11.37 11.27 11.13 11.20 11.42 11.67 11.88 11.65 19.34 18.73 18.19 17.89 17.46 17.53 15.78 14.33 14.80 15.89 16.96 17.37 16.88
12.68 13.15 13.01 10.60 9.80 9.41 10.08 13.24 15.44 15.45 27.46 14.02 24.46 26.96 24.29 27.78 11.09 11.81 11.85 11.36 9.64 7.14 6.31 19.04 13.83 13.89 14.75 6.30 6.74 13.32 10.54 9.24 10.37 5.93 9.09 9.01 5.20 4.93 8.21 7.92 8.19 7.72 8.38 8.43 7.93 3.18 3.26 3.98 4.94 5.88 6.79 7.77 8.83 10.14 11.41 12.02 11.94 11.51 11.05 10.82 10.90 11.16 11.37 11.25 10.56 10.09 10.11 10.04 19.29 19.20 19.69 19.59 18.73 19.51 18.71 18.71 18.15 18.82
12.80 12.97 13.27 12.50 9.72 6.66 6.91 8.22 11.33 13.98 12.70 24.19 21.36 21.81 25.55 27.11 11.23 12.91 13.63 12.67 10.56 9.41 7.42 18.44 13.59 13.47 15.15 15.84 14.44 14.30 12.78 12.33 11.51 5.93 6.04 5.68 5.33 7.74 8.60 8.31 8.27 8.30 8.62 7.58 6.51 4.21 4.64 5.05 5.50 6.37 7.35 8.27 9.06 9.92 11.06 11.89 12.10 11.97 11.62 11.35 11.37 11.32 11.00 10.30 9.41 8.83 8.54 8.42 8.41 18.65 18.51 8.54 19.61 19.67 19.68 19.56 19.89 19.91
13.17 13.14 13.01 13.06 12.70 11.34 9.37 7.75 8.82 9.39 25.51 11.33 12.30 28.85 29.51 25.11 10.69 10.67 10.27 9.62 8.79 9.05 8.07 17.30 13.40 13.42 15.61 15.28 15.73 16.60 16.26 15.23 6.01 6.06 13.15 5.38 9.69 8.50 8.85 9.34 8.70 8.67 7.09 5.06 5.46 5.77 6.16 6.34 6.36 6.84 7.61 8.25 8.49 8.68 9.32 10.41 11.51 12.12 12.25 12.04 11.69 11.09 10.16 18.57 18.10 18.04 17.93 18.26 18.18 18.85 19.26 19.15 19.15 19.04 18.78 19.90 19.49 21.87
13.27 13.71 14.12 14.32 15.24 16.14 15.68 13.52 10.71 7.88 7.33 10.22 27.48 29.92 14.60 12.50 12.36 11.06 9.58 8.56 20.97 23.62 19.57 16.22 12.47 12.86 20.33 15.33 15.46 15.33 23.68 13.55 11.89 12.13 5.54 5.51 9.29 9.25 6.30 10.29 8.47 7.33 6.37 5.81 6.40 7.07 7.02 7.06 7.08 7.37 7.92 8.22 8.15 7.85 7.56 7.84 8.94 10.31 11.16 11.08 10.29 9.54 8.92 8.24 16.46 17.51 17.94 18.26 18.46 17.42 18.03 17.74 17.58 19.80 18.31 18.83 18.98 18.59
12.84 13.65 14.94 15.44 15.54 15.18 14.94 15.30 15.19 13.70 10.75 10.01 29.73 27.20 14.27 15.37 14.42 12.36 11.89 10.71 9.94 21.61 16.79 14.63 14.74 23.71 18.21 16.39 15.27 22.01 23.01 13.09 11.95 12.34 5.85 11.20 10.28 11.39 6.38 9.89 8.13 7.49 7.27 7.67 9.13 10.43 7.55 7.60 7.81 8.17 8.48 8.53 8.30 7.72 6.94 6.56 6.85 7.61 8.29 8.55 8.37 8.06 7.79 17.68 16.58 16.70 16.88 16.90 17.44 17.39 19.09 18.25 19.41 19.49 18.70 18.99 18.13 17.41
12.20 12.64 13.83 14.61 14.47 13.60 13.62 15.10 16.68 17.31 15.70 10.28 9.23 13.90 15.34 15.86 15.40 14.92 13.89 12.95 12.56 23.44 19.63 15.22 17.78 10.81 18.83 18.88 18.05 21.96 24.42 13.93 12.08 12.37 11.99 11.41 7.28 6.55 11.53 9.41 8.70 7.77 7.09 7.46 8.77 11.22 11.73 8.31 8.66 8.92 8.92 8.69 8.11 7.37 6.57 6.06 5.97 5.80 5.76 6.23 6.80 7.07 17.53 7.27 16.54 17.14 17.09 16.51 17.15 19.52 19.77 19.12 19.53 19.21 18.87 17.32 18.66 18.54
13.25 11.99 13.00 14.21 15.12 15.93 16.45 16.47 17.01 18.63 20.07 20.14 19.32 17.20 26.43 14.49 15.09 14.49 13.96 13.80 13.19 20.76 11.80 14.43 11.92 13.11 17.65 19.08 24.67 23.11 19.43 15.94 14.21 14.44 14.67 15.00 15.71 13.65 10.85 8.72 8.74 8.12 7.98 9.18 11.68 8.75 12.45 10.59 9.25 9.17 8.95 8.35 7.57 6.98 6.38 5.90 5.64 5.42 5.20 5.29 15.20 16.26 6.35 6.44 17.00 18.13 17.28 16.52 17.67 19.32 18.90 17.63 18.55 18.32 18.37 17.52 18.07 18.43
12.80 12.38 13.53 14.78 15.83 17.02 17.90 17.88 17.66 17.20 18.24 19.65 19.68 17.33 14.95 23.73 13.62 13.91 26.77 13.40 28.26 21.55 21.64 12.79 12.22 22.35 20.71 22.99 23.29 26.95 18.16 19.01 17.78 17.26 17.44 16.76 15.59 13.47 10.39 8.53 8.64 9.33 9.83 11.52 11.94 11.94 10.73 11.07 12.60 9.07 8.73 8.01 7.35 7.00 6.54 6.01 5.44 5.09 14.57 15.12 15.44 15.74 17.10 16.47 16.90 17.39 17.55 16.70 16.74 18.11 18.94 19.32 19.46 18.16 17.72 17.29 19.12 19.87
12.59 13.46 15.08 16.17 17.16 18.14 18.35 17.95 16.95 17.09 14.94 14.84 14.94 14.78 13.85 14.39 25.59 25.27 23.93 26.43 26.69 12.87 22.30 22.77 20.64 19.46 25.22 24.86 18.23 19.30 20.91 13.30 19.65 18.31 19.69 19.03 17.22 13.94 10.95 10.15 11.05 12.70 12.00 11.80 11.53 10.34 10.53 12.42 12.12 11.47 12.12 7.94 7.24 6.82 6.26 5.52 14.15 14.33 14.58 14.71 15.01 16.00 15.78 16.47 16.88 16.71 16.79 19.23 17.31 17.15 19.39 19.04 18.69 18.81 18.73 19.34 19.57 18.81
13.47 13.90 15.32 16.15 17.56 18.28 17.69 16.65 15.91 15.75 15.27 15.08 15.22 15.49 15.19 13.20 25.73 24.76 21.72 26.81 25.41 22.90 19.49 22.06 23.87 26.07 26.18 22.33 20.67 15.35 29.16 19.50 19.29 18.55 20.65 20.37 17.83 15.49 13.93 11.91 15.13 14.87 12.89 10.97 10.05 9.98 11.56 13.29 12.40 11.36 11.88 12.24 12.71 13.38 13.66 13.68 13.79 13.96 14.50 14.69 14.35 14.87 16.00 16.21 5.31 5.83 16.70 18.63 16.62 16.88 17.53 19.13 19.33 19.36 17.50 18.77 17.14 18.41
14.17 14.26 14.61 15.81 14.55 13.78 15.33 14.50 15.04 16.06 18.17 16.77 16.85 17.17 17.55 17.54 15.80 25.10 15.71 33.04 26.60 26.13 24.85 25.46 15.15 13.74 29.53 19.50 17.36 14.70 25.82 18.52 19.49 19.73 21.22 20.31 18.53 17.92 17.55 17.03 18.96 16.42 12.57 11.63 10.81 11.46 14.18 14.55 13.25 11.67 11.61 12.11 12.96 13.77 13.86 13.95 14.04 14.19 14.26 14.93 13.85 14.58 15.55 16.66 4.91 5.15 17.56 18.32 18.42 17.29 16.90 16.71 17.24 17.09 17.00 18.25 18.07 18.27
15.52 14.60 13.80 12.91 13.32 12.27 13.06 12.94 14.57 16.18 18.06 17.07 16.86 17.31 18.25 19.17 18.91 25.33 20.80 33.17 28.30 27.94 27.81 27.93 16.70 16.32 26.33 16.93 17.56 17.05 18.18 23.31 22.66 20.68 20.35 19.25 18.85 19.95 20.61 20.89 20.28 16.63 14.68 13.90 13.18 13.99 16.08 14.72 13.14 11.49 11.22 12.50 14.25 14.27 14.18 13.67 13.66 13.99 14.05 14.57 13.45 13.42 13.81 15.75 15.20 4.40 4.65 17.34 17.59 19.09 19.23 18.39 18.21 17.74 18.67 19.05 18.10 17.36
15.05 13.76 12.53 12.57 11.65 13.20 13.65 13.39 15.29 16.42 16.62 18.80 17.17 17.77 17.98 18.01 19.13 19.63 23.91 20.57 29.28 28.35 29.17 29.14 18.30 18.96 18.24 19.02 19.06 17.82 15.96 25.17 22.42 19.04 18.88 17.94 17.48 18.41 19.42 20.21 20.34 18.53 17.01 15.91 16.22 17.18 16.63 14.97 13.19 12.72 12.80 14.48 14.37 14.39 14.36 14.02 13.78 13.50 13.57 14.12 13.09 12.83 14.76 14.90 14.71 4.27 4.08 16.24 18.23 18.85 19.70 20.44 20.44 20.29 19.96 18.29 17.86 17.28
14.52 13.62 12.30 11.82 13.83 13.97 14.48 14.32 16.06 16.92 17.01 17.29 17.91 18.50 18.78 18.66 19.17 20.35 20.87 23.25 20.47 30.84 30.40 29.26 29.29 28.16 20.36 20.65 31.96 19.22 16.62 24.74 20.25 19.30 15.76 15.03 16.31 16.45 16.97 17.47 19.16 18.57 18.01 18.21 17.91 16.58 15.83 15.60 14.28 14.69 14.36 15.20 14.91 13.51 13.61 12.84 12.87 13.17 13.37 13.97 14.02 13.93 15.49 15.59 16.39 15.21 14.84 14.69 15.95 6.92 19.50 20.31 19.68 18.58 18.70 18.64 17.43 16.67
14.86 14.30 13.44 13.88 14.47 15.39 16.07 16.79 17.31 17.65 17.92 18.16 18.00 18.17 19.17 20.26 20.90 40.59 20.02 33.87 26.83 35.18 31.48 27.85 21.39 28.05 30.37 31.03 30.09 29.21 16.76 14.13 21.49 17.19 15.13 15.30 17.10 16.71 17.29 19.76 19.15 18.57 19.21 19.58 17.77 16.09 16.38 17.13 15.43 14.74 14.00 14.19 13.77 12.91 12.28 12.00 11.77 3.67 3.82 3.96 4.38 4.46 4.45 4.61 5.44 5.67 15.04 5.77 6.76 7.49 19.73 19.77 18.74 17.46 6.12 16.97 17.36 15.33
13.84 14.10 15.71 15.72 17.24 18.73 18.62 19.10 20.85 18.13 17.55 17.72 20.45 18.46 19.60 20.88 21.27 21.85 30.72 31.88 32.52 36.43 30.94 30.55 25.10 32.00 36.55 37.13 21.10 19.56 26.37 28.74 21.96 18.02 15.62 14.53 16.10 17.43 18.23 18.56 18.23 17.24 18.84 18.80 16.84 17.89 18.60 17.12 14.83 12.83 12.86 12.87 12.40 4.74 4.20 3.90 3.69 3.72 3.97 4.35 4.67 4.85 5.25 5.60 6.02 6.37 6.92 7.31 6.48 4.79 17.82 17.10 17.43 17.15 14.86 18.40 16.15 14.60
14.99 15.20 15.75 17.33 18.37 16.14 16.13 18.55 18.78 18.42 16.34 17.24 18.32 19.21 19.74 19.65 19.25 20.69 20.21 31.11 37.04 32.37 33.32 35.27 35.97 35.11 35.38 23.45 21.14 17.65 27.48 25.92 23.33 17.89 15.51 16.60 18.91 20.98 19.27 17.94 16.34 13.67 13.43 13.37 13.68 19.45 19.84 17.56 9.79 9.05 8.29 7.18 6.46 5.90 5.37 4.86 4.49 4.43 4.68 5.01 5.46 5.86 6.06 6.28 6.48 6.60 6.99 17.66 18.64 4.44 4.08 17.32 17.00 17.18 15.20 17.79 15.17 14.14
16.64 16.38 16.48 17.98 17.97 16.92 17.05 16.87 17.28 17.04 16.40 18.06 18.83 21.89 18.56 17.64 17.34 18.66 20.51 21.04 38.40 32.54 34.42 40.99 41.73 40.75 36.96 25.47 21.22 18.38 30.30 24.18 21.79 17.52 15.67 17.39 20.30 19.11 17.96 17.59 15.94 15.93 16.09 16.33 16.32 16.03 15.26 13.76 12.10 10.79 10.04 9.54 8.87 8.09 7.36 6.63 5.93 5.43 5.44 5.99 6.82 7.38 7.49 7.40 7.25 7.02 6.65 5.99 5.41 5.07 5.00 5.13 3.94 15.74 15.64 15.94 15.77 14.07
18.82 18.25 17.17 17.21 18.47 17.88 17.84 17.76 17.73 16.58 17.75 20.01 21.02 20.77 20.34 17.84 20.11 18.99 20.90 23.21 24.34 36.34 34.32 41.24 41.64 35.34 42.55 34.04 21.83 32.04 29.03 26.15 24.45 20.52 17.90 18.55 19.70 19.75 18.93 18.83 18.94 19.42 19.82 19.73 19.35 18.88 18.30 17.07 15.55 14.10 12.94 11.87 10.86 10.08 9.47 8.93 8.25 7.57 7.26 7.89 8.99 9.39 9.14 8.71 8.31 7.82 7.28 6.77 6.33 5.75 5.39 5.24 16.56 3.52 14.78 15.36 15.33 15.29
21.26 19.79 18.07 17.79 17.50 17.51 18.27 18.44 18.51 19.38 19.82 19.09 21.72 21.32 21.74 19.78 20.12 21.98 23.39 25.51 26.10 25.50 37.18 41.54 39.10 41.75 34.96 32.83 20.28 32.80 28.52 26.01 25.82 22.09 22.01 23.95 23.47 21.05 22.02 22.70 23.25 23.53 23.12 22.24 21.31 26.07 25.60 18.68 18.49 17.91 16.50 14.68 13.27 12.55 12.20 11.89 11.69 11.74 12.06 12.58 12.63 11.64 10.36 9.63 9.29 8.73 8.05 7.29 6.61 5.91 5.49 5.09 4.71 15.02 14.69 16.16 13.99 13.75
23.77 21.61 18.86 18.03 16.94 17.60 17.73 17.98 19.37 19.89 20.72 19.43 21.64 22.12 21.71 25.76 22.27 23.62 25.21 26.25 26.54 26.56 25.93 44.37 36.22 40.15 38.47 41.50 37.61 30.30 27.42 26.75 25.19 21.18 18.10 16.25 21.23 23.96 25.92 26.91 26.78 29.66 28.86 27.13 27.26 27.21 19.88 19.33 19.25 18.53 17.31 16.13 15.25 14.90 14.91 14.94 15.21 15.93 16.75 16.69 15.12 12.65 10.88 9.69 9.09 8.38 8.04 7.34 6.93 6.37 5.86 5.50 4.97 4.40 3.81 3.51 14.63 2.67
26.37 23.06 19.23 18.10 17.01 17.16 17.53 18.91 18.84 19.45 19.94 20.35 20.67 21.96 22.09 22.90 23.64 35.60 25.27 25.89 26.45 26.94 26.86 43.87 38.33 29.07 40.08 38.06 34.81 30.98 30.51 28.45 19.67 18.93 23.04 27.29 30.23 31.33 30.22 33.32 32.76 32.48 28.53 21.94 27.42 28.04 20.09 19.35 18.40 17.17 16.25 16.01 16.26 16.72 17.19 17.65 18.14 18.40 17.98 16.42 14.24 12.41 11.03 9.73 8.46 7.76 7.40 6.83 6.34 6.03 5.72 5.54 16.48 15.54 14.97 13.56 3.54 13.36
27.82 23.58 18.83 17.22 15.66 16.26 16.01 17.67 19.36 20.18 20.77 21.16 21.60 22.96 23.06 24.61 24.59 26.95 25.68 26.32 27.27 27.85 27.94 28.23 40.58 29.42 28.48 41.94 37.50 35.90 33.58 22.29 22.09 28.03 34.37 37.28 37.43 36.11 33.53 40.68 33.97 30.67 23.25 23.04 22.77 21.71 20.46 19.36 18.23 17.32 16.64 15.96 15.97 17.34 18.78 19.30 19.01 17.91 16.06 14.01 12.71 11.99 11.09 9.77 8.35 7.50 7.08 17.69 6.22 5.90 5.31 4.46 14.36 16.20 15.93 15.59 15.24 3.28
27.79 23.08 18.54 16.53 13.71 13.96 15.10 18.93 21.77 21.49 21.20 21.67 23.05 24.04 24.77 25.67 25.29 26.16 26.96 27.98 29.08 29.20 28.61 27.84 41.32 40.98 28.70 42.97 38.09 35.05 25.81 25.85 31.21 38.79 41.97 40.63 38.34 35.35 31.52 40.22 32.82 24.68 24.04 23.87 29.22 22.05 20.58 19.37 18.47 17.86 17.03 15.77 15.62 17.31 18.47 18.04 16.84 15.07 13.30 12.14 11.58 11.20 10.48 9.56 8.50 7.47 6.87 6.64 6.35 5.78 4.88 13.09 12.66 12.28 3.40 14.64 15.22 2.54
26.66 23.31 17.88 15.87 13.08 15.99 22.10 25.11 24.07 22.06 21.60 22.15 22.74 23.54 25.74 26.54 27.27 26.70 27.51 28.35 28.76 39.80 27.68 27.18 26.95 30.39 39.89 40.64 39.43 30.59 31.05 35.13 40.52 43.27 40.89 38.02 35.84 32.72 28.74 37.20 25.54 25.13 24.90 24.48 29.44 21.79 20.50 19.33 18.32 17.23 16.42 16.71 17.44 18.03 17.16 15.31 13.64 12.37 11.34 10.60 10.14 9.83 9.46 8.98 8.38 7.72 7.06 6.39 5.93 5.37 12.59 13.13 11.70 11.55 11.20 12.28 13.66 13.21
23.63 22.27 18.91 14.91 15.31 18.16 24.19 24.45 21.81 20.97 21.54 22.49 24.28 24.16 26.35 27.02 28.17 27.17 27.64 29.88 27.31 26.82 26.45 26.72 27.74 28.39 30.72 44.26 39.68 33.49 36.88 41.04 42.43 39.87 35.86 33.89 31.99 29.11 26.69 33.54 28.81 25.48 25.44 24.79 23.46 21.96 20.86 19.92 18.85 17.64 17.83 19.63 20.28 18.94 16.20 13.28 11.01 9.95 9.49 9.02 8.67 8.44 8.17 7.90 7.44 6.90 6.28 5.56 4.96 4.56 3.68 3.08 14.22 13.84 9.70 11.19 11.72 11.10
20.26 20.06 18.41 13.54 15.84 19.17 22.56 20.99 18.70 19.14 20.82 22.59 23.92 24.95 25.78 27.78 26.96 29.30 27.44 28.58 26.98 26.70 26.30 26.82 28.19 29.44 31.41 32.25 41.70 35.37 37.01 37.59 35.69 31.88 28.94 27.05 26.83 25.92 38.39 31.20 27.27 27.01 28.45 27.62 23.90 22.84 22.26 22.25 22.02 21.67 21.60 20.99 19.23 16.88 13.94 11.36 9.18 7.96 7.68 7.62 7.51 7.34 7.05 6.68 6.16 5.58 5.00 4.38 12.52 3.08 14.14 13.03 13.68 12.50 12.41 11.14 11.54 9.56
20.08 18.96 17.32 13.12 16.40 19.65 21.57 19.69 17.78 18.58 20.65 22.67 24.23 25.35 26.21 26.80 27.12 27.24 27.15 26.99 27.09 26.95 26.63 27.26 28.54 29.91 31.93 34.24 45.15 35.50 34.66 32.18 36.18 27.26 24.99 24.81 23.31 23.80 33.38 30.75 28.91 28.27 26.96 24.99 23.70 23.49 23.38 24.02 24.83 25.00 23.56 20.45 16.91 14.32 11.96 9.88 8.43 6.94 6.51 6.79 6.94 6.82 6.42 6.08 5.54 5.03 4.57 3.66 2.73 11.71 10.97 10.18 1.11 12.88 9.80 11.08 10.75 10.18
