examples/cougarCreek/createInputs/farsite/cougarCreek_polygonIgnit/cougarCreek_08-11-2015_1300_217m_non_neutral_stability_ang.asc
ncols	146
nrows	140
xllcorner	610065.000000
yllcorner	5095217.000000
cellsize	216.586807
NODATA_value	-9999.000000
[rows 0 to 48 of 140, columns 0 to 95 of 146]
74 50 81 108 117 112 90 77 76 82 91 101 108 111 106 105 103 87 65 56 58 73 94 110 117 117 116 115 114 115 115 115 100 95 94 94 97 102 107 108 110 110 109 107 107 107 106 104 102 109 93 171 78 63 65 58 20 287 39 35 32 1 25 24 23 352 14 13 15 13 12 11 10 8 8 11 11 4 3 4 4 4 4 3 3 2 1 357 354 350 341 311 318 296 309 305
74 50 81 108 117 112 90 77 76 82 91 101 108 111 106 105 103 87 65 56 58 73 94 110 117 117 116 115 114 115 115 115 100 95 94 94 97 102 107 108 110 110 109 107 107 107 106 104 102 109 93 171 78 63 65 58 20 287 39 35 32 1 25 24 23 352 14 13 15 13 12 11 10 8 8 11 11 4 3 4 4 4 4 3 3 2 1 357 354 350 341 311 318 296 309 305
113 81 88 124 137 119 105 81 101 118 128 140 102 134 134 131 131 99 87 69 74 85 96 105 111 112 140 138 121 122 123 133 106 105 95 94 130 137 115 156 147 162 158 157 159 116 168 167 165 181 171 166 156 56 61 54 14 307 33 21 335 339 1 339 339 326 11 11 345 12 11 9 354 6 7 346 331 3 2 4 4 5 4 4 3 3 1 358 356 353 349 339 322 273 271 285
132 96 90 123 135 130 126 114 109 106 129 139 122 131 150 144 139 124 115 104 97 98 103 100 105 121 148 138 118 120 151 142 126 127 126 119 123 133 142 150 149 151 148 151 147 157 169 149 160 167 170 169 186 41 55 47 7 73 54 23 354 2 17 345 345 7 8 1 347 11 341 345 4 4 7 348 338 3 1 3 4 5 5 4 3 3 2 2 2 3 5 7 355 329 326 301
58 105 89 112 130 127 122 116 112 110 121 132 107 113 140 155 146 128 125 121 109 103 99 130 102 109 122 142 143 146 147 147 133 131 135 127 125 133 136 145 152 147 152 156 147 155 160 152 156 164 194 216 243 32 8 355 259 51 99 20 11 320 352 336 347 7 353 9 10 342 344 4 3 3 343 351 14 4 359 360 1 3 4 5 4 4 4 5 7 9 10 11 9 359 340 332
114 97 88 104 123 135 135 128 122 116 115 122 124 112 140 144 151 128 124 119 113 106 100 118 134 105 120 141 142 147 152 158 136 136 138 129 130 133 143 149 154 148 156 161 153 156 157 155 168 193 215 232 272 5 299 232 158 46 16 49 336 323 336 321 5 348 336 348 335 349 3 356 351 6 14 20 340 2 356 357 358 0 3 5 6 6 6 7 8 9 9 10 13 11 359 339
125 101 89 90 112 130 133 120 120 123 118 116 127 108 115 147 154 135 122 116 114 108 104 103 131 103 148 138 142 150 155 151 141 143 139 128 132 136 135 143 144 154 162 165 159 152 172 183 106 108 102 79 260 255 217 212 198 145 308 310 314 335 328 338 2 337 333 331 332 359 343 338 7 11 17 338 8 358 355 354 356 359 1 5 8 8 8 9 9 8 7 9 12 14 11 2
116 112 107 104 109 128 131 118 113 115 117 114 122 123 131 139 152 146 131 117 114 111 107 104 127 104 115 145 140 119 158 146 141 154 141 128 137 139 140 138 142 151 159 157 162 177 180 121 119 120 237 228 234 228 226 253 245 282 288 306 321 316 297 359 322 328 332 327 339 335 1 5 339 343 15 353 4 357 354 353 355 358 1 5 8 10 10 9 9 7 7 8 10 12 11 9
116 109 108 107 106 121 129 127 120 118 121 113 107 132 104 113 135 147 135 117 114 114 107 102 124 104 113 147 140 149 156 147 152 157 141 132 142 142 137 136 144 147 153 157 127 180 189 175 200 204 208 234 258 254 270 256 240 278 300 314 306 310 320 318 322 327 326 323 331 333 2 324 1 10 344 334 3 357 354 354 355 358 1 5 8 11 11 11 9 7 7 7 8 9 9 8
117 112 108 106 102 107 113 120 122 122 123 121 116 123 144 122 128 130 137 117 112 114 108 102 101 135 111 148 146 146 155 151 153 153 141 134 141 140 132 135 148 156 156 146 173 135 180 184 187 202 224 256 264 252 230 229 244 267 286 278 283 350 306 314 317 316 316 317 325 329 332 3 4 346 334 8 1 357 356 356 358 360 2 6 9 12 12 11 9 7 6 6 6 6 6 7
71 121 122 112 109 104 101 109 114 117 119 120 119 117 106 111 116 128 140 123 111 120 110 104 99 128 106 144 142 144 156 150 149 153 140 135 138 136 133 141 148 160 124 170 180 135 187 185 203 216 213 254 232 205 200 224 241 257 256 270 324 293 305 311 310 317 320 321 326 328 332 347 343 350 345 3 359 358 358 360 2 3 4 8 11 12 12 11 9 6 4 3 3 4 5 7
62 116 124 126 123 113 102 101 109 116 118 120 124 119 123 126 100 123 134 128 110 121 112 107 101 113 104 146 141 145 156 152 155 153 141 135 133 133 138 138 148 118 166 127 130 137 191 193 210 234 243 233 209 193 210 240 247 255 259 310 286 298 305 303 308 320 348 351 353 357 336 345 4 343 3 359 358 0 1 3 5 6 7 10 12 13 12 11 9 6 2 359 359 2 6 7
100 93 99 110 121 117 106 95 96 108 113 117 120 126 98 100 102 140 124 126 119 122 125 109 103 100 103 135 137 114 156 151 152 121 141 136 136 136 133 110 141 121 127 178 133 189 186 192 220 224 224 220 201 196 231 249 255 263 268 272 308 335 304 309 343 344 345 348 351 354 359 1 350 340 1 358 359 2 4 6 348 8 9 12 13 13 12 10 8 6 2 357 355 359 4 6
36 49 66 90 105 110 109 94 87 82 99 110 112 119 92 96 99 138 131 123 118 117 125 119 104 101 133 138 134 114 151 157 146 146 138 133 139 141 116 113 136 121 130 132 185 184 182 202 217 218 215 212 208 209 245 257 267 279 280 290 311 327 332 309 309 311 308 310 311 314 355 358 359 360 359 358 1 5 7 9 10 10 11 13 14 14 12 9 7 5 3 358 354 354 359 3
29 64 75 84 91 99 108 106 92 84 82 93 101 103 112 85 93 103 138 130 129 123 129 131 107 103 128 130 136 113 156 155 143 142 137 132 139 139 117 116 116 120 130 176 187 179 192 205 230 229 210 212 217 223 245 251 267 279 282 290 298 300 300 305 303 298 302 306 314 353 342 324 356 342 357 359 3 7 10 10 10 11 12 13 14 15 13 10 7 5 2 359 356 350 350 359
72 81 90 92 93 101 111 115 111 92 80 91 102 99 98 108 93 98 136 128 130 126 129 138 126 118 126 133 136 112 154 147 144 120 136 137 134 113 114 114 144 118 128 180 186 190 199 225 234 220 202 220 236 244 248 258 276 277 276 284 288 287 285 286 292 301 304 310 339 316 319 356 353 355 357 0 5 9 345 10 10 11 12 13 15 16 15 11 8 5 2 358 355 347 337 345
75 80 88 100 98 96 103 109 114 110 95 95 111 116 102 96 91 118 121 120 125 124 127 107 134 122 128 126 108 142 151 141 141 147 139 141 116 113 112 141 116 120 129 142 188 193 213 227 224 213 209 239 257 258 255 281 282 278 275 282 289 285 288 292 296 303 299 311 313 332 344 357 351 353 358 1 4 10 13 10 10 11 12 13 15 16 16 13 9 6 2 356 346 338 324 338
89 85 86 98 102 92 90 101 112 118 105 96 102 110 100 96 89 88 102 99 110 111 113 98 136 123 129 125 107 143 149 144 145 143 144 140 117 114 113 144 116 123 130 181 193 205 217 227 220 222 239 263 268 257 269 282 275 277 279 274 279 285 290 289 290 304 307 317 337 343 325 316 320 325 329 332 4 10 14 13 360 11 12 14 16 16 16 13 10 7 3 357 346 333 308 323
119 108 102 103 114 110 101 107 119 127 116 103 96 96 101 100 96 99 105 102 106 111 104 117 127 126 126 122 130 144 148 147 148 127 146 138 120 117 132 145 151 167 132 142 198 212 223 226 220 232 254 265 259 247 267 270 262 265 272 273 276 282 287 291 297 303 311 337 330 318 311 323 324 339 338 339 349 9 14 15 13 12 12 13 16 16 16 14 12 8 3 358 352 344 339 321
144 129 115 109 115 116 107 105 116 125 115 108 96 94 105 109 112 108 111 106 105 114 102 108 113 122 104 121 138 144 147 151 152 165 128 124 123 121 132 143 153 164 135 147 205 215 224 231 242 255 259 252 266 252 268 264 263 266 270 271 273 281 280 286 291 297 296 298 307 307 316 323 321 353 359 344 345 346 347 356 11 10 10 11 14 16 16 14 12 7 1 359 359 350 335 316
354 145 122 111 113 115 110 107 114 123 109 106 117 98 94 103 110 114 117 113 107 121 100 91 100 117 99 119 135 140 145 152 151 168 133 125 125 123 121 144 126 131 140 153 213 221 231 241 256 258 258 248 250 268 276 253 263 270 267 269 273 279 279 282 290 294 300 306 317 311 327 323 325 336 3 344 349 354 355 346 355 7 7 8 13 16 16 14 10 5 0 359 358 345 312 315
157 121 116 109 112 111 108 105 109 122 114 109 124 125 95 90 93 99 105 107 105 117 108 104 105 113 116 124 132 139 146 145 153 174 136 125 137 122 139 124 128 134 144 157 218 224 235 248 254 242 247 244 255 256 278 255 284 273 270 269 273 278 277 280 302 294 298 301 318 317 308 317 331 349 353 358 351 347 357 356 8 4 4 7 12 15 15 12 8 4 0 358 357 353 346 333
63 71 82 88 99 99 95 98 103 115 116 108 113 140 112 93 87 89 93 103 105 109 106 100 99 108 115 119 126 137 141 140 161 173 136 125 123 121 139 123 130 137 147 161 223 229 241 249 238 233 239 267 272 245 278 281 281 264 271 271 277 280 280 296 299 294 297 300 297 311 319 322 331 5 344 347 353 349 349 347 343 3 1 5 11 13 13 10 6 3 2 4 5 6 5 351
83 70 71 73 78 84 94 102 106 116 120 108 107 129 119 109 101 100 100 106 113 112 111 94 83 97 99 117 120 130 138 144 156 167 143 129 125 122 140 123 132 140 150 217 226 239 243 241 233 237 259 265 272 274 280 282 282 284 285 274 282 282 284 275 279 286 291 296 300 317 309 340 326 338 347 347 349 353 357 349 348 342 360 2 7 10 10 8 4 3 7 13 16 18 19 5
354 53 51 71 74 80 89 99 104 112 124 116 108 115 119 109 104 102 101 99 105 111 114 106 84 93 110 116 122 124 130 143 156 166 155 133 127 133 141 126 138 208 203 224 234 231 236 243 242 244 261 267 272 274 279 268 271 274 275 288 292 278 293 302 300 292 292 296 301 306 317 327 332 343 340 345 347 344 9 9 356 348 1 359 3 7 9 6 4 7 15 19 16 18 24 13
346 55 72 81 92 96 92 101 103 106 120 118 107 104 116 111 107 103 102 98 97 107 112 106 93 92 107 115 121 119 131 144 159 166 160 132 128 146 146 128 141 209 217 228 233 244 251 253 246 241 264 269 272 273 277 271 277 279 290 289 289 280 293 289 293 289 292 301 305 333 328 333 337 340 355 344 358 345 343 9 9 7 2 359 2 7 9 7 6 12 18 18 15 1 8 10
306 18 18 75 89 97 89 89 94 97 110 109 106 103 106 112 108 105 105 101 99 107 110 103 91 89 103 112 118 120 129 141 157 166 156 138 147 154 154 175 198 203 211 219 227 237 242 242 241 261 265 269 272 274 274 279 286 289 288 289 279 277 280 286 291 293 313 323 335 338 331 345 347 350 341 6 8 12 343 341 6 3 360 359 2 6 9 10 7 5 15 23 21 357 352 358
38 64 70 77 79 85 92 88 83 86 101 109 113 107 97 102 102 102 107 103 102 110 112 102 87 85 95 107 115 120 130 140 148 155 153 153 154 161 169 179 192 198 205 219 230 235 239 246 250 263 266 271 273 273 277 283 286 286 286 287 290 284 296 301 307 317 317 321 310 313 321 326 331 335 349 346 349 340 352 339 341 342 356 356 359 3 8 10 6 351 333 326 339 335 336 340
104 101 100 90 82 83 92 104 101 91 99 113 111 108 94 96 98 100 106 103 103 109 114 105 87 76 84 95 109 120 131 140 142 150 157 163 165 172 177 184 194 203 212 228 242 250 256 258 249 266 267 273 273 276 280 285 286 286 287 289 290 292 292 301 305 310 315 318 311 316 323 325 326 328 328 327 330 330 335 337 340 340 354 351 354 360 6 10 7 356 334 330 329 337 336 332
125 117 112 99 89 84 87 98 117 110 109 113 119 126 110 97 99 102 106 104 104 110 114 113 97 86 83 86 104 110 128 136 142 152 158 163 177 184 177 188 199 212 229 242 245 247 254 248 266 267 267 271 274 278 281 284 284 285 287 288 288 290 295 302 304 304 299 304 311 321 325 321 337 338 336 335 338 336 336 340 342 345 338 351 352 0 6 9 8 2 354 346 349 344 340 332
168 142 131 123 110 97 87 87 99 105 104 112 115 104 122 102 104 110 112 111 110 114 115 119 112 101 95 89 100 102 122 134 145 154 160 169 190 181 181 198 208 225 244 249 244 245 246 260 263 264 265 268 274 280 280 279 281 284 286 280 283 288 297 295 295 292 292 296 318 327 333 354 355 340 339 339 344 344 343 340 340 340 343 1 3 5 6 7 5 4 4 360 354 338 338 337
312 184 130 114 111 102 98 98 99 103 99 99 101 104 119 107 103 110 113 112 114 118 119 122 119 112 108 98 96 99 113 118 148 157 161 182 191 179 186 207 218 235 249 257 258 254 252 256 260 262 263 265 271 279 278 278 283 286 287 279 284 290 298 292 292 294 299 305 311 315 321 328 333 334 333 333 337 338 339 343 355 342 1 4 6 4 2 3 4 5 5 2 355 336 338 343
314 224 214 132 113 119 117 109 103 107 105 103 111 115 120 113 103 102 105 105 109 114 117 123 124 121 113 105 99 98 101 110 141 160 167 179 179 180 195 206 217 240 253 258 263 266 268 256 259 263 264 266 270 275 276 279 284 285 280 280 282 286 290 294 298 306 313 323 330 335 335 332 336 327 324 333 331 346 358 357 357 357 355 352 355 0 2 2 4 6 5 2 358 355 344 348
298 312 331 215 148 141 133 122 114 109 117 123 126 123 122 117 108 101 95 93 96 105 110 112 115 119 121 110 102 100 101 106 130 158 174 178 182 189 208 220 234 247 252 258 271 273 277 257 262 267 269 270 271 272 272 274 278 280 282 284 288 288 291 296 298 299 304 311 312 305 308 334 340 346 349 328 331 335 344 354 355 341 347 336 335 350 360 2 5 7 7 4 1 359 346 346
300 313 94 7 149 138 138 136 132 130 127 125 126 127 123 118 109 103 97 97 99 102 106 109 109 113 115 110 103 102 103 102 113 149 178 180 184 200 235 252 256 258 264 267 272 277 279 262 268 276 280 277 274 271 270 270 271 275 279 282 285 288 288 287 291 296 299 309 332 328 327 329 336 320 333 338 337 330 328 332 339 332 344 316 329 340 355 1 5 7 7 5 3 358 337 340
71 78 85 108 114 140 132 126 126 127 122 111 110 117 125 124 121 122 129 131 123 113 110 106 106 102 100 99 100 102 104 99 98 129 177 179 185 215 228 236 246 254 261 261 260 266 273 279 289 274 280 284 280 270 267 269 270 273 277 281 279 279 284 289 305 315 325 330 333 336 335 336 323 348 328 329 328 328 328 327 326 345 335 329 342 339 349 359 4 7 6 6 4 358 341 341
102 94 97 107 111 130 153 132 125 121 115 109 110 111 114 118 121 125 130 125 114 110 105 105 98 89 88 92 96 98 100 100 95 111 159 171 172 104 139 198 218 234 243 253 264 263 262 269 281 274 276 282 283 276 271 269 268 271 275 276 275 276 281 287 293 310 323 332 338 324 343 345 349 348 348 351 349 348 331 347 346 330 333 336 350 340 343 356 2 5 7 8 4 358 342 341
96 100 106 107 109 119 130 122 119 115 110 112 115 111 108 105 103 104 103 101 98 99 96 88 88 85 81 91 92 90 90 95 93 93 132 211 203 209 227 240 228 244 247 251 253 266 268 265 271 279 287 276 276 292 277 272 269 270 273 274 265 264 267 272 280 290 303 317 331 338 342 349 323 350 345 347 345 343 344 345 344 329 330 316 335 346 339 349 0 5 7 9 4 354 329 331
221 209 120 107 101 102 136 156 103 104 102 111 110 107 102 101 99 93 89 90 91 91 88 84 78 72 80 88 87 83 83 90 105 99 68 46 79 137 158 298 280 268 256 260 262 262 263 267 260 270 278 284 285 288 286 284 282 281 272 272 269 269 273 275 264 281 263 261 269 290 307 325 343 343 338 339 344 346 343 343 344 344 344 342 347 0 349 336 350 4 8 7 3 357 348 327
228 111 101 100 97 90 135 93 107 105 110 110 105 108 106 105 100 93 88 88 87 82 90 89 78 74 84 88 78 80 83 86 92 106 23 8 351 327 315 226 229 296 254 254 269 271 272 267 265 265 265 269 270 275 282 286 283 282 285 276 272 270 272 272 271 272 276 280 285 294 311 296 307 314 317 323 329 334 342 345 343 342 341 343 349 334 359 335 327 353 6 8 6 3 357 331
337 62 75 80 109 115 128 94 107 110 111 116 117 117 110 108 98 86 80 80 81 87 98 90 74 76 86 86 82 82 85 84 75 63 17 330 295 277 290 309 310 299 291 252 250 254 258 261 260 274 273 272 267 263 269 269 265 263 266 262 269 277 271 266 263 275 281 281 291 297 306 318 318 296 304 316 312 314 328 339 344 341 339 342 343 315 357 347 328 328 358 11 12 10 7 359
317 41 62 73 105 110 121 98 107 112 116 118 119 117 108 105 92 79 80 89 97 102 99 83 71 78 86 87 88 87 82 72 61 46 43 100 284 275 266 270 294 288 280 280 281 281 263 260 279 280 278 280 266 281 275 274 271 272 258 254 269 265 271 275 278 280 277 273 274 280 281 300 310 310 308 317 314 317 320 327 338 342 342 344 343 323 298 349 340 331 343 8 16 18 17 12
57 52 61 85 95 110 92 105 107 112 119 120 117 111 106 96 87 86 94 101 106 103 90 71 73 89 92 89 88 87 79 67 58 50 57 74 326 276 267 262 271 281 279 274 270 265 270 275 279 265 280 280 284 282 277 254 253 277 279 279 251 278 274 245 246 243 240 238 235 231 228 231 230 230 241 258 300 324 325 334 328 335 343 348 352 345 323 302 346 341 335 354 19 25 25 22
81 105 99 129 113 110 100 108 111 117 121 117 122 115 99 82 90 91 96 101 102 93 78 69 84 97 91 83 83 87 77 65 59 52 53 57 23 286 273 260 255 263 268 261 250 250 255 260 265 272 273 274 282 282 280 280 278 277 261 251 247 240 237 244 252 260 260 258 276 256 276 276 271 269 273 258 265 279 319 338 334 325 336 348 356 358 349 327 318 335 339 345 20 33 33 33
80 107 147 108 97 88 103 104 110 116 109 111 91 83 84 82 90 80 90 95 90 82 74 79 93 96 83 76 82 89 73 60 50 46 52 55 35 333 292 272 261 252 243 240 241 247 257 266 272 271 267 268 273 273 267 258 250 251 253 258 262 257 253 263 266 275 285 289 294 301 311 314 314 315 320 319 301 303 298 342 340 331 328 342 354 1 0 350 333 330 341 352 1 43 20 19
90 102 102 95 93 91 97 102 105 105 142 75 74 89 90 85 67 81 98 96 92 87 86 83 92 88 76 76 88 89 72 60 54 48 47 42 34 34 19 301 272 346 321 286 263 245 256 264 274 280 270 256 253 251 250 246 253 255 261 263 264 270 266 266 267 274 275 278 292 289 292 313 319 321 323 323 334 314 307 306 4 343 324 329 351 1 1 357 350 336 335 4 34 55 23 73
102 113 126 86 88 88 87 92 92 131 64 75 85 91 84 76 76 102 107 102 99 89 84 76 74 75 72 81 89 80 67 59 56 53 49 47 27 4 349 0 8 5 6 354 265 263 265 264 264 252 253 255 262 264 261 258 255 263 268 271 268 263 260 258 258 257 270 271 269 277 293 315 330 315 318 326 348 330 317 313 326 352 326 323 342 357 359 356 354 351 312 145 71 70 77 78
95 101 111 85 87 86 110 72 71 61 77 85 93 91 89 101 141 149 114 105 96 84 70 57 60 66 78 87 86 77 67 64 66 55 58 60 26 3 353 334 21 6 27 34 293 283 274 265 263 260 257 261 270 271 266 266 269 266 265 265 260 255 252 251 248 247 251 253 247 249 251 274 280 289 301 310 335 342 339 314 315 354 333 321 338 359 2 8 29 97 138 151 126 40 86 83
92 95 94 79 109 104 111 64 77 76 86 97 102 107 123 151 151 149 115 104 91 71 55 56 71 77 89 88 81 78 73 69 76 57 66 74 24 3 358 356 11 43 36 30 306 285 271 273 266 263 263 268 274 276 273 271 270 264 259 257 256 254 250 246 242 238 234 232 251 254 253 260 268 275 277 284 297 318 296 293 304 307 329 310 324 1 21 38 74 104 122 139 52 119 44 43
