examples/cougarCreek/createInputs/farsite/cougarCreek_polygonIgnit/cougarCreek_08-10-2015_2100_217m_non_neutral_stability_vel.asc
ncols	146
nrows	140
xllcorner	610065.000000
yllcorner	5095217.000000
cellsize	216.586807
NODATA_value	-9999.000000
[rows 72 to 107 of 140, columns 0 to 80 of 146]
5.36 5.54 5.74 5.93 10.18 14.57 14.02 10.91 14.09 14.85 15.04 15.46 15.09 10.99 8.80 7.92 7.94 7.99 12.15 8.07 8.18 8.25 8.28 11.72 8.45 9.86 11.32 16.68 17.83 16.88 17.57 16.15 15.15 18.26 17.67 17.51 16.00 11.36 18.15 16.65 16.69 16.01 11.45 17.44 12.02 8.96 9.94 14.99 9.96 8.42 9.30 8.39 15.26 16.85 8.41 8.43 8.39 8.31 8.18 8.21 8.44 8.69 17.93 11.04 10.18 9.07 11.50 9.04 8.99 10.22 8.89 15.62 15.43 14.00 14.52 15.64 14.52 15.97 14.76 16.34 16.01
5.34 5.53 5.71 5.88 10.68 13.74 13.75 11.32 14.83 15.09 14.82 15.12 14.85 7.88 10.09 7.85 7.81 7.84 7.90 7.96 8.05 8.13 8.18 15.48 8.30 9.95 16.60 17.23 15.83 11.51 18.07 15.44 14.88 16.44 15.18 17.42 11.18 14.47 17.79 16.16 17.99 15.61 11.26 17.42 15.43 8.99 14.04 10.49 10.53 8.25 9.86 8.20 14.91 8.21 16.26 8.32 8.28 8.24 8.15 8.11 8.20 8.38 11.62 17.20 16.05 15.37 11.70 14.80 14.14 14.23 14.41 14.67 15.31 15.16 15.30 15.40 14.58 14.52 14.75 14.92 16.07
5.27 5.45 5.61 5.78 10.85 13.42 13.48 13.88 14.74 14.85 14.78 14.90 7.33 15.63 7.48 7.63 7.68 7.70 7.78 7.89 7.96 8.02 8.11 11.36 8.26 10.62 16.97 15.29 11.69 17.77 16.55 15.05 15.58 12.05 15.17 18.02 11.15 14.62 17.86 16.66 17.63 15.23 15.32 17.59 11.30 9.67 9.28 9.80 10.49 10.81 8.04 14.65 14.69 8.12 8.17 15.47 8.28 8.26 8.21 8.11 8.06 8.13 8.27 17.34 15.86 14.67 16.11 16.37 15.24 15.98 17.62 16.54 15.88 9.01 15.11 13.91 14.43 14.44 14.67 14.97 14.92
5.21 5.38 5.56 9.92 11.33 11.47 11.32 13.71 14.51 14.38 11.62 13.75 14.86 15.50 7.22 7.45 7.60 7.66 7.71 15.99 7.86 7.94 8.00 8.07 10.26 11.71 16.61 11.36 17.16 16.32 17.68 15.08 17.24 11.31 16.29 15.44 11.00 15.01 17.68 17.06 17.55 14.72 14.84 11.18 11.12 14.98 8.19 13.00 7.87 11.53 7.87 7.92 15.37 7.99 8.00 14.62 15.66 8.04 8.05 8.02 7.96 7.98 8.12 11.51 16.32 10.92 14.30 11.37 11.18 16.52 8.65 8.75 16.98 13.86 8.78 13.97 14.07 14.52 14.55 14.73 14.81
5.20 5.37 5.53 10.68 11.29 11.44 10.89 11.41 14.22 10.77 7.02 7.17 7.15 15.47 7.24 7.40 7.52 7.57 14.69 7.71 7.78 7.85 7.92 7.98 11.66 16.01 15.85 16.44 16.04 17.18 17.66 15.56 16.88 15.73 17.56 10.71 10.83 15.31 12.18 16.60 15.61 14.50 14.30 14.83 11.02 11.14 14.93 7.97 7.86 11.44 7.80 7.88 7.96 7.95 7.89 11.86 15.23 7.90 7.88 7.90 7.87 7.86 7.94 8.08 15.60 15.19 15.47 15.41 11.04 14.21 16.67 13.96 13.07 15.71 14.35 17.06 13.92 14.46 14.65 14.28 15.54
5.20 5.36 5.49 11.03 11.19 10.31 10.18 11.74 11.46 9.76 7.18 9.77 7.48 7.40 7.35 7.40 7.42 7.46 7.53 7.62 7.68 7.75 7.86 11.88 12.79 15.41 15.86 16.44 16.99 16.66 16.02 17.62 15.54 16.84 15.20 10.60 8.26 15.15 12.14 17.12 11.09 11.59 11.71 11.89 10.97 11.04 14.55 8.12 7.90 11.41 7.74 7.80 7.86 7.87 7.83 11.76 14.95 7.94 7.89 7.76 15.20 7.78 7.83 7.88 12.49 15.90 15.99 15.93 14.49 12.01 14.93 15.31 16.54 16.43 8.53 8.74 8.86 16.14 14.43 14.48 14.55
5.20 5.34 5.47 11.36 10.82 5.99 10.63 13.83 11.24 10.48 10.98 15.10 7.30 7.30 7.29 7.33 7.31 7.34 7.42 7.49 7.57 7.68 7.79 11.60 14.73 15.84 15.91 16.39 16.78 16.22 16.53 17.55 17.44 17.56 12.13 8.23 8.16 12.30 16.21 16.36 11.59 11.44 11.81 11.89 12.01 11.93 11.99 13.52 7.88 11.24 11.36 7.70 7.76 7.81 7.77 7.70 14.52 15.00 14.98 7.72 7.72 7.73 7.79 7.88 7.87 15.70 15.22 15.24 12.92 8.07 8.13 8.12 15.78 16.13 8.55 8.67 16.84 14.34 14.62 14.14 15.02
5.21 5.34 5.47 11.02 11.13 5.92 10.86 11.82 11.32 11.14 11.40 14.36 14.70 7.04 7.12 7.18 7.23 7.28 7.36 7.43 7.53 7.63 15.53 7.74 7.81 15.67 15.69 15.78 16.41 16.12 15.48 16.81 17.01 17.38 12.03 8.16 8.08 12.27 15.72 16.56 11.62 11.37 11.54 11.74 11.89 11.77 11.90 11.90 14.85 7.67 11.27 7.68 7.71 7.73 7.72 11.68 7.72 14.26 15.79 7.76 7.73 7.59 7.54 7.62 7.77 12.44 12.38 12.36 12.48 8.20 8.25 8.26 8.30 12.95 14.36 14.05 8.64 8.89 14.44 14.66 14.48
5.21 5.33 5.46 11.48 11.04 5.87 6.02 11.36 11.43 11.43 12.04 14.03 11.39 6.95 7.06 7.14 7.24 7.30 7.35 7.46 7.60 7.67 11.45 7.67 14.39 15.72 15.40 7.96 16.26 12.93 16.53 17.22 17.17 16.30 12.15 8.27 8.22 12.46 12.28 17.00 11.64 11.77 11.30 11.58 11.68 11.69 11.81 11.40 12.08 7.86 7.71 7.71 7.71 7.73 7.84 7.94 7.91 13.06 12.02 7.95 7.88 7.71 7.53 14.12 7.63 7.87 14.93 12.01 12.69 11.13 11.49 11.81 8.30 8.30 12.57 14.27 8.65 8.88 14.45 13.34 13.43
5.21 5.33 5.44 10.90 5.71 5.87 6.02 10.66 11.78 12.17 12.32 11.16 11.61 6.89 7.03 7.13 7.20 7.27 7.38 7.49 7.56 15.19 7.60 7.67 12.57 12.78 7.80 7.90 12.89 16.54 12.86 15.94 16.13 17.12 12.15 11.54 11.98 16.79 16.24 7.94 7.89 7.91 11.77 11.10 10.91 11.65 11.86 7.91 11.29 8.07 7.86 7.75 7.78 7.87 7.99 11.82 12.72 8.04 11.90 12.21 8.07 7.96 7.80 7.64 12.43 7.71 12.51 14.00 13.86 11.27 13.23 14.74 12.08 8.33 8.41 8.51 8.66 8.81 14.12 13.64 12.91
5.22 5.32 5.41 11.54 5.68 5.82 5.96 10.57 12.12 13.70 12.31 6.60 11.61 6.78 6.93 7.04 7.13 7.23 7.31 7.36 14.75 14.99 7.49 7.60 12.17 15.51 7.77 7.84 16.45 15.62 12.91 15.91 15.94 16.56 12.17 11.55 12.20 12.75 12.57 7.97 7.93 7.88 11.96 11.30 10.59 11.35 11.79 7.84 15.75 11.38 8.04 7.91 7.87 7.92 11.54 11.67 12.10 14.05 12.04 11.97 15.56 8.06 7.98 7.81 7.69 7.65 7.75 15.33 14.10 15.25 11.59 11.99 13.78 11.48 8.48 11.41 13.50 8.66 8.67 13.75 13.00
5.23 5.32 5.40 5.52 5.64 5.75 5.88 10.46 11.74 13.72 11.31 6.53 13.80 6.71 12.89 6.91 7.06 7.18 7.20 14.35 15.32 11.04 7.49 7.55 12.41 7.76 7.86 7.92 16.36 12.17 15.71 15.69 12.49 12.48 12.56 12.22 15.85 8.14 12.15 7.93 7.84 11.53 7.80 11.45 7.97 7.87 7.72 14.70 11.91 11.62 10.95 8.01 7.98 11.84 14.67 11.35 7.85 11.95 11.92 11.86 12.15 15.71 13.04 8.10 7.96 7.74 7.66 12.73 14.51 14.78 13.81 13.67 13.58 13.78 12.57 12.02 12.75 16.02 16.10 14.54 15.56
5.25 5.34 5.41 5.52 5.63 5.73 5.84 10.49 12.08 11.92 6.34 6.48 14.45 6.68 6.80 6.90 10.01 7.10 7.19 14.75 11.94 7.29 7.45 7.56 7.63 13.23 7.78 12.26 13.01 12.11 16.38 16.67 8.03 7.94 16.56 8.16 15.83 8.22 12.34 8.04 7.94 7.88 7.90 7.96 7.96 7.94 7.83 7.76 11.85 7.85 10.96 7.91 12.04 11.06 10.98 7.71 7.69 7.84 11.91 7.88 12.06 12.10 12.31 12.56 12.73 12.88 12.33 12.32 15.64 14.20 14.19 10.91 14.71 13.41 13.65 14.64 15.08 15.21 14.65 8.33 8.46
5.28 5.36 5.43 5.52 5.62 5.72 5.80 10.76 11.76 10.54 6.30 10.23 12.36 11.98 6.79 6.89 6.92 12.29 14.31 15.24 11.14 7.24 7.32 7.44 7.50 13.02 13.10 13.42 12.88 8.01 15.69 16.08 7.85 7.84 16.07 15.15 15.39 12.73 8.37 8.39 8.31 8.09 7.97 8.02 8.03 7.99 7.90 7.80 7.85 7.97 7.97 7.85 7.79 7.84 7.84 7.76 7.64 7.65 7.74 7.75 7.72 11.79 7.77 12.01 14.52 14.21 15.13 7.67 12.42 15.30 14.97 10.46 10.97 15.24 15.44 15.17 15.01 14.96 8.18 8.17 8.30
5.30 5.37 5.44 5.52 5.60 5.69 5.77 5.84 11.10 6.07 6.20 13.80 6.36 12.51 6.65 6.75 12.35 12.85 14.88 12.36 7.08 7.20 7.23 14.51 7.42 12.85 7.53 13.48 12.52 15.50 15.55 12.01 16.19 7.90 16.01 13.63 16.12 16.24 8.26 8.49 12.00 8.25 7.98 7.96 8.04 7.99 7.88 7.79 7.84 7.98 8.04 7.93 7.84 7.86 7.89 7.87 7.77 7.69 7.68 7.68 7.63 7.62 7.60 7.62 14.68 14.44 15.13 12.43 12.56 12.75 12.95 13.74 13.32 13.71 14.90 7.84 14.96 8.07 8.28 8.36 8.39
5.33 5.39 5.46 5.54 5.60 5.69 5.78 5.87 5.95 6.05 6.14 11.92 6.31 12.73 12.21 12.17 12.26 12.56 14.66 11.48 7.00 7.09 7.20 7.30 13.86 13.10 7.48 13.57 7.59 15.88 8.00 12.44 8.08 8.02 7.93 7.91 7.91 7.85 15.84 16.30 8.26 8.29 8.06 7.90 7.97 8.01 7.97 7.90 7.84 7.85 7.89 7.92 7.89 7.83 7.86 7.90 7.86 7.75 7.67 7.66 7.63 7.59 7.57 7.61 11.83 14.69 15.19 12.27 12.42 7.75 7.85 15.13 13.84 12.60 13.34 12.76 13.04 14.28 14.93 14.21 8.47
5.35 5.40 5.48 5.55 5.60 5.66 11.01 5.82 5.93 6.02 6.09 11.90 6.23 11.94 12.31 11.84 12.18 14.67 14.54 6.85 6.94 7.02 7.13 7.22 13.46 7.37 7.48 7.57 7.70 7.87 13.52 15.36 16.16 8.03 7.88 15.77 7.84 7.76 15.77 7.63 7.84 8.02 7.99 7.87 7.91 7.97 7.94 7.90 7.86 7.85 7.87 7.91 12.94 7.80 7.75 7.79 7.80 7.75 7.69 7.67 7.69 7.68 7.63 7.59 14.57 13.91 11.92 14.77 14.82 14.98 7.60 15.17 14.61 13.64 7.89 7.97 8.03 8.06 8.07 13.05 8.38
5.36 5.40 5.43 5.48 5.54 5.59 10.96 5.72 5.83 5.92 5.98 13.51 6.17 6.25 12.16 11.49 12.22 12.33 12.45 6.73 6.84 6.97 7.08 13.77 7.25 7.37 7.53 7.69 7.80 7.90 8.02 13.79 16.18 8.05 7.95 7.85 7.85 7.81 15.76 7.69 7.78 7.92 7.97 7.92 7.94 7.94 7.86 7.82 7.82 7.88 7.93 7.96 13.02 13.23 7.79 7.81 7.84 7.82 7.78 7.76 7.75 7.74 7.71 14.55 11.47 13.76 13.98 14.45 14.11 14.13 14.47 14.86 15.05 15.04 13.20 12.67 13.03 8.17 8.22 8.24 8.25
5.38 5.40 5.41 5.43 5.49 5.56 5.63 5.68 5.74 5.81 5.91 12.02 6.16 6.23 12.32 11.22 12.16 14.15 14.24 6.64 6.79 6.92 7.08 7.22 7.31 7.37 7.47 7.63 13.55 14.17 14.18 15.91 16.01 8.16 8.16 8.05 8.01 7.99 7.93 7.91 7.93 7.99 8.04 8.00 7.99 7.99 7.94 7.89 7.86 7.87 7.93 8.00 8.07 13.16 7.91 7.88 7.92 7.89 7.85 7.82 7.76 14.26 7.66 14.63 14.55 14.16 13.38 13.73 13.22 12.94 13.20 13.97 7.51 7.64 14.67 14.37 13.51 14.30 13.23 8.28 8.36
5.38 5.40 5.41 5.43 5.48 5.54 5.61 5.65 5.70 5.76 10.27 12.46 5.96 13.51 12.65 11.70 12.85 6.42 6.48 6.57 6.70 6.84 13.57 7.15 7.31 7.40 13.09 13.92 13.93 14.06 15.72 15.81 15.86 8.02 8.07 8.00 7.96 7.96 7.92 7.96 7.99 8.00 8.00 7.93 15.18 7.99 8.05 8.04 8.00 7.97 8.00 8.05 8.12 12.51 8.01 7.91 7.94 7.95 7.91 7.86 7.82 14.11 14.20 13.68 14.44 7.64 14.10 13.42 11.64 12.05 7.55 12.77 7.55 7.62 7.72 13.08 14.14 7.91 14.49 13.43 13.66
5.39 5.41 5.42 5.46 5.47 5.49 5.51 5.56 5.61 5.65 10.69 12.18 11.55 12.36 12.38 12.18 12.64 13.80 6.43 6.53 6.64 6.77 12.61 7.09 7.24 7.35 14.27 13.15 13.56 14.05 15.16 7.93 7.89 7.87 7.88 7.85 15.44 7.85 13.48 12.62 7.89 7.97 12.42 8.06 8.00 8.04 8.10 8.11 8.10 8.07 8.07 8.10 8.14 11.34 11.46 7.97 7.94 7.94 7.90 7.87 7.87 7.85 13.68 12.97 14.03 7.63 7.67 14.00 12.74 12.35 7.59 12.90 7.60 7.65 13.99 13.81 13.73 13.79 13.72 12.66 12.46
5.30 5.36 5.42 5.48 5.44 5.46 5.45 5.46 5.49 5.54 5.56 11.75 5.73 12.29 5.98 12.42 12.11 12.70 6.40 6.53 6.65 6.77 12.60 7.02 7.14 12.53 13.01 13.05 13.22 15.47 14.28 7.90 7.85 7.85 7.87 13.52 7.85 7.88 7.89 7.81 7.80 7.89 8.10 8.25 8.21 8.12 8.12 8.12 8.14 8.14 8.13 8.11 8.12 11.77 11.41 12.78 7.89 12.98 7.83 7.83 7.85 7.85 12.89 11.91 12.73 7.52 7.53 13.96 13.16 12.44 11.39 13.38 7.62 7.65 14.20 13.88 13.62 7.86 12.13 11.02 8.13
5.23 5.32 5.39 11.49 5.46 5.49 5.47 5.46 5.48 5.51 5.54 5.58 11.64 5.83 5.94 6.03 12.38 12.53 6.36 6.47 6.61 6.74 6.82 12.43 7.01 12.25 12.83 14.93 14.94 14.47 15.14 13.59 15.27 14.56 13.36 7.97 8.00 8.04 8.14 8.19 8.10 7.98 8.02 8.16 8.21 8.16 8.13 8.11 8.12 8.13 8.13 8.14 8.13 8.16 10.71 11.43 11.65 10.98 12.65 7.77 7.79 7.82 12.96 10.24 7.66 11.45 13.31 7.41 12.73 12.33 11.65 13.15 7.53 7.58 13.76 14.52 14.65 14.07 12.09 12.31 12.88
5.17 5.27 5.40 5.34 5.50 5.49 5.49 5.47 5.51 5.54 5.56 5.59 5.66 12.34 5.83 12.57 12.34 12.15 13.30 6.38 6.49 6.61 6.72 6.79 6.91 7.09 14.09 13.94 7.44 7.53 7.64 15.21 14.52 12.91 7.85 7.91 8.00 8.06 8.15 13.45 8.32 8.18 8.08 8.12 8.21 8.25 8.21 8.13 8.09 8.11 8.11 8.11 8.10 8.10 9.03 7.60 8.76 9.86 10.45 12.28 7.75 7.78 11.86 9.50 7.79 7.89 9.70 11.75 11.83 11.96 11.05 12.10 13.91 14.00 14.14 7.64 7.75 7.85 12.54 12.19 12.51
5.05 5.12 5.34 5.44 5.50 5.32 5.46 5.47 5.50 5.51 5.53 5.56 5.61 12.08 12.43 12.52 12.09 11.70 13.28 6.33 6.41 12.18 6.59 6.76 6.91 12.45 14.26 13.95 14.36 12.73 7.77 14.42 7.85 7.86 7.90 7.94 7.99 7.98 12.37 8.00 8.07 8.12 8.15 8.17 8.22 8.30 8.31 8.26 8.20 8.19 8.18 8.15 8.11 8.08 8.11 8.08 8.00 7.96 7.93 7.86 11.36 12.34 11.43 11.87 11.06 9.04 7.59 9.57 10.53 10.55 10.74 12.07 12.25 12.53 13.55 14.19 7.73 7.81 14.78 7.99 10.74
5.08 5.10 5.15 5.39 5.20 5.39 5.40 5.47 5.46 5.46 5.50 5.53 5.59 11.78 5.75 5.86 12.10 12.22 13.22 6.29 6.43 6.55 6.67 6.82 6.95 13.90 13.89 14.18 7.47 7.62 7.77 7.87 7.91 7.92 7.95 8.00 8.03 8.04 8.04 8.04 7.98 7.97 8.05 8.12 8.21 8.29 8.35 8.37 8.31 8.30 8.31 8.29 8.26 8.21 8.18 8.13 8.06 7.99 7.93 7.89 7.82 10.94 11.73 11.81 10.88 7.70 7.63 7.58 7.51 7.47 7.46 7.47 7.50 11.47 12.62 13.32 7.64 7.60 7.83 14.11 8.09
5.21 5.23 5.41 5.38 5.43 5.23 5.40 5.46 5.41 5.46 5.51 5.53 5.59 11.91 5.74 5.86 11.96 12.62 13.07 6.31 6.46 6.66 6.82 6.90 6.94 14.03 14.08 7.31 7.47 7.62 7.77 13.78 7.85 7.88 13.68 13.12 13.68 12.91 13.75 14.04 8.14 7.99 7.98 8.09 8.23 8.32 8.35 8.38 8.35 8.32 8.32 8.34 8.36 8.34 8.31 8.24 8.17 8.08 7.98 7.92 7.89 7.89 7.86 7.83 8.53 7.79 7.71 7.63 7.58 7.56 7.56 7.55 7.51 11.67 12.12 12.74 13.91 7.51 7.65 14.54 8.13
5.12 4.96 5.40 5.41 5.24 5.27 5.52 5.44 5.44 5.48 5.50 5.50 5.61 5.69 5.77 5.85 5.97 6.02 6.16 6.29 6.43 6.60 6.72 6.80 13.70 13.81 7.16 7.29 14.20 14.28 7.67 7.73 7.75 13.45 12.92 13.01 13.10 14.29 14.11 12.48 7.98 7.96 7.99 8.04 8.13 8.26 8.33 8.39 8.42 8.40 8.32 8.31 8.36 8.37 8.36 8.31 8.24 8.16 8.08 8.01 7.95 7.92 7.91 7.87 7.85 7.81 7.75 7.66 7.58 7.55 9.10 10.53 10.80 7.44 11.31 11.96 13.15 7.46 7.57 7.93 14.08
4.75 4.90 5.28 4.96 5.14 5.39 5.46 5.38 5.53 5.50 5.35 5.53 5.63 12.22 5.74 5.85 5.94 6.04 6.16 6.26 6.38 12.61 6.51 13.60 6.77 6.96 7.11 7.24 14.37 14.13 13.21 7.68 7.76 7.82 14.55 14.58 13.66 8.00 8.05 8.13 8.15 8.05 8.09 8.15 8.19 8.28 8.35 8.42 8.51 8.57 8.51 8.38 8.35 8.39 8.41 8.38 8.33 8.24 8.14 8.08 8.01 7.96 7.93 7.92 7.90 7.84 7.75 7.67 7.57 8.28 9.74 10.49 10.49 10.63 9.87 7.45 7.59 12.81 7.50 7.60 14.14
4.83 4.87 4.83 4.91 5.16 5.43 5.35 5.38 5.27 5.47 5.38 5.51 5.61 5.64 5.69 5.81 5.87 5.95 6.08 6.14 6.23 6.29 6.30 12.16 6.68 6.87 13.54 14.19 14.25 7.43 7.57 13.25 13.99 14.50 14.65 14.83 7.92 8.14 8.42 8.71 8.77 8.48 8.26 8.23 8.30 8.38 8.39 8.45 8.51 8.58 8.58 8.43 8.35 8.40 8.45 5.26 5.58 5.22 8.21 8.14 8.08 8.01 7.97 7.94 6.86 7.69 7.16 7.70 7.61 7.51 8.14 8.42 8.80 8.57 7.44 7.45 9.45 11.54 13.07 13.87 13.36
4.81 4.83 4.94 5.01 5.14 5.13 5.38 5.44 5.60 5.38 5.30 5.48 5.53 5.62 5.46 5.81 5.89 5.89 12.44 6.09 12.30 6.26 6.17 6.46 6.65 6.80 13.31 13.99 13.95 7.47 7.61 7.63 14.27 14.49 14.50 14.43 12.64 12.84 13.80 15.65 8.64 8.60 8.39 14.44 15.42 8.27 15.91 13.23 8.44 8.58 8.70 8.60 8.40 8.34 6.71 7.66 8.54 7.23 5.46 8.19 8.13 8.05 7.96 7.90 7.89 7.88 7.82 7.75 7.69 7.62 7.56 7.49 7.42 7.40 8.99 7.48 7.52 7.59 11.95 13.16 7.94
5.09 5.07 5.03 5.09 5.07 5.17 5.20 5.18 5.39 5.18 5.29 5.41 5.40 5.37 5.41 5.72 5.84 5.90 6.04 5.94 5.98 6.10 6.26 6.47 6.67 6.79 13.40 13.85 13.58 7.43 13.88 14.29 14.27 14.25 13.33 14.59 14.30 14.49 15.06 14.74 13.47 8.18 8.30 8.26 13.39 13.87 13.34 8.25 12.60 12.66 8.73 8.78 8.58 8.37 4.53 5.47 5.89 5.34 8.27 8.23 8.17 8.11 8.05 8.00 7.96 7.92 7.84 7.79 7.77 7.71 7.67 7.64 7.56 7.43 8.71 7.43 11.38 11.78 12.48 13.42 13.22
4.67 4.98 4.89 4.97 5.04 5.13 5.44 5.10 5.09 5.17 5.29 5.34 5.58 5.70 5.46 5.82 5.82 5.94 5.76 12.02 6.03 6.18 6.28 6.48 13.05 6.77 13.30 13.75 13.46 13.80 14.37 14.47 14.23 14.37 14.52 14.72 14.60 14.25 14.28 14.39 14.66 15.62 14.94 13.11 12.18 8.30 8.30 8.31 12.38 13.47 16.56 12.71 8.71 8.54 8.37 4.35 4.55 8.24 8.26 8.26 4.70 4.88 8.13 8.12 8.08 8.00 7.88 7.81 7.62 7.57 7.78 7.95 7.59 8.15 8.22 7.35 7.47 11.70 12.14 13.01 12.91
4.56 4.66 4.83 4.94 4.99 5.00 5.08 5.09 5.08 5.23 5.32 5.43 5.70 5.57 5.58 5.74 5.80 5.89 5.67 12.13 6.22 6.14 6.33 6.50 12.85 6.75 6.92 13.38 13.49 13.81 14.30 13.92 14.16 14.46 14.42 14.69 14.48 7.60 7.65 12.21 13.34 14.85 14.44 12.78 8.30 11.80 8.40 8.41 11.87 11.62 8.51 8.64 8.82 8.77 8.46 4.22 8.14 8.21 8.24 8.26 4.36 4.60 4.71 5.35 6.46 6.33 6.82 7.51 8.80 8.86 9.00 8.60 8.53 7.53 7.45 7.37 7.35 7.43 7.49 7.55 11.95
4.53 4.68 4.95 5.07 5.11 5.17 5.22 5.12 5.08 5.17 5.27 5.62 5.75 5.49 5.76 5.70 5.49 5.88 5.65 5.74 5.80 5.95 6.25 12.71 6.64 6.70 13.24 13.50 13.46 13.64 14.08 14.12 14.22 14.26 14.52 14.71 13.65 7.69 7.72 14.22 7.93 14.26 14.49 8.18 13.18 13.05 12.80 11.97 8.46 11.38 8.65 8.76 8.97 9.13 8.93 4.37 8.14 8.20 8.26 8.29 4.50 5.24 6.50 7.14 7.27 7.18 7.37 8.23 8.11 8.71 9.57 10.15 10.25 9.27 7.46 7.36 7.83 7.96 7.37 7.55 7.74
4.60 4.73 5.01 4.98 5.24 5.30 5.27 5.19 5.13 5.20 5.36 5.61 5.56 5.52 5.75 5.77 5.46 5.85 5.60 5.69 5.76 5.84 6.17 12.32 12.25 6.65 13.33 13.44 12.92 13.34 13.34 14.42 14.39 14.21 14.34 13.97 7.64 7.76 7.80 14.88 13.99 14.79 13.47 13.22 13.41 13.44 8.36 8.40 13.53 15.26 15.53 14.88 12.21 10.51 5.52 5.03 4.09 8.27 8.29 3.91 5.31 6.24 6.14 4.91 8.10 5.13 6.34 6.68 6.69 7.09 7.69 8.64 9.81 10.00 8.96 7.42 7.40 7.43 7.59 11.76 11.64
