examples/cougarCreek/createInputs/farsite/cougarCreek_polygonIgnit/cougarCreek_08-10-2015_1600_217m_non_neutral_stability_ang.asc
ncols	146
nrows	140
xllcorner	610065.000000
yllcorner	5095217.000000
cellsize	216.586807
NODATA_value	-9999.000000
[rows 84 to 125 of 140, columns 0 to 93 of 146]
156 155 154 154 153 153 153 171 166 169 153 152 162 154 154 153 178 151 151 172 155 149 150 150 151 175 148 169 166 153 171 169 145 145 168 144 181 142 157 140 138 138 138 137 136 135 136 134 159 129 140 131 155 139 139 129 129 128 147 128 151 143 145 140 118 120 144 146 143 130 123 116 132 145 134 128 124 130 134 121 122 121 122 122 123 121 122 121 121 121 121 119 120 119
156 156 155 154 154 154 153 171 169 176 154 176 156 162 155 154 153 175 173 168 151 151 152 152 152 177 177 175 168 149 163 171 146 147 172 176 177 164 145 143 141 141 141 140 138 138 137 136 133 132 132 132 131 131 131 130 130 129 128 128 127 143 126 146 135 132 141 124 145 140 133 112 115 133 137 132 130 129 120 120 121 121 121 121 121 136 120 120 120 119 119 119 119 116
156 156 156 155 154 154 154 154 173 155 154 166 154 170 155 155 175 171 167 161 152 153 154 161 154 181 152 177 169 163 164 177 169 150 173 174 174 175 147 146 152 144 144 142 140 140 139 138 136 134 134 133 133 133 132 131 131 130 129 128 127 127 126 125 139 137 142 142 144 143 144 125 120 125 133 119 135 119 119 120 120 108 120 120 119 120 119 117 116 112 118 118 114 118
156 157 156 155 155 155 155 156 156 156 155 158 156 169 173 177 176 163 168 157 154 155 156 156 174 180 154 180 153 174 153 179 152 153 152 151 150 149 179 175 146 146 146 145 142 142 141 140 138 136 135 134 135 134 133 132 132 131 129 128 128 127 126 125 138 141 145 140 141 122 120 139 127 123 122 122 120 127 133 118 118 105 119 119 118 118 119 118 118 115 118 117 118 118
157 157 156 156 156 156 174 156 157 157 156 160 157 161 172 177 176 165 170 156 157 158 158 158 180 157 157 156 156 156 185 185 170 155 154 176 152 151 177 148 147 148 148 147 144 144 143 142 140 138 136 136 136 136 134 133 132 131 130 129 128 127 126 125 142 137 138 142 142 142 119 143 134 123 118 119 119 118 118 117 117 118 118 118 117 117 117 117 117 114 117 117 118 115
158 157 156 156 156 156 173 157 157 158 157 168 158 159 173 180 176 166 167 158 159 160 160 178 160 159 159 159 159 159 158 179 175 158 157 156 155 154 180 151 150 150 150 149 147 146 145 144 142 140 139 138 137 139 135 134 133 132 131 130 129 128 126 142 135 133 135 139 135 135 139 144 146 140 125 118 119 117 117 117 117 116 117 117 117 116 117 117 117 116 117 117 115 114
158 158 156 156 156 157 157 157 158 158 158 170 160 161 173 183 176 166 166 160 161 162 162 162 162 161 161 161 178 184 185 181 177 161 161 160 159 158 156 155 154 153 152 151 150 148 147 146 144 142 141 140 140 139 137 136 134 133 132 130 129 143 126 145 143 138 131 133 128 126 128 139 116 116 141 129 126 127 118 116 116 116 115 117 117 117 116 117 117 117 116 130 120 124
159 158 157 157 157 157 158 158 159 159 180 167 161 162 173 180 175 162 162 162 163 164 179 164 165 164 189 185 186 187 182 176 174 163 163 163 161 160 159 158 157 155 154 153 171 151 150 148 147 145 143 142 141 136 139 137 136 134 133 131 129 142 142 137 144 122 137 130 123 120 119 125 117 116 116 131 129 116 129 118 117 121 113 116 117 117 116 116 116 117 116 118 118 134
159 159 157 157 157 157 158 159 159 159 179 167 160 170 173 176 175 168 164 164 165 166 187 166 166 166 180 183 191 189 172 167 166 166 166 165 184 163 190 195 159 158 198 156 155 153 152 151 149 147 145 144 143 130 130 138 136 135 133 131 130 128 138 133 141 122 121 136 126 123 118 127 117 116 137 128 126 124 122 115 114 119 116 127 116 120 116 114 115 116 115 115 116 116
159 158 157 157 157 157 158 158 159 159 159 171 162 173 162 174 178 175 164 165 166 166 187 167 167 192 180 184 183 182 172 168 168 168 168 190 165 165 164 161 160 160 159 158 157 156 154 153 151 150 148 146 144 133 130 139 137 139 135 133 131 129 133 127 132 123 121 140 131 125 121 132 118 117 136 130 125 116 108 100 115 115 109 116 117 130 116 133 105 111 112 116 117 115
158 157 156 154 157 157 158 158 158 158 159 160 173 161 162 162 178 177 164 165 166 166 166 189 167 194 183 180 173 178 180 168 179 189 192 168 167 166 165 163 162 162 160 160 160 158 156 155 153 152 150 149 147 146 128 132 131 127 137 134 132 130 135 122 126 123 137 121 132 127 120 131 118 117 137 141 143 128 113 113 112 111 115 105 109 113 112 116 128 128 114 111 115 111
157 156 156 156 156 157 158 158 158 158 159 160 160 168 162 171 176 180 169 165 166 166 167 167 166 166 182 171 169 169 169 179 188 194 168 168 168 167 165 198 165 164 162 162 162 160 159 157 156 154 153 151 149 148 122 122 123 123 124 134 133 132 129 118 127 108 117 125 126 125 120 123 142 140 140 118 117 116 118 110 110 111 115 115 115 109 115 116 115 116 118 116 111 116
156 155 155 156 156 156 157 157 158 158 159 159 160 170 168 169 179 184 169 165 166 187 166 167 166 192 176 172 183 199 170 190 170 169 169 169 168 168 200 165 166 165 165 164 164 163 161 160 159 157 156 154 152 150 149 147 145 143 141 138 128 134 127 129 123 115 125 116 118 119 119 124 124 126 134 144 118 117 143 116 100 98 96 102 116 117 126 116 109 113 114 116 114 116
155 155 154 155 154 156 156 157 157 158 158 159 159 172 161 162 179 178 168 165 166 166 166 166 166 176 172 183 169 169 170 170 170 170 170 170 169 169 168 167 167 167 166 166 166 165 164 163 162 160 159 157 155 154 152 149 147 145 143 141 138 127 131 130 123 128 127 126 124 123 123 122 121 121 126 137 120 118 118 130 116 98 115 115 117 118 135 119 115 98 96 109 120 121
153 154 154 155 155 154 156 156 157 157 158 159 159 168 161 161 173 172 168 165 166 166 166 166 167 172 177 169 169 170 171 198 171 171 200 197 203 201 203 199 169 168 168 168 167 167 166 165 164 163 161 160 159 157 155 152 150 148 145 143 141 139 137 134 114 130 129 127 126 125 125 124 123 121 123 128 142 119 118 143 117 117 117 117 116 117 120 115 118 117 117 119 121 116
153 153 154 155 156 153 155 156 156 157 159 158 159 159 160 161 162 162 164 165 165 166 166 167 177 178 169 169 182 188 171 171 171 202 198 199 199 198 200 207 170 169 169 169 169 169 168 168 167 166 164 163 162 160 157 155 153 151 148 145 143 141 139 137 135 132 131 129 128 126 112 119 120 123 119 122 132 120 119 120 132 125 117 128 129 117 118 121 114 118 115 115 122 121
152 151 152 153 152 153 154 155 155 157 157 158 158 165 160 161 162 162 164 164 165 185 166 179 168 168 169 170 176 190 199 171 171 172 195 194 199 174 174 172 171 171 172 172 172 171 171 171 170 168 167 166 164 162 160 158 156 153 151 148 146 144 141 139 137 135 133 130 129 110 115 116 118 117 114 122 122 128 120 119 138 129 118 117 118 116 114 116 120 118 117 115 116 122
153 151 150 152 153 153 155 155 154 157 157 157 158 159 159 160 161 162 163 164 164 166 167 192 168 168 186 176 175 171 171 201 196 192 188 191 174 174 174 173 174 174 174 174 174 174 173 173 172 171 171 169 167 164 163 118 117 114 153 151 148 146 143 141 111 107 110 132 130 129 105 108 109 107 125 124 108 116 130 142 130 122 117 104 113 116 116 112 114 114 113 116 116 117
151 152 151 150 149 150 153 154 154 157 156 157 158 158 159 161 160 161 164 163 171 167 166 167 167 168 188 180 189 171 172 172 193 192 190 195 201 201 196 189 177 178 177 185 208 176 208 214 174 174 174 172 169 167 118 122 121 116 115 153 151 148 146 143 141 139 137 135 133 131 131 129 127 126 108 124 123 123 119 129 120 118 117 117 117 117 116 115 113 116 116 117 117 118
150 154 150 150 149 149 149 151 155 154 156 157 158 157 158 161 160 161 162 164 165 165 166 166 168 169 188 183 192 171 194 192 193 194 192 193 196 193 189 185 177 179 180 179 212 211 214 177 216 217 176 175 173 170 118 120 121 117 158 156 153 151 148 146 143 141 139 137 135 134 132 131 129 128 108 125 120 121 126 135 129 121 114 113 120 122 120 118 119 121 116 117 114 119
149 152 148 148 148 148 150 150 152 153 156 157 157 158 160 160 160 161 162 170 165 166 166 167 184 170 188 181 193 192 184 189 194 194 195 185 189 195 196 197 198 192 201 214 219 180 180 179 219 215 211 210 177 174 171 116 116 164 161 158 110 110 151 148 146 144 141 139 107 112 108 108 131 106 106 126 125 122 124 132 127 122 120 118 119 121 120 118 118 123 122 120 118 123
149 148 146 146 146 146 146 149 151 154 155 156 156 159 159 158 160 160 162 169 167 165 167 167 184 170 170 172 192 191 184 194 194 193 193 184 193 178 178 213 210 200 211 217 182 222 182 182 222 221 180 179 179 178 174 115 169 166 163 161 109 109 109 109 106 104 106 114 114 117 116 113 112 130 129 127 126 125 123 122 119 124 123 119 118 120 121 119 116 122 124 120 122 125
149 148 146 145 146 146 146 148 150 151 151 154 156 158 158 158 159 160 162 163 164 165 166 175 169 170 187 173 190 192 192 193 190 191 190 189 208 179 179 206 181 198 210 183 217 219 221 220 183 222 182 182 182 181 178 115 172 168 166 163 110 112 109 117 116 115 115 113 116 118 119 121 120 116 130 128 99 98 123 122 122 122 121 109 116 118 116 117 116 117 125 119 118 124
148 148 145 148 145 146 147 148 149 150 153 154 157 157 158 160 159 160 162 163 164 164 168 184 189 170 186 182 196 195 198 186 185 191 191 203 179 180 180 193 198 206 214 217 217 218 186 186 219 221 218 225 221 216 136 121 115 171 168 110 114 112 116 109 152 107 106 106 111 111 112 115 119 119 113 129 128 126 126 121 118 122 122 119 116 119 119 114 113 117 119 120 118 117
146 146 144 147 147 145 144 147 149 150 154 154 156 157 158 159 158 160 162 163 165 165 165 169 170 193 188 191 195 189 190 181 184 195 205 179 180 211 185 179 206 215 217 218 220 188 222 220 220 222 216 220 222 220 155 122 119 174 111 115 114 118 112 158 104 108 113 117 117 115 112 116 119 120 117 116 115 116 119 121 124 123 122 122 121 118 116 115 113 115 118 118 119 121
139 144 143 142 146 146 142 145 148 150 150 150 155 156 158 158 158 159 161 163 168 167 167 182 190 185 186 193 185 183 185 182 189 202 180 180 180 199 181 192 211 215 217 218 221 223 190 190 190 189 188 226 220 210 187 140 121 116 114 114 111 114 109 160 102 108 112 114 117 120 121 120 122 129 129 122 117 114 127 117 119 123 122 122 123 123 120 119 119 118 119 119 120 121
137 138 142 142 146 146 146 144 147 150 150 149 155 157 158 158 158 163 160 162 163 164 178 170 172 186 182 190 180 184 188 192 207 181 181 181 210 189 189 209 213 214 214 218 219 221 225 192 228 191 228 228 222 230 188 186 128 119 109 111 108 115 110 162 110 114 106 110 113 116 117 111 109 113 120 118 115 129 127 126 125 124 123 122 122 124 123 121 122 122 122 122 121 122
138 137 140 140 140 145 146 146 142 149 150 149 156 157 158 159 163 159 160 161 165 166 168 171 172 174 174 175 184 190 179 180 180 181 182 183 193 187 205 215 188 215 218 218 218 219 223 226 228 193 227 230 226 228 188 166 125 120 122 123 123 120 120 141 136 129 124 119 116 115 112 108 142 139 136 134 116 116 115 127 126 125 123 122 121 123 123 120 120 121 123 126 123 122
135 137 138 138 138 138 140 146 143 148 149 149 155 155 156 159 157 158 160 161 162 165 167 171 172 174 175 190 190 196 180 180 204 203 205 192 188 200 211 213 217 219 217 218 220 221 221 222 228 227 227 231 231 228 210 145 137 134 128 126 127 128 131 142 141 138 139 135 129 124 123 127 125 120 116 116 118 119 117 128 128 127 125 124 123 123 125 124 122 123 124 126 128 123
134 135 133 131 137 136 137 139 141 145 148 148 153 153 155 157 160 160 160 159 163 166 165 171 173 173 174 175 192 195 179 195 193 201 197 184 195 206 208 210 211 210 218 223 227 193 226 222 225 225 226 224 218 209 193 166 143 136 128 123 126 130 136 141 140 138 137 137 134 131 131 133 134 133 128 123 125 135 133 122 130 130 126 124 123 122 124 125 124 126 126 125 128 126
129 129 134 135 136 137 137 138 138 141 145 146 151 152 154 156 158 159 159 159 161 166 166 171 167 173 173 174 175 176 188 190 181 199 187 188 203 209 186 204 188 214 223 192 192 192 193 222 219 218 219 214 208 201 188 181 165 154 144 132 134 140 142 142 140 139 137 135 133 131 130 127 125 129 131 130 134 137 136 133 132 131 128 125 123 122 123 124 123 126 128 126 125 131
131 133 133 133 130 136 132 132 139 140 143 144 145 147 149 156 156 157 158 158 162 166 168 165 165 172 172 174 175 176 181 179 199 194 185 196 206 185 198 202 189 218 190 221 221 217 214 220 218 217 215 208 204 196 185 181 179 173 162 147 142 148 150 143 138 138 139 137 133 129 127 125 124 129 133 132 133 138 135 133 132 132 131 129 127 125 125 125 124 125 127 127 127 127
130 131 131 132 131 134 137 137 139 133 141 141 143 146 148 149 157 153 156 158 159 166 168 163 170 169 172 173 175 174 175 179 180 181 195 206 184 199 195 205 188 188 214 213 212 211 212 215 218 216 213 205 196 191 183 177 180 177 171 159 146 148 153 147 139 134 134 134 133 131 131 130 130 132 135 135 141 138 135 132 131 131 130 129 127 126 126 126 126 129 125 123 128 129
129 130 129 129 130 132 133 135 140 140 141 141 141 143 146 154 154 153 157 158 158 166 168 162 166 166 172 172 173 172 174 179 181 182 183 204 193 192 199 209 188 188 217 217 212 208 207 214 215 210 206 195 188 187 184 178 176 174 172 164 153 152 155 152 147 140 135 132 134 139 138 132 132 132 132 134 142 140 138 135 133 131 129 128 128 128 129 126 127 134 133 128 125 131
128 129 128 133 129 131 127 135 139 138 140 135 136 144 145 153 153 153 157 158 159 166 166 167 162 166 172 172 172 171 175 180 180 181 181 196 182 193 206 187 188 188 213 211 206 200 203 210 205 202 204 191 185 187 183 190 172 170 185 164 181 156 176 157 153 150 145 135 132 138 144 134 130 128 147 145 143 141 139 137 136 137 134 132 131 132 130 130 129 136 137 130 131 133
127 128 128 127 128 128 132 134 135 137 137 144 139 137 145 145 146 154 151 158 160 164 165 165 163 168 170 170 171 172 176 179 174 179 181 191 191 186 186 215 188 212 209 205 201 201 206 205 201 201 200 192 194 193 192 190 189 187 185 184 162 180 160 175 155 153 151 144 132 131 142 144 137 131 149 147 145 144 144 141 138 138 138 135 133 134 132 135 130 131 131 132 133 134
126 127 127 127 132 125 128 132 133 135 135 136 138 140 143 144 145 148 149 158 160 155 164 165 167 168 167 170 172 171 173 176 174 175 180 181 184 185 186 187 188 207 206 205 205 208 207 202 201 203 199 194 194 193 192 191 189 188 186 184 183 162 160 161 175 157 149 149 138 130 137 147 146 143 137 148 146 145 145 144 140 138 137 135 132 135 133 132 132 133 133 134 134 135
125 125 132 135 131 130 130 131 131 133 135 135 136 139 141 143 145 146 148 157 152 154 164 165 165 164 166 170 172 167 172 171 173 180 179 182 184 185 186 187 204 202 207 210 213 213 207 202 202 204 200 197 193 194 193 192 190 188 187 185 183 169 164 164 167 166 153 152 148 132 132 141 142 139 152 149 148 146 145 145 142 140 139 136 132 137 136 135 134 135 134 135 136 137
124 130 124 125 132 129 132 128 129 132 135 134 135 138 140 142 145 145 146 148 151 160 162 163 161 161 167 172 172 167 169 170 172 174 178 182 183 185 186 206 187 204 212 213 215 212 203 200 202 205 203 200 195 194 193 192 190 189 188 186 184 182 162 165 169 169 173 159 159 142 132 129 157 155 153 151 149 147 147 146 143 142 142 140 139 135 138 137 136 137 137 137 138 139
123 129 127 123 131 123 132 136 127 130 133 134 134 141 135 141 145 145 144 153 149 159 161 161 159 159 168 171 171 167 168 175 176 177 178 182 183 184 185 185 187 205 209 210 212 192 193 201 205 208 208 201 195 194 194 192 191 190 164 186 184 183 164 166 177 176 174 162 159 151 143 140 140 158 155 153 150 148 148 148 146 144 144 143 143 144 142 139 138 139 139 139 140 141
122 121 128 128 122 123 125 126 126 128 131 133 133 134 136 138 143 144 143 146 148 149 160 160 159 160 169 170 170 166 168 172 174 176 180 182 184 184 185 187 188 207 209 209 192 200 194 204 207 208 206 195 195 195 194 193 192 190 189 187 185 184 182 180 178 177 176 174 154 150 149 152 163 161 159 155 153 150 150 149 147 148 149 147 144 142 141 140 140 140 141 141 141 142
120 121 120 127 127 121 123 125 125 129 129 132 133 133 142 137 141 143 143 145 147 157 159 152 161 163 168 169 166 164 167 168 174 178 181 182 184 185 186 188 189 190 211 191 192 194 194 204 205 203 195 195 195 195 195 194 192 191 190 188 186 158 151 150 151 176 176 175 138 132 142 165 164 164 163 159 155 152 151 150 149 149 149 147 145 144 143 142 141 142 142 143 143 144
