examples/cougarCreek/createInputs/farsite/cougarCreek_polygonIgnit/cougarCreek_08-12-2015_2000_217m_non_neutral_stability_ang.asc
ncols	146
nrows	140
xllcorner	610065.000000
yllcorner	5095217.000000
cellsize	216.586807
NODATA_value	-9999.000000
[rows 0 to 41 of 140, columns 0 to 94 of 146]
244 244 245 248 249 250 251 252 254 260 257 257 255 253 252 252 252 253 256 272 33 294 65 68 69 69 69 70 71 71 69 69 70 73 75 78 82 88 88 91 94 94 97 97 100 100 103 103 103 103 102 100 99 99 100 101 102 100 99 100 101 101 101 102 103 103 102 103 105 108 110 109 107 105 105 107 107 103 101 101 101 103 106 104 102 105 109 102 103 107 111 108 107 114 113
244 244 245 248 249 250 251 252 254 260 257 257 255 253 252 252 252 253 256 272 33 294 65 68 69 69 69 70 71 71 69 69 70 73 75 78 82 88 88 91 94 94 97 97 100 100 103 103 103 103 102 100 99 99 100 101 102 100 99 100 101 101 101 102 103 103 102 103 105 108 110 109 107 105 105 107 107 103 101 101 101 103 106 104 102 105 109 102 103 107 111 108 107 114 113
244 244 246 248 249 250 252 253 255 256 257 258 257 256 256 257 259 262 271 300 14 320 56 60 63 64 65 66 67 67 66 67 69 72 75 77 80 83 86 89 91 93 94 96 97 99 100 101 101 101 101 100 99 99 99 100 99 99 99 99 100 100 101 101 102 102 102 104 105 107 107 107 106 105 106 106 107 105 103 103 103 104 106 107 107 108 108 108 108 108 108 108 110 111 111
243 245 247 249 250 251 253 255 256 258 259 260 261 263 265 268 273 281 296 326 4 337 43 50 54 56 59 61 62 62 62 64 67 70 73 76 78 81 84 86 88 90 92 93 95 96 97 98 99 100 100 100 99 99 99 98 98 98 99 99 100 101 101 101 102 102 104 105 105 105 104 105 106 107 107 107 108 108 106 105 105 106 106 106 107 107 107 108 108 108 107 107 107 110 111
242 244 247 248 250 252 254 267 267 269 259 261 263 266 269 274 280 290 307 332 325 339 4 44 49 52 55 58 59 60 60 62 65 68 71 74 77 79 82 84 86 88 90 92 93 94 95 97 98 99 100 99 99 95 98 98 98 98 99 99 100 101 102 102 102 103 104 105 104 104 104 106 107 107 107 107 107 107 107 106 106 106 106 106 107 108 108 108 108 108 108 108 88 93 93
241 243 246 248 249 251 253 255 257 270 271 274 263 266 270 275 282 293 310 333 329 338 359 42 48 51 53 56 58 58 58 60 64 67 70 73 76 78 81 82 85 87 89 90 92 93 95 96 97 94 94 94 98 98 97 97 98 99 100 100 100 101 101 101 102 103 96 104 104 104 105 107 107 107 106 106 106 107 107 107 107 107 106 106 107 107 107 107 108 108 108 108 106 86 90
241 243 246 247 249 251 252 268 270 272 272 272 279 265 269 275 282 293 304 313 332 344 3 22 38 45 52 46 50 52 56 58 63 66 69 72 75 78 79 76 78 86 83 90 91 87 89 91 95 96 93 97 92 97 97 98 99 99 100 100 100 94 95 101 102 95 103 103 104 105 106 106 106 105 105 105 106 107 107 107 107 107 106 106 122 106 107 107 108 108 108 108 106 85 86
240 242 245 247 249 250 252 267 265 268 270 271 277 286 293 273 281 316 313 314 333 349 6 21 38 44 46 47 49 54 55 51 56 65 68 72 75 77 73 75 77 80 81 83 85 88 91 93 94 90 92 91 97 97 97 98 98 99 99 99 92 94 100 102 102 96 103 103 104 105 105 105 104 104 105 106 106 107 107 107 107 106 106 106 106 106 107 107 108 108 108 107 107 106 83
240 242 244 246 248 268 250 269 270 270 272 272 274 282 291 272 310 317 316 311 333 349 321 334 36 44 46 48 50 53 52 52 58 64 68 65 69 71 72 75 77 79 81 83 86 88 88 89 89 90 90 91 92 91 90 97 98 99 92 99 91 99 101 102 94 95 96 93 104 104 104 104 104 105 105 105 105 106 107 107 107 106 106 106 106 106 107 107 107 108 108 107 107 107 106
240 242 244 246 247 260 264 268 269 270 271 272 286 278 289 298 309 321 317 302 310 350 6 23 352 44 47 49 49 52 52 52 57 59 61 65 68 70 73 76 78 80 81 83 86 86 87 88 88 90 91 94 92 89 96 97 98 98 91 98 99 100 101 93 94 92 92 92 104 104 104 104 104 104 104 105 105 106 107 107 107 107 106 106 106 106 106 106 107 119 107 107 107 107 107
261 241 243 245 247 248 259 263 266 269 270 272 274 292 286 293 304 288 319 320 310 330 6 24 340 24 40 41 50 52 52 52 57 59 61 64 67 70 73 76 79 81 83 79 81 81 87 88 90 87 91 89 88 96 96 97 98 89 98 98 99 90 93 95 91 91 94 94 103 103 104 104 104 104 104 105 105 106 107 107 106 106 106 106 105 114 119 106 106 107 108 108 108 107 107
238 240 263 263 263 260 248 260 264 282 285 270 274 276 282 289 275 316 316 324 316 332 335 24 38 13 44 37 35 52 52 52 57 59 61 65 68 71 73 76 79 71 74 77 81 81 86 88 85 89 87 89 95 96 88 89 89 89 89 99 99 92 95 93 93 101 102 102 103 103 103 103 103 104 104 105 105 106 106 106 106 106 105 105 105 105 106 106 106 107 108 108 108 107 107
237 238 240 261 263 262 248 256 258 262 281 287 293 275 280 287 296 310 309 324 322 334 343 326 38 350 40 34 35 47 51 53 56 59 62 65 69 71 73 76 65 72 75 77 80 78 86 81 85 90 90 88 96 96 89 90 90 90 90 89 93 97 96 100 100 101 101 101 102 102 102 103 103 104 104 105 105 105 105 105 105 105 105 105 105 105 106 106 106 106 107 108 109 108 107
236 238 241 242 244 259 248 249 252 255 259 279 285 296 276 284 294 309 315 323 324 331 347 342 332 353 35 34 40 52 50 53 38 40 39 42 48 50 49 55 66 76 77 78 77 84 86 81 83 90 89 88 89 88 89 90 91 92 92 94 98 98 99 99 99 100 100 101 102 102 103 103 103 104 104 105 105 104 104 105 105 105 105 105 104 105 105 105 106 106 107 108 109 110 108
236 238 241 243 244 246 248 249 251 254 254 258 262 280 294 314 331 340 337 337 344 345 359 2 347 357 30 35 43 52 52 53 34 38 38 40 47 50 48 55 77 79 76 76 74 74 78 83 86 83 88 89 89 89 89 89 85 92 92 93 98 98 98 98 92 88 89 89 102 103 89 103 103 103 104 103 103 104 104 104 104 104 104 104 104 104 104 105 105 109 117 110 109 127 109
236 239 241 243 244 246 261 263 261 256 255 258 276 274 278 298 328 340 335 338 350 352 5 16 359 360 25 36 45 52 46 34 36 38 38 42 45 47 52 57 76 76 75 75 74 77 82 87 86 80 88 90 82 82 89 89 87 91 84 90 91 91 88 88 87 88 90 101 102 103 104 103 103 103 103 103 102 102 103 104 104 104 104 103 103 103 104 104 105 105 107 107 107 118 110
237 239 242 243 245 246 247 261 264 261 258 259 287 290 275 265 276 320 319 324 342 346 7 33 13 3 25 38 49 52 39 32 38 40 40 43 43 47 54 61 69 74 77 78 79 81 84 84 81 78 89 83 88 85 82 93 93 84 90 90 90 87 88 88 88 90 101 89 102 102 102 102 102 102 102 103 102 102 102 103 104 104 103 103 103 103 103 104 104 104 104 104 105 109 120
239 241 243 244 246 247 254 258 263 282 259 258 278 292 271 256 260 277 292 297 315 321 351 28 18 8 25 39 47 45 35 34 37 39 45 42 43 45 52 63 69 73 75 77 79 81 82 81 79 80 84 92 90 82 83 93 91 80 90 89 87 87 89 90 91 100 101 99 101 101 101 101 102 102 102 102 103 102 102 102 103 103 103 103 102 103 103 99 97 104 104 104 104 107 109
241 242 244 245 246 247 248 259 283 287 261 259 267 272 281 284 282 287 295 293 308 319 324 9 15 15 27 40 41 39 35 36 38 36 44 37 38 44 53 61 67 72 76 78 78 79 81 81 79 82 89 90 84 87 82 84 87 87 83 87 88 82 92 92 99 97 101 106 100 100 100 101 101 101 101 102 103 102 102 102 102 103 102 102 102 103 103 99 96 103 104 94 98 106 108
243 244 245 246 247 247 258 258 282 286 260 274 268 274 292 303 304 300 307 302 312 330 318 339 1 17 33 40 39 37 38 39 48 61 63 36 37 41 51 61 67 73 78 81 80 80 81 83 87 90 88 81 75 79 82 77 77 88 80 79 88 84 90 89 92 99 100 100 100 100 100 101 101 101 101 102 102 102 102 102 102 102 102 102 102 102 102 93 92 103 104 99 100 101 105
244 245 246 257 258 259 258 259 261 285 260 277 292 275 277 294 308 308 315 310 318 339 313 319 332 12 36 37 37 37 39 43 59 60 64 35 39 56 50 67 73 79 82 82 82 84 85 88 91 88 84 78 76 85 76 86 89 80 81 79 79 84 90 89 99 99 100 100 100 100 100 100 101 101 101 101 101 101 102 102 102 102 102 102 102 102 102 102 103 103 91 99 99 103 104
244 245 246 257 259 258 259 259 260 286 277 278 298 296 267 265 274 285 301 303 307 333 321 327 342 7 26 31 37 40 40 49 60 61 66 50 42 56 54 74 84 85 86 84 82 80 83 87 87 76 78 75 78 76 86 76 79 84 84 78 80 84 81 98 93 94 95 96 100 100 100 100 101 100 100 100 101 101 101 102 102 102 102 102 101 101 102 102 103 104 92 95 94 93 105
245 247 247 248 256 257 256 258 259 281 278 275 292 309 281 267 263 273 281 299 306 318 318 319 332 3 25 29 39 46 44 56 62 46 68 71 38 41 57 79 87 87 85 83 82 83 85 85 78 74 74 71 74 86 89 80 79 81 80 77 83 85 91 93 94 93 92 99 99 100 100 100 100 100 99 100 100 101 101 101 102 102 102 101 101 101 102 103 104 89 100 102 104 105 103
247 248 249 249 250 251 256 258 275 282 282 274 280 303 296 286 285 287 292 311 322 325 324 306 306 341 29 30 41 45 41 47 63 64 69 50 39 44 56 78 85 85 83 82 82 83 83 80 75 75 70 90 72 74 76 80 79 80 82 83 88 91 89 95 88 91 91 91 99 100 100 100 100 100 100 100 100 101 101 100 101 102 102 102 101 101 102 103 90 111 114 115 111 112 110
248 249 250 251 252 252 257 258 259 281 289 279 278 297 301 289 286 288 290 295 310 326 335 321 311 331 23 32 33 34 40 48 58 65 38 34 40 48 62 81 82 80 83 85 84 80 80 82 78 75 69 88 74 76 78 83 86 88 88 87 88 90 78 77 90 91 90 92 100 93 100 99 99 99 99 99 100 100 101 100 100 101 102 102 101 101 101 102 103 116 115 111 109 113 115
249 250 251 251 252 253 258 259 259 277 288 282 275 281 300 295 289 288 289 288 295 319 331 327 324 340 20 35 21 27 44 60 62 55 71 58 44 54 74 83 82 80 81 81 82 87 87 88 78 73 90 71 76 76 80 87 90 95 88 86 86 90 78 88 92 90 91 94 96 98 98 98 99 99 99 99 99 100 100 100 100 100 101 101 101 101 101 101 105 110 117 113 108 111 115
250 251 252 252 258 259 258 258 265 270 281 278 276 276 288 300 292 290 294 292 297 317 324 321 323 336 18 35 18 27 52 58 57 52 43 41 51 61 74 78 75 73 75 76 78 79 79 78 74 70 88 71 75 75 78 84 88 88 86 85 85 90 90 86 88 91 95 96 97 98 98 98 98 98 99 99 99 98 99 100 100 100 101 101 101 101 101 100 94 100 113 103 112 110 112
252 253 254 254 256 257 259 259 258 262 274 279 283 275 273 283 284 288 296 295 301 317 321 309 309 323 4 30 25 35 51 52 52 49 47 47 58 72 76 74 72 71 73 77 79 78 78 80 78 67 87 72 75 72 77 86 88 85 85 86 87 88 93 99 102 103 100 95 93 92 93 98 98 98 98 98 98 98 99 99 100 100 101 101 101 101 100 99 91 93 95 97 98 98 103
254 254 255 256 256 258 259 261 261 266 274 281 289 276 268 275 281 286 294 293 299 313 319 302 290 297 329 16 29 41 51 48 50 53 56 62 75 79 74 74 75 74 78 82 84 87 87 86 72 84 88 73 75 74 82 89 88 87 90 95 96 95 96 98 99 100 101 97 95 94 93 97 97 97 98 98 98 98 99 99 100 100 101 102 101 100 100 99 86 86 101 102 90 92 104
255 256 257 258 258 259 259 270 278 275 276 281 290 300 281 277 283 287 293 291 296 310 315 312 295 295 309 342 23 43 48 48 51 58 61 67 77 75 73 78 79 82 86 85 86 87 86 75 84 86 88 72 75 77 90 91 91 90 91 92 92 92 93 94 95 95 95 95 95 96 95 96 96 97 97 98 98 98 99 99 100 100 101 101 100 100 100 99 99 87 89 91 96 98 95
257 258 258 259 259 261 260 260 268 271 271 278 283 295 293 279 287 295 300 301 306 318 317 321 313 312 318 329 10 41 45 52 59 63 67 76 77 66 78 83 85 87 86 85 85 86 77 65 86 87 88 71 77 87 90 86 83 85 88 89 91 94 95 95 93 91 90 90 90 90 88 96 97 97 97 98 98 98 99 99 100 100 100 100 100 100 101 100 100 96 97 97 96 93 91
258 259 259 260 260 262 262 262 266 268 265 266 271 277 290 279 280 290 297 303 312 321 322 322 317 316 319 324 359 36 45 60 67 69 76 77 68 64 80 85 87 88 86 86 86 86 87 68 86 86 86 87 78 83 78 76 81 85 87 89 92 95 96 93 91 91 93 94 94 93 94 96 98 98 96 97 98 98 98 99 99 100 100 100 100 101 101 101 100 97 96 95 94 92 94
258 259 260 261 261 265 265 263 266 269 269 270 278 283 288 280 273 276 282 290 304 317 321 323 323 319 313 310 338 28 45 64 72 76 75 69 65 71 80 79 86 89 86 87 88 88 88 106 88 85 84 85 71 75 74 78 86 90 90 89 89 91 94 96 98 93 101 94 104 107 94 102 100 95 96 97 98 105 109 98 99 100 101 101 101 100 101 101 118 97 93 94 95 97 99
258 259 268 261 268 267 266 265 270 269 274 280 287 287 286 282 274 267 263 266 276 293 307 318 327 333 326 314 320 18 52 72 77 78 78 78 79 85 88 89 89 89 87 88 98 102 102 106 91 90 86 96 98 83 80 87 90 92 93 92 94 93 96 94 93 97 93 98 98 95 90 89 95 96 97 97 97 97 107 98 98 99 101 102 101 99 99 100 119 112 95 95 98 100 103
259 259 259 268 268 267 266 277 277 277 275 276 280 285 288 283 275 269 265 265 269 274 279 291 313 339 342 327 328 26 84 85 82 82 83 84 87 91 95 97 95 94 95 95 96 100 102 106 94 96 95 90 100 103 102 98 92 92 94 97 98 96 92 91 91 92 92 89 85 93 94 95 89 95 101 101 100 96 97 98 98 98 100 102 102 100 99 99 119 117 97 95 98 97 97
261 261 261 261 266 267 266 264 271 271 267 260 261 270 283 287 288 289 293 287 280 272 268 262 251 240 286 318 339 50 92 94 85 83 81 81 83 84 83 84 87 89 90 89 89 90 96 100 109 96 97 96 94 103 101 101 98 96 95 94 92 91 89 87 86 88 86 92 93 93 94 89 93 97 99 99 95 96 97 97 98 99 100 101 103 102 100 99 119 119 101 97 98 97 98
262 262 262 265 265 285 283 265 268 265 261 259 260 262 266 273 277 280 281 270 256 252 249 236 223 216 229 252 289 93 100 108 95 83 79 75 73 72 73 73 73 76 91 91 89 89 91 93 101 109 99 101 96 95 91 90 102 101 101 100 99 98 97 94 92 88 88 88 91 93 89 90 91 91 94 95 96 96 97 97 98 99 100 101 103 103 101 100 119 120 109 98 97 98 100
262 263 263 265 265 264 265 264 264 256 255 260 262 257 251 252 252 245 234 230 232 237 234 225 220 217 224 220 190 141 109 109 114 109 102 100 91 83 81 80 79 80 82 90 90 89 89 90 91 99 107 100 100 99 97 94 93 93 94 94 94 95 96 98 99 100 102 103 104 105 104 105 94 91 93 94 95 96 97 97 98 99 99 101 104 105 102 100 120 120 107 96 94 94 95
263 264 264 266 264 263 242 262 253 252 255 258 254 250 246 248 245 237 235 240 239 233 231 228 217 216 228 218 187 115 114 96 103 112 115 117 112 112 106 103 95 89 80 79 89 89 87 87 90 93 97 104 98 94 93 91 90 89 89 88 97 97 98 99 101 101 102 103 104 104 104 104 104 104 100 89 93 95 96 97 98 98 99 100 104 107 104 101 120 119 114 93 93 94 94
264 265 265 265 264 262 234 261 256 257 259 257 255 254 253 252 246 238 234 234 229 229 239 235 218 225 233 222 198 193 119 96 97 99 109 112 111 101 102 99 97 104 105 102 96 94 93 89 86 88 90 89 91 95 96 91 97 97 89 89 89 99 99 100 100 90 90 91 92 92 92 92 91 106 107 108 108 92 93 95 97 98 99 100 103 107 107 103 101 120 121 99 93 95 96
265 265 265 262 261 261 237 261 262 258 260 262 263 261 254 250 241 230 227 232 233 240 244 226 213 225 230 222 219 234 119 109 105 101 99 97 95 97 105 95 92 91 91 91 103 102 101 98 96 94 93 93 88 88 89 90 89 88 87 88 93 90 90 90 90 89 89 90 91 92 92 93 93 93 93 94 93 92 110 109 94 97 99 100 101 106 108 105 103 101 121 115 101 97 96
266 266 265 261 260 240 258 261 261 260 261 261 258 251 243 242 232 227 235 247 252 251 237 208 213 226 229 224 218 212 144 110 101 96 91 91 93 93 91 94 95 102 99 100 100 91 91 89 89 89 90 93 92 92 92 93 91 90 93 93 88 89 89 88 88 88 88 90 91 92 93 94 94 94 94 96 97 96 94 91 110 95 98 99 100 103 107 108 106 103 100 121 109 101 98
