examples/cougarCreek/createInputs/farsite/cougarCreek_polygonIgnit/cougarCreek_08-11-2015_1400_217m_non_neutral_stability_vel.asc
ncols	146
nrows	140
xllcorner	610065.000000
yllcorner	5095217.000000
cellsize	216.586807
NODATA_value	-9999.000000
[rows 105 to 139 of 140, columns 0 to 77 of 146]
6.44 6.26 5.44 5.30 6.06 5.47 4.82 5.35 6.75 7.83 7.54 6.67 5.79 4.93 4.49 4.75 4.57 4.01 3.73 5.78 3.80 3.41 2.73 2.29 1.97 2.27 3.74 5.52 3.61 4.40 5.81 6.89 7.20 8.28 11.27 12.66 11.21 8.60 7.21 6.82 7.29 8.78 8.62 7.07 7.27 7.78 7.35 6.74 7.53 9.43 11.77 15.66 21.47 25.62 25.09 25.31 20.71 20.85 20.88 20.69 22.65 21.27 20.75 21.02 21.75 21.35 20.60 19.13 19.01 18.59 18.80 19.09 19.13 17.39 17.05 16.36 15.80 15.67
6.74 7.29 7.66 6.69 6.66 7.12 6.44 5.43 5.37 6.30 7.27 6.87 6.07 5.98 5.93 5.62 5.03 4.30 3.57 3.54 3.39 3.02 2.65 2.22 1.97 2.29 3.19 4.63 2.99 3.63 5.67 6.72 7.13 7.46 9.51 12.90 13.73 11.56 9.19 7.39 6.53 6.76 6.79 5.86 5.89 6.45 6.40 5.70 5.78 7.64 10.45 14.02 19.32 25.16 27.09 27.08 21.55 21.30 21.12 20.86 23.10 21.90 21.70 20.78 20.59 20.30 19.70 19.56 18.81 18.37 18.14 18.12 18.39 18.99 17.45 17.08 19.13 18.60
6.21 6.57 7.61 8.02 7.44 7.59 7.53 6.15 4.93 4.68 5.43 5.08 4.72 5.30 5.74 5.55 5.06 4.47 3.59 2.77 2.32 2.26 2.40 2.21 1.89 1.99 2.56 3.30 2.71 3.14 4.79 6.21 6.55 7.03 8.20 11.40 14.03 14.04 12.23 8.13 6.61 5.97 5.99 5.41 5.01 5.40 5.64 5.75 5.67 6.32 8.00 11.32 16.48 22.90 30.10 30.52 26.92 22.38 21.53 23.64 23.52 22.84 21.02 21.15 18.17 20.68 20.75 20.41 19.47 19.20 18.66 18.19 18.17 18.58 19.16 17.55 17.27 16.87
5.61 5.21 5.71 7.57 7.60 6.91 7.04 6.55 5.01 4.10 4.33 4.04 3.17 3.62 3.90 4.33 4.63 4.39 3.89 3.25 2.63 2.38 2.27 2.16 1.97 1.84 2.13 2.34 2.57 3.13 4.26 6.03 6.38 6.42 7.48 9.58 12.62 15.06 13.63 10.98 8.11 6.61 6.07 5.50 5.28 5.52 5.33 5.03 4.93 5.03 5.94 8.12 12.35 18.80 26.02 32.26 29.06 23.92 25.15 24.02 24.09 22.01 21.42 18.74 21.35 21.06 19.99 19.42 19.45 19.46 19.39 18.51 18.13 18.35 18.90 18.99 18.77 18.18
6.78 5.35 4.70 6.27 7.89 7.12 6.54 6.37 5.18 4.00 4.77 4.81 2.88 2.68 2.99 3.67 4.12 4.29 4.01 3.57 3.27 2.69 2.35 3.02 1.77 1.97 2.26 2.34 3.06 3.70 3.98 4.88 5.14 5.71 7.06 8.45 11.03 14.92 14.38 11.88 9.86 7.72 6.07 5.27 6.11 7.26 7.28 6.14 5.47 4.92 4.51 5.59 9.03 15.33 21.50 28.23 28.46 27.50 26.86 25.33 24.52 22.23 21.22 19.08 22.03 21.85 20.33 19.72 19.23 19.01 18.75 18.55 17.68 16.97 17.39 18.22 18.54 18.42
7.62 6.79 4.95 4.99 7.28 8.11 7.20 6.60 5.66 4.40 5.33 5.88 3.39 2.34 2.35 3.06 3.41 3.88 3.71 3.02 2.55 2.19 2.13 2.35 2.31 2.18 2.94 2.50 4.02 3.68 3.21 3.58 4.14 4.98 6.43 8.50 11.15 14.56 14.84 13.10 11.12 8.92 6.17 4.06 5.86 8.07 9.15 8.67 7.18 6.08 5.33 5.29 7.75 13.28 19.41 23.12 26.13 27.19 28.38 27.43 26.26 22.64 21.59 19.33 23.00 22.92 22.71 20.96 20.19 19.53 19.39 19.71 19.06 17.98 17.56 18.32 18.69 17.26
7.51 7.51 6.05 4.24 4.69 7.12 8.22 8.22 6.94 5.10 5.50 6.92 5.11 2.98 2.57 3.20 3.70 3.86 3.70 3.14 2.52 1.93 1.98 2.91 3.51 2.93 2.13 2.19 2.93 2.27 2.40 2.93 3.56 4.53 5.84 7.58 10.33 12.78 14.98 14.97 12.91 9.90 6.36 4.88 5.90 7.19 8.33 8.92 8.63 7.48 6.85 7.01 8.36 12.52 18.20 23.43 25.86 27.56 27.56 26.94 25.63 23.60 22.06 19.88 21.30 22.13 22.27 22.13 21.59 20.63 20.48 20.67 18.09 17.40 16.99 17.08 18.72 18.78
7.22 7.43 7.22 5.22 3.54 4.12 5.74 7.46 7.65 6.08 6.10 7.38 6.85 5.14 4.67 4.69 5.08 5.41 4.84 4.24 3.64 3.22 2.78 3.02 3.21 3.36 2.71 2.15 1.81 1.76 2.15 2.76 3.36 4.20 5.50 7.07 8.74 11.45 14.12 15.75 14.80 11.08 7.78 7.75 6.23 5.39 5.78 7.03 8.11 7.78 7.27 7.60 8.44 11.68 15.92 23.36 25.65 26.11 26.71 26.23 24.98 23.22 21.28 19.69 20.15 20.36 20.05 20.56 20.70 20.44 19.97 19.44 19.83 20.11 19.79 19.24 18.73 18.76
7.14 7.28 7.65 7.43 5.71 4.13 3.51 5.33 6.73 6.18 6.07 6.87 7.02 6.07 5.99 5.35 4.85 5.36 5.43 4.78 4.51 4.52 3.72 2.86 2.38 2.77 2.86 2.38 2.00 2.13 2.46 2.73 3.29 4.05 5.22 6.84 8.44 10.27 13.03 15.28 14.83 13.80 12.12 9.38 7.47 5.75 3.38 4.25 6.86 7.56 6.76 6.11 6.91 9.99 15.12 19.82 24.15 25.34 26.49 26.21 24.76 23.02 21.26 20.02 19.88 19.84 19.60 19.54 19.69 19.49 18.99 18.42 18.16 18.30 18.85 18.96 18.42 17.83
7.14 7.47 7.94 7.97 7.58 6.69 5.74 5.65 5.96 5.22 4.62 6.07 6.95 5.47 4.63 4.04 3.24 3.45 4.35 4.09 3.76 3.91 3.57 2.55 1.88 1.71 1.87 2.14 2.16 2.26 2.76 3.00 3.21 3.97 4.89 6.12 7.94 9.74 11.91 13.58 13.70 14.12 12.89 10.11 9.57 8.34 2.31 3.29 6.62 7.81 6.83 5.97 6.46 9.09 13.70 17.18 20.23 22.61 24.49 25.51 23.69 21.89 21.11 20.29 19.92 19.59 19.44 19.53 19.37 19.26 18.92 18.85 18.54 18.01 18.03 18.04 17.39 17.01
6.38 6.46 6.91 7.48 7.69 7.54 7.12 6.99 7.04 5.72 4.41 5.43 7.06 6.43 4.32 3.05 3.02 3.55 4.08 4.06 3.50 2.87 2.63 2.20 1.65 1.23 1.25 1.57 1.68 1.84 2.63 2.99 3.04 3.75 4.26 5.34 7.65 9.28 10.37 10.95 10.89 10.70 10.43 10.25 12.17 10.85 3.92 6.40 7.14 8.18 7.52 7.07 7.24 9.19 12.96 15.82 17.67 19.52 21.51 23.71 22.82 20.56 20.22 20.60 20.42 19.59 19.05 19.26 19.37 19.51 19.27 19.35 18.96 18.11 17.67 17.67 17.33 16.86
5.59 5.26 5.07 5.93 6.78 6.86 6.88 6.91 7.25 7.30 6.11 5.16 5.23 6.14 6.39 4.62 3.84 4.54 5.03 4.73 3.81 3.29 3.22 3.02 2.46 2.13 1.72 1.54 1.51 1.91 2.80 3.00 2.94 3.48 3.80 4.80 6.81 8.60 9.01 8.26 7.56 7.25 7.57 9.69 14.25 13.00 8.71 9.49 8.12 8.77 8.73 8.70 8.47 9.67 12.62 15.43 16.50 17.94 19.59 21.06 22.13 20.47 19.54 20.21 20.78 20.42 19.64 19.33 19.27 19.37 19.10 19.11 18.62 18.01 17.37 17.33 17.09 17.18
6.63 6.55 5.92 5.26 5.58 6.03 5.93 5.80 6.06 6.83 7.42 6.33 4.51 4.47 6.13 6.33 4.83 4.68 5.23 5.26 4.61 4.44 4.71 4.82 4.59 3.68 2.48 2.01 2.18 3.03 3.44 3.18 3.02 3.30 3.57 4.37 5.66 7.50 8.64 7.55 5.97 5.18 5.17 7.94 13.32 13.97 12.20 10.44 9.22 9.85 10.01 10.15 10.11 10.86 13.00 15.51 16.48 17.28 18.38 19.65 20.73 19.89 19.11 19.37 19.95 20.40 20.21 19.76 18.99 18.32 18.45 18.95 18.46 18.04 17.58 17.25 16.91 17.12
6.44 6.79 6.85 5.88 5.20 5.81 5.68 5.41 5.03 4.98 6.26 7.53 6.96 4.94 4.13 5.21 4.78 3.55 4.14 5.03 5.00 5.00 5.60 6.04 5.94 5.22 3.83 3.29 3.63 3.83 3.74 3.39 3.12 3.15 3.27 3.77 4.61 6.51 8.85 8.90 7.07 5.93 5.52 7.04 9.11 10.40 10.03 8.36 8.54 10.11 10.56 10.52 9.90 11.50 13.53 16.30 17.05 17.44 18.02 18.94 18.92 19.03 18.50 18.40 18.78 19.25 19.57 19.98 19.44 17.94 17.58 18.96 19.09 18.77 17.11 16.88 16.85 17.00
5.49 5.34 5.72 6.08 5.49 5.60 5.88 5.69 4.81 4.20 4.57 5.69 6.57 5.68 3.52 3.86 4.75 3.20 3.00 4.10 4.60 4.54 4.62 5.03 5.63 5.68 5.23 5.02 4.79 4.20 3.58 3.24 3.02 2.87 2.70 2.99 4.03 5.80 8.39 10.46 9.96 8.24 8.08 8.70 6.41 4.64 5.21 4.57 4.15 6.12 7.95 9.00 10.46 12.46 14.74 16.55 17.27 17.42 17.66 18.19 18.65 18.32 18.00 17.97 18.09 18.53 18.70 19.38 20.07 18.69 17.06 17.59 18.66 19.01 17.66 17.17 16.81 16.71
5.46 4.94 4.97 6.27 6.65 5.93 5.92 6.24 5.85 4.65 4.00 4.07 5.01 5.72 4.21 3.40 4.54 4.42 3.37 3.31 3.71 3.59 3.16 3.12 3.64 4.58 5.09 4.97 4.36 3.94 3.40 3.10 2.90 2.47 1.94 2.19 3.63 5.46 7.66 9.68 11.05 11.84 11.77 10.33 6.13 3.44 4.41 3.48 1.09 2.53 4.70 6.62 8.71 11.36 14.38 16.37 17.10 17.40 17.37 17.57 17.99 18.16 17.87 17.31 17.63 17.86 18.64 18.59 19.90 19.50 17.42 16.48 17.16 17.67 18.14 17.24 16.78 16.38
6.27 5.84 5.36 5.88 6.62 6.68 6.22 6.31 6.34 5.40 4.05 3.99 4.88 5.92 5.77 4.20 4.11 4.88 4.22 3.04 3.02 3.14 3.13 3.12 3.08 3.45 3.61 3.26 3.14 3.27 3.04 2.78 2.61 2.01 1.24 1.61 3.35 5.25 7.18 8.45 9.86 12.81 15.44 13.58 8.17 4.30 3.82 3.07 3.19 3.56 4.55 5.86 7.82 10.70 13.83 16.02 16.87 17.36 17.27 17.11 17.40 17.30 17.39 16.70 16.21 17.70 18.17 18.15 19.04 20.26 18.40 16.75 16.90 17.47 17.23 17.18 16.96 16.54
6.65 7.04 5.97 4.48 4.55 5.72 5.46 5.44 5.84 5.85 5.04 4.37 4.38 5.53 6.48 5.97 4.67 4.53 4.59 3.15 2.87 3.35 3.98 4.45 4.40 3.50 2.69 2.58 2.62 2.67 2.72 2.39 2.32 1.67 1.05 1.42 3.08 4.81 6.58 7.56 8.75 11.94 15.39 15.71 12.31 8.09 5.68 5.03 5.12 5.05 5.37 5.98 7.80 10.83 13.81 15.81 16.80 17.34 17.34 16.95 16.97 17.34 17.33 16.25 15.66 15.92 17.51 17.14 17.58 19.55 19.39 18.54 16.86 17.05 17.25 17.16 16.89 16.57
6.35 6.71 6.90 4.99 3.99 4.60 5.51 5.53 5.57 5.78 5.78 5.32 4.68 5.28 5.92 6.20 5.33 4.96 5.27 4.50 3.59 3.52 3.87 4.44 5.00 4.29 3.28 3.01 2.82 2.75 2.57 2.35 2.28 1.71 1.32 1.64 2.77 4.21 5.60 6.62 7.84 10.90 14.12 15.25 13.46 10.24 7.97 6.54 5.86 5.88 6.02 6.21 7.62 10.78 13.98 15.84 16.86 17.48 18.13 17.11 16.84 17.07 16.97 15.84 15.78 15.92 16.54 16.22 16.68 17.81 18.26 18.21 17.99 17.40 17.51 17.44 17.06 16.63
6.52 5.19 6.32 7.07 5.85 5.34 5.70 6.28 6.76 6.61 6.25 6.03 5.64 5.35 5.62 5.79 5.22 5.12 5.46 5.08 4.39 3.63 3.49 3.95 5.02 4.87 3.75 3.41 3.20 3.15 3.23 3.08 2.62 2.09 1.79 1.99 2.57 3.51 4.53 5.48 7.14 9.92 13.10 14.65 13.33 10.32 8.00 6.82 5.98 5.86 5.79 5.55 6.47 9.82 13.72 16.04 17.01 17.51 17.68 17.28 16.89 16.83 16.51 15.97 15.09 14.86 15.57 16.28 16.60 16.79 16.55 16.32 16.97 17.32 17.64 17.76 17.41 16.82
5.32 4.14 3.55 6.59 7.28 6.21 5.89 6.01 6.88 7.56 6.67 6.03 5.81 5.59 5.79 5.74 5.37 5.10 4.95 4.54 4.70 4.42 3.84 3.98 5.19 5.50 4.19 3.69 3.95 4.04 3.83 3.49 3.06 2.50 2.21 2.22 2.37 2.89 3.62 4.43 6.19 9.02 11.74 13.62 13.03 10.51 8.12 6.61 5.86 5.18 4.71 4.49 5.02 7.83 12.23 15.58 17.06 17.51 17.64 17.41 17.11 17.72 17.81 17.34 16.20 14.52 14.52 15.71 18.03 18.06 16.48 15.67 15.92 16.42 17.17 17.61 17.42 16.90
4.39 3.66 2.58 4.19 6.59 6.32 5.76 5.30 5.32 6.32 6.45 5.65 5.18 5.30 5.55 5.72 5.76 5.47 5.05 4.15 4.06 3.98 3.55 3.54 4.78 6.10 5.37 4.33 4.27 4.03 4.19 4.06 3.66 3.02 2.49 2.29 2.17 2.38 2.96 3.78 5.61 8.09 10.32 12.61 12.84 10.31 8.13 6.84 5.73 4.85 4.36 4.12 4.35 6.15 10.09 14.20 16.56 17.43 19.53 17.70 20.15 17.31 16.90 19.11 15.86 15.07 13.93 14.83 16.89 19.10 15.69 15.61 15.36 15.19 15.96 16.90 17.21 16.90
4.36 3.85 2.94 2.88 4.49 5.47 5.35 5.24 4.79 4.82 5.73 5.64 5.02 4.98 5.42 6.10 5.88 5.55 5.37 4.50 3.42 2.96 2.56 2.52 3.40 5.53 6.30 5.64 4.72 4.04 4.12 4.19 4.05 3.45 2.72 2.31 1.96 1.88 2.41 3.45 5.29 7.27 8.89 11.17 12.46 10.60 8.34 6.78 5.54 4.80 4.13 3.93 4.62 6.17 9.05 12.82 15.77 17.25 17.83 17.91 17.69 17.48 17.19 19.44 16.17 17.93 15.89 13.63 15.45 16.21 15.20 15.07 15.09 14.60 14.83 15.84 16.60 16.68
4.71 4.27 3.37 2.77 2.55 2.98 3.31 3.12 2.96 3.18 4.01 5.04 4.46 3.74 3.80 4.60 5.35 5.21 5.14 4.73 3.79 3.01 2.39 1.62 1.65 3.22 5.09 5.56 4.75 4.03 3.67 3.77 3.81 3.40 2.64 2.09 1.65 1.40 1.96 3.35 5.21 6.69 7.81 9.77 11.29 10.40 8.69 7.23 5.75 4.56 3.82 3.84 4.71 6.53 9.24 12.48 15.41 17.30 18.18 18.28 17.99 17.69 17.47 16.99 16.59 19.00 16.94 13.93 13.64 13.99 13.88 14.09 14.63 14.56 14.50 15.16 15.94 16.51
4.74 4.47 3.98 3.62 3.04 2.53 2.47 2.21 2.03 2.34 2.79 3.53 3.95 3.25 2.35 2.56 3.96 4.55 4.47 4.55 4.19 3.44 2.84 2.01 1.00 0.94 2.19 4.00 4.24 4.08 3.92 3.87 3.54 3.15 2.32 1.53 1.13 0.98 1.63 3.20 5.03 6.41 7.47 8.79 9.76 9.88 9.09 7.74 6.10 4.56 3.65 3.23 3.57 5.23 8.18 11.69 15.10 17.48 18.60 18.74 18.31 17.80 17.67 17.40 17.24 19.62 18.57 18.09 15.35 14.74 14.15 14.22 14.55 14.63 14.60 14.88 15.44 16.17
4.76 4.55 4.40 4.39 4.14 3.88 3.79 3.78 3.63 3.18 2.89 3.07 3.74 4.06 3.20 2.55 3.19 4.19 4.50 4.77 4.81 4.12 3.59 3.43 2.83 1.79 1.41 2.55 3.26 3.71 3.95 3.77 3.03 2.66 2.08 1.15 0.77 0.77 1.43 2.97 4.73 6.19 7.41 8.29 8.70 9.12 9.18 8.61 7.11 5.10 3.53 2.65 2.51 3.30 5.55 9.04 13.47 17.24 19.10 19.30 18.53 17.73 17.62 20.60 20.40 20.10 19.83 17.14 16.96 16.42 15.24 14.71 14.71 14.67 14.71 14.84 15.06 15.54
4.31 4.59 4.31 4.24 4.27 4.53 4.86 4.97 4.82 4.44 3.80 3.49 3.66 4.44 4.63 4.09 3.81 4.31 5.14 5.74 6.12 5.59 4.71 4.35 4.45 4.01 2.94 2.46 2.73 3.03 3.12 2.54 1.95 2.10 1.91 0.96 0.52 0.74 1.46 2.80 4.37 5.90 7.32 8.16 8.20 8.57 9.23 9.55 8.20 5.71 4.14 3.09 2.46 2.67 3.78 6.02 10.32 15.59 19.08 20.02 22.72 21.40 19.83 19.75 19.73 19.37 19.29 17.61 17.46 17.29 16.26 15.40 15.14 15.02 15.09 15.08 14.95 15.13
4.13 3.98 4.20 4.17 4.30 4.47 4.61 4.75 4.84 4.91 4.86 4.56 4.29 4.54 4.90 4.84 4.49 4.33 4.93 5.79 6.62 6.55 5.68 4.50 4.11 4.26 3.89 2.96 2.34 2.17 2.13 1.63 1.11 1.20 1.41 1.01 0.56 0.90 1.69 2.66 3.94 5.48 7.14 8.06 7.85 8.09 9.23 10.27 9.61 7.11 4.87 3.57 2.94 2.96 3.32 4.23 7.25 12.69 17.64 23.24 23.22 21.19 19.58 18.79 18.56 17.15 17.39 17.60 17.48 17.48 16.92 16.31 15.99 15.78 15.67 15.54 15.03 15.05
3.79 3.68 4.02 3.99 4.06 4.23 4.41 4.54 4.67 4.87 5.08 5.11 4.88 4.74 4.81 4.89 4.78 4.18 3.86 4.44 5.69 6.36 6.12 5.12 4.21 4.00 4.11 3.45 2.59 2.23 2.28 2.04 1.52 1.08 1.04 1.06 0.97 1.20 1.60 2.34 3.39 4.97 6.87 7.87 7.48 7.65 9.28 10.86 10.10 8.23 6.90 5.73 4.49 3.74 3.45 3.55 5.50 10.25 15.61 18.37 20.93 20.62 20.09 19.68 19.12 17.01 17.13 17.57 17.52 17.32 16.84 16.32 16.03 15.92 15.83 15.78 15.54 15.16
3.75 3.55 3.53 3.83 3.87 4.01 4.19 4.35 4.53 4.76 4.93 5.00 4.96 4.91 4.93 5.04 5.07 4.52 3.67 3.75 4.66 5.77 6.12 5.81 5.14 4.62 4.60 4.43 4.05 3.92 3.64 2.91 2.29 1.90 1.51 1.20 1.06 1.27 1.68 2.00 3.02 4.51 6.36 7.45 7.29 7.64 9.33 11.53 10.98 9.65 10.28 10.07 8.07 5.68 4.21 3.53 4.69 8.77 13.82 16.64 17.33 19.18 19.45 19.95 20.01 19.03 17.02 17.49 17.92 17.74 17.10 16.33 15.74 15.71 15.74 15.65 15.41 15.10
3.66 3.56 3.57 3.92 3.84 3.63 3.78 4.21 4.52 4.75 4.88 4.93 4.93 4.94 5.00 5.11 5.34 5.30 4.46 3.75 3.80 4.86 5.71 5.85 5.58 5.25 5.20 5.15 5.13 5.07 4.59 3.65 2.92 2.45 1.78 1.23 1.20 1.06 1.39 1.85 2.96 4.27 5.64 6.75 7.29 7.91 9.39 11.75 12.83 12.25 12.01 12.82 12.08 8.83 6.22 4.68 4.97 8.21 12.52 15.13 16.08 16.71 17.39 17.93 19.98 20.01 17.44 17.46 17.97 18.16 17.72 17.00 16.41 16.15 15.88 15.41 15.17 14.90
3.23 3.45 3.60 4.03 4.48 4.62 4.73 4.42 5.10 5.09 5.07 5.09 5.08 5.09 5.16 5.32 5.60 5.82 5.38 4.38 3.92 4.44 5.32 5.67 5.67 5.60 5.60 5.29 5.16 4.82 5.22 4.65 3.51 2.29 1.28 0.70 0.76 0.88 1.31 1.94 3.15 4.29 4.98 5.79 6.96 8.14 9.50 11.07 12.05 11.71 11.56 13.06 14.70 12.79 10.06 7.83 7.04 8.84 11.98 14.28 15.35 16.18 17.08 17.86 18.37 18.52 18.23 17.98 18.06 18.31 18.11 17.46 16.95 16.76 16.43 15.58 15.20 14.85
2.52 2.93 3.80 4.47 5.24 5.76 5.87 5.97 5.60 5.50 5.45 5.43 5.38 5.38 5.43 5.57 5.77 6.06 6.22 5.87 5.28 5.02 5.28 5.60 5.77 5.84 5.89 5.54 5.00 4.50 5.02 4.43 3.48 2.40 1.08 0.20 0.53 1.06 1.55 2.29 3.49 4.46 4.97 5.53 6.61 7.87 8.84 9.92 10.39 10.22 10.36 12.14 15.25 15.36 13.38 11.49 10.13 10.54 12.26 13.90 14.86 15.76 16.66 17.57 18.25 18.58 18.65 18.56 18.40 18.34 18.18 17.60 16.96 16.80 16.73 15.90 15.37 14.95
2.56 3.21 4.39 4.81 5.26 5.53 5.85 5.93 5.86 5.86 5.85 5.81 5.70 5.63 5.62 5.70 5.87 6.18 6.52 6.61 6.27 5.80 5.60 5.68 5.83 6.00 6.09 5.82 5.01 3.44 2.78 2.79 2.59 2.48 1.32 0.34 0.77 1.51 2.00 2.63 3.82 4.96 5.68 6.04 6.51 7.24 8.14 8.48 9.11 9.34 8.81 9.38 12.61 14.67 14.47 13.73 12.69 12.45 13.16 14.20 15.02 15.88 16.82 17.73 18.57 19.05 19.32 19.36 19.12 18.65 18.12 17.58 16.96 16.70 16.55 16.09 15.65 15.28
2.76 3.48 4.37 4.84 5.00 5.07 5.49 5.72 5.79 5.90 5.92 5.88 5.75 5.66 5.65 5.72 5.90 6.16 6.39 6.45 6.31 6.04 5.80 5.72 5.81 5.99 6.07 5.75 4.90 2.33 3.05 2.38 2.40 2.26 1.42 0.58 0.94 1.80 2.22 2.76 4.00 5.31 6.10 6.31 6.40 6.70 7.08 7.57 8.29 8.74 7.83 7.41 10.37 13.58 14.59 14.33 13.52 13.16 13.58 14.50 15.41 16.10 16.98 17.90 18.99 19.59 19.72 19.74 19.54 18.88 18.03 17.44 16.81 16.47 16.40 16.13 15.76 15.46
