examples/cougarCreek/createInputs/farsite/cougarCreek_polygonIgnit/cougarCreek_08-12-2015_2000_217m_non_neutral_stability_ang.asc
ncols	146
nrows	140
xllcorner	610065.000000
yllcorner	5095217.000000
cellsize	216.586807
NODATA_value	-9999.000000
[rows 42 to 83 of 140, columns 0 to 94 of 146]
267 266 266 264 263 264 260 262 261 260 260 258 252 242 237 233 231 240 253 256 255 242 215 199 222 234 230 217 206 195 164 120 97 91 87 91 92 90 89 90 94 100 98 95 93 90 94 92 91 87 91 88 88 88 88 86 84 84 85 86 86 86 86 86 86 87 89 90 91 92 93 94 94 94 95 97 99 100 99 96 108 112 95 95 99 101 105 108 108 105 102 100 116 105 99
268 267 266 265 264 228 262 261 260 260 258 246 232 231 228 228 236 243 248 251 244 217 201 206 228 232 221 205 204 197 173 145 118 97 90 89 91 89 87 86 86 89 90 87 92 92 92 91 90 90 87 87 88 88 86 84 83 84 84 85 85 85 85 86 87 89 91 91 91 92 92 93 94 94 95 97 100 102 103 102 97 93 111 96 99 100 102 105 109 108 104 102 119 113 109
268 267 267 267 265 257 261 260 260 252 237 227 227 233 230 232 230 230 240 239 228 210 206 214 226 224 206 201 206 196 174 155 144 125 108 93 90 87 85 84 88 85 94 94 94 95 90 93 91 86 85 85 86 85 83 82 82 83 84 85 86 86 81 83 83 84 83 81 80 81 81 82 82 82 82 95 97 101 104 106 103 96 112 97 99 107 101 103 107 109 107 103 119 116 103
269 268 268 267 259 259 258 259 259 230 224 226 236 243 238 230 221 235 245 242 233 219 213 210 220 213 201 207 211 197 173 161 155 141 127 112 100 92 88 87 80 93 93 94 96 87 90 93 88 83 81 80 83 84 84 83 83 84 86 83 82 83 73 73 72 78 84 83 79 82 84 86 86 88 88 86 84 87 101 106 106 101 110 100 99 100 108 102 104 108 109 105 103 112 104
270 269 228 267 258 258 235 238 230 222 225 235 244 241 233 228 229 248 249 247 239 214 201 196 205 205 205 214 212 193 173 166 160 151 135 118 112 106 97 87 86 85 85 79 87 92 92 89 85 81 78 79 83 85 85 86 86 84 86 75 74 71 71 76 78 82 83 81 89 99 99 100 96 91 91 96 102 89 96 103 107 105 97 114 96 100 102 103 104 106 109 108 104 104 105
271 224 251 267 266 256 229 230 230 224 234 243 247 244 243 251 242 255 249 241 226 196 189 191 201 205 215 218 206 192 179 174 164 154 138 117 116 118 109 100 82 88 101 98 97 95 88 86 83 80 78 78 82 83 83 85 88 74 73 81 82 82 85 89 91 92 90 92 97 98 97 96 92 91 94 96 100 99 89 98 105 107 102 97 98 100 102 103 104 105 107 109 107 105 106
271 226 235 239 229 230 223 233 241 235 243 251 250 253 248 244 259 252 245 234 217 190 187 199 209 218 225 219 203 201 191 184 179 157 131 115 116 124 119 123 129 117 120 110 93 89 87 78 84 82 82 70 69 70 72 75 80 97 106 106 101 95 96 102 102 100 98 97 96 94 89 89 92 93 92 94 100 106 93 95 102 107 106 100 120 104 101 103 104 105 106 109 109 107 107
228 254 229 226 247 229 238 254 253 244 246 252 251 250 256 245 236 229 220 222 216 190 193 211 211 218 221 215 217 208 193 189 190 164 133 115 114 121 119 130 128 117 119 117 105 89 77 84 83 86 70 69 108 94 85 90 93 96 101 106 98 97 95 100 95 94 93 89 88 88 87 88 87 88 89 90 91 90 86 89 98 104 107 104 101 99 121 95 104 105 94 107 108 108 109
253 227 226 245 248 262 261 256 254 252 254 254 252 252 237 225 224 217 215 221 216 199 198 196 198 204 198 212 209 205 189 192 189 164 144 121 117 122 120 122 126 116 115 117 115 111 107 106 110 115 111 108 110 109 107 97 91 93 99 101 97 99 97 95 96 88 86 82 82 80 81 83 83 87 89 86 81 79 84 90 95 99 104 105 104 103 102 102 103 104 96 94 108 109 110
251 249 245 252 264 262 256 255 254 254 255 254 251 244 223 219 220 215 218 221 213 207 199 183 195 205 218 202 210 200 189 193 185 163 146 129 125 129 124 121 117 112 109 112 104 100 99 99 96 111 110 110 92 109 87 77 90 92 92 97 98 98 100 98 96 92 96 91 91 93 96 98 94 97 98 100 101 104 92 99 93 95 100 104 105 105 104 104 103 104 112 99 91 110 110
229 247 232 266 264 256 256 254 249 254 253 243 226 223 217 215 217 218 220 218 211 213 209 197 199 188 183 200 217 192 187 189 181 164 143 132 131 133 127 122 113 108 105 105 111 104 103 98 97 94 98 97 95 93 88 93 87 90 93 93 93 96 99 90 99 97 97 96 95 97 86 101 100 87 88 89 90 91 92 92 94 95 98 101 103 105 106 106 106 106 106 107 108 109 110
250 226 268 266 256 251 244 243 245 251 238 221 235 233 232 230 227 223 222 217 211 210 206 183 218 187 225 207 196 185 178 186 184 166 140 131 129 121 112 104 105 102 101 102 106 102 102 98 97 96 95 95 93 98 96 109 100 96 94 95 95 97 90 90 89 87 86 86 85 84 87 88 87 86 87 89 98 90 93 94 95 96 111 99 102 104 105 107 108 107 107 108 109 109 110
250 226 256 252 233 230 241 246 246 245 222 233 232 233 230 225 227 231 227 220 210 204 202 196 208 209 202 194 194 186 173 190 187 171 142 134 143 133 116 115 114 105 97 96 100 99 99 98 97 97 97 97 97 96 101 98 95 94 96 97 96 87 88 89 89 89 88 86 83 84 86 88 88 88 88 89 91 92 93 94 96 97 98 99 101 103 105 106 108 107 108 110 110 110 112
248 240 249 231 241 239 250 246 229 224 233 229 231 232 231 226 226 227 219 212 205 199 198 201 207 200 195 198 200 187 176 191 187 172 146 141 154 157 142 132 127 123 103 94 98 97 100 100 99 98 98 98 99 99 98 103 98 89 89 88 86 86 87 88 88 89 89 86 84 85 86 88 90 90 89 90 91 91 92 95 98 99 107 94 102 104 104 106 108 110 110 111 112 112 112
239 271 244 241 260 246 255 231 234 232 230 231 230 228 229 228 223 222 218 198 200 195 195 202 205 200 203 205 202 183 178 191 187 173 148 136 156 155 138 136 131 129 116 98 90 96 95 100 101 101 99 99 99 99 98 95 91 89 89 88 88 88 88 88 88 87 87 87 86 86 87 87 88 88 89 90 91 92 95 97 98 99 101 101 102 105 105 108 110 111 110 111 113 113 113
272 269 240 263 259 258 252 232 251 247 244 235 240 235 230 227 226 233 195 189 198 193 196 199 205 200 206 206 194 180 186 196 196 187 135 132 160 149 130 138 133 130 128 111 95 97 93 94 100 102 102 101 99 98 96 93 91 90 90 90 91 91 90 89 89 87 86 87 87 86 86 85 85 87 89 91 93 96 97 84 97 99 101 103 103 105 106 107 123 123 110 112 113 114 115
270 266 263 261 258 260 234 251 247 244 243 236 237 234 240 237 237 220 215 195 199 196 197 192 205 204 187 206 187 183 196 199 196 190 139 131 151 147 134 142 132 126 128 122 111 91 83 95 94 94 101 103 95 97 95 93 93 93 92 92 92 91 91 90 90 89 89 88 86 85 84 85 86 89 92 94 79 82 86 85 98 99 101 103 104 105 106 109 108 110 111 112 113 115 116
267 263 259 258 257 243 252 247 244 238 242 238 239 232 230 226 235 217 212 207 200 201 195 198 200 194 188 200 188 194 203 198 189 183 157 137 141 146 142 149 142 132 131 127 127 126 116 102 93 94 95 101 100 98 96 95 95 94 94 93 92 92 92 91 91 90 83 87 86 85 85 87 90 92 76 80 93 92 88 87 99 100 101 103 105 107 108 109 110 111 112 113 113 114 116
264 260 257 257 242 253 248 244 238 245 237 235 232 229 226 237 252 198 210 205 200 199 200 197 198 195 206 197 199 205 201 192 188 182 165 147 138 144 147 147 145 136 131 131 127 127 123 126 122 103 99 91 93 100 98 96 96 96 95 94 93 93 93 83 85 89 87 86 86 86 89 91 77 79 91 91 88 88 96 99 96 94 96 96 95 96 97 109 111 111 112 114 115 115 117
261 258 256 255 252 249 245 241 239 237 235 232 229 243 239 235 179 194 191 189 200 195 199 199 198 196 193 206 207 203 193 188 189 179 164 153 143 144 150 147 144 136 134 131 126 129 127 125 125 106 101 101 102 102 100 98 88 88 88 85 84 83 83 83 92 89 87 87 88 89 77 81 91 90 87 87 93 99 101 104 108 106 107 107 108 109 110 108 110 111 112 113 115 117 117
258 255 255 253 249 246 242 239 237 235 232 249 246 241 249 216 196 192 205 191 200 196 191 200 197 197 209 209 207 199 191 191 193 180 158 157 151 147 152 152 148 138 140 140 130 129 126 118 117 107 104 104 104 129 101 100 110 98 110 96 86 83 84 84 81 79 91 78 76 78 81 86 83 84 84 94 101 103 102 102 107 109 107 108 104 107 108 109 111 112 113 114 115 115 117
255 252 252 250 247 244 240 237 235 253 250 246 243 256 241 182 191 206 190 186 191 191 188 195 198 197 209 210 206 198 194 196 195 175 156 158 157 151 154 154 150 137 136 144 135 130 128 130 126 109 107 106 105 127 104 102 137 98 116 119 96 95 87 81 76 82 79 107 114 90 87 88 87 86 91 97 103 103 103 103 108 101 111 111 105 103 104 107 111 112 113 114 116 116 117
251 248 247 245 243 240 237 234 255 252 257 256 260 262 190 194 189 187 193 186 188 193 192 196 201 202 208 209 201 197 195 192 185 171 160 160 162 157 157 157 152 137 130 140 141 133 131 121 119 126 109 108 108 108 107 104 102 112 100 118 98 110 95 110 108 105 109 113 88 114 96 96 109 110 99 99 99 100 95 96 102 108 103 104 105 107 108 112 111 113 114 115 116 117 118
246 243 242 241 238 235 232 257 254 251 240 237 226 188 194 191 187 188 200 182 196 199 194 192 199 198 199 210 204 202 196 184 181 171 162 163 167 161 161 166 156 143 131 135 139 135 136 133 123 123 114 110 111 110 141 106 104 102 100 119 99 98 96 117 111 107 108 108 117 123 104 102 108 112 99 93 83 80 81 85 88 90 94 96 97 99 108 110 112 113 114 114 117 117 121
241 238 238 237 267 265 260 267 256 248 235 222 205 188 191 186 203 190 199 191 195 193 191 189 201 200 201 198 209 203 193 177 175 172 165 166 176 162 163 175 159 146 130 130 131 130 130 127 124 146 121 115 110 126 110 109 106 103 102 102 107 99 121 123 122 113 103 115 105 103 101 96 101 108 110 93 78 82 84 90 93 94 94 92 88 88 110 111 112 113 114 117 117 120 122
234 233 233 262 265 264 272 260 249 238 219 207 198 188 189 204 201 193 197 191 198 198 192 190 198 200 202 198 204 194 183 174 173 175 173 171 180 164 168 179 160 154 129 128 127 127 132 132 126 143 135 117 118 112 136 111 109 106 103 93 102 112 113 97 124 117 117 91 90 100 97 100 104 108 116 126 97 98 99 100 100 102 104 106 108 109 103 101 113 114 116 118 119 120 124
228 226 228 252 252 240 226 218 215 215 195 199 200 205 190 202 199 196 197 191 198 194 192 187 195 188 187 199 200 187 183 174 172 179 179 175 180 170 172 180 168 173 134 138 126 125 125 127 124 133 130 117 117 115 114 132 112 109 105 130 108 113 108 119 110 106 105 93 90 111 95 92 95 96 103 122 127 113 98 99 95 83 82 89 97 105 110 100 113 115 117 119 118 120 120
222 221 224 240 224 203 202 204 208 209 192 187 190 203 188 200 197 195 194 193 195 193 190 191 197 189 187 200 194 187 192 177 169 177 181 185 185 173 174 182 184 189 157 133 130 129 129 128 125 124 124 122 120 119 117 115 136 113 108 120 102 103 101 106 113 108 106 94 92 90 109 99 99 98 98 103 112 98 81 101 102 105 106 107 109 110 111 113 115 116 118 119 119 120 122
216 216 219 236 215 196 197 205 207 206 197 194 187 182 182 197 195 194 194 193 192 192 197 197 202 188 203 209 190 193 201 183 170 175 182 189 183 172 175 185 187 180 169 141 134 133 132 131 127 125 128 125 123 132 119 117 117 117 113 108 121 104 103 102 101 100 102 109 94 92 126 112 107 110 109 108 107 100 94 88 87 88 87 81 83 113 115 117 118 88 120 121 121 122 123
211 211 213 213 212 194 197 206 206 201 200 199 199 184 197 194 193 193 196 192 182 195 191 200 189 188 203 194 186 198 201 180 180 178 185 186 177 172 178 190 183 168 169 157 135 133 134 129 131 129 126 129 127 134 130 119 118 119 117 112 107 132 105 104 102 100 99 92 107 94 94 120 107 106 107 110 112 110 109 105 105 107 112 137 83 86 88 91 105 101 93 93 96 126 125
206 206 207 207 207 193 199 205 203 197 201 200 206 211 170 192 191 192 195 192 192 191 190 200 189 206 201 190 193 202 197 177 171 184 195 189 173 169 182 188 177 166 163 183 132 135 139 132 133 136 128 132 129 141 124 122 120 119 119 116 110 106 130 107 100 101 89 99 97 93 96 113 105 97 99 108 116 117 117 116 107 106 115 137 112 129 124 131 134 120 138 120 113 112 109
200 200 202 202 200 195 198 201 194 193 198 198 203 192 173 192 190 191 191 191 191 190 190 205 189 207 201 197 208 195 189 176 173 191 199 190 171 162 184 190 182 167 165 186 157 138 133 145 143 139 132 135 130 130 136 125 123 121 120 119 115 109 124 126 119 115 107 105 98 97 99 100 103 103 104 111 119 117 121 122 108 105 109 125 139 135 121 120 129 120 121 135 119 113 126
196 197 199 199 198 196 197 196 189 191 196 197 191 190 193 192 190 190 191 191 190 190 190 202 188 206 198 210 201 196 181 175 179 194 200 187 171 165 185 196 187 166 169 181 164 145 139 144 146 148 140 132 131 133 129 130 125 123 122 121 118 113 108 133 118 113 117 118 114 121 128 119 119 100 113 113 119 119 121 126 119 106 107 113 124 136 127 109 112 130 121 122 133 115 126
193 194 195 201 193 194 197 194 189 195 201 202 190 187 191 191 190 189 190 191 190 189 189 188 206 201 201 197 198 193 183 177 198 197 195 177 172 174 185 192 187 164 165 167 169 161 153 132 147 153 143 141 139 136 132 143 134 125 123 122 120 116 112 126 122 109 113 109 106 121 100 100 125 118 102 117 117 123 121 122 122 107 98 103 113 127 130 120 107 109 127 123 124 131 127
189 190 192 193 189 194 200 193 192 206 190 189 189 185 189 189 189 189 203 190 189 189 189 188 201 201 204 202 192 196 189 182 201 200 182 172 172 180 181 190 182 165 165 174 172 169 144 153 151 155 146 144 142 139 135 144 134 128 125 124 122 119 115 111 134 120 119 119 107 113 130 127 122 124 126 136 117 124 127 115 115 107 102 104 111 126 121 121 113 105 123 114 126 127 129
185 187 189 188 190 199 203 193 198 211 187 214 188 187 188 188 188 188 189 189 189 189 188 199 186 202 204 200 196 201 194 187 200 193 179 172 179 181 183 191 174 168 168 171 174 173 163 156 154 157 149 147 145 142 139 146 134 131 128 125 132 121 117 113 132 127 126 124 113 109 120 129 135 129 106 107 108 128 134 122 119 120 113 111 116 118 124 111 114 108 100 124 112 128 130
181 183 186 187 192 187 199 191 200 205 203 190 187 187 187 188 188 188 188 188 189 188 188 178 177 200 200 199 198 204 204 184 192 186 179 182 180 181 194 200 170 167 171 171 176 174 169 154 158 158 158 150 148 145 142 138 134 136 134 127 126 123 120 116 112 128 122 121 110 103 105 106 124 127 108 109 141 137 107 117 129 132 123 117 117 119 119 123 122 124 118 111 126 126 130
178 180 182 185 190 184 197 190 196 199 196 187 187 186 187 187 187 187 187 188 188 187 198 189 189 199 200 202 198 202 201 181 184 188 179 184 182 182 202 197 171 168 169 172 175 172 172 170 151 158 159 153 151 149 145 164 139 134 146 129 127 124 121 119 115 137 111 109 108 106 107 108 109 117 132 138 111 112 106 112 125 136 133 125 118 120 119 120 121 122 123 124 117 127 128
175 177 179 180 189 182 182 194 195 196 194 191 199 185 186 186 186 186 187 187 187 187 177 189 174 197 201 190 199 193 199 187 186 196 180 185 184 184 199 187 175 175 168 171 172 172 175 182 178 161 159 156 155 153 148 145 144 127 157 133 130 127 124 126 118 114 122 108 112 107 109 111 111 112 115 127 114 113 130 113 117 134 117 117 118 120 120 120 121 122 124 126 127 116 126
172 174 176 176 179 179 179 197 190 189 189 198 200 183 185 185 185 185 185 186 186 187 189 189 179 191 190 191 193 185 196 196 196 193 181 177 180 194 200 180 178 177 175 168 166 174 178 168 185 165 162 160 160 156 152 153 132 146 164 151 135 131 128 125 139 118 140 118 117 111 109 121 114 113 114 116 116 116 134 120 114 119 119 118 119 120 121 121 122 123 124 126 128 118 127
169 171 173 177 176 176 177 196 184 180 186 179 197 182 183 183 184 184 184 185 200 174 189 190 180 195 191 191 191 181 196 204 197 185 183 178 184 201 189 182 181 179 180 171 165 171 179 170 197 165 167 165 163 158 157 158 162 137 160 164 144 135 132 129 127 123 118 131 120 127 115 118 137 109 116 107 127 117 116 126 118 119 120 120 119 120 121 121 122 124 124 126 128 130 130
167 168 171 172 173 174 174 196 181 178 194 177 188 181 187 182 182 183 184 197 193 173 189 190 179 190 191 192 194 183 204 204 186 187 188 184 198 186 184 185 183 179 179 174 178 176 175 201 186 173 163 169 166 170 152 160 155 159 156 167 159 146 125 133 131 128 123 140 126 127 121 119 140 141 120 114 119 137 136 127 128 119 120 121 121 121 122 122 122 123 124 126 128 129 132
