examples/cougarCreek/createInputs/farsite/cougarCreek_polygonIgnit/cougarCreek_08-13-2015_0400_217m_non_neutral_stability_ang.asc
ncols	146
nrows	140
xllcorner	610065.000000
yllcorner	5095217.000000
cellsize	216.586807
NODATA_value	-9999.000000
[rows 0 to 41 of 140, columns 0 to 95 of 146]
98 53 70 102 116 91 25 22 15 15 10 358 355 352 40 326 52 27 311 317 322 325 326 330 332 327 319 318 322 326 323 317 317 322 326 328 331 333 333 331 330 331 333 334 335 337 338 336 334 324 333 306 330 322 332 333 323 293 319 319 322 301 315 316 314 294 304 304 307 309 311 307 296 289 290 292 279 257 252 252 254 260 267 272 275 278 279 277 277 280 282 285 295 285 287 284
98 53 70 102 116 91 25 22 15 15 10 358 355 352 40 326 52 27 311 317 322 325 326 330 332 327 319 318 322 326 323 317 317 322 326 328 331 333 333 331 330 331 333 334 335 337 338 336 334 324 333 306 330 322 332 333 323 293 319 319 322 301 315 316 314 294 304 304 307 309 311 307 296 289 290 292 279 257 252 252 254 260 267 272 275 278 279 277 277 280 282 285 295 285 287 284
131 92 84 141 146 114 78 15 87 114 131 158 1 284 146 151 153 61 27 331 334 330 325 327 329 329 276 284 313 314 313 279 325 326 327 328 301 304 320 298 304 301 301 304 309 327 312 307 308 305 304 300 305 323 330 331 322 294 321 312 293 278 285 281 285 271 307 305 279 307 307 303 252 291 291 265 258 269 261 258 260 264 267 270 272 273 273 272 273 273 273 277 285 270 264 266
169 112 90 139 144 124 113 92 86 43 120 150 357 336 191 187 151 116 93 11 343 333 325 322 323 317 279 286 311 310 285 292 316 310 314 320 311 301 300 296 299 299 303 307 311 309 303 307 300 300 304 309 310 319 330 331 320 291 290 279 280 279 282 280 281 271 313 277 288 305 279 251 298 296 293 262 259 290 277 272 271 271 270 270 270 269 268 269 268 265 264 267 272 280 284 260
103 118 91 126 139 118 82 92 360 358 93 115 7 359 334 194 151 93 89 60 356 333 324 281 319 320 312 269 281 287 296 302 312 309 305 312 312 300 305 305 302 303 302 305 313 311 307 310 307 309 308 309 309 320 317 314 281 311 278 320 298 277 282 287 274 317 281 314 309 284 255 305 303 301 265 279 298 293 286 282 279 277 274 273 273 273 272 271 269 267 267 267 268 273 279 278
156 109 91 113 135 134 122 112 101 84 72 86 12 1 339 339 157 63 47 0 356 333 322 287 281 319 310 274 285 292 298 295 306 303 302 310 306 301 296 300 297 300 300 303 309 310 314 315 311 312 313 310 311 322 305 284 282 313 324 285 290 284 291 279 317 281 290 299 286 255 310 276 273 305 301 299 269 298 295 290 285 283 281 278 276 276 276 275 273 273 274 272 269 267 270 273
148 112 93 86 118 129 119 56 98 103 80 68 89 360 356 335 173 77 357 357 352 343 326 312 279 319 282 292 292 296 302 297 300 303 304 309 301 295 299 296 297 293 295 299 303 316 312 312 336 329 328 325 306 299 294 301 302 295 293 289 286 298 294 271 306 292 290 284 263 313 276 286 314 307 305 259 310 306 303 299 293 290 288 284 282 281 281 281 280 280 280 278 273 268 267 273
139 131 123 114 116 132 125 100 86 350 82 69 79 352 339 338 234 199 84 351 349 341 326 312 282 314 313 284 293 313 300 299 303 300 299 303 292 288 286 291 292 292 290 296 301 308 315 330 326 325 304 300 302 304 300 298 296 299 292 293 295 291 271 323 283 290 290 280 271 278 314 315 285 261 315 253 316 309 307 307 301 297 294 290 289 289 289 289 290 289 287 284 281 277 276 279
146 131 131 120 110 125 129 121 107 97 99 341 342 121 349 348 343 205 74 350 340 335 322 308 273 308 309 283 291 294 297 297 296 294 289 292 283 278 277 282 287 298 296 294 322 305 307 314 301 303 299 302 310 308 312 302 291 296 299 302 289 281 282 282 290 292 289 280 283 291 316 266 271 316 268 270 319 312 311 312 309 304 300 296 294 293 294 295 296 296 295 293 291 290 288 289
153 137 125 115 102 103 105 113 110 99 97 92 75 82 237 339 339 339 129 345 330 328 324 305 298 276 308 287 284 293 298 293 290 290 286 285 278 274 282 286 287 296 299 312 306 330 309 304 310 306 306 314 309 301 284 286 288 292 293 282 276 325 287 293 291 284 281 277 283 286 275 323 315 272 266 334 322 316 317 318 317 311 305 301 297 295 295 296 299 301 302 301 299 298 298 295
344 162 149 126 115 98 86 93 92 88 91 87 79 66 348 351 346 336 157 74 327 337 321 306 296 277 308 288 286 295 299 293 293 288 283 279 272 274 281 278 286 290 320 303 308 333 308 311 307 315 330 312 288 285 288 284 285 289 278 287 310 287 294 296 287 289 291 289 291 291 279 287 276 281 266 336 324 318 321 324 323 317 311 305 302 300 299 299 301 305 308 308 306 304 302 298
324 172 172 153 140 116 85 77 86 91 87 86 97 80 80 107 360 345 169 149 320 282 314 306 294 285 304 281 283 293 296 289 286 279 275 274 272 273 270 270 274 311 296 325 329 332 304 304 310 313 303 295 289 296 295 292 291 291 289 320 296 296 298 293 293 303 331 332 331 335 296 291 330 274 336 334 325 321 325 330 329 323 316 310 307 305 304 304 304 307 311 313 313 310 307 301
162 141 146 158 145 126 91 61 58 82 78 73 80 140 347 356 358 168 121 153 161 224 237 303 291 290 298 284 286 309 294 288 279 297 271 272 272 271 267 284 276 314 327 304 330 303 295 309 308 306 294 285 302 305 293 293 297 297 298 303 315 331 302 302 336 333 334 335 335 334 334 333 293 273 338 332 326 325 330 335 290 329 321 315 310 309 308 308 308 310 313 315 319 322 316 308
304 306 28 95 115 114 98 353 325 333 49 74 85 115 352 351 351 191 161 160 168 224 236 261 288 288 274 278 288 308 296 284 277 271 273 276 273 269 285 287 288 321 332 333 306 290 296 306 311 301 292 290 306 298 297 299 302 309 306 308 320 333 336 305 302 300 291 289 287 281 338 337 337 343 340 333 329 331 335 338 340 335 327 321 315 311 310 311 311 312 313 315 324 335 326 315
319 37 48 78 85 93 108 98 63 323 330 55 68 75 104 352 347 337 191 194 208 225 244 246 293 288 274 282 286 306 289 276 268 272 274 277 270 267 287 291 300 320 330 309 293 300 301 319 318 305 296 299 297 292 291 292 300 307 306 306 308 305 302 303 295 280 278 277 280 344 320 303 342 320 342 335 332 336 342 342 342 340 333 326 320 314 310 312 313 313 311 313 325 342 335 322
70 78 90 92 91 106 125 127 111 67 356 60 80 62 47 52 348 342 200 215 234 241 264 270 267 270 273 280 287 306 281 263 267 291 273 270 268 280 285 291 287 310 323 306 299 306 317 318 316 295 312 302 302 305 298 299 307 302 300 302 299 293 286 283 284 292 291 290 325 297 305 350 345 343 343 339 335 339 303 346 345 344 338 331 325 317 311 312 314 313 309 307 319 339 341 335
72 74 85 110 102 91 107 114 119 107 76 67 96 94 38 335 339 3 115 195 244 245 264 310 264 265 270 285 303 289 273 267 274 267 272 266 278 276 283 278 297 305 316 326 309 316 317 313 305 299 306 310 314 308 300 316 309 308 297 300 305 295 297 299 301 306 296 302 301 321 335 355 346 343 345 344 339 341 348 350 350 348 343 336 328 319 312 312 314 312 306 303 310 331 332 358
85 79 79 102 112 86 78 99 115 119 86 51 32 352 38 316 317 317 28 304 283 273 269 298 259 264 271 286 302 281 268 273 273 272 273 266 274 274 281 277 297 303 311 300 307 311 313 301 303 301 312 321 317 304 314 312 300 314 303 292 299 303 305 299 296 311 314 319 331 335 317 302 303 307 309 311 346 344 348 353 328 353 349 342 331 321 314 312 314 312 305 302 308 329 306 332
113 102 100 107 138 126 105 114 134 137 103 56 22 47 92 103 86 73 87 313 278 250 265 252 253 261 277 291 288 277 273 279 278 295 271 262 272 273 271 276 283 286 311 320 304 297 299 303 301 316 317 316 300 294 304 296 290 293 296 302 304 302 302 304 309 314 319 346 330 313 302 314 310 323 311 312 324 351 350 355 359 358 355 347 335 324 317 314 315 313 307 304 310 332 352 316
133 120 112 111 133 134 106 89 116 128 95 48 55 65 113 133 132 98 122 9 290 259 265 234 253 263 293 289 280 275 279 280 287 277 284 278 276 275 272 277 283 289 313 319 300 295 299 301 316 322 317 292 337 286 299 295 292 296 301 301 299 303 295 303 303 309 305 303 310 306 313 319 312 347 344 318 317 309 310 328 1 1 359 351 338 327 320 318 316 314 309 306 311 331 352 310
1 137 119 103 117 117 103 87 98 119 80 56 127 59 48 50 22 85 154 134 293 231 271 273 260 254 286 280 276 278 279 281 295 278 284 279 280 277 280 280 293 301 309 314 293 298 303 312 313 304 303 279 291 298 325 286 296 305 293 297 300 303 302 304 307 307 312 316 329 316 333 323 319 317 347 317 319 324 326 316 337 4 2 354 341 330 324 321 319 316 310 307 308 323 289 295
80 69 88 91 103 93 72 67 74 106 89 75 199 102 29 14 21 40 342 325 302 216 202 221 235 249 266 269 276 280 275 285 300 277 286 279 267 278 271 288 294 298 296 296 282 278 283 302 296 283 275 265 273 269 328 286 325 304 294 304 302 305 304 304 329 309 310 311 332 330 315 318 327 340 333 331 316 316 336 340 11 8 4 358 346 333 327 325 323 318 314 314 317 328 345 304
37 38 45 44 60 66 50 66 59 76 73 42 359 255 62 20 17 18 350 59 144 209 223 209 226 247 267 271 276 280 274 281 288 254 286 276 276 277 272 290 298 295 284 280 270 274 284 286 259 248 250 327 327 246 326 320 321 287 302 312 310 310 304 326 324 311 313 314 309 332 337 325 326 360 325 319 324 324 325 323 327 12 6 1 350 337 331 329 326 322 322 326 333 343 353 319
47 35 37 344 38 50 63 71 68 67 41 32 27 337 29 68 63 61 50 80 190 224 206 229 248 246 274 269 273 272 264 272 283 262 269 276 276 279 273 293 304 293 276 267 262 262 264 257 241 242 309 316 323 328 328 325 327 331 331 305 312 308 310 292 296 299 305 313 320 341 320 345 320 323 329 325 329 339 347 330 329 325 10 3 352 340 334 331 328 327 329 333 343 357 7 336
354 28 349 350 43 49 47 45 46 18 5 26 23 8 30 50 48 38 36 34 50 199 191 142 231 235 255 266 258 260 271 281 287 273 260 278 278 277 280 296 303 272 270 267 260 252 250 250 244 241 291 307 314 318 321 295 298 301 300 329 336 300 334 336 325 308 309 315 322 322 325 328 327 333 327 328 330 331 14 16 352 342 14 6 355 343 334 328 326 330 335 337 348 9 24 352
352 32 43 50 62 63 37 35 27 7 1 4 17 25 38 39 44 36 37 44 38 110 151 145 179 229 256 276 242 257 281 297 291 274 256 276 281 277 288 298 292 267 267 261 257 257 256 252 239 229 278 294 300 304 308 289 298 301 332 327 331 310 336 312 313 308 313 320 318 344 333 333 333 333 350 336 353 337 337 20 21 22 17 9 359 347 336 324 321 332 341 343 358 347 360 359
337 3 352 40 35 32 28 13 15 3 1 11 13 28 19 22 36 38 46 54 57 98 122 124 158 213 243 277 249 265 288 298 295 267 251 272 274 284 291 286 271 259 260 258 253 248 243 235 227 237 255 275 286 290 292 303 320 329 324 323 299 301 309 313 317 316 338 343 345 343 331 344 345 346 336 9 11 20 339 338 22 22 19 12 3 353 340 322 317 330 342 351 12 349 357 1
23 45 43 35 21 23 28 19 7 1 9 18 2 15 15 29 34 39 52 56 61 87 97 88 85 155 204 244 248 265 293 287 285 278 272 277 286 294 292 282 272 262 260 258 252 243 235 233 231 232 245 261 270 273 283 296 308 315 318 321 327 309 335 337 341 357 344 343 321 315 316 320 327 332 348 346 350 338 359 339 343 346 18 13 6 358 346 324 314 323 335 306 313 321 343 348
74 68 59 40 28 24 17 23 34 19 5 19 349 21 15 28 37 42 52 53 52 70 96 79 43 65 138 198 226 248 277 274 276 283 287 290 296 294 286 281 277 268 266 263 256 250 247 243 228 233 242 252 254 266 275 287 295 302 312 320 324 328 311 333 334 338 341 341 322 319 319 319 320 323 325 325 329 328 336 339 347 348 19 13 9 3 352 329 314 318 331 348 310 322 336 341
81 77 63 49 36 24 24 18 33 27 19 11 12 4 36 35 48 53 61 59 57 74 96 97 65 77 100 176 212 250 256 266 279 287 291 298 300 285 282 285 279 275 273 264 251 244 244 233 236 234 238 245 248 256 262 268 280 289 299 306 309 314 320 326 325 325 311 313 316 321 321 314 333 337 337 339 344 344 346 354 359 5 348 18 14 9 356 337 324 326 339 354 11 341 345 350
48 76 79 74 56 43 24 20 15 12 8 15 26 2 28 41 48 53 58 62 68 73 76 96 101 90 98 114 197 257 245 270 290 293 297 308 295 275 286 287 281 277 275 263 248 240 232 225 230 228 232 241 250 253 252 256 266 276 282 274 281 291 311 301 300 294 293 295 322 326 332 4 5 343 343 344 355 359 1 357 359 355 355 25 22 13 358 343 333 335 346 357 11 341 356 359
24 31 73 53 49 46 43 25 10 14 15 12 26 35 36 33 33 42 42 50 65 81 94 106 98 90 90 61 26 272 249 267 291 302 301 309 277 273 291 285 282 281 274 268 262 249 236 213 220 223 228 240 253 258 245 244 248 247 254 260 273 285 296 288 287 292 297 303 307 310 316 326 333 333 332 335 340 343 348 359 23 0 27 26 24 13 359 345 335 337 348 356 6 339 349 356
16 11 331 98 73 84 68 32 21 7 26 35 48 39 35 35 24 26 30 36 47 61 75 88 95 95 66 52 27 323 301 287 276 302 304 288 283 286 295 281 281 281 273 270 269 266 260 212 213 219 226 234 240 241 227 228 227 222 245 250 258 266 273 281 291 306 318 331 338 345 342 338 341 325 321 339 334 359 26 26 26 26 22 20 20 13 360 347 338 338 347 356 4 14 346 351
7 0 344 327 66 48 56 50 29 30 41 26 16 21 42 39 24 19 17 18 29 40 44 54 67 82 96 49 24 346 326 320 292 299 307 296 298 301 304 296 285 276 269 272 281 284 288 233 224 222 226 234 238 230 217 218 221 221 226 235 243 261 269 280 286 288 294 303 308 305 310 357 4 8 12 328 334 341 0 26 28 0 21 15 17 12 359 349 343 341 347 356 4 12 341 341
342 342 23 338 338 21 18 15 18 18 18 13 29 31 20 46 42 53 61 36 19 21 26 36 36 41 41 40 29 348 335 339 312 295 299 298 300 307 302 294 285 281 282 282 283 293 301 288 311 330 314 286 265 247 235 227 223 220 224 230 239 243 259 260 265 271 275 280 345 349 345 349 0 315 336 341 341 336 338 348 2 351 23 333 23 15 1 352 349 346 349 357 3 11 328 331
49 47 41 44 339 335 20 17 12 9 3 5 13 20 29 17 22 32 37 45 17 11 6 6 4 14 23 29 24 356 342 352 332 299 291 291 288 288 280 271 266 272 278 276 276 282 292 303 325 323 319 316 298 275 262 249 236 229 231 252 250 250 238 238 234 241 247 257 267 298 326 345 310 11 324 329 331 335 339 340 341 23 3 356 23 18 8 358 355 351 351 358 5 15 338 339
64 60 52 33 333 335 333 3 0 0 1 4 7 10 15 19 17 11 3 359 356 354 349 337 337 355 12 15 13 5 355 357 346 320 305 298 288 310 308 302 288 280 273 269 278 276 278 290 306 309 298 302 299 287 279 272 257 246 241 241 239 240 240 255 237 220 215 208 202 256 248 306 352 354 7 16 17 19 352 21 21 356 359 358 22 20 15 5 0 355 352 359 4 14 337 336
69 67 45 5 355 343 348 355 354 350 355 5 3 358 353 355 353 342 332 325 329 336 335 334 329 348 15 3 9 17 10 337 329 333 325 321 316 313 306 304 322 290 287 269 263 290 307 286 289 299 308 292 284 315 287 282 279 275 271 265 241 234 228 227 227 225 221 218 216 229 240 238 279 331 350 4 10 14 17 18 20 351 354 325 344 20 24 12 6 359 355 2 5 14 318 315
17 345 1 345 344 339 327 327 354 350 4 358 352 346 347 346 339 334 333 338 341 335 338 338 339 352 18 6 15 37 25 346 310 322 333 335 343 350 346 330 314 303 318 298 290 293 300 309 271 287 294 305 304 314 309 303 307 314 302 299 291 284 285 287 253 290 251 254 262 264 256 244 239 265 3 21 12 10 14 16 19 20 19 17 11 5 25 22 17 8 359 7 12 21 36 321
350 20 354 340 336 340 317 353 354 1 3 356 354 350 355 352 344 343 347 350 345 349 352 348 346 7 25 1 22 44 32 1 333 315 312 315 311 315 328 340 339 322 328 313 298 295 292 281 278 277 276 280 282 286 291 301 302 306 319 317 324 316 308 306 305 307 312 311 309 304 296 231 229 240 331 51 41 30 19 15 16 16 16 14 15 321 21 34 35 22 7 18 27 29 41 316
328 358 346 338 311 311 317 357 359 356 1 355 355 350 354 349 343 344 348 356 1 13 347 335 345 6 18 12 23 31 22 4 344 319 297 291 291 291 301 319 318 318 315 291 288 296 295 284 285 294 290 287 275 267 278 271 264 260 262 258 278 308 308 298 291 300 298 284 292 298 297 293 299 238 232 206 87 47 41 26 14 12 9 8 14 325 19 36 52 44 24 32 44 39 41 54
309 317 335 332 304 308 318 355 354 356 354 348 344 339 343 343 343 353 17 49 47 4 335 322 340 16 17 6 4 14 18 7 332 301 285 291 299 294 285 281 294 286 282 286 293 300 286 279 310 309 300 304 276 301 289 284 277 276 239 235 277 284 296 296 294 294 289 280 278 284 289 305 311 312 314 330 226 198 107 50 15 7 8 9 12 10 295 36 77 77 52 49 54 46 43 55
