examples/cougarCreek/createInputs/farsite/cougarCreek_polygonIgnit/cougarCreek_08-13-2015_0400_217m_non_neutral_stability_ang.asc
ncols	146
nrows	140
xllcorner	610065.000000
yllcorner	5095217.000000
cellsize	216.586807
NODATA_value	-9999.000000
[rows 42 to 83 of 140, columns 0 to 95 of 146]
326 350 351 336 325 310 348 350 349 351 347 342 341 339 339 342 350 16 43 43 6 337 325 325 0 29 6 353 354 6 30 23 1 324 300 299 302 293 282 280 283 285 281 282 281 277 283 292 302 285 301 299 309 306 296 231 228 298 301 295 249 292 287 242 236 231 232 235 236 238 244 253 255 246 250 258 307 340 194 170 23 356 10 20 27 29 27 310 41 109 89 69 65 56 52 56
322 321 1 307 306 313 348 341 344 350 342 336 329 330 332 343 355 13 20 14 342 321 320 338 4 357 345 345 360 353 25 25 21 3 341 317 301 292 285 275 270 273 272 266 258 262 270 273 277 286 285 284 298 299 294 295 291 292 267 249 240 229 226 235 241 240 234 232 272 225 267 273 285 293 304 246 249 239 286 191 158 4 354 24 37 44 42 42 57 96 105 83 72 66 64 63
316 315 311 331 324 330 341 340 342 337 333 326 331 341 336 348 344 359 10 352 333 319 328 348 359 342 338 347 3 329 3 12 16 11 5 353 321 303 294 281 266 259 255 256 260 270 277 286 290 284 272 273 279 278 268 252 233 231 231 239 240 234 236 257 250 248 225 214 216 214 208 211 222 236 239 244 1 39 226 358 181 166 321 0 38 47 52 54 57 70 95 89 18 68 23 17
346 336 329 329 325 333 332 339 336 323 300 327 350 352 345 346 345 11 17 349 323 320 326 341 351 340 336 9 347 311 342 1 15 14 9 355 342 341 329 296 262 278 284 290 297 284 283 282 288 293 277 250 241 236 231 224 234 231 235 230 226 246 237 221 217 216 226 220 204 220 234 228 231 236 237 231 214 217 212 239 47 202 277 334 32 44 56 58 57 59 84 97 72 64 20 67
298 300 301 323 326 330 328 330 323 298 327 346 4 349 346 346 0 36 10 342 317 318 319 326 343 349 9 54 356 335 334 347 360 5 360 351 345 339 331 332 325 310 309 311 317 295 294 277 266 238 238 250 262 261 251 246 239 256 251 240 212 207 210 209 213 225 202 193 232 212 211 211 212 244 242 251 218 236 215 216 260 189 199 302 28 46 55 59 58 60 342 97 81 68 70 69
292 295 298 328 329 326 305 324 322 322 344 1 6 0 7 24 303 307 356 338 322 313 314 324 347 5 31 58 5 334 335 337 335 347 342 339 339 345 344 337 350 335 338 336 313 313 283 258 255 249 244 252 266 263 245 243 248 223 222 216 216 215 224 229 219 217 232 233 211 219 221 249 245 243 248 253 213 212 194 218 229 128 163 180 84 67 64 63 63 68 74 83 88 33 77 76
288 291 304 321 307 304 291 329 332 336 359 2 5 13 349 307 315 318 352 340 325 314 319 339 354 16 38 35 22 348 325 329 298 336 324 342 331 345 349 351 352 355 357 357 315 287 256 243 242 234 233 246 246 233 223 234 228 213 225 226 217 209 211 223 231 228 222 222 260 254 247 251 248 250 255 252 259 220 254 231 225 275 110 143 124 106 84 75 74 72 70 78 28 90 32 33
289 292 296 296 301 320 332 345 340 349 356 3 6 347 311 346 346 346 340 343 326 320 332 347 349 14 18 19 24 279 323 291 298 323 321 338 345 342 343 345 360 339 5 3 6 303 324 287 280 268 267 280 274 258 251 240 248 257 242 241 235 227 222 226 254 255 252 250 258 257 250 241 241 240 240 243 248 248 218 221 231 250 52 105 115 116 108 94 85 79 72 72 93 28 32 31
289 291 291 297 327 339 336 342 344 352 12 13 0 352 340 339 340 338 342 347 334 326 331 333 345 3 16 24 295 284 321 292 294 316 321 338 348 341 342 339 336 325 324 339 353 14 359 343 341 346 334 320 319 308 285 263 253 252 269 278 266 262 239 229 227 224 218 213 205 205 214 215 213 234 237 226 198 204 204 232 175 153 78 77 99 109 109 104 98 91 83 79 82 88 84 78
286 287 296 329 342 339 340 345 346 4 352 318 353 344 308 337 338 340 347 348 339 337 332 325 349 15 43 48 303 299 326 296 290 312 313 315 328 340 340 338 325 315 311 314 328 324 191 150 117 62 14 356 353 353 315 269 246 227 267 279 286 310 280 246 232 219 245 209 252 243 231 246 240 232 241 197 198 206 206 248 187 171 148 106 272 100 106 105 106 103 96 91 85 79 78 79
285 286 305 337 336 338 343 344 348 0 356 343 336 333 330 333 340 346 347 344 340 346 338 298 2 48 30 326 312 329 329 302 291 306 296 284 322 332 328 325 319 312 302 298 305 294 291 252 230 195 171 143 50 30 326 258 258 260 263 265 271 287 322 262 241 230 224 220 245 249 207 212 210 203 207 216 221 229 224 210 246 183 167 143 106 185 269 107 108 104 96 93 91 84 78 80
290 303 331 340 340 340 341 340 350 351 338 306 328 330 336 338 342 353 344 340 336 343 335 334 24 22 347 344 333 324 325 325 290 300 268 268 307 316 313 318 324 320 299 289 297 297 302 310 308 293 202 154 125 110 72 222 233 304 291 281 277 296 346 355 333 319 268 285 273 282 306 308 293 280 277 280 272 253 265 211 204 195 267 241 220 108 101 107 104 95 89 90 93 88 84 83
294 308 334 332 334 335 349 343 347 343 303 299 334 348 353 345 347 355 346 341 336 340 343 347 7 4 347 339 334 321 323 331 292 296 263 262 314 319 321 335 338 336 315 286 275 282 290 290 285 288 315 5 41 102 120 114 77 356 340 332 313 309 342 350 342 340 334 312 301 298 290 299 315 254 280 264 256 218 268 281 273 267 246 201 161 213 102 215 98 92 94 35 93 93 90 86
286 304 329 326 315 339 352 336 331 330 296 292 349 357 353 333 338 337 328 330 329 333 339 350 359 349 344 347 334 320 325 315 294 292 274 257 314 314 319 328 342 348 330 359 317 307 272 276 288 299 299 308 6 9 26 40 9 331 359 6 341 318 280 233 258 284 282 304 249 265 264 281 248 295 239 235 280 279 221 234 219 237 199 193 154 128 121 110 95 84 87 94 96 91 92 90
278 296 326 324 327 7 350 325 304 316 290 345 300 354 357 334 324 323 317 320 324 326 337 352 356 353 5 355 327 317 322 325 291 289 274 260 309 299 299 312 321 337 327 5 323 297 320 326 326 278 306 318 309 348 342 334 316 282 275 288 252 176 219 230 243 238 215 229 248 246 230 241 247 231 255 260 250 231 229 220 234 179 181 176 153 257 132 119 103 97 93 194 88 149 163 85
285 294 333 345 11 8 302 309 305 318 354 20 334 352 11 322 312 302 300 312 324 324 338 356 354 356 12 331 323 320 326 310 272 265 256 250 307 291 277 307 307 310 320 311 284 313 293 357 5 44 334 274 322 307 294 297 283 215 215 198 194 216 317 263 188 182 192 213 220 218 215 213 226 229 244 248 240 219 204 216 215 210 211 234 143 134 131 120 109 113 110 114 192 172 85 121
295 298 355 331 300 296 318 294 287 357 77 20 332 50 105 241 262 277 284 295 331 332 360 4 356 8 7 327 318 322 315 278 279 272 258 247 291 282 237 305 296 294 306 315 307 319 322 318 311 34 114 237 258 281 261 222 187 205 238 203 216 216 185 198 206 217 185 207 217 218 223 204 217 214 214 204 197 192 214 214 177 173 200 197 195 200 237 116 295 113 113 103 96 92 88 76
298 307 348 312 309 329 280 297 345 50 65 11 76 209 234 265 282 287 290 292 333 334 343 350 353 23 343 327 322 330 277 280 307 294 287 248 271 283 281 279 291 294 292 307 316 319 316 306 298 314 351 69 86 120 128 338 318 200 195 192 172 161 165 152 143 152 219 229 225 212 224 224 211 198 194 189 188 187 214 206 207 174 202 196 188 137 192 205 220 248 112 110 313 73 95 87
296 308 19 2 349 286 260 345 54 187 231 218 234 259 285 290 292 291 292 296 334 332 338 343 12 11 340 330 329 316 281 307 308 298 297 272 244 277 283 286 279 288 291 296 304 306 314 284 287 284 287 270 357 347 299 322 352 102 180 190 180 175 174 167 167 219 198 181 199 208 212 209 198 189 185 184 218 218 183 180 178 215 215 216 217 214 220 214 223 241 254 325 108 78 37 91
295 335 16 345 334 262 238 43 189 205 231 255 293 303 303 298 295 292 292 296 334 329 341 351 15 3 346 334 316 311 312 314 308 297 297 287 246 273 282 281 278 281 284 283 288 295 301 305 250 295 287 288 289 286 312 328 344 5 34 39 150 166 170 167 161 168 173 178 186 193 191 189 190 183 215 215 182 181 184 185 185 183 181 179 176 171 228 228 234 234 228 234 108 30 102 100
337 14 28 342 340 341 339 103 200 234 269 297 303 305 303 298 293 289 289 319 336 328 331 346 5 4 347 331 318 314 312 315 275 301 293 292 281 274 281 275 276 275 281 284 282 289 286 284 287 280 276 282 302 308 301 305 322 5 39 37 38 62 113 143 146 148 158 171 185 188 181 178 181 177 210 176 182 184 185 186 186 186 184 182 229 233 237 241 240 237 230 225 227 203 111 48
41 43 22 12 35 45 176 206 256 297 306 307 306 305 303 298 292 287 284 322 327 328 328 343 2 5 357 327 313 314 317 282 280 301 286 293 288 283 281 276 273 272 279 283 280 285 288 287 286 277 278 286 302 292 286 285 294 0 51 57 56 53 64 85 101 121 138 153 173 180 177 171 173 173 215 174 184 189 190 187 183 183 184 233 232 229 232 238 235 234 228 217 193 167 176 145
47 50 46 250 240 230 249 292 310 313 314 313 310 309 306 301 296 297 302 320 316 333 330 342 354 3 4 324 309 312 301 314 299 304 292 296 296 283 280 276 274 267 262 280 280 278 287 286 259 285 271 270 279 301 261 279 296 340 43 65 69 71 82 91 95 109 129 143 161 174 175 168 169 174 174 177 183 189 232 233 243 251 245 243 244 243 243 248 246 234 225 221 208 193 211 137
12 50 36 346 320 319 319 317 316 316 316 315 312 309 305 300 299 307 341 317 298 346 331 338 353 9 16 278 308 304 303 310 307 301 294 296 295 288 289 277 273 266 258 270 276 278 281 279 257 255 277 265 274 293 240 254 267 298 57 57 53 77 90 97 104 109 118 133 155 171 173 167 166 172 177 178 178 177 179 174 156 149 223 230 231 238 243 246 244 231 237 202 165 178 155 106
54 49 36 332 326 326 324 320 318 316 315 313 307 303 299 296 303 319 346 328 325 346 315 327 353 16 289 277 279 283 300 302 305 301 296 297 291 293 291 249 269 269 255 259 269 274 278 275 284 241 251 268 277 250 231 238 237 224 185 65 49 67 83 95 111 118 120 129 147 163 165 226 222 167 173 217 175 173 171 175 172 167 166 213 205 171 159 144 200 215 174 119 160 177 206 113
55 42 11 333 326 326 325 323 320 318 326 311 306 302 299 298 303 326 349 338 346 296 305 328 350 17 297 281 309 312 304 302 302 302 302 299 290 289 295 249 277 271 242 235 245 263 270 272 262 253 243 259 272 272 225 229 228 222 213 193 160 144 130 124 127 130 130 133 141 152 219 219 219 164 168 169 174 180 186 193 195 231 230 237 237 232 223 214 212 175 122 205 198 120 116 115
44 31 344 329 324 324 335 324 322 319 315 311 307 304 301 301 307 348 345 339 350 335 325 333 343 336 286 283 306 308 304 292 302 306 304 299 302 298 298 252 276 247 240 238 235 234 245 259 255 270 257 250 256 253 262 252 221 214 207 193 183 177 166 275 147 144 144 142 140 145 156 157 210 159 233 165 174 185 258 252 233 194 184 208 222 243 244 231 158 131 126 179 183 213 216 111
40 26 355 321 319 321 322 322 320 317 315 312 307 304 309 302 311 360 342 332 346 340 338 338 350 312 278 285 314 310 306 299 293 304 309 306 303 295 304 258 253 244 264 240 235 232 243 255 253 255 254 253 255 257 234 251 257 206 200 192 184 178 172 169 163 158 157 154 145 142 148 154 211 158 160 233 229 225 187 191 185 177 174 170 161 157 153 149 144 137 127 120 119 171 116 115
42 28 326 315 314 316 319 319 317 328 314 313 308 304 301 306 315 5 344 333 338 345 352 348 15 304 282 292 318 317 305 295 293 299 308 303 300 303 306 261 250 250 246 241 235 232 260 254 250 239 237 251 257 252 248 227 232 251 202 196 185 178 173 170 169 165 160 254 157 153 151 155 219 224 228 231 238 217 177 207 175 172 170 173 167 158 154 150 152 153 142 131 130 130 129 177
6 347 322 331 312 314 316 332 330 328 329 328 324 314 302 311 322 7 345 338 334 349 1 348 346 312 297 315 320 320 312 302 294 303 303 303 301 303 308 252 267 295 245 280 236 234 232 256 256 253 241 236 253 257 262 242 228 236 202 197 191 187 182 175 172 166 157 154 237 160 160 159 225 230 234 236 231 228 220 219 175 170 212 174 176 168 164 165 166 168 164 155 149 148 146 141
356 337 322 335 314 315 316 334 331 329 332 331 313 308 305 318 330 10 349 341 341 0 8 355 346 296 310 323 326 326 320 305 295 314 305 304 302 307 310 254 270 300 245 243 239 234 263 232 243 238 237 236 255 240 247 256 233 212 274 199 200 197 194 188 184 179 167 155 149 154 233 220 225 216 220 166 215 213 215 217 209 214 216 169 175 176 176 176 175 175 176 174 209 164 160 155
338 329 342 334 316 316 317 334 329 329 331 332 312 308 306 321 334 11 357 341 349 16 357 350 343 298 335 335 311 329 322 306 299 319 280 304 299 297 315 256 274 304 249 247 269 235 233 272 267 265 239 241 257 225 254 240 238 217 204 201 206 205 201 198 197 196 188 171 157 150 214 216 219 216 222 237 218 221 223 211 206 215 216 161 169 179 181 177 172 172 178 181 179 172 205 203
353 348 339 335 315 315 332 332 328 329 330 330 327 302 301 318 333 28 3 341 3 343 357 1 309 302 333 327 315 326 318 308 314 289 287 308 303 301 319 260 259 298 304 248 243 237 233 264 277 261 264 260 258 248 231 260 243 219 210 249 206 212 209 207 205 203 199 258 259 289 140 250 246 242 239 239 224 224 224 179 214 213 224 248 165 177 178 234 235 165 172 180 182 175 214 164
337 343 355 332 330 331 334 331 330 334 332 302 322 299 299 315 337 16 346 345 10 342 353 348 310 350 342 346 340 334 321 314 324 289 315 308 302 314 317 282 261 300 300 245 242 283 235 232 277 254 270 266 262 249 233 252 268 258 242 270 215 223 221 217 211 207 202 196 246 279 347 345 275 265 252 245 236 225 226 225 224 221 213 218 243 177 180 231 223 237 165 167 178 177 217 200
341 352 338 330 329 333 338 333 335 314 309 305 305 323 304 318 2 23 355 352 7 340 347 309 353 349 350 346 335 339 327 322 311 299 308 289 307 318 319 286 281 301 306 268 245 244 271 250 273 276 276 272 272 249 252 253 264 261 246 250 259 229 233 229 220 212 205 260 191 260 300 323 302 276 274 231 240 224 228 236 250 226 173 161 237 177 234 247 232 161 159 249 160 170 169 213
338 349 336 331 333 341 343 335 350 318 315 311 312 320 311 327 14 16 0 3 5 349 338 344 336 351 350 347 344 345 333 328 314 321 309 289 307 325 320 285 307 307 309 277 250 249 287 236 267 279 275 276 274 254 255 255 264 247 225 222 285 235 241 237 227 260 259 257 247 252 283 305 318 292 307 187 235 249 188 225 250 240 237 230 246 177 238 227 233 222 160 152 226 155 165 167
349 351 337 332 338 344 347 337 343 317 314 312 313 318 315 333 20 17 9 7 341 310 334 313 317 352 349 348 347 349 319 324 329 319 312 270 307 325 296 279 300 306 310 284 284 251 268 278 265 283 276 278 282 252 252 255 264 271 261 243 257 284 246 241 228 263 217 262 207 195 184 264 292 296 333 191 187 190 195 255 280 182 257 253 254 176 178 240 239 237 232 159 150 213 191 166
345 351 339 333 338 357 345 335 347 313 330 306 330 307 316 325 21 317 10 311 310 311 336 313 319 353 352 350 345 347 340 322 327 323 312 291 272 327 298 285 297 304 306 287 256 306 274 260 276 270 281 276 281 252 236 241 239 273 264 249 236 267 290 294 232 225 223 221 215 203 190 188 193 279 319 336 192 197 198 188 287 180 284 273 265 171 175 168 166 169 167 229 216 198 223 219
352 352 339 332 341 348 336 346 344 336 307 346 303 305 319 5 322 319 316 313 312 347 311 314 319 354 355 352 343 342 343 330 332 330 310 295 298 330 295 294 312 304 300 308 282 277 284 237 242 244 283 269 281 232 244 250 246 239 262 242 241 240 243 289 247 239 231 228 220 211 205 199 196 196 279 307 214 210 265 191 273 324 182 303 274 282 169 167 167 168 231 208 212 216 154 157
352 350 340 316 350 350 343 334 338 341 311 308 304 307 322 13 320 319 316 314 344 326 312 317 321 350 2 341 336 333 344 340 337 330 314 308 319 307 297 308 314 290 306 298 301 309 287 242 248 249 245 270 296 243 255 255 247 242 245 246 241 239 241 246 310 257 244 233 225 219 216 279 207 210 229 244 240 223 206 193 181 305 144 167 310 270 283 294 298 166 254 251 210 217 153 147
353 351 341 333 358 347 345 313 331 330 314 311 305 309 321 5 319 318 315 348 341 311 312 319 322 356 357 303 336 328 345 331 337 326 322 307 326 300 294 310 308 292 287 298 291 310 286 246 250 283 260 231 239 258 260 253 247 242 243 245 283 242 243 247 262 267 254 294 230 287 226 228 317 234 246 249 310 233 322 201 182 140 328 141 155 328 285 249 281 343 255 243 176 164 228 149
355 353 342 341 350 345 343 311 332 331 313 310 307 313 342 318 318 317 314 345 336 310 314 321 334 6 355 343 338 321 347 333 329 332 329 325 313 302 316 312 290 306 310 304 303 300 316 248 251 286 286 294 255 263 256 249 250 272 278 249 251 281 248 252 261 284 257 297 237 238 240 244 324 313 285 247 294 323 321 211 186 154 282 339 26 23 352 301 234 267 284 263 266 148 136 150
