examples/cougarCreek/createInputs/farsite/cougarCreek_polygonIgnit/cougarCreek_08-12-2015_2000_217m_non_neutral_stability_ang.asc
ncols	146
nrows	140
xllcorner	610065.000000
yllcorner	5095217.000000
cellsize	216.586807
NODATA_value	-9999.000000
[rows 84 to 125 of 140, columns 0 to 94 of 146]
164 166 168 170 170 171 172 194 182 187 175 175 177 179 180 180 211 182 184 194 177 187 189 190 191 204 191 204 197 182 195 194 192 191 191 191 206 189 188 187 185 182 181 181 180 179 178 175 189 174 167 171 180 161 159 162 158 156 162 149 162 152 152 145 121 122 144 145 142 128 121 114 130 143 132 126 123 129 132 119 120 120 121 121 122 121 123 122 123 124 125 125 128 128 131
162 164 166 167 168 169 170 189 184 198 173 202 168 176 178 179 180 199 194 186 172 187 189 190 191 205 207 205 199 194 185 195 194 193 195 202 202 193 190 189 187 185 184 184 183 182 180 179 178 177 176 174 172 172 169 166 162 159 156 153 149 155 143 154 140 136 143 128 146 140 133 114 116 133 137 132 130 129 121 121 122 122 122 123 123 136 122 122 123 124 125 127 128 127 131
159 161 163 164 166 167 168 169 190 171 171 178 174 185 176 178 196 191 184 181 186 187 189 179 191 208 192 204 199 185 186 209 191 194 194 201 196 197 190 190 182 189 187 186 186 185 184 182 180 180 179 177 177 176 173 170 166 163 160 156 153 150 147 143 145 142 147 147 147 146 147 127 122 127 135 124 137 124 124 124 124 111 124 124 124 124 123 122 121 116 125 127 124 130 132
157 159 161 162 164 165 166 167 168 169 169 167 172 182 190 196 196 179 183 174 185 188 189 190 195 205 194 206 195 196 195 209 195 195 194 193 193 192 202 198 193 192 191 189 189 188 186 185 183 183 182 181 181 179 176 173 170 167 164 160 157 154 151 147 149 148 152 148 147 132 131 143 132 127 126 126 124 131 136 121 126 109 125 125 125 125 125 124 124 123 126 127 129 131 133
155 157 159 160 162 163 186 165 166 167 168 168 171 170 186 195 194 176 183 183 185 187 189 190 201 193 194 195 195 196 211 207 190 197 196 197 195 194 198 194 195 195 194 192 191 190 189 188 187 186 185 184 158 182 180 177 174 171 168 164 162 158 155 151 152 147 148 150 149 149 134 150 140 129 131 131 130 129 128 122 127 127 126 126 126 125 125 125 125 122 127 129 131 129 129
154 155 156 158 159 160 182 162 164 165 166 176 170 171 185 197 192 178 180 183 185 187 189 196 192 193 194 195 196 196 196 203 194 199 197 196 197 197 201 196 197 197 196 194 193 193 192 192 190 189 188 188 161 161 183 181 178 175 172 168 165 162 159 155 151 144 145 149 144 143 147 152 154 148 133 125 126 131 131 130 128 127 128 127 127 126 126 126 126 127 128 129 128 129 131
153 154 154 156 157 158 159 160 161 163 164 177 168 170 182 198 189 175 176 182 185 187 189 190 192 193 194 196 199 205 207 200 196 199 199 198 198 199 198 198 199 198 198 196 196 196 196 195 193 192 192 191 190 163 186 184 182 179 176 172 169 159 163 159 157 151 143 144 139 136 138 149 138 136 150 138 134 135 126 132 131 130 128 129 128 128 127 127 127 128 129 137 127 132 132
152 152 153 153 154 156 157 158 159 160 193 172 166 165 180 192 184 177 179 182 184 186 192 190 192 193 208 204 205 207 199 193 191 200 201 200 200 201 201 201 201 200 200 200 193 199 198 197 196 195 194 193 193 161 189 187 185 183 180 176 173 160 159 153 159 157 151 143 136 132 145 137 142 139 139 142 138 135 138 127 125 129 121 130 130 129 129 128 128 129 129 132 133 142 137
152 152 151 152 152 153 154 155 157 158 186 169 161 174 178 184 183 174 179 181 184 186 202 189 191 193 195 201 210 207 188 200 201 202 203 203 202 203 212 218 203 203 221 203 202 201 201 200 199 198 197 196 196 157 156 190 188 186 184 180 177 174 157 150 158 160 157 152 140 137 149 140 145 142 149 140 137 135 132 125 123 128 132 134 130 128 123 121 128 129 130 131 133 135 139
152 151 150 151 151 152 153 153 155 156 157 173 162 177 166 180 186 182 177 180 182 184 201 188 190 210 197 201 201 197 188 200 201 202 203 210 203 203 203 203 203 202 202 202 201 201 201 200 199 199 198 197 196 159 156 163 189 162 185 182 179 176 153 145 150 163 160 156 147 140 136 147 148 146 149 143 137 140 119 111 136 134 118 132 133 137 131 140 113 127 120 125 134 136 140
152 150 149 150 150 151 152 152 153 154 156 157 176 162 165 167 185 184 175 178 180 183 184 203 189 212 199 193 187 193 195 185 195 206 210 201 202 201 201 202 201 200 201 202 202 201 201 200 199 199 198 197 196 195 154 157 156 151 160 183 180 178 155 144 169 141 154 161 149 144 137 147 151 149 152 155 156 141 125 125 123 122 136 116 119 123 121 132 137 137 133 131 137 132 137
150 149 149 149 149 150 151 151 152 153 154 156 158 169 163 174 181 187 174 176 179 181 183 185 187 189 195 183 195 196 197 193 204 212 200 200 200 200 200 216 201 200 200 201 201 201 201 200 199 199 198 197 196 196 150 156 152 149 148 157 181 180 150 141 172 130 137 143 144 143 138 140 158 156 156 150 149 147 133 123 122 124 138 137 136 120 135 135 134 136 138 137 134 141 143
148 148 148 148 148 148 150 150 150 151 153 154 156 171 169 171 184 191 174 175 177 197 182 183 185 207 187 183 196 215 196 205 198 198 199 199 199 199 220 201 201 200 200 200 200 201 200 200 199 199 198 198 197 196 195 193 192 190 188 186 150 156 148 150 143 137 170 137 137 139 139 142 141 143 151 160 152 151 158 147 114 111 110 115 139 140 137 138 121 136 137 139 127 144 146
147 146 145 146 145 148 148 149 149 149 151 152 154 173 159 161 183 183 171 173 176 178 180 181 183 186 181 194 191 193 195 195 196 197 197 198 198 198 199 200 200 200 200 200 200 200 200 200 199 199 198 198 197 196 195 194 192 191 189 187 185 149 153 151 144 175 173 171 169 167 165 163 162 140 143 155 156 154 153 146 148 113 144 142 144 142 147 144 140 112 111 124 146 148 142
144 144 144 145 146 144 146 147 148 148 150 150 152 168 157 159 176 175 171 171 173 176 178 180 182 180 187 188 190 192 193 212 195 196 215 213 217 217 218 213 200 199 199 199 199 200 200 200 199 199 198 198 197 196 195 194 193 191 190 189 187 185 183 182 138 178 176 174 172 170 169 167 165 140 142 146 160 157 155 161 151 150 148 147 145 144 146 145 147 145 146 147 149 149 149
144 142 143 144 145 142 145 146 146 147 149 148 150 153 155 157 160 163 166 169 171 173 176 179 185 186 185 187 192 199 192 193 194 216 212 213 214 211 214 223 200 199 198 198 199 200 200 200 199 199 198 198 197 197 196 195 194 192 191 190 188 187 185 184 182 180 179 177 175 173 136 142 142 166 139 142 152 160 159 158 149 142 152 145 145 147 147 150 147 148 149 150 152 152 154
140 139 140 141 139 142 143 144 144 146 145 146 148 163 153 155 158 161 164 167 169 192 175 185 180 182 183 186 184 200 212 191 192 193 207 205 211 197 198 199 198 197 197 198 198 199 199 199 199 199 198 198 197 197 196 195 194 193 192 191 190 189 187 186 184 183 182 180 178 135 138 138 140 139 137 165 163 148 162 160 157 148 154 151 151 149 147 147 152 150 149 152 153 154 158
139 138 137 138 141 140 142 142 140 144 145 144 147 149 151 153 156 158 162 165 167 170 173 200 177 180 194 183 182 187 188 213 207 202 199 202 194 195 195 195 197 197 197 197 198 198 198 199 199 199 199 199 197 196 196 157 155 154 193 192 191 190 189 188 141 132 139 183 181 180 130 134 134 133 173 171 132 137 151 162 150 142 156 123 150 156 155 147 148 150 149 151 156 157 158
136 136 136 136 135 135 139 140 140 143 142 143 146 147 148 152 154 156 163 162 173 170 171 173 175 178 196 187 197 185 187 188 202 202 200 204 214 215 210 200 198 198 198 196 216 199 215 222 199 199 199 199 197 197 144 147 144 141 152 193 192 191 191 190 189 188 187 185 184 183 182 180 178 176 134 171 170 168 142 151 163 161 159 157 156 155 154 153 151 158 158 158 159 160 154
135 138 134 134 134 133 134 135 139 137 141 142 144 143 146 151 152 154 157 161 164 166 168 171 174 176 194 189 200 184 202 200 202 203 202 201 205 203 199 195 188 199 199 198 220 219 221 199 225 225 199 199 199 198 159 155 154 153 195 194 194 193 192 191 191 190 189 188 187 186 185 183 182 179 136 174 145 146 150 158 152 144 137 135 160 161 159 158 158 161 156 162 155 162 163
132 136 130 130 131 131 134 133 134 134 139 140 142 144 146 148 150 152 155 168 162 164 166 169 187 175 193 186 200 199 190 196 201 202 202 193 197 203 204 205 206 200 208 221 226 198 198 198 226 222 217 219 200 200 199 160 156 197 196 196 152 151 194 193 193 192 191 190 136 145 140 139 184 137 137 177 176 148 150 157 152 147 145 163 161 163 162 160 159 165 163 161 164 162 161
130 129 127 127 128 128 128 130 132 136 137 138 139 143 144 144 148 150 153 166 163 162 166 168 187 173 175 174 198 196 189 200 201 200 199 190 200 192 193 221 218 207 216 223 197 228 198 198 228 227 199 200 201 201 200 160 198 197 197 197 155 152 151 146 134 134 135 148 142 149 148 146 145 186 183 181 179 177 174 173 145 150 149 166 165 164 165 163 161 164 168 163 163 166 167
128 127 126 126 126 127 127 129 130 130 130 135 139 140 142 143 145 148 151 154 157 159 163 175 170 171 190 175 195 197 197 198 195 196 195 194 214 191 191 212 194 204 216 196 222 224 225 225 198 227 198 199 200 201 201 171 198 197 197 197 154 149 136 149 148 148 148 142 149 150 150 151 151 149 186 184 132 130 178 176 174 172 171 137 167 172 163 165 169 169 171 164 163 166 170
126 126 124 127 125 126 126 127 129 129 133 134 137 138 140 143 142 146 149 152 155 157 163 185 190 170 188 183 200 199 202 189 189 195 195 208 188 189 190 198 203 211 219 221 221 222 197 198 223 224 222 228 228 226 190 169 168 198 198 160 150 142 151 149 198 147 138 139 149 148 148 150 151 151 149 187 185 183 181 151 148 175 173 172 171 175 174 167 166 172 165 167 165 165 165
123 123 123 126 126 126 123 124 127 128 133 133 135 137 139 142 140 144 147 150 153 155 158 163 166 194 189 193 197 191 193 183 186 198 209 186 186 217 189 184 210 219 220 221 224 197 225 223 223 224 219 224 228 225 169 148 164 199 167 156 144 153 150 199 160 150 150 152 152 151 146 152 153 154 152 150 150 150 151 153 155 178 176 175 173 171 170 170 166 169 174 174 174 174 174
114 121 122 121 125 125 121 122 124 127 126 126 134 136 139 140 138 141 145 148 157 157 159 180 189 184 186 194 185 183 186 183 190 205 184 184 185 202 184 194 214 218 219 220 223 225 197 198 198 198 198 228 225 214 203 158 163 171 161 156 145 152 160 200 168 153 153 151 154 155 157 155 156 162 162 157 153 151 186 151 153 180 178 177 177 176 174 172 172 171 177 177 177 177 177
113 114 121 121 125 125 122 121 123 126 126 125 133 136 137 139 137 146 142 146 149 151 174 161 164 185 181 189 179 183 188 192 209 181 182 183 212 191 190 211 215 215 216 220 221 222 226 197 228 198 228 229 226 232 202 202 186 166 145 144 140 158 157 201 155 156 144 156 154 156 156 152 153 154 158 155 153 190 188 186 184 182 181 179 178 179 177 176 176 175 174 173 179 172 172
112 114 117 120 120 125 125 124 119 125 125 124 132 134 136 138 142 138 141 144 152 153 156 160 163 165 167 169 182 189 175 178 178 180 181 182 193 187 205 215 189 216 218 218 218 220 223 226 227 198 226 229 228 228 200 205 168 146 149 150 151 151 149 166 164 161 158 156 153 157 154 156 201 199 197 195 155 155 153 188 186 185 183 182 180 180 180 178 176 176 177 178 175 174 174
112 113 116 118 120 120 120 125 121 124 126 124 132 134 136 139 136 138 141 144 147 153 156 161 163 165 167 187 188 195 175 176 203 202 205 191 187 199 210 212 217 218 217 218 220 221 221 222 227 225 226 231 231 228 213 160 156 155 152 151 153 155 158 167 167 167 169 166 164 161 160 164 163 159 156 156 157 157 155 189 187 187 185 184 182 181 182 181 179 179 178 179 180 176 175
113 114 115 114 119 120 120 120 121 125 125 125 132 134 136 139 143 144 145 143 148 154 152 161 164 165 167 169 190 193 174 194 192 200 196 183 194 206 207 209 211 210 217 222 226 193 225 221 224 223 225 224 219 211 198 177 160 156 151 150 152 157 161 166 167 167 167 168 167 165 166 167 168 168 164 161 163 193 192 160 188 188 186 184 183 182 181 182 181 181 180 179 180 179 185
112 113 117 118 120 121 121 122 121 122 125 125 133 134 137 140 142 144 145 145 149 154 156 161 157 165 166 168 169 171 186 189 177 198 186 187 202 208 184 202 187 213 222 191 191 192 193 221 218 217 218 214 209 203 195 190 177 168 162 156 158 163 165 167 167 167 168 167 166 165 165 164 163 165 166 166 169 171 193 191 189 189 187 185 184 182 182 182 181 182 182 180 186 182 182
116 117 119 120 116 123 118 117 123 124 126 126 127 129 131 140 142 144 145 146 151 156 159 154 156 164 165 167 169 171 178 175 198 193 183 194 205 182 196 200 186 217 188 221 219 215 212 218 217 215 214 208 205 199 191 189 189 185 176 166 164 169 171 168 165 167 169 168 166 164 163 162 162 165 167 167 168 194 192 191 189 189 188 187 186 184 183 183 182 182 183 182 181 188 188
118 119 121 122 121 124 127 124 125 118 126 127 128 130 132 134 144 139 145 147 147 156 159 154 162 162 165 167 169 169 170 174 176 177 193 204 180 197 193 204 186 186 214 212 210 209 210 213 216 214 212 205 198 194 189 186 189 188 185 175 167 168 173 170 166 165 165 166 165 165 165 164 166 167 169 169 195 194 193 191 190 189 188 187 186 186 185 185 184 185 183 182 190 189 189
121 121 122 123 123 124 125 125 130 127 127 127 129 131 133 143 144 142 147 149 147 158 159 153 159 160 165 167 168 167 169 174 176 177 179 201 191 190 196 207 185 185 216 215 210 206 205 212 213 208 205 196 190 191 190 186 186 185 185 179 171 171 175 173 171 168 165 164 166 169 169 166 166 167 168 169 195 194 193 192 191 190 188 188 187 187 186 185 192 189 188 185 184 191 191
123 124 124 130 126 126 121 128 132 128 129 122 125 133 135 144 144 144 149 150 151 158 159 160 156 160 166 166 166 166 170 175 176 177 176 193 178 191 204 183 184 185 210 208 203 198 200 208 203 201 203 192 188 190 189 198 183 182 200 179 202 174 202 178 176 174 171 166 165 168 173 167 166 165 197 196 195 194 193 192 191 191 190 189 188 187 194 187 193 190 191 193 193 193 192
125 126 127 127 127 127 129 129 130 130 130 136 130 129 136 137 138 147 143 151 154 157 159 159 158 162 164 165 166 167 171 174 169 174 176 188 188 181 182 212 183 209 206 202 198 198 202 202 199 199 199 192 195 196 197 197 198 199 199 200 177 201 178 202 177 176 175 171 165 164 171 173 170 167 198 196 195 195 194 193 192 191 191 190 189 189 195 190 195 194 194 194 194 194 194
127 128 129 130 136 126 128 131 131 131 131 129 131 133 136 138 139 141 143 152 155 149 159 160 161 162 162 165 167 166 168 171 168 170 175 176 179 180 181 182 183 203 203 201 201 204 204 199 199 200 198 194 195 196 196 197 198 199 199 200 201 179 178 179 202 179 173 174 168 164 168 175 176 174 170 197 196 194 194 194 193 192 191 191 191 197 196 196 196 196 195 195 195 195 196
129 129 137 142 138 134 133 132 132 132 132 131 133 135 136 139 141 142 143 153 148 149 159 161 161 160 162 165 167 162 167 166 167 174 174 176 178 180 181 181 200 198 203 205 208 208 202 198 199 201 198 196 193 195 196 197 197 198 199 199 200 184 180 182 184 185 176 176 174 165 166 171 173 171 198 197 196 195 194 194 193 192 192 191 192 198 197 197 197 197 196 197 197 197 197
131 139 133 134 142 136 138 133 133 133 135 133 134 136 138 140 142 143 143 146 148 158 159 160 157 157 163 167 167 162 164 165 166 168 173 177 178 179 180 201 181 199 206 207 209 206 198 196 198 201 200 198 193 194 195 196 197 198 199 199 200 201 179 182 186 187 202 181 181 171 166 165 199 198 198 197 196 195 194 194 193 193 193 193 192 192 198 198 198 198 197 198 198 198 198
133 142 139 136 143 134 141 146 134 134 136 135 135 142 135 140 143 144 144 153 148 158 159 158 156 156 164 166 166 162 163 170 171 171 173 176 177 178 179 179 181 200 203 204 206 185 186 196 200 204 204 198 193 194 195 196 197 198 175 199 199 200 180 182 201 201 202 183 181 176 172 170 171 198 198 197 196 195 195 195 194 194 194 194 194 195 194 199 199 199 199 199 199 199 199
134 134 145 143 137 137 137 137 135 135 137 137 137 137 138 140 144 145 145 146 148 149 159 158 157 158 165 166 165 161 162 167 169 171 174 176 177 178 179 180 181 201 203 203 184 195 186 198 202 203 201 191 192 193 194 195 196 197 198 198 199 200 200 200 200 201 202 203 177 175 175 177 199 198 198 198 197 196 195 195 194 195 196 196 200 200 200 200 200 200 200 200 200 200 200
136 136 138 148 144 139 139 139 138 139 138 138 139 139 146 141 144 145 145 147 148 158 159 152 159 161 165 165 162 160 162 163 169 172 175 175 177 178 179 180 181 182 204 182 184 185 186 198 199 197 189 190 192 193 194 195 196 197 198 198 199 173 170 170 172 200 201 201 167 165 170 198 198 199 199 198 197 196 196 195 195 196 201 201 201 201 201 201 202 202 201 201 201 201 202
