examples/cougarCreek/createInputs/farsite/cougarCreek_polygonIgnit/cougarCreek_08-11-2015_1400_217m_non_neutral_stability_vel.asc
ncols	146
nrows	140
xllcorner	610065.000000
yllcorner	5095217.000000
cellsize	216.586807
NODATA_value	-9999.000000
[rows 35 to 69 of 140, columns 0 to 77 of 146]
9.65 11.47 13.77 17.90 11.95 15.43 26.06 25.12 24.68 25.73 23.36 22.00 21.31 22.45 27.27 19.37 17.14 14.98 14.50 25.48 32.50 34.29 34.47 36.83 39.81 36.86 34.77 38.04 44.94 53.30 50.29 41.51 36.95 36.99 34.68 31.26 28.89 24.27 20.79 20.68 19.35 18.58 15.16 15.79 16.33 15.62 18.70 15.20 9.95 11.12 12.49 13.72 15.50 16.38 15.73 19.32 22.46 20.87 18.85 16.70 15.34 15.43 14.93 14.48 14.23 12.16 11.39 8.98 7.51 6.12 5.31 6.30 6.06 5.68 2.62 2.09 1.65 1.08
9.48 12.83 16.36 20.32 14.10 15.47 16.05 26.19 24.22 23.51 22.82 21.57 21.42 22.23 27.29 30.37 29.45 32.16 32.20 32.02 30.29 31.84 31.17 37.50 38.05 33.35 32.15 38.70 46.36 54.95 47.59 36.17 36.44 33.23 33.41 31.47 28.38 25.31 22.20 20.89 21.06 20.31 14.89 14.83 14.95 14.41 12.96 11.59 14.98 13.99 12.94 12.94 13.90 14.06 13.93 16.58 20.24 19.14 17.15 15.67 15.03 14.89 14.54 12.21 14.88 12.66 11.77 10.32 8.43 7.02 6.88 6.89 6.35 3.40 2.94 2.49 2.04 1.63
9.46 13.29 17.32 22.41 27.11 25.16 25.69 21.86 21.85 19.61 18.41 19.51 21.32 24.04 23.24 24.33 26.15 24.54 22.96 21.76 22.87 26.28 32.60 31.68 34.08 29.91 31.23 40.85 48.05 51.56 47.38 39.10 34.82 32.79 28.31 29.24 29.02 26.18 23.40 20.72 20.51 19.84 17.10 14.02 13.76 13.83 13.59 12.60 16.41 15.68 15.15 13.37 13.53 12.33 13.55 15.99 17.94 17.28 14.91 13.00 12.58 11.97 11.34 11.46 12.01 12.48 11.36 8.79 6.47 5.48 5.13 5.68 6.88 4.39 3.58 2.90 2.52 2.22
5.81 6.28 18.15 22.52 26.64 24.86 16.12 13.31 17.87 17.20 20.15 18.93 20.13 20.43 20.63 22.85 24.04 22.16 20.89 21.83 23.93 24.68 27.35 34.89 33.82 28.70 30.85 43.02 48.97 49.76 51.14 45.40 41.72 35.08 25.84 23.49 22.43 19.38 19.02 19.18 21.98 21.96 17.94 17.29 13.98 13.62 13.57 12.94 12.23 12.32 16.35 15.74 13.44 12.40 13.77 15.25 16.64 16.14 13.95 12.72 12.59 11.54 10.68 11.32 12.25 12.69 11.30 8.05 6.00 5.50 5.07 5.08 6.08 6.48 5.45 4.61 4.22 3.87
6.73 14.91 19.46 22.43 24.95 25.43 16.07 15.27 16.21 19.60 19.44 18.79 20.94 21.40 22.01 23.94 25.14 22.24 19.70 19.43 20.16 22.17 26.48 32.79 32.30 30.65 31.59 42.16 47.08 50.86 54.40 45.74 40.78 40.68 31.22 26.00 24.06 18.24 12.68 13.79 17.30 19.50 18.36 19.58 20.42 18.80 18.32 19.24 18.68 13.00 11.92 16.99 16.58 17.33 15.24 14.74 16.85 15.65 13.32 13.00 12.39 11.00 10.44 11.58 12.63 12.29 11.12 8.77 6.17 4.74 4.36 3.68 4.30 6.23 6.78 6.25 6.59 7.53
6.77 14.61 18.02 20.57 18.03 18.75 15.18 16.52 17.15 17.92 20.45 21.38 24.14 24.50 22.81 23.96 23.80 19.95 16.93 18.03 20.60 23.96 29.32 31.13 26.72 27.02 27.78 38.80 43.54 51.56 59.42 46.95 38.14 40.42 34.45 31.04 29.14 24.05 16.94 12.35 16.62 16.87 16.03 16.37 17.21 15.46 15.42 15.99 16.08 16.68 16.13 15.99 13.96 13.79 14.17 14.82 15.15 13.69 13.21 13.43 14.13 10.82 10.72 11.50 12.04 11.90 11.23 9.72 7.04 4.22 2.99 2.16 2.15 2.81 2.96 2.69 3.64 6.30
8.46 9.61 14.62 18.73 17.96 18.59 14.27 17.67 17.33 20.22 22.00 22.48 23.26 21.69 20.68 21.30 19.87 17.10 16.03 20.55 23.84 28.36 31.17 25.17 21.57 24.90 27.11 35.84 40.51 51.85 59.98 48.47 39.05 40.61 34.63 28.91 28.13 24.31 19.59 18.71 15.59 21.66 21.85 20.77 18.61 13.53 13.55 13.26 12.48 13.00 13.12 12.18 12.94 14.83 15.82 16.03 15.84 14.79 14.12 14.93 12.45 11.28 11.33 11.62 11.83 11.64 11.35 10.31 8.01 4.88 2.91 2.18 1.67 1.24 0.63 0.77 1.09 1.23
10.24 14.52 16.92 20.82 26.09 18.69 20.41 19.14 18.48 20.39 23.06 24.77 23.02 19.95 17.67 17.02 16.74 17.83 20.29 22.49 26.86 30.32 26.23 18.49 19.68 25.62 28.68 39.03 38.58 50.55 58.75 54.71 43.92 37.06 34.81 31.44 28.85 25.52 22.00 18.82 20.43 21.45 21.99 21.22 20.09 19.74 18.03 13.43 12.23 12.31 13.42 11.62 12.34 14.48 15.26 15.03 14.42 13.54 13.54 13.97 12.97 11.91 11.87 11.99 11.91 11.69 11.38 10.52 8.74 6.19 4.07 2.87 2.11 1.44 0.74 0.73 2.12 3.00
9.84 11.30 20.25 12.30 19.14 17.15 22.89 19.34 19.46 24.69 25.70 20.71 14.85 13.19 12.58 14.32 15.71 17.62 19.16 23.80 28.07 25.36 19.62 17.52 18.40 23.21 34.75 31.12 35.70 48.20 55.76 53.71 49.06 43.92 36.28 34.18 30.93 27.39 23.91 20.22 19.39 21.23 22.85 21.43 15.53 14.89 14.08 13.14 16.03 12.92 12.74 12.09 12.54 14.37 15.25 15.01 14.29 13.54 15.80 14.30 13.41 12.23 12.05 12.17 12.03 11.87 11.37 10.70 9.54 7.58 5.70 3.86 2.39 2.16 1.86 1.19 1.52 2.95
11.07 11.52 12.94 26.16 23.22 19.85 23.25 19.97 21.70 22.91 17.85 10.55 9.12 13.56 13.70 16.60 13.87 15.29 19.04 23.29 26.66 22.37 18.83 16.01 17.56 26.40 31.43 27.34 33.53 46.77 52.45 50.00 49.17 47.11 40.92 38.87 32.76 27.96 24.81 22.14 18.45 19.08 16.47 17.01 16.86 15.62 18.27 16.62 11.44 11.62 12.89 13.06 13.32 14.44 15.46 15.02 14.07 13.55 14.34 14.81 13.66 12.49 12.39 12.44 12.55 12.90 12.82 12.58 12.43 11.26 9.38 7.99 6.62 5.38 4.39 0.62 1.66 2.25
22.19 25.80 24.70 23.18 21.41 22.79 19.65 21.15 21.53 14.16 11.91 7.59 13.00 16.16 16.26 16.81 14.91 17.08 21.02 25.18 26.46 22.86 18.45 14.87 18.14 23.74 27.34 28.26 34.15 45.80 49.26 45.68 45.98 47.02 44.40 41.24 36.53 30.57 27.33 24.37 22.38 17.26 17.65 18.45 18.14 19.31 19.26 11.35 9.13 10.81 13.11 16.16 14.63 14.79 15.75 15.22 13.79 13.53 14.84 15.46 14.05 12.83 13.34 14.09 14.70 16.61 13.92 13.37 13.37 13.21 11.76 9.96 6.59 5.70 4.93 3.56 2.46 2.80
18.68 20.82 20.19 18.69 19.93 22.42 17.57 15.92 13.41 10.36 9.68 10.71 13.92 14.74 16.12 16.57 16.32 20.26 23.53 26.64 25.98 21.50 15.56 12.13 15.92 19.91 22.70 27.00 31.82 43.98 45.30 43.16 44.19 45.32 46.94 43.36 35.90 31.59 29.54 26.60 21.03 20.49 21.55 24.31 24.68 21.25 17.53 10.04 9.24 9.68 12.34 15.50 16.38 15.40 16.26 16.19 14.16 13.81 15.46 17.01 15.92 14.30 14.71 16.34 17.04 17.71 16.89 13.80 13.23 14.16 13.40 12.19 9.58 7.11 7.52 6.24 4.35 3.04
23.86 23.01 19.01 21.78 21.54 20.31 13.55 12.94 12.99 10.60 12.19 12.70 14.53 15.48 17.74 19.04 7.07 9.82 25.14 26.08 23.84 16.98 12.88 13.41 15.55 17.06 20.76 19.83 31.34 40.62 42.41 41.98 43.59 44.77 48.37 45.85 33.90 29.82 28.66 26.42 25.83 25.25 25.37 28.74 24.56 18.83 13.36 9.35 8.22 9.46 11.30 16.66 19.25 18.08 18.89 19.38 16.84 15.76 18.05 20.10 18.67 17.15 16.27 16.54 17.12 17.93 17.46 16.32 14.83 13.99 13.88 13.55 12.19 11.00 8.41 7.06 6.20 5.09
25.85 24.14 20.52 19.11 14.52 12.99 11.57 14.32 15.59 14.00 14.90 13.40 13.79 16.53 16.83 9.49 11.34 13.59 25.56 25.16 22.57 15.44 13.40 15.77 15.38 16.24 19.69 20.19 28.66 37.23 40.18 39.69 42.86 45.48 51.17 46.91 31.91 27.08 27.26 22.82 24.48 22.63 22.18 27.07 25.58 21.05 14.50 15.86 9.21 9.01 12.98 17.37 24.57 26.75 26.31 27.11 25.47 21.94 17.90 16.77 16.28 16.14 15.36 14.69 15.85 16.61 16.17 15.49 14.91 15.03 14.77 13.26 12.94 12.59 10.40 9.44 8.43 6.44
26.22 25.01 22.03 17.85 11.32 13.31 17.17 18.73 16.62 15.38 14.86 14.69 15.76 16.63 13.26 20.65 19.52 20.40 18.54 22.00 21.33 16.32 15.01 14.74 13.64 11.45 14.56 19.38 26.17 35.27 37.81 36.37 41.42 46.00 52.36 48.53 32.05 27.29 27.88 24.48 25.93 26.74 22.22 22.12 24.61 20.89 22.92 15.83 14.19 14.06 15.45 19.48 21.13 27.06 31.46 31.97 30.09 25.46 18.59 17.17 13.97 11.73 12.05 14.63 18.70 19.14 18.20 17.23 16.24 13.99 13.70 13.49 13.48 13.09 11.30 10.52 11.04 9.18
27.90 25.57 20.28 14.41 19.54 19.52 19.27 20.12 18.07 15.81 18.26 19.27 19.65 22.15 20.11 15.94 16.18 15.81 16.95 20.88 20.51 16.77 14.41 11.74 12.40 14.88 17.88 17.94 25.82 33.61 34.77 33.98 40.12 45.76 51.06 50.14 33.93 29.01 29.95 27.03 29.23 29.25 24.58 17.25 18.44 19.30 16.96 16.33 17.26 17.44 17.68 18.17 19.15 23.13 27.24 31.17 27.76 25.14 21.27 17.62 15.19 10.41 9.40 12.34 17.29 20.48 19.03 16.55 15.13 13.97 14.01 14.14 14.43 13.96 13.37 11.27 10.78 10.48
29.18 25.08 16.14 18.77 21.89 21.11 19.68 20.87 19.90 19.78 19.77 14.60 22.70 22.12 15.95 13.73 14.00 14.85 17.05 21.12 19.93 18.56 16.00 12.56 14.26 13.40 14.17 19.43 27.57 32.54 30.42 32.42 39.35 45.31 49.77 47.60 34.84 31.11 31.73 30.21 31.73 32.46 26.34 16.49 14.44 14.36 9.71 6.96 9.45 11.72 14.15 16.60 17.92 20.67 27.58 35.18 28.40 26.63 23.89 22.90 16.57 11.68 6.68 8.06 12.99 15.39 16.92 18.53 17.03 12.65 11.46 13.50 13.50 12.85 11.90 11.22 10.78 9.92
28.03 23.89 17.00 20.54 20.58 20.71 21.20 21.52 21.00 23.00 24.04 19.71 13.13 12.12 10.71 11.82 14.22 16.08 17.48 19.95 20.01 19.35 17.22 7.45 14.79 11.37 15.75 21.03 25.26 29.70 27.24 29.68 38.51 46.12 50.28 42.99 34.51 33.37 33.30 33.72 35.30 33.67 29.07 18.58 17.85 12.46 7.21 4.16 3.36 4.53 6.51 9.82 13.67 16.70 24.28 32.86 31.20 27.11 29.81 25.81 19.29 17.22 8.53 6.93 9.92 11.20 12.56 14.73 14.19 11.19 9.78 10.13 10.34 11.30 10.74 10.18 9.75 9.39
26.30 21.91 22.32 23.02 22.28 19.88 18.67 18.70 21.99 25.14 20.67 16.03 6.75 8.44 12.08 14.45 14.65 16.50 17.27 19.90 18.90 18.81 15.00 11.91 12.25 13.80 17.41 21.43 26.35 27.89 23.27 24.13 36.89 47.54 47.71 40.06 35.27 36.28 37.30 37.74 37.69 36.58 32.61 21.53 16.54 12.87 8.85 5.35 3.73 4.20 5.09 6.60 7.36 12.97 16.54 29.73 34.38 29.49 25.78 25.26 22.73 18.14 13.47 10.01 9.69 9.10 9.64 12.51 13.25 11.41 8.88 7.54 8.15 9.09 9.40 9.24 9.77 8.72
25.65 21.55 23.56 22.51 18.90 13.83 17.93 20.43 23.52 25.78 15.51 9.27 10.09 14.31 14.19 15.53 15.26 17.11 18.00 20.24 18.90 18.43 17.31 15.29 13.42 16.91 19.23 18.44 28.32 27.85 21.96 20.23 34.14 47.29 47.25 34.21 32.09 36.97 39.65 39.61 37.43 39.94 38.28 26.38 18.52 14.26 10.86 8.01 5.70 4.14 3.29 2.76 3.83 6.75 12.83 23.56 29.23 26.44 24.15 24.81 23.31 19.65 16.71 13.88 11.70 9.48 8.40 10.19 11.92 11.62 10.04 8.15 7.58 8.19 9.00 9.33 9.30 8.94
24.14 18.93 19.94 19.95 13.08 14.08 19.65 23.48 19.15 16.98 10.09 4.36 15.12 15.74 14.88 15.05 15.04 16.40 17.06 16.37 16.05 16.03 15.61 14.70 15.00 16.09 15.75 22.78 25.66 27.24 21.69 19.89 32.02 44.92 46.16 32.19 28.22 34.54 36.94 37.24 35.84 37.75 42.26 37.44 25.64 18.23 13.32 10.46 8.21 6.31 5.33 4.18 6.96 6.03 11.80 19.04 22.95 23.28 22.33 22.49 22.63 20.28 18.05 16.40 14.48 11.87 9.54 9.69 10.99 11.42 11.25 10.18 8.97 8.51 8.43 8.44 8.27 7.92
22.27 15.79 14.85 16.94 14.37 19.82 24.86 24.14 13.48 11.16 6.13 17.78 7.44 17.52 16.61 18.86 16.78 18.87 17.14 13.57 12.78 13.66 15.50 14.46 13.98 15.63 19.83 22.72 26.63 24.29 23.69 19.32 30.86 43.35 45.89 31.17 26.32 33.23 35.19 34.01 33.97 34.38 39.35 42.36 37.10 26.83 19.00 14.10 10.03 7.40 6.84 6.84 6.19 9.65 12.23 16.00 18.56 20.96 20.69 20.29 21.38 20.47 19.08 17.99 17.04 15.42 12.74 11.51 11.70 11.88 12.06 11.84 10.63 9.42 8.56 8.11 7.94 8.18
21.54 13.41 13.04 15.05 18.50 21.90 20.59 19.56 16.83 19.27 21.65 22.18 19.47 20.04 19.73 20.52 22.47 25.80 14.14 8.93 11.52 12.84 14.73 11.55 15.25 14.93 18.48 15.46 25.56 24.02 23.06 18.70 28.60 42.20 46.88 30.12 26.22 33.19 34.84 31.69 33.26 32.66 34.72 38.31 40.64 32.65 27.30 23.11 15.55 10.21 7.85 7.47 8.55 9.86 12.43 14.66 17.28 20.41 20.50 19.90 20.67 20.21 19.13 18.18 17.29 16.52 15.34 14.21 13.59 13.03 12.53 12.25 11.48 10.49 9.92 9.81 9.93 10.31
19.19 12.69 14.27 8.60 7.16 14.52 22.25 13.77 14.31 26.66 21.95 22.04 20.61 22.38 20.86 12.73 13.94 20.96 18.26 5.11 11.76 12.66 10.47 13.52 13.87 15.64 18.87 25.83 23.88 23.46 16.80 19.30 25.63 39.09 47.05 35.83 26.59 32.10 34.16 31.04 33.66 33.55 32.16 33.46 36.46 38.29 32.85 31.15 27.27 20.58 13.20 9.01 10.33 11.46 13.56 14.82 17.15 20.02 20.72 20.40 20.88 20.73 19.51 18.31 17.16 16.25 15.27 14.54 13.97 13.22 12.54 12.18 11.88 11.70 11.73 11.96 14.15 14.25
15.83 9.83 7.79 4.72 11.77 22.61 12.95 11.61 23.18 24.52 24.26 25.82 23.09 7.06 7.04 12.20 22.39 24.59 16.00 7.73 9.12 8.30 8.25 11.45 11.20 14.65 11.02 23.44 24.29 22.80 16.36 19.86 24.10 34.32 41.97 38.89 30.29 29.91 31.21 30.24 31.95 32.18 31.04 30.39 30.67 31.22 31.72 32.00 34.34 29.50 24.75 16.71 12.94 13.70 15.29 16.19 17.91 19.72 20.11 20.04 20.67 21.40 21.13 20.00 18.70 17.66 18.42 14.89 14.01 13.19 12.75 12.82 12.77 12.95 14.77 15.13 14.30 14.18
13.18 7.62 13.12 17.48 22.05 13.81 7.13 18.12 21.56 16.61 17.97 16.29 11.60 6.93 10.21 21.38 27.74 23.37 13.54 6.47 7.89 8.00 9.56 10.92 11.95 15.20 19.94 21.70 22.90 14.75 16.51 19.23 23.90 31.27 37.56 38.37 33.22 28.17 29.24 29.80 30.06 30.65 30.10 29.25 27.76 27.40 27.43 27.41 28.00 29.15 27.29 27.77 21.30 18.87 19.76 20.88 22.01 22.84 22.27 21.75 21.68 22.31 22.56 23.20 22.09 19.27 18.24 16.98 15.82 14.83 14.37 14.62 16.62 15.96 15.72 15.56 14.61 15.35
12.63 11.84 13.98 15.08 15.72 8.84 6.09 18.47 12.79 12.96 12.83 13.14 11.05 12.16 16.86 25.68 27.41 19.91 11.95 6.15 6.59 7.90 10.05 7.48 11.32 15.93 19.78 20.87 13.97 15.37 16.26 17.93 23.26 30.21 33.90 35.11 32.71 28.08 27.95 29.55 29.53 29.73 29.49 29.27 28.31 26.56 26.18 25.22 25.11 26.33 25.06 22.74 20.95 20.36 21.60 24.02 26.86 28.97 29.29 28.52 27.70 26.84 26.62 25.42 21.12 19.81 19.40 19.17 18.66 17.85 18.41 18.18 18.09 17.40 16.02 16.81 15.84 14.63
11.99 16.33 15.58 13.89 14.30 15.85 17.53 11.52 8.25 8.89 10.04 13.80 15.71 15.86 20.41 26.04 25.26 18.15 11.05 7.24 7.51 6.15 9.16 8.74 11.19 15.26 18.55 11.83 12.60 14.79 23.61 17.20 22.26 29.51 32.01 30.91 30.60 28.11 26.68 28.28 29.36 29.22 27.62 27.76 28.27 26.49 26.26 25.55 25.46 25.76 24.01 21.62 19.16 17.80 18.42 20.92 24.20 27.11 28.93 31.19 30.34 30.22 29.88 28.90 26.99 24.29 21.85 22.38 22.64 22.35 22.64 20.74 19.94 17.92 18.51 16.89 15.32 14.51
12.21 11.01 9.99 13.35 16.27 13.71 4.84 8.30 5.58 7.37 11.37 15.23 17.02 17.76 22.06 26.71 23.24 16.53 9.65 9.56 9.66 9.85 11.11 12.00 11.17 14.92 9.97 13.13 15.09 15.78 16.07 16.65 22.10 27.90 29.71 27.70 27.92 27.15 25.77 27.05 29.48 29.76 26.95 25.96 27.02 26.16 25.02 24.79 25.74 26.15 24.20 21.72 18.64 15.91 15.21 17.18 20.83 24.29 25.71 25.87 27.37 29.11 33.19 33.60 32.71 28.47 25.96 23.32 21.76 24.91 24.11 22.29 21.31 20.59 19.21 17.42 15.67 14.41
7.92 3.75 3.70 5.72 4.89 4.63 6.89 3.78 9.58 13.52 14.01 14.99 16.92 19.26 22.66 23.44 21.79 13.97 9.18 11.55 11.54 14.90 13.06 12.46 11.30 14.20 16.91 10.68 13.60 16.04 16.38 17.31 21.56 25.52 26.67 25.10 25.07 25.49 24.72 26.08 28.55 30.38 29.31 25.06 25.41 25.69 24.21 24.08 24.80 25.96 25.73 22.05 18.81 16.06 14.15 15.04 18.65 22.47 24.86 24.92 25.35 26.62 28.51 28.81 28.65 28.54 26.13 23.40 23.66 22.07 23.69 20.88 18.84 18.02 18.19 18.19 16.13 15.27
5.70 8.21 2.78 2.82 3.54 5.53 9.80 14.79 17.43 17.98 16.59 16.27 17.22 20.13 21.15 22.54 20.44 12.55 8.44 5.17 0.75 12.15 12.80 14.35 12.43 13.81 9.54 10.68 16.49 14.46 16.48 18.07 20.29 23.27 24.56 22.87 23.22 23.82 23.47 25.46 27.60 30.18 30.29 25.66 24.69 24.69 23.76 23.28 22.81 24.48 26.50 23.74 20.22 17.40 14.47 13.60 16.13 20.41 23.70 24.50 24.42 24.85 26.14 26.70 27.52 27.27 26.74 25.75 23.14 21.98 23.77 22.25 19.41 17.94 18.53 19.97 19.86 18.00
5.86 4.23 3.58 3.48 9.37 16.97 21.50 21.99 20.22 17.75 16.48 16.00 15.74 18.59 21.31 22.95 17.60 11.63 7.87 4.45 14.94 9.18 12.55 16.41 12.86 4.53 4.87 10.68 13.33 14.90 17.51 18.75 19.17 20.90 22.21 20.99 21.77 22.46 21.65 23.59 26.01 29.39 30.96 28.26 24.55 23.71 23.00 22.78 21.30 22.54 24.85 23.99 21.28 18.57 15.39 13.56 14.53 18.72 23.01 24.33 25.77 24.35 24.21 24.75 25.75 26.26 25.32 25.48 26.65 26.21 25.31 22.75 21.81 19.55 18.74 21.14 20.76 20.44
7.62 5.19 5.44 7.66 16.44 22.15 20.88 18.37 15.18 12.56 12.09 12.09 12.77 17.42 20.76 21.61 16.08 9.52 7.65 3.91 12.94 2.09 6.00 16.39 13.26 12.19 4.99 11.02 13.42 14.93 17.70 19.23 18.56 18.72 19.92 19.44 20.58 21.16 20.26 21.95 24.15 28.18 31.83 28.00 25.22 24.86 23.86 23.68 22.86 20.42 22.79 22.57 21.09 19.23 14.23 13.17 13.30 16.94 22.50 28.38 24.75 24.91 24.58 24.56 24.13 24.84 23.76 24.56 26.67 27.38 27.43 25.00 22.67 20.36 17.97 17.44 19.42 18.82
8.55 7.15 8.06 12.41 19.26 18.44 10.78 7.51 6.62 6.64 8.56 9.92 11.63 16.01 21.50 21.79 14.59 7.76 7.55 3.66 0.89 0.61 14.85 13.55 12.92 1.07 5.68 11.97 13.90 14.20 17.06 19.30 18.46 17.56 18.17 18.31 19.36 19.83 19.17 20.18 22.58 26.28 30.76 28.88 26.67 24.56 23.61 23.57 22.78 21.39 22.95 22.02 20.95 19.97 16.56 12.17 10.97 13.95 20.19 24.90 26.95 24.87 24.18 23.72 23.86 23.83 21.72 21.58 24.44 26.36 28.84 27.46 24.24 22.54 20.91 16.84 16.51 16.98
7.11 6.46 8.82 14.84 18.21 13.68 6.77 4.46 4.44 5.75 7.84 10.77 11.62 15.83 21.76 21.56 12.66 6.40 7.81 5.50 13.09 11.75 12.30 12.76 12.38 1.45 7.36 13.12 13.86 13.14 15.96 18.84 18.40 17.23 16.79 17.16 18.59 18.52 18.15 18.49 19.92 23.99 29.20 31.02 27.94 25.22 24.30 24.24 23.20 22.83 22.54 21.73 21.18 20.87 18.89 13.28 8.15 8.96 14.97 22.96 28.61 24.42 23.36 24.39 24.11 24.77 22.81 19.72 21.22 24.92 26.67 26.56 26.37 24.17 23.86 21.07 18.63 18.40
