examples/cougarCreek/createInputs/farsite/cougarCreek_polygonIgnit/cougarCreek_08-10-2015_1600_217m_non_neutral_stability_ang.asc
ncols	146
nrows	140
xllcorner	610065.000000
yllcorner	5095217.000000
cellsize	216.586807
NODATA_value	-9999.000000
[rows 0 to 41 of 140, columns 0 to 93 of 146]
220 222 226 229 231 232 233 236 239 249 244 247 247 246 245 244 243 241 239 237 237 244 243 246 246 246 245 244 244 243 240 232 224 218 211 205 199 145 171 182 162 158 170 154 154 152 162 160 159 158 157 155 154 153 153 152 152 151 148 147 147 145 143 143 142 141 139 136 136 136 136 135 131 128 126 127 129 125 121 119 119 120 122 115 113 115 122 111 110 114 118 112 110 119
220 222 226 229 231 232 233 236 239 249 244 247 247 246 245 244 243 241 239 237 237 244 243 246 246 246 245 244 244 243 240 232 224 218 211 205 199 145 171 182 162 158 170 154 154 152 162 160 159 158 157 155 154 153 153 152 152 151 148 147 147 145 143 143 142 141 139 136 136 136 136 135 131 128 126 127 129 125 121 119 119 120 122 115 113 115 122 111 110 114 118 112 110 119
221 223 227 229 230 232 234 236 238 241 243 246 246 245 244 243 242 240 239 238 238 245 241 243 243 242 242 241 241 239 236 229 223 216 210 204 198 193 187 182 177 173 170 167 164 163 161 160 159 158 157 155 154 153 152 152 152 151 148 147 146 145 143 142 142 141 139 137 136 136 136 134 132 129 128 128 130 129 125 122 121 122 123 123 123 123 122 121 119 119 118 116 117 118
222 224 227 229 230 232 234 236 238 240 242 245 245 245 245 244 242 240 240 240 240 248 242 242 242 242 241 241 240 238 236 231 224 219 212 205 199 193 187 181 176 172 168 165 163 161 160 158 157 156 156 155 154 152 151 151 151 149 147 146 145 144 143 142 141 141 139 138 137 136 135 134 133 131 130 129 132 132 129 126 124 124 124 124 124 123 123 123 122 121 120 119 118 120
221 223 226 229 230 232 234 249 249 250 241 243 244 244 243 242 241 239 239 239 248 246 249 240 240 240 239 238 238 236 234 228 223 217 211 204 198 192 186 180 175 171 167 165 162 160 159 158 157 156 156 155 153 142 151 150 150 148 147 146 144 144 142 142 142 140 139 138 138 137 136 135 134 133 132 131 133 133 130 128 126 126 125 125 125 125 125 124 123 124 123 122 101 101
222 223 226 228 230 232 233 234 237 251 251 253 242 242 241 240 239 238 248 235 245 243 244 236 237 236 234 234 233 231 228 223 218 213 207 201 195 190 185 180 175 171 167 165 163 161 159 158 157 148 147 146 154 153 152 151 150 148 147 146 144 144 143 142 141 140 129 138 138 137 137 136 135 134 132 131 132 133 131 130 128 127 127 126 126 125 125 124 124 124 124 123 122 96
223 224 226 229 230 231 232 247 249 250 251 251 252 239 239 237 236 235 243 241 241 240 239 239 238 235 229 235 233 229 222 218 213 208 203 198 193 188 184 175 170 171 160 165 163 153 151 149 149 150 138 156 144 154 153 152 151 150 148 147 145 134 133 143 141 130 140 140 140 139 138 137 136 134 132 132 133 133 132 130 129 128 128 126 133 126 126 126 125 126 125 125 123 101
224 225 227 229 230 231 232 246 245 248 249 250 251 249 246 235 233 243 240 236 236 235 233 234 233 230 229 229 227 219 217 218 212 204 200 195 191 187 182 177 172 166 162 159 155 151 150 150 150 137 148 148 157 156 154 153 152 150 149 148 135 134 144 143 142 131 141 141 141 140 138 137 136 134 134 134 135 133 132 131 130 129 129 128 127 127 127 127 126 126 126 125 125 125
224 225 226 228 229 246 231 247 248 249 250 250 249 248 245 233 242 240 237 233 233 232 247 249 230 228 226 224 222 217 213 213 205 202 198 198 191 187 184 179 173 168 165 161 156 153 151 151 151 151 151 149 148 148 146 154 152 151 139 149 137 147 145 144 133 133 132 131 142 140 139 138 137 136 136 136 135 133 132 132 131 131 130 129 129 128 128 127 127 127 127 127 126 126
226 226 227 228 229 241 242 245 246 248 249 249 263 246 243 240 238 235 235 247 249 231 227 227 252 226 223 220 218 214 210 209 204 200 199 196 191 187 183 178 171 167 165 162 158 155 155 155 153 153 151 152 149 149 157 155 153 152 142 150 149 148 147 135 135 133 133 132 143 142 142 141 139 137 137 137 136 134 134 134 133 132 131 130 129 129 128 128 128 131 128 128 128 127
241 227 227 228 228 228 238 241 244 246 246 247 246 262 241 239 234 225 232 230 248 252 226 224 246 250 233 228 215 211 206 205 201 198 197 195 190 187 183 178 172 166 163 141 140 141 156 155 154 141 143 142 154 160 158 156 155 146 153 152 151 141 138 138 136 136 136 135 145 144 144 142 140 139 139 139 137 135 135 135 135 134 133 131 130 128 133 128 128 129 129 129 129 129
226 226 242 242 242 240 228 239 241 259 260 244 243 242 240 238 227 229 229 228 249 252 249 222 222 249 220 229 233 208 204 202 199 197 196 193 190 186 183 179 174 146 143 141 141 142 157 156 143 143 144 156 163 162 155 151 150 148 148 154 152 141 142 140 139 148 148 147 146 146 145 143 141 140 140 140 138 136 137 136 136 135 134 133 131 131 130 129 129 129 129 130 130 130
225 225 225 240 242 241 227 235 236 239 257 260 260 238 237 236 229 230 228 227 248 250 251 245 220 246 223 229 226 190 202 200 198 196 194 192 188 186 184 182 165 145 143 141 141 144 159 144 144 157 157 158 163 162 154 152 152 150 150 150 145 147 145 152 151 150 149 148 147 147 146 144 143 142 142 140 139 138 138 138 137 136 135 134 133 132 131 130 130 130 130 130 131 132
224 225 226 227 227 239 228 228 233 234 236 254 255 255 233 233 230 229 228 251 250 250 254 248 242 245 229 226 210 177 176 198 209 207 208 205 194 191 197 191 160 145 142 141 143 161 160 145 146 160 161 160 159 158 153 152 151 150 149 148 148 148 154 153 152 151 150 149 148 148 147 145 144 144 143 141 139 139 139 138 138 137 136 135 134 133 131 131 130 130 130 129 131 134
223 225 226 227 227 228 229 229 229 233 233 234 232 247 249 250 248 247 248 249 251 250 250 247 241 244 232 224 202 175 172 198 214 209 208 206 195 192 198 196 147 146 144 144 148 149 146 145 146 149 163 161 159 157 154 153 141 150 149 148 155 155 154 153 143 141 141 141 150 149 139 147 146 145 144 142 140 139 139 139 139 138 137 136 135 133 132 131 131 127 131 126 130 141
223 225 227 227 227 228 239 240 238 234 233 234 249 243 240 246 244 240 240 240 242 241 239 236 242 242 232 218 197 173 184 212 210 206 207 203 200 198 193 183 147 147 146 146 147 146 144 146 147 151 164 160 148 148 156 154 142 151 139 147 146 145 144 143 144 143 142 153 151 151 151 149 147 145 143 142 141 140 140 139 139 138 138 136 136 134 132 132 131 130 125 124 128 132
221 223 226 226 226 226 226 236 238 235 231 232 254 253 239 233 236 242 237 235 237 235 230 211 230 239 227 208 179 171 196 210 202 199 200 198 200 197 186 165 151 147 145 144 144 143 145 146 148 153 162 146 147 146 145 154 155 141 148 147 146 146 146 145 145 143 154 144 152 153 153 150 147 145 144 143 142 141 141 141 140 139 138 137 136 134 133 132 132 131 129 127 127 129
220 222 224 224 224 223 230 232 234 252 227 227 246 253 238 227 227 232 233 232 238 236 238 213 225 232 222 195 177 182 198 200 197 196 188 194 198 194 181 157 149 146 145 145 143 143 145 146 150 150 146 150 149 145 142 154 153 141 149 147 147 147 146 145 144 153 154 147 147 155 155 152 149 147 145 144 143 142 142 142 142 141 140 139 137 135 133 123 121 132 131 129 129 130
220 221 222 223 222 221 221 229 250 253 225 224 238 240 242 241 235 234 235 230 235 236 235 226 221 219 207 183 180 184 188 186 186 189 184 196 196 190 175 158 150 146 145 144 145 145 145 147 150 148 150 149 147 159 142 142 154 151 139 149 149 137 147 145 152 144 147 150 154 156 156 153 151 149 147 146 145 144 143 143 143 142 142 141 139 136 135 124 121 133 132 116 118 132
220 219 219 220 219 217 225 226 247 249 221 240 237 237 241 241 239 236 238 231 234 234 229 224 222 211 190 177 179 181 176 174 158 182 184 194 191 189 173 157 150 146 145 146 147 146 147 147 150 152 151 147 152 147 144 148 146 152 140 141 149 137 146 144 144 153 154 154 155 157 156 154 152 151 148 148 147 146 144 144 144 144 144 143 140 138 137 122 120 134 133 121 118 122
218 216 216 226 225 223 222 222 222 245 219 240 251 232 226 232 231 230 231 227 230 229 224 223 225 214 184 180 176 174 168 161 178 180 181 190 183 181 171 149 146 147 149 149 149 148 149 149 168 152 151 148 149 146 148 160 157 142 141 142 140 139 149 147 154 155 155 156 157 158 157 155 153 152 150 149 149 147 146 146 146 145 145 144 142 139 138 137 136 135 118 118 120 133
214 213 212 221 220 219 218 218 219 243 235 235 244 242 217 202 222 223 227 225 228 225 220 218 218 214 195 186 173 163 163 151 177 177 176 183 175 178 158 144 147 156 150 150 149 147 148 149 151 152 149 150 142 145 160 148 142 142 143 145 141 141 141 157 149 148 147 147 157 158 157 155 154 153 151 151 150 148 147 147 147 147 146 145 143 140 139 138 137 136 119 120 119 118
210 210 209 209 216 215 215 216 216 237 233 229 240 227 225 198 215 199 221 227 226 224 215 211 210 210 192 184 165 152 154 167 176 155 172 171 178 178 149 142 155 157 156 149 149 149 150 151 151 155 156 159 153 161 157 142 142 141 143 146 143 143 152 149 148 148 148 157 158 158 157 156 156 154 153 152 151 150 149 148 148 147 147 146 144 141 140 139 138 121 122 124 125 127
206 206 206 206 206 206 213 213 232 234 232 226 231 229 229 221 220 217 218 224 220 216 216 212 203 217 185 180 159 151 155 147 174 174 170 171 171 166 147 140 144 154 154 148 148 149 150 151 155 155 162 170 160 159 151 144 145 144 145 145 145 155 154 160 150 150 151 151 159 159 158 158 157 156 154 153 152 151 151 151 150 149 149 148 145 143 141 140 123 132 135 136 132 135
203 203 203 204 205 205 210 210 209 231 233 227 224 230 225 219 214 213 213 215 217 214 216 229 192 213 184 173 170 168 156 145 166 174 161 168 163 154 140 142 145 145 145 167 148 149 151 153 154 156 168 168 156 152 147 146 146 147 147 146 145 156 148 147 155 154 153 152 161 152 161 161 159 157 156 155 153 152 152 152 151 151 150 149 146 143 142 140 138 137 137 132 130 136
198 199 201 202 203 202 206 207 205 226 229 224 218 222 223 217 211 211 213 211 213 220 225 234 206 168 121 151 186 168 140 164 165 139 166 159 150 141 136 147 154 144 144 144 146 167 151 172 154 159 170 163 149 149 144 145 145 163 147 146 146 157 146 146 155 156 155 154 154 155 155 163 161 159 157 156 155 154 153 152 152 151 151 150 147 144 142 139 127 131 139 135 131 135
195 196 198 200 206 205 203 202 217 220 226 220 217 211 213 212 208 209 212 210 211 224 234 230 206 165 106 139 183 143 136 142 129 133 146 148 141 136 138 141 141 140 141 143 144 147 149 151 156 162 170 157 149 149 144 142 144 146 147 147 147 157 157 147 147 148 156 156 155 155 155 163 161 160 158 157 156 155 155 153 152 152 152 151 148 146 144 140 117 122 134 136 135 134
194 194 196 197 203 203 203 201 213 215 221 220 216 205 205 209 207 208 211 208 210 227 242 174 211 169 126 140 162 122 133 140 133 137 141 143 138 137 141 142 143 144 143 145 148 151 153 156 157 166 171 155 148 154 145 145 146 147 147 148 148 148 148 151 153 153 153 158 156 155 155 163 162 160 159 158 157 156 155 155 153 153 153 152 149 148 146 142 117 117 119 119 120 121
194 193 194 194 195 201 201 200 198 213 217 214 213 204 199 203 204 207 211 207 214 241 256 170 214 156 133 121 137 125 136 141 138 140 137 134 138 141 141 142 145 146 146 147 150 169 171 175 160 176 170 155 150 156 143 147 149 148 147 150 151 150 150 150 151 152 153 159 158 158 157 165 163 161 160 159 157 157 156 155 154 153 153 152 150 149 147 143 115 113 141 140 116 118
194 193 192 192 192 198 198 215 215 210 211 209 208 200 197 198 201 206 212 211 231 259 192 174 130 102 109 130 121 130 139 143 140 141 139 136 140 141 140 142 144 146 156 167 169 169 172 158 177 173 169 160 153 148 146 149 148 147 146 147 148 148 149 150 150 157 157 157 157 158 157 166 164 162 161 160 159 158 157 156 155 154 154 153 151 149 147 143 142 115 117 118 123 124
195 192 191 191 190 195 194 194 211 209 207 210 204 200 201 194 193 202 210 218 248 245 202 188 142 121 123 129 124 132 138 137 140 141 141 143 143 137 138 148 155 156 165 167 169 170 157 172 175 172 170 167 151 147 149 146 143 143 144 146 148 150 152 152 151 158 158 157 158 158 158 167 166 164 163 162 161 160 159 158 156 155 155 154 152 150 148 145 143 123 124 124 123 121
196 192 190 189 189 194 192 191 206 208 203 206 206 207 212 179 176 196 200 218 253 220 210 203 162 147 142 138 134 133 133 135 141 142 143 148 141 137 142 153 154 155 165 166 167 170 171 165 174 175 174 170 151 149 148 147 146 146 147 148 149 151 152 152 152 152 160 160 160 161 160 159 159 157 164 163 162 161 161 159 158 156 157 157 155 153 150 147 144 125 123 122 123 121
195 192 189 189 189 194 190 187 201 205 206 204 208 206 210 203 179 184 158 181 208 235 228 205 172 154 146 142 144 136 135 136 142 146 145 146 145 141 146 142 153 155 164 163 164 166 167 164 171 176 177 174 165 160 159 152 150 151 151 151 151 152 153 154 154 168 155 168 157 158 168 155 158 166 164 162 161 155 156 160 159 158 158 157 156 155 152 148 157 126 121 121 124 125
191 190 193 189 193 190 188 186 201 204 204 202 203 205 213 161 132 120 180 203 210 204 202 194 178 158 149 146 146 139 136 140 147 148 148 149 148 149 151 151 150 155 163 161 150 155 155 159 164 168 172 177 177 164 163 158 156 155 154 165 155 155 155 171 169 153 169 153 154 159 156 155 166 165 164 164 163 162 155 160 158 158 156 155 155 155 153 149 158 142 123 123 127 128
185 187 190 192 190 187 186 201 201 200 196 199 203 207 218 226 141 113 94 104 147 180 176 184 177 167 160 154 149 137 140 144 147 149 147 146 146 147 146 147 147 146 147 147 146 149 151 154 157 157 158 165 174 176 175 171 164 159 157 156 157 160 168 154 153 152 160 161 162 170 167 166 155 155 156 156 155 163 162 160 159 158 156 154 154 154 152 150 159 154 126 123 127 126
184 184 188 188 190 187 183 181 196 195 192 191 197 204 216 200 205 203 192 178 163 169 163 168 167 173 169 165 155 133 139 143 146 149 146 144 143 142 141 140 147 147 147 160 159 157 142 144 151 150 149 153 161 171 176 179 173 168 163 160 160 157 157 156 155 163 163 173 172 171 169 158 156 155 155 155 165 163 162 161 159 158 156 155 156 155 152 150 161 159 130 125 127 126
183 182 185 190 187 202 199 178 194 192 192 191 190 196 203 205 191 184 176 168 151 161 161 156 159 168 177 178 162 143 143 147 146 150 150 146 146 145 144 143 142 140 159 160 161 160 155 153 143 149 150 151 151 160 171 178 175 174 172 169 166 164 162 161 157 157 165 165 165 159 164 161 159 157 167 165 164 163 162 161 159 158 155 154 156 156 153 151 163 161 138 126 126 126
182 181 181 185 183 181 178 194 175 189 190 191 188 190 192 191 184 179 174 168 161 154 153 156 151 165 165 164 171 159 148 145 151 154 156 156 154 157 157 158 157 157 159 164 161 160 158 155 137 143 148 150 149 155 162 168 173 176 176 177 175 174 173 172 171 170 170 171 173 175 173 165 157 172 170 168 166 164 163 161 160 158 156 154 154 155 155 152 164 162 136 124 122 123
182 179 178 181 181 178 185 175 188 187 189 188 188 186 186 184 180 177 174 169 161 154 148 146 156 142 163 156 167 165 150 138 138 149 157 161 164 166 167 166 161 157 161 164 166 164 165 163 159 155 141 146 148 151 153 160 166 170 171 172 172 172 171 170 169 168 169 172 175 175 173 172 173 172 166 160 169 167 164 162 161 159 158 155 153 153 153 152 164 165 146 122 120 123
176 175 175 180 179 177 183 174 188 189 188 187 183 186 184 181 178 176 173 169 164 162 148 142 157 156 163 160 168 172 149 140 143 138 143 148 148 153 160 171 173 165 166 164 159 158 158 154 150 160 160 140 140 138 147 155 156 160 164 163 164 167 168 166 165 167 168 170 171 169 167 168 169 171 171 173 172 170 168 165 162 160 158 156 154 154 153 151 151 165 163 129 121 124
169 170 173 178 178 175 181 173 172 188 187 185 184 186 182 178 176 175 173 169 166 162 145 150 158 158 163 159 174 154 144 144 145 142 137 133 131 133 139 155 167 170 165 164 164 165 165 163 161 157 155 153 161 165 163 162 162 164 164 161 152 162 163 164 165 167 167 166 165 163 161 162 162 163 163 163 166 168 173 168 166 162 159 157 155 154 152 150 150 151 164 150 129 127
165 166 171 177 176 182 173 172 170 186 185 183 181 182 180 177 175 174 177 172 161 149 149 148 159 158 159 156 160 165 152 143 139 135 137 138 134 134 131 129 156 148 146 147 151 163 163 164 165 166 165 165 168 167 164 163 162 163 165 162 167 165 164 164 164 164 163 161 160 159 158 157 157 157 156 155 155 157 162 167 177 166 163 160 158 155 151 149 149 150 149 158 138 131
