examples/cougarCreek/createInputs/farsite/cougarCreek_polygonIgnit/cougarCreek_08-11-2015_1400_217m_non_neutral_stability_vel.asc
ncols	146
nrows	140
xllcorner	610065.000000
yllcorner	5095217.000000
cellsize	216.586807
NODATA_value	-9999.000000
[rows 70 to 104 of 140, columns 0 to 77 of 146]
5.33 5.45 9.45 15.69 16.47 10.68 5.55 4.85 5.67 6.78 7.79 9.00 11.75 16.90 21.59 20.63 9.58 5.69 8.59 8.84 5.47 13.17 10.77 11.24 4.01 0.73 9.42 13.98 13.03 12.36 15.16 18.29 19.12 17.02 16.20 16.64 18.11 17.82 16.98 17.41 18.25 20.66 26.40 30.43 28.73 25.46 25.32 25.58 24.76 23.45 22.58 21.65 21.32 21.43 21.04 17.19 9.23 5.79 8.96 18.36 25.64 26.91 25.20 23.37 22.90 25.91 24.11 20.08 18.91 21.09 23.12 25.42 24.56 23.62 23.21 22.12 21.10 19.75
6.79 6.42 10.91 15.98 14.47 8.15 4.77 5.19 6.62 7.19 7.67 8.92 11.01 16.16 22.34 19.06 6.42 4.93 9.62 11.31 7.74 13.42 4.47 7.98 3.49 2.18 10.68 13.75 12.22 12.10 14.99 17.96 17.32 15.96 15.99 16.94 17.79 16.90 15.58 16.46 17.92 18.35 22.12 28.03 29.68 25.68 24.02 24.48 24.78 24.69 23.33 22.10 21.83 21.70 22.25 20.45 14.30 6.58 5.59 10.72 21.29 26.00 28.06 26.47 24.82 23.75 22.05 23.69 19.78 19.00 21.11 23.24 24.62 23.86 23.19 22.26 21.41 20.84
7.35 8.36 12.86 14.72 11.16 6.19 4.60 5.71 7.14 7.23 7.60 8.49 9.79 15.88 24.87 17.42 5.52 4.36 10.01 12.45 7.60 8.02 2.73 3.84 2.26 5.36 10.93 12.12 11.93 12.54 15.08 17.79 16.52 14.81 15.90 17.59 17.88 15.85 14.00 15.47 17.78 17.31 18.35 24.69 31.15 26.33 23.58 25.75 25.11 24.64 23.89 22.45 21.94 21.54 22.59 21.80 18.44 10.72 5.15 5.30 13.31 22.63 26.06 28.30 28.23 26.02 29.10 22.82 21.16 21.64 20.76 22.13 24.72 25.53 24.46 22.82 21.53 20.86
7.63 10.23 13.28 11.86 7.72 5.14 5.09 6.13 7.08 7.13 7.75 8.42 9.41 16.02 23.09 16.97 5.92 4.73 10.63 12.68 7.13 1.65 1.08 2.95 2.52 7.41 10.45 9.96 11.47 13.39 15.15 16.77 15.33 14.34 15.85 17.97 18.14 16.38 12.99 14.66 17.34 17.26 16.32 20.14 26.77 27.42 25.13 23.28 24.22 25.15 25.33 23.17 23.01 22.73 23.54 23.33 21.43 15.98 8.53 5.60 7.92 16.80 23.55 25.53 26.26 26.33 25.74 26.44 26.24 25.18 25.01 25.06 25.26 25.82 24.99 22.97 21.68 21.32
9.20 10.50 11.14 8.63 5.13 4.29 5.47 6.29 6.59 6.75 7.66 8.58 10.00 16.31 22.77 16.22 5.29 5.12 11.41 12.49 12.50 2.28 0.88 2.45 3.99 7.84 9.38 8.95 10.82 13.27 14.63 14.72 14.16 14.79 16.02 17.61 17.49 15.61 12.83 14.05 16.98 17.51 15.23 16.52 23.02 26.92 24.78 22.38 22.75 24.02 24.89 24.76 23.62 22.58 23.80 24.99 23.62 20.32 13.87 8.25 6.57 11.54 19.64 22.82 25.50 25.08 23.88 23.25 22.57 21.35 21.78 24.09 23.00 23.88 23.56 22.86 21.99 21.69
9.45 9.96 9.28 6.40 3.45 3.67 5.68 6.21 6.07 6.32 7.43 9.09 11.36 16.84 22.15 14.98 4.44 5.86 11.61 11.38 7.82 3.91 2.30 3.44 5.57 7.36 7.98 9.08 10.12 11.83 13.52 13.84 13.74 15.65 16.95 17.06 16.10 14.22 12.91 13.56 16.73 17.94 15.60 14.54 18.39 24.10 25.06 25.19 21.68 23.36 24.29 23.51 23.03 22.78 23.36 24.17 24.38 22.46 17.85 12.01 7.89 8.75 15.48 21.13 24.54 24.44 23.08 22.70 21.24 19.14 20.73 22.19 22.37 21.50 22.59 22.28 22.16 21.70
8.96 9.16 7.79 4.63 2.74 3.81 5.78 6.33 5.99 6.27 7.57 10.12 12.61 17.53 20.93 13.41 4.94 7.04 10.90 10.29 8.20 6.31 5.11 5.77 7.17 6.42 6.38 8.59 9.34 10.28 12.34 12.93 13.52 15.96 17.54 17.63 14.83 13.26 12.72 13.43 16.46 18.05 16.08 13.68 14.52 20.60 25.10 23.32 21.43 21.76 23.50 23.09 22.84 22.99 23.31 23.29 24.59 22.97 19.99 15.38 10.73 8.78 11.86 17.82 21.26 24.09 23.12 22.77 21.43 19.20 17.05 18.57 19.80 20.67 21.05 22.17 22.24 21.70
8.21 7.99 6.19 3.44 3.02 4.60 6.22 6.81 6.44 7.11 8.97 11.27 12.84 16.52 18.94 12.19 6.21 7.45 9.37 8.96 8.06 7.78 8.85 9.26 7.70 5.55 5.15 6.89 8.35 9.65 11.46 12.31 13.20 15.55 17.92 18.03 14.36 12.32 12.34 14.03 16.60 17.48 16.37 13.75 12.27 16.34 22.58 23.95 21.85 21.63 22.58 22.29 22.03 22.71 23.34 23.24 24.77 23.49 22.00 18.46 13.75 10.73 10.84 14.54 19.45 21.74 21.57 21.94 22.73 20.26 17.89 17.14 17.39 17.86 19.25 20.55 21.99 21.32
7.37 6.81 5.04 3.42 3.91 5.57 6.58 7.05 7.16 8.14 9.93 10.53 11.35 15.13 16.79 12.04 7.22 6.96 7.86 8.11 8.18 8.45 12.11 12.51 6.61 3.71 3.70 5.05 6.55 9.03 11.70 12.31 12.53 14.94 17.59 17.68 14.29 11.36 11.51 14.78 17.37 17.38 16.52 14.06 11.43 12.85 18.55 23.18 22.61 21.23 21.62 21.14 20.40 21.55 23.14 23.78 24.34 23.14 23.25 21.30 16.51 12.54 11.14 12.84 17.28 20.40 21.56 21.73 22.75 19.87 18.43 17.93 17.54 16.97 17.74 18.49 20.40 20.40
6.80 6.10 4.78 4.19 4.84 5.97 6.28 6.50 7.11 7.98 8.87 8.46 9.85 13.92 14.93 11.93 8.52 7.31 7.38 7.48 8.27 10.01 14.80 14.54 6.62 2.53 2.54 4.67 6.06 7.58 11.49 12.01 11.46 14.32 17.37 17.47 14.39 10.96 10.80 14.54 17.52 18.21 17.04 14.27 11.34 10.51 13.86 20.26 23.43 21.40 20.21 20.35 18.76 19.47 22.26 22.31 22.04 22.00 21.71 22.91 19.75 15.03 11.55 10.95 14.56 18.74 23.12 22.70 22.88 20.50 19.86 19.35 18.27 17.55 15.39 15.12 17.90 20.62
6.79 6.30 5.86 6.95 5.91 6.09 6.03 5.77 6.24 6.72 6.92 7.36 9.36 12.47 13.06 10.87 9.09 8.70 8.00 7.58 8.74 12.27 17.90 15.55 6.67 2.20 2.03 5.31 7.55 7.85 9.61 10.87 10.29 13.28 17.08 16.82 14.44 11.18 11.60 14.26 16.20 18.20 18.45 15.08 11.66 9.61 10.70 16.21 22.35 22.17 20.16 19.56 17.75 17.98 21.13 23.34 21.69 21.90 20.97 23.63 22.51 19.13 14.70 10.96 11.39 16.91 21.85 23.32 22.49 22.14 21.37 21.57 19.95 18.20 17.20 15.08 15.33 18.26
6.88 6.72 6.86 8.53 6.82 6.47 6.03 5.46 5.44 5.85 6.34 7.50 9.30 10.78 11.20 9.73 9.01 9.44 8.44 7.55 9.29 14.17 18.75 15.87 7.03 1.10 1.20 6.00 9.53 8.55 7.57 8.97 9.49 11.83 15.64 15.64 13.29 12.07 13.20 14.74 15.59 17.70 19.06 17.22 12.69 9.58 9.21 12.86 20.67 23.20 21.04 19.11 17.29 17.79 19.92 21.56 24.60 20.45 20.66 22.66 24.21 22.56 19.08 14.10 10.81 13.47 18.58 22.37 22.23 22.06 22.26 20.76 21.89 20.25 18.55 16.39 15.03 16.43
6.85 6.70 6.60 8.10 6.68 6.58 6.23 5.80 5.95 6.57 6.89 7.44 8.62 9.21 9.14 8.17 9.03 10.08 8.52 7.54 10.16 16.55 19.24 15.81 7.44 0.84 1.17 6.33 10.84 10.20 6.33 7.60 9.40 10.88 13.17 14.00 11.36 11.47 14.17 15.39 16.06 17.23 18.55 18.08 14.48 9.89 8.42 10.80 18.05 22.56 22.65 19.82 17.58 18.25 18.26 18.00 21.80 22.49 19.22 21.47 23.61 24.52 22.60 18.41 13.36 11.97 16.07 19.66 21.46 20.49 21.08 20.20 19.86 23.15 21.05 20.87 16.14 16.57
6.45 6.00 5.31 5.06 5.28 5.65 5.99 6.23 6.76 6.15 6.06 6.67 7.71 7.87 7.08 6.51 8.33 10.27 8.83 8.21 11.84 18.10 18.87 15.59 7.68 2.07 2.27 6.39 11.14 10.60 7.29 7.90 9.87 10.74 10.67 11.30 10.17 10.49 13.85 15.73 17.11 17.32 17.47 17.29 15.93 12.16 8.21 9.14 15.20 20.26 22.08 20.14 18.76 19.01 18.44 15.68 18.21 20.00 18.05 18.65 21.51 23.17 26.29 22.78 18.06 14.02 14.65 17.23 20.49 20.40 20.83 20.16 18.55 20.30 22.54 22.25 19.43 16.13
5.62 5.00 4.17 4.01 4.22 4.70 5.24 5.20 4.72 4.85 5.53 6.54 8.44 6.53 5.75 5.79 7.43 8.87 8.85 9.60 14.17 17.71 18.17 14.93 6.68 2.09 2.53 6.00 10.78 11.20 8.78 9.45 11.20 11.31 9.19 8.09 8.53 9.41 12.53 16.00 18.56 18.21 16.23 16.39 16.51 14.13 9.49 8.57 13.33 18.59 19.89 19.03 19.43 19.28 17.95 16.44 15.91 18.02 17.55 17.32 18.65 19.83 21.87 23.22 23.75 19.14 14.80 16.18 18.16 20.62 21.35 20.57 18.12 18.58 20.46 21.47 20.93 18.47
4.81 4.25 3.69 3.84 3.96 4.14 4.03 3.63 3.77 4.60 5.60 6.34 8.13 6.01 4.60 5.64 6.65 6.87 8.00 11.07 15.53 18.01 17.47 14.21 6.50 1.32 1.82 4.66 9.41 11.48 9.46 10.35 13.26 12.80 8.71 5.96 6.37 7.42 10.64 15.91 20.12 18.81 14.84 15.31 16.66 15.31 11.37 9.02 11.87 17.15 19.35 18.82 19.29 18.98 18.31 17.72 16.25 16.16 16.68 16.57 16.99 16.86 18.75 20.74 21.04 18.91 16.15 16.79 17.13 18.92 20.48 21.73 20.04 17.97 18.54 19.86 20.28 20.08
4.90 4.51 4.05 4.04 3.89 3.69 3.20 2.90 3.71 4.86 5.60 7.16 5.35 4.18 4.30 5.59 6.04 5.71 6.95 11.71 16.42 17.95 17.10 13.80 7.56 2.62 2.30 3.70 7.29 10.19 9.52 10.97 14.22 15.27 10.26 6.18 4.62 4.42 7.80 14.34 20.39 19.89 14.42 14.03 16.24 15.66 12.51 9.61 10.59 14.99 18.66 19.77 19.09 18.13 18.16 18.72 17.86 16.27 16.04 16.49 16.65 16.24 16.73 18.58 18.87 18.00 16.49 15.98 16.01 17.44 19.27 21.31 20.94 19.16 17.86 18.96 18.30 20.00
5.70 5.76 5.42 4.61 4.03 3.75 3.58 3.66 4.31 5.16 5.82 7.85 4.89 4.35 5.02 5.72 5.81 6.12 6.39 12.21 16.17 17.62 16.69 13.01 8.99 5.37 3.07 3.83 5.83 7.85 8.83 10.95 15.94 17.57 12.97 7.58 4.32 3.23 5.74 11.40 18.29 20.46 16.12 13.77 15.38 15.45 13.07 10.46 10.17 12.96 17.01 19.78 18.88 17.01 16.98 18.23 18.60 17.00 16.30 16.72 16.90 16.41 16.20 17.24 17.43 16.80 16.04 16.05 15.37 16.83 18.64 19.07 20.46 20.14 19.37 18.55 18.71 18.20
5.84 6.00 6.21 5.51 4.61 4.27 4.42 5.03 5.95 6.45 6.27 7.64 4.94 6.69 5.30 5.51 5.38 5.90 6.03 10.75 15.26 17.05 15.90 11.89 8.59 6.97 6.06 5.78 5.55 5.72 6.66 9.75 15.03 18.71 15.09 9.91 6.05 4.05 5.30 9.10 14.69 18.66 17.34 14.64 14.79 14.68 12.90 10.95 10.44 12.25 15.81 19.23 20.69 16.89 16.10 17.10 17.96 17.14 16.71 16.84 16.88 16.87 16.57 16.71 16.59 16.49 16.12 15.63 14.84 14.31 16.46 16.85 19.26 21.11 20.09 19.37 19.22 18.85
5.21 5.01 5.29 5.50 5.19 4.78 4.89 5.66 6.75 6.98 6.19 6.75 4.86 4.86 5.01 4.95 4.32 4.69 6.07 10.01 13.73 15.98 15.07 11.65 8.62 6.15 6.10 6.85 5.97 5.07 5.57 8.49 13.69 18.39 16.27 11.63 8.38 6.36 5.92 8.09 12.64 17.11 17.70 15.73 15.07 14.36 12.82 11.16 10.49 11.85 15.02 18.54 20.73 18.65 16.52 16.82 17.37 17.16 17.08 17.25 16.93 16.75 16.93 16.39 16.73 16.99 16.43 15.73 15.32 14.42 13.56 14.26 16.59 18.79 20.78 21.14 20.86 20.50
4.39 3.84 3.44 3.83 4.55 4.75 4.71 5.33 6.16 6.16 5.48 4.86 4.61 4.71 5.05 3.74 3.16 5.25 6.50 9.30 12.09 14.17 13.44 11.61 10.71 8.56 6.43 5.78 5.52 5.35 5.93 8.06 12.31 16.65 16.42 12.45 9.61 8.64 8.18 9.15 12.42 16.77 18.02 16.83 16.28 15.15 13.67 12.16 10.97 11.45 14.20 17.57 18.98 19.05 17.02 16.86 17.16 17.19 17.13 17.53 17.41 16.43 16.65 15.89 15.97 16.74 17.31 16.55 16.42 15.67 14.26 12.48 15.12 17.52 17.80 19.15 19.48 19.93
4.49 3.99 3.16 2.82 3.32 4.10 4.66 5.19 5.79 5.72 5.04 5.71 4.63 7.02 3.50 2.75 2.68 4.38 6.68 8.52 10.83 12.13 11.06 10.47 11.82 11.37 7.37 4.82 4.58 5.64 7.24 8.78 11.04 14.24 15.31 12.65 9.83 9.05 9.19 10.31 12.95 15.97 17.39 17.01 16.62 15.84 14.73 13.70 12.44 12.11 13.97 16.87 18.40 19.42 17.12 16.61 16.69 16.87 16.89 17.32 17.61 17.00 16.34 16.13 15.16 16.81 16.90 17.35 17.36 17.15 14.76 13.98 14.06 15.69 17.24 17.63 18.17 18.98
5.41 5.33 4.97 4.37 3.93 4.11 4.70 5.06 5.17 4.71 4.01 4.52 6.61 4.57 2.68 2.47 2.87 5.90 6.20 7.84 9.75 10.36 8.95 8.84 12.18 12.59 8.15 5.48 4.29 5.31 8.03 10.06 10.73 12.15 13.47 12.51 10.38 9.27 9.66 11.38 13.89 15.18 16.69 17.13 16.25 15.94 15.54 14.97 14.13 13.65 14.58 16.77 18.33 20.22 19.41 16.93 16.52 16.33 16.39 16.76 17.17 17.29 17.09 16.58 14.72 15.73 16.66 16.66 17.64 17.37 15.62 14.74 14.67 15.52 15.57 17.22 17.95 18.37
5.79 6.14 6.56 6.38 5.76 5.26 4.92 4.48 3.98 3.23 2.46 3.20 3.64 4.41 2.85 2.79 3.08 4.34 5.61 7.34 8.80 8.83 7.59 7.81 12.13 12.90 8.36 6.69 5.17 4.52 7.89 11.01 11.03 10.54 11.36 10.50 10.83 9.88 10.62 13.11 15.04 14.79 15.68 17.18 16.68 16.26 16.21 15.76 15.34 15.13 15.60 16.88 18.24 20.08 19.81 18.32 17.02 16.99 16.04 16.21 16.64 17.08 17.79 17.62 15.63 14.64 15.39 15.49 16.75 17.23 16.49 14.28 14.93 15.44 15.17 16.79 18.23 18.61
6.02 6.50 7.05 6.90 6.46 5.91 5.14 4.23 3.35 2.56 2.03 2.37 2.90 3.07 2.99 3.12 3.15 3.55 5.10 6.84 8.02 7.57 6.55 7.28 11.37 12.55 9.14 8.13 6.96 4.35 6.93 11.58 10.94 9.39 9.16 10.09 9.89 9.50 10.99 14.60 16.71 15.64 14.53 15.56 16.51 16.64 16.67 16.27 16.10 16.23 16.61 17.36 18.30 18.73 20.42 19.35 19.01 18.70 17.04 16.07 16.26 16.75 17.60 18.31 15.52 16.00 14.37 15.03 15.78 16.59 16.61 14.28 14.59 15.04 14.37 15.10 16.52 18.59
5.34 5.41 5.72 5.85 5.93 5.93 5.72 5.08 4.01 3.33 3.13 2.95 2.59 4.43 2.82 4.64 3.05 3.26 4.70 6.31 7.17 6.75 5.67 6.36 10.05 10.99 9.55 9.93 8.81 5.02 6.36 10.47 10.75 8.91 7.76 8.46 8.22 7.76 9.80 14.51 17.73 17.27 15.17 14.03 14.87 16.46 17.38 17.11 16.84 17.19 17.51 17.87 18.43 18.77 20.89 19.97 19.64 19.24 18.63 17.16 16.18 16.45 17.95 18.74 16.59 18.09 16.47 15.68 15.78 16.20 16.42 15.32 13.10 13.14 13.28 15.30 16.73 18.53
4.38 3.87 3.77 4.47 4.92 5.10 5.37 5.58 5.13 4.40 4.24 3.94 3.13 4.53 5.10 3.08 2.82 3.16 6.07 5.80 6.12 4.96 5.19 5.92 8.64 9.45 9.14 10.97 8.50 6.23 6.71 9.38 11.18 8.96 7.50 7.62 7.10 6.36 8.17 13.08 17.13 17.72 15.88 13.55 13.04 15.08 17.52 18.18 18.08 18.54 18.88 18.95 19.06 19.06 18.95 18.69 18.06 17.29 16.74 16.33 17.61 17.14 17.96 17.94 18.75 18.69 15.44 16.65 16.38 16.24 16.12 15.37 15.06 14.34 13.23 12.87 15.36 17.04
5.63 5.04 4.33 3.96 3.72 3.54 3.69 4.52 5.44 5.04 3.94 3.73 3.85 3.75 3.45 3.00 2.77 3.39 4.59 5.03 5.04 4.75 4.57 5.89 7.58 7.98 9.96 10.20 9.46 7.37 7.42 9.49 10.36 9.00 7.49 7.02 6.30 5.63 7.40 12.35 16.72 17.66 15.84 13.10 11.78 13.06 16.26 18.37 18.91 19.79 20.54 20.68 20.43 20.09 19.84 19.55 18.87 17.92 17.20 16.64 16.16 17.67 17.26 17.56 18.50 16.77 16.02 15.34 15.06 15.03 14.92 14.83 14.81 15.33 14.32 12.76 14.19 15.21
6.43 6.43 5.75 4.64 3.98 3.50 3.31 3.73 4.60 5.13 4.58 4.18 4.37 4.45 4.02 3.50 3.33 3.93 6.12 4.17 4.19 3.93 3.64 4.77 6.50 8.03 9.21 10.33 9.72 8.51 7.98 8.96 9.60 9.01 7.73 6.59 5.65 4.71 6.40 11.71 16.81 17.95 15.73 12.38 10.65 11.42 14.06 17.04 18.69 19.92 20.94 21.41 21.46 21.33 21.11 20.57 19.80 18.87 18.07 17.34 16.55 16.10 16.08 16.23 18.77 16.79 16.40 15.87 15.64 15.50 15.32 15.32 15.22 15.64 14.97 13.83 12.30 13.92
5.70 6.15 6.54 6.26 5.70 4.76 4.47 4.14 3.97 4.86 5.97 6.01 5.66 5.33 4.70 4.08 3.88 4.03 4.01 3.89 3.99 3.66 3.33 4.11 5.39 6.50 8.69 9.97 9.17 9.09 8.78 9.05 9.33 9.13 8.05 7.03 6.36 5.43 6.22 10.86 16.39 17.79 15.43 11.97 9.64 10.01 11.80 14.52 17.31 19.63 20.94 21.24 21.63 21.84 21.84 21.35 20.57 19.70 18.95 18.25 17.32 16.65 16.42 16.29 16.32 16.52 16.53 16.15 15.80 15.69 17.31 16.56 16.47 15.31 15.82 14.92 13.45 13.64
4.98 5.43 6.26 6.77 6.34 4.97 4.22 3.99 3.77 4.18 5.22 6.06 5.85 7.31 4.69 4.24 3.89 3.59 3.40 3.50 3.68 3.48 3.29 3.86 4.48 5.04 6.96 9.55 9.28 8.70 9.35 9.87 9.52 9.07 8.00 8.01 8.52 8.48 8.35 11.32 15.84 17.04 15.01 12.19 9.51 9.27 10.51 12.48 15.61 19.33 21.62 21.59 21.69 22.25 22.22 21.77 21.24 20.54 19.81 19.05 18.07 17.25 16.91 16.78 16.52 16.36 16.45 16.46 16.00 17.72 17.03 16.80 16.57 16.69 16.53 14.80 14.59 14.03
6.19 5.83 4.95 5.21 6.11 4.91 2.91 2.96 3.44 3.49 3.52 4.02 4.05 3.92 4.11 4.20 3.84 3.26 2.85 3.02 3.35 3.32 3.33 3.73 3.86 3.61 5.32 8.35 8.78 7.86 8.89 10.32 9.98 9.02 7.56 6.98 7.10 7.73 9.06 12.41 15.88 16.57 14.67 12.24 10.04 9.72 10.27 11.38 13.84 17.98 21.46 21.97 21.81 22.60 22.73 24.43 24.03 23.62 20.66 19.85 18.80 17.81 17.27 17.17 19.46 19.71 18.63 16.50 16.45 15.78 18.02 17.29 17.07 17.29 15.50 15.41 16.81 15.90
6.46 6.61 5.96 4.54 5.98 6.50 4.26 3.48 2.73 1.98 2.10 2.50 2.84 3.21 3.53 3.74 3.63 3.22 5.45 3.19 3.38 3.16 3.14 3.49 3.20 2.72 4.39 7.23 6.94 6.89 7.91 9.64 9.90 9.06 7.47 5.74 4.26 2.70 4.72 11.26 15.46 15.83 14.39 11.83 9.98 9.54 9.62 9.99 11.96 16.22 20.68 22.34 22.40 22.72 25.74 24.86 24.45 24.39 23.44 20.32 19.32 18.27 17.48 17.12 17.03 16.61 16.16 16.31 16.71 16.56 15.91 15.57 15.42 15.38 17.43 15.98 15.95 15.74
5.38 5.63 6.37 5.90 5.88 7.52 6.93 5.59 4.45 2.64 1.99 2.35 3.05 3.71 3.84 3.49 3.37 3.46 3.60 3.62 3.43 3.13 3.30 3.33 2.50 2.21 4.10 6.29 6.35 6.04 7.09 8.32 9.10 9.32 8.74 7.59 6.39 6.15 7.22 10.36 12.83 13.69 13.04 10.51 9.29 8.88 8.66 8.56 9.34 12.69 18.17 22.35 23.73 23.64 25.19 24.15 23.35 23.30 21.04 20.47 19.44 18.67 18.05 17.48 17.18 16.86 16.46 16.39 16.75 17.12 16.89 16.65 16.55 16.09 17.57 15.72 16.59 16.39
5.56 4.90 4.84 5.93 6.02 6.06 6.28 6.35 7.01 6.35 4.68 4.28 4.36 4.24 4.13 4.20 3.90 3.75 3.63 5.62 3.67 3.37 3.15 2.77 2.41 2.19 3.99 5.59 4.80 5.23 6.61 7.21 7.97 9.47 11.02 10.31 8.39 7.43 7.45 8.43 9.52 10.87 10.91 8.73 8.55 8.72 8.27 8.01 8.62 10.23 13.65 18.36 23.64 25.11 23.60 24.39 23.26 20.77 20.94 20.62 22.30 21.24 18.39 18.12 17.79 17.33 16.93 16.72 19.71 19.17 19.72 19.43 17.16 19.30 18.55 15.79 15.72 16.17
