examples/cougarCreek/createInputs/farsite/cougarCreek_polygonIgnit/cougarCreek_08-11-2015_1300_217m_non_neutral_stability_ang.asc
ncols	146
nrows	140
xllcorner	610065.000000
yllcorner	5095217.000000
cellsize	216.586807
NODATA_value	-9999.000000
[rows 49 to 97 of 140, columns 0 to 95 of 146]
93 97 103 108 90 56 63 78 87 86 93 103 112 127 153 121 118 111 105 94 89 66 58 77 79 82 89 83 83 89 74 80 78 69 65 73 53 358 356 358 57 349 44 11 357 293 304 289 279 275 274 273 271 270 268 264 261 259 253 251 252 253 253 252 254 247 244 244 251 253 253 253 257 260 262 265 269 271 291 276 265 265 306 288 285 339 29 56 80 100 118 134 135 54 46 45
93 96 99 78 53 79 91 90 91 93 104 117 123 122 117 110 109 97 87 88 87 74 71 70 63 68 75 80 92 91 72 81 81 68 60 71 47 1 3 1 4 349 328 330 322 322 309 298 289 280 274 272 270 265 259 255 254 253 253 253 246 249 253 256 255 249 241 237 234 234 237 241 244 251 256 249 253 269 270 257 197 162 255 247 241 261 13 73 92 102 112 120 120 116 114 108
90 91 79 61 83 88 88 91 97 101 118 143 125 119 144 93 94 82 84 88 82 75 70 44 47 63 80 93 98 93 71 83 83 65 57 70 22 8 8 8 7 348 317 306 318 315 282 285 282 276 268 265 267 266 257 253 251 244 249 249 249 252 243 247 249 249 259 243 254 250 247 254 253 253 262 236 251 255 242 265 199 191 175 184 263 246 242 175 133 112 103 101 101 102 106 105
88 88 76 76 86 90 95 97 97 106 115 117 115 110 94 80 74 78 87 86 81 81 84 119 47 90 107 110 103 80 70 84 81 64 58 62 23 15 12 10 13 359 320 292 296 291 291 273 274 274 273 270 267 271 264 257 246 237 240 243 241 251 246 236 238 238 241 242 253 255 243 243 239 234 231 233 238 240 235 221 251 208 198 170 169 214 269 187 175 146 117 102 99 98 100 101
89 81 73 79 87 89 91 92 94 106 107 140 93 76 72 66 66 82 90 87 86 81 88 57 79 114 114 97 85 73 62 70 80 63 71 53 38 33 34 45 35 19 332 292 287 286 285 284 288 286 271 271 267 265 269 258 242 235 239 242 238 238 241 244 247 251 239 254 252 256 264 269 269 267 263 262 260 243 255 220 212 201 267 237 224 169 167 172 184 172 148 130 118 105 98 98
88 81 80 82 76 74 78 92 97 102 129 132 60 61 79 79 80 95 97 95 88 78 71 59 79 96 89 80 79 71 53 72 81 64 69 46 22 20 40 41 19 13 11 312 274 271 273 271 268 270 273 286 264 261 264 261 248 242 244 245 241 243 248 253 257 262 261 256 251 249 252 256 257 218 253 244 238 216 247 259 259 255 236 192 184 219 172 223 171 169 157 253 138 125 111 103
84 75 77 76 80 50 82 95 90 86 120 115 52 67 83 88 88 102 106 99 91 75 65 66 78 77 71 75 84 71 50 78 80 66 53 46 28 46 36 18 13 14 15 40 9 283 258 260 265 269 268 264 280 256 261 262 254 250 254 254 252 262 256 239 239 239 256 263 232 225 220 214 221 244 214 216 246 258 216 211 212 226 196 196 186 174 169 161 158 155 147 144 145 135 128 118
86 69 70 72 52 61 95 88 97 64 81 51 84 53 78 81 83 96 98 88 80 62 44 63 77 69 76 88 86 68 52 69 78 66 51 47 30 48 24 19 14 19 8 42 27 356 280 254 249 254 269 269 264 260 261 273 270 267 267 264 246 227 234 233 232 230 224 229 227 222 217 222 223 216 216 218 218 215 214 207 224 196 198 198 191 249 175 166 157 157 150 201 135 180 208 123
90 72 57 62 64 92 108 76 45 27 42 63 51 44 69 75 84 102 108 79 59 35 31 68 75 67 84 93 78 55 57 76 88 84 80 72 34 41 20 14 13 13 10 1 350 20 346 324 259 247 247 256 261 265 258 270 265 236 237 233 231 230 233 231 230 227 226 225 223 219 216 215 220 216 219 220 221 219 212 216 213 208 209 224 191 187 186 180 168 163 155 207 213 202 123 182
88 83 50 81 100 112 76 65 36 31 66 66 44 57 78 98 116 128 139 159 52 30 70 96 74 76 95 91 68 52 72 94 91 83 77 71 26 37 60 16 14 7 7 3 355 24 15 5 342 295 258 251 252 260 254 237 230 234 244 241 235 231 223 226 228 230 225 224 223 221 220 211 222 223 224 223 223 220 222 220 200 197 207 205 205 208 229 178 251 168 163 150 141 136 129 163
79 70 67 99 114 89 91 41 24 48 63 56 65 81 106 124 130 134 148 169 71 79 110 81 65 94 101 82 60 63 100 99 76 71 46 72 27 18 13 33 26 9 16 6 8 360 350 338 350 342 315 280 262 254 250 248 247 246 244 241 238 237 235 233 230 226 229 231 228 221 227 228 229 228 228 225 222 219 228 222 221 203 217 211 204 182 206 212 219 226 167 156 244 215 136 194
72 66 72 89 85 93 74 29 47 55 64 74 79 101 124 136 136 140 158 178 88 67 73 47 80 103 92 72 70 84 107 79 71 68 47 45 68 12 17 19 28 11 6 1 359 3 360 21 8 359 305 291 285 272 265 260 253 251 250 246 243 240 237 234 231 235 226 228 232 235 235 236 235 230 227 224 233 233 216 213 210 234 235 235 234 231 231 224 226 231 232 259 152 222 257 177
75 35 77 77 74 86 66 45 53 65 73 89 99 122 132 135 138 149 169 184 130 86 56 99 102 100 88 82 88 87 77 67 68 65 44 31 66 14 18 16 21 12 8 3 353 356 350 345 18 328 310 298 291 284 279 274 268 263 259 253 249 245 241 238 236 235 234 236 240 243 242 238 234 230 236 236 222 220 218 216 213 210 207 202 197 191 243 240 237 233 229 231 155 262 144 137
37 56 80 68 65 58 38 60 68 85 112 130 133 133 132 133 140 159 178 254 114 175 284 68 88 94 90 90 89 81 69 66 98 62 36 26 21 17 19 24 22 15 13 13 357 354 351 339 335 320 305 295 300 288 283 277 271 267 261 256 253 251 249 246 245 245 245 248 250 249 245 239 235 232 237 226 224 221 219 217 216 213 208 202 246 243 243 244 242 238 234 231 234 231 235 264
71 82 85 86 79 76 79 78 97 141 152 146 139 135 133 133 145 171 184 275 293 292 296 10 85 89 90 92 89 78 69 102 100 55 41 20 22 13 19 23 24 9 358 13 5 356 356 350 344 326 311 306 305 287 280 276 269 263 259 255 253 253 253 253 253 252 251 251 250 247 244 240 239 236 246 228 225 222 219 217 217 214 208 250 246 240 240 242 239 239 236 230 216 208 216 198
121 96 88 96 105 100 89 104 134 146 150 149 140 135 133 136 159 200 203 318 293 350 338 12 66 68 91 92 84 75 81 68 74 41 31 19 23 23 23 26 23 12 2 1 9 359 355 356 7 342 317 299 294 304 280 277 271 262 256 253 251 250 250 250 250 250 249 247 246 245 242 240 240 237 232 227 224 222 246 245 249 254 253 253 255 252 248 248 246 240 237 237 233 239 245 234
131 89 81 85 74 84 107 125 131 136 141 142 133 128 127 141 177 217 11 304 218 46 1 352 35 75 100 115 85 84 81 59 55 39 22 20 28 24 24 35 28 20 5 351 2 355 0 356 6 11 328 301 298 309 284 279 275 265 254 249 248 247 246 246 247 247 247 245 245 244 242 239 238 238 235 228 227 229 227 223 216 208 236 236 235 240 242 243 242 238 243 221 202 221 203 132
92 98 88 68 90 111 122 125 126 129 132 129 120 110 109 133 210 232 49 325 317 120 291 317 26 96 146 124 115 110 84 57 41 33 17 19 37 19 25 58 35 20 5 349 353 348 355 350 345 18 5 321 315 314 286 281 278 272 258 249 246 245 244 244 245 245 245 246 246 246 242 258 259 241 240 254 241 246 243 235 218 202 195 226 215 178 170 169 212 226 202 173 207 240 270 118
146 127 107 96 110 119 123 122 122 123 118 119 110 101 101 121 217 236 21 346 67 194 218 313 0 103 149 132 94 76 66 41 30 32 25 22 41 24 27 61 32 27 56 68 28 332 337 336 327 4 2 320 320 315 282 276 279 286 277 256 245 241 241 241 241 241 243 245 248 246 258 260 263 243 242 244 249 244 232 220 206 259 250 251 255 253 239 228 224 200 177 236 262 162 158 156
135 119 139 116 114 117 114 119 118 115 113 111 107 104 104 117 219 334 1 340 65 45 304 312 329 173 159 135 94 67 55 44 18 32 32 29 37 26 31 61 39 57 67 66 61 53 353 335 329 336 335 309 311 308 303 300 270 285 302 275 246 239 236 261 238 239 240 244 247 245 244 245 259 245 265 244 239 225 266 261 240 195 189 219 234 251 251 238 174 174 176 219 228 246 245 185
98 107 122 119 112 111 111 112 111 108 104 102 101 101 92 114 232 14 352 320 35 15 342 320 343 172 179 136 81 59 64 37 18 26 30 41 43 32 31 60 60 67 41 65 60 51 356 329 319 317 320 313 314 317 295 280 299 266 291 321 259 240 235 234 236 237 238 241 245 246 246 246 263 246 244 265 268 251 216 212 212 212 191 170 172 175 171 168 169 166 164 172 177 229 178 180
96 120 133 116 108 103 103 105 107 99 100 97 95 95 99 111 251 26 2 336 353 7 38 3 105 173 170 133 74 67 81 60 19 24 31 51 43 25 31 63 77 72 68 66 63 55 335 339 326 336 332 308 317 330 313 274 267 317 268 324 349 267 245 239 236 236 237 261 243 245 246 245 268 271 270 270 271 261 237 247 249 265 305 23 32 16 343 348 3 22 39 44 95 168 209 252
226 157 120 106 105 99 100 95 98 97 94 91 87 86 96 109 282 27 9 360 339 22 88 141 171 165 147 107 59 79 81 45 15 24 38 44 35 24 33 96 64 35 74 26 65 56 48 331 327 326 330 325 322 332 323 293 267 267 259 276 358 346 281 255 246 241 240 240 262 246 246 245 268 268 270 275 278 278 277 275 259 271 296 342 359 358 351 351 0 12 16 15 16 16 6 329
172 120 113 100 102 98 99 94 95 95 93 92 95 92 91 91 306 34 18 11 359 75 104 100 163 179 136 83 69 87 77 32 354 24 59 50 20 4 35 113 63 23 79 69 66 58 332 41 354 360 342 332 325 351 317 304 281 268 299 258 291 359 324 281 264 256 251 248 248 249 270 272 269 263 266 253 285 284 290 289 278 280 295 304 332 349 349 349 357 11 18 22 314 25 24 42
105 110 97 96 100 97 98 91 92 92 93 93 103 97 84 60 327 37 37 17 26 90 116 128 159 170 97 78 125 90 59 19 347 41 102 56 4 337 33 127 63 18 83 72 31 59 51 346 347 343 354 334 327 17 343 314 291 299 270 263 268 322 341 299 275 265 260 258 257 256 265 268 271 272 275 283 291 290 298 300 281 278 284 281 285 307 336 338 322 349 20 35 40 40 301 284
84 90 94 93 99 97 87 88 87 87 89 93 96 97 81 58 343 56 66 20 64 119 96 106 185 168 100 126 131 82 32 358 1 110 110 52 357 338 31 137 112 16 20 80 69 62 58 337 347 0 335 329 328 0 16 330 317 338 286 312 261 276 331 312 281 268 263 285 283 287 281 284 287 288 285 287 292 294 298 271 299 281 281 290 278 283 318 287 287 252 285 49 52 51 288 66
80 86 83 91 88 87 86 85 82 81 86 99 92 94 82 65 355 70 78 36 79 111 95 129 176 108 97 96 80 67 36 353 65 129 66 24 352 357 27 76 120 3 9 87 73 18 59 54 340 4 341 338 338 357 14 354 330 307 292 296 267 271 303 323 304 282 271 266 278 288 291 289 288 290 292 292 293 299 298 301 305 284 272 277 293 296 313 313 282 277 251 129 66 57 300 280
77 80 87 87 85 84 85 83 79 89 90 95 98 85 84 67 21 70 63 59 78 104 111 160 108 94 97 87 68 67 48 5 107 116 41 159 336 10 24 68 66 3 358 39 77 66 351 0 335 357 352 344 344 360 0 0 331 312 298 290 325 267 280 309 312 295 281 293 266 281 290 290 289 290 300 305 292 299 305 293 297 288 311 321 295 315 309 314 301 36 11 284 51 56 53 302
75 79 83 82 81 82 85 82 77 97 96 95 93 82 82 61 38 69 65 69 83 102 117 105 71 94 96 78 62 72 64 19 116 59 21 198 326 5 26 66 24 2 2 27 80 68 14 54 332 358 359 348 352 2 1 2 332 318 351 304 311 269 278 295 304 314 307 298 283 278 285 290 293 292 304 267 299 302 276 299 303 308 302 299 304 326 317 297 304 293 30 32 281 38 57 51
72 76 80 79 79 85 82 83 88 107 105 94 85 75 77 54 49 72 71 78 100 132 115 139 161 70 73 71 63 77 123 23 52 32 0 164 324 356 50 85 359 349 5 15 35 77 32 352 335 355 0 346 351 8 12 7 327 328 326 293 291 336 277 289 303 317 283 298 270 266 263 277 288 291 305 269 273 276 279 295 315 306 315 307 306 330 340 321 320 325 312 36 48 279 332 66
72 75 78 78 78 77 81 84 85 108 97 95 77 80 70 26 65 76 79 105 119 128 95 138 163 52 62 73 62 79 87 25 5 30 349 273 185 354 79 85 6 343 349 6 122 18 27 29 344 331 356 339 342 13 34 44 41 323 346 308 333 292 327 338 295 311 300 286 280 275 271 268 267 284 301 309 274 282 285 285 306 294 325 319 307 333 334 19 33 31 39 322 303 284 281 324
69 75 77 75 74 83 87 79 85 93 101 77 91 81 61 45 66 79 93 109 119 97 128 140 170 44 60 88 69 61 79 31 8 46 343 284 296 359 104 63 4 5 337 351 10 17 20 54 53 47 341 336 334 17 29 38 29 15 10 10 4 330 289 303 286 310 317 302 291 283 277 274 271 270 284 298 278 285 306 284 290 316 286 329 307 312 325 26 42 45 333 342 335 296 96 143
66 77 76 90 71 83 85 86 82 81 96 95 94 82 60 61 74 86 100 111 94 95 123 138 168 20 72 107 67 18 69 49 40 29 343 322 338 41 96 358 359 30 356 333 333 2 16 47 52 48 41 326 345 9 19 26 23 12 6 15 17 3 333 302 325 300 317 312 299 290 283 291 275 276 278 280 282 283 284 282 274 299 279 288 328 302 309 321 340 81 320 321 346 303 81 92
66 76 74 71 71 83 84 92 80 78 93 94 91 82 66 68 81 92 103 89 88 112 117 133 156 26 96 153 52 5 53 93 49 5 350 318 348 112 94 347 1 9 16 339 320 344 6 55 60 358 351 41 19 8 14 15 22 18 7 18 344 13 356 333 306 298 307 321 303 308 287 281 308 282 284 283 303 278 311 272 271 266 310 264 274 334 309 294 304 346 334 309 349 0 315 74
70 75 71 70 75 80 85 93 76 72 92 97 90 78 58 77 86 94 99 83 84 107 107 118 348 48 89 92 53 30 67 97 10 7 9 347 62 112 12 356 41 345 350 340 335 329 358 214 88 10 343 345 13 15 16 7 19 2 356 16 21 347 2 351 334 301 308 334 308 299 291 285 313 305 291 283 290 307 306 260 259 256 283 315 344 354 343 319 298 298 321 307 311 346 358 73
65 74 69 70 77 79 95 92 72 76 93 99 79 77 75 83 91 95 87 84 101 100 98 95 86 47 69 73 62 58 43 75 342 6 15 15 75 70 14 165 168 180 298 336 341 330 346 224 124 21 347 26 13 33 27 8 13 26 18 11 16 355 1 344 350 336 334 338 326 304 297 289 300 312 303 297 293 301 302 246 303 242 238 277 312 347 344 346 347 322 301 290 110 281 322 113
62 70 69 74 75 78 83 81 70 87 93 97 91 67 75 88 80 83 83 80 93 89 86 81 14 51 66 70 62 69 17 52 4 345 14 48 62 33 82 163 152 170 204 341 345 339 335 32 163 89 347 5 56 69 42 31 359 18 19 13 16 352 355 351 327 320 326 335 335 321 311 294 285 296 304 298 298 299 282 270 279 305 311 289 285 318 326 317 343 355 323 305 309 265 128 148
57 66 71 75 70 75 79 76 74 89 93 94 93 70 75 79 81 79 94 91 86 79 75 79 24 64 67 70 66 39 21 99 35 281 8 66 25 29 187 161 148 169 207 354 2 339 346 218 192 125 360 346 337 117 43 46 33 359 14 23 21 8 348 349 334 328 330 331 334 332 301 304 295 294 299 302 304 311 281 253 247 268 295 305 296 310 315 147 133 282 311 276 97 87 80 84
53 66 74 73 69 75 87 87 87 91 93 91 90 67 74 77 79 77 88 85 80 74 74 33 37 56 66 70 65 51 72 95 27 171 325 25 5 27 86 166 155 174 206 3 27 343 359 211 31 26 9 348 328 193 165 93 67 14 353 356 346 348 333 338 338 349 336 330 330 331 335 318 305 282 271 289 286 298 308 286 270 251 279 296 290 299 337 359 94 89 83 75 67 60 54 49
52 68 73 68 70 69 75 76 89 93 93 88 83 68 65 77 77 87 85 81 73 69 73 28 45 62 79 81 66 65 77 74 33 160 285 15 356 4 185 177 176 181 196 8 47 344 350 359 25 177 20 352 155 334 8 178 349 349 184 351 348 346 341 311 334 328 331 327 326 324 328 324 314 301 280 282 282 279 272 287 284 281 280 292 302 295 302 199 77 65 57 51 44 38 35 35
63 71 66 65 71 68 71 75 91 94 94 77 79 77 60 76 74 87 84 77 68 65 67 40 62 84 97 86 63 67 110 65 41 144 171 3 3 2 188 183 183 354 191 7 68 332 331 3 50 45 33 2 154 178 356 193 356 349 2 349 344 346 341 331 327 318 320 323 317 316 318 327 329 319 301 295 297 289 297 276 278 273 254 257 272 260 290 282 26 38 37 33 27 26 26 31
66 72 65 65 72 71 73 75 92 95 93 76 76 71 54 86 70 85 82 75 67 65 32 52 65 89 104 70 62 65 69 57 42 20 152 323 23 4 189 185 182 102 185 321 29 307 317 90 207 192 53 8 163 178 201 8 184 348 202 211 336 332 246 336 335 327 315 315 307 304 307 320 280 284 284 308 307 311 300 295 288 294 300 297 314 326 327 324 355 8 19 22 22 25 29 33
68 72 66 67 73 73 75 73 94 97 94 84 74 69 75 67 67 82 79 74 68 64 43 55 73 94 75 66 65 73 63 48 41 20 345 347 34 8 187 83 110 15 178 326 3 320 53 217 208 196 192 182 310 295 300 352 7 343 348 204 344 329 330 321 334 309 326 316 305 299 295 306 280 279 327 309 309 315 312 297 295 303 296 318 329 325 339 351 330 347 7 20 26 32 37 39
60 73 65 64 66 65 74 75 73 99 95 68 75 57 80 63 82 62 77 73 67 46 51 62 80 94 60 62 75 74 49 38 21 10 360 10 36 48 82 174 96 3 179 179 190 290 102 93 203 197 197 187 313 180 192 320 341 327 347 357 350 343 322 312 327 294 309 327 311 303 300 310 285 284 317 305 307 305 301 290 290 297 315 315 312 309 306 302 341 345 11 42 50 53 54 54
58 75 79 81 63 59 73 90 72 96 74 68 80 62 65 63 65 68 76 71 66 47 54 62 83 90 63 65 66 66 53 44 21 24 31 69 173 181 169 159 165 181 187 181 190 103 80 208 201 195 195 359 321 184 192 195 295 305 331 346 351 341 312 301 307 332 332 323 315 301 296 318 286 287 316 314 310 297 306 304 301 297 295 301 319 320 318 4 341 349 302 55 61 64 60 53
68 74 76 76 53 54 69 86 87 90 91 68 65 66 65 63 65 64 76 72 67 52 52 61 84 86 67 62 54 47 48 33 35 46 81 98 137 166 157 148 161 181 188 186 193 204 207 206 200 193 190 346 308 192 197 197 280 202 292 324 343 339 314 244 263 293 316 318 314 303 296 314 286 322 320 328 312 320 300 319 311 306 312 322 317 299 299 318 352 7 308 46 72 137 58 53
65 78 55 75 52 53 80 74 85 78 70 68 68 65 65 62 59 63 77 73 70 44 54 75 82 84 65 61 84 56 93 41 47 55 71 89 113 142 147 145 160 180 187 192 199 205 204 202 199 193 187 185 191 197 198 197 200 205 212 216 328 311 298 266 274 272 272 299 303 303 297 302 321 318 324 334 306 319 330 296 312 303 297 300 298 324 306 315 313 2 39 322 43 58 61 32
80 83 54 52 50 52 78 73 75 71 70 63 66 66 63 62 59 64 76 71 67 56 68 74 81 83 60 55 50 67 65 55 63 70 81 93 103 118 130 139 157 178 187 197 204 205 202 199 200 195 188 187 191 196 198 200 201 206 213 218 284 290 249 263 293 282 289 292 291 295 295 302 299 303 316 326 300 310 327 301 336 322 313 317 311 322 321 324 351 344 304 322 316 39 43 37
76 77 48 50 48 58 66 81 71 67 80 65 66 62 80 56 60 59 74 48 63 62 67 76 81 61 77 54 63 70 61 70 69 77 89 96 97 99 107 121 146 172 188 202 208 205 201 200 200 196 190 187 190 196 201 201 202 208 216 222 229 237 243 251 266 279 285 288 291 292 292 291 291 297 301 320 336 297 310 325 341 338 334 340 297 338 347 360 322 0 25 17 29 30 33 49
