examples/cougarCreek/createInputs/farsite/cougarCreek_polygonIgnit/cougarCreek_08-12-2015_0800_217m_non_neutral_stability_ang.asc
ncols	146
nrows	140
xllcorner	610065.000000
yllcorner	5095217.000000
cellsize	216.586807
NODATA_value	-9999.000000
[rows 49 to 97 of 140, columns 0 to 95 of 146]
73 82 97 116 21 21 39 60 67 62 65 74 81 91 113 90 82 76 64 64 65 30 21 41 39 53 71 74 81 87 71 72 68 59 51 50 13 341 340 342 351 332 336 341 351 318 329 316 309 306 309 312 315 316 312 305 297 290 282 277 276 277 279 279 278 270 260 253 256 259 261 261 262 260 255 251 254 254 175 205 215 230 153 132 92 74 69 69 71 70 72 84 101 30 36 37
80 87 97 41 32 69 82 75 72 68 82 94 98 94 80 63 61 48 41 54 57 38 29 20 18 33 52 69 90 89 67 73 71 59 47 49 13 344 343 341 340 328 317 320 327 337 328 322 319 316 316 317 316 313 308 297 289 286 281 277 270 271 276 278 279 279 271 261 253 253 257 260 260 259 261 244 180 165 126 239 138 152 160 160 134 102 79 70 67 68 71 75 83 90 90 86
78 82 50 41 72 74 68 71 75 81 99 130 102 88 110 46 45 37 42 52 46 40 32 2 11 32 59 83 95 88 64 73 74 56 45 49 5 353 351 347 339 324 307 303 314 312 293 297 301 300 300 306 311 316 314 299 291 286 279 276 275 278 270 273 274 277 288 282 279 282 278 275 271 269 278 212 211 198 168 273 126 135 152 156 248 143 127 105 84 72 67 66 68 71 76 79
79 79 49 56 64 67 75 77 71 87 100 92 64 54 42 36 35 37 44 46 39 43 44 44 16 57 84 99 95 71 59 73 72 55 44 41 7 1 355 349 342 329 310 295 298 291 287 274 277 279 284 292 302 320 326 323 309 292 284 277 272 275 277 263 260 258 262 263 278 282 255 250 239 225 212 202 192 188 182 162 249 118 119 135 141 196 247 135 124 99 79 71 69 69 72 75
77 50 48 55 62 59 60 61 65 87 82 153 14 18 34 36 35 46 49 45 38 36 36 6 40 71 85 80 71 60 46 57 71 55 55 29 15 10 4 2 353 342 318 295 289 286 286 286 291 293 284 288 291 300 313 317 310 293 287 282 271 267 269 268 265 269 247 264 256 255 255 256 253 254 255 252 253 226 248 177 161 138 317 248 217 124 132 140 137 126 112 98 86 77 72 71
68 43 51 48 37 31 46 64 68 76 149 151 5 22 45 46 45 59 60 54 39 28 24 14 31 52 55 53 62 56 35 55 70 56 52 22 6 4 10 8 357 352 343 311 282 275 277 277 275 278 287 305 292 291 292 289 280 275 278 273 261 258 262 264 265 269 266 258 256 254 253 255 250 201 239 231 224 187 241 268 266 265 240 133 107 212 110 214 137 131 121 356 100 87 75 68
58 22 38 34 30 18 52 64 31 13 205 342 10 23 41 49 50 62 62 46 29 17 12 15 30 35 39 50 65 55 32 57 69 58 40 22 10 22 14 3 1 2 357 7 333 293 268 269 275 280 280 282 306 290 292 282 266 262 269 266 262 273 262 239 239 237 256 266 229 219 217 210 222 254 202 200 244 263 206 186 206 228 151 137 115 99 94 94 93 82 90 99 101 92 87 77
23 357 29 37 23 44 73 45 342 330 305 8 4 14 37 47 49 64 55 25 14 4 2 14 29 31 46 64 68 49 33 50 66 57 38 19 10 23 5 5 2 5 358 16 358 333 293 271 268 267 282 285 283 289 285 289 281 276 275 273 251 227 239 237 236 231 222 228 226 221 214 223 225 214 208 205 199 198 201 196 229 177 168 152 128 291 75 55 47 51 67 222 78 178 247 77
37 345 23 40 51 75 94 15 337 342 9 37 11 12 36 47 61 80 57 360 5 356 0 19 28 27 51 69 57 36 38 55 70 69 61 35 12 16 358 360 359 358 358 352 344 357 331 317 286 271 269 270 283 284 275 281 273 237 238 233 232 232 238 236 234 230 230 232 228 220 213 209 217 208 212 215 218 223 222 223 218 211 211 235 150 119 76 62 66 66 66 347 300 243 69 195
45 30 29 56 43 89 34 358 342 14 55 48 11 44 63 69 84 103 119 318 2 357 23 38 26 34 63 69 46 33 48 60 67 66 57 36 3 12 27 2 357 352 354 353 348 3 355 348 337 317 292 279 271 276 265 248 237 241 258 254 241 234 222 227 229 234 232 229 224 218 214 203 220 228 239 251 263 265 242 238 207 173 217 213 210 218 259 112 297 90 76 71 72 70 65 19
39 22 37 4 58 62 103 356 8 40 56 41 61 86 124 120 110 111 117 241 358 0 18 18 16 49 70 58 39 42 58 66 56 57 34 44 1 1 360 12 7 355 358 353 355 351 346 340 347 344 336 322 301 288 286 283 275 268 263 257 254 253 251 248 243 237 235 233 227 215 227 239 252 266 276 280 280 278 258 256 254 353 247 236 224 38 223 232 247 274 84 84 319 345 69 354
29 12 49 57 52 93 82 12 44 52 65 98 138 165 177 140 124 116 105 295 354 352 360 2 29 57 60 47 48 58 67 55 52 53 35 26 33 358 2 3 7 357 353 349 348 350 349 357 354 353 325 328 329 322 319 317 310 303 299 292 280 271 265 261 257 252 233 236 243 253 265 279 287 287 285 281 264 266 291 308 330 284 288 288 281 281 273 266 267 278 295 325 82 342 340 14
12 5 55 42 41 92 69 41 52 77 101 148 211 194 164 137 125 116 58 314 354 348 360 11 36 50 54 54 60 60 52 46 50 48 30 17 35 359 3 1 3 356 353 348 342 344 341 339 350 332 324 317 313 313 332 336 337 336 335 331 324 311 297 282 272 272 277 286 295 300 301 299 297 293 270 271 290 291 291 293 305 330 357 16 26 39 319 313 299 287 276 291 82 340 72 69
1 38 65 42 43 41 22 68 89 129 156 197 189 173 147 130 122 112 341 338 357 348 345 359 22 40 50 57 61 55 45 44 66 45 20 13 7 2 4 6 5 358 356 356 344 343 340 333 332 325 318 312 318 328 330 336 340 343 343 342 340 338 334 327 318 313 317 322 323 320 315 311 307 305 276 299 296 291 285 282 288 304 340 30 303 298 304 309 300 294 289 276 276 285 308 340
54 64 73 79 72 76 100 119 148 212 202 184 166 154 137 122 111 352 344 348 348 346 343 355 17 31 46 58 59 52 45 56 61 36 21 9 9 1 5 6 7 354 346 355 349 345 344 342 338 328 320 319 318 325 324 331 339 343 343 341 341 342 343 342 338 331 327 327 329 329 324 322 322 321 293 311 302 291 277 270 270 275 288 302 295 281 281 292 294 288 285 268 241 241 253 225
71 70 75 92 113 118 123 140 202 193 189 171 146 138 130 115 99 324 350 353 339 352 350 356 8 20 44 57 52 47 48 42 44 26 17 9 11 9 8 10 7 357 345 347 351 345 344 344 346 338 324 313 310 317 321 327 338 345 345 341 337 337 340 341 339 335 329 326 328 330 328 326 325 327 329 324 311 292 274 270 277 289 295 302 312 312 302 300 297 287 287 289 283 295 292 308
358 61 62 74 50 47 44 58 81 117 143 137 124 119 113 108 236 327 9 352 339 11 355 352 4 20 49 58 55 53 49 33 32 23 12 10 14 10 9 17 11 3 348 340 346 342 346 343 344 350 329 314 314 322 320 322 335 347 349 343 335 331 332 334 335 333 332 329 325 324 324 324 321 324 336 346 340 326 326 329 327 331 263 262 259 262 267 270 272 275 276 242 217 258 234 39
60 62 65 38 47 48 47 49 55 67 95 101 96 86 74 67 308 335 13 358 351 28 337 341 2 24 39 62 62 59 47 26 20 18 10 10 20 7 10 23 16 5 349 337 338 335 341 338 336 339 344 326 324 330 320 319 331 348 355 348 338 333 330 330 330 331 333 336 333 327 325 309 307 322 338 309 353 343 346 353 1 15 42 252 228 84 90 93 223 245 203 51 252 296 313 30
68 56 47 31 38 38 33 32 35 39 47 69 66 58 53 46 304 339 12 2 14 346 338 343 360 24 43 66 57 42 33 19 13 17 14 11 21 10 12 25 15 12 19 18 342 325 329 328 321 339 337 321 324 322 317 315 324 345 358 356 346 337 331 326 324 323 327 336 341 339 313 311 312 323 332 348 350 348 355 9 35 322 296 283 303 309 283 271 246 195 55 266 310 42 39 36
48 39 6 20 28 29 36 24 24 29 36 40 49 50 50 46 310 358 8 360 14 4 347 353 357 18 56 75 51 33 29 20 8 16 17 14 20 12 14 25 21 29 30 22 6 356 334 328 323 328 326 312 316 317 313 316 314 333 356 5 357 345 332 321 316 313 315 324 337 346 347 341 307 330 307 336 343 359 318 308 264 91 88 231 256 279 283 265 79 64 49 244 259 274 271 30
44 40 32 10 22 25 22 20 19 24 30 32 41 46 18 45 314 10 5 355 9 3 0 358 3 33 16 76 40 27 35 17 5 10 14 20 22 14 14 23 26 27 18 25 11 0 339 326 319 317 318 315 319 321 313 295 316 313 345 10 12 360 342 324 313 309 307 310 323 341 349 348 317 343 340 307 322 301 40 44 40 33 39 52 70 84 77 60 43 35 39 36 29 260 29 23
50 54 354 359 15 22 18 15 16 21 24 30 40 46 47 30 320 13 6 359 1 2 11 6 25 36 39 66 29 31 43 23 3 6 12 22 18 10 14 22 21 24 29 29 18 4 332 334 326 329 325 312 319 329 319 302 289 328 320 2 17 13 359 341 323 312 306 305 309 323 339 348 325 325 320 317 315 319 16 306 18 16 21 28 30 26 19 13 13 17 21 18 16 15 12 292
11 5 347 17 6 16 14 17 19 15 18 24 28 32 45 17 329 16 8 7 359 8 21 10 21 43 66 35 17 33 39 16 2 7 14 17 13 9 14 16 21 15 29 14 25 8 0 331 328 326 327 324 323 329 324 307 293 287 300 333 12 17 8 358 345 330 320 316 306 313 323 342 321 316 315 321 328 326 330 325 11 11 333 16 18 12 7 6 10 16 18 16 15 14 13 14
3 348 337 7 358 10 10 16 15 11 16 20 30 44 45 17 336 21 13 10 4 22 31 14 28 355 56 23 23 37 34 10 358 10 25 21 7 0 14 15 20 8 25 31 28 13 333 359 343 344 333 330 326 340 321 312 305 308 311 304 349 14 12 5 356 346 339 335 330 327 319 325 318 311 311 354 338 337 340 337 329 319 328 5 11 12 10 10 14 20 22 23 338 21 22 25
333 330 353 354 351 2 4 12 8 8 13 17 28 48 47 23 340 24 23 12 14 38 30 12 37 16 34 26 38 37 21 5 358 18 23 22 1 349 12 13 21 7 18 25 15 20 4 341 343 339 341 333 329 346 336 324 312 324 311 304 318 0 13 9 359 350 344 342 340 339 317 318 323 324 321 326 341 338 343 346 333 316 319 358 5 16 20 21 23 25 31 33 33 33 341 332
344 345 344 348 342 353 6 8 6 9 16 22 29 57 51 23 340 39 38 11 31 31 29 27 329 8 25 36 36 26 9 0 3 25 24 18 358 351 12 11 20 4 6 20 29 26 14 337 343 350 334 331 330 348 344 331 327 338 323 326 307 333 7 10 2 351 344 328 326 334 341 337 338 338 333 331 341 340 342 0 341 322 311 313 3 13 22 315 314 30 35 41 42 42 326 47
326 336 356 342 346 356 4 6 8 17 30 41 27 57 52 17 342 40 38 18 43 35 29 34 325 35 26 34 26 23 11 0 25 27 25 5 356 358 10 16 18 359 0 15 25 11 23 11 339 351 338 338 337 346 343 344 332 316 308 307 309 318 350 4 5 357 349 343 317 324 340 343 340 340 343 338 337 345 340 340 342 321 306 307 317 9 18 340 314 302 32 45 48 47 332 335
328 342 336 335 342 353 5 6 10 18 31 42 39 21 47 8 6 44 33 31 44 35 43 323 32 21 30 29 18 24 16 5 21 23 10 1 350 4 10 15 19 1 357 10 19 28 353 354 337 351 347 342 342 349 348 349 332 318 311 305 333 312 329 353 4 2 356 332 340 314 329 339 341 339 349 356 335 344 345 328 325 323 2 5 320 12 338 337 329 37 35 304 46 48 48 333
323 336 333 334 343 358 8 4 16 9 22 35 33 12 39 10 21 43 38 43 49 50 52 29 355 19 26 25 21 29 23 9 22 21 7 359 347 3 12 17 12 2 1 6 11 22 9 23 339 354 354 346 348 353 350 351 332 325 343 329 317 308 316 340 1 343 342 337 322 311 317 330 340 336 350 360 347 342 352 338 332 338 329 327 328 16 343 325 329 324 36 37 304 43 50 48
330 336 332 335 347 1 8 1 11 358 14 33 40 16 38 14 32 48 48 53 57 17 50 355 323 12 18 21 21 31 30 7 15 11 2 29 346 1 15 28 360 354 3 2 12 17 19 356 343 353 355 345 349 359 0 355 328 330 330 308 304 335 307 328 358 343 6 332 355 345 335 307 321 327 348 350 5 3 348 321 340 359 341 332 330 18 23 342 341 346 334 37 43 306 358 55
326 336 333 336 347 11 7 360 12 355 26 46 34 54 36 344 48 13 57 38 38 20 22 349 324 11 17 24 19 28 33 6 4 14 359 354 8 1 23 28 4 351 353 359 5 9 17 23 351 338 353 340 342 6 7 7 2 326 345 320 338 301 328 340 345 10 10 3 359 353 350 344 337 315 336 349 355 0 350 340 329 358 354 346 332 24 27 37 40 41 43 343 331 328 305 356
332 335 332 333 349 7 9 11 13 21 42 27 63 56 30 24 13 24 32 39 35 48 10 336 317 9 18 33 22 18 30 12 7 22 359 353 350 5 29 21 4 6 346 353 1 6 13 29 34 24 343 339 337 3 4 7 3 359 3 359 356 339 315 307 318 357 10 5 3 358 352 352 349 342 311 325 339 351 345 347 313 340 19 358 332 334 38 48 50 51 358 5 0 330 71 81
334 333 333 312 357 11 15 12 9 13 32 46 60 53 25 42 17 35 42 37 45 15 11 332 318 0 27 42 18 1 26 22 20 15 359 350 357 17 28 3 3 15 359 343 340 0 9 19 33 27 17 335 348 358 354 2 6 1 359 5 8 359 344 327 331 335 3 9 7 3 355 328 355 351 340 332 332 340 351 359 3 320 17 35 354 327 332 345 6 64 345 346 10 340 69 75
337 336 335 332 7 6 14 354 5 2 17 41 60 51 25 46 26 47 54 43 35 45 3 329 319 7 37 342 15 355 20 26 22 5 1 354 3 34 27 359 7 9 9 349 335 349 3 11 30 1 357 27 12 353 347 356 10 7 2 9 347 8 0 348 331 327 351 338 9 339 359 353 348 353 347 340 323 332 341 5 19 25 334 41 52 0 334 332 325 12 3 339 17 25 341 69
340 340 337 342 360 1 12 351 6 5 19 45 59 47 17 22 36 54 61 35 25 41 350 333 338 22 37 42 18 352 25 29 4 6 11 2 24 38 14 6 20 356 357 349 344 338 359 357 30 10 350 351 3 351 347 352 7 1 356 9 12 350 6 0 352 313 347 354 9 6 2 354 349 350 325 349 315 334 335 2 34 48 305 342 18 22 10 343 345 322 351 333 336 16 24 70
344 341 343 356 358 3 328 348 10 21 31 54 18 35 22 28 50 67 54 34 56 14 333 334 328 23 34 37 24 351 14 18 352 6 13 15 30 29 17 48 45 25 329 348 351 340 351 341 33 20 352 15 358 358 359 353 358 13 10 5 7 355 6 350 5 4 349 355 348 6 5 0 328 348 333 325 319 324 328 146 332 77 72 297 338 20 16 16 15 349 331 341 85 348 352 86
345 345 349 354 355 2 16 15 15 24 41 67 58 5 40 49 49 52 40 21 46 358 321 320 344 28 36 36 28 357 0 23 1 354 12 20 25 21 39 37 42 25 355 0 357 349 349 22 28 44 352 3 11 20 12 6 356 356 5 3 5 352 3 6 333 328 339 350 355 343 340 8 311 328 331 328 327 326 304 283 295 332 341 332 328 351 1 347 14 21 352 337 345 307 92 102
340 349 351 352 357 5 18 18 22 21 51 77 84 18 38 49 52 40 77 61 39 353 317 308 2 37 41 38 32 5 3 59 14 334 6 17 15 20 26 41 48 36 5 11 10 350 353 331 19 44 3 349 339 28 14 20 358 356 351 2 6 7 2 17 341 334 341 345 350 351 1 325 318 324 330 330 332 342 310 71 85 277 317 333 336 340 353 88 88 312 341 20 82 78 75 78
343 350 355 357 358 6 345 357 5 20 57 78 87 15 28 46 51 25 64 56 37 347 307 352 14 35 43 43 36 22 37 47 5 39 345 12 7 17 36 64 59 48 31 17 27 354 4 332 28 28 14 353 337 312 17 26 12 347 337 353 346 349 358 11 344 18 346 343 345 349 357 347 337 24 33 319 311 321 334 312 284 72 297 320 333 350 15 30 77 79 77 74 71 67 64 60
348 351 350 355 3 4 9 19 6 24 59 75 77 2 21 43 45 75 66 65 42 357 318 2 27 46 66 63 39 36 45 37 9 52 328 9 3 8 141 112 94 85 80 21 35 1 0 7 29 124 25 359 112 336 8 186 348 350 207 349 348 348 343 344 339 333 339 338 338 338 346 349 341 323 37 36 41 43 48 310 307 302 301 314 351 325 342 76 72 69 66 64 60 56 53 52
355 355 356 356 7 2 9 19 9 37 68 40 74 70 21 45 37 85 77 74 55 12 42 19 53 280 285 57 30 35 346 29 13 44 34 5 7 8 154 131 124 11 120 19 42 354 348 15 46 45 38 9 107 139 358 199 357 351 2 348 344 348 343 333 330 323 325 330 325 325 332 346 357 353 337 318 323 316 41 293 294 286 78 76 284 72 69 67 68 63 59 55 50 47 48 50
3 3 359 1 10 12 18 20 14 53 75 42 71 63 18 62 31 92 86 82 80 122 355 38 299 280 261 36 20 29 36 21 15 356 52 343 17 10 155 135 121 49 125 1 32 341 338 64 196 158 53 16 112 124 193 9 173 351 193 209 336 333 190 338 339 332 319 322 312 310 314 337 36 22 29 340 338 341 321 59 57 53 54 56 54 53 57 61 61 56 52 49 46 47 50 53
12 9 359 2 8 12 19 19 29 66 79 79 71 62 51 34 22 85 90 93 101 125 13 42 282 230 45 31 33 36 21 9 5 359 346 352 24 13 154 58 59 24 127 356 21 348 41 223 191 158 146 129 323 308 312 358 9 347 350 191 346 332 331 322 338 349 333 327 314 306 303 316 350 339 354 342 339 346 342 316 313 329 318 42 44 46 52 58 52 54 53 52 52 54 57 59
9 26 1 0 8 360 20 21 22 95 94 25 75 21 74 22 81 9 89 96 105 352 30 282 257 175 14 25 42 39 1 351 353 354 352 6 28 31 59 137 55 16 123 114 125 30 50 55 168 159 159 139 329 144 171 325 347 332 351 1 353 346 324 311 328 289 331 334 320 310 309 321 348 326 342 332 327 325 319 309 308 319 336 343 335 340 342 329 55 58 65 68 68 70 71 71
13 349 352 345 359 349 22 349 25 106 42 26 83 28 23 19 27 28 88 93 93 353 27 47 195 160 20 28 27 20 1 346 354 7 18 46 166 122 115 118 124 130 109 89 84 47 48 170 157 154 160 19 343 150 165 174 302 307 334 349 354 345 313 298 305 334 336 331 320 304 300 328 320 322 340 335 332 323 48 40 37 38 45 318 341 349 339 62 50 55 344 76 79 79 78 76
348 352 359 1 1 353 21 351 51 78 94 34 31 29 23 18 23 23 101 100 117 350 21 39 194 173 29 14 355 8 14 351 13 29 324 340 5 47 80 89 94 101 107 98 91 96 123 150 149 144 148 20 338 155 166 170 289 182 295 328 347 342 314 186 217 288 317 320 317 305 298 322 294 342 341 358 46 346 319 36 35 34 42 49 43 324 324 346 56 58 329 70 80 90 84 80
20 351 359 12 3 357 353 44 30 53 37 36 38 24 23 15 16 26 107 104 139 357 23 222 212 201 19 355 186 29 205 9 26 39 317 337 7 45 73 77 75 81 95 92 81 77 92 119 133 132 132 131 136 150 162 168 174 182 196 202 332 312 297 215 216 199 205 298 304 305 299 306 333 333 342 355 28 33 38 316 40 40 315 320 319 39 337 340 341 62 66 349 71 77 80 84
354 357 7 3 4 7 5 41 43 42 31 27 35 26 19 13 21 33 96 91 103 36 236 239 235 217 4 352 15 52 38 28 50 300 315 338 5 57 84 87 84 83 86 80 68 69 77 88 103 109 112 115 122 136 150 162 173 182 193 200 288 295 222 227 292 213 260 287 289 297 298 307 306 311 328 347 13 28 38 323 41 41 40 39 334 348 345 348 48 50 326 349 349 67 70 75
4 5 3 8 3 27 37 9 39 39 62 37 38 26 84 7 21 16 102 347 55 359 287 255 239 2 196 14 36 286 32 319 316 312 321 341 7 44 71 82 90 97 93 66 54 63 70 73 80 90 96 102 109 118 131 145 163 180 194 205 214 223 224 220 221 242 268 285 297 306 307 309 316 305 316 335 356 24 39 345 36 34 33 38 316 36 43 51 350 50 59 56 60 60 63 71
