examples/cougarCreek/createInputs/farsite/cougarCreek_polygonIgnit/cougarCreek_08-12-2015_0800_217m_non_neutral_stability_ang.asc
ncols	146
nrows	140
xllcorner	610065.000000
yllcorner	5095217.000000
cellsize	216.586807
NODATA_value	-9999.000000
[rows 0 to 48 of 140, columns 0 to 95 of 146]
61 32 49 71 90 54 42 42 47 53 60 66 72 73 75 62 67 53 31 27 27 36 50 65 75 77 76 74 74 79 79 84 52 46 43 43 47 53 56 56 54 50 46 45 46 52 57 57 53 11 33 317 19 2 13 12 360 346 9 8 8 352 3 1 1 343 356 354 354 355 357 358 354 348 345 348 349 347 348 349 349 349 349 350 350 350 347 339 331 327 316 306 319 305 305 301
61 32 49 71 90 54 42 42 47 53 60 66 72 73 75 62 67 53 31 27 27 36 50 65 75 77 76 74 74 79 79 84 52 46 43 43 47 53 56 56 54 50 46 45 46 52 57 57 53 11 33 317 19 2 13 12 360 346 9 8 8 352 3 1 1 343 356 354 354 355 357 358 354 348 345 348 349 347 348 349 349 349 349 350 350 350 347 339 331 327 316 306 319 305 305 301
102 64 66 100 125 97 65 42 80 98 109 122 66 97 116 108 106 62 51 30 32 42 55 64 67 67 125 122 80 80 79 120 66 63 44 42 92 52 45 329 13 313 282 38 345 32 313 271 300 292 298 301 334 360 11 12 1 348 8 3 346 346 348 341 340 333 353 352 339 356 360 359 336 346 344 330 327 349 348 349 348 348 348 349 350 351 349 344 337 333 322 309 312 290 280 284
111 82 73 107 118 105 101 86 84 69 102 113 79 85 132 117 115 96 85 57 41 51 67 62 61 71 136 121 76 74 147 132 104 104 96 83 84 86 83 122 87 43 50 30 37 3 315 27 288 291 308 327 334 351 9 12 0 5 4 357 351 350 353 346 346 350 351 343 343 360 345 342 350 345 345 335 336 353 350 348 346 346 347 348 350 352 353 352 350 351 348 338 324 315 315 288
33 97 72 99 114 104 80 89 52 53 93 102 62 61 86 136 125 95 96 89 59 54 59 93 62 63 76 130 128 134 136 136 113 107 113 97 90 97 73 59 34 51 15 350 20 6 0 9 334 326 319 324 329 351 352 352 339 7 0 2 357 345 350 346 349 354 343 353 358 346 345 353 348 346 336 343 360 355 348 345 343 343 346 348 351 353 354 356 357 360 358 352 344 335 326 318
104 89 71 94 109 115 111 106 100 91 86 93 78 60 76 83 134 93 89 68 66 56 59 91 101 64 72 129 128 136 148 166 120 120 122 101 100 101 103 64 125 86 316 317 3 2 357 356 336 331 330 327 331 349 339 334 352 1 0 358 351 347 348 344 355 345 341 348 344 349 353 345 342 350 354 1 344 352 344 341 339 340 344 347 351 354 355 357 360 0 358 356 354 352 343 325
127 95 74 75 99 108 107 76 97 101 92 87 97 59 53 74 145 109 68 65 68 67 66 69 104 62 137 119 127 143 154 149 131 133 126 103 106 112 87 87 90 185 273 290 298 346 332 333 21 3 356 348 324 321 332 345 350 355 352 351 349 351 347 350 352 344 343 343 344 352 342 340 353 353 356 340 356 347 340 337 335 337 341 346 351 354 356 358 360 359 357 356 358 0 0 351
118 113 105 98 97 111 111 98 90 59 92 88 94 76 69 61 135 129 109 64 68 68 66 68 100 66 72 136 126 78 167 141 131 170 135 107 123 125 119 102 111 166 236 269 285 302 326 10 4 357 319 315 320 327 331 334 343 350 348 349 350 346 342 354 341 342 345 343 346 342 352 355 340 337 354 344 351 343 337 334 333 336 340 344 349 353 356 358 359 358 357 358 359 1 3 1
120 109 104 98 93 103 111 110 103 99 101 62 61 103 56 53 78 136 113 63 70 71 60 63 102 72 78 141 129 144 165 146 165 179 140 120 140 140 125 121 138 137 201 217 7 287 300 334 320 324 314 312 322 326 335 334 338 343 346 348 346 348 346 343 342 343 343 342 343 341 354 337 348 351 339 338 349 339 335 334 334 336 340 343 348 352 356 358 358 358 358 358 359 360 1 2
124 112 103 97 88 91 94 101 104 101 102 100 94 99 118 72 78 79 128 69 71 77 68 64 72 114 79 142 142 143 167 158 164 165 142 128 141 137 118 123 160 210 210 332 281 350 293 297 326 325 321 325 318 315 308 323 331 338 341 343 349 352 341 341 342 341 340 340 341 342 343 353 351 342 340 355 346 337 336 337 338 339 340 343 347 351 355 357 357 357 358 358 358 359 0 2
49 127 123 105 98 87 82 90 93 95 99 100 98 95 67 68 68 78 137 108 78 104 77 69 71 109 79 136 137 140 176 158 159 171 143 133 140 132 125 144 171 211 34 266 284 344 283 297 304 330 354 324 295 299 314 317 327 337 338 348 348 341 339 341 342 343 343 343 343 344 345 347 343 346 346 353 343 338 339 341 342 342 342 344 346 350 354 355 355 356 356 356 357 359 2 5
42 118 124 122 114 100 84 83 90 95 97 99 103 98 101 106 60 76 125 119 81 108 85 76 76 95 81 141 139 147 176 165 177 171 148 137 134 132 140 142 164 70 225 10 348 333 275 280 301 319 313 303 292 300 309 316 327 335 340 349 343 339 340 340 341 343 354 355 355 356 346 346 352 344 354 349 341 339 342 345 345 344 344 345 347 350 353 354 354 354 353 353 355 1 7 9
93 83 87 95 109 102 90 75 75 88 91 93 97 107 68 72 69 135 114 119 108 113 118 90 84 83 84 126 132 90 176 167 170 79 150 141 142 141 133 76 151 85 45 249 332 270 258 284 294 301 294 282 292 301 301 310 325 331 337 344 344 352 340 342 354 354 355 355 354 354 353 351 345 344 351 345 340 341 345 348 338 347 346 346 348 351 352 352 353 353 352 350 353 2 11 11
19 27 52 78 91 94 93 58 41 44 77 89 92 99 65 71 72 134 128 118 112 110 120 114 90 88 124 134 131 96 175 180 160 160 146 137 148 152 80 86 142 92 24 324 264 246 253 276 288 284 284 282 292 294 302 311 319 331 335 337 344 351 353 340 338 337 335 333 331 333 346 347 348 350 348 343 341 343 347 349 349 348 347 348 350 351 351 351 352 352 352 350 352 2 12 12
20 51 60 72 77 85 96 95 78 46 50 76 82 83 93 57 62 68 131 125 125 118 126 130 96 92 122 126 137 101 188 178 155 155 146 138 151 152 96 101 100 93 315 255 242 245 256 283 288 282 279 287 288 289 296 304 316 325 332 334 334 333 331 335 334 332 334 334 333 342 338 335 346 342 345 343 343 345 348 349 349 349 348 349 351 352 351 351 351 351 350 350 355 3 16 19
64 72 80 81 81 90 102 105 102 80 58 77 88 80 74 82 53 50 112 108 114 115 121 136 124 114 121 132 138 103 182 163 160 117 149 151 147 97 103 106 190 99 283 250 242 251 272 280 281 265 273 284 291 298 298 307 319 321 325 331 329 325 326 327 331 334 333 336 341 332 333 346 344 343 342 342 343 345 334 347 347 347 347 349 352 352 351 351 351 350 347 346 352 5 26 34
66 70 77 90 87 82 92 98 104 101 84 83 98 101 79 53 49 78 85 91 98 103 112 92 132 118 125 124 101 160 172 156 160 165 156 159 112 104 104 158 112 127 238 263 251 261 271 273 267 260 263 285 296 295 293 317 318 326 319 326 330 327 329 329 332 334 332 338 334 339 344 347 341 339 338 339 341 344 346 346 346 346 347 349 351 351 350 351 353 351 345 341 343 355 356 26
78 74 75 87 92 82 79 91 102 108 93 81 84 87 81 60 54 48 73 57 85 88 92 79 131 119 126 124 103 159 165 162 164 161 167 160 122 112 108 166 114 144 227 246 254 261 268 265 263 262 276 292 294 284 300 308 304 323 319 319 324 326 328 326 326 332 335 338 343 346 339 333 329 327 325 325 338 341 344 346 341 347 348 350 351 350 349 352 354 353 347 341 342 352 329 349
103 93 89 91 105 103 92 97 109 117 105 89 79 82 92 93 85 84 86 79 86 93 84 95 111 119 122 121 136 159 165 167 168 146 172 159 134 121 146 168 185 215 230 260 255 255 260 262 258 269 280 287 279 272 291 292 288 300 311 321 322 321 321 323 326 330 333 345 342 336 333 334 331 332 327 327 332 340 341 345 348 348 350 352 350 349 350 352 356 354 347 344 347 359 8 336
120 109 98 95 103 105 95 91 102 111 102 94 84 82 98 103 106 95 95 88 85 94 79 88 94 108 94 118 145 158 165 170 180 194 166 155 144 135 148 167 187 214 228 256 256 255 258 260 269 278 279 271 296 272 289 290 290 300 313 320 320 320 315 319 320 325 325 325 330 331 334 333 330 338 336 330 331 328 327 335 346 348 350 351 350 349 351 354 356 354 347 346 352 360 3 328
28 117 103 94 100 100 95 91 98 108 95 93 110 85 78 88 91 97 99 95 86 101 78 67 83 103 89 114 140 151 162 172 182 194 175 155 148 143 137 175 147 170 226 252 257 260 262 266 272 272 275 265 270 283 298 280 292 305 308 318 321 321 320 319 320 323 327 329 335 330 335 331 330 329 337 330 332 333 333 330 339 348 349 348 349 350 353 355 356 353 348 347 355 358 317 322
93 84 90 90 93 91 86 85 91 104 100 96 116 118 75 67 69 78 80 85 85 97 89 86 89 100 105 119 134 150 161 166 184 198 177 156 160 144 161 145 159 192 233 250 256 253 257 267 267 261 264 260 265 265 294 277 311 305 308 320 321 323 323 321 329 322 325 325 333 331 325 326 330 334 332 334 331 330 336 338 347 346 347 347 348 351 353 356 355 353 351 352 357 5 8 347
56 59 65 67 76 78 74 81 85 98 99 90 94 138 102 76 66 69 72 87 89 90 85 78 79 94 106 113 126 148 157 163 194 194 177 162 154 145 165 147 170 211 239 252 256 259 264 265 254 252 254 281 287 257 293 300 308 293 311 320 323 326 323 329 327 321 322 324 322 327 328 327 329 338 328 327 330 331 333 333 333 346 345 347 349 350 352 355 354 352 355 2 8 16 22 5
66 56 56 38 59 66 76 84 89 99 102 90 90 119 109 101 91 86 82 87 95 93 93 67 58 84 91 113 120 138 151 162 182 190 171 169 157 148 165 151 181 219 241 253 255 258 260 257 251 253 269 276 287 291 299 304 309 316 323 315 323 324 326 316 317 319 319 321 324 330 325 334 326 327 328 327 330 336 341 337 336 333 346 347 347 348 351 352 352 354 2 13 20 27 33 18
9 45 29 39 59 64 72 79 85 90 105 97 89 97 108 98 91 85 81 77 83 90 97 90 64 83 102 114 123 126 136 156 178 191 180 173 159 157 172 161 194 242 248 256 257 254 257 259 257 256 270 276 283 288 296 286 292 298 303 325 332 321 334 334 330 325 323 323 326 328 330 330 329 330 327 327 329 332 348 350 344 340 349 346 344 346 348 348 348 357 10 20 25 34 44 27
356 45 58 65 76 80 73 79 81 82 97 94 85 84 103 100 93 86 83 78 76 87 93 89 74 79 99 115 120 116 136 160 185 196 188 172 157 170 187 173 206 243 250 254 256 261 264 263 257 253 272 276 279 282 288 283 293 300 321 321 327 323 333 326 328 328 327 330 329 339 335 333 331 330 334 330 336 333 335 349 351 353 351 347 344 346 347 344 343 356 12 21 28 14 28 30
324 9 12 60 69 75 69 66 72 74 85 87 85 84 84 96 93 88 87 83 80 87 87 80 67 72 95 113 116 119 135 160 185 195 182 167 171 182 198 226 235 237 246 249 251 253 253 252 251 267 269 273 277 279 282 292 307 315 316 318 313 319 325 328 331 331 340 344 345 341 333 335 334 333 329 338 340 347 334 333 349 350 351 349 347 348 350 345 340 346 3 25 39 11 20 26
16 51 55 59 57 64 73 70 65 66 81 90 92 86 73 82 82 83 88 84 83 90 87 72 55 62 81 102 113 122 139 155 172 181 175 174 182 196 213 226 232 235 242 248 251 252 253 256 257 267 267 273 278 277 282 294 305 309 312 318 325 322 333 336 339 346 345 346 336 330 327 325 325 326 331 328 330 328 338 332 334 337 350 349 347 350 354 349 344 342 340 290 334 350 15 17
92 85 80 69 62 64 73 87 87 76 79 96 81 91 72 77 81 82 89 84 83 89 93 78 50 47 66 82 103 121 141 155 156 170 179 187 198 212 219 228 235 239 245 252 257 261 265 265 256 267 268 275 279 282 285 296 302 305 310 317 325 330 325 336 337 340 341 341 334 331 329 326 322 320 319 317 319 321 327 330 333 336 351 349 349 353 356 354 353 358 360 14 276 0 14 15
110 102 91 80 71 66 70 78 99 92 90 92 99 112 97 81 87 88 93 89 87 94 99 97 74 59 60 70 94 109 135 147 154 169 179 187 205 218 222 230 237 245 253 257 256 258 262 253 266 267 267 272 279 285 289 291 293 299 306 312 319 326 332 336 336 335 327 327 328 330 330 325 327 325 323 323 323 324 327 332 336 341 339 354 355 360 359 359 1 8 12 14 23 344 8 19
82 119 113 108 94 81 69 69 78 82 79 88 93 56 104 86 90 93 95 95 96 102 104 110 100 82 69 68 88 98 124 142 161 173 185 200 217 215 229 237 243 251 259 259 255 255 253 265 265 266 267 270 276 286 288 284 287 296 305 299 306 315 330 328 329 327 326 325 333 333 334 341 339 331 331 331 333 333 333 333 336 339 345 6 9 7 4 4 6 12 14 17 28 345 3 13
359 88 109 93 93 86 83 81 79 84 79 74 79 83 100 86 78 85 81 84 93 105 110 114 106 92 83 73 82 92 111 123 170 184 195 221 220 214 232 242 250 256 260 264 265 261 259 265 266 268 267 267 271 280 283 287 296 302 307 298 304 313 327 325 328 330 330 331 331 331 331 332 333 332 330 330 332 333 334 337 347 341 3 10 13 10 7 9 14 21 21 19 32 8 359 6
0 4 271 120 101 109 105 94 86 86 87 86 96 97 102 97 77 71 68 65 72 82 93 106 110 106 86 81 82 87 96 113 164 197 208 220 217 220 232 237 248 258 262 264 267 269 271 265 268 270 271 271 272 276 280 289 302 308 297 298 301 306 313 321 327 336 338 341 341 340 336 333 333 326 324 329 329 339 347 348 349 353 358 1 7 13 13 16 25 35 34 29 33 37 5 3
1 10 352 312 140 130 121 109 97 90 99 103 102 97 108 105 87 71 56 51 57 65 65 70 84 99 107 90 86 88 93 103 154 207 225 229 231 236 243 249 254 258 260 264 272 274 277 264 271 276 277 278 280 281 281 284 292 303 304 303 307 304 309 316 320 321 323 326 324 315 315 327 331 335 338 329 331 333 339 345 348 340 352 349 0 16 22 27 38 47 46 38 38 42 7 2
323 339 67 357 23 123 122 120 114 110 104 97 101 104 92 109 96 85 76 70 65 63 63 69 66 78 86 87 88 92 95 95 117 226 240 241 242 247 259 266 265 265 268 269 272 276 278 266 273 281 285 282 280 280 282 281 278 283 294 298 302 308 304 306 312 316 316 321 333 327 323 325 330 324 334 338 337 330 327 330 337 332 351 315 3 20 29 39 49 54 52 43 41 46 3 2
60 64 70 91 49 84 116 105 101 101 93 74 72 81 103 95 107 105 116 124 100 79 68 67 64 64 66 74 84 91 95 85 70 277 259 252 252 252 253 255 260 265 268 266 265 268 274 279 288 277 283 287 282 273 272 277 273 269 277 288 291 293 307 314 328 332 335 335 335 335 332 331 325 340 332 334 330 328 327 325 323 347 338 332 8 19 35 46 54 57 54 47 42 46 9 1
86 79 84 94 56 50 91 110 95 90 84 76 77 78 82 95 103 108 110 95 74 69 70 73 71 64 64 72 80 83 81 77 59 325 277 263 260 297 278 269 265 265 264 263 269 266 265 271 280 273 276 281 283 277 271 272 270 266 268 276 285 294 304 308 320 334 338 339 340 332 340 340 340 337 340 346 345 342 329 343 346 326 334 336 10 9 34 49 54 54 54 50 44 51 14 2
83 85 92 94 90 88 102 86 82 75 71 81 86 79 67 65 67 62 53 47 49 59 69 67 70 66 71 83 82 75 68 66 47 353 302 289 282 276 273 271 279 266 268 265 263 273 275 269 272 278 284 273 274 288 275 270 268 266 266 270 269 275 284 296 310 321 329 332 335 338 340 344 330 341 334 340 343 341 342 344 348 326 324 298 328 15 40 52 54 56 57 55 52 58 31 4
295 309 98 87 77 67 73 110 65 65 72 81 78 74 67 68 67 60 55 61 64 63 69 72 65 59 75 86 83 74 68 69 43 332 308 305 298 268 267 290 285 278 277 278 279 277 275 275 263 271 277 281 281 284 282 280 278 276 268 270 270 272 276 280 273 292 283 288 295 304 311 327 340 339 336 338 343 347 348 348 352 0 10 12 10 11 64 68 62 62 63 61 60 63 63 1
312 81 69 68 64 57 83 52 69 75 84 85 82 86 84 84 78 68 60 60 60 61 81 83 68 65 86 87 76 75 73 67 39 305 293 302 301 295 292 269 271 289 274 275 279 278 277 272 269 267 267 270 269 272 279 281 278 278 281 273 270 269 270 270 269 269 273 278 283 288 297 290 298 307 317 327 334 346 357 2 5 7 12 15 17 318 45 76 75 69 65 61 57 54 53 353
330 34 40 44 44 58 61 57 73 76 86 96 100 103 91 90 78 60 51 58 66 77 95 85 63 69 90 89 81 78 75 62 26 338 293 286 286 286 292 297 288 282 283 266 261 261 265 266 267 277 275 273 267 262 265 264 261 259 261 258 266 273 267 266 265 274 276 273 282 287 294 302 303 285 286 299 311 329 355 11 19 18 16 28 46 308 23 55 70 72 68 61 53 46 45 48
308 333 24 39 55 63 55 61 71 80 90 96 98 96 81 82 65 50 60 81 94 102 98 73 57 75 91 93 90 85 73 50 19 337 296 289 290 284 278 280 289 281 276 276 278 280 268 265 283 283 280 281 268 280 273 271 268 268 253 247 261 256 263 270 277 281 278 272 273 277 276 292 299 301 299 309 300 306 330 11 26 27 25 35 56 46 275 36 56 63 65 61 56 50 48 48
3 28 37 61 76 76 60 69 68 76 89 95 91 81 72 63 56 68 90 103 109 104 84 52 62 91 99 95 93 90 73 53 33 6 339 315 297 289 282 275 277 280 276 272 270 268 274 278 282 269 281 280 283 281 275 250 248 272 272 270 243 270 266 240 240 236 232 232 234 234 230 232 233 234 243 257 300 323 303 346 32 38 39 41 47 47 36 294 39 62 62 61 58 54 52 50
1 53 84 300 91 75 74 71 70 82 88 79 70 64 51 44 63 74 91 104 105 90 63 49 76 101 96 87 89 91 75 57 43 27 14 350 312 298 291 280 272 273 273 267 259 260 265 267 270 275 275 274 281 280 276 275 272 270 254 241 238 233 231 238 247 255 258 256 272 254 270 268 265 265 269 246 250 255 307 322 40 60 57 49 43 47 49 55 72 72 67 65 61 56 53 52
337 324 279 89 68 55 78 71 77 79 63 49 39 49 50 53 58 53 79 92 87 73 59 62 85 95 82 76 88 93 74 57 43 33 28 20 345 316 305 296 283 270 258 258 262 267 271 276 278 275 268 268 272 270 263 253 242 241 242 247 248 245 250 266 274 284 295 300 300 300 302 302 300 299 302 303 294 298 253 356 329 77 69 53 43 51 57 59 59 67 73 70 29 63 28 28
73 86 73 59 58 63 62 69 73 55 104 34 48 64 65 58 38 64 92 94 90 80 74 63 78 81 69 74 94 92 72 57 50 41 33 21 5 356 342 314 293 309 293 289 293 281 278 275 280 283 271 255 251 249 246 241 247 249 256 264 269 279 280 282 285 293 292 294 305 294 287 298 297 295 294 290 323 284 263 252 34 155 82 63 55 57 67 69 68 67 78 77 69 67 28 72
336 121 169 42 54 60 46 49 43 97 31 46 61 65 60 54 56 92 103 103 99 81 63 41 48 57 60 78 93 82 66 57 53 47 39 28 7 351 340 342 340 330 325 321 319 298 292 277 267 252 253 254 260 262 259 256 257 270 281 289 292 291 288 285 285 283 302 299 284 291 295 300 304 289 289 300 334 291 268 247 270 117 101 79 69 68 73 76 79 84 333 90 75 68 70 72
48 81 116 58 59 55 100 27 34 26 46 56 67 68 71 86 125 158 107 100 89 63 34 19 31 44 64 83 88 78 66 61 61 50 47 39 4 350 345 335 347 336 340 343 320 317 300 280 275 264 261 268 280 280 274 277 285 287 290 292 287 285 284 283 281 280 278 278 275 269 262 273 271 272 278 285 292 343 7 250 248 70 121 94 75 78 79 77 79 89 98 98 89 34 72 72
61 76 61 39 79 81 148 31 53 49 60 67 72 80 97 126 140 148 100 89 73 38 16 25 40 53 76 82 80 78 71 64 68 51 52 52 356 347 345 345 346 345 344 354 326 308 290 299 283 275 283 298 307 308 301 298 297 293 287 285 286 286 285 282 276 267 258 252 266 265 260 263 267 267 266 267 281 231 267 233 228 274 133 104 79 74 76 78 77 77 83 98 26 94 34 36
