examples/cougarCreek/createInputs/farsite/cougarCreek_polygonIgnit/cougarCreek_08-13-2015_0400_217m_non_neutral_stability_ang.asc
ncols	146
nrows	140
xllcorner	610065.000000
yllcorner	5095217.000000
cellsize	216.586807
NODATA_value	-9999.000000
[rows 84 to 125 of 140, columns 0 to 95 of 146]
357 352 346 352 346 347 314 311 336 333 313 309 325 318 322 319 317 316 347 338 309 310 315 322 326 5 359 350 339 318 343 330 323 335 338 337 323 314 327 264 270 273 295 311 306 303 313 251 251 278 294 254 262 256 245 245 252 253 252 256 257 283 252 282 250 243 298 301 294 246 251 257 303 324 307 301 300 312 315 211 317 174 148 273 330 22 10 11 8 300 261 218 142 200 309 140
356 353 350 348 345 345 345 336 341 314 312 309 311 332 352 319 349 352 343 333 308 311 316 319 336 4 358 349 342 317 333 340 328 328 339 330 325 321 322 279 280 280 275 308 307 307 293 294 253 252 291 288 256 244 240 243 281 253 255 257 257 285 255 252 291 290 291 300 301 298 294 264 282 303 312 305 307 309 287 274 290 320 324 295 286 338 343 319 3 29 315 270 266 210 132 132
349 355 351 345 346 346 346 342 342 314 310 308 311 343 353 351 345 342 311 309 307 311 317 317 349 358 358 349 344 329 333 342 333 310 338 329 331 336 289 286 279 271 261 315 319 307 312 254 256 255 291 288 289 241 241 244 246 276 253 254 253 253 256 255 289 300 296 300 307 310 262 297 294 299 307 310 312 321 282 214 189 275 309 320 313 326 329 138 136 252 301 190 127 125 122 122
351 355 353 348 346 344 318 317 316 315 310 308 313 342 346 351 345 329 311 308 308 311 314 338 354 2 358 351 347 342 343 334 329 296 326 334 331 333 325 280 271 259 248 322 305 310 316 255 290 281 288 289 265 243 243 245 246 248 251 274 278 278 255 256 294 257 300 299 305 311 320 305 301 266 254 293 289 302 313 289 272 96 291 312 310 332 15 38 131 121 116 117 120 123 125 125
354 356 347 346 348 345 342 343 317 316 310 308 314 328 346 349 343 311 310 306 308 311 313 348 2 6 358 350 350 348 347 342 332 298 313 335 329 330 274 269 259 248 243 321 296 304 309 306 287 248 281 288 244 290 270 246 267 267 249 274 276 277 278 252 289 296 297 297 302 307 313 311 307 296 255 277 289 290 284 291 290 290 292 307 338 312 326 121 126 119 115 117 120 123 125 126
359 356 352 347 348 341 342 344 316 314 309 323 313 318 346 350 342 307 307 304 306 311 316 358 13 307 305 329 345 347 305 341 335 302 300 337 332 329 268 262 252 312 246 324 293 303 304 301 278 277 277 289 247 246 273 248 268 266 275 273 284 274 276 280 285 283 291 292 294 299 304 318 322 312 295 294 299 291 320 279 282 278 49 59 281 85 88 103 114 118 117 117 119 122 124 124
1 357 352 349 348 346 346 342 315 314 309 326 313 319 344 308 341 304 304 303 306 309 341 5 310 307 305 345 339 345 347 340 339 321 305 321 334 327 266 260 257 288 251 301 301 292 299 270 251 251 273 284 250 249 251 279 250 268 250 251 278 285 252 284 288 287 288 290 288 290 299 315 256 260 265 307 308 312 299 309 329 359 21 39 49 57 74 93 103 111 114 115 116 117 119 120
2 354 346 347 346 345 345 342 313 313 309 308 312 317 315 347 335 304 303 302 306 310 351 4 310 306 348 346 348 342 339 337 333 330 317 329 338 328 263 322 295 309 249 304 310 301 285 257 255 254 256 255 277 270 268 275 274 271 275 252 280 272 284 277 292 260 293 283 282 282 285 303 263 264 318 305 308 314 309 296 299 313 306 30 46 58 74 89 97 103 108 108 107 109 110 111
355 2 341 343 347 341 345 340 339 308 304 326 309 335 310 341 304 327 302 303 307 331 359 311 310 304 337 346 349 346 331 328 331 331 325 336 343 316 327 263 303 315 255 260 261 291 287 283 256 256 258 256 280 252 252 283 276 272 279 273 278 286 274 275 293 264 266 297 284 283 287 306 269 271 306 300 305 303 299 291 295 306 325 332 328 333 342 323 92 95 100 101 99 101 103 104
357 318 317 318 338 333 346 308 338 303 345 329 306 338 334 337 341 326 303 304 309 332 352 3 308 303 339 345 346 338 329 321 333 340 343 333 283 277 271 273 275 273 273 273 272 297 294 259 258 258 256 288 283 253 255 255 271 278 278 275 278 277 273 272 279 294 293 284 290 277 279 310 272 275 304 307 303 291 294 301 313 328 348 311 332 339 334 85 83 89 31 93 91 93 95 96
322 317 316 319 339 335 347 309 307 304 300 339 335 331 333 335 337 334 301 304 308 327 350 358 305 303 341 337 331 341 340 327 345 349 300 297 294 290 285 285 288 289 283 275 268 266 265 263 261 259 257 284 281 256 257 258 272 259 274 278 276 283 279 256 260 276 291 289 291 279 280 304 272 305 309 317 278 307 292 301 307 321 350 18 17 309 310 336 89 92 321 89 92 98 91 89
358 314 332 318 338 333 316 353 307 338 341 339 336 328 331 332 338 339 300 303 305 337 349 304 303 303 337 326 306 351 299 339 348 347 304 302 301 302 297 292 292 291 285 277 270 269 269 267 264 262 262 262 262 261 260 261 262 263 263 262 283 274 272 261 262 265 266 281 282 283 281 290 305 304 313 324 278 280 283 285 288 294 298 305 303 21 312 321 317 99 91 336 94 90 85 86
314 314 340 333 335 339 316 353 346 346 330 337 338 327 329 328 342 344 302 305 307 354 304 305 305 305 334 328 346 355 343 346 357 308 308 307 306 304 296 289 287 287 285 281 276 273 272 270 268 267 266 266 266 265 264 264 266 266 266 265 274 273 264 263 271 263 267 269 268 281 283 290 289 295 308 317 278 272 269 281 280 287 299 332 316 328 324 324 82 76 301 326 312 81 74 75
313 316 338 337 332 350 356 314 350 352 308 342 339 332 306 330 338 336 302 321 310 310 309 308 305 333 306 344 345 311 345 314 313 312 313 312 310 307 297 289 287 287 287 286 283 278 275 272 271 269 268 268 269 268 268 269 270 270 269 269 268 266 264 263 262 263 264 267 269 271 275 278 280 291 294 313 326 265 259 299 271 283 299 335 292 48 88 121 307 81 84 76 78 66 58 72
308 315 321 340 339 316 350 316 315 309 347 346 333 326 307 308 337 327 326 347 309 311 312 311 336 329 334 309 347 348 345 314 314 313 314 313 311 309 300 291 288 292 295 294 289 282 277 273 271 270 271 272 272 271 272 273 274 274 273 272 270 267 264 264 264 264 265 267 270 266 277 279 278 289 291 300 316 261 257 310 289 288 270 293 195 302 336 174 202 319 330 89 95 78 75 71
306 335 318 340 2 313 337 315 314 351 357 306 332 319 309 317 328 327 331 312 312 349 309 310 307 336 338 339 340 349 348 357 312 313 314 315 313 308 298 284 286 298 305 301 292 284 279 275 271 272 276 276 274 274 276 277 277 277 276 275 273 269 266 264 265 266 266 267 269 273 274 273 283 280 282 288 302 315 262 261 298 247 291 298 305 298 306 214 213 202 324 123 160 170 135 305
313 349 312 352 316 335 338 347 343 312 311 307 328 309 318 311 328 322 332 311 312 308 305 343 346 340 336 335 335 351 311 312 313 315 316 317 316 314 308 294 297 308 316 308 298 290 285 279 276 276 278 278 276 277 279 281 280 280 278 277 275 273 270 259 266 266 265 265 268 270 270 267 264 262 263 278 287 292 266 258 298 296 278 277 295 288 238 297 232 313 305 186 201 199 167 313
313 312 313 13 315 339 355 312 311 349 306 344 327 330 323 320 326 319 328 340 306 305 303 304 304 305 338 333 333 355 311 313 314 315 316 319 321 322 322 311 308 317 323 313 301 294 288 284 280 277 276 278 280 281 282 283 282 281 280 279 278 277 274 271 267 265 264 264 266 267 267 264 268 267 262 262 273 281 294 301 291 280 271 261 254 248 250 261 242 281 220 293 310 239 182 143
310 313 318 315 318 345 312 343 326 358 304 343 342 335 332 327 306 316 324 324 304 356 354 304 305 306 341 337 343 311 312 314 314 314 315 319 321 322 318 308 302 307 315 308 298 292 288 285 281 277 276 279 282 283 283 283 283 281 280 281 281 281 278 275 270 267 261 259 261 260 258 256 255 259 267 271 273 273 279 288 273 269 270 270 277 270 274 276 267 240 238 242 223 239 267 292
312 313 316 318 10 310 338 342 343 314 308 345 302 326 347 335 305 317 312 320 360 306 359 319 343 343 340 338 338 311 348 345 314 314 315 317 317 313 304 292 282 283 295 299 294 290 288 286 283 280 278 278 279 281 282 284 284 283 282 282 284 284 272 280 277 266 262 261 263 261 258 255 251 255 263 269 273 278 282 292 281 278 271 272 302 235 219 298 303 210 274 268 262 266 276 288
313 311 308 311 312 359 308 328 4 312 311 309 335 331 306 326 320 318 311 334 314 8 352 305 337 342 340 337 344 343 343 344 312 314 315 315 313 306 297 289 285 287 294 297 295 292 291 289 286 282 278 275 275 279 283 287 288 286 284 285 286 287 286 285 282 270 267 267 269 263 263 261 262 261 260 262 271 276 281 293 283 279 279 273 285 308 304 203 302 209 215 305 198 296 290 283
322 311 305 306 310 305 351 312 323 346 308 312 311 353 309 310 322 316 310 333 357 309 306 340 342 307 333 311 344 340 311 311 312 313 314 314 313 308 304 301 299 299 301 300 297 296 294 292 289 284 280 277 274 276 282 290 292 289 288 288 290 292 291 288 280 278 277 280 276 272 268 270 269 268 266 265 268 272 270 269 278 285 285 278 282 302 302 296 285 320 225 307 310 212 190 276
323 318 309 306 310 312 308 312 3 315 347 306 332 340 306 308 323 317 311 320 356 349 334 306 309 342 307 311 345 311 312 312 313 313 313 314 313 310 308 308 306 304 303 301 299 297 296 294 291 288 286 282 276 275 283 294 297 293 292 291 293 295 294 290 287 286 286 285 283 280 277 275 273 276 270 266 263 262 262 271 277 284 286 272 264 263 277 287 274 279 234 300 287 242 197 313
329 322 314 309 311 312 312 316 316 320 348 336 346 303 334 335 306 309 312 315 2 353 304 336 310 308 340 339 309 311 312 312 314 313 313 314 11 355 330 313 311 307 304 302 299 297 296 295 292 290 289 286 282 282 286 294 300 296 294 295 296 297 295 291 289 289 281 280 279 278 278 280 282 281 276 272 271 273 281 286 283 281 287 279 262 274 261 269 268 266 296 298 285 271 286 288
317 316 319 310 308 308 308 313 321 359 313 351 303 341 340 335 320 320 323 322 9 311 337 341 342 348 338 341 309 338 312 311 342 311 313 5 315 313 314 317 315 310 307 304 301 327 297 295 292 290 290 291 289 287 285 287 294 296 296 296 297 298 296 292 291 283 285 287 285 283 282 286 285 284 281 281 280 282 285 287 291 287 285 293 296 285 274 272 275 275 283 288 269 247 248 263
308 313 328 314 308 306 306 308 318 325 321 309 349 342 345 333 302 324 329 333 358 351 329 338 332 338 341 308 308 339 308 340 309 310 354 314 355 311 313 317 316 312 309 306 343 300 298 296 294 293 293 294 290 285 281 282 288 295 298 298 298 300 300 296 294 295 286 286 287 291 288 286 288 284 282 286 283 280 281 285 286 284 282 287 302 307 295 292 297 290 277 263 263 275 283 291
301 309 318 324 311 308 306 305 315 328 327 309 348 309 308 331 327 343 302 336 348 343 337 336 338 332 337 338 335 341 343 309 354 359 355 358 351 311 340 315 315 312 310 350 343 331 299 297 297 296 296 296 291 285 283 286 290 296 299 300 301 303 304 300 297 297 285 284 285 286 284 279 277 281 286 284 281 278 280 283 284 286 287 288 295 310 307 299 310 308 307 299 284 294 300 300
296 301 311 318 313 309 308 305 310 323 323 312 312 310 339 336 305 303 305 310 313 310 308 344 342 341 333 341 339 308 338 311 353 352 354 349 312 313 315 5 5 1 356 348 340 334 299 298 298 299 299 299 295 291 290 292 295 297 299 300 301 304 305 302 298 295 292 290 288 285 282 278 276 274 276 282 284 284 283 284 288 287 285 284 287 301 306 296 295 299 311 276 299 292 304 259
296 297 301 309 315 311 306 303 306 322 4 318 347 341 331 343 309 306 306 311 313 311 311 348 342 341 338 309 310 342 349 353 348 313 348 333 312 313 1 2 6 1 355 350 342 302 301 300 299 301 302 302 300 296 295 294 295 295 296 298 300 302 304 301 297 295 294 293 292 290 289 292 290 287 284 284 287 287 285 286 294 296 290 293 294 299 311 311 305 307 308 281 282 296 288 301
298 299 300 303 306 304 307 306 303 313 323 4 339 325 331 340 308 307 305 308 312 314 312 348 349 345 339 339 337 340 344 339 338 312 310 311 312 352 357 359 0 357 359 351 334 305 305 303 300 301 303 303 301 298 295 293 293 293 294 296 300 301 301 299 295 293 292 290 289 293 293 289 295 296 292 290 291 292 292 289 294 303 292 289 289 289 300 310 309 312 311 303 317 299 273 260
297 299 299 299 302 305 305 305 306 307 343 317 306 334 341 335 304 303 301 302 306 311 311 347 354 346 337 337 336 339 338 342 312 309 335 311 351 356 351 354 358 5 360 309 309 308 308 306 302 301 302 302 300 297 294 292 291 292 292 294 298 299 297 298 296 295 293 292 291 290 290 289 288 292 293 294 298 301 300 295 297 303 293 286 283 284 292 300 301 312 314 299 305 316 271 295
297 298 299 300 303 307 309 309 306 303 309 317 349 345 314 304 305 304 302 301 327 344 344 3 352 332 343 336 338 336 341 345 347 338 308 311 352 351 315 354 3 5 353 339 333 308 308 306 302 300 300 299 298 295 293 291 290 290 290 290 293 294 292 290 292 292 293 292 289 288 287 286 287 291 294 293 294 294 290 289 293 300 300 299 292 290 297 301 297 300 307 302 303 294 255 312
299 299 299 299 301 304 307 308 308 310 315 317 347 351 310 310 306 303 305 305 307 344 344 351 339 337 338 335 339 340 339 344 346 341 308 354 352 346 314 357 3 359 349 336 330 329 306 305 302 300 299 298 297 294 291 290 290 288 287 285 285 288 287 294 290 288 288 288 289 288 289 289 290 292 294 294 290 288 282 279 281 286 291 291 289 289 295 299 302 312 291 285 281 288 268 260
301 300 297 295 296 298 304 308 310 309 310 306 305 316 314 310 306 306 307 308 311 353 2 344 321 308 338 337 335 330 339 344 353 350 347 345 311 312 349 359 357 355 347 335 329 328 327 304 301 299 297 295 294 292 289 288 288 286 283 281 281 284 297 283 292 289 286 285 288 292 292 288 289 290 290 290 290 290 287 284 283 281 279 282 285 291 300 290 299 288 283 297 280 276 286 292
308 302 298 294 295 298 304 310 313 312 310 311 314 313 342 312 307 306 307 308 310 349 306 326 304 310 337 335 337 330 336 355 356 351 348 342 334 344 358 357 353 351 344 333 329 302 326 322 299 297 294 292 290 289 287 286 285 284 282 280 291 294 282 280 293 293 290 285 285 291 294 287 284 283 282 283 285 286 285 284 286 294 290 287 288 296 316 298 299 286 276 309 309 287 276 298
308 304 301 296 295 297 302 309 311 314 309 306 306 313 316 357 307 307 347 306 340 348 353 302 303 333 336 339 337 337 339 355 354 350 344 338 340 354 1 352 348 346 339 332 325 324 323 319 315 294 291 288 287 287 286 285 283 283 296 294 292 292 296 295 293 292 291 288 282 284 292 293 287 283 280 283 288 291 296 288 283 296 297 291 286 297 320 309 301 277 278 312 282 280 310 288
303 304 304 301 296 297 301 305 309 313 307 300 297 302 314 322 347 349 355 339 346 303 350 340 332 330 331 341 332 320 330 315 350 350 341 340 351 355 353 349 342 343 338 333 330 326 322 319 315 311 306 286 285 284 284 282 295 294 295 296 294 293 293 295 295 293 289 291 283 280 287 293 291 289 286 284 285 286 292 300 285 284 289 285 279 279 295 308 308 280 277 313 285 284 286 272
306 300 303 304 298 297 299 300 302 305 308 301 297 299 306 308 356 2 339 338 345 354 341 346 338 330 332 339 338 308 338 346 350 351 339 346 360 356 353 341 340 339 339 334 332 327 322 319 316 311 306 303 300 298 296 294 294 293 293 296 297 295 295 297 277 276 289 290 286 279 281 288 288 285 281 280 279 280 285 294 287 288 290 286 273 262 263 273 270 303 281 309 282 290 273 276
307 296 298 308 297 293 298 295 296 304 311 305 300 300 303 313 314 12 308 345 343 346 340 335 305 305 343 343 328 307 329 348 351 349 340 352 358 349 347 339 336 341 339 335 331 325 322 320 317 312 307 304 301 298 296 295 293 291 291 295 300 297 293 298 277 275 294 293 293 282 276 274 276 277 276 279 280 281 287 293 288 291 295 294 294 284 270 278 280 268 289 295 310 273 276 278
309 296 292 296 300 295 299 293 293 299 307 309 301 299 301 310 325 21 338 340 344 346 342 336 307 310 350 305 306 310 317 344 343 340 342 352 353 347 342 334 335 339 337 333 330 322 319 320 318 313 308 304 302 298 296 294 292 291 289 292 300 298 292 297 300 273 272 293 292 287 282 280 280 280 279 278 279 280 287 292 295 294 300 298 305 311 306 302 287 283 292 301 310 278 280 281
313 303 292 291 292 298 302 298 294 296 306 318 304 299 298 304 317 326 346 313 349 349 344 337 308 312 310 307 306 310 313 337 340 339 350 353 351 347 341 338 340 341 337 332 328 323 319 323 319 315 309 304 300 297 295 293 292 290 288 291 297 295 293 295 298 273 270 292 288 286 286 289 290 289 287 282 282 283 290 291 293 304 276 309 304 314 318 266 302 293 272 293 291 281 282 293
311 311 304 287 294 296 300 301 298 295 302 313 309 302 297 300 316 325 311 317 308 346 344 341 335 334 310 308 331 311 313 327 343 350 359 352 350 345 343 340 342 341 336 331 326 323 320 323 318 314 309 304 301 297 293 291 289 287 286 287 289 286 284 284 287 295 296 294 274 269 282 289 293 295 295 289 285 283 288 291 292 305 314 317 308 310 267 268 307 286 290 277 279 294 282 295
