examples/cougarCreek/createInputs/farsite/cougarCreek_polygonIgnit/cougarCreek_08-10-2015_1600_217m_non_neutral_stability_ang.asc
ncols	146
nrows	140
xllcorner	610065.000000
yllcorner	5095217.000000
cellsize	216.586807
NODATA_value	-9999.000000
[rows 42 to 83 of 140, columns 0 to 93 of 146]
163 164 168 171 174 169 172 168 169 168 167 180 179 180 179 177 176 179 177 168 157 158 151 152 149 137 151 149 158 159 161 148 141 144 140 138 136 137 136 136 136 144 144 144 142 137 142 156 159 164 163 164 165 166 166 167 166 166 168 169 168 166 166 165 162 159 157 157 158 159 158 157 156 154 152 150 150 150 151 157 172 174 150 146 161 158 153 149 147 148 148 147 148 135
165 164 166 167 171 175 170 168 167 166 178 178 177 178 175 175 177 177 174 169 165 160 153 154 151 153 144 154 156 158 163 158 152 144 144 139 139 138 138 138 136 135 134 136 158 156 155 156 146 161 166 165 162 162 164 165 164 164 144 166 166 166 166 164 162 161 161 163 164 164 163 163 162 160 158 154 151 148 147 148 156 166 159 147 160 158 155 152 148 147 147 145 150 144
164 164 165 164 165 170 168 166 165 177 175 171 173 177 176 177 175 175 170 166 167 160 156 161 149 146 150 154 148 153 159 158 159 154 150 143 144 143 142 142 151 145 160 156 153 154 143 148 164 170 169 167 163 162 164 166 168 167 165 165 167 168 165 164 163 162 161 163 164 164 162 161 161 159 156 163 159 153 149 146 149 162 170 145 159 144 155 154 151 149 147 145 149 144
162 161 162 163 167 168 167 166 163 171 168 171 177 177 178 175 170 176 167 163 166 165 163 162 160 149 150 158 146 155 154 156 160 157 153 149 147 146 145 145 147 167 161 155 153 143 142 162 170 174 174 157 164 163 164 167 169 166 163 162 165 167 165 162 159 150 148 149 151 150 149 157 156 153 152 151 149 145 155 147 145 155 163 141 155 153 141 152 151 150 148 146 145 139
159 159 170 161 166 165 174 175 173 166 170 176 175 175 175 174 177 172 164 161 165 163 162 160 156 151 153 146 143 152 151 153 155 156 151 145 148 150 147 147 165 165 160 149 144 148 154 168 168 178 178 169 162 163 167 168 166 164 162 160 160 162 159 151 149 147 148 148 149 154 155 154 152 153 151 152 150 147 162 155 150 154 154 158 132 152 152 151 150 150 149 147 145 146
155 160 160 159 160 165 167 172 172 168 176 176 174 175 177 175 156 166 166 162 166 159 157 157 156 155 157 145 149 142 153 155 153 153 148 140 144 149 149 150 149 147 153 150 151 156 171 176 179 181 177 168 163 165 168 166 164 162 155 150 150 149 148 149 149 150 150 150 153 155 153 151 148 153 152 152 153 153 147 165 162 161 156 148 132 152 152 151 150 149 148 146 145 145
151 164 169 171 170 169 167 175 175 175 175 161 174 174 156 154 169 167 169 166 162 155 155 159 159 165 148 145 152 153 156 158 159 151 140 134 141 149 149 157 158 154 159 154 153 152 171 157 180 178 171 166 162 163 165 158 151 150 159 162 159 153 153 159 159 157 156 156 154 151 148 147 148 147 150 150 148 157 149 169 168 165 158 151 161 138 153 152 151 151 149 147 145 145
160 157 166 162 161 170 174 164 162 175 175 160 159 157 167 171 172 170 166 165 162 157 159 162 163 168 163 164 160 151 156 159 161 154 140 132 136 144 145 152 155 150 154 159 154 169 153 174 176 172 167 158 166 157 149 148 148 150 154 160 167 169 168 158 149 150 149 147 147 148 147 146 145 151 149 149 148 147 145 146 169 164 157 151 152 155 160 129 153 152 122 149 145 144
149 156 159 159 165 157 156 162 161 161 160 158 157 166 168 166 166 162 162 164 161 161 161 160 160 163 157 162 143 152 155 158 159 153 146 135 137 143 143 148 149 146 147 154 162 163 162 165 169 171 165 164 169 169 165 153 161 162 153 154 163 167 171 173 156 147 146 144 145 144 145 144 152 151 151 149 169 150 146 146 169 165 157 151 149 152 154 155 154 135 124 120 148 146
146 150 155 163 156 156 162 162 161 161 159 156 156 169 162 161 161 161 163 163 158 157 160 150 160 163 173 145 135 150 154 157 158 152 146 139 142 145 145 146 143 140 139 144 152 155 160 164 166 168 168 169 167 172 169 137 158 159 161 150 152 162 169 173 172 166 158 150 150 162 165 153 159 159 161 162 162 162 168 153 169 166 161 154 150 148 149 151 153 153 140 127 117 149
154 150 165 153 154 161 162 161 173 159 157 170 165 162 159 158 158 160 161 159 157 159 156 142 162 150 156 147 151 152 154 155 156 151 142 139 142 145 144 143 138 135 135 138 143 149 152 153 154 157 162 164 165 168 167 181 144 159 142 147 148 150 164 168 171 171 173 170 167 168 173 173 170 173 172 171 170 168 167 167 146 166 164 160 155 151 148 147 148 150 151 151 151 149
144 155 150 151 160 162 171 171 172 170 168 159 152 152 150 148 147 159 158 156 161 155 155 153 171 155 155 158 154 152 151 154 155 150 138 137 139 137 132 129 131 131 132 134 138 148 149 152 152 153 153 154 157 163 162 169 154 152 162 163 162 164 170 169 169 171 172 173 174 173 172 172 173 173 172 171 145 142 166 166 165 164 151 161 159 156 152 149 148 147 147 148 149 149
142 156 158 159 165 166 170 170 170 168 159 151 153 153 165 160 148 163 160 155 142 142 155 160 163 161 162 158 153 152 149 155 152 152 137 138 147 143 134 135 138 134 129 130 145 145 146 152 153 153 153 152 152 152 157 158 160 162 165 166 166 170 170 169 169 169 170 172 174 174 172 170 171 172 172 171 169 168 166 164 162 161 161 160 159 158 155 153 150 147 146 146 147 147
140 150 156 162 155 161 161 168 164 161 153 154 155 155 166 162 149 161 144 143 154 158 159 159 162 159 159 158 152 153 152 156 153 152 140 140 153 156 150 145 145 145 133 129 147 145 151 152 152 153 154 153 151 150 149 154 156 161 163 165 168 169 169 169 168 167 168 170 172 172 171 170 169 169 169 168 167 166 164 161 160 160 144 134 158 157 155 154 152 150 148 147 146 145
141 139 153 155 151 164 156 161 152 153 155 156 154 154 164 150 148 145 138 155 156 156 158 158 156 158 159 152 152 151 152 156 152 150 139 135 152 153 144 147 147 149 143 130 128 148 145 150 149 151 152 153 152 150 148 149 153 156 158 162 165 166 167 168 169 170 170 170 169 170 170 171 171 170 167 165 164 164 161 159 158 135 157 156 157 138 155 154 153 152 150 147 147 145
138 140 154 144 149 149 155 149 147 148 149 157 146 147 151 148 145 158 148 150 156 155 158 144 154 159 156 149 153 152 157 156 152 156 129 131 153 148 137 146 145 147 147 141 128 149 149 147 150 150 149 151 152 151 150 152 154 156 158 160 162 163 165 166 167 169 170 169 169 169 170 172 172 170 166 164 164 162 160 128 159 157 155 153 153 153 152 151 147 146 149 148 146 146
141 145 148 148 149 153 152 147 150 151 164 157 145 145 164 145 138 134 137 142 158 158 140 139 156 159 141 149 153 153 158 156 154 157 133 129 147 146 139 148 142 140 145 146 141 129 130 150 150 148 151 151 140 151 151 153 154 155 158 160 161 162 163 163 165 166 167 168 168 170 171 170 170 168 164 163 150 140 135 128 160 158 156 154 152 150 149 132 148 148 147 146 145 144
142 147 153 152 149 156 146 150 153 168 165 147 164 143 140 137 137 136 139 142 160 148 142 147 160 146 140 153 154 158 154 155 155 154 143 132 138 144 144 152 148 143 144 147 151 150 146 150 133 149 147 155 154 152 153 154 154 154 155 158 160 161 162 163 164 165 144 167 167 169 169 166 166 165 154 123 131 129 134 133 159 158 157 156 154 152 150 149 148 147 145 144 143 142
142 148 153 150 158 145 147 151 170 170 151 146 144 143 142 141 148 138 141 143 157 157 158 159 150 145 152 154 156 156 154 155 156 154 147 138 135 142 146 148 149 145 144 145 147 150 149 150 148 148 152 125 147 155 155 156 155 155 156 157 159 160 160 145 142 165 167 167 167 168 166 164 148 143 130 129 135 124 130 132 128 129 128 126 124 123 122 150 148 146 145 144 143 141
143 148 150 147 146 144 147 151 154 155 144 138 143 146 144 142 141 139 141 145 150 159 162 150 150 146 142 156 155 155 155 156 156 152 145 142 136 140 147 147 146 143 144 143 141 146 146 146 147 144 148 151 153 155 156 156 153 149 147 149 150 150 146 142 162 164 166 166 166 166 155 141 130 128 135 123 127 132 139 140 138 140 135 135 136 134 133 130 148 146 144 142 141 141
147 149 148 145 144 143 146 149 142 144 139 136 142 147 145 159 139 141 143 147 151 161 160 161 150 148 158 157 155 155 156 157 155 153 141 143 141 141 147 149 148 143 147 149 142 144 143 140 141 140 145 147 149 154 152 152 160 153 143 130 146 150 148 148 148 154 164 163 158 145 123 125 122 134 120 128 133 134 132 137 135 136 137 135 150 130 130 130 146 145 143 141 139 138
153 152 149 146 143 142 150 158 134 141 144 140 143 142 146 144 140 143 145 154 159 159 157 162 151 150 158 155 157 156 158 158 157 150 139 143 145 142 147 149 148 139 141 150 145 144 145 146 143 139 143 145 147 150 149 148 171 149 148 150 155 157 124 122 123 148 150 147 154 129 125 125 124 121 124 129 134 142 132 130 134 151 136 134 149 125 124 127 145 144 142 140 141 137
156 156 155 153 148 150 172 169 150 145 157 144 150 150 150 142 141 143 149 153 146 150 159 162 160 161 157 153 156 156 156 158 154 147 142 144 146 146 148 149 147 138 134 145 148 143 145 142 142 142 136 142 145 147 147 146 146 154 150 148 152 161 155 148 145 141 147 152 160 156 136 146 146 146 142 130 137 136 122 121 126 132 149 148 147 146 146 130 144 142 141 140 138 136
154 157 160 160 156 159 168 165 153 165 153 152 161 150 144 142 142 146 152 150 142 152 160 160 159 152 146 151 155 156 156 154 153 146 142 144 149 147 149 154 148 140 133 138 144 142 146 145 142 145 136 140 143 145 164 144 144 145 146 144 150 149 151 152 148 142 144 145 159 161 138 135 143 148 143 122 110 116 115 113 112 113 116 117 116 118 143 143 142 141 139 137 138 135
162 161 154 147 152 156 162 171 171 170 166 162 159 149 143 139 142 149 143 148 143 142 140 140 165 153 147 139 153 156 157 148 148 146 142 145 156 146 148 160 149 141 129 131 135 136 139 139 139 157 140 135 139 142 142 142 143 143 144 146 130 147 148 153 153 147 150 148 139 135 133 141 132 139 141 121 119 116 108 113 114 117 116 112 107 105 144 142 141 139 138 139 136 135
189 186 162 140 143 150 165 172 162 171 166 163 159 151 143 141 143 152 142 159 154 152 141 141 165 154 146 138 153 156 151 145 145 148 147 148 157 145 151 161 148 145 126 126 128 129 135 136 132 151 144 132 136 138 152 140 142 141 140 112 145 138 141 148 153 146 148 153 153 130 127 129 133 137 147 160 150 150 149 148 148 147 145 144 144 143 118 115 141 138 137 136 135 134
196 191 171 152 140 153 149 161 168 168 161 152 151 144 146 142 145 163 152 150 152 160 140 156 164 142 138 138 156 151 151 143 144 152 153 150 157 149 153 161 152 160 125 130 124 124 126 129 129 137 136 130 133 135 135 144 139 139 137 149 127 136 139 142 148 143 144 150 150 145 123 119 130 130 127 152 157 138 145 144 115 101 98 104 112 120 139 113 139 138 137 136 132 131
193 189 170 154 150 158 162 164 166 166 160 156 158 144 146 142 145 144 161 142 154 160 159 160 166 142 137 139 156 151 156 146 141 148 154 158 159 151 153 161 164 168 145 123 123 125 127 128 125 126 127 129 131 132 133 134 147 137 135 150 116 139 140 125 136 132 131 147 147 148 140 125 124 132 120 125 135 145 97 144 144 144 142 141 140 139 138 139 138 136 136 134 133 131
202 190 161 153 149 157 161 164 165 165 163 162 156 145 143 142 146 145 162 141 140 160 154 163 157 142 139 155 153 158 162 152 141 147 156 159 158 149 153 162 165 162 153 126 123 124 128 128 124 122 126 127 128 136 130 131 133 135 135 133 148 136 139 140 141 119 122 133 144 144 159 140 132 135 132 130 128 143 112 105 105 102 103 98 98 141 140 140 140 95 137 135 133 131
211 190 158 145 152 158 161 159 165 165 165 165 146 156 142 143 146 145 163 141 152 163 139 155 142 140 141 155 154 161 161 148 130 130 157 158 150 148 154 165 161 148 150 143 120 120 124 123 123 122 121 125 126 135 133 128 130 133 134 132 131 150 136 139 140 141 143 110 130 142 141 146 131 127 127 131 134 130 127 122 140 140 126 157 97 99 99 101 115 109 98 95 96 134
198 181 160 150 157 161 163 160 165 164 167 166 169 161 135 144 147 145 155 141 141 140 139 156 142 146 145 153 158 163 160 145 141 155 163 158 146 136 159 160 154 147 138 162 119 119 125 124 121 122 118 123 126 140 125 126 127 130 133 133 130 129 145 128 121 140 104 143 142 122 141 137 125 115 117 127 139 137 138 133 121 119 128 155 137 143 136 142 145 137 147 125 116 113
177 170 159 152 160 163 164 160 164 163 166 166 168 145 141 145 147 144 142 141 141 140 139 170 141 144 161 160 164 143 156 143 141 157 159 159 134 137 159 160 159 146 137 164 139 118 122 128 127 119 119 121 125 122 135 124 125 127 130 131 130 128 145 140 134 132 132 123 116 116 117 118 121 120 121 130 140 138 141 141 121 116 120 139 154 149 131 128 138 134 133 141 122 114
163 161 157 152 162 165 164 164 162 163 166 166 145 161 143 145 147 145 142 142 141 140 139 158 141 148 162 167 148 161 149 143 147 148 161 158 135 140 161 167 162 145 148 161 136 122 119 125 129 131 118 124 125 122 122 128 125 126 129 131 131 129 128 146 131 129 133 135 135 144 149 140 139 138 132 132 139 138 140 144 134 117 116 122 135 148 137 117 118 137 131 130 137 116
156 156 154 164 162 162 162 164 163 166 164 168 162 160 143 145 148 145 142 163 142 140 140 140 154 153 164 148 163 158 153 145 166 147 162 148 136 147 161 166 163 142 144 139 138 142 120 118 120 135 118 119 131 121 121 140 132 125 127 129 130 129 128 144 134 127 127 130 129 139 135 135 143 139 136 136 135 141 138 137 136 116 105 110 120 136 140 127 112 113 132 129 128 132
154 154 153 163 162 163 164 161 166 167 148 146 146 160 143 146 148 145 169 143 142 141 140 140 157 166 166 165 158 163 158 151 168 164 155 135 136 152 146 163 156 142 143 152 140 139 128 120 120 135 118 120 121 121 121 138 131 124 125 127 129 129 128 128 147 132 133 134 128 130 147 148 144 141 146 153 133 140 143 127 126 115 110 110 118 134 128 127 118 107 129 115 128 128
153 153 152 162 163 165 165 163 166 168 149 167 148 147 145 148 148 145 144 143 142 141 140 158 153 167 168 165 164 167 160 158 166 162 149 135 131 154 148 166 140 139 140 143 143 141 144 121 121 137 119 120 121 122 122 138 130 125 125 126 134 128 127 127 147 137 139 137 127 126 135 145 151 144 132 131 131 140 149 134 129 130 120 117 122 131 130 115 118 111 100 128 111 127
153 153 152 163 165 151 166 167 168 167 166 166 149 148 147 149 148 146 145 144 143 142 140 146 151 168 167 167 167 169 170 157 164 158 143 132 132 148 167 172 139 139 143 144 148 146 142 135 121 136 137 121 122 122 122 122 128 132 132 125 127 128 128 128 127 138 133 132 122 130 131 130 136 139 130 130 154 152 114 126 139 142 132 124 123 130 129 128 126 128 119 110 126 123
153 153 152 163 165 151 167 165 167 167 164 164 164 148 149 150 149 147 146 145 143 142 167 141 143 168 168 169 167 169 166 154 157 161 144 133 133 150 173 170 141 139 141 145 148 145 145 144 134 122 138 122 123 123 122 152 124 129 143 125 127 127 127 128 127 149 119 118 118 130 130 130 130 128 145 151 129 128 112 117 133 145 141 132 123 129 128 128 128 127 126 124 115 123
153 153 152 162 166 152 151 167 168 168 167 168 167 148 150 151 149 148 147 146 144 143 147 143 150 169 170 140 169 158 168 160 160 167 145 135 135 152 162 164 144 145 140 144 146 146 148 150 151 123 124 124 125 124 124 124 126 121 151 126 127 127 127 128 128 126 129 116 120 117 119 121 128 129 124 136 128 127 139 119 122 140 126 126 127 127 127 126 127 126 125 125 124 112
154 153 152 160 153 152 151 169 167 166 166 169 169 149 152 151 150 149 148 147 145 162 144 145 152 160 143 141 158 160 160 166 167 166 148 144 148 170 175 133 133 132 146 140 140 147 151 127 151 125 126 125 126 126 126 139 122 129 156 145 127 128 128 128 143 126 149 125 124 119 115 128 121 127 127 128 128 126 142 126 118 127 126 125 125 126 126 125 126 125 124 124 124 114
155 154 153 162 153 152 152 170 164 163 166 151 169 150 152 152 151 150 148 147 173 153 145 147 153 170 145 143 165 157 163 175 169 160 150 146 153 167 157 136 135 134 151 142 137 145 153 129 176 139 127 128 128 127 140 142 147 129 149 154 139 127 128 128 129 128 125 137 126 134 122 124 144 114 126 111 132 125 124 132 122 125 125 124 124 124 124 124 124 124 123 122 122 123
155 154 153 153 153 152 152 171 163 164 172 152 168 152 167 152 151 150 149 173 169 148 148 148 154 148 147 145 168 153 177 176 155 155 156 153 174 140 153 138 136 149 135 146 134 134 133 177 156 146 137 129 129 149 139 143 128 144 144 155 150 141 121 128 129 128 126 144 129 131 125 122 146 146 123 117 122 140 140 130 131 123 124 124 123 123 123 123 123 122 121 121 121 121
