examples/cougarCreek/createInputs/farsite/cougarCreek_polygonIgnit/cougarCreek_08-11-2015_1400_217m_non_neutral_stability_vel.asc
ncols	146
nrows	140
xllcorner	610065.000000
yllcorner	5095217.000000
cellsize	216.586807
NODATA_value	-9999.000000
[rows 0 to 34 of 140, columns 0 to 77 of 146]
3.31 4.43 8.32 13.03 15.38 15.17 13.34 11.34 10.13 10.07 11.17 12.95 14.76 15.90 17.39 19.44 19.24 16.67 14.69 13.77 14.71 17.63 20.35 21.50 21.20 21.23 22.22 23.55 24.73 24.87 23.94 22.73 22.64 22.66 22.47 22.97 23.59 26.45 23.87 22.91 24.19 23.88 22.34 23.57 23.87 23.77 21.90 21.71 21.54 20.99 20.24 19.70 19.59 19.07 18.77 18.39 16.41 14.58 14.83 14.87 13.78 13.44 13.13 12.56 12.16 11.12 10.34 10.39 10.58 10.72 10.45 9.60 8.44 7.58 8.26 8.78 7.66 5.27
3.31 4.43 8.32 13.03 15.38 15.17 13.34 11.34 10.13 10.07 11.17 12.95 14.76 15.90 17.39 19.44 19.24 16.67 14.69 13.77 14.71 17.63 20.35 21.50 21.20 21.23 22.22 23.55 24.73 24.87 23.94 22.73 22.64 22.66 22.47 22.97 23.59 26.45 23.87 22.91 24.19 23.88 22.34 23.57 23.87 23.77 21.90 21.71 21.54 20.99 20.24 19.70 19.59 19.07 18.77 18.39 16.41 14.58 14.83 14.87 13.78 13.44 13.13 12.56 12.16 11.12 10.34 10.39 10.58 10.72 10.45 9.60 8.44 7.58 8.26 8.78 7.66 5.27
3.28 4.94 9.79 13.70 14.33 13.63 12.14 10.69 9.78 9.91 11.38 13.63 15.47 16.58 18.40 20.08 18.59 15.87 14.18 13.13 13.89 17.48 21.48 22.42 21.20 21.21 22.38 23.81 24.72 24.19 23.17 22.20 22.46 22.84 22.78 23.43 24.11 23.92 23.20 23.07 23.22 22.65 22.37 22.53 22.67 22.32 21.23 21.07 21.16 20.68 20.23 19.89 19.67 19.07 18.72 17.71 15.12 13.91 14.75 14.83 13.75 13.47 13.29 12.81 12.22 11.07 10.66 11.10 11.29 10.99 10.02 9.00 8.15 7.86 8.95 8.87 7.04 4.64
4.03 6.23 12.06 14.97 12.59 10.85 10.33 9.91 9.61 9.80 11.18 13.92 16.40 17.74 19.36 20.03 17.48 14.46 13.15 13.24 14.14 17.46 22.19 23.65 22.38 22.04 22.60 23.78 24.24 23.16 22.59 21.81 22.16 23.14 23.29 23.83 24.55 24.74 24.17 23.80 23.50 22.81 22.84 22.66 22.57 22.05 20.49 20.73 21.47 21.28 20.91 20.17 19.55 18.97 18.26 16.22 13.52 13.54 14.66 14.84 14.47 14.12 14.13 13.66 12.48 11.57 11.85 12.52 12.26 11.13 9.55 8.69 8.44 8.89 9.91 9.15 6.62 4.42
5.67 7.91 13.53 15.57 11.47 8.78 8.42 8.54 8.83 9.18 10.23 13.25 17.17 19.06 19.63 19.23 15.91 12.56 12.47 13.42 14.05 16.82 21.11 23.76 24.12 23.31 22.32 23.16 23.97 23.65 23.82 22.24 21.92 23.47 23.70 23.98 24.76 25.56 25.56 24.67 23.49 23.30 23.65 22.85 22.55 22.21 21.32 21.96 22.90 22.64 21.31 19.80 19.13 19.79 17.13 14.99 13.48 14.32 15.00 15.46 15.81 15.28 15.14 14.14 12.78 12.77 13.19 13.21 12.16 10.68 9.76 9.57 9.78 10.10 10.16 8.75 5.63 3.92
7.50 9.50 14.49 15.78 10.60 7.36 6.60 6.70 7.45 8.19 9.43 12.59 17.45 19.78 19.90 18.78 14.58 11.74 12.28 12.90 13.76 15.80 19.01 22.94 25.28 23.96 22.02 23.36 25.10 25.58 24.75 21.77 22.07 24.11 23.90 24.19 25.00 25.81 25.95 24.69 23.48 24.00 24.31 23.10 22.88 23.17 22.93 23.34 23.69 23.57 21.62 20.14 18.56 17.37 16.07 15.05 14.70 15.64 16.27 16.65 16.73 16.29 15.54 14.06 13.63 14.12 15.12 13.26 11.82 10.92 10.95 10.98 10.95 10.56 9.64 7.48 4.60 3.72
10.60 12.10 15.29 15.07 9.84 6.97 6.08 5.70 6.59 7.87 9.28 12.03 16.48 19.58 20.20 18.59 14.52 12.22 11.65 11.95 12.97 14.18 16.87 22.14 26.34 25.21 23.35 24.74 26.67 26.90 23.80 21.49 23.68 24.73 23.47 24.30 25.26 25.62 25.78 24.83 24.40 24.99 25.01 23.60 23.88 24.52 24.11 24.25 24.22 22.52 22.70 18.52 18.87 16.55 16.30 16.34 16.30 16.91 17.38 17.30 17.29 18.09 16.85 14.52 14.87 15.81 14.18 13.11 12.05 12.02 12.14 11.59 10.77 9.81 8.77 7.25 5.86 5.34
14.48 15.24 15.89 13.55 9.20 7.43 6.17 5.47 6.58 8.06 9.15 11.34 15.38 18.67 20.41 18.92 15.35 12.07 11.16 11.18 12.15 13.40 16.04 21.86 26.79 26.40 25.05 25.89 27.48 26.84 23.08 22.79 25.06 23.77 22.52 24.47 25.37 25.09 25.01 24.89 25.50 25.99 25.00 24.63 25.29 25.13 24.16 23.72 22.94 23.41 20.19 19.22 17.57 16.97 17.39 17.32 17.17 17.56 17.86 17.65 18.37 17.88 15.54 15.52 15.61 16.24 14.27 13.23 12.75 12.78 12.23 11.07 10.11 9.64 9.34 8.43 7.46 7.11
17.09 17.12 15.45 11.97 9.02 7.85 6.66 6.03 6.93 8.10 9.09 10.91 14.10 17.61 20.10 19.26 16.15 12.80 10.47 10.12 15.02 13.75 15.76 20.95 26.37 27.53 26.67 26.81 27.27 26.45 24.11 24.19 24.64 22.17 22.29 24.53 24.92 24.06 24.36 25.81 27.23 26.76 25.54 26.05 26.30 24.42 23.13 22.75 22.05 21.03 20.39 20.05 18.89 18.08 18.28 17.56 17.75 18.00 18.95 17.51 17.72 16.87 16.70 16.68 16.95 16.33 14.35 13.98 13.22 12.75 11.76 10.68 10.27 10.34 10.01 8.73 7.98 8.22
18.23 17.88 14.90 11.62 9.50 7.97 6.98 6.20 6.56 7.82 9.09 10.54 12.75 16.70 19.62 19.46 17.24 13.47 9.30 9.42 12.81 16.54 15.16 19.42 26.11 29.01 28.49 27.47 27.00 27.70 25.42 23.95 23.58 21.96 22.70 24.67 24.42 23.70 25.25 27.87 28.81 27.61 26.80 27.47 26.52 24.01 22.73 22.62 22.40 21.82 21.57 19.94 18.22 17.48 17.50 18.12 18.35 18.21 18.52 17.29 17.60 18.18 17.99 18.11 17.05 15.93 14.98 14.04 13.37 12.59 11.67 11.03 10.85 10.61 9.68 8.28 8.23 9.58
18.62 17.83 14.94 12.01 9.82 7.65 6.43 6.10 6.64 7.83 8.71 10.02 11.93 15.68 18.90 19.37 17.98 13.07 9.25 10.12 12.92 15.96 14.98 18.34 25.57 30.10 30.84 28.31 28.10 29.03 25.64 23.67 23.72 22.40 23.10 24.51 24.19 24.57 26.80 28.81 29.39 28.59 28.05 29.34 28.15 25.52 23.07 23.02 22.94 24.10 22.98 20.26 16.56 16.89 18.41 19.22 18.90 18.83 18.08 18.16 19.14 19.21 19.41 18.18 16.69 15.90 15.43 14.60 13.43 12.56 11.76 11.29 10.92 10.37 9.29 8.26 8.76 10.68
18.55 17.51 15.16 12.67 9.94 6.68 5.17 6.01 6.98 7.57 8.27 9.91 11.95 14.97 17.73 19.03 17.63 12.95 10.35 10.40 12.50 16.43 17.25 18.07 24.79 30.52 32.20 28.71 29.52 29.40 25.29 23.67 23.30 22.16 23.26 24.38 24.49 25.56 26.79 28.30 30.40 31.49 29.63 28.28 27.47 25.67 23.04 23.11 24.40 23.49 21.09 17.34 16.60 18.25 19.80 20.39 19.80 19.63 18.90 19.52 20.37 20.55 19.54 17.98 17.06 15.61 14.64 13.85 13.12 12.20 11.48 11.00 10.64 10.13 9.19 8.76 9.79 11.55
18.76 17.30 15.13 13.56 9.96 6.12 4.42 5.31 6.66 7.62 8.96 10.20 11.96 13.65 16.21 18.31 16.92 13.24 11.16 10.26 12.44 15.64 17.94 18.08 23.67 31.30 33.04 30.06 31.10 31.01 25.51 23.61 22.70 22.64 23.89 24.80 25.59 26.04 25.83 28.77 33.51 34.16 29.96 28.10 26.89 24.43 23.14 24.58 23.71 20.23 18.66 17.41 17.88 19.96 21.29 21.20 20.72 20.72 20.06 19.90 21.40 20.68 19.28 16.98 16.09 15.20 14.11 13.28 12.50 11.64 11.11 10.90 10.69 10.12 9.57 9.98 11.27 12.34
19.11 17.39 15.13 13.36 10.14 7.05 7.73 4.08 5.13 7.66 10.08 10.60 11.21 12.25 14.89 17.65 16.77 13.80 11.60 10.73 12.80 16.38 18.15 18.53 23.18 31.14 33.69 32.04 32.76 31.81 27.37 23.16 21.82 22.83 23.67 25.15 25.91 24.98 25.81 31.63 37.17 35.69 29.90 27.91 25.27 23.02 24.15 25.09 23.09 19.91 18.68 18.13 18.90 20.68 21.93 21.61 21.75 21.59 20.78 20.95 21.34 20.53 17.73 16.59 15.61 14.62 13.64 12.86 12.13 11.48 11.24 11.15 10.79 10.31 10.28 10.90 11.70 12.04
18.69 17.62 15.22 12.52 10.15 8.18 4.91 15.94 4.39 6.43 9.16 11.07 11.08 11.33 14.60 17.53 17.29 14.38 11.33 11.63 13.35 17.05 19.37 20.55 23.87 30.86 33.82 33.61 33.64 31.59 26.85 22.45 22.26 23.85 24.79 26.06 25.87 24.50 27.09 34.02 40.53 34.94 29.14 26.75 24.22 24.63 25.91 26.16 24.11 20.73 18.82 19.54 20.55 21.42 21.62 21.61 23.28 21.31 20.43 20.76 19.47 18.71 17.38 16.22 16.12 14.61 13.65 12.75 12.32 11.92 11.06 11.23 10.65 10.34 10.45 10.80 11.09 11.12
16.13 17.41 15.97 11.46 9.60 9.55 6.27 4.76 4.64 7.95 9.33 12.31 14.07 11.75 14.58 18.13 17.87 14.82 11.61 12.92 14.53 18.30 23.15 23.21 24.36 30.27 33.68 35.06 34.19 30.77 24.87 22.16 24.12 24.98 25.54 25.48 24.38 24.42 28.63 33.48 38.68 34.69 30.57 27.42 25.78 27.00 27.66 26.21 23.09 19.46 19.67 21.36 22.43 22.01 21.43 22.66 24.03 20.58 20.92 20.61 20.40 19.40 17.65 16.40 15.23 14.52 14.16 13.06 12.73 12.37 11.74 10.97 10.38 10.12 10.17 10.37 10.51 10.49
11.99 15.95 17.14 11.38 8.96 9.91 7.18 3.65 3.67 5.85 4.06 8.32 12.35 15.58 16.24 16.80 17.03 14.02 12.52 13.90 15.71 19.51 24.91 24.39 23.84 29.46 33.99 36.01 34.55 29.19 23.72 24.07 25.46 25.53 25.70 24.53 23.28 26.22 30.05 34.52 36.31 35.12 32.17 28.91 27.71 28.32 27.07 24.42 21.47 19.95 21.39 23.70 23.56 22.28 22.65 23.52 21.20 20.95 20.81 20.64 20.17 18.68 17.42 16.58 15.49 15.33 13.94 12.93 12.98 12.21 11.19 10.47 10.11 9.98 9.97 10.01 10.05 10.05
10.75 13.92 16.77 13.49 9.62 8.06 6.34 4.08 3.55 4.49 5.08 8.64 14.15 15.51 15.02 13.78 14.64 14.11 13.07 14.86 17.33 20.33 24.32 24.60 23.45 29.18 34.82 36.13 32.83 27.15 24.88 26.12 25.83 26.29 25.99 22.86 23.55 27.34 32.48 35.46 36.46 35.28 32.16 29.13 27.93 27.49 25.91 23.29 21.46 21.92 24.10 24.34 22.70 21.34 23.55 22.13 19.50 20.74 21.56 20.28 19.68 18.82 17.94 17.09 16.28 14.98 13.84 14.42 14.29 11.53 10.65 10.30 10.16 10.06 10.01 9.92 9.81 9.74
13.37 12.79 14.47 15.79 10.33 5.55 5.38 6.31 5.77 8.42 6.35 9.98 14.27 14.68 12.64 12.22 13.12 13.71 13.53 15.60 19.12 20.86 23.14 24.75 25.52 30.99 36.10 35.84 31.07 27.69 27.57 28.22 27.62 26.54 24.45 21.33 23.81 28.56 33.33 35.76 36.47 35.28 32.80 30.22 27.64 26.47 25.42 23.47 22.18 23.96 24.24 22.58 20.74 20.08 23.04 21.87 19.32 21.48 22.76 20.15 19.72 19.78 18.19 17.04 15.68 16.03 15.08 14.48 12.09 11.12 10.65 10.48 10.35 10.23 10.21 10.14 9.90 9.63
16.20 13.28 12.99 15.36 10.54 5.17 5.54 7.68 6.58 16.03 6.22 9.16 11.01 10.58 10.58 11.06 11.91 13.45 13.98 16.32 20.47 20.31 20.58 24.52 28.93 33.41 37.24 35.44 30.90 29.20 30.27 30.75 30.48 25.44 22.42 23.08 25.01 29.75 33.40 37.02 37.44 36.26 33.41 30.03 27.87 26.83 25.62 24.45 24.44 24.47 22.70 19.90 18.75 21.39 21.89 19.90 21.37 22.74 22.45 21.06 19.97 19.32 17.69 16.42 16.22 14.40 13.35 12.64 11.94 11.22 10.87 10.65 10.41 10.30 10.37 10.21 9.85 9.47
18.15 15.13 13.14 13.14 9.95 6.23 5.29 6.97 5.89 14.56 17.33 17.67 20.24 9.54 10.88 12.03 12.13 13.73 14.74 17.03 20.06 28.08 19.10 24.20 30.67 35.87 38.15 35.52 32.55 31.08 32.37 33.40 29.51 21.80 20.95 25.20 25.12 30.93 34.97 39.38 39.49 37.50 32.65 29.01 27.36 26.70 25.83 25.30 20.07 21.92 21.10 19.05 20.07 22.28 19.05 20.89 23.54 24.27 23.21 21.02 19.95 19.58 17.01 16.06 15.42 14.30 13.27 12.55 11.92 11.23 10.81 10.57 10.35 10.35 10.35 9.98 9.52 9.04
17.65 15.88 12.53 11.04 9.50 5.96 3.83 5.74 5.55 11.34 0.44 18.99 18.94 21.53 10.80 12.77 12.38 13.51 21.80 23.08 18.05 25.14 18.88 23.42 30.75 37.67 38.99 37.01 35.45 33.40 33.72 35.52 27.58 19.77 21.12 26.67 26.15 32.03 36.73 41.44 40.71 34.46 31.35 28.11 26.27 25.77 25.60 24.40 20.87 18.92 19.83 18.83 20.62 18.75 19.90 23.20 25.02 25.22 23.22 20.08 20.03 19.26 17.37 16.15 16.01 14.98 14.04 13.41 11.60 10.95 10.69 10.64 10.49 10.37 10.08 9.47 8.81 8.13
15.86 14.66 10.90 10.77 11.16 7.38 14.50 7.10 16.01 11.76 14.47 4.42 17.37 19.29 24.52 12.40 11.74 12.81 22.49 27.08 23.70 26.17 18.85 21.26 30.01 39.90 41.58 39.35 38.66 35.44 34.04 34.07 25.59 19.09 21.58 26.89 27.72 33.15 37.97 42.70 36.85 31.33 27.72 26.87 25.92 26.28 25.73 22.35 18.56 18.29 18.25 17.82 18.64 19.05 23.29 25.64 24.70 24.55 22.26 20.07 20.60 19.14 16.98 16.40 15.53 14.39 13.28 11.94 11.38 10.99 11.04 10.90 10.49 10.12 9.62 8.85 8.06 7.29
14.50 12.44 7.94 8.95 11.82 10.59 8.00 7.67 7.97 4.99 16.04 18.45 19.29 20.77 22.08 24.51 23.85 24.74 26.00 26.19 27.19 27.46 25.91 18.41 27.66 42.78 45.75 41.00 39.79 35.49 33.81 35.28 27.01 21.21 23.07 27.23 30.84 33.40 38.58 42.84 36.23 28.87 27.23 26.93 26.14 25.59 24.06 21.04 18.49 18.58 16.83 19.18 19.90 21.30 24.30 25.93 24.45 24.32 22.68 21.34 21.05 17.66 15.88 14.41 14.17 13.64 12.79 12.40 11.58 11.41 11.31 10.78 10.22 9.71 8.98 8.09 7.30 6.57
10.97 9.97 7.38 10.21 9.54 11.77 9.20 18.96 9.46 16.56 14.21 17.52 19.93 19.91 22.40 22.95 23.28 24.00 24.99 25.58 27.19 26.47 25.95 24.22 24.81 44.28 50.28 42.06 37.02 36.37 38.68 37.55 29.70 24.07 24.13 27.68 31.94 35.23 40.39 41.93 33.09 28.72 28.81 22.89 26.14 24.86 24.04 21.92 19.73 18.50 16.32 20.36 22.01 23.25 25.47 26.73 26.13 25.23 23.19 21.31 20.23 16.74 14.91 14.41 14.55 13.51 12.66 12.63 11.79 12.22 11.06 10.43 9.86 9.12 8.19 7.29 6.53 5.81
5.68 9.58 9.31 16.69 17.91 20.00 19.17 19.00 20.96 18.24 15.22 16.04 19.73 21.60 23.43 22.76 23.38 24.46 25.13 25.87 26.85 26.46 24.45 22.22 24.94 44.72 54.65 41.86 33.02 42.64 47.68 38.24 29.00 24.01 22.82 28.27 33.39 37.39 41.91 37.26 28.20 27.76 27.90 26.27 25.62 22.15 25.03 18.54 18.93 17.20 18.40 19.76 22.80 23.13 25.76 27.08 26.50 21.04 22.37 20.64 19.30 15.94 14.87 16.37 14.54 13.24 13.10 13.28 13.07 12.74 12.22 9.99 9.22 8.25 7.34 6.58 5.88 5.19
2.79 3.35 6.41 16.94 16.50 17.76 20.40 18.84 20.89 18.29 16.60 16.65 19.51 23.72 22.23 21.69 22.41 24.45 24.78 26.22 27.09 26.75 24.04 24.45 22.54 44.13 56.41 41.01 34.22 48.73 49.54 36.86 28.46 22.13 21.96 32.07 37.59 38.90 38.81 34.19 28.46 26.50 26.96 26.26 25.40 24.34 22.52 20.32 17.94 16.15 18.01 19.70 21.96 22.83 25.07 26.30 25.66 23.34 21.15 19.80 18.33 15.49 14.70 15.65 15.44 15.28 13.80 13.43 12.81 12.27 11.74 9.27 8.31 7.35 6.54 5.83 5.14 4.55
5.08 12.36 14.07 14.97 17.10 20.00 20.51 20.56 19.42 18.72 18.31 21.46 19.39 22.42 22.76 23.65 23.16 24.15 24.30 25.62 27.49 26.89 24.43 22.97 19.30 39.46 55.71 47.06 41.10 52.14 45.87 34.31 29.20 25.17 29.83 35.29 38.99 38.83 34.49 31.22 28.46 26.81 27.39 27.49 25.76 23.63 22.32 20.89 18.18 14.19 17.26 19.94 22.00 21.89 25.25 26.84 24.87 22.09 20.47 19.62 18.51 17.35 17.02 16.90 16.59 15.85 13.35 12.84 12.06 11.33 10.70 8.53 7.45 6.57 5.83 5.14 4.51 4.00
11.36 12.48 13.83 15.57 17.99 20.35 18.96 19.66 20.83 21.09 17.57 22.30 14.99 23.70 22.32 24.62 23.73 23.34 23.70 25.88 27.98 27.12 25.32 24.58 23.53 31.92 50.59 55.74 53.52 54.22 42.33 33.30 34.14 33.70 36.64 38.83 39.07 34.53 30.80 30.59 29.66 28.85 29.09 28.34 25.83 20.29 19.30 16.90 15.28 13.73 17.26 20.79 21.84 22.65 27.79 27.04 24.10 22.26 21.36 20.24 18.89 17.70 16.84 16.42 15.81 15.29 12.95 12.55 12.14 11.37 10.49 7.81 6.73 5.90 5.18 4.56 4.05 3.61
10.32 13.77 12.73 15.56 18.43 19.29 20.39 18.47 21.28 22.20 23.54 21.13 20.51 18.87 22.16 23.35 22.53 22.27 23.70 26.19 28.92 28.28 26.81 24.38 25.71 29.04 41.09 56.17 61.73 54.02 41.99 36.60 38.61 37.38 36.52 37.16 33.72 29.70 30.66 31.29 30.79 30.66 26.87 21.69 19.64 19.08 17.43 16.40 13.79 14.58 17.61 20.28 22.80 25.21 28.84 26.04 23.76 22.39 20.96 19.23 17.84 16.89 16.38 15.94 15.27 12.85 12.57 12.29 11.96 11.15 9.97 7.04 6.15 5.42 4.78 4.22 3.71 3.20
4.87 10.52 14.31 15.94 17.83 20.89 19.28 20.29 20.54 20.07 19.23 21.47 22.66 12.38 20.64 22.04 24.72 22.98 23.56 26.69 27.97 28.37 24.35 23.54 27.20 28.06 42.58 53.29 62.12 54.60 43.34 41.55 39.89 36.39 36.20 35.59 28.61 27.22 32.73 30.09 28.08 26.97 21.57 19.39 19.14 19.21 19.20 13.61 15.49 15.76 16.88 19.20 25.31 28.02 26.69 24.30 22.24 21.29 19.99 18.38 17.29 16.72 16.13 15.38 14.71 12.32 12.01 11.76 11.18 9.98 8.50 6.59 5.75 5.02 4.38 3.77 3.27 2.78
1.89 5.11 12.51 13.87 15.85 19.43 20.71 21.39 21.17 22.70 22.50 18.39 19.28 21.18 20.99 22.46 21.05 25.41 23.78 25.87 28.43 26.72 26.63 21.71 29.23 37.09 41.30 51.38 59.20 52.85 45.73 44.24 39.23 36.58 36.36 30.58 25.98 28.28 31.37 26.60 26.48 24.66 19.06 18.41 19.29 19.49 18.25 15.48 15.74 14.60 15.00 18.86 25.44 26.17 23.51 22.45 22.04 20.82 19.35 17.79 17.10 16.34 15.64 14.86 14.28 14.18 12.36 12.02 11.23 9.99 8.78 7.89 7.17 4.48 3.87 3.34 2.88 2.36
2.86 4.11 4.83 15.54 18.64 22.40 22.68 20.90 23.53 18.91 19.52 20.59 23.38 21.69 22.00 26.24 23.34 23.48 23.20 26.14 26.55 26.54 27.95 31.51 35.47 39.34 41.49 49.00 54.52 51.00 46.69 44.73 41.01 38.10 36.25 31.02 28.29 31.66 28.82 27.40 24.68 19.87 17.65 18.05 19.10 19.53 18.24 15.76 13.56 12.52 13.66 17.26 21.72 23.99 22.69 24.22 24.06 21.41 19.15 17.42 16.68 15.85 15.23 14.85 14.55 10.58 14.29 9.80 13.39 7.53 6.48 7.62 6.63 3.98 3.43 2.91 2.36 1.89
3.97 2.99 0.69 4.32 15.52 19.72 23.06 24.72 23.67 21.76 22.78 20.53 18.27 18.85 26.98 28.01 23.26 25.01 24.22 24.28 25.45 28.66 29.41 29.16 36.16 41.15 42.96 46.17 50.21 48.61 48.56 45.68 40.16 39.21 36.06 32.52 31.20 30.92 26.80 25.40 22.36 17.67 16.94 17.67 18.32 22.95 16.54 12.96 11.00 11.63 13.85 16.69 19.14 24.44 25.20 27.44 24.73 20.92 18.80 13.66 16.66 15.94 15.34 10.51 10.41 12.35 10.07 11.59 10.28 8.79 7.57 6.44 4.23 3.69 3.13 2.58 2.03 1.51
4.30 3.00 9.27 2.50 9.62 22.48 22.90 23.44 24.16 23.78 25.31 23.12 26.78 25.04 19.98 29.49 24.95 21.43 23.64 22.98 25.00 23.30 31.10 32.29 38.05 40.80 40.18 41.54 46.58 49.42 51.39 43.35 38.29 38.34 34.86 31.85 30.60 27.67 25.09 24.20 24.05 20.95 21.94 22.36 22.71 21.74 18.86 10.92 9.72 10.66 13.58 15.50 17.29 17.86 20.91 24.44 24.34 21.23 18.91 16.72 15.61 15.07 11.96 14.33 14.10 12.26 11.90 10.98 8.95 6.57 5.59 4.75 5.40 5.32 2.79 2.19 1.62 1.08
