examples/cougarCreek/createInputs/farsite/cougarCreek_polygonIgnit/cougarCreek_08-12-2015_0500_217m_non_neutral_stability_vel.asc
ncols	146
nrows	140
xllcorner	610065.000000
yllcorner	5095217.000000
cellsize	216.586807
NODATA_value	-9999.000000
[rows 0 to 34 of 140, columns 0 to 77 of 146]
12.80 11.02 11.89 10.05 12.19 7.33 10.47 12.64 13.19 12.58 11.54 10.57 9.96 9.09 12.46 9.13 12.27 13.86 14.97 19.08 21.77 21.36 17.86 13.46 10.73 10.38 10.59 10.71 11.25 11.51 10.61 12.23 12.47 14.70 15.98 16.59 16.11 14.07 11.37 9.87 9.12 8.39 8.02 8.37 8.68 8.38 8.22 8.67 9.57 9.13 12.46 12.03 18.66 21.44 24.05 24.99 24.15 18.31 22.38 23.11 22.43 21.40 22.42 22.69 21.80 20.40 21.08 26.17 31.06 33.40 32.21 27.10 22.08 22.07 27.63 30.99 27.29 25.97
12.80 11.02 11.89 10.05 12.19 7.33 10.47 12.64 13.19 12.58 11.54 10.57 9.96 9.09 12.46 9.13 12.27 13.86 14.97 19.08 21.77 21.36 17.86 13.46 10.73 10.38 10.59 10.71 11.25 11.51 10.61 12.23 12.47 14.70 15.98 16.59 16.11 14.07 11.37 9.87 9.12 8.39 8.02 8.37 8.68 8.38 8.22 8.67 9.57 9.13 12.46 12.03 18.66 21.44 24.05 24.99 24.15 18.31 22.38 23.11 22.43 21.40 22.42 22.69 21.80 20.40 21.08 26.17 31.06 33.40 32.21 27.10 22.08 22.07 27.63 30.99 27.29 25.97
12.40 13.62 15.02 11.20 16.67 17.11 12.35 12.14 20.88 20.34 19.12 17.79 11.44 8.42 17.31 15.14 15.06 12.43 14.69 15.61 17.63 19.35 19.22 15.62 11.67 10.70 14.53 14.33 9.38 8.14 6.92 14.31 13.12 14.29 15.35 16.66 10.25 5.96 9.74 1.06 0.38 3.47 3.97 3.45 3.59 6.73 6.76 6.28 8.93 10.99 10.16 9.22 14.36 22.31 23.84 24.32 23.71 19.15 23.14 23.20 21.65 17.60 20.22 21.28 21.87 18.60 24.31 29.25 31.10 33.73 30.56 25.40 17.01 24.65 30.66 31.90 29.35 29.99
3.35 11.82 15.82 15.11 13.51 14.12 17.14 17.71 20.06 15.65 18.66 17.40 11.94 8.01 10.96 8.94 12.16 13.90 14.34 12.01 12.69 17.19 21.87 19.06 13.93 8.78 11.50 13.68 10.40 8.64 8.52 9.87 13.04 12.33 11.86 13.44 13.29 9.51 6.40 3.43 1.85 0.11 0.78 0.79 2.06 5.79 6.97 3.90 7.73 10.26 12.35 15.66 18.98 22.25 22.70 21.94 21.66 16.58 18.01 18.22 19.35 19.84 21.88 23.86 23.96 21.72 31.05 29.76 35.19 32.43 27.63 19.39 27.16 32.66 37.59 35.76 33.50 35.78
7.12 17.30 15.00 17.24 14.81 15.42 10.46 16.95 10.18 12.62 22.40 20.59 16.78 12.25 6.19 8.19 11.39 12.83 14.68 14.87 12.82 15.53 20.40 16.80 16.87 12.29 8.35 15.22 11.53 9.70 8.43 6.79 11.97 10.53 9.74 11.08 12.50 10.26 8.50 6.99 4.45 3.50 1.96 3.53 5.28 7.81 7.03 6.54 9.93 14.30 18.23 19.84 20.21 21.57 21.22 19.52 14.51 18.39 17.22 26.36 24.52 23.18 24.59 27.78 25.15 32.71 30.54 35.18 32.59 29.92 23.33 31.73 36.23 40.70 39.45 40.25 36.26 35.87
5.97 17.44 13.14 20.00 15.45 14.92 15.90 18.06 18.87 20.02 21.57 23.31 16.20 14.78 7.02 4.72 11.47 12.47 13.70 10.91 12.68 13.86 18.22 24.71 15.02 14.26 8.49 14.40 12.30 9.99 6.89 8.39 11.09 9.16 9.19 9.78 10.17 9.42 4.62 5.50 4.49 4.99 3.86 5.93 5.38 7.58 9.67 10.59 14.70 18.90 19.89 19.58 20.88 21.30 19.20 15.95 15.62 21.02 26.53 21.91 25.95 26.21 28.03 27.08 32.09 30.23 34.95 33.72 30.24 24.52 34.47 35.14 37.80 40.69 37.41 33.68 30.45 34.09
13.69 18.33 12.09 13.82 17.88 13.88 14.16 10.56 19.24 19.62 20.92 23.03 20.80 16.16 12.44 4.66 11.96 12.36 9.18 11.18 12.57 14.95 17.88 21.01 18.97 15.89 11.58 11.95 12.25 8.29 4.64 9.12 10.43 6.11 7.43 9.61 8.17 8.06 6.03 4.74 5.70 3.58 5.02 6.86 5.81 10.45 13.27 15.81 16.79 17.94 18.67 19.22 20.00 18.99 16.99 19.32 20.64 21.13 23.54 24.91 25.70 28.39 28.89 24.82 31.16 34.07 34.54 32.20 27.69 35.24 35.28 39.77 38.12 34.20 30.95 27.10 31.87 35.49
16.69 18.25 18.43 18.99 17.39 15.94 16.69 18.50 19.19 9.57 20.43 22.19 21.54 14.11 10.12 6.42 8.60 9.23 13.90 10.03 12.23 13.69 16.39 20.22 20.56 16.84 11.36 14.52 12.34 9.17 5.95 10.99 6.51 4.58 8.11 9.47 7.32 6.18 4.34 4.43 4.13 3.34 3.71 4.91 7.50 12.90 15.13 14.82 16.12 16.78 18.70 17.52 18.03 17.62 18.13 20.69 21.07 22.75 24.05 25.49 26.61 27.07 24.06 32.14 31.04 33.90 33.48 32.43 31.36 34.82 37.00 34.74 33.58 27.55 31.37 27.40 32.70 35.33
15.60 17.43 14.22 15.92 16.70 15.57 15.70 16.87 19.51 20.34 20.80 11.63 13.81 17.24 14.10 10.60 5.83 9.48 10.73 9.09 11.76 12.58 13.67 18.21 25.63 18.36 12.50 13.99 11.43 5.87 6.84 9.78 5.66 5.86 9.48 8.09 6.93 6.48 7.34 7.40 3.45 3.31 3.56 3.01 13.16 12.19 14.10 14.42 15.77 16.01 15.70 18.93 20.51 18.86 19.59 19.61 19.26 21.99 24.09 25.21 24.26 23.79 25.87 28.90 32.86 33.23 33.33 32.67 34.09 37.16 33.82 29.56 28.79 34.04 31.22 30.10 30.65 35.14
14.72 16.36 15.80 17.91 16.52 19.44 18.28 17.56 18.21 17.47 18.43 20.76 21.34 19.34 12.19 9.48 6.76 4.73 13.63 7.96 11.01 11.98 12.75 16.07 21.63 17.49 14.20 11.67 13.99 8.75 6.53 9.90 8.06 7.72 9.08 7.06 6.68 7.99 7.37 6.98 3.52 4.05 2.97 7.97 11.03 15.39 12.56 12.94 15.18 16.22 18.04 19.99 19.35 16.37 14.66 16.35 18.51 20.46 22.01 20.65 20.61 30.21 29.42 32.62 32.81 32.21 33.04 33.50 35.27 35.96 32.83 35.14 36.46 33.97 31.69 31.65 33.19 40.81
10.82 13.40 15.25 15.68 16.54 17.16 18.66 19.68 19.34 19.00 19.53 19.22 19.15 20.12 14.33 12.30 9.34 4.80 13.54 14.87 11.03 18.75 11.30 13.35 20.08 21.18 16.67 9.98 13.34 6.75 5.43 9.62 6.33 7.50 9.42 8.42 9.05 8.43 7.36 7.72 4.14 7.24 8.28 9.91 13.03 15.78 13.62 13.74 16.30 17.46 16.91 17.83 13.98 10.53 12.66 16.10 18.53 19.86 19.67 20.68 26.04 27.56 32.14 33.00 31.52 32.85 35.21 35.74 36.61 37.24 35.02 35.31 34.99 34.87 32.07 35.72 39.80 46.54
11.75 11.00 10.14 13.30 13.81 15.54 17.49 19.84 20.02 19.49 19.51 18.96 17.60 19.19 16.76 17.14 13.14 6.56 11.32 16.03 10.52 19.76 10.63 11.01 17.58 23.95 18.03 13.05 14.73 6.99 6.70 10.60 8.68 9.85 10.44 9.01 9.06 8.31 8.51 8.69 9.28 6.04 9.97 8.41 11.24 13.74 13.17 13.38 16.55 17.91 18.06 15.41 11.32 10.78 14.47 18.45 19.85 21.12 22.08 25.66 26.48 30.82 32.15 31.31 31.96 35.11 34.01 34.08 34.33 35.04 35.74 34.70 37.01 33.80 37.28 39.50 44.63 48.17
10.89 12.35 11.80 10.08 11.97 12.16 16.97 19.24 20.11 21.98 19.69 19.10 18.00 17.51 14.79 14.99 12.34 14.57 15.45 18.39 19.19 21.06 20.76 10.55 14.99 21.29 18.98 13.65 14.01 9.54 8.53 9.40 10.59 2.73 11.13 10.27 10.27 8.79 7.49 7.75 11.16 5.07 5.93 12.52 10.42 13.20 11.31 14.24 17.45 15.90 15.11 15.10 11.80 11.90 16.54 19.62 21.06 22.88 24.37 24.69 28.96 29.54 30.70 30.63 30.27 29.90 29.08 28.70 29.09 30.17 32.49 35.56 34.76 34.60 39.79 43.06 46.97 47.11
9.62 10.15 14.84 17.76 15.51 13.62 15.06 10.44 9.68 12.42 20.84 21.31 21.68 20.01 16.89 15.88 12.91 12.60 17.70 18.68 20.36 21.82 21.14 20.42 13.78 19.86 17.65 16.86 12.17 9.40 6.69 10.36 11.11 12.43 11.13 10.56 10.94 10.87 4.73 7.54 7.04 5.10 5.70 8.09 13.44 12.99 12.21 16.24 17.56 15.49 14.13 14.39 13.99 13.40 18.28 19.96 22.14 24.51 25.18 26.78 27.42 25.64 25.78 28.14 28.39 28.05 26.77 26.57 27.32 27.30 33.52 37.05 39.15 41.02 42.95 45.21 45.81 43.27
9.08 13.70 13.64 18.60 18.31 17.89 16.31 17.56 18.14 9.52 12.56 23.15 22.88 24.17 25.65 20.26 16.44 11.13 14.53 17.79 19.55 21.76 21.90 23.07 13.70 18.24 20.50 16.87 12.77 9.41 8.51 11.20 14.35 12.83 12.67 10.45 11.98 11.80 4.00 7.11 7.71 4.21 6.10 12.94 15.69 13.47 16.54 17.74 19.69 17.63 12.85 14.78 16.31 16.09 18.64 18.74 21.76 23.84 23.52 24.30 25.34 25.12 25.21 24.92 24.57 23.29 24.22 25.04 26.48 33.96 34.89 39.42 39.15 41.44 42.68 42.97 41.39 38.41
18.78 19.12 18.95 19.69 19.56 18.17 16.37 14.41 15.73 18.45 13.27 22.37 22.16 21.72 24.32 24.74 21.49 16.46 13.26 16.90 16.84 20.46 21.79 20.74 24.94 27.41 22.67 18.41 12.70 9.28 10.02 14.58 14.98 2.08 13.30 13.01 11.28 3.68 5.14 7.19 7.07 2.88 5.73 14.80 17.08 17.34 17.81 20.25 19.27 15.12 10.97 16.30 19.69 19.02 17.84 19.37 22.76 22.38 20.72 21.76 22.65 22.30 20.82 21.62 23.17 25.79 28.86 28.89 32.85 36.04 39.40 36.62 36.15 37.07 38.00 37.51 36.33 35.02
19.78 20.30 19.25 17.18 18.28 17.06 17.07 15.81 14.65 16.66 19.35 22.32 19.93 18.31 21.28 17.82 21.18 17.90 18.43 21.71 19.35 22.69 22.75 17.37 21.74 26.18 24.42 17.38 14.04 7.29 12.41 14.85 11.88 16.64 13.13 14.66 1.60 3.48 6.09 14.33 4.38 1.18 5.31 8.71 17.48 17.62 19.96 20.93 19.27 15.30 12.60 18.71 20.94 19.91 17.33 20.91 22.48 19.80 20.05 21.11 21.72 21.15 22.04 24.67 26.40 30.22 32.13 31.52 35.60 37.92 35.67 31.89 31.99 33.00 33.01 32.14 32.00 32.59
20.64 21.03 20.35 17.71 16.54 20.06 19.27 17.94 15.87 14.00 17.85 20.10 19.32 14.39 19.66 11.71 15.35 16.52 22.02 17.28 23.51 25.95 25.18 21.18 18.63 24.60 24.64 17.60 13.18 9.88 15.90 15.46 15.46 15.87 13.13 12.77 1.39 3.40 5.97 13.18 3.86 1.08 5.76 16.77 18.50 20.12 21.03 23.88 20.55 19.30 19.01 20.42 20.52 17.53 16.87 19.58 18.40 17.04 19.58 19.09 19.66 22.12 24.75 27.21 29.15 32.86 34.65 34.89 34.26 32.43 31.45 28.43 29.24 31.89 33.44 34.03 30.23 30.14
18.05 19.88 19.05 17.48 15.10 17.42 18.68 17.71 15.54 13.76 16.66 18.59 19.23 21.06 21.99 21.64 21.41 21.71 20.88 22.50 24.55 27.17 28.04 22.56 20.62 25.49 23.35 16.66 12.16 13.60 16.79 15.80 17.69 4.75 13.71 13.11 2.50 3.86 12.95 14.46 12.39 16.07 6.66 9.79 19.36 23.52 25.60 24.61 22.17 19.64 19.90 19.83 19.82 13.93 17.16 17.76 13.89 15.25 18.27 17.74 19.32 23.18 26.26 27.27 29.23 31.51 32.84 28.70 30.01 29.62 26.97 27.69 29.49 30.25 31.49 33.42 32.17 28.57
13.32 16.29 16.49 15.94 14.58 14.54 16.64 16.61 15.29 13.35 16.49 16.33 21.75 21.36 20.61 17.27 19.29 21.17 20.38 23.40 23.31 22.29 24.63 30.75 27.79 26.70 23.24 15.96 14.55 16.78 16.94 18.72 15.31 18.02 5.13 4.38 4.71 5.31 13.18 13.40 13.62 15.11 6.89 10.52 21.03 24.03 26.10 27.37 24.41 21.84 19.01 18.89 13.92 17.91 18.76 15.18 15.39 17.19 18.29 19.22 20.50 23.43 24.40 24.71 28.25 29.40 28.80 29.55 28.83 27.62 27.65 30.02 31.42 32.20 33.15 34.92 33.26 29.92
11.78 12.42 14.99 15.10 15.54 15.55 17.12 17.98 16.66 14.59 17.87 17.45 15.67 18.49 20.84 19.25 16.08 19.65 19.18 23.84 22.53 20.92 22.94 22.71 31.77 31.55 25.93 17.10 16.12 16.80 18.34 20.09 13.19 18.73 6.95 6.03 6.35 6.92 7.53 12.77 5.08 4.05 7.53 11.01 22.05 22.21 25.04 25.54 26.54 24.78 20.01 19.05 16.04 21.20 15.40 13.44 17.71 19.56 20.00 19.92 21.21 23.69 23.53 24.59 27.84 29.12 28.93 28.31 27.68 29.51 29.26 31.02 31.85 30.85 31.72 33.17 31.32 29.68
8.74 12.19 13.73 15.62 14.17 15.69 16.24 17.76 17.33 14.42 17.29 19.13 13.35 12.73 16.90 20.77 22.01 23.94 19.80 22.11 24.50 21.13 25.32 29.93 35.76 36.27 27.60 22.08 19.13 18.04 21.32 17.26 12.98 20.62 8.89 7.77 16.56 7.86 19.40 8.21 6.55 6.56 9.39 12.09 23.21 25.45 28.83 27.08 27.76 20.65 21.90 18.35 20.47 17.80 15.86 16.95 20.35 21.09 21.66 20.08 22.13 24.46 24.42 26.09 27.49 27.96 27.52 28.29 26.86 26.99 26.99 29.34 31.81 33.12 31.86 29.08 28.07 30.33
16.85 18.19 19.98 18.89 16.99 18.68 18.92 20.91 19.43 16.66 17.03 18.40 14.51 8.66 15.66 18.00 20.16 21.78 22.19 25.95 25.95 23.16 23.10 27.24 36.32 39.35 31.34 25.63 20.82 17.46 19.23 15.48 14.71 23.27 9.51 9.26 8.74 8.99 19.30 8.30 6.74 8.24 11.22 13.50 25.29 24.07 24.83 28.77 29.47 24.04 21.82 14.76 15.10 14.67 18.36 20.57 19.87 19.93 21.23 21.53 24.13 24.59 24.67 25.49 25.11 24.89 24.52 24.80 24.95 25.08 27.24 30.68 32.16 28.35 31.50 28.97 28.29 30.16
14.20 17.06 20.77 13.89 22.02 21.54 20.79 20.11 20.29 17.54 15.36 18.61 18.97 12.11 12.00 16.51 18.36 21.72 24.46 23.65 22.72 22.02 22.07 19.90 27.09 44.97 36.68 28.16 21.54 16.37 19.65 19.12 15.46 21.98 15.85 10.37 9.90 10.20 21.37 8.45 6.52 8.83 12.64 24.93 26.46 30.08 29.17 31.10 28.29 26.18 17.26 16.67 19.12 19.93 20.74 21.54 20.79 21.19 22.85 23.55 25.41 24.53 22.57 21.59 23.09 24.74 25.01 26.20 26.86 28.83 31.24 31.07 30.92 28.81 28.86 28.92 30.40 30.87
12.78 18.76 12.12 12.70 22.29 21.79 20.53 20.24 21.38 18.29 14.89 17.35 18.89 14.25 12.76 15.54 17.60 19.61 22.65 24.62 24.87 22.78 20.34 21.16 25.49 50.07 42.89 29.79 23.52 22.24 23.26 21.86 18.52 22.39 23.43 11.42 10.89 17.52 19.48 9.10 8.04 24.30 22.75 25.79 29.19 29.26 27.86 30.69 31.01 28.62 19.09 19.33 21.31 22.26 22.64 24.94 24.68 24.64 24.15 23.07 23.21 23.32 23.21 25.47 26.56 26.69 27.31 30.41 31.43 32.42 32.79 30.70 29.09 29.29 30.92 29.50 29.40 29.78
12.63 18.90 19.59 19.77 18.85 19.21 20.17 20.71 21.89 20.33 16.16 15.04 18.59 19.02 14.68 14.35 17.33 19.26 21.25 24.59 26.15 24.89 21.85 21.38 29.51 50.71 49.98 29.50 25.41 31.71 30.54 21.50 18.80 20.09 23.47 10.20 10.80 24.12 17.01 9.01 9.34 24.66 27.49 30.91 30.28 31.47 30.76 32.97 31.87 30.58 21.71 20.92 21.55 22.22 22.85 27.97 26.78 25.32 21.93 22.08 22.47 22.94 25.04 28.26 29.22 27.85 30.09 32.97 34.29 31.22 30.76 29.75 29.53 30.10 28.67 31.29 27.93 28.09
9.82 12.21 12.28 20.85 18.24 17.31 21.41 21.57 23.81 22.29 18.74 18.25 17.80 20.57 16.57 13.64 16.59 19.33 20.37 23.28 26.46 24.64 21.80 23.45 31.17 53.16 54.80 31.14 26.61 38.55 30.99 20.43 17.37 20.20 21.41 14.81 24.60 24.43 18.36 20.24 23.45 26.79 28.73 30.14 29.83 32.21 33.36 33.11 31.75 24.75 24.08 21.97 21.23 21.78 22.67 21.70 20.51 20.74 21.66 22.73 23.70 24.22 25.69 27.81 28.73 30.24 30.44 29.86 28.09 26.33 26.86 26.10 26.90 26.92 29.61 24.38 22.95 21.47
11.55 17.87 17.54 18.67 19.55 20.05 20.54 21.96 22.90 23.26 21.83 19.93 15.27 17.93 19.32 19.25 19.23 20.27 20.20 22.54 25.35 23.92 19.83 22.41 30.70 52.50 61.64 42.84 34.41 41.27 31.10 21.19 17.57 19.06 22.49 27.36 25.77 22.46 20.93 22.04 23.93 25.94 27.71 29.62 30.59 31.74 31.74 33.59 33.43 24.95 25.68 23.79 21.32 20.80 22.96 22.50 20.42 20.30 22.09 23.96 25.10 26.66 27.11 27.83 27.80 25.68 26.34 25.19 24.42 23.26 23.52 24.45 25.53 27.46 24.77 24.12 22.47 23.86
14.17 14.26 13.94 15.84 18.94 20.28 18.81 18.79 21.11 22.88 20.27 19.45 12.38 17.93 18.48 20.06 20.35 21.21 20.65 22.52 24.32 23.03 19.17 19.42 23.33 40.08 64.11 60.54 50.31 43.84 30.08 22.83 20.58 21.40 24.00 26.93 23.21 22.81 23.53 23.91 25.03 27.33 28.10 29.13 31.37 33.99 34.23 35.05 30.83 24.47 26.76 25.43 21.74 21.56 22.98 22.10 20.26 20.37 22.03 23.42 24.13 24.72 28.21 24.97 23.89 22.62 21.94 22.10 23.84 23.78 23.79 23.79 23.66 23.88 23.99 22.94 21.63 22.32
12.63 14.31 12.70 14.67 16.87 18.40 21.19 20.12 18.69 20.47 21.34 18.54 15.41 10.13 16.04 18.39 20.14 21.23 21.37 22.81 24.63 23.46 21.10 16.81 17.93 27.27 48.59 63.32 62.00 45.65 30.14 25.01 24.73 23.79 23.85 23.34 21.95 24.72 24.02 24.41 26.50 28.21 29.29 31.14 32.81 33.80 34.30 35.51 24.61 25.27 27.34 27.03 23.74 22.22 20.33 17.69 19.17 20.79 21.13 21.32 21.94 22.50 23.34 23.22 22.15 20.96 21.91 22.02 22.84 23.22 22.64 21.54 20.72 21.55 22.00 21.50 20.93 20.36
6.54 9.61 12.07 12.67 13.68 16.63 18.45 22.22 21.25 20.12 20.03 19.49 18.78 13.02 11.14 17.72 19.28 19.03 18.89 20.88 23.36 20.82 19.81 16.70 16.27 22.92 34.91 54.62 63.13 48.65 31.89 27.62 24.76 23.53 22.98 21.28 21.92 24.60 23.87 25.29 27.20 29.49 31.32 33.03 32.51 33.44 33.87 23.04 25.90 26.09 27.15 28.63 25.55 20.41 17.18 17.27 20.05 21.72 21.42 23.25 23.20 23.95 22.60 24.18 23.40 22.10 21.52 21.65 21.27 20.71 20.41 22.38 23.92 24.11 24.73 24.52 23.51 22.08
9.59 5.59 10.90 11.83 12.04 14.14 16.60 18.52 19.68 21.01 21.76 19.98 20.85 19.28 12.38 15.13 19.74 22.35 22.17 24.08 25.05 20.66 17.99 15.95 16.96 24.48 32.57 46.09 58.25 49.38 37.02 32.29 21.37 20.28 18.09 18.36 23.14 24.85 22.40 24.93 27.70 29.72 31.79 34.61 35.73 34.55 34.08 24.12 26.45 26.42 26.12 27.90 25.88 18.78 16.85 20.40 23.93 24.11 22.04 23.63 23.28 23.36 20.85 22.32 22.18 22.90 24.09 24.50 24.39 23.94 23.87 25.41 26.68 26.99 26.65 27.05 27.43 26.15
10.81 6.57 3.37 11.63 13.78 14.95 15.24 15.88 19.17 16.86 19.37 20.38 19.98 15.77 12.13 14.68 18.61 23.86 27.74 31.03 31.48 27.34 22.79 19.37 21.25 26.16 24.71 39.53 52.42 49.27 44.43 37.05 15.56 15.29 15.98 18.03 21.88 23.11 23.30 26.32 26.61 28.35 31.88 34.72 35.91 35.11 34.53 25.01 25.47 26.41 26.20 25.86 26.17 23.47 21.62 23.51 24.48 23.10 26.03 23.31 22.09 21.61 21.18 21.30 22.15 20.38 20.45 20.08 19.79 19.55 19.97 20.41 20.95 23.30 22.54 22.56 24.89 24.05
10.22 10.74 11.49 5.26 6.81 8.80 12.12 15.46 16.64 18.68 18.78 15.43 12.31 12.00 14.57 14.49 15.88 20.44 24.92 30.02 35.90 35.96 32.54 30.91 28.67 25.89 30.78 36.14 47.16 46.82 45.37 40.53 14.38 10.39 16.50 17.92 21.32 21.89 23.45 25.89 27.85 29.69 32.40 34.00 36.02 32.89 34.80 25.44 24.91 25.83 27.85 28.14 27.39 27.49 26.16 21.81 17.54 16.85 18.35 19.04 18.78 21.87 20.88 20.51 20.39 19.58 17.96 16.43 15.36 16.04 14.52 15.80 18.15 20.98 22.78 24.66 23.69 21.99
11.27 12.17 15.47 12.51 7.47 9.26 10.08 11.34 13.30 14.04 16.65 16.73 18.85 15.82 11.27 14.89 14.57 17.01 17.87 17.65 23.68 31.63 35.97 38.84 36.98 35.28 32.73 38.40 45.36 45.58 44.24 41.60 19.59 5.17 15.38 17.19 18.99 19.28 22.80 26.14 28.52 29.74 31.74 33.09 36.93 35.34 35.03 26.36 26.24 26.73 29.10 31.08 29.93 27.76 26.08 21.04 13.36 10.56 13.66 15.93 17.02 16.33 20.20 19.06 17.91 17.57 16.56 12.26 10.02 11.55 15.32 19.07 21.32 25.11 24.99 23.01 20.30 18.01
