examples/cougarCreek/createInputs/farsite/cougarCreek_polygonIgnit/cougarCreek_08-12-2015_0500_217m_non_neutral_stability_vel.asc
ncols	146
nrows	140
xllcorner	610065.000000
yllcorner	5095217.000000
cellsize	216.586807
NODATA_value	-9999.000000
[rows 35 to 69 of 140, columns 0 to 77 of 146]
18.15 17.35 19.57 17.22 10.19 7.19 12.58 14.88 15.44 15.80 16.57 20.43 21.76 19.88 16.23 10.63 8.72 7.85 6.45 11.36 17.33 24.99 27.91 32.92 32.10 36.70 41.46 45.24 47.70 47.03 41.91 39.88 25.45 3.90 13.83 15.14 17.50 19.62 22.52 25.88 28.19 28.99 31.65 34.04 33.98 36.02 37.90 38.34 35.61 28.83 29.72 30.24 31.98 30.85 28.41 26.62 22.54 15.95 12.93 21.07 20.99 21.49 16.53 16.31 15.00 14.93 14.52 14.91 16.11 17.41 19.27 20.51 21.29 15.06 17.32 15.46 15.27 14.88
13.13 15.65 17.15 16.68 11.02 10.61 7.99 12.84 14.91 16.65 17.92 18.86 19.03 21.03 21.66 19.52 17.44 16.54 13.89 15.56 20.64 22.18 23.34 20.36 24.27 29.29 37.19 47.14 53.24 50.45 41.12 36.37 24.41 5.06 12.11 13.91 15.39 9.23 11.98 14.53 16.19 18.26 22.60 33.07 34.31 36.80 37.58 37.79 39.67 30.16 30.82 29.82 31.55 33.03 32.14 31.18 30.05 25.19 19.13 16.57 16.29 17.22 17.48 22.54 17.76 16.27 17.45 18.97 20.16 23.39 20.49 19.74 16.15 10.49 6.82 7.33 7.72 7.33
16.15 16.18 15.13 15.94 17.52 13.78 12.13 14.90 15.69 15.75 16.89 17.27 16.66 18.09 18.56 19.86 21.28 19.97 18.65 16.70 17.02 17.91 19.32 23.55 22.75 23.73 32.55 44.08 57.69 59.70 48.01 27.05 13.52 8.83 15.09 19.17 20.16 20.95 22.05 23.82 16.93 25.18 20.49 25.02 28.43 23.12 24.09 33.15 39.11 38.88 38.38 31.60 32.02 32.17 32.21 33.14 31.43 28.99 25.57 21.89 18.49 16.71 15.06 13.90 13.32 13.46 14.23 14.80 15.12 15.61 15.70 15.45 20.73 11.48 9.41 8.58 8.14 7.52
6.44 7.24 11.81 14.92 18.20 17.77 9.59 7.62 17.45 15.83 18.74 15.74 15.38 14.19 14.85 15.56 15.48 15.92 16.26 16.36 16.52 15.37 17.70 22.77 26.22 25.82 32.68 46.86 61.48 70.77 63.19 33.34 2.61 7.82 13.64 17.03 17.00 13.36 14.28 26.13 28.91 27.93 16.93 19.52 20.35 21.98 23.17 22.09 35.35 36.50 41.53 39.32 39.84 32.87 32.57 33.17 32.03 31.00 27.50 25.38 23.35 21.92 20.27 18.62 15.61 15.49 12.99 12.08 10.90 10.27 9.23 7.89 9.37 10.99 11.05 10.54 10.55 9.83
8.18 12.85 16.29 16.78 17.97 20.54 6.82 16.99 14.28 16.18 15.65 14.94 15.63 13.10 13.26 13.22 13.53 14.30 14.85 14.96 14.84 16.55 17.56 22.87 24.69 24.74 30.26 43.95 61.54 73.63 74.55 44.78 11.96 8.91 14.52 16.90 21.41 25.29 26.03 19.02 16.88 27.40 18.47 21.19 29.57 34.40 36.50 36.98 37.40 38.93 39.74 40.45 39.05 40.24 41.50 35.04 33.05 29.85 27.24 25.38 23.06 20.98 20.99 21.49 21.04 20.23 19.29 16.88 14.82 12.91 11.73 9.44 9.07 8.72 8.02 8.66 9.36 9.66
12.17 18.41 19.73 21.13 9.51 8.44 7.28 16.65 14.66 14.08 15.83 14.58 14.88 12.62 13.12 11.78 12.33 13.51 13.40 14.05 15.70 18.63 19.32 20.14 21.30 21.86 26.95 39.30 50.06 68.74 74.18 48.21 20.82 11.10 14.08 17.25 18.76 22.24 28.11 22.05 22.91 22.73 22.70 20.43 20.74 21.06 23.19 25.41 25.37 37.82 38.61 38.40 39.63 38.70 27.38 28.35 39.84 37.19 21.02 32.76 30.39 20.83 20.48 22.74 22.61 23.34 21.98 17.56 15.34 13.85 13.04 13.16 13.50 11.62 9.48 7.15 6.25 6.13
11.02 10.71 16.37 18.60 8.06 7.64 7.11 15.68 14.62 15.29 15.50 14.95 13.51 10.95 11.55 10.68 11.67 12.72 12.55 15.48 17.87 19.51 20.04 15.81 16.59 19.17 27.20 36.13 42.51 63.44 75.22 58.13 28.35 15.06 15.19 15.67 18.60 20.32 23.15 28.41 28.96 29.81 30.79 31.03 31.81 29.66 25.11 25.63 32.36 32.89 34.88 32.54 27.56 34.03 36.44 36.66 33.58 31.41 23.46 22.32 26.82 22.23 23.39 24.91 23.71 22.58 22.48 23.71 22.14 20.99 19.95 18.27 13.42 14.49 14.03 12.83 7.82 6.29
10.21 15.90 17.19 15.80 16.40 7.03 16.20 14.86 15.12 15.28 15.08 15.05 14.28 12.73 11.55 11.28 11.38 12.82 14.65 15.34 17.73 19.87 16.49 13.94 15.47 18.75 28.97 35.69 42.21 60.74 79.83 76.32 55.08 30.93 19.00 15.30 17.89 20.19 22.62 25.89 29.00 28.60 29.17 30.07 33.33 35.55 36.89 36.40 34.95 26.04 34.33 32.75 28.69 29.86 31.11 28.19 27.33 26.29 25.64 27.90 23.32 24.10 27.95 31.11 21.87 19.45 19.22 18.39 17.33 15.30 15.63 16.39 16.26 17.74 17.41 18.48 16.91 11.61
7.93 5.54 14.14 6.28 7.04 8.11 16.14 13.84 14.59 15.77 14.94 13.53 10.35 10.25 11.23 13.21 11.34 12.52 13.05 15.77 18.68 16.17 13.85 13.70 14.26 19.91 29.23 33.48 41.05 56.09 73.69 76.29 69.86 57.31 40.74 23.58 19.51 20.68 21.19 22.13 24.77 27.81 29.14 30.08 31.97 33.36 33.04 32.53 35.13 35.42 35.39 35.51 33.56 32.80 32.82 32.69 33.29 33.15 36.37 33.17 27.74 21.10 21.46 21.38 19.42 17.95 16.76 15.66 12.62 13.27 9.40 8.69 9.94 10.86 10.32 14.02 14.18 14.47
9.73 9.39 8.57 14.51 15.80 17.47 15.99 15.44 15.43 13.61 13.92 11.41 12.90 14.69 12.98 14.02 9.99 12.03 13.14 16.29 19.57 16.57 14.93 13.22 13.62 20.40 26.64 28.75 37.57 52.15 66.41 67.19 68.36 63.19 52.74 41.29 27.97 23.93 21.71 21.47 21.49 22.82 24.86 23.82 25.30 27.89 30.80 29.84 31.93 32.69 34.26 35.51 36.52 35.84 37.23 37.89 31.40 25.19 24.35 24.13 21.35 18.01 17.92 19.05 20.76 21.01 18.90 15.90 14.38 13.90 13.11 12.61 13.28 13.53 11.37 8.55 6.95 5.85
15.94 14.47 14.98 17.86 17.05 18.86 16.74 16.82 15.76 12.61 1.95 12.13 15.36 14.96 13.73 13.19 12.71 12.44 13.57 18.24 20.00 17.58 14.10 12.08 13.12 18.28 22.41 24.91 33.69 50.82 60.33 58.63 59.94 59.22 53.00 44.08 35.98 31.24 25.87 23.53 19.58 14.17 15.49 18.81 21.50 24.43 25.32 23.61 27.98 30.80 33.79 34.45 32.43 30.62 29.14 27.98 24.07 23.58 22.91 23.11 22.28 21.35 20.03 20.14 20.61 19.01 19.62 16.57 13.30 16.05 20.78 16.00 15.82 16.53 15.53 13.63 9.06 10.93
8.77 8.16 7.24 17.00 17.50 18.93 17.86 16.58 15.00 4.18 13.32 13.54 16.16 14.13 14.24 13.70 13.25 13.87 14.50 18.35 19.18 16.33 12.02 10.08 12.75 15.61 19.74 24.12 35.77 52.21 55.88 54.29 54.17 54.14 48.82 38.62 34.80 34.76 31.87 26.58 23.77 23.24 23.94 23.71 22.24 27.73 22.58 20.84 26.30 25.79 21.19 22.73 23.00 21.94 22.13 22.88 23.49 24.82 25.66 25.69 25.08 23.59 21.16 19.36 18.15 19.32 12.62 10.97 16.99 11.16 8.90 7.43 7.14 14.59 14.42 13.43 6.45 10.99
10.02 9.22 7.99 18.06 18.87 18.50 8.97 16.91 16.15 15.10 14.39 15.50 15.49 15.59 16.09 16.07 2.23 2.34 14.86 17.28 18.00 13.16 11.24 12.31 14.12 15.15 17.48 24.10 36.25 48.13 52.32 51.35 49.16 51.17 44.97 33.15 29.01 33.71 34.40 33.84 30.34 29.82 28.61 25.27 27.85 18.00 17.04 20.67 14.14 15.81 17.61 19.62 21.25 21.36 22.30 25.34 27.68 28.47 27.52 25.33 25.36 23.79 22.56 20.76 17.04 15.77 17.97 16.68 10.49 8.91 7.04 11.81 12.93 13.44 12.97 12.30 3.69 2.36
10.97 10.18 13.86 21.07 13.12 11.71 7.42 18.90 17.34 16.41 16.69 14.77 14.81 15.65 12.92 2.36 2.22 2.84 15.31 16.65 17.68 14.09 13.35 15.01 13.10 14.05 17.42 24.09 34.05 45.17 47.95 48.17 45.43 51.27 41.73 33.15 24.70 30.71 31.74 38.18 33.18 23.36 20.85 20.06 24.62 21.78 22.07 13.60 14.65 16.17 19.89 25.52 26.44 25.35 26.16 28.59 28.90 27.22 24.31 21.80 20.16 18.37 16.96 16.22 15.61 14.50 13.46 12.66 15.26 14.09 14.54 19.28 13.79 14.22 17.33 12.59 11.12 2.18
12.68 11.87 11.81 11.72 14.26 21.03 22.05 21.69 18.85 18.69 16.33 15.30 15.27 12.58 3.47 14.21 13.19 14.02 12.53 16.56 17.00 16.25 15.86 13.18 11.69 14.28 16.64 22.38 30.56 33.98 45.41 38.12 42.54 48.30 42.69 34.15 22.10 28.90 29.19 33.65 17.28 28.21 12.40 14.45 19.25 27.54 23.86 24.09 24.34 27.62 32.38 32.65 29.77 27.10 25.96 24.28 23.17 22.57 20.01 19.38 18.60 17.25 15.51 14.44 18.06 18.01 17.93 18.58 23.99 23.01 20.64 13.84 13.43 12.73 11.44 11.31 11.27 11.17
14.25 12.53 9.77 12.03 21.75 20.31 18.78 20.72 20.96 20.39 19.62 17.75 16.01 16.82 14.75 13.46 13.02 13.74 14.68 16.65 16.85 16.16 14.39 11.90 12.59 13.67 15.82 19.73 22.21 31.62 40.81 33.43 39.06 46.65 44.81 35.72 25.55 29.73 27.43 27.49 26.85 24.00 23.72 16.87 13.48 20.14 27.58 30.22 32.99 34.72 33.20 28.62 25.41 21.84 17.87 16.39 17.99 18.42 19.60 20.50 17.54 16.79 15.41 13.78 12.62 11.51 10.59 10.80 10.46 10.10 10.33 9.49 7.56 12.28 11.77 9.91 1.81 1.02
15.45 12.03 11.27 18.28 17.68 18.88 20.32 21.26 21.18 22.98 18.41 8.36 17.45 16.06 4.29 15.05 14.09 15.53 15.67 16.96 16.98 17.33 15.66 13.88 14.22 14.36 15.98 19.11 23.92 29.80 35.93 30.56 36.97 45.72 43.18 33.91 29.23 31.03 27.43 25.10 22.08 20.63 20.65 23.94 21.47 22.33 16.81 19.56 22.75 23.36 21.22 19.75 19.43 17.12 13.17 12.97 14.84 13.88 17.94 20.27 20.53 19.58 14.87 13.69 12.19 10.31 14.75 10.02 22.41 16.14 12.32 14.90 14.01 10.83 10.11 2.61 2.17 1.77
15.99 12.11 12.47 17.86 17.38 18.51 18.81 19.17 20.50 22.27 23.23 19.93 15.67 14.39 15.09 15.52 15.64 15.72 15.88 16.91 16.75 17.47 15.73 4.85 16.83 13.61 12.83 16.82 24.40 32.66 30.80 27.49 35.79 45.78 39.31 29.39 28.62 29.43 26.80 25.66 21.53 19.25 18.29 21.65 27.97 24.41 23.70 18.95 19.61 19.19 18.02 17.04 16.13 16.49 16.04 15.06 14.71 14.62 15.34 18.13 19.03 25.58 16.68 13.37 12.56 11.14 10.25 10.08 13.40 12.28 8.11 7.17 7.02 6.67 5.90 5.07 4.84 4.57
16.93 17.69 19.44 20.08 18.64 18.85 18.71 18.87 20.78 20.79 20.98 9.10 17.71 16.91 17.86 18.41 16.88 16.18 15.19 16.26 14.93 16.47 13.61 14.82 17.60 11.28 14.19 21.61 27.34 29.65 26.87 28.88 33.69 46.57 37.16 27.64 25.62 24.24 21.47 19.63 20.48 18.87 17.06 19.69 24.03 27.84 30.20 27.53 26.32 21.23 17.84 16.52 14.81 13.74 14.00 13.49 11.99 12.29 14.15 15.85 16.10 15.68 13.58 13.19 13.22 12.39 12.06 12.75 14.01 13.63 11.02 9.25 8.66 8.11 8.85 9.20 15.01 12.25
20.14 21.18 21.34 21.43 21.90 19.47 20.96 18.95 19.77 19.73 8.46 9.65 22.13 23.26 20.70 19.27 17.61 16.56 15.93 15.65 14.87 15.75 16.15 17.02 16.88 15.78 18.57 20.51 25.25 29.15 26.40 25.76 31.06 45.43 36.07 27.67 34.23 34.36 27.16 26.28 28.48 25.40 18.13 15.04 18.59 24.76 27.82 29.68 30.28 30.18 22.18 18.45 15.01 13.57 12.40 11.56 10.65 11.08 11.88 12.97 14.23 14.18 12.39 13.10 14.06 13.39 12.14 12.72 13.85 15.63 21.53 18.77 10.51 11.82 8.45 10.16 9.65 7.84
24.90 22.62 22.25 22.82 14.36 18.49 18.30 17.33 16.79 16.61 6.33 9.90 25.76 25.71 22.91 18.97 17.42 15.66 13.55 12.80 12.51 14.14 14.79 15.32 15.97 17.02 19.08 21.15 24.95 28.43 26.79 21.57 29.55 41.78 35.63 24.83 31.48 28.73 31.44 33.42 33.15 34.01 25.39 19.20 12.15 12.37 23.05 28.34 29.16 28.36 28.53 22.41 17.07 14.77 14.20 13.62 12.64 11.84 12.07 13.37 14.60 17.11 20.05 21.15 12.61 12.17 21.23 17.95 21.60 12.87 12.82 10.97 19.49 11.78 10.27 9.60 7.97 14.01
28.56 22.67 15.75 15.43 14.73 18.29 17.10 15.76 6.60 11.67 6.29 20.16 13.73 25.31 24.84 23.71 18.92 17.34 13.63 11.65 11.87 13.01 15.06 14.57 15.33 17.87 19.46 21.96 26.19 26.07 25.03 24.82 29.71 40.19 33.32 20.89 28.11 24.83 27.80 30.11 31.88 32.73 33.82 25.22 19.83 13.99 12.12 15.20 18.49 29.47 28.64 24.13 22.37 15.94 15.77 16.93 14.45 15.17 17.10 19.01 18.06 14.94 11.81 11.21 11.30 10.83 17.87 10.80 11.24 10.78 10.91 16.94 19.36 20.49 9.77 8.29 6.95 6.98
21.90 20.23 14.14 12.91 15.10 15.72 5.62 11.18 11.42 12.59 14.59 19.16 18.34 21.04 24.96 26.32 24.48 22.25 8.29 10.03 12.23 13.49 14.16 12.92 14.59 16.90 17.64 21.25 25.82 25.90 25.11 22.14 22.89 32.59 29.47 17.66 27.63 25.54 22.60 30.45 31.51 31.52 34.46 32.45 24.96 22.12 16.03 14.47 14.90 17.03 19.36 30.94 19.76 20.57 17.86 24.75 25.65 15.43 15.86 15.44 15.68 17.36 11.70 11.22 10.69 10.41 9.89 9.82 10.20 10.35 10.71 10.78 19.75 9.51 8.51 7.35 5.94 5.60
15.35 11.74 16.63 5.02 2.90 0.79 13.04 6.58 7.45 17.29 15.00 17.03 15.90 21.04 23.49 18.15 15.38 13.41 8.42 2.09 12.66 14.29 12.53 10.68 14.03 14.31 16.07 22.41 23.60 24.54 21.84 14.30 19.10 29.20 30.27 19.86 26.86 25.11 18.54 32.74 29.50 28.71 31.03 35.41 33.70 27.70 26.46 23.72 20.53 17.42 16.95 17.95 20.76 21.06 25.23 15.27 11.78 12.39 9.92 9.45 13.76 15.47 15.26 15.69 16.42 17.01 9.87 9.86 9.70 9.83 10.13 16.61 8.11 7.26 7.00 7.01 7.42 7.21
12.77 10.15 9.13 9.10 5.64 11.36 0.88 7.80 16.23 16.30 16.23 16.87 18.44 8.45 9.91 11.67 16.40 13.88 5.79 2.21 11.17 10.44 7.99 11.64 13.09 12.20 16.04 21.62 23.09 23.24 11.91 14.29 25.07 31.35 35.74 23.41 22.64 28.62 29.41 26.19 29.05 31.45 26.86 31.83 33.46 36.73 36.40 33.79 26.05 24.71 21.44 16.58 13.07 11.29 9.25 8.40 8.88 9.12 8.88 8.70 8.30 8.46 9.08 9.14 8.77 8.29 15.73 16.58 16.79 15.12 8.30 8.21 7.87 8.40 9.25 9.05 8.52 7.75
11.85 8.81 15.60 14.75 17.03 0.11 1.25 13.46 15.26 8.78 8.46 8.16 5.67 6.33 5.65 12.90 16.95 11.49 2.88 1.80 11.58 11.79 11.35 13.15 12.43 11.71 16.46 20.36 22.12 20.22 11.48 21.64 25.65 29.13 35.06 26.44 18.13 27.13 28.68 28.85 25.71 30.76 30.34 30.71 32.88 30.28 31.42 20.61 21.86 21.94 29.88 20.50 17.88 15.71 13.72 11.76 10.19 9.50 8.91 7.96 7.54 7.72 8.13 8.28 7.83 12.58 10.12 6.52 7.01 7.26 8.59 10.57 11.14 10.76 10.00 8.89 15.23 15.29
12.12 15.11 14.08 14.90 12.47 2.26 2.39 12.68 6.23 7.29 6.74 6.40 4.18 6.50 9.27 14.72 14.54 7.11 1.20 2.70 11.79 12.17 13.15 9.82 11.00 12.65 17.19 18.79 18.54 19.66 20.60 22.68 25.67 27.31 30.42 29.45 18.80 26.03 29.03 28.84 26.58 27.90 28.72 27.45 29.29 29.64 31.98 32.52 14.93 29.24 27.87 29.41 30.81 27.99 19.08 18.14 16.86 15.69 14.64 12.93 10.99 9.45 8.33 7.65 7.07 6.39 6.07 6.87 9.10 11.77 13.39 13.34 11.96 10.40 15.29 15.28 8.82 8.30
17.70 16.64 14.21 12.15 10.36 10.08 10.88 9.11 6.54 7.33 7.84 5.54 6.48 8.52 11.72 13.99 9.94 3.44 2.27 15.07 13.81 11.88 13.34 12.91 12.97 13.58 15.90 17.94 19.07 20.64 20.94 22.65 14.29 28.22 26.23 28.53 27.21 25.65 28.60 26.73 27.34 25.85 27.44 28.07 28.40 29.79 28.09 28.05 27.42 25.59 24.79 27.39 29.33 17.50 18.10 17.77 17.21 16.32 15.67 15.39 14.97 13.99 12.61 11.21 10.50 11.01 12.50 14.10 15.20 15.66 14.93 13.02 11.28 10.33 14.91 9.41 8.49 7.41
19.47 12.88 8.51 9.13 11.49 8.07 8.70 8.30 8.98 6.62 5.52 5.36 6.58 9.15 11.81 11.35 5.92 3.21 4.22 15.76 14.85 14.40 14.37 14.65 13.03 13.80 15.74 18.10 19.36 21.03 22.25 11.29 13.49 26.29 22.16 27.87 28.19 28.50 28.28 26.90 26.37 25.13 27.64 27.01 27.25 29.24 29.55 29.88 29.14 26.50 27.46 27.77 31.52 15.22 15.49 15.23 14.71 14.12 13.80 14.08 14.72 15.35 15.98 16.49 16.83 17.21 17.62 17.43 16.46 15.25 14.27 13.34 12.57 11.53 15.81 8.88 7.39 6.18
6.38 9.47 8.41 5.62 6.08 6.98 7.83 8.22 5.14 3.35 3.01 3.84 6.06 8.71 9.53 7.61 3.76 6.91 9.91 16.64 15.22 16.59 14.38 14.50 13.22 14.67 14.81 18.43 19.48 20.80 17.37 21.73 18.87 26.74 23.86 27.44 29.17 26.27 26.91 26.99 27.36 24.18 20.88 27.17 26.45 26.50 29.81 28.45 18.65 29.77 24.81 24.89 26.71 30.01 14.72 14.64 13.95 13.46 12.90 12.53 12.89 13.75 14.59 15.41 16.29 16.78 16.30 14.95 13.89 13.53 13.25 12.66 11.88 10.86 9.49 7.71 6.00 5.15
8.74 13.00 9.62 6.30 2.80 3.49 4.56 2.87 1.19 0.17 1.49 4.08 6.78 7.96 6.88 4.42 1.80 7.85 19.85 17.06 8.88 15.78 14.46 16.31 14.50 12.98 13.51 10.64 20.76 19.76 18.86 21.03 21.70 24.03 24.06 26.24 27.10 26.27 27.93 26.36 26.61 24.19 20.03 25.08 25.13 26.90 26.67 26.08 17.53 17.65 28.31 23.84 26.01 28.56 14.64 14.50 13.44 12.82 12.12 11.71 12.00 12.22 12.36 13.01 13.84 14.27 13.81 12.64 11.82 11.60 11.10 10.26 9.58 9.13 8.43 7.06 6.08 6.48
14.27 10.67 9.05 5.98 5.78 5.40 5.48 5.05 3.79 2.10 1.75 4.41 7.24 7.84 6.35 3.37 5.54 9.24 17.58 18.58 19.12 12.82 15.23 17.40 14.10 11.51 6.13 9.73 11.61 11.96 17.77 18.37 21.59 23.36 25.07 25.92 24.80 27.49 27.35 17.09 24.38 25.45 18.12 19.67 22.61 25.21 25.58 25.16 28.80 11.92 16.86 25.30 27.79 18.16 14.19 14.44 13.38 12.90 12.55 12.09 12.04 11.98 12.11 12.43 12.69 12.78 12.76 12.53 11.94 11.38 10.34 15.48 15.70 9.54 9.40 13.84 10.24 11.52
8.11 9.02 9.40 10.99 11.38 11.54 10.92 9.07 6.90 4.86 7.75 4.24 6.63 7.81 7.36 4.37 7.11 9.58 18.27 19.11 17.81 6.66 9.62 18.26 15.99 11.33 5.99 9.00 19.56 20.98 19.27 20.23 20.75 22.21 25.44 25.64 24.16 25.53 27.63 17.20 26.51 26.66 14.73 12.00 12.86 21.89 24.17 25.71 22.20 16.18 14.45 23.91 27.38 26.20 12.97 13.75 13.73 13.88 14.27 13.46 12.42 11.68 11.12 10.80 10.74 11.01 11.63 12.45 12.85 12.15 15.91 15.94 16.47 9.88 9.79 10.96 12.40 12.21
9.47 12.14 13.33 15.20 15.64 14.96 15.61 11.13 9.02 7.14 5.70 5.40 6.49 7.24 7.47 5.32 7.82 17.42 17.50 19.44 17.84 15.81 17.53 16.09 15.54 5.54 5.00 9.30 17.71 19.82 20.80 17.56 22.16 22.19 23.30 23.81 25.88 26.78 26.69 17.73 26.48 20.60 16.73 14.65 12.83 12.46 15.62 21.73 20.21 25.82 20.92 21.86 24.02 21.76 24.54 18.48 13.41 13.97 14.72 14.23 11.97 10.10 9.03 14.63 9.09 9.71 10.31 11.20 11.96 11.87 11.38 11.11 16.02 10.06 17.27 9.42 8.68 6.34
11.33 11.44 11.88 14.25 14.98 13.67 12.22 10.54 9.13 8.11 7.84 7.61 7.56 7.39 9.22 5.30 9.41 17.83 18.07 18.08 17.88 16.23 15.97 15.49 15.62 5.27 1.57 9.64 19.70 20.49 21.36 21.57 19.15 21.77 23.79 23.41 24.38 24.21 27.15 17.92 19.60 17.67 25.16 17.25 14.81 13.78 16.93 22.57 21.80 22.55 22.32 23.13 23.92 22.89 15.23 23.99 18.44 12.71 12.60 13.90 12.59 9.59 7.97 7.93 8.75 9.29 9.74 10.16 10.38 10.87 11.59 11.79 16.78 10.92 9.83 16.57 13.29 9.89
