examples/cougarCreek/createInputs/farsite/cougarCreek_polygonIgnit/cougarCreek_08-12-2015_0500_217m_non_neutral_stability_vel.asc
ncols	146
nrows	140
xllcorner	610065.000000
yllcorner	5095217.000000
cellsize	216.586807
NODATA_value	-9999.000000
[rows 70 to 104 of 140, columns 0 to 77 of 146]
11.45 9.13 9.58 13.66 12.83 10.68 9.79 9.16 8.49 12.28 8.58 9.26 9.55 8.92 7.34 5.31 11.43 17.69 19.27 18.36 18.46 18.44 16.02 15.47 13.93 4.85 2.81 10.44 19.36 20.65 20.09 18.95 19.23 20.76 23.32 21.65 22.74 25.91 26.62 17.65 14.58 16.47 18.63 18.63 15.53 13.42 24.74 22.25 21.42 16.59 15.90 23.54 24.74 21.02 19.64 13.89 17.33 15.56 11.31 12.79 14.89 13.15 10.71 9.53 9.31 9.46 9.68 17.43 9.81 9.70 10.04 10.42 16.93 17.05 16.68 16.25 16.18 11.95
8.77 8.62 13.16 14.94 12.47 9.53 8.66 12.91 12.67 12.61 13.26 14.51 15.60 14.13 8.93 5.72 12.87 18.27 19.00 19.09 17.68 18.40 14.67 12.17 7.11 5.64 8.40 14.74 19.17 18.68 19.82 20.63 18.98 21.47 21.50 21.77 21.92 23.69 24.94 12.44 17.84 26.63 16.08 30.69 16.46 13.99 13.63 23.32 24.66 23.85 17.96 16.78 22.96 22.70 24.09 18.05 14.68 18.43 11.30 10.38 13.79 16.06 15.10 13.47 11.87 11.08 10.79 10.32 17.71 9.51 8.86 8.39 15.88 15.92 16.53 16.90 16.42 16.17
10.85 13.27 18.25 18.20 13.09 10.24 9.27 13.44 12.94 12.73 13.79 14.74 11.37 13.62 11.89 6.88 13.11 16.87 18.76 19.19 20.27 16.93 14.88 14.06 7.20 2.74 10.32 17.59 18.75 18.08 20.04 20.41 18.77 23.75 20.23 21.53 22.37 25.17 22.69 10.88 17.25 27.46 14.05 17.69 18.22 15.23 25.11 14.75 18.29 16.78 16.72 17.00 23.86 17.56 18.71 22.63 13.96 10.50 21.22 10.06 10.10 14.07 15.64 15.28 14.65 14.12 13.52 12.62 11.81 11.02 17.44 16.35 16.04 14.64 15.69 9.57 16.32 15.83
13.89 17.52 21.56 19.70 13.01 10.64 9.80 14.15 12.94 12.75 12.88 13.74 8.88 12.63 13.43 8.17 13.52 16.23 18.88 18.80 19.26 17.58 13.02 12.53 6.77 3.36 17.63 18.81 11.90 18.46 20.79 19.26 18.37 21.83 12.29 20.31 21.37 21.79 22.37 9.92 16.95 27.82 13.08 15.77 25.75 16.57 13.95 27.59 26.78 27.61 17.42 18.57 24.32 12.66 20.48 15.20 14.84 10.88 10.81 10.89 9.83 10.55 13.00 13.63 13.76 13.82 13.64 13.54 13.54 13.24 16.98 16.76 17.08 16.86 17.59 19.17 17.45 17.23
17.66 18.75 20.41 18.25 11.95 9.78 14.42 13.69 12.73 12.68 12.66 12.74 12.77 10.76 11.97 7.73 13.80 17.89 16.91 19.48 18.08 10.53 14.96 14.42 3.76 3.99 16.88 12.67 11.53 18.58 20.60 19.16 22.80 12.42 11.92 20.55 22.98 23.12 23.37 10.51 11.43 24.87 26.28 13.41 16.82 17.55 14.46 23.61 28.88 23.79 26.64 25.65 24.42 19.50 12.60 22.18 16.29 11.47 10.99 16.26 10.12 9.06 10.46 12.11 12.18 11.86 11.67 19.29 20.02 21.02 18.82 20.39 20.46 20.01 19.36 19.22 17.84 17.79
21.09 19.55 22.16 17.33 15.35 13.66 13.23 12.65 12.78 13.79 13.23 6.96 11.84 9.04 9.44 5.60 14.82 12.06 13.35 19.76 18.59 10.82 14.09 9.42 3.66 16.66 17.83 19.03 20.41 20.88 19.95 20.74 19.42 11.23 20.07 21.06 20.40 25.67 22.90 15.42 11.29 26.57 24.83 11.68 14.02 29.58 15.71 13.80 28.58 19.97 27.89 26.38 24.28 18.94 12.07 18.65 24.92 22.34 17.02 25.98 10.17 9.60 9.45 11.18 12.15 11.95 11.42 10.73 17.34 20.07 18.63 18.60 18.44 18.51 18.61 19.01 18.45 18.29
21.40 20.93 19.68 17.67 14.80 13.15 12.63 12.37 13.38 7.53 8.80 8.79 7.21 13.61 8.24 4.05 18.01 15.56 16.82 18.13 19.48 11.19 11.18 2.56 14.58 17.02 17.59 19.58 19.72 20.80 19.98 21.73 14.37 13.42 19.75 12.11 22.63 22.73 22.64 14.78 15.52 25.47 27.37 15.65 11.86 15.14 25.18 17.12 26.69 25.93 27.37 26.71 27.02 18.27 18.40 17.93 22.42 23.05 16.49 17.42 14.44 9.84 9.31 9.62 10.83 11.33 11.03 17.72 9.54 17.39 17.05 16.10 16.28 17.00 18.43 17.98 18.18 17.59
22.89 21.51 19.67 17.13 14.26 13.32 12.30 12.69 16.81 6.71 8.66 10.45 9.83 13.01 8.77 5.19 17.77 15.48 16.82 19.02 18.52 13.31 9.74 13.06 17.31 15.91 16.44 19.49 21.39 20.84 19.49 22.02 13.72 20.79 21.01 12.48 22.33 23.97 21.56 13.94 22.52 25.76 26.20 16.13 11.05 13.43 28.90 15.25 23.87 25.91 25.04 26.23 25.58 18.95 18.28 17.53 21.87 15.56 9.18 8.46 25.13 10.04 9.72 8.72 8.61 15.67 15.71 15.45 14.37 14.86 17.18 15.99 15.76 16.58 17.69 9.01 17.06 18.71
22.87 21.33 18.81 16.13 13.94 11.88 14.65 12.36 11.63 4.43 5.71 9.89 12.23 13.61 9.03 7.06 18.17 15.51 18.15 18.23 12.22 3.35 9.64 2.22 3.45 17.36 17.78 18.69 20.10 19.91 12.69 19.45 19.72 20.64 22.95 5.66 21.79 22.90 13.86 12.63 22.09 25.56 24.08 16.42 16.92 11.02 20.57 27.25 22.52 26.47 23.45 25.86 27.28 17.91 16.97 16.48 20.92 23.93 19.51 13.48 17.18 15.38 9.67 8.32 7.62 14.76 7.22 14.68 6.92 6.73 6.37 15.36 18.13 17.72 17.82 8.87 9.56 9.88
22.11 21.07 18.55 15.76 14.30 17.31 13.75 10.94 13.39 1.41 9.15 6.84 17.61 11.59 7.92 13.91 13.12 4.42 16.99 4.31 4.18 2.92 13.72 2.13 3.95 18.28 17.94 17.57 18.85 18.09 18.21 18.00 21.73 20.40 23.75 12.91 6.31 22.57 11.96 12.02 19.07 25.42 24.63 15.46 8.31 22.29 18.58 20.82 26.01 21.92 23.90 24.53 26.48 17.48 9.13 8.76 8.70 24.21 18.50 14.24 8.87 18.63 15.86 13.70 6.78 7.77 8.07 8.08 8.30 8.36 8.27 8.17 7.99 17.39 18.77 18.10 9.66 11.35
21.91 19.72 17.74 16.54 15.38 11.78 8.50 14.87 12.14 8.15 3.39 19.49 8.78 10.65 7.30 16.47 5.58 4.86 4.07 4.29 3.91 16.51 1.91 1.98 3.72 18.21 17.43 14.92 17.46 17.94 17.13 19.55 23.17 20.01 21.03 13.94 14.78 22.23 10.49 12.45 23.03 20.59 23.94 23.68 13.15 13.50 17.58 11.66 13.75 11.92 25.65 20.20 26.43 8.65 10.22 11.34 11.48 11.86 17.56 11.54 10.22 8.84 7.93 23.91 7.05 8.06 9.47 9.87 9.70 9.42 9.49 9.49 9.00 8.44 18.12 21.19 10.23 11.86
22.39 17.64 17.03 8.31 16.52 11.64 10.60 8.72 12.22 13.19 2.91 4.60 7.04 8.83 7.09 14.05 4.49 4.45 3.94 3.70 15.93 11.09 1.78 2.42 3.55 19.60 15.16 10.12 15.95 19.17 15.84 18.45 19.75 20.85 20.66 21.06 21.67 12.58 11.08 18.67 21.72 13.33 22.56 22.19 23.69 20.33 16.02 9.37 12.74 13.59 12.13 20.79 29.82 10.21 12.41 14.07 14.41 13.93 13.78 13.29 11.93 10.18 8.82 8.01 18.16 8.30 9.19 9.92 9.97 10.00 9.76 17.81 9.65 9.61 9.86 10.35 10.78 11.11
22.20 17.50 16.83 15.66 18.49 11.27 11.43 3.21 10.74 10.39 1.85 3.90 6.68 7.11 5.62 13.94 3.82 4.52 3.88 17.66 16.09 3.19 1.74 2.47 3.00 19.57 9.39 1.85 17.42 17.22 16.61 11.62 18.31 20.17 22.66 17.56 22.00 10.30 10.64 20.37 17.16 12.10 11.91 20.01 20.13 23.23 13.62 6.94 9.71 24.23 16.04 11.42 11.12 12.22 12.37 12.18 13.42 13.41 12.64 12.29 25.86 11.90 10.86 9.73 9.25 8.95 8.24 22.47 9.20 18.09 9.47 9.57 19.72 10.69 10.96 10.63 25.59 9.55
19.87 17.41 17.64 16.09 13.73 11.88 9.48 2.20 11.57 11.32 1.20 2.89 6.14 6.15 13.90 3.40 3.78 4.65 4.26 19.06 15.52 2.14 1.88 2.40 17.43 15.94 9.45 11.30 17.48 11.63 14.78 11.20 18.46 19.78 18.94 22.37 12.56 11.00 18.74 19.31 10.43 18.20 19.58 20.47 22.53 22.17 18.88 5.06 6.30 21.55 25.42 28.39 11.13 11.55 9.49 8.10 8.90 19.00 19.99 10.44 11.77 23.11 13.00 12.71 11.61 19.84 8.47 17.33 8.78 8.96 8.84 8.78 20.55 17.42 17.64 10.07 19.69 20.27
22.74 17.82 19.35 18.00 12.53 12.18 3.18 1.26 13.13 8.50 1.56 2.93 10.79 5.09 4.28 3.69 3.75 4.28 16.60 15.60 2.23 0.95 1.90 2.71 3.66 15.74 13.19 14.47 15.40 10.20 16.75 11.21 17.47 18.48 18.66 19.11 13.11 13.44 21.51 5.59 4.22 2.52 16.14 21.98 20.42 23.19 20.36 4.68 4.48 15.27 24.99 8.81 10.00 8.12 6.11 5.50 5.51 6.66 8.03 8.81 9.52 20.09 11.36 21.46 11.88 9.75 16.65 17.30 17.80 8.88 8.93 8.53 19.63 19.97 21.09 20.10 18.47 20.72
24.00 20.10 20.21 16.19 14.17 12.44 10.06 8.41 13.20 1.29 2.13 3.46 3.44 12.05 13.64 4.06 17.21 18.99 17.39 14.88 2.02 0.97 1.99 2.48 11.24 14.03 12.70 13.31 15.89 8.84 16.72 14.11 17.20 18.73 16.47 11.85 12.35 13.93 14.21 7.75 6.82 4.70 4.61 14.48 17.94 21.24 13.62 11.44 3.88 5.55 21.59 16.93 5.55 4.00 3.93 3.86 14.82 4.49 5.56 6.19 6.29 17.39 7.37 7.56 26.98 24.99 18.17 17.50 17.42 19.17 17.79 9.07 16.02 17.23 22.02 17.81 17.06 17.84
24.50 22.30 19.53 16.32 18.73 15.49 12.43 11.89 10.84 0.91 2.78 4.18 3.43 13.97 16.54 16.59 16.19 17.75 3.84 2.77 1.57 0.78 1.82 2.00 16.53 9.38 12.67 12.62 14.49 14.47 16.76 9.56 14.75 11.19 16.49 10.24 14.71 16.08 4.70 6.56 7.33 5.20 3.83 12.99 18.63 20.03 19.69 3.40 2.98 3.94 19.23 19.21 21.89 2.33 3.33 3.46 3.60 12.87 3.83 3.98 3.99 4.32 4.76 4.48 19.73 27.13 18.79 17.84 19.09 20.08 8.74 24.29 21.49 17.49 17.98 18.58 17.32 17.06
26.26 21.88 19.39 19.39 20.89 16.23 5.94 4.62 2.98 1.74 3.11 4.56 3.42 15.16 14.98 17.19 17.25 13.74 3.91 2.95 1.41 0.38 1.33 9.78 14.52 13.06 12.69 12.54 14.18 15.58 11.36 8.55 14.96 0.97 16.86 12.43 15.74 13.81 10.45 3.04 5.44 4.96 2.76 13.03 11.86 19.46 17.75 2.61 10.59 10.88 15.71 19.24 9.40 1.91 2.12 2.62 2.98 3.08 2.97 12.10 14.47 12.85 3.52 3.95 20.04 6.28 18.47 17.22 18.20 18.07 19.49 17.62 17.11 6.82 4.80 13.62 13.07 17.08
26.55 20.98 19.68 23.00 22.09 21.28 16.60 15.92 5.53 4.28 4.32 5.14 3.73 9.35 17.52 15.97 17.21 4.70 4.14 3.16 1.29 0.06 0.99 17.21 14.59 12.20 10.16 10.37 13.46 12.56 11.33 12.19 16.27 0.26 12.33 12.61 15.13 14.78 2.00 2.24 2.81 3.06 1.55 12.77 9.09 14.10 15.31 13.62 9.52 0.91 12.18 16.92 0.50 19.85 8.81 1.55 10.19 9.72 1.91 11.97 12.78 12.57 13.14 3.00 18.91 23.88 19.38 17.90 18.73 18.34 17.45 17.14 19.13 21.93 5.89 5.91 5.40 4.49
22.13 20.34 24.54 24.22 21.12 20.52 18.65 17.29 6.37 5.89 5.89 13.33 5.18 2.64 18.60 15.68 17.64 4.00 4.30 3.39 1.35 0.60 0.93 15.93 11.95 2.55 1.95 5.15 12.21 11.29 1.68 12.45 15.21 1.29 0.84 15.87 14.57 14.40 2.87 2.89 3.28 16.92 2.25 14.25 7.65 14.56 16.09 10.77 7.50 8.93 10.14 15.70 1.04 0.52 8.91 1.97 9.17 8.66 11.78 11.62 16.80 11.33 12.44 15.80 19.04 17.92 21.73 18.95 21.07 20.82 16.57 17.60 16.87 17.05 14.66 19.48 17.49 12.96
22.09 20.44 24.74 24.46 20.50 20.59 19.39 17.23 6.20 6.08 6.54 15.88 6.74 5.18 20.11 0.91 18.47 3.63 4.18 3.43 1.88 1.71 17.74 11.80 2.58 2.52 2.54 11.37 10.76 11.63 12.38 13.43 15.74 11.08 0.87 13.52 11.47 12.56 3.12 2.98 2.87 7.26 2.81 10.28 8.75 11.41 16.10 6.68 3.15 2.06 8.65 11.87 0.98 0.22 1.78 10.10 1.45 8.27 1.91 2.08 14.31 18.51 1.92 15.56 17.30 18.33 22.47 21.48 22.77 22.81 24.09 16.62 2.28 3.69 4.99 17.63 17.20 16.90
21.54 20.08 23.28 23.34 19.78 19.33 18.86 18.76 5.68 5.52 6.41 7.34 7.15 6.30 4.15 18.65 17.16 3.89 4.20 3.49 2.54 2.06 15.23 11.28 2.41 2.62 11.24 12.08 12.41 9.59 11.69 13.96 12.62 13.85 9.25 15.33 10.73 12.36 3.49 10.22 6.76 10.81 4.24 12.70 11.14 13.85 6.37 2.76 2.45 1.87 1.28 0.83 12.71 9.88 7.58 7.89 7.68 8.17 10.60 1.89 13.86 10.11 16.11 12.32 18.25 3.49 20.07 14.25 15.82 16.44 15.61 22.19 2.66 3.21 18.99 15.56 16.86 16.39
25.19 22.27 22.87 23.85 23.77 21.63 18.78 17.43 17.85 3.72 4.23 17.89 6.59 18.03 3.86 19.66 2.74 15.25 4.60 3.68 2.72 10.14 14.10 3.04 2.21 2.83 11.96 12.81 10.41 10.92 13.21 12.73 14.99 16.13 12.90 13.54 11.54 5.89 8.61 3.76 6.93 12.06 3.51 2.66 1.74 5.80 6.04 6.13 2.13 2.07 1.93 1.57 12.05 1.91 2.43 14.04 7.75 7.64 10.49 7.96 11.36 15.70 10.02 11.59 19.49 3.84 4.52 22.03 15.81 16.31 15.84 22.48 3.28 4.28 16.11 15.11 21.75 19.76
25.57 13.39 12.79 11.09 20.81 20.47 17.98 5.69 17.30 3.27 20.93 16.82 5.77 17.57 14.78 16.67 17.15 10.14 4.67 3.54 2.10 9.57 10.27 11.82 2.80 3.05 11.91 11.88 11.78 9.52 10.37 8.82 14.80 14.78 12.15 5.08 2.16 1.65 1.82 3.13 3.35 2.26 1.22 1.57 0.91 6.26 6.72 2.11 2.08 2.28 2.92 9.61 10.74 2.52 2.26 2.37 7.67 13.76 9.09 7.57 9.48 9.73 10.62 12.71 14.10 16.51 16.42 12.18 21.56 14.78 14.70 23.56 3.89 4.95 15.46 19.08 17.73 12.63
14.14 13.89 13.78 12.44 24.62 21.47 18.65 6.36 6.03 4.51 2.90 18.54 16.77 13.99 14.26 15.15 14.11 13.83 4.30 3.45 2.17 6.15 11.92 11.56 3.97 3.34 11.22 11.03 10.62 13.98 13.19 11.63 13.92 9.96 2.52 2.23 1.70 1.03 0.84 2.41 1.83 0.86 0.92 1.25 1.01 0.28 0.89 1.64 2.02 2.38 3.04 7.17 8.76 2.51 2.29 2.26 9.81 2.70 9.82 9.37 7.77 13.44 16.45 1.92 2.95 14.51 19.66 17.15 22.09 15.27 15.75 22.70 4.60 15.27 17.53 15.47 5.75 17.14
22.54 12.64 24.41 12.45 23.85 20.54 8.36 18.93 6.73 15.52 18.54 17.06 15.58 13.17 13.36 13.42 16.02 14.58 3.39 3.51 3.23 13.63 10.75 4.83 4.41 3.80 11.23 8.80 3.43 11.72 4.28 12.02 9.52 6.53 2.84 2.32 1.74 0.98 0.82 2.39 1.63 0.46 0.68 0.76 0.61 0.45 0.36 0.89 1.56 1.98 2.30 2.32 1.86 1.82 2.25 2.46 2.43 2.49 3.02 3.57 12.77 9.15 12.20 2.42 2.44 2.08 2.32 14.33 15.66 16.32 15.80 17.15 16.01 16.49 18.88 19.64 5.38 6.81
11.71 11.06 25.61 22.77 22.79 22.00 8.89 19.77 18.60 20.62 14.89 18.60 16.83 12.88 13.47 11.69 16.73 14.89 2.16 3.11 2.61 12.54 3.69 4.51 4.54 3.99 12.83 10.16 13.45 8.07 6.09 8.29 7.55 3.77 3.06 2.38 1.82 0.88 1.26 2.33 1.62 0.65 0.53 0.25 0.38 0.75 1.06 0.93 0.73 1.11 1.51 1.46 1.19 1.29 1.68 1.93 2.23 2.49 2.81 3.04 12.16 8.63 2.81 2.67 11.10 2.04 2.39 2.83 3.15 16.23 16.58 17.02 13.82 18.86 21.42 17.09 4.85 5.63
13.65 12.61 25.18 24.21 21.35 22.61 22.11 8.66 20.67 24.31 7.68 19.71 17.39 16.35 4.40 14.84 13.95 14.32 1.54 11.47 1.57 0.64 2.55 4.10 4.83 11.50 4.00 13.02 5.99 4.26 6.55 3.39 4.00 4.03 3.31 2.50 1.83 0.67 1.14 2.37 1.85 1.20 0.80 0.46 0.64 0.97 1.46 1.63 1.32 1.32 1.55 1.45 1.11 0.72 0.62 0.98 1.46 2.01 2.47 2.76 2.94 3.16 3.10 2.73 2.35 2.36 2.58 2.91 3.14 3.23 3.81 4.54 4.69 16.69 13.38 19.74 19.00 4.03
14.83 15.18 14.42 24.81 25.11 11.23 20.99 9.46 9.03 8.25 22.35 19.48 17.13 14.68 4.27 2.94 17.54 11.34 11.27 14.79 0.91 1.66 2.24 2.75 9.92 11.98 11.29 5.08 8.54 9.20 6.24 4.28 4.24 4.04 3.50 2.70 1.89 0.82 1.27 2.81 2.31 1.07 0.78 1.23 1.07 1.22 1.70 2.04 2.04 1.95 1.85 1.66 1.31 0.87 0.53 0.50 0.93 1.59 2.15 2.60 2.91 3.07 2.99 2.89 2.81 2.79 2.99 3.37 3.70 14.83 4.65 5.00 4.57 18.80 18.27 23.19 19.00 3.15
12.24 25.27 14.36 24.96 26.25 11.86 21.94 9.45 8.79 24.53 25.57 7.68 18.26 15.58 5.37 12.51 15.27 14.90 13.06 1.70 1.99 11.57 1.72 1.56 2.41 12.47 8.73 8.57 11.28 10.56 6.29 8.73 4.87 4.25 3.79 3.09 2.16 0.79 1.28 3.05 2.79 0.60 1.06 1.67 1.29 1.18 1.84 2.38 2.87 2.99 2.44 1.83 1.46 1.45 1.47 1.38 1.42 1.75 2.15 2.50 2.83 3.04 3.04 3.11 3.32 3.37 3.48 3.71 4.03 4.33 4.69 4.57 16.97 16.16 16.63 17.12 19.97 18.51
11.06 25.71 10.98 27.77 12.32 19.37 23.21 19.88 24.21 7.59 7.42 7.42 17.42 7.49 13.18 5.07 13.08 11.56 12.68 1.81 1.56 1.20 0.83 17.07 12.14 9.30 7.74 11.19 12.77 10.00 6.38 5.93 5.48 4.75 4.22 3.58 2.56 1.31 1.77 3.38 3.38 2.21 2.45 2.46 2.20 2.01 2.47 3.05 3.82 4.42 3.69 2.33 1.64 1.67 1.88 2.15 2.38 2.45 2.49 2.61 2.89 3.28 3.47 11.62 3.81 3.86 3.80 3.87 4.15 4.35 4.37 4.17 3.81 3.81 3.74 15.46 16.46 17.08
14.12 12.35 9.12 27.58 10.81 23.37 27.37 11.06 9.46 25.53 5.69 21.53 15.28 18.06 16.74 15.25 12.65 10.79 11.31 15.30 2.33 1.69 1.21 1.08 2.48 3.86 10.17 12.50 13.01 8.31 7.24 6.41 5.79 5.24 4.74 4.14 3.36 2.98 4.22 6.22 6.83 5.46 4.19 3.54 3.20 2.94 3.09 3.52 4.21 5.30 4.92 3.18 2.20 2.03 2.06 2.33 2.64 2.77 2.79 2.90 3.20 3.64 3.84 3.91 4.08 4.09 4.07 4.28 4.54 4.53 4.41 4.25 15.87 16.14 15.77 14.87 15.71 17.18
15.42 15.48 13.13 8.01 10.01 22.57 10.87 23.78 19.67 26.77 6.51 22.53 21.54 19.59 17.47 12.26 3.29 12.91 12.35 11.05 2.60 12.97 9.75 2.04 3.03 3.53 10.69 13.03 9.85 7.61 7.72 6.59 5.80 5.56 5.25 4.84 4.39 3.96 4.00 4.84 6.20 5.59 4.22 3.18 2.56 2.27 2.51 2.95 3.83 5.62 6.12 4.72 3.20 2.30 1.80 1.86 2.14 2.43 2.77 3.18 3.61 3.91 3.96 4.15 4.46 4.57 14.19 13.87 13.68 15.50 15.85 16.29 16.17 16.33 15.44 15.98 16.69 15.87
14.81 16.07 16.67 12.60 26.22 8.91 25.20 24.01 22.93 11.12 9.24 19.64 5.40 16.96 21.34 14.51 3.44 12.90 2.87 10.16 15.00 1.87 10.28 2.26 11.49 10.20 10.84 12.53 6.85 7.63 9.05 8.38 6.05 5.79 5.56 5.31 5.04 4.25 2.75 0.46 1.88 2.70 2.65 2.36 1.98 1.79 1.99 2.34 3.27 5.23 6.66 6.25 4.59 2.88 1.56 1.39 1.79 2.27 2.85 3.47 4.06 4.44 10.58 5.10 5.46 12.66 14.11 13.66 14.11 15.25 16.02 16.17 14.65 16.06 16.99 16.90 17.21 19.91
13.40 13.95 15.29 14.19 9.10 23.79 8.05 19.44 27.30 10.91 11.22 9.93 19.10 20.74 6.56 15.22 13.78 13.99 3.32 15.52 2.65 11.60 9.70 3.38 12.56 9.42 11.22 14.21 9.34 8.69 14.02 9.76 6.65 6.01 5.63 5.28 5.16 4.79 3.93 2.76 1.53 0.99 1.40 2.16 2.43 2.45 2.47 2.48 2.85 4.11 5.65 6.55 6.21 4.48 2.25 1.58 2.08 2.74 3.43 4.03 4.57 5.08 5.64 6.27 6.47 13.39 13.77 14.13 7.11 7.03 16.39 16.66 16.76 15.93 16.39 16.83 16.63 17.37
