examples/cougarCreek/createInputs/farsite/cougarCreek_polygonIgnit/cougarCreek_08-10-2015_2100_217m_non_neutral_stability_vel.asc
ncols	146
nrows	140
xllcorner	610065.000000
yllcorner	5095217.000000
cellsize	216.586807
NODATA_value	-9999.000000
[rows 36 to 71 of 140, columns 0 to 80 of 146]
9.57 10.37 11.27 12.26 12.22 13.68 14.05 11.84 17.14 17.72 17.98 17.73 17.32 19.66 19.77 18.62 17.95 18.03 18.24 20.02 22.00 22.10 22.74 24.22 25.74 26.09 26.71 24.93 20.67 16.23 17.89 20.10 18.50 16.00 14.82 13.42 12.28 11.88 11.57 11.33 11.05 11.59 13.45 13.73 13.83 13.75 13.88 14.28 20.54 20.79 15.81 15.72 15.12 15.89 15.93 16.36 22.34 22.66 22.96 23.06 23.20 23.29 23.34 22.39 22.06 20.52 18.07 18.16 19.09 22.32 18.66 18.43 17.85 17.08 14.95 14.79 14.68 14.50 14.26 14.09 13.95
9.31 10.04 10.86 11.87 12.13 12.13 11.84 16.96 11.85 18.12 18.14 17.37 16.88 19.23 20.34 20.49 20.31 21.89 23.43 23.31 22.51 21.93 23.35 24.50 24.95 25.44 24.70 26.27 28.81 25.96 18.85 18.68 20.21 21.35 21.38 21.82 20.61 18.42 17.97 16.94 15.89 15.18 14.22 13.93 13.71 14.21 14.72 14.67 18.60 19.58 21.01 16.43 16.59 16.18 16.32 16.85 16.86 17.22 17.99 18.56 19.06 19.33 19.63 19.97 20.38 20.93 21.27 21.25 21.07 20.96 21.06 23.78 21.30 15.89 15.58 15.14 14.79 14.53 14.33 14.22 14.03
9.23 9.87 10.58 11.56 11.87 11.95 17.26 11.64 17.78 17.81 17.86 17.64 18.83 18.94 19.61 19.65 20.22 21.57 22.16 21.87 21.63 21.80 22.04 23.51 24.32 24.23 23.29 25.07 27.46 15.82 19.54 15.21 16.36 17.96 19.25 20.53 20.14 22.12 22.18 22.60 20.81 19.63 15.54 14.38 16.09 16.33 16.20 15.50 15.10 15.03 20.14 20.79 16.42 14.33 14.50 14.32 14.48 14.84 15.07 15.37 18.30 18.45 18.52 18.83 19.37 19.75 19.67 19.42 19.50 19.70 19.72 19.76 19.94 20.27 20.12 17.08 15.28 14.80 14.41 14.14 13.81
9.19 9.79 10.38 11.41 11.63 11.83 18.31 11.58 17.24 17.48 17.29 17.59 16.74 18.40 18.48 18.78 19.85 21.31 21.75 22.16 23.30 22.63 20.52 22.07 24.78 24.15 22.20 25.15 25.60 26.71 19.74 15.76 14.94 15.44 17.48 17.55 17.08 13.77 15.00 16.53 17.53 21.82 23.00 23.66 22.78 22.19 21.83 21.03 19.25 15.98 15.43 18.85 18.23 19.36 16.29 13.79 16.59 16.52 13.66 13.93 14.15 16.97 17.33 18.00 18.22 14.78 14.31 14.18 14.43 14.72 14.80 14.76 14.88 18.48 18.96 19.23 19.45 15.00 14.48 14.00 13.59
9.01 9.50 10.14 11.37 11.57 11.58 17.25 11.53 11.50 17.22 17.07 16.68 16.47 17.83 18.35 18.82 20.34 21.92 21.80 21.08 21.46 20.68 19.78 23.26 23.59 23.48 22.51 24.76 26.09 23.92 19.80 17.91 16.50 15.18 15.15 15.63 15.75 15.61 16.97 12.51 13.21 13.87 14.20 14.44 19.92 20.76 21.54 21.37 21.42 21.18 20.68 20.47 16.36 15.17 14.91 14.89 14.58 13.89 13.78 14.03 16.39 13.67 13.96 14.04 13.59 13.06 12.77 12.82 13.04 13.25 13.27 13.28 13.46 13.66 13.72 13.75 13.99 14.34 17.83 18.69 13.65
8.85 9.29 9.86 11.27 11.42 16.44 11.48 11.41 11.38 16.66 16.67 16.83 16.89 18.67 19.61 19.63 21.55 21.36 20.90 18.87 18.55 18.92 21.15 22.21 22.32 21.96 22.19 23.78 25.31 26.29 24.99 17.02 14.46 12.98 11.79 12.20 14.45 14.67 14.11 16.36 12.61 18.23 18.02 18.25 18.17 13.80 14.55 15.23 15.84 16.37 16.77 17.15 17.31 17.58 17.80 17.89 17.51 17.27 17.58 17.28 13.90 13.37 12.93 12.15 11.47 11.20 11.32 11.63 11.97 12.24 12.32 12.39 12.47 12.53 12.55 12.62 12.90 13.23 13.34 13.43 15.77
8.72 9.04 9.50 10.00 11.36 10.18 11.08 10.49 11.21 11.17 11.31 16.79 17.50 19.85 20.77 21.14 21.37 19.94 18.12 17.23 18.02 20.21 22.53 24.10 22.48 20.14 21.53 24.22 24.23 24.67 26.87 19.96 15.04 13.17 12.00 12.78 13.85 13.61 13.37 13.89 16.54 17.68 17.67 17.26 16.80 16.98 17.39 14.51 14.97 14.07 15.81 14.09 14.10 14.41 14.47 14.08 13.52 12.97 12.41 11.85 11.37 11.02 10.59 10.16 9.97 10.20 10.75 11.31 11.76 12.03 12.13 12.08 11.96 11.92 12.08 12.43 12.72 12.82 12.71 12.71 14.60
8.79 8.95 9.20 9.70 11.11 16.54 10.81 10.94 10.96 11.02 16.46 18.87 21.00 21.41 21.03 21.03 20.52 19.32 18.70 18.37 19.72 22.19 23.29 21.18 21.37 19.96 23.08 23.18 23.38 24.07 27.68 24.83 20.60 16.97 14.34 13.59 13.48 13.24 12.81 12.16 12.34 14.25 15.66 13.93 13.06 13.67 14.25 14.52 17.22 15.08 13.53 13.29 13.18 12.91 12.28 11.60 11.03 10.46 11.94 10.02 9.75 9.49 9.75 10.42 11.28 12.52 13.38 13.67 13.62 13.50 13.52 13.34 13.20 13.15 13.25 13.15 12.96 12.99 12.88 12.80 12.78
8.81 9.01 9.17 9.48 10.02 11.35 10.88 10.85 10.82 16.43 19.24 19.30 19.60 20.59 20.68 21.06 21.08 20.85 19.13 19.97 21.74 20.91 20.85 21.72 20.82 21.12 22.14 22.14 22.36 23.63 27.02 25.37 24.71 22.28 18.28 15.87 14.54 13.19 12.53 12.52 12.35 11.37 12.19 12.30 13.13 14.37 16.29 17.84 15.25 13.85 13.16 12.46 11.96 11.51 11.03 10.65 10.22 9.95 10.16 10.58 10.88 11.51 11.15 12.51 13.62 14.48 14.75 14.29 14.14 14.15 14.23 14.06 13.72 13.51 13.46 14.73 14.08 13.77 13.44 13.20 12.85
8.52 8.77 9.06 9.35 10.94 11.13 11.21 11.14 11.00 18.27 17.36 18.37 19.15 18.79 20.03 20.89 19.55 19.63 17.54 18.37 20.61 21.58 21.65 21.52 21.40 21.25 21.44 22.48 21.82 24.35 26.06 24.66 25.00 23.97 21.76 19.61 17.50 15.85 14.61 14.03 11.72 13.26 13.08 13.84 15.02 14.97 17.18 14.53 13.11 12.54 11.82 11.12 10.58 10.44 10.47 10.35 10.23 10.80 11.99 11.70 12.72 13.93 12.10 12.36 12.55 15.55 17.60 17.39 16.44 17.55 18.24 16.88 16.62 16.65 16.45 15.54 14.27 14.23 13.77 13.35 12.84
8.40 8.63 15.49 9.08 10.83 11.05 16.94 17.36 18.49 16.35 17.56 18.39 17.27 18.98 20.31 20.14 20.41 15.98 16.48 17.43 19.49 21.09 23.44 23.58 20.14 19.89 20.27 21.35 21.50 23.34 25.42 24.42 24.47 24.25 24.09 20.13 19.35 18.55 17.09 14.58 13.44 13.86 14.56 13.79 17.38 18.97 17.16 13.54 12.37 11.46 10.75 10.13 10.05 10.47 10.89 11.38 12.68 13.41 15.19 13.09 13.07 12.24 12.28 14.97 15.57 17.38 16.94 16.39 19.38 21.81 21.13 21.74 19.77 16.90 16.85 17.71 20.36 15.42 13.53 13.24 12.79
8.22 13.12 9.99 8.83 9.16 11.18 15.14 17.24 17.66 17.00 18.29 17.08 16.44 18.00 18.40 16.58 11.33 13.76 16.31 18.11 21.42 22.64 21.90 22.58 19.98 19.15 20.13 20.46 20.90 23.04 24.34 25.45 24.44 24.10 24.22 19.48 19.96 21.16 19.62 18.25 13.75 17.40 22.00 21.07 19.24 17.34 14.12 12.99 12.35 12.06 12.18 12.18 13.07 13.07 13.23 14.41 16.05 12.77 13.63 17.63 17.64 17.35 18.67 19.76 20.62 20.51 19.76 19.88 20.42 20.01 19.77 19.55 18.32 16.50 16.96 17.04 17.69 17.33 14.65 12.80 12.60
7.92 14.89 14.74 15.04 16.19 15.87 15.87 17.38 16.75 17.87 16.58 11.36 15.87 15.76 11.32 11.59 14.51 14.95 17.61 19.66 20.36 20.60 20.32 20.82 19.30 20.18 18.84 20.27 19.06 21.44 23.73 25.20 25.48 24.17 21.76 18.36 18.78 20.65 21.14 21.82 26.62 23.10 23.27 22.83 16.62 15.18 13.57 11.59 13.21 14.08 15.25 13.47 13.84 14.33 13.96 14.56 16.53 23.46 23.08 22.83 22.44 21.34 21.03 21.54 21.26 20.53 19.84 19.21 18.98 19.18 17.60 17.22 17.94 18.08 15.96 15.92 18.66 17.88 15.51 12.35 12.33
13.97 10.15 15.28 13.86 10.76 16.04 15.94 11.26 11.39 16.65 16.37 11.23 11.08 11.16 15.50 18.45 19.83 20.75 20.06 20.19 19.92 21.88 21.47 19.96 20.11 20.61 20.00 20.56 20.82 19.25 23.78 24.29 23.67 25.62 22.55 18.11 17.62 20.26 20.23 24.73 23.31 21.37 21.62 22.03 21.86 16.27 13.98 15.90 16.16 17.67 14.14 13.43 25.87 24.17 20.95 22.01 21.41 21.11 21.20 21.19 17.13 17.12 17.01 20.38 20.50 19.07 18.72 17.70 17.21 17.23 16.94 16.81 16.64 15.12 15.17 14.81 14.68 14.36 13.42 13.65 11.91
8.69 12.85 13.11 10.53 11.51 8.92 9.12 11.00 11.31 11.44 11.00 10.77 10.85 15.30 19.20 19.62 19.90 19.20 18.92 19.46 19.46 22.63 22.73 22.91 21.32 19.78 15.25 19.47 17.41 20.72 24.80 23.83 23.89 25.64 23.93 19.57 18.55 20.19 20.15 19.97 24.11 20.05 20.05 19.44 20.48 22.52 24.38 25.80 27.02 27.32 26.68 24.95 23.95 23.48 23.20 21.19 15.69 15.81 19.82 19.71 16.19 16.20 16.12 16.22 19.68 17.84 16.80 15.61 15.28 14.95 15.17 15.32 13.85 14.92 15.28 13.98 12.13 11.21 12.68 14.15 11.63
8.82 9.31 10.07 11.03 8.62 8.89 10.98 11.21 11.24 11.11 10.80 10.83 11.17 17.39 18.15 18.00 18.58 18.57 18.95 19.22 17.92 17.83 22.36 19.58 21.99 18.55 18.86 13.44 16.00 20.94 24.13 23.10 25.43 25.18 24.15 20.49 18.80 21.18 20.45 19.18 19.26 19.26 18.59 18.68 13.95 14.72 15.44 16.17 17.46 22.42 22.40 22.36 17.16 21.33 15.32 13.06 14.70 14.86 14.87 18.81 18.41 15.81 15.57 15.34 16.03 16.06 18.87 18.67 18.23 16.60 16.86 20.20 16.51 17.07 16.32 16.43 16.45 16.76 12.29 15.79 11.38
13.18 9.53 14.53 8.19 8.53 10.88 11.09 11.29 15.48 11.06 11.14 17.37 18.19 17.74 17.31 16.90 17.14 17.64 18.30 18.37 17.65 18.17 17.93 12.25 20.01 11.83 12.24 13.49 19.37 22.79 24.63 23.33 25.20 24.67 22.10 19.70 19.77 22.42 20.23 19.92 18.86 18.06 16.91 16.90 18.23 13.43 13.29 12.08 12.35 12.69 14.72 15.30 15.66 15.77 15.58 17.19 16.83 15.14 19.04 17.80 17.48 18.01 15.79 13.03 15.79 16.00 16.15 16.30 16.03 15.81 12.51 16.03 16.14 12.02 11.52 11.39 11.22 11.05 11.04 11.12 14.72
8.46 13.02 7.76 8.06 11.00 11.67 15.52 16.02 15.82 15.28 17.71 16.74 11.76 11.66 11.61 11.55 11.43 16.68 17.23 17.20 20.68 17.53 18.39 20.61 19.43 12.82 17.00 18.88 21.35 24.12 24.33 22.94 23.60 23.94 20.78 18.80 19.18 17.97 17.35 16.10 16.95 16.24 15.16 15.47 16.39 13.01 13.11 11.64 11.48 11.45 11.69 12.17 12.87 14.93 15.39 20.83 21.16 19.09 16.00 16.11 15.88 15.77 12.99 12.71 12.29 11.86 11.83 11.74 11.17 10.66 10.66 10.73 10.48 10.31 10.38 10.46 16.57 13.58 10.93 11.03 11.20
7.99 13.22 10.60 11.19 15.50 15.86 15.61 15.49 15.66 16.13 16.40 11.73 11.91 11.87 16.90 16.21 11.65 16.87 17.19 16.60 11.77 11.95 19.36 22.32 18.10 17.07 19.69 20.90 20.35 23.23 22.48 21.07 21.42 24.56 14.80 19.63 22.02 23.08 18.83 19.26 19.18 17.81 14.82 13.57 11.78 11.75 12.16 11.63 11.79 11.94 12.01 12.02 12.25 12.73 14.43 14.99 15.23 15.30 15.56 15.43 14.66 11.39 10.92 10.55 10.15 10.14 10.29 10.06 9.62 9.54 9.70 9.71 9.78 10.10 10.41 10.60 10.82 10.87 10.61 10.42 10.49
7.70 10.13 10.62 14.75 10.62 11.77 11.65 15.50 16.38 16.48 11.99 12.13 12.24 12.38 16.76 16.24 11.71 16.73 11.56 11.62 17.75 21.06 21.29 19.26 19.99 19.14 19.98 19.32 18.56 22.57 23.57 20.94 21.38 23.67 22.26 12.65 22.19 23.19 23.05 23.04 22.76 23.03 17.07 13.81 12.32 11.38 11.27 11.35 11.75 12.21 12.35 12.22 12.09 12.03 12.14 14.03 13.43 11.01 10.91 10.56 10.02 9.88 9.96 9.90 9.82 9.83 9.61 9.28 9.33 9.73 10.10 10.26 10.27 10.14 10.01 10.04 9.97 9.64 9.66 10.28 10.89
8.91 6.23 10.37 11.19 7.96 11.59 10.89 15.47 11.27 11.38 11.63 12.31 12.14 12.12 16.33 11.90 11.43 11.23 9.89 19.58 19.62 20.31 20.64 18.04 17.49 18.86 18.03 16.20 18.40 21.84 22.70 21.32 20.54 22.82 20.27 19.86 21.10 22.13 20.23 20.43 20.43 21.24 19.89 16.19 12.86 12.47 11.10 11.05 11.10 11.56 12.02 12.20 12.10 11.92 11.60 10.79 9.84 9.45 9.34 9.32 9.69 10.35 10.84 11.06 11.15 10.88 10.29 10.09 10.36 10.70 10.91 10.75 10.24 9.68 9.36 9.23 9.21 9.57 10.46 11.08 11.01
6.15 6.20 10.44 6.88 7.49 7.81 11.03 10.80 8.23 8.35 8.56 12.26 9.24 9.23 11.63 11.42 11.13 15.20 16.77 17.92 18.92 19.29 19.29 11.62 16.72 18.33 16.53 16.26 20.45 22.59 22.28 19.17 18.50 21.90 17.71 16.78 21.86 21.80 18.95 20.26 20.25 20.38 22.91 18.42 15.08 13.42 12.45 12.01 11.89 11.32 11.45 11.82 12.00 11.83 11.18 10.25 9.76 9.82 10.00 10.23 10.57 10.77 10.83 10.93 10.99 10.98 11.17 11.41 11.40 11.15 10.67 10.03 9.64 9.60 9.81 10.19 10.69 11.28 11.51 11.45 10.56
6.35 6.44 6.59 6.87 7.23 9.94 11.35 8.11 8.25 8.37 11.85 11.94 8.78 8.72 14.30 10.72 9.63 9.52 9.55 11.48 18.81 19.17 9.87 10.19 16.48 16.39 11.40 16.90 21.89 21.19 19.71 18.79 18.97 22.13 20.63 16.10 21.38 21.32 21.11 21.07 21.87 21.37 21.94 19.97 18.34 13.71 11.52 14.26 13.74 12.45 12.36 11.76 11.63 11.05 10.54 10.21 10.31 10.57 10.79 10.92 10.85 10.62 10.50 10.46 10.38 10.50 10.75 10.76 10.49 10.02 9.52 9.43 9.86 10.50 11.21 11.78 9.31 10.62 11.62 11.71 10.80
6.27 6.48 6.81 7.07 7.28 11.58 7.85 8.03 8.23 12.13 11.84 8.58 11.71 8.55 8.67 8.96 9.30 10.02 9.95 9.80 18.98 12.21 10.39 12.18 17.33 11.48 11.40 18.56 21.39 20.04 17.53 19.01 20.57 22.13 21.07 17.89 18.85 20.33 19.34 21.14 21.03 21.52 22.03 19.72 20.44 23.22 20.23 15.21 15.38 14.29 13.81 13.01 11.77 11.23 10.95 10.73 10.58 10.48 10.46 10.52 10.58 10.68 10.84 10.88 10.88 10.80 10.31 9.76 9.35 9.17 9.42 10.18 10.93 11.49 8.65 12.43 15.86 15.51 12.02 11.56 11.02
6.10 6.36 6.75 7.01 11.26 7.36 7.55 7.79 12.04 11.22 8.40 8.51 8.52 8.71 9.11 9.05 11.22 11.03 10.00 10.00 16.63 16.80 16.55 17.75 11.91 11.27 15.50 18.64 18.59 17.12 17.93 20.30 21.50 21.89 21.02 18.86 19.23 18.76 20.11 20.27 20.23 19.12 18.93 21.78 19.07 19.50 19.31 22.38 22.27 14.68 13.78 14.89 12.04 12.76 12.35 12.01 11.70 11.51 11.25 11.00 10.85 10.85 10.94 9.54 10.76 10.66 10.18 9.83 9.78 10.11 10.79 11.41 9.20 9.74 15.72 15.17 12.23 14.12 16.11 16.52 15.53
5.91 6.16 6.45 6.69 6.89 7.15 7.35 7.63 7.93 8.09 8.34 8.72 9.02 8.44 8.85 9.41 15.24 10.87 10.95 11.96 12.72 19.11 18.65 11.92 11.37 11.41 11.54 16.52 16.45 17.66 19.79 21.20 20.95 21.41 20.24 19.55 17.51 18.19 19.88 19.82 18.87 18.65 18.67 21.06 20.64 21.11 21.02 21.02 21.30 13.58 12.13 12.42 12.85 12.94 12.80 12.80 10.85 11.00 11.06 10.36 9.81 9.41 9.27 9.38 10.34 10.11 10.21 10.62 11.09 11.43 9.03 10.62 15.68 15.10 12.00 14.07 15.53 16.46 14.71 14.90 17.60
5.81 6.02 6.20 6.35 6.58 6.95 7.18 7.27 7.50 7.84 8.37 8.31 8.47 9.33 12.10 17.43 10.73 10.92 9.76 12.38 12.85 19.09 19.45 16.64 11.77 11.59 15.61 15.82 16.24 18.17 20.62 20.53 18.84 21.47 19.12 19.14 18.97 18.07 19.48 19.67 19.56 18.21 19.30 19.45 20.36 20.56 20.46 17.21 17.12 12.75 11.68 11.78 11.82 21.15 11.77 11.95 14.17 12.03 19.10 16.55 10.49 9.81 9.96 9.77 9.03 8.59 11.22 8.95 8.93 9.86 13.04 14.20 13.19 10.75 13.22 15.74 16.77 16.98 16.61 14.44 17.31
5.77 5.96 6.15 6.22 6.28 6.52 6.80 7.00 7.41 7.34 7.92 8.74 8.94 10.30 13.94 15.38 10.59 9.41 11.78 17.45 18.95 19.01 18.68 18.72 12.26 12.04 15.40 15.47 16.66 18.17 19.98 18.43 18.74 21.58 18.45 18.67 18.99 18.53 19.02 19.21 19.12 17.04 16.80 18.84 17.78 17.43 17.57 20.52 20.34 12.49 11.33 11.27 11.04 20.02 11.06 11.15 17.86 10.92 18.24 20.01 11.14 11.30 13.25 11.60 9.67 9.76 9.11 18.81 20.02 15.70 14.39 14.56 14.09 13.75 15.02 15.93 16.88 14.08 16.42 16.24 16.91
5.82 6.06 6.34 6.47 6.41 6.45 6.76 7.30 7.02 7.80 10.45 11.10 9.44 8.78 16.52 11.17 10.66 11.03 12.23 17.07 11.94 12.63 18.55 18.23 15.89 15.96 15.06 15.39 17.49 18.28 18.63 20.02 19.73 19.15 18.27 18.41 17.95 18.60 18.71 18.00 18.66 16.52 18.36 18.07 18.37 16.89 16.79 12.94 13.06 19.88 11.79 10.60 10.63 10.78 10.81 10.73 10.66 13.19 10.58 17.82 10.56 13.04 10.72 16.87 18.08 17.96 18.02 18.32 10.29 18.42 15.33 13.06 17.79 17.79 13.45 15.93 13.28 13.51 14.74 14.53 15.39
5.79 6.08 6.42 6.71 6.86 6.99 7.29 6.84 7.58 11.67 13.22 13.54 15.27 16.25 11.20 10.93 10.65 11.33 12.19 16.22 9.12 12.32 18.01 18.18 15.82 12.19 11.30 14.77 16.55 17.09 18.09 20.22 20.14 18.53 17.72 17.11 18.37 18.08 18.19 18.73 18.39 17.68 17.57 15.52 16.55 16.17 16.73 16.73 12.85 13.20 12.28 10.60 10.57 10.44 17.15 10.22 10.23 10.17 10.07 18.74 10.07 10.10 10.04 17.48 16.24 17.29 17.32 17.35 17.13 19.09 17.35 16.90 17.23 17.30 12.91 14.41 11.61 8.78 8.81 10.10 10.97
5.65 5.89 6.20 6.58 6.11 5.79 6.38 8.77 10.49 11.94 13.24 14.47 16.96 15.02 10.76 9.97 8.43 11.77 8.88 12.22 9.18 9.22 9.22 9.12 17.21 11.66 11.03 10.98 15.45 16.75 19.67 18.70 18.52 18.25 16.66 16.73 19.98 17.66 16.98 19.89 17.92 17.28 14.56 17.16 11.62 11.84 12.30 12.14 12.06 17.38 12.54 11.80 9.94 18.28 9.89 9.98 9.94 9.87 9.84 9.82 16.76 9.66 18.66 18.86 18.90 17.30 12.97 18.49 17.02 17.20 16.64 12.27 16.48 17.18 17.31 14.46 8.03 9.48 12.03 13.64 13.63
5.63 5.91 6.27 6.67 6.36 6.09 7.93 9.65 11.24 12.45 14.43 16.30 16.96 14.80 10.78 8.36 8.37 12.04 8.57 17.61 12.34 12.47 9.29 9.19 17.42 11.50 10.80 10.84 16.17 19.11 19.25 17.70 17.47 17.67 17.68 17.64 19.66 16.58 17.77 18.46 17.55 17.31 13.53 9.90 10.33 14.01 17.44 17.47 17.03 16.50 18.45 11.10 11.50 9.46 16.57 9.63 9.69 9.73 9.79 12.70 9.63 15.22 15.59 9.38 18.34 18.11 17.89 9.56 9.72 16.60 15.70 16.05 16.78 16.82 16.87 16.82 10.06 10.14 9.99 9.86 9.64
5.59 5.90 6.29 7.95 7.92 9.01 10.30 10.74 14.22 14.56 16.66 11.00 11.05 8.14 11.26 8.30 8.34 16.69 11.86 12.02 11.89 17.51 8.92 16.57 17.58 8.84 8.83 10.48 17.89 17.71 19.15 16.82 16.63 18.94 19.12 17.03 19.19 17.29 17.46 19.06 17.51 19.28 9.85 9.51 9.20 9.60 10.07 16.43 10.99 16.24 17.17 9.00 9.18 9.24 9.13 17.90 9.22 9.44 9.44 18.68 15.44 14.91 12.19 17.68 12.54 12.39 12.46 9.38 9.46 17.02 15.07 14.18 11.84 11.97 15.90 16.65 16.62 16.30 9.02 8.93 12.39
5.39 5.62 5.89 8.62 9.73 14.40 14.88 14.82 14.74 14.75 16.51 15.97 16.94 7.92 11.19 8.10 8.22 8.27 16.70 8.37 12.62 17.10 17.46 17.57 17.03 8.75 8.78 10.54 18.17 16.83 18.47 16.92 15.99 16.84 18.74 18.63 18.74 17.08 17.14 18.64 18.42 17.69 17.04 9.55 9.57 9.90 10.24 10.48 10.17 10.29 10.58 8.97 9.02 9.04 8.95 8.73 17.56 8.81 9.03 11.33 14.04 8.90 8.76 15.46 16.04 15.62 15.60 9.08 9.16 9.27 16.58 15.45 15.37 11.82 14.93 15.80 16.35 9.23 10.28 9.35 9.49
5.29 5.47 5.66 8.54 9.81 14.69 14.85 14.25 14.23 14.93 16.21 16.22 15.96 10.60 10.51 7.98 8.15 8.20 16.52 8.25 8.23 16.82 12.62 16.79 11.52 8.68 9.60 14.26 17.12 18.20 17.56 18.87 15.92 16.73 18.85 17.29 18.73 16.78 17.04 17.22 18.00 18.59 17.18 10.33 9.61 9.96 15.60 15.56 9.94 9.65 8.73 8.73 8.75 16.78 8.71 8.66 8.52 8.47 8.67 8.96 11.82 9.06 8.90 8.82 8.79 14.37 14.80 15.46 8.88 8.94 16.76 16.27 15.94 15.99 16.03 16.28 16.39 9.49 13.65 12.25 10.56
5.31 5.49 5.68 5.89 9.74 14.47 14.23 11.14 13.83 15.13 15.38 16.03 7.86 16.01 7.79 7.91 8.04 8.07 16.17 8.18 15.04 16.32 8.32 11.92 8.56 8.63 10.34 17.25 18.16 17.54 17.52 16.86 9.05 9.02 18.51 18.42 16.26 16.42 16.84 17.89 18.53 15.38 15.52 16.22 9.18 8.98 9.99 14.67 10.12 10.04 9.56 8.53 10.58 16.42 16.30 8.52 8.51 8.36 8.32 8.55 8.86 16.65 9.11 9.07 8.93 8.85 8.84 12.53 15.17 8.77 8.80 17.58 15.52 15.72 15.94 15.76 16.03 16.19 16.38 15.86 9.77
