examples/cougarCreek/createInputs/farsite/cougarCreek_polygonIgnit/cougarCreek_08-10-2015_2100_217m_non_neutral_stability_vel.asc
ncols	146
nrows	140
xllcorner	610065.000000
yllcorner	5095217.000000
cellsize	216.586807
NODATA_value	-9999.000000
[rows 0 to 35 of 140, columns 0 to 80 of 146]
8.81 9.15 9.55 9.56 9.51 9.74 10.00 10.23 10.43 13.35 10.59 10.74 10.68 10.53 10.62 10.76 10.70 10.74 10.89 10.99 11.15 13.25 11.41 11.13 10.75 10.69 10.85 10.97 11.03 10.97 10.84 10.62 10.47 10.16 9.71 9.30 8.91 1.94 5.95 7.60 4.84 4.48 6.54 3.59 3.60 3.56 5.47 5.26 5.10 4.95 4.46 3.62 2.82 2.03 1.21 0.41 0.48 1.28 2.11 2.95 3.76 4.58 5.45 6.35 7.27 8.09 8.86 9.71 10.56 11.12 11.12 10.94 10.76 10.72 11.00 11.40 11.29 11.03 11.10 11.21 11.46
8.81 9.15 9.55 9.56 9.51 9.74 10.00 10.23 10.43 13.35 10.59 10.74 10.68 10.53 10.62 10.76 10.70 10.74 10.89 10.99 11.15 13.25 11.41 11.13 10.75 10.69 10.85 10.97 11.03 10.97 10.84 10.62 10.47 10.16 9.71 9.30 8.91 1.94 5.95 7.60 4.84 4.48 6.54 3.59 3.60 3.56 5.47 5.26 5.10 4.95 4.46 3.62 2.82 2.03 1.21 0.41 0.48 1.28 2.11 2.95 3.76 4.58 5.45 6.35 7.27 8.09 8.86 9.71 10.56 11.12 11.12 10.94 10.76 10.72 11.00 11.40 11.29 11.03 11.10 11.21 11.46
8.82 9.15 9.69 9.79 9.65 9.81 10.04 10.30 10.59 10.77 10.85 10.99 10.87 10.64 10.67 10.80 10.73 10.72 10.83 10.89 11.06 13.23 11.73 11.45 10.93 10.77 10.88 11.03 11.09 10.94 10.75 10.48 10.40 10.16 9.70 9.29 8.90 8.46 7.93 7.50 7.18 6.77 6.38 6.08 5.79 5.51 5.22 5.02 4.87 4.74 4.30 3.51 2.72 1.91 1.09 0.31 0.59 1.39 2.22 3.03 3.84 4.68 5.56 6.47 7.35 8.13 8.98 9.90 10.70 11.11 10.90 10.70 10.70 10.89 11.30 11.52 11.27 11.17 11.34 11.48 11.78
8.89 9.17 9.80 10.04 9.84 9.93 10.10 10.32 10.71 11.03 11.21 11.39 11.17 10.78 10.70 10.73 10.64 10.67 10.76 10.78 10.94 13.14 12.06 11.86 11.28 10.96 10.89 11.02 11.08 10.81 10.59 10.26 10.23 10.13 9.68 9.26 8.90 8.48 7.96 7.51 7.14 6.73 6.35 6.01 5.71 5.43 5.14 4.98 4.90 4.86 4.50 3.72 2.93 2.15 1.41 0.83 0.84 1.44 2.18 2.95 3.76 4.61 5.52 6.42 7.22 8.05 9.03 9.95 10.57 10.70 10.40 10.48 10.82 11.28 11.68 11.66 11.31 11.25 11.51 11.77 12.09
9.11 9.35 9.91 10.21 10.10 10.14 10.25 12.51 12.97 12.91 11.41 11.72 11.63 11.15 10.84 10.75 10.60 10.76 10.96 10.90 12.49 13.10 13.26 12.11 11.72 11.28 10.96 11.03 11.09 10.79 10.63 10.22 10.12 10.14 9.69 9.24 8.86 8.47 8.02 7.53 7.06 6.66 6.28 5.87 5.56 5.30 5.07 4.97 4.94 4.96 4.58 3.79 3.01 3.85 1.60 1.17 1.20 1.69 2.35 3.12 3.94 4.77 5.69 6.52 7.33 8.29 9.24 9.93 10.27 10.33 10.41 10.85 11.31 11.71 11.85 11.64 11.21 11.17 11.64 12.02 12.27
9.25 9.49 9.99 10.35 10.38 10.38 10.40 10.57 10.83 12.69 13.13 12.87 11.98 11.65 11.12 10.86 10.62 10.81 12.22 11.08 12.50 13.13 13.46 12.28 12.18 11.60 11.08 11.14 11.20 10.94 10.69 10.18 10.15 10.16 9.66 9.23 8.82 8.42 7.98 7.47 6.93 6.50 6.08 5.63 5.30 5.07 4.90 4.81 4.79 5.16 5.12 4.75 2.92 2.22 1.65 1.37 1.50 2.01 2.68 3.45 4.26 5.09 5.96 6.76 7.72 8.68 11.38 9.87 10.11 10.49 10.95 11.39 11.66 11.76 11.59 11.22 10.93 11.27 11.92 12.18 12.34
9.47 9.64 10.01 10.41 10.61 10.64 10.57 12.45 12.69 12.45 13.15 13.45 12.56 12.02 11.59 11.11 10.81 10.90 12.52 12.75 12.63 12.88 13.11 13.05 12.37 11.27 11.34 11.30 11.22 10.49 10.62 10.23 10.33 10.15 9.59 9.22 8.81 8.34 7.91 7.03 6.67 6.32 5.50 5.38 5.06 5.17 4.79 4.62 4.04 4.29 7.11 3.49 4.69 2.17 1.73 1.59 1.82 2.35 3.03 3.78 4.59 7.95 8.95 7.18 8.19 10.74 9.53 9.98 10.43 11.17 11.55 11.62 11.54 11.39 11.23 11.19 11.29 11.73 12.11 12.20 12.39
9.74 9.90 10.10 10.42 10.75 10.86 10.77 12.58 13.16 13.33 13.35 13.70 13.11 11.74 10.93 11.47 11.16 11.13 11.91 12.79 12.76 12.72 12.90 13.24 12.76 11.67 11.23 11.27 11.32 10.52 10.64 10.38 10.34 10.09 9.53 9.23 8.78 8.25 7.77 7.20 6.67 5.93 5.41 5.27 5.00 4.28 3.88 3.76 4.03 7.50 5.30 5.07 2.68 2.16 1.83 1.81 2.14 2.70 3.38 4.14 7.38 8.23 6.65 7.68 8.53 11.30 9.77 10.28 10.96 11.62 11.58 11.33 11.24 11.35 11.57 11.67 11.66 11.91 12.19 12.36 12.54
9.95 10.13 10.28 10.51 10.87 11.83 11.11 11.78 12.63 13.10 13.14 13.48 13.46 12.44 11.38 11.79 10.89 11.17 11.77 12.98 12.95 12.81 17.31 17.50 13.17 12.25 11.60 11.38 11.28 10.62 10.07 10.41 9.94 10.05 9.54 9.61 8.72 8.17 7.88 7.44 6.61 5.75 5.36 5.18 4.64 4.23 4.29 4.59 5.14 5.60 5.65 5.14 5.10 4.89 4.83 2.07 2.47 3.05 6.50 4.49 7.19 6.19 7.20 8.11 10.74 11.55 12.07 11.79 11.35 11.70 11.42 11.30 11.56 11.93 12.01 11.74 11.63 12.07 12.51 12.63 12.62
10.20 10.29 10.38 10.60 10.88 12.80 12.65 12.35 12.32 12.50 12.74 13.09 16.27 13.03 11.80 11.20 11.07 10.86 11.74 16.68 17.37 12.88 12.91 13.37 17.26 12.91 12.07 11.59 11.36 11.23 10.29 10.33 10.11 9.70 9.80 9.50 8.67 8.18 7.86 7.30 6.23 5.28 5.08 4.67 4.00 4.00 4.41 4.78 5.21 5.60 5.53 4.59 5.37 5.05 2.16 2.36 2.80 3.40 6.24 4.84 5.72 6.73 7.69 10.44 11.01 11.29 11.65 11.74 11.61 11.81 11.63 11.80 12.14 12.24 11.99 11.72 12.02 12.73 12.96 12.82 12.68
9.68 10.56 10.51 10.66 10.87 11.08 13.17 13.17 13.06 13.02 12.92 12.99 13.10 15.96 12.25 11.97 11.49 11.71 11.68 12.54 17.37 16.07 12.79 13.13 18.63 13.14 9.85 9.49 11.69 11.39 10.37 10.47 10.29 9.73 9.83 9.50 8.78 8.23 7.75 7.01 5.91 4.98 4.45 5.35 5.65 6.25 4.15 4.61 4.84 8.63 8.15 8.43 5.17 2.34 2.37 2.66 3.14 5.44 4.44 5.27 6.26 7.53 10.18 10.97 10.90 11.37 12.46 12.69 11.91 12.09 12.05 12.27 12.41 12.38 12.19 12.21 12.79 13.31 13.15 12.85 12.73
10.76 10.89 10.58 11.14 11.74 12.43 11.40 13.45 13.41 15.41 15.38 13.12 12.85 13.21 12.80 12.74 12.61 11.34 12.16 12.53 16.99 16.03 16.17 12.90 13.57 15.54 9.30 10.15 11.28 11.63 10.56 10.58 10.30 9.94 9.86 9.44 8.86 8.25 7.57 6.85 5.96 5.93 5.64 5.76 5.77 6.43 3.87 4.41 8.00 8.64 8.83 5.43 2.63 2.51 4.33 5.06 5.36 5.71 5.83 5.76 6.78 9.67 10.64 11.13 11.78 10.77 11.26 11.67 12.11 12.31 12.28 12.45 12.58 12.61 12.51 12.71 13.32 13.49 13.09 12.84 12.79
10.79 11.03 11.26 11.37 11.69 12.23 11.41 13.50 13.81 13.76 16.23 15.95 14.89 12.98 12.89 12.85 11.89 11.87 12.77 12.81 16.35 16.00 15.72 18.14 13.33 19.06 9.98 11.04 11.34 8.14 10.96 10.72 10.53 10.29 9.99 9.46 8.82 8.15 7.47 6.81 7.52 5.43 5.16 5.62 5.92 6.61 3.84 7.70 8.04 5.47 5.65 5.34 2.70 2.72 5.04 5.70 5.89 6.31 6.67 6.27 9.54 10.42 10.99 9.46 10.29 10.95 11.37 11.78 12.20 12.43 12.48 12.81 12.99 12.91 12.90 13.31 13.74 13.57 13.13 12.99 12.93
10.78 11.04 11.39 11.56 11.59 12.61 11.60 11.72 13.91 14.16 14.27 17.19 17.04 15.31 13.39 13.07 12.37 11.94 12.43 15.37 16.30 16.59 15.46 16.55 19.24 18.64 11.09 11.29 9.97 6.75 6.57 10.81 10.92 11.17 11.97 11.91 10.24 9.72 10.89 10.36 6.63 4.00 4.70 5.42 6.08 3.31 3.63 7.85 8.32 5.37 5.57 5.27 4.66 4.49 5.60 6.20 6.86 7.61 8.20 9.21 10.54 11.23 8.98 9.79 10.51 11.05 11.50 11.94 12.39 12.75 12.98 13.36 13.39 13.28 13.49 13.82 13.87 13.53 13.19 13.11 13.06
10.84 11.16 11.47 11.62 11.77 11.89 11.91 11.82 11.92 14.19 14.63 14.47 14.32 18.34 17.02 14.19 12.26 11.65 12.81 13.95 14.02 15.02 14.08 13.98 17.20 17.77 12.41 11.38 9.46 6.57 5.98 11.03 12.14 11.88 12.31 12.32 10.27 9.71 11.53 11.72 3.41 3.51 4.60 5.37 6.16 6.91 7.51 8.04 8.75 9.18 5.46 5.01 4.90 4.92 5.75 6.04 9.96 7.95 8.64 9.51 7.92 8.60 9.31 10.11 12.46 11.83 11.92 12.17 12.88 13.44 12.65 13.75 13.63 13.68 13.88 13.94 13.77 13.47 13.28 13.23 13.18
10.97 11.38 11.67 11.68 11.87 12.13 13.09 12.97 13.21 13.88 14.42 14.57 18.05 18.02 18.83 17.96 13.51 12.19 13.56 14.53 13.72 14.40 13.64 11.97 15.38 17.08 13.38 11.18 9.11 6.33 7.26 11.21 11.70 11.58 12.37 11.48 10.91 10.53 10.32 9.13 3.47 4.01 4.73 5.37 6.29 6.95 7.83 7.96 8.79 9.05 4.93 5.00 9.22 9.16 5.81 6.33 10.74 8.15 11.11 9.44 10.28 10.76 10.62 10.96 10.97 11.48 12.88 12.79 13.57 14.15 14.02 13.87 13.81 13.90 14.00 13.98 13.80 13.59 13.45 13.36 13.25
11.04 11.49 11.85 11.79 11.86 12.17 12.38 13.23 13.20 13.31 13.73 14.37 16.92 16.75 18.53 20.63 20.66 15.68 16.34 16.71 15.05 15.31 13.54 13.31 12.65 15.98 13.20 10.53 7.24 5.96 8.90 11.85 10.74 10.62 11.21 10.53 10.89 10.79 9.13 6.51 4.26 4.00 4.62 5.61 6.22 7.35 7.58 8.32 8.62 8.79 4.74 10.01 10.06 10.36 9.73 7.16 7.82 11.02 8.91 9.66 10.18 9.95 10.08 11.07 11.25 12.96 12.66 12.80 14.07 14.30 13.86 13.77 13.89 14.01 14.06 13.99 13.85 13.72 13.61 13.47 13.32
11.09 11.45 11.82 11.90 11.85 11.96 13.85 13.54 13.27 15.18 13.28 14.06 17.99 16.92 18.91 19.42 20.12 20.28 19.36 19.65 19.05 18.92 15.82 9.79 11.36 14.51 12.25 9.36 7.29 7.63 9.76 10.60 10.38 10.63 9.25 9.99 10.75 10.71 8.67 4.96 3.78 3.90 4.51 5.12 6.38 7.18 7.75 8.35 8.47 8.85 10.19 9.36 9.99 10.34 10.68 7.42 8.01 10.01 9.23 9.50 9.40 9.93 11.02 12.13 12.86 12.47 12.85 15.94 16.76 13.94 13.63 13.84 14.05 14.12 14.13 14.04 13.92 13.85 13.75 13.58 13.42
11.25 11.45 11.70 11.94 11.95 11.84 12.15 13.42 14.80 14.45 13.03 13.71 19.13 18.97 17.89 18.02 18.46 18.93 18.83 19.22 19.26 18.68 19.16 12.99 12.11 12.81 10.99 8.38 7.89 8.26 9.10 9.00 9.34 10.15 8.60 10.47 11.35 10.45 7.52 4.57 3.39 3.62 4.45 5.59 6.23 6.92 7.80 8.34 8.25 9.63 9.14 9.80 10.11 5.14 10.51 10.66 6.99 7.67 11.53 8.85 8.93 12.11 11.89 12.59 12.05 14.72 15.68 16.85 13.75 13.78 13.84 14.18 14.30 14.30 14.39 14.32 14.07 13.90 13.73 13.52 13.39
11.44 11.47 11.61 11.92 12.01 11.91 13.07 13.46 15.18 14.64 13.15 17.13 18.54 18.34 16.89 15.48 15.96 17.63 17.60 18.38 18.54 16.39 18.82 16.81 14.59 12.08 9.18 7.76 7.94 8.35 7.87 7.70 5.21 10.06 9.95 10.84 11.00 10.99 7.20 3.66 2.78 3.48 4.85 5.70 6.52 7.22 7.77 8.46 8.68 9.40 9.24 9.82 7.64 8.87 10.72 8.85 8.37 7.94 10.60 10.51 9.60 12.90 11.92 12.08 13.36 12.62 13.00 13.45 13.81 14.08 14.25 14.46 14.45 14.53 14.70 14.47 14.11 13.96 13.82 13.63 13.46
11.57 11.54 11.62 12.69 12.54 12.60 13.01 13.42 13.25 14.88 13.32 17.04 15.59 17.47 18.56 17.44 15.38 16.14 15.71 17.22 17.48 14.64 18.53 19.06 18.77 12.92 8.42 8.13 7.91 7.74 7.12 6.19 10.22 9.67 9.77 10.99 9.37 9.46 7.20 2.06 3.69 4.91 5.45 6.03 6.55 7.29 7.75 8.56 2.32 9.48 9.36 9.18 8.20 10.60 8.52 5.95 7.38 10.60 11.43 10.82 11.17 12.96 11.44 11.71 12.49 12.89 13.27 13.68 14.10 14.36 14.40 14.56 14.60 14.75 14.79 14.38 14.09 14.12 14.09 13.88 13.64
11.44 11.62 11.76 12.61 12.45 12.72 13.11 13.39 13.37 14.92 15.95 16.71 13.99 14.96 18.05 13.63 19.99 19.26 18.11 18.15 18.59 15.01 17.21 17.63 16.67 13.69 10.02 9.11 7.88 6.48 6.45 4.47 10.10 9.37 9.54 10.82 7.83 8.82 4.85 3.78 6.54 5.19 7.38 7.36 7.02 7.42 7.86 8.95 9.06 8.43 9.31 8.09 9.73 8.56 5.52 7.35 10.44 12.18 12.22 10.17 11.82 13.20 12.90 12.37 13.96 14.50 14.91 15.50 14.10 14.31 14.47 14.80 14.85 14.89 14.72 14.31 14.21 14.27 14.13 13.88 13.65
11.10 11.47 11.73 11.97 12.94 13.13 13.35 13.58 13.57 15.36 16.05 17.37 16.13 11.32 16.91 12.88 19.40 13.29 20.07 18.42 18.02 17.09 17.20 17.83 17.80 14.08 9.94 9.04 7.09 4.91 5.20 8.15 9.85 3.65 9.21 9.24 9.11 9.49 3.15 4.98 6.15 6.53 6.09 7.42 7.42 8.04 8.70 8.82 8.32 7.36 7.68 6.36 7.09 5.60 6.53 9.81 10.63 11.86 11.76 10.57 13.32 13.87 12.71 13.96 14.52 14.51 14.37 13.84 14.16 14.56 14.97 15.16 14.95 14.81 14.64 14.46 14.53 14.48 14.17 13.83 13.58
10.93 11.29 11.56 11.79 12.06 12.15 13.36 13.45 16.40 15.23 15.46 17.67 17.85 13.08 15.48 16.79 17.82 18.17 18.34 16.99 15.33 15.49 16.08 18.15 19.53 18.01 9.06 8.45 6.68 5.51 6.25 5.06 9.69 8.96 9.08 9.04 8.67 7.54 2.85 5.31 7.81 6.66 6.45 7.96 8.17 8.54 8.52 8.48 7.23 7.72 6.14 6.06 6.25 5.67 7.65 10.68 10.42 11.92 12.76 13.50 15.20 12.79 12.49 12.39 13.00 13.82 14.04 14.42 14.67 15.24 15.42 15.21 14.92 14.91 14.84 14.74 14.74 14.56 14.23 13.94 13.74
10.81 11.20 11.50 11.67 11.88 12.02 13.39 13.43 13.52 16.05 14.94 16.88 17.80 15.38 14.59 16.54 17.39 17.96 18.27 18.37 17.24 15.09 14.00 16.24 17.99 18.93 10.64 8.05 8.07 8.43 7.44 4.77 7.89 9.28 5.55 8.56 7.83 5.43 0.35 7.23 8.01 7.65 8.66 6.24 9.57 8.56 8.78 9.28 9.27 8.91 4.41 6.27 7.58 8.80 10.79 12.52 13.42 14.66 14.86 14.77 15.31 12.85 12.17 12.43 14.12 14.28 14.25 15.10 15.36 16.46 15.51 15.25 15.16 15.19 15.06 14.91 14.84 14.53 14.19 14.00 13.86
10.64 11.09 11.50 11.72 11.90 11.87 13.19 13.42 13.49 17.19 15.32 16.46 17.74 17.89 15.04 15.68 16.96 17.87 18.22 18.70 18.77 16.30 14.23 14.91 16.22 17.49 12.04 7.46 9.68 10.12 6.44 9.44 8.07 1.95 9.01 7.61 5.81 2.16 5.70 7.84 7.40 8.36 8.55 8.75 9.43 7.01 11.71 6.87 9.81 7.96 7.36 4.64 9.79 9.43 12.07 14.38 15.67 11.07 15.34 14.85 15.12 12.88 12.91 16.88 15.36 14.80 15.45 16.58 17.45 17.99 17.86 15.39 15.37 15.29 15.18 15.15 14.98 14.55 14.16 13.93 13.73
10.48 10.91 11.37 11.68 13.11 12.86 13.20 13.44 18.06 18.35 16.96 17.19 17.41 17.53 16.73 15.21 16.49 17.40 17.37 17.86 18.07 16.15 14.89 15.45 16.15 17.82 13.28 8.22 9.59 9.11 6.66 6.01 2.50 1.56 3.71 5.20 3.17 2.10 6.66 7.87 7.22 6.72 7.50 8.07 8.77 9.48 9.68 9.66 8.87 7.00 7.69 6.33 9.28 9.13 11.11 13.56 15.29 15.59 14.87 14.62 14.78 13.28 13.73 16.42 17.39 18.58 17.38 17.54 17.65 17.87 17.85 15.36 15.36 15.33 15.30 15.13 14.75 14.36 14.10 13.90 13.69
10.44 10.75 11.09 11.42 13.39 13.40 13.27 13.40 18.58 19.52 17.96 17.17 16.73 17.17 18.88 17.97 17.81 17.74 16.81 17.25 17.17 15.67 14.97 16.33 17.41 18.67 15.94 11.41 9.25 7.46 6.12 5.66 3.70 2.86 2.94 2.96 2.87 6.96 8.31 7.72 7.12 6.59 7.41 8.89 9.77 10.02 10.03 10.55 10.73 6.14 8.58 6.95 9.74 7.21 10.58 14.55 15.45 14.69 14.72 15.64 16.30 17.08 18.94 20.68 21.70 21.88 20.94 17.43 16.87 16.62 16.64 15.48 15.41 15.34 15.18 14.83 14.51 14.31 14.10 13.91 13.77
10.56 10.76 10.94 11.19 11.61 13.33 13.38 13.21 12.99 18.42 17.93 16.57 15.91 16.97 19.10 18.81 17.94 17.97 17.03 17.29 17.34 16.01 15.18 16.85 18.18 20.04 20.72 14.78 12.06 8.49 6.37 5.37 4.79 4.81 4.40 5.32 9.06 10.07 8.49 8.62 9.09 9.09 10.16 11.82 12.83 9.95 9.92 9.71 9.90 9.11 10.03 8.19 9.75 7.00 14.04 16.49 16.24 16.16 17.45 18.86 19.50 19.46 19.87 20.46 20.87 21.25 21.19 18.07 17.80 17.51 17.33 15.56 15.35 15.20 14.98 14.72 14.58 14.42 14.15 13.95 13.82
10.67 10.82 10.94 11.05 11.30 12.96 13.42 17.62 15.84 16.85 17.20 16.39 15.46 13.80 16.59 18.05 17.53 17.42 16.94 17.19 17.44 16.18 15.54 15.38 16.62 18.06 20.07 18.62 13.28 11.46 9.44 7.44 6.43 7.16 6.85 7.65 10.13 9.69 9.04 10.68 11.31 12.64 12.05 11.12 10.97 10.92 10.78 11.15 10.31 10.69 11.26 8.09 9.80 11.08 17.72 17.80 17.75 17.80 17.98 18.20 18.57 18.88 19.47 19.91 19.94 17.26 17.46 17.67 17.93 18.11 17.68 15.38 15.38 15.39 15.24 15.01 14.81 14.53 14.25 14.10 13.98
10.82 10.88 10.96 11.07 11.17 12.55 12.93 13.47 18.36 18.15 18.73 17.64 16.68 14.84 14.82 17.20 16.90 15.65 15.20 15.30 15.67 14.31 14.65 13.44 13.79 15.09 16.62 18.07 13.37 12.07 11.39 8.96 9.13 9.02 9.43 11.04 10.73 7.24 11.22 12.19 11.99 12.73 12.01 12.03 12.08 12.14 12.08 6.60 12.12 12.22 12.33 7.45 12.68 17.23 18.08 16.42 15.30 16.16 17.19 17.82 18.62 19.69 20.14 20.15 19.73 16.80 16.63 16.77 16.82 16.60 16.00 15.96 16.04 15.96 15.74 15.46 15.18 14.86 14.58 14.36 14.15
11.10 10.97 10.85 11.05 11.22 12.35 12.57 13.00 18.32 18.58 18.62 19.51 19.02 18.30 15.48 16.85 17.87 16.95 15.91 15.49 14.64 12.61 12.86 12.40 12.77 14.30 15.42 17.03 13.45 10.40 10.15 10.26 10.77 10.94 11.59 11.11 8.37 6.97 11.30 11.92 12.65 13.41 12.49 12.63 12.81 13.00 13.30 9.05 13.63 13.35 13.11 13.28 14.40 15.77 13.55 12.41 14.47 16.22 17.47 18.24 19.42 20.38 20.79 20.09 19.76 19.97 18.13 18.38 18.40 18.30 18.38 19.10 19.28 18.92 15.58 15.37 15.27 15.08 14.85 14.57 14.33
11.27 11.27 10.93 10.81 11.11 12.09 12.26 12.53 17.76 18.29 18.19 18.01 17.82 16.61 15.68 16.78 18.28 19.23 18.99 18.36 16.67 14.39 13.22 12.08 12.15 13.45 15.79 17.89 15.43 8.21 9.57 11.64 12.07 12.69 12.12 10.79 9.45 10.98 12.25 12.40 13.03 13.99 12.85 13.05 13.31 13.64 13.93 21.42 14.29 14.36 14.44 14.61 11.17 13.40 12.37 14.48 18.18 19.28 19.44 19.20 19.24 19.52 20.29 21.19 22.12 16.08 23.27 16.25 23.82 24.37 15.93 22.17 19.48 15.39 15.44 15.46 15.31 18.97 19.88 14.47 14.36
11.01 11.57 11.30 11.09 11.46 11.86 12.12 12.39 17.11 17.94 17.21 16.72 15.69 15.74 16.14 16.67 17.94 19.14 20.69 21.20 21.21 19.23 16.92 14.76 12.98 11.90 13.28 16.52 17.10 7.40 8.33 13.65 14.47 13.87 13.84 13.97 14.23 15.32 15.61 15.79 15.62 14.45 13.28 13.44 19.92 20.85 21.03 21.27 14.40 15.03 15.68 18.96 21.45 20.10 18.55 20.78 21.04 20.95 21.25 16.92 21.48 20.92 21.31 15.60 15.73 22.03 15.99 21.78 21.30 18.42 17.02 16.29 15.67 16.02 16.12 15.80 15.22 14.69 19.12 14.30 14.14
10.32 11.23 12.18 11.63 11.66 11.97 12.18 15.74 16.43 16.55 17.27 18.12 17.61 16.45 15.74 16.68 17.90 18.54 19.23 19.14 19.53 20.51 20.67 19.85 16.43 12.34 11.49 14.42 15.04 6.41 15.08 15.99 15.67 14.94 14.36 14.26 14.87 15.51 16.99 17.82 17.72 18.17 18.79 19.09 19.39 20.27 20.58 20.75 14.29 14.67 15.26 15.95 20.70 23.80 24.79 24.55 22.85 22.09 22.53 22.51 22.71 21.16 16.96 20.06 20.20 20.40 17.91 16.89 14.92 15.53 16.00 16.33 16.82 18.86 19.87 19.36 18.42 14.60 14.48 14.31 14.02
9.82 10.64 11.73 11.96 12.18 11.94 12.00 12.26 16.84 16.88 17.66 18.07 19.83 19.35 17.07 15.74 15.44 14.91 14.17 14.91 17.36 19.94 21.07 22.59 25.26 27.36 21.60 16.02 12.81 6.99 16.78 17.81 15.75 14.71 13.66 13.07 12.87 12.17 11.43 11.67 12.07 13.18 14.54 13.34 13.71 13.87 19.69 20.32 20.78 14.54 14.67 14.73 15.77 21.29 21.86 23.08 23.28 22.84 22.65 22.27 20.78 21.40 20.40 19.65 19.28 17.25 16.45 16.09 16.40 16.84 17.07 17.36 18.53 19.10 18.95 18.55 14.63 14.59 14.46 14.21 13.95
