examples/cougarCreek-fire/createInputs/WindNinja/wrfout_d3.2015081012.f12/cougarCreekFire_08-11-2015_0000_217m_non_neutral_stability_ang.asc
ncols	146
nrows	140
xllcorner	610065.000000
yllcorner	5095217.000000
cellsize	216.586807
NODATA_value	-9999.000000
[rows 0 to 41 of 140, columns 0 to 93 of 146]
330 327 324 324 324 322 321 321 320 310 320 320 320 321 320 320 320 319 318 317 317 310 318 320 321 321 320 319 319 320 320 319 318 318 318 318 318 346 327 319 327 328 319 328 326 328 320 319 319 319 319 318 318 318 319 319 319 318 315 315 316 315 314 314 314 314 312 311 312 313 315 313 310 308 307 308 309 306 303 303 303 304 305 332 335 331 306 322 322 315 301 311 316 300
330 327 324 324 324 322 321 321 320 310 320 320 320 321 320 320 320 319 318 317 317 310 318 320 321 321 320 319 319 320 320 319 318 318 318 318 318 346 327 319 327 328 319 328 326 328 320 319 319 319 319 318 318 318 319 319 319 318 315 315 316 315 314 314 314 314 312 311 312 313 315 313 310 308 307 308 309 306 303 303 303 304 305 332 335 331 306 322 322 315 301 311 316 300
331 329 325 324 324 323 322 322 321 321 320 320 320 321 320 320 321 320 319 318 318 313 318 319 320 320 319 319 319 319 319 319 318 318 318 318 318 318 318 318 318 318 318 318 318 318 318 318 318 318 318 318 318 318 318 318 318 317 315 314 315 314 314 314 314 314 312 311 312 312 313 312 310 309 308 308 310 309 306 305 305 305 306 306 306 306 306 305 303 302 301 298 298 299
334 331 327 326 326 325 324 324 323 323 322 321 320 321 321 321 322 321 320 320 320 315 318 318 319 319 319 319 318 318 319 319 319 318 318 318 317 317 317 317 317 317 317 317 317 317 317 317 316 317 317 317 317 316 316 316 317 316 314 313 313 314 313 313 313 313 313 312 312 312 312 311 311 310 309 309 312 311 308 307 307 307 306 306 307 307 307 307 306 305 304 302 300 301
335 332 328 327 326 325 325 318 317 318 323 322 322 322 322 322 323 322 321 321 317 316 317 319 319 319 320 319 318 318 319 320 319 318 318 318 317 317 317 318 318 317 317 317 317 317 317 317 317 317 317 317 317 327 315 315 315 314 314 314 314 314 314 313 314 313 313 312 312 312 312 312 312 312 311 311 313 312 310 309 308 308 308 307 308 309 309 309 309 309 308 306 322 319
335 333 329 328 327 326 325 324 324 319 319 321 322 322 323 323 323 323 321 322 318 316 316 318 318 319 320 319 318 319 319 320 319 318 319 318 318 317 317 317 317 317 317 317 317 317 318 318 317 326 327 327 316 316 315 315 315 315 314 314 314 314 314 314 313 313 326 312 312 312 312 313 313 312 311 311 312 312 310 310 309 309 309 309 309 309 310 310 310 310 309 309 307 337
335 332 329 327 327 326 326 321 321 322 319 319 323 322 323 323 323 323 319 319 319 318 318 319 321 324 321 323 323 324 320 321 319 319 320 319 318 318 317 322 322 317 323 317 317 325 326 326 325 324 342 317 328 316 316 316 316 315 315 314 314 327 328 314 313 326 313 313 314 314 313 314 313 311 311 311 313 312 311 311 310 310 310 310 284 310 310 311 311 311 311 310 309 332
336 333 329 327 326 326 325 321 318 319 319 318 321 326 328 324 324 326 322 319 320 320 320 320 321 323 324 323 323 324 321 324 323 320 320 319 318 318 321 321 321 322 323 323 323 326 327 325 325 342 327 326 316 317 316 316 316 315 315 315 328 327 314 314 313 326 313 314 314 314 314 313 312 311 312 313 314 313 311 311 311 311 311 310 310 311 311 312 312 312 311 311 311 311
337 333 329 328 327 326 325 325 321 320 320 319 320 324 327 323 327 326 323 319 320 320 313 315 321 322 323 323 323 324 325 324 324 320 320 321 321 321 320 320 321 322 323 322 323 325 326 326 326 326 326 327 330 328 327 316 315 315 328 315 327 314 314 314 328 327 327 329 314 314 313 313 313 313 313 314 313 312 312 312 312 312 312 311 311 312 312 313 313 313 312 312 312 312
336 333 329 328 327 322 323 325 324 323 322 321 317 322 326 328 327 327 323 312 313 320 319 319 319 321 323 323 323 323 325 324 324 324 323 321 321 321 320 320 321 323 323 323 324 325 325 325 326 326 327 326 330 328 315 315 315 315 327 315 314 314 315 329 328 329 329 329 315 315 315 315 314 314 314 315 314 313 313 314 314 313 313 312 312 312 313 313 314 305 313 313 312 312
339 332 328 327 326 326 320 322 323 322 322 322 321 320 326 326 327 323 324 320 313 319 320 319 314 331 337 338 323 323 326 325 324 325 323 321 321 321 320 320 320 322 323 341 342 340 326 326 326 342 341 343 328 316 315 315 316 326 316 316 315 325 328 328 330 329 329 330 316 316 316 316 315 315 315 316 315 314 314 315 315 314 314 313 313 327 301 314 314 314 314 314 313 313
334 332 331 328 325 322 325 320 322 322 322 323 323 322 324 324 322 328 324 322 315 319 318 320 320 326 339 337 334 322 325 325 325 325 323 321 321 320 320 319 318 334 337 339 342 343 326 325 340 343 342 328 318 317 323 325 326 326 326 316 316 329 328 329 330 316 316 317 317 317 317 316 315 315 316 317 315 314 315 316 315 315 315 314 314 314 314 314 315 314 314 314 314 314
333 331 329 329 327 324 325 319 320 322 320 322 325 324 324 324 326 326 322 322 318 320 321 313 319 315 339 336 335 340 325 325 325 324 323 322 321 320 320 318 329 333 338 340 343 341 324 337 339 327 327 326 318 317 324 327 327 327 327 325 328 325 326 316 316 316 316 316 316 317 317 316 316 316 317 317 316 315 316 317 316 316 315 315 315 315 315 315 315 315 314 314 315 315
330 330 328 327 326 323 324 324 317 319 320 318 320 325 324 324 325 325 323 321 319 319 323 318 311 316 336 336 338 343 344 326 334 332 329 327 330 330 325 323 332 336 341 343 342 324 323 338 339 327 326 325 323 322 325 327 328 329 329 328 324 324 316 315 315 315 315 315 316 316 317 317 317 317 318 317 316 316 317 317 317 317 316 316 316 315 315 316 316 316 315 314 315 317
329 328 327 326 326 324 323 322 322 316 317 319 320 315 322 331 334 335 331 327 327 324 326 326 318 319 333 335 338 344 346 325 330 331 328 326 330 330 321 315 342 339 341 341 338 336 338 341 344 343 326 324 324 323 325 325 338 327 328 326 314 314 315 314 327 328 327 328 316 317 329 317 317 318 318 317 316 316 317 317 317 317 317 317 316 316 316 316 316 330 315 324 316 291
330 328 326 326 325 324 322 322 319 316 316 318 313 312 313 323 335 337 332 329 331 328 328 332 325 321 330 335 338 344 344 334 331 331 328 328 328 326 324 325 342 342 342 342 340 340 343 343 345 340 323 324 338 338 325 325 338 327 339 327 326 327 327 327 326 327 329 316 317 317 318 318 317 317 317 317 317 317 317 318 318 318 318 317 317 317 316 316 317 316 331 325 314 324
329 328 326 325 325 324 323 321 321 319 317 318 321 320 311 305 311 330 327 325 330 329 330 322 330 324 329 335 343 345 339 331 333 333 330 330 327 324 325 333 338 340 342 344 344 345 343 344 342 338 323 341 342 343 339 323 324 340 327 328 328 328 326 328 327 329 317 330 318 319 319 319 318 317 317 318 318 318 318 319 319 319 319 318 318 318 317 317 318 317 315 312 312 315
328 327 325 324 324 323 317 319 321 320 318 318 315 321 308 300 301 308 313 313 319 319 328 339 334 326 331 337 341 340 335 332 333 331 333 330 325 324 327 336 339 340 341 341 345 346 345 345 342 340 344 340 343 344 342 323 327 338 327 330 329 329 329 331 331 318 320 331 328 321 321 321 320 320 319 319 320 320 321 321 321 321 321 321 320 320 320 344 345 319 318 315 315 317
328 326 323 322 322 322 322 320 323 324 319 317 306 309 313 312 309 310 313 310 315 318 317 333 333 329 333 337 339 338 336 335 333 333 334 329 323 324 330 335 338 339 341 344 345 345 345 346 342 344 341 344 346 325 343 342 327 326 342 330 328 341 330 332 319 331 331 325 322 323 324 323 323 323 322 322 323 323 323 323 324 324 324 323 323 322 322 350 349 322 320 346 340 320
328 325 322 321 321 321 319 319 322 323 319 312 306 310 320 324 321 316 317 313 316 323 315 321 329 332 337 339 338 336 337 336 341 323 323 326 323 321 330 337 339 340 342 345 347 347 346 347 346 345 343 347 337 340 345 339 337 327 341 342 330 343 333 334 333 321 322 323 324 326 326 326 326 326 325 325 326 325 325 325 326 326 326 326 325 325 324 351 348 324 322 354 3 343
328 325 322 319 320 320 318 318 320 322 318 314 321 311 311 320 325 322 323 317 318 326 313 313 316 330 338 338 337 336 337 337 321 325 323 325 327 318 329 343 345 343 342 345 346 346 345 345 319 347 345 345 340 346 340 324 325 343 345 344 343 345 333 334 323 324 325 326 327 328 329 328 329 328 328 328 329 328 328 328 329 329 329 329 328 327 327 327 327 326 351 18 357 322
326 324 322 319 320 319 318 318 319 323 316 315 326 322 305 322 307 311 317 315 314 324 316 317 320 327 334 335 335 337 337 339 321 324 321 317 329 318 332 346 345 333 345 347 347 346 344 345 349 345 346 341 345 341 323 335 344 347 348 343 345 347 348 325 337 338 340 342 329 330 330 330 331 331 331 331 331 330 330 331 331 331 331 331 330 330 329 329 329 328 357 1 360 357
323 322 321 320 318 317 316 316 318 319 316 313 322 332 311 318 300 321 305 313 313 317 315 314 317 326 333 335 336 338 338 326 320 341 318 316 324 320 334 341 327 331 336 347 347 346 344 346 348 341 341 336 337 323 323 342 345 347 348 345 350 351 339 340 341 342 342 330 331 332 332 333 333 333 333 334 334 333 333 333 333 333 333 334 333 333 332 332 331 354 33 35 36 40
321 320 319 319 319 319 315 317 314 319 318 310 314 329 320 312 310 310 311 319 322 320 318 309 306 317 335 335 336 336 333 333 320 321 318 318 323 324 332 337 339 334 337 349 348 346 345 347 343 343 337 318 336 333 337 345 345 348 350 352 355 340 341 330 342 342 343 344 334 335 335 336 336 336 337 337 336 336 337 337 336 336 336 336 336 336 335 335 0 57 61 68 54 43
320 319 318 317 317 318 314 316 317 318 322 314 312 323 324 314 311 310 310 312 317 322 323 315 307 311 330 332 332 330 329 333 328 323 332 323 323 327 336 335 341 348 347 317 349 347 347 348 349 347 332 320 339 342 347 350 351 354 355 356 358 342 353 352 345 347 346 347 337 352 338 339 340 340 340 340 339 339 340 340 340 340 339 339 339 339 339 338 336 74 81 70 50 59
318 317 317 316 316 316 314 315 317 313 321 316 310 313 323 318 312 310 309 308 310 319 322 318 313 314 326 329 327 325 330 325 329 343 319 320 327 333 342 329 330 349 344 346 347 316 349 316 349 344 316 330 345 344 350 353 356 324 359 358 360 343 356 5 351 351 351 353 355 357 359 343 343 343 343 343 343 343 343 343 343 343 343 342 342 342 342 341 55 61 100 83 54 60
317 316 316 315 312 313 312 314 304 307 315 312 310 310 316 321 314 311 312 309 310 318 320 316 315 315 325 323 321 321 322 317 333 338 332 328 331 338 342 339 343 346 344 344 345 345 346 347 346 340 316 334 343 343 347 351 355 360 360 359 360 345 346 6 9 12 357 358 360 2 3 346 347 347 347 347 347 348 347 347 347 347 347 346 346 346 347 346 37 44 84 341 76 74
316 315 314 314 308 310 310 311 296 298 309 312 314 309 305 311 310 310 313 311 312 318 319 312 310 312 324 320 318 319 311 315 318 330 331 334 340 345 345 345 344 343 342 342 344 346 346 345 349 337 313 335 344 336 344 351 356 358 359 3 6 9 16 20 25 26 22 4 4 4 5 349 350 350 350 351 351 352 352 352 351 351 351 351 351 351 353 352 40 34 35 45 51 53
315 314 313 313 313 308 310 312 312 301 308 314 317 308 300 304 307 308 312 310 312 317 318 309 303 303 312 323 316 307 312 316 302 321 333 342 350 353 350 347 345 345 343 343 346 313 312 311 349 312 310 337 343 332 351 356 1 2 8 14 18 19 21 24 28 30 31 11 11 10 10 354 354 354 355 356 356 356 356 357 356 356 356 355 356 357 358 359 39 33 357 354 24 33
315 314 312 311 312 307 309 304 312 309 310 314 318 323 309 305 308 309 311 309 310 315 315 312 303 301 304 313 319 306 312 310 315 315 306 329 353 3 351 347 346 345 326 314 312 311 310 349 310 310 310 336 341 344 358 2 7 8 11 14 18 20 23 26 28 10 13 15 15 17 17 359 359 359 360 0 1 1 1 1 2 1 1 1 2 3 4 6 7 40 40 41 40 51
314 313 311 310 311 307 308 310 301 304 303 310 314 321 318 307 311 315 316 315 315 319 315 315 310 307 308 309 320 305 309 316 323 322 333 339 343 1 350 337 324 322 313 312 311 310 345 332 308 308 309 329 349 358 3 4 0 3 9 14 19 25 28 31 31 14 14 15 15 16 15 3 3 4 5 6 6 7 7 7 7 7 7 8 9 9 10 13 14 62 62 62 50 48
313 312 310 310 310 307 307 309 298 300 299 299 303 307 316 308 307 313 316 318 321 322 319 316 312 310 310 310 320 308 311 315 331 333 326 313 284 273 339 323 320 319 312 311 309 309 309 340 308 307 308 310 353 354 356 351 354 1 10 17 24 31 37 34 34 34 21 22 23 23 25 29 32 33 11 11 12 12 13 13 13 13 13 14 15 16 17 20 22 68 64 63 56 52
312 310 308 309 308 307 308 309 298 300 301 302 307 311 314 308 302 303 307 311 319 325 323 319 315 312 309 307 316 303 311 310 332 322 332 315 302 356 345 345 319 318 310 308 307 307 307 278 307 306 307 310 343 349 348 352 1 11 19 23 25 30 36 43 50 5 56 9 60 66 12 57 45 16 17 17 17 52 66 19 20 20 19 20 21 23 24 27 124 72 63 64 63 66
311 310 313 309 310 309 309 309 300 300 305 310 315 314 312 309 302 298 295 297 302 312 319 321 320 318 314 309 310 316 294 301 327 320 336 324 320 323 3 350 327 317 308 306 323 292 288 270 303 303 305 279 273 15 8 12 9 22 33 351 42 41 47 1 6 54 14 55 55 41 35 31 20 21 22 22 23 24 67 26 27 27 27 27 28 31 33 35 125 105 70 69 71 76
309 309 308 313 311 309 310 307 307 307 306 306 310 313 314 309 301 296 293 294 296 300 303 308 316 323 322 315 313 317 291 289 309 323 333 311 314 320 314 7 329 333 334 326 321 299 282 262 298 297 298 303 266 249 246 37 30 38 49 55 62 52 18 46 47 49 38 36 29 23 24 24 33 44 54 57 57 31 32 33 34 35 35 35 35 38 41 43 124 120 78 72 75 75
308 307 307 308 309 309 309 310 303 303 300 296 294 301 311 314 312 312 314 311 305 300 298 295 290 285 302 313 317 303 294 283 281 325 323 333 279 268 266 336 306 310 314 298 297 298 323 284 249 292 292 295 295 254 251 229 78 59 60 60 51 55 48 44 43 34 32 24 24 25 26 35 43 51 57 60 35 36 37 38 39 40 41 41 40 43 47 49 129 134 89 78 78 78
308 307 307 307 309 314 312 311 299 298 296 295 297 295 299 305 308 309 308 302 294 292 290 284 278 275 279 289 301 309 304 296 294 317 6 3 336 342 325 304 311 298 299 297 295 294 294 294 276 240 280 282 295 290 295 304 209 160 108 87 78 72 69 61 57 48 34 34 38 54 38 41 44 46 34 35 37 38 39 41 42 43 45 45 44 47 51 53 138 141 103 84 79 83
308 307 306 306 308 310 311 297 313 291 291 297 298 292 289 290 292 288 281 278 280 284 282 277 275 275 280 278 269 291 301 311 322 344 20 50 46 22 339 333 325 315 308 297 294 292 292 293 341 271 230 278 280 278 281 288 299 309 319 335 357 12 24 33 40 44 45 45 44 42 50 75 61 33 35 36 38 40 41 43 44 46 49 51 51 51 54 57 140 141 102 81 79 79
309 307 307 306 307 308 283 311 289 288 291 294 290 287 284 286 284 279 278 282 282 279 278 277 273 273 281 276 266 293 287 302 332 5 29 30 26 18 1 338 326 332 327 311 297 296 292 290 287 283 252 224 276 291 295 299 305 313 323 333 334 6 24 37 44 48 50 50 49 50 55 60 64 67 66 50 39 41 44 46 48 50 53 55 57 57 59 61 140 149 117 79 78 80
309 308 308 306 306 307 274 310 291 292 294 293 294 290 289 289 285 279 278 279 275 275 283 280 273 277 283 276 269 264 278 279 302 320 359 36 25 12 3 321 298 290 296 283 305 304 294 309 318 281 278 7 1 85 276 293 270 275 314 324 336 345 42 63 64 23 27 29 31 33 35 38 39 76 78 80 85 43 46 49 52 55 57 60 62 62 65 67 67 153 147 91 81 83
307 308 308 304 305 306 279 310 311 293 295 298 299 296 291 289 282 274 273 275 276 282 287 277 274 278 282 276 274 279 279 270 266 307 309 305 63 16 347 315 297 293 296 294 291 259 248 247 238 231 225 204 279 279 283 289 293 300 308 317 45 344 358 10 20 27 32 34 36 39 42 44 47 48 49 49 48 48 102 102 55 59 62 66 67 68 71 73 73 74 153 122 95 89
306 307 307 302 303 280 307 309 311 296 297 298 297 290 285 284 275 272 276 286 289 290 284 276 274 279 281 278 277 273 270 264 243 218 245 22 294 291 2 20 296 280 289 283 271 283 279 274 267 260 258 255 254 253 257 260 270 283 253 2 326 341 356 13 26 34 38 40 42 44 48 51 54 56 59 60 60 59 56 55 117 62 66 68 70 73 77 80 79 79 81 139 110 96
