examples/cougarCreek-fire/createInputs/WindNinja/wrfout_d3.2015081012.f12/cougarCreekFire_08-11-2015_0000_217m_non_neutral_stability_ang.asc
ncols	146
nrows	140
xllcorner	610065.000000
yllcorner	5095217.000000
cellsize	216.586807
NODATA_value	-9999.000000
[rows 84 to 125 of 140, columns 0 to 93 of 146]
314 314 314 314 315 315 315 296 293 293 316 315 287 315 315 314 298 311 310 278 292 307 307 306 305 277 301 279 273 275 256 252 291 290 245 287 257 284 257 280 280 280 279 275 273 271 269 268 250 263 235 261 243 235 231 259 259 258 231 257 234 226 225 219 183 178 219 222 199 187 173 190 182 208 193 175 164 170 178 223 217 212 207 199 193 191 185 182 178 174 170 162 163 155
314 314 314 314 315 315 315 295 293 297 315 298 301 299 315 313 312 289 281 276 297 307 307 305 304 277 276 274 273 295 251 253 291 291 250 257 256 261 282 281 281 281 279 275 273 272 270 269 266 264 263 264 264 262 260 260 261 260 259 259 259 229 256 230 199 194 199 253 222 196 188 193 187 183 186 180 176 171 230 226 221 215 210 203 197 165 189 185 180 177 172 169 165 156
314 314 314 314 314 315 314 314 294 316 315 289 315 293 315 313 289 287 278 288 307 307 307 268 304 279 301 273 274 253 250 275 249 291 250 263 250 248 285 283 259 280 279 276 274 272 271 270 268 266 264 264 264 263 262 262 262 262 261 261 260 259 259 259 203 200 203 221 221 219 218 184 177 182 185 243 184 236 233 229 224 134 211 205 204 198 192 182 177 131 174 170 158 165
314 314 314 314 315 315 315 315 315 316 314 299 315 292 292 290 288 290 278 294 307 307 306 306 272 276 300 272 297 257 294 275 292 291 291 290 288 288 253 248 281 278 277 277 275 273 272 271 269 267 265 265 265 264 264 264 263 263 263 262 262 261 261 260 225 205 208 222 221 256 254 200 190 189 177 180 171 174 180 156 228 132 215 208 207 201 196 191 187 177 177 173 170 166
314 314 314 314 315 315 294 315 316 316 314 298 314 299 290 290 287 279 277 307 307 307 306 305 274 302 300 298 297 296 272 264 250 291 291 251 288 287 248 284 280 278 277 277 276 275 273 271 269 268 266 266 207 266 266 266 265 264 264 264 263 263 263 262 208 207 224 207 206 206 258 206 195 181 249 246 244 242 240 161 231 225 219 209 211 205 200 194 190 177 180 176 172 165
314 314 313 314 314 314 294 315 315 315 314 288 314 315 290 290 286 288 286 307 307 306 305 272 303 301 300 299 298 297 295 268 252 291 291 290 289 287 250 284 281 279 279 278 277 275 273 272 270 268 267 267 209 208 267 267 266 266 266 265 265 265 264 210 228 203 204 207 204 203 205 209 209 200 189 175 172 245 242 239 234 228 226 220 214 209 203 197 192 188 182 178 170 163
314 314 313 314 314 314 314 315 315 315 314 293 314 315 290 291 286 279 277 307 307 307 306 304 303 302 301 299 271 269 269 258 254 292 291 291 288 287 285 284 282 281 280 279 277 275 274 272 271 270 268 268 268 209 268 268 268 268 267 267 267 212 267 215 214 209 203 205 201 200 199 208 258 256 204 187 185 180 168 241 236 232 228 223 217 212 207 201 195 190 184 157 141 146
314 313 313 314 314 314 314 314 315 315 295 292 314 292 288 289 284 308 307 307 307 307 274 305 303 302 277 271 271 270 260 255 252 293 291 290 288 287 285 284 283 282 280 279 238 276 274 273 272 270 269 269 268 209 269 269 269 269 268 268 268 213 214 212 216 267 210 205 212 199 263 196 260 258 257 202 188 250 182 168 161 168 146 226 220 215 210 205 198 192 187 181 174 159
314 313 313 313 314 314 314 314 314 314 293 292 300 290 288 287 284 278 307 306 307 307 280 305 303 302 269 274 274 270 256 295 293 291 290 289 252 287 263 269 283 282 270 279 279 277 275 274 272 271 270 270 270 208 207 270 270 270 270 269 269 269 214 212 216 269 268 212 206 204 264 199 262 261 207 193 186 181 175 167 163 164 230 168 218 155 145 140 202 196 191 186 182 177
314 313 313 314 314 314 314 313 313 313 312 290 312 288 311 286 285 282 307 307 307 307 280 305 303 280 274 274 273 261 260 294 292 291 290 265 288 287 285 284 284 283 281 280 279 277 276 274 273 272 271 271 271 210 210 211 271 213 271 271 270 270 214 212 212 270 270 217 211 206 210 205 264 263 204 195 186 254 150 128 244 240 138 225 220 169 209 169 127 190 135 141 174 178
314 313 312 305 313 313 314 313 312 312 312 312 290 312 311 310 284 282 307 307 307 307 306 280 303 281 275 264 260 262 257 259 254 262 268 290 288 287 286 285 285 284 283 281 279 278 276 275 274 272 272 272 272 271 213 212 210 211 213 272 271 271 215 228 271 211 216 271 215 211 204 206 266 265 209 208 207 187 167 164 153 149 236 131 137 144 139 203 162 161 187 180 185 165
313 313 312 313 313 313 313 313 312 312 312 313 312 289 311 285 284 283 279 307 307 306 304 303 302 301 269 266 298 296 295 255 263 272 291 290 289 289 288 270 285 285 283 281 279 278 277 276 274 273 272 272 272 272 233 263 245 223 214 212 273 272 214 235 272 270 234 212 214 211 213 202 216 212 210 262 260 257 180 154 150 156 237 231 225 136 212 205 200 195 190 183 175 183
312 312 311 312 313 313 313 313 313 312 312 313 312 288 287 286 284 285 279 307 306 280 304 303 302 280 266 265 265 277 295 265 293 293 292 291 290 289 275 286 285 284 283 282 280 278 277 276 275 273 273 273 273 273 273 273 273 273 273 273 213 216 215 215 217 249 273 236 218 221 216 205 202 201 205 212 261 259 204 253 124 111 103 123 227 220 164 209 136 196 188 184 137 185
311 312 312 311 312 312 312 312 312 312 312 312 312 288 310 310 285 284 280 307 306 305 304 304 303 270 267 267 298 297 296 295 294 293 293 292 290 289 287 286 285 285 283 282 281 279 278 276 275 274 273 273 273 273 273 274 274 274 274 274 274 218 219 218 220 274 273 273 273 273 272 271 270 206 198 210 262 261 257 187 251 109 244 238 236 222 177 211 204 115 112 132 182 181
310 312 314 312 312 313 311 312 312 312 312 312 311 289 310 310 286 282 280 307 307 306 305 305 303 268 267 300 299 297 296 272 295 294 272 272 272 273 271 266 285 285 284 283 281 280 278 277 275 274 274 274 274 274 274 274 275 275 275 275 275 275 275 274 260 274 274 274 275 274 273 272 271 203 199 198 210 263 260 205 251 248 243 237 232 224 216 221 212 203 197 189 185 187
308 310 313 313 312 312 311 312 312 312 312 312 311 311 310 310 309 308 308 308 308 306 305 304 272 269 300 300 266 267 297 295 295 274 274 273 272 266 266 274 285 286 286 284 282 280 279 277 275 274 275 275 274 274 275 275 275 275 276 276 276 276 275 275 275 275 275 276 276 276 258 226 220 270 200 195 200 264 262 257 189 177 246 177 176 224 219 214 218 205 207 201 188 182
310 310 312 314 312 311 312 311 311 312 313 312 311 290 310 309 308 308 308 307 307 280 305 272 302 301 300 299 263 268 275 296 295 294 266 264 269 289 287 286 286 288 286 284 282 280 279 277 276 275 275 275 275 275 275 276 276 276 276 276 276 276 276 276 276 276 276 277 277 281 243 218 220 211 223 267 265 193 263 261 198 185 245 239 232 225 222 211 210 203 195 203 197 184
311 310 311 313 311 311 311 311 312 312 311 311 310 310 309 309 308 308 307 306 306 304 303 278 301 301 272 265 263 298 297 275 270 265 262 261 292 290 290 288 287 287 286 284 283 281 280 278 277 276 275 275 276 276 276 297 295 297 277 277 277 277 277 277 293 307 292 277 278 278 305 282 268 275 271 269 218 175 193 205 189 175 247 129 239 238 233 218 209 205 197 192 199 194
311 311 311 313 312 311 311 311 312 312 311 309 309 308 309 308 308 308 284 306 279 303 303 301 301 301 273 267 269 298 297 296 267 265 263 265 275 276 270 258 286 284 284 250 262 282 259 271 278 276 275 275 277 277 301 282 271 301 297 277 277 278 278 278 278 278 278 278 278 278 277 276 275 274 267 270 268 266 180 190 256 253 249 245 238 229 226 219 212 217 212 206 201 195
310 310 312 313 313 311 311 312 311 312 310 310 309 309 309 307 308 308 307 307 306 305 304 302 301 301 272 268 272 298 271 267 267 267 269 263 265 263 257 253 251 284 284 284 270 268 270 280 274 274 276 276 276 277 300 296 294 299 277 278 278 278 278 278 279 279 279 279 279 279 278 277 276 275 279 271 195 191 191 198 188 174 157 149 236 231 224 218 211 208 202 208 188 197
311 309 310 311 313 311 309 312 313 311 310 310 309 309 308 307 308 307 308 282 307 305 304 303 274 301 272 268 273 271 265 265 267 266 265 258 259 262 261 259 258 251 259 273 278 282 281 280 276 269 257 269 276 277 278 302 303 278 278 278 302 303 279 279 279 280 280 280 319 294 303 302 276 297 294 272 270 195 192 197 188 177 172 247 238 231 225 219 212 211 205 199 204 188
311 310 309 309 310 310 309 312 314 310 310 310 310 309 308 308 308 307 307 282 306 305 303 302 274 301 300 269 272 270 264 269 267 265 264 257 261 290 289 277 272 260 267 276 283 280 281 280 279 278 277 276 276 276 278 302 280 279 279 279 304 305 306 307 324 324 323 295 296 278 274 284 284 276 274 273 271 269 266 264 176 181 177 247 241 232 227 221 218 209 209 198 193 192
313 312 310 310 311 310 310 311 314 312 311 310 310 309 308 308 308 307 307 307 307 305 302 275 301 301 272 268 271 270 268 268 265 265 262 259 271 291 290 268 288 261 267 285 274 275 276 278 280 280 277 277 276 276 277 300 281 280 280 280 305 306 325 295 295 297 296 304 291 281 263 245 240 261 275 274 337 347 269 266 262 256 252 148 247 245 231 225 230 224 212 199 194 190
313 313 312 310 311 311 311 312 314 313 309 309 309 308 307 307 308 307 307 307 306 304 301 276 277 301 271 269 275 273 273 264 262 264 262 269 292 291 290 258 263 264 272 274 273 273 282 282 272 268 265 271 279 284 297 296 306 281 281 307 305 313 303 310 281 310 322 322 305 305 300 282 251 242 268 274 273 271 268 188 181 258 252 249 249 246 241 231 224 226 204 200 194 189
312 313 312 309 310 310 311 311 314 315 309 308 308 307 307 306 307 307 307 306 307 305 303 302 301 278 272 273 273 269 268 262 261 266 272 293 293 278 258 256 264 273 275 275 276 284 275 272 271 267 261 267 272 266 228 293 304 281 308 306 309 299 310 281 309 309 304 294 294 297 304 283 254 241 243 238 235 211 196 192 190 257 253 247 241 238 237 231 219 218 222 217 211 206
312 312 314 312 309 309 310 310 312 315 312 310 308 307 307 306 307 307 306 307 305 304 303 277 277 274 273 274 269 266 265 262 263 271 294 293 293 264 256 256 269 273 272 273 276 277 283 281 280 279 279 271 267 255 278 237 304 306 307 307 312 307 310 281 309 307 304 304 294 279 271 265 247 227 226 223 226 230 269 192 186 258 254 249 242 236 231 226 219 214 223 218 212 207
310 312 314 313 309 309 310 309 312 316 313 310 308 307 307 306 307 304 306 306 307 306 278 302 300 273 272 272 267 266 266 266 276 294 293 293 274 258 257 268 270 269 272 273 273 273 277 282 283 279 281 283 279 280 277 277 303 305 316 317 321 306 313 281 310 302 320 308 305 295 290 302 301 285 249 237 245 271 269 266 262 258 254 249 242 236 231 226 220 215 209 204 214 193
308 309 311 313 311 309 310 309 312 316 314 311 308 307 307 306 305 306 305 307 304 303 301 300 299 298 298 297 268 270 295 295 295 294 294 293 261 260 266 272 289 273 271 271 269 270 274 277 280 280 281 285 284 287 278 300 305 311 302 297 295 304 309 236 246 265 276 292 302 301 307 309 278 277 276 274 242 224 218 266 262 258 254 250 244 237 232 226 220 216 211 208 201 195
308 308 310 311 311 310 310 309 311 315 315 312 308 308 307 307 309 307 306 307 307 303 301 300 299 298 298 272 271 273 296 295 274 272 273 262 260 263 271 271 273 273 270 270 270 273 273 273 273 275 276 277 276 271 255 236 259 265 282 288 283 276 265 238 241 245 242 246 264 271 268 251 251 257 268 261 234 221 217 265 260 256 253 248 243 238 232 228 222 217 212 209 206 199
309 310 311 312 311 309 308 309 310 313 316 313 308 309 308 308 308 307 306 308 308 303 304 301 300 299 298 297 273 273 296 271 268 271 267 262 261 268 268 268 268 269 270 276 281 284 277 273 269 268 271 268 263 255 246 233 241 255 284 296 288 271 250 240 243 245 244 246 250 251 249 241 235 230 231 234 229 268 266 207 260 255 252 249 244 239 233 228 223 219 215 210 207 201
311 312 310 310 311 310 310 310 309 310 314 313 308 309 309 308 307 305 304 305 305 303 302 301 303 300 298 298 297 297 269 268 295 270 261 260 268 271 292 264 290 271 279 287 286 285 284 274 269 263 263 258 255 249 253 252 232 229 236 270 263 244 241 240 244 244 248 250 252 256 253 256 255 239 232 228 222 218 264 262 258 255 252 249 245 241 234 229 224 220 217 212 221 205
311 311 311 311 313 313 315 314 311 311 314 313 312 311 311 307 306 305 304 304 304 303 302 304 304 300 299 298 297 297 267 295 271 267 263 264 270 292 261 262 290 274 288 278 276 270 266 266 264 261 258 255 251 247 252 251 250 250 233 240 247 235 234 239 247 250 245 246 254 262 262 264 261 243 232 230 223 266 264 262 258 254 250 247 244 239 234 229 225 220 217 213 209 218
312 312 312 312 312 312 312 313 313 315 313 312 312 311 311 310 307 309 306 305 307 304 303 305 301 300 299 298 297 296 296 295 294 294 265 272 293 264 259 266 290 290 274 270 266 260 260 265 264 261 257 252 247 252 251 250 251 250 250 234 240 235 233 236 245 256 255 253 254 256 252 248 246 239 232 227 267 265 264 262 259 256 251 248 244 240 234 231 225 221 218 215 224 219
312 312 312 311 311 311 312 314 313 314 313 312 311 312 312 309 308 308 307 305 308 304 304 305 301 301 299 299 298 297 296 295 295 294 293 271 262 260 262 269 290 290 272 270 266 258 256 260 260 254 253 250 251 251 251 250 250 250 250 235 234 233 233 234 236 244 253 261 253 242 238 246 241 239 235 228 266 264 262 261 258 255 252 249 244 239 233 230 237 224 220 215 213 220
313 313 313 310 312 312 315 314 314 316 315 317 316 314 315 309 307 308 306 305 305 305 305 303 303 301 300 299 298 297 295 295 296 294 295 266 292 260 268 290 290 289 271 266 259 256 256 257 256 249 250 250 249 250 250 278 250 250 278 239 277 233 277 236 236 236 238 251 260 245 234 242 249 248 270 268 266 263 261 259 256 251 249 246 243 237 243 230 237 224 223 228 225 222
313 314 313 312 312 313 314 315 316 316 315 313 314 316 315 313 310 307 309 305 305 305 305 303 302 301 300 299 298 297 296 296 299 296 294 263 261 291 291 274 290 269 266 259 257 256 257 257 251 250 250 250 278 278 278 278 277 277 277 277 238 276 236 276 235 234 235 239 259 260 236 233 235 241 269 267 264 261 258 256 254 250 247 244 242 237 243 230 236 234 231 229 226 223
314 314 314 314 311 314 316 315 315 316 315 313 312 312 314 314 312 311 310 306 306 309 304 302 302 302 301 300 298 298 297 296 300 299 293 292 291 291 291 291 289 264 262 258 259 257 258 253 251 251 249 248 277 277 277 277 277 277 277 276 276 237 236 236 276 235 236 235 245 264 244 233 233 230 230 265 263 261 257 254 252 250 247 244 242 246 243 240 237 234 232 229 226 224
315 314 313 313 312 313 316 316 315 316 316 314 313 313 313 314 314 312 310 307 310 309 305 304 303 302 301 300 298 299 297 301 300 295 293 292 293 292 291 290 264 260 262 262 263 261 259 252 251 251 250 248 249 277 276 276 276 276 276 276 275 240 237 238 238 238 235 234 235 258 254 235 232 232 266 264 262 260 256 253 251 249 246 243 242 244 242 240 237 234 232 230 227 225
315 311 314 315 311 312 314 316 315 315 317 316 315 314 314 315 316 313 311 311 311 306 305 304 303 304 301 300 299 302 299 301 300 299 293 292 293 292 291 266 289 261 265 264 265 261 254 251 251 252 251 250 276 276 276 276 275 275 275 275 275 275 238 239 240 240 274 235 235 240 253 258 269 267 265 263 261 258 255 252 251 248 244 241 238 237 241 238 236 234 232 230 228 225
315 311 313 315 311 313 313 312 314 315 317 318 316 312 314 315 318 315 311 307 311 306 305 304 304 305 302 301 299 303 303 297 296 294 293 292 292 291 290 289 288 261 263 262 263 283 282 251 252 254 254 250 276 276 275 275 275 275 239 275 275 274 239 239 273 273 272 236 236 235 236 236 234 265 263 262 260 258 254 252 249 246 243 241 238 235 232 238 236 234 232 230 228 226
314 314 311 312 315 314 316 317 315 314 317 318 317 315 313 314 317 316 312 312 311 310 305 305 304 304 303 302 300 303 303 297 296 294 293 292 291 290 289 287 286 263 263 262 284 254 280 253 255 254 252 276 275 275 275 274 274 274 274 274 274 274 273 272 272 272 271 273 235 235 235 232 265 263 261 260 258 256 253 251 249 245 242 240 246 243 241 238 236 234 232 230 229 226
314 315 315 311 313 315 315 317 316 314 317 319 318 316 311 314 317 317 313 312 312 307 306 309 304 304 303 302 301 302 303 303 295 294 294 294 292 290 289 288 286 285 265 284 282 281 279 253 253 251 276 275 275 274 274 273 273 273 273 273 273 237 238 238 236 271 271 270 247 262 240 266 264 261 259 258 257 256 253 251 248 245 250 247 245 243 241 238 236 235 232 231 229 227
