examples/cougarCreek-fire/createInputs/WindNinja/wrfout_d3.2015081012.f12/cougarCreekFire_08-11-2015_0000_217m_non_neutral_stability_ang.asc
ncols	146
nrows	140
xllcorner	610065.000000
yllcorner	5095217.000000
cellsize	216.586807
NODATA_value	-9999.000000
[rows 42 to 83 of 140, columns 0 to 93 of 146]
306 306 307 307 303 309 307 312 311 313 314 297 295 285 280 277 274 282 292 295 294 287 277 266 275 285 283 277 276 272 257 254 235 197 194 289 8 25 345 329 330 295 289 289 293 313 272 268 260 264 251 264 266 268 270 273 278 283 290 300 316 335 357 17 30 38 42 44 45 46 49 53 57 61 65 68 70 70 68 65 131 125 79 79 72 74 80 85 86 85 85 87 123 105
307 307 307 308 306 276 309 310 312 313 297 289 279 277 276 276 281 287 292 293 288 276 266 275 281 287 278 276 275 271 254 244 229 224 224 238 322 326 348 315 316 318 315 308 281 283 284 280 260 251 257 258 260 262 263 265 267 271 49 286 301 325 353 16 29 36 38 40 41 42 46 50 55 60 66 71 77 80 78 74 73 72 115 84 77 78 80 85 90 92 90 91 128 118
308 308 309 309 310 306 309 310 312 294 284 281 279 277 276 277 277 278 286 284 277 274 274 274 282 283 277 275 275 272 257 253 241 237 244 246 227 225 335 310 300 305 283 282 283 291 319 337 282 256 252 254 256 257 258 259 261 265 270 277 291 313 348 1 11 20 26 26 28 30 34 38 38 40 45 69 78 87 93 91 86 80 146 88 82 102 83 85 90 96 96 94 128 122
308 308 310 310 305 307 309 310 311 280 283 279 280 285 281 276 277 280 289 286 279 274 275 277 279 279 276 272 275 267 258 256 250 283 252 247 249 252 316 309 313 284 282 284 286 295 312 341 308 255 249 251 252 253 254 254 256 259 263 306 319 329 348 2 13 42 58 58 51 57 63 62 63 67 69 67 65 76 106 122 114 94 157 98 86 87 104 88 91 97 100 98 98 115
308 308 275 310 304 305 282 284 278 284 278 280 288 284 278 276 275 294 293 291 285 277 268 267 279 278 275 275 276 268 255 253 249 246 290 288 322 333 312 318 298 295 295 308 298 297 280 216 237 237 245 248 250 251 250 250 250 277 281 336 350 351 5 40 49 64 64 60 79 100 102 104 94 74 83 92 80 80 92 118 133 117 93 130 91 90 91 92 93 97 102 103 101 102
306 281 302 310 311 304 287 278 277 278 279 288 291 286 285 293 312 302 294 289 278 268 269 262 273 275 274 277 275 265 257 249 248 246 292 303 354 17 311 289 329 292 272 276 275 238 209 197 191 221 242 252 251 251 255 257 260 308 345 59 68 68 81 91 97 96 91 93 103 106 104 101 92 89 89 98 103 82 80 97 135 137 102 93 96 93 95 95 96 98 102 106 105 104
304 272 281 284 279 282 280 277 283 279 288 310 294 296 312 313 304 301 293 284 278 272 270 268 276 275 281 277 278 271 262 255 251 248 289 295 333 88 250 248 222 246 240 230 242 214 207 196 210 230 246 273 278 275 286 301 4 137 171 170 153 125 123 141 137 127 120 114 110 104 94 92 96 97 97 97 105 116 93 94 108 126 108 100 139 105 97 98 97 99 103 107 108 108
273 297 277 285 302 276 281 304 305 288 290 310 311 313 300 292 287 283 282 280 278 265 266 277 278 278 280 276 276 280 265 261 262 248 260 282 312 106 249 219 235 245 234 223 204 227 223 230 235 239 271 279 204 174 137 149 150 151 160 172 194 192 180 143 120 116 111 102 98 97 98 97 92 95 104 95 94 91 83 86 86 102 111 109 104 100 133 91 100 101 89 105 107 109
299 282 284 298 296 310 312 306 306 307 310 312 313 298 287 285 283 284 283 280 279 265 265 265 272 277 292 276 283 276 262 264 262 248 250 264 259 135 248 250 219 243 235 227 220 210 199 197 202 212 204 202 209 209 200 178 218 209 161 161 185 190 193 189 135 111 102 91 102 97 87 97 89 96 100 93 80 73 103 90 100 107 112 113 111 107 103 101 100 103 93 90 107 110
296 298 298 297 311 312 305 305 307 309 312 314 313 292 288 288 285 284 282 280 283 283 263 274 262 276 276 293 286 273 262 266 256 249 247 254 224 197 239 247 244 243 243 223 253 248 241 235 232 214 211 211 225 214 228 164 218 208 201 155 156 178 190 195 181 155 134 116 115 129 136 121 120 122 124 126 124 126 108 110 106 109 111 112 113 112 109 106 103 103 113 97 87 111
276 297 278 311 312 304 305 306 294 310 311 293 290 290 290 289 286 284 283 283 284 282 282 305 270 306 305 298 281 267 259 263 253 248 255 260 232 208 229 231 244 253 256 240 214 249 241 245 241 235 225 225 225 224 226 238 194 207 147 152 149 149 177 192 183 171 169 158 149 150 145 155 145 129 125 122 118 115 112 110 103 110 110 111 112 112 111 110 108 106 106 107 108 110
298 281 310 311 302 302 290 289 292 296 289 295 312 309 307 307 307 284 283 284 273 285 282 273 281 308 289 282 272 259 254 258 254 246 258 261 230 242 253 278 262 262 266 258 228 247 239 245 241 236 234 232 230 224 224 214 187 183 197 191 187 184 199 193 187 180 172 164 158 153 146 140 135 131 127 124 115 102 117 115 113 112 122 110 111 111 111 111 110 109 108 108 110 111
302 284 301 301 286 286 289 291 293 294 293 312 309 307 284 286 305 285 284 286 308 308 277 264 285 289 278 270 268 256 254 261 259 243 279 251 220 206 244 244 237 240 258 260 259 253 244 245 239 234 232 231 229 227 222 219 213 206 201 198 194 207 203 197 190 182 174 168 162 155 148 143 139 136 132 129 126 123 120 118 116 115 113 111 111 111 111 111 110 110 110 111 112 112
301 297 301 285 304 300 301 291 291 293 312 312 308 306 287 287 305 286 307 308 284 269 267 275 274 276 269 269 272 257 248 262 258 244 240 285 229 233 227 219 213 209 229 246 253 256 252 247 240 233 230 230 229 228 227 218 214 222 219 217 215 211 207 201 194 186 179 174 167 160 154 149 145 141 136 132 128 125 122 120 121 121 119 101 114 113 111 111 112 113 113 114 114 114
291 306 295 294 310 296 301 288 308 309 308 306 307 307 288 304 305 305 310 272 272 268 265 276 279 272 274 280 273 257 249 257 257 243 245 240 232 233 233 226 222 218 214 221 243 246 248 246 243 236 231 229 228 228 229 228 227 225 222 219 215 210 205 200 195 190 184 178 172 166 161 157 153 147 141 135 131 129 127 125 124 112 121 119 118 112 116 116 116 116 115 115 117 117
304 307 292 308 309 311 300 303 312 313 313 298 313 315 302 302 301 287 281 276 268 264 263 299 278 272 280 281 266 251 251 265 266 252 262 268 230 228 232 221 219 218 205 214 220 240 241 242 239 236 233 229 228 228 229 228 226 224 221 217 213 210 206 202 197 193 188 182 177 172 167 163 159 154 148 143 140 136 132 97 126 125 124 122 120 119 118 117 129 129 116 117 118 119
306 309 311 310 311 303 299 312 313 314 299 299 312 312 287 298 304 307 309 306 267 263 307 306 278 277 300 278 257 255 264 269 267 255 242 276 227 229 213 218 206 201 203 210 208 226 245 234 232 230 229 228 215 229 229 227 225 223 220 217 214 211 208 204 200 196 191 186 182 178 174 169 164 159 154 150 100 101 105 100 130 128 126 125 123 121 119 115 117 118 119 119 119 120
306 311 314 313 313 297 311 313 314 297 299 312 297 311 310 310 308 308 310 312 268 299 309 299 274 299 300 272 255 261 273 268 259 250 241 256 241 229 227 224 220 206 201 212 212 199 202 229 207 225 223 223 224 227 227 226 225 224 222 219 216 212 209 206 202 198 150 191 187 183 178 172 167 162 109 95 113 111 108 106 134 131 129 128 126 124 123 122 121 121 120 121 121 121
307 312 315 313 297 310 311 313 295 300 312 312 313 313 313 311 304 310 312 313 281 279 278 271 296 299 281 267 266 274 273 262 254 248 242 244 232 230 223 223 222 219 215 200 213 212 209 198 194 222 225 184 219 222 224 224 223 223 221 219 216 213 210 195 164 201 199 195 191 185 180 174 126 115 115 113 115 105 115 117 112 110 110 108 105 105 105 125 123 123 122 123 123 123
308 312 313 311 311 309 311 314 313 313 313 314 316 316 314 311 304 312 314 310 300 268 269 297 299 298 295 274 276 273 263 254 254 247 243 238 242 230 224 222 224 219 216 200 196 199 198 196 195 222 228 225 223 223 224 223 236 229 222 223 224 223 217 200 207 204 201 197 192 187 171 127 120 116 120 108 115 122 129 130 128 127 123 123 122 121 120 116 125 125 124 123 125 125
311 312 311 309 310 309 311 313 312 313 315 316 316 313 304 287 313 314 315 307 300 270 266 279 298 296 279 278 276 268 256 255 260 246 243 237 231 231 225 224 222 221 215 215 199 198 195 203 202 224 231 229 228 190 227 226 220 223 171 149 214 222 214 209 208 215 200 219 205 156 111 116 110 123 106 121 127 128 125 129 128 128 127 125 132 119 119 119 127 126 126 125 125 125
315 314 310 309 309 308 310 312 313 315 316 314 313 308 298 302 315 316 310 279 270 268 267 267 295 294 279 279 274 267 258 264 262 242 243 236 232 227 226 225 222 221 220 218 215 212 211 196 192 225 233 231 231 188 228 228 217 226 183 177 219 216 135 132 132 198 204 155 164 128 123 121 116 112 119 127 132 140 128 126 130 145 130 128 136 115 115 117 129 128 128 127 129 126
319 317 313 311 310 310 312 314 316 315 309 308 312 313 296 312 316 317 305 277 302 295 264 267 277 276 279 278 269 264 262 256 253 246 241 235 237 229 227 231 223 222 198 213 214 214 212 230 227 191 225 234 232 230 229 229 229 216 226 182 221 212 217 174 163 155 161 167 200 169 146 159 152 151 148 131 139 136 118 118 123 129 145 142 138 136 134 123 131 130 130 129 128 128
321 319 316 314 315 316 316 316 314 304 300 301 296 299 311 311 315 314 300 280 309 292 265 264 275 289 291 278 271 268 263 249 245 245 240 240 235 232 230 232 225 217 202 219 217 215 214 212 227 224 221 234 232 232 212 231 230 229 228 176 224 221 220 180 176 161 162 161 178 178 150 145 152 158 155 126 106 108 107 111 113 110 113 113 111 113 136 135 133 132 131 129 132 129
322 320 316 316 318 321 318 312 307 303 299 296 287 297 309 312 316 307 314 299 310 308 306 307 268 291 292 290 276 270 257 250 247 244 245 241 233 232 235 233 228 219 220 194 243 238 234 232 228 217 225 223 235 185 233 232 231 230 229 228 158 224 177 180 179 171 186 167 155 149 147 166 142 149 151 125 121 117 104 113 118 119 115 109 102 101 141 138 135 134 133 134 132 133
326 323 318 315 317 319 315 310 305 301 295 289 285 294 308 312 318 303 313 270 295 293 306 306 266 290 291 290 271 258 251 251 247 244 240 238 237 238 233 240 228 223 224 256 248 209 193 194 186 214 198 224 218 236 204 234 232 231 230 143 228 178 179 222 182 172 172 211 208 148 144 143 146 151 162 176 181 177 172 167 164 160 155 152 149 146 116 113 139 136 135 135 134 134
327 324 319 311 312 310 307 307 296 294 289 309 307 314 305 313 319 277 297 297 295 269 307 268 263 304 301 290 263 256 246 248 246 238 237 242 237 236 236 236 232 230 259 261 257 249 241 186 228 198 191 240 238 237 237 188 234 232 232 190 167 179 196 173 197 191 188 212 210 169 143 136 159 156 140 169 174 151 177 171 121 101 97 107 115 120 145 112 140 139 138 138 135 135
325 322 317 305 305 293 292 292 292 292 288 292 283 313 305 313 319 317 274 311 291 268 264 262 266 304 300 289 258 256 251 248 246 245 238 241 241 238 237 237 239 246 224 258 254 246 239 235 232 228 224 240 239 239 239 238 191 234 233 227 158 229 227 157 170 165 161 215 213 211 166 147 144 166 137 139 151 185 102 177 172 167 162 158 154 151 148 146 143 141 140 139 137 136
324 320 315 304 302 289 289 291 291 290 287 288 289 310 308 314 320 317 274 311 310 267 286 266 290 304 295 278 259 254 260 243 247 243 238 249 239 237 237 243 243 236 232 252 252 244 190 190 233 230 243 241 241 187 240 239 237 235 234 233 221 229 228 227 225 150 154 165 215 213 189 169 158 159 154 148 144 187 122 111 113 108 108 101 107 156 153 150 147 101 144 142 140 139
325 320 315 314 301 287 289 300 291 288 288 287 316 284 312 316 321 316 276 310 278 270 306 288 305 303 292 262 251 259 260 250 290 288 241 242 243 237 238 244 237 236 236 222 253 250 238 186 230 227 228 243 219 189 185 240 238 237 235 234 233 199 229 228 226 225 223 142 162 216 214 175 160 152 150 153 154 147 142 134 178 173 135 173 98 104 103 102 118 112 104 104 108 144
325 319 315 315 301 287 289 300 289 288 288 288 288 300 316 319 322 315 293 310 309 308 306 289 305 294 287 260 254 263 257 250 249 239 250 246 239 263 235 245 237 229 251 238 220 251 240 186 230 247 230 245 181 195 242 241 240 239 237 236 235 234 189 203 200 226 146 222 220 183 217 170 154 142 141 150 167 159 162 151 134 132 139 171 163 154 145 151 153 150 154 131 124 122
321 318 315 315 300 290 290 300 288 288 289 289 289 313 311 319 322 315 310 309 309 308 306 275 305 294 266 259 269 281 249 251 248 251 261 247 266 235 236 247 234 230 251 239 221 250 189 236 232 249 225 246 182 244 190 242 241 240 238 237 237 236 221 185 180 179 198 164 153 149 149 150 151 149 149 157 171 167 168 166 137 131 134 154 172 164 141 137 146 151 149 149 129 123
317 316 315 315 298 290 290 290 288 287 287 287 315 281 310 316 321 314 310 309 309 308 306 290 305 291 264 273 282 256 249 250 246 271 261 242 267 235 237 249 239 230 230 233 248 246 243 238 233 231 249 183 183 245 244 183 243 242 240 239 238 237 236 193 177 178 175 176 178 184 184 176 176 214 166 167 171 169 168 171 158 133 132 134 149 165 150 126 128 147 149 148 145 124
315 315 315 300 297 297 297 289 287 286 296 288 285 280 310 316 320 314 310 273 310 308 306 306 293 286 266 285 260 259 244 250 253 276 254 245 267 239 237 245 240 229 228 249 250 222 259 187 255 228 250 250 190 247 246 205 188 243 241 240 239 239 238 221 181 203 177 198 197 178 222 220 179 183 213 173 170 174 168 165 162 134 120 125 133 151 155 138 123 123 141 149 148 141
315 315 314 297 297 296 297 297 287 299 315 314 314 282 312 317 319 314 281 310 309 307 306 305 288 269 269 265 260 256 248 251 257 260 240 271 267 241 257 244 241 231 228 233 251 248 198 259 255 228 252 250 249 248 247 221 188 244 243 242 241 241 240 238 200 183 180 180 200 177 185 196 195 179 187 185 170 174 176 155 148 132 134 129 132 151 142 140 129 120 153 125 149 148
314 314 314 296 296 298 299 296 297 303 317 304 315 314 313 317 317 312 310 309 308 307 306 288 283 271 269 263 258 260 257 244 261 252 248 272 284 243 258 242 257 249 246 245 252 251 224 258 256 229 253 252 251 250 249 222 188 245 245 245 184 243 242 240 216 187 186 184 176 187 178 188 189 181 218 214 211 171 186 165 157 155 139 136 139 171 146 128 129 122 111 153 122 148
314 314 314 295 297 316 298 288 298 301 300 288 315 314 314 317 316 311 310 309 308 307 306 293 274 268 266 262 259 263 262 244 250 243 264 286 284 256 247 251 252 249 247 245 247 246 241 216 257 230 230 254 252 251 250 250 187 189 188 247 245 244 243 242 241 189 182 181 179 232 230 228 175 176 220 217 188 192 136 158 170 172 159 147 145 173 169 145 141 142 132 122 152 147
314 314 314 297 296 315 296 295 297 298 297 288 285 312 315 317 314 311 310 309 308 307 274 305 305 267 266 265 260 262 264 246 244 244 264 286 284 256 254 249 253 250 247 246 246 244 241 238 200 257 230 255 254 252 252 238 251 187 199 248 247 247 246 245 243 219 180 177 174 233 231 231 229 177 190 197 217 212 135 146 166 177 171 159 146 175 171 169 165 162 159 138 128 149
314 314 314 296 296 315 314 295 296 296 294 287 295 312 315 316 313 312 310 309 308 307 294 306 274 266 267 298 261 272 258 246 243 253 264 286 285 256 265 239 253 250 247 246 245 243 242 248 243 258 257 256 254 253 253 253 253 179 230 248 248 248 248 181 245 243 182 177 178 187 182 180 231 229 173 179 219 216 182 157 157 170 193 189 184 178 173 171 167 164 160 158 155 126
314 314 314 299 316 315 315 297 295 294 294 296 293 312 315 315 313 312 311 310 308 275 306 306 284 278 301 298 273 250 270 255 254 248 265 265 259 245 252 280 278 276 248 247 245 243 243 263 252 259 258 257 255 255 256 226 190 252 236 225 249 249 249 249 213 246 222 180 177 189 160 173 180 232 229 226 222 219 187 168 157 200 195 191 187 182 176 172 169 166 161 158 157 128
314 314 314 296 315 315 315 297 295 290 294 315 293 313 315 314 313 312 310 310 279 277 306 306 285 265 301 299 256 252 269 260 256 245 264 263 258 264 258 280 279 277 251 248 246 243 244 265 244 235 259 257 256 258 231 229 231 190 230 236 197 251 250 250 249 249 248 191 180 184 192 188 202 171 232 159 180 223 220 176 164 205 199 194 190 185 181 174 168 167 163 159 159 157
314 314 314 314 315 315 315 296 296 289 296 315 287 314 291 314 313 311 310 280 275 297 306 306 284 304 301 299 257 273 263 263 268 265 262 261 251 284 257 280 279 254 277 249 272 270 269 249 249 239 233 258 259 239 206 230 257 229 226 238 232 200 184 251 251 251 250 217 184 183 178 173 206 205 181 173 172 179 178 171 165 209 203 196 192 188 183 178 172 167 167 161 161 158
