examples/cougarCreek-fire/createInputs/WindNinja/wrfout_d3.2015081000.f12/cougarCreekFire_08-10-2015_1200_217m_non_neutral_stability_ang.asc
ncols	146
nrows	140
xllcorner	610065.000000
yllcorner	5095217.000000
cellsize	216.586807
NODATA_value	-9999.000000
[rows 88 to 131 of 140, columns 0 to 95 of 146]
329 324 317 322 325 326 322 326 294 293 286 276 266 306 340 344 346 250 242 230 219 210 198 358 47 81 107 103 69 69 84 77 38 139 327 60 44 51 149 149 158 163 167 60 115 26 25 47 108 181 45 323 185 310 212 196 238 227 193 249 252 241 246 182 296 309 317 319 350 21 58 61 324 287 143 134 129 132 138 251 248 253 260 294 10 300 326 128 127 116 107 104 103 104 104 102
330 325 326 324 325 322 324 329 293 294 286 308 268 266 347 351 344 239 229 219 211 202 191 27 96 198 191 138 69 82 175 76 53 140 146 45 53 49 159 158 164 13 170 59 129 358 345 60 119 119 121 337 182 183 232 195 223 215 226 233 284 215 223 253 277 262 291 295 302 317 354 16 32 351 250 274 273 226 129 225 243 241 135 128 250 122 116 125 124 121 113 109 106 106 106 105
332 326 327 327 326 327 329 327 292 294 288 316 271 270 346 265 344 235 221 212 205 196 337 82 204 198 194 92 81 88 93 78 62 103 149 4 90 69 168 167 167 136 168 162 128 247 313 127 191 188 138 304 183 182 188 193 188 206 187 188 252 281 180 253 274 276 283 290 285 290 306 350 161 170 161 304 293 303 274 138 142 135 126 123 112 109 114 120 122 122 117 112 108 107 107 105
332 325 324 326 323 325 328 329 287 291 289 279 267 265 268 355 335 228 212 206 199 193 11 95 199 193 108 90 91 113 96 74 88 55 181 3 107 78 173 119 141 114 166 300 103 298 143 193 191 189 193 191 258 233 219 201 184 205 215 185 252 216 266 227 300 172 301 238 255 262 264 306 164 178 354 290 300 317 291 272 272 279 268 128 120 121 119 120 125 123 119 114 109 108 106 102
335 336 323 325 329 325 331 327 331 279 277 316 253 335 244 347 236 322 204 199 194 296 53 207 193 187 66 84 115 109 63 40 2 354 306 39 95 152 126 174 136 83 169 168 171 158 150 149 189 190 193 188 255 180 184 268 207 210 219 188 222 288 217 228 302 180 174 319 266 265 268 309 165 180 308 272 300 293 285 262 266 278 317 316 304 277 221 270 123 117 115 112 109 109 106 103
340 303 300 297 321 320 334 278 332 268 345 318 242 341 333 339 350 300 201 195 193 294 79 99 187 182 80 95 98 118 125 186 359 34 79 151 187 189 186 176 168 171 175 173 173 151 151 189 187 188 189 190 245 182 185 183 217 253 222 198 203 212 226 235 252 311 313 235 297 252 251 321 171 180 305 309 295 252 142 144 143 142 137 293 328 336 324 122 122 116 98 105 103 102 102 100
309 305 303 301 328 324 339 281 275 269 260 336 331 326 332 335 338 335 201 193 192 239 47 89 186 182 91 81 249 43 66 253 56 111 188 190 190 191 186 176 170 172 176 177 178 183 187 188 187 186 185 194 234 187 187 183 229 180 230 231 198 276 265 175 176 243 298 297 301 265 259 313 178 326 331 21 146 318 275 136 140 137 123 117 121 281 278 331 123 117 312 102 101 110 102 95
342 304 322 300 328 325 293 355 276 335 343 337 334 319 329 327 339 348 205 191 188 334 52 198 192 188 74 205 178 82 182 67 115 142 190 189 188 185 180 176 176 177 177 179 183 187 188 187 186 186 186 184 186 189 188 184 181 180 181 182 278 223 238 178 172 164 161 263 278 280 268 284 328 322 341 1 155 151 139 265 143 144 285 295 284 121 282 318 310 120 106 345 101 97 94 97
305 302 330 322 327 333 293 359 349 354 323 338 341 320 326 317 351 6 210 189 185 64 206 204 199 191 8 265 49 120 134 122 132 191 189 188 186 182 177 177 180 181 180 182 186 189 189 188 189 190 189 188 188 188 187 185 182 179 179 177 238 219 180 178 227 164 158 155 155 273 275 290 278 296 323 349 159 159 147 270 127 131 126 117 320 345 333 336 113 112 301 344 330 89 85 86
309 307 329 329 324 349 360 292 360 6 265 353 348 336 221 327 343 338 209 295 192 206 210 206 200 341 184 45 137 192 135 186 190 190 188 186 185 183 181 179 180 180 181 184 188 190 190 191 192 193 192 190 188 188 188 185 181 178 176 175 174 178 179 176 172 168 163 158 152 148 148 152 152 288 294 332 0 165 161 324 122 118 114 108 280 106 111 115 325 105 100 93 87 81 77 79
306 311 312 335 336 299 352 298 294 280 1 13 341 325 235 233 343 313 307 27 203 208 208 201 77 298 329 196 120 117 144 187 187 186 185 184 183 182 182 182 181 180 180 184 188 190 192 194 196 197 195 191 189 189 189 185 181 178 176 174 174 174 175 174 172 169 164 159 152 229 147 150 149 287 292 307 341 173 170 352 303 294 124 297 114 312 359 123 118 356 360 92 90 83 78 71
301 331 310 337 6 299 336 293 291 4 15 273 342 315 255 305 326 320 326 213 209 102 198 190 187 357 126 135 62 106 144 127 186 185 184 183 183 184 188 189 183 177 177 183 188 192 194 198 201 201 197 192 191 192 191 186 182 179 177 176 174 173 172 171 171 169 164 161 158 153 154 155 278 272 279 293 316 344 182 164 326 133 304 319 328 310 323 121 129 108 346 90 84 80 87 330
309 348 300 352 304 335 339 0 350 281 277 275 332 273 312 226 332 306 331 214 204 196 186 21 74 105 150 307 300 107 193 191 189 186 184 184 186 191 201 200 184 175 178 185 191 194 196 198 200 201 198 194 192 193 192 187 183 182 180 178 175 174 172 206 169 169 165 163 162 160 159 160 155 153 147 275 293 304 188 163 348 320 294 291 312 305 106 309 109 352 331 85 88 87 94 347
320 314 302 20 299 342 6 293 283 2 254 2 322 336 321 315 331 302 322 359 199 191 181 185 196 200 72 314 299 118 200 194 189 185 183 183 188 193 196 193 187 184 184 187 192 194 195 196 198 200 200 197 194 194 193 189 186 185 183 180 178 175 174 172 171 169 166 165 163 160 159 158 256 255 247 247 268 284 310 343 317 302 286 270 258 73 249 269 78 304 80 320 338 72 87 80
326 329 326 302 302 351 293 356 329 22 242 360 360 345 339 334 217 300 316 308 199 62 110 199 202 199 74 358 94 206 204 194 188 185 184 182 183 182 178 181 194 199 194 191 191 192 193 194 197 200 201 199 196 196 195 191 188 188 187 184 180 176 175 175 174 170 225 224 229 234 235 236 235 244 258 270 275 274 288 315 290 284 286 287 300 349 308 308 294 242 237 245 64 65 306 341
328 334 338 324 22 288 341 351 0 295 274 24 248 328 13 2 224 305 205 297 59 204 133 169 71 88 71 9 164 205 121 137 189 188 186 182 176 169 166 177 200 206 201 196 194 193 194 196 196 198 201 202 202 201 197 192 189 189 189 188 183 177 210 177 176 220 223 223 234 241 242 240 232 241 258 272 282 291 304 329 316 302 289 289 322 94 107 335 344 79 328 306 293 305 348 345
330 334 339 334 300 15 274 327 25 294 300 292 354 342 268 330 314 311 206 346 205 124 127 205 26 95 63 353 98 125 7 126 193 190 188 183 177 172 175 188 198 201 201 200 198 196 197 198 197 198 201 205 208 207 201 192 188 189 191 189 183 179 177 180 177 220 221 228 173 170 249 252 255 253 253 259 278 291 299 319 307 300 302 291 305 335 334 115 326 104 92 344 79 1 331 328
345 344 346 340 320 276 5 276 302 24 290 303 297 19 293 284 325 311 201 343 58 211 204 30 23 204 115 205 64 105 200 201 198 193 189 186 185 187 190 194 196 197 198 199 199 198 197 198 199 201 202 206 210 212 206 191 182 188 191 188 183 179 179 182 225 228 235 173 175 175 166 258 259 261 258 258 266 277 275 274 297 309 310 299 303 324 334 333 314 346 99 344 352 74 77 331
353 356 356 350 344 321 293 285 20 285 23 277 340 14 279 270 334 316 197 312 53 88 82 203 209 82 212 203 42 206 205 205 200 194 190 190 193 196 194 192 193 195 196 197 198 197 195 196 199 200 201 204 209 212 209 189 179 186 189 187 183 180 180 184 186 184 178 177 178 177 172 166 161 269 261 254 250 251 252 273 288 300 306 289 277 277 299 311 299 301 81 340 324 55 82 351
7 359 357 356 350 338 325 311 288 290 25 347 6 252 347 1 208 198 192 178 81 103 210 14 214 213 14 359 206 211 207 203 198 193 193 196 143 155 167 190 191 195 197 197 197 197 195 195 196 197 197 199 204 210 209 196 186 187 189 188 185 183 182 187 192 189 239 242 247 250 255 263 271 274 267 261 261 268 286 301 297 294 305 301 277 32 279 293 299 287 338 0 321 300 322 333
7 354 353 355 352 344 333 324 309 15 254 21 249 359 0 2 324 322 334 322 93 224 117 49 57 52 26 43 213 350 203 197 349 196 199 136 202 200 195 191 194 197 198 198 199 161 197 196 196 196 195 194 200 210 211 204 197 192 189 188 186 184 184 192 197 234 245 254 257 258 259 170 273 276 275 276 277 282 289 296 305 300 299 312 318 313 298 295 307 310 316 324 303 271 277 313
11 356 358 351 355 353 342 327 324 312 297 271 15 359 9 350 207 335 351 355 86 96 36 6 65 15 12 210 209 347 196 348 200 205 141 205 138 197 193 194 198 199 198 198 155 201 199 199 200 200 198 194 202 215 217 212 206 198 190 187 186 183 185 194 198 187 239 249 259 180 271 173 278 179 182 286 280 278 281 290 296 294 292 302 321 334 326 324 340 328 312 296 306 318 329 338
5 3 349 357 353 357 353 340 340 335 340 288 10 285 280 347 345 47 199 352 61 29 359 2 31 22 357 38 342 356 11 205 122 135 141 137 134 197 244 199 201 199 198 146 149 158 200 202 204 205 203 204 212 219 220 217 210 201 192 189 188 185 186 195 198 188 235 239 253 262 265 258 256 267 280 279 277 274 279 286 292 297 300 302 311 332 331 326 337 339 337 340 323 335 346 337
1 6 6 353 345 349 353 350 352 339 333 309 304 294 359 356 231 240 259 270 278 252 225 14 31 36 8 14 357 214 21 223 141 142 137 136 204 200 203 126 129 131 134 139 143 150 200 203 206 207 207 208 214 217 217 215 209 202 197 195 193 190 191 197 199 259 257 256 258 258 257 251 250 250 256 273 280 285 285 287 298 299 296 296 302 322 327 319 326 338 343 40 340 332 342 43
5 12 16 6 345 340 336 348 358 358 30 330 19 358 345 4 311 319 316 313 308 295 269 24 33 41 27 234 240 3 56 99 52 223 113 254 208 208 114 120 125 132 128 132 138 202 202 204 207 207 206 207 210 214 215 213 209 205 202 199 196 195 197 201 203 202 203 200 273 272 274 283 284 280 275 278 285 289 287 291 307 315 307 312 311 318 332 335 331 334 336 29 39 339 331 332
14 17 20 18 4 329 322 329 341 354 353 41 11 336 345 358 297 312 319 325 337 3 353 25 46 39 14 4 350 349 357 334 321 230 227 222 218 101 91 103 111 117 122 140 154 208 206 207 208 208 206 207 211 215 217 215 212 210 207 202 197 198 203 205 205 207 209 206 198 281 283 195 294 297 292 289 295 299 302 298 307 323 311 308 309 308 322 335 335 344 341 328 349 332 308 297
18 21 24 22 13 358 339 323 327 328 360 322 298 346 359 353 287 291 293 301 324 31 24 30 59 34 356 353 343 342 338 346 244 241 319 231 24 73 48 58 85 108 140 216 217 214 210 209 210 209 209 212 216 220 222 220 217 214 211 206 199 200 205 268 271 275 276 277 278 281 283 281 281 290 296 300 310 317 318 310 313 324 312 305 302 305 317 328 328 336 349 337 334 349 15 333
18 22 24 17 7 0 358 357 353 320 299 316 9 1 322 300 301 297 293 282 351 20 29 68 68 347 357 346 345 336 343 352 354 329 246 244 20 24 227 28 80 111 135 148 150 215 211 210 211 212 214 216 220 223 224 224 222 219 217 212 205 204 209 207 265 273 279 280 279 277 279 279 281 292 300 302 306 309 304 302 309 320 322 319 316 315 325 332 330 332 334 335 334 17 25 346
15 20 22 13 3 1 4 7 7 6 350 324 359 7 311 317 313 306 316 333 354 23 40 63 19 347 347 337 343 344 340 347 346 338 258 16 13 353 233 36 77 94 106 113 112 112 211 212 214 215 218 220 222 224 225 225 226 226 225 220 213 211 213 272 267 269 274 276 279 280 285 288 291 297 303 306 303 302 294 290 295 304 312 313 311 313 324 331 334 340 328 326 315 316 25 34
11 17 20 13 7 5 3 3 7 8 3 325 298 312 314 316 315 319 331 348 355 29 51 44 329 299 347 340 336 329 341 347 3 358 352 350 261 249 4 44 55 74 90 90 83 58 64 215 217 218 221 223 225 228 228 228 230 232 232 228 221 216 280 219 275 276 274 273 280 292 295 290 295 298 299 303 303 306 304 301 300 301 301 304 309 316 329 329 331 16 5 334 321 33 316 14
11 15 15 11 8 4 0 360 2 4 1 349 330 312 347 314 315 320 330 344 354 31 318 0 305 313 347 339 340 330 336 2 4 354 351 341 330 351 28 45 44 57 64 47 25 224 23 59 222 222 226 228 229 232 232 232 232 232 232 228 275 281 223 223 285 288 285 277 277 290 301 291 289 290 289 291 296 300 302 303 310 322 322 315 314 323 346 335 331 8 8 343 343 327 317 342
17 12 9 7 4 360 360 2 355 359 353 344 332 325 316 20 311 321 19 331 6 26 26 303 306 346 345 344 339 338 337 358 354 350 343 336 342 11 41 40 37 40 33 19 7 11 24 20 356 231 234 234 234 235 235 235 233 231 288 286 283 284 292 291 289 289 291 287 276 279 300 305 299 293 289 295 303 309 318 315 307 320 328 322 319 326 350 344 334 4 14 349 28 19 347 9
9 6 3 3 359 356 0 5 5 354 349 336 323 320 325 333 9 19 38 8 17 317 21 1 350 344 337 344 331 315 327 304 348 350 340 341 2 13 27 32 16 18 20 18 19 24 22 6 1 356 331 240 239 239 238 237 295 292 294 297 295 293 293 297 299 296 289 298 286 278 292 309 309 308 304 300 301 305 319 324 313 313 320 317 311 308 323 331 334 1 15 346 21 17 20 16
8 358 357 357 353 355 6 12 7 351 352 340 328 319 321 313 17 32 17 4 16 30 18 14 355 339 339 343 337 302 337 345 348 352 339 350 15 16 23 9 4 6 19 24 32 30 17 5 4 1 341 328 316 309 303 299 300 297 297 305 310 304 303 307 237 237 296 301 298 281 284 301 303 300 298 298 301 302 314 323 316 317 321 320 308 12 15 17 343 331 11 338 18 9 18 10
359 350 352 355 346 356 9 16 6 358 349 347 337 326 323 335 328 36 323 4 7 10 4 354 320 317 352 349 328 305 328 347 350 350 341 358 10 3 8 358 351 10 23 24 29 21 5 4 4 5 352 338 326 314 307 305 301 298 296 305 318 314 302 312 240 238 311 311 316 294 282 279 285 291 295 302 307 306 314 321 315 319 325 327 329 325 307 17 18 295 325 324 340 12 6 9
345 344 350 351 351 354 9 12 359 351 344 350 342 330 320 333 352 42 11 357 4 5 1 352 325 330 1 312 309 313 319 343 342 340 343 357 1 358 356 348 352 7 12 13 19 4 353 5 10 14 5 342 328 316 311 307 305 301 295 300 320 318 300 312 322 237 237 315 314 304 296 295 300 304 302 301 301 302 311 318 319 319 323 326 335 350 343 337 323 320 328 337 348 1 2 12
342 342 350 351 351 353 360 2 352 345 349 354 346 333 319 326 341 353 15 335 9 7 1 353 325 331 325 316 312 315 319 339 341 340 353 359 0 0 357 357 2 9 11 11 7 360 354 11 15 14 2 337 326 320 314 310 308 304 299 302 316 312 306 310 317 236 234 316 305 301 304 312 316 315 312 307 306 307 313 313 315 325 352 337 334 352 350 359 338 331 44 12 3 359 4 9
348 351 355 343 350 349 350 350 346 344 348 351 347 338 325 322 338 350 335 341 330 3 1 358 350 347 323 318 333 316 319 331 346 354 5 359 359 357 2 3 6 12 14 8 2 5 1 9 8 3 356 340 335 329 320 314 308 302 297 297 302 292 287 288 292 313 323 331 279 262 295 310 317 325 327 317 311 307 310 312 315 326 344 351 334 338 342 342 339 324 322 13 358 7 7 6
351 350 351 352 342 349 348 345 343 343 348 351 349 342 330 325 333 359 331 3 2 352 3 2 326 344 347 345 327 327 320 326 357 3 6 358 358 2 3 1 3 12 6 4 9 10 1 4 8 4 360 346 339 340 334 332 316 243 248 250 252 250 245 243 248 247 292 252 264 269 301 319 317 325 303 330 317 307 308 309 307 313 327 349 344 339 339 346 340 323 314 8 353 4 4 7
345 342 353 334 334 344 344 344 345 344 346 349 346 343 332 326 333 337 16 0 354 357 4 1 331 345 344 338 319 320 333 345 358 4 6 357 359 356 356 359 12 15 7 15 18 8 357 1 17 21 15 4 0 257 259 258 257 259 262 263 261 257 252 250 249 255 265 279 235 195 315 327 318 317 339 340 326 311 309 308 301 302 310 323 339 346 343 345 1 338 324 9 351 356 360 3
337 339 338 344 336 327 331 341 343 346 342 342 345 341 334 326 332 339 345 360 355 355 353 346 349 348 348 328 326 329 340 357 4 9 4 355 348 353 1 8 13 318 318 314 309 7 2 20 293 283 274 275 273 274 274 274 272 270 269 264 259 254 248 240 236 239 252 305 306 229 242 317 315 308 331 339 328 309 302 305 306 311 320 321 321 331 337 339 0 346 330 5 346 352 356 2
327 333 338 335 337 332 334 335 338 343 336 334 338 340 333 327 329 340 347 331 352 352 348 344 349 352 348 333 334 341 346 6 10 5 324 354 351 357 4 6 321 322 321 319 318 318 317 313 305 296 291 288 284 280 277 276 276 273 272 273 271 258 242 229 224 229 243 253 250 247 260 285 308 306 319 332 333 320 307 304 304 302 306 319 325 324 321 320 337 341 341 353 343 348 351 355
316 317 338 336 334 334 332 332 337 332 331 335 332 334 339 329 332 335 333 326 323 349 348 345 347 343 347 338 337 348 357 11 8 4 323 320 351 357 325 325 324 325 325 324 322 323 325 323 312 300 294 288 282 278 276 274 270 267 270 280 295 219 196 194 185 189 239 289 302 299 296 307 300 345 314 322 330 323 316 311 307 299 290 297 323 336 343 331 322 329 337 344 347 344 349 340
308 314 329 330 336 333 334 335 333 336 340 327 334 332 338 331 333 345 331 326 327 326 348 348 348 343 335 337 336 358 7 9 9 5 356 342 348 322 325 327 328 327 327 326 325 4 11 324 316 303 296 291 286 282 278 274 267 262 263 265 157 126 137 155 153 145 133 318 305 306 299 310 323 300 302 306 320 316 313 313 312 313 304 297 297 318 346 344 334 329 342 335 340 341 346 341
