examples/cougarCreek-fire/createInputs/WindNinja/wrfout_d3.2015081000.f12/cougarCreekFire_08-10-2015_1200_217m_non_neutral_stability_ang.asc
ncols	146
nrows	140
xllcorner	610065.000000
yllcorner	5095217.000000
cellsize	216.586807
NODATA_value	-9999.000000
[rows 0 to 43 of 140, columns 0 to 95 of 146]
125 139 125 136 130 151 124 108 92 74 56 27 37 117 115 174 142 131 232 279 288 303 321 334 342 344 325 311 313 289 212 173 215 211 208 212 213 201 193 192 193 192 188 186 188 188 183 184 184 210 183 215 178 197 182 185 212 212 185 188 181 218 183 179 175 217 185 175 170 177 181 184 189 190 183 175 176 183 187 187 189 191 192 194 197 201 209 221 237 268 307 318 326 290 290 286
125 139 125 136 130 151 124 108 92 74 56 27 37 117 115 174 142 131 232 279 288 303 321 334 342 344 325 311 313 289 212 173 215 211 208 212 213 201 193 192 193 192 188 186 188 188 183 184 184 210 183 215 178 197 182 185 212 212 185 188 181 218 183 179 175 217 185 175 170 177 181 184 189 190 183 175 176 183 187 187 189 191 192 194 197 201 209 221 237 268 307 318 326 290 290 286
146 125 119 155 152 128 118 102 113 136 148 165 25 183 152 156 157 137 123 301 316 302 307 320 332 345 181 185 262 249 228 171 164 166 207 216 192 221 217 220 220 222 209 207 217 208 222 216 221 220 210 199 200 197 181 184 211 214 190 209 229 205 203 211 215 210 182 170 201 173 182 188 197 185 177 196 201 181 187 187 188 190 192 193 195 198 201 205 212 223 257 288 309 268 254 258
182 146 130 155 157 142 132 121 121 143 157 171 183 184 176 174 162 145 137 125 321 292 256 292 305 288 198 181 245 228 199 180 159 167 170 170 179 195 203 201 202 203 196 198 197 208 207 194 201 200 199 199 205 201 179 184 215 194 194 200 200 193 187 201 203 186 171 181 203 173 225 201 183 174 170 189 195 180 186 186 186 188 191 193 194 194 195 196 199 201 207 220 238 273 286 238
189 142 142 151 157 142 138 124 187 201 145 163 153 145 187 181 166 149 147 140 127 273 272 216 278 284 225 175 187 189 186 184 161 168 175 172 174 184 197 200 201 195 196 198 194 201 195 188 192 196 204 207 210 200 209 215 209 186 189 184 189 196 189 206 193 172 182 164 171 225 201 176 171 169 191 197 174 181 183 182 183 185 189 192 192 192 193 195 197 199 202 208 215 221 236 254
177 138 152 144 159 156 146 140 137 133 138 151 186 212 202 191 169 145 148 165 152 262 263 183 213 253 202 174 178 183 191 191 163 171 174 170 174 180 196 202 198 191 197 199 191 192 191 188 198 206 208 209 214 203 211 204 189 182 182 183 195 197 198 204 178 185 199 199 221 194 174 177 181 168 170 171 212 180 176 175 178 181 186 191 193 193 193 195 196 197 199 203 210 214 212 211
167 139 152 156 151 159 151 153 140 145 141 145 167 228 242 211 175 151 161 169 173 185 224 228 199 220 187 174 178 191 197 181 169 179 174 166 175 179 191 196 192 194 200 199 190 190 199 204 169 191 194 198 218 215 199 192 188 183 190 194 196 200 208 187 176 197 206 210 199 180 190 202 164 171 174 211 173 174 168 167 172 177 184 190 194 195 194 195 195 196 198 201 207 211 211 208
164 155 147 145 152 160 153 137 134 192 142 145 164 209 226 225 184 174 149 177 186 194 207 215 190 194 175 178 180 177 198 174 177 194 173 163 177 181 186 188 187 191 194 191 192 202 205 180 192 198 218 211 208 200 196 201 193 189 196 199 201 212 200 170 195 205 207 208 190 196 172 171 228 208 165 193 169 168 157 156 163 173 181 188 193 195 195 194 194 195 197 201 205 209 210 209
174 161 161 154 153 162 161 155 145 143 148 210 226 189 256 254 208 180 159 178 193 191 218 217 174 187 180 185 185 202 197 178 194 196 171 168 181 182 175 173 181 186 186 185 169 200 205 200 208 207 204 211 214 207 200 197 192 196 202 206 206 193 184 187 202 207 212 206 199 214 176 218 191 170 205 215 166 155 145 147 155 166 177 184 190 193 195 195 194 195 197 201 204 207 209 210
182 168 156 147 149 148 154 158 156 157 157 156 163 184 208 235 222 211 159 170 198 182 183 201 188 192 190 195 187 195 200 184 190 186 171 172 180 175 168 169 184 191 185 181 198 175 195 195 198 201 207 214 219 210 201 193 194 197 205 200 183 166 194 203 207 207 208 204 207 215 209 183 185 202 211 163 160 143 141 144 150 160 171 180 187 191 194 195 195 195 197 200 204 206 209 212
226 184 167 154 149 147 149 153 155 156 158 165 172 180 239 237 234 217 168 143 163 148 166 178 188 188 195 200 187 200 206 185 188 188 170 169 173 170 168 175 186 191 159 199 204 176 198 194 202 203 193 216 208 190 183 189 193 193 195 180 176 188 207 213 203 200 207 207 210 218 208 198 203 200 199 166 155 144 143 146 148 155 167 175 181 186 191 195 195 195 196 199 203 206 209 215
228 190 184 170 163 154 149 150 157 162 165 174 185 187 200 192 254 212 174 155 159 145 157 160 182 180 199 198 189 205 205 187 193 186 171 167 166 167 172 173 179 148 189 158 168 175 198 197 203 211 218 209 193 182 183 193 193 192 190 173 182 203 213 211 208 219 160 160 163 166 218 204 172 200 171 164 152 146 147 146 144 152 164 168 174 180 186 191 194 195 195 196 201 207 212 219
186 181 180 180 171 165 149 146 155 160 171 179 192 199 245 251 253 182 156 153 141 144 146 146 174 201 201 195 190 181 201 188 186 176 170 166 166 169 169 155 170 149 153 195 166 198 193 195 207 206 206 201 186 179 192 200 196 197 195 180 187 162 222 218 150 152 151 150 155 164 165 161 185 193 165 160 151 149 153 149 218 150 160 161 166 173 177 182 189 193 194 194 197 206 216 221
206 205 181 162 165 165 155 173 196 201 169 175 182 195 239 252 262 194 162 148 138 135 147 137 162 197 201 194 196 178 203 194 178 175 166 162 168 170 164 156 170 153 161 161 196 190 187 197 201 201 198 194 186 183 198 202 205 206 205 209 196 164 160 232 240 245 236 230 228 208 149 151 154 154 155 153 148 148 153 152 146 150 156 157 161 166 166 167 176 185 191 193 189 199 221 225
197 166 176 156 158 156 157 147 137 195 204 166 172 179 188 247 255 241 181 166 158 145 157 156 149 190 192 193 200 172 209 191 170 169 162 160 168 166 152 149 152 160 167 192 191 183 189 193 203 204 194 193 191 191 201 200 206 214 213 218 232 240 245 235 224 206 199 196 190 121 168 217 145 192 144 145 143 137 138 145 147 148 153 155 158 161 159 154 155 168 183 189 182 184 223 233
130 138 149 150 153 161 165 164 153 137 187 161 167 168 180 194 232 228 191 180 174 162 169 176 152 153 183 195 203 166 202 177 171 159 160 163 162 149 140 138 191 159 165 191 188 186 188 199 203 198 188 196 201 199 199 201 213 220 212 213 225 228 213 205 195 190 203 191 166 202 226 128 131 127 127 132 139 132 253 126 133 138 146 150 152 155 151 142 135 137 160 187 191 180 230 244
129 135 149 160 156 163 164 165 162 150 142 157 176 170 158 212 220 197 186 174 174 170 182 178 172 160 181 196 167 212 190 169 171 170 163 165 152 144 136 166 144 156 162 165 186 185 192 199 199 193 190 204 211 210 204 213 230 214 218 219 221 209 197 197 188 198 213 188 212 231 210 116 114 104 102 110 128 131 118 109 111 118 129 137 138 134 134 129 121 116 120 318 334 337 324 355
132 133 143 158 160 146 153 161 164 162 145 156 176 183 150 207 216 219 172 196 163 164 185 209 190 170 184 194 165 201 179 170 169 165 168 163 150 143 137 170 142 152 159 186 187 189 193 202 197 198 206 217 221 212 209 231 233 207 222 218 209 204 202 210 211 228 242 234 195 255 270 226 210 229 253 271 93 111 116 111 285 104 107 105 92 92 105 114 112 108 117 143 122 342 281 321
154 147 151 160 167 158 155 165 171 170 154 149 164 159 149 140 136 154 158 151 155 158 176 200 196 182 189 195 197 190 178 171 166 151 170 159 148 144 156 169 174 185 157 161 188 195 201 202 197 201 215 224 220 202 216 227 212 208 219 204 198 211 225 223 225 247 270 132 279 270 236 205 205 176 197 247 285 79 92 102 100 95 91 82 83 90 94 102 107 106 116 134 145 135 9 293
180 167 161 166 170 168 162 168 173 172 158 156 136 151 169 178 163 151 152 142 156 171 176 174 189 191 193 199 195 185 178 172 172 183 156 150 146 146 156 167 173 179 157 163 192 198 202 206 207 213 218 217 199 210 221 213 207 207 206 205 204 216 222 213 231 241 243 256 262 247 225 230 236 86 81 280 283 262 265 301 87 88 85 91 107 107 101 99 100 100 106 120 148 183 10 283
224 182 168 169 168 166 163 165 171 171 155 160 166 141 159 178 183 167 163 149 163 176 171 222 185 191 211 200 192 180 175 174 170 180 153 145 143 143 145 167 152 155 161 166 198 199 204 207 219 223 219 212 204 224 210 199 206 208 212 207 206 215 210 205 220 236 248 253 259 267 271 263 248 206 83 282 285 277 275 273 311 86 93 104 112 109 104 105 109 108 109 116 165 203 240 246
191 180 174 170 172 167 168 169 172 174 161 165 184 164 137 159 164 158 168 157 159 176 160 162 172 187 202 194 187 180 173 169 173 182 146 139 150 138 154 145 152 159 166 170 202 205 212 214 222 205 214 207 216 211 201 200 208 219 222 203 208 215 209 214 219 243 251 262 278 275 238 235 259 341 312 290 256 269 321 326 78 86 94 98 96 92 99 110 117 119 123 136 161 172 173 227
148 150 153 162 167 162 164 162 169 171 164 169 189 189 139 125 134 144 158 152 156 168 165 161 169 187 197 188 187 184 172 167 184 177 134 131 133 134 153 140 150 160 169 172 205 204 210 218 211 202 205 198 199 189 195 204 208 217 213 203 215 218 224 230 239 241 237 242 241 215 191 242 277 77 294 267 246 266 279 283 298 71 72 74 79 91 104 112 117 120 128 140 152 167 181 237
144 142 139 177 151 154 159 166 170 174 170 162 175 186 163 142 137 136 143 167 175 175 168 172 222 177 205 189 189 186 170 168 171 168 139 130 131 133 152 140 150 159 168 204 207 217 217 214 202 203 195 193 193 190 193 202 204 205 207 219 232 232 225 220 219 226 225 227 218 198 233 282 266 256 267 261 284 317 336 277 249 259 58 63 80 97 103 105 108 110 112 116 126 166 190 258
156 125 172 172 138 147 159 166 169 178 177 164 171 187 175 150 142 142 146 161 175 182 180 155 175 154 197 194 186 170 157 162 166 167 153 134 133 141 155 145 156 206 197 207 213 208 207 212 209 207 193 191 192 194 199 215 221 228 231 221 221 233 214 215 221 227 220 225 222 233 253 257 251 262 277 266 276 294 71 75 337 302 59 60 71 81 83 83 85 84 79 71 61 67 170 293
148 118 132 140 149 151 156 164 167 176 179 174 166 174 179 163 146 143 146 149 171 181 181 168 152 160 193 199 167 150 157 165 170 166 157 133 133 153 162 148 159 205 207 212 212 217 218 221 212 205 192 192 194 197 202 226 234 238 224 227 225 226 214 236 242 228 226 238 256 264 275 274 274 283 322 303 350 300 307 69 72 68 62 61 62 62 63 58 54 54 58 60 48 335 334 314
164 144 169 135 152 155 145 154 157 173 178 168 163 160 179 174 156 150 153 152 166 181 179 168 162 166 193 200 151 143 156 165 167 164 151 139 151 162 170 191 200 200 202 204 205 211 213 211 206 196 195 195 196 198 202 205 211 221 228 229 231 226 223 231 234 241 240 250 272 288 287 301 308 312 307 60 54 58 308 312 58 61 60 58 59 60 58 42 28 26 34 45 40 337 332 323
128 108 117 130 139 143 140 133 136 160 170 165 170 155 161 160 153 154 161 159 170 180 178 162 159 163 181 191 147 142 154 160 159 154 151 153 159 169 182 190 194 194 196 201 206 208 206 211 214 200 198 196 196 196 199 204 215 223 227 229 229 238 236 244 251 219 265 266 263 258 261 271 288 307 337 332 336 314 338 306 310 318 58 60 65 65 57 29 9 3 360 300 299 299 304 306
133 130 130 128 125 133 146 147 135 135 174 170 188 142 138 148 150 155 163 162 174 179 175 153 146 161 155 171 150 146 155 158 157 157 158 163 169 180 186 190 194 196 198 205 214 219 220 223 210 202 199 197 197 195 198 209 219 225 233 240 243 245 266 261 272 280 283 282 275 268 269 277 284 293 301 300 300 300 304 295 298 316 59 63 64 57 43 21 4 4 350 347 254 269 280 286
150 140 135 126 121 125 132 151 158 153 164 176 177 175 144 145 152 158 162 160 171 177 170 159 129 112 127 143 150 143 156 157 160 165 165 166 177 187 184 190 196 201 208 217 218 216 222 217 203 200 198 199 196 194 201 213 230 237 243 248 251 252 259 269 274 279 279 280 281 285 283 271 276 284 288 282 283 290 286 299 333 24 322 58 52 47 39 33 31 71 85 63 33 287 275 265
183 159 145 139 131 123 123 131 150 154 165 173 169 196 164 148 164 178 184 183 186 190 176 171 150 130 130 134 143 145 158 161 167 171 174 178 189 183 186 196 201 209 221 223 214 213 213 196 198 196 197 201 201 203 220 234 238 242 247 252 256 263 267 274 274 266 262 261 269 267 260 6 22 268 282 282 300 282 229 244 316 325 335 52 50 52 52 55 66 78 74 57 36 268 253 262
216 189 144 132 130 120 116 123 138 141 141 162 154 153 163 152 163 173 186 194 202 207 195 182 161 147 143 140 140 149 161 158 174 178 184 193 192 182 189 202 209 218 228 232 230 220 214 190 194 197 201 206 213 220 228 231 233 240 248 254 262 271 273 273 271 271 273 275 276 276 277 291 303 305 303 307 314 305 284 292 61 330 61 60 69 75 72 73 75 60 47 39 41 255 259 277
227 208 194 139 123 127 125 123 124 145 140 142 151 160 161 148 148 160 170 185 199 207 208 197 173 152 148 140 141 150 158 161 176 186 193 193 187 187 196 203 209 224 236 238 240 235 230 188 193 199 203 208 214 218 219 223 230 243 257 259 263 268 274 280 286 291 296 301 308 317 319 318 322 303 282 295 304 349 58 60 63 66 67 75 88 94 89 83 81 63 48 46 52 60 295 299
208 207 223 205 162 154 143 132 127 130 149 171 182 172 153 147 141 140 145 160 175 185 195 200 191 164 146 139 140 150 160 165 182 191 198 198 197 199 208 215 225 236 240 245 261 260 269 197 199 201 204 208 213 216 219 226 241 256 266 271 273 276 281 289 292 292 294 298 300 297 294 354 10 25 36 293 306 323 354 53 58 355 65 73 79 80 80 82 84 79 57 45 42 37 311 309
203 209 177 222 198 156 152 152 151 153 154 165 164 165 168 150 141 125 112 123 150 164 172 179 186 173 158 145 139 145 158 169 190 198 205 209 212 219 237 250 255 256 263 268 277 289 297 256 263 271 254 238 239 238 239 245 256 268 277 284 287 286 283 282 285 287 287 290 327 333 341 355 17 295 323 327 324 316 319 336 360 343 60 332 68 69 74 79 84 82 57 40 26 20 292 295
115 130 149 164 197 183 146 141 147 148 144 138 147 157 161 179 185 189 191 166 158 156 158 156 165 168 169 158 144 144 156 172 194 206 213 217 224 234 239 244 253 261 268 270 271 281 292 304 326 330 332 326 306 287 283 278 279 283 288 291 290 286 288 288 305 309 314 316 317 319 328 356 297 33 316 320 320 322 326 329 330 51 20 16 63 66 73 79 83 80 62 40 21 24 296 302
139 137 149 161 196 191 182 146 143 138 130 121 128 137 145 153 159 159 157 151 146 148 143 141 135 144 166 162 153 150 158 175 200 207 208 212 215 206 212 222 231 243 254 264 279 279 281 294 311 333 334 337 331 322 316 311 306 305 304 304 303 301 299 294 293 306 306 303 298 276 280 324 15 18 25 30 32 36 353 42 44 14 16 18 64 71 81 86 87 86 67 39 23 21 305 303
131 134 149 156 153 159 153 140 134 131 122 119 121 120 128 134 134 136 130 121 120 126 125 115 117 122 125 148 149 153 161 196 221 222 224 227 226 224 227 234 233 245 256 265 269 310 318 294 299 315 328 336 334 340 330 326 323 321 320 320 312 312 313 315 318 323 329 334 343 341 305 296 286 8 21 31 34 37 39 41 45 10 24 340 7 79 99 101 101 106 99 51 37 20 277 276
196 195 156 151 140 138 168 175 112 109 100 111 108 104 100 103 106 101 94 92 92 95 97 96 91 88 95 111 118 135 152 168 252 272 279 278 268 231 236 275 273 270 271 280 294 305 312 320 287 304 312 325 326 336 336 334 333 332 329 329 330 332 335 338 338 346 359 4 4 6 8 14 26 38 61 62 53 45 43 44 47 49 52 56 63 40 106 110 113 127 157 138 96 90 76 265
186 145 140 140 132 115 165 104 109 100 104 101 93 97 93 94 92 86 83 86 83 74 85 89 79 74 87 104 81 100 122 159 250 291 308 313 314 315 316 289 286 302 296 292 296 301 302 298 297 299 303 310 313 315 318 328 329 330 332 332 336 340 342 343 346 350 354 2 4 6 10 26 32 40 53 69 78 70 57 49 48 50 54 58 64 322 95 110 112 128 160 162 134 118 109 262
159 108 114 112 163 157 162 98 106 102 103 109 109 109 97 96 85 69 59 57 58 69 88 84 70 71 84 96 103 107 115 149 282 297 301 300 304 310 315 324 319 319 323 320 326 334 332 329 329 317 317 318 313 310 333 330 304 299 326 300 312 334 342 344 346 346 348 356 0 3 7 13 18 37 46 52 58 68 75 67 55 54 57 59 61 323 37 102 106 119 142 158 143 117 107 103
155 148 95 89 153 149 160 97 103 102 109 112 112 107 87 84 65 47 50 63 73 84 86 67 52 58 73 84 102 109 104 346 299 295 289 293 304 308 307 307 316 312 311 314 318 326 334 334 331 331 328 333 336 332 326 324 324 324 334 336 327 337 339 338 338 337 334 325 323 325 330 344 5 11 18 23 46 53 66 76 73 66 63 61 54 44 276 53 104 115 121 138 140 115 97 99
113 75 71 93 104 140 89 103 98 99 109 113 108 93 74 57 45 52 69 77 85 85 70 45 46 58 71 76 79 85 74 355 317 302 291 295 301 302 303 303 306 312 312 311 306 304 309 316 323 333 328 329 337 338 335 337 338 339 341 338 345 336 326 281 294 295 304 318 323 338 341 334 350 47 54 317 1 28 51 57 75 79 71 65 60 55 51 308 47 108 107 109 114 104 95 95
144 137 103 198 151 140 97 101 98 106 112 103 107 60 24 25 37 49 63 77 81 67 45 34 46 63 66 59 58 64 37 344 313 306 303 295 298 298 299 300 300 303 304 300 292 294 300 306 310 317 319 319 325 328 328 328 322 318 293 281 283 299 312 320 323 329 331 340 360 359 8 13 21 27 31 58 48 357 9 44 59 74 64 62 62 64 59 51 50 84 102 92 87 89 96 94
