examples/cougarCreek-fire/createInputs/WindNinja/wrfout_d3.2015081000.f12/cougarCreekFire_08-10-2015_1200_217m_non_neutral_stability_vel.asc
ncols	146
nrows	140
xllcorner	610065.000000
yllcorner	5095217.000000
cellsize	216.586807
NODATA_value	-9999.000000
[rows 0 to 36 of 140, columns 0 to 81 of 146]
6.27 2.35 2.88 3.49 5.83 2.01 1.39 1.24 0.99 0.96 0.85 0.86 0.74 0.57 2.47 1.18 3.08 2.72 0.81 0.55 0.75 1.80 3.79 5.52 5.35 3.57 2.49 2.98 2.92 1.38 2.69 6.73 4.16 3.76 3.93 3.99 3.61 3.65 4.71 5.87 6.45 6.53 6.87 7.56 7.89 7.78 8.19 9.06 9.51 11.70 9.75 19.36 12.08 14.44 13.70 12.61 13.41 24.06 11.41 9.40 8.44 12.97 8.04 7.79 8.72 13.50 8.83 8.65 11.27 13.19 12.65 11.08 9.20 7.44 7.25 9.31 12.42 14.71 15.16 14.79 14.66 14.32
6.27 2.35 2.88 3.49 5.83 2.01 1.39 1.24 0.99 0.96 0.85 0.86 0.74 0.57 2.47 1.18 3.08 2.72 0.81 0.55 0.75 1.80 3.79 5.52 5.35 3.57 2.49 2.98 2.92 1.38 2.69 6.73 4.16 3.76 3.93 3.99 3.61 3.65 4.71 5.87 6.45 6.53 6.87 7.56 7.89 7.78 8.19 9.06 9.51 11.70 9.75 19.36 12.08 14.44 13.70 12.61 13.41 24.06 11.41 9.40 8.44 12.97 8.04 7.79 8.72 13.50 8.83 8.65 11.27 13.19 12.65 11.08 9.20 7.44 7.25 9.31 12.42 14.71 15.16 14.79 14.66 14.32
9.67 5.70 4.81 6.39 10.52 8.77 4.05 0.88 7.07 8.00 7.52 7.12 1.17 2.37 7.24 6.80 8.23 3.64 2.95 0.57 0.80 2.13 4.17 5.30 5.20 4.56 8.95 9.14 3.52 4.18 5.10 14.96 4.67 5.91 3.49 3.74 15.29 13.77 7.62 16.94 15.12 17.87 19.04 19.68 18.45 10.56 17.87 19.88 18.23 20.06 20.96 24.02 22.07 13.55 13.34 13.27 14.36 23.50 10.29 10.19 18.01 21.53 18.21 20.32 18.46 22.71 8.60 9.77 19.75 12.89 12.16 10.12 16.98 7.78 8.83 15.67 18.58 13.92 14.52 14.67 14.85 14.89
7.10 6.50 5.33 8.63 9.03 8.24 9.04 7.37 6.89 2.59 7.07 7.04 1.33 1.72 6.19 5.72 8.19 8.04 7.42 2.88 0.95 2.49 2.89 5.53 5.21 3.66 10.18 9.66 1.90 2.97 14.23 14.56 13.90 15.01 14.47 12.89 14.63 16.44 16.67 19.09 18.22 18.63 18.45 19.26 19.10 19.56 22.38 20.85 22.77 23.59 23.33 21.46 19.81 13.98 12.18 12.76 13.88 22.36 20.45 22.39 21.55 21.73 20.94 21.90 20.51 21.73 10.60 22.95 17.24 12.03 18.49 21.20 9.07 10.45 12.65 18.99 19.53 13.36 13.53 14.35 15.13 15.60
4.15 10.00 5.33 8.73 9.36 8.47 4.40 7.33 1.35 1.63 7.52 7.63 0.27 0.19 2.76 7.28 9.43 7.95 9.11 8.52 1.77 2.72 5.20 12.93 5.34 3.23 2.68 14.15 12.64 13.83 14.61 14.76 16.57 15.68 17.79 16.41 16.58 19.70 17.48 18.14 19.55 19.38 20.61 21.04 19.57 20.76 24.04 24.79 25.06 23.52 23.30 21.57 20.51 14.30 13.60 14.31 25.18 17.72 25.78 12.27 20.62 27.84 25.04 22.32 24.93 12.54 24.93 15.78 14.20 18.82 23.63 11.15 13.17 14.80 22.19 17.00 14.56 13.24 13.47 14.65 15.66 16.19
7.75 9.12 5.00 8.94 9.05 9.19 9.22 9.38 8.43 7.27 6.50 7.45 3.76 0.95 3.15 3.63 10.26 7.76 7.95 3.80 2.62 2.85 5.30 11.25 14.54 2.95 4.82 17.44 16.82 16.95 16.52 19.19 17.70 17.31 19.36 17.16 18.32 19.83 20.86 19.74 21.33 20.65 21.32 21.54 22.02 23.12 23.66 24.60 24.33 22.46 21.52 21.31 18.77 13.54 19.11 25.13 25.69 19.61 13.85 28.12 25.43 28.11 24.28 27.60 15.05 25.86 21.30 15.94 20.67 25.35 12.15 21.95 23.29 15.76 14.85 13.20 16.75 11.39 12.63 14.09 15.11 15.76
10.98 9.28 4.65 4.41 8.35 8.29 8.42 4.32 8.65 8.95 7.60 6.68 7.46 1.94 1.69 4.01 11.07 9.34 3.47 2.99 2.89 2.24 3.79 5.98 16.75 3.49 19.91 18.29 19.84 18.67 16.29 19.60 19.18 17.17 18.59 17.07 18.23 20.62 17.82 19.30 19.47 21.78 21.34 21.38 23.29 19.68 22.23 21.85 15.22 14.64 14.64 14.77 20.13 22.06 23.82 22.96 23.81 26.01 25.02 25.34 25.83 20.66 21.72 28.83 20.57 21.80 21.15 22.24 27.11 14.28 24.36 20.44 13.87 11.64 10.17 19.99 9.68 9.96 11.02 12.45 13.70 14.34
10.82 10.61 9.67 8.73 8.13 9.41 9.63 8.73 7.81 3.29 7.70 6.76 7.09 4.82 4.85 4.41 9.44 9.79 11.29 2.69 3.23 3.41 4.54 6.27 17.39 6.37 9.14 23.36 19.48 8.55 18.19 20.99 16.94 17.64 19.49 16.88 19.06 20.17 19.92 18.82 20.19 21.33 22.08 20.78 20.98 19.82 17.45 12.91 12.36 12.71 20.84 22.56 22.03 21.68 22.65 22.47 23.63 22.33 23.38 22.08 19.88 20.54 27.14 12.87 24.82 21.49 20.80 24.25 25.76 24.33 15.05 12.90 16.88 20.09 8.13 18.94 9.06 8.74 9.65 11.27 12.28 12.53
10.89 10.07 8.73 8.69 8.27 9.15 9.66 9.42 9.21 8.56 8.73 3.64 4.05 8.38 3.84 3.38 4.50 10.71 10.23 2.69 3.53 4.36 4.91 6.49 20.35 8.23 9.59 22.58 18.38 17.05 18.18 19.72 17.45 17.87 20.21 17.27 19.66 20.36 20.28 21.27 22.92 20.75 22.85 24.47 13.49 20.74 19.46 16.09 21.40 20.89 22.79 22.33 19.35 19.71 17.35 19.64 22.63 20.45 18.51 16.36 19.70 21.82 22.96 23.59 19.90 18.56 19.53 23.09 22.06 18.81 12.19 24.50 16.70 8.01 18.46 17.90 7.03 7.37 9.70 11.28 11.32 10.95
10.76 9.77 8.90 9.29 8.07 9.50 9.33 9.51 9.25 8.25 8.28 8.13 7.05 7.81 10.98 5.76 4.91 4.27 13.35 2.82 2.96 4.60 4.37 6.06 8.24 22.31 8.73 21.00 22.03 18.47 17.45 19.81 18.87 19.23 20.07 17.65 19.46 20.98 19.05 20.80 22.77 22.13 24.33 20.02 22.30 13.80 20.52 22.17 19.76 21.55 21.31 17.74 18.60 19.32 23.23 22.60 22.35 20.48 18.93 21.57 22.55 9.32 21.52 18.96 18.68 20.26 21.30 22.74 20.60 19.39 21.72 10.54 10.59 19.85 20.91 7.44 6.85 9.15 11.45 11.68 10.80 9.96
5.47 10.45 10.28 9.02 9.13 8.53 8.09 8.93 8.84 8.44 8.43 7.58 7.42 7.32 5.86 5.87 5.27 5.54 14.54 11.47 3.03 12.38 4.96 5.49 6.90 20.43 7.14 19.27 20.42 16.58 16.71 19.78 17.27 18.85 19.96 19.04 21.48 21.26 20.44 23.50 20.95 22.08 13.51 20.79 20.49 14.34 22.30 20.87 21.47 18.06 13.75 18.00 23.42 22.42 22.48 23.60 23.38 21.45 23.85 21.79 16.08 21.54 18.26 17.13 19.33 18.49 17.97 18.77 17.72 17.98 20.70 18.28 20.86 17.99 20.31 8.88 9.52 11.70 12.26 11.08 9.97 8.88
5.80 10.27 10.16 10.54 10.12 9.62 8.34 8.45 9.22 9.44 8.90 8.42 8.82 8.13 9.08 10.16 3.78 6.24 12.78 14.16 3.31 14.02 5.82 5.48 5.99 13.66 7.23 21.74 21.09 16.65 16.93 20.25 19.09 20.61 20.82 19.51 20.47 20.78 22.25 22.54 24.67 12.67 22.40 13.78 13.58 14.19 22.70 22.90 19.80 17.49 20.99 22.89 23.80 23.58 23.40 23.11 23.26 22.66 23.02 16.92 21.18 18.53 16.64 18.16 17.45 13.07 10.48 10.76 10.69 10.09 14.71 15.16 8.81 20.21 10.62 10.69 11.69 12.27 11.02 9.46 8.84 7.53
8.93 8.47 9.20 9.28 10.19 9.28 9.39 8.01 8.07 10.08 9.61 9.45 10.07 11.73 7.60 6.23 4.77 14.73 12.52 15.55 13.60 15.96 17.78 5.79 4.30 5.48 6.72 18.23 19.12 7.36 18.48 19.08 20.79 8.53 21.93 21.34 22.34 22.06 20.91 10.96 26.94 15.63 15.09 21.63 12.96 20.48 24.58 20.55 20.41 20.83 23.78 25.95 23.95 24.09 24.19 23.68 22.42 22.14 21.73 21.37 13.69 11.27 15.42 13.85 9.37 8.45 7.85 8.04 8.18 7.99 7.68 7.72 15.50 20.34 10.53 11.66 12.55 11.94 9.89 8.60 13.00 6.38
5.41 6.00 5.78 8.42 9.56 9.21 9.12 5.64 6.22 6.82 8.58 10.49 11.76 14.30 10.77 9.69 6.65 12.37 14.82 14.33 14.85 15.66 16.64 15.11 3.19 3.80 18.31 20.11 16.32 7.65 16.43 20.04 21.06 23.00 22.08 21.94 24.05 25.21 12.66 14.87 25.36 17.64 15.27 13.56 18.75 24.93 25.60 23.23 22.82 26.45 27.27 26.60 24.08 25.17 22.78 21.12 19.89 17.38 17.93 15.22 9.20 9.78 8.99 11.72 12.37 12.29 13.96 13.49 14.39 15.05 6.23 8.17 9.12 9.70 10.41 11.01 11.04 9.94 8.76 8.27 7.35 5.85
4.46 4.29 5.51 6.92 7.67 8.27 9.02 9.12 7.56 6.02 6.91 8.09 10.22 12.48 17.44 13.13 10.04 6.69 15.44 15.52 16.45 16.85 17.28 18.39 3.36 3.45 16.57 15.73 15.70 6.47 16.36 19.10 22.54 22.18 22.81 21.18 24.42 25.06 13.71 17.04 17.99 16.14 14.42 19.23 25.99 26.22 27.39 21.91 23.30 28.00 30.26 28.79 27.88 27.38 25.27 23.48 19.73 17.01 16.09 14.03 11.99 12.78 14.17 11.11 12.21 15.08 15.45 15.62 15.11 5.64 11.64 11.93 8.15 8.21 9.20 8.92 7.92 6.97 6.96 6.76 6.13 5.40
6.42 6.85 7.40 7.78 7.74 8.56 9.51 9.15 9.16 7.57 4.99 6.96 9.58 10.21 12.61 18.22 14.70 12.83 20.92 19.05 18.87 19.54 18.40 18.44 18.31 15.88 16.12 17.25 14.86 5.62 16.36 20.95 22.01 9.10 22.18 22.78 21.90 11.11 13.82 16.09 18.61 14.59 15.24 22.35 28.04 27.07 22.93 22.12 24.05 31.47 30.47 30.32 28.57 25.49 25.04 22.63 18.19 18.62 17.42 14.82 15.13 16.32 15.86 15.80 15.42 14.45 14.70 15.43 9.59 14.58 12.41 7.76 6.79 7.11 7.47 7.09 6.08 5.74 11.44 5.27 4.66 4.47
7.02 6.89 6.98 8.18 8.21 7.76 8.91 9.02 9.05 9.52 8.17 7.97 11.59 13.86 12.21 13.02 15.73 22.22 22.39 22.64 23.45 24.40 21.87 6.61 19.15 16.66 17.12 13.06 4.52 12.62 17.33 20.34 18.25 23.73 20.99 23.48 9.98 11.50 14.32 26.74 16.05 15.87 16.63 18.18 24.62 23.24 22.06 23.26 27.12 31.01 31.42 27.83 25.14 24.89 24.70 16.49 18.42 16.43 18.17 16.01 13.35 15.03 14.47 14.02 14.52 12.56 15.80 14.78 13.24 6.23 2.20 6.35 5.12 5.62 6.71 6.38 5.15 4.94 5.09 4.53 4.13 3.70
8.49 7.29 6.38 7.51 8.15 7.83 7.25 8.22 8.92 9.30 9.39 7.84 9.87 11.32 10.65 8.67 10.59 13.64 15.79 13.12 19.16 19.27 18.02 8.42 19.91 16.10 16.82 11.45 4.02 13.74 19.66 20.17 21.32 23.01 21.04 21.74 10.91 12.86 15.40 26.03 17.45 17.58 18.12 23.49 23.57 22.82 22.25 26.54 27.36 29.28 25.67 21.93 22.78 25.23 19.47 17.72 21.22 15.12 16.82 18.72 15.37 14.37 13.63 15.14 15.51 10.65 11.07 7.72 2.53 1.63 10.37 10.51 8.85 6.53 6.16 7.32 5.07 4.18 4.14 3.99 4.61 3.45
9.90 8.89 7.78 7.78 9.08 9.65 8.55 8.88 9.94 10.63 10.75 9.06 7.88 9.25 11.91 11.32 9.77 11.47 14.63 13.79 15.40 18.03 14.11 20.03 20.47 18.99 15.53 10.38 11.82 16.39 19.91 19.73 23.27 12.59 21.77 22.49 13.00 15.08 25.81 28.13 25.98 26.80 20.08 20.60 24.52 26.78 26.31 26.17 28.20 24.15 22.04 21.37 25.82 26.19 22.52 23.30 20.95 19.53 19.30 16.93 15.79 15.31 15.39 13.48 10.61 9.35 9.59 4.50 3.55 11.93 12.00 8.15 7.99 5.13 5.86 5.78 3.48 4.91 3.93 3.63 3.75 3.21
9.74 9.35 8.38 8.20 9.30 9.68 9.00 8.70 10.01 10.90 10.79 8.82 9.04 9.25 14.28 13.64 14.42 13.55 15.27 15.39 12.40 15.43 11.65 17.89 18.68 19.65 5.84 10.88 15.78 18.63 19.43 21.97 18.82 21.33 11.77 13.36 16.24 18.32 28.30 29.91 30.12 28.61 22.36 21.47 24.94 26.87 26.10 26.28 21.67 19.36 20.34 25.68 16.55 27.03 24.05 22.79 21.48 19.87 18.74 18.68 18.32 15.99 17.91 13.55 13.07 11.10 12.85 15.05 12.55 12.27 9.07 7.12 8.55 3.86 4.29 7.57 10.01 9.06 8.62 6.17 3.73 2.95
5.77 10.04 9.44 8.78 9.89 10.27 10.23 9.90 10.46 11.41 10.29 8.30 10.91 10.02 11.89 16.50 16.95 18.18 18.44 19.25 12.88 18.08 9.91 9.02 11.08 19.33 5.98 11.87 15.91 17.21 19.68 22.15 15.38 20.70 12.67 15.90 18.76 20.89 23.96 29.62 27.09 26.01 23.20 20.73 22.99 21.66 21.59 20.06 19.27 21.31 21.15 26.51 23.60 22.47 16.51 24.15 23.37 20.79 22.90 20.23 18.64 17.62 17.08 15.16 12.85 12.99 11.76 10.23 5.75 11.71 4.30 6.83 7.25 6.90 4.09 10.48 10.32 5.48 4.31 9.75 6.09 3.06
8.77 8.61 9.79 10.16 10.67 10.98 10.53 10.22 10.22 11.18 11.28 10.32 12.65 13.71 10.06 10.33 13.48 16.94 15.41 15.31 13.23 16.62 14.50 13.88 14.91 17.85 15.25 16.15 16.57 17.27 21.49 18.21 14.12 20.76 13.84 17.24 27.79 22.07 34.31 26.85 26.31 23.73 20.70 18.72 21.70 24.53 24.92 19.51 21.13 21.69 25.21 26.06 25.30 22.92 14.10 25.08 16.03 22.05 24.16 19.78 19.73 18.48 18.32 17.44 8.04 14.44 13.56 14.34 5.95 6.52 8.72 7.44 5.12 4.08 4.68 4.49 7.66 8.63 4.84 6.10 5.52 3.65
5.76 6.61 8.36 9.29 10.93 11.07 9.83 10.13 9.59 10.78 11.66 10.62 11.44 15.78 14.39 10.08 8.39 10.31 10.15 14.83 13.78 13.22 12.12 12.39 14.10 17.83 15.89 15.13 15.58 16.01 18.27 15.26 14.37 23.08 14.26 17.76 20.33 23.62 33.50 26.01 22.80 19.45 17.64 16.83 22.09 21.18 19.85 21.60 27.05 26.82 27.87 15.12 14.30 23.11 14.65 16.44 17.22 26.94 21.79 20.10 19.59 18.82 18.73 8.94 8.05 12.23 11.41 10.73 11.74 5.45 5.02 6.23 7.72 4.83 9.90 8.41 5.76 6.74 7.49 8.94 11.28 4.76
7.51 6.88 7.67 7.73 8.57 9.40 10.23 10.90 11.06 11.57 11.98 11.14 11.44 16.21 13.38 14.33 12.86 13.95 13.62 14.35 15.94 13.88 13.48 7.18 7.40 12.28 8.46 14.43 13.42 14.27 18.88 19.77 17.77 24.63 23.50 20.15 23.35 26.43 35.74 24.72 19.43 16.64 16.35 20.96 22.33 24.38 24.05 26.97 27.36 27.66 16.87 16.82 16.58 16.86 15.90 16.85 17.75 17.46 16.26 22.61 20.15 20.54 17.13 18.39 15.60 14.71 13.31 11.65 10.33 5.15 10.09 1.63 11.24 7.83 5.82 6.69 6.62 6.19 5.58 7.53 6.18 7.51
4.18 6.36 6.22 6.69 7.47 8.15 9.29 10.65 11.59 11.69 13.45 13.12 12.40 13.90 14.56 13.58 13.75 13.79 13.76 12.17 13.86 14.69 14.74 12.90 3.97 11.15 16.98 13.49 16.01 17.61 21.98 24.82 23.67 27.80 32.03 24.13 27.41 34.26 32.37 23.36 18.31 21.48 17.76 18.42 22.14 24.76 24.23 25.97 26.77 26.93 16.92 16.39 16.56 16.65 16.14 25.42 27.18 27.73 27.60 15.19 12.06 22.44 11.55 8.84 11.29 15.88 14.15 13.04 12.25 12.43 11.43 9.94 9.40 6.59 9.94 7.57 6.49 9.27 5.78 5.38 6.27 7.41
4.24 7.22 7.82 8.12 9.09 10.37 10.15 11.94 12.58 11.89 14.02 13.19 12.42 12.49 15.86 14.24 15.38 14.51 13.35 11.79 10.16 14.10 15.95 13.86 11.04 11.96 15.54 11.56 18.64 23.77 27.03 24.84 24.90 26.54 33.13 26.91 29.53 37.85 25.56 20.53 16.88 20.68 20.17 22.49 22.42 22.33 21.35 24.60 26.42 28.27 16.15 15.34 15.10 14.92 14.76 24.31 25.06 27.00 15.90 15.30 13.24 18.31 10.82 17.03 17.80 18.41 16.30 13.87 16.90 5.51 10.89 10.69 9.88 9.45 3.03 9.86 3.61 9.89 12.06 6.07 5.60 5.85
4.83 4.80 4.82 7.75 9.01 10.38 10.46 10.52 11.93 11.10 12.70 12.05 11.72 13.34 14.29 16.56 16.80 15.26 13.85 12.22 10.64 13.84 15.50 15.16 13.78 14.56 16.93 9.97 18.22 28.34 26.43 23.65 24.08 29.20 35.92 34.21 40.66 35.62 25.03 21.03 22.60 24.97 24.09 24.68 24.46 25.65 26.41 27.60 28.23 16.27 15.30 14.16 13.77 13.63 14.02 13.75 13.43 14.46 16.48 15.95 22.01 20.72 18.10 16.64 15.76 16.82 8.99 7.11 5.79 6.58 11.78 6.67 6.61 5.42 11.40 5.27 5.11 6.08 12.29 12.78 6.42 6.12
5.27 8.11 7.33 7.75 8.05 9.10 10.51 10.43 8.78 7.67 10.66 12.15 12.00 13.78 12.47 16.24 16.04 14.35 14.38 12.81 12.13 15.19 15.67 15.00 13.67 15.93 20.66 16.23 19.49 29.71 29.16 29.43 30.13 35.58 42.40 45.57 39.61 31.06 25.31 24.41 25.92 27.61 27.24 26.86 26.83 27.57 26.80 27.13 27.21 15.70 14.65 13.37 12.94 13.17 13.15 13.05 13.29 14.71 16.08 16.26 14.37 19.17 10.46 9.00 7.87 4.72 8.07 8.65 14.36 13.58 12.22 11.70 11.43 13.65 7.58 9.21 9.12 13.68 6.19 10.32 7.46 6.18
9.88 9.27 8.70 8.52 8.51 8.76 9.40 11.11 11.76 8.67 8.63 13.08 9.42 14.13 10.98 13.42 14.96 13.44 14.56 13.55 12.41 14.69 16.11 14.50 9.54 8.99 18.31 21.84 25.27 33.77 34.63 38.35 41.09 43.91 44.15 41.34 32.41 27.01 26.55 26.47 26.86 28.72 27.51 25.73 25.21 25.16 23.72 24.89 25.98 15.16 14.62 13.32 13.14 12.07 12.74 12.56 12.96 13.61 14.69 14.92 14.00 12.09 20.50 9.57 9.55 9.21 9.09 9.37 14.90 13.86 12.78 12.53 12.21 11.56 11.80 11.36 9.55 11.92 10.18 7.21 4.32 4.78
9.59 9.74 8.62 8.77 8.91 8.75 9.75 10.36 14.23 13.14 12.93 13.17 14.00 14.20 15.80 13.38 14.57 13.51 14.41 13.58 12.54 14.38 15.54 13.65 10.22 10.78 15.32 17.96 32.59 35.26 42.45 46.45 48.46 46.95 44.11 38.61 30.02 27.40 26.54 26.04 26.56 25.98 24.36 24.70 26.04 25.58 24.90 29.36 15.26 15.60 15.92 15.04 13.91 12.73 11.61 10.66 11.78 12.46 13.70 14.67 14.54 12.80 11.38 10.40 10.91 11.07 16.99 16.48 16.05 14.78 13.22 12.08 5.01 3.42 3.51 3.11 2.76 3.76 3.63 2.13 1.55 1.88
6.31 8.30 9.23 9.70 9.88 10.23 9.11 9.36 11.18 12.58 11.27 13.82 15.53 9.51 16.05 15.90 17.29 17.54 16.72 15.86 15.10 15.53 15.75 15.16 12.41 13.66 16.13 19.56 36.73 39.87 48.54 50.54 49.35 46.37 42.59 34.91 27.24 28.50 24.52 23.92 23.30 22.28 22.36 24.16 25.47 26.52 28.61 16.75 17.78 17.95 17.45 16.53 14.59 11.93 10.46 10.80 11.14 11.76 13.15 22.13 21.96 20.04 12.17 19.44 19.32 17.71 15.74 15.00 9.21 8.12 6.31 3.48 4.23 3.23 3.90 3.97 1.73 1.16 0.73 1.19 0.75 3.97
4.72 5.67 7.83 7.92 8.56 9.18 10.22 10.33 10.06 12.41 10.99 8.53 10.77 12.63 16.11 17.29 19.25 23.90 24.25 24.42 23.05 19.40 16.17 15.41 15.98 19.75 25.12 26.10 37.95 43.90 48.46 45.06 45.66 42.93 35.86 28.41 29.33 31.09 23.70 21.46 19.89 19.70 20.93 21.67 22.13 23.17 25.27 18.83 20.30 20.12 18.37 16.48 14.17 11.44 10.81 10.69 10.54 11.44 12.75 22.84 22.74 21.62 13.61 20.01 18.41 16.91 16.96 16.42 15.97 14.84 12.73 12.05 12.25 12.94 12.53 12.35 11.35 8.86 5.36 1.83 7.69 1.53
5.73 5.79 4.46 8.71 9.16 10.92 11.79 11.24 11.35 9.58 10.77 10.00 13.28 14.29 16.75 20.51 19.43 22.25 27.27 30.82 33.99 32.72 26.44 22.02 22.64 27.14 25.03 35.31 43.89 44.48 42.21 41.10 40.93 37.80 34.72 33.77 35.25 32.58 27.78 26.07 20.31 18.18 19.35 19.38 18.62 16.99 16.16 15.36 16.42 18.51 19.48 18.84 17.55 15.41 13.50 12.23 11.51 11.87 21.61 21.86 22.71 22.94 21.71 19.83 19.42 11.75 11.47 10.76 10.46 9.99 10.53 10.84 10.84 13.77 9.55 5.47 10.49 9.64 6.52 6.94 7.76 9.00
6.90 6.80 5.03 4.64 8.31 9.61 12.02 13.58 12.27 11.62 14.00 14.42 14.68 14.82 20.85 22.17 19.89 19.15 20.23 24.20 32.18 40.53 41.88 36.91 26.51 23.75 37.08 41.86 45.71 41.98 39.65 38.94 37.67 35.09 34.09 33.87 32.99 28.48 25.03 22.43 20.02 19.61 19.52 17.57 16.37 11.03 11.84 8.67 8.66 10.89 14.76 17.43 19.07 19.05 17.17 14.68 12.81 12.63 13.56 14.80 15.96 23.63 22.80 21.42 20.94 20.57 19.30 18.90 18.40 18.38 8.96 5.76 5.67 5.81 6.07 9.28 11.75 13.34 11.47 7.42 8.32 9.86
5.61 6.36 7.21 5.95 5.93 10.79 12.25 13.84 14.37 14.98 18.41 19.28 22.81 21.75 16.52 21.91 17.47 15.51 15.11 16.20 23.55 36.42 47.06 52.98 46.17 42.34 42.70 43.40 42.17 38.08 35.55 33.79 33.00 32.05 30.59 28.64 25.54 21.17 18.23 17.20 17.98 18.03 17.52 16.16 18.40 15.60 14.96 3.63 3.02 2.37 3.75 7.49 11.22 13.94 14.70 14.80 14.16 13.94 14.67 15.04 16.96 16.89 23.50 21.59 18.97 18.48 18.66 11.80 6.63 6.24 6.00 5.50 5.31 10.41 11.61 13.05 13.37 13.01 11.91 12.07 11.18 11.45
7.83 7.15 7.02 9.53 6.28 6.54 14.01 15.35 15.50 17.23 17.96 16.20 16.67 19.43 23.71 18.21 16.69 14.69 13.98 22.73 34.21 41.81 47.44 55.55 52.67 48.61 47.60 41.25 37.82 35.85 31.90 29.46 28.92 28.07 28.00 26.56 23.15 21.29 19.97 20.07 20.01 18.85 18.92 18.59 16.48 18.26 20.52 20.55 19.60 7.17 8.52 9.67 10.14 11.19 12.60 14.26 14.95 15.52 16.63 25.80 25.09 24.81 15.97 13.73 8.83 7.98 6.90 5.99 4.82 3.86 3.59 3.73 7.01 5.38 13.84 14.41 14.40 13.01 12.19 11.86 12.48 10.07
8.22 8.10 8.27 9.93 7.63 7.19 9.07 16.64 15.67 16.37 16.25 14.92 15.61 18.96 23.06 27.51 31.03 36.02 38.67 38.78 39.03 41.10 43.87 44.36 39.80 31.37 35.54 38.43 38.02 34.09 28.65 26.12 28.17 32.77 31.64 31.29 29.03 15.23 13.62 13.07 12.42 12.01 13.11 20.11 19.57 20.85 20.23 20.56 24.66 13.31 14.37 15.10 15.65 15.41 15.97 17.05 17.49 17.76 17.85 18.02 17.13 16.38 15.18 21.19 12.77 6.93 5.25 3.74 2.43 11.08 2.14 1.78 3.01 4.53 6.15 7.41 8.10 8.82 6.50 10.07 10.72 6.77
