examples/cougarCreek-fire/createInputs/WindNinja/wrfout_d3.2015081000.f12/cougarCreekFire_08-10-2015_1200_217m_non_neutral_stability_vel.asc
ncols	146
nrows	140
xllcorner	610065.000000
yllcorner	5095217.000000
cellsize	216.586807
NODATA_value	-9999.000000
[rows 37 to 73 of 140, columns 0 to 81 of 146]
8.32 8.41 8.61 10.33 11.53 11.35 14.69 14.43 14.21 12.10 11.09 13.47 15.74 17.72 17.00 19.28 24.00 26.32 26.13 23.37 23.04 27.52 31.80 30.93 26.17 20.90 20.66 28.21 30.13 25.53 20.06 15.30 18.72 25.47 29.31 29.84 31.05 31.51 29.99 27.36 15.51 22.55 14.80 15.58 15.95 10.13 11.31 19.20 25.14 25.93 28.78 18.81 20.13 27.94 21.24 21.70 21.58 20.73 19.31 18.04 13.49 12.12 10.68 9.33 8.16 6.67 4.92 3.59 2.92 2.30 1.85 1.27 15.13 2.03 3.40 5.36 6.91 8.04 9.08 9.91 10.66 7.92
5.60 5.96 9.60 9.85 10.26 9.42 9.84 10.18 10.42 8.79 11.74 11.05 12.10 12.66 13.08 14.84 16.95 17.46 17.14 18.09 19.41 19.01 20.53 23.41 23.00 19.30 18.75 18.72 16.78 11.75 10.32 8.71 13.11 16.38 18.86 18.26 15.80 16.82 16.24 23.80 27.10 25.58 12.04 11.70 10.91 11.18 12.17 13.42 21.66 23.97 30.84 31.82 34.67 32.28 30.83 31.22 30.34 28.74 20.47 18.77 17.74 17.01 16.76 16.37 9.98 14.46 7.86 6.96 6.16 5.42 4.41 3.26 2.49 1.77 1.93 2.89 3.92 5.42 7.29 8.79 9.99 11.25
5.82 8.84 8.96 8.67 8.80 8.74 8.56 7.11 8.28 10.03 10.51 10.56 12.40 12.76 13.95 15.15 16.10 15.78 14.39 14.11 14.39 16.18 18.48 23.40 21.91 19.19 17.88 14.73 14.91 9.43 8.78 6.83 7.50 15.35 20.91 22.72 23.73 24.60 24.12 15.07 14.54 25.74 12.91 12.47 20.01 25.72 28.11 27.39 27.47 28.47 28.73 30.87 31.21 34.48 38.84 35.78 33.00 29.94 28.21 22.45 20.37 19.10 19.55 20.38 19.53 18.51 18.33 16.49 16.04 15.10 13.72 6.90 5.99 5.44 5.00 4.08 3.65 3.98 4.81 6.46 8.65 10.44
3.79 6.56 6.41 6.37 6.46 6.86 6.17 6.73 8.04 7.80 10.31 11.11 13.66 14.09 14.53 14.34 14.47 14.24 13.44 14.55 16.34 18.47 21.23 23.14 19.50 16.94 15.20 14.04 11.71 11.65 10.39 3.55 8.86 14.89 19.49 23.21 23.96 25.94 30.76 23.77 22.45 22.04 22.04 14.27 12.17 13.32 16.82 19.87 20.76 34.58 34.86 33.79 32.77 30.42 25.57 25.46 31.86 30.24 19.88 28.29 32.72 29.49 24.94 23.09 20.92 24.22 23.83 19.25 19.64 19.03 17.60 15.78 14.89 8.56 8.63 7.82 6.12 4.96 4.33 4.19 5.93 8.66
4.02 3.64 4.16 4.87 4.61 5.07 4.09 6.67 7.47 9.04 10.34 11.13 11.79 10.83 10.76 11.47 11.91 13.08 13.99 16.66 18.59 20.49 23.73 20.50 18.28 16.99 18.05 16.29 12.83 12.97 9.23 3.24 14.78 19.49 21.85 23.40 26.34 27.09 27.17 30.09 31.79 30.97 30.76 30.46 30.44 27.55 20.14 20.96 33.24 34.38 35.30 34.39 25.03 37.18 36.50 36.10 32.14 30.53 19.23 18.38 29.48 26.01 26.80 25.93 24.63 24.31 24.29 23.22 20.87 20.75 20.29 22.58 18.50 19.13 17.51 17.21 9.84 7.82 5.77 4.27 3.99 5.88
3.76 6.03 6.11 5.70 7.15 3.93 6.29 7.22 7.64 8.66 10.16 11.74 11.37 8.98 7.94 9.04 10.58 13.25 15.65 16.40 18.84 22.33 21.04 18.18 18.63 17.13 19.40 18.52 15.23 12.19 7.88 4.91 10.66 16.35 19.46 22.15 24.97 26.53 27.71 28.82 31.97 32.42 31.47 30.73 31.53 31.42 33.36 34.18 34.98 23.73 35.17 34.22 32.70 33.31 32.37 18.05 15.98 26.54 25.23 25.59 13.17 25.70 25.91 13.34 6.40 4.57 4.30 4.58 4.35 4.01 3.93 3.73 2.71 1.59 2.06 2.18 14.78 17.77 8.86 5.68 4.00 4.41
2.59 3.51 7.68 2.42 3.53 2.94 7.33 6.51 7.23 10.68 11.70 8.21 2.98 2.37 5.37 9.80 10.03 12.10 13.14 15.84 19.46 19.19 18.62 18.79 17.37 16.70 19.90 19.07 17.07 10.98 11.34 9.52 8.43 11.86 15.70 21.20 24.37 27.09 27.78 26.82 28.36 31.06 31.01 29.06 27.71 29.51 31.02 31.30 33.59 35.16 34.88 35.14 36.72 35.02 32.01 30.99 30.04 28.87 22.34 14.36 10.54 5.87 5.02 6.39 6.46 6.83 6.13 5.68 10.73 4.97 9.96 9.52 9.14 9.55 10.42 2.94 1.77 1.30 13.16 7.55 3.82 3.64
2.22 2.22 2.63 6.77 4.64 4.28 6.69 6.59 8.01 8.27 5.94 2.71 6.22 8.59 9.10 11.39 9.54 12.36 13.08 15.77 20.06 19.87 20.13 18.86 16.22 16.67 19.35 18.75 17.91 11.09 16.82 18.02 20.17 20.92 17.47 17.14 23.23 25.63 26.73 26.91 26.89 26.71 25.12 22.77 24.23 28.34 32.80 33.95 35.72 34.32 32.89 33.59 35.90 34.24 30.61 24.95 15.10 11.10 10.49 11.09 9.55 7.10 7.02 10.67 10.39 10.33 9.94 9.12 8.51 8.40 8.39 8.31 8.63 9.32 9.81 9.83 10.24 11.31 0.46 14.47 2.81 1.89
6.76 7.24 5.33 4.88 4.13 5.27 4.46 6.08 7.07 4.07 2.82 8.74 11.36 10.23 10.20 11.69 13.91 13.36 13.10 17.47 20.12 20.41 18.93 18.12 16.12 16.55 18.58 18.47 15.20 14.13 19.67 20.85 23.04 25.60 25.52 26.23 23.05 18.79 21.97 26.22 24.00 19.67 19.86 21.32 24.41 27.75 30.64 28.94 32.27 35.13 32.54 25.63 23.10 20.90 17.49 12.92 11.54 10.17 10.13 9.51 8.40 10.53 9.70 8.94 8.85 9.11 7.78 6.35 8.40 4.56 6.05 4.12 4.15 4.40 4.23 2.55 9.65 3.21 2.10 7.02 10.44 1.27
2.83 2.89 2.94 3.45 4.23 5.33 4.63 4.39 4.37 1.72 9.24 10.83 12.67 11.24 12.30 13.78 14.79 13.38 13.14 16.75 19.04 19.90 18.11 17.39 18.28 17.77 19.48 19.70 17.99 22.27 24.75 25.42 26.46 27.81 29.31 27.45 26.07 26.93 27.77 21.47 18.65 19.58 20.45 21.22 21.28 29.38 28.54 25.72 25.54 18.52 14.98 16.04 18.94 19.04 16.46 12.68 9.64 11.17 11.22 10.64 9.99 9.64 9.15 8.41 7.99 7.41 8.48 9.31 7.55 9.18 9.16 9.29 9.54 6.79 6.29 7.81 8.92 4.47 3.24 5.18 11.92 0.94
2.56 2.40 2.06 4.76 5.04 4.65 0.66 5.61 6.47 8.24 9.33 11.90 11.91 12.37 12.94 12.54 7.06 6.41 12.96 15.28 18.59 18.29 18.24 19.89 20.97 20.34 19.60 19.82 20.34 23.15 26.38 26.10 23.13 30.61 28.78 25.29 26.85 30.08 30.51 29.31 19.88 21.51 20.70 20.44 28.31 22.02 23.25 23.52 15.90 14.08 13.67 15.26 17.04 16.61 13.99 11.61 11.61 10.62 9.66 8.95 8.42 8.26 8.69 8.65 7.78 7.50 7.88 8.30 9.80 9.53 9.22 7.90 6.29 5.89 7.02 7.39 8.18 6.90 7.08 3.85 8.37 1.88
1.93 1.92 0.70 4.03 1.44 1.23 1.66 6.66 6.95 8.43 10.16 10.36 10.83 10.96 7.61 5.52 5.32 4.64 13.09 14.43 17.79 19.57 20.53 22.35 20.74 20.74 19.73 20.41 22.22 23.83 24.76 25.51 18.80 32.49 28.41 19.96 26.44 30.63 31.05 33.39 28.42 20.01 19.02 18.94 27.16 24.93 25.88 17.07 13.81 11.50 11.63 13.34 13.23 12.48 11.76 10.88 10.68 10.46 8.86 7.06 5.80 5.50 5.86 6.28 6.31 6.18 6.86 8.32 8.92 7.98 5.86 7.59 5.39 5.58 7.31 5.41 6.85 5.97 7.55 3.32 4.17 9.70
1.85 1.81 1.82 2.03 2.60 5.56 6.44 7.05 6.72 8.87 9.64 10.19 10.38 7.51 4.46 8.63 9.57 11.47 12.08 14.92 15.90 20.69 22.83 20.22 20.21 21.64 20.28 21.83 21.77 16.11 26.39 18.48 20.08 26.92 29.92 21.26 19.45 30.37 32.58 35.35 21.35 32.74 16.45 17.28 17.29 27.09 16.31 15.50 12.71 9.83 9.61 10.71 11.95 12.41 11.96 10.50 10.45 11.00 8.91 6.58 4.92 3.82 3.39 3.87 7.06 6.39 5.66 4.66 7.86 7.44 5.45 3.08 2.65 2.28 2.34 3.70 5.17 5.02 5.82 2.30 3.16 4.98
2.05 2.08 2.29 2.83 6.17 5.00 4.38 5.79 6.79 8.54 9.83 9.30 8.29 9.28 9.06 10.32 10.20 12.24 14.25 15.03 15.29 18.27 20.10 20.11 21.56 22.18 21.23 21.08 16.29 15.76 27.01 18.43 20.22 28.84 32.37 20.27 19.70 30.50 32.55 33.27 33.30 30.32 27.14 17.59 12.05 13.46 14.36 12.53 10.87 9.34 9.37 10.20 11.52 13.33 14.80 13.11 10.76 10.22 9.62 8.28 5.13 3.89 2.30 1.49 2.35 2.03 2.29 3.48 5.32 6.58 6.99 6.37 5.88 0.55 2.23 2.74 5.07 5.57 5.91 3.10 4.89 5.19
2.44 2.40 2.98 5.54 4.67 4.71 5.46 6.28 6.53 8.28 6.18 5.00 7.67 8.55 5.00 13.45 12.81 14.94 15.33 15.52 15.72 16.99 19.04 21.22 21.20 20.54 18.74 17.33 15.01 14.83 25.05 17.87 19.12 30.41 32.61 17.51 24.50 29.71 30.98 30.92 29.18 25.69 21.60 19.76 15.16 13.48 5.38 5.06 6.50 6.68 7.35 8.82 10.43 12.53 16.04 15.88 9.52 7.32 7.81 7.66 6.49 4.62 2.57 1.00 0.53 0.72 3.80 2.24 7.47 1.62 3.86 0.68 1.08 2.37 3.32 6.16 6.86 7.33 7.42 3.81 7.07 7.19
2.76 2.62 3.14 5.16 4.55 4.90 4.87 5.42 6.98 7.55 7.46 7.75 10.73 11.25 13.17 14.50 15.27 15.71 16.01 16.64 16.37 15.65 15.62 9.03 22.08 16.72 14.09 13.04 13.59 22.68 24.14 17.00 18.55 29.39 27.94 15.96 23.00 26.04 27.12 29.27 26.92 22.55 18.17 17.06 19.90 13.53 10.44 3.17 3.59 3.06 3.28 5.70 8.02 9.24 13.40 15.76 10.02 3.53 4.20 5.53 4.72 10.05 3.15 2.06 2.22 3.23 2.82 2.76 4.86 6.30 6.75 6.88 6.98 6.40 6.30 7.08 8.01 8.33 8.41 8.82 2.41 10.10
2.80 3.62 5.75 6.25 5.57 5.73 5.69 6.52 8.49 7.61 8.08 6.94 13.61 13.75 13.84 15.68 16.27 14.94 14.71 15.92 15.53 16.22 13.16 18.44 19.70 13.09 13.17 16.90 19.78 22.82 24.68 22.52 18.10 27.60 15.37 12.98 15.25 18.17 19.66 20.01 21.55 19.36 17.20 16.98 17.64 17.24 17.12 13.79 11.73 7.34 3.89 4.99 6.53 7.95 11.62 15.83 14.03 8.23 5.48 5.46 3.83 3.71 3.67 2.83 2.91 3.43 4.01 5.32 7.68 9.56 10.54 9.67 8.79 9.07 8.94 8.81 8.48 1.88 5.03 9.84 10.79 11.56
3.04 4.42 5.92 6.73 7.97 7.64 8.04 7.22 8.51 8.19 6.18 6.91 13.43 14.12 11.87 13.47 14.99 13.55 13.38 13.37 14.18 15.30 14.45 16.78 17.57 15.07 16.16 17.47 17.88 20.92 24.29 18.88 16.34 23.44 12.38 10.76 20.06 24.95 19.37 18.81 21.83 20.82 16.80 13.25 12.64 14.55 15.36 15.13 13.97 13.35 9.44 8.62 5.23 7.22 10.62 14.99 15.69 11.10 7.05 6.18 3.66 3.00 5.24 6.58 7.27 6.76 6.16 6.90 8.92 10.87 13.24 13.68 12.10 4.81 8.59 6.19 5.78 8.83 7.96 8.41 5.03 2.80
3.76 5.29 7.30 8.52 6.32 8.34 7.88 7.68 10.47 10.94 7.38 6.76 14.15 14.14 12.39 11.72 13.51 12.20 11.63 12.64 13.32 14.71 14.43 14.63 14.68 14.97 14.98 15.35 15.03 18.69 23.40 15.97 15.68 19.87 18.74 10.85 18.41 16.54 19.86 22.18 20.05 20.35 18.83 7.94 6.13 6.75 10.76 12.37 11.64 10.69 10.68 7.85 7.43 6.07 8.22 10.61 10.75 8.49 7.86 7.78 6.45 8.58 9.17 6.36 4.61 4.30 10.86 12.91 5.73 5.17 6.27 6.55 4.72 10.70 5.22 5.88 9.60 9.83 6.14 10.29 9.48 6.60
4.42 5.71 6.73 6.69 7.16 8.05 6.49 9.71 7.69 8.82 7.80 11.05 7.48 14.73 12.07 12.40 13.75 12.32 12.75 14.19 13.93 14.67 16.01 15.27 14.21 15.02 13.54 12.63 14.02 16.90 19.60 17.75 15.98 19.73 20.04 11.99 18.21 15.45 18.42 16.41 17.82 17.20 20.15 12.20 8.76 5.19 4.46 5.10 5.68 8.83 9.05 7.67 7.76 6.39 7.95 9.03 7.52 9.53 11.51 11.72 8.93 4.88 2.96 2.19 2.39 2.51 4.16 3.24 4.46 5.32 5.51 2.15 4.16 3.00 6.34 6.82 8.16 9.71 10.41 10.65 5.75 9.82
4.26 5.94 7.31 6.49 7.32 5.82 6.35 9.92 7.91 6.38 6.65 7.48 10.13 11.29 10.16 10.96 10.81 8.77 12.42 14.90 14.19 14.63 14.61 13.14 13.84 15.43 12.96 11.12 14.29 17.46 16.32 12.53 11.71 10.46 7.58 4.87 15.59 14.01 13.82 13.79 16.34 16.66 17.22 18.99 18.75 9.85 6.44 3.67 2.84 3.03 3.71 8.92 5.88 8.26 9.07 13.01 13.77 9.05 9.27 7.94 6.61 6.39 3.44 2.95 1.98 0.36 2.14 3.53 4.64 5.10 5.00 5.78 2.68 7.94 8.65 9.23 10.06 11.14 11.53 10.52 9.85 9.32
3.73 3.17 8.46 3.21 4.38 7.32 10.69 7.64 5.25 6.46 3.54 5.23 9.07 7.14 4.76 4.22 7.25 8.47 7.14 9.61 15.29 16.06 12.10 9.08 12.44 12.01 9.06 9.32 12.75 15.66 12.30 10.70 10.61 9.64 6.89 3.42 13.39 11.85 8.30 12.21 14.45 15.25 14.96 16.50 18.63 15.37 13.58 11.91 8.81 4.28 2.21 1.95 5.52 7.99 11.81 8.28 7.58 8.73 7.61 6.60 7.66 7.08 5.91 5.87 5.76 5.30 1.75 3.62 4.41 4.54 5.41 7.37 8.68 10.10 11.66 13.36 13.51 12.94 12.41 12.34 12.21 12.42
3.46 3.14 3.81 5.75 6.78 7.36 6.80 5.98 6.57 4.63 3.55 5.91 4.62 2.98 3.99 5.90 7.84 8.01 6.82 6.43 13.91 13.56 10.01 11.31 12.47 9.41 6.95 8.73 12.50 13.12 8.73 9.56 12.23 11.01 15.33 4.26 10.15 12.31 11.95 9.04 11.74 14.27 12.68 13.73 13.75 15.15 16.29 17.43 16.18 13.32 11.36 7.91 4.36 4.54 5.34 6.17 7.09 7.11 6.03 5.19 5.18 5.31 5.38 4.92 4.10 3.33 5.52 4.16 3.09 3.48 7.01 9.35 12.20 14.19 14.93 15.35 14.60 13.52 13.20 14.06 14.46 14.48
3.43 3.13 7.07 7.10 9.38 6.32 5.21 5.87 4.44 1.02 2.31 3.21 4.58 4.88 6.68 9.48 10.68 8.66 5.92 5.92 12.83 13.55 12.64 12.83 10.64 7.64 7.79 9.95 10.42 8.01 6.91 8.89 10.18 9.03 12.17 9.68 5.85 9.51 10.03 10.95 10.94 13.42 13.31 13.32 13.21 12.76 13.08 15.04 16.02 16.27 18.00 16.50 14.64 14.02 13.23 12.08 10.79 8.93 6.96 6.46 6.14 5.75 5.88 6.18 6.24 7.58 5.67 2.71 5.41 8.58 11.55 14.57 16.58 16.93 16.04 14.98 12.91 12.51 14.38 14.42 14.60 12.09
3.43 7.59 6.49 8.35 8.19 5.61 4.12 4.00 0.62 1.28 3.00 4.83 7.46 8.17 10.19 12.64 11.99 8.51 5.24 5.54 11.18 12.11 11.88 9.08 8.09 6.55 7.04 7.72 6.93 7.09 8.55 9.95 8.73 8.15 10.83 10.91 6.86 8.83 9.18 10.97 10.81 12.28 12.46 12.84 13.60 12.52 13.08 13.59 14.05 16.03 17.31 18.01 19.19 20.30 19.60 18.71 17.34 16.51 16.50 16.09 14.27 11.65 9.13 7.52 6.75 6.35 6.46 8.21 12.00 15.75 18.22 18.68 17.61 16.28 14.49 13.82 14.95 14.38 13.42 12.74 12.95 13.34
8.22 9.10 6.14 7.52 6.55 5.50 6.21 2.19 1.94 3.39 3.89 7.99 9.44 11.25 13.61 13.87 11.21 6.84 4.74 11.23 10.44 10.24 11.15 10.44 9.21 6.71 5.24 5.10 5.42 6.97 8.96 9.20 6.67 7.63 10.62 9.73 9.48 9.05 8.85 9.29 9.94 10.71 10.29 10.56 12.74 12.21 12.72 14.42 14.74 16.25 16.59 16.76 14.98 16.52 17.45 17.93 17.87 18.63 20.22 21.28 21.33 19.91 17.46 15.18 13.89 14.19 16.41 18.53 19.73 20.66 20.80 19.63 17.77 16.56 15.76 15.78 14.43 13.24 12.08 11.45 11.59 11.46
10.18 6.22 2.23 1.71 3.84 1.37 2.62 3.92 4.31 6.15 8.24 9.91 11.76 14.24 15.99 14.12 9.38 5.41 4.71 10.51 10.56 10.62 10.57 10.42 8.37 6.79 4.94 3.45 3.74 6.08 8.23 6.25 6.31 8.05 8.94 9.29 8.62 9.89 8.96 9.31 9.77 11.25 11.27 9.27 10.95 11.20 11.19 12.59 13.95 16.08 16.03 13.92 11.76 12.18 13.02 14.54 15.79 16.93 18.04 19.24 20.77 21.68 21.80 21.82 21.81 22.26 23.12 23.03 22.17 21.34 20.72 19.94 18.84 18.08 15.40 14.92 12.68 11.49 10.92 10.67 10.42 10.14
2.55 3.78 1.31 3.34 4.86 4.16 4.08 4.39 8.03 11.19 12.31 12.68 14.53 16.65 16.42 12.87 7.90 6.67 6.81 10.26 10.56 10.81 9.81 9.76 8.43 8.08 5.41 3.73 4.96 6.38 5.91 7.39 6.40 8.96 8.32 8.48 8.16 8.40 8.42 8.74 9.86 11.11 10.67 9.71 9.03 10.02 10.31 10.77 12.54 13.76 15.61 14.10 11.79 9.26 11.57 12.67 14.40 15.67 16.06 16.06 16.53 17.82 19.48 21.10 22.11 22.28 21.59 20.24 19.40 19.21 18.86 18.23 17.74 17.41 16.15 13.55 11.06 10.34 7.27 6.90 4.94 2.87
3.61 5.36 1.46 2.80 5.78 6.05 6.40 9.77 13.54 15.38 15.85 16.93 17.44 16.37 13.66 10.04 6.82 7.12 10.05 10.57 7.35 9.53 9.98 10.81 9.22 7.62 5.49 4.19 5.14 5.16 5.49 8.07 7.12 7.88 8.41 7.90 7.21 8.01 8.02 7.16 9.17 10.27 10.52 10.22 8.76 9.77 8.53 9.43 10.26 11.37 14.70 14.76 12.20 8.94 10.94 11.37 12.92 14.51 14.78 14.01 13.49 14.02 15.39 17.01 18.11 18.29 17.57 16.32 15.33 15.42 15.49 14.89 14.70 14.90 14.78 13.71 11.94 12.10 13.32 13.31 11.68 9.96
6.96 4.52 1.94 4.01 6.65 8.99 11.71 15.10 17.08 17.82 18.84 20.07 19.30 15.71 11.66 8.46 7.78 7.72 9.60 11.28 11.97 7.03 10.81 11.10 8.81 6.97 3.66 4.24 5.62 5.85 5.47 7.58 7.91 7.84 8.78 7.98 5.90 8.54 7.49 7.22 8.30 10.17 11.23 10.13 8.81 9.46 8.40 8.82 9.87 10.19 11.01 12.63 10.65 8.93 10.02 10.34 11.73 13.86 14.51 13.43 12.63 12.53 13.01 13.92 14.77 15.05 14.98 14.86 14.19 13.58 13.41 11.10 10.95 13.60 14.29 14.33 14.82 15.22 16.20 15.58 13.84 11.55
3.97 3.75 1.64 6.14 11.49 15.54 17.74 18.72 19.05 19.54 19.90 20.09 18.61 15.65 12.13 8.45 8.01 7.98 11.07 11.85 9.80 6.62 7.49 10.96 9.52 7.17 3.92 4.58 5.83 7.30 7.17 8.08 8.07 7.40 7.73 7.54 5.48 7.41 6.66 6.45 7.96 8.91 9.32 6.97 6.86 9.14 9.09 9.56 9.41 6.76 8.68 11.11 9.53 8.21 9.37 9.82 10.81 13.03 14.80 14.21 13.01 12.38 12.03 11.93 12.20 12.42 12.73 13.79 14.47 14.29 12.30 11.01 10.08 12.67 13.14 14.54 15.03 14.49 13.26 11.78 9.99 4.14
4.39 5.35 6.61 12.42 17.96 20.09 19.90 20.14 19.90 20.00 19.56 18.46 17.03 15.06 12.39 8.48 8.04 11.04 11.12 12.53 10.07 9.28 10.30 9.14 9.01 4.37 3.54 4.84 6.90 8.40 7.82 7.25 9.08 7.66 7.13 6.95 6.10 7.06 5.64 5.53 6.16 7.74 8.86 7.53 6.04 5.36 6.82 8.05 8.26 8.43 8.25 10.36 9.21 8.08 7.39 6.24 8.99 10.52 13.46 14.95 13.78 11.87 10.56 8.47 10.30 10.55 10.68 11.64 13.23 14.17 13.93 13.34 11.60 12.40 9.17 12.35 12.41 11.18 5.09 4.26 6.60 8.45
5.43 6.10 7.77 17.02 21.60 21.31 20.48 19.54 19.40 19.53 18.46 16.98 16.00 14.53 13.77 8.37 8.62 10.78 11.61 12.35 10.72 9.61 8.70 8.32 8.72 3.80 4.56 5.07 8.43 8.64 6.50 8.35 8.40 7.98 7.68 6.03 5.44 6.01 5.53 4.46 5.57 8.58 8.01 8.43 7.23 6.53 7.07 8.67 9.31 9.46 9.18 9.39 8.35 7.33 7.73 7.84 3.74 7.39 10.31 14.26 14.50 11.79 9.71 9.02 9.27 9.63 9.58 9.86 10.95 12.62 13.63 13.69 11.62 13.18 12.88 9.11 7.69 9.67 11.01 11.28 11.79 12.33
6.45 5.85 11.06 20.55 23.50 21.43 19.31 18.52 18.77 19.13 17.82 16.39 15.24 14.10 12.47 8.65 9.16 10.70 12.13 12.06 11.43 10.87 8.82 8.61 8.20 3.84 5.46 5.20 9.05 7.65 4.96 6.58 7.97 7.18 7.00 4.92 5.18 6.23 5.01 3.89 6.34 7.56 8.94 9.26 8.65 7.64 8.48 7.81 8.74 7.90 8.23 9.87 8.24 6.49 7.12 7.66 5.81 3.92 7.17 12.13 15.02 13.91 11.71 10.40 10.07 9.77 9.32 6.08 9.15 10.07 11.76 12.72 9.71 9.06 9.27 9.05 8.69 10.51 13.05 13.80 13.98 14.57
6.39 7.00 15.81 21.88 24.49 21.57 18.98 19.01 19.27 19.16 18.09 16.76 15.66 15.17 12.61 7.99 8.85 10.76 11.69 11.63 10.90 10.54 8.19 7.68 5.56 4.63 4.62 7.46 9.36 6.56 5.42 7.58 7.27 6.71 5.79 5.34 5.24 5.26 4.24 5.60 4.38 4.79 7.92 7.69 9.50 7.82 7.17 8.76 8.86 8.66 8.31 8.34 7.79 6.61 6.83 7.83 7.03 4.67 5.70 8.13 13.24 15.39 14.50 13.50 12.60 11.56 10.74 9.88 5.90 8.92 9.80 11.05 8.25 8.34 8.34 8.19 8.41 9.02 9.82 10.36 13.72 14.34
7.91 12.34 21.59 24.38 24.73 21.78 19.70 19.88 20.02 19.37 18.16 17.08 15.16 14.61 11.73 5.63 8.28 9.87 11.17 11.48 11.94 9.14 8.08 9.04 5.80 5.94 5.46 8.66 7.83 6.06 6.29 7.82 7.08 7.09 3.97 4.46 5.89 6.78 3.79 5.42 4.12 5.56 6.44 8.50 9.30 8.63 8.75 7.77 7.73 7.67 8.28 8.13 7.53 6.95 8.36 8.14 7.30 6.08 0.42 5.49 8.40 13.41 15.09 15.08 14.46 13.60 12.86 11.80 10.67 10.26 6.22 6.62 8.29 9.94 9.66 11.75 7.95 8.67 8.49 8.72 10.12 9.37
13.23 19.00 24.66 26.38 24.68 21.98 20.51 20.96 20.62 19.41 18.23 17.85 16.45 15.71 10.80 3.33 7.84 9.35 10.50 11.60 11.30 8.62 7.68 9.05 5.84 6.21 8.83 8.63 4.54 6.25 7.79 7.36 6.62 6.11 2.64 3.97 5.92 6.53 4.12 4.87 3.48 5.70 5.38 7.02 7.41 9.62 8.84 6.99 7.03 7.31 8.11 7.94 7.33 8.86 6.92 8.37 7.87 6.69 5.75 5.23 5.39 9.00 12.85 13.87 13.76 13.57 13.20 12.45 11.93 11.85 10.14 9.63 9.33 9.69 9.12 7.21 6.76 7.09 6.70 7.73 9.59 8.74
