examples/cougarCreek-fire/createInputs/WindNinja/wrfout_d3.2015081000.f12/cougarCreekFire_08-10-2015_1200_217m_non_neutral_stability_ang.asc
ncols	146
nrows	140
xllcorner	610065.000000
yllcorner	5095217.000000
cellsize	216.586807
NODATA_value	-9999.000000
[rows 44 to 87 of 140, columns 0 to 95 of 146]
188 191 203 108 90 73 99 87 92 101 76 13 350 11 11 24 18 21 43 61 62 48 38 35 44 56 49 40 44 51 25 350 326 307 300 306 298 296 296 299 298 293 288 291 294 299 306 316 320 319 315 314 314 313 306 295 291 310 313 311 313 320 327 337 341 348 358 8 17 24 29 31 36 40 41 40 39 41 283 26 46 73 50 54 59 65 66 62 56 59 95 94 17 76 13 355
105 114 102 77 68 71 73 78 78 37 219 348 10 22 21 20 8 25 45 58 59 50 42 31 37 41 32 32 37 40 19 356 341 325 312 301 298 312 308 297 288 306 302 302 307 302 310 322 323 324 313 296 290 289 293 294 315 315 315 310 314 334 340 343 348 356 329 344 30 13 293 356 3 358 358 10 47 18 331 264 39 126 65 54 58 62 67 66 62 57 82 101 76 62 6 62
208 190 187 42 49 54 34 37 20 257 354 8 22 15 13 13 22 48 52 62 63 45 29 15 18 21 22 30 35 31 13 359 347 336 321 306 302 300 295 301 304 297 297 303 314 306 316 320 308 298 313 303 297 300 305 311 319 324 323 328 337 345 349 352 354 324 14 27 353 38 43 46 47 355 2 9 53 343 319 274 287 103 92 67 61 62 67 67 64 61 340 101 82 64 62 61
205 195 200 51 48 40 286 5 5 352 13 22 24 21 29 47 355 355 58 59 53 29 12 6 11 14 21 27 29 24 15 4 349 340 325 311 308 309 303 295 304 297 302 310 310 323 318 308 319 313 309 302 298 297 298 307 326 331 332 337 324 327 330 335 357 3 348 1 39 42 46 6 358 0 7 6 60 57 50 296 266 69 113 89 74 71 70 72 69 66 70 83 89 28 71 69
208 208 295 12 291 297 248 9 24 15 27 25 26 40 55 329 340 352 59 52 42 15 4 10 14 19 27 27 26 27 19 8 352 344 325 324 313 317 312 319 316 309 307 304 300 300 294 316 312 304 296 290 285 285 288 303 329 344 346 350 356 355 355 355 359 11 29 40 11 7 354 307 356 349 313 340 347 59 309 290 251 282 113 104 90 86 82 80 80 77 74 75 23 90 19 11
221 225 239 246 299 353 14 35 33 27 25 30 35 38 312 47 32 30 17 28 32 10 7 14 9 17 21 22 26 16 20 2 353 346 328 328 327 318 313 322 313 315 311 300 297 287 297 291 291 285 277 274 269 269 277 297 324 343 358 6 22 24 4 343 318 323 329 331 300 303 304 14 353 349 336 307 302 293 60 39 252 240 102 111 102 97 95 93 91 88 82 74 77 9 13 6
237 238 247 299 3 42 48 37 29 26 43 55 51 49 29 7 6 360 360 14 19 10 7 360 359 4 9 16 10 13 15 358 350 347 334 331 328 320 316 319 320 316 319 322 296 287 279 265 266 261 260 264 268 269 272 287 320 346 348 352 30 54 56 335 322 356 37 61 77 82 81 79 78 228 273 235 83 78 80 261 79 88 95 104 107 107 103 101 100 94 91 86 79 78 73 65
245 243 294 7 48 38 25 27 26 37 39 321 52 31 282 352 352 353 0 10 7 8 6 350 356 5 17 27 18 13 11 354 347 347 335 330 321 325 322 322 318 316 320 324 336 323 272 261 258 261 260 265 268 271 268 277 313 0 338 337 344 351 108 123 313 69 308 95 283 25 93 20 25 45 3 101 100 98 97 345 89 95 95 97 248 104 103 102 101 99 98 97 92 83 72 66
246 246 316 22 19 18 23 24 18 35 50 19 344 337 336 341 346 352 359 4 1 9 11 348 2 21 23 24 23 17 4 349 344 347 333 333 327 327 323 320 315 315 319 320 324 329 330 299 264 257 282 299 296 293 279 274 273 285 301 307 318 296 330 148 118 109 119 107 26 42 110 116 107 95 83 80 82 85 87 87 300 97 101 100 98 164 328 100 104 98 93 92 93 86 75 70
254 306 4 15 13 5 2 3 12 24 7 265 323 326 340 348 350 1 0 2 357 2 0 347 18 22 22 26 18 5 353 354 340 347 337 330 322 312 307 308 307 304 305 316 322 317 314 314 316 327 314 319 324 323 304 273 248 230 253 277 295 336 357 9 39 52 127 33 24 18 27 30 21 14 6 3 327 1 344 87 93 98 46 154 154 92 91 99 100 92 86 86 89 86 80 76
265 312 0 348 345 343 1 6 10 11 276 265 331 347 358 359 1 14 14 11 1 356 355 352 5 13 11 3 7 3 347 353 336 346 331 313 319 311 302 302 300 292 287 298 306 304 306 302 298 301 319 339 323 325 308 279 252 234 243 255 265 342 5 356 351 2 20 12 357 349 327 332 357 58 9 11 31 77 33 16 351 336 216 98 97 171 89 184 91 90 91 38 89 91 88 83
264 309 340 332 308 341 2 355 340 333 272 276 347 354 356 352 356 4 1 358 352 347 344 348 356 355 355 2 13 5 348 340 333 343 325 307 328 319 312 305 298 296 276 272 292 304 286 289 299 308 306 307 335 303 298 282 261 255 272 275 279 308 297 265 350 354 302 328 267 26 27 31 273 349 66 68 21 353 149 81 144 175 101 106 106 103 100 97 95 90 90 94 91 85 87 85
263 307 339 332 334 15 11 336 295 305 277 340 314 349 353 353 346 354 346 337 338 336 338 347 356 357 10 22 22 357 343 345 333 343 327 311 333 324 309 304 296 289 277 241 234 244 274 290 300 286 307 311 301 298 280 278 279 293 294 292 272 233 271 299 315 338 222 29 28 34 42 327 294 216 61 66 71 77 85 95 173 99 103 108 110 121 110 108 104 101 97 187 87 162 246 74
274 301 354 10 28 33 307 309 293 309 342 8 336 342 353 351 357 6 326 324 335 332 337 351 357 358 12 22 14 349 348 346 313 319 326 319 340 318 282 298 294 284 274 256 237 219 213 219 259 304 307 281 304 293 277 276 270 246 251 245 244 245 272 271 272 339 87 78 62 62 68 71 180 67 74 87 96 102 110 161 169 163 166 170 106 103 104 104 101 103 105 108 206 197 81 158
285 292 13 21 325 302 323 283 279 351 34 10 332 12 28 307 298 301 303 310 344 343 4 10 4 8 20 26 0 349 352 315 312 313 315 303 325 304 245 293 281 271 267 262 247 220 210 202 197 182 174 262 275 282 266 248 242 247 258 251 238 232 220 229 231 234 104 88 74 65 66 128 84 90 100 114 121 125 162 167 128 121 156 159 159 155 140 97 343 98 101 98 94 91 84 50
284 299 5 316 310 340 264 287 339 19 20 1 38 262 248 276 294 302 311 315 347 347 354 359 359 24 37 20 356 1 309 307 341 333 320 258 293 302 289 274 274 270 256 260 252 246 236 228 210 198 184 176 192 221 238 252 262 268 265 252 236 224 220 216 203 185 219 230 211 141 69 91 108 118 124 129 132 135 171 165 167 132 161 158 153 109 155 168 180 192 100 102 331 47 91 48
271 288 29 12 355 270 243 335 35 322 273 238 246 250 272 284 292 295 307 319 345 341 344 347 9 23 23 8 9 14 295 339 338 328 321 285 236 290 293 288 272 273 266 263 263 253 247 219 217 212 225 200 189 196 207 216 223 224 218 214 216 214 209 201 195 216 200 121 97 99 110 124 130 133 135 136 165 167 139 140 140 169 168 170 175 170 186 177 186 211 282 355 102 50 2 72
275 339 27 347 332 253 233 31 295 210 236 252 278 285 289 292 293 292 300 312 342 336 345 353 13 16 18 16 15 7 350 340 336 321 311 293 234 277 290 286 276 272 266 258 259 258 261 259 222 246 236 226 217 209 198 201 204 205 201 199 199 198 193 184 181 184 176 155 142 136 136 141 145 143 161 162 141 141 140 141 140 139 137 135 130 125 144 153 181 208 211 224 100 16 96 95
344 25 41 345 339 338 338 93 203 217 247 288 294 298 297 294 290 290 299 326 342 333 333 346 4 10 11 13 11 359 345 344 277 321 293 288 281 275 285 276 275 268 267 263 258 258 252 249 248 241 232 225 218 193 195 197 201 204 203 199 198 197 191 182 173 169 168 166 162 156 152 152 153 149 163 144 146 145 141 138 137 136 134 131 159 172 169 171 206 215 210 216 236 240 323 358
52 58 42 25 31 29 179 203 225 283 299 301 301 302 299 293 284 286 301 333 335 332 331 343 360 8 12 4 353 349 346 285 277 310 279 289 286 284 285 279 274 269 273 270 262 260 257 253 248 239 234 228 232 191 194 200 204 205 203 199 198 197 194 188 181 175 171 169 170 168 163 159 158 155 169 150 150 147 140 136 135 134 132 157 172 187 195 196 185 207 206 203 183 162 194 166
78 75 97 231 237 229 224 242 294 307 312 311 305 301 296 288 276 289 316 335 328 340 338 346 355 4 12 358 333 336 318 332 303 311 289 294 297 283 283 281 278 267 258 276 271 263 267 259 230 247 234 228 225 229 192 200 205 206 203 200 197 197 196 193 189 183 178 173 173 173 169 165 163 161 160 157 151 143 177 179 183 175 165 149 112 103 127 143 200 199 183 186 186 187 255 248
347 65 77 229 274 274 283 301 307 310 313 311 302 295 288 280 274 296 343 330 320 355 344 344 355 7 18 305 338 328 321 319 309 303 292 297 300 291 293 282 278 268 257 272 276 276 273 264 235 228 245 226 221 225 191 198 204 207 206 202 197 196 197 195 191 186 182 177 173 173 171 167 164 163 163 161 152 142 138 137 138 136 184 189 193 211 221 229 225 194 228 183 145 171 154 92
61 67 102 272 284 298 307 309 308 309 310 306 296 284 277 277 292 316 344 332 333 359 331 338 358 16 348 309 291 284 311 304 306 303 298 300 298 298 298 253 274 273 255 261 274 280 282 275 279 225 226 236 235 204 193 194 200 207 208 203 196 193 194 193 190 187 183 179 175 171 168 183 180 161 162 183 157 149 146 147 148 146 137 173 163 123 118 113 168 189 146 101 138 162 281 98
71 61 29 306 306 309 311 310 309 307 312 300 292 283 280 282 296 327 347 336 345 316 326 340 359 20 360 312 336 329 316 312 309 310 309 304 298 295 302 249 280 275 240 228 243 268 275 277 261 241 231 250 254 243 192 187 192 202 206 203 195 192 191 190 189 186 182 179 177 173 185 183 177 159 159 159 159 156 152 152 153 194 194 201 159 147 164 156 176 147 106 178 106 107 104 103
42 39 335 314 308 308 316 308 307 304 301 297 292 288 286 287 299 345 344 337 347 339 334 348 357 16 357 313 330 326 323 309 319 324 318 310 313 305 305 249 276 244 233 228 220 216 239 258 251 271 254 247 247 233 232 191 178 191 203 205 200 194 191 202 186 182 176 173 175 174 169 164 181 158 180 153 157 159 196 203 193 137 132 168 179 200 198 182 110 109 115 164 171 223 238 97
35 32 355 311 303 302 303 304 303 301 297 295 293 289 297 292 307 355 341 334 346 342 344 351 5 24 314 311 336 330 336 322 311 323 327 325 321 304 315 253 247 235 254 223 213 208 232 252 249 250 248 244 242 235 202 223 169 174 198 207 204 197 189 184 180 177 170 164 167 172 172 167 182 161 157 183 172 183 155 148 142 138 137 132 122 113 107 104 103 111 121 119 115 179 108 97
46 39 322 306 298 295 297 300 301 306 295 294 292 289 290 300 317 359 343 337 343 348 356 358 25 16 306 314 336 340 346 322 310 316 325 326 318 314 317 252 238 234 229 220 211 206 255 247 243 225 221 239 241 224 218 193 193 120 180 202 204 199 190 180 175 172 166 180 157 164 170 170 186 185 185 185 188 177 155 174 147 144 144 142 135 123 115 114 115 120 123 119 121 124 119 213
14 347 313 311 296 293 296 309 309 307 306 305 304 298 294 312 332 5 345 342 341 353 3 359 14 1 322 330 333 344 347 325 311 322 324 324 319 316 319 236 249 291 227 265 214 207 203 246 248 243 223 215 231 230 235 211 192 193 149 181 201 201 194 186 179 173 166 160 181 155 162 167 193 194 193 188 180 179 175 176 149 147 169 147 145 137 130 129 129 129 127 122 122 125 126 123
354 323 308 311 297 295 298 311 310 309 311 311 300 298 300 327 344 11 350 346 347 2 8 4 11 324 330 334 341 350 348 325 312 339 341 332 318 321 327 236 252 304 226 225 216 204 245 202 219 212 213 210 232 205 218 229 194 162 144 146 188 202 199 193 187 182 175 168 159 155 177 180 192 189 189 158 171 169 167 168 168 174 169 145 145 143 139 135 132 131 133 129 230 129 129 129
312 308 316 309 297 297 299 310 308 309 311 314 303 301 296 318 347 13 359 347 354 12 1 360 6 317 349 347 332 353 342 325 320 355 294 335 310 303 339 237 256 311 222 225 244 205 198 250 245 246 210 213 232 193 219 205 200 169 157 148 166 199 204 199 194 191 186 177 168 162 181 182 184 185 190 193 169 171 163 159 167 179 178 140 140 140 135 125 122 124 130 132 128 123 250 245
313 313 310 307 296 296 309 308 307 309 311 313 311 294 284 289 339 28 7 347 5 350 2 8 327 314 346 345 335 344 333 326 339 337 304 341 316 307 344 234 228 297 310 220 219 208 198 237 255 226 241 235 231 205 196 224 201 175 170 162 162 185 205 203 198 194 191 206 199 181 165 175 177 184 194 193 170 167 161 153 161 176 191 216 137 139 135 216 230 124 127 128 129 121 252 126
305 309 318 304 303 305 308 308 309 313 312 295 307 290 283 287 337 16 354 351 11 352 0 359 319 0 354 3 356 353 339 332 7 324 6 333 312 329 341 249 222 302 301 212 218 258 200 189 255 215 249 240 231 207 197 208 233 226 207 241 168 176 198 203 198 193 188 182 203 203 152 160 174 185 183 185 174 158 161 158 157 181 183 186 209 143 141 164 206 242 125 122 131 129 259 234
307 313 306 302 302 307 311 310 314 305 302 298 296 310 291 293 1 21 357 358 12 352 0 317 2 357 3 4 351 1 352 342 351 341 345 282 321 342 347 255 238 310 318 222 215 213 245 211 247 243 250 246 246 206 210 208 233 237 214 212 167 177 188 199 199 194 187 207 172 214 142 127 145 165 146 145 174 155 151 175 192 181 145 140 203 146 182 225 217 126 123 271 121 130 119 268
305 310 304 301 304 312 314 313 329 311 309 304 303 312 301 305 14 15 1 8 14 4 356 357 342 0 4 5 4 14 5 351 2 12 349 290 323 352 358 257 339 327 330 226 209 212 257 193 238 246 241 247 238 208 213 212 237 214 184 178 255 179 184 191 198 221 214 208 207 210 223 129 120 141 121 153 152 152 150 155 173 169 189 194 218 150 193 202 227 221 125 117 261 117 127 116
311 310 303 302 308 312 318 314 322 310 307 302 300 310 303 317 22 18 12 14 358 319 352 320 319 1 4 7 9 20 10 350 7 1 351 162 330 356 1 186 318 323 338 236 198 205 220 256 240 263 241 255 260 203 209 214 237 243 224 207 216 172 182 184 189 224 185 219 171 160 151 190 175 153 117 150 149 149 147 173 139 150 189 223 238 148 148 220 255 286 266 121 113 259 342 129
307 310 304 302 310 326 316 311 324 302 313 290 313 292 298 318 25 314 16 315 318 316 349 319 323 6 10 16 12 20 31 352 355 10 350 336 141 3 55 154 315 321 327 268 190 357 238 216 262 250 260 257 270 201 202 200 189 243 215 213 182 230 201 163 180 185 180 171 165 158 150 146 144 171 120 117 150 151 148 143 167 146 139 237 258 138 142 136 133 132 128 298 267 241 271 325
313 310 303 302 312 315 306 320 319 313 290 330 288 290 292 2 314 315 315 316 317 6 313 314 321 10 17 30 17 13 34 11 4 27 351 341 344 10 86 56 349 344 315 336 226 139 3 199 198 192 272 238 278 197 205 199 186 183 192 194 186 178 173 265 173 182 178 167 161 157 153 148 145 142 175 145 149 151 144 145 242 359 149 45 269 302 133 131 131 131 341 1 326 268 121 136
315 309 304 286 319 316 312 307 315 320 289 290 289 287 292 12 306 311 312 312 358 338 311 316 327 4 29 41 15 359 31 29 27 23 0 346 358 54 94 355 355 101 337 312 319 6 72 189 199 191 176 245 306 199 203 197 190 186 191 194 188 181 173 165 203 175 176 167 160 157 153 177 149 143 140 141 144 146 144 143 142 297 142 147 353 268 302 335 20 134 311 318 354 272 116 114
317 311 306 303 328 315 315 289 308 309 289 290 285 281 286 4 298 305 305 358 353 305 301 312 336 11 40 310 15 356 27 43 36 17 11 359 7 96 100 353 8 296 198 312 292 340 114 184 198 265 208 170 183 199 199 197 197 192 189 192 241 186 179 169 161 164 170 249 160 186 153 151 132 148 143 141 165 141 88 142 144 137 330 143 144 16 294 242 297 21 355 301 15 24 298 114
316 312 308 310 317 315 311 286 308 311 284 287 282 276 328 289 296 301 300 355 346 281 279 294 341 26 43 48 22 358 36 52 21 25 33 13 62 97 28 9 95 344 345 323 320 313 20 185 193 293 287 299 188 195 195 202 205 226 224 192 194 227 186 178 164 217 161 153 159 155 152 150 112 136 169 143 181 79 52 143 144 138 269 349 52 55 31 317 225 287 334 306 311 1 17 118
320 312 313 319 314 318 289 284 314 308 282 283 305 277 287 292 292 293 1 348 275 264 257 275 319 29 42 46 33 1 27 47 10 27 35 36 72 77 31 150 161 169 273 331 332 320 353 186 189 193 316 181 192 193 196 202 202 200 196 195 196 229 194 224 173 159 150 133 166 153 149 146 180 108 163 192 207 306 335 146 326 144 134 259 339 45 40 37 29 324 292 267 116 269 329 122
321 316 317 314 314 317 316 309 321 280 282 279 274 308 337 287 353 4 352 336 262 249 238 231 342 41 52 53 43 22 13 49 23 11 35 63 74 68 95 155 156 160 169 17 344 334 306 110 186 185 312 4 185 194 200 196 306 199 199 196 195 263 198 195 278 272 212 135 124 173 173 144 188 163 309 217 260 301 254 247 277 329 340 241 216 355 6 331 16 31 335 306 313 252 113 129
319 321 317 313 320 321 320 320 322 284 280 274 268 325 344 347 348 348 261 257 246 231 221 210 6 70 65 63 55 21 16 91 43 6 32 74 57 62 158 159 155 158 171 62 24 335 354 180 183 185 329 311 312 194 198 195 194 263 198 196 192 190 195 192 285 308 275 136 72 75 153 256 233 210 294 317 322 346 224 136 134 247 303 325 309 334 347 131 129 260 317 199 108 102 100 105
324 323 319 318 322 320 293 291 291 290 283 273 264 329 334 346 351 321 255 245 233 219 207 330 25 61 73 73 61 42 69 92 34 140 3 59 45 69 103 153 152 155 167 54 92 348 25 176 116 131 358 320 244 194 195 195 193 193 196 250 278 262 190 186 313 156 345 35 46 73 80 131 189 141 143 278 269 301 324 241 228 135 259 302 261 30 39 55 126 115 106 101 100 100 101 101
