examples/cougarCreek-fire/createInputs/WindNinja/wrfout_d3.2015081000.f12/cougarCreekFire_08-10-2015_1200_217m_non_neutral_stability_vel.asc
ncols	146
nrows	140
xllcorner	610065.000000
yllcorner	5095217.000000
cellsize	216.586807
NODATA_value	-9999.000000
[rows 74 to 110 of 140, columns 0 to 81 of 146]
18.26 21.22 25.93 26.55 24.46 22.07 21.89 21.21 20.08 18.48 17.67 17.93 18.25 16.00 10.79 3.60 7.48 9.19 8.28 12.33 9.83 6.67 8.76 9.52 6.84 6.63 8.74 5.67 4.70 7.02 8.15 7.15 8.08 2.38 2.21 4.19 6.02 6.13 3.89 4.54 5.10 4.75 3.73 6.10 8.62 9.76 9.19 7.72 6.36 6.03 8.13 8.01 7.70 6.31 9.38 7.57 7.93 7.72 7.03 3.77 5.96 5.86 9.61 11.97 11.93 11.49 11.29 8.85 7.92 6.34 8.24 7.49 6.81 6.48 6.76 6.34 6.22 6.45 6.50 11.65 7.49 8.23
23.60 23.73 26.09 27.09 25.40 22.96 21.54 20.71 18.94 16.58 15.64 17.06 19.17 15.61 10.79 4.71 8.45 6.05 7.20 12.28 9.37 6.99 8.98 7.24 7.26 8.82 8.61 7.63 8.07 7.58 7.04 7.48 5.24 1.71 4.60 5.18 4.82 5.93 3.51 2.10 4.87 5.36 3.66 5.45 7.46 6.12 9.20 8.29 6.46 6.29 7.05 6.56 6.70 6.70 9.44 6.96 6.46 7.84 7.37 6.22 6.37 5.71 7.28 10.01 10.76 10.20 9.78 9.77 7.35 3.56 3.83 4.56 4.27 3.97 4.47 5.09 5.60 6.01 6.38 6.43 6.11 7.63
24.68 24.88 28.07 27.98 25.00 22.42 20.87 20.37 18.09 14.22 15.25 17.50 17.74 17.52 10.02 4.57 10.60 7.61 9.50 10.54 9.71 7.27 7.00 6.87 9.23 9.92 8.29 7.82 7.68 6.91 6.43 7.53 3.10 1.99 4.56 2.17 5.91 4.44 3.76 1.76 2.21 4.55 4.97 2.45 6.11 8.27 8.80 8.15 6.65 4.14 4.93 5.44 5.26 6.61 6.62 6.41 6.77 7.92 7.27 6.43 3.88 6.37 6.37 7.67 9.36 9.75 9.59 7.14 8.69 3.98 0.96 2.25 2.45 2.65 3.21 5.10 5.45 6.12 6.05 6.30 5.08 7.40
27.36 26.91 29.10 27.52 23.91 21.54 20.40 20.78 18.92 16.05 17.69 18.16 16.52 17.33 9.08 4.29 10.39 7.98 9.35 9.97 9.04 7.22 6.10 9.11 12.51 9.66 8.16 8.28 8.21 6.76 5.90 7.39 2.65 5.09 4.94 1.72 5.79 5.46 3.65 1.24 3.33 4.76 4.28 1.86 5.13 7.05 4.96 8.46 7.05 3.44 3.73 4.51 3.95 5.72 6.30 6.24 7.09 7.68 7.68 7.25 4.39 6.48 6.06 6.19 7.48 6.54 6.21 6.19 6.47 5.00 1.95 1.56 2.81 2.75 3.98 9.55 5.56 4.76 10.06 6.68 4.88 5.24
27.33 27.47 28.96 26.62 23.02 20.78 21.86 21.47 18.69 18.44 20.18 18.45 14.26 15.78 8.01 4.50 10.00 7.70 9.28 8.74 6.25 7.03 6.82 6.03 5.49 10.59 9.41 8.50 8.31 6.96 2.79 6.09 5.39 5.36 6.37 2.11 6.01 6.04 0.96 1.00 4.44 5.48 3.40 1.49 1.21 5.70 4.46 6.66 7.38 3.75 3.26 4.37 3.37 5.22 5.83 6.10 7.76 6.63 6.48 7.99 6.15 2.48 5.70 5.85 6.74 5.20 7.05 5.18 7.64 7.64 7.77 4.17 1.87 2.59 4.52 9.42 9.79 9.53 9.34 4.69 3.44 8.77
28.17 27.58 28.80 26.35 23.14 21.65 21.80 21.29 20.30 18.58 19.65 16.91 15.35 9.64 6.56 10.63 5.84 6.87 8.11 6.87 7.13 7.64 10.71 5.13 4.41 10.82 9.58 8.28 8.49 6.99 5.61 5.17 6.79 5.67 7.12 2.19 1.07 6.72 1.58 0.89 2.62 5.63 4.93 1.05 3.71 2.36 1.74 3.66 6.86 6.86 3.05 4.73 4.26 3.83 8.35 8.41 8.22 7.13 5.38 7.99 6.33 5.47 1.46 1.92 6.35 7.24 7.15 7.15 7.66 8.14 8.43 8.57 8.71 3.87 3.41 4.93 9.26 9.19 9.14 8.71 0.60 6.37
26.94 26.80 28.48 27.19 23.14 19.02 19.14 21.46 19.85 17.87 16.29 19.93 13.13 9.83 6.08 9.27 6.67 7.34 7.60 8.02 8.22 10.13 5.82 3.78 3.00 10.56 9.58 7.26 8.14 7.95 6.17 6.19 7.87 5.97 5.68 2.12 2.48 6.29 1.77 0.68 4.66 2.83 5.53 4.89 0.36 0.16 0.87 5.18 6.46 6.25 4.52 4.37 5.45 7.02 8.04 8.04 7.90 7.74 5.19 7.65 6.78 6.01 5.59 4.92 5.80 7.09 7.73 7.67 8.06 8.51 8.88 9.19 9.09 8.75 3.79 1.53 8.32 8.86 5.59 8.02 2.59 2.27
27.33 25.89 28.03 23.38 21.95 18.12 18.71 19.02 20.85 20.05 14.32 13.75 14.58 11.34 6.77 6.10 7.43 7.48 8.31 9.09 10.73 10.53 4.44 2.88 2.27 11.43 8.81 5.08 7.61 9.10 6.79 6.86 6.73 6.45 5.50 5.39 5.64 2.10 1.96 3.62 4.82 0.21 4.07 4.71 5.19 3.03 1.19 4.31 5.91 6.09 5.99 4.84 4.98 6.94 7.71 8.17 8.34 8.04 8.02 8.20 7.90 7.37 6.61 5.90 0.69 6.46 7.67 8.06 8.37 8.68 8.97 4.73 9.05 8.68 8.22 7.89 8.26 8.65 8.43 7.41 5.46 3.88
26.97 25.40 27.44 26.18 21.44 18.85 18.88 19.48 20.75 19.23 13.02 13.20 14.08 11.13 7.28 5.88 7.89 8.00 8.63 12.04 11.19 4.58 3.05 1.76 1.55 11.86 5.85 0.95 8.57 8.16 7.83 4.56 6.73 6.23 6.85 4.11 6.30 2.70 2.06 4.45 2.93 0.21 0.85 3.04 3.81 3.96 1.28 4.34 5.76 3.80 4.92 6.32 5.91 6.48 6.74 6.73 7.90 8.35 8.10 8.63 6.15 8.48 7.52 6.47 5.81 6.11 7.21 3.13 8.20 3.54 8.73 8.64 3.69 8.68 8.47 8.53 0.69 8.18 2.49 6.18 5.12 4.12
24.80 24.44 27.07 24.83 20.46 20.01 18.06 19.13 20.31 17.93 12.07 13.69 13.54 10.19 11.45 8.31 9.01 8.82 8.22 13.31 11.14 3.98 2.51 0.98 10.04 9.88 5.61 5.85 8.74 5.14 7.42 5.27 6.81 6.86 6.29 6.93 3.24 3.36 4.14 4.28 1.34 3.26 3.09 3.09 3.91 4.09 2.57 4.55 5.40 1.66 4.58 4.14 6.14 5.93 5.05 4.05 5.71 4.24 3.52 7.59 8.41 5.65 8.18 7.09 6.38 4.54 7.00 2.52 7.71 7.86 8.08 8.15 3.05 4.95 5.13 8.70 3.18 1.70 1.45 5.08 4.28 4.23
26.19 24.05 26.35 23.30 20.36 20.07 19.63 18.43 19.51 13.47 12.64 15.52 19.01 11.21 9.33 9.81 9.70 8.50 9.20 10.68 5.58 4.53 2.94 1.10 1.30 9.46 7.44 7.48 7.60 3.93 8.11 5.09 6.25 7.07 6.88 6.58 4.22 3.47 5.40 3.32 3.35 4.30 2.91 3.94 3.10 4.80 3.23 4.40 4.97 0.46 4.86 4.74 5.00 4.76 3.98 3.54 4.04 5.38 5.90 6.02 6.79 4.03 7.83 4.70 7.23 7.47 2.87 2.43 1.80 7.54 7.66 7.76 1.87 3.21 1.78 2.27 2.14 1.79 1.97 4.32 3.49 3.98
26.93 24.35 25.10 22.22 21.68 20.24 17.05 16.97 17.68 12.48 13.94 16.45 15.68 17.04 9.13 9.78 11.42 11.03 11.24 11.20 5.41 4.63 3.58 2.08 5.51 8.10 7.18 6.95 7.85 2.74 7.21 6.90 6.77 6.74 6.09 4.22 4.10 3.34 4.24 3.17 3.70 4.19 3.87 0.79 2.10 3.71 0.35 2.43 4.81 4.94 3.60 0.64 3.97 4.00 4.25 4.44 1.64 4.51 5.09 5.27 5.40 2.58 6.00 7.20 6.61 5.28 1.83 1.49 2.17 1.11 2.42 7.85 4.87 2.57 0.78 1.11 1.22 2.14 2.59 3.59 3.97 3.68
28.43 25.02 23.60 22.09 23.88 20.37 16.54 16.64 14.34 12.38 14.36 15.56 13.83 15.28 12.19 10.43 9.79 11.93 6.60 6.63 6.12 5.24 4.38 3.57 8.43 5.33 7.36 6.84 7.52 5.98 7.24 6.93 6.51 1.76 5.89 3.75 4.67 4.75 4.33 4.58 4.83 4.40 3.44 1.37 2.97 3.45 3.33 4.42 4.92 5.40 1.93 3.17 5.71 4.27 4.59 4.84 4.77 1.22 4.93 5.16 4.89 4.50 4.89 5.79 3.55 6.30 1.23 0.37 1.39 1.61 7.64 3.24 3.33 1.87 1.14 2.59 2.68 2.52 2.22 4.26 3.70 4.43
28.74 24.05 22.22 22.66 24.02 19.35 16.97 15.32 13.42 12.85 14.28 14.07 11.68 16.26 13.83 11.48 9.52 11.55 6.52 6.62 6.69 6.36 5.84 3.15 6.75 7.15 7.54 7.14 7.58 7.51 6.09 5.58 5.69 4.96 4.50 4.29 4.83 4.88 5.33 5.64 4.79 3.81 3.30 2.25 2.37 3.35 2.82 4.78 2.56 1.68 1.39 4.06 2.95 4.59 5.06 5.42 5.23 5.01 5.28 2.00 2.56 1.83 5.24 5.42 3.24 5.22 1.19 0.26 1.32 2.20 3.27 1.97 1.20 5.66 4.69 2.16 2.34 3.37 2.94 2.19 3.88 3.85
27.89 23.02 23.67 25.41 22.58 22.10 18.03 15.96 13.38 13.18 14.20 13.07 9.97 13.31 16.03 11.05 9.81 6.96 6.52 7.06 7.30 6.75 6.63 8.07 6.91 7.10 7.82 7.49 7.09 6.46 6.56 6.32 6.13 5.85 0.99 4.36 4.41 4.89 6.05 5.43 4.58 4.41 4.30 2.53 2.93 1.31 2.02 1.87 2.30 5.17 0.85 3.61 4.92 5.74 1.06 5.78 2.70 2.46 6.03 2.36 2.13 2.02 2.39 6.35 2.90 5.32 2.29 1.24 1.68 1.79 2.35 1.55 1.70 5.16 4.67 4.19 4.26 4.12 4.05 2.59 2.82 3.10
22.21 21.83 26.17 25.82 20.67 21.48 18.75 16.05 12.94 12.60 13.45 15.41 9.11 6.85 15.78 9.88 11.13 7.90 6.99 7.75 8.24 7.59 7.01 6.99 7.22 7.11 6.85 5.36 5.22 5.52 5.69 5.70 5.56 6.44 6.23 4.89 4.36 4.27 6.27 5.74 5.63 3.78 6.04 2.81 3.82 1.64 2.89 1.89 2.80 2.30 1.34 2.57 5.29 5.06 1.21 5.86 2.22 2.82 1.23 2.52 2.88 2.59 2.67 3.06 3.74 3.94 4.65 2.55 3.87 3.75 1.75 3.04 2.36 1.30 1.76 4.36 2.71 2.37 4.36 3.77 4.04 4.18
20.59 20.10 25.01 24.38 19.44 19.09 17.09 15.82 12.63 12.26 13.13 15.40 8.72 5.74 16.59 10.56 12.40 8.26 7.47 8.11 8.71 8.76 8.76 5.02 7.77 8.47 8.70 5.25 3.23 5.20 6.71 5.10 5.33 1.88 7.47 0.50 4.04 2.96 7.48 7.17 6.84 4.06 7.43 0.99 3.45 1.40 3.53 4.18 5.70 5.90 2.61 0.82 5.78 5.62 5.79 0.86 6.54 3.09 6.89 7.23 3.38 4.35 7.78 2.28 2.05 2.94 5.88 4.88 6.28 6.60 7.33 3.44 4.95 4.88 4.78 1.82 1.52 1.25 3.55 4.83 3.98 3.39
18.49 18.60 23.67 23.00 19.35 18.13 16.27 16.71 12.40 12.58 13.78 12.00 8.23 5.52 6.73 11.84 12.05 7.74 7.64 8.36 8.87 8.92 5.78 5.09 9.08 9.98 6.45 4.98 5.92 6.29 4.98 3.69 2.50 1.68 2.48 1.56 4.16 2.34 8.33 6.25 5.64 2.35 8.69 0.56 2.24 1.84 3.46 5.91 6.09 6.27 6.38 6.50 5.25 5.36 4.69 2.41 2.59 3.23 2.21 7.62 2.29 3.95 3.44 3.66 2.72 6.65 3.83 2.01 3.27 3.97 3.70 6.67 4.53 4.94 2.93 1.18 1.74 1.36 1.50 4.72 4.97 2.73
22.35 16.28 23.16 24.13 22.23 22.01 15.55 14.84 16.07 12.13 13.66 18.17 8.02 12.58 6.73 13.37 8.74 10.35 7.72 8.26 8.53 4.32 5.57 9.06 9.62 10.91 2.00 4.58 7.29 7.63 2.11 0.60 2.51 3.34 1.27 1.85 3.70 3.55 5.51 8.35 5.17 1.58 8.60 7.82 7.44 3.52 4.20 4.24 7.03 7.15 7.27 7.38 4.72 7.64 7.55 4.44 2.78 3.64 1.64 2.83 1.78 2.30 3.89 4.19 4.75 5.99 5.55 5.17 3.12 4.18 3.72 6.47 4.56 4.60 1.83 2.11 5.25 4.74 5.32 4.38 4.57 4.00
21.87 18.73 18.62 18.01 22.17 22.98 14.03 11.79 14.20 11.40 14.94 15.52 8.63 10.76 9.24 10.83 9.03 4.10 8.05 8.32 8.20 3.52 2.68 6.86 10.41 11.18 3.40 5.09 5.21 4.25 1.90 2.50 2.73 3.29 2.65 5.52 8.02 7.70 7.73 8.05 8.25 8.26 8.12 7.62 7.20 4.65 4.15 7.45 7.58 7.77 8.27 1.61 3.46 7.90 7.37 7.11 4.70 5.31 2.56 2.67 1.89 2.47 4.43 5.41 4.68 3.19 2.71 1.43 6.39 4.57 4.29 6.81 4.46 4.37 1.45 3.31 3.33 2.87 3.14 2.53 2.36 2.40
18.22 19.03 18.76 16.97 24.68 22.45 13.86 10.98 10.37 10.62 12.11 13.38 11.49 8.88 8.76 9.48 7.28 6.29 9.01 8.91 9.01 3.41 3.52 5.91 11.10 11.00 4.76 2.59 0.34 3.64 3.75 0.67 3.40 4.18 8.01 7.89 8.00 8.25 8.41 8.39 8.37 8.47 8.62 8.42 7.87 7.35 7.11 7.22 7.42 7.65 8.03 2.72 4.00 7.41 6.95 6.66 5.45 6.39 4.58 2.54 2.29 1.92 5.25 6.60 5.89 5.54 5.52 4.14 7.20 4.43 4.72 6.65 4.11 1.75 2.63 1.86 3.71 2.79 4.33 2.43 2.46 2.30
18.62 18.77 26.22 15.41 22.95 20.32 10.07 9.23 10.23 6.58 12.08 11.38 9.23 9.50 7.89 8.49 9.68 6.08 9.36 9.17 9.92 5.81 3.28 10.48 10.65 10.69 3.04 1.32 9.78 5.61 10.19 1.91 3.71 5.29 8.36 8.79 9.15 9.36 9.23 8.80 8.77 9.07 8.95 8.46 7.90 7.41 7.10 7.05 7.11 7.08 6.85 6.49 6.18 6.13 6.21 6.12 5.80 5.55 5.55 5.83 2.19 3.35 5.02 5.61 5.42 5.38 5.14 3.93 4.43 4.66 4.41 4.48 3.07 3.04 3.99 4.41 2.62 2.37 2.46 3.92 2.43 2.33
17.69 17.32 25.10 22.93 21.16 18.69 9.50 9.86 8.54 10.24 10.25 13.23 9.99 8.66 8.63 7.49 9.19 5.49 8.94 8.23 8.51 5.21 9.21 9.71 10.20 10.29 2.56 1.20 4.29 7.25 5.48 4.20 6.68 8.81 9.15 9.50 9.86 9.96 9.75 9.19 8.75 8.82 8.78 8.38 8.05 7.80 7.48 7.15 6.89 6.61 6.19 5.65 5.34 5.36 5.37 5.26 5.17 5.10 5.08 5.18 4.67 3.65 5.06 5.10 4.38 4.96 4.26 3.61 3.32 4.87 4.68 4.39 2.99 5.08 5.82 3.67 2.16 2.25 2.36 3.67 2.38 2.28
17.56 16.50 24.89 21.91 19.50 14.66 12.54 8.68 10.64 12.91 7.36 10.86 9.40 10.74 6.14 10.72 7.34 7.42 8.75 6.95 6.96 6.97 8.10 9.70 10.70 1.58 10.44 3.65 5.11 8.70 5.12 8.46 8.70 9.23 9.60 9.80 10.00 9.94 9.59 9.03 8.53 8.45 8.55 8.57 8.50 8.34 7.99 7.48 7.00 6.58 6.14 5.75 5.50 5.30 5.09 4.88 4.81 4.79 4.75 4.69 4.60 4.63 4.81 4.92 4.81 4.49 4.05 3.60 3.26 3.02 2.62 2.14 1.97 4.16 2.45 5.09 4.85 2.27 2.41 4.62 2.18 2.16
18.36 16.22 13.51 20.34 20.23 9.61 12.13 8.54 7.54 7.88 11.99 7.59 10.14 10.87 5.26 5.44 11.62 6.74 6.17 5.46 7.23 6.89 7.22 8.53 0.97 2.91 1.37 9.48 3.59 3.82 5.33 9.44 9.47 9.81 10.10 10.22 10.17 9.85 9.03 8.35 8.19 8.17 8.33 8.55 8.60 8.50 8.32 7.85 7.20 6.58 6.11 5.87 5.77 5.52 5.15 4.93 4.85 4.77 4.65 4.51 4.36 4.26 4.32 4.35 4.20 3.97 3.71 3.38 3.04 5.90 2.27 1.99 2.09 4.98 4.72 6.98 5.16 2.21 2.37 4.84 4.46 4.69
16.66 22.50 11.68 19.90 14.33 10.28 16.80 7.89 6.96 15.33 14.43 7.28 11.43 14.24 4.40 10.91 10.57 10.16 6.92 6.24 6.48 6.15 7.48 8.21 9.50 2.24 1.67 1.93 0.48 3.23 5.54 6.59 10.11 10.03 10.11 10.09 9.92 9.24 8.14 7.70 7.82 8.07 8.49 8.65 8.58 8.49 8.40 8.15 7.68 6.99 6.43 6.22 5.99 5.69 5.34 5.12 5.06 4.89 4.68 4.49 4.31 4.13 3.95 3.85 3.79 3.66 3.48 3.30 3.04 2.72 2.43 2.34 4.23 4.21 4.41 4.61 5.95 5.14 1.95 1.75 5.14 2.80
12.70 19.76 10.11 20.19 8.47 11.59 16.80 8.90 17.07 6.22 6.79 8.05 11.55 5.47 10.00 3.42 7.23 7.81 6.59 6.49 6.02 6.45 7.57 7.64 5.02 2.91 2.10 0.73 1.92 3.29 10.31 9.98 9.86 9.75 9.75 9.72 9.51 9.18 8.67 7.84 7.76 8.80 9.23 8.97 8.75 8.64 8.60 8.64 8.42 7.67 6.97 6.51 6.14 5.91 5.67 5.43 5.24 5.05 4.81 4.58 4.36 4.09 3.84 6.79 3.52 3.43 3.33 3.18 2.94 2.68 2.47 2.31 2.20 1.99 1.77 4.38 4.62 4.77 1.36 1.96 3.50 6.03
12.12 10.81 8.88 17.54 8.35 15.46 15.89 7.01 5.83 16.86 6.48 11.43 9.28 10.51 11.51 10.99 6.54 7.17 5.63 7.95 7.19 6.60 6.73 6.91 7.57 8.30 1.38 2.08 2.54 4.55 9.63 9.38 9.43 9.49 9.37 9.37 9.69 10.16 9.80 8.33 8.28 9.72 9.98 9.35 9.08 8.96 8.99 9.06 8.76 8.26 7.61 6.64 6.11 6.04 5.88 5.71 5.51 5.26 4.96 4.62 4.31 4.07 3.90 3.72 3.51 3.32 3.17 2.93 2.59 2.34 2.16 1.98 4.91 5.14 5.42 5.00 4.66 5.03 5.91 3.92 5.16 4.24
11.54 10.15 8.37 8.23 8.73 13.21 7.91 13.60 13.96 15.42 5.61 13.07 11.87 11.16 9.56 4.24 5.01 9.52 6.79 5.75 7.46 7.96 8.11 6.59 6.78 7.51 2.91 2.31 1.54 8.90 9.04 8.87 8.96 8.99 8.83 8.83 9.45 9.91 9.06 7.51 7.53 9.15 9.71 9.23 8.90 8.87 8.90 8.87 8.76 8.64 8.14 7.22 6.49 6.08 5.76 5.53 5.42 5.27 5.00 4.59 4.22 4.04 3.96 3.74 3.38 3.07 6.08 5.91 5.36 6.03 6.00 6.13 6.12 5.65 4.51 4.39 4.63 4.33 4.91 4.48 3.27 4.31
11.38 10.59 9.41 7.85 16.25 8.00 18.10 15.05 12.54 3.33 4.09 7.99 6.57 11.47 11.20 5.00 5.27 8.56 4.02 5.34 8.76 6.52 10.55 6.18 4.65 4.34 2.86 2.09 2.43 8.98 2.75 2.88 8.81 8.53 8.38 8.36 8.36 7.89 6.53 5.10 5.52 7.29 8.41 8.44 8.09 8.00 8.11 8.20 8.37 8.40 8.08 7.77 7.16 6.14 5.40 5.06 4.91 4.85 4.71 4.40 4.07 3.85 6.44 3.31 2.98 5.71 6.14 5.85 5.14 5.36 5.53 5.81 5.55 5.66 5.19 4.65 4.54 5.60 4.35 4.41 3.64 5.20
10.38 8.94 6.85 5.53 6.31 13.58 6.53 14.81 15.68 4.58 4.78 5.81 10.26 14.17 5.60 9.07 8.85 8.96 3.68 8.21 4.18 10.52 9.24 7.58 3.52 4.04 2.99 3.49 2.15 1.98 2.10 1.61 8.69 8.25 8.05 7.82 7.14 5.95 4.78 4.61 5.47 6.54 7.46 7.94 7.84 7.61 7.67 7.84 7.89 7.84 7.87 7.94 7.43 6.18 4.95 4.37 4.29 4.31 4.22 4.03 3.88 3.74 3.48 3.16 2.95 6.27 6.22 5.58 2.09 1.94 5.23 5.27 5.20 4.90 5.18 5.26 4.52 4.63 5.12 6.49 4.99 5.54
9.48 7.41 5.39 4.54 3.99 5.72 18.76 5.47 4.97 6.60 6.03 6.29 6.15 15.35 5.78 4.56 9.43 9.11 3.59 8.34 7.62 5.33 6.16 5.59 6.28 6.85 1.82 6.18 2.21 1.25 7.79 7.83 7.83 7.74 7.65 7.30 6.66 6.01 5.60 5.71 6.30 6.87 7.30 7.79 7.98 7.86 7.82 7.96 7.93 7.77 7.84 8.01 7.64 6.43 4.87 3.85 3.78 3.93 3.96 3.89 3.77 3.65 3.53 3.39 5.38 5.51 5.51 2.30 2.15 2.04 1.95 5.24 5.24 5.11 5.05 5.26 5.27 4.89 4.68 4.73 3.90 4.82
9.09 8.43 7.30 6.38 5.70 5.77 6.75 6.30 17.01 5.31 8.23 6.43 15.53 7.63 5.59 2.72 10.45 9.49 2.52 9.56 8.05 6.04 3.53 5.57 5.23 3.50 6.35 5.83 3.35 6.79 6.77 6.89 6.96 7.08 7.17 6.95 6.63 6.47 6.42 6.48 6.64 6.88 7.17 7.49 7.77 7.85 7.82 7.88 7.99 8.04 8.09 8.21 8.10 7.10 5.26 3.81 3.70 3.81 3.87 3.85 3.77 3.69 3.63 3.56 3.32 2.87 2.48 2.23 2.03 1.96 1.95 1.79 1.54 4.90 5.22 5.58 5.22 5.49 4.71 3.56 5.00 5.72
9.18 8.93 8.68 8.38 8.00 7.88 7.35 6.18 6.36 4.73 8.06 14.55 13.96 6.66 15.84 10.90 2.73 2.34 1.79 2.38 8.36 7.46 5.75 6.09 4.84 5.95 4.97 5.55 6.83 6.64 6.59 6.82 6.94 7.03 6.89 6.59 6.79 7.66 7.32 6.63 6.57 6.61 6.82 7.07 7.25 7.37 7.32 7.31 7.51 7.70 7.86 8.17 8.23 7.31 5.96 4.84 4.19 3.93 3.90 3.85 3.80 3.77 3.65 3.38 2.94 2.46 5.86 5.78 5.98 5.92 6.01 5.62 5.25 5.08 5.25 5.08 4.97 5.24 4.71 4.88 4.69 5.15
8.40 7.65 8.15 8.48 8.30 7.36 6.33 5.71 4.92 18.37 3.35 12.98 7.04 11.47 11.12 8.86 9.27 7.91 5.98 7.53 9.54 4.24 5.73 5.09 4.55 5.94 2.89 2.58 6.81 1.42 6.85 7.39 2.27 7.32 6.80 5.59 6.55 6.54 6.41 6.28 6.23 6.33 6.51 6.66 6.77 6.48 6.80 6.74 6.79 6.86 6.89 7.13 7.16 6.82 6.64 6.29 5.17 4.21 3.93 3.87 3.74 3.53 3.36 3.10 2.68 5.87 5.56 5.36 5.57 5.64 5.80 1.46 5.28 5.32 5.53 5.39 5.29 5.22 5.25 5.41 5.91 5.64
9.23 8.10 8.93 8.25 7.90 6.94 5.83 5.30 4.37 4.38 2.14 4.64 12.46 13.50 12.65 12.78 4.63 8.69 7.21 6.32 7.34 6.85 1.66 8.07 1.79 5.16 5.35 6.45 7.03 4.01 7.94 3.32 7.39 6.99 4.13 6.55 4.94 6.35 5.95 5.70 5.85 6.05 6.26 6.40 5.90 6.54 6.49 6.44 6.38 6.27 6.01 5.70 5.73 6.43 6.80 6.42 5.54 4.60 4.11 3.95 3.75 3.34 3.07 2.95 2.71 2.39 5.67 5.66 5.86 1.59 5.26 1.42 5.31 1.09 0.97 5.27 5.44 5.65 5.84 5.42 5.75 5.85
10.15 9.97 8.85 8.70 7.68 7.72 7.15 6.35 5.24 4.50 3.19 5.00 16.02 6.46 5.74 14.01 10.74 8.61 4.47 11.99 5.85 6.92 10.71 8.93 4.91 2.93 6.28 1.78 4.59 4.65 2.63 6.63 3.24 4.47 4.20 4.85 3.78 6.05 0.28 5.24 5.46 5.71 5.89 4.97 5.22 5.39 6.51 6.42 6.37 6.22 5.83 5.33 5.49 6.36 6.54 5.98 5.32 4.85 4.56 4.25 3.86 3.46 3.14 2.94 2.79 2.59 6.06 5.93 5.93 5.87 6.03 6.19 6.13 6.30 5.48 4.87 5.30 5.48 5.23 6.10 6.12 5.85
