examples/cougarCreek-fire/createInputs/farsite/5a-cougarCreek-pointIgnit/cougarCreekFire_08-10-2015_0100_217m_non_neutral_stability_vel.asc
ncols	146
nrows	140
xllcorner	610065.000000
yllcorner	5095217.000000
cellsize	216.586807
NODATA_value	-9999.000000
[rows 68 to 101 of 140, columns 0 to 76 of 146]
9.29 10.08 11.29 15.24 15.68 14.74 13.54 12.85 13.49 14.09 11.57 12.09 12.85 15.12 14.15 11.33 7.19 5.51 7.71 8.43 9.62 10.17 9.54 8.09 9.78 9.14 9.87 12.59 14.21 11.76 11.67 9.84 9.18 10.90 11.63 11.05 13.26 11.70 12.58 15.68 14.44 16.95 13.19 14.37 12.28 11.60 11.53 9.21 11.84 11.27 11.24 12.76 12.27 12.81 13.23 11.04 12.79 14.71 17.70 18.85 14.40 15.36 16.38 15.62 17.35 16.84 15.89 16.27 18.05 18.11 13.68 12.01 13.60 13.33 11.82 15.62 17.79
9.66 10.30 11.53 14.91 13.61 11.36 11.11 11.60 12.49 13.47 11.16 10.00 11.86 15.29 13.86 10.08 5.31 4.57 8.57 9.87 9.56 9.98 9.19 9.16 10.28 9.38 10.44 13.01 12.93 11.12 13.05 10.26 8.43 9.76 11.34 12.86 13.63 11.79 12.36 15.08 16.69 18.62 14.46 13.42 12.24 11.34 11.53 11.92 11.83 11.68 11.77 12.69 12.48 13.14 13.76 13.30 10.86 13.08 16.34 20.27 13.75 18.00 17.58 12.76 14.55 14.10 13.16 15.53 16.56 17.78 16.08 13.18 12.29 13.97 11.68 11.97 14.10
9.60 10.40 12.03 15.00 12.80 10.48 10.40 11.76 12.65 13.10 12.03 11.43 11.78 15.49 13.61 8.86 4.81 4.35 9.24 10.58 10.13 9.82 10.14 10.54 10.53 9.75 13.05 13.05 11.47 12.34 14.65 11.50 8.38 9.07 11.13 13.00 12.85 10.98 11.99 14.83 16.70 16.73 15.89 13.62 12.35 11.14 8.85 9.22 11.62 11.41 13.02 12.67 12.69 10.50 13.86 13.78 12.47 12.01 14.30 17.69 19.87 18.51 17.96 17.55 17.15 12.19 11.87 12.30 15.46 16.49 18.73 15.58 13.70 13.59 13.23 12.82 12.70
9.67 10.93 12.65 12.76 12.59 10.23 10.57 11.84 12.70 12.33 12.44 12.71 13.90 13.24 13.23 7.63 4.53 4.22 10.17 11.28 8.20 10.45 10.13 10.67 9.69 10.36 13.59 12.38 10.39 13.16 14.55 10.58 11.16 10.47 11.64 12.67 11.22 10.45 11.80 15.50 15.60 13.39 14.59 13.79 12.57 11.26 11.02 8.43 11.24 11.21 11.30 12.70 11.08 10.64 10.45 13.92 13.13 12.00 12.69 15.55 18.22 19.36 18.48 17.92 17.23 16.89 16.20 10.34 11.58 15.71 16.49 16.30 13.75 12.57 12.31 12.86 13.48
10.25 11.70 12.89 12.53 12.17 10.28 11.06 12.09 12.47 11.74 12.68 13.06 15.02 16.70 12.52 5.64 3.91 4.48 10.44 11.80 10.58 10.24 10.43 10.99 10.05 11.02 13.43 11.07 11.57 14.00 13.89 9.76 8.05 10.34 13.47 13.08 10.27 10.14 12.38 14.50 13.89 12.44 12.82 17.73 10.43 11.51 11.10 8.37 10.99 12.85 11.18 12.80 8.55 11.74 13.75 13.89 13.64 12.64 12.08 13.68 16.70 18.53 17.95 16.30 15.08 16.85 11.66 15.40 15.00 12.90 16.05 14.37 12.71 11.55 11.38 11.99 14.44
11.16 12.09 12.68 12.32 11.45 10.60 11.17 11.87 11.27 11.11 12.20 12.76 14.44 13.79 9.66 3.12 2.55 5.93 11.59 12.18 10.85 10.68 10.94 12.41 10.49 13.91 13.60 12.16 14.50 12.26 12.14 9.13 7.92 11.42 13.83 13.27 10.51 7.89 12.20 14.48 14.46 12.01 12.27 17.31 13.07 11.78 7.76 11.76 11.58 12.80 11.01 12.87 8.42 13.07 11.19 13.98 13.90 13.28 12.19 12.81 15.24 17.67 19.15 16.42 14.77 13.96 14.54 11.65 10.29 10.19 10.81 11.41 11.75 11.89 11.80 12.43 14.62
11.59 11.87 12.14 12.07 11.10 10.83 11.18 11.29 10.34 10.58 11.68 12.45 12.50 12.38 8.67 2.78 3.33 8.40 12.50 12.28 11.12 11.11 11.28 11.79 10.97 13.83 12.74 14.18 12.81 13.01 10.00 8.54 8.78 11.80 14.25 12.79 10.43 7.99 12.31 15.40 15.10 11.39 11.83 15.38 14.01 12.32 11.03 11.32 11.58 12.28 13.03 8.49 8.44 12.95 13.67 10.19 14.12 13.74 12.62 12.71 14.28 16.43 18.15 17.74 14.38 13.49 13.10 13.19 12.76 13.79 15.44 14.40 14.49 15.91 13.38 13.36 14.43
11.55 11.63 11.95 11.76 10.56 10.68 11.18 10.93 10.11 11.06 12.02 13.03 11.81 10.70 8.40 5.84 7.09 10.76 12.94 11.25 11.37 11.44 11.50 11.25 13.54 13.03 13.05 11.93 12.92 11.98 10.21 8.57 12.75 12.66 13.66 10.50 10.12 9.15 12.14 14.63 15.02 10.71 10.64 12.06 13.63 13.05 13.40 7.66 12.47 12.28 13.10 13.04 9.50 13.00 13.67 12.96 11.01 13.90 13.04 12.96 13.72 15.48 17.47 18.50 14.99 14.85 12.71 14.13 13.53 12.55 14.90 15.77 14.97 14.55 15.53 14.06 14.07
11.47 11.63 11.93 10.92 10.13 10.54 11.57 10.94 10.45 12.21 11.40 12.14 12.22 9.91 9.77 7.97 8.60 11.56 13.80 11.99 11.52 11.64 11.77 11.87 12.88 12.91 13.53 13.32 11.21 12.37 11.24 9.50 13.54 14.03 11.32 10.43 9.60 10.09 11.08 14.01 13.56 10.64 10.04 12.03 13.24 14.29 9.70 13.00 12.34 12.01 13.12 13.10 12.97 13.15 13.70 13.66 10.99 13.90 13.49 13.36 13.59 15.01 16.67 17.49 17.34 14.11 13.31 13.51 13.91 11.77 13.75 15.28 15.35 14.38 15.14 16.64 14.00
11.45 11.62 11.81 10.30 10.20 11.29 12.15 10.90 11.31 13.14 11.84 14.73 12.18 11.27 9.77 7.42 8.52 11.76 12.49 11.83 11.65 11.85 12.21 13.01 10.35 12.64 13.51 12.80 12.11 13.19 12.05 10.64 13.47 13.08 10.57 10.20 10.84 10.08 11.35 14.37 12.28 11.14 10.62 11.38 12.99 14.29 13.06 13.13 12.35 11.90 13.19 13.12 12.90 13.21 13.76 13.71 10.82 13.97 14.03 13.95 10.02 14.65 15.93 16.66 17.52 14.87 14.27 14.05 12.63 12.24 11.96 14.08 15.58 14.53 15.17 15.71 16.10
11.39 11.53 11.68 10.06 10.56 11.45 11.92 10.76 11.78 12.90 13.27 11.55 11.85 10.99 9.32 7.71 9.41 12.06 12.34 11.78 11.85 12.22 12.71 10.45 8.24 12.04 12.51 12.47 12.48 13.70 14.18 10.31 12.23 11.43 10.75 11.59 10.75 9.88 13.42 15.90 11.38 10.65 10.86 11.11 12.73 13.62 13.37 10.96 12.67 11.82 12.54 13.12 12.73 13.04 13.81 14.50 10.48 10.59 10.76 14.48 14.01 14.40 15.30 15.88 16.79 14.97 13.62 13.31 12.38 14.67 14.25 14.69 12.85 13.30 14.91 15.50 17.03
11.32 11.47 11.62 10.08 10.37 11.43 11.69 10.76 11.64 12.27 12.18 10.60 10.32 10.95 9.53 9.12 10.67 12.17 12.14 11.78 12.16 12.67 13.32 12.47 11.17 11.49 12.31 12.95 12.57 13.46 13.60 9.76 10.06 11.72 10.48 11.39 10.68 9.90 14.97 15.59 11.29 10.40 10.49 11.03 12.29 12.52 12.71 13.10 9.90 13.21 12.30 13.07 12.40 12.67 13.93 16.31 14.68 9.95 12.73 14.78 14.54 14.46 14.91 15.18 15.81 17.53 12.92 12.00 11.68 14.84 14.38 14.99 15.17 12.32 14.31 15.67 15.58
11.25 11.40 11.60 9.57 10.30 11.33 11.59 11.43 11.70 11.99 11.75 11.02 12.28 11.30 9.92 10.03 11.40 12.04 11.97 12.08 12.55 13.02 10.62 11.94 6.98 11.06 12.25 11.40 12.98 11.52 13.26 10.73 10.41 13.07 10.44 11.33 10.78 10.20 13.93 13.48 11.09 10.93 10.30 10.86 11.49 11.75 12.20 14.08 15.09 13.70 13.16 12.87 11.96 12.49 14.26 15.24 14.71 8.59 14.81 15.00 15.10 14.82 14.92 10.55 14.62 16.31 13.71 11.91 11.77 11.93 11.35 11.95 15.33 15.07 12.01 12.97 15.09
11.19 11.34 11.56 9.21 11.10 11.36 11.63 12.13 11.25 11.02 10.82 12.00 12.75 11.39 10.12 10.55 11.61 11.88 12.11 12.44 12.79 11.45 12.71 11.34 7.93 9.63 10.83 11.62 11.73 9.80 11.80 12.27 12.47 12.52 10.43 9.40 9.28 12.61 15.05 12.44 11.80 11.78 11.15 10.56 10.42 11.32 12.00 12.32 16.09 14.12 13.10 12.44 11.69 13.04 14.83 13.61 10.01 13.51 15.15 15.02 15.47 15.30 15.18 14.59 12.92 15.29 17.50 12.62 11.59 12.06 10.14 11.52 12.33 15.44 15.23 14.76 14.85
11.13 11.28 11.47 9.16 11.14 11.43 11.62 12.30 10.48 9.48 10.22 11.44 12.64 11.33 10.53 11.04 11.70 12.04 12.38 12.55 13.61 9.35 12.08 10.85 8.01 10.24 10.99 11.93 11.54 9.02 11.56 13.92 12.88 10.62 10.16 9.26 9.69 13.28 12.50 12.08 11.80 11.96 11.91 10.87 9.95 10.55 11.65 12.28 18.28 12.94 13.04 12.04 12.11 14.20 13.70 12.78 13.99 9.90 13.81 16.27 13.21 15.56 15.42 14.76 13.92 14.46 16.14 14.17 11.83 12.68 12.45 11.96 14.91 12.12 15.62 11.60 12.95
11.07 11.23 11.34 11.17 11.22 11.42 11.58 12.45 10.20 9.16 11.42 11.73 11.44 11.33 9.60 11.36 11.87 12.23 12.36 12.93 12.44 10.28 11.45 10.65 7.66 10.45 11.28 11.96 11.91 9.68 13.21 14.15 10.94 10.37 10.35 9.74 12.61 11.72 11.40 11.87 12.12 11.31 12.30 10.95 11.85 11.67 11.41 16.42 15.35 13.47 11.47 12.15 13.30 14.73 11.41 11.89 13.41 13.73 13.23 16.02 16.10 13.55 10.81 15.08 14.47 14.14 15.24 15.79 12.32 12.33 11.88 11.10 14.81 15.94 13.25 12.54 12.54
11.03 11.16 11.23 11.18 11.30 11.43 11.61 12.36 10.26 10.58 11.37 12.11 9.60 11.38 11.19 11.70 14.45 12.25 12.37 12.62 10.58 12.17 10.99 10.51 10.30 11.89 11.44 12.98 12.14 9.76 11.65 12.06 11.85 11.18 11.18 11.02 14.38 11.84 11.31 11.96 12.73 12.73 11.96 11.73 11.83 11.75 11.50 12.25 14.99 13.70 11.81 12.90 14.89 12.97 11.88 12.72 13.14 14.21 14.12 14.66 15.99 14.70 14.68 14.34 10.77 9.70 14.15 15.57 14.53 12.41 11.50 12.07 12.22 15.65 14.49 13.07 12.35
10.98 11.09 11.17 11.24 11.38 11.46 11.62 11.73 10.67 12.32 11.76 14.09 9.01 9.22 11.47 11.96 12.15 13.10 12.46 11.30 10.16 11.61 10.59 10.34 10.32 12.12 13.25 13.21 12.26 11.81 9.55 11.96 11.73 11.33 11.64 13.07 13.67 11.75 11.53 12.43 13.54 12.82 11.10 11.22 11.91 11.89 11.71 12.13 13.12 13.69 13.55 13.61 14.04 13.39 12.86 13.06 13.34 14.07 14.57 14.81 15.23 14.40 14.79 15.55 12.81 11.56 12.86 14.93 15.34 13.89 13.11 12.27 11.94 12.88 13.99 13.54 13.21
10.94 11.02 11.13 11.30 11.41 11.42 11.54 11.57 11.53 11.35 12.11 10.75 12.10 10.45 11.66 11.96 12.57 11.90 10.69 10.72 12.27 11.12 10.33 7.35 10.47 12.79 11.54 13.08 12.19 9.79 9.52 13.45 11.61 11.64 11.41 12.63 12.64 12.67 11.78 13.05 12.42 12.22 10.30 10.89 12.03 12.07 11.85 12.14 13.02 13.67 13.80 13.76 13.35 12.87 12.91 13.44 13.77 13.92 14.53 14.89 14.91 14.70 14.81 15.43 13.30 12.36 13.21 14.31 14.83 14.91 15.57 12.69 12.04 12.40 13.28 15.30 13.84
10.87 10.96 11.19 11.39 11.42 11.42 11.52 11.52 11.45 11.54 12.29 9.92 12.06 10.07 11.39 12.52 12.87 10.25 10.59 10.09 11.83 10.74 10.20 10.30 10.48 12.40 11.49 13.22 11.70 11.68 11.36 13.65 12.18 11.89 11.32 11.40 11.66 11.62 14.27 14.61 13.15 11.62 10.19 10.85 12.20 12.29 12.00 12.30 12.89 13.45 13.70 13.69 13.12 12.74 13.02 13.73 13.98 13.82 14.40 14.80 14.69 14.66 14.85 15.22 14.01 13.06 13.82 14.03 14.33 14.87 15.26 14.68 13.28 12.83 12.14 12.43 12.19
10.81 11.01 11.35 11.42 11.41 11.49 11.58 11.56 11.60 11.73 12.37 10.17 12.05 8.73 10.85 12.47 12.71 9.51 10.71 12.29 11.26 10.43 10.16 10.29 11.56 11.07 11.43 11.66 11.67 11.58 13.95 14.09 11.28 12.02 11.28 11.88 11.71 11.70 13.40 12.50 12.32 11.49 10.70 11.14 12.36 12.49 12.12 12.16 12.62 13.22 13.52 13.66 9.49 12.82 13.09 13.74 13.96 13.84 14.28 14.66 14.64 14.72 14.86 15.03 13.47 12.73 13.54 13.57 13.67 13.77 14.86 15.02 13.91 12.55 15.28 15.11 15.53
10.84 11.08 11.38 11.33 11.38 11.47 11.20 11.58 11.63 11.78 12.35 10.85 12.02 11.31 10.67 12.86 12.47 10.33 10.46 11.87 10.84 10.27 10.17 10.44 10.88 11.23 11.61 11.83 11.75 11.69 11.86 12.93 11.85 12.00 11.36 11.22 11.60 11.66 13.46 12.02 11.86 11.71 11.42 11.55 12.39 12.51 11.94 11.90 12.57 13.14 13.44 13.70 9.72 9.39 13.04 13.56 13.88 13.92 14.21 14.57 14.69 14.74 14.82 13.22 13.39 12.06 12.28 13.18 12.81 12.65 13.11 14.40 15.46 15.02 13.05 11.95 12.19
10.89 11.11 11.34 11.31 11.38 11.43 11.49 11.60 11.63 11.80 12.36 11.44 11.99 11.27 10.25 13.18 12.23 9.63 9.54 11.53 10.72 10.27 10.29 10.63 11.08 11.53 11.83 11.87 11.91 12.93 13.57 12.73 12.01 12.04 11.52 11.09 11.39 11.64 11.63 11.79 11.86 12.01 11.90 11.76 12.23 12.29 11.75 11.94 12.66 13.07 13.43 13.71 13.58 9.56 13.07 13.42 13.84 13.97 14.13 14.50 14.77 12.75 14.81 13.55 13.40 12.79 11.74 12.31 11.86 11.54 11.41 12.99 14.57 15.37 15.43 13.46 13.17
10.87 11.13 11.36 11.37 11.45 11.51 11.56 11.65 11.72 11.89 13.79 10.57 11.77 7.61 10.14 12.39 11.40 12.03 11.72 11.26 10.65 10.30 10.08 10.87 11.29 11.80 13.62 12.73 12.93 13.43 12.56 11.47 11.00 11.82 11.29 10.86 11.25 11.60 11.52 11.79 12.06 12.05 11.96 11.89 12.23 12.01 11.83 12.18 12.69 13.03 13.41 13.64 13.57 9.19 13.23 13.36 13.81 13.94 13.99 14.40 14.76 12.61 12.87 12.22 13.23 14.62 12.76 11.98 11.70 10.79 13.72 10.64 14.27 15.31 15.68 14.25 13.42
10.83 11.15 11.46 11.43 11.50 11.49 11.46 11.63 11.72 11.86 12.86 10.13 8.46 9.44 10.14 11.17 11.04 9.37 11.56 11.14 10.62 10.44 11.80 11.08 11.49 11.92 11.48 12.15 13.57 13.56 10.50 12.00 11.59 11.26 11.01 10.95 12.34 11.50 13.78 14.90 12.19 11.88 15.10 12.16 11.93 11.85 12.02 12.28 12.68 13.04 13.39 13.56 13.57 8.57 8.49 13.39 13.76 13.89 13.89 14.26 14.65 14.85 12.34 11.53 12.49 14.38 14.70 12.97 11.53 10.95 13.53 10.70 14.17 15.23 14.77 13.36 12.97
10.81 11.28 11.70 11.49 11.49 11.38 11.36 11.60 11.67 11.78 12.01 10.62 11.51 10.17 11.64 10.65 11.44 10.73 11.60 11.20 10.78 10.76 11.98 11.25 11.59 14.02 11.75 12.33 12.36 12.07 10.26 11.59 11.21 11.11 11.18 13.00 11.34 11.35 11.68 12.27 12.32 11.86 12.02 12.39 11.88 11.82 12.18 12.34 12.78 13.15 13.43 13.60 13.68 9.00 8.76 9.67 13.81 10.46 13.93 14.20 14.59 14.92 11.82 10.92 11.15 14.33 14.69 13.38 12.12 11.10 10.51 11.46 14.26 15.23 14.25 13.37 12.75
10.89 11.46 11.87 7.91 11.28 11.23 11.26 11.52 11.69 11.81 11.93 11.88 10.68 11.68 11.69 11.67 11.30 11.13 11.64 11.33 10.96 10.91 11.12 12.61 11.56 14.43 12.42 11.53 10.16 11.13 11.39 9.36 11.00 12.77 13.19 11.40 11.45 11.39 11.99 12.74 12.48 11.97 12.13 12.26 11.77 11.87 12.29 12.47 12.87 13.21 13.50 13.71 13.75 13.81 8.68 9.12 9.20 9.06 10.26 14.15 14.51 14.90 11.97 11.00 14.55 10.32 12.35 14.59 12.14 11.37 10.31 11.34 14.35 15.15 14.10 14.79 15.38
11.21 11.63 11.78 11.37 11.18 11.17 11.20 11.53 11.80 11.92 11.98 11.92 11.87 9.71 11.75 10.10 10.86 11.73 9.54 11.42 10.93 10.87 11.12 11.23 11.65 12.07 12.05 9.87 11.58 11.46 11.66 11.11 12.54 13.44 11.42 11.55 11.65 11.70 12.43 15.98 12.51 11.99 11.97 11.86 11.77 12.04 12.43 12.62 12.88 13.27 13.60 13.78 13.78 13.86 8.83 10.32 9.71 9.12 8.98 10.12 14.41 14.82 10.92 10.61 14.92 10.70 10.46 10.73 11.09 10.99 10.52 10.49 13.80 13.93 14.07 14.79 15.01
11.56 11.59 11.50 11.29 11.09 11.11 11.27 11.62 11.87 11.98 11.97 11.90 11.91 10.24 9.69 9.71 11.37 12.49 9.63 11.32 10.84 11.92 11.18 11.46 12.00 14.16 10.81 9.73 11.67 14.36 11.76 13.03 11.46 11.42 11.55 11.77 11.86 11.98 15.97 12.96 12.35 11.86 11.72 11.60 11.82 12.23 12.57 12.70 12.87 13.31 13.66 13.81 13.87 13.94 14.05 14.14 14.17 14.19 14.20 14.22 9.76 11.01 10.44 10.85 10.63 10.84 14.40 10.36 10.19 10.53 10.45 10.79 11.12 11.56 12.78 14.37 14.78
12.00 11.64 11.34 11.22 11.07 11.05 11.48 11.67 11.78 11.92 11.88 11.89 12.00 10.80 11.95 11.75 11.51 11.40 9.23 11.12 10.88 11.15 11.51 11.94 12.22 11.02 9.82 11.66 11.57 11.75 11.77 11.64 11.58 11.64 11.79 11.97 12.00 12.06 12.51 12.84 12.38 11.89 11.62 11.51 11.90 12.40 12.64 12.74 12.93 13.34 13.69 13.87 13.96 13.98 14.13 14.33 14.35 14.26 14.26 14.37 14.51 9.98 10.91 10.98 10.58 14.81 14.45 14.33 14.31 14.27 14.25 14.44 14.55 11.11 11.47 13.13 14.52
12.19 11.68 11.03 11.13 10.98 11.27 11.71 11.64 11.76 11.93 11.85 11.94 12.11 10.29 12.00 11.79 10.65 10.23 9.13 11.00 11.16 11.61 12.00 12.17 12.11 10.00 10.68 11.64 11.75 11.83 11.81 14.33 11.76 11.87 14.90 14.55 15.42 15.21 16.17 15.61 12.53 11.96 11.48 11.44 11.98 12.47 12.62 12.74 12.97 13.39 13.81 13.99 13.96 14.00 14.30 14.52 14.48 14.32 14.33 14.48 14.52 14.59 14.75 14.85 10.37 14.80 14.55 14.39 14.36 14.40 14.39 14.50 14.58 10.89 11.19 11.57 13.82
11.89 11.73 11.06 10.81 11.15 11.63 11.70 11.68 11.84 11.85 11.76 12.07 12.26 12.14 12.06 11.82 11.61 11.54 11.22 11.27 11.61 12.03 12.19 11.99 10.90 10.95 11.70 11.84 11.63 12.68 11.79 11.78 11.84 15.16 14.45 14.67 14.73 14.79 15.62 16.63 12.98 11.99 11.05 11.33 12.03 12.46 12.61 12.71 12.97 13.66 14.10 13.99 13.83 14.09 14.55 14.66 14.53 14.38 14.41 14.53 14.49 14.48 14.68 14.84 14.89 14.81 14.66 14.54 14.45 14.53 10.49 10.79 10.97 14.41 10.69 10.89 12.20
11.76 11.95 11.24 10.45 11.29 11.90 11.59 11.80 11.77 11.60 11.75 12.32 12.37 9.84 12.01 11.58 11.49 11.49 11.36 11.58 11.79 12.75 11.95 11.10 11.68 11.77 11.86 12.00 10.47 12.87 14.52 11.90 12.00 12.16 14.18 13.82 14.42 11.73 12.21 13.44 13.98 11.57 10.12 11.28 12.12 12.53 12.67 12.65 13.06 14.02 14.30 13.82 13.73 14.31 14.80 14.71 14.55 14.46 14.49 14.56 14.48 14.44 14.63 14.83 14.91 14.83 14.67 14.68 14.65 10.55 10.34 10.24 10.50 10.53 10.70 14.01 14.20
12.01 11.95 10.99 10.55 11.73 11.89 11.69 11.95 11.80 11.45 11.97 12.37 12.18 11.99 11.71 11.41 11.57 11.57 11.48 11.62 11.58 11.57 11.52 13.40 11.85 11.99 12.64 10.77 10.27 11.72 11.90 15.12 14.33 13.74 13.00 13.28 11.56 11.82 12.67 14.29 13.91 10.15 9.29 11.47 12.33 12.67 12.67 12.62 13.26 14.17 14.29 13.82 13.84 14.56 14.97 11.91 11.46 11.72 14.54 14.58 14.54 14.49 14.61 14.79 10.94 9.82 10.60 14.76 14.88 14.64 9.96 10.24 10.18 10.36 14.42 14.36 10.40
