examples/cougarCreek-fire/createInputs/farsite/5a-cougarCreek-pointIgnit/cougarCreekFire_08-10-2015_0100_217m_non_neutral_stability_vel.asc
ncols	146
nrows	140
xllcorner	610065.000000
yllcorner	5095217.000000
cellsize	216.586807
NODATA_value	-9999.000000
[rows 102 to 135 of 140, columns 0 to 76 of 146]
11.85 11.63 11.32 11.02 11.54 11.91 11.84 11.82 11.46 11.48 12.03 12.15 11.95 11.82 11.66 11.68 11.74 11.65 8.83 11.51 9.81 11.28 11.42 11.89 12.12 12.10 13.00 11.38 12.70 11.86 12.10 12.25 13.81 13.65 13.19 13.75 14.92 15.83 16.28 15.60 12.64 9.76 9.82 12.29 16.69 12.74 16.85 16.78 13.31 14.01 14.32 14.12 14.15 14.78 10.15 9.74 8.95 9.30 11.45 14.66 14.65 14.59 14.62 14.74 14.93 14.86 14.61 14.78 14.97 14.72 14.41 14.32 14.35 14.38 10.34 14.24 14.26
11.54 11.60 11.80 11.52 11.28 12.04 12.05 11.64 11.40 11.49 12.06 12.13 12.11 11.92 11.73 11.97 11.91 11.77 11.58 11.32 11.10 11.34 11.75 12.27 12.23 12.10 12.92 11.85 13.44 12.09 13.97 13.56 13.78 13.90 13.45 13.58 14.43 14.57 14.38 13.45 11.37 10.87 10.99 11.88 16.30 16.48 16.50 12.73 17.57 18.23 14.38 14.32 14.47 14.98 12.52 11.36 10.78 11.07 14.69 14.88 14.77 14.59 14.60 14.72 14.93 14.86 14.64 14.78 14.92 14.77 14.46 14.33 14.51 14.57 10.55 14.12 10.68
11.55 11.58 11.70 11.56 11.30 11.89 12.17 11.43 11.15 11.63 12.12 12.25 12.15 11.76 12.09 12.11 11.98 11.80 11.59 9.27 11.21 11.66 12.07 12.41 12.38 12.05 13.00 11.63 13.61 13.67 12.27 13.07 13.78 13.91 14.00 12.42 13.06 14.27 14.63 14.59 14.43 13.45 14.22 15.85 16.51 12.58 12.56 12.83 17.59 18.20 19.15 17.40 14.76 15.28 15.12 12.30 11.42 14.25 14.83 15.13 12.18 11.67 14.57 14.77 14.98 14.90 14.71 14.80 9.97 10.93 10.44 10.21 14.60 10.83 10.72 14.06 14.18
11.17 11.34 11.54 11.61 11.42 11.65 12.16 11.51 11.03 11.94 12.22 12.40 11.96 11.84 12.29 12.11 11.92 11.79 11.56 9.09 11.38 11.87 12.39 12.29 12.29 12.01 12.21 10.11 13.46 13.42 12.19 13.78 13.87 13.77 13.66 12.03 13.42 12.02 12.24 15.95 15.84 14.59 15.56 16.17 12.48 16.56 12.61 12.90 17.50 17.63 14.00 14.16 14.88 15.68 15.58 12.41 13.76 14.28 14.97 15.29 12.55 11.80 11.67 11.30 9.98 10.17 10.04 10.84 10.29 10.53 10.51 10.36 10.63 14.76 14.45 14.19 14.18
10.97 11.25 11.81 11.88 11.71 12.09 12.52 11.73 11.09 11.62 12.23 12.27 11.59 12.02 12.20 11.97 12.04 11.73 11.51 11.14 11.19 11.87 12.43 11.08 11.92 12.09 13.03 10.31 13.11 13.51 13.51 13.70 13.16 13.32 13.06 12.66 15.04 12.15 12.43 15.64 12.22 14.08 15.75 12.19 16.58 16.82 16.91 16.82 13.34 17.48 13.84 14.04 14.71 15.97 16.27 13.27 13.52 14.35 15.07 15.39 12.44 11.19 9.43 10.53 10.61 10.81 10.84 9.89 10.53 10.52 10.23 10.31 10.55 10.93 14.50 14.31 10.26
11.27 11.41 11.95 12.33 11.99 12.50 12.71 11.99 11.27 11.51 12.27 11.92 11.64 12.13 12.01 12.01 12.16 11.60 11.45 11.18 11.22 11.88 12.51 12.64 13.01 12.15 12.69 11.69 13.98 13.97 14.42 12.49 12.25 13.07 13.06 14.62 11.83 12.43 12.67 13.67 14.01 15.36 16.01 16.36 16.65 16.92 12.76 13.02 17.77 18.95 18.78 19.39 18.82 19.12 15.66 13.65 12.01 14.37 15.18 13.18 11.73 10.09 10.46 11.25 15.09 11.58 10.27 10.08 10.83 10.66 10.44 10.31 10.35 10.62 10.83 14.43 14.40
11.96 11.65 11.73 12.32 12.09 12.31 12.47 12.35 11.60 11.03 11.68 11.80 11.90 12.05 12.04 12.16 12.12 11.70 11.47 11.10 11.36 12.04 12.47 12.26 12.06 13.71 12.93 13.33 13.88 13.05 13.23 11.60 11.80 13.52 14.93 11.87 12.13 16.48 12.50 10.97 15.05 15.97 16.27 16.48 16.76 12.73 17.17 17.42 17.84 19.18 18.74 19.05 20.71 22.46 12.78 11.21 11.79 14.50 13.49 12.47 10.72 10.58 10.43 14.77 12.82 11.77 10.87 10.58 10.44 10.45 9.89 10.37 10.28 10.53 10.61 10.69 10.83
12.59 11.99 11.49 11.99 12.29 12.34 12.50 12.79 11.71 10.17 10.74 11.82 12.09 12.05 12.17 12.05 11.88 11.60 11.53 11.50 11.83 12.53 12.65 12.03 13.20 12.45 12.53 13.62 12.37 11.95 12.33 11.65 12.51 14.54 12.07 12.14 12.40 15.01 11.57 12.75 15.70 16.16 16.66 16.59 16.88 17.18 12.92 13.08 13.41 13.70 13.71 19.31 20.57 20.97 16.12 10.29 11.99 13.15 12.84 12.24 10.95 10.54 11.23 14.81 13.43 12.17 11.20 10.42 10.45 10.29 10.61 10.37 10.47 11.13 11.53 11.10 10.90
12.73 12.23 11.48 11.70 12.38 12.51 13.05 13.24 11.73 9.17 9.98 12.09 12.34 12.24 12.25 11.80 11.66 11.76 11.84 11.78 11.96 12.48 11.77 11.82 11.84 12.69 11.93 13.21 11.54 11.89 12.57 13.04 14.98 12.08 12.26 12.35 16.07 13.08 12.43 15.33 16.07 16.34 16.10 16.68 16.95 17.23 17.39 13.16 17.31 13.65 17.41 17.45 18.50 19.94 15.77 15.44 14.03 13.03 11.59 10.99 10.22 10.79 10.84 14.85 11.91 11.73 10.37 11.07 10.61 10.39 10.32 10.38 10.78 10.51 10.81 10.77 10.86
12.70 12.06 11.61 11.47 12.04 12.49 12.58 12.92 10.97 8.17 10.02 12.56 12.73 12.38 12.15 11.63 11.79 12.00 12.36 12.19 12.01 12.02 11.66 11.57 11.78 12.09 12.08 12.10 11.99 12.84 12.04 12.10 12.19 12.29 12.41 12.54 13.50 12.15 14.77 16.02 12.14 16.05 16.84 16.90 16.96 17.33 17.60 17.91 17.61 13.60 17.27 17.58 18.39 18.53 15.67 15.48 13.34 10.68 10.53 9.99 9.74 9.46 8.84 10.68 11.31 11.01 10.27 10.33 9.95 10.34 10.07 10.70 14.68 14.38 14.42 14.53 10.76
12.36 12.11 11.73 11.44 11.70 12.20 12.16 12.07 10.23 9.30 10.90 12.51 13.00 12.30 11.85 11.54 11.60 12.36 12.71 12.36 11.77 11.37 11.31 11.53 11.79 12.12 12.19 13.00 12.94 13.72 12.11 12.26 14.94 14.77 15.28 13.36 12.21 14.02 15.34 15.81 16.40 16.77 16.68 16.82 17.13 17.09 17.49 17.86 19.14 18.04 18.18 19.74 20.81 21.28 20.20 10.63 10.65 10.38 10.21 9.94 9.54 9.35 9.60 10.94 11.55 11.29 11.28 10.98 10.68 10.27 10.14 10.74 10.98 10.57 10.50 10.66 10.84
12.15 11.87 11.35 11.45 11.46 11.79 11.79 11.46 11.15 10.63 10.84 11.90 13.07 12.08 11.67 11.57 12.04 12.66 12.59 11.96 11.23 11.03 11.45 11.44 11.87 12.16 12.16 11.99 13.21 13.54 12.10 13.73 13.33 14.55 14.06 11.68 13.14 14.96 15.23 15.49 15.82 15.41 16.55 16.84 17.03 12.84 17.73 17.82 19.38 19.14 19.16 20.06 20.07 19.53 17.20 13.26 10.68 10.12 10.01 10.15 9.59 9.56 10.01 10.94 11.27 11.11 10.95 11.06 10.89 10.70 10.80 11.16 11.42 11.50 11.20 11.00 11.36
11.59 11.26 11.51 11.49 11.44 11.74 11.86 11.53 11.39 11.05 10.44 11.69 12.94 11.88 11.52 11.60 11.87 12.15 12.08 11.33 10.48 10.88 11.07 11.46 11.63 12.23 11.97 11.85 11.82 11.90 12.53 12.74 11.97 14.19 12.35 12.18 14.27 15.24 11.99 14.56 11.90 15.60 16.59 12.35 12.66 13.04 13.02 17.68 17.83 18.37 19.02 19.03 18.46 18.05 15.75 14.88 12.97 11.36 10.61 10.55 10.05 9.93 10.54 11.06 11.11 10.97 10.92 10.79 10.76 10.71 10.72 10.77 10.72 11.05 11.52 11.57 12.04
11.55 11.47 11.38 11.58 12.10 12.12 11.90 11.36 11.26 11.12 10.86 11.96 12.49 11.78 11.45 11.58 11.65 11.56 11.44 10.90 10.58 10.88 11.23 11.41 11.75 12.06 11.72 11.69 11.74 11.90 11.23 11.59 14.18 13.51 11.74 13.24 14.78 11.96 13.74 14.10 11.72 16.27 12.05 17.16 17.33 17.09 16.72 18.26 18.25 18.42 18.68 17.94 17.81 16.93 15.06 14.58 14.46 13.84 12.77 11.39 10.65 10.56 11.27 11.12 10.88 10.91 10.98 10.84 10.65 10.55 10.50 10.63 10.69 11.00 11.56 11.71 11.80
11.28 11.35 11.43 11.87 12.00 11.63 10.98 11.11 11.08 11.04 11.43 12.10 11.94 11.51 11.31 11.33 11.63 11.54 10.98 10.89 11.02 10.89 11.39 11.57 12.11 11.55 11.54 11.55 11.76 11.70 11.33 11.40 11.70 11.86 13.24 14.59 11.86 13.86 13.04 14.40 11.70 11.78 16.21 16.69 16.64 16.87 17.04 16.99 18.14 18.46 18.52 17.62 16.27 15.23 14.60 13.89 14.32 14.28 13.82 12.46 10.97 10.42 11.54 11.42 10.85 10.63 10.50 10.52 10.55 10.60 10.71 10.86 11.08 11.27 11.60 11.80 14.20
11.12 11.15 11.38 11.89 11.97 11.54 11.19 11.11 10.51 11.14 11.79 11.95 11.93 11.72 10.93 10.91 11.21 11.06 10.86 10.91 10.98 11.00 11.51 11.67 11.62 11.08 11.41 11.49 11.60 11.33 11.07 11.25 11.65 11.89 11.85 14.43 12.91 12.54 13.42 14.84 11.75 11.84 16.85 17.36 16.69 16.39 16.24 17.51 18.16 17.75 17.21 15.42 14.30 14.51 14.49 13.84 13.74 13.69 13.56 12.88 11.42 10.92 11.69 11.85 11.54 10.96 10.53 10.54 10.69 10.99 11.26 11.18 11.20 11.30 11.26 11.50 14.14
11.01 10.97 11.32 11.97 11.73 11.72 11.31 11.14 10.49 11.23 11.86 12.36 12.89 11.79 9.61 9.90 11.13 11.02 10.92 10.93 10.64 11.15 11.61 12.12 11.41 10.87 11.40 11.43 11.31 11.07 10.95 11.33 11.65 11.87 11.81 13.46 11.48 12.48 14.28 11.65 11.82 11.89 16.09 16.40 15.94 14.62 14.89 17.04 16.20 16.37 17.01 14.60 13.79 14.34 14.21 14.67 13.27 12.91 14.32 12.62 14.23 11.58 14.13 12.45 12.22 11.83 11.44 10.98 10.77 10.70 11.64 11.26 11.10 10.98 13.97 14.01 14.07
10.89 10.92 11.21 11.62 11.72 11.49 11.60 11.09 11.02 11.12 11.65 12.10 12.12 10.50 8.11 9.48 11.45 11.09 11.11 11.03 10.84 11.17 11.53 11.73 11.06 11.06 11.20 11.19 11.17 11.00 11.17 11.35 11.26 11.68 11.73 12.49 12.21 11.30 11.48 15.61 11.92 15.64 15.66 15.62 14.63 14.63 15.44 15.74 15.62 15.67 15.92 14.61 14.01 14.25 14.46 14.54 14.51 14.20 14.13 14.26 12.31 14.10 12.30 14.37 12.32 12.13 12.13 11.71 10.89 10.43 11.26 11.92 11.49 11.11 14.15 14.08 14.03
10.81 11.00 11.24 11.45 12.09 11.61 11.06 10.93 10.90 10.80 11.14 11.55 11.39 9.63 8.51 10.09 11.29 11.25 11.21 11.17 11.00 10.95 11.49 11.46 11.31 11.20 10.85 10.98 11.25 10.97 10.86 11.07 11.13 11.36 11.50 11.13 11.18 11.33 11.57 11.85 11.96 15.00 15.13 15.22 15.03 15.96 15.82 15.39 15.39 15.97 15.64 15.04 14.00 14.21 14.42 14.41 14.35 14.21 14.00 14.01 14.17 12.47 12.32 12.57 14.41 12.80 11.94 12.09 11.25 10.82 10.67 11.85 12.29 12.12 11.77 14.11 14.01
10.65 11.11 10.94 11.32 11.97 11.53 10.44 10.13 10.80 10.62 10.76 11.06 10.40 10.26 10.20 10.43 10.63 11.15 11.28 11.10 10.90 10.95 11.57 11.55 11.30 10.87 10.64 10.91 11.26 10.79 10.57 10.87 11.00 11.48 11.22 10.92 11.15 11.43 11.66 11.91 14.53 14.22 14.96 15.50 16.13 16.53 15.60 15.17 15.30 15.95 15.57 15.37 14.90 14.17 14.33 14.31 14.26 14.20 13.93 13.80 14.09 13.41 12.77 12.91 13.52 13.99 12.39 12.22 12.17 11.19 10.58 10.98 11.66 11.72 14.31 14.10 14.09
10.45 11.39 11.27 10.94 11.56 11.06 9.84 10.36 10.88 10.81 10.03 10.80 10.92 10.81 10.95 10.63 10.13 10.85 11.27 10.97 10.89 11.17 11.33 11.26 10.86 10.43 10.50 11.09 11.40 11.07 10.40 10.77 10.96 11.07 10.93 10.87 11.17 11.47 11.69 14.69 11.63 14.15 15.33 15.72 16.25 16.38 15.05 14.80 15.12 15.99 16.04 15.69 13.91 14.09 14.19 14.23 14.22 14.14 13.95 13.73 13.99 14.48 12.59 12.97 13.73 14.15 14.70 13.16 13.52 11.81 10.62 10.16 14.05 14.30 14.31 14.17 14.11
10.37 11.09 10.74 10.77 10.91 10.81 9.73 10.46 10.99 11.17 10.61 10.51 10.80 10.59 10.66 10.70 9.73 10.36 11.17 10.78 10.81 11.05 11.12 11.07 10.59 10.11 10.61 11.17 11.34 11.06 10.69 10.80 10.93 10.86 10.71 10.85 11.16 11.41 11.57 11.54 11.37 14.31 15.04 15.41 15.97 12.46 12.40 14.60 15.50 16.29 16.77 15.78 13.80 13.97 14.08 14.14 14.14 14.12 11.93 13.76 13.93 14.53 12.83 12.95 14.12 14.28 14.64 13.59 13.32 12.37 11.30 10.91 11.27 14.30 14.37 14.27 14.06
10.35 10.48 10.78 10.43 10.67 10.54 10.27 10.28 11.07 11.40 10.60 10.18 10.57 10.96 11.21 10.55 9.35 10.03 11.05 10.84 10.69 10.79 11.00 10.89 10.46 10.05 10.79 11.26 11.27 11.02 10.66 10.33 10.54 10.52 10.68 10.90 11.12 11.35 11.41 11.37 11.37 14.43 14.93 15.23 12.11 14.27 12.20 14.79 15.68 16.21 16.30 13.52 13.63 13.83 13.99 14.06 14.09 14.14 14.06 13.82 13.98 14.46 14.32 14.05 13.91 14.07 14.57 14.86 12.58 12.01 11.82 12.15 14.03 14.23 14.48 14.45 14.13
10.27 10.15 10.20 10.80 10.16 10.34 10.37 10.41 10.95 10.88 10.73 10.02 10.37 10.84 10.83 10.64 9.57 9.98 10.88 10.72 10.64 10.93 10.83 10.66 10.57 10.44 10.87 11.22 10.80 10.46 10.55 10.24 10.26 10.51 10.83 10.96 11.09 11.25 11.35 11.39 11.38 11.53 15.12 11.86 11.95 12.07 12.12 14.69 15.23 15.16 13.11 13.38 13.45 13.68 13.87 13.99 14.10 14.13 14.06 13.96 14.15 11.75 11.05 10.88 10.96 13.94 14.26 14.65 11.07 10.72 10.87 13.69 13.84 14.06 14.56 14.64 14.33
10.05 9.99 9.94 10.28 10.81 10.95 10.55 10.67 10.77 11.21 10.87 10.06 10.12 10.56 10.90 10.86 10.06 9.83 10.51 10.65 10.59 10.57 10.67 10.86 10.84 10.53 10.55 10.79 10.48 10.17 10.31 10.01 10.16 10.64 10.40 11.02 11.02 11.16 11.28 11.23 11.24 11.49 11.61 11.67 11.82 12.03 12.07 12.06 12.32 12.61 12.90 13.15 13.24 13.47 13.72 13.92 14.10 14.17 10.14 14.06 9.71 14.19 14.24 9.90 14.01 14.20 10.89 14.31 15.37 11.32 13.26 13.59 13.78 13.77 14.44 14.82 14.64
9.84 9.85 9.78 10.10 10.83 10.50 10.63 10.37 10.30 10.59 10.34 10.22 9.90 10.30 10.79 10.55 10.24 9.40 10.08 10.61 10.44 10.36 10.70 10.81 10.39 10.28 10.20 10.28 10.14 10.25 9.96 9.86 10.13 10.61 10.38 11.02 11.02 11.03 11.06 11.09 11.23 11.49 11.48 11.56 11.83 12.00 11.91 11.92 12.21 12.55 12.75 12.95 13.06 13.29 13.59 13.96 14.09 14.26 14.32 14.28 14.28 14.23 14.29 10.41 14.12 10.12 10.26 14.36 15.21 12.83 13.07 13.53 13.85 13.58 14.22 14.88 14.92
9.68 9.61 9.59 9.92 10.29 10.34 10.41 10.50 10.39 10.13 10.32 9.91 10.00 10.17 10.63 10.74 10.05 9.18 9.86 10.45 10.23 10.20 10.31 10.38 10.27 10.12 10.18 9.95 10.26 9.91 9.66 9.84 10.27 10.08 10.94 10.98 10.84 10.75 10.88 11.06 11.26 11.46 11.59 11.72 15.74 11.92 11.81 11.87 12.15 12.49 17.29 12.90 12.97 13.25 13.59 13.87 14.09 14.38 14.52 14.36 14.23 14.25 14.38 14.37 14.31 10.16 10.56 14.31 14.27 13.57 12.96 13.28 13.70 13.56 14.02 14.69 14.93
9.62 9.31 9.19 9.54 9.87 10.12 10.20 10.25 10.14 9.93 10.16 10.55 10.26 10.01 10.23 10.29 9.88 9.34 9.76 10.28 10.13 10.07 10.20 10.16 9.96 9.98 10.06 9.89 9.92 9.60 9.57 9.74 9.88 10.04 10.31 10.93 10.75 10.79 10.88 11.00 11.19 11.38 11.53 11.71 11.87 11.83 11.79 16.03 12.15 12.45 17.07 12.78 13.01 13.22 13.57 13.87 14.15 14.50 14.67 14.48 14.28 14.22 14.30 14.36 14.26 10.43 10.48 10.75 13.85 13.37 13.01 12.94 13.37 13.65 13.90 14.35 14.80
9.56 8.83 8.51 9.15 9.66 10.05 10.18 10.23 10.18 10.12 10.19 10.47 10.37 9.85 9.86 10.01 9.85 9.51 9.73 10.22 10.12 9.93 10.02 10.00 9.89 9.90 9.95 9.62 9.60 9.45 9.54 9.74 9.85 9.94 10.87 10.91 10.78 10.80 10.82 10.90 11.10 11.30 11.48 11.68 11.79 11.70 11.67 11.68 12.06 12.37 12.54 17.34 17.51 13.24 13.52 13.84 14.22 14.58 14.80 14.76 14.40 14.00 14.08 10.22 10.40 10.43 10.40 13.93 13.76 13.54 13.15 12.98 13.31 13.71 13.93 14.06 14.52
9.31 8.32 7.83 8.88 9.62 10.14 10.34 10.37 10.34 10.30 10.28 10.36 10.29 9.89 9.86 10.00 9.89 9.70 9.89 10.25 10.16 9.91 9.91 9.94 9.88 9.91 9.83 9.71 9.53 9.50 9.63 9.83 9.88 9.94 10.88 10.73 10.73 10.86 10.84 10.91 11.13 11.34 11.32 11.49 11.64 11.60 11.51 11.67 16.61 17.01 17.20 17.46 17.82 17.90 13.51 13.80 14.24 14.71 15.01 15.20 12.11 10.00 9.77 10.52 10.80 10.80 10.87 13.95 13.85 13.77 13.29 13.08 13.33 13.70 13.98 13.90 14.23
9.66 8.33 7.47 8.71 9.73 10.43 10.64 10.62 10.55 10.48 10.42 10.40 10.32 10.15 10.10 10.12 10.03 9.91 10.07 10.31 10.25 10.07 9.96 9.89 9.96 10.03 9.84 9.68 9.64 9.69 9.81 9.94 9.95 10.03 10.98 10.41 10.42 10.99 10.94 10.36 10.63 10.82 11.34 11.56 11.71 11.55 11.59 11.80 12.15 12.39 12.53 12.75 13.01 18.45 18.68 18.63 18.63 14.88 15.28 11.10 11.29 10.21 10.09 11.57 11.77 14.00 14.04 14.08 14.02 13.95 13.52 13.36 13.55 13.75 14.07 14.00 14.56
10.42 8.66 7.32 8.28 9.88 10.86 10.95 10.93 10.78 10.68 10.58 10.53 10.46 10.37 10.29 10.25 10.18 10.07 10.11 10.32 10.37 10.28 10.05 9.85 10.03 10.11 9.87 9.72 9.76 9.87 9.90 9.92 9.97 10.17 10.48 10.70 10.73 10.55 10.99 10.43 10.68 11.17 11.38 11.65 11.78 11.64 11.73 11.97 12.24 12.38 12.61 12.91 13.15 13.35 18.28 18.68 19.26 19.33 15.43 15.47 12.09 10.54 10.33 11.11 11.43 13.89 13.99 14.22 14.15 13.98 13.77 13.65 13.78 14.08 14.30 14.24 14.10
11.22 8.73 6.71 7.76 10.04 11.17 11.25 11.26 11.08 10.90 10.72 10.68 10.60 10.51 10.44 10.39 10.32 10.20 10.13 10.32 10.53 10.48 10.18 9.89 10.05 10.13 9.97 9.85 9.87 9.94 9.88 9.83 10.11 10.64 11.37 11.44 10.99 10.68 10.38 10.53 11.02 11.26 11.47 11.82 11.86 11.78 11.85 12.07 12.33 12.45 12.67 13.09 13.35 18.20 18.57 13.94 14.47 15.13 15.42 15.18 14.64 11.44 11.34 11.34 11.29 11.12 13.88 14.31 14.38 14.12 13.98 13.83 13.82 14.25 14.45 14.40 14.37
10.65 8.73 6.97 8.32 9.91 11.11 11.78 11.85 11.55 11.04 10.82 10.84 10.74 10.64 10.55 10.50 10.42 10.37 10.27 10.35 10.68 10.70 10.32 9.98 10.05 10.14 10.08 9.99 9.94 9.93 9.83 9.85 11.37 11.94 11.67 11.14 10.86 10.69 10.23 10.30 11.09 11.46 11.66 11.91 11.85 11.86 11.90 12.07 12.32 12.47 12.63 13.25 18.32 18.21 13.56 13.99 14.44 15.01 15.29 15.01 14.58 14.54 14.72 14.70 11.78 11.29 13.82 14.20 14.54 14.49 14.32 14.13 14.02 14.24 14.49 14.91 14.87
