examples/cougarCreek-fire/createInputs/farsite/5a-cougarCreek-pointIgnit/cougarCreekFire_08-10-2015_0100_217m_non_neutral_stability_vel.asc
ncols	146
nrows	140
xllcorner	610065.000000
yllcorner	5095217.000000
cellsize	216.586807
NODATA_value	-9999.000000
[rows 34 to 67 of 140, columns 0 to 76 of 146]
7.68 8.11 8.52 8.53 8.65 8.80 8.78 13.16 13.76 13.84 14.55 15.08 14.82 14.32 14.08 14.89 15.93 16.44 16.85 16.82 17.46 18.77 19.43 19.49 17.80 14.56 14.61 17.77 20.82 29.27 51.27 47.01 21.92 13.59 7.92 12.02 11.26 9.29 10.47 13.02 13.42 12.93 13.64 13.28 17.16 14.53 4.09 6.21 8.90 11.14 14.65 20.81 30.25 33.12 30.88 27.55 23.59 19.25 16.07 15.84 16.04 15.92 16.30 13.01 12.61 12.65 13.54 13.07 12.77 14.95 14.93 14.16 11.13 11.01 11.87 12.96 12.37
7.41 7.87 8.40 8.33 8.88 8.80 8.64 8.58 13.41 13.57 13.81 13.02 14.67 15.28 14.72 14.32 14.62 14.77 14.68 15.16 16.82 18.21 19.28 20.45 21.97 22.62 20.91 18.14 20.73 33.63 48.35 42.99 26.79 18.55 18.36 15.60 14.26 12.24 9.85 10.35 12.51 13.00 12.74 12.92 13.11 15.04 17.26 17.49 6.93 9.51 11.43 14.04 20.15 27.37 27.69 28.22 25.33 21.47 18.84 17.17 16.48 15.65 15.17 14.31 13.72 15.10 14.42 16.14 16.55 17.21 16.96 13.61 12.39 11.51 12.43 12.22 12.86
7.31 7.80 8.32 9.16 8.99 12.23 12.44 8.45 13.56 13.72 13.36 12.76 12.75 15.04 15.42 15.44 15.83 16.48 16.88 17.62 17.87 17.73 19.00 19.70 20.06 20.27 22.49 22.46 27.37 36.45 43.47 36.06 29.11 22.73 20.21 20.06 15.60 6.60 4.64 4.71 5.82 6.58 8.07 14.87 14.83 16.90 17.47 17.51 21.10 8.70 10.82 12.68 15.82 19.61 22.02 23.52 23.89 22.73 21.77 20.63 19.50 18.85 18.25 17.37 15.92 15.06 16.08 15.79 16.32 16.54 17.95 17.18 15.40 13.16 13.07 12.07 12.55
7.26 7.75 8.29 9.16 9.09 8.89 8.60 12.96 8.41 12.95 12.73 12.83 12.86 14.53 14.54 14.89 15.12 15.84 16.37 16.45 16.54 16.80 18.03 18.77 19.04 19.82 20.80 22.01 26.07 39.84 48.36 34.79 26.08 19.89 18.80 17.69 19.54 21.02 19.56 18.19 10.84 17.63 11.95 12.16 13.54 4.78 4.66 14.52 1.71 6.06 9.25 12.77 14.08 15.41 18.37 20.37 20.09 19.35 19.45 19.92 19.84 19.74 19.86 19.81 19.45 18.69 18.09 18.04 18.54 19.94 21.33 21.44 19.57 18.97 16.64 14.23 13.36
7.30 7.84 8.38 9.21 9.16 8.93 10.78 8.32 12.57 12.30 12.91 13.07 13.68 13.48 13.85 14.39 14.87 15.43 16.06 16.82 17.01 16.98 17.19 18.33 18.21 18.57 20.25 21.79 23.93 39.32 57.47 41.77 23.77 20.56 15.39 12.15 8.11 10.03 10.44 12.68 15.49 17.29 12.00 11.76 10.18 10.29 10.50 8.72 7.61 9.18 7.66 11.29 13.10 13.84 15.54 17.16 17.71 16.48 15.95 16.68 17.49 17.76 18.24 18.08 17.57 16.59 15.25 14.93 15.56 16.54 17.85 19.27 20.85 21.65 19.99 16.66 16.43
7.52 8.02 8.41 9.15 9.05 8.91 10.93 8.33 12.63 12.93 13.22 13.30 12.31 13.76 13.98 14.44 14.89 15.34 15.65 16.39 17.05 17.16 17.28 18.25 18.32 18.95 19.46 22.04 22.36 39.79 59.23 51.35 20.04 15.07 17.41 15.03 13.74 10.63 9.18 4.70 7.64 10.14 10.04 12.50 14.22 19.28 13.87 14.13 12.75 11.89 13.06 10.73 11.38 10.96 13.44 15.91 16.29 14.49 14.38 15.07 14.44 14.92 16.49 16.57 15.67 14.67 13.12 11.85 11.81 12.40 12.99 12.97 13.63 16.74 18.07 19.98 20.10
7.80 8.08 8.40 9.03 8.94 8.74 10.48 8.33 8.46 13.00 13.36 13.39 13.37 14.36 13.89 14.21 14.65 14.86 14.95 15.58 16.62 17.00 17.41 18.19 16.62 18.50 19.22 21.49 24.02 39.55 55.14 50.71 27.28 11.79 15.33 16.13 14.77 11.29 12.49 6.22 4.08 4.64 5.03 4.73 6.15 7.85 11.10 13.86 14.41 14.03 13.77 14.33 16.41 17.18 16.40 17.03 17.46 15.29 15.13 15.69 12.48 13.75 15.64 16.22 15.45 14.50 13.35 12.18 11.72 11.94 11.77 10.76 10.56 11.57 11.89 12.50 14.33
7.97 8.14 8.33 8.98 8.99 10.67 8.34 8.48 8.53 12.98 13.48 13.54 13.23 13.62 13.40 13.79 14.43 14.01 15.18 15.60 16.40 16.96 17.77 15.06 15.93 17.98 19.14 20.70 22.63 38.04 51.70 53.18 33.98 16.47 13.89 15.68 16.40 14.06 10.65 10.04 9.81 11.10 13.78 14.76 16.13 3.36 5.74 9.51 12.10 14.43 15.28 15.71 17.64 18.63 18.12 18.18 18.20 16.95 17.10 17.19 15.79 14.95 16.41 16.51 15.64 14.89 14.33 13.42 12.68 12.36 11.88 10.72 9.81 10.36 10.66 9.59 9.61
8.06 8.16 8.19 8.37 9.41 8.36 8.50 8.16 8.64 8.44 8.60 13.36 12.95 13.28 13.40 13.62 13.97 14.45 15.01 15.17 16.37 17.05 15.74 14.03 17.13 17.55 18.79 19.87 20.10 31.32 52.60 62.30 52.28 34.06 23.29 15.32 11.19 15.18 12.38 9.92 10.69 10.38 12.73 14.92 17.77 17.19 17.93 5.63 8.81 12.44 14.61 14.45 15.23 17.33 17.78 17.78 17.69 17.19 17.69 18.16 16.57 16.01 17.48 17.54 16.38 15.64 15.12 14.21 13.27 12.64 12.14 11.02 9.77 10.28 10.77 8.56 6.47
8.12 8.19 8.18 8.42 9.44 9.41 8.70 8.85 8.68 8.71 13.40 13.11 12.46 12.77 12.30 12.73 13.89 14.23 15.01 15.54 16.48 15.33 13.31 13.76 16.92 17.40 18.96 17.39 19.39 27.36 42.50 57.24 64.46 60.02 48.62 32.01 18.57 15.47 12.15 12.57 11.48 12.42 14.14 14.48 4.67 4.62 3.43 4.07 5.96 11.14 14.63 14.89 15.17 16.50 16.59 16.71 16.99 16.97 15.56 18.41 16.67 16.08 17.78 18.40 17.41 16.65 15.57 14.69 13.89 13.13 12.58 11.70 10.46 10.72 11.14 9.57 6.28
8.25 8.31 8.35 8.57 8.70 8.67 8.85 8.82 8.84 12.67 12.20 10.42 10.87 12.84 12.59 13.45 13.48 13.89 14.64 15.85 16.21 13.55 13.25 14.84 16.43 17.35 16.29 16.16 18.82 23.74 31.58 40.96 53.66 61.42 61.19 51.59 36.17 27.52 25.09 20.13 20.42 19.64 13.29 11.31 8.92 7.09 4.56 2.87 5.70 11.46 15.61 16.53 16.52 16.57 16.06 16.01 16.95 17.95 19.27 18.99 16.83 16.70 18.23 18.70 18.26 17.22 15.43 15.10 15.74 15.29 14.41 13.53 12.59 12.25 12.38 12.44 7.40
8.35 8.53 8.61 8.61 8.89 8.87 8.82 8.88 9.07 10.64 9.19 9.95 12.29 13.23 13.50 13.26 11.30 13.82 14.61 15.51 16.26 14.99 14.38 13.90 15.80 15.92 15.05 17.15 18.99 22.24 24.61 29.53 36.33 43.99 52.25 54.08 48.18 44.03 39.19 34.22 30.21 26.02 23.53 20.71 14.96 9.76 6.40 4.34 5.21 9.97 15.94 17.33 18.67 17.20 15.66 14.87 16.30 18.96 20.41 18.60 16.49 17.26 18.55 18.53 18.02 16.04 13.66 12.09 13.13 14.21 14.35 14.83 14.25 13.36 13.50 15.38 10.98
8.68 8.90 9.31 8.44 8.86 8.97 10.48 11.10 10.86 8.32 9.49 11.58 12.39 13.35 13.26 12.52 13.28 13.08 14.46 15.40 16.14 13.91 12.55 13.18 12.72 13.52 14.55 17.43 18.84 19.40 21.10 25.02 29.95 33.02 39.64 42.61 39.81 43.50 46.22 43.52 40.69 36.92 30.80 27.29 20.28 12.06 9.84 7.86 13.01 18.33 15.22 20.91 21.33 17.96 15.29 14.13 15.73 19.26 21.12 18.07 15.62 15.74 16.80 16.42 16.78 16.88 14.67 11.47 14.31 15.27 15.80 15.37 15.92 17.08 14.27 15.63 16.40
9.13 7.79 7.79 8.39 8.53 9.04 8.44 10.08 10.39 8.93 11.46 11.98 12.46 13.18 13.51 13.52 8.13 12.48 14.48 15.31 15.79 12.29 10.92 11.92 12.40 13.11 15.82 17.55 17.42 17.87 19.44 24.02 28.53 31.09 35.02 32.35 24.41 28.38 36.11 39.68 33.74 33.94 34.23 34.76 24.89 14.15 12.35 17.27 14.04 12.11 16.23 22.59 23.97 19.19 16.16 14.97 15.28 17.50 17.78 17.24 16.13 14.53 14.48 16.28 17.93 18.41 16.59 15.50 14.27 14.89 14.64 15.41 15.55 18.03 17.01 15.36 15.90
9.31 9.34 9.63 10.04 9.36 9.17 8.21 10.20 11.39 11.16 11.70 8.92 12.56 12.98 8.55 8.43 13.36 13.11 14.63 15.24 13.71 10.34 9.88 11.97 12.98 15.14 16.30 17.51 15.40 17.89 19.17 22.83 29.26 30.94 34.21 27.30 14.70 15.32 20.93 26.64 26.36 26.27 30.68 37.97 35.34 23.71 16.95 16.44 15.74 15.83 18.33 22.32 24.78 22.98 19.51 16.25 12.72 13.57 17.89 20.00 20.12 18.28 18.01 20.00 20.48 19.37 17.59 15.73 14.61 13.78 14.64 14.80 15.53 18.47 17.65 15.56 14.83
9.40 9.14 9.44 7.70 7.72 9.33 10.39 9.03 9.15 11.77 12.02 9.11 9.02 8.93 13.94 14.30 13.89 13.94 12.36 13.48 13.22 10.86 11.08 12.87 13.23 15.11 16.32 16.58 17.90 17.02 18.48 20.97 27.50 31.67 33.09 25.44 12.22 11.18 13.18 18.07 20.80 21.05 22.61 31.68 39.09 37.37 30.11 24.94 21.57 19.69 21.16 19.15 28.96 26.40 21.58 19.81 16.77 14.00 14.62 16.62 18.18 20.18 21.39 21.03 19.21 17.95 16.01 14.76 14.90 14.39 14.80 15.44 15.79 16.86 18.65 16.59 15.28
8.61 8.25 7.71 7.55 8.40 8.13 8.25 9.33 9.26 9.19 9.26 9.41 9.33 13.55 13.63 11.66 12.12 10.83 10.86 12.88 12.77 11.35 11.32 11.42 11.83 12.40 10.26 15.32 14.75 17.26 17.69 20.32 25.76 29.12 30.88 24.46 14.44 11.30 11.69 15.97 20.01 19.88 15.53 15.35 27.05 35.83 35.60 33.04 29.71 28.05 26.09 25.03 26.63 28.93 29.52 24.26 19.84 15.83 14.29 14.65 15.45 16.65 19.67 23.36 22.16 19.10 16.88 17.45 15.69 14.78 15.47 16.43 18.98 19.29 17.83 18.79 17.74
8.86 8.28 7.55 8.67 8.25 8.43 9.42 9.42 9.41 9.43 9.59 9.76 9.67 13.62 10.30 9.74 10.66 10.28 11.47 12.86 11.23 10.65 11.53 8.87 11.86 12.05 15.07 10.97 14.51 16.19 16.86 20.29 25.00 26.91 27.61 22.29 16.13 13.37 13.72 17.04 21.14 21.69 13.94 5.84 7.14 15.77 18.76 18.07 18.55 21.18 22.99 24.71 23.68 28.08 29.29 24.28 21.13 15.22 15.32 14.46 14.18 14.38 16.29 20.94 24.42 22.81 20.39 17.92 16.21 16.28 17.98 17.77 18.70 18.92 19.14 19.56 19.42
9.38 8.15 9.12 8.42 8.59 9.60 9.65 9.71 12.11 9.71 10.05 13.02 10.44 9.81 8.70 8.69 9.51 10.37 11.63 11.82 10.71 11.52 11.43 7.99 10.91 7.27 7.70 11.05 17.43 15.27 15.86 19.37 23.70 25.68 24.13 17.59 14.84 15.96 16.80 19.15 24.76 24.36 14.23 4.62 3.57 4.81 9.49 11.57 13.14 14.57 17.11 19.85 22.49 24.21 28.52 36.84 25.32 18.48 14.01 15.21 14.62 13.59 14.90 17.54 21.69 21.80 22.26 21.80 18.71 16.11 16.27 19.85 20.15 19.34 18.47 18.08 17.94
8.24 8.36 8.64 8.77 9.94 9.68 11.32 11.59 11.96 13.03 12.56 8.68 8.21 7.94 8.09 8.10 7.97 10.95 11.63 11.18 12.44 10.65 10.96 8.56 12.97 7.29 15.44 14.26 14.36 14.37 13.28 17.72 23.16 24.90 21.14 13.60 13.46 14.76 18.28 23.50 26.42 26.50 16.40 4.94 6.17 4.97 4.73 9.65 12.99 13.75 14.51 16.14 18.51 21.69 25.27 34.79 29.23 21.92 18.41 19.12 18.21 16.16 16.16 17.74 18.76 18.53 19.86 21.06 18.66 15.48 14.69 16.03 17.12 17.96 17.82 17.61 14.59
8.33 8.44 9.72 9.92 9.93 9.46 9.42 12.20 12.36 12.82 8.95 7.95 7.64 8.07 11.29 10.42 8.40 12.59 12.68 11.39 8.26 8.02 10.54 11.10 11.07 11.79 12.72 12.69 13.61 14.37 11.68 16.91 21.90 24.82 19.12 10.88 14.02 16.96 17.77 21.69 24.89 28.79 23.64 10.77 4.26 5.51 5.63 6.02 12.54 13.93 13.95 14.79 16.13 18.42 22.84 28.32 28.37 22.78 20.39 20.66 19.21 17.05 17.31 18.78 18.31 16.96 17.88 19.56 18.43 16.89 16.17 14.91 14.27 15.85 17.32 17.78 17.56
9.50 8.47 9.19 9.84 8.27 8.17 10.06 12.94 10.28 9.45 8.43 7.48 7.85 8.54 11.62 10.93 8.74 12.26 8.88 8.57 9.80 9.67 10.84 10.37 12.75 11.74 11.89 12.63 14.14 14.33 12.46 16.70 20.33 22.99 17.19 10.25 13.65 19.93 21.19 22.40 24.68 27.80 28.76 22.30 11.76 3.86 0.57 3.91 10.65 12.92 13.52 14.65 15.74 17.45 20.95 25.11 24.92 22.01 20.53 20.07 19.11 18.55 19.07 19.69 19.47 17.43 15.77 16.98 17.61 17.55 17.91 15.80 13.10 13.62 15.79 16.79 16.58
10.74 9.42 8.94 9.33 8.61 8.37 11.40 11.25 8.97 8.12 7.51 7.94 8.26 8.32 11.43 9.16 8.70 9.08 8.97 8.72 9.00 9.61 9.90 10.18 11.37 11.50 12.43 12.90 14.39 12.65 12.42 16.60 19.48 21.24 15.32 9.65 13.12 18.66 18.28 20.67 23.32 26.78 27.16 27.02 22.18 15.19 8.35 7.22 11.07 10.05 10.52 13.68 16.01 17.93 21.27 22.70 22.45 22.25 20.94 19.28 18.29 19.06 20.23 20.49 20.95 19.63 16.11 15.72 17.03 17.34 18.11 17.57 14.76 13.76 15.36 16.25 15.60
10.50 9.49 8.79 8.88 8.64 9.27 12.25 9.43 8.88 7.80 7.71 9.55 8.81 8.21 9.21 9.25 9.37 13.74 8.47 7.25 8.58 9.14 9.84 8.08 11.35 11.25 12.33 13.38 13.66 11.94 13.82 16.18 19.71 23.08 15.38 8.64 12.36 16.52 15.33 18.19 20.94 23.38 25.47 24.08 23.68 20.40 15.37 14.41 12.80 8.86 8.30 10.07 13.98 18.43 21.58 21.64 22.01 23.28 22.20 19.84 18.27 18.35 19.54 20.25 20.45 20.21 18.29 16.91 17.31 17.46 17.73 18.11 16.68 15.57 16.36 16.78 15.67
10.62 9.49 8.51 8.79 9.37 12.92 10.29 9.54 8.04 7.75 10.55 10.25 8.70 8.17 13.36 10.84 10.95 10.37 9.75 7.02 7.73 9.59 7.53 7.82 11.22 11.30 8.67 14.01 12.61 11.58 14.57 16.45 18.82 22.84 13.17 9.91 10.01 14.41 13.78 17.07 18.13 18.74 21.24 21.95 20.40 20.10 15.98 20.02 17.84 12.20 8.81 7.34 7.42 16.43 20.88 21.27 22.04 23.37 23.23 21.53 19.69 18.62 19.13 19.71 19.22 18.78 17.69 16.84 17.01 17.00 17.38 17.91 16.85 16.36 16.96 16.81 14.40
10.89 8.95 7.99 9.49 10.51 12.21 10.26 8.52 7.93 9.98 11.14 9.05 10.64 8.49 9.07 9.53 12.18 11.15 9.42 7.84 7.76 8.16 7.89 8.72 10.34 8.66 9.25 13.38 12.18 13.16 14.91 16.22 17.24 19.84 15.87 10.76 9.31 12.64 13.65 16.74 17.89 17.30 18.22 18.88 20.09 20.42 19.18 20.47 20.22 17.60 15.44 9.76 8.28 14.28 19.53 20.87 21.97 23.01 22.85 22.47 21.30 19.70 19.72 19.63 19.01 18.78 15.74 16.57 16.34 15.73 16.25 17.51 16.39 15.82 15.35 11.57 11.63
10.20 7.94 8.17 10.74 12.13 10.67 9.16 8.08 10.19 11.33 9.03 8.95 8.87 9.40 10.06 12.56 16.74 10.00 9.03 7.85 7.79 8.11 8.41 9.91 8.71 9.17 12.72 12.60 12.99 14.11 15.07 15.37 16.72 17.83 15.49 11.89 9.99 11.23 13.37 14.76 16.28 16.09 16.22 16.90 17.19 18.17 18.64 20.11 19.70 18.21 17.31 15.01 11.98 14.78 18.81 20.88 22.20 23.41 22.84 22.75 22.66 21.20 20.33 19.30 16.16 18.70 19.03 18.37 17.10 15.44 15.29 16.87 14.70 13.16 11.42 11.66 12.24
9.21 8.12 9.42 11.30 10.57 9.91 8.78 8.33 8.78 8.99 9.20 9.65 10.17 12.63 13.05 13.79 8.27 9.51 7.67 6.58 7.96 9.12 10.19 8.81 9.10 9.60 9.77 12.97 13.77 14.25 14.04 14.42 16.13 16.28 13.83 12.13 10.50 10.53 12.93 13.74 14.64 14.40 14.81 15.14 14.87 16.38 17.04 17.31 17.89 16.73 15.24 13.47 13.00 14.34 17.27 19.96 21.38 22.20 22.06 22.03 22.64 22.53 21.06 18.08 17.40 17.08 18.58 19.65 18.79 16.83 14.47 13.66 11.92 10.89 12.34 10.73 11.07
9.24 9.30 10.38 10.78 9.94 9.53 8.81 8.57 9.06 9.46 10.14 13.33 13.54 13.74 17.38 14.37 10.88 8.78 8.61 6.84 8.19 9.23 8.67 9.81 9.08 9.63 12.80 13.35 13.90 13.99 13.63 14.45 16.13 16.19 11.97 11.63 10.97 10.62 12.51 13.78 14.30 13.45 14.25 15.72 14.45 14.98 15.29 14.90 15.38 15.38 14.42 12.78 12.16 14.48 15.20 18.08 21.48 21.47 20.05 17.65 21.62 23.36 23.49 21.01 17.36 16.88 17.49 18.41 18.44 16.51 12.04 11.39 11.31 12.75 10.42 11.23 12.07
9.24 9.51 10.10 10.08 9.63 9.26 8.82 8.97 9.86 13.25 13.98 14.30 14.16 17.36 17.85 9.36 10.19 9.20 7.05 6.31 7.98 8.35 7.94 9.68 9.29 9.66 9.95 13.66 13.92 13.75 14.09 14.93 16.45 14.30 10.72 10.62 11.38 10.82 12.18 13.46 14.01 12.55 12.47 14.97 14.49 14.29 14.90 15.27 15.02 14.52 14.10 12.84 12.16 12.80 13.82 16.58 22.96 19.93 19.51 19.98 21.15 23.05 19.25 18.89 17.16 17.22 16.22 16.08 19.19 14.95 13.47 11.63 11.23 11.25 11.64 11.97 12.35
9.07 9.32 9.83 9.88 9.51 9.26 9.41 10.37 14.16 14.78 17.45 17.93 18.04 18.66 12.99 11.42 9.46 7.24 6.90 6.67 7.47 7.80 8.77 9.72 10.52 11.07 10.03 13.78 13.61 13.44 13.95 14.61 14.37 12.56 10.53 10.23 11.47 11.51 12.25 13.44 13.75 12.24 10.53 12.86 14.29 13.60 13.93 14.32 14.37 14.13 13.58 12.85 12.01 11.99 13.08 15.52 17.81 19.58 19.44 18.25 19.49 22.27 22.12 20.71 19.31 17.63 17.06 16.86 17.88 19.88 15.74 14.54 14.59 15.33 14.79 12.98 13.34
9.06 9.33 9.85 9.91 9.80 10.13 10.96 14.86 15.30 17.37 16.67 16.94 16.34 13.57 12.82 10.46 8.54 6.28 8.08 6.27 8.54 8.73 9.36 9.06 10.06 9.59 10.43 11.15 14.06 14.14 14.24 13.07 13.17 11.66 9.95 9.99 11.88 11.80 12.39 14.71 14.05 12.53 10.50 11.54 12.92 12.76 13.66 13.79 13.59 14.58 13.72 13.15 11.86 11.89 15.26 14.56 16.70 18.15 18.89 16.88 18.71 19.51 20.23 19.90 19.11 17.76 17.30 16.33 18.31 20.32 15.87 13.55 14.05 15.42 15.17 12.88 11.57
8.79 9.13 9.78 10.22 13.85 14.17 15.01 17.99 17.54 17.29 16.59 15.32 13.22 13.40 13.60 10.32 8.92 5.53 8.02 7.71 8.62 9.00 9.29 8.82 10.74 9.95 10.77 11.64 14.72 14.67 14.08 11.08 11.01 10.76 9.75 9.97 13.35 11.37 12.07 16.12 14.16 12.87 10.94 9.59 12.58 12.56 13.04 13.26 12.87 16.09 14.34 12.43 11.86 10.27 12.53 13.77 15.49 17.23 18.59 18.79 13.69 18.66 17.88 19.03 19.52 18.18 17.92 17.87 15.95 15.22 14.47 14.35 12.47 13.61 14.59 12.28 14.54
8.76 9.38 10.43 14.54 15.37 15.37 17.91 17.63 17.24 16.64 15.01 13.31 12.16 13.41 14.16 11.87 8.64 4.71 7.91 8.39 9.12 9.81 9.42 8.93 10.22 10.18 11.06 12.04 14.51 13.55 11.83 10.29 9.79 10.42 10.57 10.55 13.62 11.16 12.43 16.17 13.73 13.63 10.96 12.61 11.88 9.98 10.27 10.97 9.73 14.28 13.36 12.04 11.04 12.42 12.95 13.18 14.13 16.10 18.31 13.16 18.44 15.64 16.22 18.10 18.68 17.44 17.03 17.53 18.96 15.63 13.87 12.69 12.90 13.32 14.86 17.62 17.09
