examples/cougarCreek-fire/createInputs/farsite/5a-cougarCreek-pointIgnit/cougarCreekFire_08-10-2015_0100_217m_non_neutral_stability_vel.asc
ncols	146
nrows	140
xllcorner	610065.000000
yllcorner	5095217.000000
cellsize	216.586807
NODATA_value	-9999.000000
[rows 0 to 33 of 140, columns 0 to 76 of 146]
10.32 10.46 10.57 10.25 9.98 10.10 10.24 10.30 10.32 12.28 9.98 9.95 9.95 9.77 10.03 10.43 10.59 10.91 11.36 11.77 12.27 14.30 13.05 12.89 12.43 12.45 12.94 13.43 13.78 13.84 13.74 14.01 14.64 14.96 15.14 15.39 15.60 11.22 13.96 15.44 14.13 14.00 15.69 14.11 14.70 14.58 16.12 16.52 16.76 16.72 16.78 16.81 16.99 16.95 16.80 16.47 15.83 15.72 16.21 16.04 15.23 15.12 15.11 14.63 14.28 13.91 13.91 14.07 13.83 13.29 12.57 12.16 12.25 12.27 12.33 12.02 10.89
10.32 10.46 10.57 10.25 9.98 10.10 10.24 10.30 10.32 12.28 9.98 9.95 9.95 9.77 10.03 10.43 10.59 10.91 11.36 11.77 12.27 14.30 13.05 12.89 12.43 12.45 12.94 13.43 13.78 13.84 13.74 14.01 14.64 14.96 15.14 15.39 15.60 11.22 13.96 15.44 14.13 14.00 15.69 14.11 14.70 14.58 16.12 16.52 16.76 16.72 16.78 16.81 16.99 16.95 16.80 16.47 15.83 15.72 16.21 16.04 15.23 15.12 15.11 14.63 14.28 13.91 13.91 14.07 13.83 13.29 12.57 12.16 12.25 12.27 12.33 12.02 10.89
10.13 10.25 10.52 10.32 9.91 9.95 10.06 10.19 10.35 10.37 10.22 10.23 10.17 9.85 10.01 10.35 10.50 10.80 11.21 11.57 12.13 14.43 13.56 13.39 12.68 12.52 12.96 13.56 13.98 13.94 13.73 13.88 14.59 15.04 15.23 15.58 15.93 15.98 15.64 15.57 15.87 15.84 15.81 16.14 16.48 16.39 16.07 16.51 16.76 16.59 16.60 16.61 16.82 16.87 16.79 16.51 15.79 15.61 16.12 16.07 15.20 14.92 14.98 14.56 14.06 13.55 13.63 13.87 13.63 13.01 12.12 11.65 11.77 11.91 12.06 11.63 10.28
10.10 10.15 10.54 10.48 9.97 9.90 9.95 10.09 10.41 10.69 10.78 10.88 10.70 10.12 10.02 10.20 10.33 10.67 11.09 11.43 12.07 14.57 14.22 14.18 13.34 12.81 12.95 13.65 14.17 13.95 13.65 13.61 14.35 15.05 15.27 15.72 16.28 16.55 16.19 15.81 15.91 15.98 16.03 16.11 16.44 16.48 16.01 16.38 16.63 16.22 16.01 16.09 16.43 16.60 16.52 16.14 15.50 15.52 15.91 15.95 15.30 14.60 14.65 14.41 13.75 13.29 13.45 13.62 13.28 12.57 11.69 11.28 11.39 11.68 11.82 11.17 9.78
10.17 10.20 10.52 10.52 10.10 9.95 9.95 11.61 12.05 12.10 11.10 11.35 11.34 10.65 10.12 10.14 10.23 10.72 11.29 11.57 13.34 14.61 15.30 14.77 14.24 13.41 13.10 13.76 14.32 13.98 13.72 13.53 14.20 15.11 15.35 15.79 16.40 16.87 16.79 16.27 15.95 16.10 16.21 16.00 16.23 16.39 16.12 16.34 16.55 15.96 15.30 15.52 16.07 14.40 16.17 15.60 15.13 15.45 15.57 15.50 15.28 14.40 14.22 13.96 13.49 13.37 13.31 13.11 12.58 11.95 11.41 11.15 11.25 11.49 11.38 10.62 9.47
10.08 10.11 10.40 10.50 10.22 10.02 9.92 10.03 10.23 11.77 12.40 12.28 11.77 11.34 10.45 10.16 10.16 10.69 12.21 11.76 13.30 14.54 15.50 15.15 15.13 14.08 13.38 14.05 14.61 14.21 13.82 13.54 14.25 15.08 15.29 15.91 16.52 17.02 17.17 16.75 16.23 16.26 16.26 15.88 16.04 16.35 16.24 16.33 16.44 14.20 13.06 13.20 15.64 15.95 15.94 15.52 15.04 15.27 15.30 15.10 14.94 14.32 13.90 13.42 13.36 13.42 10.66 12.51 11.84 11.55 11.39 11.08 11.07 11.13 10.78 10.08 9.23
10.06 10.02 10.15 10.34 10.27 10.08 9.89 11.28 11.52 11.41 12.25 12.68 12.18 11.77 11.05 10.36 10.24 10.65 12.27 13.00 13.42 14.25 15.17 15.79 15.61 14.26 13.91 14.30 14.77 14.03 13.73 13.77 14.62 15.01 15.16 16.07 16.71 17.10 17.46 16.52 16.16 16.53 15.42 15.90 15.89 15.24 14.98 14.62 14.51 13.89 10.65 14.46 13.38 15.56 15.57 15.47 15.12 15.13 15.14 14.83 14.57 11.82 11.12 13.16 13.28 10.90 12.60 11.98 11.34 11.34 11.33 10.93 10.74 10.60 10.24 9.68 9.20
10.11 10.05 9.99 10.10 10.18 10.08 9.87 11.19 11.75 11.97 12.20 12.74 12.52 11.51 10.72 10.75 10.53 10.69 11.57 12.93 13.49 14.06 14.97 16.02 16.17 15.00 14.13 14.36 14.99 14.34 13.80 13.96 14.75 14.93 15.17 16.28 16.88 17.10 17.07 17.10 16.84 16.28 15.76 15.54 15.16 14.43 14.20 14.33 14.03 10.83 12.22 12.43 14.88 15.39 15.38 15.24 15.12 15.05 14.90 14.57 12.00 11.68 13.25 13.09 13.08 10.40 12.19 11.57 11.22 11.22 11.00 10.58 10.36 10.15 9.84 9.40 9.11
10.08 10.06 9.96 9.96 10.08 10.57 9.98 10.39 11.11 11.61 11.86 12.36 12.65 11.96 11.07 11.09 10.30 10.67 11.30 12.94 13.62 14.01 18.34 19.29 16.70 15.91 14.79 14.60 15.02 14.48 13.46 14.18 14.68 14.95 15.36 16.68 16.87 16.83 17.23 17.68 17.45 16.72 16.42 16.57 15.75 14.15 13.67 13.86 13.79 13.28 12.47 11.92 12.22 13.37 13.60 15.14 14.95 14.86 12.34 14.27 11.98 13.80 13.19 12.91 10.33 10.04 9.59 9.11 11.15 11.00 10.59 10.14 10.05 9.92 9.53 9.10 8.86
10.08 9.96 9.81 9.80 9.86 11.23 11.01 10.71 10.71 10.96 11.36 11.84 14.70 12.32 11.37 10.76 10.50 10.37 11.14 15.81 17.11 13.91 14.65 16.06 19.80 16.87 15.56 15.03 15.13 15.19 13.88 14.25 14.86 14.63 15.57 17.01 17.27 17.16 17.61 18.23 17.78 16.64 16.44 17.06 16.10 14.02 13.44 13.73 13.56 13.26 12.49 11.93 11.53 13.10 15.45 15.19 14.80 14.55 12.38 14.04 13.80 13.61 13.17 10.26 10.04 9.77 9.42 9.11 10.97 10.69 10.26 9.85 9.81 9.72 9.24 8.75 8.55
9.52 9.99 9.70 9.62 9.63 9.67 11.28 11.23 11.14 11.20 11.33 11.59 12.01 14.45 11.63 11.40 10.99 10.94 11.08 12.32 16.96 16.12 14.31 15.60 21.24 16.83 14.04 13.27 15.55 15.53 14.21 14.53 15.21 14.86 15.83 17.28 17.74 17.77 18.39 18.99 18.42 16.71 15.67 13.08 13.05 12.08 13.53 13.42 13.25 10.33 10.52 9.61 12.01 14.95 15.50 15.18 14.67 12.75 13.99 13.85 13.73 11.98 10.62 10.07 9.71 9.67 9.14 8.81 10.78 10.39 10.04 9.72 9.55 9.43 8.96 8.45 8.22
10.16 10.06 9.58 9.81 10.11 10.55 9.64 11.31 11.26 12.98 13.21 11.52 11.63 12.13 11.89 11.98 11.85 10.62 11.56 12.32 16.50 16.08 16.67 15.12 17.04 18.98 14.29 13.88 14.96 15.83 14.35 14.76 15.35 15.33 16.17 17.36 18.02 18.30 19.20 20.06 19.56 15.48 12.87 12.36 12.20 11.68 13.97 13.73 10.84 10.20 9.92 11.59 13.75 15.09 14.74 13.67 13.01 12.60 12.24 13.66 13.70 10.95 10.52 9.80 9.42 11.56 11.15 10.86 10.61 10.16 9.89 9.63 9.32 9.13 8.71 8.16 7.73
9.94 9.95 9.91 9.83 9.90 10.21 9.44 11.14 11.38 11.45 13.78 13.71 13.15 11.80 11.85 12.03 11.27 10.94 12.04 12.58 15.94 16.08 16.23 19.07 16.50 21.95 14.87 14.80 15.35 13.57 14.78 15.00 15.67 16.06 16.72 17.69 18.27 18.54 19.72 21.38 20.23 15.69 12.14 11.65 11.34 11.48 14.63 12.10 11.03 12.48 12.17 11.58 13.46 14.97 14.28 13.32 12.77 12.36 11.87 12.32 11.18 11.30 10.57 12.00 11.60 11.31 10.89 10.64 10.37 9.98 9.74 9.53 9.22 8.87 8.38 7.71 7.10
9.71 9.74 9.80 9.75 9.58 10.33 9.39 9.45 11.25 11.56 11.83 14.44 14.70 13.57 12.19 12.19 11.62 11.00 11.69 14.65 15.90 16.63 16.06 17.58 21.25 21.57 15.59 15.30 14.71 12.94 12.03 15.18 15.32 16.30 17.68 19.00 18.42 18.28 20.80 23.75 20.78 17.75 11.70 11.25 10.89 14.12 14.96 12.39 11.23 12.86 12.92 12.22 12.39 13.78 13.86 13.11 12.30 11.76 11.33 11.20 11.52 11.06 12.20 11.92 11.47 11.06 10.72 10.43 10.11 9.81 9.59 9.42 9.18 8.69 8.00 7.20 6.52
9.52 9.62 9.67 9.61 9.55 9.53 9.46 9.35 9.44 11.41 11.89 11.88 12.08 15.80 15.17 13.11 11.59 10.85 11.98 13.66 14.12 15.52 15.23 15.42 19.17 20.66 16.66 15.77 14.65 12.79 11.83 15.54 16.64 17.12 18.24 19.50 18.72 18.73 21.79 25.96 18.68 18.35 12.28 11.40 11.17 12.15 12.13 11.86 10.99 10.21 13.47 13.38 12.57 13.29 13.80 13.44 10.52 11.57 11.33 11.33 12.94 12.41 11.91 11.69 9.18 8.78 8.66 8.36 9.98 9.66 7.81 9.38 9.15 8.56 7.72 6.87 6.17
9.37 9.58 9.65 9.48 9.47 9.55 10.36 10.23 10.41 10.99 11.59 11.82 15.08 15.29 16.55 16.17 12.56 11.42 12.77 14.38 14.11 15.31 15.30 13.92 17.14 19.87 17.56 16.05 14.62 12.74 12.52 15.57 16.78 17.00 18.47 18.79 19.34 20.29 21.76 23.16 18.07 15.60 12.93 11.18 10.81 11.37 11.34 11.68 10.73 10.17 13.80 13.86 10.42 10.73 13.91 13.66 10.87 11.74 9.04 11.07 10.71 9.99 9.55 9.29 9.25 8.92 8.13 10.06 9.91 9.49 9.27 9.34 9.18 8.58 7.66 6.78 6.06
9.23 9.49 9.65 9.43 9.33 9.46 9.52 10.31 10.31 10.45 10.96 11.58 14.35 14.33 15.97 17.88 18.00 14.22 15.25 16.37 15.34 16.31 15.70 15.16 14.74 18.84 17.54 15.78 13.62 12.35 13.30 16.55 16.53 16.61 17.63 17.96 19.49 21.47 22.32 20.73 17.85 15.34 13.16 10.77 10.10 10.70 11.66 11.11 10.42 10.54 13.66 10.45 10.35 10.10 11.22 13.93 13.25 10.09 11.39 10.88 10.78 10.19 10.06 9.35 9.14 8.44 10.34 7.99 10.10 9.68 9.42 9.49 9.49 9.13 8.26 7.29 6.50
9.15 9.35 9.52 9.43 9.26 9.23 10.75 10.48 10.31 12.27 10.55 11.25 15.16 14.31 15.80 16.35 17.40 18.00 17.77 18.82 18.67 19.31 17.66 13.51 13.98 17.81 16.90 14.85 13.32 12.72 13.78 15.62 16.34 17.16 16.49 17.42 19.89 22.12 22.65 19.82 16.99 14.85 13.30 11.61 10.18 10.55 11.33 10.68 10.48 10.56 9.78 11.41 11.00 9.92 10.84 13.94 12.78 10.84 12.13 10.93 11.01 10.58 9.95 9.33 9.00 10.80 10.47 8.78 9.14 10.12 9.95 9.95 9.92 9.78 9.31 8.42 7.48
9.17 9.25 9.34 9.39 9.25 9.05 9.21 10.37 11.96 11.81 10.31 10.94 15.77 15.47 14.99 15.51 16.30 17.17 17.38 18.37 18.95 18.89 20.30 15.96 15.43 16.91 16.17 14.20 13.17 12.81 13.37 14.08 15.17 16.48 16.58 18.17 20.74 22.72 22.41 20.15 17.34 14.70 13.04 12.37 11.21 10.87 10.88 10.29 10.70 10.85 11.29 11.02 10.04 13.64 11.13 11.41 13.05 13.24 10.39 11.60 11.64 8.87 10.36 9.69 11.44 9.16 9.02 10.06 10.77 10.45 10.33 10.38 10.34 10.19 9.92 9.37 8.66
9.21 9.17 9.19 9.29 9.20 8.99 10.11 10.36 12.25 11.96 10.29 14.19 15.08 15.16 14.61 13.81 14.50 16.32 16.48 17.76 18.44 16.75 19.67 19.17 18.17 17.05 15.33 13.85 13.09 12.99 12.68 12.80 11.65 16.31 18.49 19.76 20.86 23.65 22.62 19.89 17.43 15.12 13.88 12.79 11.85 11.56 11.31 10.35 11.15 12.52 12.30 10.23 11.52 11.25 10.88 11.82 12.27 13.57 10.72 10.23 11.89 9.19 10.37 9.93 9.80 11.10 10.66 10.72 10.89 10.77 10.66 10.64 10.63 10.66 10.47 9.91 9.49
9.21 9.12 9.11 10.05 9.77 9.72 9.99 10.26 10.07 12.12 10.32 14.04 13.19 14.59 15.92 15.45 14.02 15.07 15.03 16.84 17.42 15.10 19.20 20.99 21.87 18.19 15.36 14.29 13.44 12.94 12.33 11.66 13.75 14.34 18.09 21.24 19.94 22.79 22.66 18.04 16.44 16.03 16.17 13.51 12.55 12.36 11.91 11.39 14.52 12.10 12.15 10.35 11.48 11.24 11.37 14.70 14.73 11.51 10.88 10.54 10.45 9.86 11.25 10.83 12.13 11.42 10.95 10.88 10.98 11.02 11.00 10.93 10.77 10.84 10.91 10.42 9.97
9.04 9.08 9.07 9.88 9.62 9.73 9.96 10.10 10.06 12.24 13.10 13.87 12.12 12.94 15.15 11.16 17.10 17.27 16.94 17.30 17.99 15.33 18.14 19.77 20.28 19.10 16.74 15.60 14.25 12.76 12.29 10.62 11.84 12.23 17.15 22.19 19.72 22.65 20.82 16.16 16.10 17.36 16.63 13.75 12.93 12.48 12.22 11.88 10.89 10.88 11.53 11.49 10.98 11.27 14.80 12.84 10.87 11.06 11.18 11.43 10.93 10.38 9.57 13.20 11.07 10.45 9.66 9.25 11.00 11.13 11.23 11.18 11.01 11.05 11.11 10.86 10.51
8.77 8.94 8.96 8.97 9.83 9.91 9.97 10.14 10.12 12.44 13.19 14.42 13.81 10.14 14.48 10.54 16.33 11.49 18.36 17.36 17.51 17.18 18.03 19.63 21.47 19.87 17.31 16.61 14.91 12.92 12.12 11.74 10.06 7.42 15.73 20.00 21.89 24.01 20.23 16.08 16.45 16.10 15.54 13.55 12.78 13.25 13.66 12.38 9.86 11.12 12.09 13.90 13.61 15.12 15.68 11.98 10.49 10.40 10.55 11.61 11.40 11.00 12.64 12.02 11.44 10.70 10.19 11.34 11.15 11.29 11.49 11.45 11.29 11.37 11.35 11.16 10.97
8.61 8.78 8.80 8.80 8.84 8.78 9.88 9.95 13.18 12.45 12.88 14.56 14.81 11.49 13.64 14.62 15.77 16.61 17.29 16.61 15.57 16.08 16.96 19.27 22.65 23.66 17.64 17.31 15.97 14.57 14.23 11.12 8.13 9.09 14.18 19.85 22.56 23.34 21.01 16.80 15.20 13.70 14.51 13.24 13.37 13.65 13.67 12.33 11.33 11.42 12.49 18.19 15.45 15.03 14.46 12.80 11.42 10.57 10.28 10.85 11.95 13.89 13.60 14.69 12.17 11.38 10.76 10.40 11.62 11.67 11.78 11.75 11.63 11.66 11.64 11.54 11.33
8.48 8.65 8.70 8.68 8.68 8.62 9.85 9.83 9.87 13.19 12.69 14.00 14.84 13.39 12.88 14.39 15.48 16.48 17.07 17.54 17.15 15.78 15.12 17.64 21.33 25.24 20.00 17.95 17.64 18.62 18.92 13.56 7.04 7.32 12.34 19.26 22.74 22.90 19.42 18.39 13.47 10.75 12.40 16.01 13.22 13.35 13.46 13.17 12.16 11.83 13.63 17.95 14.94 13.99 13.41 13.31 12.52 11.77 11.12 10.91 11.62 14.10 11.90 11.98 13.72 12.53 11.56 10.99 12.28 10.43 12.28 12.19 12.07 12.03 12.00 11.98 11.80
8.32 8.49 8.62 8.61 8.62 8.48 9.67 9.75 9.72 13.92 12.84 13.72 14.56 14.86 13.28 14.00 15.24 16.36 16.85 17.62 18.29 16.77 15.18 16.69 19.91 25.02 23.28 18.04 19.29 25.33 24.32 15.11 10.57 6.03 9.28 16.51 22.13 21.52 16.57 16.50 12.29 9.55 11.77 11.65 12.08 16.94 14.03 16.85 12.22 12.16 17.05 15.92 13.85 13.83 13.04 13.31 12.76 15.68 11.55 11.06 11.08 13.70 11.35 12.20 14.35 13.41 12.63 11.94 11.46 11.56 11.46 12.66 12.56 12.42 12.29 12.34 12.35
8.17 8.32 8.47 8.48 9.76 9.48 9.64 9.62 14.03 14.41 13.80 13.98 14.18 14.40 14.45 13.73 14.84 15.91 16.17 17.01 17.87 16.76 15.77 17.29 19.37 25.61 25.43 19.34 21.75 32.49 27.35 14.84 6.50 7.27 9.96 16.87 20.95 19.18 15.22 15.09 12.09 8.66 10.54 11.33 11.57 12.45 12.81 12.55 12.35 13.06 17.59 15.33 14.14 14.28 14.07 13.40 12.57 11.75 11.56 11.73 11.31 13.44 13.88 12.05 12.39 12.46 14.07 13.29 12.30 11.96 11.77 12.86 12.83 12.80 12.62 12.50 12.55
8.11 8.20 8.27 8.34 9.88 9.75 9.66 9.68 14.02 14.94 14.19 14.07 14.11 14.10 15.55 15.17 15.52 16.02 15.72 16.61 17.31 16.44 16.00 17.63 20.01 24.88 26.84 24.92 27.35 37.74 27.78 13.91 10.00 5.97 14.61 18.86 19.16 15.32 11.87 10.60 9.92 9.26 10.52 12.30 12.89 13.37 14.01 14.50 13.68 14.12 19.36 16.27 13.97 15.79 15.39 14.17 13.03 11.83 11.69 12.04 12.07 11.65 12.00 13.45 14.13 14.38 14.09 14.10 13.05 12.15 11.66 13.16 13.05 13.02 12.88 12.69 12.63
8.11 8.16 8.17 8.24 8.33 9.63 9.62 9.53 9.35 14.53 14.36 13.82 13.80 13.80 15.54 15.60 15.50 16.14 15.92 16.69 17.50 16.68 16.33 17.65 19.95 23.73 29.10 29.74 37.31 41.89 26.80 13.67 12.49 10.08 15.19 22.36 17.94 10.24 6.84 7.33 8.72 9.11 11.15 13.88 14.04 17.12 18.47 19.21 13.89 19.24 20.99 17.59 14.36 16.89 15.04 14.62 13.25 12.39 12.18 12.92 13.54 13.23 13.03 13.01 12.84 13.00 13.30 13.92 13.63 13.16 12.73 13.84 13.47 13.30 13.08 12.88 12.80
8.11 8.17 8.18 8.14 8.15 9.40 9.60 13.90 12.88 13.83 14.17 13.62 13.45 12.68 14.23 15.35 15.43 15.85 15.95 16.72 17.62 16.83 16.61 16.72 18.59 21.04 25.48 33.55 42.45 43.21 28.63 18.17 17.18 18.01 20.46 22.82 20.13 14.54 4.60 3.42 5.83 8.12 11.90 14.85 16.19 16.71 17.65 14.09 20.01 20.78 22.54 19.71 16.52 15.25 15.77 14.70 13.06 12.58 12.16 11.91 12.24 12.61 12.92 13.05 12.78 13.49 12.84 12.61 12.73 12.96 13.04 14.35 14.00 13.78 13.50 13.26 13.19
8.19 8.19 8.15 8.10 8.05 9.22 9.25 9.39 14.29 14.41 15.07 14.42 14.00 13.23 13.14 14.95 15.30 14.66 14.85 15.52 16.51 15.52 16.10 15.54 16.53 18.68 21.44 28.88 38.99 48.72 38.42 26.02 20.18 19.20 20.29 21.31 14.21 7.86 10.98 14.31 4.26 6.85 9.02 12.77 15.91 17.68 15.16 16.00 22.28 22.93 23.93 22.94 19.08 16.86 15.55 13.22 11.72 11.54 11.71 11.71 11.96 12.90 13.69 13.66 13.19 14.01 13.36 12.71 12.42 12.24 12.29 14.64 14.73 14.56 14.16 13.86 13.79
8.34 8.24 8.07 8.05 8.04 9.06 9.13 9.27 14.20 14.48 14.38 14.97 15.04 14.82 13.55 14.83 15.93 15.53 15.05 15.31 15.26 13.29 14.55 14.88 15.85 18.11 19.70 23.85 29.69 45.89 51.94 35.20 17.46 15.21 16.64 13.51 8.79 8.69 10.21 12.93 15.37 15.61 17.32 8.26 12.49 16.09 18.39 15.10 23.85 25.89 25.90 26.80 21.86 19.99 14.45 13.47 12.64 12.39 12.47 12.38 12.58 13.06 13.46 13.50 13.01 12.92 14.41 13.99 13.72 13.42 12.96 13.09 13.53 13.65 14.42 13.92 13.82
8.33 8.35 8.12 7.92 7.96 8.99 9.06 9.00 13.86 14.26 14.25 14.26 14.78 14.16 13.92 14.93 16.08 16.91 16.88 16.78 16.15 14.13 13.59 13.33 15.30 17.52 19.76 22.57 24.97 37.80 54.27 44.32 17.49 14.34 11.03 9.53 8.91 8.75 8.73 11.91 12.89 14.07 14.44 14.97 16.01 11.02 14.05 18.60 19.45 25.00 28.24 29.96 26.37 23.18 17.86 15.77 17.19 14.70 14.08 13.74 13.64 13.17 12.95 13.36 13.60 15.70 13.99 15.03 13.96 14.50 14.47 12.90 12.60 13.89 14.07 13.77 13.50
8.05 8.35 8.51 7.93 8.71 8.88 8.96 8.99 13.70 14.04 14.03 14.40 13.93 13.93 14.36 14.92 15.97 16.49 17.18 17.68 18.63 17.96 16.62 15.23 14.83 15.35 17.51 20.30 23.22 30.86 52.29 46.83 19.38 13.18 7.48 10.64 9.36 8.02 8.77 10.48 12.32 13.78 13.61 13.30 13.70 5.42 8.32 10.58 13.02 17.88 24.09 33.04 35.64 27.56 23.46 21.51 19.44 16.97 15.00 16.93 15.30 14.68 13.65 15.75 15.66 12.94 14.87 13.33 13.03 12.68 12.23 11.58 13.00 13.19 13.56 13.64 13.58
