examples/cougarCreek-fire/createInputs/WindNinja/wrfout_d3.2015081000.f19/cougarCreekFire_08-10-2015_1900_217m_non_neutral_stability_vel.asc
ncols	146
nrows	140
xllcorner	610065.000000
yllcorner	5095217.000000
cellsize	216.586807
NODATA_value	-9999.000000
[rows 0 to 35 of 140, columns 0 to 80 of 146]
12.90 13.19 13.44 13.21 13.03 13.30 13.62 13.86 13.99 16.32 13.91 14.02 13.75 13.43 13.34 13.26 12.99 12.83 12.74 12.61 12.49 13.87 11.76 10.96 10.27 9.95 9.80 9.62 9.38 9.08 8.81 8.51 8.20 7.75 7.21 6.68 6.17 1.29 3.06 4.66 1.82 1.45 3.48 1.12 1.23 1.94 2.78 2.83 2.99 3.26 3.09 2.52 2.08 1.87 1.97 2.33 2.83 3.43 4.16 4.91 5.63 6.40 7.25 8.13 9.00 9.71 10.39 11.28 12.26 12.94 12.95 12.66 12.38 12.31 12.66 13.12 12.94 12.62 12.70 12.81 13.08
12.90 13.19 13.44 13.21 13.03 13.30 13.62 13.86 13.99 16.32 13.91 14.02 13.75 13.43 13.34 13.26 12.99 12.83 12.74 12.61 12.49 13.87 11.76 10.96 10.27 9.95 9.80 9.62 9.38 9.08 8.81 8.51 8.20 7.75 7.21 6.68 6.17 1.29 3.06 4.66 1.82 1.45 3.48 1.12 1.23 1.94 2.78 2.83 2.99 3.26 3.09 2.52 2.08 1.87 1.97 2.33 2.83 3.43 4.16 4.91 5.63 6.40 7.25 8.13 9.00 9.71 10.39 11.28 12.26 12.94 12.95 12.66 12.38 12.31 12.66 13.12 12.94 12.62 12.70 12.81 13.08
12.76 12.98 13.38 13.36 13.09 13.22 13.45 13.73 14.00 14.09 14.05 14.09 13.74 13.34 13.16 13.07 12.82 12.59 12.42 12.20 12.05 13.42 11.84 11.17 10.39 9.94 9.72 9.56 9.33 9.00 8.66 8.30 8.03 7.65 7.11 6.57 6.06 5.54 4.97 4.48 4.08 3.65 3.26 2.99 2.76 2.62 2.59 2.67 2.87 3.18 3.07 2.56 2.18 2.01 2.15 2.51 2.96 3.55 4.28 4.98 5.68 6.47 7.32 8.19 8.95 9.57 10.39 11.37 12.24 12.65 12.36 12.10 12.11 12.36 12.86 13.12 12.81 12.68 12.87 13.02 13.35
12.78 12.89 13.39 13.61 13.30 13.28 13.38 13.61 14.03 14.34 14.42 14.46 13.94 13.29 12.94 12.74 12.49 12.26 12.00 11.69 11.53 12.89 11.89 11.41 10.60 9.94 9.55 9.38 9.17 8.77 8.38 7.95 7.71 7.45 6.94 6.39 5.89 5.38 4.82 4.32 3.90 3.51 3.19 2.95 2.79 2.73 2.76 2.94 3.21 3.56 3.49 2.99 2.60 2.39 2.44 2.68 3.02 3.58 4.23 4.90 5.61 6.41 7.28 8.07 8.66 9.37 10.41 11.39 11.97 11.95 11.54 11.63 12.07 12.66 13.16 13.16 12.72 12.63 12.93 13.24 13.62
13.01 13.10 13.52 13.78 13.54 13.44 13.46 14.77 15.29 15.31 14.59 14.83 14.43 13.59 12.98 12.65 12.33 12.21 12.04 11.65 12.34 12.70 12.55 11.58 10.88 10.11 9.54 9.29 9.07 8.63 8.28 7.80 7.53 7.34 6.85 6.28 5.74 5.23 4.70 4.17 3.70 3.32 3.02 2.77 2.64 2.63 2.75 3.00 3.32 3.70 3.62 3.14 2.78 5.46 2.63 2.84 3.18 3.73 4.34 5.03 5.78 6.55 7.40 8.02 8.61 9.55 10.55 11.23 11.43 11.37 11.45 11.97 12.55 13.05 13.24 13.01 12.49 12.42 12.96 13.43 13.75
13.02 13.12 13.53 13.88 13.78 13.62 13.55 13.66 13.81 14.78 15.26 15.04 14.72 14.10 13.21 12.65 12.20 12.08 12.50 11.78 12.21 12.59 12.70 11.66 11.20 10.37 9.67 9.38 9.12 8.67 8.28 7.77 7.49 7.29 6.79 6.23 5.65 5.11 4.58 4.01 3.48 3.06 2.73 2.43 2.28 2.29 2.45 2.73 3.09 5.22 5.57 5.39 2.74 2.63 2.73 2.98 3.38 3.96 4.59 5.30 6.05 6.82 7.54 8.06 8.87 9.83 12.58 10.93 11.01 11.36 11.90 12.43 12.80 12.96 12.79 12.39 12.07 12.44 13.18 13.52 13.77
13.09 13.08 13.31 13.75 13.91 13.84 13.73 14.57 14.73 14.43 15.05 15.42 14.41 14.43 13.72 12.92 12.30 12.00 12.74 12.77 12.30 12.26 12.23 11.91 10.99 9.77 9.95 9.16 8.76 7.86 8.32 7.85 7.59 7.26 6.74 6.22 5.62 5.02 4.48 3.24 2.94 2.84 2.24 2.07 1.88 3.13 3.46 4.01 4.10 4.55 8.63 2.86 5.62 2.64 2.83 3.16 3.62 4.21 4.87 5.57 6.34 9.54 10.33 8.33 9.26 11.78 10.54 10.85 11.21 11.98 12.44 12.58 12.56 12.42 12.26 12.23 12.35 12.84 13.31 13.48 13.76
13.34 13.28 13.26 13.57 13.89 13.94 13.79 14.53 15.17 15.25 15.16 15.47 14.74 13.34 12.48 13.30 12.66 11.47 12.01 12.71 12.38 12.09 12.04 12.06 11.38 10.16 9.47 9.12 8.85 8.07 8.46 7.55 7.18 7.32 6.76 6.25 5.63 4.98 3.95 3.33 2.82 2.19 1.94 2.12 2.34 2.73 3.24 3.50 4.07 8.72 5.52 5.26 2.59 2.69 2.98 3.38 3.89 4.49 5.15 5.87 8.86 9.63 7.88 8.72 9.51 12.19 10.63 11.01 11.64 12.34 12.38 12.20 12.12 12.26 12.50 12.63 12.66 12.96 13.34 13.59 13.83
13.52 13.52 13.50 13.67 13.99 13.84 14.14 13.68 14.30 14.74 14.72 15.06 14.97 13.85 12.71 13.47 11.63 11.53 11.90 12.91 12.57 12.18 15.28 15.09 11.79 10.71 9.83 9.29 8.90 8.18 7.59 7.55 6.94 7.42 6.87 6.23 5.20 4.52 4.09 3.55 2.70 1.90 1.64 1.70 1.80 2.35 3.10 3.76 4.41 4.99 5.17 5.29 5.81 5.56 5.65 3.63 4.19 4.80 7.85 6.16 8.50 7.55 8.32 9.08 11.51 12.30 12.70 12.28 11.93 12.31 12.12 12.04 12.31 12.72 12.84 12.62 12.55 13.06 13.59 13.80 13.84
13.62 13.51 13.45 13.65 13.90 15.02 14.77 14.27 14.17 14.21 14.32 14.63 16.29 14.31 13.04 12.28 11.75 11.29 11.81 15.33 15.55 12.17 12.20 12.40 14.17 11.37 10.32 9.69 9.17 8.90 7.91 7.62 7.18 6.77 6.73 6.26 5.31 4.67 4.16 3.46 2.35 1.41 1.16 0.90 1.26 2.14 2.72 3.33 4.19 4.81 5.28 5.01 6.15 5.56 3.42 3.93 4.51 5.12 7.48 6.47 7.21 8.00 8.72 11.13 11.67 11.82 12.05 12.07 12.11 12.36 12.25 12.44 12.81 12.95 12.75 12.54 12.88 13.66 14.01 13.96 13.87
12.13 13.68 13.41 13.51 13.71 13.98 15.35 15.17 14.88 14.71 14.55 14.50 14.40 15.59 13.44 12.99 12.32 12.79 11.78 12.30 15.40 13.76 12.00 12.19 15.60 9.47 6.27 5.81 9.66 9.20 8.26 7.98 7.55 6.96 6.89 6.47 5.66 4.95 4.25 3.39 2.32 1.27 0.51 5.34 6.25 6.26 2.69 3.40 4.01 9.04 9.06 9.22 5.10 3.20 3.71 4.27 4.84 6.45 6.13 6.88 7.69 8.30 10.85 11.60 11.38 11.74 12.73 12.93 12.35 12.57 12.59 12.82 12.99 13.00 12.88 12.96 13.59 14.21 14.17 13.94 13.86
14.07 14.05 12.52 12.97 13.51 14.33 14.21 15.49 15.26 15.67 15.46 14.69 14.19 14.28 13.81 13.53 13.87 12.03 12.41 12.33 14.81 13.53 13.52 11.96 12.33 11.73 6.06 6.30 7.03 9.61 8.62 8.29 7.74 7.28 7.05 6.61 5.95 5.21 4.39 3.62 2.70 3.19 4.02 5.06 6.19 6.75 2.60 3.28 8.11 9.16 9.16 5.13 3.02 3.51 4.41 5.75 6.21 6.68 6.84 7.36 8.12 10.32 11.26 11.63 12.17 11.25 11.62 12.02 12.47 12.70 12.73 12.90 13.07 13.16 13.13 13.39 14.06 14.35 14.05 13.86 13.85
13.96 14.17 14.38 13.39 13.53 14.01 14.14 15.63 15.94 15.72 16.38 15.80 14.57 14.21 13.81 13.49 12.67 12.22 12.87 12.62 14.11 13.33 12.68 15.17 12.05 15.24 6.32 6.97 6.93 4.66 9.28 8.75 8.22 7.79 7.42 6.92 6.26 5.54 4.86 4.22 2.61 3.22 4.24 5.33 6.43 6.27 2.21 7.12 8.07 4.74 4.86 4.63 3.30 3.89 5.37 6.47 6.77 7.35 7.71 7.14 10.29 11.16 11.59 10.19 10.85 11.30 11.62 12.02 12.45 12.71 12.82 13.17 13.41 13.40 13.46 13.92 14.43 14.38 14.03 13.94 13.93
13.72 13.99 14.32 14.47 14.45 14.51 14.21 14.27 16.14 16.34 16.23 17.39 16.80 14.83 14.52 13.77 12.88 12.12 12.25 13.09 13.74 13.71 12.09 13.19 15.60 14.49 6.89 6.93 5.74 4.50 4.06 9.25 6.26 6.23 6.97 6.88 5.02 4.39 5.72 5.10 2.00 4.67 5.54 6.10 5.99 1.55 2.03 7.26 7.95 4.33 4.48 4.38 4.04 4.28 6.14 7.03 7.90 8.80 9.26 10.14 11.40 11.92 9.75 10.43 10.93 11.28 11.64 12.08 12.53 12.92 13.23 13.64 13.74 13.72 13.98 14.36 14.50 14.27 14.01 13.99 14.00
13.57 13.85 14.13 14.32 14.47 14.49 14.37 14.17 14.23 16.13 16.63 16.40 16.03 18.27 16.38 13.32 11.18 10.30 10.96 11.54 11.14 11.78 10.53 10.19 13.27 13.34 8.00 6.89 5.50 4.44 4.16 9.66 7.45 6.72 7.16 7.11 4.95 4.32 6.50 7.00 6.21 6.44 5.54 5.48 4.78 4.99 6.48 8.20 9.21 8.66 4.26 4.28 4.63 5.06 6.36 6.84 10.54 9.18 9.62 10.27 8.86 9.40 10.01 10.61 12.34 11.49 11.60 11.90 12.98 13.54 12.54 13.98 13.92 14.03 14.28 14.41 14.32 14.12 14.01 14.04 14.08
13.63 13.96 14.19 14.22 14.42 14.61 14.62 14.40 14.65 15.48 16.13 16.21 17.93 18.02 18.62 16.99 12.54 11.24 12.15 12.53 11.31 11.44 10.33 8.39 11.13 12.53 8.94 6.83 5.53 4.58 4.42 6.82 6.81 6.31 7.04 6.10 5.67 5.34 5.01 3.49 5.91 6.15 5.86 5.75 5.33 6.51 8.52 9.17 9.42 7.93 3.78 4.71 8.71 8.86 6.50 7.31 11.55 9.24 11.29 9.88 10.65 11.03 10.66 10.79 10.65 11.08 12.54 12.89 13.61 14.19 14.16 14.03 14.00 14.12 14.28 14.35 14.27 14.15 14.10 14.10 14.08
13.59 13.95 14.26 14.22 14.28 14.61 14.81 14.81 14.53 14.71 15.32 15.90 16.03 15.62 18.18 20.80 20.53 14.35 14.83 14.82 12.69 12.53 10.78 12.73 9.11 11.36 8.72 6.45 4.68 4.82 5.37 7.54 6.06 5.59 5.90 5.28 5.88 5.88 3.99 0.76 3.66 5.54 6.66 7.18 7.23 8.59 9.03 9.20 8.30 7.21 4.12 9.68 10.57 10.64 9.66 8.72 9.27 11.22 9.48 10.04 10.46 10.06 10.07 10.82 10.87 12.55 12.76 12.42 14.05 14.30 13.96 13.86 13.96 14.11 14.23 14.27 14.24 14.22 14.20 14.17 14.12
13.44 13.71 14.05 14.17 14.08 14.21 15.54 15.10 14.55 14.73 14.83 15.64 17.47 15.56 18.62 19.88 20.35 19.65 18.07 17.92 16.44 16.05 12.24 7.12 7.72 9.96 7.34 5.19 4.62 5.27 6.03 6.36 6.01 6.05 4.67 5.20 6.30 5.73 3.22 1.63 4.19 5.71 6.37 6.89 8.02 8.73 9.03 8.78 7.77 7.81 10.00 10.54 11.07 10.31 10.86 9.00 9.13 9.66 9.75 9.80 9.57 9.98 10.87 11.81 12.46 12.55 12.94 15.68 16.54 13.92 13.68 13.84 14.05 14.16 14.23 14.24 14.24 14.27 14.30 14.25 14.19
13.47 13.55 13.74 14.01 14.03 13.97 14.26 14.81 14.24 13.64 14.45 15.08 18.98 18.65 16.99 16.70 17.18 17.35 16.86 17.30 16.51 15.50 15.88 9.84 8.86 8.74 6.36 5.05 4.89 5.07 5.27 4.94 5.57 5.30 4.78 5.79 6.94 5.69 2.25 1.54 3.79 5.61 7.02 8.18 8.11 8.09 8.86 8.79 7.62 9.39 10.01 10.95 10.40 6.11 10.57 11.04 7.65 8.14 11.28 9.11 9.20 11.49 11.78 12.21 12.11 14.40 15.44 16.69 13.64 13.72 13.82 14.12 14.27 14.32 14.46 14.49 14.36 14.27 14.20 14.13 14.12
13.59 13.52 13.60 13.92 14.08 14.08 14.45 14.82 14.52 13.81 14.63 16.51 18.23 17.86 15.48 13.60 13.73 15.16 14.87 15.80 15.32 12.97 15.79 13.89 10.92 8.18 5.67 5.08 5.06 5.04 4.74 4.43 3.85 10.39 10.19 6.55 6.85 6.79 2.42 2.52 4.68 6.71 8.55 9.29 9.18 9.07 9.31 9.58 10.12 10.92 10.35 9.93 6.62 8.47 10.81 8.34 7.75 8.47 10.12 9.97 9.76 12.19 11.56 11.51 12.83 12.58 12.94 13.34 13.69 13.98 14.17 14.36 14.40 14.52 14.71 14.62 14.39 14.30 14.25 14.18 14.13
13.74 13.63 13.62 13.87 13.79 13.96 14.35 14.69 14.53 13.97 14.73 16.17 13.70 16.86 17.87 15.84 13.45 13.83 13.08 14.36 14.10 11.13 15.66 15.75 14.76 8.59 5.58 5.28 5.05 4.93 4.61 4.26 10.69 10.56 10.52 6.97 5.28 7.95 2.79 5.92 8.15 9.94 10.28 10.18 10.00 10.31 10.36 10.94 6.13 10.92 10.19 8.92 7.52 11.07 7.81 6.96 8.35 10.12 11.08 10.20 10.30 12.11 11.10 11.18 12.49 12.85 13.19 13.57 13.96 14.21 14.27 14.40 14.50 14.68 14.74 14.49 14.33 14.43 14.51 14.44 14.31
13.61 13.77 13.90 13.90 13.76 14.13 14.49 14.77 14.70 13.73 15.29 15.82 12.07 12.88 17.76 15.12 19.27 17.90 15.71 15.53 15.65 11.76 13.97 13.95 12.58 9.22 6.11 5.75 5.35 4.95 4.74 5.21 10.94 10.68 10.67 9.55 4.27 7.93 1.80 9.30 12.22 10.69 12.42 11.78 10.59 10.01 10.28 11.48 10.97 8.16 9.21 7.58 9.47 7.94 6.93 6.62 9.82 11.98 11.97 9.38 10.83 12.27 11.76 12.52 13.47 13.98 14.32 14.91 13.90 14.10 14.25 14.55 14.69 14.76 14.65 14.39 14.39 14.51 14.50 14.40 14.30
13.09 13.44 13.82 14.15 14.44 14.61 14.83 14.91 14.84 14.39 15.23 16.52 14.06 9.62 15.46 13.93 18.93 14.35 18.21 15.72 15.01 13.72 13.93 14.69 14.10 9.88 6.37 5.74 5.31 5.50 4.77 8.88 10.89 4.19 10.43 10.45 5.79 6.65 3.00 10.88 11.46 11.73 11.06 11.64 10.99 11.23 11.60 11.07 8.86 6.93 7.14 5.46 6.49 7.30 8.15 9.36 10.08 11.38 11.11 9.61 12.42 12.98 12.40 13.49 13.93 13.83 13.66 13.61 13.92 14.29 14.67 14.87 14.75 14.64 14.53 14.49 14.65 14.71 14.54 14.32 14.17
12.79 13.11 13.46 13.78 14.10 14.23 14.77 14.70 15.55 14.05 14.21 16.70 16.32 11.05 13.11 14.97 15.85 16.01 15.87 13.76 12.08 11.97 12.47 15.46 16.54 13.33 5.79 5.21 4.96 4.91 4.26 4.77 11.13 10.98 10.81 8.30 5.68 4.92 3.51 11.22 13.43 11.71 11.29 12.11 11.83 11.75 11.10 10.10 7.72 7.74 5.45 8.91 5.73 5.56 7.20 10.33 9.88 11.31 12.12 12.68 14.54 12.67 12.16 12.47 12.19 13.10 13.30 13.68 14.46 14.94 15.10 14.93 14.72 14.71 14.71 14.71 14.79 14.77 14.61 14.44 14.32
12.60 12.93 13.25 13.42 13.64 13.89 14.67 14.70 14.83 14.65 13.10 15.54 16.35 12.89 12.17 14.67 15.45 15.70 15.94 15.91 14.10 11.63 10.49 12.88 14.60 13.84 5.90 4.87 4.88 5.51 5.72 6.40 10.44 11.86 4.56 5.91 5.37 4.11 6.16 13.12 13.44 12.45 13.23 10.55 13.35 11.49 11.10 11.30 10.38 9.22 4.43 9.02 7.24 8.39 10.34 12.35 13.31 14.41 14.41 14.12 14.59 12.73 10.86 10.92 13.57 13.66 13.50 14.33 15.14 15.65 15.24 15.00 14.93 14.97 14.92 14.86 14.86 14.71 14.53 14.47 14.44
12.38 12.78 13.21 13.43 13.56 13.65 14.46 14.71 14.90 15.88 13.49 14.91 16.61 16.19 12.47 13.33 14.82 15.52 15.80 16.40 15.96 12.68 11.06 11.95 12.98 12.63 6.81 5.04 6.09 6.95 7.11 12.09 11.26 7.60 11.56 8.84 4.38 4.82 11.52 13.16 12.14 12.90 12.87 12.66 12.92 11.08 14.62 10.61 11.02 8.26 10.39 5.12 9.53 9.01 11.59 14.27 15.53 12.09 14.76 14.11 14.33 12.77 11.44 15.65 14.80 14.14 14.66 15.83 16.76 17.31 17.22 15.13 15.10 15.05 15.02 15.08 15.02 14.74 14.47 14.33 14.23
12.18 12.56 13.05 13.44 14.19 14.08 14.51 14.91 17.68 17.45 15.23 15.82 16.16 16.41 14.73 12.73 14.35 14.97 14.73 15.26 15.03 12.48 11.90 13.20 14.09 13.77 8.25 5.98 6.42 5.47 8.98 9.50 7.98 6.27 5.03 5.36 5.69 8.10 12.36 13.10 11.92 10.89 11.43 11.66 11.91 12.21 11.88 11.32 9.87 7.50 10.57 6.39 8.93 8.54 10.28 12.94 14.89 15.12 14.11 13.77 13.88 13.16 13.41 15.12 16.12 17.37 16.69 16.87 16.97 17.13 17.12 15.00 15.03 15.05 15.09 15.00 14.75 14.50 14.37 14.26 14.14
11.97 12.21 12.56 13.02 14.47 14.50 14.28 14.41 18.46 18.92 16.56 15.38 14.69 16.14 17.66 16.14 15.91 15.35 14.17 14.60 14.11 12.11 11.92 14.60 16.15 16.01 11.87 8.82 7.25 6.03 8.93 8.70 7.55 6.98 7.27 7.35 9.17 13.07 13.78 12.74 11.79 10.87 11.36 12.61 13.12 12.83 12.29 12.60 12.09 6.71 11.24 6.94 9.34 6.90 9.75 14.14 15.14 14.13 13.98 14.82 15.45 16.17 18.06 20.00 21.10 21.21 20.11 16.72 16.04 15.65 15.66 15.06 15.02 14.98 14.89 14.65 14.44 14.36 14.30 14.23 14.18
12.04 12.16 12.31 12.61 13.07 14.36 14.31 13.95 13.83 17.15 16.23 14.55 13.22 15.63 17.91 17.14 16.06 15.57 14.32 14.65 14.24 12.52 11.88 14.57 16.47 17.53 16.75 11.91 10.58 9.34 10.04 9.33 9.29 10.24 10.92 12.18 15.56 15.86 13.71 13.53 13.74 13.42 14.29 15.69 16.27 13.57 13.41 13.00 10.71 11.87 12.51 8.13 9.39 7.28 13.39 16.46 16.06 15.70 16.98 18.52 19.13 18.88 19.12 19.60 19.97 20.35 20.32 17.35 16.99 16.59 16.38 15.17 14.93 14.77 14.62 14.49 14.45 14.41 14.29 14.23 14.21
12.12 12.17 12.17 12.30 12.62 13.89 14.39 16.32 14.25 15.19 15.34 14.45 12.78 10.61 14.66 16.19 15.23 14.62 13.88 14.13 13.90 12.32 11.91 12.00 13.29 13.90 15.65 13.89 10.62 11.83 12.09 11.64 11.79 13.18 13.35 14.36 16.28 15.10 14.22 15.59 15.88 16.99 16.07 14.68 14.35 14.15 13.86 12.54 13.13 13.44 13.79 8.33 9.70 10.58 17.83 18.07 17.69 17.46 17.49 17.59 17.80 17.92 18.43 18.85 18.80 16.43 16.52 16.68 16.94 17.13 16.70 14.94 14.92 14.94 14.88 14.77 14.66 14.50 14.37 14.34 14.34
12.13 12.13 12.16 12.30 12.45 13.33 13.92 14.52 17.11 16.76 17.13 15.59 14.61 12.04 12.50 15.56 14.56 13.06 12.28 12.08 11.66 10.06 10.80 9.93 10.29 10.89 12.28 13.75 9.94 12.48 13.41 13.95 15.39 15.37 16.10 17.66 16.45 12.46 16.56 17.04 16.33 16.89 15.62 15.49 15.48 15.45 14.25 9.02 15.27 15.26 15.19 9.17 12.45 17.37 18.33 16.13 14.56 15.36 16.46 17.03 17.70 18.79 19.21 19.10 18.45 15.81 15.49 15.57 15.64 15.41 14.84 15.54 15.64 15.59 15.46 15.30 15.11 14.90 14.72 14.59 14.48
12.20 12.04 11.98 12.29 12.48 13.02 13.26 13.74 16.97 17.07 17.53 18.20 17.32 16.18 13.04 15.45 16.27 15.27 14.43 13.55 11.81 9.96 9.54 9.28 10.08 11.79 13.11 14.35 10.33 11.54 12.46 15.73 17.44 17.49 17.83 16.48 13.56 12.25 16.57 16.41 17.02 17.64 16.29 16.34 16.49 16.63 16.94 11.65 17.36 16.90 16.30 15.97 14.13 15.77 13.04 11.59 13.71 15.62 16.82 17.45 18.53 19.52 19.79 18.87 18.33 18.41 17.10 17.34 17.42 17.30 17.34 18.09 18.41 18.10 15.25 15.13 15.14 15.13 15.03 14.84 14.66
12.38 12.21 11.77 11.76 12.08 12.35 12.69 13.28 16.31 16.58 16.47 16.14 15.11 14.03 13.26 15.05 16.94 17.98 18.14 17.72 15.85 14.00 12.72 11.78 11.52 11.77 13.62 15.09 11.85 9.79 12.35 16.15 17.83 18.55 17.77 15.86 14.78 16.83 17.71 17.52 17.72 18.47 16.92 17.10 17.41 17.80 18.13 25.51 18.64 18.83 18.77 18.40 12.05 13.79 12.65 14.17 18.05 19.23 19.14 18.50 18.25 18.42 19.12 20.02 20.92 15.71 21.98 15.68 22.77 23.41 15.32 20.98 18.48 14.82 14.93 15.07 15.08 18.70 19.87 14.68 14.66
12.55 12.92 11.71 12.20 11.64 12.19 12.60 12.96 15.17 16.06 15.06 13.97 12.70 13.02 13.56 14.52 16.29 18.01 20.09 20.87 20.96 19.74 18.53 17.23 15.36 12.89 11.39 13.22 13.59 8.73 14.65 19.64 19.57 19.24 19.37 19.51 20.12 21.33 21.19 20.99 20.52 18.83 17.37 17.61 23.96 24.95 25.13 25.43 18.77 19.74 20.75 24.66 26.54 21.79 19.54 21.59 21.84 21.37 21.19 17.44 20.82 20.02 20.25 15.54 15.41 20.35 15.25 20.22 19.90 17.12 15.39 14.64 14.95 15.33 15.57 15.45 15.02 14.59 18.89 14.34 14.30
11.99 12.63 13.32 12.26 12.32 12.69 13.04 13.59 13.97 14.21 15.16 15.93 15.27 13.86 13.01 14.16 15.55 16.21 16.84 16.87 17.76 20.02 21.55 21.38 18.15 15.06 12.78 12.54 12.03 10.48 22.58 22.62 21.15 20.44 19.78 19.68 20.34 20.55 21.35 21.76 21.59 21.87 22.41 22.53 22.55 23.36 23.65 23.85 17.48 17.79 18.44 19.55 25.01 28.08 28.49 27.29 24.37 22.67 22.44 22.23 22.29 20.47 16.57 18.44 18.31 18.44 16.49 15.54 13.60 14.93 15.16 15.47 15.16 17.47 18.90 18.66 17.79 14.42 14.33 14.24 14.07
11.44 11.86 12.56 13.06 12.74 12.59 13.09 13.70 15.41 15.51 16.67 18.07 19.22 17.77 14.72 13.50 13.24 12.62 12.00 13.57 16.28 19.44 21.16 23.31 26.07 28.75 21.34 14.91 11.57 15.23 24.77 25.10 21.40 19.72 18.78 18.13 17.35 15.80 14.45 14.44 14.41 15.61 17.11 15.80 16.16 16.19 21.55 22.07 22.63 16.24 16.02 15.66 16.85 23.40 23.92 24.86 24.35 23.31 22.60 21.89 20.19 20.23 18.97 17.95 17.37 16.00 15.16 15.86 16.17 16.38 16.33 15.65 17.01 17.84 17.92 17.63 14.24 14.28 14.25 14.10 13.96
