examples/cougarCreek-fire/createInputs/WindNinja/wrfout_d3.2015081000.f19/cougarCreekFire_08-10-2015_1900_217m_non_neutral_stability_ang.asc
ncols	146
nrows	140
xllcorner	610065.000000
yllcorner	5095217.000000
cellsize	216.586807
NODATA_value	-9999.000000
[rows 42 to 83 of 140, columns 0 to 93 of 146]
188 189 191 192 195 190 193 189 190 188 186 203 200 199 197 196 196 201 206 204 202 197 187 183 195 197 196 193 188 185 173 155 150 155 151 148 144 144 145 143 142 149 150 148 146 140 146 162 165 169 166 169 169 169 169 169 170 170 170 169 170 170 168 167 166 163 161 159 158 157 156 156 155 153 152 151 151 153 155 159 174 170 143 141 157 156 153 151 151 152 151 151 152 141
190 189 189 189 193 188 191 190 188 187 202 198 193 194 192 193 198 201 202 201 198 188 183 185 196 194 193 187 188 186 177 165 156 148 152 147 147 144 145 145 143 141 139 142 168 166 163 163 146 163 169 170 169 168 169 170 171 171 150 170 171 172 169 166 166 165 164 164 163 162 161 161 160 158 156 153 152 151 153 155 158 159 152 142 157 157 156 153 151 151 151 150 154 149
189 188 187 186 187 190 190 188 187 199 193 188 190 195 193 196 195 196 198 198 194 185 185 190 194 192 186 186 189 186 176 169 166 158 155 147 150 148 147 147 157 152 170 169 166 165 146 149 165 171 171 171 170 169 170 172 173 173 171 170 171 172 169 166 165 164 162 163 163 162 159 158 158 156 154 162 159 155 154 155 156 158 173 142 157 145 157 156 153 152 152 151 153 149
186 185 184 185 188 189 187 187 185 188 184 188 197 199 198 194 188 198 200 199 197 191 188 187 192 188 184 190 191 186 175 171 170 164 159 154 150 149 146 146 148 174 171 167 165 149 144 165 172 173 174 160 171 170 171 173 175 172 169 167 169 170 168 162 158 146 144 144 145 145 145 154 152 150 149 148 148 146 158 156 157 158 174 143 157 156 144 155 154 154 153 151 151 145
184 183 184 184 187 187 191 193 189 182 187 195 198 198 195 193 196 199 199 199 198 187 182 181 184 184 186 192 191 183 174 172 171 168 159 153 153 153 148 147 168 171 168 155 146 149 155 169 166 176 177 176 172 170 170 172 172 170 167 162 160 162 158 147 144 143 144 142 144 151 153 151 148 150 148 150 149 147 162 158 158 158 157 162 141 157 156 155 154 154 153 152 151 153
180 176 180 182 182 186 182 189 189 185 195 198 199 199 201 203 178 195 198 196 193 178 175 178 183 186 193 194 188 183 178 176 172 168 159 149 151 155 154 151 147 145 155 153 155 160 175 178 178 178 178 176 172 170 170 169 168 167 155 146 145 144 143 145 146 147 147 147 150 152 150 148 145 150 150 150 152 151 145 161 159 158 157 157 140 159 157 156 155 154 153 151 151 153
177 181 186 188 185 185 182 192 196 194 198 185 200 201 180 177 199 195 198 195 187 174 174 182 188 194 196 194 185 188 184 182 181 169 154 147 150 157 156 163 163 160 166 160 161 158 177 156 179 177 174 176 168 167 167 158 147 147 160 162 159 151 151 158 158 156 155 153 152 148 145 144 145 144 148 149 146 156 146 162 160 158 156 157 167 142 159 157 156 156 154 152 151 152
178 180 182 178 180 187 193 187 186 197 198 184 182 180 198 198 195 193 187 189 187 175 178 188 189 194 195 193 195 189 185 185 186 172 155 146 148 153 153 160 164 158 162 168 161 178 158 178 176 174 174 163 171 157 147 147 146 149 154 161 169 172 170 158 148 149 147 145 144 144 143 143 142 149 148 148 146 145 142 143 162 158 155 154 157 160 163 135 158 157 130 154 151 151
170 174 175 178 185 180 179 186 185 185 184 182 180 196 193 187 188 183 183 189 186 181 181 181 182 185 178 191 187 188 182 185 185 171 161 148 148 153 153 158 158 156 156 165 172 170 166 167 170 175 169 169 175 176 172 157 167 165 153 155 165 170 175 176 156 146 144 142 142 141 141 141 150 149 150 149 147 148 144 144 164 161 155 152 153 156 158 160 159 140 132 131 155 153
168 171 175 185 178 177 185 185 184 184 182 179 178 195 182 181 184 182 186 189 182 181 181 170 181 186 195 179 185 185 182 186 182 170 161 153 155 156 156 158 155 150 150 154 167 169 171 173 173 174 174 176 176 180 180 142 167 165 165 151 153 164 173 177 175 168 157 148 149 161 165 151 158 158 161 162 161 161 167 152 167 164 159 154 152 152 153 156 158 159 146 136 130 157
174 171 183 175 175 184 185 184 197 182 180 193 184 181 178 178 181 184 186 185 181 184 182 169 182 169 168 175 193 182 180 183 180 170 157 154 156 156 156 155 150 147 147 148 153 164 166 168 168 170 173 175 177 179 179 196 152 167 145 150 149 151 167 172 175 173 174 171 167 169 173 173 169 172 172 170 169 168 166 167 146 165 164 160 157 153 151 152 153 155 157 158 158 157
165 174 173 173 183 183 192 193 194 196 190 177 172 173 174 173 172 186 186 183 185 181 180 171 194 168 193 185 182 177 173 181 181 170 154 151 153 150 144 141 143 144 146 146 149 162 162 168 168 168 169 170 172 177 176 182 162 159 169 168 167 168 175 174 174 175 175 175 175 175 173 172 173 174 172 171 145 143 166 166 165 164 152 163 161 159 155 153 152 152 153 155 157 157
161 173 181 181 183 183 191 194 193 192 176 170 173 176 189 185 174 192 190 184 167 167 179 180 185 183 182 180 181 178 169 183 183 173 161 153 162 156 146 148 152 148 145 145 163 161 161 169 169 169 168 168 168 169 174 173 173 173 173 173 172 178 176 175 175 174 174 176 177 177 174 172 172 172 172 171 170 168 167 165 163 163 163 162 161 160 158 157 155 153 152 153 155 156
158 170 178 180 173 179 184 192 182 179 172 173 176 178 190 186 175 190 170 167 177 179 179 181 187 181 180 183 184 178 172 184 182 174 157 168 169 173 164 158 158 158 149 148 168 164 169 168 168 169 169 168 167 167 167 170 171 177 177 177 179 179 177 176 176 174 174 176 176 176 174 173 171 171 171 170 169 168 166 163 162 162 147 139 162 161 159 159 157 156 155 155 154 154
163 164 176 177 174 186 184 181 170 171 174 177 175 176 190 176 173 172 164 175 178 176 178 182 183 182 186 186 185 175 173 185 183 174 158 150 170 171 160 163 162 165 158 146 149 170 166 169 167 167 168 169 169 167 167 169 174 176 176 177 178 177 177 176 176 176 176 175 174 174 174 174 174 173 171 169 168 167 165 162 162 140 161 160 161 143 161 160 159 158 157 156 156 155
165 166 177 169 173 171 181 168 169 171 171 182 170 170 178 176 176 193 169 168 177 175 179 171 183 183 187 185 181 174 180 188 189 185 147 148 171 165 153 163 162 163 162 157 146 173 172 170 170 167 166 167 169 169 170 172 175 176 176 176 175 175 175 175 176 177 177 175 174 174 175 176 176 175 172 169 168 167 165 137 163 162 160 158 158 159 159 158 152 152 158 157 156 157
167 168 169 170 170 183 172 169 171 172 189 182 169 170 199 183 176 163 164 164 179 178 166 165 184 186 169 186 177 176 187 190 189 187 149 147 163 163 154 165 157 154 159 162 158 149 153 173 172 168 168 167 154 171 172 174 174 174 175 175 175 175 175 175 175 175 175 175 175 176 177 177 176 174 171 169 159 148 144 138 165 164 162 160 158 157 156 140 157 157 157 157 156 156
166 169 171 170 167 180 168 171 173 188 189 170 191 170 168 165 168 163 166 167 181 173 166 172 183 173 168 184 179 185 191 188 184 182 164 151 155 162 162 170 166 158 159 164 167 164 162 172 151 171 168 173 172 172 174 175 174 173 173 174 175 175 175 175 175 175 155 176 176 177 176 175 173 171 164 132 137 136 144 143 166 165 164 163 161 159 158 158 157 157 156 156 156 155
165 169 171 168 181 166 169 172 190 193 171 172 171 169 166 168 191 160 167 168 178 178 180 181 176 173 186 184 187 191 189 185 184 181 169 158 152 160 164 167 167 163 162 160 165 167 166 165 163 171 176 141 168 175 176 176 176 174 174 175 175 175 174 161 156 177 178 178 177 176 174 173 160 154 137 136 144 132 137 139 137 139 138 137 136 135 135 159 158 157 156 156 156 155
164 168 169 167 167 168 170 172 173 172 172 171 169 172 170 170 157 160 162 165 174 178 183 176 176 174 172 189 191 190 184 182 184 178 168 162 156 159 166 165 166 162 163 159 157 162 162 162 162 168 175 176 176 176 177 177 178 172 168 171 171 170 166 161 176 178 179 178 176 175 167 152 138 136 145 132 136 140 148 149 145 148 143 144 145 143 143 141 159 158 157 155 155 155
166 168 167 166 167 169 171 173 173 171 169 175 174 176 195 184 160 162 168 168 175 180 177 183 175 175 191 192 191 187 183 185 188 179 162 164 161 160 167 169 168 162 165 168 159 160 159 159 160 167 175 175 175 167 176 176 180 176 155 142 167 171 169 168 168 173 177 179 173 159 133 134 132 147 131 137 142 143 141 147 144 144 147 144 161 141 141 141 159 158 157 156 155 154
170 169 167 166 167 168 171 172 170 175 174 176 177 196 197 160 160 167 166 171 176 177 175 182 177 177 191 193 192 188 187 189 189 174 160 164 166 162 167 170 168 160 161 170 166 164 165 163 160 167 175 174 175 164 175 175 188 176 162 162 177 177 138 137 142 167 168 155 162 138 135 135 134 132 135 139 143 152 141 140 143 164 145 144 162 138 137 139 159 158 157 156 157 155
172 171 169 168 168 168 169 168 173 175 196 200 196 194 167 162 160 163 170 171 167 173 178 182 185 187 191 192 189 187 187 186 181 171 163 165 170 167 169 172 169 159 151 164 168 165 166 171 171 160 166 175 175 175 175 175 176 177 177 162 176 180 177 161 155 151 156 161 176 165 148 158 154 155 154 141 150 148 134 133 137 142 163 162 161 161 160 142 159 158 157 156 155 154
173 172 170 170 169 168 166 173 176 199 196 195 190 166 163 162 162 166 176 167 168 178 180 179 184 180 180 193 192 191 188 179 178 170 164 167 173 170 172 178 171 162 151 160 166 165 169 168 171 175 166 175 175 176 182 175 176 176 177 158 177 175 177 165 162 154 155 156 169 170 149 146 153 158 157 136 128 140 140 136 133 131 132 133 132 133 160 159 158 158 157 156 157 154
173 173 170 168 177 172 173 196 200 201 195 187 179 166 162 159 167 169 168 171 169 168 167 167 187 181 181 179 195 192 186 172 172 171 167 169 179 169 173 184 173 164 151 149 166 167 170 170 170 181 172 166 176 159 175 175 176 177 177 178 145 176 162 166 166 160 167 160 151 147 145 158 144 150 152 136 149 142 127 130 132 136 134 131 130 129 161 160 158 157 157 157 155 155
175 173 169 180 177 175 198 201 201 197 187 181 176 167 163 166 168 172 167 177 178 178 168 168 185 182 182 179 191 185 177 169 170 173 173 173 182 171 176 188 173 169 150 161 160 152 155 157 152 176 165 165 167 176 173 175 176 177 177 131 178 156 158 178 167 159 161 178 177 144 141 142 146 150 159 171 171 170 169 168 168 167 165 163 162 162 135 133 160 158 156 156 155 154
173 171 167 182 182 182 180 177 185 185 174 168 170 166 165 167 168 180 175 172 178 181 169 175 183 169 168 180 189 179 177 169 169 177 178 177 183 175 179 188 179 185 162 174 161 159 161 150 162 160 157 176 176 177 175 162 176 177 178 168 146 156 163 158 170 165 165 177 177 159 139 136 151 150 141 164 169 152 169 168 134 127 127 127 131 135 160 132 160 158 157 156 154 153
170 168 163 180 176 176 176 179 181 183 173 169 173 165 165 166 168 168 180 168 177 181 178 180 186 169 167 181 185 179 185 172 166 175 180 185 187 178 180 189 193 200 173 161 160 160 162 163 161 162 163 176 176 177 177 176 165 175 178 188 138 179 178 143 154 150 148 177 176 177 156 142 141 154 137 140 150 171 122 169 168 167 166 164 163 161 161 161 159 158 158 156 155 154
169 166 160 179 173 172 174 179 182 182 178 176 170 160 160 166 168 168 180 168 168 180 180 185 185 169 181 196 181 186 195 178 166 172 181 189 184 176 180 192 195 190 183 166 161 160 150 151 161 160 177 176 177 158 178 178 176 175 177 180 184 181 180 179 178 137 140 150 176 176 174 157 149 151 149 146 144 170 131 127 132 125 132 136 138 164 162 162 161 132 160 158 156 155
170 164 158 157 173 171 174 176 182 180 180 180 165 169 164 166 168 168 182 168 170 183 168 184 170 169 184 184 178 191 194 174 172 173 184 186 179 175 182 196 190 179 183 172 161 159 161 146 161 161 161 177 163 159 156 178 178 176 176 178 181 174 181 181 180 180 180 130 148 176 176 162 149 145 145 149 150 147 143 139 167 166 142 171 131 133 132 130 136 133 132 131 128 158
168 162 157 158 173 172 176 176 181 178 182 181 187 184 151 166 169 168 178 168 169 169 168 184 170 187 185 180 185 195 191 171 166 181 194 188 174 172 186 193 185 176 180 196 147 159 164 148 160 177 160 178 150 165 179 179 179 178 176 177 180 181 167 162 155 180 127 180 178 152 177 156 144 136 137 145 158 154 157 150 139 137 144 168 164 158 152 156 159 162 160 143 137 135
163 159 157 157 171 173 176 175 176 176 180 181 185 164 156 168 169 168 167 168 169 169 168 193 170 188 190 188 200 183 183 169 167 188 197 189 171 164 187 195 188 176 179 198 171 160 146 169 169 178 160 179 150 179 160 180 180 180 178 178 179 181 183 162 156 154 162 144 137 137 137 139 141 140 141 149 160 158 160 160 140 135 138 155 168 164 147 144 153 160 160 157 141 136
159 158 156 157 171 174 176 176 172 174 179 180 162 175 165 167 168 167 167 168 168 168 168 186 169 189 189 200 189 189 174 168 174 190 198 186 171 166 188 200 193 174 178 191 183 166 159 167 171 175 180 149 150 180 180 153 181 181 180 179 179 181 182 169 153 152 154 156 156 164 167 159 160 177 153 155 160 159 160 163 154 136 136 140 152 164 154 136 137 152 159 159 153 137
156 157 156 172 170 171 173 175 172 178 180 183 175 173 164 167 168 167 166 180 168 168 168 169 189 187 192 184 190 186 177 170 194 192 192 175 171 175 188 196 193 171 173 182 186 175 182 142 180 177 181 182 157 181 181 169 157 183 182 181 181 181 182 182 157 161 151 162 160 159 179 178 163 163 176 159 158 162 159 158 156 137 128 133 139 154 156 145 134 134 148 158 158 150
156 156 155 170 168 172 175 172 175 182 161 161 161 172 163 166 168 166 189 168 168 168 168 168 187 191 195 193 183 189 183 176 197 197 179 169 171 181 184 194 188 172 172 183 188 188 155 183 181 176 183 184 184 183 183 176 156 184 183 183 182 182 183 183 173 156 156 157 161 153 166 173 171 162 168 171 157 162 164 150 146 136 138 134 138 153 147 146 138 132 159 135 157 158
155 155 155 168 169 174 177 173 178 185 161 187 163 163 163 166 167 166 166 167 167 168 168 185 175 192 195 191 189 194 188 181 196 190 175 169 177 182 186 195 181 175 177 182 189 191 177 184 183 177 184 185 185 185 184 177 156 185 185 185 158 183 183 184 181 161 162 160 151 155 158 167 171 164 176 175 173 160 170 156 151 152 141 138 142 163 150 137 138 134 127 158 133 156
155 155 154 168 171 156 176 175 179 182 181 176 163 163 164 167 167 166 166 167 167 167 167 166 168 191 191 191 191 197 198 179 188 182 175 178 178 181 196 203 175 174 179 181 188 189 185 167 186 177 179 186 186 186 186 186 154 158 158 186 185 184 184 185 186 163 157 156 149 183 181 180 158 160 176 175 173 174 136 150 160 163 154 146 146 163 162 148 146 148 140 133 157 154
154 155 154 167 171 156 175 173 177 179 177 174 175 162 164 166 166 165 166 167 167 167 187 169 171 190 191 194 191 195 195 175 179 185 174 179 180 182 204 200 176 173 177 181 187 185 186 186 161 187 178 187 187 188 188 195 188 155 169 187 187 185 185 186 187 185 148 147 146 183 182 181 179 155 169 175 174 172 135 140 155 165 162 154 146 163 162 162 161 160 159 144 137 155
154 154 154 165 171 155 156 175 177 178 178 178 182 161 165 166 165 165 166 166 166 167 164 170 165 188 193 173 192 185 193 181 181 192 175 180 181 183 201 189 178 180 175 179 182 184 188 198 196 188 188 188 189 189 189 188 189 147 189 188 189 188 187 153 187 187 156 145 149 150 151 152 180 179 152 161 173 171 164 145 147 160 166 166 165 163 161 161 161 160 158 158 158 136
154 154 153 162 154 155 155 177 174 174 175 181 183 161 165 165 165 165 165 165 166 177 169 170 168 180 173 173 183 178 188 190 191 189 176 172 177 194 202 183 183 184 181 175 175 184 190 188 204 190 190 190 190 190 188 177 150 190 195 183 190 189 189 188 175 187 186 152 151 153 141 153 153 179 177 175 173 171 167 152 145 167 165 165 165 163 161 161 160 160 158 157 158 137
153 153 153 164 154 154 155 178 170 169 173 159 181 161 164 164 164 165 165 165 189 165 169 171 169 187 174 174 184 174 189 198 191 180 178 174 181 200 190 184 185 185 186 177 172 180 190 189 209 179 192 192 191 190 178 180 187 155 187 195 166 191 191 190 188 187 188 164 153 160 155 156 174 146 178 141 159 171 170 158 150 167 165 164 164 164 163 160 159 159 158 157 158 157
153 153 152 153 153 153 154 178 168 168 180 158 176 161 176 163 163 164 165 186 183 161 170 172 168 173 174 175 186 174 197 198 179 181 182 180 197 184 184 185 186 182 187 180 189 189 189 211 201 187 176 193 191 189 166 181 193 184 182 196 190 169 150 191 190 189 189 180 157 158 153 150 176 176 154 148 151 162 162 155 154 168 166 164 163 163 162 162 160 158 158 157 157 156
