examples/cougarCreek-fire/createInputs/WindNinja/wrfout_d3.2015081000.f19/cougarCreekFire_08-10-2015_1900_217m_non_neutral_stability_ang.asc
ncols	146
nrows	140
xllcorner	610065.000000
yllcorner	5095217.000000
cellsize	216.586807
NODATA_value	-9999.000000
[rows 84 to 125 of 140, columns 0 to 93 of 146]
152 152 152 152 152 153 153 178 170 174 157 157 168 161 163 162 194 164 165 184 166 168 170 172 173 194 174 193 187 173 189 188 181 181 188 184 204 185 186 187 187 187 187 189 190 191 191 191 202 194 180 193 196 178 177 194 193 194 186 192 191 181 183 177 146 147 180 184 171 159 150 150 159 176 164 154 149 154 158 169 169 168 167 164 162 162 162 161 161 160 159 156 157 154
152 152 151 151 152 152 153 175 173 183 156 186 160 167 162 162 163 187 184 177 161 169 171 173 174 195 197 195 189 179 178 189 181 182 191 199 200 191 188 188 188 188 189 190 192 192 192 193 194 195 195 194 195 196 196 195 195 195 195 194 194 183 193 186 164 161 169 191 183 168 162 149 149 159 162 158 156 154 172 170 168 167 166 165 163 157 161 161 160 159 159 158 157 153
151 151 151 151 151 152 152 153 177 155 155 169 158 175 161 162 184 180 175 171 167 169 171 171 174 198 175 195 189 178 179 202 186 183 190 197 194 195 187 188 181 191 191 192 193 194 194 194 195 196 197 197 197 197 197 197 196 196 196 196 195 195 195 195 169 166 172 180 181 180 181 155 149 154 160 178 161 174 172 171 168 135 165 164 164 163 162 159 157 137 158 157 153 157
150 150 150 150 151 151 152 153 154 155 155 159 158 173 179 185 185 169 175 164 168 170 172 173 186 195 176 197 178 189 181 201 183 184 184 185 186 186 200 197 192 193 193 193 194 195 195 195 196 198 198 199 199 198 198 198 198 197 197 197 197 196 196 196 178 171 176 179 179 190 188 169 158 155 151 153 150 154 159 144 169 134 165 164 164 162 162 161 161 158 158 157 157 157
149 149 149 149 150 150 175 153 154 154 155 161 158 163 177 184 183 169 175 166 168 170 172 173 192 176 177 178 179 181 203 201 184 185 185 193 187 188 196 190 193 195 195 194 195 196 196 197 198 199 200 200 163 200 199 199 199 199 198 198 198 197 197 197 173 170 178 173 173 173 189 174 165 154 183 180 177 174 172 145 169 167 165 163 163 162 161 161 160 157 159 158 157 155
149 148 148 148 149 149 173 151 153 154 154 169 157 159 177 186 182 170 172 166 169 171 172 187 175 176 177 178 180 181 182 195 188 187 187 187 189 190 198 192 194 195 196 195 196 198 198 199 200 200 201 201 165 167 200 200 200 200 199 199 199 198 198 174 176 165 167 171 167 167 170 176 177 171 158 150 149 175 173 171 168 167 166 165 163 162 161 160 160 160 158 157 155 153
148 147 147 147 148 149 150 150 152 153 153 170 157 159 174 188 181 168 170 167 169 171 173 174 175 176 177 179 191 197 199 193 190 187 188 188 190 191 192 193 195 196 196 196 198 199 200 200 201 202 202 203 203 167 202 201 201 201 201 200 200 174 199 177 176 171 164 166 161 159 160 172 187 185 173 159 157 156 147 171 169 167 166 165 164 162 162 161 160 159 158 152 142 145
147 146 146 146 147 148 149 150 151 152 183 166 156 160 174 183 177 163 165 167 169 171 184 174 176 176 199 195 197 199 192 187 185 188 189 190 191 192 193 194 196 197 198 199 192 200 201 201 202 203 203 203 204 164 203 202 202 202 202 201 201 173 174 170 177 199 171 164 160 153 192 159 188 185 183 165 159 176 157 147 145 150 141 166 164 163 162 161 160 159 157 157 156 154
146 145 145 146 146 147 148 148 150 151 178 164 156 169 172 177 176 168 165 167 169 171 193 174 176 177 187 193 201 199 181 186 187 189 191 192 197 194 208 215 197 198 221 200 200 201 202 203 203 204 204 204 205 158 159 203 203 203 203 203 202 202 171 166 174 199 199 171 160 157 193 161 188 186 170 160 157 154 151 145 143 147 165 153 162 147 142 140 160 158 156 156 156 156
145 144 144 145 145 146 147 147 148 149 150 168 154 171 157 174 179 175 165 167 169 171 193 174 175 201 188 193 193 190 181 187 188 190 191 204 193 194 196 196 197 198 199 200 201 201 203 203 204 205 205 205 205 161 159 167 204 169 204 203 203 202 167 160 165 200 199 175 166 160 157 167 189 186 168 162 156 177 138 131 169 167 136 163 162 154 160 156 133 155 136 139 153 155
143 143 142 147 144 145 146 146 147 148 149 151 170 155 156 158 179 178 164 166 168 170 172 195 175 204 191 187 180 187 188 178 189 200 205 192 193 194 195 196 197 197 198 200 202 202 203 204 205 205 206 206 206 206 156 161 161 157 167 204 203 203 168 159 202 157 171 199 168 163 156 165 189 187 170 173 173 158 144 143 140 140 165 134 137 140 138 159 152 151 156 153 156 150
142 141 142 142 143 144 146 146 146 147 149 150 152 165 155 170 176 181 169 166 168 170 171 173 174 176 188 177 182 184 185 188 198 207 191 192 193 194 194 215 197 198 199 201 202 203 204 205 205 206 207 207 207 207 152 162 158 154 154 165 204 204 162 156 203 148 154 159 162 161 157 158 176 172 172 183 181 178 150 139 138 141 165 163 161 137 160 159 158 158 157 155 152 156
140 140 141 142 143 143 145 145 146 147 148 149 151 167 165 167 179 185 169 165 167 191 171 173 173 200 182 178 191 209 185 200 188 189 191 192 193 194 219 197 198 199 200 201 202 203 204 205 206 207 207 208 208 208 208 207 206 206 205 205 159 166 160 162 157 154 202 153 154 157 156 158 157 159 166 174 181 178 171 173 131 129 128 132 162 162 151 160 137 156 155 155 138 157
139 139 139 141 140 143 144 145 145 146 147 149 150 169 154 156 178 178 167 165 167 169 170 172 173 181 177 189 182 183 185 187 188 189 190 192 193 194 196 198 199 200 200 201 203 204 205 206 206 207 208 208 208 208 208 208 207 207 206 206 206 158 164 163 157 204 202 201 200 198 196 194 191 155 157 169 181 179 176 158 171 129 166 163 164 162 158 162 159 129 127 136 157 157
137 138 139 140 141 140 143 144 145 145 147 148 149 165 153 155 172 171 168 165 166 168 170 171 174 176 182 180 181 183 185 208 188 189 212 210 216 216 218 213 200 200 200 201 203 204 205 206 207 208 208 208 208 208 208 208 208 207 207 206 206 206 205 205 151 204 203 202 200 199 197 194 192 154 155 159 172 179 176 170 170 168 166 164 163 161 162 162 162 159 158 158 157 157
137 136 138 140 141 139 142 143 144 145 147 147 148 150 152 154 156 158 161 164 165 167 169 172 181 183 178 179 188 195 185 186 188 213 210 212 213 211 214 224 201 200 200 202 203 205 206 207 208 209 209 209 209 209 209 209 208 208 207 207 207 206 206 206 205 205 204 202 201 199 150 155 155 190 151 154 162 179 176 174 158 152 167 154 155 161 161 163 160 159 159 159 158 157
135 135 136 137 137 139 141 142 143 145 144 146 148 161 151 153 156 158 161 163 165 188 169 182 174 176 177 180 181 197 209 186 188 189 205 204 211 196 198 199 200 200 200 202 204 205 206 207 208 209 209 209 209 209 209 209 209 208 208 208 207 207 206 206 206 205 204 203 202 148 150 149 152 150 149 183 180 157 177 174 164 156 166 164 163 161 159 158 161 158 157 158 158 157
134 134 134 136 138 138 140 141 140 144 145 145 147 149 150 152 155 157 160 162 164 167 169 197 173 175 192 181 180 183 184 211 205 201 198 201 194 195 196 197 199 200 201 202 204 205 206 207 208 210 211 210 209 209 210 165 163 165 209 208 208 207 207 207 152 140 151 204 203 201 139 145 145 144 189 186 142 145 158 168 156 149 166 133 161 164 163 157 157 157 155 156 158 157
132 133 134 135 134 135 139 140 141 144 143 145 147 148 149 153 154 156 162 161 172 168 168 171 172 175 193 185 195 183 184 186 201 201 199 204 215 216 212 202 201 202 203 199 221 206 221 230 209 210 211 211 210 210 145 150 146 144 161 209 209 208 208 207 207 207 205 204 203 202 200 197 194 191 143 184 181 178 148 157 170 168 166 164 163 161 160 160 158 161 160 159 158 158
133 136 132 133 134 134 135 136 141 139 143 145 146 146 148 152 153 155 158 161 163 165 167 170 172 175 193 188 199 182 201 199 202 203 202 202 207 205 201 196 190 204 204 205 226 225 228 209 234 235 211 211 211 212 169 161 160 161 210 209 209 209 208 208 208 207 206 205 204 202 200 198 195 192 143 184 150 151 154 161 156 149 142 140 163 164 162 161 160 161 157 160 154 158
130 134 130 131 132 133 135 135 137 138 142 144 146 147 149 151 152 154 157 169 163 165 167 169 187 175 193 186 199 199 190 196 201 203 203 194 198 205 207 208 209 203 212 227 233 207 208 209 235 231 224 228 213 213 212 171 166 211 210 210 163 161 209 208 208 207 206 205 140 152 145 144 195 143 142 185 182 152 153 159 154 149 148 164 162 163 163 161 159 162 160 158 159 157
129 129 128 129 130 131 131 134 137 140 141 143 144 148 149 149 152 153 156 167 165 164 167 169 187 175 177 175 198 197 190 201 202 201 201 192 202 197 198 225 222 211 221 230 206 236 208 209 238 238 212 212 213 214 214 171 211 211 211 211 167 162 162 154 137 137 138 153 146 153 152 149 148 193 190 186 182 179 175 173 146 151 150 164 163 163 162 161 159 161 162 157 157 159
129 129 128 128 129 131 131 133 135 136 137 141 144 146 147 148 150 153 156 158 161 163 167 177 173 174 191 176 196 198 198 200 197 198 197 197 217 197 198 216 202 209 221 205 229 232 234 235 210 239 211 212 213 214 214 189 211 211 211 211 163 154 138 153 153 152 152 145 152 153 152 153 153 151 190 187 132 131 176 173 170 168 166 138 163 166 159 160 163 162 162 157 155 157
128 128 127 130 129 130 131 132 135 136 140 141 144 145 147 150 149 152 155 158 160 162 168 186 192 174 189 185 201 201 204 191 191 197 198 211 195 197 198 202 208 216 225 228 229 230 210 211 232 232 230 237 239 239 214 181 184 211 211 172 154 143 154 154 210 151 138 139 151 149 149 151 151 151 148 187 184 180 176 149 146 168 166 165 164 166 165 159 158 162 157 157 155 154
126 127 127 130 130 130 129 131 133 135 140 140 143 145 147 149 148 151 154 157 160 162 164 169 172 196 191 196 200 194 195 186 189 201 213 194 195 222 193 188 215 225 228 229 232 209 234 232 232 233 227 232 237 232 173 149 174 212 184 162 144 155 152 210 168 152 151 153 153 151 144 151 152 152 149 148 147 146 148 149 151 169 166 165 164 162 161 160 157 158 161 160 160 159
120 126 127 126 129 130 127 129 131 135 135 135 142 144 146 148 147 150 153 156 164 165 166 182 192 187 189 197 189 187 190 187 194 209 193 194 195 207 189 200 220 225 226 228 232 234 211 212 213 213 213 237 233 222 217 160 173 188 169 159 144 153 164 210 178 154 153 150 153 154 156 153 154 160 160 153 148 145 177 146 147 168 166 165 165 165 162 161 160 159 162 161 160 160
119 121 126 126 129 130 128 128 131 134 134 134 142 144 146 147 146 154 151 155 157 160 178 169 173 189 185 194 183 187 192 197 213 192 193 194 218 196 196 217 222 222 224 228 229 231 236 212 241 213 241 242 238 243 216 215 211 176 143 142 136 159 157 210 154 154 139 153 151 152 152 147 147 149 153 149 147 181 177 173 171 169 167 165 164 165 163 162 162 161 159 158 160 155
120 120 123 125 125 130 130 130 126 133 134 134 141 143 145 147 152 148 151 154 160 162 165 170 173 175 177 179 187 194 187 189 190 192 193 195 199 194 212 222 203 224 226 227 226 229 233 237 239 213 240 243 242 243 214 232 180 145 148 149 149 149 146 166 163 159 155 152 148 152 148 149 199 196 192 188 147 146 145 174 171 169 167 165 163 164 163 161 160 160 160 161 157 155
119 120 121 123 124 124 125 130 127 131 133 133 140 142 143 147 145 147 150 153 156 161 164 170 173 176 177 193 194 200 187 188 209 208 212 198 194 206 218 220 225 227 225 226 229 231 232 232 237 236 238 242 241 237 220 162 157 156 151 150 152 153 157 167 167 166 168 164 161 157 155 159 157 152 148 147 149 149 146 174 172 171 168 166 165 164 164 164 162 161 160 160 161 157
119 120 119 118 122 123 123 124 126 130 132 132 138 139 142 145 149 150 151 151 156 161 161 169 173 175 177 179 195 199 185 200 198 207 203 190 200 213 215 217 218 219 226 232 237 210 236 233 234 233 235 234 228 219 205 182 162 157 151 149 151 156 161 166 166 165 166 167 164 162 162 163 164 163 157 153 155 182 179 150 173 172 169 166 165 163 163 164 163 163 161 159 160 158
116 117 120 120 121 123 123 124 125 126 130 130 137 138 141 144 147 149 150 151 155 161 163 169 165 174 175 178 180 182 192 195 189 204 192 194 209 216 199 210 202 222 232 207 208 209 210 232 229 227 228 223 218 211 203 198 181 171 164 156 158 163 166 167 166 166 166 165 163 162 161 159 158 160 160 159 162 163 180 176 174 173 170 167 165 163 163 163 162 163 163 160 163 161
118 119 119 120 117 123 119 120 125 126 129 129 131 133 135 143 145 147 149 150 155 161 164 161 164 172 174 177 179 181 184 186 205 200 190 202 213 197 204 208 202 227 204 232 231 226 223 228 227 225 223 218 214 207 200 198 196 192 179 167 164 170 172 168 165 166 167 166 163 160 159 157 157 159 161 161 160 183 179 176 174 173 171 169 167 165 164 164 162 162 162 160 159 163
117 118 118 119 119 122 125 123 124 119 127 128 129 131 133 136 145 141 147 150 151 160 164 160 169 169 173 176 179 179 181 185 188 190 200 212 195 205 201 212 201 202 224 223 220 219 220 224 226 225 221 215 207 204 198 194 197 195 191 178 168 170 175 171 165 163 163 163 162 161 161 160 161 162 163 163 186 183 179 176 173 172 170 169 167 166 165 165 164 164 161 159 164 164
117 118 118 118 119 120 121 122 127 125 125 126 128 130 132 141 143 142 147 150 149 160 163 158 164 166 173 175 177 176 180 185 189 191 192 210 199 198 205 216 201 202 226 226 221 216 215 222 223 218 215 206 200 201 199 194 194 193 192 183 173 173 177 175 172 168 164 161 163 166 166 162 162 162 161 162 186 183 180 177 175 173 170 168 167 167 166 164 169 168 166 161 159 165
117 118 117 121 118 119 116 122 127 124 125 120 123 130 132 141 142 142 147 150 152 159 162 164 160 165 173 174 175 175 180 186 188 190 190 202 192 199 213 200 201 202 222 219 214 208 211 218 214 211 212 202 198 200 198 214 190 189 214 183 213 177 212 180 177 175 171 164 161 165 170 163 160 159 193 189 186 183 180 178 175 174 172 170 168 168 171 166 169 168 168 167 166 165
117 117 117 117 117 118 120 121 122 123 123 130 126 125 131 132 133 143 139 149 153 157 160 162 161 167 170 172 174 176 181 185 182 188 190 196 196 196 198 223 201 220 217 213 209 209 214 214 210 209 210 203 214 214 214 214 214 213 213 213 181 212 181 212 178 176 175 170 161 160 168 170 165 161 193 189 187 184 182 179 177 175 174 171 169 169 172 169 170 169 168 167 167 166
116 117 117 117 121 116 118 120 121 122 122 122 123 126 129 131 133 135 138 148 152 147 159 161 164 167 166 171 175 174 178 182 181 183 189 190 194 196 198 199 200 214 213 212 212 216 216 211 210 211 209 205 214 214 214 214 214 213 213 213 213 182 181 182 211 180 173 173 165 160 164 172 172 169 164 190 187 184 182 181 178 175 173 171 170 174 172 172 171 170 168 168 167 167
116 116 123 125 121 120 120 120 119 121 122 121 124 125 127 130 132 134 136 147 143 146 158 161 162 163 166 171 175 170 176 177 180 188 187 190 194 196 198 199 211 209 214 217 220 220 215 209 210 212 209 207 204 214 214 214 214 214 213 213 213 189 184 185 187 188 176 175 172 161 161 167 168 165 193 190 187 184 182 181 178 176 174 172 170 175 174 173 171 170 169 168 168 168
115 120 116 117 123 120 122 117 118 119 123 121 122 124 126 129 132 133 135 138 141 153 156 159 158 159 167 173 175 171 173 176 179 182 186 191 194 195 197 212 199 210 218 219 222 219 210 208 210 213 212 209 214 214 214 214 214 214 213 213 213 213 182 186 190 190 210 181 181 168 161 159 197 195 192 190 187 185 182 181 178 176 175 174 172 170 175 174 172 171 170 169 169 168
116 121 119 116 123 115 122 124 116 118 120 121 121 128 123 127 131 133 133 144 139 152 155 156 155 156 168 172 173 169 172 180 182 184 186 191 193 195 196 197 199 211 216 217 219 207 208 208 212 216 216 210 213 213 214 214 214 214 182 213 212 212 184 186 210 210 209 184 181 175 168 165 165 195 193 190 187 185 183 181 179 177 176 175 174 174 173 175 173 172 171 170 170 169
115 114 121 120 115 115 116 116 116 116 119 120 120 121 122 125 129 131 132 135 138 141 154 155 156 158 168 171 172 168 171 176 180 183 187 191 193 195 196 198 200 213 215 215 205 207 208 211 215 216 214 212 213 213 214 214 214 214 213 213 212 213 211 211 210 210 209 209 177 174 173 174 198 196 193 191 188 185 183 181 179 178 179 177 178 177 176 175 174 173 172 171 170 170
115 115 114 120 120 114 115 116 116 119 117 119 120 120 129 123 128 130 131 134 137 149 152 145 157 160 167 170 167 166 170 173 180 184 189 191 193 195 197 199 200 202 217 204 205 207 208 211 212 210 211 212 213 213 213 214 214 214 214 213 213 178 173 172 174 208 208 208 165 160 166 199 197 196 195 192 189 186 183 182 180 179 182 181 179 178 177 176 175 174 173 172 171 170
