examples/cougarCreek-fire/createInputs/WindNinja/wrfout_d3.2015081000.f19/cougarCreekFire_08-10-2015_1900_217m_non_neutral_stability_ang.asc
ncols	146
nrows	140
xllcorner	610065.000000
yllcorner	5095217.000000
cellsize	216.586807
NODATA_value	-9999.000000
[rows 0 to 41 of 140, columns 0 to 93 of 146]
222 222 224 226 226 225 225 226 227 234 228 229 229 229 229 229 230 229 229 229 230 236 237 241 243 244 245 247 249 251 251 250 250 252 254 257 260 134 267 271 271 302 287 355 0 17 325 336 346 355 2 13 29 50 74 93 106 113 119 124 127 129 131 133 135 137 137 137 138 140 140 140 138 136 135 136 138 136 134 134 134 135 136 124 123 125 138 124 123 126 135 124 122 135
222 222 224 226 226 225 225 226 227 234 228 229 229 229 229 229 230 229 229 229 230 236 237 241 243 244 245 247 249 251 251 250 250 252 254 257 260 134 267 271 271 302 287 355 0 17 325 336 346 355 2 13 29 50 74 93 106 113 119 124 127 129 131 133 135 137 137 137 138 140 140 140 138 136 135 136 138 136 134 134 134 135 136 124 123 125 138 124 123 126 135 124 122 135
222 223 225 226 225 225 225 226 227 228 228 228 229 229 229 229 229 229 230 230 231 239 237 240 241 243 244 246 247 249 249 249 250 252 254 256 259 262 265 269 274 279 286 295 304 316 328 340 350 359 6 17 33 54 75 92 104 112 118 122 126 128 130 132 134 136 136 137 138 139 139 139 137 136 135 136 138 138 136 135 135 136 136 137 138 138 138 137 136 136 136 133 133 134
222 223 225 226 224 225 225 225 226 227 227 227 228 228 229 229 229 230 231 232 233 242 238 239 240 242 244 246 247 248 250 251 253 254 257 259 262 265 268 273 279 285 293 302 313 324 336 347 355 2 9 19 32 49 68 83 96 105 112 117 121 125 127 129 132 134 135 136 137 138 138 138 137 137 136 137 139 139 137 136 136 136 136 137 138 138 139 139 139 140 140 138 137 137
222 222 224 225 224 224 225 235 235 234 226 226 227 227 228 228 228 229 231 232 241 242 244 239 240 241 243 245 246 247 249 250 252 254 256 259 261 264 268 273 279 286 294 305 317 329 341 351 359 6 12 22 35 66 68 82 94 103 110 116 120 124 126 128 130 132 134 135 136 138 138 138 138 138 137 138 139 140 138 137 136 137 137 138 138 139 140 140 141 142 142 141 124 124
222 222 223 224 224 224 224 225 225 235 234 234 226 227 227 228 228 229 239 231 241 241 242 238 239 240 241 242 244 245 247 248 250 252 254 256 258 260 264 268 274 281 290 302 316 330 344 355 3 35 42 47 42 57 73 87 98 106 113 117 121 124 126 128 130 132 118 134 137 138 138 138 138 138 137 137 139 139 138 137 137 137 137 138 139 139 139 140 141 141 141 141 141 116
222 223 223 224 224 224 224 234 235 234 234 233 234 227 227 227 227 228 237 238 240 241 242 242 242 241 238 246 247 248 243 244 247 249 250 252 254 256 258 283 294 274 327 296 313 6 22 34 47 48 65 35 60 65 80 92 102 110 115 119 122 107 110 129 131 116 133 135 138 139 139 139 138 137 137 138 139 139 138 138 137 137 138 138 141 139 140 141 141 142 142 141 141 122
223 223 223 224 224 224 224 234 233 234 234 234 234 232 231 226 226 236 237 237 239 239 239 240 240 239 240 243 244 242 240 250 251 245 246 247 249 250 269 275 285 300 322 339 359 30 46 51 52 63 50 50 59 74 87 98 106 113 117 121 103 108 128 130 131 118 134 136 138 139 139 138 138 137 138 139 140 139 138 138 138 138 139 138 139 139 140 141 142 142 142 142 142 143
223 222 222 222 223 234 223 233 235 235 234 233 233 233 231 226 233 234 236 236 237 237 252 254 238 237 238 239 241 240 241 245 244 241 241 253 255 258 262 267 274 287 308 333 7 32 40 42 40 40 43 56 69 70 74 104 111 116 98 123 104 127 129 131 115 118 120 120 139 139 139 139 138 138 139 139 139 138 138 139 138 139 139 139 139 140 141 141 142 142 142 142 142 142
223 223 222 222 222 232 232 233 233 233 233 232 247 233 231 230 231 232 235 248 251 236 234 234 258 235 235 235 237 236 236 240 241 242 246 247 248 250 253 256 261 269 296 335 35 43 38 38 43 45 55 70 76 72 100 108 114 119 100 125 127 129 131 114 117 116 119 120 139 140 141 140 140 139 140 140 140 139 139 140 140 140 140 140 140 140 141 141 142 140 142 143 143 143
233 223 222 222 222 222 230 232 232 232 232 232 232 248 231 230 229 225 233 233 250 254 233 232 253 259 251 253 233 232 231 235 235 237 241 242 242 242 244 245 244 246 256 63 68 59 52 51 54 64 75 74 66 98 106 113 118 96 125 127 129 110 114 118 116 118 122 124 141 142 142 141 141 140 141 142 141 140 140 141 141 141 141 140 140 135 141 141 142 142 143 143 143 143
222 222 232 232 232 231 222 230 231 246 246 230 230 232 231 231 225 228 230 232 251 253 253 230 230 257 240 253 259 229 228 231 231 233 236 237 237 235 235 235 234 32 48 58 70 68 65 60 63 70 69 67 95 104 79 90 95 99 103 129 130 112 118 118 119 136 138 140 141 143 142 141 141 141 142 142 141 140 141 142 141 141 141 141 141 141 142 142 142 142 143 143 143 144
221 220 220 230 231 231 221 227 228 229 244 246 246 230 230 231 227 230 230 231 250 253 255 251 228 254 243 253 256 232 225 226 228 229 230 230 229 228 226 225 337 50 63 67 74 63 69 58 66 65 64 66 103 110 87 95 99 104 107 110 114 122 122 135 136 137 138 140 141 143 143 142 142 142 142 142 141 141 142 142 142 142 142 142 142 142 142 142 142 143 143 142 143 145
219 220 220 221 221 229 221 221 225 226 227 243 245 246 229 230 229 229 230 251 251 253 256 254 251 255 249 252 245 209 212 222 260 263 265 268 274 280 277 281 16 86 83 79 70 97 83 62 64 68 66 70 77 85 93 99 104 109 110 116 124 125 135 136 137 138 139 140 142 143 143 142 143 143 143 142 142 142 143 143 143 143 143 143 142 142 142 142 143 143 143 142 143 146
219 220 221 221 221 221 222 222 221 226 225 226 226 242 246 245 242 243 247 250 252 254 254 254 252 255 250 249 235 204 200 220 258 261 262 265 271 276 269 264 102 102 86 77 60 51 61 75 79 68 71 79 86 92 98 102 92 112 114 117 134 135 136 137 123 121 124 125 143 144 129 143 143 144 143 143 142 142 143 143 144 144 144 143 143 143 143 143 143 137 140 136 143 150
219 220 221 221 221 222 231 230 229 227 226 227 242 239 239 245 241 239 243 245 245 247 245 244 254 255 249 242 226 198 217 251 254 258 260 263 266 267 270 285 101 97 89 82 68 72 82 90 84 64 80 89 75 79 103 107 99 114 99 115 118 119 118 119 122 124 126 143 144 144 145 144 144 143 143 143 143 143 143 144 144 144 144 144 144 143 143 143 143 143 135 134 141 141
218 219 221 221 220 221 221 228 229 228 225 226 246 246 237 233 237 244 243 243 244 245 239 219 243 254 247 234 205 191 231 247 246 250 255 257 259 258 261 3 89 97 97 93 89 90 93 88 76 61 91 79 92 91 87 118 121 99 116 118 119 119 122 123 125 126 144 129 145 146 146 145 144 143 143 143 143 144 144 144 144 144 144 144 144 144 143 144 144 143 142 140 140 142
218 219 220 220 220 220 226 227 228 243 224 223 240 246 236 228 229 236 239 240 246 246 249 229 242 251 248 229 206 210 234 240 240 242 237 248 249 257 265 92 98 100 98 97 95 95 94 86 75 72 83 103 104 90 93 122 120 96 120 119 120 122 124 125 127 143 145 136 138 147 147 146 145 144 144 144 144 144 145 146 146 145 145 145 145 144 143 131 130 144 143 141 141 143
219 219 219 219 219 219 219 226 243 244 223 222 235 237 240 242 239 239 242 239 244 247 247 242 239 241 239 215 213 219 228 230 228 242 227 248 248 252 253 112 106 105 105 104 100 94 94 89 80 84 100 106 96 117 95 102 120 121 105 122 126 109 130 129 144 133 137 142 147 148 148 147 147 146 145 145 145 145 145 146 146 146 146 146 145 144 144 131 130 144 143 127 129 145
219 218 218 218 218 217 224 224 242 242 221 237 234 236 243 244 244 244 246 242 245 247 243 240 243 236 220 207 211 217 212 212 177 201 202 243 244 245 240 120 114 113 114 116 110 103 102 99 106 109 106 95 85 93 101 97 99 126 105 106 128 112 129 128 131 146 147 147 148 149 149 148 148 147 146 147 147 146 146 146 147 147 148 147 146 145 145 129 129 145 143 130 128 133
218 217 216 224 224 223 222 223 222 241 220 237 245 234 234 239 240 241 242 242 245 246 240 241 245 241 212 210 209 208 201 189 198 197 198 239 240 217 235 119 119 126 127 124 121 118 117 116 153 112 105 94 92 108 97 134 135 106 109 109 110 115 134 133 147 148 148 149 150 150 150 149 149 148 147 148 148 147 147 148 148 148 148 148 147 146 146 146 146 145 127 126 130 145
216 215 215 222 222 221 221 220 220 241 235 236 241 242 227 212 231 234 240 239 242 243 242 242 243 242 226 217 204 191 191 165 196 194 194 213 228 212 175 125 134 148 134 129 124 115 116 120 117 96 97 95 99 99 141 105 105 113 115 113 113 118 117 149 137 137 137 138 150 151 150 149 149 149 148 149 149 148 148 148 149 149 149 148 147 146 146 146 146 145 127 129 129 130
214 214 213 213 219 219 219 219 219 237 235 233 241 233 234 211 225 211 233 239 241 243 240 237 238 237 220 213 191 170 175 187 194 164 190 191 231 231 148 133 155 153 146 130 125 124 124 120 105 99 99 100 103 145 145 109 109 112 114 115 119 122 138 138 137 137 138 151 151 152 151 150 150 150 149 150 149 149 149 149 149 149 149 149 148 147 146 147 146 129 128 131 133 135
212 212 213 213 213 212 218 218 235 236 235 232 236 236 240 234 234 234 235 241 239 240 241 233 230 241 211 208 186 175 187 168 190 188 187 203 224 220 155 134 138 150 145 130 127 127 123 115 109 106 105 156 113 123 114 113 114 115 119 121 126 141 141 152 138 140 141 141 153 153 152 152 152 151 151 150 150 150 150 150 150 150 150 150 148 147 147 147 129 137 141 142 139 142
210 211 212 212 212 212 217 216 215 235 237 233 233 240 238 234 232 233 232 233 237 238 239 239 231 240 224 202 207 207 189 162 180 186 189 216 213 194 134 138 138 135 134 172 132 126 122 122 116 111 125 157 115 114 113 119 124 126 127 127 127 143 125 125 143 143 143 143 154 142 153 153 153 152 152 151 150 151 151 151 151 151 151 150 148 147 147 146 145 142 142 138 136 143
209 210 211 211 212 211 215 214 213 233 235 233 229 234 238 235 232 232 232 230 232 240 237 235 230 233 225 191 219 207 169 181 178 143 183 186 191 150 131 148 154 134 134 132 131 168 133 165 121 117 160 134 116 117 117 125 128 156 128 128 129 145 124 130 144 144 144 144 145 145 145 154 154 153 153 152 152 152 152 151 151 151 152 151 149 148 147 145 131 136 144 140 137 141
207 208 210 210 215 214 213 212 226 229 234 231 229 227 232 234 231 231 232 231 232 239 235 229 223 226 223 195 212 195 164 164 144 145 170 181 158 135 134 137 134 128 129 129 128 129 127 124 122 124 161 127 119 120 118 123 128 129 128 129 130 147 146 131 133 135 147 146 146 146 146 155 154 154 153 153 152 153 153 152 151 151 152 151 149 148 147 145 122 127 139 144 141 140
207 208 209 209 213 213 213 212 222 224 230 232 232 225 225 230 229 230 231 230 230 235 232 223 217 219 223 205 197 171 164 167 156 157 157 156 139 135 138 136 134 133 131 132 133 132 129 132 128 131 163 129 123 133 124 128 130 130 130 131 132 133 136 141 144 145 143 148 146 145 144 155 155 154 154 153 153 153 153 153 152 152 152 152 150 149 149 146 121 123 125 125 127 128
208 208 208 207 207 212 212 212 210 226 229 230 234 225 223 226 227 229 230 228 228 232 231 224 214 216 224 211 192 170 165 167 161 154 143 134 138 140 138 137 138 135 136 137 138 168 168 168 127 166 164 131 128 145 126 133 133 132 134 138 140 140 140 141 142 144 145 150 148 147 146 157 156 155 154 154 153 153 153 153 153 152 152 152 151 150 149 147 118 120 147 146 125 127
208 207 207 206 206 211 210 227 228 227 227 227 231 234 226 226 228 230 231 228 229 233 234 231 220 216 218 220 194 175 171 166 155 149 145 139 140 139 137 139 139 140 156 171 170 169 168 133 168 167 165 139 135 130 135 138 137 136 136 136 137 137 139 140 141 149 148 148 148 148 147 157 156 156 155 155 154 154 154 154 153 153 153 152 151 150 149 147 147 121 123 125 130 131
209 207 206 206 205 209 208 208 224 224 225 227 227 230 228 223 226 227 228 227 231 235 235 234 222 212 210 210 199 175 171 157 149 147 144 146 143 134 138 149 159 158 171 171 171 170 139 155 169 168 167 158 132 135 138 134 132 133 135 136 137 140 142 142 141 149 148 148 148 148 147 159 158 157 157 157 156 156 155 154 154 153 154 153 152 150 150 148 147 127 129 129 131 129
210 207 205 204 204 208 207 207 222 223 220 222 224 226 228 220 220 221 220 220 225 222 231 228 213 201 199 202 201 171 162 151 148 146 147 153 140 139 146 160 159 158 171 171 170 170 170 148 170 170 169 167 135 136 134 134 135 136 137 138 139 142 143 142 141 141 151 151 151 150 149 150 150 149 157 157 157 157 156 156 155 154 155 155 153 152 151 149 148 128 128 127 130 129
209 207 205 204 204 209 207 204 220 222 222 222 227 226 225 219 215 216 216 216 219 217 213 206 199 195 197 204 210 169 158 151 150 150 148 149 146 142 150 142 159 159 170 170 170 169 169 162 170 171 172 170 150 144 147 141 139 141 142 141 140 141 143 144 145 162 147 162 149 151 160 147 150 158 157 157 156 150 152 156 155 155 156 155 155 154 152 150 160 129 126 127 131 133
206 205 208 203 208 206 205 203 220 221 223 224 225 224 223 220 215 211 210 210 213 214 209 201 193 188 195 204 210 171 148 151 156 153 151 152 150 152 153 153 153 159 170 169 152 157 158 161 168 168 171 180 176 149 146 145 146 146 146 161 145 145 144 163 163 145 162 146 146 150 147 146 159 158 158 158 158 157 151 156 155 155 154 153 154 154 152 150 160 144 127 128 132 134
202 203 204 206 205 203 202 221 222 222 220 221 222 222 222 221 218 216 214 210 208 208 206 203 199 190 191 201 205 158 150 154 158 156 151 149 149 150 148 149 148 146 148 148 148 152 155 159 165 164 164 168 177 174 167 161 153 150 149 150 150 150 158 143 143 143 151 151 151 162 160 160 147 147 149 150 149 158 157 156 155 155 154 153 154 153 152 151 161 156 129 128 132 132
201 202 203 202 204 202 200 198 216 215 213 208 213 217 221 219 218 216 213 205 203 203 202 200 199 200 210 206 196 141 148 151 157 157 151 149 148 147 144 142 151 150 149 166 166 165 144 149 158 161 160 162 167 173 171 170 163 158 154 151 151 146 145 144 143 153 153 165 165 164 162 149 148 148 149 149 158 158 157 156 155 155 154 154 155 154 152 151 163 162 133 130 133 133
200 200 201 205 203 222 221 195 214 212 210 208 207 211 213 214 211 208 207 204 200 198 198 196 193 192 198 201 206 149 152 156 155 159 156 150 151 149 146 144 142 139 165 165 166 165 163 162 148 157 161 163 161 166 170 171 167 166 164 160 157 155 153 151 147 146 155 155 155 147 153 151 150 149 160 159 159 158 157 156 156 155 153 153 155 155 153 152 166 164 140 131 132 133
199 199 199 202 200 197 195 212 193 207 206 208 206 207 204 203 201 198 195 194 194 195 195 195 194 193 194 192 182 165 156 154 160 161 160 159 156 159 159 158 156 156 159 167 166 165 163 161 139 148 155 162 161 165 168 168 168 169 169 169 168 167 167 167 166 165 165 165 167 168 166 158 149 165 163 162 160 159 158 157 156 155 154 153 153 155 154 153 166 165 139 129 128 130
199 198 196 199 198 196 198 193 206 204 207 207 206 202 201 201 200 197 198 200 199 196 196 196 192 192 196 193 181 175 155 145 145 156 164 168 172 172 171 166 158 153 157 163 169 167 168 166 165 164 145 154 160 164 164 166 166 167 167 167 168 168 168 167 166 165 165 167 168 168 167 167 168 166 159 153 164 162 160 158 157 156 155 153 153 154 154 153 166 167 148 127 127 131
196 195 194 197 196 195 195 194 208 208 208 207 203 206 204 203 201 199 197 197 196 196 198 197 193 196 197 196 187 187 155 146 151 143 148 155 157 168 173 176 173 163 165 163 156 155 154 149 147 165 167 142 145 146 158 165 161 162 166 165 165 167 167 165 164 164 165 164 163 163 162 163 164 167 168 169 168 165 163 160 158 156 155 153 153 155 153 152 153 168 166 133 128 132
191 192 193 196 195 194 196 193 192 208 208 208 207 209 204 202 199 196 195 198 199 201 198 194 190 196 196 196 196 200 153 151 152 149 143 139 137 141 151 170 172 172 171 170 165 165 165 162 160 156 154 152 162 169 168 167 166 167 166 165 154 165 165 165 165 165 164 163 161 159 159 159 159 159 160 161 163 164 172 164 161 158 155 153 153 154 153 152 152 153 167 153 135 135
189 190 192 195 195 196 193 193 191 208 208 207 204 203 199 199 196 194 200 204 204 201 196 185 190 196 196 196 194 192 163 152 149 146 149 150 142 143 142 139 168 153 150 152 155 168 168 168 169 169 167 168 169 167 165 164 163 163 164 162 168 168 166 165 165 164 163 161 159 157 156 156 156 155 155 155 156 158 161 164 175 160 157 156 155 153 152 151 152 153 152 161 142 138
