examples/cougarCreek-fire/createInputs/WindNinja/wrfout_d3.2015081000.f19/cougarCreekFire_08-10-2015_1900_217m_non_neutral_stability_vel.asc
ncols	146
nrows	140
xllcorner	610065.000000
yllcorner	5095217.000000
cellsize	216.586807
NODATA_value	-9999.000000
[rows 36 to 71 of 140, columns 0 to 80 of 146]
11.55 11.89 12.30 12.74 12.94 11.05 11.75 13.67 16.12 16.90 17.59 17.80 17.42 18.88 18.85 17.73 17.38 17.84 18.44 20.67 22.86 22.81 23.09 24.93 26.63 26.79 26.45 24.24 19.15 24.17 25.28 27.02 25.48 22.07 20.97 19.37 17.23 16.33 15.82 15.28 14.54 14.62 15.92 15.92 15.78 15.46 15.37 15.63 21.46 21.68 16.29 15.53 14.22 15.02 15.32 16.01 22.40 23.07 23.56 23.54 23.30 23.02 22.76 21.49 20.70 18.97 17.19 17.30 18.31 20.88 17.49 17.21 16.71 15.92 14.49 14.34 14.29 14.20 14.06 13.99 13.95
11.30 11.59 12.02 12.67 13.26 13.65 13.79 16.68 14.09 18.40 18.51 17.29 16.93 19.07 20.81 21.09 21.18 23.27 25.34 25.07 23.74 22.52 23.54 24.84 25.52 26.10 24.35 25.53 30.37 30.94 24.53 24.49 25.73 27.73 28.30 28.88 27.77 25.35 24.34 22.48 20.72 19.23 17.31 16.23 15.55 15.94 16.31 15.88 19.09 19.88 20.95 15.90 15.55 15.06 15.42 16.43 16.93 17.60 18.61 19.27 19.67 19.85 20.08 20.31 20.58 20.98 21.33 21.45 21.37 21.22 21.21 23.55 20.43 15.94 15.45 14.96 14.57 14.33 14.20 14.14 14.03
11.32 11.63 12.09 12.59 13.09 13.49 19.44 13.77 18.27 18.39 17.93 17.57 18.99 19.48 20.22 20.03 20.65 22.26 22.68 21.87 21.76 22.18 21.82 23.07 24.76 24.80 22.85 24.11 27.84 16.51 23.95 20.70 21.72 21.45 22.14 23.98 23.87 26.61 26.49 26.65 24.68 23.22 18.81 17.49 19.12 19.13 18.64 17.37 16.39 15.75 19.87 20.37 16.02 13.97 14.07 14.10 14.46 14.94 15.27 15.59 18.63 18.81 18.81 18.95 19.33 19.59 19.56 19.47 19.56 19.70 19.76 19.96 20.31 20.62 20.07 16.58 15.46 14.85 14.39 14.08 13.82
11.54 11.95 12.32 12.81 13.09 13.36 20.80 13.47 17.25 17.28 16.90 17.24 16.93 18.18 18.38 18.64 19.91 21.82 22.46 22.66 23.84 22.88 19.86 21.20 24.98 23.72 21.13 23.98 25.43 26.02 23.57 21.06 19.00 19.14 19.85 18.80 17.87 13.92 15.81 18.17 19.86 24.79 26.26 27.18 26.21 25.18 24.24 22.88 20.49 17.26 16.46 18.65 17.85 18.81 16.13 13.79 16.38 16.44 13.63 13.71 13.90 16.99 17.29 17.71 17.78 14.20 13.77 13.60 13.72 13.94 14.08 14.21 14.49 18.54 19.23 19.80 20.10 15.43 14.77 14.12 13.66
11.18 11.59 12.09 13.04 13.24 13.28 19.50 13.36 13.31 16.99 16.55 15.95 15.78 16.99 18.43 19.01 20.81 22.86 22.60 21.05 20.89 19.88 19.09 23.39 24.56 23.16 21.46 23.48 24.89 21.97 24.45 22.87 20.79 18.98 18.66 18.88 18.69 17.95 18.97 14.09 15.09 15.92 16.39 16.66 22.31 23.09 23.69 23.29 23.17 22.60 21.71 21.09 17.08 16.02 15.58 15.34 14.86 14.19 13.87 13.82 15.64 13.41 13.49 13.44 13.00 12.44 12.06 11.93 11.97 12.07 12.12 12.21 12.45 12.71 12.98 13.29 13.89 14.58 18.64 19.19 13.92
10.91 11.22 11.54 12.62 12.80 18.35 13.36 13.15 13.28 16.38 16.13 16.34 16.79 18.92 20.50 20.35 22.48 22.33 20.78 17.76 17.10 17.88 20.85 23.93 23.14 21.46 21.26 22.63 24.49 25.69 28.95 21.70 18.87 17.19 15.26 15.59 18.28 18.11 17.17 19.21 14.67 20.66 20.34 20.35 20.05 15.43 16.09 16.73 17.32 17.75 17.96 18.26 18.40 18.51 18.47 18.42 17.95 17.66 17.88 17.32 14.14 13.33 12.48 11.49 10.70 10.27 10.20 10.38 10.63 10.80 10.88 10.97 11.05 11.13 11.28 11.56 12.07 12.72 13.34 13.80 16.76
10.46 10.63 10.89 11.31 12.18 11.93 12.89 12.67 13.25 13.49 13.77 16.76 18.02 20.77 21.92 22.29 22.24 19.81 17.13 16.22 16.96 19.90 23.85 25.89 22.23 19.19 20.65 23.68 24.14 24.82 28.92 24.03 18.85 16.00 15.28 16.57 17.80 17.07 16.49 16.78 19.22 20.11 19.87 19.20 18.36 18.10 18.37 15.58 16.02 15.13 16.76 15.00 14.88 15.07 15.07 14.66 14.05 13.40 12.66 11.95 11.32 10.69 9.97 9.37 9.02 9.02 9.40 9.93 10.38 10.65 10.73 10.63 10.44 10.33 10.50 11.03 11.56 11.90 12.18 12.59 15.26
10.48 10.57 10.79 11.33 12.25 19.68 12.68 13.03 13.30 13.53 16.71 19.97 22.94 22.98 22.75 22.43 21.04 19.40 18.28 17.78 19.28 23.37 25.08 22.33 20.77 19.11 22.53 23.57 23.24 23.76 28.85 27.63 24.09 20.66 17.31 16.95 16.90 16.49 15.85 14.90 14.82 16.48 17.57 15.46 14.54 15.00 15.38 15.53 17.91 15.89 14.34 14.02 13.74 13.30 12.65 11.95 11.27 10.59 10.77 9.73 9.37 8.94 8.97 9.71 10.69 11.87 12.75 13.10 13.01 12.80 12.70 12.42 12.20 12.10 12.14 11.98 11.83 11.98 12.17 12.39 12.60
10.87 11.09 11.30 11.57 11.96 13.36 12.86 13.12 13.38 17.51 21.41 22.09 21.66 21.46 21.76 21.84 22.00 21.53 18.93 19.42 21.67 22.18 22.12 22.34 20.51 20.61 22.51 22.42 21.84 23.44 28.33 27.61 27.27 25.49 21.30 19.13 17.32 15.88 15.14 14.97 14.44 13.20 13.72 13.79 14.63 15.70 17.17 18.85 16.27 14.82 14.00 13.16 12.47 11.88 11.35 10.90 10.40 10.01 10.04 10.45 10.93 11.56 11.06 12.46 13.57 14.16 14.39 14.10 13.92 13.71 13.53 13.23 12.89 12.66 12.49 14.39 13.54 13.04 12.81 12.75 12.60
10.59 10.97 11.44 11.66 12.90 13.15 13.48 13.51 13.65 21.19 20.47 20.55 19.83 18.80 20.27 21.64 21.12 19.65 16.74 17.35 19.83 21.95 22.46 22.59 21.61 21.45 21.86 21.88 20.70 23.88 27.35 26.35 26.74 26.34 24.54 22.64 20.44 18.39 16.98 16.19 13.46 14.70 14.55 15.37 16.47 15.85 18.19 15.57 14.10 13.37 12.53 11.25 11.03 10.76 10.67 10.51 10.29 10.63 11.85 11.80 13.11 14.55 12.62 12.43 12.05 14.15 16.33 16.10 15.04 16.13 16.93 16.03 15.69 15.64 15.38 14.53 13.34 13.32 13.35 12.94 12.63
10.75 11.02 19.11 11.32 12.80 13.05 19.15 19.23 20.85 19.65 19.92 19.39 17.50 19.04 20.72 20.80 20.68 15.54 15.68 16.38 18.59 22.03 25.04 25.33 21.25 20.46 20.20 20.17 20.20 23.13 26.40 25.57 25.79 25.93 26.60 23.12 22.13 20.98 19.43 16.48 14.64 15.17 16.09 15.23 18.70 20.21 18.34 14.59 13.09 12.06 11.31 10.80 10.74 10.98 11.20 11.66 12.83 13.68 15.64 13.21 12.97 12.20 11.91 13.90 14.16 15.87 15.56 14.91 17.96 20.87 20.38 20.88 18.70 15.82 15.72 16.86 19.66 14.56 13.30 12.98 12.65
10.78 17.86 13.32 11.17 11.55 13.32 18.32 19.32 19.41 19.42 19.42 17.59 16.48 17.76 17.86 15.54 13.26 13.68 15.76 17.49 21.28 24.65 24.17 24.23 20.71 19.28 19.13 18.96 19.95 22.65 24.56 25.93 25.37 25.47 26.48 22.50 22.63 23.34 21.64 20.02 15.39 19.11 23.62 22.69 20.71 18.56 15.13 13.91 13.07 12.62 12.76 12.95 13.73 13.49 13.61 14.79 16.49 13.48 13.65 17.06 16.81 16.25 17.43 18.54 19.41 19.37 18.71 18.85 19.53 19.19 18.85 18.39 16.95 15.35 15.94 16.24 17.06 16.67 13.81 12.67 12.48
10.43 18.67 17.66 17.61 19.34 18.64 18.89 18.80 17.34 18.91 17.13 13.16 15.79 15.20 13.09 13.81 14.09 15.01 17.33 19.40 20.91 22.80 22.29 21.61 19.37 19.39 17.39 18.72 18.31 20.19 23.09 24.97 25.42 25.33 24.17 21.37 21.26 22.40 22.87 23.06 27.90 24.55 24.40 24.05 17.58 16.05 14.42 11.92 13.80 14.53 15.74 14.31 14.17 14.44 14.22 14.34 15.94 23.14 23.16 22.84 22.20 20.66 20.28 21.08 20.74 19.92 19.22 18.51 18.15 18.08 16.25 15.75 16.56 16.70 14.88 15.04 17.83 17.45 14.66 12.19 12.24
18.12 13.18 18.79 17.90 13.58 18.11 17.01 12.59 12.82 17.04 16.62 12.94 12.94 13.20 15.20 18.38 20.13 21.25 21.14 20.58 20.28 23.67 22.78 20.09 20.13 19.90 18.76 19.21 18.86 17.83 23.03 23.68 22.93 26.36 24.79 20.94 19.91 21.98 21.84 25.97 24.31 22.53 22.48 22.63 22.63 16.75 14.17 16.34 16.56 18.09 14.78 13.68 26.23 24.12 20.46 21.54 20.95 20.62 20.77 20.94 17.14 17.30 17.15 19.85 19.36 17.99 17.62 16.43 15.91 15.90 15.52 15.34 15.11 13.91 14.06 13.88 13.75 13.34 12.24 12.81 11.90
13.21 17.52 17.33 13.46 13.31 10.93 11.32 12.42 12.80 12.92 12.48 12.47 12.95 15.42 19.81 21.00 20.91 20.63 20.10 19.67 19.71 23.58 23.62 23.79 21.92 19.89 15.69 18.14 16.27 19.41 24.27 22.96 23.13 26.31 25.53 22.06 20.62 21.72 21.60 21.05 25.19 21.03 20.91 19.83 20.62 22.72 24.65 25.98 27.09 27.40 26.77 25.07 24.02 23.56 23.26 20.87 15.52 15.55 19.26 19.14 15.85 16.08 16.26 16.47 18.90 16.62 15.49 14.07 13.80 13.40 13.61 13.75 12.63 13.75 14.34 13.12 11.16 10.25 11.64 13.40 11.73
13.46 13.49 13.48 12.93 10.96 11.35 12.57 12.76 12.78 12.63 12.51 12.98 13.68 17.90 20.17 19.86 19.85 19.80 19.53 19.26 18.49 18.43 22.94 21.31 22.50 18.24 17.29 13.27 15.02 20.04 23.52 21.99 24.72 25.75 25.60 22.46 20.22 22.36 21.58 20.02 20.13 20.23 19.49 19.23 13.91 14.59 15.28 15.97 17.21 22.11 22.11 22.10 16.96 21.25 15.43 11.92 14.32 14.46 14.49 18.05 17.67 15.34 15.40 15.44 16.13 15.90 18.27 17.52 17.23 16.21 16.69 19.32 15.88 16.57 16.09 16.29 16.26 16.60 12.30 15.45 11.56
17.56 13.56 17.41 10.92 11.25 12.64 12.71 12.88 15.75 12.79 13.15 18.09 20.34 19.93 19.62 18.85 18.54 18.44 18.60 18.68 18.28 18.29 18.09 13.54 20.20 12.74 13.18 13.84 17.70 22.32 24.17 22.39 24.52 25.06 23.65 21.35 20.99 23.48 21.13 20.74 19.81 19.06 17.73 17.46 18.51 13.33 13.11 11.76 11.95 12.24 14.25 14.85 15.26 15.47 15.39 17.62 15.99 14.70 18.19 16.92 16.55 17.15 15.38 12.72 15.65 16.00 16.28 16.24 15.92 15.87 12.66 16.19 16.13 12.06 11.57 11.34 11.10 10.91 10.92 11.12 14.10
13.52 17.36 10.78 11.07 12.90 13.70 16.57 16.85 16.33 15.33 18.64 19.48 14.55 14.04 13.62 13.47 13.26 17.06 17.41 17.59 20.91 18.06 18.74 21.91 18.52 13.94 15.69 18.27 20.80 23.93 24.50 22.07 22.54 24.06 22.37 20.27 20.24 18.95 18.42 17.22 17.96 17.15 15.88 16.07 16.82 12.97 12.98 11.35 11.11 10.99 11.15 11.61 12.31 14.38 14.83 20.35 20.68 18.66 15.67 15.73 15.46 15.46 12.80 12.38 11.97 11.72 11.74 11.65 11.22 10.72 10.46 10.40 10.32 10.27 10.30 10.30 15.46 12.39 10.70 10.87 11.07
13.88 17.90 13.15 13.77 18.27 18.41 16.69 15.86 16.20 16.73 19.08 14.57 14.13 13.68 17.35 17.00 13.23 16.63 17.00 16.92 13.59 13.71 19.84 22.62 17.80 16.86 19.48 20.63 19.56 22.79 22.83 19.94 20.17 24.25 15.31 20.84 22.40 23.64 19.69 20.17 19.83 18.46 15.42 14.09 11.83 11.75 12.03 11.32 11.38 11.41 11.39 11.36 11.56 12.00 13.66 14.23 14.68 14.96 15.26 15.10 14.40 11.30 10.74 10.24 9.81 9.74 9.91 9.88 9.69 9.57 9.44 9.31 9.49 9.94 10.32 10.51 10.65 10.67 10.41 10.15 10.16
13.89 14.74 13.76 17.78 14.08 14.21 12.90 15.89 18.71 19.05 14.79 14.45 14.05 13.91 17.02 16.88 13.34 16.81 13.43 13.61 18.76 21.81 21.79 19.37 19.37 18.93 19.69 18.51 17.40 22.04 23.63 19.68 20.19 23.21 23.46 12.51 22.13 22.81 23.30 23.63 23.19 23.29 17.54 14.13 12.15 11.33 11.17 11.11 11.33 11.62 11.69 11.55 11.38 11.28 11.33 13.27 12.89 10.65 10.57 10.28 9.93 9.83 9.79 9.68 9.52 9.37 9.18 9.08 9.28 9.67 9.95 10.01 9.96 9.84 9.74 9.76 9.67 9.38 9.33 9.84 10.46
13.97 9.94 13.09 13.56 10.06 12.56 11.78 17.44 14.54 14.07 13.55 13.62 13.72 13.68 16.39 13.20 13.02 12.82 12.10 20.97 20.54 21.22 21.20 17.99 17.11 18.47 17.06 15.03 17.22 21.68 22.50 19.94 19.20 22.30 21.22 21.25 20.94 21.90 20.68 20.59 20.50 21.09 19.93 16.49 12.81 12.07 10.82 10.77 10.71 11.02 11.36 11.51 11.39 11.16 10.79 10.07 9.35 9.07 8.99 9.07 9.50 10.16 10.65 10.90 10.99 10.75 10.19 9.98 10.24 10.57 10.78 10.66 10.14 9.48 9.06 8.93 8.95 9.27 10.03 10.58 10.57
9.90 9.74 13.00 9.13 9.30 10.11 12.19 14.02 10.43 9.95 9.88 12.69 10.82 10.75 12.31 12.20 11.86 14.40 18.79 19.92 19.81 20.17 19.61 12.29 16.28 17.81 15.40 15.06 19.69 22.49 21.39 17.56 16.68 20.50 19.32 18.16 21.62 21.91 19.74 20.33 20.26 20.26 22.77 18.27 15.06 12.64 11.71 11.35 11.44 10.88 10.89 11.16 11.28 11.08 10.47 9.70 9.33 9.42 9.65 9.92 10.24 10.44 10.55 10.67 10.77 10.92 11.18 11.35 11.30 11.04 10.60 10.09 9.74 9.59 9.68 9.99 10.37 10.84 11.05 10.18 10.28
10.09 10.03 9.65 9.41 9.78 10.69 14.23 10.48 9.94 9.73 11.66 12.34 10.03 9.69 12.60 10.19 9.84 11.47 11.63 13.55 19.56 19.77 11.04 11.43 16.10 15.63 11.86 15.68 21.55 20.80 18.14 17.07 17.28 20.50 22.14 17.46 21.62 21.55 21.81 20.94 22.04 21.61 21.86 19.62 17.97 13.32 10.77 13.27 12.81 11.61 11.68 11.09 10.83 10.39 9.96 9.72 9.83 10.12 10.42 10.60 10.53 10.33 10.20 10.17 10.15 10.28 10.55 10.62 10.40 10.01 9.61 9.48 9.80 10.35 10.92 11.33 8.32 9.39 10.46 10.54 10.58
10.07 10.07 10.00 10.21 10.70 13.41 10.48 9.94 9.73 12.26 11.63 9.73 10.94 9.16 9.46 10.26 10.72 12.29 11.82 11.38 19.57 13.18 11.75 12.96 17.09 11.75 12.00 17.60 20.88 18.86 15.74 17.42 19.35 20.96 21.38 19.04 19.63 20.64 19.49 20.76 20.81 21.60 21.95 19.35 19.83 22.62 19.57 14.21 14.62 13.11 12.66 12.12 11.04 10.59 10.37 10.19 10.07 10.04 10.15 10.27 10.33 10.43 10.58 10.66 10.69 10.58 9.32 9.69 9.31 9.15 9.36 9.91 10.53 11.08 7.84 10.66 14.42 14.15 10.89 10.50 10.75
9.95 9.99 10.12 10.44 13.17 10.12 9.58 9.37 12.03 10.72 9.42 9.17 9.20 9.79 10.86 10.90 10.50 13.73 11.58 11.39 17.35 17.44 16.94 17.91 12.14 11.59 14.59 17.76 17.33 15.44 16.32 19.06 20.32 20.90 20.92 19.59 20.31 19.08 20.11 20.09 19.95 18.98 18.75 21.60 18.62 18.89 18.63 21.67 21.51 13.61 12.65 14.23 11.08 11.99 11.69 11.44 11.20 11.09 10.93 10.74 10.62 10.63 10.69 8.76 9.79 10.52 10.15 9.76 9.60 9.83 10.37 10.90 8.14 8.54 14.12 13.67 10.95 12.61 14.87 15.49 14.51
9.65 9.63 9.71 9.90 9.73 9.40 9.19 9.21 9.22 9.12 9.16 9.78 10.79 10.23 10.98 11.43 18.70 13.36 13.00 13.66 13.68 19.73 18.82 12.35 11.70 11.69 11.74 15.22 14.85 16.14 18.68 20.20 19.70 20.64 20.35 19.99 18.17 18.56 19.82 19.71 18.68 18.58 18.47 20.95 20.53 20.75 20.58 20.49 20.66 12.69 11.16 11.47 11.93 12.08 12.04 12.13 10.28 10.31 10.29 9.67 9.22 8.86 8.58 8.48 10.01 9.87 10.00 10.32 10.70 10.97 8.19 9.26 14.12 13.50 10.60 12.43 14.09 15.25 13.78 14.08 16.78
9.36 9.28 9.19 9.17 9.07 9.01 8.85 8.60 8.52 8.91 9.98 9.73 10.30 11.04 11.57 18.33 13.52 13.23 11.24 13.89 13.70 19.54 20.02 16.62 12.13 11.80 14.38 14.38 14.74 16.90 19.64 19.36 17.36 20.69 19.67 19.40 19.30 18.36 19.37 19.40 19.29 18.16 19.04 18.98 20.21 20.25 20.07 16.73 16.53 11.93 10.73 10.85 10.91 20.32 10.98 11.18 13.44 11.29 18.20 15.45 9.60 9.01 9.08 8.88 8.11 7.84 10.70 8.56 8.32 8.72 11.27 12.51 11.44 9.35 11.47 14.32 15.58 15.88 15.54 13.51 16.41
9.13 9.03 8.79 8.58 8.41 8.25 8.13 8.29 9.10 8.81 9.85 10.34 10.30 9.65 13.37 18.55 13.27 11.01 13.41 18.73 19.72 19.57 19.27 18.67 12.35 12.04 14.15 13.94 15.19 16.98 18.78 16.99 17.21 21.24 19.12 18.91 19.00 18.69 18.86 18.89 18.84 17.13 16.76 18.35 17.37 16.98 17.02 19.99 19.76 11.65 10.34 10.31 10.14 19.23 10.21 10.30 17.05 10.15 17.35 19.06 10.35 10.52 11.78 10.08 8.10 8.74 8.16 17.55 19.04 14.07 12.78 12.95 12.42 12.05 13.47 14.63 15.77 13.15 15.32 15.19 16.01
9.16 9.12 8.89 8.59 8.27 8.11 8.50 9.71 9.29 10.04 10.21 10.30 8.77 8.20 19.21 13.80 13.01 12.88 13.38 18.24 13.11 13.25 18.75 18.07 15.35 15.15 13.69 13.78 16.18 17.12 17.42 18.92 18.96 19.12 18.73 18.63 17.77 18.55 18.47 17.56 18.37 16.63 18.82 17.84 17.90 16.48 16.25 12.18 12.20 19.21 10.92 9.66 9.70 9.83 9.86 9.82 9.79 12.34 9.76 16.86 9.75 12.31 9.96 15.85 16.93 16.71 16.85 17.30 9.66 17.51 14.05 12.02 16.72 16.73 12.37 14.73 12.25 12.44 13.39 13.31 14.36
9.15 9.16 9.00 8.86 8.93 9.39 10.29 9.12 9.51 11.40 13.24 13.56 15.72 19.02 13.74 13.25 12.67 12.82 12.82 17.52 9.96 12.53 18.10 18.27 15.35 11.82 10.74 12.98 14.94 15.58 16.81 19.67 19.69 18.58 18.15 17.20 18.01 17.89 17.82 17.96 17.96 17.68 18.04 15.43 16.17 15.78 16.09 16.03 11.96 12.16 11.37 9.55 9.54 9.44 16.10 9.29 9.32 9.29 9.21 17.75 9.24 9.26 9.25 16.51 15.19 16.10 16.16 16.20 16.27 18.28 16.13 15.66 16.10 16.27 11.86 13.07 10.04 7.36 7.41 8.73 9.70
8.79 8.71 8.65 9.04 7.18 7.94 8.60 8.20 9.85 11.46 13.38 15.18 18.28 17.32 12.96 12.28 9.73 13.02 9.92 13.14 9.92 9.99 10.01 9.86 16.58 11.24 10.41 10.31 13.58 15.15 18.57 18.67 18.44 18.16 16.77 16.59 19.17 17.43 16.47 18.73 17.34 17.11 14.91 17.56 11.15 11.29 11.57 11.37 11.21 16.15 11.50 10.89 8.88 17.47 8.91 9.01 9.00 8.97 8.97 8.98 15.65 8.81 17.62 17.87 17.91 16.22 12.00 17.36 15.64 15.72 15.30 11.14 15.08 15.91 16.15 13.01 6.73 8.06 10.47 12.27 12.50
8.77 8.88 9.25 7.91 7.78 7.88 7.04 8.92 10.74 12.38 15.24 17.50 18.38 16.74 12.80 9.79 9.64 13.09 9.63 18.14 12.57 12.64 9.96 9.77 16.98 11.02 10.10 10.15 14.61 18.04 18.81 17.79 17.48 17.28 17.29 17.20 18.60 16.18 17.05 17.08 16.94 16.82 13.85 9.63 10.06 14.04 17.28 17.12 16.73 15.42 17.65 10.26 10.60 8.44 15.55 8.65 8.71 8.77 8.86 11.73 8.75 14.16 14.54 8.53 17.34 17.01 16.82 8.76 8.91 15.11 14.29 14.63 15.40 15.58 15.86 16.09 9.31 9.38 9.27 9.19 9.05
9.02 9.34 9.88 9.27 9.13 10.52 12.20 12.77 15.48 15.53 18.52 12.92 12.70 9.81 13.04 9.64 9.53 17.19 12.49 12.80 12.14 17.52 9.45 16.85 17.24 9.14 9.12 9.77 16.57 17.13 18.65 16.89 16.64 18.34 18.39 16.35 18.11 16.65 16.58 17.69 16.54 18.01 9.51 8.66 8.84 9.25 9.61 16.31 10.36 15.61 16.59 7.93 8.13 8.22 8.15 17.06 8.24 8.44 8.46 17.67 14.51 13.89 11.17 16.59 11.53 11.30 11.37 8.47 8.55 15.79 13.58 12.61 10.47 10.63 14.53 15.68 15.80 15.34 8.31 8.22 11.15
8.79 8.96 9.37 9.99 11.84 16.88 17.14 16.66 16.09 15.75 18.25 17.78 18.39 9.49 12.90 9.38 9.33 9.30 17.10 9.27 12.94 17.13 17.56 17.52 16.45 8.95 9.07 9.79 17.26 16.30 17.32 16.69 16.19 16.41 17.94 17.44 17.47 16.30 16.20 17.21 16.79 15.77 16.30 9.19 9.23 9.51 9.74 9.89 9.56 9.59 9.81 7.91 7.97 8.00 7.94 7.76 16.67 7.83 8.03 10.35 13.15 8.00 7.87 14.28 14.83 14.35 14.32 8.10 8.17 8.32 15.29 13.99 13.91 10.54 13.50 14.40 15.11 8.47 8.73 8.66 8.81
8.43 8.62 9.18 9.90 12.05 17.16 17.02 15.74 15.36 15.91 17.42 17.40 17.48 12.56 12.41 9.27 9.22 9.18 16.83 9.07 8.97 16.89 12.45 16.30 10.87 8.86 8.83 12.62 16.52 17.16 15.79 18.28 16.12 16.42 17.98 15.89 17.59 16.10 16.07 15.62 16.24 17.02 15.93 9.77 9.24 9.59 15.66 15.50 9.34 9.00 7.64 7.67 7.69 16.05 7.67 7.65 7.56 7.53 7.68 7.95 10.82 8.11 7.97 7.89 7.84 13.07 13.48 14.12 7.83 7.91 15.75 15.01 14.63 14.74 14.77 14.98 15.03 8.67 12.16 10.74 9.12
8.40 8.77 9.40 9.45 11.79 16.81 16.13 12.69 14.88 16.24 16.27 16.78 9.30 17.38 9.21 9.20 9.06 9.00 16.34 8.93 15.83 16.16 8.75 11.45 8.78 8.87 9.39 16.51 17.76 16.12 15.79 16.50 8.52 8.39 17.40 17.16 15.44 15.77 15.76 16.05 16.99 14.39 14.27 15.43 8.77 8.61 9.54 14.81 9.58 9.42 8.88 7.43 9.81 15.72 15.63 7.49 7.51 7.39 7.35 7.53 7.82 15.55 8.10 8.07 7.95 7.88 7.86 11.13 13.74 7.70 7.76 16.36 14.21 14.36 14.59 14.46 14.76 14.87 15.05 14.48 8.94
