examples/cougarCreek-fire/createInputs/WindNinja/wrfout_d3.2015081000.f19/cougarCreekFire_08-10-2015_1900_217m_non_neutral_stability_vel.asc
ncols	146
nrows	140
xllcorner	610065.000000
yllcorner	5095217.000000
cellsize	216.586807
NODATA_value	-9999.000000
[rows 72 to 107 of 140, columns 0 to 80 of 146]
8.62 9.06 9.48 9.31 12.24 16.74 15.69 12.36 15.19 16.05 15.78 16.11 15.29 11.19 11.11 9.10 8.89 8.86 12.46 8.74 8.72 8.70 8.69 11.23 8.65 8.88 10.41 16.14 16.88 15.19 16.09 16.02 15.32 17.39 15.94 16.12 15.49 10.82 16.88 14.91 15.38 15.18 10.32 15.49 12.35 8.54 9.33 15.07 9.37 7.21 8.59 7.21 14.86 15.99 7.31 7.37 7.36 7.31 7.21 7.21 7.40 7.63 16.81 9.91 8.97 8.04 10.22 8.02 7.93 8.75 7.82 14.27 14.01 12.52 13.09 14.30 13.37 14.78 13.64 15.12 14.64
8.75 9.07 9.26 9.09 12.83 15.70 15.35 12.81 16.27 16.40 15.66 15.77 15.12 9.29 12.06 8.83 8.69 8.64 8.61 8.57 8.54 8.54 8.54 14.54 8.48 8.81 15.47 16.14 13.85 10.48 17.16 15.40 14.89 15.10 13.23 15.96 10.70 14.50 16.46 14.33 16.51 14.76 10.14 15.35 14.61 8.52 14.32 9.60 9.57 6.91 9.11 6.89 14.52 6.98 15.43 7.14 7.16 7.16 7.12 7.08 7.14 7.29 10.50 16.08 14.91 14.20 10.48 13.49 12.73 12.70 12.86 13.14 13.80 13.71 13.96 14.11 13.43 13.36 13.65 13.85 14.68
8.65 8.77 8.84 8.82 12.90 15.16 14.96 15.26 16.30 16.15 15.63 15.50 8.82 16.39 8.53 8.47 8.45 8.43 8.47 8.45 8.41 8.43 8.45 10.71 8.47 9.49 15.91 13.48 10.40 16.51 16.19 15.02 15.13 10.58 13.27 16.79 10.65 14.47 16.47 14.62 15.94 14.47 14.33 15.89 9.84 8.90 8.76 8.98 9.48 9.60 6.65 14.33 14.28 6.84 6.92 14.80 7.06 7.09 7.09 7.04 7.00 7.06 7.17 16.19 14.76 13.56 14.94 15.14 13.96 14.68 16.36 15.23 14.62 8.00 13.91 12.70 13.28 13.30 13.57 13.95 13.77
8.44 8.50 8.61 11.89 13.42 13.29 12.79 15.06 15.92 15.29 12.23 14.06 15.67 16.33 8.27 8.28 8.31 8.37 8.38 16.06 8.29 8.33 8.29 8.31 9.29 10.79 15.28 10.40 15.86 15.22 17.13 14.88 15.63 9.72 14.76 14.88 10.50 14.35 16.32 15.21 15.85 14.12 14.08 9.93 9.58 13.92 6.74 13.32 6.53 10.29 6.45 6.51 14.75 6.68 6.72 13.57 14.88 6.84 6.89 6.90 6.88 6.90 7.00 10.35 15.19 9.74 13.10 10.11 9.88 15.25 7.51 7.65 15.80 12.71 7.82 12.78 12.88 13.42 13.41 13.61 13.73
8.31 8.37 8.48 12.75 13.35 13.09 12.08 12.79 15.33 11.21 8.52 8.62 8.52 16.35 8.31 8.23 8.22 8.27 14.17 8.18 8.20 8.19 8.18 8.25 10.91 14.90 14.34 14.96 15.13 15.87 16.71 15.00 15.10 13.93 16.77 10.41 10.35 14.33 10.98 14.90 14.16 13.87 13.60 13.57 9.48 9.51 14.79 6.54 6.49 10.24 6.37 6.46 6.57 6.61 6.60 10.70 14.53 6.70 6.73 6.77 6.77 6.77 6.85 6.97 14.41 14.07 14.28 14.16 9.77 12.97 15.45 12.81 11.94 14.55 13.26 16.01 12.71 13.34 13.59 13.06 14.33
8.19 8.25 8.31 13.11 13.00 11.61 11.16 13.02 12.33 9.99 8.75 9.72 8.75 8.56 8.37 8.17 8.11 8.12 8.09 8.07 8.07 8.06 8.13 11.29 12.81 14.27 14.39 15.10 15.75 15.04 14.75 16.78 13.84 15.45 14.62 10.26 7.33 14.13 10.84 15.39 9.99 10.75 10.75 10.69 9.46 9.36 13.40 6.62 6.48 10.22 6.31 6.40 6.48 6.52 6.52 10.61 14.27 6.71 6.71 6.64 14.27 6.69 6.74 6.79 11.35 14.81 14.83 14.73 13.35 10.78 13.69 14.10 15.39 15.27 7.54 7.75 7.88 15.01 13.47 13.35 13.41
8.05 8.10 8.15 13.34 12.42 8.24 11.66 14.94 11.96 10.89 11.33 15.76 8.43 8.35 8.20 8.00 7.94 7.97 7.96 7.93 7.93 8.01 8.11 12.16 15.15 14.76 14.69 15.09 15.42 14.41 14.67 16.86 16.21 16.64 11.52 7.27 7.19 11.32 14.44 14.26 10.80 10.71 10.78 10.74 10.55 10.40 10.54 12.80 6.39 10.09 10.15 6.32 6.39 6.45 6.44 6.43 13.89 14.23 14.16 6.58 6.62 6.65 6.71 6.78 6.79 14.62 14.11 14.10 11.74 6.94 7.03 7.04 14.52 14.91 7.52 7.66 15.83 13.40 13.24 12.96 14.01
7.93 7.97 8.03 12.93 12.69 8.09 11.84 12.98 12.11 11.70 11.95 15.04 15.24 8.01 7.92 7.77 7.81 7.89 7.86 7.84 7.91 7.99 14.92 7.88 7.78 14.64 14.45 14.33 15.10 14.46 13.77 16.30 16.29 16.27 11.43 7.16 7.06 11.29 13.66 14.60 10.80 10.65 10.68 10.66 10.56 10.48 10.48 10.41 14.33 6.23 10.11 6.29 6.35 6.37 6.38 10.27 6.48 13.60 14.79 6.60 6.62 6.54 6.52 6.58 6.71 11.31 11.29 11.22 11.27 7.04 7.12 7.16 7.22 11.70 13.23 13.02 7.67 7.93 13.09 13.56 13.50
7.78 7.83 7.92 13.42 12.47 7.95 8.00 12.27 12.18 11.99 12.51 14.39 11.37 7.89 7.75 7.70 7.83 7.85 7.81 7.89 8.01 8.00 12.09 7.72 14.87 14.78 14.10 7.49 14.95 11.99 14.95 16.34 16.28 14.78 11.54 7.24 7.14 11.39 10.46 15.66 10.75 10.75 10.51 10.61 10.58 10.50 10.41 9.57 10.31 6.35 6.29 6.31 6.33 6.36 6.48 6.59 6.60 12.57 10.73 6.73 6.71 6.61 6.49 13.23 6.58 6.78 13.79 10.90 11.49 9.89 10.21 10.51 7.21 7.24 11.33 13.12 7.66 7.88 13.39 12.32 12.50
7.65 7.71 7.79 12.91 7.81 7.90 7.95 11.33 12.66 12.98 12.95 11.25 11.49 7.79 7.66 7.71 7.78 7.78 7.86 7.96 7.95 15.17 7.74 7.62 12.78 12.26 7.43 7.44 12.01 16.04 11.66 14.56 14.71 15.84 11.50 11.02 11.19 15.22 14.37 6.81 6.72 6.68 10.71 10.30 10.12 10.47 10.43 6.45 9.29 6.48 6.37 6.33 6.37 6.48 6.61 10.63 12.24 6.72 10.52 10.95 6.82 6.77 6.67 6.58 11.34 6.63 11.34 12.91 12.71 10.01 12.05 13.49 10.81 7.25 7.36 7.48 7.63 7.79 13.12 12.69 12.04
7.51 7.57 7.64 13.30 7.72 7.80 7.82 11.14 13.18 14.78 12.97 7.75 11.60 7.65 7.56 7.63 7.68 7.74 7.82 7.81 14.03 15.61 7.53 7.48 12.27 14.65 7.37 7.38 15.61 15.28 11.73 14.20 14.55 15.75 11.41 10.94 11.24 10.97 11.23 6.80 6.72 6.66 10.74 10.40 9.88 10.32 10.40 6.43 13.55 10.16 6.46 6.42 6.45 6.53 10.43 10.49 10.72 13.41 10.73 10.57 14.51 6.80 6.78 6.68 6.60 6.57 6.64 14.20 12.98 14.00 10.38 10.76 12.55 10.24 7.39 10.27 12.37 7.65 7.71 12.84 12.13
7.37 7.44 7.51 7.53 7.62 7.66 7.68 10.93 12.82 14.75 11.55 7.73 14.13 7.53 13.10 7.52 7.64 7.72 7.67 13.80 14.93 11.75 7.46 7.37 12.54 7.42 7.44 7.40 15.37 11.78 14.14 14.04 11.77 11.64 11.57 11.31 14.24 6.99 11.08 6.72 6.62 10.55 6.56 10.47 6.59 6.50 6.40 12.61 10.11 10.24 9.87 6.48 6.53 10.47 14.05 10.23 6.49 10.68 10.70 10.46 10.82 14.62 12.24 6.87 6.79 6.62 6.55 11.55 13.38 13.56 12.66 12.54 12.37 12.57 11.39 10.91 11.68 15.00 15.13 13.66 14.75
7.26 7.32 7.40 7.45 7.53 7.56 7.59 10.94 12.97 12.49 7.58 7.73 15.28 7.47 7.48 7.58 9.14 7.64 7.61 14.32 12.41 7.40 7.37 7.34 7.33 11.99 7.35 10.93 11.92 11.75 15.23 15.52 7.12 6.99 15.36 7.02 13.89 7.01 11.13 6.75 6.69 6.68 6.67 6.63 6.57 6.53 6.47 6.39 10.08 6.30 9.82 6.44 10.49 10.04 9.98 6.38 6.39 6.51 10.65 6.59 10.75 10.91 11.06 11.35 11.98 12.03 11.15 11.13 14.42 13.00 13.06 9.78 13.52 12.23 12.49 13.59 14.13 14.24 13.73 7.44 7.62
7.15 7.21 7.30 7.38 7.45 7.48 7.49 11.33 12.44 10.54 7.57 10.00 13.57 12.69 7.54 7.59 7.54 11.74 13.91 15.16 11.83 7.28 7.21 7.17 7.16 11.79 11.68 12.02 11.72 7.23 15.08 14.86 6.89 6.88 14.80 13.53 13.69 11.36 7.03 7.03 6.96 6.83 6.72 6.66 6.61 6.56 6.50 6.41 6.38 6.41 6.44 6.40 6.36 6.40 6.43 6.41 6.35 6.38 6.46 6.49 6.48 10.64 6.55 10.79 13.60 13.24 14.00 6.51 11.19 14.07 13.76 9.34 9.85 14.11 14.36 14.17 14.06 14.03 7.28 7.32 7.47
7.04 7.09 7.19 7.30 7.36 7.37 7.38 7.36 11.47 7.37 7.48 14.54 7.39 12.78 7.45 7.43 11.99 12.67 14.95 12.58 7.20 7.15 7.06 14.52 7.06 11.51 7.08 12.14 11.37 14.91 14.86 10.37 15.21 6.92 14.86 12.18 14.75 14.77 7.01 7.14 10.94 6.85 6.68 6.60 6.59 6.54 6.46 6.40 6.40 6.45 6.49 6.44 6.39 6.42 6.46 6.47 6.44 6.40 6.41 6.42 6.40 6.41 6.41 6.43 13.71 13.43 13.98 11.22 11.32 11.49 11.69 12.61 12.31 12.72 13.92 6.83 14.05 7.13 7.37 7.49 7.56
6.92 6.98 7.13 7.25 7.28 7.32 7.35 7.34 7.33 7.37 7.43 13.16 7.34 13.12 12.17 11.75 11.79 12.92 14.69 11.98 7.08 6.99 6.97 7.00 13.07 11.88 6.97 12.22 6.90 14.80 7.12 10.85 7.13 7.04 6.98 6.93 6.86 6.79 14.15 14.65 6.81 6.79 6.67 6.55 6.54 6.55 6.53 6.48 6.41 6.36 6.38 6.42 6.42 6.40 6.45 6.49 6.48 6.44 6.39 6.39 6.39 6.38 6.38 6.42 10.75 13.64 14.03 11.08 11.19 6.54 6.64 13.96 12.83 11.66 12.48 11.88 12.14 13.34 14.00 13.41 7.63
6.80 6.90 7.08 7.17 7.19 7.24 11.47 7.26 7.29 7.33 7.36 13.03 7.21 12.82 12.36 11.40 11.74 15.04 14.50 7.01 6.92 6.85 6.86 6.88 12.41 6.90 6.94 6.97 7.01 7.09 11.90 13.79 15.25 7.01 6.91 14.54 6.77 6.68 14.38 6.45 6.48 6.56 6.57 6.52 6.51 6.53 6.52 6.47 6.40 6.36 6.36 6.40 12.45 6.38 6.36 6.40 6.43 6.41 6.38 6.38 6.42 6.43 6.41 6.39 13.54 12.89 10.78 13.64 13.66 13.80 6.43 14.03 13.59 12.72 6.86 6.96 7.04 7.09 7.15 12.25 7.54
6.69 6.80 6.95 6.99 7.04 7.08 11.46 7.12 7.16 7.18 7.19 14.14 7.09 7.04 12.19 10.93 11.83 12.56 12.54 6.81 6.74 6.74 6.75 12.93 6.81 6.88 6.97 7.04 7.09 7.13 7.18 12.45 15.12 6.98 6.92 6.83 6.76 6.68 14.36 6.48 6.47 6.52 6.57 6.56 6.54 6.51 6.45 6.39 6.37 6.39 6.42 6.44 12.47 12.60 6.39 6.41 6.45 6.45 6.44 6.44 6.45 6.46 6.45 13.50 10.39 12.79 12.96 13.35 13.04 13.06 13.40 13.76 13.94 13.97 12.22 11.74 12.10 7.19 7.29 7.36 7.43
6.58 6.69 6.82 6.87 6.93 6.96 6.99 7.01 7.01 7.01 7.06 12.49 7.02 6.92 12.40 10.53 11.82 14.42 14.39 6.64 6.65 6.66 6.71 6.77 6.80 6.84 6.90 6.96 12.46 12.87 12.77 14.68 14.89 7.07 7.05 6.96 6.86 6.81 6.73 6.64 6.61 6.63 6.65 6.62 6.58 6.54 6.50 6.45 6.42 6.41 6.44 6.49 6.56 12.51 6.48 6.47 6.50 6.50 6.49 6.47 6.44 13.28 6.39 13.56 13.47 13.12 12.42 12.71 12.26 12.02 12.30 12.94 6.44 6.59 13.63 13.43 12.60 13.43 12.45 7.40 7.53
6.46 6.58 6.73 6.78 6.85 6.89 6.90 6.90 6.90 6.91 9.93 13.10 6.74 14.29 12.70 11.20 12.65 6.63 6.58 6.54 6.53 6.54 12.82 6.69 6.76 6.81 11.75 12.71 12.62 12.68 14.57 14.85 14.94 6.94 6.93 6.87 6.80 6.75 6.69 6.67 6.66 6.63 6.61 6.54 13.94 6.54 6.59 6.58 6.54 6.50 6.51 6.54 6.61 11.94 6.57 6.50 6.53 6.54 6.52 6.49 6.46 13.13 13.20 12.77 13.37 6.38 13.04 12.43 10.71 11.22 6.38 11.85 6.47 6.57 6.71 12.14 13.29 7.00 13.70 12.77 13.03
6.34 6.48 6.64 6.70 6.75 6.75 6.72 6.74 6.74 6.75 10.52 12.81 12.50 12.63 12.46 11.97 12.42 13.95 6.47 6.45 6.43 6.47 11.51 6.62 6.69 6.74 13.36 12.03 12.13 12.68 14.41 6.96 6.89 6.80 6.74 6.70 14.12 6.62 11.88 10.85 6.58 6.61 10.56 6.62 6.59 6.61 6.64 6.63 6.61 6.58 6.58 6.59 6.62 10.96 11.04 6.54 6.52 6.53 6.51 6.48 6.49 6.49 12.77 12.19 13.04 6.35 6.38 12.94 11.85 11.50 6.38 11.96 6.50 6.59 12.99 12.97 12.94 13.03 13.03 12.09 11.92
6.26 6.43 6.61 6.68 6.66 6.65 6.61 6.62 6.59 6.60 6.58 12.09 6.45 12.41 6.51 12.33 11.72 12.46 6.43 6.43 6.44 6.48 11.53 6.57 6.60 11.07 12.03 11.92 12.09 14.37 13.51 6.89 6.81 6.75 6.73 12.04 6.65 6.63 6.61 6.53 6.52 6.59 6.70 6.78 6.76 6.67 6.65 6.64 6.65 6.63 6.62 6.60 6.60 11.32 10.99 12.11 6.47 12.25 6.46 6.46 6.48 6.49 12.10 11.27 11.94 6.28 6.28 12.90 12.22 11.59 10.57 12.38 6.52 6.59 13.26 13.03 12.83 6.99 11.57 10.60 7.40
6.22 6.41 6.56 12.66 6.60 6.61 6.55 6.55 6.53 6.53 6.51 6.46 11.78 6.47 6.46 6.43 11.99 12.15 6.37 6.37 6.40 6.44 6.44 11.22 6.46 10.70 11.73 13.99 14.26 13.52 14.10 12.91 14.21 13.16 11.85 6.76 6.76 6.77 6.82 6.82 6.76 6.67 6.66 6.71 6.73 6.68 6.65 6.63 6.63 6.62 6.62 6.62 6.62 6.65 10.39 10.93 11.16 10.57 11.94 6.42 6.44 6.47 12.15 9.59 6.39 10.78 12.39 6.19 11.79 11.43 10.86 12.19 6.46 6.54 12.84 13.59 13.73 13.28 11.49 11.78 12.42
6.22 6.39 6.54 6.44 6.58 6.57 6.50 6.50 6.52 6.52 6.48 6.44 6.41 12.66 6.34 12.61 12.05 11.59 13.27 6.27 6.28 6.30 6.32 6.31 6.36 6.48 13.09 13.34 6.57 6.62 6.66 14.18 13.19 11.37 6.70 6.72 6.76 6.80 6.85 11.59 6.90 6.79 6.68 6.67 6.72 6.73 6.69 6.64 6.61 6.61 6.60 6.61 6.60 6.60 8.83 7.06 8.33 9.53 10.09 11.63 6.42 6.45 11.19 8.89 6.48 7.39 9.07 11.01 11.01 11.11 10.26 11.28 12.90 13.08 13.24 6.71 6.86 6.99 11.91 11.76 12.10
6.18 6.27 6.45 6.51 6.56 6.37 6.45 6.47 6.49 6.47 6.41 6.38 6.35 12.27 12.66 12.63 11.66 10.96 13.20 6.19 6.16 11.16 6.18 6.28 6.39 11.07 13.49 13.30 13.25 11.12 6.75 13.02 6.76 6.74 6.74 6.75 6.75 6.72 10.48 6.63 6.66 6.70 6.71 6.71 6.73 6.77 6.77 6.74 6.70 6.68 6.67 6.64 6.61 6.60 6.63 6.63 6.58 6.57 6.56 6.51 10.82 11.64 10.84 11.19 10.48 8.48 6.37 8.94 9.85 9.79 9.99 11.27 11.48 11.77 12.73 13.30 6.86 6.99 13.99 7.26 10.39
6.25 6.24 6.26 6.46 6.27 6.37 6.39 6.45 6.40 6.38 6.35 6.32 6.30 11.84 6.24 6.23 11.64 11.76 13.18 6.12 6.14 6.19 6.26 6.36 6.42 13.14 13.28 13.09 6.57 6.66 6.74 6.79 6.79 6.77 6.78 6.79 6.77 6.75 6.70 6.64 6.59 6.58 6.62 6.68 6.73 6.76 6.80 6.81 6.78 6.76 6.77 6.76 6.74 6.71 6.69 6.67 6.63 6.60 6.57 6.55 6.50 10.46 11.09 11.16 10.32 6.44 6.41 6.38 6.33 6.32 6.37 6.43 6.50 10.77 11.93 12.54 6.83 6.82 7.09 13.50 7.43
6.40 6.35 6.49 6.43 6.43 6.28 6.39 6.41 6.31 6.35 6.30 6.28 6.28 12.10 6.21 6.22 11.74 12.42 12.97 6.13 6.18 6.30 6.40 6.41 6.35 13.40 13.21 6.46 6.56 6.64 6.71 12.14 6.72 6.71 11.98 11.45 11.87 11.08 11.81 12.22 6.68 6.59 6.60 6.68 6.75 6.79 6.80 6.82 6.80 6.78 6.78 6.81 6.83 6.82 6.80 6.77 6.73 6.67 6.62 6.58 6.57 6.59 6.57 6.56 8.09 6.55 6.49 6.44 6.41 6.41 6.46 6.51 6.52 11.05 11.51 12.09 13.16 6.78 6.95 13.85 7.50
6.23 6.09 6.47 6.40 6.18 6.33 6.50 6.36 6.33 6.34 6.24 6.24 6.28 6.25 6.23 6.19 6.19 6.13 6.13 6.12 6.19 6.25 6.28 6.24 12.88 12.92 6.34 6.42 13.10 12.95 6.61 6.64 6.63 11.71 11.28 11.32 11.37 12.56 12.27 10.47 6.51 6.56 6.61 6.64 6.68 6.75 6.79 6.83 6.86 6.84 6.79 6.80 6.84 6.85 6.85 6.82 6.78 6.74 6.70 6.66 6.63 6.63 6.62 6.61 6.60 6.58 6.54 6.48 6.42 6.42 8.54 9.91 10.21 6.55 10.78 11.41 12.50 6.76 6.91 7.30 13.56
5.91 6.08 6.38 5.95 6.19 6.40 6.41 6.28 6.42 6.30 6.13 6.25 6.26 12.45 6.18 6.16 6.12 6.13 6.13 6.13 6.14 11.54 6.03 12.72 6.08 6.20 6.29 6.34 13.47 12.75 11.55 6.58 6.62 6.64 12.96 13.02 11.93 6.64 6.64 6.65 6.68 6.67 6.70 6.72 6.74 6.77 6.82 6.87 6.93 6.97 6.94 6.86 6.85 6.87 6.90 6.89 6.87 6.81 6.75 6.72 6.69 6.66 6.66 6.66 6.66 6.63 6.56 6.51 6.43 7.80 9.26 10.03 9.97 10.14 9.40 6.69 6.88 12.26 6.87 7.01 13.61
6.00 6.04 5.92 5.92 6.15 6.41 6.25 6.27 6.19 6.22 6.09 6.23 6.20 6.13 6.08 6.10 6.05 6.04 6.05 6.01 6.00 5.93 5.79 10.78 6.02 6.12 12.30 13.27 13.35 6.41 6.51 11.55 12.41 13.01 13.24 13.33 6.64 6.79 7.00 7.19 7.18 6.99 6.82 6.78 6.82 6.86 6.87 6.91 6.95 6.98 6.98 6.90 6.86 6.90 6.94 4.64 5.04 4.59 6.81 6.78 6.75 6.72 6.70 6.69 6.50 7.60 6.75 6.55 6.48 6.43 7.87 8.04 8.40 8.18 6.64 6.70 9.06 11.14 12.56 13.31 12.93
5.96 5.94 6.00 6.04 6.18 6.16 6.30 6.33 6.44 6.09 6.02 6.15 6.07 6.09 5.84 6.04 6.08 5.97 12.40 5.95 11.87 5.82 5.69 5.87 5.99 6.04 12.01 12.92 12.60 6.42 6.52 6.51 12.77 13.02 13.09 12.90 10.87 10.95 11.87 13.88 7.01 7.00 6.86 13.03 13.54 6.76 14.04 11.28 6.89 6.98 7.08 7.03 6.91 6.86 6.87 7.68 8.67 7.32 4.97 6.82 6.80 6.76 6.71 6.67 6.68 6.69 6.66 6.62 6.57 6.54 6.55 6.55 6.53 6.57 8.63 6.76 6.85 6.97 11.56 12.71 7.45
6.20 6.09 6.09 6.12 6.05 6.18 6.19 6.09 6.14 5.95 5.95 5.99 5.90 5.87 5.80 5.94 6.00 5.96 5.99 5.74 5.66 5.70 5.79 5.90 5.99 6.01 12.12 12.69 12.10 6.37 12.34 12.82 12.75 12.72 11.87 13.15 12.72 12.91 13.56 13.36 12.30 6.63 6.75 6.75 11.50 12.00 11.45 6.76 10.60 10.63 7.11 7.17 7.04 6.88 3.87 5.10 5.53 4.91 6.88 6.87 6.84 6.82 6.79 6.77 6.75 6.74 6.70 6.68 6.66 6.64 6.66 6.69 6.67 6.61 8.41 6.74 10.99 11.40 12.08 12.96 12.83
5.77 6.00 5.95 6.00 6.01 6.11 6.37 5.98 5.88 5.94 5.90 5.89 6.05 6.09 5.74 6.05 5.96 5.99 5.68 11.63 5.68 5.75 5.80 5.89 11.96 5.96 12.00 12.63 11.96 12.30 13.09 13.05 12.70 12.84 12.99 13.46 13.27 12.75 12.73 12.80 13.02 14.11 13.25 11.18 10.22 6.80 6.82 6.83 10.42 11.52 14.66 10.84 7.11 7.00 6.90 3.61 3.99 6.87 6.89 6.90 4.15 4.37 6.87 6.88 6.87 6.82 6.75 6.71 7.48 7.15 7.49 7.66 6.71 7.89 7.99 6.69 6.86 11.36 11.80 12.62 12.55
5.62 5.71 5.87 5.96 5.97 5.96 6.06 5.97 5.83 5.89 5.90 5.96 6.17 5.85 5.84 6.00 5.91 5.93 5.56 11.76 5.78 5.69 5.77 5.89 11.73 5.92 6.01 12.55 12.02 12.35 13.02 12.41 12.64 12.96 12.93 13.45 13.04 6.33 6.36 10.37 11.50 13.20 12.62 10.83 6.80 9.84 6.90 6.92 9.92 9.69 6.99 7.08 7.19 7.15 6.94 3.48 6.80 6.85 6.89 6.92 3.72 4.09 4.21 5.05 6.59 6.41 6.82 7.18 8.62 8.49 8.65 8.27 8.21 6.73 6.72 6.71 6.76 6.89 7.01 7.11 11.69
5.55 5.68 5.96 6.06 6.05 6.09 6.15 5.97 5.82 5.90 5.95 6.15 6.13 5.79 6.03 5.90 5.60 5.89 5.52 5.50 5.48 5.53 5.69 11.92 5.88 5.86 11.94 12.62 12.03 12.15 12.59 12.63 12.81 12.84 13.13 13.34 11.90 6.40 6.42 12.50 6.55 12.66 12.66 6.72 11.23 11.10 10.86 10.04 6.97 9.44 7.14 7.23 7.36 7.46 7.31 3.06 6.80 6.86 6.92 6.96 3.98 5.00 6.74 6.97 7.09 6.97 7.15 8.16 7.84 8.40 9.28 9.83 9.93 8.99 6.75 6.72 7.76 7.88 6.89 7.12 7.35
5.61 5.71 5.98 5.89 6.15 6.18 6.14 6.01 5.86 5.88 5.90 6.09 5.88 5.82 5.99 5.87 5.55 5.84 5.45 5.43 5.41 5.42 5.57 11.21 11.00 5.81 12.08 12.28 11.36 11.77 11.70 13.08 13.10 12.81 12.94 12.33 6.36 6.44 6.47 13.47 12.42 13.03 11.60 11.31 11.48 11.49 6.87 6.92 11.59 13.29 13.62 12.86 10.15 8.47 3.74 3.83 2.96 6.91 6.94 3.16 5.13 6.43 5.96 4.67 6.93 4.93 6.45 6.74 6.43 6.85 7.48 8.39 9.55 9.75 8.73 6.79 6.83 6.92 7.13 11.57 11.47
