examples/cougarCreek-fire/createInputs/WindNinja/wrfout_d3.2015081012.f20/cougarCreekFire_08-11-2015_0800_217m_non_neutral_stability_ang.asc
ncols	146
nrows	140
xllcorner	610065.000000
yllcorner	5095217.000000
cellsize	216.586807
NODATA_value	-9999.000000
[rows 92 to 137 of 140, columns 0 to 95 of 146]
357 9 346 346 352 345 357 352 353 287 290 348 28 10 56 20 85 21 87 85 82 27 47 76 94 101 56 61 74 74 51 38 18 6 352 4 26 0 82 190 111 355 180 180 191 226 159 149 204 204 207 203 272 201 204 276 247 244 270 245 276 298 254 257 297 213 214 308 280 274 273 299 194 199 316 298 307 302 295 273 273 287 322 328 319 318 311 301 109 110 110 108 105 103 100 98
1 325 324 320 344 337 1 280 355 266 12 350 138 17 16 17 30 41 89 85 80 28 50 63 103 103 58 63 65 68 58 52 22 25 30 70 206 212 202 184 180 190 191 184 191 131 129 204 200 200 203 289 275 201 204 205 242 265 258 247 263 262 256 256 265 298 299 275 294 266 264 309 200 204 311 313 306 273 136 138 138 141 137 297 331 343 330 110 107 109 290 114 115 111 108 104
329 327 329 331 349 342 5 289 283 276 262 5 7 11 14 15 25 30 95 88 85 36 44 60 110 103 62 57 52 50 53 39 38 50 122 193 212 214 199 174 177 192 195 189 191 199 202 201 197 196 197 259 265 203 205 205 247 206 249 258 250 288 276 204 208 256 289 288 294 270 265 301 206 313 319 349 142 327 285 127 134 137 127 120 119 290 290 338 110 109 312 108 111 122 116 110
6 324 343 337 351 345 318 26 287 18 8 7 11 1 12 9 14 30 100 92 95 22 46 117 111 102 56 53 94 58 101 44 50 58 91 163 194 195 179 165 179 192 193 193 196 200 199 195 193 193 195 196 200 205 205 204 206 207 209 209 280 253 256 210 208 203 202 264 272 274 267 277 305 306 325 348 160 136 120 274 134 140 285 292 286 113 303 326 326 113 106 345 107 107 110 118
326 325 351 347 351 355 328 26 18 17 352 0 10 360 4 3 17 32 94 86 87 50 97 102 101 98 45 45 46 69 66 56 64 72 81 123 170 165 157 162 180 192 194 197 202 201 193 190 192 192 194 197 200 202 204 206 207 208 209 209 253 245 212 211 250 206 206 208 209 267 268 278 269 286 311 333 175 153 127 281 116 124 127 121 314 340 336 342 101 106 303 345 337 99 102 110
332 333 349 354 349 15 25 325 21 21 296 13 12 1 64 356 13 13 94 5 70 61 62 83 96 41 93 45 63 76 61 71 65 66 74 96 137 143 136 144 169 188 195 202 205 200 191 188 191 191 191 195 197 200 204 206 207 209 211 211 212 213 213 212 210 210 209 209 209 207 209 211 209 275 276 319 351 169 148 331 108 106 103 103 283 100 101 103 343 98 97 96 95 93 94 100
328 338 349 359 358 349 21 337 328 307 15 27 1 350 354 352 3 360 3 33 54 44 46 63 43 31 38 77 54 54 61 77 72 74 82 96 115 128 116 116 143 180 198 208 207 197 191 189 189 189 189 190 195 201 205 207 208 210 212 213 214 215 215 214 214 213 212 213 213 240 214 214 207 277 281 298 330 181 166 356 309 300 108 303 107 310 359 113 105 6 5 94 99 97 95 96
322 351 353 359 29 348 360 339 331 16 23 306 357 335 348 335 351 350 1 18 25 53 53 67 81 34 47 47 39 49 61 60 81 78 76 80 92 106 115 116 129 169 205 213 208 196 191 193 190 185 184 186 195 203 206 208 210 213 215 216 216 217 217 218 218 217 216 216 216 215 215 211 270 266 270 279 305 336 185 158 328 125 308 322 330 310 322 123 123 109 351 102 100 100 104 332
336 8 345 9 2 11 1 25 4 321 308 302 346 329 338 7 358 344 359 338 19 50 73 31 48 48 46 35 28 48 83 78 73 70 65 61 64 71 79 88 94 119 243 233 221 202 194 196 186 170 175 186 196 205 209 210 214 216 217 218 219 220 221 229 222 221 219 218 218 217 214 210 205 202 197 264 279 292 198 168 345 320 293 287 310 300 128 304 122 3 332 110 110 108 111 2
349 349 342 32 355 8 22 351 342 10 286 7 338 350 340 338 356 340 354 8 177 96 85 77 65 59 39 27 24 52 65 64 65 66 62 52 42 31 19 28 36 25 6 303 236 201 193 191 174 154 161 183 198 206 210 212 214 217 219 220 222 224 224 224 225 224 222 222 223 220 217 213 256 254 247 245 260 275 303 337 313 296 278 257 245 114 228 246 111 288 115 313 352 110 112 105
353 1 4 340 348 16 350 14 349 26 286 5 4 354 352 359 326 330 346 346 187 47 73 59 45 53 41 28 38 44 46 58 63 64 59 45 21 3 4 28 41 39 41 64 169 172 178 179 166 149 146 171 197 205 208 211 213 216 220 223 226 227 227 228 229 229 244 243 246 246 245 244 242 247 257 265 270 269 282 308 282 275 276 276 291 31 299 297 275 204 187 204 105 107 192 7
353 1 9 1 32 340 359 7 14 4 337 26 281 338 12 6 308 333 358 344 42 342 90 63 40 45 38 28 40 42 42 41 62 58 53 45 30 26 64 90 85 74 73 90 132 154 168 173 167 152 135 152 187 198 205 209 213 218 223 227 231 232 237 236 238 244 244 244 252 255 254 250 243 247 260 271 278 286 295 323 311 297 281 280 321 110 115 339 352 104 342 277 252 249 68 15
354 2 15 17 348 27 338 347 30 356 349 329 360 346 306 341 334 333 351 359 6 81 75 351 23 43 35 21 38 39 26 34 56 51 49 52 62 92 119 118 108 95 83 83 104 134 161 170 166 156 146 148 166 187 203 212 218 224 229 234 236 239 243 247 247 246 245 251 250 248 263 263 263 260 258 261 275 284 292 315 303 296 296 280 299 342 342 123 328 120 113 355 106 34 337 325
7 11 21 21 14 333 14 339 354 32 341 339 327 15 317 320 337 331 348 354 35 335 340 19 20 24 34 26 33 35 45 40 41 44 49 55 61 73 92 100 94 86 78 78 89 111 145 159 159 156 155 147 134 147 189 217 226 233 238 243 247 250 252 253 257 256 259 253 253 251 248 270 269 268 264 260 264 271 267 264 286 303 305 288 291 323 342 344 306 357 120 358 8 107 107 337
10 14 17 15 12 359 338 330 24 342 28 328 348 8 306 319 340 331 351 332 31 43 27 345 356 34 11 26 30 32 33 30 33 42 51 53 53 56 62 70 74 74 75 79 87 100 124 142 148 151 152 100 65 65 54 355 257 251 254 257 259 260 258 255 254 256 258 258 258 256 251 248 247 276 267 258 251 249 247 262 279 293 301 275 254 249 277 302 272 282 117 359 321 107 113 6
18 12 12 11 8 0 353 347 329 344 28 359 10 293 346 354 312 336 351 3 50 58 309 9 346 349 18 16 26 22 27 31 37 46 48 41 69 79 80 50 57 65 68 75 84 91 104 123 134 143 148 38 25 26 19 2 306 276 274 273 272 269 264 262 264 267 263 264 266 267 269 274 280 282 274 266 263 267 281 295 291 287 301 292 249 89 239 260 255 249 356 46 316 267 320 349
16 5 6 8 6 2 357 355 350 18 355 23 307 3 357 353 328 331 343 338 59 320 44 20 24 28 19 26 11 21 32 43 19 45 35 57 16 22 32 39 45 52 56 61 65 82 84 102 122 141 154 155 12 13 13 0 318 296 292 290 285 281 279 278 279 263 271 276 276 275 274 267 282 284 282 281 280 282 288 294 303 298 296 312 320 313 281 275 288 287 306 325 262 187 182 201
14 2 5 3 7 6 360 355 357 353 7 341 19 5 7 347 267 335 348 352 42 40 1 3 15 12 14 1 11 15 54 18 43 29 49 12 50 25 43 43 40 42 48 48 71 48 61 77 96 118 140 156 52 16 10 350 326 314 311 312 307 302 301 299 298 298 273 275 279 286 285 269 286 260 260 291 284 279 280 288 294 291 288 300 326 345 338 332 354 337 305 238 210 306 340 355
6 5 354 3 3 6 2 355 359 0 10 345 15 328 316 346 340 22 273 348 19 5 354 359 14 12 7 21 9 16 24 36 46 53 50 53 46 37 24 42 37 40 44 62 62 63 46 47 40 25 7 349 330 330 336 332 329 328 328 332 332 326 319 315 315 318 277 274 278 281 280 272 268 274 285 285 281 276 278 284 290 295 298 301 314 342 342 337 346 350 349 359 331 347 4 347
359 5 7 358 355 358 360 358 2 360 3 352 345 334 2 355 316 303 305 311 314 310 307 6 17 21 10 16 11 9 27 10 51 46 46 39 21 35 34 52 55 57 58 56 55 59 37 29 16 3 354 346 340 341 340 336 335 337 338 339 343 341 331 323 322 304 300 294 289 284 278 272 269 264 267 281 287 291 288 288 300 301 297 296 303 331 338 330 340 359 0 76 359 344 354 79
1 8 12 5 350 349 348 356 4 6 28 3 26 7 352 3 326 318 315 319 324 325 326 14 17 22 17 350 353 18 30 37 28 5 32 15 24 27 44 44 52 54 53 56 59 37 27 18 9 357 349 342 339 340 341 340 341 344 344 344 348 350 344 335 330 332 333 334 304 298 296 302 302 295 289 288 295 297 294 296 312 322 313 318 316 325 343 347 344 348 351 70 70 356 345 341
7 10 13 12 1 340 335 343 354 4 8 39 22 352 353 360 318 315 313 318 331 344 340 15 26 21 11 10 8 10 16 13 15 4 4 12 20 35 36 37 40 42 52 63 71 23 12 7 2 354 344 337 333 334 338 342 347 350 351 349 352 356 356 351 344 339 338 337 339 307 305 328 310 312 306 301 306 309 313 307 316 332 321 316 317 314 330 346 348 1 357 341 5 348 316 290
9 12 14 13 6 354 342 334 340 351 4 358 337 357 3 356 309 302 297 298 314 341 343 17 34 18 1 3 2 3 4 13 5 2 11 14 31 36 29 29 34 45 57 16 11 5 1 360 356 349 340 332 327 325 329 339 349 354 355 355 357 2 7 336 327 319 315 311 308 305 303 299 297 305 311 312 321 327 327 322 324 335 325 316 310 311 326 339 340 348 8 359 350 8 52 350
8 12 13 7 359 356 355 355 354 343 338 349 15 9 352 327 316 306 295 289 340 9 15 47 38 353 1 359 2 0 360 18 26 18 7 10 30 29 9 25 36 43 44 39 32 357 359 358 354 346 336 328 323 318 319 328 341 351 357 1 4 9 15 18 334 324 321 315 309 305 302 299 299 305 314 315 318 320 315 312 321 332 335 330 330 326 336 344 346 348 348 351 347 46 60 3
4 9 10 1 353 354 359 3 4 3 358 345 4 13 342 339 326 313 308 306 314 10 19 36 7 350 354 352 2 359 357 17 22 20 2 31 27 19 8 28 35 35 33 26 20 17 356 357 353 345 336 327 321 317 315 319 328 340 352 5 11 13 18 347 341 331 323 317 313 311 309 308 308 311 317 320 318 316 307 300 306 315 326 328 326 327 337 343 347 353 348 346 330 329 52 56
0 5 6 357 353 353 355 359 3 7 4 342 320 333 339 340 332 324 320 320 326 16 34 20 333 318 355 353 355 348 357 14 28 26 24 21 356 4 21 31 29 30 31 25 18 13 12 352 350 344 337 328 322 318 316 316 319 327 342 2 12 14 349 20 351 344 332 321 319 320 320 312 312 313 313 320 319 323 320 316 315 316 318 322 327 332 343 346 344 37 31 349 342 46 336 38
1 2 360 354 352 351 352 355 360 3 1 354 341 329 357 340 336 331 326 324 326 14 315 347 314 324 357 353 353 348 358 21 25 20 19 12 4 15 30 32 27 26 23 14 9 344 7 9 343 343 337 330 325 320 317 317 319 325 338 355 340 344 16 21 354 352 348 333 319 320 328 319 312 309 307 310 315 320 322 323 331 338 341 334 332 339 359 351 345 28 30 355 357 351 352 7
4 358 354 351 349 346 350 355 352 358 355 350 345 343 336 21 338 339 11 323 355 8 10 306 311 350 354 356 355 353 1 16 16 15 10 7 12 26 35 29 24 20 14 8 4 6 7 3 359 338 335 332 330 325 320 319 321 326 337 340 341 342 346 351 352 353 353 346 327 317 327 330 324 318 314 318 324 329 335 338 331 336 344 341 339 343 4 0 350 25 29 2 37 36 6 35
354 352 349 349 346 343 350 357 358 352 350 344 342 345 347 348 11 17 28 1 5 309 6 353 348 349 345 356 352 335 346 334 9 13 4 7 21 27 29 26 16 13 11 9 10 11 7 1 360 0 356 330 330 327 323 320 334 331 333 341 345 343 345 349 353 354 351 349 339 324 323 333 334 333 328 324 323 327 340 340 338 336 340 339 334 330 342 345 348 21 28 360 35 37 40 43
353 343 342 344 341 343 354 0 358 347 351 345 343 343 345 334 17 28 13 359 6 16 1 3 353 343 346 356 355 321 349 4 9 12 1 11 28 27 27 17 10 9 13 13 14 11 5 1 2 3 358 355 351 346 341 336 335 331 329 337 348 346 345 349 13 17 352 351 352 334 326 330 331 329 329 326 330 328 339 344 341 340 343 344 338 26 30 32 13 345 26 353 36 33 43 40
346 334 336 342 332 339 355 1 353 350 347 348 344 344 343 349 340 34 337 2 2 3 354 346 315 318 357 4 348 324 341 7 9 9 1 15 24 18 18 10 3 12 15 13 12 7 1 1 3 5 3 0 355 348 343 340 335 330 326 332 348 347 337 344 5 12 354 353 356 345 333 327 328 331 333 333 335 334 339 343 342 344 349 351 352 353 345 25 25 330 350 347 358 38 36 38
336 329 331 333 335 336 352 355 345 342 342 350 346 342 339 347 357 40 13 357 2 2 355 345 317 327 6 319 320 329 336 359 359 359 3 15 17 12 9 2 3 11 10 8 7 359 355 2 5 8 8 2 356 350 347 343 340 333 325 327 344 345 333 339 348 1 10 351 350 344 338 337 339 341 338 335 334 334 337 343 343 346 346 351 356 6 2 357 350 349 353 358 7 29 30 33
333 329 329 331 330 336 345 347 339 336 344 352 347 342 336 342 348 358 16 340 8 6 358 348 316 325 325 321 321 329 338 353 358 1 14 18 17 14 9 6 9 11 9 5 1 357 355 3 6 7 5 359 357 355 351 346 343 337 329 327 337 335 327 330 337 340 356 346 337 334 335 341 344 345 344 341 339 337 338 339 340 344 19 356 357 8 7 29 359 356 40 27 24 25 27 25
336 337 336 322 332 333 337 339 336 334 341 348 347 343 338 339 349 356 342 344 334 3 359 354 345 343 320 320 340 329 337 344 5 14 28 21 17 13 12 10 10 11 8 2 358 359 358 2 2 2 3 360 1 3 359 356 348 337 327 320 320 310 304 306 310 331 342 351 318 345 326 336 343 350 353 348 344 338 336 337 341 343 0 7 353 356 28 27 359 356 348 29 24 24 24 20
336 336 336 335 326 334 336 335 335 334 339 347 347 343 338 339 346 2 341 5 2 353 3 0 321 340 345 348 332 335 337 350 15 26 31 20 15 15 12 7 7 9 3 360 1 1 357 360 3 4 6 5 6 10 11 11 360 24 8 347 326 320 321 323 322 326 319 343 349 348 328 340 340 347 9 356 347 340 336 336 334 338 342 6 1 357 22 27 0 359 347 25 20 20 20 17
327 327 340 324 323 332 334 335 338 335 337 343 343 342 337 338 347 345 16 3 357 358 4 1 329 341 341 337 318 327 344 358 17 28 31 20 16 9 5 6 13 10 3 5 3 359 355 359 8 12 14 15 18 20 25 27 26 21 9 355 343 334 329 327 327 329 330 337 341 351 335 344 338 338 358 359 353 344 339 335 331 331 337 348 354 2 14 22 27 3 354 22 17 17 14 12
322 325 327 333 326 316 321 331 334 338 333 334 340 340 335 335 346 348 352 3 358 358 356 348 350 347 346 322 321 333 349 13 24 34 30 16 3 4 8 11 11 338 338 338 336 358 358 7 350 356 1 8 12 15 18 21 21 17 9 357 346 339 337 335 332 331 330 321 320 333 345 332 333 329 348 355 353 343 338 335 335 338 343 345 346 350 356 18 27 5 354 20 13 12 10 7
314 321 327 325 327 322 323 324 327 334 328 327 333 338 333 332 342 351 354 341 356 357 353 347 351 352 348 330 329 343 354 25 33 33 344 15 5 8 12 9 337 338 339 338 338 341 345 350 353 357 1 4 8 12 15 18 20 19 11 357 346 343 343 342 341 338 337 336 334 335 340 343 354 329 338 348 353 349 341 338 337 335 336 344 347 349 349 350 358 1 360 13 9 8 5 4
308 310 328 326 325 324 322 322 327 323 324 329 327 330 337 331 338 345 341 334 331 353 352 348 350 346 349 339 336 350 6 29 28 29 341 336 6 8 337 337 337 338 339 339 340 343 348 352 355 357 359 2 6 10 13 16 19 19 11 355 345 344 347 348 348 347 347 348 350 350 349 349 324 0 335 340 349 347 345 342 340 338 339 336 349 354 1 355 355 357 358 9 5 5 3 357
303 309 323 322 327 324 325 326 324 328 332 321 328 328 335 331 336 350 338 334 333 332 351 351 351 346 338 340 340 2 19 28 29 29 19 358 1 333 336 338 338 338 339 340 341 355 0 352 354 355 358 1 4 7 10 12 14 13 7 358 351 349 352 353 353 353 355 355 355 356 354 353 354 328 329 330 342 342 342 343 344 346 347 343 333 343 359 11 355 354 1 357 357 1 0 357
299 307 324 325 326 326 324 324 326 325 330 323 332 329 334 354 335 337 336 333 333 335 335 351 353 343 336 348 356 15 27 27 34 39 341 19 326 330 336 338 338 355 356 356 355 353 348 350 350 353 356 359 1 2 4 7 8 6 3 1 0 359 356 355 355 356 357 358 358 358 357 355 356 358 1 0 332 6 335 8 343 352 353 355 15 11 338 7 8 356 1 3 359 357 356 359
299 307 325 326 325 327 322 320 322 324 325 326 328 332 332 333 334 359 334 332 332 334 338 344 357 336 337 350 4 10 19 31 10 356 334 328 329 332 337 357 357 356 357 340 355 356 348 349 350 353 356 357 357 357 358 360 1 0 1 5 9 7 2 358 356 356 358 360 359 358 357 356 337 338 336 336 360 336 341 341 5 354 1 2 11 9 337 346 3 356 355 360 357 356 353 357
294 303 323 327 326 322 315 312 317 319 326 327 329 332 331 333 334 333 334 333 331 333 338 339 352 340 344 353 7 12 20 11 6 343 336 335 335 338 341 355 360 360 342 341 342 345 347 349 351 354 357 357 354 351 351 352 354 357 2 9 12 10 6 3 360 356 357 342 360 359 358 358 336 339 337 338 340 2 347 343 341 346 360 7 356 2 342 344 350 355 353 356 355 356 356 354
285 293 314 329 336 332 306 305 317 324 327 327 329 329 331 332 333 334 334 333 331 333 338 340 346 348 345 355 5 20 5 8 350 337 335 336 338 343 348 359 5 346 343 341 355 345 348 350 352 354 357 358 352 345 344 346 348 355 4 10 11 10 8 6 3 359 356 357 360 1 1 336 334 335 356 337 340 360 350 4 345 347 355 4 354 6 5 3 348 352 358 352 354 355 355 354
282 285 302 327 344 337 317 318 324 329 328 327 328 328 330 330 330 332 333 332 330 337 337 341 341 340 348 354 6 357 2 355 341 333 334 337 339 346 354 8 353 348 344 342 356 346 349 352 353 354 358 359 352 343 341 342 346 354 3 8 9 8 7 6 5 2 359 358 359 1 344 342 345 341 338 337 339 342 349 353 350 350 357 2 3 2 2 2 2 351 357 355 354 355 356 356
285 282 287 323 340 330 313 315 325 329 327 326 323 327 329 329 329 331 331 330 330 330 335 339 341 341 342 351 4 353 352 343 333 329 332 335 337 348 357 14 11 348 345 344 345 348 351 353 355 357 357 355 351 347 344 344 347 353 359 4 5 5 5 4 4 3 1 360 358 359 1 1 345 345 345 341 341 341 342 351 351 351 358 358 359 0 1 351 351 351 357 355 354 355 355 355
