examples/cougarCreek-fire/createInputs/WindNinja/wrfout_d3.2015081012.f20/cougarCreekFire_08-11-2015_0800_217m_non_neutral_stability_vel.asc
ncols	146
nrows	140
xllcorner	610065.000000
yllcorner	5095217.000000
cellsize	216.586807
NODATA_value	-9999.000000
[rows 36 to 71 of 140, columns 0 to 79 of 146]
8.14 9.36 10.71 11.94 5.43 6.86 10.90 21.03 19.92 21.17 21.72 20.64 21.32 22.96 22.54 23.92 25.76 28.80 29.42 27.19 24.86 25.00 26.85 26.85 25.34 20.15 21.66 30.53 42.00 45.11 33.34 21.48 13.37 17.39 19.71 20.95 19.66 8.49 10.66 12.97 14.27 15.64 18.98 28.37 29.51 31.11 31.42 31.84 34.71 24.68 25.63 25.66 27.60 28.32 26.31 23.85 21.66 17.67 13.74 12.42 11.43 10.76 10.74 13.84 11.70 11.49 12.43 13.25 14.00 17.07 15.43 15.89 14.73 12.03 10.23 10.55 11.59 12.65 15.15 14.68
9.53 9.89 10.77 13.21 15.55 14.89 18.62 18.62 18.99 17.41 16.87 19.80 22.36 23.87 19.75 18.06 20.42 20.51 18.28 15.01 14.61 17.76 20.98 21.53 18.85 15.37 20.23 32.11 42.52 42.60 31.27 11.98 7.29 13.37 21.81 25.38 27.37 28.74 28.47 28.21 18.98 26.41 19.62 21.95 24.24 18.58 19.43 28.37 34.63 34.87 35.07 26.36 26.59 28.77 25.66 25.01 22.51 19.32 16.37 13.49 9.49 7.70 7.15 7.45 8.13 8.88 9.28 9.38 9.95 11.16 12.04 12.33 17.60 12.51 12.15 12.05 12.42 13.12 13.92 14.94
0.56 1.78 11.00 13.63 16.17 15.40 12.77 12.82 16.01 14.84 18.17 18.26 19.92 20.74 19.57 17.53 16.50 15.11 13.15 13.55 14.96 13.91 15.30 18.56 18.65 14.82 20.25 32.50 41.44 45.33 40.64 21.66 4.49 9.68 16.00 18.35 19.53 23.45 24.75 29.94 32.30 30.85 19.72 19.40 17.30 17.89 19.70 19.74 31.94 33.41 38.46 35.98 36.10 29.44 26.93 25.12 22.52 21.35 17.34 14.52 10.82 8.60 8.30 8.11 6.24 8.35 6.46 6.70 7.04 7.83 8.30 8.00 9.29 11.27 11.98 12.75 13.74 13.84 13.92 14.31
1.10 9.02 12.00 14.04 15.83 16.46 12.51 12.55 14.06 16.29 17.41 18.49 20.67 21.61 21.77 19.54 17.10 14.55 11.74 10.95 10.97 12.26 15.49 20.65 18.32 15.59 20.52 28.75 37.88 44.94 47.96 29.38 3.84 8.73 14.79 17.14 21.05 25.36 27.13 24.48 23.30 29.27 22.23 23.43 28.78 32.51 34.74 35.85 36.04 36.89 36.90 37.11 34.68 35.13 35.85 26.77 22.15 19.76 18.05 14.73 11.72 9.01 8.13 8.16 7.81 8.10 9.24 9.52 9.98 9.98 10.11 8.95 9.95 10.59 10.43 11.51 12.72 13.09 13.84 13.87
3.08 9.60 11.56 13.77 11.64 12.60 10.73 12.61 14.18 14.21 17.67 19.88 23.07 23.76 22.69 19.76 16.69 12.97 10.06 10.57 12.02 15.12 20.35 20.70 15.53 14.22 18.80 25.58 29.33 41.36 47.72 29.57 7.65 8.84 14.50 17.46 18.95 22.92 29.14 24.24 25.68 24.93 23.70 21.59 22.12 21.83 23.04 24.96 24.96 37.41 37.60 36.73 35.89 32.61 20.86 18.72 27.22 25.06 11.80 20.06 18.06 11.27 8.53 8.03 7.73 9.46 10.92 10.19 10.71 10.52 10.39 10.91 11.98 10.92 10.10 10.34 11.75 12.13 12.81 13.76
2.95 4.28 9.41 12.86 11.96 12.07 9.16 13.33 14.45 16.37 18.86 21.01 22.37 20.75 18.80 17.34 13.72 10.78 9.94 13.03 16.01 20.57 24.26 16.60 12.00 13.17 20.15 25.84 28.75 41.03 46.44 31.64 14.36 13.23 16.13 16.57 19.65 21.87 24.56 29.96 31.55 32.04 32.06 32.29 33.29 30.74 25.02 25.18 33.29 34.02 35.13 32.31 24.41 31.15 29.72 28.25 24.59 22.74 12.74 10.48 14.17 9.65 9.94 10.92 11.02 11.52 12.80 14.42 14.27 14.29 13.92 13.45 10.64 11.67 12.77 13.68 12.83 13.12 12.06 12.97
5.99 9.50 10.67 13.45 17.50 11.84 13.64 15.06 15.37 16.64 20.23 23.37 22.75 18.82 15.78 13.48 11.20 11.87 14.08 15.65 20.11 24.54 20.03 11.60 11.56 14.85 23.72 27.82 30.71 40.28 47.11 40.16 26.88 16.31 12.85 13.40 17.97 21.63 24.67 27.57 31.00 31.17 31.20 31.47 34.51 36.54 38.21 37.89 37.02 26.95 35.37 32.79 27.64 25.30 22.92 16.19 14.77 16.97 15.22 14.81 7.34 10.13 12.12 13.14 10.73 11.44 11.57 11.47 11.37 10.80 11.00 11.14 11.31 13.30 15.58 17.83 18.43 16.61 12.96 12.74
5.71 6.46 12.01 7.19 12.28 11.16 15.68 15.11 16.05 20.91 23.86 20.48 14.41 11.90 10.06 10.75 10.94 11.96 13.46 18.14 22.87 19.85 13.81 10.89 12.18 18.34 25.23 25.73 28.76 36.12 43.14 38.75 31.70 24.57 17.96 12.99 17.77 21.68 23.53 24.61 27.36 30.81 31.86 31.94 32.89 34.48 34.50 34.11 37.00 37.76 36.90 35.40 32.44 28.03 23.70 22.67 23.40 23.12 21.92 15.03 9.67 5.77 6.95 8.42 9.45 10.20 10.84 11.91 11.96 12.82 12.10 11.40 11.22 12.05 13.88 16.38 17.09 17.35 18.05 13.86
5.49 5.37 5.74 15.27 15.16 13.66 16.11 15.72 18.54 20.25 16.98 11.00 8.04 11.10 10.80 12.81 9.30 9.64 12.46 17.54 21.43 17.23 13.79 12.03 13.67 19.51 21.70 20.42 25.68 33.71 39.45 34.39 31.33 26.34 20.45 16.17 16.83 20.84 22.22 23.71 25.56 27.47 28.04 25.97 26.47 29.16 32.39 31.53 34.30 35.83 36.34 35.70 34.88 30.87 28.09 26.28 20.29 15.85 13.51 10.63 7.68 6.19 6.14 7.29 10.46 14.24 16.03 15.85 15.99 16.68 17.62 17.76 17.81 18.01 17.92 17.15 16.64 17.74 17.49 18.10
13.42 14.21 13.84 14.47 14.48 15.77 14.15 16.03 18.33 12.98 10.19 8.88 12.20 13.04 13.45 13.43 10.92 11.68 14.07 19.01 21.36 18.61 14.67 11.50 13.32 16.47 16.57 16.80 22.12 32.90 36.41 31.72 29.97 27.43 22.28 17.75 15.79 14.87 17.01 23.20 24.21 18.74 19.82 20.85 21.34 24.99 27.54 25.51 30.86 35.67 37.18 34.68 29.63 24.14 20.38 18.40 16.57 16.89 14.62 11.85 8.76 9.64 12.32 13.91 15.84 18.20 19.90 19.34 19.59 20.22 21.47 20.84 20.61 20.87 20.72 19.65 18.95 19.41 19.71 17.39
7.77 8.92 9.88 12.55 14.05 16.11 13.57 13.07 12.12 8.38 11.20 12.26 14.22 12.38 13.49 14.23 14.04 15.34 16.67 20.75 22.11 18.28 12.35 7.81 10.01 12.00 14.13 16.75 23.94 34.27 34.28 31.43 29.73 27.99 22.99 15.44 16.30 20.22 22.10 17.92 16.87 19.04 19.40 18.91 18.16 28.33 25.93 23.64 28.64 28.16 24.23 25.86 26.21 22.16 19.17 19.29 18.79 18.43 17.40 16.30 16.27 16.86 17.89 18.10 18.02 18.44 19.72 19.89 20.33 18.32 17.31 16.91 16.60 18.06 18.70 19.50 17.50 17.88 18.52 17.00
9.54 10.00 9.60 14.12 15.17 15.47 10.84 11.48 12.32 11.13 12.47 14.10 14.22 14.33 15.74 17.46 6.20 7.62 19.00 21.12 21.16 13.95 9.06 9.08 11.38 12.14 13.02 17.08 24.33 30.77 32.44 30.18 26.44 28.52 21.67 12.11 15.39 21.97 23.87 25.27 16.44 19.69 17.99 16.35 25.93 20.71 22.90 25.47 19.32 21.86 24.23 26.86 28.14 26.61 24.68 25.72 25.27 21.96 18.41 17.83 18.38 18.06 18.42 18.27 17.50 17.58 18.68 19.32 17.39 14.52 12.59 14.04 14.69 15.64 16.43 16.44 13.61 13.86 14.54 15.12
9.80 10.22 10.51 12.22 10.31 10.93 9.35 12.58 14.24 13.63 14.84 13.39 13.44 14.60 14.09 7.85 10.34 12.38 20.96 20.14 19.10 12.28 10.41 12.64 10.98 11.33 12.94 17.00 22.84 29.22 29.81 28.53 23.48 29.29 19.48 13.58 15.11 22.40 23.48 26.59 21.50 15.46 16.32 15.99 25.68 26.13 29.63 21.16 21.88 22.85 27.00 30.72 29.17 27.99 27.12 24.54 22.71 19.87 15.47 14.11 15.82 17.27 17.39 16.28 14.87 13.95 13.72 13.56 14.12 13.07 12.03 13.63 13.82 14.95 15.75 13.84 13.76 11.46 14.13 11.40
9.75 10.03 10.20 9.68 8.65 11.40 13.65 15.14 14.34 14.73 13.90 14.04 14.06 13.64 11.79 19.27 18.41 18.79 14.27 16.17 16.58 12.85 12.09 10.41 8.82 11.19 11.97 15.42 20.56 20.17 29.10 20.61 22.05 25.89 20.10 14.41 8.55 22.01 23.70 26.91 13.79 26.25 14.78 18.25 18.66 31.11 22.99 26.27 26.98 28.21 30.61 31.14 29.46 27.09 24.00 18.15 14.43 14.40 11.74 9.57 9.64 12.21 14.29 14.12 13.29 11.72 10.74 9.91 11.15 12.43 12.98 12.43 13.15 13.51 13.34 12.36 11.62 11.83 10.63 10.41
10.11 9.88 9.11 8.25 12.09 13.70 14.19 14.28 13.85 13.86 16.05 17.19 17.26 20.93 19.54 15.62 15.40 14.11 12.96 14.95 15.07 12.54 10.44 7.84 8.16 9.66 11.10 13.24 13.64 20.09 26.18 17.95 20.40 25.33 22.53 14.81 9.76 21.74 22.53 24.38 25.73 26.05 26.49 21.28 20.72 22.74 26.84 28.40 30.57 31.83 30.60 28.27 28.41 27.13 22.66 17.67 13.17 10.19 10.31 9.80 6.22 6.09 8.49 10.91 11.74 11.30 10.82 10.54 10.57 11.44 12.29 12.65 12.72 13.36 14.05 12.35 11.04 11.61 12.43 11.94
10.09 9.43 7.66 11.60 13.37 13.38 13.81 14.18 13.23 15.12 14.61 10.65 21.10 21.40 15.54 14.08 13.05 13.05 13.50 15.24 14.49 13.77 12.16 10.13 11.03 10.97 11.68 13.32 16.61 20.66 23.48 16.65 19.59 25.61 22.70 13.24 16.21 22.47 22.79 23.45 24.17 25.47 25.71 27.70 25.83 28.44 25.05 26.20 29.17 30.60 29.79 27.43 27.21 25.71 21.28 17.90 12.65 7.32 9.06 9.60 8.68 8.43 5.94 7.05 9.66 11.69 13.57 12.19 14.84 14.39 13.75 14.59 14.52 14.02 14.54 12.12 11.80 11.45 10.24 11.70
9.26 8.56 7.92 11.92 11.89 12.55 13.59 13.87 13.10 15.74 20.17 18.70 13.11 12.40 12.18 13.39 14.23 14.17 14.30 15.22 14.24 14.31 12.50 3.78 13.81 10.51 9.59 13.49 19.33 23.96 20.33 14.95 18.75 26.17 20.36 11.47 18.40 22.46 23.34 25.25 24.38 24.16 23.91 26.07 32.14 29.99 29.14 25.48 27.28 28.03 27.91 28.04 27.18 25.34 23.08 18.28 13.06 8.43 8.77 9.81 8.78 12.69 9.04 5.99 5.00 7.44 9.58 10.92 13.53 13.26 9.59 9.15 9.02 8.51 7.07 6.50 6.02 5.18 4.67 5.72
8.27 7.70 11.23 12.38 12.33 11.90 12.25 12.52 14.00 17.41 17.84 13.93 9.98 10.90 14.01 16.15 15.62 15.76 15.12 15.57 13.39 14.03 10.24 8.90 12.37 9.03 13.02 18.33 20.68 20.68 17.60 17.75 17.48 27.17 17.96 12.33 14.84 16.65 17.45 17.31 20.33 21.55 22.91 24.89 28.53 32.87 35.67 33.77 33.22 28.81 26.41 26.92 25.84 23.67 25.44 20.37 10.70 6.88 8.98 9.63 7.62 6.57 6.52 5.90 3.53 1.04 2.09 5.84 7.59 6.87 5.52 3.43 2.91 4.98 4.69 3.80 4.88 2.35 5.06 3.51
7.09 6.72 10.66 10.48 10.34 9.10 12.13 13.62 15.19 18.35 13.04 9.44 13.11 15.83 16.00 16.81 16.28 16.50 16.79 16.49 14.38 13.90 13.00 11.56 10.70 11.85 14.50 14.97 18.10 20.44 18.54 16.50 16.42 26.74 17.04 13.45 23.37 24.91 17.45 17.81 23.44 23.55 21.02 21.55 24.69 30.88 34.47 36.79 37.64 37.95 31.03 27.79 24.59 22.98 24.45 24.74 19.79 15.50 12.56 10.77 7.79 5.16 4.81 6.26 6.30 4.69 2.36 1.11 1.35 3.10 6.36 6.01 1.61 4.00 2.98 2.91 2.91 2.73 3.28 3.58
5.44 5.49 8.85 9.34 6.20 8.16 11.10 13.61 12.55 12.84 9.59 6.54 16.16 15.55 15.17 14.89 15.50 15.59 15.09 14.23 12.38 12.11 11.75 11.63 11.66 12.28 14.01 15.49 17.92 20.14 19.46 12.30 15.67 24.34 19.20 12.76 22.14 16.82 20.50 25.31 26.01 27.35 23.48 15.04 17.37 20.52 30.09 35.49 36.74 36.22 36.48 30.65 25.11 23.79 25.26 26.41 24.70 20.44 19.07 18.69 15.96 12.01 11.50 10.42 4.76 3.00 7.63 7.26 6.53 1.33 0.59 0.85 4.73 3.08 1.22 1.10 4.54 5.84 5.85 5.98
3.94 4.57 7.36 8.32 8.48 10.93 12.54 12.93 9.26 8.84 5.34 14.38 7.32 15.98 14.46 16.46 15.48 17.01 15.38 12.01 11.03 11.03 12.72 12.23 12.53 14.19 14.86 16.06 19.06 18.11 18.08 16.23 16.07 23.83 19.53 12.45 21.41 16.59 23.07 23.87 26.34 26.15 29.69 15.25 17.59 19.21 20.98 24.06 26.81 36.13 35.81 31.46 29.55 24.65 26.19 26.46 20.90 20.50 22.70 22.39 18.67 13.21 8.57 6.14 4.60 2.60 4.06 1.72 1.52 1.50 1.60 2.00 3.31 4.73 0.63 1.10 2.94 5.08 5.93 6.54
3.57 3.09 7.66 8.57 10.52 11.21 8.74 9.95 8.55 8.93 11.11 14.52 13.45 15.05 14.67 16.26 19.39 23.35 12.35 8.80 10.80 11.91 13.29 12.47 13.62 14.57 13.75 15.87 18.89 18.34 17.57 13.37 9.70 15.30 13.13 7.18 20.70 18.14 19.98 25.60 27.63 27.70 29.58 29.64 27.08 19.31 20.91 22.26 24.23 24.42 26.01 36.48 26.68 28.81 26.80 30.86 29.80 19.88 19.47 16.31 14.55 13.73 8.43 7.04 5.34 3.50 2.01 1.61 1.89 1.96 1.38 1.37 4.02 2.08 2.03 2.32 3.46 4.48 5.21 6.19
3.62 2.83 9.46 4.24 2.05 4.56 10.51 7.11 6.74 11.56 11.36 13.16 12.76 15.37 13.84 7.60 9.84 16.14 13.86 1.52 11.79 13.26 12.02 11.16 14.61 13.73 13.35 17.60 17.07 17.57 13.36 5.13 7.38 12.82 13.19 7.47 21.12 17.95 8.13 26.01 26.18 26.86 27.72 30.80 30.92 20.17 20.68 21.42 21.86 21.89 22.76 23.46 27.07 28.83 32.10 21.38 18.15 19.30 16.56 13.37 13.79 12.56 10.24 9.41 8.50 7.94 3.26 2.17 1.61 1.88 2.08 3.58 2.56 2.75 2.80 2.96 3.33 3.78 3.60 5.16
3.39 3.00 5.01 1.56 2.64 10.90 6.36 6.78 11.15 11.65 11.65 13.00 13.95 6.07 4.29 4.61 13.87 17.38 10.25 2.18 10.84 10.07 7.14 11.21 13.29 11.92 14.45 17.39 17.24 16.52 3.72 4.87 14.23 16.72 21.24 7.70 17.53 23.37 23.86 18.17 22.12 27.03 22.50 27.50 27.41 30.59 31.18 31.23 22.74 20.76 19.25 17.67 18.41 19.24 18.20 17.70 18.91 18.68 15.28 11.41 9.65 8.93 8.05 6.26 4.34 3.34 7.71 7.42 5.46 1.70 4.24 3.56 3.03 2.41 2.22 2.66 3.21 4.30 3.40 3.60
2.79 2.32 9.23 9.08 11.11 6.02 5.37 10.05 11.14 7.43 7.51 6.87 4.66 3.75 3.36 10.63 17.64 15.55 6.41 1.77 9.92 10.56 10.02 12.10 11.57 11.15 15.60 17.13 16.67 13.53 4.10 12.10 14.72 15.73 21.23 14.23 6.01 22.47 23.18 23.33 19.97 26.10 26.55 27.92 29.80 27.14 27.69 19.03 20.13 19.32 30.88 21.44 17.79 18.50 19.38 19.44 18.84 17.31 14.19 10.73 9.07 8.25 7.38 6.32 4.84 6.96 4.44 1.61 2.20 3.72 3.59 2.00 1.84 1.54 2.13 3.52 3.79 3.70 5.94 6.76
1.93 7.50 9.09 8.22 8.02 4.80 4.39 10.16 6.00 6.15 5.95 4.61 1.98 3.35 7.39 14.05 16.33 10.63 3.41 1.43 8.25 9.25 10.58 7.83 8.84 10.74 15.65 16.57 14.05 13.22 12.82 13.81 14.90 14.86 18.84 19.48 5.95 20.76 22.89 23.74 21.69 24.20 24.87 25.49 28.78 28.50 31.22 31.95 19.12 31.07 31.43 32.56 32.30 29.17 19.77 19.61 18.13 15.64 13.14 11.10 9.26 7.57 5.78 4.33 3.49 2.86 2.26 1.72 2.13 3.14 2.20 0.77 1.80 2.76 4.19 4.28 5.16 5.87 6.38 6.63
7.46 10.65 9.95 8.03 7.74 8.53 9.13 7.63 5.01 4.45 4.28 2.79 3.65 6.19 10.72 14.23 12.29 6.07 2.05 9.14 8.88 7.45 9.44 9.91 10.02 10.14 12.97 15.78 15.71 14.63 13.45 14.16 3.84 16.27 17.40 19.81 19.72 19.65 21.87 20.19 21.03 21.96 22.83 23.35 27.10 28.18 28.04 30.07 29.85 30.28 30.01 31.73 29.22 17.90 18.52 18.69 17.67 15.56 13.60 12.07 10.64 8.66 5.89 3.31 2.75 3.86 4.29 3.23 1.89 1.47 1.38 2.50 3.57 4.19 5.45 5.89 6.23 6.94 7.29 7.25
11.11 8.36 6.77 7.48 8.99 7.07 5.65 3.91 3.36 1.75 2.42 3.74 5.58 8.53 12.03 12.80 9.03 4.23 2.28 9.55 9.41 9.56 10.46 11.51 9.93 9.79 11.10 14.43 16.11 15.65 14.92 2.96 3.16 15.10 13.31 19.88 19.84 22.15 21.26 20.15 19.92 22.79 26.08 22.81 24.69 26.67 26.68 27.84 28.38 29.45 30.41 29.38 30.33 16.00 16.60 17.81 17.53 16.10 14.41 12.90 11.86 10.31 7.90 5.53 4.38 5.02 5.61 4.69 2.67 1.57 2.39 3.33 3.97 5.01 5.15 7.27 7.43 7.93 8.55 8.67
3.46 5.70 5.84 4.14 3.62 3.48 2.89 2.73 1.61 2.34 2.85 4.29 6.85 9.65 11.26 10.71 7.76 4.57 5.82 10.64 10.11 12.47 11.08 11.56 10.61 11.43 10.05 13.64 15.38 15.77 10.50 13.11 8.88 17.02 15.44 19.57 20.41 18.65 19.28 19.17 20.27 21.13 21.26 24.69 23.05 24.45 26.60 25.49 20.02 27.74 28.20 28.98 28.57 26.32 15.52 17.26 17.30 16.15 14.60 13.36 12.52 11.53 10.18 8.79 7.49 6.98 7.12 6.86 5.60 4.48 4.77 5.19 5.51 6.43 7.75 8.24 8.22 8.76 5.89 8.08
2.58 6.68 5.10 3.62 1.92 1.06 0.77 1.39 2.27 2.84 3.37 5.34 8.02 9.51 9.39 8.61 6.46 4.66 11.95 10.46 5.60 12.11 11.29 13.33 12.38 11.02 9.89 6.61 16.10 15.35 12.56 13.06 12.73 15.33 16.97 18.88 18.59 18.72 19.72 16.54 18.19 19.00 19.92 24.64 23.28 25.41 23.46 23.75 18.89 18.04 29.34 28.02 26.87 24.37 15.28 16.40 16.63 16.02 14.73 13.53 12.75 12.40 12.06 11.16 10.02 9.33 8.93 8.87 8.59 7.82 7.55 7.66 7.81 7.84 8.31 8.73 8.33 8.86 9.89 9.85
6.79 5.12 4.13 1.83 1.88 1.69 1.81 2.23 2.69 3.10 4.01 6.25 8.66 9.33 8.75 7.21 4.17 4.91 10.20 10.85 12.25 9.12 10.63 13.65 12.09 10.00 3.38 5.92 7.92 8.46 11.65 11.03 14.26 15.90 18.57 18.93 15.62 20.06 18.68 9.19 15.15 18.88 19.05 21.78 22.97 25.30 23.98 24.36 26.42 18.01 18.71 25.98 26.00 17.28 15.58 15.35 15.41 15.19 14.24 13.24 12.77 12.79 12.93 12.51 11.76 11.24 10.48 9.51 9.11 9.10 9.19 7.47 7.07 8.46 8.05 5.63 7.69 8.00 8.53 8.77
3.58 3.74 2.99 2.90 3.06 3.02 2.99 3.00 3.22 3.65 6.53 6.14 8.10 8.95 8.89 6.93 3.73 5.14 10.23 10.74 10.64 2.90 5.02 13.49 13.29 10.00 4.01 6.40 14.02 14.75 12.83 14.06 15.26 15.86 18.42 18.32 14.48 17.33 17.89 7.91 16.11 16.83 10.78 9.81 16.00 24.64 25.46 26.73 25.23 17.54 18.52 26.40 26.27 24.80 16.49 15.04 13.78 13.38 12.87 12.33 12.63 13.07 13.55 13.57 13.27 12.89 11.99 10.46 9.08 9.17 9.19 8.10 6.69 8.82 8.11 7.41 7.28 7.14 6.87 7.65
3.95 4.81 3.78 4.26 4.51 4.31 5.91 3.52 3.75 4.32 4.99 5.95 7.33 8.24 8.83 7.24 4.52 9.69 9.67 10.35 9.74 8.62 10.47 10.97 12.29 4.49 3.93 7.49 11.90 13.44 14.81 12.51 17.80 16.38 16.50 16.51 16.45 17.63 16.18 7.53 13.48 7.60 7.40 8.74 10.70 12.18 18.06 22.95 22.81 24.95 23.10 26.97 26.01 23.43 24.22 16.15 12.19 11.32 11.66 11.80 12.55 12.99 13.29 12.73 13.81 13.60 12.54 10.90 9.73 9.50 9.51 9.46 8.56 8.55 6.94 7.56 8.05 8.02 2.72 2.37
5.38 5.18 4.56 4.88 4.97 4.48 4.11 3.75 3.83 4.53 5.63 6.39 7.24 7.93 9.26 7.30 5.96 10.57 10.29 9.69 9.76 9.04 9.59 10.35 12.04 3.78 2.87 7.93 12.77 13.97 14.52 15.66 14.81 16.14 16.93 15.15 14.76 14.69 16.12 7.38 6.93 6.59 11.49 7.50 9.63 11.40 17.14 23.37 24.54 25.42 25.13 26.10 24.90 22.66 19.41 25.63 12.90 10.20 10.55 11.54 11.70 11.91 12.51 13.17 13.49 13.45 12.37 10.59 9.73 9.24 9.00 9.16 7.36 8.64 8.17 6.13 2.19 4.70 8.71 9.13
5.66 4.71 4.31 5.83 5.23 4.22 3.89 3.75 3.78 6.89 5.64 6.89 7.79 8.28 8.48 7.29 7.89 11.18 11.38 10.36 10.44 10.94 10.28 10.60 10.35 3.26 4.23 7.70 11.98 13.36 11.90 11.19 13.25 14.49 15.94 12.83 13.51 16.15 15.27 6.64 6.56 6.20 5.78 6.19 8.40 10.76 22.68 20.76 22.47 18.95 19.20 26.23 24.56 19.27 20.54 19.87 19.91 7.37 10.43 10.99 10.91 10.70 11.50 12.70 13.67 13.79 12.82 11.82 9.98 9.50 9.14 9.21 5.41 4.66 5.14 4.80 4.10 4.50 9.45 7.24
4.18 4.16 6.07 7.08 5.89 4.47 3.92 6.76 6.95 7.22 8.10 9.44 10.51 10.40 8.53 7.09 9.51 12.20 11.70 11.32 10.37 11.17 9.61 8.44 4.71 3.64 6.50 6.97 11.87 11.23 11.07 12.10 12.08 14.29 13.76 13.27 13.17 14.16 13.79 6.18 6.47 13.15 5.21 15.39 7.35 9.72 11.03 22.03 23.23 22.94 19.39 18.90 21.84 19.55 21.32 21.80 20.69 20.31 12.55 10.82 10.52 10.20 10.11 10.90 12.29 12.92 12.35 11.24 11.47 10.06 9.77 9.52 4.98 5.43 5.75 4.57 2.55 2.09 1.88 2.13
