examples/cougarCreek-fire/createInputs/WindNinja/wrfout_d3.2015081012.f20/cougarCreekFire_08-11-2015_0800_217m_non_neutral_stability_ang.asc
ncols	146
nrows	140
xllcorner	610065.000000
yllcorner	5095217.000000
cellsize	216.586807
NODATA_value	-9999.000000
[rows 0 to 45 of 140, columns 0 to 95 of 146]
55 24 47 77 102 69 49 49 55 66 79 94 108 117 110 111 105 81 43 30 28 42 70 103 124 127 124 122 120 121 124 123 99 86 80 79 84 95 106 113 117 118 117 115 114 116 115 111 105 128 78 255 41 11 24 20 3 340 14 12 12 350 5 3 3 338 355 354 355 355 357 358 353 346 344 347 349 345 346 348 348 347 348 348 349 348 346 339 330 326 315 303 317 302 302 296
55 24 47 77 102 69 49 49 55 66 79 94 108 117 110 111 105 81 43 30 28 42 70 103 124 127 124 122 120 121 124 123 99 86 80 79 84 95 106 113 117 118 117 115 114 116 115 111 105 128 78 255 41 11 24 20 3 340 14 12 12 350 5 3 3 338 355 354 355 355 357 358 353 346 344 347 349 345 346 348 348 347 348 348 349 348 346 339 330 326 315 303 317 302 302 296
94 60 65 111 134 107 78 46 89 110 122 137 94 137 138 136 136 95 72 35 35 52 75 95 112 116 149 147 131 135 139 144 107 102 82 78 135 151 111 182 175 194 182 180 193 126 218 210 230 239 231 214 271 4 21 19 1 342 12 4 339 338 344 333 333 322 353 352 334 356 360 359 326 345 343 325 320 348 347 348 347 346 346 347 348 349 348 344 338 334 323 309 310 281 270 274
77 74 70 110 124 113 109 93 90 77 112 125 102 121 153 150 145 126 112 82 53 67 85 86 96 124 159 147 122 127 167 156 134 135 131 120 122 136 150 163 165 170 162 170 164 201 212 181 209 223 241 281 310 348 16 18 358 5 4 353 347 346 352 341 341 347 351 341 339 360 339 334 349 344 344 331 332 353 349 348 345 345 345 346 347 350 351 351 351 352 351 341 326 317 318 280
35 89 67 97 114 106 85 94 53 57 98 109 76 84 132 162 153 130 126 117 86 75 78 117 90 104 129 151 155 160 161 162 141 139 143 132 126 136 140 156 172 160 170 181 162 207 202 184 210 258 280 297 307 346 346 346 319 7 358 3 356 340 347 341 345 354 340 353 359 341 339 352 347 345 331 340 1 355 348 345 342 342 344 345 347 350 352 354 358 1 359 354 347 338 330 324
83 82 64 90 105 114 113 110 104 94 90 97 88 75 118 146 160 130 124 111 100 83 81 108 128 97 125 152 153 160 170 177 146 147 149 135 134 137 155 168 176 164 185 200 177 197 211 213 265 295 301 300 312 342 323 311 342 0 360 356 347 343 345 338 356 342 337 345 339 345 352 343 340 349 354 2 340 352 344 341 338 339 342 344 347 350 352 356 359 0 358 356 356 355 348 334
114 89 68 69 95 104 106 75 100 105 95 91 102 71 72 139 165 142 126 110 105 97 93 92 127 91 161 148 153 167 178 167 153 159 152 134 139 143 142 159 160 178 200 209 194 227 256 278 34 0 350 338 304 299 304 332 344 351 347 345 344 348 343 347 352 340 339 339 340 352 339 337 353 354 357 335 356 347 340 337 335 336 339 341 345 349 352 356 359 358 357 357 359 2 2 356
107 104 99 93 92 106 110 98 92 66 96 92 98 88 91 108 161 160 140 117 110 106 100 94 123 92 112 157 152 123 183 161 158 180 156 135 147 150 152 148 154 174 191 195 209 247 280 4 351 348 295 287 295 303 306 315 330 343 340 343 346 340 334 354 336 338 341 338 343 338 352 355 337 334 355 342 352 344 337 334 333 335 337 340 343 347 351 355 357 357 356 357 359 2 3 1
108 100 96 93 88 97 105 108 104 101 104 72 71 109 71 76 132 160 148 122 114 112 99 89 120 93 110 160 154 173 182 164 179 185 156 143 157 157 146 142 156 166 179 187 95 238 256 285 271 283 277 288 303 305 319 316 320 333 339 343 340 343 343 339 337 339 339 337 339 337 354 331 347 352 337 335 350 340 335 334 334 335 337 338 341 345 350 354 356 356 356 357 357 359 360 360
110 103 97 94 86 89 90 97 102 101 103 103 98 104 127 98 121 145 150 128 113 113 101 87 87 136 103 164 161 166 183 172 177 177 157 148 157 152 138 141 165 185 185 178 229 313 243 244 271 277 288 305 298 292 276 291 308 323 331 333 344 352 336 336 337 336 335 335 337 338 339 353 351 339 336 357 347 338 336 337 338 338 337 337 339 343 348 352 354 355 356 356 356 356 358 359
56 113 114 102 96 87 80 86 90 93 98 101 102 101 82 89 101 140 154 130 111 121 104 90 84 126 94 162 156 167 191 173 176 181 157 149 153 146 141 153 169 190 119 224 244 299 244 251 262 288 335 300 268 258 268 282 299 320 322 344 347 336 334 336 337 339 338 339 339 340 341 345 340 344 344 354 344 338 339 341 342 340 339 338 338 341 346 349 351 353 353 354 355 355 357 359
52 103 110 114 110 99 82 80 86 92 96 101 108 106 111 118 84 124 146 135 107 122 107 95 87 108 93 163 156 172 191 177 186 179 160 150 145 144 149 149 163 109 201 130 191 274 242 245 266 284 282 274 256 254 271 286 299 316 327 347 338 334 336 335 335 338 354 355 355 356 343 344 352 342 354 349 341 339 342 345 345 343 341 339 339 341 344 347 349 350 350 350 352 356 360 0
85 79 82 89 104 99 89 75 75 88 93 99 106 117 90 92 93 147 128 131 120 123 129 105 93 90 93 147 151 110 188 179 180 138 160 151 150 150 144 97 151 115 128 223 249 242 231 253 267 269 264 256 254 257 271 283 297 310 322 337 341 352 335 337 354 353 354 354 353 353 353 351 344 342 351 345 341 341 344 347 334 345 342 340 340 341 343 345 347 349 348 346 348 356 1 0
40 44 57 78 89 93 94 65 52 58 85 98 103 111 84 88 90 148 139 129 121 119 130 122 99 93 140 151 150 114 190 189 171 169 155 147 155 156 111 107 146 120 146 180 240 225 227 252 263 256 253 251 258 255 277 287 297 313 319 327 340 351 354 335 332 330 327 326 325 329 346 347 349 351 348 344 341 343 346 348 348 346 344 342 341 341 341 343 346 347 347 345 347 354 359 360
41 58 64 73 79 87 98 99 86 75 76 88 93 94 103 67 74 85 147 138 137 128 136 139 103 97 135 140 154 113 201 188 163 162 153 146 156 155 116 114 114 123 165 232 224 221 234 260 267 259 246 251 255 256 271 277 293 307 315 322 327 326 325 330 327 324 326 327 328 343 338 333 347 341 346 343 343 345 347 347 346 346 344 343 342 341 341 342 344 345 343 343 347 353 357 4
65 72 79 80 80 88 101 105 105 89 76 84 93 89 84 92 62 59 137 128 133 129 134 147 131 120 131 145 155 113 195 172 166 137 153 154 150 112 112 112 175 121 166 229 222 230 249 263 264 247 241 254 264 271 270 281 300 300 305 317 320 317 318 320 324 329 327 331 339 329 331 347 345 344 342 342 343 345 331 345 344 344 343 342 342 341 339 341 343 343 339 336 342 350 357 17
67 70 76 85 82 78 87 95 101 98 83 82 96 104 87 64 55 95 104 108 117 120 128 99 143 125 134 135 105 184 183 163 167 168 159 161 122 112 109 153 116 130 167 209 231 240 254 258 252 242 241 264 276 273 268 300 301 303 299 312 322 320 324 325 328 330 326 333 329 338 345 349 343 340 339 339 340 343 345 344 344 343 342 341 341 339 338 340 344 342 336 330 330 338 334 10
77 73 73 81 86 78 76 87 96 99 85 75 81 89 86 70 60 52 83 63 97 99 104 82 148 128 136 134 105 179 174 167 168 164 168 161 127 116 112 159 118 135 169 227 236 245 253 252 248 247 261 277 279 267 282 296 288 300 300 301 315 320 324 320 320 327 329 333 341 345 336 330 327 325 324 323 337 339 343 345 337 344 343 343 340 337 336 340 344 343 337 331 330 333 304 331
97 89 84 85 97 98 88 91 100 106 96 81 74 78 90 94 89 90 96 89 95 103 91 110 130 130 132 131 152 173 172 171 169 150 173 159 134 123 143 161 173 199 171 210 239 243 249 251 246 257 269 275 267 254 278 281 271 276 290 303 313 315 315 318 322 325 328 342 338 331 329 332 329 331 326 325 329 338 339 343 345 345 346 345 340 336 336 340 344 343 337 334 337 343 350 313
109 102 92 88 95 98 89 85 94 102 96 88 80 77 92 102 110 103 106 97 94 106 86 98 105 120 96 129 162 170 173 173 180 194 164 151 139 131 144 160 174 195 174 215 242 244 248 251 261 269 271 262 280 259 279 277 274 279 291 300 307 313 308 314 314 319 318 318 323 325 330 331 327 338 337 328 328 324 323 331 343 346 347 345 339 336 337 341 344 342 336 336 342 345 342 307
41 106 94 85 91 93 89 86 92 102 91 88 100 81 77 89 100 108 113 107 96 117 82 64 86 112 88 126 155 162 168 175 182 194 169 148 141 135 131 164 140 153 185 220 246 250 254 259 266 265 266 257 260 276 290 262 276 288 287 299 308 312 312 313 315 317 320 323 330 325 333 329 328 327 337 327 328 329 329 326 335 345 346 343 339 337 338 342 344 341 337 337 344 342 296 303
80 75 78 80 83 84 80 81 87 99 96 91 106 110 77 72 76 85 91 96 94 113 99 93 95 108 114 132 148 160 166 169 187 198 168 146 153 134 153 136 146 166 201 228 248 246 251 261 263 254 257 253 261 262 290 263 305 291 290 304 309 316 315 313 325 317 318 318 329 327 321 324 328 334 331 331 326 325 333 335 345 344 344 343 339 337 338 342 343 342 340 343 350 355 353 330
53 55 60 62 72 74 71 79 83 94 96 88 92 124 100 81 72 74 77 95 97 100 94 84 85 101 113 122 138 160 164 167 199 194 163 145 138 131 153 134 151 182 216 237 249 252 258 261 250 246 248 273 280 249 289 294 300 277 294 305 313 320 317 326 321 314 315 316 315 323 325 325 327 339 326 324 326 326 328 329 330 344 344 344 340 337 338 342 342 342 346 354 2 9 12 352
63 54 55 40 59 65 74 83 87 97 103 93 91 113 108 102 95 93 90 99 110 107 105 68 53 87 90 119 128 150 159 167 186 188 160 149 138 132 153 135 158 194 224 247 249 254 256 253 246 247 265 269 277 281 291 297 301 309 315 301 314 319 323 311 309 309 311 314 317 326 320 333 323 324 326 324 326 331 337 331 331 329 345 344 340 336 336 339 340 343 352 4 13 22 28 9
7 44 30 45 61 65 72 79 85 92 109 102 92 98 107 101 98 95 92 88 96 107 116 100 62 85 108 120 132 135 142 160 179 188 172 152 139 143 157 142 172 238 242 251 252 249 251 254 252 251 265 270 275 279 287 275 279 286 290 320 331 314 335 335 328 318 316 317 321 322 325 327 326 328 324 324 325 327 345 346 340 336 348 344 337 333 333 333 335 345 360 9 16 28 40 19
358 46 59 67 78 83 76 82 84 87 104 104 92 89 104 105 104 99 96 88 84 101 113 104 81 83 105 122 129 122 141 164 186 192 180 147 136 157 167 150 183 239 246 249 252 258 262 261 254 249 268 272 274 277 282 276 286 291 316 317 325 319 333 322 323 321 321 324 324 336 331 329 328 328 333 327 334 329 330 345 346 349 348 344 337 333 330 326 326 344 4 11 18 4 19 22
330 15 15 61 71 79 74 74 80 82 94 97 95 92 94 107 108 104 103 96 91 103 107 95 76 77 100 119 123 124 140 164 186 191 172 149 158 168 180 213 228 231 239 244 247 250 251 250 248 266 268 272 276 277 279 289 305 313 311 314 305 313 319 323 325 325 336 339 341 338 329 334 333 332 327 338 339 344 329 329 344 345 346 344 339 336 332 326 320 328 359 21 33 1 7 15
30 57 62 65 63 70 81 81 75 75 90 101 105 100 89 97 100 101 108 102 99 111 111 86 62 67 86 109 118 125 142 158 171 174 164 162 167 180 198 213 221 225 231 240 245 247 248 252 253 264 266 274 278 276 281 294 304 306 307 313 322 316 332 335 337 345 340 339 327 322 320 320 323 325 330 328 329 325 333 327 328 330 344 343 340 338 337 329 322 310 275 271 315 328 347 352
93 90 90 81 72 73 83 99 97 85 90 107 106 106 91 93 99 101 111 106 101 112 120 91 51 45 69 89 110 124 144 155 154 162 167 173 181 196 205 214 222 226 232 242 250 256 260 261 252 265 266 274 278 281 286 299 303 303 307 315 322 328 319 333 334 336 337 335 325 322 321 320 318 317 317 316 316 317 322 324 326 329 342 339 338 340 340 333 329 329 317 328 261 306 329 329
111 106 102 94 86 81 82 92 114 106 104 109 117 127 112 100 105 109 116 111 108 118 124 117 76 58 61 73 102 115 139 145 151 162 168 173 190 205 206 215 222 231 242 249 250 253 258 251 265 265 265 270 277 283 292 301 299 300 305 312 318 324 329 332 331 329 319 319 320 322 321 316 322 321 321 320 321 321 322 326 329 333 330 339 339 344 344 339 338 345 351 351 7 330 336 322
110 126 124 121 112 99 86 84 97 103 100 110 113 105 127 112 120 132 138 135 132 142 139 143 116 87 72 72 97 107 132 145 158 166 174 186 205 202 211 221 228 240 250 253 248 249 247 256 257 258 258 263 272 286 293 292 295 299 304 297 304 314 329 322 320 317 315 315 325 324 324 336 335 326 326 326 329 329 328 327 329 331 336 351 350 350 348 345 344 350 360 3 6 304 333 338
13 138 123 111 112 104 100 99 99 104 99 96 100 105 124 123 124 135 148 154 161 172 163 158 134 110 98 84 93 104 124 133 167 175 184 208 208 198 213 228 238 247 254 259 259 254 250 249 251 253 255 258 266 281 288 291 300 305 308 297 306 314 328 320 320 321 320 321 320 319 320 322 325 324 323 324 327 328 329 331 342 333 353 358 356 352 349 349 349 355 4 10 11 321 334 348
4 82 213 131 114 121 119 111 104 110 107 103 111 116 126 128 122 124 133 148 170 187 189 176 149 128 108 99 99 104 113 129 166 185 194 203 199 201 214 224 238 252 258 261 263 263 263 250 253 255 257 260 263 270 277 288 304 314 298 300 305 311 317 322 324 332 332 333 332 331 327 323 323 317 314 322 323 335 342 343 343 346 348 347 348 352 352 353 357 5 11 13 15 14 340 349
357 8 342 234 155 146 137 127 117 112 123 132 134 130 131 132 124 113 108 115 134 158 179 183 157 134 128 113 106 108 115 129 167 191 203 206 208 214 226 236 247 255 259 262 271 272 274 257 263 265 264 265 266 267 268 274 299 319 316 316 320 315 319 322 322 320 320 319 314 306 304 318 323 328 333 321 325 327 334 339 340 334 339 332 334 347 353 357 5 15 18 16 17 18 335 339
320 335 83 330 181 144 144 144 140 139 137 138 134 136 143 138 129 111 96 100 121 138 150 157 161 144 135 122 111 112 119 128 169 198 213 218 223 233 251 262 264 265 270 271 275 279 281 268 274 283 284 276 272 271 269 265 266 294 311 317 323 328 318 315 316 316 313 316 326 318 315 318 324 316 326 330 329 323 321 324 330 326 334 316 333 344 353 2 13 23 24 20 19 22 318 327
69 78 87 114 139 153 139 135 137 137 131 120 117 125 142 168 178 187 195 166 153 146 146 141 148 143 138 125 113 114 122 128 157 210 222 226 235 246 251 257 263 269 271 270 269 273 279 285 296 286 292 292 284 274 269 265 259 264 290 301 306 310 326 328 338 337 336 334 332 329 325 325 317 333 322 323 322 321 320 319 319 332 327 327 344 347 355 7 20 28 29 27 23 26 333 332
97 95 105 121 144 154 164 140 136 130 122 114 113 114 126 144 154 155 157 152 143 142 136 136 127 124 131 123 115 112 116 128 161 205 211 215 221 220 236 245 252 260 265 267 274 271 271 278 288 285 287 293 293 283 275 271 265 266 279 297 310 320 327 321 328 336 337 337 337 324 334 332 332 330 329 332 333 333 321 332 331 320 325 330 349 349 355 11 23 31 36 36 30 30 331 331
91 100 115 124 125 134 140 133 129 123 116 116 116 111 114 123 128 132 129 120 117 123 122 110 113 116 109 117 109 99 92 114 185 221 229 232 232 230 232 238 240 248 257 266 266 278 281 275 279 286 294 286 287 300 282 274 269 270 276 287 294 309 318 324 327 327 328 328 331 333 332 334 318 333 328 330 330 330 330 330 330 319 318 312 332 350 354 9 25 37 43 44 38 34 313 321
166 160 126 122 117 116 146 159 110 109 105 113 110 106 100 103 108 104 97 95 96 100 103 101 93 89 101 105 97 85 79 89 209 260 266 266 257 231 232 259 260 256 249 258 266 268 271 278 268 279 286 292 293 298 293 288 286 285 275 280 285 295 304 307 298 311 292 290 296 303 304 313 326 328 325 327 331 332 330 328 328 328 327 329 340 358 360 4 27 43 48 47 42 37 31 334
99 107 108 113 111 103 141 101 109 107 112 111 104 106 103 104 103 98 95 98 94 83 101 103 91 88 106 105 86 84 82 83 88 271 287 297 297 292 285 257 252 271 251 253 263 268 272 270 271 273 276 280 281 285 289 295 294 292 296 287 282 281 289 295 297 299 300 300 301 303 308 299 304 305 310 318 322 326 330 329 326 325 325 328 340 324 15 7 27 48 51 49 44 37 34 351
54 74 88 93 124 127 134 100 111 112 114 119 117 116 108 108 102 89 77 73 76 89 110 104 88 92 111 107 98 91 87 78 23 300 285 284 287 290 294 296 285 277 278 264 258 258 264 268 271 282 283 283 279 276 285 281 271 267 276 269 278 283 275 271 271 292 299 299 303 303 307 311 308 289 293 305 309 312 322 329 329 326 325 328 336 308 19 18 31 59 61 56 50 41 37 44
76 87 80 85 114 118 126 103 112 116 120 123 122 118 107 105 92 73 73 87 101 112 111 96 77 91 106 110 111 100 85 59 4 308 282 280 286 285 282 285 292 284 281 283 284 285 275 273 288 290 288 292 283 295 286 283 281 284 272 272 283 275 277 276 277 281 286 284 284 285 283 295 295 296 295 305 305 309 314 322 327 329 331 335 343 340 271 27 36 66 75 66 57 48 44 50
70 65 73 90 99 114 96 108 111 116 124 125 120 114 107 97 85 84 100 112 119 115 102 77 77 105 111 110 108 101 82 59 32 348 309 289 284 283 281 279 281 284 282 279 277 275 280 284 289 280 289 291 297 295 287 252 250 289 296 297 270 298 286 245 233 225 224 229 235 240 240 240 238 238 249 262 297 318 318 326 322 325 332 343 358 6 354 284 31 67 79 75 65 55 51 54
79 94 97 117 113 113 105 113 115 121 125 121 124 116 98 77 88 94 108 117 116 105 84 67 92 114 108 100 99 101 82 62 47 25 5 318 288 284 282 278 275 278 278 273 265 267 272 275 277 282 283 284 293 294 288 288 284 281 262 250 247 236 223 225 231 243 250 253 267 259 276 276 273 272 277 267 270 281 316 332 329 320 327 345 7 20 24 19 335 80 82 80 71 61 58 59
79 90 116 105 97 92 107 108 114 120 111 108 78 71 72 72 84 75 94 104 98 86 73 79 100 108 94 85 93 102 78 57 38 24 21 9 310 290 284 282 277 272 266 267 268 271 275 282 286 283 278 280 285 284 275 261 247 248 250 252 243 233 243 275 291 304 314 319 320 318 319 319 318 317 318 316 303 304 300 337 335 329 325 344 13 32 39 39 33 48 88 84 48 68 41 42
87 97 96 93 92 92 100 104 106 101 130 46 50 71 75 72 52 72 98 100 96 89 90 86 98 95 77 77 98 97 73 54 42 29 17 353 327 323 304 284 272 285 281 280 283 274 277 283 289 291 280 266 264 262 258 249 254 251 255 264 276 307 321 325 326 328 323 329 339 334 327 334 332 329 327 325 333 316 311 308 352 338 328 341 22 44 53 54 52 49 93 90 77 71 43 73
