examples/cougarCreek-fire/createInputs/WindNinja/wrfout_d3.2015081012.f20/cougarCreekFire_08-11-2015_0800_217m_non_neutral_stability_ang.asc
ncols	146
nrows	140
xllcorner	610065.000000
yllcorner	5095217.000000
cellsize	216.586807
NODATA_value	-9999.000000
[rows 46 to 91 of 140, columns 0 to 95 of 146]
93 102 111 85 89 89 88 93 88 114 38 44 58 66 64 58 60 93 107 108 107 94 88 76 67 66 61 78 95 83 63 50 43 34 21 359 325 306 294 293 291 283 280 281 283 279 284 284 277 264 267 265 271 276 269 261 257 270 287 306 322 332 336 339 341 335 342 341 334 347 353 355 352 335 332 334 347 333 323 319 321 341 333 349 29 50 61 66 68 76 320 108 82 71 71 71
90 94 101 83 87 87 105 71 62 42 51 57 66 65 69 84 110 141 113 109 101 85 61 33 37 43 60 81 88 76 61 55 54 37 33 17 320 310 300 289 291 280 283 286 288 290 287 279 277 270 267 272 281 283 276 275 285 294 307 328 333 335 338 340 346 350 346 347 353 355 357 344 338 334 333 334 348 350 346 327 320 340 336 0 34 48 56 64 74 88 106 111 93 48 73 72
89 91 86 76 98 96 102 60 67 57 63 68 73 84 108 140 139 142 113 105 89 58 29 32 44 54 75 82 79 76 69 61 68 40 42 54 315 312 305 312 305 284 281 282 284 281 277 286 278 269 270 280 286 290 287 289 302 310 315 334 348 350 351 350 352 358 4 7 356 348 337 323 333 330 323 328 333 347 322 323 326 312 332 354 39 50 54 60 69 76 83 94 44 93 49 48
91 94 95 96 84 63 64 73 76 67 68 77 88 112 150 113 108 102 97 86 83 46 31 55 53 62 78 77 82 93 71 77 72 57 44 53 339 309 306 314 290 300 275 276 281 279 286 285 283 279 280 282 284 286 288 293 306 317 318 320 340 355 359 358 349 348 350 347 330 328 327 334 331 330 331 326 319 314 338 331 319 296 330 321 67 61 58 58 62 66 71 81 97 53 52 51
92 94 93 74 57 78 86 83 78 73 85 99 110 112 107 98 97 84 70 73 75 55 46 40 30 39 53 69 98 99 69 83 80 58 40 54 343 312 309 310 310 298 293 288 276 280 282 282 282 280 280 283 284 281 281 283 294 312 314 311 313 330 353 2 4 0 359 359 356 355 353 350 347 333 335 334 344 338 342 324 359 38 72 149 134 103 77 68 65 65 69 74 81 88 89 84
88 89 72 58 79 82 80 81 82 85 103 134 115 107 131 70 72 61 63 70 63 54 47 11 16 33 59 86 104 100 69 87 85 54 35 53 328 321 315 312 305 295 287 290 297 291 270 276 277 275 272 276 282 285 282 285 301 320 305 303 306 310 319 348 8 9 356 3 335 346 353 345 340 344 348 3 359 353 354 341 20 44 77 116 251 135 122 102 83 74 70 68 69 71 75 78
88 87 66 69 78 80 84 85 81 93 105 104 96 87 64 47 43 49 60 63 57 59 62 105 19 65 99 117 111 80 66 88 82 51 32 27 333 328 320 314 305 297 288 285 292 286 283 273 275 275 276 279 283 295 299 303 314 313 300 300 305 300 317 322 360 22 21 19 9 4 2 2 6 10 18 25 25 23 22 33 328 44 64 98 115 187 236 131 119 97 82 75 73 71 72 75
91 71 62 70 77 77 79 78 78 94 93 131 55 42 43 39 36 52 61 61 58 56 63 12 53 102 112 99 85 68 47 56 75 48 53 5 335 325 315 311 307 300 290 285 285 284 285 285 288 289 285 288 287 293 301 294 284 280 292 306 311 315 314 302 284 276 118 44 34 8 351 352 25 27 10 352 307 286 309 62 68 74 13 225 176 110 116 128 127 113 102 95 88 79 74 73
89 68 67 67 61 63 70 80 83 89 117 112 29 34 51 51 49 67 71 70 61 51 44 25 49 83 78 68 70 59 29 51 70 48 47 354 337 330 325 322 315 307 297 288 279 277 279 279 278 280 288 300 292 295 294 278 252 242 255 259 248 247 278 275 262 254 233 212 291 295 272 261 233 140 16 349 349 63 2 335 292 291 224 100 101 189 98 196 118 110 107 65 98 89 80 73
84 52 54 53 61 41 72 81 72 68 106 87 28 36 51 55 55 72 77 68 56 41 30 27 45 51 48 54 69 55 25 52 65 48 21 351 344 345 335 325 323 322 306 314 298 286 272 273 278 282 282 283 298 289 290 275 253 248 257 252 243 256 260 247 258 261 282 299 236 211 193 140 218 315 141 81 1 337 171 115 175 202 110 104 98 94 91 90 88 86 91 97 98 93 89 81
85 35 42 51 37 53 83 71 79 53 67 34 43 24 46 52 51 72 71 51 38 22 12 22 40 38 50 70 73 47 24 40 57 45 14 341 345 345 326 326 323 324 314 313 303 295 283 275 274 272 282 284 283 285 279 275 267 274 279 275 254 229 240 248 251 255 234 317 318 341 7 269 238 211 103 93 69 68 80 103 196 131 133 120 103 329 84 75 70 74 81 150 86 142 164 83
84 21 31 45 56 81 94 57 43 31 37 54 29 20 38 45 59 85 80 27 19 4 5 26 37 33 56 77 61 30 29 47 65 67 56 6 349 340 313 324 321 319 318 306 290 301 290 290 282 276 274 272 282 281 272 273 269 248 255 252 247 242 248 247 245 241 256 297 329 355 30 86 214 67 54 53 47 53 80 170 172 171 183 207 120 104 94 90 88 86 84 63 66 140 80 118
74 64 35 66 64 98 52 51 39 35 68 61 27 44 59 58 83 108 118 68 9 2 29 48 35 39 70 77 46 24 42 56 67 65 54 15 337 334 320 329 317 311 313 313 302 299 296 293 293 291 282 277 271 274 265 253 249 255 268 264 250 245 231 234 235 236 232 251 317 11 49 155 48 37 39 39 41 65 180 168 99 96 161 172 181 189 232 108 316 100 93 87 85 83 79 64
59 44 49 5 88 68 86 34 26 52 65 52 61 72 97 108 114 117 122 167 6 7 28 28 21 56 80 65 36 37 63 77 50 48 11 28 323 328 324 328 323 315 310 312 312 308 301 292 285 288 288 287 278 273 273 271 268 273 277 271 261 257 254 254 250 231 232 238 246 259 17 32 35 27 40 60 75 90 196 157 162 89 162 162 160 83 177 190 192 175 99 96 10 54 85 63
47 34 57 66 59 91 78 27 52 61 68 80 87 111 144 133 124 118 121 212 2 359 3 3 32 67 70 53 48 63 94 53 44 41 14 349 341 324 327 325 320 317 312 308 309 305 303 282 280 278 281 271 272 271 272 271 270 274 283 284 278 269 257 251 247 251 230 240 283 327 348 15 38 59 96 104 214 212 104 98 93 207 272 283 264 262 252 205 198 206 62 9 95 54 25 68
52 11 61 46 46 96 79 49 62 74 77 89 100 151 139 127 120 114 121 227 2 352 4 14 42 62 64 61 67 67 53 39 41 33 5 343 337 322 329 323 319 313 310 303 300 301 301 300 272 289 281 277 274 271 267 269 269 269 272 273 272 272 270 260 251 264 285 285 276 284 279 177 126 118 212 207 122 122 123 121 114 105 98 93 90 90 10 32 41 158 187 127 97 29 92 90
10 44 69 41 42 42 26 70 80 92 95 95 125 133 123 114 107 102 120 340 8 351 341 358 26 49 60 66 69 61 42 37 75 30 348 340 328 322 329 325 322 312 313 311 300 300 295 289 288 281 275 273 278 261 265 265 262 259 256 254 253 255 258 267 273 274 273 272 277 274 225 161 141 131 197 130 134 133 134 135 132 125 118 111 314 302 6 44 54 105 169 206 224 183 55 32
60 71 78 81 71 75 98 106 107 79 97 104 115 119 113 101 86 72 68 1 358 347 339 353 20 39 59 71 70 57 43 69 74 16 342 337 334 325 328 326 322 309 307 311 303 301 300 295 291 281 278 278 282 259 262 262 258 252 246 243 243 244 243 243 249 254 251 246 236 186 161 155 147 138 200 139 141 136 136 143 148 145 136 281 270 230 209 157 121 174 190 198 178 152 175 142
91 82 86 112 135 131 121 116 79 94 105 109 109 110 104 89 72 23 22 12 350 357 353 358 10 22 54 72 64 54 53 37 30 3 342 337 339 329 329 329 324 308 295 307 306 299 302 297 274 290 275 271 272 283 258 261 256 248 242 238 237 236 233 227 223 225 223 217 205 181 167 164 159 149 141 142 141 133 194 202 219 237 255 279 343 61 126 116 117 178 164 170 179 170 264 88
1 73 76 95 36 24 25 63 83 94 106 111 104 98 89 77 69 20 25 12 360 21 4 356 6 21 56 86 67 63 56 23 14 356 339 338 342 333 334 336 327 312 295 299 302 299 300 295 273 271 281 267 270 282 257 259 253 246 239 234 232 230 225 220 215 212 208 203 197 185 173 167 163 157 144 136 129 122 116 119 140 149 222 222 209 213 213 217 215 190 230 184 145 178 146 81
68 74 83 19 25 25 31 49 69 86 100 104 95 83 75 70 36 15 33 16 0 45 344 344 7 28 57 98 95 87 55 11 357 350 339 339 346 333 336 311 326 316 289 289 295 295 298 293 296 257 266 275 278 265 254 256 252 245 236 230 225 222 219 216 213 209 205 200 194 184 174 210 210 163 149 198 120 112 109 104 103 107 112 189 165 109 110 111 169 191 151 101 142 200 313 77
83 71 62 11 12 11 14 30 52 71 71 91 85 76 68 62 6 14 31 18 26 18 348 345 4 30 71 110 75 51 33 3 349 350 347 342 349 335 340 314 331 325 282 271 274 284 288 288 278 272 263 274 281 278 248 248 249 244 235 226 218 214 212 211 210 207 206 202 192 179 210 209 208 165 160 146 129 124 127 115 103 355 261 240 150 98 163 148 177 148 105 203 340 100 96 91
61 53 356 355 356 360 25 19 39 57 70 76 75 72 66 58 355 15 28 14 29 21 353 356 359 34 100 116 69 34 22 360 346 352 351 346 354 342 343 319 339 315 282 274 269 266 271 280 274 286 275 267 271 267 270 262 243 244 233 220 211 208 207 231 207 206 205 203 194 180 170 163 206 161 227 154 142 135 267 272 191 108 110 166 185 219 214 180 104 103 107 173 182 231 234 101
52 47 32 339 341 351 1 13 30 47 58 64 67 67 49 55 347 21 23 11 25 20 11 3 6 63 166 119 49 22 28 0 339 345 350 357 358 344 347 322 323 290 319 274 266 262 271 278 272 272 271 268 270 269 248 258 266 242 234 217 207 202 201 204 205 205 203 203 200 187 173 163 207 156 154 230 184 185 123 118 110 102 100 102 107 109 104 97 94 99 105 106 107 187 99 92
53 56 337 327 329 341 355 8 22 34 51 56 59 62 61 47 346 22 21 17 17 17 23 13 33 88 163 112 32 25 39 7 337 339 346 357 354 346 348 323 285 286 283 272 261 257 284 279 272 262 258 266 270 266 258 239 242 262 231 219 206 198 196 198 201 202 201 237 201 194 179 164 211 218 224 226 232 178 123 174 113 105 96 89 87 87 83 75 71 76 82 84 91 96 94 230
7 356 330 351 324 336 349 12 21 26 35 41 43 45 53 34 349 23 22 23 17 21 33 20 41 102 126 55 12 28 36 359 334 341 346 351 348 346 351 282 318 340 272 328 259 258 256 279 278 274 261 255 268 270 269 248 235 239 221 218 207 199 195 195 199 201 202 200 237 194 183 166 220 226 233 236 223 218 177 190 115 112 349 89 76 69 63 59 58 59 58 58 62 67 76 86
2 341 323 346 323 336 347 10 15 19 30 35 46 51 45 22 353 28 25 25 18 34 42 24 54 167 103 25 18 33 29 350 329 350 0 358 341 337 352 277 321 336 266 271 263 255 283 255 267 260 257 256 271 257 255 259 236 221 257 215 210 201 196 195 199 204 205 201 196 191 233 223 223 212 221 145 180 151 74 79 140 210 324 107 89 77 72 71 70 66 61 59 352 62 68 82
332 324 342 337 322 335 345 5 6 13 23 29 43 52 44 24 356 31 32 25 26 47 43 22 69 142 49 28 40 35 10 342 330 1 329 358 332 320 351 280 334 338 267 272 316 253 251 294 291 288 259 261 274 236 264 244 239 222 218 216 212 204 198 195 197 203 205 201 197 191 220 217 215 210 225 258 57 285 45 77 134 210 242 118 113 99 91 92 94 90 82 74 69 68 2 327
343 340 335 334 320 331 355 0 4 12 22 29 36 59 49 30 358 42 44 23 40 47 43 40 311 131 36 46 43 19 351 336 343 345 329 353 329 322 351 286 284 333 336 264 263 254 247 284 299 289 283 278 275 266 235 265 244 221 218 239 213 209 200 196 196 200 203 239 237 237 211 226 225 231 243 254 216 212 69 129 80 193 251 288 115 107 95 305 304 104 100 89 79 74 325 82
325 332 348 330 333 343 353 359 5 18 31 38 31 55 49 30 360 43 44 28 47 50 45 58 84 54 37 41 27 17 355 338 8 331 6 336 321 335 347 336 291 334 330 259 260 328 247 245 297 280 291 287 281 266 234 260 275 259 242 263 216 213 205 199 196 198 200 198 231 244 229 220 225 237 244 261 253 76 92 59 39 239 216 238 295 104 97 11 288 273 103 99 91 81 343 27
326 337 328 326 331 342 354 358 7 16 26 33 34 27 43 26 15 46 40 38 48 49 59 67 54 38 42 38 15 20 4 346 351 340 342 293 320 338 346 332 348 339 333 306 257 256 298 269 293 303 301 294 294 266 265 262 273 266 247 245 236 215 211 204 198 196 197 240 194 239 244 233 231 242 306 77 256 120 45 274 301 264 98 96 296 97 3 353 338 87 94 287 97 89 78 339
322 331 324 325 334 348 357 356 12 5 15 24 27 18 37 25 27 44 42 45 52 57 66 54 15 34 40 33 23 29 16 353 354 4 338 291 317 340 347 331 354 344 340 312 259 258 329 245 288 308 304 300 300 275 270 266 274 250 218 214 274 216 215 208 200 243 239 236 232 235 251 252 248 256 349 159 129 331 147 340 315 342 318 310 316 94 0 321 330 313 82 88 278 93 88 78
329 330 323 327 339 349 357 353 5 354 3 21 32 20 36 26 35 47 47 51 57 53 66 69 46 25 29 30 24 34 34 349 357 348 336 221 316 338 332 342 334 334 343 317 325 254 321 310 288 311 305 300 308 276 270 266 272 279 265 237 247 251 217 210 200 247 191 244 190 189 187 239 262 263 340 166 152 145 146 284 342 106 346 325 320 91 91 354 349 356 336 80 87 270 19 91
324 330 324 327 338 358 353 350 3 350 12 26 29 41 32 2 44 28 50 41 50 57 47 65 37 24 30 35 25 32 39 349 345 353 334 298 251 340 342 343 331 328 331 316 250 341 327 329 305 288 307 295 303 286 229 224 217 279 271 245 215 253 261 248 203 195 189 189 189 189 186 182 180 250 297 0 164 146 138 143 316 124 11 354 325 94 96 91 87 84 83 351 327 280 277 13
331 329 324 326 340 351 349 358 1 6 8 20 39 38 26 26 24 29 32 40 49 56 65 60 40 24 32 50 34 21 37 6 354 8 331 302 305 344 339 333 340 338 320 330 304 303 330 242 241 240 302 285 300 231 235 230 223 224 269 225 216 214 212 273 208 203 190 187 187 188 188 182 178 176 257 293 180 160 5 136 283 339 123 14 326 333 104 101 96 93 18 27 20 320 101 113
332 327 324 307 346 352 353 353 357 3 8 19 31 34 24 35 24 30 33 39 50 43 62 53 43 16 43 69 35 2 31 23 14 2 333 321 333 334 338 332 337 322 333 315 315 332 325 242 242 241 237 285 318 238 242 239 233 232 234 227 213 209 209 209 281 210 197 186 185 186 187 263 180 175 176 183 184 173 146 131 136 301 132 117 5 317 330 356 29 103 356 356 32 344 95 99
333 329 324 324 353 346 353 338 353 356 5 15 26 29 24 36 25 31 36 44 46 64 59 50 46 22 57 108 34 0 24 32 19 351 343 323 344 357 331 330 332 305 302 316 301 323 305 235 230 317 276 218 235 246 243 239 236 230 228 220 302 210 211 211 214 214 203 298 186 279 185 188 319 179 175 176 304 178 338 141 132 134 327 131 117 16 331 326 320 36 29 346 44 48 341 92
333 331 326 331 343 343 348 331 353 358 4 11 21 25 19 22 24 31 41 40 43 63 54 49 6 37 60 68 39 8 33 42 356 355 358 347 357 19 351 340 313 322 324 317 316 308 330 228 221 329 310 316 240 244 235 231 229 300 302 218 216 301 220 220 215 267 204 304 188 186 184 187 328 320 270 170 276 320 323 158 145 134 274 344 45 47 32 348 55 310 8 332 339 39 45 96
338 331 332 343 340 345 316 324 355 5 2 5 8 19 20 21 25 35 46 42 62 59 50 48 40 39 55 60 49 18 23 29 344 357 2 3 14 7 1 213 224 226 292 321 322 313 323 227 218 318 317 232 242 232 224 223 222 218 218 220 219 307 222 301 207 194 293 315 302 188 183 181 292 334 306 292 283 302 311 167 315 147 134 259 337 48 43 42 40 0 322 117 110 136 3 112
338 335 337 338 339 343 351 349 359 351 356 358 7 6 28 25 34 41 41 39 59 53 48 49 23 47 58 62 53 40 11 34 0 344 358 359 6 0 35 251 210 218 235 324 328 323 297 319 219 213 312 307 225 217 218 217 297 216 216 217 215 303 216 212 303 296 292 310 319 305 295 171 259 285 309 295 294 300 266 248 266 319 335 265 226 360 20 356 40 48 3 333 356 183 115 122
334 340 338 336 342 347 356 357 3 342 349 353 360 11 25 33 37 36 57 61 59 52 48 54 29 59 63 65 60 35 18 76 21 313 353 349 356 6 275 208 173 199 228 341 351 326 328 221 218 214 320 304 301 214 217 214 213 281 214 213 210 209 211 206 303 310 301 305 321 325 195 296 284 283 299 306 308 326 252 148 152 245 295 320 307 335 5 120 118 241 342 134 107 102 98 100
338 341 341 341 343 346 318 324 331 336 341 352 0 6 16 31 40 31 57 61 59 55 56 34 39 55 64 67 62 46 56 69 14 181 329 349 348 359 28 195 181 202 221 355 10 333 344 215 299 286 324 311 257 215 214 212 211 211 212 276 288 280 208 207 311 194 312 303 312 321 342 316 299 157 162 278 270 295 318 265 241 147 256 295 249 65 46 61 112 108 104 100 98 95 90 85
343 342 336 341 348 348 350 359 329 332 336 350 5 352 12 31 39 58 62 64 60 59 65 29 48 63 77 78 63 59 66 58 21 154 306 352 343 349 210 203 201 195 203 1 37 332 334 331 287 205 313 310 207 299 253 211 261 257 209 274 278 275 277 206 302 307 306 301 306 308 321 323 315 298 153 147 144 148 151 268 263 259 258 286 10 293 337 120 111 103 96 93 90 87 83 79
348 344 344 343 349 344 350 359 322 328 331 357 9 11 14 35 35 67 70 69 64 64 69 40 64 80 87 80 59 62 107 55 31 129 181 354 350 348 209 202 197 347 194 2 104 322 316 330 162 158 250 318 204 207 256 212 254 248 279 269 297 264 271 283 292 283 295 296 296 298 299 326 342 332 295 289 291 264 131 244 253 246 140 137 245 126 118 121 111 101 92 86 81 79 78 78
354 349 347 347 350 351 356 356 315 323 327 359 11 22 12 3 30 74 75 73 69 71 22 54 70 86 95 65 58 62 67 52 35 6 154 324 5 348 205 200 194 134 187 308 56 289 303 147 209 204 162 299 204 206 211 265 207 244 207 208 279 293 204 288 297 294 291 292 286 285 294 312 187 185 169 316 311 317 293 130 134 130 124 124 115 111 112 114 109 101 91 84 80 79 80 82
359 353 346 348 348 350 355 354 304 312 319 338 15 31 21 28 23 78 81 79 77 78 35 57 82 96 71 63 64 72 64 46 35 10 328 342 21 353 201 84 131 4 179 319 359 308 179 212 208 205 207 206 270 253 243 248 238 245 265 206 286 255 286 264 302 206 302 277 273 271 268 294 193 194 344 315 315 326 318 288 285 298 284 116 109 111 108 109 110 107 99 93 89 88 88 88
