examples/cougarCreek-fire/createInputs/WindNinja/wrfout_d3.2015081012.f20/cougarCreekFire_08-11-2015_0800_217m_non_neutral_stability_vel.asc
ncols	146
nrows	140
xllcorner	610065.000000
yllcorner	5095217.000000
cellsize	216.586807
NODATA_value	-9999.000000
[rows 72 to 107 of 140, columns 0 to 79 of 146]
5.34 6.27 8.49 8.92 6.61 5.30 4.87 7.69 7.63 7.67 8.54 9.39 7.68 9.25 9.21 8.00 10.36 12.18 12.35 12.06 12.33 10.61 9.52 9.60 4.81 1.78 6.45 9.59 11.71 10.54 11.28 12.08 12.12 15.68 11.16 12.23 14.10 16.79 12.41 5.70 6.35 15.42 5.24 5.15 5.93 8.56 21.37 11.40 15.55 14.80 17.05 17.40 20.84 14.71 19.57 22.98 19.26 15.45 15.05 12.22 10.73 10.36 9.94 9.68 10.01 10.75 11.01 10.37 9.58 9.28 7.34 5.18 5.81 6.71 6.37 7.73 0.80 1.03 1.53 1.59
7.05 8.67 10.99 10.50 7.29 6.27 6.00 8.96 8.38 8.31 8.43 9.06 6.07 8.30 10.32 9.55 10.94 12.31 13.38 12.58 12.46 11.39 8.52 8.13 4.47 2.45 10.66 11.90 5.41 10.35 12.17 11.74 12.25 13.77 5.62 10.79 13.84 15.42 12.77 5.25 6.14 16.28 5.49 5.27 10.69 7.18 9.85 19.92 18.99 20.34 15.02 16.84 20.00 13.45 15.84 17.07 18.31 14.11 13.78 13.18 12.08 10.75 10.24 10.06 9.96 10.44 11.16 11.03 10.35 9.59 10.10 8.46 6.58 5.63 5.15 4.06 0.17 0.22 1.97 3.55
9.42 10.13 11.48 10.88 7.72 6.75 9.68 9.31 8.83 8.84 8.78 8.88 8.67 7.57 10.26 9.48 10.79 13.43 12.86 13.30 12.30 7.86 9.95 9.25 0.55 1.77 9.81 6.48 4.18 9.57 12.22 12.16 15.90 5.65 5.01 10.78 14.77 15.82 13.45 5.27 3.82 13.95 13.94 5.57 5.12 5.79 8.14 18.62 19.75 14.46 20.96 20.65 19.50 11.78 13.68 17.39 15.60 12.90 13.48 10.38 13.05 11.57 10.44 10.05 10.03 10.54 11.34 11.26 11.36 8.13 6.18 5.18 3.67 2.98 3.79 3.64 0.69 0.31 1.22 8.66
11.70 11.34 13.46 11.49 10.67 9.96 9.95 9.68 9.68 10.03 9.42 5.29 8.95 7.15 8.95 8.07 11.33 10.63 11.27 13.89 12.74 8.58 10.04 6.87 0.37 10.90 10.92 11.18 11.21 11.23 11.16 13.52 10.53 3.86 10.22 12.24 12.65 16.81 13.50 6.52 3.32 16.08 13.95 5.69 5.40 14.14 6.52 7.84 20.37 12.31 20.33 18.78 17.17 11.94 13.23 12.18 17.07 19.62 17.68 21.09 12.77 11.97 10.79 9.90 9.39 9.61 10.29 11.08 12.26 9.80 5.17 3.97 3.73 3.11 1.96 2.55 1.92 0.54 0.39 1.46
12.87 12.89 13.28 12.70 11.25 10.46 10.35 10.49 10.98 7.24 7.45 6.91 6.45 11.13 8.38 7.27 13.93 12.47 13.25 13.58 13.43 9.30 9.36 2.28 10.13 11.27 11.59 11.94 11.09 11.47 10.83 13.77 6.28 4.79 10.38 6.61 15.27 13.84 13.80 6.86 5.67 15.13 17.00 6.05 5.65 5.08 16.28 11.31 19.38 15.01 17.11 17.63 17.19 10.99 11.12 10.63 16.02 19.82 16.86 17.05 8.57 12.26 11.26 10.07 9.37 9.42 9.86 9.37 10.98 11.23 6.54 4.03 3.27 3.44 0.83 2.01 2.59 0.40 1.61 2.70
15.07 14.42 14.46 13.34 11.83 11.46 11.02 11.59 13.73 8.33 8.71 8.67 8.76 11.58 9.07 7.77 13.88 12.39 13.28 14.22 13.48 10.88 9.29 10.46 10.63 11.14 11.08 12.58 13.50 12.19 10.25 13.18 5.08 10.26 11.15 6.79 15.33 15.39 12.88 6.11 12.70 15.76 15.70 6.78 5.94 5.23 13.97 5.48 17.45 14.35 13.89 16.21 14.36 9.96 10.41 10.00 16.05 14.54 11.57 12.05 16.98 12.58 11.64 10.15 9.47 7.64 7.60 8.04 10.50 11.43 9.35 5.33 2.72 3.54 0.92 8.06 0.29 1.58 6.89 0.26
16.21 15.65 15.27 13.78 12.72 11.86 13.40 12.52 11.93 8.31 8.02 8.70 10.08 12.32 9.70 8.78 14.18 12.58 13.91 13.72 10.75 6.45 9.98 5.49 3.17 12.23 12.16 12.63 13.49 12.46 4.70 10.56 10.04 11.01 13.66 4.87 15.22 15.52 7.19 3.59 13.52 16.65 13.94 7.44 6.07 5.44 6.48 16.28 16.22 15.44 12.82 16.50 15.54 8.15 7.98 8.86 16.38 16.56 13.99 15.32 15.85 7.21 11.78 10.51 9.55 7.13 9.29 8.41 9.72 9.75 9.69 10.20 7.41 5.68 1.27 7.64 7.08 6.57 6.02 6.00
17.50 16.84 16.43 14.78 13.73 14.85 13.67 12.51 13.50 7.44 9.85 6.73 13.73 10.21 9.59 12.07 11.97 7.78 13.42 7.25 7.33 6.90 12.02 5.69 3.48 12.73 12.50 12.21 12.63 11.47 10.30 9.47 13.40 11.47 15.45 8.00 4.72 15.04 4.73 2.87 10.05 16.78 15.86 7.44 5.53 10.99 6.42 5.73 17.17 17.21 13.82 16.77 16.97 6.28 9.78 9.66 9.45 17.47 9.84 13.88 9.75 16.05 8.26 5.52 9.77 8.64 8.05 8.04 8.16 8.31 8.28 8.24 8.31 7.97 3.61 2.11 6.18 5.27 4.99 4.47
18.39 17.34 17.33 16.38 14.96 12.59 11.42 14.77 13.35 10.79 6.26 15.89 8.21 10.25 10.27 15.11 9.42 8.92 8.08 7.82 7.90 14.62 7.29 5.58 3.36 12.53 12.26 10.84 11.14 10.99 10.20 11.44 15.13 10.84 12.93 8.40 9.25 13.61 2.52 4.15 13.47 10.94 16.43 15.23 6.13 5.73 6.64 4.28 3.81 5.65 17.29 14.04 18.60 8.83 9.04 7.94 7.41 7.36 4.96 8.10 7.99 9.01 10.14 17.34 9.79 8.34 7.11 6.66 6.83 7.17 7.35 7.18 7.04 7.01 8.57 7.61 5.56 4.59 2.60 4.31
19.87 17.15 17.97 12.41 15.86 12.97 12.92 12.38 14.32 14.36 7.46 7.65 8.34 10.69 11.55 14.28 9.71 9.28 8.48 8.15 14.51 11.89 7.87 5.95 4.15 13.38 11.47 8.45 10.03 12.03 9.56 11.07 11.69 11.78 12.23 13.34 13.47 5.11 2.60 10.75 13.12 5.04 13.82 15.32 16.62 10.79 5.82 5.25 4.01 4.05 5.31 15.58 18.75 8.66 8.75 7.12 6.01 6.22 6.88 6.66 6.64 7.54 8.48 8.92 8.21 8.35 7.03 6.42 6.28 6.24 6.52 7.68 5.93 5.50 5.12 4.89 4.81 4.41 4.14 4.51
20.37 17.53 18.58 17.51 17.07 13.40 13.59 10.27 14.25 13.71 8.19 8.43 9.08 10.69 11.45 14.71 9.86 9.43 8.57 15.50 14.94 9.36 8.02 6.16 4.93 14.41 8.73 3.25 11.51 10.92 10.90 5.80 10.39 12.02 14.00 10.53 13.81 2.16 2.37 12.60 9.27 6.09 5.66 12.81 14.36 14.40 5.15 6.67 5.61 12.43 8.87 5.03 6.32 8.60 8.68 7.29 6.04 5.93 6.47 6.39 12.60 6.28 6.46 6.72 7.34 7.73 7.27 10.53 6.09 6.72 5.92 5.89 4.75 4.55 4.17 4.34 11.70 4.76 6.85 4.96
18.54 17.34 19.29 17.65 14.97 14.23 12.43 9.57 14.59 14.16 7.98 8.55 9.96 11.11 16.32 10.61 10.18 9.90 9.41 16.74 14.90 9.27 8.00 6.64 11.92 13.24 9.20 10.27 12.32 6.71 10.15 6.13 10.62 11.97 11.14 14.68 5.43 2.51 10.01 11.39 3.71 12.02 12.76 13.60 14.88 15.12 9.33 7.99 7.10 9.40 16.27 17.35 7.51 8.50 8.41 7.84 7.02 7.06 7.56 6.47 5.78 9.82 5.25 4.80 4.99 12.98 6.71 4.27 5.61 5.21 5.29 5.55 6.15 2.89 6.70 4.31 9.05 7.28 6.80 5.82
20.60 17.36 19.70 17.85 14.55 14.70 10.27 8.88 15.25 11.65 7.47 8.24 15.38 11.72 12.18 11.49 10.48 10.00 16.41 15.98 9.65 8.87 7.75 7.20 6.02 13.01 11.40 12.22 11.96 5.62 11.10 6.19 10.54 11.70 11.93 12.43 6.32 5.44 12.38 2.67 4.06 6.38 13.63 15.38 12.99 16.00 11.51 8.47 7.70 4.40 16.02 7.06 7.95 8.13 8.56 8.65 8.18 7.48 7.02 6.66 6.23 7.58 5.81 8.51 4.53 5.45 4.69 4.49 6.02 4.72 4.34 4.53 8.93 6.35 8.60 8.91 8.46 9.91 8.25 7.16
21.73 18.50 19.22 16.26 15.97 15.01 12.45 11.84 14.99 6.49 7.05 7.47 8.36 16.37 16.62 11.36 18.04 18.26 17.29 15.73 10.23 8.89 7.32 6.98 9.90 12.64 11.70 12.01 13.00 5.93 10.73 9.39 10.64 12.53 10.89 6.96 6.52 7.40 5.98 1.16 2.31 4.27 5.39 8.21 10.82 13.44 7.24 1.43 7.79 6.96 13.29 7.60 8.47 8.95 9.23 9.29 6.62 8.80 8.08 7.56 7.26 7.54 6.99 7.15 17.09 15.84 8.37 5.85 4.89 7.72 6.95 3.92 9.49 6.84 10.55 7.73 7.62 8.59 7.93 9.73
23.23 20.04 17.93 15.97 18.91 16.04 12.93 13.35 12.64 6.10 6.48 6.43 6.27 16.44 17.39 17.52 17.47 18.07 10.14 10.36 10.32 9.02 7.23 6.67 13.98 11.20 12.57 12.37 13.17 10.67 11.62 8.41 9.09 6.67 11.02 5.95 9.19 10.28 1.80 0.80 2.18 3.54 4.60 6.31 10.75 12.66 11.42 8.35 8.34 7.93 9.66 12.26 16.08 10.26 9.64 9.45 9.49 5.37 9.29 8.83 8.31 7.94 7.93 7.90 10.95 17.64 9.20 7.30 7.25 7.73 4.60 14.05 12.39 8.34 8.34 9.49 8.51 7.38 5.79 6.97
24.40 19.39 16.90 17.42 19.38 15.00 9.45 8.09 7.07 6.57 6.26 5.67 5.20 16.93 15.88 16.81 17.58 15.47 10.66 10.76 10.12 8.71 7.25 10.45 13.60 13.61 13.56 13.34 13.73 13.11 10.33 7.52 8.83 3.00 11.53 7.45 10.21 8.31 5.26 2.14 2.02 2.70 4.12 6.53 4.45 11.88 8.78 8.39 0.91 1.82 6.36 12.16 9.83 10.87 10.57 10.14 9.79 9.74 9.91 6.10 7.83 6.23 8.77 8.05 10.98 5.26 8.39 7.55 7.71 6.64 6.97 6.01 7.02 4.57 5.31 7.51 7.71 9.37 8.65 6.35
24.20 18.44 18.05 20.63 18.57 18.31 14.19 13.45 7.30 6.90 6.21 5.30 4.93 12.02 17.09 15.08 16.78 9.95 10.66 10.78 9.60 8.19 7.40 14.42 14.14 13.66 13.37 13.57 13.70 12.18 10.52 9.36 9.71 2.98 7.92 7.26 9.61 9.34 5.65 4.97 4.76 4.93 5.19 6.14 1.96 6.74 7.19 5.38 0.89 9.96 2.92 10.05 10.50 14.71 5.00 11.33 7.10 6.55 10.74 6.78 6.70 6.35 7.27 9.27 10.86 15.33 10.43 9.14 9.39 8.54 6.97 6.75 9.47 14.26 4.75 4.54 5.06 5.41 5.86 7.28
18.95 17.34 21.38 21.08 16.56 17.20 15.16 13.55 6.78 6.43 5.71 12.55 4.89 4.63 17.72 14.54 16.48 8.25 10.15 10.41 8.89 7.65 7.46 14.93 13.71 5.67 6.65 10.72 12.45 11.23 4.35 9.20 9.09 3.10 2.65 9.64 8.79 8.90 6.77 6.88 7.51 9.63 7.48 6.71 1.50 7.90 9.67 3.08 1.92 1.33 0.77 7.44 10.36 10.81 6.08 11.81 6.05 6.53 4.73 6.70 9.28 6.20 7.08 9.94 12.31 12.23 14.58 11.28 13.41 12.80 8.50 8.27 6.95 7.09 6.39 12.25 9.42 6.86 5.42 8.39
17.83 16.18 20.68 20.08 15.24 15.35 14.12 13.11 6.62 6.31 5.91 13.82 5.57 5.89 19.12 2.91 17.05 6.93 9.19 9.69 8.31 7.20 14.45 13.40 5.55 6.01 6.61 13.08 11.16 11.16 11.02 9.15 9.20 4.54 3.11 7.79 5.67 6.81 7.31 7.30 7.36 1.63 8.54 4.33 1.06 7.34 11.18 4.44 10.79 10.56 2.37 4.45 10.38 10.52 11.30 4.26 11.38 6.60 11.02 11.13 9.37 12.46 10.87 8.96 9.67 11.31 16.43 14.94 17.07 17.12 17.64 8.79 6.65 5.52 4.70 8.13 7.67 7.06 10.44 7.04
16.35 15.22 19.53 18.93 14.86 13.90 12.81 13.95 6.36 6.49 6.71 5.19 4.70 5.57 4.64 16.89 15.71 6.67 8.43 8.66 7.62 6.67 14.05 12.67 5.46 6.78 13.38 12.75 12.99 11.34 9.90 8.46 6.46 6.40 3.22 8.46 4.93 6.46 7.40 4.62 2.89 3.13 9.30 6.48 3.41 8.49 1.91 9.31 9.91 10.19 10.30 10.41 12.61 12.43 10.62 6.12 4.95 6.87 6.21 11.34 7.81 8.40 10.97 9.61 10.82 8.12 12.71 8.94 11.53 12.60 12.18 16.14 6.70 6.55 9.23 6.41 7.73 6.86 6.27 11.37
20.70 15.36 19.39 20.34 18.87 17.73 12.48 11.92 13.84 5.73 5.96 15.81 2.24 15.55 2.58 17.35 3.24 13.91 8.10 8.00 7.03 9.70 13.81 3.70 5.83 7.73 11.62 12.48 12.53 12.69 9.06 6.67 7.59 8.41 6.31 7.54 6.13 1.38 3.96 7.32 2.72 5.14 8.06 7.20 7.31 1.55 2.38 3.14 9.34 9.98 10.52 10.64 11.29 11.54 12.22 11.84 6.98 8.22 6.10 5.24 5.93 8.90 8.98 10.60 13.42 9.00 7.50 14.21 10.84 12.30 11.93 15.80 6.57 6.44 7.09 7.30 13.77 12.15 12.51 9.45
20.97 12.76 11.92 10.69 17.74 18.35 11.63 5.84 12.44 5.39 15.26 13.87 0.52 14.28 12.21 14.19 14.94 10.02 7.48 7.51 6.52 9.32 10.94 12.25 6.44 8.28 12.46 12.52 11.99 10.43 8.59 5.72 8.57 9.47 8.18 3.62 3.65 4.34 4.90 5.83 6.48 6.66 6.27 5.45 5.37 1.64 1.83 8.51 8.88 9.64 10.86 3.12 8.65 11.85 11.83 11.86 10.85 13.70 7.78 6.27 5.49 6.64 10.68 13.23 12.87 10.53 9.97 7.49 15.87 12.34 12.43 16.02 6.88 6.37 6.65 10.45 9.70 6.76 5.17 4.50
13.53 13.42 12.40 10.28 21.44 18.94 12.44 5.55 5.15 5.10 5.69 14.55 13.23 11.16 11.81 12.87 12.23 12.64 6.24 6.81 5.88 7.18 11.46 11.63 6.30 7.84 13.00 11.38 8.88 11.17 11.17 7.89 10.55 8.75 1.19 1.00 2.16 3.55 4.08 4.39 4.78 5.58 6.21 6.00 5.66 5.93 6.67 7.54 8.28 9.03 10.12 3.32 8.32 11.42 11.46 11.40 13.25 11.80 12.11 8.46 6.31 8.55 14.48 10.65 10.35 14.84 15.13 12.54 17.00 12.71 13.60 15.94 7.43 6.63 8.66 5.89 4.99 7.89 9.58 4.24
18.07 12.91 22.48 9.08 20.54 17.79 5.26 10.28 5.44 7.36 13.33 12.98 11.68 10.91 11.16 11.53 13.83 12.85 4.67 6.31 5.85 11.57 10.79 3.79 5.32 6.87 12.12 9.18 7.34 12.39 6.42 10.20 9.63 7.69 1.24 0.87 1.85 3.07 3.76 3.99 4.30 5.38 5.97 5.90 5.51 5.25 5.53 6.40 7.33 8.04 8.61 8.92 9.24 10.09 10.88 11.18 11.18 11.21 11.44 11.75 9.52 9.98 13.50 10.20 9.83 9.50 9.44 13.10 13.28 13.55 13.49 13.09 8.53 8.85 10.26 10.28 3.84 3.53 4.30 8.25
12.14 11.35 22.75 19.89 19.47 18.03 5.19 11.60 9.81 12.18 10.22 14.77 12.85 10.58 11.69 10.35 14.55 12.97 3.11 5.96 6.10 13.03 2.86 2.88 4.34 6.19 11.30 9.29 12.58 11.72 10.06 10.07 9.83 2.46 1.63 0.91 1.39 2.50 3.91 4.61 4.76 5.25 5.47 5.39 5.28 5.07 4.98 5.39 5.95 6.49 7.09 7.58 8.04 8.85 9.72 10.23 10.57 10.80 10.97 11.02 14.14 11.16 10.36 10.01 12.82 9.03 8.23 7.68 7.49 14.45 14.28 12.99 10.06 13.44 13.75 8.30 3.85 3.58 4.15 7.52
12.55 11.47 22.79 20.56 18.20 16.73 15.30 5.06 12.66 15.59 3.56 13.89 12.88 13.99 0.90 14.12 12.68 12.88 2.22 10.08 5.70 4.64 3.21 2.78 3.98 10.20 6.70 12.25 10.04 5.28 9.84 5.05 3.87 2.74 1.88 1.26 1.15 1.79 2.93 3.84 4.25 4.95 5.27 5.16 4.99 4.97 4.90 4.83 5.02 5.33 5.80 6.60 7.45 8.07 8.60 9.13 9.60 10.02 10.32 10.37 10.28 10.35 10.41 10.05 9.51 8.95 8.33 7.83 7.32 6.81 6.50 6.19 5.74 12.19 8.17 11.66 10.17 4.28 4.37 10.53
13.67 12.46 10.49 20.53 20.80 6.55 14.69 5.84 5.21 5.09 14.71 11.57 13.29 13.43 2.03 2.28 16.43 10.41 10.13 14.07 4.11 4.59 4.43 4.04 10.22 9.44 10.12 4.79 10.37 10.35 9.01 4.33 3.65 3.00 2.28 1.81 1.62 1.80 2.64 3.63 3.54 3.98 4.53 4.66 4.45 4.37 4.54 4.51 4.52 4.75 5.08 5.74 6.60 7.24 7.65 8.09 8.61 9.15 9.58 9.73 9.75 9.78 9.78 9.63 9.22 8.65 8.07 7.59 7.02 17.08 6.11 5.94 5.71 14.24 13.18 16.60 10.69 5.19 4.75 11.17
12.14 21.77 9.54 20.82 18.98 7.25 17.85 5.61 5.08 18.16 17.82 5.79 14.74 16.16 4.14 13.01 14.57 13.78 11.95 2.78 3.57 12.16 4.28 4.89 5.40 11.05 9.90 9.62 9.81 10.34 8.73 10.12 3.38 3.11 2.67 2.26 2.18 2.41 3.02 4.13 3.98 2.86 3.12 3.68 3.86 3.71 3.79 3.85 3.79 4.02 4.79 5.48 5.75 6.14 6.55 7.02 7.55 8.06 8.55 8.90 9.10 9.19 9.08 8.94 8.75 8.29 7.77 7.40 7.07 6.63 6.41 6.23 13.58 13.05 12.87 12.24 12.89 10.05 4.53 3.37
9.34 20.98 7.08 23.10 7.02 13.55 18.99 13.27 20.04 4.69 5.51 7.45 14.64 5.78 12.85 3.25 12.08 11.06 11.91 1.90 2.23 3.08 4.29 14.70 12.62 10.73 9.33 9.68 9.34 10.17 3.48 3.40 3.16 3.01 2.80 2.71 2.90 3.03 2.71 3.22 2.83 0.58 0.97 1.90 2.49 2.68 2.88 3.09 3.09 3.32 4.12 4.94 5.24 5.58 5.85 6.06 6.43 6.97 7.53 8.00 8.37 8.55 8.46 17.22 8.07 7.81 7.47 7.22 6.94 6.66 6.51 6.27 5.88 5.50 5.05 12.33 11.41 10.74 3.94 4.23
10.36 8.58 6.30 22.20 6.53 18.48 21.12 6.17 4.96 20.76 4.41 15.05 12.05 14.30 14.85 14.15 11.41 10.45 10.62 13.63 0.73 2.03 4.16 4.61 3.98 3.92 10.58 10.09 9.43 10.00 2.87 3.21 3.17 2.99 2.75 2.67 3.03 3.44 4.04 4.76 4.78 3.37 1.67 0.79 1.17 1.73 2.31 2.68 2.78 3.32 3.75 4.12 4.69 5.18 5.54 5.78 5.98 6.34 6.78 7.18 7.56 7.92 8.05 7.92 7.78 7.45 7.06 6.81 6.41 5.98 5.85 5.71 14.84 14.98 15.23 14.11 12.74 12.46 12.97 7.96
10.69 9.94 8.43 6.30 7.21 17.31 6.96 18.38 16.46 20.36 2.96 16.84 15.52 14.93 13.65 8.98 2.19 12.64 11.48 9.74 1.24 11.96 10.38 2.95 3.54 3.92 11.28 11.21 10.25 3.04 2.78 3.23 3.35 3.06 2.72 2.36 2.38 2.98 3.77 4.35 5.50 4.78 2.53 0.73 1.02 1.92 2.48 2.88 3.02 3.18 3.16 3.08 4.04 4.91 5.36 5.73 5.96 6.20 6.46 6.65 6.86 7.17 7.46 7.61 7.44 6.94 16.93 16.57 15.60 17.12 17.12 17.26 17.07 15.98 13.24 12.48 12.62 11.65 11.91 9.56
10.77 10.77 10.59 8.41 21.23 6.19 22.12 19.99 17.58 5.19 4.03 11.99 5.30 14.67 15.75 10.22 3.27 12.49 2.90 9.22 14.15 0.48 9.50 4.91 11.71 11.20 11.00 11.00 8.55 3.00 9.26 8.74 3.23 3.11 2.75 2.18 1.55 1.03 1.13 2.57 4.25 4.39 3.13 1.83 1.64 2.15 2.56 2.98 3.28 3.11 2.75 2.40 3.17 4.32 5.02 5.32 5.62 5.96 6.24 6.38 6.41 6.48 14.77 6.80 6.74 15.54 16.72 16.03 15.06 15.57 16.04 16.32 15.31 15.69 14.68 12.98 12.27 14.16 10.43 9.00
9.97 9.16 8.44 7.67 6.05 18.87 4.87 17.60 21.88 5.99 6.28 6.77 13.96 17.93 6.99 13.81 13.33 13.47 3.20 14.49 3.30 10.46 9.08 1.91 11.74 10.78 11.21 11.61 10.12 9.41 10.51 8.97 2.77 3.01 2.88 2.43 1.89 1.59 2.17 3.09 4.03 4.18 3.29 2.30 1.74 1.57 1.82 2.45 3.05 3.34 3.08 2.57 2.44 2.83 3.61 4.26 4.65 5.19 5.71 5.95 6.03 6.02 6.03 6.21 6.13 16.04 16.21 15.48 5.28 4.56 15.19 15.08 14.76 13.90 14.38 14.14 12.06 11.78 11.73 13.17
10.24 8.50 7.50 7.17 6.17 4.09 23.66 4.70 6.75 12.62 7.17 8.39 8.00 19.32 9.07 7.94 14.49 13.72 2.90 14.47 13.10 3.11 2.59 13.00 13.91 3.45 9.60 4.59 10.80 9.58 3.32 2.85 2.76 2.88 2.98 3.00 2.74 2.21 1.92 2.21 2.82 3.16 2.84 2.27 1.83 1.38 1.33 1.83 2.39 2.65 2.35 1.83 1.69 1.54 1.55 2.24 3.19 4.31 5.17 5.51 5.59 5.63 5.78 5.94 13.68 14.62 15.53 5.39 5.12 4.64 3.84 14.96 14.56 14.03 13.70 13.81 13.48 12.11 11.05 10.39
10.41 10.17 9.68 9.16 8.79 8.13 7.13 6.04 22.04 6.37 14.90 7.02 20.07 11.81 8.65 6.25 15.85 14.42 3.49 14.14 12.76 9.22 8.82 2.97 3.71 10.56 4.31 4.90 12.17 4.00 3.89 3.60 3.31 3.07 3.08 3.26 3.14 2.55 2.02 1.94 2.38 2.88 2.70 2.28 2.06 1.69 1.45 1.50 1.51 1.29 0.79 0.45 1.42 2.06 1.46 0.60 1.66 3.59 4.66 5.17 5.34 5.32 5.41 5.60 5.73 5.61 5.36 5.18 4.88 4.47 3.96 3.22 2.50 13.29 13.55 13.94 13.13 13.47 11.37 8.03
10.96 10.75 11.11 11.27 11.16 11.11 10.40 8.61 7.19 6.52 14.70 20.51 20.06 6.87 20.87 15.78 3.68 3.42 3.98 3.47 11.09 8.49 3.46 13.68 4.30 3.74 13.45 13.95 3.97 4.27 4.23 3.93 3.60 3.31 3.19 3.29 10.04 8.96 6.50 2.59 2.74 3.04 2.87 2.52 2.39 2.07 1.72 1.45 1.32 1.07 0.59 0.27 1.80 3.86 4.54 3.15 2.10 3.59 4.63 5.00 5.20 4.96 4.84 5.17 5.55 5.52 15.74 15.86 16.40 16.21 16.34 15.36 14.30 13.45 13.23 12.52 12.18 12.50 10.63 10.11
