examples/cougarCreek-fire/createInputs/WindNinja/wrfout_d3.2015081012.f20/cougarCreekFire_08-11-2015_0800_217m_non_neutral_stability_vel.asc
ncols	146
nrows	140
xllcorner	610065.000000
yllcorner	5095217.000000
cellsize	216.586807
NODATA_value	-9999.000000
[rows 0 to 35 of 140, columns 0 to 79 of 146]
13.19 10.80 10.03 8.10 11.20 4.74 6.84 8.58 9.06 8.90 8.60 8.66 9.19 8.98 12.17 8.48 11.15 10.90 9.97 13.86 16.69 16.27 14.00 12.57 12.00 11.88 11.88 11.57 11.99 12.86 12.33 14.30 9.33 9.85 9.97 10.50 10.87 10.94 10.71 10.55 10.29 9.91 9.61 9.42 9.34 9.00 8.53 7.99 7.61 1.96 6.24 5.01 8.26 8.49 11.76 12.98 12.69 8.43 13.63 14.42 14.07 12.91 14.23 14.31 13.55 12.49 13.41 17.10 20.08 21.20 20.18 16.76 13.65 13.82 17.11 18.66 16.20 16.35 20.17 23.29
13.19 10.80 10.03 8.10 11.20 4.74 6.84 8.58 9.06 8.90 8.60 8.66 9.19 8.98 12.17 8.48 11.15 10.90 9.97 13.86 16.69 16.27 14.00 12.57 12.00 11.88 11.88 11.57 11.99 12.86 12.33 14.30 9.33 9.85 9.97 10.50 10.87 10.94 10.71 10.55 10.29 9.91 9.61 9.42 9.34 9.00 8.53 7.99 7.61 1.96 6.24 5.01 8.26 8.49 11.76 12.98 12.69 8.43 13.63 14.42 14.07 12.91 14.23 14.31 13.55 12.49 13.41 17.10 20.08 21.20 20.18 16.76 13.65 13.82 17.11 18.66 16.20 16.35 20.17 23.29
12.77 13.77 13.78 10.47 17.30 16.56 9.98 8.19 18.53 19.42 19.10 19.06 9.88 10.18 19.53 17.26 16.91 10.02 10.75 10.40 12.78 15.01 16.27 14.41 11.26 10.23 20.47 20.17 11.47 10.67 9.96 20.59 12.17 12.71 9.60 10.15 14.08 7.22 7.25 9.52 7.77 9.43 11.84 11.75 8.37 4.48 7.39 8.71 6.41 7.96 6.74 6.24 3.04 9.46 11.78 12.70 12.64 9.39 14.28 14.46 13.06 9.01 11.22 12.15 13.07 10.68 15.79 19.04 19.28 21.71 19.49 16.11 8.94 15.65 19.10 19.19 18.11 18.97 21.46 24.28
4.76 12.98 15.70 14.92 13.81 13.94 16.68 16.09 17.86 12.66 17.85 17.98 11.36 8.81 14.95 12.53 14.93 13.96 12.98 8.38 8.04 13.62 20.53 17.44 11.95 9.31 18.15 19.22 11.03 9.68 16.64 17.58 18.15 17.83 16.46 15.33 15.07 12.18 9.71 11.30 9.40 8.58 8.85 8.46 7.40 5.50 8.55 6.71 7.26 7.46 6.19 5.12 7.28 10.13 11.65 11.79 12.29 7.68 9.41 9.56 10.48 10.54 12.07 13.79 14.26 12.13 20.38 17.47 22.73 21.38 18.22 10.90 17.87 21.11 23.94 22.01 21.13 23.01 23.96 26.89
9.67 18.85 15.91 17.45 15.02 15.29 9.38 15.75 7.33 9.53 20.93 20.65 15.05 10.26 7.38 12.98 15.04 12.54 13.96 13.56 8.92 12.08 18.23 19.41 14.81 10.60 9.66 20.91 17.57 16.84 16.40 15.42 18.45 16.72 16.87 15.82 15.80 15.16 9.69 8.05 7.91 7.81 7.42 6.39 4.38 3.68 6.17 5.80 4.89 4.88 8.55 9.64 10.11 10.50 11.51 11.19 7.15 10.22 8.51 17.23 14.61 12.75 13.84 17.12 14.59 21.51 17.98 22.75 21.34 19.95 13.75 21.16 23.81 26.47 24.63 26.54 23.77 23.52 26.23 29.94
8.15 19.47 14.73 20.71 15.81 15.14 15.82 17.49 17.83 18.51 20.09 23.02 16.26 12.82 6.54 5.77 15.31 11.94 12.50 7.80 9.46 10.75 16.23 26.64 18.69 12.07 8.81 19.91 18.57 17.65 15.69 17.53 18.04 16.68 17.25 15.45 15.75 15.34 11.48 8.14 9.44 9.15 7.50 6.09 5.14 4.35 3.63 3.35 5.27 8.22 9.48 10.16 11.82 11.65 10.78 7.63 6.06 11.83 17.04 11.73 15.19 15.06 16.85 16.32 21.11 18.05 22.40 22.12 19.99 14.35 23.15 21.94 23.56 26.74 24.80 22.68 20.37 23.00 27.80 31.43
15.33 20.47 13.93 15.09 18.50 14.29 14.15 9.67 18.19 18.98 20.12 22.69 21.92 14.67 9.35 4.37 15.76 13.86 6.86 7.73 9.71 12.93 16.73 20.07 22.16 12.67 17.91 17.33 18.73 16.39 13.41 17.45 18.11 14.79 15.61 15.24 14.75 15.49 10.05 8.75 8.93 10.10 8.78 7.92 7.62 2.54 5.89 7.50 8.13 7.94 8.47 9.24 12.93 12.84 8.00 8.49 9.74 10.35 13.01 14.04 14.62 17.40 18.24 13.99 19.53 21.72 22.52 20.97 16.76 23.52 22.18 26.30 25.67 23.07 21.13 17.69 22.14 24.74 28.24 31.43
18.96 20.39 20.16 20.10 18.26 16.50 16.69 17.76 18.31 8.64 20.08 22.15 22.43 14.40 9.12 4.41 12.22 13.37 15.89 7.25 10.36 12.92 15.68 18.38 22.34 13.32 10.01 20.79 18.08 9.70 14.06 18.55 14.46 13.09 15.96 15.16 15.09 14.49 12.23 10.12 10.47 9.98 10.15 8.51 8.15 8.23 7.50 5.68 7.57 8.38 11.82 11.26 11.41 9.57 8.80 10.85 9.96 11.66 13.24 14.64 15.95 16.92 13.96 21.12 18.92 21.76 21.72 20.81 19.21 22.04 24.74 23.61 23.13 17.58 21.86 17.68 23.24 25.18 28.31 32.05
18.14 20.08 16.37 17.24 17.69 16.34 15.90 16.61 19.08 20.13 21.05 11.14 13.47 18.80 12.38 7.57 6.00 14.15 14.11 7.24 11.37 13.60 12.22 14.94 26.15 14.87 10.99 19.50 16.46 12.41 13.92 16.97 13.28 12.97 16.48 14.41 14.77 14.61 14.78 15.20 13.76 9.44 10.19 11.37 1.94 10.05 9.99 6.85 9.91 8.67 8.62 12.22 13.56 11.70 10.79 10.02 8.71 11.60 13.90 15.23 14.53 13.78 14.89 16.97 20.78 21.50 21.77 20.84 21.76 24.99 23.04 19.60 18.83 23.80 20.76 20.78 22.05 25.23 30.52 33.99
17.81 19.45 18.18 19.29 17.36 19.94 18.58 17.65 18.20 17.89 19.32 21.63 22.18 20.74 14.83 8.90 7.08 6.33 18.12 8.35 11.54 13.24 11.74 12.71 17.69 19.00 11.89 16.37 18.74 14.20 12.78 16.24 14.43 14.23 15.57 13.48 13.89 15.35 14.29 15.13 13.57 10.80 11.59 6.26 9.73 1.57 9.28 9.99 8.14 8.71 10.02 12.09 13.81 11.71 10.14 8.11 9.05 10.80 12.68 11.58 11.01 19.61 17.46 20.35 20.83 20.40 21.07 21.32 23.13 24.30 21.84 24.54 25.45 22.62 21.45 23.06 24.10 29.47 34.57 35.76
14.63 16.65 17.57 17.23 17.48 17.42 18.49 19.66 19.82 19.90 20.78 20.71 20.82 21.69 14.12 11.75 8.69 6.27 18.51 18.16 11.64 20.33 10.37 10.69 16.11 21.04 13.45 13.70 17.14 11.75 11.06 15.39 12.26 13.45 15.30 14.47 15.77 15.56 14.93 16.53 12.39 12.53 5.05 10.20 10.21 1.88 11.31 9.88 11.75 9.76 7.69 11.47 12.00 7.57 5.88 7.76 8.86 9.75 10.07 10.89 15.37 15.66 19.77 20.87 19.48 20.58 22.71 23.25 24.41 25.49 23.56 23.88 23.51 23.86 21.94 26.20 28.97 33.87 36.44 35.67
15.14 14.87 12.69 14.85 15.06 15.98 17.08 19.63 20.62 20.61 21.18 21.22 20.28 21.55 19.35 19.85 11.42 6.89 15.03 18.80 10.06 20.28 9.56 9.11 14.30 21.49 14.60 16.05 17.81 11.29 11.49 15.67 13.73 15.04 15.79 14.65 15.21 15.07 15.74 16.24 17.08 8.42 13.40 3.19 0.64 2.28 12.58 12.86 12.64 12.38 13.77 11.58 8.43 6.47 7.23 9.86 9.35 10.03 10.78 14.16 14.28 18.25 19.88 19.39 19.93 22.99 22.25 22.60 23.09 24.06 24.81 23.88 26.50 23.30 27.35 28.96 32.49 35.34 35.60 34.32
15.55 16.29 14.57 11.83 13.10 12.68 16.64 18.71 19.99 22.63 21.63 21.92 21.17 21.06 14.82 14.96 11.13 17.33 16.63 19.52 19.13 20.72 20.50 9.40 12.79 17.94 15.58 14.97 16.41 9.22 12.91 14.01 15.15 3.65 16.19 15.82 16.40 15.38 14.15 10.43 19.81 10.01 5.50 12.92 1.31 12.16 13.68 11.93 14.77 13.56 13.19 12.22 7.31 6.39 10.64 12.20 10.48 11.39 12.21 12.11 16.55 17.64 19.22 19.28 19.12 19.15 18.91 18.99 19.60 20.70 22.76 25.26 24.00 23.88 29.25 31.50 34.36 35.04 34.00 32.92
11.86 12.25 16.82 18.97 15.88 13.82 14.99 9.45 8.29 11.42 22.56 24.78 24.84 22.68 15.49 14.58 11.05 14.36 18.47 18.66 19.61 20.48 20.22 19.43 12.08 17.24 17.31 17.92 13.97 9.43 10.63 14.35 15.32 16.83 16.02 16.12 17.22 17.45 7.27 12.02 17.44 10.46 4.46 1.75 11.80 15.07 13.99 14.78 15.43 15.85 13.86 11.55 8.64 8.26 12.25 12.57 13.23 13.91 13.94 15.35 16.06 14.98 15.55 18.00 18.68 18.88 17.96 17.97 18.82 18.34 23.57 26.27 28.07 29.74 31.35 33.10 33.87 32.69 31.40 31.15
11.12 16.62 16.25 19.85 18.14 17.35 16.25 17.83 18.46 9.66 13.72 26.20 25.22 24.47 25.49 16.12 12.48 7.58 15.61 17.66 18.82 20.27 20.80 22.26 11.91 15.70 19.58 16.85 13.91 9.26 11.10 14.12 17.64 16.68 17.27 15.79 17.74 17.88 9.21 14.44 15.00 8.41 3.17 11.18 16.84 14.74 16.41 13.70 17.17 18.69 14.54 12.56 11.94 11.54 13.78 12.45 13.73 15.06 14.04 14.63 15.69 16.01 16.44 16.06 15.93 14.68 15.28 16.08 17.32 24.00 23.78 27.98 28.02 29.93 31.04 31.63 31.08 29.55 28.35 28.79
21.82 22.41 21.96 21.36 19.70 17.52 16.16 15.42 18.48 21.59 16.21 26.17 25.25 22.43 22.76 22.39 14.87 9.46 13.36 15.44 15.58 18.78 20.25 20.25 23.70 25.24 21.26 18.14 13.39 8.86 12.16 17.07 18.02 5.56 17.42 17.55 16.34 7.91 11.64 15.29 10.27 7.28 3.43 13.35 17.61 16.55 14.11 16.48 18.26 20.00 13.79 15.29 15.45 13.14 12.35 12.36 14.88 15.38 12.91 13.24 14.29 14.47 12.84 13.14 14.05 15.94 18.77 18.77 22.27 24.66 27.95 25.91 25.80 26.68 27.62 27.74 27.56 27.22 29.78 27.33
22.23 22.95 21.85 18.87 18.61 16.40 16.67 16.95 17.83 20.57 23.25 26.79 24.14 21.38 21.51 14.09 14.69 13.16 14.15 17.61 16.26 19.52 19.88 13.41 20.82 23.92 22.61 16.18 12.39 8.65 13.97 17.16 14.76 19.59 16.59 18.29 6.09 8.76 13.16 21.34 12.46 7.78 4.70 5.41 15.45 14.45 16.03 18.14 19.60 19.42 17.01 18.04 16.94 15.65 13.27 13.54 17.22 12.57 13.84 13.63 13.84 13.13 13.24 15.11 16.07 19.28 21.20 20.36 24.27 26.88 25.55 22.74 22.96 23.89 24.11 23.82 24.31 25.42 26.41 26.84
22.49 22.82 22.12 18.99 16.89 19.21 18.80 18.99 18.44 17.02 20.94 24.98 24.58 17.92 20.60 10.54 11.62 10.61 16.58 10.03 18.17 20.11 18.66 13.90 17.35 21.91 22.24 15.82 11.42 10.66 17.14 17.48 17.91 18.89 16.17 16.16 6.47 9.78 13.69 19.27 12.27 8.35 5.51 14.44 15.56 16.50 17.33 22.26 20.60 21.76 20.91 19.76 18.47 15.76 12.36 16.20 17.25 10.54 14.42 13.02 12.12 13.48 15.04 16.91 18.36 21.82 23.76 24.02 23.76 23.07 23.06 20.17 20.86 23.49 25.21 26.40 23.31 23.71 24.57 25.32
19.39 20.98 20.00 18.31 15.49 16.89 18.15 18.53 17.51 15.80 18.89 23.25 25.44 25.45 23.76 22.08 20.18 18.99 17.46 17.39 19.02 21.71 20.18 15.29 16.39 22.11 20.29 14.37 11.44 14.11 17.89 17.48 19.94 8.39 16.47 16.61 7.87 10.93 20.12 20.23 16.51 16.62 5.91 5.64 16.44 21.00 22.75 22.69 22.24 20.28 21.69 21.33 20.83 13.78 15.03 17.77 13.15 12.34 14.36 10.93 11.11 14.17 16.75 17.35 18.84 21.22 23.01 19.25 21.25 21.71 19.14 19.46 21.16 22.03 23.36 25.92 25.68 22.84 22.24 22.68
14.31 16.93 16.71 16.24 14.88 14.18 16.06 17.20 16.93 14.82 18.41 20.80 27.40 26.34 23.34 18.63 19.59 19.68 18.02 19.06 17.43 16.84 16.81 22.23 19.95 21.12 17.79 13.06 13.94 17.03 17.85 20.08 16.58 18.57 7.14 7.79 10.08 12.44 20.81 20.10 18.40 16.35 6.85 6.78 18.24 21.90 23.03 24.70 22.17 21.46 21.28 22.60 12.59 17.90 17.68 14.18 13.42 13.33 12.16 11.48 11.75 14.33 15.59 15.42 18.59 20.00 20.00 21.25 21.01 20.03 19.71 21.85 23.29 24.12 25.16 27.72 27.32 24.89 24.44 24.98
10.65 12.56 14.51 14.79 15.42 14.97 16.24 17.93 17.71 15.86 19.27 21.16 20.89 23.32 24.25 20.54 15.66 18.16 17.04 19.98 16.22 15.91 15.47 13.94 22.33 23.65 18.63 13.18 14.77 16.44 18.63 20.81 13.83 18.78 8.16 9.84 11.89 14.00 16.55 18.61 14.99 11.47 7.87 7.68 19.06 19.46 20.99 21.12 23.79 25.84 23.41 23.19 17.59 20.52 12.75 11.62 14.23 13.74 14.09 11.93 12.03 14.16 14.12 14.89 17.97 19.70 20.16 20.09 19.80 21.98 21.55 23.17 23.91 22.80 24.10 26.68 25.91 24.69 24.89 26.16
7.89 10.77 12.24 14.50 13.61 14.65 14.75 16.87 17.69 15.55 18.21 21.64 18.24 18.09 20.85 22.16 20.04 19.82 14.65 16.40 17.13 14.84 18.28 21.75 26.09 26.64 19.69 17.58 17.08 17.35 20.99 17.30 12.66 19.70 9.33 11.02 20.46 14.62 25.29 17.36 14.60 10.38 8.06 8.53 19.53 23.07 25.36 22.18 25.39 22.66 26.59 23.43 23.11 17.80 12.39 14.49 13.87 15.95 16.34 11.26 12.44 14.25 13.96 15.50 17.20 19.00 19.46 20.73 19.53 20.01 19.80 21.56 23.86 25.35 24.72 23.06 22.83 25.33 25.94 25.93
13.93 15.02 16.74 16.09 14.89 16.36 16.49 18.99 18.90 17.05 17.25 19.63 17.95 14.32 20.88 21.69 20.08 18.33 16.37 19.33 18.35 15.41 15.43 18.62 25.26 27.71 22.32 19.82 17.44 16.26 18.44 14.82 13.68 21.79 9.03 11.05 12.61 15.28 24.31 16.98 12.24 8.25 7.89 9.12 20.92 20.69 21.32 24.33 27.46 25.81 26.74 17.36 15.53 13.87 13.29 14.88 13.34 16.25 13.70 11.45 13.88 14.35 14.73 15.36 15.88 16.82 16.91 17.65 18.15 17.86 19.37 22.60 24.43 21.15 24.88 23.12 22.82 25.04 25.41 24.82
10.49 12.78 16.29 10.02 17.86 17.70 17.77 17.77 18.91 17.60 16.10 19.33 21.06 17.35 17.94 21.52 20.29 19.85 19.40 16.74 15.55 14.24 14.70 12.15 16.92 31.14 24.91 20.80 16.73 14.48 18.95 18.68 15.06 21.15 16.34 11.50 13.66 16.61 26.28 16.17 9.40 6.83 8.19 19.97 21.95 26.16 26.30 27.71 25.47 26.85 19.00 18.07 17.15 15.10 14.21 14.56 12.67 11.67 12.57 14.43 15.95 15.20 13.73 13.20 14.79 16.79 17.13 18.31 18.79 20.21 22.65 22.78 23.47 21.79 22.38 23.03 24.96 25.90 25.27 24.07
8.85 13.66 7.43 8.58 17.74 17.28 16.86 17.14 18.80 17.33 16.17 18.28 19.96 17.78 18.26 20.19 19.50 17.52 17.39 16.37 15.23 13.43 12.60 14.47 16.74 35.45 29.05 21.04 18.34 19.70 22.91 22.25 18.29 21.51 23.05 12.44 15.31 23.53 23.92 15.27 8.79 19.54 16.64 19.98 24.22 25.15 24.64 27.28 27.39 27.52 19.32 18.95 18.38 17.18 16.02 20.13 19.35 18.89 18.53 13.52 13.56 14.73 14.05 15.69 16.82 18.09 18.45 20.81 21.70 23.00 24.03 22.68 21.62 22.17 24.51 23.80 24.37 25.51 20.95 20.90
8.60 13.73 14.24 15.21 15.15 15.44 15.90 16.72 18.11 17.76 16.23 15.13 18.21 20.18 19.43 19.36 19.37 17.07 16.10 16.53 15.21 13.90 12.58 13.41 19.73 34.93 33.42 19.91 21.09 28.71 29.21 21.54 18.52 18.77 22.23 12.12 16.74 28.47 18.67 12.47 7.93 19.10 20.67 24.79 25.13 26.49 26.30 29.45 28.61 28.34 19.90 19.71 18.97 17.92 17.01 23.26 21.69 20.81 13.32 13.57 13.32 13.65 14.65 17.45 18.89 18.12 19.88 22.43 24.47 22.19 22.73 22.28 22.46 23.43 22.43 25.75 23.09 24.35 24.35 18.81
6.16 7.48 7.10 15.19 13.66 13.20 16.29 15.71 17.92 17.55 16.55 16.97 16.83 20.52 19.09 18.07 17.87 16.39 15.16 15.46 15.56 13.30 11.78 13.79 19.26 35.02 35.26 19.86 22.71 35.33 28.96 20.08 17.78 20.05 21.95 19.23 29.76 28.17 18.57 15.95 18.70 21.63 22.55 24.40 25.15 27.90 29.28 29.83 28.99 20.49 20.89 20.48 18.99 17.79 16.98 14.43 12.49 12.68 13.74 14.08 15.02 14.13 14.61 16.34 17.50 19.39 19.76 19.94 19.40 18.90 20.19 19.57 20.59 20.88 24.14 19.43 18.78 18.03 22.51 22.86
7.54 13.46 12.23 12.87 13.81 14.69 15.94 17.09 17.15 17.55 18.10 18.69 15.55 18.57 20.07 21.18 17.89 15.32 14.21 14.27 14.20 12.74 10.07 12.38 18.06 33.28 38.53 26.75 27.87 36.68 28.67 21.26 19.19 21.60 26.96 33.25 31.13 24.85 19.58 18.61 20.10 22.03 22.94 24.72 26.43 28.04 27.80 29.81 30.67 21.12 21.87 21.08 18.82 16.90 16.05 14.31 13.10 13.08 13.74 14.22 14.11 15.68 15.53 16.64 17.28 15.77 17.21 16.78 16.98 16.55 17.16 18.43 19.91 22.16 19.94 20.15 19.28 21.41 18.48 20.83
11.71 11.44 10.57 11.26 13.39 14.41 13.91 15.73 18.37 18.76 16.22 18.54 12.19 20.29 19.87 21.03 18.21 15.13 13.98 13.57 12.36 11.31 9.65 10.56 13.50 24.80 41.05 38.45 38.14 38.15 28.16 24.22 25.46 27.94 30.59 32.30 26.21 22.43 21.56 20.91 21.54 23.74 23.81 24.70 27.13 29.54 29.53 31.16 28.88 21.22 22.28 21.34 18.54 16.35 15.14 13.91 13.10 13.31 14.07 14.35 14.20 14.22 18.22 15.26 15.20 14.65 14.48 14.90 16.95 16.97 17.31 18.02 18.58 19.23 19.83 19.50 18.87 20.27 20.03 19.51
10.17 11.59 9.91 11.09 12.47 12.89 15.27 14.82 16.61 17.73 18.18 16.86 16.85 15.75 21.09 19.42 17.82 15.25 14.52 13.79 12.50 11.43 10.88 8.90 10.82 18.90 33.44 42.84 46.58 39.75 32.28 31.48 34.11 33.61 32.86 30.71 24.64 23.39 21.84 21.61 23.09 23.98 24.49 26.89 29.14 29.82 30.65 32.95 21.75 22.06 22.44 22.25 19.49 16.35 14.04 12.10 13.17 14.17 14.41 14.04 13.73 13.47 14.06 14.24 13.86 13.53 15.47 15.91 16.69 17.12 16.96 16.39 15.50 16.38 17.20 17.30 17.49 18.05 18.13 18.64
2.60 7.89 10.39 11.13 11.93 13.39 13.23 15.60 15.55 15.83 14.99 16.56 18.77 10.88 18.00 18.70 16.54 13.80 12.00 11.88 11.35 10.11 10.96 10.30 10.22 15.99 24.31 37.91 48.45 42.77 38.55 40.11 38.22 35.49 32.71 27.29 22.58 23.21 20.58 21.69 22.62 24.14 26.41 29.05 29.30 30.31 31.64 20.41 22.96 23.12 23.16 23.88 21.64 16.86 15.03 15.00 14.78 15.29 15.23 17.73 16.52 16.01 14.02 16.26 16.00 14.99 14.54 14.74 14.16 14.12 14.09 15.58 17.03 17.65 18.77 19.25 19.10 19.04 18.89 19.40
3.35 1.96 8.65 8.93 10.13 11.82 13.71 15.06 15.22 17.27 17.30 14.91 18.49 20.57 18.77 17.58 15.48 16.36 13.07 12.24 11.19 9.81 9.62 9.86 11.71 16.84 23.04 32.00 44.95 44.46 42.45 41.65 36.93 33.26 26.64 21.20 23.35 24.65 19.51 20.47 21.64 23.75 26.94 29.88 31.22 30.72 30.80 21.08 23.67 24.38 24.13 24.93 23.68 18.49 16.38 16.73 16.29 15.80 15.31 18.27 17.24 16.69 13.83 15.50 15.16 15.31 16.22 16.60 16.87 16.93 17.13 18.74 20.24 21.11 21.42 22.53 23.53 23.15 21.69 20.93
3.94 0.20 2.14 10.42 11.62 13.89 15.35 15.48 16.82 14.09 16.24 17.73 20.99 20.34 19.26 20.23 16.35 15.08 14.81 12.94 12.61 12.76 11.24 11.28 14.68 20.51 18.43 30.53 42.46 45.53 45.64 42.31 32.89 28.05 24.48 23.02 25.88 25.67 22.92 23.53 21.26 22.75 26.79 29.40 30.49 29.54 28.57 20.44 21.66 23.81 24.63 24.76 25.00 22.26 17.95 15.71 14.67 14.00 19.24 17.64 16.38 15.76 15.17 15.24 15.89 13.71 13.92 13.78 13.76 13.83 14.81 15.78 16.66 19.37 18.72 19.04 22.20 22.11 18.49 19.37
2.78 2.62 3.89 2.22 9.19 11.69 15.25 17.52 17.08 16.62 17.25 16.43 16.13 17.97 23.33 21.23 16.98 14.93 12.61 11.27 12.75 16.14 15.80 13.51 11.72 16.48 28.24 31.34 41.66 47.06 47.35 40.46 28.27 24.47 24.17 23.90 25.23 23.59 22.78 22.78 22.91 24.55 27.13 28.38 29.84 26.17 27.85 19.56 19.48 20.79 23.41 25.20 25.53 24.57 21.03 14.82 9.96 10.34 12.70 13.69 13.57 15.64 14.77 14.85 15.02 14.87 14.25 13.69 13.06 13.77 11.86 12.23 14.00 16.16 17.85 20.90 21.52 21.62 20.37 16.91
5.36 4.39 6.89 2.22 3.06 12.71 14.88 16.76 17.72 17.95 20.65 20.31 24.75 24.14 16.85 20.74 15.62 14.06 12.82 11.62 13.84 18.37 22.04 24.51 19.30 23.69 27.66 31.56 41.79 50.14 47.20 34.94 21.06 20.45 21.35 21.40 20.82 19.20 20.22 22.08 23.88 24.76 26.50 27.48 30.87 28.94 28.54 19.64 19.99 20.26 22.35 25.86 27.22 25.30 22.28 17.43 10.77 7.63 10.38 12.01 12.61 12.00 13.67 13.09 12.75 13.03 13.02 10.03 8.12 9.14 12.09 14.91 16.56 20.26 20.62 20.13 19.42 19.35 19.63 20.20
11.06 10.03 10.84 10.83 3.53 6.62 17.62 19.04 18.89 20.82 21.90 20.44 20.83 21.45 22.15 14.45 13.08 11.19 10.51 17.27 23.41 25.66 26.34 30.45 27.03 25.34 25.99 29.96 41.22 49.87 42.26 28.00 15.75 15.20 17.49 17.86 17.30 18.91 20.50 22.86 24.60 24.86 26.91 28.77 28.21 29.91 31.93 32.48 30.59 22.60 24.08 25.73 28.29 27.55 24.31 21.50 17.68 12.43 10.61 17.22 15.09 13.87 10.95 10.92 10.67 11.01 11.14 11.50 12.05 12.93 14.83 16.49 18.05 13.96 16.73 16.24 17.20 18.04 18.86 19.42
