examples/cougarCreek-fire/createInputs/WindNinja/wrfout_d3.2015080912.f23/cougarCreekFire_08-10-2015_1100_217m_non_neutral_stability_vel.asc
ncols	146
nrows	140
xllcorner	610065.000000
yllcorner	5095217.000000
cellsize	216.586807
NODATA_value	-9999.000000
[rows 72 to 107 of 140, columns 0 to 79 of 146]
5.23 12.98 24.95 28.47 34.00 32.75 31.27 30.25 31.47 31.95 30.51 29.70 30.01 29.19 24.06 13.28 11.45 10.85 19.95 21.48 21.54 14.36 12.40 14.04 8.48 13.18 14.06 18.77 17.26 15.06 15.77 16.23 12.47 11.86 9.78 11.01 12.35 13.10 10.60 7.13 8.75 13.25 6.49 6.46 5.99 5.00 11.30 5.47 7.64 7.01 7.14 6.85 9.36 6.21 6.47 7.68 2.46 4.88 5.76 7.20 10.29 12.27 14.05 15.21 15.13 15.00 16.19 18.19 19.14 18.92 13.47 12.71 8.74 7.82 7.62 16.72 12.22 11.72 11.06 9.19
14.60 21.15 26.28 31.11 33.41 32.36 31.61 31.31 32.49 31.63 30.29 29.71 29.97 29.83 25.06 16.10 10.59 9.58 16.47 20.68 18.45 11.02 12.75 14.12 8.49 14.33 16.88 16.87 13.01 14.90 17.77 15.92 12.40 10.82 8.18 10.49 12.08 11.96 9.82 6.54 7.86 12.88 6.23 6.56 9.71 4.99 4.79 11.83 11.19 11.71 6.88 7.14 9.41 3.10 6.91 3.08 1.82 6.07 6.46 7.23 10.01 12.35 13.96 15.15 15.40 15.59 17.04 18.76 19.17 19.01 12.27 10.88 9.61 8.96 7.83 8.17 12.36 11.52 11.86 11.44
18.14 21.67 28.43 31.34 32.73 32.10 31.60 32.02 32.23 30.62 29.66 30.05 31.55 33.07 29.64 19.60 12.10 5.62 11.94 21.18 13.42 13.90 13.14 11.96 14.65 16.06 17.03 13.08 13.59 16.74 18.61 15.56 14.23 8.07 8.85 10.88 12.15 11.49 9.77 6.56 6.33 11.39 11.55 6.04 5.84 4.92 4.17 10.17 11.85 8.99 10.64 9.50 8.47 5.83 1.32 5.99 2.45 7.26 8.33 7.38 10.72 12.45 13.75 14.93 15.38 15.27 16.59 13.28 13.59 15.40 16.69 13.61 12.35 11.01 9.13 8.93 11.93 11.73 11.83 15.27
23.54 24.23 27.42 31.89 32.54 31.51 31.04 31.45 30.24 27.30 27.01 31.99 34.11 33.64 29.60 19.67 13.33 6.77 13.90 19.42 10.96 14.11 13.31 10.74 16.86 14.44 16.16 14.68 16.99 16.95 16.87 16.34 10.79 8.65 11.19 12.09 10.32 11.39 9.84 7.19 6.52 12.29 10.85 5.10 5.29 10.33 4.02 3.79 11.59 6.75 10.50 9.02 7.69 4.69 1.17 3.45 6.13 2.89 3.06 3.42 11.11 12.70 14.08 15.18 15.73 15.43 15.99 17.91 12.46 13.15 16.94 15.97 13.35 11.94 11.91 10.61 10.79 12.64 11.38 10.70
23.63 24.42 30.21 33.12 32.26 30.60 29.44 30.19 27.53 25.25 28.20 32.07 32.81 31.72 26.09 17.82 10.03 5.70 14.44 15.46 11.10 14.28 12.25 18.65 14.30 17.18 14.92 15.37 17.42 15.27 15.42 16.62 10.41 10.00 12.51 8.75 10.91 9.34 9.52 7.14 6.93 10.88 11.20 5.51 4.73 4.84 10.54 6.18 10.61 9.11 9.47 8.58 8.40 3.53 3.22 3.53 3.76 3.00 3.43 3.78 10.43 13.63 15.17 16.05 16.30 15.94 15.98 11.60 18.27 10.53 14.44 15.92 14.52 12.53 14.13 15.54 10.23 12.26 12.66 7.43
25.88 26.23 31.15 32.57 30.71 28.57 27.64 29.38 25.09 24.96 28.14 30.47 29.45 30.18 22.93 15.94 7.05 7.38 12.97 11.93 10.27 11.75 13.29 15.19 22.75 16.42 15.26 15.84 15.85 12.96 13.50 16.22 10.16 12.21 12.60 8.00 10.71 9.80 8.38 6.20 9.19 10.48 9.86 5.61 4.70 4.99 9.66 2.36 8.57 8.51 7.85 7.92 6.93 3.63 3.06 3.76 2.73 3.96 11.23 12.31 4.40 13.65 15.02 16.56 16.77 11.93 11.58 12.35 11.11 9.62 10.74 14.09 15.51 13.30 15.53 17.22 13.08 11.47 15.21 10.93
25.30 26.60 30.86 31.06 28.69 27.02 28.44 29.42 24.90 26.92 30.52 31.19 28.48 29.69 21.74 14.62 5.15 6.92 9.92 9.59 13.07 20.31 15.04 19.52 17.37 17.23 17.22 15.82 15.23 12.03 10.92 15.82 13.05 13.23 13.51 5.95 10.53 9.18 4.91 4.67 10.60 11.36 9.18 6.10 5.54 4.22 4.89 9.19 7.14 8.04 6.48 7.29 7.63 4.52 4.90 4.77 0.73 2.83 3.54 7.51 5.25 11.95 14.21 16.34 17.35 11.76 16.08 10.82 17.75 17.42 17.63 9.35 11.18 11.88 16.11 16.90 16.74 15.44 14.70 6.84
26.42 26.83 30.61 30.30 28.16 26.37 28.63 29.31 26.48 28.02 29.36 31.62 27.97 25.52 19.97 18.86 5.75 18.54 8.27 20.09 20.77 22.06 19.34 19.42 15.60 15.71 15.86 13.74 14.87 12.45 10.78 15.57 15.62 12.03 14.55 9.10 5.34 8.28 3.14 4.52 8.67 11.53 10.55 5.65 3.30 7.08 3.38 1.92 8.17 6.92 6.07 5.90 6.84 5.66 7.79 8.94 11.02 1.60 6.37 6.74 12.88 3.89 10.81 14.40 16.85 16.70 16.77 17.39 17.88 17.80 17.69 17.97 17.90 9.43 14.01 16.17 15.79 15.00 14.26 13.84
25.29 26.42 30.33 30.88 27.82 24.64 26.58 28.29 26.78 25.90 28.12 28.88 28.67 25.29 19.51 8.19 17.50 18.96 19.63 20.93 22.21 14.14 22.11 18.75 14.85 13.62 13.10 9.54 12.81 13.99 10.59 13.96 14.81 9.41 13.40 9.54 7.45 6.95 2.90 5.15 9.02 6.98 10.63 9.04 3.29 2.20 2.58 4.17 4.19 4.23 6.56 2.29 6.94 7.32 7.38 8.48 10.59 11.50 10.14 11.89 13.08 13.56 14.08 2.97 14.80 15.83 17.37 17.74 17.81 17.74 17.58 18.00 17.82 17.25 7.77 9.94 14.58 14.79 11.50 12.88
25.78 26.17 29.89 28.05 26.07 23.36 25.24 26.90 28.58 27.53 24.97 26.02 29.89 27.29 20.28 7.80 19.40 19.46 20.62 22.44 15.66 22.03 21.27 17.69 14.34 14.59 8.24 7.95 13.14 16.95 9.42 10.13 10.01 10.98 12.87 11.82 8.42 3.89 4.06 8.20 8.13 4.49 8.06 9.47 9.09 4.68 1.40 6.19 6.14 5.50 7.12 3.35 8.55 7.43 7.00 8.56 10.57 11.13 11.35 12.49 14.09 14.74 14.89 14.06 8.07 14.82 17.42 18.17 17.79 17.62 17.60 9.67 17.43 17.10 16.46 15.05 14.28 14.81 14.68 13.33
25.97 26.15 29.48 29.98 24.78 24.11 25.21 28.69 29.17 27.58 22.69 24.62 28.57 26.08 20.42 9.33 20.04 20.35 21.96 15.88 17.88 22.44 20.84 16.98 13.87 12.33 5.10 15.70 13.79 16.32 9.28 8.22 9.43 12.72 12.47 10.32 7.79 5.26 5.83 8.98 5.97 6.38 5.86 7.52 7.68 5.35 2.97 9.05 9.09 3.54 4.62 10.72 9.24 7.54 7.09 8.99 11.16 11.77 12.32 13.92 4.88 15.14 15.09 14.21 12.82 14.39 17.50 9.23 17.83 9.92 17.42 16.86 13.72 16.79 16.11 15.26 7.85 14.83 12.76 14.26
25.02 25.77 29.36 28.39 24.67 25.07 24.42 28.00 28.40 25.69 21.28 24.80 26.77 23.66 18.14 20.30 20.90 21.23 22.15 18.44 20.13 22.86 20.45 16.40 15.94 6.29 5.35 7.43 12.00 14.74 6.65 7.26 12.82 10.71 7.65 9.61 5.34 6.19 5.92 7.22 6.90 7.98 6.97 7.09 6.54 5.94 1.82 11.43 11.40 0.75 4.87 4.48 10.82 8.70 8.43 9.25 11.49 7.34 7.16 14.30 14.81 6.76 14.72 14.48 14.22 4.83 17.56 14.72 17.83 17.16 16.96 16.52 13.59 14.23 8.51 15.52 4.64 10.28 10.87 14.52
26.36 25.90 28.68 26.35 24.61 24.63 27.02 26.89 26.41 20.99 21.89 26.75 29.86 24.42 21.08 21.32 21.75 21.40 13.62 18.24 23.64 23.06 20.14 15.89 12.97 5.67 4.32 5.95 9.46 14.61 8.72 8.68 13.82 8.91 6.42 4.96 5.08 5.76 4.73 12.73 12.22 12.35 10.48 6.70 4.28 6.40 1.12 12.11 12.46 4.69 4.47 12.16 10.63 10.04 9.85 10.55 12.20 13.16 13.24 13.69 14.14 8.53 13.80 7.63 15.37 16.86 13.37 14.91 12.06 17.07 16.55 16.44 7.47 13.77 9.27 6.37 4.81 6.33 8.41 14.45
27.29 26.04 27.42 25.68 25.58 24.72 22.50 23.47 23.16 21.12 23.39 27.52 28.02 25.91 14.71 21.66 15.02 13.34 16.72 20.89 23.37 22.01 19.21 16.12 11.78 3.44 3.01 5.16 7.66 13.70 11.58 6.31 11.29 11.59 5.78 4.98 5.10 5.72 7.40 13.00 12.77 12.78 11.93 3.99 3.13 3.63 5.13 8.98 13.51 13.47 2.17 4.88 11.82 10.99 11.22 12.57 6.79 13.54 13.41 13.75 13.86 8.10 12.36 13.65 4.85 3.14 9.45 12.94 13.90 9.84 8.70 16.67 7.39 8.65 8.57 7.50 6.32 5.52 3.27 3.49
28.81 26.24 26.06 25.54 27.04 24.30 21.31 21.76 19.10 20.09 23.54 25.90 24.45 20.48 15.58 14.92 15.16 17.26 21.42 22.92 23.41 21.30 18.16 16.20 9.86 3.61 1.58 4.18 6.09 11.60 10.92 7.86 8.21 13.80 6.00 5.63 3.98 2.10 13.06 12.97 14.20 15.43 14.18 5.67 1.71 3.44 0.60 14.41 14.83 14.92 1.83 1.26 4.72 12.24 12.99 14.14 14.27 8.17 14.27 14.18 13.54 12.43 11.97 13.53 5.43 6.83 8.89 11.00 12.30 11.86 16.38 2.31 2.20 5.86 6.84 7.41 7.72 9.17 6.06 15.54
28.57 25.31 24.66 25.52 26.85 23.15 23.27 22.08 20.02 19.82 22.85 23.52 21.11 19.83 18.21 15.93 14.94 21.39 21.14 22.07 22.32 20.60 17.86 11.10 6.13 1.70 1.78 3.38 4.81 7.05 6.55 9.42 10.34 16.22 10.65 4.48 4.89 2.10 5.54 12.64 14.48 16.46 16.43 6.47 8.32 2.66 2.78 15.73 10.55 9.18 4.22 1.66 7.10 13.52 14.70 15.25 14.84 14.43 14.36 7.45 5.31 6.33 13.01 14.32 6.55 17.50 10.05 10.26 10.75 11.94 13.33 9.98 7.01 16.17 16.09 5.39 5.08 4.23 6.92 5.00
27.39 24.33 26.07 27.68 25.15 24.83 21.59 19.26 19.34 19.55 22.13 22.20 19.14 19.08 19.23 16.00 16.13 20.91 20.94 21.76 21.20 18.80 16.77 10.08 2.99 2.50 7.06 7.07 4.24 5.40 6.96 7.03 9.24 16.54 12.79 3.94 5.05 3.09 14.25 13.69 15.39 17.56 17.78 6.49 10.77 5.28 3.65 5.33 9.74 16.29 6.87 0.18 14.75 4.01 8.25 15.47 7.22 7.74 14.78 6.18 5.99 6.52 6.52 16.53 5.59 4.36 7.36 8.09 8.38 9.30 11.25 10.42 6.61 1.72 16.26 16.20 16.67 16.25 15.89 4.65
22.49 23.34 27.69 27.83 23.36 24.40 21.66 18.62 18.48 18.45 20.90 21.97 19.09 15.97 18.40 14.42 17.56 21.46 20.86 21.82 21.10 18.02 15.40 5.93 3.27 15.52 16.50 11.67 6.27 6.24 17.95 7.25 8.23 16.58 15.74 3.79 3.86 3.89 16.36 16.28 17.53 6.13 19.40 5.21 12.02 4.50 2.55 5.00 10.09 10.24 9.23 2.67 15.66 14.92 7.17 15.17 7.87 8.67 7.67 7.10 3.76 8.77 8.78 6.45 4.13 4.91 1.96 5.13 3.55 4.54 8.03 10.25 11.31 9.13 6.57 1.60 3.36 7.00 16.34 7.85
21.30 21.92 26.61 26.20 21.93 21.46 19.48 18.39 17.99 17.76 19.84 20.79 19.78 16.92 19.34 21.22 17.91 21.43 20.85 21.28 20.47 18.15 13.87 2.78 15.59 16.46 17.58 5.94 8.90 7.09 6.05 7.01 7.19 12.99 17.19 9.81 4.94 5.26 18.15 18.41 18.82 12.60 20.44 9.22 10.16 8.10 6.04 11.14 15.55 16.52 11.47 6.11 16.45 15.66 15.22 7.97 16.56 10.13 17.13 17.76 6.52 2.99 19.28 7.21 6.34 4.62 1.20 0.98 1.65 1.66 3.03 7.87 16.74 15.94 15.99 5.77 5.41 5.85 1.18 17.39
19.73 20.79 25.77 25.14 21.85 20.49 18.69 19.11 18.01 18.11 19.78 20.65 19.58 18.07 18.79 14.05 18.06 20.39 20.36 20.62 19.61 18.05 8.36 4.35 17.44 18.54 5.65 5.69 6.05 9.44 8.34 8.41 10.06 10.92 13.69 7.94 5.76 5.54 18.67 10.04 13.03 8.44 20.71 7.28 6.54 6.69 11.06 16.63 17.23 17.94 18.32 18.40 9.85 11.87 11.80 10.10 11.46 11.52 10.13 19.51 7.61 11.05 5.52 9.17 4.87 17.26 3.10 7.35 5.86 5.43 5.65 1.86 16.41 16.01 10.37 6.99 5.39 6.50 5.73 1.87
23.03 17.85 25.50 26.37 23.79 23.85 17.78 17.64 18.83 18.48 20.34 22.89 18.45 18.51 19.27 16.65 20.67 18.83 19.45 19.80 19.11 14.24 4.44 19.24 19.31 20.60 9.54 6.18 8.59 8.71 11.34 12.84 11.64 10.97 10.94 5.97 5.40 10.78 10.43 19.39 12.00 7.02 20.49 19.17 18.92 12.94 14.67 15.62 20.75 20.91 20.88 20.98 11.20 20.97 20.61 8.05 11.79 12.46 9.99 12.63 9.49 5.52 10.57 9.57 1.59 16.18 15.49 3.35 5.00 4.86 4.93 2.20 16.56 15.84 7.52 5.41 2.79 1.15 1.38 4.18
22.45 22.97 23.01 22.30 23.58 24.58 15.94 17.59 17.31 18.47 16.88 20.86 17.97 16.31 16.48 16.59 13.44 14.76 18.78 18.85 18.46 13.55 7.60 6.45 19.93 21.07 8.54 7.09 6.97 9.93 12.42 15.49 11.22 7.93 8.00 14.35 20.22 20.35 20.51 20.20 20.05 20.78 21.31 20.98 20.59 16.05 16.05 22.37 22.73 22.84 23.19 11.92 11.73 22.63 21.66 21.10 14.45 10.64 10.73 12.03 10.57 10.04 10.19 9.95 7.27 4.16 4.94 7.72 1.47 6.29 6.73 4.45 16.46 15.67 7.56 4.03 2.69 6.27 15.90 15.04
21.95 23.33 22.80 20.09 24.17 23.12 15.05 16.82 17.05 17.99 20.01 17.48 17.12 15.99 15.67 15.71 13.44 13.24 18.61 18.18 18.16 13.91 6.08 4.52 19.51 20.05 7.03 8.59 11.75 7.51 7.59 13.19 7.48 10.82 21.67 21.52 21.51 22.03 22.62 22.24 21.64 21.79 22.25 22.45 22.21 21.84 21.77 22.11 22.51 22.78 23.24 13.77 13.52 22.16 21.34 20.88 15.34 20.08 13.05 10.21 11.20 5.81 6.55 17.68 16.70 9.33 1.06 2.00 2.73 5.30 6.43 2.68 15.83 8.53 6.98 10.31 16.73 5.50 3.74 15.01
19.53 23.45 27.25 18.18 21.96 20.93 14.97 10.20 16.86 11.12 15.10 15.61 14.75 16.67 14.60 15.31 14.91 11.60 18.11 17.18 17.96 11.80 5.71 18.88 18.71 19.18 7.04 12.29 19.96 5.90 21.58 8.77 9.92 13.77 21.27 21.69 22.03 22.33 22.54 22.56 22.79 22.75 22.32 22.11 21.96 21.61 21.36 21.48 21.62 21.65 21.60 21.28 20.75 20.47 20.52 20.31 19.65 19.02 18.62 18.48 6.08 10.26 10.49 16.60 16.58 16.85 16.81 6.65 4.75 4.33 5.88 3.71 6.67 6.26 7.63 10.89 15.38 15.00 15.14 5.10
22.95 22.51 25.01 22.44 20.55 18.91 14.39 10.13 10.70 11.82 15.51 17.08 14.43 15.53 15.14 14.75 12.97 9.38 17.39 15.73 16.10 3.65 17.91 17.70 17.87 18.17 8.17 11.26 4.85 10.89 11.58 9.98 12.65 20.33 20.70 20.92 21.13 21.18 20.93 20.79 21.03 21.50 21.65 21.46 21.26 21.25 21.32 21.30 21.13 20.83 20.42 19.89 19.48 19.42 19.41 19.09 18.68 18.34 18.01 17.79 12.17 11.87 16.40 16.27 11.07 16.20 15.72 15.23 15.06 6.06 5.58 3.39 6.10 1.14 4.79 8.97 14.83 14.73 14.71 4.46
21.86 20.66 24.29 21.01 19.94 14.21 11.73 14.15 11.05 12.36 15.61 13.16 13.03 15.66 14.14 16.31 12.12 12.68 16.87 15.42 14.83 15.38 16.21 17.00 17.81 7.82 18.23 4.37 10.18 18.58 10.38 18.64 19.20 19.54 19.76 19.86 19.80 19.79 19.95 19.89 19.73 19.93 20.23 20.31 20.35 20.67 20.95 20.87 20.66 20.48 20.20 19.85 19.60 19.33 18.86 18.39 18.09 17.74 17.30 16.84 16.37 16.03 16.01 15.98 15.77 15.54 15.33 15.12 15.06 15.04 14.73 14.31 14.33 3.90 6.07 6.36 11.44 14.30 14.35 5.06
22.46 19.52 15.90 19.43 19.87 14.16 12.19 13.67 13.59 15.09 12.53 8.58 14.28 16.63 13.62 13.55 15.07 13.50 13.18 5.47 14.68 14.37 14.20 14.98 5.44 9.42 7.49 17.70 6.59 6.56 9.93 18.54 18.69 18.78 18.75 18.80 18.88 18.94 19.09 19.34 19.56 19.47 19.38 19.64 19.91 20.08 20.12 19.91 19.59 19.21 19.04 19.18 19.31 19.00 18.36 17.90 17.57 17.17 16.72 16.25 15.83 15.55 15.43 15.30 15.12 14.97 14.87 14.82 14.75 14.33 14.33 14.13 14.41 3.21 1.93 4.09 8.20 13.95 13.88 10.13
21.87 22.56 14.72 18.87 12.14 14.69 17.80 13.42 13.09 14.37 12.35 15.38 14.76 20.17 12.98 17.42 15.41 15.50 11.64 12.98 13.10 4.05 13.45 13.84 15.23 5.62 5.60 6.01 5.55 4.16 8.71 7.97 18.06 17.93 17.90 17.85 17.92 17.65 17.01 17.04 17.60 18.07 18.64 18.90 18.89 18.84 18.82 18.79 18.57 18.10 18.01 18.31 18.19 17.71 17.31 17.08 16.85 16.51 16.13 15.79 15.45 15.07 14.70 14.46 14.34 14.32 14.40 14.43 14.41 14.34 14.15 14.15 4.94 5.53 4.33 2.00 3.58 8.84 12.48 12.03
17.70 18.77 14.47 17.36 11.86 13.36 17.67 9.62 17.30 12.60 13.59 15.62 15.65 14.04 16.10 11.52 11.72 13.87 10.55 12.37 11.56 11.94 12.75 6.16 0.90 3.48 5.68 6.09 7.38 3.73 17.69 17.39 17.33 17.27 17.27 17.13 16.87 16.55 15.89 15.19 15.19 16.16 17.12 17.52 17.47 17.43 17.61 17.84 17.94 17.76 17.70 17.66 17.22 16.81 16.53 16.27 15.99 15.73 15.42 15.06 14.70 14.32 13.96 18.37 13.67 13.76 13.93 13.97 13.91 13.77 13.68 13.68 13.73 13.58 13.46 5.21 1.88 1.23 10.99 11.71
16.33 15.39 12.80 13.09 11.77 15.93 14.15 12.70 11.96 16.10 13.00 12.10 14.62 14.33 16.67 16.54 11.10 13.24 10.12 8.75 11.66 10.90 10.95 11.76 12.98 13.64 2.73 6.39 7.64 5.44 16.77 16.54 16.57 16.57 16.44 16.21 15.91 15.76 14.94 13.22 13.39 15.38 16.21 16.30 16.52 16.71 16.83 16.86 16.84 16.72 16.56 16.38 16.26 16.19 16.02 15.77 15.50 15.20 14.83 14.40 13.96 13.63 13.47 13.35 13.23 13.20 13.29 13.26 13.12 13.03 13.06 13.10 8.64 8.93 10.43 9.91 5.97 2.74 4.16 7.31
15.65 13.82 11.40 11.35 12.39 13.62 13.17 13.79 16.54 12.51 12.07 13.75 12.90 13.86 13.11 9.60 12.28 15.37 11.27 10.47 11.90 4.14 5.70 11.10 11.58 12.31 1.10 3.84 3.28 15.67 15.72 15.56 15.68 15.80 15.63 15.32 15.07 14.46 12.81 11.21 11.83 13.92 15.16 15.42 15.66 15.85 15.91 15.92 15.73 15.56 15.53 15.54 15.49 15.31 15.16 15.06 14.98 14.78 14.34 13.79 13.33 13.06 12.92 12.71 12.43 12.37 14.64 14.44 13.11 13.90 13.69 13.47 13.34 11.12 7.43 5.27 4.25 3.81 2.18 3.64
15.66 14.07 12.22 11.05 12.98 12.73 18.72 15.28 12.35 9.40 10.80 6.89 13.93 15.36 9.99 7.48 12.57 13.83 10.04 10.58 4.17 10.97 10.23 8.58 1.71 2.75 0.85 2.50 5.60 15.36 3.44 4.33 15.41 15.28 15.17 14.92 14.46 13.56 12.18 11.41 12.03 13.06 13.88 14.33 14.50 14.63 14.81 14.90 14.87 14.80 14.84 15.12 15.11 14.67 14.34 14.21 14.18 14.03 13.59 13.00 12.57 12.31 16.24 11.65 11.41 14.26 14.73 14.10 11.79 11.48 11.61 12.30 12.70 11.44 7.88 4.50 2.63 3.88 1.95 5.62
14.16 12.74 10.55 9.02 10.46 11.70 11.83 16.64 12.67 9.86 10.51 12.06 11.27 15.68 12.67 12.51 13.43 13.45 9.65 9.36 9.51 9.69 8.72 11.62 2.55 3.04 1.23 3.87 2.24 3.11 3.61 2.80 15.12 14.86 14.83 14.75 14.35 13.72 13.20 13.23 13.70 13.99 14.00 14.01 13.99 14.03 14.09 14.07 13.99 13.84 13.77 13.91 14.00 13.81 13.55 13.41 13.26 12.95 12.56 12.15 11.74 11.40 11.06 10.72 10.68 14.61 14.48 12.59 10.79 10.91 9.32 9.09 8.54 8.34 8.42 7.16 3.30 2.37 3.64 8.12
11.23 10.29 9.19 8.54 8.57 11.08 17.10 10.60 8.77 6.28 11.47 11.41 11.61 12.05 11.67 11.03 12.66 13.35 9.14 9.29 3.29 10.42 10.70 4.02 5.63 10.17 2.43 10.12 1.23 2.21 13.69 13.99 14.10 14.12 14.14 14.22 14.28 14.15 13.91 13.85 13.98 14.09 14.12 14.08 13.98 13.80 13.57 13.41 13.27 13.07 12.92 12.94 12.96 12.65 12.19 12.04 12.06 11.92 11.64 11.29 10.83 10.49 10.35 10.31 11.78 11.89 11.31 10.30 10.30 10.46 10.78 7.45 7.32 7.02 7.41 7.58 6.30 4.45 4.44 4.65
9.81 9.52 9.56 9.48 9.16 10.52 12.24 10.67 14.80 9.42 7.34 11.49 16.28 6.51 11.59 9.35 12.61 13.11 7.98 12.65 4.63 2.94 1.14 9.49 8.60 2.78 9.17 9.27 2.50 11.88 12.54 12.87 12.99 13.31 13.59 13.61 13.64 13.70 13.55 13.34 13.25 13.19 13.16 13.19 13.20 13.00 12.78 12.70 12.62 12.47 12.28 12.20 12.17 11.65 10.64 10.28 10.63 10.81 10.60 10.21 9.85 9.70 9.80 9.93 9.86 9.68 9.65 9.64 9.73 9.99 10.28 10.37 10.25 5.32 6.97 8.49 8.57 8.67 7.10 3.29
9.33 10.16 10.49 10.57 10.76 11.27 11.15 9.67 9.15 8.26 7.11 14.88 12.42 11.84 15.84 10.00 8.79 8.12 7.20 6.65 5.08 5.31 9.83 5.71 8.13 8.67 5.88 6.76 10.08 10.75 11.52 12.14 12.39 12.79 13.08 12.85 12.12 13.99 13.46 12.51 12.54 12.37 12.19 12.15 12.09 12.02 12.01 12.03 11.94 11.74 11.56 11.35 11.05 10.39 9.66 9.53 9.71 9.62 9.47 9.22 9.04 9.10 9.27 9.18 8.81 8.64 10.94 10.37 10.01 9.39 8.69 6.85 5.05 4.53 5.84 6.71 6.70 6.78 5.14 5.59
