examples/cougarCreek-fire/createInputs/WindNinja/wrfout_d3.2015080912.f23/cougarCreekFire_08-10-2015_1100_217m_non_neutral_stability_vel.asc
ncols	146
nrows	140
xllcorner	610065.000000
yllcorner	5095217.000000
cellsize	216.586807
NODATA_value	-9999.000000
[rows 36 to 71 of 140, columns 0 to 79 of 146]
13.76 12.50 13.83 17.68 16.24 14.44 15.09 22.11 19.76 19.53 18.42 16.80 17.99 21.78 27.20 33.06 36.63 41.49 43.99 45.17 44.81 43.77 44.58 41.90 36.54 30.57 33.73 36.08 36.36 34.51 31.90 32.05 37.11 42.15 40.99 40.92 38.56 24.43 22.08 20.98 19.42 17.23 16.75 22.09 19.39 20.12 18.07 15.49 16.48 3.13 4.22 5.31 6.01 7.30 9.86 12.26 13.77 14.18 14.18 13.97 13.41 13.27 13.19 19.98 13.73 9.07 8.74 8.69 8.83 16.39 9.26 7.74 5.20 3.55 2.30 2.18 2.62 3.28 5.75 5.22
13.68 13.57 14.85 17.58 19.00 18.39 20.93 18.01 16.43 13.42 12.07 15.41 18.30 20.16 19.93 23.53 29.48 32.30 32.26 29.71 30.15 33.75 35.46 32.73 26.17 21.18 20.13 27.20 30.12 28.05 24.07 20.76 25.21 33.82 38.85 39.98 42.59 44.43 43.13 39.38 27.34 31.62 21.20 18.53 17.24 6.03 4.44 13.99 18.26 16.89 19.20 8.76 10.59 19.53 12.09 12.46 12.41 11.84 11.18 10.84 9.55 9.08 8.71 8.20 7.67 6.94 6.37 6.25 6.18 6.62 8.08 8.64 21.59 6.10 3.82 1.83 2.08 2.96 4.07 5.09
14.66 15.47 18.01 16.51 14.76 12.07 14.72 14.48 10.24 8.23 11.72 12.04 13.65 14.51 15.27 17.96 21.18 22.50 22.63 24.29 27.00 27.67 29.75 31.12 27.66 21.03 19.05 17.84 17.30 16.25 16.17 14.51 16.23 18.59 20.83 21.24 21.66 28.17 28.64 29.98 32.89 31.77 20.10 16.84 11.95 9.68 8.35 5.48 17.40 15.92 21.97 22.46 26.06 23.72 21.98 22.63 22.62 22.49 15.35 14.45 13.88 13.55 13.63 13.57 7.75 12.05 5.50 5.00 4.86 4.86 5.17 5.35 5.58 5.77 5.19 3.75 2.12 0.50 2.13 4.04
14.55 16.92 15.54 13.67 11.08 7.71 13.13 5.41 7.32 9.42 10.68 11.01 13.63 14.75 16.55 17.98 19.57 19.97 18.64 18.84 20.61 23.51 26.98 33.68 30.76 25.02 20.96 15.31 11.94 10.24 13.08 14.40 13.32 16.26 20.11 22.48 24.03 23.76 21.76 17.85 18.80 24.95 16.50 16.64 20.36 23.57 24.27 23.45 22.20 21.60 20.61 21.99 22.51 26.23 31.34 29.10 27.95 27.58 27.55 22.18 20.96 19.86 19.88 20.99 20.98 20.73 21.20 19.29 19.17 18.60 17.43 9.73 8.24 6.28 3.78 2.19 2.51 2.32 1.06 1.42
8.85 9.29 7.52 5.48 11.89 10.89 10.18 4.69 6.78 6.90 10.43 11.74 15.09 15.98 17.17 17.05 17.61 17.80 17.10 18.30 21.14 24.22 26.97 32.11 31.60 27.62 21.93 16.92 12.07 11.33 12.54 11.35 13.85 17.44 21.32 25.20 25.13 25.94 29.32 21.48 21.23 21.04 20.25 13.37 11.72 10.59 10.96 11.72 11.11 25.81 25.81 25.14 25.16 23.35 17.29 18.08 27.51 28.16 18.07 26.80 33.18 31.09 26.69 26.03 25.25 29.86 30.01 24.96 25.28 24.96 24.05 22.47 21.36 12.81 10.59 7.30 3.23 0.27 1.23 1.20
8.34 6.54 1.34 0.87 9.25 8.20 7.78 4.55 5.95 8.50 10.51 11.43 12.34 11.74 13.15 14.46 15.56 16.72 17.75 20.97 23.22 25.26 28.89 27.69 28.52 29.85 29.51 23.40 15.24 12.26 8.53 6.94 17.54 21.86 24.14 24.98 27.19 27.88 27.71 30.69 32.48 32.73 33.20 32.72 32.98 29.02 18.34 17.04 29.27 29.53 30.51 30.10 19.94 32.39 31.87 32.19 29.64 29.53 18.32 17.88 30.94 28.36 30.55 31.71 32.02 32.28 32.26 31.14 28.85 29.18 29.30 31.71 25.66 24.97 21.69 19.61 8.84 5.72 3.34 0.79
5.46 8.10 7.22 3.19 4.39 6.61 3.98 5.44 6.13 7.93 9.89 11.63 11.40 10.12 10.98 13.28 15.18 17.61 19.47 20.37 22.85 26.71 26.75 24.82 26.12 26.56 30.05 29.67 24.46 15.81 5.83 6.62 13.19 18.26 21.39 24.56 27.68 29.32 30.08 30.77 33.77 34.43 34.05 33.34 33.86 33.14 35.05 36.62 37.48 24.87 36.56 36.20 34.40 34.31 33.81 19.96 19.41 32.17 31.26 31.21 17.78 31.79 32.10 17.60 11.44 9.83 9.71 10.28 10.47 10.68 11.12 10.93 8.39 4.09 2.96 6.80 17.04 18.02 7.77 4.92
5.78 5.82 10.73 8.87 8.47 7.33 5.60 3.97 5.48 9.75 10.32 7.58 3.42 5.19 9.47 14.82 15.20 17.01 17.23 19.23 23.15 24.32 24.98 25.83 24.57 22.90 27.05 30.39 31.26 23.10 21.31 18.54 16.28 18.38 21.19 27.53 31.00 32.98 33.07 31.68 32.52 34.72 34.91 32.60 29.56 30.21 32.29 33.28 35.74 37.98 38.33 39.25 41.57 40.48 38.55 38.34 37.55 37.02 28.11 17.80 14.00 10.85 9.81 10.60 10.73 11.42 11.18 11.04 15.94 10.71 16.17 15.50 13.49 11.42 10.58 2.86 3.31 4.65 14.93 8.50
8.13 7.93 8.82 7.83 0.73 2.29 3.99 3.87 5.99 5.73 6.21 6.43 9.84 12.53 13.54 16.83 15.33 18.04 17.72 19.46 24.57 26.03 27.28 26.18 23.11 22.22 26.04 27.32 28.84 24.63 33.26 35.20 35.92 34.21 29.53 29.66 34.77 36.02 35.91 34.91 32.57 29.81 26.87 24.72 26.52 31.51 37.61 39.81 41.36 39.39 37.30 37.83 39.58 37.69 34.07 27.42 17.29 15.75 15.57 15.83 14.48 12.43 12.48 16.85 17.12 17.31 16.80 15.67 14.67 14.25 13.84 12.92 11.83 10.97 10.65 10.35 9.98 10.54 5.04 19.09
9.85 11.22 6.11 2.34 2.93 2.87 2.66 3.36 5.07 7.48 6.18 12.58 14.89 14.02 14.84 17.29 20.15 19.55 18.25 21.43 24.81 27.16 27.10 26.89 23.79 22.83 25.82 26.79 24.02 24.71 34.54 37.68 39.56 40.95 39.45 38.67 35.78 34.42 35.87 35.96 29.36 24.62 23.68 27.02 33.20 37.88 41.72 39.54 39.97 40.79 36.50 26.62 21.88 18.24 15.28 11.86 13.25 11.89 12.98 13.62 14.11 18.64 18.87 18.68 18.60 18.13 16.32 14.80 15.13 13.19 15.36 11.70 10.56 10.09 9.10 6.66 10.38 5.38 6.35 8.70
10.12 9.93 10.02 4.78 5.69 6.30 8.51 7.82 10.34 8.91 14.85 14.80 16.05 15.30 17.25 19.08 19.96 18.04 18.64 21.65 23.95 27.48 27.50 27.20 27.34 25.56 27.58 29.10 27.76 32.47 36.64 37.99 39.00 40.24 41.14 38.11 37.33 39.17 39.19 33.57 30.22 29.44 31.44 34.78 37.35 43.63 42.14 35.32 29.03 17.66 15.56 14.96 15.57 14.79 12.63 10.21 10.47 15.85 19.11 21.16 21.73 21.69 21.14 20.27 19.58 18.08 17.55 16.83 16.84 14.54 13.19 11.94 10.92 11.72 10.59 11.53 10.09 7.90 6.65 6.97
9.21 9.12 9.21 4.73 6.42 8.49 11.87 13.62 14.69 16.74 14.65 15.66 15.39 16.60 17.28 16.05 12.06 11.92 18.07 21.34 25.17 27.27 28.20 29.34 29.82 29.11 29.10 30.32 30.59 33.48 37.71 37.98 34.83 42.44 40.35 36.31 38.12 42.39 42.65 40.90 36.09 36.91 37.03 37.50 43.38 35.83 33.20 28.81 20.87 16.29 13.79 14.37 16.22 15.30 13.54 14.66 21.21 25.14 25.91 25.90 23.74 22.49 22.26 21.70 20.13 18.68 18.43 17.94 15.84 13.99 12.46 13.52 11.87 10.98 11.37 11.67 10.14 10.11 11.14 6.83
7.35 7.95 7.34 8.77 12.37 14.20 14.91 15.46 13.47 15.29 14.67 14.06 14.12 13.87 10.30 11.90 12.59 12.93 19.85 22.68 26.65 29.94 31.06 32.77 31.26 31.98 31.49 31.92 32.86 34.73 37.26 39.03 32.37 46.57 41.79 34.29 40.25 44.98 45.14 50.49 46.44 37.33 34.55 33.55 39.13 34.15 29.60 21.61 17.05 15.69 18.29 23.72 24.32 22.46 22.20 24.76 28.45 29.52 27.30 25.80 24.81 23.90 22.81 21.34 19.61 17.73 16.28 15.35 16.49 14.79 12.65 14.62 11.78 11.76 13.41 11.00 11.96 9.91 10.65 6.13
6.81 7.44 9.77 12.33 14.77 17.86 16.20 12.26 11.80 13.89 13.74 13.13 12.74 10.64 11.86 15.56 18.36 21.48 23.63 26.48 26.87 32.55 34.83 32.71 33.57 35.39 34.11 34.87 34.12 30.05 41.64 34.55 36.81 44.27 46.22 38.25 37.38 46.63 47.98 52.67 37.42 47.88 30.11 28.62 31.40 37.21 30.90 25.30 22.44 24.68 29.29 30.67 28.97 26.77 26.81 28.01 29.09 28.98 26.46 24.50 23.38 22.85 21.80 19.99 19.72 18.16 16.75 14.94 16.63 15.91 13.51 10.44 9.83 8.96 8.61 8.57 8.38 7.11 10.05 7.58
6.88 8.13 10.80 12.93 15.14 9.72 8.91 10.55 11.62 12.48 10.68 9.07 9.62 12.65 16.93 20.64 20.87 23.83 25.89 26.86 28.04 32.11 34.13 34.61 36.15 36.55 34.79 34.01 30.83 32.20 44.67 36.93 38.84 47.59 50.27 38.68 39.71 49.30 50.30 50.78 50.67 47.08 43.17 32.59 26.77 30.88 31.04 27.12 28.10 30.70 31.94 31.08 29.22 26.81 25.61 25.91 26.96 27.50 27.45 26.15 22.32 20.67 19.92 19.05 17.91 16.67 15.36 14.33 13.58 12.91 12.32 11.59 10.85 7.94 8.42 5.70 9.62 9.58 9.65 5.32
7.46 8.79 11.01 11.32 6.37 9.34 12.06 11.65 10.95 9.76 7.44 12.55 10.70 14.97 13.86 24.09 23.71 26.47 26.86 27.87 30.10 32.37 34.04 35.88 34.90 33.87 31.63 30.65 30.79 32.50 43.67 37.42 38.35 49.52 51.19 36.63 43.94 51.07 51.22 50.47 49.48 47.63 44.04 40.83 35.52 32.16 19.21 16.83 18.95 21.53 22.81 24.79 26.27 26.58 25.05 23.84 25.36 26.08 26.00 25.53 23.97 22.64 17.69 17.58 17.94 17.58 18.50 15.06 17.28 15.22 13.64 12.63 11.58 11.49 12.74 10.61 10.33 10.22 10.34 10.59
8.45 9.11 9.70 8.66 9.80 11.71 10.96 10.58 11.44 8.81 8.18 13.43 19.87 21.50 24.35 25.74 26.43 26.95 27.98 30.26 31.90 32.01 31.86 24.73 36.63 30.57 29.94 31.75 33.46 42.48 43.94 36.47 38.05 49.44 47.69 36.79 43.85 47.83 48.42 50.66 49.80 47.74 43.73 41.23 42.99 33.64 26.95 16.82 14.05 14.30 17.08 20.02 22.95 26.19 26.34 25.94 26.60 26.85 26.10 24.70 23.36 25.30 22.67 17.22 16.86 16.78 15.88 15.23 18.17 18.03 12.68 11.44 11.12 10.97 11.20 11.44 11.36 11.09 11.31 12.16
8.29 8.54 9.65 10.57 10.72 13.49 14.57 14.44 13.04 10.38 15.01 16.13 24.24 24.10 24.62 27.25 28.06 26.29 27.06 30.16 31.57 33.97 32.60 38.22 38.47 32.46 34.40 38.22 41.08 44.05 44.67 40.66 35.99 46.30 35.08 35.26 37.46 38.64 39.48 41.32 44.37 42.83 40.37 39.17 38.92 36.92 35.04 31.27 28.47 24.07 19.70 20.71 22.13 23.35 23.76 23.86 24.54 26.48 27.71 26.91 25.54 25.64 25.02 22.57 20.32 19.31 14.40 19.00 18.65 18.20 17.64 16.42 15.85 16.16 15.29 14.41 12.82 6.10 10.05 12.07
7.14 8.37 9.83 13.67 17.64 19.25 17.25 14.12 13.06 13.36 18.04 17.68 25.27 24.54 21.94 24.84 26.88 25.22 26.56 28.75 31.87 34.73 35.73 39.07 40.80 39.67 40.69 39.92 38.00 40.61 43.60 37.96 33.74 38.93 28.75 29.63 39.77 43.30 38.19 39.26 42.20 40.01 36.39 33.98 30.37 29.63 29.80 28.58 26.84 27.07 25.61 28.40 23.37 23.23 21.45 19.61 20.16 22.52 24.31 24.33 23.53 22.68 22.73 21.84 20.29 19.26 19.03 18.98 18.74 17.84 16.08 15.91 17.01 11.35 15.89 12.80 11.30 12.02 12.72 13.94
5.18 8.69 15.21 19.60 18.29 19.67 16.50 15.61 20.73 23.12 20.94 19.39 26.45 25.14 23.61 24.96 27.22 26.27 28.18 31.24 33.06 35.52 36.02 36.79 37.77 38.78 37.43 36.88 36.70 39.72 42.65 34.19 31.66 31.98 29.92 22.39 32.13 31.59 35.06 36.14 34.04 36.38 33.57 29.97 28.09 24.92 24.14 24.96 25.73 26.46 27.05 24.78 28.02 22.07 20.94 18.00 17.54 17.97 18.47 19.09 20.09 23.07 18.01 9.87 16.42 14.42 13.27 19.08 6.62 14.62 14.33 13.43 4.65 16.36 11.54 11.26 14.53 14.31 4.05 12.26
3.62 9.57 16.01 18.13 18.48 16.22 14.16 22.30 22.75 24.78 23.13 25.10 21.67 27.50 24.00 25.88 27.65 26.63 30.80 33.68 33.07 34.13 35.06 34.35 34.20 34.43 31.69 32.56 35.03 36.52 34.05 29.76 27.03 28.57 27.55 18.94 27.37 25.05 25.00 22.93 24.59 25.88 30.68 23.41 24.27 22.97 19.83 19.49 19.78 21.98 26.12 26.07 24.97 22.33 18.37 17.43 16.80 16.58 15.88 16.82 14.10 15.34 19.13 19.47 18.77 17.62 7.99 15.35 15.78 15.68 15.21 9.12 6.67 2.50 12.22 11.49 11.19 11.39 11.67 12.18
4.93 10.18 14.93 14.31 14.76 12.05 16.82 26.29 26.36 24.33 21.94 20.41 25.89 24.10 21.10 22.08 20.87 20.77 30.61 32.76 30.91 30.60 29.89 29.59 30.96 31.55 29.84 30.55 32.30 31.19 26.14 22.32 20.30 18.66 16.46 14.67 25.31 22.61 17.37 19.34 21.47 21.00 22.74 23.42 21.16 17.95 15.95 17.57 18.84 17.02 17.27 22.81 22.08 22.00 16.04 17.18 15.05 5.63 5.97 6.99 10.20 11.20 18.02 18.90 19.13 18.97 18.43 17.79 17.17 16.11 15.02 14.61 4.62 13.55 12.71 12.07 11.61 11.42 11.16 2.94
5.81 6.79 13.66 6.23 10.49 16.77 24.33 24.39 22.23 20.35 13.24 18.17 23.62 13.16 8.48 10.85 15.72 22.53 22.90 23.86 29.52 30.36 25.79 25.27 29.09 26.87 26.03 27.24 28.44 26.40 22.30 21.01 20.75 19.62 17.81 14.55 22.47 19.52 10.06 18.80 18.54 17.98 17.86 19.34 19.22 13.62 12.92 13.28 14.56 15.42 16.43 16.61 15.96 16.54 12.98 4.04 5.85 6.86 11.31 12.16 8.74 7.73 9.77 11.18 11.34 11.22 17.57 17.16 16.72 15.93 15.22 11.56 14.45 13.94 13.18 12.56 11.99 11.44 3.14 2.72
6.64 7.21 6.46 12.71 14.38 14.92 21.52 21.68 18.96 12.04 12.93 16.96 6.15 9.34 7.43 9.44 16.24 20.81 19.99 18.39 28.08 29.11 26.24 28.72 29.19 25.56 24.94 25.62 25.58 23.48 18.69 19.59 22.50 20.41 23.25 11.97 16.34 16.64 15.25 13.36 15.65 17.06 13.97 15.83 15.68 16.84 16.22 15.50 11.09 11.04 12.51 14.22 12.86 11.19 10.17 9.81 10.20 9.52 8.53 8.80 9.50 10.47 12.50 15.00 16.99 17.74 9.85 8.39 7.91 10.54 15.56 15.17 14.39 14.08 13.70 13.03 12.42 11.85 2.36 4.11
7.79 7.69 9.57 11.39 17.78 19.22 18.44 17.02 9.09 10.15 14.56 15.50 13.43 9.12 9.04 14.28 20.45 20.36 16.84 17.33 28.14 30.97 30.62 29.90 25.63 24.36 25.06 24.45 21.33 19.43 17.73 19.86 19.07 16.87 19.10 14.79 6.97 12.57 13.83 14.54 12.79 15.23 15.05 15.74 16.26 14.06 13.69 7.76 8.23 7.93 13.45 10.44 11.45 12.19 12.21 11.62 11.24 10.00 8.55 8.22 8.54 9.34 11.02 13.19 15.40 11.93 12.90 16.45 16.06 15.85 16.06 15.78 14.88 14.30 13.98 13.32 4.37 3.84 12.27 12.31
7.13 11.59 9.39 16.57 19.92 19.19 14.92 8.31 7.37 6.77 10.71 13.08 14.17 12.57 14.84 20.41 22.40 19.50 15.44 17.00 26.61 29.29 28.54 24.30 23.38 22.60 21.21 19.09 17.57 18.67 19.69 18.79 16.79 16.14 17.56 15.82 5.95 11.50 13.09 13.71 12.65 13.72 14.17 14.23 15.10 14.16 14.56 14.43 5.97 12.67 12.13 13.04 13.70 13.30 12.05 11.85 11.63 11.70 12.66 13.31 12.76 12.06 11.16 10.96 12.86 15.63 17.15 17.35 16.92 16.37 16.28 15.89 15.04 14.55 6.96 6.19 13.12 13.01 12.69 12.67
9.94 11.24 7.24 16.27 17.14 16.01 15.83 1.51 4.82 8.20 10.75 15.17 16.10 17.51 21.26 23.41 21.77 17.18 14.94 26.31 25.74 26.78 28.21 27.14 25.54 22.10 19.01 17.29 16.78 17.68 17.82 16.32 12.01 14.82 15.74 13.84 12.49 11.56 12.60 12.10 12.76 12.68 12.76 13.13 14.13 14.16 13.09 12.85 12.27 11.51 10.30 10.83 12.50 9.16 9.38 9.78 10.40 11.89 14.22 15.81 16.10 15.59 14.34 12.75 13.33 16.11 18.15 18.47 17.71 16.76 16.08 15.63 15.11 14.79 7.45 14.05 13.27 13.26 12.96 12.97
10.49 4.62 4.27 7.12 7.50 6.90 7.39 9.68 12.19 14.93 15.70 17.07 19.24 22.79 25.99 25.16 20.23 15.33 15.18 25.17 26.33 27.39 27.33 26.33 22.99 20.39 17.49 15.78 15.44 16.36 17.10 13.49 12.74 15.32 13.36 13.25 11.90 12.60 12.40 12.34 12.27 12.81 13.56 12.24 12.90 13.53 13.24 13.05 12.59 11.60 11.10 10.64 12.62 6.79 6.38 7.07 8.29 10.32 12.68 14.41 15.47 16.00 16.32 16.45 16.78 18.22 19.53 19.61 18.50 17.20 16.19 15.68 15.49 15.17 8.13 14.11 13.33 13.33 13.29 13.15
4.57 3.85 7.15 14.88 17.09 14.98 14.70 16.78 19.25 19.94 19.11 19.25 22.95 27.03 28.42 25.90 20.32 18.25 18.51 24.68 26.10 25.87 24.20 23.22 21.18 19.60 15.76 14.61 15.74 16.46 15.42 16.78 14.71 15.99 12.92 12.80 12.50 11.25 11.64 12.15 12.90 12.79 11.60 13.12 12.20 12.16 13.32 12.46 7.61 12.48 10.26 9.49 9.59 11.18 4.99 5.49 6.73 8.78 11.25 12.91 13.85 14.99 16.45 17.78 18.34 18.78 19.71 20.02 19.03 17.83 16.58 15.71 15.80 15.58 15.05 14.04 13.14 13.18 4.04 3.15
4.65 3.94 7.62 15.48 20.51 20.79 20.64 22.12 23.57 23.94 23.43 25.20 27.93 28.72 27.27 24.27 20.52 19.50 21.82 25.25 20.21 20.57 22.66 23.19 19.85 16.83 14.17 13.44 15.26 15.44 15.69 17.07 14.62 13.46 11.94 11.18 10.94 11.35 12.14 11.15 12.57 12.73 11.97 13.42 12.34 12.80 11.79 11.46 7.17 6.63 11.96 9.13 9.20 10.60 4.75 4.93 6.07 8.02 10.37 12.05 13.05 14.45 16.32 17.60 18.00 18.28 18.96 19.68 19.33 18.56 17.15 15.82 15.97 15.84 15.45 14.52 13.31 13.26 13.17 12.50
5.65 4.38 8.10 16.60 21.68 23.40 23.59 25.69 27.64 28.09 28.95 31.79 33.65 31.54 27.25 22.49 20.08 18.81 20.97 25.74 25.89 15.99 24.33 22.98 17.72 14.45 12.21 13.34 14.72 15.09 15.89 16.60 15.00 13.12 12.49 11.04 9.32 12.37 12.24 7.79 11.26 13.00 11.88 12.19 12.57 13.14 12.36 11.79 12.56 4.60 6.42 9.74 10.54 6.84 4.54 4.43 5.28 7.28 9.59 11.57 12.88 14.19 15.81 16.84 17.36 17.79 18.37 19.23 19.51 18.97 17.51 11.00 10.45 15.77 15.88 7.35 14.21 13.63 13.30 12.70
4.79 4.90 8.57 16.32 23.18 27.17 28.71 29.90 30.80 31.76 30.97 34.62 35.37 33.49 29.20 22.38 19.45 17.86 22.64 25.74 21.17 19.22 19.26 21.64 17.66 12.96 11.04 13.77 16.64 18.36 17.09 16.04 13.48 11.33 11.98 11.83 9.76 11.60 12.40 7.69 11.97 12.27 8.48 7.05 8.76 12.35 12.69 12.90 10.76 6.89 5.75 9.45 10.76 10.20 4.31 4.09 4.29 6.20 8.47 10.68 12.60 13.83 15.01 15.69 16.29 17.11 17.60 18.44 19.30 19.18 11.93 10.55 10.86 15.47 15.67 15.73 14.96 14.02 13.32 13.13
2.91 2.65 8.18 18.81 27.73 31.02 28.87 32.27 32.89 33.89 34.24 34.25 33.95 32.84 29.96 23.08 19.61 19.62 22.61 26.10 21.48 21.46 22.05 17.78 16.12 8.97 9.83 14.26 17.70 18.80 16.66 13.81 13.13 10.85 11.32 11.72 11.29 12.07 11.78 7.74 10.97 8.18 7.84 7.78 7.10 6.55 8.46 11.10 10.24 12.00 9.09 8.70 9.29 8.37 9.30 6.11 2.65 4.00 7.01 9.88 12.29 13.12 13.69 12.67 15.06 16.09 16.64 17.57 19.06 19.39 17.86 16.46 8.91 15.48 8.18 15.47 15.55 14.63 7.32 5.55
1.77 3.16 4.28 21.98 31.14 32.81 32.97 32.74 33.49 34.67 34.27 33.29 32.83 31.94 31.30 22.92 19.56 16.78 23.18 25.95 22.37 21.59 18.73 16.25 14.61 7.83 11.97 15.20 18.83 18.06 14.60 15.22 13.88 12.79 12.74 11.74 11.49 11.75 12.54 8.16 8.17 7.86 11.20 8.02 7.20 6.39 8.49 11.39 10.89 10.73 9.89 9.47 9.53 9.23 5.66 7.52 5.03 1.32 4.89 9.30 12.18 12.82 12.80 13.19 13.79 14.79 16.00 17.58 19.05 19.30 18.12 16.64 9.31 15.81 15.64 7.30 10.97 7.89 14.56 14.64
4.29 3.56 11.76 26.31 33.49 33.54 32.23 31.91 33.11 33.43 33.99 32.95 32.24 31.47 29.67 21.91 18.08 14.75 23.25 24.98 23.44 21.76 17.04 15.52 11.42 8.44 14.06 15.94 19.45 16.71 13.45 14.51 14.66 13.35 13.37 11.71 12.20 13.44 12.71 8.41 7.97 8.38 8.17 7.38 6.30 5.68 11.91 10.39 10.02 7.44 6.84 9.84 10.00 8.54 7.70 4.10 3.46 5.11 4.47 8.50 11.67 13.37 13.41 12.93 12.83 13.41 15.22 12.71 19.13 19.19 18.28 16.85 10.18 10.32 9.69 8.84 7.81 9.13 15.68 9.04
2.21 5.27 18.34 26.02 34.31 33.40 31.35 30.26 31.52 32.84 32.00 31.10 31.18 31.71 28.01 17.98 14.74 13.39 21.98 23.01 22.09 18.98 14.41 13.65 8.73 9.92 13.46 18.19 19.83 15.92 14.79 16.01 13.42 12.54 12.04 12.13 12.32 12.35 11.92 7.59 9.28 12.79 7.22 12.22 5.88 5.36 5.09 10.76 11.23 10.77 7.87 6.77 9.24 9.13 9.34 5.80 2.73 2.78 4.50 8.19 10.94 13.16 14.20 14.14 13.63 13.42 14.95 17.72 13.10 19.06 18.39 17.27 9.48 8.15 8.20 9.00 10.17 9.01 8.65 6.81
