examples/cougarCreek-fire/createInputs/WindNinja/wrfout_d3.2015080912.f23/cougarCreekFire_08-10-2015_1100_217m_non_neutral_stability_vel.asc
ncols	146
nrows	140
xllcorner	610065.000000
yllcorner	5095217.000000
cellsize	216.586807
NODATA_value	-9999.000000
[rows 0 to 35 of 140, columns 0 to 79 of 146]
14.00 8.98 7.30 6.79 9.33 4.87 3.43 2.66 2.29 2.38 3.15 4.42 4.76 3.90 3.27 2.56 2.18 2.45 2.60 2.21 2.43 3.36 3.98 4.27 3.81 2.58 2.89 4.01 3.92 3.53 5.33 9.58 7.42 7.15 7.27 7.26 6.84 6.59 7.08 7.95 8.38 8.29 8.55 9.21 9.43 9.16 9.45 10.35 10.99 13.71 11.77 22.17 14.62 17.36 16.63 15.99 17.19 28.40 16.20 14.48 13.40 17.46 12.71 12.11 12.83 17.19 13.04 13.60 16.88 19.10 18.54 16.57 14.09 12.19 13.20 16.88 20.57 23.50 24.96 25.25
14.00 8.98 7.30 6.79 9.33 4.87 3.43 2.66 2.29 2.38 3.15 4.42 4.76 3.90 3.27 2.56 2.18 2.45 2.60 2.21 2.43 3.36 3.98 4.27 3.81 2.58 2.89 4.01 3.92 3.53 5.33 9.58 7.42 7.15 7.27 7.26 6.84 6.59 7.08 7.95 8.38 8.29 8.55 9.21 9.43 9.16 9.45 10.35 10.99 13.71 11.77 22.17 14.62 17.36 16.63 15.99 17.19 28.40 16.20 14.48 13.40 17.46 12.71 12.11 12.83 17.19 13.04 13.60 16.88 19.10 18.54 16.57 14.09 12.19 13.20 16.88 20.57 23.50 24.96 25.25
21.53 11.76 8.62 14.11 20.86 15.86 6.11 2.57 11.76 14.41 13.68 13.29 4.88 3.34 11.20 10.06 12.22 3.98 3.53 1.75 1.79 3.05 4.24 4.39 3.72 2.84 13.61 13.85 6.52 7.36 8.45 19.02 7.73 8.97 6.82 6.99 19.19 17.54 10.55 20.11 18.00 20.76 21.76 22.29 21.00 12.47 20.07 22.07 20.41 22.34 23.29 26.67 24.92 16.37 16.29 16.63 18.05 27.71 15.16 15.33 22.70 27.05 23.68 25.46 23.10 27.29 13.43 15.24 25.68 19.12 18.02 15.17 22.41 12.92 15.51 23.32 26.46 23.10 24.46 25.32
18.09 14.30 10.55 19.27 19.45 16.14 17.10 13.21 12.08 5.41 14.51 15.18 4.24 3.53 11.39 9.31 13.15 12.65 11.41 4.45 0.99 2.68 4.42 5.12 4.32 5.14 15.78 14.90 5.90 7.04 19.27 19.28 17.77 19.00 18.34 16.42 18.19 20.26 20.40 22.58 21.44 21.74 21.32 22.05 21.78 22.21 24.89 23.09 25.07 25.85 25.65 24.01 22.62 16.91 15.28 16.13 17.28 26.97 25.81 28.35 27.85 28.42 27.78 28.62 27.01 28.22 16.95 29.96 23.93 18.74 24.06 27.61 14.65 17.35 20.97 28.63 29.20 22.96 23.37 25.15
13.04 20.64 11.97 19.24 20.74 17.08 8.61 13.35 5.43 6.48 15.18 16.87 3.95 2.35 5.74 13.38 15.96 13.41 14.93 13.51 4.25 3.12 5.16 17.29 5.52 4.36 6.67 19.60 18.12 19.09 19.59 19.74 21.16 20.34 22.58 20.82 20.83 24.09 21.67 21.97 23.05 22.57 23.73 24.07 22.41 23.67 26.84 27.38 27.50 25.82 25.70 24.14 23.29 17.15 16.54 17.18 28.40 21.52 30.16 16.82 26.01 34.12 31.90 29.32 32.70 20.09 32.76 23.12 21.53 25.03 30.82 18.29 21.18 23.62 32.40 25.86 23.41 22.05 22.75 25.18
19.31 18.01 12.10 18.60 20.40 19.95 18.92 18.82 16.62 13.90 12.77 16.05 10.99 5.09 7.70 7.47 18.11 13.92 13.98 7.78 6.41 3.86 5.59 16.59 19.38 5.47 8.58 22.08 21.55 22.17 22.11 25.13 23.09 23.07 25.39 22.71 23.70 25.16 26.24 24.63 25.77 24.59 25.08 25.11 25.40 26.44 26.88 27.73 27.33 25.24 24.17 24.01 21.53 16.38 22.14 28.51 29.20 22.97 16.89 31.52 28.99 32.19 29.05 33.30 21.97 33.80 29.17 23.61 27.62 33.45 20.28 31.34 33.36 25.09 23.42 20.75 24.82 18.71 21.03 23.75
24.88 18.04 10.80 11.25 18.30 18.62 17.98 9.93 17.59 18.06 15.13 14.02 17.37 7.18 5.50 9.28 20.40 16.75 7.87 7.21 7.16 6.17 6.39 8.42 22.21 6.88 24.80 22.63 25.39 25.50 23.54 27.38 26.83 25.00 26.33 24.07 25.23 27.60 24.55 25.65 25.12 26.93 26.06 25.80 27.57 23.71 26.27 25.76 18.34 17.96 17.94 18.05 23.29 25.37 27.52 26.83 27.69 29.81 28.61 28.84 29.31 23.93 24.99 33.16 25.48 27.25 27.46 29.34 35.53 23.23 34.08 30.20 23.36 20.29 17.78 28.58 16.78 17.21 18.81 20.97
24.46 22.71 19.61 17.92 18.04 21.32 20.81 17.57 15.19 8.88 15.40 14.02 16.29 12.44 11.60 9.88 17.94 17.13 18.49 7.20 7.91 8.06 8.62 9.79 22.86 9.69 12.36 29.31 27.13 17.10 28.23 31.74 27.33 27.80 29.13 25.42 28.05 29.08 28.65 26.98 27.50 27.80 27.74 25.75 25.72 24.47 21.92 16.92 16.33 16.45 24.38 26.31 25.82 25.69 26.79 26.55 27.83 26.50 27.53 26.23 23.92 24.13 31.06 16.91 28.81 25.15 25.01 29.57 32.99 32.43 24.02 22.43 25.03 29.16 16.41 28.40 16.97 16.36 17.54 19.68
25.63 22.42 19.51 18.82 18.23 21.07 21.93 20.37 18.84 17.31 17.86 9.01 9.55 19.02 7.48 6.46 9.91 18.31 17.27 7.63 8.58 9.78 9.22 10.68 26.47 12.35 14.98 31.57 28.64 27.32 29.42 31.69 29.08 29.32 31.28 27.83 30.72 31.22 30.74 31.29 32.56 29.25 30.43 31.36 19.01 26.60 25.05 21.30 26.43 25.57 27.26 26.58 23.51 24.10 21.73 24.07 27.21 24.97 22.91 20.60 24.00 26.40 27.75 28.47 24.32 22.72 23.40 27.40 27.07 23.80 19.33 31.81 26.64 18.24 29.16 27.80 15.50 15.34 18.20 20.31
26.01 22.30 19.23 19.12 16.93 19.89 20.48 21.35 20.52 18.06 17.77 17.72 16.10 17.84 21.76 10.70 9.95 9.08 20.86 7.95 8.29 10.61 10.32 11.53 13.93 30.10 17.29 31.98 33.98 29.68 28.13 31.01 30.02 30.55 31.44 29.31 31.67 32.87 30.03 31.39 33.59 32.20 33.62 28.48 30.48 20.88 27.75 29.00 25.83 27.18 26.65 22.57 23.05 23.97 28.06 27.51 27.23 25.24 23.52 26.35 27.67 14.21 26.65 23.70 23.24 24.92 25.90 27.52 25.18 23.57 26.82 17.56 19.01 29.84 31.81 18.52 17.50 18.73 21.18 21.57
19.10 25.82 23.44 19.25 18.47 17.06 16.99 19.71 19.83 18.86 18.90 17.65 16.82 16.57 10.69 10.54 9.60 10.01 21.75 18.53 9.35 20.17 11.40 12.14 14.77 31.38 17.84 30.06 31.65 26.79 26.29 30.08 27.42 29.21 30.31 29.40 32.07 31.42 29.99 33.13 30.84 31.79 20.66 29.39 28.64 21.52 29.82 28.10 28.27 24.15 19.58 23.45 28.99 28.08 28.01 29.04 28.74 26.72 29.22 27.31 21.55 27.32 23.52 22.05 24.67 23.93 23.04 23.80 22.62 22.37 25.79 23.84 26.63 25.31 29.77 19.95 21.09 22.77 23.24 21.84
19.42 26.55 25.51 24.34 21.98 19.75 17.11 18.09 20.44 21.14 20.21 19.40 19.34 17.65 18.06 19.39 6.87 11.06 19.74 21.80 9.77 22.11 12.74 13.56 16.10 25.83 17.60 32.18 31.56 25.84 25.96 29.97 28.61 30.13 29.88 27.96 28.46 28.60 30.21 30.28 32.50 17.06 29.48 18.53 18.85 19.67 28.89 29.24 26.20 23.56 26.70 28.97 30.57 30.77 30.51 29.79 29.50 28.65 28.98 22.77 27.26 24.19 21.89 23.45 22.91 18.06 16.60 16.90 17.02 16.49 19.37 20.45 14.81 25.70 17.68 19.02 21.07 22.34 21.69 20.17
22.73 21.80 23.44 23.10 23.43 20.28 18.84 15.90 16.95 21.60 21.02 20.60 20.74 22.07 10.74 9.14 7.65 22.31 19.65 23.16 21.36 24.43 27.13 15.35 15.38 15.93 16.22 28.23 29.31 16.54 27.61 28.15 29.80 16.34 30.33 29.09 29.61 29.03 27.82 16.31 32.65 17.68 17.55 26.83 16.53 25.28 29.40 25.22 25.20 25.73 29.09 31.75 30.48 31.32 31.84 31.22 29.65 28.99 28.29 27.89 19.92 17.36 20.53 19.10 15.26 14.39 13.79 13.97 14.23 14.11 13.88 13.99 21.72 26.08 16.57 18.23 19.81 19.75 18.75 18.13
16.78 17.77 15.70 18.92 21.29 19.95 18.15 11.57 13.87 15.17 17.30 20.93 22.09 24.30 13.85 11.34 8.14 19.25 22.02 21.36 22.11 23.87 26.86 25.94 13.43 13.51 28.07 30.16 25.72 16.39 25.02 28.79 29.81 31.73 29.98 29.14 31.27 32.02 18.20 19.27 29.96 19.14 17.55 16.14 23.08 29.23 29.45 26.73 25.74 29.21 30.61 30.81 28.77 30.27 28.46 27.53 26.57 23.98 24.36 21.29 15.39 16.04 15.33 16.56 16.49 15.62 17.66 17.43 18.28 20.14 12.38 14.71 15.92 16.41 17.11 17.91 17.89 16.67 16.02 16.23
14.50 11.71 14.12 14.37 15.96 16.90 17.87 16.62 12.39 12.30 14.05 14.88 18.07 20.63 26.31 14.02 10.92 10.26 23.04 22.68 24.13 26.14 28.45 29.99 13.08 12.78 26.49 25.23 24.71 14.76 24.42 27.72 31.22 30.40 30.16 27.87 31.44 31.51 17.65 19.36 19.77 18.47 17.19 23.23 29.97 29.22 29.87 23.53 24.39 28.51 30.95 30.52 30.63 30.63 29.06 28.38 25.24 22.69 21.91 19.64 16.97 17.19 18.11 15.87 17.47 20.93 21.39 21.64 21.34 11.25 18.65 17.50 14.97 15.16 16.46 16.19 14.88 13.55 13.68 14.01
11.92 13.21 14.81 14.99 15.08 17.37 19.39 17.99 16.49 11.84 9.25 12.36 16.77 16.69 19.32 26.25 18.16 16.82 28.89 26.83 27.06 29.90 30.02 29.70 29.36 26.63 26.37 26.99 23.98 14.03 24.96 30.01 30.77 15.91 29.41 29.88 28.41 15.72 16.16 16.56 24.59 17.06 17.66 25.66 30.78 28.89 23.70 22.62 23.99 30.81 29.60 29.89 29.03 26.92 27.46 26.05 22.20 23.32 22.98 20.59 20.51 21.72 22.38 22.68 22.48 21.48 21.30 22.41 16.64 21.14 17.53 14.17 13.26 13.58 14.09 13.94 13.02 12.24 14.58 11.62
12.78 12.66 13.87 16.62 15.65 15.18 17.81 17.94 17.20 16.58 13.60 14.12 19.75 21.70 19.06 17.83 20.10 29.73 30.71 31.87 32.88 35.17 32.75 16.51 29.79 27.37 27.55 22.52 13.26 21.00 26.64 29.70 27.22 32.58 28.70 30.94 15.63 15.83 16.09 30.97 16.59 17.25 17.91 18.76 25.98 23.96 22.85 23.83 27.35 30.97 31.08 26.75 24.11 24.89 25.97 18.31 20.61 20.48 23.10 21.30 18.79 21.56 21.93 21.70 22.34 19.98 22.46 22.32 19.89 11.93 8.92 11.92 10.75 10.72 11.62 11.98 11.53 11.39 10.99 10.09
14.95 12.33 11.55 14.98 15.58 13.57 13.09 15.92 17.16 17.09 16.29 14.00 16.67 17.93 17.14 13.28 14.75 17.54 23.46 19.92 29.40 30.75 28.37 16.46 29.87 26.89 27.27 20.84 12.67 22.73 29.51 29.80 30.59 31.78 29.26 29.08 16.55 16.80 16.97 30.88 17.29 17.92 18.44 25.33 24.69 23.83 23.50 28.32 28.86 30.68 26.32 21.28 21.54 24.91 20.10 18.31 22.67 18.78 20.76 23.65 21.13 20.78 20.52 22.21 22.82 16.91 16.11 13.46 9.90 7.70 12.19 15.91 15.15 11.88 9.71 8.67 9.58 9.85 10.12 9.68
19.80 16.58 14.55 15.60 18.56 18.35 15.79 17.36 19.52 19.95 18.95 15.64 13.52 15.73 18.88 17.87 15.99 18.20 21.93 21.85 25.81 30.70 25.55 29.27 30.44 30.14 26.24 20.19 21.28 26.21 30.07 29.31 32.14 19.35 29.94 29.59 18.34 18.92 29.81 32.87 30.13 30.72 19.63 19.92 25.97 28.96 28.94 28.83 30.92 26.61 23.62 21.65 25.43 26.59 22.58 23.79 23.67 23.26 23.18 22.23 21.92 21.18 20.80 19.52 16.99 14.30 11.73 10.97 7.28 13.89 17.15 15.28 15.05 12.56 12.87 10.07 6.18 8.59 8.41 8.45
23.02 20.15 17.22 17.20 19.51 19.58 17.44 16.87 19.39 20.30 19.11 15.28 15.17 15.53 21.40 20.40 21.85 21.05 22.64 23.50 23.43 27.93 23.25 29.70 29.64 30.89 16.14 20.99 26.11 29.05 29.36 31.23 27.03 29.86 18.44 18.90 20.26 21.32 31.30 33.28 33.23 31.36 21.51 21.23 27.31 30.05 29.60 29.76 24.82 22.16 22.56 27.39 18.09 27.67 23.55 23.85 24.40 23.75 23.26 23.68 23.83 21.30 23.47 20.13 19.21 16.76 17.61 17.99 15.20 16.84 15.63 13.48 14.33 8.69 8.47 8.94 10.13 11.35 10.59 5.49
18.67 23.66 20.79 19.03 20.74 20.81 19.63 18.46 19.56 20.74 18.14 15.31 18.28 16.18 18.49 23.22 23.68 26.08 26.45 29.04 25.30 30.73 21.51 15.93 21.63 30.48 15.37 21.74 26.31 27.48 29.40 30.86 22.40 28.30 18.58 19.92 21.12 21.89 23.29 31.41 25.40 24.93 23.51 22.10 26.71 25.50 25.49 23.69 22.49 24.31 23.95 29.21 26.00 22.83 17.05 25.96 25.60 24.24 26.94 24.92 23.71 22.58 22.94 21.91 19.64 19.49 17.19 14.48 10.07 14.30 8.82 11.06 12.52 14.50 8.36 11.27 10.57 7.72 7.11 11.00
22.30 20.77 22.11 21.92 22.31 21.55 19.80 18.83 18.96 20.38 19.58 18.33 20.26 20.74 15.98 16.64 20.18 24.47 23.37 26.25 26.96 29.35 27.11 25.66 26.10 28.76 25.41 26.92 27.23 27.29 30.68 25.58 20.14 27.21 18.13 19.52 30.24 20.74 33.85 23.57 24.47 24.04 22.83 21.71 26.52 29.34 29.49 23.49 24.69 25.60 28.94 29.68 27.82 24.72 15.55 26.43 17.25 23.75 27.12 24.79 24.95 23.66 24.18 23.44 14.61 20.08 18.91 17.88 8.97 9.39 14.75 14.02 10.35 3.97 5.65 7.03 11.54 10.93 3.65 3.15
11.74 13.29 16.43 18.35 21.08 20.30 17.69 17.95 17.56 19.62 19.88 18.17 18.23 22.57 20.63 15.58 14.02 16.35 17.50 26.07 27.52 26.46 25.01 24.89 25.97 29.60 27.20 26.31 26.10 25.41 26.34 21.82 20.34 28.59 16.16 17.58 18.87 20.00 31.53 21.63 21.51 21.13 20.89 20.61 27.36 26.32 24.70 25.94 31.44 31.38 32.42 19.25 17.97 26.87 17.42 17.98 18.22 28.27 25.29 25.45 24.66 24.13 23.76 14.07 13.08 17.66 18.14 17.27 17.98 13.65 13.80 12.92 10.77 8.26 10.38 11.90 11.07 10.13 9.27 9.78
14.08 12.00 11.98 15.93 13.71 15.84 17.63 18.90 19.46 20.49 20.04 18.35 18.59 23.22 19.85 20.62 18.93 19.88 21.18 24.64 28.13 26.74 26.49 18.87 15.88 24.09 18.96 25.44 23.66 23.42 26.50 26.03 22.89 29.15 24.53 17.97 18.95 20.41 33.07 21.25 19.43 18.83 19.90 26.53 27.89 29.85 29.27 32.05 32.49 32.65 21.61 21.68 21.40 21.49 19.96 19.73 19.98 19.97 19.79 26.33 23.84 24.98 22.44 24.63 22.59 21.71 20.93 19.68 19.24 14.74 17.64 8.63 15.34 13.19 10.53 11.43 8.96 5.06 2.96 9.76
9.52 8.75 13.32 13.75 10.19 12.50 15.38 17.85 19.54 20.00 21.75 20.36 19.20 20.32 21.30 20.14 20.08 20.13 22.00 23.95 27.32 27.47 26.81 24.89 14.00 21.57 27.32 23.88 26.61 26.96 27.88 28.77 26.68 30.24 31.97 19.41 20.41 28.57 30.73 22.02 20.04 27.05 22.94 23.83 27.87 30.68 30.07 31.54 32.13 32.16 22.03 21.62 21.83 21.71 20.73 28.43 28.47 27.64 27.84 18.31 16.84 26.87 18.33 16.19 18.91 23.45 22.51 21.40 21.15 20.64 17.75 15.84 15.69 12.27 13.25 12.18 10.06 9.74 7.20 7.21
8.88 9.22 11.26 12.53 14.96 16.48 15.94 19.18 20.16 19.57 22.18 20.08 18.88 18.84 22.33 20.62 21.59 21.34 22.51 24.78 24.68 27.11 27.70 25.30 21.71 22.92 27.05 22.22 28.59 30.42 31.69 27.33 26.25 26.59 31.00 19.61 21.83 35.05 25.97 20.71 19.38 26.14 25.72 28.02 27.94 27.89 26.78 29.89 31.88 33.97 21.68 20.92 20.58 20.22 19.63 26.90 25.52 25.89 17.41 17.64 17.51 23.70 18.14 22.22 23.00 25.74 24.23 21.25 22.45 12.04 15.08 15.01 14.10 12.62 6.52 10.18 4.35 10.20 10.86 6.67
11.77 8.66 11.10 11.06 14.75 16.46 14.91 15.18 17.66 17.47 19.59 18.53 17.97 19.60 19.94 22.42 22.72 22.26 23.06 25.13 26.25 27.18 27.84 27.82 26.28 27.18 29.78 22.16 28.45 32.54 28.29 25.33 24.55 27.87 31.76 27.69 37.34 35.36 27.17 26.03 28.24 30.64 29.87 30.47 30.20 31.45 32.24 33.57 34.37 22.22 21.18 19.93 19.50 19.24 19.27 18.69 17.63 16.89 17.66 17.95 24.99 25.98 24.56 22.65 22.09 22.87 16.14 14.27 11.79 10.58 14.33 9.50 8.48 7.51 11.11 5.90 4.95 5.43 11.60 11.37
7.39 8.84 7.93 9.39 10.42 12.69 14.25 12.63 11.10 12.06 16.54 18.38 17.83 19.59 17.79 21.61 21.48 21.38 23.36 25.47 27.76 29.36 28.96 29.38 28.33 30.61 35.72 30.76 30.05 31.96 28.45 28.74 27.93 31.17 37.41 42.36 38.91 32.85 29.31 29.92 32.01 33.81 33.54 33.29 33.28 34.15 33.58 33.76 33.51 21.99 20.87 19.46 18.99 19.34 19.42 19.08 18.21 17.96 18.05 18.26 17.90 22.67 15.97 14.35 13.29 13.50 13.10 14.19 20.01 20.09 18.70 17.25 14.79 13.70 5.13 6.44 6.13 12.64 4.05 10.33
15.59 13.44 11.32 9.76 9.08 10.57 12.94 15.04 15.01 11.97 13.84 19.24 14.23 19.43 15.26 17.72 20.01 20.64 23.76 26.59 28.47 29.78 29.94 29.31 24.63 25.00 34.52 39.23 36.20 35.05 31.19 33.92 35.83 39.35 41.24 40.63 33.68 30.52 31.41 32.28 33.34 35.57 34.50 32.65 31.79 31.51 30.06 31.25 32.95 21.90 21.55 20.33 19.95 19.10 20.07 19.24 18.49 17.88 16.97 15.86 15.41 15.00 20.52 12.81 12.08 11.42 11.47 12.58 18.69 19.33 18.69 17.86 16.73 14.62 13.30 12.65 11.09 13.12 10.74 9.16
17.53 15.72 12.00 10.23 9.44 9.39 11.89 14.62 19.84 18.04 18.54 18.83 19.68 19.42 20.29 17.34 19.15 20.39 24.58 28.39 29.94 29.72 29.36 27.07 23.55 23.61 29.14 33.32 43.82 35.14 38.18 40.36 44.14 45.02 43.76 39.35 32.55 31.67 31.45 31.82 33.09 32.94 31.49 31.71 32.88 32.25 31.30 36.43 22.65 23.41 24.18 23.29 21.86 20.82 19.57 17.71 16.77 16.09 15.47 14.90 14.86 14.69 13.98 12.89 13.00 12.96 18.25 18.33 18.42 17.43 16.99 18.25 12.46 10.99 10.28 9.78 8.87 8.34 7.95 6.47
16.72 16.23 14.94 14.02 12.38 11.82 10.26 11.61 15.15 17.17 16.13 19.30 21.41 13.92 20.96 19.76 21.28 22.09 24.28 28.83 29.74 27.40 27.48 26.40 24.77 27.02 30.47 32.50 43.18 37.67 45.69 47.43 48.56 47.32 44.48 37.45 30.64 32.42 29.16 29.63 29.68 29.01 29.10 31.25 33.30 34.47 36.67 25.64 27.08 27.51 27.17 26.24 23.94 20.58 17.59 16.13 15.61 15.45 15.44 21.19 20.59 18.99 13.47 19.35 20.37 20.66 20.11 20.17 14.62 14.49 14.06 6.71 6.00 12.22 11.48 10.99 8.77 8.24 7.79 7.52
17.70 16.02 12.52 10.47 10.78 10.58 11.59 12.16 12.93 16.10 14.98 13.25 16.09 17.64 20.70 21.19 23.82 29.10 29.91 32.17 30.86 26.77 25.37 25.93 29.01 34.38 39.83 35.90 38.26 39.85 46.51 43.43 47.63 46.24 39.68 32.50 33.59 35.56 28.45 26.82 25.84 26.05 27.15 27.96 29.08 31.29 34.29 29.79 31.97 31.94 29.68 27.18 23.88 19.60 17.63 17.39 17.52 17.61 16.92 22.79 20.53 18.79 13.28 20.03 20.06 19.34 19.77 19.56 19.51 19.25 17.63 15.69 14.77 15.76 15.69 14.56 12.78 11.46 10.16 7.11
20.41 18.91 14.26 13.28 11.71 14.45 14.74 13.50 13.74 13.11 14.50 14.09 18.10 18.66 20.72 24.64 24.79 29.57 35.72 37.19 36.65 34.65 30.89 30.74 36.22 42.30 37.04 38.61 39.08 40.41 41.78 42.31 44.28 42.30 40.24 39.90 41.69 39.18 34.21 32.42 26.63 24.21 24.83 24.79 24.23 23.49 23.48 26.27 28.31 31.62 33.27 32.43 30.30 26.88 24.28 23.02 21.70 19.93 24.37 22.91 21.76 21.04 20.10 18.82 18.37 11.70 11.41 10.65 10.06 9.12 9.97 11.16 11.31 17.15 15.71 10.73 13.38 6.84 3.53 3.85
20.46 20.69 17.68 14.03 15.15 15.58 17.00 17.37 15.10 14.79 18.24 18.44 18.44 18.65 24.59 26.40 25.80 28.35 32.17 35.11 38.33 43.64 43.59 40.50 36.87 37.44 45.49 38.73 37.09 38.35 41.35 42.86 43.22 40.64 40.45 41.05 40.43 35.80 32.16 29.41 26.55 25.24 24.66 22.25 19.17 14.51 14.11 18.26 18.95 22.83 28.81 33.13 35.52 35.63 33.08 28.81 23.99 20.19 18.06 16.83 15.84 20.90 20.17 18.94 19.00 19.55 18.75 18.53 18.19 19.35 11.95 4.10 3.16 2.48 2.10 14.51 14.86 13.77 8.39 3.03
16.79 19.30 18.01 17.20 14.34 18.17 18.57 19.45 19.42 19.70 22.53 23.11 27.27 26.06 20.26 26.33 23.17 24.39 28.50 31.38 34.38 41.59 48.69 54.08 48.91 48.17 44.38 38.28 34.54 35.06 37.44 38.92 40.58 38.85 37.29 35.48 32.44 27.60 23.37 21.56 22.12 21.82 20.29 18.18 18.70 13.81 11.67 9.75 9.73 10.03 11.96 17.52 23.07 27.67 28.98 27.91 24.48 20.40 17.56 15.39 14.70 14.18 21.25 21.17 19.08 18.85 19.86 13.65 5.81 5.40 5.09 4.40 3.31 15.40 13.67 14.58 14.95 15.00 13.08 11.30
9.44 9.57 12.24 18.59 15.13 13.65 20.51 20.69 20.62 21.82 21.21 18.83 19.74 23.22 28.35 22.21 19.55 16.47 16.98 31.43 41.96 46.24 47.95 53.17 51.08 48.07 44.49 38.02 34.24 34.59 34.51 35.52 37.65 35.67 35.20 33.76 29.77 26.69 24.42 24.04 23.22 21.11 20.30 19.98 17.71 17.36 16.97 14.74 10.94 2.68 1.41 0.99 6.90 13.50 16.63 19.73 20.52 19.06 17.39 22.55 21.59 22.07 14.95 14.26 8.95 8.31 7.59 7.25 7.32 7.48 7.06 5.61 12.04 2.32 16.85 16.92 16.61 14.76 13.08 12.21
