examples/cougarCreek-fire/createInputs/WindNinja/wrfout_d3.2015080912.f23/cougarCreekFire_08-10-2015_1100_217m_non_neutral_stability_ang.asc
ncols	146
nrows	140
xllcorner	610065.000000
yllcorner	5095217.000000
cellsize	216.586807
NODATA_value	-9999.000000
[rows 0 to 43 of 140, columns 0 to 95 of 146]
154 191 189 188 153 204 209 217 242 280 309 324 335 338 48 315 109 88 292 282 258 257 274 295 306 292 255 251 254 233 210 181 211 209 207 209 210 207 201 199 200 199 195 194 195 195 190 189 189 211 187 214 182 198 184 186 208 209 186 188 184 210 185 181 178 210 185 177 173 178 180 183 186 184 177 172 174 179 182 182 182 182 182 183 184 185 186 185 184 186 303 349 357 278 280 269
154 191 189 188 153 204 209 217 242 280 309 324 335 338 48 315 109 88 292 282 258 257 274 295 306 292 255 251 254 233 210 181 211 209 207 209 210 207 201 199 200 199 195 194 195 195 190 189 189 211 187 214 182 198 184 186 208 209 186 188 184 210 185 181 178 210 185 177 173 178 180 183 186 184 177 172 174 179 182 182 182 182 182 183 184 185 186 185 184 186 303 349 357 278 280 269
161 155 164 184 166 139 143 232 126 150 162 179 336 236 153 158 157 120 108 295 269 260 267 280 295 306 186 189 233 230 219 175 179 179 207 212 194 220 218 220 220 222 211 209 219 211 223 217 221 220 210 200 201 198 184 186 207 210 189 201 220 202 200 206 209 206 182 173 197 176 182 186 194 180 172 187 191 178 182 182 182 182 183 184 184 186 186 184 183 183 191 213 353 227 213 220
195 167 168 178 174 157 143 133 136 189 173 186 235 230 185 181 162 142 134 126 262 252 210 256 263 236 197 186 216 214 200 184 166 173 176 176 184 198 205 203 204 204 199 200 200 210 208 196 202 201 200 200 205 201 181 184 209 191 191 197 198 191 187 198 199 185 174 180 197 177 217 198 180 171 167 183 189 177 182 181 181 182 183 184 185 185 186 185 185 187 190 192 186 161 148 184
209 158 176 174 175 158 164 136 226 228 158 176 240 251 203 184 165 144 145 140 141 223 236 204 239 230 207 182 193 194 190 187 167 174 179 177 179 188 200 203 203 197 199 199 196 202 197 190 193 197 204 207 209 198 206 211 206 183 187 183 189 194 189 202 192 176 182 169 175 216 198 177 172 168 187 192 174 179 179 177 177 179 182 185 185 185 185 186 188 189 191 193 192 185 165 150
195 156 185 166 177 171 159 151 149 146 152 163 202 224 205 190 167 141 144 156 151 206 225 175 204 215 201 181 186 188 193 191 169 176 178 176 180 185 198 204 200 193 199 200 193 194 192 190 199 206 207 208 212 201 209 202 187 180 180 182 194 195 196 200 178 185 196 194 212 192 178 177 180 170 171 173 208 177 173 171 172 175 180 184 186 186 186 187 188 189 189 191 194 195 186 164
183 159 187 191 171 176 166 176 151 156 152 156 176 220 213 198 172 148 150 156 162 167 188 200 193 206 190 180 183 191 194 182 174 182 178 174 181 184 194 198 195 196 201 200 192 192 199 204 174 192 195 197 214 212 197 191 187 182 189 192 194 197 204 185 175 193 201 204 195 180 187 195 170 175 177 206 175 172 164 162 165 170 176 183 186 187 187 187 187 187 187 189 193 197 195 189
181 173 165 163 172 175 166 150 146 211 151 154 170 204 209 202 177 168 148 159 166 172 182 193 187 196 184 180 179 177 193 176 180 192 178 173 182 186 190 192 191 194 196 193 193 202 204 184 193 198 215 208 205 198 195 198 192 188 194 196 197 207 197 169 191 199 201 202 187 191 174 176 214 202 174 191 174 170 158 154 157 164 172 179 184 186 186 186 186 186 186 188 192 195 196 194
190 179 179 171 171 177 175 167 156 153 155 217 221 185 219 207 185 173 156 160 167 170 188 197 175 188 179 182 180 191 190 179 191 193 177 177 185 186 182 181 187 191 190 188 176 199 203 200 206 205 202 208 209 203 197 195 190 193 198 201 201 191 183 184 196 200 204 199 193 204 175 209 188 179 198 206 177 166 154 151 153 160 168 175 180 183 185 185 185 184 185 187 190 192 194 194
198 186 174 163 167 163 168 170 167 167 165 160 162 177 197 203 191 182 157 157 166 166 171 189 187 188 175 185 181 187 191 183 188 187 177 178 184 181 178 180 190 195 189 186 198 181 195 196 198 200 204 209 213 206 199 192 192 194 201 196 182 169 190 197 200 200 200 197 198 204 200 176 180 196 203 177 177 163 155 154 155 159 165 170 175 179 182 183 183 182 184 186 188 190 192 195
235 199 182 170 164 162 163 166 167 167 166 168 169 171 207 200 195 189 164 145 155 150 165 179 182 180 172 187 181 191 196 183 187 188 175 175 179 178 178 184 194 196 176 200 203 182 197 195 201 201 192 210 205 190 184 188 191 191 193 180 176 186 200 204 196 194 199 198 200 206 198 190 194 192 193 175 171 163 160 159 159 162 166 168 170 174 178 180 180 179 179 182 185 188 191 196
233 202 196 183 176 166 161 163 168 171 171 174 179 174 183 178 193 187 167 153 155 148 160 167 173 170 175 189 183 195 196 185 191 186 175 174 174 176 180 183 188 172 195 173 179 183 199 198 203 207 212 205 192 183 184 192 191 190 188 175 181 197 204 203 199 205 164 163 164 166 204 193 167 191 169 167 163 162 164 164 162 165 169 169 169 170 173 174 175 174 173 175 180 187 193 198
200 197 194 193 183 177 159 157 166 167 175 177 182 186 210 204 200 175 154 152 144 147 150 155 165 173 177 185 184 178 195 186 186 181 175 173 174 177 179 180 182 168 168 200 177 201 196 198 207 205 203 199 185 180 192 198 194 194 192 180 185 167 211 206 160 161 161 159 160 165 166 164 179 186 163 160 156 159 165 165 203 167 171 170 170 169 169 169 170 170 168 165 169 183 194 199
220 219 204 180 179 178 166 191 210 212 174 173 175 183 211 213 209 182 160 150 143 141 149 143 159 170 189 186 188 177 196 191 180 178 172 171 176 177 180 177 184 169 173 174 200 194 192 201 204 201 198 192 184 182 197 200 201 201 200 201 190 170 168 214 221 224 219 213 213 197 157 158 159 159 158 156 154 157 162 164 164 167 171 171 172 171 168 165 165 166 164 159 160 174 192 199
217 201 203 179 176 172 170 156 145 212 214 167 168 170 176 218 211 196 175 163 157 148 155 155 155 168 182 185 192 175 201 189 174 175 169 169 176 175 173 172 173 176 178 198 196 189 195 200 208 206 193 190 189 189 199 198 203 208 206 208 215 221 226 216 210 198 192 189 184 145 167 200 156 181 154 154 153 153 155 159 162 164 168 170 172 172 170 165 162 161 158 153 152 162 186 201
158 166 175 171 171 176 177 176 163 143 203 164 166 164 169 179 202 199 180 171 166 157 161 168 154 155 177 187 194 174 196 178 175 174 169 172 172 174 168 166 205 178 178 198 194 195 198 207 209 200 186 193 198 197 196 198 208 213 205 204 212 214 203 198 191 186 195 186 168 191 206 147 151 147 146 149 154 152 224 152 157 159 163 165 168 170 170 168 163 157 151 141 130 136 172 206
153 162 178 181 173 179 178 177 174 159 147 158 174 168 155 194 199 184 175 166 165 160 168 161 168 160 175 186 173 200 188 173 177 176 172 174 176 173 167 181 169 174 176 177 196 196 203 207 203 194 188 201 207 206 199 205 222 205 209 208 206 199 191 192 186 192 202 184 198 199 180 144 146 140 134 139 150 153 148 147 151 155 158 160 162 163 166 168 166 159 149 135 113 77 327 3
153 158 174 182 178 160 169 175 175 171 149 154 171 177 150 192 197 199 164 180 156 153 167 174 179 166 178 185 173 194 180 174 175 173 177 173 175 172 168 187 167 171 174 197 198 201 203 208 199 198 204 212 216 206 201 221 223 196 211 208 198 194 194 201 202 210 217 206 180 188 235 206 193 200 209 223 135 146 150 150 215 152 157 159 158 156 159 165 167 163 155 147 138 111 266 318
175 169 174 183 184 171 167 177 180 176 157 148 159 156 150 145 143 152 155 150 148 149 158 181 182 174 181 186 189 188 180 176 174 169 178 170 173 172 174 186 191 198 172 174 198 203 207 205 198 200 212 218 215 195 207 217 201 198 208 195 189 199 211 209 209 221 235 158 206 239 214 190 190 174 183 204 200 131 141 147 147 150 157 161 157 154 156 161 165 162 157 152 150 146 105 279
199 187 181 185 186 180 173 178 180 177 161 157 138 150 165 171 159 151 153 143 146 154 157 163 176 180 177 188 190 185 182 178 180 188 175 173 169 171 174 184 189 194 172 175 201 204 206 207 206 210 213 212 190 202 210 200 195 196 197 195 194 203 209 200 213 219 221 232 233 221 203 202 208 147 143 230 244 227 228 238 143 149 156 160 158 156 157 161 163 159 152 150 155 153 114 265
234 197 184 186 182 178 172 173 177 175 158 161 165 144 155 168 172 161 160 147 148 159 154 180 169 180 184 190 188 183 181 181 181 185 171 169 166 167 169 186 171 172 175 178 204 204 206 207 216 219 214 207 197 214 193 186 194 197 203 197 195 203 199 195 205 216 222 221 208 233 206 217 211 190 147 245 247 220 210 238 243 148 155 157 157 157 158 160 163 158 150 150 162 162 209 208
206 196 188 185 185 178 178 176 178 178 164 163 177 162 139 151 155 152 159 148 145 158 151 155 163 177 189 188 186 184 181 181 184 185 164 165 167 163 173 166 170 175 179 181 206 207 212 212 217 202 210 203 210 202 184 187 187 206 210 193 197 203 198 201 197 222 226 234 215 218 209 206 209 197 221 218 220 231 224 249 129 143 152 154 155 155 155 156 158 157 154 157 164 167 164 195
180 177 174 181 182 174 175 170 175 175 165 163 177 181 142 131 135 142 147 140 140 149 153 155 162 177 187 185 188 189 183 184 193 181 154 157 160 160 173 161 168 177 182 183 207 206 209 215 208 200 201 193 192 183 181 185 187 204 199 191 202 205 209 202 206 217 213 213 214 190 182 206 229 144 251 229 209 222 234 245 268 129 144 151 153 152 151 151 151 152 155 160 164 170 175 206
169 169 165 205 173 170 172 175 175 177 170 158 165 178 161 144 140 138 138 145 149 151 154 158 183 170 187 187 191 192 183 184 185 176 152 152 155 156 171 161 168 175 181 207 208 215 215 211 199 200 191 189 188 183 183 186 184 184 187 204 215 216 208 204 202 207 206 205 199 185 208 193 233 220 219 220 231 244 240 235 216 226 132 145 147 149 147 144 143 142 145 150 157 171 180 225
199 156 206 207 163 166 174 175 173 179 176 162 163 175 168 150 143 142 139 138 144 154 160 151 164 159 189 190 189 184 176 179 181 178 164 151 151 158 173 164 172 211 204 209 213 207 205 208 205 203 190 187 187 187 188 203 207 212 216 197 196 216 193 190 198 208 202 205 203 211 223 223 220 219 238 226 228 253 130 135 265 255 125 134 137 139 137 131 126 123 120 116 114 131 161 267
198 144 159 168 171 166 170 172 171 177 177 170 160 164 171 159 146 141 137 131 135 150 161 159 156 164 186 192 178 172 178 183 185 181 170 148 147 167 181 167 175 209 210 213 211 214 214 216 207 201 189 188 189 189 190 213 218 222 195 198 197 206 190 213 220 211 208 214 231 212 236 236 234 240 208 257 206 258 275 126 131 124 123 124 126 128 125 114 99 89 89 84 64 340 340 311
206 196 213 160 175 172 158 164 163 175 176 165 159 154 169 167 152 144 139 131 131 148 158 159 162 168 187 193 172 168 181 186 186 181 165 151 162 174 185 202 206 204 205 205 204 209 210 207 202 192 191 190 190 189 190 188 187 191 196 198 210 206 203 209 211 218 208 210 215 224 246 232 236 232 266 146 147 132 276 285 115 117 118 118 119 123 125 113 80 58 57 55 46 345 338 326
180 127 142 152 165 164 156 147 149 168 170 163 165 152 155 156 150 144 142 133 133 147 156 153 159 166 183 193 173 171 181 184 181 170 162 162 169 180 192 198 199 197 198 201 204 205 203 206 208 195 194 191 189 188 187 187 190 193 194 196 196 214 201 204 206 187 217 221 232 228 229 235 247 269 260 279 285 285 263 271 264 263 112 116 118 122 127 129 86 40 35 316 309 302 307 307
158 155 154 147 143 153 167 164 147 149 173 167 179 144 141 147 147 143 142 133 134 145 153 146 150 166 170 185 178 177 182 180 174 169 167 172 178 189 193 196 198 198 199 204 209 213 213 215 205 195 194 192 189 186 186 189 193 194 196 199 202 205 240 213 220 225 229 230 241 235 234 240 246 253 262 262 259 267 268 251 236 249 101 112 113 112 114 129 155 109 68 56 234 256 273 282
177 166 162 146 135 140 149 167 166 159 164 171 172 173 147 147 148 142 138 131 133 143 148 146 137 138 153 174 179 178 181 174 171 174 173 173 184 193 190 195 198 201 207 212 212 210 214 211 196 194 192 194 189 184 187 190 198 199 201 203 207 208 212 217 225 230 247 248 249 249 246 237 221 217 219 217 218 228 226 217 212 197 260 100 94 89 95 116 155 158 145 132 97 274 265 252
216 192 171 162 150 136 139 147 159 159 163 167 165 186 165 150 158 157 148 140 141 150 150 152 144 140 147 164 174 178 180 175 175 178 180 184 193 187 191 198 201 208 215 216 208 206 206 190 192 190 192 195 193 190 197 203 201 199 201 221 224 230 218 244 244 236 230 230 223 222 216 196 193 216 223 224 215 211 203 206 207 244 291 84 80 86 97 113 138 149 143 141 124 244 231 239
242 225 177 163 156 139 131 139 152 149 146 160 155 155 165 153 156 157 153 150 156 162 159 156 149 145 147 159 169 178 180 170 181 184 189 197 194 185 192 202 206 212 219 221 218 210 204 184 188 191 194 198 201 201 202 198 194 195 200 223 231 240 226 244 240 238 241 242 244 243 242 252 262 267 267 271 275 262 239 220 111 218 97 101 109 112 115 121 131 142 131 131 138 220 223 243
243 233 229 167 147 146 141 139 139 157 148 147 153 161 163 149 144 146 146 151 163 173 172 166 155 147 150 155 165 175 175 173 183 190 196 195 188 188 196 201 205 216 224 224 223 216 210 180 184 191 195 199 202 200 196 192 192 197 223 225 230 237 244 249 256 242 247 251 256 262 269 272 277 271 250 245 269 304 135 125 111 101 102 117 128 130 129 126 131 146 138 126 131 131 245 265
227 227 237 227 184 173 159 146 143 144 154 168 177 172 155 147 138 131 129 135 148 162 172 174 165 155 150 153 161 170 175 177 188 193 199 198 196 198 205 210 216 224 226 226 236 224 228 180 180 184 190 195 199 200 197 197 200 205 212 217 222 244 252 260 264 264 266 271 275 273 250 249 246 234 214 258 274 294 326 94 92 327 87 95 109 121 125 123 128 145 145 120 115 113 286 294
228 231 204 230 211 172 166 163 160 160 156 161 161 165 170 149 136 118 107 112 128 145 156 163 170 166 162 159 159 163 171 181 196 198 204 207 209 214 227 236 239 238 242 243 254 259 263 184 176 169 178 193 204 207 207 209 211 215 220 226 235 237 253 251 252 256 258 249 239 242 246 244 234 262 286 294 293 288 291 311 336 317 73 305 83 94 106 113 118 134 145 114 101 95 263 276
141 167 184 183 211 198 157 150 153 153 148 141 148 159 163 174 172 162 144 135 136 139 145 148 161 168 172 169 163 161 169 184 199 204 209 212 218 225 228 233 240 244 249 247 244 254 270 284 319 153 129 240 233 228 228 228 227 228 231 255 254 252 239 238 229 231 231 228 222 221 226 232 254 242 289 294 294 294 298 303 308 59 4 354 75 82 90 95 102 116 136 109 90 90 262 284
166 166 174 178 209 203 192 153 149 145 138 130 134 141 147 153 155 150 144 135 129 132 132 137 140 154 172 172 167 165 170 184 203 204 203 206 208 197 198 203 209 215 224 241 254 255 255 269 298 336 343 351 330 296 276 266 256 250 247 248 247 248 248 262 244 225 219 213 209 244 221 228 234 255 293 336 357 17 297 40 44 333 360 3 70 77 86 91 96 107 124 100 78 75 292 296
152 158 171 169 164 172 163 148 143 142 135 128 127 124 132 135 133 131 123 113 107 110 112 107 117 134 141 163 164 169 175 200 217 215 213 215 215 212 213 216 209 222 222 233 237 241 251 262 280 305 326 342 338 342 321 308 300 294 288 282 255 252 249 246 244 238 228 222 219 224 230 230 266 237 250 288 340 11 30 37 44 335 359 309 352 77 92 94 100 113 135 121 90 74 268 264
211 214 173 165 154 158 190 193 124 124 109 119 112 108 104 106 107 101 94 90 88 85 84 85 85 88 103 131 149 169 178 181 233 248 252 249 239 214 215 246 246 241 221 222 220 221 232 255 256 285 303 322 323 337 337 334 331 329 324 322 319 319 320 322 305 325 316 318 314 306 293 274 256 245 237 231 236 294 32 39 45 48 50 54 57 31 86 90 98 117 152 160 126 106 89 255
201 163 160 161 152 131 196 119 127 110 112 107 95 97 94 95 92 85 82 83 78 67 73 77 72 73 89 116 105 155 170 182 217 261 284 294 298 299 296 252 244 272 236 231 252 265 271 267 269 275 283 295 301 307 315 329 329 330 335 335 336 337 336 335 336 338 342 347 350 350 349 343 338 330 315 261 217 203 198 45 44 46 50 52 55 330 70 82 87 104 143 167 155 137 117 253
184 125 141 141 207 204 206 109 119 112 108 112 108 105 93 91 82 68 59 58 58 63 77 72 60 63 78 94 115 140 159 191 244 268 281 285 290 297 305 314 304 301 305 294 290 289 293 298 303 303 305 307 300 297 333 332 298 295 331 300 312 334 339 337 338 338 340 346 350 351 352 355 357 357 1 6 3 12 172 187 55 47 48 50 54 354 41 73 80 91 117 153 159 151 143 126
174 183 114 35 222 217 221 104 111 106 109 108 105 95 77 74 60 47 49 60 67 75 76 59 46 49 61 73 95 120 147 241 272 278 277 282 291 295 298 302 313 308 306 310 314 319 323 325 326 327 325 331 335 330 324 323 322 322 334 336 326 336 337 335 334 334 332 325 322 324 327 338 353 359 2 6 16 24 46 72 235 45 50 52 52 52 4 53 80 87 94 117 143 149 152 146
134 68 50 94 127 226 77 108 96 97 104 104 94 74 58 48 42 48 62 67 73 74 60 40 40 46 54 59 61 64 52 298 287 283 280 285 292 295 297 300 305 311 310 309 307 305 310 318 326 337 331 332 341 341 338 340 341 340 341 337 342 336 327 292 310 316 320 323 324 331 332 331 337 336 311 286 345 16 34 35 12 7 47 55 57 58 59 358 51 82 83 87 105 126 143 149
190 174 108 241 225 232 103 102 90 101 102 79 45 28 21 26 36 43 52 63 67 55 39 30 37 46 50 45 42 38 20 341 315 306 304 297 298 300 303 304 305 307 308 305 299 301 306 313 317 324 326 326 333 336 335 335 330 326 308 303 308 328 331 328 328 330 331 332 346 337 351 355 2 7 8 311 289 288 355 32 30 17 28 50 60 64 63 62 64 72 78 77 84 101 124 141
