examples/cougarCreek-fire/createInputs/WindNinja/wrfout_d3.2015080912.f23/cougarCreekFire_08-10-2015_1100_217m_non_neutral_stability_ang.asc
ncols	146
nrows	140
xllcorner	610065.000000
yllcorner	5095217.000000
cellsize	216.586807
NODATA_value	-9999.000000
[rows 88 to 131 of 140, columns 0 to 95 of 146]
316 311 305 309 310 310 304 305 279 278 272 262 253 284 315 306 298 252 249 242 233 227 222 303 315 189 189 201 249 237 213 226 269 208 247 245 273 273 197 200 205 200 192 169 164 187 164 141 142 170 136 226 168 297 146 165 154 144 155 124 116 120 125 145 95 48 88 94 86 86 86 86 74 349 123 119 118 118 119 129 135 139 131 85 94 91 93 113 114 113 112 112 112 112 112 111
315 311 314 312 309 307 307 308 279 278 271 283 252 253 319 309 302 249 245 238 229 224 221 316 170 228 226 218 251 233 222 233 255 206 200 272 261 264 200 200 200 259 191 170 165 212 248 139 147 145 145 129 166 164 150 167 151 151 126 138 108 137 136 137 128 141 86 97 78 71 91 77 81 84 114 178 125 142 118 159 162 162 118 116 152 113 110 113 112 112 112 112 111 110 110 110
314 310 314 314 310 311 310 308 279 279 271 287 253 253 314 261 304 247 241 235 227 221 297 244 231 229 227 237 248 235 217 240 251 234 198 243 207 235 199 198 196 189 188 201 168 215 262 148 184 179 149 154 167 165 167 139 165 156 160 159 156 160 153 131 118 122 228 118 241 257 336 79 131 130 127 88 96 92 151 122 122 119 117 115 112 111 112 113 112 112 111 109 107 107 107 106
312 307 310 313 309 310 310 311 277 277 272 261 253 251 254 305 295 242 237 231 224 221 291 225 227 224 220 243 229 215 231 250 242 245 227 255 197 234 199 172 186 200 185 222 174 230 169 188 183 180 179 175 210 196 182 157 151 161 152 161 147 159 154 154 107 144 96 137 154 164 160 337 133 135 70 97 89 85 94 210 202 115 145 117 114 115 114 114 114 112 110 106 102 103 104 102
317 314 309 312 317 313 312 308 311 270 266 296 252 295 247 304 243 283 233 228 222 258 253 225 220 218 251 236 200 203 249 247 256 260 244 240 196 204 179 197 185 208 187 183 182 178 169 165 182 180 180 176 202 170 170 197 163 167 152 149 145 136 160 165 113 148 143 46 146 165 159 357 135 136 94 113 352 356 277 174 174 131 42 89 80 106 115 117 114 112 111 107 102 103 103 101
321 291 289 286 308 308 313 271 310 264 319 298 250 301 291 296 296 264 231 226 222 254 232 191 214 213 237 218 216 222 235 231 250 240 211 191 201 202 201 196 190 188 188 185 182 170 168 182 181 180 179 169 192 173 172 170 180 199 164 155 148 153 173 184 181 105 101 130 307 171 170 15 137 137 101 72 96 149 125 125 124 122 121 353 47 79 43 114 114 114 115 108 104 103 102 100
295 293 290 286 315 310 315 272 268 265 259 308 301 293 293 295 288 283 230 225 222 243 255 205 213 213 224 237 243 252 238 238 226 195 203 202 200 199 198 195 190 187 186 185 184 183 182 181 180 179 178 174 192 175 174 171 192 168 185 167 154 152 209 157 155 189 241 133 305 173 180 3 139 97 81 89 126 88 174 123 124 123 119 115 114 116 120 74 114 113 326 109 109 114 107 101
317 290 306 282 313 309 276 315 268 292 311 306 299 291 292 291 299 291 231 223 218 278 251 217 214 214 240 238 207 201 206 229 198 190 203 201 198 195 194 193 191 188 186 185 185 184 182 180 179 179 177 176 176 177 175 173 171 169 168 167 169 174 192 159 155 150 147 178 179 181 179 169 91 86 63 65 127 125 123 171 124 124 177 116 127 113 107 54 55 112 107 18 111 109 105 107
291 288 312 305 309 314 276 319 307 314 294 309 304 290 293 286 306 295 234 223 217 243 222 220 217 214 262 243 239 180 194 198 180 204 202 200 197 194 193 193 192 189 187 185 185 184 182 180 180 179 178 177 177 176 175 174 172 170 168 166 196 179 162 160 184 152 147 143 141 189 187 168 146 156 32 75 127 126 124 165 120 120 118 115 67 68 52 38 106 106 325 23 37 103 101 101
293 292 313 312 306 322 328 275 321 330 261 312 306 303 244 298 298 295 232 270 221 226 224 219 215 259 207 248 194 210 194 206 206 204 202 200 197 195 194 193 191 189 187 186 185 183 181 180 180 180 180 178 177 177 176 175 173 171 169 167 165 165 163 161 158 154 150 146 142 139 137 136 134 165 129 50 62 127 126 44 118 116 113 110 143 103 103 104 25 99 97 95 94 94 93 93
290 293 292 317 317 280 320 279 276 268 321 308 302 295 249 247 310 282 276 294 225 226 224 217 239 259 251 211 198 197 194 205 205 203 201 199 197 194 192 192 191 188 186 186 184 182 181 181 181 181 180 179 178 178 178 176 174 172 171 169 167 165 163 161 159 155 151 147 144 187 138 137 135 203 189 328 51 129 128 51 21 312 114 7 107 18 41 104 100 24 25 91 93 92 91 86
286 310 288 320 338 281 314 276 274 335 341 264 306 293 254 284 296 292 288 231 228 175 219 211 206 268 221 218 243 202 190 170 205 204 202 199 196 194 193 194 193 188 185 185 184 182 181 181 182 182 180 178 179 180 179 177 176 174 172 170 168 166 163 161 159 155 152 148 145 142 140 138 190 186 188 180 18 53 129 123 19 117 341 19 19 342 6 103 107 97 6 91 90 90 96 331
290 320 281 335 286 307 316 316 327 269 268 266 299 260 284 244 291 280 291 231 227 222 213 333 166 202 213 251 260 191 207 207 206 204 202 199 197 197 200 201 193 185 184 185 184 182 181 181 181 182 181 179 180 181 180 178 177 175 174 172 169 167 164 189 159 156 152 149 146 143 141 139 136 134 131 185 173 63 127 124 51 352 340 320 339 342 101 327 101 22 355 93 96 95 100 352
294 292 285 0 284 319 338 276 270 339 259 324 291 300 292 288 288 277 284 320 222 219 212 212 214 212 228 264 262 167 211 209 206 204 202 200 199 198 199 200 195 187 184 184 184 182 180 180 179 181 182 181 181 182 182 180 178 177 175 173 171 168 165 162 159 156 152 149 146 143 140 138 195 195 192 187 193 217 347 49 360 341 289 232 221 92 208 252 90 325 92 342 357 90 95 83
297 299 300 290 289 324 280 326 307 355 253 327 322 310 300 277 237 279 284 280 221 42 139 220 218 210 163 281 217 214 213 209 206 205 203 201 199 196 193 195 196 191 186 184 183 181 180 179 179 181 182 181 181 183 183 181 179 178 177 175 172 169 166 163 160 155 196 193 191 196 195 195 193 195 191 194 206 202 261 12 84 277 289 297 327 61 356 341 321 173 154 198 83 82 313 343
298 302 306 299 359 280 322 327 330 272 265 325 253 300 331 290 238 279 229 271 45 224 154 196 84 123 124 289 202 213 182 197 206 205 204 202 198 195 193 193 193 189 186 184 182 180 180 180 180 180 180 181 183 184 183 181 179 179 179 177 174 170 195 164 160 194 196 192 193 198 199 198 190 196 205 209 223 278 339 22 13 319 300 303 339 94 99 5 13 90 16 332 305 322 359 344
299 299 296 293 284 346 270 309 2 277 276 273 315 314 258 295 285 283 229 308 228 150 152 217 335 128 72 320 163 193 301 220 207 206 205 202 199 196 195 194 191 187 185 184 182 180 180 181 181 180 179 181 184 186 184 181 180 180 181 179 175 171 167 164 160 197 196 195 145 142 204 205 205 201 205 211 221 271 308 342 331 314 319 302 324 3 4 108 345 104 98 2 84 16 335 327
309 299 289 288 285 273 342 270 287 334 277 280 274 353 268 261 293 284 226 310 50 227 220 359 2 211 163 207 117 206 211 212 210 207 205 201 199 198 197 194 191 187 185 185 183 181 181 181 182 182 181 181 185 187 185 181 179 182 183 181 177 172 168 165 201 202 205 147 145 142 138 213 212 213 210 212 222 239 240 248 309 328 327 313 318 343 6 11 347 5 104 0 6 80 78 328
315 312 304 300 300 293 282 279 5 280 340 268 319 323 262 253 302 289 228 290 42 118 182 218 220 95 211 202 50 211 213 213 210 207 203 201 200 200 198 194 190 187 185 184 182 181 181 182 183 183 182 182 185 189 187 178 178 183 185 184 180 173 168 165 162 157 151 147 144 140 137 134 131 220 217 214 209 216 216 237 284 307 318 289 263 262 312 330 316 312 95 357 334 68 82 345
325 320 315 311 309 305 300 296 284 283 346 327 343 252 325 325 233 230 230 222 95 127 226 344 224 218 14 1 205 213 214 212 208 204 203 203 148 157 169 193 190 188 186 185 183 182 181 181 182 183 182 182 185 191 191 182 179 184 187 187 181 173 167 165 162 156 212 212 215 216 220 224 231 234 227 219 225 243 277 306 303 297 317 318 248 75 255 301 323 286 2 24 328 299 318 325
319 315 317 313 309 303 297 297 292 4 265 358 251 333 330 321 293 287 289 291 114 235 155 27 48 47 24 48 210 341 211 207 324 204 206 141 206 205 199 192 190 189 187 185 184 143 181 181 183 183 183 183 185 191 194 189 185 187 190 188 182 172 166 165 163 211 219 224 226 224 225 132 236 244 247 253 261 273 288 298 313 307 307 327 336 341 317 305 327 335 332 336 308 274 289 312
320 316 326 314 308 304 295 291 297 304 285 264 352 338 346 324 227 300 308 310 115 132 257 344 262 2 10 206 204 350 204 335 207 210 142 210 134 204 197 193 191 190 187 185 136 182 181 182 184 185 184 184 188 192 194 192 193 195 193 189 181 170 164 163 162 153 218 224 232 135 238 131 250 128 126 280 273 271 276 289 299 296 293 313 338 358 356 351 8 352 329 304 317 322 326 330
315 320 319 323 309 308 305 299 305 316 310 275 353 268 261 324 314 23 221 331 74 359 336 338 3 353 355 41 355 1 5 212 111 125 131 128 120 203 337 196 194 190 188 125 125 130 180 183 186 187 187 188 193 196 197 199 205 206 200 190 180 169 160 160 158 147 218 216 227 235 238 228 225 243 267 269 271 267 273 284 293 301 307 312 325 351 350 347 353 355 350 352 328 334 338 331
307 313 319 314 305 304 307 305 307 306 301 286 282 273 343 339 233 236 242 248 254 242 234 358 14 25 359 16 4 215 23 230 123 115 108 96 211 203 201 110 112 113 114 116 116 120 182 185 189 191 192 194 201 206 210 218 223 219 208 195 182 166 154 153 150 266 256 245 240 235 233 221 215 222 240 271 283 289 286 287 305 307 302 302 313 342 343 337 347 1 356 54 342 330 335 6
305 308 311 307 303 296 292 295 301 307 21 292 4 346 328 351 250 257 264 263 256 243 243 11 15 31 20 234 242 15 46 67 35 236 52 334 211 206 91 96 104 109 105 107 112 185 185 189 194 198 202 210 226 239 249 253 250 242 231 217 182 140 129 130 130 127 124 122 281 272 274 293 296 289 284 286 295 297 292 296 319 332 321 328 324 334 349 352 347 347 346 40 31 334 325 326
313 314 314 309 294 280 287 287 283 287 278 39 351 318 330 345 257 267 269 262 248 247 241 13 42 36 9 5 359 3 15 2 358 235 228 218 209 74 75 83 87 91 100 115 129 191 192 197 205 213 226 250 274 288 296 300 302 306 313 332 16 58 77 91 102 109 112 114 114 302 304 108 318 321 312 305 309 313 318 309 322 340 328 323 325 322 337 350 349 358 350 332 347 330 311 306
321 323 318 311 307 302 294 286 283 271 348 273 272 336 348 337 262 265 259 246 232 230 233 18 73 40 351 352 346 351 352 6 231 226 354 209 56 77 66 66 78 93 118 202 208 209 206 208 218 230 248 266 279 288 295 305 317 327 337 351 17 40 57 326 323 321 319 315 310 304 303 299 298 310 318 318 329 334 334 327 330 342 329 318 312 317 333 344 340 345 357 340 334 343 345 327
325 330 329 320 317 319 319 311 289 265 263 274 360 352 279 269 273 270 261 244 320 3 14 88 106 315 356 344 350 345 351 22 47 22 213 210 65 66 197 58 84 102 115 118 107 219 213 215 225 237 252 264 271 275 277 282 291 304 325 353 24 44 60 75 325 321 326 323 314 307 303 300 300 308 321 320 323 325 317 312 324 337 339 332 333 330 341 347 346 343 339 336 333 352 338 335
327 333 334 322 315 315 319 322 321 320 298 287 352 358 280 284 278 267 265 251 241 8 39 105 26 339 339 331 352 351 347 24 44 33 215 64 65 43 193 68 90 98 102 95 77 60 212 217 231 245 255 262 266 267 264 264 267 269 273 294 56 68 78 332 326 317 317 320 320 319 313 312 310 314 321 324 319 317 303 294 302 315 328 328 324 326 339 346 347 349 336 330 320 319 342 341
326 331 328 317 310 307 311 321 332 337 328 292 284 296 292 286 279 276 271 266 270 24 65 90 303 254 342 338 339 330 348 20 63 61 59 59 211 197 51 79 85 93 99 93 76 50 44 222 239 250 255 257 259 258 255 252 252 251 243 221 150 108 334 92 339 328 318 315 322 325 323 312 312 313 313 322 319 324 320 315 314 314 316 319 325 331 343 346 343 24 7 337 328 357 321 342
333 331 325 315 312 313 318 325 333 338 337 328 315 302 341 289 280 272 268 270 270 28 263 301 259 271 344 337 344 331 343 42 60 52 47 26 355 33 73 88 84 89 90 75 46 212 33 48 237 247 250 250 250 249 247 246 244 240 231 210 309 321 123 111 340 338 334 319 309 318 331 317 307 304 299 303 310 317 320 322 333 341 344 333 329 338 359 349 342 15 4 344 342 330 325 335
338 331 327 318 314 314 321 329 327 333 327 319 313 312 304 16 275 267 9 260 353 22 28 262 258 338 344 348 345 343 351 31 35 38 26 11 21 61 89 94 89 82 74 53 39 36 45 36 13 236 243 244 245 245 244 241 236 231 310 313 312 314 327 334 335 336 337 330 306 302 326 331 321 312 304 312 321 329 337 341 328 336 345 338 336 341 2 355 344 8 2 347 358 350 341 346
329 328 327 324 316 314 322 330 330 325 312 297 288 294 305 311 4 13 41 354 9 260 21 353 338 334 333 350 330 298 323 260 16 34 10 11 45 69 90 92 77 62 61 55 52 58 52 22 17 13 346 236 238 238 236 233 297 295 301 314 320 316 322 332 341 340 329 331 315 299 311 333 336 333 325 317 317 323 343 340 336 333 337 334 326 322 334 338 341 360 357 344 354 350 351 346
332 320 322 323 313 312 321 324 318 310 312 296 287 290 299 287 18 35 4 350 7 35 18 18 353 334 337 351 347 264 341 4 17 31 2 22 64 75 82 85 52 49 62 69 73 70 47 22 22 21 347 328 314 305 298 293 293 291 294 309 326 321 323 335 137 123 332 333 335 302 304 321 325 321 319 315 321 320 337 343 337 336 339 339 329 31 27 20 352 336 353 339 352 349 347 345
330 312 311 321 300 294 313 303 299 309 317 307 296 294 302 318 303 44 283 357 357 2 354 345 275 266 356 9 329 266 327 11 18 21 0 33 60 61 68 56 26 51 74 74 77 64 27 21 24 29 2 333 315 302 296 294 289 287 286 301 327 324 310 330 155 139 343 342 348 323 306 299 306 315 319 322 327 325 335 341 337 339 345 346 347 347 334 15 8 321 334 332 340 347 345 345
330 313 302 299 297 287 302 284 285 297 311 314 297 292 296 316 340 51 4 348 356 357 353 345 290 300 11 285 284 289 302 355 357 358 6 34 47 45 44 27 27 54 63 63 66 40 7 25 35 45 26 329 314 299 295 290 288 284 279 289 319 320 300 321 341 162 140 341 341 329 321 324 330 335 329 322 322 322 330 340 338 341 341 346 351 2 355 348 337 335 338 341 346 347 346 347
335 325 308 297 285 295 302 290 285 289 306 329 302 291 290 304 327 339 14 310 4 1 354 346 296 310 304 296 292 295 298 346 355 359 25 40 49 50 44 39 43 56 59 56 44 23 9 34 43 39 10 322 307 300 293 287 285 280 276 284 303 301 300 310 325 188 168 337 322 320 326 337 343 344 340 333 329 330 333 334 335 341 28 353 351 1 358 5 345 341 5 356 351 348 348 350
340 342 335 298 305 303 305 301 294 288 296 313 307 294 289 297 324 337 311 321 303 357 354 352 345 344 303 299 336 301 304 333 5 22 54 55 51 52 56 56 53 63 64 48 34 34 25 32 32 17 359 328 321 307 294 284 277 273 270 274 282 274 274 279 288 318 336 352 288 354 314 332 342 354 356 345 337 330 330 332 337 341 358 3 347 349 2 357 345 339 336 355 349 352 349 351
341 340 339 331 309 314 316 315 309 298 296 307 308 297 290 296 313 359 305 359 352 344 358 357 303 340 349 352 325 327 306 321 21 44 61 54 46 55 54 41 47 60 50 40 48 47 24 22 30 20 10 339 326 324 308 298 278 208 209 210 213 212 210 210 220 230 298 309 348 1 320 338 340 351 39 359 343 333 330 330 329 334 340 359 353 349 356 355 346 340 334 354 349 352 350 351
331 330 344 321 316 324 322 321 324 311 301 303 314 302 293 294 309 320 19 355 345 350 358 355 313 340 343 339 303 306 337 357 25 47 62 62 56 46 40 41 57 63 46 53 64 39 11 17 40 49 38 15 6 213 215 215 215 216 217 219 220 220 223 228 241 264 293 327 329 12 332 345 338 339 5 2 351 338 332 329 326 328 334 342 347 352 353 353 356 346 339 356 349 350 350 351
323 327 328 335 326 311 311 321 321 323 305 302 310 309 297 289 298 319 327 355 349 347 345 337 343 344 347 317 315 320 347 19 35 59 65 51 28 27 40 52 63 260 255 249 251 31 17 39 229 226 226 225 226 227 228 227 226 227 228 229 231 236 241 249 260 275 290 310 312 282 6 332 332 327 353 358 351 336 330 330 331 335 340 340 339 342 345 350 354 349 341 355 349 350 350 353
314 322 329 326 328 320 319 317 319 322 308 304 309 318 300 288 289 312 331 310 347 345 340 338 345 349 347 325 329 356 356 39 52 63 315 50 29 38 49 51 311 314 308 302 297 296 295 284 268 260 258 257 253 248 244 242 241 240 241 246 257 267 274 282 289 297 302 298 286 295 345 3 25 326 339 349 351 344 334 333 332 332 332 339 341 341 339 339 345 347 347 352 349 350 351 352
306 309 331 327 325 322 319 317 320 312 311 315 310 311 316 296 304 306 311 308 306 344 341 339 343 338 346 336 335 355 16 46 47 57 317 313 33 37 323 324 324 326 325 323 320 321 326 324 310 297 291 286 278 272 269 267 265 262 263 273 287 298 304 307 314 324 332 341 350 358 2 4 318 18 334 339 346 342 339 337 335 333 333 332 341 345 349 344 341 343 346 351 351 351 352 347
300 306 323 322 327 322 322 322 318 322 325 309 316 312 319 308 309 327 312 311 312 311 343 343 343 340 330 334 333 11 35 46 48 57 46 10 17 318 324 330 332 332 332 331 329 8 14 335 329 322 318 314 309 305 304 305 305 306 307 308 312 319 322 320 325 337 347 354 358 3 2 2 4 322 324 326 338 337 337 338 338 340 339 336 330 337 349 351 345 344 349 347 348 351 353 350
