examples/cougarCreek-fire/createInputs/WindNinja/wrfout_d3.2015080912.f23/cougarCreekFire_08-10-2015_1100_217m_non_neutral_stability_ang.asc
ncols	146
nrows	140
xllcorner	610065.000000
yllcorner	5095217.000000
cellsize	216.586807
NODATA_value	-9999.000000
[rows 44 to 87 of 140, columns 0 to 95 of 146]
220 223 228 125 178 308 117 74 81 81 31 349 353 11 11 22 21 23 36 48 51 40 32 29 32 40 37 31 32 30 17 355 338 325 321 323 313 311 311 312 310 305 297 300 304 309 313 322 327 329 325 324 324 324 319 311 317 334 334 332 336 343 342 342 341 343 348 351 352 352 353 356 1 6 10 14 16 21 300 18 35 30 20 42 58 64 65 64 64 66 75 78 19 85 4 325
125 135 131 61 319 351 327 41 39 338 264 342 7 17 16 16 9 25 39 47 47 39 32 22 24 28 24 24 24 26 15 1 351 341 332 324 325 334 329 317 309 323 316 313 319 317 322 331 333 334 326 314 310 307 311 318 341 339 332 331 340 348 349 348 346 347 330 334 357 336 306 326 327 324 325 324 25 342 329 305 36 36 27 40 58 63 66 67 66 65 73 80 74 73 2 86
219 215 220 323 326 339 324 330 326 281 338 355 14 9 8 10 16 38 41 47 45 31 19 10 11 14 17 21 22 23 12 3 355 347 336 327 327 327 324 330 333 327 324 326 334 327 334 334 324 319 338 329 319 318 322 329 345 346 343 344 349 353 353 353 350 334 354 359 337 2 7 11 13 330 333 346 31 341 340 328 320 36 41 46 59 64 67 67 66 66 3 77 76 72 78 87
216 218 230 0 340 319 271 324 329 329 350 5 12 13 19 34 349 351 40 38 33 16 7 3 8 11 15 17 17 18 13 6 357 349 338 329 329 331 329 326 338 333 336 338 333 347 343 331 347 350 349 334 322 320 326 335 345 350 352 354 348 348 347 347 355 355 345 347 8 9 14 346 337 336 342 346 35 38 38 343 315 39 49 56 62 68 70 70 68 67 67 72 79 30 81 88
214 224 257 316 272 274 267 328 340 342 0 3 9 22 26 336 344 352 33 27 21 5 1 7 10 14 18 15 16 21 16 9 360 351 338 339 331 335 334 339 339 341 343 344 332 330 321 344 347 355 352 342 341 343 342 344 349 354 358 2 4 3 2 1 0 2 6 10 354 350 339 315 339 336 319 338 349 41 332 344 334 321 52 64 68 73 75 75 74 72 71 72 29 80 24 19
216 230 247 256 279 312 324 341 341 350 355 3 12 10 326 18 13 13 6 12 13 2 3 9 6 10 11 11 17 11 14 4 359 354 340 342 342 335 333 338 340 335 346 348 351 332 345 340 344 350 349 347 349 350 349 350 352 354 0 4 9 11 9 6 351 348 347 343 321 320 321 347 342 341 344 337 331 327 42 27 350 327 54 68 73 75 78 80 80 79 77 73 73 26 26 21
221 234 250 277 323 329 321 333 338 347 9 20 16 18 3 356 357 356 357 6 7 2 1 358 358 360 3 7 4 6 9 0 357 353 344 347 347 337 335 336 336 334 336 347 356 358 353 353 355 355 355 357 356 354 353 352 351 354 357 359 10 14 16 13 9 9 10 13 18 22 24 26 27 346 341 344 44 45 46 339 50 52 57 68 76 81 82 82 82 82 82 80 78 80 80 80
227 237 272 329 340 323 324 331 334 355 345 308 12 1 311 346 349 351 358 3 1 1 359 349 355 1 10 16 8 2 4 357 354 353 345 350 344 342 339 338 334 331 334 337 349 352 1 7 8 7 6 5 1 2 0 349 349 358 356 358 0 3 18 19 17 17 360 18 334 2 18 0 358 6 4 47 51 53 54 359 57 59 59 65 323 77 82 83 81 82 84 86 87 86 85 85
231 240 285 342 325 316 313 319 331 352 3 345 334 334 334 338 344 350 355 357 356 2 1 347 360 13 11 9 6 4 357 352 353 352 345 351 346 345 342 337 334 334 337 339 340 344 348 357 2 11 9 6 3 2 357 349 349 355 360 1 2 346 7 21 26 28 27 26 14 18 43 45 45 46 48 51 54 57 59 58 346 63 66 67 68 137 9 79 82 82 81 83 86 87 87 88
231 275 334 345 329 314 308 312 333 343 334 286 320 325 335 340 343 352 352 353 352 356 354 349 9 9 4 4 1 356 350 353 349 352 352 354 350 344 341 336 335 337 337 340 342 340 338 343 347 359 3 4 4 358 350 350 360 6 7 7 9 11 17 20 23 25 36 22 19 18 25 29 25 20 13 7 339 3 350 61 64 68 24 28 79 67 70 74 75 77 76 78 81 82 85 88
225 282 330 321 317 309 319 315 331 333 283 286 322 334 341 343 347 355 354 353 350 349 349 350 358 359 355 352 356 353 346 351 343 351 355 358 351 343 342 340 339 338 336 335 336 332 331 332 333 335 352 1 1 358 354 357 9 19 20 20 20 21 25 24 21 22 27 25 16 8 345 348 12 48 17 14 21 55 22 8 350 349 302 69 70 124 70 115 71 75 79 37 79 83 85 87
218 299 321 312 290 318 331 320 315 313 280 288 330 336 338 336 342 347 345 344 343 342 342 345 347 345 346 352 356 351 343 340 337 348 349 357 356 353 346 343 348 346 337 347 341 337 319 318 327 336 339 347 360 356 359 9 26 30 27 27 23 10 2 16 34 36 348 1 12 37 37 38 345 5 51 51 20 355 131 58 113 192 70 71 73 75 76 76 75 74 77 79 79 80 84 86
224 309 325 314 315 357 349 317 281 294 283 320 305 332 334 335 335 340 336 333 334 334 336 341 342 343 352 356 353 343 337 341 336 347 344 347 351 349 339 346 345 347 338 347 339 334 328 325 331 318 333 344 345 355 357 8 21 13 2 358 11 38 30 31 31 33 42 39 37 37 39 22 2 55 51 56 61 61 59 60 13 66 71 74 76 22 80 81 81 79 77 131 79 132 129 81
242 291 337 346 7 12 300 297 286 293 310 325 319 326 333 332 338 339 322 323 329 328 335 342 342 343 352 351 346 337 342 346 334 340 344 347 351 342 324 339 336 336 336 328 319 334 321 321 322 329 333 317 348 347 351 333 323 31 17 30 31 27 30 31 34 37 39 40 41 43 47 52 64 56 57 61 65 64 64 112 120 118 131 76 77 77 78 80 81 81 81 64 67 133 82 117
245 261 356 345 319 299 310 274 274 309 303 315 312 339 343 302 305 310 310 313 334 335 349 348 346 352 353 348 340 340 348 335 338 342 341 341 341 337 341 342 332 327 330 331 323 328 324 324 327 332 333 335 331 336 314 2 44 27 22 26 23 31 50 40 38 34 45 47 50 52 55 91 63 63 63 66 68 69 103 121 75 76 124 124 127 123 62 79 13 80 81 81 82 83 82 72
236 261 322 302 300 321 261 274 306 316 304 308 312 256 255 290 311 313 313 315 337 338 341 343 345 358 354 345 341 352 333 332 345 346 340 340 328 335 338 344 336 330 331 330 330 326 323 318 325 335 344 351 353 359 14 25 24 24 31 36 39 39 34 36 41 46 42 45 66 83 60 64 68 66 66 68 69 71 96 106 123 80 126 124 119 78 120 125 101 52 80 83 28 57 84 72
231 259 8 352 337 267 252 308 341 287 270 251 244 242 276 298 305 304 309 317 336 334 334 336 351 354 348 343 350 357 331 344 344 342 340 330 331 332 337 335 333 331 329 326 326 326 329 328 329 337 325 349 4 8 14 22 28 28 30 37 45 46 39 40 47 42 59 60 64 66 65 66 67 67 68 69 63 62 75 78 80 77 79 82 103 94 111 100 80 48 47 28 85 57 39 75
243 323 359 326 311 261 250 343 297 267 246 245 268 276 288 296 297 294 300 310 331 328 334 339 351 350 349 349 351 350 344 340 341 338 332 326 324 328 335 329 328 327 328 323 320 322 323 325 321 322 326 331 335 343 13 18 23 26 32 37 42 47 48 51 58 62 62 64 68 69 68 67 67 67 64 62 72 73 75 77 80 82 83 83 83 84 48 47 45 50 66 57 85 42 86 88
332 13 5 319 311 308 314 337 255 233 233 265 275 286 292 292 288 286 293 318 330 325 326 336 347 349 351 352 349 344 340 341 315 334 320 322 324 326 333 330 329 324 329 330 322 323 320 315 317 312 316 325 341 10 8 10 17 29 38 42 45 48 52 57 61 63 63 66 68 69 69 69 68 68 70 71 72 74 75 77 79 80 81 82 46 45 44 41 40 46 59 79 75 72 60 46
61 64 283 286 321 291 234 227 229 254 262 269 279 288 290 285 277 277 291 320 323 322 323 332 342 348 352 351 344 340 341 321 317 327 314 323 328 327 331 328 326 317 319 330 326 326 327 325 323 315 316 328 337 11 8 10 20 35 43 47 50 53 55 58 61 62 64 67 69 70 70 70 71 72 60 73 75 76 77 79 80 81 82 44 45 51 47 43 51 51 62 104 133 116 130 118
182 170 226 244 248 242 234 232 254 266 275 281 284 286 285 277 264 275 300 319 315 324 324 331 337 345 352 348 339 337 328 333 323 325 320 328 335 330 332 330 325 315 309 322 328 325 329 330 325 326 318 318 325 336 7 11 25 38 46 51 56 59 61 62 63 65 68 69 70 72 72 73 76 78 79 79 80 81 53 45 35 38 41 43 45 45 42 40 42 51 62 67 85 79 77 89
262 137 215 235 257 254 249 257 268 277 285 290 285 280 275 267 257 276 320 312 302 331 326 328 336 344 354 330 339 335 328 324 321 319 317 328 338 334 336 336 327 318 309 315 323 323 329 328 326 334 321 316 326 338 2 9 27 40 48 54 59 64 66 67 68 69 71 72 74 75 75 76 79 81 82 83 85 86 87 88 88 86 109 100 107 82 26 15 32 65 39 133 114 127 121 87
96 140 197 241 253 261 265 272 278 282 288 289 282 272 265 260 268 290 317 312 314 324 315 322 337 347 337 329 320 317 323 318 320 321 320 326 339 334 338 322 327 319 302 306 317 320 326 323 326 318 333 328 337 357 359 6 28 42 49 55 60 65 69 71 71 72 74 77 77 78 79 61 62 83 83 76 85 87 89 91 92 91 89 125 125 90 91 91 138 146 117 87 110 97 41 87
159 170 212 252 267 274 278 280 281 284 293 285 279 271 265 259 269 297 320 313 318 299 306 323 338 349 337 324 333 328 320 316 317 326 331 330 337 335 342 326 331 325 301 305 309 313 318 317 310 325 327 326 336 337 359 1 23 43 49 55 62 67 70 73 75 75 78 80 81 81 68 63 61 83 84 85 86 86 88 90 89 39 44 18 53 62 101 110 144 122 89 131 59 88 87 87
174 149 264 276 279 280 288 282 283 283 282 280 278 273 269 261 269 317 315 313 318 313 312 322 335 342 336 319 324 322 319 308 316 331 337 334 340 338 344 331 338 323 307 307 314 325 319 318 314 322 322 316 326 332 330 347 10 45 55 60 66 71 75 56 79 79 80 85 86 84 83 82 70 83 60 88 89 88 47 49 109 94 95 136 128 68 79 131 91 92 95 131 122 138 153 83
94 71 335 288 283 281 281 282 283 281 278 276 275 272 277 262 271 322 311 309 316 310 312 320 339 350 321 315 324 321 325 320 317 331 339 342 342 338 345 337 334 316 322 311 316 324 321 317 312 312 315 318 327 333 338 312 352 81 81 72 72 77 80 83 82 81 82 87 89 88 86 86 70 85 87 65 68 88 95 99 101 102 104 103 100 98 96 96 95 98 100 96 94 130 87 84
78 78 296 290 283 279 279 282 283 289 277 274 272 269 268 263 275 323 311 307 312 315 317 322 351 345 314 312 323 326 329 323 321 330 339 342 339 339 346 339 323 318 312 310 312 319 317 322 316 319 320 314 326 339 334 341 318 33 111 92 82 80 81 84 85 85 85 67 89 90 89 89 65 62 63 64 65 89 97 126 102 104 107 110 109 104 101 101 104 108 106 102 101 99 93 124
334 297 291 297 282 277 277 291 291 289 287 285 281 275 267 262 280 326 309 306 305 315 317 318 329 334 317 318 321 327 329 323 319 332 337 337 335 338 347 323 332 338 312 327 303 315 325 316 319 320 321 326 328 336 334 329 340 321 100 114 98 88 84 84 86 88 89 89 74 91 91 92 66 68 68 67 70 75 85 92 101 102 78 106 109 108 104 103 103 107 109 107 106 103 97 91
300 291 290 297 281 277 278 292 292 290 291 290 276 273 266 245 281 323 308 306 308 312 315 324 330 307 312 319 323 328 329 319 315 337 341 337 329 332 344 314 328 337 318 310 304 311 313 327 325 332 327 331 330 347 326 322 11 75 3 116 114 101 93 88 88 88 90 91 92 92 73 72 75 93 92 98 76 79 75 77 94 91 64 101 103 101 98 97 97 98 102 105 236 102 98 93
283 288 303 297 281 279 280 293 291 291 292 295 282 278 261 228 280 320 309 305 311 316 304 315 318 297 325 325 311 327 325 315 315 342 319 334 324 320 340 304 326 336 319 315 322 307 315 324 328 328 333 334 332 2 340 343 10 83 97 111 116 108 99 93 91 92 94 94 93 94 91 89 87 90 86 70 74 74 69 75 94 97 82 100 101 98 94 94 95 95 97 99 100 99 209 194
297 300 300 295 280 279 292 291 289 290 292 295 294 276 257 233 275 338 297 305 309 286 309 321 288 289 318 311 308 320 317 313 326 321 316 331 325 324 342 300 303 330 338 313 305 302 309 314 328 334 325 329 332 359 21 337 36 91 102 80 122 116 104 97 94 98 101 79 76 73 81 75 72 71 71 69 75 74 73 102 76 96 87 24 100 101 98 60 57 98 97 96 98 99 246 99
296 300 310 292 290 291 293 290 289 291 289 277 291 271 257 239 281 273 281 305 306 283 303 297 283 324 321 326 325 322 316 316 336 313 334 324 320 334 341 321 300 327 332 307 299 328 308 320 323 331 329 336 341 4 97 23 353 341 109 324 125 124 111 101 97 98 103 103 89 72 75 74 71 69 70 70 74 74 74 72 68 94 130 121 36 102 102 57 140 217 99 97 99 101 268 208
300 306 297 291 290 293 296 292 293 278 276 276 276 285 257 239 316 294 296 301 307 283 286 274 319 321 324 324 316 321 317 319 318 315 323 302 320 336 338 317 313 325 331 325 295 294 310 308 319 340 340 341 349 24 29 52 0 333 112 122 98 126 117 105 100 98 102 86 103 81 72 73 71 71 70 76 76 77 72 71 36 96 99 98 57 101 67 39 61 103 102 314 99 101 99 273
298 303 296 291 292 298 299 296 308 284 282 277 274 282 258 239 332 297 298 303 299 284 277 300 308 320 321 322 322 324 317 319 310 329 319 295 316 337 337 312 328 327 333 323 296 290 327 301 314 346 350 348 4 47 58 74 3 122 117 117 29 123 117 109 103 79 83 87 91 87 68 70 71 71 71 105 79 69 101 78 55 64 61 70 32 102 60 99 39 174 104 103 246 98 103 101
302 303 294 291 295 297 303 297 302 288 286 276 266 277 255 242 335 291 302 296 273 268 279 267 269 321 321 320 323 327 293 309 319 317 314 252 310 333 317 305 317 322 332 319 330 282 316 314 303 343 354 347 6 77 90 95 349 15 94 136 128 90 117 113 109 83 108 89 105 104 103 88 67 69 70 104 103 101 101 60 53 99 46 28 28 101 103 46 33 31 340 105 103 234 40 108
298 302 295 292 297 311 301 295 307 285 294 271 281 258 249 271 248 263 287 264 266 268 294 262 261 324 323 319 320 324 320 302 312 314 310 280 244 332 305 295 311 317 322 311 268 344 328 334 309 297 351 335 352 85 142 138 131 342 95 136 115 122 84 89 114 111 110 110 109 107 105 104 103 80 66 70 102 101 101 98 40 97 58 45 28 101 103 101 100 101 103 3 282 188 262 15
302 301 295 293 300 300 291 303 302 295 274 307 268 258 243 284 258 263 264 266 267 294 261 253 252 324 326 311 314 318 318 308 314 314 300 273 275 329 266 286 318 314 306 321 299 319 358 192 181 163 326 317 331 151 153 139 128 125 102 123 117 115 117 28 119 118 113 111 111 110 108 107 105 104 83 56 103 103 75 99 27 45 101 57 31 31 103 102 102 102 49 52 35 259 115 120
304 299 296 279 307 302 296 291 298 302 274 274 273 262 247 253 259 262 265 267 292 282 253 246 246 320 329 280 301 307 312 312 312 311 296 289 300 252 249 299 309 261 309 299 309 352 57 187 185 163 144 271 346 164 159 136 127 126 129 128 123 120 118 118 77 122 117 113 113 113 111 93 107 105 104 104 106 104 101 100 100 15 103 104 52 42 33 44 61 106 32 22 49 247 117 118
305 300 297 295 315 302 300 279 293 292 275 277 271 261 252 264 260 263 264 301 293 255 246 238 239 328 281 253 301 294 314 281 308 302 303 276 306 216 236 293 279 247 242 286 276 326 147 179 183 303 183 148 160 169 152 132 131 131 134 134 72 126 121 119 120 123 120 70 116 94 114 112 77 107 105 105 34 107 56 101 101 102 39 107 107 57 36 100 16 62 59 39 68 70 304 122
302 300 299 299 304 303 298 278 294 293 273 276 267 256 284 259 264 265 264 304 291 250 242 234 288 332 269 270 298 271 300 273 299 303 297 301 228 211 285 285 227 280 286 281 287 284 74 175 178 51 299 316 168 163 146 137 136 103 99 136 133 94 125 121 117 133 121 91 116 116 115 114 73 85 95 108 80 56 55 105 104 104 70 49 71 70 65 41 106 33 50 15 14 60 66 123
305 299 302 306 301 305 282 277 298 288 273 275 285 257 260 264 265 264 291 290 253 245 237 234 237 334 304 290 285 262 302 266 285 300 303 298 215 222 293 208 213 207 251 287 276 288 351 175 174 144 316 165 166 157 151 149 142 139 137 136 133 92 130 97 122 122 99 92 90 118 116 115 79 72 65 66 72 37 45 111 41 109 107 112 50 72 70 69 68 49 75 124 115 133 10 119
305 302 304 302 302 303 300 294 302 271 273 270 264 283 283 263 300 304 298 287 248 240 233 232 272 333 301 283 287 254 291 278 285 291 295 239 224 229 190 210 210 201 189 201 234 279 181 139 173 172 274 133 160 158 159 155 105 144 141 138 132 80 132 135 5 34 97 92 91 86 97 117 132 94 54 70 67 49 100 140 79 49 55 92 100 63 64 54 67 71 47 65 61 173 116 121
305 307 304 300 307 306 302 301 301 274 271 265 259 295 301 295 293 300 254 252 245 234 229 228 302 231 279 273 275 275 289 206 273 251 293 234 265 245 202 204 203 195 186 168 149 258 257 175 173 172 135 233 309 164 163 157 153 119 147 143 135 130 134 136 70 21 90 93 85 81 123 49 118 103 75 54 53 55 119 116 115 159 53 60 88 61 74 114 114 135 52 129 112 111 112 114
310 309 305 304 308 304 282 279 278 277 272 263 254 303 303 303 295 286 253 249 240 231 225 259 295 264 232 250 267 278 229 217 269 211 276 250 281 225 169 199 204 198 189 165 160 248 135 174 140 143 122 316 188 169 166 162 157 152 151 116 96 101 141 139 72 126 89 96 88 88 83 94 99 120 120 102 108 57 51 121 161 117 127 71 99 95 80 84 114 113 112 111 110 111 113 113
