examples/cougarCreek-fire/createInputs/WindNinja/wrfout_d3.2015081112.f21/cougarCreekFire_08-12-2015_0900_217m_non_neutral_stability_ang.asc
ncols	146
nrows	140
xllcorner	610065.000000
yllcorner	5095217.000000
cellsize	216.586807
NODATA_value	-9999.000000
[rows 0 to 47 of 140, columns 0 to 95 of 146]
63 35 50 67 84 50 43 43 47 53 59 66 72 73 75 63 68 55 33 29 29 37 52 68 78 80 79 78 79 83 83 87 57 51 47 47 51 57 60 60 60 57 51 46 43 40 36 34 32 11 25 346 22 7 16 15 0 343 11 10 10 357 6 5 4 348 359 357 357 357 359 0 357 351 348 350 351 349 350 351 351 350 350 351 351 351 348 341 334 330 318 307 321 308 307 303
63 35 50 67 84 50 43 43 47 53 59 66 72 73 75 63 68 55 33 29 29 37 52 68 78 80 79 78 79 83 83 87 57 51 47 47 51 57 60 60 60 57 51 46 43 40 36 34 32 11 25 346 22 7 16 15 0 343 11 10 10 357 6 5 4 348 359 357 357 357 359 0 357 351 348 350 351 349 350 351 351 350 350 351 351 351 348 341 334 330 318 307 321 308 307 303
99 65 66 99 122 94 65 42 79 97 107 119 67 95 115 107 105 63 52 31 33 43 56 66 71 71 124 121 84 84 84 120 69 67 48 46 94 63 52 95 41 331 105 53 349 23 340 340 343 334 342 353 355 5 15 15 0 345 10 5 351 352 354 346 345 338 356 354 342 358 2 1 340 349 346 333 329 350 350 351 350 349 349 350 350 351 350 346 340 336 325 311 314 292 283 287
92 80 73 107 117 102 98 84 82 67 99 110 77 83 129 114 113 95 84 58 42 53 68 64 63 75 134 120 79 78 143 130 105 104 97 85 86 88 86 117 91 64 59 33 29 353 332 15 348 338 343 353 352 360 13 14 359 4 5 1 358 356 357 350 350 354 353 347 346 1 348 346 351 347 347 337 338 354 351 349 348 347 347 348 350 352 353 352 351 352 350 340 326 317 316 291
36 93 70 98 112 101 76 86 49 51 90 99 61 61 83 131 122 93 94 88 60 56 60 92 64 67 79 128 126 132 133 133 113 107 112 97 90 97 75 66 59 63 31 354 13 353 351 9 354 345 337 344 347 1 356 353 333 7 2 6 2 352 355 350 353 356 347 355 0 349 349 354 350 348 338 345 1 356 349 346 344 345 346 348 350 352 354 355 358 0 359 353 345 336 327 320
91 85 66 91 105 111 106 102 96 88 83 90 75 59 73 79 131 91 87 67 66 58 61 91 100 67 75 127 126 133 143 161 119 118 120 100 99 100 100 71 105 86 331 321 358 348 348 352 339 338 342 346 348 359 344 333 349 1 2 2 357 353 353 349 358 349 345 350 347 353 355 347 344 351 356 2 347 353 345 342 340 341 344 347 350 353 354 357 360 0 358 356 355 353 345 328
120 91 69 70 95 102 101 70 94 98 88 85 94 58 54 71 140 107 68 65 68 68 67 69 102 64 132 117 125 139 147 145 128 129 122 101 104 109 86 85 88 152 276 291 301 341 324 326 13 360 1 4 342 333 338 345 348 355 354 355 355 356 352 355 356 347 347 347 348 354 345 343 354 355 359 343 357 348 342 338 336 338 341 345 349 352 355 357 359 358 356 356 358 0 0 353
112 108 101 94 93 107 107 94 87 57 90 86 91 74 68 61 129 125 107 65 69 69 67 69 99 68 74 133 124 80 160 139 127 161 131 105 119 121 113 98 106 144 232 272 287 303 320 357 353 352 328 335 340 340 337 333 340 349 349 353 355 351 348 357 345 346 348 346 349 345 354 357 343 341 356 347 353 345 338 335 334 336 340 343 347 351 354 357 358 357 356 357 359 1 2 1
114 104 98 93 89 99 106 106 100 96 98 61 60 100 57 54 77 131 111 65 71 72 62 64 101 73 79 138 127 139 159 143 157 171 136 116 135 134 121 117 131 118 188 223 2 289 299 322 307 318 322 328 338 337 341 335 335 342 348 352 352 354 352 348 345 347 347 345 346 344 356 340 351 353 342 341 351 341 336 335 335 336 339 342 345 349 353 356 357 356 357 357 358 359 0 1
116 107 98 93 84 88 90 97 100 98 99 97 92 96 113 72 78 80 126 71 72 78 70 66 72 112 80 138 139 138 160 154 160 160 138 123 136 132 114 118 152 207 210 339 286 348 294 291 311 314 323 337 332 328 315 323 327 336 343 348 355 356 346 345 346 345 344 343 344 344 346 355 353 344 342 357 348 339 337 338 339 339 339 341 343 348 352 355 355 356 356 357 357 357 359 0
48 119 117 100 93 83 79 86 90 92 95 96 95 92 67 68 70 79 134 107 80 103 78 70 72 107 79 132 133 135 168 154 154 166 139 128 135 127 120 139 164 211 31 273 289 345 286 294 297 317 348 334 315 323 326 318 323 335 338 353 353 346 344 345 346 347 346 346 346 346 348 349 346 348 348 354 345 339 340 342 343 342 341 341 343 347 351 353 353 354 354 355 355 356 359 2
41 107 114 115 108 95 80 80 86 92 93 95 99 96 98 104 63 78 122 117 82 108 86 77 76 95 81 138 136 141 170 161 172 167 144 133 129 126 134 137 160 65 228 6 346 336 277 279 295 309 308 314 328 333 321 316 323 332 340 352 348 343 344 344 344 346 357 358 358 358 349 349 354 346 355 350 342 340 343 345 346 344 343 342 343 346 349 351 352 352 351 351 353 357 2 4
83 75 79 85 101 95 85 72 73 85 87 89 93 103 69 73 71 131 112 118 108 113 118 91 85 84 84 124 130 90 171 163 166 78 146 137 137 136 127 72 146 77 32 253 332 273 261 285 291 295 293 296 328 332 310 310 321 328 336 347 348 356 344 345 357 357 357 358 357 356 355 353 347 346 352 346 342 342 346 348 338 347 345 344 344 346 348 349 350 351 350 348 349 358 4 6
22 29 50 74 85 88 88 55 41 44 75 85 88 95 65 72 74 131 126 118 112 110 120 114 92 88 123 133 129 95 168 176 156 157 142 133 144 147 72 78 134 79 11 334 268 250 258 280 288 284 285 291 312 313 309 312 317 328 334 339 347 355 357 343 341 340 338 337 335 337 348 349 350 351 349 344 342 344 348 349 349 348 346 345 346 347 347 348 349 350 349 347 349 356 3 8
23 49 57 69 74 81 92 91 76 47 50 74 79 81 91 58 64 70 128 123 124 118 125 130 97 92 122 125 135 98 184 173 152 152 142 134 147 148 86 93 91 77 343 261 245 250 262 289 290 282 278 289 294 296 300 306 314 323 330 335 338 337 335 338 337 336 338 338 337 345 341 337 348 344 346 344 344 346 348 349 349 348 347 346 347 347 347 347 348 348 347 347 351 357 6 18
60 68 76 78 78 85 96 100 98 78 58 75 85 78 73 79 54 52 107 105 112 114 120 136 124 114 121 130 136 98 176 158 156 109 146 148 142 87 95 99 187 79 332 256 246 257 277 285 284 267 273 284 294 304 304 309 319 319 324 332 332 329 330 331 334 337 336 339 344 335 335 347 346 344 343 343 344 346 335 347 347 347 346 346 348 347 346 347 348 346 343 342 349 360 16 38
63 66 73 84 82 78 87 92 98 96 81 80 94 97 76 53 50 76 82 89 96 102 111 94 133 119 125 123 98 154 167 152 156 164 154 157 99 94 96 155 101 99 295 281 257 267 275 276 270 263 266 286 299 301 299 320 318 324 317 326 333 331 332 332 334 336 335 340 336 342 346 349 343 340 339 339 341 345 347 346 346 346 346 346 347 346 345 347 348 346 340 335 338 350 349 29
74 70 71 82 86 78 76 86 96 101 89 77 80 82 79 61 56 51 73 59 85 88 93 82 132 120 128 124 101 154 162 159 161 159 166 158 108 101 99 163 101 114 262 252 259 265 271 267 266 265 279 293 298 292 308 311 303 320 316 318 327 329 331 328 328 333 336 340 345 348 341 335 332 329 327 326 338 342 345 347 341 347 347 348 347 345 344 347 349 348 341 335 337 345 318 347
95 87 84 86 97 97 87 91 101 108 99 84 75 79 90 92 85 84 86 81 88 95 87 99 115 122 124 120 133 155 162 165 166 138 170 157 123 111 142 165 184 219 261 278 260 259 264 266 262 273 282 287 281 277 297 294 288 296 307 319 324 322 323 325 328 331 335 346 344 339 336 337 333 333 329 328 332 340 342 346 348 348 349 350 347 344 344 348 350 348 341 338 342 354 2 328
106 99 90 87 94 96 88 85 94 101 95 89 81 80 94 99 103 94 95 89 89 98 86 95 100 113 94 117 143 155 162 170 181 195 158 147 136 125 144 164 187 219 255 273 262 260 263 265 274 280 280 271 293 272 293 294 291 297 309 316 320 321 317 320 321 326 327 327 332 333 336 335 331 339 337 331 332 329 328 335 346 348 350 349 347 345 346 349 351 347 341 339 347 356 354 317
36 102 92 85 91 91 87 85 90 98 89 87 103 82 76 84 87 94 98 97 91 107 88 80 90 109 89 115 138 148 159 172 185 196 172 150 144 137 129 173 135 156 245 269 263 266 267 270 275 273 273 265 269 283 302 282 293 303 304 315 321 323 322 320 321 324 328 331 337 332 337 333 331 331 338 331 333 333 333 331 339 347 348 347 346 346 348 351 351 347 341 340 349 353 307 311
75 73 78 80 82 81 77 78 83 94 92 90 106 110 72 67 69 78 82 88 91 104 99 96 98 107 109 122 134 147 158 165 188 200 177 155 160 140 160 137 149 186 246 264 262 257 260 269 269 261 263 260 266 267 298 277 311 302 303 316 320 325 326 322 330 323 325 327 335 333 328 328 331 335 333 334 331 330 336 338 347 346 346 346 346 346 348 351 350 347 344 346 352 1 3 338
53 56 60 61 68 71 68 75 78 89 90 84 86 123 97 76 68 71 76 90 94 98 95 90 89 101 108 114 126 144 153 160 195 196 178 162 152 142 164 141 162 214 249 263 260 263 267 267 256 253 255 278 284 259 297 301 306 289 306 316 320 326 325 332 328 321 322 324 325 331 331 329 330 339 329 328 331 331 333 334 334 345 345 346 346 346 348 350 349 347 349 356 3 12 20 2
60 53 53 38 55 62 70 77 82 89 92 83 84 107 101 97 89 86 85 92 100 100 99 81 71 89 90 112 118 135 150 161 183 191 171 170 156 144 165 144 174 223 248 257 258 261 263 259 253 254 271 275 284 291 300 304 308 313 318 311 320 324 327 319 319 318 318 321 325 332 327 336 328 328 329 328 330 335 341 337 336 334 346 346 345 345 347 347 346 348 356 7 16 25 33 17
17 44 33 40 56 61 66 72 78 81 93 88 82 88 98 93 88 86 86 86 92 97 101 95 75 88 105 112 121 127 137 157 179 191 180 174 159 156 171 152 190 246 253 260 260 257 260 261 258 256 271 276 281 286 295 285 290 295 298 321 330 321 335 335 331 325 322 323 327 329 331 333 331 331 328 328 329 331 348 350 344 340 350 346 343 342 344 342 342 350 3 13 22 36 45 26
7 44 55 61 70 73 66 72 74 74 85 83 78 78 94 93 90 87 88 86 85 93 97 93 83 86 101 110 119 117 135 157 184 195 187 174 161 172 187 160 203 247 253 256 259 265 268 265 258 252 272 276 278 279 285 281 291 296 316 316 323 322 333 327 329 328 328 330 330 340 336 335 333 331 336 331 336 333 335 349 350 353 352 347 344 343 342 336 335 349 6 14 26 15 29 29
344 18 21 56 63 66 63 60 66 67 76 78 78 78 78 88 89 88 90 88 87 92 92 85 76 80 95 105 116 119 130 152 181 193 182 171 176 186 200 230 239 240 248 253 255 256 255 253 251 269 270 274 278 278 278 287 302 310 310 313 307 315 324 328 332 332 340 343 344 341 334 337 336 335 330 339 341 346 334 334 349 351 352 349 346 346 346 337 329 338 359 17 39 7 17 23
23 49 52 55 53 59 67 65 60 62 74 82 82 79 70 78 80 84 91 89 89 94 92 80 68 72 84 97 110 119 130 147 168 181 179 179 187 202 218 230 237 239 246 253 255 254 254 257 258 268 268 273 277 277 280 288 297 303 306 312 319 316 330 335 339 346 345 345 335 330 328 327 328 328 332 330 331 328 337 332 335 337 351 351 348 349 351 342 331 326 310 270 303 329 1 8
81 76 71 63 58 59 66 79 80 71 72 86 73 84 70 74 80 84 90 89 87 92 95 85 66 61 72 82 98 112 128 145 152 171 184 196 209 221 224 232 241 244 250 257 261 264 268 268 258 271 269 273 275 279 284 290 293 297 304 311 317 323 320 333 336 338 340 340 332 330 329 327 325 322 320 318 319 321 327 330 334 337 352 351 351 354 355 347 339 340 342 5 243 331 358 3
93 89 80 72 65 60 64 70 88 82 80 81 86 94 88 77 83 87 91 89 89 94 98 96 83 74 71 72 90 94 117 133 147 168 183 197 218 226 226 237 244 252 260 262 260 260 264 255 271 271 269 271 276 280 284 289 288 292 300 306 310 317 324 331 334 333 325 325 326 329 329 325 329 327 325 324 324 325 327 331 336 341 338 356 358 3 360 353 351 356 3 12 27 339 359 7
59 95 97 93 83 72 62 63 69 72 69 77 81 57 87 77 83 88 90 92 93 97 99 104 98 90 81 74 85 82 102 121 144 165 184 207 229 220 234 245 251 259 265 264 259 258 256 271 270 270 269 271 276 282 280 280 284 290 297 293 297 306 322 321 325 325 325 324 331 332 332 339 339 332 331 331 333 333 333 333 335 337 343 9 11 9 4 360 358 2 8 18 32 328 346 3
27 59 92 80 80 75 74 72 70 74 70 65 71 74 82 74 73 81 80 82 88 96 100 105 104 97 92 78 78 78 89 94 139 166 189 228 226 218 237 249 256 261 264 267 268 265 263 272 273 274 273 271 274 279 276 278 288 294 297 289 295 302 316 315 321 326 328 330 330 329 329 330 331 331 329 330 332 333 334 337 349 339 6 11 13 11 7 6 8 15 20 23 35 353 338 355
26 43 32 105 89 97 93 81 75 73 76 76 84 81 81 81 71 71 70 68 72 78 87 99 107 106 90 83 78 76 78 86 112 166 208 228 221 227 240 243 253 262 264 266 270 272 274 268 273 276 278 277 277 279 280 283 290 295 286 285 288 292 299 308 316 328 333 337 337 337 334 331 330 324 322 327 328 339 347 350 353 358 3 4 9 14 14 16 24 35 37 32 33 34 349 350
24 29 14 11 112 107 103 94 83 77 83 82 77 73 86 86 77 71 62 57 60 66 66 71 83 94 104 87 81 78 78 81 87 120 251 251 244 249 255 258 261 263 263 265 274 276 278 264 271 278 282 284 285 285 285 285 286 289 290 288 290 289 293 301 306 309 314 317 316 309 310 324 328 332 336 328 329 331 338 348 354 341 0 354 2 19 25 31 42 50 45 34 32 37 350 345
348 2 57 13 26 97 97 96 92 87 81 72 77 77 66 85 80 78 74 69 66 64 64 69 66 73 78 81 81 82 82 79 70 44 287 268 261 262 268 272 269 268 270 269 272 276 278 263 270 278 281 282 282 281 281 280 278 277 280 282 285 287 285 286 293 298 301 308 322 317 315 320 327 322 332 336 334 326 321 325 336 329 1 310 1 21 34 42 50 52 44 30 29 39 336 336
55 58 62 76 36 42 93 83 77 76 68 56 55 60 72 58 63 67 70 87 79 70 65 65 61 59 59 67 76 83 84 76 65 33 324 287 268 258 254 253 257 262 266 264 262 266 272 277 286 272 276 280 278 272 269 272 272 272 273 277 278 279 285 290 305 313 319 322 326 327 325 325 317 335 327 330 325 322 319 316 315 356 337 327 8 19 42 50 53 50 44 35 36 43 347 340
71 68 72 78 38 28 22 82 68 65 62 57 57 58 59 62 63 68 69 66 59 58 62 63 62 57 56 63 72 78 79 76 61 36 358 337 313 15 322 278 266 259 257 260 266 263 263 268 278 269 271 276 279 274 269 267 267 270 272 272 273 278 284 289 295 310 318 323 327 320 333 333 333 328 336 352 354 352 320 355 357 313 329 333 17 19 47 57 59 57 54 52 54 58 340 336
72 73 76 77 72 62 70 59 57 52 52 61 64 57 46 43 46 46 46 47 49 54 59 59 61 58 59 69 73 73 75 74 60 39 5 349 342 326 305 289 302 269 267 262 260 271 271 265 268 274 281 268 269 285 270 266 264 264 268 271 264 265 269 275 282 291 300 307 314 322 328 336 320 337 333 345 355 357 360 360 2 309 305 288 327 34 63 64 62 64 64 63 61 61 295 314
356 356 80 70 62 50 30 11 48 48 57 61 57 52 48 50 51 51 53 57 58 56 60 63 59 54 63 73 74 72 73 79 80 52 18 8 13 32 359 322 303 288 291 284 282 277 273 270 258 266 273 277 277 280 278 276 274 274 265 268 268 268 270 271 261 277 266 271 277 281 286 306 331 335 334 341 356 8 12 13 18 23 26 19 14 16 78 74 67 64 62 57 50 42 36 323
352 66 60 58 55 47 44 41 54 60 66 66 64 65 64 63 61 56 54 55 54 55 66 69 59 56 68 74 68 72 75 75 73 56 345 348 336 324 322 306 313 308 291 284 283 279 276 270 265 263 262 265 264 268 275 278 274 274 277 268 266 265 265 265 266 266 267 268 272 275 282 272 283 292 306 327 347 6 21 30 38 38 29 22 28 309 60 68 68 65 58 51 43 35 35 324
345 33 39 42 37 46 42 48 59 60 69 77 81 79 68 65 59 51 49 55 58 63 74 68 54 57 69 73 70 72 75 73 59 39 349 316 297 283 292 309 310 303 295 266 256 255 260 261 261 274 271 269 263 257 258 257 256 254 252 253 261 269 264 262 262 270 271 267 276 280 285 290 293 268 272 291 309 340 18 34 41 39 36 58 76 295 30 54 58 60 57 50 42 37 38 49
324 346 28 39 49 53 41 55 61 67 74 76 75 68 56 58 51 46 54 67 72 75 75 59 51 61 71 73 72 74 72 64 51 34 9 353 305 285 271 272 292 287 280 277 276 276 260 258 280 279 276 277 262 277 270 267 263 263 246 242 257 254 261 266 271 276 275 271 271 275 272 284 288 296 297 313 292 297 339 36 47 44 42 61 78 67 267 40 51 54 54 49 44 42 44 47
356 26 39 58 70 58 54 65 63 66 74 77 69 58 50 47 46 56 71 77 81 78 66 49 54 70 76 73 73 76 70 60 50 40 38 34 323 292 277 268 273 281 277 272 267 263 268 274 278 262 276 276 279 277 271 245 243 268 269 268 240 265 263 236 236 235 232 231 231 227 220 220 221 223 232 246 294 324 281 23 70 63 59 60 64 66 67 286 34 54 53 49 48 48 48 47
359 30 75 7 59 48 66 63 64 76 77 61 45 44 38 38 50 57 68 79 82 72 58 50 61 75 74 68 71 78 69 58 51 43 41 37 353 306 289 271 262 266 268 261 251 252 257 259 264 270 269 269 276 276 272 272 269 267 251 239 236 232 230 234 242 251 254 254 273 246 262 256 255 257 261 236 237 240 297 262 115 100 90 80 70 64 62 69 72 63 58 54 51 50 50 49
357 355 341 70 50 42 65 59 66 66 46 31 29 42 43 46 46 45 64 77 76 66 58 57 66 73 66 63 72 80 66 53 44 39 42 43 19 340 315 292 273 258 246 244 247 254 261 267 271 269 263 263 268 267 260 250 238 237 238 242 244 244 248 263 269 279 288 291 294 296 298 298 296 293 292 292 285 279 237 355 259 124 110 100 90 80 70 61 52 56 63 60 11 56 17 17
64 71 53 43 41 47 46 54 57 33 92 24 43 58 57 51 37 56 79 84 80 71 64 57 63 67 60 64 78 80 65 54 49 43 40 33 25 23 9 320 292 342 316 294 284 261 263 263 272 277 267 251 247 244 241 237 243 245 250 254 258 269 272 274 275 278 273 275 287 283 278 287 283 279 275 270 302 264 247 247 28 190 114 93 96 93 88 81 70 55 62 65 59 61 15 72
2 11 14 30 40 44 32 35 30 61 24 42 57 60 55 50 53 81 89 90 86 70 58 49 52 58 59 69 79 73 61 55 51 48 43 38 21 4 353 0 3 357 350 337 316 280 274 262 258 244 246 249 257 260 256 253 252 263 274 280 281 278 275 272 271 265 271 271 269 270 274 282 280 272 271 280 283 268 252 244 270 225 128 86 79 81 84 91 102 109 314 88 65 63 69 71
0 14 24 42 43 40 35 26 31 22 44 55 65 65 67 80 89 112 94 88 79 61 47 41 50 56 65 75 77 71 62 59 60 50 51 50 18 3 356 343 9 355 2 1 309 298 281 265 259 255 254 262 275 277 271 272 279 282 285 287 280 276 273 271 269 267 267 266 258 250 243 262 264 265 268 271 253 250 246 248 251 208 178 90 67 68 69 70 82 117 141 130 95 23 73 73
