examples/cougarCreek-fire/createInputs/WindNinja/wrfout_d3.2015081112.f21/cougarCreekFire_08-12-2015_0900_217m_non_neutral_stability_ang.asc
ncols	146
nrows	140
xllcorner	610065.000000
yllcorner	5095217.000000
cellsize	216.586807
NODATA_value	-9999.000000
[rows 48 to 95 of 140, columns 0 to 95 of 146]
347 8 22 25 23 33 59 34 50 46 58 66 72 80 96 104 103 108 88 80 70 48 37 43 55 60 71 76 73 72 68 63 69 51 57 64 14 1 358 356 3 12 7 10 319 296 277 280 275 270 274 288 299 301 295 292 291 287 283 281 282 280 276 270 264 258 254 251 262 259 253 255 257 261 262 261 269 235 262 240 237 269 212 104 65 61 61 63 65 68 78 122 6 105 23 27
336 354 19 31 25 27 40 57 62 59 64 74 82 95 119 83 73 67 59 62 65 43 37 51 51 58 68 69 73 78 67 71 69 61 56 62 37 357 355 356 29 346 8 1 359 309 323 306 300 299 300 302 306 308 303 297 289 283 277 273 273 275 275 271 270 264 259 256 259 260 258 256 255 254 253 251 249 246 216 222 223 231 205 208 91 63 56 56 58 57 58 82 112 14 21 21
330 342 15 21 31 58 68 65 65 65 80 94 97 93 76 55 57 48 46 58 60 48 43 39 38 47 58 65 76 79 63 70 70 59 51 60 34 359 0 358 359 346 330 335 340 341 328 319 311 305 302 303 303 302 295 285 279 277 275 272 266 269 273 274 272 268 262 257 255 256 256 257 259 260 263 251 238 235 226 241 171 171 194 207 186 117 70 59 57 59 62 70 84 93 95 89
321 337 2 30 57 58 57 61 66 75 91 112 95 82 119 38 44 41 48 58 54 50 46 25 31 46 61 73 81 79 61 69 71 56 48 59 17 6 6 4 1 345 322 312 324 324 305 304 299 291 285 288 294 299 295 284 280 276 272 271 270 275 267 269 267 264 275 265 273 277 275 274 269 268 276 234 244 243 226 271 169 170 188 195 256 177 154 118 80 62 57 58 62 67 73 76
312 333 9 40 47 52 59 63 63 77 88 77 50 42 32 30 35 43 52 55 49 53 56 64 30 62 74 81 81 67 57 68 69 56 49 52 20 13 10 7 5 352 325 301 302 299 298 285 284 281 280 281 288 302 308 307 295 280 275 271 267 272 273 260 257 252 252 252 268 270 247 247 237 225 217 214 214 214 209 198 259 173 177 174 173 207 255 164 156 109 71 63 62 64 67 70
320 344 23 36 44 44 50 54 59 74 68 124 19 23 34 34 35 52 58 55 50 48 52 26 47 71 80 76 69 61 51 58 69 56 62 44 31 28 26 31 22 8 335 302 294 291 290 289 292 291 279 281 283 290 302 301 290 277 275 273 265 263 266 266 265 267 247 263 256 257 261 261 257 254 254 255 257 235 252 205 203 192 296 254 233 163 166 173 178 167 140 106 86 74 68 67
318 340 21 21 18 22 44 58 62 65 95 91 17 32 52 51 50 67 69 64 52 43 40 31 44 63 65 64 68 62 46 60 70 58 59 37 19 17 30 30 13 9 5 325 286 278 278 276 273 274 280 296 283 284 287 283 270 264 268 266 257 255 260 262 266 271 269 261 256 255 257 261 261 213 247 238 234 207 250 269 268 266 246 195 158 227 155 229 173 180 158 308 109 90 73 64
287 318 2 6 360 15 52 62 44 35 63 51 25 37 53 57 56 71 73 60 46 34 30 33 48 53 55 64 75 64 46 64 70 59 46 38 25 38 29 15 11 12 11 30 0 300 265 266 271 274 274 273 295 278 283 275 261 255 262 261 258 270 260 239 240 239 258 267 231 222 220 216 226 257 214 213 251 263 214 216 220 238 213 211 177 125 111 88 69 11 78 104 110 94 88 74
269 299 354 12 13 46 76 54 51 24 38 33 45 31 54 58 55 71 64 38 31 21 18 32 50 49 60 76 78 63 50 60 68 60 46 39 26 40 20 17 13 16 7 34 19 353 298 267 260 260 275 276 274 276 275 280 273 269 269 268 247 225 236 236 236 233 223 230 230 226 221 227 228 218 218 220 219 219 226 228 239 216 217 220 217 286 10 6 13 17 42 240 69 203 256 70
284 300 2 31 54 84 99 39 15 17 36 55 36 31 56 61 69 89 72 7 17 10 15 40 48 45 66 80 70 54 54 65 73 73 69 58 29 34 17 13 12 11 9 1 353 15 348 329 277 259 257 262 271 274 266 274 268 234 235 230 229 230 236 236 235 232 232 234 231 225 219 216 221 217 223 231 239 247 249 236 231 224 223 245 221 249 297 326 27 40 44 308 285 254 60 243
329 324 20 56 107 127 41 27 18 28 66 64 37 55 77 94 108 123 138 216 12 8 41 63 47 53 79 80 61 49 60 68 69 69 65 56 22 31 48 15 13 7 7 3 356 18 9 359 341 308 273 262 259 265 258 241 232 236 248 246 237 232 222 227 230 235 232 231 228 224 221 209 227 237 250 263 272 274 252 248 259 262 232 228 226 232 264 233 289 100 51 58 65 62 53 338
354 350 27 321 147 67 113 8 18 51 67 58 69 92 114 126 125 127 143 189 8 16 48 42 36 70 86 72 54 54 68 68 59 60 41 57 23 17 14 29 23 9 14 6 7 359 351 340 348 342 323 297 276 265 263 262 259 256 253 249 246 246 246 245 241 237 236 235 229 219 232 243 257 269 278 281 281 280 263 263 261 305 255 249 242 316 239 243 253 272 72 84 302 313 59 315
348 348 46 56 49 110 93 15 52 67 76 87 93 112 128 135 133 133 152 214 2 4 17 19 50 79 77 63 61 69 75 62 58 57 43 39 53 15 18 19 25 11 6 2 359 2 358 10 0 353 312 305 304 294 288 285 279 277 276 269 262 258 255 253 250 248 234 238 245 253 264 276 285 286 284 281 267 269 286 294 304 282 285 284 279 278 272 267 268 275 285 309 82 312 321 333
329 357 53 35 33 107 87 47 70 88 94 102 95 118 128 131 132 141 184 245 2 357 13 36 61 73 71 69 73 72 65 58 60 57 42 31 53 18 19 17 20 12 8 4 354 356 350 346 4 330 315 305 299 296 306 306 306 306 305 300 292 283 274 265 259 258 261 271 283 290 292 292 290 288 271 272 286 286 285 285 289 297 307 317 323 333 304 299 290 281 273 282 78 319 60 57
353 34 66 39 40 41 21 80 111 135 137 131 122 120 120 123 129 159 237 332 5 358 353 14 43 62 68 72 75 69 60 58 78 57 39 30 25 22 21 24 22 15 12 12 358 355 352 341 337 324 312 302 307 306 305 307 308 309 310 310 309 307 303 298 293 292 296 303 306 305 302 298 293 291 273 289 287 283 280 278 280 283 287 293 293 289 292 295 289 285 281 272 272 277 292 319
48 60 75 83 75 84 117 149 171 196 169 140 124 119 115 111 116 268 293 346 353 352 350 6 37 53 65 74 74 66 59 76 77 52 42 28 28 21 23 25 24 11 1 12 5 357 356 351 345 329 316 312 310 303 300 301 300 300 302 304 307 311 314 316 314 310 308 309 310 308 305 304 303 301 284 291 285 278 271 269 270 271 270 292 286 276 276 283 283 279 277 266 248 252 257 248
54 62 73 95 126 139 158 179 202 170 154 137 119 115 109 97 83 311 339 354 341 359 358 8 27 39 63 73 68 63 66 59 63 44 37 28 30 30 27 28 24 15 7 3 8 0 356 356 2 343 322 306 301 309 298 297 299 297 297 297 297 300 305 309 311 308 304 301 302 303 303 303 302 301 300 294 283 273 271 269 275 284 287 292 298 297 289 288 285 279 278 279 276 284 284 291
4 54 58 71 47 32 334 46 104 120 126 121 109 102 94 83 44 320 7 352 341 22 4 1 19 40 69 83 70 69 67 53 52 43 33 30 35 32 29 35 29 21 10 356 4 357 1 356 2 5 331 309 306 314 301 296 297 297 293 290 290 290 291 294 297 299 297 294 292 291 292 293 292 292 298 299 292 290 292 294 293 287 262 262 259 262 266 268 269 271 272 247 240 259 250 10
51 54 59 39 44 40 33 37 54 81 102 103 94 81 73 67 333 336 15 359 353 46 341 346 16 45 80 88 85 82 66 49 41 38 29 29 40 29 31 48 34 22 12 358 358 352 357 352 347 6 358 326 320 322 305 299 298 299 296 290 287 286 285 286 287 289 292 294 293 289 287 289 289 290 299 289 316 315 320 324 328 327 310 253 239 128 120 150 235 249 226 341 258 285 302 5
53 46 41 30 32 28 24 27 38 56 63 86 80 71 65 57 325 348 16 5 21 1 346 348 11 45 85 94 74 60 54 40 34 37 33 31 42 34 33 51 32 28 44 49 20 343 344 342 335 1 356 325 324 319 305 298 299 305 306 297 287 282 279 277 276 277 281 290 294 293 288 289 292 288 295 310 318 318 320 318 302 300 283 277 291 294 275 266 250 220 328 266 298 355 2 359
40 33 9 17 19 19 28 24 33 48 61 68 71 70 65 57 332 7 15 3 22 13 353 1 7 63 101 98 70 52 47 42 28 36 37 35 40 35 37 50 38 47 52 48 41 33 360 344 339 340 339 317 318 316 310 310 293 303 312 305 286 274 267 287 265 266 270 278 285 289 291 293 285 290 290 296 297 292 298 289 260 202 200 240 257 274 275 262 86 333 325 251 261 272 270 330
38 32 23 3 11 16 20 27 34 45 53 56 62 65 39 59 334 19 14 359 15 12 11 9 14 79 119 98 58 45 52 36 27 31 34 41 44 39 37 50 49 50 35 47 40 32 3 340 332 328 328 321 322 324 313 290 309 290 308 317 294 269 260 259 260 261 263 267 273 280 287 293 290 295 293 289 297 278 294 326 341 345 357 14 32 161 68 13 351 342 344 331 320 262 340 342
43 44 351 351 3 15 21 27 35 38 48 51 57 60 61 49 335 24 16 7 7 11 23 19 40 87 108 89 48 47 59 44 26 28 32 43 42 35 37 50 51 49 49 49 43 34 347 349 339 347 343 319 325 336 323 298 282 325 296 325 332 296 270 263 261 259 259 279 265 269 275 281 294 297 295 294 295 291 321 281 342 347 358 7 8 0 352 351 354 358 359 351 344 340 338 285
10 1 343 3 356 12 19 25 32 34 37 40 42 45 57 36 339 26 20 16 7 17 36 28 54 87 93 57 35 50 56 36 24 27 35 39 39 36 38 54 47 32 50 26 46 35 30 345 340 337 343 339 331 338 330 309 289 281 287 308 344 339 306 280 268 264 262 261 278 265 267 269 288 288 290 296 302 302 305 302 332 339 319 359 2 358 353 353 358 4 6 2 360 358 352 350
5 346 333 357 352 8 15 24 28 29 35 37 46 53 52 28 344 31 25 22 13 35 47 31 62 93 80 41 40 54 51 30 19 27 44 43 33 26 39 55 46 26 49 49 47 37 348 27 2 4 353 345 334 354 330 315 307 307 309 292 326 348 335 307 284 273 269 266 267 268 286 289 285 280 284 293 308 308 314 313 304 302 314 342 351 355 354 354 359 7 10 10 326 9 7 5
333 327 345 347 347 3 11 20 23 26 33 35 48 57 52 29 346 34 35 24 25 51 49 29 71 86 51 42 60 54 39 25 19 35 53 45 28 19 37 56 47 24 47 47 29 40 31 355 355 351 1 347 337 9 348 333 315 332 306 297 309 339 345 328 304 286 275 271 270 273 278 281 286 289 291 299 311 309 317 320 305 298 303 325 330 344 352 352 352 360 11 18 20 21 322 311
341 340 339 343 341 358 12 19 23 28 37 42 48 68 58 33 347 48 51 24 44 54 45 43 24 70 42 56 59 43 26 20 19 51 54 41 23 16 35 54 55 24 24 46 47 44 37 352 355 5 346 340 338 2 9 339 334 350 326 326 303 323 345 338 318 299 284 294 290 295 294 297 301 303 301 302 309 310 314 309 315 299 296 301 321 330 347 300 301 344 356 20 28 31 307 35
324 333 353 338 346 359 13 19 24 34 47 67 50 72 63 36 350 52 53 32 55 57 46 58 29 50 41 48 41 38 28 17 41 54 45 29 22 20 34 49 55 18 19 45 46 22 41 34 351 9 350 348 347 1 10 357 338 320 311 307 308 316 338 343 333 314 299 287 287 295 300 300 299 302 306 305 306 313 311 314 317 298 287 292 304 331 341 322 297 290 341 10 28 35 311 303
329 342 334 333 342 358 15 19 25 41 52 63 65 42 62 36 13 55 48 45 56 56 62 48 49 36 44 44 33 39 33 20 43 48 33 38 12 26 34 48 47 19 13 34 44 45 6 13 349 4 359 352 352 4 4 3 340 323 317 307 339 314 326 340 340 328 312 305 282 289 297 298 298 299 311 317 303 310 315 303 305 299 326 336 306 340 319 320 311 16 3 294 16 30 38 312
326 339 332 333 345 5 19 17 27 32 43 53 54 33 56 34 29 55 52 56 61 64 71 47 8 34 42 39 35 43 38 24 45 38 27 34 8 23 35 49 35 19 17 30 40 43 19 38 350 6 6 357 359 7 5 5 341 336 2 347 321 316 322 335 341 327 321 312 294 286 292 296 299 298 312 281 309 310 292 308 311 316 309 308 313 346 324 305 310 302 19 16 291 20 36 38
338 342 333 336 352 11 18 14 27 30 46 54 56 35 54 31 41 60 60 64 71 67 69 67 32 26 32 36 35 44 51 24 32 29 21 66 7 20 43 56 26 13 20 27 32 42 31 6 354 4 7 355 358 12 14 10 339 338 338 319 310 345 321 333 344 331 323 311 294 281 273 282 293 295 311 279 286 289 290 300 320 319 320 312 312 348 351 324 323 329 317 24 32 288 339 48
334 344 336 338 353 20 17 13 27 52 52 72 49 66 52 356 58 52 68 73 74 71 39 65 21 24 31 39 34 42 48 24 20 31 16 27 52 19 51 57 32 11 11 26 42 24 30 31 0 351 5 351 352 17 28 30 25 334 354 332 357 308 338 347 341 350 339 321 309 298 286 278 273 287 304 314 284 293 293 293 310 307 329 323 311 349 349 12 23 24 30 325 308 293 287 332
343 345 338 338 356 20 23 23 29 47 87 42 80 69 46 33 41 57 67 73 72 60 72 60 18 22 31 49 38 33 46 28 21 37 18 22 18 22 57 52 27 26 6 11 27 28 27 41 42 37 354 353 346 23 26 28 22 15 12 13 9 356 337 313 329 346 350 336 324 312 299 289 281 274 285 299 282 292 309 290 293 319 295 331 309 314 346 16 33 38 334 344 338 300 86 117
344 345 342 315 6 23 28 29 23 30 76 79 83 69 44 52 48 63 70 70 57 36 69 45 20 12 41 61 35 15 42 37 34 31 18 9 14 41 55 31 26 41 18 3 358 17 25 37 42 38 32 346 354 20 19 21 21 15 12 16 17 10 358 342 336 336 350 346 334 324 311 303 290 283 278 277 281 285 287 286 278 300 283 292 329 302 309 323 342 81 319 322 349 305 82 92
348 349 345 342 17 18 27 23 20 20 66 75 81 69 47 56 58 70 75 54 47 74 62 40 31 18 56 77 31 10 35 46 37 22 17 14 18 54 53 24 32 38 36 9 355 4 23 35 42 11 10 33 24 17 16 17 22 20 13 19 352 15 7 357 339 333 344 333 342 324 321 309 323 294 287 280 301 275 309 272 271 266 312 262 267 333 308 291 303 347 332 307 353 5 316 82
351 353 349 354 12 14 28 27 20 20 70 81 76 64 31 53 65 74 77 46 39 74 52 42 350 34 56 58 33 15 40 49 21 22 26 16 42 56 34 28 47 22 18 9 2 356 14 35 44 19 359 358 22 19 19 18 24 10 4 19 21 356 11 5 355 316 344 349 348 339 328 317 331 323 297 284 288 303 302 256 253 246 283 317 348 355 342 317 293 296 320 304 310 351 5 83
357 356 356 9 12 16 352 32 22 38 75 87 36 57 49 57 72 80 62 46 78 69 47 38 23 35 48 50 39 17 29 40 9 21 27 29 47 47 33 64 66 66 1 7 9 356 7 32 45 28 1 29 22 27 27 24 24 27 23 18 19 3 12 355 6 1 348 352 343 345 337 327 316 331 315 303 293 298 298 240 300 230 222 275 313 350 343 345 347 319 296 283 119 273 325 112
359 1 3 9 10 16 32 32 27 63 75 87 80 22 53 70 58 60 49 36 73 61 44 39 3 41 50 50 42 26 15 39 17 9 26 39 44 39 51 56 62 60 48 22 16 5 11 34 43 46 4 15 34 38 34 31 10 26 25 22 22 2 14 12 337 332 341 350 352 339 331 338 303 316 319 310 304 300 279 266 275 302 308 285 280 318 324 313 341 355 320 300 305 255 130 141
355 5 8 11 10 20 35 33 36 62 78 88 91 33 50 59 60 49 82 76 71 60 47 54 16 53 54 52 46 22 17 69 30 1 21 39 34 36 55 61 65 60 47 29 24 6 8 35 42 45 14 3 353 39 34 34 30 11 27 28 27 24 18 17 347 338 344 347 349 348 345 320 312 314 318 317 315 317 281 246 237 263 292 302 292 309 313 158 152 272 305 255 113 105 97 98
358 9 16 15 12 23 25 40 48 63 80 86 89 27 42 55 57 38 74 72 69 64 65 15 28 48 55 55 48 35 50 61 23 85 0 31 25 36 54 78 71 62 52 31 39 10 17 37 34 33 22 5 6 37 37 37 34 30 30 10 1 3 20 17 350 15 350 346 346 348 353 340 328 342 326 306 300 307 314 287 268 239 275 293 285 295 340 4 135 120 109 100 93 84 75 68
3 12 13 12 19 19 28 36 53 70 83 83 81 20 32 51 51 75 73 74 70 68 79 15 39 57 73 71 51 48 56 49 24 79 351 27 22 28 99 92 82 73 66 34 45 18 14 18 33 58 30 10 50 352 22 42 11 11 35 7 4 3 357 17 348 340 345 343 342 341 346 345 335 319 347 338 332 318 299 292 287 282 279 291 299 292 299 158 125 101 87 79 69 61 56 53
14 16 14 12 22 18 25 35 56 72 82 46 74 72 30 51 44 80 78 77 73 73 78 31 61 80 85 69 43 47 70 42 28 68 71 19 25 27 100 94 88 29 75 30 47 10 3 24 44 43 38 18 53 46 18 43 16 13 15 7 359 4 359 348 342 335 334 338 332 332 337 346 351 345 329 312 313 303 338 284 284 276 249 240 269 211 167 201 111 84 68 54 44 42 44 48
19 22 16 16 25 26 31 33 46 57 67 40 64 62 25 68 38 84 83 80 78 83 9 49 55 77 86 48 36 42 46 34 28 18 69 3 34 30 96 90 84 56 77 21 38 5 356 55 61 64 46 24 54 47 41 22 42 14 35 33 356 348 27 352 350 343 330 331 322 318 321 339 348 351 354 332 328 328 312 357 343 339 335 324 346 356 359 16 50 43 39 35 33 37 42 45
25 24 14 16 23 26 31 29 42 47 53 59 59 58 55 40 32 80 83 83 82 83 26 51 67 87 53 42 43 48 35 23 21 17 14 9 39 30 96 62 62 40 84 15 30 6 44 50 55 60 58 56 349 348 0 18 23 13 10 36 2 357 349 346 350 11 342 339 326 319 315 321 345 344 350 336 332 335 331 311 308 317 306 353 1 357 5 18 359 17 23 26 31 38 42 44
17 34 13 13 20 15 32 32 28 56 60 24 63 26 66 30 75 24 81 82 81 15 40 45 74 91 28 36 51 49 17 9 9 9 10 22 40 48 63 95 60 32 82 76 73 40 50 51 57 59 57 58 353 58 54 351 13 7 10 17 9 0 353 342 343 5 5 342 333 324 321 326 348 343 342 331 325 322 317 309 306 313 328 329 323 322 318 311 8 13 21 30 39 43 44 45
19 6 12 13 13 7 35 51 33 70 40 27 72 33 32 29 36 43 79 78 74 16 40 53 84 90 32 38 38 34 20 11 10 21 31 56 75 74 79 88 90 81 69 65 61 48 48 58 58 60 62 23 2 60 53 50 357 340 4 13 12 6 346 331 332 349 349 346 331 323 318 332 345 342 341 334 329 320 4 359 355 352 353 314 332 335 328 20 6 9 317 22 26 33 34 34
359 4 13 19 12 10 35 49 57 64 74 35 34 35 33 29 35 35 81 78 76 22 34 46 98 89 38 27 13 21 26 10 25 40 54 54 58 59 66 73 72 66 65 64 60 57 58 58 59 61 65 23 2 56 50 49 340 45 344 1 11 359 337 28 15 318 333 336 330 325 316 329 339 346 342 352 9 340 318 3 360 356 0 5 0 317 315 331 13 16 318 23 36 20 20 26
24 2 6 26 13 12 39 50 52 54 40 38 40 31 33 27 27 37 80 80 86 14 36 104 96 86 31 16 86 38 92 22 37 48 46 52 55 57 65 67 63 60 62 60 55 53 55 56 57 59 61 61 56 52 52 52 49 43 36 32 355 352 334 21 17 14 9 323 325 324 318 321 341 340 344 353 1 5 9 316 3 359 314 317 316 1 325 328 329 15 25 331 22 31 30 14
