examples/cougarCreek-fire/createInputs/WindNinja/wrfout_d3.2015081200.f14/cougarCreekFire_08-12-2015_1400_217m_non_neutral_stability_vel.asc
ncols	146
nrows	140
xllcorner	610065.000000
yllcorner	5095217.000000
cellsize	216.586807
NODATA_value	-9999.000000
[rows 36 to 71 of 140, columns 0 to 79 of 146]
8.18 9.40 10.99 12.67 2.54 2.30 4.69 16.47 15.12 14.57 15.48 15.56 14.93 13.82 15.53 17.15 18.24 21.40 21.75 21.72 21.82 24.12 21.93 29.79 34.23 31.30 32.51 45.47 46.61 38.25 27.83 23.38 26.16 22.44 21.28 22.13 21.19 20.50 19.33 18.61 18.73 13.44 13.26 13.44 13.71 13.31 11.73 8.70 9.71 7.77 6.41 5.91 6.07 6.32 7.25 10.07 13.22 12.86 10.44 8.56 7.70 7.14 6.48 4.40 6.05 4.31 4.63 4.99 4.82 4.55 5.47 5.61 5.28 6.51 7.53 8.58 9.88 11.63 13.27 13.89
9.83 10.77 11.59 13.74 14.83 11.39 13.76 12.45 13.46 11.96 12.19 13.13 14.50 15.77 13.42 13.83 16.59 17.41 17.00 16.12 18.46 22.51 27.22 25.49 30.10 29.09 30.95 44.09 50.59 40.84 30.08 25.48 22.82 23.07 19.77 22.43 22.81 20.74 19.43 17.83 17.91 18.21 16.00 13.02 12.92 12.69 11.88 9.83 12.45 10.30 9.14 6.93 6.34 5.20 6.63 8.83 10.87 11.27 8.89 6.41 5.61 4.90 4.17 3.75 3.25 2.64 2.40 2.74 3.18 4.64 5.47 4.78 5.75 7.34 8.13 9.20 10.25 11.75 13.39 14.13
5.76 5.10 11.87 12.94 13.61 11.11 5.70 6.25 11.97 10.86 14.31 13.21 13.64 12.61 12.70 13.95 14.99 16.09 17.32 18.01 19.07 20.32 23.79 30.19 29.70 26.92 29.89 44.46 54.51 47.81 37.32 28.83 23.51 21.33 18.86 18.25 17.32 14.77 15.25 15.53 18.96 20.10 15.99 15.41 12.52 12.14 11.62 10.29 8.42 7.67 11.31 10.00 7.58 6.12 6.71 8.10 9.78 10.22 8.71 6.58 5.46 4.60 3.88 3.78 3.40 2.64 1.99 3.09 3.50 4.42 5.99 8.20 9.16 9.77 10.85 11.61 12.04 13.13 14.24 14.30
4.91 9.07 11.73 11.98 12.19 12.68 6.80 9.11 10.55 13.20 13.41 13.53 14.68 14.20 15.01 15.29 15.64 15.08 14.19 14.79 15.82 17.53 22.01 28.22 28.74 27.70 28.18 42.07 52.46 54.62 45.98 31.00 23.64 23.55 21.51 19.88 19.77 15.25 9.88 10.12 13.94 17.24 15.99 16.65 17.98 17.09 16.29 16.57 15.18 8.97 7.59 12.31 11.47 11.13 8.63 8.20 10.01 9.89 8.63 7.25 5.87 4.63 3.91 3.47 3.31 3.58 3.19 2.97 3.31 4.65 7.68 9.87 9.14 10.78 14.09 14.44 14.58 16.13 15.89 14.84
3.79 9.63 11.18 12.39 5.09 6.17 5.97 9.59 11.25 11.73 14.79 15.92 17.71 17.01 15.15 14.63 13.69 12.99 11.52 12.39 16.17 19.57 25.40 27.62 24.40 23.41 24.67 37.40 46.34 55.44 53.62 35.68 24.97 23.24 22.60 23.34 24.03 21.71 15.76 10.53 13.21 13.44 13.07 13.13 14.55 13.66 13.18 13.15 12.58 12.68 11.92 11.56 8.98 7.83 8.07 8.62 9.01 8.84 8.84 8.18 8.38 5.51 4.57 4.11 3.94 3.75 3.62 3.52 3.68 4.98 8.42 9.75 8.97 9.45 10.88 10.56 10.76 13.47 15.53 15.42
4.39 2.22 8.27 11.70 5.38 5.99 5.11 10.20 11.53 14.33 16.08 16.99 16.51 13.84 12.84 11.99 10.43 10.67 10.90 15.22 19.20 24.20 27.97 22.89 19.78 20.85 23.98 34.21 43.01 56.73 56.43 37.98 26.61 24.17 20.73 20.08 22.43 21.13 19.16 18.12 12.82 17.72 18.29 17.68 16.27 11.66 11.22 10.55 9.42 9.16 8.94 8.14 8.04 8.74 9.46 9.86 10.18 10.13 9.83 9.95 7.95 6.57 5.57 4.73 4.13 3.73 3.53 3.47 3.72 4.65 7.26 9.02 9.90 11.29 11.23 9.84 9.95 10.22 10.36 12.03
2.03 9.67 11.90 12.88 14.73 6.38 10.07 11.61 12.80 14.14 16.48 18.34 15.52 12.57 10.14 9.31 8.81 10.89 15.15 18.62 23.44 26.89 23.44 16.46 17.33 21.52 32.30 38.04 44.81 59.19 58.58 43.13 30.08 22.88 21.28 21.44 21.73 20.37 19.40 18.03 18.40 17.92 18.38 18.48 18.06 17.82 15.75 10.78 9.38 8.52 8.99 7.81 7.84 8.52 8.89 8.98 9.04 9.09 9.44 9.53 8.55 7.16 6.16 5.29 4.50 3.96 3.66 3.54 3.70 4.15 5.03 7.09 9.57 10.85 11.27 11.13 11.46 10.95 8.44 6.79
0.22 3.13 14.60 3.96 7.83 6.15 12.44 11.40 13.37 17.67 18.41 13.87 7.60 6.65 6.23 8.25 8.93 10.81 14.17 20.27 24.79 22.76 17.03 15.04 15.94 24.20 33.30 35.76 39.33 57.24 61.19 45.81 33.39 28.79 23.55 23.32 21.61 20.49 19.61 18.09 17.64 18.68 19.68 18.54 13.11 12.74 11.91 10.54 13.20 9.15 8.30 8.14 8.24 8.79 8.99 8.85 8.73 8.92 11.35 9.72 9.03 7.76 6.70 5.92 5.25 4.84 4.70 4.69 4.76 4.81 4.90 5.22 7.15 7.99 10.31 12.97 12.51 11.30 8.69 6.59
0.55 0.91 3.27 16.33 12.58 9.77 13.01 11.36 14.62 15.00 10.61 4.82 4.97 9.21 8.84 10.48 7.61 9.44 13.63 19.39 24.11 20.56 16.43 13.74 16.11 24.50 30.28 30.57 36.43 54.86 60.18 48.60 35.49 29.08 25.25 25.71 22.44 20.34 19.48 18.65 15.80 16.57 13.49 13.63 13.58 13.17 16.36 14.39 8.78 7.71 8.14 8.59 9.04 9.50 9.50 8.87 8.26 8.67 9.88 10.29 9.58 8.66 8.20 7.74 7.61 7.90 8.26 8.37 8.46 8.46 8.12 8.22 8.29 8.37 9.02 12.26 13.91 11.81 9.01 7.34
14.46 15.88 13.21 13.88 12.32 13.09 9.52 11.95 13.48 6.79 7.95 5.31 9.39 11.08 10.80 10.68 9.13 11.25 15.45 21.07 24.38 21.85 17.27 13.05 15.60 21.06 24.62 26.24 37.10 55.59 59.44 48.01 36.58 30.36 26.96 25.32 24.06 21.73 20.72 19.67 17.93 13.39 13.69 14.16 14.18 17.13 17.97 9.84 7.02 6.79 7.66 10.79 10.21 10.58 10.45 9.33 7.76 7.94 9.79 11.19 10.63 10.16 11.03 11.28 11.18 11.76 8.84 8.43 8.48 8.40 8.01 7.81 7.75 8.51 9.62 11.07 13.23 13.03 9.70 6.81
3.75 5.95 7.46 10.47 12.57 13.78 8.40 7.23 5.88 6.14 6.29 7.30 9.89 10.12 10.75 10.58 10.73 14.89 17.14 22.70 25.57 21.33 14.34 9.76 12.25 14.91 19.47 25.22 36.61 54.81 58.47 48.61 37.48 31.34 30.02 26.35 22.82 21.20 21.37 19.96 14.67 14.27 14.84 17.68 20.22 19.45 16.61 9.69 7.81 5.45 6.67 9.58 11.64 11.85 11.67 10.40 8.02 7.58 9.82 13.13 13.28 12.72 13.28 13.92 13.40 12.72 11.94 9.58 8.61 7.43 6.67 6.16 7.09 8.78 8.46 8.88 11.41 11.76 10.98 6.59
6.83 7.41 7.03 13.82 14.25 12.15 5.75 6.66 6.72 5.95 7.78 8.89 10.59 11.34 13.31 15.28 7.01 9.10 19.46 22.97 23.81 16.77 10.46 9.25 11.09 11.90 15.52 20.81 36.22 49.98 56.06 51.49 40.95 33.98 32.42 29.55 22.97 20.12 19.80 18.87 17.93 18.50 18.03 20.42 19.45 16.85 12.32 9.31 6.46 4.46 4.30 9.23 13.79 14.55 14.14 13.15 10.61 9.91 12.66 15.23 14.78 14.38 14.00 14.22 13.85 13.54 12.83 11.59 9.76 8.75 8.38 8.26 8.80 9.13 10.63 10.40 7.11 9.72 8.15 9.42
9.37 8.98 7.73 10.09 5.43 5.04 6.26 9.05 9.59 8.48 10.30 10.06 10.81 13.34 15.01 10.14 11.30 13.07 21.26 22.21 21.41 13.83 9.87 11.03 11.05 10.20 14.86 21.23 30.94 42.84 50.80 49.92 45.33 39.17 37.08 31.79 23.66 19.42 19.10 15.76 16.89 15.71 15.74 18.46 17.99 17.26 12.68 15.01 6.49 3.47 5.71 9.25 16.87 20.17 19.93 20.08 18.21 14.66 11.13 10.80 11.12 12.30 12.53 12.00 12.55 12.68 12.08 11.32 10.81 10.96 11.38 10.77 10.16 9.54 10.07 9.55 9.14 5.64 9.03 10.04
11.08 10.78 9.03 6.66 3.32 10.52 12.46 12.70 11.17 10.43 10.61 11.69 13.13 14.72 13.30 17.95 15.86 16.43 14.49 18.04 19.41 13.65 11.29 11.05 9.50 7.63 12.56 19.31 26.51 38.66 44.80 43.76 45.29 43.60 40.67 34.58 24.78 20.52 19.61 17.52 17.63 19.10 16.80 15.58 16.31 13.29 17.33 11.05 8.53 7.39 7.75 11.57 12.95 18.56 23.86 24.48 21.33 16.20 11.64 10.79 8.91 8.56 10.73 12.11 14.93 14.64 13.84 13.11 12.51 11.55 11.56 11.41 11.01 10.33 9.86 8.98 7.02 7.58 7.11 7.53
13.26 12.12 8.78 4.61 13.05 14.75 15.02 14.72 12.60 11.10 14.39 17.10 16.96 19.29 16.82 12.41 12.90 12.13 12.18 15.95 17.61 14.15 11.35 8.17 7.15 9.29 13.08 16.03 26.22 37.24 39.10 38.58 44.34 44.97 41.31 37.42 25.97 21.31 20.46 18.16 20.02 20.56 19.52 14.01 13.34 12.82 10.56 8.51 9.36 9.32 8.57 9.26 11.45 15.11 18.71 23.97 20.15 16.10 13.15 10.96 9.16 6.50 8.37 11.01 13.57 15.80 14.68 12.96 12.31 12.52 12.96 12.65 12.05 10.74 9.47 9.11 8.59 8.13 7.62 6.85
14.78 12.59 7.53 13.40 14.99 15.20 15.54 15.78 13.85 14.58 15.86 12.54 19.27 18.05 15.04 9.57 10.69 10.91 12.34 15.90 15.72 14.96 12.73 7.64 8.14 7.38 9.74 16.68 28.90 36.79 33.74 35.38 44.01 44.91 40.97 36.84 26.18 21.69 20.65 19.29 20.71 22.85 21.23 15.54 13.82 12.40 7.32 2.87 4.39 6.30 8.00 10.11 11.84 13.87 18.77 26.90 21.90 18.22 14.74 14.88 9.96 6.15 4.54 6.04 9.67 11.06 12.26 12.08 12.47 11.69 11.29 11.61 10.70 9.25 8.44 7.73 7.36 6.76 8.32 6.01
14.54 12.50 9.46 14.61 14.00 14.49 16.37 16.21 14.49 17.06 19.49 16.49 9.63 8.11 7.09 8.11 10.00 11.44 13.20 15.32 14.80 15.38 14.61 9.07 8.76 10.65 14.95 23.03 30.13 34.48 29.92 32.28 42.54 45.04 42.49 35.10 26.53 23.06 21.13 21.27 22.73 22.64 23.21 18.10 19.28 12.60 6.24 1.83 0.61 1.57 2.27 4.21 7.78 10.60 16.43 23.05 23.37 19.85 20.17 16.54 11.58 10.73 3.96 3.82 5.90 6.72 8.83 9.99 9.22 7.17 7.75 8.68 7.46 8.68 8.30 8.05 7.74 7.54 7.61 7.58
13.52 11.81 14.59 15.57 15.58 14.41 14.32 14.22 15.66 17.82 15.53 14.64 4.14 5.29 8.92 10.70 10.43 12.52 14.31 15.89 13.85 13.76 12.21 5.83 8.87 14.77 20.97 25.45 30.26 31.22 24.94 25.79 39.44 45.36 40.56 34.38 27.47 24.92 24.38 24.35 24.22 23.58 24.12 19.84 18.49 14.25 7.80 2.75 1.62 2.38 2.10 0.78 1.55 3.71 8.97 20.53 25.21 22.20 16.50 14.65 13.56 10.97 8.12 5.85 5.15 4.66 5.65 7.55 7.91 5.79 3.97 4.53 5.73 6.54 7.04 7.20 6.09 7.34 7.64 8.04
12.17 10.82 14.71 14.51 13.14 10.86 15.78 16.94 17.91 17.52 12.64 9.89 7.70 10.65 12.29 12.43 11.93 15.24 16.62 17.66 14.16 12.12 11.44 8.92 10.01 17.67 20.23 20.22 28.07 28.89 21.09 21.12 35.95 44.38 40.86 29.19 24.32 24.96 26.24 26.19 23.96 25.00 25.35 20.98 19.36 16.44 11.13 5.56 2.28 2.12 3.47 4.52 5.04 5.94 9.58 16.97 20.32 17.62 14.67 14.17 13.39 11.73 10.19 8.40 6.75 4.97 4.35 5.30 6.43 6.48 5.84 5.49 5.96 6.71 7.36 7.68 7.80 7.81 7.59 7.22
10.23 8.88 12.24 13.76 9.08 13.56 16.77 18.11 13.56 10.50 7.39 4.94 13.36 12.34 12.26 11.84 12.87 16.31 16.76 14.58 11.47 9.02 8.34 9.04 12.17 14.84 16.35 19.62 25.10 27.30 20.00 20.72 33.84 41.96 40.41 28.03 20.32 22.60 24.58 24.46 23.04 22.83 26.16 26.04 21.13 18.28 14.34 9.71 5.22 2.41 2.19 3.78 2.55 6.69 9.08 13.00 15.72 14.39 12.78 13.10 12.73 11.80 10.81 10.06 9.00 7.30 5.89 5.64 6.36 7.23 7.76 7.78 7.52 7.24 6.93 6.80 6.74 6.47 6.54 7.42
9.23 7.41 8.91 11.85 12.82 18.30 19.43 16.45 7.19 8.00 3.30 16.31 6.56 15.79 14.19 15.58 14.37 18.54 15.64 9.81 8.08 6.45 7.39 8.39 11.41 13.20 16.48 20.40 25.85 23.96 21.03 19.88 32.11 40.37 41.18 27.59 18.92 21.94 25.08 22.54 21.42 20.32 23.02 26.70 25.64 20.63 17.24 13.90 9.01 5.44 3.65 2.82 3.31 4.14 5.31 8.71 11.53 12.35 11.87 12.00 12.10 11.76 11.29 11.12 10.91 10.21 8.70 7.83 7.93 8.50 8.97 8.98 8.30 7.27 6.45 6.11 6.19 6.72 7.88 8.95
8.86 5.45 8.28 9.83 13.46 16.19 13.47 10.80 9.38 12.50 15.92 18.43 15.98 16.82 16.52 18.06 21.12 25.05 12.59 4.41 6.26 6.29 7.62 7.68 11.01 10.53 14.90 16.47 23.86 20.49 19.78 18.92 29.48 38.95 42.19 27.61 19.70 22.81 25.84 21.26 21.03 19.87 20.76 22.53 25.43 20.80 19.75 18.27 13.58 9.20 6.80 5.67 5.07 4.78 5.63 7.46 9.87 11.61 11.93 12.03 12.05 11.38 10.99 10.93 10.79 10.88 10.61 10.25 9.95 9.71 9.36 8.81 8.25 7.75 7.60 8.01 8.64 9.47 10.17 11.70
8.00 5.89 10.25 5.67 4.05 8.80 14.60 7.59 7.47 17.23 14.78 16.79 16.16 18.40 18.09 12.67 15.37 21.54 19.61 8.79 5.94 6.63 5.83 9.36 9.41 10.89 15.72 23.58 20.91 18.41 15.34 19.40 26.94 36.03 41.91 33.46 21.25 22.81 25.13 20.13 21.10 21.34 19.98 19.45 21.23 23.73 19.87 19.56 18.39 15.31 10.56 7.73 8.22 7.22 7.50 8.30 9.97 11.58 12.25 12.64 12.50 11.74 11.00 10.64 10.30 10.15 10.04 9.97 9.73 9.21 8.61 8.27 8.39 8.90 9.62 10.45 12.92 12.88 12.10 11.98
7.05 5.12 6.13 2.09 5.67 14.87 9.93 8.90 17.90 17.11 15.68 17.64 17.03 4.47 5.76 11.96 23.44 25.79 18.36 12.30 3.09 2.92 5.78 6.19 6.03 10.83 12.07 20.55 19.67 18.61 16.08 20.72 25.53 32.42 36.21 34.71 26.59 22.76 21.87 18.78 19.31 19.72 18.96 17.96 17.57 18.30 19.01 18.63 21.49 17.94 16.10 11.49 9.16 8.88 9.41 10.06 11.23 12.36 12.75 13.12 13.08 12.59 12.06 11.69 11.37 10.97 12.32 9.63 9.07 8.72 8.67 9.01 9.66 10.52 12.84 12.85 11.54 11.44 12.16 12.66
5.84 4.12 10.32 11.00 13.33 10.07 7.86 13.31 16.07 10.33 8.42 7.40 4.71 1.82 7.22 20.32 28.56 23.92 14.82 11.06 1.36 1.64 3.26 4.07 7.20 11.80 16.03 17.41 18.91 14.79 18.28 20.68 24.27 29.60 31.77 33.11 29.39 22.66 20.30 18.40 18.27 18.74 18.38 18.19 16.88 16.60 16.82 16.76 17.00 16.93 15.81 19.01 12.96 10.66 11.55 13.17 14.62 15.46 15.13 14.67 14.25 13.63 13.01 14.23 13.99 11.91 11.41 10.80 10.38 10.24 10.51 11.17 13.60 13.31 12.29 12.19 12.06 12.62 11.56 11.37
4.60 7.83 10.82 10.42 10.23 7.48 6.41 12.27 7.46 7.09 2.39 5.25 3.73 8.18 14.95 24.56 26.79 19.59 12.77 10.71 0.36 1.81 3.65 4.18 8.83 11.70 14.98 16.66 13.91 17.08 18.98 19.33 22.96 27.69 29.68 30.02 27.44 23.04 19.75 18.40 18.16 18.55 18.08 18.07 18.24 16.92 16.64 16.55 16.22 16.11 14.98 13.57 11.80 10.45 11.37 14.03 17.37 19.76 20.09 19.06 18.30 17.41 16.53 15.50 12.36 11.94 12.02 12.20 12.43 12.62 14.23 14.18 13.59 13.25 12.58 13.21 12.41 11.42 10.88 10.54
6.94 11.38 11.57 9.88 9.62 10.31 10.51 7.01 2.28 1.18 3.50 6.29 9.22 14.71 21.18 24.21 23.00 17.21 11.33 4.53 1.36 1.35 2.97 2.41 6.98 9.74 13.29 11.37 14.46 17.81 20.94 17.86 21.77 26.55 28.55 26.87 24.54 22.25 19.15 17.91 17.92 18.60 17.31 17.00 18.13 16.83 17.31 16.26 16.09 16.31 15.17 13.74 11.45 9.01 9.06 11.05 14.43 18.10 20.14 21.49 19.56 19.31 18.94 17.68 16.48 15.30 13.69 14.90 15.75 16.07 16.73 15.28 14.99 13.70 14.31 12.75 11.51 10.89 10.89 10.76
10.19 8.64 7.27 9.59 10.88 8.66 3.61 4.96 1.10 2.83 5.48 7.90 12.20 17.85 21.39 22.91 19.28 14.94 8.90 5.62 5.34 5.21 5.49 5.04 6.04 8.33 7.31 12.38 16.34 18.03 17.51 17.75 21.56 24.99 27.24 24.18 21.91 20.28 18.24 17.38 18.26 19.50 18.01 16.65 17.14 16.75 16.32 16.18 16.68 16.85 15.84 14.49 12.08 8.19 6.58 8.08 11.27 15.77 18.18 17.92 17.79 17.88 21.28 21.67 20.60 17.38 16.52 14.30 13.25 16.83 16.91 15.96 15.58 15.37 14.28 12.81 11.43 10.94 10.79 10.64
3.60 1.06 3.42 4.35 3.30 2.70 4.31 1.97 2.98 4.35 5.55 7.68 12.52 17.01 18.73 17.22 16.92 12.88 8.03 7.71 8.73 10.64 8.19 6.70 5.91 6.97 10.91 13.12 16.07 17.96 18.51 18.95 20.46 22.65 24.15 19.98 18.62 18.41 16.81 16.46 17.85 20.30 20.92 17.34 16.88 16.92 16.25 15.84 15.65 17.13 17.64 15.79 13.54 9.26 5.28 5.89 8.63 13.73 17.83 18.26 17.53 17.00 17.22 17.20 16.88 16.45 14.74 13.36 14.99 13.19 15.41 14.03 12.34 11.91 12.80 12.78 11.68 11.14 11.83 11.56
0.94 5.25 1.80 3.07 3.03 2.53 2.89 4.22 5.46 5.90 6.53 9.05 12.39 14.94 14.10 15.59 15.74 11.11 6.37 2.99 2.13 8.86 7.99 8.61 6.93 6.90 6.61 11.82 17.60 17.78 19.36 18.74 18.25 20.79 22.05 18.17 15.88 16.29 15.22 15.60 17.26 20.43 22.00 18.86 17.58 17.21 16.39 15.97 14.94 15.75 18.01 17.06 15.32 11.91 6.71 5.40 6.76 11.21 16.70 19.14 18.70 17.46 16.79 15.79 16.25 15.79 14.89 14.45 13.19 12.55 14.63 14.13 12.16 11.24 12.54 13.96 14.78 13.96 14.07 14.07
3.49 0.73 0.52 2.12 4.24 5.72 6.08 6.35 6.62 6.54 7.40 9.34 10.90 11.97 14.09 16.80 13.58 10.21 6.01 2.06 13.12 6.98 8.61 10.22 6.47 2.20 6.39 12.23 16.76 18.45 19.16 18.10 17.02 17.89 18.77 15.17 14.12 14.84 13.35 13.47 15.88 19.98 22.67 21.92 18.66 17.72 16.81 16.48 14.94 15.26 17.05 17.46 16.43 14.22 9.48 7.29 8.44 10.53 15.34 18.86 21.49 18.89 16.81 15.38 14.69 15.26 14.24 13.84 15.48 15.63 15.38 14.00 13.69 12.13 11.83 14.70 15.64 15.91 16.54 15.96
3.83 0.74 0.63 2.58 5.88 6.86 5.04 4.78 5.33 5.32 6.18 6.99 8.75 11.32 14.95 16.63 13.32 9.37 6.20 1.70 9.57 0.29 2.40 10.57 6.63 6.37 7.05 14.01 18.12 18.06 17.46 18.64 17.63 15.86 15.30 13.32 13.05 13.98 11.63 11.09 13.67 18.91 23.28 21.58 20.23 20.02 18.80 18.12 17.64 14.71 16.77 17.23 16.68 15.76 9.61 9.26 10.89 11.46 14.92 21.64 20.30 20.47 18.74 17.19 14.70 14.34 13.27 13.68 14.97 15.58 16.35 14.87 13.46 12.06 10.74 11.21 13.93 14.11 13.88 13.43
2.99 0.82 1.14 3.16 5.86 5.39 3.99 4.88 5.80 6.05 6.15 6.22 7.97 11.78 16.36 17.67 13.76 9.13 6.88 3.40 10.36 7.75 10.29 9.13 7.43 5.80 8.44 16.38 18.78 15.54 14.76 18.32 18.35 15.34 12.78 11.19 12.20 13.15 10.51 8.74 11.50 16.30 21.56 21.93 21.77 20.23 18.97 18.24 17.73 16.38 18.18 17.50 16.65 16.54 12.42 9.17 10.45 10.88 13.97 17.73 21.90 21.24 19.85 18.01 16.26 15.01 11.96 10.78 11.98 12.93 16.47 16.25 14.12 13.54 12.77 10.11 10.35 10.41 11.83 11.31
2.76 0.83 1.26 3.04 4.65 3.85 3.38 4.27 5.28 5.52 5.22 4.92 7.31 11.15 15.94 18.28 14.33 9.51 8.34 6.32 10.56 8.53 9.32 9.67 8.01 4.74 11.44 18.58 17.19 11.85 11.90 17.30 18.50 15.47 11.11 9.75 11.66 12.73 9.96 7.34 8.71 13.20 18.80 22.98 22.56 20.97 19.77 18.97 18.01 17.83 18.15 17.97 17.32 17.08 13.94 7.61 7.14 7.51 10.58 16.31 22.26 20.30 20.40 20.57 18.26 17.57 15.19 10.75 10.14 11.84 13.03 14.40 15.03 13.97 14.48 13.02 11.24 12.44 14.76 12.53
3.31 0.88 1.46 2.85 3.50 2.26 1.77 2.68 3.96 4.37 4.20 4.43 6.96 11.23 14.95 17.41 13.10 9.94 10.24 8.80 4.48 11.84 9.16 9.28 2.41 4.54 14.63 18.69 13.51 8.37 10.06 16.40 19.87 15.35 10.13 9.16 11.77 12.48 9.35 6.85 7.49 10.08 15.15 20.87 22.63 21.29 21.17 20.57 19.30 18.31 17.90 18.02 17.80 17.55 15.73 9.02 4.14 5.17 6.00 12.78 18.70 20.37 20.68 20.30 18.75 20.27 18.39 13.96 11.41 11.20 10.59 12.49 13.35 12.86 12.92 12.82 12.72 13.22 14.59 15.49
0.44 0.75 1.42 2.31 2.47 1.36 1.05 2.22 3.10 3.48 3.83 4.38 6.47 9.91 14.33 16.07 10.95 9.71 11.73 10.20 5.63 12.03 3.90 6.49 1.95 7.00 16.26 16.21 9.63 6.34 10.10 17.28 17.95 13.25 9.05 9.70 12.66 12.09 8.43 6.73 7.82 8.98 11.21 16.69 21.77 21.38 20.17 19.74 19.43 19.44 18.54 18.13 18.31 18.04 18.11 13.18 5.82 4.25 5.12 6.25 14.98 18.88 21.31 21.49 20.49 18.69 17.02 18.75 13.84 12.25 12.19 11.86 13.09 13.36 13.11 12.59 12.37 12.65 12.78 13.43
