examples/cougarCreek-fire/createInputs/WindNinja/wrfout_d3.2015081200.f14/cougarCreekFire_08-12-2015_1400_217m_non_neutral_stability_vel.asc
ncols	146
nrows	140
xllcorner	610065.000000
yllcorner	5095217.000000
cellsize	216.586807
NODATA_value	-9999.000000
[rows 72 to 107 of 140, columns 0 to 79 of 146]
0.22 0.56 0.92 1.33 1.43 0.92 0.96 1.93 2.22 2.54 3.77 5.08 6.57 8.82 14.77 14.51 10.52 10.11 12.36 10.24 5.29 7.31 1.56 3.18 2.68 10.64 16.71 13.17 7.70 6.30 11.05 18.14 17.28 10.93 7.92 10.68 14.21 12.22 7.26 6.07 8.26 9.61 9.00 12.77 21.03 20.86 19.64 21.09 19.85 19.15 18.96 18.19 18.34 18.31 18.56 16.27 10.12 3.50 4.64 3.27 7.66 16.00 19.28 22.20 22.77 20.21 22.96 17.05 15.50 15.08 13.40 12.26 13.81 15.09 14.74 13.26 12.41 12.14 12.15 11.91
0.22 0.25 0.28 0.44 0.66 0.59 0.93 1.52 1.51 1.96 3.69 5.36 6.36 7.72 11.20 12.85 9.96 10.47 13.23 10.10 4.51 1.89 0.37 1.89 3.95 13.03 16.24 11.01 7.49 7.60 11.90 17.86 15.14 8.84 7.46 11.63 15.50 14.41 6.45 4.89 8.28 10.81 8.66 9.20 15.17 20.22 21.50 18.75 19.06 19.62 20.18 18.66 19.14 18.69 19.18 18.21 14.26 7.27 2.84 4.29 2.34 10.24 16.74 19.60 20.63 20.67 19.38 19.69 19.25 17.54 16.40 15.64 15.10 15.29 14.89 13.40 12.55 12.47 12.10 11.90
0.30 0.21 0.28 0.48 0.41 0.61 1.12 1.31 1.32 2.08 3.84 5.16 5.70 6.87 10.37 11.72 8.69 9.93 13.73 10.68 10.07 3.06 2.96 3.88 6.01 12.77 14.39 10.08 7.89 8.47 11.85 15.26 12.29 7.47 7.96 12.46 15.60 13.55 5.61 4.16 8.13 11.54 9.19 6.32 10.71 17.60 20.00 18.64 18.03 18.59 19.36 20.16 19.30 18.11 19.00 20.03 17.48 12.49 5.45 3.88 3.00 5.29 12.77 16.50 19.56 19.57 18.40 17.20 16.17 14.24 13.25 15.32 13.25 14.78 13.67 13.55 12.91 12.79 12.50 12.07
0.56 0.38 0.79 0.54 0.50 0.76 1.15 1.27 1.53 2.62 3.94 4.23 4.54 6.33 9.77 10.71 8.02 9.77 12.86 10.43 8.36 5.99 4.54 5.37 8.12 10.79 11.73 10.90 9.03 8.59 10.89 13.75 8.97 6.83 9.58 14.30 14.85 10.25 4.90 4.10 8.25 12.88 10.69 4.86 6.41 13.27 18.09 21.40 17.58 18.16 18.73 18.41 18.18 18.14 18.82 19.48 19.24 16.83 10.63 4.40 3.28 2.37 8.33 13.88 17.72 17.81 17.76 17.15 15.79 13.62 14.56 14.53 14.26 12.69 14.42 13.46 13.56 13.15 13.06 12.58
0.83 0.89 1.06 0.47 0.63 0.78 1.08 1.47 2.14 2.91 3.33 3.25 3.90 6.40 8.84 9.18 7.45 9.59 11.35 11.32 11.55 9.64 6.07 6.16 8.20 8.57 9.68 11.81 10.24 7.69 9.40 10.41 6.71 6.29 11.42 16.23 13.69 8.27 4.07 4.04 8.49 13.49 11.35 4.42 3.01 9.10 16.08 17.79 17.44 17.16 18.09 17.89 17.88 18.23 19.10 19.20 20.20 18.75 15.35 8.67 2.87 0.67 3.38 9.35 13.28 16.64 17.25 16.92 16.13 14.82 11.69 11.96 12.03 13.30 13.75 14.59 14.01 13.70 13.34 13.73
1.11 1.16 0.96 0.45 0.63 0.72 1.10 1.78 2.36 2.89 3.33 3.35 3.79 5.52 7.58 7.73 6.87 8.66 9.58 10.42 12.43 11.73 9.83 8.20 6.69 6.20 8.38 10.78 9.65 7.04 8.44 8.91 5.29 5.78 12.71 17.02 12.79 6.78 4.20 5.36 9.55 13.26 11.28 4.98 1.24 4.67 12.00 16.57 17.37 17.67 17.78 17.20 17.02 17.69 19.12 19.56 20.91 19.95 18.29 14.34 8.33 3.52 2.36 5.69 11.23 14.52 15.50 16.15 17.14 15.29 12.91 11.12 10.37 10.07 12.45 13.39 14.60 13.18 13.20 13.27
1.42 1.31 0.80 0.47 0.51 0.54 1.02 1.84 2.27 3.00 3.70 3.60 3.65 4.91 6.25 6.50 6.65 7.84 8.23 9.22 11.39 11.36 11.74 11.73 6.99 4.82 7.28 8.88 8.26 7.45 8.81 8.33 4.82 5.36 12.55 16.22 11.85 5.86 4.48 6.53 11.21 13.93 11.72 5.94 1.12 1.51 7.08 13.52 16.62 17.60 17.53 16.22 15.24 16.19 18.45 20.30 21.04 20.13 19.80 18.43 14.82 10.05 6.51 6.30 9.23 12.91 15.39 16.20 17.25 15.06 13.97 13.08 11.34 10.23 11.44 11.79 12.94 12.15 14.79 13.14
1.70 1.37 0.72 0.43 0.38 0.36 0.87 1.63 2.10 2.71 2.93 2.81 3.30 4.26 5.08 5.12 5.56 6.74 7.57 8.62 9.68 9.90 11.93 13.30 8.61 5.29 7.05 8.71 9.11 8.34 9.07 8.11 4.10 4.80 11.98 15.64 11.13 4.92 3.37 6.63 11.65 14.13 12.69 7.51 2.17 0.91 3.44 9.61 15.34 16.96 16.67 15.51 13.56 13.91 16.32 17.60 19.39 19.41 18.65 20.47 18.77 14.99 10.28 7.70 8.45 11.08 16.08 16.99 17.32 15.38 14.74 14.05 13.23 11.88 9.24 8.87 10.77 11.83 13.80 13.14
1.89 1.42 0.83 0.78 0.34 0.24 0.63 1.28 1.85 2.25 2.26 2.38 3.03 3.86 4.18 4.06 4.38 5.57 7.09 8.17 7.87 8.26 12.06 13.44 9.50 6.06 7.10 10.21 11.37 9.31 7.94 6.81 3.22 4.47 11.84 14.60 10.76 5.01 3.87 7.34 10.64 12.54 13.26 9.36 4.14 1.50 3.21 7.07 13.20 16.07 16.46 14.49 12.12 12.01 13.93 16.56 17.52 18.86 17.61 20.46 20.45 18.34 14.03 9.12 7.65 9.93 13.84 16.67 16.60 16.60 15.70 15.18 14.17 13.13 11.23 9.53 8.88 9.64 9.50 12.00
2.05 1.58 1.09 0.95 0.30 0.11 0.45 1.03 1.55 1.98 2.34 2.77 3.09 3.50 3.59 3.26 3.69 5.15 6.83 6.98 6.40 7.56 11.47 12.84 10.13 6.35 6.73 11.78 12.73 8.02 5.51 4.52 3.28 4.85 10.52 13.05 9.39 6.24 5.98 8.67 10.21 10.83 12.08 11.26 6.73 1.67 3.89 5.03 11.87 16.00 16.31 13.49 10.80 10.90 11.75 13.17 17.65 15.22 15.85 18.59 20.44 20.03 17.12 11.59 7.11 7.26 10.42 14.51 15.51 15.99 16.41 14.46 15.08 14.33 12.91 10.50 8.88 9.04 8.71 10.70
2.25 1.82 1.29 0.86 0.24 0.16 0.51 1.01 1.92 2.43 2.84 3.03 3.14 3.46 3.32 2.87 3.69 5.40 5.92 4.95 5.36 8.72 11.16 11.88 9.96 6.59 7.13 12.27 12.74 7.89 3.50 3.54 4.28 5.57 9.53 10.93 7.32 5.82 7.25 9.83 10.98 10.18 10.62 11.61 8.87 1.93 4.94 3.83 9.60 15.14 16.37 13.75 11.06 11.16 10.59 9.78 12.90 13.60 12.61 14.92 17.53 19.84 18.95 15.43 10.31 7.54 8.98 11.29 14.22 13.90 15.27 14.74 13.55 16.17 14.85 14.59 10.43 11.03 11.43 10.37
2.41 1.94 1.27 0.65 0.24 0.22 0.66 1.24 2.63 2.32 2.47 2.90 3.16 3.26 3.97 2.76 3.87 5.01 4.36 3.42 5.10 9.70 10.55 10.98 9.99 6.84 8.40 11.81 11.68 7.28 3.31 3.63 4.77 5.64 7.46 8.74 6.13 4.90 6.91 9.59 11.54 10.75 9.84 10.71 10.19 4.73 4.47 2.83 7.28 13.27 15.43 13.85 12.40 12.37 12.53 8.07 9.44 10.98 9.79 11.27 14.59 16.65 20.32 18.35 15.33 11.74 10.35 10.43 13.24 13.62 14.82 15.02 13.35 14.05 15.83 16.13 14.35 11.23 10.29 10.86
2.45 1.92 1.30 0.82 0.50 0.08 0.54 1.15 1.97 2.06 2.36 2.84 4.94 2.67 2.37 2.68 3.66 3.89 3.03 3.08 6.67 8.50 9.82 10.25 8.63 7.17 9.02 11.26 10.28 7.35 4.02 3.52 4.94 5.54 5.65 6.71 6.36 5.46 6.46 9.14 11.96 12.02 9.48 9.47 10.56 6.46 2.56 2.14 5.37 11.47 13.69 13.23 13.26 13.16 12.56 10.65 8.67 9.18 8.55 9.05 11.14 12.54 14.84 16.90 18.98 15.91 11.61 11.39 11.57 13.58 14.89 15.57 13.57 13.75 14.60 15.27 15.08 13.14 11.50 12.62
2.40 1.95 1.57 1.19 0.81 0.31 0.23 0.81 1.39 1.83 2.15 2.44 4.57 3.70 2.04 2.57 3.07 2.94 2.74 3.92 6.46 8.21 9.00 9.47 8.33 7.50 9.24 10.84 9.42 6.44 3.94 2.90 5.42 6.28 4.74 5.05 6.20 6.07 6.77 9.40 12.77 12.72 8.97 8.06 10.24 8.92 3.35 2.38 3.52 9.05 13.06 13.92 13.67 13.16 13.31 13.32 11.16 9.02 8.55 8.70 9.59 9.82 11.93 13.80 15.15 14.52 12.25 13.43 12.40 12.51 13.69 16.24 15.85 13.67 13.65 14.18 14.05 13.47 13.66 12.49
2.49 2.23 2.15 1.64 1.04 0.47 0.03 0.53 1.16 1.67 2.01 3.93 2.16 2.12 2.48 2.90 3.05 3.21 3.86 5.77 6.72 7.88 8.44 8.13 7.49 8.22 10.18 10.70 8.48 6.08 3.46 2.21 4.81 7.18 5.44 4.42 4.41 4.25 5.42 9.08 13.23 13.10 8.74 7.05 9.52 10.48 5.33 1.98 2.70 6.80 11.79 14.57 13.95 12.59 12.58 13.84 13.67 11.10 9.70 9.91 10.14 10.22 10.67 11.97 12.63 13.04 12.15 12.35 12.27 12.67 13.42 15.06 15.83 14.75 13.44 15.00 12.70 14.40 14.27 13.81
3.12 2.93 2.76 1.92 1.15 0.56 0.11 0.56 1.15 1.68 2.15 4.57 2.37 2.63 3.39 3.90 4.01 5.40 4.11 6.91 6.67 7.60 7.66 6.58 6.54 9.06 10.77 9.46 6.47 3.67 1.76 1.99 4.99 7.54 6.59 5.02 4.11 3.39 5.00 8.53 12.25 13.36 9.45 6.15 8.04 10.60 7.32 2.20 2.94 4.71 9.47 13.79 13.96 12.11 10.99 12.14 13.61 12.59 11.14 10.96 11.27 11.20 11.15 11.55 11.54 11.71 11.40 12.00 11.93 13.53 14.13 12.93 14.59 15.07 14.67 13.97 13.70 12.64 12.15 13.99
3.62 3.36 2.91 1.88 1.16 0.66 0.06 0.73 1.46 1.99 2.33 4.74 2.81 5.12 3.77 4.23 4.46 5.82 4.24 5.40 6.58 7.11 6.62 5.41 6.53 8.96 9.79 7.98 4.54 2.57 1.38 1.54 4.66 7.24 7.28 5.44 4.63 4.94 5.98 7.52 9.93 13.11 11.50 7.08 7.00 9.98 8.46 3.13 3.04 3.51 7.55 12.53 15.61 12.53 10.62 10.65 12.17 12.51 11.89 11.57 11.81 11.95 11.85 11.81 10.77 11.44 11.69 11.15 11.13 10.78 13.07 11.60 13.16 15.03 15.21 14.73 14.40 13.95 13.52 13.47
3.83 3.37 2.54 1.57 1.09 0.70 0.07 0.77 1.54 1.98 2.27 4.29 2.89 3.12 3.60 3.88 3.86 5.15 5.06 5.61 6.44 6.72 5.94 5.24 7.13 9.15 9.31 6.75 3.47 2.62 2.52 2.61 4.48 6.54 7.58 6.09 4.47 5.39 6.53 6.91 8.46 12.27 13.55 9.87 7.71 9.62 8.70 3.70 2.68 3.07 6.13 11.25 15.04 13.92 11.52 10.83 11.44 12.06 12.02 11.91 11.97 12.04 12.12 10.75 11.51 11.81 11.60 11.17 11.37 10.91 9.90 9.95 11.17 12.47 14.37 14.91 14.51 14.42 14.04 13.43
3.69 2.98 1.97 1.34 1.17 0.78 0.23 0.49 1.10 1.64 2.16 2.63 2.75 3.12 4.32 3.37 3.22 6.00 4.51 5.36 6.03 6.21 5.44 5.77 7.85 9.40 8.28 5.15 3.27 3.02 3.16 3.14 3.78 6.26 7.85 6.54 4.42 4.22 5.80 6.88 8.16 11.41 13.51 11.69 9.59 10.12 9.13 4.93 3.16 3.31 5.10 9.89 12.54 13.39 11.85 11.29 11.31 11.55 11.60 11.77 11.93 10.75 11.90 10.38 10.61 11.26 12.04 11.66 12.08 11.82 10.47 8.60 10.87 12.15 11.58 12.75 13.09 13.01 14.05 13.80
3.33 2.56 1.99 1.82 1.50 0.99 0.49 0.24 0.81 1.53 2.21 3.82 2.88 5.80 3.04 2.98 3.02 3.56 4.33 4.89 5.47 5.40 4.92 5.50 7.14 7.82 5.95 3.77 3.13 3.50 4.22 4.61 5.27 6.87 7.71 6.16 3.88 3.37 4.91 6.33 7.78 10.72 12.72 11.93 10.86 10.97 9.96 6.57 4.43 4.04 4.79 8.61 11.20 12.78 11.35 11.01 10.95 11.09 11.07 11.24 11.62 10.83 10.62 10.75 10.15 12.18 11.30 11.98 12.67 12.92 11.68 10.11 10.26 10.93 12.01 11.65 11.97 13.25 12.20 13.47
3.47 2.97 2.92 2.66 1.94 1.42 0.99 0.23 0.50 1.06 1.94 2.83 5.11 3.98 2.32 2.43 3.01 6.09 4.20 4.53 4.93 4.88 4.86 5.66 6.70 6.20 4.11 3.34 4.07 5.55 9.20 7.79 8.05 7.98 6.95 5.05 2.99 2.76 4.49 6.01 7.65 9.88 11.67 12.00 11.44 11.52 10.88 8.05 5.66 5.12 5.60 8.07 10.21 12.56 12.43 10.89 10.83 10.76 10.68 10.80 11.17 11.56 11.04 11.35 10.17 11.71 12.12 11.22 12.58 12.93 12.30 10.80 10.96 11.11 10.03 11.21 11.76 12.11 12.48 13.20
3.97 3.78 3.81 3.10 2.38 1.89 1.29 0.58 0.22 0.11 0.99 2.05 2.58 3.73 2.20 2.27 2.95 4.43 4.00 4.46 4.94 5.07 5.24 6.01 6.64 5.53 3.93 4.64 6.52 7.83 10.52 9.03 8.85 7.77 5.72 3.73 2.51 3.04 4.90 6.30 7.95 9.47 10.19 11.49 11.79 11.91 11.78 9.61 6.99 6.15 6.68 8.30 9.77 11.88 12.23 11.34 10.99 10.95 10.65 10.60 10.86 11.29 11.52 12.23 11.18 11.32 11.64 10.60 11.79 12.73 12.68 10.57 11.16 11.06 9.72 10.70 11.65 12.71 14.03 14.95
4.61 4.35 3.91 2.98 2.52 1.98 1.24 0.83 0.46 0.35 0.62 1.24 2.01 2.53 2.66 2.78 3.03 3.29 3.80 4.51 5.18 5.38 5.51 5.95 6.27 5.45 5.33 7.53 10.62 8.91 8.59 10.69 9.40 5.78 3.37 2.14 2.47 3.39 5.38 6.73 7.93 9.31 9.52 10.42 11.09 11.80 12.52 11.19 8.65 7.34 7.73 8.94 9.87 10.47 12.46 12.02 12.21 12.48 11.08 10.72 10.79 11.13 11.33 12.77 11.72 12.09 10.46 11.85 11.49 12.43 13.00 11.07 11.47 11.20 9.52 9.61 10.14 11.63 13.64 13.86
4.58 3.93 3.14 2.73 2.60 1.87 1.03 1.07 1.02 0.92 1.20 1.36 1.59 4.04 2.76 4.75 3.22 3.44 4.02 4.80 5.35 5.52 5.62 5.84 6.21 5.90 6.89 11.51 10.27 8.96 8.62 10.24 7.65 4.45 2.59 2.01 3.20 4.54 6.26 6.83 7.62 9.19 9.55 9.44 9.13 10.54 12.53 12.27 10.43 9.06 8.93 9.63 10.20 10.57 12.83 12.52 12.75 12.90 12.64 11.26 10.88 11.06 11.91 13.10 12.15 14.09 12.98 12.17 12.19 12.54 13.06 12.29 10.07 9.46 9.17 11.05 11.40 12.27 12.88 14.21
3.90 3.24 2.81 2.91 2.83 1.72 0.77 1.26 1.63 1.53 1.94 2.28 2.13 4.11 4.97 3.13 3.26 3.63 6.61 5.29 5.53 6.42 5.26 5.68 6.10 6.38 9.70 12.13 10.47 8.48 8.58 8.80 6.05 4.29 3.17 2.75 3.86 6.13 7.18 6.69 7.64 9.48 10.21 9.11 6.79 7.90 11.12 12.29 11.48 10.64 10.36 10.53 10.78 10.83 10.94 11.14 11.23 11.21 11.13 11.05 11.85 11.31 12.15 12.20 13.18 13.95 12.31 13.37 13.22 13.11 13.03 12.29 11.78 10.88 9.66 8.82 10.56 10.92 9.95 12.70
4.17 3.69 3.48 3.48 2.87 1.41 0.61 1.24 1.90 1.93 2.01 2.64 2.93 3.01 3.10 3.12 3.18 3.79 4.70 4.88 4.69 4.66 4.90 5.59 6.33 9.07 10.88 9.58 7.72 7.44 7.72 6.75 4.89 4.06 3.89 3.93 4.60 6.69 7.43 6.93 8.14 9.88 10.80 9.26 5.53 5.05 8.19 10.58 11.04 11.20 11.50 11.57 11.43 11.27 11.29 11.44 11.49 11.41 11.31 11.20 11.09 12.13 11.69 11.97 12.93 12.32 12.41 12.44 12.58 12.69 12.55 12.41 12.21 11.85 10.81 9.13 9.90 9.38 9.89 10.21
4.70 4.11 3.78 3.58 2.51 1.22 0.82 1.12 1.66 2.10 2.19 2.55 3.04 3.38 3.50 3.62 3.89 4.44 6.72 4.21 3.99 4.48 5.50 6.83 8.09 10.76 9.94 7.60 7.43 7.66 7.58 6.45 5.25 4.65 4.09 4.05 5.35 7.30 7.88 7.74 8.78 10.11 10.89 9.37 5.50 3.72 5.44 7.87 9.26 10.44 11.58 11.99 11.73 11.54 11.59 11.67 11.68 11.61 11.52 11.39 11.23 11.15 11.26 11.45 13.47 12.17 12.43 12.58 12.80 12.94 12.76 12.64 12.42 12.07 11.38 10.26 8.22 8.87 8.64 7.79
4.64 4.06 3.75 3.26 2.24 1.48 1.21 1.20 1.41 1.95 2.57 2.98 3.28 3.63 3.81 4.05 4.46 4.68 4.66 4.83 5.26 5.53 6.14 7.46 9.53 9.83 8.03 8.38 9.83 8.59 7.96 7.05 6.33 5.87 5.47 5.70 6.77 7.40 7.14 8.00 9.52 9.98 10.56 9.41 5.85 3.75 4.22 5.50 7.05 9.03 10.97 11.79 11.58 11.48 11.64 11.74 11.74 11.69 11.63 11.57 11.40 11.27 11.31 11.43 11.62 11.97 12.36 12.58 12.78 12.93 14.03 13.07 12.77 12.08 12.14 11.33 9.75 9.68 8.94 9.25
4.38 4.17 3.56 2.61 2.24 1.97 1.34 1.24 1.37 1.60 2.28 2.92 3.16 5.43 3.60 3.92 4.20 4.33 4.52 5.11 5.79 6.05 6.05 6.65 7.23 7.28 7.93 9.14 11.41 8.94 8.28 7.62 7.13 7.43 8.53 9.31 8.76 6.96 5.83 8.04 9.99 9.31 9.86 9.27 6.09 4.26 4.09 4.04 5.19 7.61 10.04 11.30 11.24 11.28 11.53 11.65 11.71 11.72 11.69 11.64 11.51 11.36 11.37 11.49 11.65 11.83 12.17 12.49 12.65 14.32 13.68 13.31 12.83 12.74 12.69 11.53 11.35 10.21 10.21 9.83
4.77 4.14 3.54 2.23 2.46 2.18 1.39 1.23 1.33 1.32 1.62 2.00 2.14 2.45 3.09 3.68 3.96 4.14 4.41 4.78 5.03 5.62 6.21 6.82 7.15 6.84 7.61 10.68 11.15 8.47 8.21 8.07 8.04 8.75 9.66 9.81 9.34 8.75 8.97 10.22 9.59 8.16 8.92 8.65 6.24 4.86 4.40 3.73 4.42 6.55 8.84 10.61 10.91 11.12 11.44 13.88 13.96 14.01 11.71 11.67 11.55 11.37 11.36 11.49 13.85 14.56 13.90 12.26 12.55 12.52 14.61 13.92 13.51 13.46 11.80 11.76 12.96 11.93 9.94 8.57
4.86 3.98 3.02 2.57 2.51 2.26 1.63 1.24 1.35 1.38 1.46 1.62 1.74 2.12 2.65 3.20 3.61 3.98 4.56 4.91 5.16 5.45 6.19 7.30 7.39 6.85 7.82 10.37 9.63 7.89 8.06 8.30 8.66 9.38 9.62 9.42 9.85 10.95 11.84 10.77 7.84 6.96 7.98 7.62 6.36 5.43 4.74 3.90 4.59 5.90 7.24 9.61 10.67 11.00 14.56 14.51 14.52 14.52 13.96 11.57 11.48 11.31 11.21 11.27 11.47 11.57 11.66 11.95 12.38 12.56 12.29 12.10 11.94 11.81 13.29 11.87 11.76 11.53 11.06 9.68
4.61 3.69 2.92 2.81 2.57 2.39 1.79 1.20 1.46 1.68 1.68 1.70 1.92 2.35 2.59 2.75 3.31 4.01 4.68 5.06 5.30 5.79 6.73 7.59 7.45 7.29 8.59 10.34 8.14 7.24 7.86 8.61 9.17 9.43 9.19 8.97 9.26 9.66 9.62 8.09 5.76 5.76 6.79 6.94 6.74 6.00 5.21 4.72 5.39 5.25 5.04 7.95 10.36 11.15 13.99 14.08 13.67 13.43 11.34 11.41 11.29 11.20 11.19 11.18 11.33 11.46 11.57 11.76 12.15 12.50 12.38 12.26 12.16 11.91 13.26 11.51 11.63 11.19 10.32 9.22
4.22 3.37 2.78 3.00 2.84 2.30 1.86 1.33 1.36 1.90 1.96 1.85 2.16 2.45 2.59 3.03 3.52 4.00 4.57 7.07 5.79 6.29 6.85 7.20 7.91 8.06 10.13 10.88 7.94 7.31 8.08 8.68 8.90 8.93 8.84 9.17 7.09 6.52 7.16 6.47 4.94 4.68 5.80 7.22 7.62 6.76 6.16 6.43 6.59 4.73 3.14 5.27 8.95 11.09 11.83 14.30 13.66 10.96 11.12 11.26 13.88 13.57 11.04 11.14 11.26 11.37 11.49 11.65 14.57 14.01 14.44 14.20 12.04 13.97 13.57 11.29 11.03 10.79 10.16 9.15
3.94 3.40 3.27 3.45 3.07 2.23 1.96 1.55 1.14 1.80 2.17 2.19 2.33 2.37 2.59 3.24 3.74 4.05 4.63 7.40 6.12 6.46 6.58 6.74 6.94 8.09 9.65 11.61 8.36 8.26 10.04 8.85 8.73 8.71 8.40 8.03 5.83 6.23 6.98 6.02 4.76 4.09 5.41 8.08 8.88 7.73 7.05 7.44 6.89 4.13 2.22 3.49 6.95 10.47 12.16 14.87 11.00 10.85 10.95 11.14 13.86 13.51 13.28 13.62 14.60 14.68 14.55 13.48 13.68 13.37 13.37 13.48 13.34 11.67 11.48 11.13 10.77 10.47 10.26 10.03
4.27 3.91 3.99 3.77 3.23 2.56 2.17 1.77 1.17 1.41 1.86 2.01 2.22 2.64 3.10 3.44 3.58 4.03 4.50 5.15 5.50 5.94 6.48 6.66 6.79 7.80 8.84 10.65 8.26 8.58 9.18 9.42 9.60 9.32 8.04 6.46 6.17 7.17 7.20 6.20 5.02 4.33 6.12 9.21 9.93 8.59 7.53 7.40 6.55 3.72 1.95 3.21 6.28 10.11 12.19 14.91 10.91 10.78 10.85 11.02 13.97 13.79 14.18 13.30 13.37 13.46 13.47 13.72 13.32 13.15 12.86 12.50 12.40 12.67 11.27 11.04 13.11 12.62 10.24 10.02
4.54 4.36 4.30 3.89 3.32 2.85 2.40 1.99 1.37 0.85 1.45 1.39 1.59 2.23 2.78 2.99 3.18 3.80 4.18 4.49 4.61 5.25 6.07 6.25 6.42 7.22 7.80 8.67 7.46 8.09 9.41 12.14 12.36 9.82 7.92 6.87 6.95 7.81 8.03 8.00 5.61 5.31 7.68 10.00 10.54 9.37 7.66 6.47 5.37 3.70 2.72 3.52 6.02 10.11 14.16 15.23 13.84 10.76 10.84 13.58 14.29 14.55 13.26 13.40 10.79 13.76 14.35 14.29 13.62 13.68 13.31 12.67 12.24 12.14 12.39 10.87 10.65 10.37 10.06 9.90
