examples/cougarCreek-fire/createInputs/WindNinja/wrfout_d3.2015081200.f14/cougarCreekFire_08-12-2015_1400_217m_non_neutral_stability_vel.asc
ncols	146
nrows	140
xllcorner	610065.000000
yllcorner	5095217.000000
cellsize	216.586807
NODATA_value	-9999.000000
[rows 0 to 35 of 140, columns 0 to 79 of 146]
10.53 13.29 15.92 15.41 14.37 12.70 11.77 12.84 14.75 16.35 17.19 17.30 16.35 15.06 14.77 15.27 13.88 11.59 10.84 13.43 17.66 19.31 19.14 18.05 16.11 14.59 13.93 13.73 13.68 13.76 13.51 12.47 11.38 11.37 11.86 12.32 12.43 14.97 12.27 10.89 11.73 11.51 9.94 10.86 10.76 10.69 8.96 8.67 8.45 8.11 7.66 7.15 6.80 6.39 6.05 5.69 5.21 4.66 4.27 3.92 3.52 3.11 2.75 2.43 2.17 1.98 1.89 1.99 2.31 2.66 2.89 3.07 3.28 3.42 3.70 3.99 3.82 4.29 5.18 6.03
10.53 13.29 15.92 15.41 14.37 12.70 11.77 12.84 14.75 16.35 17.19 17.30 16.35 15.06 14.77 15.27 13.88 11.59 10.84 13.43 17.66 19.31 19.14 18.05 16.11 14.59 13.93 13.73 13.68 13.76 13.51 12.47 11.38 11.37 11.86 12.32 12.43 14.97 12.27 10.89 11.73 11.51 9.94 10.86 10.76 10.69 8.96 8.67 8.45 8.11 7.66 7.15 6.80 6.39 6.05 5.69 5.21 4.66 4.27 3.92 3.52 3.11 2.75 2.43 2.17 1.98 1.89 1.99 2.31 2.66 2.89 3.07 3.28 3.42 3.70 3.99 3.82 4.29 5.18 6.03
7.86 10.78 15.28 16.70 15.58 12.78 10.77 11.18 12.84 14.75 16.50 17.77 17.60 16.37 16.23 16.54 13.92 10.63 8.52 8.79 13.05 16.75 18.38 18.69 17.39 15.54 14.58 14.35 14.28 14.24 13.70 12.14 10.76 10.88 11.45 12.14 12.67 12.52 11.74 11.17 10.85 10.44 10.07 9.88 9.76 9.49 8.92 8.63 8.48 8.10 7.71 7.26 6.96 6.57 6.27 5.85 5.28 4.75 4.41 4.03 3.61 3.22 2.89 2.61 2.35 2.18 2.15 2.26 2.53 2.85 3.09 3.25 3.46 3.60 3.90 4.20 3.68 3.63 4.87 6.62
5.10 7.44 13.63 17.90 17.15 13.32 9.63 8.77 9.88 11.83 14.72 18.16 19.85 19.12 18.89 18.42 14.46 9.53 6.38 4.80 6.74 11.74 16.23 19.12 19.41 17.53 15.88 15.33 15.23 14.93 14.02 11.81 10.16 10.56 11.35 12.14 12.90 13.10 12.35 11.63 11.15 10.71 10.39 10.10 9.91 9.59 8.91 8.67 8.61 8.27 7.94 7.50 7.22 6.91 6.67 6.13 5.53 5.11 4.81 4.44 4.07 3.74 3.47 3.24 3.03 2.94 3.00 3.10 3.22 3.39 3.58 3.75 3.94 4.10 4.42 4.75 3.91 3.20 4.62 7.47
5.37 6.60 12.20 17.18 17.34 14.24 9.89 7.97 8.33 9.70 12.40 17.00 21.01 21.71 21.05 20.02 15.56 9.21 5.91 4.44 4.26 8.09 13.68 18.38 20.39 19.38 17.18 16.33 16.19 15.54 14.41 12.09 10.75 11.34 11.94 12.27 12.73 13.08 12.78 12.08 11.40 11.07 10.79 10.32 10.02 9.69 9.15 8.96 8.97 8.68 8.19 7.69 7.43 8.52 6.84 6.33 5.91 5.59 5.23 4.90 4.58 4.24 3.96 3.71 3.55 3.53 3.57 3.58 3.66 3.81 3.98 4.17 4.37 4.54 4.86 5.24 4.51 3.64 4.84 7.75
6.54 7.14 11.28 15.54 16.52 14.68 10.53 8.12 8.09 8.78 10.56 14.78 20.49 23.25 22.79 21.42 16.59 9.80 6.06 4.07 3.55 6.00 10.79 16.67 20.92 20.83 18.45 17.58 17.26 16.35 14.80 12.57 11.82 12.30 12.28 12.25 12.54 12.92 12.91 12.36 11.72 11.46 11.11 10.52 10.16 9.92 9.56 9.36 9.29 10.01 9.57 8.93 7.58 7.29 7.02 6.75 6.42 6.03 5.59 5.17 4.77 4.42 4.10 3.82 3.71 3.70 3.24 3.68 3.77 3.97 4.16 4.33 4.52 4.73 5.06 5.41 4.73 4.14 5.35 7.94
9.25 8.77 10.52 13.47 14.93 14.38 10.89 8.33 8.53 9.07 9.82 12.82 18.80 23.36 24.25 22.53 17.61 10.51 5.81 4.87 4.13 5.04 8.48 14.78 21.02 22.28 20.04 18.92 18.31 17.49 14.90 13.19 13.07 13.01 12.28 12.20 12.53 12.81 12.87 12.66 12.23 11.78 11.75 10.73 10.46 10.62 10.52 10.47 10.59 10.09 11.69 7.88 8.90 7.46 7.38 7.24 6.79 6.26 5.74 5.24 4.80 4.99 4.66 3.82 3.74 3.28 3.65 3.70 3.81 3.97 4.14 4.33 4.51 4.78 5.15 5.59 4.98 4.36 5.71 7.91
12.75 11.36 10.44 11.37 13.06 13.40 10.86 8.38 8.76 9.72 9.71 11.54 16.85 22.41 25.18 23.43 18.85 11.11 4.68 4.84 6.23 5.65 7.60 14.23 20.56 22.89 21.91 20.05 19.27 18.28 15.21 14.01 14.12 13.26 12.21 12.24 12.58 12.70 12.59 12.46 12.41 12.32 11.80 11.31 11.22 11.31 11.08 10.71 10.38 12.03 9.50 8.89 7.87 7.70 7.68 7.44 6.88 6.30 5.74 5.21 5.19 4.85 3.93 3.77 3.65 3.34 3.55 3.64 3.75 3.89 4.06 4.31 4.56 4.84 5.22 5.76 5.11 4.59 6.12 7.80
15.38 13.72 10.85 10.08 11.31 11.89 10.61 8.95 9.00 9.84 9.96 11.01 15.10 20.75 24.82 24.04 20.17 11.97 3.93 3.41 7.86 6.24 7.27 13.88 20.32 23.32 23.16 21.37 20.08 18.67 16.24 14.95 14.82 13.25 12.23 12.17 12.54 12.48 12.27 12.44 12.72 12.49 11.88 11.63 11.69 11.19 10.67 10.26 9.81 9.50 9.16 9.28 9.20 8.56 8.42 7.46 6.92 6.28 6.34 5.04 4.72 4.09 3.86 3.67 3.28 3.14 3.39 2.21 3.58 3.74 3.91 4.19 4.55 4.89 5.26 5.52 4.95 4.98 6.67 8.01
16.88 15.15 11.80 10.11 10.06 10.08 9.76 9.67 9.79 10.01 10.37 11.00 13.76 19.35 24.27 24.98 21.36 12.55 3.95 2.43 5.45 8.11 6.84 12.61 20.48 23.94 23.94 22.70 20.57 19.40 17.09 15.43 15.01 13.48 12.33 12.38 12.59 12.35 12.29 12.74 13.09 12.75 12.17 12.17 12.07 11.18 10.32 9.92 9.82 9.67 9.80 9.51 9.21 8.39 7.73 7.56 6.97 6.21 5.97 4.83 4.34 4.03 3.77 3.57 3.13 2.46 2.09 1.77 3.43 3.64 3.87 4.15 4.51 4.99 5.44 4.97 4.45 5.23 6.75 7.68
17.64 15.93 12.98 10.92 9.56 8.37 8.29 9.81 11.05 10.84 10.77 11.37 13.16 18.26 23.39 25.27 22.77 13.37 5.39 4.39 5.64 7.89 6.27 10.34 19.84 25.30 26.71 24.74 21.47 20.40 17.69 15.86 15.41 13.76 12.56 12.53 12.63 12.50 12.50 12.84 13.22 13.01 12.71 14.75 14.78 13.27 10.54 10.26 10.16 12.16 12.16 11.31 8.20 7.73 7.96 7.77 6.99 6.35 5.35 4.73 4.31 3.41 3.95 3.59 2.58 2.14 2.19 1.95 3.28 3.49 3.73 4.04 4.43 5.03 5.58 4.70 3.90 5.22 6.75 7.10
16.52 15.85 14.21 12.42 10.14 7.54 6.87 9.21 11.87 11.89 11.45 12.12 13.49 17.65 22.48 25.26 23.74 16.01 8.39 5.92 5.91 8.31 7.88 8.48 17.81 25.24 28.10 24.50 23.17 21.19 17.96 16.43 15.50 13.81 12.73 12.84 13.06 12.82 12.18 12.21 13.11 15.18 14.86 14.55 14.53 13.55 10.63 10.43 12.28 12.41 11.51 8.66 7.78 8.02 8.09 8.19 7.25 6.28 5.17 4.67 4.23 4.23 3.97 3.23 2.69 2.78 2.79 2.90 3.06 3.28 3.53 3.91 4.33 4.92 5.44 4.72 3.96 5.20 6.55 6.84
14.87 14.73 14.42 13.88 11.67 7.96 6.03 7.65 11.03 13.10 12.99 12.79 14.09 17.49 21.97 25.30 24.66 18.91 11.61 6.38 5.75 7.00 8.29 8.59 16.27 25.44 27.92 24.55 24.38 23.91 18.45 16.77 15.35 13.99 13.11 13.47 13.82 12.66 10.80 11.26 14.49 16.99 15.97 15.13 14.56 12.78 10.49 12.19 12.29 9.65 8.99 8.31 8.02 8.39 8.67 8.40 7.32 6.41 5.38 4.12 4.73 4.53 3.84 2.79 2.59 2.50 2.52 2.64 2.85 3.07 3.32 3.75 4.22 4.69 5.04 4.81 4.59 5.43 6.36 6.78
13.33 13.34 13.57 13.88 12.67 9.31 8.47 6.06 8.48 12.33 14.66 14.30 14.76 17.77 22.32 26.02 25.91 21.19 14.71 9.53 7.09 7.63 8.25 9.59 16.08 24.25 26.78 25.27 25.65 24.95 21.47 16.76 14.96 13.82 12.83 13.63 13.52 10.89 9.00 11.07 16.77 19.74 17.57 15.96 13.90 10.70 10.69 12.53 11.97 9.25 8.68 8.29 8.09 8.36 9.00 8.45 7.67 6.90 5.92 5.27 5.10 4.60 2.81 2.51 2.33 2.26 2.33 2.48 2.71 2.94 3.16 3.57 4.08 4.43 4.61 4.78 5.15 5.77 6.41 7.03
11.95 12.35 13.03 13.05 12.64 10.88 7.10 16.74 5.98 8.95 13.33 15.55 15.87 17.84 23.21 28.18 27.50 23.44 17.94 12.88 10.27 10.41 10.85 12.32 16.77 22.84 25.41 25.62 26.14 25.29 21.77 16.61 14.85 14.09 13.42 13.91 12.94 9.62 8.19 11.88 20.92 21.25 17.88 15.54 12.89 11.97 12.53 13.39 12.98 10.96 8.48 8.53 8.58 8.69 8.88 8.04 9.03 6.85 5.80 5.18 3.54 3.00 2.58 2.29 2.06 0.89 0.45 0.46 2.64 2.90 1.99 3.44 3.90 4.23 4.40 4.77 5.42 6.04 6.66 7.44
10.23 11.65 13.05 12.24 12.15 11.86 8.39 5.30 4.58 9.06 12.52 15.98 17.02 16.29 21.33 27.99 31.26 28.70 22.70 18.48 15.41 14.72 16.73 16.56 17.19 21.01 23.88 25.84 26.51 25.34 20.48 16.36 15.60 14.56 13.82 13.22 11.16 8.36 8.96 12.66 21.02 20.76 18.27 15.85 13.65 13.67 14.34 13.96 12.77 10.04 8.45 8.98 10.40 10.19 8.60 8.04 9.59 6.62 6.62 4.80 4.33 3.60 2.50 1.73 0.89 0.37 0.51 2.30 2.58 2.85 3.08 3.40 3.77 4.16 4.43 4.80 5.48 6.26 6.99 7.80
8.31 10.58 13.01 11.74 11.01 11.30 9.62 7.22 4.94 5.36 6.98 11.85 14.12 14.47 17.47 23.57 29.29 29.61 27.26 25.04 21.89 20.58 22.84 21.08 17.70 19.80 23.30 26.23 27.42 24.70 18.99 16.66 16.26 15.00 13.99 12.29 9.07 8.12 10.22 15.82 19.60 19.85 18.74 17.01 15.39 15.27 14.62 13.46 11.56 9.72 8.88 11.39 11.71 11.06 9.88 8.65 7.58 7.73 5.56 4.72 4.09 2.98 2.02 1.63 0.81 0.87 1.89 0.55 2.44 2.77 3.01 3.33 3.69 4.13 4.52 4.87 5.47 6.34 7.26 8.06
7.40 9.38 12.35 12.23 10.36 9.30 9.29 8.94 6.51 4.05 4.83 9.71 13.35 12.24 13.60 17.52 23.75 27.07 26.63 26.57 25.38 24.62 27.50 26.26 21.21 21.21 24.30 26.80 26.48 22.63 18.69 17.51 16.37 15.08 13.83 10.28 7.43 7.89 12.73 18.27 20.05 19.61 18.44 17.10 16.14 15.21 14.37 12.89 11.17 10.71 11.82 12.11 11.76 10.63 10.69 8.73 7.31 6.86 5.74 4.65 3.56 2.85 2.42 2.10 1.51 1.51 1.63 1.23 1.44 2.62 2.88 3.24 3.62 4.06 4.57 4.99 5.51 6.34 7.40 8.26
8.03 8.55 10.58 12.39 10.50 7.76 7.85 9.12 7.48 13.57 3.78 8.16 12.31 12.44 20.17 14.70 17.97 20.97 21.77 23.26 25.09 25.39 28.67 30.26 26.88 25.38 27.15 27.60 25.25 22.25 19.76 18.76 16.92 14.11 11.78 8.16 6.52 8.57 14.26 19.21 20.13 19.54 18.72 18.01 16.16 14.75 14.12 12.83 11.19 12.16 12.25 11.97 11.08 8.50 10.91 10.55 6.63 5.77 7.24 4.31 3.22 4.43 2.74 2.20 1.34 1.76 1.60 1.89 2.09 2.46 2.77 3.17 3.56 4.00 4.60 5.12 5.65 6.44 7.50 8.45
10.10 8.76 8.76 11.03 9.96 7.28 6.96 8.87 8.33 10.84 3.87 7.52 10.35 12.19 13.57 14.85 15.64 24.45 18.54 21.18 24.13 23.24 26.75 32.04 32.66 32.37 31.46 28.82 25.44 23.02 21.51 20.29 18.67 11.53 8.66 8.36 7.45 9.91 15.01 20.15 20.78 20.44 19.65 18.12 16.37 15.14 14.25 13.28 12.75 12.74 12.22 11.19 9.10 10.18 10.92 8.87 7.54 5.96 6.78 5.64 3.50 3.44 2.86 2.03 1.75 1.09 1.24 1.54 1.94 2.34 2.69 3.13 3.51 3.96 4.65 5.20 5.75 6.61 7.66 8.71
11.87 9.86 8.30 9.50 9.11 7.19 6.72 8.48 9.34 10.94 15.20 15.16 14.63 11.00 14.42 17.46 17.92 18.58 23.19 21.75 24.64 23.66 23.89 31.76 36.10 36.86 35.94 30.48 26.76 24.31 23.27 22.23 15.77 7.28 6.10 9.46 8.75 11.46 15.56 21.85 22.57 21.96 19.91 17.89 16.24 15.37 14.48 13.92 8.83 12.00 11.84 10.52 9.72 11.62 9.31 7.29 6.77 8.08 7.42 5.79 5.03 5.18 2.49 1.78 1.01 0.91 1.10 1.43 1.82 2.25 2.64 3.11 3.50 3.99 4.69 5.24 5.81 6.78 7.92 9.04
10.86 10.32 9.43 9.59 9.54 8.22 8.31 9.89 14.23 10.26 14.24 16.52 12.16 12.96 10.05 15.70 18.62 20.30 23.86 27.53 24.83 23.21 23.34 31.72 38.95 41.14 38.95 32.73 28.81 25.96 24.55 24.34 14.00 5.13 5.33 10.41 10.33 12.88 17.04 23.27 23.70 20.00 20.12 18.07 16.12 15.24 14.59 14.10 12.37 10.50 11.24 9.99 11.07 9.98 7.88 8.40 8.99 8.86 7.72 5.37 5.47 5.32 4.37 1.31 1.91 1.52 1.10 0.60 1.74 2.18 2.61 3.12 3.52 4.04 4.70 5.26 5.91 6.97 8.12 9.29
8.35 8.64 9.27 10.97 11.86 11.21 16.67 12.03 16.33 13.61 13.77 16.07 12.98 8.79 15.98 10.57 14.57 18.59 27.55 30.39 29.50 26.17 24.78 29.67 41.42 47.20 42.86 35.79 31.88 27.86 25.37 21.28 13.53 5.77 7.11 10.68 10.70 14.06 18.55 24.14 20.85 18.94 17.57 17.59 16.05 15.42 15.02 13.71 11.40 9.96 9.80 8.99 9.70 8.04 8.37 10.39 9.40 8.85 7.45 5.61 6.13 5.51 2.89 2.66 2.22 1.62 1.04 1.28 1.69 2.13 2.63 3.16 3.57 4.09 4.68 5.31 6.08 7.15 8.25 9.41
6.80 6.95 7.90 10.24 12.73 13.55 13.15 17.83 13.01 14.73 12.91 16.63 16.95 11.76 12.72 17.15 20.17 23.79 27.74 28.41 27.46 26.31 24.39 23.66 38.06 52.34 49.58 39.16 33.93 28.22 24.74 20.93 14.81 8.50 8.79 10.20 11.88 14.31 19.17 24.55 22.81 18.23 17.23 17.52 16.40 15.38 14.49 13.21 10.87 10.43 8.54 8.19 9.14 8.68 9.75 11.12 9.57 8.96 7.96 6.88 6.75 3.69 2.85 1.12 1.99 1.54 1.19 1.27 1.68 2.17 2.69 3.17 3.61 4.12 4.70 5.38 6.31 7.33 8.39 9.55
5.52 6.45 7.66 10.88 10.89 13.61 13.67 18.80 13.36 15.04 12.03 14.95 16.97 13.31 13.07 15.61 18.56 21.47 24.37 27.70 29.03 26.53 23.92 22.98 33.75 54.96 56.84 42.03 32.90 27.55 24.96 21.09 15.73 11.04 9.16 9.80 12.62 15.24 20.54 24.49 21.81 19.33 18.90 12.41 16.55 15.16 14.52 13.51 12.03 10.88 7.55 8.08 9.82 10.39 11.37 11.77 10.83 9.88 8.63 7.38 6.85 3.68 4.19 4.06 1.97 1.74 1.49 1.50 1.74 1.65 2.73 3.18 3.67 4.19 4.78 5.52 6.56 7.59 8.69 9.78
4.70 7.77 9.04 16.23 15.60 17.63 18.83 19.13 20.55 17.60 12.88 13.16 16.43 16.76 14.38 14.69 17.64 20.63 22.44 25.58 29.40 27.87 24.82 23.57 33.00 57.42 63.08 43.37 30.21 29.66 27.95 20.88 16.80 16.54 10.09 10.67 12.36 16.76 22.38 21.82 18.22 19.08 18.51 17.02 16.19 11.20 15.29 9.38 11.98 9.83 7.60 7.98 10.99 10.91 12.10 12.35 11.80 5.94 8.79 7.57 6.82 3.58 4.45 4.47 2.32 1.81 1.72 1.52 1.10 0.81 1.04 3.24 3.74 4.28 4.88 5.70 6.76 7.92 9.03 10.09
4.58 6.03 7.64 16.97 14.03 13.83 18.85 19.71 21.97 19.05 15.36 14.61 15.62 18.18 14.96 13.34 16.07 20.00 21.11 24.07 28.04 27.20 24.77 26.88 34.95 60.88 68.80 43.20 27.90 32.38 30.03 23.08 20.53 16.04 11.74 12.83 15.00 18.43 21.33 21.47 19.86 18.40 17.96 16.91 16.09 15.35 14.37 13.31 11.33 8.75 7.07 8.71 10.93 11.05 12.08 12.53 11.97 10.28 8.58 7.53 6.79 3.61 2.90 4.72 4.50 3.97 1.49 1.28 0.95 0.79 1.06 3.29 3.81 4.39 5.06 5.93 6.97 8.21 9.39 10.67
4.48 11.47 13.01 14.39 14.95 16.14 17.02 19.49 20.71 20.71 17.72 18.02 14.08 15.77 16.67 16.73 17.54 20.16 20.26 22.97 26.59 25.58 22.31 24.11 32.55 58.81 73.47 51.57 30.36 34.15 28.85 22.04 19.75 15.65 14.09 14.31 17.79 20.50 20.21 20.00 19.28 17.84 17.66 17.38 16.38 15.38 14.47 13.48 11.84 7.40 6.09 9.25 11.78 10.35 12.14 13.20 12.16 10.05 8.57 7.83 7.28 6.45 5.66 4.85 4.32 3.60 1.22 1.36 1.62 1.95 2.18 3.38 3.91 4.51 5.22 6.04 7.11 8.41 9.83 11.29
10.38 9.23 9.85 11.61 13.88 16.09 14.97 16.24 19.02 20.78 16.62 17.85 10.10 17.00 15.84 17.23 17.59 19.39 19.40 22.24 25.39 24.25 20.34 20.62 26.19 46.62 70.62 67.62 44.02 35.64 26.80 20.45 19.64 17.94 18.20 19.00 20.78 20.36 19.39 19.54 19.07 18.49 18.56 18.67 17.61 11.67 10.86 9.46 10.89 5.61 4.98 10.05 12.46 10.60 14.39 14.13 12.43 10.70 9.57 8.36 7.35 6.67 5.75 5.09 4.44 3.70 1.32 1.09 1.38 1.81 2.12 3.46 3.97 4.61 5.33 6.19 7.43 8.84 10.33 11.94
9.81 11.02 8.09 10.49 12.66 13.70 16.23 15.85 17.57 18.47 19.79 16.80 14.22 10.36 13.03 14.72 15.83 17.78 18.73 21.18 24.89 24.02 21.40 17.55 19.47 29.19 52.50 68.16 59.53 37.84 24.58 19.80 20.30 20.29 20.15 20.88 20.39 18.90 19.57 19.81 19.40 19.46 16.57 13.13 12.36 12.23 10.78 11.87 7.09 4.51 4.29 9.75 13.04 13.62 16.04 14.56 12.87 11.28 9.91 8.62 7.54 6.83 6.10 5.47 4.75 2.25 1.90 1.62 1.48 1.47 1.86 3.52 4.08 4.74 5.51 6.42 7.79 9.30 10.67 12.63
3.61 7.81 10.56 11.34 11.17 13.59 14.36 17.83 17.52 16.38 15.98 17.43 16.84 7.21 10.29 12.64 16.58 17.06 17.47 20.28 22.87 22.20 18.84 16.88 19.46 21.73 40.76 61.77 62.46 39.50 22.98 22.48 22.43 21.91 22.06 22.05 19.75 17.79 20.55 18.38 16.30 16.47 13.75 13.17 12.94 13.24 14.59 7.27 5.57 3.78 3.66 8.42 15.41 17.21 16.33 14.92 12.96 11.47 10.07 8.83 7.79 6.96 6.14 5.37 4.83 2.67 2.64 2.62 2.66 2.92 3.37 3.66 4.30 4.95 5.80 6.75 8.13 9.58 11.08 13.50
4.43 3.93 8.62 8.48 8.50 11.39 14.42 16.45 16.60 18.52 19.43 15.72 15.40 14.74 10.17 11.59 13.37 18.85 18.47 21.21 23.73 21.27 20.24 14.22 20.30 27.02 35.96 56.70 59.72 37.86 24.37 25.00 23.53 23.13 23.08 20.19 19.10 18.20 19.40 15.99 16.52 16.80 13.70 13.40 13.59 14.23 11.47 6.37 3.66 2.72 3.37 7.36 16.32 18.34 16.19 14.48 13.62 11.95 10.46 9.11 8.14 7.03 6.17 5.45 4.92 4.46 2.50 2.36 2.31 2.45 2.63 2.59 2.70 5.14 6.02 7.02 8.32 9.86 11.89 14.14
5.12 4.25 4.85 10.87 11.86 14.54 15.15 14.21 17.62 13.92 15.84 16.68 17.66 13.46 10.07 13.53 13.44 16.65 19.01 23.72 24.64 24.15 24.07 24.36 25.26 27.22 31.94 48.96 54.01 38.06 25.59 25.48 23.49 22.53 22.89 20.99 19.15 20.71 19.03 19.69 16.69 14.05 13.66 13.70 14.10 15.01 11.67 5.42 2.35 1.35 3.37 6.97 13.76 17.96 16.64 16.23 15.70 13.20 10.94 9.47 8.52 7.52 6.43 5.55 4.63 1.92 3.21 2.46 2.52 3.20 3.57 2.02 2.59 5.26 6.19 7.35 8.72 10.37 12.51 14.25
4.27 3.48 5.67 4.45 9.61 11.76 14.97 17.31 16.76 16.49 18.55 14.71 10.79 9.46 14.49 14.48 11.59 16.35 18.99 22.29 24.83 26.11 25.08 26.24 32.85 36.87 36.94 43.19 48.18 35.99 27.60 26.44 23.04 22.17 21.70 21.09 20.54 20.50 18.98 18.63 16.56 13.78 13.75 13.91 14.38 19.06 11.57 4.85 2.61 2.21 3.24 6.54 9.56 17.03 18.98 19.54 17.15 13.69 11.21 5.98 8.51 7.70 6.69 2.37 2.16 2.72 2.39 2.21 2.07 2.30 3.34 4.16 4.80 5.57 6.58 7.71 8.97 10.66 12.82 14.50
7.66 6.62 5.13 4.69 2.16 12.32 13.45 14.89 16.12 16.15 18.12 15.81 17.80 14.40 7.36 15.40 13.07 12.51 16.37 16.28 18.38 16.16 22.61 25.25 35.39 40.35 37.88 43.00 45.45 33.25 28.34 25.77 23.82 22.02 21.50 21.33 21.30 20.50 20.39 19.85 20.38 18.48 19.70 19.63 19.92 19.04 15.13 5.43 2.17 2.96 4.37 5.82 8.32 10.34 13.69 16.99 17.44 14.63 11.78 9.24 7.80 7.00 4.10 6.10 5.34 3.36 3.25 3.53 4.33 3.58 4.08 4.58 5.42 4.90 6.97 7.90 9.29 11.07 13.10 14.72
10.31 9.05 10.09 11.53 1.26 3.48 15.55 16.36 16.28 16.89 15.12 15.63 14.26 13.11 14.42 5.97 5.92 5.22 5.16 15.57 21.70 23.23 23.52 27.09 34.13 34.96 36.52 44.78 43.87 33.97 27.23 26.59 24.46 21.85 21.50 21.30 20.97 19.58 18.12 17.92 16.34 16.59 13.56 13.96 14.41 14.01 16.65 11.05 4.05 4.20 5.03 5.50 7.13 8.84 9.50 12.71 15.63 14.42 12.01 9.68 8.20 7.93 7.27 6.69 6.11 4.18 4.41 3.50 4.05 4.45 4.57 5.60 5.13 4.55 6.98 8.09 9.50 11.19 13.33 14.32
