examples/cougarCreek/createInputs/WindNinja/wrfout_d3.2015081200.f13/cougarCreek_08-12-2015_1300_217m_non_neutral_stability_ang.asc
ncols	146
nrows	140
xllcorner	610065.000000
yllcorner	5095217.000000
cellsize	216.586807
NODATA_value	-9999.000000
[rows 0 to 47 of 140, columns 0 to 95 of 146]
72 47 54 64 75 47 41 41 45 49 54 60 66 68 71 61 65 54 35 30 30 38 53 70 81 83 82 81 82 87 88 91 60 53 49 48 52 58 60 57 57 56 56 59 64 68 66 59 49 11 27 339 14 5 11 11 2 351 7 5 5 351 359 358 358 343 353 351 352 353 356 357 352 345 343 346 348 346 347 348 347 347 347 348 348 347 344 340 340 341 338 330 330 315 316 313
72 47 54 64 75 47 41 41 45 49 54 60 66 68 71 61 65 54 35 30 30 38 53 70 81 83 82 81 82 87 88 91 60 53 49 48 52 58 60 57 57 56 56 59 64 68 66 59 49 11 27 339 14 5 11 11 2 351 7 5 5 351 359 358 358 343 353 351 352 353 356 357 352 345 343 346 348 346 347 348 347 347 347 348 348 347 344 340 340 341 338 330 330 315 316 313
103 70 67 88 109 84 58 42 72 87 95 107 63 84 106 100 98 61 52 33 35 45 58 68 73 74 124 122 88 89 89 122 72 69 49 47 95 63 49 48 32 337 112 124 358 41 289 270 307 305 318 335 351 3 10 11 3 351 5 360 344 344 346 340 339 334 350 348 338 354 358 358 337 344 341 331 330 349 349 349 348 347 347 348 348 348 346 343 342 344 341 331 327 310 305 305
113 85 74 100 106 93 90 77 75 62 89 98 72 75 114 101 103 89 81 58 44 54 68 65 66 77 132 120 82 82 144 132 107 106 98 85 85 84 77 111 67 43 58 59 58 348 285 323 301 306 321 337 346 358 9 12 3 3 359 351 347 346 348 343 343 346 347 340 341 356 345 343 347 342 342 335 338 354 351 349 347 346 347 348 349 350 349 348 349 351 350 341 333 329 329 312
44 98 74 96 105 94 71 81 50 52 84 90 61 60 75 114 110 87 89 84 60 57 61 91 65 68 80 126 124 130 132 133 113 107 112 96 87 93 63 40 14 37 32 30 32 351 325 333 326 327 325 334 342 358 360 360 349 3 354 356 351 342 345 343 345 349 340 349 354 345 344 349 345 343 335 343 359 356 349 346 345 346 348 349 350 351 351 351 353 356 353 349 344 340 339 338
112 90 71 91 101 105 100 96 91 84 80 85 73 60 70 74 119 86 84 67 66 59 62 89 97 67 75 124 123 130 141 160 118 117 119 97 94 94 83 27 4 38 6 5 20 350 336 334 328 330 333 336 343 357 354 351 355 356 354 350 345 343 344 341 350 341 338 344 342 346 349 342 340 346 351 358 346 353 346 343 341 343 347 349 351 352 351 352 355 356 354 351 349 349 349 344
131 96 74 73 95 100 98 71 90 94 86 82 89 60 57 70 128 100 67 65 68 68 67 70 99 65 127 113 121 133 141 143 126 127 120 96 98 103 66 46 35 349 332 340 354 349 324 321 4 352 351 349 339 343 351 353 351 350 346 344 343 345 343 345 346 339 340 341 342 348 339 339 349 349 353 340 355 348 342 339 338 341 345 348 351 352 352 354 356 355 353 352 352 354 355 351
121 114 104 96 95 105 105 93 87 63 88 84 89 75 70 65 116 114 102 66 69 69 67 69 96 67 72 128 119 76 156 135 121 164 130 100 115 117 102 68 59 354 318 344 332 319 325 351 345 344 320 325 336 346 348 345 346 346 342 343 344 341 337 347 336 338 341 340 342 338 347 351 339 336 350 343 351 345 339 337 338 341 345 347 350 352 353 355 356 355 354 354 353 354 355 354
125 112 105 98 92 100 105 104 99 96 97 67 66 97 63 61 78 121 106 66 71 72 62 64 98 72 77 132 121 130 156 140 156 177 135 112 136 135 116 107 116 3 340 332 13 309 308 322 306 312 313 321 336 344 348 344 342 341 340 342 340 340 340 338 337 339 339 338 339 338 349 335 344 347 338 339 350 341 338 338 340 342 345 347 349 351 353 355 356 356 355 355 354 353 353 352
129 115 105 98 90 92 93 99 101 99 100 98 93 96 109 77 82 83 121 73 74 78 71 66 72 108 78 132 134 132 158 154 159 163 138 120 138 133 106 109 184 286 296 356 324 360 311 302 313 312 316 329 333 338 336 338 336 336 336 335 339 344 335 336 337 337 336 336 337 338 340 349 347 339 339 355 348 340 339 343 345 346 347 347 348 350 354 355 355 356 356 355 354 353 352 350
48 130 124 106 99 90 86 92 95 97 100 100 99 95 74 76 78 86 129 105 81 101 79 71 71 104 77 125 128 127 167 154 153 171 140 127 136 126 115 146 223 256 3 302 321 1 310 309 305 318 338 326 320 334 338 335 334 335 333 339 340 334 334 336 337 338 338 338 339 340 341 343 340 343 344 353 345 340 343 348 351 351 350 348 348 350 353 355 354 355 355 354 353 353 352 351
41 121 125 121 114 103 91 90 97 101 101 103 106 102 103 106 71 86 121 116 85 107 87 78 76 93 79 134 132 135 171 162 178 172 146 134 129 128 143 147 183 17 261 355 357 359 307 299 306 312 306 308 320 332 335 334 335 335 335 341 335 333 336 336 336 337 347 348 348 350 342 341 347 341 351 348 342 342 348 354 356 355 353 351 350 351 353 354 354 353 352 351 351 354 355 352
96 87 93 102 112 106 97 87 87 96 98 99 103 111 82 82 80 130 113 118 108 112 117 91 84 83 82 121 126 83 173 165 171 48 149 140 142 143 133 38 161 19 350 280 346 306 292 306 305 304 296 296 318 330 330 331 335 335 335 337 337 344 336 337 346 346 346 346 346 346 346 345 341 341 349 345 342 345 353 358 339 359 355 353 352 353 354 353 353 352 350 347 348 354 356 352
27 37 62 85 98 101 99 79 71 69 86 94 97 104 79 83 83 131 126 118 112 111 120 114 92 88 121 131 126 89 172 183 160 162 145 135 152 158 23 40 145 24 338 334 294 278 290 302 306 300 297 300 316 325 329 332 332 334 334 332 337 343 345 335 332 331 328 326 325 328 340 341 344 347 347 343 344 350 358 2 3 2 359 356 355 355 354 353 351 350 348 344 346 354 355 352
32 57 69 79 85 92 100 98 85 73 71 83 88 89 99 68 73 81 131 125 125 118 125 130 97 92 121 124 134 95 192 182 155 157 146 137 158 160 34 62 61 16 326 285 268 280 289 311 309 300 297 304 315 324 327 330 331 331 331 329 329 328 327 329 327 325 326 326 326 335 334 332 343 340 345 344 347 354 1 3 4 3 1 359 358 357 355 353 351 348 343 340 344 352 352 353
67 74 83 85 86 94 104 105 102 86 74 84 92 87 83 90 65 66 119 115 120 118 123 137 125 114 121 130 137 98 186 165 162 88 152 157 154 43 64 79 247 356 318 278 268 279 302 307 305 288 296 303 316 328 331 333 334 331 328 327 324 321 321 321 325 327 327 330 334 328 330 341 341 342 343 345 350 357 335 3 4 4 3 2 1 359 356 353 351 346 338 332 337 348 350 357
69 73 80 91 89 87 95 100 104 101 89 88 101 103 87 70 64 92 98 103 110 112 118 98 135 120 125 124 99 162 176 158 165 170 162 167 48 59 73 177 61 325 305 300 274 285 295 298 292 284 288 302 317 325 328 335 335 336 324 324 325 322 323 324 326 328 328 332 329 335 341 344 339 339 342 346 351 358 4 4 6 7 6 5 4 1 356 353 351 345 335 327 328 339 336 1
78 75 77 88 92 85 84 93 102 105 95 86 90 93 87 76 71 67 85 74 95 98 101 85 136 122 128 124 100 163 168 165 169 165 176 169 79 82 85 191 61 302 294 269 273 279 288 286 287 284 294 306 312 317 328 329 325 333 324 318 320 321 323 322 322 327 330 332 336 341 337 330 327 326 325 326 351 358 5 8 351 10 10 9 7 2 356 353 351 345 335 326 328 338 315 335
98 90 88 91 101 100 92 96 105 110 102 90 83 85 94 95 90 90 93 89 94 101 93 105 119 124 125 119 133 161 168 171 172 149 181 167 153 120 162 191 217 242 290 295 273 270 276 282 282 293 298 301 296 306 320 319 318 318 319 322 320 319 319 321 322 325 328 336 334 331 330 332 329 333 329 329 338 360 5 11 14 13 13 12 8 3 357 354 351 344 334 327 330 342 352 320
110 102 93 92 99 101 94 92 99 105 99 93 86 86 99 103 106 99 101 95 93 102 89 98 103 115 94 115 143 158 169 175 186 202 189 178 162 149 163 193 217 243 286 287 271 270 273 276 289 298 299 287 309 296 314 320 318 318 321 322 319 319 316 318 317 320 320 319 323 326 330 331 328 342 344 333 334 329 330 346 14 15 15 13 9 5 1 356 350 342 333 328 331 341 350 314
44 105 95 90 95 96 94 92 96 102 94 93 106 88 84 92 96 101 104 101 94 109 87 77 90 110 89 115 140 151 164 178 190 201 196 171 163 161 152 203 186 242 270 278 270 273 276 282 286 286 289 278 286 298 317 314 318 322 319 321 320 320 319 318 318 320 321 322 327 325 331 329 329 330 347 332 336 342 344 334 350 15 17 15 12 7 4 357 349 341 332 329 334 339 298 302
85 81 84 86 89 89 86 87 91 99 97 95 108 110 80 75 77 84 86 91 91 104 97 94 97 107 111 124 137 151 163 172 194 205 194 172 169 163 176 168 198 239 264 274 269 266 269 280 279 275 276 271 275 281 309 308 325 321 319 323 320 321 321 319 326 321 320 317 324 324 320 324 330 339 339 344 337 334 350 352 18 18 20 20 16 9 3 357 348 340 334 335 342 348 349 318
60 62 67 68 76 78 77 82 85 94 95 90 93 120 98 81 74 76 78 91 94 96 93 88 89 101 109 116 129 148 159 168 203 200 193 179 168 163 180 172 212 249 264 271 267 270 275 275 266 266 269 299 298 281 311 321 326 316 322 324 323 325 321 324 321 318 319 317 313 319 323 325 329 351 332 333 341 340 341 340 338 22 23 23 18 8 1 355 346 339 337 342 348 355 360 334
68 60 60 51 62 68 76 83 88 95 96 89 89 110 103 98 91 89 88 93 100 99 98 80 70 90 91 113 120 139 154 167 190 195 178 185 172 165 179 175 223 250 260 263 265 267 270 268 265 267 291 296 304 309 318 326 330 332 332 324 325 325 325 314 312 314 316 318 319 323 320 334 325 328 335 335 339 350 359 347 350 341 24 22 17 7 358 351 342 338 340 344 350 359 8 346
26 51 46 53 62 66 72 78 84 88 98 93 89 94 102 96 92 89 87 84 89 96 101 95 75 88 106 113 124 130 140 162 185 196 185 188 175 169 187 184 227 252 261 267 267 265 268 269 269 270 289 294 301 309 317 315 322 325 324 332 334 322 332 330 327 323 320 320 324 324 325 328 328 334 331 334 338 339 24 29 7 355 28 24 18 8 357 344 335 336 341 342 349 2 18 354
15 50 61 67 75 76 72 78 81 82 93 91 86 86 100 97 93 89 87 84 83 92 98 93 83 86 102 111 121 120 138 162 189 199 192 188 175 182 206 199 235 254 260 262 264 268 272 271 266 264 288 292 297 303 310 309 319 324 336 331 330 324 330 324 327 327 326 327 326 335 331 331 331 333 350 339 359 342 342 36 40 40 33 27 22 12 358 337 325 330 338 342 354 337 351 354
351 27 32 61 68 73 69 69 73 76 84 86 85 85 85 93 92 89 90 87 86 92 93 86 77 81 96 106 117 121 133 157 186 197 187 180 182 194 215 240 246 248 255 258 260 261 263 263 262 281 284 289 294 298 303 315 328 333 331 330 322 322 323 325 328 330 338 340 340 336 329 338 341 344 335 15 22 34 342 344 43 42 36 30 24 15 3 336 317 317 322 333 8 336 343 351
30 54 58 61 60 65 72 71 68 70 81 89 89 85 77 83 84 85 90 88 88 95 93 81 69 73 86 98 112 120 134 152 172 184 182 183 191 208 227 239 245 247 252 258 262 263 264 266 266 278 280 288 295 296 303 317 328 329 329 330 332 326 332 333 335 341 341 343 333 324 319 318 323 329 348 347 354 340 9 346 357 1 37 32 27 22 11 343 315 299 282 269 278 288 307 322
86 81 77 69 64 65 71 81 81 76 80 91 82 88 75 78 82 83 89 87 87 93 96 86 67 62 74 84 101 115 132 150 157 174 186 198 210 224 231 239 246 249 255 262 267 269 271 269 260 273 278 291 298 301 307 323 331 328 328 330 332 333 325 332 333 335 336 338 331 327 324 319 316 318 320 320 325 326 340 350 6 4 40 37 35 33 22 352 323 311 297 294 242 247 261 280
99 93 85 77 70 66 68 74 87 85 86 87 93 99 91 80 84 87 91 89 90 95 99 97 83 74 72 75 93 99 123 139 152 172 185 198 219 228 232 241 247 254 262 264 262 261 264 256 270 274 278 287 297 305 316 328 324 323 326 327 328 330 331 333 332 330 321 321 323 326 327 317 335 340 341 346 351 352 0 18 24 28 2 44 44 41 26 360 336 333 338 336 355 274 257 238
72 102 101 96 86 77 68 68 74 78 77 84 88 67 93 82 86 89 91 93 95 99 101 105 100 91 83 77 89 88 111 130 151 171 187 207 228 224 237 246 252 259 265 264 259 259 258 272 274 274 274 278 289 307 320 316 310 315 322 318 319 322 331 325 323 321 319 319 329 333 341 4 7 351 350 350 5 13 22 23 24 10 5 44 43 37 23 6 347 340 346 352 16 251 233 248
30 73 97 85 84 80 77 76 74 78 75 73 77 80 89 80 78 84 82 85 92 99 103 107 106 100 96 83 83 85 99 105 152 175 195 225 227 222 240 250 257 262 265 267 268 266 265 273 274 275 274 276 283 298 311 311 314 320 325 319 319 320 327 320 321 322 323 325 326 327 332 336 341 340 337 337 344 350 1 18 41 19 42 38 35 30 22 13 1 351 352 4 28 266 263 281
28 53 61 107 91 97 94 84 78 77 79 80 87 87 88 87 75 73 73 72 76 83 91 103 111 110 98 90 85 84 87 97 136 183 208 223 221 228 240 245 255 263 266 268 272 274 275 271 275 278 280 283 291 300 308 317 328 333 323 323 321 317 316 318 320 327 329 334 340 348 349 346 349 331 326 345 337 8 43 43 43 43 39 34 33 32 28 22 16 13 9 11 26 42 301 301
27 34 20 34 113 107 103 95 85 80 84 86 85 83 93 92 81 73 65 62 65 72 74 80 91 102 110 96 89 86 88 92 114 184 224 232 235 243 251 256 260 262 264 268 275 277 280 271 277 282 284 286 289 298 306 319 342 341 334 334 333 323 319 316 315 315 317 319 319 311 318 13 15 19 22 336 339 347 13 47 47 11 43 40 41 42 39 34 30 29 24 21 32 58 304 305
345 4 64 22 49 102 100 98 92 86 82 78 84 87 78 94 86 82 77 75 73 72 74 79 78 87 93 92 90 91 92 89 90 168 239 243 248 255 264 269 268 267 271 272 274 278 281 272 278 284 286 284 281 281 287 299 326 335 331 331 332 332 319 312 310 311 311 320 356 3 1 0 6 327 344 349 350 345 346 357 14 0 46 340 46 46 46 43 41 40 36 35 50 76 260 270
58 62 67 82 53 67 98 88 82 80 73 64 64 70 85 73 76 78 82 102 93 83 78 77 76 73 73 79 87 92 93 87 79 45 257 250 253 255 254 256 262 267 270 269 268 271 276 281 289 278 283 288 283 272 266 273 290 319 326 316 316 314 325 324 328 328 335 343 353 360 1 2 339 21 333 339 343 349 352 351 348 49 16 7 41 44 48 48 48 47 46 51 66 79 291 302
77 73 78 84 54 52 59 90 78 74 69 64 64 68 72 79 84 89 92 87 76 75 77 79 76 68 67 74 82 87 89 87 75 51 277 257 252 296 272 263 264 268 268 266 270 268 268 273 282 276 278 284 284 277 272 270 271 290 310 314 316 318 321 318 324 332 337 346 355 343 8 13 20 27 37 44 50 53 32 54 51 21 10 7 41 42 48 51 51 53 56 64 76 86 320 321
77 79 83 84 81 76 84 72 70 65 62 67 70 68 62 61 64 64 62 61 63 69 73 70 72 69 68 78 81 81 82 84 72 48 331 303 287 274 269 266 272 264 268 266 264 272 274 270 273 279 284 274 274 288 277 269 264 271 286 294 292 297 301 303 308 313 322 336 354 8 20 31 1 35 34 38 46 51 54 54 54 20 22 323 352 39 47 51 52 56 63 71 78 86 210 224
356 3 90 80 72 63 61 56 60 60 65 68 67 65 62 64 67 65 64 68 70 70 71 72 67 62 70 80 80 77 77 84 92 57 345 331 320 268 271 291 281 272 268 273 276 273 270 271 263 270 277 280 278 280 279 278 275 275 274 280 276 278 287 289 272 280 266 272 301 358 45 54 49 45 42 40 42 46 51 57 59 58 57 50 41 22 55 55 56 59 64 69 75 79 80 233
358 77 71 70 66 59 73 53 65 69 74 74 71 72 71 72 72 68 65 66 67 66 78 79 68 64 75 81 73 76 79 80 81 57 305 313 306 299 296 268 269 285 267 268 273 272 272 268 266 265 265 267 267 270 276 278 276 276 283 276 271 269 273 276 271 267 272 280 294 316 13 94 81 71 59 49 46 47 50 54 57 59 57 52 51 321 61 65 64 63 65 67 70 72 73 352
353 42 49 52 62 70 68 58 69 70 77 82 84 82 74 73 70 63 60 65 69 75 87 79 63 66 77 79 76 77 80 78 64 30 305 287 279 277 285 289 284 279 277 261 255 256 260 262 261 271 270 269 264 260 262 257 256 256 254 256 266 272 264 261 260 271 278 279 294 308 330 359 30 134 112 93 72 58 54 53 54 55 56 58 66 329 40 69 68 68 69 69 69 69 70 69
331 2 40 49 70 73 66 65 71 75 81 83 82 77 69 69 64 58 64 77 86 91 88 70 60 70 79 81 80 81 77 68 52 23 314 278 278 274 269 272 283 277 272 272 274 275 263 261 277 276 273 275 262 274 267 265 263 266 250 245 260 254 262 270 278 282 281 273 267 271 275 308 335 344 19 78 128 102 73 61 56 54 53 58 66 72 256 52 74 75 75 73 72 70 68 64
15 36 48 66 77 77 64 74 73 76 83 85 80 71 66 64 62 66 79 88 93 91 78 59 64 80 85 82 81 82 75 63 52 39 29 339 282 274 270 267 271 274 271 268 266 265 269 273 277 263 275 274 277 274 267 239 239 269 274 272 242 269 266 238 233 220 203 191 186 181 179 188 194 187 184 198 266 57 130 97 69 60 58 59 61 63 70 300 55 90 83 78 74 69 63 56
22 60 81 58 80 71 74 75 76 85 88 77 69 65 59 56 64 69 77 86 89 80 65 58 73 88 84 77 78 83 73 61 54 45 41 26 301 277 271 265 262 266 267 262 255 256 260 261 264 269 269 268 274 274 270 272 271 272 256 244 237 224 221 225 224 221 210 197 174 171 103 94 68 72 85 167 184 200 294 130 95 72 67 65 62 62 65 79 96 101 93 84 77 67 58 52
17 19 21 81 64 55 76 72 78 82 68 59 51 57 59 60 62 60 72 80 79 71 64 67 81 86 76 71 78 85 70 56 46 39 42 42 355 294 278 270 264 260 255 255 257 260 263 267 269 267 261 262 266 266 259 249 240 241 240 244 242 232 235 259 273 290 321 354 6 10 12 10 13 24 39 54 65 81 206 35 104 83 70 66 65 68 69 72 83 96 96 87 40 70 19 9
73 81 68 58 56 60 61 69 73 61 102 45 55 68 68 64 53 64 80 84 82 76 73 68 78 79 69 71 84 85 69 56 50 43 38 28 11 2 325 283 266 281 275 274 277 265 263 263 271 275 265 251 248 246 242 235 243 246 249 253 258 272 277 287 302 321 308 327 11 350 312 338 341 347 354 9 49 85 216 238 53 94 74 67 67 71 75 76 79 87 93 87 76 69 15 68
45 62 82 46 54 58 50 55 53 90 43 55 67 71 66 62 62 81 86 88 88 77 68 59 62 66 66 76 85 77 64 57 52 48 41 34 6 337 316 311 308 295 288 286 284 273 268 262 260 248 249 252 259 261 258 255 255 265 273 283 290 294 295 299 312 309 10 14 325 24 30 35 46 349 1 7 56 19 209 232 274 107 81 70 67 70 76 80 82 85 1 87 76 68 65 64
50 59 71 56 58 56 74 43 48 40 56 65 74 73 74 83 89 98 91 87 82 69 56 47 53 60 72 82 82 74 65 61 62 50 51 49 3 340 326 307 320 299 299 295 286 277 271 263 257 252 253 260 271 272 267 271 279 277 278 287 291 291 291 294 308 338 330 334 35 54 61 2 353 354 3 358 67 67 68 243 245 96 91 73 66 67 72 77 81 84 85 84 79 29 65 64
