examples/cougarCreek/createInputs/WindNinja/wrfout_d3.2015081200.f13/cougarCreek_08-12-2015_1300_217m_non_neutral_stability_ang.asc
ncols	146
nrows	140
xllcorner	610065.000000
yllcorner	5095217.000000
cellsize	216.586807
NODATA_value	-9999.000000
[rows 48 to 95 of 140, columns 0 to 95 of 146]
53 61 52 42 60 66 89 46 61 58 67 75 80 85 97 103 105 106 91 83 75 58 46 49 62 68 81 82 78 75 71 66 72 53 59 67 357 341 332 331 327 303 293 289 283 274 267 272 263 256 261 273 281 285 282 280 280 274 266 267 276 281 280 276 274 257 122 94 306 297 285 277 347 342 300 334 356 78 352 115 214 274 103 80 68 65 67 73 76 77 77 80 26 78 20 16
59 66 72 74 49 37 49 66 72 69 74 82 88 100 117 93 87 82 75 73 73 54 48 63 64 69 79 77 78 85 71 76 74 64 58 65 32 336 330 332 321 310 281 278 282 277 286 284 280 277 279 280 280 279 277 274 268 263 252 247 249 252 253 247 262 260 268 270 275 278 278 353 351 358 11 344 309 271 79 85 167 217 112 105 84 71 67 68 71 72 72 74 80 20 19 13
64 69 74 44 39 68 78 75 75 75 86 98 103 101 91 78 78 69 64 71 71 59 56 54 50 56 66 74 85 86 68 76 76 63 53 64 29 340 335 329 326 308 296 287 272 277 284 285 285 283 280 277 275 270 262 258 260 258 255 252 244 249 252 246 222 149 82 52 38 38 46 54 54 5 359 21 57 58 64 56 84 100 113 118 109 95 79 71 69 69 69 68 70 73 71 63
65 68 42 42 69 72 70 73 78 84 99 118 105 96 119 64 67 60 64 71 67 61 58 39 41 54 71 85 91 87 67 77 78 59 50 63 7 350 343 335 322 302 288 287 292 288 267 274 274 271 267 268 272 273 263 258 257 252 256 254 253 264 255 250 230 200 310 53 300 349 25 5 6 15 12 56 57 60 69 35 77 82 93 109 233 113 104 90 77 68 63 60 58 56 55 54
66 67 43 56 65 67 74 77 77 89 98 95 83 76 62 55 56 60 68 70 65 65 67 82 41 74 90 96 93 73 64 76 76 59 51 53 9 358 349 340 324 302 285 277 283 277 275 263 266 266 266 267 269 277 275 268 257 245 247 250 248 261 264 242 229 211 187 147 337 1 82 69 64 70 81 86 90 95 95 87 34 73 75 88 101 165 195 103 92 77 66 60 58 56 54 52
63 36 46 56 63 62 65 69 75 90 88 125 57 52 55 52 53 67 73 71 68 65 67 44 61 88 94 85 75 66 56 63 74 58 66 43 24 14 3 1 337 308 284 275 273 272 272 272 277 278 269 271 268 267 273 264 248 239 243 247 243 242 243 244 248 250 198 249 261 273 31 58 52 51 50 55 293 139 89 99 90 83 38 59 114 86 92 96 94 90 81 72 66 60 55 51
48 26 46 48 42 42 56 74 80 86 115 113 41 49 66 65 64 79 81 79 70 63 58 47 59 75 73 68 70 65 47 65 75 60 63 36 12 6 17 12 344 326 298 274 264 262 263 264 263 266 272 288 275 271 268 260 247 241 241 238 235 238 238 239 245 249 228 220 239 240 244 243 154 144 104 125 120 114 81 39 345 339 231 79 76 135 77 157 87 88 85 18 70 62 53 45
25 8 32 35 41 32 64 78 69 63 105 92 41 53 68 72 71 84 87 79 70 58 52 52 61 63 60 65 75 65 45 69 74 61 47 36 19 33 20 359 351 347 324 330 279 261 254 256 262 266 267 267 285 271 272 261 249 245 246 244 244 259 249 222 204 195 235 255 202 164 158 150 190 192 144 135 98 350 165 107 157 194 82 76 72 72 72 72 70 65 66 69 67 62 58 49
309 350 24 38 34 52 81 71 85 47 67 43 69 44 67 70 70 83 82 69 61 49 41 51 61 58 64 76 77 61 47 62 72 61 45 36 21 35 8 2 354 355 337 357 307 275 257 251 252 256 269 269 267 266 265 271 265 262 262 260 237 211 214 206 196 188 195 177 169 158 151 181 192 184 138 127 118 111 103 101 190 99 93 84 76 16 64 59 56 56 58 357 57 163 292 46
35 332 17 38 54 81 96 63 38 27 42 63 47 41 64 69 76 93 92 56 49 36 35 54 60 55 69 80 69 50 52 68 80 78 74 62 25 28 1 359 355 351 345 327 297 307 273 268 256 252 253 259 264 265 257 268 263 230 229 221 216 215 211 204 196 189 184 180 171 162 156 150 185 135 123 109 97 86 84 165 167 159 167 177 89 77 69 65 63 61 58 19 348 314 47 318
54 17 24 52 62 94 63 59 40 36 75 71 43 59 78 92 104 116 126 128 41 31 56 73 58 60 77 79 60 48 64 80 80 76 70 61 16 24 46 3 355 344 343 338 321 329 308 290 278 270 260 255 254 259 254 237 227 229 235 227 221 216 204 205 205 207 185 180 172 163 157 165 133 118 91 67 57 58 146 146 72 70 135 148 155 154 28 76 358 67 60 57 54 50 43 1
49 12 29 7 84 74 86 38 29 57 73 64 74 97 112 118 120 122 131 150 42 47 72 59 49 72 82 71 54 56 81 84 68 65 40 63 15 8 3 18 10 351 351 342 341 331 317 300 287 284 278 269 258 251 249 249 247 243 237 228 222 221 219 210 197 186 205 205 196 179 153 138 105 57 41 43 49 53 338 38 38 55 59 76 91 60 112 129 17 11 61 60 350 2 44 352
37 354 47 63 64 88 70 30 53 67 79 95 108 122 130 131 128 128 138 161 38 35 45 37 58 80 76 63 61 72 86 69 64 61 42 38 58 5 7 8 12 355 347 339 336 333 327 301 289 283 282 269 267 261 259 258 255 253 248 239 232 228 221 211 199 214 193 169 161 153 133 26 20 27 39 49 299 318 52 51 50 10 13 9 2 8 350 13 2 0 6 358 56 3 352 5
330 356 54 47 52 83 64 48 61 76 89 108 123 138 137 132 131 136 151 170 39 26 35 56 71 77 72 68 71 73 67 60 61 58 39 26 57 7 10 5 7 356 350 340 329 329 324 318 281 298 286 281 278 275 269 271 272 272 270 263 256 245 230 214 201 193 186 166 15 355 351 358 15 35 285 301 48 50 53 55 57 57 58 59 60 61 22 20 13 4 352 354 57 359 46 42
351 35 67 45 48 46 31 63 72 91 112 126 134 138 135 132 134 147 166 331 32 27 10 32 57 69 70 71 73 69 61 59 82 55 31 22 16 11 12 14 10 359 356 354 334 330 322 310 304 290 281 278 285 268 270 272 274 274 274 274 275 278 278 271 267 288 320 340 354 358 359 8 21 31 302 42 47 55 60 62 64 65 65 66 25 23 21 19 12 6 357 335 323 333 341 351
56 69 80 84 74 74 85 78 85 105 127 131 133 135 134 132 139 163 177 351 6 4 358 17 51 62 70 75 74 67 60 78 80 48 34 18 18 9 13 15 13 355 344 356 344 335 332 324 314 294 286 286 290 266 267 268 268 267 267 269 274 285 305 324 331 327 327 334 352 8 12 14 18 27 332 47 57 67 73 75 74 74 74 25 24 22 15 14 18 7 356 330 297 348 301 341
118 91 92 111 130 127 111 104 111 124 129 131 131 133 134 135 149 217 258 358 339 5 5 17 39 47 69 76 70 64 65 58 61 38 28 18 20 19 17 19 14 359 343 346 350 338 334 330 311 313 288 279 280 291 266 267 267 265 264 264 268 275 287 308 324 326 323 327 347 12 20 18 22 38 52 62 72 78 319 301 329 6 20 28 33 32 25 18 14 8 3 353 341 337 320 335
314 80 84 97 69 123 156 140 132 129 129 131 128 126 128 135 161 245 12 347 298 32 11 5 27 48 75 87 72 69 65 50 46 35 22 20 25 21 19 28 20 8 347 337 344 337 339 330 315 312 300 278 281 293 266 266 266 265 263 263 265 268 272 283 301 315 325 331 345 11 28 32 38 49 57 61 64 63 62 65 69 72 25 45 79 319 339 327 332 3 332 258 82 304 19 36
73 89 97 66 105 141 147 140 133 129 129 128 122 115 116 129 218 274 24 353 344 73 335 343 21 56 97 94 88 83 66 47 36 31 21 21 33 18 21 45 27 10 348 332 336 331 335 328 325 288 301 294 294 284 265 264 265 266 266 267 267 267 269 275 284 299 321 343 360 17 35 323 324 45 49 354 46 41 43 50 55 63 72 93 106 77 79 79 144 220 107 61 53 333 331 33
129 117 113 103 122 135 140 137 132 128 116 125 120 114 113 125 235 281 21 0 29 198 308 341 11 56 105 103 79 64 56 40 31 32 27 25 37 24 24 49 25 19 38 49 342 316 320 318 305 314 298 296 298 294 261 260 262 267 273 271 267 262 260 259 262 272 295 331 5 27 320 321 329 44 47 47 46 47 55 67 73 29 25 353 28 35 41 58 113 111 68 297 346 51 45 40
109 86 121 116 121 128 121 133 129 123 120 119 118 117 115 124 238 357 14 355 30 14 340 352 1 111 125 110 78 58 51 44 26 33 33 30 35 27 29 48 33 46 54 50 35 13 316 314 305 315 305 288 290 284 284 279 259 265 271 269 258 250 245 281 245 249 261 290 352 34 39 39 318 43 322 59 68 76 23 32 85 84 85 126 126 2 8 48 76 71 67 164 297 293 289 40
70 74 108 117 114 117 121 122 121 117 111 109 110 113 98 123 253 20 5 343 16 8 2 358 7 130 152 112 67 52 56 38 26 28 31 38 40 33 30 47 49 53 31 50 37 18 326 312 301 299 298 293 293 292 265 269 284 261 262 261 254 244 240 241 242 242 246 253 276 29 41 42 332 46 53 327 17 39 77 75 72 68 69 75 83 86 82 73 66 65 65 62 57 294 43 37
67 98 126 113 108 105 107 111 113 98 107 104 103 106 113 125 265 30 6 348 356 4 20 11 49 142 142 106 59 55 66 49 26 26 30 42 39 30 32 49 55 54 53 52 44 25 324 323 308 303 296 291 297 300 284 256 257 294 258 257 263 268 260 254 249 244 241 285 243 255 55 57 342 345 344 345 348 25 66 49 60 57 56 57 60 61 56 47 45 50 52 49 47 42 35 315
285 120 113 103 103 99 101 90 94 93 90 86 82 86 109 132 277 32 9 360 348 10 43 26 128 138 120 77 46 61 65 41 25 26 34 38 36 31 35 58 48 30 56 20 49 31 17 320 315 310 303 295 302 307 301 273 256 259 253 256 262 286 299 293 281 270 263 255 288 239 103 77 336 331 332 345 2 6 18 16 60 57 9 48 46 42 37 36 39 42 41 38 36 34 33 32
63 98 105 97 100 97 98 88 90 89 86 84 101 98 103 139 288 39 14 5 356 40 66 36 130 163 108 57 51 66 62 35 18 26 47 44 29 19 36 60 47 22 55 53 50 36 327 10 331 328 310 303 308 315 292 287 265 254 287 252 257 268 289 308 314 314 315 317 317 321 319 337 329 321 323 61 13 18 22 22 28 11 6 49 48 46 44 45 46 45 43 41 356 38 37 37
72 94 91 92 97 95 96 85 85 83 83 82 107 100 94 105 305 36 29 6 14 69 80 42 135 150 71 56 83 68 48 30 17 37 62 47 23 7 32 58 47 20 52 51 25 41 24 339 338 332 326 312 313 310 316 285 273 266 259 257 260 269 282 297 312 317 323 335 341 353 308 319 334 342 338 344 12 14 19 28 33 9 2 58 61 60 58 58 57 52 49 47 46 45 359 352
72 81 87 88 95 93 81 81 78 74 76 80 86 99 88 69 319 54 56 7 49 99 68 68 190 149 65 85 88 58 33 21 17 63 67 44 16 4 29 53 56 21 20 50 50 45 34 333 341 348 325 318 315 335 307 309 291 281 271 297 266 277 294 306 312 309 309 315 315 331 350 347 352 355 350 350 10 14 19 62 26 18 350 339 65 65 62 9 8 60 55 53 51 50 349 52
68 77 79 86 84 81 79 77 70 66 75 99 81 98 89 75 328 64 62 20 68 98 72 113 183 79 64 68 57 50 35 17 48 73 52 29 14 10 25 43 56 15 15 46 47 15 39 28 336 351 332 328 325 334 312 325 315 297 285 293 278 283 294 312 329 328 323 325 301 318 348 356 356 358 3 359 3 17 17 19 22 12 4 345 343 61 63 23 12 342 64 63 59 55 357 8
67 74 82 83 81 78 78 75 66 82 87 96 102 71 93 90 5 63 47 44 67 91 101 179 84 62 67 62 46 51 40 21 57 64 37 46 1 17 23 40 45 16 9 31 43 45 353 354 333 350 344 335 334 338 336 333 316 303 293 289 311 282 287 299 328 341 342 320 347 302 331 351 358 357 10 23 1 18 20 2 351 6 53 52 346 57 21 14 12 62 64 332 66 61 57 354
64 72 79 78 77 76 80 74 65 91 95 97 96 66 89 69 26 57 52 59 73 91 112 86 15 60 65 55 46 55 48 26 63 46 28 35 354 14 26 43 28 14 12 24 35 40 13 33 334 353 351 340 341 343 339 336 318 305 303 292 306 278 279 286 306 326 327 325 304 294 311 335 357 354 14 71 18 11 62 19 359 10 2 0 352 57 19 14 6 7 60 63 329 67 65 59
63 71 76 76 76 80 76 75 78 105 105 95 86 58 82 39 38 59 59 69 91 138 109 149 176 39 47 49 46 57 74 29 40 33 17 99 351 9 35 56 12 3 13 18 27 38 28 356 339 351 352 339 342 348 348 339 315 318 314 289 289 317 272 273 282 327 96 318 104 110 130 294 323 336 12 72 67 64 62 346 6 51 10 1 355 58 62 16 11 13 2 62 66 326 22 71
63 69 74 74 74 74 76 77 75 108 90 98 65 82 72 337 58 37 67 87 108 130 74 149 182 30 41 53 45 57 63 30 19 33 10 15 75 7 48 57 17 357 359 12 34 20 26 26 349 334 350 334 335 354 338 333 327 315 329 299 298 287 312 324 256 35 64 65 63 60 64 77 89 314 355 14 64 59 58 57 350 60 25 16 360 64 68 69 67 66 67 11 3 25 320 21
61 69 73 71 70 79 83 73 77 87 104 60 92 82 57 27 23 51 73 93 105 83 135 154 188 25 41 68 52 45 60 32 19 41 10 7 356 11 61 47 14 14 350 358 14 19 22 36 35 21 339 333 331 339 339 342 340 336 348 331 325 297 268 297 255 306 42 41 45 51 52 58 69 80 310 335 58 59 23 62 326 4 74 29 4 4 77 77 75 74 32 36 31 13 84 94
58 70 72 84 68 79 81 82 75 71 97 94 94 83 49 51 43 75 97 104 77 72 127 160 191 8 55 89 50 18 53 43 38 32 10 354 0 36 58 15 11 30 4 345 342 6 17 29 34 26 10 328 342 337 335 343 350 344 338 344 349 334 301 272 321 278 28 49 49 50 52 325 60 63 63 56 57 67 69 69 72 332 82 79 25 6 8 23 41 83 25 22 40 27 81 87
58 70 70 67 68 79 80 89 74 68 90 90 92 84 54 59 71 96 111 73 72 108 117 158 192 15 83 149 41 10 42 62 43 19 9 357 7 64 57 5 16 22 20 350 333 350 7 18 33 1 350 14 355 335 330 338 353 351 341 349 337 358 346 326 291 278 331 334 61 338 62 57 360 54 55 61 329 88 12 81 77 82 356 92 86 34 13 46 6 47 45 30 49 50 12 81
62 69 68 67 72 76 81 90 70 61 88 96 92 81 33 68 90 103 109 66 68 110 108 125 338 38 80 80 43 20 52 68 20 19 23 6 44 69 24 12 40 0 359 349 343 336 359 350 35 10 347 345 346 333 326 326 340 350 346 346 1 341 360 357 345 298 303 359 66 65 69 70 359 11 334 71 316 354 5 98 90 88 322 13 52 53 44 23 59 19 39 24 21 48 50 83
58 68 65 67 74 75 90 90 66 68 90 102 68 78 67 82 100 108 80 72 112 110 106 81 18 38 60 65 53 30 36 53 1 18 24 25 53 51 24 95 100 130 321 346 348 337 349 303 39 19 349 2 339 333 319 303 303 331 342 337 350 349 358 343 16 38 347 0 352 64 64 71 329 4 344 334 327 335 351 117 358 103 97 313 15 56 54 52 51 36 38 69 95 84 33 98
55 64 65 70 72 74 79 78 64 82 92 102 100 44 65 96 69 74 71 65 107 105 104 55 360 44 58 62 53 46 16 45 13 0 23 42 49 37 58 77 88 103 181 357 353 344 342 22 23 55 348 358 337 300 278 265 346 255 274 292 290 345 318 23 326 320 331 352 3 346 343 72 296 334 340 342 342 341 315 263 295 3 17 52 67 37 46 38 54 58 40 42 49 101 102 110
49 60 66 71 67 71 76 73 69 85 93 99 103 52 61 69 72 67 109 106 102 99 93 62 14 55 60 62 57 30 19 86 33 329 17 46 31 33 106 93 93 102 210 8 8 345 349 247 224 90 359 343 331 218 238 227 227 345 218 203 188 186 195 164 336 329 336 343 353 356 78 322 313 324 337 341 348 5 355 104 110 250 342 14 50 27 46 98 98 79 42 92 94 92 91 93
45 59 69 69 66 72 82 82 82 88 93 95 98 46 54 64 71 62 99 98 97 95 106 7 25 48 59 63 58 44 62 79 25 152 345 30 18 32 63 123 102 97 179 13 29 350 1 224 29 28 10 347 313 215 212 203 201 207 204 343 336 339 187 170 341 101 346 341 346 356 10 0 346 95 107 324 316 334 357 347 246 108 292 358 65 67 59 65 94 94 92 90 89 87 85 82
43 61 68 64 66 66 71 72 83 89 93 90 87 47 42 61 66 95 95 94 89 80 88 10 35 55 73 75 59 59 67 61 27 137 315 24 11 17 161 145 134 129 159 17 44 354 355 1 29 175 24 351 175 326 352 200 330 330 193 337 338 338 330 178 334 328 335 334 336 341 357 1 347 322 95 93 96 100 106 327 324 307 307 343 62 40 61 98 93 89 86 85 84 82 80 77
54 64 62 62 68 66 68 71 86 90 92 74 80 76 38 62 60 95 92 89 82 71 69 25 56 69 86 75 53 56 87 51 33 108 141 12 15 15 166 156 154 8 166 16 58 343 338 10 57 53 41 3 165 188 337 200 340 328 357 336 337 335 330 321 321 312 318 324 318 321 333 355 11 7 351 317 330 330 92 247 274 252 104 103 227 98 95 96 92 87 83 81 79 77 76 76
58 66 62 62 69 68 70 72 88 92 92 72 76 66 35 84 56 92 89 85 81 80 3 42 37 88 101 59 49 51 54 43 33 19 109 345 29 18 167 160 155 73 165 347 39 321 325 87 202 187 64 11 167 181 199 2 187 325 186 185 323 323 177 330 333 325 311 314 303 301 309 340 141 121 102 355 354 4 333 96 97 93 91 93 91 89 91 93 91 87 82 79 77 76 76 76
60 66 62 63 69 70 72 70 89 94 92 84 72 64 67 54 52 86 85 84 81 76 20 45 73 107 67 56 56 60 49 36 31 19 6 359 37 20 165 73 85 29 159 343 17 332 57 212 203 190 186 176 303 280 270 332 11 314 338 182 338 302 321 299 333 165 329 317 299 292 287 310 151 143 11 3 357 10 12 324 320 358 343 86 86 88 88 90 91 90 87 83 80 79 79 79
51 67 62 60 63 63 72 72 70 97 94 64 73 47 77 49 84 46 82 81 77 13 35 19 94 111 48 53 68 65 36 26 18 11 7 18 39 51 75 154 79 16 160 159 176 26 72 79 196 189 189 176 308 173 185 307 312 282 341 8 350 342 291 282 322 183 168 333 311 298 295 315 150 148 359 346 332 332 325 314 312 336 358 24 13 41 56 38 89 92 93 91 88 86 85 84
49 67 73 76 60 56 70 86 70 94 73 64 79 55 56 52 55 61 81 78 72 18 38 55 106 108 53 58 58 58 43 34 18 24 33 64 122 133 134 136 147 163 167 156 170 65 63 198 189 184 183 16 323 172 180 182 258 288 308 333 358 340 282 272 285 330 334 326 315 287 281 325 160 151 357 345 342 339 95 93 93 95 96 336 12 35 17 89 85 88 73 93 93 92 89 87
51 64 70 71 51 51 66 82 84 88 91 66 61 61 58 54 56 55 82 79 76 30 36 52 112 107 61 52 39 38 42 26 32 45 67 69 83 102 112 117 134 161 169 165 170 185 190 190 184 176 172 22 310 174 179 178 259 179 263 301 346 340 301 168 175 266 310 314 313 291 281 318 173 355 353 22 95 7 329 88 91 91 91 90 88 28 31 38 87 87 22 89 93 98 95 91
54 68 52 70 50 50 75 72 82 77 70 68 66 62 60 56 51 56 82 80 80 23 41 104 109 108 57 48 101 51 102 35 44 52 55 62 73 90 104 109 121 150 163 168 175 178 177 178 176 169 162 160 164 172 175 175 175 177 180 182 324 277 272 170 167 163 165 280 291 293 283 295 338 339 353 11 95 85 84 331 93 95 328 344 3 85 46 29 38 88 86 35 87 89 92 95
