examples/cougarCreek-fire/createInputs/WindNinja/wrfout_d3.2015081100.f19/cougarCreekFire_08-11-2015_1900_217m_non_neutral_stability_vel.asc
ncols	146
nrows	140
xllcorner	610065.000000
yllcorner	5095217.000000
cellsize	216.586807
NODATA_value	-9999.000000
[rows 0 to 33 of 140, columns 0 to 76 of 146]
4.84 4.76 4.70 4.46 4.19 4.04 3.89 3.74 3.57 6.16 3.18 3.07 2.84 2.64 2.52 2.48 2.51 2.64 2.85 3.13 3.48 3.18 4.55 5.06 5.49 5.95 6.47 7.05 7.65 8.20 8.66 9.16 9.80 10.47 11.11 11.87 12.68 19.30 15.74 14.73 17.66 18.22 16.80 20.08 20.87 21.72 20.22 20.88 21.40 21.50 21.14 20.72 20.72 20.72 20.81 20.83 19.95 18.90 19.04 19.30 18.79 18.48 18.52 18.48 18.36 17.73 17.35 17.85 18.37 18.46 17.95 17.19 16.67 16.40 16.63 16.84 16.01
4.84 4.76 4.70 4.46 4.19 4.04 3.89 3.74 3.57 6.16 3.18 3.07 2.84 2.64 2.52 2.48 2.51 2.64 2.85 3.13 3.48 3.18 4.55 5.06 5.49 5.95 6.47 7.05 7.65 8.20 8.66 9.16 9.80 10.47 11.11 11.87 12.68 19.30 15.74 14.73 17.66 18.22 16.80 20.08 20.87 21.72 20.22 20.88 21.40 21.50 21.14 20.72 20.72 20.72 20.81 20.83 19.95 18.90 19.04 19.30 18.79 18.48 18.52 18.48 18.36 17.73 17.35 17.85 18.37 18.46 17.95 17.19 16.67 16.40 16.63 16.84 16.01
4.90 4.83 4.85 4.69 4.40 4.24 4.11 3.98 3.86 3.69 3.47 3.30 2.98 2.69 2.46 2.30 2.22 2.26 2.41 2.65 2.98 2.46 3.95 4.40 4.83 5.31 5.85 6.42 7.01 7.53 7.99 8.54 9.27 9.98 10.66 11.42 12.19 12.88 13.52 14.22 14.96 15.64 16.42 17.33 18.28 19.17 19.65 20.25 20.75 20.88 20.81 20.68 20.71 20.59 20.57 20.21 19.02 18.46 18.97 19.02 18.45 18.31 18.46 18.47 18.10 17.37 17.50 18.35 18.67 18.17 17.16 16.54 16.41 16.51 16.94 16.90 15.86
4.99 4.91 5.00 4.93 4.65 4.49 4.36 4.24 4.15 4.02 3.77 3.57 3.19 2.81 2.47 2.19 1.98 1.89 1.93 2.11 2.41 1.72 3.26 3.66 4.11 4.61 5.14 5.71 6.26 6.77 7.29 7.89 8.66 9.41 10.12 10.87 11.62 12.35 13.01 13.71 14.44 15.15 16.06 16.96 17.92 18.68 18.92 19.53 20.11 20.43 20.57 20.42 20.31 20.16 19.94 18.98 17.71 17.92 18.59 18.60 18.43 18.31 18.56 18.51 17.68 17.38 18.30 19.11 18.71 17.33 16.15 16.11 16.51 17.00 17.43 17.03 15.83
5.17 5.09 5.16 5.14 4.92 4.76 4.64 6.93 6.92 6.43 4.10 3.93 3.56 3.15 2.72 2.36 2.03 1.81 1.71 1.75 1.52 1.53 1.23 3.08 3.54 4.03 4.50 5.04 5.62 6.17 6.77 7.36 8.09 8.90 9.60 10.36 11.18 12.01 12.74 13.40 14.04 14.88 15.87 16.68 17.65 18.44 18.92 19.72 20.47 20.78 20.40 19.88 19.78 21.72 19.01 17.99 17.41 18.09 18.53 18.78 18.95 18.60 18.77 18.25 17.55 18.22 19.00 18.88 17.67 16.40 16.21 16.71 17.19 17.58 17.58 16.88 15.66
5.33 5.27 5.32 5.33 5.20 5.06 4.93 4.84 4.77 6.69 6.56 5.92 3.99 3.60 3.12 2.68 2.28 1.96 2.46 1.64 1.69 1.70 1.41 2.56 3.02 3.48 3.93 4.50 5.12 5.71 6.27 6.81 7.60 8.44 9.13 9.95 10.82 11.67 12.40 13.01 13.69 14.69 15.67 16.45 17.51 18.62 19.39 20.11 20.61 21.85 21.30 20.74 19.19 18.74 18.19 17.84 17.95 18.63 18.97 19.15 19.10 18.81 18.53 17.71 17.99 18.87 21.10 17.96 16.64 16.43 17.11 17.41 17.58 17.56 17.08 16.21 15.30
5.55 5.47 5.47 5.51 5.46 5.36 5.22 7.41 7.33 6.89 7.10 6.82 5.57 4.08 3.61 3.10 2.65 2.25 3.25 2.79 2.04 1.68 1.22 0.96 1.94 2.84 3.50 3.44 4.22 5.27 5.67 6.31 7.24 8.04 8.69 9.56 10.47 11.31 12.08 12.72 13.47 14.56 15.84 16.36 17.66 19.35 20.51 21.43 22.06 21.48 24.01 18.60 20.31 18.17 18.18 18.41 18.58 18.97 19.16 19.09 19.04 20.99 20.54 17.79 18.70 20.87 18.20 17.33 16.69 17.43 17.88 17.53 17.30 16.93 16.41 15.93 15.58
5.77 5.71 5.66 5.68 5.71 5.66 5.55 7.78 7.89 7.86 7.62 7.50 6.50 4.95 3.80 3.59 3.10 3.11 3.31 3.26 2.48 1.88 1.40 1.09 1.49 2.29 2.69 3.04 3.74 4.98 5.15 5.28 6.47 7.56 8.23 9.18 10.10 10.92 11.31 12.17 13.17 14.41 15.39 16.44 18.14 20.25 21.30 21.40 21.12 23.84 20.12 19.44 18.37 18.28 18.58 18.65 18.70 18.97 19.07 18.95 20.68 20.47 17.78 18.45 18.90 20.83 17.86 17.21 17.34 18.00 17.65 16.95 16.71 16.60 16.50 16.22 15.88
5.97 5.94 5.89 5.88 5.93 7.58 5.89 7.38 8.00 8.12 7.90 7.84 7.22 5.93 4.58 4.11 3.74 3.51 3.68 3.91 2.95 2.36 6.14 5.34 1.22 1.77 2.25 2.70 3.31 4.27 4.70 5.00 6.40 7.03 7.84 7.94 9.20 10.01 10.72 11.70 13.08 14.25 15.12 16.45 18.38 19.65 20.19 20.09 19.65 19.42 19.33 19.88 20.14 19.47 19.49 18.50 18.75 18.94 20.70 18.59 19.66 18.17 18.52 18.92 20.68 20.47 20.02 19.00 17.72 17.70 16.95 16.51 16.72 16.92 16.70 16.09 15.73
6.22 6.17 6.10 6.09 6.13 8.35 8.22 8.06 7.90 7.92 7.89 7.94 11.47 6.79 5.30 4.48 4.09 3.54 4.11 8.30 7.94 2.81 2.41 2.01 5.13 1.58 1.89 2.44 2.77 3.62 4.30 4.67 5.66 6.31 6.70 7.70 8.80 9.60 10.54 11.84 13.27 14.39 15.24 16.92 18.66 19.43 19.43 19.39 19.58 19.74 20.32 19.99 19.94 18.85 18.16 18.60 18.87 18.83 19.82 18.20 18.31 18.88 19.16 20.76 20.30 19.74 19.34 18.82 17.72 17.33 16.75 16.76 17.07 17.02 16.44 15.80 15.98
6.49 6.43 6.33 6.32 6.36 6.39 8.66 8.73 8.70 8.62 8.30 8.21 7.90 11.32 6.09 5.47 4.50 4.09 4.37 4.34 8.47 7.14 2.74 2.34 6.33 3.74 4.33 4.50 2.43 3.32 3.98 4.23 5.25 5.97 6.37 7.33 8.38 9.42 10.60 11.89 13.24 14.35 15.63 20.53 22.24 22.00 19.69 19.81 20.03 23.29 23.48 21.98 17.65 17.66 18.57 19.10 18.98 19.13 18.39 18.42 19.05 19.40 21.15 20.71 19.69 19.59 19.91 19.48 17.67 17.17 16.85 17.01 17.06 16.86 16.32 16.01 16.62
6.69 6.69 7.37 7.79 8.27 8.66 6.77 9.05 9.12 12.37 12.27 8.55 8.01 7.88 7.03 6.49 5.26 4.65 4.90 4.65 8.84 7.62 7.23 2.67 2.26 4.49 4.18 4.03 3.72 2.96 3.46 3.89 4.84 5.45 6.10 7.06 8.06 9.27 10.39 11.51 12.90 15.61 17.34 19.34 21.73 22.49 19.65 19.80 22.49 23.08 21.79 17.85 17.32 18.35 18.62 19.68 19.39 19.21 18.57 18.99 19.66 21.24 21.06 20.44 20.35 18.44 17.94 17.62 17.46 16.89 16.73 16.93 16.96 16.80 16.37 16.35 17.08
6.84 6.87 6.87 7.99 8.39 8.81 7.09 9.21 9.35 9.41 13.12 13.16 11.96 7.87 7.47 6.91 5.44 5.57 5.68 5.15 8.82 8.10 7.58 8.59 2.61 7.22 3.95 3.71 3.71 5.08 3.08 3.64 4.34 5.08 5.99 7.01 8.13 9.21 10.18 11.47 12.48 16.33 17.78 19.49 21.47 21.17 19.16 21.57 21.86 18.71 18.03 17.32 17.90 19.14 19.72 20.19 19.79 19.76 19.38 18.64 21.67 21.53 20.86 18.41 18.29 17.98 17.51 17.34 17.09 16.61 16.62 17.05 17.13 16.78 16.52 16.84 17.33
7.00 7.04 7.09 7.17 7.23 9.09 7.47 7.59 9.48 9.57 9.68 14.00 13.80 12.18 7.90 7.25 6.30 5.88 5.83 9.30 9.34 8.95 7.94 8.04 8.97 7.60 3.87 3.80 3.82 5.64 5.74 3.48 2.90 2.96 2.50 3.18 5.52 6.45 5.68 7.63 13.99 18.33 19.05 20.08 20.09 18.09 19.21 21.64 20.94 18.14 17.63 17.33 17.67 18.56 20.23 20.42 20.72 20.90 20.67 21.37 22.16 21.56 18.22 18.15 17.80 17.40 17.26 17.20 16.94 16.71 16.97 17.42 17.25 16.82 16.87 17.18 17.23
7.11 7.23 7.32 7.41 7.53 7.71 7.86 7.95 8.04 9.95 9.96 9.90 9.59 14.27 13.19 10.62 8.83 8.14 8.54 8.64 8.23 8.32 7.12 6.81 8.13 7.81 4.07 3.68 3.40 5.28 5.68 3.31 1.79 2.13 1.74 2.36 5.00 5.94 4.81 6.35 19.37 19.45 18.45 18.66 18.04 18.90 21.14 22.95 22.60 20.18 17.40 17.94 18.60 19.13 19.95 19.94 22.47 20.75 20.56 20.99 18.72 18.21 17.88 17.81 19.42 18.28 18.09 17.88 17.31 17.45 17.37 17.52 17.17 16.97 17.01 17.06 16.86
7.12 7.36 7.56 7.62 7.77 8.02 9.95 10.08 10.22 10.33 10.30 10.35 14.71 14.14 14.26 13.94 10.49 9.05 9.48 9.37 8.30 8.16 6.83 5.67 7.88 8.10 4.75 3.44 3.02 4.89 4.04 2.51 1.99 2.00 1.32 2.65 3.54 4.43 5.61 8.12 18.06 18.43 18.42 18.64 18.70 21.19 23.78 23.84 22.15 18.53 17.53 18.95 20.82 20.88 19.69 20.38 23.29 20.16 21.52 20.22 20.29 19.73 18.78 18.46 17.84 18.09 19.02 17.63 18.05 18.16 17.57 17.14 17.02 17.01 16.93 16.81 16.57
6.93 7.23 7.53 7.60 7.73 8.01 8.24 10.01 10.30 10.23 10.07 10.32 14.73 14.60 14.38 14.77 14.76 12.03 11.75 11.16 9.84 9.33 6.68 4.48 5.82 7.78 4.78 3.09 4.17 4.83 2.86 2.23 2.12 2.30 2.09 3.03 2.94 3.85 6.52 10.98 15.07 17.47 19.13 20.12 21.15 23.59 24.04 22.75 20.18 18.08 18.58 22.23 23.27 22.59 21.68 21.57 20.53 21.53 19.96 20.01 19.74 18.65 18.30 18.66 18.35 19.76 18.13 18.29 18.60 17.98 16.83 16.66 16.86 16.94 16.85 16.64 16.39
6.64 6.91 7.20 7.38 7.50 7.67 9.77 9.75 9.97 13.53 9.69 9.93 14.78 14.91 14.58 13.40 13.44 13.81 13.07 12.67 12.54 11.85 9.33 4.81 5.50 6.71 4.94 3.73 4.16 3.29 2.54 2.23 2.09 1.98 3.60 3.10 2.86 3.83 7.01 12.45 15.44 17.45 18.73 19.90 21.82 23.44 23.54 21.87 19.79 19.89 22.85 24.04 23.54 21.77 23.05 20.93 19.64 20.26 20.23 19.39 18.81 18.84 19.38 19.81 20.13 18.79 18.13 21.09 21.38 17.05 16.24 16.55 16.87 16.88 16.81 16.57 16.30
6.44 6.64 6.88 7.14 7.29 7.34 7.60 9.38 12.87 13.14 9.43 9.75 14.78 14.80 14.06 13.86 13.31 13.05 12.83 12.12 12.19 11.66 11.24 6.49 5.39 5.18 4.48 3.78 3.81 3.44 3.18 3.21 2.45 2.85 4.00 2.49 2.19 3.92 7.93 12.13 14.87 17.21 19.29 21.16 21.70 22.45 23.15 22.01 20.13 22.29 23.26 23.28 21.83 18.38 22.50 22.14 18.34 19.21 21.76 18.61 18.52 20.96 20.12 20.16 18.92 21.21 21.06 21.42 17.50 16.49 16.40 16.83 16.91 16.85 16.90 16.65 16.23
6.30 6.41 6.62 6.88 7.03 7.07 8.84 9.14 12.92 13.05 9.13 14.05 14.40 14.10 13.56 12.42 12.31 12.67 12.39 11.84 11.71 10.22 10.85 8.22 7.00 5.14 4.15 4.10 3.82 3.62 3.80 3.95 6.38 5.82 6.54 2.08 2.36 3.30 7.89 12.76 15.51 18.09 20.48 21.80 22.56 23.47 23.66 23.16 23.56 24.26 22.73 20.94 17.76 20.25 22.27 19.32 19.05 19.54 20.63 19.87 19.18 21.74 19.85 19.61 20.58 18.49 17.88 17.66 17.20 16.66 16.79 16.99 16.85 16.86 17.01 16.58 16.03
6.16 6.23 6.40 7.95 7.98 8.15 8.51 8.87 8.87 12.87 8.91 13.86 13.92 13.50 13.64 13.33 11.77 11.61 10.92 11.20 11.05 9.22 10.40 9.96 9.47 5.64 4.28 4.07 3.96 3.93 4.41 5.30 5.36 6.02 6.87 2.08 3.74 6.26 7.65 15.78 18.57 20.60 21.28 21.97 22.88 24.33 24.48 24.43 17.92 23.01 21.85 19.73 19.06 22.71 18.72 18.17 19.72 21.46 21.53 20.15 20.32 21.58 19.15 19.25 19.15 18.59 17.95 17.55 17.17 16.84 16.88 16.96 16.81 16.89 16.91 16.30 15.84
5.94 6.07 6.20 7.59 7.62 7.91 8.25 8.47 8.56 12.77 12.75 13.25 12.61 13.42 12.68 6.88 13.29 12.57 12.07 11.59 11.48 9.10 9.60 9.09 7.67 5.52 4.30 3.89 3.96 4.73 4.94 7.10 5.65 6.30 7.24 4.83 5.18 6.58 10.08 18.51 21.31 19.27 22.45 22.80 22.95 23.76 24.14 24.05 22.21 19.34 20.35 18.57 20.82 18.80 17.66 18.96 21.81 23.23 22.15 19.39 20.98 21.65 20.79 19.37 20.79 20.36 19.92 19.72 16.90 16.68 16.88 17.04 16.83 16.80 16.62 16.05 15.83
5.70 5.86 5.99 6.16 7.57 7.87 7.97 8.24 8.30 12.32 12.70 13.37 13.86 10.71 12.90 6.47 11.99 5.31 12.11 11.32 10.78 10.11 9.46 8.96 7.99 5.35 4.16 4.16 4.85 6.20 6.01 5.14 5.85 6.82 7.43 8.42 3.74 4.11 11.56 19.27 18.12 18.98 19.68 22.28 22.98 24.43 24.78 22.75 19.64 18.04 18.11 16.60 17.65 17.50 19.58 21.87 21.81 22.58 21.41 19.86 22.37 22.11 20.17 20.96 20.86 20.05 19.12 17.11 16.73 16.78 17.18 17.15 16.70 16.54 16.35 16.02 15.99
5.52 5.66 5.77 5.92 6.09 6.21 7.64 7.81 12.14 11.91 12.39 13.42 13.83 11.47 12.70 11.98 11.93 11.40 10.99 10.48 8.99 8.83 8.89 9.02 8.46 7.29 4.56 4.57 5.52 6.01 5.16 6.55 6.17 6.84 7.74 5.22 4.14 5.76 11.42 19.31 20.85 18.58 19.61 22.42 23.36 24.26 23.67 21.59 18.63 18.69 16.22 18.43 17.44 17.55 20.04 22.63 21.55 22.57 22.50 22.72 23.88 20.29 19.42 18.33 19.25 19.14 18.56 18.32 16.99 17.20 17.33 16.93 16.45 16.38 16.27 16.10 16.09
5.37 5.47 5.59 5.70 5.84 5.94 7.37 7.42 7.52 12.24 12.40 13.20 13.34 12.84 11.91 11.76 11.45 11.21 10.83 10.41 9.80 8.44 7.58 8.24 7.39 7.00 4.33 4.59 4.52 3.76 4.26 6.85 6.52 7.28 5.32 3.44 4.93 7.73 14.23 20.21 20.22 20.37 22.11 16.40 24.09 23.71 23.58 22.52 21.00 19.75 14.95 18.68 19.40 20.67 22.91 24.49 24.68 25.02 24.24 23.54 23.56 19.85 19.30 19.60 20.02 19.27 18.59 18.73 17.32 19.03 17.05 16.62 16.39 16.36 16.21 16.09 16.08
5.20 5.30 5.42 5.51 5.63 5.69 7.02 7.15 7.15 12.47 12.27 13.00 12.79 13.04 11.88 11.37 11.10 11.00 10.76 10.29 9.93 9.03 7.36 6.91 5.91 4.88 3.59 4.74 3.08 2.68 6.37 6.44 7.10 10.09 8.22 6.99 6.83 10.94 18.59 18.58 17.00 20.62 21.56 22.14 23.48 18.90 25.77 17.89 21.09 18.41 18.62 16.54 21.58 21.16 24.01 26.04 26.38 19.77 24.22 23.34 23.02 19.54 20.06 23.66 20.80 19.47 19.49 19.68 19.81 20.00 19.76 16.44 16.34 16.25 16.13 16.11 15.98
5.04 5.11 5.22 5.31 6.68 6.64 6.88 6.83 11.80 12.42 12.74 12.77 12.44 11.74 11.71 11.10 10.69 10.56 10.16 9.66 9.22 8.62 7.43 6.63 5.22 4.37 3.14 4.12 2.11 3.67 7.19 7.94 9.86 8.96 6.50 6.24 9.55 14.03 18.49 19.25 18.81 19.13 20.47 21.42 22.66 23.60 23.10 21.78 19.74 17.33 18.42 17.96 20.82 20.66 22.83 24.96 25.57 24.68 23.51 22.94 22.47 19.74 19.93 22.89 23.14 23.45 20.65 20.02 19.73 19.71 19.57 16.29 16.20 16.13 16.10 15.95 15.62
4.93 4.94 4.98 5.08 6.71 6.74 6.74 6.80 11.64 12.44 12.36 12.55 12.40 11.38 11.91 11.63 10.96 10.42 9.56 9.01 8.40 7.99 7.40 6.82 5.84 4.73 2.67 2.87 2.22 4.94 7.07 7.22 8.27 7.71 7.93 8.96 13.29 17.73 18.63 18.65 18.54 18.53 20.07 21.95 23.17 23.48 22.95 22.23 21.15 15.97 18.40 18.71 21.04 18.56 22.53 25.81 25.20 23.52 23.21 23.70 23.78 23.91 25.14 26.00 26.09 25.37 23.74 19.58 19.02 18.63 18.54 16.22 16.08 16.03 15.91 15.58 15.28
4.88 4.83 4.80 4.87 4.98 6.46 6.40 6.36 6.36 11.73 11.90 11.81 12.05 11.31 11.72 11.33 10.40 10.10 9.43 8.73 8.27 7.89 7.42 7.38 6.68 6.20 4.78 1.92 3.03 5.88 7.02 6.89 8.13 9.31 11.52 14.52 18.18 19.03 18.28 19.01 19.55 20.31 21.88 23.94 25.24 19.00 18.70 17.53 19.36 16.80 19.26 20.17 20.77 18.61 26.29 27.01 25.34 24.72 25.49 26.08 26.07 25.47 25.34 25.34 24.88 24.29 23.42 19.81 19.56 19.10 18.88 16.05 15.88 15.83 15.65 15.34 15.20
4.83 4.74 4.66 4.67 4.73 6.15 6.22 10.80 10.22 10.87 11.24 11.23 11.36 10.94 10.67 10.60 9.85 9.54 9.11 8.46 8.15 7.79 7.19 6.60 5.87 5.30 4.86 2.79 3.65 6.14 6.86 7.30 9.57 11.75 13.16 15.72 17.91 18.20 18.66 20.16 21.00 22.65 20.27 17.54 18.33 18.77 17.88 20.41 16.63 18.09 20.28 19.96 21.19 23.10 29.03 27.06 26.14 25.89 25.57 25.12 24.93 24.76 24.74 24.43 23.71 19.78 19.50 19.59 19.62 19.43 19.03 15.79 15.77 15.78 15.61 15.35 15.21
4.80 4.65 4.54 4.53 4.53 5.83 5.79 5.79 11.15 11.41 11.83 11.85 11.20 10.80 10.21 9.67 9.06 8.16 7.69 7.04 7.02 6.64 6.12 4.92 3.66 2.95 2.91 2.57 3.35 6.79 7.38 9.88 12.37 13.79 15.72 17.47 17.36 16.51 20.22 19.31 17.94 19.31 16.70 17.41 18.54 19.04 21.74 14.88 18.32 19.63 20.66 18.54 24.58 28.30 27.66 25.24 23.91 24.39 24.65 24.50 24.66 25.01 24.68 24.03 23.08 19.11 18.70 18.76 18.57 18.11 17.46 15.98 15.99 15.91 15.68 15.39 15.20
4.80 4.59 4.40 4.39 4.40 5.54 5.56 5.54 10.66 11.28 11.01 11.90 11.81 11.46 10.25 9.24 9.05 8.34 7.14 6.31 5.52 3.58 4.03 3.40 2.46 2.34 2.48 2.49 2.90 7.19 9.32 12.47 14.09 15.76 17.28 15.68 15.60 15.65 18.67 16.70 18.28 19.50 16.61 17.64 18.97 19.51 19.04 17.50 19.40 19.85 20.20 21.40 25.89 25.79 22.73 21.85 23.43 24.18 24.43 24.39 24.89 24.95 24.67 23.51 22.70 22.48 19.57 19.69 19.42 19.04 19.07 19.52 19.55 19.32 15.47 15.24 15.12
4.80 4.60 4.33 4.20 4.23 5.16 5.20 5.10 10.05 10.72 10.83 10.65 11.22 10.36 9.75 9.42 9.13 9.11 8.45 7.12 5.59 3.41 1.83 1.03 1.20 1.90 3.02 3.94 2.81 7.67 10.31 13.32 14.40 15.93 17.04 15.74 15.41 18.43 18.30 20.23 18.26 19.57 16.70 18.11 19.49 20.15 19.72 26.60 19.21 19.61 20.19 21.36 21.90 22.92 21.22 24.05 26.74 26.13 25.25 24.55 24.19 23.77 23.85 24.08 24.20 16.67 24.43 16.51 24.29 24.31 15.85 22.66 19.81 15.39 15.38 15.27 15.06
4.76 4.70 3.87 4.26 4.50 4.67 4.84 4.94 9.65 10.25 10.03 10.33 10.07 9.83 9.75 9.44 9.17 8.92 9.31 8.65 7.78 5.84 3.55 1.58 0.58 0.29 1.81 3.41 3.52 7.17 13.22 15.76 14.73 15.76 17.03 17.55 18.54 19.93 20.15 20.91 21.38 19.51 17.02 18.71 28.42 28.26 27.37 25.99 18.79 19.92 20.82 22.14 25.70 28.56 27.06 29.26 28.07 26.27 25.78 19.85 25.27 24.42 24.38 16.79 16.47 23.64 16.39 23.16 22.44 19.23 18.42 17.66 15.52 15.72 15.69 15.31 14.81
