examples/cougarCreek-fire/createInputs/WindNinja/wrfout_d3.2015081100.f19/cougarCreekFire_08-11-2015_1900_217m_non_neutral_stability_vel.asc
ncols	146
nrows	140
xllcorner	610065.000000
yllcorner	5095217.000000
cellsize	216.586807
NODATA_value	-9999.000000
[rows 68 to 101 of 140, columns 0 to 76 of 146]
15.81 16.70 19.68 20.94 22.11 22.55 23.35 23.49 24.12 23.65 27.73 23.18 22.79 20.79 23.29 19.32 16.16 20.39 18.05 18.50 17.31 21.05 16.17 19.96 18.49 14.29 16.25 18.20 20.71 22.49 23.55 23.55 22.46 21.57 21.29 20.14 19.92 20.75 19.41 18.34 20.15 19.45 21.57 18.97 20.08 19.87 19.56 25.64 19.85 22.90 24.57 17.10 16.42 16.66 16.93 23.03 16.00 16.72 18.16 23.10 25.38 22.51 19.43 23.02 18.02 18.68 17.94 14.92 15.68 21.74 23.80 23.04 18.96 18.78 22.09 18.12 17.45
15.73 16.45 19.82 22.30 24.56 27.88 27.10 25.64 24.31 23.73 27.16 26.75 26.91 20.36 23.08 19.15 15.81 15.74 21.33 16.74 18.21 20.59 20.48 19.91 17.24 14.34 17.58 18.83 22.11 21.67 20.49 22.89 23.05 21.12 20.87 19.14 18.97 20.20 19.27 17.83 16.82 15.06 22.95 21.74 20.63 19.86 19.52 19.59 19.81 19.66 19.71 17.14 16.78 16.86 17.27 16.86 21.35 15.79 17.44 17.08 26.70 17.04 16.55 24.71 22.93 23.30 22.95 14.88 15.36 15.82 21.87 23.39 22.96 18.26 22.35 22.05 20.97
14.95 16.02 20.78 22.58 24.35 27.64 26.35 24.03 23.35 23.78 25.32 25.23 26.32 23.23 23.49 19.23 15.68 15.83 21.10 16.83 16.68 20.28 16.50 18.25 13.63 15.02 17.13 17.87 22.01 20.38 17.58 23.15 23.40 21.78 20.88 17.85 20.03 20.73 19.28 16.46 16.39 18.24 20.20 21.76 20.95 20.02 25.12 25.05 19.84 19.94 17.22 16.99 16.89 23.71 17.29 17.34 16.12 15.26 16.22 18.03 17.81 17.54 16.83 16.37 16.21 24.79 24.05 21.95 15.09 15.54 18.00 21.41 22.10 21.27 21.39 21.67 22.07
15.46 17.62 22.70 23.97 23.47 26.95 25.05 21.71 22.94 24.19 23.74 23.98 19.85 26.11 21.25 19.00 15.28 15.86 20.58 16.90 21.55 19.11 16.17 15.64 15.00 16.42 18.07 22.31 22.86 18.63 18.22 23.14 17.98 17.19 19.93 19.68 20.45 20.82 18.80 16.06 18.67 19.96 19.20 22.95 21.62 19.99 19.74 25.49 20.19 20.28 19.86 16.97 19.42 23.42 24.40 17.63 16.87 15.52 15.27 16.71 18.31 20.63 17.38 16.77 16.34 16.11 15.65 23.41 22.16 15.28 15.58 21.28 22.15 22.46 22.24 21.00 20.68
17.18 20.02 23.39 23.05 23.46 26.57 24.34 21.42 23.32 24.14 23.05 23.22 21.38 19.82 24.75 17.95 14.83 15.97 18.30 16.90 16.37 16.10 16.72 15.70 15.38 15.64 18.93 22.17 20.61 17.67 19.66 23.56 22.76 20.40 17.06 19.12 21.91 18.75 18.74 16.64 19.50 21.15 17.96 16.89 26.47 20.31 19.12 25.55 20.30 17.57 20.09 16.96 24.26 22.36 17.58 17.56 17.30 16.30 15.14 15.46 17.41 18.41 22.95 20.41 20.50 16.37 24.19 15.32 15.12 18.98 15.41 21.35 23.13 23.08 22.74 21.57 18.41
19.01 20.96 22.62 22.09 23.75 25.32 24.11 22.05 24.93 24.71 23.29 23.18 22.17 21.83 24.68 16.81 14.53 15.88 17.10 17.02 16.45 16.50 17.21 16.59 15.92 16.63 20.39 19.88 16.14 18.52 22.23 23.24 22.04 17.73 15.81 19.40 20.04 22.48 18.40 16.29 19.47 21.05 17.71 16.16 23.47 21.09 25.22 18.85 19.03 17.56 20.55 16.82 24.05 16.99 23.96 17.50 17.39 16.91 15.56 15.06 16.37 17.93 17.84 23.60 23.60 23.07 19.31 23.64 23.93 23.71 23.78 23.63 23.54 23.42 22.79 20.89 18.23
19.90 20.49 21.15 21.18 23.34 24.38 23.58 23.81 25.01 24.23 23.02 22.86 20.46 25.19 20.02 16.28 14.18 15.64 17.34 17.07 16.54 17.03 17.44 15.59 16.94 17.30 20.48 15.91 17.50 20.71 23.13 22.75 21.03 16.05 16.21 20.88 19.96 21.93 18.16 15.10 18.19 21.53 19.87 17.63 19.08 21.43 20.54 19.11 18.65 18.49 17.68 24.75 24.31 17.00 17.83 25.14 17.44 17.20 16.07 15.33 15.77 17.08 18.15 22.47 24.61 23.47 23.28 22.79 21.52 19.74 19.90 21.12 20.52 15.22 20.78 19.24 18.44
19.88 19.99 20.60 22.48 23.67 22.85 21.75 23.49 24.18 22.36 19.75 21.25 24.10 24.90 19.67 16.40 14.29 16.08 17.66 21.05 16.90 17.53 17.51 17.11 16.02 18.11 19.08 18.04 19.93 20.22 22.97 22.08 17.35 16.20 18.45 22.23 19.59 20.16 18.50 16.41 18.36 22.31 20.84 17.48 17.81 22.06 18.28 25.66 16.90 18.42 17.55 16.94 23.65 17.10 17.74 21.27 24.41 17.29 16.52 15.84 15.62 16.42 17.77 18.02 24.43 20.35 22.91 19.52 19.25 21.38 15.35 15.66 20.74 18.69 14.97 18.90 18.86
19.75 19.97 20.50 23.13 23.27 22.12 20.68 21.71 22.95 18.22 19.06 20.60 20.40 25.19 19.86 16.35 14.72 16.64 18.43 17.13 17.38 17.69 17.76 18.23 17.89 19.20 17.77 18.81 20.56 19.51 21.42 21.16 16.83 17.07 22.80 20.70 19.16 19.01 17.20 17.21 19.09 22.08 20.83 18.24 16.92 18.24 26.53 17.56 16.84 18.34 17.46 17.12 16.89 17.22 17.67 19.21 24.61 17.23 16.91 16.33 15.70 16.22 17.32 17.74 20.69 23.59 22.97 22.69 19.56 21.38 19.83 17.40 17.41 19.85 17.55 18.21 19.32
19.71 19.95 20.21 23.17 22.34 20.34 19.86 21.84 20.17 17.50 20.12 19.27 20.61 20.19 19.70 15.97 15.06 16.81 17.31 17.33 17.70 17.89 18.53 18.83 20.83 18.23 17.87 19.10 19.49 17.75 19.29 21.58 16.96 19.68 22.34 20.40 16.91 18.69 16.86 17.53 19.18 19.73 18.81 17.64 16.46 17.30 21.58 18.28 16.83 18.12 17.49 17.25 16.96 17.23 17.68 19.24 24.67 17.18 17.17 16.71 22.64 16.30 17.01 17.35 18.37 23.17 22.37 22.69 23.45 20.39 20.91 19.10 18.81 19.96 15.09 15.37 15.35
19.58 19.76 19.86 23.15 21.56 19.07 20.57 23.24 20.04 19.25 20.61 25.05 19.86 19.84 18.79 15.40 15.25 16.89 17.31 17.48 18.06 18.55 19.56 22.76 23.17 18.60 18.76 18.90 18.78 16.75 17.23 22.72 20.16 22.09 20.59 17.99 16.80 17.26 15.87 15.42 20.72 19.86 18.58 17.97 16.76 17.39 18.93 22.81 17.21 18.39 18.65 17.37 16.90 17.05 17.74 18.21 24.96 23.79 23.94 17.17 16.39 16.38 16.76 16.97 17.48 23.07 23.47 23.30 22.99 15.99 15.48 15.49 21.30 20.74 15.24 15.36 17.78
19.44 19.57 19.64 22.78 21.80 18.90 20.68 21.83 20.63 20.43 21.33 23.75 23.27 19.64 17.49 14.98 15.81 17.16 17.34 17.78 18.80 19.44 21.82 19.13 16.87 18.47 18.16 17.70 18.88 17.42 17.89 23.35 21.94 20.93 20.68 17.88 16.72 17.05 14.05 16.76 20.55 19.94 19.22 18.08 17.31 17.88 17.77 18.25 24.41 17.45 18.87 17.54 16.63 16.53 17.92 17.12 17.77 23.92 21.97 17.63 17.00 16.59 16.68 16.54 16.94 17.62 24.10 23.54 23.48 16.21 15.69 15.69 15.59 20.02 17.87 16.16 15.28
19.19 19.34 19.51 23.32 21.41 18.70 19.11 20.99 20.84 20.70 21.16 22.00 19.53 19.69 16.50 15.25 16.78 17.35 17.54 18.64 19.68 20.10 23.58 18.31 22.60 18.62 17.36 17.68 19.14 18.58 18.60 21.94 21.14 18.47 20.91 17.62 16.61 16.99 14.87 20.16 19.67 19.01 19.84 18.79 18.22 17.80 16.69 15.68 17.50 18.24 17.48 17.52 16.09 16.18 18.41 19.42 17.68 24.51 16.69 17.89 17.41 16.99 16.82 23.53 16.28 17.45 24.55 23.92 23.21 21.71 21.14 21.03 15.85 15.52 20.35 19.25 15.13
18.97 19.17 19.38 22.95 18.37 18.81 19.13 20.13 21.74 21.99 21.43 19.00 19.90 19.33 16.21 16.10 17.32 17.51 18.33 19.52 20.03 24.10 19.54 17.47 20.37 18.02 16.35 18.05 19.76 22.32 17.59 18.75 18.53 20.15 20.48 19.94 18.27 16.60 15.99 18.54 17.69 17.85 19.21 20.03 19.32 17.38 15.91 17.07 16.95 19.05 17.67 17.05 15.55 16.82 18.97 20.68 25.27 16.49 15.37 18.62 17.68 17.39 17.11 16.47 18.06 16.86 17.79 24.29 23.66 21.60 24.15 22.49 21.09 15.90 15.75 15.35 15.08
18.77 19.00 19.13 23.00 18.44 18.87 18.98 20.05 22.68 23.92 21.12 18.60 20.48 18.64 16.41 16.83 17.48 18.11 19.16 19.64 20.84 26.27 18.71 16.86 19.64 18.13 16.39 18.46 21.75 22.37 17.31 16.97 18.96 21.82 19.68 19.59 17.65 14.80 18.25 18.12 17.64 17.89 18.52 20.00 19.85 18.02 15.60 16.81 14.91 21.09 18.01 16.46 15.85 18.29 20.81 18.59 17.92 24.54 16.75 16.36 23.34 17.75 17.41 16.91 16.16 16.30 17.45 22.95 23.54 22.44 21.28 20.57 17.95 21.85 16.14 21.55 19.08
18.57 18.80 18.84 18.41 18.53 18.73 18.80 19.83 22.38 23.54 18.98 19.05 23.17 18.05 19.80 17.35 18.00 18.78 19.33 20.89 22.73 23.45 17.91 16.54 19.80 15.72 17.01 18.44 20.91 20.28 16.69 17.16 20.01 19.14 18.66 18.69 16.10 17.72 19.22 17.83 18.01 19.46 18.00 19.40 17.23 16.63 15.53 12.36 17.15 19.87 20.25 16.45 17.25 19.22 23.79 17.75 17.41 18.88 18.27 16.03 17.73 22.90 25.17 17.49 16.77 16.12 16.84 18.67 23.43 22.83 23.21 22.93 17.46 17.71 21.19 21.29 20.52
18.45 18.61 18.62 18.44 18.63 18.66 18.82 19.86 22.06 20.60 18.21 19.74 25.28 17.80 17.24 18.08 16.16 19.00 19.30 21.82 23.53 18.98 17.16 16.32 15.71 15.53 17.36 17.05 18.70 20.61 19.32 20.17 17.78 17.24 19.35 17.03 14.73 17.83 18.27 17.86 18.84 18.72 17.53 17.20 17.32 16.88 15.71 16.51 16.65 19.19 19.72 17.10 17.52 20.86 19.39 16.66 17.06 17.81 18.10 17.55 17.66 19.21 18.57 20.17 25.38 24.21 18.02 17.60 21.08 22.75 24.19 21.82 21.67 17.60 20.09 22.05 22.81
18.35 18.44 18.47 18.50 18.68 18.65 18.76 20.33 21.12 18.00 18.86 19.02 24.46 21.66 17.92 18.56 18.80 19.06 21.37 23.57 23.30 17.96 16.50 16.09 15.81 15.65 16.07 16.92 18.26 17.84 21.37 19.21 17.77 17.20 18.32 16.08 16.16 17.38 17.31 18.24 19.68 18.95 16.60 16.68 17.46 17.10 16.18 16.36 18.11 19.09 18.30 17.91 18.51 17.77 17.08 17.29 17.15 17.39 17.79 17.82 18.00 18.96 17.57 18.52 23.32 22.85 21.29 16.92 17.81 21.40 22.53 22.39 21.86 21.98 21.29 21.74 21.59
18.23 18.22 18.31 18.55 18.68 18.55 18.57 18.51 19.70 18.09 19.35 24.84 18.98 20.94 18.30 18.48 19.47 20.83 23.45 22.28 18.65 17.16 16.15 21.34 16.18 15.26 17.34 16.90 17.86 21.81 21.04 15.18 20.60 17.34 18.70 16.41 18.15 17.48 17.42 18.61 21.65 18.75 16.08 16.35 17.65 17.33 16.55 16.55 17.74 18.85 18.76 18.44 17.92 17.25 17.31 17.75 17.52 17.18 17.75 18.09 17.88 17.57 17.61 18.04 22.64 22.31 21.13 18.50 18.17 18.20 18.13 23.36 23.64 22.48 21.60 16.43 20.66
18.04 18.05 18.39 18.70 18.65 18.54 18.56 18.43 18.26 18.42 19.64 24.99 18.96 21.67 20.05 18.87 19.31 22.43 22.85 22.35 17.98 16.88 16.30 16.28 18.09 16.08 17.25 16.57 17.72 19.39 17.38 15.59 18.05 17.52 17.10 17.31 17.46 17.22 16.46 18.34 19.38 18.46 16.39 16.33 17.74 17.60 16.88 16.94 17.54 18.49 18.90 18.74 17.68 16.98 17.41 18.01 17.85 17.27 17.76 18.16 17.86 17.61 17.69 17.91 20.03 21.74 20.64 18.99 18.68 17.02 17.31 21.41 22.68 22.08 22.77 21.67 22.06
17.85 18.10 18.65 18.70 18.57 18.60 20.38 18.40 18.40 18.66 19.72 24.74 18.93 22.48 20.31 18.62 19.47 23.98 22.40 18.50 17.54 16.84 16.51 16.31 16.83 16.79 17.27 17.69 17.65 17.48 15.32 16.59 21.19 17.65 17.05 18.22 17.44 17.28 17.85 18.37 18.62 18.20 17.05 16.69 17.80 17.88 17.18 17.00 17.38 18.25 18.81 18.87 24.28 17.00 17.41 18.05 17.98 17.52 17.87 18.12 17.89 17.80 17.81 17.78 21.99 22.08 19.61 21.12 21.05 20.74 17.16 20.24 21.87 23.16 16.80 16.53 16.60
17.80 18.18 18.64 18.43 18.41 18.44 20.53 18.39 18.40 18.61 19.53 24.59 18.91 17.73 20.07 18.05 19.69 21.83 21.57 18.22 17.29 16.77 16.46 17.81 16.59 16.94 17.49 17.84 17.68 17.50 17.73 17.42 20.29 17.69 17.13 17.08 17.35 17.27 17.40 18.01 18.00 18.06 17.58 17.21 17.94 18.00 17.20 16.88 17.37 18.13 18.66 18.89 24.35 23.21 17.43 17.94 17.99 17.78 17.93 18.13 18.04 17.91 17.87 22.06 20.45 23.17 22.56 21.70 22.25 22.02 20.92 19.53 19.13 20.46 22.02 22.70 22.64
17.82 18.16 18.52 18.35 18.38 18.39 18.40 18.49 18.38 18.55 19.53 23.11 18.76 17.43 20.43 17.61 19.96 23.62 23.34 17.94 17.18 16.69 16.43 16.42 16.71 17.27 17.74 17.80 18.19 17.08 16.73 18.94 19.75 17.75 17.30 16.91 17.17 17.32 17.46 17.71 17.78 18.04 17.85 17.53 17.98 17.83 17.12 17.05 17.47 17.99 18.55 18.91 18.29 23.49 17.52 17.81 17.98 17.99 17.91 18.16 18.27 22.37 17.93 21.59 21.51 22.41 23.35 22.89 23.54 23.29 22.51 19.90 17.03 17.47 19.85 22.13 21.78
17.78 18.14 18.52 18.45 18.54 18.56 18.51 18.56 18.46 18.65 19.28 23.84 18.08 23.61 20.91 18.82 21.12 18.14 18.00 17.76 17.07 16.59 18.60 16.54 16.85 17.61 16.46 17.51 17.06 16.78 19.25 20.56 20.85 17.64 17.22 16.79 17.07 17.27 17.25 17.61 17.86 17.94 17.89 17.72 19.03 17.65 17.24 17.38 17.53 17.89 18.48 18.85 18.41 24.25 17.62 17.74 17.99 18.05 17.86 18.13 18.33 22.66 22.51 22.93 21.25 17.93 22.60 23.58 23.26 23.84 16.80 21.97 16.94 17.50 17.52 20.73 21.87
17.71 18.14 18.64 18.57 18.64 18.49 18.24 18.45 18.39 18.53 19.92 23.15 22.83 21.47 21.19 20.32 20.89 23.08 17.82 17.59 16.96 16.60 16.51 16.66 17.05 17.80 19.63 17.68 16.08 17.02 21.68 17.58 17.47 17.33 17.03 16.86 17.42 17.08 14.74 13.98 17.95 17.68 13.40 18.00 17.72 17.52 17.46 17.49 17.62 17.97 18.43 18.71 18.51 25.18 24.84 17.80 18.06 17.94 17.81 18.08 18.31 18.43 23.47 23.65 21.79 17.92 18.19 22.62 23.83 23.38 16.79 21.78 17.02 17.59 20.54 22.21 22.30
17.54 18.22 18.89 18.60 18.46 18.16 17.89 18.21 18.18 18.28 18.58 21.79 17.88 21.29 17.86 20.89 19.71 20.79 17.70 17.42 16.92 16.67 16.72 16.72 17.07 15.86 18.61 17.64 17.87 19.56 21.04 17.30 17.04 16.95 16.86 15.15 16.91 16.79 17.22 18.04 17.93 17.38 17.71 18.12 17.53 17.33 17.50 17.41 17.67 18.01 18.31 18.47 18.46 24.99 24.79 23.81 18.08 23.48 17.73 17.95 18.24 18.54 24.13 24.42 23.31 17.79 18.04 21.79 22.86 23.04 22.28 20.97 17.12 17.57 21.02 21.73 22.39
17.54 18.45 19.00 23.98 18.01 17.85 17.63 17.97 18.10 18.20 18.32 18.22 21.02 17.90 17.78 17.67 19.85 20.12 17.58 17.32 16.92 16.63 16.69 16.13 16.93 15.22 17.93 19.94 21.31 19.45 19.52 20.80 19.03 16.19 14.92 16.75 16.79 16.60 17.34 18.32 17.82 17.22 17.56 17.83 17.34 17.29 17.48 17.38 17.62 17.94 18.22 18.30 18.31 18.15 25.02 24.42 24.78 24.89 23.58 17.87 18.18 18.48 23.75 23.95 17.92 24.33 22.37 17.85 22.20 22.47 22.86 21.33 17.18 17.45 20.35 19.59 19.24
17.94 18.61 18.73 17.80 17.80 17.72 17.48 17.79 18.09 18.21 18.20 18.06 17.99 22.23 17.63 21.44 20.11 19.08 22.13 17.21 16.75 16.49 16.49 16.48 16.99 17.66 19.22 21.21 16.88 16.83 17.06 19.43 16.58 14.44 16.63 16.68 16.73 16.65 17.51 14.52 17.62 17.13 17.32 17.28 17.19 17.34 17.51 17.43 17.50 17.83 18.14 18.16 18.15 18.05 24.90 22.94 23.95 24.82 25.01 23.92 18.13 18.29 24.37 24.28 18.20 24.13 23.76 23.70 22.90 22.67 22.53 22.61 19.79 20.30 19.99 16.96 17.06
18.24 18.32 18.16 17.78 17.71 17.42 17.43 17.74 17.99 18.10 18.00 17.86 17.85 21.63 22.03 21.68 19.41 18.07 22.00 16.95 16.44 16.51 16.37 16.57 17.32 16.13 20.53 20.83 18.11 13.87 16.89 16.32 16.65 16.59 16.59 16.71 16.72 16.78 13.41 18.05 17.44 17.10 17.10 16.89 16.98 17.32 17.50 17.41 17.40 17.72 17.99 18.01 18.01 17.91 17.79 17.91 17.93 17.79 17.73 17.78 24.61 23.81 24.52 24.32 25.04 24.29 17.65 23.49 23.58 22.82 22.67 22.75 22.90 22.35 20.98 18.92 16.83
18.63 18.16 17.72 17.72 17.30 17.21 17.47 17.66 17.67 17.84 17.77 17.71 17.77 21.04 17.52 17.31 19.44 19.66 22.04 16.56 16.25 16.41 16.60 17.00 17.44 20.37 20.95 18.32 16.68 16.79 16.70 16.61 16.57 16.53 16.59 16.67 16.64 16.75 17.38 17.78 17.33 17.06 16.93 16.66 16.85 17.24 17.40 17.35 17.35 17.57 17.81 17.91 17.89 17.77 17.81 17.93 17.91 17.77 17.71 17.71 17.70 24.56 23.86 24.12 24.88 18.25 17.82 17.41 17.20 17.10 17.05 17.17 17.18 22.55 22.21 19.71 16.63
18.89 18.26 17.78 17.60 17.29 17.25 17.59 17.51 17.42 17.71 17.56 17.61 17.76 21.68 17.48 17.29 20.28 20.94 21.51 16.30 16.41 16.73 17.01 17.17 17.11 21.04 19.71 16.66 16.73 16.64 16.53 14.16 16.46 16.52 13.45 13.78 12.78 12.91 12.81 14.23 17.34 17.07 16.75 16.45 16.70 17.07 17.21 17.25 17.27 17.46 17.73 17.83 17.71 17.66 17.83 17.93 17.86 17.71 17.67 17.68 17.60 17.57 17.75 17.86 24.56 18.11 17.85 17.55 17.31 17.19 17.14 17.17 17.13 22.81 22.36 21.45 18.94
18.19 17.82 17.73 17.26 16.91 17.50 17.67 17.39 17.48 17.55 17.26 17.59 17.80 17.59 17.50 17.25 17.08 16.94 16.54 16.36 16.66 16.99 17.06 16.78 19.68 19.45 16.61 16.69 18.66 17.02 16.36 16.35 16.39 13.21 13.84 13.45 13.34 13.76 13.14 12.61 17.79 17.22 16.51 16.25 16.49 16.86 17.05 17.07 17.12 17.57 17.81 17.63 17.45 17.61 17.88 17.89 17.78 17.64 17.62 17.65 17.55 17.49 17.62 17.74 17.83 17.86 17.76 17.61 17.42 17.33 23.36 22.96 22.79 16.96 22.72 22.04 20.61
17.56 17.92 17.70 16.31 17.07 17.64 17.38 17.33 17.57 17.20 17.14 17.74 17.79 22.32 17.40 17.05 16.87 16.84 16.55 16.57 16.64 17.86 16.66 19.11 16.41 16.57 16.66 16.60 20.04 16.47 13.79 16.36 16.41 16.50 15.15 15.18 13.39 15.90 16.02 17.46 18.46 17.11 16.12 16.04 16.23 16.69 16.88 16.77 16.99 17.78 17.86 17.35 17.25 17.66 17.91 17.77 17.65 17.56 17.58 17.61 17.51 17.43 17.53 17.67 17.73 17.64 17.59 17.62 17.54 23.67 23.77 23.94 23.08 23.04 22.38 16.72 16.63
17.79 17.78 16.79 16.26 17.16 17.57 17.14 17.40 17.28 16.89 17.10 17.68 17.51 17.29 17.07 16.84 16.79 16.75 16.52 16.52 16.41 16.27 16.08 15.42 16.52 16.61 17.58 19.95 20.02 16.08 16.27 13.58 15.04 16.06 16.75 15.74 15.68 15.73 16.25 18.05 18.45 16.56 15.71 15.82 16.11 16.57 16.64 16.50 16.93 17.82 17.83 17.27 17.20 17.71 17.85 22.26 22.43 22.12 17.55 17.59 17.50 17.40 17.45 17.59 23.74 25.36 23.54 17.59 17.64 17.41 24.35 23.47 23.21 22.94 16.67 16.48 22.26
