examples/cougarCreek-fire/createInputs/WindNinja/wrfout_d3.2015081100.f19/cougarCreekFire_08-11-2015_1900_217m_non_neutral_stability_vel.asc
ncols	146
nrows	140
xllcorner	610065.000000
yllcorner	5095217.000000
cellsize	216.586807
NODATA_value	-9999.000000
[rows 34 to 67 of 140, columns 0 to 76 of 146]
4.56 4.57 4.67 4.03 4.31 4.50 4.59 8.67 9.33 9.54 9.97 10.86 10.66 9.82 9.28 9.28 9.30 8.96 8.98 7.86 6.93 6.96 6.50 5.06 2.51 1.66 2.32 2.69 2.78 8.34 17.46 17.60 16.28 16.30 17.35 18.51 19.77 20.50 22.36 23.21 23.85 24.79 25.88 27.44 28.18 27.81 26.60 25.14 18.50 19.41 20.41 21.09 23.75 26.96 28.70 29.30 27.93 26.24 26.15 25.58 25.37 23.78 18.75 22.56 22.33 22.35 19.30 18.47 16.70 15.58 15.95 16.00 17.55 19.12 19.79 19.28 18.49
4.45 4.36 4.45 4.40 4.32 4.22 4.26 4.19 8.84 8.97 9.35 9.07 10.41 10.18 9.28 8.17 7.28 6.18 5.28 4.56 5.45 6.72 7.17 8.05 10.29 12.83 7.28 3.21 2.52 13.71 19.76 20.63 17.50 16.26 16.94 17.75 18.51 18.16 17.64 18.42 17.78 19.48 21.54 18.88 19.75 19.39 26.69 25.81 24.68 18.98 19.42 19.43 20.66 24.27 24.38 25.19 25.87 25.22 25.15 24.91 23.32 24.31 23.15 22.03 21.55 18.65 17.97 15.81 15.72 15.98 16.31 18.05 18.92 19.34 19.12 18.70 14.19
4.73 4.53 4.42 4.47 4.13 5.87 6.58 3.71 8.58 8.87 8.85 8.46 7.78 9.43 9.35 8.46 7.43 6.83 6.96 7.96 9.19 8.77 9.04 11.03 13.07 13.68 12.77 10.16 5.65 18.98 19.99 21.25 21.33 17.23 16.80 18.25 17.77 17.86 17.77 18.12 18.86 20.13 17.75 19.14 19.48 18.91 18.73 18.66 25.70 24.65 19.85 19.71 20.14 20.30 19.59 19.60 23.76 23.39 23.59 23.94 24.37 24.49 24.32 23.33 23.56 22.27 18.66 18.37 18.85 22.50 18.76 18.82 18.38 17.74 14.45 14.27 14.20
5.08 4.78 4.58 4.49 4.35 4.10 3.83 8.32 3.29 8.77 8.43 7.66 7.22 8.96 9.47 9.20 8.59 9.83 11.55 11.98 11.22 10.06 10.72 12.32 13.15 13.52 11.81 13.25 18.73 22.89 20.49 20.96 20.54 21.62 21.80 22.95 23.66 21.21 20.77 20.27 20.60 20.82 19.93 18.84 19.07 19.28 19.76 19.05 24.82 24.64 24.76 20.23 20.65 19.44 19.57 19.86 19.13 18.65 18.64 18.83 19.12 18.84 18.60 18.78 19.26 19.67 19.51 19.01 18.41 17.97 18.48 22.24 21.58 14.58 14.48 14.25 14.16
5.65 5.37 5.14 4.83 4.78 4.56 10.08 3.99 8.82 8.56 8.10 7.52 8.73 8.94 9.43 9.10 9.50 10.95 11.24 10.31 10.36 11.06 10.69 11.51 13.28 13.19 10.81 12.90 18.46 10.24 21.72 20.88 21.37 19.74 19.12 19.72 19.00 20.87 21.26 23.16 24.56 25.38 21.96 20.58 20.26 20.47 20.12 18.94 18.07 18.17 25.12 24.93 20.20 17.94 18.47 18.14 17.96 17.48 16.96 16.98 18.45 17.91 17.87 18.39 18.83 19.02 18.53 17.69 17.33 17.32 17.45 17.42 17.25 17.55 18.52 17.09 14.07
6.48 6.22 5.89 5.58 5.40 5.21 12.13 4.45 8.26 7.99 7.43 7.37 6.67 8.35 8.44 8.42 9.36 11.04 11.41 11.18 12.41 12.03 9.26 10.30 13.81 12.22 9.72 12.64 15.72 17.04 21.56 21.49 18.43 20.24 21.12 20.27 20.13 15.80 15.67 16.14 18.26 24.53 25.58 28.08 29.22 27.76 27.08 26.97 24.90 18.46 17.65 24.60 23.72 24.66 20.29 17.76 20.41 19.35 16.53 16.83 16.15 17.33 17.79 18.72 18.85 16.05 15.32 14.90 15.01 15.17 15.12 14.76 14.55 16.39 16.48 16.13 16.43
7.25 6.92 6.59 6.62 6.34 5.94 11.43 4.97 4.43 7.75 7.02 6.21 5.93 7.35 8.35 8.74 10.40 12.55 12.54 11.20 10.85 9.45 8.63 12.77 13.82 11.76 10.42 12.35 13.52 10.52 22.65 22.36 20.71 19.62 20.88 22.82 23.75 22.86 21.78 14.76 16.12 16.96 18.52 20.55 25.08 23.92 24.15 24.23 23.91 24.28 23.89 23.94 19.21 17.48 17.48 18.04 18.06 16.61 16.67 17.19 19.41 15.76 16.52 16.56 15.95 15.37 14.93 14.76 14.90 15.07 14.92 14.58 14.48 14.45 14.14 13.72 13.52
8.04 7.64 7.18 7.30 7.00 11.61 6.44 5.58 5.18 7.31 6.61 6.35 6.54 8.71 10.40 10.40 12.64 12.74 11.16 8.07 7.17 7.62 10.62 14.65 13.23 10.76 10.42 11.79 13.31 14.75 24.56 21.99 20.59 19.41 17.57 18.41 22.44 22.23 21.40 23.92 16.27 24.95 26.50 27.56 26.12 18.60 18.67 18.47 17.67 17.86 18.26 18.08 18.22 19.26 20.15 20.40 20.09 19.41 19.41 19.82 15.82 15.71 16.22 15.82 15.24 14.92 14.88 14.93 14.99 15.05 14.87 14.55 14.40 14.33 14.14 13.77 13.61
8.60 8.17 7.71 7.44 7.26 6.98 6.86 6.35 6.09 5.82 5.64 6.89 7.97 10.77 12.18 12.88 12.97 10.23 7.26 6.28 6.86 9.88 14.70 17.31 12.44 9.20 10.48 13.43 14.50 16.09 22.69 23.34 20.83 17.16 17.61 19.73 21.52 21.21 20.89 21.41 24.72 25.37 26.60 27.41 26.86 26.90 25.33 18.95 17.59 16.13 17.90 15.62 16.13 17.35 17.42 16.92 16.48 15.98 16.04 16.03 15.45 15.26 15.41 15.24 14.96 15.00 15.22 15.31 15.19 15.05 14.94 14.54 14.20 14.17 14.28 14.19 13.90
9.32 8.97 8.59 8.42 8.17 14.93 7.51 7.37 7.15 6.91 7.92 10.67 13.69 13.78 13.90 13.65 11.92 9.89 8.32 7.78 9.54 14.78 17.55 14.50 11.39 10.00 13.22 14.85 14.44 15.70 22.39 23.99 23.42 22.76 19.79 20.91 20.61 20.85 20.88 20.37 21.46 24.49 27.14 25.77 19.81 20.19 19.96 18.57 22.14 17.46 15.73 15.32 15.93 16.79 16.24 15.73 15.52 15.30 19.51 16.15 15.60 14.96 15.20 15.52 15.54 15.95 16.05 15.83 15.49 15.20 15.10 14.58 14.19 14.28 14.64 14.56 14.09
10.41 10.15 9.89 9.66 9.30 9.47 8.52 8.46 8.25 10.17 13.85 14.58 14.01 13.34 13.79 13.52 13.68 13.05 10.15 10.49 13.20 15.22 15.30 14.59 12.02 12.34 15.01 14.68 13.74 16.18 22.63 23.53 24.08 24.77 22.53 23.31 20.99 20.11 20.39 20.73 19.15 20.60 18.55 19.55 20.82 21.66 25.03 23.09 16.14 14.53 14.96 14.99 15.47 15.80 15.38 14.91 14.81 15.42 16.69 17.04 16.07 15.50 15.63 16.20 16.41 16.83 16.58 15.78 15.56 15.42 15.43 15.02 14.51 14.50 14.91 14.47 14.19
11.26 11.22 11.11 10.68 10.76 10.33 10.14 9.65 9.53 15.73 15.17 14.49 12.73 11.21 12.56 14.19 14.48 11.90 8.93 9.65 12.14 14.90 15.46 15.52 13.86 14.25 15.19 14.09 13.17 17.26 22.78 22.64 23.30 24.63 24.71 24.87 23.90 22.38 22.25 22.12 20.80 17.44 18.82 20.82 22.42 25.10 25.85 16.18 12.34 12.84 13.72 17.01 15.28 15.38 15.12 14.28 14.33 16.64 18.73 17.98 16.69 16.33 15.87 16.50 17.10 20.46 21.43 20.74 19.97 20.56 20.59 17.72 17.62 17.85 17.83 17.11 16.20
12.62 12.50 18.76 11.34 11.69 11.52 16.04 15.18 16.62 16.16 15.44 13.47 11.07 12.25 14.02 14.48 13.92 8.63 8.57 9.18 11.24 15.97 19.21 19.49 15.29 14.61 13.91 12.76 13.44 17.83 22.50 22.19 22.91 24.10 27.26 26.20 24.86 23.85 24.24 22.60 17.63 18.25 20.38 24.09 27.97 27.31 22.84 13.39 12.11 11.16 12.50 14.94 16.35 15.77 15.24 14.68 15.58 18.59 20.54 18.99 17.94 16.76 17.52 20.64 21.27 22.54 21.26 20.31 22.16 22.85 21.74 22.34 21.06 18.42 18.39 18.53 20.97
13.96 19.95 14.76 12.22 12.14 12.70 17.10 16.82 16.40 16.50 14.70 12.10 10.81 11.79 11.54 8.95 10.85 8.16 9.40 11.05 14.90 20.43 20.37 19.79 15.78 14.05 12.61 12.34 14.61 18.00 20.65 22.21 22.85 24.18 27.95 27.11 25.87 25.69 25.02 24.58 23.28 27.11 29.14 30.29 27.13 22.55 15.43 11.00 9.37 10.09 12.14 16.26 18.54 16.84 16.24 17.47 19.09 18.57 21.36 24.43 23.54 23.03 23.90 24.36 24.66 24.26 23.15 22.56 22.14 21.48 21.41 21.41 20.71 18.45 18.60 18.25 18.34
14.80 20.65 18.43 17.74 19.32 18.09 18.25 16.52 14.36 15.56 12.89 10.77 10.65 9.70 11.21 12.18 8.47 9.64 11.24 13.50 16.34 20.37 19.64 17.32 14.41 13.07 10.90 12.64 14.35 15.41 18.54 20.39 21.06 24.34 27.82 27.49 25.39 24.95 26.25 24.93 30.35 28.86 26.78 28.95 23.35 21.01 14.62 15.99 9.61 10.81 14.25 16.73 19.63 18.67 18.41 21.15 23.69 28.87 25.63 24.19 24.20 24.78 24.29 23.07 22.90 22.62 21.95 21.35 21.12 21.77 20.80 20.42 20.61 20.80 18.38 17.79 20.02
21.98 16.93 20.85 20.06 15.24 17.89 15.66 12.28 12.26 13.84 12.83 11.40 11.49 11.88 10.46 12.95 14.72 16.01 16.78 15.90 16.38 21.46 19.71 15.36 15.08 13.59 12.48 13.38 12.66 13.85 18.56 18.87 18.08 24.88 28.95 28.25 25.53 26.67 27.25 29.69 28.50 28.19 25.98 24.34 25.75 16.35 19.40 12.96 11.58 13.98 15.22 18.71 23.55 26.98 28.37 29.31 27.68 26.33 25.18 23.15 18.20 17.46 17.67 22.59 24.77 23.22 22.69 22.06 21.35 20.95 20.66 20.40 20.25 18.04 18.05 17.36 17.09
19.68 22.34 21.14 16.45 14.82 13.26 13.41 13.01 12.99 12.70 12.06 12.06 12.61 12.00 16.14 17.90 17.38 17.92 17.27 15.98 16.56 20.77 20.52 20.50 18.24 15.69 13.73 13.23 13.40 15.79 20.72 18.69 19.52 26.10 29.24 29.97 27.13 27.31 27.78 26.31 30.57 27.70 26.36 22.18 20.45 21.37 22.01 20.77 20.23 20.14 23.15 22.41 20.21 20.90 23.65 27.48 20.20 19.37 24.47 23.59 18.56 16.97 15.99 16.14 22.85 23.06 21.95 21.36 20.56 19.95 19.89 19.80 17.39 17.95 17.90 16.86 15.52
20.89 19.76 18.12 15.76 14.56 14.65 14.27 14.05 13.73 13.20 13.12 13.76 14.35 15.14 19.08 18.62 18.02 18.01 16.95 16.36 16.98 17.11 20.77 21.22 19.73 14.80 11.92 13.20 14.13 17.80 20.75 18.73 22.62 27.51 31.02 30.31 25.74 26.82 26.70 25.22 27.16 28.66 27.10 23.90 17.43 17.87 15.94 14.57 15.40 18.34 18.32 18.13 16.68 17.85 18.77 27.63 20.82 19.07 18.72 23.76 22.52 17.90 15.79 15.14 16.55 17.75 20.94 22.56 21.53 17.34 16.72 21.76 17.76 17.88 16.60 16.27 16.19
24.29 20.29 21.09 16.00 15.87 15.52 15.04 14.82 14.85 14.26 14.84 16.56 19.89 19.70 19.82 18.91 18.09 17.29 16.81 17.24 17.68 16.90 17.26 16.03 17.72 14.12 14.76 15.00 14.76 20.98 22.16 20.08 23.64 28.22 31.05 28.31 25.45 27.24 25.85 26.85 28.46 28.94 26.85 24.29 23.58 17.80 16.11 14.36 14.72 14.79 14.97 15.25 16.04 15.87 18.69 17.12 26.35 18.93 25.48 23.45 22.84 22.01 16.88 15.09 16.33 16.45 15.87 16.84 16.75 15.53 13.06 14.83 15.68 13.00 12.59 12.54 12.48
22.60 24.07 17.54 17.33 17.13 17.18 17.69 17.35 16.26 14.98 18.62 21.27 17.31 16.42 15.92 15.99 15.72 16.43 16.83 17.57 19.89 18.26 18.80 22.46 13.89 15.42 12.58 16.94 20.10 23.90 24.43 20.31 22.16 28.01 30.57 26.36 25.06 25.15 26.82 27.84 28.61 28.27 26.38 24.51 23.27 17.48 16.81 14.71 14.62 14.56 14.67 14.98 15.85 16.01 18.71 22.45 27.26 23.62 18.44 18.62 18.47 17.18 14.51 15.04 15.10 14.54 14.66 14.85 13.99 13.13 13.14 13.35 13.05 12.77 12.64 12.54 19.70
24.85 25.71 19.38 19.63 22.63 21.72 18.36 16.98 17.13 17.60 22.06 18.45 17.15 16.23 16.89 17.43 16.12 15.72 16.65 17.84 18.40 18.39 20.52 21.52 15.70 15.76 18.74 20.16 19.54 23.54 23.98 18.39 20.87 27.67 23.97 25.93 24.31 27.82 28.13 28.94 27.45 28.32 27.19 24.52 17.88 17.33 17.00 14.99 14.85 14.80 15.04 15.27 15.94 17.22 19.11 22.14 21.63 18.83 17.80 17.82 17.44 14.57 14.63 15.05 14.84 14.52 14.58 14.53 13.78 13.40 13.50 13.20 12.75 12.69 12.69 12.60 12.64
25.89 23.18 20.15 23.11 19.58 17.71 16.15 18.18 22.22 22.43 19.07 17.86 16.86 16.28 16.70 17.42 16.64 16.85 18.08 18.80 21.20 23.03 21.99 18.60 17.41 18.50 19.20 17.66 17.87 23.25 24.20 18.20 21.25 26.68 30.82 17.35 22.26 23.31 26.95 28.50 27.64 28.51 28.28 25.48 18.27 17.35 15.47 15.36 15.18 15.04 15.27 15.63 16.27 17.62 19.77 21.31 20.17 17.32 16.74 16.31 15.44 14.88 15.05 15.11 15.11 14.91 14.33 14.12 13.90 13.82 13.94 13.45 12.78 12.61 12.72 12.81 12.81
24.99 18.99 18.74 18.81 14.79 14.87 16.43 22.54 20.76 19.11 17.37 16.62 17.14 16.71 16.71 16.91 17.17 17.61 18.80 24.15 22.92 22.98 21.51 17.42 16.86 18.09 15.88 15.51 18.55 23.94 23.05 18.47 20.46 26.19 29.12 27.25 21.80 24.51 26.19 24.50 24.68 24.87 27.05 27.95 24.16 18.08 16.98 16.24 15.71 15.09 15.30 15.82 16.57 17.81 19.43 19.00 17.64 17.34 16.94 16.17 15.53 15.32 15.36 15.24 15.35 15.10 14.15 13.97 14.16 14.11 14.05 13.56 12.72 12.38 12.69 12.97 12.85
20.97 18.68 18.27 15.00 13.91 16.19 18.84 21.73 16.60 14.82 14.40 15.79 16.13 15.20 15.48 16.18 16.16 16.03 24.47 24.55 22.16 21.97 19.76 15.14 16.64 17.31 14.75 16.78 21.55 24.16 20.55 16.43 17.42 22.18 30.57 25.77 22.66 26.45 26.79 24.22 25.05 24.79 27.24 25.84 26.71 18.75 17.56 18.16 16.53 15.28 15.53 15.71 16.45 17.78 18.36 17.27 16.85 17.41 17.07 16.35 15.91 15.54 15.46 15.49 15.38 15.04 14.41 14.20 14.28 14.12 13.77 13.36 12.78 12.50 12.87 13.17 13.11
20.84 18.68 16.07 15.07 16.01 17.80 22.49 17.56 14.86 13.82 13.48 15.61 14.97 13.73 11.44 13.32 15.77 20.76 19.93 19.42 21.50 21.06 15.35 16.22 16.77 15.10 16.53 17.88 23.58 21.62 16.84 16.64 18.07 21.72 32.56 25.94 25.15 26.44 27.55 23.98 27.72 27.97 26.84 24.71 25.27 24.69 22.21 19.09 18.41 16.90 16.14 15.33 18.15 17.19 17.28 16.52 16.85 17.50 17.22 16.66 16.15 15.52 15.53 15.65 15.35 15.14 14.75 14.35 14.22 13.90 13.44 13.33 13.10 12.99 13.44 13.53 14.02
20.78 18.09 16.20 17.26 19.41 21.40 18.80 15.17 13.56 13.27 13.21 14.47 11.22 12.96 14.43 17.00 20.03 22.83 19.56 16.94 21.25 16.95 16.64 16.79 17.39 14.79 17.78 19.52 22.16 18.30 15.62 18.12 20.95 23.37 28.21 27.53 25.91 25.41 24.01 22.84 24.64 26.99 26.85 23.99 23.16 25.76 24.36 19.54 24.39 18.80 18.26 15.01 14.70 16.32 16.73 16.52 17.13 17.64 17.27 16.74 16.19 15.62 15.73 15.66 15.38 15.26 17.78 14.23 14.13 13.67 13.41 13.81 13.66 13.57 14.05 19.39 20.91
20.26 17.57 17.09 19.22 20.48 19.21 15.70 13.19 12.45 11.22 13.50 13.16 13.26 14.99 17.90 20.49 18.75 24.32 18.59 16.57 19.79 19.74 18.82 18.96 14.63 15.49 16.68 19.18 17.55 15.60 17.29 20.49 21.75 23.47 26.47 27.30 27.56 24.05 24.05 23.59 23.71 24.23 24.17 26.51 23.14 22.81 22.72 24.62 25.08 19.61 17.53 23.66 16.18 15.68 16.36 16.76 17.38 17.85 17.24 16.61 16.21 15.91 15.98 17.52 18.47 14.97 14.44 14.22 14.17 13.83 13.85 14.36 15.23 15.73 21.66 21.12 17.59
19.21 17.16 17.49 18.99 17.79 16.49 13.90 12.39 12.51 12.42 13.13 15.14 17.55 18.15 20.72 22.90 30.39 22.82 19.83 18.71 17.55 21.80 19.97 15.47 14.77 15.87 17.19 16.06 15.63 17.38 20.52 21.80 21.31 24.17 26.46 26.57 25.24 24.02 23.64 23.82 23.40 24.37 23.92 26.53 26.51 25.36 25.31 25.05 25.02 19.96 17.43 16.02 15.51 15.33 15.96 17.04 17.33 18.55 18.47 17.47 17.12 16.96 17.34 17.68 15.08 14.54 14.38 14.54 14.57 14.39 14.80 17.29 22.11 21.60 18.08 20.96 21.26
17.91 16.78 17.14 17.37 15.64 14.62 12.48 11.09 11.66 13.08 16.38 18.21 19.53 20.27 18.78 26.03 24.52 21.39 17.32 18.66 17.60 21.68 22.26 17.88 15.39 15.67 15.14 15.25 16.21 18.79 21.42 20.58 19.27 24.51 27.11 25.13 25.11 23.91 23.14 23.03 23.67 24.27 23.51 22.80 25.98 25.40 25.78 23.57 23.42 19.89 17.46 16.59 15.67 20.82 15.71 17.35 17.29 17.97 24.83 25.49 18.08 17.39 17.65 17.12 16.36 15.11 14.55 14.44 15.27 17.04 21.72 21.94 21.27 17.56 21.01 21.71 21.44
16.41 15.89 15.96 15.52 13.99 12.61 10.96 10.97 13.92 16.28 19.67 20.30 19.90 17.25 19.93 29.98 23.30 18.09 18.97 22.66 22.79 22.40 22.03 19.78 15.41 15.40 14.72 15.19 16.74 18.82 20.04 18.41 19.35 26.33 26.85 24.51 23.91 24.01 22.88 22.71 23.54 24.47 23.04 21.99 22.75 22.64 22.31 24.62 25.20 19.89 17.68 16.80 15.51 21.24 15.66 17.46 16.48 17.91 22.93 23.46 16.40 16.68 24.14 22.60 20.35 16.41 15.84 22.40 21.77 23.75 22.73 22.19 21.79 21.69 22.08 21.75 21.40
15.57 15.12 14.84 14.46 13.22 12.06 12.43 16.07 19.01 21.30 18.55 17.14 17.38 18.05 29.97 24.86 22.17 19.41 18.35 22.80 18.71 17.71 21.10 19.52 16.62 15.81 14.27 15.60 18.23 19.11 19.54 21.13 22.72 25.14 25.45 23.87 22.13 23.12 22.35 21.45 23.30 24.51 27.09 23.05 22.58 22.50 21.61 18.81 18.92 25.11 19.84 16.93 15.58 14.98 15.59 17.20 18.12 18.09 17.36 22.25 16.45 16.17 16.61 21.38 22.85 23.25 21.96 20.96 14.91 20.49 21.81 17.79 20.94 20.99 18.44 21.81 17.99
15.09 14.48 14.09 14.46 14.69 15.79 18.99 20.66 21.92 19.73 20.32 20.64 23.61 30.12 24.74 23.42 20.91 18.36 17.22 22.89 15.96 16.52 20.76 20.56 16.86 14.48 14.54 15.26 17.26 17.82 19.61 23.55 23.70 24.47 24.53 22.24 21.43 22.18 21.37 20.34 22.62 24.96 27.00 22.67 22.26 22.17 21.08 21.40 18.41 18.27 20.47 17.35 15.74 15.13 16.02 16.90 17.85 17.90 17.55 24.16 16.58 16.77 16.50 20.97 20.70 22.74 22.09 21.79 18.66 19.80 23.17 22.50 21.02 20.13 17.86 21.63 20.23
13.82 13.11 13.47 16.02 15.89 18.80 20.98 19.15 18.82 18.74 20.65 23.19 26.84 27.18 23.29 22.48 17.00 17.94 16.36 18.81 15.92 16.72 17.10 16.02 17.24 13.93 14.30 17.03 16.53 18.04 21.78 24.64 23.91 23.61 22.80 21.31 20.84 22.29 20.33 19.41 22.08 24.28 25.28 26.90 19.76 19.53 18.91 18.90 18.11 17.87 19.65 19.49 15.75 22.46 15.89 16.78 17.38 17.74 17.83 17.19 25.62 16.70 22.78 21.59 21.56 21.73 17.68 21.76 22.65 23.78 23.46 17.93 22.43 21.53 21.12 21.81 16.45
14.19 14.16 16.16 17.41 20.03 21.07 18.20 18.39 18.71 19.87 23.26 25.67 26.72 26.11 23.29 19.52 16.52 17.97 16.64 21.84 17.06 17.81 16.90 15.67 18.01 13.67 14.18 17.54 18.62 21.82 24.12 24.31 23.18 21.76 21.70 21.11 20.00 21.34 20.10 17.81 22.04 22.86 25.33 20.54 20.44 23.89 25.15 24.57 25.09 19.16 23.82 19.16 17.94 16.13 19.07 16.66 16.69 17.39 18.18 26.35 16.79 22.36 21.79 15.92 21.11 22.49 21.36 15.01 15.63 24.25 23.60 22.98 22.61 21.53 19.38 16.57 14.37
