examples/cougarCreek-fire/createInputs/WindNinja/wrfout_d3.2015081100.f19/cougarCreekFire_08-11-2015_1900_217m_non_neutral_stability_vel.asc
ncols	146
nrows	140
xllcorner	610065.000000
yllcorner	5095217.000000
cellsize	216.586807
NODATA_value	-9999.000000
[rows 102 to 135 of 140, columns 0 to 76 of 146]
17.63 17.30 17.00 16.73 17.12 17.23 17.30 17.39 17.26 16.64 17.03 17.35 17.13 17.09 16.70 16.76 16.89 16.67 21.59 16.41 19.80 15.66 15.83 16.33 16.64 16.51 17.05 18.98 16.83 16.13 16.32 16.37 15.87 16.02 16.36 14.92 12.42 12.45 14.00 17.61 17.63 16.11 15.53 16.13 11.54 16.43 11.69 11.11 16.86 17.62 17.83 17.41 17.27 17.69 25.15 24.81 25.63 25.05 22.58 17.59 17.50 17.40 17.39 17.48 17.60 17.51 17.36 17.49 17.62 17.45 17.12 16.96 16.93 16.88 22.80 16.75 16.56
17.68 17.32 17.32 17.07 16.67 17.28 17.32 16.95 16.69 16.54 16.88 17.01 16.94 16.89 16.60 16.76 16.83 16.67 16.58 15.98 15.59 15.71 16.04 16.62 16.57 16.33 17.26 18.34 15.89 16.21 15.71 16.30 15.74 15.42 15.42 15.76 14.64 15.46 16.91 18.17 19.00 16.12 15.63 15.77 11.34 11.47 11.16 16.33 11.52 12.18 17.76 17.50 17.40 17.67 22.04 22.56 22.50 22.34 17.50 17.61 17.47 17.33 17.35 17.39 17.52 17.48 17.34 17.42 17.44 17.40 17.15 16.91 16.99 16.91 22.65 16.64 22.08
16.99 17.07 16.90 16.79 16.56 16.97 17.50 16.58 16.17 16.59 16.79 16.92 17.13 16.86 16.53 16.94 16.76 16.74 16.21 19.71 15.55 15.87 16.24 16.57 18.16 16.14 17.12 18.62 15.83 16.19 18.14 16.86 15.72 15.57 15.57 17.70 16.62 15.14 15.08 15.00 14.73 15.99 13.43 10.95 10.99 16.17 16.16 16.26 11.44 11.87 11.87 13.18 17.60 17.80 17.65 21.47 21.51 17.06 17.43 17.62 22.19 22.09 17.29 17.38 17.46 17.40 17.34 17.39 24.86 23.20 23.79 23.48 17.02 23.24 22.67 16.56 16.49
16.39 16.42 16.52 16.64 16.47 16.47 17.03 16.55 15.96 16.55 16.81 17.12 17.16 16.44 16.76 16.94 16.63 16.66 15.98 19.94 15.33 15.89 16.28 16.39 17.79 16.00 16.22 20.29 16.08 16.51 18.08 15.63 15.70 15.94 16.01 18.03 15.47 15.70 16.08 11.57 12.00 14.04 11.49 10.74 16.09 11.08 16.11 16.20 11.58 12.37 17.10 17.20 17.63 18.06 17.99 21.42 16.60 16.95 17.34 17.59 21.97 21.88 21.99 23.00 25.26 25.12 25.01 23.45 24.78 23.54 23.42 23.24 23.12 16.99 16.77 16.54 16.40
16.07 16.23 16.74 16.88 16.70 16.82 17.20 16.61 15.99 16.47 17.05 17.32 16.74 16.49 16.96 16.65 16.34 16.52 15.87 15.47 15.25 15.75 16.27 19.53 15.81 15.94 17.40 20.07 16.42 16.16 16.30 16.07 16.74 16.42 16.75 16.75 12.00 15.78 16.14 12.92 15.96 14.38 11.56 15.83 10.91 10.79 10.66 11.38 16.48 12.34 16.81 16.83 17.34 18.29 18.53 20.55 16.31 16.83 17.24 17.52 22.31 22.71 24.98 23.75 23.94 23.93 23.82 24.93 23.65 23.51 23.64 23.42 23.31 22.86 16.82 16.61 22.69
16.25 16.33 16.79 16.76 16.99 17.08 17.14 16.78 16.16 16.38 16.86 16.94 16.36 16.58 16.70 16.47 16.33 16.34 15.74 15.37 15.11 15.61 15.99 17.63 16.54 15.85 17.74 18.32 15.08 15.38 14.80 17.94 17.85 16.51 16.29 13.24 15.37 16.00 16.22 16.11 14.37 12.59 11.01 10.84 10.89 10.82 16.03 16.08 10.95 10.17 10.37 9.56 12.37 15.50 21.34 21.37 19.88 16.72 17.18 21.73 23.27 24.36 22.92 22.82 17.43 23.30 24.88 24.76 23.19 23.31 23.24 23.09 23.26 23.11 22.53 16.69 16.47
16.57 16.38 16.48 16.78 17.05 17.22 17.23 16.88 16.46 15.95 16.23 16.39 16.36 16.57 16.39 16.46 16.21 15.82 15.63 15.62 15.11 15.72 16.22 15.96 15.75 15.77 17.11 16.18 15.61 17.06 16.82 18.92 18.14 15.45 12.99 15.27 15.50 12.04 18.11 18.35 12.72 10.98 10.81 10.70 10.59 15.99 10.65 10.63 10.82 9.89 10.67 9.77 10.22 11.29 25.33 25.42 21.04 16.80 20.91 22.41 24.63 22.90 22.68 17.11 22.05 23.37 23.62 23.59 23.57 23.49 24.24 23.04 23.14 22.93 22.87 22.67 22.24
16.95 16.58 16.33 16.68 16.75 16.83 17.04 16.88 16.41 15.33 15.86 16.47 16.41 16.40 16.26 16.44 15.88 15.59 15.48 15.31 15.04 15.72 16.20 18.39 16.48 17.67 17.35 15.90 17.88 18.35 17.85 18.43 16.94 13.67 15.34 15.35 15.68 15.34 18.65 16.17 11.56 10.99 10.74 10.68 10.48 10.56 15.98 15.96 16.21 16.36 16.26 9.29 10.56 13.69 18.07 25.29 21.83 20.87 21.72 22.52 24.07 22.61 21.41 17.09 21.71 23.29 23.14 23.76 23.51 23.65 23.07 23.29 22.88 22.14 21.80 22.34 22.27
17.32 17.03 16.29 16.33 16.54 16.54 16.24 16.98 16.49 15.18 15.65 16.48 16.37 16.19 16.18 16.27 15.53 15.43 15.58 15.49 15.65 16.11 19.02 15.60 15.40 17.38 17.97 16.66 18.82 18.05 17.11 16.28 12.66 15.18 15.36 15.47 12.67 17.55 16.90 12.21 11.40 11.49 11.46 10.72 10.60 10.56 10.40 16.01 11.71 16.21 11.72 11.87 12.53 13.01 17.78 17.28 20.25 21.74 23.80 24.12 24.96 22.05 21.89 17.00 23.60 23.78 24.65 22.96 23.35 23.26 23.14 23.21 22.57 22.27 22.07 22.51 22.13
16.89 17.05 16.09 15.95 16.31 16.70 16.68 17.17 16.71 14.96 15.62 16.37 16.20 16.15 16.20 15.93 15.00 15.64 15.94 15.80 15.96 16.00 15.62 15.21 15.15 15.35 15.47 15.45 17.93 16.50 15.11 15.02 15.22 15.29 15.36 15.56 16.96 17.37 13.49 11.33 15.28 11.43 10.81 10.81 10.94 10.59 10.43 10.59 11.37 16.10 11.75 12.04 12.77 14.50 17.66 18.75 21.68 25.30 25.02 24.99 24.76 24.20 24.70 23.68 24.46 24.33 24.42 24.30 24.39 23.22 23.23 22.68 16.71 16.46 16.47 16.50 22.19
16.46 16.20 15.91 15.75 15.94 16.25 16.24 16.55 16.66 15.46 15.56 15.87 15.92 16.15 16.14 15.62 15.36 15.99 16.23 15.94 15.45 15.68 15.41 14.89 14.87 15.04 15.23 16.49 16.41 15.16 14.91 15.06 13.78 14.10 13.54 16.93 17.33 14.76 12.16 11.79 10.90 10.61 10.89 10.74 10.38 10.49 10.62 10.73 9.58 10.28 10.18 9.22 9.49 10.09 13.32 25.33 25.26 25.08 25.17 24.90 24.61 24.31 23.86 23.47 23.70 23.54 23.06 23.29 23.04 23.28 23.14 22.64 22.64 22.71 22.57 22.23 21.96
16.19 15.98 16.37 15.99 15.63 15.75 15.80 15.85 16.03 16.31 14.80 15.28 15.88 16.22 16.01 15.64 15.38 16.03 16.57 16.13 14.92 15.23 14.80 14.65 14.54 14.81 15.08 15.01 15.95 15.38 14.91 15.52 15.94 14.30 15.40 17.69 15.74 13.08 12.82 12.42 12.06 12.01 10.53 9.77 9.77 15.31 9.97 10.45 9.46 9.38 9.16 9.36 10.95 13.36 17.10 22.33 24.75 24.73 24.99 24.64 24.33 23.79 23.55 23.30 23.36 23.23 22.98 22.60 22.64 22.67 22.36 22.08 21.79 21.53 21.89 21.84 21.10
16.35 16.19 15.51 15.47 15.53 15.77 15.88 15.77 15.64 15.16 14.34 15.19 15.94 16.02 15.61 15.62 15.58 15.81 16.04 15.43 15.11 14.83 14.94 14.36 14.65 14.73 14.96 14.87 14.88 14.89 16.74 16.21 14.53 14.64 17.31 16.85 13.57 12.41 14.62 13.73 14.41 10.98 9.45 14.79 15.05 15.29 15.20 10.13 10.87 10.74 10.42 11.84 13.37 15.27 17.12 18.18 21.81 23.29 24.21 24.43 23.66 23.16 22.98 22.94 23.05 22.84 22.51 22.55 22.50 22.42 22.25 22.18 21.95 21.49 21.30 21.10 20.31
15.61 15.42 15.36 15.57 15.75 16.15 16.22 15.87 15.43 15.16 14.67 15.50 15.90 15.34 15.14 15.26 15.50 15.66 15.50 15.28 14.88 14.52 14.36 14.34 14.71 14.81 14.79 14.67 14.61 14.78 17.88 14.26 14.14 15.41 17.05 14.99 12.84 14.39 15.02 13.96 14.01 9.85 14.37 9.84 10.18 11.09 11.46 10.10 10.66 11.01 11.54 13.12 14.37 16.12 17.48 17.79 17.93 18.82 21.88 23.58 23.03 22.07 21.95 22.67 22.95 22.36 22.18 22.23 22.31 22.38 22.15 22.11 21.86 21.38 20.99 20.61 20.25
15.29 15.23 15.32 15.74 16.52 16.38 16.28 15.24 15.23 15.27 14.96 15.41 15.25 14.99 15.04 15.10 15.25 15.07 15.45 15.28 14.27 14.24 13.94 14.42 14.54 14.90 14.55 14.52 14.47 14.78 14.55 14.01 14.00 14.13 15.11 12.62 14.14 14.63 15.53 12.82 13.81 13.90 10.66 11.33 12.04 12.50 12.02 11.11 10.68 11.15 12.07 13.91 15.96 16.37 17.53 18.17 17.54 18.05 18.80 21.74 22.48 21.87 21.38 22.15 22.67 22.42 22.32 22.24 22.22 22.07 21.82 21.97 21.44 21.08 20.50 20.12 15.37
15.02 14.94 15.15 15.58 15.59 15.28 15.17 15.20 15.84 14.91 15.05 14.92 14.92 15.06 15.00 15.07 15.37 15.36 15.04 14.94 14.11 13.89 13.69 14.48 15.07 14.84 14.25 14.34 14.51 14.69 14.30 13.71 13.58 13.79 13.82 13.24 15.77 15.79 14.31 11.93 13.69 13.74 10.30 10.80 11.94 13.22 13.20 11.53 11.50 12.85 13.67 15.88 16.76 16.70 17.15 17.93 18.00 18.20 18.32 20.45 21.68 21.37 21.01 21.41 21.78 21.95 22.15 22.22 22.00 21.32 21.24 21.51 21.25 20.81 20.34 19.96 15.23
14.78 14.68 15.01 15.30 15.39 15.47 15.69 15.16 15.74 14.90 15.17 15.20 15.59 15.34 14.65 14.71 15.04 14.87 14.51 14.65 14.61 13.72 13.65 14.14 14.89 14.59 13.99 14.25 14.44 14.38 14.03 13.38 13.47 13.68 13.82 14.97 13.85 15.27 12.33 13.47 13.55 13.64 11.23 12.16 13.72 14.56 13.81 12.49 13.54 14.49 14.30 16.35 16.92 16.57 17.05 15.03 18.41 18.45 15.05 19.85 15.04 20.75 15.07 20.25 20.64 20.93 21.39 22.05 21.82 21.09 20.55 21.27 20.99 20.68 15.15 15.11 15.06
14.53 14.58 14.90 15.27 15.36 16.08 15.34 15.01 14.86 14.75 15.03 15.69 16.16 15.48 14.07 14.30 14.47 14.39 13.96 14.46 14.25 13.74 13.83 14.32 14.64 14.12 14.12 14.18 14.19 14.19 13.74 13.45 13.65 13.60 13.75 15.77 15.65 13.08 13.09 10.66 13.51 11.54 12.36 13.77 14.36 14.16 13.29 13.45 14.54 14.58 14.71 16.00 14.46 14.58 14.70 14.75 14.79 14.69 14.73 14.81 19.80 14.76 19.74 14.97 20.29 20.55 20.73 21.37 21.73 21.25 20.38 20.17 20.50 20.39 15.02 14.95 14.81
14.39 14.63 14.93 15.10 15.16 16.03 15.68 14.74 14.61 14.44 14.56 14.78 14.60 14.27 13.95 14.08 14.03 13.75 13.92 14.15 13.86 13.77 13.71 13.98 14.01 14.03 14.33 14.00 13.88 14.28 14.03 13.64 13.45 13.57 13.67 13.43 13.02 12.93 13.02 13.27 13.46 13.01 13.24 13.65 13.47 13.03 13.06 14.38 14.45 14.15 14.82 15.59 14.29 14.37 14.46 14.47 14.48 14.48 14.44 14.44 14.55 19.44 19.56 19.46 14.78 19.85 20.85 20.58 21.42 21.26 20.53 19.48 19.21 19.44 19.76 14.80 14.68
14.20 14.65 15.52 14.91 15.47 16.15 15.52 15.01 14.35 14.25 14.27 14.53 15.27 14.24 14.08 13.81 13.65 13.70 13.94 14.07 13.70 13.74 13.45 13.67 14.04 14.30 14.04 13.63 13.70 14.21 13.91 13.33 13.31 13.26 13.54 13.07 12.74 12.83 12.96 13.23 13.58 13.95 12.98 12.49 11.94 12.12 13.27 14.58 14.35 13.91 14.58 15.06 15.53 14.16 14.21 14.20 14.23 14.28 14.18 14.08 14.25 18.15 18.99 18.71 18.20 18.29 20.30 20.03 20.52 21.24 20.37 19.65 19.52 19.64 14.78 14.68 14.55
14.02 14.37 14.70 14.52 15.25 15.28 14.73 13.90 14.22 14.26 15.08 14.32 14.36 14.19 14.18 14.01 13.41 13.51 13.86 13.74 13.62 13.60 13.69 13.96 14.37 14.18 13.50 13.12 13.44 13.49 13.86 13.30 13.30 13.29 13.38 12.78 12.68 12.86 12.98 13.18 13.22 13.58 11.92 11.83 11.53 12.50 14.43 14.76 14.29 13.65 13.93 14.50 13.93 13.96 13.95 13.96 14.01 14.04 13.94 13.81 13.98 14.30 19.16 18.30 17.51 17.52 14.56 18.90 18.83 20.56 20.20 19.88 14.55 14.65 14.62 14.49 14.36
13.99 14.37 15.21 14.22 14.78 14.15 14.33 13.72 14.17 14.40 14.12 14.01 14.09 14.73 14.97 14.02 13.19 13.25 13.77 14.04 13.45 13.53 13.64 13.82 14.23 13.92 13.03 12.99 13.51 13.45 13.24 13.44 13.42 13.33 13.10 12.67 12.66 12.84 13.00 13.12 12.90 13.19 12.53 12.49 12.21 13.47 13.37 14.49 13.72 12.85 13.02 14.35 13.72 13.71 13.70 13.71 13.76 13.78 18.95 13.63 13.77 14.14 18.82 18.04 14.05 14.17 14.32 18.34 18.54 19.35 19.59 19.63 19.51 14.40 14.39 14.32 14.17
13.83 13.87 14.16 14.61 14.00 13.94 13.71 13.70 14.24 14.40 13.94 13.66 13.84 13.94 14.01 13.73 12.82 13.03 13.66 13.47 13.29 13.36 13.46 13.59 13.86 13.76 12.76 12.90 13.52 13.37 13.14 13.60 13.34 13.05 12.65 12.49 12.48 12.63 12.75 12.72 12.59 12.80 12.59 12.77 13.09 14.66 13.06 13.86 13.10 13.02 13.59 13.52 13.44 13.43 13.44 13.46 13.52 13.56 13.53 13.45 13.58 13.84 13.88 13.80 13.83 13.85 14.03 14.04 19.07 19.18 18.87 18.44 14.03 14.03 14.08 14.10 13.95
13.58 13.46 13.49 13.87 14.45 13.72 13.69 13.74 14.14 15.18 13.91 13.54 13.68 13.79 14.38 13.62 12.89 13.06 13.55 13.26 13.20 13.29 13.30 13.10 13.32 13.29 12.80 13.09 14.04 13.91 13.01 12.77 13.02 12.61 12.19 12.29 12.35 12.42 12.41 12.44 12.42 12.40 12.15 12.81 12.84 12.84 12.85 13.77 13.60 14.04 13.27 13.27 13.16 13.16 13.18 13.21 13.30 13.31 13.24 13.24 13.38 19.12 19.68 19.59 19.37 13.85 13.80 13.84 20.18 19.99 19.34 13.89 13.80 13.60 13.63 13.81 13.77
13.31 13.30 13.33 13.55 13.71 13.17 13.77 13.83 13.92 14.33 13.89 13.44 13.38 13.47 13.59 13.62 13.24 13.06 13.24 13.11 13.15 13.10 13.04 12.85 12.83 13.24 13.28 13.50 13.90 13.65 12.83 12.51 12.66 12.19 12.29 12.17 12.24 12.19 12.29 12.43 12.32 12.30 12.55 12.57 12.53 12.63 12.75 12.71 12.75 12.84 12.92 12.94 12.81 12.80 12.84 12.91 13.02 13.03 19.77 13.24 19.56 13.49 13.38 19.46 13.42 13.53 19.30 13.40 14.04 20.00 13.61 13.58 13.58 13.28 13.15 13.44 13.61
13.11 13.17 13.20 13.49 14.01 14.26 14.29 14.71 14.50 14.13 14.26 13.23 13.07 13.24 13.47 14.40 13.20 12.57 12.76 13.00 12.97 12.85 12.76 12.78 12.98 13.47 13.55 13.67 13.63 12.74 12.50 12.21 12.43 11.98 12.19 11.97 12.05 12.18 12.25 12.19 11.99 12.08 12.29 12.20 12.31 12.52 12.59 12.47 12.39 12.48 12.57 12.55 12.44 12.43 12.53 12.60 12.80 12.86 12.94 13.06 13.11 13.20 13.26 18.72 13.34 19.71 19.50 13.37 14.03 18.38 13.15 13.17 13.37 13.16 12.80 13.05 13.36
13.02 13.02 13.09 13.35 13.52 13.38 13.33 13.37 13.32 13.05 13.00 13.99 12.93 13.09 13.28 13.26 12.73 12.16 12.47 12.77 12.68 12.68 12.83 13.24 13.23 13.36 13.33 13.63 12.67 12.40 12.08 12.42 11.97 11.91 11.72 11.96 12.19 12.19 11.96 11.81 11.72 11.82 11.80 11.80 10.75 12.30 12.28 12.08 12.01 12.12 9.25 12.07 12.28 12.32 12.44 12.58 12.68 12.82 12.93 12.95 12.99 13.06 13.14 13.18 13.23 19.49 19.37 13.73 13.78 13.45 13.15 13.08 13.24 13.14 12.79 12.80 13.08
13.00 12.87 12.91 13.04 13.05 13.01 12.93 12.85 12.69 12.54 12.73 13.01 12.91 12.79 12.83 12.68 12.33 12.02 12.23 12.56 12.55 12.55 12.66 12.63 13.11 13.10 13.18 13.50 12.35 12.05 11.88 11.86 11.83 11.85 12.00 11.76 11.93 11.73 11.57 11.55 11.58 11.60 11.60 11.72 11.89 11.98 11.90 9.13 11.70 11.84 7.71 12.04 12.07 12.25 12.33 12.43 12.57 12.73 12.81 12.87 12.94 12.98 13.11 13.21 13.40 19.14 19.13 19.16 13.45 13.24 13.13 13.19 13.16 13.09 12.90 12.69 12.72
12.98 12.71 12.66 12.79 12.82 12.84 12.79 12.71 12.61 12.57 12.67 12.88 12.78 12.44 12.36 12.32 12.20 11.95 12.10 12.51 12.48 12.40 12.44 12.36 12.29 12.30 12.28 13.01 11.89 11.77 11.75 11.79 11.79 11.76 11.51 11.57 11.57 11.48 11.45 11.38 11.42 11.49 11.59 11.69 11.77 11.89 11.84 11.66 11.60 11.79 11.90 7.67 7.11 12.01 12.13 12.27 12.42 12.55 12.69 12.91 13.02 12.94 12.99 19.02 19.20 19.05 18.78 13.31 13.32 13.24 13.07 13.00 12.96 12.93 12.85 12.64 12.51
13.18 12.63 12.46 12.56 12.61 12.64 12.64 12.63 12.61 12.59 12.59 12.62 12.48 12.21 12.19 12.25 12.13 11.97 12.21 12.50 12.40 12.26 12.26 12.19 12.13 12.13 12.02 11.83 11.66 11.58 11.63 11.72 11.66 11.64 11.54 11.84 11.58 11.36 11.36 11.34 11.41 11.52 11.75 11.82 11.86 11.95 11.76 11.49 8.70 8.39 8.20 7.95 7.47 6.70 11.97 12.06 12.21 12.38 12.60 12.91 16.54 18.31 19.04 19.31 19.12 18.81 18.69 12.90 12.89 12.91 12.73 12.65 12.67 12.60 12.59 12.49 12.28
13.10 12.91 12.33 12.37 12.42 12.47 12.48 12.48 12.48 12.48 12.47 12.44 12.34 12.20 12.19 12.22 12.15 12.10 12.29 12.41 12.29 12.21 12.16 12.05 12.00 12.02 11.89 11.72 11.61 11.60 11.68 11.66 11.48 11.37 10.94 11.45 11.59 11.12 11.36 11.78 11.84 11.84 11.73 11.69 11.76 11.79 11.54 11.43 11.62 11.75 11.61 11.50 11.49 7.37 6.79 6.27 6.36 12.22 12.43 18.43 19.01 18.28 18.54 18.21 18.08 12.28 12.29 12.35 12.33 12.34 12.22 12.16 12.09 12.17 12.18 12.07 10.93
13.14 12.93 12.26 12.14 12.19 12.30 12.34 12.40 12.41 12.41 12.39 12.37 12.31 12.24 12.20 12.19 12.17 12.15 12.17 12.20 12.16 12.14 12.07 11.95 11.97 11.94 11.75 11.62 11.61 11.67 11.65 11.42 11.16 11.15 11.48 11.84 12.02 12.00 11.22 11.74 11.66 11.67 11.47 11.45 11.56 11.54 11.34 11.31 11.40 11.35 11.20 11.20 11.30 11.46 8.33 8.10 7.88 9.95 12.01 11.90 18.03 17.97 17.98 18.04 17.71 11.75 11.73 11.85 11.85 11.80 11.73 11.67 11.59 11.59 11.63 11.50 11.44
13.50 12.94 12.49 11.91 11.83 11.88 11.92 12.12 12.29 12.37 12.34 12.30 12.26 12.21 12.18 12.16 12.12 12.08 12.03 12.07 12.12 12.08 11.98 11.88 11.90 11.82 11.69 11.62 11.61 11.57 11.42 11.15 11.15 11.73 11.58 11.72 12.33 12.11 11.80 11.88 11.48 11.34 11.20 11.28 11.38 11.29 11.19 11.13 11.08 11.01 10.97 10.98 11.09 8.96 9.50 11.34 11.43 11.50 11.35 11.10 10.85 16.94 17.10 17.41 17.20 16.78 11.21 11.24 11.34 11.29 11.26 11.22 11.10 11.03 11.06 11.00 10.90
13.65 13.03 12.49 11.77 11.39 11.40 11.82 12.34 12.56 12.42 12.28 12.25 12.21 12.17 12.14 12.11 12.07 12.05 12.02 12.08 12.21 12.14 11.96 11.80 11.74 11.70 11.63 11.59 11.54 11.44 11.27 11.20 11.12 11.81 12.34 12.61 12.80 11.72 11.38 11.13 11.15 11.02 11.02 11.16 11.22 11.12 11.03 10.93 10.91 10.90 10.74 10.63 6.16 8.57 11.05 10.97 10.94 10.87 10.69 10.51 10.42 10.43 10.57 10.69 16.40 16.26 10.86 10.78 10.71 10.71 10.77 10.72 10.66 10.71 10.71 9.62 9.53
