examples/cougarCreek/createInputs/WindNinja/wrfout_d3.2015081112.f15/cougarCreek_08-12-2015_0300_217m_non_neutral_stability_ang.asc
ncols	146
nrows	140
xllcorner	610065.000000
yllcorner	5095217.000000
cellsize	216.586807
NODATA_value	-9999.000000
[rows 0 to 45 of 140, columns 0 to 95 of 146]
346 342 340 342 338 329 329 333 330 320 310 311 320 326 333 344 352 353 351 356 5 0 28 53 78 83 74 77 90 107 119 123 122 113 93 75 82 104 124 134 140 144 145 142 141 141 137 130 124 119 110 100 96 95 94 90 79 228 51 47 43 37 36 36 30 22 19 20 25 25 25 27 25 22 22 26 24 16 20 31 39 35 26 21 11 2 355 341 339 326 316 330 323 316 321 322
346 342 340 342 338 329 329 333 330 320 310 311 320 326 333 344 352 353 351 356 5 0 28 53 78 83 74 77 90 107 119 123 122 113 93 75 82 104 124 134 140 144 145 142 141 141 137 130 124 119 110 100 96 95 94 90 79 228 51 47 43 37 36 36 30 22 19 20 25 25 25 27 25 22 22 26 24 16 20 31 39 35 26 21 11 2 355 341 339 326 316 330 323 316 321 322
352 346 343 347 343 333 333 340 342 339 330 323 328 330 332 344 353 355 354 359 8 3 33 52 68 73 64 64 79 97 111 121 124 117 102 87 88 99 114 126 133 139 143 140 138 137 134 125 117 112 103 96 172 89 85 78 63 315 39 35 352 236 27 297 20 14 16 21 349 25 22 23 22 21 23 327 300 14 26 40 45 39 29 22 14 6 1 354 346 328 308 312 316 314 313 315
359 353 349 354 347 336 337 344 349 351 345 339 340 336 332 340 350 354 357 2 10 7 30 44 54 57 46 55 77 89 100 110 121 124 120 115 100 95 102 115 124 132 137 137 134 133 131 121 113 105 96 141 81 76 69 56 33 192 121 228 280 20 29 318 12 7 14 23 7 24 20 18 18 21 27 29 21 17 35 53 56 48 35 23 16 10 12 16 18 40 186 248 278 302 310 313
2 359 357 358 347 338 339 339 342 346 350 349 354 348 334 336 347 355 1 6 3 9 20 38 49 55 45 63 83 92 99 128 121 132 129 128 115 100 100 109 119 125 130 135 135 133 133 126 119 110 93 75 60 60 48 31 249 39 189 16 10 285 335 13 331 10 19 26 27 23 349 17 19 24 30 33 27 24 43 58 61 57 46 23 14 11 19 32 48 70 101 232 267 287 311 316
3 0 359 358 350 342 343 347 349 346 346 351 1 356 340 335 344 356 359 11 8 13 20 38 55 61 49 66 86 96 103 111 125 139 138 133 124 110 104 105 112 119 125 133 137 138 138 180 124 110 242 54 4 2 341 245 214 355 2 133 325 313 334 311 7 15 24 27 23 17 20 20 23 29 35 36 29 30 49 61 63 60 53 20 3 9 19 35 53 58 53 335 275 277 288 296
4 360 356 356 352 348 347 344 346 349 350 353 359 355 348 341 341 353 2 9 13 18 24 37 62 63 46 63 87 97 101 149 115 135 144 139 124 113 106 103 106 114 122 130 136 141 144 139 128 96 38 25 328 293 249 266 269 243 282 293 304 335 326 321 12 348 24 343 346 19 22 24 28 32 36 2 29 33 49 57 56 53 47 20 354 358 12 30 42 43 32 3 296 272 273 281
3 358 353 354 354 353 352 347 347 351 354 355 356 353 350 349 343 347 1 11 16 19 27 38 55 57 56 75 88 94 107 100 107 122 136 136 120 110 103 99 101 108 118 127 133 140 146 150 145 357 275 260 270 265 258 281 263 279 280 301 318 322 286 4 325 339 342 336 6 1 24 26 29 17 33 29 29 33 43 46 45 43 39 27 1 344 0 24 34 30 16 6 343 308 291 292
359 355 352 354 356 355 357 353 351 353 357 359 360 357 351 355 355 346 356 3 14 19 5 15 45 57 72 89 93 93 95 110 111 131 119 123 115 108 103 102 104 109 117 125 133 140 206 233 246 242 243 262 294 287 304 278 251 276 297 309 302 300 315 320 330 340 339 338 354 353 24 351 28 28 15 3 25 29 36 40 41 38 36 28 8 345 351 10 20 16 10 4 354 341 325 309
353 350 351 356 359 357 357 357 356 358 0 3 356 2 359 5 13 356 344 328 345 19 28 35 28 66 80 89 91 93 95 104 155 89 96 104 107 106 106 107 110 114 120 125 134 152 223 226 248 242 258 285 287 272 248 243 252 269 288 272 266 353 303 322 327 330 329 335 347 354 359 21 23 18 6 22 21 28 34 37 36 34 32 28 16 349 346 360 7 9 9 5 357 348 342 326
347 346 351 358 2 4 358 358 358 0 3 6 8 1 8 10 17 0 343 347 342 5 28 38 27 70 77 77 81 89 93 97 90 68 67 86 96 102 103 104 109 116 124 128 139 191 233 241 243 263 277 270 254 232 220 236 249 264 257 266 326 290 312 317 319 333 336 343 350 353 2 14 15 20 16 18 21 30 34 32 30 29 29 29 21 5 346 343 353 1 6 6 358 350 352 340
344 345 350 358 1 1 5 359 0 357 359 8 14 18 15 9 14 360 347 355 347 18 11 41 55 68 66 60 72 86 90 93 165 49 58 78 88 94 98 101 106 116 128 153 153 231 238 237 251 269 263 255 237 226 234 253 256 264 265 318 285 300 311 312 314 333 14 19 21 21 3 13 24 19 22 18 23 30 29 27 27 26 27 26 20 11 360 345 344 353 359 0 356 353 359 353
349 349 353 359 1 360 3 359 2 4 359 3 13 23 19 11 10 356 349 5 354 3 15 13 53 50 58 57 75 88 90 87 56 41 66 81 85 87 92 99 108 121 136 165 211 238 228 253 264 254 250 242 234 230 247 259 264 271 272 271 319 355 309 317 10 13 17 21 21 19 20 22 22 18 21 20 24 27 25 23 10 22 23 22 17 8 3 356 349 350 353 352 351 355 1 356
4 5 2 357 355 354 359 2 1 4 8 5 7 14 21 18 7 352 353 10 23 29 22 21 59 45 63 77 91 95 92 163 45 48 58 70 86 89 86 94 111 126 146 160 234 225 224 246 251 248 243 240 240 235 257 267 278 289 288 293 320 349 358 316 316 320 317 322 326 339 13 19 21 21 20 21 24 25 23 22 21 20 19 18 15 9 4 360 354 352 351 348 347 352 355 352
15 14 6 358 355 354 357 0 4 3 8 12 14 5 9 13 7 358 1 3 12 15 30 36 40 56 85 95 102 103 95 83 60 72 83 84 87 97 96 104 108 122 154 223 226 221 234 262 259 254 238 241 242 242 255 257 274 287 290 293 301 301 300 310 309 302 314 326 342 8 6 354 18 11 19 21 24 24 22 20 18 17 17 16 15 12 7 0 356 353 350 348 348 347 344 345
16 14 8 1 359 358 356 357 359 2 7 10 1 1 360 4 9 7 9 6 16 23 46 83 56 68 97 100 104 107 99 85 95 105 93 88 94 98 102 107 107 113 150 230 226 232 249 260 265 243 235 245 253 257 255 264 288 288 278 288 288 286 281 284 295 315 318 335 3 340 342 15 17 19 19 22 24 24 2 17 16 14 15 15 14 13 9 4 358 354 350 345 343 341 336 337
14 13 9 4 1 1 2 360 1 3 5 7 359 359 356 359 6 8 1 3 14 23 52 80 71 67 97 103 106 106 97 98 121 129 116 103 95 106 105 110 111 116 149 224 233 241 254 257 251 239 237 257 266 265 257 287 290 286 277 284 293 284 289 296 305 317 313 339 336 353 3 17 16 18 20 21 22 23 20 15 14 13 13 15 15 14 11 7 2 357 351 342 336 334 331 338
13 12 9 6 3 3 0 1 2 358 2 4 354 1 0 4 2 358 356 356 7 16 40 56 60 61 95 104 106 101 100 116 134 144 141 122 104 102 108 110 114 122 153 218 238 248 254 254 247 244 257 270 271 260 269 284 278 283 284 274 281 287 294 292 293 316 322 338 360 4 350 353 0 0 359 356 17 20 20 17 4 13 14 15 16 15 12 9 4 360 353 345 340 337 313 328
13 11 9 7 5 4 6 2 358 358 2 3 352 13 5 359 354 354 356 356 4 15 25 44 50 62 92 101 99 92 100 124 143 152 151 132 120 106 108 110 117 128 159 217 241 244 251 252 244 254 264 269 261 249 266 270 259 260 272 273 276 284 290 295 306 316 324 4 355 343 346 1 1 9 6 358 0 16 18 17 15 13 13 15 16 15 13 10 7 2 355 349 346 347 346 315
12 11 9 8 7 6 1 2 358 359 3 352 357 357 358 1 359 355 358 356 2 18 15 29 50 67 86 93 93 93 106 152 146 158 148 136 122 111 110 113 122 136 169 220 243 247 251 252 259 266 266 257 267 253 268 263 258 262 268 270 271 284 282 291 297 308 307 312 328 335 351 356 353 11 12 357 353 353 354 1 13 12 11 12 15 15 14 12 8 2 355 352 352 352 343 312
12 10 8 5 5 4 2 3 4 359 3 354 1 352 351 357 2 360 3 359 6 29 8 14 32 62 68 78 88 104 116 127 145 167 150 129 125 118 113 118 129 148 184 227 245 254 257 260 265 264 263 254 254 268 274 249 260 268 266 269 273 282 282 287 299 305 313 321 339 334 354 351 351 359 12 354 354 358 358 351 359 9 8 10 13 16 15 13 9 3 357 353 353 348 316 311
10 8 8 6 6 4 3 4 5 359 355 353 0 356 348 14 356 354 359 1 6 13 2 12 33 62 65 75 93 111 139 126 145 173 153 134 131 121 117 122 136 163 205 238 252 251 255 262 262 253 255 250 257 255 276 252 289 275 273 272 275 283 280 283 319 306 312 313 336 339 339 347 351 0 1 1 355 352 359 359 9 7 6 8 13 17 16 13 8 3 359 355 353 352 350 334
5 6 8 9 6 5 5 5 6 359 355 351 358 6 347 13 355 19 355 4 2 0 359 6 28 70 86 90 98 111 139 143 160 189 149 133 133 129 122 126 144 185 226 250 258 257 261 262 250 246 248 269 272 247 279 282 284 264 275 276 283 287 285 310 316 309 314 316 314 336 348 345 346 9 351 352 356 353 353 351 348 5 3 7 13 15 15 12 8 3 2 2 3 4 6 353
2 5 9 10 10 10 7 6 356 359 357 352 358 9 352 350 349 349 353 0 4 1 2 3 29 58 87 96 99 103 106 114 125 177 152 135 130 130 128 130 153 207 238 255 256 258 259 255 248 249 264 266 273 276 282 284 286 293 297 279 290 290 293 280 289 301 310 317 323 340 334 354 340 347 352 352 352 356 359 354 353 348 2 4 9 13 14 11 7 6 8 12 15 16 17 6
1 5 10 11 10 10 6 7 7 357 0 356 357 1 358 350 348 348 350 353 357 3 8 4 20 49 80 93 107 95 106 121 143 173 167 139 128 135 149 136 168 246 253 260 258 253 256 257 255 253 266 269 273 274 279 267 271 277 279 300 308 285 311 320 318 310 314 320 327 330 337 342 343 348 346 349 351 349 9 10 360 353 3 2 6 11 14 13 10 10 14 17 19 22 28 16
1 5 10 11 11 9 5 6 7 356 2 357 355 356 359 353 348 348 349 349 350 2 5 5 11 44 84 97 87 93 114 134 159 174 175 134 123 147 153 140 182 250 255 255 256 261 265 262 256 250 268 271 272 273 275 269 277 282 301 300 304 290 311 302 308 309 316 326 327 349 343 344 344 345 356 349 1 351 349 10 11 9 5 3 6 12 15 16 13 11 12 15 19 12 19 17
1 5 10 11 6 5 4 6 353 356 2 356 355 354 356 357 351 349 351 348 348 359 359 360 3 39 89 103 91 101 119 132 157 170 161 135 148 156 165 206 239 243 251 253 253 255 256 254 251 267 268 271 273 274 273 277 287 297 298 299 286 286 291 300 309 314 340 349 353 351 342 350 351 352 346 6 9 13 350 347 8 7 4 3 6 11 16 18 14 5 4 16 24 2 3 4
3 6 9 9 5 6 5 6 353 354 0 356 354 350 349 355 349 349 352 348 350 357 357 352 353 26 64 84 87 104 124 126 138 149 146 151 158 168 187 213 234 240 248 254 255 254 255 257 256 266 267 273 275 273 276 282 288 292 296 299 304 293 311 318 327 348 347 351 338 335 335 336 339 342 352 351 355 349 359 347 348 349 1 1 4 8 14 18 16 5 347 321 332 329 336 343
6 7 7 7 9 7 7 8 8 351 357 358 359 7 8 349 348 347 350 346 349 356 358 348 342 9 33 58 76 102 124 133 130 138 150 160 173 191 202 217 235 242 251 259 261 263 265 264 253 266 267 274 276 278 279 284 287 291 297 302 304 306 300 315 322 332 343 348 338 339 340 338 336 336 336 337 341 340 345 346 348 348 0 359 2 6 13 20 20 9 350 341 326 332 332 331
8 7 6 7 8 6 7 355 358 354 356 0 3 359 4 344 14 347 348 345 348 356 357 354 341 352 3 39 82 101 123 118 126 142 152 162 185 204 208 222 233 245 259 263 259 258 262 253 267 268 268 272 276 280 282 285 285 290 296 299 300 302 307 315 319 324 318 326 333 340 343 340 346 345 344 345 347 347 347 350 351 353 347 1 4 9 14 19 20 12 2 356 353 333 330 328
9 8 7 8 8 4 6 9 354 353 352 359 359 359 354 343 348 352 353 352 354 2 358 359 352 354 354 37 84 100 111 125 133 151 161 174 199 201 214 231 239 251 262 263 257 256 255 267 267 268 268 270 275 281 284 282 285 292 298 288 290 295 309 304 306 306 312 320 340 346 351 360 359 350 348 348 352 353 353 350 350 349 352 11 14 13 13 16 18 15 9 5 0 332 326 331
12 9 7 8 8 4 5 7 352 353 354 355 355 355 355 342 343 6 352 355 1 10 3 1 355 355 353 23 68 88 105 120 150 151 170 206 204 195 219 236 248 256 261 266 267 264 261 267 267 267 268 268 273 280 282 285 292 300 304 289 293 298 308 301 304 309 315 323 330 336 342 347 349 348 346 344 346 348 350 353 2 352 7 13 15 12 10 13 17 17 11 4 1 342 336 338
15 12 8 7 8 4 4 6 352 354 355 355 355 354 352 342 337 339 343 353 356 5 8 10 2 355 352 359 45 77 97 120 137 171 181 201 206 203 221 229 245 259 262 265 270 272 273 266 268 268 269 271 275 281 284 289 297 304 292 292 293 294 297 303 308 322 329 337 344 351 354 353 354 345 343 346 342 353 5 5 4 3 1 1 5 8 9 13 18 19 14 5 2 2 348 346
12 12 10 7 3 3 3 5 352 354 356 355 358 355 350 344 336 335 335 335 338 352 356 3 9 9 1 353 49 87 96 114 127 174 208 193 217 227 236 246 252 257 260 265 276 279 280 266 272 275 275 276 278 280 281 284 293 298 301 303 306 299 300 305 307 308 313 319 322 322 339 356 357 358 359 344 344 345 354 3 4 351 354 347 352 4 10 14 19 22 18 9 5 6 351 345
8 11 11 6 2 2 3 353 354 355 353 353 355 356 354 347 339 335 330 329 333 334 336 343 358 16 18 12 73 102 102 103 112 145 227 210 224 233 257 271 267 265 272 274 278 282 282 268 274 281 283 280 278 277 276 277 280 284 290 297 302 306 298 297 301 305 307 320 342 343 345 349 352 340 348 351 350 344 341 344 350 343 352 326 349 1 10 15 20 24 21 13 8 8 345 338
8 8 8 5 1 360 2 6 356 356 355 358 353 352 354 353 350 350 351 346 337 333 329 326 322 15 51 22 70 99 100 77 74 69 269 250 248 249 253 260 266 269 272 272 272 274 277 281 290 277 281 284 281 274 273 276 275 273 279 287 289 290 302 307 324 329 335 337 339 344 348 352 346 3 347 346 343 342 341 340 338 354 344 337 351 359 9 16 21 24 23 18 12 10 351 343
6 5 4 359 358 352 353 6 357 358 360 359 356 348 349 348 346 345 343 336 330 331 327 1 55 73 166 70 79 84 69 54 58 33 331 291 280 334 310 297 286 281 274 269 277 271 268 274 283 276 277 281 282 277 274 276 272 269 271 278 285 292 300 301 310 326 331 334 340 335 355 360 3 5 4 0 358 358 346 357 356 341 342 339 348 352 5 15 20 23 25 21 14 9 349 341
3 2 359 355 354 354 359 359 16 6 4 358 354 357 351 349 348 351 11 17 7 0 360 45 63 81 105 122 87 72 53 52 41 40 355 326 304 287 282 275 288 273 286 278 270 281 279 272 275 281 288 277 277 292 278 274 271 269 270 274 268 272 278 287 297 305 311 318 330 345 359 10 355 9 2 356 356 355 354 355 355 342 339 319 329 341 356 10 17 23 26 21 11 6 343 330
359 357 355 351 350 354 0 13 21 11 13 355 352 356 352 351 351 8 18 16 6 11 11 45 66 76 149 93 81 70 58 48 47 28 352 340 320 265 258 288 284 280 288 290 289 279 276 279 266 274 280 285 285 289 287 286 283 280 271 273 271 272 276 278 266 282 266 271 282 299 331 10 18 15 11 8 4 358 357 357 354 353 351 345 337 342 342 360 14 22 25 21 10 5 2 339
350 352 354 351 352 359 5 16 7 1 353 352 356 355 355 349 354 18 23 25 25 15 348 330 49 65 260 91 73 72 66 50 18 7 318 320 310 297 291 261 261 286 264 271 276 277 278 274 271 269 269 272 272 276 282 287 284 281 286 277 273 273 275 274 271 269 270 273 280 283 286 272 313 2 15 13 10 9 8 4 358 352 349 347 344 322 338 340 2 19 25 23 14 6 6 349
339 346 356 355 357 4 9 10 9 352 349 349 350 348 352 354 14 26 37 40 13 359 334 330 30 52 58 78 87 78 71 47 16 21 319 310 306 297 297 299 286 274 275 256 251 259 269 269 268 279 277 277 271 267 273 271 264 261 259 256 268 282 278 272 267 274 275 272 280 283 283 287 293 274 285 305 342 6 11 12 8 358 350 347 346 322 348 334 342 9 24 26 21 11 8 5
335 342 356 360 360 2 5 2 1 348 347 348 351 357 11 21 31 42 46 33 339 328 317 357 31 65 59 83 100 94 72 42 11 4 318 312 314 303 284 284 290 279 272 273 279 285 271 269 286 286 283 286 274 287 281 279 275 274 253 245 265 264 275 278 279 279 278 274 273 277 281 295 302 303 297 299 291 306 341 7 13 8 358 352 349 337 310 345 336 354 22 30 27 18 11 7
336 341 351 358 357 360 2 0 358 358 359 2 358 14 22 32 41 45 360 345 332 320 349 345 69 76 60 120 98 94 73 49 25 0 338 323 315 304 290 279 279 280 274 274 274 271 276 281 286 274 285 285 289 287 282 252 247 279 282 280 251 280 277 246 245 242 243 246 246 247 249 255 257 254 257 268 299 310 302 332 3 12 9 1 356 350 335 312 341 344 11 32 33 25 17 11
338 339 345 351 355 0 2 358 357 354 342 354 15 28 32 31 34 26 33 19 328 350 344 61 104 83 91 87 96 95 79 61 41 24 8 344 320 308 300 286 274 274 274 270 263 263 267 270 274 280 279 278 285 285 282 283 278 277 261 252 250 245 241 248 255 263 267 269 285 266 282 284 282 280 283 269 276 282 309 320 339 7 14 7 2 2 355 338 323 330 354 26 36 31 24 19
334 335 341 348 354 0 1 358 354 348 349 4 44 67 58 26 21 23 35 24 344 356 34 98 180 126 81 75 95 95 83 71 51 42 27 16 346 321 311 300 285 268 259 262 269 273 275 279 281 279 274 274 277 276 269 257 244 243 244 250 252 250 255 272 280 292 304 308 308 307 309 310 310 313 318 318 310 311 301 333 325 351 12 11 5 5 6 358 341 328 340 17 21 32 21 21
324 326 337 352 357 354 356 357 350 345 357 66 96 111 80 357 6 33 5 30 346 26 17 49 62 65 65 72 96 92 82 75 60 52 40 30 10 359 345 316 287 294 286 289 298 288 282 278 282 286 277 262 257 254 252 245 249 246 252 258 264 278 286 292 296 305 305 309 318 310 304 316 318 318 321 322 337 321 313 307 342 334 8 14 9 5 8 6 358 343 337 5 27 30 21 36
