examples/cougarCreek/createInputs/WindNinja/wrfout_d3.2015081112.f15/cougarCreek_08-12-2015_0300_217m_non_neutral_stability_ang.asc
ncols	146
nrows	140
xllcorner	610065.000000
yllcorner	5095217.000000
cellsize	216.586807
NODATA_value	-9999.000000
[rows 92 to 137 of 140, columns 0 to 95 of 146]
17 13 6 6 9 13 14 5 356 351 350 357 15 25 20 8 333 290 279 280 305 23 44 79 89 66 355 339 341 337 336 342 1 32 55 20 80 88 96 104 111 92 89 106 126 112 111 127 163 199 225 238 243 244 240 305 310 243 324 326 328 329 305 266 321 287 302 327 313 306 305 315 300 298 331 321 319 317 311 302 300 307 324 326 321 320 317 311 353 352 360 14 25 32 36 37
16 11 6 9 15 21 25 18 6 0 359 11 27 10 23 35 18 276 284 301 340 356 35 72 74 26 339 334 337 340 345 355 18 45 59 64 69 75 78 75 47 26 40 41 49 76 90 97 115 205 243 249 249 246 243 246 249 249 249 322 330 321 262 294 300 326 327 320 315 301 297 322 293 297 328 326 322 310 357 348 341 335 335 309 327 329 324 9 353 354 312 14 13 29 32 32
9 8 9 16 23 30 35 29 16 12 23 34 10 359 10 36 25 305 299 317 351 9 34 64 42 353 334 333 337 344 358 8 19 33 41 42 45 52 55 45 23 15 27 39 51 70 86 89 89 168 248 251 248 245 246 250 252 253 254 256 326 263 265 265 264 289 313 314 312 302 295 316 285 329 330 343 357 332 309 354 346 340 346 352 346 310 309 325 1 5 314 25 40 5 10 22
4 6 13 24 32 41 45 34 20 20 31 29 358 345 0 22 12 332 317 334 8 2 27 28 1 343 336 336 343 354 4 6 10 19 24 27 33 43 47 39 25 21 29 41 52 61 69 72 71 66 257 251 247 244 244 246 249 252 254 257 261 264 266 271 273 272 269 268 301 302 296 303 324 323 331 343 336 350 1 306 348 338 306 309 309 347 317 322 320 3 23 327 24 32 30 1
5 7 18 34 45 52 52 34 23 28 35 29 357 336 348 8 5 344 336 358 29 23 351 346 344 341 340 344 350 357 0 1 4 8 15 21 31 45 52 46 33 30 32 39 47 52 53 54 56 52 301 258 253 252 253 253 253 254 256 258 261 264 268 273 277 283 290 290 286 294 295 303 302 306 321 335 323 339 357 311 1 350 340 340 320 330 329 331 359 353 311 327 324 23 24 15
9 12 24 43 57 65 56 35 30 36 38 33 1 328 336 357 359 349 353 19 35 3 333 334 340 343 345 348 350 353 356 359 2 5 12 21 34 48 54 51 41 33 30 34 42 47 48 49 52 51 13 294 276 268 265 264 263 262 262 263 264 266 269 272 277 281 285 288 288 291 294 296 298 301 307 326 344 322 342 333 360 355 350 352 305 352 358 6 329 2 15 9 18 18 21 31
5 16 32 47 59 64 51 36 38 41 41 28 355 332 334 350 354 354 11 27 22 344 331 334 339 343 346 346 347 351 355 358 2 6 13 24 39 51 54 50 41 29 22 26 37 44 45 47 52 53 19 322 308 295 282 277 275 273 272 271 270 270 271 274 279 284 289 293 296 298 299 299 298 299 302 310 331 300 318 346 320 314 349 314 352 317 339 355 1 339 340 13 16 17 27 25
3 21 39 49 60 53 40 36 37 36 34 13 347 337 338 346 351 360 19 24 360 339 334 339 342 339 340 342 345 351 355 358 2 7 14 25 40 51 54 49 43 25 14 21 33 40 41 44 49 48 19 334 320 315 304 294 289 286 284 281 280 279 279 280 284 289 294 297 297 298 297 296 295 292 294 300 315 334 303 327 329 354 316 323 327 316 321 341 348 5 335 13 12 12 33 325
29 33 45 54 60 47 39 36 30 31 25 3 346 340 339 342 349 359 11 8 353 343 340 338 337 333 336 340 344 350 354 357 1 6 12 22 34 42 45 44 35 18 13 19 29 37 39 42 47 45 25 347 327 320 314 307 302 299 295 291 288 288 289 291 293 295 298 300 299 298 294 292 292 293 297 302 301 308 303 313 337 323 310 305 315 311 331 310 340 334 323 9 14 15 34 336
41 47 60 63 54 44 40 36 33 36 29 5 346 335 332 335 339 349 357 356 352 357 358 331 326 331 336 340 343 348 353 356 0 4 9 17 28 34 34 32 29 21 18 22 29 37 40 44 50 51 39 1 333 326 319 312 308 306 305 300 297 295 296 298 298 298 301 302 303 303 300 297 295 296 273 305 286 306 313 334 320 311 328 293 282 341 277 289 345 305 357 315 330 2 26 28
43 50 57 54 49 44 40 39 44 51 46 32 356 303 314 325 328 339 348 351 356 6 357 336 329 332 337 341 343 347 351 356 1 4 6 13 25 27 28 32 35 34 31 33 39 45 47 52 57 57 47 14 339 326 316 309 307 306 307 305 303 302 300 301 302 304 307 307 309 313 271 269 267 273 305 307 308 308 313 319 308 331 326 336 345 332 317 313 305 282 282 273 12 5 313 327
51 55 56 52 49 48 43 46 58 65 54 32 8 328 320 320 324 335 346 359 6 351 340 337 335 336 338 340 343 346 351 356 2 5 7 14 33 47 49 54 57 51 46 47 52 56 55 57 58 55 46 28 0 328 309 303 303 304 307 307 307 308 308 309 311 312 271 271 315 318 321 276 272 274 285 307 307 307 310 327 320 310 324 326 321 345 351 328 333 3 324 311 304 313 328 329
64 68 71 67 63 61 56 50 66 67 43 8 2 353 336 324 326 333 344 4 6 341 329 332 337 339 339 339 342 346 350 355 2 7 12 23 42 56 60 60 57 51 47 48 50 48 47 48 43 44 42 34 22 352 318 306 305 306 310 313 311 313 314 316 318 273 272 318 318 320 322 322 323 287 317 286 307 305 306 320 313 309 309 324 309 331 330 8 323 354 1 334 13 342 325 320
68 70 72 73 76 82 76 60 59 54 24 356 1 3 343 330 329 334 342 357 1 343 325 324 333 339 340 340 343 346 349 353 360 7 16 26 39 46 44 38 37 37 38 37 39 36 35 37 33 34 35 31 27 15 344 314 309 311 315 319 319 318 318 319 321 322 322 320 319 319 321 322 324 292 321 286 287 292 291 291 319 312 312 328 307 321 328 324 312 336 350 332 336 9 28 321
64 61 58 60 63 61 56 51 48 40 18 360 8 4 344 331 328 334 342 348 351 345 328 321 328 336 338 341 345 346 348 352 358 6 14 24 33 37 33 30 31 33 35 37 32 30 33 28 35 26 29 29 28 24 8 335 321 319 321 324 325 324 322 321 319 320 322 321 320 319 318 319 323 297 323 282 279 276 277 292 298 322 328 298 287 285 303 310 302 302 352 327 314 354 30 339
62 59 56 56 53 45 40 34 27 27 24 18 19 8 344 325 323 333 342 343 341 339 330 323 325 331 334 339 343 345 348 352 357 3 9 18 28 31 26 26 31 35 36 37 36 36 35 35 35 27 28 24 20 24 13 356 339 329 327 329 329 328 327 325 322 322 285 286 287 288 288 317 299 300 324 289 288 289 300 323 306 324 327 307 291 345 286 295 297 289 324 336 314 299 314 320
74 68 60 57 54 48 43 33 18 22 41 46 29 11 350 320 320 333 342 339 332 330 332 332 330 331 333 337 340 343 347 352 357 360 3 12 23 25 22 25 32 36 36 36 37 37 37 36 31 29 29 22 17 13 15 8 354 340 334 334 334 333 333 331 328 326 291 327 296 294 292 321 321 301 323 324 298 299 302 320 323 323 306 315 318 315 302 298 304 305 310 317 299 281 284 304
74 72 60 57 57 57 51 35 22 15 41 42 22 7 352 331 323 328 327 328 325 326 334 342 345 339 332 333 338 342 346 351 356 357 358 8 20 23 24 29 35 36 34 37 38 38 38 38 37 33 29 24 21 25 18 13 3 350 342 342 340 338 337 336 336 335 332 293 296 329 328 323 319 319 320 303 299 295 297 300 303 302 300 306 320 330 323 322 329 323 308 297 300 312 320 327
63 61 53 53 56 53 40 26 21 18 28 27 19 11 355 347 354 336 314 320 322 323 333 350 359 346 327 326 333 341 346 348 352 355 358 7 17 21 25 31 35 37 38 34 33 33 32 37 29 32 25 24 23 19 18 10 3 356 350 349 347 343 340 339 342 344 296 338 296 296 295 289 284 288 298 298 296 292 294 296 299 302 304 305 312 328 327 322 330 331 330 329 317 322 330 326
63 61 57 55 54 42 28 25 23 8 16 19 22 18 5 3 11 355 325 320 322 321 330 4 17 346 326 324 329 338 345 347 350 355 1 7 13 18 21 26 33 39 40 37 36 34 38 36 34 30 22 21 20 17 13 6 3 1 357 354 351 347 343 341 343 348 348 345 303 299 293 287 286 281 282 294 297 300 298 297 303 304 302 301 304 319 324 317 320 328 334 359 329 322 329 15
65 64 61 59 55 44 34 32 29 17 10 19 24 20 11 3 5 357 339 329 328 329 339 6 13 351 328 326 330 335 342 346 349 354 359 4 10 14 14 20 33 41 43 39 37 31 30 28 25 26 18 17 13 13 10 6 6 7 4 359 353 349 346 343 344 347 348 348 314 308 305 309 309 302 297 297 301 301 299 300 310 315 309 312 311 315 327 329 325 327 329 353 4 326 319 323
66 65 61 57 56 63 55 45 33 22 17 24 24 18 9 1 359 351 344 344 344 346 352 1 6 353 331 326 329 332 338 346 351 353 354 359 8 10 8 16 33 44 43 37 40 36 25 26 27 26 16 13 15 15 8 9 12 12 10 4 357 353 350 348 348 349 348 348 347 344 312 332 314 314 309 304 307 308 310 306 311 329 311 307 307 305 316 327 328 335 333 323 340 326 302 288
65 63 60 58 54 46 36 31 28 32 22 24 20 15 7 5 359 336 332 349 0 2 5 7 359 339 331 328 325 326 337 351 355 350 349 354 2 4 4 14 34 45 37 42 37 32 31 27 31 30 21 23 19 10 6 11 16 16 15 10 2 358 357 355 353 321 319 316 312 309 307 303 301 307 311 311 317 327 327 315 316 322 313 305 302 302 310 320 320 329 339 327 327 342 358 326
62 62 61 57 47 33 25 22 24 24 5 9 12 14 11 10 359 335 328 350 10 18 23 16 343 326 329 330 322 320 336 0 359 348 345 349 356 358 1 13 31 32 43 30 25 23 30 31 36 34 29 22 13 5 6 14 20 21 19 17 10 4 3 3 1 358 320 317 312 307 305 302 301 305 311 311 312 312 307 305 310 319 320 318 314 311 317 322 322 324 327 325 324 359 6 341
62 63 62 55 42 32 27 24 22 20 10 353 356 7 13 12 354 342 345 358 11 23 25 4 341 335 338 332 320 319 338 5 1 347 343 345 352 356 360 9 25 35 31 34 31 29 32 37 41 37 29 17 7 5 12 19 23 25 25 25 19 11 8 8 327 319 316 314 312 310 308 309 306 308 311 313 309 306 298 293 296 302 308 309 309 310 316 321 324 334 323 314 304 308 13 29
64 64 60 50 41 34 24 18 18 20 17 359 337 348 6 8 353 348 357 4 13 19 14 358 347 350 353 336 320 320 338 0 357 349 345 346 350 356 360 4 16 30 28 33 33 32 36 43 45 40 27 13 7 12 22 27 29 30 32 31 25 17 12 11 11 327 319 312 312 315 315 309 308 307 306 309 308 310 306 301 301 299 297 301 305 312 325 318 324 4 357 329 311 26 309 10
64 62 55 47 38 28 18 9 10 15 15 8 355 348 355 359 353 355 3 7 11 14 4 357 356 3 4 342 323 323 336 346 350 350 349 350 352 357 2 358 6 26 40 42 45 43 47 55 52 43 27 15 15 23 31 36 37 35 34 33 29 346 17 14 15 335 330 319 309 312 320 311 304 301 298 299 303 306 305 304 309 318 318 312 310 319 340 329 326 360 2 337 338 320 308 337
63 60 55 48 36 23 15 9 5 6 9 9 7 360 347 348 351 359 4 6 10 9 1 359 4 11 9 350 332 336 342 334 338 347 350 353 356 357 1 358 359 23 44 55 58 60 62 62 58 51 37 24 24 32 38 42 43 39 36 35 353 347 22 19 340 337 334 328 309 303 316 319 312 306 300 303 308 313 320 316 309 320 326 321 314 319 344 337 326 357 9 344 20 14 344 11
65 60 51 45 30 16 13 13 9 3 4 9 13 8 352 341 347 358 1 3 5 5 5 5 5 9 11 0 342 344 354 341 330 337 345 353 359 360 2 2 3 30 55 62 64 64 62 61 61 59 53 37 31 40 47 51 52 49 45 358 358 349 346 345 345 342 332 331 318 304 308 320 321 318 312 306 305 308 319 324 315 311 316 313 305 300 315 326 329 351 10 341 17 17 25 31
66 57 42 32 18 12 17 18 14 6 3 7 10 7 355 337 344 352 356 359 1 3 7 8 4 6 14 10 353 350 2 355 330 327 336 346 357 3 7 11 17 39 55 59 61 59 54 55 58 61 59 49 42 52 60 63 63 63 61 356 3 357 348 347 18 15 336 332 331 308 303 312 313 311 307 304 305 304 312 320 314 314 316 314 300 352 5 25 316 324 5 333 17 12 37 32
62 50 29 20 12 16 23 23 18 8 359 2 6 5 359 350 342 349 352 355 355 359 6 7 6 10 19 17 2 358 9 7 338 325 327 335 351 7 17 23 29 40 49 54 58 56 52 53 57 60 59 52 43 53 66 70 72 74 76 350 5 0 343 345 17 16 343 339 340 321 304 297 299 304 305 307 308 305 311 318 313 315 321 323 325 319 297 21 23 278 313 319 337 34 31 37
53 41 23 19 17 21 25 24 18 7 359 358 3 3 359 355 353 350 350 352 348 354 4 6 11 17 22 18 7 3 9 11 354 331 324 327 344 12 29 34 37 42 49 56 61 59 55 54 57 59 57 47 38 54 71 79 82 84 86 87 4 4 342 342 350 15 17 340 336 325 315 312 314 316 312 307 304 302 309 318 318 316 322 327 334 348 342 336 316 308 319 331 347 23 29 41
47 40 27 26 24 23 22 19 15 5 356 356 0 2 356 353 349 350 347 348 345 350 1 6 14 21 23 19 7 4 9 15 9 343 330 331 343 14 34 40 42 47 55 63 66 63 58 57 58 59 57 47 47 64 78 87 92 95 98 104 359 356 338 336 340 339 19 338 324 318 317 323 325 325 322 315 309 306 311 314 315 322 330 336 334 351 352 32 335 322 61 19 16 23 34 28
42 39 33 29 31 27 15 11 9 2 355 353 357 1 356 349 348 346 345 345 342 345 356 6 16 22 23 15 4 5 11 18 17 360 342 341 351 12 28 36 42 50 59 66 67 64 59 57 60 64 64 62 69 81 89 95 100 104 107 111 118 321 305 303 306 330 342 350 337 324 306 318 324 333 336 325 314 306 309 313 313 321 340 352 334 337 23 25 338 313 311 41 26 28 41 25
37 37 32 30 32 21 3 1 360 356 355 354 356 358 354 349 347 347 344 345 341 340 351 6 16 22 19 8 3 7 13 18 21 14 357 349 357 11 24 34 43 53 61 64 63 58 54 56 63 69 74 79 88 95 40 101 104 106 108 110 112 112 111 108 253 294 305 330 349 336 309 323 322 330 340 337 321 307 307 307 302 305 322 351 346 339 6 50 340 311 300 36 28 29 44 44
38 33 30 29 20 6 355 356 357 353 355 356 351 352 349 347 349 349 344 343 341 339 348 2 14 20 15 5 3 8 14 19 24 20 4 358 3 12 23 34 45 53 57 56 51 45 47 53 61 69 75 80 87 91 91 93 94 96 100 102 103 101 96 87 37 317 308 325 330 340 321 330 322 320 344 346 330 312 307 304 293 290 297 316 340 349 358 33 37 334 313 26 33 42 43 44
37 30 27 26 9 350 345 350 355 358 358 350 345 343 341 342 349 353 345 340 340 340 345 357 8 16 10 3 4 9 15 20 23 18 9 5 9 14 22 31 38 41 42 40 35 33 37 44 53 60 63 64 68 73 79 83 86 89 90 90 88 80 68 49 18 350 309 312 313 263 284 320 318 311 334 344 334 311 301 301 299 301 310 312 315 332 340 25 67 346 329 33 37 42 44 29
39 31 23 19 8 349 331 333 346 8 5 336 332 337 333 336 346 351 345 339 340 340 340 349 3 7 2 1 6 11 14 17 18 15 13 12 13 16 19 25 28 29 29 29 27 25 28 35 43 48 49 49 55 64 72 78 82 83 80 77 66 48 32 22 14 4 356 357 316 292 290 300 320 309 321 336 339 324 308 302 298 293 296 311 320 322 319 318 338 341 341 23 39 47 23 25
33 25 11 8 6 359 344 337 344 2 360 334 326 331 330 331 340 347 346 341 341 340 338 344 357 356 353 359 8 12 11 13 13 13 16 15 15 16 16 20 22 24 26 28 26 24 22 28 37 42 42 43 50 56 61 65 66 65 61 56 40 21 15 15 13 9 6 357 353 345 329 323 304 338 316 325 336 328 320 313 306 345 277 284 316 338 350 335 317 326 339 39 25 56 26 352
14 7 345 359 359 354 349 346 345 351 352 337 328 331 332 331 334 343 349 344 338 340 340 344 349 346 348 357 8 9 8 10 11 14 16 18 19 18 14 15 20 24 28 29 28 24 19 23 27 35 41 44 43 42 48 50 50 46 37 31 21 9 8 11 11 8 8 9 359 356 344 335 335 305 305 309 325 321 318 317 316 313 2 285 331 314 351 49 339 329 350 346 353 27 32 357
356 352 340 342 348 348 345 344 343 343 344 338 333 334 334 332 332 339 348 343 336 338 342 345 344 342 347 358 3 4 6 10 10 12 17 22 23 21 14 13 20 26 29 28 27 24 17 21 33 39 41 44 44 36 35 37 36 33 22 20 18 13 9 9 10 8 4 4 2 358 351 343 340 346 348 346 308 351 306 347 317 330 329 290 40 34 286 29 39 344 357 33 21 21 2 29
338 343 340 340 341 345 340 337 337 338 338 337 336 336 335 334 334 339 344 339 336 336 341 345 342 341 347 355 357 1 7 8 6 9 18 24 20 14 12 12 13 19 22 21 22 22 19 21 30 36 39 41 42 41 40 42 35 24 15 20 22 18 14 11 8 4 4 5 2 359 354 350 321 322 318 351 350 350 354 353 353 338 354 354 31 32 288 314 10 346 347 23 23 21 352 22
329 339 340 340 340 338 331 324 325 327 334 335 335 335 335 334 336 340 341 339 336 335 338 343 342 341 347 350 352 1 6 4 3 7 12 15 10 7 10 12 9 9 11 13 18 21 20 19 24 30 35 40 43 39 43 42 30 15 16 24 25 21 18 15 12 5 2 5 4 1 357 353 354 328 324 321 322 353 329 316 351 323 356 27 345 356 301 304 326 347 343 40 18 22 40 358
315 330 340 344 346 352 323 311 322 329 333 333 334 334 334 335 336 337 339 340 337 335 338 342 341 341 344 346 350 359 2 359 357 0 5 5 5 6 10 14 12 6 5 10 16 19 18 17 20 26 31 37 32 39 39 32 12 8 19 26 25 22 20 18 14 8 2 2 5 5 4 1 315 319 356 353 325 354 338 1 2 322 347 24 346 37 34 33 318 346 37 349 14 33 20 358
299 311 337 344 1 351 331 327 333 336 335 333 333 333 333 334 335 335 336 337 335 335 339 343 341 340 340 341 349 356 355 355 352 355 356 358 2 7 11 17 15 4 2 8 13 16 16 16 18 23 27 33 35 31 24 16 4 6 19 25 23 21 20 18 15 10 6 5 5 7 8 333 4 328 321 319 356 327 340 344 334 333 352 21 27 27 27 31 38 335 33 27 13 31 22 23
295 296 314 348 350 342 325 328 340 341 336 333 328 332 332 333 334 334 335 335 333 332 336 342 341 338 337 338 345 351 350 348 347 347 348 353 360 7 12 16 12 3 2 5 9 11 12 12 14 18 22 25 27 22 13 8 6 9 17 22 21 19 18 17 16 13 10 8 7 8 11 8 7 9 336 326 326 326 329 344 340 338 359 15 22 28 33 336 330 337 33 17 16 19 22 19
