examples/cougarCreek/createInputs/WindNinja/wrfout_d3.2015081112.f15/cougarCreek_08-12-2015_0300_217m_non_neutral_stability_ang.asc
ncols	146
nrows	140
xllcorner	610065.000000
yllcorner	5095217.000000
cellsize	216.586807
NODATA_value	-9999.000000
[rows 46 to 91 of 140, columns 0 to 95 of 146]
317 320 334 356 0 348 350 359 357 4 74 92 110 68 15 355 1 30 344 342 341 9 2 21 38 48 61 71 106 80 81 67 64 59 52 41 20 1 347 344 332 313 309 312 318 301 297 281 270 255 259 262 268 269 268 266 260 268 279 290 296 299 301 301 304 302 322 322 307 319 328 336 338 321 322 330 349 336 324 315 314 334 359 14 11 6 4 5 3 355 328 347 20 29 30 30
310 317 333 352 357 350 354 20 58 92 79 89 46 6 356 346 5 11 349 336 347 360 10 30 53 68 69 71 92 76 63 67 69 62 58 51 17 5 356 339 345 327 330 338 321 330 310 285 277 265 263 270 281 282 278 280 286 285 289 298 299 299 298 299 304 309 308 310 315 312 314 309 307 310 317 325 347 353 350 320 312 340 342 9 15 8 3 3 3 358 340 335 2 14 30 31
303 311 330 345 354 3 27 71 77 72 30 18 7 4 5 5 6 352 348 342 353 355 46 80 105 100 80 96 84 89 61 63 71 62 62 52 13 4 358 349 347 343 342 358 325 310 290 301 280 271 275 289 298 300 295 292 292 289 285 289 296 298 298 297 296 299 304 307 301 296 290 286 300 304 302 313 322 345 321 318 312 311 332 349 12 15 9 5 4 2 353 341 346 17 15 19
300 306 322 340 8 56 80 76 50 10 354 355 357 358 1 352 4 20 26 18 349 1 56 77 89 89 123 69 72 84 73 72 74 73 66 51 23 354 352 345 358 326 288 320 348 311 323 307 298 293 296 300 303 304 301 296 289 283 275 271 276 282 287 288 288 286 286 284 281 283 283 292 295 298 305 307 305 303 335 327 309 295 321 317 341 11 14 11 7 6 4 357 345 344 1 9
298 302 315 349 55 75 65 31 8 356 352 353 354 343 345 10 31 38 35 20 352 10 49 56 54 53 60 102 78 104 87 86 83 77 67 50 22 11 353 342 336 316 299 295 297 320 314 311 309 305 303 303 302 300 295 290 285 279 274 270 264 270 278 282 283 282 285 289 295 301 303 306 309 297 304 305 335 332 333 315 343 324 307 302 301 324 7 15 15 14 11 5 359 353 2 13
293 296 313 8 44 38 16 1 356 353 350 350 353 352 352 14 41 45 35 19 360 14 37 40 52 65 81 70 81 106 89 91 88 81 69 52 29 9 4 350 334 312 290 288 297 293 264 282 291 290 290 295 299 301 298 292 290 284 275 270 267 274 275 279 276 272 282 281 283 293 300 299 298 301 308 316 318 321 329 321 349 333 313 304 285 290 282 354 19 19 17 14 11 7 5 10
293 298 324 358 9 4 360 359 353 346 343 346 352 354 2 34 55 50 36 12 10 6 22 33 70 82 70 55 85 80 86 88 86 80 67 48 34 17 6 350 334 319 292 275 283 273 272 262 271 272 277 285 294 306 309 308 301 288 281 274 269 273 281 276 270 263 264 265 275 275 266 277 275 265 259 264 264 263 274 310 300 334 327 321 314 243 272 242 293 17 21 22 22 20 18 15
302 316 0 348 349 351 358 2 351 339 336 340 353 18 63 87 88 69 49 27 21 13 356 29 64 68 348 67 86 77 89 88 83 77 63 39 29 23 14 2 345 334 305 280 275 277 281 285 290 290 279 283 287 297 307 305 297 287 286 283 277 277 282 283 280 280 263 276 268 267 272 276 277 278 274 272 267 251 267 255 284 307 314 290 282 322 291 265 249 242 321 27 34 33 29 23
301 318 346 346 345 350 2 4 347 330 329 340 30 80 92 104 96 74 48 27 18 357 348 34 60 54 56 61 82 70 83 98 89 73 61 33 28 26 20 12 354 352 337 301 269 268 275 276 273 275 284 301 288 290 293 288 277 274 280 278 271 271 277 275 274 280 282 276 272 271 267 269 274 241 272 262 258 240 269 280 280 282 267 301 321 263 319 252 248 253 256 305 36 35 31 26
283 306 331 340 345 358 2 350 340 331 331 7 63 70 85 80 50 25 5 4 3 352 359 44 58 50 52 71 71 61 52 97 91 64 63 34 20 36 24 10 1 359 352 5 333 289 263 266 273 277 278 280 301 286 288 280 268 264 270 268 263 273 264 245 248 248 264 275 243 246 245 244 242 273 245 246 271 272 231 256 242 258 291 301 313 327 332 325 314 321 332 342 335 18 37 34
271 289 295 324 13 30 335 328 328 334 11 49 87 80 68 48 16 351 338 340 351 357 18 54 56 42 50 59 58 62 82 95 92 79 65 34 17 36 11 3 357 1 357 12 353 327 288 267 267 267 280 283 281 285 282 286 281 277 275 272 254 235 248 249 250 248 235 248 251 251 248 245 244 235 251 256 256 253 263 273 258 269 275 281 293 297 326 333 342 345 356 271 6 233 267 32
279 278 282 303 128 307 306 306 313 96 71 89 83 70 80 49 8 331 323 328 347 19 45 69 54 36 46 34 45 69 62 96 89 74 62 42 16 21 357 352 351 349 352 350 2 347 315 303 281 272 270 270 281 281 273 278 272 243 244 241 241 242 252 252 252 251 252 254 252 249 243 239 235 245 255 265 277 283 285 262 253 242 240 259 266 280 294 302 327 349 0 312 294 269 28 260
294 297 359 329 307 303 301 302 93 109 132 149 83 147 138 54 350 326 323 337 4 28 55 71 61 54 56 42 47 79 94 101 81 61 54 35 8 20 26 355 351 343 345 347 344 354 344 333 321 305 285 276 270 274 264 250 243 247 261 259 249 244 237 242 244 248 252 250 247 242 239 223 251 262 272 282 288 290 271 270 302 305 255 248 242 247 267 255 282 243 298 15 44 35 22 312
296 308 341 334 318 302 302 45 102 90 130 158 166 108 329 337 333 330 336 355 12 25 44 57 62 71 65 39 60 63 106 80 52 48 51 41 26 4 356 3 356 346 347 345 348 345 340 330 330 326 319 307 289 279 276 274 271 268 265 262 260 259 259 259 258 255 248 247 241 232 246 256 269 279 284 288 289 287 271 274 275 312 272 269 262 305 250 247 252 267 243 179 287 289 47 287
288 298 339 326 307 300 293 106 84 121 85 348 337 340 337 332 329 334 352 10 17 24 38 49 59 68 61 42 71 83 73 53 38 31 51 48 31 352 353 351 353 344 341 338 338 343 346 351 338 332 309 307 307 301 298 296 290 288 285 279 273 269 266 264 260 255 244 252 258 264 268 275 280 281 279 279 270 271 283 290 298 283 286 287 281 278 270 262 260 265 269 291 176 281 295 284
281 337 317 309 298 281 189 69 110 32 353 344 341 337 335 330 330 341 5 17 22 26 34 43 58 62 50 45 67 66 56 42 30 35 47 46 32 11 351 348 347 341 338 335 330 336 337 334 331 318 308 303 300 298 310 312 313 313 312 307 299 290 282 275 268 263 262 269 277 283 284 282 278 275 266 267 272 272 269 268 272 276 280 285 285 274 285 277 268 260 253 260 189 290 189 186
307 319 320 295 284 259 6 50 356 342 340 338 337 335 328 329 332 353 16 21 25 28 29 37 49 46 39 45 53 49 52 44 20 24 34 33 27 354 354 353 350 340 339 342 333 335 335 326 322 310 302 298 305 306 308 312 314 316 317 316 313 310 306 301 294 290 290 294 295 293 289 282 275 272 264 269 265 259 253 250 251 251 247 240 272 267 267 269 263 259 255 250 252 254 262 282
355 358 349 325 315 329 342 339 336 336 335 335 334 332 326 328 337 6 23 28 31 30 27 39 39 36 42 51 48 38 43 31 359 2 19 17 2 11 353 354 351 336 329 341 337 336 339 335 328 313 305 305 306 302 303 306 310 312 312 312 312 314 316 315 312 307 303 301 299 295 289 284 279 274 269 264 257 250 244 240 239 236 230 266 262 254 254 258 256 254 252 245 233 232 238 228
6 3 356 350 344 343 342 338 334 334 334 332 334 330 327 328 345 16 31 38 40 36 40 45 41 43 54 54 49 32 15 6 351 352 12 9 1 358 356 357 352 338 322 332 339 334 337 337 329 325 307 298 298 307 300 303 309 312 311 309 307 308 310 312 310 307 302 297 294 291 287 283 278 273 266 257 249 245 255 252 255 261 261 262 266 265 261 261 259 253 250 252 251 257 260 258
1 357 352 351 348 343 339 335 334 331 331 329 327 324 317 318 345 3 30 30 48 44 55 42 52 60 70 63 56 25 341 344 347 355 9 5 2 358 358 4 357 348 329 325 332 329 337 333 326 329 315 307 301 310 301 302 308 313 313 308 303 301 301 303 303 301 298 294 290 286 281 278 274 272 269 260 252 251 250 245 234 221 240 242 242 246 249 251 251 249 252 233 222 236 223 238
354 349 343 343 340 339 337 333 333 334 332 328 323 307 293 289 325 3 34 30 28 52 33 37 48 68 91 82 58 8 336 335 343 357 6 2 8 357 358 5 2 354 355 319 324 323 331 327 326 310 320 310 311 310 300 301 307 316 319 313 305 300 297 297 297 297 296 296 293 287 281 283 281 273 273 272 273 273 272 265 251 227 213 233 224 195 182 178 219 234 216 215 226 250 271 247
347 342 335 331 332 335 335 334 335 335 333 328 314 294 280 277 304 6 26 25 38 46 34 34 44 66 96 88 44 349 337 335 340 351 359 359 10 357 0 9 2 0 2 0 319 313 318 317 308 318 312 307 312 309 295 296 305 319 328 325 314 304 297 293 290 289 292 296 297 294 285 284 284 273 271 275 278 274 266 256 239 266 257 257 262 261 248 239 230 209 208 243 265 200 208 223
337 333 329 322 325 332 337 339 336 329 324 318 307 291 278 274 306 11 16 14 37 39 31 40 43 76 93 79 17 326 329 329 338 344 3 2 9 360 3 10 10 18 19 7 349 340 317 314 307 316 310 298 303 303 301 302 296 312 329 336 324 307 296 301 286 284 286 291 296 298 294 289 280 277 280 271 265 250 271 266 248 222 220 232 243 256 257 246 198 203 204 224 231 246 247 225
326 325 320 313 320 330 339 343 336 320 311 304 293 283 275 272 292 21 9 2 31 38 42 43 44 82 92 72 8 317 309 319 337 352 5 11 11 1 5 9 13 7 5 12 358 347 323 312 308 303 304 302 305 308 296 287 304 298 318 341 341 319 299 290 286 284 284 286 289 294 298 295 288 284 278 280 282 263 240 236 238 240 235 222 207 198 199 207 219 214 202 201 202 231 212 220
322 319 315 309 318 327 343 350 340 323 305 289 277 273 273 275 292 28 10 1 16 33 50 49 66 81 78 51 13 354 308 315 335 351 4 13 5 360 11 27 322 338 6 18 8 350 321 319 313 308 304 300 306 313 305 297 282 318 303 333 352 344 323 305 294 286 282 291 282 284 289 291 294 294 289 286 283 273 264 256 263 264 264 266 277 288 289 301 318 334 320 250 221 214 220 244
321 316 313 315 319 328 346 350 341 337 326 298 277 273 277 282 298 30 12 5 9 35 61 58 80 76 55 26 21 18 321 312 334 350 4 346 349 359 19 36 336 341 355 3 15 351 339 321 313 314 307 304 308 314 311 296 295 283 293 311 345 354 344 329 315 303 294 287 290 281 281 282 292 288 287 290 292 288 284 280 270 270 289 300 319 325 326 328 336 353 359 356 351 321 233 217
317 313 313 318 325 337 349 345 339 345 346 327 303 292 288 290 313 34 11 7 11 51 78 75 88 80 49 29 36 17 329 319 337 6 22 2 344 347 18 19 340 324 351 19 18 354 324 331 319 318 310 308 312 320 305 300 299 292 305 294 318 346 349 341 330 321 314 306 298 293 298 299 291 282 283 282 300 296 298 292 279 278 290 284 304 313 310 311 321 342 359 8 293 16 253 202
311 310 312 319 328 342 348 340 337 347 348 330 316 305 296 294 331 36 23 5 21 83 44 52 81 80 45 37 40 1 331 331 352 22 3 312 319 341 12 12 350 338 355 17 21 359 332 326 326 323 316 312 314 316 320 317 310 301 295 293 300 325 343 341 331 324 320 315 310 306 294 294 295 294 292 297 305 301 306 303 281 276 279 264 264 267 262 246 242 253 291 33 61 84 271 260
305 305 307 316 331 348 347 337 340 353 337 317 310 303 293 291 357 54 46 3 48 220 288 5 58 51 17 19 22 347 334 345 1 14 352 326 324 343 4 10 355 346 359 19 23 7 338 318 328 332 319 316 315 329 316 316 307 310 301 313 293 306 330 338 331 321 315 313 309 316 317 314 313 311 304 302 307 305 306 279 299 278 275 284 254 251 247 274 273 219 220 196 116 102 263 154
305 305 306 315 333 354 352 339 352 4 326 308 304 298 289 292 338 325 308 13 166 223 254 305 13 31 21 10 0 338 337 359 8 350 334 326 327 348 2 7 0 354 4 22 26 14 349 333 324 329 324 323 321 327 314 325 319 304 295 298 291 297 315 332 334 326 317 309 301 310 321 320 315 313 313 309 307 312 307 307 308 282 267 271 286 263 255 295 266 265 218 207 183 125 275 248
312 311 311 317 334 356 354 347 359 358 332 315 309 306 299 306 14 52 30 34 148 210 261 296 336 27 38 8 341 329 331 7 8 329 321 323 328 342 358 7 7 5 13 29 31 17 356 339 328 335 332 327 328 328 329 329 318 306 297 293 316 292 301 318 331 330 323 314 302 300 313 318 317 313 322 328 307 314 316 299 300 289 306 308 289 289 300 303 286 194 215 272 204 177 96 278
319 317 315 322 340 354 349 348 354 350 337 327 323 320 317 335 31 309 38 63 102 237 282 300 342 22 40 12 338 321 357 359 353 330 320 322 326 356 358 12 18 21 27 30 26 13 359 347 332 337 336 329 333 332 330 331 318 308 309 298 309 289 293 306 320 324 322 317 302 295 303 312 319 315 328 297 319 317 294 309 309 312 303 298 301 311 311 289 294 280 19 205 269 208 154 89
324 322 320 329 348 353 346 344 345 341 329 330 328 324 330 1 42 325 359 50 41 317 303 308 328 13 31 20 354 335 322 331 339 332 322 320 321 356 1 26 38 38 32 20 12 4 0 359 345 337 337 328 334 336 338 333 314 318 315 304 293 321 288 298 313 324 318 313 306 299 291 292 306 310 328 296 305 306 299 302 322 319 319 308 305 322 328 316 313 317 302 31 89 268 315 153
329 328 326 334 351 354 345 340 338 334 329 320 311 312 339 18 4 339 355 4 334 318 311 311 328 3 24 22 2 345 333 326 326 324 320 321 325 358 6 43 6 46 30 7 357 354 1 13 4 329 335 323 328 344 321 322 322 315 328 314 306 293 316 325 304 327 331 322 319 315 310 303 295 300 320 330 302 313 309 304 314 312 332 323 308 329 324 6 25 22 31 312 291 269 272 309
333 332 331 338 354 355 345 340 338 338 337 319 302 309 350 33 357 346 352 339 323 315 311 313 330 354 18 22 4 347 343 326 294 302 316 333 349 4 18 65 66 51 29 353 338 341 4 19 16 341 324 318 325 321 323 333 335 334 346 329 325 309 293 302 296 321 338 335 330 324 318 315 310 301 297 312 300 311 324 308 297 323 310 335 310 313 316 354 29 36 327 332 322 284 140 182
337 336 335 343 356 354 347 344 345 353 1 337 314 320 358 10 359 348 341 329 315 310 309 317 337 353 22 30 5 347 14 25 296 300 319 344 7 17 59 7 94 21 24 348 327 330 348 13 18 351 329 328 336 322 323 335 343 339 336 340 341 330 315 303 323 310 332 341 337 331 323 313 319 314 307 303 303 306 312 313 301 304 300 322 334 306 310 320 337 81 316 316 337 293 99 119
341 340 339 348 356 352 348 348 352 3 6 341 323 332 1 7 1 346 335 323 309 304 307 321 343 359 31 42 4 343 19 12 326 312 327 6 35 66 94 105 114 11 1 338 327 337 333 4 12 352 339 343 335 321 318 328 343 342 337 343 335 344 335 324 311 307 320 328 339 325 327 321 334 323 317 310 313 299 326 307 309 298 316 285 332 339 313 297 303 343 329 306 342 351 308 86
345 345 345 352 355 352 351 352 359 8 359 339 333 346 9 3 354 342 333 321 310 305 308 328 347 0 28 35 4 343 2 355 331 318 341 40 75 105 27 33 138 237 340 318 328 329 355 346 0 346 344 338 329 316 311 313 328 344 342 338 346 339 345 341 332 306 319 341 340 337 331 322 337 335 311 317 303 321 321 285 298 307 290 322 351 358 346 321 300 298 319 304 308 340 350 82
349 350 351 354 354 353 355 0 10 5 346 335 339 359 10 1 346 334 328 321 313 307 313 337 350 359 24 30 14 354 347 337 310 295 10 31 90 100 48 105 131 280 297 335 341 332 314 327 345 356 338 336 325 312 302 299 305 320 327 329 336 343 341 339 344 339 336 342 336 340 337 329 318 337 323 314 308 313 315 254 315 262 278 284 318 353 348 349 348 321 300 289 116 277 317 128
353 355 356 355 355 356 360 8 13 358 339 332 341 3 13 4 342 327 322 318 313 309 319 347 0 10 38 48 48 52 232 221 212 224 17 91 88 79 69 58 10 316 307 313 346 337 306 309 328 335 327 346 313 294 290 291 291 297 308 314 319 339 326 330 326 321 328 338 342 333 328 338 301 317 322 317 316 314 294 278 287 316 322 303 296 325 332 321 344 354 322 304 308 266 138 158
357 358 358 356 357 360 4 11 10 353 337 333 342 9 13 6 339 324 318 312 308 311 331 6 13 66 106 106 100 109 151 82 198 218 11 96 77 57 44 27 10 351 315 359 357 338 338 275 286 302 292 333 324 267 281 285 284 334 286 292 298 304 306 313 332 328 331 334 339 340 333 318 310 312 318 320 321 329 296 289 264 273 304 315 308 318 322 118 112 285 311 278 92 82 76 81
359 360 359 359 0 2 5 10 5 351 339 337 345 4 8 2 333 318 313 308 303 309 346 39 75 105 125 131 125 118 132 186 229 252 275 32 58 44 33 23 24 25 334 278 20 343 349 248 9 5 355 335 241 255 262 270 275 276 274 331 329 330 288 301 334 343 336 332 334 339 347 336 325 344 325 306 301 311 322 299 278 282 287 305 303 312 345 2 69 76 74 66 57 50 45 42
360 0 0 3 3 1 5 8 2 352 343 342 350 356 4 357 327 309 306 304 301 325 64 11 111 119 129 142 149 128 91 332 292 291 298 354 54 60 66 75 79 84 119 15 207 348 343 218 11 205 204 222 235 321 247 254 318 260 261 328 329 327 324 281 329 325 329 328 328 330 337 338 330 315 347 344 347 339 323 299 295 291 289 301 317 304 311 23 49 51 47 41 33 27 26 27
1 2 3 6 5 1 3 4 360 353 347 348 355 0 3 355 322 302 297 295 295 31 68 31 111 123 127 137 166 225 10 346 329 330 335 6 64 27 105 120 127 128 142 15 188 174 333 196 49 198 14 342 223 239 249 250 321 316 336 327 331 325 324 322 321 315 318 322 318 319 324 337 345 340 324 310 313 305 358 287 288 281 304 307 279 333 1 332 18 28 29 24 18 17 19 23
5 6 7 8 6 3 2 359 356 353 350 352 1 8 7 357 328 302 291 287 294 45 57 68 97 115 115 76 340 332 340 343 345 355 7 25 61 83 95 107 123 47 145 172 26 330 328 82 191 195 204 333 227 242 250 332 252 256 260 263 322 270 268 327 329 323 314 315 307 305 310 328 296 316 337 328 325 327 312 15 356 351 350 346 354 358 357 352 2 7 13 14 14 16 21 25
12 11 7 7 7 7 5 358 353 351 350 354 8 16 12 359 333 304 285 278 290 42 22 76 93 95 57 350 342 336 335 341 351 8 29 49 71 85 96 107 117 125 135 155 161 348 55 168 183 195 210 225 286 240 244 243 322 247 323 256 327 311 320 310 328 300 325 317 307 302 299 311 294 296 344 330 327 331 328 308 306 316 307 352 357 354 360 3 346 353 3 10 15 21 27 29
