examples/cougarCreek-fire/createInputs/WindNinja/wrfout_d3.2015081212.f22/cougarCreekFire_08-13-2015_1000_217m_non_neutral_stability_vel.asc
ncols	146
nrows	140
xllcorner	610065.000000
yllcorner	5095217.000000
cellsize	216.586807
NODATA_value	-9999.000000
[rows 72 to 107 of 140, columns 0 to 79 of 146]
19.76 23.90 29.93 30.07 27.42 24.71 23.09 25.93 25.94 25.41 24.19 23.78 19.54 21.70 22.84 15.36 18.09 12.36 17.56 19.72 19.95 9.71 6.79 9.99 5.78 18.23 20.56 26.17 21.92 18.04 21.20 28.50 25.96 18.72 14.23 17.05 21.54 20.82 12.51 21.51 19.09 17.81 22.37 26.75 28.68 25.95 25.52 23.46 22.15 20.85 20.48 18.57 14.95 13.46 14.92 14.19 13.65 12.48 2.27 12.22 13.67 16.40 17.36 17.12 16.69 16.49 16.35 15.63 14.67 13.99 6.44 6.17 7.36 9.83 9.49 13.05 6.67 7.74 7.77 8.40
22.83 26.36 31.16 31.22 25.99 23.99 23.00 27.04 26.81 25.76 24.16 24.38 20.58 22.48 20.90 12.55 17.50 12.32 15.78 20.16 17.08 6.77 8.71 11.41 6.91 21.28 22.09 21.18 18.93 18.82 24.88 27.39 23.75 14.25 18.19 17.29 23.50 23.01 11.92 20.72 17.59 17.83 20.23 22.83 23.20 25.48 23.55 20.02 19.32 19.17 20.81 19.14 15.93 19.40 13.74 16.96 16.17 14.58 13.62 13.20 13.62 15.14 16.63 16.81 16.66 16.48 16.03 15.40 14.88 14.52 10.31 9.45 8.60 8.74 8.23 6.26 6.20 6.80 6.55 8.13
25.88 27.14 29.65 29.46 24.18 22.74 27.33 26.79 25.95 24.54 23.11 23.40 23.70 20.60 18.01 11.18 17.41 11.88 10.44 21.58 11.60 9.72 11.32 11.26 16.78 22.89 22.35 17.19 19.60 22.72 27.53 26.16 22.30 15.49 18.04 18.16 23.85 22.05 11.36 20.17 21.33 18.18 13.82 20.30 24.29 25.38 23.23 21.14 16.84 16.48 20.01 18.72 16.97 13.95 19.76 14.96 16.50 16.95 16.32 10.45 15.71 15.24 15.88 16.14 15.83 15.41 14.95 7.60 7.24 6.97 9.75 7.09 5.89 5.10 5.50 5.59 6.06 6.65 7.05 14.71
28.53 27.76 32.62 28.84 28.66 27.18 26.22 25.78 24.91 22.69 19.60 18.59 24.29 19.00 16.67 11.13 18.58 7.24 10.80 20.30 9.85 10.53 12.89 11.06 20.53 17.89 20.06 17.41 20.98 22.00 24.66 24.91 13.43 17.32 15.91 22.10 21.76 18.67 11.95 14.99 21.11 20.06 15.34 19.10 21.88 18.26 23.56 20.83 17.43 16.78 17.71 16.06 15.09 14.64 19.96 14.21 12.50 15.55 15.53 11.52 15.94 15.51 15.76 15.98 15.77 15.22 14.79 14.38 8.59 5.43 7.70 6.85 5.17 4.01 4.20 4.67 5.71 6.76 7.51 7.69
28.73 29.44 29.24 29.47 27.95 26.32 25.07 25.42 24.51 16.37 17.35 19.87 20.14 25.11 16.26 10.70 21.37 12.30 15.83 16.44 12.22 12.01 11.25 20.91 17.65 20.89 17.75 19.04 22.27 19.26 21.70 23.21 15.86 17.99 21.58 21.34 21.91 14.25 11.94 14.80 16.50 18.87 16.57 14.04 19.72 22.61 24.26 21.39 18.14 12.49 13.66 14.13 12.40 14.81 14.14 13.70 13.60 15.55 14.99 13.57 10.95 15.71 15.36 15.44 15.54 15.30 15.11 8.34 14.28 6.81 5.60 6.35 5.04 3.80 4.53 6.84 6.31 7.65 7.42 7.93
30.08 29.99 29.68 29.50 27.46 26.10 24.56 26.26 27.68 18.44 20.45 22.46 21.09 26.66 15.80 10.15 20.80 14.49 16.48 15.45 12.17 10.73 12.30 18.91 28.54 19.13 17.61 19.50 19.74 16.07 18.98 22.56 16.40 18.12 22.70 20.54 20.92 13.52 10.60 14.98 14.88 17.41 14.31 13.45 18.40 20.53 15.96 21.14 18.99 11.17 11.70 12.38 10.32 13.49 13.71 13.33 14.27 16.21 17.36 16.91 7.45 15.61 14.85 14.76 15.12 9.00 8.64 8.39 8.70 7.43 3.79 4.61 5.42 3.77 5.85 13.67 7.55 6.08 14.03 8.53
30.84 30.23 29.33 28.99 27.46 24.97 28.63 27.45 24.61 20.42 22.36 22.51 19.46 26.59 14.57 10.01 19.18 13.71 15.99 13.43 10.59 18.41 15.34 21.58 19.67 20.41 19.54 18.95 18.65 14.73 18.12 23.54 19.03 20.99 23.91 18.63 20.20 13.01 11.76 14.87 19.77 19.01 12.48 13.10 11.07 18.79 14.99 18.96 20.10 11.57 11.13 12.38 8.68 12.94 13.41 13.08 15.49 12.92 13.06 17.18 13.77 8.73 14.71 14.88 15.22 8.56 14.47 7.77 13.35 13.22 13.11 5.35 1.54 2.55 6.75 13.40 14.25 13.86 13.25 5.98
30.14 30.46 29.60 28.67 27.64 30.13 28.28 26.99 28.46 19.92 24.15 18.78 24.66 15.96 12.64 20.86 10.33 13.40 13.15 15.41 17.72 20.38 24.60 20.57 17.40 20.44 18.42 16.75 19.24 16.10 15.98 23.90 22.62 18.65 24.81 19.75 15.54 12.51 10.05 14.52 17.82 19.84 16.16 12.62 16.76 7.64 11.52 13.98 19.20 19.38 11.12 13.98 10.76 11.22 19.40 18.74 18.30 14.12 11.14 16.64 15.87 12.51 6.82 8.39 15.32 14.97 13.97 13.16 12.99 13.13 12.95 12.56 12.16 3.82 5.08 7.62 13.24 13.21 12.65 11.33
30.55 29.42 29.43 30.00 28.75 23.71 21.93 30.16 27.91 23.49 17.84 32.32 16.41 15.76 11.67 18.86 12.83 14.20 15.35 17.45 19.97 20.06 21.87 18.54 15.38 20.40 16.65 12.86 19.13 19.97 15.82 21.54 21.89 15.34 23.19 18.90 15.94 11.14 10.41 13.67 16.10 13.87 19.45 14.24 11.91 11.14 8.91 19.14 20.26 19.16 14.61 14.63 13.07 18.61 18.77 17.95 17.08 16.72 11.49 16.24 15.48 14.90 14.63 9.10 14.55 14.38 13.43 12.58 12.65 12.81 12.86 12.94 12.60 12.17 3.69 1.83 11.47 12.25 6.54 9.31
31.45 27.62 29.51 20.53 29.92 23.71 23.57 23.65 29.11 30.15 17.21 16.80 18.12 16.12 12.35 14.76 14.29 15.09 17.38 20.02 21.98 27.05 20.34 16.32 13.83 22.97 12.56 12.02 21.27 25.08 15.19 16.97 16.88 18.33 21.64 20.64 15.16 9.65 11.23 15.96 14.79 12.92 15.04 18.17 16.54 7.09 8.77 18.37 20.00 19.07 17.43 15.82 9.91 17.85 17.72 17.22 17.01 16.45 16.29 16.60 16.53 16.03 15.12 14.27 4.27 13.42 13.07 12.61 12.73 12.75 12.80 5.61 12.66 12.17 11.45 10.70 10.73 11.15 10.78 8.68
31.33 27.64 29.71 29.94 31.60 24.69 25.20 20.62 28.35 28.37 17.00 17.44 18.77 15.88 13.14 15.87 15.23 16.69 19.11 25.32 26.15 20.67 18.25 14.21 12.17 21.72 7.95 19.46 22.80 24.93 16.06 14.76 17.14 20.65 20.22 17.34 13.45 9.79 12.44 17.08 12.60 13.42 13.92 16.01 17.23 10.43 9.50 18.24 20.23 15.18 17.42 17.67 16.59 16.48 16.22 16.20 17.12 17.16 17.04 17.68 9.75 17.10 15.68 14.17 13.09 12.96 13.00 5.97 12.82 5.49 12.56 12.25 5.04 12.11 11.68 11.35 2.46 10.30 4.06 7.75
28.39 27.07 30.30 30.08 27.34 26.35 23.68 20.17 29.11 28.45 16.63 18.32 19.11 15.76 24.04 15.39 17.15 18.77 19.75 29.69 29.05 19.57 16.22 12.75 24.73 16.37 8.84 11.80 21.37 22.28 14.18 14.44 22.05 18.09 13.68 15.78 8.35 9.42 12.01 14.26 13.14 15.51 13.57 14.60 14.66 13.97 4.61 18.11 19.76 11.10 15.69 12.00 17.32 16.22 15.76 15.65 16.54 9.60 8.56 17.01 16.79 9.46 15.89 14.19 12.89 9.87 12.83 4.48 12.41 12.09 11.92 11.63 4.38 6.62 5.38 11.45 2.21 3.53 3.20 6.53
31.13 27.06 31.13 30.46 26.17 27.01 20.42 20.00 30.56 23.24 17.42 19.96 29.97 17.16 16.75 18.03 19.19 19.59 23.98 28.18 20.45 18.31 14.50 12.01 10.85 17.14 13.14 13.94 18.29 21.96 18.62 16.37 23.02 16.07 12.24 9.82 6.39 8.35 10.00 17.22 18.28 17.70 17.75 13.47 11.80 14.36 6.89 17.68 19.23 11.36 13.71 17.76 16.94 16.61 16.66 16.44 16.37 16.79 16.62 15.92 15.46 7.42 15.89 8.77 14.28 14.26 5.75 4.07 4.13 11.87 11.48 11.18 1.72 4.65 0.91 0.90 1.61 3.90 3.87 5.57
32.28 28.78 30.49 27.34 27.50 27.37 25.03 25.28 30.19 17.48 18.92 21.19 20.18 30.31 23.59 19.02 27.43 27.71 29.55 30.64 19.53 16.44 12.89 11.07 17.67 15.65 13.29 13.87 17.41 20.25 21.58 13.91 20.00 19.46 11.51 7.06 6.70 7.82 6.62 16.40 17.82 16.05 14.38 8.13 9.61 11.33 10.06 9.01 18.70 19.49 13.12 9.07 17.25 17.76 17.99 17.67 6.92 16.71 16.36 15.65 15.06 6.06 15.36 16.42 11.61 9.93 5.56 3.28 3.43 3.65 4.44 11.33 7.14 2.57 2.94 1.02 1.83 3.49 4.18 5.90
33.17 30.38 28.22 26.29 31.16 28.59 25.49 26.93 25.95 18.22 20.00 21.34 19.29 31.71 29.50 27.11 26.53 30.47 18.79 19.23 18.07 14.40 11.32 9.70 22.01 10.73 12.86 13.36 15.48 20.70 19.93 6.20 15.83 18.87 12.88 7.44 8.67 6.31 13.58 15.74 17.92 16.85 15.02 6.33 5.29 11.02 7.87 17.63 18.37 19.60 10.33 12.30 13.72 18.91 18.81 18.59 17.91 8.54 16.95 16.28 15.51 15.08 15.23 15.95 7.46 9.71 4.74 3.49 1.69 1.11 11.46 6.97 6.35 3.39 2.44 4.34 4.09 3.74 3.58 5.62
34.40 29.08 26.55 28.19 31.92 27.33 20.68 19.97 19.31 19.41 20.82 21.32 18.88 34.26 30.91 28.83 27.21 30.18 18.60 18.55 16.14 12.29 9.57 16.74 19.21 14.65 12.50 12.32 14.20 16.52 9.06 8.13 18.07 14.80 17.82 8.79 11.09 6.52 4.06 15.24 17.71 17.79 16.62 5.25 7.47 9.82 5.05 18.23 9.31 10.32 8.77 11.95 15.48 19.25 19.44 19.43 18.69 17.93 17.58 8.81 7.70 7.93 16.06 15.77 5.95 13.39 3.24 3.74 2.54 0.98 1.74 2.13 2.65 8.92 7.92 3.53 3.73 4.95 4.43 4.05
34.30 28.00 27.98 32.74 31.71 32.39 27.90 26.94 20.11 20.37 21.40 21.45 19.05 28.70 34.02 28.23 28.26 17.91 17.52 16.86 13.56 10.31 7.86 23.83 18.06 12.46 6.81 7.24 13.02 11.26 7.68 9.46 17.64 14.10 17.15 8.96 11.35 9.18 14.41 15.66 17.97 18.98 18.24 4.98 9.47 8.57 6.77 6.16 9.37 20.12 9.29 10.86 19.85 11.92 11.01 19.60 11.86 11.39 18.40 9.32 8.69 8.78 8.78 16.93 7.46 9.25 5.42 5.15 4.72 3.34 0.92 0.65 3.47 8.69 8.11 7.24 7.04 6.14 5.13 5.16
28.48 27.24 33.43 34.44 30.11 31.49 29.48 27.64 19.96 20.21 21.08 29.69 19.12 17.35 33.63 26.59 29.80 16.72 15.96 14.66 11.49 8.95 6.91 21.02 12.40 10.10 11.67 8.71 14.61 11.61 13.04 11.75 15.54 12.66 11.79 11.52 9.53 8.74 15.85 16.73 18.49 9.80 19.60 3.60 10.24 9.62 9.74 6.46 10.72 10.69 10.51 8.70 19.93 19.28 10.97 19.51 11.45 12.15 8.57 10.08 7.38 9.95 9.53 9.36 9.91 11.26 10.53 7.84 9.42 8.45 4.09 3.56 2.36 1.63 3.41 7.17 4.56 4.03 5.14 6.37
27.40 26.43 33.44 34.27 29.36 29.84 28.60 27.67 19.88 20.06 21.17 30.64 19.43 17.18 34.34 18.39 31.02 15.95 14.56 12.92 10.19 7.82 26.24 15.27 9.33 10.80 12.31 14.77 15.71 13.89 12.59 14.87 15.76 14.78 10.28 13.11 5.03 6.96 16.62 17.56 18.08 10.98 19.77 9.69 8.43 12.63 12.60 12.34 19.92 20.11 11.59 9.62 19.65 19.02 19.03 9.40 19.47 12.59 19.01 19.10 10.25 9.36 18.23 8.02 7.49 9.30 13.34 11.62 13.81 13.44 13.15 4.94 8.64 8.54 8.07 3.40 3.22 2.91 6.53 5.17
25.46 25.28 32.20 33.24 29.55 29.22 28.32 29.81 19.90 20.52 21.97 21.48 18.20 16.66 17.55 29.75 30.79 15.11 13.42 11.70 9.15 7.22 22.43 15.22 9.42 11.21 15.21 17.02 15.39 11.93 15.57 17.83 15.07 14.87 12.09 12.30 2.63 5.78 16.73 6.28 9.85 7.05 19.39 9.90 5.78 10.77 11.25 19.12 19.43 19.61 19.91 19.92 16.96 17.43 15.79 11.39 11.33 12.34 10.14 19.17 8.68 12.04 9.29 10.97 6.94 15.13 9.48 9.74 10.86 10.64 9.28 11.58 8.42 9.06 4.31 3.01 4.02 3.34 4.14 8.79
30.10 24.53 31.63 34.31 34.04 33.93 28.17 28.00 30.53 19.37 20.65 33.89 16.32 31.14 16.12 33.05 15.98 29.79 12.60 11.03 8.81 20.05 20.52 9.81 9.78 11.00 20.79 18.90 13.19 13.18 19.72 18.32 17.74 16.53 12.37 8.31 2.42 5.43 5.87 16.53 7.62 6.33 17.94 17.02 16.96 10.53 11.46 11.89 19.33 19.62 20.01 20.07 15.64 20.15 20.19 12.69 11.65 12.82 9.01 10.70 8.65 7.09 11.87 12.24 9.50 14.08 12.84 10.71 10.34 10.92 9.28 11.11 8.54 8.81 4.08 4.97 9.61 9.03 10.19 9.07
29.87 22.01 22.42 22.00 31.98 33.96 26.49 17.91 28.54 17.73 31.86 31.97 15.32 30.64 29.15 31.20 29.20 22.08 12.21 10.95 9.67 20.31 18.23 17.62 9.49 10.29 19.98 18.41 17.92 15.35 16.09 13.71 15.84 12.21 6.40 4.23 12.06 12.85 14.22 14.79 14.49 15.09 16.00 16.01 15.86 10.50 10.39 18.76 19.29 19.79 20.77 9.75 13.43 20.53 19.90 19.40 15.33 14.99 10.84 10.76 9.16 9.90 13.10 14.59 12.76 7.66 7.62 8.13 13.57 11.99 10.91 11.36 8.72 8.55 3.98 6.50 6.87 6.93 4.05 3.38
21.75 22.66 22.84 21.41 35.34 33.81 26.41 17.73 17.54 17.76 17.97 31.64 30.54 28.40 29.17 30.25 27.42 26.22 11.79 10.90 9.97 17.60 21.62 19.31 9.04 10.31 18.90 19.78 19.22 19.31 15.95 14.19 12.22 5.23 8.85 9.86 10.77 11.72 13.05 13.60 12.90 13.25 14.61 15.79 16.21 16.44 17.08 17.86 18.60 19.30 20.21 11.58 14.53 20.19 19.46 18.90 17.31 18.36 15.08 10.89 10.09 8.19 14.25 15.75 14.29 14.97 12.78 10.77 14.59 11.78 11.87 12.00 8.66 4.34 5.26 2.24 5.59 6.15 9.52 2.98
26.19 22.44 34.32 20.03 33.78 31.80 17.76 22.89 18.11 21.56 29.69 29.89 28.32 28.80 28.22 28.99 30.60 26.45 12.33 10.59 8.71 25.69 20.39 8.81 9.89 11.22 20.63 18.09 6.43 14.31 6.58 12.52 7.29 3.04 7.38 8.43 9.33 10.16 11.37 12.54 12.76 13.14 13.85 14.66 15.36 15.74 16.08 16.69 17.51 18.18 18.47 18.47 18.44 18.67 18.82 18.53 17.98 17.43 17.14 17.19 9.28 12.53 15.49 14.73 13.74 12.57 11.68 12.09 12.08 11.91 11.55 10.68 6.30 6.65 7.12 6.71 4.31 3.63 3.14 9.29
21.13 21.02 34.32 32.24 32.49 31.28 17.69 23.98 23.94 27.42 27.06 32.32 29.44 27.98 29.21 27.46 30.45 26.05 13.16 10.46 8.49 20.32 9.37 10.32 11.94 11.70 23.30 18.35 18.55 9.74 7.36 8.36 6.62 5.55 6.11 6.80 7.59 8.62 10.14 11.68 12.30 12.74 13.35 13.91 14.59 15.25 15.67 16.08 16.68 17.24 17.39 17.20 17.17 17.45 17.62 17.45 17.06 16.73 16.40 16.12 15.96 13.92 14.75 14.14 15.11 12.33 10.65 9.29 8.80 12.69 12.12 10.72 8.71 11.27 11.17 6.83 3.84 3.92 3.75 9.24
21.82 20.97 34.08 32.42 30.88 27.62 26.03 18.39 26.08 30.20 17.65 29.50 28.71 31.12 15.35 31.14 27.52 28.15 12.78 24.88 9.98 10.88 11.53 12.28 12.62 23.54 7.79 20.41 10.69 5.53 8.99 3.38 3.59 4.15 4.77 5.40 6.16 7.40 9.28 10.63 11.20 11.80 12.36 12.88 13.57 14.47 15.27 15.76 16.24 16.77 17.08 17.06 17.00 17.03 16.92 16.66 16.34 15.99 15.64 15.06 14.51 14.31 14.21 13.86 13.19 12.26 10.96 9.64 8.56 7.69 6.87 6.05 5.29 10.45 7.43 10.14 8.32 4.37 4.63 9.90
22.98 21.59 19.71 31.39 32.58 17.88 25.45 19.02 18.79 18.84 29.52 24.76 29.05 30.12 16.43 16.05 32.49 26.14 25.26 24.77 11.75 13.14 13.98 13.48 22.04 23.60 20.90 7.69 15.03 14.55 9.92 2.78 2.76 3.23 3.87 4.60 5.43 6.58 8.27 9.75 10.41 10.66 10.95 11.58 12.43 13.35 14.28 15.00 15.55 15.99 16.27 16.42 16.57 16.59 16.35 15.99 15.68 15.31 14.90 14.37 13.66 13.21 13.02 12.81 12.35 11.57 10.59 9.47 8.30 15.52 6.24 5.64 5.13 12.22 11.39 13.98 10.03 4.97 5.26 9.39
21.14 31.42 18.74 31.25 26.28 19.04 31.15 18.81 18.95 32.67 31.70 18.83 29.66 32.51 18.05 29.59 31.14 30.71 26.93 13.90 14.26 19.28 13.98 12.07 9.65 23.25 17.94 17.02 18.95 17.18 11.28 12.82 2.39 2.49 2.73 3.45 4.64 5.93 7.59 9.40 9.68 8.79 9.21 10.38 11.43 12.36 13.23 14.08 14.81 15.16 15.25 15.46 15.70 15.76 15.51 15.12 14.80 14.50 14.12 13.64 12.90 12.20 11.75 11.56 11.40 10.84 10.11 9.39 8.48 7.37 6.60 6.04 11.85 11.47 11.30 11.23 12.43 10.60 6.03 5.65
18.32 29.74 17.26 32.94 17.25 24.47 32.17 24.09 34.98 18.44 18.71 20.68 30.49 20.03 29.21 16.78 27.36 26.98 26.97 14.59 14.37 13.65 11.39 28.34 21.38 18.69 16.91 19.83 20.05 17.23 2.66 2.52 2.50 1.99 1.48 2.01 3.22 4.36 5.52 7.41 7.71 6.10 7.30 9.01 10.13 11.09 12.09 13.19 14.17 14.76 14.94 14.88 14.90 14.98 14.75 14.32 13.99 13.75 13.43 12.90 12.12 11.37 10.81 18.79 10.36 10.03 9.52 9.08 8.44 7.49 6.75 6.11 5.27 4.72 4.15 11.36 11.76 12.05 6.52 5.88
19.25 18.31 16.45 29.88 17.84 30.06 31.32 19.23 18.68 35.58 17.46 31.85 29.15 31.90 32.69 31.24 26.65 26.27 26.02 29.78 12.24 10.96 9.38 9.21 10.07 9.85 19.53 20.81 19.63 16.10 3.67 3.41 2.77 1.55 0.65 0.93 1.44 1.75 2.84 5.97 5.79 4.33 6.37 8.02 9.36 10.22 11.08 12.01 12.98 14.09 14.73 14.42 14.16 14.37 14.28 13.87 13.48 13.25 12.96 12.32 11.41 10.68 10.36 10.14 9.88 9.39 8.79 8.35 7.82 6.88 6.02 5.53 13.19 13.10 12.84 11.92 12.07 12.70 13.56 10.51
18.84 17.93 17.23 17.13 18.87 27.64 19.58 30.48 31.35 32.82 16.56 33.65 32.86 33.13 31.20 24.25 15.99 29.08 27.42 25.69 11.43 22.67 14.82 10.91 11.42 9.93 20.10 21.80 17.93 5.50 4.95 3.93 2.42 1.05 0.26 0.11 0.35 1.37 3.00 4.66 4.31 5.16 6.92 8.08 9.43 10.31 10.72 11.10 11.66 12.64 13.41 13.48 13.54 13.97 14.02 13.54 13.12 12.96 12.80 12.03 10.87 10.13 9.92 9.83 9.43 8.57 16.69 16.16 15.16 15.85 15.06 14.66 14.24 13.66 12.41 12.26 12.47 11.93 12.61 11.83
18.74 18.62 18.88 18.63 29.64 19.21 36.10 33.18 29.60 17.65 18.08 25.09 17.94 31.75 31.61 25.01 16.90 28.85 15.98 23.76 24.73 11.22 12.32 11.19 21.74 19.94 20.74 21.67 15.01 5.81 17.22 15.17 2.26 1.44 0.77 0.30 0.65 1.51 2.47 4.16 5.94 7.14 7.94 8.46 9.28 10.00 10.25 10.46 10.83 11.48 12.13 12.58 12.99 13.49 13.68 13.14 12.71 12.73 12.64 11.86 10.46 9.38 16.48 8.75 8.35 15.62 16.17 15.39 14.55 14.57 14.26 14.01 12.90 13.55 13.49 12.80 12.64 13.75 12.10 11.49
17.85 17.31 16.62 16.68 18.03 28.81 18.77 32.10 31.86 18.47 19.65 20.80 28.83 33.73 19.21 28.92 29.12 29.80 16.10 28.84 13.68 14.54 14.30 13.06 24.50 19.58 21.29 23.35 18.74 17.58 21.56 16.70 2.67 2.33 1.60 0.55 1.25 2.90 4.24 5.37 6.60 7.53 7.98 8.16 8.53 9.17 9.43 9.62 10.24 11.09 11.84 12.57 13.03 13.15 13.02 12.37 11.82 11.99 12.09 11.31 9.97 8.73 8.13 8.03 7.62 15.96 15.64 14.89 6.79 6.28 14.18 13.93 13.76 13.24 13.20 13.02 12.57 12.64 12.85 13.78
16.51 15.56 15.22 15.88 16.20 16.74 35.66 17.71 19.11 22.40 20.80 22.47 21.63 33.12 21.34 20.79 30.02 29.83 15.68 29.18 24.73 14.43 13.99 26.77 27.71 10.63 17.44 9.28 20.02 17.95 5.36 4.50 3.59 2.78 1.94 1.68 2.16 2.92 3.76 4.50 5.36 6.16 6.64 6.82 7.10 7.77 8.46 8.84 9.39 10.33 11.13 11.95 12.94 13.49 12.77 10.94 10.04 10.66 11.18 10.65 9.37 8.09 7.72 7.90 14.58 15.02 15.47 6.99 7.17 6.96 6.42 14.43 14.17 13.89 13.20 12.94 12.93 12.60 12.02 11.86
15.97 16.21 17.01 17.78 18.17 19.52 20.74 19.50 33.82 19.94 25.97 21.66 35.85 25.46 21.02 19.22 31.62 30.33 16.21 29.05 25.18 20.28 20.56 13.29 12.60 20.07 10.62 9.60 22.40 7.46 6.88 6.07 4.77 3.40 2.67 2.80 2.50 1.80 2.06 2.84 3.81 4.65 5.11 5.37 5.68 6.32 7.29 8.06 8.51 9.10 9.59 10.03 11.06 12.62 12.31 9.30 7.91 9.25 10.28 10.12 9.00 7.63 7.33 7.92 8.24 7.98 7.62 7.55 7.63 7.46 7.19 7.04 7.05 13.94 13.49 13.04 12.16 12.22 11.33 11.06
16.18 17.49 18.79 19.73 20.78 22.29 22.88 21.71 20.66 20.47 26.59 36.34 34.99 19.42 38.38 32.33 17.50 17.07 16.90 15.13 20.85 17.65 14.04 26.85 13.13 11.61 26.15 26.88 8.48 8.65 7.95 6.64 5.20 4.17 3.60 3.31 15.08 12.37 7.87 1.48 2.58 3.35 3.79 4.20 4.68 5.32 6.06 6.89 7.63 8.07 8.24 8.23 8.60 10.42 11.42 8.65 6.75 8.29 9.93 9.98 8.80 7.25 6.80 7.75 8.70 8.76 16.58 16.17 16.35 15.91 15.87 15.42 14.89 14.32 13.87 13.04 12.73 13.04 12.90 13.01
