examples/cougarCreek-fire/createInputs/WindNinja/wrfout_d3.2015081212.f22/cougarCreekFire_08-13-2015_1000_217m_non_neutral_stability_vel.asc
ncols	146
nrows	140
xllcorner	610065.000000
yllcorner	5095217.000000
cellsize	216.586807
NODATA_value	-9999.000000
[rows 0 to 35 of 140, columns 0 to 79 of 146]
6.01 2.08 3.34 3.63 5.66 2.32 3.56 4.62 5.06 5.13 5.05 4.79 4.38 3.70 4.62 3.98 4.01 4.79 5.62 6.86 8.13 9.66 10.77 10.94 10.20 9.22 9.54 11.42 13.48 13.69 12.06 8.56 13.54 15.85 17.98 20.49 22.71 23.35 22.92 23.07 24.54 26.45 28.13 29.85 31.50 32.24 31.45 30.41 29.99 32.02 28.85 31.59 28.23 31.41 29.89 30.59 31.98 28.32 22.22 23.76 22.38 28.00 22.19 22.01 20.61 27.70 19.56 21.18 21.78 22.61 21.05 18.14 17.41 18.31 19.44 17.55 14.06 17.38 20.39 20.54
6.01 2.08 3.34 3.63 5.66 2.32 3.56 4.62 5.06 5.13 5.05 4.79 4.38 3.70 4.62 3.98 4.01 4.79 5.62 6.86 8.13 9.66 10.77 10.94 10.20 9.22 9.54 11.42 13.48 13.69 12.06 8.56 13.54 15.85 17.98 20.49 22.71 23.35 22.92 23.07 24.54 26.45 28.13 29.85 31.50 32.24 31.45 30.41 29.99 32.02 28.85 31.59 28.23 31.41 29.89 30.59 31.98 28.32 22.22 23.76 22.38 28.00 22.19 22.01 20.61 27.70 19.56 21.18 21.78 22.61 21.05 18.14 17.41 18.31 19.44 17.55 14.06 17.38 20.39 20.54
8.65 5.50 5.31 5.30 9.03 8.35 5.12 4.83 8.80 8.05 6.86 5.27 5.42 1.89 4.82 3.79 4.00 4.66 5.66 7.20 8.60 9.84 10.63 10.73 10.20 10.01 4.99 7.00 12.90 13.25 12.24 3.87 12.52 13.94 19.17 21.75 14.75 22.67 23.67 24.30 26.24 28.89 26.49 26.84 31.16 31.59 32.15 29.75 32.29 32.52 29.42 25.91 27.99 31.32 28.35 27.03 28.07 26.80 22.63 25.35 31.69 25.54 25.07 29.41 29.42 28.95 20.13 21.90 31.87 20.71 17.88 15.84 24.58 17.92 19.47 31.56 33.15 14.06 17.92 18.93
5.25 5.52 5.30 7.06 6.99 6.72 8.03 7.56 8.03 5.74 5.78 4.39 4.19 3.19 1.71 1.53 3.34 5.02 5.71 6.85 9.13 10.25 9.57 10.87 10.83 10.22 7.22 7.60 12.76 13.16 10.66 8.36 8.74 9.74 11.56 14.29 15.43 18.76 21.54 21.54 23.81 25.78 25.77 26.16 25.36 27.78 25.40 21.65 25.16 26.47 26.97 27.79 29.77 29.63 24.59 20.61 22.46 14.27 16.94 21.56 22.67 20.56 19.24 25.41 23.80 17.20 21.07 22.81 30.51 16.54 29.44 24.89 15.24 17.32 18.45 29.74 28.74 10.13 14.58 16.97
1.95 8.63 4.40 7.03 6.99 6.80 3.84 7.01 4.29 5.35 7.25 5.47 7.11 6.23 3.37 0.77 2.93 5.08 5.53 6.24 8.79 10.44 11.15 6.51 11.75 11.63 10.35 7.02 11.02 12.77 13.02 12.53 9.95 12.36 12.49 13.70 15.47 17.57 23.19 24.59 25.32 25.62 27.38 26.67 25.09 25.84 22.49 21.14 24.79 28.10 30.02 29.38 28.67 25.41 24.16 21.27 19.19 12.13 15.37 20.55 19.50 23.43 20.38 26.06 20.05 18.82 21.96 18.55 15.06 28.06 24.52 13.50 15.20 16.77 30.54 27.50 7.34 8.69 12.84 15.81
5.24 7.55 3.22 7.37 6.32 6.43 6.72 7.24 6.86 6.99 7.13 6.86 5.37 7.06 4.17 3.69 2.18 5.40 6.06 7.33 8.31 9.81 10.27 4.93 8.36 12.49 11.32 8.59 12.92 15.77 16.44 13.99 11.38 14.09 13.35 14.59 15.85 17.80 22.25 24.17 23.71 24.50 27.76 26.51 22.77 23.55 24.06 24.31 28.64 30.71 28.19 26.14 26.61 22.19 20.31 17.09 11.25 12.76 19.65 15.43 22.30 23.22 22.53 24.72 16.53 21.02 28.16 23.47 26.76 20.23 13.64 16.70 20.41 14.96 12.58 8.74 25.13 8.75 12.08 14.69
8.64 7.82 2.95 2.77 6.04 5.01 5.23 2.97 6.43 6.12 6.49 7.08 5.15 7.51 7.24 4.66 1.29 4.12 7.03 7.61 7.72 8.30 8.78 9.88 8.16 14.52 10.47 12.06 15.26 18.52 17.85 13.71 14.31 17.37 14.75 14.85 16.60 16.69 20.60 21.24 21.63 24.77 27.44 25.67 22.20 25.84 27.36 29.17 24.57 24.20 22.07 20.88 23.67 21.61 14.85 13.05 12.50 12.29 17.40 19.97 21.56 21.87 23.41 16.33 14.41 24.71 26.76 25.35 21.91 13.27 21.25 25.73 11.98 12.28 10.46 27.35 6.54 9.24 11.48 13.53
8.62 8.60 7.72 6.59 5.33 5.62 5.91 6.22 6.02 3.90 5.95 6.58 5.40 5.11 5.51 5.82 1.57 2.13 4.54 7.43 7.40 8.16 9.22 10.89 8.98 15.39 15.51 12.85 16.07 19.43 17.63 14.91 18.23 18.96 13.33 14.07 15.76 16.00 17.23 18.75 20.39 23.45 24.11 22.92 24.03 27.51 27.53 23.45 22.55 20.81 23.03 20.03 18.44 14.95 14.08 16.65 14.67 14.93 19.12 20.10 20.66 23.83 21.98 15.03 22.86 25.27 23.76 23.80 17.78 21.75 11.95 10.00 26.59 25.57 8.68 20.34 7.02 9.84 11.45 12.84
8.00 7.41 5.50 5.13 4.58 4.59 4.95 5.11 5.72 5.66 5.44 5.37 6.27 2.69 7.52 7.16 5.10 1.39 3.46 7.14 7.55 8.49 10.56 11.74 7.13 15.54 16.35 14.42 16.34 19.15 18.35 16.63 19.39 17.31 11.81 13.93 15.86 14.87 13.54 15.38 20.06 22.51 21.45 21.33 25.02 24.19 23.07 20.80 20.66 19.08 17.46 19.68 18.83 15.77 14.28 14.08 13.91 16.54 19.04 19.45 20.03 17.04 15.24 17.87 22.67 22.60 22.99 22.14 19.94 24.16 9.37 27.46 15.63 10.11 22.49 23.59 7.65 10.63 12.07 12.35
7.46 6.65 5.56 5.74 4.18 5.48 4.82 4.53 4.61 3.90 4.06 4.95 5.21 3.80 0.94 5.51 5.10 5.10 2.78 6.26 7.68 8.15 9.37 10.71 12.87 14.08 17.93 16.34 15.68 18.81 19.61 16.63 17.45 15.50 12.44 14.34 15.30 13.21 13.88 17.48 23.12 24.70 22.03 23.13 24.88 21.20 17.91 16.58 17.16 17.25 18.31 18.18 17.01 14.10 14.07 13.08 14.91 16.10 18.07 17.30 13.21 14.15 19.41 21.50 21.81 22.25 22.64 22.17 21.68 22.49 21.41 8.11 10.40 21.65 24.55 5.00 8.53 11.72 12.25 11.21
2.80 6.83 6.66 5.05 4.70 4.13 4.23 4.54 4.35 4.32 4.39 4.03 3.95 4.48 6.55 6.34 6.14 4.98 1.92 3.79 6.81 3.55 8.14 9.77 13.09 14.11 18.70 16.87 16.15 20.09 20.03 15.79 17.00 15.83 12.49 13.40 13.63 13.14 15.52 19.83 24.95 25.67 23.97 25.98 23.83 18.75 16.74 15.53 17.51 17.08 13.60 14.26 12.38 8.02 8.20 12.62 14.53 13.91 15.88 10.29 10.41 17.01 21.95 21.48 19.54 18.74 20.18 20.06 20.02 20.88 19.78 15.79 19.92 17.76 19.40 5.56 9.59 12.35 11.22 9.44
3.49 5.79 5.44 5.32 4.41 3.91 3.72 4.29 4.03 3.86 3.95 3.49 2.56 3.58 2.95 2.94 7.37 5.03 1.41 2.21 6.37 2.32 7.54 9.28 12.77 14.02 18.04 16.27 16.85 20.68 18.80 15.11 16.35 14.32 12.42 13.34 13.44 14.23 16.61 19.32 24.01 24.36 24.36 20.94 18.63 16.11 14.71 14.58 16.36 15.88 15.23 11.33 7.38 6.07 9.12 13.75 13.49 13.23 12.59 7.40 13.16 20.02 20.76 20.32 19.41 19.98 6.91 5.92 5.81 5.04 17.58 16.00 7.15 18.94 5.71 6.67 10.32 11.92 9.83 7.95
3.99 2.85 2.92 2.88 3.34 2.15 3.40 4.29 4.37 4.38 3.49 3.42 2.70 1.71 5.80 5.83 5.90 1.65 2.88 2.40 2.17 0.89 1.43 8.10 12.02 16.60 18.04 16.77 17.89 20.30 17.67 14.47 14.05 15.62 12.94 14.09 14.85 14.79 14.74 20.14 23.70 25.84 22.40 20.43 17.01 13.85 11.50 13.63 15.35 11.97 10.76 10.31 5.47 5.85 12.97 15.64 13.30 13.84 13.09 9.95 13.29 8.16 20.24 18.40 5.68 6.00 5.40 4.71 4.86 5.29 5.50 6.34 13.80 18.38 5.72 7.79 10.44 10.55 8.70 7.06
3.95 3.72 1.26 2.00 2.33 1.63 1.95 3.20 4.87 5.72 4.48 4.08 4.15 2.88 5.70 4.99 4.85 0.96 2.62 2.19 1.76 0.63 1.99 2.47 11.44 16.49 18.47 17.82 19.24 19.01 17.02 13.89 12.27 13.29 13.66 15.20 16.42 13.99 17.28 22.59 25.73 24.25 19.71 16.97 14.29 9.73 9.82 13.83 12.58 10.05 8.73 7.90 5.69 7.89 13.95 14.32 14.81 14.02 14.17 15.80 12.84 6.13 5.09 17.97 19.59 19.93 20.77 19.87 20.24 17.85 4.94 5.73 5.98 4.89 5.78 8.48 9.98 8.93 7.50 6.81
3.02 1.27 0.84 1.70 1.72 2.06 2.09 2.92 3.93 5.15 5.69 5.59 5.21 5.84 5.49 7.51 6.34 5.13 1.74 1.64 1.61 1.35 3.99 4.69 11.51 16.17 17.73 18.60 19.67 17.43 15.45 12.31 11.16 13.70 14.44 16.33 16.55 13.80 19.17 25.26 25.04 19.38 16.24 14.33 10.60 8.00 11.52 12.39 12.11 10.17 7.39 7.29 8.58 10.89 14.75 14.25 14.64 14.67 14.18 15.54 17.04 18.14 19.62 16.55 16.76 17.57 17.37 17.26 15.81 4.51 8.68 17.93 5.25 12.31 5.81 8.23 9.42 7.86 6.01 6.46
4.02 3.47 2.75 2.79 2.37 2.02 2.17 1.50 1.99 3.93 4.50 5.06 4.26 5.52 7.42 6.07 9.02 7.85 0.14 0.27 1.94 2.98 6.18 7.76 6.20 10.48 16.89 19.43 19.80 16.08 12.99 10.64 13.08 16.97 15.35 16.53 15.24 17.85 21.77 26.37 30.78 17.09 14.09 12.85 9.72 10.09 11.40 12.15 9.75 9.13 5.40 8.68 10.95 10.55 12.00 13.00 14.15 15.08 13.66 13.67 16.57 18.17 16.55 16.45 15.29 14.04 16.46 15.27 7.93 17.01 18.45 2.43 4.47 5.16 5.43 6.97 8.93 7.91 22.31 5.44
4.67 4.05 2.52 2.22 2.12 0.87 1.22 1.09 1.15 2.55 4.11 4.82 2.54 2.60 6.67 8.78 9.16 4.53 3.75 2.71 2.45 3.28 7.41 11.22 7.46 10.23 16.87 19.94 18.28 15.82 11.64 11.39 15.03 15.54 16.19 16.07 17.27 19.20 23.75 25.44 22.35 16.87 12.88 11.43 10.19 9.80 10.25 9.08 7.33 7.36 6.93 9.97 11.04 11.35 12.04 11.52 15.35 10.66 14.36 14.13 13.16 13.80 12.65 12.93 12.45 13.45 18.05 13.59 17.78 14.03 8.41 1.51 4.27 5.34 4.74 5.14 7.61 8.10 6.01 4.82
5.73 4.76 2.85 1.62 1.56 2.46 1.99 1.32 0.99 1.17 3.72 5.06 4.89 4.67 5.54 6.05 6.39 7.42 5.86 8.19 4.65 4.56 6.86 10.73 9.37 11.34 17.56 19.55 17.19 14.70 12.46 14.08 15.58 15.70 16.56 14.40 17.12 21.29 25.10 26.44 20.81 16.55 12.85 11.72 9.79 8.89 7.89 8.90 6.15 8.08 9.19 10.51 10.51 10.44 8.88 13.36 15.90 8.38 13.16 15.23 12.56 12.11 12.19 15.25 16.77 15.71 16.71 14.17 9.52 8.75 16.10 15.98 15.17 16.21 17.59 18.50 5.09 6.66 6.55 5.32
5.71 5.25 3.20 1.60 2.44 2.80 2.00 0.95 0.73 0.81 2.56 4.45 6.13 5.56 4.63 4.42 4.07 3.63 3.18 4.25 4.32 3.12 5.08 8.19 10.84 13.79 18.28 18.84 16.88 16.08 15.63 16.96 16.93 18.24 15.33 12.90 17.62 22.96 24.47 25.89 23.06 20.84 13.71 11.39 9.00 8.48 8.80 7.12 6.15 5.70 8.92 9.43 11.03 9.57 10.61 14.44 12.38 12.64 14.41 11.36 10.94 13.66 16.54 15.44 14.60 15.55 16.38 3.23 10.45 17.33 16.42 12.14 13.53 10.71 14.15 16.23 12.99 4.26 5.27 5.24
4.57 4.43 2.68 1.28 1.89 1.91 0.97 0.87 0.70 0.43 2.12 3.63 5.71 5.90 4.24 3.09 3.42 3.52 2.57 3.21 4.82 3.90 4.33 3.88 10.24 15.37 18.40 18.06 17.36 17.82 18.89 19.13 19.15 16.23 14.61 17.14 19.13 23.42 24.74 25.18 22.04 19.45 13.96 10.77 8.51 7.28 7.06 7.45 5.93 6.44 6.25 9.49 0.80 11.29 10.69 10.18 11.08 11.64 11.50 11.95 13.06 14.34 17.66 14.00 16.84 15.74 16.91 19.98 17.54 16.44 12.77 12.24 15.06 4.91 6.24 17.45 18.57 18.23 17.77 13.33
3.90 3.47 2.34 1.11 1.26 1.12 0.75 1.11 1.13 0.74 3.09 3.50 1.48 5.83 7.98 6.73 5.68 4.99 3.39 3.37 4.74 2.23 3.09 7.97 9.37 14.63 17.35 18.18 18.68 18.92 20.25 20.82 18.21 11.02 13.07 19.22 20.70 23.88 26.70 26.36 18.78 15.90 13.25 10.28 8.03 5.95 5.41 5.08 6.43 6.99 5.60 9.74 7.42 9.17 2.13 10.05 10.67 10.36 14.13 12.63 12.75 14.32 14.30 13.63 14.60 16.01 15.08 13.68 9.41 15.69 8.88 12.63 13.61 12.97 5.69 19.19 17.89 13.74 12.64 17.53
2.67 1.52 1.45 0.85 1.12 0.40 1.49 2.05 2.12 1.36 2.53 3.72 2.62 2.66 8.24 9.90 9.55 8.36 6.42 5.15 3.95 0.74 0.83 2.31 7.96 14.06 17.41 18.65 20.47 20.45 20.02 20.61 16.37 8.37 12.49 19.69 19.51 24.75 26.76 24.14 17.71 13.52 11.35 9.13 6.81 5.05 6.31 4.50 5.06 4.18 8.21 9.76 10.45 8.51 1.26 9.61 3.20 11.19 14.84 10.66 12.88 13.66 14.02 15.58 9.18 16.77 16.10 17.13 8.89 9.83 12.79 12.45 11.32 10.02 12.54 11.86 15.23 16.95 11.27 10.96
3.70 3.78 3.38 2.97 1.87 2.19 3.16 2.97 3.00 2.04 2.95 5.27 5.84 3.68 5.46 7.73 8.36 7.75 7.14 4.62 3.23 1.52 1.31 0.74 6.59 13.75 16.93 17.80 20.09 19.85 18.91 19.63 15.19 7.36 12.76 19.66 21.89 25.50 28.48 24.63 16.21 10.58 8.70 7.63 6.04 3.94 3.57 3.43 7.25 8.64 10.16 3.70 3.06 9.33 1.24 2.04 2.71 13.79 10.32 9.48 12.11 13.04 15.15 8.77 9.52 13.63 12.63 12.31 13.69 7.33 6.72 11.22 13.53 1.94 16.97 15.80 12.98 14.47 14.81 15.32
2.55 4.32 5.16 5.74 4.86 4.13 3.23 2.39 2.61 2.24 3.04 6.14 6.77 4.10 5.14 5.26 5.83 6.31 6.47 4.50 2.55 1.33 0.71 0.73 6.03 10.61 16.54 17.63 18.71 18.90 19.75 21.69 17.43 10.59 11.61 19.39 23.24 26.83 28.59 24.32 13.81 8.43 6.89 6.29 5.36 6.92 4.12 4.90 7.09 8.22 5.26 5.04 3.57 2.45 1.66 1.42 1.11 1.61 2.61 12.18 13.37 14.64 12.46 15.53 14.49 14.43 13.12 11.88 10.50 5.38 13.08 6.48 16.01 13.25 12.26 13.73 13.92 11.87 9.35 13.39
6.82 6.28 5.80 5.46 5.55 4.98 4.32 4.05 4.37 4.57 3.68 5.18 7.47 7.09 5.95 6.90 7.54 7.87 8.02 7.62 5.50 2.57 1.51 4.54 2.01 8.99 17.80 17.27 18.14 20.81 24.85 25.98 20.78 14.83 13.45 19.25 25.06 28.08 30.21 22.43 11.30 10.95 6.88 6.47 6.45 3.54 0.86 2.50 4.48 6.23 6.32 5.22 3.40 1.43 1.82 9.51 11.10 12.58 14.46 4.54 3.48 14.96 4.73 4.35 8.50 14.05 12.59 12.23 11.58 13.46 14.29 13.17 13.00 11.27 15.65 14.23 13.64 15.09 1.11 0.63
7.20 6.88 5.69 4.79 3.59 3.76 5.37 5.40 6.15 7.01 4.91 5.64 8.19 9.47 7.32 7.68 8.56 8.88 8.33 8.20 7.06 4.50 3.63 4.79 4.75 9.23 16.44 13.94 15.86 22.37 27.28 25.71 20.15 16.02 14.68 20.40 28.31 31.13 32.12 20.07 8.99 11.02 9.50 8.80 6.45 5.32 3.29 2.32 4.19 7.82 7.10 5.40 3.37 1.75 1.93 11.90 12.65 13.38 2.47 3.58 3.22 9.18 3.07 12.72 15.00 15.13 13.98 13.21 17.81 7.41 13.01 13.28 13.26 13.71 7.21 15.44 7.53 14.49 15.42 1.65
6.70 6.38 6.81 6.87 5.27 4.76 7.46 8.36 8.55 8.37 6.01 6.29 7.21 9.45 10.24 9.42 9.90 9.72 8.10 8.02 7.57 5.36 4.90 5.76 5.02 7.37 13.66 13.20 14.36 22.63 26.18 21.51 18.34 16.92 17.08 23.40 30.46 33.39 30.02 22.60 14.71 12.40 9.96 7.22 5.29 4.83 2.67 4.54 6.84 8.47 7.29 5.65 3.87 2.32 1.23 1.55 1.90 2.22 2.29 2.80 10.10 10.26 9.46 10.62 11.09 13.91 7.65 6.81 6.35 7.43 13.01 8.43 9.04 8.54 15.47 2.33 1.93 1.65 15.02 15.14
5.49 7.90 6.66 6.73 7.76 7.64 6.83 7.74 8.96 8.75 5.93 4.68 4.54 7.69 11.36 11.42 11.73 11.23 9.01 8.89 8.63 6.50 5.27 5.86 4.27 4.65 9.68 13.88 17.80 22.22 22.62 19.79 19.72 19.60 23.54 27.38 30.61 30.60 25.69 20.07 14.72 10.95 8.95 7.05 4.91 3.03 2.44 3.05 3.60 8.65 7.55 5.92 4.30 2.83 2.13 2.41 2.39 1.98 1.87 2.32 2.58 9.23 4.40 5.64 5.95 1.52 6.85 7.20 13.21 13.36 12.99 13.26 13.68 16.37 9.36 10.97 10.12 15.67 6.67 12.80
6.97 6.42 4.82 4.99 6.85 7.69 5.91 3.94 5.86 7.04 5.33 3.48 6.41 6.09 8.66 9.82 10.67 11.39 10.25 10.16 9.63 7.83 5.87 6.19 4.48 1.25 5.64 11.36 17.55 20.82 19.09 18.88 23.02 24.19 27.00 30.41 29.98 24.93 21.13 19.77 15.84 11.99 10.07 8.60 6.58 5.19 3.21 1.93 4.97 9.65 7.94 5.88 4.08 4.26 3.50 3.22 2.73 2.57 3.20 3.96 4.23 4.35 15.12 6.18 6.95 6.99 6.81 6.96 12.83 12.79 12.89 13.48 13.95 14.03 14.50 13.95 12.27 14.64 12.42 10.39
6.42 6.90 4.23 4.55 5.60 6.56 8.17 6.34 4.04 5.13 5.28 4.59 3.12 1.68 5.21 7.87 9.52 10.57 10.30 10.27 10.02 8.77 8.11 6.43 4.96 5.10 5.80 7.62 13.64 15.57 22.67 24.87 25.53 25.69 26.08 27.14 24.62 20.83 20.74 20.06 16.54 14.35 13.03 10.50 6.29 3.43 2.74 3.34 12.42 10.93 8.55 5.79 4.18 4.28 3.95 3.44 3.14 3.38 3.71 4.04 4.26 4.23 5.23 5.85 6.54 6.95 13.08 13.14 13.42 12.91 12.37 12.62 6.44 5.67 6.25 6.05 6.02 6.90 6.72 5.48
2.24 4.09 5.00 4.70 4.50 6.14 7.09 9.20 7.59 7.23 8.38 6.64 6.31 9.45 3.49 8.34 10.46 12.16 12.05 11.71 11.31 8.49 8.27 7.24 5.63 5.63 5.98 6.21 10.50 11.72 18.89 25.22 26.95 24.30 23.94 23.08 18.72 19.13 22.32 19.43 16.59 15.64 14.32 10.34 5.01 2.57 0.73 14.21 13.80 12.26 9.41 6.17 3.99 3.38 2.86 2.43 2.48 3.26 3.89 8.43 9.06 10.00 5.55 12.59 12.85 11.69 10.69 10.99 6.01 5.84 5.22 2.66 3.35 5.16 6.10 6.33 4.22 4.07 3.94 4.72
5.29 1.23 4.34 3.45 3.53 5.08 6.57 6.30 6.43 7.35 9.39 9.72 9.73 9.39 4.90 8.30 13.55 17.53 19.16 19.00 16.68 11.77 8.85 6.99 6.66 7.26 8.51 5.12 7.85 12.34 16.65 17.99 22.58 22.33 20.39 16.33 16.67 21.33 23.55 19.36 17.16 15.75 13.98 12.82 11.15 8.68 7.14 16.51 15.60 13.78 10.33 6.30 3.14 1.87 1.11 1.85 2.89 3.29 3.65 8.91 9.79 11.01 5.84 11.65 10.76 10.19 11.27 11.67 12.12 11.87 10.97 11.73 12.76 14.07 14.07 14.08 13.36 11.16 8.29 5.01
6.49 3.19 4.23 6.05 6.19 7.64 6.86 4.92 6.28 5.45 6.74 7.74 7.20 6.04 5.66 8.47 13.18 19.90 24.53 26.81 25.38 21.60 16.90 12.28 11.20 10.00 6.08 5.13 5.39 11.80 16.60 19.50 22.64 19.31 18.10 18.24 17.38 21.18 22.51 19.60 17.80 15.64 14.35 13.87 14.61 15.42 15.98 18.10 16.72 15.29 11.97 6.93 2.55 1.15 0.88 2.09 3.04 3.64 8.70 7.95 8.51 9.89 10.90 11.06 12.21 6.32 6.77 6.67 6.80 6.90 8.25 9.49 10.08 14.50 11.51 7.37 12.54 10.36 4.55 4.46
6.71 7.54 10.09 6.70 4.03 3.58 3.92 5.08 5.12 8.00 7.91 7.06 7.95 8.30 8.31 8.25 10.29 14.76 19.53 23.90 27.20 26.82 24.63 22.28 17.59 11.83 10.84 5.16 2.82 10.58 16.51 19.53 25.77 20.04 16.92 21.56 19.77 19.73 19.02 17.87 18.11 15.31 13.86 14.89 18.26 19.04 20.17 18.72 16.96 15.00 12.51 8.71 4.51 2.22 1.05 2.05 3.21 3.97 4.50 4.73 4.75 10.22 11.50 12.42 13.12 13.32 12.79 13.05 13.07 13.96 5.99 3.57 4.14 4.68 5.02 11.33 13.24 14.28 11.41 5.03
9.63 10.60 8.02 12.17 9.10 0.61 1.25 2.52 5.04 8.58 13.11 17.13 16.46 14.49 12.86 10.63 9.55 9.86 11.28 10.73 18.37 26.74 28.31 26.26 20.54 15.47 11.55 6.93 1.50 11.67 16.78 16.62 23.87 23.21 15.64 18.81 17.02 15.62 14.44 14.52 15.00 14.87 16.05 16.67 18.34 18.79 19.35 17.86 17.23 14.93 12.51 10.63 8.05 5.46 3.54 2.76 3.72 4.61 5.12 5.51 5.98 5.43 10.79 10.67 9.53 10.03 10.98 4.73 3.49 3.30 3.58 4.05 4.50 12.13 12.98 13.61 13.40 13.49 12.94 13.02
13.78 11.67 10.62 6.72 11.51 11.78 5.61 10.68 14.75 17.92 22.14 25.70 25.44 23.41 18.87 17.87 14.44 12.78 13.06 15.04 21.59 27.76 27.95 25.31 19.12 16.97 17.67 13.08 5.69 12.26 16.49 13.95 20.66 24.42 17.42 15.72 16.10 12.51 12.60 13.43 12.95 12.60 13.99 14.04 13.82 14.82 16.36 18.53 23.19 16.76 14.75 13.34 11.27 9.50 8.18 5.98 5.32 5.85 6.03 11.47 10.22 9.94 4.28 3.70 4.82 4.45 4.41 4.22 3.67 2.61 2.37 3.16 7.42 3.80 13.84 13.81 13.74 12.81 12.66 12.99
