examples/cougarCreek/createInputs/WindNinja/wrfout_d3.2015081012.f19/cougarCreek_08-11-2015_0700_217m_non_neutral_stability_vel.asc
ncols	146
nrows	140
xllcorner	610065.000000
yllcorner	5095217.000000
cellsize	216.586807
NODATA_value	-9999.000000
[rows 0 to 35 of 140, columns 0 to 79 of 146]
14.03 11.78 12.23 10.34 12.89 6.86 9.41 11.07 11.40 11.04 10.52 10.22 10.28 9.74 12.99 9.19 12.26 12.78 12.11 15.44 17.54 17.15 15.03 12.60 10.70 10.57 10.76 10.64 11.10 11.69 10.90 12.67 10.56 12.19 12.94 13.51 13.43 12.48 11.06 10.44 10.23 9.99 10.43 11.15 11.72 12.08 12.56 13.27 13.94 12.73 15.91 10.85 16.93 16.90 19.45 20.82 21.04 14.61 21.06 22.26 21.57 19.76 20.78 20.45 19.11 17.34 18.04 22.23 25.70 26.82 25.40 21.16 17.13 16.97 20.78 22.76 20.07 20.16 24.51 28.15
14.03 11.78 12.23 10.34 12.89 6.86 9.41 11.07 11.40 11.04 10.52 10.22 10.28 9.74 12.99 9.19 12.26 12.78 12.11 15.44 17.54 17.15 15.03 12.60 10.70 10.57 10.76 10.64 11.10 11.69 10.90 12.67 10.56 12.19 12.94 13.51 13.43 12.48 11.06 10.44 10.23 9.99 10.43 11.15 11.72 12.08 12.56 13.27 13.94 12.73 15.91 10.85 16.93 16.90 19.45 20.82 21.04 14.61 21.06 22.26 21.57 19.76 20.78 20.45 19.11 17.34 18.04 22.23 25.70 26.82 25.40 21.16 17.13 16.97 20.78 22.76 20.07 20.16 24.51 28.15
13.43 14.73 15.82 12.15 18.28 18.21 12.18 10.50 20.87 21.36 20.69 20.00 11.06 10.18 19.56 17.22 17.03 11.63 12.64 11.75 13.78 15.85 16.53 14.25 10.77 10.06 17.31 16.89 9.63 8.45 7.42 17.04 12.27 13.18 12.37 13.31 10.79 3.41 7.56 2.72 0.09 3.14 2.98 2.25 3.77 9.37 7.99 6.54 9.76 10.86 9.06 6.00 9.51 18.25 19.73 20.55 21.05 16.16 22.35 22.59 20.50 14.73 17.36 18.04 18.58 15.11 20.82 24.55 24.72 27.17 24.41 20.15 12.02 18.95 23.05 23.38 21.95 23.13 26.00 29.37
4.34 13.15 16.98 16.66 15.27 15.69 18.81 18.73 20.51 14.65 19.91 19.07 11.74 8.96 14.47 11.88 14.78 15.04 14.69 10.29 9.75 14.55 19.70 16.74 11.89 8.22 14.60 16.05 10.06 8.27 12.24 13.41 15.33 14.82 13.68 13.67 13.04 8.82 4.96 5.51 3.33 1.98 1.98 0.55 1.58 4.73 5.28 2.85 4.66 6.70 8.43 11.25 14.42 18.85 19.95 19.34 20.29 11.63 14.51 15.22 16.48 16.54 18.34 19.95 20.13 17.72 26.08 23.24 28.24 26.57 22.35 14.34 21.40 25.15 28.56 26.65 25.50 27.43 28.67 32.27
8.57 19.27 16.57 19.22 16.99 17.34 11.61 18.84 8.94 10.97 23.15 21.49 14.78 10.69 7.32 12.20 14.80 13.91 15.84 15.54 11.10 13.01 17.43 16.71 14.18 10.35 7.91 17.67 14.05 12.88 12.27 10.97 15.08 13.42 13.10 12.94 13.27 11.50 5.97 2.81 2.08 2.14 1.46 1.70 2.69 4.82 3.33 2.50 5.31 9.79 13.49 14.99 16.13 18.86 19.64 18.68 12.40 15.01 12.24 24.97 21.05 18.66 20.26 23.48 20.79 27.76 23.99 28.71 26.79 24.53 17.88 25.41 28.37 31.48 29.56 31.32 28.17 27.76 30.99 35.41
8.04 20.06 15.55 22.59 17.96 17.55 18.75 20.99 21.20 21.30 22.03 23.85 15.37 12.61 6.73 5.68 15.01 13.30 14.17 9.73 11.25 11.43 15.39 23.82 15.15 11.86 7.39 16.88 15.20 13.73 11.29 12.98 14.60 12.89 13.24 12.28 12.37 11.58 6.40 2.46 3.76 3.42 2.97 3.95 1.53 3.25 4.62 5.51 10.17 14.92 15.92 15.48 17.83 19.41 17.45 13.01 9.76 16.74 24.18 16.17 21.07 21.13 23.37 22.46 27.64 24.19 28.25 27.68 24.73 18.97 27.98 26.91 28.64 31.78 29.45 26.97 24.20 27.03 32.56 36.70
16.02 21.43 15.23 16.60 20.74 16.76 17.02 12.09 21.41 21.56 22.02 23.54 21.51 13.90 9.80 4.53 15.33 14.03 7.98 9.47 10.87 12.85 15.36 18.28 18.88 13.03 14.60 14.48 15.54 12.50 9.06 13.35 14.37 10.52 11.62 12.26 11.14 11.49 6.28 3.84 3.61 4.67 5.23 5.94 4.39 5.50 9.01 11.97 13.78 15.13 16.21 16.70 17.33 17.31 13.20 14.27 14.65 13.96 17.30 18.98 20.08 23.68 24.26 20.06 25.81 27.55 28.04 26.05 21.57 28.54 27.15 31.15 30.38 27.46 25.27 21.43 25.92 28.81 32.90 36.41
19.57 21.46 22.05 22.56 20.68 19.19 19.66 20.82 21.12 10.04 21.99 23.02 22.17 13.30 8.68 4.86 11.47 11.84 15.13 8.15 10.37 11.47 13.73 17.25 20.06 13.89 9.58 17.75 15.23 8.77 10.13 15.02 10.62 8.91 12.28 12.40 11.37 10.53 8.25 6.10 5.70 4.77 5.88 4.99 6.31 10.14 11.68 10.91 13.04 14.44 16.64 14.24 14.90 14.28 13.99 16.68 15.17 16.35 17.91 19.68 21.41 22.36 19.00 27.11 24.39 27.20 27.04 25.85 24.31 26.93 29.63 28.20 27.25 21.47 25.79 21.48 26.89 29.09 32.82 36.94
18.71 20.95 17.98 19.64 20.17 18.88 18.70 19.54 21.83 22.46 22.86 11.29 12.75 17.95 11.83 8.17 5.28 11.80 11.95 7.02 9.81 10.65 10.78 14.95 24.87 15.57 10.86 16.88 14.00 9.38 10.73 13.79 9.72 9.58 13.35 11.52 11.17 10.89 11.40 11.59 9.14 4.23 5.18 6.74 5.57 10.53 11.89 10.84 13.31 13.41 12.77 15.94 18.09 16.32 16.32 15.29 13.47 16.55 19.11 20.65 19.41 18.47 20.05 22.33 25.95 26.57 26.69 25.71 26.78 29.85 27.83 23.58 23.04 27.95 24.66 24.31 25.41 29.03 35.00 38.76
18.19 20.10 19.71 21.79 20.05 22.68 21.14 20.19 20.58 19.75 20.53 22.20 21.95 19.70 13.46 7.89 5.70 4.02 14.97 6.32 9.15 10.38 10.57 13.08 18.50 17.74 12.34 14.27 16.75 11.96 10.12 13.60 11.69 11.38 12.71 10.65 10.77 12.19 11.31 11.66 9.32 6.87 7.23 1.93 9.43 6.96 10.06 10.94 11.83 13.46 15.68 17.92 17.58 14.09 11.64 11.57 13.40 15.25 17.42 15.35 14.61 24.77 22.21 25.42 25.89 25.29 25.85 26.16 27.99 28.95 26.33 29.18 30.02 27.03 25.50 26.65 27.59 33.59 39.25 40.40
14.31 17.29 19.23 19.74 20.40 20.43 21.33 22.12 21.54 20.99 21.29 20.53 19.93 20.16 12.39 10.11 7.17 3.55 14.86 14.96 9.57 18.28 9.64 11.02 17.11 20.64 14.44 12.21 15.79 9.80 8.69 13.05 9.70 10.77 12.75 11.93 13.01 12.68 11.92 13.00 8.64 9.53 3.17 9.66 11.20 6.72 11.96 11.41 14.73 15.16 14.42 16.76 11.92 6.24 6.71 10.59 12.90 13.75 13.63 13.66 19.27 19.58 24.36 25.68 24.37 25.51 27.64 28.17 29.17 30.05 28.02 28.36 27.94 28.25 25.90 29.94 32.92 38.37 41.08 39.95
14.97 15.57 14.54 17.52 17.96 19.26 20.34 22.22 22.25 21.38 21.09 20.15 18.42 19.25 16.53 16.74 10.40 4.64 12.01 16.30 8.91 19.23 9.25 9.34 15.17 22.17 15.69 15.01 16.80 9.72 9.66 13.67 11.60 12.86 13.59 12.38 12.90 12.57 12.93 13.28 13.85 5.85 11.34 2.15 4.29 6.21 13.21 13.83 15.89 17.18 18.78 14.83 7.81 5.38 8.34 13.04 13.25 13.91 14.21 17.84 17.69 22.38 24.40 23.90 24.46 27.63 27.32 27.50 27.83 28.70 29.15 28.20 30.79 27.31 31.33 32.98 36.79 39.86 39.90 38.07
15.71 17.01 16.41 14.49 16.17 16.10 20.18 21.32 21.63 23.43 20.93 19.89 18.22 17.71 12.52 12.61 9.71 14.94 14.91 18.16 18.42 20.45 20.47 9.42 13.17 18.86 16.65 14.57 15.72 9.09 11.42 12.34 13.45 2.18 14.21 13.73 14.26 12.99 11.61 9.10 16.47 6.68 2.10 12.61 4.84 13.07 13.83 13.90 17.86 16.99 16.63 14.42 7.44 6.17 11.92 15.16 14.31 15.58 15.98 15.06 20.61 22.17 23.31 23.49 23.95 23.90 23.48 23.25 23.56 24.60 26.84 29.44 28.03 27.83 33.26 35.52 38.51 39.09 37.63 36.15
12.00 12.78 18.51 22.05 19.56 17.54 18.54 11.85 9.62 11.62 21.18 21.69 21.35 19.32 13.76 12.84 9.96 12.66 17.36 17.99 19.36 20.60 20.44 19.80 12.32 17.84 17.53 17.87 13.53 9.22 9.46 13.09 13.85 15.31 14.35 14.15 14.99 15.15 5.52 9.86 13.58 7.05 0.41 2.77 12.79 14.87 14.10 16.83 18.10 18.06 16.23 13.49 9.61 8.28 14.26 15.71 17.18 18.38 18.03 19.35 20.10 19.07 19.79 21.70 22.17 22.10 20.89 20.75 21.48 21.31 27.29 30.16 32.07 33.85 35.39 37.05 37.71 36.18 34.42 33.82
11.34 17.40 17.83 22.82 22.17 21.60 19.98 20.65 20.09 9.35 11.56 22.63 21.93 22.32 23.63 15.50 12.16 7.38 14.74 17.28 18.79 20.64 21.23 22.82 12.50 16.49 19.99 17.00 13.69 9.21 10.51 13.34 16.72 15.53 15.81 14.00 15.81 15.87 6.99 11.56 11.97 5.29 1.29 11.69 16.81 14.54 17.19 16.66 20.12 20.79 15.98 14.36 13.09 12.11 15.42 14.82 17.28 19.10 17.90 18.36 19.38 19.23 19.26 19.08 18.73 17.23 17.98 18.91 20.17 27.37 27.30 31.48 31.85 33.71 34.86 35.31 34.43 32.45 30.93 31.04
22.53 23.47 23.92 24.32 23.59 22.05 20.20 17.83 18.68 19.93 12.90 21.97 21.66 20.19 21.38 21.19 15.10 10.26 12.56 15.32 15.68 19.40 21.12 21.05 24.77 26.43 22.00 18.57 13.38 8.93 11.75 16.51 17.15 4.13 16.20 16.13 14.59 6.23 9.30 12.29 8.26 4.09 1.69 13.98 17.70 17.38 16.42 19.55 20.95 21.02 14.72 17.28 17.72 15.07 14.00 14.96 18.49 18.74 15.98 16.38 17.32 16.85 15.08 15.53 16.74 18.92 21.84 22.05 25.63 27.82 31.37 29.58 29.28 30.07 30.95 30.79 30.24 29.65 31.67 29.15
23.23 24.27 24.07 22.07 22.45 20.66 20.58 19.01 17.56 18.86 20.04 22.19 20.21 18.71 19.47 12.62 14.28 12.82 14.17 18.02 16.62 20.47 21.15 14.53 21.79 25.08 23.52 16.78 12.92 8.48 13.94 16.80 14.02 18.86 15.65 17.22 4.29 6.81 10.60 18.69 9.17 4.10 2.58 6.02 16.60 16.45 18.73 20.66 21.55 20.47 18.09 20.85 19.93 17.56 14.69 16.98 20.37 15.42 16.53 16.51 16.58 15.42 15.77 17.82 19.11 22.55 24.44 23.82 27.45 30.27 29.09 26.17 26.06 26.82 26.98 26.48 26.62 27.46 28.25 28.43
24.09 24.75 24.75 22.53 20.95 23.40 22.08 20.74 18.50 16.20 18.84 19.91 18.82 13.70 17.86 8.08 10.26 10.25 16.71 10.58 18.90 21.33 20.35 15.72 18.27 23.03 23.31 16.50 11.80 10.66 17.13 17.27 17.56 18.23 15.45 15.32 4.65 7.37 10.82 16.89 8.85 4.48 3.50 15.77 17.36 18.92 20.18 24.40 22.33 23.40 23.78 23.16 21.18 17.22 14.61 19.04 19.30 12.96 16.81 15.06 14.16 15.77 17.61 19.60 21.22 25.02 26.99 27.32 27.22 26.43 26.02 22.86 23.30 25.91 27.56 28.45 25.35 25.53 26.26 26.87
21.60 23.70 23.52 22.43 19.78 21.04 21.56 20.60 18.35 16.13 18.16 19.12 18.48 19.29 20.06 19.56 18.44 18.06 17.18 17.85 19.92 22.81 21.97 17.24 17.73 23.41 21.49 15.12 11.75 14.26 18.01 17.54 19.84 7.45 15.95 15.73 5.97 8.42 17.67 17.99 14.54 16.12 4.10 6.74 18.40 23.10 25.41 25.10 23.93 22.82 25.00 24.11 22.48 14.75 17.05 19.73 14.46 13.60 15.85 12.61 12.99 16.14 18.87 19.80 21.64 24.11 25.83 22.46 24.18 24.24 21.70 22.13 23.68 24.52 25.60 27.90 27.46 24.63 23.91 24.18
16.88 20.09 20.95 20.74 18.95 17.96 19.32 19.21 17.89 15.45 17.74 17.19 21.27 19.31 18.55 15.38 17.56 18.39 17.44 19.51 18.54 17.99 18.58 24.48 22.16 22.95 19.05 13.84 14.34 17.18 17.83 20.06 16.62 18.97 6.63 6.66 8.31 10.08 18.31 17.77 16.54 15.54 4.76 8.08 20.52 23.90 25.50 27.47 25.26 24.64 24.28 24.47 14.91 19.05 19.53 16.08 15.15 14.88 13.64 13.10 13.54 16.09 17.31 17.51 20.87 22.34 22.17 23.36 23.09 22.15 22.15 24.31 25.65 26.66 27.55 29.71 28.96 26.15 25.55 26.15
13.23 16.40 19.32 19.41 19.46 18.73 19.65 20.41 18.98 16.46 18.50 17.79 16.75 17.15 17.35 15.66 12.93 16.77 16.38 20.37 17.32 17.17 16.95 15.45 24.64 26.00 20.29 14.18 15.31 16.80 18.89 20.97 13.99 19.27 8.04 8.69 10.10 11.56 13.36 16.50 11.07 7.91 6.67 9.25 21.77 21.96 23.71 24.62 27.52 28.68 25.86 24.68 18.79 22.10 14.98 13.59 16.29 15.54 14.93 13.22 13.77 15.99 16.16 17.16 20.31 21.90 22.31 22.16 21.97 23.94 23.85 25.43 26.14 25.03 26.39 28.53 27.46 26.03 26.06 27.09
12.20 15.46 17.33 19.14 17.51 18.41 18.31 19.63 19.15 16.13 18.09 19.28 14.78 14.51 14.31 15.61 16.01 18.12 14.05 16.72 18.35 16.30 19.79 23.46 28.42 29.18 21.79 18.68 17.60 17.74 21.52 17.74 13.26 20.62 9.46 9.89 19.38 12.12 23.21 13.70 11.05 8.19 8.54 10.65 22.50 25.57 28.01 25.82 29.25 25.46 28.42 24.13 23.83 19.28 15.30 16.90 16.97 17.43 16.62 12.77 14.25 16.24 16.23 17.87 19.76 21.14 21.48 22.50 21.53 21.93 21.67 23.69 26.12 27.66 26.88 25.01 24.42 26.79 27.36 27.07
18.48 20.08 22.07 20.87 19.25 20.72 20.64 22.48 20.94 18.15 17.98 18.26 14.07 11.80 15.58 14.83 14.93 15.77 15.45 19.71 19.57 17.21 17.15 20.56 27.88 30.76 24.81 21.29 18.35 16.61 18.69 15.12 14.21 22.70 9.36 10.33 11.21 12.73 22.24 13.13 9.32 7.86 9.89 12.00 24.24 23.84 24.38 27.66 30.96 28.83 28.38 19.25 16.92 15.30 16.84 18.55 16.41 16.80 14.69 13.41 15.78 16.44 16.83 17.85 18.23 18.86 18.84 19.42 19.83 19.90 21.59 24.84 26.64 23.45 26.81 24.81 24.41 26.47 26.72 25.85
15.50 18.21 22.13 15.28 23.60 23.55 23.38 22.68 22.54 19.45 17.10 18.61 17.67 13.42 12.22 15.21 15.01 17.01 18.35 16.90 16.51 15.92 16.48 13.63 18.75 34.69 27.89 22.80 17.96 14.92 18.98 18.69 15.30 21.83 16.48 11.05 12.13 13.96 24.23 12.52 7.53 7.91 11.08 23.52 25.51 29.68 29.34 30.57 28.63 30.24 22.43 20.29 19.49 18.08 17.88 18.19 15.97 14.47 14.88 15.37 17.37 17.19 15.94 15.39 16.96 18.64 18.85 20.05 20.69 22.57 24.92 25.24 25.54 23.80 24.30 24.71 26.46 27.26 26.56 25.04
11.15 18.23 12.39 13.99 23.49 23.73 23.87 24.19 25.06 20.89 17.27 18.02 17.32 12.65 12.22 13.40 14.10 14.66 16.36 16.72 16.60 15.34 14.46 16.12 18.57 39.42 32.97 23.48 19.78 20.18 22.70 22.09 18.82 22.52 23.86 12.13 13.48 21.23 22.01 12.27 8.28 22.76 20.72 24.18 28.25 28.52 27.72 30.38 30.76 31.13 23.11 22.15 21.33 20.23 19.44 21.98 20.74 19.15 17.44 15.03 15.57 16.31 16.33 18.28 19.37 20.22 20.66 23.25 24.28 25.58 26.41 24.81 23.67 24.29 26.35 25.39 25.75 26.57 22.18 21.91
9.99 17.07 18.36 19.62 19.23 20.05 22.62 24.75 27.00 24.23 18.55 15.61 16.81 15.30 12.79 12.07 13.99 14.27 15.09 16.98 16.91 16.21 14.85 15.38 22.20 39.32 38.36 22.73 22.24 29.41 29.88 21.83 18.94 19.83 23.21 11.21 14.39 27.02 17.96 10.63 8.77 22.82 25.16 29.13 29.35 30.55 29.96 32.82 31.94 31.62 24.18 23.53 22.02 20.73 19.97 24.72 22.49 20.04 14.40 14.66 15.04 15.60 17.28 20.05 21.42 20.73 22.77 25.49 27.29 24.99 25.07 24.40 24.52 25.40 24.23 27.29 24.48 25.20 25.06 19.61
6.65 9.34 9.78 18.98 17.42 16.96 21.78 23.46 27.90 26.87 21.15 18.20 16.26 16.98 11.71 10.60 12.60 13.77 14.26 15.73 17.21 15.74 13.97 15.88 21.90 39.77 41.26 23.45 23.76 36.38 29.95 20.40 17.40 20.08 21.80 17.46 28.06 26.99 18.73 18.57 21.90 25.13 26.74 28.56 29.30 31.75 32.58 32.85 32.03 24.81 25.39 24.45 22.18 20.61 19.82 17.19 14.83 14.27 14.56 15.10 15.96 16.36 17.43 19.47 20.67 22.43 22.95 22.91 22.05 21.20 22.12 21.61 22.64 22.75 25.74 21.01 20.02 19.02 23.03 23.22
8.89 15.50 14.54 15.52 17.10 18.28 19.76 22.16 25.36 28.06 25.36 20.79 14.84 15.56 13.18 13.31 12.56 13.00 13.58 14.66 15.96 15.14 12.17 14.60 20.82 38.50 45.75 32.12 30.18 38.77 30.13 21.73 18.65 20.62 25.66 31.81 29.87 24.57 20.92 21.11 22.94 25.11 26.69 28.84 30.61 31.62 30.82 32.86 33.81 25.36 26.55 25.35 22.09 19.93 19.53 17.45 15.06 14.08 14.52 15.43 16.31 18.12 18.59 19.67 20.16 18.63 19.85 19.19 19.07 18.54 19.02 20.20 21.51 23.68 21.47 21.42 20.19 21.91 19.06 21.10
13.35 13.19 12.12 12.79 15.25 16.96 17.17 19.21 23.53 27.80 24.94 21.77 11.06 16.77 13.14 13.33 13.04 12.89 13.40 14.32 14.49 13.98 12.19 12.94 15.86 29.00 48.29 46.05 43.10 41.67 30.15 24.66 24.34 26.19 28.86 30.98 25.86 23.68 23.50 23.42 24.53 27.07 27.76 28.96 31.46 33.70 32.87 33.97 31.74 25.66 27.66 26.20 22.11 20.01 19.05 16.82 14.53 13.86 14.51 15.25 15.98 16.76 20.67 17.85 17.59 16.89 16.65 17.12 19.08 19.16 19.38 19.82 20.10 20.68 21.21 20.67 19.71 20.76 20.37 19.66
11.63 13.14 11.14 12.26 13.61 14.30 18.12 19.11 20.63 25.39 27.33 21.23 15.77 11.50 14.37 12.39 12.98 13.06 14.05 14.70 14.86 14.26 13.58 11.13 12.75 21.21 38.10 49.79 53.12 43.79 33.54 30.73 32.37 31.73 30.91 28.84 24.25 25.07 23.94 24.06 26.26 27.90 29.13 31.29 33.12 33.81 33.65 34.95 24.98 27.11 28.40 27.50 23.67 20.28 16.98 13.49 13.77 14.35 14.30 14.20 14.66 15.19 16.13 16.58 16.26 15.62 17.13 17.56 18.55 19.12 18.79 18.09 17.43 18.31 19.01 18.88 18.71 18.85 18.62 18.90
3.63 8.83 11.35 11.85 12.62 14.37 15.41 19.72 21.16 24.42 24.90 21.91 17.95 5.69 11.02 12.63 12.59 11.59 11.26 12.43 13.59 12.31 12.69 11.55 11.33 17.43 27.47 43.65 54.91 47.17 39.38 38.69 36.17 33.67 31.41 26.74 23.23 24.79 23.22 24.73 26.58 28.76 31.14 33.32 33.16 34.02 34.53 22.74 25.87 27.82 28.92 29.09 24.99 19.19 15.34 13.73 14.93 15.42 14.82 15.99 16.14 16.94 15.84 18.20 17.84 16.70 16.28 16.58 16.35 16.26 16.26 18.25 19.75 20.19 21.17 21.29 20.79 20.32 19.78 19.86
4.49 2.55 9.68 9.67 10.74 12.92 15.59 17.54 20.17 25.94 27.14 20.64 17.83 14.68 11.01 11.49 12.17 14.13 11.35 11.47 12.03 10.62 10.58 10.78 12.44 18.79 26.15 36.99 50.98 48.87 43.55 40.50 35.08 31.68 26.21 22.15 24.74 25.90 21.80 24.00 26.57 28.95 31.65 34.45 35.72 34.82 34.58 24.37 26.51 27.47 28.41 29.34 25.92 19.04 15.60 16.37 17.94 17.40 15.85 16.48 16.54 17.16 15.36 17.17 16.96 17.31 18.37 18.94 19.23 19.23 19.46 21.25 22.72 23.45 23.52 24.31 25.00 24.33 22.53 21.45
5.15 1.15 1.70 11.41 12.62 15.13 16.65 17.04 21.08 22.13 25.43 23.01 19.92 13.97 11.17 14.19 13.32 13.75 13.88 12.00 11.13 10.04 9.43 11.08 15.83 22.56 20.94 34.30 47.59 49.50 46.68 40.48 30.87 27.31 24.44 23.96 26.55 26.33 24.50 26.47 25.95 28.00 31.85 34.39 35.48 34.48 33.69 25.05 25.93 27.27 28.18 28.52 27.59 23.73 19.64 18.18 17.72 16.81 18.33 16.19 15.65 15.90 16.15 16.52 17.46 15.50 15.80 15.88 15.94 15.92 16.65 17.49 18.16 20.64 20.10 20.48 23.36 23.08 19.24 19.81
4.08 4.14 5.74 1.94 9.16 11.68 15.64 18.63 20.33 24.07 25.24 20.00 13.96 11.02 15.37 15.90 14.23 13.84 12.76 12.35 13.80 14.43 11.27 10.17 13.22 19.03 30.01 33.85 45.30 49.90 48.00 38.20 24.71 23.65 24.47 24.86 26.25 24.92 25.07 26.25 27.47 29.41 32.41 33.70 35.22 32.00 33.72 24.90 25.25 26.64 28.70 30.03 29.14 26.45 22.57 16.68 12.64 12.97 13.98 14.04 13.79 15.65 15.57 15.76 16.20 16.10 15.30 14.70 13.99 14.54 12.68 13.45 15.39 18.07 20.01 22.44 22.61 22.12 20.47 16.62
7.03 6.60 7.64 5.04 0.63 11.95 14.36 16.67 19.20 21.96 25.46 21.73 21.28 16.93 9.84 16.26 13.13 12.82 12.89 12.42 14.04 17.14 19.20 20.98 16.89 23.35 27.58 33.30 44.68 52.18 47.58 33.13 16.42 19.78 22.41 23.24 22.94 21.52 23.14 26.00 28.39 29.50 31.68 32.85 36.34 34.73 34.52 25.54 26.17 27.15 29.21 31.96 31.96 27.68 22.65 16.30 9.20 8.39 11.20 12.24 12.55 12.19 14.41 14.33 14.22 14.42 14.19 10.95 8.99 10.29 13.58 16.77 18.70 22.36 22.52 21.50 20.29 19.54 19.32 19.31
12.85 11.48 11.97 11.04 2.68 4.76 17.03 18.86 19.99 23.89 25.49 21.61 17.04 15.20 17.11 10.86 10.24 8.90 8.48 15.66 20.92 22.65 22.38 26.34 22.76 22.75 24.67 31.57 44.12 51.49 41.76 26.15 10.65 14.83 18.88 19.96 20.24 21.44 22.94 26.02 28.51 29.22 31.83 34.17 33.86 35.50 37.63 38.21 36.02 28.96 30.08 30.88 33.27 32.10 27.38 21.08 14.79 9.30 9.45 14.16 13.18 13.52 12.12 12.75 12.55 12.78 12.78 13.16 14.04 15.25 17.27 18.92 19.96 15.45 17.38 16.41 17.17 17.87 18.35 18.09
