examples/cougarCreek/createInputs/WindNinja/wrfout_d3.2015081012.f19/cougarCreek_08-11-2015_0700_217m_non_neutral_stability_ang.asc
ncols	146
nrows	140
xllcorner	610065.000000
yllcorner	5095217.000000
cellsize	216.586807
NODATA_value	-9999.000000
[rows 0 to 45 of 140, columns 0 to 95 of 146]
59 30 50 74 96 62 48 48 53 63 75 87 99 106 101 97 94 73 41 33 33 44 64 86 99 100 98 95 94 97 99 101 65 57 52 51 55 62 66 66 64 59 53 48 44 40 37 35 32 6 25 332 20 2 15 12 354 328 8 6 7 349 2 1 1 341 355 353 354 355 357 357 353 346 344 347 348 345 346 348 348 348 348 349 349 349 345 338 330 326 316 310 320 303 303 301
59 30 50 74 96 62 48 48 53 63 75 87 99 106 101 97 94 73 41 33 33 44 64 86 99 100 98 95 94 97 99 101 65 57 52 51 55 62 66 66 64 59 53 48 44 40 37 35 32 6 25 332 20 2 15 12 354 328 8 6 7 349 2 1 1 341 355 353 354 355 357 357 353 346 344 347 348 345 346 348 348 348 348 349 349 349 345 338 330 326 316 310 320 303 303 301
97 62 66 104 129 103 74 48 87 107 119 133 88 129 132 129 128 86 68 39 42 55 69 82 90 89 139 136 104 106 107 132 80 76 53 50 111 88 57 200 139 257 201 201 308 19 320 314 327 318 327 332 342 1 13 12 354 331 6 359 339 340 346 339 339 331 353 351 338 356 359 358 333 345 343 329 324 349 348 348 347 347 347 348 349 350 348 343 336 332 321 310 313 288 278 283
91 79 73 108 121 110 107 93 91 80 112 124 98 113 148 141 136 117 106 81 59 67 80 75 77 98 152 137 96 97 161 146 119 119 112 97 99 107 118 155 153 169 130 144 35 323 293 1 314 310 325 342 342 354 10 11 353 354 356 348 347 349 353 345 346 350 352 344 343 360 344 340 349 344 344 334 335 353 350 348 345 345 346 347 350 352 352 350 348 349 346 335 321 314 315 287
37 93 72 100 116 107 88 97 68 69 101 111 74 78 120 155 144 118 117 110 81 71 71 113 74 80 102 143 145 151 153 154 128 124 129 113 105 116 103 119 179 140 193 266 0 325 305 350 330 328 323 332 336 355 349 345 315 0 349 1 356 344 351 346 350 355 345 354 359 345 344 352 348 346 334 342 360 355 348 345 342 343 345 348 350 353 354 355 356 359 357 350 341 332 326 322
91 86 71 94 109 117 114 110 106 98 94 100 90 72 107 128 150 115 111 94 88 73 71 103 122 77 97 144 145 153 165 176 135 136 138 118 117 119 137 154 183 157 229 264 282 302 320 330 320 324 328 332 337 352 334 317 333 354 357 355 349 347 350 345 357 347 342 348 343 349 353 345 341 349 354 0 343 352 344 341 339 340 344 347 351 354 355 357 359 359 357 354 352 349 341 327
117 92 74 76 99 109 109 85 102 107 98 94 105 69 68 120 156 127 95 86 86 82 77 78 119 72 156 139 145 162 174 162 145 151 142 118 124 129 115 136 142 190 238 255 241 316 301 308 13 353 353 354 329 321 325 334 338 344 342 344 346 351 348 353 355 345 344 344 344 353 342 340 353 354 357 338 356 347 340 337 335 337 342 346 351 354 356 358 360 358 356 356 356 358 358 350
109 106 101 96 97 110 112 101 95 73 98 94 101 89 88 94 153 148 126 85 86 83 78 77 114 75 89 151 144 98 183 155 150 182 149 121 138 142 140 129 142 182 216 233 254 283 305 352 345 342 312 316 324 328 326 323 328 337 335 342 348 345 344 357 344 344 346 344 347 342 353 356 340 337 354 344 352 343 337 334 334 336 341 345 349 354 357 359 359 358 357 357 358 359 0 359
111 103 99 96 93 102 110 111 106 103 105 74 71 112 66 65 110 152 132 82 85 85 71 71 113 80 92 156 147 169 181 159 179 189 151 133 152 152 137 133 152 169 195 208 360 271 283 308 291 300 301 311 326 328 333 325 322 329 335 342 342 349 350 347 344 345 344 342 343 341 355 337 349 352 339 337 350 339 334 334 335 337 341 344 348 353 357 359 359 358 358 358 358 358 359 358
112 105 99 95 88 92 95 103 106 105 106 105 100 106 130 87 102 114 141 87 84 91 80 72 78 130 89 160 156 162 183 170 177 177 153 141 153 148 130 134 168 203 202 239 263 337 275 273 296 297 304 321 322 320 303 309 312 321 328 332 348 356 344 344 344 343 341 341 341 342 343 355 352 342 338 356 347 338 336 337 338 339 341 344 347 352 356 358 358 358 358 358 358 357 358 358
58 115 115 102 97 89 85 92 96 99 103 104 103 101 75 77 81 110 148 119 90 113 88 76 76 121 85 156 152 162 194 171 176 183 154 144 149 141 135 152 176 207 51 254 271 331 270 279 284 304 331 315 298 307 309 302 307 319 318 343 350 342 342 343 344 345 344 344 344 344 345 348 343 346 345 354 344 338 339 341 342 342 343 344 347 351 355 357 357 357 357 357 357 357 359 359
53 105 111 114 109 99 87 86 93 99 100 103 108 104 109 115 65 97 140 129 91 117 95 84 80 103 86 158 152 169 193 177 189 181 157 147 142 140 147 148 167 81 219 7 330 318 264 267 285 298 293 292 296 308 303 303 308 315 324 348 343 339 343 342 343 344 357 357 357 358 347 347 353 344 354 349 342 339 342 345 345 345 345 346 348 352 354 355 356 356 355 354 355 359 2 1
86 80 84 91 104 100 92 80 81 92 95 98 103 113 75 78 74 146 124 128 116 121 126 98 88 86 88 142 147 100 190 180 181 106 159 149 149 149 141 81 153 96 75 243 316 262 250 274 282 284 278 275 292 302 292 297 308 312 321 338 344 356 342 344 358 357 358 357 357 356 355 353 347 344 352 346 341 341 345 347 336 347 346 347 349 352 353 354 355 355 354 351 353 360 3 2
40 46 60 79 90 94 95 71 59 57 83 94 97 105 70 76 76 148 137 126 118 117 128 120 94 90 136 147 147 106 193 191 171 169 154 144 154 157 92 94 146 103 97 310 259 241 246 269 278 272 270 272 286 286 295 302 307 317 321 328 343 355 358 343 340 339 335 334 332 334 349 349 350 352 349 344 342 344 347 348 349 348 348 348 350 352 353 353 354 354 354 352 353 359 3 3
42 59 67 75 80 87 97 97 84 64 63 81 87 89 100 59 65 72 146 136 135 126 134 138 99 94 132 137 152 108 204 189 163 163 152 145 157 156 106 107 106 106 280 252 238 240 251 277 281 273 264 271 276 279 288 293 304 313 318 324 330 333 333 338 336 334 335 335 334 345 341 336 349 343 347 344 343 345 348 348 348 348 348 349 351 352 352 353 353 353 351 351 354 358 3 10
66 73 80 82 83 91 101 105 104 86 69 82 93 87 81 89 55 49 133 124 130 127 132 146 130 119 130 142 153 108 196 172 167 132 154 155 151 101 106 107 192 108 258 247 237 247 267 277 276 260 261 271 280 289 289 297 310 308 311 321 323 324 328 330 334 337 334 337 343 333 334 348 347 345 344 343 344 346 333 347 346 347 347 349 351 352 352 352 353 352 348 346 351 357 7 25
68 72 79 89 87 85 93 99 106 104 89 88 104 109 87 59 50 91 100 104 114 117 125 98 142 125 133 133 103 184 185 165 169 170 161 163 118 107 104 158 112 130 226 255 248 258 268 271 264 256 258 277 288 287 284 311 310 313 305 317 327 328 332 332 335 336 333 339 335 341 347 351 345 342 341 341 342 344 346 346 346 346 347 349 351 351 351 352 354 352 346 341 340 347 341 17
77 75 77 86 91 85 83 93 103 110 98 87 92 98 89 68 56 47 81 59 94 97 102 82 146 127 135 133 105 179 175 170 171 166 172 164 129 114 108 166 114 142 220 244 252 260 266 263 261 260 273 287 289 279 295 304 297 312 307 309 322 328 331 328 327 333 335 338 345 349 340 334 331 329 326 326 339 342 345 347 340 347 348 350 350 350 350 353 355 354 347 341 338 341 309 333
96 90 88 90 101 101 92 97 108 117 109 95 86 88 98 99 91 90 94 87 93 101 90 107 126 129 132 131 152 174 175 175 172 156 177 163 141 125 148 168 185 214 222 255 254 254 259 262 258 269 278 284 276 268 288 289 282 289 300 314 321 323 322 325 328 330 333 347 343 337 334 336 333 334 329 328 332 341 342 345 348 348 350 351 350 348 350 354 356 354 348 343 344 350 358 316
106 101 94 92 99 101 94 92 102 112 106 100 90 89 107 114 116 104 106 96 92 104 85 96 103 119 97 129 163 171 175 177 185 198 176 162 148 138 150 168 186 211 219 254 256 255 258 260 270 278 279 269 290 269 286 286 284 291 304 313 318 321 315 321 320 325 325 324 330 332 335 334 331 340 339 331 330 327 326 334 346 348 350 350 349 349 351 355 357 354 347 346 350 351 349 309
51 104 96 91 95 96 93 92 98 109 99 98 116 93 87 100 108 111 114 106 95 115 83 66 87 112 89 126 156 164 171 179 188 197 180 159 150 144 138 175 150 170 220 251 257 260 263 267 273 273 274 264 267 281 295 275 287 299 300 313 320 321 320 320 321 323 326 329 335 330 337 333 331 331 339 330 332 332 332 329 338 348 349 348 348 349 352 356 357 353 348 347 352 347 297 303
85 82 86 87 89 88 85 86 91 104 103 101 122 127 84 75 78 87 91 95 92 110 97 92 95 107 113 131 148 162 170 173 192 201 179 157 160 143 161 145 160 191 232 252 258 255 259 269 269 263 265 261 266 264 292 274 310 301 303 319 321 323 323 320 331 322 324 324 334 332 326 328 331 336 334 334 330 328 336 338 348 347 347 347 348 349 352 356 356 353 351 352 356 1 359 332
61 64 67 67 73 74 72 80 85 98 102 97 104 148 111 84 71 74 77 95 97 99 93 84 84 101 113 122 138 160 167 172 202 196 177 160 150 143 163 144 168 213 242 255 258 260 266 267 257 255 258 284 288 257 293 301 308 290 311 323 325 327 323 331 327 320 321 323 321 328 330 328 330 341 328 327 330 330 332 332 332 347 346 348 348 349 352 355 355 353 356 3 9 16 18 355
68 60 57 44 55 60 69 78 86 97 105 97 99 132 124 112 100 94 90 98 108 105 103 70 56 87 92 120 130 152 162 170 190 191 169 164 152 144 163 147 180 225 245 255 257 260 262 259 255 256 274 279 287 290 299 305 310 319 328 318 325 326 328 317 317 316 317 319 323 330 325 336 327 328 329 327 329 335 340 335 335 332 348 348 347 347 350 352 352 355 3 13 21 28 34 13
24 48 36 41 54 57 62 69 78 88 107 104 99 111 125 112 103 96 90 85 93 103 111 99 64 85 108 121 134 137 144 163 183 192 179 168 153 153 169 157 196 245 251 259 260 256 259 262 260 259 273 278 284 289 296 285 291 299 306 333 339 321 337 336 332 324 322 322 325 327 329 331 329 330 327 327 328 331 348 349 343 339 350 347 345 345 347 347 349 359 12 20 25 36 46 24
10 47 55 59 67 69 62 67 73 80 99 103 96 96 121 118 109 99 94 86 82 98 109 101 81 83 104 122 130 124 142 165 189 197 187 165 150 167 183 170 209 246 253 256 259 264 268 266 261 256 275 279 282 285 291 284 295 303 329 330 334 326 336 325 326 326 326 329 328 340 335 333 331 330 336 330 337 332 334 349 350 353 352 348 345 345 345 342 343 0 17 23 27 12 26 26
343 21 19 55 61 64 61 60 68 74 88 95 96 96 103 122 113 103 101 93 88 99 102 92 74 77 100 120 124 125 141 165 189 196 180 161 167 178 195 226 237 240 248 251 254 256 257 256 254 271 273 277 281 283 286 297 315 325 326 328 318 321 325 327 329 329 340 344 345 342 333 337 336 335 329 340 342 348 332 332 348 350 351 350 348 348 348 342 338 349 16 35 43 8 13 19
32 57 59 58 54 59 69 68 65 68 82 96 104 100 89 101 100 100 105 97 94 104 103 83 60 66 86 108 119 127 144 162 176 180 171 170 177 191 211 226 232 235 242 250 254 255 256 258 259 269 271 278 283 282 287 301 314 319 324 329 333 324 335 337 339 347 344 344 333 328 326 325 326 327 332 329 331 328 337 330 332 334 349 349 349 351 352 345 339 333 297 268 332 336 351 356
90 87 86 75 65 64 71 86 85 76 82 102 101 104 87 92 98 99 107 100 96 105 111 89 53 48 69 87 109 126 147 160 159 168 174 181 192 208 217 226 233 237 244 252 258 262 266 266 257 269 272 280 285 288 294 307 313 315 322 330 333 335 325 335 336 338 340 340 331 328 327 325 321 320 319 317 318 320 325 327 331 334 348 348 350 354 355 349 347 351 341 357 214 245 326 331
106 102 97 89 80 73 72 79 97 92 93 102 115 133 115 100 105 106 111 105 101 110 117 112 78 60 62 72 100 114 141 151 156 168 175 181 200 215 219 227 234 242 251 256 256 257 261 253 265 266 268 275 283 293 304 312 306 309 319 326 329 331 333 334 333 332 323 324 325 327 326 321 326 325 323 323 323 324 326 330 333 338 336 351 354 0 360 356 356 5 11 9 26 307 324 327
93 119 118 116 105 92 77 74 83 90 90 101 110 93 134 110 118 127 129 123 119 127 128 134 113 86 72 72 94 105 132 147 162 172 182 194 212 212 224 233 239 249 257 257 253 253 251 261 261 261 263 266 278 299 311 303 297 304 314 311 316 321 332 324 323 320 320 320 329 330 330 339 339 330 329 329 332 332 332 331 333 336 342 3 7 6 3 1 1 9 19 25 29 286 315 351
24 116 118 106 106 97 94 90 87 92 90 88 94 102 130 119 115 126 131 131 134 145 144 144 127 105 95 81 90 101 121 133 171 182 192 215 215 209 226 238 247 254 258 261 262 258 256 260 262 264 264 265 273 296 308 302 303 310 317 311 317 321 331 323 323 324 325 326 326 325 326 327 329 329 327 328 330 331 332 336 346 339 1 9 12 9 6 6 9 17 27 36 40 329 341 8
13 53 214 129 111 116 113 104 95 95 95 95 108 119 134 126 112 111 115 119 132 150 155 153 136 122 103 95 94 99 109 127 172 194 202 213 209 212 225 234 246 257 261 263 266 267 268 261 265 268 270 272 276 288 298 303 314 324 312 315 317 318 320 323 325 333 335 336 336 336 332 327 328 321 319 326 327 338 346 347 348 352 357 360 6 12 12 14 21 30 37 42 44 39 358 15
0 6 345 263 150 140 129 118 105 97 105 116 128 134 135 132 119 104 93 91 103 125 144 142 124 121 122 107 101 102 109 124 172 201 213 218 219 225 235 244 252 258 260 263 272 274 277 265 270 274 276 278 279 283 287 297 322 336 332 330 331 321 320 321 320 319 320 320 317 310 309 322 326 331 336 326 329 331 337 343 346 339 350 349 1 16 20 25 35 44 46 47 46 45 6 14
324 336 66 341 171 134 135 132 122 115 115 120 128 138 152 138 126 107 91 94 106 116 125 131 127 121 121 111 104 106 112 120 171 212 224 229 233 240 254 263 264 265 268 269 273 277 280 270 276 283 284 281 277 274 273 276 292 326 332 331 333 333 318 312 313 313 311 315 327 321 318 321 327 320 330 335 334 328 324 327 334 330 349 317 7 22 27 36 48 55 56 53 49 53 21 23
63 69 74 100 80 130 130 123 119 116 112 105 108 126 146 174 183 193 197 160 144 133 130 124 126 118 113 106 103 107 114 116 144 229 235 236 243 249 253 258 263 267 269 268 267 271 276 282 291 282 286 288 284 272 264 265 268 286 317 316 318 316 326 326 333 333 334 332 332 330 327 327 320 336 327 328 327 326 324 323 323 344 338 333 11 23 34 44 55 61 64 62 58 63 38 25
90 86 94 108 105 124 152 130 121 112 106 102 107 114 127 141 150 152 154 146 134 132 125 125 114 105 106 103 102 101 105 113 141 225 229 230 234 245 252 255 258 264 266 266 271 269 269 275 284 280 282 288 289 280 272 270 268 276 298 316 322 325 327 320 327 335 337 337 338 327 336 334 334 332 334 339 339 339 326 339 341 327 336 339 16 17 33 48 58 64 68 67 65 72 40 24
88 94 106 114 112 120 129 121 115 106 99 103 111 111 115 120 122 125 121 111 108 115 112 99 102 101 95 104 98 89 81 95 195 246 247 247 246 243 244 248 251 254 262 267 266 274 276 273 276 283 289 280 279 291 279 272 268 273 282 296 303 311 314 320 323 326 329 331 334 336 336 338 323 335 330 335 337 336 337 339 342 327 330 305 335 30 42 52 59 67 71 70 69 72 63 46
280 239 122 113 105 103 135 150 99 96 92 101 103 104 101 103 105 98 90 90 92 96 96 94 85 79 91 98 91 80 73 79 251 273 275 275 267 243 242 266 265 262 258 266 272 272 272 275 268 276 282 286 284 287 285 284 282 281 275 282 287 294 298 300 291 304 287 287 293 304 310 321 334 334 332 334 337 339 340 340 344 353 6 14 20 18 68 68 66 70 72 70 69 70 69 43
308 99 97 102 101 92 134 89 100 97 100 100 99 105 105 106 103 95 90 92 90 81 98 100 85 81 99 98 82 80 77 74 29 278 285 292 292 288 284 261 258 274 259 261 268 271 273 271 270 271 272 274 273 277 282 287 286 286 291 284 280 281 286 287 286 286 288 289 291 295 303 297 305 310 317 325 330 338 345 347 350 358 7 16 23 321 53 79 86 78 71 67 64 64 67 36
345 52 70 79 121 123 128 90 101 102 104 109 112 116 110 112 104 87 74 71 76 89 109 102 82 85 103 100 90 85 81 69 12 300 281 280 282 284 290 292 281 274 276 264 258 259 264 266 267 277 277 276 272 267 272 268 264 265 269 265 273 278 273 272 274 287 293 293 297 297 302 308 306 290 291 301 311 324 340 353 1 5 9 23 45 303 27 64 93 95 79 68 63 61 62 65
333 18 58 72 112 117 123 95 104 108 111 113 115 117 109 108 93 71 73 87 100 112 111 93 74 88 101 104 103 94 79 53 4 308 282 279 283 281 278 281 287 279 276 277 278 279 269 267 282 282 280 282 270 282 275 273 273 277 262 259 272 266 271 274 278 283 287 285 284 285 284 296 300 299 294 303 301 309 322 349 7 14 18 31 49 51 262 43 74 87 87 76 68 63 60 61
38 47 60 85 97 116 91 104 104 110 115 116 114 111 106 95 83 84 102 114 118 114 101 74 75 103 108 105 103 97 78 55 29 348 311 292 285 281 278 275 277 279 276 273 271 271 275 279 282 272 282 280 282 279 273 247 245 277 282 284 256 284 277 248 242 237 236 240 246 252 252 251 248 246 253 265 298 318 309 333 4 22 32 39 47 50 46 283 45 73 76 77 72 65 62 59
57 88 95 127 117 115 101 108 110 116 118 113 118 115 96 73 88 93 109 117 115 103 82 66 92 113 105 96 95 97 79 59 43 22 1 321 291 284 281 275 272 274 274 268 261 263 268 270 271 276 276 274 280 279 275 277 274 272 258 248 244 231 226 235 242 252 259 262 274 265 279 279 275 274 278 266 269 273 311 326 353 34 46 47 48 52 53 56 78 81 75 73 71 66 63 60
52 72 129 105 94 87 105 105 111 115 106 104 82 74 74 74 88 74 94 104 97 84 72 78 102 108 92 83 92 98 76 56 39 25 18 6 316 293 285 280 275 269 263 263 264 268 272 276 278 275 270 270 274 273 266 254 243 244 244 246 244 236 242 266 284 299 310 317 319 317 317 315 313 313 315 315 304 305 278 348 327 41 54 52 53 58 61 60 63 80 84 78 39 70 36 37
81 93 94 88 87 88 95 101 105 100 128 64 64 79 81 74 50 73 99 100 97 90 90 86 97 94 76 77 97 95 72 54 43 31 19 358 335 327 308 286 272 282 278 277 281 274 274 274 279 281 271 258 256 254 251 244 249 249 253 260 268 290 303 310 314 319 321 327 335 330 324 331 328 324 321 318 333 305 287 268 24 142 70 62 62 64 69 70 71 73 85 85 76 73 37 75
