examples/cougarCreek/createInputs/WindNinja/wrfout_d3.2015081012.f19/cougarCreek_08-11-2015_0700_217m_non_neutral_stability_vel.asc
ncols	146
nrows	140
xllcorner	610065.000000
yllcorner	5095217.000000
cellsize	216.586807
NODATA_value	-9999.000000
[rows 36 to 71 of 140, columns 0 to 79 of 146]
9.20 10.67 11.71 12.32 3.84 4.64 7.85 19.87 20.20 24.55 25.82 21.57 18.05 17.70 18.35 20.65 22.12 24.66 25.02 23.23 21.22 21.15 23.31 23.17 23.15 19.77 21.60 32.21 44.85 47.23 33.13 19.57 8.55 13.04 17.91 20.54 20.42 9.97 12.67 15.20 17.34 19.34 23.41 33.44 34.78 36.79 37.37 38.01 40.38 30.61 31.25 30.47 32.31 33.52 31.13 25.88 20.07 13.89 10.33 9.91 9.99 10.92 12.11 15.87 14.12 14.10 15.18 16.43 17.53 20.26 18.39 18.46 16.48 12.73 10.47 10.81 11.74 12.50 14.18 13.23
11.88 11.78 11.65 13.68 16.05 14.14 17.68 18.06 19.79 21.18 21.51 21.42 20.22 18.92 15.08 15.13 17.77 17.43 15.53 13.07 12.60 15.18 19.05 21.16 18.74 15.77 22.35 34.70 46.96 48.44 35.70 11.55 3.69 10.79 20.43 24.91 27.06 28.12 28.21 28.64 20.63 28.90 22.93 26.10 29.01 24.16 25.33 34.37 40.21 40.07 39.57 31.46 31.39 31.69 29.90 28.62 22.85 16.41 12.05 9.67 7.79 7.88 8.32 9.20 10.38 11.30 11.82 12.39 13.23 14.28 14.80 14.89 19.25 13.61 13.06 12.92 12.94 13.13 13.15 12.99
0.88 1.41 11.11 13.90 16.67 15.68 11.23 10.99 17.76 18.69 23.43 20.88 18.63 15.70 14.00 14.24 14.67 13.89 12.64 13.31 14.31 13.09 15.28 19.41 19.86 16.61 23.23 36.89 48.03 54.29 48.64 23.33 4.77 11.92 18.34 21.30 22.26 23.80 24.77 31.41 34.29 33.28 22.42 22.92 21.80 23.23 25.48 25.29 37.11 37.94 42.05 39.75 39.56 31.46 29.09 27.38 23.79 20.17 14.56 11.41 9.35 9.33 9.84 9.85 8.28 10.11 8.34 8.31 8.42 8.82 9.05 9.08 10.91 13.00 13.72 14.20 14.81 14.74 13.62 12.02
1.60 8.95 12.17 14.19 16.20 17.61 11.49 13.97 15.49 19.46 21.96 22.24 20.71 17.39 16.37 15.79 15.05 13.42 11.42 10.80 10.84 12.37 15.84 21.40 19.45 17.36 23.35 33.47 45.08 54.00 56.49 33.16 4.57 11.70 17.73 20.37 24.62 28.80 30.20 26.71 25.60 32.63 25.37 27.16 33.08 37.12 39.93 41.07 40.84 40.89 40.21 40.49 38.47 37.20 35.38 26.25 22.65 19.42 16.10 13.34 11.34 9.75 9.90 10.43 10.45 11.16 11.98 11.83 11.82 10.97 10.47 9.43 10.52 11.04 11.16 12.33 13.46 13.97 14.09 12.25
4.53 11.05 12.58 14.71 10.01 11.61 10.03 14.25 15.71 16.61 21.94 24.15 23.98 20.52 18.13 16.09 14.15 11.35 9.56 10.81 12.46 15.48 20.46 20.93 16.22 15.72 21.32 29.68 35.07 49.38 55.39 34.05 11.39 11.35 16.87 20.39 22.04 25.59 31.45 26.73 29.25 28.91 28.09 26.51 26.80 26.45 28.06 30.27 29.83 40.95 40.36 39.06 38.80 34.96 21.40 19.42 27.29 23.07 10.75 18.32 17.18 11.74 10.16 10.51 10.97 13.20 14.16 12.88 13.10 12.73 12.17 12.46 13.41 12.26 11.15 10.35 10.97 11.51 12.35 12.98
3.14 3.01 10.24 14.03 10.94 11.56 8.73 14.85 16.16 18.79 23.00 25.25 22.96 17.95 14.64 13.68 11.22 8.93 8.90 12.94 16.57 20.75 23.92 16.38 12.29 14.36 22.40 28.81 32.18 47.16 54.35 38.99 18.63 15.31 18.22 18.95 21.89 23.85 26.60 32.22 34.31 35.57 36.03 36.21 36.99 34.46 29.58 29.98 36.54 36.74 37.51 34.04 27.42 32.99 32.49 30.28 25.13 21.43 12.58 11.04 14.20 10.98 12.15 13.50 13.83 14.63 15.79 16.74 16.72 17.13 16.62 15.95 13.11 14.11 14.36 13.62 11.80 11.78 10.45 10.64
5.47 11.22 12.86 15.06 19.34 11.59 14.95 16.44 17.28 19.25 24.12 26.89 22.91 16.23 12.08 10.26 9.10 10.32 13.14 15.25 20.42 24.83 19.68 11.50 11.79 15.69 25.54 30.25 33.74 45.59 55.77 49.93 34.76 21.02 16.34 16.14 20.13 23.73 26.92 29.82 33.62 34.31 34.67 35.06 38.25 40.38 41.58 40.84 39.28 29.90 37.41 34.41 29.07 28.35 27.84 22.44 19.48 18.72 16.40 15.56 9.00 11.20 14.77 16.40 13.03 13.16 13.02 12.49 12.38 11.71 11.81 12.00 11.74 13.72 15.78 17.49 18.25 14.97 9.61 7.52
4.53 5.19 13.99 6.04 12.00 10.62 17.29 16.29 17.91 23.63 27.43 23.56 14.53 9.95 7.59 8.41 8.94 10.77 12.61 17.66 23.11 20.36 13.88 10.82 11.99 18.96 26.82 28.07 32.14 41.25 50.76 48.13 41.31 33.00 23.94 16.87 20.01 23.78 25.66 26.67 29.71 33.59 34.96 35.40 37.23 38.69 37.83 36.86 39.47 39.69 38.20 36.28 32.61 29.95 27.47 25.46 25.77 25.13 24.33 17.65 11.50 8.25 10.87 12.60 12.66 13.30 13.90 14.23 13.83 13.84 13.37 12.71 12.65 13.44 14.32 15.32 15.34 15.21 13.69 6.43
4.45 3.60 4.04 17.09 15.78 14.14 17.60 17.17 20.64 23.09 20.42 13.89 9.53 10.70 8.96 10.38 7.11 8.45 11.72 17.26 21.77 17.84 14.10 11.87 13.33 19.90 23.23 22.58 28.74 38.29 45.90 42.04 39.96 34.93 27.85 21.95 20.30 23.16 24.17 25.68 27.39 29.56 30.72 29.32 30.83 33.43 35.25 33.20 35.77 37.30 37.51 36.07 34.79 31.95 30.54 29.16 23.28 18.47 16.60 14.30 11.26 9.71 10.61 12.53 16.01 19.90 21.29 20.49 20.28 20.59 21.01 20.58 20.14 19.67 18.05 15.46 13.35 12.29 11.18 11.53
14.74 15.32 14.43 14.97 14.72 16.68 14.64 17.31 20.17 15.32 12.85 9.81 13.24 13.58 12.00 10.85 8.65 10.21 13.32 18.86 21.68 19.09 14.85 11.39 13.31 17.02 18.05 18.64 25.05 37.20 41.92 37.60 36.21 33.96 28.72 23.36 20.09 18.34 19.41 25.03 25.67 20.37 22.30 24.43 25.99 29.22 29.40 25.84 31.25 36.03 38.29 36.54 31.15 26.24 23.17 21.66 20.01 20.54 18.57 16.24 13.92 14.37 16.49 18.39 21.20 23.90 25.59 24.84 24.92 25.46 26.31 24.43 22.89 22.02 20.36 17.71 15.53 13.43 11.04 10.82
7.15 8.23 8.91 12.58 14.63 16.79 13.37 13.25 13.05 9.85 12.24 12.78 15.54 13.39 12.56 11.64 11.33 13.70 15.79 20.53 22.56 18.72 12.38 7.99 10.59 12.96 15.34 18.13 26.87 38.62 39.04 36.10 34.34 32.75 27.61 19.53 19.58 22.94 24.40 19.98 18.96 21.63 23.20 23.45 22.38 30.73 26.16 22.81 29.70 31.26 26.51 27.80 26.79 23.27 21.49 21.81 23.06 24.21 23.24 21.46 20.61 20.88 21.93 22.13 22.18 23.10 23.70 23.95 24.66 21.41 19.11 17.58 16.37 17.53 17.07 16.50 12.25 11.15 9.08 7.46
9.48 10.06 9.37 15.25 16.13 15.45 8.54 11.96 14.06 13.38 14.67 16.03 15.92 15.32 15.54 16.06 5.04 7.19 17.98 20.80 21.68 14.37 9.47 9.76 11.99 12.63 13.60 18.32 27.31 35.04 36.65 34.38 30.60 32.25 25.29 15.26 17.70 24.21 26.19 27.27 19.60 23.07 21.93 20.06 27.61 20.15 22.12 24.55 19.43 24.58 26.72 27.88 28.71 27.88 26.90 28.60 29.89 28.25 24.81 22.38 22.10 21.56 21.80 21.72 20.37 19.67 20.51 21.02 18.36 14.50 11.18 12.22 12.41 12.98 13.06 12.10 6.13 5.39 4.42 5.36
10.08 10.59 11.20 13.13 8.85 8.41 6.73 13.91 16.00 16.01 17.68 16.34 15.68 16.11 15.00 7.99 9.46 11.19 19.83 19.94 19.56 12.64 10.75 12.96 11.29 11.86 13.69 18.54 25.78 33.09 33.53 32.29 27.37 32.69 22.57 15.73 16.46 23.83 25.33 29.17 24.62 18.29 18.77 17.91 26.01 25.62 29.55 20.27 20.75 24.73 30.40 32.52 30.19 29.46 29.34 28.18 27.03 24.79 19.96 16.66 17.39 18.56 18.20 17.24 15.49 12.90 11.07 10.57 11.98 10.72 9.53 12.51 10.79 11.30 12.85 9.24 8.11 2.52 7.97 5.65
10.17 10.46 10.85 9.79 7.50 12.02 15.15 16.88 15.96 17.28 17.01 17.51 17.27 15.66 11.48 18.36 15.85 15.82 12.75 16.15 17.00 13.19 12.33 10.71 8.97 11.78 13.14 17.08 23.11 23.57 32.45 23.93 25.56 29.38 23.20 16.53 10.14 23.19 25.08 28.52 15.64 28.01 16.55 19.51 19.00 30.91 23.52 26.59 26.50 28.90 33.88 34.34 30.49 28.20 26.32 21.23 16.91 16.09 13.76 12.35 11.58 12.82 14.26 13.38 13.57 11.06 8.47 7.27 10.39 10.89 10.79 8.19 8.76 8.32 6.99 6.44 6.75 6.85 2.80 3.35
10.57 10.53 9.96 8.88 14.07 15.53 15.28 15.70 15.64 16.36 19.93 21.69 20.82 22.09 18.76 13.84 12.88 11.70 11.80 14.98 15.51 13.12 11.01 8.23 8.58 10.28 12.30 14.76 16.00 23.09 29.26 20.89 23.67 28.77 25.63 17.00 11.32 22.76 23.47 25.23 26.63 27.21 27.85 22.51 21.32 23.12 27.94 29.63 31.28 32.40 32.30 31.41 30.10 27.36 24.02 20.13 15.51 11.11 11.77 12.83 10.59 9.84 9.84 10.37 9.38 7.31 5.27 4.44 4.07 4.43 4.87 4.74 4.62 7.17 6.86 4.23 3.57 3.90 4.41 4.33
10.70 10.27 8.94 13.76 15.23 14.97 15.04 15.63 15.06 17.96 18.80 14.36 23.77 21.07 13.42 12.67 11.78 12.01 12.87 15.51 15.06 14.69 13.09 10.55 11.54 11.73 12.92 15.00 18.97 23.40 25.99 19.31 22.76 28.91 25.41 15.25 17.15 23.11 23.15 23.62 24.29 25.95 26.60 28.54 26.57 29.60 26.86 27.65 29.99 30.92 29.54 28.28 28.56 25.18 20.82 18.65 12.66 6.67 10.65 12.66 12.72 12.11 9.49 9.86 8.62 7.14 10.16 5.53 14.49 9.96 7.13 8.58 8.85 7.69 7.67 3.70 4.25 3.88 4.43 2.60
9.85 9.34 9.37 13.88 13.49 13.98 14.85 15.04 14.81 18.75 24.61 22.55 14.54 12.15 11.61 12.60 13.57 13.56 13.89 15.53 14.88 15.27 13.57 4.35 14.03 11.30 10.97 15.50 21.66 26.36 22.49 17.38 21.90 29.30 22.62 12.92 18.75 22.68 23.17 24.68 23.71 23.83 23.98 26.39 32.46 31.04 30.32 26.68 28.13 28.73 28.08 27.19 25.94 22.89 19.60 16.23 11.41 8.18 10.87 13.09 13.04 18.64 12.96 11.09 9.91 7.10 5.21 4.50 8.43 9.36 4.74 3.59 3.05 1.86 1.65 3.10 3.89 4.58 5.67 7.32
8.53 8.84 13.01 14.33 14.33 13.74 13.68 13.75 16.11 20.15 20.95 15.25 10.85 12.01 15.03 16.53 15.78 15.76 14.95 15.85 14.02 14.72 11.15 9.30 13.00 9.90 14.45 20.40 23.12 23.04 19.38 19.53 20.37 30.03 20.15 13.13 14.88 16.36 16.87 16.51 19.27 20.43 22.04 24.52 28.58 33.05 35.71 33.47 32.75 28.32 26.14 25.49 23.12 21.18 22.82 19.70 13.60 11.66 12.68 13.21 13.00 12.86 12.57 13.56 13.43 10.05 7.70 5.59 6.74 8.20 6.50 4.17 2.92 3.04 3.30 4.03 9.15 8.11 6.82 7.96
7.03 7.61 12.11 12.37 12.52 11.18 15.39 16.26 18.11 20.81 14.22 9.59 13.79 17.11 17.54 18.02 17.24 17.29 17.22 16.91 15.00 14.41 13.52 12.04 11.64 13.06 16.06 16.82 20.36 22.54 19.40 17.74 19.06 29.34 19.09 14.00 23.28 24.35 16.79 17.14 22.47 22.05 19.28 20.21 24.10 30.44 33.99 36.25 37.15 37.22 29.69 25.19 21.85 19.86 22.35 25.07 24.13 22.04 18.49 18.94 18.89 15.18 12.74 14.80 14.58 11.33 8.14 7.85 9.20 10.72 15.31 11.93 3.68 9.58 1.70 4.32 4.80 7.77 1.44 2.22
4.20 5.50 9.77 10.83 7.50 10.51 14.11 16.90 14.32 13.49 8.51 5.29 17.84 17.35 16.87 16.51 17.14 17.04 15.99 14.69 12.88 12.52 11.98 11.80 12.68 13.70 15.32 17.06 20.26 22.07 19.89 13.62 18.26 26.82 20.36 12.82 21.78 16.39 19.77 24.23 24.58 25.44 21.16 12.34 14.88 18.66 29.44 35.02 35.90 35.07 35.35 29.65 22.23 20.34 22.80 26.96 28.60 25.67 23.55 24.51 23.60 20.18 20.52 20.58 11.80 9.08 14.52 12.52 16.40 10.15 10.78 10.27 15.26 5.38 7.59 6.50 0.88 5.44 12.63 8.89
1.38 4.31 7.41 9.08 9.63 12.71 15.13 15.44 8.66 8.68 3.38 16.06 8.33 18.76 16.75 18.82 17.88 19.10 16.89 12.60 11.47 11.64 13.00 12.23 13.20 15.23 16.17 18.22 21.81 19.82 18.38 17.05 18.42 26.17 20.14 11.82 20.59 15.49 21.50 22.24 24.39 23.96 27.23 12.74 14.83 16.51 19.17 22.79 25.56 35.26 34.39 30.35 28.37 22.05 23.83 26.45 23.07 23.46 25.59 25.59 23.30 20.72 16.29 13.90 12.60 10.82 13.94 5.86 7.21 8.55 9.62 12.91 14.18 14.20 3.84 3.32 5.00 6.78 7.66 9.43
1.95 3.86 7.68 8.82 11.18 12.05 10.23 11.39 9.72 11.44 14.16 16.64 15.72 17.42 17.08 18.94 21.93 25.49 13.53 8.34 10.38 11.99 13.31 12.50 13.65 14.69 14.82 18.24 21.25 19.35 18.14 14.41 12.18 18.45 15.31 6.98 19.66 16.67 18.14 23.77 25.42 25.19 27.05 26.90 24.19 16.24 18.02 19.37 21.49 22.53 24.90 35.89 25.62 27.31 25.58 30.23 30.42 21.60 21.60 19.14 18.51 19.67 14.24 14.12 13.25 11.98 9.84 8.14 8.29 8.98 9.69 9.90 15.03 4.61 3.38 3.56 4.31 5.24 6.97 12.65
3.33 2.82 9.90 4.45 2.46 5.14 12.10 8.48 7.69 15.34 13.72 15.13 15.19 17.35 15.43 9.12 11.65 18.16 15.63 2.29 10.47 12.18 11.74 11.45 14.05 13.30 14.80 20.20 18.80 18.24 14.59 6.94 9.86 15.85 15.42 7.54 19.64 16.32 6.52 24.19 23.77 24.25 25.08 28.05 27.89 16.85 17.38 18.12 18.44 18.80 20.84 22.14 26.34 28.34 32.28 21.73 18.41 19.46 16.43 14.07 16.59 16.86 16.30 16.44 16.33 16.13 10.12 8.90 7.60 6.57 5.71 12.23 4.71 3.50 3.78 4.04 3.39 4.55 10.72 11.07
3.77 3.73 5.65 2.59 2.56 11.48 7.30 8.09 13.25 13.80 13.48 15.14 15.81 5.93 4.31 5.48 16.68 20.24 12.14 3.62 9.69 8.65 6.78 10.81 12.43 12.34 16.24 19.62 18.46 17.49 6.14 7.69 15.80 18.85 21.53 8.45 15.84 21.51 22.01 16.29 19.92 24.49 19.77 24.58 24.37 27.32 27.93 28.07 19.76 18.04 16.97 15.89 17.09 18.62 17.25 16.33 17.26 16.39 13.23 10.53 9.59 9.56 9.95 9.54 8.64 9.08 14.49 12.72 10.71 7.96 0.83 2.79 3.95 3.81 3.84 4.30 4.29 4.79 10.54 9.05
3.06 2.99 9.54 9.19 11.22 6.09 5.76 10.84 12.07 7.97 6.77 5.42 3.30 3.84 4.37 14.04 22.41 19.05 7.92 2.66 9.32 9.69 9.44 11.42 11.70 12.47 16.95 18.60 18.12 15.42 7.43 13.87 15.93 17.27 21.60 13.56 5.10 20.63 21.25 21.18 17.51 23.41 23.76 24.83 26.58 23.89 24.46 15.98 17.24 16.48 28.58 19.95 16.86 17.34 17.02 16.63 16.03 13.97 10.43 7.84 7.26 7.28 7.62 7.47 6.95 10.29 9.20 4.36 2.06 0.56 1.33 3.05 3.78 4.66 5.01 5.18 10.33 9.86 5.47 5.65
2.25 8.25 9.06 8.56 8.17 4.62 4.48 10.55 6.29 6.11 4.60 2.66 3.29 7.30 11.67 19.61 21.69 13.56 4.37 2.23 8.16 9.10 10.61 7.87 9.77 12.99 17.74 18.00 16.02 15.63 14.61 14.75 15.99 15.85 18.59 18.46 4.93 18.90 21.02 21.51 19.15 21.45 22.14 22.35 25.43 25.11 27.79 28.80 16.39 28.27 28.77 30.00 30.79 27.88 16.72 15.26 13.89 12.28 10.61 9.24 8.36 7.51 6.20 4.74 3.83 3.24 3.17 3.08 2.69 2.70 3.65 4.79 5.49 6.01 10.54 10.00 5.82 6.10 6.31 6.39
8.88 10.74 9.75 8.19 7.70 8.36 9.04 7.67 4.92 3.80 2.84 2.71 6.03 10.05 15.44 19.66 16.06 7.04 2.53 9.40 9.02 7.41 9.16 9.68 10.53 12.21 15.96 17.92 17.63 16.80 14.80 15.05 6.93 17.09 16.11 18.54 18.04 17.70 19.93 18.00 18.60 19.00 20.08 20.50 23.83 24.87 24.57 26.75 26.67 27.46 27.36 29.06 27.21 17.47 16.93 14.55 12.92 12.12 11.63 11.14 10.34 9.05 7.19 5.12 3.82 3.39 3.90 3.80 3.50 3.93 4.77 5.44 5.77 5.91 10.67 6.81 7.02 7.19 7.35 7.34
11.44 8.32 6.63 7.26 8.70 6.76 5.33 3.62 2.89 0.61 1.47 3.65 6.69 10.99 15.74 16.53 10.43 3.29 1.05 10.25 9.75 9.49 10.19 11.42 10.37 10.83 13.90 17.88 18.69 17.36 16.11 5.77 6.42 15.30 12.04 18.71 18.49 20.16 19.25 17.92 17.44 19.69 23.02 19.80 21.39 23.54 23.55 24.65 25.04 26.31 27.73 26.64 28.14 16.06 16.79 15.47 13.59 12.48 11.75 11.12 10.58 9.49 8.19 7.01 5.92 5.89 6.44 6.15 5.47 5.45 5.77 5.93 6.03 6.34 9.29 7.63 8.13 8.37 8.38 8.11
3.91 6.02 5.93 3.87 3.24 3.24 2.60 2.11 0.94 1.36 2.37 4.18 7.29 11.45 13.82 12.89 8.24 4.17 5.92 11.68 10.75 13.05 11.31 11.79 11.16 11.83 11.62 17.04 18.74 17.95 12.46 14.44 10.16 16.50 14.21 18.32 19.36 17.14 17.57 17.19 17.93 18.06 17.90 21.53 19.86 21.23 23.56 22.35 16.38 24.47 25.27 26.22 26.24 25.58 16.08 15.96 14.26 12.68 11.78 11.03 10.48 10.06 9.21 8.43 7.96 7.96 8.23 8.07 7.56 7.38 7.55 7.58 7.56 7.55 7.70 7.92 8.25 8.44 10.46 10.80
4.78 7.43 5.55 3.70 1.92 0.93 0.94 1.54 1.83 2.14 2.90 5.17 8.47 10.88 11.04 10.01 6.91 5.20 13.67 11.65 5.86 13.21 11.88 13.59 12.92 11.51 11.02 9.84 19.57 18.46 15.07 13.79 13.10 14.86 15.83 17.91 17.83 17.46 18.29 15.05 16.05 16.04 16.51 21.44 20.02 22.11 20.37 20.68 15.42 14.39 26.07 25.14 24.38 22.84 15.66 15.83 14.26 12.91 12.10 11.45 10.83 10.69 10.54 9.95 9.44 9.05 8.75 8.88 8.98 8.87 9.00 8.89 8.45 7.90 7.46 7.48 7.07 6.46 6.11 5.74
7.94 5.92 4.63 2.68 2.56 2.66 2.98 3.04 2.89 2.80 3.47 6.04 9.13 10.61 10.44 8.61 5.05 5.74 11.64 12.36 13.77 10.10 10.91 13.67 12.40 10.57 4.88 9.41 12.11 12.66 14.57 11.43 13.80 15.38 17.94 18.61 15.73 19.36 17.84 6.85 13.15 16.23 15.41 18.25 19.47 21.89 20.75 21.24 23.66 14.42 15.13 23.01 23.21 14.92 15.22 15.54 14.20 12.62 11.87 11.84 11.83 11.84 11.82 11.45 10.98 10.61 9.86 8.92 8.42 8.37 8.58 9.55 9.20 7.38 6.34 8.01 4.66 3.70 3.39 3.66
4.74 5.06 4.43 4.60 5.12 5.53 5.41 4.76 4.15 3.90 6.66 6.18 8.61 10.13 10.50 8.39 4.61 5.95 11.67 12.25 11.97 3.16 5.22 13.73 13.34 10.35 5.69 10.13 17.77 17.64 14.77 14.01 14.26 14.96 17.79 17.94 14.88 17.36 18.11 6.37 14.76 14.91 6.81 6.06 12.36 21.12 22.07 23.54 22.07 14.04 14.90 23.17 23.16 21.62 14.89 15.08 14.30 12.25 10.61 10.62 11.47 12.24 12.60 12.39 11.97 11.55 10.72 9.32 7.91 7.21 9.10 8.95 8.33 6.83 5.78 4.43 3.36 3.15 3.84 4.98
5.61 6.59 6.08 7.14 7.79 7.51 8.21 5.77 5.09 4.98 5.49 6.39 7.97 9.29 10.21 8.75 5.40 10.77 11.03 11.74 11.13 9.72 11.32 11.50 12.42 4.68 6.33 11.91 15.66 15.11 15.56 11.94 16.18 15.07 15.34 15.66 16.36 17.74 16.97 7.16 13.61 5.94 3.27 4.71 7.00 8.74 14.65 19.67 19.62 21.96 19.61 23.36 22.60 19.91 21.29 14.87 13.51 11.86 9.84 9.18 9.88 10.88 11.85 11.62 12.26 11.72 10.80 9.44 8.04 7.03 6.41 5.90 9.50 6.08 9.30 5.13 5.09 5.85 5.02 5.72
6.80 6.73 6.65 8.52 8.71 7.71 6.89 6.02 5.60 5.73 6.65 7.34 8.21 9.04 10.71 8.84 6.83 11.52 11.56 10.87 10.93 10.17 10.47 10.75 12.21 4.37 5.61 12.92 15.74 14.71 15.38 14.79 12.98 14.81 15.95 14.40 14.48 14.54 16.63 7.45 7.33 3.58 9.70 3.39 5.89 7.91 13.71 20.06 21.31 22.25 21.69 22.50 21.30 18.96 16.07 23.59 12.37 11.34 9.86 8.72 8.64 9.35 10.16 11.09 11.71 11.73 11.01 9.72 8.40 7.14 6.25 5.66 8.29 5.46 5.69 9.26 4.91 7.46 7.01 6.90
7.13 6.01 7.18 9.95 9.18 7.39 6.48 5.96 5.73 8.51 6.98 8.11 9.05 9.57 9.79 8.67 8.84 12.36 12.61 11.75 11.62 12.04 11.29 11.15 10.58 4.35 7.54 12.74 13.71 14.24 13.55 11.00 11.69 13.23 15.00 12.13 12.83 15.60 15.41 6.66 3.47 3.19 2.65 2.06 4.54 7.22 19.54 17.55 19.18 15.55 15.69 22.74 21.02 15.56 16.81 16.69 17.98 6.38 10.03 8.69 7.65 7.77 8.47 9.25 10.21 10.87 10.75 11.85 9.12 8.08 7.10 6.41 7.28 7.14 7.79 7.85 8.04 6.12 5.42 7.60
6.30 6.33 9.80 11.30 10.10 7.78 6.67 8.97 8.80 8.87 9.70 10.88 12.02 11.98 9.95 8.49 10.44 13.48 12.89 12.73 11.58 12.14 10.47 9.05 4.90 5.77 10.83 10.35 12.07 12.29 12.60 11.39 10.39 13.07 12.59 12.21 12.05 13.14 13.58 3.24 6.03 13.57 1.55 14.57 3.07 6.21 7.50 18.78 20.16 19.88 15.95 15.34 18.45 16.16 17.98 18.13 17.39 17.73 10.44 8.99 7.54 6.78 6.88 7.54 8.52 9.26 9.44 9.20 11.60 8.85 8.23 7.49 8.20 8.87 9.07 7.92 6.25 6.33 5.25 6.14
