examples/cougarCreek/createInputs/WindNinja/wrfout_d3.2015081012.f19/cougarCreek_08-11-2015_0700_217m_non_neutral_stability_ang.asc
ncols	146
nrows	140
xllcorner	610065.000000
yllcorner	5095217.000000
cellsize	216.586807
NODATA_value	-9999.000000
[rows 46 to 91 of 140, columns 0 to 95 of 146]
81 97 113 78 82 83 79 84 82 111 48 60 73 78 70 61 61 97 109 109 106 94 86 71 65 66 62 79 96 83 63 52 45 37 24 4 333 315 302 300 297 288 285 286 287 280 280 272 266 255 257 257 264 270 266 258 255 266 282 298 309 315 319 322 326 325 337 338 330 342 349 353 351 330 324 327 349 319 296 264 271 163 97 75 69 67 71 77 81 83 350 95 81 73 74 74
79 86 97 78 81 79 106 56 54 43 58 69 79 77 76 91 145 162 115 109 99 83 58 32 38 46 63 84 89 77 63 56 55 39 35 18 327 316 307 296 302 291 292 293 289 285 278 270 264 260 262 268 277 280 275 275 283 289 298 313 317 318 319 321 327 333 336 339 347 349 355 337 328 323 321 321 353 10 18 259 236 138 136 88 70 70 72 77 82 88 95 100 92 42 76 75
79 84 80 70 97 94 106 47 61 58 68 78 85 92 112 149 154 155 114 104 88 57 30 33 46 57 78 85 80 77 70 62 68 43 43 50 320 316 309 315 310 292 288 287 284 277 272 281 272 262 268 280 286 290 287 287 298 302 301 311 325 329 326 323 322 328 343 354 344 338 322 302 315 312 298 301 310 24 280 224 204 255 141 105 78 73 75 80 81 81 86 98 38 95 43 44
80 86 91 94 77 46 51 66 72 68 73 84 93 112 147 111 107 101 94 85 82 46 34 58 55 65 80 79 84 93 72 77 72 58 44 49 342 311 307 315 292 299 277 278 282 279 288 288 285 279 280 282 285 287 287 286 293 300 292 286 299 317 325 323 310 306 306 303 293 298 298 311 305 301 299 285 275 266 94 169 196 208 128 123 100 84 80 80 80 79 80 89 103 44 45 46
81 86 89 68 47 71 82 77 75 74 87 101 108 108 102 92 92 77 65 73 74 55 48 42 32 42 57 72 99 98 70 81 78 58 40 50 346 314 309 309 308 295 290 286 277 282 285 286 286 284 283 281 281 281 278 275 275 281 279 272 261 274 301 314 314 309 309 317 333 350 352 348 343 297 300 284 49 50 69 226 135 135 123 127 123 109 92 82 79 80 80 82 87 93 93 89
80 82 66 53 74 77 73 75 79 85 102 124 111 103 133 63 66 54 59 68 62 55 48 13 18 36 63 88 105 99 70 85 82 54 36 49 332 323 315 311 302 291 283 286 293 289 270 274 276 274 274 276 278 279 273 272 279 265 260 259 259 269 276 293 300 304 305 316 294 315 329 310 302 310 324 44 44 51 86 323 119 126 121 125 246 133 121 104 91 82 77 75 74 76 81 84
77 78 59 63 72 74 79 81 80 94 104 101 90 79 56 43 42 47 58 62 56 60 64 104 21 68 101 117 111 81 67 86 80 52 34 29 335 328 320 313 302 292 282 278 287 281 278 268 270 271 273 276 281 290 290 290 287 257 248 251 249 266 281 280 276 277 294 298 311 321 319 319 309 283 179 139 134 139 135 120 247 108 110 116 122 182 220 125 117 101 86 78 75 74 77 80
75 59 56 64 71 69 70 72 76 95 93 127 51 38 40 36 35 51 60 60 58 57 65 16 55 102 112 99 86 69 50 59 77 51 55 9 339 328 315 310 305 296 283 277 278 277 278 278 282 283 277 279 279 289 298 286 262 241 249 255 248 253 267 270 264 260 229 272 276 287 299 310 330 336 289 260 253 209 240 139 124 115 8 206 175 115 121 128 126 117 107 99 90 82 78 78
68 51 58 59 53 51 59 75 82 90 120 115 27 33 49 47 47 65 70 70 61 52 46 29 52 84 80 71 73 63 34 56 74 52 51 359 340 332 327 323 315 306 292 279 270 269 271 272 270 273 279 292 282 287 291 275 249 236 241 243 235 238 255 259 256 257 254 248 253 251 248 245 219 164 215 212 193 147 177 280 263 258 224 119 110 183 109 192 125 118 114 51 102 92 82 75
60 32 45 48 53 34 65 78 67 62 114 86 24 32 46 50 51 68 74 67 58 43 33 32 50 55 53 60 75 61 31 61 71 53 27 356 347 350 338 327 324 323 304 309 288 274 263 265 270 273 273 273 289 283 288 273 252 245 252 251 242 249 251 236 228 221 260 278 223 195 182 167 200 248 175 164 360 299 181 134 179 206 129 123 116 108 103 102 103 98 99 104 104 96 92 83
29 5 35 47 36 51 82 67 77 31 30 24 28 19 38 46 47 67 67 51 42 26 17 28 46 44 56 75 78 55 31 48 65 51 22 347 348 350 328 328 324 326 315 314 299 287 272 265 265 264 275 274 272 275 275 274 268 270 274 271 248 220 223 221 214 202 204 201 196 185 176 199 207 201 166 139 107 104 119 136 198 144 137 130 122 277 99 86 78 80 87 191 89 162 219 84
20 346 25 44 55 79 92 54 28 11 23 45 20 13 31 40 57 82 78 32 26 11 11 34 44 39 64 83 68 39 37 56 76 74 64 18 351 345 314 326 323 321 319 307 289 299 284 282 272 265 263 264 269 270 263 270 267 242 246 240 233 227 224 219 213 203 199 200 196 187 182 180 203 154 138 130 112 117 135 186 188 184 186 200 129 120 110 100 92 88 86 35 277 202 81 153
30 23 29 58 52 88 53 49 30 26 60 52 16 39 52 49 77 105 119 122 15 6 37 59 43 48 79 83 55 33 52 77 81 74 62 28 340 338 328 332 319 312 314 315 303 301 297 291 288 282 271 264 260 264 259 247 242 245 255 249 235 227 213 215 216 216 201 204 205 199 185 178 149 148 153 153 152 155 200 196 137 132 181 181 182 188 222 119 293 105 96 89 86 84 79 50
24 16 37 357 70 66 81 34 24 46 59 43 57 62 82 97 111 116 123 163 9 12 44 39 31 67 88 72 45 45 85 93 62 57 20 43 326 330 327 333 327 318 313 314 314 310 303 293 285 286 282 275 265 259 260 264 263 266 267 257 244 235 228 221 210 196 213 222 222 207 166 139 136 152 170 170 173 172 215 199 196 123 191 186 178 109 187 202 217 243 104 99 319 11 84 32
13 5 49 58 54 88 75 27 49 55 64 88 108 135 151 132 124 120 128 198 6 3 12 11 42 76 76 59 56 72 106 67 57 52 23 359 359 326 330 329 324 320 315 310 311 307 305 281 279 276 279 266 263 260 260 262 261 264 270 264 254 245 233 224 213 224 201 184 189 205 185 179 174 177 180 177 222 223 157 145 132 223 230 239 240 238 242 230 237 253 276 330 97 3 350 48
349 0 54 39 41 93 76 48 58 72 81 132 197 180 152 132 125 122 140 215 7 356 9 24 51 69 69 68 75 76 65 52 53 46 15 351 360 325 332 327 323 317 314 306 302 303 303 301 268 289 279 274 271 266 258 260 260 259 256 248 241 237 228 213 201 201 194 185 196 219 213 199 192 187 219 221 171 166 161 154 145 136 127 117 112 109 308 297 277 260 248 267 99 350 90 87
356 35 63 36 40 41 25 71 80 95 121 186 175 158 137 124 118 120 158 337 10 356 347 6 34 57 66 72 77 71 55 49 96 42 358 347 335 327 334 330 327 316 317 315 303 303 297 291 289 280 273 271 275 253 254 255 255 253 247 239 234 230 222 206 190 200 213 216 221 226 217 198 188 182 215 175 172 166 163 160 155 148 142 133 265 263 272 285 274 268 261 250 255 261 297 349
51 62 72 78 70 75 100 111 113 70 136 148 144 135 124 111 99 93 92 357 359 351 344 0 29 47 65 74 76 67 54 95 97 30 355 343 341 330 333 332 328 313 310 316 307 305 303 299 294 281 277 277 281 252 250 249 248 244 238 233 232 230 226 222 220 221 222 222 219 209 198 191 185 177 220 172 173 168 164 165 163 157 150 259 253 243 246 259 261 260 256 241 215 200 221 183
61 68 77 107 140 138 130 122 48 91 117 125 123 119 111 94 77 8 12 9 350 0 357 5 19 30 64 77 70 61 65 51 52 15 353 344 346 337 336 337 332 313 297 310 310 303 305 301 275 292 275 269 271 280 247 246 242 237 233 230 229 228 226 224 223 223 219 213 203 196 192 187 183 177 170 169 169 167 225 228 236 247 253 263 283 285 272 273 271 259 255 260 253 272 276 287
1 60 64 85 27 358 353 19 50 81 106 116 109 101 91 77 67 8 22 10 360 23 7 1 13 29 67 96 73 70 67 39 29 8 348 346 350 341 342 347 336 319 298 302 306 303 305 298 275 272 283 266 269 279 245 245 240 233 228 225 224 225 223 219 216 214 210 203 197 193 191 187 183 179 170 163 162 162 157 151 150 149 222 225 226 238 245 249 250 246 255 219 184 226 190 62
56 60 70 21 16 3 3 14 37 62 89 103 96 82 71 65 32 11 32 15 0 47 347 347 13 35 80 105 101 93 67 28 9 1 347 347 357 342 345 330 340 325 293 290 297 298 301 297 300 255 267 276 279 261 244 243 238 231 224 220 218 217 216 213 211 209 205 200 195 192 191 231 232 185 174 229 157 154 143 132 130 135 137 209 194 128 124 123 199 222 182 102 193 268 302 52
59 55 48 9 359 353 355 5 24 46 61 85 81 72 65 59 10 14 31 18 27 25 356 349 8 37 87 114 85 63 47 15 359 359 354 349 360 346 352 345 346 338 288 269 273 286 291 291 280 274 263 276 283 279 240 238 236 232 225 218 214 212 211 210 208 207 206 202 196 192 234 238 243 191 184 169 162 159 150 146 146 262 245 249 259 259 233 215 216 180 114 242 295 88 77 67
42 41 360 350 345 346 7 360 16 37 56 66 69 68 63 55 4 17 28 14 30 23 357 1 4 47 108 117 82 50 35 15 355 359 356 351 0 352 358 357 0 353 301 277 268 265 272 283 275 290 278 268 273 267 269 257 234 233 225 215 211 209 209 235 208 209 208 207 202 193 188 186 239 191 252 179 171 162 260 250 218 144 140 198 219 248 251 232 120 116 118 216 232 257 257 76
38 35 16 334 333 339 346 357 11 29 45 53 60 63 48 52 355 23 24 12 26 23 16 8 10 77 144 117 65 39 42 13 349 352 354 360 3 353 359 2 9 346 344 287 268 262 273 281 275 274 274 271 273 272 247 257 260 231 226 213 205 204 205 207 209 210 209 209 207 200 193 187 245 186 183 251 246 222 149 138 131 126 120 121 127 129 121 109 97 99 107 112 110 234 75 59
43 41 335 323 322 330 342 354 6 24 39 47 53 57 57 45 352 24 24 18 19 19 27 18 37 103 145 114 52 42 55 25 347 346 351 1 357 352 359 3 347 360 354 309 264 257 289 284 276 264 260 269 275 271 261 238 242 259 226 215 202 199 201 204 208 210 210 247 208 206 199 189 254 260 257 256 258 231 146 215 119 103 90 83 80 80 69 47 39 46 54 51 56 58 43 269
11 356 327 337 319 327 339 2 10 18 29 36 40 43 50 33 355 26 25 25 20 23 37 27 51 112 122 77 32 45 52 16 345 348 352 355 351 349 359 313 12 7 16 348 262 257 256 283 283 280 264 258 273 277 276 251 236 242 222 218 206 199 200 202 205 209 209 207 248 207 201 191 253 253 257 263 268 268 265 266 126 105 309 58 45 33 23 19 23 30 30 27 27 27 28 34
2 337 322 335 320 329 339 1 6 13 24 31 41 46 41 23 358 31 27 27 21 36 46 29 65 135 105 47 35 51 47 6 338 356 11 4 344 339 357 286 12 360 26 12 291 255 288 257 273 266 261 260 278 264 260 265 239 223 269 220 213 203 201 202 207 211 212 209 209 209 258 259 254 243 248 178 281 279 295 293 270 277 304 54 38 31 24 24 29 33 32 32 324 31 34 45
327 320 333 330 320 330 339 358 0 8 19 25 37 47 41 25 0 34 35 28 29 49 48 28 81 124 65 45 67 55 29 357 338 9 346 8 333 319 355 276 13 358 11 15 346 256 250 302 300 297 266 267 281 237 275 249 244 225 223 222 219 209 203 203 208 214 216 215 214 214 248 251 257 258 264 280 299 295 312 317 274 274 285 100 74 59 55 61 60 52 49 48 46 46 318 302
332 329 327 327 319 328 348 355 360 9 19 26 34 54 47 30 0 44 46 27 41 50 47 46 109 112 55 68 75 42 10 349 350 11 355 6 332 322 355 277 293 353 360 21 25 270 245 290 308 301 291 286 283 280 237 276 252 225 223 256 220 217 208 205 208 213 216 265 266 278 273 284 290 292 286 288 300 302 311 178 309 278 279 292 123 91 70 289 291 90 78 69 62 58 294 67
317 323 338 324 328 337 347 354 2 15 28 34 31 51 47 29 1 44 46 31 49 53 50 66 107 66 53 58 47 38 15 350 24 24 24 345 324 336 350 337 270 345 350 20 38 350 245 242 304 291 300 296 290 278 236 273 287 268 251 272 223 222 215 211 210 213 216 215 257 277 291 296 292 296 302 298 298 314 307 311 317 282 264 273 295 41 57 321 282 278 97 89 79 69 302 282
320 329 321 320 326 337 349 354 4 14 24 30 32 27 41 25 15 45 41 39 49 53 62 80 64 52 57 54 36 39 25 359 22 27 358 286 322 341 348 330 352 345 345 0 7 42 313 277 299 315 312 304 304 278 279 277 284 275 254 254 255 224 222 218 213 212 213 269 215 266 285 293 295 294 317 333 296 310 319 294 299 287 359 18 296 31 317 319 303 70 77 286 83 75 65 304
318 326 318 318 327 342 351 353 8 5 14 22 25 19 35 23 25 43 42 46 53 58 69 60 29 48 55 50 39 46 38 9 37 25 353 287 318 343 351 331 357 346 348 346 287 51 351 242 295 319 317 310 311 289 284 281 284 258 222 219 284 225 227 221 214 269 269 267 257 258 276 287 298 295 323 198 310 312 230 304 308 315 304 300 307 36 323 296 304 291 60 65 282 72 74 64
326 327 317 319 330 342 351 349 1 353 3 20 29 21 34 23 33 46 46 51 58 57 68 72 62 38 45 46 41 50 67 12 20 8 348 190 318 341 338 5 335 334 347 335 6 113 13 325 297 320 316 310 318 293 287 281 280 289 276 245 255 272 228 222 213 271 206 268 209 210 210 262 285 290 322 212 203 215 247 295 323 327 322 310 309 35 45 324 322 328 312 58 70 277 342 81
321 327 318 319 330 353 347 344 359 346 9 24 29 39 31 5 42 30 50 44 52 60 51 68 54 35 44 51 43 51 59 18 3 13 345 301 227 344 358 27 335 328 331 325 249 6 15 16 316 293 316 302 311 309 226 222 216 287 285 253 223 261 277 274 215 210 208 210 213 214 214 215 217 276 308 328 224 245 265 271 311 297 337 326 310 53 63 73 72 66 67 322 300 277 279 332
329 327 318 317 332 344 338 352 356 0 2 20 38 37 27 26 26 31 34 42 51 58 67 65 57 34 46 64 53 44 59 31 11 29 345 306 305 349 36 352 345 341 320 332 322 344 11 143 147 222 308 290 306 226 232 229 225 229 297 232 225 224 223 279 221 219 214 215 216 217 219 220 220 221 276 301 244 261 313 266 289 324 198 340 307 314 109 105 95 90 336 347 336 288 110 134
330 325 319 295 341 345 344 342 349 358 360 17 31 34 25 36 26 32 35 41 51 47 64 58 55 25 54 79 56 27 57 47 36 24 351 329 339 351 43 337 341 326 334 316 319 346 4 190 151 197 224 288 322 235 243 244 241 240 244 236 223 221 221 222 293 227 221 214 215 219 222 281 225 229 238 247 253 259 263 253 224 299 196 154 335 298 308 324 350 118 317 320 352 293 102 108
333 327 322 318 352 340 344 312 341 346 351 10 25 29 25 37 27 33 39 45 48 65 61 54 54 30 67 101 54 28 47 67 46 16 0 337 352 57 44 336 338 305 299 317 304 330 337 204 179 333 285 201 228 246 246 244 241 234 234 226 309 223 227 228 230 231 224 301 213 289 221 226 315 241 248 249 303 247 316 227 204 182 314 172 147 341 306 281 300 355 334 302 0 11 308 98
333 330 325 328 340 338 339 303 339 346 340 357 15 23 19 23 26 33 43 42 46 65 56 52 14 43 69 77 56 45 55 72 29 20 18 359 24 67 4 348 326 324 326 319 320 315 344 207 183 353 319 323 236 243 235 229 226 311 311 221 225 308 238 241 238 274 224 305 217 220 222 225 321 310 282 241 283 309 307 215 198 174 275 323 11 15 352 316 276 289 317 298 306 353 7 104
338 330 331 341 336 340 300 298 344 352 327 336 357 14 18 20 26 37 48 44 64 61 52 51 48 46 64 70 62 55 47 65 17 19 21 19 40 37 12 170 199 214 291 323 327 320 335 212 182 16 327 222 239 229 219 217 216 214 217 222 225 311 235 303 229 212 297 310 300 222 225 225 293 320 301 291 285 297 299 206 302 182 167 265 315 11 360 359 356 316 287 266 129 256 320 129
339 336 336 336 335 339 345 339 351 312 316 317 336 357 27 22 35 42 42 40 61 55 51 53 31 54 67 71 65 65 38 57 30 7 20 29 34 22 54 142 172 202 228 328 333 331 319 40 185 175 324 322 218 210 211 210 302 211 214 217 217 303 222 222 302 295 291 304 309 300 291 224 266 287 303 291 289 292 268 256 269 304 311 271 262 321 331 314 351 6 316 291 295 243 140 149
335 340 338 333 339 343 350 350 355 310 309 307 317 4 23 31 37 36 59 63 60 53 52 58 35 65 70 73 69 53 40 82 48 5 15 29 17 21 129 130 147 185 223 348 356 333 341 210 190 179 342 314 306 208 209 207 207 281 211 212 211 211 214 212 299 307 297 299 311 314 227 292 283 281 292 297 297 306 260 189 187 252 288 300 281 306 311 148 145 261 299 232 126 119 111 111
339 342 341 340 340 341 308 310 312 312 308 306 312 359 11 28 38 27 58 61 59 56 58 39 45 61 70 73 69 58 67 78 44 115 351 21 7 18 50 147 138 174 211 5 26 339 356 201 60 61 1 323 258 209 207 205 205 206 209 271 284 274 211 212 304 207 302 294 302 308 322 299 288 205 201 273 268 287 301 266 249 181 262 286 266 276 352 28 139 129 121 116 112 104 93 82
343 344 339 342 346 345 344 353 313 312 307 309 323 341 6 25 34 58 62 64 60 60 66 33 52 67 80 81 70 68 74 71 47 107 341 23 6 6 185 174 172 172 187 13 63 346 349 357 57 181 35 328 197 302 243 205 256 251 205 268 272 269 270 210 294 300 297 292 296 298 305 304 300 289 198 197 195 198 199 268 264 262 262 280 281 280 284 152 139 126 113 104 94 82 71 64
349 346 347 345 349 342 346 353 306 307 301 340 328 341 8 28 26 69 71 70 65 66 71 43 68 86 91 84 68 72 99 69 54 100 115 18 15 8 186 181 178 1 180 15 103 338 333 5 104 99 82 347 190 198 250 204 246 240 271 262 292 257 264 276 285 277 288 287 288 291 289 308 315 306 280 281 281 263 190 252 257 252 178 175 253 168 154 162 140 125 104 83 66 59 58 61
353 350 349 350 353 353 355 353 303 303 297 342 324 355 5 303 20 80 80 76 72 75 23 57 78 91 96 72 68 71 76 67 56 53 108 357 36 16 182 178 174 112 175 322 86 302 318 115 204 192 113 356 188 195 203 258 200 235 202 204 273 288 204 279 287 285 284 285 280 279 287 297 208 213 210 296 292 294 283 174 179 179 174 170 156 152 154 154 138 128 95 67 56 57 62 67
356 351 346 349 351 353 358 355 303 302 298 294 304 344 335 19 11 85 89 86 82 83 37 60 88 98 76 71 71 78 73 64 60 46 46 11 48 23 174 85 112 41 167 333 35 322 113 209 203 192 190 188 275 252 240 240 224 237 258 202 279 249 279 258 292 212 291 267 266 265 262 286 210 215 318 291 293 298 292 279 278 284 276 173 155 162 152 146 160 145 122 87 78 80 80 80
