examples/cougarCreek/createInputs/WindNinja/wrfout_d3.2015081012.f19/cougarCreek_08-11-2015_0700_217m_non_neutral_stability_vel.asc
ncols	146
nrows	140
xllcorner	610065.000000
yllcorner	5095217.000000
cellsize	216.586807
NODATA_value	-9999.000000
[rows 72 to 107 of 140, columns 0 to 79 of 146]
7.72 9.70 13.71 13.83 11.13 8.92 7.94 10.19 9.81 9.57 10.31 11.13 9.35 10.98 10.88 9.36 11.13 13.47 13.61 13.28 13.58 11.72 10.43 9.99 5.32 4.52 11.04 11.31 12.39 11.83 12.37 10.81 10.20 14.39 10.11 10.87 12.39 15.25 11.58 2.92 5.62 15.01 1.08 1.45 1.27 4.86 18.43 7.78 12.25 11.41 13.55 13.93 17.84 10.94 15.83 19.72 15.59 11.93 13.28 9.59 8.25 6.99 6.43 6.64 7.11 7.66 8.00 7.82 7.59 7.60 8.89 7.54 9.10 9.70 9.60 4.87 4.55 4.38 4.37 4.96
10.84 13.96 16.88 15.93 12.04 10.07 9.24 11.59 10.67 10.33 10.34 11.01 7.94 10.14 11.97 10.60 11.34 13.34 14.61 13.71 13.65 12.47 9.41 8.26 5.43 5.78 13.49 13.62 7.99 12.04 11.89 9.90 10.23 12.50 3.43 9.10 11.46 13.38 11.47 3.29 5.72 15.99 1.30 1.59 9.33 3.11 6.54 17.60 16.72 18.04 11.65 13.60 17.27 9.48 12.52 13.40 14.83 10.53 10.40 9.87 9.04 7.64 6.79 6.58 6.78 7.27 7.68 7.48 6.96 6.45 10.09 9.37 8.56 8.11 8.75 8.85 5.12 5.56 5.57 4.48
14.75 16.04 17.83 16.42 12.49 10.59 12.72 12.03 11.12 10.73 10.52 10.58 10.39 9.21 11.74 10.39 11.01 14.16 14.09 14.45 13.56 8.98 10.83 9.49 1.58 5.38 11.82 9.21 7.42 10.75 10.97 10.05 14.01 4.07 2.73 8.92 12.13 13.65 11.95 3.95 1.24 13.13 14.16 1.17 1.22 1.23 4.76 16.04 17.91 12.25 18.53 18.21 17.01 8.95 9.59 14.61 12.34 9.39 10.14 8.11 9.81 8.60 7.29 6.60 6.64 7.13 7.63 10.16 10.74 8.68 5.65 7.42 7.38 7.52 8.43 8.62 5.86 5.98 6.07 1.96
19.10 18.07 19.56 17.25 15.20 13.44 12.71 12.17 11.85 11.86 10.97 6.68 10.39 8.65 10.38 8.95 11.67 11.25 12.38 15.08 14.01 9.81 11.01 7.84 2.99 13.16 13.01 13.61 12.82 12.22 10.40 11.46 9.81 1.93 8.96 9.63 10.15 14.77 11.77 4.91 1.76 14.56 12.96 0.41 0.85 13.85 2.61 4.75 18.45 9.76 18.34 16.84 15.11 9.27 9.50 9.30 15.43 17.52 15.16 20.03 9.90 9.14 7.88 6.76 6.13 6.34 6.78 7.23 11.34 10.82 6.54 6.26 7.07 7.44 6.99 7.92 7.36 6.17 6.80 7.17
20.33 19.73 20.17 18.62 15.70 13.71 12.92 12.78 13.03 9.27 9.35 8.58 8.04 12.77 9.92 8.25 14.55 13.29 14.34 14.77 14.68 10.49 10.64 4.27 11.84 12.45 13.57 14.38 12.20 12.77 10.75 11.93 5.05 3.14 7.90 3.73 12.94 11.84 11.72 4.95 3.84 13.45 15.71 4.72 0.40 0.88 13.51 8.34 17.52 13.67 15.68 16.04 15.81 8.50 8.63 8.11 14.33 18.08 14.61 15.16 6.78 9.69 8.60 7.28 6.35 6.13 6.34 9.19 7.26 11.65 8.52 6.63 6.64 7.35 6.52 5.09 8.02 6.20 7.03 10.15
22.73 21.47 21.40 18.97 15.80 14.43 13.55 13.88 15.75 10.61 11.13 10.95 10.91 13.67 11.04 9.38 15.02 13.55 14.53 15.45 14.78 12.23 10.89 12.10 11.06 12.11 12.67 14.43 14.85 14.00 11.24 11.87 4.47 9.39 8.79 4.09 13.09 13.42 10.84 3.95 10.51 13.83 14.58 5.52 0.93 0.89 13.70 1.81 15.46 13.21 12.62 14.83 13.28 7.95 8.30 7.82 14.41 12.22 8.72 9.41 17.02 10.29 9.43 7.76 7.01 7.59 7.34 7.91 10.16 11.46 11.30 8.33 6.63 7.67 6.24 3.75 5.84 8.00 2.70 7.84
22.96 22.14 21.69 19.00 16.14 14.18 15.68 14.59 13.75 10.51 10.33 11.08 12.52 14.67 11.96 10.89 15.78 13.93 15.24 15.07 12.02 7.79 11.66 7.56 5.25 12.82 13.07 13.72 14.28 14.18 7.53 9.11 8.97 9.31 11.38 4.47 13.01 13.46 5.11 1.73 11.33 14.77 12.83 6.50 6.20 0.45 6.78 14.62 13.88 14.22 11.48 15.07 14.78 6.37 6.01 6.85 14.73 15.62 12.70 13.49 14.82 6.84 10.04 8.43 7.28 7.62 6.77 8.91 6.78 6.75 6.75 11.79 11.18 9.85 6.66 4.08 2.84 2.42 3.15 13.65
23.34 22.43 21.97 19.35 16.83 17.12 15.47 14.08 14.93 8.88 11.20 8.33 15.82 12.45 11.81 14.02 13.68 9.30 14.76 8.61 8.75 8.38 13.50 7.64 5.17 13.14 13.23 13.31 12.99 12.71 12.69 8.39 11.49 10.22 12.79 5.21 3.83 12.87 2.85 1.26 8.00 15.07 14.65 6.72 2.09 11.45 6.71 6.50 15.08 14.89 12.49 15.22 15.97 5.01 7.21 7.26 7.10 16.57 8.87 12.32 7.95 15.76 8.71 5.79 7.73 6.55 5.97 5.78 5.71 5.68 5.54 5.57 5.73 11.27 8.96 7.11 3.28 2.42 3.34 3.96
22.94 21.73 21.83 20.58 17.60 13.49 12.03 15.98 14.19 11.27 6.50 16.55 9.39 12.11 12.25 16.89 11.03 10.44 9.49 9.27 9.46 16.25 9.24 7.42 4.76 12.55 12.77 12.68 12.12 11.11 12.18 11.56 14.04 10.83 10.18 5.45 6.83 11.49 0.85 2.02 11.66 9.54 15.08 14.31 4.87 4.11 6.57 1.52 1.26 2.96 15.75 12.46 17.49 6.55 6.71 5.89 5.44 5.17 4.16 6.17 6.38 7.64 8.84 18.35 8.24 6.64 5.24 4.76 4.79 4.98 5.05 4.86 4.85 4.99 12.43 12.67 4.26 3.49 8.83 3.48
23.80 20.60 21.62 15.21 17.90 13.10 12.80 12.22 14.90 14.90 6.82 7.30 8.63 11.68 12.79 15.65 11.13 10.75 9.94 9.65 16.17 13.50 9.77 7.69 5.58 12.99 12.10 11.13 11.67 10.74 10.92 12.15 12.21 11.20 9.76 10.72 11.43 3.32 1.14 8.46 11.43 3.62 12.47 14.20 15.65 10.43 5.36 1.96 1.40 1.31 3.27 14.10 18.09 6.60 6.62 5.16 4.27 4.39 4.91 4.84 5.04 6.23 7.31 7.70 9.64 7.24 5.69 4.72 4.54 4.56 4.76 10.48 4.37 4.23 4.45 4.76 4.79 4.62 3.89 2.83
23.69 20.43 21.51 20.28 18.88 13.68 13.44 10.22 14.29 13.47 6.32 6.95 8.37 10.56 11.74 15.66 10.83 10.66 9.96 17.02 16.57 11.30 9.84 7.77 6.41 14.26 10.04 7.10 13.39 10.28 11.54 8.29 11.18 10.48 12.18 8.47 12.36 2.21 1.25 10.58 7.73 4.64 4.34 11.49 13.10 13.77 3.92 3.66 2.93 11.07 6.59 3.79 5.05 6.93 6.93 5.48 4.23 4.36 4.83 4.58 13.36 5.06 5.73 6.12 6.65 7.07 6.47 13.23 4.90 9.50 4.76 4.75 8.67 4.10 4.18 4.39 17.07 5.28 11.90 3.39
21.18 19.73 21.67 19.69 16.17 15.06 12.23 9.94 14.47 13.34 5.01 5.91 8.11 9.95 16.66 10.62 10.72 10.84 10.66 18.39 16.48 11.15 9.71 8.12 12.06 13.54 10.66 13.05 14.51 8.00 11.63 9.25 9.68 10.99 10.66 13.27 5.12 3.42 8.61 9.85 2.16 10.49 11.25 12.27 13.96 14.30 9.26 5.22 4.67 8.87 14.66 16.31 6.03 7.12 7.04 6.46 5.55 6.71 7.59 5.17 4.46 10.86 4.70 4.85 4.90 14.20 6.22 6.77 5.09 4.76 4.80 4.95 9.73 7.12 11.15 4.20 13.83 12.24 11.79 5.14
23.13 19.41 21.63 19.34 15.57 15.56 11.48 9.60 15.23 9.69 4.73 5.66 14.43 9.52 10.85 10.98 10.60 10.56 17.92 17.55 11.30 10.61 9.31 8.62 7.37 13.56 12.65 14.38 14.54 8.04 11.91 8.99 8.82 10.74 11.27 11.85 6.70 5.36 11.39 2.87 3.86 6.16 12.19 14.38 12.42 15.42 11.56 5.36 5.23 4.01 14.46 5.12 6.37 6.90 7.51 7.72 7.32 6.58 6.24 5.98 5.54 8.39 5.34 9.95 4.61 4.97 6.51 6.63 8.43 4.87 4.63 4.64 12.47 9.88 13.02 13.51 12.99 14.43 12.88 7.00
24.08 20.39 20.75 17.31 16.91 15.74 12.57 11.79 15.00 5.03 5.40 5.99 5.91 15.55 15.57 10.01 18.55 19.38 18.58 17.01 11.70 10.48 8.68 8.26 10.58 13.56 13.18 14.10 15.49 9.29 10.95 11.61 10.38 10.33 9.85 6.68 6.51 6.95 6.94 1.54 3.01 4.44 4.92 7.61 10.45 13.33 6.56 3.52 4.92 5.02 11.50 6.23 7.26 8.19 8.42 8.49 5.67 8.26 7.62 7.33 7.21 7.87 6.98 7.24 18.44 17.19 9.93 7.72 6.98 10.26 10.03 4.32 12.84 10.72 14.49 11.85 11.63 12.71 12.76 13.93
25.33 21.63 18.86 16.57 19.64 16.50 12.92 13.30 12.14 5.73 5.94 5.79 4.61 16.10 16.80 16.86 17.22 18.61 10.36 11.11 11.45 10.35 8.50 7.91 14.43 12.58 14.25 14.52 15.79 12.84 12.30 12.06 10.82 3.82 9.42 5.08 8.10 9.67 0.73 2.29 3.43 3.68 4.11 5.98 10.50 12.45 11.89 4.90 5.21 5.65 8.59 10.69 14.72 9.58 9.04 8.85 9.02 4.62 9.11 8.86 8.63 8.41 8.48 8.49 11.99 18.58 10.56 9.09 9.07 9.68 5.86 17.51 16.17 12.13 11.96 12.84 11.78 10.36 10.49 5.99
26.35 20.75 17.57 17.89 19.95 15.22 10.22 8.67 7.37 6.78 6.65 5.55 3.75 17.02 15.58 16.25 16.90 15.13 10.12 10.89 10.82 9.69 8.37 11.33 14.36 14.77 15.28 15.46 16.15 15.29 13.06 11.28 10.36 5.28 8.29 6.22 8.44 7.43 5.65 3.16 2.90 2.31 3.54 6.12 4.60 11.43 9.46 5.40 3.60 2.97 5.93 10.65 7.85 9.94 9.97 9.62 9.38 9.53 9.92 5.85 7.82 6.62 9.65 9.08 11.59 6.36 9.55 9.28 9.56 8.59 8.53 8.94 10.49 4.99 5.87 11.12 11.59 13.28 12.26 11.21
26.28 19.99 19.15 21.82 19.48 18.95 14.36 13.17 7.58 7.33 7.23 5.66 3.55 11.69 17.37 14.41 15.80 7.74 9.40 10.23 9.78 8.85 8.26 14.89 14.91 14.82 15.16 15.76 15.83 14.54 13.46 12.62 11.43 6.42 4.27 6.48 7.80 7.86 5.40 5.21 4.64 4.60 4.82 5.72 2.90 6.13 7.24 5.96 2.61 8.05 3.32 8.31 9.24 13.13 3.67 10.84 6.05 5.80 10.91 6.52 6.73 6.75 7.94 10.50 11.55 16.16 11.66 10.86 11.37 10.75 9.09 8.96 11.90 17.27 5.42 4.83 4.78 5.07 5.48 12.06
21.05 19.33 23.66 23.40 18.42 18.48 15.60 13.26 7.11 6.81 6.91 12.32 3.60 3.04 17.79 13.50 15.52 5.25 8.11 9.17 8.46 7.87 8.10 15.36 14.52 7.47 8.88 13.04 14.42 13.49 8.32 12.37 11.48 7.28 4.61 8.44 7.61 7.72 5.97 6.61 7.36 8.69 7.23 6.39 3.11 6.68 8.90 4.14 2.81 3.61 3.03 6.34 8.99 9.83 4.49 11.23 5.03 5.82 3.99 6.44 8.93 6.72 7.73 10.66 13.16 13.72 16.01 13.13 15.61 15.18 11.00 9.83 7.87 8.73 9.82 15.91 13.42 11.47 4.02 12.83
20.15 18.61 23.70 23.42 18.27 17.67 15.46 13.56 7.13 6.62 6.90 12.97 4.06 3.65 19.10 3.79 16.33 3.63 6.69 7.89 7.45 7.07 14.55 13.83 6.66 7.78 8.78 14.74 13.17 13.38 13.57 12.03 11.67 7.02 5.98 5.60 6.20 6.35 5.98 6.51 7.00 3.53 8.42 2.78 2.76 4.88 9.75 4.45 8.52 8.87 4.26 3.01 8.46 9.07 10.18 2.62 11.02 5.89 11.05 11.51 9.20 12.25 11.99 9.53 10.39 12.49 17.93 16.82 19.48 19.81 19.96 10.50 8.67 7.90 6.56 11.06 11.05 10.42 14.84 5.24
18.58 17.69 22.66 22.51 18.41 17.30 15.65 15.82 7.15 7.03 7.66 6.70 3.93 3.15 3.85 16.28 15.29 3.41 5.90 6.74 6.61 6.39 14.08 12.97 6.62 8.57 14.83 14.27 14.73 13.69 12.55 11.13 9.29 8.32 4.37 7.57 6.52 6.56 5.98 7.11 5.07 3.73 9.33 4.88 3.61 6.66 2.26 7.20 7.84 8.33 8.56 8.53 9.22 9.51 8.32 4.25 3.76 5.99 5.27 11.61 7.42 8.91 11.13 10.60 11.21 10.21 13.83 11.45 14.46 15.79 15.31 18.10 9.16 9.38 10.09 9.59 10.91 9.72 9.90 15.91
23.01 17.43 22.42 23.77 22.58 21.40 15.94 14.72 15.91 6.59 7.60 16.73 3.76 15.14 1.92 17.11 0.36 13.37 5.65 6.16 5.99 9.34 13.86 3.98 6.86 9.36 12.85 13.79 14.24 14.67 11.35 9.24 9.26 9.39 7.18 8.34 8.00 3.87 6.84 6.92 5.42 5.05 8.14 7.50 7.25 1.29 2.90 3.42 8.20 8.57 8.74 9.06 7.87 10.18 10.82 9.66 5.02 6.85 4.92 4.77 5.55 8.46 9.75 11.66 13.76 11.04 10.00 15.33 13.60 15.41 14.98 17.58 9.23 9.57 9.94 11.12 16.98 15.89 16.89 14.35
23.13 15.39 14.64 13.35 20.92 21.48 14.87 6.00 14.72 5.76 16.64 15.43 4.01 14.08 12.24 14.32 14.27 8.34 5.03 5.69 5.36 8.97 10.83 12.46 7.30 9.70 13.58 13.80 13.51 12.40 10.92 8.57 10.21 11.20 10.19 7.03 2.93 2.66 3.78 6.12 7.11 6.68 6.19 5.80 5.53 3.14 3.03 8.00 8.52 9.10 9.91 1.09 5.24 10.83 10.75 10.75 8.67 11.54 6.30 5.35 4.89 6.68 11.22 14.13 13.96 11.16 11.01 9.99 17.77 15.65 15.74 17.27 9.90 9.78 9.69 13.14 13.05 11.68 5.40 5.01
16.13 16.13 15.07 12.75 24.19 21.70 15.33 5.82 5.00 5.14 6.35 15.62 13.99 11.63 12.23 13.36 12.04 11.90 3.94 5.05 4.72 6.61 11.47 11.76 7.04 9.04 14.05 12.61 10.43 12.59 12.86 9.84 12.13 11.10 4.74 3.66 2.83 2.29 3.57 5.54 5.74 5.63 6.09 6.11 5.68 5.74 6.44 7.46 8.30 9.06 10.09 1.20 5.11 10.38 10.37 10.52 11.09 10.70 10.26 6.98 5.38 7.70 14.18 12.01 12.04 16.38 16.19 14.24 18.78 15.83 16.90 17.66 10.66 9.26 10.86 6.74 5.94 10.49 14.57 4.46
19.96 15.64 25.07 11.19 22.83 20.16 6.89 13.35 5.35 9.74 15.18 14.28 12.36 12.18 11.77 12.38 14.35 12.33 2.57 4.72 4.97 11.66 10.70 4.09 5.87 7.77 12.97 10.37 9.10 13.70 8.55 11.74 11.43 10.02 4.79 4.06 3.44 3.38 4.82 5.82 5.01 5.08 5.73 5.68 5.18 5.01 5.55 6.64 7.65 8.18 8.52 8.62 8.44 8.81 9.48 9.88 10.05 10.07 10.26 10.77 7.94 8.95 13.08 11.22 11.43 11.47 11.66 15.35 15.84 16.37 16.77 16.15 10.92 11.49 11.80 10.28 6.27 5.17 4.42 13.73
14.81 13.92 24.95 21.99 21.49 20.11 6.91 14.51 13.29 15.57 12.61 16.77 13.97 12.05 12.87 11.41 14.98 12.51 1.02 4.36 5.08 13.03 2.34 2.75 4.47 6.77 11.91 10.16 13.38 12.95 11.57 11.68 11.73 5.44 4.93 4.40 3.98 4.60 6.38 6.88 5.43 4.81 4.96 4.81 4.64 4.72 5.13 5.79 6.46 6.97 7.13 7.05 7.23 7.74 8.28 8.60 8.89 9.33 9.70 9.99 12.37 9.81 10.16 10.50 13.43 10.89 10.60 10.39 10.56 17.32 17.39 16.12 13.86 16.69 15.87 9.59 6.80 5.96 5.01 13.13
15.18 13.94 25.00 22.47 20.08 18.18 16.99 6.67 15.94 19.35 4.57 16.09 14.26 15.53 2.91 15.49 13.23 13.51 0.46 10.45 4.41 3.44 2.25 2.11 3.76 10.55 7.49 12.92 11.10 6.91 11.09 7.18 6.34 5.61 5.13 4.69 4.46 4.96 6.59 7.31 5.93 4.90 4.70 4.39 4.26 4.55 4.95 5.24 5.57 6.05 6.42 6.66 6.96 7.26 7.49 7.63 7.86 8.27 8.76 9.08 9.27 9.53 9.86 10.03 10.06 10.18 10.32 10.40 10.33 10.15 10.06 9.97 9.64 15.92 12.06 13.43 9.98 7.09 6.40 12.88
16.32 14.69 12.23 22.25 22.52 8.05 16.19 7.53 6.89 6.28 18.20 14.03 14.93 15.34 4.42 4.22 17.63 11.57 10.95 14.24 2.93 3.75 3.82 3.47 10.64 9.88 10.62 5.76 11.26 11.37 10.28 6.33 6.10 5.75 5.33 5.08 4.99 5.32 6.60 7.77 6.84 5.03 4.13 3.71 3.62 4.01 4.49 4.74 4.96 5.39 6.05 6.64 6.82 6.72 6.72 6.99 7.40 7.68 7.93 8.20 8.48 8.80 9.06 9.22 9.26 9.26 9.37 9.64 9.72 19.99 9.65 9.75 9.57 17.81 16.72 19.28 11.92 8.31 7.59 10.99
14.54 23.64 11.07 22.47 19.80 8.88 19.72 7.27 6.78 21.33 21.45 6.33 16.30 18.17 6.11 15.30 16.06 15.27 12.96 2.81 3.23 12.26 3.50 4.24 5.16 11.50 10.46 10.27 10.51 11.24 9.94 11.36 5.73 5.67 5.45 5.34 5.48 5.88 6.57 8.06 7.89 5.15 3.03 2.71 3.00 3.51 3.88 3.93 4.14 4.96 6.11 6.73 6.50 6.18 6.16 6.50 6.86 7.19 7.48 7.68 7.86 8.02 8.20 8.42 8.58 8.64 8.74 8.99 9.26 9.35 9.52 9.59 17.05 16.90 16.78 15.94 15.53 11.09 8.17 6.64
11.30 22.32 8.74 24.44 8.33 14.92 20.79 14.80 22.33 6.24 6.53 7.79 16.75 7.59 15.10 4.57 13.10 12.56 12.90 2.82 2.25 2.18 3.12 15.61 12.93 11.01 9.76 10.23 9.95 11.01 4.99 5.13 5.27 5.43 5.39 5.35 5.78 6.29 6.55 7.69 7.41 4.17 1.59 1.05 1.55 2.49 3.06 3.15 3.72 4.88 5.65 6.01 5.96 5.99 6.08 6.18 6.37 6.71 7.12 7.43 7.54 7.51 7.43 15.95 7.79 7.94 8.09 8.41 8.77 9.04 9.30 9.32 9.13 8.96 8.56 16.34 15.34 14.43 8.12 7.52
12.19 10.36 7.93 22.96 8.05 19.95 22.44 7.87 6.70 23.28 4.81 18.73 14.76 17.05 17.54 16.51 12.56 12.08 11.55 14.51 1.43 1.01 3.12 3.73 3.27 3.57 11.04 10.63 9.98 10.93 4.22 4.76 5.02 5.23 5.22 5.08 5.35 5.85 6.65 8.20 8.39 5.98 3.75 2.41 1.66 2.16 2.65 2.87 3.90 5.44 5.73 5.27 5.33 5.70 6.04 6.23 6.35 6.63 6.92 7.04 7.16 7.31 7.37 7.31 7.30 7.27 7.29 7.60 7.95 8.09 8.36 8.53 17.92 18.40 18.89 17.98 16.89 16.59 16.18 9.96
12.45 11.52 9.91 8.13 8.99 18.58 8.69 20.08 18.61 22.66 3.74 20.02 18.91 18.02 16.12 10.45 4.56 14.49 12.58 10.74 1.92 12.48 10.50 1.85 2.87 3.52 11.80 11.79 10.97 3.96 3.92 4.65 5.07 5.15 4.97 4.56 4.29 4.44 5.32 7.59 9.56 8.52 5.87 3.86 2.85 3.06 3.11 3.22 4.11 5.49 5.86 4.85 4.81 5.41 5.76 6.17 6.44 6.63 6.78 6.71 6.67 6.90 7.24 7.36 7.08 6.64 16.26 16.52 16.43 18.50 18.92 19.45 19.56 18.92 16.65 16.07 16.36 15.74 15.95 13.00
12.51 12.35 12.10 10.13 22.25 8.20 24.02 21.78 19.43 7.11 6.01 14.83 5.27 16.92 17.68 11.41 5.74 14.28 3.50 10.15 14.39 1.12 9.64 4.18 12.28 11.72 11.63 11.60 9.20 3.84 10.20 9.71 4.83 5.00 4.82 4.25 3.57 3.36 4.45 6.83 8.81 8.58 6.81 5.12 4.13 3.83 3.52 3.57 4.20 5.23 5.77 4.93 4.42 5.03 5.61 5.93 6.14 6.19 6.29 6.31 6.21 6.23 13.72 6.52 6.46 14.58 15.92 15.74 15.54 16.64 17.40 17.95 17.26 18.13 17.55 16.06 15.52 17.41 13.81 11.34
11.65 10.62 9.62 8.97 7.93 19.94 6.80 19.67 23.42 7.94 8.41 8.60 16.66 20.00 7.60 15.10 15.06 15.17 3.92 15.32 3.34 10.39 9.02 2.47 12.57 11.17 11.94 12.40 10.84 10.19 11.30 9.93 4.22 4.61 4.76 4.55 4.13 4.18 5.04 6.32 7.57 7.76 6.83 5.78 4.98 4.18 3.50 3.53 4.34 5.38 5.73 5.29 4.66 4.15 4.14 4.62 4.96 5.24 5.43 5.48 5.62 5.69 5.72 5.95 5.90 15.18 15.61 15.26 6.33 6.08 16.24 16.35 16.35 16.00 16.72 16.70 15.00 14.91 14.92 15.57
11.49 9.58 8.33 8.22 7.54 6.10 25.21 6.69 8.67 14.25 9.28 10.55 9.76 22.37 9.53 8.96 15.98 15.48 3.68 15.40 13.48 3.89 3.34 14.15 15.18 2.98 10.03 4.82 11.73 10.40 4.19 3.94 4.03 4.33 4.70 4.98 4.84 4.58 4.65 5.26 6.20 6.67 6.29 5.75 5.31 4.61 3.77 3.59 4.22 4.93 4.98 4.78 4.93 4.57 3.99 3.09 2.94 3.99 4.47 4.65 4.82 5.11 5.50 6.03 13.00 13.93 14.88 6.15 6.47 6.42 5.85 16.06 16.00 15.83 15.71 16.03 16.07 15.11 14.50 14.50
11.55 11.20 10.76 10.47 10.33 10.08 9.49 8.29 23.87 8.64 17.04 9.08 22.84 15.16 9.01 7.38 17.48 16.28 4.36 15.54 13.37 9.51 9.29 3.55 4.03 11.25 4.28 4.99 13.23 4.54 4.62 4.45 4.39 4.48 4.77 5.06 4.99 4.68 4.60 4.83 5.49 6.09 5.93 5.57 5.46 5.10 4.45 4.01 4.02 4.22 4.12 4.03 5.00 6.13 6.30 5.79 3.63 2.75 3.42 3.74 4.04 4.58 5.27 6.12 6.62 6.34 5.99 6.09 6.34 6.48 6.35 5.86 5.36 15.09 15.61 16.19 15.53 16.07 14.45 11.91
11.86 11.94 12.46 12.78 12.96 13.25 12.70 10.92 9.57 8.87 16.77 23.14 23.08 7.21 24.02 18.61 5.44 5.26 5.10 4.12 11.48 8.76 4.61 14.94 4.84 4.08 14.88 15.34 4.07 4.64 4.82 4.67 4.63 4.69 4.67 4.65 11.69 10.99 8.93 5.11 5.30 5.69 5.73 5.58 5.58 5.45 5.06 4.58 4.46 4.46 4.12 3.67 4.80 7.29 7.34 5.07 3.71 2.32 2.54 2.98 3.44 4.08 4.74 5.53 6.14 5.96 15.16 15.48 16.44 16.74 17.23 16.53 15.71 15.23 15.52 15.06 14.77 15.19 13.63 13.34
