examples/cougarCreek/createInputs/WindNinja/wrfout_d3.2015081012.f19/cougarCreek_08-11-2015_0700_217m_non_neutral_stability_ang.asc
ncols	146
nrows	140
xllcorner	610065.000000
yllcorner	5095217.000000
cellsize	216.586807
NODATA_value	-9999.000000
[rows 92 to 137 of 140, columns 0 to 95 of 146]
354 4 345 346 354 348 1 357 354 291 285 335 280 353 296 9 228 7 95 93 90 25 49 88 98 102 64 68 79 79 65 60 45 34 29 30 47 60 81 162 101 22 166 164 174 139 127 128 195 190 190 186 276 187 195 279 242 239 265 233 267 291 248 252 289 217 219 297 270 266 265 289 212 219 292 280 294 289 284 268 269 279 307 301 299 289 280 283 163 156 153 145 130 119 111 104
357 324 324 323 345 340 4 306 358 279 8 340 260 359 357 3 18 25 98 93 88 25 51 67 107 104 65 69 72 75 68 65 41 42 46 73 128 148 150 147 153 168 171 162 170 115 115 195 190 186 186 21 278 187 193 195 237 265 253 238 254 253 250 252 260 287 286 263 285 259 258 297 215 222 287 294 287 264 199 206 203 201 194 288 312 308 308 149 176 170 273 161 160 140 131 118
327 325 326 330 348 344 7 314 307 290 270 358 352 350 355 359 10 17 111 98 95 33 44 62 115 104 67 63 62 58 61 52 48 58 83 85 99 128 131 128 142 165 172 166 171 182 189 190 185 181 180 179 258 189 194 194 242 196 245 255 242 283 271 204 209 252 281 277 284 262 259 290 219 288 296 305 196 296 273 207 204 203 191 178 190 278 278 302 166 162 291 148 144 169 159 135
360 322 340 333 349 346 333 27 317 21 7 1 357 341 352 352 2 18 126 104 110 18 46 128 117 104 61 59 92 63 94 53 58 65 78 85 98 116 120 117 133 160 168 169 173 179 181 181 180 177 175 175 182 190 193 193 195 198 200 202 281 248 252 208 208 205 206 257 264 265 260 268 286 287 303 322 211 212 206 265 203 203 276 281 276 197 280 298 293 170 141 303 147 138 138 159
322 321 348 344 348 354 336 25 23 20 355 357 359 342 346 346 7 22 138 95 97 49 118 119 108 100 49 51 51 71 70 62 68 77 81 87 96 108 114 118 132 154 164 169 175 175 172 172 175 176 172 173 179 186 190 192 194 197 199 200 250 240 207 208 245 207 209 213 216 260 261 268 260 276 296 305 217 215 208 267 197 199 203 200 294 306 306 309 178 193 284 302 288 123 123 138
328 328 346 350 346 11 22 339 23 23 331 11 3 349 285 345 1 3 180 354 72 56 55 87 99 42 93 49 67 80 67 76 73 75 79 84 91 98 102 108 122 146 162 172 175 171 166 166 170 171 169 170 174 182 188 190 191 194 198 200 202 205 206 207 208 210 211 213 215 216 219 222 223 266 264 300 323 214 210 302 207 208 211 191 274 190 171 161 300 170 124 122 109 104 107 112
324 333 343 355 355 343 17 342 344 336 18 26 357 339 302 306 354 348 352 28 43 30 32 54 40 31 40 79 58 59 66 80 78 78 80 84 88 92 91 93 105 131 158 174 171 162 159 160 163 164 164 166 172 180 185 187 188 192 196 199 202 204 207 209 210 212 214 216 218 239 222 224 222 269 271 287 307 214 212 323 287 283 214 285 191 290 324 182 178 317 322 116 125 119 109 112
318 347 345 356 24 342 357 342 342 17 25 331 356 328 312 324 342 341 353 349 3 50 39 63 82 35 49 51 45 54 65 65 82 80 79 80 83 87 91 93 101 121 150 170 165 153 151 153 153 153 157 164 173 180 182 183 186 191 195 198 201 204 207 210 212 214 215 218 220 222 224 223 264 260 262 269 289 310 221 222 303 203 290 295 302 294 299 194 188 172 320 140 137 136 132 302
331 3 336 6 352 5 358 21 4 338 336 327 350 320 325 318 347 334 351 312 346 27 71 27 48 49 48 37 34 52 84 80 77 76 74 72 72 74 76 79 87 94 95 121 143 139 140 145 138 133 144 161 173 178 179 181 185 190 195 198 201 205 209 224 214 215 217 219 222 224 224 223 222 221 220 258 269 278 228 219 304 298 275 273 293 282 206 291 195 312 300 160 156 153 145 313
343 341 334 28 345 3 18 348 345 10 319 12 348 349 332 327 344 331 346 3 235 118 92 81 67 59 39 29 28 55 71 72 73 74 71 65 59 54 49 55 59 49 41 50 76 107 122 133 126 120 129 151 168 173 178 182 185 190 195 198 202 206 210 212 215 217 219 223 226 227 226 226 254 252 247 246 257 267 288 302 291 276 266 254 247 215 241 252 198 275 177 286 310 168 148 132
346 353 355 334 340 10 343 10 349 24 325 9 8 355 348 344 298 323 339 339 222 44 73 48 34 48 40 30 41 54 59 66 70 72 69 62 53 43 46 59 57 48 48 60 84 105 115 123 121 113 114 132 156 167 175 183 186 191 196 200 204 207 209 213 218 221 241 241 245 245 246 245 244 248 256 262 265 263 272 287 267 265 266 265 274 265 274 277 266 233 227 231 149 158 256 290
345 353 360 353 27 333 356 4 11 2 348 26 310 343 10 357 295 325 332 337 40 287 91 58 36 42 37 29 43 51 47 47 70 67 66 65 65 73 84 86 77 67 64 70 87 103 115 123 122 111 104 112 136 154 168 178 185 192 198 202 206 209 228 220 224 239 241 242 250 254 254 251 245 249 259 267 272 277 281 297 284 279 269 268 302 210 195 303 311 170 277 267 259 262 274 288
345 352 3 6 340 21 332 345 27 354 353 342 4 351 314 338 326 326 329 355 350 81 74 318 19 41 34 21 39 42 31 41 66 63 63 67 75 90 98 97 90 81 73 72 80 90 105 119 121 117 109 107 114 127 148 170 184 192 199 203 208 212 218 226 229 239 240 246 243 246 261 262 262 260 258 261 270 276 281 298 285 280 279 269 281 309 306 176 303 178 177 315 152 316 297 283
357 359 7 8 1 327 10 334 350 26 345 346 341 19 327 319 331 323 323 351 32 321 321 15 17 9 32 26 34 37 54 52 55 59 64 68 72 77 84 87 83 78 72 71 74 81 92 105 112 112 109 103 98 97 96 109 157 187 199 204 210 216 222 227 246 248 251 237 241 241 241 265 265 265 262 260 263 268 264 261 273 284 285 273 275 299 300 291 276 323 185 312 317 159 147 276
360 3 5 4 3 351 333 328 20 341 24 338 353 16 325 326 335 324 329 329 28 38 21 329 343 32 1 25 31 38 41 42 48 58 65 65 65 69 74 77 76 73 71 71 74 78 84 93 98 97 94 86 79 83 86 85 107 172 200 207 214 219 221 224 229 233 235 238 239 238 237 236 238 269 263 257 252 252 250 261 273 281 285 266 254 252 266 280 263 269 181 298 280 173 157 322
7 1 1 1 359 353 347 342 329 342 23 360 11 322 353 358 317 317 331 347 46 53 305 6 338 338 16 15 28 28 35 43 52 62 64 57 71 80 81 68 69 70 70 72 75 76 80 85 91 93 89 79 69 69 70 86 118 159 202 213 219 221 222 229 237 240 254 255 257 258 260 265 270 271 266 261 260 264 276 286 282 279 286 275 252 220 248 258 256 254 289 295 279 261 279 281
3 352 355 358 357 354 350 349 345 14 352 21 325 7 4 0 333 329 337 335 54 318 38 18 22 27 18 26 11 24 42 57 26 63 55 63 42 48 54 57 60 64 66 67 68 79 76 82 88 94 94 90 78 69 62 66 126 174 212 222 227 231 234 243 250 253 260 264 265 264 263 238 270 272 270 271 271 274 279 285 292 287 285 295 299 285 268 266 269 267 277 283 258 228 227 245
2 351 354 352 357 357 351 348 351 349 2 345 17 6 11 354 308 337 346 350 38 36 357 1 13 11 13 353 10 17 69 24 63 51 56 38 59 56 62 58 56 58 60 59 71 61 67 73 78 81 84 89 91 88 79 65 40 345 290 265 259 264 266 269 270 265 260 263 266 242 271 235 272 239 241 277 272 270 273 279 285 284 281 288 308 317 301 296 304 292 273 250 247 265 276 289
354 354 345 353 353 357 354 349 353 356 5 346 14 338 335 352 347 20 290 348 16 3 352 357 13 11 6 21 9 18 28 55 53 60 58 61 55 64 35 59 55 57 58 64 65 65 57 59 61 62 62 66 78 84 76 57 29 7 349 337 324 311 303 298 298 296 263 260 265 268 267 260 258 265 272 270 269 267 270 276 281 286 289 292 301 321 318 308 320 319 317 309 285 297 307 305
346 352 354 346 344 349 352 352 355 355 359 351 348 341 5 359 346 326 315 312 312 307 305 5 16 20 10 16 12 19 33 23 59 55 55 49 50 58 54 58 60 62 62 61 59 61 52 50 47 44 42 40 44 49 45 32 19 12 3 349 338 329 319 310 308 295 288 281 275 269 264 258 256 254 257 268 273 276 275 277 286 288 287 288 293 313 319 306 307 314 326 68 313 301 315 101
345 351 357 349 339 337 339 348 357 360 24 359 23 7 355 6 346 336 326 321 318 318 322 13 16 22 18 351 355 21 36 44 35 21 42 26 46 47 51 51 57 59 58 60 62 53 48 42 38 33 27 24 25 28 29 26 21 16 10 357 345 337 330 321 315 310 303 293 290 283 280 284 283 278 273 273 278 280 278 280 294 301 294 300 302 309 325 327 320 322 324 12 37 314 300 313
349 353 356 355 344 326 325 333 346 357 2 34 19 354 355 2 335 332 329 327 326 332 333 13 25 21 12 12 11 14 21 20 22 21 24 33 39 43 43 44 46 48 56 65 71 41 35 32 29 25 19 14 16 21 25 27 24 19 15 6 355 350 343 338 333 325 312 296 281 292 289 256 291 291 286 282 286 288 289 286 293 309 296 294 296 297 313 327 327 335 332 319 339 319 285 264
351 354 356 356 351 341 332 326 332 342 1 354 339 357 4 359 324 321 320 325 325 331 335 15 33 19 3 6 5 7 8 19 20 20 18 32 38 43 36 35 39 49 59 27 24 22 20 21 21 19 14 10 11 17 23 26 26 22 19 13 5 1 359 325 318 313 307 302 297 293 290 285 282 287 290 291 296 304 303 294 298 310 297 291 289 292 306 318 319 329 340 324 325 343 12 321
350 354 357 352 347 346 347 347 345 335 333 345 13 8 355 336 329 323 321 323 345 6 12 44 37 355 3 2 6 5 3 25 35 26 25 26 37 36 23 31 41 47 48 44 39 12 14 15 16 15 12 9 9 14 20 25 26 25 23 20 14 10 11 11 325 317 315 309 302 296 293 288 286 291 295 294 296 295 290 287 294 306 308 307 303 303 314 322 320 322 327 325 325 18 50 340
346 352 355 348 342 344 350 355 356 356 350 341 2 12 345 345 337 331 331 334 335 10 19 35 8 351 357 356 7 3 1 25 32 28 18 38 34 25 20 33 40 40 38 31 26 24 10 11 11 10 9 7 7 12 18 21 23 26 27 27 22 16 16 344 335 325 319 314 310 307 305 302 299 300 301 301 297 293 285 280 283 291 299 300 300 303 314 322 327 335 318 314 302 306 38 56
342 347 349 343 341 341 345 350 356 0 358 338 320 333 340 345 341 339 341 342 342 19 36 23 333 317 357 356 360 352 1 21 37 35 31 28 6 15 26 35 34 34 34 28 22 18 17 4 5 5 6 6 7 11 18 20 20 23 26 29 25 20 355 18 350 340 330 322 319 320 319 310 308 306 303 304 302 303 299 295 293 293 292 295 300 309 323 320 325 15 3 328 312 43 308 17
344 344 343 340 341 341 343 348 353 357 357 351 340 330 356 344 344 344 345 344 345 20 321 352 312 323 359 356 357 352 3 28 32 27 25 17 8 20 34 35 30 29 25 17 12 353 11 13 357 1 3 6 9 12 16 19 21 21 23 26 3 360 20 20 356 351 346 336 324 323 331 322 314 310 304 303 304 306 306 304 308 318 316 309 307 317 343 330 327 8 10 341 342 323 310 339
347 341 340 339 338 338 343 348 346 352 351 348 344 343 336 20 344 349 16 344 2 17 20 310 309 349 356 358 358 356 7 22 22 21 16 12 16 29 38 33 27 23 16 10 7 8 10 7 5 355 0 6 10 12 15 18 21 22 8 8 5 2 0 1 358 355 352 348 335 325 333 335 329 324 317 317 318 320 325 322 313 321 326 320 315 322 348 342 332 8 19 349 33 25 349 16
338 337 337 338 337 336 343 350 351 347 346 341 341 345 347 349 12 19 30 7 13 330 17 1 350 348 345 358 356 339 350 340 14 19 9 11 25 30 33 29 19 15 13 11 11 12 9 3 4 7 7 4 9 13 16 19 9 7 7 9 10 5 3 2 2 359 354 350 345 334 331 340 341 338 333 326 323 324 333 333 326 323 325 322 314 309 322 330 334 4 18 347 25 23 27 25
337 329 331 335 333 336 346 352 350 342 347 342 341 343 345 335 17 29 17 5 14 25 16 14 357 343 346 358 358 324 352 9 13 18 5 15 32 31 29 20 12 10 14 14 14 11 5 2 4 7 7 8 9 9 9 8 8 7 4 6 11 9 5 4 17 16 358 354 355 343 337 338 338 336 335 331 333 329 336 339 334 333 334 333 325 16 18 19 350 334 12 342 21 15 23 17
332 323 325 333 324 331 347 352 346 345 344 345 343 343 344 349 342 34 345 6 8 11 6 357 329 325 357 6 350 327 344 11 14 14 4 19 28 21 20 11 4 12 15 12 11 5 0 1 4 8 8 9 8 7 7 8 7 5 2 2 10 9 2 2 16 16 2 359 359 352 343 337 336 339 339 339 339 337 340 342 339 339 344 345 346 346 336 16 16 318 339 337 349 16 13 14
325 320 322 324 326 327 343 347 339 338 339 347 344 342 340 348 358 39 16 360 6 8 4 357 334 337 7 319 320 330 338 2 2 3 6 19 20 15 11 3 4 10 9 6 5 358 355 2 6 10 11 8 5 4 5 6 7 5 1 359 8 9 2 1 4 15 16 0 359 353 348 346 346 347 345 342 341 340 341 345 343 345 344 349 353 2 358 353 344 343 347 352 359 9 9 12
323 319 320 322 322 329 337 340 335 333 341 350 345 341 337 344 349 359 18 345 11 10 5 357 335 338 331 321 319 329 339 354 0 4 16 20 20 16 11 8 9 10 7 3 360 357 355 3 6 8 7 3 3 4 4 5 6 5 2 358 4 4 358 357 359 11 13 359 352 348 347 349 351 351 350 349 347 346 345 345 345 347 11 356 356 4 3 16 355 352 22 13 9 7 8 9
325 325 325 315 324 327 330 334 332 332 339 346 345 342 339 341 350 357 345 348 339 7 4 2 356 353 331 324 340 326 337 345 6 16 30 24 19 15 14 11 10 10 6 0 357 358 358 2 3 3 4 2 4 7 7 7 6 2 358 354 353 349 344 343 342 352 358 3 344 360 340 346 351 355 357 354 351 347 345 346 349 349 1 6 355 357 13 12 356 354 349 12 7 8 8 8
325 325 326 326 320 328 331 331 331 331 337 344 345 341 339 341 347 2 343 6 5 356 7 7 335 352 356 355 333 334 335 350 16 27 32 22 17 17 13 8 7 8 1 358 359 359 356 359 3 3 5 4 6 11 12 14 8 24 20 15 10 8 7 5 1 0 345 4 5 1 343 349 350 354 7 359 353 349 346 347 346 348 349 4 1 358 9 11 359 357 350 9 6 7 7 7
319 319 331 318 318 327 329 331 334 332 334 340 341 340 336 338 347 346 16 5 359 0 8 6 338 350 350 345 327 328 342 358 17 28 31 22 18 11 7 6 11 8 1 2 1 357 354 358 7 10 12 13 15 15 18 20 20 18 14 10 6 4 2 360 358 357 357 359 3 5 347 353 349 348 360 0 357 352 348 346 344 344 347 353 356 1 6 8 11 0 354 9 5 6 6 6
317 319 320 326 320 312 316 327 330 334 329 331 338 337 334 335 346 348 353 4 359 0 359 352 354 352 353 337 335 339 348 11 22 33 30 17 6 6 10 12 10 339 339 338 336 357 357 6 350 354 358 4 7 10 13 14 15 13 10 5 1 359 359 358 357 356 355 344 342 357 356 344 345 342 354 357 356 351 348 346 346 347 350 351 352 353 356 6 10 1 354 8 4 4 5 5
312 317 321 320 321 316 317 319 323 329 323 323 330 336 331 331 342 350 354 342 357 358 354 349 354 355 353 342 344 352 354 22 30 31 347 16 7 10 13 9 339 340 339 339 339 341 345 349 352 355 358 1 4 7 9 12 13 13 8 1 355 355 356 357 357 356 356 358 357 354 353 353 359 342 347 353 356 354 349 348 347 346 346 350 352 353 353 353 357 359 358 5 3 4 3 4
309 310 323 321 320 319 318 318 323 319 320 325 323 328 335 329 337 344 341 335 331 354 354 350 352 349 352 345 348 354 6 27 27 27 344 340 8 10 341 341 340 339 340 340 340 343 347 352 354 355 356 359 2 5 8 10 12 12 7 356 349 351 356 359 359 359 359 360 360 359 357 356 338 1 345 348 353 352 351 349 348 347 348 346 352 355 359 356 355 356 357 3 3 4 3 358
305 309 319 318 322 320 321 322 321 326 330 317 325 325 333 329 334 349 337 333 333 333 352 352 352 348 341 344 349 5 19 26 27 27 18 360 3 337 339 341 340 340 340 340 341 355 359 352 353 353 355 358 0 3 5 7 9 8 4 357 352 353 358 1 2 2 3 3 3 2 360 358 358 341 341 340 349 349 349 349 350 351 352 350 343 349 358 5 356 355 359 358 358 2 3 359
303 309 322 322 322 323 320 321 323 323 328 321 328 326 331 352 333 336 335 332 333 335 335 351 354 345 338 350 359 18 27 26 32 36 346 20 330 333 338 340 341 356 356 355 354 353 349 350 350 352 355 357 358 359 1 3 4 3 1 0 1 1 1 2 4 5 6 6 5 4 2 0 360 0 1 1 341 4 344 5 348 355 355 357 9 6 346 4 5 357 1 5 2 2 0 3
303 309 324 324 322 323 320 318 320 322 323 324 325 330 330 331 332 358 333 331 331 334 338 344 357 337 338 352 7 13 19 29 9 1 338 330 331 334 339 359 359 358 358 341 355 356 348 349 350 353 355 356 355 355 355 357 358 358 360 5 10 9 5 4 4 5 6 7 6 5 4 2 345 346 345 344 1 343 347 347 4 357 1 2 8 7 345 351 3 358 358 4 3 2 358 3
298 306 323 325 323 318 312 312 316 318 324 325 326 330 329 331 332 331 332 331 330 332 337 338 352 340 344 354 9 13 20 8 6 346 337 336 336 339 343 356 2 1 344 342 343 346 348 350 352 355 356 356 353 350 349 351 352 356 2 11 15 12 9 7 6 4 5 351 7 5 4 3 346 346 345 345 345 3 351 348 346 350 1 7 358 4 347 349 354 358 356 3 2 2 3 359
290 299 318 328 332 327 305 305 316 322 324 325 327 327 329 329 331 331 332 331 330 332 336 339 346 347 345 356 6 20 3 4 350 338 335 337 338 343 349 1 7 349 345 342 356 346 349 351 353 354 357 358 351 345 344 345 348 355 6 13 14 13 11 10 9 6 3 5 7 7 6 345 342 344 1 344 345 3 353 5 349 350 357 6 356 8 7 6 353 356 5 357 1 2 2 359
287 291 308 327 339 333 317 317 321 324 325 324 325 326 328 328 328 330 330 330 328 335 335 339 339 339 347 354 6 357 360 352 341 333 334 336 339 347 355 9 355 350 345 344 357 347 350 353 354 355 359 359 352 344 341 343 348 356 6 12 13 12 12 11 10 8 5 5 6 8 351 348 350 347 345 343 344 346 353 356 352 353 359 6 6 6 6 6 8 355 4 2 1 2 2 2
290 288 293 323 335 329 315 315 321 323 323 323 321 324 327 327 327 328 329 328 327 327 332 337 339 340 340 350 5 353 352 344 336 329 330 333 337 348 358 16 13 350 346 345 346 349 352 354 356 358 358 356 353 349 346 346 350 357 5 10 11 10 10 11 10 9 8 7 7 8 9 9 351 350 351 346 346 345 346 355 353 354 1 3 4 6 6 354 355 355 4 2 1 2 2 1
