examples/cougarCreek-fire/createInputs/WindNinja/wrfout_d3.2015081012.f14/cougarCreekFire_08-11-2015_0200_217m_non_neutral_stability_vel.asc
ncols	146
nrows	140
xllcorner	610065.000000
yllcorner	5095217.000000
cellsize	216.586807
NODATA_value	-9999.000000
[rows 36 to 71 of 140, columns 0 to 80 of 146]
6.12 6.24 6.32 6.79 6.44 8.49 8.64 5.67 9.99 10.00 9.62 9.14 9.13 11.03 11.12 11.21 11.75 12.39 12.74 12.98 12.56 12.09 12.56 12.03 11.29 10.42 12.41 13.66 14.70 8.43 5.79 1.69 2.28 6.48 6.72 5.25 5.99 1.55 2.06 2.23 2.85 2.96 3.10 5.50 4.81 5.44 5.54 4.90 5.45 0.40 0.61 0.57 1.66 2.41 3.24 4.52 5.09 4.88 4.90 4.80 4.43 4.19 4.00 6.17 4.04 2.57 2.15 1.83 1.52 4.98 1.20 0.73 0.36 0.81 1.32 1.55 1.81 2.08 4.86 3.00 3.49
6.07 6.20 6.28 6.78 6.55 6.27 5.89 9.55 5.57 9.59 9.35 9.26 9.23 10.69 10.43 10.58 10.67 10.85 10.49 10.18 10.42 10.82 11.18 11.07 10.80 10.53 11.40 12.23 9.94 8.73 6.79 4.65 7.04 4.55 7.60 5.41 4.62 4.87 4.82 5.08 3.07 6.32 4.73 4.00 4.15 1.93 1.80 4.04 5.33 4.88 5.29 1.36 1.69 3.27 1.80 2.95 3.12 2.48 2.54 2.80 3.37 3.09 3.00 2.89 2.72 2.57 2.29 1.97 1.61 1.26 1.36 0.98 7.32 0.88 1.39 1.68 1.92 2.15 2.50 2.91 3.13
6.10 6.24 6.32 6.82 6.65 6.36 8.06 5.71 9.48 9.14 9.61 9.61 10.00 9.75 9.87 10.21 10.44 10.14 10.53 11.05 11.23 10.88 10.85 11.26 10.31 10.01 11.68 12.03 9.38 10.18 10.22 6.56 8.48 9.00 8.61 8.45 5.45 0.75 1.44 5.83 6.41 6.90 4.73 3.79 4.20 4.62 3.97 2.94 5.83 4.97 6.60 5.37 6.27 4.55 3.68 3.87 3.76 3.96 1.89 1.94 1.75 1.53 1.87 1.84 1.96 1.95 1.78 1.54 1.29 1.20 1.32 1.15 0.74 0.94 1.28 1.63 2.04 2.44 2.63 2.72 2.79
6.21 6.34 6.39 6.87 6.65 6.43 7.84 5.85 9.56 9.72 9.92 9.89 8.88 10.04 10.17 10.49 10.58 10.19 10.36 10.67 10.67 10.57 11.44 12.00 10.54 11.25 12.10 12.48 9.24 11.74 11.49 7.80 5.99 7.55 7.43 8.31 9.16 9.06 7.30 2.03 2.46 4.85 2.93 3.33 4.14 5.70 6.13 6.48 6.69 6.43 6.36 6.27 5.76 6.56 8.18 5.90 5.19 5.08 5.08 2.82 1.98 1.84 2.17 2.59 2.58 2.27 2.46 2.13 2.19 2.22 2.29 1.17 1.19 1.17 0.95 1.07 1.61 2.22 2.56 2.61 2.57
6.37 6.41 6.48 6.92 6.70 6.40 7.86 6.01 6.04 9.90 10.17 10.09 9.98 10.74 10.18 10.38 10.25 9.80 9.54 10.11 10.77 11.41 12.23 11.59 9.04 11.16 12.04 12.30 12.34 14.60 10.96 6.86 5.20 4.36 6.05 6.60 6.84 7.10 7.87 4.68 3.72 2.96 2.92 1.95 2.87 3.14 3.12 3.28 3.26 5.39 5.51 5.49 6.38 6.08 1.04 1.49 7.49 8.40 1.53 7.45 8.28 5.97 3.63 3.16 2.90 2.95 3.05 2.60 2.61 2.72 2.88 2.89 2.96 1.59 1.48 1.16 0.75 1.24 1.86 2.50 2.78
6.55 6.53 6.54 7.03 6.87 8.10 6.22 6.29 6.26 10.04 10.48 10.42 10.00 10.05 9.57 9.85 9.51 8.93 10.10 11.05 11.97 12.57 12.44 8.17 8.28 11.06 11.95 12.51 12.72 14.61 10.49 5.67 6.04 5.58 6.90 5.91 5.76 6.30 6.53 6.47 5.56 5.88 6.16 6.49 6.90 5.50 1.54 1.88 4.18 4.15 4.69 4.01 1.37 5.03 5.48 5.52 4.84 4.93 1.10 0.88 5.47 4.18 4.95 5.86 6.37 6.64 6.88 7.49 7.20 7.18 7.47 6.86 4.74 4.69 3.91 3.60 0.91 1.03 0.85 1.54 2.51
6.73 6.69 6.58 6.64 7.35 6.42 6.52 6.21 6.55 6.43 6.50 10.44 9.84 9.67 9.43 9.24 9.34 10.01 11.14 11.63 12.71 12.60 9.33 6.61 9.99 11.77 12.50 12.06 10.54 12.62 12.90 7.80 2.59 4.97 5.86 5.26 5.24 5.23 5.69 6.25 6.38 5.51 5.16 5.50 6.43 6.76 6.84 6.29 6.50 1.27 5.44 4.92 4.07 4.05 4.01 2.26 2.29 3.66 4.23 5.28 1.05 5.67 6.92 5.77 3.66 2.95 3.08 3.35 3.55 3.13 0.41 0.93 1.28 1.07 0.71 3.94 5.44 3.99 0.88 0.63 1.76
6.96 6.91 6.74 6.82 7.55 7.13 6.90 7.06 6.96 7.04 10.79 10.12 8.97 8.98 8.31 8.50 9.70 10.28 11.33 12.13 12.59 9.76 7.15 7.01 10.62 12.23 12.21 9.67 9.89 13.13 14.64 9.96 2.70 2.72 3.65 5.54 6.31 5.53 5.02 4.80 5.27 5.75 5.73 5.33 5.73 6.09 5.79 5.78 6.16 5.99 5.49 6.06 6.62 6.33 5.77 5.90 6.46 7.23 7.02 3.47 5.11 3.34 2.26 1.50 1.53 1.69 2.01 1.11 1.18 1.15 0.96 0.65 0.67 0.76 0.80 0.70 0.40 0.42 4.52 0.73 0.84
7.29 7.25 7.13 7.21 7.26 7.13 7.37 7.47 7.64 10.42 9.21 7.46 7.59 9.25 8.76 9.34 9.18 9.39 10.78 11.66 11.54 8.42 7.60 8.18 10.70 11.86 9.40 8.46 10.35 13.44 13.94 10.01 4.58 3.20 2.08 2.45 3.13 5.41 2.14 4.18 2.97 4.05 4.40 3.98 3.81 4.47 5.53 5.79 6.13 5.40 5.46 6.35 7.67 7.70 7.84 7.31 3.14 3.01 1.95 0.83 1.49 1.53 1.45 1.53 2.23 2.42 2.20 2.05 1.95 1.72 1.48 1.02 0.69 0.69 1.13 1.52 1.37 0.96 0.31 4.45 0.67
7.71 7.77 7.71 7.64 7.75 7.76 7.77 7.97 8.28 8.21 6.80 6.99 9.10 10.26 10.06 9.31 7.29 9.71 11.45 12.38 12.36 10.24 9.09 8.16 10.14 10.14 8.22 9.42 11.83 12.73 10.56 7.44 8.82 8.48 7.62 4.56 2.83 3.60 2.69 1.72 2.46 1.00 1.12 0.78 1.23 3.76 4.76 4.80 5.99 6.90 6.95 6.14 4.97 4.42 0.97 1.54 0.67 1.31 1.67 1.78 1.57 1.75 1.82 2.29 3.01 3.32 2.67 2.15 1.82 1.45 1.17 0.81 0.60 1.23 1.69 1.85 2.24 1.83 0.78 0.18 0.57
8.43 8.44 7.87 7.85 8.07 8.18 8.50 8.06 8.57 6.68 6.81 8.46 9.73 10.46 9.91 8.79 9.07 10.55 12.18 13.31 13.35 10.01 7.89 6.67 7.43 7.76 8.04 10.25 12.68 10.93 7.13 4.99 5.59 7.69 7.07 6.84 2.74 4.22 4.29 2.76 2.13 1.14 0.92 0.87 1.08 4.48 4.67 4.15 5.76 5.45 1.77 0.99 0.14 0.54 0.84 1.03 1.57 1.95 2.42 2.47 2.46 2.27 2.41 2.49 2.77 3.12 2.77 2.10 2.21 1.55 1.19 0.65 1.00 1.48 2.11 2.02 2.31 2.72 1.51 0.67 0.22
9.18 7.79 7.69 8.11 8.23 8.44 7.26 8.02 8.17 6.76 8.38 9.30 10.02 10.30 10.37 11.23 7.68 11.38 12.90 13.57 12.70 8.28 6.79 5.66 6.47 7.21 9.60 12.00 11.59 9.45 6.21 5.28 4.26 6.81 9.13 6.21 2.97 7.43 6.86 4.91 4.77 3.63 2.79 2.10 4.99 3.59 4.64 4.95 1.63 1.47 0.55 1.63 2.24 2.44 2.24 2.68 3.53 3.90 3.53 2.79 1.68 1.41 2.35 5.12 4.72 3.78 3.31 2.76 2.21 1.85 1.07 0.23 0.74 1.74 3.25 2.41 1.66 2.93 2.85 1.26 0.25
9.61 9.03 8.89 9.02 8.09 7.92 6.93 8.26 7.94 8.58 7.67 7.84 10.46 11.31 8.56 8.88 12.88 12.71 13.44 13.20 10.91 7.71 6.42 6.31 7.60 8.77 11.59 12.48 10.34 10.50 8.19 6.61 6.29 5.72 9.87 7.26 2.81 7.73 7.89 9.51 7.31 4.42 3.87 3.44 4.05 4.55 6.16 0.88 0.50 0.86 1.90 3.40 3.77 3.36 3.61 4.33 5.10 4.50 3.63 2.73 1.56 0.84 2.95 2.94 3.19 5.13 4.18 3.15 2.65 1.47 0.31 0.62 1.11 2.77 4.18 2.70 1.35 2.20 3.95 2.81 0.62
9.50 9.47 8.91 7.64 7.63 7.94 8.82 8.37 8.44 8.18 8.16 8.51 8.85 9.48 13.79 13.01 12.30 11.85 10.42 11.14 10.56 7.20 6.49 8.52 8.46 10.01 11.79 11.61 12.73 12.15 9.39 8.16 7.93 5.25 10.21 7.64 3.16 4.77 4.89 9.04 4.02 6.93 3.37 3.37 3.40 2.62 0.80 0.91 0.74 2.27 4.50 5.07 4.06 3.40 6.19 4.64 4.00 3.79 3.31 2.98 3.38 2.72 2.68 3.27 3.73 5.06 4.57 3.62 3.06 1.61 0.86 1.09 1.76 3.40 5.38 3.96 1.48 2.01 4.17 3.71 1.35
9.54 8.77 8.06 7.76 8.03 8.15 8.35 9.05 8.88 8.81 9.10 9.64 10.10 13.53 12.71 10.68 10.71 9.56 9.29 10.25 10.34 8.40 7.85 7.08 6.71 7.50 8.35 10.89 11.85 12.66 9.10 9.44 8.58 6.78 12.03 8.17 4.01 5.12 5.08 7.45 8.02 6.66 6.00 3.56 3.16 3.04 1.32 1.78 2.27 3.36 4.14 3.58 3.44 3.74 3.94 4.73 3.99 2.98 2.95 2.88 3.39 4.40 4.24 4.23 4.31 4.49 3.67 3.53 3.70 2.37 1.08 1.97 3.66 5.52 6.32 4.42 2.36 2.42 3.73 3.66 2.12
9.77 9.21 8.02 8.33 8.54 8.89 9.53 9.51 9.58 9.75 10.29 10.97 11.37 13.47 10.34 10.69 9.81 9.21 9.73 10.85 9.70 8.84 7.67 6.06 5.31 7.14 10.62 10.57 13.77 12.63 9.76 10.55 9.21 10.44 13.56 7.30 4.89 5.49 5.71 5.85 5.22 4.57 4.04 6.05 4.76 4.60 2.30 1.99 1.92 1.72 1.59 1.86 1.93 1.41 2.45 4.95 4.73 2.35 1.82 1.60 2.23 4.13 5.42 5.58 5.08 4.31 2.80 3.90 5.12 4.41 4.18 4.95 6.07 5.91 4.88 3.84 3.09 2.70 3.11 3.64 3.68
9.14 8.62 8.68 8.94 9.28 10.10 9.50 10.30 10.20 10.72 11.46 12.94 10.56 10.07 9.23 8.96 9.14 9.42 10.30 10.49 9.57 9.46 8.41 7.62 5.70 7.93 9.43 13.34 17.29 12.52 10.31 9.74 10.40 12.33 11.49 4.24 5.25 5.36 5.68 5.68 5.05 4.68 4.21 4.74 6.69 4.64 4.50 2.04 1.81 1.57 1.02 0.88 0.21 0.79 2.35 4.99 4.55 1.28 1.13 0.92 1.79 2.78 3.76 4.07 4.98 4.75 4.39 5.59 5.24 3.80 4.26 5.04 4.84 3.45 2.87 3.10 2.95 2.37 2.58 3.46 3.85
9.77 9.09 8.77 9.46 10.73 10.64 11.43 11.51 11.84 11.45 12.37 9.62 10.04 9.53 9.69 9.88 9.95 10.39 10.88 10.46 9.81 9.35 8.47 6.32 9.79 10.35 16.22 14.92 13.66 11.20 12.58 10.65 10.66 13.84 10.41 3.46 5.91 6.06 5.47 5.01 5.29 5.07 4.44 4.30 5.39 5.71 6.17 4.49 4.29 3.09 1.45 1.40 0.41 0.66 2.32 5.98 5.72 2.71 1.65 1.27 1.20 0.77 2.54 3.39 3.60 3.49 4.68 5.18 3.50 1.81 2.35 3.15 3.13 3.54 4.09 4.08 4.96 4.62 2.88 3.50 3.55
10.37 8.67 8.27 10.38 10.82 10.40 10.82 12.66 12.69 12.99 9.61 9.68 9.04 9.45 11.01 10.76 10.80 11.27 12.59 11.49 11.09 10.47 8.32 6.88 10.16 12.62 12.63 11.59 12.19 10.56 10.14 6.93 12.19 15.72 11.27 3.89 6.66 7.65 6.57 6.24 6.97 6.97 6.10 4.02 4.00 4.15 5.44 5.36 5.00 4.53 3.21 1.74 1.39 0.86 2.66 6.16 7.04 5.23 3.80 3.34 3.31 3.73 3.90 4.02 3.52 3.04 4.02 4.67 4.09 3.85 4.11 3.48 2.45 3.26 4.77 4.93 4.53 3.65 3.29 4.16 4.26
10.53 7.72 7.59 11.21 11.06 10.23 12.09 13.92 10.61 9.16 9.26 9.04 9.64 10.15 11.79 11.94 12.42 13.71 13.20 12.42 11.26 8.32 7.80 8.07 10.01 10.47 10.14 10.69 12.58 10.68 9.35 8.66 13.56 17.63 12.36 2.67 8.03 8.45 7.12 6.09 6.69 9.33 7.52 5.66 3.79 2.15 1.60 1.82 4.56 4.96 4.77 3.28 1.75 0.93 2.65 5.77 6.30 4.91 4.63 3.93 3.77 5.51 3.47 4.35 3.96 3.68 2.78 3.93 3.56 3.72 4.68 4.55 2.59 2.76 4.58 4.93 4.82 3.87 3.46 4.49 4.79
10.15 6.67 6.28 11.38 11.78 11.34 14.23 11.91 8.91 7.22 7.58 9.46 10.45 9.75 10.94 13.01 13.52 14.13 14.20 12.22 10.36 6.52 6.65 8.19 10.03 9.80 10.79 12.34 13.09 9.52 8.91 8.51 14.49 18.51 13.97 3.41 8.82 4.75 6.08 4.27 6.52 8.73 7.49 6.51 5.21 4.03 2.16 1.46 1.37 1.57 4.90 4.61 3.97 0.22 2.74 4.95 4.78 4.36 3.94 3.39 1.65 3.37 4.32 4.21 4.13 4.34 3.35 3.17 3.01 3.02 4.31 4.66 3.03 2.94 4.47 4.73 4.57 4.01 3.84 4.81 5.00
10.25 6.77 6.03 11.07 12.75 13.06 14.31 8.65 5.17 6.02 8.19 11.39 10.59 8.90 11.29 13.81 14.15 16.56 13.57 10.16 8.00 5.14 6.50 8.77 10.11 9.66 11.74 13.45 11.65 8.22 7.96 11.07 16.30 20.54 14.13 4.49 13.32 3.78 3.39 6.23 2.99 8.37 8.71 3.93 5.18 5.45 4.81 3.34 1.62 0.64 1.22 2.08 0.85 0.21 2.46 3.87 3.89 4.01 3.95 3.54 3.13 3.03 3.57 3.77 3.97 4.38 3.51 3.06 2.87 2.90 4.44 4.36 3.29 3.77 4.67 4.73 4.49 3.85 3.68 4.71 4.49
9.84 6.33 5.55 11.30 13.77 16.07 10.42 5.22 4.37 7.55 11.85 12.20 10.21 9.79 15.92 15.95 16.51 15.29 11.36 7.14 5.01 5.72 8.56 9.85 10.43 10.43 11.44 14.01 10.39 8.50 11.30 13.63 16.63 19.58 13.64 5.33 4.77 8.04 4.66 3.05 4.36 2.19 1.30 1.30 2.59 3.61 4.03 4.16 3.33 1.62 0.96 0.76 0.53 0.27 1.53 2.89 2.98 2.99 3.20 3.15 3.09 3.19 3.58 3.87 4.10 4.09 3.20 2.56 2.69 3.20 4.34 4.36 3.97 4.67 5.02 4.79 4.32 4.14 3.10 4.20 4.37
8.37 4.34 4.74 12.13 14.52 13.99 7.81 4.09 6.66 11.16 13.03 11.48 12.83 13.07 15.43 17.02 19.08 14.65 8.57 5.98 5.01 8.56 10.35 10.96 10.10 11.12 12.61 13.08 10.19 10.57 14.21 14.91 14.73 15.41 13.56 7.28 1.61 5.33 5.02 3.95 1.67 1.60 2.21 2.13 0.45 1.73 1.54 2.11 3.10 2.71 1.82 1.27 0.85 0.51 0.97 2.12 2.72 2.81 2.83 2.86 3.08 3.32 3.52 3.62 3.59 3.16 2.38 2.21 2.96 3.89 4.46 4.68 4.65 4.96 4.83 5.08 5.07 3.04 2.87 3.61 3.71
7.58 4.57 6.49 13.27 15.18 10.88 6.54 6.34 10.77 13.17 11.76 12.51 14.15 16.68 18.48 21.35 22.06 12.46 7.23 5.62 5.90 9.62 10.74 9.80 10.89 12.18 13.86 12.01 11.74 14.08 15.42 14.30 13.65 13.44 11.91 8.22 1.61 4.12 3.78 1.87 0.40 3.34 3.04 2.82 2.53 1.03 1.32 1.00 1.26 2.19 2.40 2.05 1.67 1.14 1.31 1.93 2.38 2.51 2.44 2.57 2.91 3.27 3.28 2.88 3.34 2.52 2.20 2.65 3.84 4.52 4.71 4.62 4.45 5.25 7.05 3.35 2.77 3.81 3.21 3.51 3.41
6.94 6.05 8.87 13.43 12.51 9.78 8.15 9.22 11.11 11.74 13.02 15.51 18.23 21.98 22.47 22.22 16.61 9.77 6.69 4.99 7.89 9.61 11.16 11.48 11.92 12.87 12.93 13.37 14.29 14.91 14.00 13.10 13.39 11.98 9.71 5.25 1.38 1.26 1.73 1.56 2.93 4.08 3.34 3.72 2.96 2.39 1.97 1.50 0.96 0.98 1.79 2.06 1.78 1.29 1.49 1.77 2.12 2.58 2.38 2.72 3.11 3.12 2.84 1.90 1.81 2.23 2.59 3.45 4.34 4.65 4.21 4.59 3.15 3.84 5.41 3.13 2.31 2.87 3.62 3.64 3.30
7.13 7.77 10.45 12.29 11.06 10.16 9.80 10.21 11.40 12.97 15.81 21.59 23.21 23.73 25.65 19.96 14.36 9.37 7.69 6.62 10.60 10.65 9.99 12.19 12.79 13.08 13.17 14.54 15.09 14.47 12.86 12.76 13.99 10.51 6.65 1.25 0.76 1.58 1.68 3.85 3.94 5.51 4.71 2.64 4.54 2.84 1.33 2.32 1.84 1.29 1.14 1.35 1.46 1.42 1.47 1.61 1.31 1.80 3.83 4.36 3.37 3.54 2.93 1.33 1.25 2.26 3.07 3.35 4.28 4.90 3.49 2.58 2.57 4.50 5.10 3.39 2.51 2.51 3.52 3.95 3.60
7.78 8.83 10.66 11.04 10.50 10.46 10.32 10.88 12.96 18.23 21.05 23.15 23.71 26.26 25.04 18.92 12.50 11.40 9.72 6.86 9.70 10.38 10.67 11.19 13.04 13.18 13.35 15.25 15.37 14.29 13.23 13.81 13.86 7.75 4.85 2.35 1.73 4.09 4.72 5.67 4.80 6.16 6.01 5.96 4.71 4.93 3.35 2.98 2.87 1.98 1.52 1.37 1.23 1.39 1.51 1.56 2.69 1.69 2.10 4.32 2.23 2.63 5.27 1.34 1.77 2.92 3.69 4.82 4.89 5.73 3.08 2.14 4.06 5.12 3.60 3.51 2.71 2.11 3.16 4.50 4.26
8.21 8.99 10.14 10.65 10.80 11.11 11.71 13.58 18.89 20.86 24.07 25.63 27.17 26.58 20.48 16.37 11.16 12.03 9.12 8.92 11.40 11.41 10.78 11.51 12.86 12.64 13.31 15.56 14.71 13.80 13.59 12.62 10.73 6.41 4.94 4.66 3.89 6.71 7.35 7.44 6.29 7.39 8.57 5.96 5.82 5.05 3.10 3.31 2.46 2.23 1.99 1.92 1.80 1.59 1.58 1.63 1.65 1.06 1.67 1.90 2.04 1.54 2.30 2.30 3.10 2.31 4.28 3.76 3.49 5.13 3.19 2.16 1.91 3.83 3.51 3.53 2.71 2.12 3.12 4.99 4.74
8.28 8.97 10.05 10.99 11.77 12.83 14.35 19.14 20.32 22.41 22.50 24.45 24.88 20.53 17.69 12.55 9.07 12.05 9.41 7.36 11.72 12.41 11.72 11.20 12.29 12.41 13.61 14.59 15.24 14.67 13.85 10.86 8.51 5.39 5.97 6.59 5.97 8.51 8.65 8.63 7.92 9.98 8.72 7.17 3.66 4.32 1.90 2.08 2.66 1.61 2.88 2.84 2.72 2.30 1.62 1.87 1.90 1.89 1.84 3.55 2.03 2.33 2.44 3.09 2.73 1.51 2.66 4.56 4.67 5.14 3.20 2.18 1.72 2.87 3.34 3.56 3.12 2.63 3.35 5.00 4.83
8.18 8.94 10.30 11.76 15.98 17.04 18.47 21.59 21.39 21.64 22.03 22.24 20.33 17.47 14.59 10.44 6.63 11.64 8.81 9.24 11.95 13.23 13.86 13.09 12.26 13.05 14.29 15.31 16.65 15.53 13.38 10.22 8.05 6.05 8.04 7.13 7.94 9.27 8.87 9.56 8.54 6.76 7.22 5.83 4.59 3.67 2.79 3.38 3.16 3.16 3.81 2.92 2.30 2.31 2.41 2.35 2.24 2.15 2.05 2.03 3.97 2.52 2.49 3.39 1.74 1.43 2.22 5.34 4.49 4.14 2.90 2.09 1.56 3.14 2.83 3.34 3.35 4.19 3.60 4.44 4.22
8.43 9.46 11.38 16.32 17.65 18.19 20.67 20.72 20.73 20.77 20.31 19.50 17.50 15.78 14.38 10.48 6.30 14.64 8.34 8.24 12.62 13.51 13.88 13.18 12.00 13.20 14.75 15.99 16.53 13.93 11.66 10.66 9.12 6.96 7.54 8.60 9.32 9.72 9.01 10.37 8.24 6.19 7.12 5.85 4.86 4.25 2.39 1.88 2.39 2.74 3.77 2.03 1.59 2.36 0.42 3.16 3.00 2.70 2.37 2.09 1.97 2.44 2.46 2.59 2.77 1.55 1.83 3.09 3.50 3.04 2.54 1.88 1.41 1.51 2.13 3.89 3.64 3.77 3.41 3.62 3.43
9.31 10.49 12.64 17.28 18.16 17.59 16.76 16.58 17.14 18.32 17.26 18.20 17.42 16.86 14.78 10.63 7.22 10.04 8.66 10.50 13.07 12.14 13.76 12.28 11.84 13.33 14.40 16.70 15.74 12.58 10.50 9.72 8.65 7.65 8.25 9.39 9.50 9.53 9.36 9.94 8.28 7.91 7.75 7.32 6.56 5.94 5.49 2.92 4.98 3.49 2.06 2.63 2.57 3.34 3.57 3.65 3.55 3.13 2.66 2.37 1.43 1.10 1.51 3.02 1.92 1.87 1.83 2.88 3.75 3.78 2.50 1.79 1.48 1.36 1.56 2.49 4.13 3.93 3.64 3.65 3.52
9.73 10.73 12.99 17.16 16.42 14.45 14.24 14.81 15.97 17.64 16.74 16.22 16.09 17.04 14.36 9.86 6.86 8.16 8.14 12.30 12.31 11.95 11.64 12.64 12.34 13.70 15.27 17.20 15.11 12.02 11.37 9.76 9.42 9.22 8.98 9.81 10.32 9.72 9.48 9.86 10.04 10.99 6.26 8.65 8.23 7.30 6.05 5.38 5.09 4.00 3.68 4.08 4.14 4.16 3.76 3.32 3.03 3.21 3.12 1.45 2.08 1.51 1.66 2.25 3.04 2.34 1.99 2.52 3.62 3.78 3.64 1.92 1.57 1.49 1.49 2.20 3.28 3.52 3.44 3.60 3.52
9.75 11.02 13.73 17.35 15.63 13.57 13.37 14.66 16.07 17.26 17.20 16.54 16.80 16.97 13.88 9.82 8.46 8.65 9.01 12.59 13.11 11.87 13.37 12.91 13.81 14.41 17.65 17.26 13.70 12.57 13.78 10.73 10.56 9.80 9.59 11.31 10.48 9.80 9.36 10.43 10.87 9.66 7.70 8.65 7.48 7.19 5.46 5.88 5.55 5.15 5.45 5.16 4.93 0.56 4.07 3.62 3.46 3.63 3.79 3.60 2.00 3.07 2.88 2.71 2.64 2.37 1.93 2.08 3.04 3.71 3.01 2.27 1.67 1.59 1.65 2.12 5.36 2.90 2.83 4.80 3.02
10.13 11.93 14.62 15.39 15.34 13.24 13.40 15.01 16.25 16.71 17.43 16.92 17.19 15.47 13.51 10.59 10.96 11.22 10.24 12.23 13.02 12.55 14.45 14.52 14.39 15.42 18.18 16.13 12.57 14.02 14.39 11.65 13.51 12.94 10.33 10.93 10.59 9.65 9.36 11.07 10.11 8.56 7.81 5.99 7.77 8.11 7.35 5.65 6.27 5.76 5.57 5.55 4.07 1.03 1.02 4.64 4.50 4.10 4.01 3.95 3.85 0.62 3.15 2.48 2.15 2.22 2.15 2.18 3.31 3.42 3.34 2.71 1.73 1.44 1.64 3.59 4.97 2.70 2.73 2.87 2.67
