examples/cougarCreek-fire/createInputs/WindNinja/wrfout_d3.2015081012.f14/cougarCreekFire_08-11-2015_0200_217m_non_neutral_stability_vel.asc
ncols	146
nrows	140
xllcorner	610065.000000
yllcorner	5095217.000000
cellsize	216.586807
NODATA_value	-9999.000000
[rows 0 to 35 of 140, columns 0 to 80 of 146]
6.67 7.16 7.80 7.76 7.68 7.96 8.20 8.33 8.33 9.70 7.95 7.83 7.69 7.56 7.74 7.99 8.01 8.17 8.43 8.58 8.77 10.44 9.39 8.83 8.10 8.58 9.27 9.42 9.48 9.45 9.37 9.51 9.87 10.12 10.33 10.63 10.92 8.43 10.33 11.37 10.68 10.88 12.01 11.31 12.10 12.59 13.32 13.42 13.29 12.96 12.75 12.67 12.99 13.44 13.25 11.86 11.16 12.57 13.87 13.89 13.48 13.68 14.26 14.68 14.93 14.74 14.98 16.23 16.74 15.01 12.43 12.59 14.25 14.96 15.68 14.76 11.45 12.49 14.87 14.81 15.02
6.67 7.16 7.80 7.76 7.68 7.96 8.20 8.33 8.33 9.70 7.95 7.83 7.69 7.56 7.74 7.99 8.01 8.17 8.43 8.58 8.77 10.44 9.39 8.83 8.10 8.58 9.27 9.42 9.48 9.45 9.37 9.51 9.87 10.12 10.33 10.63 10.92 8.43 10.33 11.37 10.68 10.88 12.01 11.31 12.10 12.59 13.32 13.42 13.29 12.96 12.75 12.67 12.99 13.44 13.25 11.86 11.16 12.57 13.87 13.89 13.48 13.68 14.26 14.68 14.93 14.74 14.98 16.23 16.74 15.01 12.43 12.59 14.25 14.96 15.68 14.76 11.45 12.49 14.87 14.81 15.02
6.36 6.86 7.72 7.86 7.67 7.85 8.08 8.28 8.46 8.43 8.27 8.12 7.84 7.58 7.68 7.93 7.95 8.09 8.36 8.58 8.84 10.76 9.91 9.00 7.92 8.44 9.35 9.60 9.58 9.42 9.31 9.46 9.94 10.29 10.49 10.87 11.25 11.35 11.27 11.45 11.79 11.88 12.15 12.70 13.17 13.35 13.28 13.43 13.23 12.53 12.07 12.22 13.05 13.57 12.54 10.49 10.50 12.95 14.64 14.37 13.66 13.83 14.51 14.85 14.77 14.55 15.39 16.62 15.54 12.18 10.24 12.33 15.05 16.03 15.98 13.04 9.54 11.71 14.95 15.40 15.63
5.96 6.40 7.41 7.79 7.59 7.66 7.83 8.05 8.43 8.69 8.75 8.67 8.20 7.64 7.58 7.72 7.76 7.96 8.26 8.59 9.02 11.01 10.50 9.55 8.13 8.40 9.25 9.69 9.69 9.38 9.29 9.40 9.95 10.51 10.75 11.17 11.65 11.80 11.65 11.69 11.96 12.11 12.47 12.90 13.37 13.57 13.33 13.49 12.99 11.35 10.20 11.03 12.99 13.41 11.16 9.02 10.35 13.87 15.42 14.91 14.31 14.26 14.92 15.04 14.54 14.78 16.01 15.72 12.04 8.34 9.00 13.19 16.51 17.19 15.07 9.95 7.53 11.39 15.39 16.42 16.53
6.00 6.36 7.25 7.72 7.62 7.61 7.72 9.09 9.58 9.70 8.92 9.08 8.73 7.94 7.56 7.57 7.60 7.96 8.39 8.62 10.13 11.01 11.29 10.14 9.15 8.76 8.98 9.55 9.76 9.46 9.39 9.37 9.91 10.68 10.96 11.35 11.90 12.29 12.29 12.12 12.17 12.52 12.83 12.93 13.44 13.81 13.76 13.80 12.55 9.57 7.74 9.65 12.83 12.52 10.89 9.64 11.71 14.62 15.32 15.17 15.10 14.73 15.00 14.72 14.55 15.57 15.61 12.72 8.75 7.90 10.99 14.72 16.68 16.43 12.90 8.32 8.04 12.22 15.79 16.69 16.86
6.04 6.34 7.14 7.73 7.80 7.73 7.73 7.92 8.15 9.38 9.90 9.80 9.18 8.49 7.73 7.52 7.47 7.88 9.18 8.67 9.94 10.80 11.34 10.57 10.09 9.22 8.94 9.55 9.84 9.54 9.34 9.29 10.01 10.80 11.05 11.60 12.20 12.70 12.83 12.67 12.73 13.14 13.17 12.94 13.37 13.91 14.15 13.76 11.21 7.22 5.76 8.64 12.35 13.09 11.81 11.57 13.14 14.85 15.31 15.40 15.32 14.88 14.62 14.18 14.95 15.86 12.96 10.03 7.95 9.95 13.26 14.93 15.61 14.66 11.19 8.59 9.79 13.44 16.01 16.40 16.93
6.21 6.36 6.92 7.61 7.96 7.94 7.83 8.93 9.26 9.15 9.77 10.12 9.53 8.94 8.20 7.66 7.52 7.80 9.14 9.72 9.94 10.42 11.00 11.25 10.64 9.49 9.23 9.73 9.83 9.27 9.03 9.34 10.31 10.82 11.09 11.93 12.58 13.02 13.37 13.16 13.50 13.90 13.35 12.96 12.85 12.88 13.25 12.30 9.62 5.80 5.24 8.15 11.25 13.09 13.26 13.56 14.19 14.95 15.29 15.27 15.13 13.70 13.12 14.15 15.24 13.95 12.17 9.34 9.54 12.43 13.94 13.98 14.05 13.00 10.84 10.21 11.80 14.17 15.63 15.85 16.65
6.56 6.63 6.94 7.48 7.99 8.10 7.95 8.89 9.50 9.70 9.80 10.18 9.84 8.82 8.05 7.96 7.76 7.87 8.55 9.63 9.96 10.24 10.75 11.41 11.17 10.10 9.53 9.67 9.65 9.08 8.74 9.50 10.50 10.83 11.24 12.33 13.01 13.42 13.82 14.11 14.54 14.56 14.01 13.10 11.69 10.88 11.84 11.91 9.27 6.09 5.55 7.26 11.19 13.61 14.68 14.79 14.77 15.00 15.10 14.97 13.72 13.40 13.82 14.42 14.80 12.62 11.53 10.41 11.71 13.15 12.73 12.48 12.98 12.62 11.94 11.95 12.72 14.18 15.25 15.54 16.06
6.88 6.97 7.21 7.59 8.11 8.45 8.35 8.41 9.00 9.45 9.59 9.90 9.99 9.26 8.39 8.22 7.56 7.86 8.40 9.67 9.95 10.13 13.81 14.47 11.70 10.88 10.07 9.70 9.28 8.50 8.14 9.43 10.48 11.02 11.64 13.04 13.52 14.04 14.80 15.42 15.47 15.01 14.59 13.25 10.34 8.77 10.29 11.24 9.33 6.86 5.51 7.39 10.50 13.62 14.88 15.43 15.20 15.12 13.84 14.59 13.40 14.12 14.05 14.26 12.91 11.88 11.09 11.75 12.60 12.42 11.46 11.92 13.16 13.32 12.81 12.43 12.85 14.30 15.02 14.96 15.01
7.16 7.11 7.27 7.64 8.07 9.20 9.20 8.95 8.92 9.07 9.29 9.54 11.51 9.63 8.72 8.02 7.69 7.62 8.35 12.44 13.07 9.95 10.45 11.48 14.84 11.78 10.76 9.89 8.98 7.93 7.42 9.16 10.88 11.30 12.31 13.48 14.12 15.03 16.11 16.64 15.98 14.94 14.38 12.42 8.60 6.84 9.14 10.72 9.74 7.35 6.21 7.50 11.22 14.60 16.38 16.01 15.46 15.05 13.80 14.20 14.21 14.28 14.06 12.72 12.19 11.92 11.66 11.66 12.44 11.70 11.28 12.36 13.60 13.64 12.84 12.48 13.50 14.81 14.46 13.91 14.06
6.56 7.47 7.38 7.59 7.93 8.25 9.60 9.63 9.51 9.46 9.44 9.47 9.56 11.17 9.01 8.55 8.10 8.06 8.23 9.29 12.99 11.94 10.22 11.20 16.25 12.60 10.66 9.57 8.96 6.76 6.36 8.99 11.55 11.94 12.86 13.95 14.92 16.48 17.77 18.12 16.86 14.40 12.37 9.43 7.86 6.61 8.72 10.14 9.50 7.49 6.83 8.91 12.74 16.41 17.05 16.40 15.38 14.32 14.28 14.15 14.39 13.78 12.60 12.16 12.19 12.32 11.88 11.53 12.13 11.57 11.85 12.91 13.53 13.50 12.90 13.04 14.44 14.75 13.07 12.65 13.51
8.10 8.07 7.16 7.54 8.02 8.66 8.52 9.84 9.82 10.67 10.74 9.60 9.39 9.54 9.22 8.99 8.77 7.83 8.51 9.06 12.58 12.01 12.45 10.87 12.50 14.61 11.44 10.35 9.03 5.47 5.05 8.83 11.96 12.60 13.43 14.48 15.91 17.95 19.40 19.60 17.89 14.11 10.33 8.15 7.33 7.87 9.42 9.59 7.75 6.70 7.73 10.78 15.18 17.44 17.65 15.94 14.58 13.86 13.60 14.29 14.36 12.41 12.13 12.16 12.48 13.32 12.67 12.27 12.00 11.66 12.19 12.98 13.29 13.41 13.19 13.77 14.69 13.59 11.41 11.93 13.29
8.30 8.45 8.68 8.09 8.17 8.48 8.38 9.77 10.14 10.14 11.37 11.03 10.36 9.47 9.25 9.01 8.30 7.98 8.82 9.11 12.02 12.04 12.07 14.51 12.30 17.28 11.84 11.18 8.56 4.47 4.19 8.68 12.22 13.23 14.02 15.24 16.81 18.72 20.58 20.67 19.75 14.47 8.74 6.47 7.22 8.63 10.16 8.61 5.92 6.33 9.42 13.28 16.88 18.42 17.69 15.52 13.69 12.73 12.88 14.17 12.80 12.26 11.75 13.66 13.85 13.30 12.67 12.29 11.94 11.67 12.16 12.95 13.23 13.25 13.46 14.39 14.14 11.87 10.44 11.91 13.15
8.39 8.49 8.75 8.83 8.72 8.83 8.34 8.36 9.94 10.35 10.47 11.81 11.80 10.67 9.76 9.26 8.49 7.93 8.43 10.78 11.87 12.43 11.88 13.24 16.92 17.35 12.46 11.40 7.36 4.11 4.10 8.61 12.54 14.09 15.62 17.46 18.21 19.71 23.50 24.71 20.17 12.96 5.97 4.19 4.37 8.04 10.27 7.63 4.96 6.91 11.42 15.60 18.09 19.05 17.70 15.20 12.27 10.73 11.65 13.00 12.65 12.16 12.96 14.15 13.96 13.38 13.00 12.44 11.92 11.66 12.02 12.71 12.99 13.08 13.80 14.55 13.03 10.43 10.29 12.18 12.95
8.61 8.62 8.67 8.71 8.74 8.65 8.42 8.14 8.18 9.90 10.44 10.30 10.20 12.75 12.00 9.85 8.29 7.66 8.61 9.89 10.32 11.53 11.20 11.54 15.30 16.84 13.29 11.23 6.63 3.92 4.42 8.92 13.50 14.76 16.16 17.99 18.59 20.32 24.92 27.02 19.64 10.65 4.07 1.88 3.67 7.31 8.21 6.64 5.30 8.56 13.64 17.12 18.20 18.62 17.57 14.67 11.11 9.26 10.44 13.12 13.84 13.04 13.71 14.34 13.34 13.27 13.14 12.66 12.12 11.45 11.26 11.91 12.77 13.34 13.90 13.86 11.98 10.09 10.73 12.35 12.79
9.19 9.15 8.96 8.70 8.76 8.80 8.93 8.61 8.66 9.27 9.94 10.08 12.04 12.28 13.35 12.52 9.21 8.24 9.19 10.45 10.19 11.25 11.05 10.24 13.77 16.20 13.91 10.85 6.26 3.67 3.65 10.11 13.47 14.50 16.27 17.26 19.15 21.91 24.91 24.61 17.92 10.24 4.47 2.20 4.66 7.41 7.26 5.88 6.58 9.84 15.56 17.25 16.73 17.32 17.44 13.77 9.38 7.67 9.66 13.00 14.06 13.55 13.96 14.14 14.25 14.10 13.16 12.84 12.08 10.07 9.42 11.24 13.12 13.84 13.68 12.96 11.65 10.85 11.31 12.21 12.62
9.55 9.55 9.37 8.89 8.72 8.85 8.84 8.91 8.63 8.76 9.37 9.85 11.12 10.91 12.55 14.20 13.89 10.47 11.24 12.15 11.22 12.05 11.19 10.89 11.64 15.32 13.62 9.88 6.69 4.04 4.85 11.06 12.67 13.47 15.18 16.35 19.22 22.97 25.06 22.10 16.42 10.39 5.54 4.20 5.09 5.69 5.28 5.44 8.16 12.01 15.50 14.58 16.46 16.51 16.12 12.83 7.78 7.52 10.29 12.56 14.33 14.73 15.14 14.64 14.34 13.00 12.72 11.92 10.42 7.22 7.80 11.48 13.79 14.01 13.34 12.32 11.53 11.38 11.48 11.82 12.26
9.66 9.61 9.48 9.13 8.73 8.60 9.63 9.21 8.70 9.45 9.02 9.65 11.97 10.65 12.08 12.73 13.56 13.77 13.36 14.24 13.94 14.47 12.83 10.39 10.92 14.40 12.53 8.13 6.36 5.10 6.94 10.47 11.54 12.80 13.38 15.55 19.29 23.70 25.45 21.96 15.58 10.64 7.17 5.89 5.76 3.28 3.00 5.40 8.53 11.84 11.92 13.83 15.65 16.01 15.06 11.31 7.25 7.70 10.48 12.07 14.58 15.50 15.21 14.41 13.02 11.46 10.65 9.22 7.93 5.40 7.93 12.33 14.16 13.88 13.08 11.80 11.06 11.22 11.38 11.45 11.84
9.88 9.69 9.45 9.28 8.92 8.54 8.62 9.18 9.26 8.79 8.66 9.19 12.68 12.03 11.23 11.43 12.28 12.90 12.85 13.80 14.09 13.97 15.08 11.59 11.79 13.29 10.96 8.13 5.90 5.53 8.64 9.82 10.03 11.27 12.16 15.79 20.21 24.09 25.03 21.66 15.45 11.52 8.83 6.31 4.99 4.11 3.93 5.48 8.23 11.24 11.23 12.74 15.76 17.42 15.84 10.83 8.36 9.88 10.37 11.97 14.90 14.93 14.76 13.95 12.31 8.73 7.59 7.47 6.64 5.80 9.50 13.12 14.04 13.91 12.95 10.93 10.18 10.90 11.25 11.17 11.49
10.10 9.75 9.42 9.34 9.10 8.73 9.07 9.22 9.52 8.90 8.62 11.02 11.78 11.87 10.99 9.82 10.31 11.92 11.98 13.18 13.57 11.91 14.53 14.30 13.91 12.87 9.98 7.67 6.40 8.04 9.58 10.00 7.98 7.39 10.84 16.97 20.74 24.72 24.90 21.47 16.96 14.34 10.76 7.24 5.90 5.36 5.18 5.88 6.70 8.54 10.07 12.72 15.30 15.53 12.81 11.17 11.27 10.04 9.22 11.63 14.27 13.97 13.84 13.38 10.42 5.97 4.94 6.09 6.36 7.68 11.01 13.07 13.59 13.87 12.33 9.45 9.27 10.83 11.13 10.91 11.18
10.21 9.83 9.45 9.58 9.17 8.97 9.02 9.14 8.82 9.07 8.68 10.77 9.22 11.14 12.47 11.40 9.81 10.77 10.72 12.24 12.46 10.29 13.86 15.58 16.83 13.39 10.34 8.55 7.12 9.03 10.05 10.41 7.55 3.28 8.30 18.45 20.89 23.94 24.75 19.54 19.84 16.49 10.69 6.79 4.57 3.94 3.71 3.95 5.25 4.60 10.32 12.08 15.04 14.67 14.15 13.98 11.91 8.70 8.13 11.12 12.92 12.30 12.59 12.55 8.54 4.09 3.32 4.68 6.68 9.23 11.61 12.61 13.03 13.24 11.06 8.20 9.08 11.01 10.98 10.56 10.84
9.92 9.83 9.62 9.58 9.10 9.05 9.10 9.13 8.89 9.07 10.06 10.71 8.25 8.67 11.71 8.48 12.86 12.86 12.25 12.36 12.73 10.48 12.84 14.12 15.19 13.96 11.39 9.59 8.28 9.03 10.21 11.28 6.10 2.25 5.83 16.75 21.56 24.07 23.29 22.49 21.45 13.90 6.02 4.29 2.41 7.40 0.50 1.66 0.81 3.69 11.03 13.34 15.23 14.69 14.85 14.28 10.50 7.04 6.89 10.47 10.90 10.30 10.69 11.51 6.97 3.35 3.10 4.29 6.72 9.95 12.02 12.18 12.10 12.08 10.07 8.33 9.68 10.88 10.36 9.95 10.37
9.22 9.38 9.43 9.36 9.43 9.29 9.23 9.19 8.96 9.42 9.98 11.21 9.77 6.31 10.34 7.52 12.33 8.08 13.41 12.25 12.40 12.16 12.68 13.71 15.68 14.39 12.34 11.28 9.50 8.86 10.58 11.62 4.29 7.31 4.73 15.99 22.77 25.33 23.97 24.30 18.53 7.61 0.67 2.33 3.53 3.24 3.34 3.99 2.82 4.78 10.38 14.19 14.31 14.85 15.00 12.53 8.51 5.66 5.93 8.87 9.40 9.00 10.85 10.00 6.09 3.70 3.73 4.60 7.10 10.77 12.21 11.06 10.79 11.14 10.10 9.50 10.29 9.93 9.13 9.22 9.96
8.77 8.89 8.92 8.88 8.80 8.62 9.08 8.95 10.54 9.39 9.41 11.14 11.02 7.51 9.14 10.25 11.57 12.19 12.48 11.81 10.89 11.34 11.81 13.26 16.07 17.29 12.71 11.20 9.98 10.03 12.35 11.65 4.21 7.05 4.93 13.98 21.91 24.47 25.51 23.11 12.65 3.14 2.33 3.95 5.54 5.60 8.91 5.09 2.25 6.21 11.16 13.76 14.90 15.83 13.95 10.75 6.83 4.97 5.31 5.98 7.11 8.29 10.17 8.99 5.89 4.40 3.99 5.23 8.40 11.30 10.91 9.14 9.81 10.90 10.56 10.36 9.89 8.13 7.52 8.56 9.70
8.43 8.56 8.59 8.43 8.30 8.18 8.86 8.69 8.68 9.99 8.92 10.28 11.05 9.10 8.47 10.01 11.24 11.98 12.31 12.57 12.08 10.96 10.31 12.33 14.89 18.29 13.90 11.06 8.44 11.70 16.45 12.72 5.73 6.99 8.77 12.27 19.91 22.55 24.86 21.01 9.30 3.31 4.34 5.86 7.61 8.61 7.15 2.69 3.78 8.50 11.78 13.49 14.19 14.40 11.35 8.70 5.79 4.53 4.70 5.01 5.34 7.78 10.42 8.22 5.55 3.79 3.93 6.67 9.83 10.72 8.71 7.67 9.53 10.92 10.67 10.13 8.09 5.62 5.88 8.08 9.53
8.04 8.23 8.38 8.25 8.05 7.80 8.47 8.39 8.36 10.68 9.07 9.83 10.81 10.79 8.91 9.62 10.94 11.83 12.11 12.63 12.90 11.66 10.48 11.79 13.68 17.17 14.82 9.64 9.11 16.46 18.62 12.67 8.10 8.26 10.82 12.71 17.65 19.55 25.27 18.79 7.32 5.12 6.34 9.64 8.30 4.97 5.09 1.63 2.91 7.55 11.03 13.73 12.18 12.13 9.54 7.55 4.78 4.03 4.24 3.74 4.34 7.53 9.43 6.77 4.13 2.95 5.75 9.18 10.36 9.26 7.36 7.24 9.51 10.74 10.06 8.49 5.42 3.47 5.06 7.96 9.44
7.66 7.84 8.08 8.03 8.59 8.19 8.30 8.18 11.33 11.29 9.97 10.16 10.30 10.63 10.24 9.34 10.57 11.44 11.54 12.22 12.65 11.77 11.32 12.46 13.33 16.49 13.37 7.98 10.23 19.25 16.45 8.41 7.03 7.77 9.94 15.21 17.94 19.31 21.18 14.62 7.01 7.39 13.58 7.24 9.74 5.48 4.50 1.71 3.40 7.57 10.69 11.82 10.69 10.54 8.67 7.77 4.78 3.36 3.84 3.98 4.55 6.81 8.68 5.80 3.33 3.61 7.38 9.07 7.73 6.76 6.00 6.41 8.75 9.66 8.00 5.65 3.55 3.28 5.47 8.12 9.37
7.41 7.46 7.62 7.61 8.55 8.27 8.06 7.92 11.46 11.99 10.50 10.07 9.86 10.27 11.48 10.73 11.21 11.58 11.22 12.01 12.28 11.72 11.71 12.82 14.02 15.58 12.74 10.00 12.17 17.40 13.10 5.90 7.24 5.91 7.11 16.23 17.41 20.20 13.81 15.57 11.88 13.49 13.36 10.90 7.94 6.61 4.45 2.03 3.47 7.55 9.77 10.69 8.89 9.76 8.59 7.68 4.72 3.00 3.47 3.81 4.41 5.81 5.57 5.66 3.68 4.64 7.28 7.72 6.18 5.12 4.63 5.29 7.28 7.64 5.26 3.71 3.77 4.90 6.75 8.47 9.19
7.37 7.31 7.26 7.22 7.14 8.03 7.83 7.50 7.27 11.34 10.61 9.71 9.29 9.73 11.53 11.26 11.22 11.72 11.45 12.10 12.48 11.94 11.90 13.05 14.06 15.19 15.42 10.30 14.20 15.47 10.19 7.00 8.53 8.65 10.61 14.67 16.48 14.24 12.17 11.32 9.54 9.25 8.74 8.15 6.59 5.47 4.84 1.46 3.47 6.09 8.57 9.03 7.94 9.55 9.50 5.97 3.42 3.27 3.34 3.83 3.63 4.10 5.00 4.90 4.57 5.39 6.36 6.44 5.58 4.23 3.61 4.32 5.88 5.67 3.61 3.62 5.24 6.36 7.40 8.33 8.70
7.32 7.20 7.02 6.88 6.81 7.69 7.71 10.69 9.35 10.24 10.27 9.47 8.96 8.22 10.10 11.14 11.16 11.52 11.54 12.12 12.61 11.98 12.02 12.53 13.61 14.32 14.94 15.28 14.36 13.67 9.22 8.70 8.92 9.64 10.45 11.22 10.67 9.36 9.17 9.05 8.73 8.47 7.82 8.44 7.41 5.41 4.97 7.18 3.09 4.72 6.91 7.44 7.27 7.35 7.67 3.94 1.87 2.76 3.35 3.27 2.99 3.15 3.99 4.61 4.64 4.66 4.66 4.59 4.12 3.40 3.27 4.00 5.09 4.46 3.43 4.36 5.77 6.32 6.86 7.43 7.69
7.28 7.06 6.82 6.67 6.53 7.31 7.27 7.26 10.90 10.75 11.21 10.13 9.67 8.77 8.88 10.91 11.16 10.65 10.89 11.30 11.87 11.13 11.92 11.79 12.58 13.44 14.23 15.32 12.84 12.21 8.69 8.66 9.25 8.99 8.03 7.20 7.02 7.62 7.86 7.68 7.94 8.41 8.33 8.71 7.79 6.46 6.36 1.21 2.58 3.81 5.45 7.14 7.28 7.15 5.75 3.25 2.10 2.84 4.15 2.65 2.52 2.77 3.42 3.93 3.81 3.55 3.50 3.55 3.30 3.07 3.03 3.86 4.20 3.49 3.30 4.23 5.20 5.70 6.25 6.70 6.87
7.31 6.98 6.59 6.45 6.36 6.99 6.97 6.94 10.86 10.75 10.71 11.04 10.78 10.40 9.27 10.85 11.68 11.39 11.11 11.23 10.94 9.11 10.85 11.36 12.28 13.29 14.04 14.91 12.78 10.90 9.84 7.10 8.60 5.82 6.72 6.92 7.30 7.10 6.30 6.99 7.50 7.82 8.16 7.75 6.96 6.27 6.31 3.77 3.79 4.87 5.74 6.41 6.20 4.95 4.06 3.01 1.93 1.94 2.82 7.23 8.42 2.80 3.12 3.54 3.49 3.06 3.05 3.18 2.96 2.77 2.90 3.10 2.99 2.77 2.81 3.40 4.32 5.07 5.63 6.09 6.17
7.26 7.00 6.45 6.11 6.11 6.68 6.65 6.52 10.48 10.46 10.32 10.27 10.34 9.83 9.74 10.81 11.74 12.35 12.45 12.41 11.90 10.33 9.91 9.65 11.84 13.39 14.52 15.17 13.85 9.55 11.36 8.58 6.29 6.73 3.25 6.91 6.86 6.82 6.19 6.97 6.64 6.82 7.10 6.65 6.27 5.43 4.46 4.77 4.83 5.51 6.52 6.98 6.02 4.04 3.32 3.56 4.23 4.40 6.71 6.93 7.19 7.54 7.69 2.97 3.27 3.16 2.89 2.90 2.76 2.38 2.36 2.39 2.33 2.42 2.27 2.65 3.67 4.40 4.97 5.39 5.07
6.95 6.99 6.46 6.04 6.28 6.35 6.34 6.32 10.10 10.26 10.03 10.07 9.42 9.56 10.07 10.63 11.58 11.80 12.31 12.81 13.34 13.00 12.41 11.58 11.26 11.94 13.73 14.61 14.26 10.13 11.42 9.53 6.65 7.58 5.70 6.18 6.96 5.97 5.53 5.29 5.83 6.36 6.32 5.59 5.07 2.74 3.60 3.33 3.37 3.86 4.44 5.09 5.86 6.20 6.46 6.75 6.81 6.29 5.21 4.51 4.48 7.05 7.14 3.97 4.13 4.43 2.11 2.18 2.14 1.71 4.49 1.60 2.03 2.21 2.42 3.08 3.80 4.22 4.52 4.65 4.08
6.44 6.64 6.74 6.19 6.13 6.16 6.11 9.43 9.82 9.83 10.43 10.67 10.26 9.87 9.72 10.51 11.38 11.69 12.00 12.25 12.57 13.29 13.69 13.95 13.53 11.53 11.94 13.68 13.67 9.77 10.89 7.42 5.92 7.73 7.19 6.62 6.08 5.71 6.49 6.57 6.11 5.38 5.36 4.78 5.30 4.36 3.95 1.51 1.55 1.88 1.52 1.52 3.82 5.74 6.76 7.54 7.73 7.02 5.70 4.50 3.97 3.91 6.76 7.08 6.51 6.48 7.08 4.74 1.70 1.35 1.02 1.55 2.08 7.45 2.59 3.03 3.46 3.74 3.86 3.97 3.81
6.15 6.29 6.44 6.22 6.30 6.06 5.90 5.79 9.71 9.68 9.87 9.28 10.66 10.93 10.35 10.22 10.64 10.90 11.10 11.63 12.82 13.21 13.41 13.55 13.68 12.72 13.65 13.47 12.91 9.63 8.69 3.85 4.79 9.98 7.96 6.08 6.72 7.23 6.91 7.02 6.72 5.47 5.31 5.33 4.39 4.60 5.22 5.23 0.58 1.06 0.78 0.89 2.15 4.06 5.47 6.41 6.75 6.67 6.06 6.98 6.62 6.88 4.33 4.08 2.48 2.05 1.58 1.35 1.26 1.10 1.00 1.06 4.23 1.42 1.67 1.74 2.06 2.51 2.90 3.38 3.83
