examples/cougarCreek-fire/createInputs/WindNinja/wrfout_d3.2015081012.f14/cougarCreekFire_08-11-2015_0200_217m_non_neutral_stability_ang.asc
ncols	146
nrows	140
xllcorner	610065.000000
yllcorner	5095217.000000
cellsize	216.586807
NODATA_value	-9999.000000
[rows 84 to 125 of 140, columns 0 to 94 of 146]
300 300 300 302 302 303 303 292 293 295 310 311 302 323 322 317 307 312 311 299 308 324 346 335 316 297 308 297 297 305 298 297 312 314 298 315 297 310 303 309 311 321 329 322 311 308 308 306 290 305 310 314 300 305 284 290 305 307 297 304 290 296 298 308 322 323 299 292 290 303 313 315 304 280 282 288 284 280 279 281 273 251 237 237 241 242 239 239 241 242 240 239 246 246 239
299 300 300 301 302 303 303 292 294 296 310 303 315 316 318 314 312 301 301 300 316 332 343 323 312 296 296 295 297 308 300 294 310 313 297 298 296 301 309 306 308 322 339 324 306 304 306 305 302 304 309 310 311 317 312 307 306 305 303 302 301 295 302 294 311 308 290 305 294 292 297 316 316 291 291 281 276 280 279 280 278 241 231 237 243 225 244 243 243 242 240 241 243 243 245
299 299 300 301 302 303 303 303 293 307 308 303 319 309 314 310 299 298 295 300 322 344 337 304 309 296 307 295 297 297 297 300 295 312 298 299 293 292 308 303 297 312 338 320 302 301 304 304 303 303 303 305 314 319 314 309 307 305 303 301 301 300 299 300 309 307 295 297 294 290 285 298 303 298 295 291 285 290 290 282 268 230 230 238 244 246 246 244 244 243 243 243 241 238 238
299 299 300 301 302 303 303 303 304 305 305 303 317 305 298 296 294 298 293 302 324 346 327 313 296 296 306 295 305 293 309 301 310 311 312 310 307 307 287 281 292 293 312 310 302 302 304 304 303 300 299 302 313 315 310 307 306 305 302 300 300 299 298 301 303 304 297 300 298 303 292 269 274 272 275 287 288 287 285 287 259 220 236 246 251 251 249 247 246 245 244 244 241 238 239
299 299 300 301 301 302 291 303 303 304 303 299 314 305 294 292 291 294 290 309 331 336 319 311 296 307 305 305 306 308 298 295 296 310 311 292 305 304 283 295 292 297 307 308 304 303 304 303 301 299 299 304 309 312 308 305 304 303 301 299 299 298 299 300 292 297 299 295 296 290 284 242 255 260 267 280 289 291 291 286 255 229 249 257 257 255 253 251 248 246 245 245 242 241 241
299 299 299 300 300 301 290 302 302 302 301 293 312 309 292 289 287 290 290 309 331 325 316 299 309 308 307 306 307 309 309 298 295 308 309 308 305 303 283 298 300 306 311 310 305 303 302 301 300 300 301 304 305 305 307 304 303 302 300 299 298 298 298 285 293 292 293 291 297 305 270 235 240 249 267 276 277 282 284 280 236 244 262 265 262 258 256 255 252 250 248 247 244 242 241
299 298 298 300 300 300 301 301 301 300 299 291 310 308 292 290 287 286 284 310 326 320 314 312 310 308 307 307 298 297 297 295 295 308 309 308 304 303 302 302 305 309 312 311 306 303 302 301 300 299 300 301 304 300 305 303 301 300 299 297 296 284 296 282 282 282 287 286 292 297 259 245 266 272 263 269 271 268 273 275 230 252 264 267 265 262 260 258 256 254 252 233 245 232 242
298 298 298 300 300 300 300 300 301 300 288 291 308 299 294 302 287 298 300 312 321 318 301 311 310 307 298 297 296 296 294 295 295 307 307 306 303 302 302 303 305 307 308 307 291 304 303 301 300 299 299 299 301 298 302 301 299 298 297 295 294 282 281 283 277 287 275 277 286 283 269 259 272 273 275 267 268 273 260 274 262 254 258 266 265 264 262 260 259 259 257 252 247 235 244
297 297 298 299 299 300 299 299 299 300 287 292 302 296 294 292 289 291 304 313 319 317 313 312 310 307 296 297 296 295 296 306 305 303 303 304 287 301 290 292 303 305 296 304 305 304 302 300 299 299 299 298 299 299 299 299 298 296 295 293 292 291 281 284 276 284 280 263 274 278 283 269 277 275 263 265 263 260 258 275 289 263 266 254 265 254 255 251 260 261 261 256 250 249 247
297 297 297 299 299 299 299 298 298 299 299 291 305 295 305 293 291 291 307 313 317 316 302 312 309 296 297 297 297 293 296 305 304 304 304 292 303 302 301 301 303 306 305 304 305 303 301 300 299 298 298 298 298 295 297 291 297 287 294 293 291 289 281 284 279 282 278 258 269 282 291 275 281 277 264 262 260 269 265 274 285 276 266 267 266 253 263 248 259 260 252 258 255 255 250
298 297 296 292 298 298 298 297 297 299 300 302 293 304 305 305 293 293 307 311 314 314 312 299 308 296 296 294 295 293 290 296 291 292 294 305 304 305 304 304 306 308 306 304 303 302 300 300 299 298 297 297 298 297 297 294 293 294 287 293 291 289 279 284 285 278 267 274 265 281 293 281 284 279 265 259 256 256 263 266 275 276 272 268 267 265 263 260 248 247 255 255 258 258 254
298 297 296 297 297 298 298 297 298 299 300 302 303 293 304 295 293 305 306 309 311 311 310 309 307 305 294 296 305 305 305 292 293 296 306 305 306 307 306 297 308 309 306 304 303 301 300 299 298 297 297 297 297 297 300 300 298 297 294 286 291 289 281 286 286 286 281 273 276 283 290 284 272 268 263 271 268 266 258 264 270 275 276 272 268 260 262 260 259 256 253 253 256 258 257
297 297 295 295 296 297 297 298 298 298 300 301 302 292 294 294 306 306 295 308 309 297 308 308 306 296 294 295 293 296 306 293 306 306 306 306 306 306 296 304 307 308 307 305 303 300 299 299 298 297 297 296 296 296 296 296 296 295 294 293 287 281 283 281 283 286 286 285 285 286 286 280 276 271 264 258 267 264 248 261 270 278 282 274 268 264 252 260 253 256 254 253 253 257 257
296 298 297 295 296 295 297 298 297 297 299 300 301 291 303 305 306 294 306 308 308 307 308 308 307 295 295 293 306 307 307 307 307 307 307 306 306 305 304 304 307 308 307 305 302 299 298 298 298 297 297 297 297 297 296 296 296 296 295 293 292 287 282 281 282 286 288 289 289 288 287 283 280 271 266 260 267 264 261 250 270 277 276 271 268 264 251 259 258 257 253 246 252 253 253
295 298 302 299 295 295 295 297 297 297 298 299 300 291 303 304 294 295 306 307 308 308 308 308 306 295 294 306 307 307 307 296 307 307 295 295 295 296 296 295 309 312 310 305 300 298 297 296 296 296 296 297 297 297 297 296 296 296 295 293 292 290 288 287 288 287 289 291 291 290 286 280 276 269 266 262 256 265 264 252 270 275 273 268 266 265 262 261 259 258 254 251 252 252 248
294 298 304 303 296 294 295 296 297 298 298 298 299 301 302 304 304 304 306 307 307 307 307 306 293 293 305 306 294 294 307 307 306 295 295 295 294 291 292 295 307 314 312 303 297 295 295 295 294 295 296 297 297 297 296 296 296 296 295 293 292 290 288 287 287 287 289 291 293 291 285 272 269 271 266 263 257 267 266 266 259 264 270 264 259 265 263 261 261 258 256 254 252 250 246
294 297 303 305 297 294 295 296 297 297 297 297 299 290 301 302 303 304 305 306 306 293 304 304 303 304 305 305 294 294 295 306 306 306 293 292 291 299 299 301 306 318 315 301 294 293 294 294 294 294 296 297 297 297 297 297 296 295 294 293 292 290 288 287 287 287 287 289 291 294 282 270 267 266 267 268 267 258 267 267 257 260 267 268 267 264 263 261 259 256 255 257 255 250 248
290 293 302 308 300 295 296 296 297 297 296 296 297 297 299 300 301 303 304 303 303 302 301 301 302 303 304 292 293 306 306 295 293 292 291 289 301 298 298 298 302 315 314 300 294 293 294 294 294 293 294 296 298 298 297 303 302 301 294 293 292 290 289 287 289 288 288 285 286 287 281 274 271 270 269 268 266 262 258 256 257 258 266 267 266 264 262 261 258 256 256 256 256 254 252
288 290 298 308 303 297 298 298 296 295 295 294 295 295 297 299 300 302 293 302 291 300 300 300 302 303 291 291 292 306 306 305 291 291 289 288 291 289 284 276 288 294 304 283 284 294 282 288 293 292 292 295 298 298 305 303 302 302 299 293 292 290 288 286 285 285 284 282 281 282 281 275 273 271 268 267 266 267 262 258 266 266 268 267 264 262 261 259 258 257 257 256 256 255 254
290 290 295 305 308 300 300 302 297 294 294 293 294 295 297 297 299 301 302 302 301 301 301 301 301 302 290 291 292 305 293 292 290 289 290 287 287 283 277 271 273 294 302 302 290 287 287 294 289 288 292 293 296 298 305 304 302 301 293 293 292 290 287 285 285 285 284 281 278 278 277 274 272 272 269 267 262 262 261 258 259 262 266 266 263 261 260 260 258 256 256 256 255 255 254
291 290 292 298 305 303 301 306 301 294 292 293 293 294 295 296 299 300 302 302 302 301 301 301 289 301 289 290 292 291 291 290 289 289 287 286 284 281 277 275 277 281 289 294 294 297 295 294 289 286 280 286 292 296 301 308 306 294 294 294 298 295 286 284 284 285 285 282 281 273 268 268 269 270 269 268 268 264 262 259 260 263 264 269 265 263 262 262 261 258 257 257 257 254 253
291 291 290 293 300 302 303 310 308 294 291 291 292 293 294 296 297 298 301 291 301 300 300 300 288 301 301 292 291 289 289 290 289 287 287 285 283 296 295 289 288 287 291 294 300 295 296 294 290 289 289 288 289 292 299 308 304 296 294 296 300 295 290 287 288 288 289 285 278 263 259 261 263 265 267 270 270 269 268 268 263 261 261 267 268 266 265 264 263 260 259 258 257 254 252
294 292 290 291 295 298 302 313 316 299 291 290 290 291 292 294 296 297 299 301 301 299 298 288 300 300 288 290 289 289 289 289 288 287 285 284 287 297 298 287 300 286 288 301 291 291 291 291 292 290 289 287 287 288 296 310 310 299 295 296 298 291 287 284 286 287 285 281 273 261 257 256 258 261 267 270 273 273 270 269 268 265 263 264 268 270 268 265 264 263 260 259 258 255 256
297 295 289 287 290 294 299 311 323 306 290 286 287 289 290 292 295 297 298 300 300 298 296 286 299 299 286 287 288 289 290 288 287 286 285 286 299 298 298 285 286 285 289 290 289 289 295 293 286 283 281 282 284 287 290 303 310 301 296 303 298 290 284 285 284 289 285 275 264 259 260 260 259 261 266 270 272 271 270 265 264 266 264 264 267 269 269 267 266 265 263 260 258 257 256
298 300 294 284 284 287 292 304 323 315 292 285 286 287 289 291 294 296 298 299 300 298 297 297 297 297 286 286 288 287 288 288 287 286 288 300 300 290 286 288 284 288 289 289 289 294 288 286 284 281 278 279 280 276 283 291 303 302 305 303 297 289 286 281 288 285 280 269 260 258 262 265 264 265 267 269 271 270 269 267 264 267 267 266 267 268 269 268 267 265 264 261 260 259 258
294 300 301 287 281 282 288 299 320 323 296 287 286 286 287 289 292 295 297 299 300 298 297 285 296 284 285 286 286 286 286 286 285 286 299 300 299 284 286 282 285 288 287 287 288 288 292 291 289 288 287 281 278 272 282 287 304 308 305 300 298 289 287 280 285 281 277 268 261 259 263 269 270 268 268 269 271 272 272 269 267 269 269 269 269 269 269 268 266 264 263 262 262 261 260
290 295 302 293 283 283 286 293 314 332 303 289 287 286 287 288 290 291 296 299 300 298 284 294 294 282 284 284 285 285 285 284 288 298 298 299 287 283 282 283 285 285 286 286 286 285 286 290 289 288 286 286 283 282 284 290 303 305 302 303 301 292 289 280 280 274 271 269 265 263 267 273 275 275 272 272 273 274 274 272 271 270 271 271 271 270 269 267 265 263 262 261 262 261 259
289 291 297 296 289 286 286 287 303 331 311 293 287 287 287 287 288 291 295 299 298 293 291 291 291 292 293 295 283 284 297 297 298 298 298 298 283 284 283 286 296 286 284 284 283 283 284 286 287 288 286 287 285 285 284 288 298 296 299 304 305 296 288 274 271 268 266 268 269 271 274 278 276 277 276 275 274 273 273 273 272 272 272 272 272 270 267 265 264 263 262 260 259 259 257
290 292 296 297 294 290 289 289 301 324 318 298 288 287 287 288 289 290 293 297 296 289 288 290 291 291 292 282 283 296 297 298 287 286 286 283 284 282 285 285 285 285 284 283 283 284 284 284 283 284 284 283 281 278 273 283 286 290 297 306 308 297 286 273 270 265 265 268 274 280 281 278 278 277 276 275 273 273 273 274 273 272 272 271 270 269 266 264 263 262 262 261 259 257 256
290 294 298 299 296 292 291 293 303 318 321 300 291 288 287 287 288 288 288 291 291 287 290 290 291 291 292 294 284 285 298 286 284 285 284 285 281 283 283 283 283 283 283 285 288 292 287 284 281 280 281 279 275 272 269 269 277 283 293 305 308 295 283 275 269 265 266 269 277 284 286 283 280 275 274 273 272 273 274 274 273 271 271 270 269 268 266 265 264 262 261 261 258 256 255
290 293 295 296 295 294 293 294 299 311 323 304 293 289 287 286 286 284 282 284 288 290 290 290 292 292 293 294 295 296 285 284 296 284 282 282 283 284 296 282 295 283 287 293 293 292 292 284 281 278 277 274 273 270 270 268 267 276 285 297 304 289 277 273 271 270 270 273 280 287 289 288 285 278 273 271 269 269 272 273 273 271 270 269 268 267 266 265 264 262 261 260 260 255 253
289 291 293 295 297 296 295 292 294 305 320 310 299 293 288 284 283 282 281 284 290 291 291 292 293 292 293 293 294 295 285 296 283 282 282 281 283 295 281 280 294 284 294 287 286 283 281 279 278 277 275 274 271 269 270 268 267 269 273 281 282 274 270 272 274 275 276 279 283 288 290 290 287 280 273 271 269 271 272 273 273 272 270 269 268 266 265 264 263 261 260 260 259 257 256
288 289 291 293 295 296 293 290 291 298 309 311 304 297 290 285 282 283 283 286 291 291 291 292 292 293 293 293 294 294 295 295 294 293 280 283 295 281 280 281 294 294 284 282 281 278 277 279 278 276 274 272 271 271 269 268 266 265 266 261 260 263 260 268 275 279 284 287 288 287 286 287 287 282 276 271 273 272 272 273 272 272 271 269 268 266 264 264 262 260 260 259 259 258 258
288 288 288 289 291 294 297 293 287 292 299 306 307 304 296 285 281 281 283 285 289 289 290 292 291 292 292 292 293 294 295 294 293 293 293 283 281 280 279 282 294 294 283 281 280 277 276 276 275 273 273 273 273 271 268 267 264 261 260 257 257 265 263 268 273 281 287 292 292 285 279 282 283 281 280 275 276 275 273 272 271 270 270 270 268 265 263 263 263 260 259 258 257 257 258
288 287 286 285 288 293 299 297 287 289 294 302 311 317 311 289 281 279 281 283 285 290 290 290 291 291 292 292 292 293 294 294 294 293 294 280 293 279 281 294 294 294 283 280 277 277 276 274 275 272 271 273 272 270 268 272 264 260 261 256 266 273 275 274 271 276 282 290 293 287 275 275 278 281 283 282 280 277 273 272 271 269 269 268 268 264 264 262 263 260 259 259 257 257 256
287 287 285 283 284 288 295 296 289 288 289 293 302 313 317 299 284 280 280 281 283 286 288 289 289 290 291 292 292 293 294 295 296 294 293 279 278 292 293 284 293 282 281 277 277 276 276 276 273 272 271 272 279 277 275 273 269 266 264 263 270 279 280 278 278 275 278 283 291 290 278 271 275 280 284 284 281 277 273 270 269 268 267 267 266 264 265 262 262 262 261 260 258 257 256
286 286 285 282 279 281 287 292 291 290 287 286 289 298 316 313 292 281 279 279 282 286 287 287 288 290 291 291 291 293 294 294 295 294 292 292 291 292 293 293 293 280 278 276 276 275 276 274 273 271 271 270 279 277 275 273 271 270 267 266 272 273 276 281 280 279 275 277 285 290 285 273 273 277 281 283 281 277 272 269 267 267 265 264 263 264 266 265 264 263 262 261 259 257 256
286 285 283 280 277 276 281 289 293 293 289 284 285 297 312 321 305 284 279 279 283 285 287 287 288 289 289 290 291 293 293 295 295 292 292 291 292 292 292 292 279 278 277 277 277 276 276 273 272 271 271 269 269 278 276 274 273 272 271 272 276 272 276 275 273 279 274 274 276 285 285 278 275 277 281 282 280 276 271 268 267 265 263 261 261 263 264 265 266 265 263 261 259 258 257
285 281 282 282 275 274 279 288 292 295 292 285 283 290 305 325 320 289 280 281 283 283 284 285 287 288 288 289 290 293 294 295 294 294 291 291 292 292 292 279 291 277 278 278 278 276 274 273 272 271 270 270 279 278 276 275 274 274 275 278 280 281 277 276 274 273 278 278 271 280 284 283 280 279 279 279 278 275 271 269 267 265 262 261 260 261 262 264 265 264 262 260 259 258 258
287 279 276 278 274 276 279 283 289 294 295 286 282 282 293 318 331 296 283 281 283 284 284 285 286 288 288 289 290 293 295 293 292 291 290 291 291 291 290 290 290 276 277 277 277 288 287 272 272 272 271 270 280 278 277 276 276 276 273 281 282 282 278 277 282 280 279 279 279 278 281 279 276 276 275 275 275 274 272 270 267 264 261 261 261 261 261 263 263 263 261 259 259 258 258
288 283 272 271 275 276 280 282 283 288 294 286 280 280 285 306 337 303 286 284 284 284 284 285 285 287 289 290 289 292 294 292 290 290 289 290 290 290 289 288 288 276 276 276 288 274 286 272 273 272 271 281 280 278 278 277 277 278 280 282 283 283 283 283 283 282 281 281 277 279 278 273 274 271 270 271 273 274 273 271 268 264 261 260 263 263 263 263 263 262 261 259 259 259 259
288 285 277 269 269 274 276 279 278 278 289 290 280 276 277 299 333 310 290 285 285 284 284 286 285 287 289 289 289 291 293 293 289 289 289 290 290 289 289 288 288 288 277 288 287 286 285 273 272 272 282 281 280 278 278 278 278 280 281 282 283 278 280 284 280 283 281 282 282 287 282 275 271 268 267 267 270 273 273 270 267 264 263 263 263 264 264 263 263 262 261 260 260 260 259
