examples/cougarCreek-fire/createInputs/WindNinja/wrfout_d3.2015081012.f14/cougarCreekFire_08-11-2015_0200_217m_non_neutral_stability_vel.asc
ncols	146
nrows	140
xllcorner	610065.000000
yllcorner	5095217.000000
cellsize	216.586807
NODATA_value	-9999.000000
[rows 72 to 107 of 140, columns 0 to 80 of 146]
11.05 13.09 15.03 15.00 14.97 13.19 13.84 15.39 16.23 16.31 17.31 17.29 17.60 17.38 14.06 10.50 9.87 9.14 8.05 11.92 13.36 14.31 15.39 15.19 15.02 16.23 17.83 14.12 12.92 14.76 14.14 11.73 11.80 9.85 12.19 11.64 10.16 11.03 9.27 10.82 9.48 9.32 8.53 9.20 9.23 8.77 7.63 5.24 6.45 6.78 5.68 5.86 2.51 1.27 5.32 5.11 4.80 4.25 3.70 3.54 3.56 3.48 1.24 2.61 2.41 2.54 2.64 2.54 2.61 4.22 3.17 2.73 1.97 1.42 1.45 1.95 3.94 4.64 4.01 4.55 2.52
12.25 13.69 14.82 14.58 14.43 13.47 14.04 15.35 15.40 15.72 16.85 17.69 17.63 16.41 13.22 7.39 7.34 6.83 7.07 13.06 14.24 15.41 16.43 15.77 15.79 18.42 16.54 14.54 15.97 15.12 12.90 11.77 11.19 11.70 13.94 12.32 11.94 9.77 9.39 11.22 9.74 9.59 8.93 10.04 7.04 7.61 7.56 6.80 6.42 7.08 5.84 6.27 3.01 6.02 1.67 5.64 5.27 4.43 3.56 3.38 3.65 3.75 2.25 1.61 3.35 3.05 2.76 2.39 2.27 2.65 2.92 4.41 3.74 1.74 1.44 2.63 2.06 3.74 3.95 4.17 5.35
13.12 13.76 14.27 14.29 14.08 13.54 14.08 14.75 14.71 15.37 16.72 17.68 16.70 13.60 10.28 4.27 6.55 5.13 8.52 14.90 15.42 16.66 17.20 16.50 16.69 18.43 15.46 16.30 16.07 14.26 12.17 11.65 11.04 14.14 14.84 12.06 12.03 11.00 9.74 12.28 10.78 8.59 9.31 9.01 8.51 7.64 6.87 6.56 6.41 6.20 7.05 4.45 5.66 6.57 6.43 2.75 5.75 4.68 3.96 4.03 4.23 4.15 4.12 0.65 3.74 3.34 2.77 2.15 1.86 1.37 2.20 2.07 1.92 1.42 1.09 1.94 1.31 3.06 3.27 1.60 1.68
13.34 13.68 14.12 14.20 13.54 13.45 14.18 14.49 14.49 15.75 17.41 17.72 14.72 11.58 8.98 4.10 7.13 5.13 12.32 15.15 16.97 17.95 17.93 17.34 17.75 17.57 15.39 15.65 14.98 13.86 12.06 12.10 13.85 15.86 14.62 11.85 11.84 9.33 9.94 11.79 11.23 9.21 8.47 9.04 8.89 6.55 7.95 7.68 7.70 6.25 7.65 7.58 7.47 7.24 6.98 6.57 2.62 4.72 4.75 5.13 4.96 4.64 4.51 3.01 4.26 4.06 3.45 2.83 2.55 2.55 2.44 2.23 1.75 1.38 1.20 1.04 0.95 0.91 2.58 2.64 2.65
13.34 13.77 14.26 13.60 13.00 13.24 14.55 14.76 14.63 16.78 16.98 16.90 14.93 11.98 8.37 4.82 7.48 8.84 15.87 18.00 18.30 19.14 19.08 18.91 18.14 15.71 15.40 15.41 13.74 13.87 12.95 12.74 15.06 16.08 12.71 12.80 10.83 9.21 11.04 11.68 11.11 9.78 8.75 9.28 9.58 9.51 9.76 9.11 8.49 6.85 8.47 8.45 8.16 7.80 7.43 5.12 3.40 5.24 5.74 5.81 5.31 5.14 4.99 4.89 2.50 4.64 4.08 3.78 3.95 3.79 1.66 0.81 1.13 2.13 0.41 2.39 1.17 0.89 0.70 2.11 0.41
13.42 13.87 14.24 13.02 12.86 13.93 15.25 14.80 15.26 17.57 17.25 18.52 14.32 11.51 8.04 5.82 7.33 11.14 17.36 19.01 19.62 20.23 20.28 19.36 15.25 14.24 14.93 14.87 13.98 14.78 14.23 12.95 15.61 14.78 12.16 12.03 10.90 9.46 11.37 12.12 11.84 10.68 9.85 9.84 10.25 10.34 7.81 9.44 9.14 7.40 9.54 9.38 8.65 8.22 7.84 5.61 3.96 6.45 6.41 5.82 2.02 5.65 5.50 5.36 5.17 4.72 4.29 4.21 4.20 3.23 2.38 0.06 0.84 0.10 2.37 1.94 1.55 1.97 1.08 1.31 1.38
13.46 13.88 14.10 12.82 13.14 14.23 15.19 14.50 15.59 17.34 18.11 15.23 13.62 11.37 7.53 5.64 6.49 12.88 18.85 20.01 20.73 21.18 20.85 18.37 14.38 13.16 14.40 14.55 14.49 15.28 16.17 13.31 14.27 12.78 11.85 11.20 10.90 10.58 12.40 14.36 13.38 11.18 11.83 10.15 11.14 10.06 8.70 8.94 8.49 7.79 9.21 10.01 8.87 8.39 8.24 8.04 4.52 3.59 2.51 5.67 5.86 6.25 6.19 5.81 5.34 3.19 4.26 3.99 3.56 2.48 2.26 2.99 0.25 0.33 2.71 2.36 2.69 2.39 0.76 1.75 1.47
13.47 13.89 14.04 12.92 13.04 14.30 14.99 14.53 15.45 16.43 16.38 13.83 12.19 10.43 5.64 6.00 9.51 16.45 20.56 20.81 21.82 22.14 18.80 14.74 10.78 11.72 14.12 15.16 15.02 15.84 16.42 13.66 12.69 12.29 11.73 11.93 11.89 11.41 14.79 15.03 14.02 11.63 10.86 10.41 11.30 9.59 8.75 8.37 6.28 10.76 9.64 9.78 8.29 8.09 8.72 8.15 7.47 3.43 2.33 6.28 6.90 7.49 7.17 6.13 5.36 3.63 4.37 3.88 3.44 3.17 3.46 3.99 3.95 3.58 1.59 2.13 2.33 2.10 0.24 2.58 1.98
13.41 13.87 14.10 12.65 12.98 14.25 14.89 14.99 15.35 15.67 15.23 13.45 13.31 9.34 5.47 7.82 13.67 19.17 21.50 22.07 22.91 21.71 15.40 11.19 7.29 11.49 14.53 15.28 16.00 15.50 15.88 13.42 12.23 13.68 12.43 12.88 13.02 12.59 15.82 13.89 14.09 13.00 11.22 10.65 10.14 9.48 9.16 10.57 11.12 11.82 10.52 8.37 7.12 8.52 9.77 8.77 6.93 5.85 5.16 7.23 8.34 8.82 7.66 3.60 5.08 5.01 3.34 4.07 3.78 4.16 3.02 2.74 4.63 4.40 1.79 3.26 2.66 2.64 3.26 3.19 2.22
13.40 13.90 14.19 12.42 13.58 14.42 14.97 15.49 14.86 14.52 13.84 13.97 13.12 8.81 6.52 10.12 16.63 20.64 22.32 23.13 22.79 19.64 13.89 9.88 8.31 11.66 14.34 16.01 16.31 14.11 15.40 14.43 14.19 13.58 12.67 12.93 12.17 13.77 16.48 15.74 14.21 13.56 13.08 10.82 10.15 9.46 9.70 11.06 12.24 11.75 9.19 7.06 7.49 10.97 11.66 6.40 5.13 4.70 6.17 7.17 9.24 8.75 6.84 5.06 4.39 5.05 4.61 4.43 4.54 5.35 5.31 2.59 3.37 5.43 4.65 3.53 3.03 3.09 3.55 4.03 3.34
13.40 13.90 14.17 12.38 13.84 14.60 14.88 15.58 14.25 13.32 12.89 13.50 12.86 9.49 9.54 14.41 19.69 22.03 22.73 22.80 21.10 14.07 10.95 8.32 7.97 11.84 15.12 17.12 16.10 14.02 15.33 16.28 15.21 12.72 12.34 12.28 12.87 16.40 16.05 15.88 15.09 14.58 13.43 10.63 10.01 9.44 9.94 11.44 14.42 9.97 7.97 7.44 10.07 13.21 10.74 4.49 2.05 5.64 7.12 9.47 6.41 8.37 6.35 5.04 4.90 5.64 6.13 3.68 5.75 3.97 6.39 4.54 4.73 6.38 5.22 3.56 3.31 3.34 3.56 5.14 4.94
13.43 13.94 14.09 13.75 14.12 14.57 14.78 15.77 14.08 12.95 13.69 14.06 12.17 11.45 11.38 17.97 21.10 22.09 22.01 21.30 18.24 13.69 8.40 7.34 8.58 13.92 16.42 17.82 16.69 15.27 16.57 17.22 14.97 13.34 12.75 12.99 14.79 16.97 15.40 15.72 15.90 14.90 12.77 9.65 10.46 10.77 10.99 11.90 12.97 9.54 8.36 9.95 12.58 10.43 6.12 2.11 4.36 7.67 8.79 10.12 9.24 6.11 7.29 6.89 7.21 7.11 7.00 5.59 6.07 5.11 5.66 6.36 5.45 7.29 4.02 3.62 3.58 2.74 4.33 5.81 5.27
13.50 13.94 14.00 13.92 14.35 14.59 14.92 15.86 14.16 13.82 14.46 15.19 11.85 13.30 15.62 19.22 22.68 21.65 21.57 19.91 15.07 10.39 6.88 7.88 12.03 15.57 17.06 18.41 17.54 15.96 15.82 15.45 15.67 14.62 12.98 15.09 16.91 17.01 14.68 16.09 17.13 14.94 11.38 9.47 10.06 11.13 11.56 12.24 12.80 10.94 9.39 12.31 11.04 6.66 3.92 5.57 8.70 10.79 9.77 10.56 9.68 8.37 7.32 6.68 7.45 6.56 5.65 7.29 6.19 6.28 5.54 7.41 4.81 6.24 3.92 3.84 3.96 4.01 6.12 6.27 4.39
13.59 13.92 14.01 14.16 14.53 14.67 15.10 15.51 14.59 15.59 15.77 17.33 13.12 12.84 17.08 19.62 20.66 20.99 20.38 17.40 12.59 7.84 6.03 8.76 13.37 16.49 18.28 18.61 17.96 17.65 14.53 14.90 15.63 15.30 14.10 15.56 16.75 15.60 15.42 17.47 18.27 13.93 9.34 8.05 10.35 11.97 12.19 12.41 12.52 12.29 12.55 12.07 8.47 5.03 6.61 10.22 11.39 11.17 10.99 10.90 10.48 8.85 9.26 7.43 6.15 5.92 5.82 9.88 8.55 6.78 5.86 7.55 6.79 4.25 4.60 4.32 4.79 5.29 7.87 6.90 3.42
13.65 13.87 14.08 14.39 14.65 14.71 15.15 15.50 15.39 15.56 16.86 15.33 15.18 13.52 17.24 18.94 19.54 19.09 17.73 14.98 10.26 6.52 6.56 8.22 14.83 17.59 17.78 18.75 18.15 15.39 14.10 17.16 14.80 16.00 14.37 15.89 15.54 15.07 16.05 18.06 15.39 9.61 5.88 7.16 11.37 13.09 12.71 12.79 13.14 13.28 12.77 10.47 7.14 7.15 10.14 12.06 11.89 11.51 11.43 11.32 10.64 10.04 9.70 8.48 7.08 6.62 7.96 9.26 8.69 8.19 8.34 6.52 6.44 5.47 5.02 4.72 6.22 7.91 8.93 7.11 2.93
13.62 13.85 14.34 14.63 14.71 14.80 15.23 15.50 15.63 16.11 17.34 14.54 14.15 12.88 16.05 18.17 19.24 17.41 16.09 12.39 7.56 5.56 8.01 12.90 15.32 17.47 17.90 19.05 18.35 16.35 16.83 17.94 17.07 16.34 15.81 15.77 15.82 15.55 16.62 16.67 13.06 7.24 5.10 8.25 13.03 14.29 13.43 13.47 13.50 13.29 12.18 9.77 8.22 9.61 11.64 12.29 11.98 11.74 11.78 11.61 10.88 10.48 10.16 9.48 8.11 8.42 9.19 9.74 8.95 9.49 8.93 6.56 5.42 5.54 5.66 5.79 6.36 7.94 7.21 5.93 2.77
13.57 14.05 14.68 14.65 14.71 14.99 15.21 15.50 15.81 16.38 17.19 13.94 13.20 11.94 15.47 17.84 18.71 16.57 14.69 11.38 6.22 6.35 10.37 14.47 16.38 17.21 18.32 18.92 18.54 17.66 18.50 17.97 15.11 16.32 15.45 14.45 15.44 15.13 15.08 14.17 10.96 7.89 8.12 11.24 14.66 15.00 13.84 13.55 13.43 13.16 12.16 10.63 8.24 11.20 12.10 12.30 12.07 11.93 12.07 11.80 11.28 11.09 10.91 10.91 8.75 9.30 10.22 9.24 8.29 6.18 6.58 6.83 6.58 7.04 7.62 8.70 11.01 11.34 8.42 4.47 2.23
13.68 14.29 14.78 14.47 14.68 14.97 14.83 15.45 15.74 16.19 16.72 13.87 12.82 13.57 15.28 17.96 18.11 15.88 13.15 9.12 6.21 8.57 12.77 14.81 17.02 18.05 19.17 19.44 18.72 17.93 17.80 17.38 15.32 16.02 15.18 14.96 15.07 14.81 14.65 13.28 11.17 10.45 11.79 13.80 15.34 14.89 13.64 13.52 13.73 13.47 12.68 11.98 9.10 8.93 12.32 12.44 12.42 12.40 12.39 12.12 11.90 11.78 11.73 9.39 10.54 9.66 9.69 9.66 7.90 5.75 3.98 7.12 8.91 8.40 8.28 9.24 9.86 11.44 7.94 3.48 1.86
13.84 14.40 14.70 14.40 14.67 14.89 15.03 15.39 15.53 15.85 16.29 13.96 12.83 13.70 15.07 18.07 17.40 14.40 11.22 8.60 7.93 11.16 14.61 16.50 17.54 18.82 19.73 19.45 18.01 18.04 18.28 16.68 15.32 16.00 15.18 14.63 14.82 14.85 14.29 13.39 12.83 13.32 14.06 14.64 15.10 14.46 13.71 14.06 14.23 13.75 13.26 12.93 12.52 9.27 12.58 12.70 12.81 12.79 12.61 12.49 12.46 9.81 12.47 10.51 10.51 10.35 10.27 9.62 6.87 3.09 2.78 6.94 10.42 11.41 11.19 10.89 11.24 10.25 7.01 2.86 1.60
13.88 14.44 14.68 14.43 14.70 14.88 15.01 15.32 15.43 15.68 17.30 13.46 13.10 11.94 15.19 16.79 16.07 15.00 12.16 9.81 10.51 13.29 14.49 16.82 17.85 19.51 20.58 18.94 18.36 18.31 17.03 15.51 14.46 15.48 14.54 14.15 14.77 14.91 14.28 14.10 14.39 14.38 14.18 14.41 13.25 14.31 14.20 14.58 14.44 14.03 13.88 13.57 13.02 9.49 12.86 12.87 13.04 13.02 12.79 12.84 12.93 10.35 10.60 10.59 10.81 12.96 11.21 9.38 6.66 1.99 3.04 6.69 11.99 13.28 13.69 12.53 12.13 12.54 7.75 3.07 1.39
13.77 14.43 14.75 14.42 14.65 14.69 14.72 15.24 15.39 15.52 16.29 13.39 12.39 13.55 15.16 15.74 15.11 13.16 12.83 11.93 12.76 14.65 16.35 17.30 18.57 19.84 18.36 18.10 18.76 18.31 15.44 16.30 15.25 14.51 14.09 14.31 14.65 14.86 15.56 16.85 15.28 14.42 15.99 14.76 14.64 14.31 14.55 14.70 14.57 14.51 14.46 14.05 13.59 9.90 9.81 13.19 13.35 13.27 13.10 13.24 13.37 13.49 11.06 11.13 10.87 13.09 13.30 9.64 6.13 2.66 4.58 7.63 13.10 14.38 13.60 12.98 12.37 11.45 8.32 4.34 2.30
13.48 14.43 14.93 14.26 14.36 14.32 14.44 15.15 15.30 15.37 15.52 13.99 14.85 14.47 16.16 14.78 14.96 13.76 13.97 13.59 14.15 15.49 16.67 17.58 18.57 20.35 17.96 17.83 17.61 16.40 14.71 15.31 14.54 14.40 14.51 15.35 14.99 14.71 15.01 15.95 15.57 14.42 14.66 15.12 14.26 14.03 14.52 14.54 14.67 14.74 14.56 14.20 13.90 10.19 10.07 9.96 13.44 10.28 13.24 13.37 13.51 13.67 11.06 11.29 10.53 12.83 12.65 9.49 6.53 4.51 6.74 8.55 13.48 14.64 13.56 13.14 12.42 13.77 8.74 4.71 3.15
13.31 14.47 14.92 11.82 13.92 14.09 14.29 15.02 15.34 15.50 15.65 15.50 14.59 15.89 15.84 15.58 14.78 14.29 14.68 14.42 14.69 15.55 16.60 17.51 18.00 20.16 18.09 16.69 15.24 14.93 14.49 13.11 13.52 15.08 15.65 15.13 15.33 15.27 16.14 17.03 15.88 14.74 14.96 14.62 13.65 13.94 14.52 14.55 14.74 14.75 14.61 14.41 14.10 13.84 10.21 10.02 9.99 9.99 10.17 13.48 13.60 13.71 11.04 10.82 12.73 9.92 10.13 9.93 6.62 5.86 8.42 9.01 13.37 14.37 13.43 13.99 14.40 12.67 9.87 6.10 4.03
13.50 14.40 14.48 13.53 13.77 14.03 14.19 15.01 15.56 15.82 15.93 15.81 15.93 14.26 15.76 14.13 14.36 15.14 15.03 14.74 14.64 15.30 16.22 16.70 17.72 18.49 17.25 15.16 15.98 15.43 15.64 14.02 15.00 16.05 15.21 15.57 16.03 16.36 17.38 19.03 15.73 14.66 14.57 13.89 13.51 14.04 14.50 14.53 14.61 14.76 14.78 14.58 14.23 14.01 10.62 11.54 10.96 10.33 10.04 10.17 13.62 13.71 10.49 10.47 13.11 10.92 9.38 8.02 7.37 7.25 8.38 8.94 11.62 12.54 13.12 14.50 14.84 14.96 11.21 8.30 5.40
13.85 13.99 13.75 13.47 13.69 13.88 14.29 15.16 15.69 16.00 16.04 15.93 16.07 14.65 14.05 13.75 15.21 15.34 13.32 14.71 14.49 15.35 16.03 16.75 18.02 19.22 15.70 14.29 15.00 17.28 15.95 15.63 15.20 15.34 15.67 16.23 16.63 16.85 19.56 16.85 15.09 14.32 14.05 13.42 13.48 14.13 14.50 14.53 14.65 14.92 14.94 14.68 14.46 14.28 14.17 14.12 14.01 13.81 13.66 13.65 10.12 10.62 10.43 10.51 10.58 11.44 11.30 8.91 8.26 8.43 8.79 9.12 10.13 11.00 12.22 13.75 14.76 15.01 13.79 10.02 7.51
14.35 13.67 13.23 13.57 13.53 13.77 14.69 15.22 15.56 16.02 16.02 16.02 16.26 15.10 15.86 15.41 15.38 14.83 15.23 14.52 14.65 15.64 16.49 17.46 18.06 16.04 14.48 15.24 15.93 16.07 15.85 15.49 15.59 15.94 16.31 16.66 16.86 17.03 17.23 16.60 15.13 14.20 13.45 12.83 13.31 14.13 14.47 14.61 14.82 15.04 15.06 15.00 14.84 14.54 14.46 14.50 14.30 13.96 13.79 13.81 13.83 10.46 10.85 10.87 10.64 12.74 11.84 11.43 11.33 11.33 11.40 11.82 12.40 10.86 11.75 13.02 14.57 14.72 14.08 10.80 9.97
14.72 13.99 13.33 13.28 13.08 14.06 15.19 15.14 15.48 16.12 15.98 16.20 16.51 14.76 15.82 15.50 14.36 14.05 14.87 14.50 15.27 16.41 17.23 17.55 17.30 14.70 14.70 16.08 16.17 15.99 15.81 16.91 16.04 16.32 17.97 17.84 18.80 19.31 19.35 17.93 15.65 14.05 12.62 12.22 13.15 14.06 14.42 14.70 14.87 15.12 15.42 15.47 15.05 14.72 14.86 14.86 14.49 14.04 13.89 13.93 13.86 13.85 13.94 13.99 11.11 13.36 12.58 12.19 11.95 11.58 11.15 11.48 12.31 11.16 11.91 12.33 13.92 14.59 14.41 13.53 12.22
15.22 14.71 13.37 11.94 12.55 14.78 15.33 15.24 15.84 16.02 15.76 16.45 16.70 16.15 15.93 15.59 15.33 15.19 14.70 15.04 15.99 16.88 17.15 16.69 15.11 14.98 16.14 16.26 15.15 15.54 15.76 15.87 16.08 17.90 17.59 17.93 18.59 18.76 18.17 19.04 15.72 13.05 11.14 11.38 12.86 14.02 14.56 14.78 14.89 15.61 16.15 15.73 15.03 14.99 15.30 15.06 14.50 14.09 14.01 14.00 13.84 13.87 14.11 14.31 14.33 13.98 13.37 13.03 12.51 11.28 8.51 9.23 11.04 13.34 12.01 12.21 13.07 14.79 14.82 14.90 12.70
16.37 15.47 12.64 10.35 12.77 15.51 15.24 15.54 15.88 15.39 15.67 16.89 16.81 14.53 15.91 15.28 15.13 15.12 14.91 15.46 16.05 16.51 16.23 15.68 15.96 16.18 16.22 16.19 14.09 15.50 17.21 16.01 16.22 16.34 17.13 16.95 17.93 16.70 16.27 17.07 15.90 11.68 9.38 10.47 12.89 14.48 14.91 14.83 15.29 16.56 16.71 15.68 15.14 15.57 15.73 15.11 14.50 14.20 14.09 14.02 13.86 13.95 14.32 14.65 14.74 14.45 14.01 13.85 12.82 8.71 8.69 9.18 11.03 11.84 12.40 14.28 14.84 13.35 15.33 15.64 14.30
16.93 15.29 11.48 10.19 13.31 15.51 15.37 15.98 15.63 14.88 16.05 16.98 16.42 15.97 15.53 15.05 15.23 15.11 14.91 15.34 15.45 15.41 15.23 15.48 16.26 16.33 16.13 14.40 13.72 15.42 15.92 17.90 17.24 16.56 16.10 16.16 15.79 16.34 16.82 17.48 14.33 8.85 7.60 10.24 13.72 15.27 15.17 15.10 15.99 17.06 16.75 15.90 15.77 16.23 15.93 13.77 13.04 13.00 14.13 14.05 13.97 14.13 14.52 14.88 12.93 12.57 12.37 14.38 12.65 8.90 7.66 9.11 11.17 11.93 14.50 14.80 12.87 13.17 14.23 15.53 13.97
15.98 14.75 12.05 11.27 13.41 15.57 16.21 15.77 14.74 14.70 16.13 16.54 16.01 15.88 15.45 15.44 15.43 15.04 12.81 15.07 13.42 14.71 15.11 16.17 16.60 16.20 16.13 14.70 15.43 15.67 16.19 16.25 16.55 16.23 15.96 16.23 17.72 19.01 19.01 16.68 11.34 6.84 7.59 10.89 17.06 15.68 17.85 18.56 16.33 16.99 17.11 16.82 16.54 16.60 13.37 12.57 11.49 11.46 12.65 14.16 14.11 14.22 14.58 14.98 15.24 14.99 14.61 14.35 12.23 8.35 7.40 10.52 13.53 14.35 12.27 14.99 15.78 16.32 14.16 14.70 15.55
14.88 14.48 13.30 12.65 13.36 16.20 16.83 14.48 13.78 14.75 16.05 16.28 16.20 16.02 15.58 15.88 15.57 15.14 14.98 14.57 14.33 14.91 15.80 16.77 16.52 15.97 16.02 15.01 16.13 15.95 16.84 16.21 16.29 16.30 16.04 15.85 16.66 16.83 15.99 13.64 9.79 8.68 10.14 13.07 17.77 18.07 18.27 15.96 19.89 20.60 17.80 17.56 17.12 17.03 15.03 13.39 12.45 12.53 14.45 14.47 14.20 14.09 14.52 15.17 15.59 15.26 14.57 13.90 11.85 8.48 7.50 10.65 14.07 14.58 12.74 15.10 14.32 14.98 15.11 15.54 14.71
14.21 14.04 13.74 13.52 13.95 16.56 16.67 13.26 12.82 14.82 15.99 16.37 16.38 15.83 16.11 16.20 15.61 15.22 14.79 14.15 14.54 15.50 16.32 16.80 15.87 15.78 16.09 14.85 16.21 16.38 15.21 15.52 16.10 16.06 16.09 14.76 14.96 15.68 15.37 14.10 12.79 11.62 13.34 16.59 18.09 15.37 15.73 16.27 20.15 20.60 20.90 19.92 17.83 17.93 16.62 13.90 12.68 14.44 15.04 14.93 13.16 12.38 14.41 15.60 16.07 15.55 14.54 13.37 9.17 6.88 7.66 9.83 14.76 14.02 14.18 15.40 17.11 15.63 15.47 15.74 15.29
13.16 13.38 13.98 14.71 15.31 16.44 16.07 12.79 11.73 14.44 15.89 16.59 16.10 15.81 16.68 16.27 15.52 15.17 14.61 12.57 14.77 15.75 16.61 16.40 15.47 15.68 16.07 13.87 16.00 16.05 14.88 16.01 16.00 15.77 15.64 14.17 14.76 14.10 13.98 16.03 15.46 13.99 15.35 17.09 15.07 18.49 15.89 16.33 20.15 20.30 17.72 18.14 18.52 19.17 17.54 14.16 13.23 14.80 15.89 15.41 12.88 11.70 12.87 14.42 14.18 14.12 12.61 11.19 8.96 6.42 7.96 10.58 13.54 15.56 14.94 16.17 17.55 17.78 17.60 17.65 15.38
12.17 12.90 14.56 15.74 16.27 16.57 15.92 12.69 10.96 13.15 15.75 16.45 15.56 16.36 16.95 16.09 15.66 15.10 14.58 14.30 14.49 15.62 16.54 14.88 15.42 15.78 16.18 13.86 15.58 15.97 15.74 15.84 15.30 15.28 14.94 14.28 16.12 14.38 14.55 15.86 13.67 14.12 15.85 14.34 17.87 18.41 18.93 19.21 16.75 20.23 17.70 18.28 18.99 20.57 18.82 14.18 12.89 14.97 16.69 15.60 12.34 11.37 12.13 15.18 15.21 14.18 13.08 10.61 8.45 6.62 8.15 11.07 14.22 15.13 16.45 17.20 15.89 15.71 17.99 18.12 17.87
12.17 12.61 14.42 16.27 16.86 16.96 15.95 12.81 10.66 11.95 15.11 15.83 15.85 16.97 16.82 16.21 15.98 14.99 14.61 14.38 14.42 15.51 16.41 15.82 15.43 15.81 15.70 14.53 16.29 16.32 16.53 14.85 14.43 14.96 14.78 15.79 14.16 14.93 15.00 14.23 14.36 15.33 16.58 17.26 17.77 18.27 15.67 16.11 20.08 21.05 21.20 22.46 23.10 24.44 19.64 13.84 12.34 15.13 17.32 14.25 10.68 10.38 13.43 16.79 18.41 14.49 11.51 9.37 7.61 6.47 8.27 11.17 14.49 15.94 16.41 18.36 18.42 18.17 18.27 16.27 16.01
