examples/cougarCreek-fire/createInputs/WindNinja/wrfout_d3.2015081012.f14/cougarCreekFire_08-11-2015_0200_217m_non_neutral_stability_ang.asc
ncols	146
nrows	140
xllcorner	610065.000000
yllcorner	5095217.000000
cellsize	216.586807
NODATA_value	-9999.000000
[rows 0 to 41 of 140, columns 0 to 94 of 146]
237 236 236 238 236 234 234 235 238 245 244 248 251 251 250 251 251 250 249 250 252 260 269 276 273 267 267 270 273 274 273 271 270 271 273 276 279 286 286 286 288 291 290 293 295 298 298 298 297 294 291 288 286 288 290 286 274 267 272 280 286 287 289 293 297 298 298 300 305 306 296 280 277 283 290 294 285 264 263 269 276 282 288 292 299 296 297 302 305 307 309 306 315 320 314
237 236 236 238 236 234 234 235 238 245 244 248 251 251 250 251 251 250 249 250 252 260 269 276 273 267 267 270 273 274 273 271 270 271 273 276 279 286 286 286 288 291 290 293 295 298 298 298 297 294 291 288 286 288 290 286 274 267 272 280 286 287 289 293 297 298 298 300 305 306 296 280 277 283 290 294 285 264 263 269 276 282 288 292 299 296 297 302 305 307 309 306 315 320 314
235 235 236 236 235 234 234 235 237 240 243 247 249 250 250 250 250 250 250 252 255 262 265 269 270 268 268 269 271 272 271 270 270 271 273 274 277 280 283 284 285 287 288 289 291 293 296 296 297 295 290 285 283 285 285 280 270 269 274 279 283 286 288 291 294 296 297 299 302 301 289 279 280 286 291 292 282 269 269 273 279 283 287 290 292 293 294 295 297 301 303 300 307 314 309
231 233 236 235 234 235 236 237 238 240 242 245 248 249 250 250 250 251 253 255 257 262 260 261 265 270 270 269 269 269 270 271 270 271 272 273 274 276 279 282 283 284 286 287 287 289 292 293 295 296 289 279 275 275 274 270 272 276 277 278 281 284 286 287 289 292 294 295 292 287 284 285 286 288 288 286 281 278 278 279 281 283 285 288 289 291 292 292 291 293 296 296 300 307 308
227 229 233 234 234 235 237 248 248 249 242 244 246 248 249 250 250 251 253 255 261 260 261 258 262 268 269 268 268 269 270 270 270 270 271 272 273 275 277 280 282 284 285 285 285 286 288 291 293 294 284 270 266 265 264 270 278 280 279 280 281 284 285 285 286 288 290 287 279 280 288 291 289 286 284 284 289 287 285 284 284 285 286 287 289 291 291 290 290 291 292 291 294 302 311
224 226 230 233 234 235 236 238 240 250 251 251 245 246 248 249 250 251 260 254 261 260 260 258 261 264 266 268 269 269 269 268 269 270 270 271 272 274 276 279 282 285 286 287 285 284 285 286 287 284 273 265 263 262 265 274 281 282 282 282 282 283 283 282 283 284 286 279 278 286 291 291 288 284 282 286 293 293 290 288 287 287 287 287 288 290 290 289 289 290 288 286 284 286 298
222 225 229 232 233 234 235 248 249 250 251 251 251 245 246 248 250 252 258 258 260 261 261 262 263 265 266 272 272 271 267 266 268 269 269 270 272 274 275 281 284 285 290 289 287 285 280 278 274 268 266 267 267 266 270 277 282 283 283 282 282 285 283 281 282 283 277 278 287 293 293 290 285 281 282 291 297 296 293 291 288 288 287 287 287 289 290 290 291 290 289 287 284 282 287
221 223 227 230 233 234 235 247 247 249 250 250 251 251 250 246 248 258 259 259 260 261 261 262 263 265 269 272 271 267 264 269 269 267 268 269 271 273 278 281 284 287 291 295 294 283 271 265 262 264 271 274 269 270 274 278 281 282 282 282 285 283 281 281 281 281 277 283 290 292 290 286 283 284 289 295 297 296 294 293 291 288 288 287 288 289 290 291 292 292 291 289 288 289 292
220 222 224 227 230 244 233 247 249 250 250 250 250 251 250 246 254 256 258 258 259 260 268 270 262 264 269 272 272 268 265 266 265 264 266 272 274 277 280 284 286 287 289 293 292 282 269 263 263 268 277 272 272 276 279 279 281 282 286 282 285 280 282 282 283 281 283 285 288 288 287 286 286 288 292 294 295 295 295 294 291 289 288 288 288 289 290 292 294 294 294 294 293 294 294
220 221 223 226 229 240 242 245 246 248 249 249 261 250 249 250 253 254 257 266 268 259 258 258 273 264 268 272 273 269 261 260 262 265 269 271 273 277 281 285 288 289 288 286 285 281 271 269 267 265 261 265 272 278 277 280 281 282 285 281 281 282 282 284 283 285 287 291 286 286 287 289 289 290 291 293 295 296 296 294 291 289 289 288 289 290 291 293 295 297 299 299 298 297 294
229 220 223 226 228 229 239 242 245 246 247 248 249 262 248 249 249 246 256 256 267 271 258 258 270 277 276 283 275 270 255 257 261 265 268 270 273 277 282 287 291 293 287 280 269 273 275 275 266 255 251 264 278 278 280 282 282 286 282 282 282 288 284 282 286 288 288 290 286 287 289 290 290 290 292 294 295 296 296 292 289 289 288 288 289 290 292 294 296 300 303 305 303 300 295
217 218 232 236 239 239 230 240 243 258 259 246 247 249 249 250 244 249 253 256 269 271 272 258 260 276 271 283 290 265 251 258 262 265 268 271 274 277 281 286 292 297 297 279 262 264 273 274 263 249 255 273 279 282 288 288 287 286 286 281 282 285 280 282 286 283 285 286 287 288 288 288 289 289 291 294 295 295 294 291 289 289 288 288 289 291 292 294 297 302 306 310 312 309 299
214 216 219 233 237 239 229 237 238 241 257 259 260 246 248 250 247 251 253 255 270 273 275 271 260 272 273 280 286 257 249 260 264 266 269 271 274 275 277 280 294 300 316 292 269 268 273 270 257 252 267 280 282 284 290 290 290 286 283 283 282 278 278 279 281 283 285 287 288 289 288 287 288 288 290 292 293 293 292 290 289 289 289 289 289 291 292 294 297 301 306 311 318 321 306
213 216 221 224 226 237 230 232 236 238 240 255 258 261 245 248 249 252 255 272 272 273 277 275 272 274 276 279 279 247 248 263 279 279 281 282 282 283 283 286 288 292 317 323 298 281 274 264 252 262 276 284 287 288 289 292 293 285 278 275 272 275 278 280 281 283 286 289 290 291 290 287 286 287 288 289 290 292 291 290 290 289 289 289 289 290 292 293 295 299 303 308 318 334 322
214 218 223 226 228 230 232 234 234 239 239 240 241 256 261 263 262 265 272 275 277 278 280 282 278 278 278 279 273 243 252 266 283 282 282 281 281 282 282 281 277 275 273 286 286 294 277 256 251 269 282 284 285 285 286 289 289 283 275 270 270 275 280 281 285 291 294 291 293 294 290 285 283 285 286 285 285 290 292 291 291 290 290 289 289 290 290 291 292 295 299 303 317 341 338
215 220 224 227 229 231 242 243 243 241 241 242 256 254 255 261 259 259 267 271 273 277 277 279 282 279 278 278 267 246 275 288 286 284 282 281 280 280 282 282 272 269 266 248 267 272 263 248 257 283 284 283 284 283 281 283 280 275 275 273 273 279 286 290 292 294 294 292 294 294 285 279 280 283 285 284 285 289 294 293 292 291 290 289 289 288 288 289 290 291 293 295 305 336 345
218 222 226 228 229 231 232 241 243 242 241 241 263 264 253 246 249 260 264 267 271 274 271 259 279 281 278 274 250 241 292 290 286 284 282 280 279 279 280 282 274 277 297 334 306 277 256 252 269 289 283 281 272 275 281 275 271 272 276 279 278 284 289 294 297 295 287 294 288 284 275 276 280 283 285 287 288 290 293 294 293 292 291 290 289 288 288 288 288 287 287 287 293 318 344
222 225 227 229 230 231 237 239 241 257 239 238 256 262 250 242 243 252 257 260 267 268 273 262 278 282 280 268 238 242 294 294 287 282 279 279 277 280 281 275 278 284 301 334 343 327 272 269 286 287 280 267 267 275 275 268 270 298 287 288 287 288 292 295 298 292 284 278 271 264 273 280 283 285 288 290 291 290 292 294 294 293 292 290 289 288 287 287 286 286 285 285 290 312 339
226 227 228 229 230 230 230 239 257 259 238 238 248 250 255 259 257 259 262 260 266 269 268 269 273 278 277 250 245 285 301 301 295 287 275 277 278 279 279 273 277 286 304 329 356 1 346 299 294 273 265 263 268 273 268 268 287 298 294 295 292 295 290 293 293 294 281 260 258 269 283 286 287 288 291 294 292 290 292 294 295 294 293 291 290 289 289 287 286 286 286 286 288 305 338
229 228 228 229 229 228 237 237 256 258 237 254 249 251 263 268 269 268 270 267 270 272 266 266 272 273 266 253 263 299 305 309 308 273 257 276 278 279 280 271 277 292 313 342 6 9 352 314 290 267 262 268 283 281 278 289 304 303 306 303 294 290 287 290 290 294 281 265 266 281 289 289 289 290 293 296 293 291 293 295 296 295 294 293 292 290 289 287 286 286 286 285 284 283 306
229 229 228 236 235 235 235 236 236 257 237 256 264 253 254 264 268 271 273 272 273 275 266 266 269 271 261 259 288 297 301 306 305 292 257 277 281 277 283 278 281 299 331 358 12 13 350 326 286 266 269 285 288 279 278 288 296 301 299 301 298 286 284 285 282 288 290 281 280 285 289 290 290 290 292 297 296 295 296 298 297 296 296 294 292 290 289 289 287 285 285 284 286 286 290
228 228 227 235 234 234 234 235 236 258 254 256 266 267 248 236 252 259 268 269 269 276 274 274 273 274 273 284 289 280 294 289 312 24 271 269 283 279 285 281 289 301 345 24 44 243 53 270 253 301 274 288 280 280 286 285 304 298 297 301 293 280 285 274 272 277 295 298 290 287 289 292 291 289 292 301 303 300 299 299 298 297 296 294 292 291 292 292 291 288 285 285 294 312 325
228 228 228 227 233 233 233 235 236 256 256 255 265 264 261 240 248 242 259 268 271 276 276 273 274 277 275 267 271 280 287 282 302 197 296 275 282 281 281 285 293 298 311 92 95 120 156 171 202 296 289 289 289 286 289 293 300 291 292 300 275 269 270 268 264 274 298 309 301 295 294 294 290 289 294 305 308 307 302 299 298 297 296 294 293 292 292 292 291 292 291 290 301 326 344
228 229 229 228 228 228 234 235 254 258 260 255 259 267 272 265 265 265 268 277 280 282 281 270 267 278 271 275 263 271 292 287 295 199 316 279 284 282 279 282 285 262 177 137 119 121 213 161 218 283 291 276 290 294 286 284 296 284 287 290 266 262 267 269 273 288 302 308 307 303 299 295 290 290 296 304 311 314 305 298 297 297 297 295 292 290 289 291 291 296 299 295 304 339 355
228 230 230 230 231 230 235 235 236 260 264 259 259 270 272 267 267 268 268 270 277 283 286 281 272 277 283 284 289 285 292 298 271 221 338 289 289 282 277 275 271 218 172 148 134 125 120 137 258 273 291 277 289 279 291 278 275 276 280 274 263 265 271 295 281 282 291 303 307 308 307 301 293 293 296 301 308 316 304 295 295 297 297 295 291 287 286 288 290 296 298 290 292 352 16
229 230 231 232 232 231 236 236 236 258 263 261 257 261 274 274 270 269 270 268 272 283 286 286 280 280 286 276 297 289 290 300 262 234 220 295 298 288 273 272 249 191 167 204 134 180 102 67 306 294 275 291 287 285 281 268 270 272 276 282 282 279 296 291 285 284 296 308 314 314 319 314 300 297 297 297 299 308 300 294 294 297 297 294 290 285 281 279 282 291 297 285 264 197 104
230 231 233 233 238 237 237 236 249 253 261 259 258 258 269 278 273 273 274 273 276 286 288 285 282 280 282 264 288 290 294 301 250 218 216 312 309 295 286 273 229 188 206 155 203 92 80 68 290 301 276 291 286 281 274 261 272 283 282 293 304 296 286 287 284 305 299 300 308 313 320 318 303 297 295 288 284 300 303 298 296 298 297 294 290 283 276 270 272 284 295 281 249 213 177
232 234 235 234 238 238 240 239 245 249 258 263 267 260 259 267 270 273 278 277 280 289 290 282 278 279 284 251 281 286 297 301 241 223 249 325 289 291 296 262 235 215 210 212 218 220 204 64 289 307 275 293 285 284 279 266 267 276 286 300 303 294 283 271 279 301 297 289 289 300 313 314 300 292 287 280 290 309 312 307 303 301 300 296 291 284 274 266 262 262 271 265 244 246 241
235 236 237 236 236 240 241 243 242 254 260 267 274 262 257 264 269 273 279 278 281 289 292 281 272 272 281 268 275 276 290 272 257 263 277 288 296 286 267 253 235 216 214 224 234 239 256 63 340 279 272 292 269 291 272 274 260 256 275 283 286 283 274 272 285 298 297 291 286 288 298 303 297 292 294 299 304 312 315 313 309 306 303 298 292 285 276 267 256 246 238 217 208 203 184
237 238 238 239 239 241 242 258 265 264 265 268 276 285 271 268 273 277 281 280 282 290 291 290 278 275 278 290 287 280 280 280 289 278 277 287 289 267 256 248 228 217 221 228 223 220 234 231 282 277 266 287 262 293 272 269 259 255 258 266 274 278 280 282 284 284 282 276 270 271 283 296 298 301 313 312 308 310 312 312 311 309 306 300 293 287 281 272 257 250 246 219 194 191 221
240 240 240 240 240 244 243 243 258 261 261 267 272 282 281 271 279 286 290 290 292 297 296 298 291 287 288 290 290 277 287 293 306 286 282 291 273 249 261 247 232 229 232 232 217 208 212 189 250 258 258 287 263 271 266 259 256 256 257 254 249 257 267 271 274 272 267 266 267 274 292 293 294 302 315 314 308 307 308 310 312 312 310 305 298 293 287 279 269 262 255 230 207 203 218
242 243 242 242 242 246 246 246 256 259 256 257 263 268 281 273 275 283 289 293 298 299 301 301 296 293 293 292 302 270 283 293 285 317 287 271 245 238 263 250 242 242 245 245 236 217 207 166 202 223 237 250 261 270 259 240 211 212 233 245 254 237 243 244 241 238 241 247 254 264 274 279 280 288 305 309 304 304 305 307 312 316 315 312 307 303 297 288 276 266 257 234 208 207 234
243 244 244 244 244 251 251 249 258 261 262 263 272 277 282 276 269 272 277 284 295 303 304 302 302 299 293 290 303 276 286 295 283 284 298 256 241 247 248 234 242 251 251 246 245 237 227 168 181 201 219 231 234 225 212 198 185 186 229 233 241 250 257 226 222 221 228 237 245 251 255 255 262 275 290 300 300 300 301 303 308 313 313 314 313 312 308 303 268 269 259 243 219 218 256
243 244 252 245 255 255 254 253 263 263 270 277 284 283 283 279 272 266 263 266 274 288 298 304 307 309 304 296 297 304 292 306 294 275 269 267 264 264 259 251 251 251 243 242 263 251 177 171 168 180 200 219 222 211 199 193 190 191 196 211 223 249 255 243 255 260 232 241 248 258 259 270 278 292 308 320 320 315 308 304 308 313 311 313 316 316 316 321 288 281 266 254 246 239 265
245 245 246 254 256 255 255 273 273 274 273 273 278 284 287 282 275 270 266 267 270 275 279 287 302 315 315 306 304 294 297 318 307 274 267 266 266 264 268 272 265 262 266 262 268 284 294 156 157 149 146 219 227 224 217 206 201 199 199 206 221 225 251 249 250 255 258 248 237 247 281 312 318 283 324 331 335 330 321 313 317 323 319 317 322 322 323 328 328 273 272 265 270 260 259
248 249 250 250 257 259 257 256 268 269 264 256 259 270 285 290 290 293 296 291 284 276 273 270 263 258 286 303 311 294 300 336 325 277 265 260 257 250 245 245 252 262 266 254 244 259 278 296 141 144 97 350 272 248 242 228 218 211 209 242 241 241 218 218 195 201 204 217 224 230 265 306 277 332 322 319 325 330 327 320 322 327 327 324 329 330 328 330 339 320 287 280 283 288 288
251 253 254 258 259 284 282 260 266 264 261 258 260 263 269 277 282 285 286 276 265 263 262 255 249 247 254 270 291 294 289 291 332 292 267 244 237 216 191 181 174 178 198 237 254 251 250 265 297 203 229 298 286 266 256 248 235 227 223 220 217 221 223 254 229 200 200 204 206 262 246 275 332 319 319 319 319 326 291 323 320 324 328 326 336 338 333 334 344 312 303 288 285 292 294
255 257 258 261 262 262 264 264 265 257 256 263 265 261 256 258 260 255 249 247 250 256 256 251 250 250 256 256 253 277 260 268 301 314 297 288 260 237 232 231 177 209 188 201 210 136 131 241 264 285 304 235 245 331 266 261 249 248 251 246 213 207 206 205 205 206 203 204 207 219 242 246 282 316 328 336 332 331 334 331 326 324 322 320 335 346 341 339 345 339 309 289 288 299 302
259 261 262 265 265 266 246 267 256 255 260 263 260 257 255 257 257 253 252 258 259 256 256 256 252 252 261 258 248 262 252 273 292 302 315 321 324 255 252 288 256 236 173 160 142 145 153 151 226 256 281 301 303 324 320 314 313 315 286 283 277 284 214 220 220 212 207 209 218 234 244 243 264 307 330 345 343 342 343 340 337 330 323 321 333 355 353 343 344 344 321 295 293 311 323
263 264 266 267 268 268 245 270 262 264 267 266 266 265 265 265 261 257 255 256 253 255 264 264 255 260 268 261 254 247 268 278 299 285 302 314 315 315 316 250 207 282 177 173 215 234 244 237 239 244 248 261 266 279 292 312 313 312 322 310 312 314 318 316 313 313 322 332 338 337 334 240 255 266 288 325 342 353 355 352 348 342 333 328 337 359 357 348 345 348 337 310 301 313 332
267 268 270 268 269 271 248 274 277 268 271 274 277 275 270 267 261 254 253 256 258 266 272 261 258 263 268 264 263 278 292 293 311 288 278 281 282 287 303 331 320 305 305 220 202 195 195 199 189 266 267 266 256 248 226 233 256 257 261 259 282 317 324 316 309 307 310 316 329 334 331 329 332 249 247 249 288 339 355 2 1 351 340 333 337 298 346 351 349 350 311 317 308 311 332
270 272 273 270 272 253 274 278 281 273 276 277 276 270 265 264 258 255 260 272 277 279 272 264 263 266 271 268 268 270 290 281 293 272 256 262 277 276 272 277 296 284 281 289 297 302 235 201 302 298 292 307 221 308 292 287 284 288 210 203 297 311 319 314 312 311 305 288 281 284 289 310 324 330 329 339 260 272 302 3 8 360 347 342 340 334 332 346 355 353 348 308 311 306 320
