examples/cougarCreek-fire/createInputs/WindNinja/wrfout_d3.2015081012.f14/cougarCreekFire_08-11-2015_0200_217m_non_neutral_stability_ang.asc
ncols	146
nrows	140
xllcorner	610065.000000
yllcorner	5095217.000000
cellsize	216.586807
NODATA_value	-9999.000000
[rows 42 to 83 of 140, columns 0 to 94 of 146]
273 275 277 278 277 282 280 285 286 288 290 278 275 267 263 261 259 267 279 284 284 277 269 273 265 276 275 269 268 268 277 266 304 282 262 259 269 267 262 262 272 280 278 278 274 267 274 288 304 260 304 306 326 325 316 182 178 330 336 324 204 319 304 235 224 213 199 197 198 195 341 312 301 298 302 236 307 349 270 328 14 10 355 347 349 349 342 343 354 355 352 341 314 289 284
277 279 281 283 282 254 286 288 291 294 282 272 262 261 261 262 268 275 280 283 280 270 277 271 274 281 272 272 272 271 268 276 289 326 307 269 262 260 257 247 247 261 266 257 235 233 241 250 267 285 286 288 308 309 306 308 298 297 260 234 211 191 179 166 161 155 155 77 79 82 77 47 17 19 38 43 13 321 311 311 9 24 5 352 354 353 356 357 348 352 359 354 331 303 295
280 282 285 288 290 286 291 293 296 281 271 270 267 264 265 267 267 268 276 276 270 274 276 276 279 280 277 276 275 275 272 276 270 285 308 316 308 272 294 251 235 225 219 209 203 218 242 263 279 277 269 280 294 288 272 250 220 195 184 178 163 159 143 78 99 116 127 130 132 129 127 124 98 59 35 37 54 77 73 357 321 19 13 5 357 350 360 9 359 347 360 6 352 337 323
283 285 290 293 289 292 295 297 299 272 278 270 269 275 273 269 272 273 282 281 276 275 279 283 282 281 281 273 277 274 279 265 302 289 290 294 337 342 329 301 235 174 161 144 128 200 236 261 286 299 283 253 248 228 293 238 164 130 130 133 87 104 106 109 112 115 128 139 139 134 115 96 39 22 29 43 57 71 95 45 336 5 31 25 9 356 356 14 13 356 0 13 357 347 344
285 288 286 295 291 293 273 299 271 282 272 271 278 274 270 270 271 289 290 288 285 282 291 289 289 286 281 281 278 272 284 287 268 261 261 285 340 2 352 346 28 30 73 85 117 240 241 252 258 230 212 207 280 60 141 157 126 100 116 122 126 117 105 107 108 106 110 125 229 134 124 78 10 32 73 92 78 67 71 102 358 351 40 40 30 17 356 8 20 17 329 11 3 11 15
286 269 286 296 298 293 280 271 270 274 273 279 283 280 280 288 311 302 294 289 281 293 299 287 288 283 279 281 280 272 274 307 277 282 274 279 341 339 340 6 28 31 50 56 292 267 255 254 217 208 115 93 93 102 104 110 119 128 142 146 128 94 77 77 78 85 104 118 132 140 132 47 33 83 100 114 102 73 69 88 198 308 19 46 45 37 6 359 19 28 23 10 15 29 17
286 283 271 275 274 275 276 272 295 275 301 304 288 291 309 313 305 304 296 288 285 300 305 291 288 289 288 284 288 280 279 276 312 300 293 288 354 347 345 355 11 42 58 63 312 277 253 246 222 166 126 131 143 116 101 117 128 137 148 170 186 91 83 91 82 82 88 106 120 137 97 16 56 77 86 102 130 91 77 76 111 197 112 60 54 62 35 4 15 27 34 32 25 29 26
266 283 288 280 291 270 274 295 298 300 304 307 310 312 300 296 292 290 293 289 289 296 296 296 297 292 290 287 286 294 288 289 288 287 302 297 5 34 12 354 52 349 72 75 73 273 129 179 141 134 142 148 159 145 102 110 129 145 155 175 195 186 119 105 112 98 82 70 66 52 12 50 82 92 94 99 115 101 86 80 87 136 135 90 62 51 92 31 19 32 50 48 30 35 46
285 276 280 287 284 299 303 299 301 303 307 311 313 299 292 293 292 297 297 298 291 300 304 303 303 301 315 289 298 293 292 294 296 309 310 310 13 35 15 354 358 346 340 16 91 90 81 139 140 141 144 154 160 154 131 105 109 144 164 171 181 188 166 132 120 109 92 70 71 78 104 117 120 126 122 115 112 110 97 81 62 78 111 105 77 49 40 33 28 59 49 42 30 40 47
286 289 286 295 299 302 298 301 304 308 312 314 315 297 297 318 296 298 295 292 298 300 298 316 296 294 289 312 303 297 300 300 298 317 316 324 26 38 22 20 19 358 340 325 3 15 76 79 110 126 147 150 153 150 114 106 108 131 163 195 200 174 169 158 140 128 119 110 121 143 158 150 137 134 132 123 118 121 101 73 47 38 51 82 98 80 40 35 35 39 43 37 36 47 50
272 287 295 298 300 296 307 303 307 311 313 297 298 299 302 301 299 297 296 297 302 298 300 328 296 330 328 316 299 304 308 307 314 303 308 342 32 39 21 13 10 352 329 316 322 339 351 55 71 75 56 53 134 217 105 97 103 119 116 168 191 199 159 152 145 150 150 128 125 155 163 143 125 108 97 96 92 92 85 70 57 47 50 61 74 77 59 49 49 52 52 51 59 66 62
297 298 297 297 292 295 288 289 293 308 293 304 316 313 313 313 315 297 297 301 293 307 309 328 306 333 305 302 299 301 333 343 291 288 294 354 35 36 40 38 33 347 325 313 315 315 312 321 335 4 28 17 191 188 124 130 86 63 38 50 78 27 126 123 124 141 138 115 91 91 115 107 81 61 65 71 85 80 79 83 85 81 71 68 62 45 52 70 65 61 55 55 65 70 66
300 304 299 295 291 284 298 292 296 296 300 316 313 310 291 296 315 323 300 306 327 330 311 308 315 313 303 299 293 290 328 300 318 280 294 5 44 24 37 19 35 5 32 315 297 298 297 296 290 294 335 10 39 163 124 108 85 76 50 51 52 43 85 87 86 95 99 81 58 54 63 70 68 66 73 77 82 85 85 87 91 95 93 82 63 45 52 50 51 60 58 57 61 65 68
294 301 300 284 292 292 297 293 297 297 310 311 311 311 293 316 316 304 324 329 331 315 312 311 308 302 298 292 290 284 324 334 285 277 288 345 31 32 23 41 46 16 39 24 8 349 337 317 295 307 305 316 1 182 119 100 86 78 44 39 32 9 0 71 72 76 325 70 62 61 64 71 85 96 91 87 83 81 83 89 94 101 107 84 66 63 64 51 46 54 59 64 65 68 73
286 293 299 280 291 298 296 291 313 307 298 296 305 313 317 307 314 319 328 335 337 308 303 307 303 300 298 299 292 288 320 282 280 271 278 309 22 52 11 53 13 11 9 37 17 2 336 356 282 287 306 321 318 186 111 94 73 57 57 13 358 63 66 65 69 76 78 81 86 88 88 89 87 92 94 93 89 86 89 95 103 110 104 91 81 79 76 71 67 66 67 68 68 74 81
296 309 309 291 290 297 293 299 299 291 295 286 300 309 301 302 307 300 327 343 342 297 299 318 300 300 302 301 293 297 292 290 284 271 281 311 10 77 52 4 78 350 347 53 28 10 3 5 353 345 248 288 308 122 91 74 56 51 53 56 62 73 82 86 91 93 95 95 92 91 91 86 80 88 96 98 101 100 92 86 84 79 87 104 105 88 78 76 71 73 76 74 75 83 88
305 326 320 291 291 289 286 293 288 292 287 288 298 303 289 300 307 314 328 355 340 296 321 321 316 301 321 300 300 306 299 298 290 274 283 302 22 15 53 68 351 89 74 36 28 16 10 20 21 356 338 320 279 154 84 71 70 78 81 81 85 94 101 105 107 105 99 87 81 91 93 91 98 105 107 106 103 84 89 79 68 60 68 81 91 88 81 71 60 66 72 75 85 93 95
297 324 321 293 292 282 290 294 299 289 291 302 295 309 310 312 313 319 337 7 340 321 321 316 301 318 319 298 303 299 304 300 292 279 282 280 19 74 78 133 105 20 1 350 104 356 5 27 33 29 12 347 320 355 78 92 93 95 97 98 100 102 104 103 100 92 79 77 93 105 108 110 111 110 85 94 92 84 84 84 79 74 73 70 67 70 76 75 74 75 69 77 92 99 101
294 316 317 298 284 291 296 308 292 296 305 305 309 312 315 314 312 331 356 9 332 311 312 301 316 317 301 296 299 303 302 298 292 284 282 278 226 102 95 141 316 345 345 340 338 342 339 344 24 42 35 15 0 14 73 94 97 96 95 96 98 102 106 102 81 72 73 95 109 114 115 114 89 84 93 93 81 75 82 89 88 87 85 81 77 76 74 70 71 77 81 88 93 100 105
305 318 315 303 298 296 306 313 310 309 309 310 313 315 316 315 323 350 18 7 322 296 313 314 322 316 315 300 302 302 299 301 291 289 300 287 240 65 103 307 317 344 353 341 334 335 331 325 328 25 35 24 21 39 73 86 54 66 80 75 76 95 96 88 68 72 91 105 111 115 93 92 96 87 82 83 82 81 84 89 90 93 93 89 89 90 84 73 68 71 80 90 95 101 107
321 322 313 306 303 303 309 312 310 311 312 312 314 314 310 306 333 14 26 351 319 301 303 317 317 316 316 303 302 300 296 292 290 285 311 314 199 297 268 289 303 334 345 338 337 345 358 331 323 337 11 16 26 45 61 68 120 75 106 88 69 66 70 69 72 89 97 74 81 91 103 94 85 78 78 78 87 91 86 88 97 102 99 94 87 84 84 82 74 70 72 88 98 105 110
325 322 312 307 306 305 307 310 312 313 312 310 310 310 307 322 347 27 24 337 305 303 310 302 316 316 316 303 302 299 296 296 290 287 332 22 338 306 285 288 298 329 339 337 341 345 345 338 331 333 345 356 16 33 41 48 189 56 90 120 67 68 70 59 69 72 68 102 105 88 86 87 83 80 81 87 93 94 89 94 107 114 110 105 88 74 76 80 75 71 75 95 107 112 116
321 318 313 309 309 309 311 314 315 314 308 305 308 311 314 325 0 36 30 334 319 313 300 300 315 315 314 301 299 299 298 295 292 305 349 5 333 317 305 298 303 330 338 340 342 348 344 333 336 332 329 346 4 14 23 30 35 87 43 80 51 86 53 90 107 87 101 91 78 109 77 80 81 99 79 78 74 78 89 95 104 119 123 118 101 87 81 73 64 68 88 106 114 119 123
318 316 312 311 312 314 316 315 313 305 302 300 296 307 309 319 12 46 26 327 321 318 297 300 312 313 312 311 298 299 299 299 295 315 349 348 317 316 310 296 303 324 335 341 348 348 327 314 329 305 319 337 1 8 194 13 18 23 25 111 33 40 44 106 104 51 73 94 115 124 75 69 64 89 71 67 66 77 92 97 100 106 114 123 114 98 84 71 72 94 107 112 121 125 128
318 315 311 310 314 317 316 310 306 303 300 296 290 302 303 309 22 52 20 326 322 318 316 319 311 313 312 311 301 302 303 312 315 329 344 336 307 317 310 289 300 309 327 340 347 345 323 317 319 250 315 332 2 2 359 1 7 12 13 11 81 25 59 110 72 30 65 107 89 88 74 65 60 93 67 68 73 76 99 99 97 93 91 104 118 101 86 79 95 120 121 119 118 123 123
320 316 312 310 312 314 312 308 304 301 297 293 290 301 306 313 19 35 13 307 322 311 317 319 299 321 311 310 300 299 306 320 326 327 331 327 307 318 308 293 301 299 322 338 351 344 334 322 337 271 308 315 345 338 219 354 0 5 6 1 2 77 61 41 116 18 39 62 70 74 73 67 65 70 69 119 77 85 90 86 78 72 73 81 109 114 100 93 97 112 122 124 118 111 111
319 316 312 305 308 308 306 306 298 296 295 302 302 308 312 323 14 42 6 317 320 299 317 313 301 320 317 309 296 303 303 318 323 315 316 320 307 313 306 292 296 284 327 337 352 348 333 336 325 320 304 316 325 324 331 345 357 5 4 137 1 7 27 95 59 12 25 52 61 80 64 58 58 69 78 82 105 75 65 61 58 53 60 72 83 99 107 115 110 109 112 117 124 123 113
315 313 309 300 301 297 297 296 295 294 294 296 294 309 314 330 18 40 356 321 309 298 299 311 300 320 316 309 310 304 300 314 324 318 311 306 305 310 306 295 290 290 304 333 351 355 336 321 320 324 325 327 326 322 323 331 347 2 3 342 25 355 352 38 78 12 17 41 53 56 82 47 49 58 71 82 82 73 65 63 62 61 67 75 77 87 104 120 125 121 115 112 120 138 140
313 311 306 298 298 293 294 293 293 292 291 292 301 307 317 338 21 31 345 320 317 297 305 298 319 319 311 309 302 300 302 308 325 320 309 306 304 313 306 296 290 288 295 324 344 357 348 327 326 328 325 328 327 347 325 326 334 351 0 5 4 356 344 351 9 16 16 32 47 51 107 42 39 46 59 75 98 82 84 81 85 79 76 79 81 98 114 121 125 130 137 140 133 141 154
314 310 306 305 296 291 292 297 292 290 289 289 304 300 314 342 16 21 345 318 315 296 314 307 319 318 310 311 303 315 301 313 327 328 305 302 310 313 305 293 290 302 298 303 332 351 350 342 329 328 328 327 333 339 7 329 331 341 355 1 1 83 347 348 3 14 11 16 65 45 46 84 37 39 52 94 104 80 85 90 93 94 92 132 69 92 104 98 129 133 143 147 153 156 161
312 309 306 305 296 290 291 297 291 290 288 289 291 299 314 346 20 26 348 314 313 313 313 308 318 316 307 302 299 299 300 315 323 307 300 301 311 320 297 294 295 311 310 284 323 345 355 350 330 323 328 325 350 295 326 327 329 335 348 356 354 354 106 350 353 0 3 7 25 55 44 42 35 32 50 68 107 108 104 103 84 96 109 141 101 103 113 142 157 149 152 144 155 167 168
308 306 305 305 295 291 291 295 290 290 289 289 291 307 313 355 38 38 341 310 312 313 313 301 318 310 298 309 299 311 301 316 320 305 305 302 320 320 296 294 289 311 311 284 302 331 348 337 326 322 326 324 343 324 322 326 329 336 344 346 345 349 343 38 351 353 358 6 20 34 38 68 71 29 46 89 72 106 113 115 97 88 99 123 141 120 91 118 163 163 151 139 144 164 173
304 304 303 304 293 289 290 289 290 289 288 288 303 287 303 1 55 38 323 309 313 313 313 310 318 310 300 302 309 300 309 316 312 313 305 303 322 323 297 293 290 304 312 285 302 316 334 337 324 316 321 332 327 323 323 340 329 340 343 335 335 340 344 28 346 347 353 1 1 61 109 49 22 21 29 93 57 113 117 71 78 83 87 102 125 140 119 111 156 177 171 155 147 157 173
301 302 302 294 293 293 292 288 288 287 290 287 286 284 306 5 60 13 314 297 314 314 315 318 319 310 302 312 301 303 306 315 303 313 305 315 325 316 297 293 291 310 309 310 306 302 326 333 326 311 319 321 323 323 322 321 333 338 339 332 331 334 335 328 341 344 353 357 346 345 360 12 10 358 354 0 17 32 122 122 119 77 79 102 120 133 137 125 150 183 186 179 172 166 174
301 301 302 292 293 292 291 292 288 291 299 300 303 306 314 15 42 347 314 311 314 315 317 320 313 304 301 310 303 300 302 310 301 303 306 323 325 308 309 294 297 311 311 311 308 308 324 333 332 316 317 319 322 323 323 314 332 331 331 331 330 328 330 332 325 340 351 352 340 342 8 29 9 341 170 173 339 343 349 111 22 94 46 206 181 141 131 143 158 185 194 189 187 181 177
301 301 301 291 291 293 293 292 292 294 300 295 304 310 322 13 17 331 313 312 314 315 318 314 319 305 319 298 298 298 302 302 302 299 308 322 324 305 306 292 308 312 313 312 309 306 307 328 335 323 318 319 322 322 323 318 338 329 327 329 342 323 325 326 326 333 344 344 332 337 349 121 202 202 327 323 320 156 306 149 131 291 263 244 220 211 200 184 180 190 197 197 197 194 186
301 301 301 291 292 303 292 288 292 293 291 285 303 311 334 13 353 318 311 312 313 315 317 321 328 324 315 296 297 307 298 303 299 299 311 320 321 309 292 292 313 314 318 312 318 307 305 316 325 322 314 321 323 321 320 324 341 338 333 323 321 318 321 323 322 326 334 335 323 324 327 317 205 213 318 315 201 212 88 286 286 279 260 247 235 231 228 218 214 206 200 204 207 205 197
300 300 301 291 292 303 291 291 292 291 289 285 284 306 346 7 334 316 310 312 313 315 306 324 328 319 293 293 294 298 300 306 303 297 312 321 321 309 294 293 315 315 313 311 317 308 306 302 312 320 316 322 322 316 314 306 329 347 295 318 317 317 320 324 321 294 324 328 323 319 315 310 309 310 259 249 303 292 313 283 285 276 265 259 248 237 234 227 226 225 213 216 221 219 210
300 300 301 292 292 302 302 291 291 290 287 287 287 304 347 347 324 315 312 312 313 314 318 332 326 294 292 309 294 304 296 300 299 297 313 323 322 311 304 296 316 317 314 312 311 309 306 315 303 315 319 322 319 310 310 316 326 332 300 312 313 316 322 340 321 311 315 323 321 314 321 314 303 305 319 307 301 290 280 276 275 273 266 261 256 250 240 227 230 233 227 228 237 238 235
300 300 300 293 303 303 302 292 291 291 290 290 288 311 336 328 316 313 313 312 312 315 324 340 328 303 308 307 299 299 302 296 297 297 313 320 315 298 297 314 317 317 318 315 316 308 304 312 309 311 318 321 316 308 313 320 322 315 289 291 306 309 317 324 316 302 277 313 317 311 310 301 302 301 307 309 299 287 271 259 258 267 262 253 250 250 242 232 236 238 232 227 232 238 237
300 300 300 292 303 303 303 292 292 293 292 304 293 321 331 321 315 313 313 312 300 311 331 341 321 294 308 306 293 301 302 296 298 302 312 315 310 303 305 315 318 319 320 317 317 309 302 309 285 303 317 319 314 308 310 331 281 297 288 288 285 302 310 321 319 304 298 296 311 302 312 313 276 296 302 309 296 283 267 260 258 256 252 244 241 241 239 239 243 243 237 231 232 229 224
300 300 300 302 303 303 303 292 293 295 295 307 294 324 317 319 314 312 311 302 299 320 340 340 314 312 309 307 294 306 297 297 307 309 309 312 299 312 306 313 315 320 323 317 316 312 310 307 291 297 315 317 312 297 289 272 306 296 297 290 289 287 310 321 328 322 308 288 306 303 313 314 283 296 297 303 294 246 279 276 266 252 240 235 238 239 237 238 242 243 241 239 241 235 223
