examples/cougarCreek-fire/createInputs/farsite/7a-cougarCreek-polygonIgnit/cougarCreekFire_08-10-2015_1400_217m_non_neutral_stability_ang.asc
ncols	146
nrows	140
xllcorner	610065.000000
yllcorner	5095217.000000
cellsize	216.586807
NODATA_value	-9999.000000
[rows 0 to 46 of 140, columns 0 to 95 of 146]
188 185 181 181 183 183 182 181 181 181 182 184 185 184 180 177 181 182 179 179 174 169 170 173 173 172 170 169 168 167 167 167 164 161 159 158 159 150 158 161 158 157 161 157 157 156 161 160 159 159 159 158 158 158 158 159 160 160 158 157 157 156 155 155 155 156 154 152 152 154 156 157 156 153 150 153 161 160 146 136 136 141 143 134 137 139 158 144 144 146 163 146 141 162 161 159
188 185 181 181 183 183 182 181 181 181 182 184 185 184 180 177 181 182 179 179 174 169 170 173 173 172 170 169 168 167 167 167 164 161 159 158 159 150 158 161 158 157 161 157 157 156 161 160 159 159 159 158 158 158 158 159 160 160 158 157 157 156 155 155 155 156 154 152 152 154 156 157 156 153 150 153 161 160 146 136 136 141 143 134 137 139 158 144 144 146 163 146 141 162 161 159
192 186 177 178 182 183 180 179 178 178 181 185 186 184 179 176 180 183 183 183 175 165 167 173 174 172 170 169 168 167 167 168 166 162 159 158 158 160 160 160 160 161 160 160 159 160 160 160 159 159 159 159 158 158 158 159 160 160 158 157 157 157 156 156 156 157 156 153 153 154 157 158 157 155 151 153 163 168 158 143 139 145 146 148 153 157 159 160 160 161 165 166 166 165 163 162
196 187 171 172 182 184 179 176 174 174 179 185 188 185 179 176 177 182 187 188 177 163 163 174 176 172 171 169 168 167 167 168 167 164 160 158 157 158 159 159 159 159 159 158 158 159 159 159 158 158 159 159 159 158 158 159 161 161 159 158 157 157 157 157 158 158 157 155 154 155 158 159 158 156 151 153 169 180 172 150 142 147 148 148 153 156 158 159 159 161 165 170 174 172 169 167
195 185 167 168 183 186 179 174 171 171 175 183 187 185 180 176 174 176 183 187 180 165 162 174 178 174 172 169 167 166 166 167 166 164 161 159 158 158 158 158 158 158 158 158 158 158 159 159 158 158 159 159 159 154 159 160 161 160 159 158 158 158 157 158 159 158 157 156 156 158 159 159 158 156 153 157 175 187 176 156 143 144 146 149 153 154 155 155 156 158 163 170 169 160 151 148
190 181 164 165 184 188 181 175 170 168 170 177 184 186 183 179 175 170 171 180 181 168 163 174 178 175 173 170 167 165 165 166 164 162 161 160 159 158 157 157 157 156 156 156 157 157 158 158 158 154 154 155 160 160 160 161 161 160 159 158 158 158 158 159 159 157 149 156 158 159 159 159 158 157 155 161 181 188 176 161 144 138 141 146 151 152 152 152 152 153 156 164 175 153 162 160
186 178 163 163 181 186 181 177 172 166 166 171 180 186 185 182 179 172 163 166 174 171 165 171 175 173 173 169 166 162 164 165 162 161 161 160 159 158 157 155 154 156 152 155 155 153 153 153 154 155 149 161 154 161 161 162 162 161 160 159 159 151 152 160 158 150 157 159 160 159 159 159 159 159 159 166 182 188 178 165 148 138 139 144 146 148 151 151 152 152 153 158 168 168 174 175
185 178 166 164 174 180 181 180 173 166 165 167 174 184 185 184 182 180 169 158 163 170 166 164 169 171 170 168 164 161 164 163 160 161 161 160 159 158 156 156 154 153 152 152 151 150 152 153 153 147 155 156 162 162 162 162 162 161 160 160 153 152 160 159 158 150 158 160 160 159 159 161 161 161 162 169 182 189 181 167 154 145 145 146 144 146 150 152 153 153 154 158 163 170 182 172
190 182 168 162 167 175 180 181 175 169 166 165 169 180 184 183 182 184 180 169 161 168 166 155 158 167 169 166 163 161 161 161 159 161 162 160 158 157 157 156 154 153 154 153 150 150 151 152 153 154 155 155 157 159 158 162 161 161 154 160 155 160 160 159 151 151 159 152 160 160 160 162 162 162 164 172 184 187 178 168 160 155 155 153 148 149 152 154 155 154 156 162 164 162 167 177
200 189 170 160 160 169 176 179 177 173 169 167 168 175 181 181 181 186 189 180 169 162 167 154 148 156 164 165 163 161 160 160 159 160 161 160 159 158 157 156 153 152 153 153 152 152 152 153 154 155 155 156 156 157 161 161 161 160 155 161 161 160 159 152 153 152 152 153 160 161 163 163 163 163 166 174 183 181 173 168 164 163 162 159 154 153 156 158 158 158 160 164 166 161 160 169
199 188 175 166 162 166 171 175 176 174 173 172 170 173 177 180 182 189 193 183 175 171 173 158 145 139 144 152 162 159 159 160 159 160 161 160 159 159 157 155 153 150 150 142 142 144 153 152 153 146 149 149 159 162 159 158 159 155 161 162 161 156 153 153 154 154 153 154 161 162 164 164 164 164 168 175 178 173 168 167 166 166 166 164 160 155 156 162 163 165 166 166 162 158 161 170
181 180 178 176 173 172 172 170 170 173 174 174 173 173 177 181 185 190 192 187 180 182 174 163 144 140 137 150 152 158 158 160 159 160 160 159 158 156 155 153 150 138 138 139 141 143 153 152 144 145 148 159 165 162 156 154 154 154 156 161 160 153 154 154 154 161 161 162 162 163 164 164 164 166 170 174 172 166 165 165 166 167 167 166 165 165 166 166 168 171 171 165 157 157 165 174
163 168 176 181 183 183 178 170 168 170 170 171 173 175 180 185 189 194 195 193 187 187 181 166 140 136 131 145 148 143 158 159 160 160 159 159 157 155 156 153 139 137 140 139 140 143 153 143 144 155 157 160 163 161 155 154 155 155 156 158 154 155 156 161 161 161 161 161 161 163 164 164 164 167 170 172 168 164 163 164 165 166 167 168 169 170 171 171 172 174 173 162 152 160 175 179
152 159 171 181 187 188 183 174 170 168 165 164 166 173 181 187 194 198 199 198 193 192 188 168 140 133 126 138 140 139 142 159 156 157 158 158 155 155 158 153 138 137 139 139 141 153 152 144 146 159 160 160 159 157 154 153 152 154 154 154 154 155 161 161 160 160 160 160 161 162 162 163 164 167 169 169 166 164 163 163 163 164 166 168 171 175 177 177 176 174 174 158 143 153 180 185
152 158 168 177 183 187 188 181 173 169 165 158 156 164 171 183 191 197 204 200 197 194 193 170 150 139 129 132 133 134 138 157 155 155 158 157 155 156 156 149 133 135 137 139 143 145 144 144 147 152 162 160 158 157 155 154 144 153 154 152 158 159 159 160 152 151 152 153 161 161 156 162 164 166 166 166 165 163 162 162 161 161 163 167 173 180 183 181 178 165 167 158 133 134 172 178
163 164 170 177 178 182 187 187 181 154 149 162 156 154 154 162 183 201 206 201 197 192 186 173 162 150 138 133 132 132 140 151 151 152 155 155 158 159 153 141 130 133 137 141 144 143 142 145 148 154 161 159 151 151 156 154 146 154 146 151 151 151 151 151 153 152 151 161 161 161 162 163 164 164 164 164 164 163 162 161 159 158 159 164 175 185 188 183 179 176 166 166 125 105 136 152
172 170 172 178 176 175 181 190 193 174 182 173 163 158 152 150 172 214 211 204 195 186 180 176 172 161 143 133 128 131 143 151 148 149 151 154 160 158 149 136 131 133 136 139 141 141 143 145 149 154 159 149 151 151 150 155 158 148 152 152 152 153 153 152 153 152 160 155 161 162 164 164 164 164 163 162 162 163 163 161 160 158 158 164 179 189 188 182 180 179 180 180 155 100 98 115
180 176 172 174 174 173 178 191 201 198 185 173 164 164 157 151 158 242 225 199 182 169 169 178 181 169 143 130 128 134 142 145 147 150 150 158 161 156 149 134 132 133 136 139 140 141 144 147 151 151 149 152 153 151 147 155 157 149 153 153 153 153 153 152 152 158 161 157 157 164 166 166 165 165 164 163 162 162 163 163 161 160 162 171 185 188 183 165 180 181 182 185 182 154 105 101
187 181 171 169 174 178 179 188 200 189 186 169 162 164 199 186 25 313 180 164 155 146 150 173 186 172 142 131 132 136 139 140 145 149 154 162 160 154 148 134 133 134 138 141 142 143 145 149 152 150 151 153 152 160 148 147 157 154 145 155 154 145 153 153 158 151 154 158 163 165 166 166 167 167 166 165 164 163 162 162 161 162 167 178 187 185 179 166 167 182 183 169 185 181 158 120
188 181 172 169 175 182 182 183 194 193 194 174 164 194 222 222 206 169 150 146 144 141 133 146 171 159 137 131 133 134 134 135 133 153 159 160 157 152 143 136 136 137 140 144 146 146 148 150 152 154 155 154 158 152 151 155 152 155 147 149 155 152 153 152 151 158 160 161 164 166 166 167 167 168 167 167 167 166 164 162 161 163 170 180 185 183 180 180 171 183 182 166 155 164 179 160
181 177 172 172 177 183 184 182 190 205 149 144 151 172 199 200 194 176 158 148 146 155 137 126 139 145 127 129 130 131 130 129 146 155 158 155 152 148 141 135 137 140 145 147 148 148 149 150 165 156 156 156 157 152 157 162 159 149 149 151 150 148 157 155 159 160 161 162 164 166 167 167 168 168 168 169 170 168 167 165 163 164 170 177 181 182 183 183 183 183 172 156 162 184 183 178
173 173 174 175 178 185 190 186 191 176 219 208 194 153 179 185 188 174 156 139 149 154 145 132 131 130 119 126 129 129 128 123 146 155 153 148 144 144 134 133 138 146 147 148 149 147 148 151 155 158 156 158 152 156 163 153 149 149 151 154 150 151 152 162 157 156 155 155 164 166 166 167 168 169 170 171 171 170 169 168 167 167 169 173 178 180 182 184 184 184 170 166 164 165 183 182
170 171 175 178 181 191 199 196 194 168 215 202 173 183 131 173 181 158 130 123 126 136 142 139 135 129 118 125 124 124 124 131 146 152 144 140 140 140 130 130 142 147 150 147 149 150 151 153 155 160 162 166 161 167 161 149 149 149 152 155 152 153 160 158 156 157 157 163 164 165 166 167 169 170 171 172 172 172 172 172 173 172 169 171 175 177 180 184 185 184 162 160 160 166 164 160
168 171 176 181 188 198 206 203 196 211 162 202 205 203 158 135 124 118 115 131 139 138 137 139 131 126 111 118 117 117 117 117 148 153 146 141 139 136 130 130 137 146 148 147 149 150 152 154 160 161 168 172 166 164 158 152 153 152 153 154 153 162 163 166 158 159 160 158 164 165 167 169 171 171 173 173 173 173 175 176 177 175 171 170 172 174 179 185 181 169 169 170 166 170 170 168
166 171 179 166 199 183 213 136 197 156 170 149 147 175 166 143 132 127 124 127 135 142 147 134 121 112 102 114 118 118 121 139 153 156 151 144 138 135 131 133 139 142 142 159 149 151 153 157 160 162 171 170 163 160 156 154 154 154 155 155 154 163 160 159 163 163 162 160 166 161 169 171 172 173 174 175 175 175 176 178 179 178 174 170 169 172 178 186 189 172 172 168 167 170 175 172
163 146 161 129 136 133 132 138 136 146 164 157 144 153 166 152 138 131 128 125 127 141 150 143 126 112 104 114 129 125 123 143 149 137 151 142 135 132 131 138 146 141 141 144 147 162 154 170 161 166 172 168 159 159 154 152 152 166 155 155 155 164 158 157 164 165 163 162 163 164 165 173 174 174 175 176 177 178 178 179 180 179 176 172 170 170 176 185 168 169 176 171 168 169 175 173
161 168 166 121 140 142 125 128 130 142 156 151 145 144 161 162 147 137 134 127 127 141 149 146 146 122 107 114 138 119 126 134 128 131 138 141 138 133 134 136 138 139 140 143 146 149 153 156 162 169 172 165 159 159 154 150 151 154 156 156 156 163 163 157 158 160 165 165 165 166 166 174 174 175 176 177 179 181 181 181 182 180 177 174 171 168 173 185 165 164 171 192 174 171 173 192
136 136 108 118 125 128 128 117 114 126 147 145 152 143 146 150 143 138 139 132 132 144 150 145 156 134 126 117 136 120 129 135 131 133 137 139 137 137 140 140 141 143 143 146 150 153 156 160 164 173 174 165 159 163 155 152 154 155 156 157 157 157 157 159 161 163 168 168 168 167 166 174 175 177 178 179 181 182 183 184 184 182 178 175 171 167 172 187 167 163 166 164 164 194 192 192
137 132 126 119 115 120 136 139 128 120 147 150 164 135 131 139 141 137 139 134 135 144 149 138 134 136 132 125 135 127 135 137 135 137 136 137 140 142 142 142 145 146 147 149 153 166 169 174 168 178 173 164 161 163 152 154 157 156 156 157 159 158 158 158 159 161 168 170 169 169 168 176 177 178 180 181 182 183 185 186 186 185 181 175 169 168 174 187 170 167 198 196 166 163 193 193
156 144 136 121 113 116 125 142 150 143 145 154 160 165 144 141 144 138 137 134 134 142 145 140 123 121 127 131 133 132 139 140 138 141 139 138 142 144 142 143 146 147 155 165 167 166 169 165 178 176 173 168 163 157 154 158 157 156 155 156 157 157 157 158 159 166 166 167 168 169 170 177 179 180 181 183 184 185 186 187 188 186 183 178 172 172 174 181 194 168 165 172 167 166 195 195
196 168 146 138 129 118 116 122 139 145 148 152 154 175 160 147 149 149 147 145 144 150 148 146 134 127 127 131 135 134 138 141 144 145 144 147 147 141 140 148 153 154 163 167 168 167 159 172 175 174 174 173 161 156 157 156 154 152 154 156 157 158 160 161 162 168 168 168 169 170 171 177 179 181 183 184 186 187 188 190 188 186 186 185 182 175 170 174 188 167 167 174 171 169 197 196
227 202 149 133 131 118 112 119 131 134 130 142 146 146 159 149 151 151 156 159 160 162 157 154 142 135 136 135 138 136 135 139 148 148 147 154 147 140 142 151 151 154 164 165 166 167 169 167 174 177 177 175 162 159 159 158 154 154 156 157 158 159 161 162 163 163 169 170 171 172 172 173 175 183 185 186 188 189 191 193 190 188 184 185 186 177 171 172 186 169 168 169 174 170 169 198
231 215 204 144 125 127 125 124 123 141 138 136 143 152 157 145 141 144 153 159 168 172 167 161 151 143 141 138 140 137 135 136 146 151 150 151 149 144 148 144 152 161 164 163 163 163 164 166 171 177 179 177 172 167 167 161 157 159 161 161 160 160 162 163 164 174 166 176 167 179 179 174 177 185 187 188 189 191 195 197 197 195 177 173 179 179 178 177 187 173 171 170 175 171 170 200
212 211 221 204 161 152 142 131 128 132 143 156 164 160 149 144 139 132 135 145 158 165 169 169 157 148 144 141 141 139 136 139 146 149 152 154 152 152 155 154 157 163 163 161 160 155 160 162 164 168 172 174 176 169 168 164 164 164 164 173 165 165 164 176 175 169 176 170 172 173 172 173 182 184 186 188 191 195 199 201 208 208 174 148 161 177 185 188 190 183 173 169 176 173 173 203
216 218 181 213 187 154 150 147 146 147 146 153 154 156 156 141 135 129 120 126 142 162 162 167 163 157 153 148 142 135 139 145 148 149 151 151 151 151 150 150 148 151 149 149 147 149 151 158 156 152 155 162 170 176 176 175 172 169 167 168 169 169 175 164 163 169 169 171 173 177 176 177 174 176 187 192 196 199 201 205 212 211 188 138 137 165 190 202 191 198 177 170 177 175 172 205
129 143 154 161 185 173 145 139 142 142 141 135 143 151 151 156 156 157 159 151 147 148 153 157 156 159 161 156 146 131 139 147 151 149 147 147 146 144 140 138 145 145 156 158 158 156 143 147 152 148 140 141 154 165 176 181 178 174 171 170 170 168 168 167 165 171 171 177 176 175 175 172 174 177 190 194 197 200 204 208 210 213 198 154 141 154 194 209 188 193 178 171 178 176 173 206
152 148 152 156 183 177 171 143 140 140 133 127 132 142 142 143 147 148 150 145 143 142 150 141 141 150 161 157 150 138 141 152 154 155 152 152 151 146 145 145 144 141 159 160 162 161 158 156 147 150 147 139 138 151 166 176 177 177 176 175 173 172 172 177 169 172 171 170 169 170 172 174 178 189 192 193 198 201 205 208 210 214 201 161 146 156 188 206 198 193 179 171 178 176 174 208
141 143 149 150 147 154 150 141 134 133 129 131 131 127 132 132 129 131 130 124 122 127 126 134 128 141 149 148 145 146 139 138 150 158 165 164 163 165 164 164 164 163 163 165 163 162 160 159 145 149 152 150 147 150 156 164 171 174 177 179 179 179 180 181 180 177 174 172 171 170 174 177 179 190 190 194 198 200 205 208 210 214 209 166 138 150 179 206 212 195 172 169 168 174 172 208
202 197 154 146 137 136 164 170 119 118 113 123 119 117 115 117 115 109 107 109 108 107 108 105 109 120 137 133 131 137 135 124 123 137 157 166 172 179 178 177 170 166 173 168 167 166 168 167 164 161 150 152 152 153 152 157 162 165 170 175 177 179 182 184 184 182 178 175 169 157 150 165 181 185 191 195 197 201 206 209 212 216 219 193 127 127 159 196 207 199 187 170 164 173 171 208
188 148 140 140 133 118 166 114 121 115 119 118 111 113 112 114 110 104 102 106 104 96 101 104 100 102 124 128 126 130 135 135 132 120 128 137 138 152 179 186 180 171 173 171 165 165 166 163 160 169 168 151 149 146 150 154 154 157 164 166 171 178 183 184 185 192 194 192 182 134 103 112 149 175 191 186 192 204 207 211 214 218 220 215 145 86 122 171 197 206 213 181 163 170 170 169
166 116 119 116 166 164 167 113 121 120 118 121 120 119 116 113 105 95 87 84 85 91 103 101 96 104 131 128 132 133 133 138 141 130 122 119 117 119 138 164 169 171 169 169 170 172 172 170 170 167 165 163 168 170 167 164 163 167 168 168 161 177 180 184 190 196 202 205 205 171 81 60 46 42 59 119 164 198 204 211 217 219 221 221 192 75 83 138 177 217 227 210 171 168 168 170
164 158 107 96 159 158 167 115 121 119 121 121 121 118 107 104 93 78 77 83 91 100 102 90 85 97 124 127 133 134 137 134 132 124 122 124 124 126 125 128 153 147 146 147 152 164 166 169 172 174 172 173 174 173 170 168 169 170 172 172 179 180 182 188 196 203 208 210 210 208 119 27 20 26 24 28 48 71 169 207 217 222 222 221 214 141 89 106 142 210 242 233 183 169 170 169
135 84 81 104 115 152 108 120 117 119 123 122 121 112 106 95 86 85 92 97 101 100 93 78 79 97 118 111 126 125 129 137 135 135 129 129 129 131 132 134 136 144 146 145 143 139 144 158 164 170 170 173 173 172 172 173 175 177 180 183 185 186 190 194 199 202 202 203 204 207 211 243 338 13 18 24 44 62 73 136 216 225 224 221 216 199 141 104 112 154 241 232 201 177 169 173
168 154 115 177 154 154 117 121 119 121 123 119 125 117 100 82 90 94 102 105 102 90 75 66 85 107 102 115 117 115 120 141 146 141 140 134 135 136 137 137 136 136 137 139 158 156 156 159 153 166 173 174 172 170 170 172 176 179 169 184 185 187 188 188 188 188 189 191 195 198 201 203 203 198 194 24 40 60 78 102 178 230 219 223 215 208 190 147 98 104 217 238 214 189 179 180
180 177 176 121 115 107 120 118 116 118 108 108 83 75 75 73 82 75 88 97 91 80 70 73 87 96 88 94 103 109 111 129 144 147 147 139 141 141 141 142 151 146 158 155 154 155 148 154 168 174 178 179 176 173 171 172 176 181 181 179 180 180 180 180 181 181 182 187 190 193 194 195 195 193 192 195 185 87 88 112 129 221 237 228 215 206 198 186 145 111 137 246 222 190 208 190
115 122 119 105 104 101 112 110 106 96 142 45 56 74 75 69 53 69 89 94 91 85 82 79 84 84 69 70 90 101 101 104 125 136 142 144 143 144 144 145 148 165 159 154 155 147 147 165 174 179 184 179 181 175 172 173 176 176 173 172 173 175 176 177 177 172 178 181 186 187 189 189 195 195 197 198 197 189 129 103 116 158 238 216 213 203 185 195 180 147 139 228 233 187 212 220
166 159 160 93 90 86 82 91 79 139 34 46 64 71 65 59 60 87 100 102 99 89 82 74 69 67 61 69 91 93 90 91 99 116 129 133 142 146 145 146 163 163 158 148 145 149 154 169 175 186 191 189 181 175 173 175 175 169 166 165 167 171 172 170 171 170 172 181 183 179 182 183 191 199 191 192 202 202 185 128 104 129 224 228 213 204 200 198 192 179 156 183 226 219 213 220
