examples/cougarCreek-fire/createInputs/farsite/7a-cougarCreek-polygonIgnit/cougarCreekFire_08-10-2015_2300_217m_non_neutral_stability_vel.asc
ncols	146
nrows	140
xllcorner	610065.000000
yllcorner	5095217.000000
cellsize	216.586807
NODATA_value	-9999.000000
[rows 72 to 107 of 140, columns 0 to 81 of 146]
12.28 14.04 15.54 15.19 14.92 12.84 13.65 14.48 14.82 13.66 14.52 14.28 15.33 16.32 12.47 12.28 10.59 11.39 12.11 11.63 11.19 10.84 10.89 12.35 10.08 13.72 14.06 13.40 14.48 16.11 15.75 10.99 9.22 13.58 15.73 14.84 11.44 9.02 14.61 14.96 13.88 12.06 9.88 16.17 6.46 6.55 7.24 8.87 7.07 7.97 6.78 7.57 9.77 12.31 7.13 6.96 6.74 6.27 5.74 5.69 6.00 6.06 12.45 6.01 4.85 5.39 5.47 5.12 4.92 4.76 4.67 9.90 9.62 8.38 8.85 9.96 9.16 10.47 9.46 10.93 10.74 10.24
13.29 14.41 15.18 14.85 14.06 13.16 13.73 14.20 13.41 12.96 14.01 14.15 15.27 14.68 11.85 11.74 10.55 11.43 11.89 11.62 11.12 11.01 11.13 14.68 10.26 14.30 15.91 15.00 16.53 12.22 14.39 10.29 9.43 13.82 14.86 14.94 9.04 8.80 14.58 14.96 15.32 11.90 9.75 16.32 11.63 6.84 7.74 8.28 8.34 8.04 7.18 7.72 9.50 7.30 11.34 7.10 6.87 6.55 6.01 5.70 5.80 6.00 8.44 11.42 9.97 9.20 6.37 8.41 7.77 8.02 8.32 8.65 9.30 9.13 9.30 9.64 9.19 9.15 9.48 9.68 10.73 9.86
13.90 14.28 14.64 14.59 13.73 13.46 13.76 13.64 12.33 12.46 13.60 14.20 14.04 13.60 13.92 11.51 10.47 11.38 11.98 11.61 11.16 11.22 11.22 12.66 10.53 14.31 15.23 16.18 13.18 15.30 11.71 9.76 10.90 12.09 14.96 14.71 8.91 9.16 14.71 15.93 15.64 11.29 11.83 15.43 10.47 7.76 6.68 7.59 8.41 9.12 7.88 9.25 9.25 7.24 7.16 9.93 6.96 6.69 6.25 5.85 5.71 5.85 5.90 12.07 9.67 8.51 9.88 10.15 9.07 10.09 11.78 10.46 9.89 4.64 9.21 8.32 9.00 9.07 9.34 9.71 9.54 9.89
14.01 14.12 14.47 14.42 13.10 13.18 13.67 13.26 12.18 13.29 14.29 15.23 13.11 12.77 13.64 11.56 10.58 11.62 12.13 12.27 11.28 11.36 11.19 10.72 13.79 13.60 15.44 12.25 15.21 13.82 12.71 9.99 15.22 12.19 14.68 11.27 8.72 10.72 14.49 15.54 15.54 10.43 10.83 9.78 10.49 11.78 8.50 6.82 7.78 9.65 7.87 7.73 10.37 7.25 7.12 10.62 10.29 6.70 6.37 6.05 5.79 5.76 5.85 8.17 10.25 5.79 8.17 6.09 5.74 10.32 4.71 4.71 11.05 8.36 4.56 8.48 8.61 9.20 9.15 9.33 9.44 9.76
13.99 14.16 14.48 13.49 12.57 13.06 14.17 13.26 12.79 14.81 13.64 14.24 14.11 12.24 13.59 11.52 10.84 11.93 14.78 11.55 11.39 11.38 11.19 11.07 13.34 14.97 15.62 15.46 13.15 14.69 13.79 11.21 15.53 15.01 13.13 8.37 8.42 11.82 10.61 14.79 13.41 10.37 10.31 12.18 10.43 10.72 9.43 8.21 7.79 9.47 7.87 7.74 7.57 7.34 7.14 9.05 9.86 6.75 6.45 6.20 5.91 5.76 5.78 5.79 10.74 9.10 9.35 9.30 5.67 8.04 11.01 9.04 8.12 10.08 9.19 11.81 8.40 9.07 9.37 8.75 9.95 9.66
14.02 14.20 14.41 12.78 12.72 13.97 14.87 13.29 13.82 15.82 14.00 17.35 14.19 13.87 13.39 11.35 11.04 11.98 11.89 11.55 11.45 11.38 11.35 13.34 10.67 14.56 15.51 14.94 14.50 15.27 13.79 13.28 14.65 14.46 11.04 8.24 8.76 11.72 10.75 15.27 9.88 9.24 9.33 10.03 10.33 10.78 11.60 8.36 7.90 9.45 7.85 7.71 7.52 7.40 7.22 9.06 9.59 6.85 6.62 6.32 9.56 5.81 5.79 5.76 8.82 10.08 10.17 9.96 8.15 6.28 9.07 10.00 11.35 10.87 4.57 4.58 4.58 10.56 9.46 8.95 8.95 9.24
14.02 14.17 14.31 12.55 13.18 13.90 14.60 13.26 14.33 15.47 15.75 13.73 13.95 13.76 12.98 11.18 11.20 11.97 11.87 11.57 11.54 11.52 11.66 9.63 8.91 14.20 14.55 14.67 14.69 15.49 15.81 12.72 14.29 13.37 9.60 9.17 8.77 9.96 14.56 15.93 9.21 8.75 9.60 9.82 10.76 10.89 10.58 9.68 8.12 9.22 9.47 7.69 7.48 7.40 7.32 7.21 9.04 9.63 9.55 6.50 6.15 5.90 5.85 5.83 5.81 10.10 9.27 9.22 6.84 5.01 4.90 4.78 10.01 10.41 4.61 4.59 11.74 9.63 8.82 8.34 9.42 9.67
14.00 14.12 14.25 12.57 12.97 13.89 14.35 13.14 14.13 14.78 14.58 12.77 12.55 13.68 12.41 11.12 11.51 12.04 11.83 11.58 11.73 11.78 14.57 11.44 10.38 13.79 14.36 14.80 14.51 15.07 14.68 11.63 12.24 13.68 9.42 9.14 8.80 9.95 15.34 15.66 9.18 8.57 9.05 9.70 10.43 10.20 10.48 10.62 10.20 7.99 9.24 7.72 7.45 7.38 7.45 10.67 7.12 8.72 11.16 6.64 6.38 6.05 5.88 5.83 5.83 9.10 6.30 6.20 6.25 5.19 5.08 5.00 4.88 7.27 9.26 9.40 4.60 4.65 8.44 8.40 8.69 9.46
13.96 14.07 14.24 11.95 12.93 13.79 13.95 13.95 14.20 14.50 14.19 13.41 14.83 13.61 11.96 11.29 11.91 12.02 11.79 11.77 11.93 12.00 9.64 11.05 7.77 13.47 14.24 10.07 14.66 11.65 14.90 12.95 12.78 14.29 9.38 9.08 8.77 10.12 12.64 14.23 9.36 9.58 8.65 9.31 9.70 9.87 10.40 11.29 11.72 8.23 7.88 7.75 7.44 7.38 7.54 7.51 7.30 7.03 9.78 6.82 6.67 6.33 6.05 8.09 5.73 5.88 8.85 5.69 6.46 5.21 5.60 5.95 5.00 4.86 6.83 8.76 4.62 4.63 9.01 7.23 7.47 9.72
13.92 14.04 14.23 11.46 13.64 13.80 13.95 14.73 13.64 13.36 13.10 14.40 15.30 13.37 11.78 11.64 12.12 12.00 11.95 11.99 12.03 12.21 11.74 10.65 8.35 10.81 9.84 10.09 11.78 11.74 12.02 13.79 13.92 14.08 9.42 8.42 9.04 14.34 15.32 8.84 8.53 8.51 9.62 8.45 8.27 9.75 10.45 8.07 11.85 8.51 8.06 7.75 7.41 7.47 7.58 8.71 6.88 7.13 10.15 9.29 6.90 6.67 6.42 6.09 8.22 5.79 9.17 7.66 7.49 5.41 6.63 8.52 6.26 5.00 4.89 4.77 4.65 4.62 8.88 7.78 6.95 4.66
13.88 14.01 14.17 11.51 13.67 13.85 13.89 14.90 12.67 11.52 12.37 13.29 15.03 13.06 11.92 11.98 12.15 12.15 12.18 12.04 14.88 9.44 11.35 10.37 8.53 12.63 9.82 10.19 13.12 10.52 11.89 15.08 13.91 12.16 9.51 8.55 9.65 12.71 11.35 8.76 8.54 8.52 10.25 8.74 7.66 8.96 10.22 7.95 15.70 9.32 8.26 7.78 7.46 7.62 8.59 8.71 9.73 8.26 9.44 10.18 10.32 6.88 6.74 6.40 6.00 5.82 5.96 9.58 7.79 9.21 5.83 6.25 9.02 5.43 5.02 5.24 7.87 4.63 4.62 8.16 7.21 4.70
13.85 13.98 14.06 13.79 13.73 13.81 13.83 15.07 12.31 11.16 13.76 13.44 13.64 12.87 11.46 12.18 12.27 12.32 12.19 14.22 13.65 9.25 10.91 10.26 8.21 9.68 9.91 10.17 13.40 9.20 14.60 14.96 10.13 10.00 10.19 9.50 13.87 8.88 10.18 8.70 8.66 9.52 8.48 9.02 8.30 8.14 7.81 14.71 11.75 10.11 8.52 7.82 7.68 9.95 9.48 8.49 7.34 9.20 8.83 10.17 9.75 10.48 6.78 6.70 6.41 6.05 5.98 8.79 8.36 8.70 7.57 7.31 9.03 9.23 6.68 5.94 6.78 10.38 10.47 8.67 9.63 4.73
13.84 13.92 13.94 13.78 13.79 13.79 13.84 14.94 12.46 12.85 13.11 13.71 11.22 12.72 12.22 12.38 15.85 12.29 12.14 13.84 10.12 11.59 10.57 10.22 9.89 13.14 9.96 12.90 12.12 9.02 13.36 13.53 9.40 9.02 13.11 8.81 15.04 8.97 10.40 8.75 8.90 8.75 8.34 8.29 8.34 8.26 7.93 7.93 11.68 8.50 8.77 7.85 10.77 8.27 8.03 7.37 7.30 7.45 9.30 7.10 9.81 8.79 8.99 8.53 6.10 6.30 8.46 8.86 10.43 8.23 7.75 5.02 8.77 9.04 8.22 8.48 8.69 9.21 9.02 4.60 4.63 4.71
13.82 13.86 13.87 13.82 13.85 13.80 13.83 14.19 12.96 14.82 13.36 16.30 9.87 10.44 12.38 12.54 12.46 14.36 13.75 12.32 9.27 11.21 10.33 10.15 9.90 13.22 13.80 13.56 12.21 9.80 11.12 13.41 9.36 9.07 13.22 13.73 14.09 11.09 8.76 8.89 9.24 8.86 8.10 8.20 8.41 8.32 8.06 7.98 8.31 8.52 8.30 8.01 8.05 7.93 7.71 7.60 7.43 7.38 7.38 7.26 7.21 8.73 6.95 9.20 8.96 8.42 9.87 6.26 8.86 9.90 9.16 4.52 4.94 9.25 9.68 9.19 9.02 9.04 4.84 4.70 4.64 4.70
13.79 13.79 13.80 13.86 13.86 13.75 13.74 13.66 13.96 13.15 13.61 12.31 13.36 12.12 12.51 12.52 13.96 12.96 11.71 10.79 11.83 10.92 10.18 8.97 9.92 13.67 9.90 13.46 12.10 11.05 11.13 13.00 12.74 9.15 12.88 12.50 13.58 13.66 8.60 9.03 9.63 8.92 7.99 8.14 8.50 8.40 8.18 8.07 8.25 8.47 8.42 8.25 8.08 7.90 7.81 7.79 7.64 7.43 7.44 7.43 7.33 7.20 7.08 7.11 9.59 9.13 10.12 8.66 8.84 8.87 9.10 7.59 6.85 7.55 9.08 5.19 9.46 5.01 5.02 4.95 4.79 6.75
13.73 13.71 13.85 13.93 13.85 13.72 13.68 13.57 13.36 13.24 13.71 10.76 13.25 11.61 13.05 14.10 14.22 10.69 11.55 9.70 11.53 10.63 10.12 10.01 11.91 13.22 9.88 13.70 9.80 13.11 9.31 13.10 9.41 9.19 8.79 8.76 8.82 8.56 14.28 14.27 9.36 8.92 8.18 8.18 8.53 8.48 8.27 8.19 8.25 8.44 8.47 8.40 8.19 7.93 7.88 7.92 7.82 7.59 7.56 7.58 7.48 7.34 7.24 7.24 8.27 9.76 10.57 8.52 8.63 6.38 6.22 9.82 7.91 6.80 7.27 7.10 7.25 8.59 9.45 7.99 4.97 6.00
13.65 13.74 13.98 13.93 13.82 13.76 14.08 13.54 13.41 13.33 13.71 11.04 13.21 9.64 12.48 13.98 13.97 10.34 11.71 11.94 11.13 10.40 10.12 9.97 12.82 9.80 9.83 9.84 9.70 9.49 13.94 14.60 12.20 9.25 8.82 13.01 8.83 8.66 13.65 8.94 9.07 8.89 8.48 8.30 8.53 8.54 8.35 8.28 8.32 8.47 8.49 8.47 8.01 8.02 7.93 8.00 7.95 7.77 7.72 7.70 7.62 7.52 7.43 7.39 9.93 9.02 8.25 10.04 9.97 10.09 6.36 10.45 9.17 7.67 5.87 5.64 5.49 5.29 5.11 7.03 5.01 4.97
13.66 13.80 14.00 13.82 13.76 13.71 13.60 13.52 13.39 13.32 13.66 12.24 13.15 12.40 12.29 14.36 13.66 10.74 10.88 11.68 10.85 10.31 10.12 12.11 9.89 9.79 9.83 9.83 9.62 9.40 9.34 12.74 12.72 9.25 8.89 8.67 8.78 8.74 13.78 8.84 8.85 8.86 8.66 8.43 8.58 8.61 8.41 8.34 8.40 8.51 8.54 8.54 8.17 8.38 8.02 8.05 8.05 7.94 7.88 7.83 7.76 7.70 7.63 9.98 7.93 8.52 8.85 9.63 8.94 8.86 9.52 10.47 10.84 10.24 7.63 6.62 6.95 5.48 5.37 5.22 5.03 4.95
13.68 13.80 13.93 13.77 13.72 13.65 13.55 13.50 13.33 13.29 13.60 12.82 13.05 12.32 11.76 14.64 13.30 10.29 10.35 11.43 10.73 10.27 10.08 9.96 9.88 9.86 9.86 9.78 12.06 13.20 13.56 13.42 12.75 9.19 8.92 8.63 8.73 8.79 8.73 8.78 8.80 8.86 8.74 8.53 8.64 8.66 8.48 8.44 8.49 8.53 8.60 8.63 8.55 8.37 8.17 8.13 8.17 8.10 8.03 7.99 7.95 9.80 7.82 10.36 10.17 9.40 8.08 8.57 7.66 7.28 7.67 9.50 6.51 6.39 10.25 8.80 7.85 8.52 7.16 5.41 5.21 5.13
13.63 13.76 13.90 13.78 13.74 13.68 13.57 13.48 13.34 13.30 15.65 11.71 12.86 8.52 11.59 13.73 12.41 11.90 11.60 11.25 10.67 10.23 11.62 9.96 9.88 9.97 13.73 13.10 13.22 13.51 13.17 12.16 11.81 9.05 8.88 8.62 8.71 8.81 8.71 8.77 8.88 8.85 8.76 8.68 12.39 8.62 8.54 8.57 8.59 8.59 8.66 8.68 8.62 7.60 8.38 8.24 8.28 8.27 8.19 8.16 8.16 9.69 9.83 8.96 10.24 7.76 9.35 8.17 6.46 6.19 7.03 7.39 6.73 6.61 6.44 8.29 8.63 5.69 8.95 7.37 7.49 7.81
13.54 13.72 13.92 13.79 13.77 13.64 13.44 13.43 13.32 13.25 14.66 11.25 9.05 10.82 11.45 12.38 12.08 10.13 11.50 11.15 10.62 10.24 13.01 9.94 9.91 10.03 11.95 12.17 13.67 13.45 10.85 9.16 8.98 8.91 8.82 8.69 13.10 8.77 13.14 13.48 8.94 8.78 13.46 8.88 8.68 8.57 8.62 8.64 8.67 8.69 8.73 8.72 8.68 6.18 6.26 8.38 8.39 8.42 8.35 8.34 8.34 8.32 9.13 8.06 9.69 7.91 7.90 9.40 7.35 6.79 7.26 7.70 6.97 6.84 9.62 8.50 8.24 8.16 7.91 6.64 6.47 7.48
13.34 13.63 13.95 13.69 13.62 13.38 13.18 13.24 13.13 13.05 13.14 11.87 12.47 11.48 12.14 11.67 12.47 11.55 11.35 11.00 10.52 10.20 12.90 9.84 9.84 13.92 11.62 12.13 12.02 12.61 10.25 8.97 8.81 8.78 8.74 12.75 8.65 8.61 8.71 8.92 8.85 8.60 8.69 8.89 8.63 8.52 8.63 8.61 8.67 8.71 8.74 8.70 8.68 6.78 6.30 8.06 8.42 8.41 8.37 8.36 8.36 8.39 8.20 6.83 7.88 7.93 7.94 9.78 8.26 7.14 6.22 8.62 7.08 6.98 9.61 8.80 8.15 6.07 5.72 4.48 5.45 5.29
13.21 13.61 13.94 8.96 13.26 13.06 12.91 12.99 12.97 12.91 12.90 12.72 11.77 12.18 11.99 11.73 12.22 11.89 11.20 10.86 10.41 10.09 9.93 12.91 9.69 14.09 12.03 11.93 10.59 11.40 12.00 9.32 11.88 12.99 12.69 8.56 8.55 8.46 8.67 8.99 8.78 8.47 8.59 8.76 8.58 8.54 8.61 8.57 8.63 8.69 8.71 8.71 8.66 8.68 5.56 6.52 6.62 5.78 7.97 8.32 8.33 8.42 8.43 5.72 8.19 6.15 8.91 7.85 8.18 7.40 6.26 8.32 7.12 7.07 9.45 10.37 10.58 8.78 6.03 6.19 6.53 6.59
13.29 13.58 13.69 13.27 12.98 12.84 12.67 12.80 12.87 12.82 12.74 12.54 12.31 10.29 11.87 10.65 11.56 12.42 9.86 10.73 10.22 9.93 9.79 9.54 9.56 9.61 11.98 9.70 8.97 8.78 8.80 11.73 12.69 12.68 8.43 8.44 8.45 8.38 8.61 13.84 8.71 8.47 8.53 8.54 8.52 8.58 8.62 8.57 8.59 8.67 8.70 8.70 8.64 8.65 4.16 4.54 4.60 4.83 5.16 7.48 8.31 8.43 7.02 4.90 8.36 3.42 4.77 6.58 6.90 6.95 5.96 6.82 10.09 9.92 10.01 6.67 6.44 6.26 6.87 5.86 6.17 6.10
13.38 13.36 13.29 12.97 12.69 12.65 12.55 12.68 12.74 12.69 12.55 12.34 12.16 10.72 10.02 10.03 11.96 13.02 9.82 10.48 9.99 12.50 9.63 9.47 9.53 13.44 10.73 9.66 11.89 13.57 8.69 12.91 8.42 8.34 8.33 8.36 8.36 8.36 13.51 8.81 8.62 8.48 8.48 8.40 8.44 8.57 8.63 8.59 8.57 8.66 8.71 8.70 8.66 8.64 8.65 8.62 8.56 8.51 8.45 8.37 6.28 7.69 6.43 6.95 5.91 4.46 8.06 4.64 5.23 5.57 5.68 6.90 7.02 7.46 8.98 10.36 6.52 6.34 10.64 6.00 4.26 4.01
13.62 13.26 13.00 12.72 12.54 12.42 12.55 12.51 12.49 12.48 12.30 12.14 12.04 11.15 11.64 11.26 11.91 11.63 9.22 10.16 9.78 9.68 9.55 9.46 9.45 10.64 9.56 11.69 8.60 8.57 8.50 8.38 8.32 8.27 8.23 8.26 8.26 8.31 8.53 8.71 8.56 8.44 8.39 8.30 8.39 8.53 8.59 8.60 8.59 8.65 8.72 8.73 8.70 8.64 8.64 8.66 8.61 8.51 8.44 8.43 8.43 5.91 7.08 7.04 5.86 8.35 8.13 7.98 7.83 7.72 7.59 7.53 7.42 6.33 7.45 9.18 6.59 6.34 6.29 8.95 5.88 4.07
13.63 13.06 12.43 12.49 12.23 12.39 12.54 12.29 12.31 12.31 12.07 11.99 11.94 10.23 11.45 11.09 10.64 10.20 9.09 9.81 9.65 9.62 9.53 9.38 9.24 9.67 10.53 8.57 8.47 8.42 8.33 13.46 8.22 8.20 13.54 12.85 13.79 13.25 14.09 13.68 8.60 8.43 8.26 8.18 8.32 8.48 8.54 8.59 8.61 8.65 8.72 8.75 8.70 8.65 8.70 8.72 8.66 8.55 8.48 8.48 8.47 8.48 8.47 8.47 3.94 8.40 8.20 8.02 7.87 7.79 7.66 7.59 7.49 6.41 6.96 7.81 10.06 6.40 6.27 10.56 5.95 5.79
13.13 12.86 12.25 12.12 12.27 12.45 12.29 12.18 12.20 12.04 11.81 11.90 11.83 11.51 11.28 10.93 10.58 10.33 9.89 9.68 9.59 9.59 9.45 9.17 10.47 10.59 8.58 8.47 11.22 12.24 8.17 8.13 8.12 13.62 12.70 12.84 12.94 13.55 13.80 13.65 8.73 8.42 8.11 8.09 8.24 8.42 8.49 8.53 8.59 8.73 8.77 8.70 8.64 8.66 8.76 8.76 8.70 8.60 8.54 8.54 8.50 8.46 8.48 8.50 8.51 8.43 8.27 8.09 7.90 7.83 4.03 5.49 5.80 7.34 6.00 6.80 8.59 6.49 6.31 6.36 9.07 8.15
12.80 12.84 12.31 11.72 12.16 12.45 12.03 12.15 11.93 11.63 11.59 11.89 11.72 9.28 11.07 10.56 10.30 10.04 9.70 9.58 9.47 12.10 9.22 10.77 8.78 8.62 8.44 8.40 10.17 12.31 13.24 8.02 8.00 7.99 13.14 12.91 13.00 8.01 8.09 8.54 8.90 8.28 7.93 8.04 8.17 8.37 8.43 8.45 8.56 8.83 8.87 8.66 8.57 8.69 8.80 8.79 8.74 8.66 8.61 8.60 8.55 8.48 8.49 8.51 8.54 8.47 8.29 8.15 7.99 3.44 4.42 4.90 5.32 5.39 4.88 6.90 6.79 7.84 6.38 6.26 9.78 8.61
12.84 12.67 11.98 11.60 12.34 12.22 12.01 12.11 11.79 11.33 11.63 11.73 11.39 11.10 10.69 10.22 10.10 9.82 9.50 9.40 9.18 9.05 8.87 12.58 8.65 8.50 11.71 10.24 9.93 7.91 7.88 13.40 12.98 12.68 12.25 12.67 7.70 7.80 7.95 8.63 8.95 8.18 7.85 7.99 8.12 8.34 8.35 8.37 8.56 8.87 8.94 8.69 8.54 8.69 8.82 4.44 4.22 4.43 8.67 8.65 8.61 8.53 8.52 8.53 3.46 2.45 3.34 8.21 8.12 7.96 2.63 3.34 3.64 3.50 7.40 7.22 3.97 5.85 8.28 10.00 8.50 7.53
12.55 12.26 12.10 11.75 11.96 12.11 11.96 11.79 11.27 11.23 11.51 11.38 11.09 10.80 10.46 10.18 9.87 9.57 7.64 9.14 8.94 8.79 8.58 8.67 8.57 8.36 11.86 10.67 11.91 7.80 7.81 7.82 12.64 12.62 12.31 12.76 12.60 12.96 13.28 13.52 8.73 8.22 8.00 11.83 14.84 8.28 15.18 13.73 8.54 8.81 8.98 8.82 8.61 8.69 2.59 3.31 3.39 2.66 4.12 8.71 8.68 8.60 8.57 8.56 8.60 8.55 8.36 8.27 8.23 8.08 7.89 7.73 7.57 7.43 3.72 7.09 6.96 6.76 6.51 8.32 6.23 6.01
12.06 12.05 12.26 11.93 11.59 12.05 11.87 11.46 11.18 11.09 11.39 11.25 11.09 10.65 10.23 10.13 9.73 9.40 9.12 8.91 8.60 8.49 8.46 8.60 8.44 8.20 11.71 10.94 12.21 7.71 12.51 12.38 12.58 12.65 11.78 12.56 12.91 12.89 12.99 12.33 10.59 8.20 8.14 8.10 13.57 13.87 13.66 8.30 13.62 13.76 8.90 8.93 8.80 8.78 4.69 3.99 3.86 3.93 8.77 8.80 8.75 8.67 8.63 8.62 8.64 8.56 8.39 8.32 8.28 8.16 7.98 7.85 7.73 7.55 3.59 7.10 6.19 6.61 7.50 9.04 8.36 7.31
12.05 11.85 11.91 11.76 11.48 11.68 11.73 11.18 10.87 11.04 11.27 11.20 10.85 10.24 10.29 9.90 9.53 9.20 9.04 8.23 8.43 8.42 8.39 8.46 11.00 8.04 11.63 10.58 12.15 12.22 11.31 12.08 12.49 12.62 12.71 11.68 12.11 12.77 13.07 13.25 13.45 13.45 13.62 13.45 13.12 8.21 8.26 8.33 13.47 14.11 16.19 13.11 8.99 8.97 8.88 4.80 4.27 8.62 8.77 8.87 4.46 4.22 8.67 8.69 8.71 8.63 8.44 8.35 2.34 3.62 3.06 3.08 7.80 3.25 3.31 7.12 7.06 6.70 7.23 8.58 8.06 7.38
11.61 11.49 11.55 11.61 11.40 11.33 11.60 11.11 10.61 11.22 11.20 11.08 10.38 10.13 10.16 9.61 9.28 8.98 8.83 7.93 8.42 8.29 8.45 8.23 10.83 7.87 7.85 8.75 11.93 11.95 11.19 12.28 12.41 12.45 12.34 11.40 12.40 7.60 7.76 13.03 13.52 13.53 14.02 13.37 8.16 12.92 8.27 8.35 13.12 12.88 8.68 8.79 9.06 9.20 9.07 4.84 8.44 8.58 8.75 8.89 4.75 4.32 4.19 3.55 1.89 1.93 2.05 3.68 3.44 4.22 4.28 3.88 3.85 7.77 7.52 7.28 7.11 6.99 6.75 6.59 6.54 7.61
11.33 11.29 11.62 11.68 11.50 11.47 11.59 11.06 10.55 10.80 10.95 10.70 9.91 10.05 9.79 9.34 9.21 8.73 8.62 8.23 7.96 8.09 8.32 9.35 7.80 7.74 11.32 8.97 11.55 11.90 12.07 12.19 11.79 11.93 11.96 11.96 13.29 7.57 7.70 13.65 7.86 12.76 14.02 8.00 13.58 13.61 13.51 12.87 8.42 12.64 8.63 8.73 9.00 9.41 9.49 5.82 8.34 8.55 8.74 8.88 4.48 3.63 1.86 3.59 3.61 3.58 3.63 3.13 3.81 4.17 4.61 5.17 5.28 4.62 7.59 7.37 2.38 2.34 6.86 6.72 6.56 6.40
11.41 11.31 11.61 11.95 11.60 11.51 11.48 11.16 10.54 10.56 10.90 10.28 9.86 9.91 9.44 9.18 9.07 8.44 8.39 8.08 7.81 7.91 8.29 10.71 11.11 7.63 11.01 10.23 11.93 12.02 12.26 11.32 11.20 11.73 11.89 12.94 7.26 7.55 7.71 12.62 12.48 13.85 13.54 13.52 13.67 13.79 8.23 8.30 14.00 15.50 15.50 15.42 13.36 12.15 7.38 5.66 5.18 8.55 8.74 4.95 3.68 2.51 3.47 3.57 8.83 3.50 2.13 2.17 3.37 3.28 3.41 4.07 4.89 5.11 4.37 7.45 7.33 7.13 7.04 6.72 6.39 6.51
