examples/cougarCreek-fire/createInputs/farsite/7a-cougarCreek-polygonIgnit/cougarCreekFire_08-13-2015_0700_217m_non_neutral_stability_ang.asc
ncols	146
nrows	140
xllcorner	610065.000000
yllcorner	5095217.000000
cellsize	216.586807
NODATA_value	-9999.000000
[rows 86 to 128 of 140, columns 0 to 95 of 146]
338 343 343 342 344 347 349 348 351 332 329 326 330 353 3 3 359 355 331 328 328 335 342 346 1 15 15 8 3 346 349 16 352 328 357 1 360 4 328 318 305 294 274 358 356 333 343 208 210 210 331 316 313 185 181 179 178 12 179 176 172 169 173 175 315 318 312 312 324 330 204 305 298 305 318 321 323 329 284 263 295 284 307 312 307 313 311 291 292 289 302 288 300 304 307 307
340 343 344 344 345 346 328 330 332 332 328 327 331 351 356 2 359 342 332 329 331 337 344 354 7 17 16 11 7 0 8 5 346 326 342 360 356 1 4 303 291 271 224 10 18 339 358 202 40 3 341 321 254 187 183 183 180 178 180 284 311 299 177 179 322 170 320 310 318 329 346 328 315 132 151 297 292 304 314 292 281 308 296 307 304 308 324 326 299 305 308 306 308 310 313 319
342 343 340 343 347 347 346 350 333 333 329 328 333 339 355 1 357 333 332 329 334 341 348 360 15 22 23 17 10 9 12 6 350 329 330 359 354 356 285 267 245 215 197 15 34 342 351 3 51 194 357 323 188 314 157 186 244 220 180 280 292 281 282 184 310 310 309 306 311 317 330 332 323 303 143 118 76 297 287 292 292 293 295 304 313 304 308 302 301 308 311 310 313 315 317 321
344 343 345 344 347 344 346 350 331 332 329 338 334 337 356 2 356 330 331 330 335 344 352 10 29 337 333 359 4 8 331 2 354 335 337 357 358 357 270 242 214 349 198 11 48 335 335 19 98 96 74 337 186 183 230 188 222 210 15 268 319 249 272 290 297 286 296 298 299 305 312 334 345 333 304 297 302 292 314 281 285 284 302 309 290 308 313 309 311 311 312 313 316 320 321 323
346 344 345 346 347 347 349 348 330 331 329 341 335 341 354 327 354 327 330 332 338 345 353 20 341 335 331 6 358 5 8 359 358 342 348 341 6 359 261 226 208 16 195 339 28 314 322 108 197 193 113 332 187 184 187 53 183 209 182 183 288 305 185 301 306 298 292 295 291 292 303 325 205 217 215 315 311 312 298 295 300 307 314 317 322 320 317 316 319 317 315 315 318 322 323 324
346 342 341 344 344 346 349 348 328 329 328 328 335 341 336 359 349 329 330 332 340 348 5 20 340 333 9 5 8 5 359 354 352 349 340 349 13 2 222 43 33 1 178 338 13 332 84 200 197 194 199 197 277 252 234 217 168 220 270 183 305 251 297 273 311 226 303 288 284 282 284 306 221 232 330 310 309 311 304 293 296 305 301 316 321 318 318 318 315 315 313 313 317 321 321 322
345 349 338 341 346 342 349 347 346 325 322 339 334 348 333 353 328 342 332 334 341 348 14 340 339 332 354 4 11 8 349 345 348 350 347 1 19 15 47 199 27 0 171 171 175 50 90 99 192 194 200 194 282 183 186 289 236 232 301 197 304 317 263 269 306 240 252 309 288 283 287 310 232 248 311 300 304 299 295 287 291 300 313 313 310 308 306 303 311 312 309 305 309 314 315 317
346 321 321 323 339 336 349 323 347 321 355 342 331 351 348 350 355 346 334 337 342 349 8 19 338 332 358 4 4 359 350 343 352 2 11 31 350 32 194 206 190 179 180 169 159 75 79 189 189 192 195 339 289 185 187 186 238 272 266 239 289 279 267 269 281 306 305 290 297 275 277 316 247 258 309 309 302 289 288 292 298 304 306 304 315 314 313 312 309 309 301 301 301 308 311 313
323 321 322 325 340 338 350 325 324 323 318 351 349 346 347 349 352 351 333 337 341 347 6 14 335 331 1 356 348 359 2 349 8 21 355 360 8 20 2 329 351 125 175 162 153 164 179 184 187 188 189 294 274 190 191 188 247 189 251 273 267 306 286 222 238 274 299 297 297 280 278 309 257 312 314 323 283 308 293 297 300 305 312 315 313 303 302 311 308 307 303 307 306 298 304 312
346 319 333 325 339 337 329 359 326 353 353 351 351 343 347 346 351 356 331 338 341 352 6 334 331 329 357 346 342 14 340 4 18 29 2 6 11 15 2 352 18 67 130 142 147 158 169 176 182 185 187 186 190 193 193 191 192 194 196 199 302 271 271 239 245 243 240 282 285 285 282 292 312 309 319 328 291 294 296 291 297 300 300 305 304 314 307 310 307 305 310 309 307 308 312 309
318 318 338 335 338 342 329 359 356 358 344 349 352 343 344 344 356 0 332 341 346 12 335 333 330 330 352 348 6 26 18 18 35 1 7 9 13 17 11 11 60 90 113 125 139 152 160 167 176 184 187 188 191 193 194 196 197 199 202 206 267 267 242 249 272 245 247 252 254 282 285 294 292 299 313 320 295 294 294 293 302 304 307 312 313 318 316 316 312 308 302 310 304 314 318 319
319 320 336 339 335 352 358 329 358 2 331 355 353 347 332 344 353 352 333 340 348 343 338 333 329 351 339 4 15 348 18 0 1 4 8 11 17 24 26 42 79 101 109 112 122 139 150 159 171 180 186 189 191 193 197 201 203 206 210 218 232 246 252 253 250 248 249 253 259 266 275 283 289 297 302 317 325 294 292 307 304 309 313 318 305 323 321 319 312 314 321 321 323 319 320 330
317 322 328 341 342 329 354 330 331 329 359 2 349 341 332 333 350 344 344 4 343 341 340 337 356 347 354 340 13 15 19 1 4 6 10 16 24 33 36 50 69 84 92 98 110 125 140 152 164 177 186 190 192 196 203 208 211 215 223 236 250 259 260 258 256 255 256 261 269 264 287 292 294 298 300 307 318 294 293 316 303 303 312 308 320 312 326 316 315 319 322 325 322 320 324 327
313 334 327 341 1 327 343 330 330 359 6 331 348 334 334 332 342 341 347 341 341 12 338 341 342 356 3 4 3 15 21 30 5 9 14 22 32 45 60 73 64 49 65 87 105 117 130 145 159 176 190 192 195 204 214 219 223 228 239 253 264 268 267 264 263 263 264 268 274 283 289 292 295 293 296 301 310 318 297 298 311 304 307 313 316 310 314 312 309 315 322 323 320 317 319 311
318 344 321 351 330 343 344 355 350 330 332 329 344 333 334 337 345 338 348 336 338 338 338 0 9 6 3 358 357 18 358 2 4 10 18 28 38 47 49 27 2 20 48 67 82 98 114 132 151 178 193 193 200 216 229 234 238 245 256 265 271 274 274 254 273 272 272 273 278 284 288 291 294 297 301 297 304 307 302 300 314 310 303 302 310 307 311 308 311 319 314 318 315 314 315 317
323 320 319 7 327 345 359 330 330 356 327 356 343 346 338 336 344 336 345 354 333 336 341 341 337 337 4 355 356 26 355 2 7 13 23 31 35 28 15 1 2 27 50 63 74 87 101 115 136 171 192 198 212 232 244 249 253 260 269 274 277 279 278 278 278 278 279 281 284 289 293 295 288 289 288 291 299 303 310 315 309 304 301 298 294 317 293 299 319 304 318 310 317 314 318 326
323 326 327 322 326 349 327 351 338 5 327 355 355 349 348 348 333 331 340 341 333 16 27 337 336 339 8 1 12 351 355 4 13 19 26 29 24 10 360 0 23 52 67 79 91 99 104 110 123 158 194 212 229 243 251 256 262 271 276 280 283 284 282 280 282 285 270 272 277 277 280 281 283 289 297 302 303 304 306 311 305 302 303 305 311 320 313 312 307 296 297 291 327 322 303 314
323 327 331 329 5 323 343 348 353 337 332 1 326 341 1 355 332 333 338 339 17 339 39 359 9 11 8 3 12 353 22 22 18 22 26 26 19 9 9 60 88 86 87 91 98 103 106 112 121 152 206 228 241 251 257 264 272 278 280 284 288 291 267 291 293 275 275 278 286 289 290 290 290 292 299 305 307 308 311 317 313 309 306 307 319 323 323 323 326 328 316 309 304 307 316 318
323 324 327 329 324 359 322 335 8 334 334 332 351 346 331 344 337 334 337 350 346 40 30 333 0 12 9 2 17 18 12 21 19 23 26 29 32 44 80 103 103 97 92 90 90 92 94 102 120 161 194 215 238 257 270 280 285 286 286 288 293 298 301 302 303 279 281 287 307 310 298 300 301 301 301 302 307 309 310 316 312 310 311 308 314 325 323 324 320 322 323 326 334 328 318 315
329 326 325 326 326 317 354 324 336 360 331 334 334 6 333 334 338 332 337 348 15 341 337 2 3 342 9 350 17 18 7 12 19 24 30 39 48 56 63 71 79 82 81 79 78 78 78 80 89 136 192 223 242 259 277 292 297 294 293 295 300 306 308 307 291 291 293 311 311 312 315 304 304 305 304 303 304 307 306 305 311 314 315 312 313 321 323 321 315 329 320 325 328 331 337 316
332 331 329 329 330 327 321 322 5 331 1 329 345 360 331 335 340 333 339 334 14 16 4 337 341 16 343 354 18 4 9 14 21 28 37 47 49 45 43 51 63 70 71 70 70 68 67 61 43 10 350 322 285 279 290 305 310 304 301 303 308 314 314 309 306 308 311 312 312 313 315 318 319 309 306 304 304 303 305 310 311 313 315 310 307 306 312 315 311 311 327 323 316 329 332 330
337 333 332 331 332 331 329 329 325 332 0 348 359 328 348 352 335 338 340 345 24 25 334 0 342 342 7 6 1 5 11 17 26 36 42 43 68 75 71 44 57 64 65 66 66 63 58 47 20 355 346 341 319 305 308 318 321 312 308 310 314 319 318 311 308 310 298 301 302 303 304 308 311 312 310 309 309 310 314 317 316 314 317 318 313 336 311 313 315 310 326 331 317 306 315 319
332 328 330 330 330 329 329 330 332 2 332 3 326 356 355 353 337 337 342 340 32 339 18 9 12 17 9 16 358 16 16 26 17 40 39 58 23 20 29 44 53 55 56 57 55 76 49 38 8 339 334 335 318 307 307 316 320 315 313 314 318 323 324 317 312 299 304 308 308 309 309 323 313 314 313 313 314 315 316 317 319 317 317 322 325 324 319 316 320 321 321 322 313 306 306 313
331 328 334 329 330 330 328 327 333 335 338 330 2 356 0 349 330 341 347 351 23 22 358 360 6 6 9 356 1 11 27 15 38 35 51 22 50 22 39 49 48 46 47 46 67 40 39 26 357 336 331 329 309 296 293 301 311 315 318 320 322 328 329 323 319 320 308 309 310 323 315 324 315 324 324 317 315 314 314 317 318 317 317 320 327 333 330 329 334 330 323 318 319 320 324 327
328 330 328 333 329 331 331 328 333 339 343 330 0 331 331 346 344 7 330 350 12 5 356 358 9 7 5 17 7 14 22 33 48 56 52 53 44 32 25 47 43 42 42 59 60 60 29 12 350 339 336 333 313 298 297 304 312 319 324 327 330 333 334 330 326 328 315 313 313 314 314 311 310 311 315 317 316 315 316 317 318 320 321 322 325 333 333 332 336 337 335 335 326 330 334 331
324 327 330 328 325 327 331 331 334 338 339 333 334 332 354 351 338 334 332 332 334 335 338 6 13 16 9 15 12 17 31 24 57 50 47 39 23 36 40 54 55 56 56 55 53 53 16 360 346 340 340 337 325 315 313 316 320 325 328 331 334 336 336 332 330 324 325 323 321 319 316 315 316 314 314 317 319 320 320 320 323 324 323 323 325 331 333 330 334 338 340 351 336 331 336 357
323 326 329 327 324 322 322 327 334 341 9 340 5 355 346 357 338 336 333 335 337 340 344 13 17 21 19 4 8 26 40 46 34 15 34 18 28 34 47 48 54 55 54 55 55 16 2 348 340 338 338 335 328 322 320 321 325 328 330 331 333 336 336 333 331 334 336 336 326 324 322 324 324 322 321 320 322 322 321 323 328 331 328 329 328 330 336 338 336 337 337 348 353 336 331 330
326 328 329 329 325 316 316 319 325 335 342 15 359 342 346 354 333 333 333 337 343 348 348 15 27 27 19 18 19 23 28 23 20 13 13 21 29 40 41 42 44 46 53 61 65 1 350 341 334 334 333 330 325 321 320 321 326 330 331 331 334 337 337 334 332 333 334 334 334 326 325 332 326 327 325 324 325 326 328 326 330 334 329 328 329 328 332 337 337 342 339 332 342 333 321 316
328 329 330 330 329 325 320 317 319 324 350 337 327 348 355 351 326 326 328 337 345 351 353 18 37 29 14 16 15 16 15 19 14 12 15 24 35 41 34 34 39 48 59 14 2 352 346 338 331 329 328 324 321 317 316 319 325 330 332 333 337 340 338 328 325 324 324 323 323 322 322 321 320 323 326 327 330 331 331 330 331 334 330 327 326 327 331 335 334 337 343 336 334 342 345 331
329 331 332 330 330 331 331 330 326 320 322 332 0 358 340 330 329 328 329 335 349 8 15 44 43 14 13 15 17 14 7 22 29 23 20 23 36 35 23 31 42 48 47 39 28 348 344 336 329 326 323 320 317 313 312 316 322 327 330 333 338 341 338 334 324 322 323 322 321 321 321 321 321 323 327 327 328 328 326 326 329 332 332 330 331 331 334 337 336 336 336 335 334 348 341 337
329 332 333 330 328 329 331 335 335 334 332 330 354 2 335 336 333 331 335 339 345 12 23 41 23 3 11 11 18 8 4 22 29 26 18 37 34 26 22 34 42 40 35 24 14 7 340 335 328 323 319 316 314 311 309 311 316 320 324 330 336 339 336 326 323 321 320 320 320 321 322 323 323 325 327 328 327 326 324 322 325 326 329 329 328 330 335 337 338 341 334 332 325 323 343 343
328 331 331 327 326 326 328 332 337 339 337 326 317 329 333 336 334 335 339 343 347 20 38 35 353 350 12 11 10 358 4 23 36 34 32 30 13 19 27 36 35 34 31 21 10 1 356 330 326 322 316 313 310 308 306 307 309 311 315 322 330 335 330 330 325 322 319 318 320 322 323 322 323 324 325 327 326 327 327 327 327 327 327 327 329 332 337 337 338 353 348 336 330 353 322 342
332 330 329 327 327 328 330 332 336 340 341 339 333 325 351 336 336 338 341 344 349 21 346 16 346 351 14 9 4 359 9 31 35 31 28 21 12 21 34 36 32 29 23 11 2 334 349 345 320 318 312 308 306 304 303 303 304 306 310 316 322 326 329 328 326 324 322 318 317 320 324 322 321 322 321 322 324 326 328 328 331 334 335 332 332 336 346 340 338 351 348 341 341 331 325 333
334 330 329 327 327 327 331 334 333 337 337 335 334 335 331 12 335 341 11 344 2 19 26 341 346 3 8 8 6 3 15 27 28 27 21 16 18 30 39 35 28 23 14 5 357 352 346 339 334 311 307 304 303 303 302 301 302 306 318 320 321 322 325 325 324 323 322 319 315 316 323 325 324 323 322 323 326 328 331 332 330 332 335 333 334 337 348 344 340 349 349 344 352 347 339 341
330 329 329 329 328 327 331 335 336 334 332 329 329 333 337 341 5 12 24 5 12 343 23 12 6 5 357 7 9 355 2 4 22 25 16 15 26 32 35 31 21 16 11 6 360 353 345 338 334 329 322 299 299 299 299 299 311 312 316 320 321 321 322 324 324 322 319 320 315 314 319 325 326 326 324 323 323 326 332 333 330 330 331 330 328 326 331 334 337 346 347 341 349 346 345 338
332 326 327 329 327 328 334 336 335 330 334 330 330 332 335 329 11 23 12 3 13 27 23 21 8 356 357 10 11 351 0 18 22 25 13 19 33 33 32 23 14 11 12 7 2 352 343 339 337 331 323 317 313 311 309 308 309 310 312 318 322 320 321 324 320 319 319 320 318 313 316 321 321 319 320 320 322 323 329 331 328 329 331 331 326 349 349 350 338 333 344 335 346 342 337 333
331 324 325 330 322 324 334 335 332 333 334 334 332 334 335 341 336 29 341 4 9 14 11 4 346 349 6 18 9 355 355 20 22 20 11 22 29 25 24 15 7 13 13 7 359 349 342 341 339 334 326 319 314 310 308 308 307 307 309 316 322 320 317 323 318 316 321 320 321 315 314 314 314 316 317 319 322 323 327 328 326 328 332 333 333 331 320 351 351 313 327 325 334 335 331 329
327 323 324 325 325 324 333 332 328 329 330 336 334 333 333 340 350 35 12 359 7 11 8 1 346 352 15 344 346 354 355 11 11 10 12 21 23 19 15 8 7 11 8 1 355 344 340 343 342 337 328 320 315 309 307 306 305 305 305 311 320 318 313 320 324 311 310 318 317 315 315 317 319 320 318 316 316 318 322 325 325 327 328 330 335 344 337 332 321 320 325 330 336 330 327 326
325 323 325 325 323 326 331 332 327 326 333 341 335 333 331 336 342 354 15 343 12 13 8 0 343 349 349 344 345 353 358 3 7 10 18 22 22 19 14 11 12 12 7 358 351 345 341 347 345 338 328 319 313 309 306 303 303 302 302 306 313 312 310 314 318 306 305 314 310 310 315 322 324 323 319 315 315 316 320 319 321 328 338 334 331 343 341 320 327 323 357 343 333 325 324 328
327 328 328 321 326 326 327 329 327 327 332 338 337 335 332 334 344 352 341 346 339 9 6 3 359 359 345 344 354 350 356 354 11 18 28 24 21 18 17 14 13 12 6 356 349 347 345 347 342 335 327 318 314 309 304 300 298 297 297 299 303 300 299 302 305 315 318 317 299 308 311 319 323 326 324 317 313 312 314 315 318 327 339 342 328 331 311 307 326 312 314 331 321 330 320 326
329 328 329 329 323 328 329 328 328 328 331 337 338 335 333 335 341 0 340 6 6 356 6 7 340 357 2 4 348 349 356 3 17 26 30 23 19 20 16 11 10 10 1 355 353 350 345 346 344 336 328 319 314 311 305 302 296 280 284 289 293 295 299 303 306 309 310 311 308 313 315 323 320 324 315 320 311 307 309 309 308 313 324 338 334 329 307 304 324 307 305 327 315 325 317 318
326 325 333 322 322 329 329 330 332 329 329 334 336 335 332 333 341 342 14 4 359 360 6 5 342 354 355 351 346 351 354 3 18 26 29 23 20 15 11 10 14 11 2 1 357 350 345 347 349 342 334 326 321 286 284 282 282 284 289 293 297 299 301 305 308 311 314 315 307 308 319 324 318 317 327 324 312 304 304 304 299 300 306 314 330 334 314 304 311 318 310 331 312 313 315 316
326 326 325 330 325 317 320 328 329 332 327 328 334 334 331 331 339 343 350 3 359 359 358 352 355 355 357 347 349 358 357 15 23 30 27 19 10 10 13 15 14 345 342 337 331 352 350 358 326 318 310 305 299 295 292 289 288 289 292 296 299 301 304 306 308 311 312 311 306 293 302 316 313 309 322 323 311 299 295 298 300 304 311 310 309 319 321 298 297 326 315 319 308 311 313 324
