examples/cougarCreek-fire/createInputs/farsite/7a-cougarCreek-polygonIgnit/cougarCreekFire_08-11-2015_2000_217m_non_neutral_stability_ang.asc
ncols	146
nrows	140
xllcorner	610065.000000
yllcorner	5095217.000000
cellsize	216.586807
NODATA_value	-9999.000000
[rows 49 to 97 of 140, columns 0 to 95 of 146]
154 149 160 156 153 164 168 155 154 173 174 151 149 146 168 173 173 171 165 166 159 151 154 161 163 171 168 163 162 147 153 153 152 141 122 111 112 118 117 127 126 118 121 120 110 100 87 99 101 105 90 85 120 105 94 99 100 103 108 113 106 105 103 105 100 98 97 93 91 91 90 89 89 90 90 91 91 90 84 87 95 100 101 99 95 92 121 89 95 96 87 98 99 100 101 98
142 150 153 151 156 147 146 153 153 153 151 148 147 167 169 164 165 159 158 163 158 156 157 158 157 158 140 158 144 150 152 153 150 140 127 113 113 117 116 119 124 116 116 118 118 116 114 115 120 126 120 117 120 118 115 104 99 100 104 106 104 106 104 102 100 91 88 84 83 82 83 83 84 88 90 86 79 76 80 87 91 94 98 99 98 95 93 92 92 98 89 85 97 98 99 97
141 144 148 154 146 146 153 153 152 151 148 146 147 168 159 158 159 156 159 161 152 149 155 144 157 155 163 131 139 149 152 151 149 138 128 117 116 121 118 117 114 111 110 113 107 105 105 106 105 118 116 116 100 116 95 81 96 97 98 101 102 102 106 103 101 96 99 93 93 95 99 99 95 98 99 101 102 104 89 98 88 90 93 97 98 97 95 93 91 91 106 90 80 96 96 96
149 144 158 145 145 153 153 153 168 150 148 167 161 158 153 153 154 156 158 155 150 152 148 128 155 126 125 130 153 150 152 150 146 136 124 118 119 122 118 115 110 107 105 106 112 106 105 102 101 99 103 101 99 98 93 99 91 95 96 96 96 98 102 92 102 100 100 99 98 99 86 103 102 86 86 87 87 87 87 87 91 88 89 91 94 95 95 95 94 92 92 92 92 93 95 95
140 150 143 144 153 155 166 166 166 165 164 153 143 143 141 139 139 156 155 151 157 148 147 143 163 128 154 149 148 147 145 149 145 135 120 116 116 111 106 102 103 102 101 103 106 104 103 100 100 99 98 97 96 101 98 111 102 99 97 98 97 99 91 91 90 88 87 86 84 84 86 87 85 84 85 85 97 87 87 87 87 87 107 88 89 91 93 94 94 93 92 92 92 92 92 93
139 151 153 152 160 162 165 165 164 163 152 142 144 144 160 154 139 160 157 151 131 130 149 153 151 147 150 148 146 146 140 148 143 138 113 118 125 120 108 109 109 103 97 96 100 100 101 99 98 98 98 99 98 97 102 99 95 95 97 98 97 88 88 89 88 89 88 85 83 83 85 86 86 85 84 84 85 86 86 86 87 87 87 87 88 88 90 90 91 91 92 92 92 91 92 93
135 146 153 157 149 154 155 163 158 156 145 145 146 146 161 156 140 158 135 133 148 153 153 151 156 149 148 148 144 145 143 148 143 138 123 110 132 134 125 120 118 116 100 94 97 97 100 100 99 98 98 98 98 98 97 102 97 88 88 87 86 85 87 87 87 88 88 85 83 83 84 85 86 85 84 84 84 84 85 86 88 88 100 85 86 87 87 88 89 90 90 91 91 91 91 90
134 134 150 150 142 156 151 156 145 146 146 147 145 146 159 141 139 137 130 151 152 150 152 151 148 148 148 141 144 143 143 149 142 137 123 118 132 132 121 121 118 119 109 96 90 95 94 99 100 100 98 97 97 97 96 93 89 87 87 87 86 86 87 86 86 86 85 85 84 84 83 83 82 83 83 84 84 84 86 87 87 91 87 86 85 95 85 86 87 88 87 87 89 90 90 90
132 135 150 138 139 139 149 143 139 139 138 149 136 137 144 139 137 155 143 145 151 149 152 132 147 149 146 140 146 143 147 146 141 142 114 114 135 128 115 121 118 118 118 105 93 93 91 92 98 99 99 98 96 95 94 91 88 87 87 88 88 88 87 87 86 84 83 84 83 82 82 80 80 81 82 83 84 85 86 75 84 85 87 87 86 85 86 85 111 111 85 86 86 87 88 89
137 140 142 142 141 147 146 139 140 139 153 148 135 135 160 139 132 128 130 134 153 152 128 127 148 149 125 142 145 143 147 145 143 144 117 111 129 126 118 123 118 115 117 112 104 88 82 91 90 91 97 99 92 93 91 89 89 89 88 88 88 88 87 87 86 85 85 83 82 80 79 79 80 81 83 84 67 72 76 75 82 83 84 85 85 86 86 96 84 85 86 86 86 87 88 87
138 143 147 145 142 150 139 141 141 155 152 135 151 133 131 131 132 130 132 133 154 138 130 135 150 130 125 145 145 147 144 145 144 142 126 115 120 124 120 127 122 118 118 115 116 116 107 95 89 88 89 94 94 92 90 89 89 89 89 88 87 87 87 87 86 85 79 82 81 80 79 80 82 83 66 73 86 85 77 75 81 81 81 82 83 84 84 84 84 84 85 85 85 85 86 85
137 145 147 143 153 138 139 141 157 154 136 135 135 134 134 134 143 131 133 133 150 149 150 151 135 130 143 146 147 144 144 145 145 142 131 120 117 121 124 125 123 117 115 118 114 114 112 115 112 93 89 86 85 90 89 88 88 89 89 88 87 87 87 78 80 83 81 80 80 80 81 82 69 70 84 83 78 79 87 89 85 82 82 81 80 80 80 82 82 82 83 84 84 84 85 85
138 144 144 139 140 137 139 141 139 137 135 136 137 138 137 136 136 132 133 136 140 152 154 137 134 131 127 146 145 145 145 146 144 139 130 124 117 119 125 123 121 117 116 117 114 116 115 114 113 95 89 89 89 89 88 87 79 80 80 78 77 77 77 78 84 82 80 80 80 81 69 73 84 83 78 79 84 89 90 91 97 92 95 93 92 93 93 91 80 80 81 82 83 84 82 83
142 144 140 137 138 136 138 139 136 135 136 139 140 142 152 155 133 134 134 138 141 153 151 151 136 132 146 145 144 145 146 146 143 140 126 126 122 120 125 125 123 117 120 120 115 115 113 106 105 94 89 89 89 115 87 86 95 86 101 89 77 75 76 76 73 71 81 69 68 71 75 79 76 74 76 86 91 93 91 89 96 96 91 93 78 91 91 91 79 79 80 80 81 82 82 84
149 147 138 135 135 134 136 136 136 138 140 142 141 149 158 139 133 135 137 146 151 151 149 154 138 135 147 144 145 146 148 145 144 137 124 126 126 122 125 126 123 114 114 121 114 112 111 115 112 93 90 89 88 113 87 87 115 85 104 108 83 82 79 75 69 72 70 99 106 83 80 80 78 77 82 87 92 90 91 91 95 77 96 96 77 85 85 88 78 78 78 78 79 79 79 80
156 152 142 137 136 135 138 139 140 142 153 156 146 143 146 136 134 136 140 145 136 139 151 153 150 150 147 143 145 146 145 147 141 133 126 127 127 125 126 125 123 113 112 118 119 112 111 100 98 110 91 89 89 89 88 87 85 94 84 105 83 93 82 98 99 96 99 103 76 104 87 85 99 99 86 88 86 86 83 83 88 94 77 77 76 76 76 92 77 77 78 78 78 79 79 79
159 155 146 140 139 141 143 143 143 159 161 160 159 145 138 136 135 138 143 142 130 141 151 151 149 137 131 141 144 145 145 143 141 132 126 126 130 127 127 130 124 117 111 111 115 112 113 111 99 99 93 88 88 88 116 86 85 84 83 106 83 83 81 104 98 97 98 98 105 112 94 92 97 100 85 82 72 66 66 70 72 74 77 79 79 81 76 76 77 77 77 76 78 77 78 78
164 158 147 140 140 142 145 152 156 161 161 158 154 144 136 133 134 141 132 138 130 129 128 127 154 137 132 125 142 144 146 136 135 132 126 127 137 126 126 137 124 117 106 110 103 102 103 101 99 117 96 93 86 108 87 86 85 83 83 83 96 82 107 109 108 101 89 103 95 93 91 83 90 96 97 80 62 66 70 75 76 76 76 73 68 67 75 75 76 76 75 77 76 77 78 78
169 163 150 145 142 144 151 157 160 161 159 157 153 145 136 133 135 143 132 151 142 140 128 128 153 138 132 126 143 146 140 133 132 133 131 131 139 125 130 135 123 120 104 98 99 104 111 110 106 114 113 92 93 86 112 87 84 82 82 82 82 97 99 80 109 104 104 75 75 90 87 89 92 95 101 107 73 73 73 73 72 72 73 74 74 73 81 78 73 74 75 76 78 78 80 77
167 162 151 150 148 153 154 152 159 159 153 144 143 135 138 133 136 155 142 140 141 151 127 145 152 125 122 126 147 141 140 131 131 139 138 132 139 129 131 137 126 132 98 97 95 95 96 106 96 108 108 86 86 86 87 112 85 82 80 109 93 96 91 104 92 90 89 75 74 97 84 81 80 81 89 104 107 96 72 73 78 66 63 70 77 84 73 78 73 75 75 76 76 76 76 77
163 157 146 149 150 156 157 157 158 158 152 149 151 135 138 133 136 135 152 131 143 150 149 149 153 124 121 127 146 139 144 133 128 134 139 141 140 131 131 138 137 134 119 96 96 96 96 96 94 93 93 87 86 86 86 86 115 84 81 87 87 80 80 93 98 95 93 76 74 73 95 86 86 80 84 88 95 73 66 71 71 72 72 72 73 73 73 73 73 75 74 74 75 75 74 75
163 154 141 148 149 154 155 157 158 158 155 154 149 137 135 133 137 135 152 130 129 150 141 151 140 124 126 142 142 146 148 140 128 132 140 140 139 130 131 135 137 135 124 99 96 97 106 105 93 91 87 87 86 107 85 85 86 86 83 79 88 78 79 79 79 87 89 95 75 73 105 95 91 93 92 91 90 72 77 71 67 70 65 58 58 71 72 72 72 59 72 73 74 74 74 74
164 153 140 138 149 153 155 152 157 157 157 156 136 147 132 134 138 134 153 130 142 152 126 140 126 124 128 144 143 148 147 135 114 112 141 141 131 129 132 140 137 122 121 117 95 94 97 102 94 93 91 86 93 107 105 84 84 86 85 81 78 103 77 78 78 78 77 80 92 74 73 103 91 90 90 91 93 91 90 86 71 71 89 98 59 60 60 63 77 72 61 61 65 72 72 74
160 150 141 139 151 154 156 152 157 156 157 157 159 148 129 136 138 134 144 130 129 128 126 140 126 131 132 142 146 148 146 132 128 140 144 140 129 116 138 135 130 123 108 129 99 94 97 104 94 88 90 86 102 110 85 84 83 84 85 84 80 77 105 84 80 76 76 75 75 77 74 95 89 82 83 90 92 95 92 94 87 85 92 101 70 96 94 98 100 69 101 88 82 81 77 73
151 146 142 140 151 155 156 152 155 155 156 156 157 134 132 136 138 133 130 129 129 128 126 154 126 131 148 148 149 128 143 130 128 140 138 140 116 121 139 135 135 123 109 132 114 94 103 99 97 87 92 86 102 84 107 84 83 83 83 84 82 79 89 102 97 95 85 88 83 83 84 85 87 86 86 91 93 92 94 94 88 83 86 96 102 99 94 93 97 70 70 97 87 81 71 72
145 143 141 140 151 155 155 155 153 154 155 156 135 150 131 135 137 133 130 130 129 128 126 141 126 134 149 150 132 147 136 130 133 127 139 140 116 122 140 139 137 122 123 133 104 96 95 97 99 98 86 101 101 85 84 102 83 82 82 83 82 80 78 106 97 93 97 98 94 99 105 97 96 71 91 89 93 92 94 96 92 85 84 89 95 100 95 82 85 98 71 70 98 83 71 72
142 142 141 151 151 152 152 154 153 156 152 156 151 149 131 135 137 133 130 151 129 128 127 127 137 138 151 132 148 143 139 131 147 124 141 130 117 127 139 140 137 120 121 109 105 114 91 100 89 102 86 85 105 84 84 106 104 82 81 82 82 81 79 90 99 85 92 85 84 100 72 71 101 91 70 90 90 94 93 93 93 84 76 78 87 95 96 90 80 81 96 72 70 95 70 70
141 141 140 151 151 152 152 150 155 154 137 135 135 149 132 135 137 133 155 130 129 128 127 127 141 152 152 149 143 147 143 135 148 142 138 117 117 131 121 137 129 120 119 123 106 103 107 90 89 102 86 85 85 85 84 99 103 82 81 81 81 81 80 78 103 96 96 96 83 92 105 96 91 98 95 107 90 94 95 88 90 83 75 78 85 93 91 90 84 76 71 84 73 71 71 70
141 140 139 150 151 152 152 152 154 154 138 150 137 135 133 136 136 132 131 130 129 128 127 142 139 152 152 149 148 148 142 142 144 143 131 117 109 132 121 139 114 113 113 113 108 104 113 90 89 102 86 86 85 84 84 99 103 82 81 81 104 81 80 78 95 101 101 99 92 86 96 101 107 102 71 71 71 99 98 92 89 89 87 85 88 69 91 82 84 79 71 71 81 74 72 72
141 140 139 151 152 139 153 155 155 154 153 154 136 135 134 137 135 132 131 130 128 128 127 133 139 153 151 150 149 150 148 141 145 140 123 110 109 124 139 139 115 113 114 113 113 110 106 107 88 102 102 86 85 84 83 83 102 103 102 80 81 82 80 78 77 101 98 97 88 72 73 73 99 101 72 72 108 98 84 89 95 96 90 87 85 69 70 90 89 90 87 80 70 72 74 73
141 140 139 150 153 139 153 152 153 153 151 152 152 134 135 136 134 132 131 130 129 128 151 127 127 152 151 150 149 150 144 137 139 141 123 110 109 124 142 139 115 113 113 114 114 111 108 104 108 88 102 87 86 84 83 99 84 101 109 81 81 82 81 79 77 94 88 87 86 73 72 73 73 90 99 99 71 72 83 87 94 98 95 90 87 70 70 70 69 70 70 89 84 71 73 75
141 140 139 150 153 139 138 153 153 153 153 155 151 133 136 136 134 133 132 130 129 128 133 127 138 152 152 121 149 138 148 141 141 143 124 111 109 125 126 137 116 115 112 114 113 111 109 102 103 88 88 87 85 84 84 85 84 96 99 81 81 81 81 99 78 76 96 85 88 83 84 84 73 73 88 96 73 73 95 85 87 100 71 70 70 70 71 70 70 70 71 71 71 83 71 72
141 140 139 148 140 139 138 153 152 152 152 153 152 134 136 136 134 133 132 131 129 146 127 128 137 142 124 122 137 142 137 144 144 143 125 121 123 142 142 105 103 101 114 111 110 112 111 91 99 88 88 87 85 85 87 100 96 82 98 98 80 80 80 80 100 77 95 93 91 84 86 94 86 73 74 74 74 74 96 89 84 72 72 70 70 70 71 71 71 71 71 72 72 84 70 70
140 140 139 149 139 139 138 153 151 151 152 136 151 134 136 135 134 133 132 131 154 139 127 128 137 151 124 122 145 139 138 149 144 138 125 121 125 129 125 105 104 102 117 112 108 111 112 92 121 102 87 86 86 88 102 100 99 100 99 96 105 79 79 79 80 79 77 100 93 98 86 87 97 82 74 81 94 75 74 92 86 71 72 72 70 70 70 71 72 72 72 72 70 72 72 69
140 140 139 139 139 138 138 153 149 151 155 136 152 135 152 135 134 133 132 153 151 133 128 128 137 127 125 122 146 132 151 149 131 130 128 125 142 109 122 105 103 117 102 113 98 97 95 125 106 104 100 86 88 105 109 101 83 99 99 98 97 106 93 78 79 79 77 96 96 97 93 91 98 98 88 85 89 104 104 95 96 71 72 73 73 72 71 71 71 72 71 72 71 71 71 70
140 140 139 139 139 138 138 154 151 153 137 136 148 136 136 135 152 133 132 153 138 129 129 128 128 151 125 141 139 131 148 146 117 116 142 112 145 109 123 105 104 104 103 100 98 97 96 94 107 89 102 88 106 101 100 85 85 84 100 82 99 98 97 96 91 92 98 96 104 96 93 84 98 99 95 95 94 98 98 74 73 72 71 72 74 72 73 71 70 70 71 72 71 74 72 72
140 140 139 139 138 138 138 153 153 156 137 154 143 147 136 135 134 153 153 150 134 129 129 128 128 150 149 146 140 121 141 145 116 116 144 143 142 128 107 106 105 105 104 100 98 97 96 95 92 90 89 90 89 87 86 86 86 85 84 83 83 99 80 97 101 100 105 76 96 102 99 83 85 101 102 99 97 97 75 75 74 74 73 72 73 101 72 72 72 71 71 71 71 73 72 73
140 140 139 139 138 138 138 137 155 138 136 150 136 152 136 135 153 151 149 142 129 129 129 142 128 151 125 147 140 140 141 138 143 117 144 138 143 143 109 107 117 104 103 101 98 97 96 95 93 91 90 90 89 87 86 86 86 86 85 84 83 82 81 80 105 103 106 98 98 97 97 94 91 95 100 74 101 74 74 74 74 83 74 74 72 72 72 72 72 85 72 72 72 71 72 72
140 139 139 138 138 138 138 138 138 138 136 143 137 152 153 155 153 144 149 138 130 130 130 129 149 150 125 148 122 147 121 140 118 118 117 115 113 112 143 139 104 102 102 101 99 98 97 96 94 92 90 89 89 88 87 87 86 85 85 84 83 82 82 81 98 106 108 98 98 76 76 103 96 92 93 92 92 97 100 90 73 80 74 74 73 73 72 72 71 71 72 72 72 72 72 70
139 139 139 139 138 138 155 138 138 138 136 144 136 145 152 154 152 147 149 130 130 130 129 129 151 126 125 124 123 123 147 150 142 118 117 144 113 112 142 107 104 102 101 101 100 98 97 96 94 92 90 90 107 89 88 87 86 86 85 85 84 83 83 82 107 104 98 107 106 107 76 106 100 94 75 75 75 76 76 89 74 74 74 75 73 73 73 73 72 71 72 72 73 71 71 72
139 139 138 138 138 138 154 138 138 138 136 150 136 137 152 155 152 144 144 130 130 130 130 151 128 127 126 125 124 124 123 143 144 118 118 116 114 112 142 107 105 103 102 102 101 99 97 96 94 92 91 90 107 108 89 88 87 86 86 85 84 84 83 108 98 103 103 106 103 103 105 107 106 104 94 90 91 75 75 76 75 75 74 74 74 74 74 73 72 72 72 73 72 73 74 84
139 138 138 138 138 138 138 137 138 137 136 149 136 137 152 155 151 146 146 130 131 130 130 130 128 127 126 125 145 149 148 148 146 119 118 117 115 113 111 108 106 105 104 103 101 99 97 96 95 93 92 91 90 109 89 89 88 87 86 85 85 109 83 110 109 105 101 102 99 98 99 104 76 76 104 99 95 97 90 75 75 74 74 74 75 74 74 74 73 73 73 99 93 96 95 94
139 138 137 138 137 138 138 137 138 137 155 148 136 145 152 154 151 132 131 130 131 131 151 130 129 127 151 150 149 149 149 145 144 119 118 117 115 113 111 109 107 106 104 103 130 99 98 97 96 94 93 92 91 107 90 90 89 88 87 86 85 109 109 106 110 81 105 101 95 94 78 97 78 78 77 98 99 76 99 92 91 92 88 74 75 75 75 74 74 74 74 76 76 102 77 77
139 138 137 138 137 137 137 137 137 137 154 147 142 149 150 151 150 146 131 131 131 131 154 130 129 127 148 147 151 150 142 123 121 119 117 116 144 112 137 131 108 106 122 103 102 101 99 98 96 95 94 93 92 103 103 90 90 89 88 87 86 85 107 104 109 82 81 105 98 96 78 98 78 78 103 99 98 97 95 90 89 92 77 98 76 93 90 89 75 75 76 76 75 74 79 78
139 138 137 138 138 138 138 137 137 136 135 150 136 151 135 151 152 149 132 132 132 132 155 131 130 152 146 148 147 150 141 123 122 120 118 143 115 113 111 110 109 108 106 105 104 102 100 98 97 96 94 93 92 105 103 108 90 109 88 88 87 86 105 100 103 83 82 107 101 97 93 102 79 79 104 100 97 77 87 81 77 77 87 78 78 100 77 102 83 75 89 92 80 76 81 81
139 138 137 142 138 138 138 137 137 136 136 136 151 136 136 135 153 151 133 133 133 133 132 155 130 154 149 150 146 147 147 138 147 149 146 118 117 115 113 112 111 110 108 105 103 102 101 99 98 96 95 94 93 93 101 104 104 101 107 88 88 87 106 96 85 98 106 82 102 98 94 101 80 79 104 107 107 99 89 89 89 88 77 84 87 90 89 78 99 100 77 76 76 77 81 81
139 138 138 138 139 139 139 138 137 137 137 137 136 149 136 150 153 154 147 133 134 133 133 132 131 129 151 144 128 127 126 148 151 148 121 120 118 117 115 138 112 111 109 106 104 103 101 100 99 97 96 95 94 93 97 94 97 98 99 106 88 87 102 93 85 87 93 99 98 98 94 97 108 107 107 79 78 78 92 88 88 88 78 79 78 87 78 79 79 79 80 79 76 76 77 78
138 138 138 138 139 139 139 139 138 138 138 138 137 150 149 150 155 156 148 134 134 157 133 133 131 155 149 145 153 156 128 154 126 124 123 121 120 119 139 113 112 111 109 108 106 104 102 101 99 98 96 96 95 94 93 93 92 92 91 90 102 105 101 102 98 91 84 92 94 94 93 98 98 99 104 109 80 79 108 78 81 79 78 83 80 80 99 79 88 78 79 80 90 77 77 77
138 139 138 139 138 140 139 139 139 138 138 138 138 152 137 137 156 154 148 136 135 135 134 134 133 150 147 154 131 130 130 129 127 126 125 123 122 120 117 114 113 112 110 109 107 105 103 102 100 99 97 96 96 95 94 94 93 92 92 91 90 101 103 102 98 85 84 83 83 82 82 82 82 95 99 105 81 80 80 101 79 80 79 79 79 81 105 81 80 79 78 88 82 82 79 79
