examples/cougarCreek-fire/createInputs/farsite/7a-cougarCreek-polygonIgnit/cougarCreekFire_08-13-2015_1000_217m_non_neutral_stability_ang.asc
ncols	146
nrows	140
xllcorner	610065.000000
yllcorner	5095217.000000
cellsize	216.586807
NODATA_value	-9999.000000
[rows 84 to 125 of 140, columns 0 to 94 of 146]
351 348 345 351 348 349 321 320 342 341 321 316 331 324 327 322 318 316 350 339 303 300 300 300 299 0 348 334 317 290 318 294 298 312 315 312 250 251 298 223 231 227 261 281 268 273 264 202 206 223 269 199 204 201 194 190 187 186 183 182 183 208 186 213 174 164 166 161 197 163 156 148 202 83 85 227 245 323 334 150 321 153 145 267 322 358 338 332 326 306 291 284 156 285 316
351 349 348 349 347 347 349 342 347 325 321 316 318 337 358 324 354 357 346 334 304 303 301 298 325 2 351 336 326 289 311 309 303 307 316 283 271 267 221 231 235 227 211 239 257 271 226 186 205 205 259 226 200 196 193 190 202 186 186 185 184 213 186 187 263 254 210 185 173 214 198 149 198 170 335 304 309 313 255 248 278 319 321 277 277 320 321 309 326 334 311 297 301 277 308
345 351 349 347 348 349 351 348 349 325 320 316 318 347 359 357 351 347 312 307 304 304 303 297 345 355 355 340 331 310 313 270 305 278 318 285 306 310 226 232 231 218 202 215 264 270 270 201 203 205 249 253 266 194 194 191 188 193 187 187 185 182 184 185 242 282 230 219 220 216 166 261 244 228 296 319 327 350 221 145 148 257 300 308 293 310 309 196 206 278 302 275 16 10 9
347 351 351 349 348 348 327 327 327 326 320 317 321 346 351 357 352 333 313 308 305 304 301 334 353 4 358 346 338 329 315 282 303 244 303 306 313 311 253 229 226 214 200 204 200 272 253 200 194 207 237 261 220 194 193 193 190 187 188 203 218 202 183 184 251 172 234 232 250 212 88 181 221 148 148 263 255 295 315 248 239 154 272 298 287 298 334 341 205 141 88 19 360 356 3
349 351 347 348 351 349 347 350 329 327 321 319 324 333 351 356 351 316 313 307 306 305 300 348 5 13 6 347 345 337 329 319 312 244 281 310 310 313 219 222 220 210 201 203 194 243 244 224 196 201 216 254 196 261 196 194 209 202 189 209 208 202 206 184 243 271 252 251 269 277 316 320 297 281 148 138 134 138 149 259 259 263 270 292 306 295 301 229 215 177 26 3 2 358 359
354 352 351 348 351 346 348 350 327 326 322 333 324 327 352 358 350 312 311 306 305 306 307 2 26 286 284 313 341 341 268 326 318 247 236 321 313 309 215 214 211 280 202 227 192 256 264 212 187 193 202 243 196 193 204 195 204 201 198 208 231 198 203 224 242 237 258 254 270 281 281 339 12 322 241 270 272 233 138 238 252 253 186 193 269 238 283 273 250 253 315 346 358 1 2
356 353 351 351 351 351 351 349 326 326 322 336 326 331 350 314 349 310 309 306 307 306 344 15 298 291 288 348 335 344 346 333 330 294 232 292 302 295 211 209 207 209 201 233 200 243 262 177 203 201 192 224 197 194 194 197 192 200 189 190 223 246 184 224 234 242 258 261 266 272 289 315 174 177 167 292 287 294 273 155 171 184 192 206 272 314 293 281 313 304 313 335 356 5 7
357 352 347 349 349 349 351 349 325 325 321 320 326 331 326 355 344 311 309 307 309 310 358 17 300 293 358 351 352 343 337 332 322 314 281 309 309 296 207 180 202 240 198 255 222 255 192 204 203 201 203 202 239 225 213 202 194 202 205 189 220 208 236 218 251 187 260 232 243 249 251 290 180 187 336 276 289 295 278 270 272 279 274 219 229 249 257 244 280 306 315 329 355 5 6
353 360 344 346 350 345 352 348 347 320 316 335 324 344 322 350 313 335 311 309 313 337 10 308 304 294 342 352 358 354 328 320 323 322 305 323 3 220 176 207 208 265 199 199 198 201 188 186 202 202 204 201 238 193 193 238 206 207 208 195 209 236 213 221 265 193 195 282 249 251 253 292 182 192 282 263 292 284 279 263 267 278 300 293 294 288 284 287 265 294 312 323 337 350 358
355 327 326 327 342 339 352 321 347 316 355 339 322 348 344 346 351 338 315 314 318 339 3 18 305 295 347 354 354 342 327 309 328 339 342 186 206 207 210 211 207 203 204 202 198 187 188 202 201 201 202 218 234 194 194 193 214 235 213 201 204 211 222 230 239 268 269 239 275 244 244 303 188 195 275 293 282 253 190 215 227 235 236 289 307 302 305 234 273 287 293 311 310 329 336
330 327 327 329 344 340 354 323 321 318 312 349 346 343 344 345 348 346 314 316 319 336 1 12 301 297 352 344 333 347 348 322 353 17 218 212 208 207 212 216 209 203 204 202 198 199 201 201 201 200 200 215 229 197 196 194 222 193 220 217 206 239 250 194 197 240 274 269 280 251 249 294 196 286 301 328 171 294 272 228 234 244 252 261 272 288 288 304 274 282 300 330 340 294 314
357 325 337 330 343 340 330 2 323 353 352 350 348 339 343 342 348 351 313 318 318 346 2 304 302 300 348 331 283 10 249 347 12 58 217 212 208 207 214 217 209 203 202 200 199 201 201 201 201 201 200 199 199 199 198 196 195 195 194 195 240 224 235 201 201 195 192 250 258 260 253 265 292 292 316 337 198 211 223 269 240 247 284 291 289 287 294 304 300 283 319 312 328 338 343
324 324 344 339 341 345 330 2 357 358 343 348 350 340 341 340 353 357 317 324 327 10 312 310 307 306 344 336 1 33 14 12 58 226 219 215 210 209 214 215 209 203 201 199 200 201 201 200 201 202 202 201 201 200 199 198 198 197 196 196 232 224 203 206 236 199 195 195 197 256 258 269 261 282 306 320 221 229 235 273 255 260 268 281 303 312 311 313 305 301 298 312 306 344 350
325 326 342 343 339 356 3 329 360 3 326 355 352 344 324 340 350 349 319 333 333 327 321 315 310 344 307 360 14 298 17 272 251 236 226 218 210 209 213 213 207 203 200 199 200 201 200 200 201 202 202 202 201 200 200 200 199 198 198 199 201 204 208 208 206 203 199 196 195 194 198 205 209 275 278 313 330 240 244 300 268 279 289 301 290 314 312 310 309 317 342 340 348 346 351
321 328 334 346 346 331 358 331 330 326 359 1 347 339 325 326 348 340 339 2 330 328 327 323 351 341 348 311 12 15 20 279 258 241 226 214 205 203 208 210 207 204 201 199 200 200 200 200 201 203 204 203 201 202 202 202 201 201 201 203 205 209 212 211 209 206 202 199 198 232 204 211 211 278 283 297 317 251 254 315 292 291 286 296 303 304 325 301 307 322 327 346 342 343 360
318 340 333 346 7 329 346 330 330 360 7 326 346 331 328 329 339 338 344 331 331 11 326 328 325 352 360 2 359 15 26 39 264 249 228 209 197 194 200 210 215 209 200 198 198 198 199 200 202 205 206 203 203 204 206 205 204 204 205 208 212 215 215 213 211 208 205 203 203 205 210 213 270 268 275 286 303 317 268 273 305 275 298 305 311 304 311 302 296 317 326 339 337 337 357
324 352 327 356 334 346 346 357 351 329 329 326 342 328 331 331 341 334 345 328 330 328 326 358 8 5 1 355 352 20 309 300 289 277 242 199 186 189 205 228 236 213 193 195 197 198 198 198 201 206 207 204 205 208 209 208 207 207 210 215 218 219 217 224 214 211 208 207 210 213 216 220 224 233 246 278 291 297 280 277 310 306 294 293 305 301 303 306 307 323 316 331 331 332 349
327 325 325 14 330 348 2 330 329 357 324 356 341 344 335 333 341 332 342 352 324 326 329 329 324 325 3 353 353 32 321 320 312 299 250 176 178 206 254 273 261 205 182 189 196 196 195 196 200 206 208 207 207 211 212 211 210 212 217 221 222 220 217 216 216 214 212 214 218 221 225 231 262 265 263 268 282 291 304 313 304 297 292 287 281 314 280 289 324 302 328 311 322 327 346
327 330 332 326 330 353 328 353 338 6 324 354 354 348 346 345 327 328 338 338 325 15 28 327 327 330 9 1 14 334 330 331 332 326 297 167 267 289 290 275 240 188 174 181 191 193 193 195 200 207 210 210 210 214 215 214 213 217 223 226 225 221 218 219 220 220 238 239 244 246 248 251 253 263 276 285 288 289 295 306 296 293 294 297 305 319 309 308 302 285 288 281 346 339 304
327 330 333 332 11 325 344 350 354 335 330 1 322 340 0 353 327 330 334 336 17 332 44 356 9 13 10 5 16 341 24 21 352 358 358 323 245 236 226 212 196 180 173 177 187 192 194 197 202 209 212 212 213 215 217 217 218 223 228 230 229 225 232 227 230 239 241 243 253 258 260 261 260 267 279 288 294 297 303 313 307 303 299 300 318 324 326 324 328 339 318 308 302 308 323
326 327 329 331 326 3 322 336 10 333 332 329 350 344 327 341 334 331 334 349 343 43 33 329 1 14 11 3 22 21 10 18 355 5 12 49 170 187 188 187 185 177 173 176 184 193 197 200 204 209 211 211 214 218 222 223 226 231 235 236 235 232 233 237 239 243 245 253 261 267 271 275 278 279 280 284 294 299 302 311 306 304 306 302 309 326 324 335 321 329 335 331 357 337 323
334 328 326 326 327 318 356 326 338 0 329 331 331 5 330 330 336 330 334 347 15 337 334 2 4 342 13 352 20 19 357 352 357 11 35 85 133 168 182 183 181 174 172 176 183 193 200 203 206 210 211 211 213 220 230 237 239 241 244 244 244 242 243 245 254 255 260 265 270 275 282 282 284 286 285 285 289 295 294 294 304 310 311 307 309 321 325 324 315 334 330 330 334 352 7
335 333 329 327 329 327 321 324 6 331 0 326 344 358 327 332 338 331 336 333 13 15 4 336 342 19 347 358 20 1 0 359 7 27 58 86 107 143 173 173 169 166 168 175 182 193 200 205 209 213 214 213 216 225 241 255 256 253 253 255 256 254 250 250 253 260 268 273 278 282 286 293 300 293 289 286 285 286 290 300 303 308 312 305 299 299 309 315 310 310 341 329 319 346 3
340 334 331 329 329 329 328 329 327 333 360 347 358 325 347 350 332 335 338 344 23 24 334 1 344 347 10 8 2 1 3 8 23 45 61 65 79 92 99 121 142 153 163 172 180 191 200 206 212 216 219 219 224 242 254 261 263 262 263 266 266 263 258 259 265 274 271 274 277 279 283 288 294 297 294 293 294 297 305 311 310 308 313 314 307 344 306 310 315 307 331 340 321 307 319
331 327 330 327 326 326 326 329 333 2 332 2 324 354 353 351 336 336 341 339 30 340 17 10 14 19 13 18 359 15 10 24 17 50 47 64 26 17 34 72 104 131 151 164 177 112 200 208 215 221 225 228 241 259 263 256 257 267 272 273 274 274 273 275 280 272 280 286 287 288 289 305 297 300 299 301 302 304 307 310 314 313 312 319 323 323 317 314 320 322 323 326 316 307 308
325 325 335 327 325 325 324 325 332 337 339 329 360 354 358 347 328 340 346 350 21 21 358 1 8 9 11 1 2 10 25 15 40 35 53 24 55 24 53 73 83 98 123 147 92 190 199 212 222 229 233 236 248 260 260 258 263 274 281 283 285 291 295 294 296 300 285 288 291 306 298 309 300 311 313 306 304 303 304 309 312 311 311 316 326 334 331 330 338 333 325 319 323 325 329
319 323 327 332 326 326 326 324 331 341 343 329 358 330 330 345 342 3 330 350 10 4 356 360 10 9 7 18 8 13 21 31 47 55 54 57 48 43 26 68 69 77 93 76 80 85 199 225 238 245 248 250 257 263 266 271 279 288 293 296 300 306 310 309 310 314 293 292 295 297 297 293 292 296 304 306 305 304 306 308 312 315 317 319 322 334 334 333 339 340 339 340 330 335 341
312 317 324 326 323 324 326 325 330 338 339 332 332 330 352 349 336 332 332 334 336 338 342 6 14 17 11 15 12 15 28 20 54 50 50 43 31 46 52 60 63 66 68 69 68 72 242 272 279 281 283 284 284 284 286 291 295 299 301 304 308 314 317 315 316 309 309 307 305 303 300 299 300 299 300 306 309 312 312 312 318 319 318 318 322 331 334 331 335 342 344 5 342 336 342
311 313 318 322 322 320 319 322 329 339 8 338 1 353 345 355 336 334 332 335 339 343 347 12 17 21 19 7 9 23 35 43 35 21 38 23 36 42 51 53 60 64 63 66 69 343 314 311 309 310 311 310 306 302 300 301 303 305 305 307 312 317 319 318 318 322 327 328 315 313 312 315 316 314 312 311 315 316 315 317 324 328 326 327 326 330 337 340 338 339 340 1 8 342 336
312 314 317 319 319 314 315 318 321 332 341 11 355 340 344 352 332 332 332 337 345 349 351 14 25 25 19 18 18 20 25 23 24 23 23 30 36 43 44 46 49 52 61 73 81 337 327 323 319 319 320 317 312 307 304 304 306 310 311 313 318 323 323 321 321 323 326 327 329 318 318 327 320 322 320 318 321 322 324 322 326 332 328 326 327 326 331 339 339 345 343 334 347 337 323
312 314 316 317 319 318 316 316 318 323 349 336 326 345 352 349 326 326 328 337 346 351 355 17 33 27 15 16 14 14 14 22 25 24 20 32 38 44 38 38 43 53 66 16 353 339 334 329 323 320 318 315 312 307 305 306 309 314 317 320 324 328 327 319 317 317 317 317 317 317 316 315 315 319 323 323 328 329 329 328 329 333 328 325 324 325 330 335 335 339 348 341 338 348 356
312 314 316 317 319 322 324 325 323 319 324 332 357 355 337 329 328 327 329 335 348 6 12 38 37 14 14 15 16 13 8 27 35 28 30 31 40 39 32 35 46 52 52 43 25 338 337 333 326 320 316 313 310 306 304 306 310 315 319 323 328 330 329 326 317 317 318 318 317 317 317 317 318 320 324 325 326 326 324 322 326 330 331 329 329 329 334 337 337 338 338 339 337 357 354
313 314 316 316 316 319 323 327 329 329 330 329 352 359 332 334 331 330 333 339 345 9 19 34 21 4 12 13 19 10 7 27 33 31 29 40 39 30 31 38 45 44 39 24 8 1 337 336 328 321 315 311 308 305 303 305 309 312 316 322 328 331 329 322 319 318 317 318 318 320 320 321 321 323 325 326 325 324 320 318 320 323 326 327 326 328 334 337 339 342 336 335 327 325 355
313 314 313 312 312 315 319 325 330 332 332 324 319 328 332 334 331 333 337 341 346 16 32 29 355 356 13 13 13 2 7 27 39 38 37 35 24 28 31 40 39 37 33 18 3 357 358 333 328 321 314 309 307 305 303 303 305 307 311 318 326 330 327 328 325 322 319 317 319 322 323 321 321 322 322 325 324 325 325 324 323 323 324 324 326 330 336 337 337 358 354 339 332 3 325
316 314 312 310 312 315 320 325 329 333 334 333 330 326 349 333 332 334 338 341 347 16 348 13 352 357 16 13 8 3 12 33 38 35 33 27 18 26 38 41 35 32 22 6 356 330 354 352 322 319 313 308 306 305 304 303 304 306 310 316 322 326 329 328 327 326 324 320 317 320 325 322 321 320 319 320 322 324 325 326 329 333 333 329 329 333 346 340 337 354 353 344 344 334 329
317 314 313 311 312 314 319 325 326 331 330 329 329 332 331 6 332 336 5 340 359 14 21 345 352 6 11 12 10 7 18 29 31 31 27 22 24 34 43 39 32 24 11 359 353 354 353 345 337 314 310 307 307 308 307 306 306 309 319 321 323 324 327 327 326 326 325 323 318 317 324 326 325 323 321 323 325 327 331 331 328 331 335 332 332 335 348 344 338 351 353 347 0 356 345
313 313 315 314 313 314 319 324 327 329 326 322 322 327 334 338 359 5 15 360 7 343 19 11 7 8 1 11 15 2 6 11 25 29 22 21 31 36 39 36 24 16 7 0 360 359 353 342 334 326 320 306 307 308 307 307 314 315 318 322 325 325 326 327 328 327 324 324 320 317 320 327 328 328 326 324 323 325 332 333 330 329 331 330 327 325 331 334 336 347 351 344 356 355 356
314 310 313 316 313 314 320 322 323 323 327 324 323 325 330 328 5 15 3 358 8 21 18 19 9 359 2 14 16 1 3 20 25 28 18 24 37 37 36 28 17 10 7 5 5 359 349 341 333 325 319 316 315 315 314 314 315 315 317 322 326 326 326 328 327 327 325 326 325 319 320 324 324 323 323 323 325 325 330 333 330 330 332 332 328 353 352 353 339 333 348 338 353 351 350
314 307 309 317 309 309 318 319 319 323 328 327 325 326 328 336 334 21 336 0 4 10 9 4 352 357 9 23 16 4 358 22 24 24 16 26 34 30 29 20 9 10 9 6 4 355 345 339 333 327 322 318 316 314 314 315 315 315 316 321 327 326 323 328 326 325 328 328 329 323 321 319 319 321 323 324 327 326 330 332 329 331 335 336 337 337 328 356 354 319 331 330 339 347 345
313 307 305 309 311 309 317 317 315 319 324 329 326 325 325 334 345 26 2 355 3 7 7 3 352 358 18 356 358 2 0 13 14 15 17 25 28 24 20 12 8 8 5 3 0 349 341 338 333 329 325 321 318 315 314 314 315 315 315 319 326 325 321 326 329 322 323 327 327 324 323 325 326 327 326 324 325 325 328 331 330 332 333 336 340 348 345 341 332 331 334 338 344 345 343
313 308 305 306 306 312 317 318 315 315 325 334 328 324 323 329 338 348 6 339 7 10 7 2 350 355 356 354 355 0 2 5 11 14 22 26 27 25 20 15 11 8 5 2 356 347 340 338 334 330 326 321 319 317 315 314 314 314 314 316 321 320 318 321 325 318 320 325 320 320 324 329 331 331 330 328 327 328 329 328 329 334 346 341 339 349 348 347 339 335 1 353 348 344 343
312 313 311 302 308 310 314 317 316 315 322 331 330 326 323 326 338 347 336 342 338 6 6 5 2 2 352 353 359 357 358 356 13 21 31 29 26 24 22 17 11 9 6 0 354 348 339 336 332 329 325 321 321 319 317 315 312 310 309 310 312 309 308 310 313 322 326 329 312 322 320 327 331 335 336 332 329 327 327 327 330 334 344 347 337 340 342 341 339 332 330 349 343 347 343
