examples/cougarCreek-fire/createInputs/farsite/7a-cougarCreek-polygonIgnit/cougarCreekFire_08-13-2015_0600_217m_non_neutral_stability_vel.asc
ncols	146
nrows	140
xllcorner	610065.000000
yllcorner	5095217.000000
cellsize	216.586807
NODATA_value	-9999.000000
[rows 72 to 107 of 140, columns 0 to 80 of 146]
22.77 26.87 32.17 32.33 28.39 25.60 23.85 28.08 27.84 27.22 26.58 26.15 19.27 19.96 19.80 15.52 20.87 22.77 24.67 25.10 25.64 19.03 16.92 18.15 10.36 11.41 13.12 23.18 20.91 16.46 18.52 24.22 22.08 19.59 12.09 14.76 19.26 20.07 11.63 9.14 7.51 14.73 6.79 7.43 8.53 8.30 14.91 7.81 8.87 8.65 10.37 10.20 10.23 5.73 9.57 11.74 8.97 7.43 4.08 6.97 8.28 8.89 8.75 8.47 7.94 7.45 6.69 5.70 4.91 4.56 1.28 1.55 0.29 0.88 1.25 3.07 1.51 1.34 1.86 1.78 0.89
26.23 29.66 34.23 33.77 27.44 25.33 24.11 29.37 28.65 27.62 26.11 26.40 19.79 20.51 18.55 14.06 21.19 22.17 24.23 25.52 24.36 19.24 16.01 18.22 10.76 12.88 21.83 22.10 12.49 17.67 23.09 23.54 20.59 16.49 11.55 15.83 21.37 20.31 12.64 9.24 7.34 16.19 6.35 6.23 8.64 8.06 8.12 12.39 10.57 11.38 8.58 9.28 10.28 9.15 6.52 8.70 8.85 6.76 6.25 6.11 7.18 8.47 8.87 8.36 7.28 6.40 5.83 5.49 5.00 4.67 1.89 1.36 0.70 0.35 1.00 2.33 2.15 1.95 2.61 2.61 1.22
29.57 30.65 32.69 32.08 25.76 24.09 29.57 28.82 27.64 26.27 24.79 24.77 24.44 17.21 14.78 12.34 20.83 22.82 19.47 26.70 21.50 13.32 19.73 20.77 12.82 14.61 22.33 15.03 13.89 21.00 25.02 22.88 22.78 9.97 12.88 18.94 23.40 20.42 13.42 9.09 9.04 14.75 12.85 5.82 6.86 7.84 8.24 12.02 11.77 6.01 12.34 11.83 10.67 4.23 9.12 9.15 7.19 6.81 6.94 1.82 7.26 7.63 8.49 8.20 7.10 5.78 5.04 0.88 0.54 1.70 2.82 1.84 1.89 2.03 2.26 2.66 2.37 2.34 2.60 3.08 2.46
32.40 31.23 35.79 31.46 30.98 29.34 28.38 27.61 26.66 24.93 21.51 16.14 24.13 15.28 13.36 11.75 22.54 16.62 16.56 26.49 21.10 14.57 20.04 15.99 15.17 23.13 23.49 22.21 24.26 23.85 23.43 23.73 16.05 11.05 18.31 23.79 21.15 20.44 13.68 7.07 9.01 17.56 12.96 5.76 6.58 10.05 8.03 7.52 12.85 5.02 11.98 10.41 8.96 5.41 9.72 5.83 9.58 10.47 8.20 10.70 7.07 7.03 7.61 7.74 7.26 5.85 4.89 4.85 0.75 1.20 2.50 2.64 2.23 2.44 2.68 2.78 2.55 2.73 2.41 2.54 3.01
32.53 32.84 32.22 31.99 30.15 28.43 27.32 27.27 26.69 16.96 16.95 17.98 17.88 25.42 14.27 11.98 28.50 22.12 23.28 23.91 22.65 16.19 16.33 14.99 24.20 26.56 23.65 24.05 24.61 23.08 22.50 24.31 13.87 14.56 23.28 18.49 22.96 16.82 14.34 7.59 7.70 16.31 15.94 3.02 6.28 6.93 13.48 8.60 12.51 7.27 9.29 9.87 9.56 5.42 5.94 5.40 9.49 11.86 8.53 7.89 2.25 7.22 6.88 7.02 7.13 6.06 5.09 1.11 4.43 1.15 1.72 2.45 2.56 2.55 3.31 3.23 2.23 2.32 2.82 2.25 3.92
33.86 33.38 32.63 32.02 29.76 28.54 27.02 28.30 30.85 19.31 20.83 21.79 20.45 26.89 15.56 12.98 28.59 23.32 24.25 24.26 21.77 17.27 15.28 23.76 31.58 25.94 23.73 25.20 25.40 22.01 21.09 24.98 15.09 22.16 25.66 17.58 22.16 18.37 13.18 7.03 13.60 16.52 14.42 4.03 5.89 6.19 10.06 7.02 11.51 7.04 6.67 9.07 7.41 4.48 5.85 5.68 10.27 8.53 7.77 7.55 8.87 6.61 5.88 6.16 6.71 2.47 1.83 1.15 0.73 1.46 1.93 2.12 2.67 2.54 3.49 2.54 2.18 2.71 2.39 1.69 3.34
34.44 33.55 32.26 31.55 29.96 27.51 31.30 29.53 27.12 21.03 22.45 22.17 19.56 26.80 15.34 13.69 27.03 22.06 24.38 22.25 15.60 15.47 17.81 17.39 15.73 27.77 25.99 25.09 24.99 21.72 14.52 24.04 22.75 24.49 27.28 9.60 21.06 17.51 6.26 4.63 16.57 18.08 12.77 5.21 2.86 5.94 2.21 11.71 11.24 8.71 6.27 10.03 9.13 3.58 4.57 5.72 11.70 10.73 7.44 8.96 7.82 0.80 5.14 5.43 6.48 2.22 5.07 0.45 3.96 3.49 3.10 1.77 2.58 2.47 3.36 2.30 2.69 2.47 2.25 2.85 4.06
33.83 33.77 32.56 31.28 30.13 33.01 30.77 28.89 30.98 19.96 25.46 17.79 26.72 15.46 13.92 22.82 18.10 14.02 21.43 14.40 15.85 17.78 27.80 17.04 14.71 28.21 25.74 23.44 24.71 22.24 20.27 23.45 25.97 22.40 27.42 15.76 5.88 17.25 4.40 5.08 13.23 18.39 15.54 5.69 5.73 8.07 1.68 0.01 12.20 12.28 8.05 11.00 10.73 1.95 10.19 9.84 8.35 12.19 4.29 8.23 5.92 7.90 1.90 2.29 5.69 5.97 5.21 4.17 3.70 3.35 2.98 2.87 2.76 2.12 3.08 3.17 2.09 1.92 2.13 2.10 5.09
34.12 32.72 32.41 32.67 31.30 26.24 24.01 32.63 30.19 25.25 17.17 35.30 15.29 15.22 13.68 25.08 14.69 15.30 15.62 16.95 18.66 25.97 18.61 15.68 13.21 28.02 24.96 19.72 23.65 24.64 20.85 23.74 26.32 20.15 24.65 15.55 12.63 16.57 3.56 7.19 16.06 11.32 16.68 14.03 3.68 1.83 2.42 7.03 7.13 7.14 12.23 9.03 12.58 9.08 9.59 8.69 6.40 4.73 0.55 4.73 4.73 4.99 5.17 9.66 4.32 4.74 5.04 4.18 3.66 3.29 2.93 2.89 2.73 2.36 2.82 4.16 1.11 1.38 2.36 2.10 5.42
35.02 30.92 32.50 22.87 32.63 26.33 25.99 25.62 31.16 32.30 17.35 16.60 16.91 15.85 14.84 21.47 15.94 16.37 17.89 19.77 27.09 28.28 17.72 14.68 12.47 29.53 22.28 14.63 23.26 27.38 20.29 21.33 21.78 23.25 23.67 21.26 17.98 6.46 4.60 14.47 15.18 4.82 13.64 15.05 15.00 7.80 1.95 6.94 6.97 6.32 6.06 10.70 13.42 8.13 8.98 7.85 5.61 3.80 3.36 3.57 4.21 4.79 4.76 4.28 4.20 3.52 4.33 4.33 3.72 3.27 3.04 1.77 2.46 2.14 1.64 0.95 0.58 1.18 2.00 2.13 1.58
34.82 30.89 32.68 32.62 34.39 27.19 27.63 21.48 30.05 29.97 17.63 17.61 17.86 16.09 15.35 22.01 16.71 17.73 19.25 30.58 30.19 18.57 16.24 13.35 11.44 29.40 16.04 10.66 25.31 25.29 21.37 14.99 21.55 24.37 23.88 16.37 17.73 3.65 4.88 16.05 10.61 5.98 5.22 12.46 12.77 11.66 0.58 7.61 8.01 10.01 6.77 6.96 6.13 7.70 8.80 7.29 5.96 4.92 4.19 4.10 9.07 4.07 3.87 3.49 2.77 2.87 3.78 4.37 3.61 1.62 2.93 2.43 2.43 1.80 1.49 1.27 6.35 0.98 4.75 1.62 1.59
31.78 30.28 33.27 32.82 29.98 28.80 26.01 21.05 30.98 30.33 17.47 18.50 18.75 16.74 27.74 16.90 18.40 19.59 19.74 34.03 31.94 17.59 15.19 12.76 27.60 25.63 16.74 16.94 24.92 19.57 19.84 15.52 24.67 22.65 18.19 19.79 7.23 4.18 12.89 13.46 4.48 13.42 13.13 12.77 13.25 12.42 6.71 8.12 8.57 7.21 13.02 13.10 6.55 8.10 8.22 7.06 6.35 5.87 5.66 4.59 3.83 6.84 2.61 2.43 2.34 5.79 3.35 2.39 3.45 2.94 2.57 2.10 3.33 1.78 2.39 1.63 4.13 5.16 5.28 0.90 1.12
34.50 30.29 34.14 33.26 28.78 29.55 21.82 21.06 32.87 25.57 18.37 20.06 31.40 18.77 18.87 19.54 20.19 20.27 28.63 31.58 18.87 16.81 14.18 12.72 12.04 25.79 21.60 21.30 22.31 18.75 23.94 17.40 24.00 20.70 18.25 16.75 8.67 7.53 14.64 4.03 6.14 6.87 13.25 13.95 10.81 13.66 9.01 7.92 8.68 2.87 13.60 6.67 7.26 8.10 8.64 8.13 6.90 6.31 5.77 4.94 4.25 5.77 2.68 5.33 2.87 3.77 1.97 2.25 1.95 2.85 2.34 1.98 3.83 3.41 4.03 4.19 4.32 6.14 5.94 0.81 6.52
35.70 32.04 33.55 30.18 30.19 29.97 27.58 27.59 32.87 18.96 19.91 21.34 20.57 32.86 28.23 20.70 31.98 32.57 33.52 33.21 18.30 15.70 12.92 11.41 20.87 23.80 21.14 20.70 22.84 17.19 23.96 18.25 21.84 21.87 17.08 10.76 9.80 9.72 7.33 3.04 5.55 5.18 3.64 5.49 8.19 11.48 4.07 2.38 8.45 8.43 11.84 5.99 8.12 9.20 9.82 9.47 5.99 7.46 6.89 6.29 5.53 6.16 4.05 4.15 11.95 9.60 3.56 2.48 1.85 2.69 2.34 2.19 3.59 3.15 5.57 4.26 4.54 5.76 4.98 5.19 6.18
36.77 33.65 31.30 29.19 33.98 31.34 28.20 29.59 28.73 19.76 20.91 21.59 19.94 35.04 34.01 31.78 30.80 34.27 18.79 18.45 16.92 14.22 12.00 10.22 27.45 18.39 20.81 20.07 21.29 21.99 22.66 9.80 18.41 15.19 18.17 10.40 13.76 13.59 1.70 3.44 4.68 4.14 4.24 4.32 8.85 11.04 9.95 7.79 8.32 8.83 8.84 11.31 14.71 10.54 10.44 10.17 9.31 5.40 8.43 8.09 7.12 5.88 5.35 5.18 7.77 12.10 4.98 3.57 3.26 3.11 2.90 5.91 5.27 4.14 5.01 5.88 5.72 5.83 4.12 0.72 0.63
38.00 32.36 29.66 31.21 34.85 30.17 22.76 21.92 21.20 21.10 21.79 21.78 19.92 37.44 34.70 33.32 31.46 32.45 18.84 17.98 15.59 12.47 10.43 20.69 25.62 22.65 20.59 19.58 20.85 21.92 15.23 10.75 19.76 4.58 19.23 13.24 15.48 12.45 7.56 3.45 4.23 4.43 5.51 5.14 3.78 10.74 8.14 8.00 1.01 1.29 5.65 11.31 9.30 11.17 11.40 11.29 10.14 9.12 9.36 5.93 7.04 5.34 7.09 6.08 7.95 3.56 5.16 3.95 3.71 2.89 2.82 2.10 3.07 1.64 1.32 5.17 5.29 6.86 6.94 4.91 5.32
37.75 31.21 31.14 35.82 34.72 35.37 30.78 29.93 22.27 22.29 22.60 22.21 20.46 30.87 37.58 32.37 32.21 18.62 17.82 16.40 13.62 11.15 9.18 28.85 25.30 20.94 15.79 15.35 20.21 18.33 15.25 15.75 21.08 4.04 14.07 13.49 14.88 13.51 4.72 5.38 6.43 7.13 7.38 5.45 3.06 5.97 6.71 4.65 0.81 10.83 2.40 9.43 11.39 13.16 5.03 12.30 7.89 6.94 10.56 6.88 6.44 5.93 6.37 7.98 7.72 10.83 6.54 5.23 5.03 4.30 3.39 3.13 4.73 7.73 1.24 0.47 0.13 0.25 0.37 5.57 5.40
31.66 30.37 36.47 37.42 33.06 34.43 32.38 30.57 22.07 22.18 22.44 31.76 20.76 19.34 37.21 30.66 33.43 17.03 16.14 14.39 11.85 10.23 9.31 27.32 20.75 8.69 9.12 12.32 20.63 18.52 8.12 17.85 20.11 4.25 2.00 16.86 14.15 12.81 5.89 6.80 8.20 10.23 8.93 7.09 3.22 7.73 9.10 2.61 3.19 2.31 1.64 6.96 11.26 11.27 6.01 12.43 6.99 7.29 5.41 7.10 8.84 6.28 6.60 8.20 9.47 8.99 10.03 7.20 8.06 7.37 5.11 5.02 4.12 4.64 5.10 7.93 6.76 5.26 0.69 5.33 5.96
30.48 29.46 36.41 37.16 32.20 32.76 31.58 30.57 21.98 22.02 22.63 33.11 21.40 19.69 37.90 19.06 34.51 16.06 14.67 13.10 11.13 9.48 30.26 22.52 9.90 9.76 10.10 20.93 20.49 20.31 19.55 20.22 20.92 14.39 2.76 13.21 11.05 10.71 6.32 7.25 7.68 2.11 9.08 3.86 2.50 6.62 10.10 5.92 10.85 11.09 3.01 4.76 11.05 10.94 11.60 4.87 11.86 7.52 11.12 11.25 9.33 11.64 10.70 8.00 7.91 8.73 12.13 10.37 11.09 10.67 10.88 6.36 3.65 3.83 2.93 6.21 6.08 5.90 7.44 0.59 0.34
28.46 28.37 35.31 36.19 32.44 32.17 31.39 32.86 22.09 22.52 23.51 22.87 20.26 19.20 19.57 33.71 33.93 15.60 13.71 12.14 10.57 9.53 27.77 22.25 10.23 10.33 21.73 22.95 21.97 18.11 20.24 21.38 17.63 16.51 9.33 14.53 10.45 10.25 6.86 7.47 3.53 5.08 9.36 7.05 4.38 7.84 3.00 9.20 9.97 10.46 10.99 11.25 13.14 12.77 10.99 6.76 6.08 7.97 7.11 11.52 8.16 8.75 10.59 9.38 9.58 7.43 10.23 7.03 8.22 8.47 7.88 10.58 3.89 4.71 6.68 5.78 6.21 5.63 5.61 8.24 8.47
33.32 27.41 34.90 37.39 36.98 36.88 31.17 30.97 33.44 21.08 21.82 36.20 18.20 34.30 17.83 36.48 16.67 32.15 13.34 11.87 10.57 23.20 26.43 11.21 10.75 10.24 24.96 24.58 20.23 19.85 22.21 19.27 18.80 17.63 12.52 13.15 11.48 4.60 7.61 7.10 3.38 7.64 7.94 7.23 7.32 1.32 3.64 3.91 9.67 10.38 11.14 11.42 12.03 11.98 12.52 12.57 7.98 9.19 7.15 6.44 7.17 9.33 9.32 10.44 12.63 8.23 7.05 11.21 8.65 9.14 8.34 10.83 4.16 5.11 6.69 6.54 9.31 8.66 9.17 7.67 7.80
33.09 25.87 26.01 25.28 35.06 36.92 29.40 20.02 31.28 19.12 34.89 34.51 17.00 33.87 32.09 34.29 32.73 24.83 13.48 12.42 11.84 23.68 23.64 24.04 10.53 9.88 24.71 24.12 23.79 20.22 18.64 13.68 18.22 17.43 14.20 8.04 3.40 3.92 4.58 5.12 5.30 5.43 5.32 5.04 5.36 3.41 3.21 8.70 9.37 10.20 11.56 4.40 9.83 12.35 12.18 11.95 11.66 14.54 8.98 7.68 7.32 8.21 11.28 13.05 12.65 10.83 10.06 7.91 12.89 10.16 9.42 11.58 4.98 5.47 6.71 7.98 7.81 6.57 1.60 2.05 2.08
25.87 26.71 26.60 24.78 38.47 36.81 29.30 19.91 19.40 19.28 19.02 34.68 33.54 31.23 32.01 33.20 30.66 29.47 12.96 12.53 12.06 20.67 26.50 24.99 9.59 9.99 24.02 24.01 22.07 23.99 21.10 16.41 19.04 14.96 2.39 2.06 2.02 2.04 1.85 2.19 2.48 3.09 4.07 4.98 5.63 6.09 6.96 8.02 8.95 9.86 11.07 5.13 10.13 12.32 12.25 11.74 14.21 11.40 13.04 10.09 8.18 10.23 15.08 10.16 9.40 14.25 14.67 12.34 14.65 11.14 10.91 12.35 5.83 7.51 7.72 5.60 2.14 7.63 8.77 2.37 2.31
29.52 26.65 38.08 23.43 36.99 34.83 20.40 25.80 20.15 24.51 32.69 32.93 31.33 31.33 30.93 31.68 33.67 29.86 13.33 12.27 10.69 29.02 25.03 9.56 10.11 10.89 24.90 20.70 6.65 21.57 3.72 18.93 16.56 13.18 3.25 2.56 2.05 1.52 0.40 0.60 1.06 2.14 3.30 4.33 4.89 5.22 5.86 6.94 8.17 9.11 9.74 10.20 10.68 11.49 11.94 11.65 11.09 10.73 10.85 11.34 11.51 11.65 14.68 10.04 9.05 8.00 7.52 12.70 12.70 12.24 11.52 11.29 9.16 9.12 8.88 8.11 3.41 3.16 2.61 8.10 2.26
25.36 25.12 37.78 35.60 35.62 34.21 20.27 26.78 26.89 30.52 29.75 35.22 32.36 30.39 31.67 29.90 33.65 29.62 14.34 12.55 11.07 25.14 10.58 11.23 12.29 11.82 26.80 21.45 24.55 18.36 15.86 17.31 16.58 4.79 4.39 3.70 2.87 2.02 0.79 0.69 1.42 2.10 2.72 3.36 3.90 4.35 4.89 5.74 6.80 7.88 8.63 9.15 9.87 10.66 11.06 10.91 10.60 10.37 10.32 10.37 15.25 12.59 10.57 10.19 13.63 8.31 7.29 6.79 6.89 13.05 12.52 11.84 10.07 11.84 11.50 8.43 4.08 3.76 3.07 8.16 2.37
26.14 25.17 37.68 35.65 33.89 30.33 28.63 20.72 28.85 33.19 19.57 32.50 31.56 33.65 16.89 33.48 30.45 31.09 14.16 27.09 12.78 13.19 13.28 13.47 13.16 26.86 9.24 25.86 17.94 8.26 17.31 7.90 7.19 6.23 5.64 4.97 4.10 3.11 1.83 0.85 1.45 1.96 2.25 2.46 2.71 3.42 4.27 4.93 5.76 6.89 7.92 8.64 9.32 9.99 10.31 10.18 9.81 9.60 9.69 9.74 9.86 10.32 10.63 10.44 9.87 9.07 8.08 7.28 6.92 6.58 6.40 6.36 6.06 11.19 8.77 10.53 9.01 4.15 3.69 9.71 2.94
27.74 26.02 23.60 34.74 35.68 20.68 28.12 21.41 21.01 20.82 32.48 27.87 31.67 32.34 17.98 17.61 35.11 28.41 27.60 28.54 14.12 15.43 16.15 15.39 25.88 26.64 24.96 9.93 21.85 21.90 17.94 7.94 7.66 6.88 6.14 5.52 4.74 3.92 3.05 1.91 0.96 1.06 1.28 1.60 2.03 2.79 3.76 4.61 5.36 6.22 7.13 8.01 8.78 9.41 9.74 9.63 9.32 9.08 9.19 9.39 9.47 9.78 10.17 10.33 10.09 9.39 8.48 7.79 7.32 13.93 6.84 6.60 5.94 12.29 11.27 12.95 9.97 4.62 4.35 9.51 9.76
25.90 35.44 22.60 34.77 29.12 21.92 33.95 21.20 21.20 35.49 34.75 20.64 32.27 34.35 19.67 31.16 33.20 32.66 29.34 15.97 16.46 23.69 15.97 14.35 12.07 27.21 22.87 22.46 24.51 24.12 18.94 21.04 7.29 7.17 6.79 6.27 5.41 4.44 3.65 2.31 0.21 0.71 0.86 1.33 2.02 2.67 3.21 3.88 4.66 5.52 6.45 7.35 8.33 9.17 9.50 9.22 8.91 8.82 8.95 9.16 9.18 9.38 9.66 10.03 10.21 9.68 8.91 8.37 8.04 7.52 7.18 6.60 12.17 11.34 10.95 10.75 11.58 10.09 5.20 4.43 10.56
22.57 33.04 20.95 35.94 20.38 27.47 34.99 26.68 37.50 20.42 20.57 22.40 32.88 21.71 30.87 18.44 29.42 28.69 29.31 16.24 16.16 15.42 13.25 32.07 25.93 23.41 21.80 24.56 24.89 24.08 8.00 8.09 8.09 8.08 7.82 7.37 6.70 5.96 5.01 3.47 4.33 3.95 3.06 2.22 1.71 1.89 2.20 2.69 3.40 4.55 5.90 6.82 7.90 9.13 9.57 9.07 8.57 8.59 8.91 9.12 9.14 9.30 9.59 16.90 10.15 9.87 9.25 8.88 8.65 8.08 7.36 6.67 5.97 5.53 5.03 10.70 10.81 10.86 5.62 4.52 8.46
23.47 22.28 19.84 31.82 20.85 32.88 33.99 21.49 20.74 37.95 18.99 34.31 31.19 34.05 34.43 32.79 28.52 27.75 27.97 32.20 13.45 12.36 11.21 11.26 11.98 12.08 24.25 25.25 24.41 22.95 8.80 9.06 8.79 8.29 8.01 7.99 8.05 8.34 9.38 10.47 9.63 7.11 5.22 3.75 2.52 1.72 1.56 1.77 2.36 3.90 5.54 6.44 7.43 8.99 9.75 9.24 8.72 8.75 9.11 9.31 9.35 9.51 9.86 10.16 10.32 10.03 9.46 9.31 9.10 8.23 7.31 6.72 12.67 12.44 11.97 10.97 10.94 11.34 12.12 9.23 10.54
23.22 22.02 20.82 20.42 21.76 30.07 21.80 32.91 33.57 35.19 17.97 35.79 34.94 35.05 33.11 26.17 17.17 30.21 29.02 27.35 12.64 25.80 18.52 12.60 13.28 12.37 24.83 26.55 23.70 10.25 9.93 9.64 9.04 8.33 8.00 8.10 8.51 9.30 9.99 9.34 7.64 7.08 5.88 4.29 2.99 2.19 1.71 1.36 1.78 3.24 4.82 5.94 7.34 9.09 9.88 9.42 8.99 9.21 9.71 9.93 9.86 9.79 10.02 10.53 10.77 10.32 16.82 16.18 15.42 15.40 14.34 13.70 13.17 12.87 11.82 11.42 11.37 10.70 11.23 10.50 8.81
23.24 22.88 22.73 21.96 31.68 21.54 38.33 35.35 31.83 19.48 19.57 27.21 18.87 33.22 33.69 26.91 17.87 29.99 17.39 25.30 27.62 12.76 15.80 14.19 25.46 24.13 25.21 26.43 20.68 10.60 23.37 21.79 9.04 8.71 8.29 7.78 7.07 6.02 4.28 2.36 3.95 5.97 5.75 4.48 3.28 2.37 1.64 1.15 1.56 2.82 4.18 5.52 7.43 9.22 9.77 9.23 8.86 9.37 10.36 10.80 10.55 10.13 16.27 10.86 11.19 16.65 16.77 16.03 15.56 15.12 14.43 13.63 12.41 12.81 12.55 11.78 11.49 12.47 10.83 10.32 9.40
22.35 21.39 20.01 19.62 20.60 30.73 20.52 33.91 33.79 20.09 21.13 22.11 30.65 35.32 20.09 30.29 30.30 30.88 17.35 30.68 15.49 17.59 17.48 14.73 27.74 23.55 25.56 27.77 24.15 23.10 26.65 22.47 8.75 8.95 8.57 7.59 5.83 3.88 2.72 2.84 4.11 5.24 5.16 4.20 3.27 2.18 1.25 0.53 1.33 2.72 3.98 5.40 7.34 9.16 9.62 8.76 8.25 9.28 10.86 11.60 11.31 10.68 10.72 11.47 11.58 17.10 16.52 16.07 10.13 9.00 14.39 13.72 13.23 12.52 12.25 11.97 11.35 11.38 11.66 12.74 11.03
20.77 19.36 18.33 18.56 18.45 18.45 37.08 19.01 20.57 24.13 22.06 23.69 22.77 35.10 22.24 21.73 31.14 30.72 16.75 30.70 26.94 15.96 15.59 29.44 30.66 13.27 21.37 13.06 24.84 23.08 10.03 9.30 9.11 8.99 8.56 7.84 6.48 4.86 3.89 3.83 4.39 5.02 4.79 3.81 3.02 2.37 1.54 0.61 1.19 2.35 3.44 4.82 6.62 8.87 9.95 8.54 7.51 9.31 11.48 12.41 12.19 11.41 11.35 11.94 17.10 17.03 17.09 10.56 9.86 8.90 7.81 13.88 13.42 12.95 12.22 11.90 11.89 11.49 11.00 10.85 10.04
20.24 20.19 20.46 20.68 20.52 21.35 22.03 20.58 34.87 21.14 27.59 22.57 37.19 27.03 21.69 20.02 32.58 31.09 17.13 29.95 26.90 22.27 22.64 14.91 14.63 23.09 13.51 13.15 26.65 11.56 11.15 10.59 9.97 9.15 8.40 8.06 7.34 6.04 5.13 4.90 5.26 5.65 5.17 3.94 2.91 2.56 2.25 1.69 1.94 2.64 3.21 3.98 5.47 8.23 10.48 9.19 7.84 9.95 12.40 13.47 13.18 11.97 11.44 11.92 12.31 12.02 11.32 10.52 9.65 8.65 7.79 7.13 6.71 12.83 12.43 12.10 11.34 11.48 10.49 9.77 11.37
20.21 21.32 22.21 22.64 23.17 24.23 24.34 22.86 21.74 21.51 27.81 37.56 36.34 19.87 39.41 33.39 18.03 17.66 17.59 16.02 22.31 19.30 15.13 28.80 15.05 13.88 29.07 30.12 11.90 12.20 11.78 11.02 10.21 9.31 8.58 8.35 18.95 15.67 11.14 6.35 6.03 5.96 5.50 4.44 3.29 2.75 2.87 2.68 2.62 2.95 2.97 3.12 5.50 9.93 12.40 10.99 9.37 11.16 13.67 14.58 13.81 12.04 11.14 12.00 13.08 12.89 17.56 16.53 16.02 15.07 14.72 14.15 13.57 12.99 12.60 11.86 11.57 11.93 11.52 11.64 11.09
