examples/cougarCreek-fire/createInputs/farsite/7a-cougarCreek-polygonIgnit/cougarCreekFire_08-11-2015_0500_217m_non_neutral_stability_vel.asc
ncols	146
nrows	140
xllcorner	610065.000000
yllcorner	5095217.000000
cellsize	216.586807
NODATA_value	-9999.000000
[rows 0 to 35 of 140, columns 0 to 81 of 146]
11.79 10.50 12.17 10.06 10.51 8.85 12.52 14.83 15.30 14.33 12.51 10.56 8.87 7.57 8.69 7.86 8.51 9.49 10.09 11.77 12.91 12.41 10.08 6.66 3.79 2.56 2.04 1.55 1.36 1.39 1.80 3.66 1.18 0.73 0.94 1.45 1.77 1.92 2.06 2.57 3.17 3.47 3.78 4.33 5.14 5.78 6.08 7.07 8.46 12.16 11.51 17.14 15.33 19.98 21.18 24.22 26.24 21.85 19.25 22.00 21.76 25.67 23.27 24.42 24.01 27.57 23.02 26.53 29.87 32.41 31.97 27.93 24.15 23.82 26.33 25.89 19.73 16.53 17.80 18.23 20.18 22.88
11.79 10.50 12.17 10.06 10.51 8.85 12.52 14.83 15.30 14.33 12.51 10.56 8.87 7.57 8.69 7.86 8.51 9.49 10.09 11.77 12.91 12.41 10.08 6.66 3.79 2.56 2.04 1.55 1.36 1.39 1.80 3.66 1.18 0.73 0.94 1.45 1.77 1.92 2.06 2.57 3.17 3.47 3.78 4.33 5.14 5.78 6.08 7.07 8.46 12.16 11.51 17.14 15.33 19.98 21.18 24.22 26.24 21.85 19.25 22.00 21.76 25.67 23.27 24.42 24.01 27.57 23.02 26.53 29.87 32.41 31.97 27.93 24.15 23.82 26.33 25.89 19.73 16.53 17.80 18.23 20.18 22.88
11.37 12.16 13.97 9.53 12.30 13.76 12.65 14.59 18.52 16.00 13.44 10.18 10.55 5.92 7.96 7.47 7.45 9.01 10.13 11.02 12.05 12.14 10.71 7.62 4.60 3.42 5.44 5.28 0.95 1.04 1.87 7.51 1.86 1.74 0.84 1.47 5.36 6.00 3.65 8.19 7.71 9.31 9.04 9.23 10.15 7.27 10.83 11.62 13.11 14.48 14.27 13.96 16.13 19.45 19.46 20.23 21.84 20.14 19.75 22.99 27.53 21.27 22.53 26.35 27.15 24.53 24.51 28.03 32.91 30.03 27.29 24.38 18.38 24.66 27.26 29.86 28.13 18.31 19.02 19.50 21.90 24.30
2.46 9.64 13.44 11.97 9.79 10.69 13.31 15.37 17.91 16.75 15.09 12.27 11.40 7.92 5.03 5.73 6.90 9.09 9.93 10.33 11.59 12.49 12.27 10.01 6.38 2.96 4.51 5.09 2.04 1.17 5.95 6.13 5.49 5.41 4.77 3.66 4.10 5.24 6.13 7.53 7.53 8.01 7.56 8.17 8.22 9.98 10.92 9.58 12.50 13.47 13.78 14.74 17.19 18.32 16.20 14.13 16.20 10.46 14.35 18.54 19.88 18.45 18.34 23.43 22.31 15.80 28.06 24.81 34.41 24.98 28.27 17.27 24.02 27.39 29.12 27.76 24.86 21.82 21.78 22.77 25.34 26.75
5.20 14.17 11.86 13.35 10.77 11.52 9.43 14.01 12.82 15.66 18.86 16.54 17.33 12.99 7.68 4.86 6.69 9.85 10.61 10.85 12.01 13.07 13.86 8.82 9.07 5.61 2.94 6.42 4.81 4.72 4.71 4.70 5.59 4.75 5.54 4.66 4.50 5.82 5.38 6.33 7.52 7.28 8.13 8.61 7.96 9.61 10.18 9.95 11.89 13.20 14.77 15.39 16.52 15.48 15.97 14.56 14.09 10.99 13.76 21.49 20.18 21.35 19.62 25.37 18.73 26.42 24.15 28.00 23.86 28.38 17.86 23.21 26.51 29.31 30.30 31.15 21.27 21.48 23.57 25.70 27.63 28.00
3.64 13.79 9.63 15.32 10.94 10.20 11.07 13.03 13.99 15.99 18.29 19.35 16.89 16.11 9.42 7.61 5.99 10.36 11.69 11.85 12.08 12.74 14.03 14.16 8.15 7.61 3.88 6.09 5.13 4.75 4.32 5.96 5.65 5.24 6.22 5.05 5.42 6.07 7.22 7.25 8.09 7.55 8.66 9.10 8.71 9.65 9.89 10.47 12.90 13.92 13.60 14.05 15.20 13.57 14.96 14.09 10.91 13.06 19.22 16.15 22.08 22.07 22.45 22.84 23.61 23.13 31.21 28.00 27.20 14.91 23.84 20.21 23.19 26.83 23.24 19.29 22.99 21.09 25.01 27.06 28.38 28.18
11.49 14.41 8.01 9.47 12.57 9.00 9.28 9.11 14.04 13.88 16.08 19.08 17.47 17.82 14.66 8.92 5.62 9.11 11.29 12.42 12.57 13.02 14.24 15.15 10.83 9.52 5.27 5.34 5.47 4.46 3.73 5.94 6.05 5.08 6.00 5.23 5.73 7.03 6.20 7.30 7.36 8.87 9.50 9.68 9.61 9.02 11.38 12.79 7.36 9.79 10.01 10.96 15.02 15.52 13.70 13.08 13.31 14.15 18.01 19.95 20.93 22.08 23.18 15.25 21.19 28.35 28.96 25.61 18.06 23.43 23.05 29.64 24.05 21.59 18.95 21.01 19.32 22.69 25.40 26.87 28.08 27.45
13.71 14.53 13.74 13.07 11.35 10.08 10.66 12.55 13.74 9.61 14.78 17.26 17.28 14.78 12.82 10.67 6.80 7.18 9.90 12.09 12.95 13.44 14.82 16.09 13.05 11.22 7.40 7.20 6.32 4.63 4.35 6.83 4.85 5.33 6.81 5.68 6.77 7.53 7.55 7.08 7.75 8.80 9.69 9.23 9.76 10.93 11.01 8.09 9.72 10.38 14.81 14.56 14.16 13.36 13.85 15.60 15.52 16.27 19.07 19.76 20.25 22.12 19.27 21.73 24.46 27.49 25.49 23.42 17.28 23.29 23.11 20.65 27.45 20.48 19.25 14.30 20.53 23.10 25.28 26.97 27.58 26.24
12.51 13.27 9.14 9.58 10.18 9.36 9.50 10.37 12.74 13.72 14.04 10.65 13.23 13.67 15.21 12.85 9.22 6.70 8.68 11.62 12.92 13.26 14.61 16.55 16.74 13.54 9.05 7.73 6.84 4.31 4.79 6.70 5.25 5.85 7.62 6.36 7.58 8.09 8.02 8.19 9.05 8.47 9.78 10.64 5.36 10.92 11.56 11.01 14.12 13.96 14.23 14.78 14.10 14.18 14.02 15.09 15.76 17.33 18.69 18.98 19.51 17.60 17.05 19.61 24.58 24.68 24.37 22.17 21.78 27.64 19.42 22.54 14.17 20.62 19.60 20.84 19.00 22.77 26.19 27.58 26.85 25.27
11.45 11.85 9.96 11.07 9.57 12.57 11.83 11.10 11.69 11.30 12.21 14.30 15.79 15.00 9.55 11.34 9.18 7.66 8.06 10.09 12.41 12.40 13.17 15.50 17.73 13.13 11.06 7.53 8.50 6.30 4.92 7.11 6.56 6.91 7.66 6.60 7.62 8.52 7.55 8.30 9.68 9.86 10.84 8.85 11.45 6.42 11.00 12.55 12.41 13.63 14.22 13.46 14.35 15.02 16.49 15.87 16.43 17.04 18.02 17.84 16.03 18.11 20.66 22.28 22.33 22.03 22.26 21.51 22.80 24.02 19.68 19.23 20.80 19.19 19.40 16.44 19.43 25.17 28.36 27.97 26.37 24.92
7.14 9.15 10.05 8.89 9.33 10.08 11.99 12.98 13.18 13.39 13.80 13.39 13.65 15.31 13.65 13.23 11.11 7.42 7.67 10.31 11.62 12.82 11.47 13.56 17.40 15.77 13.15 7.91 9.22 6.30 4.64 7.35 5.99 6.67 7.82 7.47 8.63 8.71 8.41 10.04 9.37 10.41 5.44 11.21 11.75 7.49 12.41 11.99 13.47 12.70 10.43 13.89 15.77 14.58 14.63 16.01 16.25 15.83 16.74 14.77 16.49 19.48 21.72 20.95 19.18 19.28 20.92 20.75 21.53 22.42 18.63 17.65 18.77 17.48 13.95 18.71 23.06 28.17 28.95 26.98 25.19 23.97
8.35 5.11 4.45 6.81 6.96 8.37 10.62 13.22 13.68 13.66 14.17 13.62 12.23 14.20 13.27 14.54 13.36 8.49 7.98 10.08 10.80 13.05 10.32 11.41 15.85 18.15 14.92 10.07 10.77 7.22 5.78 8.05 7.00 7.95 8.64 8.24 8.81 8.91 9.61 9.98 11.23 5.54 11.50 6.72 7.41 8.26 13.47 13.45 13.11 13.57 16.09 16.11 15.32 14.66 15.41 16.57 15.98 15.58 15.35 14.18 17.59 20.64 19.95 19.04 18.88 20.26 14.01 13.58 13.79 14.41 19.28 17.70 19.02 15.62 18.80 21.37 26.17 28.91 27.53 25.42 23.71 22.73
3.43 5.11 4.42 2.79 4.37 4.95 9.78 13.08 14.34 15.72 14.29 14.02 13.19 13.04 12.71 13.27 11.68 10.90 11.35 11.79 13.06 13.93 12.18 9.52 13.68 18.34 16.77 12.30 11.97 9.71 7.39 8.07 8.60 4.01 9.44 9.43 10.11 9.87 9.19 5.46 13.33 8.73 8.07 12.28 7.50 12.78 14.20 12.69 14.02 15.03 17.09 17.42 14.80 14.81 17.40 17.59 16.05 16.19 15.95 15.04 17.33 14.43 19.03 17.73 12.49 12.44 11.72 11.23 11.07 11.35 13.23 16.17 14.77 14.30 20.21 23.62 27.36 27.49 25.29 23.75 24.54 22.18
9.78 9.75 10.39 9.99 7.65 6.18 7.54 7.63 8.80 10.54 15.32 15.78 16.65 15.70 15.01 14.28 11.43 9.74 12.42 12.64 13.71 15.06 13.34 12.25 12.78 18.15 16.04 14.66 12.49 10.65 7.10 8.11 9.22 9.89 10.02 10.41 11.20 11.68 6.13 8.26 13.92 11.06 9.23 7.69 11.32 13.87 14.12 14.43 15.16 18.03 18.93 17.52 14.91 15.45 17.81 17.40 16.86 16.08 16.47 17.75 16.53 13.15 12.04 17.61 18.25 17.97 17.72 17.05 16.82 14.18 13.87 15.78 16.98 18.43 21.00 24.23 25.86 24.28 22.16 21.40 21.61 21.76
9.44 9.18 8.15 10.75 10.44 9.80 7.95 9.60 11.39 7.52 9.39 17.42 17.37 19.14 21.46 18.36 14.52 9.27 10.67 12.71 13.53 15.79 15.86 14.80 12.89 17.40 18.35 16.59 13.80 11.36 7.28 8.34 10.94 10.82 11.52 11.05 12.06 12.47 8.59 11.58 12.46 11.01 9.35 11.34 14.27 14.10 15.52 13.83 16.75 20.43 20.19 18.40 17.22 17.24 18.87 18.09 17.14 16.26 16.19 17.52 18.34 18.47 18.68 17.27 17.07 15.88 14.80 14.02 13.14 13.76 13.39 19.05 16.00 19.23 19.99 21.95 22.20 20.61 19.20 19.19 20.13 20.76
11.84 10.87 9.47 10.37 10.78 9.19 7.49 6.10 8.01 11.79 8.44 15.98 15.85 15.76 19.16 20.25 19.08 14.65 10.92 14.57 15.15 18.41 20.33 16.88 17.48 20.89 20.14 18.03 14.51 11.48 8.19 10.64 11.59 6.99 12.16 12.29 11.83 8.01 10.76 13.40 13.10 10.92 9.77 12.88 15.71 15.47 13.96 16.06 18.37 22.50 18.99 19.87 19.49 17.84 18.29 17.87 17.13 16.89 16.02 16.47 17.80 18.30 16.80 16.26 15.33 14.55 15.48 13.69 12.89 15.91 17.70 13.39 14.46 16.00 17.45 18.06 18.04 17.51 23.34 18.12 18.53 18.77
12.73 12.07 9.58 7.33 8.95 8.22 8.09 7.24 6.95 9.97 13.03 15.47 13.37 11.97 14.35 13.31 17.25 15.02 16.05 19.38 19.01 22.79 23.68 18.93 16.80 20.85 21.84 19.07 15.99 9.50 9.69 11.81 10.74 12.68 12.01 12.89 7.37 9.10 12.63 18.43 14.09 12.06 10.05 9.06 13.93 13.88 15.66 17.99 20.57 22.10 20.80 20.41 19.45 19.81 19.31 16.72 18.40 15.64 17.14 16.60 16.37 16.27 15.17 15.19 14.37 15.34 16.66 13.56 16.80 15.98 13.37 11.08 13.15 14.80 15.26 14.96 14.98 15.14 16.15 17.33 17.20 16.72
13.29 12.78 10.82 7.63 6.86 10.91 10.46 9.23 8.03 7.53 11.93 13.64 12.32 8.01 12.45 5.44 9.42 11.35 16.20 14.45 20.38 24.18 25.86 22.84 17.05 21.40 23.40 20.34 16.22 11.12 12.63 13.16 13.33 14.12 12.57 12.30 7.96 10.39 13.79 18.17 14.56 12.39 9.92 13.17 13.63 15.18 16.80 21.82 21.70 23.50 21.60 19.81 20.38 20.77 17.50 18.88 19.60 14.66 17.54 16.99 15.74 15.91 15.67 16.78 17.15 17.13 17.28 16.31 14.24 12.74 14.83 13.84 14.58 17.17 18.98 19.74 14.10 13.85 14.07 15.00 18.86 15.32
10.84 11.57 9.48 7.33 5.97 8.90 9.98 9.17 8.09 7.69 10.70 12.33 12.30 14.15 15.47 15.11 14.10 13.17 12.14 14.80 18.42 22.08 26.07 24.90 22.94 25.13 24.95 20.85 16.06 14.06 14.82 14.83 16.34 11.47 13.47 12.90 8.99 11.68 17.79 19.18 17.53 16.71 9.41 7.79 14.98 19.48 21.60 22.36 23.93 21.75 21.95 21.62 23.73 20.07 19.91 21.51 17.67 16.94 17.94 14.89 14.60 16.64 17.87 17.21 16.98 17.11 17.14 11.33 14.10 15.63 13.74 12.45 14.07 14.32 16.15 17.86 16.77 13.10 12.36 12.34 13.43 14.15
6.90 8.64 7.35 6.07 5.62 6.61 8.36 8.01 7.60 7.13 10.26 10.29 15.31 14.69 14.58 11.72 13.38 13.30 12.02 14.95 16.99 17.77 21.42 27.70 29.14 29.54 26.42 20.70 17.51 17.31 16.99 17.83 15.82 15.21 9.47 9.33 10.92 13.25 19.37 20.21 19.84 17.79 9.69 8.39 17.00 20.92 22.37 24.24 22.28 22.18 23.30 25.89 15.52 23.02 21.60 19.21 17.72 16.47 15.12 15.11 15.75 16.70 17.64 16.12 17.85 16.91 16.51 17.98 16.82 15.16 13.08 14.03 15.68 13.85 14.93 18.50 18.31 16.81 16.26 15.82 12.24 13.27
9.42 5.04 6.08 5.70 6.82 7.49 8.91 9.48 8.92 8.42 11.59 11.47 11.56 12.91 13.90 12.26 9.85 12.65 12.00 16.21 16.70 15.86 18.41 21.86 30.91 33.25 28.95 22.20 20.29 20.04 19.85 20.06 15.47 16.26 9.42 10.64 12.43 14.84 17.78 19.59 17.21 14.34 10.65 9.22 17.62 18.17 19.86 20.19 22.93 27.46 27.33 28.50 22.73 23.62 15.25 17.34 17.68 15.61 16.85 15.31 15.47 16.31 15.53 15.40 16.37 16.44 15.55 14.88 13.29 16.03 13.42 15.16 15.70 14.91 13.70 17.94 16.75 15.14 14.70 16.49 16.09 12.51
3.05 5.68 5.73 6.85 5.94 7.87 8.36 9.61 9.55 8.18 11.46 13.15 9.33 10.11 10.80 12.94 14.31 16.08 12.97 15.55 17.80 15.78 19.34 25.19 33.25 37.01 32.32 27.58 24.90 23.05 23.26 19.81 14.00 16.49 9.19 10.88 17.56 15.77 23.99 18.39 15.56 12.29 10.24 9.59 17.96 21.85 24.05 20.91 25.01 26.40 31.98 29.94 28.13 22.88 13.74 17.78 12.40 16.94 18.62 14.11 15.30 15.57 15.05 15.99 13.74 16.27 15.60 16.18 12.97 13.67 14.39 14.50 14.93 15.25 15.75 14.04 14.22 16.17 14.90 14.95 11.00 11.24
12.24 12.83 13.34 11.88 9.66 11.38 11.61 13.04 11.65 10.03 11.29 12.32 8.58 7.38 11.02 9.60 10.43 12.38 13.88 17.76 18.12 17.33 17.98 22.31 33.31 38.48 35.20 31.36 27.67 22.85 21.80 17.59 11.60 16.79 8.32 10.68 12.81 16.37 23.20 17.42 11.92 9.26 9.26 9.94 19.65 19.96 20.81 24.10 28.89 29.14 32.47 22.31 19.61 20.70 13.90 13.20 11.58 18.79 15.50 13.60 15.39 15.22 16.09 13.59 13.67 14.68 13.67 13.59 14.13 11.78 11.86 14.27 15.46 10.64 17.08 15.41 13.68 14.77 14.84 14.58 16.22 10.50
9.52 12.42 15.15 10.56 15.56 14.73 13.64 12.63 12.65 10.58 9.54 12.72 12.79 8.46 7.60 10.40 10.14 11.90 14.67 15.68 16.00 16.99 16.33 14.39 25.49 39.96 37.95 32.99 26.89 20.66 21.12 19.69 13.31 16.18 13.57 10.68 13.64 17.65 25.55 16.51 8.32 7.11 9.26 19.51 21.66 25.33 26.06 28.63 27.49 28.94 20.94 22.07 21.37 18.62 15.28 13.30 10.93 9.92 10.29 16.51 16.73 16.87 15.23 16.08 14.52 14.17 13.47 13.14 12.36 11.11 14.54 12.05 15.49 14.25 14.20 14.62 15.01 14.06 12.75 13.07 10.54 11.48
12.70 15.09 10.08 9.23 16.00 15.34 13.76 13.14 13.93 11.02 8.67 11.68 13.01 8.85 7.90 9.19 9.57 10.15 12.62 15.80 17.90 17.71 14.94 12.32 20.82 43.39 42.28 32.51 25.41 25.19 27.51 24.24 16.82 17.37 18.94 10.65 15.02 23.52 23.62 15.17 7.61 18.58 16.43 19.59 24.09 25.83 24.83 27.03 27.74 28.33 18.97 19.25 20.40 20.30 18.20 23.06 20.97 20.14 20.66 11.61 10.52 17.75 11.56 11.71 12.47 13.72 13.02 13.29 12.77 13.84 14.58 13.67 13.38 13.23 15.54 14.79 14.47 14.52 7.40 7.20 11.94 12.87
13.31 15.51 14.50 13.68 12.44 12.94 13.88 14.08 14.86 13.25 9.74 9.77 13.02 12.89 9.47 8.46 9.47 10.04 11.22 14.69 18.18 18.58 15.98 14.74 24.30 44.77 45.13 28.72 24.10 34.34 34.55 23.29 15.73 14.14 17.75 10.39 17.25 27.72 18.37 11.86 7.39 18.62 20.43 24.15 24.65 25.91 25.03 27.56 27.54 28.49 17.65 17.08 17.77 19.03 19.16 25.87 22.32 21.11 11.14 12.19 11.13 14.72 10.86 16.06 16.25 14.72 13.78 13.41 15.21 10.71 13.25 13.34 13.57 14.12 11.41 15.31 11.48 13.61 13.33 5.94 6.02 7.20
12.07 12.08 11.38 15.63 12.61 11.70 15.80 16.01 17.44 15.52 12.19 12.73 12.45 14.27 10.03 7.16 8.80 10.22 10.81 13.36 17.62 17.69 16.05 18.03 27.12 46.22 45.38 26.50 23.80 38.56 32.69 19.87 14.48 14.94 17.19 17.50 28.17 27.46 17.49 14.22 18.09 21.31 22.09 23.63 24.19 26.78 28.01 28.30 27.73 17.57 17.43 16.53 15.64 16.32 17.88 15.65 11.78 10.27 11.79 12.45 17.55 16.15 14.81 15.10 14.79 15.31 11.35 9.85 8.91 9.59 12.52 10.66 11.21 11.22 14.51 8.03 7.78 6.22 12.60 12.61 5.68 6.17
11.17 15.03 13.89 14.32 14.97 14.93 14.88 16.20 17.27 17.00 15.16 13.99 10.04 12.05 12.04 11.28 10.69 10.86 10.99 13.08 16.69 16.91 14.72 16.98 26.24 43.98 46.97 32.54 28.72 36.35 29.35 19.94 16.03 17.52 23.63 30.86 29.10 23.32 17.69 16.97 19.18 21.43 22.30 23.77 25.22 26.87 26.57 27.96 28.43 17.57 17.29 15.83 14.39 14.17 14.79 14.56 13.54 12.37 11.86 12.06 11.47 16.17 10.67 11.18 11.29 8.97 10.95 10.31 12.23 11.97 12.04 12.48 12.94 14.26 10.98 11.58 10.89 13.30 8.72 11.38 10.31 10.05
10.82 10.67 9.86 11.66 14.56 15.44 13.37 12.58 15.13 16.69 13.96 13.39 7.86 12.95 11.46 11.42 11.21 11.49 11.32 13.03 15.82 16.19 14.00 13.55 18.85 33.20 46.70 42.14 37.89 34.56 24.97 20.97 21.51 23.07 26.51 29.17 23.18 19.60 19.17 19.06 20.27 22.83 23.02 23.39 25.08 27.00 26.62 28.23 26.98 17.41 16.86 14.95 13.73 12.34 12.55 13.61 14.69 13.56 11.92 11.22 11.27 11.02 18.37 11.29 11.66 11.20 10.90 10.66 13.01 12.41 12.12 12.38 12.73 13.09 13.41 13.06 12.07 12.88 11.58 10.36 9.05 9.46
9.39 10.59 8.57 10.32 12.60 14.16 16.29 14.60 12.83 14.61 15.05 12.85 10.72 6.84 11.28 10.46 11.08 11.77 11.94 13.09 15.65 16.01 14.83 11.23 11.93 20.08 34.80 43.33 43.10 33.91 25.36 24.96 26.96 26.18 26.36 25.39 20.69 20.00 18.79 19.25 21.34 22.47 22.93 25.04 26.84 27.05 27.61 31.03 18.04 17.77 17.23 15.78 13.75 12.05 11.34 11.51 14.19 14.41 12.56 11.17 11.45 11.37 11.24 11.09 11.57 11.68 14.48 13.75 13.44 12.63 12.16 12.16 9.26 9.07 9.39 9.22 9.00 9.16 8.92 8.27 7.89 7.14
5.30 6.08 7.55 7.77 9.08 12.39 14.48 17.49 16.24 15.55 15.65 14.59 14.54 10.32 7.50 10.88 10.63 10.23 10.22 11.88 14.44 13.05 12.24 10.24 10.08 14.94 23.47 36.85 41.03 33.54 27.42 29.75 28.82 26.51 25.10 21.00 18.74 19.98 17.52 19.14 20.34 21.61 23.67 26.35 27.05 27.98 29.95 18.44 20.29 19.88 19.34 18.00 15.08 12.25 12.06 12.90 13.36 13.72 13.21 18.38 17.36 16.69 11.23 17.02 16.66 15.49 14.07 13.22 10.24 9.73 9.24 6.40 6.12 8.52 8.92 9.04 7.93 7.76 7.48 7.79 7.69 8.49
9.61 4.80 6.78 7.92 8.00 10.19 12.43 13.82 14.73 16.11 17.66 16.58 17.17 15.84 9.25 9.72 11.82 13.88 14.00 15.04 15.14 11.41 9.51 9.44 10.47 14.41 19.39 28.39 35.25 32.77 29.62 30.12 26.19 24.37 19.30 16.04 19.51 21.30 16.67 17.58 18.46 20.37 23.22 25.53 26.95 27.32 28.82 21.12 23.52 23.65 22.08 19.91 16.48 12.67 12.32 12.22 11.62 12.39 13.09 19.89 17.73 16.87 11.54 17.35 16.26 14.98 14.56 13.69 13.07 12.62 11.90 11.62 11.45 11.84 11.96 11.77 11.20 10.69 9.60 7.93 4.76 7.07
10.75 6.42 5.39 7.02 9.43 10.03 10.11 11.12 14.23 12.77 15.16 16.13 15.62 12.63 9.44 10.38 12.36 16.61 19.10 19.81 17.69 13.77 10.94 9.83 11.38 13.69 12.11 21.71 29.84 32.05 33.95 32.87 22.92 19.59 17.77 17.69 21.93 22.20 20.41 21.17 18.16 18.99 22.25 23.89 24.38 23.50 23.00 19.52 21.25 23.81 24.64 23.17 20.18 16.25 14.00 13.17 12.24 12.65 21.17 20.03 18.35 17.49 17.26 16.62 16.24 10.78 10.42 9.60 9.25 8.80 9.36 9.94 9.82 12.26 11.31 8.96 10.61 8.24 4.23 4.28 4.18 3.50
10.55 11.03 13.04 8.17 2.23 3.59 6.52 10.07 11.89 14.68 14.72 12.50 11.21 11.29 11.96 10.54 10.92 14.18 17.09 18.48 18.51 16.52 11.59 8.57 7.05 7.14 16.04 20.78 28.10 32.91 37.05 34.09 22.12 17.29 17.91 18.54 20.75 19.85 19.71 19.64 19.04 20.27 21.98 21.97 21.83 17.76 18.86 15.14 15.14 17.29 20.94 23.02 23.69 23.27 21.52 18.71 15.55 14.00 14.76 14.88 13.75 18.31 17.35 16.87 16.89 16.38 14.51 13.29 12.66 12.80 9.85 6.74 6.02 5.43 4.97 10.21 10.30 10.27 8.05 4.05 3.79 8.23
13.06 13.86 13.36 14.98 11.12 5.67 6.61 7.75 9.60 11.53 15.36 18.38 19.63 17.12 13.24 12.12 10.32 11.19 10.64 9.19 10.96 12.92 12.79 11.90 5.00 8.29 13.78 20.10 28.44 37.11 39.54 31.73 18.22 14.27 15.18 15.95 15.68 14.73 15.97 17.32 18.75 19.44 19.98 19.60 21.79 19.00 18.36 11.37 10.77 9.78 10.93 14.73 18.63 21.77 22.45 21.25 18.76 16.08 15.33 15.14 15.07 13.42 18.51 17.82 16.12 15.52 14.72 9.82 5.88 6.03 6.30 6.00 5.14 10.18 9.12 9.06 9.25 9.98 10.00 9.35 7.47 9.11
17.53 15.90 16.57 13.12 13.29 12.50 9.62 13.85 15.93 17.15 19.90 25.42 26.65 24.37 19.05 14.13 8.51 4.70 1.58 5.38 10.16 13.20 14.02 17.58 12.72 11.26 13.71 18.52 28.28 39.03 37.60 27.13 16.27 10.93 11.91 13.06 12.13 14.31 16.30 18.20 19.42 19.37 20.20 20.57 19.03 20.23 21.95 21.36 17.87 9.21 9.38 10.60 13.09 16.44 18.68 19.88 19.78 18.25 16.65 23.14 22.29 21.75 14.26 12.72 8.11 7.51 6.43 5.78 5.45 5.37 5.48 4.90 7.76 3.59 9.18 9.12 9.52 9.31 9.21 9.43 9.80 3.16
