examples/cougarCreek-fire/createInputs/farsite/7a-cougarCreek-polygonIgnit/cougarCreekFire_08-11-2015_0300_217m_non_neutral_stability_vel.asc
ncols	146
nrows	140
xllcorner	610065.000000
yllcorner	5095217.000000
cellsize	216.586807
NODATA_value	-9999.000000
[rows 0 to 34 of 140, columns 0 to 78 of 146]
2.58 2.76 3.08 3.20 3.40 3.27 2.85 2.52 2.37 2.35 2.24 2.23 2.57 3.03 3.13 2.87 2.70 2.89 3.29 3.67 4.18 5.21 5.22 6.20 6.68 6.90 7.21 7.91 9.73 11.43 12.49 13.27 13.85 14.16 14.32 15.06 16.29 17.41 18.25 19.27 20.65 21.70 22.46 23.53 24.90 25.88 25.86 26.02 26.64 26.87 26.50 26.07 26.43 27.34 28.26 28.75 26.39 26.21 21.93 23.39 22.51 21.94 23.00 23.80 23.57 22.10 21.76 24.01 26.94 28.84 27.55 23.23 19.69 19.19 20.83 21.36 17.83 15.54 17.52
2.58 2.76 3.08 3.20 3.40 3.27 2.85 2.52 2.37 2.35 2.24 2.23 2.57 3.03 3.13 2.87 2.70 2.89 3.29 3.67 4.18 5.21 5.22 6.20 6.68 6.90 7.21 7.91 9.73 11.43 12.49 13.27 13.85 14.16 14.32 15.06 16.29 17.41 18.25 19.27 20.65 21.70 22.46 23.53 24.90 25.88 25.86 26.02 26.64 26.87 26.50 26.07 26.43 27.34 28.26 28.75 26.39 26.21 21.93 23.39 22.51 21.94 23.00 23.80 23.57 22.10 21.76 24.01 26.94 28.84 27.55 23.23 19.69 19.19 20.83 21.36 17.83 15.54 17.52
2.58 2.66 2.89 2.93 3.07 3.02 2.72 2.41 2.20 2.08 2.04 2.13 2.49 2.84 2.84 2.49 2.23 2.56 3.09 3.52 4.08 5.30 5.11 6.23 6.53 6.80 7.06 7.89 9.93 11.52 12.15 12.75 13.32 13.60 13.87 14.55 15.56 16.69 17.51 18.50 19.85 20.84 21.78 22.86 23.91 24.42 24.21 24.47 25.18 25.58 25.81 26.09 26.52 26.61 26.57 25.39 22.28 22.49 21.96 22.93 26.44 25.37 22.81 23.18 22.42 21.10 22.04 25.07 27.10 26.34 22.70 19.08 18.04 19.40 21.59 20.96 16.73 15.27 18.24
2.59 2.49 2.49 2.18 2.17 2.36 2.35 2.11 1.84 1.61 1.56 1.74 2.12 2.34 2.17 1.74 1.55 2.16 2.86 3.34 3.91 5.21 4.99 6.53 7.16 7.30 7.18 7.80 10.29 11.96 11.87 11.87 12.20 12.17 12.15 12.99 14.38 15.89 16.79 17.89 19.35 20.26 21.24 22.15 22.71 22.67 22.31 23.04 24.23 25.05 25.67 25.01 25.00 24.25 22.65 19.26 16.65 14.94 17.30 22.05 23.64 21.88 22.47 22.24 20.80 21.07 24.12 26.80 25.91 21.16 16.27 15.42 17.70 20.96 22.99 20.63 15.90 15.44 19.85
2.97 2.88 2.91 2.35 1.97 2.05 2.18 2.45 2.27 2.16 1.32 1.34 1.61 1.78 1.57 1.22 1.20 1.79 2.58 3.06 4.52 5.20 5.53 6.50 8.21 8.31 7.02 7.21 9.83 12.46 12.55 10.68 11.33 10.87 10.58 11.83 13.60 15.45 16.78 17.87 19.04 20.22 21.26 21.76 22.11 22.19 22.52 23.92 25.56 26.22 25.32 23.73 24.25 20.97 18.54 15.73 19.64 12.55 16.62 21.18 20.71 21.69 21.70 21.07 20.31 22.87 25.60 25.28 21.26 16.63 15.56 17.70 20.61 23.14 22.85 18.67 14.42 15.40 21.43
3.43 3.43 3.73 3.31 2.65 2.32 2.27 2.16 1.88 2.14 2.02 1.85 1.24 1.40 1.26 1.00 0.99 1.45 3.00 2.73 4.12 5.17 5.83 6.36 8.67 8.72 6.94 7.07 10.10 13.81 13.45 11.21 10.61 9.79 9.80 11.32 13.15 15.01 16.67 17.60 18.48 20.25 21.17 21.15 21.65 22.55 23.60 22.22 25.70 24.82 24.37 20.86 22.09 20.94 18.26 18.86 13.36 13.98 20.55 20.58 20.66 21.16 20.66 26.37 21.22 24.30 24.24 21.03 16.61 15.87 18.27 20.50 21.77 21.94 19.38 14.75 12.91 16.97 23.79
3.77 3.72 4.11 3.95 3.42 2.92 2.64 2.86 2.68 2.39 2.11 1.81 1.14 1.23 1.13 0.96 1.03 1.32 2.55 3.29 3.83 4.90 5.96 6.92 8.53 8.62 6.95 7.71 12.07 14.96 13.09 10.97 10.13 9.13 9.23 10.46 12.18 14.29 16.58 18.16 19.59 21.04 21.13 21.03 22.18 23.34 23.58 23.65 22.86 20.79 18.88 18.13 20.02 20.78 17.29 15.35 14.94 14.83 19.83 22.19 24.38 20.43 18.64 19.02 22.54 23.72 21.59 18.02 20.65 18.51 20.56 20.18 19.10 17.71 15.63 25.35 15.19 19.98 25.30
3.92 3.82 4.24 4.29 3.97 3.50 3.09 3.04 2.62 2.40 2.16 1.95 1.60 1.10 1.09 1.08 1.20 1.34 2.17 3.16 3.65 4.60 5.74 6.89 8.26 8.72 7.44 8.82 13.83 15.20 12.53 10.71 9.92 8.50 8.65 9.36 10.87 13.95 16.89 19.73 21.77 21.90 21.10 21.48 22.92 22.88 21.57 20.62 19.39 17.84 19.40 20.96 19.99 17.52 17.16 19.04 18.09 18.29 22.50 23.25 24.68 26.57 24.72 21.05 22.75 21.53 19.28 16.97 17.64 20.04 19.34 16.63 15.81 23.98 15.58 15.33 17.34 22.02 25.98
4.30 4.26 4.73 4.90 4.69 4.70 3.79 3.84 3.36 2.93 2.65 2.29 1.92 1.28 1.36 1.39 1.36 1.33 1.40 3.05 3.58 4.25 7.91 8.85 8.01 9.36 9.23 10.37 14.01 14.99 11.90 10.32 9.84 8.40 7.98 8.74 10.56 14.26 18.28 22.33 24.39 23.41 22.07 23.00 23.56 21.55 20.46 19.83 19.19 21.27 20.32 20.97 17.59 17.73 17.06 18.14 18.24 20.86 23.09 23.82 23.74 20.99 20.91 22.32 21.93 28.34 19.00 24.62 22.58 19.33 16.56 25.86 15.30 16.43 15.99 15.44 17.86 23.44 26.01
4.99 5.05 5.52 5.69 5.53 5.20 4.88 4.52 4.04 3.62 3.14 2.67 3.53 2.16 1.77 1.71 1.57 1.48 1.61 5.51 6.25 3.78 4.80 6.15 10.02 10.18 10.97 11.11 12.91 14.11 11.85 9.73 12.65 7.08 6.99 8.93 11.42 15.07 20.47 25.35 26.93 25.19 23.66 24.21 23.05 20.06 20.95 20.13 18.29 20.72 20.38 16.54 15.45 17.75 19.01 18.33 19.88 21.17 22.36 21.71 16.58 21.32 25.87 28.06 27.91 26.80 26.95 24.86 25.43 26.32 22.30 15.77 17.11 17.12 15.71 16.17 20.68 25.69 25.67
5.69 5.66 6.28 6.59 6.45 6.01 5.27 4.94 4.52 4.04 3.57 3.20 2.79 3.50 1.77 1.85 1.91 1.79 2.67 3.08 5.96 5.12 4.44 5.85 10.88 10.43 11.50 10.80 12.10 13.14 10.85 8.75 8.25 6.65 7.12 9.94 13.05 16.98 22.58 27.54 29.01 26.72 24.53 23.35 21.08 18.26 17.68 17.57 21.39 17.62 16.02 18.69 16.43 13.85 14.04 18.53 19.99 19.37 20.77 14.83 17.01 23.10 21.97 28.79 24.86 24.47 26.03 24.78 25.28 25.47 21.19 17.69 19.59 19.60 17.06 19.13 24.15 27.28 25.23
5.40 5.03 5.95 6.89 7.16 6.74 6.14 5.45 5.12 5.36 5.15 3.79 3.24 2.44 1.70 1.89 2.15 2.20 2.26 2.72 5.69 3.34 6.32 5.37 7.20 10.11 10.90 10.63 12.41 12.76 9.79 7.84 11.89 6.22 7.87 11.33 14.65 18.76 24.22 29.55 32.30 29.70 24.89 22.35 19.18 17.59 16.51 20.49 21.10 15.79 18.32 15.99 13.73 12.40 16.07 20.67 19.86 19.31 18.27 15.37 19.58 27.79 19.79 26.31 26.04 18.68 17.27 16.04 15.63 14.88 22.37 19.42 18.13 19.37 18.99 21.77 26.08 27.26 23.99
4.65 3.82 3.34 4.18 5.75 6.57 6.41 5.83 5.56 5.17 5.63 5.27 4.68 3.27 2.35 1.81 1.90 2.16 2.13 2.03 5.48 5.67 5.99 8.07 6.51 11.34 9.86 10.64 13.61 13.10 9.20 6.70 5.72 5.80 8.68 12.92 15.30 19.52 25.86 32.68 37.20 32.66 24.17 20.31 18.03 15.76 19.51 16.99 15.93 17.51 16.60 17.48 12.15 12.93 20.72 23.22 20.89 20.97 20.36 17.10 22.36 18.68 28.88 26.57 16.30 16.36 15.12 14.26 13.83 13.58 14.80 17.34 16.90 18.39 20.56 24.10 27.35 26.26 22.55
5.45 4.67 3.50 3.06 4.04 5.17 5.68 6.09 5.59 5.34 5.14 5.25 5.55 5.68 3.59 2.08 1.63 1.69 1.85 2.02 2.38 3.32 5.74 7.23 5.81 10.55 8.88 10.68 14.24 13.16 8.55 9.14 4.71 5.55 9.90 14.52 15.49 20.10 29.36 38.66 40.03 30.51 20.19 17.09 16.04 18.08 20.78 20.59 19.59 16.44 16.62 15.43 13.35 15.50 22.18 22.65 22.78 22.56 21.92 24.80 22.65 15.98 15.04 26.70 28.09 27.61 26.93 25.90 25.35 20.61 17.48 19.00 19.64 20.09 22.27 25.54 26.67 24.03 20.78
6.75 6.66 6.14 5.00 4.73 5.09 5.21 5.64 6.13 5.55 5.44 5.32 5.08 5.73 6.68 5.93 3.41 2.02 2.04 5.49 5.70 6.66 6.28 6.61 8.98 9.53 8.17 11.84 14.14 11.78 7.48 5.14 4.35 5.36 9.74 13.86 16.31 22.17 32.99 42.90 40.63 25.94 16.53 15.99 18.01 19.13 20.51 16.11 19.01 16.20 15.51 15.27 16.73 18.79 22.88 22.61 24.19 23.83 22.39 24.37 25.81 26.68 28.34 25.07 24.02 21.93 20.84 19.97 18.24 19.48 17.54 27.76 20.21 24.76 23.00 24.54 24.06 21.57 19.25
7.18 7.59 8.01 7.27 6.81 6.69 6.51 6.40 6.41 6.12 5.90 5.85 5.97 5.77 6.40 7.57 5.71 3.15 2.81 6.71 6.48 7.28 6.23 4.16 8.40 9.08 7.75 12.16 13.34 9.72 6.14 5.33 4.99 5.72 9.66 13.58 18.17 26.45 35.81 43.75 41.31 26.77 17.75 16.38 18.67 19.59 15.98 14.35 11.47 17.44 13.04 17.60 20.28 19.65 20.05 21.53 22.97 22.42 21.93 22.13 25.12 25.85 23.38 22.71 20.26 19.31 22.93 19.65 18.88 25.39 29.47 19.02 19.40 20.67 21.71 21.98 21.48 20.04 31.36
7.10 7.48 8.27 8.07 7.87 7.97 7.77 7.46 7.20 7.00 6.67 6.58 8.05 7.96 6.32 4.88 5.09 5.89 7.29 7.61 7.48 8.02 5.70 4.08 6.30 8.83 7.92 11.60 11.78 7.92 5.29 4.99 5.34 6.61 9.80 13.81 21.36 29.05 38.48 44.35 40.61 28.95 19.94 16.95 15.93 15.32 13.98 18.05 14.85 15.69 15.30 19.44 19.97 19.24 20.51 20.57 23.97 19.76 22.79 22.57 21.84 21.06 19.63 20.71 19.56 22.93 26.26 20.13 28.13 28.07 23.12 16.60 18.34 20.14 20.28 19.73 19.71 19.34 18.82
7.04 7.21 7.98 8.20 7.98 8.00 7.90 7.93 7.74 8.19 7.30 7.14 7.61 7.41 5.73 4.49 4.30 5.49 6.52 7.08 7.51 7.94 6.57 4.09 4.70 8.43 8.20 10.48 9.63 6.55 5.04 4.17 3.50 5.75 9.58 14.65 23.54 32.16 39.75 43.63 38.66 29.26 21.12 17.28 15.47 18.88 17.48 16.76 15.41 16.86 17.91 18.88 18.17 18.30 18.21 21.51 23.62 16.90 21.67 22.46 20.04 20.13 21.25 24.50 26.39 28.02 29.21 27.55 24.49 22.53 26.39 21.64 21.11 25.32 28.39 29.84 19.45 19.11 18.45
7.50 7.59 8.08 8.33 8.16 8.02 8.23 8.41 9.21 9.07 7.82 7.66 6.69 6.60 6.26 6.54 6.35 6.68 7.00 6.97 7.63 7.57 7.29 3.66 4.46 7.86 8.04 9.07 7.66 5.82 5.01 4.22 3.84 5.44 9.31 16.34 23.86 31.59 40.02 43.02 37.58 29.17 21.79 17.11 17.87 16.91 16.89 15.46 14.92 14.94 17.29 17.06 18.83 15.55 19.04 21.95 18.62 19.62 22.20 17.62 17.90 22.82 26.61 26.04 26.64 28.58 29.87 17.89 23.46 26.77 22.05 17.77 19.93 19.25 22.62 27.02 25.56 18.68 17.47
7.85 8.01 8.51 8.71 8.62 8.44 8.57 8.68 9.50 9.36 8.21 8.53 7.73 8.16 9.63 9.65 9.05 8.42 8.10 7.98 8.06 6.44 7.16 5.94 4.52 6.81 7.46 7.97 6.75 5.46 5.13 7.09 6.48 7.06 9.92 16.72 22.23 29.70 39.24 42.55 36.84 28.94 20.81 14.86 12.70 15.38 15.35 14.67 14.40 14.73 14.64 15.94 8.23 17.55 18.20 16.19 16.99 18.43 18.03 18.03 19.98 23.59 26.01 23.37 28.15 27.54 27.25 29.83 27.26 24.00 19.68 21.30 23.79 20.32 22.13 29.77 29.81 26.54 26.19
8.03 8.14 8.73 9.26 9.23 9.13 8.96 8.93 8.88 9.40 8.35 9.05 9.29 9.21 10.01 11.15 10.57 9.82 9.23 8.88 7.76 3.83 7.40 8.42 8.97 5.64 7.02 7.26 6.77 6.04 6.63 8.16 7.44 6.47 9.69 15.55 17.59 25.85 39.24 42.90 35.67 25.97 16.94 11.71 10.11 15.15 14.99 13.22 13.61 14.77 13.77 14.57 12.33 16.90 10.03 13.00 17.33 18.01 20.18 18.28 19.74 22.72 21.49 21.91 25.55 27.08 26.23 24.84 21.33 25.83 21.28 24.14 24.31 21.41 21.15 30.36 28.08 24.34 23.75
8.40 8.54 9.21 9.80 9.77 9.56 9.42 9.33 9.24 10.01 9.39 9.50 10.11 9.72 7.94 9.65 8.38 8.77 9.30 8.42 7.52 7.40 9.11 9.41 9.38 5.48 6.62 6.83 7.24 7.54 8.51 8.83 6.91 4.64 7.48 12.51 13.43 23.80 40.91 44.48 33.61 20.48 11.82 8.85 7.88 13.47 13.50 11.68 12.07 9.75 14.49 13.90 16.03 13.42 9.80 15.52 16.99 20.92 21.90 16.23 19.85 21.55 20.92 24.20 22.45 26.75 25.94 27.29 21.17 21.38 21.22 22.25 24.11 25.68 25.99 23.39 23.40 26.71 25.11
8.75 8.95 9.64 10.01 10.04 9.77 9.60 9.50 9.45 9.97 9.73 9.44 9.91 7.08 8.21 8.70 7.24 8.53 7.92 8.33 8.54 9.38 9.60 9.66 10.87 6.46 5.93 6.91 8.10 8.38 9.33 10.02 7.21 5.03 7.27 11.68 10.80 21.53 42.74 44.68 28.70 14.91 10.61 8.53 6.74 12.98 12.17 10.62 13.27 12.47 13.99 5.30 5.65 8.83 12.85 17.00 16.38 20.94 17.87 16.42 21.04 20.71 23.13 21.89 21.94 23.08 21.11 21.16 21.50 16.91 17.61 23.44 26.67 18.27 28.84 25.38 22.44 25.38 25.83
8.98 9.01 9.64 9.96 10.10 10.07 9.87 9.92 10.44 10.71 10.43 9.53 9.66 7.73 9.63 9.13 9.36 9.52 9.77 10.85 10.61 10.22 9.59 8.83 9.71 10.46 5.70 6.81 7.75 7.90 8.42 9.31 7.38 5.63 6.62 11.97 14.77 26.47 42.83 40.53 21.49 10.94 11.00 14.41 14.82 16.40 14.71 12.78 11.01 11.92 4.19 5.01 7.10 10.00 14.65 16.25 14.94 14.74 15.83 20.71 22.95 22.02 19.27 21.06 21.18 21.36 20.21 20.84 19.71 19.84 24.74 22.77 26.73 23.56 23.54 24.17 26.47 26.84 25.10
9.13 9.00 9.62 9.90 9.96 10.08 10.14 10.37 10.42 11.50 11.41 10.72 10.98 11.52 10.43 9.93 9.96 10.02 9.94 10.11 10.92 10.53 9.60 9.88 9.71 11.07 5.28 5.66 8.06 8.68 11.67 12.62 10.14 7.55 7.36 13.09 21.30 29.13 40.76 33.17 15.84 15.32 15.16 13.72 14.69 14.12 11.88 11.28 10.69 10.55 3.38 6.27 9.22 11.74 14.54 19.60 20.51 21.11 22.12 16.15 15.13 20.68 14.61 18.21 20.36 21.55 20.70 23.64 23.93 26.23 27.77 25.32 23.74 23.94 27.68 25.58 25.89 28.10 17.85
9.33 9.16 9.93 10.37 10.37 10.28 10.55 10.93 10.93 11.45 11.60 11.56 11.20 11.73 12.23 11.39 10.42 10.06 9.70 9.29 9.77 10.54 10.42 10.93 10.96 11.57 5.66 4.26 6.44 11.04 14.13 13.68 11.20 8.56 8.55 14.42 24.11 31.21 36.82 25.06 11.60 14.51 15.32 14.85 13.78 13.15 11.47 11.19 10.02 10.37 3.46 7.05 9.26 11.11 13.48 20.79 20.89 20.43 12.91 14.14 13.54 15.80 15.34 23.52 24.82 22.05 23.19 26.15 30.15 24.29 26.68 26.21 26.46 27.79 24.17 30.32 24.18 27.27 27.95
9.43 9.27 10.11 10.83 11.02 10.88 10.67 11.17 10.69 11.13 11.40 10.92 10.80 11.42 12.90 12.82 11.20 10.39 10.06 9.78 10.05 11.00 11.39 11.84 11.85 12.65 4.52 3.25 7.28 12.71 14.01 11.76 10.47 9.03 10.04 17.25 26.44 32.74 31.33 23.84 16.23 14.61 14.23 13.33 12.11 11.81 11.27 10.82 9.81 2.81 4.13 6.75 8.36 10.06 12.09 12.10 10.51 10.04 11.54 12.73 16.38 16.33 17.65 20.41 20.67 23.05 20.84 20.34 19.66 19.93 23.85 21.70 23.36 23.78 29.99 20.50 19.10 17.19 26.19
9.25 9.04 9.74 10.67 10.96 11.14 10.83 10.70 9.43 10.10 11.30 10.97 10.69 10.17 10.43 11.20 10.57 10.39 10.47 10.33 10.69 11.65 11.96 11.56 11.79 12.45 10.04 3.77 7.75 12.29 13.43 12.24 12.74 13.05 16.89 22.01 27.41 29.08 25.69 21.21 17.56 15.11 14.00 12.89 11.02 10.02 8.91 8.78 8.71 3.62 4.85 6.56 7.31 8.85 11.11 11.05 9.52 9.32 10.52 11.74 12.36 16.60 15.87 17.34 17.39 13.57 16.58 15.85 19.09 19.13 19.88 21.59 23.51 27.15 22.80 23.63 22.51 26.45 19.47
9.38 9.25 9.72 10.49 11.21 11.35 11.69 11.47 11.01 10.32 11.58 11.94 10.86 8.53 9.43 9.59 10.05 10.16 10.58 10.47 10.95 11.77 11.98 11.12 10.27 10.62 12.97 5.92 6.76 10.37 12.42 14.15 17.01 19.02 22.21 25.39 26.34 23.19 20.39 20.20 18.33 15.79 13.72 11.56 10.23 9.76 8.49 8.02 7.82 3.67 5.28 6.80 6.90 9.05 10.93 9.94 8.69 9.06 10.52 11.63 12.24 12.94 19.35 14.82 14.81 14.20 13.63 13.82 18.30 18.68 19.47 20.73 21.67 22.65 23.39 22.49 20.96 23.48 22.25
9.82 9.74 9.98 10.44 11.01 11.23 12.05 12.52 13.18 12.62 12.91 12.99 12.65 11.73 9.25 9.86 10.27 10.44 10.61 10.40 10.76 11.41 11.59 11.56 10.48 10.20 11.71 14.11 7.73 9.77 13.78 17.58 20.16 21.55 22.13 23.25 21.81 18.47 19.20 19.52 17.32 15.57 13.49 11.23 9.59 8.65 8.28 8.90 2.72 3.57 5.40 6.99 7.75 9.63 9.64 7.70 8.27 9.50 10.52 11.05 11.59 12.05 12.81 12.90 12.77 12.63 16.14 16.54 17.39 17.98 18.02 17.89 15.00 15.81 16.70 16.20 16.05 16.91 16.78
10.09 10.10 10.39 10.75 11.04 11.14 11.89 12.97 12.69 12.85 12.78 13.73 13.89 13.94 12.56 11.23 12.32 12.68 12.62 12.15 12.10 12.09 12.39 12.64 12.13 11.96 12.70 14.41 9.64 10.17 14.66 20.35 22.26 22.11 21.41 20.06 16.58 16.58 19.57 17.92 15.79 14.41 12.58 10.90 8.92 8.45 7.44 2.67 3.28 4.11 5.23 6.60 7.58 7.89 7.04 7.29 9.06 10.52 10.88 13.08 13.65 14.37 12.24 14.90 14.53 13.78 13.37 13.71 12.19 12.07 12.02 13.53 16.02 17.34 18.95 19.28 18.44 17.92 17.37
10.15 9.99 10.20 10.89 11.33 11.25 11.57 12.55 12.32 12.65 12.20 12.50 12.76 12.77 13.52 12.41 12.93 12.71 14.67 14.62 14.30 12.65 13.22 13.30 13.20 13.37 13.92 15.03 11.86 10.89 15.48 18.77 21.22 20.58 19.27 14.84 14.07 17.68 19.48 16.04 15.06 13.18 11.41 11.20 10.53 8.68 7.57 5.53 5.20 4.88 4.92 5.52 6.53 6.25 6.47 8.50 10.81 11.82 11.44 13.19 13.86 14.54 11.91 14.08 13.51 13.49 14.18 14.54 15.09 15.54 16.51 19.23 21.78 23.70 24.49 26.04 27.08 25.85 22.86
10.73 10.38 9.90 10.21 11.04 11.49 11.90 12.75 12.59 13.30 13.09 12.96 13.56 13.98 14.42 13.23 12.27 13.15 14.40 14.84 16.52 16.04 14.79 13.51 14.47 14.81 14.77 14.65 15.72 12.88 19.02 21.54 19.63 19.19 17.33 15.93 16.27 19.06 18.57 15.07 14.40 12.43 11.04 10.98 10.95 9.96 9.70 6.30 6.14 5.53 5.47 6.26 7.55 8.22 8.98 10.76 11.92 11.73 13.18 12.67 13.02 13.62 13.83 13.76 14.34 11.90 12.12 11.75 11.63 11.99 13.58 15.19 16.41 20.45 19.74 19.49 24.78 25.19 19.52
11.80 12.06 12.22 11.03 11.83 12.58 13.01 13.31 13.37 13.83 15.02 16.02 16.33 15.70 15.02 14.07 12.62 11.70 11.53 12.37 13.95 15.59 17.20 16.76 15.74 15.24 15.65 15.34 16.83 16.69 22.75 23.96 20.67 18.67 17.08 17.82 18.59 18.60 16.80 14.64 13.23 11.62 10.59 10.52 11.33 9.62 10.42 5.68 6.14 6.08 6.34 6.93 7.64 9.04 10.24 10.69 10.60 10.23 10.38 10.82 11.06 13.41 13.77 14.00 14.28 14.25 13.68 13.02 12.37 13.20 11.06 10.83 12.59 15.21 17.35 22.04 23.60 24.53 22.85
11.61 12.25 13.25 13.46 13.40 13.83 14.54 16.07 16.39 16.55 16.76 17.21 17.67 17.51 16.53 14.83 12.74 10.92 9.78 10.11 11.51 13.39 14.67 16.35 18.45 17.71 16.65 16.70 18.03 20.35 23.63 21.58 19.83 19.08 16.13 15.52 14.81 13.67 12.75 12.39 11.47 10.43 11.09 10.66 11.74 10.92 10.64 5.45 5.84 6.12 6.54 6.89 6.94 6.96 6.95 7.21 8.11 9.15 9.91 10.21 10.57 10.35 12.89 12.97 12.80 12.92 12.75 9.54 7.43 8.64 11.48 14.23 16.14 20.76 21.60 21.20 20.59 20.71 21.04
