examples/cougarCreek-fire/createInputs/farsite/7a-cougarCreek-polygonIgnit/cougarCreekFire_08-13-2015_0000_217m_non_neutral_stability_vel.asc
ncols	146
nrows	140
xllcorner	610065.000000
yllcorner	5095217.000000
cellsize	216.586807
NODATA_value	-9999.000000
[rows 0 to 34 of 140, columns 0 to 79 of 146]
9.12 9.17 9.41 9.54 9.42 9.43 9.49 9.55 9.74 12.15 10.09 10.41 10.67 10.64 10.72 10.90 10.80 10.68 10.73 10.85 11.08 13.14 12.27 12.61 12.47 12.38 12.54 12.79 13.04 13.15 13.02 12.91 13.12 13.34 13.49 13.77 14.15 9.74 13.06 14.63 13.01 13.19 15.03 13.14 13.71 13.96 15.77 15.95 16.15 16.14 16.09 16.07 16.30 16.50 16.73 16.91 16.51 16.11 16.57 16.98 16.71 16.76 17.07 17.18 17.21 16.90 16.92 17.51 18.07 18.38 18.03 17.36 17.20 17.34 17.96 18.38 17.02 16.29 16.86 16.85
9.12 9.17 9.41 9.54 9.42 9.43 9.49 9.55 9.74 12.15 10.09 10.41 10.67 10.64 10.72 10.90 10.80 10.68 10.73 10.85 11.08 13.14 12.27 12.61 12.47 12.38 12.54 12.79 13.04 13.15 13.02 12.91 13.12 13.34 13.49 13.77 14.15 9.74 13.06 14.63 13.01 13.19 15.03 13.14 13.71 13.96 15.77 15.95 16.15 16.14 16.09 16.07 16.30 16.50 16.73 16.91 16.51 16.11 16.57 16.98 16.71 16.76 17.07 17.18 17.21 16.90 16.92 17.51 18.07 18.38 18.03 17.36 17.20 17.34 17.96 18.38 17.02 16.29 16.86 16.85
8.80 9.01 9.44 9.54 9.40 9.51 9.62 9.70 9.89 10.02 10.18 10.53 10.70 10.63 10.78 10.90 10.73 10.70 10.87 11.10 11.40 13.60 12.52 12.60 12.31 12.31 12.56 12.85 13.08 13.07 12.91 12.89 13.22 13.50 13.65 13.93 14.27 14.48 14.49 14.61 14.87 14.93 15.05 15.37 15.66 15.76 15.59 15.84 16.08 16.02 16.04 16.13 16.39 16.54 16.68 16.60 15.99 15.87 16.57 16.86 16.54 16.63 16.97 17.05 16.92 16.58 16.95 17.71 18.08 17.93 17.10 16.54 16.78 17.29 18.04 18.03 16.49 16.14 16.92 17.04
8.38 8.77 9.44 9.59 9.49 9.67 9.82 9.93 10.08 10.20 10.41 10.77 10.89 10.82 10.90 10.86 10.67 10.76 11.11 11.48 11.76 13.91 12.71 12.68 12.37 12.40 12.58 12.86 13.06 12.94 12.88 12.94 13.30 13.66 13.79 14.03 14.35 14.58 14.60 14.68 14.86 14.94 15.17 15.37 15.60 15.66 15.39 15.72 16.07 16.04 16.05 16.10 16.30 16.45 16.44 15.99 15.35 15.71 16.41 16.63 16.59 16.54 16.83 16.90 16.49 16.44 17.25 17.91 17.80 17.01 15.98 15.91 16.59 17.47 18.14 17.64 16.11 15.97 17.00 17.54
8.12 8.56 9.30 9.54 9.53 9.70 9.84 12.53 12.66 12.57 10.54 10.86 11.08 11.02 10.89 10.83 10.71 10.90 11.37 11.65 13.58 13.88 14.12 12.82 12.74 12.64 12.53 12.79 13.13 13.12 13.22 13.11 13.33 13.80 13.88 14.08 14.44 14.79 14.93 14.93 14.91 15.12 15.41 15.41 15.59 15.69 15.59 15.96 16.36 16.35 16.11 15.99 16.14 14.29 16.03 15.53 15.30 15.96 16.39 16.66 16.86 16.55 16.80 16.64 16.32 16.90 17.56 17.57 16.89 16.08 15.88 16.33 17.05 17.77 17.93 17.13 15.75 15.70 16.96 17.75
7.97 8.42 9.11 9.39 9.51 9.71 9.82 9.96 10.20 12.63 12.80 12.76 11.14 11.06 10.87 10.86 10.78 11.12 13.21 11.61 13.52 13.84 14.04 12.86 13.06 12.79 12.50 12.93 13.44 13.53 13.45 13.08 13.41 13.93 13.91 14.19 14.60 14.95 15.10 15.06 15.03 15.35 15.58 15.45 15.62 15.89 15.97 16.28 16.56 14.95 14.32 14.32 15.97 15.88 15.67 15.51 15.62 16.23 16.58 16.76 16.81 16.64 16.63 16.22 16.54 17.30 15.28 16.84 15.98 15.87 16.45 16.87 17.29 17.52 17.14 16.20 15.26 15.82 17.17 17.71
7.77 8.21 8.85 9.23 9.52 9.74 9.82 12.49 12.69 12.58 12.97 12.98 12.58 11.08 10.96 10.87 10.92 11.28 13.10 13.26 13.41 13.60 13.83 14.05 13.78 13.03 12.84 13.80 14.14 13.83 13.29 13.10 13.77 14.08 13.93 14.35 14.78 15.01 15.21 15.08 15.32 15.64 15.30 15.64 15.90 15.80 15.38 15.10 14.67 14.37 11.53 15.73 14.09 15.68 15.72 15.88 16.01 16.42 16.69 16.68 16.75 14.68 13.98 16.21 16.96 15.43 16.84 16.25 15.80 16.39 16.94 16.91 16.87 16.69 16.24 15.73 15.51 16.27 17.23 17.54
7.54 8.03 8.72 9.18 9.54 9.70 9.74 12.36 12.56 12.81 12.89 13.05 12.81 11.99 11.43 10.95 11.06 12.38 12.77 13.25 13.36 13.52 13.80 14.26 14.04 13.36 13.36 13.83 14.25 13.64 13.19 14.02 14.51 13.99 13.86 14.48 14.91 15.03 15.42 15.52 15.80 15.75 15.60 15.84 16.01 15.26 14.67 14.64 14.48 11.85 14.17 14.68 15.80 15.78 16.00 16.09 16.21 16.52 16.68 16.60 14.88 14.47 16.16 16.60 17.06 14.85 16.51 16.03 16.12 16.73 16.75 16.34 16.18 16.16 16.10 15.87 15.78 16.44 17.18 17.42
7.40 7.98 8.73 9.17 9.47 11.80 9.67 11.82 12.48 12.70 12.80 12.94 12.84 12.26 11.62 11.03 11.81 12.19 12.61 13.25 13.43 13.67 18.44 18.78 14.20 13.77 13.59 13.84 14.11 13.67 13.37 14.20 14.04 13.77 13.87 15.29 15.29 15.35 15.70 16.19 16.38 16.11 16.10 16.60 16.45 15.57 15.13 15.14 15.30 15.27 15.36 14.87 14.04 14.61 14.99 16.19 16.39 16.61 14.90 16.46 15.03 16.45 16.55 16.87 15.04 14.60 14.31 14.67 16.34 16.53 16.17 15.78 16.01 16.30 16.15 15.68 15.65 16.55 17.25 17.28
7.42 8.00 8.71 9.07 9.33 11.74 11.90 12.02 12.00 12.23 12.44 12.57 16.34 12.44 11.72 11.41 11.63 11.66 12.34 17.21 18.18 13.66 13.52 13.84 19.18 14.16 13.92 13.87 14.05 14.21 13.64 14.01 14.10 13.97 14.66 15.31 15.35 15.55 16.11 16.77 16.72 16.24 16.48 16.91 16.31 15.46 15.55 15.94 15.83 15.70 15.24 14.53 13.52 14.68 16.20 16.47 16.59 16.61 15.20 16.29 16.44 16.82 16.95 15.00 14.74 14.96 14.95 15.15 16.29 16.14 15.80 15.78 16.20 16.34 15.81 15.29 15.85 17.07 17.37 17.03
8.77 7.97 8.60 8.95 9.21 9.35 11.68 12.02 12.23 12.35 12.26 12.33 12.44 16.22 11.85 11.78 11.56 10.90 12.12 12.97 18.15 17.56 13.48 13.68 19.93 16.74 14.45 14.34 14.24 14.41 13.60 14.02 14.27 14.06 14.75 15.38 15.60 15.97 16.57 17.06 17.00 16.60 16.54 14.45 13.69 14.00 15.64 16.05 16.04 13.61 12.45 12.13 14.78 15.96 16.60 16.87 16.69 16.03 16.35 16.38 16.82 17.01 15.19 14.49 15.03 15.33 14.74 14.69 16.17 15.87 15.75 15.93 16.09 16.04 15.56 15.41 16.47 17.46 17.10 16.53
7.44 7.92 10.12 10.67 11.14 11.41 9.51 11.90 12.13 15.48 15.63 12.18 12.07 12.31 12.01 12.17 11.26 11.36 12.27 12.85 17.99 17.61 17.94 13.64 14.20 18.48 13.86 14.92 16.26 14.49 13.66 14.08 14.18 14.14 14.81 15.44 15.89 16.31 16.69 17.20 17.71 17.14 16.11 15.24 13.90 13.72 15.99 16.63 14.92 13.37 12.99 14.66 15.63 16.43 17.53 16.59 16.20 16.11 16.21 16.64 17.19 15.62 14.78 14.59 14.75 16.56 16.29 16.13 16.02 15.62 15.62 15.84 15.91 15.86 15.55 15.76 16.87 17.32 16.52 16.03
7.47 7.90 8.50 10.48 10.94 11.34 9.53 11.60 11.76 11.99 15.94 16.06 15.33 11.71 11.81 12.03 11.18 11.65 12.41 12.74 17.53 17.76 17.99 19.53 14.08 20.77 14.61 15.82 16.63 14.16 13.92 14.08 14.22 14.45 14.98 15.59 16.12 16.39 16.63 17.62 19.98 17.73 15.92 15.01 13.85 14.60 16.97 16.56 15.18 15.51 15.15 15.25 15.94 16.99 17.23 16.20 16.04 15.94 15.98 17.25 15.53 14.88 14.49 16.48 16.49 16.40 16.09 15.97 15.78 15.40 15.45 15.83 15.96 15.72 15.62 16.20 17.01 16.86 16.01 15.69
7.52 7.89 8.48 8.85 9.07 11.17 9.55 9.73 11.31 11.53 11.93 16.11 16.42 15.39 11.59 11.68 11.33 11.42 12.06 16.56 17.50 18.05 17.85 18.65 20.83 20.82 15.73 16.32 15.76 13.19 13.16 13.94 16.84 17.37 18.56 19.50 18.98 18.96 20.74 22.43 20.29 16.67 14.59 13.95 14.31 16.69 17.94 17.07 15.58 15.40 15.31 15.78 16.79 17.86 16.85 15.95 15.51 15.07 15.10 15.04 14.66 14.23 16.39 16.42 16.32 16.08 15.92 15.83 15.61 15.42 15.57 15.96 15.97 15.68 15.87 16.49 16.80 16.27 15.58 15.44
7.51 7.92 8.53 8.86 9.08 9.33 9.52 9.63 9.76 11.45 11.56 11.62 11.79 16.58 16.36 14.65 13.52 13.42 14.54 15.68 16.07 17.13 16.88 17.32 19.86 20.64 16.81 16.48 15.29 13.21 12.68 13.84 17.90 18.32 19.21 20.18 19.23 19.28 21.94 24.34 15.80 14.83 14.41 14.42 15.86 17.73 17.69 16.01 13.61 13.21 15.54 16.46 16.98 17.44 16.63 16.39 14.89 14.84 14.87 15.02 16.81 16.47 16.21 16.25 14.45 15.27 15.53 15.40 15.74 15.74 16.08 15.92 15.84 15.81 15.99 16.28 16.27 15.75 15.28 15.23
7.53 8.03 8.64 8.85 9.04 9.30 11.30 11.41 11.48 11.47 11.48 11.57 16.10 15.89 16.77 17.50 14.88 13.97 15.18 16.32 16.00 16.95 16.70 16.02 19.08 20.38 17.70 16.43 15.04 13.04 13.60 16.99 18.09 18.50 19.55 19.60 19.71 20.25 21.65 22.39 15.67 15.01 14.77 14.65 16.17 16.62 15.34 13.79 12.31 14.01 16.42 16.92 15.97 15.79 16.50 16.56 14.02 14.74 14.39 15.40 15.01 14.71 15.32 15.68 16.06 16.24 15.26 15.88 16.12 16.09 15.79 15.62 15.66 15.87 15.88 15.86 15.76 15.46 15.14 15.04
7.71 8.19 8.74 8.89 9.06 9.32 9.48 11.24 11.50 11.41 11.33 11.53 16.36 16.63 16.70 17.09 17.56 16.57 17.34 18.05 17.56 18.13 16.55 13.76 16.62 19.81 17.75 16.02 13.83 12.53 14.89 17.82 17.60 17.82 18.78 18.80 19.66 20.79 21.06 19.81 17.30 15.64 14.39 13.87 14.36 14.04 13.45 12.66 13.15 15.10 16.43 14.68 13.02 13.19 15.14 15.29 14.20 13.59 14.90 14.78 14.69 15.19 15.81 15.61 16.02 15.12 15.61 15.40 15.96 15.52 14.88 14.83 15.06 15.32 15.30 15.13 15.02 14.92 14.71 14.54
7.92 8.32 8.80 9.03 9.18 9.28 11.15 11.16 11.40 14.83 11.26 11.50 16.61 16.93 16.57 15.45 16.05 17.61 18.23 19.05 19.88 20.16 18.78 14.14 15.81 18.80 17.68 15.61 13.78 13.55 15.97 17.47 17.52 17.94 17.32 18.27 19.49 21.12 20.87 18.17 16.53 15.28 14.57 14.01 13.34 12.85 12.50 12.36 13.59 14.44 13.17 11.51 11.00 12.96 13.56 14.01 13.09 14.58 14.04 13.91 14.65 14.90 14.75 14.25 14.19 15.08 14.66 12.46 12.46 14.09 13.61 13.84 14.14 14.32 14.35 14.19 14.10 14.10 14.00 13.80
8.06 8.40 8.86 9.18 9.29 9.21 9.37 11.16 14.56 14.74 11.31 11.65 16.50 16.28 16.18 16.75 17.06 17.84 18.43 18.57 19.68 19.98 20.32 16.26 16.01 17.58 17.07 14.87 14.33 14.87 16.41 17.02 17.23 18.32 16.68 18.77 20.36 21.12 19.95 17.91 16.49 15.23 14.09 13.11 12.79 12.96 12.33 12.29 13.80 13.12 11.49 10.32 11.49 14.66 13.18 11.98 13.85 14.47 12.84 13.82 14.58 14.06 13.28 13.09 14.29 12.08 11.21 11.01 13.49 12.85 12.81 13.13 13.32 13.41 13.57 13.46 13.25 13.25 13.20 13.01
8.19 8.47 8.96 9.29 9.33 9.22 11.01 11.28 14.87 14.90 11.30 16.09 16.14 16.04 16.43 16.22 17.01 18.29 18.59 18.96 19.89 18.95 19.95 18.57 18.55 17.57 15.74 14.45 14.69 15.69 16.07 16.65 15.35 13.68 13.56 19.31 20.51 21.55 19.94 17.40 16.02 14.68 13.06 11.79 11.58 11.97 11.66 11.48 10.68 9.95 10.45 11.44 14.81 14.09 12.01 13.72 14.68 13.78 13.50 13.83 13.74 12.86 12.49 12.86 12.29 13.01 12.70 12.60 12.38 12.11 12.22 12.45 12.48 12.61 12.88 12.65 12.35 12.39 12.39 12.31
8.31 8.59 9.06 10.84 10.72 10.74 11.04 11.34 11.24 14.98 11.31 16.05 16.12 15.98 17.01 17.80 17.08 17.79 17.79 19.03 19.61 18.04 19.59 20.33 21.05 18.02 14.74 14.70 15.16 15.84 16.10 16.16 14.16 12.76 13.29 20.04 19.89 18.88 20.21 15.26 13.94 12.56 11.47 10.68 10.46 10.27 10.17 9.72 12.88 9.12 10.31 12.31 14.23 10.93 13.62 13.90 13.51 13.40 12.61 13.31 13.70 12.19 12.16 12.58 12.46 12.13 11.81 11.68 11.57 11.44 11.50 11.63 11.68 11.87 12.02 11.68 11.49 11.68 11.80 11.78
8.40 8.73 9.13 10.76 10.72 10.85 11.13 11.22 11.21 15.22 15.36 15.90 15.38 16.37 16.08 11.44 17.77 18.32 19.04 19.26 19.63 18.04 19.60 20.10 19.69 18.28 16.03 15.77 15.62 15.53 16.21 15.09 13.43 12.16 13.25 17.70 18.96 18.29 18.87 13.13 11.04 11.78 9.26 9.03 9.74 10.60 10.36 9.00 8.62 12.16 11.71 13.06 12.22 12.80 13.21 15.27 13.55 11.57 11.24 13.46 12.98 11.61 12.26 11.72 10.69 10.02 9.64 9.33 10.65 10.54 10.67 10.88 10.95 11.07 11.04 10.77 10.79 11.01 11.10 11.07
8.47 8.86 9.20 9.41 10.87 11.04 11.05 11.20 11.21 15.08 15.59 16.41 16.90 14.03 16.85 11.32 16.31 11.21 18.54 18.72 19.02 19.42 19.89 20.04 20.51 18.96 16.57 16.52 15.58 14.60 15.47 13.80 12.55 14.06 13.10 14.08 19.57 20.51 17.98 12.34 11.99 10.17 9.41 8.82 9.52 9.63 9.16 8.86 11.02 13.03 12.99 14.20 13.49 12.39 13.11 13.49 12.91 11.87 11.96 13.42 11.51 10.75 10.38 9.54 9.10 9.13 9.38 9.90 9.80 9.83 10.11 10.24 10.17 10.16 10.11 10.08 10.25 10.38 10.36 10.30
8.58 8.95 9.29 9.46 9.61 9.64 11.01 11.10 15.38 15.11 15.64 16.61 17.02 15.04 17.10 17.10 17.72 18.09 18.45 18.76 18.18 18.98 19.65 19.45 20.04 21.51 16.10 16.44 15.22 14.26 15.60 14.94 12.48 12.00 13.05 16.80 19.54 19.81 18.15 12.40 9.63 9.23 9.21 8.94 9.23 9.01 9.17 10.04 12.21 12.62 13.99 11.22 14.76 15.34 15.01 12.79 13.04 12.20 11.41 11.14 9.38 9.52 9.73 9.64 9.96 9.38 9.35 9.35 9.24 9.40 9.56 9.46 9.34 9.37 9.43 9.50 9.66 9.73 9.71 9.70
8.68 9.02 9.37 9.51 9.63 9.64 11.09 11.04 11.02 15.85 15.88 16.51 16.94 16.76 16.51 17.17 17.85 18.48 18.66 18.83 19.36 18.91 18.38 19.31 19.49 21.52 16.90 15.96 16.28 16.65 17.27 15.74 12.94 12.31 17.32 19.20 19.47 19.10 16.59 11.18 9.24 8.98 8.60 11.19 8.34 9.90 10.33 9.96 11.02 12.00 14.58 11.71 14.48 14.08 13.18 11.50 10.51 9.53 9.28 9.41 9.03 8.99 11.83 12.37 9.32 9.00 9.25 9.10 8.85 8.89 8.84 8.71 8.72 8.81 8.87 8.92 9.00 9.01 9.03 9.12
8.73 9.06 9.43 9.54 9.70 9.73 11.13 11.13 10.97 16.33 15.93 16.50 16.61 17.16 16.80 17.37 18.03 18.62 18.74 18.68 19.29 19.40 18.20 18.72 19.15 20.49 17.64 15.20 18.38 20.70 18.51 14.06 11.84 12.99 12.27 15.23 19.00 17.71 12.68 10.36 9.31 8.84 8.91 9.03 9.11 10.75 7.80 10.13 10.71 12.64 10.22 15.21 13.10 13.32 12.06 9.53 8.49 9.53 8.94 9.38 9.20 8.89 12.08 9.11 8.02 8.69 8.88 8.37 7.76 7.23 7.11 8.18 8.22 8.27 8.34 8.45 8.49 8.43 8.42 8.48
8.79 9.10 9.45 9.58 11.23 11.14 11.22 11.10 15.82 16.37 16.50 16.42 16.44 16.37 17.29 17.61 18.02 18.52 18.54 18.63 19.07 19.30 18.89 19.36 19.26 20.64 17.73 14.44 19.40 21.34 15.25 11.18 10.08 12.66 16.29 18.81 18.21 16.01 12.02 9.79 9.61 10.72 10.44 10.46 10.54 10.21 10.26 10.83 12.10 13.32 10.16 14.28 13.13 13.38 12.54 10.53 8.96 8.74 9.61 9.80 9.73 8.79 8.97 9.76 9.27 8.65 7.43 7.15 6.83 6.58 6.60 7.61 7.70 7.78 7.87 7.92 7.88 7.86 7.90 7.94
8.85 9.12 9.47 9.70 11.42 11.35 11.33 11.31 15.52 16.39 16.30 16.48 16.96 16.43 17.45 17.89 18.11 18.52 18.33 18.57 18.91 19.36 19.70 19.72 19.81 20.71 19.27 14.98 18.90 18.28 12.22 9.50 12.42 14.41 18.31 19.62 17.61 13.50 11.03 10.55 10.88 11.62 11.59 10.83 10.43 10.72 11.24 10.55 10.90 13.70 9.52 13.99 12.82 13.82 12.79 9.96 9.01 9.69 10.11 9.94 9.64 9.30 8.10 6.33 5.51 5.41 6.09 6.86 7.34 7.72 7.82 7.22 7.29 7.36 7.38 7.34 7.34 7.41 7.49 7.57
8.88 9.17 9.58 9.84 9.98 11.31 11.31 11.27 11.03 16.34 16.32 16.26 17.04 16.43 17.22 17.57 17.67 18.42 18.51 18.68 19.25 19.74 20.23 20.16 19.39 20.27 22.24 18.65 18.71 14.82 10.06 10.35 13.88 16.96 18.46 17.69 14.22 11.65 11.47 11.20 10.83 11.40 10.85 9.67 8.90 9.62 9.57 9.31 12.20 9.05 8.89 13.61 12.69 13.90 11.58 8.93 9.05 9.53 8.85 7.64 7.16 7.41 7.19 6.84 6.51 6.19 6.16 6.49 7.16 7.71 7.87 7.10 7.04 7.00 6.99 7.02 7.08 7.15 7.22 7.30
8.94 9.26 9.71 9.88 9.98 11.26 11.37 16.20 15.52 16.20 16.34 16.09 16.64 16.65 17.06 17.42 17.65 18.27 18.47 18.66 19.36 19.65 19.83 19.92 19.30 19.75 21.41 22.90 18.63 13.43 11.56 15.03 19.52 19.37 18.52 16.45 12.94 11.84 11.76 10.75 10.42 9.82 9.10 9.59 9.18 9.08 9.03 11.36 8.79 8.87 8.87 13.85 12.99 13.53 9.02 8.05 8.33 8.62 8.69 8.70 8.70 8.82 8.55 8.15 8.07 7.10 7.15 7.24 7.32 7.37 7.67 7.00 6.98 6.99 7.02 7.04 7.06 7.06 7.10 7.17
9.10 9.36 9.75 9.96 10.05 11.30 11.19 11.20 16.58 16.71 17.15 16.98 16.85 17.00 16.83 17.13 17.81 17.67 17.92 18.13 18.91 18.62 19.02 18.84 18.94 19.96 21.37 22.52 20.27 14.34 16.46 21.59 23.01 20.52 18.48 14.95 9.10 11.84 10.09 9.20 9.20 8.83 9.40 9.02 9.02 9.01 11.17 14.03 8.90 8.94 8.78 13.84 13.17 10.09 8.46 9.21 10.04 9.96 9.67 9.67 9.63 9.07 8.67 8.69 9.13 8.27 8.61 8.74 8.76 8.97 9.31 7.33 7.40 7.43 7.42 7.42 7.40 7.34 7.27 7.23
9.32 9.48 9.76 10.01 10.17 11.25 11.20 11.26 16.41 16.76 16.38 16.99 17.26 17.43 17.07 17.31 18.18 18.38 18.24 18.36 18.08 15.89 17.49 18.18 19.27 21.07 21.96 22.73 22.21 15.82 19.89 23.07 22.07 19.16 15.43 11.11 9.53 11.77 9.24 8.33 8.31 8.15 8.81 8.78 8.97 9.05 9.12 14.85 9.26 9.05 8.73 8.44 12.57 10.28 11.28 11.98 11.16 10.49 10.24 10.08 9.69 9.16 9.29 9.70 10.29 10.56 8.80 8.88 8.92 9.14 9.26 8.87 8.49 8.48 7.65 7.56 7.58 7.64 7.63 7.54
9.35 9.66 9.89 9.94 10.14 11.32 11.31 11.17 16.22 16.70 16.59 16.45 17.34 17.09 17.44 17.92 18.05 18.75 19.17 19.22 19.08 17.51 16.86 16.77 19.92 22.13 23.16 23.32 23.98 16.23 21.37 22.00 18.74 16.92 11.47 8.78 9.31 12.73 14.20 10.07 8.60 7.75 8.29 8.39 8.64 8.80 8.95 4.09 9.07 9.09 9.11 8.97 14.66 12.81 13.25 13.14 11.05 10.36 10.38 10.74 10.74 10.50 10.40 10.30 10.19 7.83 9.73 7.97 9.51 9.34 8.10 9.58 8.69 7.90 7.83 7.74 7.72 7.93 7.26 7.82
9.22 9.80 10.59 9.96 11.13 11.41 11.47 11.39 16.39 16.64 16.62 17.19 17.13 17.35 18.01 18.21 18.30 17.97 18.00 18.23 19.28 20.11 20.32 19.86 20.15 21.39 23.03 23.38 23.79 19.66 20.12 20.58 16.04 13.58 10.36 12.08 14.21 15.38 10.63 9.22 7.95 7.43 7.93 8.08 5.90 4.59 4.81 4.00 8.15 8.55 9.13 6.52 5.31 14.04 14.58 12.72 10.68 10.28 10.41 8.40 10.85 10.95 10.91 8.01 8.10 11.14 8.25 10.93 10.87 9.95 10.71 10.73 8.22 8.28 8.34 8.29 8.16 8.02 8.28 7.94
9.19 9.85 10.60 10.87 11.17 11.53 11.50 16.30 16.92 16.92 17.46 18.06 17.98 17.80 17.86 18.20 18.34 18.02 17.79 17.57 18.23 19.74 20.64 21.88 22.90 21.96 22.29 23.28 23.67 18.73 19.67 19.72 13.11 10.71 7.80 10.36 11.59 11.64 13.33 5.06 5.47 6.35 6.50 6.39 6.10 5.05 4.63 3.80 7.14 7.29 7.71 8.61 4.79 5.07 7.45 9.70 11.14 11.20 11.09 10.56 10.64 10.83 9.39 12.39 12.62 12.49 10.78 11.09 11.50 9.04 9.07 9.00 11.38 10.81 10.18 10.01 10.11 8.56 8.39 8.27
