examples/cougarCreek-fire/createInputs/farsite/7a-cougarCreek-polygonIgnit/cougarCreekFire_08-11-2015_1600_217m_non_neutral_stability_ang.asc
ncols	146
nrows	140
xllcorner	610065.000000
yllcorner	5095217.000000
cellsize	216.586807
NODATA_value	-9999.000000
[rows 0 to 50 of 140, columns 0 to 95 of 146]
71 75 81 88 92 93 94 95 98 105 105 108 111 113 113 114 115 113 109 102 97 102 111 121 125 123 121 120 121 120 118 112 106 104 103 104 106 106 110 112 112 112 114 111 113 115 118 117 116 116 115 113 112 112 113 114 114 110 107 108 109 109 109 109 110 110 108 108 112 116 119 119 116 114 113 114 114 110 105 104 105 108 110 104 100 103 107 96 97 103 104 102 95 97 93 89
71 75 81 88 92 93 94 95 98 105 105 108 111 113 113 114 115 113 109 102 97 102 111 121 125 123 121 120 121 120 118 112 106 104 103 104 106 106 110 112 112 112 114 111 113 115 118 117 116 116 115 113 112 112 113 114 114 110 107 108 109 109 109 109 110 110 108 108 112 116 119 119 116 114 113 114 114 110 105 104 105 108 110 104 100 103 107 96 97 103 104 102 95 97 93 89
73 77 83 88 92 94 96 97 99 102 105 108 110 112 113 114 114 114 113 110 107 108 111 117 121 121 120 119 119 118 117 114 109 107 106 105 106 107 110 111 111 112 113 113 113 114 115 114 114 115 115 114 113 112 112 112 113 111 109 108 109 110 110 111 111 111 111 112 114 116 118 118 116 115 115 115 116 114 111 109 109 111 111 111 111 109 108 106 106 104 102 99 98 95 90 86
75 79 83 86 90 94 97 99 100 101 103 105 108 110 112 112 113 114 117 120 118 112 110 112 116 119 120 118 116 116 116 117 114 111 110 108 106 106 108 110 111 111 112 113 112 112 113 113 113 115 117 117 115 113 112 111 110 110 110 110 111 113 113 113 114 114 115 116 116 117 117 118 119 119 119 119 120 120 117 116 115 115 115 114 114 113 112 111 109 107 104 101 98 95 91 86
75 78 82 85 88 92 95 94 97 98 102 104 106 108 110 111 112 113 116 120 119 113 109 110 114 117 118 116 114 115 118 119 116 113 112 110 108 108 109 111 112 112 113 114 113 113 115 116 116 118 120 118 116 110 112 111 110 111 112 113 114 115 116 116 116 117 118 118 118 118 119 121 122 122 122 122 123 123 121 119 118 118 117 117 117 116 115 113 111 108 106 102 56 62 59 52
75 79 82 84 87 91 94 97 99 97 99 99 104 106 108 109 111 113 113 117 117 113 108 107 110 114 116 115 115 117 119 120 117 115 114 112 111 110 109 110 111 112 113 114 115 115 117 118 119 115 115 113 116 114 112 112 113 113 114 115 116 117 117 118 118 119 110 119 119 119 121 123 123 123 123 122 123 124 123 122 120 119 118 118 117 116 114 112 110 107 105 100 96 62 57 45
76 79 82 84 87 90 94 90 93 96 100 101 99 105 106 108 110 112 112 114 114 111 106 104 106 110 117 115 115 116 120 120 118 117 116 113 111 110 109 106 107 112 110 115 116 113 115 115 115 115 111 118 111 115 114 115 115 115 116 116 117 110 111 119 119 110 120 120 120 121 122 123 123 122 122 122 123 124 123 122 121 120 119 117 134 115 114 112 109 106 103 98 92 51 48 41
75 79 82 85 87 90 94 90 96 97 99 101 99 98 100 108 109 106 110 113 112 111 109 107 106 109 114 115 114 115 120 118 116 118 116 112 111 110 106 106 107 108 109 110 112 114 114 114 113 108 112 112 118 117 116 116 116 116 116 117 109 110 119 120 120 112 120 121 122 122 122 123 122 122 123 123 124 123 122 122 121 120 119 117 116 115 113 110 107 104 100 95 89 83 27 35
75 78 82 85 88 77 94 87 91 95 97 100 101 99 100 107 103 105 109 113 112 114 112 105 105 107 112 114 113 113 117 117 115 116 114 110 108 107 106 106 108 110 111 111 113 114 113 112 111 112 113 114 114 112 110 116 116 116 109 117 109 118 119 120 111 112 111 109 122 122 122 122 123 123 124 123 123 122 122 122 121 120 119 117 116 114 111 108 105 101 96 91 85 78 71 65
75 79 82 85 88 83 85 86 91 94 97 100 91 101 100 101 103 105 108 112 111 113 114 108 98 106 111 113 113 114 117 116 113 114 113 110 108 107 107 108 109 111 113 113 114 115 114 113 113 114 115 115 112 109 115 115 116 116 109 116 117 119 120 111 112 109 109 109 122 122 123 123 123 123 123 123 123 122 122 122 121 120 118 116 114 112 109 105 101 126 92 86 80 73 65 57
58 79 82 85 88 92 90 91 93 96 98 100 102 92 101 102 103 109 107 112 109 105 113 110 102 96 100 102 113 114 117 117 115 115 113 110 108 108 108 108 109 111 114 107 107 107 114 114 115 109 110 107 109 115 115 115 116 109 116 117 118 111 112 113 110 110 111 111 122 123 123 124 123 123 123 123 123 122 122 121 120 119 117 115 112 120 129 102 98 93 88 81 73 65 57 51
75 79 62 68 74 83 96 95 96 78 83 102 103 104 103 104 108 104 108 110 106 102 108 113 107 96 99 100 102 114 116 116 114 113 111 110 109 108 108 106 107 103 106 106 107 106 113 113 108 109 107 111 117 116 111 110 110 110 110 118 119 111 113 112 112 121 122 122 122 122 123 123 123 123 123 123 122 122 121 121 119 118 116 114 111 108 105 100 94 89 83 75 66 56 49 44
75 79 83 67 72 80 98 101 102 102 88 89 89 105 105 104 105 105 108 109 102 100 102 112 108 99 96 99 101 104 117 116 114 113 111 110 111 110 108 106 100 104 106 106 107 105 112 105 107 113 112 111 118 117 110 111 111 111 111 111 112 115 115 120 121 121 120 120 120 121 122 122 123 123 123 123 122 121 121 120 119 117 115 112 109 106 102 97 90 84 77 69 58 48 41 36
75 80 84 89 93 84 98 101 108 108 109 99 96 91 106 104 104 104 106 98 99 98 96 104 107 100 96 98 101 104 105 117 102 102 103 104 103 103 104 104 103 106 106 106 105 113 113 106 107 115 113 113 114 112 110 110 111 111 111 112 115 116 119 119 120 119 119 119 120 121 122 122 123 123 123 122 121 121 120 119 118 116 113 111 107 103 98 92 85 78 70 61 50 38 32 165
75 81 86 91 95 98 100 102 105 112 113 112 112 107 94 90 91 92 93 96 95 94 95 102 107 100 96 98 100 103 103 115 102 102 105 104 102 102 107 109 105 106 105 105 105 106 107 108 109 108 114 114 115 113 110 109 104 111 111 111 117 117 118 118 109 106 106 105 120 121 105 122 122 122 122 121 120 119 119 117 116 114 111 108 105 100 94 87 78 102 121 99 41 140 24 156
75 82 88 94 98 101 91 93 102 111 113 111 107 115 113 99 92 92 94 97 97 98 100 104 105 100 97 98 101 102 100 99 102 103 104 102 101 101 104 103 103 104 105 107 107 108 109 110 109 106 116 116 108 106 111 110 105 110 103 108 109 109 107 107 107 107 108 120 120 121 122 122 122 121 121 120 119 118 118 116 114 112 109 105 101 96 90 82 72 64 95 94 36 115 15 14
76 83 90 96 101 105 107 99 99 106 112 111 91 98 121 127 119 92 98 100 98 100 100 114 103 98 97 98 99 99 99 103 103 103 103 102 101 102 103 101 102 104 106 107 109 109 110 108 106 107 118 108 109 106 103 112 112 102 108 109 108 107 108 107 108 108 120 106 120 121 121 121 120 120 119 119 118 117 116 115 113 110 107 102 97 91 85 76 65 58 50 43 32 18 121 7
77 85 92 98 104 107 112 107 102 77 113 114 107 95 127 132 126 117 111 110 102 101 91 91 93 95 94 96 96 97 101 105 104 105 105 104 104 103 101 101 102 104 105 106 107 108 108 107 107 108 109 113 110 103 102 111 109 99 109 108 107 107 108 109 109 120 120 115 116 120 120 120 120 119 118 118 117 116 114 113 111 108 104 99 94 88 80 80 73 52 45 37 27 16 7 106
78 87 94 101 107 111 112 109 68 70 113 116 125 122 109 109 113 110 108 110 104 99 94 85 89 95 95 96 95 97 102 105 110 107 106 104 107 104 101 101 102 104 105 106 106 107 108 108 108 108 112 111 105 110 101 101 106 107 101 108 109 100 111 110 119 113 116 121 119 119 119 120 119 119 118 117 116 114 112 110 108 105 101 96 90 84 75 79 70 48 41 51 61 14 6 360
80 89 97 104 110 114 113 114 68 70 115 115 128 118 95 93 99 104 100 106 102 96 97 90 87 91 94 94 95 98 102 106 108 123 117 105 109 107 102 102 104 105 106 108 108 108 109 110 113 113 110 104 101 102 102 98 99 108 100 100 108 101 109 107 109 118 119 119 118 119 119 119 118 118 117 116 115 113 111 108 106 102 97 92 85 78 69 64 54 43 35 68 76 67 7 1
82 91 100 89 96 107 117 118 113 72 116 107 84 123 120 103 98 101 99 105 100 91 102 95 89 86 89 91 94 98 101 104 122 127 119 107 108 112 103 104 105 108 110 109 109 110 111 112 121 109 106 102 101 104 98 108 110 100 101 100 99 101 109 108 118 118 119 119 118 118 118 118 117 116 115 114 113 111 109 107 103 99 93 87 80 72 63 53 44 38 42 74 67 12 6 0
84 94 104 93 101 115 121 122 118 69 106 107 82 91 131 117 130 120 107 108 104 90 98 90 85 84 86 89 95 98 100 102 122 131 122 113 104 111 102 105 110 113 111 110 108 106 108 110 109 100 100 100 99 97 109 100 100 102 102 99 99 101 98 118 110 110 109 110 117 117 117 116 116 115 113 112 111 109 107 104 100 95 89 81 74 67 58 49 40 34 44 53 47 40 4 360
87 98 109 117 123 130 131 129 124 86 110 120 86 85 123 117 132 114 119 105 101 94 100 95 85 83 86 88 92 96 97 107 119 108 122 114 103 106 101 106 113 113 112 108 108 109 110 108 102 100 99 97 97 110 111 101 100 100 100 98 101 102 109 110 109 108 107 116 116 116 116 116 115 114 112 110 109 107 104 101 97 92 85 76 69 62 54 44 36 34 74 76 78 79 65 55
92 104 115 123 127 129 136 130 127 87 101 130 111 85 99 117 118 116 111 96 94 94 94 105 90 79 82 85 87 89 92 97 118 128 124 114 105 104 101 105 109 112 111 108 108 108 107 106 104 102 100 114 100 104 101 101 100 100 101 101 104 110 107 114 104 106 105 104 116 116 115 115 114 112 110 109 107 104 101 97 93 88 80 72 65 58 49 40 39 99 105 106 95 87 83 69
98 110 122 130 133 134 141 135 131 95 81 123 121 87 92 117 121 119 117 113 101 92 83 78 89 77 78 83 81 84 94 101 116 128 112 111 107 105 103 108 109 108 108 115 107 105 105 107 105 102 102 114 101 101 100 102 104 105 105 103 103 108 94 92 106 105 104 104 116 103 114 113 112 111 109 106 104 101 98 93 88 83 76 68 61 53 45 36 25 111 108 96 87 90 93 80
106 117 131 138 140 140 146 140 135 144 82 115 133 119 89 107 121 121 120 119 112 89 74 59 79 79 78 83 79 88 98 114 117 106 124 114 105 104 106 110 110 105 106 105 105 116 109 119 102 100 118 102 99 99 100 104 106 114 103 102 101 107 92 100 107 104 103 105 107 108 108 111 110 108 106 104 101 98 95 90 84 78 70 62 56 49 42 33 88 96 113 101 85 82 94 80
115 126 140 147 169 161 155 147 191 179 115 132 135 130 113 104 122 121 116 116 108 84 50 121 68 74 77 83 82 91 101 106 103 102 105 108 106 105 105 104 102 100 100 101 102 103 102 101 100 99 114 97 98 97 97 100 103 103 100 99 99 106 106 98 98 100 107 107 107 108 107 109 108 106 104 101 98 94 91 86 81 74 66 57 51 44 37 31 63 74 102 5 92 81 81 356
127 136 149 154 181 174 163 154 193 186 163 127 119 137 140 132 134 125 114 114 105 70 354 108 45 67 71 80 86 93 101 102 101 105 110 112 108 107 106 103 100 99 99 101 103 103 102 105 103 95 110 95 97 96 97 102 103 101 99 99 100 100 104 110 113 113 109 105 101 99 98 107 105 103 101 98 95 91 87 82 76 69 61 52 46 38 33 28 58 58 55 59 58 53 355 354
144 148 160 162 161 179 167 155 148 183 164 123 103 139 146 144 139 129 116 114 99 19 129 98 67 60 71 73 87 96 102 100 100 106 109 109 111 109 104 103 102 101 102 104 106 116 117 117 94 112 110 95 96 99 99 104 103 101 103 107 108 107 107 108 109 110 110 107 103 100 98 105 103 101 99 96 92 88 83 78 72 64 56 47 40 33 29 25 48 44 7 2 29 34 354 353
165 163 170 171 168 184 173 225 221 179 155 129 101 91 132 136 129 129 119 110 67 342 129 117 77 71 71 79 84 96 101 101 102 104 105 106 109 105 101 103 103 105 111 114 114 116 116 96 112 113 111 94 96 97 104 105 104 103 103 103 102 102 102 103 103 104 103 103 102 102 99 102 101 99 96 93 89 85 80 74 67 59 50 42 35 30 25 23 17 44 44 43 44 46 39 353
187 178 181 180 175 190 176 165 213 201 177 148 122 96 96 110 89 94 100 97 2 8 134 131 110 90 86 87 86 94 98 100 103 102 104 108 106 98 103 108 110 111 114 113 114 116 102 97 117 116 113 97 95 102 103 99 96 97 99 99 100 102 103 103 100 99 97 95 94 92 88 100 99 96 93 90 86 81 76 70 63 54 45 38 32 27 23 20 15 61 61 57 46 37 29 352
204 193 191 188 182 196 182 169 207 206 180 171 150 142 261 120 76 59 68 52 352 168 152 127 114 107 105 100 91 93 95 100 104 104 105 105 96 96 106 111 110 111 113 112 112 114 120 103 121 115 110 107 94 96 92 90 93 96 97 98 100 103 103 100 98 97 99 99 98 97 95 98 100 98 89 86 81 76 70 64 57 49 39 33 29 24 20 17 13 63 57 52 42 34 33 351
212 204 202 196 190 203 187 172 205 207 192 159 128 119 228 240 72 45 67 68 79 346 59 107 116 120 117 109 104 92 93 98 104 106 101 97 96 99 105 102 109 110 112 111 110 111 115 129 122 115 108 104 88 89 90 91 97 100 100 98 97 98 99 101 104 101 108 99 111 114 95 107 103 89 86 82 77 98 107 58 52 44 34 28 24 21 17 15 339 61 51 48 41 40 42 352
214 209 234 204 219 204 191 179 214 209 188 141 99 103 241 152 101 68 26 7 12 58 100 106 113 122 123 116 108 92 93 97 103 104 103 102 104 107 108 108 108 108 110 110 111 114 116 123 120 118 112 114 112 96 93 97 100 101 102 103 101 100 100 100 99 101 97 102 102 97 87 81 89 87 83 78 72 66 100 55 48 40 32 24 20 18 16 13 346 89 54 50 43 45 45 351
217 213 214 230 219 206 194 239 231 218 186 176 131 103 273 174 121 82 65 74 98 140 134 132 122 123 124 118 110 94 101 100 100 103 103 102 103 106 108 108 107 107 108 108 108 112 114 120 116 117 114 107 110 111 110 106 101 100 102 104 105 101 97 94 93 93 93 89 80 91 90 89 75 85 95 95 89 61 56 50 44 37 29 21 15 14 14 12 347 52 56 48 43 40 35 350
222 218 219 214 221 211 195 182 222 211 194 178 167 162 247 206 207 205 191 174 162 165 147 142 128 129 118 111 108 94 103 101 98 100 99 98 97 97 97 97 100 102 104 107 108 108 107 112 121 113 112 109 103 108 106 107 104 102 101 99 97 95 91 88 87 87 83 90 89 88 86 75 82 88 90 89 63 58 53 47 41 34 27 19 12 11 13 11 339 339 63 52 42 39 36 351
225 221 220 228 219 280 269 181 220 210 198 184 160 160 198 207 187 182 174 170 153 160 152 139 132 127 120 112 103 101 104 107 101 97 97 93 90 90 90 91 90 92 108 108 108 107 108 109 112 119 112 111 105 101 96 94 105 105 105 104 103 101 99 95 91 86 83 81 83 88 78 77 77 75 68 64 60 55 50 45 39 33 27 19 12 10 11 11 335 336 72 55 41 40 40 352
228 223 222 227 218 206 194 227 171 202 194 188 170 165 171 177 174 172 168 166 166 154 143 141 127 130 105 99 113 111 105 107 109 109 108 108 102 99 99 99 97 96 98 105 106 105 106 107 102 109 115 109 106 103 99 97 95 95 96 96 96 96 96 97 97 98 98 98 98 98 97 102 84 64 62 59 56 52 47 42 37 32 27 20 11 7 10 11 341 341 66 49 42 35 32 352
231 225 224 228 220 207 201 184 207 200 197 189 184 171 166 162 162 163 161 157 157 156 137 123 136 103 106 96 106 92 102 101 106 111 113 115 113 113 111 111 105 99 92 93 104 105 104 103 106 105 105 109 103 98 96 92 91 90 89 88 96 95 94 95 95 95 95 95 94 94 93 92 91 90 82 61 50 47 44 40 35 31 27 20 11 5 6 9 349 343 71 43 39 33 30 352
232 226 224 227 219 208 197 187 213 209 202 193 176 177 169 160 160 161 159 152 154 163 138 122 139 125 112 98 101 100 98 98 102 103 108 109 108 105 106 105 104 109 110 107 103 104 103 98 95 99 100 94 94 96 96 91 96 96 88 88 86 95 94 94 93 79 77 76 75 73 70 67 63 84 83 79 78 41 39 37 33 30 26 21 13 5 3 5 7 347 347 51 40 33 34 30
234 228 226 224 217 207 199 190 179 211 205 197 187 184 172 161 159 159 156 147 143 150 135 142 148 122 113 99 102 91 98 100 100 99 99 98 98 100 105 100 97 98 100 99 107 107 107 105 104 101 99 96 90 89 89 89 88 86 85 85 89 83 81 80 78 77 76 75 75 73 71 67 64 60 56 51 45 39 52 64 32 29 25 22 16 7 1 2 4 6 347 40 49 36 33 28
236 230 228 225 219 207 199 193 181 214 206 199 187 181 171 163 161 157 156 137 125 124 140 148 165 119 110 106 105 105 103 93 92 90 90 94 96 95 93 96 96 101 101 102 103 98 98 97 97 95 94 93 91 90 90 90 88 86 87 87 79 79 79 78 77 76 76 76 76 74 72 68 65 62 58 54 47 40 33 31 24 27 24 21 18 10 2 359 0 3 5 5 52 39 36 29
239 234 231 226 226 210 205 188 184 173 162 198 188 181 172 164 161 156 142 125 121 136 142 156 151 109 121 113 115 106 103 93 86 85 87 92 94 92 91 92 96 100 100 99 97 95 98 98 97 91 92 87 87 86 84 82 80 78 78 77 77 77 77 76 77 77 77 77 76 74 71 68 64 62 59 54 48 40 32 28 21 32 46 44 18 13 5 359 357 359 3 5 35 42 36 29
242 236 232 228 228 195 209 197 187 177 205 195 183 178 167 162 161 154 140 130 134 139 142 158 151 141 127 128 116 104 106 101 94 87 86 88 90 90 88 88 90 93 94 92 97 97 97 96 93 92 86 85 86 85 82 80 78 76 77 77 77 76 76 77 77 77 76 74 72 69 66 63 59 56 53 51 46 39 32 22 18 24 71 46 18 14 10 3 356 355 360 4 28 36 38 33
243 237 233 229 223 214 210 199 189 209 193 180 177 179 170 166 161 159 138 132 139 133 136 162 149 139 139 133 109 105 107 103 102 98 91 87 86 86 85 86 91 89 95 95 96 97 93 96 93 86 84 82 83 82 81 78 76 75 77 78 77 76 71 71 69 67 63 59 55 52 50 47 43 40 39 44 41 36 30 15 359 12 27 46 19 50 11 7 360 354 356 3 29 36 1 34
245 239 236 231 222 216 208 201 191 190 179 180 186 182 176 166 153 159 132 128 136 137 140 153 161 146 141 136 109 111 107 103 104 103 99 94 89 86 85 86 82 89 90 92 94 87 91 93 87 81 78 77 80 81 80 78 75 75 78 75 73 71 61 59 58 63 68 66 60 60 61 56 54 53 52 47 41 41 29 12 346 0 29 55 22 16 46 9 4 358 355 1 4 38 0 0
246 241 202 232 222 216 205 206 196 179 183 192 189 184 176 165 165 143 131 127 134 137 141 146 145 144 144 118 110 112 107 103 103 104 103 97 94 91 87 82 81 80 81 78 84 88 88 84 79 74 71 74 79 81 80 78 77 75 76 66 63 60 59 64 64 68 66 62 69 79 78 78 70 59 57 59 70 49 31 17 353 358 31 56 47 17 12 10 6 2 357 359 3 2 1 0
247 192 212 232 225 217 193 199 196 185 197 199 193 188 182 165 119 131 138 133 142 138 135 139 138 142 142 115 117 104 107 105 103 103 104 97 97 97 92 87 77 82 90 88 89 87 78 72 67 63 63 69 74 74 73 75 76 66 65 71 71 70 73 75 76 76 73 72 76 76 75 72 65 58 59 60 62 58 45 25 12 6 17 28 51 17 13 11 8 5 0 357 359 1 0 0
249 202 211 214 203 202 191 205 209 201 204 173 197 192 134 124 141 138 149 144 138 132 131 136 137 155 125 121 116 108 108 107 105 103 99 95 97 99 97 98 104 98 98 93 80 77 73 67 62 58 62 60 58 57 59 63 68 85 90 89 85 79 79 84 84 81 78 75 73 71 65 62 64 64 57 55 65 62 51 29 20 9 3 15 28 50 15 12 9 7 3 359 357 359 360 0
203 224 205 197 209 204 212 212 205 211 209 176 163 148 175 176 166 160 150 144 135 134 134 134 139 156 151 143 116 104 111 109 104 106 99 92 93 98 95 103 101 96 98 94 86 68 62 60 52 53 50 53 78 73 68 74 78 82 85 87 76 72 70 79 77 74 72 68 65 63 61 59 58 53 52 51 49 47 42 43 22 12 4 7 14 15 30 36 10 8 29 2 0 358 360 359
215 197 197 211 219 222 213 216 207 199 189 178 164 192 184 166 158 146 142 140 134 138 137 137 136 141 129 127 100 108 114 110 107 107 101 93 92 96 95 96 102 96 96 95 88 82 77 71 68 69 75 73 71 73 77 77 71 73 81 83 76 73 67 64 73 67 63 59 57 54 53 52 47 49 50 45 31 31 36 42 24 17 10 7 9 12 14 13 11 35 31 27 2 359 358 0
