examples/cougarCreek-fire/createInputs/farsite/7a-cougarCreek-polygonIgnit/cougarCreekFire_08-13-2015_0500_217m_non_neutral_stability_vel.asc
ncols	146
nrows	140
xllcorner	610065.000000
yllcorner	5095217.000000
cellsize	216.586807
NODATA_value	-9999.000000
[rows 36 to 71 of 140, columns 0 to 80 of 146]
9.40 10.59 9.84 9.05 19.63 23.44 23.61 15.08 19.24 20.98 22.10 23.17 23.35 26.23 28.63 28.31 28.36 28.78 28.70 30.64 35.09 35.76 35.01 31.00 28.84 31.89 36.85 34.04 25.70 21.40 25.53 23.03 20.54 22.34 21.54 15.31 14.18 8.69 6.66 6.39 5.53 5.81 6.38 9.46 8.46 8.45 7.36 6.72 7.63 2.12 1.95 1.52 2.14 2.54 3.17 4.77 6.08 6.45 6.31 6.17 6.10 6.07 6.29 7.75 6.98 6.53 6.34 6.15 6.04 6.45 4.54 3.53 3.00 1.97 1.84 3.17 4.33 5.62 4.03 7.44 8.25
12.22 10.51 9.20 12.08 16.60 21.33 20.06 23.33 23.42 23.65 23.37 21.72 22.13 26.04 29.71 32.85 36.07 37.04 35.79 30.69 27.98 28.73 29.58 29.88 25.41 25.68 32.00 32.86 31.91 26.56 22.37 28.03 24.01 22.17 24.84 22.21 19.04 17.33 13.38 10.48 7.26 7.64 5.29 6.04 6.56 2.31 1.82 5.48 7.71 7.31 7.27 2.23 2.09 4.57 2.10 2.86 3.35 3.31 3.25 3.52 4.78 4.99 5.31 5.63 5.80 5.77 5.51 5.19 4.95 4.66 4.62 4.79 8.76 3.39 2.35 2.41 3.06 4.22 5.26 6.04 6.78
11.87 15.84 11.06 16.61 21.96 26.34 25.72 24.15 25.17 22.99 22.51 21.45 23.47 24.05 24.76 25.49 26.43 26.16 24.04 21.86 21.42 20.09 19.56 23.23 27.13 26.98 28.50 28.50 27.14 22.66 17.93 21.63 27.88 20.33 16.77 16.33 14.82 11.83 10.51 12.90 9.86 8.10 3.87 2.97 2.69 2.59 1.68 0.95 6.85 6.48 8.34 7.32 7.95 5.67 4.53 4.56 4.52 4.89 2.19 1.78 1.75 1.79 1.98 2.06 2.93 1.57 1.79 1.50 1.69 1.92 2.30 2.94 3.64 3.74 3.40 3.31 2.73 2.91 3.63 4.26 4.93
16.66 13.54 19.04 21.87 24.43 27.34 21.77 24.57 20.32 19.96 18.55 18.94 20.17 18.84 19.81 20.48 21.45 22.27 22.12 21.55 21.17 19.94 16.30 20.56 26.34 26.60 24.84 25.40 32.58 22.69 17.50 21.81 21.66 18.28 16.07 15.24 13.44 9.79 7.67 4.44 4.38 7.85 3.55 2.78 5.81 7.99 7.72 6.99 7.28 7.50 7.16 7.34 7.00 7.79 9.12 6.79 5.72 5.24 5.03 2.52 2.61 2.81 2.79 3.01 2.88 2.55 2.69 1.83 1.65 1.49 1.40 1.75 2.06 2.26 2.62 3.44 3.56 3.25 2.72 2.51 3.16
23.77 24.44 26.68 28.11 25.86 23.29 20.59 22.06 19.27 19.70 18.81 16.93 16.44 17.26 20.98 20.84 21.47 21.97 19.54 16.38 15.57 17.20 16.30 21.06 25.76 25.03 22.78 25.74 31.23 28.72 22.43 22.34 19.23 16.99 15.89 16.58 14.13 11.46 10.63 4.43 3.00 3.34 3.79 0.82 0.19 0.42 1.01 1.40 1.01 6.96 6.93 6.59 7.12 6.92 1.76 2.46 8.40 8.45 1.23 7.03 6.73 4.97 3.77 3.69 3.39 4.97 4.71 2.15 1.89 2.12 2.23 1.71 1.85 1.50 1.59 2.23 2.86 3.25 3.47 2.84 2.01
25.70 25.53 25.91 25.76 23.46 21.64 19.67 20.25 19.83 19.81 19.02 19.70 20.78 22.29 24.20 22.18 21.64 19.59 15.89 15.11 14.68 15.17 18.86 22.51 19.55 19.44 22.23 24.95 28.24 30.01 26.85 21.70 19.98 19.30 16.97 13.86 12.34 10.68 9.73 9.98 8.01 7.66 8.37 7.95 7.93 6.49 2.59 1.70 6.21 6.10 6.30 5.46 1.34 6.34 6.53 6.56 5.18 4.91 2.25 2.60 5.54 3.46 4.53 5.91 6.69 7.11 7.44 8.03 7.53 7.49 7.73 8.06 4.73 4.48 4.04 4.17 2.34 3.06 3.55 3.48 2.65
22.84 23.69 22.46 18.60 18.09 21.59 21.21 19.26 21.27 21.76 21.49 22.61 24.48 25.33 24.25 22.74 19.98 17.34 15.88 14.51 14.54 18.76 23.60 22.76 18.34 16.47 20.80 24.43 25.54 25.31 26.12 24.20 19.28 16.41 14.62 12.16 11.08 10.59 9.95 8.71 9.14 8.52 8.13 8.01 8.90 9.24 9.23 8.31 7.76 2.07 6.83 6.44 4.89 4.81 4.70 2.72 2.78 4.60 5.16 6.16 2.99 6.43 7.43 7.58 4.43 4.32 4.25 3.88 3.83 3.48 3.23 3.29 3.43 4.05 4.13 5.02 3.06 3.27 3.70 3.71 2.85
21.42 19.59 13.83 26.89 25.63 23.76 20.30 21.55 22.85 22.27 24.29 28.67 26.81 23.35 22.66 22.60 18.60 18.30 17.18 16.82 17.87 21.84 22.13 20.35 17.89 16.61 21.07 24.19 24.26 20.05 26.22 28.40 24.56 22.64 18.29 13.13 10.30 10.61 10.05 7.49 7.70 8.75 8.56 7.77 7.52 7.78 7.68 7.16 7.56 7.31 7.11 7.52 7.52 6.94 6.57 6.73 7.68 8.96 8.76 7.03 6.15 4.78 4.31 3.02 2.04 2.03 2.55 2.46 0.90 3.17 1.84 1.60 1.05 1.07 1.45 3.87 4.31 5.67 1.69 4.03 3.55
24.71 26.59 29.61 22.86 28.23 28.02 22.13 24.69 24.98 27.01 31.62 28.27 23.26 20.26 18.86 19.60 17.38 18.87 17.09 17.25 19.89 20.83 20.12 18.94 17.17 17.68 21.64 21.13 20.21 16.84 27.36 30.96 32.00 28.20 20.02 15.54 13.32 11.10 9.62 7.93 7.20 7.39 7.25 5.65 5.52 6.15 7.29 6.80 7.30 6.71 6.97 7.41 8.41 8.41 8.31 7.90 5.66 3.40 3.03 2.77 2.24 2.07 2.05 0.49 0.63 1.46 2.44 2.61 2.68 2.96 3.37 3.31 2.99 2.66 2.76 3.05 3.01 3.57 6.60 1.75 3.88
17.60 18.51 27.50 31.78 30.35 28.56 28.31 27.11 27.65 30.36 18.86 20.43 17.65 14.86 14.87 16.30 17.98 14.94 12.35 13.27 15.16 18.65 19.72 21.71 19.45 18.02 18.88 17.60 13.31 13.14 23.26 26.03 26.79 26.59 23.60 21.28 17.67 14.47 11.05 9.41 7.88 2.85 3.33 4.46 5.11 5.55 5.97 5.44 7.09 7.56 7.82 7.34 6.94 6.79 5.67 4.54 1.66 1.70 1.51 1.98 2.42 0.93 1.39 2.04 2.51 3.34 4.98 4.96 4.17 5.13 7.21 5.48 5.29 5.20 5.34 5.93 3.91 5.10 5.27 6.95 3.33
30.37 31.67 31.07 32.05 29.87 29.84 31.26 29.16 28.44 18.11 19.36 15.41 15.15 13.32 14.46 14.53 13.74 11.34 10.96 12.40 14.61 21.49 23.09 22.48 20.86 17.50 15.80 14.79 13.13 18.47 22.58 22.69 22.88 23.72 25.06 21.40 19.55 20.20 17.10 10.69 7.31 6.88 7.28 7.03 5.71 7.71 5.74 4.72 6.77 6.02 2.76 2.30 1.79 1.47 1.38 0.99 0.67 0.15 0.91 1.51 2.47 2.83 3.06 3.42 3.44 4.64 4.55 4.74 4.92 4.85 4.68 4.48 4.30 4.89 4.85 3.93 4.39 5.72 5.56 5.76 6.77
34.88 32.58 28.60 28.76 29.81 29.67 23.94 25.64 22.13 19.87 15.02 14.67 12.80 12.34 11.93 10.02 8.93 11.40 12.78 16.48 20.20 24.40 22.72 19.59 17.39 15.17 12.75 13.11 13.54 17.12 19.99 18.47 14.80 22.84 23.53 19.88 18.11 21.03 20.59 17.85 14.73 12.26 10.91 9.00 9.57 5.04 3.40 4.96 1.03 0.74 0.68 0.62 0.39 0.57 0.72 0.94 0.90 1.88 2.41 2.91 3.82 3.81 3.59 3.54 3.80 3.89 4.10 4.60 4.66 4.16 3.83 4.00 4.75 4.52 3.77 3.87 4.16 4.48 4.49 5.72 6.64
36.25 32.68 30.68 34.39 28.66 23.94 17.12 20.45 15.70 15.45 14.29 12.33 10.99 9.85 5.47 13.26 15.37 17.20 18.17 20.39 21.76 24.01 20.71 17.90 14.32 13.79 12.24 13.08 15.81 16.55 16.35 16.70 9.43 23.61 23.38 15.06 16.80 18.76 19.43 23.25 18.92 12.33 9.77 8.37 8.33 6.46 6.47 1.70 0.80 0.63 0.36 0.33 0.69 1.28 1.37 1.13 1.85 2.50 2.27 2.51 3.15 3.41 3.30 3.12 3.17 3.20 3.02 3.05 3.53 3.93 4.63 6.83 4.19 4.23 5.75 4.26 3.62 3.55 5.44 5.59 6.11
36.68 34.31 30.51 26.14 22.97 23.07 19.59 15.93 13.54 14.54 13.09 11.66 10.58 7.82 15.56 17.21 20.86 23.27 24.48 23.00 19.05 22.65 21.06 16.75 16.23 16.56 13.90 15.08 15.72 8.08 19.12 11.60 12.67 19.84 25.28 15.92 8.50 15.82 17.75 19.96 9.25 13.65 6.53 6.37 7.02 6.02 2.69 1.43 1.41 1.19 1.02 1.18 1.24 1.17 1.06 0.93 0.85 1.34 1.31 1.30 1.69 2.37 2.84 2.81 1.90 2.31 3.00 3.57 6.51 6.85 6.19 3.71 3.89 4.06 4.07 4.41 4.62 5.00 3.50 4.03 5.28
37.91 34.54 27.29 22.52 22.61 14.39 12.13 14.32 14.42 14.34 12.87 10.25 9.70 12.81 19.24 23.19 21.90 23.41 22.41 19.98 18.22 19.60 18.98 19.03 19.29 18.00 15.37 13.70 8.07 10.19 22.90 14.07 15.20 24.19 29.40 15.90 9.30 15.52 16.87 16.13 15.29 11.76 9.80 6.15 4.63 5.95 4.91 3.25 3.46 3.86 3.14 2.44 2.27 2.27 1.94 1.58 0.19 0.90 1.13 0.91 0.94 1.24 1.89 2.47 2.45 2.05 1.89 2.05 2.28 2.50 2.74 2.99 3.37 4.21 4.47 5.25 3.69 3.72 4.29 5.10 4.16
37.98 31.78 25.45 23.52 16.01 16.82 18.28 17.67 16.03 16.00 11.44 14.07 14.99 18.41 17.19 23.53 20.44 20.57 18.40 17.95 19.01 18.55 17.92 20.46 17.58 15.18 13.47 10.94 8.41 13.35 24.68 16.41 16.53 27.73 31.45 16.15 19.30 17.97 16.64 14.99 13.39 11.28 9.10 8.98 6.26 4.19 2.48 3.40 3.81 3.57 2.97 2.62 2.57 2.78 2.89 2.29 1.25 0.46 1.26 1.49 1.14 1.26 1.50 2.11 2.49 2.62 1.70 2.90 4.54 1.78 1.93 2.43 2.57 2.40 2.23 4.01 3.88 4.04 4.31 3.13 4.48
35.70 29.27 24.56 22.79 21.16 21.29 19.67 18.90 19.64 18.49 18.03 22.51 27.12 25.58 24.18 21.78 19.73 17.21 15.90 17.67 19.26 17.79 15.34 8.69 18.59 12.19 8.32 9.63 13.86 23.97 26.47 17.41 16.77 27.09 27.88 17.57 21.76 19.37 16.52 16.24 14.29 11.57 8.13 6.80 8.27 5.45 4.07 0.76 1.35 2.55 2.56 2.45 2.32 2.53 2.34 2.34 1.78 0.49 0.74 0.76 0.64 4.18 1.13 2.19 2.48 2.45 2.65 3.15 1.33 0.60 3.40 3.60 3.42 3.14 2.44 1.99 2.13 2.44 2.87 3.57 5.06
34.48 33.36 29.22 27.18 25.50 26.03 24.63 23.31 23.77 21.31 25.05 18.05 27.49 23.14 20.36 19.87 18.51 14.91 14.32 16.93 18.79 20.23 17.20 20.62 18.96 11.01 12.82 19.23 22.55 24.62 26.20 21.41 14.55 24.80 16.74 17.22 16.52 14.92 13.14 11.64 12.73 10.82 8.04 6.25 6.58 7.68 8.50 7.40 5.89 1.83 2.09 2.68 2.65 2.53 3.32 3.09 3.01 2.00 1.66 1.16 0.66 1.29 2.25 2.73 2.85 2.96 1.02 1.61 1.91 2.07 2.27 2.79 3.28 3.49 3.37 3.34 5.43 3.26 3.45 3.30 3.71
37.29 36.37 32.06 32.35 34.37 31.12 28.50 23.45 25.08 25.41 18.62 14.97 24.51 21.82 16.34 15.83 15.64 12.19 13.46 16.46 20.18 22.23 21.45 20.90 19.11 18.28 21.15 21.31 18.72 20.61 24.72 17.53 13.17 22.44 16.25 16.91 21.57 22.54 14.99 13.65 15.99 12.90 7.62 5.05 4.15 5.41 6.58 6.32 5.61 5.38 1.97 3.09 2.73 3.13 4.04 4.59 3.97 3.28 3.14 2.92 2.28 2.15 2.79 3.81 4.60 4.85 4.30 3.79 3.97 4.06 5.28 5.52 5.16 0.08 2.94 1.71 0.58 2.80 0.69 2.40 3.68
39.65 35.89 34.13 35.12 26.06 28.38 24.29 24.16 31.15 31.82 16.61 12.39 24.68 21.12 16.57 14.47 15.30 12.76 15.53 20.24 22.29 22.90 20.87 18.05 16.37 17.44 17.10 14.92 13.39 18.85 23.84 12.88 12.98 19.96 22.87 15.86 20.03 16.97 19.16 19.04 16.45 16.50 9.88 5.55 2.00 0.79 4.57 6.04 5.34 4.06 3.77 1.36 4.17 2.75 3.66 4.39 3.76 2.87 3.07 3.63 3.83 4.89 3.12 2.38 2.42 1.94 4.15 4.95 2.92 1.51 1.93 1.75 4.20 4.45 1.00 1.58 1.80 3.80 5.51 2.75 5.79
38.72 32.84 26.70 26.06 23.26 22.23 18.69 28.95 22.96 24.11 13.20 22.52 11.74 22.18 15.95 15.37 16.09 14.18 20.02 24.37 22.76 21.99 19.86 15.53 13.74 14.97 12.28 9.92 12.58 19.34 19.79 13.55 10.47 17.70 24.48 17.57 20.09 19.04 24.43 17.48 15.51 13.83 14.38 6.75 4.18 1.69 0.52 0.60 0.45 4.23 3.77 2.55 1.90 2.84 3.29 4.75 4.31 2.91 2.36 2.78 0.53 2.79 2.37 2.61 2.58 2.60 3.51 1.61 1.65 1.92 2.26 1.49 3.38 4.19 1.13 1.71 2.44 2.92 3.14 3.85 5.11
32.94 31.80 24.66 19.92 17.17 13.30 17.50 28.46 22.91 18.57 17.16 17.64 18.64 18.75 13.95 12.27 10.95 8.64 23.27 25.96 21.41 20.37 16.50 11.50 12.41 14.05 10.06 8.69 16.51 21.18 15.94 8.83 9.16 12.61 14.77 12.21 20.07 21.29 23.15 19.59 18.28 15.28 14.95 11.55 6.11 4.00 1.67 2.29 1.61 2.10 1.57 4.36 1.65 2.02 1.75 5.99 6.51 2.15 2.28 2.74 2.60 2.02 2.70 2.95 3.04 3.15 2.98 2.40 2.16 2.17 2.24 2.30 3.27 1.94 2.14 2.69 3.32 3.89 4.25 5.88 6.21
28.68 23.77 24.65 10.81 15.33 19.70 30.37 19.68 12.95 18.38 11.69 13.31 16.00 14.90 9.90 4.78 13.12 19.49 19.11 19.18 20.49 19.70 11.90 8.06 12.94 10.53 6.55 9.89 18.09 17.87 9.66 9.88 12.19 14.31 14.04 11.58 23.40 21.47 12.23 19.13 18.47 16.63 14.34 14.58 10.98 6.25 5.27 3.91 2.52 2.18 1.78 1.51 1.18 1.05 3.61 1.88 2.96 2.33 2.46 2.99 1.80 2.09 3.74 3.36 3.09 2.72 3.11 2.70 2.26 1.88 1.61 3.97 2.72 2.80 3.13 3.85 4.15 4.33 5.07 5.50 4.49
26.95 22.40 16.98 19.77 20.86 24.76 14.62 15.56 19.35 15.12 12.68 13.68 12.78 2.38 5.17 12.42 19.31 22.51 18.35 14.63 19.42 16.43 11.36 14.46 14.25 7.54 6.32 13.20 17.25 13.27 10.29 12.70 15.63 16.96 25.91 11.88 22.60 24.93 22.28 13.41 15.35 17.75 11.05 13.38 11.76 11.88 10.13 7.94 4.17 3.60 2.94 2.53 2.73 3.34 3.53 3.20 3.05 3.07 3.11 3.03 3.18 3.56 3.71 3.72 3.76 3.62 2.83 2.63 3.24 3.67 1.74 2.50 3.27 3.85 4.07 4.40 4.45 4.37 4.91 5.03 5.42
25.42 21.21 24.32 23.97 29.19 15.25 8.13 18.89 16.65 6.46 3.14 3.17 3.18 5.20 13.86 20.49 25.14 23.33 17.28 14.16 20.50 19.76 17.48 17.21 11.33 6.53 9.57 14.02 11.84 8.32 13.67 15.18 17.12 18.09 25.56 21.47 11.76 22.28 20.53 19.39 15.14 18.14 16.28 15.29 14.64 10.34 9.38 4.42 4.57 4.39 6.00 2.24 3.27 3.45 3.55 3.66 3.88 3.95 3.61 3.22 3.11 3.46 3.95 4.04 3.81 2.12 2.61 2.54 2.98 3.11 3.11 3.44 3.82 4.14 4.32 4.34 3.96 3.95 4.59 4.53 4.46
22.33 30.95 23.46 26.87 24.76 9.03 4.06 15.58 5.47 4.66 1.45 3.20 13.42 18.21 22.68 27.15 27.34 22.14 16.59 14.36 20.74 21.10 19.29 12.57 9.73 8.66 10.05 9.75 8.32 11.32 16.03 17.87 16.71 19.20 26.12 25.52 11.04 19.99 19.62 20.35 17.70 18.40 16.63 14.96 15.25 12.24 11.31 9.70 2.28 7.04 6.35 6.87 6.84 5.21 4.17 4.50 4.73 4.74 4.61 4.12 3.57 3.42 3.75 4.02 3.68 3.06 2.63 2.79 3.46 4.02 4.16 4.01 3.76 3.82 3.41 3.33 4.27 4.27 4.05 3.83 3.92
30.75 29.13 20.39 23.41 19.88 17.43 17.64 10.24 3.86 0.45 5.82 18.00 22.00 24.83 27.91 29.65 26.42 20.44 16.27 27.25 23.17 21.19 21.55 18.18 14.46 11.40 9.90 8.94 9.96 14.20 17.53 16.79 15.17 20.76 27.27 24.01 21.10 18.80 18.30 16.91 17.66 18.05 16.02 14.40 15.56 13.93 10.56 8.93 6.88 5.59 5.12 6.10 7.06 3.79 3.87 4.32 4.80 5.28 5.49 5.27 4.97 4.61 4.12 3.49 3.04 2.90 2.97 3.15 3.56 4.16 4.22 3.96 3.66 3.74 3.22 4.28 3.93 3.79 3.54 3.32 3.37
27.49 18.49 10.76 8.82 13.47 7.81 6.53 3.72 2.90 16.25 22.26 24.69 25.63 27.89 30.52 29.53 24.26 18.92 15.50 26.97 25.76 24.21 22.68 20.50 15.15 12.67 10.15 8.78 11.21 15.16 17.49 15.61 17.22 23.83 22.99 22.79 19.58 20.43 17.62 16.81 17.29 20.55 20.88 15.27 15.16 14.51 12.13 10.48 8.58 6.44 6.58 6.66 8.48 3.02 2.86 3.62 4.65 5.46 5.63 5.19 4.98 5.25 5.30 4.61 3.71 3.29 3.32 3.47 3.77 4.37 4.31 3.69 3.55 3.90 1.91 3.89 3.28 3.27 3.35 3.29 3.23
12.70 14.63 9.52 1.38 3.12 2.80 1.01 8.21 22.80 28.02 29.08 28.81 30.06 32.51 32.18 27.78 21.65 21.21 19.32 26.37 25.75 24.97 21.87 20.31 16.14 14.33 9.20 8.73 13.26 15.85 16.27 20.26 19.44 25.82 22.18 20.97 18.63 16.41 15.77 15.46 17.51 20.54 19.63 18.50 15.16 14.46 14.18 11.08 3.72 8.84 6.17 6.05 6.46 7.97 2.08 2.99 4.65 5.60 5.82 5.26 4.72 4.98 5.44 5.32 4.63 3.94 3.58 3.56 3.94 4.60 4.43 3.51 3.30 3.83 4.07 3.49 2.84 3.03 1.97 1.86 1.32
18.21 20.97 14.77 8.74 13.61 15.88 21.14 28.14 31.54 31.44 30.53 31.75 33.35 32.16 27.79 22.92 17.65 19.39 27.07 25.57 16.75 20.67 21.10 22.34 17.25 12.14 7.31 9.93 11.97 14.09 17.23 23.46 21.74 22.99 21.74 18.73 15.69 15.89 15.45 12.07 16.02 19.17 20.21 20.35 16.93 17.54 13.59 11.75 5.12 2.73 9.11 6.38 6.23 7.30 1.87 2.46 4.35 5.81 6.24 5.63 4.94 5.02 5.38 5.31 4.97 4.46 3.84 3.66 3.99 4.58 4.53 3.63 3.21 3.51 3.85 3.62 3.08 3.39 4.12 4.37 4.54
24.29 19.13 14.77 17.13 21.82 27.49 32.10 33.89 32.60 30.95 30.78 31.27 29.62 25.36 21.77 18.81 19.49 19.02 24.30 26.33 26.20 14.38 23.19 23.60 16.64 10.76 5.92 10.47 15.82 18.16 19.61 24.08 23.48 21.35 21.03 17.72 12.19 17.46 14.34 10.60 13.94 18.84 21.63 20.49 18.35 18.81 15.52 14.23 14.47 5.65 3.50 7.67 7.79 2.94 1.28 2.02 3.78 5.75 6.72 6.25 5.40 5.20 5.23 5.08 5.07 4.72 4.07 3.92 4.21 4.62 4.64 1.83 1.31 3.50 3.82 0.54 3.81 3.98 4.38 4.40 4.43
18.03 18.82 18.32 25.10 30.56 34.49 35.78 34.87 32.88 31.37 32.46 28.91 25.69 22.45 20.53 17.93 19.61 19.01 26.29 27.18 22.48 13.31 16.52 23.73 18.67 10.90 5.79 12.18 16.02 22.46 23.51 24.78 22.05 18.20 18.32 16.66 11.22 15.26 13.45 9.31 13.76 15.63 17.03 13.92 14.93 19.08 17.79 17.69 15.52 7.58 5.91 9.52 9.04 7.56 0.43 0.75 2.42 4.87 6.81 6.97 6.12 5.43 5.06 4.77 4.84 4.68 3.99 3.74 4.28 4.91 2.03 1.72 1.84 3.53 3.65 3.95 4.18 4.28 3.70 3.31 2.86
20.61 23.59 26.88 31.47 35.38 36.37 37.19 34.19 32.16 30.47 28.74 26.26 23.84 21.91 20.26 17.47 19.65 27.26 25.55 28.24 23.67 21.93 24.14 20.16 17.97 5.42 6.38 13.55 19.21 23.95 22.62 21.01 22.49 17.38 15.86 14.88 13.16 15.37 12.53 8.05 10.13 10.84 14.99 14.58 12.55 10.45 12.93 15.46 14.72 14.98 11.39 12.08 9.57 6.69 7.42 2.98 0.18 3.02 6.17 7.71 7.10 5.66 4.86 3.10 4.51 4.43 3.62 3.15 4.07 5.23 5.18 4.68 1.26 3.92 1.33 3.66 4.21 4.25 2.36 2.46 2.54
22.52 22.77 24.34 31.52 34.41 33.80 32.35 30.45 28.90 27.96 26.25 24.10 22.37 20.61 24.89 16.73 19.85 26.09 25.72 26.93 24.50 22.68 21.09 19.13 17.69 4.63 12.60 14.75 22.25 23.07 17.69 22.51 21.56 18.66 16.94 13.09 12.30 13.74 13.35 7.38 7.56 11.97 13.74 14.51 13.80 12.33 13.94 17.30 17.44 16.80 14.70 13.53 10.83 8.19 4.27 9.07 3.29 0.79 4.65 8.04 8.41 6.35 4.87 4.33 4.16 4.03 3.31 2.69 3.52 5.02 5.56 5.35 2.29 4.62 4.28 1.33 2.23 0.74 3.75 3.48 3.57
21.85 19.19 25.41 31.26 31.55 29.54 27.81 26.68 26.21 29.88 24.39 23.10 21.46 19.74 19.36 17.14 20.65 24.84 26.36 26.24 25.54 24.53 20.13 18.87 15.48 5.54 14.78 15.30 23.64 19.81 14.22 19.97 22.18 18.61 16.88 12.14 13.44 16.12 13.33 7.34 10.57 11.11 12.30 13.60 14.34 14.20 19.75 16.58 17.13 13.04 11.73 15.51 12.53 7.34 6.87 5.65 6.75 1.47 2.51 6.74 8.99 8.14 6.13 4.71 4.08 3.71 3.20 1.47 3.08 4.37 5.49 5.89 3.27 2.93 2.20 1.89 1.90 1.15 4.35 1.67 4.37
20.19 22.21 29.00 30.42 29.76 27.05 25.21 29.51 29.18 29.16 28.40 27.91 26.26 24.57 20.53 17.67 21.71 24.99 25.76 25.99 24.23 22.88 17.37 15.37 9.27 8.13 12.56 21.12 24.89 17.41 16.36 23.86 22.12 18.26 15.06 14.46 15.29 15.46 12.54 10.66 9.13 12.95 10.93 15.24 13.94 13.69 13.39 19.75 19.37 17.54 13.16 10.91 11.71 9.27 10.14 8.24 7.34 7.78 3.28 4.00 7.67 9.03 8.00 6.30 4.95 4.09 3.47 3.07 0.81 4.10 5.25 6.08 2.91 1.92 1.58 1.98 2.27 1.86 1.53 0.80 4.77
