examples/cougarCreek-fire/createInputs/farsite/7a-cougarCreek-polygonIgnit/cougarCreekFire_08-13-2015_0700_217m_non_neutral_stability_ang.asc
ncols	146
nrows	140
xllcorner	610065.000000
yllcorner	5095217.000000
cellsize	216.586807
NODATA_value	-9999.000000
[rows 43 to 85 of 140, columns 0 to 95 of 146]
290 288 304 289 291 296 324 321 329 338 333 330 323 326 330 344 360 24 39 43 18 346 350 11 49 73 53 36 32 336 297 268 238 219 204 197 193 196 196 193 204 225 232 225 212 213 224 232 253 294 308 301 336 350 342 336 313 304 233 188 175 149 140 143 144 142 145 145 99 141 99 98 92 85 83 162 170 185 18 93 108 173 207 183 133 115 100 86 75 75 83 248 240 221 205 189
292 293 293 309 309 315 321 325 330 327 325 318 325 339 338 354 352 10 32 24 5 348 359 16 34 33 23 26 28 335 320 299 278 254 231 213 198 187 186 186 190 198 196 175 168 186 223 252 279 262 234 251 275 270 242 211 175 150 140 140 138 134 132 108 109 104 101 101 101 99 100 102 95 85 84 89 85 78 192 41 93 125 214 204 136 115 106 89 72 64 64 276 315 250 319 299
310 306 311 315 313 320 320 326 325 316 292 318 342 351 349 353 353 28 50 36 8 355 358 5 18 19 18 33 26 333 323 311 296 276 259 246 225 195 187 192 190 163 138 127 133 179 213 224 258 311 255 196 180 172 163 155 131 131 133 135 130 100 91 85 69 63 230 200 85 163 236 195 195 219 224 207 88 197 205 241 60 99 205 216 151 116 106 90 68 56 59 41 270 269 316 194
290 291 292 312 315 319 318 320 315 290 317 334 357 347 349 355 13 58 48 29 359 348 346 350 7 17 29 46 27 353 331 318 303 288 274 261 250 235 218 196 182 180 184 191 183 222 219 206 203 171 135 128 128 128 127 125 117 92 81 78 77 70 60 49 39 257 72 77 286 89 94 96 99 254 250 306 99 237 222 229 304 80 120 211 171 123 109 92 60 54 334 52 271 241 160 156
287 289 291 316 318 316 297 316 314 312 329 350 359 359 12 41 306 312 24 6 350 337 340 351 11 25 43 50 28 359 341 321 295 295 277 264 264 262 246 229 202 214 223 230 252 226 208 195 140 127 121 122 124 124 118 112 75 36 27 40 33 38 10 350 43 55 326 355 86 95 101 0 237 242 277 294 109 116 107 231 262 68 76 147 166 129 112 89 67 69 65 55 119 348 142 137
285 287 297 312 299 296 285 317 319 323 344 350 358 12 357 306 318 322 8 359 347 335 343 7 22 35 51 46 34 17 348 328 282 301 278 262 269 280 273 285 278 262 270 252 254 230 209 152 134 119 112 106 107 107 88 45 25 18 25 40 52 59 59 58 59 77 89 92 23 30 226 254 247 264 266 266 296 119 260 226 232 306 67 72 100 116 114 108 119 114 82 72 359 126 345 341
285 288 291 291 294 310 318 327 323 335 343 352 0 345 309 352 354 356 350 359 350 342 354 14 15 31 40 40 40 333 353 310 296 298 285 268 263 284 284 301 268 295 278 270 230 237 149 124 107 89 72 69 74 76 48 1 343 352 32 46 56 63 67 70 331 303 292 257 263 260 249 179 209 211 214 230 239 234 119 172 216 249 69 71 73 91 115 133 140 143 136 122 116 348 354 343
286 287 286 291 315 320 317 325 329 338 359 3 355 354 343 342 346 347 353 4 356 350 355 355 5 21 34 43 7 329 351 319 304 308 297 274 268 286 285 292 294 287 294 305 276 125 57 73 69 59 53 62 74 81 98 269 304 334 353 8 54 62 72 83 87 88 94 97 96 96 96 98 100 192 219 189 106 107 113 228 111 92 79 79 83 92 105 122 143 155 159 151 134 122 114 111
283 283 290 316 322 323 327 332 334 351 340 312 350 344 306 340 345 349 0 6 358 358 356 343 6 31 54 58 349 329 351 325 308 315 302 276 281 290 286 284 280 276 276 291 319 336 54 63 75 73 73 77 83 92 119 258 292 356 340 350 5 19 69 79 85 88 12 92 291 31 72 38 18 55 26 108 107 108 115 292 115 103 86 90 272 96 99 103 126 150 155 152 145 133 124 116
282 283 298 322 323 326 330 333 338 351 351 340 334 332 332 338 347 356 2 1 357 6 5 335 15 57 55 3 335 347 348 328 311 315 297 274 285 289 284 282 273 268 263 267 286 290 318 99 92 89 86 84 79 80 105 275 294 324 352 358 6 319 26 74 81 89 96 97 33 40 96 102 104 108 110 109 108 109 113 110 272 94 94 102 102 190 278 99 109 124 129 136 146 145 137 126
286 296 319 328 328 330 332 332 342 345 335 301 326 330 340 345 350 7 1 357 353 0 358 351 36 44 14 3 350 340 340 348 311 313 279 272 274 270 266 265 266 258 252 253 264 272 277 287 343 44 91 88 84 77 44 284 289 333 358 8 17 25 39 46 45 47 106 44 33 32 50 57 52 42 26 4 288 227 283 111 102 103 329 247 214 102 98 106 106 98 90 100 124 138 139 128
289 301 322 323 326 327 340 336 341 339 299 294 332 350 3 357 359 15 5 359 352 355 0 3 24 24 5 355 351 337 336 352 308 311 277 278 305 297 278 278 278 262 242 233 230 239 248 250 246 257 47 48 81 70 14 304 295 343 24 33 36 38 52 45 29 37 54 51 28 5 292 317 41 120 53 79 116 119 346 321 295 286 245 121 116 210 98 220 105 98 99 344 105 125 134 131
283 297 320 318 308 329 344 332 327 327 293 288 349 1 7 349 353 356 341 341 341 346 354 8 22 12 5 10 359 336 337 334 306 307 288 275 317 302 299 297 292 284 250 206 196 192 217 230 241 254 266 269 40 63 351 300 274 175 63 70 66 343 263 196 126 123 258 337 188 121 119 114 181 22 127 129 25 307 198 111 198 226 105 123 120 114 113 106 98 91 98 110 110 104 115 122
276 290 316 314 316 355 343 323 301 312 288 345 298 360 18 358 339 340 324 326 333 338 352 13 25 19 34 41 356 329 335 346 298 300 286 271 314 299 297 299 296 293 277 210 200 189 184 182 185 229 271 295 290 33 299 309 297 272 272 273 187 151 140 138 138 136 167 117 118 122 124 165 183 176 119 123 124 117 105 117 233 110 113 123 122 268 117 110 99 103 113 215 104 190 243 90
281 289 321 330 349 350 300 308 303 313 348 24 339 1 39 3 351 310 297 312 331 334 355 27 27 23 51 24 343 332 343 321 265 264 261 256 315 295 280 301 297 294 292 269 237 192 186 172 177 175 181 241 241 274 247 276 261 183 181 169 164 170 144 144 142 139 131 125 126 129 131 130 174 118 115 114 107 91 97 214 207 195 196 224 123 115 113 112 109 120 128 228 238 220 97 212
290 292 338 310 297 294 316 293 287 351 86 36 333 59 104 218 246 263 267 281 338 341 29 54 27 43 76 18 332 336 331 263 271 269 262 255 304 294 243 307 291 285 290 293 273 207 194 188 177 159 175 185 211 235 235 188 168 174 163 153 171 171 161 169 176 181 133 131 130 130 128 151 119 113 104 91 75 73 222 213 137 127 182 185 189 198 244 114 291 122 129 123 116 111 106 267
292 298 326 306 306 325 280 295 340 54 86 24 88 199 218 249 268 274 270 259 339 344 17 17 19 75 83 3 338 354 253 264 306 294 293 251 284 300 297 292 296 294 284 298 303 304 297 282 238 205 146 140 145 150 149 149 158 164 161 155 149 143 141 140 135 133 178 178 171 155 118 116 113 102 82 74 81 102 222 200 197 126 187 179 174 113 190 207 226 253 126 126 276 268 114 260
289 297 359 348 341 286 262 339 56 162 203 203 219 237 272 280 281 278 268 259 339 339 351 359 46 86 48 2 3 336 257 298 303 295 299 278 249 294 300 301 291 298 295 297 305 305 309 229 235 215 277 194 130 134 139 141 149 155 152 147 145 142 142 140 136 174 155 126 120 115 108 103 99 90 87 95 234 232 115 118 121 210 207 210 216 216 225 217 230 251 264 301 124 278 299 270
287 322 357 334 326 265 243 40 173 180 210 234 277 287 293 292 289 282 274 269 340 335 354 19 58 64 44 29 351 312 310 309 299 291 296 290 246 287 301 298 293 293 294 289 292 299 305 307 219 296 284 281 279 265 126 123 126 134 133 133 135 137 140 138 133 127 123 118 113 107 102 98 98 96 234 236 109 112 119 123 125 126 128 129 131 132 249 244 246 246 245 260 120 311 111 113
323 356 5 330 328 331 333 107 191 218 255 292 299 300 299 297 295 293 290 324 348 338 339 1 29 40 37 31 353 327 316 313 262 294 289 291 285 283 299 293 294 290 297 299 292 298 293 287 287 277 269 273 298 123 126 126 131 134 129 125 126 128 128 125 119 111 105 102 99 98 100 104 104 102 228 108 120 125 127 127 126 127 129 130 255 253 256 258 252 252 251 251 258 265 282 309
26 18 336 322 11 321 189 207 247 295 305 308 307 306 305 303 303 305 306 336 341 342 341 357 21 28 33 25 350 336 329 271 269 295 280 291 291 290 295 293 292 287 294 302 296 300 304 302 296 277 277 286 304 128 135 141 144 143 136 129 128 128 120 109 102 97 94 93 97 102 104 104 103 104 247 122 134 136 135 135 134 133 135 264 251 240 245 255 253 254 254 247 233 237 249 241
13 22 356 264 249 241 252 288 309 313 316 317 315 313 312 310 311 316 329 339 333 349 348 358 12 19 31 18 344 339 317 325 300 303 287 292 296 287 291 293 293 283 276 298 301 297 308 307 255 299 273 269 278 309 144 151 149 148 142 138 135 135 128 115 106 99 98 101 107 111 110 111 117 122 124 131 140 140 231 233 246 263 265 268 278 276 268 272 269 259 257 264 265 278 279 284
349 30 11 331 318 315 316 317 318 318 319 321 318 316 313 310 314 325 357 337 326 5 351 353 9 22 37 316 353 338 327 324 317 307 295 295 296 291 298 292 290 283 273 288 297 298 306 304 262 248 287 264 276 312 149 156 151 151 148 147 144 142 136 126 117 109 107 109 113 118 118 122 131 135 130 126 128 128 127 130 136 137 218 225 230 242 250 256 258 257 262 237 226 250 236 355
37 28 11 328 326 326 324 322 321 320 320 318 315 312 309 308 315 334 1 345 342 15 334 343 8 27 360 321 307 306 325 319 320 313 304 301 295 296 299 254 283 285 266 273 287 293 302 300 309 222 251 285 300 176 155 157 152 150 151 152 150 147 140 132 126 118 113 113 115 120 124 232 244 137 128 202 117 112 112 118 129 138 136 202 190 131 129 126 214 237 212 37 243 278 297 354
31 18 354 331 327 327 327 326 325 324 333 319 315 313 312 314 316 340 1 351 3 330 333 345 5 27 2 321 349 341 329 323 320 320 316 309 300 294 302 253 290 287 249 241 257 278 287 291 278 265 247 284 303 304 168 162 150 148 153 158 155 151 147 142 137 127 118 117 118 120 196 226 252 137 129 122 119 116 118 128 144 252 239 247 259 252 231 226 230 203 39 263 298 8 359 338
19 11 337 329 326 327 338 328 328 327 324 322 319 317 316 319 321 357 357 350 3 354 343 354 2 21 348 319 341 338 334 319 323 328 324 315 317 307 306 258 290 255 246 246 246 244 260 279 272 295 280 267 280 278 288 293 156 147 152 159 159 156 153 206 146 136 125 122 124 123 123 127 229 134 262 124 129 132 276 260 220 145 145 196 218 253 254 239 157 145 45 246 263 275 275 321
17 5 345 322 322 325 327 328 328 328 327 326 321 318 323 321 324 7 353 344 358 356 357 359 8 23 311 321 345 341 345 329 318 328 332 330 324 309 315 266 262 251 279 250 247 242 262 276 271 272 273 271 280 287 232 263 323 154 150 156 157 154 153 152 149 142 131 127 129 130 129 131 232 135 127 253 156 195 128 126 122 120 125 130 127 124 125 129 150 225 221 274 301 267 329 330
19 4 320 315 317 321 324 326 327 338 329 329 326 321 318 325 328 11 355 346 351 358 8 6 26 9 313 329 345 350 353 331 321 327 335 334 324 320 321 273 256 256 254 250 244 240 283 279 271 253 247 269 283 289 271 220 232 58 153 152 153 151 149 148 147 143 135 169 131 135 136 139 243 263 262 259 259 171 121 170 117 114 114 116 117 112 97 65 8 327 306 307 305 312 325 286
347 333 318 329 316 319 323 338 339 338 341 343 341 331 319 329 334 13 357 351 348 2 16 8 15 358 334 341 343 354 353 334 325 334 338 334 325 323 328 262 277 305 251 295 244 243 238 278 281 278 257 247 280 294 293 250 220 234 158 151 151 152 148 143 141 138 134 130 190 133 138 141 240 248 260 279 330 191 139 166 115 114 312 106 100 79 45 17 360 352 339 336 337 334 330 330
341 328 318 333 318 321 324 340 339 339 344 345 333 329 325 337 340 16 360 353 353 13 21 10 12 325 341 345 350 357 351 333 326 345 350 340 325 325 334 268 287 311 253 251 250 245 283 241 265 253 250 249 286 263 260 271 222 166 304 156 154 156 154 145 138 134 131 127 124 126 148 198 241 230 241 124 60 87 78 83 148 253 318 98 95 69 18 2 352 346 337 339 303 345 339 331
327 322 336 332 320 323 325 340 337 339 343 345 331 329 329 344 344 17 8 353 0 25 14 4 7 324 354 354 347 357 346 332 329 355 327 339 321 315 339 274 297 317 262 260 286 247 241 300 300 299 255 262 290 187 289 237 231 164 155 155 157 159 159 152 143 138 133 128 125 123 182 210 246 254 266 307 43 50 48 65 137 261 294 77 71 305 325 332 324 317 311 317 335 344 302 295
338 336 333 332 319 322 338 338 337 340 343 344 341 323 327 345 344 31 16 353 14 5 11 12 332 326 352 354 346 349 339 333 341 342 330 340 325 321 344 283 278 315 319 265 258 250 240 287 309 304 292 289 288 305 198 285 241 162 154 88 159 163 163 156 148 142 138 334 314 37 77 5 335 328 317 323 35 43 44 119 34 266 285 299 350 306 305 291 297 315 307 302 307 330 291 330
326 332 347 330 331 335 339 338 339 346 347 321 337 320 325 343 347 24 5 357 21 3 7 5 330 4 358 4 358 354 343 337 359 338 350 334 326 335 344 319 284 317 316 268 261 307 244 234 305 289 302 301 298 283 200 278 299 271 235 281 161 166 165 159 149 143 139 137 220 341 41 21 349 345 1 353 11 44 35 27 11 273 263 282 300 313 306 309 291 291 312 309 300 307 292 288
330 340 332 328 330 336 343 340 344 333 330 324 323 338 329 344 7 28 7 5 18 360 5 328 4 0 4 2 353 358 349 344 349 340 338 319 329 343 345 322 312 320 321 297 265 259 290 268 299 320 316 310 315 274 280 280 291 278 241 241 108 166 167 161 152 144 141 226 139 276 1 15 6 358 21 48 1 45 35 312 309 282 65 21 302 320 306 309 299 326 316 294 312 308 321 294
328 338 330 329 333 342 347 342 355 334 333 330 331 335 336 350 18 24 11 15 17 7 358 356 346 2 3 1 360 4 355 348 349 352 338 322 329 347 349 324 333 326 326 304 272 266 316 239 291 324 324 318 326 298 283 276 287 241 166 162 300 169 169 161 155 188 157 180 223 248 306 350 14 3 28 123 48 19 124 10 327 330 308 307 313 326 309 294 299 292 325 324 293 317 311 319
337 339 331 330 337 345 350 342 349 331 331 331 335 334 341 355 24 25 19 19 3 330 352 330 334 1 1 2 2 7 349 344 352 345 338 315 330 347 340 326 323 324 328 308 314 268 305 305 287 322 323 316 332 304 259 265 278 294 273 218 239 79 170 161 155 193 149 235 148 144 140 274 323 341 26 119 116 117 122 309 347 65 327 312 313 330 310 310 310 313 303 331 334 291 318 303
333 340 333 331 337 356 348 341 352 327 343 327 347 334 344 339 28 340 22 334 331 328 348 330 337 3 4 5 0 4 1 341 346 349 337 323 320 348 347 327 323 322 323 309 274 334 321 316 302 288 322 307 321 41 193 193 179 289 293 227 164 251 359 88 155 153 149 149 150 146 135 129 126 310 5 28 113 111 110 90 326 26 341 325 312 329 307 308 319 319 319 309 299 293 291 312
339 340 333 331 340 348 342 350 350 346 324 356 328 333 347 13 345 341 337 333 330 1 327 332 339 3 7 9 359 357 1 349 350 357 336 327 330 352 347 330 334 330 317 323 307 312 339 219 222 220 311 294 314 184 206 204 176 159 91 169 162 163 162 287 158 158 151 148 153 155 143 126 118 114 306 337 101 101 1 66 307 336 334 333 309 313 305 298 303 304 313 317 312 293 310 294
339 338 334 318 347 350 347 342 345 348 329 330 326 334 349 22 342 340 335 332 358 340 329 337 342 359 14 5 352 347 1 359 357 352 339 334 343 352 344 333 337 327 328 313 315 338 348 224 234 228 194 292 335 202 231 215 172 156 162 165 160 160 158 154 351 162 159 152 157 165 155 304 117 104 91 73 65 81 90 75 14 318 341 317 323 302 306 313 321 293 304 307 317 293 310 305
340 339 335 331 354 347 348 326 340 340 332 331 327 334 346 17 340 338 332 0 353 329 331 340 346 5 15 327 351 342 1 355 356 346 344 336 350 359 338 333 337 325 316 316 306 331 344 221 232 314 274 153 172 239 245 199 169 161 161 163 318 160 157 151 150 158 164 313 165 300 163 138 4 99 82 70 329 68 347 94 46 8 329 323 296 321 304 295 302 321 311 301 318 319 300 306
341 340 336 338 346 345 346 324 341 341 332 329 329 337 355 340 338 336 332 357 348 328 335 343 345 15 13 5 354 338 4 355 345 350 353 349 0 0 345 338 329 330 331 322 321 318 352 218 225 329 315 329 213 246 218 179 170 352 351 164 162 321 159 151 143 271 162 342 180 182 165 142 359 12 319 79 313 341 337 161 44 17 301 328 340 334 323 308 295 297 308 301 303 317 320 302
344 339 340 346 344 346 324 325 345 346 332 327 339 340 343 339 336 335 1 351 327 329 337 346 350 15 13 8 356 336 357 350 338 352 359 2 8 357 354 299 290 287 310 329 328 322 342 219 218 326 324 202 235 217 186 175 172 171 168 168 167 348 165 322 150 145 348 342 315 190 164 136 319 357 334 323 316 323 323 232 318 270 302 293 318 333 324 321 319 307 296 292 296 292 310 295
343 341 342 343 343 345 348 344 349 333 331 326 330 344 4 339 1 3 355 345 328 332 339 345 351 16 13 7 0 337 347 359 345 344 0 3 3 356 12 315 303 300 296 339 335 332 328 38 214 210 320 335 208 189 180 177 2 176 174 173 170 345 170 175 311 305 307 323 327 315 310 135 280 318 328 323 322 318 290 278 292 316 318 304 302 318 317 308 317 320 308 299 300 285 294 285
