examples/cougarCreek-fire/createInputs/farsite/7a-cougarCreek-polygonIgnit/cougarCreekFire_08-11-2015_2000_217m_non_neutral_stability_vel.asc
ncols	146
nrows	140
xllcorner	610065.000000
yllcorner	5095217.000000
cellsize	216.586807
NODATA_value	-9999.000000
[rows 105 to 139 of 140, columns 0 to 78 of 146]
11.64 11.60 11.61 11.76 11.81 11.85 12.15 12.09 11.95 12.31 12.47 12.70 12.84 12.34 12.42 12.57 12.37 12.35 11.81 17.48 11.71 11.83 11.98 12.05 16.05 11.69 11.78 17.73 14.95 15.26 16.54 14.55 14.52 14.66 14.46 15.91 13.85 10.41 10.51 8.11 9.02 11.73 9.20 6.74 10.16 5.56 10.20 10.24 5.47 5.88 10.58 10.62 10.84 11.11 11.23 14.86 10.68 10.94 11.23 11.42 15.68 15.83 16.01 17.04 19.36 19.23 19.22 17.75 19.17 17.99 17.91 17.77 17.64 11.42 11.30 11.16 11.07 11.03 11.05
11.39 11.48 11.77 11.93 11.94 12.07 12.24 11.99 11.84 12.13 12.42 12.77 12.55 12.22 12.52 12.28 11.93 12.17 11.66 11.51 11.40 11.56 11.78 17.08 11.62 11.59 15.78 17.62 15.20 14.99 15.25 14.98 15.31 14.92 15.09 15.09 10.81 10.40 10.54 11.02 10.30 11.95 9.49 10.05 7.07 6.46 5.92 5.85 10.24 5.68 10.37 10.37 10.55 11.01 11.29 13.77 10.47 10.83 11.12 11.32 15.96 16.65 19.07 17.90 18.09 18.06 18.01 19.21 17.98 17.93 18.18 18.06 17.94 17.39 11.28 11.14 17.27 16.98 10.87
11.35 11.48 11.79 11.83 12.09 12.21 12.20 12.05 11.86 12.03 12.27 12.40 12.09 12.12 12.25 12.10 11.80 11.98 11.47 11.32 11.20 11.33 11.44 15.67 14.99 11.46 16.07 16.48 14.05 14.38 13.88 16.39 16.18 15.01 14.78 12.33 10.30 10.50 10.55 14.14 12.18 10.97 8.33 7.59 7.44 6.98 9.96 9.98 6.35 6.58 7.00 4.95 5.34 7.44 13.15 14.22 13.46 10.69 11.02 15.22 16.97 18.32 17.01 16.75 11.43 17.22 18.92 18.88 17.38 17.56 17.60 17.58 17.86 17.71 17.06 11.14 10.98 10.86 10.87
11.21 11.27 11.50 11.76 12.08 12.28 12.23 11.96 11.91 11.68 11.76 11.83 11.85 12.03 11.93 11.95 11.58 11.41 11.32 11.56 11.14 11.39 11.56 11.51 11.39 14.38 15.60 14.92 14.54 15.81 15.57 17.00 16.39 14.28 12.15 10.35 10.43 9.56 15.29 15.28 11.48 8.62 7.92 7.51 6.76 9.86 6.30 6.62 6.60 6.86 8.27 6.28 5.10 6.74 19.03 18.17 14.20 10.59 14.24 15.93 18.39 16.92 16.69 11.15 15.74 17.22 17.69 17.80 17.82 17.76 18.57 17.50 17.73 17.56 17.45 17.26 16.84 16.66 16.45
11.11 11.23 11.35 11.55 11.68 11.87 11.96 11.70 11.59 11.20 11.37 11.57 11.74 11.81 11.70 11.78 11.17 11.03 10.99 11.02 11.10 11.40 11.68 16.40 15.04 15.92 15.71 14.61 16.11 16.56 16.25 16.53 15.55 12.90 10.37 10.34 10.44 13.60 15.65 14.33 10.32 8.81 8.76 8.00 6.93 6.28 9.75 9.71 9.80 9.85 9.81 5.38 6.46 10.13 10.49 18.69 14.56 13.77 14.89 15.91 17.72 16.58 15.36 11.12 15.27 17.01 17.14 17.88 17.74 18.01 17.48 17.76 17.51 16.97 16.60 17.00 16.87 16.49 10.84
11.38 11.36 11.22 11.29 11.50 11.56 11.19 11.64 11.51 11.09 11.21 11.46 11.64 11.57 11.50 11.60 10.82 10.94 10.81 10.95 11.18 11.42 16.56 11.35 11.15 15.70 15.94 15.18 16.60 16.17 15.55 15.04 11.87 10.32 10.31 10.29 11.39 15.37 14.59 11.13 10.10 10.06 9.10 8.24 7.77 7.32 6.01 9.62 5.18 9.73 5.10 5.14 5.79 5.36 10.37 10.22 12.61 14.42 16.80 17.40 18.47 15.96 15.88 11.06 17.26 17.54 18.53 16.93 17.44 17.49 17.42 17.43 16.84 16.73 16.64 17.05 16.65 10.82 10.80
11.01 11.31 10.82 10.88 11.11 11.60 11.69 11.93 11.53 10.78 11.11 11.37 11.46 11.42 11.47 11.37 10.61 10.78 10.95 11.01 11.48 11.41 11.17 10.93 10.83 10.85 10.93 10.86 15.91 15.01 10.60 10.44 10.41 10.37 10.29 10.28 15.16 14.86 12.41 10.29 9.67 9.17 9.14 8.95 8.99 8.24 6.91 5.82 5.40 9.62 5.30 5.00 5.50 6.44 10.39 10.79 14.07 18.15 18.21 18.50 18.47 18.14 18.90 18.41 18.81 18.52 18.60 18.39 18.50 17.36 17.40 16.78 10.88 10.76 10.79 10.82 16.73 16.64 16.41
10.68 10.59 10.57 10.62 10.75 10.91 10.99 11.46 11.60 11.05 11.16 11.13 11.20 11.40 11.45 11.23 10.86 11.15 11.25 11.13 10.85 11.28 11.07 10.68 10.58 10.62 10.69 14.91 14.95 14.18 10.59 10.56 13.02 13.34 12.60 15.25 15.11 13.63 11.08 10.82 9.80 9.31 9.58 9.13 8.53 7.52 7.28 7.04 6.47 5.92 5.49 4.72 4.87 5.94 10.77 18.85 18.58 18.46 18.51 18.42 18.44 18.42 18.24 18.19 18.29 18.13 17.76 17.83 17.41 17.64 17.55 17.15 17.10 17.17 17.01 16.74 16.61 16.43 16.27
10.54 10.51 11.02 10.72 10.57 10.54 10.52 10.63 10.88 11.61 10.66 10.80 11.10 11.52 11.49 11.31 11.11 11.43 11.83 11.43 10.65 11.15 10.39 10.69 10.40 10.48 10.68 10.75 14.74 14.44 10.76 14.55 14.80 13.58 14.21 15.30 14.49 12.43 12.13 11.72 11.37 10.52 9.53 7.42 5.96 9.33 6.39 7.18 7.65 7.87 6.79 7.52 8.85 10.98 13.53 17.17 18.43 18.28 18.31 18.02 18.14 17.98 18.07 18.02 18.02 17.93 17.73 17.30 17.25 17.26 16.96 16.77 16.56 16.38 16.64 16.59 15.97 10.52 10.50
10.72 10.75 10.36 10.43 10.57 10.74 10.76 10.65 10.48 10.31 10.21 10.71 11.14 11.43 11.22 11.27 11.18 11.22 11.32 10.94 11.07 10.93 10.98 10.55 10.29 10.45 10.76 10.76 10.81 10.84 15.39 15.09 10.38 13.73 15.62 15.29 12.89 11.83 9.68 12.95 9.40 9.93 7.40 9.27 9.38 9.46 9.41 7.37 8.15 9.33 9.37 10.70 11.39 12.76 12.59 13.24 16.89 17.87 18.25 18.06 17.81 17.80 17.72 17.70 17.74 17.64 17.31 17.30 17.17 17.04 16.85 16.74 16.56 16.32 16.23 16.11 15.53 15.10 10.32
10.28 10.26 10.36 10.59 10.60 11.19 11.19 10.93 10.61 10.42 10.35 10.87 11.06 10.77 10.63 10.93 11.07 11.14 10.99 10.95 10.93 10.76 10.60 10.19 10.35 10.68 10.77 10.68 10.66 10.76 16.04 10.56 13.61 14.36 15.16 14.09 12.40 9.72 14.02 13.27 9.28 9.43 9.31 7.70 8.14 9.37 9.96 9.59 9.48 9.99 10.68 11.46 12.52 13.31 12.96 13.12 13.18 13.80 16.95 17.88 17.50 17.15 17.05 17.46 17.58 17.11 17.09 17.10 17.04 16.99 16.74 16.67 16.51 16.28 16.06 15.74 15.49 10.32 10.32
10.16 10.20 10.40 10.74 11.36 11.43 11.58 10.66 10.70 10.55 10.51 10.70 10.58 10.48 10.53 10.58 10.91 10.51 11.20 11.09 10.11 10.55 10.23 10.20 10.45 10.90 10.68 10.68 10.62 10.84 10.85 10.48 10.19 10.05 14.17 12.20 9.74 13.77 14.43 12.38 9.26 9.26 9.42 9.94 10.79 11.92 11.63 9.75 9.80 10.38 11.34 12.42 13.48 12.48 13.05 13.45 13.01 13.31 13.80 16.75 17.13 16.92 16.68 17.11 17.35 17.04 17.06 17.04 17.00 16.84 16.60 16.76 16.33 16.12 15.73 15.42 10.22 10.23 10.19
10.02 10.04 10.26 10.56 10.58 10.43 10.46 10.60 11.50 10.59 10.61 10.36 10.25 10.41 10.51 10.83 11.06 11.04 10.99 10.91 10.04 10.31 9.96 10.16 10.94 10.92 10.52 10.56 10.68 10.82 10.76 10.30 9.95 9.89 9.86 12.61 14.54 14.49 13.59 11.64 9.25 9.22 9.79 10.12 10.86 12.64 12.72 11.31 11.14 12.23 12.22 12.95 12.97 12.77 12.88 13.30 13.33 13.41 13.45 15.79 16.69 16.59 16.42 16.64 16.85 16.81 16.91 16.91 16.86 16.44 16.34 16.43 16.27 15.92 15.56 15.29 10.16 10.13 10.05
9.88 9.91 10.19 10.46 10.52 10.64 10.80 10.59 11.42 10.57 10.73 10.52 10.69 10.69 10.33 10.54 10.77 10.73 10.60 10.72 10.82 10.15 9.89 10.09 10.69 10.82 10.35 10.51 10.69 10.65 10.62 10.08 9.91 9.92 9.85 14.00 9.80 14.20 11.97 9.20 9.19 9.20 10.25 11.27 12.85 12.92 12.39 12.07 11.87 13.33 13.03 12.90 13.07 12.73 12.85 8.90 13.56 13.60 8.97 15.11 9.08 16.17 9.32 15.70 15.99 16.22 16.52 16.84 16.61 16.27 15.92 16.29 15.98 15.72 10.07 10.08 10.06 9.99 9.97
9.75 9.87 10.15 10.39 10.47 11.14 10.59 10.48 10.42 10.38 10.51 11.19 11.38 10.81 9.97 9.99 10.00 10.46 9.78 10.56 10.53 10.10 10.06 10.37 10.75 10.48 10.47 10.55 10.58 10.66 10.42 10.17 9.82 9.85 9.94 14.50 14.46 9.37 9.15 10.46 9.17 11.14 11.63 12.98 12.83 12.64 12.09 11.99 12.96 12.92 12.70 12.75 8.72 8.75 8.78 8.79 8.79 8.78 8.86 8.92 15.21 9.03 15.32 9.29 15.78 15.99 16.11 16.47 16.49 16.21 15.80 15.61 15.76 15.57 9.98 9.98 9.92 9.81 9.68
9.69 9.90 10.19 10.33 10.34 10.98 10.91 10.27 10.20 10.11 10.10 10.10 9.94 9.83 9.81 9.89 9.77 9.63 9.71 10.25 10.15 9.74 9.93 10.17 10.31 10.38 10.68 10.50 10.37 10.72 10.70 10.38 9.69 9.62 10.00 9.88 9.53 9.27 9.16 9.15 9.21 12.51 12.65 12.93 12.35 12.46 11.92 12.96 12.98 12.73 12.80 12.92 8.62 8.63 8.63 8.63 8.62 8.66 8.69 8.72 8.80 15.02 15.16 15.15 9.24 15.48 16.17 15.96 16.38 16.12 15.82 15.13 14.80 14.99 15.18 9.88 9.84 9.73 9.51
9.59 9.87 10.86 10.40 10.61 11.26 10.99 10.67 9.94 9.92 9.92 9.97 10.71 9.80 9.75 9.65 9.59 9.58 9.70 10.20 9.69 9.72 9.68 9.90 10.28 10.59 10.52 10.23 10.19 10.48 10.59 9.67 9.58 9.80 10.01 9.77 9.29 9.20 9.16 9.19 12.96 13.26 12.53 12.13 11.67 11.77 11.99 13.23 13.06 12.68 12.70 12.76 12.58 8.49 8.48 8.45 8.48 8.53 8.53 8.53 8.63 13.98 14.74 14.56 14.21 14.27 15.79 15.59 15.87 16.09 15.53 15.20 15.08 15.10 9.85 9.81 9.75 9.63 9.43
9.53 9.75 9.94 9.92 10.54 10.61 10.54 9.66 9.81 9.86 10.77 9.88 9.85 9.78 9.79 9.78 9.54 9.50 9.60 9.60 9.60 9.92 9.98 10.23 10.53 10.45 10.16 9.80 9.93 9.67 10.45 9.66 9.60 9.50 10.02 9.64 9.30 9.32 9.28 12.68 9.29 13.05 11.76 11.69 11.37 12.13 13.20 13.45 13.08 12.67 12.53 12.50 8.48 8.43 8.37 8.35 8.37 8.39 8.37 8.37 8.49 8.70 14.79 14.22 13.62 13.64 9.22 14.75 14.67 15.78 15.35 15.10 9.66 9.75 9.76 9.70 9.64 9.48 9.30
9.53 9.88 10.61 9.70 10.32 9.62 10.25 9.74 9.71 9.85 9.77 9.71 9.68 10.49 10.42 9.73 9.46 9.41 9.52 10.17 9.42 9.85 9.95 10.07 10.43 10.24 9.77 9.61 9.99 9.63 9.65 10.24 10.17 10.09 9.93 9.58 9.39 9.41 9.42 9.34 9.19 12.82 12.28 12.26 11.98 8.89 8.81 13.31 12.90 12.17 12.21 12.53 8.46 8.36 8.28 8.24 8.24 8.24 14.44 8.27 8.42 8.62 14.51 14.04 8.86 8.98 9.10 14.26 14.41 14.98 15.10 15.14 15.03 9.59 9.61 9.58 9.52 9.37 9.24
9.35 9.37 9.81 10.27 9.57 9.55 9.49 9.52 9.73 9.76 9.59 9.49 9.56 9.57 9.54 9.43 9.15 9.26 9.45 9.36 9.29 9.33 9.79 9.88 10.20 10.25 9.51 9.46 9.98 9.55 9.53 10.36 10.13 9.93 9.64 9.41 9.28 9.27 9.27 9.21 9.09 12.44 12.28 12.43 8.89 13.38 8.75 12.98 12.47 12.43 12.62 8.57 8.40 8.27 8.18 8.13 8.12 8.13 8.14 8.16 8.28 8.41 8.58 8.64 8.76 8.80 8.94 8.86 14.77 14.84 14.58 14.33 9.33 9.36 9.40 9.43 9.38 9.25 9.14
9.14 9.10 9.17 9.61 10.22 9.44 9.43 9.50 9.68 10.62 9.53 9.42 9.48 9.48 10.20 9.33 9.13 9.25 9.39 9.25 9.23 9.61 9.67 9.16 9.78 9.86 9.48 9.62 10.39 10.27 9.43 9.31 9.98 9.68 9.23 9.14 9.19 9.16 9.09 9.05 9.05 8.93 11.92 8.88 8.86 8.77 8.74 12.90 12.78 12.90 8.65 8.48 8.30 8.17 8.08 8.01 8.00 7.98 7.94 7.97 8.08 14.48 14.89 14.90 14.86 8.89 8.88 8.85 15.29 15.05 14.88 9.26 9.22 9.08 9.07 9.23 9.25 9.18 9.07
8.97 9.01 9.11 9.25 9.50 9.02 9.48 9.51 9.54 10.00 9.49 9.33 9.28 9.26 9.29 9.32 9.28 9.24 9.23 9.14 9.18 9.14 9.51 9.34 9.37 9.74 9.81 9.95 10.20 10.11 9.28 9.17 9.80 9.36 8.89 9.10 9.14 9.04 9.06 9.16 9.06 8.91 8.89 8.83 8.72 8.73 8.79 8.75 8.69 8.65 8.54 8.35 8.10 7.96 7.85 7.80 7.80 7.77 14.55 7.98 13.68 8.22 8.19 13.92 8.42 8.54 14.87 8.53 8.90 15.01 9.08 9.07 9.09 8.91 8.75 8.96 9.12 9.12 8.98
8.84 8.92 9.04 9.24 9.70 10.04 10.09 10.44 10.28 9.94 10.07 9.10 9.05 9.11 9.18 10.16 9.12 8.89 8.91 9.00 9.03 8.99 9.25 9.24 9.10 9.93 9.99 10.03 9.93 9.07 9.05 8.94 9.62 9.18 8.79 8.91 8.96 9.08 9.12 9.06 8.84 8.76 8.74 8.63 8.59 8.72 8.74 8.67 8.58 8.51 8.41 8.22 7.87 7.72 7.65 7.62 7.66 7.68 7.75 7.87 7.93 8.03 8.13 13.05 8.36 14.69 14.81 8.67 9.04 14.17 8.75 8.79 8.95 8.87 8.52 8.66 8.93 9.01 8.86
8.77 8.83 8.97 9.14 9.22 9.13 9.12 9.16 9.15 8.97 8.88 9.86 8.88 8.97 9.01 8.96 8.74 8.56 8.68 8.76 8.75 8.81 8.91 9.62 9.64 9.83 9.85 9.85 8.94 8.84 8.74 9.54 9.20 8.64 8.74 8.91 9.13 9.15 8.96 8.79 8.63 8.58 8.53 8.39 10.90 8.63 8.62 8.52 8.37 8.35 9.98 7.93 7.92 7.81 7.74 7.69 7.66 7.70 7.77 7.80 7.86 7.95 8.04 8.13 8.25 14.33 14.68 8.97 9.02 8.86 8.79 8.78 8.88 8.87 8.59 8.51 8.74 8.93 8.77
8.73 8.73 8.85 8.95 8.96 8.92 8.86 8.78 8.68 8.61 8.69 8.80 8.77 8.72 8.69 8.57 8.43 8.38 8.47 8.57 8.58 8.63 8.69 8.70 9.52 9.57 9.67 9.89 8.77 8.66 8.62 8.60 8.58 8.56 8.55 8.66 8.92 8.78 8.62 8.57 8.52 8.45 8.34 8.32 8.39 8.42 8.41 9.83 8.21 8.23 8.08 8.04 7.91 7.89 7.77 7.68 7.64 7.65 7.66 7.71 7.81 7.90 8.02 8.15 8.37 13.91 14.22 14.26 8.71 8.64 8.69 8.87 8.86 8.84 8.71 8.50 8.49 8.71 8.65
8.69 8.62 8.71 8.82 8.85 8.86 8.81 8.72 8.63 8.59 8.62 8.69 8.62 8.46 8.39 8.34 8.32 8.26 8.34 8.49 8.48 8.47 8.49 8.47 8.46 8.48 8.50 9.51 8.44 8.47 8.51 8.52 8.50 8.47 8.44 8.48 8.62 8.56 8.52 8.42 8.37 8.36 8.37 8.39 8.41 8.46 8.57 8.38 8.24 8.25 8.22 8.23 7.30 7.77 7.70 7.65 7.60 7.56 7.57 7.69 7.83 7.89 7.98 13.45 13.80 13.85 13.76 8.62 8.71 8.73 8.71 8.75 8.74 8.74 8.70 8.54 8.38 8.46 8.41
8.83 8.58 8.61 8.70 8.74 8.76 8.74 8.71 8.67 8.61 8.57 8.53 8.43 8.31 8.31 8.33 8.27 8.24 8.37 8.47 8.41 8.36 8.36 8.34 8.34 8.35 8.32 8.27 8.25 8.27 8.36 8.40 8.35 8.32 8.57 8.88 8.70 8.43 8.42 8.40 8.39 8.46 8.52 8.55 8.58 8.72 8.64 8.38 9.57 9.25 9.12 8.84 8.24 6.79 7.72 7.66 7.62 7.62 7.68 7.82 10.26 12.65 13.96 14.33 14.16 14.06 14.14 8.42 8.47 8.54 8.50 8.54 8.59 8.54 8.54 8.51 8.32 8.30 7.34
8.82 8.85 8.57 8.64 8.67 8.69 8.67 8.64 8.61 8.57 8.52 8.46 8.38 8.31 8.33 8.33 8.29 8.30 8.39 8.42 8.36 8.34 8.31 8.26 8.26 8.29 8.26 8.23 8.22 8.27 8.35 8.34 8.25 8.15 8.02 8.06 8.16 7.94 8.38 8.40 8.43 8.43 8.72 8.66 8.70 8.70 8.64 8.46 8.53 8.59 8.43 8.13 7.89 8.18 7.30 6.02 4.76 7.67 7.74 12.43 13.42 13.21 13.84 13.75 13.72 7.95 8.04 8.15 8.22 8.28 8.25 8.26 8.21 8.31 8.34 8.28 7.19 7.17 7.09
8.89 8.90 8.54 8.53 8.56 8.61 8.62 8.62 8.59 8.54 8.49 8.44 8.39 8.35 8.33 8.32 8.31 8.31 8.31 8.30 8.28 8.29 8.27 8.24 8.25 8.25 8.19 8.16 8.22 8.32 8.36 8.25 8.10 8.04 8.16 8.35 8.47 8.49 8.07 8.42 8.37 8.80 8.66 8.55 8.67 8.66 8.60 8.52 8.52 8.47 8.27 8.04 7.90 7.81 8.46 8.14 7.63 9.16 7.50 7.35 13.39 13.39 13.40 13.56 13.44 7.71 7.77 7.90 7.97 8.01 8.01 8.03 8.00 7.99 8.03 7.94 7.94 6.90 6.86
9.27 9.00 8.86 8.45 8.40 8.41 8.41 8.48 8.55 8.56 8.50 8.44 8.40 8.37 8.35 8.33 8.30 8.28 8.26 8.26 8.28 8.26 8.25 8.23 8.23 8.20 8.18 8.20 8.24 8.26 8.23 8.14 8.14 8.41 8.04 8.15 8.76 8.66 8.52 9.01 8.74 8.65 8.48 8.54 8.65 8.59 8.56 8.50 8.43 8.35 8.19 7.96 7.81 9.31 9.82 7.57 7.48 7.34 7.15 6.96 6.85 12.86 12.95 13.19 13.04 12.86 7.51 7.57 7.70 7.73 7.74 7.76 7.71 7.65 7.69 7.67 7.61 6.63 6.62
9.57 9.20 8.96 8.41 8.18 8.18 8.40 8.66 8.74 8.62 8.49 8.44 8.40 8.37 8.36 8.33 8.30 8.29 8.28 8.31 8.37 8.35 8.27 8.20 8.16 8.16 8.18 8.22 8.24 8.23 8.20 8.22 8.01 8.25 9.00 9.30 9.42 8.48 8.36 8.26 8.63 8.47 8.41 8.55 8.60 8.56 8.50 8.44 8.40 8.41 8.23 7.85 6.60 8.86 7.54 7.39 7.22 7.02 6.85 6.76 6.76 6.82 6.92 7.03 12.57 12.43 7.34 7.35 7.36 7.41 7.46 7.43 7.40 7.46 7.50 6.45 6.40 6.37 6.36
9.27 9.41 9.13 8.40 8.17 8.46 8.37 9.03 9.03 8.69 8.56 8.52 8.47 8.46 8.44 8.41 8.38 8.37 8.36 8.38 8.41 8.37 8.31 8.24 8.23 8.24 8.25 8.28 8.30 8.33 8.40 8.59 8.49 9.27 8.65 8.50 9.28 8.38 8.26 8.19 8.17 8.37 8.43 8.55 8.20 8.20 8.19 8.34 8.28 8.26 8.02 7.73 7.72 7.53 7.26 7.08 6.92 6.76 6.68 6.63 6.61 6.63 6.69 6.76 6.86 6.97 7.04 7.08 7.05 7.09 7.19 7.21 7.20 7.25 7.24 6.17 6.13 6.11 6.10
8.57 8.61 9.43 8.55 8.34 8.85 9.13 10.14 8.90 8.74 8.67 8.64 8.61 8.60 8.57 8.55 8.53 8.51 8.50 8.48 8.43 8.39 8.36 8.35 8.40 8.42 8.42 8.43 8.47 8.55 8.74 8.92 9.22 8.69 8.48 8.43 8.39 8.29 8.17 8.13 8.16 8.38 8.48 8.24 8.22 8.20 8.35 8.26 8.17 7.98 7.78 7.74 7.64 7.40 7.05 6.81 6.63 6.47 6.36 6.25 6.17 6.33 6.34 6.37 6.49 6.55 6.60 6.65 6.71 6.02 6.74 6.78 5.92 5.94 6.92 5.87 5.85 5.86 5.85
8.62 8.75 9.74 8.61 8.58 9.08 9.35 9.06 8.80 8.76 8.78 8.80 8.80 8.79 8.77 8.75 8.72 8.70 8.68 8.64 8.60 8.57 8.53 8.56 8.61 8.64 8.66 8.68 8.71 8.77 8.82 8.72 8.52 8.37 8.24 8.18 8.10 8.03 8.08 8.19 8.28 8.39 8.47 8.30 8.29 8.29 8.36 8.23 8.09 7.95 7.84 7.65 7.34 7.01 6.72 6.49 6.29 6.12 5.99 5.88 5.78 5.70 5.93 5.96 5.98 6.00 6.08 6.17 5.60 5.66 5.63 5.60 5.59 5.62 5.61 5.55 5.56 5.60 5.61
8.73 8.84 9.43 8.58 8.70 9.18 9.27 8.97 8.70 8.75 8.85 8.87 8.88 8.86 8.84 8.81 8.78 8.75 8.72 8.69 8.68 8.66 8.63 8.65 8.69 8.72 8.75 8.77 8.77 8.73 8.58 8.36 8.16 8.06 7.99 7.93 7.85 7.88 8.04 8.22 8.35 8.32 8.32 8.21 8.29 8.31 8.35 8.24 8.17 8.07 7.81 7.39 6.94 6.63 6.39 6.24 6.07 5.91 5.77 5.63 5.66 5.39 5.30 5.24 5.63 5.62 5.13 5.18 5.25 5.29 5.27 5.27 5.27 5.29 5.28 5.26 5.29 5.34 5.36
