examples/cougarCreek-fire/createInputs/farsite/7a-cougarCreek-polygonIgnit/cougarCreekFire_08-10-2015_1500_217m_non_neutral_stability_ang.asc
ncols	146
nrows	140
xllcorner	610065.000000
yllcorner	5095217.000000
cellsize	216.586807
NODATA_value	-9999.000000
[rows 45 to 89 of 140, columns 0 to 95 of 146]
145 146 150 152 155 156 158 161 160 164 161 162 166 161 167 161 159 86 160 140 99 117 96 106 114 116 102 114 136 123 134 138 146 148 147 146 145 145 144 146 148 166 161 155 154 145 144 163 173 177 177 160 163 164 168 169 170 170 166 164 167 169 167 165 163 155 154 156 159 159 159 167 167 166 166 169 171 170 163 126 123 151 207 177 184 181 161 179 175 164 157 165 166 148 162 163
143 143 151 150 155 155 166 158 164 159 161 163 158 158 162 146 149 165 160 143 131 133 134 97 104 101 99 145 133 121 127 129 138 143 142 140 145 148 146 148 164 164 160 150 146 150 155 170 175 185 181 168 159 163 169 168 167 166 165 163 164 166 164 158 156 153 154 155 157 160 163 162 162 167 167 169 167 190 186 150 123 135 194 196 157 176 178 176 175 171 162 162 168 165 164 165
137 143 148 147 149 155 154 155 161 161 162 165 156 166 162 156 149 159 157 146 140 140 133 76 82 82 97 138 130 119 127 121 134 138 137 132 140 146 148 150 150 149 153 150 152 159 172 181 191 194 178 161 159 164 168 166 165 164 160 155 156 156 155 155 155 156 157 156 159 162 161 160 168 166 167 167 171 174 177 182 142 133 164 195 157 174 175 174 174 174 168 164 167 167 166 166
133 142 157 160 160 153 160 166 164 153 164 153 164 160 151 143 157 154 154 147 139 138 130 136 87 119 141 144 129 117 125 131 134 136 130 126 134 145 146 155 156 152 157 153 153 154 173 166 195 193 168 158 159 163 165 160 154 153 161 164 163 159 159 163 163 162 162 162 161 159 158 166 159 160 166 166 164 176 194 193 173 144 141 173 184 154 173 174 175 175 172 169 167 167 167 167
146 141 145 148 151 154 165 155 154 167 153 153 158 162 153 155 156 160 161 149 141 141 142 146 156 130 166 154 134 120 132 128 130 140 131 125 131 140 141 149 151 147 151 157 154 168 155 180 189 179 164 154 163 159 154 152 151 153 157 163 170 172 172 163 155 156 156 155 155 157 157 166 167 165 166 165 167 188 192 195 190 171 150 146 164 171 173 144 175 176 136 173 167 168 167 168
133 143 143 147 154 149 150 155 155 156 155 155 159 158 159 156 155 156 151 149 144 144 144 150 102 160 121 158 134 124 122 124 132 139 136 129 132 138 139 144 145 143 143 151 160 162 162 168 174 173 164 160 165 167 168 157 164 163 155 157 166 170 175 177 161 153 154 167 154 166 167 166 168 165 165 166 186 187 175 173 193 185 171 159 156 164 171 176 177 151 139 133 174 170 169 164
131 131 138 143 147 149 156 156 156 157 155 155 159 164 159 147 152 155 158 144 142 137 140 139 67 94 176 120 132 125 126 127 126 138 135 131 136 140 140 141 139 136 135 140 148 153 158 164 167 168 166 162 160 168 174 143 159 160 162 153 156 165 172 176 177 171 164 157 157 169 173 161 170 170 173 175 176 177 189 174 191 188 181 170 164 164 167 172 177 179 156 141 129 174 169 166
137 134 138 143 147 155 152 158 168 156 154 154 164 161 156 152 150 152 145 144 140 136 135 133 63 115 173 154 137 135 136 128 125 134 129 129 134 139 138 137 133 131 131 134 140 146 149 150 151 153 156 153 152 164 176 165 140 157 144 150 152 154 168 172 175 175 178 176 174 175 181 182 180 186 187 188 188 189 189 190 168 187 184 179 174 171 170 171 174 177 179 180 179 177 173 169
128 140 138 143 151 157 168 161 168 160 159 156 153 153 150 145 142 141 138 137 140 135 135 143 117 184 163 152 139 134 136 124 119 129 123 125 129 129 126 124 126 126 127 130 135 144 146 150 149 148 146 142 139 131 162 162 147 149 162 165 166 169 175 174 174 176 180 181 182 183 183 186 190 190 190 190 159 161 188 188 187 186 168 183 181 179 177 175 175 176 178 179 179 178 174 170
123 130 139 147 145 153 165 154 146 144 153 148 152 155 162 158 146 140 143 138 128 128 137 151 116 170 158 148 133 129 131 121 119 129 116 125 137 135 128 129 133 129 124 124 139 140 143 150 151 150 149 147 144 146 147 145 148 156 163 167 170 177 176 176 176 175 179 183 185 186 186 187 189 190 190 189 189 188 188 187 186 186 186 185 184 183 182 181 180 178 177 177 177 178 176 172
117 119 135 142 140 152 156 140 152 150 145 147 150 156 165 148 147 150 135 131 136 139 142 150 156 158 155 146 125 125 119 126 122 129 123 118 139 144 141 138 139 139 127 123 140 139 147 149 151 153 154 155 156 155 148 145 145 151 159 166 174 178 177 176 175 175 179 183 184 183 184 186 187 188 189 189 188 188 187 185 183 184 161 154 184 184 184 183 181 179 178 177 176 174 173 173
113 109 120 126 122 112 122 141 134 137 141 142 144 152 152 151 136 132 125 139 137 137 140 141 145 161 158 144 122 130 117 122 119 129 121 121 137 140 135 138 138 142 136 123 122 141 140 146 148 151 155 158 159 157 150 145 145 147 154 164 171 174 175 175 174 176 180 182 180 180 182 186 189 190 190 188 187 185 183 182 182 150 184 184 184 155 183 182 181 180 180 177 176 174 172 169
116 116 131 118 79 96 120 129 125 127 129 127 127 134 134 118 109 114 129 133 135 134 140 128 136 160 164 138 137 133 128 121 116 112 115 118 138 136 128 137 137 139 140 133 122 141 142 143 148 150 152 156 158 156 153 151 150 148 152 162 168 171 172 172 173 176 180 180 179 181 184 189 191 191 188 184 182 181 181 148 184 185 183 183 183 183 182 182 163 162 180 178 175 175 172 169
121 125 135 149 136 124 133 127 129 131 139 133 118 84 44 59 88 105 113 121 136 137 123 132 152 143 163 134 131 134 127 118 119 126 119 117 134 134 130 138 134 133 137 138 134 122 123 145 146 146 152 155 146 155 154 154 152 150 153 160 167 171 171 170 171 174 176 178 180 184 188 190 188 186 184 182 176 163 156 146 185 185 185 184 183 182 181 148 181 179 178 176 174 171 168 165
120 128 153 164 146 139 129 132 134 147 142 119 178 4 33 80 105 111 116 119 138 126 128 140 164 154 158 135 133 119 118 128 128 130 127 120 127 133 133 140 138 135 137 138 143 143 140 143 129 145 146 155 156 156 157 156 152 148 151 159 166 171 170 170 172 175 157 179 182 185 187 187 184 182 182 139 144 142 154 153 186 186 186 185 184 182 182 181 180 178 176 174 172 169 167 167
117 126 154 148 147 134 130 128 125 123 84 55 9 26 118 123 121 120 120 121 136 137 140 150 132 171 157 148 138 128 126 130 134 133 130 124 124 130 135 137 138 135 135 137 139 141 141 144 144 143 149 123 146 158 159 157 153 150 151 158 164 168 169 158 155 177 181 182 182 183 182 182 174 168 142 140 153 135 141 142 139 143 142 139 137 135 134 181 180 177 174 173 171 168 165 162
118 130 144 134 132 129 120 87 32 20 29 40 87 136 138 132 131 125 123 126 129 141 145 139 157 171 163 153 125 129 129 135 132 132 129 127 123 128 135 135 134 133 133 134 133 138 139 139 141 137 142 149 153 157 158 156 152 145 143 148 153 156 156 153 175 179 182 182 181 181 177 158 139 138 152 133 137 142 154 155 149 155 146 149 151 147 146 142 180 178 174 171 169 167 167 164
135 142 144 130 120 108 56 8 10 23 51 92 121 135 138 146 129 128 127 130 132 143 143 147 152 170 171 156 133 119 134 134 125 132 126 128 127 127 134 135 135 131 136 138 133 135 134 131 133 131 137 143 148 155 153 151 157 149 141 129 146 152 152 156 161 173 179 183 178 162 127 131 128 152 127 136 142 144 141 151 146 147 152 148 184 142 142 142 180 177 174 170 167 163 160 157
147 149 143 124 107 51 1 0 36 91 115 124 130 134 137 136 130 130 132 139 142 142 141 147 146 167 180 148 120 115 125 126 125 131 124 127 129 128 132 134 133 127 129 136 134 133 134 137 135 127 132 138 144 149 148 146 167 146 146 149 155 158 121 118 121 163 169 154 162 133 127 129 128 126 131 136 142 157 141 139 144 185 147 146 183 135 134 138 179 175 173 169 171 163 159 161
153 153 114 92 74 343 357 91 130 133 135 135 134 137 141 132 131 132 133 138 129 131 141 144 151 176 191 143 114 111 122 131 129 127 125 127 129 129 132 132 132 124 124 133 137 132 133 128 128 134 124 131 139 144 144 143 142 150 146 147 152 164 158 150 147 145 153 160 180 165 142 158 155 156 156 136 150 150 128 126 133 142 184 184 183 182 181 141 177 174 171 168 164 160 156 152
177 183 55 51 46 215 161 145 143 140 143 139 144 140 134 131 131 133 134 135 123 131 140 144 154 172 207 131 110 109 121 130 130 126 124 125 130 129 131 135 131 126 121 126 132 131 135 135 128 130 123 126 132 137 160 138 138 139 141 142 149 150 155 154 151 144 149 151 169 171 144 141 152 159 159 126 108 122 122 114 111 113 119 122 122 124 180 178 176 173 169 166 167 157 160 156
139 193 142 65 102 158 155 146 143 140 138 146 145 138 131 128 128 135 126 130 123 121 120 123 164 196 221 127 109 121 128 126 127 126 122 125 135 128 129 139 130 125 115 120 121 123 126 125 126 144 126 122 124 136 131 133 135 135 137 142 127 148 150 156 157 150 159 155 144 139 136 153 137 147 150 124 128 116 102 111 113 119 118 113 105 101 179 177 174 170 168 168 161 156 152 150
177 204 177 132 121 136 151 143 142 139 153 150 146 139 130 126 128 136 124 142 131 129 119 122 171 215 224 127 114 126 127 124 125 126 126 128 135 126 132 137 128 126 111 108 112 119 127 128 124 139 135 119 122 121 146 127 130 132 132 103 140 136 142 156 157 150 153 176 176 132 128 132 138 145 159 176 186 187 186 186 187 186 183 182 180 180 123 117 175 170 166 162 157 154 152 150
217 204 173 145 129 131 138 148 154 153 150 140 138 130 131 125 128 147 133 131 130 139 115 139 178 229 205 124 117 126 128 123 123 130 131 128 135 129 133 138 130 137 104 106 105 109 113 121 116 128 127 112 114 116 118 137 123 126 125 146 118 131 137 143 153 149 152 173 173 151 120 115 135 136 130 166 174 147 186 186 114 89 80 95 111 124 176 114 173 169 165 163 153 148 142 137
221 206 163 139 137 142 148 151 151 150 147 144 145 128 131 124 128 126 143 122 132 139 136 143 187 228 174 126 134 128 130 125 122 128 133 135 137 131 133 138 137 136 125 102 104 107 111 113 111 111 112 109 109 111 112 114 141 113 112 136 104 119 131 121 136 132 131 171 172 175 144 123 123 139 119 127 143 186 80 185 184 183 181 181 179 176 175 173 170 166 164 159 153 144 140 135
219 208 157 133 136 141 146 150 149 148 148 147 142 130 128 124 127 125 142 120 118 140 127 147 191 207 152 143 135 135 133 132 124 128 136 134 137 130 133 136 138 136 128 104 102 105 116 116 107 104 103 103 104 126 105 108 110 108 101 99 130 110 120 133 143 112 118 134 171 172 172 145 134 139 136 133 130 183 105 93 89 90 87 65 63 176 173 171 169 67 163 159 153 144 138 132
204 199 160 137 139 142 146 145 147 147 147 148 129 140 123 124 127 124 143 119 134 141 115 137 168 183 141 144 137 137 136 130 112 111 136 137 130 130 134 139 138 126 124 121 99 99 104 110 104 103 101 98 108 124 122 101 106 113 113 104 99 142 108 119 132 147 161 98 129 172 171 153 132 127 128 135 139 133 128 121 177 178 128 178 72 73 75 83 113 102 78 73 78 150 136 129
212 195 161 142 143 146 149 145 148 147 147 148 148 136 120 124 126 124 133 118 117 115 115 141 159 157 141 140 139 138 138 129 125 136 137 136 129 118 139 134 132 128 112 130 103 98 103 110 100 92 97 94 114 129 97 98 102 115 125 120 107 98 139 110 101 133 87 164 171 110 171 140 123 107 111 127 149 143 147 139 121 117 130 174 168 155 144 153 157 161 159 127 113 109 136 127
212 188 158 144 145 148 151 145 147 146 146 147 146 126 124 124 126 123 118 117 116 113 112 167 147 135 151 143 137 125 138 128 126 136 130 136 116 123 140 133 136 127 113 130 119 97 107 104 103 88 97 88 112 90 123 93 95 102 118 122 114 102 131 134 127 126 124 115 104 105 107 110 115 114 116 131 151 146 152 153 120 112 118 149 174 166 135 132 146 156 152 151 122 109 131 125
192 177 157 145 148 151 152 149 146 147 147 147 127 142 122 123 126 123 119 117 117 114 113 152 150 137 150 144 129 142 134 128 131 125 134 138 117 125 143 139 139 126 129 135 107 99 98 101 104 104 85 109 110 88 89 115 91 93 99 107 110 105 97 142 123 120 129 133 133 149 157 143 143 177 132 134 147 146 149 157 140 113 112 121 142 164 146 114 117 144 146 142 143 111 127 119
169 164 154 154 151 150 149 149 148 149 144 147 144 143 121 123 127 124 120 143 117 115 114 128 153 150 151 133 145 139 137 129 143 122 139 131 118 130 142 140 139 124 126 113 107 120 89 102 86 108 82 81 116 84 85 124 119 86 87 88 93 94 90 132 126 108 118 118 116 140 109 119 148 144 161 139 139 150 144 144 142 111 93 100 118 143 149 128 106 107 135 136 133 134 122 115
155 154 149 154 152 152 150 147 151 147 130 128 127 145 123 124 127 124 147 119 118 117 117 124 148 157 149 145 142 143 140 133 143 138 137 117 118 134 123 138 132 124 124 128 107 103 111 85 84 107 80 80 81 82 82 114 117 81 82 84 83 83 84 81 144 123 125 128 112 123 152 159 153 145 155 164 133 146 152 125 123 107 95 99 112 139 130 129 115 98 135 126 129 126 122 114
148 148 145 154 153 153 150 149 150 146 133 143 130 128 124 126 128 124 122 120 119 119 120 141 142 153 149 146 146 145 139 141 139 140 130 117 108 134 123 141 116 117 116 116 107 102 86 83 82 106 79 79 79 79 79 112 115 78 77 76 123 78 78 76 139 131 134 132 117 113 131 150 160 149 86 100 110 144 163 135 127 128 115 110 119 136 132 109 113 103 87 125 118 123 120 116
145 144 143 154 155 140 152 154 151 148 144 150 130 128 126 127 128 125 123 121 120 120 121 131 140 152 148 147 147 143 143 140 143 139 122 107 107 126 139 139 117 116 116 115 113 109 107 112 79 105 106 78 78 77 76 77 112 116 116 73 76 77 76 72 68 130 124 125 108 56 60 61 135 140 78 82 165 166 103 121 143 149 132 119 119 127 126 127 124 127 115 101 116 111 117 115
144 143 142 153 155 140 153 151 151 149 147 149 149 128 128 129 128 126 124 122 122 121 149 122 124 150 148 146 147 143 137 136 139 140 121 106 106 126 139 139 116 114 115 115 114 111 106 103 113 77 105 77 77 75 75 116 76 112 129 72 73 74 74 70 65 143 101 100 100 55 55 55 59 119 150 165 79 88 99 108 132 152 146 131 118 120 119 121 122 119 117 120 108 108 107 113
143 142 141 153 156 140 137 154 153 152 151 150 148 128 129 130 128 127 126 124 123 123 130 121 137 152 149 118 148 136 140 140 141 141 122 106 104 126 123 141 117 116 113 115 115 113 108 89 76 77 76 76 74 73 75 76 73 102 122 72 70 69 68 116 63 61 117 95 102 95 97 101 53 58 111 134 77 80 141 107 113 143 99 103 109 112 113 114 116 113 113 112 111 104 101 99
143 142 141 151 141 140 138 155 154 154 153 152 151 130 132 132 130 128 127 126 124 146 122 121 135 142 121 118 135 143 134 141 143 143 123 120 122 145 145 100 97 95 116 112 111 115 116 81 89 76 74 74 72 73 75 107 100 68 119 116 67 66 64 62 131 58 141 109 108 95 97 116 103 56 63 69 73 76 144 118 106 93 95 96 99 104 108 110 112 110 108 108 108 105 98 94
144 143 141 153 141 140 139 156 153 153 155 135 153 132 133 132 131 130 128 127 154 139 121 121 135 153 121 118 146 140 138 147 144 140 125 121 125 127 126 99 97 95 118 112 108 114 120 87 119 101 72 71 71 74 108 108 108 108 115 112 122 62 60 60 59 57 54 126 110 123 100 104 142 92 59 89 124 72 74 126 111 86 90 92 93 96 100 103 107 107 105 104 101 106 103 93
145 144 142 142 141 141 140 157 153 154 160 137 156 134 155 133 132 131 129 156 153 131 122 122 136 122 122 119 149 132 153 150 131 130 128 126 148 102 124 98 96 119 93 115 87 86 84 105 99 104 100 69 71 109 120 108 66 109 111 109 114 125 100 57 56 52 51 131 114 118 109 106 143 146 106 98 107 139 139 124 126 79 85 92 93 94 97 99 100 101 98 101 98 98 97 97
146 145 144 143 142 142 141 160 156 159 140 138 152 137 137 135 158 133 131 158 139 125 124 123 123 150 121 139 140 132 151 148 112 110 146 106 150 102 126 97 96 96 93 90 87 84 82 79 99 74 101 70 104 104 104 67 67 65 112 63 114 113 115 114 97 99 126 131 135 114 106 91 121 143 124 117 114 122 128 70 74 77 80 85 92 89 95 93 95 95 95 97 95 97 96 95
147 146 145 144 143 143 142 161 159 165 141 163 147 151 138 137 135 160 160 155 136 127 126 125 124 152 148 146 141 117 145 149 112 111 150 148 147 131 100 98 97 96 93 89 86 83 81 79 76 73 71 71 70 68 66 67 66 65 64 62 61 114 57 115 119 116 129 47 127 128 120 85 89 124 130 124 121 119 68 71 74 77 79 82 85 133 88 90 92 91 91 92 93 93 94 94
147 147 146 145 144 144 143 143 164 143 142 158 141 159 140 139 162 158 156 148 130 129 128 146 125 157 123 151 142 145 146 143 150 112 152 144 150 150 102 99 119 94 91 88 85 83 80 78 75 72 70 70 69 67 65 65 65 64 63 62 61 59 57 55 124 121 130 122 125 125 128 107 102 110 124 54 128 61 65 67 70 91 79 83 80 83 85 87 88 101 89 90 89 91 92 93
149 148 147 146 146 145 145 145 145 145 144 150 143 160 163 163 163 152 157 143 132 131 130 129 157 158 124 156 120 155 118 148 116 114 113 111 108 106 145 142 96 92 90 88 86 82 80 77 75 72 70 70 68 66 65 65 64 63 62 61 60 58 57 55 112 126 134 118 120 47 48 127 112 104 106 106 105 115 124 104 67 86 76 80 78 81 83 85 87 85 88 89 90 91 92 85
150 150 149 148 147 147 168 147 147 147 146 153 145 153 162 165 163 155 159 135 134 133 132 131 162 128 126 124 123 123 160 164 152 116 114 156 109 107 153 101 97 92 90 88 86 83 80 77 74 71 70 69 110 66 65 65 64 63 62 61 59 58 57 55 126 120 113 129 129 131 47 134 120 106 53 56 59 62 63 101 67 71 74 80 77 80 82 84 85 84 87 88 90 86 86 88
153 151 150 149 149 148 168 148 148 149 147 162 147 147 166 169 164 155 155 137 136 135 134 164 132 130 129 127 126 126 124 157 157 117 116 114 110 108 160 102 98 94 92 90 87 84 80 77 74 71 69 68 111 113 65 65 64 62 61 61 60 58 56 125 107 115 118 124 119 120 126 135 137 129 107 98 100 60 63 66 69 71 72 74 77 79 81 83 84 84 86 88 85 87 90 97
