examples/cougarCreek-fire/createInputs/farsite/7a-cougarCreek-polygonIgnit/cougarCreekFire_08-13-2015_0400_217m_non_neutral_stability_vel.asc
ncols	146
nrows	140
xllcorner	610065.000000
yllcorner	5095217.000000
cellsize	216.586807
NODATA_value	-9999.000000
[rows 36 to 71 of 140, columns 0 to 79 of 146]
10.37 10.53 7.99 6.21 13.98 18.80 20.35 16.08 20.08 21.55 21.55 21.75 22.42 26.36 29.53 29.89 30.81 31.24 31.31 32.34 36.32 37.08 35.66 32.02 24.97 19.24 22.90 24.47 22.77 20.87 20.12 16.32 17.40 22.04 18.90 12.74 12.97 8.79 7.71 8.21 8.16 7.75 7.92 11.05 10.37 10.07 9.20 9.23 10.33 4.69 4.49 4.56 5.63 5.90 6.30 7.59 8.28 7.89 7.29 7.18 6.89 6.59 6.32 8.75 6.53 4.78 4.26 3.54 2.93 6.70 2.21 1.73 2.64 3.62 4.52 5.91 7.58 9.26 9.44 12.12
14.33 12.28 7.24 8.90 15.08 20.75 20.85 23.86 23.40 22.78 21.70 19.78 20.92 25.44 29.32 32.76 36.85 38.16 36.03 30.77 28.11 29.15 29.11 26.39 20.34 15.21 17.74 17.58 18.56 21.44 22.46 16.38 15.55 18.88 20.23 15.83 13.86 13.84 12.31 11.66 8.49 9.73 7.32 8.14 8.50 4.82 4.47 7.75 9.96 9.81 9.93 5.03 5.02 6.49 5.12 5.84 5.87 5.49 5.38 5.74 5.84 5.49 5.14 4.94 4.96 4.94 4.65 3.88 2.97 2.69 3.31 2.75 9.54 1.60 2.92 4.58 6.40 7.75 9.08 10.52
7.12 8.67 8.12 14.85 21.20 25.54 24.73 22.95 23.65 21.03 20.03 19.85 22.34 22.66 22.58 23.84 25.96 25.01 20.27 15.44 16.10 18.24 17.85 18.55 18.44 14.22 16.08 15.41 12.42 17.50 21.12 17.46 20.65 16.94 14.67 13.51 11.45 8.29 7.76 12.51 11.47 10.36 5.64 5.63 5.66 5.13 4.19 3.60 8.24 8.77 11.10 10.08 10.61 8.06 7.11 6.97 6.40 6.63 4.26 4.27 4.48 4.42 4.34 4.52 3.89 4.25 2.72 2.30 2.32 2.68 3.12 2.82 1.69 0.84 1.14 2.69 3.84 5.69 7.50 8.43
10.04 11.75 16.99 20.93 23.91 25.75 20.05 22.01 18.85 18.57 17.40 18.41 19.52 17.98 18.43 19.09 20.00 19.68 18.02 16.50 16.32 14.91 12.35 15.70 17.72 12.96 9.89 12.00 16.65 15.99 18.45 20.24 22.87 16.85 11.80 11.04 10.54 9.22 8.03 4.16 4.11 9.89 4.59 4.54 8.32 10.29 10.20 9.41 9.11 9.43 9.47 9.82 9.46 10.45 12.00 9.17 7.86 6.84 6.16 4.03 3.61 4.02 4.85 5.64 5.52 4.68 4.06 2.82 2.99 3.26 3.17 2.82 2.12 1.23 0.15 1.30 2.54 4.00 5.02 6.14
15.35 19.61 23.42 26.17 25.47 22.41 18.58 20.13 18.95 20.36 19.75 18.05 17.14 17.94 21.20 20.68 20.03 18.73 14.94 10.18 9.00 11.05 13.29 18.12 17.26 12.73 9.30 8.82 11.93 15.64 16.81 20.23 21.31 15.38 11.12 11.42 10.83 9.27 9.51 5.73 5.26 5.16 5.42 2.58 2.07 2.05 2.83 3.33 2.68 9.00 9.22 9.18 9.78 9.37 4.47 4.86 10.67 10.26 2.80 8.84 9.08 6.68 5.61 5.79 5.37 6.59 6.36 4.34 4.20 4.38 4.40 3.71 3.11 2.67 2.00 1.53 0.82 2.66 3.42 4.06
16.13 17.55 21.24 23.17 23.32 20.93 18.36 19.94 21.21 21.91 20.95 21.30 22.13 23.39 24.47 21.69 19.31 15.48 11.09 9.17 7.90 10.90 18.27 20.93 11.72 9.02 9.23 10.82 11.45 13.07 17.06 21.25 18.49 14.46 12.40 11.63 10.94 9.24 8.62 9.87 9.33 9.44 9.92 9.49 9.57 7.86 3.78 3.00 7.24 7.35 7.79 7.02 3.75 8.52 9.19 9.25 7.81 7.43 3.92 4.08 7.93 6.08 7.12 8.08 8.59 9.03 9.70 11.03 11.01 11.03 11.03 10.84 7.33 6.70 5.39 4.24 1.75 1.37 1.28 2.40
13.03 16.74 18.09 16.48 18.05 22.17 20.96 20.41 23.33 23.52 22.71 23.42 24.47 24.60 22.91 20.75 17.08 13.97 12.10 9.83 10.56 18.18 23.52 19.69 10.05 6.79 10.25 12.67 12.28 9.67 15.38 23.20 23.70 18.97 15.69 13.14 10.57 8.89 8.66 8.75 10.46 10.65 10.00 9.78 10.47 10.79 10.91 9.70 8.80 3.34 8.12 7.56 6.09 6.55 6.72 4.21 4.17 6.31 7.35 8.79 5.60 8.96 10.37 10.12 6.59 6.25 6.32 6.38 6.33 5.60 5.26 5.59 5.94 6.30 6.04 6.88 6.90 2.93 3.31 2.14
12.16 11.80 12.91 26.16 27.02 25.10 21.11 23.15 24.11 22.76 24.95 28.68 26.41 22.29 20.65 19.42 15.32 14.96 13.34 12.92 16.58 23.22 21.07 15.71 10.44 7.99 13.42 15.00 11.24 5.92 12.72 21.94 27.13 27.54 22.43 16.18 11.37 9.43 8.81 7.17 8.39 10.43 10.24 9.69 9.59 10.09 9.81 8.76 9.14 8.94 8.74 8.99 9.10 8.68 8.05 8.43 9.62 11.00 11.70 9.89 8.81 6.84 5.89 4.94 4.01 3.67 3.79 3.69 2.44 3.68 1.79 1.90 2.22 2.46 2.66 3.71 3.85 5.82 4.46 3.15
18.22 21.66 28.26 24.93 29.35 27.68 22.17 24.95 25.14 27.72 32.00 28.02 22.02 18.22 16.81 16.37 14.65 15.52 13.43 14.52 19.07 21.00 17.53 14.42 11.58 11.58 14.67 12.05 9.23 6.47 13.72 19.88 26.75 28.42 24.92 19.75 14.77 11.49 9.30 7.88 7.61 8.88 9.35 8.02 8.11 8.68 9.51 8.54 8.91 8.50 8.84 9.26 10.39 10.46 10.47 10.31 7.79 5.32 5.08 5.39 4.82 4.37 4.07 3.26 3.00 2.32 1.67 2.10 2.55 2.27 2.07 2.12 1.92 1.69 1.41 1.08 0.99 2.04 5.57 3.25
14.78 17.06 27.60 32.05 30.19 27.43 27.60 26.49 27.80 31.27 20.74 19.54 15.63 12.75 13.19 14.17 15.41 11.13 8.23 10.11 14.81 17.97 17.04 17.64 14.91 12.81 11.01 7.01 4.68 7.94 13.34 15.65 19.94 22.84 22.12 19.79 16.68 13.64 10.64 9.06 7.92 4.80 5.89 7.14 7.81 8.11 8.04 6.63 8.02 9.07 10.05 9.70 9.12 8.82 7.84 6.50 3.80 3.79 3.76 4.14 3.97 2.96 2.90 2.87 3.15 2.76 4.99 5.18 3.59 5.55 8.33 5.75 5.76 6.06 6.06 6.13 1.61 3.83 3.58 6.26
28.46 30.47 30.85 30.84 28.88 29.03 30.88 29.16 29.28 20.55 18.74 13.98 13.20 12.46 13.39 12.87 11.24 7.81 7.87 10.49 15.64 21.35 21.09 19.04 16.11 12.08 7.69 5.80 4.05 10.55 14.60 14.06 15.25 17.08 17.25 15.43 16.25 16.19 13.86 9.48 6.58 6.79 8.02 8.55 7.23 9.53 7.38 5.56 7.72 7.23 4.67 4.83 4.67 3.97 3.85 3.44 2.67 2.86 2.68 2.05 2.07 2.64 3.32 3.67 3.68 5.57 3.29 3.26 5.50 3.96 4.02 3.81 3.60 6.38 6.04 5.01 3.16 6.29 4.68 4.41
33.58 31.59 28.07 26.95 28.46 29.03 25.50 25.72 22.77 20.33 14.26 13.42 11.62 11.38 10.25 7.16 11.17 13.62 12.13 16.39 21.00 24.85 21.30 16.59 12.77 10.45 7.11 5.85 4.49 9.31 12.72 12.07 8.93 15.55 14.04 11.81 14.68 16.27 15.38 13.88 11.13 10.43 9.94 8.67 10.05 5.06 4.25 5.68 2.20 2.61 3.30 3.69 3.15 2.22 2.11 2.47 1.93 2.08 2.75 3.02 4.29 4.26 4.50 4.73 3.88 3.81 4.87 4.72 3.53 3.99 4.19 5.95 6.48 6.39 5.76 5.54 3.45 3.78 2.79 4.95
35.09 31.98 29.75 32.52 28.64 24.88 19.66 20.04 15.65 15.51 13.29 11.97 11.00 9.35 6.32 16.66 18.34 19.90 18.71 20.93 22.60 24.29 18.91 13.75 9.35 8.45 5.74 5.43 7.09 6.82 9.78 11.15 7.23 17.36 14.25 8.97 13.93 15.83 14.94 17.22 14.78 9.72 7.55 6.31 8.42 6.77 7.41 2.49 2.28 2.35 2.66 2.59 2.55 2.16 1.96 2.05 1.84 1.75 2.28 3.03 3.52 3.57 3.21 3.08 3.46 3.79 3.51 2.86 4.54 5.60 6.91 9.41 6.50 6.52 8.37 6.52 5.84 3.69 7.90 5.91
35.75 33.66 30.30 26.49 23.42 22.42 18.69 14.70 13.59 14.19 12.87 11.86 11.42 11.14 20.39 20.66 23.42 24.94 25.51 23.17 19.76 22.42 18.30 12.30 11.38 10.63 7.19 7.54 6.47 10.19 12.81 11.83 11.53 14.64 16.66 9.86 10.71 15.18 13.87 15.12 7.61 11.45 3.84 3.82 4.54 6.97 2.65 2.79 2.53 2.01 1.51 1.64 1.78 1.71 1.72 1.75 2.25 2.21 1.52 1.85 2.30 3.11 3.51 3.41 4.89 5.30 5.35 5.41 8.12 8.68 8.55 5.97 6.32 6.25 5.71 6.19 6.80 7.45 3.26 3.94
37.27 34.05 27.37 22.82 20.97 12.65 11.62 14.09 14.58 14.21 11.68 10.09 12.31 17.59 24.89 27.60 25.02 25.12 23.02 20.07 18.40 19.12 17.18 16.43 15.36 12.95 9.69 6.78 6.10 13.37 17.26 15.78 16.66 19.13 19.80 8.95 10.47 15.28 13.91 12.43 11.56 10.17 9.47 6.20 2.98 3.43 3.35 1.98 2.02 2.02 1.82 1.72 1.63 1.41 1.38 1.49 2.23 2.05 2.32 2.66 1.16 1.55 2.62 3.61 3.86 3.44 3.26 3.26 2.87 2.91 3.32 3.50 3.56 6.26 6.24 6.28 3.34 3.21 3.21 6.28
37.57 31.70 25.02 21.32 13.70 15.69 17.83 17.22 15.81 14.59 12.33 19.65 18.91 23.95 22.70 26.94 22.95 22.06 19.25 18.46 19.18 17.88 17.09 19.42 14.91 11.10 8.52 4.85 8.94 16.12 20.21 19.04 20.83 23.58 22.52 7.21 13.36 16.00 13.71 11.46 10.31 9.69 8.62 9.29 6.65 4.33 1.48 1.45 1.37 1.10 1.11 0.96 1.03 0.98 0.60 1.07 1.33 1.37 2.68 2.98 2.93 3.24 1.27 2.46 3.70 3.96 4.75 3.86 7.72 4.34 3.70 5.24 4.97 4.36 4.64 4.57 4.01 3.93 4.53 6.02
35.09 29.05 23.47 20.28 19.91 20.33 18.47 17.83 18.59 16.89 18.02 25.32 30.50 28.53 26.42 23.12 20.55 18.14 17.25 18.66 19.64 17.29 14.53 9.23 16.19 9.27 4.60 9.05 16.54 23.18 24.37 20.91 22.83 25.47 23.02 9.23 13.43 14.99 12.86 12.33 10.74 9.46 7.95 7.67 9.34 6.88 5.22 2.30 2.58 2.84 1.93 0.76 0.68 1.42 0.47 0.68 0.87 1.87 2.22 2.63 2.93 6.37 3.01 1.07 2.83 3.83 4.06 4.48 4.53 3.49 3.71 4.05 4.75 5.19 4.57 3.90 3.36 3.44 4.47 4.82
33.07 31.46 26.35 24.76 23.87 24.19 22.32 21.37 21.51 20.11 26.34 22.77 27.86 22.08 18.96 19.03 18.02 15.11 15.49 18.13 19.36 20.03 16.52 18.98 16.46 8.87 11.98 18.56 22.72 25.62 26.21 20.83 22.46 27.18 19.06 11.50 8.01 9.64 9.81 9.72 10.45 8.82 7.65 6.67 7.58 8.80 9.10 8.20 7.05 2.90 1.95 1.14 0.99 0.68 0.35 0.43 0.15 1.33 2.76 3.22 3.00 2.48 2.32 2.69 3.09 3.79 3.09 5.00 5.36 4.67 3.80 4.10 5.20 5.73 5.81 5.93 8.77 6.85 7.63 3.75
34.78 33.62 28.98 30.45 31.73 27.51 23.56 20.21 22.71 24.04 22.77 16.64 20.88 17.20 12.26 13.53 14.72 12.80 15.07 17.94 20.77 22.13 20.75 19.56 17.50 16.86 20.39 21.07 19.26 22.37 24.93 16.52 21.46 27.99 22.85 14.47 14.08 17.13 11.58 11.63 12.87 10.05 6.58 5.23 4.98 6.42 7.45 7.46 7.00 6.83 3.56 3.93 1.14 0.66 0.93 0.90 0.52 1.72 2.92 2.92 2.78 2.72 2.10 2.87 4.22 5.42 5.25 5.28 5.77 6.47 9.02 8.77 6.93 3.86 5.44 5.42 4.80 3.33 4.39 5.65
36.88 33.30 31.22 32.52 23.45 22.88 19.17 22.41 30.61 29.98 17.86 11.05 18.10 14.91 11.04 11.52 13.77 13.31 17.46 21.57 22.45 22.61 20.32 17.31 15.58 16.98 16.50 14.03 14.27 21.02 23.82 14.41 20.66 28.67 31.59 19.47 14.62 11.90 14.75 15.74 13.19 12.20 7.37 3.28 1.50 1.53 5.40 7.30 6.79 5.71 5.64 3.44 4.35 1.33 1.27 0.88 0.52 0.73 1.47 1.96 2.81 5.38 5.25 4.96 0.95 1.26 6.77 6.92 6.01 2.28 2.10 1.50 6.61 6.44 3.56 4.03 4.86 7.62 8.44 2.59
37.21 30.90 24.31 22.92 18.73 16.99 15.72 29.89 24.34 21.03 11.47 14.14 7.50 14.63 8.65 10.44 13.88 14.45 21.97 25.19 22.41 21.06 18.98 15.04 13.25 14.47 11.14 8.80 14.38 22.09 20.20 13.40 17.70 28.55 37.19 25.12 16.82 14.13 19.27 14.80 12.69 10.38 10.53 2.97 1.99 1.31 1.04 2.17 2.52 5.51 5.82 4.28 3.96 2.49 2.40 4.75 4.33 3.97 3.87 3.95 2.57 2.33 0.59 0.57 0.76 0.86 4.72 1.32 1.72 1.91 1.99 4.95 6.28 6.59 2.33 2.97 2.74 2.38 2.26 2.18
32.62 29.49 21.13 15.97 12.42 9.40 22.74 30.81 21.30 13.81 10.35 9.12 11.67 10.50 5.97 7.15 8.34 11.70 27.14 26.44 20.80 19.11 15.62 11.53 12.08 13.33 9.23 9.81 18.74 22.55 15.43 10.08 18.75 28.19 31.22 21.45 17.74 17.76 18.93 16.49 15.99 13.04 11.81 9.55 6.72 2.05 1.07 1.34 1.02 1.02 0.54 6.07 2.91 3.94 3.10 7.84 8.86 4.64 4.48 3.34 2.56 2.71 0.40 0.21 0.47 0.97 1.37 1.94 2.47 2.83 3.30 2.95 6.47 1.43 1.92 2.15 1.73 1.65 2.03 6.62
27.62 20.79 20.52 7.50 14.62 24.12 31.76 20.45 11.01 11.28 5.52 6.08 10.87 7.93 4.84 10.75 20.46 28.33 24.21 18.97 19.84 18.75 12.08 8.54 12.61 10.09 6.29 11.65 20.29 18.30 10.39 16.00 20.14 27.08 28.73 22.01 23.13 20.88 13.39 15.92 17.11 15.84 12.90 12.30 9.84 3.13 2.60 1.86 1.24 0.83 0.33 0.61 2.66 3.94 6.81 3.28 2.46 2.65 0.96 0.48 2.16 2.46 2.61 2.66 3.23 4.00 1.94 2.53 3.34 3.94 3.85 6.23 1.95 1.81 2.26 2.59 2.85 3.10 6.48 6.68
24.59 18.14 12.39 17.66 22.27 24.71 18.65 12.88 12.17 7.54 5.19 7.72 8.18 7.24 10.97 17.61 27.94 31.65 21.72 13.39 18.37 15.84 11.13 14.16 13.70 7.54 6.94 14.74 18.37 13.07 15.46 19.11 19.93 24.46 34.07 24.47 27.13 25.98 22.23 13.29 15.35 17.77 11.68 12.73 10.33 10.30 9.06 8.07 3.44 1.95 0.78 0.82 0.69 0.41 0.27 0.46 0.49 0.74 1.53 1.46 1.13 0.79 0.65 0.93 1.27 1.67 4.50 5.24 6.40 6.63 3.25 2.77 2.12 2.30 2.80 3.28 3.89 4.48 7.62 6.95
21.50 15.70 19.63 20.62 26.64 18.46 10.74 12.39 9.48 1.84 5.03 7.38 7.53 8.64 16.58 26.59 35.20 31.03 18.44 12.35 18.69 18.56 16.54 16.40 11.44 6.63 9.96 14.71 12.30 9.96 18.93 19.00 21.16 24.34 31.53 30.05 21.84 24.58 21.83 20.47 17.40 19.58 17.45 16.35 14.90 10.64 8.93 2.69 2.59 1.68 7.23 2.28 0.42 0.16 0.45 0.78 0.71 0.27 0.90 1.22 1.19 1.32 1.55 1.66 1.91 3.55 3.44 1.35 1.38 1.89 2.27 2.43 2.39 2.78 3.40 3.83 6.71 6.91 4.85 5.23
17.41 23.61 17.75 22.78 21.03 12.54 8.04 9.23 1.87 4.70 7.61 9.98 16.16 20.34 25.97 34.49 36.18 26.53 16.09 12.26 17.92 19.03 17.76 11.78 9.85 8.30 9.64 9.75 9.69 14.04 19.11 20.78 20.60 25.07 31.62 31.20 20.88 23.61 21.24 22.55 20.68 21.36 19.36 17.93 17.87 14.16 12.88 11.28 3.91 8.79 8.25 8.15 7.84 6.24 1.32 1.44 1.32 0.96 0.87 0.54 0.14 0.70 1.28 1.67 1.99 2.10 1.88 1.57 1.54 1.62 1.91 2.41 2.84 3.17 5.70 6.06 4.45 4.73 4.93 5.13
24.06 23.15 14.82 18.91 15.31 12.45 13.41 5.57 4.95 7.57 10.29 20.09 23.40 26.47 31.34 35.71 31.67 21.46 14.55 22.70 18.86 18.30 19.13 16.36 13.47 10.30 8.85 8.83 11.37 16.66 20.27 19.16 22.02 26.01 32.82 28.29 25.81 23.12 20.45 20.20 21.21 22.10 19.68 17.73 19.32 16.77 13.92 12.79 10.70 9.80 8.77 8.41 7.37 1.19 1.57 1.37 1.06 0.79 1.16 1.35 1.05 0.62 0.50 0.88 1.34 1.47 1.45 1.52 1.79 2.11 2.47 2.84 3.09 3.35 5.52 4.05 4.61 4.98 4.95 4.74
25.66 16.03 6.34 4.15 8.55 2.59 6.52 6.79 8.05 18.22 23.31 25.64 26.97 29.72 33.42 33.25 26.33 18.25 13.49 21.22 20.58 19.86 18.95 17.27 13.26 11.27 8.69 8.62 12.76 17.19 19.48 20.37 23.68 28.78 28.30 26.16 22.98 23.87 20.46 20.39 21.57 25.35 25.21 19.37 19.66 18.30 15.83 14.44 12.78 11.80 10.77 8.81 8.92 0.97 1.47 1.42 0.92 0.41 0.69 0.88 1.03 0.99 0.91 0.95 0.83 0.89 1.17 1.25 1.60 2.26 2.66 2.94 3.30 3.73 4.93 4.17 4.41 4.75 4.72 4.26
11.55 13.24 5.95 4.55 7.78 6.39 5.59 9.82 23.34 28.14 28.77 28.45 30.73 33.95 33.94 29.57 22.03 19.26 15.39 20.85 21.19 19.50 17.38 16.35 13.47 12.58 7.62 8.62 14.88 17.86 19.58 22.95 24.24 29.69 26.24 23.83 20.81 19.83 19.08 19.28 21.89 25.89 25.52 22.95 19.79 19.45 18.55 16.22 11.75 13.77 12.39 11.10 9.26 8.56 2.01 2.02 1.16 0.52 0.59 0.67 0.59 0.69 1.02 1.25 1.15 1.03 1.21 1.33 1.49 1.96 2.54 3.14 3.58 4.12 4.63 4.55 4.09 4.22 7.05 6.57
14.60 19.38 11.02 4.71 12.88 15.28 20.27 27.52 31.22 31.06 29.84 31.12 33.84 33.34 29.16 24.33 17.66 16.98 20.66 21.85 14.78 14.88 17.00 18.57 14.24 10.06 5.55 11.85 13.62 16.73 20.56 26.69 25.27 26.52 25.22 21.30 17.92 18.94 18.00 15.94 20.72 24.82 26.62 25.60 21.97 22.64 18.52 17.77 13.86 11.44 16.70 13.44 10.27 8.78 3.70 3.17 1.57 0.41 0.40 0.53 0.46 0.56 0.97 1.23 1.38 1.55 1.62 1.65 1.63 2.07 2.67 3.16 3.56 3.95 4.55 4.83 4.35 4.03 4.68 4.79
22.99 17.34 11.30 14.63 19.69 25.32 30.16 32.55 31.66 30.15 30.16 31.38 31.07 27.37 23.94 20.74 19.25 16.26 18.98 22.47 22.40 9.05 21.05 20.78 13.71 8.55 4.79 12.14 19.14 22.01 23.04 27.65 26.48 24.25 23.85 20.13 14.99 20.23 16.96 17.05 19.07 24.45 28.65 27.00 24.14 24.36 21.03 20.51 20.57 15.45 13.38 15.00 11.76 5.64 5.91 4.91 3.12 1.33 0.32 0.20 0.39 0.56 0.91 1.26 1.55 1.91 2.03 2.04 2.07 2.44 2.96 2.67 2.86 3.71 4.06 5.87 4.99 5.03 5.49 5.72
16.56 16.13 13.89 21.72 27.95 31.84 33.09 32.42 30.81 29.85 30.36 29.05 26.98 24.26 22.59 19.32 19.13 16.08 21.62 23.08 17.41 13.09 15.52 21.20 16.01 9.05 4.72 13.95 17.74 24.22 26.38 27.85 24.87 20.62 20.37 19.01 14.17 18.36 15.80 15.88 18.06 21.04 24.59 21.37 22.46 25.88 24.17 24.19 23.01 16.09 16.24 18.19 14.37 12.64 8.63 6.92 4.83 2.89 1.33 0.60 0.57 0.70 1.05 1.54 1.95 2.21 2.10 2.20 2.53 2.88 2.99 2.89 2.41 3.69 3.82 4.22 4.60 5.06 5.36 5.88
18.30 19.89 21.83 27.60 32.32 33.13 32.65 30.84 29.25 28.42 27.64 25.96 24.60 23.24 21.98 18.29 18.54 22.96 21.77 25.09 19.56 18.78 21.83 17.33 15.25 3.68 6.88 15.95 21.11 25.44 24.89 24.60 25.11 19.31 17.86 17.35 15.29 17.92 14.59 14.43 14.30 17.70 22.53 21.74 20.11 18.87 21.17 22.75 22.39 21.91 20.03 21.33 17.22 14.55 15.18 8.84 6.01 3.82 2.89 2.49 2.50 2.43 2.41 1.06 2.53 2.47 2.21 2.22 2.73 3.24 3.55 3.86 3.63 3.78 3.55 3.63 3.98 4.01 5.74 7.47
20.27 19.38 19.80 28.69 31.85 30.66 28.90 27.23 26.11 25.95 24.96 23.47 23.01 21.87 25.63 17.47 18.54 21.45 22.48 24.68 21.42 19.94 18.25 16.35 14.57 2.85 14.80 17.48 23.10 23.70 18.98 25.26 24.88 20.72 18.53 14.96 14.70 16.75 14.98 13.10 13.81 18.92 20.50 21.47 20.26 19.90 22.45 25.29 25.40 24.66 22.90 21.62 18.25 15.75 14.16 18.29 6.33 4.74 4.20 4.61 4.41 4.21 3.88 3.47 3.14 2.82 2.52 2.45 2.80 3.22 3.49 3.92 3.40 4.17 4.11 4.11 2.95 5.06 4.06 4.61
19.89 16.31 22.18 29.22 29.72 27.18 25.04 23.99 23.98 26.72 22.91 22.08 21.56 20.74 21.04 17.43 18.90 20.09 23.09 24.05 23.22 21.79 16.87 15.97 11.81 4.60 17.64 17.69 23.86 19.49 14.78 22.74 25.48 21.02 18.56 14.36 16.44 18.60 14.86 12.49 16.97 17.74 19.72 20.97 20.23 19.85 26.22 24.31 25.45 21.84 20.60 23.41 19.67 14.91 15.86 15.07 13.67 1.07 4.75 5.08 5.14 4.72 4.38 4.14 3.93 3.57 3.17 2.22 3.37 3.62 3.79 4.04 2.72 2.84 3.35 3.70 4.41 4.99 5.10 7.66
16.27 18.08 25.73 27.14 27.78 24.89 22.73 25.83 25.81 26.03 25.24 24.90 23.94 24.18 22.16 17.17 19.31 20.18 22.42 23.42 22.18 19.88 13.85 12.57 6.44 7.63 14.81 22.24 25.00 16.93 16.28 25.75 25.35 20.32 17.26 17.31 18.70 18.23 14.11 15.84 14.89 16.36 17.73 20.68 20.54 18.87 18.76 26.01 26.59 25.71 22.28 19.77 19.21 16.67 18.02 17.74 15.01 12.89 6.26 5.29 5.60 5.27 4.61 4.41 4.44 4.16 3.90 3.83 2.64 4.13 4.32 4.50 3.00 3.79 4.00 3.66 3.45 4.33 4.95 5.99
