examples/cougarCreek-fire/createInputs/farsite/7a-cougarCreek-polygonIgnit/cougarCreekFire_08-10-2015_2200_217m_non_neutral_stability_ang.asc
ncols	146
nrows	140
xllcorner	610065.000000
yllcorner	5095217.000000
cellsize	216.586807
NODATA_value	-9999.000000
[rows 42 to 83 of 140, columns 0 to 93 of 146]
264 264 263 262 261 261 258 259 258 258 257 257 251 242 236 233 231 239 248 250 249 241 223 212 226 235 233 226 220 216 198 184 187 189 177 168 157 154 153 147 142 151 150 148 144 136 142 159 160 163 159 161 159 157 156 156 155 154 151 149 148 146 143 140 138 135 134 134 135 136 136 136 135 134 134 136 138 140 144 148 166 162 137 137 152 153 151 149 150 152 153 155 156 145
265 264 264 263 262 230 259 258 257 257 256 245 233 231 228 229 235 240 244 246 241 224 212 216 229 233 227 218 219 217 200 187 179 172 177 171 163 153 153 151 145 140 138 140 170 166 161 160 142 157 162 161 159 156 155 154 153 151 131 146 146 144 142 142 143 144 144 144 144 143 143 143 142 141 140 139 139 139 143 146 147 148 147 137 152 153 153 151 150 151 152 154 157 153
265 264 264 263 262 255 258 257 257 251 237 228 228 233 230 231 230 230 238 238 230 219 216 220 228 228 217 215 219 216 199 190 184 175 174 168 170 161 157 154 165 156 177 173 168 164 143 147 163 167 164 162 159 157 156 155 154 153 150 149 150 150 146 147 147 146 145 145 145 144 143 142 141 140 138 148 146 143 144 146 148 148 166 137 152 142 154 154 152 152 153 153 156 153
266 265 264 263 256 256 255 255 255 230 226 227 236 241 236 230 223 234 242 241 234 224 220 217 224 221 214 217 222 214 198 191 188 180 174 169 166 161 156 154 153 182 178 171 166 147 143 164 170 169 167 150 160 157 156 156 156 155 153 150 151 153 147 142 137 131 132 131 130 131 133 140 139 138 137 137 137 137 147 148 149 149 167 138 152 152 142 153 153 153 153 154 155 148
267 266 229 263 255 255 235 237 231 224 226 235 242 239 232 228 230 244 245 243 238 220 210 206 214 215 215 221 222 211 196 192 189 184 173 166 166 164 157 154 178 179 174 156 146 149 155 168 163 171 170 167 161 157 156 157 157 156 155 146 143 143 138 130 129 130 131 129 132 140 142 141 138 138 137 140 141 137 150 150 151 150 148 156 136 152 152 152 152 153 154 154 155 158
267 226 249 263 261 253 229 231 230 225 234 242 245 241 240 247 238 249 245 239 228 206 201 202 211 215 221 224 219 209 200 195 190 185 173 163 163 164 162 156 150 145 156 154 156 160 174 176 175 174 172 170 164 161 158 157 156 153 140 135 134 132 131 133 135 135 135 136 139 141 139 137 133 137 138 140 142 141 135 151 152 151 149 149 135 153 153 153 153 153 153 153 154 158
267 228 235 238 229 230 224 232 240 234 242 247 247 249 242 238 252 246 241 233 221 202 200 209 217 222 228 225 217 216 207 202 199 185 169 162 162 167 164 170 168 164 169 161 163 159 176 154 176 173 170 171 161 158 157 147 137 140 152 154 150 141 141 148 147 144 143 142 140 136 133 131 133 133 137 138 138 146 137 150 152 151 149 149 162 139 154 154 154 155 154 153 154 156
229 252 230 227 245 230 237 251 250 242 244 247 246 244 250 241 234 229 222 224 220 201 203 217 217 222 224 221 223 220 208 205 207 188 168 162 161 162 162 165 170 163 166 170 162 178 158 176 174 171 171 157 168 152 140 141 140 142 147 153 158 160 158 147 137 137 136 133 132 132 131 131 130 135 136 137 136 134 131 135 152 151 148 147 150 154 160 132 155 156 130 155 154 155
251 228 227 244 246 257 255 252 250 248 249 249 246 248 234 224 224 218 218 223 220 206 205 204 206 211 210 218 219 216 203 206 205 187 174 163 161 162 161 165 163 162 160 168 174 171 166 166 169 174 167 166 171 171 166 150 158 156 146 147 154 159 162 162 144 134 132 128 129 128 128 128 134 136 138 137 134 134 133 136 154 152 147 145 146 150 153 155 156 138 132 131 157 157
250 247 244 249 258 257 252 250 249 249 249 248 244 240 222 219 220 217 220 223 217 213 206 195 203 212 221 215 220 211 202 206 200 185 174 167 168 166 165 166 162 156 155 159 171 171 172 172 172 173 173 173 171 176 172 132 157 156 156 144 145 153 161 164 161 153 145 136 137 148 151 140 145 146 149 150 150 151 154 143 155 154 151 146 146 146 148 152 155 156 145 136 131 159
230 245 232 260 258 252 251 250 246 249 248 240 225 222 216 216 218 219 221 220 215 217 215 211 206 205 202 213 222 203 198 202 197 185 172 167 167 165 165 162 156 152 152 153 156 167 167 168 167 168 171 172 172 174 173 189 146 159 140 142 141 143 156 157 161 159 160 156 153 155 156 159 155 154 154 153 153 152 152 154 138 155 155 152 150 148 146 148 150 153 156 158 159 160
248 228 263 260 252 248 241 240 242 247 236 220 231 229 229 227 225 223 223 219 214 214 211 194 219 202 226 213 205 196 190 198 199 186 169 165 163 160 153 149 150 151 152 151 152 166 164 168 167 166 166 166 167 172 170 175 155 153 161 159 157 158 161 158 157 157 156 155 155 155 153 151 152 153 153 152 135 132 152 153 153 154 146 154 154 152 150 149 149 150 152 155 158 160
249 227 253 249 232 230 238 243 243 241 221 229 228 229 228 224 226 229 226 221 215 212 207 202 212 214 207 202 204 197 186 201 201 188 183 165 171 164 155 156 159 154 153 153 167 164 162 169 168 167 166 164 164 163 168 165 163 164 165 163 161 163 160 156 154 153 153 153 154 153 151 150 151 152 153 153 153 153 152 151 150 151 152 152 153 154 153 152 151 150 150 153 156 158
248 240 247 231 240 236 246 243 227 223 230 226 228 229 229 225 225 227 220 217 209 204 203 206 212 207 203 206 209 198 187 202 200 190 170 189 179 183 173 165 164 163 156 157 174 167 170 169 168 168 167 165 163 161 160 163 162 165 164 163 164 163 159 157 155 153 152 153 153 153 153 152 152 152 152 152 151 151 151 150 150 152 141 132 154 154 154 154 154 153 153 154 155 156
241 266 244 241 255 244 251 231 232 230 228 228 227 226 228 227 223 223 221 203 205 201 201 208 211 207 211 214 211 194 189 202 201 190 173 163 181 182 171 172 170 172 165 154 158 175 169 170 167 166 166 166 165 162 160 160 163 164 163 163 163 162 161 160 159 158 157 155 155 155 155 155 155 154 152 150 150 151 150 150 150 134 151 152 153 139 155 155 156 156 156 156 157 157
269 266 241 259 255 253 250 233 247 243 240 233 236 232 229 227 227 233 202 196 204 200 202 210 212 208 214 215 204 191 197 207 210 202 164 163 182 176 163 171 170 170 168 164 155 179 176 172 171 167 164 165 166 164 163 165 165 165 164 164 162 161 161 160 159 160 160 159 157 156 156 157 157 156 154 153 153 153 152 129 152 151 150 150 151 152 153 154 150 150 156 157 157 159
268 264 261 258 256 258 235 248 244 241 241 235 236 233 239 237 237 225 221 205 204 202 210 207 212 212 205 215 197 194 206 210 209 204 164 163 174 174 163 173 165 161 166 168 164 157 161 177 175 170 168 165 151 166 167 167 166 165 165 164 163 162 160 159 159 158 158 158 157 157 158 157 157 157 156 155 142 136 134 130 154 154 153 152 151 150 151 137 153 154 155 156 157 157
266 262 258 257 256 244 251 245 242 237 241 237 238 232 231 228 236 223 219 215 206 210 208 209 208 209 206 209 198 204 213 209 202 198 179 165 167 173 172 179 174 166 166 170 173 168 166 176 157 174 170 172 170 169 170 169 167 165 165 164 164 163 161 161 161 159 140 158 157 157 158 157 157 157 145 123 130 129 134 135 155 155 155 155 154 153 153 153 154 154 154 155 156 157
265 260 258 257 244 253 249 244 239 245 238 236 233 231 228 237 250 209 218 214 206 206 207 205 210 210 215 207 208 214 212 203 200 196 184 172 164 172 174 176 176 172 170 166 171 172 171 168 166 174 178 147 168 173 173 172 170 168 167 166 165 163 162 147 143 162 162 161 160 159 158 157 143 138 129 129 135 125 131 134 132 133 133 133 132 132 132 155 154 154 154 155 156 157
263 260 259 258 255 252 247 243 240 238 236 234 231 243 239 236 190 207 203 201 209 201 206 211 211 210 208 214 216 213 204 199 201 194 183 176 170 171 176 175 176 171 171 165 163 167 166 165 166 173 178 178 176 175 175 174 173 167 163 163 161 159 154 147 162 163 163 163 162 160 149 138 130 128 135 125 129 134 141 142 140 142 138 140 141 140 140 138 155 155 155 154 155 156
262 260 259 258 254 250 246 243 241 238 235 248 245 241 248 220 209 205 215 202 209 202 198 208 209 210 218 218 216 209 201 202 206 195 178 178 174 173 177 179 177 171 173 176 165 166 164 164 165 172 178 177 176 168 175 174 178 172 153 140 160 162 159 157 154 156 164 162 156 144 125 127 124 136 123 131 136 137 135 140 139 139 142 140 154 137 138 138 155 155 155 155 155 155
262 259 258 256 253 250 246 243 240 255 251 246 244 255 242 191 205 216 202 194 198 199 196 203 210 210 217 219 216 209 205 208 208 189 175 178 179 175 178 180 178 170 170 178 173 171 172 167 165 173 179 178 177 165 175 174 187 173 160 159 171 170 133 132 133 154 153 148 155 131 129 129 127 125 129 133 137 145 136 135 139 155 141 140 154 134 134 137 155 155 155 155 157 156
261 258 255 253 251 248 244 241 258 253 257 255 259 260 197 206 203 200 203 194 201 204 200 204 210 211 217 218 211 207 206 203 198 187 179 179 183 179 181 184 179 170 160 173 176 172 173 179 178 164 172 179 178 177 176 175 175 175 173 160 171 175 169 156 150 146 150 154 163 158 140 149 148 148 146 135 142 141 129 129 133 138 154 154 154 154 155 139 155 155 155 155 155 155
259 255 253 250 248 245 242 260 256 252 242 239 229 196 206 203 201 200 210 192 212 210 202 200 208 210 213 220 215 212 208 196 193 186 180 182 187 183 184 190 182 172 160 170 175 173 176 174 179 181 173 181 179 179 183 176 176 175 174 157 172 170 169 160 157 149 150 150 162 164 143 141 147 151 148 131 122 130 131 129 128 127 128 129 128 130 154 154 154 155 155 154 156 155
257 254 252 249 270 268 264 267 258 250 238 226 211 196 204 201 216 201 214 203 211 210 209 207 209 212 215 214 220 214 204 189 188 187 183 185 192 183 186 195 185 175 163 158 179 179 180 180 179 186 179 173 182 162 178 177 177 177 176 175 144 171 159 162 162 155 160 155 146 141 140 150 139 145 147 130 137 133 122 126 129 132 130 127 125 125 155 155 154 154 154 156 155 156
256 252 250 267 269 268 273 262 252 242 225 212 204 197 202 218 215 203 213 199 210 210 209 207 206 213 216 215 215 204 194 187 186 190 188 188 195 185 189 200 185 181 164 178 175 162 163 164 159 182 170 173 173 182 175 178 179 178 177 132 175 154 156 171 163 156 157 168 167 139 137 138 141 145 154 165 161 160 160 159 159 158 157 156 155 156 132 131 156 155 154 154 154 155
254 251 249 260 259 249 235 228 222 221 202 209 210 219 202 217 213 203 208 204 210 203 210 196 203 205 206 216 210 198 194 187 186 192 193 192 196 189 192 199 191 196 182 194 179 176 175 158 174 168 164 186 184 183 181 164 179 179 179 168 146 155 161 156 165 160 159 168 167 154 135 132 144 144 137 158 163 147 159 158 130 122 122 124 128 132 155 129 155 155 154 155 153 154
253 250 249 251 238 214 212 213 215 217 200 195 197 218 200 216 212 211 202 211 207 202 198 199 206 206 206 217 204 198 203 190 183 191 194 199 200 192 193 200 204 210 184 182 179 177 177 177 175 174 174 186 185 185 184 182 168 179 180 188 139 177 175 142 152 147 145 169 168 168 152 138 137 148 134 137 146 161 119 160 159 159 158 157 156 155 155 156 155 154 155 154 154 154
251 249 249 249 231 208 207 214 216 213 205 202 195 195 196 214 210 211 203 211 211 201 208 206 214 206 220 221 201 203 212 194 183 189 195 204 198 190 194 204 207 201 195 186 181 178 160 160 176 174 190 188 187 164 187 185 182 179 180 182 184 180 178 176 174 136 139 148 169 168 170 153 146 148 145 143 140 162 128 123 127 122 127 129 133 158 157 157 157 130 157 156 155 155
250 248 248 244 229 206 208 218 215 209 208 206 215 193 215 212 209 210 204 210 192 204 208 212 206 206 220 204 196 209 212 192 204 203 198 200 194 190 196 208 202 193 196 185 183 180 178 157 176 175 175 190 173 165 162 187 185 182 180 182 183 175 181 179 177 175 174 130 146 169 169 158 146 142 142 145 147 143 140 136 160 159 139 167 126 129 129 126 133 131 130 131 129 158
249 247 245 241 225 206 210 219 213 206 210 207 213 221 191 210 208 209 207 210 209 208 208 212 206 222 216 200 202 213 208 189 184 195 208 203 189 194 198 206 198 189 197 207 164 181 182 159 177 195 176 192 158 171 190 189 188 185 182 182 183 183 168 163 156 177 129 175 173 148 170 152 142 134 134 142 154 150 153 147 136 134 141 164 157 154 149 154 156 158 159 142 137 136
248 245 243 239 219 208 210 215 205 202 207 206 211 211 190 209 207 208 209 209 208 208 208 213 206 223 210 206 219 210 199 188 185 204 214 204 194 180 199 209 200 190 198 208 184 183 159 186 185 197 176 196 159 193 167 191 190 188 185 183 183 184 185 163 157 155 162 144 137 136 136 137 139 138 139 146 157 154 156 156 137 133 136 152 164 160 144 142 150 157 157 156 141 137
246 243 240 237 216 210 210 208 200 200 205 206 210 199 212 209 207 208 209 208 208 208 207 214 205 220 207 220 215 205 192 186 191 211 214 200 194 182 201 213 205 188 191 202 201 187 180 185 187 189 198 159 159 194 193 160 192 190 188 185 184 185 185 170 154 153 154 155 155 163 165 157 157 171 150 152 156 155 156 159 150 134 134 137 148 160 151 134 135 150 156 157 153 137
243 240 238 221 211 211 213 206 200 205 213 211 200 196 211 208 206 207 208 199 207 207 207 206 220 214 210 211 207 203 193 188 208 215 208 191 193 190 200 209 205 185 187 199 203 188 204 156 200 190 200 199 166 196 194 177 164 192 190 188 186 186 186 184 158 162 152 161 159 158 175 174 161 160 171 156 155 159 155 154 153 134 126 130 136 150 153 142 132 133 146 156 158 150
241 238 236 214 208 210 216 208 203 218 212 210 209 194 209 207 205 206 211 207 207 207 206 205 213 210 214 211 201 205 198 193 211 213 194 192 193 195 202 206 201 186 186 196 204 205 168 203 201 190 201 200 199 197 196 185 163 194 192 190 188 187 186 186 174 158 157 157 161 153 165 171 168 160 166 168 154 159 161 147 143 134 135 132 136 150 144 144 136 131 156 134 156 158
238 236 234 208 209 217 220 207 212 224 210 225 208 207 207 205 205 206 206 206 206 206 206 211 197 210 213 208 205 210 204 196 212 205 192 192 205 196 203 207 200 193 194 198 205 207 189 204 203 191 202 201 200 199 198 186 163 195 194 192 161 188 188 187 182 163 163 161 151 155 157 166 169 163 172 170 169 158 167 153 149 148 138 136 140 158 147 135 136 132 126 156 133 156
235 233 232 206 211 223 216 204 213 218 216 200 208 207 206 205 205 206 206 206 206 205 205 190 186 208 208 208 207 213 213 193 202 196 195 207 206 198 208 215 193 191 196 197 203 203 199 180 205 190 191 203 201 201 200 200 162 165 164 195 192 190 189 189 189 164 158 157 151 181 179 177 157 159 172 171 171 171 134 147 157 160 151 144 144 159 158 146 144 146 139 132 157 155
233 231 229 205 208 221 213 205 210 212 209 197 197 207 206 205 205 205 205 205 205 205 206 206 205 207 209 211 207 211 211 190 193 198 194 208 207 199 216 212 194 191 193 197 201 199 200 200 173 206 191 204 203 202 203 204 200 162 175 196 194 192 190 190 190 186 150 149 147 183 181 179 177 154 167 173 170 168 133 139 153 162 159 151 144 159 157 158 158 158 157 143 137 156
230 228 227 200 208 219 217 209 209 210 207 201 211 206 205 204 204 204 204 204 204 205 188 205 182 205 209 207 208 204 208 195 195 207 194 208 207 200 216 201 196 197 192 195 197 198 201 211 208 207 205 205 204 204 203 202 201 155 196 197 197 195 193 157 191 191 158 147 151 152 152 152 179 176 151 159 170 168 162 144 145 158 162 161 160 159 157 158 158 158 157 157 157 136
226 225 225 196 219 217 215 213 205 202 201 210 212 205 204 203 203 203 203 203 204 195 205 205 187 200 205 206 203 192 207 205 205 202 195 192 195 206 213 209 208 209 197 191 191 199 203 208 216 208 207 206 205 204 203 187 160 201 201 190 198 197 196 194 178 191 188 154 153 154 142 153 153 178 175 173 170 168 165 151 144 163 162 161 161 159 158 158 157 158 157 156 158 137
223 222 222 196 217 215 213 213 198 192 199 203 209 204 203 202 202 202 202 203 208 183 205 205 189 202 205 206 199 189 207 212 206 194 196 193 198 215 206 209 209 209 201 193 189 195 203 208 217 193 209 207 206 205 189 190 196 164 194 201 172 199 198 196 194 192 192 166 156 161 157 157 174 147 176 141 158 169 168 156 148 164 162 161 160 160 159 158 156 157 157 156 158 158
220 220 219 217 215 213 211 213 196 190 207 202 199 202 197 202 201 201 202 206 201 184 204 205 187 204 205 206 201 193 212 213 198 198 199 197 209 209 200 210 210 198 210 196 210 210 209 219 212 200 191 208 206 199 175 191 205 192 189 203 196 174 156 198 196 194 193 182 159 160 155 151 176 176 154 148 150 161 160 154 153 165 163 160 160 160 159 159 158 156 157 156 158 158
