examples/cougarCreek-fire/createInputs/farsite/7a-cougarCreek-polygonIgnit/cougarCreekFire_08-13-2015_1200_217m_non_neutral_stability_vel.asc
ncols	146
nrows	140
xllcorner	610065.000000
yllcorner	5095217.000000
cellsize	216.586807
NODATA_value	-9999.000000
[rows 72 to 107 of 140, columns 0 to 81 of 146]
17.06 19.73 25.47 26.44 22.83 19.39 17.39 19.74 19.21 18.29 16.60 15.61 13.01 14.77 15.09 8.85 10.58 4.64 9.24 11.11 11.50 3.17 3.54 4.90 9.75 16.35 12.33 12.06 10.13 7.35 7.43 14.48 15.50 9.25 5.24 6.07 9.71 10.60 3.53 11.44 6.84 5.60 8.56 7.93 8.58 9.05 8.02 7.60 4.93 5.84 6.05 6.26 3.29 7.19 6.47 5.09 9.05 10.56 5.99 11.06 11.86 12.18 12.01 11.71 11.31 11.31 11.66 11.87 12.05 12.46 9.26 9.09 7.93 7.80 6.83 9.62 6.20 6.70 6.85 7.09 8.29 7.36
18.97 22.30 27.87 27.11 20.88 18.34 16.95 20.35 19.40 17.81 15.69 15.25 12.96 14.45 13.12 7.25 9.52 4.66 6.78 10.89 8.10 1.70 5.18 5.80 9.85 16.74 7.62 8.38 12.16 7.26 10.69 15.34 15.09 6.23 13.42 7.45 12.07 12.42 3.47 11.32 6.32 7.50 8.99 7.89 1.03 10.02 10.50 5.60 3.91 3.30 6.57 5.86 3.02 10.07 6.29 8.81 9.31 11.18 11.56 12.27 12.75 12.86 12.51 12.07 11.65 11.43 11.56 12.13 12.80 13.19 11.00 10.29 9.22 8.39 6.79 4.84 5.85 6.05 6.51 7.73 8.51 6.80
22.74 23.67 25.66 24.76 18.57 16.67 20.81 19.53 18.02 16.07 14.18 13.77 13.79 13.21 11.81 7.28 9.54 7.55 1.51 11.45 2.27 7.04 2.83 1.82 14.61 16.48 9.17 9.64 11.86 9.65 14.38 15.83 13.06 12.39 13.82 8.67 13.58 12.67 2.62 12.22 12.04 7.06 4.49 8.84 8.78 9.91 10.95 7.57 5.18 2.36 3.99 3.42 3.86 7.23 10.80 6.39 9.58 12.08 12.27 10.35 13.51 13.34 13.11 12.55 11.88 11.31 11.17 8.13 8.83 9.12 10.52 9.19 8.13 6.80 5.39 4.53 5.52 5.99 6.64 10.79 7.95 6.71
24.76 23.86 28.59 23.50 22.44 20.47 19.14 18.00 16.63 14.16 10.61 10.61 14.15 12.00 10.76 7.39 9.60 3.16 2.40 9.43 2.28 6.21 3.16 5.82 14.84 3.21 6.51 4.40 6.75 8.51 12.93 15.01 6.57 13.94 6.44 11.67 14.11 10.69 4.45 8.45 12.70 9.24 5.77 9.62 8.91 2.79 10.52 10.47 6.79 4.34 3.74 1.94 3.27 7.16 11.20 8.79 5.80 6.99 9.55 7.00 12.86 13.50 13.68 13.03 12.11 11.31 11.11 11.39 8.31 6.46 7.12 6.98 5.92 4.66 4.27 4.20 4.95 6.16 6.65 7.26 7.39 5.89
25.21 25.87 24.49 23.54 21.23 19.33 17.92 17.35 16.27 7.74 8.36 10.52 11.16 13.74 8.97 6.68 10.55 6.97 4.66 5.10 3.34 5.37 5.02 14.84 2.89 6.26 3.79 4.93 9.10 6.86 10.43 12.86 10.66 12.24 10.90 15.97 14.86 8.36 5.05 9.09 8.42 8.47 8.77 5.84 9.37 9.45 6.69 8.32 7.47 1.73 1.78 1.04 0.95 7.33 7.87 8.83 6.09 5.30 8.27 8.85 10.23 13.28 13.61 13.01 12.21 11.46 11.11 7.54 10.37 4.33 3.02 3.41 3.18 3.02 3.61 5.37 4.79 6.30 6.90 6.00 4.20 5.65
26.48 26.20 24.45 23.03 20.53 19.36 17.55 18.01 20.00 9.10 10.27 11.29 10.01 14.44 6.57 4.54 11.20 7.31 5.75 5.37 3.40 2.77 6.26 4.59 13.53 5.41 4.00 5.66 6.82 4.30 7.88 11.15 10.21 6.42 11.66 15.87 15.13 7.84 4.75 9.47 5.00 8.51 7.58 6.65 10.51 9.87 2.29 10.54 8.01 1.78 0.16 0.59 1.89 6.49 7.23 8.37 5.48 8.22 11.51 12.06 4.99 12.56 12.58 12.27 11.85 7.74 7.25 7.10 5.53 2.77 0.66 2.14 2.74 2.22 3.69 8.14 5.55 5.36 9.83 7.38 4.99 5.39
27.42 26.34 23.81 22.22 20.46 18.04 21.05 18.57 15.99 10.11 11.21 10.58 7.66 13.80 4.54 2.51 11.66 7.77 7.69 5.46 3.21 11.77 5.31 12.89 12.60 7.32 6.28 5.64 5.92 2.96 10.75 11.81 7.53 9.33 13.01 18.06 14.92 8.45 10.34 10.90 9.76 10.97 6.41 7.19 4.96 10.54 3.97 5.88 8.21 3.35 0.71 1.72 1.38 6.21 7.42 8.36 5.59 4.70 6.88 9.87 8.44 9.33 11.52 11.53 11.47 7.31 10.11 5.77 8.39 6.55 5.59 1.46 1.34 1.74 4.04 7.63 8.41 8.92 9.64 5.06 5.55 8.95
26.44 26.45 23.91 21.73 20.56 23.94 20.19 17.41 19.22 8.75 12.52 7.00 12.42 4.44 3.13 10.61 7.28 5.84 6.98 8.77 10.05 11.60 8.73 12.08 11.10 8.05 5.93 3.89 6.04 3.33 3.93 12.12 11.16 8.07 14.29 15.38 16.74 8.09 11.34 11.87 8.89 12.10 10.34 7.61 11.39 2.24 2.49 3.52 7.13 8.30 1.73 3.49 2.57 5.07 9.69 11.91 13.06 4.55 7.56 8.89 11.22 6.83 7.70 8.70 10.67 10.56 10.08 9.27 8.45 7.29 6.33 6.44 6.71 2.13 3.39 4.83 7.70 8.60 9.63 9.46 2.89 7.22
27.15 25.32 23.43 22.70 21.77 17.32 13.71 21.16 18.02 12.57 5.57 20.86 4.68 3.85 2.14 9.98 3.70 4.92 6.80 8.43 9.82 5.11 11.84 11.25 10.72 7.94 4.94 0.83 5.12 6.31 2.98 9.33 10.70 5.22 13.49 14.90 14.15 6.84 12.61 10.39 7.16 6.58 13.06 9.44 7.46 6.05 2.26 9.59 10.10 10.20 5.24 4.67 5.89 8.55 9.99 12.41 12.85 11.43 9.11 10.93 11.17 10.97 10.84 2.80 9.47 9.96 10.24 9.40 8.56 7.67 7.08 7.21 7.21 7.06 2.44 1.75 7.28 8.71 7.25 8.67 0.13 3.63
27.96 23.27 23.21 12.36 23.58 17.61 16.16 14.28 18.56 18.93 4.60 4.23 5.37 3.73 1.39 9.09 3.76 4.58 6.67 8.51 6.69 10.52 10.68 10.08 10.18 10.14 2.70 5.02 6.64 11.59 3.08 5.10 5.73 7.31 12.55 14.46 10.64 10.50 11.66 7.68 6.69 7.55 8.84 12.41 12.24 4.43 3.94 10.86 10.70 10.44 10.60 6.94 6.69 9.68 11.21 12.29 11.77 10.84 10.53 11.13 11.67 11.65 11.21 10.05 4.77 9.53 10.18 9.62 8.59 7.99 7.69 3.23 7.46 7.45 7.37 7.16 7.80 9.07 9.58 8.26 5.84 2.98
28.01 23.43 23.24 22.08 26.05 17.83 17.64 9.37 17.27 16.41 4.68 4.60 5.08 3.09 1.46 9.24 3.50 4.66 6.74 10.64 9.52 9.20 9.68 9.29 9.60 9.26 3.92 13.69 7.90 12.28 4.11 6.31 5.24 10.27 11.75 12.94 8.55 11.35 11.44 8.92 5.20 8.23 9.50 10.58 12.86 8.22 5.94 12.35 12.65 3.72 8.22 11.32 10.61 10.96 11.47 10.15 10.26 10.82 10.92 11.80 5.55 11.83 11.08 10.00 9.22 9.50 10.04 3.74 8.47 3.79 8.03 7.48 4.53 7.72 7.87 8.06 1.79 8.92 5.93 7.49 5.97 4.90
25.66 23.42 24.06 22.92 20.88 18.94 15.90 8.46 18.02 16.89 4.30 4.83 4.59 2.34 12.06 2.89 3.91 4.80 5.83 13.83 11.19 8.90 8.78 8.54 11.65 5.53 3.98 3.12 6.69 11.42 2.39 5.72 10.15 8.87 7.04 10.08 9.42 11.15 6.21 7.54 9.09 7.31 7.91 10.47 11.15 11.08 2.58 12.45 13.16 2.15 7.51 6.86 12.10 11.53 10.07 7.87 9.12 6.80 6.47 11.59 12.04 6.49 10.47 9.69 9.51 5.48 9.84 6.61 8.41 7.90 7.90 7.56 4.46 5.75 4.49 8.43 2.92 4.12 4.54 6.58 5.60 5.53
28.92 23.85 25.93 25.02 19.57 19.77 9.36 7.93 19.99 13.06 4.60 5.35 15.14 3.75 3.78 4.02 4.39 4.33 10.39 11.02 7.79 8.39 8.21 7.78 7.86 6.28 3.28 1.71 3.95 11.50 5.68 6.74 12.80 7.67 5.32 4.46 8.31 8.83 4.43 16.71 15.68 15.65 13.10 10.67 9.23 11.73 5.48 11.90 12.33 4.23 7.57 12.65 11.42 10.36 8.66 8.26 9.29 10.39 10.50 10.80 11.35 6.63 9.29 4.84 9.31 9.74 6.19 6.04 4.68 8.01 7.88 7.80 2.53 5.09 3.23 2.24 1.70 2.13 3.31 5.86 3.67 5.58
30.23 26.18 26.45 22.35 20.84 19.80 17.41 15.85 20.62 5.75 5.43 5.57 4.83 16.19 13.48 3.74 14.88 15.05 13.60 12.24 6.93 7.41 7.81 8.02 5.36 6.10 3.98 1.85 3.29 10.50 9.49 3.70 10.18 11.09 4.78 6.63 7.25 7.42 9.65 16.08 16.17 15.79 13.58 5.74 7.24 9.28 6.71 4.77 12.07 12.66 6.16 3.99 11.19 9.60 8.77 9.31 4.31 10.09 10.19 10.26 10.18 5.19 7.76 8.33 0.73 1.05 3.51 4.60 5.25 3.68 3.81 8.28 4.33 3.69 2.23 1.98 1.80 2.43 0.85 0.84 1.65 3.45
30.41 28.35 25.13 21.67 24.66 21.34 18.27 18.58 17.57 6.29 5.90 5.15 3.68 18.12 17.99 15.91 13.92 15.30 3.22 4.90 6.20 6.77 7.44 8.38 8.06 4.44 4.91 2.28 1.84 8.22 8.80 7.77 6.32 14.11 5.49 6.90 4.47 3.49 15.65 15.66 16.59 16.36 13.45 3.64 3.86 8.88 6.48 12.34 12.53 13.25 3.01 5.05 8.01 10.32 9.49 9.82 10.08 5.62 10.12 9.98 9.14 7.94 7.36 7.95 2.12 2.53 2.42 3.56 4.15 4.14 8.08 0.69 1.57 2.10 1.71 2.53 3.12 4.26 1.80 6.13 5.41 2.23
32.13 27.66 24.57 24.22 25.78 20.39 9.82 8.93 8.07 7.24 6.43 5.16 3.33 20.00 17.55 17.28 15.15 12.70 2.33 3.97 5.16 6.52 7.88 2.70 6.21 6.10 5.37 3.38 2.13 3.80 3.29 7.38 8.33 16.34 11.19 5.06 5.28 4.18 7.63 15.31 15.46 15.22 13.46 2.06 4.09 7.71 3.46 13.38 5.05 4.80 1.68 5.97 8.27 11.30 10.87 10.63 10.26 9.81 9.85 5.80 4.15 4.43 8.00 8.08 2.96 7.64 3.08 3.35 3.52 4.27 5.19 4.28 2.67 6.48 5.73 1.08 0.94 2.55 3.82 1.22 1.58 5.44
32.60 26.83 25.01 28.16 26.61 25.43 19.88 18.99 8.72 8.05 7.00 5.83 4.56 13.36 20.42 16.48 15.74 0.15 1.75 3.86 5.06 6.36 8.11 9.85 8.01 7.46 8.08 6.70 2.68 1.42 4.11 3.13 7.26 15.81 13.76 4.94 6.13 4.79 17.48 16.64 16.74 16.30 14.75 2.37 6.77 5.69 4.48 3.18 4.62 13.33 2.90 5.26 12.77 8.27 5.27 11.28 4.83 5.12 9.95 4.70 4.45 4.63 4.33 8.66 2.40 1.57 1.97 2.42 2.47 2.91 3.89 3.55 2.20 2.95 5.46 5.46 6.00 6.27 6.19 0.78 0.27 0.56
28.38 26.53 30.86 30.05 25.81 24.52 21.82 19.67 8.03 7.64 6.80 15.70 5.49 3.91 20.96 16.05 16.80 1.72 2.63 4.24 5.71 6.75 7.67 9.78 9.69 10.01 10.82 6.92 0.94 1.85 13.71 2.21 5.43 14.87 15.55 5.02 5.10 5.30 18.80 18.45 18.94 6.19 17.64 2.10 8.58 6.71 7.58 3.36 6.28 6.11 5.51 3.56 13.30 12.65 5.58 11.72 5.35 5.90 4.90 4.81 2.71 5.39 4.92 3.30 1.58 1.72 0.36 1.19 0.37 0.98 1.97 3.55 3.92 3.13 1.35 1.99 1.38 1.51 6.67 1.44 0.92 1.35
28.45 26.75 31.32 30.81 25.73 24.78 22.61 19.72 7.51 7.04 6.82 17.54 6.70 5.85 21.95 1.60 17.82 2.73 3.78 4.83 6.25 7.68 11.48 8.70 8.50 9.89 10.94 2.93 1.32 0.65 1.70 2.50 4.47 10.17 15.39 10.81 5.42 6.08 19.52 19.38 19.11 11.89 19.01 8.01 7.24 9.66 10.70 8.17 15.24 15.02 7.43 4.94 13.74 13.07 12.80 4.94 11.98 6.67 10.95 10.63 3.59 1.46 9.98 3.44 2.54 1.42 1.47 0.80 1.90 2.51 4.11 2.95 4.48 4.40 5.02 2.61 2.48 2.97 1.68 6.80 5.58 5.10
27.85 26.21 29.60 29.77 25.55 24.23 22.75 22.04 7.38 7.04 7.23 7.03 6.95 6.56 4.28 19.15 16.62 3.23 4.65 5.62 6.70 7.78 9.95 9.15 8.62 10.00 5.67 3.64 3.10 2.16 1.79 5.17 6.09 8.02 11.60 8.96 5.46 5.80 19.31 9.53 11.99 7.65 18.88 7.92 4.31 8.88 8.25 15.38 15.38 15.21 15.10 14.71 11.68 12.02 10.61 6.95 6.92 6.93 5.20 10.99 3.46 5.38 2.33 4.15 1.23 7.20 0.91 2.04 1.19 1.09 1.42 4.55 4.12 4.38 4.39 2.54 2.60 3.23 2.82 2.00 2.53 1.87
31.42 28.35 28.71 29.97 29.94 27.33 23.43 21.14 21.33 5.43 5.06 20.30 6.39 19.43 3.97 20.31 2.37 13.88 5.32 6.03 6.76 5.17 11.23 7.28 8.39 9.96 4.25 4.49 4.09 2.85 6.58 8.30 8.98 9.59 9.47 5.64 3.79 9.68 9.30 18.23 9.90 6.80 18.03 16.06 15.30 8.95 9.17 9.34 16.20 16.28 16.27 15.66 10.93 14.94 14.42 7.79 6.71 7.18 4.47 5.98 4.06 1.85 4.75 3.96 1.00 6.14 5.76 2.49 0.46 1.17 1.43 4.51 4.22 4.37 2.36 1.54 3.65 3.04 2.94 0.98 1.68 1.98
31.87 18.01 17.07 15.42 26.23 25.85 22.91 8.36 20.81 3.96 23.57 19.52 5.89 19.67 16.27 17.62 17.31 9.10 5.77 5.96 5.98 5.31 8.27 11.14 8.69 9.65 4.73 4.35 3.52 1.24 5.42 8.47 8.26 5.57 3.21 9.44 16.33 16.63 17.04 16.76 16.23 16.73 16.87 15.64 14.88 9.35 8.88 16.59 16.73 17.00 17.56 7.27 9.64 15.26 14.07 12.99 8.94 7.80 5.20 5.36 4.27 4.17 4.35 4.15 2.87 0.64 1.04 1.84 2.97 1.82 1.99 5.13 4.20 4.40 2.25 2.90 2.56 0.91 5.67 5.05 4.46 4.17
18.87 18.53 17.87 16.38 29.90 26.57 23.54 9.37 7.79 5.69 3.20 21.91 19.79 16.61 16.55 16.83 15.03 13.83 6.00 6.06 5.98 2.60 9.80 10.63 9.04 9.08 5.30 4.17 5.55 6.06 4.36 7.60 3.89 2.49 14.45 14.94 15.25 15.73 16.30 15.86 15.03 15.33 16.11 16.23 15.90 15.54 15.61 16.06 16.33 16.57 16.97 9.02 10.96 14.67 13.40 12.22 9.94 10.50 7.26 4.55 4.50 1.79 3.32 7.20 6.34 3.77 2.32 1.36 4.06 1.87 2.44 4.71 4.16 2.21 2.97 4.13 5.49 3.81 1.86 5.17 4.61 4.21
29.40 17.69 29.72 16.59 28.94 25.34 12.10 22.84 8.95 17.96 22.30 20.83 18.96 16.22 16.20 15.59 17.57 15.41 5.52 6.53 7.20 10.79 9.67 8.02 8.25 8.46 5.43 4.32 10.43 3.96 12.77 4.20 1.22 5.27 13.64 14.41 14.82 14.82 14.70 14.71 15.07 15.50 15.75 15.82 15.87 15.69 15.34 15.47 15.76 15.71 15.26 14.39 13.52 12.95 12.33 11.35 10.22 9.28 8.73 8.58 2.59 4.48 4.82 6.45 6.14 6.11 5.75 1.93 2.11 2.30 2.24 2.36 2.16 2.26 4.02 5.37 4.29 4.71 5.43 1.15 4.57 4.17
17.00 16.59 31.82 28.01 27.81 27.02 12.71 23.73 21.77 24.08 18.53 22.79 20.60 16.17 16.58 14.18 19.08 16.69 4.87 6.63 6.94 13.33 5.92 6.40 6.98 7.57 7.51 5.18 6.30 5.15 2.86 1.07 4.86 12.65 12.96 13.33 13.55 13.28 12.99 13.53 14.42 14.98 15.25 15.45 15.85 16.07 15.81 15.58 15.58 15.33 14.43 13.22 12.32 11.81 11.23 10.33 9.31 8.54 8.00 7.65 6.04 4.98 6.46 6.22 4.08 5.65 4.90 4.23 3.84 2.68 2.55 2.25 0.74 2.92 4.65 4.05 3.73 4.22 5.05 1.39 5.12 4.59
18.71 17.72 30.76 29.61 26.06 27.80 27.08 11.75 24.17 28.16 10.04 23.76 21.31 20.02 7.36 17.33 16.47 15.88 4.94 9.53 5.72 3.83 3.63 5.15 6.56 7.32 8.01 7.50 2.56 9.25 1.41 9.83 10.89 11.65 11.93 12.10 12.12 12.03 12.09 12.25 12.88 13.80 14.44 15.01 15.67 16.23 16.28 16.01 15.80 15.38 14.43 13.30 12.41 11.73 10.91 9.91 8.96 8.15 7.57 7.09 6.61 6.31 6.22 6.07 5.73 5.21 4.64 4.18 3.90 3.86 3.72 3.44 3.47 2.01 0.79 4.43 5.36 3.79 4.45 5.03 5.22 4.93
19.45 19.89 19.00 29.81 29.96 15.36 25.77 12.80 11.97 11.07 26.61 23.40 20.94 18.11 7.79 6.68 19.95 12.46 11.26 16.25 4.24 2.92 2.02 2.84 7.92 8.43 7.51 7.07 4.09 3.73 0.25 9.38 9.91 10.44 10.71 10.87 10.97 11.04 10.98 11.08 11.70 12.40 13.17 14.16 14.97 15.61 16.15 16.25 16.03 15.53 14.52 13.45 12.72 11.99 10.98 9.86 8.95 8.21 7.49 6.90 6.41 6.00 5.73 5.49 5.14 4.75 4.42 4.12 3.88 4.93 3.61 3.44 3.67 2.98 2.88 5.44 4.77 3.36 3.88 6.32 3.60 3.31
17.17 30.90 19.25 29.79 31.77 15.95 26.78 12.99 12.16 29.48 30.73 11.07 22.35 18.54 9.13 14.17 17.33 15.96 14.04 3.99 3.56 14.39 2.22 2.53 3.60 10.56 6.71 6.03 8.32 6.97 2.07 3.68 9.33 9.45 9.43 9.38 9.67 9.88 10.32 11.08 10.66 10.40 11.71 13.17 14.10 14.71 15.39 15.99 16.33 15.69 14.45 13.52 12.89 12.17 11.02 9.87 8.99 8.26 7.61 6.91 6.29 5.76 5.30 5.01 4.77 4.47 4.23 4.05 3.95 3.90 3.72 3.69 2.52 2.41 2.55 2.95 4.74 4.97 3.03 3.80 5.26 5.31
17.04 32.58 16.78 34.14 17.46 24.30 28.09 24.17 29.36 11.28 11.25 11.38 21.93 11.35 16.06 9.54 16.25 13.16 14.89 3.51 3.59 3.26 3.47 17.19 12.85 9.35 6.82 9.76 11.32 8.27 7.54 8.12 8.61 8.52 8.27 8.08 8.26 9.12 10.86 11.18 8.97 9.01 10.90 12.42 13.29 13.89 14.55 15.33 15.85 15.12 14.18 13.41 12.73 12.19 11.13 9.92 8.97 8.26 7.63 6.94 6.18 5.53 5.03 7.71 4.38 4.22 4.05 3.89 3.83 3.77 3.61 3.47 3.41 3.26 3.12 2.63 3.01 3.36 2.45 3.74 4.81 5.69
19.59 18.00 15.11 35.37 16.56 28.82 32.40 14.54 13.14 30.90 9.38 26.85 19.93 22.66 20.25 17.86 16.21 12.73 13.87 18.39 3.35 3.70 4.10 2.70 0.86 2.07 10.31 12.41 12.94 8.16 7.55 7.55 7.66 7.50 7.31 7.09 7.12 7.95 8.93 7.91 7.37 9.77 11.36 12.06 12.80 13.23 13.77 14.22 14.48 14.66 14.39 13.19 12.23 11.77 11.02 9.96 8.97 8.24 7.57 6.79 6.03 5.40 4.95 4.54 4.17 3.91 3.72 3.58 3.44 3.35 3.23 3.04 3.61 3.71 4.06 3.57 2.89 3.32 4.69 4.40 4.43 3.18
20.46 20.57 18.53 13.79 16.01 28.51 14.77 28.51 24.05 32.29 10.51 27.93 27.00 24.62 22.16 17.02 8.40 14.04 14.40 12.55 3.42 17.62 14.19 1.32 1.39 2.44 12.13 14.67 11.54 7.70 7.94 6.84 6.34 6.61 6.69 6.55 6.45 5.92 4.68 4.71 7.17 10.42 11.53 11.49 12.02 12.42 12.63 12.77 13.29 14.37 14.41 13.21 12.17 11.35 10.46 9.44 8.56 7.96 7.37 6.56 5.75 5.16 4.76 4.37 3.90 3.53 5.91 5.58 4.79 5.26 5.15 5.24 5.17 4.42 3.06 2.89 3.09 2.61 3.24 3.79 1.91 2.41
19.83 20.93 21.36 17.92 33.91 14.77 30.86 29.17 28.08 15.60 13.80 25.38 10.21 21.61 27.22 20.02 8.56 14.84 7.80 11.83 20.45 3.36 14.35 5.83 14.32 12.78 13.62 15.29 9.48 7.36 9.93 8.26 5.64 5.95 6.20 6.22 5.99 5.10 3.77 4.56 7.21 9.37 10.38 10.57 10.77 11.15 11.37 11.52 12.20 13.29 13.81 13.77 12.87 11.27 9.70 8.36 7.60 7.23 6.86 6.20 5.38 4.72 7.40 3.77 3.37 5.82 6.00 5.51 4.49 4.46 4.56 4.78 4.54 4.53 3.87 3.33 3.23 4.29 3.37 4.45 3.50 4.13
18.53 19.08 19.90 19.06 14.93 31.31 13.45 24.25 33.07 15.54 16.00 15.08 25.07 26.15 11.75 20.04 17.38 16.61 8.35 19.11 7.11 16.82 13.87 3.64 16.76 13.62 15.17 17.25 11.95 10.35 14.11 9.24 5.71 5.61 5.78 5.82 5.68 5.67 5.70 6.22 7.39 8.31 9.07 9.79 10.12 10.35 10.60 10.84 11.28 12.09 13.28 14.22 13.65 11.52 9.04 7.21 6.33 6.24 6.15 5.62 4.92 4.34 3.90 3.48 3.22 6.33 6.06 5.16 2.56 2.33 4.21 4.20 3.95 3.57 3.94 3.96 3.21 3.49 4.10 6.01 4.16 4.33
19.49 18.69 18.69 18.44 16.82 12.41 34.43 11.94 13.99 23.97 15.77 17.07 16.10 32.99 14.67 13.58 19.76 17.30 8.85 19.36 20.25 6.40 5.37 18.96 20.71 7.59 12.79 7.01 13.43 10.92 4.90 5.57 5.54 5.31 5.29 5.26 5.45 6.14 6.99 7.49 7.91 8.23 8.59 9.26 9.82 10.15 10.35 10.55 10.89 11.47 12.49 13.66 14.03 12.58 8.93 5.30 4.47 5.34 5.56 5.11 4.54 4.02 3.70 3.52 5.49 5.38 5.12 2.60 2.31 2.15 2.10 4.29 4.07 3.83 3.80 3.95 3.88 3.55 3.17 2.93 2.82 4.16
19.10 19.65 19.83 19.32 18.76 17.08 13.99 11.40 31.06 13.20 27.24 15.02 29.29 25.65 14.42 14.51 22.44 18.84 10.30 17.34 20.01 16.50 15.17 8.01 9.28 14.92 8.12 6.76 15.78 5.16 5.04 5.17 4.80 4.44 4.51 4.55 5.16 6.39 7.30 7.54 7.55 7.68 8.12 8.70 9.30 9.79 9.96 10.22 10.74 11.12 11.38 12.13 13.27 13.09 9.19 3.88 3.22 4.75 5.19 4.87 4.32 3.81 3.59 3.47 3.15 2.69 2.41 2.17 1.94 1.81 1.72 1.62 1.64 3.81 3.98 4.15 3.66 3.80 2.82 1.92 3.55 4.65
19.80 19.14 20.03 20.52 20.14 19.75 18.50 15.36 11.47 12.74 26.28 30.66 32.47 12.83 31.51 27.81 13.47 12.69 11.93 10.31 18.77 15.44 7.72 21.37 10.30 8.75 19.33 19.80 5.19 5.65 5.06 4.41 3.71 3.47 3.89 4.14 4.14 3.07 3.85 6.94 6.76 6.93 7.44 7.97 8.54 9.09 9.27 9.65 10.33 10.66 10.34 10.10 11.08 11.44 9.60 6.43 4.73 4.91 5.18 4.79 4.22 3.61 3.30 3.03 2.58 2.06 5.15 4.97 5.15 5.14 5.31 4.94 4.51 4.23 4.16 3.70 3.50 3.81 3.64 4.17 3.80 4.00
