examples/cougarCreek-fire/createInputs/farsite/7a-cougarCreek-polygonIgnit/cougarCreekFire_08-10-2015_1700_217m_non_neutral_stability_vel.asc
ncols	146
nrows	140
xllcorner	610065.000000
yllcorner	5095217.000000
cellsize	216.586807
NODATA_value	-9999.000000
[rows 0 to 35 of 140, columns 0 to 80 of 146]
10.45 10.64 10.84 10.59 10.36 10.49 10.66 10.77 10.78 12.78 10.54 10.50 10.26 9.99 9.90 9.83 9.63 9.52 9.47 9.37 9.31 10.64 8.91 8.39 7.92 7.73 7.69 7.64 7.54 7.36 7.17 6.95 6.75 6.44 6.07 5.73 5.38 3.69 3.35 4.38 3.66 3.44 3.98 4.30 4.73 4.92 4.45 4.70 4.98 5.27 5.68 6.25 6.91 7.63 8.41 9.23 9.89 10.43 11.13 11.85 12.40 12.99 13.67 14.30 14.87 15.13 15.36 15.99 16.69 17.05 16.69 15.97 15.26 14.87 15.09 15.45 14.94 14.21 14.05 13.93 14.03
10.45 10.64 10.84 10.59 10.36 10.49 10.66 10.77 10.78 12.78 10.54 10.50 10.26 9.99 9.90 9.83 9.63 9.52 9.47 9.37 9.31 10.64 8.91 8.39 7.92 7.73 7.69 7.64 7.54 7.36 7.17 6.95 6.75 6.44 6.07 5.73 5.38 3.69 3.35 4.38 3.66 3.44 3.98 4.30 4.73 4.92 4.45 4.70 4.98 5.27 5.68 6.25 6.91 7.63 8.41 9.23 9.89 10.43 11.13 11.85 12.40 12.99 13.67 14.30 14.87 15.13 15.36 15.99 16.69 17.05 16.69 15.97 15.26 14.87 15.09 15.45 14.94 14.21 14.05 13.93 14.03
10.34 10.47 10.81 10.75 10.46 10.47 10.57 10.73 10.87 10.86 10.74 10.66 10.37 10.04 9.89 9.81 9.62 9.45 9.34 9.19 9.12 10.40 9.10 8.63 8.07 7.77 7.67 7.63 7.54 7.32 7.08 6.82 6.65 6.38 6.03 5.72 5.42 5.07 4.69 4.42 4.26 4.13 4.07 4.10 4.20 4.36 4.58 4.82 5.08 5.37 5.82 6.42 7.06 7.74 8.49 9.23 9.79 10.37 11.04 11.61 12.15 12.78 13.42 14.02 14.47 14.66 15.16 15.95 16.50 16.58 15.90 15.21 14.87 14.93 15.39 15.51 14.83 14.33 14.32 14.26 14.44
10.34 10.35 10.78 10.95 10.63 10.52 10.52 10.64 10.92 11.11 11.10 11.04 10.62 10.11 9.84 9.68 9.47 9.30 9.12 8.90 8.80 10.08 9.22 8.89 8.27 7.80 7.55 7.50 7.44 7.16 6.89 6.57 6.38 6.16 5.79 5.48 5.22 4.93 4.53 4.16 3.94 3.82 3.75 3.76 3.88 4.05 4.25 4.49 4.78 5.13 5.62 6.23 6.86 7.53 8.23 8.79 9.25 9.89 10.53 11.08 11.72 12.39 13.03 13.56 13.79 14.18 15.08 15.84 16.00 15.58 14.76 14.53 14.81 15.40 15.88 15.66 14.81 14.35 14.45 14.64 14.93
10.57 10.57 10.91 11.13 10.86 10.67 10.60 11.65 12.02 12.00 11.30 11.46 11.14 10.46 9.97 9.72 9.45 9.36 9.25 8.97 9.70 10.00 9.96 9.09 8.58 7.99 7.56 7.45 7.37 7.07 6.85 6.51 6.30 6.12 5.74 5.41 5.15 4.92 4.61 4.23 3.92 3.79 3.74 3.77 3.90 4.08 4.32 4.63 4.98 5.37 5.83 6.39 7.03 9.04 8.20 8.62 9.08 9.74 10.35 11.01 11.67 12.21 12.81 13.12 13.38 14.17 15.00 15.31 15.10 14.65 14.48 14.91 15.47 15.97 16.04 15.52 14.56 14.10 14.53 14.98 15.23
10.63 10.64 10.96 11.26 11.12 10.87 10.71 10.73 10.78 11.60 11.99 11.81 11.52 11.01 10.29 9.86 9.50 9.39 9.89 9.19 9.72 10.04 10.15 9.22 8.91 8.27 7.71 7.55 7.43 7.12 6.86 6.51 6.35 6.17 5.80 5.52 5.27 5.08 4.87 4.57 4.27 4.11 4.05 4.10 4.26 4.47 4.74 5.08 5.47 6.41 7.15 7.58 7.45 7.94 8.38 8.86 9.42 10.03 10.59 11.17 11.67 12.15 12.58 12.74 13.32 14.12 15.89 14.50 14.26 14.40 14.93 15.46 15.77 15.83 15.45 14.73 14.01 14.14 14.87 15.18 15.32
10.75 10.65 10.80 11.18 11.28 11.13 10.94 11.61 11.70 11.40 11.90 12.22 11.44 11.44 10.85 10.22 9.75 9.51 10.25 10.27 9.91 9.89 9.86 9.61 8.83 7.79 8.00 7.50 7.25 6.48 6.87 6.61 6.52 6.27 5.92 5.72 5.51 5.33 5.21 3.68 3.44 4.63 3.17 4.59 4.75 3.89 4.76 5.72 7.05 7.60 10.52 7.39 8.64 8.23 8.73 9.30 9.85 10.40 10.90 11.33 11.79 13.50 14.06 12.80 13.54 15.05 14.14 14.20 14.34 15.05 15.55 15.60 15.42 15.09 14.74 14.46 14.30 14.65 15.08 15.17 15.33
11.06 10.91 10.84 11.09 11.33 11.31 11.09 11.67 12.15 12.20 12.10 12.34 11.83 10.65 9.88 10.67 10.19 9.29 9.79 10.37 10.11 9.86 9.79 9.82 9.24 8.19 7.67 7.51 7.37 6.62 7.00 6.46 6.26 6.50 6.16 6.00 5.82 5.65 4.53 4.30 4.05 3.83 3.75 3.80 4.10 5.12 6.21 6.97 7.53 10.16 7.98 7.92 8.40 8.79 9.25 9.69 10.17 10.69 11.15 11.56 12.75 13.35 12.40 13.03 13.55 15.20 14.04 14.23 14.75 15.41 15.39 15.06 14.81 14.82 14.96 14.89 14.66 14.81 15.13 15.30 15.38
11.32 11.23 11.15 11.27 11.51 11.32 11.51 11.06 11.54 11.88 11.83 12.09 12.10 11.21 10.22 10.94 9.43 9.46 9.86 10.70 10.42 10.08 12.83 12.72 9.71 8.77 8.05 7.67 7.44 6.79 6.28 6.47 6.16 6.87 6.60 6.05 5.48 5.19 5.10 4.96 4.70 4.60 4.60 4.63 5.02 5.65 6.18 6.60 6.83 7.21 7.58 8.65 9.65 9.48 9.70 10.18 10.63 11.07 12.13 11.72 12.27 12.29 12.84 13.34 14.55 15.16 15.43 14.92 15.00 15.29 15.01 14.77 14.96 15.33 15.31 14.79 14.44 14.86 15.40 15.51 15.37
11.50 11.30 11.18 11.32 11.51 12.44 12.19 11.71 11.55 11.54 11.60 11.84 13.52 11.71 10.62 9.99 9.60 9.27 9.88 12.98 13.26 10.27 10.21 10.34 12.20 9.47 8.56 8.04 7.68 7.45 6.55 6.51 6.42 6.37 6.61 6.54 6.11 5.91 5.81 5.64 5.31 5.33 5.39 5.70 6.16 6.38 6.46 6.74 7.26 7.85 8.84 9.82 10.43 9.65 10.21 10.65 11.05 11.34 11.78 11.82 12.20 12.77 13.25 14.33 14.64 14.55 14.75 14.78 15.21 15.32 15.12 15.21 15.51 15.56 15.12 14.59 14.78 15.60 15.92 15.70 15.39
10.20 11.57 11.25 11.28 11.42 11.60 12.76 12.60 12.31 12.11 11.93 11.86 11.81 13.09 11.07 10.75 10.19 10.64 9.89 10.45 13.30 12.05 10.26 10.35 13.41 8.27 5.20 4.88 8.15 7.74 6.84 6.84 6.81 6.64 6.90 6.99 6.83 6.73 6.59 6.34 6.07 5.89 6.08 6.59 7.82 7.38 7.22 7.50 8.20 10.67 12.13 11.89 9.23 10.29 10.70 11.10 11.38 10.92 11.89 12.24 12.75 12.11 14.23 14.79 14.26 14.59 15.59 15.77 15.53 15.59 15.50 15.63 15.68 15.54 15.19 15.05 15.64 16.28 16.10 15.63 15.34
12.08 12.03 10.58 10.93 11.36 12.01 11.86 12.95 12.76 13.18 12.99 12.17 11.76 11.88 11.52 11.34 11.64 10.04 10.48 10.51 12.89 11.98 11.95 10.38 10.68 10.44 4.96 5.45 6.23 8.16 7.21 7.14 7.05 7.03 7.18 7.25 7.24 7.26 7.11 6.95 6.71 3.37 4.70 6.02 7.91 8.30 7.83 8.11 9.78 11.52 11.41 9.67 10.56 10.92 9.65 10.59 10.86 11.20 11.27 12.79 13.23 13.88 14.72 14.78 15.15 14.90 15.14 15.38 15.65 15.71 15.61 15.63 15.67 15.63 15.40 15.51 16.18 16.40 15.90 15.51 15.33
12.04 12.23 12.43 11.47 11.55 11.88 11.91 13.15 13.44 13.24 13.90 13.43 12.41 11.97 11.66 11.43 10.67 10.30 10.93 10.79 12.30 11.82 11.36 13.43 10.67 13.65 5.48 6.23 6.20 3.63 7.88 7.64 7.59 7.66 7.77 7.79 7.77 7.82 7.91 7.95 3.05 4.41 5.86 6.89 8.39 7.70 8.22 8.40 10.13 9.69 9.72 9.60 11.08 11.44 10.44 11.24 11.44 11.93 12.11 11.60 14.15 15.12 15.20 14.27 14.65 14.90 15.04 15.26 15.49 15.57 15.56 15.81 15.98 15.83 15.71 16.10 16.58 16.38 15.84 15.58 15.43
11.87 12.11 12.45 12.58 12.52 12.49 12.10 12.06 13.64 13.83 13.78 14.91 14.47 12.82 12.48 11.86 11.04 10.33 10.51 11.47 12.08 12.17 10.90 11.83 13.77 13.13 6.33 6.39 5.14 3.48 3.05 8.22 5.66 5.84 6.65 6.72 5.28 4.98 6.57 6.54 3.67 7.17 7.87 8.33 7.88 8.54 8.98 9.04 10.03 10.12 9.97 9.77 9.87 10.06 11.10 11.73 12.44 13.23 13.40 14.24 15.55 15.81 14.07 14.40 14.62 14.74 14.93 15.18 15.42 15.63 15.89 16.27 16.29 16.14 16.29 16.58 16.59 16.20 15.78 15.62 15.49
11.78 12.04 12.35 12.53 12.64 12.62 12.41 12.12 12.08 13.68 14.18 14.03 13.75 15.82 14.36 11.82 9.83 8.94 9.63 10.26 9.97 10.59 9.59 9.25 11.87 12.21 7.54 6.51 5.01 3.61 3.33 8.75 6.87 6.43 7.04 7.14 5.51 5.28 7.63 8.79 8.57 9.34 8.08 7.84 6.82 6.77 8.36 10.96 12.31 10.96 10.22 10.42 10.58 10.74 11.39 11.66 13.15 13.57 13.74 14.26 13.66 13.86 14.10 14.40 15.16 14.22 14.38 14.57 15.84 16.25 15.06 16.57 16.39 16.41 16.55 16.53 16.30 15.96 15.71 15.62 15.53
11.89 12.20 12.49 12.54 12.69 12.85 12.82 12.53 12.63 13.22 13.79 13.94 15.55 15.56 16.11 15.11 11.30 10.00 10.86 11.28 10.23 10.42 9.49 7.61 10.11 11.52 8.49 6.51 5.10 3.93 3.85 6.31 6.48 6.26 7.17 6.54 6.46 6.54 6.54 5.40 8.19 8.76 8.61 8.58 7.82 9.02 11.46 12.94 12.60 9.75 10.65 11.22 11.04 11.27 11.80 12.41 14.47 13.56 13.70 13.70 14.28 14.31 13.68 13.72 13.64 14.08 15.36 16.05 16.55 16.99 16.85 16.57 16.40 16.40 16.43 16.39 16.20 15.96 15.77 15.64 15.49
11.88 12.22 12.62 12.60 12.61 12.90 13.06 13.00 12.65 12.65 13.10 13.69 13.97 13.54 15.63 18.09 18.29 12.97 13.33 13.32 11.50 11.39 9.89 11.50 8.24 10.40 8.18 6.02 4.18 4.30 4.93 7.05 5.95 5.81 6.32 6.17 7.00 7.42 6.33 4.18 6.22 8.35 9.75 10.25 10.46 11.77 12.68 12.45 10.88 9.35 11.47 12.30 14.05 13.50 12.19 14.21 14.33 13.69 13.64 13.99 14.09 13.44 13.48 14.04 14.12 15.56 16.19 15.26 17.06 17.11 16.61 16.33 16.31 16.34 16.32 16.26 16.12 15.99 15.85 15.69 15.51
11.75 11.98 12.41 12.57 12.43 12.51 13.65 13.26 12.69 12.70 12.66 13.39 15.09 13.50 16.10 17.16 17.67 17.28 15.91 15.77 14.65 14.30 11.18 6.30 6.90 9.02 6.69 4.60 4.08 4.70 5.45 5.89 5.91 6.33 5.70 6.38 7.77 7.32 5.60 5.03 6.99 8.69 9.62 10.41 11.42 12.25 12.58 11.92 10.60 10.75 13.24 15.60 15.55 13.01 13.54 14.38 13.94 12.24 14.14 13.78 13.33 13.62 14.38 15.16 15.72 16.25 16.46 18.54 19.20 16.66 16.25 16.29 16.40 16.38 16.31 16.21 16.10 16.03 15.94 15.78 15.59
11.83 11.87 12.11 12.43 12.42 12.31 12.54 13.01 12.41 11.75 12.39 12.88 16.27 16.20 14.72 14.40 14.72 14.96 14.64 14.99 14.48 13.64 14.13 8.97 7.98 7.88 5.57 4.31 4.22 4.41 4.61 4.54 5.60 5.55 6.06 6.81 8.27 7.57 5.48 5.46 7.10 8.94 10.67 12.02 11.90 11.70 12.48 12.37 11.21 12.99 15.09 15.79 13.90 12.45 13.43 14.12 12.62 13.01 14.13 13.34 13.42 14.11 15.55 15.74 16.08 17.65 18.52 19.58 16.61 16.43 16.40 16.62 16.67 16.56 16.57 16.51 16.25 16.01 15.81 15.63 15.50
12.02 11.92 12.03 12.40 12.55 12.50 12.72 13.05 12.64 11.91 12.65 14.03 15.61 15.33 13.34 11.77 11.79 12.97 12.78 13.50 13.24 11.30 13.80 12.42 9.86 7.35 4.88 4.35 4.36 4.38 4.17 4.26 4.72 10.86 11.18 7.40 8.19 8.65 6.09 6.50 8.30 10.40 12.56 13.71 13.51 13.28 13.66 14.02 15.48 16.60 15.62 13.63 10.49 12.05 14.08 11.60 11.28 13.63 13.20 12.98 14.08 15.02 15.35 15.14 16.36 16.45 16.56 16.67 16.70 16.77 16.84 16.90 16.80 16.78 16.85 16.64 16.27 16.03 15.85 15.65 15.50
12.28 12.15 12.18 12.34 12.30 12.43 12.73 13.00 12.82 12.06 12.82 13.81 11.59 14.28 15.22 13.76 11.73 12.00 11.31 12.31 12.15 9.58 13.53 13.67 12.95 7.67 4.95 4.56 4.38 4.40 4.27 4.50 10.74 11.06 11.48 7.70 6.81 10.49 6.31 9.17 11.55 14.07 14.90 14.93 14.82 15.26 15.57 16.46 14.60 16.30 15.10 12.79 11.66 15.19 11.30 13.17 14.36 13.61 14.41 13.44 13.46 15.31 15.34 15.23 16.76 16.91 17.02 17.11 17.18 17.12 16.97 16.91 16.86 16.90 16.84 16.47 16.16 16.14 16.12 15.94 15.69
12.28 12.44 12.60 12.50 12.40 12.71 12.99 13.19 13.08 11.86 13.15 13.56 10.22 10.77 14.95 13.42 16.79 15.59 13.65 13.40 13.52 10.13 12.01 12.04 10.96 8.13 5.39 5.06 4.86 4.86 4.76 5.87 11.08 11.25 11.66 10.63 6.16 10.31 5.94 12.32 16.00 15.62 17.08 16.56 15.42 14.65 15.33 16.90 16.34 12.65 13.46 11.97 13.15 11.60 13.45 11.30 13.51 15.71 15.62 13.17 14.38 15.90 15.28 17.37 17.64 17.85 17.85 18.10 17.12 16.96 16.87 17.01 17.03 16.95 16.69 16.31 16.18 16.20 16.09 15.88 15.66
11.84 12.19 12.64 12.99 13.15 13.26 13.41 13.39 13.28 12.51 13.13 14.16 12.03 8.06 13.00 12.22 16.26 12.86 15.69 13.52 12.82 11.66 11.91 12.75 12.41 8.94 5.85 5.32 5.30 5.92 5.15 8.88 11.02 5.67 11.39 11.83 7.01 8.23 6.72 14.09 15.73 16.42 16.03 16.31 15.90 16.45 17.06 16.41 13.61 12.29 12.45 11.19 11.46 14.34 15.17 13.74 13.97 15.10 14.92 13.88 16.53 17.08 17.25 17.92 18.01 17.66 17.23 17.14 17.02 17.10 17.33 17.37 17.09 16.79 16.53 16.36 16.43 16.40 16.11 15.76 15.50
11.65 11.96 12.35 12.70 13.02 13.12 13.44 13.32 13.65 12.26 12.27 14.32 14.05 9.40 11.08 12.70 13.37 13.51 13.50 11.73 10.32 10.13 10.50 13.36 14.39 11.88 5.69 5.12 5.25 5.35 4.52 5.65 11.52 11.76 11.95 9.72 7.18 7.21 7.32 14.55 17.13 16.07 16.10 16.80 16.85 17.02 16.56 15.53 13.63 13.66 12.02 17.15 12.40 12.89 13.32 15.10 14.59 15.82 16.74 17.25 19.08 18.01 17.15 17.41 16.41 17.04 16.91 17.01 17.79 18.00 17.89 17.45 17.02 16.83 16.68 16.57 16.55 16.44 16.18 15.88 15.64
11.59 11.89 12.21 12.39 12.59 12.82 13.39 13.43 13.52 12.86 11.33 13.39 14.12 11.03 10.38 12.58 13.17 13.33 13.61 13.68 12.11 9.88 8.75 10.77 12.43 12.10 5.77 5.08 4.69 5.17 6.04 7.68 11.45 13.00 6.64 7.42 7.45 7.42 9.79 16.74 17.32 16.49 17.63 16.35 18.54 17.01 16.97 17.50 16.39 15.02 12.34 17.30 13.67 14.30 15.55 17.58 18.74 19.77 19.59 19.03 19.19 17.98 15.18 15.18 18.26 17.88 17.42 18.00 18.85 18.59 18.13 17.51 17.20 17.07 16.88 16.70 16.59 16.34 16.05 15.88 15.75
11.50 11.84 12.28 12.49 12.58 12.68 13.33 13.59 13.77 14.03 11.82 12.97 14.48 14.07 10.70 11.47 12.73 13.25 13.49 14.02 13.59 10.56 9.20 10.00 11.32 11.44 6.31 5.16 5.53 6.71 8.25 12.88 12.43 9.64 13.17 10.95 7.44 8.72 14.95 17.16 16.58 17.23 17.64 17.73 18.32 18.14 20.78 18.33 16.76 14.23 18.36 12.88 14.97 14.45 16.52 19.47 20.79 18.83 19.63 18.80 18.80 17.96 15.69 19.66 19.29 18.51 18.81 19.59 20.01 20.01 19.48 17.54 17.31 17.11 16.96 16.92 16.75 16.34 15.94 15.67 15.47
11.42 11.73 12.21 12.62 13.17 13.11 13.49 13.91 15.78 15.51 13.40 13.87 14.14 14.40 12.92 11.17 12.60 12.96 12.64 13.01 12.61 10.15 9.64 10.72 12.25 12.57 6.51 5.17 6.02 6.16 10.43 10.85 9.85 8.31 7.45 8.37 9.50 12.06 16.27 17.27 16.31 15.49 16.43 17.04 17.56 18.05 17.75 17.19 15.77 13.96 18.11 13.03 14.46 14.04 15.28 18.00 19.96 19.94 18.73 18.32 18.31 18.35 18.48 19.17 19.96 20.98 20.48 20.09 19.53 19.17 18.89 17.13 17.12 17.06 16.98 16.78 16.40 16.03 15.78 15.55 15.31
11.29 11.43 11.77 12.28 13.46 13.55 13.30 13.38 16.39 16.74 14.67 13.45 12.77 14.26 15.55 14.28 14.06 13.43 12.32 12.55 11.86 9.87 9.46 11.11 11.58 11.55 7.85 6.25 7.01 7.76 10.48 9.97 9.31 9.11 10.22 11.17 13.42 17.30 18.12 17.33 16.69 16.13 16.95 18.61 19.46 19.30 18.79 19.07 17.92 13.24 18.29 13.34 14.75 13.14 15.44 19.63 20.22 18.91 18.66 19.34 19.85 20.39 22.03 23.81 24.59 24.30 22.81 19.37 18.24 17.53 17.34 17.12 17.02 16.88 16.66 16.30 15.97 15.81 15.65 15.48 15.31
11.47 11.52 11.65 11.97 12.41 13.45 13.45 13.07 12.87 14.99 14.30 12.82 11.47 13.80 15.63 15.04 14.13 13.58 12.51 12.78 12.18 10.54 9.74 11.01 8.99 7.75 7.99 6.40 9.85 10.28 10.81 10.14 11.06 12.79 14.13 16.05 19.78 20.13 18.22 18.45 19.11 19.19 20.54 22.08 22.57 20.70 20.59 20.00 15.66 18.39 19.23 14.34 15.01 14.44 19.28 21.94 20.94 20.26 21.32 22.68 23.10 22.61 22.57 22.68 22.61 22.67 22.38 19.56 19.07 18.54 18.14 17.23 16.83 16.52 16.25 16.03 15.92 15.79 15.58 15.42 15.30
11.66 11.66 11.63 11.74 12.03 13.04 13.60 14.72 12.92 13.59 13.68 12.93 11.30 9.24 12.92 14.15 13.25 12.54 11.87 12.14 11.82 10.71 10.85 10.54 6.40 4.01 4.64 6.96 9.47 11.11 11.18 11.85 13.80 15.81 16.66 18.62 20.47 19.14 18.93 20.76 21.41 22.89 22.45 20.94 20.46 20.25 19.83 16.99 18.97 20.20 21.31 15.54 16.46 17.35 23.45 22.76 21.79 21.35 21.30 21.24 21.24 21.17 21.43 21.52 21.08 18.75 18.45 18.39 18.52 18.56 18.06 16.72 16.65 16.61 16.49 16.31 16.11 15.85 15.62 15.51 15.43
11.76 11.74 11.76 11.88 11.99 12.59 13.22 13.88 15.47 15.15 15.36 13.98 13.18 10.82 11.24 13.87 12.97 11.70 11.01 10.86 10.28 9.30 11.43 11.68 7.77 4.04 7.64 13.67 8.30 11.23 12.98 16.24 18.71 18.93 20.36 22.06 19.90 16.55 21.47 22.09 21.61 22.40 21.02 20.93 21.18 21.43 19.73 15.85 22.59 23.31 23.15 17.19 18.83 22.71 22.42 19.50 18.00 19.02 20.22 20.66 21.10 21.91 21.97 21.46 20.47 18.03 17.54 17.47 17.40 17.01 16.44 17.49 17.52 17.36 17.13 16.89 16.59 16.28 16.00 15.76 15.55
11.92 11.77 11.73 12.01 12.16 12.37 12.52 13.05 15.20 15.35 15.83 16.34 15.51 14.46 11.77 14.18 15.03 14.56 14.38 13.69 11.66 10.17 11.88 14.08 12.00 9.69 13.45 17.72 10.64 13.14 15.53 20.76 22.52 22.56 22.59 19.85 16.88 16.99 21.49 20.71 21.54 22.24 20.68 20.98 21.60 22.35 23.48 19.71 26.58 26.15 24.09 22.57 19.11 19.49 16.26 15.49 18.12 20.07 20.90 21.04 21.66 22.20 22.07 20.95 20.28 20.32 19.42 19.54 19.45 19.13 19.05 19.65 19.78 19.27 16.77 16.58 16.55 16.50 16.31 16.00 15.69
12.24 12.03 11.57 11.52 11.76 11.76 12.11 12.77 14.63 14.91 14.77 14.37 13.30 12.57 12.13 13.88 15.48 16.75 17.77 18.28 16.95 15.27 16.42 16.72 15.31 14.87 18.78 21.64 14.60 15.47 17.88 22.27 23.54 23.78 22.35 19.97 19.47 22.20 22.41 21.88 21.71 22.06 20.14 20.60 21.33 22.27 23.25 30.99 25.73 27.21 27.78 26.62 18.89 19.07 18.20 19.97 23.47 24.02 23.23 21.95 21.16 20.87 21.28 22.00 22.75 18.18 23.45 17.68 23.61 23.88 16.52 21.24 18.96 15.97 16.23 16.41 16.41 19.55 20.54 15.76 15.65
12.75 13.09 11.81 12.21 11.43 11.97 12.36 12.64 13.63 14.41 13.58 12.65 11.59 11.96 12.49 13.42 14.84 16.29 18.27 19.16 19.67 20.17 22.14 22.31 19.69 20.87 25.11 21.29 22.60 15.31 20.50 25.18 24.45 23.71 23.56 23.84 24.87 26.02 25.33 24.84 23.98 21.65 19.90 20.33 26.77 27.80 28.16 28.56 22.73 24.91 28.00 32.37 34.05 28.33 25.99 27.45 26.84 25.53 24.78 21.23 23.53 22.40 22.29 18.03 17.59 21.45 16.74 20.57 19.76 17.00 15.45 14.96 15.86 16.52 16.91 16.81 16.30 15.73 19.43 15.28 15.17
12.38 12.94 13.58 12.53 12.54 12.83 13.13 12.70 12.89 13.12 14.10 14.85 14.32 13.11 12.31 13.25 14.03 13.69 12.81 11.44 12.97 18.41 24.60 30.06 29.25 32.85 28.41 26.14 20.25 16.82 27.29 27.04 25.19 24.21 23.43 23.42 24.24 24.30 24.61 24.66 24.34 24.52 24.88 24.97 25.06 25.83 26.03 26.14 20.25 20.43 20.71 22.01 28.00 31.95 32.58 31.42 28.21 26.10 25.47 24.90 24.59 22.61 18.91 19.88 19.43 19.29 17.39 16.10 13.99 15.54 16.09 16.73 16.35 18.47 19.77 19.47 18.52 15.46 15.28 15.09 14.83
11.87 12.17 12.81 13.40 13.04 12.90 13.44 14.12 14.68 14.85 15.92 17.35 18.08 16.81 14.23 13.36 13.04 12.29 11.35 13.52 17.70 22.49 27.57 33.79 37.78 39.14 29.27 20.75 19.95 21.17 29.44 29.31 25.31 23.10 22.16 21.71 20.95 19.17 17.52 17.39 17.11 18.24 19.67 18.32 18.82 18.85 24.10 24.55 24.71 18.26 17.11 15.32 16.39 24.36 26.32 27.98 27.97 26.87 25.68 24.40 22.43 22.05 20.70 19.54 18.78 17.63 16.67 17.65 18.18 18.56 18.43 17.23 18.19 18.69 18.62 18.26 15.26 15.25 15.15 14.89 14.63
