examples/cougarCreek-fire/createInputs/farsite/7a-cougarCreek-polygonIgnit/cougarCreekFire_08-12-2015_2200_217m_non_neutral_stability_vel.asc
ncols	146
nrows	140
xllcorner	610065.000000
yllcorner	5095217.000000
cellsize	216.586807
NODATA_value	-9999.000000
[rows 0 to 35 of 140, columns 0 to 80 of 146]
10.51 10.43 10.57 10.70 10.56 10.51 10.53 10.58 10.74 13.27 11.00 11.22 11.36 11.27 11.26 11.34 11.21 11.03 10.93 10.87 10.96 12.99 11.89 12.13 11.98 11.82 11.85 11.92 12.00 11.92 11.64 11.28 11.12 11.01 10.87 10.80 10.79 6.11 9.07 10.47 8.37 8.45 10.09 7.87 7.94 8.05 9.71 9.58 9.46 9.25 8.82 8.24 7.76 7.29 6.80 6.30 5.70 5.04 4.48 3.97 3.41 2.83 2.28 1.74 1.22 0.74 0.45 0.66 1.07 1.44 1.66 1.88 2.12 2.36 2.64 2.91 3.03 3.20 3.49 3.74 4.01
10.51 10.43 10.57 10.70 10.56 10.51 10.53 10.58 10.74 13.27 11.00 11.22 11.36 11.27 11.26 11.34 11.21 11.03 10.93 10.87 10.96 12.99 11.89 12.13 11.98 11.82 11.85 11.92 12.00 11.92 11.64 11.28 11.12 11.01 10.87 10.80 10.79 6.11 9.07 10.47 8.37 8.45 10.09 7.87 7.94 8.05 9.71 9.58 9.46 9.25 8.82 8.24 7.76 7.29 6.80 6.30 5.70 5.04 4.48 3.97 3.41 2.83 2.28 1.74 1.22 0.74 0.45 0.66 1.07 1.44 1.66 1.88 2.12 2.36 2.64 2.91 3.03 3.20 3.49 3.74 4.01
10.20 10.29 10.62 10.72 10.54 10.59 10.66 10.72 10.87 10.96 11.04 11.28 11.35 11.26 11.32 11.36 11.16 11.03 11.05 11.10 11.26 13.44 12.09 12.08 11.80 11.75 11.84 11.94 11.98 11.79 11.48 11.19 11.12 11.06 10.91 10.81 10.74 10.63 10.43 10.28 10.21 10.02 9.86 9.79 9.69 9.55 9.34 9.20 9.06 8.87 8.52 8.02 7.56 7.07 6.56 6.02 5.39 4.79 4.26 3.73 3.17 2.64 2.12 1.63 1.20 0.91 0.89 1.14 1.50 1.83 2.02 2.24 2.48 2.73 3.00 3.21 3.28 3.44 3.74 3.99 4.27
9.81 10.11 10.68 10.81 10.65 10.78 10.90 10.98 11.09 11.14 11.25 11.48 11.52 11.45 11.49 11.41 11.16 11.13 11.32 11.49 11.64 13.79 12.27 12.10 11.82 11.81 11.87 11.91 11.87 11.57 11.36 11.18 11.17 11.17 11.00 10.86 10.75 10.60 10.40 10.26 10.11 9.89 9.76 9.64 9.48 9.29 9.03 8.91 8.82 8.72 8.48 8.01 7.51 7.00 6.46 5.85 5.23 4.72 4.26 3.75 3.24 2.79 2.35 1.97 1.66 1.50 1.52 1.68 1.92 2.17 2.35 2.60 2.83 3.08 3.32 3.47 3.48 3.62 3.94 4.23 4.50
9.55 9.91 10.56 10.76 10.70 10.83 10.93 13.81 13.85 13.74 11.43 11.62 11.73 11.67 11.55 11.44 11.25 11.33 11.61 11.70 13.65 13.82 13.92 12.21 12.09 12.00 11.81 11.79 11.83 11.65 11.59 11.30 11.18 11.25 11.06 10.89 10.79 10.71 10.57 10.35 10.06 9.85 9.73 9.52 9.34 9.15 8.97 8.92 8.88 8.80 8.48 7.93 7.42 6.55 6.30 5.67 5.14 4.70 4.26 3.82 3.38 2.96 2.58 2.28 2.08 1.99 2.03 2.17 2.36 2.58 2.78 3.02 3.24 3.46 3.64 3.74 3.74 3.86 4.19 4.48 4.73
9.40 9.78 10.39 10.61 10.67 10.84 10.92 11.00 11.19 13.80 13.90 13.79 11.79 11.70 11.53 11.46 11.33 11.54 13.66 11.71 13.65 13.80 13.79 12.19 12.28 12.07 11.75 11.87 12.06 11.99 11.78 11.23 11.18 11.33 11.09 10.94 10.86 10.76 10.56 10.24 9.91 9.76 9.62 9.36 9.17 9.07 8.98 8.93 8.85 8.51 8.18 7.89 7.28 6.73 6.13 5.59 5.14 4.71 4.27 3.83 3.41 3.04 2.74 2.51 2.39 2.37 5.93 2.61 2.78 3.03 3.25 3.45 3.65 3.83 3.95 4.03 4.04 4.20 4.50 4.72 4.97
9.18 9.56 10.09 10.39 10.63 10.86 10.92 13.79 13.93 13.79 14.10 13.99 13.51 11.68 11.58 11.46 11.42 11.65 13.56 13.53 13.57 13.58 13.57 13.50 13.06 12.40 12.03 12.91 12.93 12.41 11.65 11.19 11.43 11.46 11.07 10.97 10.90 10.73 10.49 10.52 10.37 9.66 9.74 9.18 9.07 9.60 9.12 8.68 7.76 7.61 8.38 7.57 7.53 6.54 6.06 5.63 5.18 4.72 4.27 3.85 3.47 5.82 5.86 2.76 2.72 6.09 2.89 3.04 3.21 3.51 3.71 3.87 4.02 4.18 4.29 4.37 4.40 4.58 4.81 4.97 5.21
8.97 9.38 9.94 10.31 10.63 10.77 10.79 13.61 13.70 13.95 13.98 14.07 13.76 12.87 12.26 11.50 11.52 13.03 13.29 13.50 13.48 13.45 13.49 13.69 13.25 12.60 12.62 12.89 12.97 12.08 11.54 12.27 12.30 11.36 10.94 10.94 10.87 10.63 11.02 10.65 10.43 10.05 9.74 9.69 9.54 8.86 8.26 7.86 7.71 9.17 8.31 8.36 6.99 6.53 6.05 5.58 5.12 4.68 4.28 3.90 6.42 6.11 3.09 3.03 3.06 6.54 3.32 3.48 3.70 3.99 4.13 4.27 4.42 4.56 4.67 4.72 4.76 4.94 5.13 5.24 5.44
8.86 9.36 9.98 10.32 10.56 13.27 10.66 13.10 13.68 13.81 13.86 13.97 13.77 13.12 12.40 11.50 12.52 12.83 13.13 13.47 13.46 13.54 18.44 18.64 13.34 12.84 12.70 12.82 12.76 12.07 11.81 12.30 11.71 11.10 10.85 11.92 11.48 11.20 11.01 10.82 10.51 10.07 9.89 9.84 9.44 8.97 8.78 8.77 9.00 9.13 9.12 8.50 7.99 7.95 7.74 5.51 5.07 4.68 6.85 3.99 6.54 3.50 3.37 3.36 6.98 6.96 7.08 7.15 4.19 4.44 4.52 4.66 4.85 4.98 5.04 5.04 5.10 5.32 5.47 5.53 5.64
8.81 9.33 9.93 10.19 10.41 13.00 13.16 13.28 13.17 13.34 13.49 13.58 17.72 13.29 12.47 12.08 12.27 12.24 12.85 17.68 18.54 13.56 13.12 13.20 18.95 13.09 12.91 12.74 12.70 12.49 11.95 12.05 11.74 11.52 11.85 11.83 11.40 11.16 11.01 10.81 10.33 9.86 9.93 9.76 9.22 9.05 9.17 9.28 9.35 9.39 9.01 7.89 7.97 8.12 5.91 5.50 5.11 4.74 6.91 4.12 3.90 3.77 3.71 7.24 7.24 7.47 7.44 7.43 4.65 4.86 4.94 5.09 5.28 5.39 5.37 5.35 5.50 5.75 5.80 5.78 5.83
10.70 9.23 9.75 10.01 10.24 10.29 12.70 13.10 13.35 13.46 13.27 13.30 13.39 17.59 12.60 12.44 12.11 11.22 12.59 13.18 18.52 18.01 13.11 13.00 19.44 16.60 14.31 14.21 12.77 12.56 11.83 12.02 11.82 11.53 11.83 11.77 11.44 11.20 10.95 10.55 9.94 9.61 9.51 10.80 10.51 10.94 9.20 9.31 9.14 11.22 10.08 10.36 8.74 6.38 5.97 5.59 5.22 7.45 4.58 4.36 4.19 6.87 7.47 7.46 7.75 7.64 7.90 7.96 5.11 5.29 5.37 5.54 5.68 5.76 5.72 5.71 5.95 6.14 6.06 6.00 6.05
8.66 9.11 11.76 12.15 12.52 12.56 10.27 12.82 13.16 16.97 17.06 13.11 13.01 13.17 12.73 12.78 11.56 11.94 12.68 13.07 18.41 17.99 18.12 12.96 13.19 18.17 13.58 14.81 15.76 12.53 11.84 11.97 11.69 11.52 11.68 11.63 11.47 11.16 10.70 10.17 9.79 11.97 11.60 11.42 10.80 11.07 9.10 9.28 11.39 11.16 11.27 9.11 6.93 6.53 8.43 8.13 7.93 7.74 7.52 4.65 4.54 7.87 7.61 7.94 8.11 4.95 5.15 5.35 5.58 5.72 5.81 5.99 6.09 6.13 6.09 6.14 6.38 6.46 6.29 6.24 6.28
8.66 9.04 9.51 11.93 12.32 12.54 10.26 12.38 12.58 12.89 17.31 17.52 16.75 12.49 12.47 12.53 11.53 12.14 12.71 12.88 17.92 18.05 18.24 19.38 13.03 20.17 14.38 15.63 16.09 13.33 12.04 11.92 11.73 11.64 11.62 11.54 11.40 11.05 10.45 9.98 13.59 12.07 11.50 11.44 11.02 11.66 9.29 12.07 11.59 9.52 9.59 9.44 7.04 6.67 8.66 8.42 8.26 8.01 7.88 7.51 8.12 7.34 7.66 5.01 5.18 5.41 5.63 5.84 6.05 6.17 6.24 6.46 6.52 6.48 6.49 6.61 6.76 6.71 6.54 6.50 6.50
8.63 8.93 9.38 9.69 9.91 12.26 10.25 10.35 11.88 12.21 12.71 17.45 17.76 16.71 12.19 12.06 11.57 11.69 12.22 17.06 17.82 18.20 18.01 18.57 20.23 20.13 15.42 15.97 15.10 12.31 12.51 11.79 15.67 15.76 16.33 16.56 15.78 15.44 15.91 15.67 13.96 11.33 11.14 11.17 11.60 9.22 9.42 12.51 12.39 9.90 9.96 9.70 9.19 8.91 8.82 8.67 8.57 8.40 8.49 8.20 7.66 7.79 5.32 5.48 5.65 5.88 6.14 6.34 6.51 6.63 6.70 6.92 6.93 6.84 6.93 7.06 7.07 6.94 6.81 6.78 6.73
8.46 8.80 9.29 9.59 9.80 10.01 10.14 10.18 10.24 11.99 12.16 12.30 12.44 17.72 17.47 15.62 14.40 14.27 15.21 16.07 16.31 17.09 16.73 17.27 19.41 19.98 16.29 15.87 14.38 12.30 12.06 11.60 16.41 16.51 16.78 17.11 16.05 15.61 16.24 15.95 11.26 10.55 11.38 11.74 12.48 13.06 13.07 12.58 12.50 13.11 10.26 9.79 9.46 9.13 8.98 8.79 11.76 8.51 8.59 8.45 5.57 5.60 5.72 5.93 9.22 9.12 8.93 8.99 6.98 7.12 8.73 7.29 7.29 7.27 7.33 7.41 7.38 7.23 7.10 7.06 6.98
8.29 8.75 9.28 9.50 9.68 9.90 12.21 12.26 12.15 11.97 11.97 12.17 17.19 16.85 17.59 18.43 15.96 15.03 16.00 16.79 16.30 16.86 16.45 16.01 18.91 19.75 16.98 15.62 14.00 12.19 13.12 16.01 16.48 16.61 17.03 16.72 16.38 15.96 15.76 15.26 11.40 11.46 11.87 12.16 13.03 13.06 12.70 11.89 12.55 13.62 10.13 9.88 13.26 12.89 9.21 8.96 12.04 8.89 12.18 9.15 9.08 9.20 9.18 9.16 8.88 9.00 9.69 7.18 7.48 7.63 7.53 7.58 7.67 7.74 7.72 7.72 7.70 7.59 7.42 7.32 7.25
8.28 8.75 9.27 9.46 9.66 9.89 10.02 12.00 12.21 11.98 11.78 12.10 17.57 17.86 17.55 17.69 18.27 17.65 18.16 18.57 18.11 18.33 16.45 12.86 16.48 19.23 16.86 15.03 12.91 11.85 14.42 16.57 16.07 16.05 16.50 16.23 16.29 15.97 15.04 14.31 12.73 11.99 11.75 12.06 12.37 12.60 12.13 12.69 13.45 14.01 10.20 14.07 13.04 13.35 13.19 8.52 8.45 12.61 9.30 9.40 9.48 9.34 8.87 9.29 9.15 10.05 7.37 9.71 7.87 7.93 7.74 7.85 8.00 8.08 8.04 7.96 7.91 7.87 7.71 7.52 7.42
8.33 8.75 9.24 9.51 9.74 9.84 11.80 11.80 12.06 15.98 11.71 12.02 17.71 18.38 17.57 15.92 16.36 18.06 18.70 19.32 20.32 20.35 19.03 14.41 15.84 18.14 16.86 14.76 13.03 12.88 15.25 16.26 16.11 16.20 15.50 16.08 15.95 16.31 15.44 13.76 12.77 12.29 12.28 12.11 12.36 12.43 12.69 13.46 14.02 14.18 14.43 12.10 12.40 13.99 13.77 8.59 8.96 12.61 9.30 9.57 9.49 9.42 9.62 9.99 10.12 7.49 7.57 10.94 11.15 8.04 7.92 8.11 8.25 8.30 8.29 8.16 8.03 8.00 7.89 7.66 7.50
8.35 8.73 9.23 9.60 9.79 9.74 9.86 11.76 15.74 15.95 11.78 12.17 17.51 17.54 17.32 17.62 17.58 18.26 18.91 18.76 19.92 20.20 20.30 16.41 15.85 16.85 16.33 14.13 13.75 14.28 15.62 15.97 15.83 17.11 15.31 16.76 16.69 16.34 15.20 13.92 13.05 12.64 12.44 12.54 12.77 13.15 13.36 13.89 14.31 14.72 12.87 12.66 13.81 9.71 14.04 13.09 9.28 9.15 12.84 9.45 9.00 12.68 9.64 10.18 7.61 10.73 10.90 10.98 8.25 8.20 8.21 8.41 8.47 8.50 8.54 8.38 8.15 8.09 8.00 7.81 7.62
8.38 8.75 9.30 9.68 9.80 9.72 11.69 11.85 16.00 16.06 11.75 17.04 17.21 17.13 17.45 17.08 17.73 18.84 19.18 19.21 20.10 19.29 19.83 18.16 18.23 17.08 15.22 13.95 14.21 15.00 15.14 15.48 14.37 11.16 10.63 16.79 16.73 16.51 15.56 14.37 13.55 12.82 12.29 12.04 12.83 13.49 13.49 13.81 13.10 12.97 13.02 14.37 13.75 13.94 14.23 13.31 12.63 9.31 12.92 12.77 9.56 13.12 10.22 10.43 10.65 8.02 8.05 8.25 8.43 8.46 8.52 8.67 8.66 8.72 8.79 8.53 8.25 8.19 8.10 7.92 7.73
8.44 8.82 9.37 11.46 11.44 11.47 11.69 11.88 11.71 16.06 11.74 17.04 17.44 16.90 17.69 18.49 17.77 18.34 18.30 19.30 19.87 18.43 19.31 19.77 20.41 17.48 14.24 14.21 14.56 15.00 15.04 14.87 11.57 10.74 10.38 16.95 16.52 13.13 15.77 13.73 13.23 11.78 11.24 11.67 12.11 12.33 12.40 12.51 8.01 13.30 13.78 14.69 14.29 13.99 13.81 9.23 9.12 13.68 13.60 13.19 13.13 13.26 9.90 10.13 8.27 8.32 8.35 8.46 8.61 8.70 8.77 8.90 8.86 8.94 8.97 8.64 8.39 8.35 8.23 8.00 7.79
8.52 8.93 9.39 11.34 11.38 11.48 11.70 11.71 11.63 16.28 16.17 16.75 16.55 17.57 16.59 11.52 18.35 18.75 19.52 19.64 19.92 18.30 19.27 19.54 18.90 17.37 15.32 15.02 14.69 14.50 14.98 13.78 11.13 10.35 10.20 13.48 15.97 12.66 15.13 12.22 10.35 8.63 10.68 11.49 12.39 13.45 13.05 12.62 12.98 14.93 15.18 14.47 14.92 14.05 8.92 12.94 14.39 14.26 13.83 13.01 13.61 13.58 13.57 8.43 11.12 11.29 11.47 11.63 8.80 8.91 9.04 9.17 9.07 9.11 9.08 8.76 8.59 8.53 8.36 8.09 7.84
8.60 9.02 9.39 9.66 11.39 11.55 11.48 11.61 11.57 16.00 16.41 17.20 18.13 15.18 17.56 11.36 16.66 11.07 18.86 19.16 19.26 19.47 19.53 19.41 19.52 17.90 15.71 15.59 14.40 13.37 14.19 11.27 10.48 13.74 9.87 9.48 15.99 15.57 14.49 10.53 7.02 7.49 9.07 11.98 12.86 13.13 13.05 13.21 14.65 14.75 14.89 14.17 13.88 9.20 9.11 14.20 14.47 14.60 14.24 13.49 14.21 14.06 10.93 11.59 11.85 11.72 11.38 8.99 8.99 9.15 9.35 9.40 9.23 9.24 9.19 8.96 8.82 8.66 8.44 8.18 7.93
8.68 9.06 9.41 9.66 9.86 9.86 11.31 11.42 16.14 15.98 16.51 17.45 18.14 16.18 18.02 17.63 18.05 18.28 18.65 19.07 18.32 18.90 19.44 18.82 18.75 20.18 15.18 15.33 13.87 12.84 13.97 13.41 10.30 9.85 9.66 12.80 15.69 15.36 14.40 10.58 9.31 8.02 9.46 12.54 13.22 13.32 13.67 14.52 14.73 15.02 14.50 8.65 14.16 13.23 14.16 15.02 14.56 14.88 14.59 14.69 14.84 11.17 11.19 9.24 11.50 11.34 11.29 11.30 9.23 9.43 9.56 9.53 9.39 9.40 9.33 9.16 9.04 8.77 8.49 8.28 8.04
8.73 9.07 9.42 9.65 9.81 9.78 11.31 11.30 11.35 16.78 16.91 17.46 17.94 17.91 17.47 17.69 18.03 18.59 18.78 18.94 19.42 18.86 18.29 18.80 18.03 19.70 15.58 14.47 14.41 13.96 14.16 13.47 10.69 9.83 15.21 15.81 15.39 14.91 13.96 9.99 9.90 11.18 11.53 6.86 13.09 14.33 14.91 14.76 15.49 15.78 13.66 9.23 15.00 15.34 16.09 15.87 15.23 15.24 15.08 14.98 15.19 11.43 14.11 14.28 11.90 11.83 11.55 11.70 9.55 12.17 9.63 9.62 9.60 9.58 9.46 9.34 9.24 8.87 8.54 8.37 8.16
8.72 9.05 9.42 9.62 9.81 9.84 11.33 11.34 11.28 17.29 17.02 17.54 17.57 18.17 17.68 17.81 18.12 18.68 18.85 18.70 19.27 19.45 18.00 17.84 17.48 18.33 15.68 13.23 15.20 15.80 14.41 10.88 9.80 12.10 8.66 10.89 14.85 14.18 11.90 8.19 7.80 11.52 11.63 12.24 13.12 7.41 14.13 8.07 15.61 15.51 8.76 13.60 16.07 15.62 16.56 16.05 15.92 9.05 15.77 15.45 15.36 11.53 14.93 16.07 12.82 12.41 12.48 12.62 12.78 12.95 12.92 9.78 9.82 9.76 9.62 9.51 9.37 8.97 8.62 8.44 8.25
8.72 9.04 9.40 9.61 11.42 11.35 11.39 11.24 16.46 17.34 17.69 17.53 17.40 17.06 17.88 17.99 18.08 18.56 18.62 18.57 19.00 19.27 18.38 18.02 17.42 18.30 15.50 12.02 14.90 16.20 12.03 10.02 10.23 11.56 13.39 14.49 14.00 13.15 11.37 10.58 11.47 12.85 12.92 13.24 13.81 14.27 14.87 15.45 15.80 15.25 9.28 14.55 15.83 15.63 16.28 16.19 16.04 16.07 16.03 15.69 15.47 11.78 12.01 16.00 16.26 16.50 13.45 13.26 13.08 13.13 13.13 9.99 10.00 9.94 9.83 9.65 9.42 9.09 8.76 8.51 8.32
8.75 9.03 9.38 9.69 11.55 11.52 11.45 11.46 16.18 17.34 17.50 17.65 17.88 17.00 17.94 18.32 18.24 18.54 18.34 18.40 18.75 19.15 18.99 18.26 17.90 18.40 17.08 12.21 13.86 14.80 11.40 10.41 10.28 11.39 13.33 14.44 13.75 11.78 10.98 11.77 12.51 13.04 13.46 13.45 13.68 14.63 15.46 15.13 15.84 15.03 9.48 14.92 15.95 14.30 15.86 16.36 16.19 15.97 16.03 16.45 16.49 16.54 17.05 17.08 17.17 17.13 16.71 13.56 13.22 13.06 13.03 10.22 10.16 10.13 10.02 9.75 9.49 9.24 8.92 8.62 8.41
8.77 9.06 9.47 9.79 9.97 11.37 11.37 11.47 11.35 17.16 17.48 17.36 17.94 17.08 17.65 17.94 17.80 18.41 18.48 18.48 19.09 19.53 19.59 18.93 17.62 18.24 19.89 15.98 14.58 13.75 11.03 11.14 11.66 12.06 12.50 12.57 10.66 10.46 11.75 12.33 12.32 13.25 13.22 13.29 13.67 7.51 8.05 8.45 16.55 9.35 9.86 15.66 15.79 13.52 17.53 17.06 16.76 16.80 17.09 17.17 17.22 17.15 17.15 17.28 17.24 17.17 16.91 13.91 13.78 13.61 13.51 10.42 10.33 10.31 10.16 9.87 9.64 9.38 9.04 8.77 8.53
8.83 9.15 9.58 9.78 9.87 11.22 11.41 16.79 16.21 16.96 17.40 17.14 17.48 17.29 17.39 17.63 17.72 18.24 18.43 18.55 19.35 19.67 19.41 18.98 17.67 17.82 19.11 19.96 16.66 12.78 11.39 11.94 12.98 12.20 11.73 10.85 9.67 11.31 12.19 12.02 12.36 12.60 9.12 7.02 7.31 7.62 8.03 16.15 9.22 9.65 10.35 15.70 15.71 16.43 18.23 17.49 17.50 17.49 17.39 17.35 17.48 17.58 17.59 17.47 17.32 14.09 14.18 14.18 14.10 14.03 13.90 10.66 10.60 10.52 10.30 10.02 9.81 9.50 9.16 8.91 8.64
8.99 9.27 9.62 9.76 9.84 11.24 11.26 11.48 17.39 17.68 18.21 18.04 17.61 17.59 17.24 17.09 17.65 17.52 17.70 17.89 18.82 18.56 18.43 17.59 16.92 17.60 18.86 19.69 18.66 13.84 12.96 13.07 12.83 12.15 11.41 9.25 9.19 12.88 11.36 9.35 7.78 8.07 6.57 7.18 7.77 8.15 15.43 14.02 9.52 10.11 10.73 14.22 18.17 18.65 18.30 17.89 17.28 17.28 17.33 17.44 17.73 17.87 17.75 17.66 17.56 14.32 14.14 14.06 13.88 13.70 13.36 10.96 10.88 10.72 10.45 10.15 9.94 9.64 9.30 9.02 8.75
9.21 9.40 9.63 9.77 9.92 11.23 11.34 11.58 17.23 17.78 17.34 18.07 18.24 18.25 17.47 17.10 17.97 18.26 17.89 17.81 17.49 15.20 16.32 16.35 16.68 18.22 19.16 19.79 19.89 15.01 14.65 12.31 11.41 11.43 9.56 8.11 10.98 12.30 9.31 6.90 7.32 7.89 6.48 7.18 7.94 8.57 8.72 15.59 9.80 10.68 11.21 12.00 19.56 18.57 17.52 16.89 16.91 16.93 17.32 17.63 18.05 18.10 18.28 17.90 17.86 17.91 14.71 14.67 14.48 14.36 14.44 14.63 14.50 14.34 10.64 10.32 10.08 9.76 9.44 9.11 8.87
9.25 9.57 9.75 9.75 9.95 11.33 11.51 11.51 16.95 17.59 17.48 17.30 18.22 17.66 17.55 17.77 17.99 18.83 18.95 18.48 17.97 16.02 14.92 14.54 17.09 19.22 20.27 20.48 21.26 17.09 15.03 11.34 9.85 9.63 9.75 10.23 11.87 11.77 9.40 11.64 7.51 7.99 6.40 7.17 7.91 8.67 9.10 12.78 9.85 10.93 11.77 12.68 18.51 18.34 16.90 17.92 18.37 17.91 17.94 18.19 18.31 18.15 18.28 18.54 18.81 12.01 18.72 11.78 18.47 18.57 11.57 17.56 15.09 11.15 10.94 10.57 10.22 13.56 13.83 9.22 9.01
9.12 9.68 10.50 9.88 11.14 11.41 11.61 11.65 17.00 17.38 17.24 17.73 17.61 17.64 18.07 18.22 18.39 18.14 18.03 17.76 18.32 18.47 17.98 17.05 17.04 18.34 20.08 20.62 21.05 18.77 14.84 10.43 8.96 8.84 9.16 9.42 9.51 8.78 8.82 9.49 9.49 8.44 6.52 7.33 14.26 13.78 14.27 13.60 9.83 10.65 11.76 9.14 12.85 21.66 20.86 20.92 19.30 18.39 18.61 13.43 19.14 18.85 18.95 12.15 12.28 19.01 12.18 18.35 17.91 15.35 15.08 14.46 11.48 11.45 11.22 10.74 10.25 9.88 13.76 9.38 9.12
9.00 9.67 10.44 10.90 11.22 11.50 11.51 16.68 17.39 17.39 17.86 18.60 18.45 18.01 17.93 18.30 18.62 18.30 17.89 17.12 17.18 18.21 18.66 19.23 19.62 18.74 19.38 20.72 20.97 17.39 8.55 7.96 8.03 8.03 8.40 8.49 8.31 8.10 9.43 10.06 11.11 12.52 13.28 14.29 14.94 14.84 14.88 14.20 10.26 10.54 11.30 12.56 12.46 15.27 17.70 19.66 20.07 19.41 19.63 19.24 19.34 18.53 14.47 18.86 18.90 18.70 15.62 15.20 14.21 12.10 12.25 12.09 14.24 14.99 15.15 14.67 14.09 10.02 9.78 9.51 9.17
9.00 9.71 10.53 10.59 11.54 11.61 11.45 11.37 16.98 17.09 17.21 16.08 17.49 18.28 18.34 17.80 17.65 17.48 17.32 17.16 18.27 18.53 18.26 18.34 18.38 17.77 20.73 20.71 20.27 15.19 7.41 6.86 7.21 7.22 8.29 8.59 8.37 8.21 8.67 9.43 8.07 9.10 10.46 7.62 8.55 9.23 16.92 16.41 14.41 10.83 11.15 11.63 12.84 14.30 15.46 16.62 18.21 18.55 19.11 19.45 18.47 19.89 19.39 18.96 18.68 15.44 15.03 12.15 12.05 12.27 12.45 14.80 15.07 15.17 14.97 14.62 10.37 10.12 9.82 9.49 9.14
