examples/cougarCreek-fire/createInputs/farsite/7a-cougarCreek-polygonIgnit/cougarCreekFire_08-10-2015_2300_217m_non_neutral_stability_vel.asc
ncols	146
nrows	140
xllcorner	610065.000000
yllcorner	5095217.000000
cellsize	216.586807
NODATA_value	-9999.000000
[rows 36 to 71 of 140, columns 0 to 81 of 146]
9.40 10.16 10.96 12.10 12.08 16.60 16.79 11.64 17.19 17.18 16.62 15.62 15.30 17.59 18.18 18.36 18.73 19.78 20.43 20.30 19.32 18.57 19.30 18.90 18.03 16.77 18.98 21.23 23.06 6.33 7.59 5.83 4.29 4.26 2.49 5.04 5.27 5.07 4.76 4.57 4.28 3.40 2.61 2.04 1.62 1.39 1.53 2.07 8.49 8.95 4.95 5.12 4.78 5.89 6.39 6.99 12.23 12.86 13.47 13.97 14.54 15.06 15.63 15.44 15.94 14.96 12.12 12.11 12.93 16.46 12.97 12.90 12.43 11.91 9.58 9.45 9.38 9.21 8.94 8.70 8.48 8.29
9.53 10.29 11.15 12.32 12.38 12.28 11.99 16.72 11.65 16.14 15.68 15.83 15.76 17.17 16.63 16.67 16.88 17.19 16.84 16.32 16.39 16.91 18.05 17.89 17.54 16.95 17.52 18.97 16.30 8.37 7.87 6.61 3.87 1.02 1.10 0.96 2.09 3.08 3.00 2.53 2.44 1.88 1.15 2.24 1.89 1.78 1.88 2.29 7.71 8.18 9.69 5.84 6.38 6.65 7.00 7.65 8.07 8.62 9.26 9.72 10.27 10.76 11.32 11.93 12.57 13.27 13.63 13.66 13.68 13.71 13.94 16.80 15.38 10.00 9.91 9.72 9.52 9.29 9.02 8.83 8.58 8.33
9.73 10.61 11.54 12.59 12.59 12.38 13.63 11.57 15.78 15.35 15.94 16.12 16.62 16.01 15.93 16.31 16.69 16.74 16.85 17.57 17.69 17.06 17.20 18.20 17.21 16.39 17.94 19.17 15.74 12.99 7.77 9.86 6.07 2.55 1.82 3.79 4.95 4.39 3.40 3.43 2.90 3.62 1.95 0.97 2.29 2.24 2.48 2.70 3.22 3.81 9.43 10.07 6.74 5.34 5.81 6.22 6.75 7.24 7.55 7.87 10.35 10.73 11.09 11.64 12.33 12.95 13.00 12.75 12.87 13.15 13.19 13.21 13.22 13.51 13.81 11.82 9.68 9.37 9.08 8.84 8.52 8.24
10.31 11.08 11.75 12.62 12.57 12.40 13.62 11.55 16.01 16.34 16.54 16.55 15.35 16.76 16.72 16.96 17.14 16.99 16.65 17.00 17.26 17.10 17.66 18.89 17.75 17.79 18.41 20.10 16.37 17.54 9.18 11.28 8.40 4.78 0.23 2.91 3.65 5.14 4.39 4.46 3.66 4.74 5.89 6.27 5.80 6.25 7.12 7.58 7.11 4.30 4.62 9.10 8.98 10.36 7.91 6.18 8.95 9.30 7.26 7.66 7.94 10.43 10.92 11.75 12.29 9.86 9.56 9.41 9.68 9.98 9.95 9.83 9.78 12.51 12.78 12.83 13.01 9.34 9.05 8.74 8.41 8.20
10.90 11.31 11.83 12.48 12.43 12.24 13.29 11.61 11.78 16.56 16.86 16.96 16.96 18.01 17.04 16.95 16.87 16.32 15.87 16.39 17.22 17.78 18.63 18.72 15.81 17.48 18.51 19.88 19.75 21.64 9.46 10.73 6.78 3.55 1.16 1.18 1.27 0.54 1.88 4.75 4.45 3.97 3.43 3.07 5.81 6.73 7.71 7.95 8.59 9.06 9.24 9.62 6.21 5.68 6.05 6.49 6.80 6.92 7.25 7.67 10.25 7.96 8.52 8.97 9.01 8.85 8.78 8.87 9.11 9.34 9.24 9.20 9.30 9.42 9.35 9.19 9.09 9.04 11.80 12.81 8.42 8.25
11.27 11.50 11.77 12.39 12.52 13.82 11.68 11.87 12.00 16.73 17.18 17.29 16.88 17.02 16.27 16.39 16.35 15.33 16.49 17.21 18.22 18.93 19.40 14.93 15.04 17.26 18.75 19.71 19.54 20.51 11.91 9.44 6.75 3.63 3.51 5.27 2.54 1.16 0.94 2.88 4.51 4.33 4.25 4.79 5.34 3.25 3.68 4.25 5.11 5.90 6.38 6.89 7.28 7.78 8.25 8.75 8.99 9.36 9.95 10.09 7.56 7.66 7.98 8.01 7.85 7.88 8.15 8.35 8.56 8.80 8.76 8.82 8.92 8.97 8.89 8.78 8.75 8.71 8.49 8.34 10.19 8.29
11.43 11.56 11.62 11.87 13.17 12.02 12.02 11.74 12.27 12.04 12.22 17.29 16.61 16.46 16.16 15.99 15.91 16.43 17.24 17.52 18.95 19.40 16.50 14.21 16.63 17.63 19.17 19.23 17.38 17.10 14.97 7.60 5.21 5.44 5.32 5.72 3.28 1.78 1.57 0.96 2.84 3.67 4.04 4.20 4.66 5.70 6.06 4.38 5.23 4.92 6.51 5.47 5.71 6.03 6.28 6.40 6.49 6.55 6.51 6.42 6.38 6.58 6.84 6.96 6.98 7.25 7.68 7.98 8.24 8.50 8.57 8.59 8.55 8.56 8.62 8.71 8.71 8.60 8.30 8.07 9.41 11.02
11.53 11.65 11.72 12.12 13.43 12.20 12.45 12.67 12.47 12.52 17.54 16.93 15.42 15.44 14.62 14.88 16.26 16.55 17.30 18.12 19.08 16.71 14.42 13.48 17.04 18.05 19.32 16.56 16.84 17.29 15.57 9.81 4.42 2.17 5.01 5.75 4.12 2.14 1.91 1.72 1.25 1.70 3.42 2.42 3.93 3.83 3.86 4.29 6.97 6.02 5.48 5.59 5.75 5.85 5.81 5.72 5.65 5.55 7.66 5.65 5.77 5.97 6.39 6.89 7.34 8.05 8.66 8.90 9.00 9.10 9.19 9.13 9.07 9.11 9.15 9.06 8.86 8.70 8.39 8.15 8.02 7.82
11.78 11.92 12.12 12.55 12.73 12.45 12.78 12.77 12.81 16.86 15.85 13.44 13.57 15.64 15.15 16.01 15.79 15.83 16.73 18.18 18.29 14.73 13.88 15.36 17.13 18.24 16.28 15.21 16.90 17.26 14.74 10.43 8.38 4.60 3.28 3.36 4.52 2.73 2.49 1.82 2.42 1.43 4.58 4.36 4.19 4.24 4.01 6.13 5.79 5.80 5.85 5.68 5.58 5.52 5.48 5.46 5.39 5.38 5.62 6.00 6.28 6.72 5.99 6.81 7.51 8.41 8.95 8.73 8.83 9.05 9.27 9.26 9.00 8.88 8.93 9.63 9.28 9.05 8.64 8.32 8.01 7.72
11.97 12.31 12.61 12.69 12.86 12.84 12.85 12.93 13.28 14.09 12.19 12.81 15.41 16.59 16.68 16.03 13.32 16.10 17.23 18.31 18.81 16.78 15.64 14.78 16.87 16.76 15.04 16.60 18.02 18.30 14.12 11.00 10.48 8.13 5.66 3.45 2.03 1.30 1.24 0.76 1.39 5.11 4.94 4.75 4.64 2.40 4.34 5.08 5.45 5.79 5.82 5.10 5.34 5.26 5.33 5.44 5.53 5.83 6.40 5.64 6.07 6.61 5.02 5.87 6.78 10.29 12.19 12.37 11.75 12.64 13.08 11.57 11.54 11.71 11.60 10.84 9.74 9.52 8.77 8.37 7.95 7.70
12.53 12.92 12.45 12.49 12.85 13.06 14.15 14.86 14.45 11.28 12.45 14.94 15.94 16.88 16.41 15.27 15.94 16.17 17.60 18.70 19.31 15.87 14.63 13.61 13.57 14.22 14.79 17.60 18.76 17.08 13.94 12.09 11.50 10.33 8.07 4.12 3.27 2.50 1.18 0.12 3.86 4.43 4.09 1.60 2.65 4.88 5.30 5.33 5.28 5.89 5.92 5.62 5.29 5.23 5.49 5.93 6.55 5.95 6.88 5.20 5.58 5.14 5.99 9.35 10.42 12.10 11.78 11.66 14.19 15.92 15.30 16.14 14.70 12.20 12.09 12.61 14.95 10.78 8.50 8.19 7.84 7.68
13.21 10.61 11.39 12.50 12.75 13.26 11.80 13.55 13.93 12.01 15.00 15.80 16.31 16.95 17.13 17.38 11.59 16.31 18.09 18.68 18.70 13.59 11.64 12.47 13.31 13.94 16.57 18.49 17.91 16.81 14.93 14.34 12.51 11.18 8.92 3.66 3.67 5.23 4.09 2.93 1.46 2.44 6.21 5.87 5.64 5.94 5.95 5.97 6.16 6.55 6.79 6.15 6.26 6.05 6.05 6.58 7.18 3.57 5.40 9.84 10.42 10.80 12.36 13.60 14.57 14.56 14.03 14.30 14.83 14.66 14.70 14.81 13.92 12.03 12.22 12.18 12.73 12.45 10.08 7.93 7.71 7.63
13.51 12.60 13.21 13.92 12.92 12.77 11.36 14.21 15.41 14.97 15.69 12.90 16.65 17.11 12.41 12.39 17.90 17.34 18.58 18.55 16.33 11.52 10.69 13.29 14.50 16.66 17.80 19.02 16.36 17.85 17.01 16.21 15.92 11.68 6.57 3.44 3.26 6.01 6.34 7.99 11.88 8.54 10.03 9.49 5.78 5.46 6.43 4.18 6.84 7.54 7.62 5.10 4.34 5.11 4.75 5.27 7.58 14.14 14.20 14.28 14.22 13.89 14.06 14.69 14.80 14.44 14.09 13.82 13.89 14.45 13.36 13.18 13.72 13.80 11.61 11.43 13.86 12.91 11.12 7.75 7.53 7.51
12.81 13.11 12.96 11.06 11.60 12.88 14.28 13.19 13.38 16.08 16.29 13.25 13.14 13.09 18.63 18.79 17.87 17.56 15.41 16.40 15.90 12.10 12.28 14.93 15.14 16.97 18.04 18.11 19.38 17.96 17.50 16.66 16.92 13.57 7.12 3.75 2.87 5.58 6.11 10.82 10.61 8.39 9.42 10.67 9.98 7.59 4.70 7.83 7.95 8.79 5.57 3.71 15.79 13.94 11.33 12.33 12.31 12.68 13.23 13.56 10.15 10.21 10.39 14.17 14.99 13.85 13.81 13.22 12.92 13.12 12.96 12.92 12.84 11.15 11.05 10.65 10.66 10.47 9.68 9.35 7.30 7.22
12.34 11.56 11.02 11.40 12.37 12.30 12.50 13.74 13.66 13.53 13.57 13.80 13.76 18.30 18.10 15.39 15.70 14.01 13.79 15.93 15.61 14.17 14.00 13.97 13.47 13.94 11.91 16.91 16.50 18.52 16.98 16.96 17.13 13.58 9.56 4.67 3.70 5.80 6.32 7.55 11.34 8.29 8.46 9.44 11.10 12.16 13.04 14.39 15.82 16.92 16.35 15.42 15.40 15.13 14.85 12.83 8.47 8.77 12.51 12.76 9.96 10.16 10.12 10.22 14.02 12.97 12.46 11.74 11.45 11.38 11.60 11.80 10.17 10.95 11.09 10.02 8.55 7.61 8.84 9.84 7.14 6.91
12.60 12.04 11.38 12.84 12.49 12.77 13.92 13.95 13.96 13.93 14.14 14.51 14.46 18.51 14.26 13.30 14.17 13.52 14.68 16.24 14.26 13.28 14.68 10.22 13.57 13.87 17.12 13.15 17.00 17.85 16.62 17.08 17.35 13.35 10.06 6.16 5.38 7.52 7.50 7.61 7.76 7.48 7.21 8.33 6.91 7.52 8.16 8.98 9.89 14.50 14.89 15.09 10.49 14.79 9.40 6.60 8.16 8.43 8.65 12.22 12.07 10.06 10.08 9.86 10.37 10.60 13.58 13.93 13.40 11.54 11.72 15.35 11.82 12.16 11.39 11.47 11.42 11.65 7.67 11.07 6.98 6.89
13.02 11.96 12.95 12.76 12.97 14.14 14.27 14.39 17.00 14.37 14.90 18.17 14.81 13.92 12.36 12.19 12.98 13.79 15.11 15.34 13.91 14.63 14.33 10.98 13.21 9.66 10.07 13.88 20.44 17.02 16.18 16.41 16.63 13.51 8.80 6.51 6.97 9.45 8.31 8.30 7.12 6.35 5.87 6.37 8.52 6.91 7.42 7.11 7.56 8.21 10.08 10.38 10.48 10.43 9.87 12.38 9.57 8.76 12.24 11.47 11.34 11.95 10.25 7.92 10.44 10.59 10.73 11.01 10.88 10.73 7.91 10.94 11.12 7.72 7.40 7.35 7.24 7.09 7.01 6.94 10.53 7.09
12.14 11.78 13.03 13.21 14.53 14.26 16.00 16.35 16.83 18.15 17.60 12.99 12.72 12.18 12.20 12.16 11.89 14.69 15.42 14.87 15.88 13.96 14.03 10.32 16.11 10.05 18.77 17.22 16.80 16.08 13.94 15.68 16.80 13.97 7.95 6.03 6.62 5.85 4.83 3.60 4.86 5.05 4.96 5.20 6.64 6.42 7.03 7.01 7.31 7.70 7.92 8.05 8.39 10.18 10.05 14.97 13.62 11.92 9.85 10.05 9.86 9.95 7.85 7.82 7.70 7.51 7.55 7.58 7.21 6.89 7.03 7.22 7.05 6.87 6.88 6.88 12.85 10.20 6.96 6.90 6.89 6.83
12.22 11.92 14.20 14.44 14.25 13.67 15.51 17.09 17.43 17.99 13.31 12.38 11.98 12.27 15.57 14.57 12.41 16.84 16.89 15.38 12.09 11.75 13.89 13.87 13.97 14.98 15.81 15.40 16.14 16.24 12.32 15.65 16.58 15.63 8.74 6.57 9.86 9.99 5.51 6.23 7.32 6.63 5.21 4.82 5.57 5.47 6.17 7.07 7.61 8.08 8.17 7.95 7.94 8.11 9.72 9.81 9.68 9.68 9.93 9.82 9.25 6.91 6.76 6.70 6.59 6.66 6.81 6.67 6.31 6.30 6.56 6.69 6.71 6.81 6.89 6.91 6.98 6.97 6.77 6.62 6.63 6.56
12.84 12.40 13.48 13.91 12.32 12.11 14.37 17.86 14.79 13.83 12.85 11.74 12.09 12.66 15.86 15.13 12.70 16.44 12.81 12.43 13.36 14.06 13.99 13.46 15.92 14.96 14.90 15.64 16.71 16.25 13.38 15.83 16.40 15.54 9.75 8.32 11.87 13.77 11.66 10.76 11.14 12.15 7.14 5.77 7.05 5.74 6.34 6.73 7.31 8.01 8.31 8.09 7.82 7.63 7.53 9.25 8.69 6.86 6.71 6.43 6.13 6.08 6.17 6.20 6.22 6.31 6.27 6.09 6.09 6.39 6.67 6.80 6.80 6.72 6.63 6.63 6.58 6.35 6.27 6.54 6.76 6.71
13.26 13.74 13.12 13.37 12.63 13.56 15.85 15.74 13.10 12.40 11.71 12.12 12.37 12.20 15.44 13.12 12.43 12.86 12.80 12.96 13.41 12.91 12.97 13.30 14.58 14.83 15.48 15.96 17.23 14.65 13.67 16.25 16.28 15.53 9.76 7.16 11.82 13.43 9.93 10.70 10.78 12.10 10.59 6.99 5.81 7.67 6.45 6.85 6.65 7.17 7.88 8.11 7.97 7.65 7.30 6.86 6.43 6.13 5.92 5.83 6.02 6.36 6.61 6.74 6.83 6.74 6.46 6.38 6.58 6.82 6.93 6.84 6.58 6.35 6.28 6.26 6.19 6.23 6.58 6.83 6.68 10.24
14.89 13.80 12.91 12.83 12.30 13.22 16.97 13.37 13.31 12.27 11.87 13.72 12.90 11.89 12.88 12.95 12.94 18.03 11.72 10.30 12.96 12.43 13.00 10.96 14.56 14.44 15.26 16.52 16.60 14.17 15.38 16.21 16.84 17.77 6.30 5.29 12.75 12.08 7.84 10.79 11.01 11.42 13.54 9.90 6.79 8.92 8.16 7.78 7.52 6.89 7.05 7.48 7.83 7.70 7.27 6.84 6.56 6.43 6.36 6.37 6.47 6.55 6.57 6.62 6.66 6.68 6.79 6.93 6.95 6.85 6.62 6.33 6.17 6.23 6.40 6.54 6.67 6.88 6.97 7.72 6.38 6.21
14.99 13.60 12.54 12.60 13.04 17.45 14.42 13.79 12.40 11.89 14.79 14.43 12.47 11.53 17.24 14.45 14.52 13.90 13.20 10.11 13.07 12.96 10.36 10.61 14.47 14.23 11.20 17.26 15.63 13.86 16.15 16.68 16.77 18.06 7.59 4.81 10.75 11.15 9.49 11.72 11.53 11.01 12.52 11.69 10.19 6.09 5.31 9.62 9.47 8.26 7.91 7.24 6.41 7.32 7.07 6.86 6.78 6.79 6.81 6.76 6.61 6.44 6.34 6.29 6.24 6.27 6.39 6.40 6.30 6.13 5.93 5.94 6.18 6.51 6.86 7.07 5.16 6.61 7.64 7.93 6.41 6.40
14.90 13.16 12.36 13.30 14.37 16.58 14.40 12.64 11.93 13.99 15.27 12.80 14.42 11.69 12.29 12.82 15.79 14.60 12.80 11.27 13.36 11.20 10.68 11.61 13.64 11.06 11.79 16.79 15.25 15.68 16.57 16.81 16.26 16.71 11.41 6.35 7.61 10.26 9.88 12.75 12.26 11.74 12.66 11.71 13.03 15.07 12.60 10.19 8.77 10.00 9.37 8.73 7.71 7.49 7.39 7.17 6.92 6.68 6.52 6.47 6.44 6.43 6.43 6.39 6.36 6.29 6.23 5.83 5.69 5.62 5.76 6.18 6.58 6.87 4.49 8.85 11.55 11.28 7.98 7.50 6.42 6.38
14.60 12.94 12.76 14.16 15.81 14.63 13.01 11.88 14.08 15.25 12.52 12.34 12.07 12.62 13.34 16.06 20.98 12.75 12.29 11.13 12.10 12.37 12.93 13.13 11.20 11.55 15.77 15.85 15.96 16.55 16.78 16.30 16.56 16.24 12.76 8.63 7.49 9.12 11.10 11.88 12.28 10.96 10.88 13.14 11.85 12.72 12.76 15.48 15.51 10.39 10.16 8.55 7.60 8.57 8.29 7.99 7.62 7.29 6.96 6.70 6.52 6.42 6.36 4.79 6.01 6.13 5.91 5.76 5.75 5.92 6.30 6.69 5.04 5.74 11.48 10.95 8.13 10.13 11.55 11.74 10.95 9.42
13.99 12.85 13.18 14.28 13.96 13.55 12.32 11.69 12.02 12.20 12.44 12.99 13.50 16.06 16.40 17.07 10.15 11.93 10.11 9.38 11.22 12.65 13.72 11.45 11.47 11.95 12.13 16.05 16.52 16.75 16.05 15.92 16.41 15.40 11.95 10.13 7.76 8.64 11.25 11.51 11.19 10.54 10.82 12.51 12.31 13.64 13.93 14.27 14.93 9.55 9.06 8.98 8.90 8.74 8.53 8.37 6.56 6.08 5.92 5.41 4.96 4.60 4.45 4.62 5.87 5.75 5.81 6.01 6.25 6.46 4.38 6.31 11.17 10.84 7.88 10.04 11.10 11.72 9.94 10.07 12.50 10.22
13.16 12.81 13.40 13.85 13.25 12.89 11.93 11.45 11.98 12.56 13.46 16.97 17.07 17.07 21.04 17.83 13.09 11.09 11.50 9.68 11.36 12.88 12.05 12.91 11.37 11.86 15.87 16.28 16.58 16.38 15.97 16.10 16.30 15.79 10.20 10.46 9.80 9.04 11.30 12.07 12.03 10.34 11.80 12.68 12.44 13.15 13.29 10.93 11.32 8.94 8.73 8.42 8.15 15.43 7.84 7.76 9.86 7.43 12.60 10.27 5.21 4.74 4.86 4.82 4.25 3.85 6.22 3.95 3.94 5.13 8.75 9.83 9.20 6.65 9.29 11.10 11.86 12.03 11.70 9.66 12.21 12.13
12.44 12.61 13.22 13.29 12.75 12.24 11.58 11.67 12.91 16.78 17.61 17.85 17.46 20.88 21.18 10.68 12.11 12.02 9.51 9.65 11.74 12.00 11.28 13.06 11.60 11.87 15.48 16.43 16.81 16.16 16.40 16.11 16.60 14.40 9.28 10.14 10.88 10.00 11.30 12.08 12.06 9.47 9.68 12.64 11.39 11.13 11.66 14.13 14.15 8.78 8.54 8.17 7.80 14.36 7.41 7.33 14.13 6.89 12.39 13.91 6.50 6.48 7.65 6.33 4.74 4.56 3.96 12.97 14.15 10.74 9.63 9.94 9.75 9.56 10.46 11.02 11.83 9.29 11.50 11.28 11.76 5.72
12.04 12.31 12.90 12.95 12.43 12.09 12.23 13.48 17.80 18.52 21.26 21.51 21.41 21.63 12.02 12.96 11.24 9.32 9.79 9.94 9.94 10.50 12.39 13.13 13.48 13.95 15.10 16.43 16.38 15.88 15.92 16.18 14.98 12.35 10.00 10.32 11.08 11.08 11.62 11.90 12.04 9.25 9.55 11.32 12.35 10.95 11.33 9.24 9.46 14.14 8.34 7.93 7.68 7.53 7.30 7.16 7.04 9.10 6.67 12.10 6.26 8.57 6.08 11.00 12.08 11.99 12.13 12.52 5.47 12.81 10.03 8.03 12.39 12.46 8.58 10.88 8.57 8.91 10.26 9.91 10.51 11.38
11.78 12.01 12.63 12.89 12.84 13.28 14.26 18.52 19.09 21.27 19.93 20.03 19.31 11.71 12.94 12.06 10.32 8.89 11.09 9.21 11.00 11.49 12.99 12.52 13.05 11.63 12.12 16.50 16.58 16.25 15.99 14.80 14.35 11.88 10.00 10.22 12.22 11.53 11.95 13.61 12.40 10.53 9.08 9.01 10.78 10.54 11.68 11.75 9.40 10.28 8.85 8.08 7.70 7.43 13.40 6.92 6.87 6.71 6.49 12.90 6.06 5.86 5.74 11.85 10.61 11.41 11.55 11.72 11.79 13.64 11.77 11.48 11.89 12.00 8.05 9.71 7.73 4.96 4.94 6.03 6.76 7.48
11.22 11.53 12.42 13.33 17.38 17.76 18.65 22.04 21.48 20.81 19.46 17.97 15.41 11.20 12.06 11.35 11.63 9.12 11.40 10.49 10.91 10.96 11.04 10.36 14.13 11.76 12.35 13.04 17.01 16.47 16.12 12.15 11.92 11.63 10.00 10.50 14.53 11.28 11.51 15.60 12.49 10.79 7.29 8.98 7.76 8.04 8.79 8.84 8.92 14.39 9.61 8.20 7.50 12.71 6.96 6.83 6.76 6.66 6.51 6.31 10.70 5.70 12.92 13.23 13.20 11.52 7.82 12.82 11.55 11.72 11.12 7.32 11.23 11.79 11.93 9.83 3.92 5.20 7.85 8.99 8.75 8.17
10.91 11.60 13.11 17.94 18.99 18.99 21.90 21.55 20.84 19.72 17.36 15.44 13.68 11.02 11.90 13.40 11.39 9.76 11.62 11.76 11.63 12.09 11.01 10.40 13.59 11.81 12.52 13.28 16.57 15.88 13.72 11.13 10.94 11.92 11.84 11.75 14.93 10.99 12.59 15.28 12.28 11.79 6.79 6.68 6.54 7.67 10.93 11.53 10.91 13.10 13.67 7.86 8.06 7.18 12.33 6.69 6.65 6.62 6.55 6.68 6.08 9.61 9.99 5.40 12.84 12.31 12.15 5.10 5.14 10.98 10.21 10.68 11.32 11.33 11.48 11.63 5.31 5.35 5.29 5.28 5.20 5.16
11.38 12.30 14.02 18.75 19.33 18.23 16.68 15.69 16.19 16.43 12.91 13.40 13.37 14.08 12.01 13.38 11.31 11.47 11.68 10.73 11.88 13.09 10.93 10.91 13.04 9.70 10.41 13.59 16.68 13.73 13.85 10.82 10.60 13.47 13.87 12.27 14.81 12.30 12.99 15.63 13.30 15.70 7.13 8.42 6.41 6.26 6.62 9.99 7.53 11.41 12.04 7.48 7.33 7.20 6.83 12.50 6.34 6.42 6.42 13.48 9.39 9.31 7.24 11.93 7.77 7.34 7.35 4.98 4.95 11.33 9.60 8.96 6.79 6.96 10.56 11.38 11.46 10.86 4.74 4.72 8.05 6.04
11.68 12.45 14.21 18.34 16.85 14.24 13.88 14.22 14.88 15.48 12.24 10.99 11.97 13.98 11.88 13.32 11.11 11.05 12.46 11.51 11.65 12.76 12.06 12.35 13.31 9.72 10.82 13.82 15.55 13.01 15.22 11.62 9.66 11.79 13.92 14.90 15.24 12.62 13.01 15.52 16.05 16.59 12.38 6.99 6.58 6.54 6.93 7.33 7.14 7.36 7.62 7.49 7.32 7.24 7.02 6.55 12.45 6.00 6.27 8.78 7.98 5.72 5.41 9.53 10.31 9.75 9.68 4.82 4.78 4.82 10.86 9.81 9.80 6.67 9.56 10.46 11.02 4.84 6.43 4.94 5.04 5.19
11.52 12.49 14.74 18.35 15.75 13.12 12.97 14.29 14.99 15.00 13.46 12.73 11.16 11.22 11.66 13.24 10.97 11.16 12.73 11.54 11.36 12.43 11.88 13.53 11.94 9.91 13.65 16.65 13.80 14.97 16.50 13.75 9.52 11.19 14.05 14.66 14.82 12.11 13.01 15.04 16.20 15.94 14.01 7.93 6.88 6.68 9.20 9.54 7.10 6.91 7.78 7.46 7.30 11.62 7.07 6.80 6.24 5.80 5.97 6.33 8.72 6.04 5.69 5.39 5.14 8.37 8.76 9.58 4.64 4.63 11.60 10.53 10.14 10.29 10.38 10.72 10.96 4.91 8.92 7.89 6.26 7.89
11.57 13.12 15.39 15.58 15.45 12.79 13.11 14.20 15.02 14.23 14.14 14.00 13.83 11.07 14.56 12.94 10.77 11.27 13.05 11.61 9.56 12.88 10.78 12.28 9.88 10.32 14.21 14.80 13.27 15.60 16.38 12.00 9.68 9.35 14.44 14.95 12.39 11.82 13.16 16.13 15.86 12.07 12.81 12.15 6.98 6.36 6.85 8.50 7.19 7.25 6.94 7.47 7.31 11.40 11.00 6.88 6.56 5.94 5.68 5.98 6.25 12.02 5.93 5.67 5.38 5.19 5.04 6.70 9.30 4.58 4.57 11.87 9.75 9.99 10.25 10.20 10.54 10.73 11.00 10.65 5.05 5.15
