examples/cougarCreek-fire/createInputs/farsite/7a-cougarCreek-polygonIgnit/cougarCreekFire_08-13-2015_0400_217m_non_neutral_stability_vel.asc
ncols	146
nrows	140
xllcorner	610065.000000
yllcorner	5095217.000000
cellsize	216.586807
NODATA_value	-9999.000000
[rows 0 to 35 of 140, columns 0 to 79 of 146]
4.98 1.69 2.23 2.18 4.60 0.56 1.46 2.20 2.54 2.71 2.56 2.72 2.68 2.01 1.84 1.94 0.76 1.03 2.76 3.16 3.88 5.60 7.95 9.26 8.81 7.67 7.75 9.25 10.73 10.89 9.72 6.83 11.00 12.88 14.88 17.47 19.86 20.77 20.63 20.90 22.33 24.18 25.78 27.54 29.47 30.53 30.00 29.27 29.17 31.69 28.71 32.17 28.87 32.67 31.55 32.60 34.06 29.88 24.40 26.13 24.91 30.26 24.82 24.64 23.54 30.37 22.30 23.79 24.54 25.64 24.30 21.23 19.95 20.51 21.85 20.14 15.63 17.67 20.46 20.46
4.98 1.69 2.23 2.18 4.60 0.56 1.46 2.20 2.54 2.71 2.56 2.72 2.68 2.01 1.84 1.94 0.76 1.03 2.76 3.16 3.88 5.60 7.95 9.26 8.81 7.67 7.75 9.25 10.73 10.89 9.72 6.83 11.00 12.88 14.88 17.47 19.86 20.77 20.63 20.90 22.33 24.18 25.78 27.54 29.47 30.53 30.00 29.27 29.17 31.69 28.71 32.17 28.87 32.67 31.55 32.60 34.06 29.88 24.40 26.13 24.91 30.26 24.82 24.64 23.54 30.37 22.30 23.79 24.54 25.64 24.30 21.23 19.95 20.51 21.85 20.14 15.63 17.67 20.46 20.46
7.40 4.83 4.31 4.29 8.49 7.35 3.35 2.80 6.47 6.31 5.46 4.66 3.56 0.87 4.29 3.39 4.30 1.30 1.69 3.63 4.44 6.13 8.11 8.93 8.64 8.34 4.72 6.16 10.66 11.01 10.21 4.25 9.95 11.23 16.12 18.78 13.58 21.41 21.76 23.43 24.90 27.51 25.13 25.68 30.20 30.24 31.50 29.48 32.17 32.73 29.91 26.62 28.93 32.51 29.73 28.50 29.58 28.07 24.57 27.36 33.43 26.84 26.66 30.83 31.27 30.13 22.43 24.18 33.67 23.66 20.61 18.33 24.51 20.00 21.77 32.54 33.54 14.72 18.20 19.05
3.57 4.75 4.69 6.21 6.44 6.11 7.19 6.26 6.16 3.19 4.07 3.35 2.22 1.93 2.64 1.67 3.58 3.71 3.10 3.35 5.79 6.94 6.76 8.97 9.15 8.71 6.95 6.71 10.77 11.22 10.18 8.04 7.42 8.78 10.13 12.33 13.89 17.84 20.78 20.84 22.55 24.05 24.03 25.18 24.82 27.47 25.41 21.79 25.72 27.23 27.87 28.88 31.10 31.16 26.18 22.14 23.94 15.50 18.47 22.88 24.07 21.97 20.73 26.78 25.21 17.82 23.52 23.82 33.07 19.53 30.69 24.21 17.64 19.76 20.94 30.05 28.60 11.85 15.48 17.61
0.55 8.05 4.15 6.34 6.45 6.31 3.10 6.09 3.13 3.72 5.19 3.63 4.98 4.59 2.00 2.29 3.39 3.00 2.99 3.16 5.41 7.23 8.41 6.87 10.09 9.96 8.84 6.80 10.30 11.75 12.15 11.81 9.17 11.60 11.97 12.68 14.44 17.20 22.52 23.70 24.10 23.74 26.02 26.46 25.08 26.11 23.07 21.95 25.91 29.38 31.45 31.01 30.47 27.48 26.21 23.12 20.18 14.39 16.58 23.79 22.06 24.72 21.95 27.83 20.63 22.29 22.87 22.21 18.81 30.09 23.68 16.58 18.20 19.61 30.66 28.99 9.19 10.24 14.12 16.88
3.95 7.53 3.25 7.02 5.86 6.03 6.33 6.76 6.06 5.51 5.09 4.65 2.92 5.09 2.69 2.06 2.94 2.93 3.00 4.35 5.03 6.88 7.83 3.61 9.11 10.93 9.73 8.34 12.12 14.42 15.03 13.38 10.93 13.72 13.34 14.22 15.80 17.96 22.45 23.99 23.12 23.21 27.03 27.22 24.05 24.84 25.31 25.80 30.36 32.54 30.16 28.25 28.91 24.72 22.49 18.41 12.50 15.76 23.37 17.37 24.60 25.00 24.80 25.73 20.47 22.31 30.36 26.39 28.52 18.85 17.68 17.12 20.33 17.95 15.03 10.97 25.31 10.68 14.01 16.14
7.92 7.98 3.09 2.91 5.84 4.74 4.99 2.65 6.01 5.32 4.95 4.95 2.92 5.55 5.50 3.24 2.58 2.10 4.29 4.76 4.82 5.18 6.06 8.27 9.04 12.96 10.06 11.09 14.25 17.07 16.16 12.72 13.94 16.99 14.77 14.96 17.20 17.62 21.30 21.89 21.83 24.52 27.62 27.66 25.15 28.07 29.42 31.24 26.48 26.48 24.55 23.59 26.27 24.06 17.05 15.62 15.26 14.85 20.08 22.35 23.66 24.89 26.00 16.30 18.16 27.45 29.04 26.61 20.50 17.75 21.80 27.45 16.08 15.05 12.80 25.80 9.72 12.31 14.34 15.77
8.27 8.39 7.57 6.57 5.33 5.56 6.01 6.19 5.79 3.17 4.76 4.73 3.30 3.18 3.99 4.34 0.59 0.16 2.57 4.74 4.81 5.35 6.47 9.13 9.46 14.02 13.93 12.23 15.12 17.87 16.25 13.48 17.48 18.63 13.75 14.77 17.38 17.83 19.10 20.35 21.88 24.59 25.55 26.01 28.11 30.81 30.07 25.86 25.27 23.81 26.02 23.06 21.56 18.15 17.06 19.57 17.46 18.16 21.88 22.87 23.57 26.24 22.31 20.41 24.54 27.72 25.88 24.46 16.81 22.21 16.59 13.98 27.42 23.20 12.24 16.48 10.62 13.13 14.91 16.26
7.62 7.46 5.36 5.17 4.81 4.75 5.20 5.34 5.82 5.43 4.79 4.29 4.86 0.98 5.73 5.60 3.53 0.71 1.55 4.70 5.22 5.93 7.94 10.06 7.99 14.44 14.92 13.93 15.62 18.37 17.12 15.29 18.60 17.12 12.85 15.60 18.28 17.53 16.53 18.54 23.15 25.15 23.98 25.13 28.75 28.07 26.22 24.06 23.95 22.67 21.10 23.38 22.81 19.66 18.42 17.57 16.56 19.82 22.58 23.08 22.25 18.15 16.46 19.35 25.26 25.08 24.96 22.66 20.71 26.36 13.72 25.52 13.26 14.39 20.39 21.57 11.07 14.13 16.23 16.79
6.98 6.72 5.73 6.00 4.57 6.00 5.40 5.03 4.89 3.90 3.70 4.01 3.56 1.85 1.99 3.86 3.51 3.50 2.73 4.27 5.78 6.06 6.96 9.12 12.15 14.62 16.39 15.71 15.30 18.13 18.41 15.50 16.88 15.61 13.80 16.60 18.35 16.82 17.68 21.73 27.36 28.43 25.57 27.23 29.67 25.29 21.91 20.61 21.55 21.76 22.92 22.83 21.15 17.71 16.02 15.26 17.37 19.05 21.03 18.55 13.21 20.72 21.65 24.59 24.30 23.37 23.32 22.11 22.49 23.62 20.04 13.22 14.83 19.37 21.49 9.94 12.55 16.30 17.64 16.58
1.05 5.98 6.30 5.25 5.14 4.84 5.00 5.16 4.76 4.39 4.24 3.36 2.56 2.49 4.64 4.34 4.20 3.28 2.81 1.64 5.25 1.45 6.22 8.17 12.38 14.42 17.06 16.03 15.73 19.41 18.94 14.95 16.58 16.07 14.14 16.16 17.52 17.78 20.45 25.13 30.07 30.38 28.06 30.57 28.75 23.34 21.45 20.65 22.54 22.60 19.48 19.04 14.84 9.58 10.11 14.62 16.62 16.39 16.58 11.10 15.51 19.03 25.45 24.94 21.10 20.30 22.23 21.39 21.52 22.31 18.36 14.90 17.64 15.69 14.53 11.57 14.94 18.03 17.50 15.40
1.87 4.51 4.38 5.07 4.73 4.65 4.47 4.93 4.64 4.16 3.94 3.13 1.69 1.92 0.89 1.56 5.19 3.09 1.07 1.47 5.00 0.78 6.07 7.72 11.97 13.74 16.62 15.95 16.78 20.10 18.06 14.74 16.26 15.04 14.29 16.29 17.67 19.57 22.50 25.83 30.72 30.91 30.10 25.66 23.18 20.80 20.10 20.13 22.09 21.69 20.12 14.91 8.99 8.04 12.36 17.07 16.24 15.71 14.35 14.08 16.07 23.91 24.86 23.03 21.91 24.58 14.98 13.52 12.61 11.95 18.97 15.64 13.56 14.98 11.80 13.38 16.64 18.13 16.26 14.29
2.74 2.07 2.24 2.13 3.53 2.93 4.34 4.86 4.71 4.87 3.44 2.90 1.89 1.65 3.89 3.76 3.86 3.30 2.15 2.56 0.61 1.60 2.06 6.85 11.21 16.01 16.91 16.24 17.67 19.20 17.03 14.18 14.39 15.65 14.80 17.07 19.16 20.32 21.46 27.36 32.81 34.73 29.52 26.39 21.70 19.94 17.68 20.24 21.32 17.50 14.83 12.44 7.97 9.42 16.58 19.35 17.22 17.57 16.78 13.46 20.57 17.79 24.70 22.74 15.15 14.56 13.40 12.22 11.28 10.94 11.66 13.09 11.36 12.93 13.23 15.12 17.56 17.33 15.16 13.63
2.55 2.31 1.83 3.59 3.45 2.74 3.26 2.55 3.80 4.33 3.86 3.54 3.55 2.65 3.60 3.18 3.13 3.14 4.09 2.78 1.68 1.63 3.46 2.46 10.83 16.08 18.60 17.50 18.89 18.01 16.15 13.70 12.95 14.57 15.20 17.99 20.71 19.52 22.41 30.17 35.45 33.01 26.99 22.66 20.84 17.15 17.51 21.19 19.28 14.79 11.89 10.26 9.89 11.20 18.51 19.28 20.21 20.60 20.04 22.20 21.27 15.59 14.45 22.63 23.54 23.29 21.99 20.44 20.22 15.48 14.04 14.28 14.11 13.99 14.90 16.62 17.45 16.00 13.90 12.73
2.02 2.38 1.56 3.61 3.56 3.74 3.56 4.21 4.40 3.69 4.00 4.64 4.25 4.57 4.59 5.05 4.35 3.27 3.88 3.65 3.89 3.71 5.71 5.35 11.10 15.97 17.92 18.19 19.29 16.42 14.98 12.59 12.35 14.93 15.76 18.69 20.82 19.84 24.92 33.79 34.42 27.34 23.16 21.75 18.68 17.12 20.40 21.54 19.83 15.50 9.73 10.72 12.19 13.64 18.26 17.68 20.05 21.13 19.94 21.42 23.19 23.36 23.70 20.34 18.39 15.16 13.98 13.24 11.77 16.48 11.83 21.00 15.09 17.74 16.07 16.69 16.39 14.91 13.21 12.53
5.66 5.32 4.60 4.62 4.18 3.66 3.55 2.90 3.46 4.45 2.99 4.43 3.90 4.28 4.77 2.90 6.08 5.18 2.84 2.90 4.31 5.60 8.10 8.43 6.41 10.99 17.03 18.89 19.21 14.98 13.10 11.64 14.43 17.58 16.47 18.66 19.47 23.11 29.60 36.76 40.83 25.92 22.03 21.87 18.95 20.08 21.77 21.16 17.33 11.88 8.39 13.64 16.72 16.27 15.91 17.63 20.84 20.38 17.46 17.94 20.09 20.12 15.91 14.60 12.39 12.02 15.76 12.45 13.39 17.89 22.58 15.45 15.09 15.51 15.88 15.58 15.05 14.16 23.79 13.36
6.28 5.85 4.52 3.85 3.96 2.76 3.04 2.89 2.92 4.08 4.79 4.69 2.54 2.33 4.43 5.76 5.79 0.81 0.59 1.10 3.69 5.56 9.14 10.88 7.95 10.85 17.15 19.09 16.85 15.55 12.33 12.25 15.96 16.72 17.03 17.91 20.35 25.30 32.72 37.01 33.23 26.72 21.92 19.71 19.79 19.90 20.05 17.60 13.85 10.57 10.47 17.74 19.37 17.82 16.19 20.22 22.10 15.87 17.67 17.64 17.05 14.26 12.27 13.44 12.20 15.94 18.71 12.70 20.30 22.28 19.12 14.65 14.95 15.79 15.63 14.72 14.18 13.84 13.97 14.18
7.28 6.53 5.03 3.68 3.30 4.34 3.57 3.15 2.97 2.92 4.51 4.40 3.06 2.25 3.69 3.93 3.91 4.72 2.02 6.02 2.77 3.85 7.86 10.50 10.60 11.99 17.56 18.57 15.58 14.51 13.27 14.53 15.75 15.99 17.02 15.81 20.04 27.17 33.30 36.28 30.80 26.12 21.96 21.55 19.38 18.64 17.65 16.79 13.40 13.96 17.87 20.31 18.87 15.01 16.08 20.70 19.84 13.09 17.39 16.08 13.51 13.47 14.55 16.86 18.11 21.66 23.30 21.93 19.99 19.17 22.00 15.77 14.42 18.11 20.71 22.69 15.13 14.15 13.75 13.90
7.02 6.80 5.04 3.57 3.32 4.26 3.76 2.96 2.66 2.77 3.67 3.57 3.73 3.56 3.95 4.06 3.00 1.82 0.84 1.51 2.90 2.98 5.65 10.59 12.70 14.67 17.68 17.57 15.77 15.42 15.79 16.71 15.90 16.54 15.22 14.05 19.78 27.33 32.17 34.30 31.71 29.14 22.06 18.78 18.53 18.07 18.11 16.06 13.38 15.47 18.25 17.65 15.39 9.50 15.17 17.13 11.85 12.59 15.67 11.17 11.07 15.67 19.50 18.84 19.77 22.56 24.82 15.73 19.89 22.34 16.33 12.29 13.62 13.16 14.92 19.53 19.25 14.89 13.59 13.13
4.96 5.46 4.10 2.84 2.78 3.04 2.95 2.03 1.74 1.89 2.91 2.09 4.37 4.06 3.64 2.36 2.98 1.96 1.22 0.24 3.70 4.03 4.31 6.83 11.99 15.80 17.09 16.45 16.10 16.66 17.79 17.76 17.12 14.88 13.04 16.18 19.61 26.08 30.42 31.91 29.32 26.14 19.41 16.04 17.08 16.64 16.13 16.01 16.07 16.64 14.76 12.60 10.14 12.00 14.41 10.58 10.86 12.35 11.80 11.36 12.42 16.54 17.85 15.57 20.17 20.89 20.82 23.60 21.89 18.55 14.49 16.11 17.58 17.08 17.75 23.10 23.42 19.65 19.00 19.11
3.17 3.53 3.26 2.21 2.84 2.99 2.94 2.44 1.99 2.02 3.18 2.10 1.57 4.35 4.72 2.70 1.51 1.48 0.69 0.58 3.32 4.07 2.93 8.95 10.60 15.40 16.23 16.62 17.23 17.49 18.11 18.46 15.66 9.60 11.03 17.14 19.84 25.38 29.95 30.96 23.99 18.80 14.16 11.56 14.86 14.02 13.97 13.64 14.93 14.53 12.07 10.68 8.50 14.40 9.35 6.99 12.36 13.50 13.98 11.92 12.89 15.77 13.82 13.68 17.72 19.98 20.42 19.73 18.04 21.48 18.28 19.43 18.63 14.63 17.25 23.84 22.35 18.12 17.32 20.41
0.64 1.76 1.68 2.15 1.76 2.44 1.98 2.11 1.99 1.38 2.78 2.66 0.59 1.36 5.22 5.72 5.13 4.16 2.49 1.73 1.31 3.35 2.63 5.07 9.83 15.09 16.99 17.54 18.66 17.97 17.45 17.61 13.39 6.80 9.77 17.16 19.36 25.46 30.02 27.72 21.53 15.08 10.55 8.69 12.79 13.46 14.31 12.17 12.21 7.34 11.04 9.24 12.10 8.83 9.16 10.32 15.27 16.77 17.00 11.26 14.06 15.69 13.86 15.99 17.66 20.31 20.21 21.94 18.45 18.19 15.54 16.27 18.94 21.72 20.91 18.13 16.76 19.55 19.57 20.30
5.12 5.20 4.91 3.67 2.51 3.35 3.16 3.39 2.63 1.88 2.65 3.20 2.46 1.60 3.21 4.25 4.60 3.89 3.25 0.82 0.74 1.69 2.07 3.59 8.25 13.95 16.33 16.90 18.55 17.46 16.49 17.17 12.97 6.91 9.53 16.79 20.61 25.49 30.18 26.43 18.32 11.65 9.60 8.68 12.65 11.81 11.08 10.81 10.41 8.63 9.65 6.22 6.20 3.79 11.39 14.45 13.85 15.90 13.96 12.47 16.64 16.23 17.17 17.43 17.14 17.26 15.60 15.77 15.65 12.88 13.22 17.81 21.55 17.01 23.20 18.81 15.88 18.48 19.16 19.30
4.15 5.20 6.01 3.61 5.11 4.58 3.76 2.73 2.46 1.68 1.81 3.94 3.64 0.52 1.68 2.58 3.04 3.26 2.81 0.69 1.60 1.74 1.92 1.77 7.61 10.73 15.19 16.43 17.20 16.91 17.26 18.91 15.12 9.64 9.21 16.39 21.01 25.41 28.41 23.73 14.09 8.80 9.48 13.50 12.88 14.08 12.61 11.10 8.26 9.15 4.10 5.08 7.05 9.08 12.92 13.99 13.00 13.10 14.29 16.65 19.50 18.24 14.90 14.29 14.78 15.71 14.38 14.72 13.80 15.52 18.20 19.56 21.24 17.74 17.98 17.73 20.08 21.45 20.74 17.93
5.34 6.76 3.86 3.29 5.73 5.07 4.03 3.31 3.34 3.00 2.21 3.57 4.37 3.17 2.17 3.47 3.89 3.83 3.87 3.45 1.47 0.89 2.54 4.18 3.78 9.38 16.35 15.24 16.25 18.15 20.59 21.06 16.83 12.73 11.62 16.30 21.75 24.84 27.47 20.37 10.50 13.35 13.09 12.95 13.47 13.08 11.39 11.12 9.65 9.18 3.59 5.99 8.29 10.22 12.56 15.34 16.29 17.63 18.64 14.89 14.52 16.66 13.09 15.64 16.34 16.84 15.23 17.28 17.58 19.81 22.13 20.26 18.34 18.87 21.97 19.34 19.65 22.19 17.29 16.71
5.72 7.36 6.28 5.48 4.44 4.30 4.78 4.41 4.57 4.97 3.74 4.56 5.79 5.80 3.26 3.68 4.53 4.55 4.23 4.41 3.06 1.49 3.06 3.81 3.91 8.98 14.87 12.39 12.67 18.17 21.99 20.37 15.94 13.70 13.28 17.11 23.48 26.08 26.97 16.90 8.48 13.05 14.32 14.33 13.29 13.31 11.78 11.77 10.74 10.57 4.44 6.72 8.14 9.47 11.37 17.46 17.94 18.06 12.56 13.05 12.65 12.72 13.56 18.53 19.86 16.90 17.85 21.08 25.24 21.47 22.87 21.82 21.42 22.48 20.45 25.03 20.71 22.42 23.33 16.30
4.78 5.40 4.95 6.69 4.86 4.32 6.29 6.67 6.70 6.50 5.24 5.88 6.25 7.11 6.54 5.21 5.52 5.37 4.64 4.68 3.89 2.45 3.07 3.45 2.54 6.32 11.25 10.79 10.93 17.16 19.88 16.36 13.92 12.48 13.98 18.57 23.87 26.07 23.48 18.82 14.43 14.08 14.42 13.58 12.42 13.18 13.07 12.36 11.87 5.93 6.24 7.24 7.63 8.50 9.93 9.73 9.09 9.67 10.77 11.51 13.55 12.78 13.14 15.46 15.82 18.20 18.15 19.20 19.48 19.11 21.14 19.33 20.21 19.91 24.56 18.23 17.80 17.98 21.68 21.79
5.78 8.32 7.04 6.56 6.58 6.22 5.58 6.21 7.20 7.48 5.96 5.33 5.95 7.60 8.98 7.87 7.71 6.65 5.30 5.39 4.76 3.61 2.97 3.63 2.40 2.80 6.66 9.54 13.03 16.53 16.42 14.20 14.23 12.73 16.02 19.71 22.22 22.33 19.36 16.57 14.51 13.43 13.40 13.18 12.22 12.22 12.13 12.47 12.39 7.56 8.18 8.07 7.34 7.73 8.84 8.29 7.55 7.92 8.90 9.87 10.65 13.95 13.59 14.98 15.51 13.11 15.69 15.55 16.84 15.90 15.98 17.34 19.41 23.24 19.31 19.66 18.73 21.22 16.37 18.03
7.57 7.13 5.76 5.78 6.67 6.67 5.41 3.85 4.43 6.53 6.62 5.32 7.73 7.06 8.66 8.31 8.11 7.71 6.45 6.73 5.94 4.42 3.47 3.89 3.46 1.55 4.63 7.09 11.44 14.99 13.72 13.86 16.75 17.22 18.25 20.65 21.07 18.14 16.08 15.67 14.55 13.43 12.55 12.01 11.86 12.00 11.81 12.50 11.98 7.84 8.99 8.78 7.52 7.46 7.82 6.58 5.99 6.47 7.75 8.97 9.79 10.62 18.45 13.10 13.62 13.47 13.22 13.27 16.08 15.44 15.73 16.79 17.48 18.10 18.79 17.70 15.72 17.44 16.64 14.38
6.77 7.05 5.20 5.26 5.83 6.36 7.17 6.50 4.29 6.40 7.59 7.70 6.43 4.91 6.84 8.50 8.17 8.06 7.37 7.31 7.08 6.19 5.95 3.99 3.27 3.96 4.60 3.08 7.68 9.16 16.27 18.35 18.22 18.00 17.51 17.53 16.84 15.67 15.66 14.80 13.74 13.20 12.07 11.74 11.93 11.75 11.80 13.64 7.60 8.00 9.09 9.19 7.96 7.25 6.61 5.08 5.56 6.21 6.83 7.29 8.01 8.54 9.90 10.92 11.39 11.38 14.88 14.75 15.29 15.71 15.28 13.83 11.32 11.66 12.07 11.47 11.26 11.84 11.59 12.02
4.31 4.61 4.33 3.74 3.97 5.62 7.15 8.89 8.84 9.45 10.86 9.72 9.15 10.92 6.96 10.27 10.43 10.23 9.60 8.89 8.36 6.29 6.10 5.13 4.42 5.27 5.08 1.74 4.18 4.96 12.46 17.69 19.13 16.69 15.86 14.87 12.56 13.88 16.38 13.96 12.65 12.85 11.68 11.47 11.23 11.35 11.97 6.75 8.07 8.49 9.28 9.63 8.64 7.56 7.49 6.95 5.67 5.42 5.70 9.85 10.46 11.19 8.34 13.54 13.67 12.24 10.85 10.60 8.54 8.41 8.09 12.07 13.76 11.58 12.69 12.77 12.62 12.13 11.69 12.00
5.90 3.36 3.94 4.35 4.09 5.11 6.12 6.93 8.69 9.29 11.08 11.56 11.53 11.31 8.25 11.24 14.95 16.42 16.83 16.33 13.87 9.15 6.88 6.13 6.22 8.37 8.66 4.52 1.25 4.19 9.72 11.40 16.39 15.53 13.59 10.26 10.52 13.89 15.27 13.18 12.63 11.92 10.44 11.20 11.43 10.42 10.41 6.42 7.86 9.06 9.72 10.10 8.75 6.73 7.18 7.02 5.16 4.36 4.59 9.55 9.92 10.66 7.10 11.35 10.74 10.38 11.28 11.73 12.09 11.97 11.85 14.24 16.47 17.78 17.85 18.60 19.01 17.17 14.28 13.95
6.53 3.92 2.92 3.78 4.95 5.02 4.98 5.86 8.18 8.38 8.56 9.09 8.86 9.26 9.61 11.55 15.93 20.42 23.67 25.90 24.99 21.68 17.55 12.88 10.94 9.13 5.50 5.63 4.82 4.72 9.60 12.98 17.09 14.24 11.92 11.76 9.96 12.67 13.51 12.39 11.89 10.16 9.85 10.56 10.62 9.25 7.90 4.41 5.33 7.40 9.10 9.90 8.75 5.90 5.36 6.06 5.77 5.39 8.96 8.93 9.18 9.80 10.11 9.86 10.45 6.49 7.17 7.66 8.46 9.45 11.02 12.11 12.88 15.17 11.98 11.56 16.23 18.36 15.38 16.61
6.38 6.67 7.86 5.18 0.81 1.76 3.37 5.27 7.07 9.45 9.28 9.59 10.95 12.09 12.10 11.91 13.87 16.93 20.50 24.96 29.49 30.55 29.37 27.17 21.07 12.40 8.88 6.93 7.32 7.55 12.22 15.57 19.82 14.95 11.46 15.08 12.85 12.39 12.02 11.30 11.84 10.30 10.38 9.89 10.53 7.64 7.23 2.18 1.76 2.98 5.03 6.73 8.18 8.28 7.72 7.29 6.86 6.40 6.04 5.99 5.85 9.08 9.41 9.56 10.15 10.67 10.31 10.65 11.06 11.96 6.59 6.58 7.74 9.50 11.15 13.12 16.12 18.19 18.12 14.57
7.72 8.38 6.67 9.72 8.05 3.70 4.68 5.98 7.78 10.10 14.31 18.36 18.92 17.62 16.13 13.80 12.30 10.91 9.78 9.55 19.77 30.15 34.13 34.21 29.78 22.89 17.98 14.87 9.83 10.31 14.16 16.13 20.41 18.40 11.41 13.70 12.10 10.70 10.41 11.02 10.80 10.18 10.83 9.96 11.00 8.86 7.64 1.57 1.45 1.83 2.70 4.13 6.14 8.24 9.11 9.14 8.45 7.29 6.61 6.25 6.11 5.86 9.18 9.44 8.91 9.02 9.35 5.40 2.52 3.27 4.56 5.65 6.82 11.08 13.72 15.30 15.81 15.67 15.66 17.13
11.88 9.98 8.84 6.30 9.84 10.52 7.73 12.37 15.43 17.51 20.64 24.89 25.76 24.71 21.52 20.31 17.32 15.21 14.07 14.86 24.25 32.68 35.12 35.12 28.70 25.17 28.84 24.72 16.07 14.95 16.55 17.19 20.62 21.24 14.69 12.60 12.06 9.11 9.58 11.34 11.73 10.66 11.25 10.94 9.58 9.12 9.23 9.07 8.43 3.36 4.30 5.24 6.29 7.35 8.22 9.26 9.34 8.33 7.46 9.64 9.46 9.75 6.56 6.13 3.74 3.19 2.20 1.39 0.85 0.97 2.36 4.02 7.03 5.79 12.02 12.70 13.57 14.09 14.94 15.61
