examples/cougarCreek-fire/createInputs/farsite/7a-cougarCreek-polygonIgnit/cougarCreekFire_08-12-2015_0500_217m_non_neutral_stability_ang.asc
ncols	146
nrows	140
xllcorner	610065.000000
yllcorner	5095217.000000
cellsize	216.586807
NODATA_value	-9999.000000
[rows 0 to 48 of 140, columns 0 to 95 of 146]
60 30 48 70 91 52 39 38 43 51 61 72 84 91 89 78 80 60 31 25 24 34 50 68 79 81 78 75 75 78 78 82 47 41 37 37 42 52 60 65 68 69 66 59 54 52 48 41 34 358 18 328 10 360 8 7 359 347 4 2 2 348 357 356 356 340 350 349 350 352 354 355 350 343 341 345 348 345 345 347 346 346 347 347 348 347 346 344 342 341 339 331 330 316 319 315
60 30 48 70 91 52 39 38 43 51 61 72 84 91 89 78 80 60 31 25 24 34 50 68 79 81 78 75 75 78 78 82 47 41 37 37 42 52 60 65 68 69 66 59 54 52 48 41 34 358 18 328 10 360 8 7 359 347 4 2 2 348 357 356 356 340 350 349 350 352 354 355 350 343 341 345 348 345 345 347 346 346 347 347 348 347 346 344 342 341 339 331 330 316 319 315
100 62 64 100 126 97 64 37 77 97 109 125 73 113 125 119 118 68 53 28 30 42 57 66 70 69 130 126 82 80 77 121 61 58 37 36 83 42 44 214 342 251 204 205 285 17 298 285 307 304 313 323 342 358 7 8 1 349 3 357 342 341 343 337 338 331 348 347 337 352 357 356 334 341 340 328 325 349 347 348 346 345 346 347 348 348 347 346 344 344 342 331 327 312 308 309
102 79 71 106 118 105 100 83 80 65 100 112 80 87 137 123 121 101 88 59 41 53 69 63 61 73 143 126 76 72 154 135 103 101 90 75 74 69 57 92 82 160 95 312 356 314 285 312 297 300 315 331 339 353 6 10 2 2 358 350 346 345 347 342 342 345 347 339 340 355 343 340 345 340 340 333 336 355 351 348 346 345 346 347 348 349 349 349 349 351 350 341 333 330 330 315
31 94 68 96 111 101 74 86 44 49 90 99 60 57 82 140 128 98 100 93 61 55 60 96 61 63 77 135 134 141 143 142 113 104 109 89 79 82 49 34 20 33 344 317 346 324 308 322 320 323 321 328 336 353 356 357 348 3 354 356 351 341 345 342 345 349 340 348 353 344 342 348 343 341 333 341 359 357 350 346 344 344 346 347 349 350 350 351 353 355 353 349 343 340 339 338
96 86 65 91 105 112 109 104 98 89 84 90 74 56 70 78 138 95 92 70 68 57 60 93 105 63 72 134 134 143 159 177 121 119 121 93 90 88 66 23 23 37 341 316 328 321 323 327 323 327 329 330 336 352 348 348 355 357 355 350 345 343 344 341 351 341 338 344 341 345 348 341 338 345 349 357 344 353 346 343 341 342 346 348 350 352 351 352 355 355 354 351 349 348 348 344
123 92 69 70 96 104 104 71 96 100 89 85 94 55 50 66 147 111 67 64 68 67 66 69 107 60 144 124 133 153 173 157 134 138 126 96 97 102 57 35 35 21 333 312 305 329 315 317 5 352 350 346 330 334 346 353 352 352 347 345 344 346 344 345 347 340 339 340 341 348 339 337 348 348 351 338 354 347 342 339 338 340 344 347 350 352 352 353 355 355 354 353 352 353 354 351
114 110 102 95 94 109 110 96 89 56 90 86 92 73 66 57 138 132 111 63 68 67 65 67 101 63 68 142 132 72 186 147 137 194 139 103 121 121 102 62 55 19 345 333 306 307 319 350 345 343 316 317 327 339 344 345 347 348 344 344 345 341 338 349 337 338 341 340 342 338 347 350 337 333 349 341 350 343 337 336 337 340 344 347 350 352 353 354 356 356 355 355 354 354 355 354
116 105 100 95 90 100 108 107 101 97 99 58 58 102 54 49 74 138 115 60 68 69 57 61 103 69 74 147 135 161 183 154 186 200 145 119 147 145 121 112 123 12 3 342 5 304 305 321 305 310 309 315 328 337 345 345 344 343 343 344 341 342 341 339 338 339 339 338 339 338 349 334 343 346 336 336 347 338 334 336 338 341 345 347 349 352 354 355 356 357 357 356 355 354 353 353
118 108 99 94 84 88 90 98 100 98 99 97 91 96 116 67 74 73 130 65 68 75 66 62 69 116 76 150 149 154 187 169 179 180 148 131 151 143 113 117 184 274 297 359 321 355 312 303 314 311 314 324 324 328 330 339 339 339 339 338 342 347 336 337 338 338 337 337 338 338 339 349 346 338 336 352 343 335 335 338 341 344 346 347 349 351 354 355 356 357 358 357 356 354 353 352
47 122 119 102 94 83 78 86 89 90 95 96 94 92 63 63 63 71 138 108 76 104 75 65 68 110 74 143 143 153 203 170 177 188 150 138 147 135 125 151 208 245 7 300 316 356 315 316 308 320 340 321 305 321 335 336 337 339 336 343 343 336 336 338 338 339 339 339 340 340 341 343 339 342 342 349 340 335 337 342 345 347 348 349 350 352 354 354 355 357 358 357 356 355 354 353
39 110 117 117 109 95 79 79 85 91 92 94 98 95 98 104 57 71 126 119 78 109 82 71 72 94 77 148 145 162 198 176 193 184 155 144 139 136 148 150 179 25 251 357 353 350 312 311 315 318 307 301 303 321 330 334 338 338 339 345 338 335 337 337 337 339 350 351 351 352 343 342 348 340 350 345 337 336 340 345 348 349 350 351 351 352 353 353 355 357 357 356 355 356 357 355
83 75 78 85 102 95 85 71 71 83 85 88 92 102 64 69 66 135 113 120 108 114 120 87 80 80 80 130 138 82 193 180 182 35 157 147 149 150 138 52 161 35 352 271 340 295 292 317 316 311 296 288 302 318 321 329 337 337 338 341 341 348 338 339 349 349 350 349 349 350 349 347 342 340 347 341 337 338 343 347 338 352 352 353 353 354 353 352 354 356 357 354 354 358 359 356
17 24 47 73 85 87 87 51 35 39 72 84 87 94 61 68 69 135 129 119 112 111 122 115 88 85 127 139 137 90 197 195 170 169 153 142 157 161 40 61 150 40 339 331 284 267 279 303 315 307 297 291 301 309 318 328 333 337 337 336 341 348 349 337 334 333 331 330 328 331 343 344 345 347 345 340 338 341 345 348 351 353 354 355 355 355 353 352 353 355 356 354 353 358 359 357
18 46 55 68 73 80 92 91 75 41 46 72 77 79 90 53 58 62 132 126 127 120 128 133 93 89 125 130 144 96 208 191 162 163 152 143 160 160 64 82 78 32 325 276 257 264 275 304 311 308 303 299 299 303 313 324 331 334 336 334 333 332 330 333 330 328 330 330 330 339 336 333 344 340 342 340 340 342 346 348 350 353 355 356 357 357 354 353 353 354 353 352 353 357 357 359
60 67 75 77 77 85 97 100 97 76 54 74 84 76 70 76 47 43 107 105 113 115 122 139 125 114 124 136 145 97 198 172 168 104 155 159 154 66 84 92 231 20 316 267 256 267 286 295 300 289 305 300 303 311 316 326 334 333 333 333 329 325 325 325 328 331 330 333 337 330 332 344 342 340 339 339 340 343 333 346 348 352 355 357 359 358 355 354 354 354 350 348 351 354 356 3
62 66 73 84 82 77 86 92 98 96 80 78 93 95 73 45 43 70 78 86 93 100 111 87 135 119 128 127 98 179 184 165 171 173 165 168 84 83 89 170 91 343 299 292 266 276 284 286 283 280 288 302 309 309 312 331 334 339 329 330 331 327 328 328 330 331 330 335 331 338 343 345 339 336 336 336 338 342 344 346 348 351 355 358 359 358 355 355 356 355 350 346 345 347 340 5
73 70 71 82 86 78 75 86 96 101 88 75 77 78 75 51 48 42 68 49 79 83 88 74 134 120 129 127 100 174 175 172 173 169 178 170 122 100 96 183 92 278 285 263 268 274 280 275 276 276 292 307 307 299 315 323 325 338 329 324 326 326 327 325 324 330 332 335 340 343 337 331 328 325 323 324 336 339 343 346 342 353 356 360 0 358 356 356 358 357 352 346 345 346 324 341
95 87 84 86 98 97 87 91 101 108 98 82 72 76 88 90 82 80 81 75 82 90 80 92 111 120 124 123 143 170 174 178 176 161 183 168 155 124 157 184 207 234 282 289 269 265 269 272 269 282 293 299 289 286 304 308 316 323 323 326 325 322 321 323 325 328 331 341 339 334 331 333 329 330 326 326 330 338 340 345 350 354 359 2 0 358 357 358 360 359 353 347 348 354 356 330
107 100 90 87 95 97 88 84 93 101 94 86 79 77 93 98 102 92 92 84 81 90 75 87 92 108 91 120 154 168 175 180 192 203 191 185 165 149 160 184 208 235 277 282 268 264 267 269 280 289 291 279 306 280 299 307 312 320 326 325 322 321 316 318 319 323 323 323 328 329 332 331 328 336 334 329 330 326 326 335 349 354 359 1 0 359 359 360 1 358 352 350 353 358 359 326
34 101 92 84 91 91 86 83 89 97 87 85 103 78 71 79 82 90 94 92 81 99 74 62 80 103 86 116 147 161 172 182 195 201 195 179 166 160 149 195 168 221 264 274 266 269 270 275 281 282 285 273 278 289 308 300 313 324 323 325 324 322 320 318 319 322 325 327 332 328 334 330 328 328 335 328 331 331 332 330 341 354 357 359 360 1 1 2 1 357 352 353 359 360 320 320
72 70 76 79 81 80 76 76 82 92 90 88 106 109 65 59 62 71 72 80 81 94 86 84 88 100 106 122 140 158 170 176 197 204 193 177 171 162 174 161 185 229 257 267 265 261 264 274 274 269 270 266 270 271 301 292 323 323 323 328 324 325 324 321 328 322 323 323 331 330 324 326 329 333 331 332 329 328 335 338 350 353 356 359 1 2 2 2 360 357 355 356 2 5 1 334
51 53 58 59 66 69 66 73 77 88 89 80 82 126 93 69 60 63 66 83 86 87 82 75 78 94 106 115 130 156 166 174 205 199 194 182 173 163 178 166 200 240 258 267 264 267 272 271 260 259 261 294 294 265 300 309 319 314 326 330 328 328 325 331 328 320 320 322 321 326 327 327 328 337 327 326 329 329 331 333 335 353 355 359 1 0 1 1 358 356 359 3 5 11 13 350
57 50 51 35 53 60 69 76 81 88 90 80 80 107 97 93 84 80 78 83 91 90 90 64 55 84 90 114 123 145 160 171 192 196 181 189 176 165 178 171 212 244 257 261 262 264 266 262 259 260 285 290 297 299 307 313 320 328 334 327 329 328 328 320 320 318 317 319 322 329 324 334 326 327 328 327 329 334 339 336 338 336 357 358 359 358 359 358 356 358 5 10 10 16 24 4
13 41 29 36 55 59 65 71 76 79 91 85 78 83 95 88 83 78 75 72 79 87 94 88 62 82 102 115 127 131 141 163 187 198 187 191 177 169 186 182 218 249 256 263 263 260 263 265 263 263 283 290 294 298 305 298 307 316 321 335 339 326 336 334 330 325 322 322 325 327 329 331 329 330 327 327 328 330 347 350 346 343 0 358 357 356 357 354 353 3 14 14 12 21 33 14
3 41 53 60 69 72 64 70 71 71 82 79 73 73 90 88 84 78 76 73 72 84 91 87 73 79 100 116 124 120 140 166 193 204 196 193 176 181 204 196 225 250 256 259 261 266 270 269 263 259 282 288 290 292 297 293 308 317 334 333 335 329 336 328 328 327 327 329 329 338 335 333 332 330 335 330 336 332 334 350 356 2 3 1 358 358 357 350 349 5 17 16 19 5 15 16
342 14 17 54 61 64 60 57 63 63 72 74 73 73 70 80 81 79 80 78 77 84 84 77 65 72 95 115 120 123 138 165 193 203 191 181 181 194 214 237 243 244 252 256 257 258 258 257 256 274 277 284 288 287 289 302 320 331 331 331 324 326 328 329 332 331 339 342 342 340 333 336 335 334 330 339 341 347 334 334 356 1 3 3 1 1 1 353 346 356 10 26 38 10 13 13
20 47 50 53 51 57 65 62 57 58 71 79 77 73 61 70 71 75 81 79 79 87 83 68 53 61 81 102 116 125 142 161 180 189 184 183 192 208 225 237 242 244 250 255 257 257 259 261 262 272 274 283 290 286 290 302 316 324 328 331 335 329 336 337 340 346 344 343 334 329 327 326 327 328 332 330 332 329 339 333 337 341 2 3 3 4 6 360 351 348 354 296 331 353 7 1
78 73 69 60 55 57 63 77 79 68 69 84 63 79 61 67 72 74 81 78 78 85 88 74 48 46 65 81 104 122 145 162 164 179 188 197 210 223 230 238 245 247 252 258 262 266 269 269 261 273 273 283 290 293 296 306 313 317 324 331 335 337 329 337 337 339 340 340 332 330 328 326 323 322 321 320 321 322 328 331 336 340 4 3 5 10 12 7 2 4 4 10 309 343 358 357
90 86 77 70 63 58 62 68 87 80 78 77 82 89 83 70 77 80 86 83 82 89 95 93 73 59 60 69 93 107 136 152 160 176 187 196 216 228 232 240 245 252 259 262 261 262 265 256 271 271 271 278 287 294 301 307 304 309 318 326 330 334 335 337 336 334 326 326 327 329 328 323 327 326 325 325 326 327 328 334 340 348 342 9 12 18 16 11 10 13 12 11 16 340 353 1
54 91 94 92 81 70 59 60 66 68 64 72 77 39 80 71 77 81 85 88 90 97 99 106 98 81 68 67 87 93 117 138 164 180 193 208 225 223 238 245 250 257 263 263 259 259 257 269 270 270 269 272 282 297 301 293 293 302 312 310 317 324 335 330 329 327 325 325 331 332 332 339 338 331 331 331 334 335 336 336 340 343 348 20 22 21 16 14 15 16 15 18 25 331 342 359
26 51 89 76 77 73 71 69 66 71 65 59 65 68 76 65 62 70 67 73 85 98 105 110 103 90 82 71 79 85 98 109 169 191 204 228 226 222 241 249 255 260 263 267 267 265 263 271 272 274 272 269 273 289 296 294 300 306 312 306 313 321 333 328 329 330 330 331 330 330 329 330 331 331 329 330 333 334 336 342 1 346 16 20 21 19 16 18 22 22 18 22 30 346 338 352
26 37 19 103 88 96 92 79 72 69 73 73 82 78 75 74 57 54 54 55 63 74 85 99 105 103 82 78 80 81 83 95 151 206 217 229 225 230 240 243 254 261 264 266 269 271 274 269 272 276 278 278 276 283 294 301 311 317 304 304 308 312 318 324 328 335 337 340 340 339 334 330 330 324 322 328 328 341 355 0 6 11 12 12 16 20 21 24 29 29 22 23 28 29 346 348
23 25 10 2 111 106 102 93 80 74 82 80 71 64 82 79 63 52 43 40 48 56 56 63 77 93 103 87 84 82 83 86 108 215 234 238 240 244 250 254 258 260 262 265 273 275 277 266 272 279 283 286 288 291 293 299 314 322 317 312 314 309 312 317 320 320 322 324 321 313 313 324 328 332 337 327 330 333 344 2 10 349 11 3 11 25 30 34 38 37 30 26 29 31 345 344
349 1 52 9 14 92 92 93 89 84 78 66 74 72 50 82 72 69 65 58 51 50 51 58 57 69 78 83 86 87 88 85 84 222 248 248 249 253 261 267 266 265 268 269 271 275 277 265 272 282 285 283 283 285 286 282 281 299 308 308 309 311 304 303 308 310 310 315 327 320 318 321 327 320 331 337 336 328 325 332 347 337 13 316 10 28 37 43 47 45 37 31 31 32 331 337
52 54 58 72 26 26 88 77 71 69 60 48 47 52 67 38 42 45 47 92 70 56 48 51 51 55 58 69 80 87 90 84 77 289 265 257 255 253 254 256 260 264 267 265 264 267 272 277 287 276 282 284 279 273 272 269 260 260 280 292 294 294 306 311 323 327 330 331 331 330 326 324 316 334 326 330 327 325 324 322 322 12 346 335 14 26 45 49 50 47 42 37 33 32 336 341
66 64 68 73 27 15 3 73 59 56 54 49 49 50 52 58 59 61 56 49 40 40 46 49 56 55 57 66 74 81 86 89 79 358 284 270 266 298 282 272 267 265 263 263 267 264 264 270 279 272 273 279 281 275 269 268 261 256 262 275 286 296 304 306 315 328 332 334 335 326 335 332 330 328 343 5 9 11 331 16 15 327 338 340 22 30 50 55 54 52 49 44 38 33 336 342
68 69 71 70 64 50 57 48 47 41 42 54 56 48 35 33 33 26 19 17 23 34 47 53 58 57 65 77 77 75 78 92 78 1 306 295 288 282 279 275 282 268 268 264 261 270 272 267 270 275 281 269 271 285 271 265 262 261 262 267 266 274 282 292 302 311 319 323 328 332 334 338 319 338 338 357 10 12 16 17 19 323 321 293 331 42 61 59 58 58 57 52 44 38 315 330
1 356 70 60 52 39 13 353 39 39 50 52 47 40 36 36 34 31 32 41 46 44 54 61 56 52 70 83 80 73 72 81 68 320 307 306 301 276 274 293 286 279 279 279 280 277 273 272 261 268 274 278 277 279 278 275 271 272 265 267 268 271 274 277 267 285 272 277 284 292 299 318 340 340 340 350 7 17 23 26 32 34 33 27 20 18 75 66 59 58 56 50 42 35 37 335
353 56 50 48 44 39 20 33 44 53 59 58 56 56 54 53 47 41 37 40 42 47 69 73 60 59 80 84 74 74 73 68 35 299 290 298 298 294 291 270 272 289 276 278 281 279 277 271 267 265 264 266 265 268 274 277 273 273 278 271 268 268 269 269 268 267 270 274 278 283 292 281 291 301 316 338 358 18 29 36 42 41 34 28 28 313 59 64 62 58 52 45 37 31 34 336
343 26 31 34 19 26 21 40 51 51 63 71 76 74 60 55 47 36 33 45 55 67 85 74 55 62 84 84 78 76 74 61 22 329 289 283 283 283 290 294 286 280 282 266 260 260 264 265 264 275 272 269 262 256 256 255 254 254 254 254 261 268 263 262 262 273 275 271 280 284 293 301 300 275 279 299 322 358 28 39 42 39 35 44 55 306 30 52 55 56 53 46 39 35 38 48
323 341 20 31 29 32 22 47 52 59 68 70 68 57 44 46 37 32 46 70 84 91 87 60 49 69 86 88 86 82 71 48 15 329 292 286 287 281 275 278 286 278 273 273 275 277 265 263 281 280 276 276 261 274 267 264 259 260 245 240 255 250 259 265 273 278 275 270 270 272 271 288 294 299 299 314 297 306 355 43 45 40 36 46 62 52 282 39 47 50 51 47 43 43 45 48
349 19 32 50 61 36 45 55 53 58 66 69 61 46 37 33 33 51 75 88 96 92 71 41 55 86 94 90 90 87 71 51 31 2 333 310 294 286 278 272 274 277 272 269 266 265 271 276 280 265 277 276 278 275 270 244 241 266 269 267 238 268 265 236 233 228 223 222 222 220 217 220 222 223 232 246 295 327 294 37 60 51 47 47 49 52 51 297 33 49 48 45 46 47 48 47
349 7 66 345 29 25 55 51 53 67 67 48 28 27 23 25 40 53 71 88 92 77 51 41 68 95 91 83 86 89 73 55 42 26 12 346 310 295 287 276 269 270 269 263 255 257 261 263 266 271 270 269 276 275 272 271 267 266 251 238 233 229 226 231 239 247 249 247 262 242 262 259 257 259 263 236 240 246 305 322 87 76 65 53 45 49 50 49 35 48 51 48 49 49 49 49
348 345 333 55 35 30 52 46 53 51 32 15 18 33 32 37 35 37 63 80 78 63 51 54 77 90 79 74 86 91 72 55 42 32 26 18 342 314 303 293 280 266 255 255 258 264 268 272 274 270 263 263 267 265 259 248 236 234 234 239 243 243 246 262 270 281 294 299 299 300 304 304 302 300 300 300 288 292 244 3 352 95 77 60 52 56 55 49 38 35 52 54 14 54 20 21
53 58 36 28 26 34 31 40 42 17 14 14 36 52 50 44 27 52 81 86 83 72 64 52 70 78 67 73 93 91 71 56 49 40 31 19 3 355 341 313 291 305 289 285 289 278 274 269 275 279 267 250 246 242 239 235 241 243 249 256 265 280 282 282 283 288 286 290 304 293 285 296 294 291 288 284 319 273 254 249 37 128 86 67 66 67 68 62 54 41 50 61 56 58 18 69
341 341 337 15 24 29 18 22 17 13 15 34 51 53 48 43 48 83 93 94 91 71 52 33 43 56 60 78 93 82 66 56 52 46 38 26 6 350 340 343 341 330 325 321 318 297 290 271 262 246 246 248 254 257 254 252 252 266 278 287 289 288 288 287 286 278 291 293 282 291 296 302 303 286 286 296 323 282 262 246 276 55 92 72 64 65 69 72 74 73 324 67 59 58 65 68
335 343 348 26 26 22 3 15 21 15 35 48 59 59 63 79 98 155 97 91 80 53 29 19 32 45 65 84 88 78 66 61 60 49 46 36 2 351 345 337 348 337 340 343 321 317 298 275 268 259 257 265 278 278 272 276 285 288 291 294 288 283 281 282 284 283 280 277 274 270 264 276 272 274 280 285 287 302 303 252 257 24 81 74 58 59 59 61 67 84 91 77 75 23 67 69
323 337 357 6 354 2 9 23 39 37 49 57 64 75 93 107 116 131 88 79 66 34 17 27 41 55 77 84 81 78 71 64 67 50 51 50 354 347 345 345 346 345 345 354 327 308 288 297 281 275 285 301 311 313 304 300 299 295 290 288 288 287 283 278 274 270 265 258 265 264 262 264 269 270 269 273 286 277 269 239 237 277 56 64 57 55 54 56 57 57 56 76 10 91 25 31
