examples/cougarCreek-fire/createInputs/farsite/7a-cougarCreek-polygonIgnit/cougarCreekFire_08-11-2015_1600_217m_non_neutral_stability_vel.asc
ncols	146
nrows	140
xllcorner	610065.000000
yllcorner	5095217.000000
cellsize	216.586807
NODATA_value	-9999.000000
[rows 35 to 69 of 140, columns 0 to 77 of 146]
2.11 2.28 2.61 2.80 2.73 2.63 2.91 3.30 3.88 3.66 4.19 5.15 4.71 2.87 3.62 7.60 9.92 9.26 8.01 11.48 19.17 19.57 23.76 27.10 30.94 28.49 28.37 29.08 34.40 39.77 40.82 40.30 36.24 28.68 27.74 29.35 29.96 27.81 25.47 25.67 23.81 23.51 23.42 19.52 19.68 19.22 25.80 23.47 20.86 16.73 17.64 18.45 20.59 22.27 21.86 22.04 22.50 21.14 20.19 19.36 17.56 18.28 17.38 16.47 15.62 12.07 11.28 8.26 7.71 7.16 6.66 8.70 8.53 8.30 7.86 7.41 4.10 3.97
2.22 2.36 2.63 3.01 2.87 3.61 3.47 3.29 4.53 4.77 5.17 5.30 4.80 4.42 5.51 9.70 14.96 17.95 20.22 23.47 25.07 25.64 28.36 30.19 28.98 24.14 21.14 23.42 33.15 41.63 38.98 37.94 38.16 30.40 27.45 29.32 29.22 28.42 26.63 25.78 25.70 25.26 19.45 19.65 19.72 18.96 18.19 17.33 22.83 21.19 17.83 18.07 19.37 19.81 19.31 19.02 20.31 18.85 18.02 17.65 17.53 17.45 17.40 16.70 16.75 15.33 11.62 11.09 10.77 12.94 9.77 9.44 8.91 8.35 4.79 4.51 4.37 4.25
2.27 2.40 2.66 3.06 3.08 3.03 3.08 5.54 3.70 6.11 6.02 4.96 4.65 5.35 6.83 8.40 11.00 15.10 19.00 20.08 20.00 20.57 23.67 24.11 22.06 18.35 18.79 28.07 33.32 40.08 38.72 37.26 34.30 32.84 30.33 30.38 32.12 29.97 28.64 26.40 25.91 25.11 22.37 19.65 19.28 18.76 18.72 17.78 23.27 22.23 21.64 18.53 19.14 18.14 18.53 18.71 17.57 15.96 14.68 13.84 13.43 12.90 12.46 12.12 11.72 11.24 10.45 9.64 8.76 7.75 7.64 10.50 11.63 5.72 5.31 4.94 4.73 4.58
2.35 2.46 2.72 3.15 3.22 3.17 7.77 3.41 6.35 6.48 5.78 5.35 6.22 6.72 7.18 7.11 8.56 11.31 12.69 13.00 14.78 15.20 14.44 17.58 18.21 14.15 15.13 27.44 33.69 33.36 40.47 38.41 35.83 30.01 26.15 25.83 25.37 26.67 26.15 26.50 27.85 28.01 24.55 22.31 19.29 18.50 18.62 17.69 16.54 16.62 22.92 22.48 18.79 16.94 17.65 17.65 17.01 15.50 14.10 13.43 13.36 12.68 12.25 11.98 11.54 11.02 10.14 9.11 8.44 7.81 7.27 6.81 6.36 6.22 7.65 8.76 5.45 5.17
2.42 2.55 2.82 3.34 3.37 3.38 9.16 3.46 5.98 5.82 5.26 5.44 5.53 6.06 6.40 7.03 8.77 11.05 12.19 12.97 14.36 12.20 10.94 16.46 15.91 9.49 12.46 24.48 29.68 32.54 42.59 39.33 31.79 30.18 28.06 27.05 26.98 22.98 21.04 20.00 21.08 25.00 24.77 26.53 27.06 25.26 25.19 25.87 24.08 17.19 16.31 23.56 22.62 22.94 19.12 17.33 18.56 16.80 14.12 13.65 12.78 12.47 12.24 12.43 12.09 10.56 9.68 9.01 8.70 8.31 7.76 7.12 6.71 5.48 5.21 4.64 4.64 6.12
2.43 2.53 2.84 3.59 3.63 3.50 8.30 3.49 3.52 5.76 5.11 4.64 4.32 4.80 6.38 7.33 9.32 11.54 11.68 10.45 9.78 8.73 12.90 16.65 13.44 7.04 11.28 21.94 25.01 36.91 46.25 38.78 32.24 28.86 27.91 30.57 31.70 29.95 26.11 18.77 19.57 19.05 19.70 20.75 23.20 21.88 22.02 22.25 21.77 22.31 21.89 22.11 18.49 16.93 17.00 17.40 17.04 15.25 14.37 14.02 15.51 12.01 12.20 12.11 11.56 10.90 10.13 9.43 8.93 8.48 7.94 7.26 6.77 6.44 6.13 5.90 6.00 6.37
2.46 2.53 2.81 3.71 3.72 7.79 3.71 3.45 3.51 5.48 4.86 4.91 5.08 6.45 8.02 8.37 10.52 11.00 9.04 7.42 8.19 11.35 14.37 16.42 8.27 3.97 11.33 20.77 26.83 34.49 45.61 37.80 32.75 29.12 25.59 26.91 30.24 28.90 26.67 27.07 19.27 26.07 27.26 27.03 24.76 18.29 18.47 18.04 16.82 16.83 16.98 16.58 17.06 18.28 19.00 19.04 18.64 17.38 16.17 16.26 13.11 12.29 12.45 12.29 11.83 11.28 10.63 9.90 9.20 8.61 8.05 7.40 6.89 6.50 6.12 5.70 5.42 5.55
2.53 2.53 2.75 2.96 3.69 2.96 3.51 3.15 3.50 3.72 4.14 5.33 6.11 8.02 9.04 9.75 9.92 7.65 5.91 7.23 9.64 12.03 16.75 15.09 4.36 8.33 15.01 22.17 26.22 34.83 40.88 39.22 34.09 27.71 26.98 28.75 28.76 27.32 26.31 25.16 26.93 27.11 28.01 27.66 25.91 25.91 24.43 18.32 16.59 15.47 16.91 15.42 16.08 17.44 17.57 17.24 16.75 15.71 15.23 14.93 13.74 12.84 12.82 12.67 12.21 11.68 11.05 10.27 9.44 8.72 8.18 7.54 7.05 6.71 6.33 5.82 5.33 5.08
2.69 2.62 2.73 2.91 3.54 8.87 3.37 3.37 3.47 3.67 5.41 7.76 10.08 10.01 10.35 10.22 8.59 7.10 6.45 7.60 9.91 15.35 16.98 11.00 6.29 11.98 19.30 21.31 23.41 31.84 38.01 36.79 34.37 33.55 30.06 30.60 27.62 26.49 26.25 24.70 25.14 27.61 29.32 26.85 19.12 18.90 19.00 17.64 20.90 16.30 15.60 15.67 16.22 17.22 17.12 16.99 16.80 16.03 18.98 15.36 14.21 13.21 13.07 12.99 12.61 12.07 11.30 10.57 9.79 9.00 8.50 7.91 7.46 7.22 6.96 6.45 5.73 5.16
2.83 2.77 2.84 2.92 3.01 3.94 3.40 3.43 3.50 6.40 9.03 10.05 9.77 9.08 9.71 9.42 9.62 8.68 6.84 8.35 11.33 14.76 13.82 10.99 9.48 15.36 19.51 17.17 20.29 30.61 37.20 34.63 31.96 32.55 31.45 33.13 28.55 25.85 25.83 25.53 23.21 24.33 20.81 20.36 19.58 19.41 23.87 21.67 14.71 14.09 15.18 15.96 16.62 17.03 16.75 16.57 16.69 16.51 16.40 15.79 14.46 13.54 13.56 13.40 13.27 13.24 12.92 12.45 12.18 11.70 11.48 11.21 10.84 10.71 10.87 7.76 7.06 6.06
2.87 2.82 2.93 2.97 3.94 3.86 3.77 3.63 3.65 9.50 9.42 9.55 8.22 7.04 8.14 9.50 10.26 7.30 6.47 8.17 10.22 12.80 12.83 12.38 12.47 15.56 15.89 11.93 18.08 28.79 35.84 32.20 30.08 30.84 31.31 32.52 31.07 28.13 27.69 27.08 25.43 20.45 20.67 20.76 20.16 23.56 25.30 15.16 12.03 13.44 14.91 18.83 17.24 17.14 16.67 16.05 16.26 17.08 17.22 16.35 14.83 13.93 14.64 15.23 15.77 17.76 17.56 16.57 16.09 15.97 15.54 12.68 12.44 12.19 12.01 12.03 12.10 11.19
2.96 2.92 8.52 2.99 4.07 4.02 8.47 8.16 9.32 9.02 9.37 8.63 6.56 7.27 8.64 9.28 8.79 5.41 6.58 8.10 9.45 13.24 15.45 15.65 13.18 12.91 10.32 10.00 18.51 27.87 32.74 30.34 29.68 29.94 32.68 32.68 30.22 28.44 29.25 27.72 21.33 20.89 21.99 24.88 26.91 26.26 23.58 14.21 13.04 12.66 14.77 17.69 18.47 17.40 16.73 15.93 16.01 17.49 18.11 18.28 17.22 16.05 16.75 18.69 19.04 19.43 18.15 16.96 16.45 14.91 13.82 13.88 13.50 12.13 11.93 10.98 11.61 11.96
3.03 7.08 4.11 3.00 3.01 4.30 7.87 8.76 8.77 9.08 8.84 7.30 6.00 6.60 6.40 4.65 7.25 5.37 6.46 8.39 11.07 16.45 16.85 16.00 12.60 9.64 6.54 10.45 17.85 25.85 28.41 28.42 29.45 30.43 33.79 33.24 29.36 28.36 28.46 27.47 26.10 27.21 27.11 29.23 26.64 23.48 18.48 13.99 11.59 12.22 14.92 19.60 20.68 18.59 17.89 17.45 16.84 18.11 21.28 23.19 21.86 20.66 20.49 20.25 20.08 19.66 18.77 17.46 15.69 14.54 14.42 14.39 14.34 12.48 11.83 11.07 10.36 10.61
3.09 8.26 7.85 7.90 8.74 8.22 8.55 8.89 7.84 8.86 7.23 4.29 5.52 4.64 5.12 6.49 3.98 5.46 6.63 8.76 11.92 16.31 15.92 13.50 10.95 8.21 7.95 11.08 15.84 21.41 24.75 25.24 26.69 31.31 35.14 33.48 27.54 26.15 27.68 23.77 26.07 25.03 22.99 27.99 25.81 24.20 18.77 20.60 11.70 12.02 15.39 20.09 24.41 24.15 22.74 23.37 23.61 24.93 21.09 19.56 19.84 20.89 19.89 17.45 17.17 17.13 16.59 16.00 15.58 16.05 15.84 15.34 14.62 14.32 12.54 11.74 11.93 9.31
7.90 4.57 8.41 7.42 4.64 8.47 7.97 4.25 4.17 7.66 7.07 4.09 4.01 4.26 3.93 5.72 7.23 8.57 9.84 9.66 11.11 15.99 14.67 11.34 11.10 9.18 8.25 8.93 12.40 20.33 23.48 22.97 24.81 31.25 35.51 33.65 26.91 26.43 27.35 25.83 24.76 25.60 23.49 23.28 26.76 20.75 25.34 17.35 13.82 13.86 17.77 21.90 20.56 27.73 30.81 30.33 27.94 25.12 22.42 19.15 15.72 15.00 15.23 18.19 20.44 19.11 18.46 18.25 17.61 16.88 16.55 16.11 15.78 13.75 13.44 12.78 12.23 12.21
3.79 7.01 7.10 4.77 5.23 3.09 3.04 4.14 4.18 4.13 3.71 3.67 3.82 4.54 7.27 8.52 8.55 9.75 9.79 9.11 10.39 13.96 14.29 14.82 13.16 9.60 5.77 5.48 14.50 20.57 23.68 21.99 25.19 31.11 33.58 33.74 27.45 26.05 27.08 24.66 27.45 26.63 25.42 21.00 19.78 21.12 21.20 19.09 16.48 14.56 18.18 19.00 18.77 21.62 25.03 29.71 23.52 20.95 23.23 21.09 16.35 14.25 13.88 14.52 19.29 20.59 19.55 19.38 18.42 18.02 17.67 17.32 15.25 14.70 14.15 14.18 10.47 13.90
4.02 4.22 4.66 5.22 3.22 3.17 4.48 4.43 4.22 3.90 3.52 3.65 3.92 6.41 8.55 8.60 8.59 9.35 8.90 8.82 10.19 11.07 14.19 16.20 13.19 6.99 2.95 6.99 16.62 21.51 22.48 21.23 25.66 30.58 33.34 32.20 25.85 25.80 26.46 24.83 26.68 28.61 27.44 23.06 16.94 17.62 15.28 12.89 14.60 15.15 15.93 16.99 20.64 20.76 26.84 34.99 25.08 21.66 20.49 22.96 20.34 15.36 12.97 13.42 14.90 16.14 17.46 19.25 18.03 14.14 13.23 16.34 14.34 13.57 12.53 11.77 11.38 10.66
7.49 4.48 8.15 3.28 3.29 4.80 4.72 4.62 7.37 3.95 3.83 7.79 8.81 8.33 8.67 8.59 8.49 8.35 8.23 8.96 9.91 9.88 11.60 12.88 10.89 7.19 6.69 12.02 17.04 22.88 21.40 20.20 25.15 30.19 33.29 30.02 26.30 27.34 26.58 26.58 28.16 29.61 28.02 24.29 21.28 16.47 14.49 12.11 11.86 12.26 12.53 14.72 18.10 20.24 26.48 27.19 32.94 22.97 27.25 24.79 22.73 19.89 14.50 14.38 14.14 14.65 14.12 14.52 13.95 12.29 12.78 11.47 11.97 12.86 12.31 11.83 11.38 11.10
3.88 7.26 3.32 3.34 5.25 5.50 8.01 8.18 7.80 6.79 8.56 8.80 5.22 5.19 5.24 5.87 6.61 7.35 7.73 8.62 10.24 10.19 11.74 15.36 7.07 8.84 10.27 13.84 18.87 22.69 21.00 17.62 23.27 29.94 33.30 28.77 26.94 27.49 28.66 28.93 29.12 29.92 28.19 25.00 22.14 16.53 15.77 13.50 11.73 10.51 10.51 11.65 14.56 15.62 21.40 28.78 33.16 27.50 22.64 22.19 20.71 17.45 15.45 15.02 14.80 14.52 14.69 14.79 13.89 12.56 11.66 11.56 11.86 12.01 11.82 11.55 14.04 14.04
3.49 7.34 5.28 5.67 8.60 8.58 7.91 7.79 7.83 7.65 8.67 5.51 5.41 5.14 7.27 7.15 6.15 6.21 6.84 7.95 9.92 10.88 11.93 12.82 8.89 9.37 11.81 14.32 16.33 20.29 19.38 14.93 21.79 29.00 28.26 27.37 24.26 27.80 29.16 29.28 28.05 30.18 29.65 26.28 18.40 16.86 16.30 14.36 12.56 10.96 10.63 10.62 12.04 14.46 19.17 27.19 28.60 24.36 22.25 22.20 21.25 18.25 16.34 15.48 14.53 13.64 13.64 14.05 13.65 12.81 11.89 11.02 10.91 11.43 11.85 11.92 11.76 11.47
3.43 4.99 4.99 8.01 5.15 5.72 5.02 7.69 8.65 8.52 5.45 5.77 5.54 5.24 6.94 6.99 6.05 6.42 7.88 8.85 10.34 12.44 12.67 10.90 9.97 11.32 12.27 12.30 14.72 19.04 18.76 14.55 21.23 27.67 32.19 20.78 20.88 22.24 25.87 27.85 27.66 28.66 30.54 28.28 20.26 18.21 15.48 14.63 12.70 11.39 11.37 11.17 11.87 14.34 19.23 23.73 24.44 22.32 21.14 21.32 20.84 19.20 17.52 16.30 15.36 14.07 13.14 13.34 13.36 13.05 12.79 11.96 11.17 11.09 11.28 11.30 11.11 10.80
4.52 2.68 4.95 5.51 3.39 5.59 4.59 8.11 5.32 5.36 5.45 5.68 5.61 5.37 6.43 5.39 6.03 6.72 8.06 11.69 11.57 12.96 12.71 10.27 10.49 11.33 10.38 11.94 14.75 18.76 17.08 13.92 20.24 26.97 30.40 27.53 20.22 23.40 25.94 24.65 25.31 25.03 28.13 30.45 27.69 21.16 18.45 15.29 13.07 11.53 11.17 11.63 12.78 14.89 18.62 20.64 21.16 21.33 20.36 19.87 19.80 19.39 18.58 17.55 16.85 15.94 14.37 13.72 13.67 13.49 13.52 13.20 12.28 11.46 11.07 10.80 10.66 10.72
2.93 2.67 5.38 2.94 3.18 3.24 5.24 5.33 3.19 3.29 3.51 5.52 4.03 4.07 4.66 4.96 5.22 5.15 11.37 12.68 11.75 12.96 11.90 10.36 10.54 10.68 10.04 13.17 16.04 17.81 14.18 12.57 17.92 23.52 32.10 26.24 20.31 25.29 26.89 23.84 25.33 24.62 26.28 27.22 30.09 23.40 20.57 18.65 15.29 12.74 11.04 11.03 13.16 15.79 18.05 18.80 19.81 21.23 20.72 19.64 19.35 18.94 18.47 17.89 17.14 16.67 15.85 15.05 14.66 14.26 13.91 13.64 13.04 12.30 11.90 11.78 11.80 11.90
2.93 2.70 2.73 2.88 3.01 4.57 5.76 3.21 3.29 3.43 5.32 5.54 3.80 3.76 4.58 3.55 4.36 7.02 7.90 9.68 11.53 12.26 10.50 11.22 10.28 9.19 12.09 13.49 17.15 15.24 11.70 13.41 17.30 22.33 33.10 26.38 22.65 25.03 26.69 22.91 27.11 27.21 25.52 24.87 27.27 29.57 27.73 22.49 21.07 18.25 14.00 12.00 15.53 15.90 17.28 17.85 19.32 20.74 20.71 20.10 19.61 18.83 18.41 17.93 17.01 16.26 15.53 15.04 14.76 14.34 13.93 13.63 13.29 13.14 13.06 13.04 16.05 16.34
2.86 2.65 2.78 2.96 3.02 5.89 3.19 3.28 3.43 5.91 5.45 3.81 4.90 3.51 3.68 4.34 4.92 7.11 7.74 8.33 11.19 9.85 10.86 10.83 10.26 10.09 12.79 13.70 15.92 12.41 11.73 15.03 18.36 22.25 27.82 27.29 24.54 23.92 23.20 21.16 23.72 25.93 25.13 23.31 22.67 24.46 25.08 23.74 27.77 22.79 21.26 16.68 14.94 16.24 17.32 17.89 19.41 20.28 19.90 19.84 19.64 18.90 18.80 18.50 17.75 16.97 18.96 15.02 14.57 14.13 13.89 13.87 13.64 13.69 16.43 19.04 17.39 17.40
2.74 2.54 2.75 3.00 5.78 3.10 3.14 3.27 6.15 5.34 3.69 3.68 3.50 3.51 3.89 3.97 2.03 8.41 7.58 8.33 10.28 10.77 10.67 11.18 9.68 10.55 11.08 13.17 12.47 11.14 12.97 16.28 18.25 21.17 24.88 26.34 26.48 22.83 22.29 21.69 22.23 23.59 23.43 24.03 21.60 21.40 21.99 22.66 23.43 22.46 21.38 27.11 20.53 18.60 19.56 20.35 21.26 21.60 20.64 20.27 20.14 19.43 19.01 21.20 21.38 17.86 17.14 16.29 15.53 14.84 14.50 14.63 17.34 17.18 18.59 18.33 16.52 18.19
2.59 2.46 2.70 2.98 3.01 3.07 3.12 3.27 3.47 3.48 3.34 3.64 3.81 2.93 3.21 3.72 10.96 8.31 9.19 9.83 9.28 12.24 11.29 9.91 9.65 10.70 12.26 10.98 11.26 12.29 14.82 16.38 17.52 21.25 24.07 24.78 24.58 22.71 21.49 21.84 21.98 23.17 22.79 24.20 23.86 22.15 22.48 22.38 22.49 21.94 20.55 19.75 19.55 19.81 21.32 22.89 24.49 25.47 25.17 24.37 24.07 23.35 22.46 21.81 18.47 18.01 17.80 17.54 16.98 16.23 17.77 18.50 19.88 19.50 17.43 19.22 18.30 16.96
2.44 2.44 2.73 2.95 2.98 3.04 3.03 2.93 2.84 2.95 3.33 3.32 2.98 3.14 3.66 8.38 7.24 8.18 7.52 9.62 9.15 11.85 12.94 10.13 9.89 10.40 9.71 10.33 11.34 13.13 15.20 14.97 16.05 21.11 24.47 22.75 23.33 22.33 20.76 20.76 21.63 22.70 21.16 20.82 23.31 21.91 22.83 22.64 22.75 22.03 20.40 19.31 18.44 16.73 20.44 22.88 22.40 24.32 26.63 29.21 25.95 25.83 25.15 23.51 22.54 21.28 19.00 20.09 20.40 20.61 22.67 21.44 21.13 18.40 20.28 18.73 17.24 16.58
2.29 2.42 2.81 2.98 2.92 2.91 2.87 2.61 2.43 2.97 3.01 4.02 3.16 4.03 3.93 10.30 7.51 6.46 9.09 12.24 12.28 12.42 13.02 11.45 9.81 9.91 9.26 10.40 11.44 13.03 13.88 13.39 15.61 22.06 24.03 21.66 21.42 21.85 20.42 20.33 21.47 23.15 21.07 19.25 20.78 20.24 20.22 21.69 22.94 22.35 20.58 19.35 17.80 16.28 18.36 21.77 18.91 23.94 24.07 23.48 23.26 24.35 30.60 29.79 28.03 23.78 22.83 21.49 19.13 24.27 23.47 22.30 21.84 21.53 20.39 18.79 17.22 15.07
2.22 2.34 2.83 3.21 3.12 2.94 2.97 2.98 2.99 3.20 4.48 3.95 3.34 2.60 10.13 6.94 7.70 8.47 8.78 12.33 10.20 10.10 12.36 11.36 9.60 8.90 8.86 10.68 12.25 13.05 13.54 14.86 17.51 21.10 22.22 20.66 19.51 20.55 19.82 19.49 21.22 23.31 24.48 19.77 19.47 19.93 19.23 19.33 20.29 23.15 22.33 19.45 17.44 16.18 17.02 20.42 23.42 22.85 23.27 22.89 22.18 21.40 23.90 24.51 24.69 24.64 22.60 20.48 20.11 18.64 21.97 18.76 17.79 17.38 17.64 19.15 16.45 16.08
2.24 2.21 2.64 3.32 3.51 3.25 3.23 3.23 3.30 5.99 4.47 4.76 7.68 10.27 6.65 7.14 7.77 8.25 7.78 12.51 8.76 9.12 11.92 12.30 9.91 8.93 9.67 10.54 11.74 12.19 13.55 16.75 17.84 20.19 21.09 19.25 18.33 19.48 18.77 17.97 20.48 23.15 24.80 20.29 19.31 19.31 18.06 18.56 18.42 19.85 22.76 20.44 18.16 16.82 12.81 19.32 22.50 24.07 23.69 23.92 21.65 22.11 22.64 22.56 23.11 24.11 23.18 22.61 18.65 17.29 21.99 21.16 18.39 16.86 17.83 20.87 21.09 18.83
2.23 2.36 2.79 3.18 3.82 3.43 3.46 5.40 6.28 6.74 7.12 7.90 9.99 9.72 6.75 7.19 5.43 8.04 7.29 9.35 8.59 9.60 10.53 10.91 9.73 8.40 9.30 12.08 11.28 12.03 14.54 18.01 18.27 19.14 19.60 18.28 16.89 19.41 17.93 16.30 19.89 22.56 24.48 24.11 18.80 18.11 17.37 17.75 17.10 15.52 20.91 21.29 18.85 18.19 16.89 18.27 21.30 24.34 24.79 22.74 26.17 21.81 22.19 21.28 21.50 22.63 21.75 22.10 23.86 23.91 23.32 20.12 21.21 19.02 18.39 21.96 20.66 20.36
1.94 2.58 3.30 3.21 3.92 3.96 5.77 6.29 4.81 7.36 8.61 10.18 10.76 9.65 6.86 4.83 5.39 7.85 7.23 11.29 8.30 9.14 10.37 10.77 10.29 8.02 9.13 12.14 12.04 14.00 16.61 18.13 18.03 17.43 17.95 17.48 15.93 18.67 17.07 15.37 19.75 21.09 25.17 21.22 19.79 20.88 20.51 20.18 20.55 15.50 20.17 20.32 18.83 17.62 14.56 16.60 18.91 23.67 26.58 31.11 22.24 23.72 22.76 21.24 20.55 22.05 20.81 21.82 22.79 25.89 24.87 23.33 21.54 19.53 16.68 14.21 17.97 17.39
1.35 1.92 2.87 4.28 2.93 4.97 3.43 6.17 8.78 9.01 11.10 6.84 6.66 4.38 7.16 4.86 5.33 9.87 7.76 8.75 8.20 11.06 10.16 12.51 10.71 9.26 10.38 12.24 12.84 14.84 16.34 17.89 17.66 16.50 16.58 16.53 15.73 17.47 16.30 15.18 17.91 17.15 23.26 20.90 20.47 19.12 18.33 21.37 18.22 18.45 20.86 19.06 18.42 18.18 17.02 15.89 15.21 20.14 26.64 26.09 27.81 24.10 22.35 22.27 20.66 21.18 19.99 20.15 22.31 23.33 26.51 25.47 21.93 20.94 20.92 15.09 14.12 17.55
0.63 0.71 1.57 4.86 5.70 8.92 9.41 9.42 9.33 9.29 11.22 11.16 11.60 4.43 7.34 4.89 5.28 6.09 10.27 7.69 8.75 11.02 12.10 12.14 9.66 9.29 11.17 12.16 13.75 14.33 13.80 17.08 18.13 16.40 15.87 14.71 14.76 16.56 15.96 14.52 14.30 14.52 21.56 23.60 21.61 19.67 18.61 18.46 18.71 18.44 18.99 18.41 18.46 18.78 18.40 15.61 12.26 14.27 22.62 26.35 31.71 22.83 21.49 25.18 22.78 23.39 22.50 18.78 20.32 22.58 23.68 25.51 24.52 21.72 23.26 21.25 18.70 17.68
