examples/cougarCreek-fire/createInputs/farsite/7a-cougarCreek-polygonIgnit/cougarCreekFire_08-12-2015_2200_217m_non_neutral_stability_ang.asc
ncols	146
nrows	140
xllcorner	610065.000000
yllcorner	5095217.000000
cellsize	216.586807
NODATA_value	-9999.000000
[rows 84 to 125 of 140, columns 0 to 93 of 146]
303 302 302 302 302 302 302 279 272 273 303 303 261 300 300 298 283 295 293 256 262 287 285 282 280 256 276 257 249 242 235 232 264 263 227 259 241 257 235 254 254 253 251 249 247 246 244 243 235 242 219 239 228 218 215 239 239 239 219 238 223 215 215 210 178 177 212 216 197 187 178 192 186 208 197 184 176 182 189 224 222 220 218 216 214 215 213 212 211 210 208 204 206 201
302 302 302 302 302 302 302 277 272 280 302 284 274 272 300 298 296 270 258 249 266 287 285 282 280 256 256 253 249 269 226 233 264 263 231 239 239 238 254 253 254 253 250 248 247 246 245 244 243 242 241 241 242 241 240 240 241 241 240 240 240 217 239 220 194 190 196 238 216 196 190 195 193 188 192 188 186 184 227 226 224 222 220 218 216 186 216 215 214 213 211 209 209 205
302 302 301 301 302 302 301 301 275 302 302 265 302 269 300 298 269 264 249 259 288 286 284 233 280 258 276 251 250 227 225 254 228 263 230 241 231 230 255 254 232 252 250 249 248 247 246 245 244 243 242 242 242 241 241 241 241 241 241 241 241 241 241 241 198 196 200 214 215 214 214 190 185 189 192 232 193 230 228 227 226 171 222 219 220 219 218 215 214 169 213 212 207 210
302 302 301 301 301 302 302 301 302 302 301 275 302 267 270 270 268 261 249 262 288 286 284 281 246 254 275 251 271 234 265 253 263 262 261 260 259 258 235 231 254 251 249 249 249 247 246 245 245 244 243 243 243 242 242 242 242 242 242 242 242 242 242 242 215 201 204 214 214 238 237 201 194 196 189 193 189 190 194 181 227 177 223 222 222 221 219 218 218 215 215 214 212 211
302 302 301 301 301 302 275 302 302 302 301 273 301 270 267 270 267 246 248 289 287 285 283 281 251 276 274 272 270 267 251 243 225 262 261 230 259 258 231 257 255 252 250 250 249 248 247 246 245 245 244 244 196 243 243 243 243 243 243 243 243 243 243 243 204 202 215 204 204 204 239 206 199 192 235 234 233 233 232 190 229 227 225 222 224 223 222 220 219 216 216 215 213 212
302 302 301 301 301 301 273 302 302 302 301 262 300 300 266 271 265 259 257 288 287 285 282 247 278 276 274 272 270 267 265 243 228 262 261 260 259 258 232 256 254 253 251 250 250 249 248 247 246 245 245 245 197 197 244 244 244 244 244 244 243 243 243 205 216 200 201 204 202 202 204 208 209 204 199 194 193 233 233 232 230 229 228 227 226 225 224 222 221 219 218 216 214 211
302 301 301 301 301 301 301 301 302 302 301 270 300 300 264 272 264 245 243 288 286 285 282 280 278 276 275 272 243 244 245 234 229 261 260 259 258 257 256 255 254 253 251 250 250 249 247 247 246 246 245 245 245 198 244 244 244 244 244 244 244 205 244 208 208 205 201 202 200 200 200 207 239 238 208 199 200 197 195 233 231 230 229 228 227 226 225 223 222 220 219 190 180 182
301 301 301 301 301 301 301 301 302 302 278 266 300 253 261 268 258 292 290 288 286 285 246 280 278 276 254 246 246 245 234 227 224 261 259 258 257 256 255 254 254 253 252 251 221 249 247 247 246 246 246 245 245 197 245 245 245 245 244 245 245 206 207 205 209 244 206 203 206 200 241 201 240 239 239 209 201 236 200 196 193 197 188 229 228 227 226 225 224 222 221 219 215 191
301 301 300 301 301 301 301 301 301 302 275 265 268 261 261 262 257 244 289 288 286 285 256 281 279 276 239 246 250 245 223 263 261 260 259 258 230 256 242 249 254 253 251 251 250 249 248 247 246 246 246 246 245 194 194 245 245 245 245 245 245 245 206 204 209 245 245 208 204 203 242 203 240 240 211 204 202 200 199 200 199 197 230 197 227 193 188 186 226 224 224 223 221 219
302 301 301 301 302 301 301 301 301 301 301 266 299 261 297 258 260 254 290 288 286 285 255 281 279 257 244 246 244 232 225 262 260 259 258 241 257 255 254 255 254 253 251 250 249 248 248 247 246 246 246 246 245 195 195 199 245 202 245 245 245 245 205 203 204 245 245 211 206 204 206 206 240 241 209 205 202 237 196 200 234 232 190 229 227 198 225 198 187 223 185 187 217 220
303 302 301 275 302 302 302 301 301 301 301 301 265 299 297 296 258 255 290 288 287 285 283 255 279 259 247 233 225 230 228 221 225 237 243 257 256 254 254 254 253 252 252 251 249 248 248 247 247 246 246 246 246 245 194 197 196 196 201 245 245 245 205 209 245 202 208 245 208 206 203 205 241 241 210 211 211 203 201 200 194 193 231 191 189 190 188 224 195 195 221 220 221 217
304 303 302 302 302 302 302 302 302 302 302 302 301 257 298 253 255 257 242 289 287 285 283 281 279 276 239 227 268 265 263 225 236 246 258 257 256 255 254 248 252 251 251 250 249 248 248 247 247 246 246 246 246 246 197 218 207 198 196 200 245 245 202 209 245 217 209 203 205 205 206 202 212 211 210 239 237 237 203 197 194 199 230 228 227 189 225 223 223 222 220 219 218 220
304 304 302 302 302 303 302 302 303 303 302 303 301 258 253 251 257 261 241 289 287 254 283 281 279 255 231 225 234 253 262 238 259 258 257 256 255 255 253 254 253 251 250 249 248 248 247 247 246 246 246 246 246 246 245 245 245 245 245 245 198 203 201 202 202 212 244 208 204 207 206 203 203 204 206 212 237 236 210 235 200 201 203 194 227 226 196 224 188 222 220 219 185 220
304 305 304 302 303 302 302 303 303 303 303 303 302 260 299 297 256 254 238 289 287 285 283 281 279 233 225 235 267 265 262 260 258 258 257 256 255 254 253 253 252 252 250 249 248 248 247 246 246 245 245 245 245 245 245 245 245 245 245 245 245 199 203 203 202 244 244 243 243 243 242 241 241 205 202 209 237 237 236 203 233 200 231 229 230 226 201 223 223 191 189 185 217 216
304 305 305 304 303 304 303 303 303 303 303 303 302 256 299 298 253 246 237 289 287 285 283 281 278 226 229 269 267 264 261 245 258 258 246 246 248 249 248 243 252 251 250 249 248 247 247 246 245 245 245 245 245 244 244 245 245 245 245 245 245 245 244 244 210 244 243 243 242 242 241 241 241 202 202 203 210 237 236 210 232 231 230 228 227 226 224 227 224 222 221 218 217 220
303 305 305 305 304 305 303 304 304 304 303 304 302 301 300 298 296 294 291 290 288 286 283 281 233 231 272 269 230 235 261 259 258 248 246 246 246 241 243 253 252 251 250 248 248 247 246 245 245 245 245 245 244 244 244 244 244 244 244 244 244 244 244 244 244 244 243 243 242 242 209 206 205 240 202 201 204 237 236 234 203 199 231 200 200 225 224 224 227 223 224 223 218 216
307 306 306 307 306 304 304 304 304 304 306 304 303 250 300 298 296 294 291 290 288 248 283 234 277 274 271 268 221 236 247 259 257 256 237 235 242 251 250 251 252 251 248 247 247 246 246 245 244 244 245 244 244 244 244 244 244 244 244 244 244 244 244 244 244 244 243 243 243 212 204 200 203 202 207 237 236 202 236 235 207 202 230 228 227 225 226 223 223 222 220 223 223 217
309 307 307 308 305 305 305 305 307 305 305 304 303 302 300 298 296 294 291 289 287 284 282 250 276 274 237 222 219 262 260 248 240 234 230 231 252 250 249 250 250 248 247 246 246 246 245 244 244 244 244 244 244 244 244 237 232 237 244 244 243 243 243 243 220 205 218 242 243 242 208 209 208 210 238 237 206 198 203 209 203 199 230 196 228 229 228 225 223 223 221 220 223 222
309 309 309 309 308 307 306 306 306 306 305 304 302 301 301 297 296 294 227 289 233 282 281 278 276 273 239 226 234 261 259 258 235 233 230 235 247 248 243 229 249 246 246 223 241 246 239 249 244 244 244 243 244 244 201 198 187 198 232 243 243 243 243 244 244 243 242 242 242 242 241 240 240 239 207 236 235 235 199 202 232 231 230 229 226 225 225 224 223 225 225 223 223 222
310 308 310 310 310 309 308 309 306 308 306 305 303 304 302 298 296 295 292 290 287 284 282 279 275 273 237 228 239 261 238 233 234 235 235 231 236 233 228 223 218 247 246 246 247 245 248 245 253 253 243 243 243 244 244 229 224 231 243 243 243 243 243 243 243 243 242 242 242 241 240 240 239 239 209 236 200 200 201 204 202 199 196 193 225 225 224 223 221 221 221 223 219 221
312 309 311 310 311 310 307 310 310 309 306 306 304 302 301 298 297 294 294 230 288 284 282 278 235 272 236 225 238 236 224 229 234 233 233 222 226 233 233 233 233 225 234 249 255 245 244 244 254 249 239 247 243 244 245 247 241 243 243 243 240 237 242 242 243 243 242 242 206 215 211 210 239 211 211 236 235 200 201 203 201 199 199 228 225 225 224 223 222 221 220 219 222 217
314 313 311 311 311 311 309 311 312 308 307 307 306 303 301 300 297 295 294 225 285 285 281 277 234 271 268 213 236 233 223 234 233 231 230 219 229 250 250 252 247 234 243 252 245 257 244 244 256 256 243 243 243 244 245 248 243 243 243 243 244 240 239 229 208 212 208 214 200 206 206 207 208 238 237 236 235 234 233 233 199 200 200 228 226 224 224 223 223 221 222 219 218 217
317 316 314 313 312 312 311 312 313 312 311 307 305 304 301 300 299 295 294 291 288 285 280 224 272 270 233 213 233 233 231 232 228 228 225 223 244 249 249 241 247 232 242 245 250 251 253 254 243 257 242 241 241 242 244 253 243 243 243 243 240 228 201 211 211 213 212 200 208 206 201 200 201 206 237 236 211 211 234 232 231 229 228 197 228 229 225 224 227 226 222 220 219 217
319 318 316 313 315 314 313 313 314 314 308 307 305 304 301 298 300 295 294 291 288 285 278 235 238 269 229 222 239 237 238 222 220 226 226 238 248 248 248 226 232 237 247 249 249 249 244 243 249 247 244 250 255 257 256 243 251 242 242 249 226 207 217 231 242 230 211 209 217 214 210 206 201 201 207 235 235 234 232 199 199 229 228 227 228 229 228 225 225 226 220 220 219 219
320 319 318 313 313 313 316 315 315 315 308 307 306 303 301 298 301 298 295 288 288 284 280 274 271 240 231 234 236 227 227 215 217 230 241 249 248 250 219 214 237 247 249 250 251 244 252 249 248 247 241 246 251 246 198 199 241 241 254 236 207 215 224 241 247 229 215 209 207 208 200 205 200 200 201 201 202 201 200 200 200 229 228 226 225 225 225 225 222 223 225 225 224 223
324 321 320 318 314 313 317 315 316 317 314 313 305 303 301 298 301 298 294 291 284 282 278 227 236 227 227 235 223 218 220 215 222 237 249 248 248 232 213 222 242 247 246 248 251 253 243 243 243 242 242 250 247 236 244 191 240 253 244 235 216 222 240 240 252 231 220 210 207 202 204 201 200 201 203 201 201 203 232 200 200 229 228 226 225 224 224 223 222 221 225 225 224 223
325 325 321 320 314 314 316 316 317 319 316 314 305 303 301 298 302 290 294 291 288 285 223 269 266 227 222 229 215 218 222 225 243 249 248 248 243 220 220 239 243 242 244 247 248 248 253 242 258 241 257 258 254 257 242 242 258 245 226 216 204 226 234 240 227 217 211 222 212 207 206 209 214 208 204 201 203 233 232 231 229 228 227 226 225 224 224 223 222 221 220 220 224 218
325 326 323 321 320 315 316 315 322 320 318 316 306 304 301 298 296 298 294 291 278 274 269 265 264 261 257 255 218 225 249 249 249 248 247 247 222 218 234 244 244 245 245 245 244 245 249 253 255 241 255 259 258 259 240 261 246 195 194 191 193 197 190 196 198 199 198 201 199 208 207 217 237 236 235 234 202 201 201 230 229 228 227 226 225 224 224 223 222 221 221 220 220 219
326 325 323 321 319 318 319 314 321 320 319 316 305 303 300 297 302 298 293 290 287 270 265 265 263 260 257 227 226 232 249 249 238 235 238 221 217 228 240 241 245 246 244 244 246 248 248 248 250 251 252 254 253 249 233 188 189 189 189 190 190 191 193 197 199 199 200 200 202 200 199 201 201 200 202 202 200 200 201 230 228 228 227 226 225 224 223 223 222 221 221 220 220 219
328 326 327 326 320 318 316 317 317 317 318 316 304 303 298 295 293 290 284 287 284 267 276 262 263 260 256 252 228 231 248 229 225 233 228 214 223 235 236 238 238 239 244 250 256 242 253 248 247 246 248 246 241 233 221 202 189 188 188 192 190 192 194 197 198 199 199 201 201 200 201 201 201 201 200 200 202 231 230 200 228 227 227 226 225 224 223 223 222 222 221 220 220 219
333 332 323 321 320 319 317 316 315 315 316 315 302 300 297 292 289 284 279 279 269 265 261 262 267 260 253 251 248 247 221 223 244 231 216 217 233 238 243 231 242 242 252 241 241 241 240 248 244 240 240 236 231 226 222 218 202 194 191 191 192 193 195 197 198 199 200 200 200 200 201 201 202 201 202 201 202 203 230 229 227 227 226 226 225 224 223 223 222 222 221 221 225 219
328 327 323 321 323 319 324 325 316 314 314 313 310 308 305 290 285 279 274 269 264 263 262 268 265 256 251 250 247 246 212 243 233 226 215 225 236 242 225 228 241 246 240 251 248 242 239 242 241 239 236 232 227 222 220 218 217 214 201 194 194 196 198 197 197 200 200 200 200 200 201 202 202 201 201 202 202 230 230 229 227 226 226 225 225 224 223 222 222 221 221 221 220 224
328 327 323 320 321 319 316 317 316 324 313 311 308 306 303 300 283 291 270 266 279 262 263 267 259 250 250 247 247 243 240 242 243 242 225 237 242 227 221 233 241 241 244 242 238 234 235 239 240 238 234 228 222 222 218 215 217 216 214 201 195 196 199 198 197 199 199 199 199 199 200 199 201 201 202 202 230 230 229 228 227 227 226 225 225 224 223 223 221 221 221 221 225 224
328 326 322 319 317 316 316 316 311 314 312 309 306 304 302 285 279 277 268 264 276 262 265 266 250 246 248 247 244 240 238 241 244 243 242 235 221 219 226 237 240 240 245 243 238 231 230 236 236 231 229 222 219 219 218 215 215 214 214 204 198 197 200 200 199 199 199 199 199 199 200 201 200 201 202 202 230 229 229 228 227 226 226 226 224 223 222 222 226 222 222 220 220 224
328 326 321 312 316 315 323 315 307 313 311 318 315 303 301 281 274 271 265 260 255 262 265 262 251 243 249 245 241 239 238 243 244 242 242 225 238 220 235 240 240 240 242 237 230 225 227 232 229 225 226 220 216 218 217 239 212 212 238 205 237 200 237 204 202 201 200 199 200 199 201 200 202 202 231 230 229 228 228 227 226 225 225 225 224 222 227 222 226 222 222 225 225 224
327 325 320 317 315 316 313 313 312 311 309 295 304 309 298 293 288 265 280 257 254 259 260 254 243 245 245 242 240 237 240 242 244 242 240 220 218 239 240 243 240 239 236 230 226 226 229 230 225 224 224 220 238 238 238 238 238 237 237 237 204 236 204 236 202 202 201 200 200 199 200 202 201 201 230 230 229 228 227 226 226 225 225 224 224 223 227 223 227 226 226 225 225 224
327 324 319 317 306 317 316 311 310 309 306 303 299 296 295 291 285 280 276 258 256 266 257 251 247 246 239 240 241 236 236 238 243 243 237 236 237 239 240 240 239 232 231 229 229 231 231 226 225 226 223 220 238 238 238 238 237 237 237 237 236 204 204 204 236 204 200 201 199 200 199 202 204 202 201 229 228 227 226 226 225 225 224 224 224 228 228 228 227 226 226 226 225 225
327 323 309 302 304 305 309 307 307 305 303 300 286 292 289 287 283 278 274 255 266 263 258 253 246 239 238 240 241 235 233 243 242 240 236 235 239 239 239 239 230 227 231 233 235 235 230 224 224 226 224 222 220 238 237 237 237 237 237 236 236 209 205 206 209 209 201 201 201 200 200 200 201 201 230 229 228 227 226 225 225 224 224 223 224 227 227 227 227 226 226 226 225 225
326 309 315 313 295 299 294 306 303 302 289 297 292 288 285 282 280 275 270 267 264 252 250 245 237 235 238 244 243 246 233 242 241 241 234 236 239 238 238 232 236 228 235 236 237 234 225 223 224 227 226 224 237 237 237 237 237 236 236 236 236 236 204 207 210 211 234 205 206 200 200 201 230 229 229 228 227 226 225 225 225 224 223 223 222 222 226 226 226 226 226 226 225 225
324 303 303 311 289 304 285 283 300 297 296 293 288 256 271 278 274 270 267 245 261 248 245 242 234 233 242 245 241 245 243 236 235 233 233 235 237 236 236 235 235 229 233 233 234 237 236 223 226 230 229 224 236 236 236 236 236 236 202 235 235 235 205 207 234 233 233 207 206 202 200 199 200 228 228 228 227 226 225 225 224 223 223 223 222 222 222 226 226 226 225 225 225 225
322 319 292 289 304 302 300 299 296 292 290 287 283 279 275 272 269 265 263 260 257 255 243 240 232 230 244 246 239 244 242 231 232 232 234 236 237 236 235 235 235 231 232 232 236 223 235 225 229 229 227 236 236 236 236 236 236 235 235 235 235 236 234 234 233 233 233 234 203 202 202 203 228 227 227 227 226 225 225 224 224 223 223 223 227 227 227 227 227 226 225 225 225 225
321 317 309 284 280 298 296 294 291 262 284 281 277 273 241 265 262 260 258 255 253 243 241 248 236 235 243 243 231 230 241 240 231 233 237 237 236 236 236 236 235 235 234 235 234 234 234 225 226 224 235 235 235 235 235 235 235 235 235 235 235 201 197 198 199 232 232 232 199 201 199 228 227 227 227 226 226 225 225 224 224 223 228 228 227 227 227 227 227 226 225 225 225 225
