examples/cougarCreek-fire/createInputs/farsite/7a-cougarCreek-polygonIgnit/cougarCreekFire_08-13-2015_1100_217m_non_neutral_stability_vel.asc
ncols	146
nrows	140
xllcorner	610065.000000
yllcorner	5095217.000000
cellsize	216.586807
NODATA_value	-9999.000000
[rows 70 to 104 of 140, columns 0 to 79 of 146]
18.61 15.59 23.76 34.43 36.19 32.56 29.44 28.38 28.69 29.98 28.58 27.84 28.39 28.86 29.15 22.60 19.60 12.09 19.77 21.82 19.63 17.08 12.46 12.69 4.47 12.09 25.97 26.98 27.06 22.65 20.66 27.17 27.80 22.21 19.18 16.69 17.98 17.88 13.78 15.44 19.85 20.77 22.49 23.04 20.13 15.56 15.64 13.83 14.52 12.29 11.14 10.95 6.74 3.77 4.80 8.53 6.86 7.56 11.32 12.39 12.22 11.82 11.34 11.73 12.74 13.91 14.32 6.92 13.43 13.07 13.07 13.20 5.56 4.83 4.64 4.66 4.63 8.31 13.92 13.23
16.55 18.25 28.58 31.79 33.27 28.76 25.67 26.67 26.95 27.30 26.27 26.00 26.39 29.50 29.09 19.86 17.68 11.21 18.31 19.76 19.10 14.33 9.37 11.51 9.79 13.70 23.20 26.93 26.60 20.31 21.29 28.36 26.83 20.39 18.00 18.43 19.25 17.14 12.51 19.47 17.97 16.44 21.74 22.47 24.62 18.35 15.27 16.79 15.99 14.55 12.99 11.57 7.90 5.03 5.04 8.52 9.97 8.59 11.30 12.84 12.76 12.84 12.87 13.15 13.94 14.44 14.38 14.09 6.16 13.41 13.64 13.89 5.32 5.09 4.90 4.77 5.47 6.19 7.63 8.21
19.65 24.23 32.30 32.15 30.12 26.22 23.90 24.76 25.41 25.07 23.75 24.09 24.77 28.69 27.86 15.11 14.91 8.94 16.55 18.78 18.75 9.49 7.72 10.33 9.97 21.77 22.77 25.98 22.39 19.40 22.05 29.07 26.54 18.17 15.30 17.76 21.19 19.65 11.33 19.43 18.25 17.73 19.90 24.44 26.07 21.70 19.33 16.64 15.94 15.23 14.89 12.97 8.90 9.16 9.91 9.41 10.75 12.20 3.80 13.98 13.54 12.64 13.09 13.91 14.85 15.10 14.79 14.62 14.48 14.40 7.27 7.23 6.56 8.58 8.05 14.10 7.04 7.43 6.79 6.24
23.08 27.42 31.99 31.60 27.10 24.44 23.01 24.93 25.52 24.41 22.91 23.50 25.54 29.56 26.53 13.29 13.46 7.77 13.24 18.67 15.23 5.48 9.99 11.20 10.37 24.08 21.34 20.50 21.64 19.86 24.82 28.39 25.33 15.08 21.28 18.81 23.28 21.85 11.00 18.96 17.39 17.91 18.01 21.14 23.82 25.68 20.99 15.27 14.63 14.79 16.07 14.08 10.26 14.81 8.17 11.79 11.83 12.93 13.61 15.02 15.71 13.82 12.94 13.89 14.92 14.99 14.88 15.18 15.37 15.53 10.26 9.45 8.45 8.37 7.25 4.74 6.71 6.13 5.76 6.51
25.92 27.16 29.57 29.16 24.96 23.07 25.55 25.05 24.84 23.48 22.22 22.96 25.66 29.46 26.39 14.70 13.84 5.19 8.55 19.55 9.19 11.80 10.58 8.91 18.70 24.85 21.65 18.57 21.56 22.95 27.56 27.30 23.22 19.57 21.52 19.72 23.87 21.57 11.50 20.38 21.35 17.83 12.98 18.63 25.47 27.78 23.81 18.42 13.56 13.17 16.26 14.47 12.53 10.43 15.56 9.42 11.68 14.11 14.94 10.87 16.52 15.50 14.10 14.20 14.70 14.73 14.95 7.69 7.56 8.65 11.47 8.37 6.98 5.72 4.99 4.78 6.58 6.17 5.88 12.77
28.97 27.66 31.48 28.53 28.12 26.04 24.56 24.29 23.59 21.09 18.77 22.52 26.60 27.92 25.70 15.58 14.29 3.74 11.20 17.37 6.47 12.40 11.86 10.75 21.04 15.33 18.41 16.02 19.38 21.22 25.17 25.85 15.85 21.71 17.14 22.59 22.72 18.55 13.93 18.41 22.85 19.28 13.89 16.31 21.57 21.41 26.18 20.99 14.90 14.48 14.88 12.91 12.01 12.30 17.21 10.64 7.89 10.94 11.96 7.61 15.32 15.21 14.78 14.56 14.85 15.08 15.29 15.47 8.57 6.59 10.31 9.52 7.14 5.66 5.83 5.28 5.77 6.49 5.35 4.53
28.92 28.94 28.81 29.02 27.25 25.00 23.16 23.69 22.52 17.14 19.14 22.88 24.37 27.37 23.75 14.94 12.52 3.34 11.59 12.69 7.76 13.31 11.83 21.74 14.29 17.46 14.94 16.63 20.82 18.46 22.17 23.76 19.27 21.61 22.75 24.01 22.21 15.27 14.23 19.51 20.15 18.73 15.21 11.41 17.54 24.37 27.25 23.15 17.02 10.93 11.58 11.77 10.00 13.22 12.30 11.20 9.73 11.28 11.51 10.37 10.83 15.39 14.68 14.48 15.23 15.66 15.96 8.55 15.67 6.80 7.92 9.39 8.18 6.32 7.05 8.71 5.15 6.23 5.14 3.15
30.24 29.54 29.17 28.91 26.51 24.28 22.26 24.11 24.05 17.90 20.35 23.46 22.86 27.68 21.23 13.49 10.23 5.29 10.42 9.53 7.89 10.98 13.88 16.85 25.13 15.55 14.62 16.48 17.35 15.25 19.53 22.33 19.12 18.55 23.71 23.90 21.56 13.84 13.23 19.71 17.18 17.98 14.20 13.83 17.38 21.02 18.88 24.41 19.61 10.43 10.36 10.63 8.65 12.45 12.67 11.80 11.14 13.12 15.57 15.46 3.41 15.15 14.25 14.34 15.36 9.18 9.48 9.25 9.03 7.65 4.91 7.48 8.98 6.81 8.34 13.77 6.57 4.06 10.88 4.61
30.61 29.65 28.69 28.19 26.14 23.00 25.97 25.07 21.52 19.36 21.65 22.60 20.42 27.03 18.56 12.43 8.54 4.76 8.17 7.34 11.90 21.96 16.62 22.52 18.92 16.35 15.98 15.50 15.51 13.45 20.77 23.44 18.64 21.38 24.61 24.09 21.22 13.28 16.29 19.88 21.69 19.72 14.06 16.41 13.41 20.13 17.11 20.69 20.74 10.97 10.31 10.86 7.02 12.05 12.82 12.41 13.18 9.65 10.14 14.42 10.40 8.97 13.43 14.19 15.69 9.19 16.33 8.48 15.81 15.38 15.10 6.71 4.67 5.44 8.98 13.28 12.99 11.56 10.12 1.79
29.95 29.83 28.82 27.66 26.18 27.58 25.72 24.62 25.03 19.04 21.67 19.48 22.31 18.65 15.64 20.60 2.63 16.14 5.88 19.35 21.55 23.99 23.27 21.50 16.44 15.56 14.27 13.14 15.64 13.73 15.77 23.95 21.85 19.44 25.59 23.60 21.02 12.47 15.18 19.42 20.79 20.79 17.08 16.41 21.02 10.01 14.04 15.93 19.15 18.49 9.99 12.26 8.78 9.60 18.54 18.56 17.78 11.24 9.65 14.14 14.23 8.12 6.46 8.93 15.23 16.29 16.42 16.34 16.06 15.78 15.21 14.78 14.57 5.04 6.73 8.54 12.32 11.23 9.84 9.02
30.19 28.80 28.58 28.91 27.11 21.55 19.87 27.17 24.67 20.60 17.69 27.88 17.85 17.68 13.23 11.28 14.88 16.29 17.89 20.71 23.55 17.21 24.50 19.41 14.96 14.56 11.90 10.12 15.70 16.64 14.32 20.87 20.66 16.05 24.67 22.95 19.99 11.75 15.89 18.02 17.63 16.68 20.68 15.06 15.84 15.38 12.90 22.46 22.53 19.67 12.92 12.47 10.60 16.01 18.07 18.25 17.45 16.88 11.54 15.75 14.79 14.16 13.77 4.59 13.96 15.57 16.45 16.35 16.06 15.43 14.83 14.36 13.88 13.30 3.39 2.63 10.95 10.88 4.28 8.90
31.09 27.04 28.60 19.88 28.08 21.51 21.14 21.15 26.03 26.69 16.27 16.37 18.66 16.94 12.26 6.46 15.60 16.59 19.27 22.70 18.75 26.58 22.48 16.99 13.96 16.61 7.39 11.23 18.39 21.89 13.05 15.71 16.06 17.90 22.91 22.63 16.66 15.14 16.57 18.16 16.16 17.49 16.92 19.68 17.35 9.61 12.86 22.42 23.84 21.53 18.17 13.75 8.00 16.15 17.61 17.66 17.76 17.21 16.71 16.93 16.92 16.33 15.20 13.90 4.21 14.32 15.98 16.33 16.03 15.29 14.64 6.24 13.45 12.70 11.67 10.83 10.89 10.93 10.52 9.40
30.95 27.01 28.72 28.72 29.62 22.50 22.59 18.92 25.50 25.43 15.53 16.33 18.51 15.76 12.43 8.49 15.55 17.48 20.85 19.38 22.23 24.01 20.28 15.04 13.05 14.42 5.63 20.78 19.74 22.25 13.08 14.96 15.79 20.23 20.60 20.55 14.33 15.75 17.78 19.14 15.46 17.60 18.43 18.40 19.42 11.56 13.22 21.69 24.05 17.75 19.72 19.24 16.88 16.45 16.42 15.89 17.16 17.73 17.46 18.14 8.53 17.87 16.40 14.66 13.20 13.58 15.31 3.30 16.00 6.92 14.55 13.80 5.81 12.64 11.94 11.81 2.55 11.08 4.00 8.87
28.06 26.47 29.28 28.72 25.56 24.20 21.24 18.41 26.21 25.42 14.95 16.83 17.98 14.54 19.13 14.50 16.24 18.39 20.76 23.27 25.15 23.07 18.27 13.73 18.92 8.24 6.06 10.48 17.94 20.65 11.16 14.13 20.39 17.24 14.70 16.66 14.36 15.73 15.09 16.92 17.65 17.32 15.46 16.88 16.51 15.73 7.79 21.20 22.82 13.73 16.91 12.48 20.13 18.13 16.85 15.73 16.62 9.64 8.22 17.20 17.58 8.91 16.98 15.37 14.19 8.36 15.46 8.29 15.58 14.81 13.91 13.19 5.10 7.09 6.26 12.57 3.21 3.23 3.15 8.19
30.82 26.46 30.08 29.04 24.41 24.85 18.57 18.06 27.48 20.17 15.44 17.98 26.28 14.79 14.21 15.87 17.21 18.21 16.67 22.54 23.83 21.73 16.92 13.27 11.49 8.53 6.39 9.39 15.27 20.71 14.53 15.89 22.25 14.99 11.78 10.48 12.36 14.36 12.68 23.37 23.37 22.41 20.79 15.22 14.22 15.97 9.22 20.98 22.25 14.20 14.03 20.95 20.01 19.53 19.40 18.80 18.17 17.79 17.20 16.70 16.41 6.97 16.06 8.25 15.43 15.94 8.58 8.06 6.62 14.62 13.39 12.65 2.63 4.94 1.57 2.75 3.13 3.21 3.46 8.05
31.97 28.17 29.44 25.93 25.68 25.19 22.53 22.55 27.03 15.22 16.58 18.75 17.75 25.81 17.40 16.00 20.28 19.91 22.23 25.01 22.35 19.89 16.00 13.69 12.86 6.66 5.95 8.95 13.60 19.88 18.19 12.60 19.32 18.51 10.68 10.46 11.11 12.87 13.93 23.09 23.58 21.40 19.67 12.80 13.11 13.42 13.75 12.74 22.09 22.73 13.95 10.97 19.45 20.10 20.63 20.57 9.42 18.64 18.01 17.75 16.97 5.61 15.03 16.27 7.89 6.70 5.57 6.64 7.38 5.10 5.85 13.20 8.44 4.38 1.63 2.28 2.28 2.99 5.55 7.03
32.85 29.85 27.26 24.92 29.34 26.44 23.04 24.15 22.87 15.76 17.35 18.57 16.54 26.45 23.26 20.45 19.73 23.44 17.29 19.00 19.97 18.01 15.24 13.80 13.29 3.28 4.77 8.06 11.40 18.32 17.12 10.21 15.52 20.65 11.32 10.40 9.76 8.05 19.84 22.05 24.24 22.97 20.42 11.63 9.31 13.45 10.07 21.23 21.87 22.92 12.07 13.11 13.67 21.03 20.73 20.46 19.97 10.53 18.73 18.28 17.46 16.54 16.37 16.66 3.53 5.92 4.38 6.06 5.34 4.19 14.23 6.87 6.96 4.55 2.05 3.36 2.78 1.70 6.49 10.94
34.16 28.64 25.68 26.84 30.11 25.20 18.34 17.47 16.72 16.63 17.81 18.13 15.60 28.97 25.14 22.36 20.40 24.43 16.36 17.46 16.66 15.33 14.31 11.57 9.44 4.44 4.11 6.67 9.35 12.51 9.29 11.86 17.70 19.49 17.24 9.61 11.01 7.77 9.03 20.63 23.87 24.19 22.30 10.47 12.45 12.53 8.42 21.87 12.94 13.70 11.21 12.93 17.59 21.58 21.54 21.11 20.18 19.48 19.11 9.91 8.03 8.90 17.54 17.15 2.92 16.00 4.90 6.19 4.81 4.70 4.67 4.71 4.73 11.61 10.48 3.91 4.51 3.94 2.23 6.14
34.05 27.50 26.88 31.22 29.91 30.15 25.32 24.05 17.21 17.22 17.99 17.84 15.35 24.17 28.34 22.09 21.74 14.63 14.87 15.58 13.71 12.41 12.22 15.15 7.63 2.03 3.92 5.61 7.77 7.87 7.74 9.90 16.62 18.87 18.74 9.31 11.61 9.61 19.47 20.69 23.56 24.79 23.58 10.14 14.14 12.76 10.40 9.88 13.07 23.45 12.42 12.45 22.52 12.04 13.24 21.43 13.13 12.81 19.96 10.12 9.81 10.23 9.71 18.55 5.14 4.39 4.09 5.02 3.46 2.36 2.78 2.10 2.67 8.37 11.53 10.80 11.09 11.06 10.79 5.91
28.33 26.74 32.34 32.85 28.31 29.19 26.86 24.68 16.87 16.89 17.44 25.13 15.10 13.29 27.90 20.55 23.37 13.50 13.18 13.33 11.77 10.66 10.03 11.50 2.50 14.49 16.34 10.91 9.70 7.95 18.82 10.81 14.40 18.01 16.97 9.93 9.90 10.05 21.39 22.20 24.04 13.81 24.73 8.76 14.92 13.39 12.56 10.41 14.39 14.30 13.92 11.06 22.69 21.75 13.02 21.40 13.23 13.87 10.29 10.95 7.09 11.59 11.18 9.35 7.44 8.76 6.75 5.28 5.11 3.40 0.42 2.18 1.88 1.80 5.72 7.44 5.34 7.51 11.56 9.33
27.35 26.01 32.38 32.76 27.56 27.64 26.03 24.62 16.63 16.57 17.26 25.80 15.02 12.60 28.43 14.42 24.48 12.56 11.69 11.30 10.07 9.46 18.76 5.37 12.40 14.45 16.45 8.39 11.71 9.17 8.05 11.76 12.76 16.64 17.09 14.58 8.34 10.36 22.86 23.62 24.12 17.12 25.25 14.91 13.49 16.93 15.51 16.12 23.61 23.45 14.87 12.60 22.75 21.78 21.35 11.48 21.31 14.29 20.76 20.56 9.99 8.24 20.17 8.23 6.51 6.74 9.38 7.78 9.39 8.41 8.78 2.59 11.07 11.66 12.15 2.89 3.30 3.01 6.60 12.63
25.50 24.82 30.99 31.66 27.61 26.95 25.75 26.76 16.52 16.81 17.78 17.00 13.72 11.95 12.77 23.44 24.20 11.25 10.32 9.77 8.51 8.06 13.89 5.65 11.93 14.39 6.73 9.64 8.61 8.32 11.41 13.65 13.35 14.44 16.16 12.66 7.97 10.01 23.22 12.13 16.09 13.21 24.93 14.63 11.01 14.77 15.76 23.35 23.47 23.28 23.22 23.15 19.23 19.84 17.94 13.43 13.33 14.01 11.62 20.81 8.89 12.65 8.63 11.19 4.86 16.84 5.47 8.74 9.07 8.00 6.26 7.84 10.84 11.87 1.24 3.36 2.81 2.26 3.41 8.37
30.07 24.58 30.28 32.53 32.06 31.49 25.76 25.08 27.14 15.61 16.43 28.94 11.90 25.83 11.31 26.78 11.53 23.36 9.01 8.49 7.28 13.79 11.77 10.02 11.11 13.82 14.25 11.26 6.09 7.06 15.89 15.89 15.30 14.89 14.01 9.19 6.50 13.16 11.94 22.66 13.78 11.58 23.71 22.50 22.18 15.80 16.24 16.31 23.63 23.72 23.73 23.47 18.08 23.10 22.74 13.67 13.40 14.37 10.51 12.36 9.50 6.55 12.28 12.10 6.29 15.69 14.39 5.12 7.95 8.44 6.64 6.94 11.53 11.70 2.32 4.48 6.62 6.55 8.30 8.55
29.92 20.32 20.20 19.54 29.71 31.30 24.16 14.56 25.21 13.88 27.77 27.15 10.81 25.27 23.34 25.04 22.81 15.66 8.03 7.54 6.73 13.56 9.72 8.72 10.45 12.92 12.94 10.27 9.74 10.13 13.30 14.27 13.26 9.43 6.73 12.00 19.89 20.48 21.38 21.32 20.46 20.99 22.05 21.93 21.45 15.72 15.42 23.49 23.72 24.01 24.54 12.97 15.99 23.43 22.47 21.68 16.77 15.34 12.02 12.14 10.24 10.44 12.81 13.67 11.12 4.05 3.66 6.98 8.59 10.00 9.02 6.94 11.81 11.55 2.56 2.80 4.01 6.56 9.11 7.27
20.46 20.77 20.57 19.11 33.17 31.25 24.16 14.33 13.83 13.71 13.74 27.11 25.57 23.00 23.38 24.10 21.05 19.62 7.58 6.94 6.51 11.13 13.26 10.57 10.40 12.47 11.13 12.76 14.16 12.20 9.66 12.88 7.11 4.74 17.54 18.23 18.85 19.62 21.02 21.30 19.93 19.70 20.88 21.95 22.07 21.88 22.12 22.54 23.01 23.45 23.96 14.90 17.19 23.07 22.18 21.29 18.56 20.27 15.83 11.66 11.15 7.39 12.24 17.24 16.01 13.01 7.97 6.59 9.70 9.20 9.48 7.39 11.39 1.70 0.63 2.86 10.64 1.94 7.17 6.07
26.15 20.25 32.49 17.83 31.67 29.29 14.83 20.77 14.30 18.22 25.71 25.46 23.51 23.41 22.52 22.94 24.35 20.04 7.78 6.21 5.49 18.35 12.49 8.96 10.62 12.43 13.13 13.32 11.90 5.55 15.30 8.22 3.82 6.75 16.48 17.41 18.21 18.70 19.70 20.87 20.82 20.47 20.62 21.17 21.66 21.65 21.42 21.46 21.82 22.17 22.19 21.84 21.54 21.61 21.55 20.98 20.11 19.37 18.90 18.72 8.78 12.35 14.27 16.02 15.41 14.91 14.24 9.60 8.90 8.59 8.75 7.09 1.31 1.66 2.90 4.26 8.41 7.49 6.56 7.19
18.88 18.58 32.78 30.27 30.28 28.98 14.66 21.82 21.21 24.33 22.90 27.82 24.67 22.53 23.39 21.37 24.21 19.69 7.91 5.31 4.08 13.15 7.35 8.98 11.04 11.71 16.01 12.77 10.22 0.80 3.25 3.33 4.43 14.91 15.52 16.21 16.82 17.32 18.23 19.58 20.00 20.06 20.28 20.51 21.02 21.47 21.50 21.31 21.35 21.47 21.22 20.67 20.25 20.28 20.32 19.89 19.25 18.74 18.29 17.82 15.73 13.89 15.86 15.34 13.65 14.24 12.81 11.52 10.96 9.54 8.76 6.62 5.57 6.51 6.59 2.98 6.75 6.34 5.61 6.67
19.47 18.66 32.40 30.61 28.55 26.01 24.34 14.82 23.46 27.37 13.24 25.36 23.98 25.61 9.66 24.88 21.18 21.39 7.20 18.23 4.26 5.66 7.19 9.24 11.01 16.02 9.31 11.77 2.21 10.83 2.04 11.70 12.97 13.83 14.42 15.08 15.63 16.34 17.78 18.85 18.82 18.87 19.22 19.59 20.04 20.65 21.09 21.09 21.00 21.13 21.06 20.65 20.29 20.00 19.68 19.18 18.62 18.07 17.56 16.90 16.09 15.57 15.30 14.96 14.46 13.79 12.85 11.84 11.13 10.61 9.79 8.78 8.08 6.15 3.43 5.96 5.56 5.20 4.70 6.75
20.48 19.54 17.86 29.77 30.69 15.16 23.60 15.59 15.09 14.64 26.12 21.20 24.12 24.51 10.66 10.08 26.08 19.39 18.39 17.99 5.51 6.75 7.89 8.69 13.63 16.06 13.02 9.41 5.89 5.10 1.50 11.33 12.24 13.04 13.57 14.14 14.86 15.68 17.00 18.49 18.78 18.09 17.89 18.51 19.28 19.89 20.36 20.54 20.43 20.28 20.19 20.05 20.05 19.85 19.35 18.81 18.26 17.67 17.00 16.17 15.19 14.41 14.09 13.94 13.62 13.16 12.64 11.93 11.13 14.79 9.37 8.56 8.14 7.87 7.09 10.04 6.63 4.17 3.88 6.80
18.40 30.03 16.86 29.78 26.05 16.13 28.58 15.46 15.25 29.82 28.96 13.82 24.75 26.65 12.17 23.23 24.60 23.91 20.10 7.28 7.28 12.18 7.80 6.86 6.22 14.53 9.10 8.17 10.11 7.04 0.99 2.68 11.83 12.26 12.69 13.09 13.89 14.70 15.59 17.37 17.84 16.25 16.08 17.06 17.92 18.61 19.18 19.63 19.87 19.59 19.20 19.14 19.17 19.01 18.53 18.04 17.61 17.02 16.29 15.38 14.37 13.58 13.16 12.98 12.88 12.63 12.28 11.89 11.29 10.40 9.47 8.79 8.09 7.97 7.54 7.23 8.84 7.53 3.27 2.78
15.76 28.91 14.79 32.18 15.03 22.48 29.74 22.17 31.94 14.47 14.31 15.55 25.43 14.39 23.11 10.83 21.14 20.29 20.09 7.75 7.26 6.88 5.69 20.00 12.77 9.70 8.07 11.25 11.82 6.88 9.98 10.38 10.99 11.33 11.69 12.00 12.62 13.58 14.55 15.93 15.62 13.79 14.42 15.70 16.59 17.24 17.86 18.50 19.05 19.24 18.93 18.56 18.46 18.33 17.84 17.30 16.86 16.38 15.66 14.64 13.62 12.92 12.54 19.10 12.08 11.95 11.76 11.45 10.87 10.01 9.08 8.17 7.11 5.87 4.37 7.68 7.96 8.60 3.35 3.07
16.91 15.61 13.83 30.03 15.21 28.05 29.95 15.73 14.96 32.64 12.81 28.19 24.27 26.82 26.87 25.10 20.50 19.53 19.17 22.78 5.71 4.84 3.66 3.96 5.76 6.64 10.68 12.59 11.92 6.20 9.19 9.33 9.84 10.37 10.71 10.87 11.20 11.80 12.27 13.44 13.86 13.51 14.33 15.09 16.02 16.77 17.29 17.76 18.18 18.65 18.57 17.80 17.48 17.69 17.46 16.93 16.47 16.04 15.40 14.31 13.21 12.51 12.22 11.98 11.66 11.30 10.93 10.44 9.73 8.81 7.81 6.83 10.05 9.89 9.91 8.87 8.56 9.46 10.83 8.24
16.63 16.00 15.27 14.42 16.09 26.02 16.18 28.11 27.80 30.68 11.93 29.98 28.95 28.43 26.10 18.91 9.70 22.15 20.43 18.55 5.02 16.89 10.30 5.27 6.22 5.55 11.25 13.05 8.75 7.67 8.30 8.24 8.76 9.53 9.91 9.94 10.03 9.87 9.57 11.19 13.24 14.33 14.69 14.76 15.30 16.03 16.68 17.04 17.40 18.03 18.13 17.41 16.86 16.84 16.68 16.25 15.88 15.61 15.08 13.94 12.75 12.07 11.84 11.49 10.85 10.15 15.53 14.92 13.44 13.97 13.17 12.58 11.86 10.50 8.61 8.48 8.99 8.88 9.93 9.63
16.49 16.62 16.99 16.31 29.25 15.76 33.35 30.60 27.19 14.13 13.73 22.34 12.54 26.54 27.58 20.24 10.43 21.79 9.13 16.74 19.74 4.39 10.15 3.86 14.03 11.90 12.04 12.93 6.02 7.01 7.15 5.30 8.22 8.86 9.29 9.50 9.59 9.52 9.47 10.85 12.89 13.95 14.28 14.37 14.56 15.02 15.67 16.14 16.48 16.92 17.28 17.45 17.23 16.69 16.04 15.39 14.99 14.89 14.48 13.29 12.00 11.17 16.84 10.01 9.34 14.58 14.88 13.87 11.95 11.64 11.32 11.15 10.16 10.19 9.76 9.22 9.36 10.83 9.59 9.51
15.54 14.97 14.33 14.44 15.09 27.79 14.92 28.72 30.50 14.74 15.39 15.93 24.72 28.80 13.39 23.15 22.61 22.80 9.44 22.15 6.93 12.94 10.82 6.37 16.41 11.85 13.04 15.10 9.68 8.06 12.27 7.06 7.77 8.04 8.55 8.98 9.34 9.93 10.56 11.45 12.53 13.24 13.63 14.01 14.28 14.51 15.00 15.56 15.74 15.56 15.78 16.48 16.77 16.35 15.53 14.59 13.98 13.77 13.38 12.35 11.09 10.24 9.58 8.95 8.33 14.72 14.18 12.56 5.57 4.66 10.28 9.96 9.74 9.35 9.67 9.84 9.49 9.92 10.46 11.82
