examples/cougarCreek-fire/createInputs/farsite/7a-cougarCreek-polygonIgnit/cougarCreekFire_08-13-2015_1100_217m_non_neutral_stability_vel.asc
ncols	146
nrows	140
xllcorner	610065.000000
yllcorner	5095217.000000
cellsize	216.586807
NODATA_value	-9999.000000
[rows 105 to 139 of 140, columns 0 to 79 of 146]
14.95 13.46 12.78 13.35 13.58 13.13 33.84 14.01 15.91 20.37 16.34 17.57 16.50 30.05 15.49 14.71 23.70 22.84 9.15 22.44 19.76 7.36 6.80 19.35 19.94 4.36 9.93 4.17 11.51 8.98 5.16 6.14 6.72 7.06 7.65 8.34 9.11 10.02 10.80 11.43 12.01 12.54 13.01 13.57 13.94 14.02 14.24 14.83 15.28 15.10 14.92 15.42 15.93 15.56 14.27 12.84 12.29 12.33 12.04 11.24 10.07 9.13 8.76 8.49 12.93 12.75 12.33 5.27 4.69 4.04 3.11 10.13 10.06 9.96 9.76 9.85 10.12 10.01 9.76 9.96
14.64 14.62 14.86 15.28 15.58 16.36 16.66 15.47 32.04 16.12 23.76 16.60 31.45 22.25 15.11 13.47 25.43 23.39 9.86 21.86 20.45 15.48 14.38 6.37 6.03 13.41 5.23 3.76 14.28 3.37 3.94 4.69 5.18 5.84 6.76 7.58 8.42 9.53 10.27 10.70 11.22 11.77 12.26 12.71 13.09 13.13 13.04 13.45 14.29 14.53 14.17 14.46 15.42 15.56 13.65 10.90 10.19 10.69 10.70 10.16 9.23 8.35 8.10 8.17 7.71 6.52 5.30 4.54 4.04 3.66 3.21 2.92 3.06 10.10 10.17 10.10 9.50 9.75 9.19 9.12
14.96 15.64 16.53 17.17 17.94 19.05 19.26 18.01 16.84 16.75 24.45 32.74 32.04 14.00 33.67 27.78 11.59 11.02 10.78 9.20 17.76 14.46 7.32 20.52 6.93 5.68 18.78 19.24 2.88 3.21 3.04 3.39 3.89 4.99 5.99 6.48 9.44 9.59 8.70 9.32 10.08 10.80 11.21 11.52 11.89 12.11 11.99 12.14 12.96 13.54 13.26 12.92 13.57 14.13 13.17 10.96 9.41 9.48 9.70 9.30 8.56 7.81 7.44 7.32 6.82 5.63 12.56 11.94 11.92 11.57 11.62 11.23 10.96 10.73 10.57 10.09 9.96 10.43 10.65 11.06
14.88 15.20 16.54 17.54 18.13 18.23 18.22 18.45 17.95 35.49 14.27 30.62 14.39 30.25 29.80 26.68 25.52 23.41 21.22 21.38 18.53 9.53 12.83 19.02 17.89 19.86 16.63 15.52 3.98 13.29 1.73 2.26 12.56 4.56 4.92 8.70 5.86 6.59 6.80 7.40 8.42 9.17 9.64 10.03 10.50 9.20 11.15 11.21 11.84 12.57 12.64 12.09 11.78 12.61 13.14 12.00 10.20 9.27 9.02 8.52 7.75 6.79 6.22 6.22 6.00 12.82 12.28 11.78 11.78 11.47 11.60 4.25 11.24 11.27 11.36 11.21 11.01 11.02 11.24 11.44
15.68 15.97 17.63 17.73 17.84 17.71 17.70 18.09 17.78 17.61 15.49 15.76 30.28 31.90 31.04 30.96 11.17 25.51 23.77 22.23 18.88 17.21 16.30 24.47 15.24 20.80 20.93 4.63 3.33 17.62 1.22 15.17 2.80 3.27 7.87 4.34 7.23 5.58 5.53 6.02 6.72 7.39 7.86 8.32 7.71 9.58 10.05 10.39 10.91 11.46 11.65 11.38 11.49 13.06 14.01 12.90 11.07 9.64 8.55 7.54 6.59 5.44 4.96 5.51 5.70 4.76 11.85 11.97 12.45 4.52 11.52 4.66 11.50 5.42 5.77 11.49 11.24 11.27 11.49 11.25
16.89 17.34 17.88 18.48 18.27 18.62 18.86 19.26 18.65 18.21 17.32 16.87 33.21 16.82 16.19 31.15 27.46 23.05 9.03 28.47 19.45 22.46 27.10 24.46 19.36 17.31 21.91 15.66 19.03 19.18 15.58 0.36 11.27 10.68 9.16 9.24 7.73 4.58 6.14 5.28 5.49 6.05 6.49 6.41 6.00 5.35 8.88 9.34 9.87 10.03 10.04 10.12 10.96 12.73 13.58 12.92 11.44 9.76 8.25 6.89 5.81 4.90 4.92 5.91 6.19 5.21 11.39 11.38 12.20 12.10 12.14 11.76 11.53 12.26 11.86 11.07 11.20 11.07 10.92 11.78
16.74 16.42 16.31 16.69 17.60 18.90 19.79 20.00 18.35 17.34 17.85 18.23 18.43 17.42 31.44 33.22 12.41 12.07 12.32 12.71 13.14 10.80 8.52 26.11 20.95 20.87 18.44 21.43 21.31 3.51 11.83 2.89 11.20 10.46 10.54 9.38 2.51 2.75 3.47 8.57 8.33 7.79 7.08 6.04 4.71 4.38 7.98 8.28 8.71 8.78 8.72 9.00 10.33 12.20 12.85 12.61 11.51 9.56 8.08 7.07 6.23 5.71 6.00 6.95 6.89 13.71 12.73 12.40 12.17 11.78 11.99 11.08 10.44 10.72 11.23 11.78 11.89 11.56 11.54 11.87
16.22 15.64 15.31 15.68 17.91 17.75 17.40 18.09 18.06 18.77 30.99 18.55 26.56 31.98 30.59 33.33 14.72 15.30 15.51 15.01 13.27 10.76 9.81 24.74 19.12 19.11 19.64 8.25 7.76 17.43 15.64 14.84 14.65 3.32 12.52 9.52 1.01 1.12 10.21 9.33 9.48 8.29 7.66 6.81 5.58 6.46 6.98 7.42 8.08 8.48 8.87 9.86 11.85 13.49 13.67 12.89 11.05 8.94 7.84 7.43 7.04 6.79 7.13 7.71 7.37 6.56 6.40 6.39 12.93 12.80 13.11 13.02 12.64 13.02 12.60 12.74 12.49 12.69 12.31 11.92
16.32 15.93 15.74 15.94 15.80 15.61 16.75 16.49 16.53 17.42 16.79 26.29 23.67 27.35 31.30 32.49 15.44 16.62 16.66 15.31 13.23 12.65 11.16 24.44 19.65 19.39 20.51 20.81 18.95 18.84 17.62 16.31 15.02 4.48 3.43 2.28 1.26 10.76 11.34 10.77 10.28 9.52 9.38 7.78 5.86 5.72 6.79 7.69 8.94 9.75 10.74 12.41 14.15 14.97 14.45 12.77 10.38 8.50 7.83 7.95 7.90 7.83 8.07 8.10 7.65 7.20 7.03 6.86 6.80 12.92 12.86 7.61 13.21 13.13 13.24 13.27 13.35 13.24 12.45 12.40
16.40 15.90 15.45 15.69 16.57 17.60 17.69 16.74 16.97 15.24 32.00 16.75 18.45 34.62 34.20 29.79 14.79 14.52 13.58 12.32 11.37 12.01 11.56 23.04 19.89 19.88 21.07 20.34 20.20 20.98 20.20 19.62 6.57 5.29 15.95 3.56 14.21 13.19 12.40 12.60 12.18 12.14 9.41 5.35 7.21 8.79 9.26 9.59 10.64 11.53 12.88 14.44 15.51 15.83 15.00 12.93 10.45 8.95 8.51 8.58 8.56 8.47 8.47 15.28 14.81 14.48 14.09 13.98 13.61 13.76 13.87 13.68 13.64 13.56 13.33 13.69 13.27 14.22 13.76 12.22
16.40 16.03 15.99 17.23 19.43 20.94 20.81 18.92 16.56 14.70 14.40 17.14 32.98 34.85 17.62 15.96 16.01 14.69 12.92 11.62 25.34 28.33 24.19 21.78 18.90 18.48 26.50 20.66 20.56 19.79 27.57 18.77 17.65 16.61 5.33 4.98 14.98 14.65 4.79 15.01 13.99 12.71 10.89 9.89 10.86 11.67 11.20 11.08 11.81 12.89 14.34 15.66 16.47 16.60 15.50 13.51 11.48 10.24 9.62 8.91 8.42 8.46 8.66 8.54 14.24 14.64 14.55 14.45 14.34 13.68 13.84 13.60 13.50 14.41 13.52 13.48 13.33 13.10 12.66 12.15
16.49 16.38 16.97 18.92 20.50 20.05 18.93 18.40 18.18 17.35 16.43 17.86 37.76 32.22 17.76 18.04 17.11 14.99 14.54 13.32 12.68 25.90 20.97 19.50 20.39 29.26 23.83 21.51 20.81 26.70 26.68 18.35 17.68 17.63 6.57 17.57 16.55 16.90 6.80 16.81 15.49 14.73 13.91 13.95 15.06 15.74 11.92 12.11 13.21 14.62 15.98 17.06 17.51 17.11 15.72 14.09 12.95 12.04 10.95 9.39 8.44 8.64 9.02 15.35 14.66 14.53 14.44 14.25 14.32 14.14 14.74 14.28 14.67 14.47 13.87 13.73 13.24 12.97 12.40 12.16
16.48 16.35 17.16 18.97 19.28 18.29 18.09 18.68 18.88 18.57 18.01 15.87 15.72 19.15 19.19 18.49 17.57 17.03 15.94 15.13 15.03 27.64 24.05 19.88 21.69 13.47 24.25 23.93 22.56 24.69 27.85 19.00 18.84 19.00 18.24 17.43 8.66 8.33 18.62 17.69 17.27 16.18 14.85 14.79 15.64 17.26 17.23 13.47 15.02 16.35 17.49 18.23 17.94 17.06 15.81 14.59 13.87 13.12 11.84 10.35 9.38 9.37 15.59 9.84 14.75 14.85 14.75 14.46 14.58 15.37 15.32 14.88 14.87 14.42 14.03 13.25 13.92 13.92 13.53 12.96
17.66 16.51 17.67 19.25 19.59 20.12 20.43 19.91 19.54 19.99 20.94 22.18 22.96 21.35 31.06 17.56 17.36 16.42 15.92 16.04 15.67 24.51 14.57 18.46 14.55 15.84 22.93 23.79 28.73 25.30 22.32 21.83 20.53 20.48 20.68 20.63 20.93 20.53 19.19 17.52 17.72 17.06 16.66 17.43 18.96 13.50 18.82 17.41 16.57 17.54 18.58 18.68 17.70 16.89 16.29 15.40 14.34 13.25 12.11 11.07 15.58 15.48 10.14 10.05 14.89 15.27 15.08 14.74 14.83 15.32 15.08 14.32 14.41 14.03 13.92 13.60 13.96 14.02 13.77 13.18
17.02 17.41 18.79 19.99 20.68 21.61 21.32 20.36 20.82 19.78 20.48 21.75 21.65 19.67 18.50 27.42 16.32 15.92 29.90 15.61 32.03 25.00 25.62 14.97 14.58 26.84 25.67 28.11 27.59 30.26 21.92 24.52 22.92 22.27 22.37 22.05 22.01 21.38 18.83 17.41 17.75 18.22 18.10 18.91 18.54 18.31 17.97 19.09 20.63 18.36 19.42 19.03 17.97 17.45 17.01 16.03 14.54 13.15 16.91 16.31 15.61 15.27 15.64 15.05 15.03 15.25 15.39 14.90 14.44 14.71 15.22 15.16 14.85 14.08 13.82 13.78 14.61 14.66 15.59 13.21
17.74 18.94 20.52 21.17 22.26 22.98 21.43 19.77 19.15 20.52 18.38 18.21 17.17 16.45 16.47 18.02 29.52 28.11 26.38 29.43 29.83 14.50 25.53 26.50 24.56 23.65 29.27 30.15 22.53 20.47 23.51 14.35 24.79 23.40 24.09 24.05 23.69 21.51 19.18 18.64 19.62 20.81 19.30 18.24 17.69 17.27 18.48 20.71 20.93 21.10 22.02 19.55 18.73 18.11 17.15 15.71 18.54 17.47 16.61 15.71 15.16 15.41 15.16 15.24 15.30 15.28 15.25 16.14 14.94 14.41 15.31 14.96 14.52 14.56 14.58 14.83 14.75 14.16 13.73 16.77
18.37 20.15 21.42 21.68 23.57 23.36 20.11 18.11 18.03 19.21 18.45 18.39 17.61 17.06 16.91 15.95 29.51 27.77 23.95 29.32 27.92 25.41 21.85 25.41 27.73 29.74 30.34 27.82 26.13 15.60 33.62 25.61 25.72 24.96 25.73 25.83 23.61 21.93 21.26 19.85 22.59 21.81 19.65 17.78 17.32 18.29 20.46 21.91 21.68 21.57 22.23 22.13 21.76 21.31 20.29 19.00 17.91 16.97 16.17 15.48 14.89 15.05 15.47 15.42 10.35 10.49 15.31 15.98 14.87 14.42 14.32 14.97 15.03 15.08 14.20 14.64 13.71 14.00 13.35 14.55
19.01 20.86 21.39 22.03 22.30 20.42 18.63 16.56 17.83 18.98 21.45 19.69 19.05 18.55 18.65 18.68 17.34 27.94 17.45 36.19 29.29 28.94 27.59 28.50 17.11 15.95 34.67 25.94 22.67 16.32 29.63 25.85 27.29 27.40 27.71 26.90 24.48 23.53 23.15 23.05 24.78 22.62 19.28 19.00 19.31 21.12 23.43 23.28 22.49 21.82 22.09 22.29 22.15 21.57 20.26 19.00 17.97 16.93 15.79 15.44 14.82 15.25 15.56 15.93 10.41 10.29 15.68 15.87 15.69 14.72 13.96 13.72 14.32 14.48 14.33 14.72 14.36 14.03 14.02 14.73
20.53 21.20 21.17 20.15 21.20 19.91 17.95 16.50 18.49 20.05 21.78 20.03 19.28 18.96 19.50 19.79 19.47 27.43 22.74 36.12 31.20 30.99 30.79 31.00 18.73 18.91 31.88 18.84 19.37 19.73 21.62 30.70 30.50 28.81 28.48 26.94 25.45 25.40 24.90 24.58 24.37 22.00 21.02 21.34 22.06 23.78 24.83 23.41 22.58 22.01 22.18 22.76 22.80 21.63 20.17 18.68 17.55 16.60 15.62 15.39 14.95 14.92 14.73 15.29 14.80 9.62 9.69 15.42 15.23 15.46 15.27 15.08 15.27 15.10 15.26 15.07 14.24 13.54 14.37 13.93
20.74 20.56 20.28 20.38 19.59 20.62 19.68 18.28 20.22 21.11 20.36 22.15 19.92 19.77 19.50 18.89 19.79 20.36 25.30 21.62 31.56 30.89 31.83 32.01 20.19 21.41 20.70 21.09 21.25 21.24 20.70 32.89 31.34 28.35 28.68 26.84 24.99 24.36 23.95 23.62 23.41 22.20 21.96 22.84 24.45 25.31 24.63 23.40 22.84 22.99 23.04 23.28 22.08 20.77 19.58 18.34 17.23 16.16 15.34 15.23 14.94 14.73 14.97 14.45 14.22 9.16 9.31 14.87 15.47 15.57 15.95 16.34 16.22 15.95 15.63 14.62 14.11 13.63 14.08 13.56
20.75 20.19 19.44 20.17 21.26 21.03 20.93 20.21 21.91 22.37 21.39 21.11 21.08 20.77 20.28 19.49 19.52 20.69 21.18 23.76 20.80 32.63 32.43 31.59 31.99 31.25 22.27 22.71 36.66 23.37 22.52 32.50 30.85 30.46 26.74 24.98 25.02 23.72 22.93 22.37 22.95 21.77 22.01 23.92 24.86 24.41 24.17 23.88 23.35 23.38 22.67 22.15 20.64 18.86 18.13 17.05 16.42 15.83 15.21 15.30 15.60 15.22 15.15 14.69 15.17 15.22 14.92 14.45 14.44 11.04 16.21 16.32 15.63 14.85 14.80 14.69 13.90 13.32 13.75 13.26
21.23 20.88 20.08 20.64 21.77 21.65 21.96 22.81 23.29 23.24 22.36 21.73 21.26 20.87 21.01 21.15 21.07 42.32 20.57 35.42 27.82 36.70 33.13 29.54 22.36 30.55 33.92 35.49 33.72 34.06 23.09 22.73 33.44 29.34 26.63 25.79 26.64 25.32 24.77 25.83 24.07 22.70 23.57 24.42 23.96 23.95 24.44 24.25 22.76 21.74 20.50 19.59 18.17 16.82 16.13 15.71 15.62 10.67 10.56 10.80 11.16 11.05 10.75 10.74 11.17 11.42 15.61 11.44 11.83 11.97 16.32 15.99 14.90 14.06 8.68 13.69 13.74 12.63 13.02 12.21
20.81 21.15 21.73 22.76 24.51 24.71 24.21 24.52 25.92 22.86 21.44 20.89 23.68 21.36 21.93 22.31 21.88 22.80 32.99 34.26 34.57 38.35 32.32 31.88 26.12 34.47 39.89 40.82 24.25 24.00 32.84 37.87 33.29 30.01 27.16 25.09 25.92 26.33 26.14 25.48 24.04 22.74 24.03 23.77 23.50 24.80 25.02 23.25 21.04 19.36 18.48 17.53 16.24 11.92 11.54 11.60 11.66 11.67 11.87 12.16 12.30 12.22 12.18 12.31 12.48 12.59 13.09 13.36 11.19 8.98 14.22 13.90 13.74 13.45 12.69 14.34 13.35 12.43 12.47 12.10
22.33 22.26 22.38 23.58 24.93 22.78 22.06 23.57 23.33 22.15 19.86 20.59 21.18 22.04 22.38 21.81 20.61 21.93 21.81 33.96 40.14 34.61 34.94 36.88 38.27 38.08 39.16 26.73 25.19 22.95 33.91 34.82 33.75 29.12 26.51 26.83 28.10 29.56 27.33 25.35 23.42 22.17 22.82 23.51 24.23 25.49 24.83 22.42 18.66 17.74 16.69 15.54 14.57 13.86 13.37 13.08 12.92 12.95 13.14 13.25 13.39 13.51 13.55 13.52 13.33 13.10 13.05 17.18 14.87 5.57 6.02 12.93 13.15 13.21 13.08 14.38 13.10 12.22 11.55 11.90
24.58 23.59 22.97 24.32 23.84 22.76 22.40 21.80 21.57 20.52 20.01 21.68 21.74 24.66 21.19 20.24 19.46 20.14 22.10 22.87 41.51 35.33 37.05 43.98 45.00 44.32 41.00 29.43 26.16 24.51 37.15 33.14 31.68 27.84 23.57 27.28 29.53 28.15 26.72 25.81 24.09 25.10 26.04 26.63 26.48 25.37 23.65 21.82 20.32 19.29 18.72 18.21 17.43 16.54 15.66 14.77 14.01 13.46 13.33 13.85 14.78 15.37 15.24 14.76 14.20 13.56 12.63 10.98 8.76 6.79 6.63 7.68 7.87 12.80 13.34 13.75 13.54 12.46 12.11 11.56
27.47 25.95 23.30 23.18 24.14 23.26 22.92 22.45 21.73 20.46 21.42 23.34 23.94 23.07 22.50 20.13 22.50 20.87 22.38 24.37 25.40 39.15 37.65 44.94 45.24 38.63 46.54 38.10 26.80 38.29 36.68 35.10 33.75 30.14 25.37 25.56 28.65 28.81 26.26 26.79 27.73 29.02 29.94 29.93 29.09 27.74 26.05 24.15 22.63 21.67 21.05 20.30 19.32 18.35 17.47 16.60 15.61 14.56 14.07 15.31 17.13 17.51 16.70 15.72 14.87 13.98 12.90 11.76 10.70 9.57 8.72 8.57 12.93 8.23 12.82 13.36 13.37 12.97 12.54 12.16
30.23 27.39 24.15 23.67 22.77 22.61 23.01 22.78 22.63 22.99 22.97 22.59 24.51 23.63 23.73 21.74 21.98 23.66 24.64 26.43 27.13 27.02 40.51 45.47 42.89 45.41 38.30 36.71 25.08 39.28 36.25 34.32 34.32 30.66 30.18 30.86 30.78 27.48 29.52 31.12 32.39 33.30 33.23 32.28 30.93 31.70 29.92 25.82 25.10 24.21 22.98 21.77 20.82 20.24 19.73 19.09 18.44 17.95 17.95 18.90 19.96 19.18 17.15 15.74 14.87 13.95 12.94 11.95 10.99 10.07 9.43 8.94 8.72 12.39 12.32 13.19 12.60 12.10 12.01 12.12
32.66 29.10 24.44 23.30 21.94 22.39 22.35 22.36 23.43 23.74 24.19 22.95 24.52 24.74 23.86 27.54 23.91 24.99 26.47 27.48 27.91 28.29 28.26 48.23 40.02 43.89 42.08 46.06 43.04 36.99 34.96 34.61 33.27 29.15 23.15 22.79 26.03 30.83 34.14 35.76 36.13 37.45 36.30 34.55 33.62 32.56 27.95 27.03 26.26 24.70 23.17 22.30 21.88 21.86 21.90 21.71 21.56 21.65 21.76 21.33 20.50 18.86 16.59 14.90 13.80 12.82 12.20 11.44 10.82 10.24 9.73 9.41 9.15 8.95 8.72 8.44 12.41 7.87 11.79 7.70
35.03 30.39 24.59 22.91 21.56 21.46 21.81 23.19 22.86 23.31 23.60 23.95 23.85 24.68 24.45 24.93 25.37 37.76 26.87 27.55 28.20 28.94 29.34 47.44 42.10 32.51 43.89 42.51 40.10 37.15 37.62 36.21 26.74 25.36 27.79 32.10 37.13 40.06 39.88 42.53 40.24 38.33 35.53 31.97 33.50 32.76 28.15 27.14 25.69 23.80 22.51 22.21 22.40 22.79 23.30 23.65 23.57 23.11 21.84 19.73 18.05 16.92 15.71 14.33 12.74 11.62 11.14 10.76 10.30 9.95 9.63 9.38 13.56 13.21 12.83 11.98 8.52 11.98 10.99 10.73
35.94 30.37 23.91 21.74 19.81 20.35 20.06 21.79 23.46 24.20 24.39 24.75 24.83 25.78 25.54 26.77 26.47 28.81 27.57 28.31 29.27 30.02 30.57 31.34 44.47 33.10 32.35 46.50 42.63 41.71 40.30 29.25 29.16 34.63 41.74 45.84 47.08 46.26 43.43 47.64 40.32 36.73 32.83 32.38 31.45 29.93 28.42 26.99 25.45 23.98 22.92 22.22 22.20 23.07 23.79 23.90 23.11 21.19 18.55 16.15 15.22 15.18 14.88 13.91 12.52 11.33 10.72 15.02 10.19 9.87 9.42 8.80 12.24 13.44 13.22 13.13 13.16 8.44 12.85 11.83
35.63 29.75 23.70 20.68 16.99 17.12 19.17 23.54 26.28 25.54 24.92 25.33 26.27 26.92 27.32 28.01 27.36 28.12 28.91 29.94 31.14 31.59 31.49 31.20 45.29 45.01 32.60 47.51 43.02 40.59 31.75 32.52 37.90 46.10 51.15 50.45 47.56 44.04 39.78 45.36 38.61 33.70 33.34 32.82 34.49 30.02 28.37 26.92 25.73 24.60 23.35 22.03 21.78 22.83 23.09 21.98 20.08 17.40 14.94 13.78 13.70 13.87 13.70 13.22 12.42 11.47 10.71 10.34 10.11 9.81 9.32 11.31 10.66 10.90 8.17 12.60 13.04 7.73 12.41 7.94
33.67 29.62 22.96 19.96 16.02 18.94 26.31 29.71 28.34 25.89 25.35 25.94 26.13 26.60 28.52 29.10 29.69 28.95 29.76 30.69 31.44 43.41 31.25 31.00 30.75 34.14 43.96 45.00 44.26 35.72 36.93 41.49 47.06 50.53 49.08 45.21 41.29 37.51 34.14 40.91 33.26 33.73 33.65 32.76 34.17 29.42 27.87 26.48 25.19 23.80 23.12 23.24 23.08 23.03 21.84 19.44 16.93 14.63 13.14 12.68 12.61 12.49 12.35 12.12 11.74 11.26 10.73 10.14 9.61 9.22 11.58 11.71 11.32 10.95 10.46 10.96 12.04 12.03 12.43 11.43
29.14 27.78 23.73 18.11 17.99 21.55 28.80 29.00 25.62 24.41 24.99 26.06 27.75 27.28 29.28 29.80 30.87 29.72 30.29 32.92 30.75 30.73 30.74 31.07 31.82 32.28 34.68 48.69 44.54 38.63 42.62 46.99 48.33 46.01 41.42 36.83 32.45 29.44 28.84 35.91 33.99 33.57 33.49 32.19 30.48 28.88 27.64 26.54 25.26 23.86 24.21 25.48 24.74 23.19 20.90 17.88 15.26 13.31 12.17 11.67 11.49 11.38 11.19 10.97 10.66 10.31 9.90 9.35 8.78 8.41 7.94 7.61 12.33 12.34 10.04 10.34 10.86 10.61 12.42 11.63
24.91 24.84 23.03 16.94 18.43 22.35 26.64 25.03 22.33 22.67 24.42 26.21 27.29 28.14 28.81 30.77 29.85 32.33 30.61 32.17 30.96 31.03 30.95 31.40 32.39 33.46 35.44 36.49 46.44 40.10 41.93 42.30 40.16 36.18 31.80 26.56 23.13 22.03 34.93 32.21 32.91 34.16 34.46 33.05 30.24 28.98 28.37 28.12 27.57 26.75 26.26 25.33 23.40 21.44 19.08 16.56 14.23 12.47 11.40 10.87 10.60 10.37 10.12 9.89 9.53 9.02 8.51 8.05 11.01 7.07 11.69 11.04 11.69 11.55 11.08 10.15 10.57 9.55 10.27 12.13
24.33 23.22 21.58 17.04 19.57 22.76 25.07 23.19 21.16 22.19 24.53 26.52 27.80 28.69 29.32 29.81 30.11 30.40 30.69 30.92 31.33 31.47 31.39 31.85 32.77 33.97 36.05 38.51 49.78 39.91 38.89 35.99 40.07 30.56 26.55 22.66 18.03 18.15 29.14 31.15 34.01 34.81 33.63 31.73 29.99 29.19 28.97 29.20 29.29 28.67 26.92 24.10 21.49 19.66 17.39 15.31 13.52 11.73 10.75 10.30 9.95 9.62 9.30 9.12 8.76 8.18 7.67 7.15 6.56 9.58 9.21 9.07 5.55 11.08 8.98 9.33 9.77 9.73 9.90 6.69
