examples/cougarCreek-fire/createInputs/farsite/7a-cougarCreek-polygonIgnit/cougarCreekFire_08-12-2015_1700_217m_non_neutral_stability_vel.asc
ncols	146
nrows	140
xllcorner	610065.000000
yllcorner	5095217.000000
cellsize	216.586807
NODATA_value	-9999.000000
[rows 105 to 139 of 140, columns 0 to 79 of 146]
8.31 8.27 8.28 8.41 8.46 8.47 8.63 8.66 8.57 8.76 8.84 8.94 9.13 8.85 8.92 9.08 9.01 9.02 8.66 14.23 8.89 8.90 9.03 9.14 13.90 9.07 9.17 15.04 13.67 13.92 14.79 13.56 13.63 13.84 13.74 14.71 13.51 8.41 8.39 9.24 10.30 12.57 11.06 8.77 8.19 7.28 8.20 8.18 6.88 6.72 7.99 7.70 7.42 7.21 7.12 9.10 6.89 6.92 6.96 7.02 10.33 10.83 11.15 12.31 14.65 14.71 14.91 13.78 15.25 14.28 14.32 14.24 14.16 8.52 8.56 8.60 8.66 8.74 8.87 8.87
8.27 8.33 8.54 8.68 8.71 8.82 8.90 8.70 8.58 8.71 8.84 9.11 9.05 8.80 9.08 8.95 8.68 8.95 8.59 8.54 8.50 8.62 8.84 14.27 8.95 8.95 13.83 14.94 13.64 13.57 13.89 13.76 13.99 13.81 14.03 14.16 11.44 8.45 8.49 11.82 8.39 12.42 11.23 8.19 9.20 8.78 8.33 7.65 8.25 6.78 8.22 7.91 7.55 7.32 7.19 7.76 6.76 6.77 6.76 6.80 10.25 11.38 13.78 13.01 13.31 13.43 13.59 14.85 13.84 13.96 14.37 14.40 14.39 13.88 8.29 8.33 13.82 13.64 8.51 8.68
8.36 8.46 8.71 8.76 8.98 9.08 9.04 8.87 8.71 8.76 8.87 8.97 8.78 8.80 8.97 8.90 8.63 8.87 8.48 8.43 8.38 8.43 8.59 13.28 12.92 8.82 13.89 14.19 12.67 13.00 12.71 14.52 14.44 13.75 13.70 12.28 8.44 8.52 8.53 13.85 12.38 12.12 10.14 9.63 9.63 9.40 8.13 8.17 9.15 10.33 10.71 9.03 6.57 5.34 6.39 8.13 7.41 6.68 6.67 8.81 11.05 12.75 11.71 11.26 7.06 12.10 13.96 14.10 12.87 13.17 13.39 13.57 14.04 14.03 13.40 8.11 8.15 8.25 8.41 13.78
8.40 8.46 8.66 8.87 9.15 9.33 9.25 8.95 8.89 8.65 8.62 8.63 8.66 8.85 8.81 8.85 8.54 8.44 8.40 8.70 8.38 8.56 8.69 8.78 8.76 12.46 13.45 13.05 12.88 13.85 13.69 14.71 14.43 13.17 11.90 8.43 8.52 10.08 14.07 13.87 12.38 10.25 9.83 9.69 9.17 8.12 9.04 9.52 9.61 10.84 11.88 10.10 8.87 10.45 15.06 11.89 7.86 6.68 7.56 9.51 12.25 11.34 10.89 6.68 9.81 11.73 12.64 13.01 13.14 13.15 14.08 13.29 13.74 13.70 13.66 13.63 13.44 13.51 13.55 13.51
8.50 8.61 8.73 8.88 9.00 9.17 9.21 8.92 8.81 8.43 8.45 8.54 8.71 8.81 8.75 8.85 8.33 8.23 8.22 8.28 8.46 8.67 8.91 13.70 12.79 13.51 13.40 12.68 13.78 14.15 13.98 14.22 13.75 12.11 8.36 8.38 8.43 13.04 14.09 13.79 11.56 10.45 10.81 10.25 9.50 9.07 8.15 8.10 8.13 8.18 8.04 9.57 9.87 12.45 6.94 13.29 7.74 6.89 8.20 9.30 11.22 10.47 9.12 6.55 8.79 11.13 11.77 12.68 12.79 13.31 13.02 13.41 13.42 13.33 13.12 13.44 13.34 13.04 8.02 13.31
8.94 8.94 8.84 8.89 9.03 9.06 8.70 9.06 8.90 8.49 8.49 8.63 8.80 8.77 8.74 8.86 8.19 8.33 8.17 8.30 8.51 8.68 13.60 8.81 8.69 13.26 13.44 13.00 14.03 13.78 13.37 13.16 11.05 8.26 8.32 8.33 11.42 14.11 13.55 11.89 11.36 11.57 10.78 10.50 10.34 10.23 9.32 8.20 7.54 8.29 7.45 6.83 7.16 6.73 7.05 6.98 5.47 7.38 9.72 10.47 11.63 9.60 9.30 6.40 10.55 11.49 12.51 11.24 12.07 12.41 12.51 12.42 12.00 12.25 12.56 13.08 12.80 7.66 7.81 7.97
8.87 9.20 8.76 8.78 8.94 9.27 9.29 9.47 9.15 8.39 8.57 8.72 8.80 8.80 8.86 8.79 8.14 8.26 8.41 8.46 8.89 8.82 8.66 8.50 8.43 8.46 8.54 8.51 13.45 12.85 8.28 8.21 8.25 8.31 8.32 8.32 13.94 13.49 12.57 11.39 8.11 10.65 11.22 11.26 11.47 11.15 10.27 9.46 8.59 8.44 7.93 6.97 6.84 5.84 7.56 4.36 6.92 11.07 11.60 12.13 12.22 11.80 12.51 13.32 13.38 12.98 12.97 12.72 12.92 11.92 12.00 11.31 6.69 6.82 7.01 7.22 12.69 12.82 12.78 7.81
8.82 8.73 8.70 8.71 8.79 8.89 8.89 9.16 9.27 8.66 8.66 8.59 8.64 8.86 8.93 8.73 8.39 8.63 8.70 8.60 8.37 8.79 8.62 8.30 8.22 8.26 8.34 12.59 12.68 12.16 8.27 8.28 11.70 12.15 11.76 13.77 13.57 13.11 11.54 11.67 11.22 11.13 11.53 11.36 11.16 10.26 10.26 10.34 10.93 10.03 9.56 9.59 9.73 10.60 13.76 13.51 12.79 12.54 12.27 12.23 12.46 12.61 12.61 13.28 13.31 13.13 13.02 12.91 12.27 12.45 12.51 12.45 12.50 12.55 12.36 12.31 12.50 12.52 12.48 7.56
8.83 8.76 9.20 8.90 8.69 8.65 8.61 8.61 8.71 9.26 8.29 8.34 8.59 8.99 8.97 8.81 8.62 8.88 9.21 8.89 8.24 8.68 7.98 8.29 8.03 8.11 8.31 8.40 12.39 12.19 8.33 12.40 12.79 12.14 12.74 13.38 13.33 12.24 12.28 12.21 12.20 11.52 11.41 9.89 8.77 8.18 9.54 10.33 11.75 12.25 11.23 11.78 12.36 13.47 13.97 14.40 13.42 12.76 12.15 11.80 12.29 12.48 12.94 13.23 13.12 12.93 12.78 12.43 12.33 12.38 12.26 12.39 12.47 12.42 12.44 12.35 12.04 7.04 7.16 12.33
9.17 9.15 8.69 8.67 8.71 8.82 8.81 8.68 8.50 8.27 8.00 8.32 8.67 8.95 8.76 8.81 8.75 8.78 8.89 8.58 8.66 8.46 8.48 8.14 7.88 8.07 8.35 8.36 8.38 8.38 12.71 12.60 8.17 12.01 13.56 13.52 12.13 11.64 8.18 12.86 8.14 11.06 9.49 8.29 8.44 8.57 8.61 10.48 11.21 12.76 12.94 13.63 13.52 14.09 12.15 12.02 14.41 14.21 13.54 12.63 12.82 13.24 13.17 13.10 12.91 12.75 12.32 12.23 12.10 11.98 11.94 11.83 11.73 11.90 12.07 12.16 12.05 12.01 6.95 7.01
8.84 8.75 8.72 8.83 8.76 9.16 9.13 8.89 8.57 8.35 8.16 8.51 8.66 8.42 8.32 8.58 8.74 8.82 8.68 8.62 8.52 8.30 8.16 7.81 7.97 8.29 8.37 8.27 8.24 8.27 13.09 8.16 11.53 12.31 13.00 12.59 11.62 8.13 13.23 12.94 8.11 10.71 8.36 9.76 10.38 11.56 12.23 12.58 12.45 13.07 13.63 13.62 14.13 13.97 12.17 12.00 11.92 11.92 14.18 13.78 13.26 13.41 13.24 12.95 12.61 12.15 12.24 12.12 11.82 11.63 11.50 11.39 11.37 11.64 11.87 11.74 11.72 6.65 6.72 6.71
8.82 8.77 8.81 9.00 9.50 9.50 9.56 8.67 8.62 8.48 8.32 8.46 8.35 8.28 8.33 8.38 8.63 8.31 8.87 8.73 7.82 8.15 7.89 7.89 8.12 8.51 8.31 8.29 8.20 8.34 8.30 8.05 7.92 7.93 12.31 11.07 8.03 12.67 13.34 12.14 8.11 8.21 10.39 11.08 12.07 13.40 13.53 12.06 12.53 13.20 13.97 14.23 14.20 12.36 12.17 12.04 11.87 11.85 11.82 13.88 13.27 13.12 13.18 12.93 12.43 11.77 11.75 11.72 11.68 11.55 11.48 11.67 11.45 11.57 11.59 11.47 6.35 6.42 6.41 6.46
8.79 8.73 8.79 8.96 8.91 8.73 8.68 8.70 9.36 8.46 8.44 8.26 8.22 8.36 8.40 8.61 8.81 8.81 8.70 8.59 7.79 7.99 7.71 7.92 8.60 8.58 8.20 8.21 8.26 8.33 8.22 7.88 7.71 7.80 7.92 11.20 12.85 12.96 12.57 11.38 8.08 8.16 10.66 11.20 11.94 13.67 13.93 13.24 13.40 14.26 13.94 13.47 12.68 12.38 12.14 11.97 11.82 11.68 11.53 13.38 13.35 13.15 13.13 12.95 12.68 11.99 11.58 11.31 11.59 11.71 11.65 11.34 11.39 11.22 11.05 11.05 6.24 6.31 6.28 6.29
8.77 8.70 8.81 8.92 8.93 8.95 9.08 8.75 9.38 8.55 8.64 8.47 8.66 8.66 8.33 8.45 8.64 8.59 8.40 8.47 8.53 7.90 7.71 7.90 8.46 8.54 8.07 8.19 8.31 8.20 8.11 7.70 7.67 7.82 7.88 12.12 8.06 12.63 11.16 7.90 8.00 8.12 10.64 11.72 13.20 13.17 12.99 13.32 13.00 14.48 14.33 12.95 12.62 12.34 12.08 7.39 11.77 11.60 6.89 12.60 6.64 13.12 6.41 12.53 12.42 12.25 11.98 11.45 11.09 11.35 11.61 11.21 10.69 10.46 5.90 5.99 6.08 6.13 6.19 6.16
8.75 8.75 8.86 8.99 8.99 9.52 8.93 8.76 8.64 8.54 8.60 9.10 9.39 8.96 8.12 8.14 8.13 8.41 7.82 8.41 8.35 7.94 7.92 8.21 8.56 8.27 8.22 8.25 8.24 8.24 7.96 7.79 7.57 7.75 7.95 12.35 12.53 7.85 7.76 10.10 7.97 11.06 11.51 12.78 12.65 12.73 12.62 12.61 13.47 13.60 13.43 12.84 8.02 7.83 7.64 7.47 7.30 7.14 7.00 6.86 12.64 6.59 12.52 6.29 12.38 12.24 12.10 11.78 10.81 10.60 11.36 11.40 11.02 10.40 5.86 5.94 6.05 6.13 6.18 6.15
8.79 8.89 9.00 9.04 8.96 9.52 9.38 8.69 8.57 8.44 8.39 8.40 8.26 8.15 8.09 8.14 8.01 7.83 7.87 8.23 8.10 7.81 7.90 8.11 8.20 8.22 8.46 8.24 8.07 8.32 8.21 7.97 7.48 7.53 7.99 8.01 7.85 7.74 7.76 7.85 8.00 11.94 12.19 12.56 12.20 12.67 12.31 13.19 13.29 13.27 13.21 13.06 7.91 7.77 7.59 7.42 7.27 7.14 7.00 6.86 6.74 12.49 12.40 12.37 6.22 12.20 11.97 11.81 11.07 10.26 10.82 11.20 10.87 10.84 10.60 5.93 5.96 6.02 6.11 6.12
8.80 8.99 9.70 9.15 9.29 9.82 9.54 9.19 8.48 8.39 8.33 8.38 9.05 8.22 8.16 8.04 7.93 7.89 7.98 8.29 7.89 7.90 7.77 7.96 8.26 8.49 8.36 8.04 7.96 8.19 8.17 7.40 7.41 7.71 8.00 7.92 7.62 7.66 7.74 7.87 11.94 12.33 11.95 11.84 11.72 12.02 12.14 13.26 13.26 13.09 12.96 12.90 12.50 7.63 7.50 7.35 7.22 7.10 6.99 6.87 6.74 12.09 12.32 12.16 12.04 12.01 12.02 11.76 11.51 10.26 10.08 10.61 10.61 10.37 5.90 5.91 5.91 5.93 6.01 6.06
8.85 8.96 9.03 8.89 9.33 9.36 9.21 8.39 8.48 8.46 9.18 8.36 8.36 8.28 8.28 8.23 7.93 7.89 8.02 7.98 7.93 8.06 8.11 8.32 8.60 8.48 8.07 7.68 7.78 7.54 8.09 7.43 7.47 7.48 8.02 7.80 7.61 7.75 7.83 11.31 8.04 12.01 11.19 11.37 11.32 12.12 12.94 13.24 13.08 12.97 12.84 12.67 7.71 7.59 7.47 7.35 7.23 7.10 6.97 6.86 6.77 6.68 12.18 11.99 11.78 11.75 6.17 11.78 11.70 10.95 9.76 9.11 5.89 5.94 5.94 5.97 5.97 5.93 6.01 6.08
8.99 9.16 9.71 8.80 9.23 8.60 9.04 8.46 8.52 8.59 8.40 8.29 8.30 8.96 9.04 8.30 7.91 7.88 8.07 8.50 7.90 8.11 8.17 8.27 8.60 8.39 7.76 7.59 7.89 7.57 7.45 7.90 7.94 7.97 7.93 7.72 7.67 7.80 7.92 7.95 7.92 11.62 11.40 11.60 11.58 8.08 8.09 12.95 12.86 12.47 12.64 12.64 7.74 7.59 7.46 7.33 7.21 7.09 12.22 6.90 6.84 6.77 12.11 11.94 6.54 6.45 6.34 11.59 11.48 11.18 10.57 10.24 10.19 6.18 6.12 6.03 5.96 5.92 6.03 6.12
8.97 8.89 9.05 9.38 8.71 8.64 8.50 8.45 8.66 8.66 8.39 8.20 8.27 8.33 8.34 8.21 7.78 7.84 8.12 8.02 7.91 7.93 8.13 8.20 8.45 8.43 7.59 7.55 7.96 7.58 7.41 8.07 7.93 7.84 7.67 7.58 7.57 7.67 7.77 7.81 7.82 11.10 11.18 11.51 7.99 12.53 8.02 12.57 12.35 12.49 12.68 7.92 7.74 7.59 7.44 7.30 7.19 7.09 7.01 6.91 6.79 6.68 6.73 6.65 6.59 6.50 6.47 6.14 11.21 10.89 10.70 10.90 6.47 6.46 6.39 6.24 6.12 6.06 6.14 6.15
8.90 8.75 8.64 8.87 9.36 8.63 8.57 8.56 8.72 9.52 8.46 8.24 8.30 8.36 8.92 8.26 7.90 7.96 8.19 8.03 7.97 8.12 8.13 7.82 8.14 8.13 7.68 7.78 8.46 8.26 7.38 7.25 7.82 7.63 7.33 7.38 7.52 7.59 7.62 7.69 7.79 7.78 10.71 7.90 7.96 7.95 8.00 12.34 12.36 12.49 8.00 7.81 7.67 7.55 7.43 7.30 7.17 7.05 6.93 6.82 6.71 11.50 11.24 11.05 11.07 6.66 6.64 6.58 9.67 8.87 10.12 6.60 6.66 6.70 6.69 6.52 6.31 6.16 6.19 6.23
8.85 8.79 8.69 8.71 8.82 8.31 8.71 8.70 8.70 8.98 8.56 8.29 8.24 8.29 8.37 8.38 8.19 8.08 8.15 8.06 8.06 8.01 8.08 7.89 7.85 8.17 8.17 8.23 8.45 8.20 7.34 7.19 7.67 7.37 7.22 7.39 7.53 7.53 7.63 7.81 7.81 7.77 7.83 7.86 7.84 7.93 8.05 8.08 8.05 8.00 7.88 7.69 7.48 7.35 7.24 7.14 7.06 6.95 11.18 6.84 8.63 6.77 6.74 8.07 6.65 6.58 10.69 6.48 6.62 8.97 6.81 6.89 6.82 6.85 6.89 6.81 6.57 6.34 6.31 6.26
8.85 8.83 8.75 8.84 9.14 9.34 9.30 9.60 9.40 9.03 9.14 8.27 8.18 8.29 8.43 9.23 8.27 7.92 8.00 8.12 8.09 8.02 8.00 7.96 8.02 8.51 8.53 8.54 8.39 7.47 7.26 7.11 7.59 7.29 7.26 7.32 7.45 7.63 7.75 7.77 7.66 7.67 7.74 7.73 7.77 7.96 8.03 8.03 7.98 7.92 7.80 7.63 7.29 7.16 7.07 7.09 7.02 6.99 6.98 6.97 6.96 6.92 6.87 7.02 6.80 9.26 9.82 6.96 6.99 11.19 7.03 7.07 6.98 6.93 7.05 7.06 6.89 6.57 6.44 6.34
8.93 8.89 8.84 8.89 8.90 8.74 8.67 8.66 8.61 8.40 8.30 9.15 8.24 8.34 8.46 8.45 8.16 7.84 7.99 8.15 8.09 8.09 8.16 8.51 8.49 8.59 8.52 8.65 7.70 7.43 7.16 7.63 7.35 7.19 7.20 7.45 7.73 7.82 7.71 7.63 7.57 7.61 7.65 7.61 9.89 7.97 8.01 7.99 7.88 7.87 10.28 7.54 7.51 7.43 7.36 7.28 7.22 7.20 7.18 7.12 7.08 7.06 7.02 6.99 6.93 8.51 9.82 6.96 6.87 6.84 6.90 7.09 7.09 7.00 7.23 7.26 7.16 6.75 6.49 6.45
9.05 8.94 8.87 8.85 8.78 8.69 8.59 8.51 8.39 8.26 8.29 8.43 8.37 8.32 8.37 8.30 8.11 7.92 8.03 8.23 8.21 8.20 8.24 8.20 8.64 8.59 8.58 8.78 7.71 7.43 7.24 7.22 7.27 7.35 7.48 7.45 7.72 7.64 7.57 7.59 7.63 7.65 7.64 7.70 7.84 7.94 7.99 9.54 7.89 7.93 8.62 7.83 7.77 7.76 7.68 7.57 7.46 7.37 7.29 7.24 7.24 7.26 7.20 7.17 7.05 8.04 8.75 8.47 6.68 6.55 6.57 6.78 7.04 7.11 7.26 7.42 7.44 7.18 6.85 6.69
9.17 8.99 8.88 8.85 8.80 8.74 8.65 8.57 8.47 8.40 8.40 8.50 8.45 8.29 8.27 8.26 8.20 8.04 8.13 8.39 8.36 8.28 8.29 8.22 8.14 8.10 8.03 8.65 7.62 7.44 7.33 7.35 7.43 7.49 7.36 7.45 7.59 7.59 7.63 7.61 7.64 7.71 7.79 7.88 7.97 8.08 8.24 8.12 8.04 8.07 8.08 8.98 8.52 7.86 7.83 7.80 7.72 7.60 7.49 7.43 7.43 7.45 7.45 7.92 8.11 8.12 7.90 7.21 7.23 7.16 7.07 7.11 7.21 7.31 7.34 7.46 7.58 7.45 7.29 6.97
9.44 9.04 8.86 8.81 8.74 8.69 8.64 8.59 8.54 8.48 8.43 8.43 8.37 8.25 8.26 8.32 8.25 8.15 8.31 8.51 8.42 8.31 8.30 8.23 8.17 8.13 8.00 7.81 7.61 7.44 7.39 7.46 7.49 7.55 7.57 7.92 7.79 7.62 7.68 7.72 7.78 7.90 8.05 8.14 8.21 8.40 8.38 8.20 9.31 9.26 9.43 9.48 9.29 8.43 8.03 8.03 8.03 8.05 8.06 8.01 5.82 8.17 10.02 10.29 9.83 9.78 9.90 7.58 7.49 7.38 7.24 7.18 7.20 7.27 7.25 7.31 7.53 7.46 7.11 7.11
9.42 9.35 8.81 8.72 8.65 8.59 8.54 8.49 8.46 8.42 8.36 8.33 8.29 8.25 8.28 8.32 8.29 8.26 8.39 8.49 8.39 8.32 8.28 8.19 8.15 8.12 7.98 7.80 7.65 7.55 7.53 7.52 7.49 7.50 7.23 7.61 7.75 7.44 7.79 8.02 8.07 8.09 8.28 8.28 8.37 8.44 8.44 8.36 8.47 8.57 8.51 8.33 8.20 9.57 9.24 8.58 7.89 8.31 8.38 8.83 10.18 9.96 10.61 11.06 10.99 7.81 7.84 7.79 7.78 7.71 7.51 7.36 7.27 7.24 7.25 7.19 7.23 7.21 7.19 7.17
9.44 9.37 8.77 8.59 8.49 8.46 8.43 8.42 8.39 8.34 8.29 8.26 8.25 8.26 8.28 8.31 8.31 8.29 8.32 8.37 8.34 8.30 8.24 8.15 8.15 8.09 7.92 7.78 7.71 7.67 7.58 7.45 7.37 7.47 7.74 8.02 8.18 8.20 7.67 8.11 8.07 8.34 8.24 8.21 8.38 8.44 8.44 8.43 8.48 8.48 8.39 8.30 8.28 8.29 10.05 10.16 10.15 11.63 8.27 8.19 11.78 10.93 10.31 10.48 10.51 7.83 7.91 7.87 7.77 7.76 7.70 7.71 7.78 7.76 7.64 7.46 7.34 7.39 7.36 7.31
9.76 9.41 9.03 8.45 8.25 8.15 8.11 8.20 8.28 8.30 8.24 8.20 8.20 8.23 8.26 8.28 8.28 8.27 8.24 8.29 8.34 8.29 8.22 8.14 8.12 8.05 7.93 7.85 7.79 7.69 7.52 7.38 7.49 7.98 7.81 7.94 8.54 8.42 8.27 8.57 8.31 8.26 8.17 8.28 8.44 8.46 8.48 8.50 8.52 8.52 8.47 8.37 8.34 10.40 11.20 8.42 8.39 8.31 8.20 8.11 8.11 11.31 10.87 10.55 9.97 9.90 7.95 8.05 7.92 7.77 7.68 7.61 7.70 7.84 7.78 7.73 7.73 7.49 7.48 7.45
9.99 9.52 9.02 8.32 7.93 7.79 7.99 8.30 8.41 8.28 8.16 8.13 8.14 8.18 8.23 8.25 8.25 8.26 8.24 8.29 8.40 8.35 8.22 8.11 8.06 8.03 7.98 7.92 7.83 7.69 7.54 7.54 7.51 8.06 8.59 8.94 9.18 8.33 8.19 8.08 8.28 8.21 8.23 8.42 8.53 8.55 8.57 8.58 8.62 8.71 8.67 8.46 7.78 10.08 8.47 8.43 8.33 8.23 8.17 8.15 8.17 8.21 8.22 8.18 10.21 9.46 7.92 8.07 8.12 8.05 7.86 7.66 7.49 7.52 7.65 7.56 7.55 7.54 7.55 7.56
9.61 9.54 8.96 8.12 7.75 7.92 7.93 8.56 8.53 8.19 8.07 8.06 8.07 8.14 8.18 8.21 8.22 8.23 8.23 8.27 8.34 8.28 8.15 8.05 8.04 8.05 8.02 7.96 7.87 7.79 7.79 8.08 8.18 8.97 8.63 8.46 9.11 8.33 8.18 8.11 8.14 8.25 8.38 8.56 8.39 8.43 8.48 8.64 8.68 8.76 8.68 8.60 8.72 8.62 8.47 8.39 8.33 8.27 8.27 8.27 8.26 8.28 8.31 8.31 8.29 8.24 8.20 8.20 8.19 8.20 8.03 7.96 7.92 7.73 7.57 7.66 7.62 7.60 7.59 7.62
8.75 8.54 8.89 7.98 7.69 8.08 8.39 9.33 8.14 8.00 7.95 7.97 8.02 8.10 8.14 8.17 8.18 8.19 8.19 8.21 8.18 8.15 8.07 8.01 8.05 8.07 8.05 8.03 7.99 8.02 8.25 8.32 8.85 8.81 8.53 8.48 8.47 8.32 8.15 8.13 8.24 8.36 8.53 8.50 8.51 8.54 8.67 8.69 8.74 8.73 8.77 9.00 9.03 9.00 8.73 8.57 8.46 8.37 8.32 8.29 8.28 8.39 8.40 8.43 8.45 8.44 8.42 8.37 8.32 8.07 8.29 8.19 7.94 7.94 7.94 7.81 7.73 7.67 7.61 7.62
8.38 8.23 8.74 7.67 7.58 7.96 8.22 7.99 7.75 7.75 7.80 7.89 7.98 8.05 8.09 8.12 8.13 8.13 8.14 8.12 8.09 8.08 8.03 8.01 8.05 8.07 8.08 8.10 8.14 8.27 8.51 8.65 8.65 8.58 8.39 8.35 8.28 8.17 8.19 8.34 8.52 8.52 8.64 8.68 8.71 8.76 8.82 8.85 8.90 9.03 9.24 9.35 9.26 9.11 8.93 8.76 8.61 8.50 8.43 8.41 8.40 8.40 8.51 8.52 8.50 8.48 8.48 8.46 8.26 8.15 8.06 8.01 7.95 7.93 7.93 7.89 7.85 7.82 7.75 7.70
8.16 7.99 8.11 7.42 7.49 7.86 7.97 7.73 7.51 7.59 7.74 7.84 7.94 8.01 8.05 8.08 8.08 8.08 8.09 8.07 8.07 8.07 8.04 8.05 8.08 8.10 8.14 8.18 8.26 8.39 8.54 8.59 8.55 8.49 8.32 8.27 8.20 8.20 8.36 8.62 8.85 8.70 8.73 8.64 8.89 8.98 9.06 9.11 9.27 9.50 9.58 9.43 9.17 9.04 8.94 8.85 8.73 8.65 8.59 8.56 8.56 8.53 8.53 8.54 8.52 8.52 8.55 8.50 8.37 8.19 8.05 7.99 7.94 7.92 7.93 7.94 7.93 7.92 7.91 7.86
