examples/cougarCreek-fire/createInputs/farsite/7a-cougarCreek-polygonIgnit/cougarCreekFire_08-11-2015_1600_217m_non_neutral_stability_vel.asc
ncols	146
nrows	140
xllcorner	610065.000000
yllcorner	5095217.000000
cellsize	216.586807
NODATA_value	-9999.000000
[rows 70 to 104 of 140, columns 0 to 77 of 146]
1.19 1.22 2.32 5.13 5.84 9.43 9.61 9.15 9.13 9.67 10.94 11.19 11.13 7.27 7.35 4.99 5.30 6.02 10.09 7.68 8.35 11.07 9.42 10.49 7.85 9.50 10.98 10.28 13.79 12.76 11.32 16.38 18.08 16.74 15.45 13.73 15.25 16.73 15.60 13.77 13.59 15.22 18.78 23.52 22.27 20.00 21.53 21.42 19.32 19.46 18.06 17.99 18.19 20.35 19.59 18.10 13.39 10.76 16.05 25.66 27.16 25.72 22.76 21.12 20.37 25.28 23.89 20.45 18.53 20.30 18.79 22.53 22.87 21.61 21.66 21.35 21.16 18.56
1.09 1.64 2.83 2.94 5.92 9.48 9.37 7.04 9.04 10.14 10.34 10.97 4.74 11.14 4.75 5.07 5.29 5.95 9.73 7.62 11.70 10.25 9.80 8.84 9.46 10.00 11.04 13.19 14.37 11.26 11.55 16.52 15.06 15.17 14.57 14.63 16.21 16.57 14.86 12.89 14.79 17.06 17.76 22.20 23.37 20.27 19.08 22.24 19.47 19.80 19.74 18.12 18.85 20.07 21.82 19.83 16.89 11.78 11.14 18.72 27.76 26.80 25.62 23.29 21.79 20.72 19.43 24.11 20.50 18.62 20.06 20.43 22.90 22.74 22.31 21.18 20.44 20.65
0.95 1.67 2.62 3.02 6.38 9.73 9.45 7.11 9.54 10.22 10.25 10.70 9.81 6.22 7.08 5.12 5.30 5.93 7.75 7.54 8.15 8.83 9.80 8.50 9.42 9.26 10.97 13.44 12.54 10.48 12.51 16.97 17.36 14.72 12.40 14.41 17.44 16.26 13.78 13.67 16.18 17.52 17.38 16.66 26.92 20.82 18.47 22.09 19.78 18.92 20.17 18.22 20.80 18.87 20.03 20.00 18.99 14.98 10.84 12.69 21.77 28.29 26.86 26.43 25.89 22.56 27.93 19.85 18.85 21.13 19.40 21.08 23.77 24.82 23.78 21.93 19.61 19.68
1.70 2.08 2.63 3.01 6.76 9.20 9.35 7.56 10.37 10.66 10.34 10.64 9.79 5.03 7.90 5.12 5.33 5.88 6.69 7.43 8.02 8.73 9.72 8.20 9.43 9.63 11.10 11.50 9.09 12.10 14.50 16.86 16.67 12.64 12.08 14.40 17.41 18.32 13.27 13.36 15.50 17.53 16.33 14.67 22.74 22.27 21.85 17.80 18.55 19.34 20.64 18.61 20.70 19.14 21.67 20.56 19.90 17.64 13.41 11.83 16.33 24.39 26.29 26.34 25.20 24.75 23.24 25.12 25.41 24.85 24.86 24.71 24.51 24.81 23.85 21.48 19.48 19.70
1.81 2.18 2.70 3.07 7.04 9.11 9.26 9.66 10.52 10.70 10.58 10.67 5.09 10.89 4.97 5.12 5.31 5.83 6.64 7.28 7.86 8.65 9.51 7.90 9.63 9.52 11.24 8.40 10.68 12.46 15.77 16.48 15.26 12.36 11.84 15.07 17.22 17.81 12.95 12.02 14.52 17.92 15.77 13.91 20.34 23.05 20.38 17.69 17.42 18.18 19.81 22.07 21.25 18.84 20.53 23.77 20.69 19.42 16.19 13.32 14.01 19.68 26.03 25.52 26.26 24.86 23.42 22.44 21.49 19.18 18.81 21.10 20.86 21.42 21.86 20.86 19.66 19.73
1.94 2.29 2.75 6.36 7.53 7.76 7.75 9.73 10.54 10.47 8.32 9.99 10.87 11.20 4.95 5.09 5.26 5.81 6.53 10.50 7.74 8.55 9.23 9.48 8.03 9.52 10.12 10.76 11.28 12.46 15.44 15.67 11.21 12.43 12.75 16.74 16.73 15.98 13.26 12.38 14.45 18.69 16.78 15.81 17.99 21.20 20.66 22.59 17.00 16.94 19.54 19.40 20.42 19.07 20.17 20.29 22.64 20.29 18.21 15.20 13.93 16.96 23.12 24.72 26.72 24.09 23.84 22.06 21.22 19.02 19.92 21.00 19.81 20.21 20.97 20.56 20.21 19.16
2.13 2.47 2.88 7.04 7.66 7.92 7.61 8.15 10.48 7.81 5.18 5.44 5.23 11.42 5.04 5.09 5.27 5.80 8.12 6.98 7.70 8.37 9.00 9.61 8.68 9.67 9.22 10.27 12.30 11.84 13.92 14.44 10.55 11.35 15.93 16.87 16.29 14.71 14.42 12.92 15.41 18.55 17.23 14.21 15.98 19.40 24.87 19.11 17.09 16.42 19.07 19.31 19.07 19.31 20.15 19.86 22.94 20.26 19.12 16.61 14.74 16.11 20.22 24.25 23.98 25.29 23.32 22.90 21.90 20.57 17.02 17.61 18.97 19.45 18.65 17.58 20.79 19.21
2.36 2.68 3.04 7.52 7.82 7.32 7.31 8.60 8.45 7.09 5.50 7.28 5.64 5.37 5.23 5.19 5.35 5.79 6.32 6.93 7.63 8.23 8.97 8.67 11.08 9.24 9.26 10.61 11.45 10.51 12.25 14.07 10.71 12.81 16.15 16.69 15.29 14.41 14.34 13.08 16.79 17.42 16.75 15.06 14.80 17.49 20.54 20.58 17.80 16.30 18.70 19.00 19.11 19.52 20.28 19.98 23.22 20.47 20.05 17.88 16.96 16.07 18.61 21.88 22.93 24.45 22.23 22.38 23.66 21.20 19.13 17.35 16.89 18.31 19.95 20.64 20.98 19.20
2.61 2.90 3.24 8.02 7.78 4.10 7.85 10.41 8.36 7.65 8.00 11.70 5.68 5.50 5.38 5.31 5.45 5.84 6.31 6.87 7.58 8.26 9.10 11.87 13.34 9.77 10.17 10.67 10.91 9.71 10.30 14.76 12.65 14.70 15.51 15.34 15.03 14.33 12.16 12.20 17.72 17.23 16.24 15.30 14.00 15.69 19.03 21.95 19.26 16.89 17.32 18.44 18.55 19.55 20.75 21.29 23.42 22.04 22.64 19.75 16.44 15.51 17.29 19.95 23.39 24.66 23.74 23.00 24.06 20.21 19.02 18.70 19.07 18.56 19.43 20.15 17.14 17.96
2.89 3.15 3.46 7.99 8.23 4.26 8.23 9.08 8.65 8.39 8.63 11.34 11.47 5.51 5.43 5.37 5.55 5.94 6.33 6.87 7.64 8.38 10.32 9.49 9.39 10.04 10.04 9.99 11.00 10.00 10.77 15.34 14.47 13.95 15.55 15.07 14.86 14.04 10.98 12.70 17.65 17.50 16.64 15.20 14.01 14.86 16.53 19.41 22.37 18.80 17.42 18.10 17.65 18.96 21.13 18.94 20.08 21.76 20.26 21.32 18.59 15.99 15.81 17.21 21.07 22.19 26.71 24.84 24.80 20.97 20.18 19.65 19.16 19.70 16.77 16.17 20.38 21.53
3.16 3.41 3.69 8.58 8.39 4.45 4.68 9.00 9.07 9.02 9.53 11.26 8.69 5.67 5.52 5.48 5.70 6.00 6.34 6.98 7.76 8.50 11.80 9.23 13.78 10.44 9.66 11.09 11.07 11.13 11.05 14.18 13.94 12.08 15.49 14.69 14.72 13.82 12.65 14.61 16.78 16.80 17.51 15.81 14.46 14.32 14.18 16.86 19.49 20.18 18.32 17.83 17.14 18.40 21.20 22.42 20.45 22.74 18.45 22.37 20.79 18.38 16.69 18.63 17.60 22.89 26.60 26.06 24.44 23.94 22.88 22.54 20.30 19.30 19.90 17.57 19.07 20.91
3.45 3.67 3.92 8.38 4.43 4.67 4.91 8.68 9.66 10.02 10.18 9.14 9.08 5.81 5.65 5.66 5.79 6.01 6.45 7.11 7.80 11.89 8.92 8.93 12.10 10.44 9.94 11.02 11.66 13.95 10.84 11.71 11.75 13.08 15.00 15.45 14.60 11.87 11.70 16.62 16.54 17.11 17.06 17.43 15.76 13.88 12.68 17.12 19.67 22.06 19.23 17.91 17.17 18.34 20.61 21.61 25.79 20.12 18.03 21.88 22.92 20.96 19.05 16.62 14.41 19.45 21.69 25.99 24.46 23.94 24.87 22.04 22.73 20.43 19.37 18.38 18.23 19.76
3.73 3.93 4.15 9.14 4.63 4.86 5.10 8.77 10.17 11.57 10.46 6.23 9.46 5.90 5.75 5.77 5.86 6.13 6.59 7.12 9.59 13.75 8.65 8.69 11.64 10.56 9.75 10.91 12.94 14.25 10.64 10.16 11.87 14.63 14.36 15.05 13.77 11.91 14.52 16.41 16.48 16.76 16.22 17.72 16.94 14.31 11.83 15.88 15.65 22.18 20.94 18.86 17.71 18.52 18.71 18.95 20.85 24.20 18.47 20.62 24.51 23.42 21.73 19.17 16.04 16.58 21.41 23.78 24.34 22.26 23.07 21.79 18.98 24.06 20.64 22.41 17.83 19.01
4.03 4.21 4.40 4.62 4.84 5.04 5.26 8.89 10.12 11.82 9.73 6.38 11.67 6.02 10.37 5.86 6.03 6.30 6.65 9.80 11.12 11.57 8.39 8.52 11.80 9.04 9.70 10.61 12.27 12.75 9.80 10.27 13.22 13.11 13.29 13.89 11.14 14.98 15.32 16.27 16.69 16.26 16.95 17.05 16.82 15.33 13.37 10.05 16.71 20.05 20.70 19.66 18.95 16.97 19.46 16.89 20.12 20.63 19.52 19.08 21.50 23.61 27.48 22.98 19.24 16.84 19.20 20.62 24.04 22.87 23.41 22.69 18.03 18.87 22.55 22.40 20.29 17.19
4.34 4.51 4.67 4.87 5.07 5.27 5.47 9.17 10.63 10.55 6.30 6.55 12.70 6.21 6.11 6.13 6.61 6.45 6.75 10.67 11.17 8.20 8.17 8.36 8.49 8.12 9.53 9.00 10.72 12.99 11.87 12.74 12.24 12.26 12.72 13.28 9.99 14.88 14.58 16.35 17.17 16.91 16.46 16.89 17.05 15.87 13.51 14.25 15.58 20.28 19.05 18.93 17.02 19.00 18.16 17.52 17.63 19.98 18.98 20.49 19.59 21.18 21.98 23.85 26.37 22.55 17.31 18.89 20.86 23.45 24.46 23.14 20.01 17.89 20.34 21.56 21.61 19.61
4.66 4.81 4.96 5.14 5.33 5.52 5.70 9.65 10.59 9.56 6.58 9.26 11.50 10.72 6.40 6.37 6.40 8.86 10.56 12.01 11.33 8.02 7.99 8.12 8.24 8.03 8.09 8.88 10.45 11.12 13.79 12.13 12.23 12.05 11.72 10.44 10.84 12.93 15.02 16.48 17.77 17.16 15.97 16.67 17.31 16.36 14.32 14.07 17.16 19.83 19.24 18.27 19.02 18.97 18.41 18.00 17.17 18.01 19.47 19.53 20.06 19.26 21.10 21.46 23.55 21.50 18.71 20.20 19.30 21.32 22.93 24.50 22.59 19.65 19.40 20.62 20.69 20.73
4.98 5.11 5.24 5.40 5.58 5.76 5.93 6.09 10.28 6.53 6.77 12.89 6.79 11.09 6.58 6.50 9.63 10.16 12.18 10.84 7.74 7.84 7.77 12.64 8.12 7.67 9.12 8.99 10.19 13.84 13.59 9.29 13.38 12.02 11.87 10.78 11.83 11.47 14.44 16.31 18.15 17.51 15.78 16.24 17.48 16.81 15.13 14.31 15.96 18.80 19.55 18.98 18.54 18.37 18.56 18.82 18.06 17.57 18.70 19.13 19.11 19.24 19.62 21.15 21.84 20.74 18.71 18.27 18.47 19.38 20.52 24.22 23.57 21.32 19.52 20.04 19.29 20.35
5.30 5.42 5.54 5.70 5.86 6.04 6.23 6.42 6.59 6.78 7.01 11.86 7.09 11.66 10.57 9.87 9.69 11.05 12.22 11.03 7.67 7.68 7.64 7.79 9.99 8.36 8.94 8.87 10.17 11.82 10.96 9.46 12.15 12.03 11.96 12.57 13.15 13.28 10.89 13.12 17.66 17.72 16.22 15.99 17.37 17.19 15.83 15.02 15.60 17.76 19.26 19.45 18.34 17.41 17.87 18.88 18.80 18.06 18.49 18.94 18.92 18.96 19.06 19.86 19.98 19.50 17.85 18.14 18.03 19.95 21.54 21.59 22.99 22.23 21.80 20.96 21.30 20.16
5.60 5.71 5.84 6.00 6.15 6.31 10.60 6.67 6.89 7.10 7.30 12.14 7.33 11.71 11.04 9.87 9.94 13.03 12.28 7.37 7.53 7.57 7.59 7.70 9.13 8.32 8.80 9.37 9.85 10.29 8.89 9.98 13.78 12.07 11.84 11.53 13.03 13.22 11.83 15.32 16.78 17.44 16.70 16.12 17.17 17.24 16.03 15.34 15.85 17.58 19.04 19.58 21.37 17.07 17.09 18.21 18.74 18.41 18.51 18.76 18.86 19.07 19.15 19.28 19.57 19.65 18.13 17.94 17.99 17.47 19.83 19.76 22.30 23.67 21.00 20.22 20.16 19.85
5.90 5.97 6.04 6.18 6.36 6.51 10.83 6.85 7.09 7.31 7.48 13.54 7.56 7.36 11.36 9.85 10.37 11.26 11.21 7.32 7.44 7.52 7.54 10.16 7.92 8.25 8.75 9.23 9.60 10.03 10.74 10.61 13.00 12.06 11.85 12.17 12.89 13.26 11.59 15.12 16.09 17.03 16.97 16.51 17.17 17.25 16.10 15.32 15.79 17.40 18.90 19.66 21.51 19.63 17.12 17.84 18.55 18.55 18.58 18.93 18.89 18.85 19.26 19.39 19.52 20.61 19.38 18.28 19.05 18.42 17.39 17.79 19.29 20.87 22.83 23.15 22.81 21.06
6.21 6.26 6.29 6.39 6.56 6.75 6.94 7.10 7.27 7.44 7.64 12.50 7.80 7.61 11.95 9.99 10.82 13.12 13.05 7.33 7.46 7.51 7.55 7.69 7.87 8.22 8.67 9.01 10.23 9.80 9.84 11.74 12.47 11.97 11.95 12.00 12.68 13.25 13.94 14.99 15.81 16.74 17.13 16.98 17.46 17.48 16.59 15.81 15.89 17.02 18.45 19.39 18.91 20.06 17.29 17.63 18.35 18.52 18.50 19.12 19.28 19.20 18.83 18.62 18.80 19.87 20.62 19.70 20.52 20.03 18.81 16.86 19.92 21.54 19.68 21.28 21.41 21.52
6.51 6.55 6.57 6.66 6.80 7.01 7.20 7.34 7.45 7.59 10.58 13.09 7.73 13.78 12.45 10.96 11.98 7.29 7.33 7.43 7.47 7.45 10.82 7.66 7.80 8.20 8.61 9.64 9.49 9.53 11.86 12.96 13.28 11.75 11.91 11.96 12.56 13.18 13.76 14.80 15.71 16.50 17.15 17.32 15.69 17.65 17.15 16.71 16.55 17.16 18.25 19.18 18.94 21.01 17.36 17.35 17.86 18.09 18.17 18.98 19.49 19.68 19.10 19.56 17.95 19.45 19.88 20.83 21.21 21.44 17.75 18.88 18.70 20.39 20.85 20.25 20.60 20.47
6.82 6.85 6.86 6.96 7.06 7.17 7.27 7.40 7.51 7.62 11.13 12.94 12.50 12.62 12.39 11.82 12.05 13.39 7.47 7.51 7.45 7.42 9.36 7.64 7.78 8.14 11.12 9.71 8.81 9.71 13.67 10.43 10.90 11.41 11.73 12.00 11.16 13.04 10.41 10.97 15.61 16.20 13.13 17.77 17.62 17.60 17.57 17.32 17.26 17.69 18.41 19.14 19.17 22.46 21.74 17.51 17.60 17.46 17.59 18.48 19.19 19.18 20.15 20.16 17.86 18.42 19.23 19.78 21.47 21.28 18.38 18.91 18.74 20.05 19.33 20.93 21.04 21.17
7.03 7.10 7.16 7.26 7.27 7.33 7.36 7.42 7.50 7.60 7.70 12.58 7.76 12.64 7.63 12.27 11.58 12.17 7.59 7.57 7.50 7.52 9.60 7.68 7.77 8.19 10.24 9.81 10.15 11.92 13.21 10.20 10.55 11.07 11.56 9.60 12.45 12.85 13.79 14.94 15.45 15.74 16.92 18.08 17.89 17.71 17.86 17.65 17.69 18.14 18.65 19.05 19.21 22.37 22.04 20.48 17.91 19.55 17.20 17.87 18.69 19.12 21.11 21.31 19.48 17.30 18.05 18.56 20.25 20.97 20.41 17.77 18.60 19.70 19.27 20.54 21.60 20.44
7.29 7.38 7.42 12.29 7.47 7.53 7.57 7.61 7.67 7.76 7.86 7.98 12.50 7.86 7.76 7.68 11.93 11.92 7.57 7.55 7.55 7.56 7.63 9.12 7.71 7.86 9.89 11.97 13.12 11.92 12.30 13.30 12.10 9.90 9.18 11.92 12.37 12.63 13.80 15.22 15.38 15.49 16.56 17.82 18.18 18.17 18.14 17.88 17.91 18.41 18.88 19.01 19.14 18.95 22.70 21.77 21.81 21.71 19.78 17.59 18.26 18.84 20.79 21.79 17.73 20.42 17.95 17.75 19.21 20.16 20.61 17.85 18.10 19.19 18.52 18.03 18.46 21.25
7.52 7.61 7.68 7.61 7.75 7.76 7.80 7.85 7.96 8.06 8.15 8.22 8.11 13.19 7.83 12.83 12.13 11.46 13.06 7.56 7.52 7.50 7.53 7.54 7.77 8.19 11.29 12.80 8.72 9.07 9.59 12.48 10.18 8.54 11.16 11.77 12.24 12.48 13.66 11.06 15.38 15.61 16.48 17.32 18.15 18.68 18.69 18.27 18.13 18.62 19.06 19.03 19.01 18.90 23.29 21.92 22.10 22.12 21.90 20.41 18.02 18.47 21.60 22.49 18.59 22.08 20.61 19.99 19.62 19.91 20.27 19.42 16.21 17.22 17.37 19.16 20.09 20.99
7.60 7.64 7.78 7.89 7.96 7.81 7.98 8.07 8.20 8.29 8.35 8.40 8.26 13.09 13.23 13.05 12.01 11.11 13.19 7.60 7.46 10.07 7.47 7.64 8.05 9.01 12.42 12.76 11.26 7.99 9.50 10.17 9.97 10.39 10.94 11.60 12.09 12.47 9.85 14.77 15.12 15.60 16.42 17.03 17.96 18.86 19.24 19.02 18.73 19.14 19.56 19.47 19.27 18.97 18.78 18.69 18.26 17.64 17.30 17.39 21.45 20.64 21.76 21.65 22.71 22.48 17.55 20.73 20.53 20.16 20.03 19.43 19.58 19.23 17.86 16.32 19.21 20.20
7.98 7.96 7.89 8.03 7.85 8.04 8.11 8.25 8.31 8.39 8.50 8.57 8.45 13.01 8.15 8.06 12.22 12.15 13.40 7.65 7.55 7.61 7.75 8.03 8.29 12.36 12.85 11.42 8.77 9.14 9.41 9.59 9.83 10.18 10.73 11.40 11.91 12.40 13.45 14.52 14.82 15.32 16.08 16.73 17.75 18.73 19.38 19.55 19.33 19.67 20.19 20.23 20.02 19.68 19.53 19.40 18.83 18.09 17.60 17.42 17.38 21.38 20.80 21.30 22.53 18.85 18.11 17.39 17.17 17.16 17.01 17.16 17.36 19.79 19.18 16.86 18.35 19.22
8.58 8.50 8.44 8.34 8.33 8.14 8.34 8.44 8.46 8.61 8.72 8.77 8.66 13.42 8.35 8.27 12.60 13.00 13.35 7.80 7.84 8.01 8.21 8.34 8.31 13.09 12.40 8.60 8.90 9.11 9.35 8.75 9.68 10.04 7.80 8.40 7.93 8.51 8.89 10.36 14.86 15.18 15.62 16.26 17.44 18.53 19.28 19.73 19.71 19.86 20.20 20.33 20.33 20.40 20.47 20.34 19.74 18.88 18.31 17.92 17.48 17.24 17.57 17.99 22.86 18.77 18.37 17.81 17.64 17.53 17.25 17.38 17.49 19.80 19.49 18.57 16.14 18.38
8.60 8.36 8.64 8.67 8.48 8.45 8.70 8.66 8.72 8.84 8.89 8.96 8.92 8.76 8.63 8.50 8.39 8.22 8.11 8.08 8.20 8.32 8.37 8.27 12.47 12.35 8.47 8.73 12.11 11.15 9.27 9.41 9.59 7.63 8.14 8.14 8.38 8.62 8.81 10.18 15.07 15.06 15.20 15.82 16.97 18.22 19.07 19.61 20.08 20.48 20.24 19.91 20.03 20.43 20.75 20.75 20.53 19.90 19.22 18.71 18.06 17.57 17.63 17.87 18.11 18.40 18.38 18.12 17.83 17.68 21.12 20.21 20.19 17.58 20.20 19.55 17.88 17.78
8.30 8.38 8.68 8.34 8.51 8.81 8.85 8.82 8.97 8.98 8.94 9.23 9.20 14.25 8.82 8.65 8.49 8.43 8.36 8.36 8.39 11.53 8.23 12.42 8.16 8.38 8.61 8.75 13.22 10.98 8.94 9.43 9.58 9.88 9.23 9.38 8.23 11.39 12.15 13.96 15.16 14.66 14.81 15.61 16.64 17.92 18.76 19.16 20.13 21.36 20.98 19.95 19.90 20.44 20.64 20.49 20.60 20.62 20.27 19.65 18.80 18.09 17.99 18.12 18.18 18.11 18.21 18.41 18.10 21.69 20.99 20.91 20.36 20.57 20.55 17.54 17.66 18.65
8.76 8.61 8.23 8.31 8.71 8.97 9.01 9.11 8.99 9.15 9.13 9.32 9.24 9.06 8.86 8.73 8.61 8.54 8.49 8.44 8.39 8.22 7.99 10.15 8.33 8.51 11.57 13.18 13.35 8.99 9.33 8.66 9.47 10.03 10.52 9.81 10.58 10.92 11.77 13.86 14.96 14.37 14.57 15.41 16.49 17.75 18.47 18.63 19.79 21.68 21.63 20.29 19.89 20.53 20.67 24.27 24.35 24.54 20.84 20.59 19.67 18.68 18.29 18.40 22.94 23.86 22.26 18.43 18.56 17.84 22.22 21.25 21.01 21.19 17.44 17.58 21.33 20.72
9.08 8.94 8.77 8.66 8.76 8.76 9.18 9.36 9.49 9.30 9.24 9.35 9.19 9.08 8.77 8.90 8.85 8.70 13.86 8.58 12.98 8.13 8.02 8.29 8.54 8.59 11.39 12.74 11.56 9.13 9.45 9.49 10.28 10.13 10.26 9.08 7.34 7.58 8.78 11.40 14.40 14.26 14.47 12.82 10.76 17.41 12.30 14.23 19.37 21.67 22.15 20.93 20.19 20.47 26.12 25.37 25.77 25.93 24.86 20.91 20.45 19.44 18.64 18.44 18.53 18.20 17.81 18.23 18.78 18.51 17.74 17.34 17.22 17.12 21.08 17.83 18.08 18.15
9.60 9.54 9.33 9.18 8.94 9.05 9.13 9.20 9.49 9.31 9.45 9.51 9.34 9.10 8.91 9.02 9.01 8.95 8.96 8.62 8.37 8.34 8.45 8.67 8.71 8.67 11.77 12.54 11.04 9.25 10.99 11.18 10.35 9.76 9.43 9.63 8.56 9.12 10.32 12.01 13.84 14.03 14.28 15.00 11.59 12.29 13.39 17.74 15.40 17.80 22.27 21.87 21.27 20.83 24.30 24.04 23.71 24.04 20.48 20.75 20.59 20.02 19.32 18.81 18.65 18.33 17.99 18.17 18.60 18.91 18.51 18.10 18.12 17.66 20.97 17.50 20.38 20.32
9.43 9.55 9.13 9.10 9.06 9.11 9.48 9.22 9.30 9.49 9.69 9.74 9.79 9.62 9.21 9.36 9.21 9.19 8.87 13.48 8.71 8.72 8.78 8.88 12.52 8.72 11.89 12.87 11.15 11.42 12.83 11.76 10.46 9.98 9.69 11.17 10.18 9.04 9.28 9.73 10.09 11.13 9.94 10.54 12.13 16.59 17.30 17.58 14.83 15.75 15.12 18.57 22.30 21.79 20.66 23.63 23.26 19.55 20.25 20.65 24.77 24.28 19.76 19.43 19.06 18.57 18.27 18.29 23.75 22.75 23.34 22.86 18.70 22.71 21.70 17.46 17.79 20.09
