examples/cougarCreek-fire/createInputs/farsite/7a-cougarCreek-polygonIgnit/cougarCreekFire_08-10-2015_2100_217m_non_neutral_stability_ang.asc
ncols	146
nrows	140
xllcorner	610065.000000
yllcorner	5095217.000000
cellsize	216.586807
NODATA_value	-9999.000000
[rows 0 to 41 of 140, columns 0 to 93 of 146]
244 244 245 247 247 246 245 245 246 252 248 249 251 251 251 251 251 250 250 249 249 254 257 262 264 264 263 264 265 265 264 262 261 262 264 265 268 267 276 276 280 290 286 301 303 316 302 306 311 317 319 318 317 316 313 297 161 148 145 144 144 143 143 143 143 143 143 142 143 143 143 142 141 139 139 139 141 140 138 138 138 139 140 125 124 126 141 125 124 127 139 125 122 138
244 244 245 247 247 246 245 245 246 252 248 249 251 251 251 251 251 250 250 249 249 254 257 262 264 264 263 264 265 265 264 262 261 262 264 265 268 267 276 276 280 290 286 301 303 316 302 306 311 317 319 318 317 316 313 297 161 148 145 144 144 143 143 143 143 143 143 142 143 143 143 142 141 139 139 139 141 140 138 138 138 139 140 125 124 126 141 125 124 127 139 125 122 138
244 244 246 247 246 246 246 246 247 247 248 249 250 250 251 251 251 251 251 251 252 257 257 260 261 262 263 263 264 264 263 262 262 263 265 266 268 271 274 276 279 283 286 290 294 299 304 309 314 320 323 324 324 326 331 357 124 134 136 138 139 139 139 140 140 141 141 141 141 142 142 141 140 139 138 139 141 140 139 139 138 139 140 141 141 141 141 141 139 140 140 137 137 138
244 245 246 246 246 246 246 246 246 247 247 248 249 250 251 251 251 251 253 254 255 260 257 258 259 261 263 263 263 263 263 264 265 266 267 269 271 273 276 279 282 286 290 294 298 303 308 314 320 326 330 333 336 341 352 24 82 111 122 127 130 132 133 135 136 137 138 139 140 140 141 140 139 139 138 139 141 142 140 139 139 139 139 140 141 142 142 143 143 144 144 143 142 142
243 244 245 245 245 246 246 256 255 255 246 247 248 249 250 251 251 251 253 254 261 260 262 257 259 261 262 262 263 263 264 265 266 267 269 271 273 275 277 281 284 288 292 296 301 306 312 319 325 331 336 339 344 42 6 35 74 100 113 120 125 128 130 131 133 134 136 137 138 139 140 139 139 139 139 139 141 141 140 139 139 139 140 140 141 142 143 144 144 146 147 146 128 129
243 243 244 245 245 246 246 246 247 256 255 255 247 248 249 250 251 252 260 253 261 260 260 257 258 260 260 261 262 263 264 264 266 268 269 271 273 275 277 280 284 288 292 297 302 308 314 321 328 4 13 19 351 0 18 47 79 100 112 119 123 126 128 130 131 133 117 136 138 139 139 139 139 138 138 139 140 140 139 139 138 139 140 140 141 142 142 143 144 146 146 146 147 119
243 243 244 245 245 245 245 256 257 257 256 255 256 248 249 250 251 252 259 259 260 261 261 261 262 263 259 266 267 268 263 263 265 267 268 270 272 274 277 291 296 287 309 297 303 331 342 354 5 11 48 350 35 10 30 57 83 101 111 118 122 103 108 129 130 115 134 135 138 139 139 139 138 137 137 138 140 140 139 139 138 139 140 140 143 142 142 144 145 145 146 146 147 126
242 243 244 244 245 245 245 256 254 255 255 255 256 257 256 249 250 261 260 259 260 260 260 260 261 261 263 265 266 264 261 269 271 266 267 269 271 273 285 289 294 300 308 315 324 341 354 1 10 45 21 22 4 19 40 66 88 102 111 117 97 104 127 128 130 116 133 136 138 138 138 138 137 137 137 139 140 139 138 139 138 139 140 140 141 142 143 144 145 145 146 146 147 149
242 243 243 244 244 258 244 257 258 257 257 256 256 256 256 249 259 260 260 258 259 259 268 270 259 260 262 264 264 264 265 268 268 264 265 274 277 280 283 286 292 299 306 314 325 339 352 0 5 9 13 27 43 45 52 73 92 104 88 117 97 124 127 128 111 116 118 118 137 138 138 138 137 137 138 139 139 138 138 139 139 139 140 140 141 142 143 144 144 145 146 146 147 148
242 243 243 244 244 253 255 257 256 256 256 256 267 256 256 256 258 258 259 267 268 259 257 256 274 258 260 261 262 262 263 266 267 268 271 272 275 278 280 284 291 298 306 314 327 342 349 355 6 12 24 37 52 47 59 79 95 105 88 117 121 124 126 110 113 113 116 118 137 138 139 138 138 137 138 139 139 138 139 139 140 140 140 140 141 142 143 143 144 142 146 146 147 148
257 243 243 244 244 244 251 254 255 256 255 256 256 269 255 256 255 250 258 258 268 273 257 255 269 280 281 283 260 260 260 263 264 266 269 270 272 275 278 282 288 297 306 19 30 25 355 3 12 43 55 56 36 47 67 84 98 78 113 118 122 101 108 113 111 114 118 120 138 139 139 139 138 138 139 140 139 138 139 140 140 140 141 140 141 136 141 143 144 145 146 146 147 148
241 241 257 256 256 253 243 252 254 268 269 255 255 256 255 256 249 255 256 257 270 273 272 255 255 277 277 283 284 258 259 261 262 264 267 268 271 273 276 279 284 343 358 13 31 34 359 7 38 49 49 35 36 55 45 64 73 81 86 119 122 105 112 112 114 132 134 136 138 139 139 138 138 138 139 139 138 138 140 140 140 141 141 141 141 142 143 143 144 145 145 146 147 148
240 240 241 255 255 255 243 249 250 252 266 269 270 254 255 255 253 256 256 256 271 273 275 269 254 271 278 282 283 279 256 258 260 262 263 265 268 270 272 274 321 348 6 19 34 27 356 29 40 26 28 31 44 62 57 71 78 86 91 94 104 115 115 128 130 131 133 135 137 139 139 138 138 139 139 139 138 139 140 141 141 141 141 141 142 142 143 143 144 145 145 145 146 149
239 240 241 241 242 252 244 244 246 247 250 264 267 269 252 254 254 255 256 272 272 272 277 274 269 272 280 282 281 273 276 255 285 286 287 289 295 300 296 299 330 12 27 33 29 344 355 32 38 25 27 31 35 44 66 76 85 93 97 105 115 117 126 128 129 131 133 135 137 139 139 138 138 139 139 139 138 139 140 141 141 142 142 142 142 142 143 143 144 145 145 145 146 149
239 240 241 242 242 243 244 245 245 247 247 248 249 262 267 270 271 272 273 274 275 275 277 278 273 275 279 280 278 272 273 253 282 285 285 288 295 299 291 288 37 46 29 26 14 12 26 45 53 44 29 36 45 55 70 77 77 97 101 106 123 125 127 128 115 114 117 119 137 139 124 138 139 139 139 138 138 139 140 141 141 142 142 142 143 143 143 143 144 137 141 137 145 152
238 240 242 242 242 243 253 254 252 249 248 249 261 259 259 267 270 270 270 271 272 273 273 277 278 275 277 277 274 270 276 281 283 286 285 289 292 293 296 305 33 38 32 31 21 32 51 62 58 38 29 45 52 58 73 83 84 98 87 103 108 109 109 110 113 116 119 137 138 139 140 139 138 138 138 138 138 139 140 140 141 142 142 142 143 143 143 143 144 144 135 135 144 142
238 240 241 242 242 242 243 252 253 251 249 249 268 269 258 252 255 269 268 268 272 272 270 250 274 277 276 275 272 266 277 278 281 284 286 288 288 289 296 323 359 29 46 48 47 56 63 60 48 34 38 56 72 72 67 98 103 85 102 105 107 107 111 113 115 118 136 122 139 140 140 139 138 138 138 138 139 139 140 141 141 142 142 142 143 142 142 144 144 144 144 143 143 145
239 241 241 242 242 242 247 249 252 267 248 247 262 270 256 247 247 255 260 261 267 268 274 272 277 276 279 277 272 268 276 278 280 280 283 286 283 289 301 333 8 34 44 50 58 63 64 57 46 44 60 82 85 70 75 103 103 81 106 106 106 109 112 115 118 134 137 130 133 140 140 139 139 138 138 138 139 139 140 142 142 142 143 143 143 142 142 130 129 145 144 144 144 147
240 241 242 242 242 242 242 249 267 270 249 248 255 257 261 262 259 260 263 260 265 268 267 272 272 274 278 273 272 273 277 280 277 284 280 284 281 287 302 329 3 36 56 66 63 59 63 60 49 58 75 85 75 81 77 86 98 102 93 107 111 98 118 118 133 125 130 136 139 141 141 140 139 139 139 139 140 140 140 141 142 143 143 143 143 142 143 130 129 145 145 127 131 148
241 241 241 242 241 241 248 248 266 269 248 260 256 257 266 269 269 267 269 264 268 272 265 264 272 273 273 271 272 274 274 277 280 241 241 280 279 280 299 334 18 57 78 85 78 72 72 72 80 86 82 72 55 69 83 77 79 107 90 92 113 102 117 117 121 136 137 139 140 142 141 140 140 140 139 140 141 141 141 141 142 143 144 144 143 143 143 127 127 145 145 130 129 135
241 241 241 249 249 249 248 248 248 267 247 261 271 257 256 264 268 268 269 267 269 274 262 262 267 274 269 270 271 272 272 274 238 236 237 276 283 259 294 40 80 104 107 100 94 93 92 93 120 89 81 69 64 89 74 108 114 90 95 95 97 104 121 120 135 137 138 140 141 142 142 141 141 140 140 141 141 141 142 142 143 144 145 144 144 143 144 145 145 145 126 126 131 148
240 240 240 248 248 247 247 247 247 268 261 261 271 271 250 241 252 256 264 264 264 270 266 266 268 271 271 270 268 268 269 263 234 232 233 252 283 256 303 106 128 150 123 114 101 89 91 99 94 66 72 67 77 76 114 80 88 99 102 97 100 107 106 136 126 127 128 130 141 142 141 141 141 141 140 141 141 141 142 143 144 144 145 145 144 143 144 145 145 145 127 129 130 132
240 240 240 239 246 245 245 245 246 264 261 259 269 272 260 242 246 239 254 262 264 267 265 261 263 269 269 269 264 259 267 238 232 273 229 230 276 272 306 130 168 159 143 115 106 103 104 98 77 65 67 63 74 118 122 90 92 98 100 100 107 111 125 126 126 127 128 140 142 142 142 141 141 141 141 141 142 142 142 143 143 144 145 145 144 144 144 145 145 127 128 131 133 136
240 240 240 240 240 239 244 245 260 264 263 258 261 270 268 260 259 258 259 266 267 268 267 256 253 265 267 269 263 259 267 262 228 224 224 248 272 275 295 132 138 154 141 116 111 109 104 92 77 75 66 136 77 84 87 95 96 100 106 108 114 127 126 138 125 128 129 130 143 143 142 142 142 141 141 142 142 142 143 144 144 145 145 145 144 144 144 145 126 137 141 142 140 144
240 240 240 240 240 239 243 244 243 263 267 261 259 269 269 261 258 258 257 257 263 267 269 263 254 262 269 267 266 261 257 247 222 219 269 267 268 273 85 140 138 128 126 182 119 107 102 102 93 86 72 136 85 89 94 103 110 113 115 115 116 129 110 110 130 130 131 132 144 133 143 143 143 142 142 142 142 143 144 144 145 145 146 146 144 144 144 143 144 141 142 138 137 144
240 240 240 240 240 239 243 243 242 260 266 262 256 259 268 264 259 258 257 254 257 266 266 262 256 259 265 260 265 260 249 222 216 186 214 230 267 267 128 156 162 128 127 123 120 168 121 158 101 89 144 88 93 94 100 112 116 140 116 115 116 130 110 119 131 131 132 133 135 136 136 144 143 143 143 143 143 143 144 144 144 145 146 146 144 144 143 142 130 135 144 141 138 142
240 240 240 239 244 244 242 241 251 254 262 258 256 254 261 265 259 258 259 256 257 265 263 257 251 255 261 255 263 266 233 219 195 214 255 257 248 153 136 139 131 119 119 118 115 115 112 107 100 93 145 93 97 97 100 110 116 117 115 116 117 132 131 119 121 124 135 136 136 137 136 143 143 143 143 143 143 143 144 144 144 145 146 146 145 144 144 143 120 126 138 145 142 142
241 241 241 240 243 242 243 242 245 248 256 259 261 253 251 256 255 257 259 256 257 263 262 251 246 248 255 247 256 263 233 226 218 212 218 223 161 141 142 137 131 125 121 123 123 119 114 117 111 97 148 99 102 104 105 115 118 116 116 118 119 121 125 131 134 135 133 136 135 134 133 143 143 143 142 143 143 143 144 145 145 145 146 146 145 145 145 143 119 122 124 125 127 129
242 241 241 241 240 242 242 243 242 251 256 260 265 253 248 251 253 255 257 255 256 261 262 251 241 242 249 245 241 242 226 219 205 183 160 139 143 145 141 137 137 131 131 132 132 167 163 161 108 153 150 106 107 115 112 121 121 120 122 127 129 129 130 131 132 134 135 138 137 136 135 144 143 142 142 143 143 143 144 145 145 145 146 146 145 145 145 143 115 118 146 146 126 128
242 242 242 241 241 242 241 254 258 256 257 258 264 269 255 252 254 256 257 255 256 260 260 257 245 243 244 250 241 226 215 200 182 168 160 147 145 142 139 140 139 139 157 174 171 167 164 119 159 155 152 112 113 110 123 126 125 124 124 125 125 126 127 129 129 136 135 136 137 137 136 144 143 143 143 143 143 144 144 145 145 145 146 146 145 145 145 143 144 118 122 125 131 132
244 243 242 241 241 243 241 240 251 253 252 257 258 265 261 251 254 257 259 258 260 264 261 259 250 246 246 246 248 221 210 187 167 161 157 155 148 133 141 153 164 162 175 173 170 167 129 136 160 157 154 131 114 122 126 121 118 120 122 124 125 128 130 130 129 135 134 134 135 135 134 145 145 144 145 145 145 145 145 145 145 146 147 147 146 145 145 144 144 125 128 129 131 130
245 244 243 241 241 243 242 241 249 251 247 248 251 254 260 249 249 252 252 253 256 254 258 256 249 244 244 244 250 219 208 184 164 157 159 166 146 142 151 167 163 161 174 172 169 167 165 130 162 160 156 153 117 122 117 116 119 123 124 125 127 130 131 130 129 129 137 137 138 138 137 138 139 138 144 145 145 146 146 146 146 146 148 148 147 147 146 145 144 126 126 127 130 130
244 244 243 242 241 245 244 241 249 250 250 250 256 257 258 251 244 244 245 245 249 247 244 240 244 246 244 243 250 225 205 187 169 162 160 161 155 146 154 142 163 160 172 170 168 165 164 157 162 161 159 156 123 124 126 123 127 129 129 128 128 129 130 132 134 145 136 146 139 141 145 137 139 143 144 144 145 141 144 146 146 147 149 149 148 148 147 145 158 126 124 126 131 133
242 241 248 241 247 245 244 242 251 250 253 257 260 258 256 252 245 239 235 235 238 242 241 237 236 241 246 244 246 237 183 180 178 166 162 161 158 158 157 155 154 159 171 168 147 152 152 155 160 159 159 172 164 132 129 131 133 134 134 145 133 132 132 146 145 133 144 134 135 137 133 132 144 144 144 145 145 145 142 145 145 146 147 147 147 148 147 146 159 142 126 127 132 135
241 241 240 246 245 243 242 256 256 255 253 253 254 256 257 253 248 243 239 237 236 236 235 236 239 236 240 246 247 219 168 175 179 169 161 159 158 157 152 152 149 146 146 145 144 148 150 154 157 155 154 155 165 161 154 147 139 136 136 137 138 137 142 130 129 130 135 135 134 145 143 144 133 135 138 139 139 145 145 145 145 146 146 146 147 147 146 146 159 154 127 127 132 133
241 242 241 240 244 243 240 237 250 249 245 238 240 245 253 253 252 251 251 244 239 234 231 227 223 219 236 244 245 170 163 167 177 172 161 159 159 157 152 149 157 153 150 166 164 161 140 144 153 154 152 152 153 160 157 156 149 145 141 138 137 132 131 129 128 136 135 147 148 147 145 134 135 136 137 137 145 145 145 145 145 145 146 147 149 148 146 146 160 160 131 129 133 133
240 241 241 243 242 263 261 236 247 244 240 237 236 238 240 243 243 242 240 234 226 223 223 218 213 210 216 224 235 164 168 170 168 173 166 158 160 158 153 148 145 142 167 166 165 163 160 158 143 153 154 154 150 152 153 153 154 153 151 148 145 143 140 138 134 132 139 140 141 135 138 137 137 135 145 145 145 145 145 145 145 145 145 146 149 149 147 146 163 162 139 129 132 133
240 240 241 242 240 238 236 243 232 236 234 238 237 234 229 228 226 222 216 214 215 218 217 214 212 210 214 213 200 179 172 170 174 170 166 162 158 161 161 158 156 155 159 167 165 163 160 157 135 143 150 154 152 154 154 153 153 154 155 155 154 153 153 153 152 151 151 153 154 155 154 147 137 150 148 148 147 146 146 146 146 146 145 145 147 149 149 147 164 163 137 127 127 130
240 240 240 242 239 237 225 232 234 232 235 236 233 228 226 226 224 220 219 222 221 217 217 216 211 210 215 213 199 202 172 166 162 170 174 175 177 175 173 167 158 151 154 161 167 165 164 161 160 158 140 147 150 152 151 151 151 151 152 152 154 154 154 153 152 151 151 153 155 155 154 154 155 154 148 140 150 149 148 147 147 146 146 146 147 149 148 147 163 166 146 125 126 131
239 239 239 240 238 235 220 231 236 237 237 236 232 232 231 229 226 221 218 218 215 216 221 220 211 214 218 215 204 203 173 167 172 161 162 168 168 176 177 179 175 163 164 161 154 151 150 144 141 158 159 135 136 137 147 150 148 149 149 148 148 153 153 151 149 147 147 147 146 146 146 147 148 155 156 158 158 152 151 149 147 147 146 146 147 149 149 147 148 166 165 131 127 132
239 238 238 237 235 234 221 230 230 236 238 239 238 237 230 227 222 216 214 218 219 222 223 214 207 214 216 215 213 219 171 170 170 165 156 150 147 150 156 176 176 175 172 169 163 162 161 157 155 150 147 145 153 158 156 154 152 152 151 149 141 149 147 146 146 145 144 144 143 142 141 142 142 143 144 146 149 151 162 155 150 148 146 145 146 148 148 147 148 149 166 151 133 134
238 237 238 236 235 223 229 230 229 237 238 237 233 228 222 222 216 214 220 227 229 226 219 203 207 215 216 215 212 209 178 171 169 162 163 162 150 150 147 141 174 154 150 151 153 164 163 162 162 162 160 160 160 158 155 153 152 152 152 149 153 151 147 145 143 142 141 140 139 138 138 138 138 138 139 140 142 145 149 151 166 149 148 147 147 147 147 147 148 149 149 160 141 137
