examples/cougarCreek-fire/createInputs/farsite/7a-cougarCreek-polygonIgnit/cougarCreekFire_08-11-2015_0000_217m_non_neutral_stability_vel.asc
ncols	146
nrows	140
xllcorner	610065.000000
yllcorner	5095217.000000
cellsize	216.586807
NODATA_value	-9999.000000
[rows 37 to 73 of 140, columns 0 to 81 of 146]
8.76 9.28 9.92 11.07 11.16 11.23 11.24 15.06 10.99 13.94 13.54 14.11 14.42 15.54 14.84 15.23 15.88 16.01 15.30 14.73 15.22 16.27 17.34 16.79 16.42 15.89 17.08 18.53 15.82 16.47 28.59 30.48 25.17 16.44 14.92 13.93 10.41 7.73 7.51 8.66 8.93 8.67 8.48 8.93 8.62 8.47 8.18 7.30 2.60 2.01 3.42 5.25 4.60 4.30 4.03 3.34 2.80 2.39 1.96 1.80 1.91 2.18 2.45 2.83 3.36 3.98 4.40 4.58 4.56 4.37 4.71 6.98 9.30 6.09 5.68 5.31 5.09 4.92 4.78 4.65 4.50 4.34
8.94 9.62 10.35 11.33 11.30 11.18 10.98 10.81 13.51 13.03 13.87 14.28 14.67 14.10 13.97 14.64 15.09 14.89 15.02 16.15 16.61 16.03 16.19 17.09 15.97 15.23 17.69 18.74 14.89 21.30 29.35 26.70 18.57 13.97 16.11 17.05 11.98 8.23 6.75 4.94 5.01 5.45 7.35 8.63 8.94 8.63 8.14 7.31 6.80 6.49 0.62 2.62 3.76 4.62 4.30 3.86 3.53 3.30 3.14 3.10 1.04 1.11 1.37 1.78 2.25 2.91 3.34 3.36 3.40 3.51 3.63 4.04 4.25 4.54 6.29 7.92 5.18 4.89 4.65 4.46 4.31 4.21
9.53 10.14 10.63 11.32 11.26 11.13 10.49 10.66 13.88 14.27 14.70 14.66 13.68 14.95 15.09 15.47 15.53 15.13 14.89 15.42 15.53 15.56 17.00 18.18 16.44 16.90 18.51 19.58 15.66 22.40 30.05 26.81 11.42 10.40 9.54 9.75 8.16 7.48 5.80 5.48 7.54 4.67 6.20 4.11 4.16 3.48 2.54 2.35 2.69 5.75 5.93 1.25 0.99 0.78 2.08 3.62 1.83 1.36 2.70 2.56 2.52 0.28 0.44 1.22 1.94 3.57 3.82 4.06 4.36 4.61 4.64 4.75 4.86 3.21 3.42 3.22 3.53 4.98 4.74 4.47 4.20 4.09
10.02 10.32 10.68 11.09 11.05 11.00 10.45 10.69 11.00 14.62 15.12 15.39 15.59 16.54 15.53 15.46 15.05 14.12 13.77 14.61 15.56 16.72 18.35 17.71 14.55 16.69 18.46 19.25 19.46 25.40 27.25 29.36 13.48 4.13 5.82 6.93 6.74 2.88 3.08 5.33 8.82 9.43 8.93 8.96 8.22 4.70 4.83 4.35 3.60 2.61 1.91 1.10 3.33 4.42 3.94 3.55 3.25 2.79 2.49 2.33 1.65 2.12 2.22 2.43 2.68 2.97 3.23 3.43 3.64 3.81 3.79 3.84 3.92 4.00 4.00 4.02 4.22 4.50 2.54 4.71 4.37 4.09
10.31 10.44 10.59 10.87 11.03 11.06 10.50 10.92 11.24 14.98 15.62 15.74 15.41 15.20 14.29 14.56 14.03 12.98 14.53 16.08 17.53 18.63 18.87 13.78 13.78 16.49 18.57 19.35 19.68 22.32 20.85 28.50 15.72 5.76 4.51 2.83 7.65 6.59 2.24 3.23 8.71 4.29 4.10 4.06 4.13 6.80 6.66 6.54 6.05 5.81 5.17 4.65 4.44 3.63 2.63 2.03 1.43 0.76 0.61 0.22 1.95 1.81 1.78 1.88 2.11 2.43 2.74 2.99 3.18 3.31 3.26 3.27 3.35 3.43 3.42 3.32 3.32 3.50 3.82 4.29 1.53 4.29
10.30 10.38 10.43 10.62 11.64 10.96 10.94 11.01 11.53 11.53 11.82 15.75 14.97 14.30 13.83 13.64 13.54 14.66 16.28 17.07 18.67 18.89 15.28 12.14 15.42 17.40 19.16 18.84 17.30 17.93 19.18 20.31 19.72 12.10 5.71 1.39 3.45 4.55 4.10 5.11 4.05 4.08 4.16 3.76 2.95 2.05 2.26 5.76 5.72 6.32 5.38 5.31 4.85 4.53 4.04 3.51 3.04 2.60 2.25 1.86 1.54 1.40 1.39 1.55 1.81 2.11 2.43 2.72 2.95 3.10 3.07 3.05 3.09 3.19 3.21 3.06 2.95 2.91 2.98 3.41 1.39 3.35
10.25 10.44 10.62 11.02 12.09 9.38 11.50 11.82 11.80 12.03 16.03 14.90 12.82 12.75 12.02 12.42 14.27 15.20 16.42 17.55 18.36 15.22 12.33 12.08 16.33 18.13 18.86 16.00 16.48 17.53 16.87 15.86 14.50 14.67 11.50 6.10 1.49 3.00 4.09 6.32 7.06 5.44 3.86 4.40 7.78 7.53 6.71 5.81 1.71 5.26 6.15 5.49 4.98 4.61 4.09 3.57 3.07 2.60 1.11 1.76 1.37 1.17 1.20 1.47 1.81 2.13 2.43 2.75 3.04 3.18 3.16 3.13 3.13 3.21 3.27 3.13 2.91 2.70 2.52 2.79 3.57 4.31
10.53 10.78 11.16 11.62 11.73 11.25 11.85 11.94 12.16 15.17 13.53 11.00 11.02 12.98 12.50 13.59 13.59 13.91 15.49 16.93 16.63 13.03 12.29 13.93 16.59 17.98 15.57 14.37 16.43 17.27 14.44 11.53 10.72 9.13 9.01 9.84 4.22 0.70 3.22 6.85 8.06 7.14 8.59 8.33 8.57 9.08 7.27 4.27 2.99 6.00 6.43 5.77 5.20 4.69 4.19 3.68 3.18 2.71 2.29 1.84 1.41 1.13 2.83 3.04 3.46 3.89 4.35 4.90 5.24 5.38 5.35 5.34 5.39 5.46 5.58 3.48 3.26 2.82 2.26 2.41 3.02 3.82
10.73 11.21 11.74 11.86 11.65 11.70 11.87 12.12 12.63 11.71 9.92 10.22 12.94 14.42 14.34 13.60 11.19 14.32 16.20 17.21 17.24 15.00 14.10 13.54 16.11 16.13 14.04 15.39 17.47 17.66 13.01 10.22 9.89 11.20 7.09 5.41 5.55 3.32 3.94 6.78 7.18 8.50 8.98 9.17 9.11 9.34 7.13 3.47 1.81 4.74 6.55 4.11 5.46 4.82 4.31 3.82 3.34 2.89 2.40 2.42 2.37 2.51 5.20 5.55 6.08 6.36 6.46 7.31 7.91 8.02 7.77 5.95 6.21 6.49 6.68 6.76 6.43 4.69 2.73 2.65 2.54 3.15
11.37 11.87 9.91 11.60 11.58 11.86 11.68 12.49 11.87 9.14 9.86 12.40 13.97 14.66 13.91 12.76 13.58 15.26 16.89 17.92 18.17 14.40 12.60 11.49 12.66 13.37 13.74 16.70 18.22 16.17 12.14 10.54 10.38 9.48 11.66 4.25 3.25 3.26 5.56 6.05 8.23 9.27 10.18 10.28 8.56 6.83 3.27 1.51 2.70 3.96 6.68 6.63 5.76 4.94 4.40 3.98 3.53 3.38 2.66 3.74 4.05 4.83 5.15 5.65 6.30 6.34 5.98 6.71 7.51 7.42 7.03 8.17 7.82 3.06 6.64 6.88 3.86 6.80 3.37 2.78 2.42 2.54
12.08 8.45 10.11 11.58 11.88 12.05 9.72 10.97 11.28 9.48 12.40 13.71 14.55 14.87 15.02 15.83 11.61 15.99 17.49 17.81 17.13 11.60 9.74 10.03 11.82 12.85 15.50 17.81 17.23 15.40 12.98 12.19 11.05 10.03 13.07 12.05 5.64 2.90 3.03 8.46 7.28 7.96 4.73 6.27 8.26 4.87 5.94 5.87 4.98 5.51 7.21 6.98 6.01 4.88 4.29 3.93 3.57 5.31 3.81 3.20 3.64 4.45 5.57 5.77 6.20 6.70 6.42 6.71 6.81 6.80 7.42 8.15 8.09 6.00 3.19 6.67 7.35 3.70 6.49 3.61 2.25 1.90
12.31 10.05 10.85 11.73 10.51 10.42 8.91 11.49 12.96 12.38 13.61 12.17 15.05 15.62 12.11 12.36 17.37 16.93 17.80 17.33 14.78 9.83 8.80 11.19 13.18 15.47 17.30 18.33 15.75 16.66 15.25 14.22 14.46 10.69 14.41 13.03 5.93 2.60 2.11 5.34 7.32 6.06 8.65 8.02 8.85 7.98 8.46 6.11 6.43 6.86 7.69 8.07 5.48 4.03 4.20 3.05 1.25 5.20 6.12 6.30 5.95 5.82 6.08 6.41 6.36 6.08 6.03 6.12 6.54 7.60 7.51 5.18 8.06 8.33 3.25 6.41 8.64 7.38 7.64 4.39 1.87 1.30
10.45 11.63 10.55 9.07 10.24 10.23 11.72 11.80 12.15 13.90 14.34 12.55 12.66 12.83 17.65 17.35 16.26 15.83 13.89 14.84 14.32 9.76 10.01 13.42 13.87 15.89 17.40 17.17 18.46 17.43 15.84 14.95 16.10 12.40 8.67 12.96 3.04 4.18 2.33 6.15 7.58 6.21 7.29 9.44 8.23 7.43 4.09 6.95 6.74 7.50 8.50 5.69 11.05 6.75 3.17 3.95 4.09 4.79 5.72 6.47 4.15 4.15 3.90 6.63 7.44 6.53 6.90 6.85 6.92 7.31 4.83 5.08 7.93 5.72 3.24 6.14 6.66 7.20 7.61 6.65 2.67 2.20
11.13 9.63 8.99 9.83 10.57 11.18 11.55 12.55 12.53 12.52 12.82 13.24 13.40 17.16 16.32 13.58 13.88 12.39 12.27 14.33 14.04 11.66 11.55 11.63 11.70 12.71 12.01 15.84 16.11 17.60 14.90 15.34 16.14 12.22 10.19 8.34 3.61 3.19 2.96 5.37 7.01 6.13 5.56 6.90 8.83 8.73 7.90 8.71 10.52 12.89 11.83 11.02 11.90 11.53 10.25 6.47 4.59 4.17 5.62 5.98 4.27 4.69 4.74 4.59 6.95 6.37 6.50 6.38 3.75 4.01 6.97 4.73 5.74 6.28 6.43 6.06 5.81 5.69 4.12 6.97 3.51 3.51
11.34 10.70 9.81 11.11 11.46 11.86 12.69 12.79 12.90 13.07 13.53 14.12 14.24 17.03 12.67 11.73 12.45 11.85 13.00 14.60 12.93 11.96 12.22 8.63 11.15 12.49 15.92 13.28 16.81 16.64 14.51 15.66 15.64 11.65 9.45 7.49 3.83 3.81 4.32 5.60 5.71 5.14 4.51 4.43 6.16 6.82 6.83 7.15 7.91 11.15 11.66 12.02 8.81 12.23 8.03 0.41 4.88 4.28 4.21 5.82 5.77 4.64 5.19 5.17 4.94 4.48 7.19 7.73 7.14 5.30 5.61 9.38 6.19 6.50 6.06 6.31 6.49 6.83 3.95 7.43 3.92 4.06
10.92 10.53 10.52 11.74 12.09 12.87 13.08 13.24 15.16 13.62 14.35 16.61 13.27 12.40 10.87 10.66 11.35 12.14 13.47 13.79 12.58 13.22 13.03 11.43 11.20 10.33 10.89 14.49 19.77 15.22 13.80 14.69 14.51 11.51 7.97 5.81 3.98 5.24 5.14 5.40 4.94 4.68 4.40 3.39 4.48 6.12 6.13 6.37 6.73 7.25 8.56 8.96 9.11 9.02 8.48 12.30 4.45 4.83 5.74 5.37 5.27 5.90 5.20 3.32 5.47 5.26 5.38 5.26 4.96 5.01 2.78 5.48 5.68 3.18 3.22 3.38 3.53 3.71 3.93 4.05 8.18 4.40
10.89 9.82 12.02 12.30 13.25 12.95 14.00 14.30 14.98 16.60 15.80 11.80 12.44 11.58 11.49 11.56 11.48 13.09 13.85 13.42 13.77 12.81 12.73 8.31 14.64 11.02 18.74 16.65 15.22 13.53 11.13 13.46 14.75 11.84 6.96 4.51 3.30 3.25 2.32 3.22 4.20 4.99 5.14 3.78 3.54 5.73 5.64 6.39 6.62 6.89 7.09 7.22 7.45 8.89 8.60 12.56 8.26 6.37 5.62 5.56 5.18 5.28 3.97 3.61 3.30 3.08 2.95 2.84 2.67 2.60 2.75 2.94 3.01 3.10 3.26 3.44 9.38 7.65 4.11 4.25 4.45 4.62
11.34 10.22 12.88 13.08 12.26 11.59 13.45 15.13 15.70 16.39 11.94 12.06 11.27 11.35 13.53 12.78 11.90 15.26 15.32 14.05 12.33 12.17 12.22 11.25 12.92 14.63 14.79 13.67 14.28 13.66 9.59 13.69 14.92 13.20 9.63 4.28 6.05 5.75 2.65 4.09 5.56 5.36 5.61 6.43 5.48 5.47 5.34 6.39 6.71 7.03 7.10 6.96 6.96 6.95 8.42 8.18 7.24 6.57 6.49 6.18 5.55 4.18 3.78 3.41 3.10 2.92 2.84 2.71 2.58 2.61 2.79 2.96 3.08 3.24 3.42 3.60 3.83 4.06 4.18 4.38 4.64 4.77
12.31 11.36 12.22 11.88 11.22 10.72 12.99 15.99 13.22 12.40 12.35 11.14 11.21 11.74 13.99 13.40 12.24 14.91 12.75 12.61 12.03 11.85 11.64 11.63 14.18 13.50 13.03 13.72 15.13 13.81 10.21 13.91 14.65 13.14 7.22 8.65 8.32 10.88 8.56 7.27 7.90 9.33 5.99 5.78 6.63 6.00 6.30 6.22 6.38 6.85 7.11 6.93 6.71 6.54 6.42 7.64 6.91 5.69 5.20 4.77 4.40 4.07 3.73 3.44 3.17 2.92 2.74 2.62 2.61 2.73 2.92 3.06 3.15 3.22 3.32 3.50 3.68 3.78 4.00 4.42 4.73 4.76
12.30 12.84 11.53 11.64 11.55 11.96 14.52 13.95 12.53 11.57 10.66 10.95 11.43 11.48 13.69 12.34 11.93 12.47 12.96 10.97 11.36 10.63 10.50 11.59 13.17 13.05 13.84 14.73 15.77 12.26 10.60 14.01 14.50 13.05 7.76 4.32 8.67 10.75 7.37 8.03 8.38 10.10 8.72 5.37 5.41 7.24 6.31 6.62 6.09 6.20 6.65 6.82 6.78 6.53 6.34 6.14 5.93 5.61 5.14 4.76 4.51 4.34 4.19 4.00 3.81 3.57 3.26 3.10 3.11 3.18 3.26 3.25 3.17 3.14 3.22 3.37 3.52 3.75 4.20 4.61 4.69 8.40
13.91 12.82 11.21 11.65 11.26 12.33 15.58 12.41 12.41 11.14 10.86 12.20 12.28 11.54 11.93 11.97 12.07 16.47 10.36 8.68 10.76 10.03 10.54 10.72 13.10 12.60 13.94 15.34 14.57 11.27 12.45 14.54 15.64 15.78 5.41 4.40 9.58 9.26 5.28 7.93 8.44 9.06 10.61 7.84 5.09 8.36 7.63 7.47 6.92 6.07 5.90 6.10 6.59 6.65 6.47 6.22 5.98 5.79 5.45 5.07 4.75 4.50 4.30 4.11 3.92 3.81 3.73 3.64 3.55 3.44 3.30 3.15 3.09 3.16 3.34 3.56 3.79 4.11 4.40 6.31 4.43 4.46
13.86 12.71 11.62 11.61 12.22 16.14 13.13 12.92 11.32 10.82 13.18 13.01 11.80 10.97 15.45 13.24 13.74 13.67 13.27 10.08 10.75 10.48 10.43 10.85 13.03 12.77 11.19 15.93 12.97 11.07 14.05 15.27 15.53 16.13 5.09 4.57 7.46 8.26 5.90 8.68 8.09 7.50 9.26 9.18 7.86 4.88 5.20 8.80 8.45 7.19 6.50 5.66 4.05 6.51 6.50 6.27 6.06 5.89 5.65 5.33 4.98 4.63 4.35 4.10 3.88 3.72 3.63 3.54 3.42 3.28 3.16 3.12 3.23 3.45 3.71 3.94 2.95 4.61 5.75 6.39 4.30 4.46
13.77 12.42 11.68 12.51 13.67 15.05 13.50 11.64 10.88 12.25 13.70 12.01 12.98 11.06 11.68 12.33 15.44 14.50 12.85 11.34 11.00 10.65 10.96 11.41 11.91 10.96 11.84 14.95 12.40 13.20 15.22 15.35 14.34 14.42 8.89 4.73 5.02 7.26 7.07 9.91 9.43 8.31 9.19 9.09 10.48 11.73 9.68 9.07 6.28 8.56 7.83 6.94 6.20 6.51 6.64 6.40 6.14 5.87 5.54 5.29 5.05 4.79 4.56 4.36 4.17 3.96 2.72 3.48 3.31 3.21 3.24 3.40 3.60 3.81 1.78 6.38 8.67 8.72 6.02 5.81 4.25 4.39
13.56 12.26 12.14 13.35 14.35 13.64 11.91 10.80 12.20 13.70 11.69 11.60 11.53 12.17 13.01 15.85 20.29 12.79 12.29 11.19 10.36 10.71 11.39 11.17 10.79 11.47 14.55 13.68 13.70 15.02 15.45 14.32 14.19 13.74 10.21 6.43 4.56 6.32 8.11 9.04 9.58 8.34 8.23 9.74 9.30 10.18 10.23 12.23 12.09 9.00 8.98 5.33 6.00 7.16 7.09 6.84 6.56 6.26 5.84 5.48 5.20 4.90 4.67 2.16 2.68 4.16 3.97 3.76 3.60 3.59 3.70 3.85 2.01 2.89 8.25 7.97 5.66 7.85 9.08 9.30 8.92 7.81
13.01 12.10 12.39 13.31 12.99 12.41 11.20 10.77 11.17 11.46 11.77 12.51 13.26 15.90 16.29 16.92 9.99 12.04 10.39 9.38 10.61 10.38 11.54 11.00 11.29 11.75 11.72 14.28 14.92 15.16 14.00 13.39 13.98 12.80 9.40 7.51 5.49 5.93 8.35 8.66 8.67 7.91 8.17 9.13 8.88 10.37 10.69 10.99 11.67 8.34 8.29 7.93 7.55 7.38 7.27 7.10 6.07 5.18 4.65 4.27 3.86 3.46 2.91 2.38 4.29 4.16 4.13 4.15 4.16 4.13 1.61 3.15 7.61 7.57 5.10 7.32 8.34 8.97 7.45 7.71 10.04 8.10
12.36 12.05 12.45 12.73 12.13 11.69 10.88 10.62 11.16 11.88 13.01 16.64 16.84 16.74 20.26 16.32 13.20 11.29 11.69 9.50 10.75 10.63 9.66 11.28 11.09 11.50 14.39 14.72 15.03 14.46 13.41 13.58 14.31 13.12 7.67 7.71 6.92 6.36 8.47 9.31 9.33 7.76 9.01 10.04 9.16 9.90 10.05 8.35 8.79 7.78 7.94 7.49 7.11 12.13 6.89 6.82 8.65 6.48 9.06 6.45 3.79 3.74 3.54 3.32 2.68 2.48 4.54 2.78 2.14 2.29 5.33 6.42 6.09 3.94 6.54 8.12 8.92 9.25 9.09 7.43 9.81 9.82
11.80 11.86 12.12 12.00 11.46 10.99 10.56 10.90 12.27 16.37 17.29 17.40 16.94 20.08 20.16 10.52 12.35 12.15 9.49 7.79 9.44 9.68 8.94 10.69 11.03 11.34 14.01 14.90 15.05 14.06 13.89 14.10 14.67 11.46 6.71 7.32 8.02 7.14 8.51 9.40 9.41 7.05 7.28 10.14 8.97 8.72 9.27 11.03 11.00 7.60 7.81 7.35 6.99 11.18 6.60 6.62 12.69 6.26 9.52 10.77 5.65 5.56 4.18 2.97 1.62 2.77 2.30 9.63 11.03 7.21 6.17 6.64 6.67 6.63 7.47 8.00 8.92 6.91 8.99 8.91 9.40 4.08
11.57 11.71 11.89 11.71 11.20 10.98 11.45 12.99 17.47 18.17 20.49 20.65 20.74 21.18 11.53 13.21 11.53 9.56 9.21 8.00 9.46 9.65 9.90 10.76 11.83 12.30 13.66 14.81 14.22 13.56 13.61 13.65 12.48 9.71 7.31 7.47 8.50 8.29 8.88 9.50 9.46 6.90 6.32 8.68 9.85 8.61 9.05 8.06 8.21 11.05 7.21 7.27 6.96 6.76 6.56 6.56 6.53 7.96 6.15 9.41 5.59 7.56 5.40 8.31 8.98 8.72 9.07 9.67 4.38 10.22 6.91 5.54 9.43 9.55 6.05 7.91 6.20 6.69 8.08 7.75 8.29 9.17
11.49 11.63 11.88 11.90 11.89 12.56 13.90 18.24 18.59 20.16 18.76 18.92 18.01 11.24 13.16 12.10 10.42 8.64 10.02 7.41 10.73 10.42 10.60 10.09 11.24 10.79 11.48 14.90 14.47 14.13 13.73 11.96 11.49 9.20 7.31 7.63 9.51 8.88 9.33 11.16 9.90 7.92 6.07 6.79 8.52 8.29 9.45 9.52 8.09 8.95 7.56 7.39 6.93 6.74 11.65 6.42 6.46 6.34 6.14 10.07 5.61 5.34 5.26 9.47 8.24 8.54 8.76 8.98 9.74 11.44 8.67 8.40 9.12 9.42 5.83 7.03 5.59 3.30 3.45 4.46 5.10 5.90
11.02 11.22 11.77 12.47 16.67 17.41 18.45 21.36 20.39 19.61 18.30 16.75 13.88 10.52 11.93 11.35 11.33 8.31 11.01 9.59 10.66 10.71 10.82 10.24 11.95 11.05 11.77 12.18 15.14 14.41 13.43 9.45 9.20 8.86 7.51 7.95 11.63 8.67 9.12 13.07 10.10 8.30 5.15 6.01 6.81 6.95 7.59 7.68 7.67 12.46 8.38 6.94 6.85 9.88 6.43 6.35 6.38 6.36 6.26 6.07 7.74 5.38 10.37 10.85 10.84 9.08 6.30 10.41 8.99 8.90 8.17 5.36 8.45 9.16 9.38 7.34 2.18 3.41 6.01 6.98 6.57 6.28
10.93 11.49 12.70 17.24 18.36 18.60 21.34 20.69 19.73 18.57 16.13 14.02 12.09 10.14 11.65 12.99 11.10 8.70 11.20 9.38 10.53 10.92 10.75 10.18 11.27 11.08 11.90 12.32 14.48 13.15 10.82 8.47 8.24 9.17 9.08 9.02 12.12 8.58 10.03 13.01 9.87 9.38 4.85 6.16 5.82 5.50 8.13 8.81 8.08 11.05 11.04 6.70 6.76 6.69 10.37 6.26 6.27 6.32 6.34 3.89 5.94 7.42 7.85 5.28 10.78 9.94 9.92 4.93 4.97 8.29 7.42 7.96 8.66 8.79 9.25 9.82 4.09 4.02 3.90 3.83 3.73 3.68
11.56 12.38 13.79 17.89 18.45 17.42 15.95 15.01 14.90 15.12 11.56 13.03 12.81 13.96 11.52 12.81 10.98 9.03 10.48 9.80 10.80 10.59 10.63 8.64 10.57 9.69 10.19 12.56 14.16 11.08 10.78 8.15 7.94 10.45 10.87 9.67 12.02 9.75 10.49 13.14 10.92 13.26 6.48 7.90 5.96 5.59 5.71 7.28 6.29 8.97 9.42 6.92 6.77 6.74 6.45 10.04 5.99 6.16 6.31 11.47 6.92 7.33 6.04 9.70 6.79 6.19 6.19 4.96 5.02 9.49 7.03 6.36 4.97 5.09 8.08 9.49 9.68 8.49 3.62 3.50 6.19 4.70
11.82 12.45 13.86 17.23 15.75 12.76 12.41 12.74 13.44 14.06 10.81 9.75 10.29 13.81 11.25 12.62 10.73 10.62 10.16 11.25 10.35 10.28 9.47 9.71 10.91 9.68 10.43 12.69 12.84 10.39 12.32 8.88 7.07 9.11 10.97 12.11 12.55 10.10 10.52 13.01 13.73 14.61 10.01 6.34 5.86 5.61 5.85 6.20 6.02 6.16 6.39 6.85 6.72 6.77 6.66 6.28 10.25 5.80 6.23 8.62 5.65 5.89 5.62 7.19 8.34 7.65 7.51 4.98 5.00 5.14 9.08 7.43 7.40 5.16 7.17 8.16 8.92 3.97 4.60 3.84 3.83 3.90
11.65 12.43 14.28 17.21 14.65 11.53 11.36 12.74 13.50 13.48 11.82 11.06 9.69 11.11 11.20 12.57 10.70 10.76 10.46 11.26 11.00 9.96 10.34 11.03 10.86 9.84 12.81 14.71 11.16 12.06 13.90 10.66 6.90 8.42 11.03 12.12 12.01 9.52 10.45 12.73 13.92 13.55 11.72 6.86 5.98 5.58 6.61 6.99 5.90 5.74 7.05 6.77 6.69 9.34 6.72 6.53 6.01 5.61 5.91 6.44 8.48 6.30 6.01 5.76 5.53 6.08 6.55 7.79 5.02 5.05 10.74 8.86 8.10 8.31 8.31 8.60 8.83 4.18 6.86 5.99 4.62 6.14
11.76 13.03 14.92 15.06 14.36 11.14 11.48 13.12 13.53 12.65 12.49 12.14 13.53 9.69 14.06 12.43 10.57 10.85 10.85 11.28 7.68 10.46 10.28 10.91 9.78 10.18 13.08 12.07 10.24 12.83 13.75 9.24 9.01 8.59 11.44 12.10 9.84 9.18 10.55 13.70 13.31 9.85 10.64 9.72 6.03 5.43 5.58 6.05 5.81 5.87 5.73 6.72 6.03 9.22 8.86 6.58 6.32 5.76 5.61 6.07 6.50 10.96 6.34 6.12 5.87 5.74 5.59 4.57 7.65 5.11 5.04 10.38 7.86 7.91 8.16 8.29 8.67 8.75 8.92 8.55 4.03 3.99
12.47 13.92 15.15 14.81 13.87 11.14 12.01 13.42 13.28 12.14 12.84 12.49 13.63 15.44 12.55 11.86 10.34 10.91 10.78 11.21 10.71 10.37 10.44 11.13 10.01 12.94 12.60 10.66 11.47 13.49 13.01 8.27 6.58 10.41 12.98 12.09 8.79 7.44 11.77 12.56 11.39 9.58 8.28 13.88 4.47 5.51 5.88 6.40 5.63 6.99 5.53 6.75 7.53 10.21 6.67 6.60 6.48 6.09 5.63 5.74 6.24 6.46 11.10 5.67 4.51 6.00 3.43 5.73 5.53 4.14 5.20 8.44 7.64 6.23 6.67 7.99 7.69 8.67 7.80 8.95 8.54 7.99
13.37 14.29 14.87 14.54 13.03 11.60 12.18 13.14 11.87 11.41 12.36 12.45 13.69 14.45 11.60 11.15 10.17 10.90 11.41 11.15 10.65 10.55 10.69 12.68 10.20 13.29 13.25 12.16 14.09 10.64 11.34 7.58 6.72 11.04 12.56 12.15 7.43 6.20 11.72 12.55 12.59 9.38 8.05 13.97 9.16 5.63 5.32 6.74 6.75 6.97 5.73 6.83 7.36 6.65 9.38 6.70 6.60 6.37 5.90 5.70 6.01 6.40 8.47 10.13 8.64 7.92 6.11 6.88 6.06 6.29 6.51 6.77 7.38 7.12 7.25 7.89 7.86 7.65 7.97 8.10 8.51 7.53
