examples/cougarCreek-fire/createInputs/farsite/7a-cougarCreek-polygonIgnit/cougarCreekFire_08-12-2015_1500_217m_non_neutral_stability_vel.asc
ncols	146
nrows	140
xllcorner	610065.000000
yllcorner	5095217.000000
cellsize	216.586807
NODATA_value	-9999.000000
[rows 36 to 71 of 140, columns 0 to 80 of 146]
2.82 10.43 10.85 4.50 4.81 4.85 4.51 10.56 9.56 9.40 8.99 9.73 8.43 8.20 8.98 9.79 11.09 12.07 10.48 8.85 7.78 10.34 6.66 13.02 18.34 25.63 35.05 36.32 29.87 32.43 31.23 29.72 31.01 25.78 23.62 25.39 25.55 25.60 25.00 24.06 23.20 22.52 15.76 15.62 15.65 15.41 14.42 12.99 16.99 14.54 11.94 12.06 13.69 15.29 16.43 16.84 17.33 16.26 15.67 15.62 15.63 15.52 15.24 14.52 14.38 13.85 10.76 10.02 9.28 10.62 8.70 8.22 7.40 6.66 3.98 3.76 3.70 3.65 3.70 3.98 4.33
4.14 4.11 4.58 5.67 5.99 6.36 10.73 9.74 9.58 9.28 8.84 8.60 9.15 8.29 8.43 8.30 9.53 10.31 8.47 7.19 8.17 9.32 12.42 9.37 14.65 15.05 22.39 38.95 37.08 32.27 31.09 30.06 27.03 26.75 25.54 25.04 26.72 25.53 25.31 23.77 23.01 22.32 19.84 15.81 15.25 15.57 15.41 13.64 18.04 16.28 15.13 12.89 13.92 13.77 14.94 15.66 15.13 14.10 13.17 12.75 12.51 12.05 11.52 10.94 10.34 9.70 8.76 7.92 7.09 6.24 6.08 7.73 9.53 5.51 4.96 4.57 4.31 4.22 4.29 4.34 4.50
4.34 4.05 4.27 5.30 6.03 6.63 6.38 5.93 10.47 10.01 11.10 8.27 8.85 8.67 9.68 10.78 11.04 11.73 12.07 10.37 9.75 9.91 11.34 15.10 15.92 14.30 20.12 43.08 46.41 30.77 32.34 32.96 29.25 24.27 21.50 20.19 19.43 20.60 20.97 22.14 24.30 24.85 22.65 20.00 15.66 15.43 15.63 14.21 12.19 11.86 17.18 16.55 14.35 13.35 14.16 14.43 14.24 13.36 12.52 12.33 11.93 11.43 11.10 10.78 10.19 9.43 8.36 7.61 7.22 6.53 5.95 5.55 5.11 4.78 5.80 7.71 5.64 5.27 4.94 4.88 5.01
4.01 4.08 4.46 5.23 6.08 6.58 7.36 6.09 11.46 12.27 11.00 8.97 8.50 9.71 10.59 11.01 11.82 11.98 11.21 9.14 7.87 9.58 11.57 14.34 15.52 7.76 18.16 44.01 51.05 37.00 33.56 34.76 27.78 25.64 24.01 22.35 21.82 18.12 16.33 16.75 18.94 21.59 20.53 21.82 22.85 21.60 21.40 22.21 20.53 13.42 12.30 18.94 18.50 18.93 15.52 13.93 14.88 13.70 12.12 11.95 11.37 10.82 10.80 10.95 10.46 9.52 8.53 8.01 7.94 7.53 6.89 6.36 6.12 4.31 4.07 4.10 4.00 6.78 6.65 6.01 5.33
4.04 4.30 4.68 5.07 5.72 6.50 6.87 7.00 8.13 7.39 6.41 8.75 10.48 11.63 9.92 9.75 9.77 11.06 10.09 9.25 9.35 11.25 13.55 13.26 12.08 5.70 16.09 36.17 49.19 45.49 39.63 34.74 30.78 26.17 25.31 26.94 27.75 25.47 20.87 15.19 17.88 17.86 17.19 17.54 19.09 17.99 17.94 18.16 17.70 18.22 17.69 17.88 15.39 14.37 14.27 14.16 13.90 12.73 12.31 12.17 13.36 10.68 11.04 11.09 10.54 9.72 8.79 8.06 7.71 7.29 6.57 5.79 5.36 5.10 4.94 5.12 5.98 7.48 8.41 8.03 6.64
4.15 4.35 4.50 4.68 5.37 6.10 6.66 7.78 8.89 6.44 3.06 8.30 10.38 10.58 8.30 8.04 8.01 9.25 9.35 11.57 12.56 14.42 15.49 9.56 8.50 6.04 14.34 26.38 37.05 46.96 45.39 36.54 32.30 29.35 24.69 23.74 26.68 25.70 23.45 22.90 16.91 23.21 23.56 22.62 20.63 15.46 15.52 14.96 13.80 14.09 14.17 13.47 14.11 15.41 15.95 15.76 15.45 14.66 13.76 14.06 11.82 11.14 11.22 11.07 10.52 9.86 9.09 8.32 7.71 7.21 6.48 5.66 4.97 4.53 4.14 4.16 4.76 6.50 6.78 8.07 8.73
4.18 4.28 4.05 4.53 5.12 5.96 6.15 7.83 8.55 7.47 4.58 3.74 6.91 9.94 7.14 6.10 6.79 8.49 11.61 14.91 17.42 18.24 12.27 5.46 6.34 12.08 17.47 23.31 30.94 46.55 48.93 39.98 32.33 28.90 26.96 25.65 25.49 24.79 24.24 22.25 23.26 23.21 23.71 23.42 22.54 22.75 20.67 14.84 13.25 12.96 14.14 12.75 13.38 14.78 14.99 14.66 14.15 13.45 13.21 13.10 12.25 11.53 11.48 11.23 10.60 9.90 9.20 8.48 7.83 7.28 6.70 6.00 5.21 4.67 4.13 3.82 4.15 5.62 6.01 5.33 7.43
4.12 4.20 3.83 4.51 5.60 7.23 5.72 7.27 7.78 6.68 5.79 6.06 8.18 7.38 8.42 7.58 6.65 7.62 11.11 17.07 19.16 15.15 7.60 4.99 8.52 14.29 22.05 21.06 29.19 46.99 50.78 39.37 31.58 32.80 29.58 27.87 24.78 24.33 24.68 22.89 22.12 23.37 24.90 23.56 17.07 16.79 16.03 14.54 17.61 13.63 13.24 12.92 13.27 14.50 14.77 14.53 14.12 13.55 16.14 13.24 12.42 11.63 11.49 11.38 10.95 10.28 9.62 9.06 8.49 7.87 7.46 6.94 6.37 5.83 5.33 4.73 4.38 4.96 6.12 6.10 5.75
4.11 4.26 4.20 4.73 5.27 5.05 5.55 6.62 7.21 5.44 6.83 8.98 7.38 4.67 4.43 9.87 7.09 7.72 10.49 17.28 19.49 13.95 8.30 6.92 10.31 14.79 17.46 16.49 26.63 45.83 50.44 39.37 30.05 30.58 29.89 30.33 25.77 23.93 24.38 24.10 20.66 20.86 17.34 17.70 17.72 17.22 20.89 18.66 12.61 12.40 13.38 13.40 13.53 14.28 14.74 14.46 14.15 13.89 13.82 13.49 12.56 11.93 12.16 12.12 12.13 12.23 12.15 11.85 11.69 11.33 11.17 10.96 10.62 10.29 10.11 6.67 5.79 5.41 6.64 7.11 6.68
4.10 4.35 4.41 4.56 4.56 4.90 5.50 6.07 7.03 7.88 9.65 8.62 4.94 5.43 3.38 5.52 6.58 9.72 4.77 12.95 21.04 16.04 11.31 6.81 9.37 11.31 12.72 14.56 27.33 45.33 47.77 37.87 29.86 28.74 29.18 29.15 27.85 25.84 25.40 24.85 23.63 17.80 17.87 18.35 18.25 21.77 22.68 13.53 10.84 12.05 13.60 16.26 13.87 14.04 14.75 14.33 13.92 14.19 14.27 14.03 13.13 12.67 14.00 14.81 15.28 16.69 16.14 15.04 14.67 14.56 14.06 11.67 11.34 10.71 10.39 10.24 10.25 8.91 6.43 7.30 7.41
4.20 4.45 4.71 4.38 4.40 4.87 5.80 6.07 7.14 9.74 9.40 6.59 4.93 5.09 4.80 4.26 10.16 4.30 8.02 13.55 17.75 17.71 18.32 3.12 3.71 6.29 7.98 11.72 29.63 44.02 42.11 35.13 30.27 27.75 29.88 29.53 26.96 25.76 26.27 24.87 20.00 19.78 20.43 23.54 25.25 24.25 21.83 13.66 12.23 11.59 13.52 15.22 14.69 13.94 14.81 14.49 13.84 14.50 15.14 16.49 16.05 15.27 15.94 17.45 17.75 18.13 17.11 15.87 14.30 12.62 11.54 11.35 11.13 10.20 9.66 8.58 7.84 7.46 6.97 7.55 6.99
4.31 5.23 5.07 4.35 4.65 4.80 5.70 5.99 7.20 8.90 7.73 5.63 4.82 2.48 4.48 4.92 4.80 8.09 11.82 14.41 17.22 18.97 16.85 6.28 4.48 5.39 6.92 12.30 28.82 40.93 38.02 33.39 29.98 27.72 30.21 30.53 26.58 25.07 24.76 23.77 24.20 25.02 24.29 26.72 24.37 21.93 17.94 13.94 11.70 11.78 13.53 17.06 17.43 15.73 16.40 16.30 15.04 15.98 18.67 20.36 19.44 18.42 18.09 17.96 17.80 17.83 16.99 16.05 13.93 12.57 12.21 12.03 10.62 10.54 9.55 8.71 7.46 7.27 8.54 7.07 6.37
4.29 4.74 5.92 5.42 6.34 5.02 7.20 5.81 5.62 7.83 6.65 7.36 3.47 3.72 6.47 9.56 5.97 9.18 11.35 12.15 14.93 17.81 12.03 10.10 4.64 1.32 3.15 10.60 23.26 36.09 37.33 31.79 27.72 27.85 31.30 31.31 25.58 22.71 23.05 19.35 21.39 21.55 20.02 25.30 24.69 23.50 18.50 20.33 12.18 11.87 13.57 18.20 23.20 23.11 22.16 22.90 22.15 20.72 16.59 15.63 16.44 17.95 17.22 15.05 14.88 15.17 15.00 14.63 14.13 14.22 13.98 11.96 12.30 11.68 10.22 9.47 8.61 5.93 7.33 6.75 6.48
7.46 4.72 4.57 5.00 4.94 4.79 4.82 5.32 6.33 5.54 8.12 7.44 4.78 4.20 7.67 8.54 8.65 7.73 8.07 7.83 11.74 16.71 13.14 7.24 9.08 1.62 3.39 7.23 18.73 32.69 34.13 31.16 28.10 27.31 31.75 32.14 25.57 23.12 22.84 20.78 20.99 22.27 19.81 20.39 25.39 21.69 26.00 18.45 15.46 14.27 16.93 20.33 20.07 25.09 28.23 28.09 25.68 21.87 18.38 15.17 13.21 13.29 14.00 16.16 18.20 17.26 16.85 16.89 16.40 15.55 14.84 12.70 12.03 11.81 11.17 10.65 9.76 7.83 7.60 7.19 6.39
5.45 7.41 5.03 4.85 4.21 4.78 5.32 5.17 6.08 6.95 7.73 7.82 5.91 5.85 7.42 9.37 9.19 8.50 7.06 7.03 10.41 14.65 12.72 8.33 7.65 5.64 3.46 5.58 19.48 32.50 32.66 29.48 27.66 27.60 30.61 32.46 26.07 23.17 23.23 20.86 23.44 23.12 21.27 17.45 18.23 20.70 21.24 19.76 17.60 15.03 16.10 16.00 15.72 21.67 22.75 27.18 22.67 19.47 19.67 17.19 13.42 12.00 12.70 14.03 17.65 19.23 18.40 15.72 17.71 15.30 14.67 14.29 13.48 12.83 12.18 12.21 9.38 8.94 10.93 9.58 7.45
5.82 4.34 4.12 4.14 4.39 4.84 4.45 5.03 5.85 6.64 7.64 8.08 7.11 6.99 8.42 9.33 8.53 7.52 6.20 8.95 10.99 13.00 12.59 6.83 10.23 4.58 1.50 9.86 21.88 31.14 27.58 25.98 28.38 28.28 31.20 30.90 24.37 22.90 23.10 21.89 23.67 24.93 23.42 19.39 15.13 16.23 14.56 12.78 14.33 14.28 14.93 14.69 16.48 19.73 24.79 32.34 24.47 20.90 18.04 19.08 16.74 12.65 11.07 12.58 14.35 15.65 16.40 17.95 17.06 14.19 13.55 15.31 13.64 12.10 10.90 9.95 9.38 8.39 9.65 8.34 8.51
7.29 5.61 4.09 4.18 4.44 4.04 5.26 4.85 3.90 6.52 7.51 7.95 7.03 7.47 9.12 9.24 7.25 6.09 8.45 9.80 11.86 12.59 11.47 4.60 9.64 2.26 4.08 11.32 23.26 27.80 21.71 22.50 27.23 29.35 32.60 28.99 24.26 24.01 23.41 23.97 25.73 26.10 24.38 21.48 18.77 14.46 12.15 10.18 10.10 10.80 11.34 12.65 13.85 15.87 22.52 28.80 31.23 22.35 24.11 20.76 19.02 16.69 12.25 12.87 13.02 13.95 13.96 14.14 13.55 12.35 13.43 12.13 12.11 12.83 11.78 10.94 10.22 9.55 9.14 9.10 9.61
5.96 7.01 4.17 4.27 3.76 4.16 3.98 5.77 4.05 7.26 6.24 8.60 8.39 8.25 9.13 9.29 7.16 6.89 9.41 11.79 12.24 13.11 11.82 6.81 5.81 5.28 8.35 12.87 20.69 24.45 19.85 17.84 25.45 29.82 33.51 28.35 25.18 25.37 26.14 26.98 27.15 26.96 25.22 22.85 20.16 14.92 13.27 11.05 10.19 9.34 9.10 9.68 10.87 13.61 16.38 25.45 29.91 25.48 20.40 18.43 16.95 14.83 13.68 13.21 13.16 13.25 13.70 13.98 13.20 11.96 10.94 10.93 11.41 11.67 11.43 10.93 11.39 11.50 9.40 9.20 9.15
4.34 4.23 4.12 3.95 4.43 4.64 5.11 5.63 6.16 7.20 8.45 8.51 8.34 7.80 8.93 7.64 7.91 8.15 8.93 11.73 13.31 13.83 11.49 6.75 6.69 5.04 7.03 8.65 17.03 23.31 19.77 15.47 22.60 28.01 29.88 27.09 22.64 25.63 27.05 27.09 25.66 27.58 27.75 24.92 17.46 15.58 14.06 11.76 11.04 10.06 9.27 8.74 8.78 9.40 13.77 22.29 24.85 21.79 19.86 18.21 16.72 14.91 13.59 12.89 12.07 11.42 11.72 12.39 12.24 11.53 10.45 9.77 9.94 10.67 11.20 11.22 10.89 10.40 9.65 8.76 8.27
6.19 3.82 3.64 4.28 3.57 3.38 4.69 5.44 5.68 6.62 7.78 8.29 7.79 6.91 5.86 9.20 8.88 7.26 10.03 11.43 12.20 12.84 10.93 5.43 1.53 2.34 1.67 5.29 16.37 22.96 18.23 15.09 19.43 24.97 31.59 22.03 19.28 20.46 23.38 24.78 24.26 25.44 28.97 27.56 19.69 17.03 13.47 12.13 11.21 10.67 10.28 9.56 8.99 9.78 13.67 18.75 20.65 19.51 18.62 17.76 16.31 14.94 14.02 13.37 12.72 11.55 10.93 11.28 11.52 11.53 11.32 10.61 10.05 9.99 10.02 9.96 9.65 9.12 8.68 8.53 8.63
5.31 3.47 2.96 3.12 2.27 2.23 4.30 5.25 5.86 6.27 6.41 7.53 7.37 6.16 7.52 8.19 9.71 10.33 11.15 11.72 12.10 12.68 8.99 4.73 3.30 1.21 9.47 6.73 17.82 22.21 17.85 14.30 17.41 22.78 28.74 26.97 18.52 20.55 22.95 21.67 22.12 22.18 26.14 29.61 27.01 19.96 17.04 13.64 11.43 10.30 10.38 10.52 10.50 11.16 14.03 16.37 17.74 18.13 17.55 17.07 15.79 15.05 14.90 14.59 14.40 13.68 12.35 11.78 11.89 12.01 12.20 11.93 10.94 9.91 9.27 8.89 8.70 8.75 9.06 9.26 9.06
3.52 3.28 2.99 1.45 1.51 3.24 4.81 5.77 5.10 5.40 5.39 6.65 6.89 5.42 6.57 8.62 10.48 11.73 12.43 12.76 11.96 12.01 6.70 4.51 3.93 2.09 1.96 9.79 16.99 19.82 15.29 13.03 17.03 22.91 29.75 25.65 18.26 21.74 23.83 20.82 21.80 21.53 23.51 25.85 28.87 22.44 20.19 18.64 14.19 11.17 10.22 10.20 11.35 12.92 14.74 15.53 16.57 17.62 17.56 17.14 15.85 14.80 14.60 14.50 14.32 14.29 13.92 13.40 13.18 12.88 12.47 12.05 11.35 10.54 10.09 10.04 10.18 10.42 10.45 13.24 9.48
3.16 3.05 2.08 1.21 2.08 4.36 4.95 3.89 4.52 4.83 3.94 5.25 5.34 4.41 4.83 6.37 9.80 12.11 11.77 11.69 11.46 10.86 7.20 4.62 2.53 2.06 2.12 11.77 16.42 15.65 13.03 14.66 16.90 20.05 29.51 25.18 19.92 21.34 23.54 20.09 23.17 23.56 22.44 22.55 25.08 27.65 26.51 22.27 20.89 17.53 12.99 10.59 13.21 13.59 15.03 15.42 16.15 17.05 17.46 17.54 16.59 15.09 14.41 14.14 13.76 13.50 13.26 13.10 12.89 12.49 11.99 11.61 11.35 11.32 11.40 11.65 14.49 14.41 13.65 13.82 10.53
2.87 2.77 2.10 1.78 2.99 3.66 3.51 3.41 3.77 3.06 3.65 5.07 2.08 3.72 3.39 5.43 9.20 10.81 11.11 11.21 10.62 10.83 8.97 5.14 4.11 0.96 4.83 11.45 13.84 13.75 14.23 13.97 16.02 18.64 23.72 24.78 21.73 20.43 20.21 18.32 20.37 22.35 21.78 20.57 20.18 21.62 22.47 22.13 26.25 22.46 20.46 15.07 13.19 14.52 15.72 15.95 16.28 16.45 16.75 17.43 17.10 15.91 15.21 14.81 14.45 14.08 16.07 12.70 12.24 11.84 11.71 11.86 11.93 12.18 14.74 16.43 14.36 14.30 13.90 14.09 11.56
2.52 2.30 1.90 2.01 2.80 3.47 3.17 3.08 3.00 2.32 4.46 3.88 3.01 2.76 4.32 7.24 8.52 10.38 10.56 11.12 10.33 10.32 8.94 6.13 3.86 2.72 4.15 8.02 10.24 11.54 13.28 14.67 15.31 17.12 20.33 22.75 23.34 19.73 18.92 18.40 18.93 20.31 20.34 20.72 19.02 18.91 19.35 19.64 20.66 21.51 21.03 25.07 19.36 17.62 18.56 19.21 19.13 18.44 17.88 18.45 18.12 16.92 16.01 17.61 17.54 14.75 14.41 13.78 13.20 12.76 12.69 13.00 15.60 15.24 15.42 15.19 13.96 15.16 13.96 13.48 13.86
2.03 1.80 1.71 2.03 2.38 2.66 2.54 2.40 2.61 3.29 3.88 3.50 3.74 4.55 5.27 6.95 10.22 10.04 10.34 11.35 10.57 10.63 9.23 7.24 3.02 1.96 1.60 4.69 10.93 11.74 13.56 13.88 14.76 16.83 19.31 20.72 21.37 19.56 18.09 18.39 18.63 19.78 19.66 20.83 20.77 19.30 19.32 19.09 19.12 19.84 19.55 18.79 18.49 18.93 20.44 22.13 23.64 23.84 23.09 22.80 22.48 21.08 19.78 18.64 15.14 14.72 14.81 14.96 14.86 14.55 16.16 16.36 16.78 16.32 14.73 16.05 15.11 13.75 12.22 11.65 11.38
1.55 1.53 1.54 1.74 1.87 1.89 1.64 1.59 2.13 2.69 3.26 3.71 3.68 4.71 4.33 3.72 8.17 9.61 10.16 10.56 10.01 10.11 10.65 7.68 4.40 0.35 0.74 3.66 9.04 13.52 13.05 12.99 14.30 16.27 19.65 18.67 19.57 18.99 17.40 17.30 18.13 19.25 17.87 17.92 20.23 19.17 19.53 19.41 19.39 19.33 18.68 18.02 17.28 14.72 18.69 20.86 20.98 22.99 23.89 26.34 24.25 23.67 22.52 20.76 19.42 18.02 16.01 17.61 18.28 18.45 19.78 18.38 18.03 15.82 17.13 15.43 13.93 13.20 13.16 12.04 11.46
1.10 1.20 1.25 1.39 1.27 1.12 1.00 0.82 1.11 1.91 3.03 3.30 3.57 4.03 3.51 8.05 7.76 8.00 10.03 10.54 9.81 10.37 10.82 8.10 5.52 3.81 4.24 5.67 11.03 13.71 12.96 12.61 13.52 16.75 19.23 17.61 17.57 18.18 16.91 16.74 17.81 19.59 17.96 16.39 18.03 17.83 17.40 18.22 19.13 19.24 18.32 17.62 16.53 13.94 16.06 18.66 16.73 21.92 21.75 21.16 21.96 22.55 27.05 26.28 24.51 20.24 19.17 17.16 15.52 20.61 20.16 19.04 18.55 18.22 16.99 15.38 13.79 12.23 13.08 12.71 11.38
0.74 0.79 0.87 1.00 0.72 0.44 0.45 0.74 1.35 2.07 2.33 2.43 2.97 2.71 6.37 5.90 7.25 8.14 8.66 10.41 10.14 10.07 10.09 7.42 3.50 6.81 7.70 7.71 11.95 13.90 12.80 12.30 13.65 16.22 17.56 16.60 15.84 16.68 16.14 16.02 17.44 19.64 20.84 16.77 16.66 17.29 16.42 16.74 17.47 19.27 19.13 17.10 15.85 14.71 14.61 16.93 19.83 20.14 21.35 20.75 20.97 21.63 21.89 21.43 21.11 20.33 17.58 15.52 16.72 15.09 18.36 15.87 14.39 13.93 14.63 15.55 13.50 12.98 14.51 13.97 12.35
0.41 0.41 0.44 0.53 0.41 0.40 0.48 0.96 1.44 1.55 0.47 1.52 1.75 6.21 4.70 5.64 6.67 7.04 6.96 10.47 9.85 9.05 9.59 7.14 1.20 6.39 6.21 8.38 13.37 14.07 12.33 13.40 13.75 15.47 16.50 15.25 14.56 15.48 15.03 14.60 16.72 19.22 21.06 17.42 16.50 16.58 15.33 15.60 15.85 16.97 19.20 17.46 16.05 15.05 10.68 15.47 18.15 20.46 21.06 21.15 20.29 20.69 21.03 20.00 20.06 20.25 18.37 17.06 14.04 13.30 17.65 17.01 14.50 13.16 14.53 17.04 17.62 15.95 15.68 15.44 14.93
3.04 0.54 0.54 0.42 0.26 0.90 0.52 0.81 0.96 1.01 1.33 2.47 4.60 5.84 4.57 5.69 4.80 5.94 6.88 8.23 9.50 10.24 10.84 8.23 1.88 4.82 3.39 7.81 14.49 12.03 11.89 14.44 14.07 14.51 15.16 14.23 12.98 15.17 14.21 13.01 16.09 18.55 20.79 20.57 16.33 15.80 15.09 15.13 14.55 13.15 17.55 17.76 16.18 15.41 14.23 14.46 16.37 19.56 21.23 20.49 23.25 20.30 20.02 19.12 18.80 19.26 17.89 16.78 18.07 18.35 18.27 16.01 16.56 14.60 14.11 17.73 17.63 17.39 18.26 17.54 16.75
3.27 0.73 0.80 0.77 0.47 1.90 3.55 0.28 0.51 0.74 3.79 4.96 5.69 5.53 4.27 3.55 4.21 5.04 6.10 7.27 7.55 8.72 10.61 8.17 2.08 4.72 2.81 8.86 14.41 12.89 13.17 14.28 13.67 13.07 13.47 13.21 11.97 14.42 13.24 12.24 15.82 17.20 21.22 18.36 17.23 18.08 17.60 17.01 17.25 12.89 16.52 16.79 15.64 14.96 11.83 12.99 14.08 17.88 21.51 26.90 20.60 21.52 20.72 19.84 18.33 18.95 17.13 17.74 17.99 19.96 19.32 17.84 16.33 14.61 12.30 10.89 15.05 14.76 14.17 13.70 13.10
0.76 0.78 0.90 0.97 0.96 0.50 0.33 2.31 4.08 4.18 6.04 2.71 2.68 1.79 3.84 3.03 3.63 5.17 4.79 6.00 6.67 7.89 10.44 7.58 1.91 4.09 1.57 10.22 13.53 13.01 12.74 13.59 13.14 12.05 11.96 12.16 11.56 13.19 12.40 11.80 14.32 13.83 19.52 17.86 17.85 16.92 16.27 18.29 15.69 15.44 17.20 15.81 15.10 14.95 14.21 12.41 10.85 14.12 19.90 20.97 24.53 21.86 20.53 20.04 18.85 18.81 17.24 16.93 17.88 17.71 20.66 19.79 16.71 15.90 15.43 10.70 10.20 12.94 13.04 12.46 14.60
0.59 0.79 0.99 1.31 2.96 5.17 5.20 4.95 4.66 4.49 6.19 6.16 6.48 1.39 3.59 2.53 3.10 3.95 5.44 5.66 5.82 7.06 8.70 6.96 1.28 2.56 4.59 11.26 12.00 11.55 10.26 12.26 13.34 11.83 11.16 10.36 10.57 12.28 11.93 11.08 11.59 12.09 17.55 19.92 18.58 17.20 16.46 16.18 16.22 15.79 15.88 15.32 15.12 15.06 15.11 13.01 8.96 8.57 14.60 19.73 26.82 20.55 19.68 22.48 20.09 20.57 19.47 16.23 16.77 17.92 17.86 19.61 18.55 16.19 17.23 15.33 13.26 13.74 18.27 13.56 13.42
0.24 0.37 1.31 1.96 3.28 5.66 5.57 4.94 4.74 4.96 5.81 6.04 6.08 3.25 3.41 2.07 2.63 3.42 4.93 5.11 6.10 6.39 7.28 5.82 1.84 0.69 6.71 8.20 9.80 9.05 7.82 11.13 13.04 11.89 10.63 9.52 10.73 12.29 11.52 10.55 10.97 12.24 15.28 19.80 19.02 17.37 18.66 18.47 16.71 16.62 15.11 14.93 14.99 16.29 15.55 15.09 10.66 5.92 8.08 16.64 20.98 22.04 20.10 18.77 17.95 21.92 20.73 17.29 15.73 16.55 13.99 16.71 17.05 15.59 15.29 15.02 15.03 14.27 17.30 17.94 17.35
0.28 0.54 1.93 2.52 3.83 5.86 5.59 3.69 4.92 5.53 5.48 5.88 0.82 6.08 1.00 1.64 2.22 2.96 4.55 4.54 6.66 5.26 7.71 5.83 4.50 3.06 7.23 8.54 9.20 7.17 7.27 11.08 10.81 11.01 9.83 9.90 11.46 12.08 10.89 9.79 11.42 13.66 14.42 18.16 19.87 17.77 16.77 19.23 16.84 16.85 16.51 14.94 15.57 16.31 17.50 16.09 13.94 7.83 4.57 9.55 18.77 21.21 21.76 19.76 18.53 17.59 16.61 20.68 16.90 15.43 15.95 14.81 16.95 16.66 15.81 14.55 13.97 14.52 14.84 15.27 13.83
