examples/cougarCreek-fire/createInputs/farsite/7a-cougarCreek-polygonIgnit/cougarCreekFire_08-10-2015_1400_217m_non_neutral_stability_ang.asc
ncols	146
nrows	140
xllcorner	610065.000000
yllcorner	5095217.000000
cellsize	216.586807
NODATA_value	-9999.000000
[rows 47 to 93 of 140, columns 0 to 95 of 146]
149 150 157 89 86 79 145 38 37 24 50 60 71 72 72 86 107 127 107 104 97 81 67 51 52 55 63 86 92 87 82 84 91 111 121 124 136 144 147 149 150 149 153 149 150 156 168 178 193 202 185 177 173 173 175 175 171 167 160 156 159 160 164 168 170 171 172 173 176 179 181 184 190 192 199 200 194 202 190 179 106 103 174 221 199 205 198 199 197 196 187 175 227 225 217 221
135 143 137 77 154 153 174 32 51 47 63 72 81 89 108 134 137 139 111 102 90 67 50 50 59 63 80 96 93 87 84 85 90 108 115 119 130 141 144 153 153 151 155 153 153 153 169 164 206 200 174 164 167 172 176 170 160 156 162 165 164 161 164 172 176 177 177 178 178 177 180 189 190 191 202 201 201 194 205 200 147 103 126 203 216 191 204 200 199 200 203 204 224 231 222 225
132 138 151 163 170 19 38 66 71 66 70 82 93 111 143 111 108 104 101 93 87 61 53 69 67 82 99 97 95 96 93 92 94 103 112 114 124 134 138 146 146 142 146 153 158 168 154 181 196 188 170 161 169 169 167 161 157 156 167 163 167 168 173 173 172 173 173 175 176 185 186 188 190 193 202 202 191 202 203 201 185 135 110 142 207 213 213 184 199 201 179 212 215 223 223 228
130 136 151 147 28 75 90 84 81 80 94 106 111 111 104 97 100 90 81 85 82 67 63 61 53 54 65 88 99 103 99 97 98 100 111 112 121 131 134 139 140 134 133 138 153 161 163 176 187 185 176 170 172 179 179 165 171 169 168 171 164 160 165 183 179 172 175 186 185 184 185 189 192 191 191 202 201 200 200 201 199 183 140 115 139 225 222 215 209 183 211 215 217 219 224 228
129 135 120 42 86 88 82 84 91 96 114 141 117 107 133 77 83 75 76 80 76 68 62 34 32 44 70 96 106 103 101 101 100 99 106 111 119 130 132 134 132 128 125 123 128 134 137 157 184 188 182 179 180 186 189 150 163 165 168 158 173 153 148 178 197 185 178 176 174 182 184 179 191 192 193 194 194 193 201 190 203 200 186 169 161 253 250 237 229 223 213 183 202 223 227 230
132 137 85 73 85 86 93 95 93 105 112 107 100 93 74 62 61 65 75 79 73 75 75 100 33 78 109 119 118 105 100 104 99 96 106 108 116 125 127 128 125 124 121 121 119 108 100 77 130 171 177 181 180 182 184 174 161 160 147 157 179 152 154 170 191 180 188 195 193 191 193 198 199 207 206 206 206 205 206 205 191 201 198 196 198 208 248 280 266 250 235 225 226 228 231 233
136 113 66 78 87 82 84 85 88 104 99 144 67 57 57 53 52 68 78 78 78 77 83 43 78 118 125 118 109 100 96 104 96 92 94 103 110 112 112 112 117 119 119 128 118 97 76 64 60 30 41 69 161 138 164 178 164 150 163 172 175 177 180 180 183 177 187 204 208 207 201 201 208 210 210 208 192 208 207 206 205 204 190 205 207 213 219 235 259 266 264 262 250 239 237 238
131 116 81 75 54 48 63 86 94 101 143 141 38 47 65 63 64 81 87 86 83 76 72 58 93 108 104 107 90 92 82 104 97 91 92 94 109 111 107 114 121 119 116 130 128 110 76 51 43 48 60 68 93 116 127 189 178 159 163 172 177 188 189 188 187 184 186 201 209 208 204 200 201 205 207 207 207 207 207 209 210 211 211 214 218 219 222 227 231 237 241 250 271 263 249 246
124 91 51 36 31 14 66 88 79 73 152 142 34 49 63 66 70 87 92 89 82 71 62 66 87 87 86 78 94 86 75 101 98 92 91 89 90 92 111 116 124 127 117 114 135 146 147 124 79 72 66 56 43 100 101 134 153 152 161 169 180 187 189 190 190 189 187 194 201 203 201 199 198 202 206 208 210 212 214 215 214 214 197 202 221 224 229 230 228 228 231 235 244 262 265 259
120 61 26 24 3 43 82 65 98 15 349 24 53 33 57 63 66 83 86 77 74 61 47 61 80 71 73 91 93 82 60 95 93 89 95 87 89 94 108 113 119 125 124 113 113 143 164 169 162 148 132 130 134 101 107 138 142 147 157 166 175 181 185 189 190 191 191 193 196 198 199 201 202 205 209 213 216 217 217 218 220 191 224 226 229 204 230 231 232 233 234 234 234 239 256 263
116 19 16 26 39 80 99 35 2 356 12 39 22 22 49 58 70 90 90 68 62 47 40 67 68 63 81 111 87 68 69 95 95 91 94 89 94 109 109 114 117 122 127 123 113 137 149 157 167 169 163 161 160 155 150 147 148 150 157 165 171 178 184 188 191 194 195 195 197 200 203 206 209 210 212 215 217 218 221 214 226 228 230 234 235 236 238 238 211 212 238 237 236 238 245 254
122 142 27 43 322 113 42 16 351 11 44 42 15 41 63 75 92 108 118 121 57 42 70 86 70 69 94 93 78 63 96 101 103 96 98 94 98 111 113 116 115 119 125 127 126 116 142 148 153 160 166 166 157 160 156 153 152 154 159 165 172 178 184 188 192 196 198 200 203 207 210 213 214 214 215 217 231 225 217 215 230 232 234 236 240 243 244 245 246 244 243 243 242 243 246 250
135 169 55 268 161 70 116 350 1 33 47 36 53 33 70 100 111 116 124 139 70 70 96 80 65 87 122 89 68 72 102 107 106 99 100 98 106 113 113 115 117 119 124 126 131 137 137 142 131 148 152 164 163 160 158 156 155 155 159 165 172 179 184 189 194 198 181 206 209 212 214 216 217 218 234 212 180 184 219 226 235 237 239 240 242 244 246 248 248 248 248 248 248 248 249 251
145 216 59 70 53 108 51 360 32 34 47 23 37 92 116 122 121 120 127 147 80 72 69 53 77 98 91 78 75 101 108 108 105 100 97 103 106 111 111 113 114 118 120 125 127 132 135 138 141 141 148 126 150 158 157 157 156 157 160 165 172 178 184 176 172 201 206 209 213 215 216 219 234 230 176 174 216 190 184 184 187 212 211 216 226 229 248 250 252 252 251 251 252 252 252 252
171 349 53 29 20 55 3 25 20 48 28 84 129 140 135 127 125 123 128 154 102 77 63 97 100 101 90 85 105 108 110 107 104 100 103 105 105 108 111 113 114 115 117 119 123 129 129 134 137 133 137 143 147 149 150 152 153 148 143 150 159 169 172 169 201 206 209 212 214 217 234 220 160 164 217 175 176 179 205 207 194 212 205 208 214 209 213 254 254 254 255 255 255 255 257 256
342 31 55 14 12 11 2 43 327 32 122 135 139 140 134 128 129 129 131 100 106 134 44 85 90 96 92 112 116 113 85 107 107 104 108 107 106 107 110 111 109 112 115 118 121 122 127 123 127 127 131 136 139 139 136 134 141 146 137 123 149 168 173 182 199 223 211 227 235 229 126 139 145 234 175 165 176 181 180 210 193 196 216 208 255 214 218 220 258 258 257 258 259 260 260 260
68 82 38 50 47 48 327 122 156 147 147 142 137 134 131 130 131 135 136 145 57 5 339 30 80 87 120 111 115 108 108 114 113 109 111 110 109 107 108 107 96 106 109 111 116 119 123 129 129 121 123 125 132 140 136 124 124 127 138 145 156 173 112 99 83 215 233 172 183 142 125 131 142 147 152 162 176 216 183 184 193 257 209 212 259 229 229 261 261 261 261 261 261 263 263 263
200 247 268 301 301 298 156 168 155 151 150 145 137 132 132 128 131 139 142 141 352 6 359 21 58 65 93 120 112 105 110 117 116 111 111 110 107 106 105 100 100 100 105 109 113 115 118 115 118 127 112 113 120 134 137 122 117 118 115 135 133 157 189 209 154 150 165 177 242 195 159 209 184 191 217 160 215 222 190 180 184 210 262 263 263 264 263 224 264 264 264 264 265 265 265 266
235 165 248 263 238 195 176 161 155 153 151 145 136 131 126 126 128 140 147 146 167 36 9 7 39 62 119 119 104 110 111 114 115 114 114 110 99 97 94 85 93 97 100 102 107 111 107 109 114 112 106 101 103 108 120 105 87 81 87 127 108 123 177 164 247 150 159 164 202 206 158 155 183 201 233 134 358 297 297 307 320 309 289 275 273 263 267 267 268 268 267 268 268 270 269 269
140 223 223 215 157 162 165 158 155 155 150 143 133 126 120 121 125 140 149 160 183 127 326 342 34 149 149 118 113 113 111 111 114 113 113 105 98 96 91 80 88 92 91 98 95 99 101 102 104 96 104 93 91 87 83 61 46 52 64 71 106 87 146 164 173 279 223 169 163 147 143 231 157 184 193 122 301 308 342 6 31 314 306 308 310 269 269 270 271 271 271 271 273 273 273 272
184 213 198 170 140 145 154 157 155 151 141 136 130 124 115 115 122 135 143 168 35 184 260 337 18 73 148 120 115 114 112 113 114 113 109 108 96 100 87 79 89 76 85 82 86 96 105 106 105 105 120 86 81 78 130 14 15 41 54 72 59 109 124 314 176 224 293 304 303 120 118 135 157 179 212 241 276 276 277 275 274 273 273 274 274 273 274 292 272 273 275 276 275 275 274 276
176 208 180 148 134 134 144 156 157 148 136 131 126 118 114 112 121 135 134 165 195 182 340 351 3 199 142 122 117 114 108 109 110 108 108 103 95 94 88 85 79 74 75 75 79 82 84 87 88 92 111 79 75 65 37 1 345 22 51 55 90 99 88 132 222 236 251 301 317 160 96 74 293 289 138 233 248 202 280 279 317 324 321 332 320 274 276 275 274 275 277 277 278 278 278 278
142 201 159 134 128 129 137 152 155 146 136 133 121 115 112 108 115 134 119 141 36 26 8 358 6 188 132 121 118 116 106 104 101 106 102 99 93 91 89 86 80 74 72 74 76 77 79 81 74 82 84 72 68 54 33 3 334 348 41 48 74 36 17 85 117 118 131 289 308 308 170 100 92 294 66 103 221 285 333 283 283 283 283 282 281 280 279 278 278 279 279 279 279 281 281 282
120 225 148 129 123 124 130 143 147 138 130 123 113 109 104 105 106 98 97 113 155 16 22 8 232 169 123 117 115 112 104 100 105 105 95 89 90 93 90 83 81 79 73 74 73 74 86 88 76 68 67 65 60 105 34 3 337 328 7 40 41 36 22 1 340 76 91 130 307 310 255 205 283 190 177 167 200 291 347 343 327 333 328 325 328 284 283 283 283 323 282 281 281 283 284 284
233 213 156 129 120 120 126 134 136 131 128 120 106 103 99 103 110 93 92 100 134 19 14 27 220 149 117 111 110 106 102 104 99 96 85 80 88 93 90 77 77 80 76 74 71 69 71 72 73 72 61 59 71 100 104 8 341 321 323 25 41 68 26 9 351 330 318 54 92 317 310 286 139 93 94 259 262 275 286 313 291 291 293 277 331 331 326 326 317 329 328 327 333 285 286 286
207 193 157 134 123 119 122 125 126 123 121 118 106 97 96 98 113 120 99 100 107 45 237 352 197 136 112 103 99 102 101 104 99 90 77 78 90 94 85 66 70 86 75 70 77 69 68 79 68 59 58 55 67 95 37 18 342 327 308 344 41 40 82 48 35 342 44 323 322 352 316 295 40 24 27 360 283 269 278 269 309 330 264 278 296 251 250 258 261 291 261 267 310 288 287 287
201 177 146 131 123 117 116 118 116 114 113 111 106 98 94 95 104 111 101 101 110 191 217 214 177 124 110 98 92 97 98 101 94 81 74 82 87 97 71 49 66 86 76 73 73 69 76 60 65 56 64 51 82 42 91 26 357 328 319 324 14 41 39 83 79 76 13 63 50 36 29 28 22 27 38 335 287 288 282 279 315 346 330 258 299 271 253 254 259 293 293 262 272 288 289 289
186 163 137 123 118 115 113 111 107 104 99 99 105 102 97 96 103 111 102 100 79 174 197 196 164 124 109 102 98 96 94 94 90 71 74 86 88 94 53 35 63 87 87 75 66 67 65 65 57 60 51 78 78 40 36 87 19 345 314 316 338 31 35 65 74 71 82 83 348 319 283 320 305 315 343 321 299 295 290 283 286 1 7 5 283 283 274 320 317 264 295 294 256 308 290 291
140 140 132 121 116 114 110 106 99 88 81 87 97 100 97 96 103 109 103 108 99 140 178 174 159 135 110 100 98 94 90 91 74 64 72 92 87 75 45 39 68 90 90 60 55 63 59 71 54 52 48 45 42 38 34 30 87 12 337 309 326 7 29 32 74 34 21 5 333 60 326 323 319 311 318 320 316 300 300 295 290 1 356 356 356 293 283 290 343 342 272 297 295 260 293 294
121 121 118 113 111 108 104 99 84 69 73 85 94 103 97 97 109 111 103 94 87 93 132 150 157 154 122 96 88 83 82 79 68 62 80 85 80 68 46 52 76 92 91 57 52 59 62 54 52 55 46 43 39 35 32 43 80 19 7 330 317 350 29 34 56 72 67 55 336 332 304 311 310 319 321 323 331 310 300 322 327 354 342 360 3 303 309 302 333 352 299 300 298 297 295 295
113 109 106 106 106 105 103 101 91 77 83 91 94 94 94 97 118 116 102 91 82 83 102 121 151 173 154 98 77 72 76 77 67 64 80 80 69 49 33 48 72 84 81 60 52 54 53 50 48 46 45 42 38 32 30 41 71 22 16 3 333 327 33 33 20 83 69 61 59 20 18 313 295 292 320 324 324 309 300 310 319 316 311 13 312 316 318 354 343 349 351 301 302 300 298 296
109 103 99 101 104 105 102 107 121 119 107 96 89 89 89 91 108 115 97 83 75 80 95 106 131 184 192 117 82 72 72 72 66 64 76 72 59 33 29 48 73 80 74 58 47 49 49 47 46 46 45 42 35 30 32 33 67 65 63 17 15 8 4 9 6 85 69 57 40 338 334 330 338 310 320 323 324 299 358 328 305 302 316 339 332 315 316 320 320 306 340 356 304 305 301 299
106 98 94 97 103 105 97 100 116 126 119 103 91 89 88 84 80 83 82 73 73 83 97 103 112 208 237 129 117 96 81 75 66 62 70 69 57 34 37 56 70 71 68 52 37 31 30 41 65 48 50 40 30 29 36 36 26 57 49 21 21 16 2 349 353 357 39 37 35 341 338 333 329 348 310 311 329 328 359 7 316 305 307 318 343 312 313 312 310 309 307 319 355 306 306 302
106 97 93 103 99 99 91 91 100 112 116 110 96 91 88 80 67 59 60 62 72 87 103 99 93 319 321 97 122 129 102 82 67 65 76 68 55 39 47 67 72 64 62 51 21 6 8 35 50 47 42 36 28 32 38 33 23 50 17 21 20 17 5 346 347 359 39 37 35 23 14 7 334 332 353 325 332 335 320 356 349 303 320 322 322 318 314 312 311 310 309 308 307 308 309 309
112 103 96 103 92 90 85 85 91 99 102 94 93 92 88 80 65 55 55 60 75 96 94 94 84 333 358 83 106 124 116 88 76 77 74 67 49 34 52 68 67 60 58 51 31 351 354 30 47 44 40 35 29 36 41 43 54 15 14 25 20 17 8 350 344 356 5 51 44 20 34 24 6 336 331 326 330 335 322 342 1 316 317 323 326 320 314 313 313 312 311 310 310 353 313 313
108 105 98 102 85 81 80 83 90 88 76 82 93 93 88 78 62 56 60 69 85 99 93 91 82 331 17 82 90 110 106 97 93 90 83 65 52 40 55 61 60 56 48 52 31 341 330 20 44 51 41 35 34 44 55 46 26 52 15 22 48 20 13 1 352 354 2 55 45 28 16 10 339 8 334 7 340 331 327 326 351 317 313 317 321 315 313 315 315 314 313 313 312 311 314 317
101 102 98 90 83 85 91 89 93 80 70 90 98 93 93 73 57 58 65 77 91 101 93 89 102 329 21 76 81 88 81 95 99 98 85 75 51 49 56 55 55 59 44 50 34 355 317 9 54 55 45 38 44 51 72 48 26 27 36 26 23 52 50 12 9 1 354 351 39 29 30 30 339 335 3 9 11 337 321 340 352 323 321 324 324 316 314 317 319 318 316 315 313 311 313 316
93 95 94 89 87 90 100 98 92 79 84 96 103 92 83 66 56 63 73 85 101 96 94 89 63 321 26 73 78 86 78 85 88 95 94 67 52 45 45 51 56 55 43 36 34 18 337 19 63 61 59 48 55 62 57 41 34 31 42 34 26 29 22 32 55 48 0 348 2 24 30 17 12 338 351 19 31 12 343 329 329 328 330 335 332 324 319 320 321 321 320 320 316 314 312 315
90 92 92 89 89 93 98 96 83 68 80 94 103 98 78 60 57 66 79 90 95 96 93 90 85 272 87 86 80 73 75 75 78 84 94 83 52 33 35 49 59 61 51 37 41 41 15 20 57 60 53 53 55 46 42 41 40 38 39 38 24 23 12 18 55 43 21 353 350 8 17 17 14 11 2 15 19 17 336 333 332 331 333 335 334 329 326 324 324 324 324 323 320 320 317 318
84 86 89 91 93 96 97 92 81 68 81 97 94 92 79 58 58 70 85 97 94 94 92 88 85 210 175 108 87 87 79 62 79 75 85 116 87 23 38 56 69 66 62 50 52 57 48 24 55 59 55 55 54 46 42 43 44 39 33 27 18 11 6 5 38 33 19 360 354 352 352 22 28 24 16 345 7 342 339 337 335 18 334 334 332 331 330 331 330 1 328 326 328 322 323 323
75 79 88 94 94 95 97 92 86 81 85 94 89 89 80 59 67 88 86 98 92 93 91 83 58 28 93 112 100 84 66 60 68 73 74 81 175 153 70 75 73 71 69 65 66 71 70 35 47 60 61 63 60 57 54 51 48 39 27 19 16 12 6 1 11 23 12 3 358 352 352 5 23 23 31 22 20 11 358 25 338 20 336 335 333 331 330 330 331 336 335 332 328 326 325 329
77 83 90 94 95 96 98 94 81 78 86 94 85 94 81 68 79 93 88 90 91 90 87 77 45 26 51 83 93 85 69 65 80 72 70 66 64 114 105 96 84 76 73 68 69 78 76 50 57 69 65 65 83 61 57 50 44 35 24 17 15 12 7 3 19 21 8 12 10 4 351 356 16 31 356 352 348 345 342 19 340 340 338 337 334 332 329 327 330 340 342 336 330 329 330 330
83 89 93 97 100 100 102 104 99 92 91 95 85 83 85 93 89 93 91 90 89 87 80 63 36 41 65 76 78 77 75 74 83 73 69 60 46 49 79 87 80 75 70 61 63 75 76 78 95 70 64 65 82 76 45 36 33 28 21 17 14 11 8 22 14 27 24 18 20 17 2 352 1 19 29 26 21 348 345 343 342 341 339 338 336 334 330 325 326 337 343 335 332 332 332 16
79 84 91 99 107 110 111 117 125 112 97 91 86 83 91 90 89 100 88 88 88 86 76 49 35 59 87 88 77 74 82 89 84 76 69 59 45 42 53 64 71 71 66 58 58 68 70 65 46 44 59 62 57 72 39 31 27 24 20 17 15 33 9 22 20 24 30 27 31 30 25 4 359 5 14 25 19 19 23 345 345 343 342 340 338 336 333 328 326 337 338 337 16 10 11 16
76 80 87 97 109 120 123 127 134 122 102 97 87 96 84 86 87 87 86 86 87 85 75 45 43 68 83 87 77 70 75 82 82 76 69 60 47 42 47 58 70 70 63 57 55 59 59 49 27 26 50 57 52 70 38 32 27 23 20 17 15 35 31 32 22 5 28 32 30 36 356 38 3 2 356 11 21 350 16 26 28 15 24 343 342 340 338 335 336 343 335 323 324 326 330 331
74 78 84 90 100 115 130 133 136 130 108 94 97 91 85 92 93 101 85 84 84 82 72 38 51 72 76 81 78 60 81 64 69 70 64 55 42 36 42 57 68 65 59 55 52 52 50 41 25 22 35 45 43 64 60 30 26 23 19 16 14 12 37 40 29 5 5 28 38 40 3 43 5 358 4 20 22 22 23 26 26 21 346 13 345 13 17 23 347 350 338 326 325 329 330 331
72 78 83 84 88 99 119 131 132 132 120 102 90 90 84 92 100 96 84 82 80 77 66 32 57 74 75 78 81 54 76 61 62 60 56 50 39 33 37 52 63 63 58 52 47 45 45 39 27 19 25 31 33 60 57 55 26 51 18 15 13 12 41 44 41 6 4 25 37 43 43 41 5 354 2 13 18 351 25 24 350 349 24 347 346 5 346 5 26 354 19 337 332 331 331 332
