examples/cougarCreek-fire/createInputs/farsite/7a-cougarCreek-polygonIgnit/cougarCreekFire_08-11-2015_1600_217m_non_neutral_stability_ang.asc
ncols	146
nrows	140
xllcorner	610065.000000
yllcorner	5095217.000000
cellsize	216.586807
NODATA_value	-9999.000000
[rows 51 to 101 of 140, columns 0 to 95 of 146]
214 211 212 226 230 223 223 217 210 202 190 179 167 197 170 159 152 143 143 140 130 125 135 125 137 135 159 107 107 116 119 111 110 106 102 95 92 97 97 95 95 94 93 95 84 79 73 70 65 73 69 66 57 65 61 64 71 70 69 77 78 72 68 62 62 61 68 65 63 55 54 64 51 53 49 48 46 46 28 48 24 21 16 10 8 9 9 11 11 9 37 29 22 1 0 360
205 212 211 236 230 228 224 219 223 204 193 208 186 176 163 155 149 143 141 135 129 127 120 101 135 105 122 124 126 125 125 113 109 106 100 96 95 100 96 96 93 91 89 89 94 85 84 83 82 73 69 64 61 56 59 63 68 64 72 71 70 72 65 56 63 60 58 59 57 54 39 49 51 37 35 34 32 31 30 27 42 21 18 15 11 9 8 7 7 7 6 6 5 3 2 1
211 202 241 236 231 223 222 219 220 223 207 181 165 158 148 135 125 146 139 132 141 124 120 122 130 111 128 136 129 125 125 116 107 105 98 94 92 89 87 84 86 85 84 86 90 84 84 80 81 81 79 76 70 67 70 75 74 69 61 63 63 62 53 55 55 53 52 52 49 46 45 45 43 41 38 36 59 46 29 26 24 22 49 17 14 11 9 6 4 5 5 4 4 4 4 2
206 202 234 228 212 209 219 224 222 217 186 171 168 164 184 168 129 156 146 133 105 104 125 131 118 118 133 134 122 122 122 118 106 106 89 94 96 94 85 87 87 84 79 79 79 81 82 80 79 80 83 86 84 83 86 80 71 63 61 63 63 55 56 59 60 59 57 55 52 49 49 48 44 41 38 35 33 31 30 28 26 22 19 18 15 13 11 9 7 5 3 1 1 2 2 2
201 210 226 211 209 210 221 224 202 193 179 173 171 168 185 171 132 152 114 110 131 136 134 126 126 122 125 123 116 122 126 119 109 107 100 81 100 99 97 95 93 92 79 73 72 75 80 82 81 79 79 83 88 90 89 87 77 65 63 63 61 59 59 60 60 60 59 56 53 50 48 45 42 40 39 38 37 36 34 30 25 20 43 34 16 13 13 12 8 5 4 2 1 1 1 1
208 245 222 219 229 223 227 207 190 184 181 181 172 165 181 145 131 120 107 142 138 134 134 124 118 123 117 109 115 121 123 117 106 106 100 97 102 102 96 93 90 90 84 74 68 71 75 80 82 82 81 79 81 85 86 80 73 70 69 67 63 60 58 56 56 55 54 52 50 47 45 43 41 41 42 42 40 36 32 27 24 44 18 17 15 36 12 11 8 7 6 5 3 1 1 360
252 246 219 236 230 224 228 194 198 188 178 189 161 152 157 143 132 158 137 135 138 134 134 104 118 123 110 106 119 122 122 111 100 104 94 93 105 101 92 93 90 89 90 78 71 67 65 65 71 76 79 77 75 77 77 73 69 68 66 64 63 61 59 57 56 53 50 47 46 45 44 44 43 42 41 38 34 30 28 34 25 22 19 16 15 14 12 11 35 35 8 7 5 3 2 1
251 243 238 234 230 238 205 207 197 188 205 191 161 151 193 148 121 111 108 114 140 137 100 101 122 119 98 108 121 120 114 111 106 104 97 90 103 99 93 92 91 88 88 81 75 63 55 56 56 56 60 66 72 74 72 68 67 66 64 62 62 60 59 59 57 55 52 49 47 47 46 45 43 39 36 32 26 30 35 35 24 22 19 17 15 14 12 38 11 10 9 8 8 6 5 4
249 240 234 232 229 223 216 205 196 207 206 173 199 151 139 128 120 112 108 105 142 111 101 107 126 101 100 115 121 119 110 113 113 108 100 92 96 97 91 93 90 89 89 83 79 80 70 56 57 49 50 54 60 64 63 63 65 66 65 63 62 59 58 56 54 53 53 51 51 49 47 44 40 36 28 39 49 48 37 33 23 21 20 17 15 14 12 11 10 10 9 9 9 7 6 4
247 238 233 232 225 223 213 202 212 216 183 177 165 153 141 132 159 117 108 105 133 130 127 129 104 101 111 117 114 109 113 116 114 109 102 95 94 93 94 94 92 87 84 89 81 79 75 77 74 56 52 59 49 50 51 54 58 61 60 59 59 58 57 53 54 51 50 49 49 46 42 39 34 34 51 50 40 44 48 48 44 37 36 35 32 31 30 12 11 11 10 10 9 8 7 6
246 237 235 234 228 221 210 199 194 195 189 179 167 163 148 136 133 117 113 114 116 136 135 106 103 101 99 112 107 111 118 117 110 108 103 97 91 92 94 93 89 87 84 86 84 84 82 80 80 62 55 51 47 43 44 48 48 51 51 49 49 50 51 52 53 51 49 47 45 42 35 39 53 51 43 46 49 51 45 45 52 42 48 42 38 40 39 37 13 12 11 11 10 9 6 5
243 237 237 234 227 219 211 203 200 201 189 192 186 178 156 181 124 118 108 117 117 137 133 126 104 101 109 107 108 114 120 117 106 109 101 98 95 92 94 93 91 87 87 84 84 83 81 73 72 61 53 50 47 68 44 49 54 53 66 60 48 47 48 48 46 43 44 38 37 40 47 50 47 40 45 51 54 54 53 45 52 51 41 44 19 41 39 39 15 14 13 11 11 10 9 8
242 236 236 233 227 221 217 216 208 191 200 177 196 156 163 144 124 115 119 135 139 135 130 132 106 103 108 103 108 114 119 112 108 109 100 98 96 93 93 92 91 86 85 86 81 78 76 80 77 59 53 50 47 72 46 51 62 54 68 69 49 49 54 50 44 41 39 60 63 54 51 50 48 47 50 53 56 46 54 52 53 23 50 48 20 39 38 37 15 15 14 13 10 10 9 6
243 235 231 229 227 223 221 216 198 181 240 175 238 247 161 138 126 123 125 135 116 115 133 132 122 120 106 102 110 113 114 117 111 105 100 98 95 94 93 90 91 85 87 87 85 79 77 64 61 74 57 52 49 45 47 52 54 58 53 67 50 53 49 61 61 60 60 61 41 61 54 46 58 58 47 54 47 47 50 49 50 52 23 22 21 20 18 41 16 16 14 14 12 11 10 9
243 232 226 227 227 223 217 229 194 238 202 194 203 163 149 138 129 127 128 131 104 116 134 132 123 106 97 100 107 109 112 117 113 104 100 96 97 95 93 91 90 87 86 83 84 81 79 76 62 59 59 51 47 44 60 50 53 54 54 71 51 52 50 64 60 61 60 60 58 63 61 58 58 58 46 51 43 35 33 36 36 36 39 39 39 39 20 19 17 16 16 15 12 11 9 7
235 223 222 230 259 257 248 258 248 236 218 202 185 163 148 133 124 132 111 121 103 101 99 98 132 105 97 93 103 109 117 111 108 104 97 96 102 94 91 94 89 87 81 86 74 73 71 68 64 71 61 57 47 71 47 49 50 52 54 53 67 51 70 68 66 62 50 62 59 60 59 47 56 57 57 49 32 33 37 41 41 38 38 35 31 30 20 19 18 17 16 13 12 10 9 9
206 202 217 231 264 263 270 255 224 227 204 191 180 164 148 135 126 137 111 144 121 116 99 97 133 105 96 95 109 118 115 109 106 103 100 99 101 92 93 91 89 87 79 72 73 80 85 83 79 74 79 59 57 50 70 49 47 49 52 59 51 64 65 49 68 67 63 42 43 58 56 56 58 58 56 49 32 31 29 29 29 27 26 23 22 21 39 36 19 18 15 13 12 11 10 8
165 173 212 242 224 237 210 209 207 204 183 176 172 157 153 136 127 158 132 126 121 137 98 125 132 94 94 97 119 116 116 108 106 109 106 99 102 95 93 93 88 89 71 68 68 67 66 79 65 77 78 53 51 53 54 80 45 46 51 69 65 66 60 71 58 57 54 42 43 59 55 52 47 46 55 53 52 57 33 33 46 36 32 36 39 42 23 39 22 19 15 13 13 12 11 11
165 153 235 244 225 201 199 199 201 200 181 174 175 157 153 137 129 119 151 108 126 137 132 130 132 92 95 99 122 115 117 108 104 105 108 104 102 96 93 93 87 79 84 68 67 65 64 64 63 62 62 53 52 52 54 54 84 47 52 55 63 54 53 67 68 66 63 43 43 42 57 55 53 44 51 53 55 35 39 31 30 28 27 26 25 23 23 23 21 19 16 15 13 12 11 10
194 215 252 246 217 195 195 201 201 197 187 183 172 154 147 138 131 121 152 108 105 138 118 131 107 93 95 111 120 121 115 115 104 105 109 100 103 96 94 88 87 87 82 69 67 66 77 76 60 59 53 52 52 74 53 54 52 49 50 52 56 52 52 52 51 63 63 63 43 43 57 58 56 55 54 54 54 34 45 41 36 37 32 27 26 22 20 19 18 21 17 15 14 12 10 10
180 220 239 229 216 194 196 202 201 194 191 188 167 168 147 139 132 123 154 109 131 140 99 113 95 96 98 122 123 120 116 111 86 82 108 106 99 97 94 90 93 85 80 81 67 64 64 74 61 60 58 51 58 73 73 53 53 49 47 51 52 63 50 49 49 49 48 56 62 44 44 63 57 56 55 53 52 52 52 50 30 28 46 31 27 25 23 24 32 31 24 22 23 12 11 11
215 229 232 222 212 195 199 203 199 192 193 189 192 188 133 140 133 124 140 110 106 103 100 114 97 99 105 121 123 119 118 110 105 111 105 104 100 85 100 89 91 89 73 77 73 64 62 74 60 52 57 50 70 73 54 54 53 50 46 50 54 53 67 55 53 46 53 43 42 48 43 59 57 52 51 52 48 52 47 51 50 48 48 33 24 38 39 35 33 18 32 37 35 35 14 13
227 223 223 218 206 197 199 200 192 189 191 189 191 161 143 141 134 125 117 111 107 103 100 136 97 99 126 126 116 100 120 109 105 107 96 104 87 94 101 89 95 89 73 78 78 64 74 62 59 51 58 49 69 50 73 53 53 51 46 45 52 54 57 68 65 63 52 57 54 53 54 54 54 53 52 51 48 49 48 47 51 48 47 42 33 37 47 46 39 19 19 34 39 36 17 16
216 214 216 213 203 199 199 196 187 187 189 189 167 176 151 142 135 126 118 112 108 104 101 115 99 102 127 119 102 123 115 108 108 92 99 107 87 94 101 89 93 89 87 85 67 65 63 62 60 57 50 68 69 50 53 71 52 50 47 44 49 55 56 70 67 64 65 63 58 55 57 56 54 37 53 49 49 49 48 47 48 50 47 48 43 37 42 41 41 38 19 20 39 37 19 19
206 206 210 207 198 198 199 194 187 191 193 193 180 174 151 143 136 127 119 150 109 105 101 99 107 110 126 102 124 118 118 108 114 89 106 102 87 95 100 92 92 88 86 71 66 75 57 72 51 59 49 49 71 50 52 69 71 51 49 46 47 53 56 59 68 56 62 54 52 61 39 40 59 51 37 50 49 49 49 48 48 50 44 41 45 41 40 44 40 38 41 20 20 40 21 20
199 200 205 199 194 197 202 194 191 201 179 174 168 173 151 144 137 128 163 114 110 106 102 101 116 131 125 123 120 122 120 111 113 105 110 89 87 96 84 94 90 88 85 82 66 64 76 54 50 59 50 50 49 50 52 62 73 52 52 49 47 51 55 55 66 65 63 63 52 58 62 54 51 57 50 55 50 49 48 49 51 49 40 41 43 40 43 43 42 37 21 39 19 20 21 21
193 195 201 194 195 202 205 193 196 204 178 201 170 163 154 146 138 129 122 115 111 107 104 122 121 130 127 125 125 121 116 120 110 112 104 89 78 96 83 96 81 81 77 74 66 63 73 54 49 58 51 50 49 50 52 63 73 52 52 50 72 50 54 54 62 68 66 66 63 55 61 60 61 60 38 38 38 54 47 49 47 46 49 46 45 24 42 41 42 39 34 20 37 20 20 22
188 191 197 192 197 195 201 192 197 199 194 184 171 164 156 149 140 132 124 118 112 109 107 118 125 134 129 127 126 120 119 120 119 114 95 81 78 88 93 88 83 81 78 74 69 66 64 69 50 60 61 51 49 49 52 55 73 71 70 51 50 52 53 53 53 69 67 66 60 44 42 42 62 60 38 37 53 47 52 49 46 44 45 45 41 24 25 41 40 40 41 39 21 21 20 21
185 188 194 190 194 193 199 192 195 194 189 182 180 164 158 151 142 134 127 121 115 111 145 106 104 135 131 128 128 124 116 117 117 114 96 81 78 89 89 91 82 80 79 76 72 70 64 61 72 52 63 51 48 49 54 62 55 70 71 53 53 54 56 53 51 59 62 60 59 43 41 41 41 53 52 47 37 38 51 51 47 43 44 44 43 25 25 25 24 24 23 41 40 22 22 22
182 185 191 186 194 191 190 195 194 193 189 186 188 164 160 152 144 136 129 123 118 114 123 107 126 137 132 98 129 116 123 120 118 112 97 80 77 88 81 99 82 79 78 78 76 72 64 56 60 55 53 51 47 49 55 56 52 65 57 53 53 52 54 74 49 51 65 58 58 54 52 51 40 39 52 53 36 38 50 49 47 47 32 32 30 27 26 26 26 25 25 24 25 40 24 23
179 182 188 182 190 189 188 198 190 187 185 190 189 165 161 154 145 138 131 125 119 144 112 109 124 126 101 99 116 127 114 120 117 116 97 93 90 100 94 74 71 69 78 77 76 72 63 52 57 55 51 49 46 50 54 60 63 45 50 59 51 50 51 50 63 49 57 62 60 53 56 58 52 40 39 37 35 37 49 50 47 31 31 32 31 29 28 28 27 27 26 25 25 41 25 24
177 180 186 182 188 188 187 197 185 180 183 174 187 166 161 155 147 140 133 126 158 136 113 110 124 139 102 100 129 123 116 123 119 115 98 93 92 86 88 74 72 70 78 77 74 71 61 52 61 63 49 46 46 52 63 57 54 64 52 53 66 48 49 49 47 48 50 65 61 61 53 52 51 50 39 48 49 37 39 50 47 32 32 32 32 31 30 29 28 27 27 26 24 25 25 24
176 179 184 186 186 186 185 197 183 179 190 173 182 167 175 155 149 142 134 163 155 127 115 111 125 106 103 100 130 113 129 124 109 104 100 95 102 78 88 73 72 83 69 77 62 59 52 55 62 64 60 46 49 61 74 59 50 58 57 54 56 65 60 47 45 44 47 58 62 62 60 58 51 51 51 49 49 56 57 53 53 35 34 33 33 32 31 29 29 28 27 28 25 24 23 23
174 177 182 184 185 185 184 196 184 187 175 173 173 168 163 156 183 143 137 162 138 120 117 113 110 136 104 119 119 114 130 126 93 90 115 82 100 78 87 72 73 72 69 65 63 60 54 55 63 57 63 50 59 64 64 52 53 54 61 51 58 58 56 58 61 60 55 55 63 61 61 53 59 51 53 55 56 57 57 39 37 36 35 34 34 33 32 31 29 29 28 28 26 27 24 24
173 176 180 182 183 183 183 192 187 196 175 194 166 171 163 158 151 174 168 158 134 122 119 115 112 138 132 127 120 99 126 125 92 90 117 107 102 90 73 72 73 72 67 64 63 60 56 56 58 57 54 55 57 55 53 55 55 57 56 55 55 63 52 60 66 63 65 46 54 62 61 53 52 60 59 58 57 58 43 42 39 37 36 35 34 49 33 33 31 30 29 28 27 28 27 26
171 174 179 181 182 182 182 181 191 177 175 178 170 179 163 159 177 169 161 149 127 124 121 139 114 141 108 132 121 126 126 111 123 91 119 104 109 104 75 73 83 70 66 64 64 62 59 57 58 57 56 57 58 55 54 55 56 57 58 58 57 56 56 55 71 67 66 57 56 54 54 59 58 58 61 42 60 41 42 40 38 50 36 36 35 34 33 33 32 46 30 29 30 28 27 26
170 173 177 179 181 181 181 180 179 177 175 170 171 177 180 181 177 160 161 144 130 126 123 120 146 144 110 136 104 133 100 114 95 92 90 87 83 80 99 97 73 70 66 65 65 63 59 57 57 59 59 60 59 56 55 56 57 57 59 59 58 58 57 57 66 70 68 60 58 45 45 61 60 58 60 59 59 60 59 56 37 47 35 36 35 34 33 33 32 31 31 30 28 27 26 25
169 172 176 178 180 180 191 179 178 176 174 171 172 168 178 181 176 161 163 137 132 128 125 122 150 115 112 110 107 104 126 129 124 92 90 116 84 81 105 78 75 71 68 67 67 65 61 58 58 59 60 61 78 58 58 59 59 59 59 59 58 57 57 56 74 71 63 69 68 66 45 62 61 60 43 43 43 43 42 55 39 37 36 36 36 36 35 33 33 33 31 30 28 27 26 26
168 170 174 176 178 179 188 178 177 176 174 177 172 170 179 183 176 162 159 139 134 130 127 154 121 118 115 112 109 107 104 123 125 92 90 87 84 81 105 77 74 72 69 68 68 66 63 60 60 60 60 61 78 78 58 60 60 59 58 58 58 58 56 75 66 71 70 70 69 68 67 63 61 61 58 56 56 42 41 41 41 40 38 36 36 36 35 33 33 32 31 30 28 27 27 40
168 170 173 175 177 178 178 177 176 175 173 179 172 171 177 185 175 162 159 141 137 133 130 127 124 120 117 114 137 138 134 133 127 93 90 87 84 81 79 76 74 72 70 68 68 66 63 62 61 61 62 62 61 79 59 60 60 59 58 58 58 77 56 75 72 71 69 70 70 68 68 66 47 47 61 60 57 58 55 40 39 38 37 36 35 35 35 33 32 32 31 45 46 45 44 44
167 169 172 174 175 176 177 176 176 174 189 175 172 167 177 182 173 155 149 144 139 135 157 129 126 123 151 147 143 140 139 133 127 94 90 87 84 81 79 76 74 73 71 69 88 66 63 62 61 61 62 63 62 78 61 61 61 60 58 58 58 77 77 75 73 52 70 70 66 66 47 65 48 49 47 59 60 43 59 56 54 51 51 35 35 35 35 34 32 32 32 31 30 45 29 29
167 169 171 173 174 175 176 176 175 174 186 174 166 174 175 177 173 164 152 146 142 138 163 131 128 125 149 146 146 142 134 106 100 95 90 87 112 81 93 83 75 73 71 70 68 65 63 62 60 60 61 62 61 76 76 61 62 61 60 60 59 59 77 76 76 54 53 71 68 66 46 63 46 48 63 62 61 61 60 57 55 55 39 53 37 50 50 49 34 34 34 33 31 30 31 30
166 168 170 171 173 174 174 174 174 173 171 177 171 176 166 174 175 170 153 148 144 140 164 133 130 157 148 147 143 144 133 107 101 95 91 108 84 81 79 78 76 73 71 69 67 65 64 62 60 60 60 61 61 76 76 79 62 80 61 61 60 60 77 75 76 57 55 72 70 67 62 63 46 48 64 61 60 44 57 53 42 40 53 39 38 53 37 51 47 35 50 51 35 32 32 32
165 166 169 162 172 173 174 174 173 172 171 171 177 167 166 163 175 171 153 149 146 142 137 163 131 158 150 150 143 142 140 127 132 126 113 88 84 81 78 78 76 73 71 69 66 65 64 62 61 60 60 61 61 61 75 76 77 75 79 61 61 61 77 71 58 74 77 55 71 67 64 65 47 48 62 61 60 60 56 56 55 53 39 50 51 52 51 38 51 51 36 36 33 34 34 32
163 165 168 170 171 172 173 173 172 171 170 170 168 170 165 170 173 174 162 150 146 143 139 135 132 128 153 143 121 118 114 138 134 120 93 89 85 82 80 85 74 72 71 68 66 65 64 62 61 61 61 62 62 62 72 69 72 74 75 79 62 61 75 69 57 65 69 72 70 68 64 65 67 66 64 45 45 44 57 56 56 53 41 39 39 50 38 38 38 38 38 36 35 33 32 33
162 163 166 169 170 171 172 172 172 171 170 169 167 172 169 168 175 177 163 151 148 170 140 137 133 161 150 144 150 150 117 143 106 100 95 90 87 83 86 79 75 72 70 67 66 64 63 61 60 59 60 61 61 61 62 63 63 63 62 62 76 77 73 73 71 66 55 66 67 66 64 66 66 65 65 62 45 44 59 44 52 50 48 50 39 38 52 38 51 38 38 37 49 33 32 30
162 163 165 168 169 171 171 171 171 170 169 169 167 173 164 162 175 172 162 152 149 145 142 139 135 153 148 154 124 122 119 114 108 103 97 92 88 84 81 79 76 73 70 67 66 64 62 61 59 58 58 58 59 59 60 62 62 62 62 62 61 74 75 74 71 56 54 53 52 51 50 49 49 62 64 62 45 45 45 60 43 49 40 39 38 38 52 38 39 46 45 48 35 35 35 34
159 162 165 167 169 169 170 170 170 170 169 169 166 170 164 162 170 167 163 154 150 147 144 141 138 152 153 129 127 124 122 148 110 104 125 114 107 96 91 90 75 74 71 68 65 64 62 61 59 58 58 58 57 57 58 60 60 60 60 60 60 59 59 58 67 56 54 52 51 50 49 48 47 63 63 63 63 45 44 59 44 42 41 39 39 39 39 38 38 39 37 37 36 34 36 35
158 161 164 167 169 168 169 169 169 169 169 168 166 165 164 162 160 158 156 154 151 148 145 143 158 157 134 131 152 154 123 118 112 135 124 116 108 108 97 80 77 75 71 68 66 64 63 60 58 58 59 59 57 58 59 59 58 58 58 59 59 58 58 58 57 56 53 51 51 49 60 62 61 46 61 62 63 45 45 45 60 58 42 56 55 41 41 41 39 41 38 36 38 37 37 36
157 159 162 166 167 168 169 169 168 168 167 167 166 168 164 162 160 158 157 154 152 170 146 163 141 138 135 133 150 156 155 120 115 109 134 127 113 86 81 79 78 75 70 68 66 65 63 59 57 58 58 58 58 59 60 59 57 57 57 58 58 57 57 57 56 55 52 52 51 60 62 63 62 61 58 47 47 62 45 46 61 60 45 44 44 44 43 42 42 43 42 38 37 38 37 38
159 159 161 163 166 167 169 168 167 168 167 166 165 165 164 162 160 158 157 154 152 150 147 171 142 139 161 153 150 130 127 153 147 141 134 129 93 87 83 81 78 73 69 67 65 64 62 59 57 58 58 58 58 59 59 60 61 59 57 57 57 57 56 56 62 63 60 52 51 50 59 59 58 57 46 46 55 59 62 62 62 60 45 53 43 42 41 42 42 43 42 40 38 37 36 35
