examples/cougarCreek-fire/createInputs/farsite/7a-cougarCreek-polygonIgnit/cougarCreekFire_08-10-2015_2000_217m_non_neutral_stability_ang.asc
ncols	146
nrows	140
xllcorner	610065.000000
yllcorner	5095217.000000
cellsize	216.586807
NODATA_value	-9999.000000
[rows 0 to 41 of 140, columns 0 to 93 of 146]
229 230 232 234 234 233 233 233 234 241 236 236 237 237 237 238 238 237 237 237 237 243 245 249 252 252 253 254 256 258 257 255 254 254 255 257 260 184 264 267 262 278 276 304 313 10 304 317 332 348 3 28 68 99 114 123 128 130 131 134 136 137 138 139 140 141 140 140 140 141 141 140 138 136 135 136 138 136 134 134 134 135 136 124 123 125 137 124 122 125 135 124 122 134
229 230 232 234 234 233 233 233 234 241 236 236 237 237 237 238 238 237 237 237 237 243 245 249 252 252 253 254 256 258 257 255 254 254 255 257 260 184 264 267 262 278 276 304 313 10 304 317 332 348 3 28 68 99 114 123 128 130 131 134 136 137 138 139 140 141 140 140 140 141 141 140 138 136 135 136 138 136 134 134 134 135 136 124 123 125 137 124 122 125 135 124 122 134
230 231 233 234 233 233 233 233 234 235 236 236 237 237 237 238 238 238 238 238 240 247 245 248 250 251 252 253 255 256 256 255 254 255 256 257 259 262 264 266 269 272 275 280 286 295 307 322 339 355 11 37 71 97 111 119 125 128 130 132 134 135 136 137 139 140 140 139 140 140 140 139 138 136 135 136 138 137 135 135 135 135 136 137 137 137 137 136 135 135 135 133 133 134
231 231 233 234 233 233 233 234 234 234 234 235 236 236 237 238 238 238 240 241 242 250 246 247 248 250 252 253 255 255 256 257 257 258 259 261 263 265 267 270 273 277 282 288 296 306 320 335 349 2 15 34 60 84 100 110 117 122 125 127 129 132 133 135 136 138 138 139 139 140 140 139 138 137 137 137 139 139 137 136 136 136 136 137 137 138 138 139 138 139 139 138 136 137
230 231 232 233 232 233 233 244 243 242 233 234 235 236 236 237 237 238 240 241 249 249 252 246 248 250 251 252 254 255 256 257 258 259 260 262 264 265 268 271 274 278 283 290 300 312 327 343 357 8 19 38 61 79 96 106 113 118 122 125 127 130 131 133 135 136 137 138 139 140 140 139 139 138 138 138 140 139 138 137 136 136 137 137 138 139 139 140 140 141 142 141 124 125
230 231 232 233 232 233 233 233 233 243 242 242 234 235 236 237 237 238 247 240 249 249 250 246 247 248 249 251 252 254 255 255 256 258 259 260 262 263 265 267 270 275 280 287 297 311 329 348 4 44 52 59 68 85 98 108 115 119 123 125 127 129 131 132 133 135 122 137 139 140 139 139 139 138 138 138 139 139 138 137 137 137 137 137 138 139 139 139 140 141 141 141 141 117
231 231 232 233 233 232 232 243 243 243 243 242 242 235 235 236 236 238 246 247 248 249 250 250 251 250 247 255 256 257 252 253 254 256 256 257 259 260 261 280 287 270 310 282 293 1 24 41 58 60 72 56 72 91 102 111 117 121 123 126 127 113 115 132 133 120 136 138 140 140 140 139 139 137 137 138 139 139 138 137 137 137 138 137 141 139 139 140 141 141 141 141 142 123
231 231 232 232 233 233 232 243 242 242 242 242 242 242 240 235 235 246 246 246 247 248 248 249 249 249 250 253 254 252 249 258 259 252 253 254 256 256 271 274 280 289 305 322 348 32 55 62 64 69 60 62 85 97 107 113 118 122 124 126 109 113 131 132 133 121 136 138 140 140 139 139 138 137 138 139 140 139 138 138 137 138 138 138 138 139 139 140 141 141 141 141 142 143
231 231 231 231 232 244 232 243 244 243 243 242 242 242 241 235 243 244 245 245 245 246 259 261 247 247 248 250 251 250 251 255 254 249 250 260 261 263 265 268 273 279 292 313 354 34 47 51 49 49 53 68 80 82 86 116 120 123 105 127 110 130 131 132 118 121 123 123 140 140 139 139 138 138 139 139 139 138 138 138 138 138 139 138 139 139 140 140 141 141 142 142 142 142
232 232 231 231 231 241 241 243 242 242 242 241 255 242 241 240 242 242 245 256 258 245 243 243 265 244 245 246 248 247 247 250 251 252 255 256 256 258 259 261 264 267 281 301 30 49 45 46 52 55 65 81 86 83 113 118 121 124 107 128 129 131 132 117 120 119 122 123 140 140 141 140 139 139 139 140 139 138 139 139 139 139 139 139 139 139 140 140 141 140 142 142 142 143
244 232 232 232 231 231 239 241 241 242 241 241 241 256 240 240 239 235 243 243 258 261 243 241 259 268 265 267 244 244 243 246 247 248 251 252 251 251 252 253 252 253 256 64 70 62 62 60 65 70 80 80 77 111 116 120 123 104 127 129 130 114 117 120 118 121 124 126 141 142 142 141 140 139 140 141 140 139 140 140 140 140 140 139 139 135 140 140 141 141 142 143 143 143
231 231 243 243 242 240 231 239 240 255 255 240 240 241 240 241 234 239 241 242 259 261 261 240 240 265 257 267 270 241 241 243 243 244 247 247 247 246 246 245 244 20 43 57 72 70 75 70 68 75 74 77 108 114 92 99 103 106 109 130 131 115 120 120 121 137 138 140 141 142 142 141 140 140 141 141 139 139 140 141 140 140 140 140 140 140 141 141 141 141 142 142 143 144
230 230 229 241 242 241 230 236 237 238 253 255 255 239 240 240 237 240 240 241 258 261 263 259 239 261 259 266 268 254 237 239 240 241 241 241 241 239 237 236 324 40 60 66 76 66 81 62 71 74 74 78 113 117 96 102 105 109 111 114 116 123 123 135 136 137 138 139 141 142 142 141 140 141 141 141 140 140 141 141 141 141 141 141 140 141 141 141 141 142 142 142 143 145
229 229 230 230 230 239 230 231 234 234 236 251 254 255 238 239 238 239 240 259 260 261 265 262 258 262 263 265 262 238 242 235 270 271 273 274 279 284 281 283 351 85 83 80 71 109 94 66 69 78 77 81 89 95 100 105 108 112 113 118 124 126 134 135 136 137 138 139 141 142 142 141 141 142 141 141 140 140 141 142 142 142 142 141 141 141 141 141 142 142 142 142 143 146
229 230 230 230 230 231 231 231 231 234 234 234 235 250 254 254 253 254 257 259 262 262 263 264 261 263 263 263 255 234 232 232 267 270 270 272 278 281 273 268 101 103 86 77 60 52 64 78 82 73 81 89 95 100 104 107 96 115 116 119 133 134 135 135 123 122 124 126 141 142 129 141 141 142 141 141 140 141 141 142 142 142 142 142 142 142 141 141 142 136 139 136 142 149
228 230 231 230 230 231 240 240 238 236 234 235 249 247 247 253 252 251 253 255 256 257 257 258 264 263 261 258 248 228 243 264 266 268 269 272 273 274 276 288 100 97 89 82 69 73 85 92 87 69 90 97 80 85 107 111 102 115 101 116 119 120 119 120 122 124 126 142 142 143 143 142 142 141 141 141 141 141 141 142 142 142 142 142 142 142 141 142 142 142 134 133 140 140
228 229 230 230 230 230 230 238 239 237 234 235 254 255 245 240 244 254 253 253 255 256 251 231 256 263 259 253 234 220 251 260 261 263 266 268 268 267 271 323 82 95 97 93 89 91 95 90 80 67 99 83 96 94 91 119 121 101 117 118 119 119 122 122 124 125 141 128 143 143 144 142 142 141 141 141 141 142 142 142 142 143 143 142 142 142 141 142 142 142 141 139 140 142
228 229 230 230 229 229 235 236 238 253 233 232 248 255 244 235 236 243 247 248 254 254 259 247 257 261 262 252 235 234 252 256 257 257 256 261 259 266 276 55 94 99 98 97 95 96 95 88 79 76 86 106 106 93 96 122 121 99 120 119 119 121 123 124 126 141 142 135 137 144 144 143 142 141 141 141 141 142 142 143 143 143 143 143 142 142 141 130 129 142 142 140 141 143
228 229 229 229 229 228 228 235 253 254 233 231 242 244 248 249 247 247 250 246 252 255 255 254 252 255 256 241 239 242 250 252 248 260 247 261 258 262 269 106 103 104 105 104 100 95 95 91 83 87 102 107 99 117 97 103 119 120 106 121 124 109 128 127 140 131 135 140 144 145 145 144 143 143 142 142 142 142 142 143 144 144 144 144 143 142 142 130 129 143 142 126 129 144
229 228 228 228 228 227 234 233 251 252 231 245 242 244 251 253 254 253 255 250 254 257 251 249 254 252 244 234 237 242 239 240 213 213 213 256 255 255 260 122 114 113 115 116 110 104 103 101 107 110 107 97 89 95 101 99 101 124 105 106 126 112 127 126 129 142 143 144 145 146 145 144 144 143 143 143 144 143 143 143 144 144 145 145 143 143 142 127 127 143 142 129 127 132
228 227 226 235 234 233 232 232 232 251 229 246 254 243 242 249 250 251 253 251 254 257 249 249 253 255 235 235 235 235 230 221 210 208 208 251 254 227 256 119 119 126 128 124 120 118 117 117 150 112 106 95 94 107 97 130 131 106 109 108 109 114 130 129 142 143 144 145 146 146 146 145 145 144 143 144 144 144 144 144 145 145 145 145 144 143 143 143 143 143 125 125 129 144
225 225 225 233 232 231 231 230 230 251 245 245 252 253 235 222 238 242 249 248 250 254 251 251 253 254 245 239 229 219 220 189 207 204 204 224 247 222 220 125 135 150 134 129 123 115 116 119 117 97 98 96 99 99 136 105 105 112 114 111 112 116 115 144 133 134 134 135 146 146 146 145 145 144 144 145 145 144 144 145 145 146 146 145 144 143 143 144 144 143 126 128 128 129
224 224 224 223 229 229 228 229 228 247 244 242 251 247 243 221 232 220 241 247 249 252 249 246 248 249 240 236 218 194 203 202 204 186 200 200 245 242 159 134 157 154 147 129 124 123 122 118 104 98 98 99 103 140 140 108 108 111 112 113 117 120 134 134 133 133 134 146 147 147 146 146 146 145 145 145 145 145 145 145 145 145 146 146 144 143 144 144 144 127 127 129 132 134
223 223 223 223 222 222 227 227 244 246 245 241 245 248 250 243 243 242 244 250 250 251 250 241 238 250 233 233 214 202 218 197 201 196 196 215 238 235 168 135 139 151 145 129 126 125 122 114 107 104 103 151 110 118 111 111 111 113 117 118 123 136 135 146 133 135 136 136 148 148 147 146 146 146 145 145 145 145 146 146 146 146 147 146 145 144 144 144 126 136 139 140 138 141
221 222 222 222 222 221 226 225 225 245 248 243 242 250 249 243 241 242 241 241 247 249 249 247 239 248 243 229 231 229 215 182 190 193 211 232 230 214 136 140 140 135 133 172 130 124 120 120 114 109 119 151 111 111 111 116 121 123 124 123 124 137 120 120 138 138 137 138 149 138 148 148 147 147 146 146 145 146 146 147 147 147 147 146 145 144 143 143 142 140 140 136 135 142
220 220 221 221 221 220 224 224 222 242 246 243 238 242 249 245 241 241 240 238 241 249 247 245 240 243 243 218 238 229 191 191 186 147 189 196 211 159 132 150 155 134 134 132 130 166 131 162 118 113 155 125 112 113 113 122 125 150 124 124 125 139 119 126 139 139 138 139 140 141 141 149 148 147 147 147 146 147 147 147 147 147 148 147 145 144 143 141 130 134 142 139 136 140
219 219 220 220 225 224 223 221 234 237 243 240 238 236 242 245 240 240 241 239 241 247 244 239 233 237 240 219 233 225 181 175 150 151 184 197 169 138 135 139 134 128 128 128 127 127 125 122 118 119 156 120 115 115 114 120 124 125 124 124 125 141 140 127 128 131 141 141 141 141 141 148 148 148 147 147 147 147 147 147 147 147 147 147 145 144 144 142 120 126 137 142 140 139
219 219 220 219 223 223 223 221 229 232 238 240 241 233 233 238 237 239 240 238 239 244 242 232 227 230 236 221 218 199 177 178 167 165 164 163 142 136 139 137 134 132 130 131 132 130 127 129 125 124 158 122 118 125 119 124 127 125 125 126 127 129 132 137 140 140 139 142 140 139 138 149 148 148 147 147 147 147 147 147 147 147 148 147 146 145 145 142 119 121 123 124 125 127
219 219 219 218 218 222 222 222 220 234 237 239 243 234 230 234 235 237 239 236 238 242 241 232 223 225 233 222 208 189 175 174 168 160 146 135 139 141 139 137 138 135 135 136 137 166 165 165 123 161 159 124 122 135 122 129 129 128 130 134 136 135 136 136 137 139 140 144 142 141 140 150 149 148 147 147 147 147 148 148 147 147 148 147 146 146 145 142 116 118 144 143 124 125
219 219 218 218 217 221 220 236 238 236 236 237 242 245 235 234 236 238 239 237 238 242 242 238 227 225 227 230 209 190 181 171 159 153 148 140 141 140 138 139 139 139 155 170 169 167 166 129 164 162 160 130 128 124 130 133 132 131 131 132 132 132 134 135 135 142 142 142 142 142 141 150 149 148 148 148 148 148 148 148 148 148 148 147 146 146 145 143 143 118 121 123 129 130
220 218 217 217 216 220 218 217 233 233 233 236 236 241 238 231 235 237 238 237 241 244 243 239 229 224 223 224 216 188 181 164 154 150 147 148 144 134 139 150 159 158 170 170 169 168 136 148 165 163 162 148 126 130 133 130 127 128 130 131 132 135 136 137 135 142 141 141 141 140 140 151 151 150 150 150 149 149 149 149 148 148 149 148 147 146 145 144 143 124 127 127 129 128
221 219 217 216 215 219 218 217 230 231 228 229 232 234 238 229 229 231 230 230 234 231 239 236 223 216 216 218 218 183 173 160 154 149 150 156 142 139 147 160 159 158 170 170 169 168 167 142 166 165 164 161 128 131 128 127 129 131 132 133 134 137 137 137 135 135 144 144 144 144 143 143 144 143 150 150 150 150 150 150 149 149 150 150 148 147 146 144 143 126 125 125 128 128
220 219 217 216 215 220 218 215 229 230 230 230 235 235 235 229 224 224 224 225 227 224 222 216 211 211 214 218 223 181 169 161 156 153 151 152 148 143 150 141 159 158 170 168 168 167 166 160 166 167 166 164 139 136 138 133 134 136 136 135 135 135 137 138 140 154 142 153 144 145 152 142 144 150 149 149 149 145 148 150 149 149 151 150 150 149 147 145 157 126 123 125 129 131
216 216 220 214 220 218 216 214 230 230 232 234 235 234 233 229 224 219 217 217 220 221 218 211 202 199 211 217 222 186 154 158 162 156 153 154 152 153 153 152 153 158 169 167 150 155 155 159 165 165 166 177 170 142 139 139 141 141 140 153 140 139 139 155 154 139 153 140 140 143 139 138 150 150 150 150 150 150 145 149 149 149 149 148 148 148 147 145 157 141 125 126 130 132
213 214 215 218 217 215 213 232 233 232 229 230 231 232 232 230 227 223 221 218 216 216 215 213 209 199 202 217 220 169 154 159 163 158 153 151 151 152 148 149 148 146 147 147 147 151 153 157 162 161 162 164 171 168 162 154 146 143 142 144 144 144 150 137 136 137 143 142 141 153 151 151 139 140 143 144 143 150 149 149 148 149 148 148 148 148 146 146 157 152 126 126 130 130
212 213 214 213 216 214 211 208 226 225 221 216 220 225 230 229 227 226 224 216 214 212 210 207 206 205 218 220 213 145 151 155 162 160 152 150 150 149 145 143 151 149 149 165 164 163 143 148 156 159 158 159 161 168 166 163 156 152 148 144 144 139 138 137 136 145 144 156 156 155 153 140 141 141 142 142 150 150 150 149 149 148 148 148 150 149 146 145 159 158 130 127 131 130
211 212 213 216 214 236 233 206 223 221 218 215 214 218 220 221 220 217 216 212 207 205 205 202 198 197 203 209 216 151 155 159 158 163 157 151 152 150 147 144 142 139 164 164 164 163 161 159 146 155 158 160 156 161 163 163 161 160 158 154 151 149 147 145 140 139 147 147 147 141 145 143 142 141 152 151 151 150 150 149 149 148 147 148 150 150 147 146 161 160 137 128 130 130
210 211 211 214 211 208 206 221 202 214 213 215 214 214 210 210 207 204 200 199 200 201 201 200 198 198 200 199 188 167 158 157 164 164 161 158 154 157 157 156 154 154 158 167 165 164 162 159 137 146 153 159 158 160 161 161 161 162 162 162 161 160 160 160 159 158 158 159 160 161 159 152 142 156 155 153 152 151 150 150 149 149 147 147 148 150 149 147 162 161 136 126 125 128
210 209 208 211 209 207 205 203 213 211 214 214 212 209 207 208 206 203 203 206 205 201 202 202 197 197 202 199 187 183 158 150 150 161 167 169 171 170 169 164 156 151 155 162 168 166 166 164 163 161 144 151 156 158 158 158 159 159 160 160 161 161 160 160 159 158 158 159 160 160 160 160 161 160 153 145 155 154 152 150 150 149 148 147 147 149 149 147 162 163 145 124 124 128
206 206 206 209 207 206 202 203 215 216 216 214 210 212 211 210 207 204 203 203 201 202 205 204 198 202 203 201 192 192 160 152 158 151 155 161 161 169 171 175 172 162 164 161 155 154 153 147 145 162 164 140 141 142 153 158 155 156 157 156 156 159 160 158 156 155 155 154 153 153 153 154 154 160 160 163 162 157 155 152 151 149 148 147 148 150 149 147 147 164 162 129 125 129
203 203 205 207 206 204 202 203 202 216 216 216 215 216 210 208 205 201 200 203 205 207 206 200 195 201 202 202 202 206 159 157 158 156 149 145 143 145 152 170 172 172 170 168 164 163 163 160 158 153 151 149 158 163 162 160 159 160 158 156 147 156 155 155 154 154 153 152 150 149 148 149 149 149 150 152 154 156 165 158 153 150 148 147 147 148 148 147 147 147 163 149 131 131
201 202 204 206 206 204 202 202 200 216 216 214 211 209 205 204 201 199 205 211 212 209 203 190 195 202 202 202 200 198 168 158 155 152 154 154 145 145 144 140 169 153 150 151 154 166 165 165 165 165 163 164 165 163 160 159 158 157 158 155 160 158 156 154 153 151 150 148 147 145 145 145 145 144 145 146 147 149 153 155 169 152 150 149 148 148 147 146 147 148 146 158 139 134
