examples/cougarCreek-fire/createInputs/farsite/7a-cougarCreek-polygonIgnit/cougarCreekFire_08-11-2015_0600_217m_non_neutral_stability_ang.asc
ncols	146
nrows	140
xllcorner	610065.000000
yllcorner	5095217.000000
cellsize	216.586807
NODATA_value	-9999.000000
[rows 0 to 46 of 140, columns 0 to 95 of 146]
59 30 47 68 90 51 39 39 44 53 65 79 95 107 103 101 98 73 35 26 25 37 64 100 124 130 129 130 131 136 142 140 126 114 111 111 117 127 137 142 144 144 142 141 140 139 137 134 131 163 119 211 99 97 76 58 342 250 30 25 25 333 17 16 18 322 6 6 8 6 6 6 2 356 355 357 356 349 350 352 351 350 349 349 348 347 343 336 328 323 311 307 317 298 299 300
59 30 47 68 90 51 39 39 44 53 65 79 95 107 103 101 98 73 35 26 25 37 64 100 124 130 129 130 131 136 142 140 126 114 111 111 117 127 137 142 144 144 142 141 140 139 137 134 131 163 119 211 99 97 76 58 342 250 30 25 25 333 17 16 18 322 6 6 8 6 6 6 2 356 355 357 356 349 350 352 351 350 349 349 348 347 343 336 328 323 311 307 317 298 299 300
97 61 63 99 126 98 65 37 80 101 115 132 82 132 135 133 133 86 62 28 30 47 69 92 112 119 151 150 139 146 154 152 126 122 114 112 151 167 148 184 181 191 183 181 189 159 201 197 204 210 201 191 195 60 69 54 338 266 20 3 306 265 309 295 304 274 1 4 321 7 7 5 299 355 355 325 313 352 351 352 351 350 349 349 348 348 345 340 334 328 315 307 312 285 277 283
87 76 69 105 117 104 100 83 80 65 101 116 89 109 152 147 142 120 104 66 41 59 79 81 92 123 160 148 126 134 171 162 144 145 143 137 140 152 163 171 173 177 172 175 173 188 194 175 186 192 195 201 223 315 51 38 335 214 319 275 288 290 334 307 312 329 359 338 333 9 321 296 355 354 356 330 326 356 352 352 350 349 349 349 349 350 350 348 347 348 343 333 321 313 311 286
32 91 66 94 109 99 73 86 42 45 89 98 64 69 117 161 150 122 117 107 67 62 68 107 84 100 128 151 153 159 162 166 149 148 152 146 142 151 158 169 177 171 176 180 174 185 184 174 180 192 214 230 243 307 318 314 250 19 210 6 344 278 312 314 311 0 329 7 9 325 305 358 356 356 328 340 6 358 351 350 348 348 350 350 351 352 353 354 356 358 356 349 340 331 320 313
85 82 62 88 102 109 106 102 96 86 81 88 75 62 93 131 158 120 112 86 78 63 66 98 117 93 126 152 152 158 167 175 152 154 156 149 148 151 165 174 177 170 180 185 177 181 181 180 196 217 230 238 260 304 272 240 211 350 357 229 301 293 317 300 359 326 324 340 320 317 358 345 340 1 6 11 334 356 349 347 345 347 349 351 353 354 355 357 360 360 356 353 349 346 335 315
118 89 66 67 92 99 99 66 93 98 87 83 93 60 55 96 165 136 97 81 80 76 73 77 115 87 158 147 150 161 170 166 156 161 157 146 151 153 158 168 168 176 185 189 181 180 197 208 135 185 223 251 259 256 235 239 239 221 263 276 284 319 317 308 356 327 324 320 307 355 328 329 5 4 7 325 3 354 348 345 344 346 348 351 354 356 357 360 1 360 356 355 354 354 352 343
110 106 99 92 91 105 106 94 87 53 90 85 91 76 71 61 160 160 134 85 82 77 72 75 110 89 110 152 147 128 173 159 159 175 159 144 154 157 160 159 162 172 181 180 184 202 211 163 192 226 246 240 245 242 239 254 247 260 269 285 302 302 280 356 309 320 325 316 327 323 1 6 329 322 5 342 0 353 348 345 344 346 349 352 354 357 359 1 2 0 358 357 356 356 355 354
111 101 95 91 87 97 105 106 101 98 100 58 59 101 57 53 100 162 144 89 86 82 64 68 108 90 109 152 147 161 172 161 173 179 158 148 159 160 152 150 160 166 173 175 149 202 212 211 222 226 226 243 260 256 265 256 242 266 286 301 291 288 296 301 314 322 322 317 325 327 1 311 349 1 332 329 0 353 349 347 347 348 350 352 354 357 0 3 3 2 0 359 357 356 355 355
113 104 95 91 82 87 89 97 101 98 100 98 92 97 118 76 96 136 151 109 88 92 77 69 79 124 106 154 153 158 172 167 172 172 157 151 159 155 145 146 163 175 174 167 196 165 202 205 214 222 237 259 263 255 237 235 244 261 276 267 257 345 292 305 310 311 313 314 322 326 325 358 357 335 327 6 360 354 351 351 351 351 352 353 355 358 1 3 3 3 2 360 358 356 355 355
46 117 116 99 93 83 79 87 90 91 95 96 95 93 66 70 76 129 159 131 99 118 92 75 78 118 103 152 150 158 179 167 169 175 156 150 153 149 145 154 164 177 136 194 206 168 208 207 222 235 247 257 239 221 215 229 241 252 250 250 310 279 297 304 302 312 317 321 326 328 329 340 334 344 341 3 358 356 354 355 356 355 355 355 357 360 2 3 3 3 2 0 358 357 357 357
40 104 112 114 107 95 81 80 87 92 93 94 99 97 101 108 65 108 154 142 107 123 110 94 87 106 102 154 151 162 180 171 178 174 157 149 146 145 149 149 159 123 182 139 151 170 210 211 228 245 249 241 223 212 221 241 244 251 252 298 273 290 299 297 303 317 351 356 359 0 334 339 360 339 3 0 358 357 357 359 0 358 357 358 359 1 2 3 4 3 1 359 358 360 1 359
79 71 76 83 101 95 86 73 73 86 87 88 92 104 69 75 75 148 132 138 125 127 132 115 101 96 100 143 147 115 180 172 173 136 156 149 148 148 143 108 149 125 136 197 153 211 203 214 233 235 233 230 218 213 236 248 252 259 262 263 304 333 301 306 345 346 349 354 357 358 358 358 347 339 1 359 358 359 360 1 341 1 360 0 1 3 3 4 4 4 2 358 357 2 3 1
22 28 49 73 85 89 89 56 40 42 74 85 87 94 63 74 79 151 144 135 126 121 131 124 107 99 135 146 146 116 181 182 165 163 151 143 150 152 120 114 143 127 142 146 208 200 198 218 230 227 225 224 222 219 246 256 264 276 277 288 310 326 332 308 308 311 307 310 314 319 355 356 358 0 359 358 359 1 2 3 4 3 2 2 4 5 5 4 4 4 3 360 359 1 2 2
24 47 56 69 75 82 94 93 78 45 46 72 78 78 88 54 63 74 152 142 139 126 131 134 109 100 131 137 150 113 193 180 158 156 147 141 150 149 118 116 117 126 142 200 201 193 205 223 239 235 220 223 226 229 245 249 265 278 281 288 297 299 299 305 303 296 300 305 316 354 344 326 356 344 357 358 359 2 4 4 3 3 3 4 6 7 6 6 6 5 3 2 3 2 2 7
59 66 75 78 79 87 99 102 100 79 54 74 85 76 67 73 47 44 128 120 124 120 124 140 130 119 129 142 151 109 188 165 159 126 147 148 143 111 111 112 157 120 138 201 199 202 215 237 242 226 213 229 241 245 246 255 275 275 274 283 286 286 283 285 291 301 303 309 338 317 322 357 354 355 356 357 358 2 336 2 2 3 4 6 7 8 8 8 7 6 3 0 1 2 7 19
62 66 73 85 83 80 89 95 101 99 81 77 94 99 70 39 40 72 85 95 104 109 119 104 141 124 132 133 101 178 177 156 157 160 150 152 113 108 107 145 113 122 139 158 204 209 229 238 233 222 219 246 260 258 252 279 282 277 274 281 289 283 286 292 297 305 300 311 312 331 344 358 352 352 355 356 356 360 3 2 2 4 5 7 9 10 10 10 10 8 3 357 351 351 343 10
73 70 72 83 88 80 78 88 98 103 87 70 72 76 76 48 46 39 71 56 91 96 102 88 147 127 135 132 100 174 169 160 159 155 157 150 114 109 107 149 113 124 139 202 211 222 232 237 231 231 248 268 271 258 268 281 275 277 279 274 279 285 290 289 291 306 310 318 334 340 326 318 322 325 327 328 354 357 1 3 350 5 6 9 10 11 11 12 12 9 4 358 351 346 317 335
92 86 84 86 98 98 88 91 102 109 98 78 67 75 93 97 88 86 89 83 93 102 93 108 129 132 133 130 150 169 167 163 161 134 162 148 119 113 134 151 160 182 138 156 217 225 235 237 231 244 261 270 262 248 267 270 261 264 272 273 276 282 288 292 299 306 313 335 329 318 312 324 324 334 330 330 337 356 359 3 6 6 7 10 12 12 13 14 14 11 6 1 357 355 355 323
101 96 89 86 94 96 87 82 91 98 92 84 78 78 97 105 111 101 102 93 94 105 89 97 105 122 94 129 162 166 166 166 170 185 142 129 124 120 135 149 162 177 141 163 225 230 237 242 253 264 266 257 271 253 268 263 261 266 269 270 272 282 280 288 293 300 299 300 308 309 316 322 319 345 348 331 331 328 331 345 4 6 7 9 11 13 15 16 15 12 6 4 3 0 351 317
43 97 90 84 89 89 84 80 84 94 84 83 106 82 73 83 88 100 106 102 96 113 85 66 86 114 85 127 156 159 163 168 170 186 146 130 127 124 122 152 130 136 150 172 235 241 247 255 266 266 266 254 254 270 277 251 262 270 267 269 273 279 279 283 292 296 302 308 319 311 326 321 320 323 348 328 332 338 341 336 349 4 5 7 10 14 16 17 15 12 7 3 2 355 315 313
74 72 76 78 79 78 70 70 75 88 88 85 109 119 71 61 64 79 88 95 94 108 97 92 95 109 116 136 150 158 162 161 175 192 146 127 142 121 143 126 133 143 161 185 240 239 248 261 264 254 257 251 258 257 281 254 287 274 271 271 273 279 278 282 304 296 299 302 318 316 307 313 323 336 334 337 331 332 346 349 5 3 3 6 11 14 16 16 15 12 8 3 0 1 358 337
55 57 60 59 65 65 59 66 70 82 85 77 82 139 104 77 65 72 79 95 97 98 92 83 84 103 116 126 140 158 159 158 190 188 140 125 122 119 142 124 134 150 175 202 244 248 258 262 249 245 248 275 278 245 282 284 283 264 271 272 279 282 282 300 302 296 298 300 296 308 315 315 321 347 326 326 333 335 338 339 340 3 1 5 10 13 15 15 14 12 11 11 11 14 15 356
61 54 53 37 51 54 61 67 73 82 86 78 81 116 113 108 98 92 89 97 106 103 101 66 51 87 90 123 132 151 156 160 176 180 147 129 123 120 142 124 137 157 186 242 246 254 257 254 246 248 269 271 276 278 285 285 284 286 288 276 284 284 286 278 282 288 291 296 298 314 305 329 313 318 326 328 334 343 349 342 344 340 1 3 7 10 13 14 13 13 16 20 22 24 27 11
21 45 34 36 51 53 56 61 68 72 87 85 80 90 110 104 100 95 92 88 93 101 110 97 61 85 110 123 136 137 141 156 172 179 163 134 125 133 145 130 150 233 237 249 251 246 250 255 253 253 270 273 277 279 283 269 272 276 277 291 295 280 296 303 299 291 291 296 300 302 310 314 314 323 323 328 334 336 4 5 353 347 2 1 4 8 11 11 12 17 22 23 25 31 38 22
10 45 53 57 64 65 56 60 64 66 81 81 77 78 103 108 103 98 95 87 81 96 108 101 81 84 106 124 132 123 139 159 177 182 170 130 124 148 152 134 159 236 243 247 250 257 262 261 254 248 271 275 277 279 282 273 279 281 293 292 293 283 297 290 293 288 292 301 303 324 317 317 319 324 340 333 348 338 339 5 6 7 4 2 4 8 10 10 10 17 23 26 27 20 28 25
348 19 18 51 54 56 53 50 58 61 72 77 78 80 85 105 104 100 99 92 86 97 102 93 76 78 102 123 126 124 138 159 178 182 162 137 148 158 164 201 224 226 235 240 244 249 251 250 247 269 270 274 277 279 280 285 291 293 291 292 281 280 283 288 292 295 313 322 328 326 317 326 330 334 330 356 360 6 339 338 4 4 2 2 4 8 11 9 5 8 20 34 38 17 17 17
24 50 52 51 45 50 60 60 55 57 71 83 88 87 77 92 95 96 101 95 91 103 105 85 63 69 89 114 121 126 142 157 165 164 155 154 158 168 185 203 215 219 226 236 242 245 247 252 254 268 270 276 279 278 282 289 292 291 291 292 295 288 300 304 309 319 320 322 307 303 304 309 318 325 340 339 343 336 349 337 339 341 359 360 3 6 9 9 4 359 358 335 358 354 357 359
81 79 76 64 55 54 62 79 82 70 71 88 79 94 81 89 94 94 101 96 92 104 114 89 53 46 71 92 113 127 144 153 150 155 159 165 171 186 195 204 215 220 228 240 250 256 260 261 250 266 269 277 278 282 284 291 292 292 293 296 297 298 295 304 308 314 318 319 309 306 308 312 315 320 323 323 326 326 332 334 338 340 357 356 0 5 8 9 6 1 352 349 332 345 346 344
95 92 86 79 70 62 63 70 92 84 82 84 95 114 106 94 98 99 104 101 99 111 119 114 77 61 65 76 106 117 140 145 149 158 161 165 182 197 196 206 217 227 240 249 250 252 257 249 266 267 268 273 278 283 288 292 292 293 294 295 295 297 300 305 308 309 303 304 307 312 314 311 325 330 331 331 333 332 334 338 341 346 340 357 0 7 9 9 7 5 4 2 2 339 338 336
70 101 106 105 96 82 66 64 71 75 70 81 90 70 115 100 105 112 118 120 120 132 133 140 113 89 77 76 101 110 135 144 155 163 167 176 196 192 200 214 224 238 251 253 248 248 247 260 262 263 264 268 275 285 289 288 289 293 295 287 289 294 303 300 300 296 295 296 311 314 320 344 348 336 336 336 341 341 341 338 340 341 345 8 10 11 8 7 7 7 7 8 5 331 330 337
38 78 104 93 94 87 85 80 74 79 74 69 78 87 109 105 100 110 118 128 141 159 154 149 129 110 101 88 98 109 127 131 160 169 176 195 199 188 202 222 235 246 254 260 261 256 253 255 256 260 263 267 274 283 284 285 290 295 296 287 291 296 304 299 299 300 301 303 305 308 314 324 331 333 332 332 335 336 336 341 357 343 6 11 12 9 5 4 6 6 5 4 5 340 337 344
32 53 66 120 103 111 108 95 84 82 83 83 94 100 110 112 97 93 100 110 138 171 180 167 143 126 111 104 105 111 117 126 158 176 186 194 190 190 206 219 234 251 259 263 266 267 269 258 261 261 263 266 272 278 281 285 291 295 288 289 290 293 298 302 306 313 316 321 326 333 335 335 337 327 324 332 330 345 358 358 358 360 359 358 1 4 3 3 6 8 6 4 6 8 348 350
23 25 6 340 140 132 123 110 96 87 96 100 101 102 113 116 103 87 77 78 99 135 165 171 148 131 128 116 111 113 118 125 156 181 193 197 198 204 220 234 246 256 260 265 276 279 282 267 274 275 272 271 272 274 277 282 289 293 294 297 299 297 301 305 306 306 307 310 311 309 318 341 345 348 351 328 331 334 344 355 357 342 350 342 346 358 1 3 6 9 7 5 8 10 347 345
344 355 52 359 2 117 120 119 111 105 102 98 104 109 110 118 108 93 82 83 97 116 134 146 150 140 135 123 114 115 120 124 152 186 200 205 211 224 248 263 266 267 273 276 280 286 288 277 283 290 291 284 279 277 277 279 283 289 293 296 299 303 298 297 299 301 301 307 326 328 334 338 344 323 335 338 336 329 328 333 340 333 346 319 345 354 358 2 7 10 7 6 10 11 336 335
56 59 60 75 25 42 111 101 96 97 92 79 82 95 115 132 149 159 170 147 136 129 133 131 139 136 134 124 115 116 122 125 141 189 204 208 221 240 251 257 263 269 274 273 273 278 284 290 301 291 294 295 290 282 281 282 284 288 291 292 292 291 299 302 314 318 323 325 327 333 338 344 328 355 330 330 328 328 327 327 326 347 336 331 350 353 357 1 7 9 7 9 14 16 342 336
75 71 74 80 25 18 17 102 90 87 84 81 86 88 95 112 128 136 143 137 125 126 123 125 117 114 124 120 116 116 122 129 145 180 193 201 208 196 221 240 249 260 265 268 276 274 275 282 294 293 293 297 296 289 286 286 286 289 291 290 291 293 297 297 301 313 318 323 332 320 345 348 352 352 351 350 349 349 331 348 348 331 335 335 347 347 354 0 6 9 8 11 15 13 337 331
76 79 82 79 72 63 83 75 77 74 73 85 92 88 80 80 89 96 95 88 89 103 106 97 100 102 101 112 108 105 109 128 151 185 211 221 223 223 228 235 237 248 260 268 268 284 289 282 285 293 301 295 293 304 292 288 287 290 290 287 277 279 283 288 295 301 306 311 324 339 344 350 323 350 345 345 346 345 346 347 347 331 330 314 329 341 348 357 5 10 11 10 10 9 330 316
1 337 86 70 62 52 41 28 60 64 74 85 87 85 77 74 77 73 67 71 76 81 87 89 82 78 92 99 94 88 91 113 162 224 257 259 253 227 230 261 262 260 255 264 273 277 282 288 276 286 292 298 298 302 300 299 298 297 287 283 279 279 283 286 271 290 265 261 266 282 306 332 347 348 348 350 350 348 347 347 346 345 346 344 344 350 340 349 3 11 13 11 8 10 6 328
338 61 51 53 56 52 75 49 65 73 84 89 88 91 87 85 80 71 64 66 68 66 87 92 79 76 95 98 82 84 88 100 144 254 288 299 299 295 289 259 255 277 257 259 270 275 279 278 279 280 282 285 286 289 293 299 298 297 298 287 283 282 285 286 282 276 275 276 281 281 287 266 280 307 328 342 348 351 352 350 346 343 342 345 347 325 345 333 348 8 13 15 13 11 12 341
332 21 26 34 28 65 67 56 71 75 87 99 102 102 93 89 78 61 51 54 61 75 97 91 73 77 98 98 92 89 88 85 34 289 287 287 290 293 297 299 288 283 286 272 267 268 274 277 281 289 289 290 285 282 292 291 279 274 279 267 278 294 293 288 282 288 288 286 295 297 298 302 304 282 291 301 316 337 348 353 352 346 341 343 346 322 353 338 332 352 11 19 19 14 15 13
314 329 12 31 52 73 63 65 75 84 95 101 102 98 84 80 63 47 52 71 86 98 99 79 63 76 94 100 103 96 84 57 360 306 285 284 291 290 286 287 296 289 285 287 289 290 280 279 294 296 295 298 291 299 294 292 287 284 269 263 278 280 290 291 291 288 285 281 281 289 295 308 315 314 307 312 304 312 325 345 354 352 347 347 346 334 309 351 342 344 7 22 24 19 17 18
352 19 29 55 75 76 62 77 78 86 100 103 97 86 73 61 52 60 79 92 102 101 86 58 62 88 99 99 100 96 79 57 30 347 308 293 291 290 286 284 287 290 287 284 281 279 284 289 295 290 296 296 301 300 296 274 264 287 290 290 264 292 286 252 247 239 240 242 239 241 247 255 255 249 253 266 304 321 314 333 344 351 353 353 353 349 335 311 349 349 357 20 29 27 23 21
352 8 72 316 71 61 74 78 82 98 105 96 87 73 53 43 55 65 80 95 99 87 63 49 71 98 96 89 91 94 78 59 45 24 1 319 296 290 288 284 281 283 283 277 269 272 278 282 286 291 291 291 297 297 294 293 285 280 265 259 258 252 245 248 253 259 264 266 279 254 274 276 274 273 278 263 271 281 314 324 335 345 354 356 357 360 355 338 326 338 349 7 32 34 32 30
339 332 310 68 50 45 74 73 85 95 84 77 58 54 47 47 47 44 67 83 81 68 55 56 78 92 81 74 86 94 74 53 37 23 18 7 318 296 290 287 282 275 268 270 272 277 283 290 293 291 287 287 289 287 280 267 254 251 252 258 258 252 253 272 288 306 318 325 327 324 322 319 318 319 322 318 306 310 298 335 326 338 348 355 359 2 5 359 343 334 343 3 10 38 22 21
55 64 40 33 37 50 54 68 77 67 110 46 53 63 59 49 31 50 76 83 81 71 66 57 72 77 64 66 89 90 69 52 42 30 18 358 337 332 314 291 277 292 287 287 292 285 288 291 293 295 288 275 271 268 265 255 257 253 258 262 264 280 296 311 320 327 325 331 342 336 325 335 334 331 330 326 339 319 309 303 350 330 342 353 1 1 4 5 0 349 343 2 23 37 23 49
322 320 311 17 34 45 35 44 45 85 37 51 62 62 52 43 45 76 87 91 88 71 56 38 42 49 51 68 87 78 61 50 43 36 24 5 337 319 307 307 306 296 292 294 299 291 297 293 280 265 272 276 280 282 277 266 255 266 279 292 301 310 319 328 335 332 346 347 335 351 359 2 0 341 336 337 353 336 322 310 313 338 338 350 0 0 359 2 3 360 328 353 24 39 47 50
