examples/cougarCreek-fire/createInputs/farsite/7a-cougarCreek-polygonIgnit/cougarCreekFire_08-13-2015_1000_217m_non_neutral_stability_ang.asc
ncols	146
nrows	140
xllcorner	610065.000000
yllcorner	5095217.000000
cellsize	216.586807
NODATA_value	-9999.000000
[rows 42 to 83 of 140, columns 0 to 94 of 146]
317 342 344 328 316 300 330 331 333 338 335 331 327 325 326 329 337 359 26 26 3 339 326 327 355 1 355 351 346 335 329 336 330 302 287 290 294 288 284 288 292 297 304 320 322 319 329 343 358 41 12 10 21 20 15 48 51 15 16 7 47 358 341 241 150 126 122 123 129 114 112 129 131 143 143 233 359 33 63 70 123 247 268 7 40 46 46 333 38 51 290 256 241 219 192
312 311 353 302 299 303 332 327 332 338 331 327 319 317 320 331 343 359 6 1 341 324 321 339 359 349 342 344 344 327 327 331 340 331 314 299 291 280 278 279 282 287 288 288 283 293 306 321 332 353 1 356 1 7 5 1 351 341 297 198 156 108 100 97 100 99 112 119 52 113 50 49 49 46 43 126 142 207 7 59 60 284 269 320 45 53 51 49 47 47 20 278 249 217 191
311 311 307 325 317 321 328 329 332 327 324 316 319 324 321 336 336 351 2 346 330 318 326 345 352 337 333 342 345 321 328 329 331 326 321 316 296 280 273 272 271 271 263 264 276 300 314 332 340 350 354 352 347 347 334 297 124 83 79 83 90 93 91 64 62 61 69 76 79 77 75 73 67 58 52 50 46 46 263 28 59 37 284 295 40 56 57 53 47 44 42 328 322 211 320
340 331 325 324 318 324 324 329 326 315 294 314 329 327 322 330 339 8 16 349 323 318 323 336 344 331 326 346 336 318 324 327 328 321 314 303 295 304 292 276 255 273 287 301 317 308 319 334 336 346 348 2 48 93 99 102 70 72 79 94 98 72 74 75 65 59 239 209 71 157 246 236 254 284 288 260 51 329 326 300 45 50 312 298 34 55 58 54 49 46 49 42 303 183 325
295 297 298 318 319 323 321 322 315 291 313 324 338 325 322 325 350 29 13 345 319 316 317 323 338 340 345 357 334 329 328 327 322 315 305 295 296 296 289 288 280 279 289 303 333 315 328 322 295 265 60 59 63 74 77 79 76 64 71 78 79 76 71 67 60 294 61 64 334 71 73 71 68 311 316 342 55 313 317 322 323 45 11 319 23 54 56 52 49 50 345 52 31 67 101
290 292 295 322 322 319 299 316 312 310 321 335 335 330 331 333 301 314 356 335 316 307 309 322 346 0 11 7 341 335 334 327 312 312 298 288 297 305 296 288 294 290 295 299 307 340 335 283 44 54 62 68 80 90 90 88 75 69 70 71 78 75 57 41 55 54 1 5 62 63 67 345 321 318 332 336 59 57 48 327 311 41 38 14 32 64 62 58 56 56 55 53 61 5 89
286 289 300 316 302 298 286 317 316 318 332 333 332 333 309 298 307 314 343 330 311 301 307 334 354 14 23 7 1 349 337 332 306 313 293 283 297 312 304 312 305 294 290 281 282 273 248 118 96 72 71 77 86 92 87 77 68 60 58 60 64 64 61 55 47 48 51 53 4 355 326 288 326 322 299 320 335 56 305 311 324 322 43 45 59 78 76 71 68 64 57 55 12 75 2
287 290 293 293 296 312 319 325 319 326 330 333 335 320 302 329 330 331 329 328 308 303 316 334 342 9 15 10 8 316 339 320 312 308 296 285 290 304 301 311 291 298 280 274 280 273 109 107 91 76 74 76 77 76 71 62 45 38 49 52 56 59 56 47 2 353 348 338 298 297 296 344 328 324 327 315 307 295 48 17 330 321 45 53 61 74 84 85 81 76 68 60 61 7 9
287 288 288 293 318 322 316 322 324 329 340 336 332 333 326 326 325 323 326 327 310 306 313 320 334 357 19 25 332 312 335 318 310 309 300 280 275 297 295 297 296 287 293 311 320 56 74 93 91 82 75 69 66 65 61 52 31 28 30 28 45 48 51 48 40 39 43 48 56 59 59 58 57 326 318 304 60 56 52 296 54 51 48 53 62 67 74 82 87 87 85 80 74 74 74
284 285 292 320 327 325 326 328 327 339 325 307 333 329 300 324 323 324 329 327 316 312 310 312 341 13 48 46 325 312 333 314 303 307 297 270 281 297 292 286 283 281 280 294 331 27 87 94 96 89 81 70 63 62 54 35 22 28 19 17 21 23 43 45 44 47 6 50 320 12 40 3 356 9 1 68 69 67 66 334 63 60 54 54 312 61 64 68 74 82 90 94 91 83 77
283 284 300 328 325 327 329 328 331 339 335 328 324 321 317 320 324 327 327 325 320 319 308 280 359 47 31 337 316 322 327 313 300 304 287 265 288 293 287 286 282 276 271 281 303 340 24 81 92 94 90 80 64 51 40 22 17 15 21 21 22 355 22 43 46 49 49 50 22 27 60 64 62 60 59 60 61 61 60 62 311 64 63 61 57 171 332 60 64 72 77 83 89 86 81
287 298 323 332 330 330 330 327 335 333 325 298 316 316 318 320 324 332 324 322 318 323 310 317 17 17 342 335 324 314 319 331 301 303 272 267 278 276 274 277 278 265 258 277 307 323 339 359 19 55 82 82 71 53 38 26 28 24 25 26 26 26 29 33 34 31 48 26 21 20 27 32 28 20 10 2 329 337 331 59 64 69 4 324 342 57 56 58 58 63 65 70 77 79 79
290 303 326 325 327 327 337 330 333 329 295 290 318 327 325 320 325 330 325 322 319 323 324 330 354 351 336 327 320 309 316 333 303 300 270 264 292 287 273 274 274 261 246 242 269 308 330 337 340 352 36 46 65 60 49 40 37 36 36 35 33 31 33 31 27 27 31 26 16 6 339 345 16 60 17 10 16 57 10 354 333 324 274 63 62 208 60 251 58 61 64 8 69 75 79
283 299 322 320 308 329 339 325 321 319 288 283 329 332 323 310 317 316 311 315 315 318 321 331 340 334 333 338 322 307 315 317 301 296 275 256 305 288 281 278 273 270 250 225 217 287 300 313 336 358 3 32 41 55 52 50 49 48 43 40 35 16 3 32 49 49 341 359 13 51 51 53 307 5 61 59 16 343 182 50 151 266 62 64 67 70 70 69 65 60 61 64 65 67 75
276 292 319 316 316 353 334 317 296 303 281 322 285 331 321 308 306 305 304 309 312 312 319 331 332 332 350 344 317 305 311 322 298 293 277 265 315 298 289 284 279 273 263 229 217 206 154 21 26 317 358 20 23 48 49 34 33 26 17 10 37 74 53 51 50 53 100 59 58 58 60 45 335 153 60 62 65 62 54 53 281 62 65 68 73 341 77 77 74 69 67 225 65 154 282
281 290 324 333 352 342 295 302 294 298 319 334 308 322 320 294 289 287 292 302 311 310 319 330 328 333 344 311 309 310 317 314 284 274 265 267 322 297 277 294 286 279 272 254 236 215 196 147 90 80 72 308 36 23 34 338 318 106 106 96 77 72 55 57 60 66 69 69 70 71 72 74 155 67 66 69 69 63 61 194 198 170 171 310 73 73 73 74 75 75 75 14 321 238 68
291 292 344 311 294 291 311 285 274 323 199 301 298 352 211 247 260 273 278 285 315 315 333 326 330 338 321 303 303 312 313 291 289 276 262 255 309 291 250 293 282 275 272 267 251 224 213 202 173 124 117 110 62 14 286 119 99 91 64 65 78 83 91 92 100 102 76 77 77 78 79 125 79 77 76 79 79 78 184 191 81 79 160 155 154 156 339 71 338 73 73 75 78 77 72
293 300 332 304 303 320 273 281 316 39 193 298 171 226 238 260 276 281 281 279 316 314 316 326 330 344 307 305 302 310 280 287 304 290 280 246 278 296 290 281 278 274 262 266 260 256 248 240 211 181 153 134 109 92 88 78 65 67 75 76 78 76 71 70 72 76 112 119 131 127 82 85 89 88 86 86 87 89 199 172 179 89 171 161 146 74 152 196 264 337 75 82 334 9 80
291 300 9 352 341 279 253 320 68 208 222 221 231 244 268 281 286 285 282 282 317 316 319 324 344 326 313 307 301 291 277 297 300 290 285 266 244 286 294 290 276 275 270 268 271 262 259 224 219 206 237 176 137 126 117 102 91 91 95 92 89 86 83 83 84 91 103 85 87 89 90 93 95 93 92 92 177 192 96 97 96 205 205 224 235 242 258 253 284 319 350 349 89 11 351
289 328 8 336 324 255 231 55 203 204 222 242 273 284 289 291 290 287 284 284 318 314 323 325 343 324 313 303 290 292 295 299 295 286 284 275 242 273 288 286 279 275 272 268 269 267 270 271 222 260 251 242 224 195 142 134 128 127 121 114 106 98 95 98 98 94 91 94 97 98 98 98 100 99 149 155 99 98 97 97 96 94 91 88 87 87 9 357 329 301 274 309 89 0 89
331 8 22 333 327 322 319 151 202 220 250 284 293 296 295 293 290 287 285 310 322 313 315 327 342 332 310 298 294 295 294 297 273 285 278 275 268 266 279 276 276 273 274 272 269 270 261 256 256 250 239 235 233 141 150 152 148 142 136 129 125 117 111 109 107 102 99 102 106 106 104 104 104 103 154 103 102 100 95 90 88 86 85 85 1 343 342 336 307 290 279 261 266 278 318
37 38 13 358 45 171 187 205 234 281 295 298 297 298 296 292 288 286 284 315 317 315 313 325 339 337 317 294 291 295 296 272 272 283 270 274 272 271 273 272 271 269 275 275 269 269 266 260 254 245 243 242 276 139 148 155 155 148 141 136 135 133 126 119 115 111 108 110 115 114 111 111 112 112 156 107 106 105 95 87 85 86 89 358 331 290 284 295 291 276 265 238 203 178 205
41 48 54 222 222 215 225 262 299 306 308 306 302 300 297 290 283 288 296 314 309 321 316 325 333 340 318 291 290 293 286 296 283 284 271 274 276 267 268 269 269 264 259 275 272 266 271 265 228 254 239 237 234 266 149 156 158 155 147 140 137 137 133 126 120 117 115 114 118 123 118 116 119 122 122 118 114 112 256 264 295 328 333 338 346 340 322 314 300 272 255 251 229 237 251
8 50 46 29 310 305 307 310 311 310 309 308 302 296 289 281 274 285 327 306 287 331 316 323 334 341 315 267 288 287 288 295 289 282 274 274 274 271 273 265 265 260 254 266 272 274 272 266 231 220 252 232 225 239 153 158 160 160 155 145 138 135 132 129 124 120 118 116 117 124 125 120 120 124 127 125 120 117 121 123 123 117 229 238 241 254 264 269 265 249 253 199 154 181 160
53 51 49 340 328 325 321 316 313 310 307 303 294 283 274 269 275 290 323 309 310 314 302 314 332 344 262 267 270 273 286 288 289 283 277 276 269 276 275 245 259 260 249 254 265 273 276 270 276 214 221 241 246 166 158 157 160 165 164 155 143 138 133 129 127 125 124 122 121 123 127 142 135 122 128 194 133 129 132 142 147 143 127 203 185 118 115 112 188 211 156 103 148 174 236
53 43 20 340 330 326 323 319 315 311 317 300 291 280 271 264 269 289 324 315 319 273 286 313 331 350 259 268 291 296 289 288 286 282 280 275 265 269 274 243 261 257 236 228 236 256 264 267 251 226 220 249 259 246 163 156 157 166 172 167 155 148 143 136 132 129 127 128 129 128 156 157 136 124 128 135 143 146 148 157 163 254 245 249 253 218 206 192 199 157 108 191 147 113 111
39 28 349 333 326 325 332 320 317 312 306 300 293 285 276 266 268 319 315 315 322 307 304 312 322 248 256 271 291 295 290 279 287 285 280 274 274 273 269 239 254 237 232 227 218 211 225 244 239 258 241 238 239 220 228 162 152 158 170 175 167 159 152 152 140 134 129 129 133 136 137 135 170 131 181 132 143 153 259 254 226 153 144 189 205 242 239 217 118 114 118 169 175 216 225
34 21 353 323 320 321 320 318 315 311 306 301 294 287 290 272 276 327 309 306 318 310 308 309 326 231 263 274 299 295 288 286 280 285 286 278 274 270 272 238 234 231 243 225 215 208 220 237 236 238 237 234 232 225 188 224 139 148 162 176 175 165 156 150 145 138 132 130 132 137 143 144 174 140 139 203 179 203 154 153 147 145 145 142 131 120 114 113 113 121 125 121 119 171 115
35 20 324 315 314 315 316 315 313 323 307 304 296 289 283 280 287 335 313 305 311 318 317 313 357 242 268 278 301 297 284 281 280 281 285 274 273 277 272 237 232 231 229 224 215 208 238 232 230 215 211 230 233 212 210 186 192 105 153 169 176 171 160 151 146 140 135 141 132 135 141 147 174 175 188 196 209 187 150 183 148 147 148 149 144 133 124 123 127 134 134 126 127 129 126
359 341 320 329 312 313 314 329 327 324 324 322 316 303 288 288 298 344 318 310 305 320 316 301 263 266 275 293 300 294 288 288 280 283 279 277 276 276 271 233 240 261 227 250 218 209 205 234 236 232 214 206 224 223 233 207 188 196 147 158 173 176 168 159 151 144 140 137 152 135 138 145 180 186 195 194 185 189 181 185 148 147 179 152 152 144 138 138 141 144 144 139 138 141 141
349 333 320 334 315 315 316 332 329 326 329 327 306 300 294 296 308 349 325 316 316 321 318 319 274 273 284 299 298 294 294 289 281 294 275 278 280 285 272 234 243 272 225 225 221 211 236 205 214 208 208 204 223 195 211 225 189 158 174 150 166 178 175 166 159 152 147 144 141 139 148 153 181 183 188 149 165 168 166 172 174 183 179 148 151 151 149 147 145 147 152 154 214 154 153
333 326 340 333 317 318 318 333 328 328 329 330 308 303 297 299 315 354 337 320 324 339 304 314 281 274 307 306 277 295 298 287 280 294 256 277 277 275 278 235 245 278 225 225 241 214 207 242 235 236 207 208 223 186 208 198 195 165 155 153 161 174 176 170 164 158 153 150 148 145 166 169 174 179 188 195 162 169 160 157 171 189 190 141 143 150 150 140 137 142 153 162 163 158 239
346 343 336 333 317 317 333 332 328 329 330 329 324 298 292 296 316 21 340 323 337 288 319 331 278 277 304 288 281 296 295 286 293 259 260 284 282 277 280 235 235 270 271 222 222 216 208 237 247 223 235 229 224 195 190 217 196 171 163 154 160 169 175 172 165 159 154 168 170 148 141 150 153 165 187 191 162 164 158 152 165 185 207 243 138 146 147 239 257 135 150 165 171 161 249
332 339 352 332 330 332 335 332 331 335 333 302 321 295 292 297 324 358 320 330 351 296 317 303 282 321 311 310 309 303 293 290 288 259 291 289 279 288 277 242 235 276 268 218 218 251 210 202 249 216 243 234 225 200 191 201 227 219 196 225 163 167 173 173 167 161 156 153 174 159 128 131 142 151 157 175 168 151 159 158 161 190 193 201 235 149 151 234 234 264 134 160 182 177 259
337 347 336 330 330 334 339 334 336 317 312 306 304 321 298 302 355 18 343 338 353 306 304 278 325 324 320 314 305 305 295 296 274 271 289 265 285 286 280 245 246 276 279 227 216 218 246 220 244 236 242 239 237 200 201 200 225 229 202 197 156 167 170 172 169 164 160 176 152 175 132 120 123 136 120 127 168 149 146 178 202 188 147 142 225 153 221 265 248 126 105 286 165 186 160
334 344 335 331 333 342 345 337 351 321 319 314 312 319 307 314 10 13 352 354 352 321 300 317 315 324 319 317 314 308 297 301 279 299 291 263 284 296 279 245 279 283 280 231 216 217 253 205 238 238 235 240 229 202 203 202 228 206 176 169 233 169 170 170 169 183 176 174 180 180 163 115 102 116 104 146 142 146 150 154 179 175 200 208 242 156 231 228 252 245 124 91 281 57 175
344 346 336 332 338 345 349 339 344 321 319 316 316 319 312 323 18 15 5 1 319 288 308 286 282 327 322 318 317 312 277 296 301 297 295 239 285 297 245 238 276 283 277 236 226 215 225 251 238 249 234 246 244 197 199 204 229 233 212 196 201 158 171 168 168 186 163 186 157 149 142 175 134 119 98 143 144 146 148 183 135 150 203 238 258 155 160 265 277 292 279 119 94 275 322
340 347 338 334 339 357 347 338 348 317 334 311 334 309 314 321 20 306 9 296 294 293 323 289 285 331 325 319 317 316 303 292 301 297 296 265 234 303 238 241 267 281 281 241 216 260 223 216 251 242 243 245 251 192 196 194 185 235 200 202 173 210 169 153 168 169 165 161 157 151 144 139 137 163 93 98 143 147 148 147 275 149 150 260 271 148 159 152 150 152 148 295 280 268 280
346 347 338 333 342 349 340 348 346 340 312 349 307 309 319 5 316 311 305 302 300 340 293 289 285 335 330 312 314 317 310 300 306 300 291 266 263 303 236 254 287 269 276 282 233 223 219 204 206 203 254 232 256 193 200 196 184 179 179 183 177 172 168 241 168 173 170 163 158 154 149 143 139 135 168 74 141 146 139 147 274 342 150 330 275 296 156 158 164 170 305 313 304 277 130
346 345 339 320 349 352 346 339 342 344 317 314 308 311 324 16 316 313 309 306 340 319 295 292 287 335 339 291 306 311 314 308 306 305 293 287 292 245 242 281 289 243 278 271 276 260 208 203 209 206 196 237 278 198 203 196 187 180 182 184 179 175 170 164 179 174 175 167 161 156 151 175 142 135 131 131 135 138 139 140 135 312 126 148 318 275 294 309 324 185 296 301 317 279 130
348 347 340 334 358 349 348 321 336 334 320 317 310 314 324 9 317 314 309 349 338 300 296 293 288 344 323 269 310 303 317 292 308 302 302 280 301 231 245 285 272 247 241 266 259 276 204 202 209 249 219 186 190 204 203 194 189 184 181 182 231 179 175 168 165 169 173 252 164 193 154 149 111 139 134 131 354 133 57 137 137 124 335 136 154 325 291 273 295 329 310 293 323 327 294
349 348 342 342 350 347 346 320 337 336 321 317 313 319 345 319 318 316 311 346 334 299 298 296 322 358 330 312 315 291 315 294 306 308 302 303 248 232 285 283 244 279 281 272 272 267 241 201 208 245 258 264 198 205 198 191 189 201 197 181 182 219 181 176 167 216 167 173 166 161 155 149 91 120 161 134 196 40 26 141 144 139 275 339 19 6 331 303 275 289 309 298 302 326 333
