examples/cougarCreek-fire/createInputs/farsite/7a-cougarCreek-polygonIgnit/cougarCreekFire_08-11-2015_1000_217m_non_neutral_stability_ang.asc
ncols	146
nrows	140
xllcorner	610065.000000
yllcorner	5095217.000000
cellsize	216.586807
NODATA_value	-9999.000000
[rows 49 to 97 of 140, columns 0 to 95 of 146]
97 99 102 106 90 49 53 68 75 72 76 85 94 112 150 107 101 93 85 80 79 51 44 63 66 72 82 80 81 88 74 81 79 70 66 73 52 354 351 354 50 343 13 344 337 293 301 291 283 280 281 280 280 279 279 278 277 275 271 269 269 268 267 266 267 264 264 265 271 280 286 302 307 312 319 320 315 309 339 325 296 270 352 136 88 76 74 75 78 82 86 91 101 62 61 62
97 98 99 82 53 76 85 80 78 78 89 101 109 107 98 83 82 67 59 69 71 56 52 51 51 59 67 75 89 90 71 82 81 68 61 71 45 357 358 355 357 342 324 323 312 313 306 298 292 286 283 281 280 276 271 270 271 272 270 269 266 269 270 268 263 256 252 257 264 276 289 299 309 301 309 312 341 336 337 299 22 113 119 140 127 106 89 82 81 81 84 88 91 96 98 95
94 93 81 63 81 84 80 80 83 87 101 123 109 101 138 54 58 48 55 66 62 56 53 31 38 54 69 85 93 90 70 82 82 65 56 69 18 3 2 1 357 338 315 307 316 312 290 291 288 284 279 276 278 277 270 268 271 269 267 266 266 270 265 268 265 257 264 256 268 274 279 282 284 291 302 319 327 324 325 307 106 116 115 132 254 125 116 107 98 91 85 83 84 85 88 90
92 91 77 75 83 83 87 88 84 93 100 96 83 71 47 36 38 45 56 60 55 59 62 80 33 68 84 95 95 76 67 80 79 62 56 58 18 10 6 3 1 344 317 298 300 297 296 285 284 283 282 280 280 285 281 275 269 263 262 261 259 265 265 259 259 255 255 254 265 275 273 274 270 262 248 240 237 231 216 167 262 115 114 124 128 193 255 126 123 110 97 90 86 84 84 86
95 84 74 79 84 80 79 79 80 95 90 125 45 34 37 34 33 51 59 58 55 54 59 28 52 81 89 84 76 68 58 65 76 61 68 47 31 25 23 31 18 359 322 298 294 292 291 290 293 291 282 283 282 287 291 277 262 254 258 260 256 256 259 261 261 264 255 268 263 271 285 287 284 282 271 262 257 232 250 182 156 133 326 220 196 120 120 126 125 117 112 108 100 91 86 85
94 84 79 79 71 64 66 80 86 92 120 113 28 34 51 49 47 66 69 67 57 47 44 32 48 71 72 67 69 64 48 65 75 61 64 39 17 14 30 29 8 359 348 310 286 281 282 280 278 279 284 295 285 288 290 278 261 253 257 258 253 254 259 261 263 267 271 267 262 260 260 263 266 216 263 248 236 198 244 261 256 251 225 133 124 199 108 192 122 116 114 86 110 101 91 85
89 73 73 71 75 41 70 84 72 64 109 78 29 37 51 54 54 70 73 63 50 35 30 33 49 56 58 63 71 63 45 67 73 61 48 38 22 37 28 11 5 5 358 14 333 296 273 272 276 280 280 280 295 285 288 279 263 258 262 260 257 265 261 246 248 248 261 272 238 232 226 216 225 266 224 222 269 277 205 172 193 213 146 139 128 117 106 103 106 104 105 109 109 103 99 92
90 64 62 68 46 55 87 73 85 26 42 34 46 29 50 54 50 67 63 39 31 19 14 28 48 48 59 72 73 59 45 59 69 60 45 36 23 38 16 12 6 9 357 21 357 326 293 277 272 269 280 282 281 284 282 282 275 272 271 269 254 239 247 246 244 242 232 239 238 233 226 228 228 222 235 239 229 187 176 166 210 158 164 156 138 259 111 98 92 95 99 169 98 151 175 92
95 66 47 56 59 85 103 57 15 4 27 53 36 28 48 53 63 84 66 10 16 6 10 33 44 41 62 76 66 49 49 63 74 74 69 56 26 30 11 7 5 3 360 349 334 352 319 306 282 272 271 271 280 281 274 277 271 250 250 247 245 243 248 246 243 240 238 237 234 228 222 217 222 226 239 243 245 221 186 202 195 189 197 221 148 133 121 114 106 102 99 97 153 166 91 137
92 85 43 74 85 107 63 45 12 21 59 59 34 49 67 78 94 113 128 259 11 5 34 54 41 46 72 76 58 46 58 70 72 70 65 54 18 26 42 9 5 358 357 353 343 359 346 331 314 298 282 275 271 274 266 255 251 253 262 259 251 245 236 239 238 240 239 236 233 228 224 209 227 238 243 245 244 225 219 209 151 137 187 189 190 190 208 124 271 115 107 99 97 95 90 81
82 68 59 76 106 81 92 21 14 42 58 50 62 73 95 109 117 121 135 189 6 10 37 34 29 61 79 68 52 52 67 71 61 59 38 54 16 11 8 21 15 1 3 355 355 347 338 325 322 316 306 295 284 277 274 272 269 267 265 261 257 255 252 249 245 241 238 237 233 224 231 233 239 245 248 243 235 221 228 215 212 144 200 188 178 119 180 189 197 200 115 108 341 76 95 82
72 60 65 79 75 93 73 19 43 48 58 73 78 96 114 128 128 129 148 224 359 359 11 12 41 70 70 58 56 63 68 58 53 52 37 32 45 8 10 11 16 3 358 352 349 348 344 340 328 320 302 297 297 293 289 284 279 276 275 271 265 260 257 254 250 247 236 237 239 242 241 242 244 242 238 229 238 236 200 185 167 232 231 228 224 217 221 204 208 214 206 343 107 72 23 81
73 24 70 65 63 87 63 41 47 62 72 88 90 114 125 129 131 140 187 248 357 352 7 25 50 64 64 62 66 65 56 47 48 47 33 23 42 9 11 9 11 4 360 353 344 344 338 332 324 315 304 299 296 294 299 298 295 293 290 285 279 271 265 261 257 252 249 249 252 254 251 246 240 231 236 235 212 203 196 187 175 164 151 138 129 123 245 231 228 220 213 213 108 22 100 96
24 50 74 58 57 51 29 61 69 89 114 125 127 126 126 127 132 163 228 327 358 350 347 5 33 52 60 65 67 61 50 46 59 46 27 20 15 11 13 15 13 6 3 2 348 343 338 327 321 309 301 296 301 300 300 300 299 297 295 292 289 284 279 275 270 266 265 266 267 264 257 247 237 228 233 213 207 199 192 185 178 171 161 149 228 227 229 238 237 231 223 221 228 215 220 26
67 77 82 84 76 74 84 91 118 161 158 145 132 127 125 124 135 217 262 339 345 345 342 358 26 41 55 65 66 58 51 60 63 42 30 17 17 10 13 15 15 4 355 2 354 346 343 336 328 312 304 301 303 298 297 298 297 296 293 292 291 289 288 288 285 279 275 273 270 264 256 247 240 230 243 212 206 198 190 186 181 173 164 237 230 223 224 229 224 231 227 218 194 172 191 155
114 90 85 96 107 104 98 121 153 156 155 148 133 127 124 123 151 288 319 345 333 350 349 358 14 27 52 64 60 55 56 49 52 35 27 17 18 17 16 18 16 7 358 356 358 349 344 340 332 323 305 296 295 304 296 297 298 297 295 291 289 288 287 286 285 282 276 270 264 259 252 245 238 229 218 207 200 194 237 236 241 246 245 244 246 245 240 245 245 234 228 231 221 235 257 206
352 80 74 82 66 73 97 124 136 141 145 140 128 120 116 119 199 298 357 340 323 10 354 352 7 24 55 69 61 61 58 44 42 33 21 18 21 18 17 24 20 13 1 350 354 347 347 340 333 328 312 297 298 307 297 296 298 298 297 293 290 287 284 282 281 279 275 267 260 255 248 239 234 229 217 201 195 193 185 172 160 155 220 221 219 229 234 238 238 228 242 204 165 198 162 82
79 84 80 55 75 94 109 117 124 132 135 128 115 101 92 95 301 315 1 345 341 31 333 339 4 27 52 73 74 71 57 38 30 27 18 16 26 15 17 32 24 15 4 350 349 344 344 337 332 319 317 307 306 306 297 296 298 301 301 297 293 288 285 283 280 277 276 273 268 261 250 265 263 234 226 252 206 209 192 158 142 142 142 206 190 128 124 122 190 211 171 109 166 238 302 74
118 93 76 65 87 100 108 112 116 122 108 120 105 90 81 78 297 324 2 350 6 321 328 340 359 26 56 80 66 52 44 30 23 25 21 18 27 17 18 33 22 20 29 29 359 336 335 330 319 326 313 305 308 306 294 294 298 305 309 305 298 290 283 278 275 272 272 276 277 270 272 270 272 239 233 230 233 219 180 159 154 258 240 243 247 243 220 198 205 169 115 225 292 101 94 88
98 72 34 83 93 99 95 107 108 110 111 107 98 90 82 77 301 352 357 348 7 357 340 348 353 20 79 88 62 43 38 31 16 24 24 21 25 18 20 32 27 35 37 31 18 8 342 330 321 322 313 299 302 301 300 300 295 304 313 313 302 289 278 289 268 266 266 270 274 272 265 259 267 244 271 228 211 182 270 259 223 143 138 196 216 245 246 222 117 114 117 197 209 245 245 98
71 67 81 95 96 95 96 97 98 98 94 88 86 85 48 77 307 5 354 342 0 356 354 353 359 41 100 90 50 36 43 26 14 17 20 26 27 20 20 30 33 34 25 32 21 11 347 329 317 311 308 302 304 305 295 287 303 295 307 318 314 295 280 271 267 264 262 263 265 269 271 267 276 250 236 270 273 243 152 136 127 119 113 115 123 124 117 104 95 100 107 110 111 212 96 86
68 84 98 98 94 89 87 88 90 75 84 78 76 76 77 70 312 9 356 347 351 356 5 1 24 52 94 81 39 39 50 32 12 13 18 28 24 16 19 29 29 31 35 35 26 14 339 337 323 318 309 301 305 310 302 287 282 314 297 315 330 322 302 286 275 267 262 281 260 261 262 258 287 288 282 279 278 259 139 230 99 85 79 76 76 77 72 56 51 58 67 70 78 85 80 256
347 33 86 85 89 83 81 72 73 69 60 55 52 54 72 50 321 13 359 354 348 0 16 5 20 65 86 48 26 42 47 24 10 13 20 23 19 15 19 25 28 20 36 19 31 16 9 335 327 319 312 305 307 312 309 293 282 281 288 302 328 338 328 314 296 282 274 268 282 260 256 249 286 281 281 287 293 291 291 285 94 80 317 51 45 37 30 27 32 38 40 40 43 46 54 64
8 36 71 75 84 80 78 69 69 63 56 50 63 67 65 27 329 18 4 358 354 15 29 12 33 327 73 32 31 45 42 18 5 14 30 27 13 5 18 24 27 13 31 35 33 19 341 5 342 333 317 309 311 316 304 300 289 289 302 289 307 332 336 329 317 305 297 290 283 276 293 296 287 274 276 246 310 309 319 316 294 291 313 44 40 38 34 35 39 42 42 43 338 45 50 62
6 30 58 64 79 76 75 65 64 56 52 46 68 70 61 26 335 20 16 1 5 36 28 8 49 51 43 33 49 45 28 12 4 23 32 28 6 354 16 22 27 11 24 30 20 24 12 347 344 335 325 314 314 315 318 303 295 299 292 289 293 312 332 331 321 310 303 301 298 296 287 289 293 293 293 303 321 318 329 337 306 289 298 53 59 58 59 65 67 62 59 56 54 54 342 324
36 44 52 60 76 73 59 61 57 51 49 49 53 77 63 29 338 37 34 3 25 25 29 28 300 31 33 46 48 33 15 7 7 33 34 25 3 354 15 17 27 8 9 25 32 29 19 344 346 346 326 318 316 327 315 315 307 308 299 311 288 296 319 331 324 310 300 306 304 314 320 318 320 319 313 311 324 324 330 29 332 299 292 300 62 64 63 304 304 83 79 71 64 62 317 70
16 36 48 55 55 55 57 56 50 47 54 76 49 76 64 23 341 36 33 11 39 33 30 40 296 43 33 40 33 29 17 5 29 36 31 11 0 1 13 20 24 2 3 19 28 13 24 14 343 349 333 326 323 327 316 325 319 304 295 298 289 292 306 326 332 322 310 299 295 307 324 328 323 324 327 322 322 334 329 332 336 303 280 286 305 44 56 341 300 288 83 82 75 68 330 329
18 36 41 45 46 48 54 51 44 53 59 70 71 34 58 11 4 42 30 26 42 34 49 290 39 27 36 35 23 30 22 8 28 32 17 9 353 6 12 18 22 3 359 12 20 28 357 358 341 350 341 333 331 331 330 330 319 307 297 293 316 288 294 312 330 329 320 313 293 296 314 324 326 323 338 350 321 334 340 315 314 308 21 25 310 37 337 337 324 64 70 295 78 72 65 330
8 29 34 37 40 45 52 46 41 47 54 62 55 22 47 10 18 39 35 40 48 52 63 37 355 24 32 29 26 35 28 12 30 27 12 5 349 5 14 20 14 3 2 7 10 21 9 19 341 352 347 338 339 337 334 333 320 309 311 299 309 286 289 300 317 324 322 317 299 291 303 316 327 323 343 345 338 334 345 330 324 332 322 319 321 37 343 319 324 315 58 63 293 71 71 64
15 26 29 32 36 46 46 41 42 47 56 58 52 21 40 11 29 44 45 51 58 27 62 16 300 14 21 25 25 36 38 11 20 16 6 42 348 2 16 30 1 355 3 2 11 14 17 356 343 350 348 338 341 344 343 337 317 320 316 293 293 320 284 292 311 325 319 313 298 286 275 290 308 314 341 321 3 6 340 312 337 4 338 327 324 36 46 343 340 346 331 58 66 291 4 75
7 22 25 27 31 42 43 39 39 56 50 64 39 54 35 343 42 8 54 42 51 48 30 1 309 12 19 28 24 33 38 11 8 18 2 358 14 2 24 30 5 352 353 358 3 8 14 19 349 335 347 334 336 352 337 333 330 317 330 303 309 292 315 324 296 333 343 331 325 318 313 303 291 301 329 344 338 357 348 334 324 3 354 344 327 45 52 60 61 60 62 343 326 316 292 359
7 18 20 18 25 42 47 38 39 46 67 34 63 56 28 21 7 18 32 51 58 55 57 331 302 10 20 38 28 22 36 17 10 26 2 356 351 5 31 23 5 5 346 352 359 3 9 20 24 11 338 333 332 340 340 343 341 339 349 334 329 310 288 300 284 320 351 348 343 334 326 326 320 307 298 317 314 341 341 347 304 337 42 358 328 331 68 74 71 71 1 10 5 323 88 102
1 12 16 23 25 39 43 43 34 32 52 53 61 53 23 37 11 28 45 59 54 27 52 327 306 0 30 49 23 4 31 26 24 19 2 352 357 17 30 5 3 14 358 342 340 358 5 8 21 17 5 329 343 339 337 345 351 345 341 346 347 335 315 298 322 302 340 356 353 346 335 314 335 331 320 310 310 323 347 6 20 313 47 65 354 322 328 345 11 84 345 346 16 336 83 88
358 7 11 9 28 33 39 44 32 24 38 47 60 49 22 41 20 40 61 52 46 72 36 325 310 7 42 19 19 358 24 32 26 9 3 355 3 34 29 359 7 8 6 348 333 346 358 355 16 356 349 13 356 337 332 340 354 351 344 350 338 351 340 327 308 300 319 330 357 328 343 333 341 340 334 323 317 306 337 25 48 65 329 90 82 3 331 326 321 18 9 337 25 32 338 80
356 4 6 11 24 27 37 44 30 23 37 50 58 44 17 18 27 48 67 45 39 73 16 332 337 23 44 49 22 357 30 36 8 9 13 2 23 39 15 6 20 356 356 348 343 336 355 337 11 5 345 346 348 335 330 331 345 351 347 348 355 341 351 346 337 303 318 346 358 354 348 334 343 344 313 336 304 328 330 151 88 88 295 339 24 28 14 342 345 316 353 330 335 22 29 82
355 0 6 17 23 26 30 43 29 34 44 58 28 36 21 23 38 61 59 49 81 64 357 337 325 25 38 41 29 356 18 24 355 9 15 15 31 30 17 47 42 20 328 346 348 338 348 324 6 13 348 358 342 337 330 320 324 343 345 342 347 347 348 341 353 351 340 348 340 356 354 348 319 343 326 316 310 317 321 180 325 124 109 284 335 26 22 22 21 350 325 335 98 349 352 100
352 358 6 16 19 25 36 37 30 42 51 66 58 11 37 38 45 53 50 41 75 48 342 329 345 30 40 40 32 4 4 27 4 356 13 22 27 21 39 37 43 27 350 357 354 345 344 13 356 25 347 356 342 336 323 311 346 308 326 329 332 343 332 337 326 321 330 342 348 336 331 3 298 318 325 320 318 318 292 271 285 326 336 320 312 349 2 347 20 29 352 332 342 253 105 116
344 357 6 14 16 25 36 35 35 42 57 71 67 20 35 43 49 46 84 81 73 43 342 324 4 41 45 43 37 10 6 63 18 336 8 20 17 20 27 43 50 39 355 6 6 347 350 311 335 17 358 343 333 297 314 314 295 345 290 297 300 303 300 305 333 328 332 337 343 345 348 317 309 313 321 323 325 336 293 122 137 266 309 327 328 335 351 105 103 295 337 75 94 90 86 89
346 356 8 14 16 25 30 36 37 43 61 72 69 16 26 41 51 41 79 79 72 44 357 357 16 38 47 47 40 26 41 53 10 87 345 13 8 18 37 66 60 47 14 12 22 351 0 304 19 19 7 348 324 266 274 287 286 274 264 341 336 337 260 280 337 11 339 335 338 343 353 341 329 37 75 307 299 312 327 299 269 123 284 312 320 346 20 38 93 92 89 85 82 78 74 70
349 356 2 9 19 21 28 34 38 46 64 70 64 7 20 41 50 80 81 82 70 46 50 5 29 49 68 67 45 42 50 42 13 77 329 10 4 9 144 111 91 78 63 16 29 357 356 0 19 159 18 352 176 330 353 234 334 334 230 337 337 336 330 236 331 327 332 330 331 332 341 343 334 315 57 56 66 79 104 296 293 288 287 305 345 315 336 99 90 83 78 75 71 67 63 60
357 360 3 7 22 19 26 34 42 52 67 48 62 47 21 46 47 85 85 82 71 57 61 22 55 312 92 67 37 42 60 34 18 60 55 5 8 9 156 131 122 9 121 15 36 350 344 7 37 37 29 2 142 209 344 227 341 334 352 336 336 334 330 323 321 314 318 322 317 319 324 341 352 347 326 309 313 301 64 276 280 272 114 109 271 99 91 92 85 77 70 64 59 56 56 58
4 6 5 10 23 26 32 35 47 57 69 47 59 46 20 57 43 86 85 81 76 78 0 42 346 103 135 45 30 37 42 26 19 359 67 342 18 11 157 136 120 45 129 357 27 337 334 58 219 186 46 8 146 190 226 358 212 334 217 217 326 325 205 328 330 323 312 314 305 303 309 330 200 229 48 332 329 333 312 85 86 79 76 80 76 73 77 82 78 70 63 58 55 55 57 60
11 11 4 9 19 26 34 33 56 62 69 68 59 50 47 41 39 81 83 82 79 80 19 46 56 124 53 40 41 46 28 14 9 2 346 351 24 12 157 56 57 22 132 352 16 344 32 246 222 188 181 166 316 299 298 342 355 329 338 207 336 314 322 308 330 236 325 315 303 296 293 309 220 228 350 334 331 339 334 306 304 319 306 60 62 66 69 75 70 69 65 62 61 62 65 66
6 25 4 5 15 13 35 38 34 84 83 35 66 29 70 34 79 36 80 79 77 7 36 346 94 120 24 34 52 48 7 355 356 355 351 5 27 29 58 140 53 14 127 118 139 21 43 49 200 186 188 167 321 169 191 317 330 311 339 346 342 338 307 297 321 239 261 327 310 300 298 314 233 251 334 322 320 317 310 297 296 308 330 336 329 332 333 320 69 73 78 80 78 78 78 77
7 342 352 355 7 2 37 71 40 98 49 37 79 38 38 34 42 51 77 74 69 12 36 52 114 119 31 38 37 31 9 351 357 9 18 47 184 143 120 121 128 138 116 90 84 41 42 201 183 175 178 12 334 170 185 191 287 299 320 331 342 332 298 286 294 326 327 318 313 293 289 322 242 259 332 328 323 308 69 57 56 58 71 310 336 344 334 75 63 69 335 87 89 87 84 81
333 339 354 6 7 5 35 62 76 87 98 43 41 42 39 35 40 42 78 73 69 20 32 47 129 119 41 26 7 16 20 356 16 32 289 307 350 64 89 94 101 121 127 107 96 110 163 180 170 161 162 12 327 175 185 186 279 194 283 313 330 333 305 195 209 278 310 311 310 294 287 315 244 333 334 353 66 339 308 48 50 48 58 64 56 314 314 340 70 71 323 80 88 99 92 85
9 332 355 14 9 7 39 54 70 63 47 46 47 39 40 33 31 42 79 76 77 16 37 131 131 125 33 12 139 37 168 14 30 44 292 289 341 77 89 87 86 97 114 105 86 77 102 143 153 148 144 145 154 172 180 182 187 193 201 204 323 296 285 207 206 198 200 288 294 295 289 297 325 325 336 351 35 39 48 303 58 59 304 310 309 51 328 333 334 76 75 345 78 82 85 90
330 332 1 2 8 14 39 52 55 53 46 38 45 41 36 33 34 44 77 73 71 46 78 100 121 125 18 7 24 60 49 36 56 274 281 285 286 105 103 100 98 101 102 90 68 68 80 97 119 125 125 129 142 158 171 178 185 191 198 200 277 277 210 210 277 200 209 223 232 287 288 298 295 303 322 341 356 35 49 310 53 53 51 50 327 343 340 343 57 59 319 344 342 70 74 79
344 344 357 6 6 31 43 51 50 49 72 46 46 37 82 22 33 31 75 18 59 54 59 84 116 22 129 24 51 228 44 344 296 277 275 288 351 82 89 93 101 114 115 82 50 63 71 77 87 100 106 114 126 142 157 169 178 189 197 201 205 210 210 207 205 207 214 225 233 237 248 259 264 296 303 329 352 29 57 339 43 39 36 45 306 44 52 59 344 55 64 60 64 63 65 74
