examples/cougarCreek-fire/createInputs/farsite/7a-cougarCreek-polygonIgnit/cougarCreekFire_08-10-2015_1400_217m_non_neutral_stability_vel.asc
ncols	146
nrows	140
xllcorner	610065.000000
yllcorner	5095217.000000
cellsize	216.586807
NODATA_value	-9999.000000
[rows 0 to 36 of 140, columns 0 to 82 of 146]
7.44 7.54 8.15 9.11 9.70 10.05 10.55 11.24 12.14 13.21 13.95 13.95 13.09 11.95 11.47 11.95 11.85 10.60 9.41 8.52 8.64 10.86 13.25 13.99 13.55 13.08 12.81 12.68 12.61 12.55 12.30 11.63 10.82 10.47 10.84 11.74 12.97 15.34 14.88 15.05 15.95 16.13 16.02 16.92 17.53 17.92 17.56 17.66 17.81 17.83 17.59 17.35 17.38 17.55 17.75 17.91 17.52 16.59 15.95 15.74 15.39 14.99 14.80 14.67 14.49 13.93 13.26 13.18 13.62 14.00 13.83 13.03 11.90 11.02 11.38 12.32 11.21 8.35 6.28 5.93 6.36 6.47 6.92
7.44 7.54 8.15 9.11 9.70 10.05 10.55 11.24 12.14 13.21 13.95 13.95 13.09 11.95 11.47 11.95 11.85 10.60 9.41 8.52 8.64 10.86 13.25 13.99 13.55 13.08 12.81 12.68 12.61 12.55 12.30 11.63 10.82 10.47 10.84 11.74 12.97 15.34 14.88 15.05 15.95 16.13 16.02 16.92 17.53 17.92 17.56 17.66 17.81 17.83 17.59 17.35 17.38 17.55 17.75 17.91 17.52 16.59 15.95 15.74 15.39 14.99 14.80 14.67 14.49 13.93 13.26 13.18 13.62 14.00 13.83 13.03 11.90 11.02 11.38 12.32 11.21 8.35 6.28 5.93 6.36 6.47 6.92
7.60 7.53 8.13 9.26 9.94 10.11 10.45 11.14 12.00 12.93 13.58 13.62 12.99 12.30 12.13 12.38 12.58 12.42 11.22 9.83 9.64 11.52 13.49 13.87 13.37 12.97 12.77 12.67 12.61 12.50 12.18 11.71 11.42 11.50 12.03 12.84 13.60 14.10 14.50 14.90 15.31 15.67 16.03 16.45 16.84 17.16 17.31 17.42 17.54 17.63 17.66 17.70 17.75 17.75 17.76 17.60 16.98 16.28 15.89 15.52 15.14 14.97 14.87 14.73 14.42 13.84 13.53 13.76 14.08 14.04 13.36 12.45 11.74 11.43 12.09 12.31 10.73 8.64 6.79 6.54 7.20 7.32 7.74
7.97 7.87 8.71 10.03 10.67 10.55 10.42 10.80 11.42 12.01 12.60 13.07 13.14 12.93 12.77 12.70 13.10 14.04 14.22 13.07 12.00 12.68 13.67 13.67 13.26 12.88 12.63 12.42 12.22 12.04 11.92 12.07 12.54 13.10 13.61 14.00 14.13 14.18 14.41 14.78 15.17 15.52 15.96 16.37 16.68 16.86 16.84 16.98 17.28 17.64 17.95 17.95 17.74 17.45 17.15 16.52 15.73 15.36 15.23 14.97 14.91 14.97 14.93 14.75 14.22 13.87 14.18 14.64 14.45 13.55 12.35 11.71 11.68 12.12 12.86 12.25 10.32 8.94 7.60 7.63 8.50 8.61 8.98
8.52 8.60 9.55 10.36 10.55 10.37 10.02 10.00 10.26 10.62 11.09 11.93 12.70 12.85 12.54 12.16 11.98 12.65 14.42 15.67 14.76 14.07 14.10 13.46 13.09 12.62 12.16 11.90 11.87 12.03 12.39 12.87 13.44 14.04 14.41 14.45 14.38 14.48 14.76 15.05 15.26 15.57 16.04 16.39 16.63 16.79 17.02 17.55 18.10 18.44 18.30 17.83 17.49 17.41 16.38 15.47 14.90 14.87 15.01 15.23 15.35 15.18 15.03 14.62 14.10 14.26 14.69 14.64 13.83 12.72 12.13 12.24 12.62 13.00 13.02 11.60 9.35 8.43 8.11 8.38 8.95 9.09 9.43
8.53 8.69 9.26 9.35 9.24 9.47 9.36 9.30 9.31 9.49 9.93 10.81 11.97 12.45 12.01 11.31 10.61 10.45 11.66 13.92 15.01 14.43 13.31 12.03 11.90 11.88 11.74 11.76 12.01 12.41 12.73 12.84 13.24 13.94 14.31 14.41 14.49 14.66 14.79 14.89 15.05 15.44 15.85 16.11 16.44 16.93 17.53 18.16 18.57 18.63 18.17 17.51 17.06 16.47 15.79 15.27 15.12 15.23 15.37 15.43 15.25 15.06 14.73 14.10 14.01 14.41 14.57 13.77 12.89 12.46 12.66 13.01 13.13 12.80 11.83 9.83 8.20 8.12 8.19 8.26 8.57 9.04 9.27
8.34 8.42 8.41 7.91 7.92 8.90 9.41 9.26 8.96 9.27 9.85 10.40 10.88 11.80 11.80 11.29 10.60 9.84 9.42 10.24 11.96 12.27 11.12 10.48 10.67 11.18 12.08 11.89 12.15 12.37 12.85 12.92 13.58 14.24 14.33 14.41 14.62 14.83 14.94 14.46 14.64 15.57 15.51 16.22 16.91 17.25 17.91 18.45 18.99 18.73 19.01 17.21 16.78 16.25 16.04 15.98 15.87 15.78 15.70 15.48 15.21 15.04 14.64 14.08 14.35 14.43 14.06 13.49 13.06 13.22 13.44 13.21 12.56 11.63 10.59 9.41 8.99 9.09 8.52 8.20 8.62 9.45 9.15
8.33 8.27 7.94 7.52 7.82 8.89 9.47 9.39 9.36 9.48 9.41 9.53 10.07 10.15 10.52 11.52 11.43 10.01 9.31 8.68 8.50 8.63 8.64 9.45 10.47 11.14 11.40 11.66 12.15 12.60 12.98 12.99 13.77 14.38 14.17 14.30 14.61 14.84 14.43 14.54 14.93 15.43 15.71 16.13 17.01 17.95 18.38 18.47 18.22 18.59 17.46 17.12 17.29 16.85 16.41 16.01 15.80 15.82 15.78 15.55 14.99 14.57 14.10 14.36 14.54 14.53 13.95 13.55 13.52 13.63 13.29 12.54 11.76 11.27 10.95 10.35 9.73 9.47 9.13 9.35 10.03 10.40 9.40
7.70 7.31 7.00 7.47 8.15 8.90 9.52 9.90 9.88 9.51 9.21 9.27 9.47 9.43 9.85 11.13 10.63 10.69 10.36 8.54 7.42 7.22 7.61 8.67 9.56 10.32 11.05 11.60 12.04 12.33 12.77 13.38 13.81 14.07 14.16 14.17 14.35 14.39 14.48 14.97 15.84 16.52 16.80 17.20 17.76 17.78 17.56 17.48 17.31 17.23 17.26 17.57 17.37 16.46 15.84 15.97 15.90 15.89 15.52 15.22 14.37 14.48 14.70 14.89 14.60 14.45 13.89 13.26 13.64 13.39 12.73 12.09 11.86 11.93 11.66 10.78 10.09 10.13 10.77 11.84 12.43 12.01 10.85
8.11 7.47 7.11 7.54 7.98 8.49 9.41 10.21 10.38 10.24 10.00 9.53 9.12 9.28 9.30 9.93 10.14 10.89 10.17 8.99 8.41 9.30 7.59 8.00 8.99 9.90 11.15 12.04 12.35 13.10 13.43 13.57 13.76 13.95 14.34 14.75 14.83 14.92 15.35 16.02 16.59 17.07 17.54 18.30 18.52 17.96 17.50 17.55 17.77 18.01 18.10 17.38 16.01 14.71 15.06 15.51 15.87 15.86 15.24 15.14 14.91 15.16 15.42 15.12 14.72 14.00 13.64 13.33 13.85 13.51 13.01 12.70 12.61 12.32 11.59 10.82 10.91 11.96 13.46 14.46 14.47 13.75 12.86
8.52 9.77 9.73 9.25 8.83 8.58 8.74 9.46 10.46 10.94 10.69 10.22 9.95 9.99 9.80 10.47 10.66 11.09 10.84 10.43 10.02 10.18 8.04 7.88 9.48 8.99 10.07 10.22 12.74 13.67 14.00 14.19 14.54 14.49 14.63 14.95 15.13 15.52 16.02 16.28 16.39 16.71 17.52 18.61 19.15 18.34 18.01 17.93 18.19 18.81 18.61 16.46 14.06 14.38 14.86 15.47 15.59 14.80 15.41 15.35 15.64 15.00 15.66 15.37 14.42 14.24 14.47 14.21 14.23 13.81 13.39 13.13 12.82 12.30 11.57 11.00 11.40 12.84 14.42 15.08 14.98 14.56 14.11
10.25 11.61 13.04 12.28 11.08 9.31 8.36 8.70 9.79 10.74 11.31 11.71 11.86 11.92 11.49 11.31 11.61 10.96 11.87 11.23 10.39 9.63 9.80 8.59 10.51 10.46 10.69 9.85 10.73 13.83 14.11 14.40 14.38 14.05 14.18 14.25 14.27 14.64 14.75 14.83 15.70 16.18 17.37 18.06 18.81 18.23 17.59 17.78 18.18 18.00 16.31 14.74 15.24 15.74 15.47 15.72 15.33 15.14 14.89 15.94 16.30 16.00 15.95 15.30 15.03 15.01 14.71 14.40 14.09 13.69 13.28 12.92 12.67 12.34 11.74 11.44 12.15 13.50 14.47 14.77 14.81 14.76 14.60
10.52 11.62 13.12 13.37 12.31 10.65 9.51 9.38 9.57 9.85 10.84 12.20 13.50 13.75 13.29 12.27 11.82 10.54 10.83 10.27 9.42 8.85 9.13 8.26 10.08 11.69 10.36 9.89 11.15 12.99 14.24 14.11 13.61 13.36 13.57 13.69 14.12 14.63 14.38 14.85 15.26 18.37 18.78 18.75 18.53 16.93 17.19 17.38 17.44 16.13 15.24 14.81 16.15 17.01 16.54 16.58 16.41 16.40 16.08 15.85 16.69 16.72 15.92 15.18 14.95 14.60 14.12 13.73 13.40 13.07 12.91 12.96 12.99 12.68 12.42 12.84 13.83 14.60 14.77 14.71 14.73 14.76 14.71
10.14 9.88 9.75 10.28 11.12 11.42 10.68 9.66 9.04 8.98 9.37 10.00 11.02 11.62 11.91 12.39 12.16 11.22 11.04 10.20 9.20 8.54 8.00 7.79 9.87 11.85 10.49 10.29 11.71 13.48 12.86 13.20 10.83 11.15 12.20 13.37 13.31 13.39 15.65 17.62 18.36 20.87 19.51 18.70 17.17 17.04 17.94 17.90 17.47 16.96 16.02 15.51 15.95 16.52 16.76 16.63 16.77 16.82 16.38 16.48 16.73 16.20 14.91 14.54 14.09 13.68 13.40 13.19 13.00 12.94 13.17 13.49 13.46 13.27 13.44 14.03 14.62 14.75 14.51 14.30 14.36 14.59 14.75
9.01 8.36 7.59 7.77 8.77 10.00 10.32 9.40 8.53 8.10 7.55 7.04 6.50 6.25 7.47 7.96 12.59 14.37 12.73 13.25 11.56 10.58 8.51 10.44 12.09 13.06 10.82 10.56 11.66 12.68 11.89 11.99 10.66 11.57 13.30 14.44 13.59 12.98 16.02 18.61 21.58 20.56 18.28 17.49 16.52 17.21 18.46 19.46 18.99 16.97 16.75 17.05 17.31 17.14 16.74 16.38 16.42 16.26 15.52 15.21 14.45 13.96 13.65 13.45 13.14 12.43 12.60 12.60 13.62 13.78 12.85 13.93 13.63 13.55 13.79 14.12 14.21 14.04 13.81 13.64 13.67 13.87 14.11
8.44 8.19 7.56 7.24 7.38 8.32 9.71 10.06 8.73 8.23 6.73 5.00 4.41 4.45 5.66 7.68 6.92 9.62 13.13 14.86 14.71 14.47 12.45 15.21 14.87 14.01 11.26 11.18 12.00 12.47 10.63 9.96 11.29 12.34 13.61 13.52 13.02 13.01 15.12 16.13 19.98 19.52 19.06 18.64 18.32 19.40 20.33 19.91 17.98 15.80 17.50 18.42 17.79 17.18 17.18 17.23 17.18 15.52 14.35 14.38 14.16 13.48 12.69 12.62 12.76 13.28 13.94 14.55 14.76 14.96 14.70 14.09 13.56 13.37 13.46 13.66 13.76 13.60 13.32 13.11 12.95 12.83 12.72
8.37 8.23 7.78 7.71 7.97 8.54 9.29 9.74 8.94 8.59 5.82 5.14 5.53 6.18 6.50 6.11 4.83 5.09 7.83 9.78 11.72 14.10 14.28 17.22 15.88 13.96 11.02 11.68 12.76 12.25 10.23 11.69 12.41 12.77 13.33 13.07 13.10 15.05 14.99 16.69 18.86 19.90 20.25 20.00 20.14 20.68 20.14 18.47 16.68 16.49 18.92 18.88 18.96 17.55 16.65 17.70 16.28 14.33 14.59 14.51 14.02 13.34 13.55 13.99 14.36 15.25 15.67 14.41 15.55 15.26 14.48 13.78 13.42 13.25 13.18 13.20 13.23 13.23 13.10 12.85 12.61 12.33 11.66
8.28 7.91 7.44 7.92 8.53 8.44 8.09 8.24 8.41 7.46 6.46 6.65 7.66 7.71 6.16 2.96 0.81 1.49 2.83 4.42 6.89 10.80 13.94 16.30 14.91 12.94 10.28 11.97 12.22 11.23 11.15 12.71 13.45 14.23 14.28 13.29 14.71 15.61 17.66 17.72 19.72 20.55 20.45 20.32 20.43 20.16 19.40 18.04 17.23 18.09 19.69 20.16 18.47 16.02 16.14 15.85 14.29 13.20 14.68 13.90 13.60 14.16 14.87 15.27 15.61 16.10 16.01 16.56 16.52 14.63 14.01 13.77 13.66 13.56 13.39 13.15 12.94 12.87 12.88 12.82 12.66 12.31 11.26
8.52 8.29 8.15 8.68 8.82 8.16 7.48 7.78 8.77 10.50 7.59 7.39 7.33 5.95 3.39 1.33 0.50 0.34 1.34 3.40 6.21 9.52 11.08 11.08 12.11 12.28 10.49 12.30 11.74 11.61 12.62 13.81 15.23 15.28 14.17 12.93 15.09 16.67 18.72 18.39 20.27 21.56 22.20 22.28 20.96 19.94 19.70 19.21 18.90 20.00 20.18 18.51 16.05 15.76 15.37 14.32 13.32 14.07 14.24 13.98 14.36 14.57 15.64 15.43 15.68 16.12 16.19 16.42 14.66 14.27 14.21 14.35 14.36 14.17 14.00 13.81 13.35 12.77 12.42 12.33 12.35 12.06 11.11
9.26 9.66 10.11 9.98 9.52 9.15 8.64 8.66 9.58 11.22 8.51 6.19 4.43 3.05 3.45 3.38 2.35 1.87 3.16 5.51 8.22 8.59 6.96 5.92 8.33 8.13 10.84 11.96 11.72 12.22 13.72 14.99 16.66 16.25 14.14 14.28 15.99 18.34 18.27 20.88 22.67 23.98 24.33 23.61 22.40 21.66 21.20 21.07 21.87 21.48 19.10 16.18 14.67 15.44 15.42 13.23 13.42 15.37 14.60 14.45 15.54 15.81 15.38 14.88 15.45 15.41 15.11 14.82 14.67 14.79 14.94 14.92 14.75 14.63 14.54 14.17 13.57 12.93 12.38 12.04 11.87 11.48 10.78
9.76 10.30 10.72 10.39 9.79 9.58 9.37 8.87 8.87 9.30 16.15 12.89 15.48 3.06 4.49 5.78 5.99 5.85 6.87 8.80 9.14 19.37 5.25 6.50 7.73 8.89 10.27 11.10 11.85 12.91 14.29 15.83 16.70 14.18 13.39 15.08 15.10 19.62 20.19 24.07 25.99 27.13 25.83 24.05 22.78 22.26 22.01 22.24 19.80 19.05 17.46 15.77 15.61 16.41 13.27 15.37 17.10 16.46 16.42 15.39 15.35 16.13 15.96 15.67 16.63 16.30 15.88 15.57 15.38 15.27 15.10 14.94 14.89 14.85 14.58 14.07 13.54 13.16 12.80 12.26 11.53 10.66 9.95
9.69 10.18 10.23 9.64 9.20 8.90 8.20 7.28 7.15 15.31 8.28 6.62 5.16 16.41 4.23 5.61 6.76 7.29 8.63 14.88 6.81 14.78 5.98 8.15 8.88 9.51 9.81 11.16 12.90 13.95 14.54 16.32 14.74 12.54 13.30 15.76 15.17 20.50 21.50 26.67 28.82 26.57 25.61 23.81 22.20 21.27 21.41 21.20 18.92 16.28 16.24 15.03 14.67 12.84 15.17 15.52 17.07 17.91 17.16 15.77 16.53 17.08 16.35 18.12 17.42 16.55 15.77 15.65 15.20 14.98 14.94 15.13 15.21 15.02 14.58 14.01 13.56 13.21 12.75 12.05 11.04 9.93 9.36
9.41 9.56 9.43 9.06 8.42 7.80 7.16 5.93 5.43 14.36 8.51 8.18 13.47 18.33 15.53 3.76 3.70 4.00 5.23 14.99 10.75 13.79 7.61 9.16 10.03 11.34 12.04 12.59 13.98 14.50 13.91 14.57 12.56 11.52 13.39 16.05 16.50 21.55 22.94 28.49 26.96 24.62 22.78 22.56 22.32 22.68 22.10 19.69 16.84 16.74 16.49 15.17 14.07 16.55 18.66 17.83 17.22 17.39 17.21 17.24 18.54 18.03 17.67 17.06 16.26 15.67 15.25 15.33 15.21 15.42 15.80 15.85 15.49 14.96 14.44 14.10 13.91 13.59 12.94 11.99 10.92 10.07 9.78
9.47 9.42 9.07 8.75 7.97 7.17 6.86 5.87 4.89 5.93 16.41 7.29 7.08 6.50 15.41 14.87 13.99 14.31 14.92 14.92 16.68 18.39 17.29 8.75 9.85 13.27 13.85 13.07 13.39 12.51 12.10 14.00 14.14 14.17 16.07 18.29 20.71 22.10 24.81 29.57 27.37 23.18 22.63 23.13 22.91 22.15 20.77 19.49 18.63 18.44 17.31 20.32 18.12 19.59 19.83 19.64 18.87 19.49 19.67 19.54 19.74 18.45 17.03 16.66 15.60 16.02 15.80 15.79 16.64 16.94 16.90 16.33 15.65 15.12 14.73 14.37 13.99 13.60 13.13 12.49 11.81 11.22 10.83
9.68 9.77 9.33 7.93 7.03 5.52 5.82 14.59 4.50 13.92 14.51 15.17 13.61 12.17 16.07 14.77 15.00 14.82 15.35 15.39 18.70 20.45 20.61 16.45 8.63 13.47 15.29 14.03 11.31 10.85 14.48 18.71 18.68 18.41 19.32 21.16 22.88 25.06 28.24 30.84 26.56 23.69 23.96 21.85 23.42 22.29 22.19 22.21 20.97 19.56 18.90 22.01 20.27 20.66 20.85 21.63 22.27 22.25 21.04 19.70 18.99 18.23 16.60 17.01 19.04 18.10 17.38 17.91 18.83 18.01 17.46 16.54 15.92 15.52 15.09 14.65 14.16 13.53 12.97 12.68 12.42 11.96 11.40
9.88 10.25 9.24 13.39 14.25 15.76 14.07 15.10 15.49 13.15 15.36 14.49 13.16 11.91 16.58 16.12 16.44 16.42 17.09 17.98 19.54 21.48 20.98 16.16 10.01 14.78 18.17 15.12 10.31 14.72 20.58 21.40 19.39 17.41 19.40 22.59 24.90 28.12 31.49 28.74 23.78 23.28 23.19 22.49 22.92 22.95 24.35 22.31 20.50 19.47 22.67 20.24 19.90 19.32 20.07 21.73 22.31 20.72 20.09 19.16 18.91 18.83 17.75 19.95 19.82 19.36 19.76 20.20 19.89 19.01 17.95 16.70 16.19 15.69 15.28 14.97 14.50 13.77 12.94 12.24 11.78 11.45 11.12
9.97 9.38 7.04 12.91 13.62 14.82 15.21 13.84 15.06 12.14 13.78 12.76 13.55 14.73 14.89 17.65 17.35 17.78 18.71 20.91 21.59 22.52 21.49 20.58 11.19 16.28 18.67 14.31 14.03 18.56 23.20 20.21 17.75 15.90 17.64 26.99 31.03 31.52 31.21 27.24 23.29 21.98 22.60 23.06 23.47 23.09 21.89 21.22 20.68 20.04 22.11 18.70 18.78 18.59 18.91 20.61 21.49 20.68 19.58 19.37 19.40 20.04 20.27 20.13 20.59 21.40 21.31 20.18 18.63 17.66 17.17 16.15 15.89 15.60 15.20 14.66 14.07 13.50 12.86 12.14 11.46 10.98 10.58
9.30 8.55 12.32 11.87 12.03 13.79 15.09 14.57 12.19 10.52 12.43 16.05 14.85 15.98 14.24 17.32 17.43 18.44 20.67 22.87 23.70 23.07 22.30 21.21 14.46 17.15 19.41 14.85 18.26 22.87 23.54 19.94 18.77 19.89 26.30 31.89 34.77 34.60 30.46 26.83 25.03 24.27 25.14 26.59 26.65 25.56 24.66 24.22 22.33 19.47 21.69 18.62 19.00 18.69 20.10 22.83 22.24 20.64 20.61 21.19 21.48 21.63 22.31 23.14 23.39 22.75 20.28 18.92 17.55 16.62 16.17 16.20 15.86 15.40 14.85 14.14 13.46 13.06 12.73 12.22 11.59 10.92 10.34
18.30 15.62 14.23 13.60 12.88 13.40 13.47 15.70 15.94 13.05 10.76 17.37 11.49 17.84 13.32 15.49 17.20 19.04 22.47 24.72 24.22 22.71 22.71 22.92 19.67 17.11 19.08 17.71 25.62 27.56 25.08 22.41 25.25 29.64 34.41 37.17 37.47 32.88 28.53 27.98 28.13 28.34 29.46 29.67 28.32 26.17 25.60 24.26 19.84 21.94 22.91 19.90 19.63 21.18 23.91 24.90 22.99 22.13 22.68 23.15 22.94 22.32 21.92 21.41 20.67 20.13 18.50 18.32 18.22 17.88 17.27 16.62 15.80 15.05 14.39 13.86 13.44 13.02 12.57 12.14 11.62 10.99 10.34
17.88 17.59 13.98 14.45 14.28 13.27 14.40 14.91 19.92 17.87 18.36 17.70 18.31 17.96 17.39 15.53 16.63 19.45 22.99 23.91 23.14 22.21 22.29 21.51 21.13 18.68 19.94 24.47 29.60 30.09 28.82 29.91 34.01 36.52 37.28 37.48 34.14 29.08 28.83 30.19 30.32 31.33 30.09 26.89 25.04 24.36 23.51 20.56 22.99 24.90 26.23 22.05 21.96 23.68 26.65 24.16 22.44 22.06 21.80 21.27 20.94 20.85 20.87 20.48 19.50 17.69 17.03 16.86 17.05 17.13 16.68 16.16 15.89 15.50 15.05 14.57 13.94 13.20 12.66 12.23 11.80 11.51 10.97
13.33 15.61 16.75 16.58 15.57 16.23 14.23 14.29 15.76 16.62 15.59 19.15 20.79 12.05 20.07 17.48 22.21 24.29 25.07 24.75 21.91 22.85 19.58 20.12 22.86 19.86 29.04 29.61 33.11 32.60 34.32 38.80 40.52 39.24 39.45 37.72 29.61 26.02 31.00 30.81 29.75 29.49 26.67 25.44 25.46 25.79 24.23 23.17 28.16 29.34 29.13 25.66 24.60 26.15 23.43 19.47 18.69 20.05 20.95 21.15 21.38 21.73 21.41 20.52 19.48 18.09 17.62 17.48 17.23 16.72 16.30 17.35 17.18 16.80 16.19 15.50 14.84 14.09 13.24 12.42 11.85 11.64 11.31
12.11 12.14 14.15 13.33 13.08 14.53 15.83 15.68 15.06 17.77 17.31 14.02 15.41 17.18 20.27 21.26 23.83 31.73 30.36 28.18 25.92 23.31 23.01 18.20 25.29 30.64 32.87 35.55 37.52 33.52 36.18 40.55 39.71 38.41 36.36 29.31 24.28 26.70 30.66 28.03 27.83 27.15 24.37 24.27 25.30 26.53 28.40 28.25 32.21 31.32 29.11 27.27 22.93 21.36 17.61 17.63 20.83 22.61 22.62 22.13 22.04 21.88 21.32 20.41 19.92 20.05 20.09 20.12 19.97 19.60 19.07 18.81 18.33 16.71 15.85 15.18 14.74 14.33 13.65 12.75 11.63 10.65 10.59
14.29 13.85 10.30 15.68 15.28 17.74 18.04 16.15 17.66 14.73 15.66 15.81 19.79 19.88 21.99 27.81 28.33 31.10 32.03 33.04 31.77 30.00 28.10 29.79 32.36 35.31 36.81 39.34 39.16 33.68 35.27 37.43 35.27 34.29 31.28 27.41 28.08 32.19 30.96 28.29 26.88 23.83 22.39 22.79 23.88 25.27 26.83 27.93 28.52 29.81 30.48 29.76 24.47 23.49 23.19 25.18 27.79 27.18 25.40 23.62 22.34 21.38 20.93 20.90 20.93 18.73 20.78 18.05 20.91 17.22 16.66 17.30 16.61 15.33 15.20 14.87 14.50 14.07 13.36 12.50 11.04 9.10 8.65
15.86 15.70 12.06 10.21 15.48 17.08 20.00 21.25 19.19 17.58 20.76 20.31 19.67 20.49 28.63 31.99 30.05 31.52 29.87 29.82 32.35 37.64 39.19 33.70 34.63 38.32 40.96 41.09 39.21 34.11 36.39 37.86 33.45 31.09 30.50 31.16 33.03 33.86 31.41 29.32 25.71 22.07 21.45 21.80 21.99 26.18 22.01 21.47 21.79 24.77 29.03 31.87 33.14 33.53 32.38 32.43 30.26 27.45 25.94 23.65 23.80 22.03 20.74 17.96 17.18 17.45 16.17 16.54 15.74 15.09 14.17 13.97 15.53 16.19 16.44 16.23 15.35 14.07 13.00 12.08 10.88 8.60 6.44
13.17 14.45 15.50 12.34 12.21 20.12 20.92 22.36 22.93 23.01 26.12 25.98 30.04 28.87 24.14 33.35 29.85 25.93 25.76 25.06 29.83 36.09 44.56 45.36 46.28 47.12 44.86 40.16 37.63 34.84 40.13 36.78 32.45 30.32 28.65 28.28 28.71 27.41 25.51 24.10 23.45 22.01 23.33 22.96 22.63 22.28 21.32 16.59 17.21 18.01 20.59 22.99 24.91 27.49 32.57 32.18 28.72 26.21 24.89 23.49 22.20 20.65 18.28 17.77 17.23 16.54 15.97 14.91 13.76 15.46 16.47 17.47 16.60 17.54 17.06 16.23 15.30 14.51 13.68 12.72 12.17 10.67 7.02
12.08 11.71 12.99 19.15 13.12 13.65 24.03 24.87 24.92 26.31 25.10 23.41 23.50 26.39 31.68 25.08 24.12 22.21 21.78 33.65 43.91 46.88 47.80 51.30 50.95 46.56 42.43 37.58 36.25 36.92 39.66 36.15 31.81 28.36 26.32 25.15 22.91 19.47 16.91 16.44 16.10 16.89 16.37 17.06 17.26 16.50 19.05 18.67 15.52 16.33 15.35 14.63 16.13 17.89 18.73 23.02 25.34 25.40 24.35 22.49 21.03 20.35 19.58 18.68 17.85 17.22 16.57 18.08 19.46 20.61 20.86 18.94 18.41 17.80 16.16 15.49 15.37 15.14 14.52 13.84 13.44 12.77 9.45
15.56 14.75 15.96 19.66 14.86 14.90 17.26 27.46 25.35 24.56 23.89 22.39 22.95 25.36 30.88 37.00 40.18 45.60 48.25 48.88 46.55 45.97 44.95 44.57 39.36 32.12 32.60 34.80 36.83 40.14 36.94 32.18 33.07 31.62 30.89 28.39 25.03 23.20 22.29 21.35 19.86 18.72 18.79 18.14 17.22 16.14 15.95 16.78 20.35 19.39 16.33 13.99 13.80 13.36 12.62 14.26 19.73 22.23 23.62 24.06 24.01 23.86 23.34 21.39 21.08 19.83 19.79 20.58 21.85 22.55 21.35 20.34 19.18 17.97 16.82 16.53 16.09 15.43 15.14 14.87 14.16 13.73 11.24
