examples/cougarCreek-fire/createInputs/farsite/7a-cougarCreek-polygonIgnit/cougarCreekFire_08-11-2015_0900_217m_non_neutral_stability_vel.asc
ncols	146
nrows	140
xllcorner	610065.000000
yllcorner	5095217.000000
cellsize	216.586807
NODATA_value	-9999.000000
[rows 105 to 139 of 140, columns 0 to 79 of 146]
10.04 8.10 6.69 5.86 4.27 3.07 19.79 3.60 4.29 9.83 5.00 6.64 6.55 20.74 6.88 6.12 13.05 11.99 3.12 14.23 13.88 2.79 2.16 14.67 16.16 2.45 10.84 3.46 12.78 11.14 1.23 1.70 1.32 1.66 2.98 4.29 4.19 3.08 2.32 2.01 2.04 2.17 1.97 2.10 2.17 2.00 1.83 1.79 2.09 2.85 3.70 4.76 5.72 5.09 2.40 0.50 1.97 2.67 3.05 3.37 3.94 4.57 5.05 5.33 12.34 13.40 14.85 5.97 6.02 5.81 5.46 16.76 16.52 16.14 15.58 15.62 15.73 14.95 13.63 12.97
10.07 9.71 9.09 8.24 7.38 6.19 5.47 4.97 18.19 4.03 12.11 4.33 17.88 12.90 5.48 5.34 14.61 12.86 3.98 13.38 13.15 10.73 10.52 2.54 3.18 11.88 3.27 3.62 14.61 2.47 2.44 2.39 1.85 1.29 2.35 3.94 4.96 4.63 2.98 1.38 1.20 1.60 1.59 1.63 1.82 1.92 1.97 2.14 2.61 3.44 4.31 5.40 7.01 7.64 5.40 2.53 3.08 3.65 4.01 4.40 4.94 5.32 5.37 5.27 5.32 5.61 5.88 6.08 6.07 5.85 5.54 5.33 5.30 16.04 15.70 15.51 14.28 14.49 12.37 10.79
10.46 10.14 10.38 10.49 10.10 9.50 8.25 6.45 5.77 4.09 11.32 16.72 17.56 2.71 19.28 15.99 3.56 4.01 4.50 3.78 11.72 10.05 1.56 14.64 3.60 2.83 15.41 16.73 2.41 3.12 2.81 2.15 1.31 1.02 1.76 2.99 15.42 15.17 10.43 2.35 1.57 1.64 1.56 1.44 1.45 1.53 1.67 1.80 2.15 2.89 3.92 5.33 7.40 9.42 9.27 6.85 5.10 4.84 5.15 5.53 5.80 5.77 5.53 5.55 6.03 6.42 15.60 16.08 17.02 17.20 17.76 17.51 17.15 16.58 15.98 14.79 14.46 15.11 14.55 14.98
9.63 8.51 9.41 10.40 10.47 9.35 8.04 7.05 5.84 20.92 1.09 16.07 3.00 14.70 14.95 13.38 12.34 11.54 10.86 12.20 12.23 3.45 8.67 13.02 12.74 14.88 12.65 12.76 3.11 12.27 1.76 0.51 14.48 0.55 1.43 12.61 4.00 6.04 6.43 4.58 2.96 2.34 2.15 2.08 2.09 9.58 1.75 1.59 1.65 1.96 2.65 3.99 5.94 8.29 9.62 8.77 6.90 6.22 6.28 6.40 6.42 6.34 6.31 6.67 7.19 14.41 16.25 17.07 17.53 17.56 17.90 6.09 17.19 17.01 16.84 16.47 16.07 15.82 15.75 15.76
10.80 9.25 10.20 9.76 10.00 9.24 7.79 6.72 5.93 5.62 3.26 2.57 15.33 16.15 16.11 15.97 0.26 12.33 11.90 11.70 10.45 9.91 8.92 16.66 9.98 14.94 15.66 2.80 2.15 14.82 0.79 14.58 0.15 1.29 10.53 2.58 12.64 4.66 6.72 5.84 4.12 3.23 2.87 2.72 10.93 2.97 2.62 2.20 2.06 2.24 2.60 3.05 3.35 5.11 6.67 7.37 7.51 7.49 7.50 7.50 7.46 7.55 7.86 8.36 8.69 8.48 15.69 16.75 17.98 7.02 17.54 5.82 17.18 5.46 5.39 16.44 16.03 15.87 15.97 15.02
11.89 11.58 10.12 10.11 9.47 10.09 9.50 8.28 7.23 6.31 5.30 4.11 18.38 5.15 4.84 16.71 13.88 12.39 0.69 16.95 9.74 12.59 17.46 16.52 13.06 11.97 16.26 11.26 14.50 15.31 13.14 0.75 10.93 10.75 10.46 11.48 12.42 3.75 15.51 5.98 4.77 3.77 3.35 11.81 11.35 10.49 3.33 3.17 3.06 3.27 3.54 3.43 3.03 4.12 5.45 6.65 8.02 8.86 9.14 9.20 9.25 9.43 9.79 10.28 10.42 9.94 15.21 15.50 17.10 17.58 17.74 16.87 16.36 17.42 16.30 14.60 15.02 14.85 14.26 15.99
11.02 10.96 9.80 7.90 7.48 8.83 10.18 9.82 8.02 6.22 5.72 5.54 6.11 6.05 17.13 19.43 2.83 2.99 4.19 6.02 7.25 5.32 3.53 17.70 13.94 14.56 13.07 15.87 16.37 2.49 9.66 3.83 9.59 9.79 10.86 11.48 2.77 4.13 5.75 17.32 16.64 15.06 13.67 12.49 11.54 11.03 3.31 3.80 4.18 4.60 5.03 5.40 5.79 6.75 7.97 9.09 9.88 10.15 10.11 10.06 10.21 10.45 10.68 10.87 10.57 18.56 18.03 17.55 17.23 16.87 17.05 15.27 13.67 14.16 15.03 15.55 15.71 15.01 15.12 15.95
10.08 9.91 9.24 7.33 7.15 6.20 5.92 7.44 8.25 8.19 19.40 6.16 14.16 17.31 16.29 19.43 5.25 6.81 8.23 8.80 7.68 5.17 4.21 16.00 11.70 12.18 13.33 5.06 5.58 13.58 12.08 11.54 12.66 4.76 12.13 10.84 3.31 4.51 16.19 17.30 18.11 16.65 15.45 13.82 12.00 2.47 2.93 3.90 4.81 5.57 6.39 7.29 8.25 9.40 10.55 11.09 10.99 10.58 10.19 10.13 10.31 10.47 10.59 10.46 9.77 9.20 9.09 8.90 18.48 18.44 18.91 18.50 17.45 18.22 17.35 17.17 16.36 16.90 16.33 15.53
10.31 10.07 9.65 8.60 6.24 4.07 4.52 4.47 5.60 7.16 6.07 16.22 11.72 13.60 17.06 18.31 6.88 8.63 9.36 8.59 6.97 6.24 4.85 15.18 11.00 11.26 13.25 14.42 13.63 14.04 13.22 12.90 12.51 4.90 4.34 3.69 3.86 13.51 15.42 16.49 17.97 18.67 18.04 14.79 11.37 3.35 3.79 4.57 5.34 6.24 7.21 8.15 9.01 9.93 10.94 11.48 11.49 11.29 10.97 10.86 10.91 10.73 10.39 9.78 8.97 8.34 7.92 7.60 7.43 17.93 17.71 7.23 18.32 18.15 18.02 17.80 17.91 17.74 16.18 16.44
10.71 10.40 9.66 9.07 8.49 7.59 6.27 4.83 5.14 4.46 19.62 5.39 6.84 20.60 19.89 16.48 8.52 8.55 7.07 4.96 3.80 4.50 4.53 13.58 10.27 10.55 12.99 13.12 13.82 14.81 14.66 14.50 5.04 4.66 13.84 4.01 13.75 13.70 14.35 15.71 16.87 18.76 17.33 9.15 8.07 7.04 6.42 6.22 6.26 6.74 7.50 8.18 8.65 9.10 9.77 10.62 11.41 11.85 11.94 11.74 11.35 10.75 9.88 18.35 18.00 17.85 17.65 17.89 17.76 18.36 18.64 18.40 18.21 17.69 17.11 17.99 17.34 19.54 18.89 16.09
10.92 11.06 10.90 10.56 11.02 11.62 11.01 8.79 5.96 3.61 3.49 5.41 19.97 21.38 6.99 8.32 9.76 8.92 6.57 3.99 14.51 16.66 13.69 11.59 8.59 9.66 16.37 12.32 12.70 12.62 19.71 12.14 11.62 12.06 4.05 4.43 12.79 13.40 5.31 15.62 15.70 16.18 16.73 17.00 17.23 10.93 9.31 7.93 7.26 7.21 7.64 8.06 8.26 8.28 8.23 8.59 9.58 10.79 11.55 11.33 10.45 9.66 9.00 8.28 16.44 17.36 17.68 17.98 18.18 17.08 17.58 17.12 16.67 18.52 16.74 17.08 17.10 16.63 16.03 15.47
10.69 11.20 11.87 11.90 11.68 11.01 10.27 9.95 9.43 8.21 6.23 6.47 24.32 19.87 8.51 9.61 10.20 8.79 7.18 5.03 4.28 14.90 10.58 8.86 9.93 19.00 14.24 12.82 11.87 17.37 18.08 10.78 10.62 11.69 4.57 13.11 12.75 13.87 5.16 15.04 14.56 14.79 15.94 17.69 19.61 20.61 11.68 10.11 8.69 8.22 8.34 8.48 8.47 8.17 7.68 7.51 7.86 8.58 9.15 9.18 8.77 8.30 7.90 17.56 16.46 16.60 16.77 16.81 17.21 17.01 18.59 17.52 18.42 18.27 17.30 17.43 16.53 15.73 14.82 14.83
10.07 10.30 10.97 11.31 10.83 9.73 9.40 10.21 11.02 11.01 9.66 6.43 7.46 10.59 10.60 10.16 10.38 9.85 7.98 6.73 6.92 16.75 13.09 8.96 13.89 8.41 14.64 14.69 13.45 15.98 18.09 10.56 10.16 11.23 11.76 11.86 5.96 4.92 13.94 13.74 13.87 13.71 13.89 15.33 17.55 20.52 21.24 12.20 10.79 9.74 9.20 8.82 8.38 7.82 7.29 7.01 6.95 6.77 6.76 7.07 7.35 7.45 17.54 7.43 16.51 17.14 17.12 16.55 16.98 19.10 19.23 18.46 18.62 18.11 17.63 15.92 17.12 16.83 16.25 15.33
11.09 9.76 10.31 11.00 11.43 11.84 12.05 11.80 11.86 12.68 13.54 13.98 14.28 13.38 20.27 9.48 9.68 8.72 7.57 7.21 7.06 13.57 8.68 9.01 9.38 9.93 13.01 14.08 18.11 16.00 13.10 11.49 10.75 11.56 12.59 13.44 14.21 13.73 13.05 12.04 12.67 12.81 13.24 14.67 17.52 9.93 20.41 19.66 11.90 11.08 9.90 8.87 8.10 7.50 7.05 6.78 6.59 6.32 6.20 6.27 15.61 16.57 6.94 6.97 17.23 18.22 17.33 16.53 17.55 19.01 18.40 17.02 17.73 17.35 17.30 16.31 16.62 16.75 16.63 15.55
10.73 10.09 10.73 11.49 12.17 13.02 13.56 13.26 13.02 12.25 12.90 13.92 13.83 11.84 10.73 16.09 8.35 7.34 15.20 6.90 19.24 13.15 13.84 10.57 9.23 16.51 14.90 16.66 16.42 19.23 12.00 13.32 12.54 12.38 13.15 13.41 13.50 13.34 11.86 10.74 11.36 12.40 13.05 14.69 15.13 16.27 16.79 17.93 19.55 10.64 9.89 8.85 8.12 7.64 7.19 6.81 6.41 6.13 15.42 15.89 16.04 16.19 17.50 16.88 17.20 17.54 17.57 16.66 16.68 17.96 18.54 18.63 18.57 17.16 16.66 16.09 17.66 18.19 20.68 15.90
10.20 10.82 12.03 12.82 13.47 14.14 14.07 13.40 12.42 12.80 10.57 10.23 9.71 9.24 8.80 9.38 17.36 14.92 12.02 16.01 16.47 8.54 13.76 15.34 13.81 12.97 18.62 17.98 11.95 12.87 14.59 8.62 13.83 12.51 13.88 14.03 14.15 12.76 11.05 10.89 11.92 13.85 13.40 13.46 13.81 13.63 14.61 16.61 17.40 18.04 17.85 8.05 7.47 7.10 6.65 6.15 15.29 15.33 15.54 15.64 15.80 16.58 16.35 17.01 17.35 17.09 17.01 19.30 17.37 17.14 19.08 18.40 17.80 17.76 17.65 18.19 18.28 17.37 16.77 23.64
10.94 11.04 12.20 12.82 13.89 14.33 13.48 12.29 11.52 11.66 11.00 10.48 9.91 9.65 9.57 8.79 18.13 15.12 11.58 17.09 15.19 12.75 10.59 13.52 16.23 19.10 19.32 15.69 14.32 9.97 22.07 14.00 13.89 13.10 14.68 14.51 13.33 12.33 12.09 10.78 13.99 14.16 13.17 11.98 11.89 12.25 13.71 15.55 15.89 16.58 17.31 17.00 16.04 15.58 15.20 14.89 14.88 14.84 15.22 15.48 15.23 15.64 16.70 16.92 6.29 6.68 17.12 18.91 16.83 16.91 17.28 18.57 18.57 18.50 16.63 17.76 16.03 17.20 15.79 18.41
11.33 11.15 11.47 12.70 11.40 10.60 11.75 10.55 10.86 11.75 13.86 12.23 11.75 11.41 11.56 11.42 10.37 16.50 10.22 23.43 16.87 16.31 15.95 17.53 10.14 8.59 21.91 13.13 11.78 9.69 19.46 13.48 14.41 14.55 15.60 14.72 13.14 12.54 12.84 13.16 15.63 14.54 12.01 11.78 11.57 12.02 14.28 15.27 15.16 15.31 16.48 17.17 16.77 16.06 15.45 15.22 14.99 14.87 14.74 15.55 14.85 15.49 16.28 17.46 5.93 6.13 18.12 18.72 18.66 17.31 16.70 16.33 16.73 16.48 16.30 17.38 17.06 17.20 17.13 18.33
12.31 11.38 10.87 10.26 10.71 9.74 10.23 9.58 10.82 12.29 14.09 12.85 12.30 12.23 12.89 13.11 12.47 17.56 12.30 24.44 18.73 18.07 18.40 19.39 11.02 10.25 18.86 12.67 13.23 12.08 12.94 17.85 17.23 15.51 15.24 14.23 13.52 13.93 14.09 14.52 15.04 13.30 12.48 12.27 12.14 12.53 14.36 14.34 14.09 13.92 14.91 16.53 17.71 16.47 15.68 14.82 14.61 14.63 14.39 15.01 14.49 14.49 14.61 16.63 16.15 5.34 5.55 17.84 17.98 19.23 19.17 18.16 17.82 17.23 18.05 18.31 17.24 16.48 17.95 16.64
11.96 10.68 9.73 10.04 9.23 10.70 11.06 10.60 12.16 13.23 13.29 15.03 13.05 13.14 13.18 12.71 13.37 13.15 15.56 14.23 19.28 17.93 18.84 19.56 12.25 12.58 12.96 14.79 14.76 12.82 10.91 19.62 17.32 14.29 14.31 13.36 12.66 13.05 13.31 13.60 13.97 13.20 12.78 12.51 13.18 14.24 13.98 13.85 13.10 13.44 14.04 15.71 16.43 16.59 15.72 14.75 14.28 13.78 13.68 14.31 13.78 13.56 15.35 15.60 15.49 4.72 4.75 16.82 18.57 19.03 19.75 20.33 20.16 19.89 19.47 17.75 17.26 16.63 17.36 16.40
11.38 10.53 9.35 8.99 11.20 11.44 12.02 12.08 13.82 14.60 14.53 14.48 14.46 14.27 14.01 13.47 13.45 14.01 14.80 16.43 14.45 20.51 19.63 18.45 19.27 19.05 14.58 15.47 24.54 13.37 11.06 19.11 15.74 14.94 12.05 10.87 11.65 11.42 11.62 11.58 12.74 12.01 11.64 12.55 13.28 12.90 12.62 13.34 12.48 13.12 13.28 14.23 15.11 14.95 14.76 13.45 12.81 12.70 12.85 13.63 14.03 13.86 15.37 15.59 16.52 15.77 15.54 15.40 16.20 7.63 19.71 20.45 19.71 18.53 18.57 18.37 17.07 16.21 17.04 16.45
11.50 10.96 10.18 10.70 11.44 12.60 13.50 14.55 15.22 15.34 15.33 15.33 14.82 14.40 14.75 15.18 15.12 33.28 14.30 25.61 18.15 25.92 20.65 16.52 14.25 18.03 20.31 21.26 21.69 20.90 10.13 8.62 16.87 13.30 11.49 10.93 12.31 11.88 12.05 13.94 13.01 12.08 12.02 12.50 11.84 11.36 12.08 13.37 12.31 11.90 11.68 11.94 12.21 12.81 12.89 12.77 11.53 1.27 2.15 2.98 3.79 4.11 4.41 4.80 5.77 6.25 15.50 6.71 8.04 8.74 20.20 20.20 18.97 17.62 6.45 16.92 17.17 15.04 16.04 15.00
10.31 10.59 12.30 12.28 13.80 15.21 15.28 15.98 17.66 14.73 13.95 14.09 16.78 14.81 15.57 16.25 15.90 16.51 23.96 24.54 24.59 27.34 20.77 19.48 16.57 21.18 25.71 26.97 13.53 11.47 17.66 20.86 16.10 13.51 11.60 9.87 11.15 12.08 12.67 12.95 12.86 11.58 12.42 12.13 10.05 11.40 12.80 12.32 11.60 10.44 10.87 11.23 11.66 0.79 1.09 1.18 1.61 2.18 2.99 3.92 4.53 4.94 5.56 6.11 6.71 7.23 7.84 8.53 7.79 5.93 18.35 17.57 17.66 17.32 15.25 18.72 16.44 14.81 15.28 15.02
11.41 11.63 12.18 13.77 14.64 12.46 12.26 14.44 14.67 14.04 12.04 13.17 14.46 15.44 15.92 15.63 14.62 15.64 14.79 24.36 29.45 24.17 24.32 25.82 25.48 24.14 24.05 15.18 12.80 8.77 17.84 17.31 16.28 12.67 10.70 11.06 12.76 14.92 13.60 12.48 11.02 7.56 7.31 7.31 7.62 11.95 12.88 12.50 4.29 3.52 2.91 2.58 2.68 2.94 3.16 3.32 3.47 3.74 4.33 4.96 5.60 6.25 6.72 7.11 7.47 7.60 8.00 18.52 19.35 4.80 4.34 17.61 17.27 17.38 15.84 18.51 15.91 14.68 13.77 14.52
12.98 12.71 12.78 14.10 13.88 12.64 12.54 12.25 12.58 12.32 11.99 13.86 14.64 17.63 14.60 13.85 13.14 13.64 14.99 15.63 31.23 24.93 26.22 32.27 32.27 30.46 26.19 16.44 11.69 8.11 19.85 15.41 14.23 10.96 8.37 11.14 13.89 13.15 12.32 11.80 9.38 9.31 9.43 9.62 9.53 8.96 8.12 6.95 5.86 5.22 5.17 5.42 5.52 5.52 5.66 5.71 5.48 5.15 5.34 6.22 7.31 8.15 8.52 8.62 8.55 8.26 7.84 7.06 6.17 5.55 5.32 5.56 4.59 16.06 16.29 16.85 16.75 14.95 14.95 13.97
15.34 14.58 13.41 13.24 14.38 13.62 13.41 13.18 12.97 12.02 13.33 15.39 16.29 15.92 15.53 13.50 15.62 14.16 15.68 17.80 18.77 29.04 26.63 32.92 32.91 26.74 32.88 24.76 12.29 20.75 18.38 17.07 15.78 12.37 9.73 10.82 12.63 13.16 11.86 11.72 11.70 12.02 12.31 12.22 11.79 11.19 10.37 9.04 7.95 7.39 7.28 7.20 7.14 7.28 7.59 7.96 7.96 7.51 7.38 8.44 9.93 10.58 10.49 10.14 9.78 9.30 8.68 8.10 7.57 6.92 6.40 6.19 16.99 4.83 15.75 16.62 16.75 16.59 16.21 15.47
18.12 16.26 14.19 13.83 13.57 13.41 14.04 14.06 14.10 14.83 15.18 14.76 16.79 16.29 16.66 15.03 15.33 16.85 18.01 19.87 20.29 19.62 29.80 33.46 30.74 33.21 26.90 24.30 11.61 21.93 18.23 16.41 16.24 12.69 12.48 14.73 15.25 13.38 14.24 14.68 14.99 15.19 14.85 14.11 13.33 17.65 16.99 10.26 10.08 9.99 9.51 9.01 8.90 9.28 10.01 10.76 11.46 12.19 13.09 14.10 14.29 13.18 11.81 11.08 10.83 10.31 9.63 8.88 8.20 7.49 6.91 6.45 6.15 15.88 15.71 17.32 15.48 15.13 15.43 15.48
21.07 18.15 14.84 13.92 12.91 13.52 13.59 13.85 15.22 15.76 16.49 15.27 16.99 17.40 16.98 20.61 17.26 18.36 19.72 20.64 20.73 20.49 19.70 36.48 28.27 32.03 30.51 32.35 27.82 20.16 17.63 16.93 15.62 11.80 8.14 7.37 13.75 16.32 17.70 18.15 17.86 21.11 20.50 18.96 19.11 18.93 12.05 11.33 11.20 10.73 10.02 9.68 9.95 10.92 12.22 13.41 14.89 16.75 18.41 18.77 17.29 14.46 12.21 11.00 10.49 9.83 9.53 8.88 8.49 7.93 7.36 7.04 6.61 6.21 5.80 5.48 15.74 4.95 14.84 5.19
23.79 19.66 15.27 14.04 12.80 12.78 13.14 14.67 14.88 15.71 16.29 16.60 16.73 17.75 17.79 18.33 18.71 29.89 19.93 20.48 20.84 20.99 20.55 36.38 30.56 22.03 32.20 29.35 25.45 21.24 20.60 19.04 9.32 8.29 13.59 19.24 22.62 23.40 21.61 24.70 24.07 23.93 20.56 14.20 19.65 20.16 12.71 12.08 11.35 10.34 9.66 9.78 10.62 12.04 13.73 15.53 17.27 18.54 18.59 17.22 15.71 13.97 12.11 10.79 9.62 8.99 8.74 8.29 7.87 7.63 7.38 7.35 17.80 17.10 16.51 14.99 6.15 14.87 12.62 12.19
24.37 19.58 14.67 13.34 11.53 11.59 11.29 13.36 15.71 16.88 17.43 17.70 17.98 19.09 19.01 20.21 19.89 21.91 20.60 21.12 21.84 22.07 21.82 21.85 33.06 22.44 21.06 33.16 28.43 26.52 24.06 12.57 12.01 18.29 25.39 28.66 28.84 27.04 23.93 31.04 25.30 22.55 15.18 15.21 15.28 14.51 13.46 12.65 11.88 11.17 10.66 10.41 11.01 12.94 14.99 16.45 17.17 16.53 14.50 12.59 12.54 12.75 12.00 10.65 9.27 8.53 8.30 18.62 7.91 7.75 7.31 6.58 15.85 18.09 17.85 17.61 17.42 6.59 16.18 14.48
24.82 19.05 13.96 12.53 9.83 9.85 10.77 15.50 19.06 18.80 18.19 18.39 19.48 20.21 20.70 21.32 20.73 21.35 21.92 22.69 23.52 23.37 22.51 21.59 34.12 33.47 21.46 34.39 29.33 26.40 16.97 16.77 21.68 29.79 33.44 31.74 28.64 24.80 20.88 30.39 24.31 16.15 15.82 16.00 21.49 14.99 13.94 13.05 12.44 12.11 11.53 10.69 11.47 13.79 15.16 15.09 14.17 12.10 9.84 9.09 9.84 10.78 10.86 10.16 9.18 8.37 8.15 8.25 8.26 7.97 7.28 14.36 13.77 13.80 6.25 16.83 17.66 6.03 15.96 6.45
24.38 19.92 13.27 11.69 9.63 12.48 18.60 22.37 21.88 19.84 18.97 19.21 19.48 19.99 21.83 22.31 22.81 22.06 22.64 23.24 23.44 33.68 21.90 21.23 20.81 23.80 32.35 32.54 30.95 22.10 22.38 26.11 31.20 33.93 31.09 27.32 24.03 20.14 17.10 27.66 16.41 16.30 16.59 16.67 21.84 14.92 14.01 13.21 12.58 11.93 11.41 11.98 13.57 14.84 14.27 12.71 10.76 8.58 7.02 6.78 7.33 8.04 8.62 8.83 8.62 8.31 8.13 7.88 7.80 7.61 14.41 15.05 13.89 13.57 13.04 14.25 16.22 16.16 16.67 14.62
20.80 19.29 14.84 10.10 11.38 14.74 21.25 21.91 19.21 18.31 18.78 19.49 20.98 20.66 22.49 22.85 23.72 22.56 22.82 24.86 22.38 21.78 21.19 21.13 21.74 22.05 23.92 36.29 31.65 25.06 27.88 31.69 32.79 29.41 23.43 20.21 17.86 14.89 13.99 23.48 19.93 16.48 17.03 16.99 16.28 15.25 14.48 13.97 13.43 12.68 13.11 15.06 16.20 15.37 13.03 10.55 8.32 6.35 4.97 4.56 4.95 5.53 6.12 6.67 6.99 7.14 7.07 6.75 6.57 6.68 6.29 6.07 16.84 16.71 12.40 13.52 14.29 13.69 16.95 15.13
17.05 17.06 15.09 8.99 11.23 15.63 19.66 17.95 15.20 15.80 17.75 19.37 20.49 21.29 21.85 23.48 22.43 24.45 22.56 23.65 22.13 21.73 21.15 21.32 22.24 23.07 24.60 25.07 33.78 27.08 28.18 28.16 25.46 20.62 15.49 12.77 12.44 11.53 24.36 20.02 16.85 17.81 20.17 19.92 16.83 16.27 16.04 16.31 16.50 16.64 17.08 16.97 15.51 13.20 10.43 8.33 6.40 4.70 3.62 3.14 3.27 3.73 4.21 4.60 4.95 5.27 5.40 5.29 13.97 5.04 16.21 15.38 16.38 15.66 15.33 13.72 14.14 11.76 13.06 16.04
16.46 15.68 14.39 10.08 12.33 16.30 18.52 16.27 14.04 15.11 17.51 19.42 20.78 21.67 22.22 22.47 22.51 22.46 22.36 22.25 22.24 21.87 21.38 21.70 22.54 23.43 25.00 26.84 36.81 27.32 26.22 22.89 24.26 15.93 12.00 11.24 9.95 9.74 19.66 18.95 18.33 18.99 18.61 17.45 16.82 17.04 17.17 18.06 19.22 19.90 19.24 16.93 13.80 10.91 8.45 6.79 5.51 3.84 3.05 2.87 2.84 3.15 3.40 3.80 4.07 4.34 4.59 4.38 4.15 13.47 12.90 12.33 3.86 15.57 12.00 12.99 13.02 12.34 12.62 4.66
