examples/cougarCreek-fire/createInputs/farsite/7a-cougarCreek-polygonIgnit/cougarCreekFire_08-11-2015_2000_217m_non_neutral_stability_vel.asc
ncols	146
nrows	140
xllcorner	610065.000000
yllcorner	5095217.000000
cellsize	216.586807
NODATA_value	-9999.000000
[rows 0 to 34 of 140, columns 0 to 78 of 146]
2.85 2.90 3.02 3.09 3.11 3.19 3.29 3.41 3.55 6.05 3.72 3.73 3.29 2.81 2.40 2.06 1.80 1.66 1.65 1.79 2.06 1.00 2.77 3.11 3.49 3.93 4.40 4.90 5.38 5.84 6.28 6.78 7.39 7.97 8.56 9.24 9.96 17.01 13.18 11.99 15.07 15.65 13.98 17.35 17.97 18.64 16.83 17.42 17.94 18.28 18.11 17.66 17.56 17.44 17.41 17.37 16.82 16.25 16.35 16.40 16.01 15.82 15.80 15.71 15.55 15.10 14.82 14.99 15.15 15.17 14.77 14.11 13.64 13.40 13.49 13.54 12.76 12.14 12.11
2.85 2.90 3.02 3.09 3.11 3.19 3.29 3.41 3.55 6.05 3.72 3.73 3.29 2.81 2.40 2.06 1.80 1.66 1.65 1.79 2.06 1.00 2.77 3.11 3.49 3.93 4.40 4.90 5.38 5.84 6.28 6.78 7.39 7.97 8.56 9.24 9.96 17.01 13.18 11.99 15.07 15.65 13.98 17.35 17.97 18.64 16.83 17.42 17.94 18.28 18.11 17.66 17.56 17.44 17.41 17.37 16.82 16.25 16.35 16.40 16.01 15.82 15.80 15.71 15.55 15.10 14.82 14.99 15.15 15.17 14.77 14.11 13.64 13.40 13.49 13.54 12.76 12.14 12.11
2.82 2.92 3.14 3.24 3.26 3.36 3.49 3.63 3.78 3.90 3.95 4.01 3.62 3.18 2.79 2.44 2.13 1.90 1.77 1.77 1.91 1.61 2.52 2.80 3.12 3.51 3.96 4.44 4.90 5.35 5.76 6.26 6.91 7.53 8.14 8.83 9.56 10.24 10.90 11.60 12.32 12.95 13.64 14.41 15.22 15.92 16.37 16.98 17.53 17.83 17.78 17.54 17.50 17.38 17.33 17.11 16.38 16.05 16.35 16.29 15.89 15.77 15.81 15.72 15.42 14.92 14.94 15.28 15.33 15.04 14.30 13.67 13.48 13.52 13.77 13.62 12.65 12.16 12.27
2.78 2.93 3.24 3.41 3.44 3.58 3.74 3.89 4.04 4.16 4.23 4.35 4.05 3.70 3.35 2.99 2.65 2.37 2.16 2.04 2.02 2.35 2.42 2.65 2.89 3.19 3.56 4.02 4.48 4.89 5.31 5.77 6.42 7.09 7.70 8.39 9.12 9.86 10.54 11.22 11.91 12.54 13.30 14.02 14.79 15.44 15.76 16.44 17.10 17.49 17.59 17.33 17.21 17.16 17.08 16.58 15.82 15.91 16.24 16.14 15.98 15.83 15.89 15.75 15.21 14.96 15.36 15.66 15.38 14.62 13.72 13.46 13.63 13.94 14.16 13.72 12.63 12.19 12.46
2.84 2.99 3.32 3.53 3.62 3.76 3.92 6.93 6.99 6.85 4.53 4.69 4.44 4.14 3.79 3.43 3.10 2.80 2.55 2.34 3.32 2.75 2.85 2.52 2.71 2.94 3.22 3.63 4.06 4.47 4.90 5.32 5.93 6.65 7.27 7.95 8.70 9.51 10.27 10.97 11.57 12.30 13.08 13.69 14.45 15.12 15.59 16.38 17.15 17.66 17.52 16.96 16.82 19.23 16.63 16.11 15.74 16.09 16.23 16.25 16.27 15.97 16.00 15.63 15.17 15.44 15.75 15.58 14.90 14.13 13.81 13.95 14.18 14.38 14.25 13.59 12.54 12.18 12.63
2.94 3.09 3.40 3.62 3.76 3.93 4.08 4.26 4.47 7.12 7.19 7.14 4.76 4.46 4.11 3.77 3.44 3.14 4.60 2.58 3.72 3.09 2.76 2.38 2.52 2.69 2.91 3.27 3.67 4.07 4.48 4.86 5.47 6.18 6.82 7.56 8.33 9.15 9.96 10.67 11.31 12.13 12.87 13.43 14.21 15.04 15.72 16.51 17.28 19.36 19.13 18.29 16.44 16.39 16.21 16.03 16.02 16.34 16.44 16.45 16.34 16.09 15.91 15.38 15.46 15.84 18.28 15.17 14.37 14.13 14.37 14.46 14.46 14.34 13.87 13.13 12.35 12.39 12.94
3.08 3.22 3.48 3.71 3.91 4.10 4.26 7.27 7.45 7.38 7.68 7.59 6.99 4.76 4.44 4.10 3.76 3.45 4.82 4.39 4.07 3.60 3.23 3.10 3.29 3.57 2.66 3.61 4.00 4.70 4.02 4.45 5.06 5.69 6.34 7.18 7.98 8.76 9.60 10.74 11.43 12.01 13.34 13.28 14.19 15.72 16.91 18.21 19.44 19.52 22.41 16.22 18.15 16.12 16.20 16.30 16.34 16.52 16.59 16.45 16.35 18.68 18.54 15.48 15.89 18.15 15.40 14.83 14.35 14.64 14.84 14.55 14.23 13.86 13.42 12.97 12.61 12.79 13.07
3.22 3.34 3.57 3.81 4.05 4.24 4.41 7.39 7.50 7.81 7.90 8.00 7.49 6.65 5.93 4.41 4.08 5.52 5.26 4.75 4.35 3.94 3.47 3.16 3.08 3.34 3.41 3.50 3.76 4.34 3.60 4.43 5.01 5.18 5.86 6.77 7.61 8.38 9.17 10.13 11.12 12.20 12.91 13.57 14.77 16.52 17.75 18.48 19.05 22.57 18.50 17.46 16.07 16.09 16.33 16.38 16.42 16.57 16.57 16.41 18.48 18.44 15.61 15.86 15.99 18.26 15.22 14.75 14.68 14.97 14.72 14.14 13.81 13.66 13.52 13.20 12.84 12.93 13.08
3.36 3.48 3.70 3.93 4.16 6.90 4.56 7.11 7.81 8.04 8.15 8.30 7.83 7.09 6.29 4.70 5.89 5.72 5.57 5.13 4.52 4.19 8.07 7.73 3.01 3.09 3.19 3.31 3.54 3.99 4.22 4.20 4.95 4.68 5.41 5.91 7.13 7.87 8.52 9.51 10.88 11.96 12.55 13.46 14.89 15.90 16.79 17.51 17.90 17.98 17.60 17.84 18.10 17.50 17.54 16.33 16.53 16.63 18.66 16.28 17.74 15.93 16.00 16.10 18.20 18.07 17.71 16.78 14.91 14.84 14.31 13.84 13.85 13.92 13.66 13.08 12.73 13.04 13.25
3.54 3.64 3.82 4.04 4.26 7.03 7.28 7.55 7.60 7.87 8.10 8.34 12.26 7.50 6.63 6.11 5.93 5.59 5.80 9.55 9.49 4.49 3.59 3.14 8.33 2.86 3.00 3.05 3.31 3.38 3.84 3.95 4.38 4.65 4.75 5.57 6.67 7.38 8.19 9.42 10.91 12.00 12.59 13.81 15.12 15.68 16.01 16.73 17.75 18.17 18.46 17.97 18.13 17.09 16.10 16.44 16.63 16.59 17.92 16.10 16.10 16.31 16.34 18.31 17.99 17.48 17.04 16.54 14.94 14.62 14.14 13.97 14.10 14.00 13.45 12.85 12.94 13.48 13.43
4.31 3.81 3.95 4.15 4.37 4.59 7.23 7.69 8.03 8.28 8.27 8.48 8.27 12.21 7.04 6.66 5.97 4.60 5.92 5.57 9.89 9.39 4.07 3.35 8.52 8.27 8.04 8.02 2.98 3.08 3.56 3.55 3.87 4.24 4.33 5.07 6.09 7.02 8.07 9.35 10.79 11.92 12.94 18.03 19.17 18.60 16.20 17.13 18.17 22.08 21.96 20.52 16.04 15.71 16.38 16.74 16.67 17.21 16.27 16.22 16.50 16.85 18.63 18.40 17.49 17.19 17.48 17.12 14.89 14.47 14.17 14.14 14.09 13.86 13.33 13.00 13.43 13.80 13.33
3.87 3.95 5.52 6.10 6.69 7.08 5.02 7.68 8.13 12.27 12.52 8.60 8.27 8.11 7.49 7.17 5.37 6.10 6.12 5.84 10.38 9.80 9.49 3.66 3.10 8.59 7.87 8.20 8.09 2.76 3.20 3.20 3.50 3.72 3.97 4.68 5.59 6.71 7.84 9.00 10.39 14.09 15.45 16.95 18.70 19.12 16.18 17.17 21.10 22.00 20.63 16.29 15.40 16.24 16.38 17.42 17.26 17.20 16.63 16.52 16.82 18.67 18.64 18.17 17.99 15.65 15.28 14.98 14.76 14.32 14.11 14.11 14.01 13.79 13.36 13.26 13.76 13.77 13.04
3.99 4.06 4.21 6.07 6.67 7.18 5.20 7.53 7.89 8.38 12.95 13.46 12.67 7.93 7.63 7.26 6.09 6.57 6.39 6.04 10.44 10.22 10.13 10.23 3.35 9.61 8.29 8.41 8.42 8.04 2.84 2.82 2.93 3.12 3.57 4.36 5.36 6.42 7.48 8.75 11.16 14.59 15.79 17.06 18.48 17.96 15.69 19.36 20.61 17.51 16.66 15.72 15.90 16.86 17.42 17.89 17.57 17.66 17.32 16.32 19.09 18.97 18.52 15.83 15.69 15.48 15.11 14.86 14.60 14.19 14.05 14.19 14.11 13.74 13.47 13.63 13.91 13.54 12.82
4.11 4.17 4.33 4.53 4.76 7.13 5.38 5.72 7.60 7.97 8.49 13.62 13.83 12.76 7.67 7.23 6.56 6.48 6.42 10.80 10.84 10.69 10.47 10.21 10.57 10.05 8.59 8.67 8.34 8.18 8.30 2.51 7.09 6.47 5.63 5.27 6.24 6.60 5.24 6.30 12.55 16.37 17.05 17.66 17.26 14.35 15.58 19.40 19.74 16.87 16.23 15.70 15.78 16.40 17.99 18.13 18.44 18.79 18.62 19.07 19.64 19.22 15.86 15.75 15.51 15.23 15.00 14.81 14.53 14.24 14.22 14.39 14.15 13.73 13.70 13.87 13.78 13.23 12.63
4.21 4.29 4.45 4.64 4.88 5.19 5.52 5.83 6.14 8.03 8.22 8.61 8.59 13.71 13.34 11.57 10.38 10.03 10.32 10.38 10.24 10.35 9.74 9.77 10.38 10.52 8.67 8.54 7.87 8.10 8.28 2.15 6.84 6.53 5.55 5.17 6.15 6.34 3.84 3.61 17.49 17.58 16.64 16.38 15.28 15.60 17.93 20.65 21.38 19.50 16.02 16.18 16.54 16.99 17.85 17.62 20.36 18.72 18.64 18.84 16.33 15.97 15.71 15.62 17.56 16.42 15.99 15.74 14.68 14.56 14.76 14.40 14.07 13.83 13.78 13.75 13.49 12.98 12.52
4.25 4.37 4.57 4.73 4.97 5.30 7.72 8.08 8.27 8.31 8.40 8.77 13.64 13.12 13.45 14.00 11.82 10.81 11.07 11.05 10.40 10.33 9.40 9.05 10.77 10.85 8.92 8.32 7.58 7.99 7.96 7.80 7.13 6.66 5.74 5.57 5.34 5.12 5.17 7.23 16.49 16.92 16.66 16.34 15.84 17.70 20.50 21.63 21.18 18.00 15.98 17.00 19.16 19.30 17.61 17.88 21.13 18.32 20.02 18.20 18.29 17.89 16.97 16.58 15.89 15.85 16.66 14.91 14.99 14.87 14.45 14.14 13.96 13.88 13.72 13.53 13.25 12.88 12.48
4.17 4.29 4.53 4.67 4.88 5.20 5.54 7.76 8.29 8.34 8.29 8.71 14.14 14.26 13.37 13.09 13.38 12.89 12.70 12.33 11.82 11.49 9.31 4.56 9.09 10.76 8.78 7.93 8.02 7.94 7.85 7.54 7.06 6.59 5.96 5.67 4.83 4.31 5.96 10.30 13.92 16.06 17.29 17.75 18.12 20.03 20.85 20.88 19.36 17.38 16.82 20.68 21.60 21.11 19.90 18.98 18.39 20.13 18.09 18.06 17.88 16.83 16.24 16.49 16.01 17.18 15.25 15.82 15.21 14.77 14.07 13.86 13.85 13.83 13.66 13.38 13.09 12.81 12.47
4.05 4.11 4.32 4.49 4.66 4.90 7.13 7.31 7.86 12.21 8.01 8.35 13.73 14.56 13.24 11.32 11.35 12.50 12.64 12.57 13.29 12.87 11.72 8.83 9.25 9.94 9.19 8.33 8.07 7.33 7.69 7.46 6.91 6.22 6.11 5.51 4.08 4.63 7.00 11.71 14.30 16.07 16.97 17.50 18.81 19.98 20.52 20.10 18.92 19.00 21.50 22.25 21.95 20.42 21.26 18.70 17.94 18.83 18.26 17.61 16.93 16.73 17.06 17.42 17.51 15.70 15.19 18.16 18.26 14.31 13.74 13.77 13.83 13.76 13.61 13.30 12.98 12.76 12.46
4.05 4.00 4.12 4.31 4.47 4.62 4.91 6.93 11.30 12.01 7.80 8.18 13.11 13.31 12.97 12.82 12.19 12.23 12.53 11.80 12.53 12.55 12.29 9.61 8.87 8.74 8.84 8.08 8.04 7.94 8.09 7.87 6.63 7.16 6.23 5.58 3.95 4.66 7.87 11.42 13.77 15.84 17.44 18.70 18.75 19.10 20.14 20.15 19.15 21.26 21.71 21.83 20.62 16.48 20.89 20.68 16.69 17.19 20.10 16.79 16.33 18.92 17.64 17.68 15.90 18.37 18.32 18.43 14.67 13.99 13.76 13.87 13.80 13.68 13.64 13.32 12.87 12.64 12.37
4.11 3.96 4.00 4.15 4.27 4.38 6.33 6.64 11.18 11.76 7.36 12.59 12.67 12.64 12.84 12.11 12.15 12.49 12.59 11.96 12.26 11.62 11.64 9.72 9.96 9.02 8.42 8.12 8.00 8.04 8.02 7.82 8.53 2.29 3.11 5.04 3.98 3.68 7.87 12.00 14.32 16.59 18.47 19.23 19.56 20.00 20.51 21.11 22.20 23.01 21.46 19.97 16.58 18.79 20.92 18.13 17.48 17.33 18.98 18.23 16.81 19.60 17.50 17.16 17.78 15.49 15.01 14.79 14.47 14.02 13.90 13.91 13.70 13.64 13.68 13.22 12.68 12.49 12.28
4.21 4.00 3.95 5.24 5.31 5.58 5.98 6.34 6.48 11.36 6.97 12.29 13.00 12.01 12.17 12.59 11.76 11.76 11.43 11.64 11.77 10.92 10.94 10.71 10.93 9.22 8.23 8.01 7.94 7.94 8.13 8.18 1.98 2.54 3.48 4.79 5.39 3.38 7.67 14.70 17.12 18.70 19.02 19.34 19.78 20.70 21.16 22.17 16.18 22.19 20.91 18.80 17.77 21.29 17.75 16.22 17.29 19.60 19.78 18.42 18.33 19.45 16.72 16.58 15.92 15.46 14.98 14.65 14.38 14.02 13.88 13.84 13.63 13.63 13.58 12.98 12.51 12.44 12.27
4.29 4.09 3.99 4.95 4.98 5.32 5.68 5.89 6.08 11.15 11.08 11.63 11.74 12.46 10.81 5.09 11.79 11.67 11.93 11.58 11.61 10.45 10.60 10.35 9.52 8.64 8.19 7.86 7.66 8.02 8.21 8.90 2.31 2.87 3.89 1.97 6.49 3.99 9.90 17.01 19.24 16.95 20.09 20.14 19.96 20.35 20.93 22.04 21.43 19.00 19.64 17.61 19.70 17.93 15.88 17.15 19.90 21.26 20.33 17.57 18.85 19.48 18.65 16.08 17.78 17.57 17.31 17.19 14.19 13.87 13.86 13.89 13.61 13.53 13.34 12.77 12.50 12.43 12.19
4.33 4.12 4.01 3.95 5.03 5.33 5.40 5.67 5.75 10.39 10.92 11.56 12.49 10.15 11.38 4.63 10.11 3.81 11.01 10.99 10.84 10.82 10.34 9.86 9.45 8.37 7.95 7.99 8.00 8.50 8.57 4.59 2.71 8.02 4.23 5.40 5.12 4.10 11.14 17.42 15.71 16.68 17.32 19.77 20.07 20.94 21.64 21.14 19.29 17.57 17.39 15.70 16.66 15.76 17.26 19.92 19.94 20.67 19.57 17.85 20.08 19.89 17.47 18.17 18.13 17.47 16.65 14.43 14.03 13.87 14.03 13.92 13.47 13.31 13.11 12.73 12.59 12.39 12.04
4.46 4.20 4.04 3.93 3.87 3.84 5.13 5.23 9.84 9.87 10.54 11.43 11.88 10.47 11.60 10.69 10.80 10.47 10.32 10.64 9.70 9.79 9.96 9.26 8.50 9.09 8.03 8.04 8.28 8.22 7.71 8.10 3.10 3.62 4.59 3.29 5.06 5.99 10.93 17.48 18.95 16.57 17.39 20.01 20.48 20.91 20.83 20.21 18.10 18.08 15.47 16.54 16.18 15.86 18.14 20.60 19.52 20.44 20.35 20.50 21.49 17.73 17.01 15.55 16.62 16.50 16.08 15.88 14.09 14.06 14.07 13.71 13.26 13.17 13.01 12.76 12.63 12.28 11.85
4.61 4.33 4.13 3.96 3.84 3.76 4.94 4.86 4.93 10.04 10.50 11.17 11.30 11.43 10.84 10.53 10.35 10.31 10.10 9.93 10.04 9.43 9.01 9.16 7.69 8.16 7.58 7.56 7.63 6.77 6.48 7.80 4.58 4.05 6.62 4.75 5.48 7.68 13.47 18.29 18.54 18.80 20.04 13.36 21.18 20.54 20.79 20.93 20.34 19.16 14.02 16.63 17.97 19.10 21.01 22.17 22.19 22.57 21.97 21.33 21.32 17.43 17.53 17.49 17.05 16.56 15.96 16.11 14.24 16.19 13.81 13.45 13.20 13.11 12.90 12.72 12.60 12.13 11.67
4.79 4.49 4.28 4.07 3.89 3.72 4.69 4.65 4.58 10.06 10.14 10.88 10.64 11.11 10.69 10.28 10.01 10.04 9.95 9.56 9.52 9.66 8.54 8.04 6.83 6.35 6.69 7.14 6.55 6.11 7.86 4.06 4.89 10.07 5.41 5.05 7.08 10.55 17.21 16.69 15.24 19.03 19.49 19.75 20.62 15.10 22.82 15.77 20.51 17.92 16.79 15.12 20.21 19.63 22.00 23.48 23.82 17.01 22.16 21.21 20.86 17.05 18.13 21.00 17.88 16.73 16.74 17.02 17.07 17.04 16.78 13.29 13.14 12.99 12.80 12.67 12.48 11.97 11.52
4.97 4.65 4.41 4.20 4.86 4.61 4.76 4.51 9.46 9.94 10.35 10.47 10.26 9.74 10.12 10.02 9.61 9.61 9.46 9.10 8.87 9.11 8.31 7.48 6.03 5.73 6.19 6.19 5.43 6.53 7.34 7.31 9.62 9.13 7.03 6.44 9.19 13.15 17.10 17.94 17.66 17.82 18.63 19.12 19.83 20.50 20.66 20.52 19.24 16.87 16.67 16.69 19.48 19.15 20.78 22.45 23.13 22.62 21.52 20.80 20.31 17.03 17.00 20.31 20.52 20.80 17.93 17.53 17.07 16.85 16.67 13.18 13.04 12.89 12.76 12.53 12.21 11.78 11.41
5.16 4.78 4.49 4.26 5.30 5.03 4.78 4.67 9.62 10.20 9.87 10.19 10.25 9.37 10.06 10.04 9.67 9.39 8.91 8.54 8.13 8.40 8.12 7.07 5.96 5.31 5.66 5.02 4.52 6.53 6.99 7.05 8.13 7.57 7.68 8.58 12.46 16.31 17.30 17.61 17.48 17.14 18.19 19.36 19.96 20.37 20.66 20.87 20.59 15.67 16.67 17.40 19.69 16.92 20.17 22.98 22.81 21.52 21.07 21.43 21.41 21.42 22.34 22.85 22.89 22.44 21.35 17.33 16.53 16.04 15.88 13.13 12.94 12.81 12.63 12.27 11.97 11.69 11.36
5.42 5.01 4.65 4.38 4.15 5.07 4.65 4.28 4.17 9.52 9.43 9.38 9.84 9.24 9.97 9.67 9.05 9.00 8.67 8.15 7.88 8.03 7.96 7.39 6.19 5.72 5.73 5.05 4.58 6.51 6.70 6.80 7.93 8.65 10.63 13.33 16.37 17.45 17.28 17.99 18.21 18.65 19.62 20.94 21.66 15.27 15.93 15.90 19.30 15.47 17.35 18.82 19.42 16.51 23.41 24.02 23.03 22.57 23.06 23.44 23.33 22.77 22.53 22.49 22.19 21.87 21.25 17.49 16.95 16.43 16.18 13.00 12.79 12.69 12.45 12.10 11.90 11.65 11.31
5.69 5.26 4.86 4.52 4.25 5.06 4.82 8.62 7.69 8.47 8.74 8.69 9.05 9.03 8.92 9.07 8.52 8.42 8.24 7.78 7.62 7.71 7.47 6.95 5.75 5.04 4.75 4.94 5.88 6.41 6.42 6.69 9.03 10.86 11.93 13.94 15.99 17.03 17.72 18.93 19.44 20.55 17.42 14.11 14.52 15.31 15.64 20.10 15.42 16.35 18.12 18.61 19.57 20.76 25.81 24.26 23.86 23.61 23.18 22.74 22.52 22.29 22.20 21.93 21.43 17.69 17.49 17.27 17.01 16.73 16.36 12.86 12.74 12.64 12.38 12.07 11.87 11.58 11.27
5.94 5.51 5.11 4.76 4.43 4.96 4.76 4.46 9.08 9.17 9.59 9.33 8.84 8.69 8.44 8.30 7.76 7.06 6.90 6.48 6.68 6.79 6.47 5.62 4.19 3.24 3.28 3.54 6.12 7.37 7.19 9.16 11.37 12.72 14.07 15.16 15.71 15.87 18.95 17.67 15.82 16.77 13.71 14.04 14.74 15.55 20.24 14.46 16.51 17.48 18.39 16.92 22.74 25.64 24.91 22.95 21.85 22.15 22.32 22.18 22.27 22.48 22.21 21.74 21.08 17.22 16.73 16.48 16.14 15.69 15.06 12.96 12.83 12.64 12.35 12.01 11.79 11.52 11.26
6.21 5.76 5.33 5.01 4.69 4.96 4.75 4.45 8.90 9.26 9.11 9.91 9.76 9.45 8.42 7.96 7.78 7.15 6.22 5.71 5.31 3.75 4.55 4.17 3.12 2.47 2.81 3.15 5.83 8.09 9.58 11.51 12.78 14.30 15.25 13.77 14.64 14.88 17.17 14.83 16.08 16.93 13.66 14.25 15.06 15.82 16.21 16.77 17.14 17.60 18.04 19.15 24.11 23.64 20.72 19.61 20.87 21.61 22.05 22.10 22.51 22.57 22.41 21.43 20.86 20.67 17.32 17.14 16.75 16.38 16.34 16.58 16.46 16.21 12.22 11.91 11.71 11.45 11.20
6.52 6.06 5.54 5.13 4.83 4.68 4.54 4.36 8.49 8.83 8.86 8.58 8.96 8.22 7.85 8.05 8.10 8.05 7.46 6.34 5.21 3.52 2.25 1.27 1.88 2.71 3.46 4.18 5.33 9.08 10.69 12.38 12.77 13.86 15.17 14.36 14.37 17.17 16.76 18.70 15.96 16.96 13.73 14.56 15.33 16.19 16.77 24.25 17.10 17.40 17.95 18.97 20.34 20.92 18.79 20.95 23.46 23.39 22.90 22.39 22.10 21.75 21.76 21.95 22.15 14.45 21.90 13.79 21.35 21.28 13.04 19.69 16.84 12.39 12.23 11.96 11.65 15.42 15.91
6.98 6.65 4.92 5.62 4.54 4.55 4.51 4.44 8.00 8.53 7.93 7.85 7.48 7.54 7.79 7.92 8.19 8.17 8.74 8.17 7.23 5.38 3.49 1.79 1.42 2.31 3.41 4.07 4.73 8.93 13.48 14.68 12.86 13.33 14.93 15.86 16.96 18.18 18.33 18.92 19.08 16.97 13.94 14.83 24.04 24.29 24.65 24.16 17.13 17.79 18.31 18.88 22.36 25.71 23.81 25.65 24.95 23.91 23.62 17.50 23.18 22.39 22.30 14.63 14.47 21.64 13.94 20.64 19.95 16.81 16.13 15.33 12.56 12.57 12.37 11.93 11.45 11.08 15.51
7.18 6.89 6.67 5.12 5.03 5.02 4.87 6.83 7.30 7.45 7.98 8.69 8.40 7.57 7.21 7.69 8.21 8.19 8.46 7.57 6.65 6.59 6.16 4.70 2.85 3.38 4.22 4.38 4.69 9.43 16.45 16.20 14.32 13.87 15.35 17.03 18.43 18.97 20.61 21.29 21.69 22.32 22.76 23.47 24.02 24.39 24.36 23.78 17.30 17.56 18.15 18.69 20.71 23.19 24.73 25.94 25.42 24.30 24.25 23.58 23.37 21.80 16.79 20.99 20.80 20.52 17.09 16.33 14.83 13.05 13.21 13.03 14.91 16.05 16.47 16.00 15.33 10.99 10.91
