examples/cougarCreek-fire/createInputs/farsite/7a-cougarCreek-polygonIgnit/cougarCreekFire_08-13-2015_0200_217m_non_neutral_stability_ang.asc
ncols	146
nrows	140
xllcorner	610065.000000
yllcorner	5095217.000000
cellsize	216.586807
NODATA_value	-9999.000000
[rows 0 to 46 of 140, columns 0 to 95 of 146]
302 299 296 297 297 296 296 297 298 293 301 303 304 303 301 299 297 294 290 288 288 287 295 299 297 289 287 289 291 291 289 287 285 285 286 287 289 296 294 292 293 294 292 294 296 298 297 295 293 290 285 281 280 281 282 281 275 269 270 277 281 282 284 286 286 284 283 285 291 294 291 281 273 272 277 280 273 256 252 254 259 267 275 281 287 288 290 293 295 295 296 297 305 310 306 305
302 299 296 297 297 296 296 297 298 293 301 303 304 303 301 299 297 294 290 288 288 287 295 299 297 289 287 289 291 291 289 287 285 285 286 287 289 296 294 292 293 294 292 294 296 298 297 295 293 290 285 281 280 281 282 281 275 269 270 277 281 282 284 286 286 284 283 285 291 294 291 281 273 272 277 280 273 256 252 254 259 267 275 281 287 288 290 293 295 295 296 297 305 310 306 305
303 300 296 296 297 297 297 298 298 299 301 302 303 303 301 299 297 294 291 290 290 288 291 294 294 290 288 288 289 289 288 286 285 285 285 285 287 289 290 290 290 290 290 291 291 293 294 294 293 289 283 279 278 278 278 274 268 267 270 274 278 280 281 283 283 283 284 285 286 287 284 278 273 273 275 276 272 262 258 259 264 269 274 279 282 284 286 288 289 290 291 291 298 305 302 301
304 302 298 297 299 299 300 300 300 301 302 302 302 302 301 300 298 295 293 292 290 288 286 287 292 292 290 287 286 286 286 285 284 283 283 283 282 283 285 287 287 287 287 287 287 287 289 290 291 289 281 274 271 270 268 264 263 268 271 272 275 278 277 278 279 281 283 283 280 275 270 271 273 275 275 273 271 268 268 269 273 275 277 279 281 282 283 285 286 287 288 289 293 302 304 301
303 301 298 297 298 299 300 299 298 300 301 302 301 302 301 300 299 296 294 292 291 287 286 285 289 291 290 287 285 285 285 284 282 281 280 280 280 280 282 284 285 285 285 285 283 283 284 286 287 286 277 268 264 261 259 262 268 271 272 272 273 275 276 276 277 280 282 280 274 269 270 274 277 279 278 274 271 271 273 275 277 278 278 278 280 282 284 286 288 290 292 292 293 300 308 305
300 299 296 295 296 298 299 299 300 300 300 303 300 300 300 300 299 297 297 292 291 287 284 283 285 288 288 287 287 286 283 281 280 279 279 278 278 279 280 281 283 285 285 285 282 281 281 281 280 276 268 263 260 258 259 264 271 273 273 273 272 273 275 274 275 277 278 273 269 270 276 280 280 278 275 271 272 278 280 280 279 279 279 278 280 283 285 286 288 290 292 291 290 293 302 305
297 297 295 294 295 297 298 300 301 302 300 300 303 299 299 299 299 297 295 292 291 288 286 285 286 288 288 292 291 289 281 279 279 278 277 277 277 278 278 282 285 285 288 286 283 281 276 274 270 263 260 260 259 260 263 268 272 274 274 273 272 274 273 273 274 275 270 268 270 274 278 278 276 273 270 271 277 283 285 284 282 281 281 281 281 283 285 287 289 291 291 291 291 292 299 305
294 294 293 293 293 295 296 299 297 298 299 299 301 304 304 299 298 302 298 292 291 289 287 285 285 287 290 290 290 285 282 283 281 276 275 275 276 277 281 282 284 286 289 291 289 279 268 263 260 257 258 260 260 263 267 270 272 273 273 272 274 271 270 271 272 271 268 268 271 275 276 274 271 270 272 278 283 285 286 286 283 282 282 281 282 283 285 288 290 291 292 293 293 295 299 305
291 292 292 292 292 300 295 302 300 299 300 300 300 302 303 297 303 301 298 292 291 290 289 288 284 286 289 290 290 289 287 282 277 273 274 278 278 280 282 285 287 287 288 290 287 277 265 259 257 255 260 260 263 268 271 271 273 273 275 272 273 269 270 270 270 267 266 267 270 271 270 269 269 273 277 281 284 285 286 286 284 282 282 283 283 284 285 288 290 292 293 293 294 296 298 301
288 290 290 290 291 293 297 301 301 302 302 301 302 300 301 301 302 301 298 292 292 290 286 283 291 284 288 290 293 293 286 278 274 275 277 277 277 280 283 286 288 289 287 285 282 276 267 263 259 254 252 257 265 271 271 273 273 273 274 271 270 270 270 270 268 268 268 271 267 266 266 269 273 276 278 281 285 288 288 286 283 283 283 284 284 285 285 287 289 292 294 294 295 296 297 299
300 286 287 288 289 291 292 296 299 300 301 302 301 303 301 301 300 294 298 293 292 296 288 284 287 295 294 300 294 294 281 274 272 274 276 276 277 280 284 288 292 293 288 280 269 270 270 267 259 249 247 257 271 273 274 275 274 276 272 271 271 275 270 267 269 270 269 269 266 266 269 273 276 277 280 284 288 289 289 285 284 284 285 285 285 286 287 288 290 293 296 297 296 296 296 297
281 283 297 296 295 293 291 293 297 304 305 302 302 300 299 299 293 300 297 294 295 297 295 286 282 293 289 299 305 292 279 273 272 274 275 277 278 280 284 288 293 299 299 287 273 268 271 269 259 247 251 264 272 276 281 279 277 276 275 271 271 271 267 267 270 268 268 268 268 268 270 273 275 277 280 284 287 287 286 283 282 283 283 283 284 286 288 290 292 296 300 303 303 299 293 292
278 280 282 294 295 294 291 291 293 297 303 306 308 300 299 298 296 299 295 293 297 298 298 290 283 288 292 297 304 293 285 275 274 275 276 277 279 279 280 283 295 301 317 302 285 278 274 267 254 249 260 273 275 278 282 281 279 275 273 274 272 267 265 267 269 269 269 269 269 269 270 272 274 276 278 282 284 284 283 282 282 282 282 283 284 285 288 290 293 297 301 306 311 311 297 287
274 277 280 282 285 291 290 292 289 292 295 301 303 308 298 296 295 297 295 301 298 297 299 295 288 289 295 297 303 292 287 279 289 288 288 287 287 286 286 288 289 296 318 318 306 285 275 266 255 257 269 277 281 282 283 283 282 275 270 269 266 266 267 269 269 270 271 272 272 271 271 271 272 274 277 279 281 281 282 283 283 282 282 283 284 285 287 289 291 295 300 304 314 327 314 292
271 275 278 281 283 286 289 291 294 290 292 295 297 297 304 310 311 311 309 306 305 302 302 302 295 293 296 298 303 299 292 282 292 291 289 287 286 285 284 284 281 285 300 312 294 293 276 266 265 270 276 278 280 280 280 282 282 277 271 267 265 267 270 271 273 276 278 274 274 274 272 270 270 273 275 275 276 279 283 283 283 282 282 282 283 284 285 287 289 293 297 301 314 338 333 310
269 273 277 280 282 285 293 295 295 292 292 295 297 295 295 304 312 313 311 308 308 305 303 304 300 295 296 298 296 306 315 302 296 293 290 287 285 283 283 283 275 273 281 312 288 275 265 254 256 280 280 279 278 278 277 279 277 273 271 268 266 271 277 279 279 279 278 275 276 277 273 269 270 273 274 274 273 277 283 284 283 283 282 282 282 283 284 285 287 289 292 294 304 336 343 327
269 272 276 279 282 285 287 294 297 296 295 297 305 305 293 284 289 308 306 304 308 305 302 288 301 297 295 295 277 286 318 304 299 295 291 287 284 282 282 281 273 272 283 337 333 289 260 245 255 281 279 277 269 272 277 272 269 268 271 272 272 277 281 283 284 280 272 277 271 266 263 267 271 273 274 274 274 275 279 282 283 282 282 281 281 282 282 283 284 285 287 287 293 319 345 346
269 273 276 279 282 285 286 291 296 303 296 296 299 306 291 280 280 287 292 292 297 296 301 293 301 298 297 291 263 276 311 307 302 296 291 287 283 283 283 276 276 278 288 330 352 338 273 262 276 282 277 266 265 272 272 265 264 285 278 280 280 282 283 284 285 276 268 262 258 250 257 269 274 275 276 276 276 275 277 280 282 282 281 281 281 281 282 282 282 283 284 285 290 313 339 353
270 273 276 278 282 284 286 291 304 308 297 296 290 292 296 295 292 293 295 291 295 296 293 300 299 297 297 276 284 312 314 314 310 303 290 287 283 282 281 273 277 285 293 319 1 7 353 307 295 274 266 263 266 270 264 261 273 283 281 285 285 288 281 283 281 276 263 249 247 249 265 273 275 277 278 278 275 275 277 278 280 280 280 280 280 281 281 281 281 283 284 284 286 305 340 351
271 274 277 279 282 284 289 291 303 307 297 297 291 294 304 309 306 301 302 296 298 303 293 294 298 297 291 288 302 318 317 319 319 291 270 284 283 281 281 270 275 291 312 332 7 5 347 325 299 271 262 267 280 276 268 275 288 285 284 288 285 279 277 282 279 275 261 250 246 257 270 274 275 277 280 279 275 275 277 278 278 279 280 280 280 281 281 281 281 282 283 284 283 285 315 343
272 274 277 284 286 289 289 290 293 305 297 299 308 296 296 306 311 308 308 302 302 307 293 291 291 297 290 295 315 316 314 313 310 301 268 283 285 279 283 274 277 291 324 351 359 357 343 331 294 266 265 281 285 272 270 278 283 283 279 286 286 276 276 278 274 274 266 256 255 263 270 273 274 275 277 279 278 278 278 278 278 278 279 280 280 280 281 282 282 282 282 282 282 282 292 325
272 274 276 283 286 287 289 290 292 306 301 301 313 310 289 300 291 296 303 300 298 307 300 298 297 299 301 308 309 300 306 293 310 338 275 272 285 279 283 277 283 287 311 3 12 260 352 264 216 298 269 284 275 275 280 277 290 279 278 287 281 272 278 270 267 268 279 277 270 270 272 273 272 271 273 279 284 281 277 276 277 278 279 279 279 280 282 283 283 282 281 281 283 292 308 326
274 276 277 279 284 286 287 290 293 303 301 299 309 318 298 299 285 300 291 300 300 303 301 298 298 303 301 291 288 288 283 281 294 210 285 275 283 280 277 280 284 272 235 172 97 116 152 167 189 294 286 286 284 281 283 284 284 271 273 285 265 262 266 268 265 269 287 299 289 281 278 274 270 270 272 281 287 283 274 273 276 278 278 279 279 282 284 284 284 284 284 284 285 292 306 334
275 277 279 281 283 287 290 294 299 305 305 297 301 315 309 301 298 298 299 308 311 309 306 295 290 299 296 295 278 280 291 286 292 214 293 277 284 281 275 276 272 238 210 183 151 147 215 152 147 281 290 271 286 289 279 275 279 266 268 270 254 251 257 262 268 279 290 303 304 294 285 275 270 270 274 281 287 283 271 270 274 277 279 279 280 280 281 283 285 287 290 290 290 295 298 333
276 278 280 282 285 288 291 295 298 305 310 302 300 312 313 303 300 300 300 301 308 312 312 304 294 296 304 296 305 306 302 301 270 233 316 279 287 281 270 267 252 214 200 183 164 149 196 150 199 270 291 273 285 272 282 266 261 260 260 251 241 245 252 266 252 246 268 298 309 306 295 281 275 273 275 278 283 283 272 271 273 276 278 279 278 277 278 281 286 292 295 297 305 318 323 345
277 279 281 284 286 288 291 295 298 301 309 306 300 302 313 308 302 300 300 298 300 311 313 309 303 301 309 291 314 304 295 296 257 241 226 287 293 285 269 264 232 197 191 210 204 193 209 157 244 299 269 288 280 277 269 256 257 255 248 238 238 249 267 251 231 222 258 292 312 316 310 295 282 276 273 270 267 272 278 276 275 276 277 277 276 274 274 275 282 295 306 305 321 344 353 13
278 280 282 285 288 290 290 293 291 296 305 302 301 300 308 313 306 303 304 301 302 312 313 309 305 304 316 291 309 301 291 292 240 226 222 299 301 291 283 269 227 193 212 189 207 146 131 149 243 301 272 295 288 279 266 255 263 258 241 241 253 262 259 248 230 239 263 276 286 296 310 305 288 279 271 259 250 264 284 283 280 278 277 276 273 270 267 267 272 287 311 307 314 355 6 27
279 281 282 285 286 289 290 292 284 288 300 303 305 300 297 304 302 303 306 304 306 313 314 305 301 304 325 300 307 289 289 290 233 236 253 264 279 289 298 266 247 225 222 227 222 215 218 240 249 316 277 302 298 297 286 267 262 256 260 273 282 274 262 251 247 260 261 251 238 255 284 300 290 278 264 249 250 267 284 286 282 279 277 274 271 266 262 259 260 267 288 289 281 281 292 306
280 282 283 285 287 288 291 294 297 292 299 306 308 299 292 298 301 302 306 304 306 312 314 304 295 296 312 317 318 284 298 257 253 266 277 285 296 290 276 270 260 244 242 245 242 242 253 264 250 289 277 301 277 306 283 280 263 236 243 275 284 278 267 262 267 276 266 252 249 257 264 278 284 277 263 256 264 272 281 284 283 280 277 273 269 264 258 254 249 246 247 245 244 249 47 271
281 283 285 285 286 287 291 292 301 300 303 307 310 315 302 298 302 304 306 305 306 312 313 311 300 298 302 317 333 294 303 301 297 285 284 291 295 278 275 276 263 254 255 252 240 235 247 236 280 283 275 307 276 311 284 285 275 263 276 290 298 293 288 285 284 281 275 267 265 263 262 270 280 282 279 275 275 277 281 283 282 278 274 270 266 261 256 251 244 243 240 223 210 200 243 246
283 285 286 287 288 288 291 294 292 296 297 305 307 313 311 300 306 311 313 312 313 318 316 317 311 308 308 310 334 322 306 315 321 298 302 309 286 264 284 280 266 262 261 254 235 227 227 232 268 274 276 275 277 278 269 264 266 284 290 315 317 314 311 309 303 290 287 284 276 268 267 270 275 288 305 298 283 280 282 284 284 279 272 266 262 259 255 250 246 248 243 222 208 199 220 235
283 286 288 289 290 290 292 295 290 293 294 295 299 302 311 303 302 309 313 316 319 322 321 319 315 312 312 312 331 337 318 318 313 330 310 300 266 267 289 277 268 265 263 263 257 239 230 170 236 249 259 267 272 267 244 233 223 235 258 260 273 293 303 293 279 311 308 308 305 299 298 294 290 294 310 313 294 283 282 283 286 284 278 269 263 258 253 248 243 245 241 220 199 188 221 235
282 285 288 291 291 293 295 297 291 294 297 299 304 308 311 305 298 299 304 309 317 325 325 323 320 316 312 309 324 334 329 324 334 319 326 290 280 289 288 267 271 271 264 259 263 263 264 173 201 223 239 253 255 238 222 212 194 190 250 255 262 268 272 276 290 299 299 302 315 320 317 317 315 317 323 328 316 301 290 288 288 283 276 271 265 259 254 245 234 242 237 216 197 189 224 239
284 286 293 291 295 296 298 299 294 295 301 307 313 312 310 307 300 295 293 295 300 311 320 324 326 325 320 313 315 334 332 336 339 322 315 309 304 309 306 295 280 266 255 256 276 280 288 183 187 205 218 228 222 203 191 184 189 196 206 240 258 272 276 274 277 278 277 278 263 285 274 312 320 331 336 337 333 323 308 296 293 286 277 274 270 263 255 246 234 240 234 218 202 198 227 244
285 287 289 297 297 297 299 301 302 303 302 303 307 311 313 308 301 296 292 293 296 300 303 309 320 331 331 322 319 321 332 348 345 328 315 311 314 307 296 289 275 270 275 273 276 290 296 183 191 181 173 198 201 198 196 186 189 199 207 224 252 254 270 265 264 267 268 259 265 278 297 311 326 284 336 337 337 329 316 300 296 299 291 284 275 266 259 253 245 228 238 227 206 202 224 232
286 288 291 295 298 299 300 302 299 300 298 296 294 300 310 313 312 313 315 311 306 301 298 296 291 289 310 320 322 316 334 3 356 316 306 302 293 274 261 254 254 261 272 266 259 271 283 294 202 180 161 175 188 194 212 206 204 210 213 267 262 256 230 233 176 192 187 317 299 272 288 304 271 346 303 324 316 316 308 301 298 300 292 280 274 268 261 256 249 248 249 238 211 197 205 203
289 290 292 296 300 308 307 305 297 297 296 296 297 295 299 305 308 310 309 302 294 294 292 287 283 283 285 295 306 315 333 9 10 342 326 320 304 329 324 314 296 261 242 254 273 264 258 270 294 221 241 246 242 230 245 248 240 237 230 227 221 231 237 269 241 184 181 190 192 266 238 245 185 218 302 322 308 300 273 290 292 274 288 283 278 270 263 257 249 255 257 244 220 205 217 218
290 292 294 296 300 304 307 297 310 293 294 299 300 294 292 293 295 292 288 285 286 289 289 284 284 285 288 284 283 295 296 335 344 4 352 358 357 353 343 330 3 294 277 239 227 76 72 256 270 287 307 237 251 342 279 279 293 309 292 278 193 194 191 188 191 190 186 190 197 204 229 216 272 217 233 292 306 298 285 275 273 273 274 292 291 273 260 254 252 256 252 243 229 219 230 227
293 294 296 298 300 303 290 309 292 292 294 297 295 293 291 292 290 288 286 289 290 287 287 286 286 287 290 284 272 269 263 300 313 338 359 9 24 42 31 358 344 320 33 33 64 91 107 101 236 265 283 304 306 328 329 329 334 332 317 328 336 332 327 204 192 189 190 204 212 214 225 216 208 222 226 215 216 221 234 252 255 262 273 282 296 291 262 254 255 255 248 244 237 222 225 231
295 296 298 299 301 303 289 309 294 296 297 297 299 296 296 295 293 291 289 289 286 287 291 290 289 290 294 285 279 261 276 303 324 293 311 323 324 338 357 58 59 353 46 47 314 293 286 266 258 256 255 265 268 282 296 315 319 320 329 327 338 338 334 333 336 335 334 340 344 350 352 199 212 221 225 219 214 209 209 221 237 252 261 264 258 289 236 238 247 250 254 253 241 219 210 226
295 297 299 298 301 304 290 309 311 298 300 302 304 302 300 298 293 289 287 286 286 292 296 290 295 293 294 288 287 291 296 305 325 300 280 284 285 287 302 2 18 15 1 80 125 135 136 155 158 287 284 282 266 254 320 247 258 260 287 259 283 318 326 323 320 319 320 327 338 343 343 344 346 211 199 201 212 216 214 211 216 224 230 231 213 272 199 233 245 246 258 253 241 223 207 211
296 298 299 297 300 289 307 310 312 301 302 303 304 300 298 296 291 289 288 295 298 300 296 300 298 293 296 292 291 287 296 291 293 258 248 267 293 292 283 281 313 303 296 297 300 304 223 173 317 314 305 320 249 321 302 298 297 299 179 161 297 307 318 311 307 308 306 292 285 288 290 311 329 336 337 352 194 200 207 211 212 213 206 197 191 170 54 253 238 241 249 224 240 227 211 207
296 298 299 300 300 307 309 313 314 316 317 305 304 299 297 295 291 295 301 304 303 299 299 309 294 299 298 294 295 286 287 285 336 302 276 279 290 292 280 267 276 292 293 292 283 272 278 289 303 243 305 302 325 331 321 176 171 336 339 323 194 316 302 225 212 203 194 191 194 194 202 215 218 216 216 226 300 4 161 186 214 213 200 192 191 182 160 140 208 238 242 254 244 227 215 213
298 299 301 303 304 293 311 313 316 318 306 302 299 297 298 297 297 301 303 304 300 297 306 305 301 303 296 301 299 287 280 290 337 3 350 309 289 289 286 266 256 270 281 280 251 247 250 251 265 282 283 283 302 305 300 303 297 297 259 231 210 187 171 168 161 155 159 85 77 171 68 66 42 24 51 90 132 218 310 142 232 212 205 197 187 190 186 166 177 227 230 240 241 227 226 223
300 302 305 307 308 309 312 314 316 305 301 304 301 294 295 295 297 297 299 298 293 300 304 305 304 302 303 304 299 290 283 283 296 349 6 1 347 315 339 306 292 222 214 213 224 245 260 274 283 279 269 278 289 287 272 250 214 188 178 180 163 153 142 64 87 109 125 129 121 114 117 125 129 129 127 126 123 126 144 0 226 216 210 191 171 181 187 186 178 193 217 223 230 240 245 234
300 302 306 308 307 309 312 314 315 301 306 301 295 297 296 295 302 298 301 298 295 298 304 310 306 305 307 298 296 290 295 278 306 310 327 351 7 1 356 352 331 28 30 316 332 279 269 271 288 301 285 253 240 226 217 203 181 150 118 121 69 75 82 90 99 111 127 135 130 131 139 143 132 121 130 140 136 136 139 156 213 201 201 183 159 165 174 187 189 177 196 224 229 237 240 233
301 302 303 308 306 308 298 314 298 307 301 297 300 296 295 296 296 307 305 304 301 304 313 316 314 310 306 302 296 293 313 313 280 270 287 330 14 16 11 7 12 5 3 360 1 317 296 261 259 230 216 221 3 87 141 162 138 70 85 98 106 94 84 84 88 96 111 128 205 136 146 143 111 265 252 131 135 123 134 144 174 206 202 182 164 155 151 173 191 185 300 207 218 216 219 226
