examples/cougarCreek-fire/createInputs/farsite/7a-cougarCreek-polygonIgnit/cougarCreekFire_08-12-2015_0200_217m_non_neutral_stability_vel.asc
ncols	146
nrows	140
xllcorner	610065.000000
yllcorner	5095217.000000
cellsize	216.586807
NODATA_value	-9999.000000
[rows 74 to 110 of 140, columns 0 to 81 of 146]
7.41 7.56 7.66 7.53 8.60 9.31 9.16 9.29 9.62 9.46 9.15 9.08 8.71 11.72 10.47 3.81 1.54 2.31 5.11 6.19 6.74 6.74 6.96 5.81 6.97 5.97 7.58 5.39 6.89 8.47 9.73 9.21 8.68 6.81 6.30 8.25 9.07 9.27 7.98 7.27 9.33 11.91 11.87 9.24 9.92 6.07 2.81 5.27 9.82 11.87 12.60 13.39 12.77 12.91 13.56 14.25 8.95 4.92 4.32 8.46 12.68 15.41 16.71 13.43 7.40 4.18 3.88 4.22 6.04 10.08 13.92 15.02 12.41 9.97 8.78 9.23 9.98 10.19 10.04 10.37 8.80 6.28
7.23 7.24 7.42 8.26 8.71 8.51 8.22 9.08 9.29 8.88 7.71 8.52 9.56 9.90 10.36 4.70 0.95 2.80 5.90 8.04 6.86 7.00 6.93 6.75 7.07 6.28 6.92 7.19 7.79 8.44 9.65 9.21 6.93 7.10 7.23 8.47 8.43 8.90 8.31 7.83 9.10 11.91 11.47 11.68 11.07 8.32 3.90 3.58 8.10 11.23 12.62 12.44 12.58 13.05 13.73 13.44 11.25 6.95 5.57 8.17 11.58 14.36 16.59 14.47 9.62 5.07 3.87 3.57 4.08 7.14 12.13 14.65 12.81 10.46 9.70 9.73 10.03 10.33 10.36 10.70 9.86 7.69
7.00 7.08 7.24 8.51 8.50 8.26 7.71 8.16 8.81 6.85 7.66 7.79 6.82 7.94 9.44 3.82 0.56 3.51 6.27 6.76 7.04 7.12 6.83 6.74 5.78 6.61 6.21 7.44 8.42 8.03 9.02 9.01 6.92 7.33 9.19 7.15 7.55 8.32 9.50 8.41 9.85 11.49 11.30 11.31 11.30 10.13 6.56 3.30 5.98 10.30 12.31 12.29 12.52 13.13 13.91 13.49 12.44 8.80 6.96 8.06 10.87 13.78 15.97 16.03 11.42 6.83 4.48 3.79 3.65 5.13 9.00 12.82 13.02 11.60 9.62 8.65 10.40 10.33 10.89 12.09 11.97 10.41
6.84 6.94 6.99 8.50 8.25 7.48 7.20 8.19 7.55 6.09 7.83 5.70 6.19 8.45 8.51 2.22 0.63 4.49 6.52 6.92 7.26 7.27 6.93 6.00 7.02 6.00 7.86 7.28 7.80 7.09 8.20 9.18 7.17 8.91 8.84 5.76 6.39 8.28 9.63 8.65 10.75 10.82 10.86 10.98 11.05 11.01 8.56 4.59 4.43 8.46 11.22 11.61 12.21 13.16 13.89 13.48 13.57 11.04 8.83 8.20 11.05 13.16 15.37 16.16 14.17 9.16 5.47 4.28 3.99 4.48 7.12 10.62 11.23 10.86 11.14 11.11 10.83 9.53 10.42 11.21 13.09 12.89
6.68 6.75 6.77 8.53 7.96 6.74 7.51 8.90 7.40 6.77 7.12 8.76 6.29 8.48 7.55 2.32 2.07 5.68 6.94 7.05 7.50 7.59 7.05 6.03 5.44 6.70 7.94 7.36 7.45 7.17 6.84 9.70 8.65 9.96 8.49 5.75 5.80 8.09 7.89 7.41 10.95 10.40 10.84 10.63 12.24 11.50 10.11 7.59 5.45 7.22 9.41 10.57 11.70 13.06 13.67 13.48 13.74 13.01 11.93 9.37 9.17 11.62 14.18 15.80 15.92 12.21 7.52 5.28 4.84 4.94 6.23 9.09 10.93 10.35 10.91 11.22 9.05 8.54 10.41 9.53 11.69 13.13
6.52 6.57 6.62 8.30 8.05 6.63 7.56 8.11 7.58 7.26 7.59 8.60 8.40 7.73 6.02 2.66 4.01 6.69 7.29 7.21 7.75 7.82 7.27 5.00 4.80 6.66 6.90 6.93 7.57 6.67 7.17 9.91 9.48 9.14 8.79 6.63 6.26 7.75 6.25 7.48 10.63 10.28 10.23 10.27 11.80 11.37 10.67 9.07 8.76 7.24 7.91 9.24 10.85 12.70 13.48 10.61 11.72 13.43 12.89 11.56 9.49 9.89 11.86 14.17 16.42 14.13 10.63 6.84 5.97 5.98 6.63 8.49 9.54 9.58 8.87 8.95 11.34 11.03 10.58 7.60 8.22 11.29
6.34 6.40 6.49 8.42 7.84 6.50 6.66 7.57 7.47 7.24 7.62 7.61 6.11 6.89 4.89 3.52 5.84 7.04 7.31 7.50 8.00 7.69 6.65 3.92 6.14 6.45 6.79 8.55 7.60 7.62 7.38 9.34 9.08 7.57 8.92 7.42 7.20 7.74 6.92 8.87 10.04 10.24 10.42 10.23 10.51 10.92 10.43 11.55 8.67 8.23 6.93 7.74 9.70 11.98 13.13 12.10 10.47 11.31 12.37 13.81 11.19 9.35 9.32 11.92 14.82 16.98 14.00 8.76 6.57 5.91 6.68 8.90 9.08 8.66 9.31 9.77 11.04 11.55 10.32 8.21 6.47 8.34
6.17 6.26 6.35 8.11 6.24 6.42 6.55 6.94 7.69 7.61 7.60 6.33 6.01 6.35 4.94 5.02 6.75 7.14 7.36 7.66 7.99 7.18 4.82 3.42 6.03 7.18 8.00 8.72 8.30 8.89 7.35 7.87 7.69 8.11 8.84 7.96 7.76 6.80 6.47 9.59 9.41 9.92 10.45 10.68 10.75 10.36 10.09 11.97 12.30 9.79 6.75 6.73 8.76 11.19 12.01 11.82 11.38 10.21 10.69 14.21 13.37 10.27 7.60 7.66 11.31 15.80 14.32 11.07 7.47 5.86 5.53 7.58 9.83 8.38 7.51 8.22 10.19 11.64 10.73 9.38 7.26 6.24
6.01 6.11 6.18 8.03 6.16 6.33 6.39 6.79 8.00 8.09 7.48 6.32 6.56 5.89 5.24 6.28 7.11 7.29 7.46 7.55 7.22 8.72 4.72 3.16 5.68 7.04 8.03 8.75 8.80 9.01 7.17 6.53 7.66 8.99 8.83 8.56 7.86 6.45 8.56 9.18 8.85 9.37 10.23 10.75 11.07 10.64 9.99 12.34 8.68 11.12 7.80 6.74 8.31 10.23 10.03 11.04 11.63 10.68 10.73 14.46 15.80 12.46 8.43 5.73 7.57 12.54 15.61 12.95 9.36 6.52 5.54 6.28 7.39 8.54 6.68 6.19 8.20 10.45 9.92 9.04 8.29 6.63
5.85 5.95 6.01 5.96 6.09 6.18 6.23 6.61 7.82 7.96 6.43 6.35 7.95 5.54 6.96 6.78 7.21 7.33 7.42 7.29 7.92 6.53 4.23 3.20 5.96 7.10 8.11 8.61 8.32 8.54 6.15 6.55 8.73 8.47 8.49 8.64 6.46 9.16 9.45 9.12 8.21 8.15 9.32 10.55 11.60 11.44 11.24 12.41 11.60 11.53 9.30 7.89 8.69 8.46 8.57 9.44 12.08 11.21 10.45 11.33 13.95 14.45 11.40 7.26 5.88 9.10 13.43 12.97 11.43 8.84 6.75 5.47 6.10 8.68 7.60 5.10 5.96 8.35 8.20 7.42 7.87 8.17
5.71 5.79 5.85 5.87 5.99 6.03 6.13 6.54 7.71 7.22 6.08 6.40 8.59 5.62 5.90 6.78 5.07 7.34 7.43 7.84 8.32 5.69 3.41 3.71 5.80 5.68 8.10 6.77 7.73 8.64 7.47 8.28 8.63 8.41 7.86 9.03 5.71 9.47 9.63 9.66 8.17 6.42 6.86 10.19 12.15 11.93 11.38 12.19 11.38 12.89 10.36 9.36 7.91 9.01 8.70 9.60 11.25 12.06 10.74 12.26 12.84 14.10 12.79 9.76 6.86 7.27 9.99 11.75 11.38 10.87 9.11 6.20 6.79 7.26 7.87 5.84 5.79 7.00 6.32 4.88 5.98 8.34
5.56 5.63 5.71 5.78 5.88 5.91 6.03 6.76 7.22 5.85 6.32 5.66 7.85 7.08 6.24 6.85 7.10 6.63 7.66 8.50 7.45 4.48 3.00 4.66 6.59 5.71 6.00 6.47 7.50 8.24 8.53 7.92 8.75 8.28 7.18 6.55 6.68 8.57 10.59 10.67 9.04 5.58 4.50 8.76 12.34 12.15 11.47 11.91 13.07 13.17 11.60 10.24 9.89 9.53 9.51 10.29 10.93 11.73 12.19 12.36 13.23 13.45 13.89 11.32 9.20 7.62 8.94 11.48 10.85 11.10 10.36 8.50 6.93 7.62 8.03 7.19 7.06 7.63 5.80 3.04 4.14 7.21
5.40 5.47 5.58 5.69 5.75 5.79 5.90 6.01 6.54 6.13 6.61 8.02 5.12 6.33 6.48 6.91 6.64 7.37 8.79 7.81 5.83 3.78 2.84 6.42 7.32 5.45 7.87 6.40 7.27 8.87 8.61 6.29 8.53 8.25 7.20 6.98 7.78 7.83 10.88 11.63 10.13 6.12 4.15 7.40 11.95 12.07 11.26 11.58 12.43 13.08 12.46 10.81 9.65 9.76 10.24 10.76 10.98 11.31 12.06 12.43 12.79 13.24 13.58 13.17 11.16 8.98 8.70 9.91 10.54 10.87 10.53 10.37 7.00 6.48 7.28 7.65 8.12 8.54 6.94 4.30 4.48 6.02
5.24 5.31 5.49 5.59 5.62 5.68 5.79 5.89 5.97 6.18 6.71 7.92 4.40 6.29 6.71 6.26 6.54 8.20 8.38 7.77 5.12 3.35 3.42 5.81 7.21 5.87 7.80 6.15 8.19 7.58 8.35 6.40 8.81 8.26 8.16 8.94 9.56 9.79 7.94 9.68 10.31 6.75 4.57 6.73 11.05 11.67 10.92 11.36 12.09 12.83 12.82 11.28 9.47 9.36 10.38 11.05 11.18 11.22 11.78 12.26 12.55 12.79 13.01 12.90 11.39 9.90 8.99 9.79 10.16 11.82 12.93 12.09 9.50 7.35 6.99 7.60 9.78 9.71 7.55 6.08 5.22 4.78
5.08 5.21 5.41 5.44 5.49 5.59 6.35 5.77 5.91 6.15 6.57 7.41 4.16 6.77 6.97 6.19 6.74 8.38 7.99 6.22 4.62 3.72 4.59 6.33 6.22 7.34 7.76 8.01 8.04 8.10 5.70 6.26 8.73 8.37 8.08 7.29 9.62 9.87 8.67 11.77 10.37 7.26 5.41 6.88 10.15 11.00 10.47 10.98 11.87 12.60 12.77 11.77 10.41 9.40 10.20 10.97 11.18 11.21 11.63 12.07 12.32 12.55 12.57 12.32 11.04 10.52 9.90 9.60 9.40 9.93 13.23 14.05 13.45 10.60 8.80 8.51 9.27 9.09 7.19 5.75 5.07 4.07
4.95 5.11 5.28 5.28 5.36 5.47 6.34 5.67 5.80 6.04 6.45 6.94 4.13 5.08 6.85 5.80 6.88 8.32 7.40 4.89 4.25 4.85 5.80 6.26 6.83 7.16 7.68 8.00 8.00 8.02 8.41 7.02 8.17 8.57 8.13 8.68 9.61 9.99 8.18 11.35 10.64 8.68 7.01 7.49 9.56 10.42 10.10 10.51 11.46 12.17 12.35 11.87 11.25 10.45 10.30 10.93 11.19 11.25 11.56 11.95 12.05 12.17 12.28 11.59 11.40 11.28 10.67 9.82 9.09 9.20 11.86 14.06 14.39 12.81 11.75 11.17 11.56 10.07 7.66 5.78 5.57 5.21
4.84 4.99 5.14 5.15 5.26 5.36 5.44 5.56 5.65 5.91 6.40 6.49 3.99 5.01 7.04 5.42 6.84 8.65 7.48 4.21 3.87 5.66 6.47 6.55 6.76 7.15 7.60 7.86 6.89 6.18 6.07 7.18 7.75 8.74 8.37 8.58 9.48 9.94 10.37 10.79 10.44 9.53 8.56 8.41 9.45 10.10 10.01 10.30 11.05 11.63 11.82 11.61 10.89 10.95 10.42 10.87 11.16 11.26 11.47 11.86 11.99 11.71 11.92 11.19 11.07 11.37 11.54 10.59 8.96 8.00 9.69 12.42 15.11 14.55 11.71 11.82 11.88 11.66 9.40 7.20 7.60 7.98
4.70 4.87 5.01 5.04 5.15 5.24 5.33 5.45 5.52 5.76 5.07 6.51 4.12 7.24 7.07 6.60 7.07 7.06 6.34 4.76 4.40 5.75 6.41 6.58 6.79 7.28 5.38 6.08 5.99 5.94 7.06 7.88 8.19 8.76 8.60 8.67 9.31 9.75 9.97 10.25 10.08 9.71 9.41 9.19 8.13 10.04 10.13 10.40 10.89 11.28 11.44 11.37 10.91 11.63 10.40 10.70 10.96 11.14 11.34 11.74 11.96 11.80 11.51 11.66 11.02 11.88 11.83 11.26 8.79 7.34 8.28 11.44 13.48 13.74 13.02 12.20 12.35 12.18 9.82 8.02 8.18 8.53
4.55 4.75 4.91 4.91 5.04 5.10 5.19 5.36 5.42 5.59 5.35 6.36 5.92 6.75 7.00 6.41 6.75 7.24 6.18 5.44 5.17 5.74 6.39 6.56 6.85 7.36 6.96 6.20 5.35 5.96 8.42 8.25 8.49 8.67 8.68 8.79 7.12 9.54 6.83 6.75 9.80 9.62 6.98 9.74 9.59 9.93 10.20 10.42 10.81 11.11 11.23 11.22 10.99 12.47 12.26 10.62 10.78 10.88 11.12 11.54 11.83 11.80 11.85 11.73 11.20 12.07 12.39 11.43 8.93 7.08 7.36 10.10 12.22 13.00 12.10 12.70 12.91 12.98 11.03 8.03 7.42 7.68
4.37 4.64 4.83 4.79 4.92 4.98 5.08 5.31 5.37 5.46 5.55 6.17 5.24 6.49 5.83 6.47 5.99 6.50 6.16 5.79 5.64 5.90 4.86 6.53 6.85 4.74 6.58 6.04 6.26 7.01 8.32 8.24 8.34 8.56 8.70 6.33 9.06 9.31 9.74 9.90 9.48 9.31 9.85 10.14 9.79 9.93 10.27 10.42 10.77 11.02 11.08 11.05 10.96 12.36 12.27 11.72 10.79 11.56 10.95 11.35 11.72 11.85 12.29 11.99 11.83 12.00 12.83 11.99 10.32 8.15 7.50 8.90 11.33 12.39 12.07 12.73 13.44 12.86 12.69 9.46 7.57 7.43
4.21 4.54 4.74 6.78 4.80 4.90 4.98 5.23 5.34 5.40 5.44 5.42 6.12 5.60 5.69 5.85 5.82 6.08 6.19 5.96 5.88 6.06 6.38 4.60 6.85 4.32 6.08 6.81 7.68 7.15 7.37 8.48 7.21 6.15 6.10 8.88 9.02 9.16 9.80 10.07 9.38 9.10 9.62 10.16 10.13 10.16 10.34 10.40 10.67 10.95 11.00 10.94 10.89 10.75 12.63 12.37 12.51 12.71 11.89 11.21 11.59 11.83 12.33 12.71 11.49 13.08 12.61 13.01 11.70 10.12 9.17 9.19 10.88 11.98 11.73 11.62 11.85 13.30 12.69 9.24 7.40 7.01
4.09 4.37 4.56 4.52 4.74 4.85 4.91 5.14 5.32 5.38 5.41 5.42 5.56 6.78 5.64 6.40 5.92 6.18 6.20 6.06 6.02 6.19 6.42 6.60 6.93 7.27 6.36 7.66 7.49 7.77 8.15 7.28 6.01 5.74 8.70 8.84 8.93 9.03 9.70 6.89 9.51 9.26 9.63 10.05 10.34 10.49 10.55 10.50 10.62 10.89 10.92 10.81 10.77 10.71 13.10 12.49 12.64 12.85 12.97 12.34 11.47 11.75 13.07 13.57 11.79 13.01 13.16 13.13 12.51 11.51 10.89 10.82 9.71 10.72 11.13 12.61 13.18 13.48 12.91 9.10 7.10 7.06
3.98 4.09 4.31 4.55 4.74 4.79 4.89 5.04 5.24 5.37 5.39 5.41 5.55 6.45 6.67 6.58 5.88 6.10 6.91 6.11 6.14 4.65 6.48 6.67 7.02 4.58 6.95 7.45 6.09 4.64 8.00 5.73 8.26 8.43 8.67 8.81 8.77 8.94 6.05 9.73 9.26 9.20 9.65 10.04 10.48 10.82 10.89 10.77 10.76 10.96 11.00 10.84 10.74 10.66 10.59 10.57 10.52 10.52 10.66 10.93 13.08 12.68 13.34 13.16 13.28 12.52 11.76 12.78 12.64 12.06 11.66 11.47 11.81 11.90 11.48 10.99 12.97 13.55 11.80 10.92 8.43 7.74
3.88 3.73 4.06 4.66 4.73 4.73 4.93 5.01 5.10 5.32 5.37 5.42 5.54 6.07 5.58 5.63 5.82 5.54 6.09 6.12 6.24 6.45 6.57 6.74 7.01 6.72 7.27 5.95 7.48 7.73 7.91 8.10 8.29 8.41 8.66 8.82 8.74 8.91 9.49 9.52 8.85 8.83 9.45 10.11 10.70 11.05 11.12 11.03 10.98 11.09 11.13 10.98 10.84 10.75 10.72 10.68 10.57 10.51 10.62 10.82 11.06 13.12 12.81 12.95 13.28 11.71 11.47 11.41 11.42 11.34 11.26 11.38 11.59 12.43 12.19 11.44 12.66 13.25 13.46 11.80 10.15 8.89
3.63 3.50 4.00 4.75 4.76 4.83 4.88 4.87 5.05 5.23 5.31 5.44 5.55 6.33 5.57 5.60 5.79 6.14 5.97 6.07 6.35 6.54 6.66 6.80 6.97 7.13 6.53 7.26 7.43 7.64 7.83 4.77 8.30 8.49 5.05 5.60 5.19 5.34 5.68 6.23 8.54 8.47 9.35 10.27 10.96 11.30 11.30 11.21 11.14 11.15 11.09 10.95 10.91 10.94 10.91 10.77 10.64 10.58 10.67 10.80 10.93 11.18 11.53 11.73 13.71 11.62 11.38 11.19 11.20 11.32 11.48 11.76 11.90 12.44 12.35 12.21 11.15 12.69 12.98 10.69 10.67 9.02
3.30 3.54 4.10 4.50 4.72 4.90 4.86 4.83 4.94 5.11 5.18 5.47 5.57 5.51 5.55 5.58 5.67 5.81 5.83 5.98 6.36 6.62 6.72 6.81 6.36 6.34 7.13 7.26 6.08 5.38 7.79 7.99 8.22 5.06 5.55 5.53 5.50 5.30 6.01 5.93 7.83 6.86 8.44 10.31 11.14 11.41 11.37 11.27 11.34 11.37 11.02 10.72 10.79 10.95 10.96 10.80 10.69 10.66 10.75 10.85 10.91 11.12 11.45 11.63 11.59 11.47 11.32 10.97 10.68 10.96 12.31 12.50 12.66 12.09 12.77 12.67 12.04 12.22 12.26 12.05 10.58 8.93
3.39 3.82 4.00 3.99 4.71 4.90 4.78 4.93 4.99 4.95 5.19 5.47 5.56 6.47 5.57 5.55 5.64 5.76 5.75 5.93 6.19 4.83 6.74 6.80 7.01 7.11 7.18 7.23 6.79 5.10 4.21 8.01 8.17 8.48 5.49 5.71 5.62 9.23 9.74 9.82 7.76 4.68 5.84 9.32 11.13 11.36 11.23 11.20 11.45 11.71 11.19 10.58 10.65 10.93 10.90 10.73 10.74 10.82 10.90 10.93 10.93 11.10 11.43 11.65 11.57 11.37 11.31 10.96 10.05 10.78 11.19 12.45 13.05 13.22 13.12 12.09 12.13 12.41 11.90 11.83 10.58 9.52
3.66 4.02 3.64 3.47 4.62 4.79 4.77 4.86 4.95 4.85 5.06 5.41 5.46 5.52 5.58 5.59 5.64 5.72 5.74 5.91 6.06 6.34 6.67 6.77 7.03 7.10 7.19 6.64 6.83 7.40 7.72 4.43 4.92 5.56 6.07 5.80 9.02 9.70 10.41 10.67 8.77 5.22 4.80 7.86 10.76 11.25 11.03 11.08 11.45 11.89 11.38 10.56 10.47 10.77 10.68 12.41 12.56 12.78 11.14 11.08 11.00 11.10 11.42 11.71 13.48 13.27 13.07 11.27 10.05 8.90 9.92 12.31 13.58 13.91 12.32 12.31 14.04 13.56 12.11 10.79 11.62 10.96
3.73 4.03 3.77 3.33 4.22 4.88 4.69 4.87 4.99 4.84 5.25 5.33 5.37 5.46 5.54 5.59 5.70 5.70 6.70 5.93 6.05 6.12 6.53 6.81 6.99 7.04 4.97 6.11 5.05 7.43 7.65 7.92 5.24 5.60 5.85 5.31 5.25 5.77 6.66 8.16 9.74 7.25 5.94 5.37 6.08 10.81 6.26 7.52 11.45 11.97 11.59 10.69 10.36 10.40 12.98 12.21 12.80 13.69 13.23 11.18 11.02 11.14 11.43 11.69 11.71 11.52 11.53 11.71 10.87 9.26 9.19 10.85 12.03 12.03 13.77 12.59 12.58 12.33 13.19 12.19 11.68 10.91
3.79 3.90 3.99 3.46 3.79 4.87 4.78 4.63 4.90 5.09 5.31 5.26 5.31 5.47 5.50 5.56 5.68 5.68 5.78 5.90 6.07 6.29 6.50 6.83 6.91 6.96 5.07 5.69 4.54 7.50 4.71 5.15 5.14 5.26 5.83 5.53 5.15 6.05 7.54 8.80 8.89 8.10 7.01 7.59 5.85 6.62 6.85 10.62 8.20 8.89 11.79 11.07 10.71 10.12 11.18 10.99 11.92 13.14 11.31 11.08 10.87 11.20 11.72 11.93 11.86 11.65 11.67 11.96 11.66 10.44 9.88 10.96 12.10 11.54 12.46 12.12 13.73 13.39 12.65 11.66 11.80 11.39
3.66 3.80 3.99 3.77 3.82 4.53 4.62 4.33 4.82 5.33 5.24 5.29 5.39 5.42 5.43 5.59 5.64 5.71 5.70 5.80 6.11 6.38 6.54 6.73 5.24 6.95 5.00 5.81 4.52 4.84 5.93 5.35 5.06 5.26 5.37 6.59 6.24 6.00 6.55 6.77 6.35 5.62 4.53 5.15 6.59 9.99 10.07 10.42 8.15 8.14 7.02 8.89 11.48 10.38 8.13 8.98 10.94 10.67 11.16 10.73 11.75 12.60 12.04 12.37 12.07 11.68 11.63 11.89 13.40 12.11 10.97 12.65 12.65 12.57 10.41 11.16 12.09 13.13 12.65 11.83 12.00 11.59
3.53 3.80 4.04 4.11 4.19 4.39 4.26 3.81 4.47 5.29 5.40 5.38 5.44 5.33 5.55 5.67 5.63 5.73 5.65 5.78 5.77 6.46 6.59 6.64 5.04 6.94 7.13 6.93 4.59 4.94 5.92 4.78 5.01 5.21 5.56 6.86 5.90 9.17 9.55 6.59 6.13 5.70 5.23 6.06 9.57 7.68 10.13 10.47 8.61 9.45 11.65 11.48 12.28 11.42 7.93 5.18 6.70 9.86 10.83 10.04 10.64 11.63 13.90 14.70 14.58 13.38 13.29 12.60 12.17 11.76 11.54 13.46 15.16 12.54 10.70 10.67 11.55 11.85 11.81 11.68 12.81 11.94
3.38 3.70 4.19 4.33 4.45 4.62 4.09 3.43 4.00 5.35 5.71 5.52 5.32 5.40 5.62 5.63 5.66 5.71 5.66 5.67 5.84 6.33 6.65 6.00 6.60 6.87 5.02 6.76 4.72 4.77 5.00 5.00 5.42 5.47 5.82 6.12 5.03 9.13 9.26 5.35 9.30 6.10 5.27 9.46 6.44 6.96 7.33 8.14 11.15 9.82 11.83 11.88 12.93 13.00 9.72 4.16 3.53 7.90 10.26 9.08 8.63 9.02 13.75 14.40 13.47 12.41 11.79 11.83 10.97 10.43 11.05 13.66 15.56 14.85 11.98 11.18 13.46 13.90 11.79 11.78 11.71 11.59
3.39 3.60 4.16 4.24 4.68 4.80 4.19 3.65 3.77 4.80 5.36 5.44 5.23 5.39 5.56 5.54 5.70 5.70 5.71 5.73 5.81 6.20 6.42 4.87 6.58 6.77 5.14 5.71 4.17 4.39 4.38 5.82 5.94 5.51 5.60 4.64 8.67 9.11 9.10 5.99 5.91 5.33 5.82 6.14 6.29 6.71 10.30 10.62 7.62 7.18 7.47 8.08 10.68 12.86 12.03 5.86 2.30 5.63 9.37 10.23 6.67 7.83 12.43 14.76 10.93 10.95 10.89 11.09 9.67 9.30 9.99 13.33 15.56 15.41 14.15 11.93 11.69 11.69 11.70 12.78 12.87 11.72
3.78 3.47 3.72 4.21 4.68 4.86 4.39 4.35 4.00 3.96 5.12 5.39 5.23 5.39 5.42 5.55 5.68 5.64 5.73 5.78 5.87 6.25 6.54 6.48 6.59 6.68 4.86 4.49 4.32 4.99 5.11 6.40 6.16 5.05 4.63 8.16 8.48 5.39 7.30 7.77 5.01 5.67 6.04 6.29 6.69 10.17 7.19 7.06 7.33 6.79 7.00 7.62 8.68 9.34 13.28 8.72 4.55 5.01 9.91 8.94 5.99 7.10 12.69 12.89 12.98 7.84 7.39 8.44 8.76 8.50 8.94 11.47 14.61 15.15 14.42 13.64 13.09 12.92 12.82 12.57 12.32 11.59
4.34 3.61 3.20 4.17 4.61 4.67 4.57 5.11 4.42 3.27 4.48 5.33 5.16 5.34 5.39 5.54 5.62 5.62 5.67 5.71 5.85 6.04 6.40 5.00 6.62 4.97 4.91 4.31 5.42 5.71 5.60 6.20 5.53 4.30 8.04 8.08 8.30 5.16 7.56 6.21 4.87 5.58 5.52 5.99 6.65 7.25 10.46 10.66 11.06 11.54 11.88 7.80 8.28 10.02 13.55 11.44 8.45 7.40 8.09 6.42 5.59 6.65 12.80 13.59 13.68 7.65 6.26 7.09 7.74 7.91 8.36 10.04 12.94 13.74 13.49 13.39 13.19 13.06 11.56 12.62 12.54 11.53
4.29 4.10 3.54 3.71 4.31 4.40 4.47 5.58 4.62 2.77 4.01 5.33 5.39 5.26 5.38 5.54 5.63 5.42 5.64 5.59 5.79 6.18 5.20 6.38 6.51 4.82 5.37 4.57 5.96 5.61 5.26 5.01 4.08 7.70 7.92 8.06 4.28 6.22 6.47 4.58 4.79 5.01 5.70 5.83 6.14 6.61 7.60 10.92 9.43 11.56 10.20 10.64 10.96 12.12 13.59 10.83 10.08 7.99 5.69 5.08 4.88 6.18 12.80 13.87 14.78 8.61 6.84 6.84 7.28 7.90 8.81 11.52 12.17 13.21 13.51 13.58 13.43 11.69 11.48 11.49 11.67 11.62
