examples/cougarCreek-fire/createInputs/farsite/7a-cougarCreek-polygonIgnit/cougarCreekFire_08-12-2015_0100_217m_non_neutral_stability_vel.asc
ncols	146
nrows	140
xllcorner	610065.000000
yllcorner	5095217.000000
cellsize	216.586807
NODATA_value	-9999.000000
[rows 105 to 139 of 140, columns 0 to 77 of 146]
8.73 9.14 9.53 9.63 9.56 9.76 10.29 9.69 9.45 10.24 10.46 10.51 10.52 10.17 10.47 10.59 10.47 10.65 10.23 11.20 10.07 10.87 10.98 10.94 9.78 10.88 11.07 12.08 8.65 9.12 10.34 8.54 8.64 8.86 9.08 10.70 8.94 11.67 11.96 7.72 7.57 8.36 7.05 7.69 12.42 8.94 12.44 12.64 9.54 10.32 13.80 14.02 14.58 14.85 14.03 15.29 12.26 12.98 13.52 13.62 16.27 15.96 16.32 17.01 18.31 18.07 17.80 16.56 16.79 16.36 16.22 16.30 16.44 12.93 12.72 12.49 12.43 12.52
8.42 8.93 9.71 9.84 9.81 10.07 10.32 9.52 9.07 10.03 10.74 10.68 10.25 10.28 10.60 10.49 10.45 10.57 10.21 9.98 10.12 10.76 11.09 11.24 10.55 10.76 9.53 11.82 8.91 8.84 8.90 8.74 9.33 9.21 9.54 9.69 7.07 11.75 11.88 7.37 11.82 8.77 7.04 12.08 7.80 8.06 8.22 9.05 13.05 10.49 13.57 13.82 14.58 15.41 14.79 14.27 11.82 12.83 13.43 13.55 16.40 16.17 17.87 17.15 17.26 17.11 16.77 17.29 16.46 16.22 16.18 16.13 16.24 16.22 12.90 12.73 16.61 16.59
8.50 8.76 9.63 9.76 9.97 10.33 10.44 9.59 8.78 9.45 10.31 10.54 10.13 10.36 10.47 10.36 10.50 10.46 10.22 10.07 10.05 10.60 10.82 9.65 8.75 10.66 9.71 10.33 7.96 8.20 7.88 10.08 10.09 9.25 9.20 7.18 11.37 11.86 11.85 9.22 8.54 7.33 7.22 7.43 7.54 7.75 12.40 12.53 8.25 7.42 7.60 8.05 11.05 13.92 17.61 14.55 14.43 12.72 13.35 16.66 16.69 16.87 16.49 17.05 13.31 16.95 17.60 17.42 16.38 16.36 16.19 16.11 16.27 16.31 16.22 12.91 12.75 12.64
9.19 8.78 9.12 9.81 10.04 10.54 10.74 9.95 8.87 8.65 9.77 10.30 10.29 10.41 10.29 10.34 10.43 10.23 10.20 10.21 10.09 10.61 10.91 10.62 10.54 8.17 9.16 8.58 8.16 9.19 9.12 10.82 10.31 8.46 6.99 11.02 11.26 7.27 10.93 11.37 7.16 7.04 7.26 7.40 7.70 12.34 7.96 7.71 7.91 6.93 7.08 7.29 8.20 8.70 18.49 17.70 15.58 12.89 16.25 16.72 17.14 15.96 16.63 13.21 16.86 16.84 16.53 16.39 16.40 16.38 16.72 16.03 16.14 16.22 16.37 16.28 15.96 15.73
10.29 9.10 8.55 9.72 10.08 10.41 10.93 10.51 8.99 7.67 9.42 10.70 10.40 10.38 10.24 10.34 10.30 10.21 10.15 10.08 9.73 10.30 10.66 9.80 8.51 9.52 9.31 8.30 9.82 10.18 9.87 10.47 9.37 7.21 11.02 11.00 11.21 8.41 11.32 9.42 6.58 6.92 6.66 7.08 7.50 7.95 12.38 12.41 12.65 12.86 12.88 7.21 7.58 9.53 15.01 18.37 16.93 16.23 16.45 16.69 16.83 15.99 16.14 13.27 16.90 16.71 16.12 16.50 16.24 16.19 15.88 16.06 15.80 15.30 15.31 15.90 16.00 15.90
10.76 9.92 8.53 9.06 9.84 10.26 10.60 11.27 9.32 6.51 8.51 11.01 10.52 10.24 10.23 10.27 10.20 10.04 10.24 10.01 10.06 10.46 10.21 10.29 10.35 9.30 9.89 8.75 10.55 9.99 9.36 8.76 6.62 10.70 10.92 11.00 6.65 9.96 9.89 6.66 6.37 6.52 7.15 6.88 7.04 7.34 8.05 12.52 9.80 12.70 10.07 10.33 10.43 11.38 14.61 13.95 16.43 16.76 17.48 17.57 17.43 15.82 16.42 13.26 17.89 16.91 17.27 16.26 16.21 16.10 16.22 16.62 16.19 15.92 15.83 16.24 16.15 12.94
10.37 10.40 9.19 8.80 9.57 10.20 10.61 11.66 9.75 5.92 7.87 10.99 10.55 10.21 10.17 10.06 9.72 10.47 10.48 10.01 9.77 10.10 10.07 9.99 10.15 10.44 10.49 10.44 9.85 8.81 10.43 10.43 10.57 10.66 10.81 10.99 9.27 10.10 7.18 6.17 11.30 6.98 6.34 6.45 6.56 6.69 7.42 8.26 9.36 12.61 10.01 10.71 11.17 12.92 14.53 15.92 17.09 18.45 17.71 17.46 17.05 16.85 17.51 16.61 17.15 16.80 16.91 16.76 16.76 16.31 16.63 16.77 12.98 12.71 12.76 12.91 16.23 16.13
10.13 10.10 9.87 9.22 9.25 9.99 10.30 10.85 10.32 7.29 8.01 10.39 10.46 10.19 10.13 9.82 10.04 10.62 10.73 10.12 9.67 9.97 9.99 9.75 9.92 10.18 10.37 8.67 8.61 7.72 10.30 10.45 6.91 7.08 6.91 9.17 9.90 7.87 6.59 6.32 6.09 6.15 6.26 6.39 6.42 7.04 7.29 7.65 7.11 8.24 8.35 7.89 8.05 8.32 9.08 18.72 18.17 17.91 17.83 17.29 16.88 16.72 16.65 16.25 16.34 16.05 15.67 15.91 15.95 16.22 16.28 16.02 16.08 16.27 16.41 16.23 16.05 15.94
10.13 9.94 10.39 10.14 9.49 9.76 9.89 9.85 9.75 9.11 8.33 9.73 10.34 10.20 10.05 9.78 9.54 10.24 10.77 10.50 9.60 9.78 10.04 9.65 9.76 9.98 10.17 10.17 8.21 7.79 10.27 7.99 8.41 7.22 8.10 10.26 8.52 6.78 6.67 6.45 6.31 7.03 6.21 6.86 7.70 11.88 7.33 7.33 6.32 6.36 6.72 6.34 7.16 8.77 11.85 16.05 17.96 18.01 18.25 17.39 16.72 16.45 16.35 16.13 16.13 15.98 15.82 15.65 15.72 15.80 15.67 15.42 15.21 15.20 15.70 15.78 15.37 12.98
10.48 10.30 9.85 10.02 9.92 9.92 9.88 9.50 9.44 9.22 8.43 9.51 10.16 10.01 9.86 9.84 9.72 9.99 10.45 10.33 9.90 9.77 9.99 9.62 10.17 9.94 9.97 10.01 10.16 10.21 8.86 8.60 10.39 7.64 9.59 9.38 7.13 6.50 10.87 7.23 10.97 6.49 6.88 11.75 11.86 11.96 11.86 7.14 7.53 6.82 6.38 7.01 8.41 9.93 12.57 13.65 15.63 16.77 17.64 17.17 15.96 15.82 15.97 16.02 16.02 15.88 15.79 15.83 15.85 15.89 15.82 15.87 15.75 15.43 15.30 15.08 14.52 14.18
9.89 9.85 9.85 10.04 10.28 10.07 10.24 9.90 9.48 9.26 8.58 9.40 10.08 9.84 9.88 9.74 9.90 10.01 10.13 10.19 9.84 9.71 9.77 10.07 10.21 9.92 9.93 9.93 9.94 10.13 9.89 10.00 7.18 8.29 9.79 7.97 6.60 10.74 8.09 7.39 10.78 5.67 11.44 7.08 7.02 7.08 7.15 5.84 6.61 6.78 6.87 8.16 8.96 10.65 12.76 13.18 13.51 14.26 15.67 16.45 15.42 15.04 15.39 16.11 16.22 15.83 15.67 15.74 15.99 16.15 16.08 16.13 15.87 15.41 15.04 14.83 14.67 12.85
9.53 9.74 9.95 10.21 10.68 10.23 10.03 9.66 9.64 9.87 9.19 9.36 9.35 9.43 9.72 9.96 9.84 10.14 10.12 10.15 9.85 9.57 9.61 10.21 9.83 9.94 9.88 9.90 9.86 10.10 10.03 9.83 10.13 10.43 8.14 6.51 10.45 7.74 8.53 6.78 10.70 10.84 6.41 6.86 7.13 6.85 6.61 7.10 6.61 6.79 7.18 8.57 10.37 11.69 12.89 13.45 13.03 13.57 14.17 15.41 15.54 15.25 15.15 15.93 16.35 16.25 16.15 16.08 16.07 16.01 15.90 15.90 15.46 15.11 14.68 14.59 12.85 12.97
9.29 9.53 9.97 10.38 10.43 9.99 9.57 9.52 9.81 9.71 10.08 9.69 9.14 8.72 8.84 9.42 10.16 10.37 10.04 10.05 9.87 9.38 9.49 10.29 10.20 9.98 9.73 9.84 9.94 10.16 9.91 9.69 9.87 10.19 10.24 6.89 8.49 8.71 7.69 6.34 10.63 10.73 5.69 6.06 6.96 7.18 7.21 6.42 6.65 7.52 8.60 10.82 11.92 12.07 12.68 13.42 13.41 13.63 13.85 14.75 15.37 15.11 14.96 15.44 15.77 16.05 16.35 16.38 15.84 15.27 15.41 15.67 15.34 15.04 14.82 14.71 12.84 12.91
9.22 9.34 9.87 10.08 10.38 10.27 10.15 9.30 9.53 9.64 10.37 10.71 10.36 8.39 6.98 9.15 10.44 10.31 9.94 9.98 9.86 9.32 9.43 9.79 10.34 9.93 9.62 9.83 9.96 10.07 9.78 9.46 9.76 10.05 10.28 7.91 10.36 8.34 6.52 10.55 10.57 10.63 6.36 6.73 7.57 8.80 8.35 6.87 8.62 8.87 8.92 11.67 12.26 12.09 12.67 13.22 13.89 13.86 13.28 14.63 13.22 14.77 13.05 14.72 15.05 15.28 15.77 16.37 15.87 15.16 14.86 15.67 15.55 15.40 12.72 12.73 12.80 12.86
9.20 9.28 9.68 10.24 10.39 10.76 10.01 9.37 9.20 9.42 10.15 10.68 11.53 8.89 6.04 8.08 10.59 10.10 10.14 9.90 9.62 9.35 9.44 9.83 10.13 9.72 9.71 9.81 9.89 9.87 9.58 9.45 10.14 10.06 10.15 8.59 8.64 10.05 10.21 5.86 10.60 6.03 6.54 7.38 8.56 8.62 7.94 8.17 9.00 9.34 9.82 11.56 12.72 12.82 12.97 13.11 13.18 12.99 13.04 13.26 14.54 13.01 14.29 13.16 14.91 15.11 15.24 15.85 16.17 15.58 14.67 14.68 15.20 15.42 12.87 12.75 12.66 12.65
9.17 9.32 9.52 9.93 10.04 10.89 10.28 9.56 9.39 9.26 9.84 10.58 11.08 9.63 6.96 7.74 9.72 10.07 10.10 9.75 9.47 9.85 9.41 9.60 9.67 9.69 9.87 9.73 9.73 9.93 9.72 9.59 10.07 10.30 10.08 10.01 9.94 10.07 10.23 10.47 10.56 6.71 6.91 7.38 7.86 7.24 7.77 8.67 8.87 8.88 9.91 10.96 12.74 12.79 12.94 13.00 13.05 12.96 12.83 12.98 13.20 14.35 14.33 14.24 13.20 14.69 15.50 15.29 16.18 15.79 14.81 14.08 14.25 14.53 14.88 12.76 12.64 12.52
9.07 9.42 9.53 9.09 10.08 10.71 10.11 10.01 9.78 9.33 9.54 10.22 10.87 9.87 8.70 8.04 8.67 9.75 10.07 9.65 9.86 9.86 9.42 9.44 9.59 9.79 9.78 9.63 9.69 10.07 9.66 9.98 10.05 9.69 9.98 9.75 9.89 10.05 10.20 10.47 7.11 7.38 6.86 6.70 6.49 6.65 8.00 8.77 8.75 8.69 9.74 10.41 11.20 12.74 12.87 12.94 12.94 12.90 12.70 12.67 13.00 13.59 13.96 13.71 13.37 13.54 15.15 14.95 15.49 16.00 14.93 14.47 14.68 14.98 12.89 12.77 12.70 12.52
8.74 9.01 9.62 9.20 9.75 10.32 9.75 9.82 10.13 9.62 9.68 9.80 10.21 9.98 9.65 8.73 8.09 9.28 10.02 9.86 9.79 9.35 9.46 9.58 9.85 9.83 9.47 9.43 9.65 9.97 9.69 9.92 10.06 10.14 9.84 9.56 9.82 10.00 10.15 6.80 10.54 7.18 6.35 6.36 6.30 6.84 8.50 8.89 8.80 8.48 9.14 9.94 12.60 12.69 12.78 12.89 12.93 12.87 12.65 12.47 12.76 13.10 14.19 13.39 12.89 13.03 13.27 14.06 14.01 15.49 15.31 15.52 12.80 12.98 12.94 12.76 12.66 12.48
8.25 8.80 10.05 9.36 9.49 9.88 9.52 9.27 10.34 10.02 9.17 9.37 9.99 10.11 10.54 9.22 8.03 8.93 9.99 9.51 9.67 9.29 9.40 9.61 9.92 9.83 9.20 9.37 9.68 9.98 9.65 9.38 9.59 9.69 9.71 9.51 9.67 9.87 10.05 10.38 10.39 6.92 6.63 6.65 6.58 11.41 11.38 8.73 8.26 7.96 8.28 9.76 12.53 12.63 12.73 12.81 12.89 12.87 14.26 12.44 12.56 12.95 13.94 13.17 12.59 12.84 13.11 13.75 13.81 14.50 14.83 15.03 15.05 12.98 13.02 12.88 12.72 12.49
8.08 8.70 9.37 9.82 9.63 9.61 9.47 9.59 10.43 10.43 9.23 8.92 9.73 10.18 10.32 9.50 8.02 8.80 9.92 9.68 9.62 9.74 9.29 9.53 9.74 9.64 9.03 9.28 9.62 9.99 9.65 9.47 9.60 9.62 9.49 9.49 9.56 9.77 9.93 10.02 10.09 6.71 6.70 6.83 11.04 8.73 11.26 8.19 7.82 7.91 8.64 12.43 12.48 12.61 12.72 12.79 12.83 12.81 12.65 12.43 12.46 12.68 12.57 12.36 12.28 12.43 12.82 13.00 14.38 14.38 14.11 13.69 12.63 12.86 13.06 13.03 12.79 12.50
8.33 8.41 9.00 9.46 9.91 9.61 9.51 9.43 10.13 10.96 9.68 8.68 9.39 10.10 10.28 9.87 8.22 8.64 9.79 9.65 9.63 9.19 9.21 9.80 9.43 9.30 8.99 9.24 9.82 9.98 9.77 9.60 9.43 9.41 9.32 9.56 9.52 9.68 9.78 9.85 9.90 10.11 6.45 10.77 10.88 11.06 11.14 8.12 8.14 8.84 12.13 12.35 12.39 12.57 12.72 12.80 12.87 12.78 12.59 12.44 12.46 14.73 15.19 15.03 14.74 12.27 12.43 12.78 16.24 15.66 14.45 12.30 12.40 12.53 12.89 13.09 12.89 12.59
8.48 8.45 8.58 9.36 9.42 9.16 9.71 9.53 9.65 10.04 10.22 8.94 9.04 9.79 10.30 10.22 8.79 8.42 9.53 9.73 9.64 9.68 9.14 9.13 9.12 9.28 9.19 9.36 9.85 9.77 9.80 9.62 9.23 9.25 10.00 9.47 9.47 9.54 9.70 9.81 9.83 10.03 10.46 10.66 10.81 10.92 11.02 11.06 11.30 11.60 11.88 12.15 12.25 12.41 12.63 12.76 12.86 12.79 16.17 12.59 16.92 12.58 12.42 16.41 12.15 12.22 14.76 12.50 13.12 15.37 11.97 12.23 12.33 12.19 12.51 12.97 13.01 12.75
8.46 8.48 8.48 8.95 9.22 9.53 9.60 9.97 9.62 9.65 10.31 9.58 8.94 9.47 10.07 10.37 9.36 8.34 9.21 9.76 9.61 9.63 9.05 9.07 9.74 9.41 9.47 9.62 9.78 9.65 9.62 9.64 9.18 9.16 10.05 9.46 9.44 9.48 9.65 9.75 9.73 9.95 10.36 10.46 10.72 10.86 10.95 10.97 11.14 11.50 11.76 11.93 12.14 12.27 12.47 12.58 12.81 12.81 12.66 12.52 12.43 12.45 12.42 16.32 12.13 15.83 15.23 12.00 12.80 13.38 11.80 12.01 12.31 12.10 12.12 12.66 12.95 12.85
8.43 8.35 8.44 8.91 9.42 9.64 9.78 9.90 9.82 9.63 10.00 10.30 9.18 9.24 9.81 10.13 9.60 8.59 9.11 9.67 9.49 9.54 9.67 9.24 9.32 9.40 9.44 9.99 9.67 9.51 9.44 9.17 9.05 9.79 9.35 9.44 9.47 9.49 9.50 9.61 9.70 9.91 10.05 10.23 6.24 10.76 10.82 10.76 10.98 11.36 6.83 11.85 12.15 12.31 12.49 12.66 12.79 12.88 12.78 12.53 12.41 12.43 12.45 12.35 12.21 15.86 15.07 12.22 12.23 11.97 11.71 11.77 12.17 12.20 12.03 12.37 12.84 13.04
8.40 8.05 8.26 9.01 9.44 9.72 9.79 9.84 9.79 9.57 9.71 10.10 9.61 9.16 9.52 9.84 9.62 8.94 9.18 9.62 9.40 9.40 9.61 9.62 9.27 9.30 9.38 9.82 9.70 9.49 9.43 9.58 9.66 9.78 10.05 9.44 9.37 9.34 9.38 9.51 9.70 9.86 10.04 10.27 10.47 10.64 10.68 6.44 10.91 11.21 7.66 11.86 12.06 12.32 12.54 12.72 12.86 12.98 12.87 12.58 12.37 12.32 12.50 12.56 12.57 15.79 15.42 15.62 12.50 12.21 11.99 11.98 12.14 12.27 12.17 12.21 12.57 12.97
8.34 7.55 7.80 9.08 9.62 9.93 9.99 9.96 9.82 9.63 9.58 9.91 9.87 9.29 9.30 9.55 9.52 9.18 9.28 9.65 9.41 9.24 9.48 9.55 9.49 9.50 9.56 9.63 9.60 9.51 9.50 9.59 9.62 9.72 9.42 9.46 9.27 9.28 9.33 9.45 9.67 9.84 10.00 10.22 10.43 10.59 10.50 10.68 10.93 11.23 11.43 7.60 8.26 12.23 12.49 12.74 12.98 13.13 13.04 12.73 12.30 12.11 12.40 16.72 16.42 15.93 15.78 12.62 12.61 12.42 12.10 11.97 12.09 12.23 12.27 12.16 12.31 12.65
8.58 7.08 7.35 9.16 9.86 10.14 10.21 10.14 9.99 9.80 9.64 9.72 9.82 9.48 9.34 9.42 9.39 9.28 9.43 9.72 9.52 9.21 9.32 9.47 9.50 9.51 9.47 9.53 9.52 9.50 9.56 9.66 9.63 9.70 9.29 9.46 9.29 9.28 9.30 9.40 9.64 9.79 10.13 10.34 10.53 10.55 10.48 10.60 6.60 7.05 7.16 7.26 7.65 8.67 12.49 12.71 13.03 13.26 13.29 13.12 15.71 15.61 15.85 16.11 15.87 15.40 15.28 12.64 12.63 12.58 12.25 12.10 12.19 12.29 12.41 12.28 12.24 12.49
9.05 6.84 6.43 8.73 9.98 10.46 10.43 10.28 10.15 9.96 9.80 9.72 9.71 9.58 9.46 9.45 9.38 9.30 9.53 9.80 9.68 9.39 9.26 9.32 9.52 9.59 9.46 9.46 9.53 9.55 9.60 9.73 9.73 9.79 9.34 10.15 10.05 9.48 9.28 10.05 10.27 10.43 10.03 10.25 10.48 10.62 10.43 10.57 10.87 11.17 11.34 11.60 11.85 7.64 8.27 9.17 10.25 13.29 13.40 17.92 16.02 15.09 15.51 15.05 14.74 12.49 12.57 12.65 12.59 12.60 12.42 12.33 12.38 12.52 12.64 12.52 12.02 12.21
11.51 7.76 5.15 7.07 9.68 10.83 10.64 10.41 10.22 10.06 9.90 9.78 9.70 9.62 9.54 9.49 9.45 9.33 9.47 9.81 9.82 9.59 9.30 9.18 9.49 9.62 9.47 9.41 9.49 9.60 9.64 9.74 9.85 9.98 10.17 10.24 10.13 9.97 9.45 10.01 10.23 9.84 9.94 10.27 10.43 10.50 10.38 10.52 10.78 10.97 11.18 11.53 11.82 12.11 7.84 8.00 8.46 8.73 13.40 13.43 15.25 15.39 15.88 15.63 14.99 12.35 12.50 12.75 12.67 12.53 12.42 12.27 12.27 12.45 12.62 12.60 12.59 12.22
13.41 8.04 3.17 5.50 9.22 10.94 10.91 10.61 10.21 9.97 9.87 9.83 9.74 9.65 9.59 9.54 9.51 9.41 9.38 9.72 9.97 9.77 9.36 9.12 9.41 9.59 9.50 9.43 9.47 9.56 9.58 9.70 10.00 10.27 10.05 10.10 10.27 9.98 9.88 9.64 9.71 9.78 9.93 10.20 10.38 10.42 10.37 10.51 10.70 10.85 11.15 11.55 11.78 7.20 7.06 12.39 12.78 13.24 13.39 13.31 13.04 15.26 15.56 15.74 15.48 14.91 12.35 12.66 12.87 12.72 12.57 12.37 12.19 12.27 12.47 12.47 12.42 12.19
14.08 9.53 4.77 5.66 8.70 10.75 11.40 10.96 10.18 9.65 9.67 9.79 9.75 9.68 9.63 9.59 9.57 9.51 9.39 9.56 10.01 9.97 9.50 9.17 9.32 9.51 9.48 9.45 9.45 9.51 9.52 9.62 9.61 10.09 9.51 9.90 10.47 10.03 9.76 9.99 9.71 9.81 9.94 10.11 10.35 10.42 10.45 10.51 10.69 10.76 11.01 11.66 8.73 7.27 11.88 12.24 12.60 13.06 13.34 13.21 12.95 12.88 12.98 12.99 15.52 15.36 12.46 12.55 12.77 12.84 12.79 12.63 12.53 12.53 12.50 12.05 12.03 12.06
12.26 10.38 6.81 6.09 7.68 10.52 11.84 11.62 10.18 9.37 9.45 9.68 9.71 9.69 9.65 9.63 9.60 9.59 9.47 9.46 9.81 10.02 9.71 9.31 9.35 9.47 9.44 9.43 9.37 9.43 9.47 9.64 9.63 9.98 10.10 10.15 10.43 10.15 9.74 9.95 10.27 9.87 9.97 10.13 10.67 10.75 10.82 10.44 10.57 10.69 10.69 11.66 12.61 11.88 11.43 11.99 12.42 12.77 13.12 13.13 12.91 12.87 13.01 13.06 13.09 12.94 12.68 12.65 12.71 12.88 12.96 12.74 12.72 12.82 12.74 12.02 11.98 11.99
10.90 11.05 9.51 5.89 6.23 10.34 11.59 11.73 9.98 9.40 9.40 9.54 9.64 9.67 9.65 9.66 9.62 9.63 9.58 9.53 9.57 9.84 9.79 9.49 9.48 9.52 9.46 9.41 9.31 9.31 9.47 8.86 9.57 10.62 10.09 10.05 10.37 10.19 9.87 10.01 10.30 9.90 10.06 10.63 10.59 10.67 10.36 10.39 10.50 10.56 10.59 11.42 8.79 12.33 11.23 11.70 12.30 12.49 12.84 12.95 12.84 12.87 12.95 13.07 13.12 12.96 12.77 12.75 12.74 12.66 12.91 12.72 12.42 12.55 12.84 12.15 12.04 12.00
10.28 11.47 10.77 6.42 6.28 10.16 11.46 10.68 9.83 9.54 9.54 9.48 9.60 9.64 9.64 9.66 9.63 9.64 9.65 9.62 9.57 9.68 9.71 9.61 9.60 9.59 9.55 9.47 9.36 9.31 9.47 9.65 9.99 10.37 10.10 10.03 10.18 10.08 9.97 10.05 10.27 9.82 9.99 10.62 10.56 10.56 10.19 10.34 10.49 10.58 10.65 11.02 12.27 12.51 11.52 11.62 12.18 12.32 12.61 12.83 12.88 12.93 13.10 13.28 13.40 13.28 13.17 13.12 12.82 12.79 12.77 12.63 12.49 12.60 12.60 12.34 12.24 12.20
10.13 11.27 12.32 8.61 7.17 10.11 10.80 10.33 9.78 9.66 9.69 9.54 9.61 9.64 9.66 9.68 9.66 9.66 9.69 9.69 9.64 9.67 9.70 9.67 9.66 9.65 9.62 9.54 9.44 9.35 9.44 9.58 9.75 10.15 10.11 10.06 10.15 10.06 10.00 10.05 10.23 9.76 9.96 10.01 10.56 10.49 10.18 10.31 10.47 10.59 10.63 10.98 11.71 12.37 11.80 11.68 12.08 12.24 12.51 12.79 13.09 13.04 13.14 13.32 13.78 13.72 13.30 13.20 13.09 12.95 12.83 12.72 12.56 12.59 12.65 12.49 12.39 12.37
