examples/cougarCreek-fire/createInputs/farsite/7a-cougarCreek-polygonIgnit/cougarCreekFire_08-12-2015_2300_217m_non_neutral_stability_vel.asc
ncols	146
nrows	140
xllcorner	610065.000000
yllcorner	5095217.000000
cellsize	216.586807
NODATA_value	-9999.000000
[rows 105 to 139 of 140, columns 0 to 78 of 146]
14.18 14.32 14.57 14.75 14.59 14.70 15.29 14.81 14.35 15.31 15.59 15.86 15.39 15.27 15.70 15.42 15.26 15.18 15.13 11.95 14.90 15.29 15.86 15.81 15.66 15.55 15.76 12.86 17.10 16.97 15.38 17.39 17.45 17.25 17.08 15.03 16.75 15.12 15.33 19.79 19.66 18.16 19.26 19.57 14.79 19.63 14.76 14.81 19.93 19.80 15.24 15.26 15.68 16.19 16.22 12.38 14.67 14.87 15.26 15.51 11.94 11.18 10.96 10.18 8.22 8.38 8.19 9.34 8.06 9.06 8.98 8.76 8.90 14.28 13.92 13.58 13.42 13.36 13.28
13.93 14.19 14.79 14.98 14.84 15.06 15.53 14.95 14.41 15.00 15.61 15.71 14.97 15.45 15.55 15.28 15.39 15.07 15.05 14.73 14.64 15.24 15.85 13.99 15.40 15.61 16.46 13.01 16.58 17.02 16.97 17.19 16.48 16.64 16.29 15.80 18.98 15.21 15.49 19.33 15.22 17.35 19.28 14.76 19.77 19.94 19.91 19.46 15.02 19.67 15.11 15.11 15.45 16.35 16.81 13.45 14.52 14.88 15.27 15.54 11.70 10.27 7.90 9.08 9.08 9.23 9.20 7.99 8.97 8.96 8.69 8.88 9.01 9.14 13.94 13.67 7.96 7.88 13.32
14.19 14.34 14.89 15.40 15.16 15.37 15.60 15.24 14.60 14.94 15.73 15.35 15.06 15.52 15.30 15.26 15.46 14.91 14.97 14.72 14.62 15.19 15.89 15.90 16.47 15.63 15.95 14.70 17.60 17.53 18.06 15.54 15.26 16.28 16.25 18.23 14.92 15.47 15.72 16.84 17.25 18.79 19.46 19.68 19.80 19.98 14.90 14.95 20.29 21.46 21.12 21.49 20.19 19.96 15.87 13.11 12.42 14.84 15.32 12.62 10.61 8.61 9.34 10.17 15.04 10.20 8.43 8.24 9.33 9.03 8.74 8.68 8.70 8.90 8.96 13.73 13.60 13.33 13.29
14.79 14.54 14.66 15.37 15.25 14.99 15.09 15.49 14.91 14.55 15.30 15.31 15.36 15.36 15.26 15.38 15.41 15.10 14.99 14.48 14.71 15.34 15.82 15.68 15.51 17.25 16.19 16.71 17.38 16.26 16.44 14.32 14.61 16.80 18.58 15.04 15.22 20.10 15.20 13.39 18.47 19.43 19.65 19.76 19.91 15.00 20.13 20.16 20.36 21.74 21.08 21.04 22.25 23.90 11.88 9.39 11.79 14.93 13.15 11.61 9.12 9.43 9.50 14.81 11.91 10.28 9.25 8.97 8.82 8.77 7.88 8.65 8.58 8.85 8.79 8.76 8.83 8.76 9.11
15.35 14.90 14.55 15.07 15.34 15.03 14.97 15.62 14.99 13.99 14.76 15.44 15.43 15.24 15.32 15.24 15.16 14.95 14.95 14.86 15.18 15.87 16.03 15.05 16.56 15.55 15.62 16.97 15.34 14.77 15.21 14.31 15.42 18.01 15.25 15.27 15.49 18.25 14.00 15.56 19.14 19.55 20.02 19.81 19.99 20.19 15.03 15.00 15.12 15.19 14.99 21.35 22.10 22.33 16.53 8.93 11.83 13.05 12.24 11.38 9.59 9.61 10.72 14.80 12.63 10.62 9.65 8.75 8.79 8.60 8.97 8.59 8.79 9.87 10.27 9.44 8.92 8.77 13.30
15.48 15.14 14.61 14.77 15.34 15.34 15.74 15.81 15.23 13.88 14.60 15.57 15.39 15.32 15.36 14.96 14.91 14.97 15.13 15.08 15.28 15.84 14.59 15.19 15.21 15.71 14.75 16.34 14.17 14.61 15.45 16.02 18.56 15.27 15.40 15.46 19.65 15.83 15.08 18.70 19.47 19.63 19.24 19.83 20.00 20.18 20.26 15.05 19.74 15.13 19.46 19.21 19.82 21.23 16.14 15.88 14.28 12.64 10.53 9.79 8.69 10.01 10.16 14.82 10.47 9.89 8.51 9.63 8.91 8.66 8.58 8.49 8.82 8.61 9.11 8.86 8.79 13.51 13.36
15.57 14.92 14.70 14.55 15.06 15.43 15.40 15.62 14.95 13.75 14.60 15.53 15.40 15.33 15.20 14.74 15.00 15.13 15.54 15.46 15.27 15.26 14.89 14.83 15.05 15.33 15.30 15.34 14.67 15.76 15.28 15.33 15.39 15.45 15.52 15.64 16.32 14.68 17.97 19.47 14.90 19.23 20.05 20.02 19.95 20.20 20.35 20.51 20.05 15.09 19.26 19.34 19.75 19.65 15.97 15.96 13.07 9.08 8.68 8.15 7.96 7.86 7.06 9.48 9.66 9.10 8.41 8.37 7.91 8.59 8.29 8.99 14.20 13.85 13.75 13.72 8.65 8.83 8.82
15.31 15.14 14.83 14.57 14.79 15.21 15.22 15.38 14.76 14.35 14.57 15.12 15.52 15.24 14.93 14.69 14.81 15.52 15.89 15.66 15.16 14.58 14.49 14.76 15.01 15.32 15.39 15.94 15.88 16.86 15.37 15.50 18.29 18.00 18.60 16.10 14.70 16.98 18.64 19.10 19.71 20.01 19.79 19.84 20.08 19.84 20.10 20.32 21.69 20.36 20.24 21.70 22.49 22.82 21.44 8.97 8.72 8.41 8.13 7.96 7.69 7.53 7.85 9.59 10.08 9.76 10.06 9.58 9.12 8.52 8.40 9.15 9.20 8.57 8.37 8.48 8.75 8.98 8.91
15.24 15.03 14.39 14.55 14.63 14.88 14.99 15.03 15.21 14.23 13.97 14.65 15.71 15.03 14.76 14.74 15.30 15.87 15.73 15.21 14.67 14.28 14.75 14.64 15.08 15.36 15.37 15.22 16.20 16.62 15.38 16.73 16.14 17.64 16.98 14.00 15.82 18.09 18.37 18.60 18.87 18.29 19.55 19.80 19.91 14.89 20.37 20.21 21.83 21.51 21.27 21.95 21.55 20.63 17.59 12.42 8.78 8.13 7.93 8.14 7.64 7.71 8.23 9.39 9.67 9.50 9.50 9.76 9.47 9.16 9.26 9.69 10.01 10.11 9.47 9.02 9.49 13.37 13.38
14.74 14.35 14.66 14.64 14.67 14.93 15.11 15.02 14.92 14.45 13.66 14.61 15.73 14.86 14.72 14.77 15.06 15.33 15.17 14.49 13.72 14.15 14.21 14.61 14.82 15.46 15.18 15.08 15.04 15.13 15.26 15.45 15.05 17.14 14.76 14.55 17.22 18.37 14.79 17.36 14.53 18.48 19.53 14.57 14.77 15.03 14.90 20.04 19.93 20.42 20.94 20.64 19.63 18.81 15.73 14.56 12.10 9.97 8.80 8.31 7.99 8.25 8.87 9.45 9.41 9.36 9.42 9.30 9.20 9.04 9.02 8.92 8.84 9.37 9.85 9.84 10.53 11.23 13.30
14.86 14.70 14.59 14.80 15.41 15.35 15.18 14.78 14.74 14.55 14.07 14.95 15.44 14.93 14.77 14.83 14.85 14.74 14.51 13.97 13.79 14.14 14.40 14.55 14.95 15.29 14.93 14.92 14.94 15.10 13.58 14.73 17.10 16.19 13.96 15.86 17.77 14.78 16.31 16.73 14.30 19.23 14.38 19.90 19.97 19.55 19.02 20.61 20.30 20.31 20.38 19.23 18.82 17.43 14.84 14.21 14.06 13.24 11.82 9.54 8.61 9.28 10.02 9.49 9.02 9.23 9.49 9.33 9.00 8.69 8.62 8.61 8.65 9.14 9.85 9.98 10.13 13.11 13.00
14.62 14.63 14.70 15.10 15.12 14.75 14.16 14.58 14.59 14.42 14.46 14.98 14.91 14.65 14.72 14.83 15.08 14.95 14.11 14.01 14.36 14.13 14.57 14.70 15.34 14.73 14.76 14.75 14.96 14.85 14.45 14.51 14.72 14.79 15.78 17.59 14.72 16.47 15.35 17.07 14.24 14.22 18.81 19.12 18.94 19.12 19.21 18.99 20.06 20.19 20.04 18.74 16.87 15.30 14.18 13.26 13.90 13.74 13.17 11.40 9.15 9.00 10.46 9.95 9.01 8.72 8.69 8.78 8.79 8.73 8.87 8.88 9.14 9.41 9.92 10.20 13.02 13.02 12.90
14.47 14.48 14.69 15.12 15.24 14.89 14.62 14.61 13.85 14.46 14.67 14.63 14.70 14.81 14.75 14.93 14.81 14.31 13.99 14.03 14.25 14.23 14.72 14.83 14.72 14.20 14.62 14.68 14.78 14.44 14.15 14.33 14.66 14.81 14.71 17.29 15.27 14.75 15.80 17.53 14.23 14.22 19.45 19.82 18.93 18.47 18.15 19.39 19.89 19.19 18.28 15.90 14.35 14.35 14.01 13.09 13.04 12.98 12.88 12.04 10.01 9.58 10.61 10.58 10.07 9.25 8.67 8.56 8.81 9.42 9.66 9.19 9.23 9.37 9.40 9.78 12.89 12.90 12.86
14.40 14.36 14.68 15.28 15.07 15.15 14.74 14.68 13.80 14.52 14.84 15.25 15.58 15.18 14.44 14.67 14.55 14.06 14.01 13.99 13.67 14.39 14.87 15.37 14.54 13.98 14.65 14.62 14.41 14.14 14.00 14.45 14.70 14.80 14.68 15.92 14.19 14.63 16.88 14.14 14.23 14.21 18.53 18.63 17.89 16.25 16.46 18.69 17.43 17.39 17.87 14.75 13.62 14.04 13.62 14.43 12.25 11.97 14.21 11.55 14.06 10.34 13.86 11.30 10.95 10.54 9.93 8.96 8.62 8.99 10.25 9.28 8.95 8.81 12.87 12.79 12.75 12.73 12.70
14.32 14.35 14.62 14.97 15.11 14.82 15.10 14.64 14.47 14.43 14.82 15.02 14.82 14.39 13.85 14.21 14.56 13.82 14.18 14.02 13.90 14.39 14.77 14.93 14.10 14.22 14.42 14.34 14.25 14.06 14.31 14.51 14.35 14.60 14.56 14.66 14.25 13.90 14.01 18.36 14.27 18.15 17.92 17.58 16.28 16.15 16.97 17.11 16.65 16.46 16.48 14.67 14.25 14.25 14.26 14.24 14.21 14.02 13.98 13.99 11.04 13.77 11.18 13.91 10.99 10.80 10.76 9.95 8.63 8.28 9.72 10.42 9.64 9.01 12.94 12.80 12.69 12.65 12.74
14.31 14.50 14.73 14.88 15.57 15.01 14.49 14.48 14.36 14.23 14.48 14.83 14.79 14.41 13.84 14.01 14.16 13.98 14.23 14.23 14.14 14.21 14.70 14.61 14.46 14.42 14.01 14.11 14.37 14.05 13.97 14.15 14.20 14.31 14.28 13.81 13.79 13.88 14.04 14.23 14.26 17.21 17.18 17.06 16.70 17.62 17.30 16.56 16.34 16.74 16.08 15.11 14.13 14.13 14.13 14.05 13.98 13.90 13.80 13.71 13.73 11.14 11.03 11.38 13.79 11.47 10.25 10.53 9.16 8.41 8.70 10.46 10.78 10.48 9.85 12.77 12.61 12.46 12.50
14.22 14.67 14.37 14.81 15.47 14.92 13.87 13.51 14.28 14.15 14.25 14.62 13.90 14.45 14.20 13.84 13.78 14.01 14.34 14.24 14.15 14.22 14.82 14.77 14.49 14.04 13.78 14.03 14.35 13.83 13.61 14.03 14.04 14.36 13.95 13.58 13.78 13.95 14.08 14.24 16.64 16.13 16.91 17.41 17.98 18.26 16.97 16.20 16.17 16.65 15.93 15.44 14.65 14.00 13.96 13.87 13.81 13.79 13.64 13.48 13.56 12.20 11.48 11.78 12.52 12.90 10.71 10.68 10.44 8.66 8.29 9.25 9.85 9.71 12.90 12.68 12.59 12.32 12.22
14.09 15.04 14.85 14.52 15.04 14.47 13.33 13.94 14.36 14.38 13.45 14.46 14.54 14.47 14.54 14.20 13.52 13.87 14.36 14.24 14.16 14.37 14.52 14.41 13.96 13.55 13.65 14.27 14.52 14.30 13.49 13.97 14.01 14.03 13.61 13.53 13.79 13.96 14.07 16.83 13.77 15.97 17.33 17.64 18.07 17.98 16.18 15.68 15.85 16.63 16.41 15.76 13.90 13.85 13.77 13.71 13.67 13.64 13.52 13.33 13.40 13.67 11.05 11.77 12.73 13.10 13.68 11.77 12.22 9.68 8.28 7.88 12.72 12.79 12.77 12.64 12.53 12.20 12.11
14.10 14.79 14.21 14.41 14.36 14.39 13.25 13.98 14.48 14.74 14.27 14.15 14.35 13.89 14.00 14.37 13.30 13.62 14.35 13.93 14.07 14.21 14.30 14.21 13.65 13.22 13.83 14.39 14.43 14.29 14.02 13.87 13.84 13.62 13.34 13.46 13.71 13.80 13.83 13.69 13.40 16.06 16.82 17.10 17.60 13.84 13.64 15.37 16.23 16.95 17.22 15.78 13.73 13.66 13.59 13.55 13.51 13.49 10.16 13.22 13.25 13.60 11.19 11.64 13.30 13.38 13.49 12.10 11.92 10.72 9.41 8.91 9.19 12.77 12.72 12.60 12.40 12.06 12.06
14.13 14.24 14.42 13.92 14.28 14.22 13.95 13.87 14.60 14.90 14.22 13.82 14.15 14.39 14.64 14.25 12.99 13.40 14.29 14.11 13.94 14.03 14.18 14.02 13.49 13.09 14.05 14.52 14.40 14.23 13.94 13.32 13.36 13.16 13.25 13.43 13.59 13.66 13.56 13.39 13.30 16.12 16.57 16.76 13.55 15.16 13.32 15.57 16.42 16.78 16.56 13.59 13.49 13.44 13.41 13.37 13.36 13.35 13.28 13.11 13.15 13.45 13.29 13.09 13.03 13.17 13.33 13.49 10.79 10.23 10.10 10.61 12.70 12.72 12.75 12.66 12.40 12.11 12.09
14.10 13.96 13.97 14.45 13.65 14.05 14.00 14.02 14.54 14.16 14.35 13.73 13.99 14.29 14.08 14.25 13.16 13.43 14.20 13.95 13.90 14.13 13.99 13.90 13.66 13.58 14.17 14.50 13.85 13.45 13.78 13.45 13.00 13.06 13.41 13.47 13.51 13.51 13.47 13.40 13.28 13.30 16.76 13.35 13.26 13.22 13.14 15.39 15.78 15.41 13.33 13.37 13.24 13.21 13.20 13.18 13.20 13.17 13.11 13.04 13.14 9.60 8.71 8.60 8.95 12.89 13.02 13.21 8.40 8.01 8.67 12.38 12.46 12.58 12.80 12.72 12.47 12.19 12.06
13.96 13.91 13.84 14.07 14.52 14.77 14.17 14.28 14.39 14.66 14.43 13.73 13.74 14.02 14.28 14.35 13.68 13.43 13.87 13.85 13.88 13.85 13.83 14.05 14.09 13.74 13.78 13.95 13.45 13.12 13.53 13.15 12.82 13.18 12.99 13.47 13.37 13.40 13.37 13.17 13.05 13.18 13.15 13.04 13.02 13.09 13.00 12.86 12.89 12.95 13.01 13.04 12.94 12.93 12.94 12.98 13.04 13.02 7.38 12.91 7.35 13.01 13.09 7.46 12.89 13.02 8.67 12.93 13.68 8.16 12.11 12.23 12.30 12.31 12.73 12.80 12.59 12.30 12.07
13.86 13.88 13.77 14.01 14.63 14.14 14.19 13.81 13.79 14.05 13.59 13.76 13.51 13.80 14.20 13.79 13.82 12.97 13.39 13.80 13.72 13.62 13.90 14.07 13.74 13.43 13.29 13.25 13.03 13.43 13.13 12.84 12.65 13.06 12.87 13.44 13.37 13.23 13.07 12.93 12.97 13.10 12.91 12.83 12.95 12.97 12.74 12.58 12.66 12.77 12.75 12.71 12.64 12.65 12.72 12.93 12.92 12.96 12.99 13.01 13.05 12.99 13.00 8.10 12.84 7.36 7.60 12.87 13.45 10.67 11.93 12.12 12.25 12.06 12.56 12.84 12.72 12.41 12.08
13.86 13.80 13.72 13.92 14.11 13.99 13.95 14.01 13.93 13.60 13.67 13.05 13.51 13.68 14.04 14.11 13.45 12.63 13.12 13.64 13.49 13.46 13.61 13.57 13.46 13.24 13.20 12.85 13.37 13.01 12.69 12.39 12.68 12.53 13.31 13.31 13.05 12.81 12.81 12.87 12.95 13.00 12.95 12.96 17.08 12.78 12.52 12.44 12.52 12.63 17.88 12.64 12.45 12.52 12.63 12.73 12.82 12.93 13.01 12.96 12.90 12.88 12.94 12.92 12.88 7.21 7.74 12.56 12.54 12.14 11.64 11.79 12.05 11.89 12.26 12.66 12.68 12.39 12.00
14.00 13.70 13.52 13.63 13.66 13.66 13.60 13.57 13.42 13.22 13.44 13.84 13.63 13.45 13.60 13.53 13.12 12.64 12.96 13.47 13.40 13.34 13.45 13.42 13.00 13.00 12.99 12.65 12.97 12.60 12.44 12.39 12.35 12.42 12.62 13.19 12.86 12.79 12.80 12.80 12.83 12.85 12.85 12.88 12.86 12.64 12.47 17.18 12.47 12.53 17.78 12.45 12.45 12.39 12.51 12.61 12.74 12.88 12.96 12.93 12.84 12.77 12.73 12.74 12.61 7.30 7.35 7.48 12.11 11.84 11.47 11.31 11.65 11.77 11.94 12.34 12.61 12.45 12.08
14.17 13.57 13.21 13.37 13.43 13.49 13.47 13.44 13.37 13.34 13.44 13.74 13.63 13.20 13.17 13.21 13.06 12.72 12.92 13.45 13.39 13.20 13.24 13.16 13.04 13.03 13.00 12.23 12.50 12.31 12.26 12.28 12.29 12.29 13.16 13.15 12.89 12.78 12.71 12.70 12.74 12.74 12.75 12.75 12.70 12.46 12.26 12.11 12.28 12.37 12.36 17.83 17.84 12.32 12.37 12.46 12.62 12.77 12.90 12.99 12.86 12.55 12.46 7.13 7.11 7.12 7.15 12.03 11.91 11.79 11.47 11.29 11.48 11.69 11.80 11.99 12.37 12.37 12.17
14.10 13.53 12.93 13.08 13.21 13.31 13.36 13.39 13.40 13.41 13.43 13.55 13.44 13.10 13.08 13.19 13.06 12.84 13.10 13.48 13.37 13.13 13.09 13.02 12.94 12.94 12.78 12.55 12.31 12.17 12.20 12.30 12.25 12.25 13.04 12.73 12.69 12.81 12.74 12.71 12.77 12.76 12.51 12.47 12.45 12.25 12.03 12.05 17.42 17.73 17.81 17.89 18.05 17.99 12.32 12.39 12.55 12.75 12.95 13.22 10.02 7.23 6.56 7.11 7.35 7.48 7.68 12.00 11.90 11.85 11.50 11.30 11.37 11.59 11.71 11.70 12.05 12.15 12.55
14.27 13.31 12.71 12.80 13.03 13.21 13.29 13.33 13.36 13.39 13.40 13.43 13.35 13.22 13.18 13.23 13.16 13.05 13.26 13.47 13.36 13.18 13.07 12.94 12.91 12.93 12.71 12.47 12.31 12.26 12.33 12.34 12.22 12.21 13.06 12.41 12.42 13.11 12.91 12.17 12.22 12.21 12.44 12.46 12.43 12.14 12.08 12.15 12.29 12.31 12.24 12.25 12.30 18.48 18.60 18.38 18.07 12.90 13.17 7.90 7.30 6.74 6.81 8.42 8.68 12.16 12.11 12.06 12.00 11.96 11.63 11.44 11.51 11.55 11.72 11.68 12.44 12.55 12.55
14.69 13.36 12.62 12.53 12.77 13.12 13.25 13.34 13.39 13.42 13.41 13.42 13.39 13.35 13.30 13.31 13.30 13.22 13.25 13.39 13.37 13.27 13.10 12.91 12.96 12.95 12.68 12.46 12.40 12.42 12.38 12.22 12.11 12.24 12.56 12.81 12.87 12.66 13.14 12.24 12.23 12.38 12.41 12.52 12.49 12.22 12.22 12.30 12.34 12.30 12.34 12.40 12.44 12.45 18.00 18.21 18.51 18.11 13.34 13.44 8.40 6.96 6.82 7.56 8.04 12.01 12.03 12.09 12.01 11.92 11.76 11.62 11.69 11.86 11.95 11.90 11.76 12.57 12.65
14.71 13.15 12.06 12.25 12.33 12.81 13.05 13.29 13.44 13.47 13.44 13.45 13.43 13.40 13.38 13.38 13.36 13.29 13.19 13.30 13.42 13.35 13.13 12.92 12.96 12.91 12.70 12.53 12.47 12.43 12.25 12.04 12.24 12.88 13.94 13.96 13.19 12.84 12.42 12.13 12.38 12.41 12.49 12.67 12.56 12.37 12.33 12.37 12.43 12.41 12.42 12.55 12.63 18.10 18.30 12.69 12.90 13.19 13.33 13.23 12.89 8.11 7.87 7.69 7.61 7.73 11.91 12.17 12.12 11.91 11.81 11.65 11.64 11.97 12.07 12.02 12.02 12.59 12.72
13.96 12.94 12.07 12.08 11.76 12.38 13.12 13.69 13.84 13.55 13.44 13.50 13.48 13.47 13.44 13.44 13.40 13.36 13.26 13.31 13.55 13.49 13.19 12.93 12.90 12.89 12.76 12.62 12.50 12.37 12.18 12.13 13.78 14.59 14.18 13.26 12.64 12.71 12.19 11.96 12.35 12.56 12.66 12.75 12.53 12.41 12.34 12.36 12.44 12.44 12.39 12.63 18.58 18.34 12.66 12.79 12.92 13.13 13.21 13.07 12.78 12.62 12.65 12.57 8.09 7.60 11.75 12.03 12.22 12.13 11.96 11.78 11.65 11.78 11.95 12.57 12.56 12.60 12.72
13.55 12.82 12.27 11.97 11.51 12.62 14.86 14.71 14.12 13.47 13.45 13.55 13.54 13.53 13.51 13.50 13.46 13.45 13.39 13.41 13.56 13.50 13.20 12.93 12.94 12.96 12.87 12.73 12.55 12.44 12.44 12.76 14.59 14.45 13.40 13.06 12.56 12.55 12.00 11.88 12.08 12.79 12.88 12.74 12.30 12.22 12.14 12.52 12.58 12.43 12.33 12.68 13.28 13.02 12.57 12.70 12.86 12.95 13.06 12.98 12.74 12.65 12.69 12.62 12.57 12.29 11.99 12.04 12.14 12.28 12.15 11.92 11.90 11.96 11.98 12.59 12.55 12.62 12.66
13.17 13.31 12.64 12.21 11.70 13.15 15.19 13.77 13.69 13.34 13.42 13.54 13.60 13.60 13.59 13.59 13.56 13.53 13.50 13.48 13.44 13.41 13.21 13.00 13.05 13.07 12.99 12.89 12.76 12.74 13.05 14.12 14.36 13.86 13.15 12.88 12.82 12.38 11.89 11.91 12.23 12.99 13.00 12.45 12.34 12.26 12.61 12.77 12.76 12.63 12.47 12.78 19.30 13.37 12.44 12.49 12.78 12.79 12.92 12.95 12.85 12.68 12.64 12.70 12.67 12.47 12.25 12.22 12.20 12.79 12.47 12.19 12.69 12.93 12.31 12.71 12.64 12.70 12.64
12.83 13.18 12.75 12.31 12.10 13.49 14.38 14.03 13.31 13.24 13.42 13.59 13.71 13.72 13.71 13.69 13.66 13.61 13.58 13.52 13.44 13.42 13.30 13.19 13.22 13.23 13.19 13.13 13.10 13.21 13.48 13.54 13.48 13.42 12.87 12.65 12.56 12.26 12.08 12.23 12.55 13.28 13.20 12.58 12.49 12.40 12.99 13.07 12.99 12.88 12.88 12.94 13.37 13.33 12.35 12.35 12.68 12.66 12.76 12.83 12.82 12.79 12.56 12.64 12.70 12.53 12.42 12.42 12.89 12.92 12.97 12.88 12.81 12.99 13.08 12.86 12.81 12.88 12.79
12.81 13.11 12.68 12.23 12.31 13.63 14.11 13.67 13.03 13.11 13.42 13.58 13.71 13.72 13.69 13.67 13.62 13.57 13.53 13.47 13.41 13.38 13.31 13.25 13.26 13.26 13.24 13.21 13.25 13.35 13.48 13.40 13.24 13.14 12.65 12.45 12.38 12.24 12.29 12.52 12.81 13.48 13.33 13.38 12.60 12.53 13.14 13.29 13.20 13.15 13.21 12.85 13.16 13.14 12.34 12.36 12.65 12.63 12.71 12.79 12.61 12.80 12.85 12.97 12.62 12.58 13.02 13.07 13.10 13.08 13.06 13.01 12.93 13.04 13.12 12.99 12.95 13.01 12.96
