examples/cougarCreek-fire/createInputs/farsite/7a-cougarCreek-polygonIgnit/cougarCreekFire_08-10-2015_1400_217m_non_neutral_stability_vel.asc
ncols	146
nrows	140
xllcorner	610065.000000
yllcorner	5095217.000000
cellsize	216.586807
NODATA_value	-9999.000000
[rows 37 to 73 of 140, columns 0 to 82 of 146]
15.30 15.74 17.77 21.34 23.38 22.74 26.34 23.68 23.07 19.75 18.25 20.44 23.05 25.88 25.88 29.00 34.26 35.51 34.49 31.87 31.54 34.41 36.65 33.34 28.81 24.26 23.75 29.35 31.99 34.95 29.50 26.67 27.37 32.33 34.31 37.13 36.81 36.29 35.70 32.64 29.18 26.05 22.00 18.53 16.93 17.99 19.36 18.91 20.23 20.67 20.27 16.75 15.37 12.48 12.20 12.96 14.55 16.00 17.77 19.22 20.24 20.65 20.73 20.49 20.13 19.67 18.88 17.90 16.68 15.14 15.75 17.90 17.48 17.77 18.28 17.89 17.24 16.99 16.58 15.67 15.02 14.59 11.70
13.12 13.36 21.14 21.67 20.98 18.31 17.44 16.96 17.19 15.04 18.23 19.04 20.59 21.28 21.51 23.77 27.20 27.93 26.57 27.18 29.14 28.30 27.31 28.89 25.06 19.14 19.37 23.88 23.83 20.26 25.41 25.39 24.67 22.54 21.60 24.42 25.61 27.31 32.19 32.19 29.71 28.27 25.93 24.16 25.57 26.54 25.77 23.14 21.24 20.03 20.99 19.54 15.18 12.74 12.35 11.43 11.61 12.41 12.70 13.05 14.07 14.19 13.81 13.59 13.36 12.93 11.29 8.14 6.89 6.53 7.48 9.28 12.25 14.59 15.70 16.54 17.18 17.22 16.95 16.51 15.64 14.94 12.95
13.75 19.37 20.31 19.50 17.98 15.83 15.56 12.50 14.67 16.75 17.79 18.47 20.59 21.91 23.15 24.27 26.55 26.44 24.87 24.82 24.79 24.36 26.09 28.83 24.63 20.15 18.89 21.71 19.87 18.27 26.17 27.10 25.62 24.21 19.59 15.95 14.25 10.30 11.85 17.96 22.09 27.36 30.07 32.32 33.24 32.80 31.10 29.23 26.74 23.47 20.86 19.69 17.41 16.43 13.15 10.62 11.86 11.23 8.54 8.06 8.03 8.36 8.21 9.53 9.77 8.11 7.08 5.26 3.31 2.56 5.23 5.77 5.12 6.26 8.28 11.40 14.12 16.70 17.12 16.74 16.24 15.68 15.00
9.65 13.87 14.26 13.45 13.20 13.55 12.75 12.48 14.83 15.25 18.44 20.55 23.79 25.04 24.06 24.58 24.81 22.78 20.95 22.76 24.61 26.24 30.37 30.03 22.13 19.28 18.44 21.22 20.30 21.92 30.11 28.98 24.69 22.50 19.26 18.00 17.43 15.17 13.13 9.82 12.77 15.58 16.96 17.53 21.70 23.77 25.40 26.42 27.13 26.73 25.48 24.12 20.75 18.48 16.69 15.53 13.95 11.77 10.52 9.95 10.30 8.80 8.78 8.84 8.69 8.27 7.62 6.38 4.40 1.89 4.06 5.29 4.65 4.15 1.80 2.65 3.85 9.52 14.71 17.32 17.25 16.02 15.54
9.90 8.80 8.49 9.75 10.06 11.00 10.19 13.13 14.69 17.42 19.81 21.44 22.78 21.93 21.26 21.73 20.15 18.21 18.43 24.27 28.27 32.02 34.07 26.59 19.19 18.37 18.74 22.33 23.88 26.08 30.64 24.26 20.25 18.71 15.43 15.39 17.46 15.72 14.18 14.72 11.05 16.16 16.98 16.83 16.35 13.93 15.96 17.93 19.43 20.82 21.71 21.81 21.62 21.65 21.53 20.66 18.97 17.53 16.59 15.36 12.63 11.40 10.10 8.70 7.75 7.34 7.22 7.04 6.33 4.10 0.76 2.99 4.80 7.24 8.64 7.55 6.12 4.54 4.22 12.31 17.22 17.40 15.52
7.48 10.62 11.25 12.29 15.28 10.32 12.30 14.90 15.65 17.13 20.41 23.51 22.45 20.21 17.89 17.25 16.51 17.21 20.68 24.09 30.48 35.32 30.46 21.04 19.39 21.16 22.08 26.90 24.27 24.82 21.96 24.19 20.67 17.36 16.85 18.12 18.25 16.08 15.13 15.20 17.02 17.70 17.67 17.31 16.78 17.11 17.94 16.13 16.92 17.16 18.20 16.41 15.82 16.09 15.95 15.00 13.85 12.74 11.51 10.54 9.83 9.26 8.58 7.85 7.41 7.47 7.96 8.54 8.80 8.09 5.54 2.27 2.31 4.24 6.79 8.54 9.12 9.02 6.68 3.07 10.82 17.23 16.59
7.43 9.22 17.46 8.87 11.65 10.08 15.32 14.92 16.46 21.28 23.48 20.05 14.66 13.39 12.30 13.76 15.11 16.42 18.98 24.85 31.51 31.22 25.40 21.39 20.25 21.82 28.96 23.42 21.49 22.94 21.53 23.32 23.26 22.61 20.20 19.96 18.64 17.20 16.38 15.50 15.50 16.24 16.37 15.04 15.18 17.57 19.05 19.15 20.06 17.88 15.71 14.40 13.38 12.24 11.12 10.47 9.98 9.18 8.33 8.46 8.60 8.66 9.19 10.23 11.35 12.69 13.84 14.49 14.49 14.13 13.63 11.82 9.15 6.02 3.16 1.53 8.09 10.14 7.33 4.74 2.87 11.85 16.97
8.22 8.59 10.09 19.12 13.16 10.09 15.80 14.58 17.94 19.52 16.07 10.16 8.22 12.63 12.94 15.47 12.91 14.06 17.24 23.33 29.53 28.03 25.08 21.22 20.87 26.17 27.18 20.11 20.04 23.99 22.61 19.92 20.02 22.59 22.09 21.84 19.91 17.95 17.31 17.25 16.18 14.30 13.94 15.58 18.92 21.84 23.67 24.02 20.73 18.43 16.38 14.41 12.70 11.42 10.69 10.35 10.09 9.89 10.08 10.82 11.84 12.99 13.61 15.07 16.34 16.84 17.20 17.61 17.83 17.83 18.08 18.12 17.77 16.68 14.20 12.81 5.93 5.74 7.15 5.72 5.17 5.06 13.38
17.30 19.78 16.51 14.21 11.28 13.07 11.42 14.45 16.46 10.63 9.69 8.32 12.93 14.98 15.22 15.88 14.37 15.60 17.68 23.84 29.33 28.42 24.97 20.02 20.59 23.55 24.88 22.89 22.22 25.49 23.01 16.07 15.58 18.52 20.37 21.59 21.70 20.57 19.75 18.83 15.83 16.21 17.46 21.22 24.24 24.28 25.18 21.36 19.09 17.53 15.77 13.05 11.96 11.18 10.99 10.49 9.98 10.39 11.95 13.05 15.25 17.64 17.38 16.94 16.47 16.06 17.56 17.51 17.96 18.86 19.53 19.71 21.08 20.72 20.28 19.31 17.21 11.55 6.71 7.04 6.60 3.70 10.05
10.07 11.75 12.51 9.18 10.63 12.85 8.77 8.30 7.34 6.20 10.25 12.06 14.29 14.12 15.34 16.15 16.27 17.98 19.21 25.69 30.39 28.06 21.82 16.25 16.43 17.95 20.13 22.10 21.26 26.55 22.95 17.10 14.92 15.65 20.05 19.78 20.58 21.31 21.00 18.87 17.91 19.98 22.84 23.96 26.84 26.84 23.79 18.92 16.06 13.90 12.62 12.01 12.10 12.57 12.46 12.11 12.60 15.04 17.34 16.47 17.00 17.47 17.25 17.04 16.41 16.47 15.74 15.98 16.77 18.94 19.35 19.59 18.24 17.95 17.22 18.53 18.32 16.76 11.56 7.42 6.45 4.21 6.93
11.32 11.37 10.40 12.77 12.42 10.74 5.23 8.15 9.13 9.37 11.64 13.09 14.89 15.64 17.20 18.68 7.01 8.10 22.01 26.58 29.20 23.88 17.62 15.35 15.41 14.00 16.31 13.43 21.32 26.47 24.20 19.58 17.33 18.20 20.93 22.11 20.73 20.97 21.11 20.64 19.57 23.93 27.47 27.76 25.57 22.09 18.02 15.73 13.06 10.16 11.08 12.53 15.17 15.90 15.92 16.45 18.51 19.41 18.76 19.64 18.79 18.00 18.14 18.21 18.26 18.07 17.43 17.27 17.60 17.35 16.93 16.55 16.16 16.44 16.85 16.66 17.96 18.19 14.61 8.83 5.70 5.39 4.45
11.34 10.55 7.50 7.71 5.51 4.29 5.05 10.55 11.51 11.91 13.48 13.07 13.78 16.51 16.45 9.36 11.59 14.09 25.32 26.91 27.01 20.71 16.88 17.16 15.54 13.19 13.74 13.85 19.40 24.97 25.89 21.85 20.08 21.20 24.65 23.74 21.22 20.13 20.59 19.93 23.44 21.59 23.89 24.43 20.57 18.30 15.92 12.13 13.03 12.81 13.51 20.01 19.60 19.18 18.71 18.25 19.20 23.10 21.77 20.42 20.08 19.52 19.44 19.62 18.87 17.80 16.95 16.22 15.76 15.41 14.43 14.62 15.15 15.19 15.62 15.58 15.89 17.87 17.09 13.16 6.69 7.02 5.05
11.59 10.61 9.00 7.58 1.99 8.38 10.98 11.25 11.05 12.40 12.97 13.83 15.40 16.08 12.80 21.71 20.34 21.44 19.21 22.64 24.46 19.64 17.62 16.41 13.63 8.51 9.57 13.67 17.88 24.72 26.92 22.93 22.53 23.66 27.16 25.19 20.78 19.69 19.33 20.36 19.87 21.36 21.26 20.67 20.17 17.92 16.89 18.69 19.57 21.17 23.71 21.93 22.40 22.91 20.26 20.78 20.28 19.64 16.05 17.44 14.97 15.51 15.41 17.59 16.26 15.04 14.34 13.28 13.11 13.44 13.73 13.93 13.87 14.01 14.95 14.71 13.46 14.57 16.18 17.03 12.39 6.86 6.03
11.69 10.25 7.32 0.86 10.45 11.45 11.55 11.58 11.24 11.97 15.37 17.42 18.80 22.35 21.39 17.50 17.75 17.36 17.05 20.21 22.36 19.77 17.13 13.21 11.39 11.46 12.17 11.52 18.89 26.95 26.97 23.14 24.65 25.62 27.82 27.65 20.86 19.25 18.95 17.79 20.05 19.09 19.46 14.54 14.39 16.91 20.37 22.48 25.33 27.00 25.61 21.65 17.60 15.32 16.54 16.81 14.58 14.79 14.35 12.53 12.67 12.34 12.06 12.56 14.47 12.86 12.37 12.13 11.95 12.14 12.71 13.23 12.96 13.06 13.48 14.58 14.74 14.79 14.81 15.69 15.61 10.56 5.71
11.04 9.19 2.09 10.15 12.03 11.80 11.73 12.26 11.55 14.37 16.18 12.33 22.54 23.06 17.11 15.65 15.95 16.10 17.24 20.33 20.44 20.37 18.28 13.42 12.93 9.69 8.78 13.63 23.54 29.95 25.96 23.54 26.25 26.80 27.62 27.51 20.28 18.43 17.77 16.37 17.35 18.50 16.61 12.17 10.99 13.93 14.93 11.81 14.51 18.12 19.01 17.70 15.91 14.23 12.04 8.71 11.37 12.33 12.39 13.89 10.30 10.44 7.86 7.18 9.49 12.14 14.10 13.29 12.76 12.63 13.19 14.17 13.77 14.35 14.64 15.14 15.07 15.21 13.90 14.14 13.67 13.00 9.99
10.01 8.29 3.33 10.98 10.63 11.03 12.44 12.51 11.76 16.47 20.97 19.66 14.15 13.69 12.93 13.98 16.11 16.91 17.47 19.25 19.03 19.56 18.52 8.71 13.25 7.19 11.77 20.53 27.04 30.34 25.26 23.20 26.26 27.48 30.52 26.57 20.19 18.46 16.03 16.20 17.30 16.05 15.49 10.62 14.75 12.46 10.79 5.92 3.33 4.93 7.66 9.96 11.23 11.63 11.68 10.97 10.69 11.05 14.10 13.16 10.94 11.80 8.19 4.96 6.21 9.59 11.09 12.50 12.21 11.18 9.04 9.71 12.00 11.55 11.46 11.44 11.58 11.47 11.54 12.09 11.89 12.37 11.98
10.55 4.96 10.76 12.48 11.87 10.60 10.39 10.26 12.83 17.91 17.54 15.28 9.38 10.88 14.59 16.60 16.64 18.06 17.93 19.63 17.79 17.72 15.28 9.15 9.47 13.01 19.15 24.92 28.61 28.18 22.08 19.53 24.84 28.34 28.24 26.78 20.37 16.83 15.79 16.06 16.91 15.50 14.76 10.39 10.26 9.39 8.45 7.04 5.30 5.49 4.30 2.69 3.84 4.33 6.83 9.22 13.96 14.44 12.49 12.92 13.06 12.66 9.42 7.23 6.39 6.41 6.80 8.27 9.22 8.63 7.16 6.53 7.52 9.00 9.78 10.03 10.21 10.22 10.52 10.70 11.10 11.03 11.88
11.56 5.37 10.43 9.51 8.38 6.64 12.06 13.29 15.68 17.73 13.54 10.53 11.36 16.37 17.85 18.38 17.71 20.01 20.83 22.23 19.02 16.94 15.24 11.39 10.91 17.74 20.69 19.95 26.55 26.57 19.06 16.73 23.75 29.15 30.11 22.18 18.01 16.47 16.59 18.47 17.32 16.67 14.66 10.10 8.03 6.12 5.38 6.17 6.62 5.98 4.53 2.57 1.58 2.42 2.36 3.08 7.74 11.67 11.90 11.77 11.98 10.49 9.97 9.00 7.75 6.41 5.71 6.45 8.03 8.67 8.13 7.22 7.23 8.20 9.13 9.68 10.05 10.15 10.07 9.83 9.19 8.89 9.05
12.14 5.28 8.07 8.13 1.12 10.19 13.75 15.87 11.61 9.14 9.54 5.82 14.63 16.64 17.38 17.39 18.23 20.39 21.73 20.43 17.38 14.45 12.61 11.33 13.48 15.68 15.62 19.70 24.36 26.60 18.71 16.31 23.51 29.24 31.29 22.88 13.83 12.89 16.74 17.88 17.44 16.51 15.71 12.95 8.21 6.69 4.88 2.93 3.64 5.22 4.75 3.32 5.51 3.23 3.35 2.45 6.78 9.05 8.74 8.44 8.58 9.36 10.10 10.25 9.82 8.96 8.04 7.60 8.10 8.95 9.31 8.94 8.28 8.06 8.32 8.62 8.63 8.45 8.38 8.39 8.38 8.09 7.91
12.41 5.10 9.09 9.66 11.28 15.99 18.28 16.33 6.03 6.37 1.30 14.95 6.28 17.32 16.97 20.02 19.56 23.57 22.07 17.06 14.43 12.02 11.73 11.55 13.12 14.44 17.45 20.55 26.49 24.57 20.18 15.44 22.72 29.50 33.89 23.33 13.96 14.50 19.03 16.93 15.42 13.92 14.52 14.47 10.83 7.57 7.42 8.00 7.95 6.50 4.87 4.38 4.68 5.31 5.46 7.81 8.84 8.68 8.00 7.82 8.09 8.90 9.61 10.12 10.45 10.39 9.65 9.00 9.01 9.27 9.41 9.17 8.41 7.64 7.26 7.26 7.40 7.46 7.50 7.49 7.32 5.82 6.85
10.29 2.10 11.91 13.75 15.74 16.68 11.58 11.93 12.86 16.49 18.13 19.36 18.31 19.04 18.39 21.03 25.55 31.12 19.76 11.94 12.83 11.55 11.67 10.20 14.17 13.06 15.82 16.28 25.66 21.81 19.05 15.39 21.85 29.63 35.80 23.57 15.50 17.93 21.67 17.23 15.73 14.27 14.67 13.17 12.38 7.81 7.53 8.67 10.56 10.84 11.03 11.06 10.94 11.29 11.48 11.19 10.25 9.35 8.55 8.17 8.00 7.81 7.80 8.02 8.30 8.58 8.65 8.51 8.38 8.22 8.04 7.94 7.71 7.30 6.99 6.92 6.95 6.92 6.85 3.55 6.64 6.59 6.31
8.18 3.98 13.74 3.74 2.28 4.88 15.57 6.87 10.16 21.87 16.13 18.68 20.19 22.00 20.29 14.05 18.06 26.58 23.99 10.67 12.27 11.76 10.15 12.88 12.70 13.21 16.75 25.15 23.33 20.02 14.95 17.37 22.76 28.94 35.63 29.39 17.78 19.62 22.45 16.77 16.21 16.42 14.69 12.67 12.14 10.76 8.51 9.21 9.98 11.18 13.34 13.35 13.27 13.15 12.57 11.59 10.49 9.49 8.45 7.63 7.02 6.57 6.36 6.34 6.40 6.55 6.74 6.74 6.59 6.50 6.46 6.54 6.61 6.58 6.48 6.47 4.80 4.09 3.83 3.23 6.25 6.23 6.23
7.00 3.30 2.25 4.69 2.63 15.71 5.44 9.13 19.57 17.44 16.15 19.17 19.10 6.41 7.34 13.09 26.43 31.49 23.01 13.97 9.38 8.41 9.06 10.15 8.86 12.70 12.74 23.25 22.31 20.26 16.51 20.35 23.97 27.62 30.52 30.84 24.44 20.99 19.45 15.35 14.80 14.74 14.72 12.38 11.36 12.94 12.10 9.85 12.05 10.58 11.17 12.00 12.19 11.87 11.24 10.40 9.22 8.05 7.06 6.28 5.77 5.59 5.57 5.56 5.58 5.60 4.00 5.45 5.46 5.48 5.54 5.75 5.84 5.81 4.55 3.15 3.94 3.71 3.43 3.18 5.90 5.89 5.91
5.02 2.99 10.71 12.54 16.83 4.92 2.36 19.27 17.63 9.84 8.36 5.19 3.74 5.29 11.41 23.78 33.65 32.03 21.77 13.47 7.01 6.05 7.36 7.57 9.66 13.70 18.97 20.65 21.65 16.34 19.68 21.75 23.49 26.40 28.06 30.87 27.62 20.92 17.76 15.02 13.71 13.79 13.05 13.78 11.65 11.22 11.46 11.65 13.57 10.12 9.33 12.44 9.04 9.68 9.22 8.39 7.58 6.74 5.90 5.33 5.02 4.86 4.77 3.24 3.59 4.84 4.95 4.99 5.01 5.02 5.02 5.20 3.40 3.29 3.42 3.10 2.91 2.02 3.29 3.74 3.03 2.75 2.61
3.15 11.40 12.18 13.27 13.37 1.44 4.34 17.55 8.51 7.32 4.72 4.68 8.42 14.47 22.04 32.14 35.22 29.43 20.99 13.55 5.97 3.84 6.03 6.57 10.75 13.84 17.97 19.88 16.20 19.55 21.37 21.04 22.54 25.98 29.08 29.71 26.00 21.23 17.19 14.97 13.77 13.62 12.74 12.49 13.67 12.84 11.74 13.04 12.96 9.28 7.71 7.17 6.99 6.80 6.43 6.24 5.18 4.54 4.28 3.65 3.13 2.77 2.43 2.23 3.84 3.92 4.16 4.46 4.67 4.73 3.34 2.53 3.34 2.78 2.54 1.67 2.54 3.37 3.64 3.87 4.28 4.02 3.83
10.48 15.27 12.70 14.00 14.21 15.84 18.75 8.39 4.91 1.95 5.55 12.40 17.65 22.37 29.37 35.27 33.79 26.84 20.36 3.35 5.87 3.19 1.15 4.10 8.70 11.74 15.79 13.63 17.41 21.30 23.83 20.27 22.58 26.64 30.94 28.18 23.86 20.68 16.59 14.11 12.79 13.36 12.02 11.41 13.51 11.92 13.27 9.45 9.06 8.63 6.92 6.26 5.61 4.71 4.27 4.20 3.88 3.63 7.67 6.69 2.88 2.35 2.07 1.82 1.41 1.90 3.59 3.20 2.97 2.16 1.69 2.21 1.32 1.99 0.83 2.51 3.31 3.50 3.18 3.12 3.63 3.72 3.48
10.59 6.14 2.06 5.28 12.68 8.47 2.83 4.84 1.80 9.19 15.25 18.32 21.31 26.38 33.02 38.00 31.53 23.78 18.29 13.59 3.80 2.06 3.05 4.40 7.31 9.81 8.91 14.96 19.23 22.02 20.98 21.20 24.00 27.02 30.51 26.72 22.30 18.95 15.81 13.22 11.40 13.50 12.52 10.76 11.72 11.92 11.42 12.19 11.72 7.84 6.07 5.44 4.74 3.98 3.49 3.48 3.00 2.67 6.07 6.46 2.18 2.15 3.54 2.94 1.51 1.38 1.78 4.35 5.25 2.90 2.45 2.17 1.42 0.94 1.69 2.52 3.24 3.33 2.91 2.63 3.20 4.91 3.44
9.77 8.69 5.97 4.44 4.68 3.74 4.79 5.58 13.54 18.97 20.34 20.80 24.26 30.20 35.54 33.70 27.99 19.56 15.73 11.55 5.64 9.34 6.98 6.26 6.55 7.83 12.29 14.53 19.97 22.02 22.63 23.50 24.39 25.88 28.00 23.74 19.23 17.66 14.48 11.51 11.77 13.67 15.43 11.98 11.73 11.85 10.95 8.61 7.58 10.11 6.47 4.89 4.31 3.33 2.82 2.85 2.73 2.45 2.20 5.04 1.41 1.17 1.28 1.67 4.59 4.43 4.20 4.32 2.58 4.44 2.79 2.43 3.98 3.98 2.66 2.57 2.30 2.46 1.18 1.03 1.86 2.74 4.88
7.92 5.44 7.05 3.87 2.83 5.64 10.86 17.80 22.07 22.33 21.34 22.91 26.42 31.97 32.14 29.42 24.32 15.97 12.39 9.17 5.61 7.79 7.21 8.06 7.07 7.78 8.05 14.78 21.62 22.06 24.18 24.37 23.57 24.76 26.22 20.96 16.12 15.32 12.47 9.82 11.03 14.12 16.13 13.16 12.23 11.87 9.28 8.48 7.02 5.35 5.92 4.73 3.90 2.71 1.84 1.84 2.22 2.19 2.12 5.57 1.16 0.78 0.54 3.58 1.41 3.60 3.43 3.37 3.35 4.14 3.61 3.24 3.32 3.58 2.54 1.29 1.07 2.80 3.13 2.40 1.78 1.57 1.15
4.60 7.13 7.83 4.25 7.19 15.42 21.25 23.79 22.90 20.99 21.33 22.81 24.27 28.46 29.01 26.71 19.53 13.93 10.04 7.87 4.59 3.71 6.61 9.36 6.79 2.45 6.72 15.31 21.30 23.60 24.83 24.78 23.53 22.34 22.33 17.15 14.50 14.45 11.09 8.51 10.50 14.17 16.02 16.39 12.10 10.87 9.16 8.28 6.53 4.57 5.28 4.64 3.58 2.65 1.57 1.17 2.10 2.96 3.05 2.29 5.41 0.78 4.04 3.55 3.46 1.82 1.20 2.76 1.52 2.49 2.83 1.57 2.00 2.48 2.74 0.49 3.35 2.93 2.00 1.09 0.98 0.90 1.12
8.98 7.80 8.62 7.77 13.95 19.73 21.37 20.19 17.53 16.00 17.82 19.62 21.13 25.73 25.86 23.42 16.47 10.11 7.08 4.85 6.51 4.01 2.29 9.97 6.94 7.38 7.53 17.07 23.55 24.27 24.07 25.76 23.95 20.42 17.99 14.85 13.20 13.88 9.97 7.49 9.81 12.90 16.65 14.48 13.35 13.45 12.14 10.61 9.72 4.93 7.37 4.37 3.46 2.66 2.33 1.30 1.90 3.02 3.91 7.36 2.11 3.60 3.04 0.78 2.92 1.19 2.55 2.23 1.77 2.53 2.38 1.86 2.01 2.18 2.90 3.77 4.04 4.39 4.40 4.57 4.67 4.63 4.69
9.41 7.63 7.94 11.86 17.67 19.57 17.22 14.62 13.07 13.36 16.56 17.97 19.08 22.28 25.03 22.33 13.87 7.15 5.60 4.66 5.35 5.13 9.04 7.56 6.80 5.02 9.18 19.98 25.03 22.44 21.83 24.76 23.60 19.18 15.23 11.99 12.02 12.60 9.46 6.75 8.46 11.72 15.27 14.78 14.57 12.44 10.09 8.57 7.39 5.87 7.94 4.20 3.47 2.64 1.86 1.57 1.87 2.37 4.02 4.29 6.67 3.88 1.83 3.27 0.50 0.85 1.34 2.18 1.66 2.05 2.12 1.64 1.09 1.14 1.02 3.04 3.74 2.34 4.36 4.49 1.09 3.08 3.84
5.27 4.63 7.00 14.34 18.94 17.94 14.26 11.45 11.68 13.63 16.03 18.01 17.72 20.65 23.64 20.74 10.86 4.45 5.08 5.34 9.06 7.51 7.50 7.48 6.40 4.74 12.54 23.10 24.17 19.08 19.09 23.18 22.96 18.81 13.15 10.15 11.13 12.14 9.15 6.32 7.03 10.04 13.89 16.94 15.91 13.30 10.83 9.05 6.77 6.79 5.94 4.28 3.57 2.52 1.88 1.66 1.95 1.86 3.37 5.08 8.10 2.88 1.95 3.08 2.17 2.05 2.13 2.15 1.64 2.02 1.57 1.45 1.19 1.62 1.11 0.38 1.39 4.25 3.12 4.50 4.63 4.67 4.76
1.96 3.52 7.42 15.32 18.44 15.51 11.95 9.79 10.26 12.06 13.35 13.88 15.81 20.07 22.05 18.85 7.69 2.43 5.36 6.96 6.52 9.35 6.91 7.09 5.19 5.04 16.46 23.64 20.57 15.56 16.96 22.33 24.26 17.98 11.50 9.13 11.13 12.12 8.69 5.82 6.48 8.32 11.88 16.27 17.10 14.75 13.83 11.75 8.44 6.32 5.37 4.58 3.79 4.57 1.87 1.54 1.69 2.01 2.14 4.39 5.40 4.39 2.92 2.23 2.15 3.33 2.92 1.86 1.99 2.24 2.37 1.34 1.50 0.93 0.73 0.51 0.22 4.22 1.82 2.77 3.53 3.22 3.99
7.96 7.35 9.53 15.29 16.62 13.63 10.65 8.99 9.23 11.21 11.87 11.77 13.52 18.63 22.69 17.20 4.99 1.90 6.51 9.00 7.65 9.53 0.79 3.90 5.10 7.23 18.58 21.62 16.51 13.49 16.52 22.87 21.90 15.13 9.69 9.38 12.22 12.37 7.81 5.09 6.70 7.86 9.33 13.67 17.36 15.98 13.34 10.80 9.10 7.89 5.93 4.99 4.74 4.71 3.94 1.57 1.50 1.72 1.65 2.38 4.99 4.31 4.15 3.12 2.53 2.51 2.61 3.74 1.55 2.89 3.49 2.52 0.41 0.57 0.45 0.43 0.98 0.76 0.65 1.06 4.86 5.12 1.23
8.01 8.81 11.70 14.97 14.76 12.41 9.58 8.20 8.97 10.52 10.34 9.81 11.51 18.19 25.48 15.48 3.42 1.81 7.42 10.44 5.77 4.52 4.21 0.19 5.20 9.74 18.05 18.41 14.37 13.11 17.22 23.11 20.77 12.57 8.33 10.23 13.87 12.71 6.67 4.32 7.02 8.53 7.75 11.25 18.20 16.25 14.13 14.08 10.04 7.68 6.58 5.48 5.08 4.15 2.83 1.84 1.57 1.36 1.31 1.10 3.39 5.44 4.22 3.88 3.67 3.00 5.19 2.99 3.17 2.82 3.86 0.68 0.95 2.10 1.84 0.51 2.15 1.55 2.34 1.69 1.19 0.98 1.08
5.74 6.57 9.93 12.56 12.36 10.63 8.51 7.79 8.82 9.57 9.15 8.65 10.52 18.01 23.65 14.72 2.84 2.03 8.36 10.91 5.41 2.00 3.54 4.50 4.78 10.97 15.64 14.93 14.36 14.08 17.54 22.34 18.48 10.85 8.06 11.09 14.89 13.79 5.86 4.13 7.22 9.55 7.53 8.54 13.49 16.25 16.86 12.62 10.54 8.61 8.19 6.22 7.21 4.32 4.18 2.53 1.43 1.24 1.43 1.60 2.11 4.55 5.39 3.88 3.35 2.82 2.13 3.14 3.71 3.19 2.85 2.47 1.87 1.90 1.68 0.77 2.33 2.22 2.66 2.95 1.33 1.40 0.65
