examples/cougarCreek-fire/createInputs/farsite/7a-cougarCreek-polygonIgnit/cougarCreekFire_08-12-2015_2000_217m_non_neutral_stability_vel.asc
ncols	146
nrows	140
xllcorner	610065.000000
yllcorner	5095217.000000
cellsize	216.586807
NODATA_value	-9999.000000
[rows 72 to 107 of 140, columns 0 to 80 of 146]
3.08 3.33 3.64 3.93 8.41 12.61 12.23 9.31 12.51 13.17 13.44 13.84 13.63 9.70 7.05 6.50 6.62 6.77 11.04 7.00 7.19 7.35 7.47 10.97 7.84 9.15 10.72 16.40 17.55 16.37 17.25 16.47 15.58 17.99 16.59 16.55 15.80 11.06 17.02 14.79 15.38 15.50 10.51 14.65 14.59 10.35 10.96 17.81 11.73 8.75 11.39 8.73 17.85 17.39 8.76 8.79 8.74 8.59 8.41 8.50 9.01 9.35 17.14 12.83 13.08 9.32 17.23 9.02 9.02 12.94 9.28 16.05 17.53 17.24 17.14 16.51 13.59 15.18 13.60 15.58 16.53
3.17 3.42 3.69 3.96 8.89 11.94 12.08 9.75 13.23 13.51 13.34 13.64 13.49 6.37 8.62 6.59 6.64 6.77 6.91 7.06 7.23 7.40 7.54 14.89 7.88 9.38 16.23 16.97 15.33 11.37 18.23 15.99 15.40 16.03 14.13 16.68 11.20 15.10 16.91 14.51 16.78 15.37 10.66 14.96 15.65 10.43 16.98 11.23 11.38 8.60 11.93 8.46 17.60 8.46 17.54 8.53 8.54 8.48 8.26 8.23 8.61 9.02 10.20 17.40 17.17 16.71 12.73 17.33 17.58 17.55 17.61 17.57 17.65 17.47 17.11 15.73 13.33 13.50 13.14 13.12 16.47
3.21 3.45 3.70 3.95 9.14 11.75 11.89 12.32 13.15 13.35 13.39 13.55 5.88 14.35 6.27 6.47 6.57 6.68 6.86 7.04 7.20 7.36 7.54 10.83 7.90 10.12 16.68 14.86 11.42 17.70 16.99 15.64 15.88 11.52 14.24 17.59 11.23 15.14 17.01 14.84 16.22 15.27 15.04 16.03 10.39 10.54 10.90 10.90 11.24 11.24 8.40 17.52 17.41 8.31 8.41 17.65 8.30 8.29 8.09 8.04 8.22 8.54 8.88 16.49 17.59 16.59 17.15 16.86 15.55 14.49 15.22 15.78 15.17 8.61 15.26 13.75 13.28 13.23 13.13 12.73 13.73
3.26 3.51 3.76 8.31 9.68 9.90 9.83 12.25 13.06 13.06 10.42 12.62 13.68 14.39 6.16 6.43 6.63 6.76 6.90 15.32 7.24 7.41 7.56 7.74 9.86 11.41 16.37 11.24 17.11 16.43 18.17 15.70 17.02 10.85 15.86 15.72 11.26 15.19 17.10 15.79 16.41 15.24 15.18 10.78 10.24 15.12 7.97 16.45 8.18 11.95 8.22 8.06 17.39 8.16 8.22 14.89 17.26 8.00 7.88 7.87 7.91 8.13 8.54 10.18 17.36 12.51 16.02 12.35 12.20 15.87 8.34 8.53 15.63 13.00 8.15 13.25 13.28 12.83 13.14 13.21 13.32
3.34 3.58 3.81 9.08 9.72 9.96 9.54 10.03 12.88 9.63 5.68 5.85 5.92 14.38 6.21 6.44 6.63 6.75 14.01 7.07 7.24 7.39 7.56 7.73 11.38 15.79 15.61 16.29 16.17 17.26 18.01 16.06 16.62 15.32 17.82 11.20 11.19 15.27 11.84 15.68 14.98 15.05 14.81 14.46 10.21 10.22 17.21 7.98 8.13 12.00 8.11 8.01 7.99 8.00 7.97 11.74 17.01 7.70 7.70 7.69 7.61 7.83 8.20 8.32 14.27 16.32 16.24 15.94 12.03 14.90 14.83 11.86 11.49 14.50 12.32 14.04 13.31 12.81 12.51 13.80 15.11
3.43 3.65 3.85 9.49 9.72 8.96 8.93 10.41 10.22 8.69 5.82 8.75 6.20 6.24 6.31 6.46 6.58 6.70 6.85 7.02 7.18 7.33 7.53 11.59 12.70 15.20 15.64 16.34 17.02 16.61 16.18 18.00 15.33 16.76 15.59 11.07 8.20 15.12 11.75 16.24 10.94 11.84 11.86 11.70 10.25 10.07 14.81 8.02 8.00 11.93 7.98 7.90 7.82 7.74 7.70 11.53 16.71 7.49 7.49 7.42 16.15 7.60 7.84 7.92 10.91 16.16 15.84 15.94 15.96 13.09 14.77 13.69 14.08 14.82 7.75 7.92 7.90 14.42 11.59 13.16 13.48
3.52 3.72 3.91 9.91 9.43 4.56 9.38 12.57 10.04 9.33 9.81 13.86 6.08 6.17 6.26 6.40 6.49 6.62 6.77 6.92 7.08 7.27 7.47 11.48 14.75 15.63 15.74 16.29 16.74 16.06 16.41 17.98 17.53 17.78 12.41 8.14 8.05 12.27 15.40 15.01 11.86 11.84 11.85 11.82 11.44 11.30 11.63 14.74 7.71 11.82 11.80 7.74 7.63 7.49 7.36 7.31 16.39 16.24 16.16 7.16 7.21 7.40 7.52 7.55 7.67 15.82 16.04 15.94 14.81 7.56 7.49 7.61 15.31 15.13 7.68 7.72 13.59 11.20 15.85 13.58 12.81
3.64 3.82 4.00 9.64 9.81 4.56 9.64 10.60 10.16 9.99 10.25 13.23 13.63 5.97 6.13 6.28 6.41 6.56 6.71 6.87 7.05 7.22 15.18 7.48 7.61 15.45 15.49 15.59 16.34 15.97 15.36 17.26 17.33 17.44 12.28 8.01 7.90 12.21 14.58 15.47 11.84 11.76 11.80 11.72 11.53 11.55 11.50 11.38 16.56 7.68 11.80 7.63 7.45 7.17 7.04 9.50 7.05 15.78 15.50 7.02 7.02 7.09 7.21 7.15 7.25 10.05 14.92 14.76 14.79 7.39 7.29 7.41 7.49 13.08 12.33 11.09 7.46 7.70 15.84 15.09 12.87
3.76 3.92 4.08 10.18 9.78 4.59 4.78 10.22 10.31 10.33 10.93 12.94 10.34 5.91 6.08 6.23 6.40 6.55 6.69 6.88 7.09 7.24 11.21 7.37 14.37 15.49 15.14 7.88 16.14 12.95 16.41 17.42 17.34 16.05 12.35 8.08 7.99 12.32 11.33 16.64 11.71 11.73 11.64 11.72 11.69 11.59 11.36 10.06 10.90 7.73 7.70 7.53 7.20 6.96 7.09 7.20 6.91 15.31 9.82 6.93 6.82 6.85 6.92 15.54 6.96 7.25 15.95 14.59 14.44 12.88 12.80 12.87 7.29 7.28 12.97 13.14 7.38 7.67 12.55 13.51 12.92
3.89 4.03 4.17 9.71 4.49 4.67 4.85 9.56 10.69 11.10 11.25 10.08 10.57 5.88 6.06 6.22 6.36 6.51 6.69 6.88 7.02 14.79 7.21 7.33 12.43 12.58 7.63 7.77 12.80 16.70 12.77 15.81 15.94 16.98 12.28 11.76 12.03 16.27 15.34 7.65 7.56 7.54 11.73 11.52 11.41 11.55 11.36 7.58 9.65 7.78 7.68 7.39 7.07 7.11 7.32 11.47 14.74 6.69 9.17 10.59 6.71 6.73 6.75 6.72 11.29 6.98 9.87 15.34 15.08 12.56 15.39 15.04 12.80 7.15 7.25 7.26 7.28 7.57 11.94 12.96 12.75
4.03 4.15 4.25 10.45 4.56 4.72 4.87 9.50 11.09 12.70 11.29 5.55 10.59 5.81 5.98 6.13 6.28 6.45 6.61 6.74 14.16 14.69 7.06 7.22 11.98 15.23 7.55 7.66 16.36 15.74 12.77 15.57 15.71 16.62 12.18 11.66 12.09 11.95 12.13 7.61 7.55 7.52 11.68 11.56 11.21 11.55 11.41 7.59 13.83 11.85 7.65 7.34 7.17 7.33 11.52 11.08 10.59 15.40 10.26 9.23 15.46 6.61 6.58 6.60 6.66 6.76 6.89 15.00 14.95 14.84 12.32 12.31 11.48 12.82 7.15 12.82 12.38 7.36 7.37 12.41 12.34
4.19 4.28 4.37 4.49 4.63 4.75 4.89 9.44 10.78 12.80 10.30 5.55 12.84 5.77 12.01 6.04 6.23 6.40 6.50 13.69 14.76 10.69 7.02 7.13 12.20 7.44 7.58 7.67 16.17 12.15 15.40 15.32 12.46 12.40 12.41 12.12 15.32 7.80 11.95 7.50 7.41 11.48 7.46 11.57 7.55 7.52 7.48 13.05 10.89 11.62 11.56 7.38 7.41 11.17 15.65 10.86 6.61 10.80 10.81 9.23 9.94 15.31 14.80 6.55 6.58 6.52 6.61 10.81 14.92 14.76 14.52 14.54 11.13 11.20 12.63 12.58 12.65 14.25 14.31 13.42 14.20
4.36 4.44 4.51 4.61 4.73 4.84 4.95 9.51 11.18 10.99 5.43 5.57 13.62 5.78 5.92 6.07 9.11 6.34 6.47 14.07 11.46 6.76 6.95 7.10 7.23 12.78 7.45 11.85 12.70 12.03 16.16 16.45 7.76 7.65 16.32 7.80 15.08 7.83 12.02 7.56 7.50 7.55 7.60 7.57 7.53 7.53 7.56 7.58 10.90 7.48 11.41 7.48 11.16 11.33 11.04 6.65 6.59 6.52 10.55 6.48 9.99 10.82 10.61 11.45 14.85 14.75 10.68 10.07 14.17 14.28 15.20 12.19 14.32 11.02 12.51 14.29 15.10 14.48 13.43 6.95 6.81
4.53 4.60 4.65 4.74 4.83 4.93 5.01 9.86 10.90 9.57 5.47 9.22 11.67 11.19 5.96 6.09 6.15 11.45 13.56 14.61 10.69 6.67 6.80 6.95 7.06 12.55 12.62 12.97 12.49 7.67 15.56 15.76 7.50 7.51 15.74 14.61 14.79 12.31 7.91 7.93 7.89 7.77 7.67 7.62 7.59 7.58 7.60 7.59 7.58 7.65 7.66 7.54 7.27 6.98 6.80 6.68 6.56 6.46 6.40 6.39 6.34 10.59 6.23 10.15 14.71 14.55 14.38 6.25 10.18 14.16 14.54 12.02 12.19 14.70 14.40 14.47 14.35 14.34 6.89 6.87 6.82
4.71 4.76 4.79 4.87 4.94 5.01 5.08 5.15 10.24 5.34 5.44 13.03 5.58 11.67 5.87 5.98 11.49 12.07 14.23 11.77 6.43 6.58 6.67 14.15 6.94 12.33 7.12 13.00 12.09 15.26 15.31 11.46 15.91 7.51 15.70 13.14 15.73 15.80 7.89 8.10 11.98 7.81 7.62 7.57 7.59 7.57 7.55 7.57 7.66 7.78 7.77 7.54 7.27 7.06 6.91 6.78 6.64 6.51 6.40 6.32 6.22 6.13 6.12 6.14 14.48 14.33 14.24 10.81 10.61 10.69 10.68 14.17 14.28 13.99 14.30 6.57 13.88 6.66 6.81 6.80 6.78
4.90 4.92 4.96 5.02 5.06 5.12 5.20 5.27 5.33 5.40 5.48 11.36 5.60 11.96 11.34 11.25 11.37 11.92 14.01 10.95 6.34 6.45 6.59 6.74 13.35 12.56 7.03 13.08 7.15 15.46 7.54 11.88 7.64 7.61 7.56 7.55 7.54 7.51 15.28 15.81 7.75 7.76 7.63 7.54 7.56 7.62 7.68 7.72 7.71 7.68 7.61 7.47 7.30 7.14 7.01 6.87 6.69 6.53 6.38 6.26 6.14 6.09 6.10 6.10 11.07 14.22 14.06 10.95 10.87 6.19 6.34 14.02 13.90 12.94 13.88 12.97 13.32 13.81 13.73 14.29 6.74
5.08 5.10 5.13 5.16 5.17 5.22 10.29 5.32 5.40 5.46 5.50 11.38 5.56 11.39 11.50 10.92 11.30 14.10 13.88 6.14 6.24 6.34 6.48 6.62 12.88 6.85 6.99 7.09 7.21 7.37 12.94 14.79 15.80 7.56 7.46 15.39 7.45 7.39 15.38 7.24 7.35 7.49 7.54 7.53 7.57 7.65 7.71 7.71 7.69 7.68 7.63 7.47 14.32 7.17 7.03 6.86 6.67 6.52 6.39 6.27 6.19 6.14 6.12 6.04 14.19 13.78 11.06 13.94 13.92 13.89 6.19 13.66 14.00 14.02 6.32 6.42 6.53 6.63 6.66 13.10 6.71
5.26 5.26 5.24 5.22 5.24 5.26 10.34 5.34 5.40 5.45 5.46 12.90 5.55 5.61 11.39 10.55 11.37 11.71 11.82 6.02 6.12 6.25 6.38 13.12 6.64 6.81 6.99 7.16 7.27 7.37 7.47 13.22 15.74 7.55 7.51 7.44 7.46 7.44 15.38 7.31 7.36 7.48 7.59 7.63 7.66 7.67 7.63 7.62 7.67 7.77 7.75 7.58 14.30 14.34 7.12 6.97 6.79 6.63 6.48 6.36 6.28 6.21 6.12 14.24 11.03 14.10 14.05 13.98 13.95 13.92 13.74 13.38 13.20 13.65 13.03 13.09 13.26 6.58 6.61 6.65 6.68
5.42 5.40 5.34 5.30 5.31 5.33 5.37 5.39 5.41 5.43 5.48 11.37 5.58 5.60 11.59 10.23 11.33 13.60 13.67 5.90 6.05 6.18 6.34 6.50 6.63 6.75 6.89 7.06 13.00 13.60 13.59 15.35 15.52 7.66 7.70 7.64 7.62 7.63 7.59 7.57 7.59 7.67 7.75 7.77 7.76 7.76 7.74 7.75 7.77 7.83 7.81 7.69 7.59 14.22 7.26 7.10 6.95 6.76 6.58 6.44 6.29 14.20 6.08 14.15 14.05 14.02 13.88 13.92 13.84 13.67 13.62 13.07 6.07 6.21 13.11 13.88 13.11 13.72 13.23 6.58 6.62
5.54 5.50 5.43 5.39 5.40 5.41 5.42 5.43 5.43 5.45 9.30 11.96 5.41 13.15 11.93 10.76 12.08 5.71 5.76 5.82 5.94 6.07 12.81 6.40 6.58 6.71 12.48 13.35 13.36 13.49 15.14 15.28 15.40 7.52 7.62 7.61 7.60 7.63 7.62 7.67 7.72 7.75 7.77 7.74 15.29 7.84 7.95 7.99 8.00 8.01 7.95 7.81 7.70 13.65 7.36 7.17 7.04 6.87 6.67 6.48 6.31 14.10 14.09 13.89 13.94 5.94 13.95 13.82 12.46 13.28 5.98 13.14 6.09 6.22 6.29 12.27 13.59 6.39 13.65 13.26 13.38
5.64 5.61 5.56 5.53 5.51 5.48 5.45 5.45 5.45 5.44 9.85 11.77 11.34 11.78 11.71 11.39 11.88 13.25 5.69 5.78 5.87 6.00 11.76 6.32 6.48 6.62 13.62 12.54 12.99 13.47 14.58 7.34 7.36 7.40 7.46 7.48 15.15 7.55 13.17 12.24 7.70 7.81 12.01 7.95 7.95 8.04 8.13 8.17 8.19 8.20 8.12 7.94 7.79 12.64 12.70 7.25 7.11 6.94 6.73 6.53 6.39 6.29 13.90 13.57 13.86 5.99 5.98 13.81 13.48 13.27 5.95 13.11 6.11 6.25 12.92 13.49 13.47 13.52 13.54 12.83 12.50
5.49 5.53 5.55 5.56 5.48 5.46 5.41 5.39 5.37 5.36 5.32 11.20 5.28 11.64 5.44 11.70 11.26 11.95 5.66 5.76 5.86 5.98 11.71 6.22 6.35 11.70 12.29 12.37 12.57 14.83 13.65 7.26 7.28 7.34 7.42 13.11 7.49 7.55 7.60 7.56 7.60 7.75 7.99 8.16 8.18 8.13 8.15 8.18 8.23 8.26 8.17 7.95 7.77 12.98 12.63 13.63 7.02 13.65 6.71 6.56 6.44 6.33 13.46 12.95 13.34 5.95 5.89 13.54 13.40 13.14 12.15 13.11 6.10 6.20 13.33 13.34 13.34 6.27 12.93 12.20 6.47
5.36 5.46 5.52 11.70 5.51 5.50 5.43 5.41 5.38 5.37 5.32 5.28 10.99 5.38 5.43 5.46 11.53 11.71 5.62 5.70 5.81 5.93 5.99 11.47 6.18 11.32 12.01 14.20 14.30 13.79 14.45 13.00 14.69 13.99 12.82 7.49 7.58 7.67 7.81 7.90 7.88 7.84 7.91 8.06 8.14 8.14 8.14 8.16 8.20 8.23 8.15 7.96 7.78 7.64 12.08 12.57 12.78 12.24 13.40 6.60 6.50 6.38 13.46 11.34 6.07 12.71 13.44 5.82 12.88 12.79 12.52 13.06 6.08 6.11 12.82 13.12 13.00 13.36 12.34 12.37 12.90
5.27 5.37 5.49 5.40 5.53 5.50 5.44 5.41 5.41 5.39 5.34 5.29 5.29 11.84 5.33 11.93 11.53 11.22 12.68 5.59 5.68 5.78 5.86 5.93 6.04 6.22 13.24 13.23 6.61 6.71 6.82 14.51 13.84 12.23 7.27 7.39 7.52 7.65 7.80 12.90 8.06 8.00 7.93 7.99 8.11 8.18 8.18 8.15 8.14 8.17 8.09 7.91 7.73 7.57 10.56 8.68 10.01 11.28 11.88 13.18 6.55 6.42 12.83 10.83 6.19 9.79 11.14 12.74 12.53 12.60 11.86 12.68 12.99 13.16 13.11 6.06 6.12 6.15 12.25 12.45 12.56
5.13 5.20 5.40 5.47 5.51 5.31 5.40 5.39 5.39 5.35 5.28 5.24 5.24 11.48 11.88 11.91 11.17 10.63 12.61 5.50 5.55 11.12 5.71 5.86 6.00 11.38 13.42 13.18 13.47 11.75 6.84 13.55 7.07 7.17 7.26 7.36 7.46 7.52 11.63 7.60 7.74 7.86 7.94 8.01 8.10 8.20 8.26 8.27 8.25 8.25 8.14 7.92 7.72 7.54 7.44 7.31 7.16 7.05 6.96 6.82 12.57 13.15 12.58 12.84 12.37 10.53 6.05 10.94 11.79 11.53 11.61 12.61 12.72 12.71 13.02 12.85 6.11 6.12 13.01 6.16 11.16
5.12 5.13 5.17 5.40 5.20 5.33 5.33 5.37 5.31 5.28 5.23 5.19 5.20 11.06 5.23 5.28 11.12 11.26 12.55 5.43 5.52 5.62 5.74 5.89 6.00 12.99 13.08 13.20 6.48 6.62 6.77 6.92 7.05 7.15 7.25 7.37 7.45 7.51 7.55 7.58 7.59 7.65 7.79 7.93 8.05 8.16 8.27 8.33 8.33 8.33 8.24 8.06 7.87 7.69 7.53 7.38 7.23 7.11 7.00 6.88 6.72 12.25 12.67 12.76 12.16 6.17 6.11 6.05 6.02 6.00 6.02 6.05 6.08 11.86 12.66 12.43 6.09 5.96 6.08 12.94 6.16
5.20 5.20 5.38 5.33 5.36 5.19 5.30 5.33 5.22 5.24 5.19 5.15 5.18 11.25 5.21 5.27 11.09 11.80 12.35 5.42 5.53 5.70 5.84 5.91 5.92 13.15 13.10 6.25 6.41 6.56 6.69 12.63 6.91 7.03 12.75 12.25 12.78 12.03 12.85 13.29 7.67 7.63 7.71 7.89 8.05 8.16 8.22 8.28 8.29 8.28 8.21 8.10 7.98 7.84 7.67 7.52 7.37 7.21 7.07 6.94 6.84 6.73 6.62 6.50 10.12 6.34 6.24 6.17 6.15 6.15 6.16 6.15 6.11 12.10 12.27 12.47 12.72 5.93 5.97 12.77 6.26
5.04 4.89 5.31 5.29 5.10 5.20 5.39 5.27 5.23 5.23 5.13 5.11 5.17 5.20 5.22 5.23 5.29 5.28 5.35 5.39 5.49 5.61 5.69 5.74 12.64 12.74 6.04 6.18 13.12 13.10 6.54 6.66 6.76 12.33 11.91 12.04 12.16 13.42 13.19 11.39 7.42 7.55 7.70 7.80 7.91 8.04 8.15 8.24 8.30 8.30 8.19 8.07 7.97 7.86 7.73 7.59 7.44 7.31 7.18 7.06 6.95 6.84 6.74 6.62 6.53 6.44 6.35 6.28 6.24 6.22 10.25 11.25 11.36 6.11 11.66 11.95 12.49 5.95 5.96 6.17 12.70
4.66 4.82 5.17 4.83 5.04 5.25 5.29 5.17 5.31 5.20 5.02 5.12 5.15 11.54 5.18 5.22 5.24 5.29 5.34 5.38 5.44 11.26 5.45 12.45 5.64 5.82 5.97 6.07 13.36 12.87 11.82 6.56 6.71 6.85 13.51 13.64 12.65 7.28 7.36 7.46 7.58 7.66 7.78 7.86 7.93 8.02 8.14 8.26 8.37 8.45 8.35 8.11 7.96 7.88 7.80 7.70 7.56 7.41 7.26 7.14 7.04 6.95 6.85 6.77 6.68 6.56 6.45 6.38 6.32 9.64 10.86 11.49 11.16 11.18 10.29 6.20 6.28 12.20 5.97 5.96 12.60
4.69 4.76 4.72 4.77 4.97 5.24 5.12 5.14 5.07 5.13 4.98 5.10 5.12 5.10 5.11 5.19 5.17 5.20 5.26 5.27 5.31 5.30 5.23 10.64 5.55 5.71 12.20 13.11 13.22 6.23 6.36 11.80 12.70 13.38 13.69 13.88 7.13 7.40 7.77 8.10 8.19 8.03 7.88 7.89 8.00 8.10 8.17 8.27 8.35 8.39 8.31 8.10 7.97 7.92 7.85 6.41 6.79 6.28 7.34 7.23 7.14 7.06 6.99 6.90 8.39 9.69 8.60 6.52 6.44 6.37 9.65 9.55 9.73 9.36 6.19 6.17 9.64 11.36 12.20 12.49 12.16
4.62 4.65 4.76 4.83 4.97 4.99 5.15 5.19 5.33 5.00 4.91 5.05 5.03 5.09 4.89 5.13 5.21 5.15 11.73 5.21 11.33 5.22 5.13 5.35 5.52 5.63 11.87 12.76 12.54 6.21 6.34 6.42 12.97 13.31 13.47 13.38 11.42 11.59 12.67 14.88 7.91 7.97 7.86 14.22 14.50 7.91 15.10 12.12 8.21 8.33 8.38 8.23 8.00 7.84 8.83 9.59 10.59 9.23 6.69 7.31 7.22 7.13 7.02 6.93 6.86 6.82 6.77 6.70 6.64 6.58 6.53 6.47 6.39 6.36 9.51 6.38 6.35 6.34 11.38 12.13 6.37
4.84 4.78 4.79 4.86 4.85 5.00 5.03 4.97 5.05 4.87 4.85 4.91 4.86 4.89 4.87 5.05 5.15 5.15 5.22 5.02 5.00 5.09 5.21 5.37 5.52 5.59 11.93 12.51 12.01 6.13 12.31 12.86 12.89 12.95 12.16 13.55 13.24 13.54 14.28 14.14 13.14 7.41 7.64 7.72 12.22 12.77 12.18 7.94 11.25 11.28 8.42 8.36 8.09 7.79 5.60 6.88 7.30 6.64 7.46 7.38 7.31 7.23 7.16 7.09 7.04 6.99 6.95 6.92 6.88 6.83 6.79 6.74 6.64 6.51 9.18 6.47 11.19 11.36 11.75 12.31 12.04
4.39 4.67 4.66 4.75 4.80 4.93 5.21 4.88 4.81 4.88 4.82 4.82 5.02 5.12 4.82 5.17 5.13 5.20 4.93 11.01 5.02 5.13 5.23 5.36 11.62 5.53 11.76 12.43 11.82 12.19 13.00 13.04 12.78 13.00 13.24 13.83 13.73 13.25 13.27 13.38 13.67 14.94 14.04 11.76 10.68 7.83 7.90 7.97 10.92 12.19 15.55 11.45 8.08 7.87 7.69 5.30 5.71 7.54 7.51 7.46 5.81 6.03 7.32 7.30 7.25 7.18 7.13 7.10 9.24 8.67 8.92 8.92 6.84 8.79 8.67 6.53 6.57 11.27 11.47 12.02 11.78
4.25 4.39 4.58 4.72 4.77 4.82 4.94 4.88 4.78 4.82 4.84 4.90 5.17 4.90 4.94 5.16 5.11 5.18 4.85 11.15 5.13 5.09 5.21 5.38 11.37 5.50 5.64 12.34 11.82 12.19 12.90 12.33 12.65 13.07 13.13 13.80 13.40 6.71 6.82 10.66 11.92 13.88 13.18 11.25 7.71 10.17 7.96 8.03 10.26 10.04 8.13 8.13 8.14 7.99 7.71 5.20 7.54 7.56 7.55 7.53 5.34 5.74 5.85 6.76 8.42 8.22 8.60 8.78 10.25 9.97 9.97 9.45 9.22 6.93 6.80 6.68 6.60 6.58 6.53 6.46 10.92
4.17 4.34 4.65 4.80 4.85 4.93 5.02 4.90 4.79 4.89 4.95 5.13 5.17 4.87 5.17 5.11 4.85 5.19 4.85 4.87 4.89 4.97 5.16 11.50 5.44 5.46 11.63 12.41 11.79 11.93 12.40 12.50 12.80 12.91 13.31 13.62 12.04 6.75 6.87 12.89 7.16 13.32 13.16 7.52 11.63 11.47 11.20 10.40 8.10 9.73 8.32 8.31 8.34 8.34 8.12 4.64 7.63 7.64 7.65 7.65 5.67 6.72 8.53 8.64 8.73 8.59 8.73 9.76 9.34 9.83 10.57 10.96 10.90 9.74 7.04 6.86 7.87 7.77 6.55 6.58 6.62
4.21 4.36 4.66 4.60 4.94 5.01 5.03 4.96 4.84 4.89 4.90 5.13 4.96 4.96 5.19 5.12 4.87 5.19 4.83 4.85 4.86 4.92 5.08 10.75 10.56 5.43 11.76 12.03 11.04 11.48 11.42 12.99 13.10 12.85 13.05 12.38 6.61 6.77 6.89 14.02 12.97 13.51 11.92 11.61 11.82 11.82 7.81 7.93 12.02 13.79 14.20 13.19 10.34 8.56 4.84 5.61 4.62 7.78 7.76 4.83 6.90 8.17 7.62 6.28 7.56 6.51 8.03 8.26 7.89 8.24 8.71 9.48 10.48 10.50 9.26 7.14 7.02 6.93 6.95 10.97 10.64
