examples/cougarCreek-fire/createInputs/farsite/7a-cougarCreek-polygonIgnit/cougarCreekFire_08-12-2015_0500_217m_non_neutral_stability_ang.asc
ncols	146
nrows	140
xllcorner	610065.000000
yllcorner	5095217.000000
cellsize	216.586807
NODATA_value	-9999.000000
[rows 49 to 97 of 140, columns 0 to 95 of 146]
315 325 340 349 356 11 25 41 46 48 53 63 73 86 106 77 66 61 49 56 60 29 22 42 41 55 73 76 82 88 71 72 68 58 49 48 10 340 339 341 350 332 337 344 355 322 333 321 313 311 314 316 321 323 318 310 300 292 284 279 277 280 281 278 275 268 263 255 255 254 254 257 262 262 261 260 263 262 216 224 224 233 192 158 63 55 51 51 52 51 51 65 93 16 26 29
307 311 324 348 15 39 45 44 46 49 64 81 87 84 66 45 46 38 36 50 54 38 31 24 22 37 56 72 92 89 67 72 71 58 46 47 11 343 342 340 339 326 316 320 333 342 333 328 325 322 322 323 322 320 315 302 291 287 283 278 272 274 279 283 283 280 272 263 257 252 250 251 257 262 267 254 238 261 39 250 159 167 182 193 155 83 58 52 51 53 56 62 73 83 86 82
296 299 328 13 41 38 36 41 46 54 65 66 81 69 92 28 34 31 40 51 46 41 35 6 16 38 63 86 97 89 65 74 73 56 43 48 3 352 350 345 337 321 305 302 314 314 297 301 306 306 307 313 318 324 324 304 292 288 281 278 276 281 274 276 277 278 288 284 282 292 295 287 280 282 291 250 252 242 187 287 136 152 172 182 256 166 134 95 68 56 52 54 57 61 67 71
290 295 338 19 23 29 38 43 43 56 68 61 38 31 23 22 26 34 43 46 41 45 48 58 20 63 89 103 97 72 60 74 72 55 43 39 6 360 354 348 340 325 305 292 296 290 286 273 277 279 285 294 306 326 335 331 315 299 290 281 275 278 281 265 261 257 259 261 280 284 262 268 255 234 218 210 203 197 192 170 269 86 79 140 157 207 258 147 128 85 63 58 58 60 64 66
296 317 359 13 18 20 28 34 42 58 54 69 21 21 29 29 28 44 49 47 41 39 42 11 43 77 90 83 74 62 47 58 71 55 55 29 15 10 3 1 352 339 313 291 285 284 284 285 290 292 283 287 291 303 319 327 320 302 294 287 275 270 270 268 268 273 248 268 258 257 262 260 255 256 258 259 259 234 260 193 184 141 317 267 240 117 142 153 150 137 114 92 78 69 65 64
298 318 356 357 358 2 26 41 47 55 67 54 23 32 46 45 42 58 60 56 42 32 29 19 36 58 60 57 65 58 36 57 72 57 53 22 6 4 10 8 356 352 342 307 276 271 274 274 272 276 285 305 291 291 294 295 288 280 283 277 263 259 261 262 266 274 272 262 257 257 257 261 262 205 248 238 234 198 257 278 275 275 251 121 71 230 87 229 150 148 126 326 95 80 68 61
280 301 341 345 339 3 37 46 25 22 50 43 28 37 47 50 48 61 62 48 33 21 17 21 37 42 45 55 70 58 34 61 71 59 41 22 10 23 14 2 1 2 358 10 332 286 263 265 272 277 278 279 305 288 292 283 266 260 268 267 262 274 262 237 237 236 257 268 229 218 216 212 224 261 209 207 257 268 211 209 218 240 192 151 85 70 65 65 52 29 58 84 90 82 79 69
269 287 330 347 357 37 62 31 4 357 13 29 41 32 49 51 47 61 53 26 18 8 6 20 38 38 52 70 72 52 35 53 68 58 38 18 9 23 4 5 2 6 358 18 1 334 288 264 262 264 280 283 282 286 282 287 280 274 273 271 248 223 236 236 234 230 220 227 227 223 218 226 227 216 212 214 209 209 221 228 241 211 213 224 38 298 28 18 19 22 39 248 61 192 263 65
279 289 342 13 45 74 72 3 347 357 27 54 33 32 52 53 61 81 55 358 8 360 4 27 36 34 58 75 62 39 41 59 73 72 62 37 11 16 357 360 359 359 359 353 346 360 333 317 282 267 266 269 282 282 272 279 272 232 233 229 229 230 236 235 234 231 232 235 232 225 217 212 220 212 218 227 238 253 258 238 232 224 223 249 229 340 348 4 30 38 42 332 305 268 57 258
294 297 7 19 324 340 13 345 354 22 69 64 31 53 69 71 83 109 129 293 5 1 30 51 35 42 71 75 50 36 53 68 71 68 59 38 2 12 29 2 358 353 355 354 350 5 358 350 339 318 291 276 269 274 263 243 231 236 254 252 240 232 219 225 230 235 235 234 230 223 218 205 225 239 257 275 287 291 259 255 295 307 237 231 227 234 270 351 298 56 48 52 58 56 51 2
296 308 6 319 318 38 199 349 12 51 69 55 68 87 93 90 103 112 127 214 2 6 30 27 23 60 80 65 43 45 67 72 59 58 34 45 360 360 360 12 7 355 359 354 357 352 347 341 349 347 339 324 301 288 284 282 275 267 261 256 254 253 252 250 247 242 237 235 228 216 231 246 267 283 292 298 300 300 272 274 272 335 268 261 253 346 245 249 261 283 52 65 317 336 54 344
284 299 32 30 26 141 153 10 53 74 86 106 126 137 124 117 114 111 110 274 358 357 6 8 38 69 69 53 52 64 76 59 55 54 35 25 34 357 1 3 8 357 353 349 348 351 351 359 356 356 328 332 333 326 324 322 316 310 304 295 284 276 271 268 265 256 237 240 246 260 275 290 299 302 301 299 276 278 309 319 330 295 298 298 292 292 284 280 279 287 300 322 64 334 336 359
276 333 40 14 13 154 136 50 82 105 122 144 177 165 139 122 114 104 51 310 360 352 5 20 47 61 62 61 66 65 56 49 52 49 30 17 36 358 2 1 3 356 354 349 342 344 342 340 354 334 326 319 316 316 337 341 341 341 339 336 329 319 305 291 282 281 288 297 304 307 308 308 308 306 282 283 306 307 307 310 318 328 339 347 353 1 319 314 304 295 287 298 59 335 53 52
333 23 60 20 25 32 15 92 136 159 163 174 163 150 130 117 107 75 2 340 3 354 348 5 31 50 58 64 67 60 49 47 70 46 20 12 6 1 4 6 5 358 356 357 345 343 341 334 334 327 320 315 320 333 334 340 344 346 347 345 344 342 338 331 323 319 322 326 327 324 320 317 315 313 286 311 310 307 304 303 308 315 326 340 308 303 307 310 303 300 297 286 285 293 311 336
46 57 76 87 75 93 139 170 184 208 188 162 145 137 124 109 89 24 5 353 354 352 347 360 26 40 54 64 65 56 47 63 66 37 20 8 8 1 4 6 7 354 346 356 350 345 345 343 340 330 322 321 320 329 328 335 343 347 347 344 344 345 346 345 341 335 331 331 333 331 327 326 327 325 300 318 313 307 299 296 299 307 317 307 301 289 289 297 300 295 293 279 258 266 270 271
59 66 82 130 174 179 187 195 221 199 173 145 126 123 116 98 66 343 3 1 345 358 355 2 16 27 51 63 57 51 52 44 46 26 16 8 10 8 7 9 7 356 345 347 352 346 345 345 348 340 326 315 312 319 325 331 342 348 348 343 339 340 342 343 342 337 332 330 331 332 331 329 330 331 331 328 321 310 282 279 285 295 300 306 313 313 305 303 300 293 294 296 292 301 298 312
358 58 66 87 359 280 256 263 279 186 127 116 106 104 96 81 46 340 15 1 351 19 1 357 11 27 56 67 59 57 53 34 32 22 11 9 14 9 9 16 11 3 348 339 346 342 347 344 346 353 330 317 317 324 325 326 339 350 352 345 337 334 335 337 337 336 335 332 329 327 328 328 326 328 336 343 337 328 326 326 324 322 272 272 268 270 276 277 279 284 282 255 253 274 277 20
56 61 71 27 14 346 335 342 353 7 68 93 89 80 72 68 321 343 21 7 358 39 342 345 9 32 53 71 70 65 49 26 19 17 8 9 19 6 9 23 15 5 348 336 338 335 341 339 338 342 347 328 326 333 325 324 335 351 356 349 339 334 333 333 333 333 336 338 335 329 328 313 311 327 338 314 347 340 342 346 352 356 2 268 251 36 53 55 240 257 231 15 282 301 314 15
63 54 42 14 4 353 347 349 360 13 41 68 71 65 61 56 312 347 20 11 22 4 348 347 5 31 57 77 61 44 34 18 12 16 13 10 20 9 11 25 15 12 18 18 342 325 329 329 323 341 340 324 326 324 322 320 329 347 359 356 346 338 333 329 328 327 331 338 341 339 317 315 316 326 334 345 346 345 348 356 10 323 302 290 307 312 292 285 260 222 10 276 311 13 15 14
45 38 2 359 353 350 4 353 3 19 35 50 60 61 60 56 318 3 15 7 23 14 353 358 1 32 74 84 55 34 28 18 7 15 15 13 19 11 14 24 20 29 30 21 6 356 334 329 324 330 328 314 319 319 315 320 319 336 357 3 356 344 334 323 320 318 320 328 338 345 344 341 312 331 311 334 338 349 320 310 277 53 47 248 266 285 288 275 45 19 3 260 272 281 279 0
41 36 21 344 344 347 350 357 7 22 36 43 54 59 30 55 321 13 10 2 19 14 8 5 8 48 69 84 42 28 35 16 2 8 12 19 21 13 13 22 26 26 17 23 10 360 339 327 321 319 320 317 321 324 317 298 319 318 346 8 9 356 341 326 317 313 313 315 325 340 346 346 321 342 339 310 323 307 15 19 18 15 20 29 38 48 45 31 15 7 9 1 352 274 359 1
49 50 335 328 332 341 350 360 10 24 35 43 51 56 57 41 325 17 10 6 11 13 20 13 31 53 69 72 30 31 43 22 1 4 10 20 16 9 13 20 19 23 28 28 17 3 333 335 327 331 328 314 321 331 322 306 293 330 324 1 14 9 356 340 325 316 312 308 314 325 338 345 327 327 323 320 318 322 5 313 5 6 11 17 17 11 4 1 2 6 8 2 358 354 353 299
10 355 326 344 325 337 350 10 17 20 27 33 37 40 54 28 332 19 12 13 10 18 31 19 32 57 74 37 17 34 39 14 359 5 12 15 11 8 13 13 19 13 28 13 23 6 0 331 329 328 329 327 325 331 326 311 298 291 305 335 9 13 5 355 343 330 323 320 309 317 326 340 323 319 318 323 328 328 330 326 0 1 333 9 10 5 360 360 4 9 10 7 5 4 0 0
3 339 322 343 325 338 350 10 15 17 26 30 42 51 51 27 337 25 16 16 13 33 41 22 39 17 61 24 23 37 33 7 355 8 23 19 4 358 12 11 18 7 24 29 26 11 333 359 344 345 335 332 328 341 324 315 310 313 313 309 347 10 8 2 354 344 338 335 331 328 321 326 320 314 315 349 337 336 339 336 328 320 328 359 3 4 3 3 7 12 14 14 336 13 12 11
330 322 340 337 324 338 349 8 9 15 24 29 44 55 53 30 341 27 27 17 22 48 42 19 48 35 37 27 39 37 20 3 355 16 19 19 358 347 10 9 19 5 16 23 14 18 2 342 343 340 342 335 330 347 338 327 316 327 316 310 323 356 8 4 356 349 343 341 340 339 320 321 325 326 324 327 340 337 341 344 331 317 320 350 354 4 8 7 7 11 18 23 24 23 338 330
341 338 334 334 319 332 359 6 9 17 28 35 43 70 59 32 340 43 43 16 40 48 39 33 337 21 28 37 36 24 7 358 0 21 19 15 355 348 10 6 15 3 5 17 26 24 11 337 344 350 335 332 331 348 346 332 329 339 327 328 314 334 1 4 357 349 342 329 327 335 341 337 338 338 334 332 340 339 341 353 339 322 314 315 351 358 8 315 314 6 14 27 31 31 324 33
324 332 351 330 334 346 360 6 12 26 43 70 43 75 66 29 342 45 44 23 51 51 39 44 332 39 28 35 26 22 9 358 22 22 22 2 353 356 8 13 14 358 359 12 22 9 20 10 339 351 339 339 338 347 344 345 333 319 312 309 315 323 346 359 359 353 346 340 319 326 340 343 340 340 343 338 337 343 339 339 340 322 310 310 318 357 4 337 314 303 7 22 31 34 329 330
329 342 331 326 332 346 4 6 14 32 48 64 67 34 63 22 7 50 38 38 52 49 53 333 36 24 32 30 17 23 15 2 18 19 7 355 347 1 7 10 15 359 355 8 16 25 352 353 338 351 347 342 343 349 348 348 333 320 315 309 334 317 330 348 358 357 351 332 337 317 330 339 340 338 348 354 335 342 343 328 325 323 355 357 321 1 336 335 327 20 14 306 22 30 35 329
327 339 330 328 336 356 10 5 21 17 36 51 52 23 54 20 24 48 44 50 58 60 63 35 357 22 29 25 21 29 21 6 19 18 4 354 344 1 9 12 10 0 359 3 6 19 7 19 339 353 353 346 348 352 350 349 332 327 343 332 319 312 320 337 353 342 340 336 323 314 319 330 338 335 349 355 345 340 345 336 332 336 329 327 329 6 340 325 327 323 21 19 307 23 33 34
338 341 331 332 344 2 10 2 18 2 33 51 55 25 51 21 36 55 54 61 69 50 60 11 320 14 19 22 21 31 28 4 12 8 359 21 343 358 10 23 357 353 1 359 8 13 17 355 342 352 354 344 348 358 358 353 328 330 330 312 307 334 312 328 350 342 356 331 348 341 334 310 322 327 346 346 358 355 341 322 339 353 340 332 330 8 11 340 338 342 332 24 28 307 351 37
334 344 335 335 347 15 9 360 18 3 42 77 43 67 50 343 56 22 63 63 66 51 27 359 320 12 18 25 19 27 31 2 1 11 356 349 359 358 17 23 1 349 351 356 359 7 15 21 349 338 352 339 342 4 2 0 356 326 344 322 337 304 327 338 340 0 1 354 352 348 345 340 335 317 335 347 350 353 343 336 329 351 351 344 332 11 13 22 25 25 29 340 329 325 307 347
344 346 337 335 351 13 11 14 19 34 106 33 85 72 44 29 21 35 50 63 60 53 34 337 311 10 19 34 22 16 28 10 5 19 355 348 346 2 23 15 2 3 344 351 357 3 11 25 29 19 342 339 338 359 359 2 358 355 359 355 351 336 317 309 321 350 1 358 355 352 347 346 344 338 313 326 337 345 342 342 314 339 5 354 331 333 19 28 31 32 351 359 355 327 53 52
347 347 341 308 2 17 20 16 12 18 83 83 87 72 39 52 31 55 66 62 51 19 28 327 311 1 29 44 17 358 24 20 17 12 355 346 354 12 23 359 0 11 356 341 339 358 7 14 27 22 12 335 348 353 350 358 2 357 355 0 2 353 340 326 331 333 355 1 359 355 350 328 349 345 337 331 330 335 344 350 351 321 0 17 351 326 330 342 359 43 339 341 4 335 56 60
352 354 346 338 14 13 20 343 6 4 59 75 86 73 42 57 52 73 78 47 38 62 11 321 310 7 40 326 13 352 18 23 18 1 357 349 360 29 21 355 3 3 3 346 332 347 0 3 22 359 355 22 7 347 343 353 4 2 356 3 345 1 354 344 330 327 343 337 359 337 353 348 346 347 343 337 323 328 338 352 2 5 333 15 30 355 331 328 324 3 354 333 8 15 336 55
359 1 352 352 8 9 21 337 8 7 79 95 86 72 23 50 65 71 71 35 26 63 350 324 337 23 40 43 16 347 23 26 1 2 6 358 18 33 10 2 14 352 353 346 342 336 357 347 17 7 348 350 357 346 343 347 359 357 353 1 5 348 360 355 347 315 340 351 359 357 354 348 346 346 325 343 316 332 332 343 6 20 309 340 11 14 3 340 337 321 344 329 333 5 12 52
3 4 1 10 10 13 308 320 12 27 94 112 23 64 48 56 71 74 52 33 79 37 324 325 319 24 35 37 23 345 12 14 348 2 9 11 26 24 14 40 30 355 326 345 348 338 349 333 15 15 350 5 351 350 350 343 347 1 359 355 358 353 359 347 358 356 346 351 345 357 356 352 328 345 332 325 320 324 327 319 330 32 42 302 336 11 7 7 6 344 327 331 69 332 344 67
4 8 9 13 11 14 29 24 18 81 103 117 106 8 51 70 47 48 37 20 67 356 302 303 342 30 37 36 26 350 357 20 356 350 7 15 20 16 36 28 32 12 342 356 353 346 345 16 6 28 349 358 355 1 353 346 352 341 350 349 352 349 351 353 333 329 337 347 351 341 338 357 313 327 330 327 326 324 306 288 298 330 338 330 327 345 353 341 4 12 345 332 336 307 78 92
359 10 14 16 12 19 31 27 29 99 112 119 129 21 41 46 44 33 83 75 63 340 291 279 2 40 42 38 31 1 359 59 9 326 2 10 10 16 13 31 41 28 350 6 6 347 350 319 350 20 359 346 337 348 349 351 337 350 334 342 346 347 342 349 339 334 339 342 347 348 351 325 319 324 328 328 330 338 311 20 17 283 317 330 333 336 345 69 69 313 335 345 68 64 61 63
1 12 20 19 14 21 12 19 23 52 95 105 120 13 25 39 43 16 67 68 63 305 259 351 14 36 44 43 35 19 35 45 360 260 339 5 2 12 31 57 55 43 12 12 21 350 360 313 20 20 8 349 332 313 330 342 338 326 321 348 342 344 331 343 341 4 344 340 342 346 352 344 335 8 7 318 312 320 331 313 291 21 301 320 329 341 5 19 58 64 64 59 54 49 46 43
4 14 15 14 19 18 22 28 24 34 60 76 82 353 16 36 38 73 74 80 77 242 202 1 27 48 69 66 38 34 43 34 4 318 321 3 357 3 184 134 105 89 80 16 28 355 355 1 20 134 17 353 73 333 358 286 342 342 297 344 343 342 338 325 337 332 337 336 335 336 343 345 338 322 17 15 15 9 5 310 309 306 305 315 341 323 335 53 54 53 51 47 41 36 35 34
14 18 16 13 22 16 21 27 26 32 48 26 59 52 17 40 32 91 88 91 103 158 157 19 57 249 239 61 28 33 273 25 8 17 295 359 1 3 187 157 143 5 144 13 33 348 343 7 36 35 28 3 87 267 349 263 347 342 354 343 341 341 338 331 329 323 325 329 324 324 330 343 353 348 334 318 322 316 17 296 296 291 38 36 291 40 42 36 46 44 40 35 30 28 29 33
20 23 17 17 25 24 28 27 27 33 45 26 48 44 14 349 28 102 100 101 120 157 354 41 264 246 236 36 16 27 34 16 9 346 39 336 11 4 187 164 143 41 146 353 23 334 333 55 227 195 42 7 99 297 269 359 269 341 291 292 333 330 286 335 336 331 319 321 313 310 314 335 335 349 4 337 334 337 320 35 28 25 26 28 30 30 32 34 35 32 31 28 26 28 31 34
26 26 17 18 23 25 29 26 31 32 40 48 49 47 35 31 20 96 104 111 127 151 14 45 243 222 45 29 31 34 16 3 357 352 334 346 18 6 185 55 54 16 143 348 12 341 29 255 235 204 196 159 319 307 310 346 355 338 343 271 341 327 328 321 335 329 331 325 314 308 305 316 320 319 349 337 335 341 337 315 313 327 317 21 24 24 29 33 23 24 26 28 30 34 37 39
19 35 16 14 20 15 31 30 24 47 51 14 62 17 69 21 91 10 102 113 127 352 32 255 224 202 10 23 42 38 354 343 346 347 343 360 22 20 57 164 49 8 143 132 159 15 38 44 219 204 208 171 324 173 209 322 336 325 342 348 345 341 322 312 327 303 323 332 319 311 310 320 325 317 337 328 324 322 317 308 307 317 333 338 332 334 335 325 25 25 31 38 42 45 47 48
20 11 18 17 14 7 34 50 30 75 36 19 81 26 22 18 28 32 104 113 128 353 30 50 206 195 16 25 24 13 352 332 347 1 11 41 226 212 169 145 147 166 151 95 81 36 38 221 205 193 192 7 335 177 204 215 303 307 328 338 345 338 313 300 306 331 333 327 319 305 302 327 314 315 336 332 329 319 22 13 10 8 15 317 337 342 335 35 21 23 331 44 46 50 50 50
3 10 19 23 13 9 34 46 57 67 92 30 27 26 22 18 25 25 117 121 150 348 22 41 205 202 25 8 346 2 7 341 6 24 260 265 262 248 129 107 117 175 181 124 105 167 209 208 193 177 173 4 329 187 207 211 292 223 298 323 337 337 313 246 261 291 316 319 316 306 299 321 300 337 337 352 23 340 316 15 12 9 17 24 17 320 320 338 26 29 326 45 55 54 49 50
26 9 9 29 14 12 38 50 52 54 36 33 33 20 22 15 17 28 126 125 155 356 24 219 217 217 13 343 212 25 219 1 19 34 265 262 260 257 100 88 89 145 168 127 84 49 104 172 176 162 154 151 162 193 202 205 215 227 237 237 328 311 299 274 278 269 261 300 305 305 300 307 330 329 338 350 3 12 19 313 17 12 313 317 317 13 329 332 333 32 43 341 45 51 52 45
11 15 14 13 14 18 38 47 48 44 31 25 31 22 16 13 22 34 125 113 131 38 226 233 234 226 356 341 10 52 34 21 48 263 266 266 263 241 126 110 110 133 152 131 26 35 60 82 118 127 122 125 143 176 196 208 220 228 237 241 291 298 269 277 295 286 295 299 298 297 298 307 306 310 326 342 349 4 19 318 23 18 13 13 329 341 338 340 22 20 323 341 339 42 43 42
18 19 10 16 13 33 42 42 44 42 55 36 34 20 86 5 21 17 133 345 83 301 258 244 236 353 215 8 32 256 25 266 271 270 270 272 271 265 99 101 118 153 178 260 338 27 50 56 61 78 89 96 107 134 194 223 234 242 248 253 259 263 264 266 274 285 291 296 300 305 306 306 310 305 313 332 351 352 13 340 19 15 12 17 313 15 21 27 339 23 35 32 37 37 38 47
