examples/cougarCreek-fire/createInputs/farsite/7a-cougarCreek-polygonIgnit/cougarCreekFire_08-12-2015_2200_217m_non_neutral_stability_vel.asc
ncols	146
nrows	140
xllcorner	610065.000000
yllcorner	5095217.000000
cellsize	216.586807
NODATA_value	-9999.000000
[rows 72 to 107 of 140, columns 0 to 80 of 146]
10.60 12.19 13.55 13.32 13.39 11.77 12.59 13.16 13.80 12.74 13.68 13.47 14.61 15.21 11.05 11.62 10.02 10.76 11.74 11.10 10.80 10.52 10.64 12.46 9.97 13.76 14.33 14.23 15.47 17.07 16.92 12.21 10.38 15.00 17.17 16.29 12.82 10.13 16.18 16.46 15.47 13.67 11.24 17.91 7.83 7.76 8.62 10.43 8.54 9.39 8.25 8.96 11.25 13.91 8.35 8.10 7.79 7.22 6.60 6.56 6.92 6.92 13.32 6.32 4.88 5.54 5.46 5.04 4.74 4.26 4.46 9.73 9.43 8.10 8.58 9.71 8.89 10.20 9.11 10.51 10.09
11.44 12.47 13.19 12.98 12.52 11.95 12.57 12.83 12.38 12.01 13.09 13.25 14.45 13.28 10.45 11.12 9.89 10.71 11.21 11.07 10.72 10.66 10.87 15.14 10.16 14.42 16.65 15.92 17.44 13.00 15.71 11.56 10.71 15.29 16.33 16.61 10.33 10.33 16.37 16.70 17.26 13.77 11.40 18.37 13.67 8.46 9.46 10.15 10.27 9.89 9.06 9.49 11.14 8.94 13.00 8.61 8.29 7.85 7.17 6.78 6.95 7.22 9.62 12.32 10.60 9.67 6.60 8.52 7.71 7.86 8.11 8.44 9.11 8.93 9.16 9.49 9.09 8.95 9.29 9.44 10.06
11.95 12.33 12.69 12.72 12.19 12.22 12.54 12.48 11.27 11.47 12.66 13.28 12.70 12.67 12.76 10.86 9.75 10.56 11.21 10.98 10.65 10.77 10.87 12.70 10.32 14.39 15.96 16.85 13.73 16.45 12.92 10.95 12.19 13.21 16.34 16.38 10.17 10.73 16.51 17.66 17.54 13.14 13.73 17.51 12.30 9.52 8.39 9.41 10.36 11.16 9.69 11.10 10.98 8.86 8.73 11.44 8.41 8.04 7.46 6.94 6.79 7.05 7.14 13.24 10.41 9.08 10.45 10.63 9.38 10.43 12.22 10.72 10.12 5.00 9.28 8.26 8.99 8.97 9.22 9.65 9.13
12.02 12.16 12.51 12.75 11.56 11.69 12.23 12.08 11.11 12.29 13.09 14.22 12.20 11.84 12.41 10.83 9.83 10.70 11.28 12.31 10.65 10.81 10.75 10.36 13.69 13.70 16.04 12.57 16.10 14.82 13.96 11.14 16.56 13.19 16.12 12.76 9.92 12.35 16.29 17.30 17.45 12.31 12.77 11.49 12.28 13.99 10.16 8.74 9.51 11.78 9.68 9.48 12.38 8.90 8.71 12.45 11.95 8.11 7.68 7.25 6.93 6.96 7.16 9.54 11.29 6.55 8.77 6.63 6.14 10.87 5.31 5.33 11.61 8.76 5.16 8.64 8.65 9.32 9.11 9.20 9.21
11.97 12.16 12.48 11.83 11.00 11.57 12.71 11.82 11.71 13.52 12.12 12.75 12.67 11.24 12.28 10.73 10.03 10.92 14.48 10.74 10.67 10.76 10.67 10.60 13.30 15.39 16.07 16.11 13.97 15.68 14.97 12.35 16.77 16.25 14.66 9.39 9.54 13.42 11.98 16.51 15.19 12.25 12.23 14.15 12.16 12.58 11.64 9.84 9.48 11.61 9.64 9.48 9.27 8.99 8.74 10.87 11.60 8.21 7.82 7.48 7.11 6.97 7.08 7.16 12.20 10.17 10.27 10.10 6.29 8.58 11.80 9.81 8.82 10.65 9.81 12.54 8.51 9.30 9.63 8.39 9.45
11.95 12.15 12.39 11.13 11.16 12.41 13.32 11.84 12.46 14.40 12.38 15.98 12.66 12.34 12.07 10.49 10.14 10.90 10.88 10.65 10.67 10.68 10.72 13.14 10.65 14.91 15.93 15.57 15.34 16.15 14.77 14.51 15.71 15.76 12.39 9.19 9.49 13.27 12.07 16.99 11.26 10.80 10.98 11.74 11.97 12.53 13.85 9.99 9.56 11.57 9.57 9.40 9.18 9.03 8.81 10.91 11.38 8.34 8.05 7.66 10.94 7.05 7.08 7.13 10.35 11.41 11.38 11.02 8.92 6.91 9.76 10.85 12.31 11.63 5.58 5.56 5.54 10.92 10.09 8.94 8.67
11.92 12.08 12.27 10.91 11.58 12.01 13.02 12.00 12.89 13.98 14.29 12.55 12.39 12.24 11.69 10.24 10.20 10.81 10.77 10.61 10.69 10.72 10.86 9.14 9.16 14.57 14.98 15.28 15.45 16.24 16.71 13.93 15.50 14.75 10.59 9.76 9.40 11.20 16.09 17.46 10.63 10.24 11.19 11.49 12.45 12.67 12.53 11.96 9.72 11.29 11.54 9.30 9.08 9.01 8.90 8.75 10.83 11.41 11.24 7.91 7.47 7.18 7.16 7.22 7.28 11.51 10.46 10.31 7.60 6.30 6.16 6.01 10.71 11.14 5.81 5.80 12.80 10.66 8.05 8.12 9.67
11.86 12.00 12.18 10.86 11.35 11.97 12.75 11.62 12.62 13.28 13.12 11.57 11.43 12.15 11.16 10.06 10.37 10.78 10.65 10.58 10.78 10.82 14.43 10.59 9.79 14.12 14.73 15.28 15.18 15.74 15.40 12.79 13.49 14.99 10.35 9.62 9.34 11.12 16.64 17.15 10.55 10.03 10.57 11.28 12.06 11.94 12.34 12.60 12.54 9.52 11.26 9.26 8.98 8.93 9.01 12.50 8.60 10.48 13.06 8.11 7.80 7.38 7.19 7.20 7.32 10.82 7.29 7.07 6.99 6.69 6.57 6.49 6.34 7.90 10.32 10.67 6.02 6.05 7.62 7.92 8.89
11.79 11.92 12.13 10.22 11.29 11.83 12.01 12.38 12.66 13.01 12.78 12.23 13.44 12.03 10.69 10.10 10.62 10.68 10.56 10.68 10.82 10.85 8.77 10.18 8.06 13.77 14.51 9.67 15.24 12.03 15.66 14.07 14.00 15.36 10.25 9.47 9.24 11.25 13.59 15.84 10.67 10.99 10.12 10.83 11.28 11.55 12.16 12.99 13.60 9.71 9.35 9.22 8.93 8.90 9.07 9.04 8.80 8.72 11.64 8.37 8.19 7.79 7.46 9.40 7.17 7.51 10.21 6.64 7.45 6.18 6.50 6.83 6.75 6.56 7.42 9.64 6.22 6.28 9.97 7.14 7.43
11.72 11.86 12.08 9.60 11.63 11.79 11.96 13.08 12.05 11.85 11.67 12.97 13.89 11.77 10.47 10.33 10.70 10.59 10.66 10.75 10.73 11.78 10.54 9.80 8.25 10.74 9.21 9.58 11.98 12.59 12.42 14.61 14.84 15.21 10.22 9.28 10.04 15.72 16.57 9.36 9.16 9.23 11.03 9.91 9.79 11.36 12.12 9.36 13.46 9.94 9.47 9.17 8.88 8.93 9.04 10.68 8.82 8.66 12.00 11.23 8.53 8.25 7.96 7.59 9.86 7.40 11.13 9.01 8.71 6.64 7.32 9.63 7.32 7.02 6.85 6.65 6.48 6.52 10.23 8.33 7.02
11.65 11.80 11.99 9.73 11.61 11.79 11.86 13.19 11.03 10.09 10.93 11.55 13.57 11.43 10.49 10.54 10.64 10.67 10.76 10.64 14.23 8.94 10.15 9.51 8.30 12.86 9.09 9.56 13.72 11.29 12.23 15.70 14.72 13.33 10.26 9.36 10.59 13.51 12.33 9.21 9.08 9.12 11.55 10.16 9.13 10.52 11.81 9.11 17.51 11.26 9.64 9.18 8.87 8.98 10.49 10.68 11.73 10.30 11.36 12.10 12.39 8.58 8.42 8.04 7.57 7.44 7.77 11.38 9.24 10.81 7.26 7.64 10.95 6.33 7.30 5.62 9.00 6.78 6.87 9.28 7.81
11.59 11.73 11.85 11.66 11.62 11.72 11.76 13.32 10.60 9.74 12.27 11.63 12.28 11.20 10.36 10.63 10.67 10.73 10.67 13.46 13.01 7.93 9.74 9.32 7.96 8.77 9.07 9.45 13.92 9.38 15.09 15.47 10.59 10.60 10.91 10.31 14.97 9.10 11.12 9.08 9.08 10.64 9.02 10.38 9.09 8.98 8.73 16.18 13.26 11.91 10.43 9.18 9.00 11.75 11.78 10.41 8.83 11.22 10.82 12.08 11.79 12.66 8.55 8.51 8.17 7.77 7.81 10.93 10.06 10.37 9.00 8.55 11.13 11.43 8.06 6.95 7.78 11.80 11.89 9.78 10.64
11.54 11.65 11.70 11.60 11.63 11.66 11.72 13.16 10.80 11.30 11.24 11.80 9.84 11.01 10.58 10.72 14.46 10.62 10.51 13.01 8.82 10.08 9.40 9.17 8.85 12.82 9.02 12.63 12.11 9.11 13.99 14.28 9.10 8.83 14.19 8.82 15.89 9.09 11.31 9.07 9.20 9.06 8.81 8.90 9.03 9.02 8.75 8.83 13.10 9.60 10.56 9.06 12.47 10.11 9.91 8.73 8.70 8.96 11.32 8.70 11.85 10.93 11.18 10.74 7.81 7.90 10.57 11.10 12.63 10.06 9.19 6.57 10.39 11.35 10.18 9.90 9.70 10.39 10.44 7.26 7.24
11.49 11.56 11.59 11.58 11.64 11.62 11.68 12.39 11.28 13.18 11.40 14.58 8.07 8.89 10.64 10.77 10.65 13.12 12.78 11.52 7.71 9.70 9.13 9.01 8.75 12.80 13.43 13.35 12.10 9.12 11.84 14.05 8.96 8.75 14.12 14.46 14.88 11.82 8.93 9.13 9.40 9.07 8.55 8.76 9.01 8.99 8.80 8.79 9.22 9.54 9.37 9.08 9.15 9.15 9.01 8.92 8.78 8.80 8.91 8.85 8.87 10.88 8.77 11.47 11.21 10.53 12.09 8.40 11.30 12.19 11.23 6.26 6.53 11.03 11.64 10.97 10.66 10.46 7.86 7.60 7.35
11.43 11.45 11.50 11.58 11.61 11.54 11.56 11.53 12.25 11.14 11.57 10.68 11.43 10.70 10.69 10.67 12.58 11.69 10.80 9.44 10.00 9.40 8.93 8.95 8.65 13.14 8.78 13.19 11.87 11.60 11.81 12.89 13.50 8.71 13.74 12.99 14.51 14.69 8.61 9.09 10.46 9.11 8.42 8.60 8.98 8.97 8.81 8.77 9.03 9.38 9.41 9.26 9.14 9.07 9.06 9.09 8.98 8.84 8.94 9.02 9.00 8.95 8.92 9.06 11.95 11.43 12.51 11.11 11.40 11.52 11.86 9.61 8.55 9.37 11.10 8.29 11.52 8.28 8.35 8.21 7.80
11.33 11.34 11.49 11.60 11.56 11.47 11.46 11.39 11.24 11.17 11.60 8.70 11.27 10.18 11.61 12.66 12.73 9.25 10.56 8.06 9.69 9.14 8.80 8.64 11.51 12.69 8.68 13.37 8.78 13.46 8.55 12.94 8.79 8.66 8.32 8.36 8.49 8.30 15.08 15.26 9.34 9.10 8.52 8.50 8.89 8.94 8.81 8.80 8.93 9.21 9.34 9.34 9.19 9.01 9.04 9.18 9.17 9.01 9.06 9.18 9.17 9.12 9.12 9.24 10.69 12.24 13.13 11.08 11.27 9.00 9.05 12.56 10.28 9.03 9.10 8.98 8.81 10.26 11.44 8.92 8.36
11.23 11.32 11.57 11.57 11.50 11.47 12.23 11.32 11.24 11.21 11.55 8.96 11.19 7.96 11.03 12.45 12.39 9.27 10.65 9.88 9.35 8.90 8.67 8.48 12.23 8.43 8.55 8.62 8.59 8.50 13.73 14.74 12.91 8.61 8.25 13.75 8.39 8.29 14.49 8.68 8.96 8.96 8.66 8.49 8.76 8.87 8.77 8.79 8.93 9.16 9.26 9.32 10.10 9.01 9.01 9.19 9.26 9.17 9.22 9.31 9.34 9.35 9.35 9.43 12.49 11.55 10.85 12.70 12.66 12.83 9.22 13.46 11.97 10.00 9.40 9.21 9.15 9.00 8.82 8.32 8.67
11.20 11.34 11.56 11.45 11.42 11.40 11.71 11.26 11.19 11.17 11.47 10.45 11.09 10.48 10.80 12.73 12.03 9.18 9.40 9.63 9.07 8.72 8.53 11.51 8.34 8.33 8.43 8.50 8.40 8.30 8.33 12.68 13.29 8.52 8.23 8.08 8.26 8.29 14.54 8.51 8.66 8.78 8.68 8.50 8.70 8.82 8.73 8.75 8.90 9.10 9.22 9.31 10.24 10.49 9.04 9.20 9.33 9.33 9.39 9.46 9.51 9.56 9.62 12.61 10.52 11.10 11.49 12.38 11.66 11.60 12.38 13.57 14.14 13.44 10.37 8.86 9.03 9.52 9.41 9.22 8.90
11.20 11.32 11.49 11.39 11.37 11.33 11.25 11.23 11.13 11.10 11.38 10.85 10.95 10.37 10.21 12.91 11.60 9.03 9.23 9.37 8.90 8.57 8.37 8.25 8.24 8.28 8.33 8.34 11.70 12.93 13.31 13.65 13.20 8.35 8.18 7.98 8.14 8.26 8.28 8.41 8.51 8.65 8.63 8.49 8.66 8.78 8.72 8.75 8.88 9.02 9.19 9.32 9.35 10.47 9.16 9.24 9.42 9.48 9.54 9.63 9.72 12.37 9.83 13.10 12.97 12.21 10.78 11.35 10.37 9.96 10.39 12.55 9.93 10.09 13.68 11.63 10.59 11.09 9.24 9.74 9.37
11.14 11.28 11.45 11.39 11.38 11.33 11.26 11.21 11.12 11.09 13.65 9.71 10.75 6.99 10.01 11.97 10.76 9.69 9.44 9.17 8.76 8.42 10.79 8.16 8.16 8.27 12.86 12.54 12.73 13.08 13.22 12.49 12.31 8.09 8.05 7.90 8.02 8.19 8.18 8.31 8.48 8.52 8.54 8.52 13.58 8.65 8.69 8.80 8.91 9.00 9.17 9.30 9.36 9.67 9.34 9.31 9.50 9.64 9.70 9.83 9.97 12.32 12.53 11.68 13.13 10.28 12.33 11.07 9.35 8.92 10.20 10.18 10.20 10.40 10.47 11.69 11.59 10.13 11.76 9.54 9.26
11.07 11.25 11.47 11.39 11.39 11.31 11.15 11.16 11.08 11.03 12.65 9.22 6.97 9.13 9.74 10.62 10.40 8.78 9.29 9.02 8.62 8.31 11.83 8.05 8.08 8.22 11.41 11.47 12.96 12.92 11.07 7.92 7.84 7.88 7.90 7.84 13.53 8.05 13.21 13.33 8.38 8.36 13.48 8.61 8.49 8.50 8.65 8.76 8.90 9.01 9.15 9.26 9.36 8.22 8.35 9.43 9.59 9.77 9.86 10.01 10.18 10.33 11.90 10.82 12.63 10.48 10.68 12.63 10.42 9.82 10.56 10.73 10.54 10.74 13.29 11.75 11.28 10.99 10.49 8.92 8.52
10.79 11.05 11.36 11.17 11.14 10.97 10.82 10.88 10.79 10.72 10.77 9.75 10.21 9.62 9.78 9.84 10.67 9.87 9.03 8.77 8.40 8.14 11.64 7.88 7.93 12.72 10.79 11.35 11.35 12.47 10.30 7.73 7.67 7.73 7.77 12.65 7.83 7.89 8.05 8.24 8.24 8.14 8.32 8.60 8.46 8.45 8.62 8.71 8.88 9.03 9.16 9.24 9.34 8.86 8.42 10.28 9.59 10.76 9.84 10.00 10.18 10.39 10.95 9.55 10.71 10.44 10.64 13.08 11.51 10.28 9.30 11.83 10.59 10.81 13.19 12.20 11.26 10.74 7.63 6.02 10.13
10.54 10.88 11.21 6.27 10.68 10.55 10.46 10.52 10.47 10.39 10.38 10.23 9.59 9.72 9.48 9.23 10.35 10.08 8.75 8.52 8.17 7.94 7.82 11.62 7.72 12.78 11.07 11.54 10.53 11.21 11.99 9.46 12.11 12.91 12.45 7.66 7.73 7.73 7.99 8.31 8.19 7.99 8.16 8.44 8.42 8.46 8.58 8.64 8.82 8.99 9.13 9.24 9.31 9.46 7.66 8.70 8.88 8.07 10.41 9.92 10.11 10.38 11.25 8.45 10.59 8.93 11.98 10.66 11.45 10.63 9.30 11.49 10.53 10.78 13.08 14.18 14.52 12.04 8.60 8.59 8.39
10.47 10.73 10.82 10.50 10.31 10.21 10.10 10.17 10.17 10.10 10.05 9.89 9.67 8.02 9.21 8.60 9.59 10.44 8.24 8.27 7.90 7.70 7.63 7.47 7.52 7.61 11.23 9.35 7.34 7.26 7.36 11.83 12.53 12.22 7.40 7.50 7.59 7.60 7.86 13.66 8.16 8.02 8.12 8.24 8.35 8.49 8.59 8.63 8.77 8.96 9.10 9.21 9.27 9.40 6.10 6.09 6.55 7.05 7.50 9.99 10.04 10.34 9.77 7.62 10.78 6.11 7.63 9.58 10.02 10.12 9.06 9.82 13.50 13.37 13.59 10.75 10.79 10.88 9.91 8.03 8.07
10.39 10.40 10.32 10.08 9.93 9.90 9.80 9.87 9.85 9.80 9.71 9.53 9.35 8.26 7.69 7.85 9.82 10.85 8.12 7.95 7.61 10.92 7.41 7.32 7.38 12.07 10.16 9.31 11.42 12.61 7.21 12.55 7.18 7.19 7.27 7.38 7.46 7.53 13.03 8.07 8.03 8.01 8.09 8.11 8.25 8.47 8.61 8.68 8.77 8.95 9.12 9.21 9.28 9.37 9.52 9.62 9.69 9.78 9.87 9.93 8.83 10.41 9.17 9.81 8.79 7.30 10.66 7.60 8.24 8.65 8.72 9.92 10.00 10.48 12.26 14.03 10.71 10.82 14.69 10.81 6.20
10.37 10.11 9.97 9.77 9.67 9.51 9.61 9.54 9.46 9.43 9.31 9.18 9.05 8.48 8.66 8.34 9.63 9.43 7.48 7.57 7.33 7.29 7.23 7.19 7.21 9.81 9.05 11.06 6.89 6.94 7.00 7.01 7.05 7.07 7.12 7.24 7.34 7.48 7.75 8.01 7.95 7.92 7.98 8.01 8.19 8.41 8.58 8.70 8.80 8.97 9.14 9.26 9.33 9.39 9.50 9.63 9.71 9.76 9.84 9.96 10.09 8.54 9.85 9.90 8.74 10.82 10.71 10.68 10.64 10.63 10.60 10.63 10.63 9.31 10.44 12.59 10.60 10.63 10.87 12.39 10.62
10.14 9.78 9.38 9.47 9.18 9.31 9.40 9.15 9.14 9.13 8.95 8.86 8.76 7.41 8.32 8.03 8.24 8.06 7.32 7.19 7.10 7.11 7.08 7.00 6.95 9.00 9.88 6.69 6.70 6.77 6.80 12.77 6.90 6.96 13.03 12.40 13.39 12.82 13.79 13.63 8.00 7.90 7.84 7.88 8.12 8.36 8.52 8.68 8.82 8.97 9.13 9.26 9.34 9.42 9.56 9.67 9.75 9.78 9.84 9.97 10.11 10.28 10.43 10.59 6.68 10.85 10.77 10.69 10.66 10.68 10.65 10.67 10.65 9.32 9.89 10.83 13.59 10.49 10.67 14.57 10.62
9.61 9.55 9.13 9.01 9.07 9.16 8.96 8.84 8.88 8.77 8.57 8.58 8.47 8.18 7.99 7.74 7.48 7.33 7.05 6.96 6.90 6.93 6.88 6.74 9.43 9.69 6.53 6.52 10.66 11.64 6.61 6.68 6.76 12.94 12.12 12.33 12.51 13.40 13.64 13.20 8.05 7.85 7.71 7.78 8.02 8.30 8.47 8.63 8.83 9.05 9.14 9.19 9.27 9.42 9.59 9.70 9.77 9.82 9.89 10.01 10.10 10.24 10.41 10.58 10.75 10.83 10.78 10.71 10.64 10.67 7.08 8.56 8.83 10.55 8.84 9.66 11.75 10.42 10.50 10.82 12.46
9.27 9.37 9.00 8.58 8.79 8.96 8.57 8.63 8.47 8.26 8.21 8.37 8.20 6.17 7.65 7.29 7.12 6.96 6.77 6.73 6.68 10.17 6.60 9.53 6.42 6.37 6.31 6.38 9.82 11.62 12.28 6.53 6.62 6.71 12.84 12.75 12.67 7.18 7.38 7.84 8.12 7.72 7.60 7.76 7.97 8.24 8.41 8.57 8.81 9.14 9.25 9.17 9.20 9.41 9.61 9.71 9.80 9.85 9.92 10.03 10.12 10.21 10.38 10.55 10.74 10.80 10.75 10.74 10.67 6.47 7.46 7.85 8.30 8.29 7.80 10.25 10.33 10.88 10.40 10.54 13.42
9.18 9.08 8.61 8.34 8.84 8.58 8.37 8.43 8.25 7.85 8.05 8.04 7.74 7.48 7.19 6.85 6.81 6.63 6.46 6.43 6.32 6.30 6.23 10.77 6.19 6.17 10.57 9.65 9.56 6.17 6.25 12.44 12.35 12.33 12.13 12.62 6.79 6.97 7.22 7.88 8.23 7.75 7.58 7.73 7.94 8.23 8.34 8.49 8.78 9.16 9.33 9.20 9.15 9.38 9.60 5.12 5.18 5.35 9.95 10.05 10.14 10.22 10.35 10.52 5.90 5.17 6.05 10.75 10.77 10.69 5.56 6.30 6.59 6.45 10.62 10.52 6.80 8.51 11.41 13.62 11.72
8.89 8.64 8.50 8.34 8.42 8.29 8.11 8.05 7.58 7.61 7.78 7.56 7.30 7.06 6.90 6.66 6.44 6.28 5.64 6.08 7.14 6.04 5.89 6.02 6.01 5.96 10.58 9.89 11.02 6.00 6.12 6.24 12.10 12.25 12.11 12.56 12.05 12.38 12.89 13.71 8.07 7.85 7.73 12.58 15.18 8.14 15.78 13.96 8.72 9.11 9.39 9.33 9.19 9.33 4.14 5.15 5.54 4.62 5.27 10.07 10.17 10.24 10.33 10.48 10.70 10.79 10.70 10.75 10.85 10.80 10.71 10.62 10.55 10.49 6.62 10.34 10.35 10.36 9.33 11.48 10.45
8.34 8.29 8.45 8.28 7.99 8.06 7.94 7.73 7.38 7.34 7.48 7.27 7.15 6.84 6.55 6.46 6.17 6.00 5.84 5.82 5.66 5.63 5.65 5.81 5.80 5.75 10.41 10.02 11.12 5.85 11.63 11.74 12.00 12.17 11.33 12.42 12.70 12.80 13.10 12.62 11.07 7.74 7.80 7.82 13.62 14.07 13.85 8.35 13.75 13.99 9.31 9.46 9.39 9.39 4.92 4.83 5.03 4.98 9.96 10.10 10.18 10.26 10.37 10.50 10.68 10.75 10.67 10.73 10.85 10.86 10.78 10.73 10.70 10.57 6.50 10.27 9.04 9.49 10.52 12.38 11.56
8.31 8.01 8.04 7.92 7.73 7.74 7.59 7.35 7.10 7.07 7.15 7.04 6.74 6.31 6.44 6.07 5.86 5.65 5.69 6.20 5.40 5.42 5.45 5.60 9.42 5.53 10.27 9.66 10.99 11.22 10.76 11.52 11.89 12.14 12.35 11.73 12.16 12.65 12.97 13.22 13.55 13.93 13.94 13.35 12.91 8.09 8.22 8.37 13.54 14.48 17.11 13.77 9.57 9.57 9.52 5.04 4.83 9.70 9.92 10.11 5.43 5.44 10.37 10.54 10.72 10.77 10.66 10.70 5.28 6.61 6.09 6.12 10.74 6.26 6.26 10.23 10.28 9.59 10.17 11.77 11.17
7.90 7.73 7.65 7.62 7.46 7.32 7.34 7.08 6.78 6.95 6.82 6.72 6.19 6.13 6.11 5.68 5.52 5.32 5.40 5.97 5.32 5.18 5.39 5.31 9.21 5.31 5.39 8.10 10.76 10.95 10.62 11.51 11.79 12.01 12.00 11.48 12.31 6.65 6.87 12.45 13.20 13.73 14.07 13.17 7.93 12.70 8.24 8.40 13.11 12.97 9.04 9.28 9.65 9.81 9.68 4.96 9.33 9.60 9.85 10.09 5.52 5.37 5.45 5.26 4.28 4.33 4.66 6.44 6.48 7.34 7.42 6.98 6.94 10.77 10.58 10.38 10.28 10.28 10.20 10.25 9.35
7.64 7.53 7.58 7.50 7.32 7.23 7.17 6.82 6.50 6.45 6.42 6.17 5.67 5.87 5.58 5.32 5.35 4.98 5.08 4.90 4.79 4.90 5.14 7.74 5.05 5.10 9.86 8.29 10.40 10.82 11.19 11.43 11.28 11.53 11.72 11.89 12.76 6.61 6.80 13.43 7.20 12.94 14.05 7.67 13.48 13.55 13.48 12.83 8.57 12.68 9.02 9.24 9.63 10.10 10.16 5.79 9.16 9.50 9.80 10.04 5.28 4.96 4.09 5.91 6.07 6.11 6.26 6.02 6.74 7.23 7.74 8.33 8.43 7.74 10.63 10.47 5.24 5.16 10.23 10.29 10.33
7.52 7.41 7.45 7.54 7.21 7.10 6.91 6.58 6.26 6.16 6.16 5.65 5.49 5.53 5.14 5.03 5.07 4.61 4.76 4.63 4.54 4.64 5.03 8.71 9.19 4.91 9.62 9.19 10.52 10.79 11.10 10.77 10.84 11.32 11.60 12.43 6.23 6.56 6.78 12.82 12.55 13.89 13.37 13.35 13.60 13.77 8.17 8.34 14.23 15.96 16.17 15.97 13.71 12.42 7.41 5.89 5.26 9.47 9.76 5.32 4.88 4.41 5.35 5.07 10.63 5.28 4.56 4.79 5.99 6.07 6.34 7.11 8.00 8.22 7.46 10.55 10.49 10.35 10.35 9.58 9.23
