examples/cougarCreek-fire/createInputs/farsite/7a-cougarCreek-polygonIgnit/cougarCreekFire_08-10-2015_1700_217m_non_neutral_stability_vel.asc
ncols	146
nrows	140
xllcorner	610065.000000
yllcorner	5095217.000000
cellsize	216.586807
NODATA_value	-9999.000000
[rows 72 to 107 of 140, columns 0 to 80 of 146]
11.64 12.24 13.06 12.97 15.00 18.79 17.62 14.60 16.84 17.62 17.13 17.40 16.40 13.00 14.12 11.53 10.99 10.96 13.78 10.84 10.74 10.68 10.73 12.28 10.62 10.48 11.92 16.80 16.87 14.64 15.69 16.95 16.52 17.23 15.01 15.60 16.04 12.01 16.28 14.00 15.02 15.46 10.95 14.06 14.50 10.44 10.78 16.61 10.95 8.22 10.23 8.12 16.06 16.23 8.04 8.04 7.98 7.97 7.93 7.86 7.86 7.92 16.57 10.74 10.14 8.09 12.17 7.96 7.90 9.65 7.75 14.27 14.41 13.23 13.61 14.23 12.79 14.14 12.90 14.34 14.15
11.83 12.27 12.70 12.49 15.33 17.70 17.26 14.98 17.92 17.93 17.00 17.03 16.25 12.00 14.73 11.07 10.73 10.68 10.71 10.66 10.55 10.56 10.67 14.76 10.55 10.32 15.66 16.12 13.25 11.54 17.19 16.44 15.95 14.74 12.52 15.46 12.06 15.71 15.85 13.36 15.74 15.08 10.84 13.82 15.20 10.45 16.13 10.77 10.73 8.00 10.77 7.84 15.84 7.84 16.08 7.86 7.84 7.82 7.79 7.78 7.81 7.77 10.14 16.25 15.48 14.89 11.06 14.49 13.96 13.76 13.79 13.92 14.33 14.24 14.33 13.96 12.79 12.74 12.80 12.88 14.19
11.70 11.81 11.95 11.87 15.14 17.03 16.79 16.99 17.95 17.63 16.85 16.58 11.28 17.51 10.90 10.57 10.39 10.41 10.58 10.54 10.43 10.51 10.60 11.79 10.61 10.79 16.10 13.14 11.21 16.30 16.85 16.04 15.68 10.85 12.58 16.39 11.96 15.50 15.80 13.28 14.95 14.95 14.53 14.80 10.25 10.46 10.60 10.39 10.54 10.39 7.70 15.81 15.67 7.72 7.78 15.91 7.74 7.73 7.69 7.70 7.68 7.60 7.57 15.98 15.59 14.51 15.51 15.51 14.36 14.47 15.67 15.02 14.39 7.64 13.83 12.47 12.69 12.64 12.75 12.89 12.96
11.40 11.41 11.54 14.26 15.54 15.36 14.81 16.71 17.45 16.56 13.66 15.07 16.80 17.45 10.61 10.37 10.23 10.43 10.56 16.82 10.34 10.44 10.39 10.38 10.52 11.87 15.19 11.48 15.69 15.28 17.39 15.71 14.93 10.05 14.28 15.41 11.75 14.82 15.68 14.06 14.85 14.85 14.59 10.44 9.79 14.20 7.73 15.34 7.61 10.86 7.41 7.35 15.74 7.52 7.56 13.94 15.77 7.44 7.44 7.47 7.47 7.45 7.47 10.11 15.79 10.69 14.01 10.77 10.62 15.34 7.42 7.46 15.32 12.40 7.38 12.39 12.42 12.62 12.65 12.77 12.85
11.26 11.26 11.31 14.95 15.43 15.07 14.02 14.67 16.76 12.79 10.82 11.04 10.97 17.65 10.70 10.33 10.18 10.38 14.73 10.24 10.26 10.26 10.24 10.39 11.97 14.96 14.07 14.67 15.36 15.54 16.61 15.45 14.25 13.25 16.83 11.85 11.57 14.40 11.34 13.98 13.73 14.51 14.16 13.38 9.59 9.55 16.09 7.49 7.49 10.80 7.26 7.26 7.32 7.38 7.37 11.08 15.52 7.22 7.24 7.29 7.28 7.32 7.36 7.31 14.15 14.85 14.90 14.68 10.57 13.65 15.00 12.21 11.45 14.09 12.50 14.74 12.34 12.58 12.62 12.57 13.73
11.14 11.10 11.06 15.23 15.03 13.62 13.11 14.82 14.05 11.82 11.30 11.65 11.30 11.04 10.73 10.22 10.07 10.19 10.18 10.11 10.09 10.10 10.23 12.38 14.12 14.34 14.11 14.86 15.48 14.46 14.57 16.71 13.25 14.99 15.13 11.64 8.65 14.17 11.06 14.32 10.61 11.52 11.39 11.02 9.53 9.27 13.59 7.49 7.33 10.69 7.13 7.15 7.18 7.19 7.19 10.91 15.27 7.16 7.16 7.10 15.00 7.21 7.22 7.13 11.02 15.23 15.10 15.08 14.34 11.65 13.94 13.69 14.51 14.67 7.20 7.38 7.45 14.17 12.30 12.65 12.72
10.95 10.90 10.84 15.39 14.45 10.78 13.58 16.49 13.75 12.75 13.16 17.20 10.89 10.74 10.45 9.99 9.91 10.03 10.02 9.93 9.94 10.08 10.27 13.95 16.43 14.79 14.58 14.82 15.03 13.69 13.89 16.96 15.80 16.49 12.40 8.58 8.44 11.75 13.40 12.77 11.64 11.59 11.29 11.11 10.47 10.27 10.62 13.63 7.05 10.58 10.54 7.02 7.04 7.02 6.98 6.97 14.99 15.06 14.96 6.98 7.07 7.16 7.15 7.10 6.99 14.95 14.77 14.74 12.93 6.94 7.00 7.01 14.46 14.60 7.28 7.36 14.47 12.17 13.35 12.62 13.01
10.81 10.76 10.69 14.98 14.66 10.58 13.70 14.75 13.86 13.41 13.62 16.38 16.45 10.29 10.08 9.76 9.81 9.96 9.89 9.84 9.97 10.13 15.48 9.96 9.67 14.67 14.29 13.97 14.76 13.85 13.28 16.65 16.39 15.97 12.32 8.41 8.23 11.66 12.24 13.28 11.59 11.52 11.35 11.01 10.58 10.58 10.43 10.28 15.11 6.89 10.55 6.95 6.94 6.83 6.79 9.52 6.96 14.66 14.88 6.97 7.00 7.00 7.00 6.94 6.90 10.69 12.81 12.70 12.72 7.06 7.07 7.11 7.16 12.04 12.62 12.01 7.31 7.51 13.36 13.66 12.81
10.62 10.56 10.52 15.41 14.42 10.39 10.43 14.05 13.89 13.62 14.02 15.59 12.77 10.16 9.86 9.72 9.88 9.92 9.84 9.97 10.16 10.17 13.88 9.69 16.11 14.86 13.90 9.05 14.63 12.40 14.29 16.28 16.20 14.24 12.41 8.41 8.24 11.71 9.93 15.01 11.34 11.19 11.28 11.11 10.90 10.68 10.27 8.84 9.63 6.95 6.93 6.93 6.81 6.72 6.93 7.13 7.01 14.14 10.23 7.07 7.00 6.97 6.94 14.43 6.90 6.97 14.69 12.62 12.87 11.29 11.34 11.45 7.14 7.14 11.78 12.87 7.38 7.55 12.62 12.43 12.32
10.44 10.40 10.36 14.94 10.30 10.36 10.41 13.20 14.42 14.63 14.48 12.72 12.87 10.04 9.75 9.76 9.86 9.85 9.97 10.15 10.14 16.20 9.80 9.50 14.07 13.03 8.97 8.98 12.53 16.28 11.81 14.15 14.26 15.40 12.28 12.00 11.85 14.38 13.19 7.88 7.67 7.58 11.13 11.12 10.93 10.63 10.20 7.00 8.34 6.97 6.93 6.86 6.74 6.91 7.23 11.11 13.88 6.98 9.71 10.81 7.03 7.02 6.99 6.93 11.54 6.97 10.78 14.19 13.94 11.32 13.55 14.12 11.60 7.15 7.26 7.35 7.44 7.55 12.27 12.45 12.02
10.26 10.24 10.20 15.26 10.19 10.27 10.28 13.01 14.96 16.36 14.55 10.01 13.08 9.88 9.67 9.71 9.76 9.86 10.00 10.00 14.69 16.96 9.51 9.28 13.52 14.83 8.89 8.93 15.67 15.77 11.89 13.43 14.13 15.78 12.07 11.81 11.66 10.42 11.24 7.75 7.62 7.56 10.91 11.10 10.86 10.77 10.23 7.01 11.48 10.65 6.89 6.79 6.82 7.13 11.04 10.78 10.45 14.65 10.42 9.74 14.91 7.00 6.97 6.94 6.97 6.98 6.94 14.71 14.12 14.53 11.51 11.63 12.10 11.30 7.31 11.31 12.22 7.45 7.38 12.34 11.89
10.09 10.07 10.04 10.01 10.06 10.08 10.09 12.78 14.62 16.29 13.14 10.02 15.51 9.74 14.44 9.61 9.77 9.89 9.84 14.62 15.71 13.54 9.34 9.11 13.74 8.97 8.99 8.93 15.38 12.70 13.60 13.42 12.39 12.15 11.98 11.86 13.56 8.01 11.44 7.57 7.46 11.00 7.43 11.01 7.25 7.13 6.99 10.67 9.32 10.30 10.54 6.79 7.01 10.46 14.94 10.50 6.76 10.66 10.77 9.61 10.31 14.96 13.89 7.04 7.06 6.96 6.89 11.40 14.35 14.32 13.73 13.63 11.91 11.98 11.97 11.66 12.06 14.34 14.37 13.26 14.07
9.95 9.93 9.90 9.90 9.94 9.95 9.98 12.77 14.68 14.12 9.82 10.04 16.74 9.68 9.62 9.72 10.48 9.83 9.75 15.20 13.98 9.36 9.17 9.02 8.92 12.19 8.88 11.22 12.29 12.71 15.02 15.24 8.26 8.10 15.02 8.02 12.85 7.99 11.34 7.50 7.52 7.62 7.54 7.34 7.17 7.07 7.02 6.98 9.27 6.69 10.30 6.83 10.01 10.74 10.58 6.65 6.70 6.73 10.49 6.87 10.25 11.02 10.98 11.65 14.01 13.87 11.20 10.84 14.43 13.87 14.26 11.26 13.95 11.73 12.54 13.88 14.46 14.12 13.32 7.07 7.05
9.80 9.79 9.78 9.80 9.84 9.85 9.85 13.14 14.11 12.20 9.83 11.69 15.30 14.33 9.72 9.79 9.73 12.90 14.85 16.12 13.52 9.17 8.94 8.78 8.68 11.95 11.69 12.00 12.02 8.48 15.31 14.48 7.96 7.95 14.38 12.84 12.91 11.39 7.81 7.84 7.88 7.77 7.51 7.29 7.15 7.06 7.00 6.93 6.83 6.76 6.77 6.82 6.73 6.59 6.58 6.62 6.64 6.66 6.70 6.77 6.78 10.76 6.77 10.57 14.50 14.28 14.36 6.81 10.97 14.30 14.29 11.04 11.32 14.43 14.35 14.27 14.09 13.94 7.02 6.97 7.00
9.67 9.63 9.63 9.69 9.72 9.71 9.69 9.63 13.14 9.59 9.74 16.05 9.65 14.25 9.63 9.60 13.25 13.91 16.01 13.95 9.14 8.96 8.73 15.36 8.55 11.63 8.50 12.11 11.63 15.22 15.06 10.15 15.09 7.94 14.54 11.81 14.13 14.06 7.90 8.06 11.62 7.58 7.31 7.17 7.08 6.98 6.89 6.85 6.85 6.81 6.78 6.74 6.63 6.56 6.59 6.65 6.67 6.67 6.67 6.68 6.66 6.63 6.66 6.68 14.32 14.17 14.25 11.32 11.27 11.39 11.39 13.67 13.63 13.60 14.16 6.88 13.83 6.95 7.07 7.07 7.07
9.51 9.48 9.54 9.62 9.62 9.63 9.64 9.60 9.56 9.59 9.68 14.86 9.56 14.57 13.54 12.98 12.99 14.33 15.75 13.51 8.95 8.70 8.58 8.52 13.48 12.03 8.30 12.09 8.12 14.64 8.19 10.67 8.17 8.03 7.97 7.87 7.72 7.66 13.13 13.73 7.46 7.29 7.14 7.04 6.98 6.94 6.93 6.90 6.81 6.65 6.59 6.59 6.56 6.54 6.59 6.64 6.64 6.62 6.61 6.60 6.57 6.58 6.64 6.68 11.23 14.12 14.12 11.36 11.38 6.90 6.97 14.12 13.69 12.63 13.38 12.50 12.66 13.36 13.57 13.57 7.11
9.33 9.36 9.48 9.54 9.51 9.54 13.28 9.52 9.53 9.56 9.60 14.70 9.39 14.38 13.68 12.61 12.91 16.20 15.52 8.93 8.71 8.50 8.41 8.34 12.65 8.21 8.20 8.21 8.19 8.20 11.53 13.25 15.26 7.95 7.82 14.09 7.59 7.47 13.55 7.09 6.96 6.91 6.92 6.93 6.91 6.90 6.89 6.80 6.67 6.56 6.53 6.51 13.51 6.49 6.51 6.51 6.52 6.53 6.55 6.55 6.57 6.62 6.65 6.63 14.00 13.64 11.30 13.98 14.02 14.06 6.84 13.86 13.96 13.61 6.85 6.94 7.00 7.05 7.04 12.50 7.09
9.17 9.20 9.27 9.29 9.31 9.31 13.24 9.33 9.36 9.39 9.41 15.62 9.26 9.15 13.56 12.14 12.99 13.88 13.79 8.65 8.46 8.36 8.26 13.37 8.15 8.19 8.28 8.32 8.30 8.27 8.26 12.36 15.00 7.86 7.78 7.68 7.54 7.39 13.57 7.04 6.91 6.88 6.92 6.94 6.90 6.83 6.72 6.62 6.56 6.54 6.53 6.51 13.45 13.47 6.49 6.50 6.51 6.54 6.56 6.57 6.61 6.64 6.64 13.96 11.13 13.89 13.90 13.94 13.93 13.94 13.83 13.55 13.41 13.72 12.80 12.60 12.75 7.09 7.10 7.09 7.06
9.02 9.04 9.09 9.10 9.14 9.17 9.20 9.21 9.19 9.21 9.28 14.14 9.20 9.04 13.83 11.82 13.05 15.55 15.45 8.44 8.34 8.26 8.21 8.20 8.19 8.21 8.26 8.25 12.69 12.76 12.51 14.41 14.72 7.95 7.90 7.77 7.59 7.47 7.33 7.15 7.05 7.03 7.02 6.98 6.88 6.77 6.68 6.61 6.56 6.50 6.48 6.50 6.52 13.37 6.53 6.53 6.54 6.55 6.56 6.57 6.57 13.79 6.56 13.87 13.85 13.86 13.72 13.81 13.75 13.61 13.60 13.17 6.70 6.80 13.22 13.67 12.93 13.50 12.81 7.08 7.10
8.84 8.89 8.98 9.01 9.06 9.10 9.11 9.10 9.09 9.11 11.63 14.69 8.87 15.66 14.10 12.54 13.89 8.55 8.42 8.29 8.18 8.10 13.45 8.12 8.17 8.21 11.95 12.81 12.58 12.52 14.39 14.79 14.90 7.77 7.66 7.54 7.43 7.30 7.18 7.11 7.06 6.99 6.90 6.81 13.43 6.72 6.72 6.69 6.62 6.54 6.50 6.51 6.53 13.00 6.52 6.51 6.53 6.54 6.53 6.53 6.51 13.70 13.75 13.71 13.73 6.62 13.86 13.76 12.54 13.26 6.74 13.08 6.77 6.85 6.91 12.32 13.49 6.96 13.51 12.96 13.05
8.69 8.76 8.87 8.93 8.95 8.93 8.87 8.87 8.88 8.89 12.13 14.31 14.00 14.04 13.85 13.28 13.63 15.06 8.26 8.16 8.05 8.01 12.13 8.07 8.12 8.15 13.76 12.34 12.06 12.58 14.65 7.84 7.69 7.49 7.34 7.25 13.51 7.04 11.00 9.74 6.91 6.91 9.24 6.82 6.80 6.77 6.73 6.68 6.62 6.56 6.53 6.51 6.50 12.36 12.47 6.49 6.49 6.47 6.46 6.46 6.48 6.53 13.67 13.52 13.68 6.63 6.67 13.78 13.56 13.37 6.73 13.09 6.82 6.92 12.95 13.39 13.32 13.29 13.25 12.50 12.16
8.54 8.67 8.83 8.89 8.83 8.78 8.70 8.66 8.62 8.63 8.60 13.56 8.45 13.80 8.48 13.61 12.93 13.60 8.21 8.14 8.07 8.06 12.18 8.05 8.03 11.30 12.51 12.23 12.30 14.31 13.79 7.69 7.52 7.38 7.29 11.48 7.10 7.00 6.93 6.87 6.86 6.91 7.01 7.02 6.96 6.81 6.71 6.66 6.62 6.58 6.53 6.49 6.46 12.53 12.36 13.01 6.37 13.11 6.36 6.40 6.44 6.47 13.30 13.01 13.29 6.52 6.54 13.47 13.47 13.24 12.30 13.10 6.81 6.88 13.31 13.28 13.18 6.92 12.45 11.63 7.03
8.46 8.61 8.74 14.27 8.70 8.67 8.58 8.55 8.52 8.53 8.50 8.45 13.25 8.44 8.41 8.35 13.18 13.27 8.14 8.07 8.05 8.02 7.96 11.73 7.86 10.87 12.15 14.23 14.55 13.57 13.94 13.19 13.99 12.67 11.34 7.29 7.25 7.23 7.28 7.30 7.22 7.10 7.03 6.95 6.86 6.76 6.68 6.63 6.59 6.54 6.50 6.48 6.45 6.44 11.88 12.19 12.46 12.15 12.92 6.33 6.38 6.40 13.20 11.49 6.43 12.72 13.29 6.42 12.90 12.84 12.60 13.01 6.75 6.77 12.83 13.11 13.01 13.24 12.13 12.20 12.68
8.41 8.54 8.65 8.52 8.62 8.56 8.49 8.48 8.52 8.53 8.49 8.43 8.38 14.03 8.26 13.86 13.23 12.68 14.31 7.96 7.89 7.83 7.77 7.72 7.76 7.87 13.45 13.87 7.62 7.54 7.46 14.03 12.80 10.89 7.28 7.28 7.31 7.37 7.45 10.69 7.37 7.21 7.03 6.89 6.84 6.78 6.70 6.61 6.53 6.47 6.44 6.43 6.40 6.37 10.57 8.75 10.05 11.28 11.83 12.75 6.33 6.32 12.64 10.97 6.42 10.18 11.35 12.75 12.56 12.62 11.95 12.63 12.84 13.05 13.03 6.73 6.80 6.85 12.20 12.31 12.41
8.22 8.27 8.44 8.49 8.50 8.28 8.38 8.42 8.48 8.46 8.39 8.34 8.29 13.65 13.97 13.88 12.88 12.11 14.25 7.86 7.71 11.87 7.60 7.70 7.85 11.40 13.94 13.77 13.32 10.81 7.58 12.68 7.45 7.40 7.36 7.36 7.34 7.30 9.47 7.08 7.04 7.05 7.00 6.92 6.85 6.81 6.76 6.68 6.60 6.53 6.46 6.40 6.35 6.32 6.33 6.34 6.32 6.31 6.33 6.33 12.30 12.73 12.40 12.63 12.36 10.82 6.36 11.17 11.92 11.66 11.72 12.57 12.68 12.67 12.93 12.75 6.78 6.81 12.99 6.87 11.06
8.24 8.21 8.18 8.33 8.08 8.20 8.25 8.35 8.32 8.30 8.27 8.25 8.24 13.26 8.14 8.10 12.89 12.94 14.24 7.76 7.68 7.69 7.77 7.91 7.94 13.73 13.82 13.27 7.60 7.62 7.59 7.57 7.53 7.48 7.47 7.45 7.40 7.33 7.20 7.04 6.93 6.89 6.88 6.86 6.83 6.81 6.78 6.74 6.67 6.60 6.53 6.49 6.45 6.41 6.37 6.35 6.33 6.31 6.31 6.30 6.26 12.05 12.36 12.52 12.13 6.27 6.31 6.32 6.36 6.40 6.46 6.53 6.60 11.96 12.68 12.39 6.73 6.64 6.77 12.96 6.89
8.42 8.34 8.37 8.26 8.21 8.04 8.22 8.27 8.20 8.24 8.21 8.20 8.20 13.50 8.09 8.07 13.00 13.55 13.99 7.75 7.80 7.94 8.06 8.03 7.84 14.00 13.62 7.60 7.64 7.62 7.58 11.64 7.47 7.44 11.28 10.84 10.98 10.23 10.70 11.28 6.98 6.88 6.85 6.87 6.87 6.83 6.76 6.71 6.64 6.55 6.52 6.54 6.52 6.49 6.45 6.42 6.38 6.34 6.30 6.27 6.27 6.27 6.28 6.27 10.36 6.31 6.31 6.33 6.38 6.44 6.50 6.55 6.55 12.22 12.37 12.50 12.57 6.58 6.65 12.70 6.96
8.14 7.91 8.25 8.21 7.97 8.07 8.31 8.20 8.20 8.21 8.11 8.13 8.19 8.13 8.09 8.02 7.97 7.86 7.80 7.79 7.89 7.96 7.92 7.78 13.47 13.39 7.56 7.58 13.29 12.85 7.44 7.41 7.36 11.01 10.76 10.70 10.65 11.68 11.16 9.17 6.74 6.85 6.88 6.83 6.78 6.74 6.72 6.70 6.65 6.58 6.54 6.52 6.50 6.48 6.46 6.43 6.38 6.35 6.32 6.30 6.27 6.27 6.27 6.27 6.28 6.29 6.29 6.31 6.35 6.40 10.65 11.49 11.59 6.51 11.87 12.08 12.44 6.54 6.58 6.80 12.76
7.60 7.74 8.05 7.62 7.84 8.14 8.16 8.08 8.20 8.09 7.94 8.14 8.16 13.80 7.99 7.92 7.84 7.82 7.80 7.80 7.81 12.27 7.57 13.27 7.41 7.48 7.53 7.49 13.75 12.60 11.09 7.36 7.40 7.39 12.41 12.45 11.19 7.06 6.94 6.91 6.98 7.00 6.95 6.89 6.81 6.77 6.76 6.74 6.74 6.74 6.68 6.56 6.50 6.50 6.50 6.47 6.43 6.37 6.33 6.29 6.27 6.26 6.26 6.28 6.29 6.27 6.25 6.27 6.30 10.14 11.23 11.81 11.44 11.47 10.68 6.63 6.75 12.25 6.53 6.56 12.58
7.67 7.63 7.41 7.46 7.83 8.10 8.01 8.05 7.91 7.96 7.87 8.02 7.99 7.89 7.80 7.77 7.72 7.69 7.68 7.61 7.54 7.39 7.19 11.16 7.35 7.42 12.58 13.61 13.64 7.33 7.35 10.99 11.92 12.54 12.83 12.77 7.16 7.26 7.49 7.65 7.53 7.26 7.02 6.92 6.91 6.87 6.82 6.80 6.78 6.72 6.63 6.54 6.53 6.55 6.53 6.32 6.77 6.37 6.33 6.30 6.28 6.27 6.27 6.27 8.81 10.21 9.10 6.25 6.26 6.26 10.31 10.14 10.26 9.93 6.42 6.47 10.15 11.64 12.21 12.30 12.26
7.59 7.51 7.53 7.56 7.72 7.72 7.98 8.03 8.09 7.79 7.73 7.84 7.75 7.74 7.49 7.70 7.73 7.61 13.40 7.51 12.73 7.20 7.05 7.24 7.36 7.34 12.25 13.20 12.64 7.35 7.37 7.30 12.33 12.52 12.62 12.25 10.07 10.01 10.86 12.99 7.23 7.11 6.95 12.46 12.01 6.72 12.41 9.58 6.70 6.69 6.70 6.66 6.57 6.48 8.67 9.36 10.37 9.23 6.79 6.30 6.28 6.25 6.21 6.18 6.17 6.20 6.25 6.27 6.27 6.28 6.30 6.32 6.35 6.42 10.11 6.60 6.63 6.69 11.65 12.17 6.88
7.78 7.72 7.64 7.66 7.56 7.71 7.74 7.67 7.77 7.54 7.64 7.69 7.61 7.52 7.43 7.60 7.65 7.61 7.61 7.32 7.16 7.17 7.25 7.37 7.38 7.30 12.36 12.92 12.06 7.30 12.04 12.45 12.27 12.18 11.45 12.55 11.91 12.02 12.62 12.60 11.99 6.63 6.74 6.75 10.08 10.51 9.86 6.60 8.76 8.73 6.80 6.79 6.62 6.43 5.44 6.74 7.15 6.61 6.33 6.31 6.28 6.26 6.24 6.22 6.22 6.22 6.25 6.29 6.30 6.31 6.35 6.38 6.40 6.39 9.90 6.55 11.48 11.63 11.89 12.20 12.13
7.26 7.49 7.29 7.36 7.43 7.55 7.86 7.48 7.39 7.48 7.59 7.62 7.78 7.77 7.45 7.73 7.63 7.62 7.30 12.62 7.24 7.29 7.31 7.35 12.49 7.22 12.23 12.88 11.88 12.10 12.93 12.66 12.18 12.25 12.36 13.05 12.68 11.87 11.72 11.73 11.94 13.19 12.15 9.79 8.74 6.71 6.69 6.66 8.61 9.67 12.68 9.21 6.60 6.47 6.38 5.15 5.63 6.33 6.33 6.32 6.07 6.33 6.29 6.30 6.29 6.26 6.27 6.29 9.92 9.18 9.62 9.64 6.39 9.61 9.52 6.46 6.59 11.53 11.66 11.96 11.89
6.99 6.98 7.02 7.15 7.21 7.22 7.37 7.38 7.32 7.51 7.58 7.68 7.85 7.56 7.57 7.68 7.58 7.55 7.16 12.72 7.30 7.22 7.25 7.28 12.20 7.13 7.15 12.97 11.93 12.14 12.82 11.92 12.09 12.36 12.32 13.06 12.35 6.61 6.59 9.17 10.26 12.16 11.29 9.40 6.74 8.32 6.78 6.76 8.16 7.95 6.64 6.65 6.66 6.54 6.36 5.03 6.30 6.31 6.32 6.31 5.56 6.02 6.19 7.19 9.05 8.96 9.32 9.19 10.71 10.27 10.32 9.95 9.78 6.37 6.38 6.41 6.45 6.53 6.60 6.61 11.34
6.88 6.95 7.17 7.31 7.35 7.46 7.53 7.36 7.28 7.40 7.52 7.80 7.76 7.48 7.71 7.55 7.24 7.47 7.08 7.00 6.93 6.96 7.08 12.54 7.10 7.02 12.10 12.93 11.93 11.89 12.20 12.15 12.36 12.30 12.56 12.76 10.84 6.66 6.67 11.38 6.69 11.77 11.33 6.71 9.76 9.56 9.27 8.49 6.77 7.78 6.85 6.85 6.86 6.83 6.66 4.15 6.36 6.35 6.35 6.35 5.85 6.99 8.96 8.81 8.98 8.94 9.14 10.29 9.73 10.15 10.83 11.12 11.09 10.18 6.38 6.36 9.03 8.94 6.44 6.59 6.72
6.87 6.97 7.23 7.29 7.51 7.61 7.58 7.44 7.32 7.39 7.51 7.66 7.48 7.44 7.58 7.47 7.13 7.34 6.93 6.87 6.79 6.77 6.86 11.71 11.36 6.91 12.20 12.40 11.15 11.46 11.23 12.76 12.74 12.28 12.34 11.41 6.66 6.71 6.71 12.75 11.58 11.82 10.26 9.91 10.01 9.95 6.72 6.74 9.89 11.34 11.72 10.72 8.21 6.73 3.74 4.96 4.15 6.42 6.39 4.83 7.04 8.52 7.78 6.69 6.23 7.16 8.86 9.10 8.46 8.85 9.30 9.90 10.75 10.78 9.78 6.39 6.41 6.49 6.64 11.29 11.12
