examples/cougarCreek-fire/createInputs/farsite/7a-cougarCreek-polygonIgnit/cougarCreekFire_08-13-2015_0300_217m_non_neutral_stability_ang.asc
ncols	146
nrows	140
xllcorner	610065.000000
yllcorner	5095217.000000
cellsize	216.586807
NODATA_value	-9999.000000
[rows 0 to 43 of 140, columns 0 to 95 of 146]
266 271 280 288 274 258 263 275 285 286 281 280 285 295 298 291 279 267 265 271 278 283 292 303 314 314 309 309 314 318 318 312 310 313 313 311 313 316 319 320 321 322 323 322 323 326 327 326 325 326 325 324 323 323 324 326 328 289 311 311 314 310 308 308 308 304 298 298 302 306 309 304 292 285 285 287 275 256 251 251 257 267 276 281 284 285 285 282 281 285 287 289 298 302 297 295
266 271 280 288 274 258 263 275 285 286 281 280 285 295 298 291 279 267 265 271 278 283 292 303 314 314 309 309 314 318 318 312 310 313 313 311 313 316 319 320 321 322 323 322 323 326 327 326 325 326 325 324 323 323 324 326 328 289 311 311 314 310 308 308 308 304 298 298 302 306 309 304 292 285 285 287 275 256 251 251 257 267 276 281 284 285 285 282 281 285 287 289 298 302 297 295
269 273 279 282 268 262 268 275 281 285 285 285 287 291 296 293 279 269 270 274 278 282 287 294 304 309 308 308 310 313 316 312 310 312 312 309 309 311 314 317 317 319 320 320 320 322 325 323 322 323 324 324 297 314 322 323 326 299 312 310 296 270 277 276 280 266 302 300 277 304 305 301 250 289 287 262 258 266 259 259 264 270 276 280 281 281 280 279 278 279 279 281 290 295 292 291
270 273 275 274 269 271 274 275 277 283 291 294 289 286 291 298 289 276 276 277 276 279 280 282 289 298 303 304 303 305 310 311 309 310 310 305 302 302 305 309 312 314 316 318 317 317 320 319 318 319 322 297 324 321 319 318 320 272 275 268 270 269 273 273 274 263 307 271 289 299 278 249 295 294 291 261 257 284 274 271 272 274 276 277 278 277 277 277 275 272 271 273 278 286 289 288
266 267 266 269 282 279 276 280 280 285 290 294 290 285 286 297 303 283 277 276 277 277 279 276 279 287 293 293 296 300 304 293 307 308 307 301 298 297 299 304 309 311 313 316 316 316 318 319 318 319 322 324 308 321 318 318 269 289 262 309 286 267 272 281 266 309 272 305 300 283 250 298 298 296 263 281 296 290 283 280 277 276 276 276 278 279 279 278 276 274 274 273 273 278 286 286
260 260 259 264 285 286 279 277 279 286 287 293 286 280 280 290 308 288 281 274 277 275 276 274 275 280 285 283 285 293 300 302 301 306 306 298 294 291 292 296 302 306 309 314 316 316 318 295 319 320 311 324 309 308 288 266 258 291 311 269 279 274 283 271 306 272 284 292 280 248 300 265 265 296 294 292 268 296 293 288 283 281 278 277 277 279 279 279 277 277 277 275 271 270 274 278
252 256 258 264 278 285 280 283 285 287 286 288 286 278 275 283 307 294 280 275 274 272 272 274 274 275 276 277 281 289 297 245 295 299 300 296 292 289 286 286 293 300 305 311 314 316 318 319 317 318 320 321 304 289 270 276 278 272 276 276 275 288 286 258 292 285 284 279 256 303 267 279 302 295 293 256 300 300 298 293 287 283 281 278 277 279 280 281 281 281 280 278 274 269 270 276
248 256 260 263 268 276 279 284 282 284 284 286 292 285 275 275 292 298 284 274 273 273 270 269 267 267 269 275 280 286 285 296 294 295 294 291 288 286 285 286 290 296 302 307 311 314 316 315 314 305 302 287 286 279 275 282 274 279 277 280 283 284 262 312 274 283 283 274 261 271 305 303 280 257 301 248 302 298 299 299 292 286 283 280 278 280 281 283 285 285 284 281 278 276 276 279
248 258 261 260 261 279 278 288 287 286 287 288 290 289 280 272 274 287 285 277 275 274 275 273 264 266 273 281 282 284 292 248 283 276 289 285 282 280 281 287 292 297 302 305 309 314 306 302 300 284 282 288 290 289 290 279 269 278 285 288 277 266 267 271 282 284 281 272 274 284 305 263 262 304 263 264 303 300 301 303 300 293 288 284 283 281 281 283 286 287 287 285 284 283 282 283
246 255 257 256 259 271 280 286 288 289 289 289 294 295 287 271 264 274 285 287 284 275 270 268 276 269 277 283 282 283 290 283 241 286 281 278 279 281 282 285 292 300 305 306 310 306 286 284 303 286 292 305 299 279 262 264 268 274 280 267 257 309 273 283 282 275 272 268 274 279 267 309 303 264 260 314 305 303 304 304 302 298 294 288 283 282 282 283 287 291 292 292 291 289 287 286
246 254 255 255 257 262 273 280 285 287 288 291 293 300 289 269 264 270 288 289 286 283 272 269 275 268 272 274 275 279 286 276 239 263 271 272 275 279 283 285 289 298 306 308 310 306 304 304 288 305 305 287 267 252 256 262 266 270 262 262 288 271 283 284 275 277 280 278 280 281 268 273 266 269 255 318 307 304 307 308 302 296 293 291 288 286 284 285 288 294 297 297 298 297 293 287
254 262 265 273 267 268 267 277 282 292 295 290 290 288 288 278 273 274 278 284 288 277 283 269 265 265 263 259 264 274 280 238 233 258 261 268 271 273 276 280 287 298 310 309 307 306 302 284 289 304 285 271 251 252 264 270 269 270 267 292 275 283 285 280 278 290 310 310 309 313 283 276 312 261 316 317 310 307 309 313 310 300 293 291 293 293 292 290 291 296 303 305 305 305 302 294
255 263 275 274 267 274 270 274 278 283 293 294 291 278 290 298 286 278 275 275 289 289 286 278 264 268 256 252 261 272 277 236 244 244 258 267 268 269 272 277 288 303 317 316 312 307 278 301 303 282 271 256 254 261 268 272 273 275 275 275 297 311 287 287 311 310 310 310 308 308 310 312 270 256 320 315 311 309 310 314 277 308 300 293 290 292 295 295 295 297 303 309 313 318 315 306
249 256 269 280 280 280 276 275 275 280 284 289 290 296 295 303 298 282 274 274 276 279 288 284 267 271 257 262 271 275 273 235 246 251 261 272 265 269 278 282 289 308 324 322 315 282 274 288 284 276 263 257 265 264 274 277 282 288 287 290 301 308 308 289 287 286 278 275 274 265 320 317 317 324 323 315 312 312 312 313 317 311 304 299 294 291 293 296 297 298 300 305 316 329 323 313
243 252 262 276 285 284 284 283 283 280 282 285 285 290 301 313 299 288 275 297 298 297 298 296 286 281 264 270 278 279 271 253 249 258 262 260 264 273 281 281 287 305 324 317 292 280 289 314 294 284 261 264 267 266 271 271 280 287 287 288 291 290 286 286 278 263 261 259 260 328 294 289 323 302 324 316 311 314 318 316 316 314 307 301 297 293 292 295 297 297 297 300 313 333 326 313
238 250 258 269 282 285 292 293 290 286 285 289 292 289 288 300 308 294 284 302 301 300 299 285 297 290 274 274 278 279 266 255 255 258 259 260 266 276 282 282 286 297 315 320 298 298 318 316 316 270 268 274 278 280 274 277 289 286 278 282 280 276 268 264 262 268 273 267 299 280 291 337 328 325 324 318 311 313 288 323 320 318 310 302 297 292 290 292 295 295 293 293 304 328 328 314
239 251 258 267 280 284 287 293 294 293 290 293 305 304 287 275 283 304 306 300 302 299 291 283 292 292 282 282 281 279 259 240 241 252 259 263 274 275 282 284 289 297 308 317 324 324 323 299 291 272 273 288 292 287 276 296 291 282 276 279 283 272 272 276 275 284 279 277 285 306 320 343 330 326 328 325 314 312 322 329 328 322 313 304 297 292 289 290 292 292 289 287 293 316 331 329
244 256 262 269 278 282 284 289 294 301 294 294 298 303 285 274 274 284 291 289 292 290 290 273 274 292 283 287 284 277 268 256 245 246 255 269 278 279 278 284 290 297 305 313 320 303 306 299 287 281 295 302 297 280 288 293 282 283 282 272 274 277 282 279 279 296 299 304 315 319 303 282 280 289 293 297 329 320 321 329 308 329 320 308 299 294 290 289 290 289 286 285 290 308 293 326
251 261 267 272 277 281 284 291 304 306 297 295 288 293 291 292 289 290 293 288 292 291 286 266 268 290 282 286 284 276 275 291 298 285 242 275 274 275 274 280 289 296 304 314 297 297 300 301 290 301 302 300 281 266 281 277 267 269 275 274 275 280 284 286 293 300 307 328 315 300 283 288 286 298 288 295 308 335 328 331 339 337 329 315 303 296 292 289 288 288 286 285 290 304 325 300
260 268 272 275 278 282 289 291 303 306 299 298 292 295 306 309 306 300 300 295 297 290 286 283 271 280 281 284 283 280 280 263 309 310 299 285 275 272 271 277 288 297 305 312 317 298 299 298 305 310 303 280 310 270 281 272 269 273 274 274 274 283 277 283 287 295 292 292 296 290 292 300 294 336 331 305 303 292 291 310 345 344 338 323 306 297 293 290 288 289 288 287 286 290 305 288
269 274 276 283 286 290 291 293 296 306 299 302 309 299 296 306 311 308 307 301 300 284 288 287 287 267 268 275 281 284 289 297 307 307 291 291 277 264 270 276 285 296 305 308 309 293 296 301 301 292 288 268 271 284 298 266 280 286 276 275 277 281 278 280 288 291 298 302 314 304 321 310 305 296 335 304 305 306 308 299 321 352 345 329 310 298 294 292 292 291 290 288 284 281 264 269
274 277 278 285 289 291 293 294 298 308 303 304 318 316 288 298 290 294 301 298 296 300 300 296 292 271 265 269 282 291 274 301 315 321 287 286 281 267 270 278 285 293 297 296 299 280 282 290 283 265 264 255 262 255 299 273 311 294 285 286 284 286 281 282 307 293 295 297 319 317 297 302 315 333 322 316 297 300 323 327 9 1 352 337 315 302 297 296 295 294 292 290 289 290 298 275
274 277 279 283 288 291 292 294 298 306 304 301 313 308 299 297 284 298 289 297 299 304 302 296 296 288 283 279 284 294 275 283 297 245 292 285 282 273 275 282 289 287 280 282 288 277 279 277 252 244 246 294 294 239 304 305 306 279 291 296 296 295 289 309 306 293 293 295 290 313 319 311 316 357 314 303 304 307 309 308 314 10 359 345 323 307 302 301 300 300 298 298 299 301 304 286
277 279 281 285 289 292 294 297 302 309 309 299 304 309 313 302 299 298 299 308 312 310 307 293 285 293 282 283 283 286 289 296 310 256 270 296 317 301 289 290 294 282 270 267 265 266 263 255 240 241 277 285 298 306 311 309 311 315 318 293 300 294 293 276 281 285 287 294 298 328 301 337 306 307 314 307 314 328 337 313 306 304 8 352 330 314 307 305 305 305 304 302 304 309 307 298
284 285 285 288 291 295 296 299 302 309 314 306 305 320 317 307 302 301 300 301 308 313 313 304 291 289 276 281 262 276 287 302 304 281 258 299 313 305 295 299 299 272 267 265 259 253 251 250 245 241 271 284 293 300 305 285 287 290 288 313 320 284 315 322 311 293 292 298 304 304 310 312 309 319 313 310 314 318 14 16 343 329 15 359 337 318 308 304 304 307 307 305 310 321 322 313
288 289 289 291 294 298 299 302 304 306 314 311 305 310 319 314 306 303 301 298 300 311 315 311 302 296 287 285 270 276 294 309 303 289 263 291 297 294 299 302 294 270 267 260 254 254 254 251 240 232 266 280 285 288 293 281 288 289 313 307 310 287 316 295 296 288 295 306 305 335 321 319 319 322 343 326 344 323 323 21 23 26 20 6 344 323 308 300 299 307 311 309 315 317 327 321
290 290 290 294 296 300 300 303 296 301 311 309 307 305 313 318 310 306 306 303 304 313 315 311 306 301 285 285 270 281 298 308 298 282 264 285 289 297 301 293 276 265 265 259 253 248 241 235 228 240 255 269 275 277 278 284 297 306 299 298 276 275 281 289 292 294 321 329 335 332 318 334 336 338 328 10 12 22 325 325 25 27 22 10 351 332 312 297 294 303 311 309 313 315 324 328
293 291 291 296 295 299 301 303 290 293 307 311 312 304 300 309 307 307 310 307 308 316 316 307 302 300 300 274 268 284 302 302 286 280 284 292 301 307 302 291 279 268 265 262 254 243 235 232 230 234 247 261 267 265 269 273 275 277 281 285 293 280 307 312 317 335 319 317 295 290 293 301 312 322 341 338 341 327 348 322 327 334 24 12 355 337 317 295 290 294 297 283 285 288 299 312
301 295 293 298 301 300 303 306 308 297 306 314 319 318 315 303 306 306 311 308 309 316 317 306 295 293 298 269 267 283 298 285 286 290 293 302 310 309 300 292 285 277 271 265 255 248 243 239 227 232 245 258 261 263 263 259 249 252 264 274 280 288 288 300 302 306 307 306 293 290 293 297 301 307 311 311 313 313 320 318 327 335 28 16 2 345 319 294 286 287 291 297 271 277 286 294
310 301 296 300 303 301 304 302 311 308 310 315 321 325 318 305 317 309 311 309 309 316 317 314 301 296 298 302 282 287 283 291 298 299 301 308 312 303 298 296 290 283 276 263 247 238 236 229 231 234 239 248 255 261 256 240 236 239 246 252 256 261 271 280 281 283 281 282 286 293 294 284 305 315 316 317 323 323 325 337 347 0 336 22 10 358 331 302 288 289 299 308 324 296 290 280
314 305 300 302 306 305 307 310 302 305 305 313 316 322 320 308 312 318 319 318 318 323 320 321 314 309 309 305 294 290 294 296 311 307 310 318 308 292 300 300 293 286 277 260 243 233 224 215 224 227 231 238 244 254 253 236 227 227 228 239 244 251 249 263 263 256 252 252 259 260 261 359 5 312 319 321 342 348 354 345 349 343 344 28 17 2 340 316 299 294 301 311 326 286 280 292
313 306 302 305 308 307 309 311 301 304 303 305 308 312 320 309 308 320 319 322 326 329 326 325 319 314 314 310 299 285 294 302 310 324 317 315 292 287 301 299 293 287 276 265 255 241 226 203 212 218 225 232 236 236 230 215 204 207 212 228 235 243 234 246 244 244 249 254 258 261 268 288 304 309 311 317 326 326 327 350 33 352 36 30 23 3 340 323 308 303 308 318 334 298 305 319
314 306 303 307 310 311 313 316 303 307 308 308 313 317 319 311 304 305 309 316 323 331 331 329 325 320 314 309 306 281 294 306 306 318 320 304 296 301 305 294 291 288 276 268 264 255 244 198 201 210 216 227 233 223 205 189 185 195 219 219 223 229 235 238 245 233 238 245 256 272 289 298 307 296 284 306 314 353 39 38 38 38 34 30 26 7 338 319 308 305 315 330 343 0 329 338
317 310 309 312 315 317 319 320 309 310 315 318 323 321 319 315 306 301 298 299 304 317 324 329 331 330 323 316 311 294 301 317 316 312 316 311 312 314 315 307 294 284 273 269 274 270 271 210 209 210 210 225 232 223 213 201 193 197 205 209 212 227 232 239 244 247 251 260 267 269 253 274 311 349 11 293 311 327 354 39 42 356 34 32 37 12 331 312 301 297 308 331 346 360 332 336
315 312 311 318 320 322 325 319 319 319 317 318 322 324 324 318 309 303 298 298 300 303 306 313 325 337 333 324 318 306 309 330 329 305 308 310 312 314 312 303 292 285 281 277 277 282 286 245 262 263 252 253 251 241 232 223 213 207 210 213 218 218 231 230 230 234 239 233 222 229 237 240 236 268 301 315 320 315 319 335 358 343 38 322 49 21 330 307 295 287 292 318 345 359 313 317
310 311 313 318 321 326 330 333 320 319 317 318 315 318 326 327 324 323 324 320 313 308 304 302 299 309 340 322 317 311 320 346 341 305 298 299 289 284 275 270 273 278 275 269 265 270 282 291 311 268 270 288 288 264 249 240 231 222 218 233 231 229 214 211 202 202 202 202 201 202 207 205 234 195 287 299 306 313 321 325 328 37 5 356 44 31 339 309 293 283 282 300 340 359 307 315
306 308 312 316 321 327 332 338 321 318 319 320 320 315 320 323 323 323 321 315 308 307 304 305 312 318 306 306 311 315 327 347 351 327 305 298 289 309 306 299 285 277 264 260 266 262 265 277 294 285 280 280 279 271 257 250 244 235 228 225 220 218 215 226 212 201 198 197 196 220 204 201 195 199 199 101 44 38 332 35 33 351 0 2 45 43 359 311 292 280 273 280 320 342 299 305
303 304 309 315 320 328 340 330 337 317 319 321 321 326 319 320 319 317 325 319 313 313 307 309 313 314 307 299 308 300 297 314 327 338 320 317 311 308 308 300 305 272 264 257 251 266 273 266 278 292 304 279 279 311 268 258 252 250 243 236 223 220 215 212 211 208 204 202 202 206 211 209 235 203 198 181 161 66 42 37 37 344 356 318 349 65 81 291 278 267 261 258 259 272 260 260
304 304 307 312 319 329 342 345 334 316 330 319 320 325 322 321 319 326 325 318 314 315 310 309 320 324 297 289 283 267 266 303 312 316 329 331 331 327 317 311 295 281 274 276 275 267 256 250 252 273 285 298 298 313 305 296 292 288 263 256 248 246 250 249 228 241 219 219 219 219 224 222 216 213 208 201 197 182 148 59 47 45 43 45 46 28 107 188 248 248 248 242 225 201 167 244
306 305 305 308 317 332 344 340 313 313 316 318 324 327 329 323 323 337 327 318 316 315 316 316 336 329 303 284 272 262 268 301 330 306 316 319 317 313 309 295 288 298 276 272 278 275 272 261 258 257 259 268 270 281 291 301 300 300 304 290 280 269 268 274 277 284 298 307 311 310 307 266 257 243 227 214 206 200 199 190 98 53 47 45 47 322 77 113 202 236 240 232 216 192 175 242
302 302 302 304 315 336 347 336 327 316 318 321 324 326 329 327 338 336 336 327 306 316 317 319 356 14 318 302 285 279 281 299 337 312 292 293 299 306 309 320 305 294 296 267 251 246 249 249 241 274 270 269 261 255 259 259 258 258 264 263 280 293 282 273 274 306 315 318 326 327 328 333 337 289 271 223 215 206 204 205 201 134 57 48 50 318 33 77 105 222 237 230 215 193 174 158
302 301 300 302 316 338 345 332 327 319 320 323 327 333 346 348 348 344 333 319 309 313 313 328 3 33 351 309 301 291 285 276 306 293 276 284 297 298 288 291 299 286 280 281 288 299 274 259 295 290 283 288 246 286 274 274 272 277 252 250 281 286 289 286 290 296 297 290 287 289 288 305 318 333 346 8 49 62 190 204 209 202 154 88 57 38 279 44 83 134 240 235 220 196 172 155
302 302 302 309 321 340 342 331 327 329 331 333 330 345 351 353 351 341 311 310 310 310 321 320 31 38 341 309 305 291 278 266 307 305 291 290 295 288 283 281 282 284 275 269 268 268 276 287 294 259 288 290 304 299 288 230 234 302 312 303 272 304 292 244 236 228 224 230 234 231 228 230 229 223 232 245 327 12 95 158 209 212 196 150 100 68 42 307 40 80 257 246 226 200 174 154
304 305 308 316 328 343 340 329 328 330 323 329 346 354 349 348 346 330 333 320 306 314 315 329 39 360 322 318 303 288 279 268 289 335 328 303 294 287 283 273 266 269 269 261 250 250 253 258 266 274 275 278 297 303 300 298 291 288 265 251 246 240 223 216 219 223 222 223 256 227 268 279 313 72 66 197 216 231 339 138 175 217 211 179 130 101 72 47 36 53 27 260 234 198 172 159
