examples/cougarCreek-fire/createInputs/farsite/7a-cougarCreek-polygonIgnit/cougarCreekFire_08-12-2015_2200_217m_non_neutral_stability_vel.asc
ncols	146
nrows	140
xllcorner	610065.000000
yllcorner	5095217.000000
cellsize	216.586807
NODATA_value	-9999.000000
[rows 36 to 71 of 140, columns 0 to 80 of 146]
9.13 9.88 10.63 11.77 11.72 16.09 16.39 11.33 17.20 17.29 16.80 15.86 15.40 17.69 18.24 18.30 18.58 19.42 19.81 19.39 18.14 17.04 17.32 16.55 15.36 14.00 16.08 18.41 20.78 7.22 5.67 4.03 6.42 7.55 8.48 10.34 10.22 10.09 10.22 10.91 11.43 11.44 6.22 7.19 8.34 9.08 9.40 9.69 16.35 14.39 11.18 10.99 11.94 12.60 12.98 13.30 16.04 16.23 16.73 17.37 18.03 18.55 19.03 18.81 19.45 18.52 14.97 14.75 15.03 18.64 15.25 15.19 14.65 14.16 10.76 10.44 10.22 9.98 9.64 9.32 9.01
9.24 9.98 10.76 11.90 11.96 11.89 11.61 16.77 11.38 16.41 15.95 16.03 15.84 17.31 16.79 16.70 16.77 17.00 16.47 15.62 15.37 15.52 16.11 15.65 15.09 14.44 14.82 15.69 12.55 3.44 3.77 3.70 2.68 4.24 6.05 7.40 9.78 9.84 9.84 10.18 10.80 10.70 9.31 7.02 8.05 8.95 9.52 9.70 16.72 15.63 15.02 11.32 12.01 11.73 12.16 12.77 12.73 12.59 12.60 12.72 13.06 13.17 13.28 13.44 13.67 13.90 13.72 13.29 12.83 12.51 13.21 16.99 17.46 10.91 10.67 10.25 10.04 9.79 9.45 9.19 8.87
9.41 10.22 11.03 12.11 12.15 11.99 14.05 11.29 16.08 15.69 16.19 16.34 16.87 16.24 16.12 16.34 16.59 16.58 16.56 16.93 16.74 15.85 15.52 16.05 14.92 14.15 15.39 15.87 12.20 9.67 2.14 5.90 4.86 3.06 2.15 1.52 1.66 2.73 4.58 7.53 10.33 12.42 11.54 9.96 7.78 8.72 9.45 9.61 9.20 9.61 16.62 15.64 12.28 10.91 11.44 11.66 11.75 11.57 11.44 11.63 12.60 12.62 12.68 12.90 13.10 13.30 12.98 12.34 12.07 12.12 12.32 12.48 12.40 12.68 13.95 13.45 9.89 9.58 9.28 9.03 8.68
9.84 10.57 11.19 12.13 12.13 12.04 14.28 11.32 16.26 16.58 16.70 16.77 15.50 16.98 16.84 16.95 17.03 16.83 16.40 16.50 16.44 16.06 16.21 16.94 15.66 15.77 16.04 16.91 13.13 13.03 1.48 6.20 6.31 5.25 4.13 2.57 2.51 2.50 2.31 2.63 4.13 8.85 9.30 10.98 13.31 14.38 15.52 16.96 16.38 10.22 9.64 17.25 16.54 17.14 13.14 11.14 13.11 12.76 11.06 11.39 11.30 12.16 12.36 13.02 13.25 11.59 11.18 10.88 10.97 11.14 11.12 10.95 10.83 11.66 11.64 11.17 11.35 9.36 9.11 8.85 8.50
10.33 10.74 11.25 12.05 12.04 11.90 13.82 11.37 11.55 16.76 16.97 17.07 17.02 18.15 17.17 16.96 16.83 16.25 15.69 16.00 16.54 16.82 17.25 17.01 14.03 15.64 16.24 16.92 16.85 17.78 2.08 4.21 4.15 4.42 5.31 6.47 7.17 6.62 5.97 2.84 3.30 3.82 4.47 5.42 9.37 10.87 12.13 13.23 13.99 15.08 15.35 16.03 12.08 10.35 10.47 10.82 11.04 10.62 10.82 11.22 13.85 10.83 11.36 11.53 11.36 11.17 10.94 10.75 10.78 10.93 10.84 10.67 10.64 10.62 10.26 9.79 9.47 9.19 9.64 11.63 8.45
10.64 10.90 11.21 12.02 12.17 14.20 11.44 11.62 11.73 16.84 17.22 17.37 16.96 17.25 16.52 16.51 16.46 15.31 16.26 16.72 17.58 18.02 18.07 13.48 13.57 15.52 16.57 17.06 16.78 16.53 4.41 3.42 3.89 4.70 5.33 5.25 6.31 6.53 6.98 9.36 2.57 8.91 10.20 10.68 10.77 6.96 8.10 8.86 9.16 9.69 10.30 10.42 10.62 11.41 12.12 12.45 12.62 12.58 12.56 13.18 10.49 10.49 11.01 11.08 10.95 10.86 10.83 10.72 10.65 10.73 10.60 10.43 10.40 10.37 10.11 9.66 9.30 9.02 8.60 8.46 7.79
10.82 10.99 11.08 11.36 12.78 11.57 11.72 11.37 11.96 11.71 11.88 17.36 16.75 16.81 16.53 16.28 16.07 16.33 16.88 16.97 18.28 18.56 15.39 13.12 15.42 16.02 17.08 16.81 14.71 13.51 9.17 0.72 4.59 5.26 6.03 5.44 5.64 6.35 6.52 7.29 9.35 8.97 9.93 10.82 11.88 13.75 13.33 9.04 9.15 8.41 10.08 8.82 9.21 9.75 9.94 9.99 10.01 9.97 10.23 10.49 10.25 10.21 10.56 10.71 10.69 10.73 10.74 10.65 10.47 10.42 10.38 10.15 10.02 10.04 9.96 9.63 9.20 8.85 8.34 8.10 7.29
10.97 11.09 11.11 11.51 12.94 12.72 12.06 12.30 12.11 12.15 17.52 17.22 15.96 15.98 15.07 15.21 16.38 16.42 16.94 17.60 18.45 16.00 13.66 12.52 16.00 16.51 17.33 14.38 14.31 14.09 11.55 4.83 1.42 5.40 5.86 5.52 5.12 6.14 6.41 6.57 7.34 9.01 10.91 10.31 5.03 6.11 7.33 8.15 13.45 9.68 8.41 8.53 8.90 9.34 9.40 9.41 9.50 9.52 13.41 10.07 9.92 9.83 10.16 10.45 10.55 10.70 10.58 10.42 10.21 10.07 10.08 9.83 9.66 9.73 9.79 9.55 9.10 8.73 8.15 7.83 8.06
11.18 11.30 11.41 11.83 12.10 12.06 12.34 12.35 12.40 16.92 16.24 13.98 14.11 16.15 15.62 16.36 15.99 15.87 16.44 17.72 17.77 14.08 13.14 14.62 16.20 16.78 14.47 13.30 14.63 14.34 11.54 6.94 4.77 2.40 2.92 5.45 4.90 5.65 6.19 6.43 4.59 5.99 2.65 3.62 4.75 5.87 10.88 11.77 8.23 7.54 8.01 8.23 8.57 8.79 8.81 8.81 8.90 9.07 9.44 9.64 9.48 9.54 9.79 10.12 10.42 10.94 11.01 10.77 10.80 10.74 10.79 10.66 10.32 10.19 10.38 9.24 8.96 8.65 7.99 7.62 7.57
11.33 11.63 11.83 11.94 12.35 12.37 12.39 12.50 12.85 14.56 12.62 13.39 15.88 16.91 17.06 16.41 13.53 16.13 16.92 17.85 18.32 16.29 15.06 14.12 16.07 15.51 13.47 14.88 15.91 15.67 11.37 8.16 7.57 5.28 3.10 3.14 4.50 5.56 6.30 6.53 6.85 1.56 2.26 3.29 4.55 8.59 10.98 6.99 6.26 7.02 7.50 10.04 8.21 8.31 8.32 8.24 8.32 8.81 9.35 9.27 9.07 9.09 9.84 10.88 11.92 14.75 15.52 15.50 15.27 15.61 15.45 12.85 12.85 12.94 12.80 12.15 11.25 10.55 7.84 7.37 7.15
11.80 12.16 12.78 11.77 12.35 12.59 14.45 15.16 14.96 11.67 13.00 15.45 16.18 17.23 16.85 15.66 16.25 16.02 17.28 18.25 18.86 15.41 14.22 13.15 12.84 13.24 13.54 16.03 16.75 14.67 11.54 9.59 8.90 7.61 6.45 3.46 3.57 4.37 6.08 6.71 3.21 2.93 3.29 6.64 9.30 10.39 9.38 6.20 7.21 6.42 6.91 7.51 8.02 7.99 7.92 7.91 8.16 8.31 9.10 9.95 10.43 10.28 11.51 14.41 15.27 16.22 15.36 15.07 16.43 16.57 15.74 16.66 15.73 13.33 13.10 13.01 15.24 12.07 7.88 7.19 6.86
12.40 10.71 10.83 11.76 12.01 12.78 11.95 13.99 14.45 12.54 15.52 16.11 16.48 17.25 17.45 17.50 11.30 16.08 17.81 18.31 18.38 13.27 11.23 12.11 12.72 13.19 15.58 17.06 16.02 14.60 12.65 12.08 10.09 8.61 7.21 3.14 3.95 5.42 5.34 6.33 7.37 8.66 8.62 9.33 8.74 8.45 5.34 5.08 5.36 5.98 6.62 7.19 8.10 7.85 7.66 7.97 8.14 7.63 11.11 14.71 14.88 15.19 16.35 17.00 17.40 17.20 16.54 16.27 15.89 15.47 15.74 16.10 15.59 13.24 13.04 12.71 12.88 12.80 11.41 7.24 6.67
12.68 12.92 13.35 13.95 13.17 13.00 11.72 14.69 15.74 15.47 15.95 12.62 16.76 17.21 12.18 12.11 17.79 17.16 18.44 18.35 16.06 11.16 10.29 12.92 14.06 16.18 17.01 17.77 14.71 15.83 14.86 14.05 13.61 9.12 4.64 2.23 3.32 4.99 6.07 6.25 10.86 8.21 8.50 10.26 6.92 7.80 4.90 8.28 5.37 6.17 6.66 5.44 8.18 8.55 8.06 9.74 12.29 16.90 14.74 14.45 15.15 16.26 16.23 15.37 15.43 15.48 15.27 15.03 15.08 16.03 15.50 15.32 15.34 15.29 12.79 12.30 14.45 12.56 12.08 7.34 6.62
12.96 12.59 13.17 11.05 11.15 13.25 14.57 12.90 13.10 16.35 16.48 12.94 12.81 12.77 18.57 18.93 18.07 17.72 15.45 16.33 15.71 11.93 12.06 14.66 14.84 16.64 17.37 17.08 17.99 16.17 15.54 14.66 14.72 11.24 5.17 1.73 2.59 5.36 5.84 10.13 8.96 7.93 8.46 8.98 10.61 4.16 7.89 5.32 5.75 6.83 4.43 7.43 14.09 15.89 15.90 16.27 15.81 15.34 14.84 13.89 9.81 9.61 10.16 15.12 17.28 16.16 16.15 15.86 15.47 15.43 15.29 15.15 15.00 12.68 12.45 11.87 11.76 11.64 11.18 10.53 6.65
11.59 11.47 10.97 10.98 12.11 11.70 11.91 13.37 13.34 13.22 13.20 13.39 13.34 18.23 18.38 15.70 15.97 14.17 13.86 15.91 15.49 14.14 13.94 13.89 13.29 13.64 11.37 16.04 15.23 16.86 15.27 15.14 15.09 11.48 7.28 2.37 3.07 5.25 5.85 6.17 10.88 7.78 8.40 7.88 8.46 10.04 12.00 13.09 13.79 13.79 14.85 14.27 13.02 12.77 13.70 15.01 9.14 9.31 14.33 14.18 10.22 9.46 8.89 9.09 15.43 15.91 15.53 15.23 14.73 14.63 14.61 14.58 12.21 12.43 12.26 11.44 10.34 9.35 10.24 10.84 6.53
11.86 11.41 10.90 12.48 11.79 12.08 13.48 13.55 13.58 13.53 13.65 13.99 13.97 18.64 14.53 13.56 14.42 13.71 14.83 16.29 14.17 13.11 14.70 10.04 13.59 13.71 16.77 12.44 15.82 16.43 15.20 15.47 15.52 11.36 8.01 3.76 3.30 6.40 6.48 6.07 6.98 7.94 8.15 8.71 4.23 4.97 5.93 6.84 7.68 12.29 12.58 12.47 8.21 11.53 7.35 12.77 8.95 8.97 9.06 14.21 13.71 10.24 8.90 8.24 9.43 10.90 14.36 15.86 14.98 11.50 11.08 15.95 12.05 12.06 11.04 10.86 10.72 10.71 6.95 11.20 6.33
12.96 11.41 13.11 11.97 12.18 13.62 13.81 13.96 17.01 13.89 14.37 18.25 15.02 14.15 12.62 12.44 13.23 14.03 15.29 15.42 13.89 14.57 14.23 10.75 13.28 9.57 9.84 13.22 19.41 15.87 15.08 15.01 15.02 11.69 6.80 4.64 5.62 8.77 7.31 7.57 7.24 7.42 7.08 7.65 9.41 5.50 6.33 5.74 6.47 6.96 8.23 8.07 8.01 7.65 7.24 6.04 12.29 8.56 14.83 13.67 13.57 13.67 9.80 7.81 9.25 9.74 9.49 10.21 10.31 9.72 7.70 9.30 10.05 7.66 7.36 7.21 7.01 6.82 6.69 6.45 11.02
11.36 11.73 12.20 12.35 13.97 13.79 15.99 16.42 16.87 18.06 17.74 13.03 12.31 11.95 12.08 12.05 11.77 14.93 15.61 14.99 16.13 13.95 14.01 10.32 16.29 10.00 18.60 16.70 15.97 15.20 13.11 14.57 15.38 12.36 6.16 4.42 5.47 4.91 5.26 4.83 5.84 6.04 5.62 6.63 8.31 5.51 6.45 5.54 6.12 6.60 6.78 6.77 6.89 7.65 7.64 11.39 14.03 12.51 8.96 9.47 9.62 9.44 7.17 7.58 7.76 7.68 7.90 8.09 7.79 7.52 7.56 7.75 7.61 7.39 7.22 7.03 13.78 11.42 6.56 6.33 6.20
11.18 11.77 13.60 13.84 14.20 13.72 15.53 17.07 17.39 17.96 13.32 11.89 11.69 12.13 15.97 14.92 12.34 17.12 17.12 15.52 11.91 11.57 14.02 14.12 14.05 15.01 15.76 15.12 15.52 15.55 11.62 14.70 15.32 14.27 6.47 5.19 8.41 9.17 5.44 6.05 6.73 6.92 5.31 5.09 3.84 4.78 5.82 5.50 6.10 6.65 6.87 6.80 6.85 7.02 7.82 8.34 8.61 8.42 8.49 8.69 8.69 6.54 6.82 7.21 7.35 7.44 7.64 7.69 7.45 7.41 7.47 7.39 7.20 7.12 7.00 6.82 6.69 6.53 6.29 6.14 6.08
11.58 11.70 12.84 13.73 11.63 11.70 13.93 17.71 14.74 13.78 12.30 11.30 11.80 12.48 16.15 15.40 12.57 16.66 12.61 12.21 13.48 14.35 14.26 13.59 16.04 15.02 14.89 15.38 16.14 15.69 12.86 14.98 15.30 14.32 8.68 6.41 10.36 11.80 10.08 10.03 10.60 11.52 6.98 4.91 3.69 3.98 4.64 5.24 5.89 6.53 6.77 6.66 6.64 6.69 6.83 8.29 8.06 6.03 6.01 6.04 5.94 6.04 6.39 6.68 6.94 7.11 7.05 7.00 6.96 7.04 7.09 6.93 6.70 6.62 6.56 6.46 6.33 6.07 5.91 6.00 5.97
12.33 12.78 12.56 12.85 11.88 13.20 15.25 15.56 12.42 11.85 11.30 11.84 12.04 11.91 15.63 12.97 12.24 12.65 12.50 13.29 13.70 13.21 13.27 13.41 14.63 14.95 15.49 15.63 16.72 14.20 13.23 15.54 15.29 14.48 8.55 6.55 10.38 11.73 8.50 9.20 9.34 10.40 9.31 7.16 4.65 4.18 4.21 5.02 5.57 6.25 6.59 6.54 6.48 6.45 6.42 6.13 5.71 5.56 5.56 5.56 5.64 5.87 6.11 6.29 6.55 6.65 6.46 6.44 6.55 6.60 6.58 6.45 6.17 6.04 6.07 6.06 5.90 5.74 5.85 5.95 5.75
13.75 12.79 12.40 11.98 11.56 12.37 16.28 12.67 12.66 11.72 11.34 13.49 12.37 11.42 12.69 12.78 12.79 18.13 11.78 10.52 13.28 12.73 13.28 10.85 14.61 14.60 15.29 16.22 16.25 13.87 15.00 15.57 15.96 16.75 4.90 3.93 11.50 10.71 6.93 9.44 9.60 9.95 12.55 8.53 6.66 4.52 4.35 4.68 5.65 6.01 6.29 6.34 6.33 6.24 6.01 5.62 5.38 5.39 5.40 5.45 5.57 5.67 5.76 5.90 6.05 6.08 6.01 6.03 6.08 6.07 5.97 5.88 5.69 5.60 5.70 5.75 5.70 5.74 5.81 8.37 5.35
13.76 12.57 11.62 11.67 12.09 16.56 13.69 13.02 11.79 11.31 14.48 14.11 11.94 11.10 17.24 14.26 14.24 13.46 12.81 9.86 13.40 13.28 10.16 10.42 14.55 14.36 11.12 17.07 15.48 13.60 15.75 16.13 16.04 17.14 6.84 3.24 9.83 10.02 9.08 10.45 10.93 10.79 11.87 10.30 8.93 5.45 3.49 5.47 5.83 5.85 6.49 6.20 6.77 5.81 5.56 5.34 5.31 5.36 5.34 5.33 5.32 5.27 5.34 5.46 5.52 5.60 5.62 5.56 5.53 5.48 5.35 5.36 5.36 5.40 5.57 5.62 5.63 7.04 7.92 8.43 5.16
13.69 12.15 11.39 12.20 13.17 15.76 13.47 11.92 11.30 13.69 14.89 12.17 14.21 11.20 11.81 12.34 15.27 14.01 12.42 11.08 13.70 11.05 10.44 11.49 13.78 11.01 11.69 16.75 15.22 15.49 16.23 16.38 15.70 16.00 10.54 5.28 6.75 9.37 8.78 11.42 10.99 11.21 12.15 10.44 11.45 14.09 11.32 6.66 7.95 6.52 6.60 6.50 5.96 5.68 5.46 5.29 5.21 5.13 5.05 5.00 4.95 4.93 5.03 5.08 5.12 5.19 7.60 5.02 4.98 4.91 4.88 5.10 5.21 5.30 5.07 10.18 11.97 11.73 8.13 7.56 5.05
13.39 11.86 11.67 12.94 14.95 13.56 12.21 11.19 13.78 14.80 11.83 11.71 11.44 11.97 12.67 15.39 20.52 11.99 11.98 10.95 12.23 12.49 13.05 13.34 11.13 11.49 15.82 15.92 15.91 16.37 16.55 16.01 16.18 15.73 12.09 7.78 7.10 8.32 10.23 10.86 11.15 9.88 9.85 12.73 10.70 11.43 11.46 14.67 14.80 7.65 6.89 9.22 5.45 6.16 5.84 5.57 5.35 5.19 5.00 4.82 4.70 4.69 4.75 5.41 6.89 4.66 4.55 4.51 4.52 4.52 4.68 4.98 5.61 6.30 12.03 11.52 8.28 10.73 11.67 11.71 10.97
12.80 11.75 12.05 13.09 12.84 12.61 11.53 10.91 11.24 11.43 11.69 12.20 12.61 15.15 15.57 16.31 9.29 11.19 9.75 9.15 11.05 12.96 14.01 11.37 11.39 11.89 12.11 16.16 16.49 16.66 15.99 15.80 16.15 15.04 11.44 9.55 7.01 8.01 10.56 10.72 10.17 9.67 9.93 12.29 12.29 13.35 13.68 14.04 14.64 7.66 6.48 6.37 6.35 6.20 5.95 5.76 3.57 3.80 4.17 3.71 3.53 3.54 4.05 4.90 4.21 4.13 4.15 4.23 4.28 4.35 4.37 6.79 11.76 11.49 8.09 10.76 11.41 11.68 9.45 9.51 12.14
12.01 11.69 12.26 12.73 12.23 11.98 11.11 10.64 11.16 11.70 12.50 15.90 16.04 16.16 20.43 17.52 12.08 10.49 11.30 9.47 11.19 13.18 12.40 13.09 11.30 11.82 16.05 16.43 16.63 16.43 16.08 16.12 16.12 15.61 9.83 10.06 9.40 8.58 10.83 11.46 11.33 9.67 11.18 11.88 12.41 13.09 13.30 10.57 10.92 7.35 6.60 6.34 6.08 14.81 5.62 5.48 7.43 5.08 12.46 11.22 3.98 3.21 3.72 3.89 3.76 3.24 4.09 2.71 3.53 5.42 10.08 10.76 10.27 6.93 10.13 11.31 11.75 11.83 11.58 9.16 11.87
11.28 11.48 12.11 12.26 11.78 11.31 10.70 10.77 11.90 15.59 16.40 16.74 16.47 20.12 20.67 9.70 11.13 11.69 9.31 9.87 12.06 12.34 11.62 13.40 11.57 11.85 15.64 16.59 17.01 16.36 16.62 16.17 16.56 14.40 9.07 9.92 10.62 9.75 11.02 11.72 11.62 9.02 9.20 12.05 10.81 10.58 11.11 14.16 14.31 7.47 6.75 6.40 6.04 14.24 5.59 5.40 12.19 4.83 11.84 13.38 4.31 4.24 8.96 7.86 6.41 3.79 3.39 12.12 12.64 11.34 10.45 10.62 10.44 10.25 10.80 11.08 11.65 8.58 11.30 11.08 11.42
10.85 11.15 11.78 11.91 11.41 10.98 11.07 12.27 16.40 17.18 20.21 20.56 20.45 20.80 11.27 11.79 10.40 8.99 9.66 10.10 9.65 10.40 12.77 13.47 13.67 14.15 15.23 16.60 16.72 16.23 16.21 16.43 15.14 12.42 9.98 10.28 10.90 10.97 11.48 11.63 11.86 9.02 10.04 11.22 12.10 10.67 11.01 8.16 8.43 14.56 7.37 6.53 6.26 6.06 5.80 5.53 5.27 7.52 4.77 11.56 4.33 6.58 4.04 10.21 11.60 11.72 11.42 11.42 3.36 11.26 9.78 7.07 11.61 11.68 7.84 10.88 8.02 8.36 10.24 9.86 10.31
10.54 10.81 11.44 11.73 11.60 11.83 12.76 17.04 17.70 20.26 19.07 19.13 18.57 10.85 11.73 10.94 9.72 8.68 10.96 9.26 10.68 11.45 13.35 12.91 13.28 11.68 12.11 16.64 16.97 16.70 16.42 15.23 14.72 12.11 10.14 10.27 12.28 11.55 11.95 13.53 12.38 10.65 9.66 9.02 10.76 10.54 11.60 11.72 8.78 9.63 8.28 6.99 6.61 6.26 12.70 5.62 5.43 5.16 4.86 12.78 4.36 4.15 3.94 11.03 9.81 11.08 11.04 11.05 10.23 12.05 11.42 11.27 11.26 11.13 7.17 9.82 8.09 4.86 4.72 5.73 6.46
10.00 10.34 11.18 11.99 15.85 16.12 17.08 20.74 20.38 19.87 18.59 17.13 14.84 10.38 10.89 10.28 11.33 8.99 10.99 10.23 10.59 10.70 10.80 10.16 14.49 11.79 12.32 13.03 17.40 17.03 16.79 12.64 12.35 12.02 10.25 10.71 14.88 11.49 11.62 15.77 12.61 11.00 7.51 9.80 7.33 7.64 8.43 8.48 8.62 14.40 9.28 7.91 6.77 13.29 6.09 5.87 5.66 5.43 5.19 4.92 11.08 4.21 12.54 12.61 12.51 10.95 6.62 12.04 10.99 11.34 10.93 6.40 11.00 11.26 11.35 9.80 3.63 4.80 7.80 8.79 8.51
9.63 10.29 11.65 16.32 17.32 17.37 20.51 20.33 19.77 18.78 16.52 14.76 13.15 10.26 10.73 12.54 11.07 9.63 11.17 12.03 11.51 12.02 10.77 10.21 14.01 11.84 12.46 13.28 17.06 16.64 14.52 11.76 11.51 12.47 12.35 12.23 15.45 11.32 12.98 15.59 12.62 12.14 7.00 6.24 6.26 8.21 11.85 12.41 11.95 13.52 14.54 7.88 8.09 6.74 12.53 6.09 5.94 5.79 5.58 7.45 4.94 9.42 9.70 4.03 12.29 11.92 11.58 3.39 3.35 10.76 10.16 10.52 11.02 10.88 10.77 10.71 4.02 4.10 4.11 4.17 4.17
9.95 10.79 12.35 17.08 17.72 16.76 15.31 14.37 15.24 15.56 12.17 12.24 12.33 13.03 10.86 12.50 10.95 11.81 11.40 10.47 11.72 13.43 10.70 11.28 13.52 9.55 10.23 13.64 17.37 14.49 14.77 11.59 11.31 14.27 14.65 12.90 15.54 12.91 13.59 16.25 13.86 16.32 6.99 8.22 6.20 6.20 6.68 11.05 7.82 12.40 13.18 7.45 7.31 7.14 6.71 13.25 6.03 6.00 5.85 13.62 9.77 9.29 6.75 11.88 7.00 6.58 6.51 3.58 3.44 10.62 9.54 8.95 6.13 6.31 10.32 10.72 10.83 10.51 3.84 3.88 7.62
10.20 10.91 12.51 16.70 15.31 13.14 12.90 13.30 14.00 14.62 11.49 10.19 11.43 12.89 10.72 12.45 10.77 10.67 12.57 11.06 11.55 13.10 12.51 12.85 13.79 9.58 10.67 13.97 16.35 13.79 16.18 12.55 10.47 12.64 14.86 15.81 16.15 13.45 13.83 16.40 16.89 17.34 13.21 7.11 6.74 6.84 7.31 7.78 7.64 7.98 8.29 7.86 7.65 7.52 7.24 6.71 13.30 6.00 6.16 8.65 8.49 5.26 4.84 9.80 10.26 9.71 9.64 3.74 3.59 3.59 10.35 9.61 9.59 5.93 9.38 10.17 10.61 4.04 6.12 4.19 4.28
10.04 10.94 12.96 16.69 14.22 12.09 12.02 13.36 14.06 14.15 12.73 12.04 10.43 9.95 10.40 12.42 10.59 10.73 12.80 11.08 10.97 12.79 11.97 14.00 12.06 9.78 13.63 17.13 14.59 15.88 17.49 14.92 10.48 12.20 15.19 15.69 15.95 13.15 14.07 16.09 17.28 17.10 15.13 8.53 7.41 7.35 10.46 10.82 7.90 7.78 8.53 8.19 7.97 12.85 7.63 7.31 6.69 6.19 6.30 6.55 8.95 5.98 5.50 5.10 4.74 8.58 8.91 9.44 3.81 3.74 11.17 10.18 9.87 9.99 10.11 10.44 10.64 4.28 8.41 7.31 5.45
10.03 11.44 13.47 13.71 13.93 11.74 12.11 12.94 14.03 13.38 13.35 13.29 12.66 10.29 13.41 12.20 10.32 10.75 13.07 11.12 9.66 13.23 10.54 12.40 9.76 10.22 14.31 15.55 14.18 16.50 17.45 13.17 10.40 10.04 15.75 16.25 13.59 13.06 14.44 17.45 17.28 13.36 14.14 13.57 7.83 7.25 7.92 9.88 8.34 8.47 8.13 8.54 8.47 12.78 12.27 7.71 7.32 6.64 6.33 6.62 6.81 12.72 6.15 5.73 5.32 5.02 4.76 6.76 9.12 4.04 4.06 11.74 9.55 9.80 10.06 9.92 10.21 10.36 10.59 10.12 4.53
