examples/cougarCreek-fire/createInputs/farsite/7a-cougarCreek-polygonIgnit/cougarCreekFire_08-12-2015_1000_217m_non_neutral_stability_vel.asc
ncols	146
nrows	140
xllcorner	610065.000000
yllcorner	5095217.000000
cellsize	216.586807
NODATA_value	-9999.000000
[rows 0 to 33 of 140, columns 0 to 77 of 146]
16.92 14.11 16.20 14.61 17.11 13.19 16.27 18.32 18.92 18.38 17.63 17.16 16.36 15.09 18.96 16.07 19.08 21.33 21.72 25.08 27.47 27.12 23.78 19.04 15.62 14.93 15.25 15.33 15.69 15.89 14.70 16.32 15.61 17.49 18.36 19.26 19.07 17.44 15.52 14.94 14.77 14.39 14.64 15.51 16.31 16.72 17.36 18.43 19.30 17.60 21.45 16.28 25.01 24.81 26.52 26.56 25.56 17.50 26.07 27.04 25.92 23.20 24.42 23.58 21.98 19.45 20.91 25.47 29.33 30.38 28.46 23.79 19.62 19.50 23.61 26.07 24.01 25.21
16.92 14.11 16.20 14.61 17.11 13.19 16.27 18.32 18.92 18.38 17.63 17.16 16.36 15.09 18.96 16.07 19.08 21.33 21.72 25.08 27.47 27.12 23.78 19.04 15.62 14.93 15.25 15.33 15.69 15.89 14.70 16.32 15.61 17.49 18.36 19.26 19.07 17.44 15.52 14.94 14.77 14.39 14.64 15.51 16.31 16.72 17.36 18.43 19.30 17.60 21.45 16.28 25.01 24.81 26.52 26.56 25.56 17.50 26.07 27.04 25.92 23.20 24.42 23.58 21.98 19.45 20.91 25.47 29.33 30.38 28.46 23.79 19.62 19.50 23.61 26.07 24.01 25.21
16.49 17.72 19.41 14.70 19.87 22.61 18.23 17.28 27.28 26.05 24.07 22.01 17.89 12.78 21.26 19.49 19.37 19.24 21.38 21.33 23.46 25.55 25.66 21.65 16.79 15.35 18.50 18.55 13.85 12.41 10.86 18.50 16.99 18.05 17.58 18.75 14.06 7.65 12.13 1.88 4.16 2.37 1.48 2.06 6.20 14.42 10.95 9.44 13.26 14.03 13.55 11.81 16.03 25.30 26.55 26.60 25.99 19.62 27.50 27.35 23.96 18.45 21.24 21.31 21.42 17.54 24.07 28.29 28.39 31.45 28.20 23.20 14.21 21.88 26.50 26.87 25.84 28.37
5.56 15.27 19.57 18.50 16.72 18.65 22.65 23.57 25.88 20.44 23.65 22.15 17.43 13.35 14.49 13.03 16.45 19.57 20.44 17.95 18.41 23.49 28.89 25.62 19.50 13.61 14.94 18.08 15.15 13.08 11.63 13.69 17.77 17.29 16.44 17.48 17.07 12.38 7.86 5.51 4.28 3.60 4.72 4.28 6.43 8.54 7.56 8.24 8.67 10.72 14.00 18.03 20.71 24.89 26.13 25.08 25.23 16.31 19.29 19.93 21.14 21.36 23.58 24.74 24.56 22.02 30.55 27.90 32.99 31.70 26.42 17.82 25.15 29.32 33.43 31.82 30.98 33.17
8.79 20.69 18.28 20.74 18.24 19.76 15.32 22.76 14.36 16.71 27.89 26.03 22.14 17.52 11.19 11.78 15.53 18.31 20.47 20.58 18.47 21.54 27.22 23.23 22.89 17.47 13.21 19.62 15.83 13.81 12.44 10.56 16.67 15.57 14.67 15.60 16.86 14.42 9.75 6.00 3.18 4.69 3.46 4.45 7.85 9.43 7.92 8.95 11.44 15.88 19.61 21.69 22.14 25.28 24.77 22.92 15.08 20.15 17.37 30.46 26.72 24.15 26.02 28.70 26.11 33.19 29.35 34.37 32.39 29.35 22.51 30.53 33.92 37.50 35.64 37.71 34.57 33.77
7.18 20.42 16.24 23.79 18.99 18.76 20.58 23.45 24.25 25.35 27.06 29.35 21.66 19.66 11.60 9.22 15.22 17.65 19.35 16.22 18.06 19.43 24.77 32.22 21.30 19.78 13.42 19.00 17.20 14.68 10.58 10.88 15.80 14.10 14.09 14.61 15.02 14.04 7.84 4.44 2.31 3.88 2.36 4.91 5.44 7.63 10.26 11.99 16.31 21.36 22.78 22.28 23.82 25.82 21.76 16.25 14.49 22.30 29.80 22.35 26.87 27.13 29.12 27.82 33.38 29.86 33.72 33.13 29.84 24.31 33.62 33.05 35.14 38.49 36.11 33.36 29.65 32.78
15.14 20.99 15.13 17.17 21.76 17.76 18.42 14.97 24.57 24.99 26.57 29.24 27.08 20.92 16.59 8.78 15.79 17.35 13.80 16.02 17.61 20.13 23.83 28.03 25.99 21.63 15.86 17.28 17.72 12.80 7.85 12.52 14.96 10.56 12.04 14.60 13.12 13.04 9.30 5.91 5.03 1.71 2.97 5.41 4.03 10.12 13.00 16.48 20.87 22.20 23.36 23.74 22.15 20.37 17.13 19.47 20.43 20.00 23.25 24.97 26.12 29.40 29.72 25.83 31.70 33.26 33.59 31.45 27.07 34.60 33.38 37.57 36.80 33.25 30.74 26.34 31.44 34.58
18.37 20.60 21.72 22.82 21.31 19.96 20.82 23.12 24.37 13.73 26.28 28.41 27.95 19.42 14.75 10.32 13.11 13.93 19.14 14.45 17.13 18.52 21.54 26.43 28.19 22.80 16.58 19.97 18.14 14.44 8.28 14.97 11.13 6.94 12.45 14.59 12.36 11.17 9.05 7.89 6.42 2.32 2.26 3.31 6.47 12.31 15.34 16.59 18.61 20.09 20.96 18.58 18.77 18.26 18.01 21.00 20.23 21.99 23.47 25.34 27.03 27.52 24.21 32.64 29.97 32.83 32.66 31.54 30.36 32.98 35.89 34.22 32.32 26.11 30.96 26.66 32.36 34.61
17.16 19.71 17.08 19.49 20.57 19.54 19.76 21.18 24.55 26.08 27.01 15.92 18.32 23.57 18.24 14.21 10.31 14.54 15.91 12.93 16.48 17.42 17.83 23.38 33.56 24.70 18.16 19.43 17.18 10.24 9.44 13.80 8.28 7.30 13.54 13.04 11.30 10.91 12.14 12.43 8.28 2.77 1.10 3.12 10.18 11.77 13.64 14.15 15.61 16.59 16.22 19.32 21.40 19.63 20.39 19.24 17.67 21.15 23.72 25.24 24.37 24.07 25.58 27.89 31.64 32.27 32.39 31.57 32.81 35.68 33.51 28.40 28.21 33.36 29.95 29.37 30.56 34.40
16.26 18.61 18.71 21.58 20.33 23.58 22.51 22.09 23.29 23.20 24.89 27.55 27.99 25.97 18.43 13.86 11.40 9.26 19.29 11.74 15.68 17.06 16.97 20.44 27.64 24.81 19.91 16.60 19.06 13.32 8.86 13.09 10.79 10.37 13.14 11.91 11.04 12.52 12.35 12.18 7.15 2.87 2.88 4.21 10.26 11.75 11.41 12.27 14.94 16.64 19.13 21.32 19.70 16.00 12.94 14.12 16.64 19.13 21.29 19.85 20.58 30.02 27.86 31.20 31.61 31.02 31.88 32.38 34.17 35.03 32.22 35.12 35.97 32.80 30.88 31.98 32.90 39.90
12.39 15.52 18.10 19.17 20.51 21.15 22.79 24.41 24.56 24.98 26.37 26.34 26.15 26.74 18.24 16.13 13.39 9.34 19.82 21.82 16.58 26.09 16.24 17.81 25.28 28.52 21.83 15.30 18.95 11.68 7.40 13.13 9.59 9.88 13.36 13.06 13.44 13.10 12.38 12.25 6.25 6.41 6.64 9.36 12.14 11.26 12.74 13.28 17.10 18.78 18.97 19.14 12.16 8.21 9.16 12.78 15.86 17.67 17.76 19.52 24.93 25.40 29.97 31.46 30.33 31.74 34.16 34.85 35.85 36.59 34.47 34.72 34.07 34.31 31.87 35.97 39.25 45.78
13.45 13.39 12.91 16.73 17.79 19.97 21.90 24.71 25.74 26.03 26.75 26.44 24.88 25.88 22.98 23.26 16.25 11.19 18.90 24.68 16.80 28.05 16.85 16.75 22.93 30.24 22.67 18.60 20.55 11.69 9.10 13.84 10.75 12.34 14.29 13.40 13.62 12.93 12.78 12.93 12.21 7.37 9.44 6.03 8.38 10.06 13.24 14.61 18.17 19.85 20.19 15.27 8.80 7.92 10.60 15.65 16.63 17.95 19.21 23.73 24.04 28.10 30.15 29.84 30.65 34.07 33.94 34.07 34.35 35.22 35.42 34.22 36.85 33.50 37.89 39.80 44.23 48.09
13.33 15.10 14.85 13.38 15.94 16.76 22.09 24.26 25.70 28.97 26.92 26.07 24.54 24.15 18.08 18.53 15.79 21.23 23.50 26.99 27.50 29.35 28.99 17.56 21.04 26.13 23.24 19.47 19.95 14.63 11.24 12.44 13.25 5.81 15.02 14.54 14.49 12.79 11.61 11.64 14.84 7.11 4.51 12.11 8.27 13.21 12.80 15.18 20.00 18.68 17.03 13.60 8.35 8.19 13.29 17.55 17.82 19.61 21.11 21.69 26.41 28.12 29.09 29.34 29.85 29.75 29.23 28.88 29.18 30.33 32.78 35.66 34.46 34.53 40.31 43.08 46.83 47.73
11.36 12.01 17.73 21.63 19.63 18.47 20.75 14.63 12.90 15.42 26.85 27.62 27.72 25.89 19.47 19.12 16.75 18.67 24.94 26.64 28.43 29.55 28.81 28.11 20.05 25.04 23.03 22.27 17.54 14.54 9.23 12.86 14.80 16.12 15.32 14.87 14.84 14.36 7.36 11.39 11.14 7.38 4.05 6.13 13.12 14.07 13.24 17.74 20.17 19.15 16.26 12.70 9.63 8.60 15.55 18.06 20.15 22.11 22.40 24.00 25.12 24.36 24.98 26.66 27.03 26.85 25.49 25.33 26.08 26.26 33.20 36.93 39.38 41.45 43.17 45.15 46.08 44.49
11.10 16.77 17.18 22.83 22.76 23.12 22.80 25.24 25.73 13.74 15.78 28.41 28.32 29.32 31.01 21.86 19.38 15.32 21.35 25.36 27.06 29.32 29.43 30.08 19.78 23.54 25.64 21.89 17.50 14.49 9.94 14.11 19.13 17.25 17.00 14.68 15.62 15.12 7.12 11.25 12.13 6.16 4.24 11.38 15.80 14.12 17.27 18.23 22.16 22.10 15.81 13.79 12.09 11.69 16.46 16.82 19.94 21.98 21.10 21.76 22.88 22.93 23.21 23.27 23.05 21.73 22.76 23.79 25.24 33.15 33.93 38.59 39.41 41.60 43.05 43.49 42.32 40.01
22.14 23.09 23.60 24.62 24.78 24.28 23.72 22.33 23.91 25.47 17.49 27.77 28.08 27.31 29.16 29.44 22.46 17.93 20.70 24.49 24.29 27.93 28.91 26.93 31.63 33.66 27.94 23.25 17.26 14.38 12.37 19.19 19.87 6.25 17.47 16.80 14.71 6.34 8.58 11.32 5.66 4.94 3.87 13.24 16.62 17.50 18.01 21.07 22.18 21.42 14.81 16.76 17.02 15.69 15.72 17.48 21.29 20.94 18.60 19.50 20.30 20.08 18.90 19.84 21.51 24.18 27.42 27.86 31.87 34.70 38.56 36.62 36.27 37.44 38.74 38.63 37.84 36.79
23.18 24.34 24.10 22.44 24.11 23.70 24.76 23.47 22.04 23.89 25.78 28.37 26.53 25.48 27.61 20.25 22.17 22.53 24.45 28.36 26.01 29.35 29.06 22.60 27.71 32.32 29.53 21.82 18.94 10.68 15.81 20.09 16.45 20.90 17.09 17.95 4.26 6.28 9.68 16.84 8.15 3.20 2.81 6.64 16.34 17.10 20.01 21.58 21.75 20.81 18.30 20.90 19.71 17.82 15.74 19.43 22.17 17.59 18.37 19.25 19.95 19.28 20.27 22.96 24.71 28.66 30.87 30.52 34.38 37.33 35.86 32.40 32.22 33.25 33.60 33.32 33.64 34.46
24.15 25.13 25.33 23.43 22.96 27.42 27.09 25.53 22.86 20.80 24.82 26.59 25.49 20.29 26.09 16.08 18.77 19.09 27.66 20.27 29.36 31.20 29.81 24.80 24.41 30.49 29.08 21.53 18.41 13.64 20.25 20.43 19.86 19.86 16.25 15.60 3.96 6.27 9.43 14.83 7.33 2.30 2.78 15.23 17.38 19.36 21.05 24.88 22.59 24.10 25.07 23.78 20.66 16.24 15.22 19.71 19.42 14.76 18.49 17.54 17.94 20.14 22.74 25.20 27.07 31.29 33.62 34.13 33.90 32.57 31.59 28.32 29.04 31.72 33.42 34.55 31.62 31.86
21.30 23.91 24.14 23.64 21.89 25.11 27.09 25.71 22.65 20.52 23.93 25.90 25.38 27.01 28.79 28.85 28.47 29.07 28.50 29.18 30.98 33.23 32.26 26.98 25.90 30.64 27.22 20.44 16.70 17.70 21.22 20.16 21.50 7.88 15.92 15.67 4.85 6.47 15.45 15.72 12.09 14.34 3.40 7.24 18.58 23.38 25.83 25.50 24.31 23.86 26.16 24.10 20.68 12.75 16.47 19.38 14.53 14.79 17.69 15.98 17.25 20.90 24.02 25.10 27.24 30.06 31.87 28.35 29.81 29.35 26.75 27.64 29.46 30.39 31.63 34.00 33.25 29.99
16.28 20.08 21.53 22.20 21.51 22.16 25.11 24.64 22.47 20.15 23.69 23.40 28.32 27.52 27.51 24.49 27.11 29.19 28.69 31.12 29.81 28.44 29.10 35.45 31.40 30.08 26.03 19.68 18.54 20.78 20.75 22.27 17.43 19.26 6.32 6.01 6.62 7.22 15.17 14.26 13.13 13.33 3.75 8.11 20.36 24.34 25.89 27.54 26.05 25.63 25.03 23.56 14.19 17.27 18.63 15.92 16.22 17.09 16.96 17.39 18.56 21.39 22.28 22.47 26.28 28.06 27.83 28.75 28.26 27.26 27.53 29.96 31.50 32.78 33.87 35.84 34.41 31.05
14.36 16.25 20.04 21.27 22.65 23.51 25.83 26.15 23.87 21.58 24.97 24.37 22.56 24.94 27.37 26.44 23.16 27.55 27.40 31.98 29.18 27.67 27.79 25.47 34.27 33.86 27.68 20.63 20.08 20.58 21.40 22.62 14.63 19.76 7.66 7.74 8.03 8.27 9.28 12.72 6.43 3.07 4.55 8.40 21.10 22.23 24.35 24.65 27.32 28.97 26.24 24.20 17.77 20.99 14.70 13.36 18.28 19.14 19.08 18.35 19.58 21.94 21.59 22.45 26.07 27.88 28.15 27.86 27.57 29.41 29.36 31.04 32.03 31.17 32.61 34.22 32.58 30.97
12.21 16.29 18.71 21.65 21.27 23.87 24.82 25.64 24.23 21.27 24.51 26.49 20.53 19.96 23.84 27.60 28.36 30.90 26.56 29.11 31.21 27.73 31.25 35.01 38.81 37.86 28.77 24.81 22.53 20.83 23.18 18.89 14.10 21.62 9.28 8.86 17.87 8.71 20.01 9.23 6.69 4.37 6.14 8.97 21.30 24.97 28.29 25.60 28.02 24.82 28.86 24.87 23.57 17.06 14.80 17.29 20.16 21.83 21.67 18.55 20.77 22.95 22.69 24.32 26.16 27.09 27.12 28.14 27.00 27.08 26.84 29.36 32.27 33.87 32.61 30.13 29.33 31.66
20.42 22.36 24.87 24.41 23.90 26.92 27.46 28.98 26.33 23.44 24.18 25.73 21.33 15.48 23.89 26.19 27.25 28.63 28.82 33.26 33.13 29.86 29.06 32.35 39.00 40.21 31.60 27.34 23.45 19.55 20.91 17.25 15.92 25.27 10.02 9.62 9.01 9.21 19.40 8.96 5.96 5.43 8.06 10.45 22.90 22.99 24.35 27.31 29.32 27.38 28.48 20.01 17.20 13.40 16.76 20.17 19.77 21.84 20.80 20.08 23.00 23.55 23.55 24.31 24.17 24.41 24.27 24.80 24.99 25.08 27.31 31.11 33.04 29.53 32.21 29.75 29.36 31.38
17.94 21.16 25.45 17.88 28.53 29.67 29.99 28.62 27.70 24.43 22.30 26.03 26.14 19.24 19.65 25.12 26.73 29.73 32.23 31.00 30.08 28.97 28.97 25.48 28.88 45.45 35.56 28.90 24.10 19.52 23.08 21.95 17.72 24.53 17.29 10.47 9.97 10.11 21.24 8.75 5.28 6.18 9.50 22.25 24.23 28.62 28.74 29.84 27.16 28.48 21.48 20.88 20.23 18.27 18.67 20.72 20.19 20.21 21.57 22.80 24.84 24.05 22.14 20.84 22.35 24.29 24.72 26.04 26.58 28.71 31.48 31.92 31.70 29.53 29.60 29.63 31.27 31.87
14.86 22.69 15.48 16.91 28.91 29.91 29.75 28.87 28.87 24.90 21.63 24.82 26.30 21.13 20.17 23.55 25.84 27.54 30.34 31.50 31.53 29.14 26.97 28.87 29.67 50.64 40.76 29.79 26.10 25.71 26.54 23.71 19.44 23.57 24.37 11.17 10.71 17.28 18.62 8.53 6.12 22.08 19.53 22.72 26.93 27.12 26.59 29.26 29.27 29.57 21.95 22.46 22.43 20.93 20.72 25.59 26.38 26.75 26.14 21.89 22.11 22.59 22.52 24.75 25.80 26.27 27.04 30.22 31.33 32.51 33.26 31.31 29.72 29.97 31.53 30.19 30.25 30.70
14.10 22.82 24.55 25.57 26.07 27.92 29.46 29.65 29.48 26.80 22.68 22.05 25.93 25.83 22.06 22.17 25.65 27.45 29.14 31.98 32.52 30.98 27.63 27.56 34.11 50.54 47.30 29.42 29.00 33.87 30.16 21.08 18.85 20.56 24.68 11.00 10.99 23.63 15.15 7.46 6.88 22.06 24.37 27.93 28.08 29.27 28.68 31.43 30.24 30.36 23.17 23.90 23.22 21.98 22.00 29.02 28.53 27.73 20.61 21.18 21.18 21.79 23.78 27.03 28.27 27.42 29.83 33.02 34.74 31.94 31.51 30.48 30.34 30.88 29.54 32.04 28.96 29.02
10.00 14.47 15.09 26.43 25.40 26.22 30.88 30.17 31.52 28.77 24.95 25.02 25.06 27.87 23.40 21.17 24.63 27.43 28.40 30.91 33.22 30.90 27.10 27.91 33.65 51.07 51.60 30.91 30.29 39.07 28.92 19.57 18.20 22.40 23.95 16.27 24.70 23.32 16.09 17.31 20.87 24.14 26.06 27.47 27.66 29.84 30.50 31.11 30.20 22.74 24.42 24.94 23.37 22.23 22.17 20.41 18.73 18.86 20.61 21.76 23.52 23.28 24.60 26.71 27.84 29.70 30.36 30.01 28.34 26.97 27.55 26.83 27.68 27.68 30.22 25.23 23.75 22.32
13.72 21.79 22.09 23.97 26.38 29.18 30.85 31.52 31.07 30.31 28.64 27.02 22.45 25.37 26.03 26.72 26.85 27.97 28.07 30.06 32.39 30.60 25.46 26.51 32.08 49.67 57.05 39.32 34.16 39.13 27.90 20.07 18.02 21.25 23.95 26.41 23.23 19.73 18.00 18.70 20.85 23.34 25.36 27.28 28.34 29.04 28.25 30.94 31.85 22.77 24.74 25.46 23.78 22.09 22.18 21.11 19.55 19.40 21.22 22.99 23.70 26.06 25.58 26.57 26.99 25.32 26.44 25.44 24.67 23.42 23.48 24.35 25.45 27.38 24.81 24.00 22.35 23.78
17.92 18.53 18.79 21.35 25.81 29.43 29.20 28.86 30.46 31.19 27.49 26.90 18.54 25.53 25.50 27.69 28.30 29.10 28.67 30.23 31.77 30.17 25.76 24.92 25.96 38.91 60.22 53.77 44.23 38.83 25.58 20.32 19.19 20.34 23.45 25.62 20.87 19.57 19.82 20.26 21.64 24.41 25.52 26.64 28.80 31.01 30.69 32.23 29.39 22.46 24.15 24.89 23.98 23.50 23.08 21.41 20.55 20.42 21.82 23.12 23.50 23.70 28.21 23.62 22.91 22.08 21.83 22.22 23.95 23.52 23.19 23.10 22.99 23.16 23.04 21.82 20.56 21.45
16.25 18.72 17.82 20.50 23.80 27.14 31.52 29.89 27.90 29.35 29.58 25.90 22.59 17.26 23.67 25.95 28.29 29.49 29.72 31.13 32.87 31.00 28.14 23.41 23.70 32.46 49.01 57.26 54.05 40.91 26.15 21.21 20.29 18.88 20.43 21.19 21.13 22.32 19.95 20.83 22.94 24.85 26.46 28.18 29.84 30.77 31.43 32.79 22.40 23.03 23.52 24.46 24.91 24.89 22.45 19.42 21.10 21.77 21.60 21.53 21.89 21.96 22.27 21.90 21.02 20.16 21.63 21.79 22.35 22.47 21.73 20.62 19.79 20.44 20.70 20.05 19.33 18.71
9.54 13.88 17.29 18.78 20.98 25.65 28.58 31.96 30.32 28.99 27.99 27.17 26.01 17.22 17.79 24.61 27.06 26.89 26.73 28.99 31.66 28.53 27.39 23.56 22.77 29.68 38.28 50.00 56.39 45.73 29.58 23.12 17.59 15.51 15.71 15.81 20.61 22.89 20.77 22.28 23.40 25.76 28.13 29.51 29.15 30.29 31.34 20.34 22.87 23.25 23.22 24.50 25.45 23.68 21.64 21.74 22.22 22.43 21.77 26.05 25.99 25.83 21.44 24.29 23.28 21.74 20.97 20.95 20.17 19.57 19.12 20.90 22.39 22.34 22.68 22.21 20.97 19.20
11.90 9.20 15.99 17.71 19.28 23.08 27.12 29.00 29.31 30.51 30.42 27.58 28.10 26.11 18.79 21.57 26.76 29.81 28.75 30.51 31.89 27.66 25.45 23.47 24.35 30.80 36.88 42.43 51.64 46.61 35.64 30.06 13.21 10.47 9.17 13.11 20.47 22.95 21.30 23.38 24.46 26.21 28.53 31.12 32.52 31.39 31.50 21.59 23.03 22.91 22.77 24.09 24.72 22.10 21.61 23.69 23.59 22.87 21.86 26.37 26.11 25.88 20.25 23.45 22.44 22.48 23.37 23.48 23.18 22.53 22.27 23.75 24.80 24.81 24.17 24.32 24.24 22.36
13.22 9.98 6.73 17.27 21.08 23.88 25.77 26.72 29.37 26.29 28.21 28.91 28.20 23.08 19.05 22.07 25.77 30.88 33.79 35.34 35.90 32.38 28.63 26.11 28.38 32.80 28.33 36.71 45.44 45.70 43.62 35.43 12.23 4.85 5.90 10.91 16.38 18.71 22.11 25.15 24.15 25.90 29.26 31.49 32.81 32.07 31.75 22.36 22.58 22.66 22.76 23.48 24.21 23.27 23.38 25.30 24.37 22.16 27.79 25.51 24.35 24.07 23.48 22.86 23.14 18.83 18.75 18.12 17.77 17.58 18.36 19.03 19.24 21.57 19.71 18.29 20.63 19.27
12.14 13.59 14.17 8.01 13.22 17.36 22.46 26.30 26.83 28.27 27.83 24.00 19.97 18.94 22.49 22.71 24.04 28.28 31.66 35.43 40.90 40.90 36.77 34.14 31.49 28.49 32.15 31.85 39.36 42.70 44.36 38.90 14.52 0.80 5.82 8.27 13.10 16.16 20.40 23.41 25.56 28.10 30.34 31.06 33.15 29.91 31.90 22.76 22.74 22.98 23.95 24.84 24.91 24.85 24.89 24.15 21.85 19.83 19.72 19.55 18.71 23.83 22.84 22.02 21.87 21.08 18.98 17.40 16.38 17.42 14.21 13.47 14.98 16.81 17.38 19.88 18.94 17.80
