examples/cougarCreek-fire/createInputs/farsite/7a-cougarCreek-polygonIgnit/cougarCreekFire_08-12-2015_1500_217m_non_neutral_stability_vel.asc
ncols	146
nrows	140
xllcorner	610065.000000
yllcorner	5095217.000000
cellsize	216.586807
NODATA_value	-9999.000000
[rows 0 to 35 of 140, columns 0 to 80 of 146]
9.09 9.12 9.08 8.65 8.23 8.35 8.55 8.71 9.04 7.48 9.44 9.77 10.00 10.04 10.38 10.83 10.90 11.08 11.45 11.22 11.20 11.77 13.91 14.07 13.97 14.06 14.39 14.84 15.26 15.45 15.18 14.75 14.81 14.80 14.64 14.68 14.74 19.13 15.75 14.22 15.84 15.69 13.72 15.55 15.45 15.38 13.25 13.08 12.89 12.54 12.00 11.36 10.91 10.43 9.93 9.45 8.72 7.94 7.63 7.29 6.66 6.21 5.90 5.55 5.18 4.73 4.33 4.10 3.91 3.69 3.34 2.91 2.47 2.12 1.88 1.73 1.70 1.82 2.03 2.27 2.61
9.09 9.12 9.08 8.65 8.23 8.35 8.55 8.71 9.04 7.48 9.44 9.77 10.00 10.04 10.38 10.83 10.90 11.08 11.45 11.22 11.20 11.77 13.91 14.07 13.97 14.06 14.39 14.84 15.26 15.45 15.18 14.75 14.81 14.80 14.64 14.68 14.74 19.13 15.75 14.22 15.84 15.69 13.72 15.55 15.45 15.38 13.25 13.08 12.89 12.54 12.00 11.36 10.91 10.43 9.93 9.45 8.72 7.94 7.63 7.29 6.66 6.21 5.90 5.55 5.18 4.73 4.33 4.10 3.91 3.69 3.34 2.91 2.47 2.12 1.88 1.73 1.70 1.82 2.03 2.27 2.61
8.96 8.91 9.06 8.88 8.33 8.29 8.40 8.61 9.03 9.34 9.57 9.97 10.13 10.08 10.42 10.80 10.79 10.99 11.32 10.95 10.83 12.02 14.48 14.57 14.13 14.11 14.41 14.92 15.30 15.29 14.95 14.56 14.80 14.96 14.85 14.96 15.08 14.96 14.67 14.49 14.41 14.17 13.99 13.96 13.95 13.77 13.32 13.14 12.99 12.62 12.15 11.62 11.18 10.67 10.17 9.59 8.71 8.04 7.87 7.52 6.93 6.55 6.28 5.93 5.46 4.95 4.62 4.45 4.21 3.89 3.44 2.98 2.61 2.33 2.12 1.98 1.89 1.92 2.10 2.34 2.68
9.27 9.09 9.31 9.33 8.70 8.44 8.38 8.54 9.00 9.42 9.82 10.34 10.45 10.26 10.46 10.63 10.53 10.75 11.03 10.64 10.55 11.90 14.78 15.09 14.53 14.32 14.36 14.79 15.17 14.97 14.68 14.29 14.61 15.02 14.99 15.12 15.38 15.46 15.19 14.93 14.76 14.51 14.43 14.29 14.22 14.01 13.40 13.26 13.22 12.88 12.43 11.87 11.37 10.86 10.37 9.60 8.64 8.26 8.16 7.86 7.52 7.17 6.92 6.56 5.97 5.54 5.39 5.19 4.78 4.28 3.76 3.40 3.15 2.93 2.72 2.54 2.41 2.31 2.34 2.52 2.83
9.69 9.44 9.51 9.60 9.09 8.73 8.56 7.53 7.77 8.37 9.86 10.52 10.87 10.67 10.52 10.52 10.33 10.54 10.91 10.70 9.99 11.57 13.47 15.10 15.06 14.80 14.37 14.65 15.14 15.00 14.91 14.34 14.47 15.10 15.09 15.19 15.56 15.90 15.81 15.47 15.11 14.99 14.96 14.63 14.49 14.26 13.78 13.75 13.76 13.40 12.70 11.99 11.52 12.88 10.38 9.55 8.83 8.73 8.60 8.43 8.23 7.76 7.47 6.98 6.43 6.28 6.08 5.63 5.05 4.53 4.16 3.95 3.74 3.46 3.17 2.93 2.77 2.66 2.63 2.74 3.01
9.83 9.58 9.57 9.74 9.43 8.99 8.72 8.72 8.92 8.33 8.80 9.78 11.14 11.14 10.75 10.55 10.23 10.45 10.03 10.76 10.15 11.20 12.75 14.87 15.56 15.21 14.46 14.80 15.41 15.38 15.09 14.25 14.54 15.24 15.11 15.34 15.80 16.22 16.23 15.88 15.52 15.51 15.41 14.94 14.77 14.68 14.38 14.29 14.16 15.03 14.37 13.54 11.64 11.00 10.33 9.73 9.32 9.31 9.22 9.03 8.72 8.25 7.83 7.22 7.00 6.92 7.81 5.70 5.10 4.74 4.51 4.28 3.97 3.61 3.25 3.00 2.85 2.76 2.76 2.86 3.12
9.95 9.68 9.46 9.62 9.58 9.22 8.83 7.98 8.26 8.55 8.62 9.37 10.70 11.39 11.15 10.71 10.44 10.62 9.55 9.77 10.28 11.04 12.42 14.23 15.99 15.88 14.89 15.10 15.77 16.08 14.90 14.32 15.05 15.38 15.04 15.55 16.08 16.35 16.50 16.54 16.34 16.08 16.36 15.32 15.23 15.72 15.72 15.87 15.96 15.22 17.17 12.12 13.31 10.98 10.51 10.18 9.90 9.84 9.73 9.41 9.05 10.40 10.01 7.64 7.68 8.63 6.50 5.76 5.29 5.08 4.79 4.38 3.92 3.51 3.20 3.04 2.95 2.88 2.84 2.92 3.19
10.12 9.87 9.44 9.40 9.52 9.32 8.93 7.92 8.04 8.29 8.52 9.15 10.32 11.53 12.00 11.05 10.94 10.58 9.31 9.39 10.36 11.32 12.45 14.10 16.00 16.25 15.68 15.56 16.18 16.48 14.85 14.64 15.54 15.23 14.93 15.74 16.31 16.45 16.60 16.70 16.86 16.97 16.55 16.17 16.29 16.68 16.59 16.26 15.80 17.86 14.38 13.43 11.76 11.15 10.86 10.57 10.35 10.26 10.06 9.68 10.78 10.52 8.31 8.31 8.14 8.97 6.55 5.84 5.52 5.27 4.77 4.21 3.77 3.47 3.27 3.15 3.05 2.97 2.94 2.99 3.22
10.19 10.04 9.58 9.32 9.39 9.13 9.07 8.62 8.30 8.45 8.75 9.13 9.99 11.20 12.03 11.43 11.55 11.03 8.82 8.57 10.88 11.95 10.58 11.70 15.68 16.67 16.35 16.19 16.50 16.60 15.62 15.25 15.87 14.89 14.92 15.65 16.46 16.47 16.55 17.02 17.54 17.38 16.79 16.70 16.96 16.56 16.14 15.75 15.11 14.51 13.94 13.89 13.56 12.52 12.15 10.90 10.83 10.64 11.74 9.80 10.48 9.06 8.96 8.81 9.68 8.96 7.98 6.56 5.60 5.17 4.55 4.04 3.73 3.53 3.32 3.14 3.03 2.98 3.02 3.09 3.27
10.21 10.01 9.53 9.26 9.21 8.35 8.54 8.72 8.72 8.88 9.06 9.27 8.55 10.91 12.04 12.17 12.19 11.60 8.56 8.91 9.79 12.73 12.32 12.80 13.33 17.09 17.11 16.91 16.71 17.12 16.16 15.37 15.62 14.88 14.76 15.91 16.58 16.59 17.01 17.88 18.35 17.94 17.33 17.54 17.57 16.69 15.79 15.34 15.14 14.79 14.82 14.18 13.76 12.48 11.35 11.40 11.29 10.88 11.45 9.92 9.73 9.71 9.49 10.33 9.59 8.51 7.47 6.41 5.67 5.10 4.50 4.07 3.76 3.47 3.23 3.09 3.04 3.05 3.10 3.19 3.36
11.32 10.07 9.44 9.14 9.02 8.88 8.08 8.37 8.59 8.79 9.07 9.45 9.84 9.50 11.79 12.07 12.65 11.32 9.37 9.07 12.20 11.35 12.26 12.12 12.41 17.96 20.27 19.37 17.41 17.83 16.42 15.34 15.67 14.85 14.83 15.95 16.64 17.08 17.82 18.64 18.98 18.55 18.16 21.11 21.15 19.45 16.18 15.86 15.64 18.15 17.93 16.61 12.46 11.64 11.99 12.09 11.66 11.59 10.51 10.27 10.39 10.30 11.14 10.44 9.16 8.35 7.90 6.91 5.64 5.05 4.50 4.09 3.72 3.38 3.16 3.07 3.03 3.05 3.14 3.27 3.44
10.40 10.19 10.08 9.24 8.67 8.03 8.63 8.15 8.50 8.20 8.45 9.59 10.11 10.49 11.22 11.82 12.22 11.57 10.52 10.27 9.85 13.82 10.71 11.74 13.47 16.52 21.54 19.64 19.07 18.20 16.31 15.46 15.49 14.67 15.03 16.03 16.86 17.63 18.27 19.03 19.63 21.31 20.75 20.70 20.99 20.04 16.43 16.19 18.45 18.48 17.22 13.37 11.95 12.33 12.56 13.07 12.42 11.79 10.96 10.79 10.91 11.81 11.22 10.19 9.50 7.64 6.80 6.01 5.42 4.90 4.42 4.02 3.66 3.35 3.13 3.00 2.96 3.01 3.13 3.30 3.50
10.10 10.10 9.81 9.54 8.97 8.30 8.47 7.87 8.19 8.55 8.09 8.65 9.63 10.62 11.06 11.93 12.52 11.35 10.95 11.14 10.57 11.92 11.80 9.02 12.85 14.26 21.66 19.82 19.99 21.05 16.30 15.38 15.04 14.77 15.35 16.41 17.44 17.88 18.25 19.81 21.84 22.91 21.62 21.23 21.03 19.28 16.40 18.56 18.52 15.10 14.12 13.07 12.49 13.09 13.66 13.68 12.86 12.32 11.66 10.77 12.47 12.00 10.96 8.52 8.05 7.42 6.59 5.83 5.21 4.72 4.30 3.98 3.65 3.34 3.11 2.95 2.86 2.94 3.13 3.32 3.53
9.69 9.80 9.74 9.49 9.22 8.39 8.60 8.47 7.86 8.37 8.80 7.61 8.33 9.83 10.96 12.07 12.53 11.77 11.34 10.59 10.95 12.01 12.82 12.42 13.27 14.64 20.91 20.31 21.33 21.96 19.68 15.11 14.90 15.04 14.65 15.88 17.62 17.25 16.64 19.90 24.64 25.20 22.91 21.99 20.22 16.60 16.71 19.02 18.22 14.73 13.90 13.24 12.89 13.25 14.32 14.05 13.72 13.35 12.79 12.75 12.79 11.92 8.78 8.21 7.71 7.08 6.37 5.69 5.12 4.68 4.30 3.96 3.60 3.29 3.05 2.86 2.73 2.80 3.05 3.31 3.53
9.33 9.53 9.54 9.35 9.21 9.08 8.85 8.59 8.56 8.12 8.36 8.67 9.36 7.80 9.49 12.56 14.08 13.36 11.83 11.96 12.53 13.15 14.50 12.85 14.31 15.08 19.93 20.65 21.75 21.98 19.80 14.89 14.50 15.21 14.95 16.10 17.79 17.27 16.81 20.09 29.38 26.35 22.83 21.17 18.92 18.26 19.11 20.19 19.66 17.19 13.87 13.80 13.74 13.83 14.29 13.83 15.68 13.49 12.91 12.64 10.22 9.27 8.47 8.00 9.16 7.79 6.68 5.73 5.15 4.80 3.28 3.88 3.44 3.13 2.86 2.64 2.55 2.64 2.93 3.26 3.52
9.08 9.40 9.47 9.17 9.08 9.11 8.47 8.34 8.12 7.93 7.59 7.85 7.40 7.77 10.15 10.62 14.14 13.70 11.82 12.41 13.37 14.42 15.83 15.51 13.27 15.27 19.20 21.11 21.95 21.86 18.34 15.12 15.73 15.73 15.42 16.58 16.79 17.20 19.13 22.24 28.45 26.24 23.59 21.46 19.84 20.34 21.27 20.94 19.55 16.28 14.00 14.63 16.34 15.98 14.15 14.18 16.57 13.39 14.22 12.25 11.63 10.60 9.37 8.77 8.05 7.48 7.31 5.77 5.30 4.86 4.28 3.71 3.26 2.92 2.64 2.44 2.39 2.52 2.83 3.20 3.52
8.82 9.13 9.29 9.05 8.86 8.94 9.09 8.62 8.75 8.32 6.88 7.07 8.13 8.73 8.66 9.18 9.14 11.69 10.41 11.30 12.90 14.01 16.88 15.89 14.98 15.65 19.25 21.57 23.09 21.40 16.77 15.10 16.46 16.25 16.05 16.37 15.95 17.62 21.05 24.30 25.90 25.88 24.65 22.93 21.84 22.18 21.41 20.21 18.15 15.95 14.67 17.92 18.09 17.29 16.26 15.07 14.12 15.15 12.81 12.15 11.39 9.98 9.04 8.91 8.21 8.50 6.69 5.92 5.35 4.69 3.96 3.43 3.05 2.74 2.49 2.30 2.23 2.37 2.67 3.06 3.45
8.64 8.79 8.89 8.89 8.72 8.63 8.09 8.72 9.18 7.88 6.51 6.08 6.96 8.64 6.93 8.09 9.39 9.11 8.68 10.31 10.57 12.45 16.21 19.68 16.60 16.44 19.97 22.09 22.35 19.36 16.41 16.01 15.96 16.08 16.63 15.17 15.45 18.25 21.81 25.13 25.90 25.76 24.48 22.99 22.36 21.85 20.87 19.33 17.68 17.17 18.64 18.68 18.13 16.91 17.45 15.02 13.79 14.28 13.10 11.95 10.88 10.21 9.94 9.74 9.34 7.65 6.67 7.76 7.31 4.37 3.66 3.22 2.90 2.60 2.36 2.19 2.13 2.24 2.51 2.88 3.28
8.55 8.57 8.52 8.64 8.64 8.40 8.66 8.83 9.00 8.84 6.96 6.65 6.25 6.33 6.82 7.39 9.18 10.32 8.21 10.10 10.32 12.39 13.59 17.57 17.33 17.88 20.86 22.48 21.24 18.89 17.61 17.24 16.21 15.70 15.86 14.03 15.17 18.67 22.40 24.72 25.46 25.49 24.78 23.97 22.18 21.03 20.38 19.18 17.72 18.95 18.82 18.42 17.34 13.87 17.48 17.09 13.04 13.02 15.03 11.59 10.66 12.17 10.57 10.03 8.31 9.50 8.78 8.20 4.95 4.14 3.54 3.15 2.82 2.50 2.23 2.07 2.06 2.18 2.42 2.76 3.15
8.37 8.29 8.19 8.40 8.47 8.29 7.92 8.68 8.72 8.61 7.97 5.98 4.72 5.20 7.87 9.51 9.90 10.20 7.92 9.27 10.87 13.14 12.43 14.42 16.86 19.66 22.30 22.88 21.18 19.28 19.00 18.67 19.36 14.74 14.38 14.37 15.34 18.07 22.32 25.00 25.79 26.14 25.43 23.85 22.43 21.51 20.43 19.72 19.62 19.77 18.70 17.36 14.72 16.13 17.39 15.18 14.32 13.31 14.44 13.18 11.18 12.88 10.57 9.69 9.53 7.27 6.31 5.52 4.75 4.03 3.48 3.06 2.69 2.37 2.06 1.82 1.86 2.09 2.35 2.69 3.08
8.09 7.97 7.85 7.61 7.80 7.75 7.85 8.48 9.20 8.17 8.63 7.18 5.57 6.73 7.90 8.87 10.06 9.84 8.47 9.45 11.19 13.60 11.55 12.85 14.42 20.19 23.64 23.06 21.91 20.34 20.07 20.72 16.89 12.43 13.49 15.41 16.21 18.74 22.23 26.85 27.71 27.57 25.17 23.29 22.15 21.66 20.55 20.22 14.27 18.99 18.33 16.63 15.74 17.85 15.12 13.35 13.77 15.70 15.21 13.53 12.81 12.94 9.96 9.23 7.99 7.00 6.05 5.25 4.54 3.88 3.35 2.93 2.54 2.18 1.79 1.53 1.58 1.87 2.24 2.64 3.05
7.69 7.71 7.60 7.28 7.55 7.54 7.77 8.33 9.06 8.44 7.35 8.27 8.16 3.21 7.42 10.05 6.44 7.44 7.99 8.18 13.68 12.90 11.33 12.01 15.17 20.66 24.09 23.68 23.21 21.87 20.95 23.05 16.43 11.39 13.36 16.34 17.33 19.18 23.83 28.34 28.77 24.90 25.20 23.40 22.00 21.50 20.56 20.12 18.76 17.12 17.69 16.06 17.42 15.70 13.30 14.80 16.42 16.86 15.58 12.98 13.43 13.14 11.76 8.56 9.44 8.65 7.77 7.00 4.33 3.70 3.25 2.84 2.38 1.90 1.44 1.21 1.32 1.61 2.08 2.62 3.04
7.23 7.39 7.33 7.46 7.02 7.08 7.45 8.00 9.01 8.41 7.36 9.82 9.15 8.52 6.65 9.89 5.69 6.28 9.36 9.24 10.99 14.01 10.07 11.35 16.93 23.29 26.29 25.67 25.87 24.00 22.13 21.35 16.25 13.26 13.50 17.71 16.83 18.72 24.77 28.76 24.79 23.29 22.26 22.93 21.95 21.71 21.02 19.43 17.51 16.23 16.00 14.93 15.54 13.37 14.43 17.12 16.57 16.60 15.14 13.20 14.27 13.44 10.46 10.39 9.82 8.67 7.32 4.93 4.23 3.68 3.25 2.73 2.15 1.61 1.13 0.87 1.03 1.38 1.94 2.57 3.04
6.95 7.10 7.06 7.20 7.38 7.31 6.97 7.84 7.71 8.78 7.93 8.11 8.64 10.38 6.96 5.75 5.73 4.34 7.20 9.87 12.80 12.96 9.89 9.48 16.77 25.15 30.48 28.21 27.99 24.87 22.24 23.24 16.87 12.81 13.87 15.68 17.33 19.91 24.50 28.85 26.44 22.18 22.05 22.99 22.26 21.54 20.37 18.84 16.70 16.62 14.56 14.00 15.24 14.47 16.20 17.90 16.47 16.55 15.70 14.98 15.00 11.18 10.24 8.39 9.05 8.14 6.98 6.21 4.23 3.70 3.18 2.52 1.89 1.38 0.93 0.59 0.71 1.24 1.89 2.53 3.04
6.81 6.93 6.85 7.06 7.41 6.93 6.41 7.21 8.82 8.80 9.03 7.80 8.59 9.96 9.25 5.41 4.19 2.96 5.20 8.57 11.31 13.78 12.53 8.38 14.35 28.45 34.38 30.45 27.24 24.52 23.85 23.77 18.22 14.01 13.19 14.34 17.85 20.95 25.94 28.79 25.00 23.53 24.12 16.67 22.40 21.27 20.49 19.14 18.08 17.30 13.43 14.26 16.58 17.15 18.50 18.99 18.25 17.78 16.71 15.54 14.83 10.86 11.27 11.04 9.40 8.39 7.02 6.42 4.23 5.37 2.98 2.32 1.72 1.21 0.78 0.39 0.53 1.22 1.93 2.54 3.03
6.76 6.87 6.63 6.81 7.61 7.09 6.07 6.22 8.16 8.23 9.48 8.19 7.24 7.73 10.45 7.10 3.88 2.31 3.27 6.55 10.86 15.15 13.24 9.30 15.14 30.89 39.32 32.66 25.26 26.46 28.39 21.60 17.92 18.54 13.93 16.10 19.23 22.62 28.09 25.99 21.19 23.44 23.63 22.32 21.74 15.83 21.37 13.80 18.02 16.27 13.72 14.77 18.38 17.81 19.38 19.84 19.39 12.72 16.87 15.62 14.61 10.60 11.70 12.94 10.05 8.59 7.65 7.16 6.65 6.06 5.43 2.23 1.64 1.09 0.64 0.18 0.52 1.26 1.99 2.57 3.02
6.84 6.98 6.46 6.23 7.14 7.07 6.36 6.23 7.16 7.39 9.07 8.58 6.12 7.91 8.40 9.48 6.36 8.39 8.16 12.91 15.30 16.50 12.99 14.09 19.21 34.54 44.43 34.24 25.19 29.18 29.20 23.94 21.72 17.64 14.66 16.83 21.06 24.09 26.73 26.12 23.71 22.85 23.05 22.00 21.22 20.87 20.10 18.90 17.19 15.42 14.01 16.28 18.19 17.76 18.90 19.59 19.17 17.82 16.49 15.46 14.43 10.67 10.18 12.69 12.42 11.75 8.42 7.64 6.84 6.11 5.46 2.26 1.67 1.09 0.57 0.13 0.63 1.34 2.05 2.59 3.02
6.92 7.09 6.44 6.00 7.03 6.91 6.51 6.19 5.98 8.25 8.13 9.34 7.86 4.61 5.68 10.04 11.58 11.34 10.83 13.17 15.41 14.37 12.01 15.00 21.29 36.60 49.31 40.91 29.27 31.49 27.80 23.18 21.29 17.37 17.18 19.05 23.18 25.78 25.22 24.87 23.69 22.45 22.65 22.13 20.98 20.35 19.90 18.86 17.69 14.63 14.39 17.25 18.59 16.42 18.68 20.08 19.02 17.20 16.25 15.89 15.27 14.41 14.09 13.70 13.13 12.15 11.07 7.70 6.82 6.00 5.38 2.34 1.78 1.25 0.77 0.53 0.86 1.47 2.12 2.63 3.07
6.83 6.95 6.52 6.42 6.72 6.13 7.29 7.61 6.03 6.92 6.83 10.20 9.29 5.42 11.50 14.40 15.82 14.91 11.77 13.00 14.44 12.60 9.73 12.24 17.77 31.68 49.79 52.29 39.39 34.21 26.61 22.25 22.30 20.53 21.41 23.36 25.58 25.13 24.22 24.58 23.95 23.49 23.43 22.91 21.65 14.67 14.38 13.21 17.01 12.67 15.14 18.69 18.57 16.19 21.14 20.77 19.09 17.92 17.47 16.73 15.98 15.05 14.17 13.67 12.96 12.12 11.04 7.75 7.03 6.28 5.70 2.48 1.95 1.45 1.05 0.87 1.09 1.60 2.21 2.71 3.14
6.63 6.67 6.55 7.00 6.16 4.35 7.02 9.94 5.11 6.21 7.85 6.00 8.35 9.30 11.08 13.07 13.29 13.39 11.58 11.94 12.78 11.25 9.74 7.93 11.67 19.85 38.26 51.94 49.94 37.03 26.74 22.50 23.82 23.42 23.38 24.61 24.04 23.44 24.63 24.76 24.47 24.56 20.33 15.61 14.67 14.68 13.79 17.46 12.33 13.25 15.60 18.76 18.93 19.60 22.73 20.81 19.44 18.54 17.68 16.69 15.86 15.13 14.38 13.66 12.87 9.46 8.70 7.87 7.15 6.44 5.86 2.69 2.17 1.69 1.33 1.18 1.35 1.77 2.30 2.80 3.24
6.43 6.43 6.48 7.05 5.83 3.12 5.51 10.16 8.43 5.09 6.25 6.52 12.07 6.64 7.79 11.24 14.43 13.49 11.68 11.69 9.92 5.16 7.93 6.64 9.27 11.33 28.37 45.74 50.09 39.11 27.63 25.94 25.66 25.31 26.06 25.68 22.63 22.34 25.75 22.65 20.60 20.53 16.03 15.04 14.80 14.96 18.71 13.08 12.55 13.67 15.16 17.34 22.00 23.51 22.44 20.54 18.83 18.17 17.49 16.67 15.96 15.26 14.38 13.66 12.88 9.56 8.72 7.93 7.18 6.52 5.85 2.94 2.44 2.00 1.70 1.58 1.70 2.01 2.47 2.93 3.37
6.22 6.30 6.29 6.51 5.43 2.69 3.39 7.65 9.69 6.84 5.99 7.26 11.35 11.17 8.02 10.74 13.36 15.20 12.11 11.72 11.70 9.59 9.43 3.69 9.14 14.73 20.92 41.12 46.15 36.64 29.51 29.18 26.12 26.31 27.22 23.43 22.27 22.52 23.86 19.51 20.60 20.19 15.28 14.80 14.93 15.18 13.79 13.89 11.89 13.15 14.44 16.87 23.88 23.75 20.90 19.13 18.76 18.07 17.56 16.81 16.25 15.40 14.60 13.65 12.92 12.31 9.02 8.25 7.47 6.80 6.25 5.64 4.94 4.39 2.06 1.92 2.05 2.39 2.80 3.14 3.55
6.01 6.16 5.83 5.57 4.89 3.41 3.31 11.08 7.34 6.88 10.90 11.83 12.07 9.71 7.97 11.29 11.81 13.38 12.70 13.15 11.07 8.61 3.88 4.23 12.53 15.17 21.96 38.67 43.11 33.41 29.25 30.13 26.04 24.88 26.22 24.70 23.29 25.29 23.20 23.98 20.49 19.66 15.05 14.91 14.92 15.26 14.40 16.10 10.66 11.62 13.69 16.73 22.59 23.53 20.44 20.52 20.70 19.17 18.00 17.14 16.48 15.53 14.58 13.94 13.32 7.50 11.83 5.99 10.12 9.26 4.16 5.90 5.22 2.68 2.35 2.22 2.32 2.63 0.88 3.41 3.84
5.49 5.64 5.13 4.47 4.96 8.41 9.74 10.41 11.10 11.35 10.77 8.75 6.01 5.42 10.82 10.69 10.44 12.50 14.96 11.62 8.87 11.91 10.22 10.47 17.52 25.25 31.29 36.97 36.63 28.97 30.05 31.43 25.97 23.63 24.09 24.75 25.04 25.11 23.87 23.51 23.03 19.25 15.17 15.17 21.34 20.36 19.58 16.52 10.22 10.18 12.25 15.73 18.02 26.00 24.59 23.96 21.75 19.48 18.17 12.76 16.84 15.95 15.12 8.80 8.27 12.87 7.04 10.99 9.93 7.32 7.02 6.47 3.36 2.99 2.73 2.59 2.62 2.85 1.07 3.49 3.94
4.02 4.23 4.28 4.01 4.26 8.47 8.54 8.90 9.44 9.24 9.62 7.67 9.90 8.87 4.26 12.31 11.87 12.27 11.38 10.89 10.49 6.76 11.23 13.35 26.42 35.05 33.41 30.62 28.80 26.89 30.91 30.77 27.51 23.46 23.39 25.06 26.06 25.59 25.75 25.28 24.72 23.54 22.44 22.38 22.00 20.90 19.38 16.46 10.90 10.09 11.23 13.82 16.53 19.41 21.23 22.21 22.09 20.12 18.78 17.26 16.46 15.31 11.46 14.28 13.57 12.93 9.89 9.13 8.24 5.37 4.92 4.34 6.32 5.49 4.55 3.86 2.98 3.00 3.22 3.60 4.07
9.77 9.88 9.96 9.59 4.46 4.48 9.99 9.98 9.18 9.15 8.38 8.92 7.68 7.20 9.24 4.11 4.45 4.42 3.44 9.85 11.17 11.96 10.84 12.86 25.75 34.96 33.66 27.46 24.04 29.74 31.93 31.63 28.99 23.88 23.37 24.72 25.62 24.76 23.57 23.26 20.35 19.69 19.50 15.78 15.87 15.27 20.69 18.19 14.82 10.92 11.30 12.20 14.89 17.69 18.78 19.01 19.60 18.73 18.10 17.63 16.19 16.49 15.73 14.74 13.98 10.91 10.23 6.97 6.39 5.98 5.50 7.45 6.61 5.71 5.01 4.33 3.21 3.28 3.50 3.73 4.11
