examples/cougarCreek-fire/createInputs/farsite/7a-cougarCreek-polygonIgnit/cougarCreekFire_08-12-2015_2300_217m_non_neutral_stability_vel.asc
ncols	146
nrows	140
xllcorner	610065.000000
yllcorner	5095217.000000
cellsize	216.586807
NODATA_value	-9999.000000
[rows 70 to 104 of 140, columns 0 to 78 of 146]
12.28 13.38 15.87 19.62 17.01 14.17 14.05 15.54 16.40 16.55 15.05 14.43 13.11 14.06 14.76 16.54 14.23 14.66 14.78 15.74 15.78 14.48 15.37 15.63 15.88 15.18 19.39 21.59 16.54 16.84 19.23 14.62 11.06 12.10 14.20 16.15 15.27 12.50 13.25 15.98 17.16 16.25 14.08 10.30 9.01 7.97 5.81 6.31 7.75 7.46 9.41 9.05 8.93 9.17 8.85 8.60 7.84 7.20 7.58 8.30 10.02 7.93 7.55 7.24 6.94 4.89 5.56 7.24 6.34 6.42 11.53 8.67 7.44 7.70 7.46 7.42 7.29 6.07 3.80
12.36 14.06 16.56 16.90 16.70 13.81 14.21 15.63 16.46 15.75 15.79 15.73 16.42 13.25 17.88 16.25 14.01 14.79 15.27 15.85 12.17 15.16 15.54 16.16 15.01 16.01 20.11 18.12 15.12 18.19 19.43 14.12 15.77 15.01 15.25 16.09 13.89 12.63 13.90 17.56 16.73 13.10 13.77 12.01 9.89 8.78 8.32 5.68 8.23 8.14 8.07 9.76 7.98 9.55 8.96 9.38 8.93 8.05 7.81 8.47 9.03 12.15 8.54 8.20 7.86 7.72 7.53 2.94 7.00 7.01 7.07 10.73 7.35 6.95 7.03 7.37 7.81 7.38 7.11
13.14 15.05 16.73 16.50 16.15 13.84 14.78 15.94 16.26 15.20 16.21 16.08 17.42 19.20 15.93 15.51 13.80 14.93 15.31 15.86 15.59 15.45 15.81 16.48 15.43 19.30 19.77 16.51 16.73 19.46 18.86 13.50 11.42 14.36 17.99 16.92 13.07 12.91 15.42 17.05 15.43 12.95 12.78 17.96 7.54 9.59 9.39 6.54 8.79 10.97 8.68 10.56 7.65 11.33 10.29 10.13 9.89 9.18 8.43 8.58 9.38 9.64 12.07 7.15 5.82 8.53 2.05 8.14 7.89 4.94 7.74 8.54 6.77 4.56 4.92 6.86 7.98 8.33 7.88
14.23 15.46 16.37 16.15 15.26 14.23 14.90 15.68 14.81 14.48 15.72 16.01 17.48 17.90 15.14 14.82 13.74 14.99 15.86 15.86 15.56 15.73 16.21 17.95 15.86 20.09 19.78 17.96 20.58 17.78 16.88 13.05 11.74 16.25 18.73 17.56 13.74 10.49 15.96 17.74 17.07 13.40 13.17 18.69 12.83 10.50 6.30 10.87 10.70 11.76 9.43 11.43 8.01 11.02 10.68 10.98 10.79 10.28 9.35 9.08 9.65 10.25 11.65 11.06 9.14 8.34 7.69 6.42 4.92 4.96 5.17 5.54 6.23 5.90 6.10 7.36 8.61 8.15 8.67
14.88 15.34 15.80 15.85 14.90 14.54 14.95 14.95 13.70 13.94 15.26 16.07 16.80 15.91 17.00 14.43 13.54 14.88 15.95 15.85 15.62 16.01 16.35 17.10 16.28 19.94 18.60 20.39 18.63 18.32 14.23 12.37 12.93 16.82 19.11 16.95 13.65 10.81 16.23 18.99 17.98 12.91 13.39 17.22 14.17 11.43 9.87 10.46 10.91 11.68 11.81 7.97 7.95 11.05 11.11 8.91 11.07 10.67 9.80 9.36 9.55 10.11 10.43 12.65 8.74 7.73 8.89 9.34 8.61 10.32 12.06 9.95 9.49 8.51 7.97 7.51 8.60 8.48 8.70
15.00 15.20 15.62 15.58 14.25 14.36 14.98 14.56 13.51 14.74 16.14 17.19 15.22 14.92 16.65 14.48 13.66 15.20 16.19 14.63 15.79 16.21 16.31 16.16 19.11 18.77 18.86 17.56 18.53 17.09 14.49 12.49 17.88 17.59 18.25 14.01 13.37 12.62 16.10 18.20 18.00 12.18 12.29 13.24 14.25 13.48 13.06 6.03 11.84 12.04 11.97 11.80 9.74 11.23 11.23 11.70 9.92 10.92 10.20 9.80 9.67 10.03 10.55 11.72 9.98 7.92 7.64 7.97 7.57 9.96 8.85 8.96 11.04 9.13 8.62 8.47 8.29 9.29 8.69
14.99 15.25 15.64 14.61 13.71 14.21 15.48 14.68 14.10 16.49 15.74 16.66 16.84 14.35 16.65 14.50 14.00 15.59 17.54 15.82 15.93 16.24 16.37 16.68 18.30 18.51 19.30 19.06 16.36 17.52 15.92 13.68 18.71 19.00 15.21 13.60 12.94 13.96 14.41 17.46 16.22 12.30 11.90 14.20 14.23 14.69 9.41 12.71 11.90 11.92 12.09 11.96 11.72 11.50 11.41 11.70 9.73 11.11 10.59 10.23 9.91 10.10 10.54 10.67 12.59 9.24 9.26 9.39 7.96 7.90 11.55 10.99 10.20 10.38 10.50 12.78 8.26 9.36 9.92
15.02 15.29 15.56 13.87 13.83 15.17 16.21 14.68 15.34 17.61 16.23 19.74 16.95 16.82 16.45 14.31 14.21 15.61 15.88 15.80 15.99 16.26 16.67 18.07 15.07 18.14 19.19 18.34 17.37 18.50 17.00 15.05 18.49 17.66 14.08 13.38 14.60 14.01 14.64 17.95 14.30 12.82 12.54 13.25 14.21 14.94 13.82 13.01 12.11 11.99 12.24 12.09 11.81 11.74 11.65 11.91 9.62 11.32 11.07 10.72 9.02 10.20 10.54 10.70 12.23 10.76 10.78 10.45 8.06 7.49 9.18 11.09 12.64 11.39 9.14 9.17 9.17 10.38 11.16
15.03 15.25 15.46 13.61 14.30 15.28 15.93 14.50 15.89 17.28 17.83 15.69 16.66 16.68 15.93 14.05 14.35 15.60 15.85 15.82 16.12 16.54 17.19 14.59 12.27 17.43 17.95 17.92 17.72 19.03 19.52 14.57 16.90 15.55 14.19 15.37 14.57 13.52 17.39 19.60 13.26 12.35 12.99 13.09 14.31 14.65 14.14 11.39 12.55 11.94 12.42 12.23 11.88 11.84 11.90 12.00 9.09 9.73 9.68 11.23 10.58 10.34 10.57 10.74 11.00 11.13 9.71 9.61 7.41 9.97 9.68 9.61 9.99 10.55 9.36 9.45 13.40 12.14 5.25
15.00 15.21 15.40 13.64 14.06 15.27 15.65 14.53 15.69 16.54 16.57 14.64 14.49 16.54 15.22 13.92 14.71 15.71 15.81 15.86 16.43 16.99 18.22 17.17 15.93 16.82 17.65 18.30 17.74 18.62 18.72 13.80 14.16 15.93 13.93 15.25 14.53 13.49 18.98 19.28 13.28 12.21 12.51 13.09 14.04 13.81 13.94 14.07 10.75 12.67 12.27 12.40 11.88 11.81 12.21 14.90 12.12 8.77 12.27 11.60 11.16 10.68 10.66 10.75 10.95 13.13 7.28 6.89 6.76 10.34 10.08 10.11 9.96 8.07 11.09 12.12 9.69 9.84 5.18
14.95 15.15 15.39 12.99 14.01 15.16 15.48 15.36 15.75 16.22 16.06 15.21 17.12 16.43 14.67 14.16 15.25 15.73 15.80 16.21 16.83 17.35 14.54 16.58 10.67 16.30 17.48 16.10 18.17 16.22 18.28 15.08 14.60 17.56 13.93 15.18 14.52 13.75 17.42 16.99 13.37 13.27 12.22 12.82 13.27 13.35 13.80 15.32 15.88 13.22 12.68 12.49 11.78 11.83 12.57 12.86 12.43 6.78 13.45 11.93 11.78 11.27 11.03 8.02 10.63 11.37 9.86 6.75 7.49 7.21 7.17 7.47 10.40 10.15 7.63 9.76 9.78 10.17 11.14
14.91 15.13 15.38 12.53 14.91 15.19 15.50 16.19 15.16 15.01 14.90 16.44 17.58 16.11 14.46 14.64 15.54 15.74 16.12 16.63 17.04 15.67 17.30 15.94 11.97 14.40 15.40 16.23 16.49 14.06 16.51 16.95 17.07 16.93 13.97 12.73 12.82 16.94 19.11 14.95 14.21 14.06 13.37 12.19 11.88 13.20 13.87 12.86 16.77 13.82 12.98 12.42 11.67 12.19 12.95 12.25 7.86 11.91 14.11 13.06 12.26 11.94 11.65 11.14 10.82 11.12 13.74 8.81 8.37 7.88 6.25 8.92 8.01 10.72 10.53 10.16 9.94 10.43 11.77
14.87 15.10 15.31 12.51 14.96 15.27 15.46 16.35 14.17 13.00 14.10 15.66 17.29 15.74 14.68 15.08 15.61 15.99 16.49 16.72 18.32 12.87 16.66 15.41 12.10 15.12 15.46 16.49 16.20 13.00 16.20 18.85 17.51 14.63 13.83 12.69 13.38 17.30 15.88 14.73 14.28 14.24 14.29 12.60 11.34 12.37 13.64 12.89 20.08 13.28 13.28 12.33 11.94 12.92 12.44 12.16 13.58 9.01 13.01 14.63 11.98 12.43 12.24 11.70 10.97 10.98 11.83 11.68 9.09 10.81 8.60 8.52 12.30 7.26 11.09 6.25 9.38 10.62 11.05
14.83 15.06 15.19 14.98 15.03 15.24 15.39 16.51 13.80 12.57 15.53 15.86 15.61 15.55 13.48 15.37 15.82 16.26 16.50 17.43 16.85 13.90 15.96 15.17 11.62 14.94 15.74 16.45 16.57 13.66 18.22 19.10 14.92 14.33 14.28 13.43 17.05 15.02 14.58 14.58 14.59 13.81 14.30 12.92 13.63 13.32 12.72 18.75 16.53 14.31 12.07 12.49 12.77 14.30 11.04 11.86 12.50 13.10 12.38 14.68 14.25 12.51 8.04 12.30 11.77 11.25 11.67 13.10 10.10 10.45 9.09 8.21 12.61 13.16 9.13 7.93 8.27 11.66 11.99
14.82 15.00 15.06 14.98 15.11 15.22 15.41 16.38 13.88 14.38 15.32 16.19 13.09 15.45 15.18 15.69 19.06 16.29 16.48 16.94 14.28 16.67 15.42 15.05 14.87 16.83 15.84 17.74 16.71 13.63 16.30 16.54 15.93 15.24 15.59 14.75 18.99 15.17 14.62 14.64 15.19 15.07 14.16 13.79 13.72 13.54 12.98 13.17 16.48 14.12 12.52 12.96 15.26 12.36 11.67 12.44 12.51 12.94 13.36 12.59 14.42 12.97 13.15 12.51 7.49 7.13 12.33 13.42 13.38 10.48 8.96 8.18 10.29 13.18 11.41 9.99 9.02 10.10 11.04
14.80 14.94 14.99 15.03 15.18 15.24 15.41 15.59 14.36 16.45 15.65 18.51 12.12 12.68 15.45 15.92 16.14 17.48 16.71 15.19 13.60 16.08 15.03 14.91 14.84 16.99 18.08 17.97 16.83 16.16 13.59 16.42 15.75 15.36 16.15 17.57 18.09 15.49 14.57 15.04 16.02 15.40 13.62 13.50 13.89 13.74 13.31 13.27 13.92 14.23 13.80 13.53 13.79 13.39 12.96 12.93 12.82 12.95 13.05 12.97 13.08 13.05 12.69 13.97 11.47 10.45 12.31 12.33 13.65 12.90 11.67 8.35 8.11 10.98 11.96 11.18 10.79 10.63 12.19
14.76 14.85 14.93 15.08 15.20 15.19 15.32 15.38 15.39 15.19 15.97 14.17 16.11 14.25 15.65 15.91 16.74 15.94 14.37 14.38 16.62 15.58 14.79 11.22 14.89 17.63 15.74 17.79 16.75 13.73 13.50 18.13 15.73 15.60 15.86 16.96 16.97 16.86 14.73 15.62 14.98 15.19 13.13 13.33 14.11 13.97 13.57 13.47 13.94 14.30 14.14 13.96 13.69 13.30 13.21 13.35 13.26 13.06 13.23 13.34 13.26 13.07 12.99 13.29 12.48 11.74 12.98 13.12 13.57 13.66 14.13 10.30 8.99 9.81 11.42 12.30 12.09 12.43 12.72
14.69 14.78 14.99 15.18 15.19 15.17 15.28 15.29 15.23 15.35 16.12 12.95 16.03 13.72 15.37 16.62 17.02 13.70 14.17 13.51 16.17 15.12 14.63 14.72 14.92 17.02 15.63 17.98 15.98 16.11 15.52 18.27 16.08 15.78 15.22 15.18 15.24 14.89 18.27 18.33 16.07 14.84 13.26 13.41 14.31 14.23 13.82 13.78 13.99 14.32 14.32 14.21 13.82 13.42 13.44 13.68 13.63 13.30 13.44 13.60 13.48 13.33 13.31 13.48 12.82 12.82 13.90 13.11 13.37 12.99 13.12 13.60 11.22 10.34 9.73 10.01 9.64 10.93 12.39
14.62 14.82 15.15 15.19 15.17 15.25 15.34 15.29 15.34 15.51 16.16 13.20 15.98 11.93 14.70 16.52 16.75 12.67 14.29 16.45 15.56 14.75 14.57 14.61 16.07 15.12 15.54 15.87 15.87 15.69 18.70 18.82 15.22 15.93 15.24 16.34 15.31 15.06 17.40 15.55 15.43 14.73 13.85 13.77 14.51 14.50 14.06 13.92 14.04 14.37 14.42 14.40 10.24 13.66 13.65 13.90 13.89 13.62 13.72 13.81 13.71 13.65 13.64 13.72 13.29 12.37 12.90 13.58 13.58 13.73 13.28 14.65 12.93 10.83 13.41 13.15 13.25 13.32 13.23
14.63 14.89 15.19 15.09 15.12 15.20 14.83 15.29 15.36 15.53 16.11 14.07 15.93 15.29 14.48 16.94 16.38 13.62 13.93 16.02 15.11 14.60 14.53 14.85 14.92 15.22 15.68 15.98 15.87 15.73 15.89 17.32 15.93 15.91 15.31 15.05 15.24 15.11 17.63 15.26 15.04 14.85 14.46 14.20 14.68 14.67 14.15 13.99 14.20 14.48 14.55 14.60 10.59 10.61 13.83 14.02 14.09 13.95 13.98 14.02 13.97 13.94 13.96 13.40 12.75 11.74 12.18 13.27 12.54 12.40 13.19 14.66 15.50 14.65 11.68 10.09 10.22 13.89 13.85
14.66 14.91 15.12 15.05 15.11 15.15 15.18 15.31 15.34 15.51 16.08 14.86 15.86 15.22 13.92 17.29 16.00 12.62 12.76 15.66 14.97 14.57 14.53 14.69 15.03 15.49 15.90 16.00 16.24 17.42 18.10 17.03 16.12 15.91 15.41 14.93 15.09 15.15 15.04 15.08 15.04 15.07 14.83 14.50 14.76 14.68 14.21 14.20 14.45 14.58 14.72 14.80 14.61 10.80 14.09 14.15 14.30 14.26 14.21 14.27 14.31 13.12 14.29 14.09 13.92 13.06 11.55 12.25 11.35 10.90 11.09 13.48 13.76 14.13 15.18 12.65 11.98 12.27 10.86
14.62 14.89 15.11 15.08 15.17 15.22 15.25 15.34 15.40 15.58 17.69 13.67 15.64 10.36 13.69 16.28 14.91 15.78 15.65 15.41 14.90 14.56 14.27 14.85 15.20 15.79 18.29 17.24 17.45 17.92 16.76 15.38 14.85 15.72 15.25 14.79 15.01 15.16 14.95 15.09 15.26 15.14 14.94 14.79 15.83 14.64 14.39 14.51 14.63 14.69 14.86 14.92 14.76 10.19 14.43 14.33 14.50 14.53 14.44 14.54 14.63 13.14 13.45 12.53 14.10 14.51 13.26 12.06 11.17 10.14 13.92 10.81 13.94 14.43 14.63 13.57 12.83 14.48 13.23
14.54 14.87 15.17 15.13 15.23 15.21 15.14 15.31 15.39 15.54 16.60 13.14 11.19 12.77 13.59 14.76 14.50 12.32 15.49 15.29 14.85 14.64 16.25 14.98 15.39 15.95 15.63 16.45 18.24 17.98 14.06 15.87 15.51 15.26 15.02 14.87 16.69 15.04 18.00 19.11 15.45 15.05 19.17 15.17 14.85 14.61 14.64 14.68 14.78 14.88 15.02 15.02 14.94 9.14 9.14 14.58 14.71 14.77 14.69 14.80 14.91 15.00 12.87 11.73 13.49 14.70 14.95 13.83 11.73 11.05 14.23 11.40 14.28 14.77 14.91 13.08 12.62 12.39 12.08
14.44 14.92 15.35 15.16 15.21 15.07 15.01 15.25 15.31 15.45 15.75 13.86 15.38 13.60 15.46 14.05 15.09 14.16 15.49 15.28 14.95 14.87 16.37 15.12 15.50 18.59 15.87 16.60 16.58 16.12 13.76 15.51 15.17 15.08 15.05 17.39 14.94 14.80 15.04 15.60 15.52 14.94 15.04 15.35 14.78 14.56 14.73 14.68 14.85 14.96 15.04 15.02 15.00 9.66 9.25 10.83 14.77 11.47 14.74 14.81 14.93 15.13 12.00 10.64 11.46 14.66 14.95 14.36 12.76 11.46 10.65 12.51 14.37 14.84 14.49 13.40 12.48 15.08 9.69
14.44 15.05 15.49 10.39 14.97 14.89 14.88 15.15 15.31 15.46 15.66 15.65 14.07 15.49 15.48 15.42 14.92 14.69 15.48 15.33 15.06 14.94 15.05 16.85 15.45 19.01 16.62 15.55 13.78 14.97 15.28 12.70 14.93 17.11 17.49 14.95 14.91 14.74 15.25 15.97 15.58 14.96 15.10 15.21 14.68 14.61 14.78 14.73 14.88 14.98 15.05 15.07 15.01 15.01 8.79 9.59 9.59 9.01 11.00 14.75 14.89 15.15 12.25 10.48 14.90 9.94 12.94 14.92 12.72 11.83 10.37 12.17 14.38 14.81 14.43 15.48 16.03 13.35 10.71
14.70 15.18 15.36 14.97 14.84 14.81 14.78 15.11 15.40 15.56 15.69 15.66 15.63 12.78 15.51 13.27 14.36 15.44 12.66 15.37 14.98 14.86 14.99 15.03 15.49 16.01 16.12 13.36 15.48 15.30 15.50 14.88 16.72 17.75 14.96 14.99 15.03 14.98 15.60 20.03 15.52 14.95 14.98 14.84 14.64 14.73 14.86 14.82 14.85 15.00 15.10 15.11 15.03 15.03 8.54 10.26 9.49 8.70 8.55 10.49 14.82 15.10 10.76 9.93 15.24 9.48 9.65 10.52 11.12 11.16 10.39 10.59 14.68 14.55 14.71 14.61 14.74 15.06 11.83
14.99 15.09 15.04 14.82 14.70 14.73 14.80 15.17 15.44 15.61 15.67 15.62 15.64 13.39 12.73 12.80 14.96 16.36 12.78 15.24 14.81 16.12 14.98 15.21 15.84 18.62 14.51 13.17 15.65 18.87 15.53 17.19 15.10 15.00 15.02 15.14 15.17 15.19 19.88 16.01 15.40 14.95 14.85 14.62 14.61 14.82 14.94 14.85 14.81 15.00 15.14 15.14 15.10 15.08 15.11 15.12 15.04 14.92 14.81 14.73 9.47 11.05 10.04 10.68 10.05 9.89 14.83 9.56 9.57 10.11 10.04 10.67 10.83 11.36 13.11 15.19 14.55 14.83 16.34
15.41 15.09 14.86 14.73 14.65 14.60 14.99 15.17 15.31 15.52 15.54 15.57 15.68 14.02 15.63 15.44 15.09 14.97 12.29 14.99 14.74 14.96 15.25 15.68 16.07 14.69 13.22 15.59 15.36 15.49 15.48 15.26 15.17 15.16 15.19 15.24 15.20 15.23 15.58 15.86 15.44 15.02 14.80 14.52 14.63 14.89 14.95 14.87 14.84 14.99 15.13 15.19 15.18 15.09 15.15 15.24 15.15 14.95 14.83 14.82 14.86 9.34 10.61 10.70 9.99 15.26 14.89 14.71 14.63 14.53 14.40 14.43 14.43 10.42 11.11 13.56 14.33 14.51 14.94
15.54 15.03 14.44 14.64 14.44 14.77 15.18 15.08 15.27 15.52 15.47 15.58 15.75 13.26 15.62 15.46 14.00 13.49 12.19 14.78 14.93 15.34 15.73 15.94 15.94 13.35 14.27 15.42 15.50 15.51 15.46 18.58 15.30 15.32 19.04 18.44 19.50 19.18 19.97 19.40 15.59 15.17 14.76 14.47 14.64 14.88 14.88 14.85 14.85 14.99 15.20 15.28 15.16 15.10 15.27 15.36 15.23 15.01 14.89 14.91 14.88 14.90 14.96 15.10 9.35 15.21 14.92 14.72 14.63 14.59 14.48 14.46 14.43 10.06 10.50 11.36 14.47 14.23 14.60
15.10 15.01 14.46 14.32 14.59 15.06 15.09 15.09 15.35 15.42 15.32 15.66 15.84 15.69 15.66 15.51 15.32 15.26 14.94 14.99 15.32 15.76 15.94 15.75 14.41 14.51 15.47 15.58 15.29 16.55 15.41 15.34 15.34 19.31 18.42 18.57 18.63 18.65 19.06 20.13 16.03 15.43 14.66 14.40 14.58 14.80 14.82 14.77 14.79 15.19 15.44 15.26 15.02 15.14 15.44 15.46 15.29 15.06 14.96 14.98 14.89 14.83 14.92 15.06 15.18 15.13 14.94 14.78 14.65 14.65 9.22 9.83 10.00 14.16 9.59 10.16 12.24 14.07 14.27
14.88 15.22 14.67 13.91 14.68 15.26 14.92 15.21 15.24 15.09 15.25 15.89 15.95 12.57 15.63 15.24 15.16 15.15 15.03 15.26 15.47 16.55 15.68 14.59 15.41 15.50 15.57 15.70 13.73 16.73 18.70 15.42 15.45 15.52 18.07 17.59 18.22 14.70 14.66 15.82 16.85 15.52 14.37 14.25 14.44 14.76 14.79 14.64 14.81 15.49 15.62 15.11 14.89 15.27 15.60 15.50 15.30 15.11 15.03 15.02 14.91 14.81 14.89 15.02 15.13 15.06 14.89 14.83 14.77 9.15 9.04 8.80 9.39 9.31 9.32 13.56 13.70 11.35 14.06
15.15 15.18 14.33 13.94 15.11 15.17 15.00 15.36 15.26 14.87 15.46 15.89 15.70 15.55 15.30 14.99 15.15 15.16 15.07 15.25 15.21 15.22 15.16 17.35 15.52 15.66 16.41 14.04 13.41 15.29 15.44 19.24 18.24 17.46 16.59 16.91 14.65 14.70 15.16 16.74 17.13 15.08 14.02 14.12 14.41 14.81 14.71 14.57 14.94 15.61 15.64 15.11 14.94 15.42 15.71 11.67 11.09 11.33 15.07 15.05 14.96 14.85 14.87 14.97 9.66 8.08 9.34 14.85 14.92 14.73 8.22 8.68 8.66 8.74 14.06 13.86 8.64 9.11 11.87
14.98 14.80 14.61 14.37 14.86 15.14 15.13 15.22 14.81 14.87 15.49 15.59 15.42 15.34 15.22 15.17 15.19 15.15 11.52 15.10 12.85 14.85 14.96 15.48 15.75 15.72 16.79 14.76 16.44 15.40 15.63 15.72 17.56 17.33 16.76 17.40 18.55 19.28 19.46 18.66 16.33 14.54 13.94 15.09 19.77 14.83 20.00 19.59 14.97 15.44 15.64 15.35 15.15 15.55 9.21 8.78 7.56 8.19 10.85 15.11 15.05 14.93 14.88 14.93 15.06 15.00 14.76 14.83 14.97 14.80 14.52 14.30 14.16 14.05 8.56 13.61 13.59 13.68 9.84
14.59 14.71 15.03 14.80 14.52 15.23 15.28 14.99 14.75 14.86 15.49 15.55 15.61 15.43 15.21 15.40 15.30 15.23 15.13 14.93 14.66 14.86 15.26 15.85 15.83 15.69 16.61 15.28 17.26 15.62 17.77 17.21 17.48 17.60 17.01 17.10 17.95 17.89 17.56 16.60 14.48 14.55 14.23 14.38 19.33 19.46 19.43 14.64 20.02 20.43 15.64 15.50 15.40 15.70 12.38 10.95 10.34 10.64 15.17 15.27 15.14 14.95 14.88 14.91 15.03 14.96 14.74 14.82 14.93 14.81 14.53 14.32 14.28 14.15 8.61 13.48 9.36 9.84 10.77
14.61 14.64 14.81 14.76 14.53 15.00 15.32 14.76 14.49 14.97 15.51 15.69 15.64 15.20 15.54 15.46 15.33 15.23 15.19 12.21 14.76 15.14 15.55 15.96 15.83 15.62 16.62 14.91 17.37 17.36 15.56 16.55 17.40 17.52 17.57 15.57 16.29 17.64 18.05 18.14 18.15 17.04 17.91 19.30 19.58 14.67 14.65 14.75 20.04 20.45 21.58 19.33 15.63 15.93 15.83 12.26 11.33 14.88 15.22 15.43 11.49 11.00 14.85 14.93 15.05 14.97 14.77 14.81 8.13 9.50 8.71 8.51 14.30 8.78 8.66 13.44 13.43 9.85 10.39
