examples/cougarCreek-fire/createInputs/farsite/7a-cougarCreek-polygonIgnit/cougarCreekFire_08-13-2015_0000_217m_non_neutral_stability_vel.asc
ncols	146
nrows	140
xllcorner	610065.000000
yllcorner	5095217.000000
cellsize	216.586807
NODATA_value	-9999.000000
[rows 105 to 139 of 140, columns 0 to 79 of 146]
17.36 17.74 18.58 19.24 18.89 19.29 20.69 19.49 18.57 20.47 21.31 22.13 21.48 20.90 22.00 21.81 21.24 21.05 20.42 16.40 19.67 20.89 22.26 22.33 21.18 21.49 22.07 18.74 22.34 22.39 20.73 22.49 22.61 22.37 22.23 20.00 21.20 20.39 20.97 24.99 24.78 22.70 23.20 23.80 19.84 24.53 20.24 20.71 26.06 26.41 22.22 22.38 23.53 24.92 25.05 20.55 21.20 21.64 22.56 23.13 20.04 18.93 18.71 18.25 16.67 16.87 16.67 17.53 16.16 16.67 16.35 16.07 16.36 21.33 20.73 20.24 20.18 20.20 20.12 20.51
16.78 17.43 19.00 19.74 19.51 20.09 21.16 19.85 18.74 20.02 21.59 22.01 20.52 21.21 21.96 21.34 21.24 20.83 20.22 19.34 19.24 20.72 22.23 19.97 21.21 21.66 22.39 18.84 21.77 22.26 22.16 22.41 21.70 21.74 21.26 20.30 23.22 20.67 21.49 24.49 20.82 21.87 23.38 19.68 24.61 25.03 25.17 25.21 21.60 26.27 22.05 22.16 23.12 25.72 26.98 21.99 20.86 21.75 22.89 23.58 20.33 18.48 16.22 17.35 17.53 17.85 17.85 16.68 17.34 16.94 16.22 16.04 16.24 16.76 21.15 20.79 16.26 16.25 20.75 21.19
17.43 17.84 19.19 20.31 20.27 20.88 21.32 20.43 19.29 19.97 21.61 21.13 20.39 21.49 21.39 21.16 21.43 20.49 19.98 19.31 19.18 20.64 22.19 21.71 21.90 21.79 21.76 20.15 22.78 22.75 23.39 20.97 20.43 21.24 20.96 22.51 19.99 21.45 22.15 21.89 21.85 23.05 23.87 24.35 24.78 25.25 20.84 21.25 26.58 27.90 27.51 27.95 27.52 29.61 27.04 22.17 19.14 21.78 23.30 21.54 19.67 17.20 17.48 18.69 23.31 19.53 17.92 17.65 18.31 17.81 17.28 16.82 16.48 16.59 17.04 21.51 21.35 21.06 21.20 16.98
18.96 18.45 18.73 20.22 20.53 20.54 20.66 21.07 20.04 19.07 20.39 20.73 20.96 21.30 21.08 21.41 21.34 20.42 19.99 19.29 19.48 21.05 22.32 21.98 21.56 22.90 21.78 22.07 22.74 21.64 21.91 19.82 19.62 21.50 23.19 20.24 20.87 26.16 21.18 18.39 22.54 23.86 24.38 24.64 25.04 20.93 25.88 26.11 26.76 28.32 27.45 27.48 29.85 33.40 22.71 19.13 18.97 22.33 21.93 20.85 18.50 17.91 17.79 22.97 21.59 20.37 19.10 18.53 18.17 17.99 17.07 17.45 16.85 16.79 17.00 17.10 17.04 16.63 16.70 16.98
20.49 19.29 18.46 19.63 20.55 20.38 20.36 21.62 20.15 17.53 19.11 20.98 21.21 21.02 21.13 21.26 20.74 20.05 20.05 19.88 20.33 22.12 22.83 20.91 22.13 21.24 21.13 22.44 20.95 20.22 20.57 19.51 20.11 22.63 20.71 20.86 21.60 24.21 19.51 19.73 23.25 24.19 24.88 24.87 25.35 25.89 21.31 21.50 22.10 22.50 22.25 28.05 30.05 31.66 26.81 18.54 20.31 21.80 21.46 20.77 19.02 18.27 19.25 23.49 23.09 21.52 20.12 19.25 18.97 18.02 17.94 17.54 17.17 17.07 17.53 17.29 17.04 16.93 21.36 16.76
21.05 19.94 18.50 19.00 20.39 20.57 21.10 22.17 20.33 16.83 18.64 21.26 21.13 21.03 21.22 20.71 20.06 20.15 20.68 20.57 21.12 22.49 20.72 20.93 20.89 21.31 20.32 21.81 19.75 19.86 20.57 20.83 23.23 20.72 21.15 21.44 25.43 21.43 19.84 22.88 23.91 24.34 24.31 25.16 25.59 25.90 26.15 21.73 26.59 22.45 26.56 26.45 28.14 30.92 26.14 25.36 23.89 22.48 20.30 19.50 18.39 19.04 19.37 24.19 22.00 21.53 20.04 21.01 19.81 18.43 17.76 18.00 18.21 17.23 17.15 17.11 17.19 21.74 21.59 21.03
20.92 19.77 18.60 18.46 19.82 20.76 20.92 21.89 19.80 16.52 18.74 21.13 21.05 21.12 21.07 20.10 19.88 20.74 21.79 21.56 21.45 21.43 20.44 19.97 20.41 21.08 21.11 21.12 20.03 20.81 20.62 20.65 20.98 21.30 21.55 22.00 22.00 19.87 22.41 23.96 20.19 24.21 25.19 25.47 25.59 25.96 26.38 26.97 26.96 22.45 26.55 27.02 28.34 29.40 26.22 26.31 23.75 19.86 18.99 18.17 17.84 17.67 17.17 19.14 20.87 20.72 19.73 19.56 18.39 18.14 17.50 18.45 22.69 21.94 21.90 22.03 17.17 17.31 17.31 21.12
20.22 19.75 18.96 18.49 19.22 20.29 20.48 20.95 19.62 18.11 18.81 20.13 21.13 21.11 20.68 19.87 19.95 21.79 22.74 22.13 20.94 19.96 19.61 19.73 20.24 20.98 21.30 21.43 21.13 21.87 20.86 21.33 23.79 23.42 24.31 21.93 20.12 21.69 23.34 23.80 24.57 25.14 25.05 25.33 25.81 25.92 26.45 26.90 28.53 27.45 27.71 29.72 31.23 32.28 30.96 20.29 19.97 19.06 18.63 18.27 17.80 17.60 18.09 19.96 21.49 21.04 20.14 19.17 18.43 17.39 16.94 17.44 17.58 16.89 16.98 17.16 17.14 17.31 17.38 21.21
19.95 19.43 18.70 18.77 18.81 19.50 19.88 20.04 20.35 18.76 17.45 18.97 21.52 20.92 20.37 20.14 20.99 22.55 22.78 21.47 19.68 19.15 19.73 19.51 20.28 21.16 21.46 21.13 21.56 21.84 21.26 22.38 21.64 23.13 22.83 19.78 20.72 22.92 23.30 23.45 23.81 23.50 24.83 25.44 25.89 21.69 27.08 27.08 28.87 28.61 28.93 30.23 30.36 29.98 27.41 22.72 19.65 18.66 18.70 18.98 18.13 18.00 18.68 20.40 21.45 20.71 19.44 19.03 18.40 17.67 17.54 17.66 17.57 17.40 17.32 17.21 17.44 21.76 21.84 17.08
19.28 18.55 18.70 18.79 18.92 19.58 20.05 19.97 19.94 18.65 16.66 18.95 21.71 20.53 20.09 20.36 20.92 21.67 21.59 19.90 18.21 18.77 19.05 19.37 20.14 21.51 21.29 20.95 20.82 21.05 20.95 20.85 20.79 22.85 20.57 19.80 22.11 23.50 20.57 22.27 20.13 23.60 25.07 20.89 21.38 22.20 22.37 27.21 27.36 27.81 28.81 29.04 28.60 28.38 26.17 24.86 21.75 19.61 19.25 19.51 18.40 18.05 19.29 20.89 21.30 20.13 19.22 18.70 18.28 17.88 17.64 17.50 17.19 17.26 17.77 17.62 17.78 18.29 21.58 20.72
18.99 18.63 18.44 19.11 20.31 20.50 20.23 19.43 19.36 18.81 17.73 19.89 21.22 20.15 19.95 20.35 20.62 20.59 20.16 19.00 18.27 18.63 19.03 19.44 20.66 21.47 20.88 20.69 20.75 21.20 19.25 20.09 22.42 21.99 19.64 20.89 22.88 20.73 21.54 21.58 19.87 24.49 20.63 26.30 26.57 26.39 26.06 27.74 27.73 28.02 28.60 28.03 27.97 27.20 25.32 24.32 23.89 23.13 21.66 20.21 18.71 18.51 20.12 21.20 21.00 19.88 19.09 18.65 18.26 17.94 17.64 17.60 17.45 17.40 17.73 17.61 17.39 21.28 21.18 20.36
18.36 18.35 18.58 19.83 20.53 19.84 18.73 18.74 18.93 18.80 18.91 20.09 19.97 19.54 19.90 20.28 20.86 20.53 19.35 19.04 18.89 18.50 19.13 20.01 21.45 20.76 20.51 20.51 20.93 20.99 20.02 19.63 20.23 20.70 21.22 22.85 20.71 22.01 20.49 21.95 20.04 20.33 24.93 25.77 25.68 25.76 26.09 26.39 27.67 28.25 28.67 27.85 26.34 25.47 24.64 23.44 23.79 23.90 23.40 21.29 19.12 18.55 20.71 21.52 20.69 19.52 18.72 18.53 18.35 18.00 17.86 17.82 17.82 17.61 17.49 17.40 20.93 21.18 21.10 20.30
17.93 17.93 18.64 20.00 20.34 19.55 18.91 18.83 18.09 18.75 19.45 19.42 19.62 20.02 19.91 20.37 20.58 19.70 18.86 18.90 18.77 18.53 19.39 20.59 21.04 19.92 20.19 20.49 20.82 20.38 19.44 19.29 20.04 20.67 20.63 23.06 21.08 20.18 20.78 22.67 20.33 20.59 25.74 26.64 25.96 25.31 24.98 26.70 27.73 27.38 27.30 25.70 24.39 24.37 24.31 23.38 23.24 23.24 22.97 21.79 19.89 19.49 21.28 21.80 20.79 19.56 18.88 18.97 18.64 18.15 18.29 18.25 17.87 17.57 16.99 16.99 20.91 21.07 21.06 20.56
17.69 17.62 18.61 20.09 19.96 20.09 19.45 18.98 17.94 18.77 19.71 20.46 21.47 20.77 19.00 19.64 20.05 18.96 18.54 18.77 18.29 18.80 19.83 21.46 20.71 19.43 20.22 20.51 20.32 19.77 19.15 19.49 20.23 20.79 20.91 21.97 20.26 19.77 21.92 20.06 20.56 20.82 25.17 25.67 24.97 23.42 23.55 26.14 25.74 25.70 26.96 24.88 23.59 24.00 23.88 25.20 22.77 22.20 24.66 21.67 24.76 20.62 25.73 22.30 21.18 20.25 19.81 19.61 18.93 17.88 18.60 18.26 17.82 17.28 20.93 20.90 21.03 20.94 20.91 20.79
17.55 17.67 18.52 19.58 20.09 20.15 19.92 18.81 18.52 18.56 19.62 20.64 20.77 19.27 17.43 18.58 19.59 18.23 18.59 18.88 18.55 19.03 20.06 20.95 19.89 19.66 20.15 20.13 19.97 19.64 19.65 19.84 19.97 20.66 20.97 20.62 19.71 19.38 19.71 24.14 20.92 24.52 24.68 24.55 23.45 23.32 24.31 25.00 24.88 25.00 25.83 24.73 24.61 24.79 25.02 25.07 25.01 24.55 24.52 24.72 21.40 25.23 22.24 25.53 21.09 20.65 20.62 20.25 19.28 18.12 18.23 18.59 17.87 17.30 21.34 21.26 21.14 20.86 20.79 20.85
17.51 18.11 18.78 19.24 20.71 20.52 19.21 18.48 18.31 18.08 18.81 19.91 19.94 18.75 17.49 18.14 18.50 18.11 18.85 19.17 18.79 19.02 20.06 20.27 20.10 20.14 19.78 19.67 20.08 19.86 19.47 19.56 19.77 20.40 20.66 19.66 19.30 19.57 20.10 20.82 21.25 23.72 23.80 23.87 23.78 24.82 25.04 24.56 24.46 25.35 25.44 24.94 24.64 24.81 24.98 24.85 24.76 24.66 24.42 24.36 24.89 22.28 22.23 21.84 24.70 21.52 20.47 20.37 19.76 19.03 17.68 18.18 18.51 18.25 17.96 21.46 21.24 20.72 20.26 20.58
17.32 18.64 18.68 18.88 20.71 20.40 18.10 17.22 18.13 17.89 18.22 19.25 18.91 19.11 18.58 17.84 17.46 18.11 19.17 19.17 18.85 19.17 20.16 20.38 20.35 19.88 19.24 19.36 20.19 19.70 18.94 19.32 19.65 20.49 20.13 19.10 19.32 19.98 20.52 21.22 23.27 22.55 23.38 24.15 25.09 25.84 25.05 24.28 24.27 25.28 25.26 25.21 24.79 24.81 24.83 24.66 24.67 24.73 24.34 24.05 24.77 23.66 22.88 22.16 22.33 22.93 20.88 20.27 20.66 19.67 17.59 17.09 17.82 18.10 21.97 21.59 21.42 20.51 19.71 20.32
16.99 19.09 19.11 18.31 19.96 19.25 16.79 17.28 18.33 18.40 17.47 18.77 19.31 19.24 19.51 18.62 16.84 17.71 19.23 19.10 19.00 19.47 19.93 20.15 19.88 19.07 18.65 19.56 20.53 20.15 18.84 19.38 19.81 20.13 19.54 18.99 19.60 20.37 20.87 23.59 20.86 22.23 23.87 24.52 25.42 25.91 24.32 23.70 23.96 25.19 25.70 25.61 24.70 24.73 24.61 24.57 24.64 24.65 24.35 23.97 24.64 26.27 22.97 22.22 22.51 23.04 24.70 21.31 22.04 20.07 17.64 16.68 21.66 22.09 22.11 21.76 21.37 20.24 19.56 20.36
16.94 18.58 18.47 18.14 18.65 18.38 16.44 17.33 18.71 19.27 18.24 18.02 18.79 18.84 19.54 19.02 16.15 17.05 19.23 18.94 18.93 19.29 19.65 19.89 19.37 18.38 18.69 19.88 20.64 20.29 19.51 19.47 19.73 19.55 19.00 19.02 19.75 20.38 20.77 20.79 20.23 22.37 23.53 24.16 25.19 22.62 22.33 23.22 24.30 25.59 26.60 25.76 24.54 24.47 24.40 24.44 24.48 24.55 20.88 24.09 24.80 26.60 23.24 21.99 23.99 24.17 24.48 22.04 21.86 20.45 18.35 17.42 17.75 22.06 22.09 21.83 21.21 20.13 19.84 20.45
16.98 17.44 18.26 17.92 18.12 17.89 17.24 17.21 19.05 19.84 18.22 17.32 18.28 19.29 20.21 18.72 15.45 16.64 19.18 18.95 18.67 19.04 19.47 19.55 18.99 18.17 19.08 20.27 20.76 20.35 19.53 18.83 18.96 18.66 18.71 19.15 19.73 20.25 20.39 20.25 20.08 22.63 23.46 24.07 21.91 23.22 21.79 23.36 24.63 25.56 26.08 24.22 24.10 24.08 24.16 24.21 24.29 24.45 24.42 24.28 25.16 26.48 25.68 24.24 23.67 23.76 24.28 24.83 21.19 20.23 19.23 18.80 21.73 21.68 21.93 21.93 21.24 20.41 20.23 20.46
17.05 16.90 17.25 18.48 17.60 17.62 17.55 17.62 18.96 19.36 18.59 17.20 17.96 19.05 19.51 18.86 16.09 16.87 18.90 18.53 18.63 19.26 19.18 19.17 19.03 18.85 19.54 20.59 20.35 19.53 19.32 18.61 18.16 18.28 18.89 19.42 19.77 20.04 20.23 20.29 20.17 20.39 23.89 21.38 21.48 21.58 21.61 23.34 24.13 24.30 23.42 23.79 23.57 23.63 23.79 23.93 24.15 24.28 24.35 24.57 25.52 22.07 20.68 19.78 19.45 23.71 23.82 24.30 20.38 20.01 18.49 21.65 21.28 21.04 21.65 22.00 21.57 20.92 20.52 20.55
17.01 16.92 16.95 17.77 18.65 18.60 18.14 18.40 18.74 19.66 19.00 17.44 17.55 18.41 19.25 19.32 17.52 16.93 18.09 18.39 18.77 18.88 18.84 19.30 19.54 19.35 19.56 20.23 19.76 18.90 18.87 18.02 17.68 18.37 18.64 19.61 19.70 19.94 20.23 20.11 19.95 20.43 20.89 20.93 21.05 21.46 21.59 21.47 21.77 22.26 22.78 23.10 22.96 23.03 23.28 23.64 24.03 24.24 19.17 24.92 20.58 25.64 25.23 19.83 24.15 24.38 18.98 23.83 26.63 20.85 21.54 21.00 20.87 20.32 21.12 22.09 22.13 21.49 20.75 20.37
17.04 17.07 16.92 17.67 19.05 18.48 18.56 18.32 18.18 18.56 18.18 17.70 17.15 17.88 19.04 19.14 18.00 16.00 17.13 18.50 18.62 18.45 18.95 19.51 19.38 19.24 19.21 19.42 19.05 18.89 18.08 17.44 17.45 18.29 18.69 19.74 19.89 19.93 19.90 19.75 19.86 20.47 20.58 20.51 21.05 21.51 21.31 21.01 21.27 21.88 22.21 22.35 22.36 22.51 22.94 23.63 24.04 24.45 24.95 25.44 25.79 25.55 25.34 20.80 24.53 19.56 18.95 24.59 26.65 21.10 20.30 20.38 20.78 19.95 20.62 22.08 22.59 22.01 20.84 19.97
17.36 17.20 17.04 17.68 18.32 18.16 18.10 18.20 17.94 17.29 17.70 17.41 17.37 17.75 18.78 19.11 17.44 15.59 16.82 18.39 18.32 18.28 18.92 19.30 19.19 19.01 19.12 18.97 19.12 18.12 17.23 16.98 17.54 17.82 19.35 19.87 19.78 19.51 19.45 19.61 19.97 20.40 20.49 20.71 24.92 21.32 20.89 20.62 20.97 21.56 26.59 22.00 22.06 22.41 22.97 23.57 24.13 24.81 25.45 25.73 25.78 25.58 25.48 25.28 25.01 19.82 19.52 24.74 24.38 22.00 19.91 20.01 20.62 20.03 20.38 21.73 22.54 22.24 20.85 19.66
18.15 17.40 16.96 17.33 17.50 17.59 17.58 17.53 17.16 16.64 17.30 18.37 17.95 17.49 17.91 17.97 17.03 15.96 16.79 18.30 18.38 18.31 18.94 19.09 18.60 18.73 18.97 18.70 18.32 17.29 16.87 17.03 17.36 17.90 18.90 19.97 19.62 19.43 19.43 19.61 19.94 20.22 20.45 20.88 21.20 21.05 20.70 24.81 20.84 21.34 26.49 21.79 22.05 22.37 22.93 23.48 24.23 25.09 25.67 26.01 26.04 25.63 25.33 25.25 24.96 19.88 19.37 19.49 22.97 21.56 20.30 19.83 20.21 20.20 20.38 21.21 22.19 22.20 20.94 19.66
19.48 17.70 16.53 16.92 17.07 17.32 17.39 17.33 17.16 17.08 17.44 18.30 18.12 17.10 17.06 17.32 17.03 16.28 16.96 18.52 18.59 18.26 18.61 18.67 18.50 18.65 18.76 17.82 17.34 16.80 16.73 17.12 17.51 17.94 19.68 20.08 19.64 19.48 19.46 19.57 19.90 20.21 20.55 20.90 21.06 20.85 20.44 20.11 20.59 21.22 21.51 26.70 26.99 22.27 22.74 23.30 24.17 25.04 25.75 26.70 26.78 25.46 24.79 20.36 20.15 19.47 18.95 22.99 22.43 21.68 20.52 19.81 19.94 20.22 20.55 20.85 21.65 21.78 20.88 20.56
20.24 17.87 15.93 16.39 16.69 17.04 17.19 17.27 17.32 17.38 17.50 17.88 17.74 16.95 16.90 17.27 17.07 16.65 17.51 18.70 18.58 18.09 18.20 18.30 18.27 18.39 18.15 17.51 16.84 16.52 16.66 17.21 17.47 17.89 19.52 19.51 19.37 19.57 19.51 19.57 19.93 20.27 20.28 20.45 20.66 20.44 19.85 19.73 25.15 26.05 26.25 26.41 26.88 27.26 22.44 22.95 23.82 24.83 25.94 27.59 24.63 20.19 18.58 19.50 19.59 18.73 18.27 22.36 21.99 21.62 20.41 19.61 19.66 20.04 20.58 20.56 20.91 21.05 21.10 20.61
20.43 17.72 15.41 15.71 16.35 16.87 17.08 17.18 17.27 17.35 17.43 17.52 17.43 17.15 17.14 17.32 17.19 17.09 17.82 18.52 18.33 17.96 17.87 17.81 17.95 18.11 17.64 17.02 16.60 16.49 16.79 17.13 17.16 17.48 19.01 18.85 19.14 19.90 19.58 18.92 19.26 19.44 19.70 19.96 20.23 19.83 19.37 19.52 20.23 20.61 20.57 20.80 21.21 27.31 27.89 28.14 28.72 24.87 26.18 22.65 21.35 18.47 18.05 19.89 19.65 22.23 21.86 21.85 21.55 21.28 20.27 19.52 19.54 19.79 20.40 20.37 20.87 20.99 20.88 20.64
20.60 17.86 15.42 15.27 16.01 16.70 16.96 17.15 17.25 17.32 17.32 17.33 17.32 17.27 17.26 17.30 17.29 17.30 17.62 18.05 18.03 17.85 17.62 17.39 17.65 17.74 17.15 16.67 16.57 16.73 16.84 16.68 16.62 17.21 18.48 19.60 20.02 19.64 19.69 18.71 18.82 18.95 19.06 19.60 19.82 19.36 19.13 19.36 19.74 19.86 20.08 20.57 21.08 21.52 26.93 27.55 28.78 29.22 25.83 26.10 20.50 18.17 18.14 18.91 18.55 21.28 21.08 21.44 21.20 20.79 20.22 19.53 19.38 19.83 20.32 20.27 19.86 20.62 20.87 20.83
20.54 17.89 15.34 15.08 15.42 16.19 16.66 17.11 17.27 17.27 17.19 17.19 17.21 17.21 17.22 17.24 17.26 17.27 17.27 17.58 17.85 17.76 17.45 17.16 17.33 17.32 16.91 16.64 16.65 16.75 16.62 16.35 16.77 18.48 20.63 21.17 20.50 19.67 18.60 17.92 18.19 18.35 18.71 19.37 19.39 19.02 18.88 18.98 19.22 19.42 19.80 20.43 21.04 26.37 26.82 22.37 23.33 24.44 24.69 24.16 23.38 18.82 18.84 18.62 17.94 16.89 20.39 20.97 20.98 20.49 20.17 19.55 19.18 19.86 20.30 20.15 19.91 20.38 20.82 21.02
19.59 17.83 15.58 14.88 14.58 15.51 16.81 17.65 17.65 17.18 17.00 17.09 17.12 17.13 17.12 17.14 17.15 17.19 17.14 17.33 17.78 17.73 17.30 16.94 16.96 17.02 16.83 16.66 16.56 16.48 16.44 16.60 18.85 20.94 20.95 19.97 19.39 18.77 17.43 16.88 17.43 18.04 18.58 19.04 18.85 18.62 18.48 18.50 18.83 19.17 19.29 19.98 26.61 26.59 21.56 21.94 22.54 23.25 23.37 22.78 22.16 22.23 22.75 22.71 18.19 16.92 19.94 20.30 20.61 20.52 20.32 19.72 19.32 19.79 20.22 20.63 20.39 20.30 20.67 21.13
18.65 17.60 15.95 14.65 14.05 15.74 18.86 18.78 17.78 16.84 16.80 16.97 16.98 16.99 16.98 17.01 17.02 17.09 17.08 17.19 17.51 17.46 17.00 16.61 16.70 16.81 16.71 16.57 16.40 16.37 16.66 17.38 19.85 20.38 19.15 18.69 18.41 17.72 16.28 16.03 16.76 17.99 18.52 18.58 18.14 18.01 17.87 18.24 18.62 18.73 18.46 19.47 21.75 21.68 20.58 20.87 21.42 21.81 22.08 21.77 21.18 21.23 21.83 22.15 22.08 21.21 20.16 20.02 20.10 20.52 20.57 19.87 19.69 20.16 20.44 20.62 20.38 20.42 20.53 21.15
17.55 17.74 16.57 14.93 14.13 16.39 19.29 17.71 16.98 16.49 16.61 16.78 16.84 16.85 16.87 16.90 16.92 16.93 16.95 16.99 17.00 16.99 16.69 16.40 16.55 16.67 16.61 16.54 16.42 16.57 17.23 18.61 19.20 18.82 17.81 17.62 17.71 16.69 15.50 15.67 16.69 17.95 18.29 17.90 17.73 17.58 17.84 18.14 18.34 18.31 18.21 19.32 27.06 21.48 19.34 19.44 20.29 20.45 20.82 20.85 20.56 20.50 20.77 21.34 21.78 21.33 20.46 20.18 20.11 20.90 20.97 20.31 20.55 21.37 21.10 20.89 20.66 20.86 20.69 21.06
16.66 17.14 16.54 15.01 14.64 16.80 18.16 17.44 16.32 16.21 16.43 16.60 16.72 16.74 16.75 16.77 16.75 16.72 16.73 16.69 16.61 16.62 16.46 16.35 16.47 16.56 16.57 16.56 16.59 16.85 17.34 17.51 17.47 17.45 16.75 16.59 16.53 15.93 15.56 16.05 17.02 18.08 18.18 17.71 17.59 17.46 18.10 18.39 18.45 18.49 18.83 19.27 20.46 20.27 18.04 18.14 19.12 19.20 19.55 19.83 19.89 20.00 20.03 20.57 21.22 21.27 20.93 20.84 21.23 21.41 21.75 21.50 21.22 21.88 22.29 21.63 21.47 21.70 21.44 21.35
16.47 16.84 16.19 14.92 14.96 16.97 17.67 16.86 15.90 15.98 16.32 16.44 16.58 16.61 16.59 16.59 16.54 16.50 16.49 16.43 16.37 16.37 16.30 16.25 16.33 16.41 16.44 16.46 16.59 16.82 17.03 16.93 16.74 16.70 16.09 15.89 15.84 15.66 15.84 16.48 17.35 18.21 18.14 18.24 17.53 17.52 18.32 18.71 18.80 18.99 19.30 19.02 19.47 19.14 17.38 17.58 18.43 18.52 18.84 19.19 19.26 19.65 19.98 20.51 20.81 21.22 21.68 21.73 21.81 21.87 22.04 21.94 21.66 22.08 22.49 22.09 21.92 22.12 21.92 21.65
