examples/cougarCreek-fire/createInputs/farsite/7a-cougarCreek-polygonIgnit/cougarCreekFire_08-13-2015_0300_217m_non_neutral_stability_ang.asc
ncols	146
nrows	140
xllcorner	610065.000000
yllcorner	5095217.000000
cellsize	216.586807
NODATA_value	-9999.000000
[rows 88 to 131 of 140, columns 0 to 95 of 146]
315 315 315 317 318 318 318 318 317 315 311 309 315 320 318 317 313 312 312 310 313 317 319 348 316 313 3 306 307 342 309 307 305 305 306 303 298 296 291 284 273 263 261 327 272 309 308 266 315 258 303 304 250 303 288 250 286 289 251 301 306 310 311 252 328 328 337 338 341 346 357 0 351 335 38 36 41 44 48 348 344 337 336 342 17 0 14 64 65 64 65 68 71 73 75 76
316 315 314 315 317 316 317 316 316 314 310 308 313 319 318 314 310 309 309 308 312 317 320 351 14 312 310 309 311 311 310 309 306 304 305 302 294 325 281 273 266 262 266 320 273 304 306 259 315 257 299 308 255 255 255 253 287 285 303 298 311 304 307 311 317 314 321 327 325 330 342 356 4 0 351 338 346 351 43 340 331 326 45 47 329 56 57 57 61 63 65 68 70 72 74 76
315 314 313 314 315 315 315 314 314 312 309 308 312 319 317 313 308 307 307 307 311 317 320 320 315 311 310 310 311 311 310 309 308 306 306 303 294 287 281 274 271 300 273 275 325 296 301 328 264 261 297 302 260 261 261 301 256 286 257 256 301 308 255 315 322 321 315 320 315 316 324 347 12 11 25 354 355 0 347 48 40 36 37 39 42 47 52 56 59 62 66 70 71 71 72 75
315 314 313 314 315 315 315 313 312 311 307 306 310 315 315 312 308 306 305 306 311 316 347 317 315 311 311 311 311 310 309 309 308 305 302 297 290 284 281 279 280 279 277 277 276 307 315 272 274 274 270 267 286 284 263 296 293 287 298 259 306 294 307 301 323 300 326 323 318 318 321 328 356 353 359 356 356 3 4 341 337 350 345 37 40 45 51 57 58 65 71 72 71 71 73 74
315 314 313 315 315 314 313 310 309 308 304 302 305 310 310 309 306 304 304 305 310 314 315 316 313 309 310 312 312 310 309 308 305 299 294 330 286 281 280 283 286 286 282 283 286 287 285 283 282 282 280 275 272 270 267 299 295 260 302 297 304 311 294 275 318 295 310 329 322 320 325 332 352 346 350 350 344 345 343 341 336 341 352 3 358 9 17 8 58 66 76 77 73 73 75 75
316 314 313 315 315 314 312 307 305 304 301 300 302 336 306 306 305 304 304 307 311 332 346 314 311 307 308 311 312 311 308 306 303 298 296 295 292 288 287 289 292 295 294 291 292 292 291 290 288 287 285 282 278 275 273 271 270 268 299 299 304 300 272 291 299 321 324 321 319 315 320 335 341 339 347 347 348 348 28 23 20 19 27 341 357 8 360 54 51 59 42 72 71 73 74 73
317 314 313 316 315 314 313 308 304 303 302 301 333 304 306 307 307 305 305 307 312 314 312 311 308 305 307 310 310 309 306 306 307 305 304 303 301 300 298 297 301 304 301 296 292 290 290 291 290 288 287 285 280 277 276 276 274 273 273 274 304 274 274 276 281 294 313 315 316 314 315 329 331 341 346 360 18 354 340 18 16 16 22 29 29 352 353 6 51 55 6 61 66 70 70 70
316 314 313 315 316 315 314 309 306 305 304 305 305 306 307 308 308 307 306 308 311 332 340 308 307 306 308 310 310 309 308 309 312 311 309 308 307 306 303 300 303 306 302 297 293 291 290 290 289 288 288 288 284 278 274 276 276 275 275 277 278 277 277 280 285 294 300 302 308 312 313 319 334 335 344 354 3 8 14 339 13 12 337 341 344 26 359 359 3 51 55 15 56 59 62 63
313 313 312 314 315 315 313 311 308 306 305 306 306 306 308 310 310 309 309 311 312 346 308 309 308 308 309 311 312 313 313 314 315 314 313 311 309 305 300 297 298 301 301 299 296 294 292 291 290 290 290 291 291 288 281 278 279 280 279 278 279 280 281 283 285 292 302 307 308 305 309 317 320 322 333 347 354 0 8 340 12 10 10 13 349 359 358 1 36 37 355 9 12 50 51 51
312 314 315 315 315 315 312 311 308 306 305 306 306 307 308 311 311 311 311 313 314 312 311 311 310 310 311 313 314 315 316 317 317 317 316 313 309 304 298 295 296 299 301 301 297 295 294 291 289 290 292 295 297 297 293 288 287 287 285 282 281 281 281 282 283 287 294 302 305 310 317 321 326 319 328 338 351 351 358 346 9 8 8 12 339 21 26 32 360 33 41 40 43 43 44 48
310 315 320 319 318 313 311 312 310 307 307 306 306 307 309 311 312 312 313 346 315 314 313 312 310 310 312 314 316 317 318 319 319 318 316 313 309 304 298 295 297 302 306 306 300 293 289 288 288 290 294 298 300 300 299 297 295 294 292 288 284 281 281 282 283 286 291 298 303 309 315 319 323 314 319 323 340 337 343 349 336 336 6 340 16 345 0 25 28 4 6 37 39 40 45 43
307 311 320 324 318 313 312 313 311 310 308 307 307 309 310 312 312 312 315 316 315 312 311 310 309 309 312 314 316 318 318 318 318 317 317 314 309 303 296 289 295 304 311 308 301 295 289 286 287 290 296 300 301 302 302 301 300 299 297 294 289 285 282 282 284 286 290 294 299 304 309 314 317 321 309 315 324 338 326 336 336 2 333 342 346 336 342 16 24 32 358 36 34 37 48 354
311 314 317 329 316 312 314 313 311 311 309 307 308 309 310 311 311 312 315 315 313 309 306 306 306 309 312 314 316 318 318 317 318 318 318 317 312 306 300 296 300 309 315 310 300 296 295 291 289 292 297 303 305 303 304 305 304 304 302 298 295 290 286 284 285 286 288 290 293 298 301 304 307 311 318 324 310 316 317 321 336 327 321 322 329 328 1 326 14 355 347 32 34 36 46 360
314 312 316 323 316 313 315 313 312 312 308 305 306 307 308 309 310 311 313 311 309 305 301 302 306 309 311 313 316 317 317 317 317 317 317 317 314 312 311 307 306 312 315 309 301 295 295 294 292 292 298 305 310 307 306 307 307 306 304 302 299 297 292 287 283 282 284 286 289 293 297 299 300 303 281 315 294 316 315 331 318 311 330 303 296 352 297 308 8 322 19 333 344 22 36 40
313 314 317 322 317 312 314 314 314 312 307 303 303 304 307 308 309 311 312 311 308 305 303 304 307 310 311 314 316 317 317 316 315 315 315 315 314 307 304 304 300 301 302 300 296 294 293 293 292 293 298 305 308 307 306 307 308 306 304 303 302 301 297 291 285 282 282 283 285 272 274 273 271 278 306 307 309 309 311 315 302 312 315 332 348 334 320 319 311 290 297 289 16 12 335 347
314 316 317 320 325 313 312 315 314 310 306 304 305 306 308 308 310 312 313 314 311 308 307 306 308 310 311 313 315 316 316 316 315 314 313 312 310 304 298 290 284 286 290 292 292 293 295 295 294 295 298 302 304 303 304 307 308 307 304 303 304 304 302 298 293 289 272 270 283 284 288 272 270 274 283 297 295 296 305 318 309 301 301 311 320 339 342 326 333 2 318 309 302 311 331 336
315 314 312 314 318 314 310 317 316 310 307 307 308 309 309 309 310 312 314 317 314 309 307 307 308 310 310 312 314 314 314 315 314 313 311 309 304 297 291 287 285 288 294 295 294 295 297 298 295 294 297 300 302 302 304 308 311 309 305 304 306 307 306 304 301 280 276 289 285 281 275 281 283 276 275 278 284 281 298 310 301 297 296 293 302 325 321 207 317 310 317 328 15 333 316 314
317 313 308 309 313 312 308 316 325 312 308 308 310 311 309 309 311 311 313 317 314 308 306 307 308 309 309 312 313 312 313 313 313 312 310 307 303 299 297 296 296 296 299 298 300 301 300 300 298 297 299 301 303 302 303 309 314 311 307 306 308 311 310 307 304 302 300 297 292 287 283 280 278 276 275 274 277 282 280 280 286 296 296 281 293 313 316 310 298 329 263 320 326 335 23 303
323 318 311 311 314 314 312 317 323 315 308 308 310 310 308 309 309 310 313 315 313 306 303 305 308 308 309 311 312 311 312 313 313 312 310 308 305 302 302 303 301 299 299 300 298 300 301 299 299 299 302 302 303 304 304 311 317 314 310 308 310 313 312 308 304 303 303 302 299 296 293 290 288 284 278 273 271 269 269 280 286 287 283 279 271 271 286 294 283 287 264 307 297 303 213 325
323 321 314 312 316 317 315 317 323 319 309 306 308 308 307 307 308 310 312 314 312 306 302 304 308 308 307 309 310 311 312 312 313 311 310 310 307 304 305 306 304 300 299 298 297 297 298 298 299 298 302 300 301 306 308 315 321 316 312 310 311 314 313 308 304 304 290 289 288 287 287 289 291 291 285 281 280 282 291 297 293 291 295 287 269 298 267 275 275 272 302 306 291 279 294 298
317 320 317 311 312 314 313 314 322 322 309 304 306 306 306 305 306 309 311 313 313 307 304 306 307 307 307 308 309 311 311 311 312 312 311 311 310 307 307 309 305 302 300 298 296 295 294 296 295 297 301 297 297 299 305 312 319 316 312 311 312 315 314 309 305 305 293 307 294 292 291 304 302 294 298 298 290 292 295 297 297 296 295 301 304 295 283 280 284 283 289 292 274 253 254 272
311 317 320 314 309 310 310 309 317 323 313 305 305 305 305 303 303 305 307 311 312 309 307 308 308 306 307 307 308 309 309 309 310 311 311 311 309 306 306 308 305 303 299 299 297 294 292 292 294 297 299 297 294 298 298 302 309 312 312 312 313 316 316 310 306 306 308 293 295 306 305 304 303 302 299 295 292 289 290 294 296 293 291 296 310 317 306 304 309 300 286 271 270 281 289 297
305 311 320 319 311 310 310 308 314 328 318 306 305 305 304 303 301 301 304 309 310 308 307 307 305 304 305 305 306 307 307 308 309 310 310 310 308 306 306 307 305 302 300 297 296 293 292 292 292 297 299 298 296 296 299 301 304 309 312 313 314 318 318 313 308 308 292 309 292 293 291 286 284 287 294 292 289 287 289 291 293 295 296 297 303 318 315 309 318 316 314 307 292 300 305 304
301 304 312 317 313 310 311 308 311 321 320 309 305 305 305 305 303 301 303 308 309 305 303 303 302 301 302 304 305 306 308 308 309 310 310 309 308 308 308 308 305 302 300 296 295 294 295 294 294 297 298 299 298 300 303 305 306 308 310 312 314 317 318 313 308 307 308 296 294 291 287 283 282 280 281 288 291 292 291 291 297 296 294 294 297 311 314 305 306 310 318 307 306 299 309 311
301 302 305 311 311 307 307 306 309 322 323 312 305 305 306 308 307 304 304 307 308 304 302 302 301 300 301 303 305 307 309 309 309 309 309 308 308 309 309 308 305 302 299 295 295 294 294 293 294 298 298 298 296 297 301 302 303 305 305 308 311 314 314 310 306 305 304 303 298 296 295 298 297 293 290 290 293 293 291 293 301 304 299 302 302 307 318 318 313 314 315 308 309 304 296 306
304 304 304 306 307 304 306 303 306 314 323 313 304 305 307 309 309 305 303 305 307 304 302 303 301 300 301 304 306 308 309 308 307 307 307 308 309 309 309 309 305 301 296 297 297 297 296 295 295 298 297 295 293 296 296 296 298 300 301 304 309 311 310 307 303 301 300 299 298 299 298 299 302 302 298 295 297 298 298 297 302 301 299 297 297 297 307 316 316 320 318 310 322 306 282 270
304 305 304 303 305 306 306 306 307 306 325 314 305 305 307 306 306 302 298 299 302 302 300 301 301 301 302 304 305 307 308 307 305 305 306 308 309 309 309 309 305 302 296 299 299 300 299 295 294 298 296 296 294 293 293 293 293 295 297 300 305 307 305 301 298 299 298 296 295 294 294 293 292 297 299 300 304 298 296 302 304 310 300 294 292 292 299 306 308 317 320 307 311 321 295 303
305 305 305 305 307 311 312 312 308 309 309 314 308 306 305 304 302 299 296 295 299 300 299 300 302 302 303 303 304 305 306 306 304 303 304 307 308 309 309 308 306 300 302 298 298 298 299 293 292 295 295 294 292 291 290 290 290 291 292 293 297 300 296 294 293 292 297 295 292 290 290 289 290 295 298 298 299 299 295 294 299 306 306 303 300 298 304 307 304 308 312 307 308 310 280 317
307 307 305 306 307 310 311 312 312 312 314 311 307 306 305 304 302 301 299 299 300 300 300 300 302 303 304 303 304 304 306 306 303 301 304 307 308 308 308 308 306 305 299 297 297 299 298 292 290 292 293 292 292 291 288 288 288 288 286 284 286 290 289 287 292 289 289 290 290 290 290 291 292 295 297 298 295 292 286 284 287 292 297 297 296 296 301 303 307 317 298 293 288 294 293 286
310 308 304 302 303 305 309 312 313 313 310 307 306 309 309 305 302 301 301 300 301 302 301 299 301 303 303 303 303 304 306 306 303 302 304 306 307 307 307 306 306 304 298 296 296 298 297 290 289 290 289 289 289 288 286 285 286 284 281 278 279 282 283 282 281 289 286 284 287 292 292 287 290 291 291 293 292 293 290 287 287 286 284 287 291 297 305 296 304 310 301 302 288 302 292 305
311 309 303 301 302 305 310 314 316 316 312 310 311 314 315 306 301 301 305 299 306 303 301 299 300 302 303 302 302 304 306 306 305 303 304 305 305 306 305 305 305 304 302 296 297 296 295 288 288 286 285 285 284 283 282 282 282 281 279 277 276 294 276 275 293 292 287 282 281 287 292 284 282 281 281 283 286 288 287 286 290 298 296 294 295 303 322 304 304 305 294 313 313 293 284 304
311 310 305 301 302 305 309 314 316 316 312 308 307 311 316 310 302 301 300 299 307 302 300 298 298 300 302 302 302 304 307 307 305 303 303 304 304 305 305 304 304 303 298 297 294 293 292 289 286 283 282 281 280 281 281 280 279 278 277 273 290 290 270 293 291 291 290 285 279 281 291 292 287 282 281 284 290 295 298 294 291 300 303 300 297 305 327 317 309 299 297 317 299 296 314 300
310 309 307 304 301 303 308 311 312 314 309 302 298 302 313 313 306 302 300 306 301 301 299 297 298 300 302 302 302 305 307 307 305 303 303 304 304 304 304 304 303 301 298 294 292 291 290 288 284 282 281 280 279 279 278 277 276 274 272 295 293 291 291 292 295 293 289 291 284 281 288 296 295 294 291 290 291 294 302 303 297 296 299 296 291 291 303 315 316 303 300 318 302 299 300 287
306 305 307 307 301 302 306 306 305 310 310 303 299 300 307 307 313 305 301 302 303 301 299 299 299 301 301 301 301 303 306 305 304 303 303 304 304 304 303 303 302 299 296 293 291 290 289 286 284 282 281 280 278 277 276 274 273 271 270 296 299 295 295 298 274 275 292 294 289 282 284 292 294 292 289 290 290 292 298 303 298 298 299 296 285 287 288 300 290 310 302 315 302 305 291 290
304 300 301 306 299 297 301 300 299 305 313 308 302 301 304 313 313 311 302 303 304 302 300 299 299 300 300 300 300 302 306 306 304 303 303 305 304 304 303 302 300 298 295 293 290 289 287 285 283 281 280 280 279 277 275 273 271 271 271 295 304 301 296 301 277 277 299 299 299 288 283 281 284 286 288 291 292 293 298 302 298 300 303 303 303 294 281 300 302 278 298 302 316 293 294 294
304 297 295 299 297 295 299 299 296 302 312 311 303 300 301 309 324 315 303 309 304 302 300 299 299 301 302 300 300 302 306 306 303 302 302 303 303 302 301 299 298 297 295 293 290 288 286 284 282 281 280 279 278 276 274 273 271 272 273 275 305 303 296 301 305 279 279 300 299 295 291 290 291 292 291 290 290 290 297 301 303 302 305 305 312 318 313 309 295 292 300 308 317 294 295 296
304 299 291 291 296 298 303 304 298 299 309 320 306 300 299 304 315 317 306 304 304 302 301 299 299 301 303 302 301 303 306 306 302 299 299 300 301 300 298 297 296 295 293 291 289 286 284 283 282 281 279 278 276 274 273 272 272 273 274 276 302 301 299 300 304 280 280 300 295 294 296 300 301 300 297 292 291 292 298 300 302 307 294 315 311 321 323 285 309 300 294 307 304 295 295 303
303 302 295 289 292 298 303 306 301 297 305 316 310 302 298 302 318 319 309 313 305 304 303 301 301 303 304 303 303 304 307 307 303 298 297 299 300 299 297 297 295 294 292 290 288 285 284 283 282 280 278 276 274 272 271 271 272 273 274 276 278 290 289 289 291 302 305 304 280 284 291 298 301 304 303 297 292 290 295 299 300 306 319 323 313 315 284 284 312 294 297 293 293 305 294 303
303 304 303 296 294 300 304 306 304 298 300 312 313 305 299 301 314 327 312 307 306 305 305 303 303 304 305 303 302 304 305 306 304 299 297 298 300 299 297 296 294 293 291 289 287 286 284 282 279 278 277 275 273 271 296 296 272 274 276 277 279 280 281 282 283 285 291 284 284 286 294 301 300 304 284 301 294 288 292 293 293 296 306 320 318 314 285 284 311 290 289 293 292 303 294 295
303 304 306 303 299 301 304 305 305 301 297 303 314 308 302 300 309 319 312 307 306 306 306 306 305 304 303 302 301 302 303 302 300 297 297 299 301 300 297 294 292 291 291 290 288 287 283 280 277 276 276 275 275 273 273 273 274 276 278 280 281 281 282 283 284 285 287 290 285 281 299 303 298 299 308 309 297 289 289 289 285 284 289 298 316 319 295 287 289 300 293 301 291 292 293 294
301 303 306 304 300 298 299 299 300 300 296 297 307 310 305 300 304 314 311 306 306 307 307 308 307 306 303 302 302 301 300 299 296 295 296 299 302 302 298 294 292 292 292 292 290 287 282 278 276 275 275 275 275 275 276 276 277 279 280 281 282 282 282 282 283 284 285 294 294 277 278 299 296 293 304 309 297 286 283 285 286 288 293 294 295 307 309 285 285 311 302 295 290 291 292 303
298 303 307 303 301 298 297 296 295 298 298 297 302 314 305 300 301 309 309 306 307 309 308 308 307 306 305 302 301 301 300 299 296 294 295 299 303 304 302 297 294 293 294 294 291 288 283 279 277 277 277 276 275 275 276 277 278 279 280 281 283 283 283 282 282 282 281 279 276 275 276 278 279 289 296 303 301 290 284 282 282 282 285 292 296 296 295 294 306 307 309 295 289 290 298 300
294 302 309 305 303 301 300 299 299 301 302 299 300 306 305 302 303 308 308 306 309 311 309 309 308 306 304 301 300 300 300 299 297 295 295 299 305 307 306 301 296 294 294 294 292 290 286 281 278 278 278 277 277 277 278 279 279 280 280 282 284 285 283 281 280 279 278 277 275 275 276 277 285 277 290 296 299 294 289 286 284 276 272 277 291 305 306 298 290 294 304 288 295 289 297 306
291 300 305 310 305 303 303 303 303 304 304 302 301 304 307 306 307 309 309 308 309 312 312 312 311 308 307 304 301 300 299 299 298 295 295 299 306 309 308 303 297 293 292 292 291 290 288 284 279 277 277 278 279 281 282 281 280 280 280 282 284 285 282 279 277 276 274 273 272 271 272 272 274 281 282 286 292 289 288 287 287 284 276 274 279 292 312 283 299 295 301 301 307 295 296 306
