examples/cougarCreek-fire/createInputs/farsite/7a-cougarCreek-polygonIgnit/cougarCreekFire_08-11-2015_0900_217m_non_neutral_stability_vel.asc
ncols	146
nrows	140
xllcorner	610065.000000
yllcorner	5095217.000000
cellsize	216.586807
NODATA_value	-9999.000000
[rows 35 to 69 of 140, columns 0 to 79 of 146]
10.26 8.69 8.27 10.74 3.84 6.44 18.91 21.48 22.30 21.97 19.84 17.00 15.35 14.98 17.44 11.07 10.08 8.24 7.58 15.57 20.85 22.83 22.60 27.71 24.66 26.85 30.08 38.17 51.41 58.29 47.00 30.40 12.02 9.61 14.79 16.41 16.92 19.12 21.20 23.80 25.73 26.26 28.50 30.77 30.54 32.55 34.94 35.24 32.78 25.47 27.05 28.87 32.01 32.32 29.32 28.08 26.77 21.64 17.25 23.85 22.50 21.30 15.36 14.28 12.91 12.72 12.40 12.66 13.46 14.44 15.95 17.24 18.29 14.49 16.94 16.40 17.25 18.11 18.75 18.93
9.21 9.84 10.89 12.92 6.04 6.81 10.33 22.87 22.20 21.52 19.24 16.52 15.89 16.85 17.97 20.15 21.24 23.47 23.50 21.86 20.33 20.37 23.23 23.54 25.51 23.94 26.95 38.88 52.45 54.59 39.04 24.52 11.33 6.43 12.67 15.49 15.74 6.14 9.88 12.61 14.26 16.17 20.07 30.07 31.37 33.73 34.39 34.67 37.13 27.39 28.81 29.01 31.66 33.46 32.39 30.99 30.00 26.54 22.24 20.08 18.58 17.72 16.47 19.19 15.10 14.32 15.10 16.09 16.89 19.13 17.16 17.30 15.47 11.83 9.92 10.87 12.00 12.82 14.72 14.28
10.89 11.40 12.27 15.18 17.63 16.41 20.58 20.75 20.70 17.37 14.89 16.41 17.46 17.28 14.00 14.23 16.93 16.54 14.91 12.92 12.79 15.46 20.13 23.70 21.92 19.86 27.56 40.91 55.53 58.92 45.43 18.40 5.25 4.28 14.18 18.64 20.64 21.99 23.02 24.49 16.26 25.07 19.35 22.72 25.80 20.29 21.17 30.64 37.01 37.37 37.75 30.52 31.74 33.52 32.51 33.16 31.20 28.38 25.54 23.03 19.76 17.17 14.32 12.39 11.63 11.58 11.90 12.38 12.92 13.61 14.06 14.54 18.80 13.17 12.67 12.79 13.07 13.51 13.92 14.47
6.35 7.07 13.96 15.73 17.82 16.49 13.58 13.07 17.88 15.27 17.08 15.12 14.78 13.53 12.69 13.31 14.04 13.63 13.03 14.19 15.25 14.23 17.05 22.08 23.60 21.24 28.38 44.04 58.24 67.58 61.29 31.23 0.88 6.57 13.06 15.95 16.36 17.00 18.37 26.57 29.35 28.45 17.45 18.63 17.95 19.35 21.11 20.77 34.11 35.83 41.55 39.69 40.79 34.68 34.24 34.18 32.48 30.76 26.46 24.56 22.69 20.68 17.71 14.06 9.45 9.57 7.41 7.43 7.37 7.44 7.37 8.00 10.29 12.41 13.49 14.19 14.84 14.85 14.39 13.90
6.60 10.99 13.34 15.06 16.62 17.27 12.98 14.21 15.65 17.49 16.64 15.49 15.86 14.94 14.94 14.80 14.33 13.05 11.53 11.44 11.96 13.85 17.13 23.39 22.84 21.43 27.67 40.41 55.82 67.91 70.78 43.19 10.35 7.66 13.77 16.34 20.68 24.99 26.67 21.64 19.49 27.58 19.80 21.70 28.59 33.43 36.02 37.18 37.83 39.41 40.22 41.21 39.90 41.68 43.72 36.87 33.85 30.05 27.02 24.38 21.68 19.20 17.72 15.61 13.11 11.88 11.78 11.21 10.72 9.38 8.52 7.65 8.87 9.65 10.36 11.95 13.10 13.72 14.70 14.08
2.12 8.72 10.71 12.93 10.64 11.91 10.36 14.04 15.97 15.53 17.42 17.40 18.88 17.89 16.51 14.87 13.25 11.08 10.00 11.70 13.83 16.93 21.13 22.17 19.27 19.17 25.17 35.93 44.22 62.18 69.32 44.84 17.86 9.88 13.43 16.45 18.18 22.21 28.71 23.01 23.84 23.35 22.70 20.67 21.33 21.89 23.88 26.08 26.39 39.36 40.23 40.17 41.45 40.15 28.75 28.91 39.75 37.37 20.96 31.66 29.60 19.97 17.36 16.69 15.02 15.54 14.78 12.41 12.11 11.64 11.11 11.47 12.37 11.35 10.73 10.55 10.98 11.30 12.94 14.41
2.42 1.86 7.92 11.56 9.64 10.81 8.43 14.32 16.19 18.03 18.84 18.60 17.75 14.96 12.78 12.29 10.36 9.07 9.59 13.87 17.56 21.40 24.17 17.33 14.73 17.18 25.94 34.08 39.14 58.57 69.02 52.02 25.04 14.39 14.73 15.03 18.42 20.48 23.36 28.74 29.70 30.33 30.90 31.22 32.06 29.97 25.33 25.94 33.64 35.07 37.38 35.19 29.74 37.63 38.95 38.47 34.41 31.88 22.04 20.25 25.41 19.48 19.40 19.70 18.40 17.52 17.22 16.99 16.14 16.05 15.18 14.57 12.29 13.74 14.44 14.70 13.03 12.88 12.21 13.25
4.13 10.28 12.00 13.58 18.10 10.76 14.17 15.84 17.30 18.67 19.85 20.22 17.64 13.10 10.25 9.08 8.46 10.25 13.44 15.63 20.52 24.60 19.88 12.85 13.70 17.85 28.62 34.85 40.26 56.80 72.39 67.12 47.52 26.90 16.74 13.74 17.42 20.55 23.32 26.29 29.41 29.23 29.70 30.55 33.70 35.91 37.89 37.83 37.02 28.25 37.84 36.39 32.60 33.50 33.40 27.01 25.05 25.85 24.86 26.16 19.15 21.14 24.34 25.90 18.20 15.90 14.37 12.85 11.75 10.27 10.30 10.91 10.78 12.78 14.88 16.85 19.16 17.14 12.34 12.25
3.42 5.61 15.05 6.41 11.70 10.27 16.77 15.67 17.72 22.32 22.32 16.57 9.48 7.10 5.89 7.87 8.42 10.37 12.47 17.51 22.84 20.18 14.49 12.13 13.29 20.63 29.84 32.57 38.82 52.25 66.86 66.60 59.05 47.42 33.79 19.82 18.57 21.09 22.07 22.92 25.46 28.59 29.85 30.69 32.32 33.69 33.96 34.19 37.55 39.01 39.53 39.82 38.27 36.60 35.03 34.02 33.32 32.57 34.86 29.38 23.02 17.72 19.21 19.71 17.44 15.62 14.28 13.34 12.02 11.73 11.24 11.46 12.26 13.26 14.31 15.82 16.25 16.37 15.92 11.76
3.11 4.10 6.88 18.46 15.02 12.58 16.97 16.44 19.57 20.35 15.15 7.78 5.57 8.55 7.63 9.85 6.67 8.41 11.88 17.49 22.09 18.35 14.97 12.77 14.10 21.60 26.61 27.10 35.20 48.75 60.67 58.96 57.99 52.20 42.81 33.45 23.46 22.46 21.59 22.31 23.02 24.41 25.56 24.17 25.46 27.94 31.28 31.35 34.93 36.80 38.67 40.02 41.01 39.16 38.77 38.09 29.76 22.33 21.45 22.00 21.12 20.63 21.73 21.67 21.05 20.39 19.27 17.85 17.71 18.10 18.69 19.06 19.60 19.68 18.45 16.91 16.20 16.33 14.56 15.39
14.92 17.53 16.10 15.07 13.58 15.21 13.25 16.29 18.39 12.12 10.58 6.20 10.33 11.12 10.41 9.98 8.70 10.24 13.44 19.32 22.20 19.50 15.17 11.95 13.88 18.88 21.44 22.83 31.30 47.65 55.62 52.34 52.20 50.49 43.92 35.16 27.88 24.42 21.46 22.84 21.22 15.90 17.20 19.31 20.79 23.95 25.81 25.08 31.37 35.70 38.87 38.92 36.48 33.27 30.12 28.21 24.80 22.50 20.74 22.12 23.29 24.14 24.56 23.92 22.47 20.82 21.87 20.82 20.69 22.15 24.21 22.71 22.19 21.95 20.88 19.21 18.19 17.75 15.65 12.58
8.34 10.44 11.47 11.34 13.16 15.33 11.46 11.37 10.42 8.51 8.00 9.40 12.53 10.83 10.96 10.57 10.75 13.46 15.55 20.63 22.56 18.66 12.51 8.84 11.85 14.97 18.26 21.99 33.43 49.08 51.78 49.46 48.52 47.73 41.88 31.22 26.95 27.53 26.09 21.42 19.38 19.51 19.74 19.01 17.69 26.37 23.48 23.09 29.50 29.15 25.55 28.16 29.15 27.80 26.75 26.01 26.53 27.28 25.78 24.84 24.40 24.36 24.22 23.09 20.99 20.33 16.89 17.24 20.44 16.64 15.29 15.01 15.12 17.77 18.05 17.91 14.38 14.80 13.77 10.02
11.74 11.82 10.35 14.84 15.01 13.72 7.43 9.96 11.10 9.53 10.52 12.18 12.62 12.85 13.92 14.90 4.63 6.79 17.32 20.36 21.26 14.31 10.27 11.17 13.49 14.57 16.29 22.20 33.93 44.97 48.70 47.35 44.58 46.26 39.57 27.48 22.95 27.73 28.32 27.96 21.64 21.57 19.71 17.07 24.17 17.40 19.82 24.47 18.44 20.86 23.36 25.93 27.34 27.52 28.27 29.31 30.06 29.78 27.12 24.28 25.09 24.23 23.94 23.24 19.21 15.87 16.09 15.52 11.72 9.54 7.51 11.32 12.52 13.70 14.22 13.83 8.20 7.95 7.61 8.16
13.77 12.93 10.79 11.32 7.37 6.30 5.46 12.46 13.85 12.89 13.90 12.21 12.26 13.80 13.63 7.37 8.59 9.96 18.67 19.08 19.27 13.24 11.87 14.12 12.59 13.60 16.36 22.57 31.76 42.19 44.83 44.71 41.39 46.81 37.06 28.87 20.09 26.26 26.78 31.92 25.74 15.84 14.49 13.72 22.60 22.86 26.22 18.16 19.39 21.06 24.14 27.47 27.26 26.68 28.21 29.12 27.91 27.00 25.18 22.43 20.91 19.92 19.29 18.83 17.44 14.11 9.46 6.25 9.55 9.61 10.75 15.65 12.47 13.11 15.23 11.95 10.98 4.37 10.96 6.50
15.14 14.21 12.06 8.95 3.99 10.15 13.49 15.66 14.53 15.17 13.60 13.41 13.91 13.56 10.40 16.56 14.07 14.26 11.67 15.75 16.98 14.12 13.65 11.83 10.37 13.39 15.59 20.94 28.50 31.55 42.91 35.20 38.96 44.16 37.97 29.94 17.29 25.01 25.38 29.41 12.57 24.88 10.00 12.32 14.51 26.86 21.29 24.03 24.81 26.37 28.48 28.85 27.12 25.45 25.38 24.45 23.60 23.56 22.57 22.48 20.84 19.87 19.37 17.93 19.78 17.19 14.21 12.91 16.45 15.43 14.72 10.66 11.62 11.28 9.88 9.42 9.77 10.08 1.09 3.32
16.83 14.96 10.82 5.82 13.32 14.66 14.33 14.95 14.97 15.20 17.33 17.98 17.69 19.50 16.35 11.74 10.96 10.30 11.11 14.59 15.55 13.87 12.20 9.83 10.61 12.34 14.73 18.31 20.60 30.09 38.74 31.06 36.19 43.06 40.31 31.20 20.32 25.70 24.15 24.78 24.64 22.81 23.42 17.38 14.02 17.41 23.98 26.40 28.49 29.32 28.10 25.64 24.68 23.29 21.61 21.35 21.41 20.05 21.77 23.61 21.15 19.92 19.10 18.19 16.03 13.09 10.58 8.96 6.83 5.08 5.08 5.53 5.80 10.89 10.22 7.92 1.81 2.17 1.13 6.76
17.82 14.66 8.15 13.73 15.41 14.76 14.46 15.34 15.20 17.93 16.76 11.28 20.44 18.12 11.91 10.38 9.92 11.02 12.18 14.77 14.81 15.08 13.88 12.04 12.97 13.46 15.12 18.06 23.20 29.34 34.36 28.81 34.83 42.71 39.43 29.62 24.64 27.35 24.75 23.23 21.09 20.64 21.29 24.65 22.21 23.47 19.45 21.67 24.38 25.11 23.70 22.09 21.63 19.87 17.71 18.59 17.45 14.86 19.79 22.58 23.10 21.11 17.18 18.10 17.44 15.59 17.03 11.62 20.72 13.06 9.87 13.13 13.71 11.93 10.79 3.16 2.85 2.47 0.94 5.26
17.04 13.95 9.44 15.04 13.95 14.00 14.98 15.51 15.49 19.40 22.24 17.92 10.77 8.95 8.71 10.13 11.53 12.15 12.81 14.46 14.21 15.14 13.91 4.04 15.52 12.73 12.35 17.08 25.07 32.55 29.80 26.27 33.91 43.15 36.26 25.86 25.44 26.88 24.96 24.40 20.84 19.30 18.90 22.23 28.79 25.95 25.47 21.31 22.82 23.04 22.23 21.61 20.18 18.18 16.60 15.34 14.77 14.79 17.23 21.16 21.67 27.08 18.66 17.03 18.41 17.44 15.43 14.78 15.96 13.71 10.17 9.56 9.95 9.97 8.84 6.78 5.88 6.02 5.67 5.44
15.91 12.74 15.41 16.69 15.69 13.66 13.09 13.61 16.76 20.32 17.85 13.04 7.14 8.89 11.84 13.53 13.36 13.69 13.04 14.15 12.77 14.14 11.24 11.60 15.06 10.54 14.75 22.30 27.47 29.27 26.01 27.62 31.93 44.16 34.71 24.64 22.70 21.63 19.29 17.51 18.79 18.14 17.86 20.59 24.98 29.36 32.17 29.63 28.59 23.79 21.05 20.20 18.78 16.89 15.88 14.80 13.87 15.31 17.23 19.65 20.58 19.94 17.21 17.20 18.16 16.70 15.25 16.09 16.95 15.58 12.78 10.86 9.65 9.91 11.39 11.64 15.98 12.96 12.02 7.36
14.86 11.91 15.64 14.42 12.32 9.72 14.77 16.20 18.70 20.06 12.61 8.18 10.71 14.02 14.02 14.13 13.97 14.57 14.71 14.58 13.16 13.52 13.74 13.99 13.93 14.34 17.83 19.94 24.75 28.62 25.51 24.83 29.65 43.41 33.76 24.86 31.43 31.25 23.45 22.68 25.73 23.38 17.58 16.57 20.26 26.59 30.28 32.26 32.71 32.79 25.08 21.14 18.11 16.86 15.82 16.31 17.30 18.06 17.94 18.83 20.50 19.75 17.38 17.98 18.09 16.23 13.78 13.98 15.32 17.00 22.34 18.63 9.13 9.48 8.64 10.47 9.50 7.83 5.63 6.58
13.51 10.57 12.99 12.73 6.04 11.37 15.55 18.08 13.77 11.63 7.38 3.79 15.32 14.46 13.70 12.59 13.27 13.57 12.70 11.81 10.74 11.71 12.39 13.10 14.12 15.52 17.75 20.25 24.50 28.08 26.15 20.80 28.43 40.18 33.58 22.63 29.31 25.49 27.84 30.13 30.12 31.03 22.97 16.51 13.27 14.88 25.42 30.86 31.56 30.75 31.08 25.13 19.57 17.77 17.49 18.17 18.76 18.46 18.78 19.92 20.94 22.60 25.15 25.84 17.39 15.77 22.39 18.16 21.64 13.94 13.91 11.54 18.90 11.66 10.44 9.00 6.57 10.64 14.91 7.31
12.26 9.03 10.40 11.62 12.16 16.99 19.36 16.80 6.96 7.05 3.07 16.77 6.97 16.53 14.56 15.68 14.04 14.93 12.73 10.25 10.13 11.14 13.42 13.08 13.94 16.67 18.25 20.97 25.81 25.79 24.61 24.15 28.54 38.90 31.87 19.43 26.71 22.80 25.83 27.48 29.30 29.67 30.95 20.13 17.18 14.72 14.92 17.76 20.69 31.27 30.74 26.38 24.67 18.55 19.17 21.10 19.28 20.61 22.82 24.56 23.69 20.65 17.86 16.73 16.53 15.78 21.17 12.69 12.81 12.62 12.39 17.25 18.80 19.64 9.00 6.78 2.86 2.56 4.49 7.17
10.53 6.08 9.48 11.83 15.89 17.71 13.27 10.85 9.80 13.01 16.37 19.63 16.90 17.62 16.42 16.98 18.38 20.15 8.09 8.55 10.99 12.50 13.60 12.32 13.70 15.92 16.40 20.26 25.30 25.31 24.65 21.55 21.76 31.42 28.35 16.47 26.39 23.74 21.02 28.54 29.53 29.24 31.49 29.37 22.83 18.76 15.91 15.77 17.03 18.53 20.93 32.64 21.66 23.26 21.61 28.96 30.24 19.98 20.72 19.98 20.35 22.15 17.01 16.50 15.65 15.62 15.26 14.60 14.13 13.75 13.22 12.90 21.10 9.60 7.47 5.70 3.35 2.71 4.94 13.92
8.88 6.04 10.68 6.01 3.54 7.93 14.19 6.13 8.41 19.52 16.57 19.46 18.16 19.87 17.64 9.60 9.38 12.75 10.52 1.68 11.35 13.39 11.66 9.81 13.36 13.60 15.09 21.60 23.02 24.05 21.38 13.84 18.43 28.16 28.96 18.40 25.57 23.13 15.50 30.67 27.55 26.82 28.54 32.15 30.17 21.61 20.80 19.18 17.86 16.86 17.63 19.07 22.57 23.98 29.08 19.57 16.19 17.19 15.06 14.53 18.66 20.34 20.21 20.56 20.90 21.33 14.78 14.94 14.18 13.28 12.86 18.63 10.19 8.82 7.12 5.72 4.85 4.94 13.08 13.16
7.24 4.90 5.77 1.74 5.92 15.72 7.21 8.18 18.76 18.89 19.07 21.47 21.20 8.57 7.83 8.01 14.62 15.28 8.88 4.70 9.36 8.91 6.39 10.29 12.07 11.22 15.28 20.94 22.52 22.90 11.55 14.00 24.52 30.29 34.11 21.51 21.20 26.94 27.44 23.46 26.14 28.83 23.85 28.77 29.33 32.02 31.47 29.13 20.14 19.02 17.10 14.78 13.99 14.00 13.00 12.63 13.44 13.82 13.44 13.23 12.98 13.19 13.96 14.23 13.88 13.45 20.58 20.91 20.30 17.96 11.01 10.42 8.95 7.95 7.18 6.39 5.87 5.87 13.37 11.19
5.70 3.57 9.98 11.30 14.87 9.04 4.66 16.16 18.14 11.92 11.91 11.51 9.09 9.26 8.75 15.03 18.59 14.05 6.40 4.70 8.91 9.69 9.51 11.75 11.00 10.31 15.40 19.54 21.37 19.77 11.20 21.27 24.96 28.09 33.54 24.55 16.13 25.77 26.82 26.71 23.01 28.17 27.84 28.19 30.00 26.84 27.43 15.38 16.26 15.64 26.74 17.15 14.63 14.21 13.48 12.43 11.69 11.47 11.11 10.64 10.91 11.48 12.05 12.29 12.19 17.17 15.74 11.79 11.22 10.20 9.94 9.67 8.64 7.72 7.13 6.77 13.85 13.15 5.00 4.08
4.53 7.77 10.18 9.67 10.52 6.52 4.63 16.21 9.79 9.91 9.56 8.72 6.23 9.74 14.76 19.11 17.50 10.02 5.09 5.03 7.88 9.38 10.68 7.53 8.95 10.71 15.60 17.71 17.80 19.26 20.29 22.14 24.86 26.37 29.01 27.69 16.56 24.61 27.29 26.89 24.31 25.60 26.21 25.02 27.14 27.21 29.58 30.10 11.61 26.93 26.15 27.76 28.98 26.11 14.93 13.62 12.30 11.39 10.54 9.53 9.05 9.26 9.58 9.97 9.93 9.58 9.36 9.14 9.23 9.53 9.60 9.22 8.42 7.57 13.68 13.07 5.96 5.48 5.05 4.51
7.12 11.15 11.34 9.49 9.55 11.40 13.69 11.25 7.46 5.96 7.03 6.35 9.58 13.71 18.24 19.08 13.35 6.52 5.26 11.41 9.15 8.44 10.67 10.16 10.35 11.18 13.84 16.45 18.26 20.17 20.54 22.06 13.79 27.42 24.79 26.79 25.41 23.96 26.77 24.51 24.88 23.44 24.76 25.13 26.01 27.16 25.59 26.13 25.43 24.41 23.87 26.42 27.09 14.25 14.55 13.11 11.84 10.69 9.82 9.36 8.94 8.51 8.03 7.83 8.24 8.63 8.63 8.55 8.64 8.94 8.78 8.01 7.23 6.52 13.06 5.86 5.78 5.59 5.40 5.07
10.73 8.62 8.13 9.64 10.86 9.24 6.99 4.48 4.87 5.94 9.86 11.25 13.07 16.95 19.93 17.08 8.95 5.04 4.93 11.45 11.13 11.35 12.06 12.15 10.31 11.26 13.42 16.25 18.26 20.32 21.65 10.87 13.12 25.26 20.50 26.07 26.21 26.63 26.27 24.67 23.84 23.03 25.71 24.24 24.50 26.36 26.38 26.77 26.12 24.47 25.82 25.96 29.42 12.90 13.18 11.88 10.40 9.13 8.52 8.48 8.48 8.41 8.33 8.38 8.78 9.40 9.66 9.43 8.65 7.83 7.38 6.79 6.01 5.09 11.53 4.86 5.14 5.38 5.60 5.57
3.87 5.71 6.73 5.82 4.92 4.32 3.25 5.03 7.55 11.93 13.98 14.40 16.16 19.75 19.01 12.77 6.32 6.92 6.74 12.59 13.18 14.37 12.61 12.35 10.77 12.18 12.32 16.39 17.98 19.82 16.72 21.06 18.16 25.38 22.06 25.46 27.08 24.14 24.70 24.60 24.79 21.87 18.96 24.87 23.66 23.80 26.81 25.17 15.02 26.24 22.95 23.90 25.56 27.69 12.48 11.82 9.86 8.45 7.66 7.51 7.82 8.10 8.06 8.10 8.47 9.02 9.20 8.60 7.60 6.86 6.52 6.05 5.49 4.49 3.77 3.91 4.39 4.86 12.11 12.57
0.62 5.97 5.25 5.01 3.26 1.23 2.54 6.37 10.60 13.40 14.90 16.89 18.29 17.72 12.74 6.68 5.37 8.13 13.69 13.49 7.89 12.70 12.62 14.56 12.35 10.51 10.91 8.60 19.12 18.70 18.16 20.03 20.52 22.45 22.24 24.26 25.02 24.25 25.67 23.64 23.79 21.46 17.97 23.29 22.86 24.51 23.63 23.00 14.21 13.47 25.72 22.30 23.98 25.48 12.25 12.02 9.66 7.88 6.78 6.74 7.36 7.60 7.63 7.69 7.85 7.95 7.65 6.99 6.62 6.42 6.05 5.48 5.17 4.55 3.17 2.76 3.11 3.07 2.71 2.11
5.59 4.26 3.99 2.39 3.26 3.82 6.06 8.97 11.24 12.78 14.58 16.66 16.50 12.40 7.05 2.97 6.31 8.62 11.74 14.51 16.20 7.66 13.90 16.08 12.04 8.90 3.54 7.96 10.36 11.15 16.86 16.88 19.87 21.59 23.30 24.00 22.49 25.28 24.88 14.10 21.33 22.52 16.08 18.17 20.82 23.36 23.25 22.90 26.35 9.50 13.20 22.65 24.88 14.74 11.71 11.85 9.81 7.70 6.53 6.43 6.85 7.21 7.51 7.56 7.57 7.40 6.85 6.13 5.77 5.82 5.47 11.15 11.23 4.57 2.79 9.25 1.32 2.26 2.32 1.82
2.79 2.47 2.38 2.70 5.25 7.14 8.58 9.91 10.99 12.04 13.77 13.54 12.17 9.51 6.59 2.75 7.76 8.57 13.77 15.15 12.01 4.84 7.96 16.67 13.89 8.61 3.54 7.60 18.27 19.54 17.84 18.67 19.19 20.59 23.57 23.52 21.62 22.91 24.81 13.91 23.21 23.30 11.16 8.59 10.91 20.64 22.67 24.15 21.03 13.46 11.77 22.15 24.91 23.54 10.81 11.36 10.42 8.44 7.25 6.49 6.25 6.32 6.58 6.71 6.90 7.11 6.88 6.16 5.61 5.08 11.11 11.27 11.22 4.65 3.42 2.54 3.25 3.13 1.78 0.82
2.60 2.49 0.32 3.90 7.30 9.02 11.11 10.06 10.42 11.01 11.19 10.05 8.97 7.66 6.04 2.98 8.21 14.30 13.91 16.29 12.52 11.55 15.08 13.63 13.30 2.67 3.23 8.36 16.37 18.18 19.36 16.19 20.62 20.44 21.25 21.48 23.18 23.91 23.59 14.27 22.72 16.42 12.42 10.56 9.14 9.03 13.48 19.73 18.51 23.49 18.87 20.89 22.24 19.55 22.14 15.45 10.66 9.29 7.75 6.53 5.10 4.66 5.09 10.64 6.52 7.11 7.12 6.50 5.52 4.43 3.97 3.99 11.52 4.11 12.24 2.83 1.84 0.85 7.32 6.92
4.20 3.23 3.56 5.08 8.69 9.74 9.52 9.46 9.47 9.77 9.43 7.95 7.54 6.74 5.66 2.85 9.33 14.02 15.13 16.03 13.88 12.89 12.97 12.85 12.86 2.11 1.68 9.05 17.87 18.54 19.83 19.74 17.09 19.57 21.50 20.89 21.48 21.04 23.76 14.33 15.58 13.12 20.34 12.33 10.21 9.52 13.92 20.35 20.15 21.07 20.65 21.47 21.58 19.92 13.02 22.85 15.03 9.64 7.07 6.23 4.99 3.39 3.70 5.00 6.26 7.07 7.34 6.96 5.91 4.62 4.18 4.03 11.12 3.53 2.93 11.72 7.56 6.93 2.73 3.47
