examples/cougarCreek-fire/createInputs/farsite/7a-cougarCreek-polygonIgnit/cougarCreekFire_08-13-2015_0500_217m_non_neutral_stability_vel.asc
ncols	146
nrows	140
xllcorner	610065.000000
yllcorner	5095217.000000
cellsize	216.586807
NODATA_value	-9999.000000
[rows 0 to 35 of 140, columns 0 to 80 of 146]
7.74 6.45 7.16 6.14 6.83 5.73 7.77 9.12 9.55 9.06 8.06 7.22 6.35 5.47 6.14 5.93 5.90 6.69 7.64 9.15 10.63 11.85 12.46 11.82 10.10 8.53 8.36 9.44 10.67 10.50 9.12 7.17 11.49 14.22 17.01 20.27 23.11 24.14 23.93 24.00 25.18 26.37 28.07 31.35 34.60 36.19 35.80 35.00 34.82 36.59 33.84 35.62 33.87 37.16 36.33 37.11 37.82 31.71 27.57 29.02 27.56 31.86 26.65 26.38 25.30 31.48 23.52 24.85 25.54 26.47 25.03 21.78 20.47 21.03 22.27 20.48 15.94 18.07 20.91 20.99 21.78
7.74 6.45 7.16 6.14 6.83 5.73 7.77 9.12 9.55 9.06 8.06 7.22 6.35 5.47 6.14 5.93 5.90 6.69 7.64 9.15 10.63 11.85 12.46 11.82 10.10 8.53 8.36 9.44 10.67 10.50 9.12 7.17 11.49 14.22 17.01 20.27 23.11 24.14 23.93 24.00 25.18 26.37 28.07 31.35 34.60 36.19 35.80 35.00 34.82 36.59 33.84 35.62 33.87 37.16 36.33 37.11 37.82 31.71 27.57 29.02 27.56 31.86 26.65 26.38 25.30 31.48 23.52 24.85 25.54 26.47 25.03 21.78 20.47 21.03 22.27 20.48 15.94 18.07 20.91 20.99 21.78
7.38 7.72 8.45 5.62 7.56 9.09 8.39 9.55 11.88 10.03 8.09 5.58 7.60 3.78 4.68 4.18 4.36 6.50 7.66 9.49 11.03 12.19 12.40 11.54 10.21 9.53 3.75 5.03 10.34 10.41 9.65 4.29 11.13 13.23 18.05 21.27 16.21 23.21 24.46 24.71 26.49 28.52 26.95 29.04 34.26 35.52 35.83 33.26 35.95 36.13 33.25 29.75 32.38 36.99 34.43 33.05 33.44 30.04 27.85 29.97 34.83 27.31 27.39 31.45 32.26 30.63 23.75 25.29 34.32 24.54 21.43 19.04 24.89 20.57 22.23 33.04 34.05 15.13 18.63 19.52 21.01
2.16 6.30 8.28 6.71 5.77 7.16 8.95 10.43 11.82 11.27 9.27 6.91 7.68 5.99 2.13 3.37 4.17 6.51 7.44 9.47 12.02 12.97 11.74 11.90 10.95 9.66 5.86 5.56 10.38 10.74 9.04 8.04 9.39 11.56 13.54 16.08 17.42 20.20 22.69 22.55 24.41 25.80 26.75 29.32 29.58 31.91 29.18 25.74 28.81 30.28 31.29 32.67 34.74 35.18 30.49 26.29 27.33 17.10 19.76 23.25 24.40 22.20 21.05 27.01 25.79 18.08 24.14 24.15 33.69 20.14 31.23 24.56 18.02 20.06 21.22 30.67 29.23 12.07 15.84 18.02 20.27
4.09 8.41 7.56 7.50 6.03 7.57 7.89 10.09 10.54 12.15 12.47 10.49 12.79 10.49 6.82 3.12 4.34 7.84 8.35 9.43 12.31 13.58 13.73 7.20 11.98 11.23 9.47 4.86 8.46 10.36 11.35 11.91 10.90 14.14 15.41 16.74 18.47 20.27 25.11 26.37 26.60 26.38 29.00 30.76 30.42 30.98 27.23 26.13 29.67 33.21 35.10 34.50 33.67 31.10 29.31 25.75 20.72 16.68 16.77 25.89 22.97 24.68 22.03 28.11 20.37 22.18 22.58 22.03 18.97 30.48 24.08 16.27 17.95 19.48 31.43 29.55 9.27 10.27 14.21 17.06 19.42
2.42 8.33 6.41 8.44 6.01 6.01 7.49 9.19 10.23 11.96 13.47 13.39 12.83 13.09 8.78 7.74 4.10 9.15 10.36 11.82 12.30 13.20 13.13 7.76 7.30 12.16 10.54 6.68 10.56 13.23 14.52 13.18 12.14 15.87 16.83 18.42 20.05 21.62 25.02 26.57 25.55 25.94 30.04 31.43 29.25 29.60 29.72 30.06 34.10 36.14 33.60 31.24 31.65 27.82 24.42 18.99 13.08 17.70 25.53 17.57 24.97 25.07 25.02 25.40 20.49 20.72 29.75 26.64 29.22 19.51 16.35 17.11 20.79 17.39 14.98 10.97 26.10 10.52 13.74 15.96 18.31
6.84 8.57 5.31 6.70 7.13 6.08 7.29 10.24 11.01 10.82 12.88 14.52 12.55 15.00 13.36 9.70 4.36 8.16 11.69 12.42 12.22 12.20 12.18 12.17 7.18 14.27 8.90 10.50 13.10 16.15 16.08 12.78 14.61 18.69 18.01 19.31 21.53 21.62 24.25 24.30 24.28 26.73 30.10 30.97 29.40 32.65 33.42 34.82 31.09 30.40 28.16 26.71 28.04 25.36 18.05 17.03 16.57 15.56 20.58 22.54 23.55 25.20 25.97 15.24 17.40 25.83 28.40 27.07 21.18 16.24 21.24 27.18 14.80 14.46 12.63 27.61 9.36 11.76 13.60 14.97 17.01
8.62 8.45 7.08 6.74 6.71 5.81 6.80 9.57 11.43 12.42 12.50 14.15 13.44 13.51 12.57 11.86 7.27 7.35 8.76 12.44 12.42 12.73 13.27 13.54 8.35 14.90 14.62 10.89 14.07 18.32 16.28 13.84 18.11 19.85 16.68 19.01 21.46 21.61 21.93 22.73 24.11 26.70 27.58 28.68 31.95 35.06 33.83 29.67 28.46 26.60 27.48 24.23 22.77 19.39 18.06 20.38 17.94 18.62 21.95 22.95 23.58 25.99 21.32 20.65 23.18 26.36 25.00 24.12 16.49 21.40 15.11 13.15 27.90 24.56 11.69 19.00 10.15 12.26 13.51 14.44 15.61
8.17 7.64 3.79 4.52 6.56 6.44 6.63 7.64 9.49 10.88 11.29 14.26 15.37 11.42 15.18 13.67 10.86 6.93 8.52 12.44 12.79 13.40 14.72 14.62 7.16 14.49 14.93 12.17 14.36 17.54 17.11 15.59 18.84 17.86 14.78 18.78 21.57 20.88 19.77 21.36 25.52 27.60 26.31 27.73 32.81 32.10 29.22 26.40 25.16 23.69 21.90 24.34 24.15 20.73 19.48 18.02 16.39 19.78 22.55 23.12 21.76 17.24 15.47 18.25 24.13 23.82 23.69 21.32 19.47 25.51 13.06 26.13 13.52 13.56 22.05 23.74 10.55 12.83 14.12 14.32 14.25
7.62 6.62 4.07 4.90 6.07 8.52 9.33 9.23 9.84 10.84 11.42 12.44 13.86 13.00 9.50 12.50 10.88 10.17 6.23 11.34 12.65 12.73 13.69 13.97 13.64 10.15 15.99 13.85 13.51 17.19 18.43 15.59 16.79 15.87 14.86 18.73 21.08 20.25 21.60 25.09 29.73 30.67 28.01 30.18 32.82 28.98 24.41 22.09 22.95 22.73 23.81 24.00 21.91 17.88 15.40 14.67 16.80 18.54 20.55 17.80 12.16 20.43 20.66 23.66 23.21 22.05 21.82 20.37 20.88 22.94 20.51 12.68 14.10 19.92 23.17 9.41 11.67 14.54 15.23 14.18 13.22
5.54 6.03 5.41 2.62 3.86 6.94 10.22 11.39 12.05 12.60 12.68 12.73 13.13 14.10 15.65 14.39 12.63 10.21 5.30 8.42 11.58 8.93 12.24 13.22 13.97 10.15 16.67 14.23 13.87 18.44 18.89 14.85 16.43 15.95 14.37 17.40 19.81 21.35 24.50 28.23 32.35 32.37 30.70 32.81 31.29 26.10 23.29 22.03 23.49 23.63 20.94 19.64 14.29 8.77 9.22 13.66 15.71 15.49 15.59 10.08 14.64 17.94 24.45 24.01 19.97 19.00 20.85 19.82 20.09 21.60 18.61 15.07 17.86 16.06 15.71 10.20 13.36 15.98 15.16 13.16 11.94
7.87 4.32 4.81 3.48 1.26 3.64 8.64 11.97 12.63 12.66 13.35 13.50 12.83 13.47 12.46 11.60 14.22 10.93 7.10 6.99 10.66 7.52 11.09 12.60 13.73 11.44 15.74 13.04 14.24 18.88 17.72 14.18 15.60 14.19 13.67 16.74 19.58 22.57 25.51 28.66 33.06 33.52 31.91 28.13 25.56 22.95 21.53 20.99 22.69 22.06 19.95 14.35 8.16 7.17 11.32 16.09 15.14 14.68 13.26 13.16 14.84 22.71 23.71 21.92 20.69 23.17 13.51 12.22 11.60 11.36 18.70 15.55 12.59 15.39 10.09 11.47 14.68 15.88 13.72 11.67 10.49
2.39 2.45 2.90 3.51 1.25 1.90 6.30 11.53 13.83 14.08 13.97 14.56 14.53 13.08 15.19 13.93 12.27 5.85 7.67 6.44 7.34 6.19 5.29 10.69 12.18 13.96 15.11 13.22 15.17 19.21 16.75 13.92 13.44 15.97 13.83 16.92 20.27 22.44 23.71 30.01 35.61 37.50 31.98 27.94 23.50 21.37 18.75 20.93 21.38 17.18 13.98 11.36 7.23 8.43 15.32 18.12 15.94 16.33 15.36 11.85 18.94 16.03 23.31 21.31 13.32 12.73 11.71 10.69 9.84 9.58 10.28 11.61 10.84 13.28 10.99 12.90 15.15 14.58 12.17 10.53 20.65
11.05 10.59 7.81 3.96 1.74 1.92 3.31 9.31 11.96 14.07 14.91 14.77 16.18 15.95 17.77 14.85 11.21 4.57 5.36 5.55 5.89 5.70 3.71 5.04 10.74 13.23 12.64 13.09 16.18 17.90 16.06 13.15 11.71 12.94 14.30 17.79 21.20 20.89 24.49 32.31 38.01 35.64 28.77 23.94 21.69 17.93 18.22 21.31 18.99 14.17 10.89 9.13 8.95 9.81 16.98 17.73 18.63 18.86 18.20 20.35 19.23 13.47 12.36 21.02 22.07 21.92 20.84 19.37 19.25 14.72 11.74 11.89 11.59 11.16 11.95 13.76 14.51 12.85 10.60 9.40 9.06
9.78 7.12 5.69 4.77 4.02 3.51 1.92 3.78 7.31 10.41 12.09 15.20 15.70 18.52 19.72 19.66 14.59 10.33 5.17 5.19 3.82 3.86 2.32 2.28 10.62 12.69 11.39 13.55 15.99 16.12 14.33 11.19 10.31 13.24 14.80 18.51 20.76 20.54 27.02 36.14 36.92 29.63 24.70 22.23 18.79 17.44 20.50 21.39 19.48 14.79 8.54 9.34 10.68 11.85 16.30 15.68 17.98 18.98 17.82 19.23 21.04 21.51 22.10 18.62 16.93 14.43 13.24 12.52 10.95 13.63 9.14 19.35 11.84 15.14 12.49 13.23 13.02 11.42 9.49 8.80 8.85
8.89 7.08 4.35 4.25 3.83 2.38 2.39 1.60 2.31 6.66 8.07 11.80 11.58 14.94 20.47 21.01 21.18 17.61 10.45 9.86 6.73 5.03 4.41 4.51 4.20 5.99 10.40 13.55 15.65 14.53 11.79 9.21 11.94 17.00 15.38 17.77 18.93 23.88 31.26 38.95 42.12 28.04 23.73 22.41 19.06 20.05 21.47 20.73 16.58 10.40 6.72 11.71 14.74 14.10 13.53 15.17 18.41 18.04 15.12 15.51 18.02 18.58 14.79 13.63 11.32 10.66 14.33 11.12 10.34 16.21 20.60 11.76 11.41 11.75 12.00 11.70 11.29 10.29 22.32 9.24 8.98
10.01 8.50 4.80 2.46 2.86 1.57 1.69 1.52 2.08 4.39 7.27 9.98 7.41 7.98 15.65 19.27 21.46 18.33 17.09 15.55 11.76 9.18 6.17 11.11 4.15 4.95 9.68 13.93 14.83 13.62 10.29 9.77 13.78 14.80 15.96 16.57 19.93 25.20 33.52 38.26 35.35 28.67 23.33 20.57 19.82 19.74 19.46 16.62 12.22 8.40 8.03 15.25 16.89 15.23 13.39 17.25 19.39 12.99 15.16 15.15 14.44 12.39 10.46 11.42 10.05 13.56 16.99 10.61 18.19 19.15 15.48 10.61 10.95 11.74 11.49 10.58 10.13 9.63 9.40 9.61 8.94
11.69 9.85 6.18 2.59 2.05 4.51 3.83 2.74 2.75 3.10 6.21 8.44 8.25 7.33 10.53 10.95 14.08 16.98 17.66 17.01 14.76 13.56 10.17 10.98 3.88 4.75 9.52 13.28 13.43 12.02 10.61 12.09 13.74 14.46 16.06 14.62 19.11 26.40 33.53 37.12 33.10 28.34 23.24 21.23 18.56 17.86 16.50 15.07 11.11 11.29 14.97 17.51 16.07 12.03 12.46 17.31 16.88 9.22 14.11 13.73 10.87 10.89 11.99 14.74 16.11 18.82 20.47 18.68 16.03 15.24 19.11 13.77 12.32 15.60 18.23 20.14 10.62 9.61 8.95 8.82 14.85
10.77 10.21 6.09 2.74 3.82 5.00 4.09 3.21 3.40 4.01 5.16 5.74 7.51 8.60 8.11 7.90 9.93 12.02 12.63 13.86 12.99 11.95 12.29 6.60 2.69 4.78 9.68 12.55 12.32 12.08 12.65 14.38 14.57 16.63 13.98 12.54 18.54 25.96 31.59 35.14 33.59 31.11 23.81 19.56 17.71 16.74 16.54 14.05 10.79 12.30 15.17 14.89 12.52 6.32 11.47 14.10 9.06 9.38 12.63 8.12 8.07 13.00 17.02 16.20 16.63 19.31 21.43 11.21 15.88 19.35 14.17 9.15 10.67 9.32 12.05 16.61 15.57 10.17 8.79 8.11 8.09
6.80 7.38 4.06 1.14 1.98 3.07 2.79 1.72 1.65 2.49 4.01 2.50 7.67 8.17 7.96 5.78 7.44 10.01 10.44 12.45 12.16 9.95 11.82 9.64 4.87 4.44 10.81 11.40 12.12 12.81 14.37 15.39 16.30 14.09 12.38 15.12 18.28 24.37 29.58 32.81 31.22 28.29 21.53 17.13 16.63 15.61 14.77 14.08 13.53 13.61 11.75 9.74 7.62 8.67 10.72 6.85 7.24 8.70 8.38 8.41 9.77 13.57 15.88 12.78 17.35 17.67 17.91 20.85 18.61 15.47 10.90 12.11 14.18 11.88 12.67 19.55 20.11 16.96 16.39 15.38 8.44
9.67 2.26 0.81 2.51 1.48 2.24 3.37 3.62 2.79 2.94 5.08 3.45 4.63 7.45 9.72 8.67 8.37 10.25 9.98 11.98 11.91 8.03 10.85 10.52 7.55 1.51 8.67 10.13 11.92 12.89 14.18 15.73 14.84 9.19 10.54 16.06 18.62 23.89 29.36 31.81 26.13 21.06 15.82 12.49 14.54 13.17 12.66 11.83 12.53 11.75 9.11 8.21 4.89 10.61 6.01 2.69 7.45 8.81 10.99 8.89 9.62 12.52 11.15 10.75 14.30 16.61 16.57 15.45 12.71 17.13 12.82 14.74 14.39 10.71 11.67 20.43 19.00 14.31 13.28 17.24 15.23
5.82 5.65 5.45 4.83 4.44 5.11 5.75 5.60 4.71 2.32 5.39 5.95 3.42 4.66 8.15 10.28 11.94 13.29 10.99 11.42 11.78 8.45 9.45 9.22 7.14 1.41 5.29 9.04 11.80 13.10 13.41 14.58 12.34 6.54 9.75 16.44 17.72 24.25 29.22 28.53 23.37 16.71 11.16 8.77 12.21 12.28 13.11 10.18 9.83 4.96 8.93 7.71 9.45 6.09 5.41 5.24 9.92 11.73 12.99 6.55 9.57 11.52 10.50 12.80 11.81 16.66 16.37 17.81 12.53 12.61 11.24 11.81 13.75 16.00 15.98 13.63 13.51 16.09 14.73 15.49 9.96
10.07 10.59 10.57 10.39 8.43 8.97 9.90 9.12 7.67 5.11 6.23 6.96 3.06 4.54 6.49 5.90 7.24 8.76 9.25 10.30 10.19 8.93 8.65 9.19 8.41 2.58 4.02 7.56 10.92 12.43 12.77 13.96 11.43 6.82 10.05 16.43 19.52 24.38 29.29 27.10 19.62 12.37 9.50 8.06 11.88 10.57 9.69 8.99 9.04 7.46 8.42 3.15 2.92 4.14 7.37 9.35 8.63 11.19 8.50 6.50 10.89 11.10 12.93 11.26 11.27 12.75 11.05 11.05 11.60 6.73 6.69 12.22 16.11 10.48 18.68 14.94 11.54 14.11 14.97 15.46 18.19
7.61 10.73 12.38 14.46 12.52 10.57 8.60 6.82 6.16 4.59 5.10 8.73 7.62 3.34 2.99 6.27 6.60 7.47 8.67 8.48 7.71 7.12 6.63 6.50 7.38 5.13 3.19 6.37 9.97 11.40 12.66 15.32 13.51 9.65 9.57 16.03 20.07 24.36 27.37 24.01 14.76 8.72 9.13 12.87 12.17 13.36 11.04 9.45 6.86 7.46 1.88 2.70 4.66 6.82 10.14 10.32 9.14 9.13 9.70 11.60 14.37 13.51 9.80 9.90 9.79 10.80 9.48 9.14 7.69 7.30 12.25 11.87 16.35 12.87 12.67 13.11 15.16 15.92 14.84 13.16 9.40
16.29 13.70 14.35 13.11 11.06 9.42 7.67 6.49 6.07 5.25 3.45 7.36 8.82 4.35 3.70 5.67 6.50 6.46 7.76 9.20 9.51 7.90 6.29 6.70 5.06 6.29 2.46 5.75 9.52 11.76 14.91 17.23 15.01 11.81 10.76 15.63 20.72 23.82 26.73 20.51 10.62 12.95 12.63 12.30 12.53 12.15 9.92 8.73 7.10 6.86 1.76 3.76 5.94 7.89 10.21 12.69 13.70 14.87 15.54 10.90 10.36 12.73 8.00 10.23 9.50 10.58 8.89 10.15 9.97 12.69 15.08 13.73 12.55 12.48 16.50 13.99 14.10 16.71 10.85 10.44 14.45
17.24 13.53 10.55 8.09 4.85 4.72 7.06 5.94 6.26 6.43 3.50 5.64 9.67 9.85 5.99 5.19 6.57 6.75 7.25 9.01 9.36 9.71 8.70 7.46 6.43 6.50 2.16 3.21 6.79 10.60 15.77 16.96 13.98 12.15 11.81 16.14 22.55 25.06 26.65 17.06 8.12 12.36 13.66 13.73 12.49 12.22 10.49 10.00 8.27 8.42 1.72 4.02 5.27 6.74 8.90 15.51 16.07 16.14 10.02 9.97 9.25 8.83 9.48 13.90 15.01 11.64 11.70 13.79 18.73 13.55 16.26 15.62 15.15 16.06 12.76 18.44 13.00 16.32 17.83 10.53 10.17
17.55 15.28 14.98 10.21 7.14 6.09 9.15 9.60 9.05 7.67 4.28 5.71 7.70 11.35 7.92 4.68 6.59 7.55 8.15 8.98 9.53 9.98 9.23 8.28 6.31 8.32 6.08 2.65 4.06 9.25 13.70 13.18 11.93 10.39 12.25 17.32 23.03 25.25 22.93 17.94 13.19 13.03 13.55 13.13 12.25 12.59 12.06 11.30 10.10 1.22 1.32 3.29 4.29 5.78 7.43 7.44 7.14 7.88 8.49 8.85 10.72 9.72 9.67 12.00 12.50 15.00 14.46 13.87 13.44 13.52 16.37 13.94 14.43 13.81 18.95 11.70 11.14 11.29 16.96 17.56 10.91
13.24 12.19 10.68 10.51 11.25 9.57 7.76 9.11 10.34 8.84 4.93 4.39 2.83 7.70 10.17 9.64 9.37 8.90 9.44 9.61 9.70 10.51 9.47 8.71 6.25 10.04 11.39 6.03 6.87 9.41 10.00 9.88 10.96 9.96 13.47 18.12 21.49 21.68 18.29 14.96 12.76 12.13 12.58 12.73 12.16 12.03 11.12 10.99 10.34 2.94 2.64 3.47 3.45 4.78 6.93 6.66 5.83 5.93 6.76 7.55 8.24 11.35 10.90 12.35 13.21 11.67 13.80 12.98 13.70 12.33 12.10 13.23 15.15 19.01 14.72 15.36 14.55 17.68 11.54 14.05 11.95
4.39 4.92 5.40 8.08 10.31 9.90 6.79 3.49 5.95 7.39 4.05 3.53 4.37 6.54 8.42 9.53 10.29 10.59 10.96 10.72 9.80 10.84 11.54 10.31 6.27 5.35 13.31 11.64 10.61 12.11 8.42 9.53 13.19 14.25 15.65 19.07 20.32 17.29 14.64 13.96 12.67 11.92 11.50 11.34 11.54 11.68 10.78 10.41 9.83 3.95 4.39 4.67 3.71 4.80 6.42 5.20 4.09 4.20 5.55 6.76 7.47 8.13 16.38 10.08 10.59 10.66 10.79 11.09 13.91 12.86 12.57 13.31 13.90 14.35 14.95 14.12 12.36 14.25 12.76 9.92 8.20
2.09 3.17 3.70 5.68 7.69 8.95 9.23 6.35 3.48 5.35 4.94 2.81 1.82 2.58 7.16 8.16 10.34 11.55 12.57 11.95 11.04 12.25 13.30 11.58 8.91 8.88 10.33 8.64 12.15 6.85 15.13 16.40 15.90 15.61 15.16 15.80 15.47 14.29 13.95 13.18 12.04 11.61 10.60 10.79 11.50 11.32 11.06 12.16 5.28 5.13 5.84 6.26 5.17 4.99 5.12 3.31 3.27 3.46 4.00 4.43 5.12 5.59 6.91 7.71 8.05 8.08 12.40 12.52 13.14 13.33 12.44 11.12 7.29 7.15 7.35 6.68 6.42 6.92 6.41 6.37 7.06
7.20 2.18 0.80 0.96 2.65 6.16 8.85 10.43 8.42 7.87 8.17 5.61 5.87 6.95 3.84 9.17 9.67 9.53 9.95 10.71 11.65 11.57 11.96 12.44 11.89 11.94 11.44 8.71 12.16 3.92 13.75 18.39 18.90 15.69 14.34 13.30 10.40 11.76 14.71 12.72 11.26 11.16 10.15 10.25 10.34 10.48 11.37 6.14 6.53 6.57 6.94 7.07 6.23 6.01 6.33 5.05 3.30 2.84 3.07 8.32 8.77 9.28 5.17 11.41 11.55 10.19 8.77 8.54 5.36 5.00 4.28 8.40 9.71 6.78 7.81 7.71 7.08 6.35 5.71 5.91 6.93
11.90 8.73 2.17 4.01 3.62 4.78 6.35 7.30 8.17 8.81 10.99 10.14 10.12 9.65 5.55 8.58 10.27 12.26 11.20 10.70 10.77 10.11 10.66 11.25 12.20 13.30 15.06 10.44 8.51 5.97 12.10 11.12 17.03 16.06 12.95 8.56 7.71 11.72 14.02 12.42 11.20 10.18 9.18 9.85 10.05 9.22 9.42 6.01 6.84 7.59 7.69 7.63 6.37 5.03 6.19 5.76 4.39 4.32 4.21 9.00 8.66 8.92 4.42 9.79 9.18 8.62 9.23 9.38 9.59 9.15 8.73 10.68 12.56 13.70 13.63 14.25 14.18 11.90 8.47 7.51 12.59
12.47 10.26 12.18 1.39 2.18 2.79 3.08 5.50 8.40 7.46 8.59 9.53 9.20 7.17 6.30 9.98 12.64 16.00 18.61 19.26 17.09 13.28 9.65 9.09 12.95 16.58 12.75 12.65 10.00 8.60 11.05 13.17 18.85 15.39 11.88 10.50 7.51 10.78 12.17 11.10 10.46 8.87 9.01 9.30 9.30 7.86 6.58 4.51 5.14 6.93 8.02 8.01 6.81 4.98 5.39 6.04 6.75 7.25 9.28 9.05 9.02 9.07 9.04 8.42 8.68 3.91 4.30 4.52 5.19 5.96 7.36 8.34 9.02 11.71 8.54 6.80 11.53 12.71 9.99 10.90 11.93
12.15 13.17 17.18 13.93 5.11 4.00 1.46 4.08 7.05 9.52 8.88 6.81 6.82 7.85 9.47 10.52 12.55 15.43 18.61 21.84 25.51 24.67 20.85 17.76 13.67 12.19 18.06 12.91 11.47 12.05 15.27 15.12 20.79 16.32 12.04 15.80 12.16 10.91 10.54 9.46 10.34 9.36 9.60 8.49 9.14 6.35 6.13 2.32 2.18 3.47 5.14 5.97 6.67 7.23 7.39 7.39 8.05 8.40 7.68 7.03 6.65 8.75 8.46 7.99 8.38 8.96 8.62 8.69 8.57 9.34 3.41 3.15 4.18 5.52 6.79 8.68 11.13 12.96 12.31 9.12 10.31
16.46 17.25 11.37 18.95 15.66 6.14 6.10 6.03 6.85 8.42 12.00 15.39 15.88 13.90 12.83 12.51 12.46 13.06 12.93 12.09 18.11 27.25 31.08 32.02 27.26 19.34 10.05 7.77 8.87 13.83 20.56 16.63 19.97 19.81 13.41 14.51 12.12 9.65 9.56 9.99 9.43 8.89 9.31 8.41 9.73 7.83 6.75 0.93 0.38 1.48 1.25 0.69 3.40 6.57 7.98 8.24 8.52 8.31 7.52 6.77 6.49 6.52 8.68 8.73 7.97 7.69 8.06 4.74 1.81 1.75 1.64 2.12 3.14 7.08 8.79 10.13 10.50 10.53 10.32 11.24 11.23
15.13 13.01 12.83 8.82 17.20 17.34 8.64 12.30 14.58 15.99 19.38 24.62 25.49 23.31 18.83 17.59 14.84 12.49 10.80 11.72 20.21 29.64 32.74 36.69 33.31 32.77 30.98 20.35 5.39 13.78 24.31 20.59 20.42 21.81 17.85 13.81 13.03 8.41 8.91 10.17 10.24 9.40 9.77 9.79 8.37 8.22 7.92 7.22 6.40 1.42 2.36 2.77 2.57 4.21 5.71 7.23 8.15 8.05 7.35 8.32 8.25 8.70 6.84 6.67 5.29 5.01 4.49 3.98 3.87 3.49 2.45 1.84 3.38 2.33 7.90 8.51 9.08 9.04 9.46 9.97 11.26
