examples/cougarCreek-fire/createInputs/farsite/7a-cougarCreek-polygonIgnit/cougarCreekFire_08-12-2015_1600_217m_non_neutral_stability_vel.asc
ncols	146
nrows	140
xllcorner	610065.000000
yllcorner	5095217.000000
cellsize	216.586807
NODATA_value	-9999.000000
[rows 0 to 35 of 140, columns 0 to 79 of 146]
9.84 9.94 10.04 9.86 9.69 10.10 10.53 11.01 11.61 9.76 12.38 12.98 13.45 13.64 14.14 14.76 14.92 15.15 15.44 15.53 16.17 16.48 19.59 20.21 19.84 19.79 20.45 21.07 21.50 21.62 20.72 19.78 20.19 20.39 20.25 20.45 20.55 25.60 21.29 19.43 21.43 21.12 18.67 21.00 20.85 20.60 17.93 17.84 17.66 17.16 16.63 16.06 15.68 15.28 14.92 14.51 13.57 12.67 12.49 12.15 11.36 10.86 10.48 9.98 9.46 8.82 8.34 8.10 7.84 7.61 7.25 6.71 6.22 5.87 5.67 5.44 4.98 4.47 4.09 3.76
9.84 9.94 10.04 9.86 9.69 10.10 10.53 11.01 11.61 9.76 12.38 12.98 13.45 13.64 14.14 14.76 14.92 15.15 15.44 15.53 16.17 16.48 19.59 20.21 19.84 19.79 20.45 21.07 21.50 21.62 20.72 19.78 20.19 20.39 20.25 20.45 20.55 25.60 21.29 19.43 21.43 21.12 18.67 21.00 20.85 20.60 17.93 17.84 17.66 17.16 16.63 16.06 15.68 15.28 14.92 14.51 13.57 12.67 12.49 12.15 11.36 10.86 10.48 9.98 9.46 8.82 8.34 8.10 7.84 7.61 7.25 6.71 6.22 5.87 5.67 5.44 4.98 4.47 4.09 3.76
9.76 9.85 10.17 10.03 9.63 9.92 10.31 10.86 11.57 12.03 12.36 13.01 13.40 13.54 14.08 14.65 14.74 14.97 15.34 15.44 16.06 17.04 20.53 20.63 19.66 19.68 20.43 21.02 21.42 21.21 20.06 19.21 19.99 20.50 20.39 20.77 21.12 20.83 20.07 19.74 19.74 19.31 19.00 19.02 19.05 18.72 17.95 17.89 17.83 17.30 16.87 16.37 16.01 15.67 15.36 14.79 13.59 12.84 12.81 12.42 11.63 11.16 10.82 10.32 9.72 9.05 8.74 8.60 8.29 7.86 7.25 6.69 6.36 6.17 6.03 5.70 5.15 4.68 4.35 4.06
10.15 10.15 10.51 10.44 9.86 9.93 10.19 10.71 11.45 12.01 12.43 13.12 13.47 13.53 13.97 14.34 14.39 14.73 15.36 15.48 15.84 17.40 21.53 21.35 19.98 19.80 20.06 20.45 20.96 20.41 19.28 18.48 19.38 20.33 20.31 20.73 21.51 21.74 20.95 20.28 20.03 19.64 19.53 19.31 19.30 18.99 17.95 18.00 18.23 17.78 17.31 16.72 16.35 16.13 15.84 14.95 13.64 13.22 13.17 12.76 12.23 11.67 11.32 10.83 10.08 9.60 9.55 9.40 8.87 8.11 7.35 6.96 6.85 6.81 6.64 6.16 5.54 5.07 4.80 4.59
10.49 10.43 10.61 10.58 10.13 10.13 10.25 8.92 9.39 10.29 12.41 13.15 13.67 13.72 13.87 14.16 14.19 14.74 15.74 15.68 14.38 17.09 20.37 21.84 21.05 20.41 19.48 19.78 20.84 20.42 19.58 18.41 18.89 20.16 20.15 20.48 21.56 22.38 22.02 21.10 20.26 20.11 20.16 19.55 19.45 19.24 18.51 18.66 19.01 18.63 17.67 16.90 16.63 18.67 15.93 15.01 14.06 13.91 13.65 13.31 12.93 12.18 11.81 11.17 10.48 10.40 10.28 9.81 9.01 8.21 7.77 7.60 7.50 7.36 6.98 6.40 5.75 5.31 5.15 5.01
10.51 10.45 10.54 10.58 10.30 10.28 10.34 10.63 11.07 10.14 10.73 11.97 13.75 13.96 13.94 14.18 14.20 14.99 14.79 15.64 14.41 16.49 19.52 22.26 22.39 20.89 19.11 19.88 21.45 21.06 19.73 18.04 18.75 20.05 19.84 20.49 21.75 22.66 22.55 21.69 20.84 20.84 20.67 19.81 19.71 19.81 19.40 19.43 19.60 20.70 19.64 18.84 16.81 16.34 15.94 15.42 14.81 14.64 14.33 13.90 13.35 12.65 12.10 11.33 11.09 11.12 12.87 9.90 9.02 8.51 8.36 8.12 7.85 7.49 6.95 6.32 5.77 5.51 5.43 5.21
10.47 10.35 10.22 10.36 10.34 10.33 10.34 9.26 9.81 10.32 10.37 11.33 12.97 14.07 14.24 14.32 14.54 15.36 14.36 14.16 14.57 16.15 18.96 22.06 23.64 21.86 19.84 20.43 21.97 21.66 18.93 17.83 19.35 19.98 19.45 20.62 21.97 22.52 22.65 22.67 22.34 21.77 21.86 20.34 20.42 21.24 21.09 21.42 21.69 20.70 22.90 17.10 19.03 16.40 16.34 16.14 15.59 15.25 14.84 14.20 13.62 15.28 14.72 11.68 11.73 13.41 10.71 9.91 9.20 8.99 8.77 8.25 7.77 7.29 6.80 6.33 5.93 5.70 5.51 5.19
10.41 10.30 9.94 9.94 10.15 10.29 10.35 9.13 9.46 9.84 10.11 10.89 12.42 14.06 15.02 14.58 15.00 15.25 14.44 14.03 14.75 16.31 18.92 22.27 24.25 22.94 21.09 20.91 22.26 21.79 18.31 18.17 20.00 19.39 18.90 20.65 22.03 22.33 22.66 23.05 23.36 23.12 22.17 21.77 22.08 22.22 21.81 21.62 21.32 23.87 19.81 18.98 17.05 16.77 16.99 16.71 16.17 15.75 15.18 14.46 15.86 15.37 12.37 12.25 12.06 13.75 10.79 10.02 9.55 9.30 8.78 8.08 7.59 7.26 6.94 6.51 6.05 5.75 5.49 5.17
10.22 10.20 9.80 9.62 9.86 9.59 10.39 9.90 9.67 9.91 10.31 10.82 11.94 13.64 14.98 14.91 15.39 15.73 14.51 13.77 15.55 16.79 15.38 18.72 24.52 24.28 22.24 21.53 22.21 21.50 18.98 18.91 20.16 18.55 18.64 20.43 22.04 22.22 22.53 23.64 24.49 23.68 22.63 22.92 23.16 21.78 20.93 20.86 20.50 19.94 19.50 19.57 19.35 18.83 18.99 17.14 16.75 16.23 17.52 14.60 15.49 13.30 12.93 12.64 14.23 13.80 13.13 11.87 9.78 9.28 8.58 7.95 7.67 7.46 7.05 6.47 5.97 5.75 5.50 5.14
9.98 9.95 9.55 9.42 9.61 8.60 9.25 9.77 9.99 10.30 10.63 10.98 9.79 13.30 14.94 15.57 16.00 16.36 14.51 11.30 13.63 17.38 17.62 20.50 22.18 25.82 23.52 22.11 21.74 21.87 19.59 18.81 19.63 18.47 18.44 20.63 22.09 22.24 23.13 25.05 25.74 24.37 23.44 24.25 23.86 21.67 20.31 20.35 20.48 20.16 20.41 19.62 19.46 18.87 17.78 17.79 17.35 16.58 17.26 14.71 14.13 13.85 13.41 14.85 14.22 13.49 12.72 11.79 9.87 9.22 8.55 8.08 7.85 7.52 6.96 6.37 6.05 5.90 5.54 5.07
10.57 9.67 9.21 9.18 9.43 9.70 8.73 9.28 9.67 10.00 10.49 11.14 11.82 11.21 14.67 15.42 16.64 16.13 14.89 14.82 14.17 15.45 16.95 19.27 21.35 27.59 26.87 23.97 22.11 22.54 19.74 18.56 19.66 18.50 18.46 20.58 22.13 22.83 24.33 26.29 26.74 25.27 24.47 28.26 27.72 24.72 20.78 21.03 21.03 23.80 23.44 22.16 18.00 17.56 18.49 18.59 17.85 17.93 15.83 15.04 14.70 14.80 15.75 15.05 13.95 13.35 13.17 12.36 9.90 9.18 8.60 8.19 7.85 7.46 6.93 6.44 6.23 5.98 5.47 4.96
9.41 9.37 9.25 8.75 8.58 8.28 9.79 9.04 9.58 8.81 9.20 11.27 12.18 12.94 14.11 15.24 16.54 16.27 15.37 15.35 14.62 16.23 14.69 18.57 24.12 26.98 28.55 23.98 23.73 22.76 19.49 18.69 19.36 18.31 18.78 20.79 22.35 23.58 24.97 26.75 27.93 28.80 27.19 27.27 27.12 25.23 21.21 21.58 24.18 23.69 22.15 18.15 17.08 18.39 19.45 20.08 19.28 18.30 16.85 15.52 15.21 16.53 15.86 15.00 14.42 11.91 11.21 10.50 9.87 9.13 8.59 8.19 7.83 7.45 6.95 6.53 6.33 5.92 5.33 4.86
8.93 8.99 8.79 8.65 8.60 8.45 9.53 8.76 9.33 9.77 8.81 9.61 11.06 13.19 14.07 15.55 16.93 16.14 15.40 15.63 15.40 17.11 16.33 14.12 23.03 24.58 29.28 24.47 24.97 25.69 19.43 18.61 18.73 18.44 19.37 21.55 23.17 23.81 24.69 27.62 30.88 30.58 28.01 27.55 26.45 24.10 21.49 24.57 23.89 19.38 18.39 17.77 17.71 19.37 20.73 20.76 19.88 18.98 17.73 16.08 17.65 16.76 15.79 12.85 12.34 11.86 11.16 10.51 9.85 9.11 8.60 8.27 7.90 7.43 7.00 6.68 6.36 5.82 5.23 4.81
8.45 8.57 8.51 8.61 8.83 8.24 9.50 9.80 9.03 9.76 10.56 8.57 9.43 11.71 14.19 15.77 16.86 16.56 15.65 14.28 15.76 17.34 17.90 15.58 18.41 24.47 29.01 25.83 26.80 26.69 23.23 18.22 18.54 18.84 18.78 21.20 23.52 23.07 22.53 27.82 33.81 32.35 29.88 28.57 24.95 20.93 22.18 25.09 23.11 18.62 18.26 18.18 18.55 19.89 21.48 21.27 20.90 20.15 19.13 18.56 18.13 17.08 13.48 12.91 12.32 11.76 11.22 10.62 9.92 9.21 8.74 8.41 7.94 7.43 7.10 6.76 6.28 5.69 5.16 4.78
8.00 8.21 8.20 8.32 8.56 8.96 9.41 9.74 10.10 9.57 10.49 11.06 11.57 9.17 11.88 15.62 17.68 17.47 15.64 16.29 17.86 18.88 20.60 18.91 19.26 23.98 28.20 27.07 27.65 26.62 23.34 17.98 18.09 19.15 19.37 21.53 23.81 23.43 22.94 28.12 38.92 33.40 30.15 27.48 23.49 23.45 25.12 26.05 24.22 21.29 18.43 19.21 19.68 20.47 21.48 21.30 23.46 20.24 19.43 18.83 15.49 14.40 13.52 12.96 14.55 13.34 12.60 11.97 10.12 9.46 9.53 8.42 7.89 7.48 7.13 6.70 6.17 5.62 5.14 4.76
7.58 7.89 7.96 8.04 8.27 8.68 8.10 8.68 9.00 9.29 10.05 11.09 8.69 9.00 10.55 13.42 17.62 17.54 15.67 17.23 19.14 20.28 23.09 21.97 19.50 23.11 27.38 28.20 28.26 26.31 21.45 18.57 19.78 19.91 20.12 22.15 22.75 23.72 26.48 31.26 37.89 33.80 30.53 26.96 24.68 26.09 27.29 26.22 23.68 20.40 18.92 20.50 22.85 22.96 21.44 21.96 24.39 20.18 21.46 18.80 17.88 16.67 15.28 14.44 13.43 13.00 13.26 10.89 10.38 9.68 8.91 8.29 7.88 7.55 7.12 6.63 6.12 5.62 5.15 4.75
7.12 7.45 7.58 7.71 7.91 8.35 8.78 8.31 8.98 9.20 9.55 11.00 10.06 9.83 9.98 11.24 11.83 15.07 14.03 15.91 18.53 20.44 24.65 22.66 20.31 22.66 27.29 28.93 29.53 25.47 19.57 18.65 20.84 20.65 20.90 21.93 21.94 24.44 29.33 33.64 34.68 33.54 31.13 28.06 26.86 27.93 27.00 24.83 22.21 20.54 20.07 24.36 24.38 24.23 24.40 22.86 21.09 22.73 19.81 18.80 17.79 16.05 14.80 14.45 13.58 14.12 11.64 12.18 10.54 9.65 8.73 8.18 7.88 7.57 7.10 6.56 6.06 5.61 5.16 4.72
6.65 6.93 7.01 7.24 7.53 7.88 7.04 7.86 8.61 7.49 9.08 10.68 9.36 9.90 8.76 10.67 11.60 11.55 11.79 13.40 15.38 17.61 23.30 26.35 21.67 23.07 28.04 29.13 28.06 23.19 19.36 19.61 20.16 20.54 21.56 20.56 21.50 25.36 30.51 34.39 34.09 32.81 30.52 28.30 27.44 27.19 26.06 23.63 22.12 22.47 24.71 24.49 23.87 23.95 25.90 22.44 20.56 22.11 20.28 18.53 17.14 16.04 15.54 15.22 14.78 12.41 11.55 13.66 13.24 9.41 8.60 8.19 7.91 7.54 7.06 6.49 5.98 5.56 5.13 4.67
6.24 6.45 6.46 6.73 7.13 7.44 7.92 7.70 7.38 7.76 8.93 10.39 8.34 7.97 8.73 9.39 10.52 12.08 11.96 12.99 15.00 16.60 18.89 24.66 23.62 25.07 28.80 28.73 25.98 23.11 21.21 20.68 20.10 19.98 20.72 19.39 21.17 25.92 31.17 33.66 33.14 31.57 30.14 29.85 27.88 26.27 25.33 23.50 22.51 24.67 24.20 23.43 23.03 20.47 25.67 24.74 20.05 20.43 22.66 18.05 16.61 18.38 15.87 15.41 13.02 15.00 14.29 13.63 10.23 9.25 8.64 8.27 7.90 7.49 7.03 6.45 5.89 5.48 5.08 4.65
5.85 6.00 5.97 6.25 6.68 7.03 6.47 7.40 6.74 7.13 8.93 7.42 7.29 7.62 9.76 11.64 11.68 12.23 12.34 12.79 15.47 16.79 15.87 20.76 24.67 27.94 29.89 28.43 25.52 23.79 23.20 22.15 23.31 18.38 18.94 20.06 21.36 24.91 30.88 33.69 33.01 31.43 30.42 30.37 29.01 27.06 25.34 24.15 24.49 25.17 23.50 22.00 20.41 23.36 25.04 22.81 22.19 20.71 21.82 19.97 17.08 19.06 15.93 15.17 15.16 12.30 11.42 10.76 10.05 9.23 8.70 8.29 7.84 7.46 7.02 6.38 5.79 5.41 5.03 4.62
5.47 5.60 5.54 4.71 5.21 5.67 6.23 7.02 7.89 6.52 8.68 7.29 8.54 7.04 8.75 10.58 12.01 12.52 13.15 13.08 15.55 16.67 13.58 17.75 22.29 29.21 31.03 28.34 26.40 24.76 24.44 24.55 20.12 15.16 18.10 21.51 22.28 25.41 30.56 35.49 34.55 32.47 30.44 30.39 29.05 27.24 25.34 24.64 17.81 23.91 23.15 21.41 21.85 24.94 22.23 20.69 21.50 23.56 22.51 20.15 19.12 19.02 15.26 14.71 13.09 12.23 11.35 10.60 9.92 9.18 8.69 8.27 7.81 7.44 6.98 6.30 5.75 5.40 5.01 4.58
5.07 5.24 5.14 4.28 4.77 5.26 5.93 6.69 7.55 6.41 5.85 7.22 10.01 7.91 8.18 13.30 8.74 10.03 11.50 11.91 13.21 15.21 13.64 17.44 23.44 29.30 30.59 28.84 27.95 26.00 25.19 27.20 19.29 13.66 18.00 22.40 23.33 25.73 32.31 36.61 35.06 29.48 31.10 30.89 28.95 26.78 25.13 24.48 22.81 21.84 22.74 21.29 23.71 22.29 20.04 22.64 24.57 24.81 22.87 19.52 19.66 19.05 17.63 13.59 15.15 14.54 13.86 13.18 9.80 9.10 8.70 8.29 7.78 7.39 6.92 6.27 5.78 5.41 5.00 4.55
4.67 4.90 4.77 4.96 4.21 4.65 5.52 6.21 7.21 5.74 5.38 6.50 8.55 11.04 6.93 12.60 9.14 13.97 10.67 11.54 12.23 12.94 12.98 14.82 22.08 30.24 31.50 30.36 30.79 28.18 26.25 25.43 19.11 15.69 18.04 23.89 22.47 25.11 33.08 36.20 30.20 28.33 28.54 30.55 28.62 26.69 25.42 23.53 21.48 20.60 20.89 20.53 21.58 19.37 21.64 25.04 24.33 24.43 22.41 19.84 20.56 19.32 15.88 15.90 15.49 14.58 13.47 10.51 9.71 9.08 8.75 8.27 7.71 7.33 6.88 6.30 5.84 5.42 4.99 4.57
4.37 4.59 4.46 4.61 4.93 5.33 5.06 5.98 4.38 5.75 5.63 5.70 6.74 10.07 7.85 7.85 8.33 9.69 11.15 12.52 13.55 13.41 12.74 10.78 18.79 29.29 34.88 31.82 32.68 29.52 26.50 27.60 20.08 15.58 18.31 20.85 22.92 26.59 32.06 35.74 32.60 28.01 28.66 30.37 28.35 26.28 24.66 22.53 20.28 20.59 19.01 19.19 21.58 21.06 23.86 25.74 23.97 24.16 22.92 21.77 21.39 16.76 15.67 13.42 14.65 13.92 13.08 12.50 9.69 9.11 8.72 8.17 7.66 7.31 6.86 6.35 5.91 5.42 4.99 4.63
4.14 4.33 4.19 4.29 4.54 4.86 4.72 5.66 6.68 5.24 6.22 5.25 6.29 8.48 8.53 7.14 8.01 9.13 10.10 10.82 12.14 13.47 13.28 10.11 17.41 29.74 37.83 32.57 31.08 30.01 28.95 28.40 22.41 17.76 17.20 18.81 23.48 27.86 32.99 35.27 31.82 29.97 30.61 22.68 28.15 26.01 24.80 22.82 21.64 21.09 17.59 19.58 23.28 24.30 26.38 26.94 25.81 25.19 23.85 22.27 21.29 16.55 17.11 16.82 14.87 14.06 13.10 12.67 9.73 11.59 8.59 8.09 7.69 7.33 6.87 6.42 6.00 5.45 5.00 4.69
3.96 4.12 3.96 3.99 4.21 4.55 4.49 5.25 6.38 4.30 5.95 5.19 5.73 6.10 8.33 7.44 7.65 8.58 8.98 9.66 10.96 12.21 12.04 10.68 15.82 31.84 40.97 32.89 27.64 32.85 34.83 26.69 23.28 23.07 17.61 20.55 25.17 29.74 34.71 31.63 27.96 30.10 29.52 28.33 27.23 19.72 25.58 16.63 21.61 20.10 17.78 20.48 25.22 25.06 27.34 27.77 26.83 19.08 24.00 22.38 21.00 16.23 17.62 18.81 15.44 14.27 13.80 13.35 12.67 12.02 11.47 8.10 7.76 7.39 6.94 6.50 6.08 5.55 5.07 4.74
3.81 3.94 3.74 3.75 3.13 3.51 4.19 5.10 2.97 3.58 4.49 4.69 5.13 6.19 7.00 7.71 7.23 8.14 8.55 9.31 10.92 11.26 10.02 15.59 15.48 31.62 43.52 33.36 26.94 36.02 36.38 30.46 27.32 21.52 17.98 21.08 27.12 30.84 32.57 31.59 30.64 29.38 28.35 27.54 26.69 25.53 24.19 22.50 20.75 19.51 18.53 22.31 24.76 24.98 26.85 27.34 26.27 24.79 23.59 22.20 20.69 16.16 15.51 18.47 18.23 17.82 14.46 13.76 12.80 11.99 11.44 8.14 7.81 7.47 7.07 6.60 6.16 5.70 5.23 4.84
3.66 3.75 3.56 3.63 3.26 3.39 3.82 4.63 3.68 3.90 3.83 4.56 5.20 5.89 6.16 5.67 6.00 7.36 8.18 9.35 11.00 10.28 8.71 12.32 14.35 29.92 45.27 40.03 32.27 39.47 35.13 29.17 25.96 20.48 20.59 22.96 28.87 32.17 30.94 30.23 30.02 28.48 27.50 27.73 26.94 25.38 24.16 22.24 21.14 18.84 19.36 23.67 24.86 23.32 26.68 27.64 25.80 24.00 23.23 22.57 21.46 20.30 19.83 19.17 18.54 17.87 17.12 13.90 13.02 12.12 11.52 8.21 7.85 7.56 7.20 6.72 6.25 5.83 5.39 4.99
3.53 3.61 3.48 3.55 3.68 3.39 3.69 4.32 5.09 3.58 3.93 5.02 5.79 5.35 6.16 5.38 5.50 6.66 7.46 9.10 10.57 9.66 10.37 9.84 14.10 24.62 43.27 49.92 44.36 43.18 33.16 26.54 26.03 23.61 25.08 27.22 30.91 31.45 29.73 29.32 29.42 29.10 28.19 28.69 28.15 19.25 17.73 15.57 20.83 16.14 20.55 25.62 24.55 22.91 29.27 28.10 25.90 24.77 24.41 23.19 21.92 20.68 19.68 19.12 18.38 17.69 16.93 13.85 13.24 12.47 11.88 8.34 7.94 7.66 7.31 6.84 6.39 5.95 5.52 5.15
3.45 3.53 3.43 3.44 3.57 3.39 3.70 1.83 1.58 3.11 4.23 5.16 6.34 7.14 4.94 4.65 5.47 6.28 6.90 8.50 9.64 10.41 10.24 8.43 10.58 18.19 33.11 49.04 54.25 45.31 33.05 26.13 26.79 27.15 28.25 29.35 29.27 29.34 29.38 28.95 29.56 29.94 25.13 21.29 20.69 19.21 16.66 20.93 15.35 17.07 21.26 25.98 25.33 26.62 30.32 27.92 26.31 25.39 24.57 23.05 21.74 20.77 19.92 19.11 18.34 14.86 14.47 13.99 13.35 12.58 12.02 8.56 8.12 7.78 7.42 7.00 6.58 6.10 5.66 5.29
3.44 3.51 3.41 3.42 3.53 3.31 3.77 4.27 2.50 2.57 3.74 4.21 5.78 6.64 3.77 3.78 7.44 7.99 7.92 8.92 9.69 8.76 9.37 7.95 11.46 14.40 25.11 43.14 53.66 47.93 35.13 30.46 29.13 29.97 31.76 31.48 28.36 27.76 29.59 26.56 25.18 25.67 21.50 21.23 20.47 18.77 21.81 16.47 15.90 17.99 20.96 24.74 29.56 30.36 29.26 27.68 25.58 24.93 24.31 22.91 21.71 20.75 19.76 18.99 18.32 15.01 14.53 14.07 13.42 12.70 11.98 8.77 8.31 7.94 7.58 7.20 6.81 6.35 5.87 5.47
3.50 3.51 3.42 3.44 3.53 3.29 3.57 4.07 3.15 2.87 4.25 4.62 5.23 4.36 2.18 3.38 8.32 10.06 10.49 11.40 12.72 9.67 9.18 7.12 9.23 15.01 23.15 38.55 48.28 47.36 39.43 35.25 31.14 32.13 32.99 28.99 28.56 27.94 27.26 23.34 25.33 25.59 21.34 20.88 19.89 18.42 15.46 17.21 15.19 18.33 20.86 24.67 32.21 29.75 26.95 26.21 25.40 24.64 24.21 22.94 21.85 20.67 19.87 18.96 18.35 18.03 14.74 14.33 13.68 12.98 12.44 11.78 11.13 10.77 7.78 7.38 7.01 6.61 6.17 5.74
3.71 3.65 3.48 3.40 3.43 3.01 3.41 4.04 3.36 2.92 3.16 4.71 5.32 4.68 0.87 2.18 4.74 10.85 16.39 17.08 15.77 13.42 10.37 10.09 12.76 18.05 24.80 35.58 44.50 45.32 41.24 37.65 32.33 31.17 32.26 30.12 29.16 31.13 27.13 28.47 25.10 24.85 20.95 20.77 19.47 18.42 16.23 17.13 13.36 17.08 20.87 25.33 31.29 29.43 26.12 27.64 27.61 25.73 24.53 23.33 22.10 20.76 19.76 19.17 18.62 12.48 17.52 11.66 16.21 15.30 9.95 13.71 11.31 8.31 7.93 7.50 7.12 8.73 8.13 6.04
4.12 4.09 2.85 3.67 2.81 3.08 3.38 3.79 2.99 2.91 2.73 4.45 6.19 4.90 0.83 5.68 10.75 13.89 10.60 12.72 15.21 15.72 15.55 17.76 20.36 23.31 26.91 32.91 39.22 40.43 42.45 40.87 33.38 29.98 30.11 30.59 30.62 30.37 27.96 27.81 27.85 24.15 20.50 20.74 26.08 23.91 22.09 17.88 12.38 14.43 18.66 21.37 26.18 33.76 31.32 31.22 28.94 26.05 24.70 18.54 22.48 21.22 20.24 13.40 13.02 18.33 12.25 17.02 16.17 13.46 13.13 12.30 8.75 8.37 8.03 7.67 7.32 6.96 8.36 6.24
4.32 4.28 4.26 3.19 3.28 3.45 3.61 2.52 2.18 1.99 3.01 3.41 4.63 4.60 1.63 4.08 8.19 9.95 10.49 11.90 11.44 7.83 15.40 18.36 24.82 27.46 27.57 30.45 35.35 37.97 41.28 41.07 36.50 29.93 29.46 31.37 32.07 30.52 29.49 29.57 29.79 28.69 27.75 27.87 26.69 24.97 22.93 18.86 13.13 13.30 15.60 20.42 24.12 26.92 27.71 29.08 29.68 27.15 25.64 23.68 22.12 20.56 16.31 19.54 18.93 18.38 15.33 14.92 14.15 11.05 10.50 9.70 11.82 11.34 10.70 10.24 9.95 7.28 6.88 6.47
4.36 4.24 4.21 4.20 3.67 3.50 3.81 4.18 3.41 3.19 3.94 5.18 5.03 3.83 1.36 5.17 7.49 7.79 7.67 9.99 15.38 12.48 16.00 18.74 25.66 23.27 26.81 29.05 33.80 40.85 40.26 41.43 38.84 30.56 29.50 31.26 32.05 29.83 27.23 27.39 25.25 24.48 24.09 20.23 20.11 19.10 25.12 21.93 17.84 13.91 14.84 16.89 21.81 25.16 25.35 25.58 27.03 26.17 25.57 24.61 22.19 22.36 21.24 20.21 19.42 16.02 15.55 12.32 11.97 11.66 11.11 13.13 12.33 11.62 10.95 10.47 7.73 7.53 7.23 6.82
