examples/cougarCreek-fire/createInputs/farsite/7a-cougarCreek-polygonIgnit/cougarCreekFire_08-12-2015_1000_217m_non_neutral_stability_ang.asc
ncols	146
nrows	140
xllcorner	610065.000000
yllcorner	5095217.000000
cellsize	216.586807
NODATA_value	-9999.000000
[rows 0 to 47 of 140, columns 0 to 95 of 146]
66 40 53 66 80 51 44 44 48 53 59 65 71 72 73 63 68 55 36 30 30 38 53 69 79 80 79 78 79 83 84 87 58 52 48 48 52 58 60 60 59 56 52 47 44 41 37 34 32 13 25 347 19 9 18 16 0 339 12 11 11 356 8 6 6 351 1 359 359 359 1 2 359 353 350 351 352 350 351 352 351 351 351 351 351 351 348 341 334 331 321 310 323 311 309 307
66 40 53 66 80 51 44 44 48 53 59 65 71 72 73 63 68 55 36 30 30 38 53 69 79 80 79 78 79 83 84 87 58 52 48 48 52 58 60 60 59 56 52 47 44 41 37 34 32 13 25 347 19 9 18 16 0 339 12 11 11 356 8 6 6 351 1 359 359 359 1 2 359 353 350 351 352 350 351 352 351 351 351 351 351 351 348 341 334 331 321 310 323 311 309 307
98 66 66 93 116 90 63 44 77 93 102 113 66 89 109 103 101 63 53 34 35 45 58 67 71 71 121 118 83 84 84 118 70 67 49 48 92 63 53 82 45 352 78 52 355 24 344 345 348 339 345 352 357 8 17 16 0 342 10 4 348 352 356 350 348 343 358 356 345 360 3 2 343 350 348 335 331 351 351 352 350 349 350 350 351 352 350 345 339 335 325 312 315 297 289 295
93 80 73 104 111 98 95 82 80 67 96 106 77 80 120 106 107 91 82 59 45 55 69 65 65 75 129 117 79 78 138 127 103 102 95 83 84 85 82 108 82 60 58 35 29 356 337 15 352 341 343 351 354 5 16 16 359 2 3 358 356 357 0 354 353 356 355 349 348 2 349 347 352 347 347 338 339 354 352 350 348 347 348 349 350 352 353 352 350 350 347 337 323 315 315 299
36 93 71 96 108 98 75 85 53 55 89 97 64 64 82 122 116 91 93 87 62 58 62 92 66 69 80 125 123 128 129 129 111 104 109 95 89 95 73 63 54 59 34 2 14 354 352 8 356 346 337 343 351 6 1 354 332 5 358 5 2 354 358 353 356 358 349 357 1 351 350 355 350 348 339 345 0 356 350 347 344 345 346 348 350 353 354 355 357 359 357 351 342 333 325 322
93 86 68 91 103 108 104 100 95 88 84 91 78 64 78 83 126 91 89 71 70 61 63 91 100 69 78 124 124 130 139 157 117 116 117 98 97 97 95 65 86 77 354 331 359 349 350 353 342 340 340 343 352 6 350 337 348 358 360 1 357 356 356 352 0 352 347 352 349 355 355 348 345 351 356 2 347 353 346 342 340 341 344 347 350 353 354 356 359 359 356 354 352 349 340 330
121 92 71 72 95 102 101 74 94 98 90 87 95 64 61 81 136 107 75 71 73 72 70 72 103 68 130 116 123 135 142 143 127 126 119 99 101 106 82 78 78 121 293 301 312 342 327 328 12 359 357 358 347 344 347 348 348 352 350 353 356 359 355 358 358 349 348 348 349 355 346 344 355 355 359 344 357 349 342 338 337 338 341 345 349 353 354 357 358 357 356 355 356 358 356 349
113 108 101 95 94 107 107 95 89 65 92 88 94 80 77 75 128 125 110 73 76 75 72 73 101 72 79 132 123 83 154 137 127 156 129 104 117 117 108 91 98 124 241 287 295 307 323 357 353 351 326 332 345 352 345 337 340 346 346 352 357 355 352 359 348 348 350 348 350 345 355 357 344 342 356 347 353 345 338 335 334 336 340 343 347 351 354 356 357 356 356 356 358 359 360 358
115 105 100 95 91 100 107 107 102 98 100 71 70 103 66 67 91 131 116 76 79 80 70 70 103 78 84 137 127 136 155 141 154 167 134 114 132 131 117 112 124 98 178 233 360 294 302 324 310 319 320 327 342 347 348 339 336 340 346 352 354 357 355 350 348 349 348 346 346 344 356 341 351 353 342 341 351 341 336 335 335 336 339 342 345 350 354 356 356 356 356 357 357 358 359 359
117 107 99 95 87 91 93 100 103 102 103 102 97 102 118 84 92 97 128 86 84 89 82 75 79 116 85 138 138 137 157 151 156 159 136 122 134 131 112 115 146 207 217 344 293 347 299 297 314 316 320 334 338 340 327 329 328 335 341 347 357 359 349 347 347 347 345 344 344 345 346 356 353 344 342 357 348 338 336 338 338 339 339 341 344 348 352 355 355 355 356 357 357 358 359 360
49 119 117 102 96 87 84 91 95 98 102 103 103 101 80 82 84 97 135 114 96 111 95 86 82 113 84 133 134 135 165 153 150 164 139 128 134 126 118 137 159 213 26 281 295 345 292 300 301 318 342 330 326 349 341 323 324 334 338 354 355 348 345 346 347 348 346 346 347 347 348 350 346 348 348 354 345 338 339 341 342 341 341 341 343 347 351 353 353 354 354 355 356 358 2 3
43 108 115 116 110 99 86 87 94 100 102 105 109 105 108 112 76 95 125 122 100 116 103 97 89 102 87 140 137 142 167 160 169 165 145 133 129 126 134 135 158 59 234 1 346 338 284 285 299 310 307 312 335 351 330 320 324 332 340 354 350 345 346 345 345 346 357 358 358 358 349 349 354 346 354 350 342 339 342 345 345 344 343 342 344 347 350 351 352 352 352 351 354 0 6 6
84 77 82 91 105 100 92 82 84 96 99 101 104 112 82 84 83 133 115 119 112 117 121 101 94 91 90 129 133 94 169 163 165 83 147 139 139 137 127 69 145 69 20 261 334 280 269 291 294 297 294 295 331 340 313 313 323 329 337 348 350 357 346 347 357 357 357 357 357 356 356 354 348 346 351 346 341 341 345 347 338 346 344 344 345 347 348 350 351 351 350 348 351 1 8 7
27 35 55 78 90 95 95 76 73 72 87 96 98 104 76 81 82 131 124 116 112 112 121 115 97 93 129 136 132 99 165 175 158 156 143 135 147 149 69 75 132 70 2 337 275 256 264 285 291 287 288 294 316 316 310 313 318 329 335 340 349 357 358 345 342 341 338 337 336 338 349 350 351 351 349 344 342 343 347 348 348 347 346 345 346 348 348 348 349 350 350 348 351 360 8 8
29 52 62 73 79 87 98 98 87 75 70 83 88 89 99 67 72 79 127 122 123 119 126 129 99 95 125 128 137 102 178 172 154 155 145 137 151 151 85 91 87 65 343 269 250 255 266 293 293 286 283 293 300 300 301 306 315 324 332 337 340 339 337 340 338 337 337 337 337 345 341 338 349 344 347 344 343 344 347 348 348 348 347 347 348 348 347 348 348 348 347 348 353 2 12 14
61 69 78 80 82 91 102 106 103 86 73 83 92 87 83 90 65 65 116 112 117 117 122 135 123 115 124 134 138 104 172 158 158 125 150 151 147 89 94 97 198 63 336 263 251 262 282 290 288 272 279 288 298 307 305 309 319 321 327 335 334 332 332 333 335 337 335 338 342 335 336 348 346 345 344 343 344 345 334 346 346 347 347 347 349 349 347 348 348 347 343 343 351 5 23 28
63 68 75 86 86 85 94 99 103 101 88 88 101 103 86 68 63 91 96 100 106 109 115 94 130 119 127 125 101 153 165 152 158 166 159 161 109 98 97 159 96 78 314 293 263 272 279 280 275 268 271 290 302 302 300 320 319 325 321 330 335 333 334 333 335 336 334 339 335 341 347 350 344 341 340 340 342 344 346 345 345 346 346 348 349 348 347 348 349 347 341 337 340 353 352 21
73 71 73 84 89 83 83 92 101 104 94 85 89 92 85 74 68 65 83 72 92 94 98 83 131 120 128 124 101 153 160 157 162 162 170 163 126 108 101 170 97 99 288 257 263 270 275 270 270 269 282 296 301 293 307 311 305 322 319 323 330 331 331 329 328 333 335 339 344 348 342 336 333 330 328 327 339 342 345 346 340 347 348 350 349 347 346 348 351 349 342 336 339 347 324 346
93 87 84 87 98 98 90 95 104 109 102 90 82 84 93 94 89 89 92 87 92 98 91 103 117 122 124 120 132 153 160 163 166 147 175 162 142 122 149 172 193 225 283 286 264 263 268 269 266 277 285 291 285 280 298 295 291 299 311 323 326 324 324 326 328 330 333 344 343 338 336 338 334 334 330 329 332 340 341 345 347 348 350 352 350 348 347 349 352 349 342 339 344 356 4 335
102 97 90 88 95 97 91 90 98 104 99 93 85 85 99 103 105 98 99 94 92 100 87 96 100 113 94 116 141 152 160 167 179 196 170 161 152 138 151 173 196 226 277 282 266 263 266 268 277 284 284 275 302 277 295 295 293 300 312 319 321 322 318 321 321 325 326 326 331 333 336 336 332 340 338 331 331 328 328 335 346 348 351 352 350 349 350 351 352 348 341 340 349 0 4 331
42 99 92 86 92 93 91 89 94 101 93 92 106 87 83 91 95 100 102 99 92 106 86 76 88 108 88 114 137 146 158 170 182 196 178 161 158 149 137 184 142 173 263 277 266 268 270 273 277 275 276 268 275 289 308 286 295 305 308 318 322 322 322 320 320 323 327 329 335 332 338 334 332 332 339 331 333 333 333 331 339 348 350 350 351 351 353 353 352 347 341 341 352 360 319 323
75 74 79 83 85 86 84 85 89 98 96 95 109 110 79 74 76 83 85 90 90 102 95 93 96 106 108 121 133 145 157 163 186 200 180 164 167 152 167 145 160 203 254 269 265 260 262 272 271 263 264 261 269 272 304 280 313 305 308 320 322 325 325 322 329 322 324 325 334 333 329 329 332 336 334 335 332 330 336 338 347 347 348 351 352 353 354 354 351 347 344 346 356 5 7 341
56 59 64 66 74 77 76 81 84 94 95 89 92 121 97 80 72 75 78 90 93 95 92 87 88 100 107 114 125 143 152 158 194 196 182 170 165 155 172 148 175 226 255 267 263 265 269 269 257 255 256 280 288 263 301 303 307 293 311 321 324 328 326 332 328 320 320 323 324 330 331 330 331 341 331 330 332 332 333 333 333 347 348 352 355 354 354 354 350 347 349 357 6 14 19 357
63 57 58 50 62 69 77 83 87 94 96 88 88 109 102 97 90 88 87 92 98 97 97 79 70 89 90 112 118 135 149 161 183 191 173 176 169 158 171 152 189 236 254 259 260 263 265 260 255 256 274 277 287 294 303 305 308 314 321 315 324 327 330 322 320 318 317 319 324 331 327 337 329 330 332 331 331 336 341 337 337 335 350 352 354 353 352 351 348 349 356 8 16 23 29 8
26 49 44 52 63 68 74 79 84 87 97 93 87 93 101 94 90 87 85 83 88 94 99 93 74 88 104 112 121 126 136 157 179 192 182 180 172 166 180 163 204 249 255 262 261 257 261 262 259 258 272 277 283 288 297 286 291 297 301 324 333 323 336 336 332 325 322 322 326 328 331 333 332 333 331 331 331 332 348 350 345 342 354 353 353 352 350 345 343 352 7 17 20 29 38 15
18 49 59 66 75 78 75 79 81 81 92 90 84 84 98 96 92 88 86 83 82 91 96 92 83 86 101 110 119 117 134 157 184 196 189 181 173 180 200 177 215 249 255 257 260 266 269 266 259 254 273 277 279 281 287 283 293 298 318 318 326 324 334 327 328 328 327 328 329 339 336 336 335 334 338 333 339 335 335 350 353 357 358 356 355 354 349 339 336 355 17 23 25 2 14 15
1 29 34 61 69 75 72 70 73 75 83 85 83 83 83 91 91 88 88 86 85 92 92 85 76 80 96 105 116 119 130 152 182 194 184 176 181 194 211 235 241 241 250 254 257 258 257 255 253 270 270 274 277 278 279 289 305 313 311 313 308 316 324 328 331 331 339 341 342 341 335 339 339 338 333 344 345 350 335 335 353 357 359 359 358 358 354 339 330 352 29 39 44 5 11 12
33 54 57 60 61 68 74 72 67 69 80 88 87 83 74 81 82 84 89 87 87 94 92 80 68 72 85 97 110 119 131 148 169 183 181 182 193 210 225 235 240 242 248 255 257 256 256 258 257 267 268 272 276 277 281 289 298 304 306 311 318 315 329 334 338 344 343 342 333 329 329 329 330 331 336 335 336 332 341 334 336 339 359 360 1 3 2 348 333 347 98 258 290 328 2 360
80 76 74 68 64 67 73 82 82 75 78 90 79 86 72 76 80 82 87 86 86 92 95 85 66 61 73 83 98 112 128 146 154 173 187 200 215 227 230 237 245 247 253 260 263 265 268 268 257 271 270 274 275 279 285 291 293 297 303 309 315 320 317 330 334 337 338 339 332 330 329 328 326 325 325 324 325 325 329 330 334 337 1 0 4 10 13 2 348 7 45 38 257 304 340 347
90 87 81 75 70 68 71 76 89 86 85 86 91 96 88 78 83 85 89 88 88 94 98 97 83 74 71 73 91 96 118 134 149 171 187 202 223 231 232 242 248 254 262 263 261 261 265 256 273 273 272 273 275 278 283 288 288 291 298 303 307 313 320 326 328 329 323 324 325 327 327 323 328 329 328 329 329 328 329 332 337 344 335 6 10 20 21 14 7 7 16 18 17 327 342 350
66 91 94 92 84 77 70 69 74 77 75 82 86 61 89 79 83 87 89 91 93 98 100 104 98 90 82 75 86 83 104 122 146 170 191 214 233 225 239 249 253 260 266 265 260 259 258 274 273 272 271 272 275 278 276 277 282 288 294 289 294 301 315 314 317 317 319 320 328 329 329 337 338 331 332 332 336 336 335 333 336 337 342 20 22 23 20 19 15 9 16 28 31 294 318 349
42 68 90 81 81 78 77 75 74 77 73 70 74 76 84 76 73 80 78 81 89 97 101 105 104 98 93 79 79 79 91 95 142 174 201 234 230 223 243 252 258 262 266 269 269 266 264 274 275 275 273 272 275 278 274 277 286 291 294 286 291 298 310 307 311 316 319 322 324 324 324 325 327 327 326 327 331 331 332 338 4 340 20 22 23 20 18 21 22 19 24 39 39 302 312 342
39 56 61 99 87 92 89 81 77 75 77 78 85 83 82 82 70 69 69 68 72 79 87 100 107 107 92 84 79 76 79 86 113 182 224 236 227 234 245 246 256 263 265 267 271 273 275 270 275 279 280 280 280 283 283 285 291 295 286 284 285 288 294 301 307 318 322 326 328 329 325 322 322 315 313 321 321 339 359 5 11 17 17 17 21 25 26 29 33 33 32 34 29 20 325 341
36 40 30 42 98 95 94 90 82 78 84 84 80 77 88 86 75 67 60 57 61 67 67 72 84 95 104 88 81 78 78 80 85 140 261 258 251 254 258 261 263 263 263 266 274 276 279 265 271 279 284 286 287 288 288 288 288 289 288 287 286 284 287 293 296 297 299 301 300 296 295 313 320 326 333 315 318 322 339 7 18 342 18 15 30 42 44 46 48 47 42 33 24 21 329 336
0 15 59 28 45 88 87 88 87 85 82 77 82 82 70 87 79 76 73 69 66 65 65 70 67 74 79 81 81 82 82 78 68 32 288 273 266 265 269 272 270 268 270 270 272 276 277 263 269 277 282 283 282 280 280 280 277 275 275 275 277 278 278 277 280 284 285 286 300 299 302 310 318 306 319 324 321 311 308 319 337 324 24 304 48 57 56 58 61 60 52 38 25 25 316 327
55 58 62 73 46 54 84 78 75 76 71 61 60 65 78 62 64 67 70 91 81 71 66 66 62 60 60 67 76 82 83 75 63 27 318 287 272 261 256 256 259 263 267 265 263 267 272 277 286 272 276 281 279 271 267 267 268 270 270 274 272 273 276 279 291 299 307 314 318 317 315 314 298 317 305 310 308 307 308 306 306 23 338 325 43 58 63 63 65 63 53 39 23 24 320 337
69 66 70 74 44 40 42 75 68 67 64 61 61 62 65 70 72 75 75 69 61 60 63 64 63 57 56 63 71 77 78 74 59 31 350 327 305 357 309 279 268 262 260 262 267 264 262 268 278 270 271 276 279 274 268 265 263 265 269 270 270 272 277 283 285 300 310 316 323 312 327 327 323 306 319 27 27 32 304 40 35 295 327 333 53 65 70 67 64 60 54 46 30 31 319 336
69 71 72 72 68 59 65 58 59 56 54 62 65 61 53 51 53 51 47 47 49 55 60 60 61 58 58 68 72 73 74 72 56 34 360 344 338 323 304 290 301 272 270 265 262 271 271 265 268 274 281 267 268 284 269 264 260 259 262 267 260 259 261 266 273 281 291 300 309 318 325 336 312 343 344 10 30 41 46 49 52 288 280 277 330 72 77 70 63 61 60 57 49 55 276 289
9 9 73 65 58 49 39 35 51 51 57 61 59 55 53 55 56 54 53 57 59 58 61 63 59 54 62 72 73 71 72 78 76 43 9 1 4 16 348 320 302 290 295 290 287 281 275 272 258 265 272 276 277 278 276 274 272 271 260 262 262 262 264 266 256 271 257 262 268 273 279 307 343 349 356 10 24 36 50 66 78 87 92 81 73 33 82 73 66 65 63 57 50 52 65 293
359 61 56 54 52 47 44 43 52 58 62 64 63 65 64 64 62 57 53 54 55 56 68 69 59 56 67 73 67 71 74 74 70 39 332 337 327 319 318 302 308 306 293 289 286 282 279 271 267 263 262 264 263 266 274 277 272 271 273 264 261 259 260 262 263 262 263 262 264 265 271 257 270 285 322 6 24 38 51 66 78 84 90 98 103 301 79 69 68 67 60 51 43 41 60 288
348 31 37 40 36 43 41 46 55 57 64 70 74 74 66 64 59 51 49 55 60 66 76 68 53 56 68 71 69 71 74 71 56 30 334 306 292 282 291 306 307 300 292 267 258 257 261 263 263 275 272 269 262 255 255 253 253 251 247 249 258 263 257 255 255 265 268 261 266 268 272 277 279 247 241 233 120 56 58 65 73 81 84 100 121 269 41 64 60 60 56 48 41 41 57 74
327 347 26 37 42 45 37 50 55 60 66 68 68 63 56 56 51 47 54 68 76 80 76 57 50 60 69 72 71 73 71 62 49 28 352 322 299 285 273 273 291 286 278 274 274 275 260 258 280 281 277 278 260 276 268 265 260 260 241 237 254 248 253 255 259 264 266 264 264 266 267 281 280 285 282 286 222 191 111 80 76 77 85 91 105 118 246 43 53 56 53 48 45 46 54 63
355 23 35 52 62 45 47 55 55 58 65 68 63 54 50 48 47 55 69 76 81 78 63 46 53 68 74 71 71 74 69 58 49 37 32 19 314 291 278 269 274 281 276 269 264 262 268 274 278 260 276 274 277 274 269 241 239 266 267 265 236 261 259 232 226 224 225 225 225 224 225 227 226 223 227 235 273 281 193 154 97 83 87 89 83 86 105 279 33 65 62 54 52 53 55 57
354 17 67 0 41 35 55 52 54 64 66 57 47 45 43 42 50 56 64 73 76 66 51 45 59 73 72 66 69 76 67 56 49 41 38 30 342 303 288 272 263 267 268 260 251 252 256 259 263 268 267 266 273 273 270 270 267 266 250 237 233 229 227 231 235 240 240 237 251 230 241 238 240 244 242 212 215 221 255 186 148 104 97 101 87 79 87 128 159 93 77 66 61 58 58 59
351 349 340 58 39 34 53 48 54 56 47 42 39 44 45 46 46 45 59 68 67 58 51 52 63 71 64 61 70 78 64 51 42 37 39 39 12 333 311 292 274 260 248 247 250 256 262 266 269 266 260 260 264 263 256 245 233 232 233 238 239 238 242 257 262 268 270 267 268 271 270 263 259 256 245 227 214 201 217 5 180 137 109 110 109 97 87 86 126 112 79 74 7 68 11 12
57 62 41 32 31 38 35 43 47 34 54 36 44 53 52 48 38 52 68 73 71 63 57 50 59 64 58 62 76 79 63 52 46 40 37 29 20 17 3 319 293 335 313 297 291 267 264 261 269 275 264 247 243 238 235 231 237 240 245 248 252 266 269 271 272 272 263 261 269 264 261 264 262 258 253 244 242 229 221 229 77 168 120 101 111 105 97 96 102 93 91 84 75 75 7 83
343 346 345 19 28 33 24 28 27 42 30 41 50 52 50 48 49 68 75 77 75 61 50 41 45 53 56 67 77 71 59 53 49 45 40 34 16 0 350 356 359 352 346 336 322 287 277 261 257 241 241 243 250 252 249 246 247 262 275 281 282 279 276 274 273 265 267 264 261 254 248 243 238 255 255 264 243 246 230 224 252 173 137 100 90 87 87 99 145 153 313 110 84 76 80 81
338 348 354 30 31 29 15 21 28 25 40 48 54 54 56 65 57 60 75 73 67 51 40 35 42 50 62 73 75 69 60 57 58 47 48 45 14 0 354 342 4 351 356 356 313 305 286 266 257 251 251 260 273 274 269 271 281 285 289 291 283 277 273 272 270 267 266 263 250 243 235 249 245 245 247 250 216 215 207 227 232 167 168 113 78 75 74 75 106 145 142 133 116 21 86 85
