examples/cougarCreek-fire/createInputs/farsite/7a-cougarCreek-polygonIgnit/cougarCreekFire_08-13-2015_0000_217m_non_neutral_stability_ang.asc
ncols	146
nrows	140
xllcorner	610065.000000
yllcorner	5095217.000000
cellsize	216.586807
NODATA_value	-9999.000000
[rows 0 to 41 of 140, columns 0 to 93 of 146]
307 304 301 301 301 299 298 298 298 292 299 300 301 301 300 299 299 297 294 293 292 289 295 299 300 299 297 297 297 297 297 295 293 293 293 293 294 308 300 296 299 300 296 299 298 300 297 296 296 295 295 294 293 294 295 296 296 293 291 292 293 292 292 293 293 293 291 291 293 296 298 296 293 291 292 294 295 290 286 286 287 290 294 306 311 310 301 308 307 306 301 304 310 307
307 304 301 301 301 299 298 298 298 292 299 300 301 301 300 299 299 297 294 293 292 289 295 299 300 299 297 297 297 297 297 295 293 293 293 293 294 308 300 296 299 300 296 299 298 300 297 296 296 295 295 294 293 294 295 296 296 293 291 292 293 292 292 293 293 293 291 291 293 296 298 296 293 291 292 294 295 290 286 286 287 290 294 306 311 310 301 308 307 306 301 304 310 307
308 305 301 300 301 300 299 299 299 299 299 299 300 301 300 299 299 297 296 295 294 292 294 296 298 297 297 296 296 296 295 295 293 293 293 293 293 293 294 294 294 294 294 294 294 294 295 294 294 294 293 293 293 293 293 293 293 292 291 291 291 291 291 292 292 292 291 291 292 294 295 294 292 292 292 293 295 294 291 290 291 292 294 297 298 299 300 299 298 299 298 296 299 303
309 307 302 301 302 301 301 301 301 300 300 300 300 301 301 300 299 298 297 297 296 294 293 293 295 296 296 295 294 294 294 294 294 293 293 292 291 291 292 293 293 292 293 293 292 292 292 292 291 292 292 292 292 291 291 290 290 290 290 289 290 291 290 290 290 291 292 292 291 291 290 291 292 293 293 294 296 297 296 296 295 295 295 296 297 298 300 301 301 301 300 297 297 301
308 306 302 301 301 301 301 300 298 300 301 300 300 300 301 300 300 299 298 297 296 294 294 293 294 295 295 294 293 293 294 295 294 293 292 292 291 291 291 292 292 292 292 292 291 291 291 291 291 292 292 292 291 295 289 289 289 289 289 289 290 291 291 290 290 291 292 291 290 289 290 292 294 294 295 295 297 297 296 297 297 297 297 297 298 300 301 302 303 304 304 302 310 310
307 305 302 300 300 300 300 300 300 301 300 302 299 299 300 300 301 300 300 298 297 294 293 292 292 294 294 293 293 294 294 294 293 293 292 292 291 291 290 291 291 291 291 292 291 291 292 292 291 296 296 297 290 289 288 288 289 290 290 290 290 290 290 290 290 291 298 290 289 289 291 293 294 294 294 294 295 297 297 297 297 298 298 298 298 300 301 301 302 304 304 304 302 316
304 302 300 299 299 299 300 301 301 302 300 300 302 299 299 300 300 300 299 297 297 295 294 294 295 297 295 298 298 298 294 294 293 293 293 292 291 291 290 294 295 291 296 291 292 297 297 297 294 293 301 290 296 289 289 289 290 290 290 290 290 297 297 290 290 298 290 290 290 291 292 294 293 293 292 293 296 297 297 298 297 298 298 298 284 300 301 302 303 305 305 305 304 316
302 300 298 297 297 298 298 299 297 298 299 299 301 304 306 300 300 305 301 297 297 297 296 295 295 296 298 298 297 297 294 298 298 294 293 291 291 291 294 294 294 295 295 296 297 298 297 294 293 302 296 296 290 290 290 290 290 290 290 290 298 296 290 290 290 297 290 290 291 292 292 292 292 292 293 295 297 297 297 298 298 298 299 299 299 300 301 303 304 305 305 306 306 306
300 299 297 297 296 302 297 302 300 299 300 300 299 302 304 298 305 304 302 297 297 297 296 296 294 295 297 297 297 297 298 298 297 293 292 294 294 294 293 293 294 295 295 296 297 298 297 296 296 296 297 297 298 297 297 290 290 290 298 290 297 289 290 291 299 297 297 300 291 291 291 291 292 293 295 296 296 296 297 299 299 299 299 300 300 301 302 303 304 305 306 306 307 307
297 297 296 295 295 296 298 301 301 301 301 300 301 300 303 304 304 304 301 296 296 297 295 293 299 294 296 297 297 296 298 298 297 297 296 294 294 293 293 293 295 296 296 296 296 297 297 297 297 298 298 296 297 297 289 290 290 290 297 289 289 290 291 300 299 300 300 301 291 291 291 292 293 294 295 296 296 297 299 300 300 300 300 300 301 301 302 304 305 299 307 307 308 308
308 294 293 293 294 294 294 297 299 300 300 300 300 303 302 302 303 297 301 298 296 301 295 294 295 308 312 313 296 296 298 298 296 297 296 294 293 293 293 293 294 296 297 308 306 307 297 298 298 309 305 306 298 290 290 290 291 298 290 290 290 299 299 298 301 300 300 301 292 292 292 293 294 294 295 297 298 298 300 300 300 301 301 301 301 300 293 304 305 306 308 309 309 309
291 291 302 300 298 295 293 294 297 303 304 300 301 300 300 300 296 303 301 299 298 301 300 294 293 304 311 313 310 295 298 297 296 296 295 294 293 293 292 292 293 307 310 310 308 308 297 298 308 309 309 300 292 291 298 299 299 299 300 291 291 300 298 299 300 292 292 292 292 292 293 293 294 295 296 298 298 298 300 301 301 301 301 302 302 303 304 305 306 306 308 309 310 310
288 288 289 298 298 296 292 291 293 296 301 304 307 300 299 299 300 301 298 298 300 302 304 296 293 296 312 312 311 312 297 297 296 296 295 294 294 293 292 290 303 307 311 311 310 309 296 307 308 300 300 300 293 292 299 300 300 300 300 300 299 295 296 292 292 292 292 292 292 292 293 293 294 296 297 298 298 299 300 301 301 302 302 302 303 303 304 305 306 307 308 309 311 312
285 286 286 287 289 294 291 292 289 291 294 299 301 306 298 298 298 300 298 303 301 301 305 301 294 297 311 312 313 314 316 297 310 308 306 305 306 306 302 300 305 305 311 312 311 296 296 307 309 300 299 299 299 298 299 300 301 300 301 299 294 293 291 291 291 291 291 291 291 292 294 295 295 297 298 298 299 299 300 301 302 302 303 303 303 304 305 306 307 307 308 309 312 315
282 283 284 286 287 288 289 290 292 289 290 293 294 296 303 309 312 313 310 307 307 305 307 308 300 301 309 311 312 315 317 297 308 308 306 305 306 306 300 296 305 303 309 310 310 308 308 307 308 311 298 298 299 299 299 299 309 300 299 297 291 291 291 290 298 301 301 302 292 294 306 296 296 297 298 298 298 299 301 302 303 303 303 304 304 304 305 306 307 311 303 311 312 309
279 281 283 284 285 286 293 294 293 289 289 292 295 293 294 303 313 314 311 309 310 308 308 311 307 303 308 311 312 316 317 311 309 309 306 306 305 303 302 302 305 305 308 311 311 309 307 303 305 309 296 297 309 309 298 297 306 299 309 299 298 298 300 301 301 301 302 293 293 295 296 296 296 297 298 299 298 299 301 302 303 304 304 304 305 305 305 306 307 307 311 309 309 316
278 280 281 283 285 286 287 292 294 293 291 292 302 303 292 285 290 309 307 305 310 309 308 296 310 306 308 311 315 317 315 310 311 310 308 308 305 302 303 307 307 307 309 313 313 311 305 304 307 309 297 310 308 310 309 295 295 309 300 300 300 301 301 302 303 303 294 305 295 296 297 297 297 298 298 300 300 300 302 303 304 305 306 306 306 306 306 307 308 308 307 305 307 313
277 279 280 282 284 285 285 289 293 300 292 292 296 304 289 280 280 288 294 295 301 300 308 316 314 308 311 314 316 315 314 313 312 311 311 309 304 304 306 310 310 310 311 312 315 313 310 311 311 312 314 304 305 314 312 295 298 312 301 303 303 304 305 305 305 296 297 302 299 297 298 299 299 300 300 302 303 303 304 306 307 308 308 308 308 309 309 322 324 311 309 307 309 314
277 278 279 281 283 284 285 289 301 304 293 292 288 290 294 294 291 293 296 293 298 301 299 312 312 310 314 316 317 317 317 317 315 315 314 310 305 305 308 311 311 312 313 315 317 317 317 318 316 317 310 309 315 301 315 312 303 303 315 306 305 317 305 307 297 304 302 295 298 299 300 302 302 303 303 305 306 306 307 308 310 311 311 312 311 312 312 327 328 314 313 325 322 318
276 278 279 281 282 284 288 288 300 303 293 294 288 291 301 306 304 300 302 298 300 307 299 302 310 313 316 318 318 318 319 320 324 302 299 310 307 305 311 314 314 314 315 316 320 321 321 323 318 313 313 321 316 318 320 317 316 306 319 321 309 320 310 311 309 300 301 301 301 302 304 305 306 306 306 308 309 309 310 311 313 314 315 316 315 315 315 332 332 317 316 329 332 329
276 278 279 285 287 288 288 288 291 302 292 295 305 293 293 303 308 306 307 303 304 311 298 298 301 312 317 318 319 320 321 322 304 306 302 310 313 302 312 321 320 315 315 318 320 320 320 321 300 320 320 325 322 322 322 305 306 323 325 325 324 324 312 313 302 303 304 304 305 306 307 308 309 310 310 311 313 313 314 315 317 318 319 319 319 319 319 319 320 320 335 343 334 321
275 277 279 285 287 287 288 288 290 302 296 296 309 307 287 296 290 295 302 301 300 309 303 303 305 310 316 318 319 322 323 325 306 308 304 303 316 304 318 325 317 307 316 321 324 326 324 324 327 328 329 326 328 325 307 321 328 329 329 327 329 329 331 306 316 317 318 319 308 309 310 311 313 313 313 315 316 316 317 319 320 321 322 323 322 322 322 323 324 324 341 341 342 343
275 277 278 280 284 285 285 287 288 299 297 294 305 315 296 295 283 297 291 299 300 304 303 301 303 312 317 319 321 324 325 311 306 331 305 302 313 309 321 322 307 307 312 325 329 328 326 329 335 330 329 325 325 311 310 329 332 333 335 332 335 335 321 321 320 322 323 311 312 313 314 315 317 317 318 319 320 321 321 322 323 324 325 326 326 326 326 327 328 343 0 359 358 358
275 276 278 280 281 283 284 287 294 299 299 292 296 312 306 298 295 295 297 305 309 308 306 297 294 305 320 321 322 323 322 323 309 311 307 309 314 315 321 321 320 315 319 333 333 332 332 337 335 335 330 308 328 326 329 335 336 338 340 341 342 325 326 314 327 327 328 329 318 318 319 320 322 322 323 323 324 325 326 327 327 328 329 330 330 330 331 331 348 3 355 351 355 354
274 276 277 279 280 282 284 286 288 298 304 296 295 307 309 300 297 297 298 299 305 311 312 305 296 301 317 320 321 319 320 325 319 314 326 317 317 320 327 322 327 336 335 308 340 340 340 342 345 343 329 315 335 338 342 344 344 346 347 347 349 332 345 344 333 335 335 336 324 340 325 326 327 328 328 329 329 330 331 332 332 333 333 333 333 334 334 334 333 360 4 6 360 360
274 276 277 278 280 282 284 286 288 294 303 299 293 297 308 304 299 297 297 296 298 309 312 309 304 304 314 318 318 317 323 318 322 339 312 314 322 327 335 319 321 342 338 341 344 312 347 314 349 344 317 330 344 343 349 351 353 321 356 354 355 337 352 360 342 343 343 344 347 348 350 333 334 334 334 335 335 336 336 336 337 338 338 338 338 338 339 338 18 15 9 10 6 8
274 275 276 278 281 283 283 285 284 288 297 295 294 293 302 308 302 299 300 299 300 309 311 308 306 305 314 312 314 315 316 312 326 333 327 324 328 335 338 334 340 344 343 344 347 348 349 351 350 344 322 338 346 345 350 353 357 2 1 359 360 343 344 4 7 10 352 353 356 358 359 340 341 341 341 341 342 342 342 342 342 343 343 343 343 344 345 344 18 18 24 342 12 17
273 275 276 278 278 280 282 283 277 280 291 296 298 293 291 297 297 299 302 301 303 310 311 305 303 304 315 310 311 313 306 312 271 324 328 333 339 344 345 345 345 345 346 347 350 353 354 354 357 345 325 342 351 342 350 358 3 4 4 8 10 13 19 24 28 29 25 4 5 5 5 348 348 348 348 349 349 349 349 349 349 349 349 349 349 349 351 352 25 18 16 21 24 23
273 275 277 278 280 279 282 284 286 283 290 298 302 293 286 291 295 297 302 301 303 309 311 303 297 297 305 315 309 300 309 286 295 317 330 341 350 355 354 353 351 352 351 353 358 325 326 327 0 331 330 349 354 343 2 9 12 13 18 24 28 28 29 31 34 37 38 16 16 15 15 357 357 357 357 357 357 357 357 356 356 355 355 355 355 356 358 359 28 22 359 356 10 15
273 275 276 278 280 279 281 285 293 291 293 297 303 309 296 293 297 299 302 301 302 308 309 307 299 296 300 309 313 299 310 310 314 311 301 327 353 6 359 358 358 358 340 328 328 329 330 5 335 336 336 352 357 358 17 21 24 24 25 27 30 31 33 35 36 20 23 24 25 26 25 6 6 6 6 5 5 5 4 4 3 3 2 1 2 3 4 6 7 29 27 25 20 25
273 275 276 278 280 280 281 282 284 287 287 295 299 307 305 295 300 305 307 307 308 313 311 311 307 304 305 306 318 303 310 316 322 319 331 337 342 5 359 353 340 339 330 332 333 334 5 351 340 341 344 350 9 21 28 26 20 22 26 29 33 37 40 41 41 25 25 25 26 26 24 15 14 14 14 13 13 13 12 11 11 10 10 10 10 10 10 12 13 45 42 40 31 30
273 275 276 278 279 280 281 283 281 284 283 284 289 293 304 296 296 303 307 310 314 316 315 313 310 308 309 310 321 310 312 316 330 330 322 304 274 267 346 340 340 341 333 335 337 339 341 359 345 348 351 354 19 23 20 13 16 22 28 33 39 44 48 45 44 44 34 35 36 36 37 40 41 42 22 21 21 20 20 19 19 18 17 17 17 16 17 19 20 52 47 45 39 35
271 274 276 278 278 281 283 284 281 284 286 287 294 299 303 298 292 294 299 304 313 320 319 317 314 311 309 307 318 308 319 313 331 316 329 302 291 298 294 2 341 346 336 337 339 342 345 17 350 355 358 2 12 19 14 17 26 33 37 39 40 43 48 53 58 25 63 28 68 73 30 64 54 31 31 29 28 52 59 27 26 25 23 22 23 23 24 26 35 58 50 49 46 45
271 273 282 278 284 284 285 286 285 285 291 297 302 303 302 299 293 290 288 290 297 308 316 320 320 319 315 311 312 323 302 309 331 315 335 316 311 316 9 8 357 353 340 340 30 30 30 29 354 358 2 344 15 37 32 36 37 42 48 27 52 52 56 30 32 61 35 63 64 54 48 44 38 38 36 35 35 35 62 34 34 33 31 30 30 31 33 33 52 80 58 55 54 54
272 274 275 284 285 286 286 291 292 293 292 293 298 302 304 300 294 290 287 289 292 296 301 307 317 325 325 318 317 325 301 302 323 323 333 303 304 310 310 34 20 25 32 35 36 40 41 43 358 1 5 11 17 47 55 55 49 50 56 59 63 59 43 55 56 57 51 49 43 44 44 45 46 53 59 60 58 41 41 41 41 40 39 38 37 38 40 40 62 76 65 58 58 57
273 275 277 279 284 287 288 289 288 290 287 283 283 290 301 305 305 306 309 307 302 298 296 294 290 285 305 317 322 311 305 302 312 352 337 0 273 260 258 267 340 354 10 346 350 353 48 55 57 6 10 15 20 45 53 62 60 58 60 61 58 60 56 54 53 48 46 44 44 45 46 49 55 59 62 63 46 46 46 46 45 45 44 42 40 42 44 45 64 70 73 64 61 61
275 277 279 282 285 298 297 291 286 285 283 283 285 285 289 296 300 303 304 298 290 290 289 283 277 276 281 292 306 319 312 313 326 1 10 14 14 3 344 329 339 330 339 346 353 358 360 0 58 65 20 20 22 30 35 37 66 65 66 66 67 66 66 63 60 55 47 46 50 60 50 52 53 53 48 47 47 47 47 47 46 46 47 45 42 43 45 46 56 67 82 68 62 63
277 279 281 284 286 288 291 284 294 279 279 285 288 283 280 282 285 282 276 274 277 282 281 277 275 277 283 281 273 302 306 313 339 8 18 34 31 18 0 359 360 356 355 351 357 1 4 6 47 55 68 29 35 38 41 44 44 45 47 48 49 51 52 54 55 57 56 56 56 56 59 70 61 45 46 46 47 48 48 48 48 48 49 49 45 43 46 47 59 68 82 67 63 61
280 281 283 285 286 288 269 292 277 277 280 283 281 279 277 280 279 275 274 279 281 279 279 278 275 277 285 281 271 304 295 305 337 11 27 26 26 24 19 18 19 21 15 8 1 4 8 11 10 15 60 69 44 34 38 40 42 41 41 42 55 56 57 59 60 61 60 60 60 61 62 61 61 61 60 51 46 47 48 49 49 49 50 50 47 45 47 49 68 63 92 65 63 62
283 284 285 286 287 288 263 292 280 282 284 284 285 282 283 283 281 276 276 278 275 275 284 282 276 281 288 281 276 270 291 294 324 310 349 35 33 25 22 15 7 24 16 37 35 38 44 44 41 23 22 54 57 65 57 45 61 61 48 50 49 64 65 66 67 53 53 53 53 54 53 52 51 66 64 63 64 46 48 49 50 51 52 52 49 45 48 51 51 68 82 75 66 65
284 285 287 286 287 289 267 293 295 283 286 289 291 289 286 284 279 272 272 275 276 283 289 279 279 284 288 282 281 286 292 283 282 290 275 281 291 27 21 12 358 359 6 10 15 48 53 53 55 56 57 60 44 40 43 45 47 47 49 52 63 52 54 55 56 57 58 59 60 60 60 59 58 57 56 54 51 49 64 73 50 52 54 55 52 49 51 53 54 55 82 92 77 69
285 286 288 285 287 269 290 294 296 287 289 290 290 284 280 280 273 272 276 286 290 292 287 280 280 285 288 285 285 281 279 271 237 208 229 51 279 287 30 53 349 56 55 58 61 28 30 31 34 38 43 47 50 54 55 56 56 56 60 62 50 53 56 59 61 63 64 65 66 66 66 65 64 64 63 62 59 56 51 50 59 53 54 54 53 53 55 56 56 57 59 99 89 75
