examples/cougarCreek-fire/createInputs/farsite/7a-cougarCreek-polygonIgnit/cougarCreekFire_08-13-2015_1100_217m_non_neutral_stability_vel.asc
ncols	146
nrows	140
xllcorner	610065.000000
yllcorner	5095217.000000
cellsize	216.586807
NODATA_value	-9999.000000
[rows 35 to 69 of 140, columns 0 to 79 of 146]
14.54 12.46 11.84 8.15 11.78 12.02 6.77 11.79 15.54 18.45 22.64 27.80 28.46 26.73 23.29 21.68 18.91 16.57 14.60 13.37 15.70 18.67 17.05 13.88 8.00 6.19 5.22 2.25 3.40 9.70 12.84 10.10 19.12 26.12 18.75 17.88 19.79 16.73 15.81 15.56 14.88 13.87 14.78 14.14 13.29 15.09 17.66 19.42 22.28 13.90 12.65 10.93 7.60 4.33 3.82 4.39 4.73 4.58 4.94 13.42 12.40 12.54 5.19 4.65 2.34 2.23 2.27 2.10 1.74 1.30 0.90 2.00 6.08 3.83 13.14 13.56 13.72 12.67 12.11 12.21
10.87 11.24 9.19 7.55 16.03 21.31 22.69 17.10 22.05 24.33 24.97 25.69 26.16 28.98 30.14 28.82 27.84 25.46 22.10 19.99 20.67 19.71 16.92 12.75 12.85 12.25 6.73 4.14 4.80 8.77 12.46 11.85 15.05 22.87 20.76 15.53 17.91 12.10 10.24 10.06 9.33 9.07 8.90 11.72 14.62 14.26 13.25 15.77 21.75 17.05 16.27 15.14 13.31 10.82 8.98 8.09 7.15 6.35 5.82 5.94 5.42 5.46 5.38 12.48 5.05 1.70 1.84 2.22 2.69 7.65 1.71 0.78 1.61 2.37 3.77 5.11 5.80 6.44 5.01 7.74
14.31 12.06 7.37 9.97 16.85 23.57 23.61 26.67 26.96 26.80 25.83 24.05 25.09 28.70 30.03 30.05 30.05 28.20 24.69 20.67 18.59 17.59 15.20 13.26 11.54 14.59 17.28 9.15 9.16 10.60 13.52 18.72 19.18 19.74 21.13 17.23 16.14 15.64 13.35 12.56 10.72 11.00 9.30 7.91 7.35 13.86 15.17 13.52 17.46 20.75 24.84 17.30 16.08 22.10 13.75 12.37 11.38 10.83 10.19 9.48 5.22 4.48 3.88 3.61 3.60 3.68 3.86 4.04 3.77 2.75 1.25 1.69 13.91 1.44 1.77 3.19 4.43 5.35 6.21 6.92
6.38 9.05 8.04 16.06 23.40 28.72 28.92 27.84 27.59 25.08 23.76 24.40 26.81 26.69 24.76 23.42 22.79 20.29 16.07 13.61 14.65 15.15 14.20 13.41 12.43 12.16 17.99 18.05 15.12 14.18 14.63 17.17 25.41 21.04 16.89 15.01 11.37 7.20 8.34 17.73 17.98 16.61 13.60 11.77 11.83 13.88 15.20 15.50 12.37 16.71 22.31 24.35 25.39 23.53 20.93 20.54 20.35 20.31 13.98 13.28 12.83 12.22 12.09 12.19 6.82 11.86 7.25 7.20 6.51 5.50 4.36 3.49 2.81 2.27 2.89 3.42 2.92 3.07 4.14 5.23
10.66 10.75 17.65 22.62 26.33 28.52 24.18 25.01 21.85 21.09 20.18 22.00 23.37 22.00 21.31 20.23 19.39 18.04 16.43 15.22 14.95 14.17 13.23 14.31 14.36 13.20 13.63 15.45 17.51 15.41 16.26 15.38 19.95 19.61 14.22 14.12 12.15 12.35 12.88 10.50 13.28 21.30 17.43 16.05 16.65 20.06 19.89 17.00 17.19 17.41 17.02 18.85 18.58 21.22 25.16 23.77 22.72 21.99 21.55 16.45 15.78 14.95 15.06 15.97 15.66 15.01 14.95 13.10 12.91 12.78 12.37 7.17 6.35 5.33 4.69 4.52 4.39 3.72 2.60 2.42
17.50 20.41 25.09 28.22 28.62 25.87 22.08 21.68 20.25 21.71 21.12 20.45 20.68 22.18 24.47 22.58 19.76 17.25 15.24 12.95 12.17 12.91 13.81 14.33 13.21 12.69 13.87 12.36 13.04 14.84 16.30 13.84 15.69 16.88 13.72 14.83 13.11 12.45 13.73 11.18 14.83 18.66 19.04 18.30 20.30 19.71 17.91 17.85 18.34 23.72 23.71 22.47 19.82 17.00 16.82 15.91 18.79 18.58 12.44 17.27 23.27 22.84 19.34 18.11 16.56 19.93 19.72 15.21 15.54 15.45 14.98 14.01 13.71 8.10 7.75 6.99 6.47 5.15 3.94 3.16
18.76 20.20 23.47 25.38 26.22 23.73 20.76 20.42 21.58 22.48 22.83 24.97 27.11 28.60 28.76 24.63 19.80 14.68 11.82 11.77 12.86 14.89 16.01 14.48 10.56 12.73 13.97 15.59 16.63 17.63 16.35 13.07 16.48 17.41 15.91 15.29 14.18 14.17 13.90 12.98 14.96 14.66 14.48 16.22 19.30 20.10 17.34 17.78 25.13 26.22 26.54 26.73 19.09 27.69 25.62 24.73 21.10 19.89 11.71 11.47 21.07 19.32 20.65 20.80 20.67 20.88 20.61 19.01 16.87 17.17 17.15 20.12 16.28 16.79 15.45 15.10 8.16 8.07 6.69 3.28
14.76 17.37 18.59 17.69 19.42 23.69 20.80 20.49 23.74 25.49 27.15 29.63 31.39 31.24 28.72 24.92 19.13 14.89 13.20 13.55 16.16 18.60 18.21 14.60 10.65 12.47 16.00 16.59 19.05 21.13 18.33 13.19 13.32 17.46 17.12 14.80 12.46 12.21 13.62 14.54 16.60 17.24 17.08 17.69 18.63 17.84 20.01 22.99 25.45 18.71 26.57 26.08 25.31 24.97 23.65 12.20 10.88 19.68 18.72 18.87 9.29 19.94 19.57 8.14 1.76 0.22 0.95 1.09 0.86 1.41 1.59 1.15 1.54 2.82 2.64 2.50 12.46 15.78 8.87 6.03
13.94 12.88 11.83 27.16 28.14 26.22 21.68 24.66 26.96 27.60 31.46 36.30 34.79 30.27 27.47 24.01 18.67 16.96 16.24 17.22 18.91 19.52 16.48 13.44 12.43 14.18 17.12 16.86 17.20 20.01 20.59 16.65 11.67 12.81 14.88 14.53 12.24 11.44 12.30 12.53 14.23 16.38 15.50 13.65 12.72 14.49 16.32 17.73 20.40 22.93 23.20 23.52 25.85 24.34 21.49 20.70 19.68 19.33 12.17 5.61 3.17 2.57 3.72 2.52 1.68 1.59 1.80 2.25 5.29 2.51 6.11 6.63 7.47 8.33 8.50 2.85 2.02 1.50 10.91 7.80
20.08 22.65 28.57 25.77 31.22 30.06 25.25 29.18 31.13 34.51 39.05 35.98 29.16 24.49 22.89 20.67 17.99 16.63 15.53 18.33 19.74 17.90 14.91 13.95 14.39 15.92 15.92 14.16 16.47 19.77 21.73 19.85 17.53 16.07 13.16 11.53 12.42 11.58 11.23 11.63 12.27 12.83 10.91 7.43 8.42 13.13 18.48 21.34 23.41 22.01 19.95 20.75 22.81 20.97 16.81 11.02 2.32 3.40 4.06 3.06 3.05 4.21 4.21 4.45 3.42 3.06 3.31 3.63 3.53 3.68 4.22 4.78 5.57 6.27 6.68 6.86 7.63 9.67 1.34 16.51
15.39 18.14 29.44 35.00 34.11 31.42 32.41 32.52 34.97 39.14 29.84 25.15 19.07 16.88 17.96 18.13 17.31 12.65 12.04 14.85 16.93 17.35 16.16 17.45 17.33 16.01 13.02 11.14 15.89 20.54 21.42 19.64 19.34 19.44 17.79 16.36 13.05 8.97 9.89 11.55 10.62 6.48 6.00 6.35 9.60 13.35 18.46 18.20 20.13 22.66 20.09 11.35 6.87 3.85 1.95 2.39 6.56 6.26 5.11 4.02 4.97 5.29 4.46 3.49 2.54 2.58 3.10 2.56 3.90 3.11 9.26 3.67 2.92 2.98 3.00 2.87 6.27 0.39 1.55 4.89
31.61 33.57 34.90 35.21 33.63 33.62 35.99 35.31 36.45 29.62 24.65 17.82 16.36 16.61 17.30 15.48 12.42 10.25 13.21 15.96 17.46 19.47 18.18 16.85 16.25 14.80 10.72 9.43 15.55 19.41 19.64 19.48 20.40 21.07 21.43 18.31 14.09 13.21 13.06 9.53 7.23 6.67 5.31 5.98 9.55 16.21 18.76 15.75 12.32 3.20 8.08 9.00 8.06 6.80 6.36 6.92 8.05 7.63 5.74 5.45 6.15 6.02 4.93 3.61 2.23 3.01 3.33 4.41 2.11 4.04 4.17 4.30 4.49 4.17 3.60 4.09 5.19 3.37 2.42 3.41
38.65 35.74 31.87 30.55 32.90 33.94 32.20 31.46 29.13 26.68 19.11 16.56 14.64 14.51 12.68 8.98 12.90 15.18 17.31 19.68 20.15 19.84 16.21 13.39 11.81 11.29 9.55 9.14 13.60 16.78 17.78 18.97 19.76 22.83 23.58 18.73 13.40 13.79 13.99 13.09 8.68 8.54 6.18 6.86 15.53 14.45 12.59 9.64 9.42 10.16 9.59 7.46 5.43 5.79 7.30 8.45 9.09 8.23 6.38 5.46 3.14 2.52 1.14 0.66 2.37 2.23 1.45 1.37 4.51 4.08 4.01 3.79 3.92 3.93 4.45 5.48 5.38 4.96 6.43 3.54
40.59 36.60 33.26 35.85 34.17 31.29 27.06 24.90 21.24 20.97 16.95 15.45 13.52 12.29 11.20 21.49 23.58 24.50 23.53 22.82 20.34 18.12 13.68 12.08 11.06 11.49 10.04 9.58 11.99 14.64 16.87 18.45 19.62 24.40 25.19 16.95 12.79 13.11 14.07 14.68 13.23 8.06 5.94 6.49 15.88 13.72 10.32 4.92 8.30 11.30 11.81 9.26 6.31 6.16 7.36 7.75 8.22 8.57 7.71 6.40 5.92 5.72 5.08 4.00 3.05 2.90 3.47 4.35 4.74 4.38 4.51 10.07 4.61 5.50 9.81 6.27 6.85 4.92 8.47 3.69
40.78 38.28 34.95 31.87 29.16 27.16 22.71 18.38 18.97 18.70 17.09 15.52 14.88 17.06 28.34 28.77 31.21 30.93 28.64 24.20 19.00 17.37 14.82 12.90 13.34 13.86 12.64 12.42 12.66 15.22 18.21 18.22 20.98 23.67 25.24 16.70 8.47 12.21 14.52 15.86 10.43 15.20 6.03 6.46 8.96 10.68 5.65 5.83 10.91 13.67 13.67 11.57 8.06 5.86 5.44 5.68 6.31 8.18 9.73 9.44 8.51 7.23 5.75 4.27 4.98 5.56 5.78 5.34 10.23 10.23 8.45 2.77 3.55 3.51 3.43 4.70 5.76 5.95 5.06 2.57
42.08 38.91 32.75 28.32 24.49 16.38 16.43 18.60 19.54 18.45 14.23 13.70 17.87 25.61 34.68 37.10 33.51 30.96 25.92 21.53 18.28 16.59 15.29 14.84 14.56 13.72 12.61 12.83 14.31 17.24 19.90 19.36 22.55 24.92 24.73 15.40 8.17 11.80 14.65 15.38 16.54 15.07 13.43 10.61 11.13 13.42 13.18 14.57 16.46 17.50 16.04 13.82 11.04 7.82 5.63 5.84 7.23 9.00 10.59 11.39 11.09 9.94 7.67 4.96 3.47 3.62 4.04 4.52 5.41 5.53 4.96 4.64 4.37 2.75 3.96 3.63 4.89 4.82 4.61 4.61
42.69 36.88 30.17 24.44 16.65 19.35 21.78 21.37 20.48 17.28 17.94 28.96 25.65 33.50 36.42 35.40 30.51 27.35 22.61 20.81 19.09 16.34 15.11 15.07 12.62 11.22 10.61 10.92 15.74 19.05 20.88 20.78 23.65 26.03 25.28 16.05 12.74 13.75 15.69 15.81 16.98 15.08 11.60 11.84 13.05 15.87 19.16 20.60 20.73 19.63 18.34 16.99 14.70 11.77 8.10 6.12 7.36 9.60 10.86 11.98 12.33 13.05 10.03 7.41 5.02 4.31 5.48 4.38 9.02 4.93 4.42 3.50 3.33 3.32 5.10 5.11 5.34 5.18 4.76 5.93
40.62 34.60 28.29 22.93 23.44 24.18 22.61 22.30 22.65 19.93 22.53 32.17 38.64 37.94 35.70 30.00 26.30 23.62 21.91 21.61 20.03 16.67 14.16 9.95 14.15 11.59 12.04 15.50 19.81 22.14 21.75 21.74 24.40 26.58 25.03 15.82 14.02 15.63 16.78 18.22 18.18 14.84 10.80 11.36 15.63 13.65 14.84 15.58 17.25 17.74 17.20 17.29 17.40 16.50 10.37 7.65 9.03 10.79 11.75 12.35 12.38 15.02 14.54 10.22 8.29 6.93 5.56 5.24 8.82 10.46 7.27 6.07 5.64 5.81 6.11 6.13 6.11 5.85 5.41 5.79
38.93 36.43 29.34 27.43 27.29 28.00 26.55 26.13 25.23 24.79 33.37 34.54 36.86 30.68 26.00 24.60 22.78 20.17 21.51 22.39 20.54 18.78 15.52 16.40 16.32 14.14 17.28 21.49 23.44 22.69 21.19 20.53 23.87 27.29 22.36 14.98 12.70 15.14 16.62 17.06 16.67 14.08 10.74 10.77 16.07 18.81 19.50 17.62 17.12 17.59 15.94 16.38 16.36 15.51 12.48 9.26 10.35 13.20 14.17 14.07 14.48 16.02 16.62 15.42 14.01 13.06 7.43 11.01 11.51 12.69 13.21 12.42 11.95 12.23 11.78 11.38 11.98 4.62 8.80 6.91
40.61 38.24 32.05 34.20 35.33 31.49 26.57 24.83 27.15 30.09 34.38 28.68 28.81 23.03 17.69 19.17 19.67 18.22 21.49 23.73 23.12 20.76 17.37 16.76 18.10 19.19 21.45 22.06 21.62 21.16 20.03 19.42 24.25 28.41 23.39 15.28 14.44 18.05 17.09 16.20 16.03 15.54 12.30 7.65 9.93 13.98 15.94 14.90 13.04 13.99 17.57 23.03 17.16 14.62 12.27 11.14 12.41 15.57 16.16 15.08 14.97 15.61 15.97 15.05 14.37 14.28 13.58 12.29 11.91 12.01 12.70 12.41 12.85 7.53 11.46 8.62 7.02 7.08 8.26 10.71
42.94 38.15 34.87 36.86 28.81 25.78 21.87 27.72 36.84 37.45 29.97 23.29 23.45 19.59 16.97 18.55 20.22 21.42 26.13 28.79 26.80 22.85 18.06 15.64 16.59 18.66 18.31 17.90 20.05 21.09 20.17 20.04 26.30 29.51 26.34 15.35 12.89 14.69 17.61 17.66 15.25 16.12 16.71 7.25 2.75 7.53 9.90 11.76 12.09 13.05 14.61 16.12 23.11 16.62 15.41 13.73 14.08 14.97 15.77 15.44 14.82 16.78 11.41 2.24 9.20 8.55 9.35 14.05 1.88 7.55 7.62 8.39 2.50 12.34 7.14 6.75 10.60 12.07 5.93 7.39
43.53 36.16 28.47 27.84 22.64 16.61 19.21 36.06 33.53 29.80 23.01 20.53 19.11 18.94 14.77 17.37 21.26 24.32 32.00 33.29 28.16 23.32 17.84 14.54 14.41 14.86 13.43 15.59 20.51 21.90 17.65 17.01 24.09 29.84 28.94 16.88 12.09 14.62 18.54 16.18 16.59 16.98 20.48 14.52 8.55 2.19 6.17 8.71 7.33 7.65 12.40 15.03 15.87 18.22 16.84 17.55 15.94 14.49 13.47 13.71 9.27 10.65 11.68 10.68 9.28 8.55 3.30 8.76 8.53 7.86 7.23 1.54 2.66 2.74 7.71 7.13 7.08 7.18 6.93 7.11
39.12 34.94 24.47 18.63 12.05 10.65 30.28 38.12 29.60 21.31 14.71 11.86 19.45 15.15 11.52 15.39 16.67 23.98 38.39 33.49 25.87 22.36 16.03 12.07 13.05 13.59 13.18 17.08 21.41 20.24 14.58 13.89 21.00 28.21 25.75 14.33 11.30 14.76 16.54 15.44 18.22 18.91 20.40 21.45 20.14 8.66 1.67 4.63 5.34 5.05 4.95 7.57 12.36 14.13 12.09 14.94 13.92 6.88 6.46 7.54 8.73 7.54 12.32 11.01 9.62 8.94 9.11 9.00 8.35 7.63 6.87 6.82 4.12 8.38 7.99 7.24 7.11 7.06 6.63 5.08
33.84 26.25 20.95 11.48 19.43 30.40 37.06 28.81 20.52 13.17 5.95 10.63 18.61 6.35 7.78 20.35 29.99 40.44 35.18 24.73 22.39 21.63 13.90 11.49 13.24 10.97 12.54 18.37 20.66 16.72 13.67 16.98 22.61 27.40 24.31 13.99 14.33 16.07 12.91 14.37 18.41 19.33 19.03 19.96 20.82 14.98 10.49 6.83 3.95 6.07 4.68 2.47 3.57 7.70 6.39 3.17 7.12 7.85 11.50 11.91 7.82 7.24 9.69 7.47 4.50 2.39 9.46 9.33 8.59 7.55 6.91 8.99 7.80 8.14 8.12 7.82 7.40 6.95 5.43 5.87
30.25 22.69 13.89 21.97 26.97 28.27 26.94 20.64 14.53 4.17 6.79 10.92 6.69 19.42 23.02 28.66 39.16 42.94 29.98 17.86 19.22 18.92 15.01 16.61 14.15 9.13 13.23 18.75 18.50 14.81 16.10 20.28 25.07 28.00 28.67 17.42 16.12 18.12 16.87 13.38 16.60 18.96 16.78 17.44 16.65 16.96 15.35 14.19 8.65 4.58 5.00 5.09 5.67 7.45 8.80 8.73 8.62 8.90 9.43 10.35 11.04 11.29 11.44 11.10 10.32 9.74 2.84 2.64 4.65 7.68 7.59 7.81 8.50 8.81 8.45 8.16 7.71 7.28 6.22 6.62
26.87 19.76 17.34 20.05 27.10 25.34 19.18 13.34 1.07 11.19 16.39 20.18 22.20 23.37 28.78 37.88 46.51 42.36 27.47 18.03 19.49 20.87 19.07 17.58 11.19 9.31 14.15 17.09 15.25 15.37 19.85 22.29 24.99 27.46 28.43 22.93 13.99 15.93 16.37 17.00 16.81 18.99 18.28 17.70 16.92 15.16 13.87 10.58 8.19 5.60 8.86 3.24 7.78 8.65 8.92 9.42 9.39 8.71 8.46 9.28 10.42 10.91 11.15 10.99 10.28 3.89 6.46 9.74 10.09 9.76 9.30 8.86 9.05 9.15 8.57 8.04 4.52 4.57 8.18 8.62
22.88 24.71 15.38 23.17 22.36 19.82 16.18 0.79 10.96 14.41 18.84 21.91 26.28 29.97 36.80 46.56 47.83 37.52 25.85 19.96 19.74 21.18 18.44 12.46 9.73 10.27 12.70 13.63 15.29 19.49 22.36 23.18 24.24 26.91 28.12 24.41 15.58 15.64 15.94 17.76 17.59 18.49 17.86 17.75 17.46 15.31 15.34 14.83 8.88 12.19 10.26 7.36 4.44 1.03 8.85 9.07 9.08 8.57 8.98 9.63 10.30 11.09 11.28 11.21 10.69 9.86 9.61 10.20 10.76 10.84 10.45 9.71 9.10 8.82 4.38 4.03 8.21 8.43 8.46 8.75
25.62 20.63 11.10 18.77 14.94 11.92 11.80 7.53 14.02 17.48 19.54 28.17 32.30 36.76 44.50 49.66 43.16 30.69 23.35 26.64 20.57 20.75 20.29 16.41 13.06 10.86 11.06 12.78 16.83 21.37 22.66 21.86 23.79 26.68 27.19 21.78 18.97 16.73 15.83 16.32 17.23 17.29 15.90 15.96 17.34 15.54 14.71 15.04 13.43 12.49 9.55 7.15 5.23 8.47 8.12 8.34 8.49 8.75 9.58 10.26 10.46 10.88 11.44 11.70 11.73 11.55 11.45 11.40 11.18 10.80 10.37 9.96 9.35 9.03 5.74 8.80 8.51 8.57 8.67 8.99
22.02 12.26 4.38 3.87 2.95 4.25 12.67 14.91 16.62 23.58 29.20 33.38 37.35 42.67 48.98 47.77 36.44 25.52 20.88 24.75 23.19 22.04 20.03 16.83 12.42 10.47 9.20 11.89 17.60 21.40 22.30 22.75 25.42 27.11 23.46 19.15 17.47 18.01 16.22 16.61 17.21 18.20 17.37 14.90 15.99 15.22 13.62 13.12 12.66 12.64 10.61 7.17 9.19 7.36 7.97 8.30 8.40 9.09 9.75 10.26 10.49 10.61 11.48 12.48 12.82 13.00 12.95 12.44 11.41 10.44 10.05 10.08 9.82 9.49 4.24 8.68 8.57 8.62 8.64 8.90
8.50 9.51 1.56 9.15 13.51 13.41 13.01 14.91 26.88 34.28 36.37 37.00 42.10 48.11 48.59 41.98 30.59 24.63 20.70 24.11 24.48 20.57 18.13 15.50 12.47 11.12 6.99 10.73 18.72 21.93 23.94 26.49 27.36 27.03 21.54 17.85 16.42 16.42 15.96 16.37 17.69 18.34 16.54 15.37 14.19 14.09 13.21 11.83 9.54 11.34 10.32 7.40 5.48 6.55 8.17 8.48 8.81 9.26 9.71 10.09 10.43 10.75 11.46 12.67 13.42 13.22 13.05 12.68 11.63 10.46 9.93 10.02 10.00 9.69 9.06 8.45 8.32 8.45 3.82 3.83
13.41 16.19 6.94 2.79 11.76 15.14 20.58 30.52 37.87 40.09 39.37 41.65 46.50 46.74 41.22 34.54 25.67 21.43 19.82 24.54 19.72 14.73 17.96 17.57 13.25 9.46 5.12 12.86 17.07 21.82 25.94 30.18 28.21 25.87 21.53 17.29 15.87 16.50 15.70 15.27 17.65 18.25 16.88 15.78 14.06 14.02 11.58 10.94 7.70 6.55 11.95 8.18 3.81 5.15 7.91 8.47 9.28 9.40 9.59 9.90 10.35 10.97 11.52 12.44 13.56 13.41 12.85 12.61 11.99 10.76 9.96 10.01 10.32 10.06 9.60 9.30 8.93 9.07 9.16 9.19
20.80 15.52 9.04 10.66 18.25 26.35 33.74 39.53 40.91 40.22 40.94 43.60 44.48 40.14 35.16 30.12 24.63 18.70 17.14 23.20 23.07 10.68 23.01 19.78 12.18 8.12 4.51 12.62 22.69 28.01 28.90 31.77 29.21 25.78 22.58 17.99 15.45 18.06 15.54 15.58 17.54 19.04 18.64 16.17 14.45 14.20 11.85 10.96 11.08 6.87 6.06 7.22 5.39 4.79 7.90 8.62 9.58 9.69 9.39 9.65 10.41 10.94 11.32 12.01 13.19 13.79 13.21 12.61 12.12 11.08 10.33 3.79 4.02 10.77 10.74 6.70 10.47 10.56 10.90 10.92
15.19 15.66 13.55 20.62 30.25 37.65 41.02 41.51 40.18 39.76 39.61 40.42 38.80 35.93 33.29 27.63 23.09 16.77 18.20 21.75 15.94 19.99 19.49 19.56 13.13 6.65 5.96 15.64 22.01 29.63 32.19 31.92 28.07 23.88 21.79 18.96 15.69 18.12 15.48 15.68 17.82 18.81 18.30 13.37 12.45 14.62 13.11 12.54 10.75 5.36 5.77 7.01 6.17 4.13 8.23 9.04 10.26 10.38 9.55 9.54 10.29 10.60 10.79 11.30 12.43 13.84 13.79 12.69 11.98 11.41 4.77 4.34 4.51 11.28 11.30 11.46 11.05 10.87 11.07 11.10
17.54 20.12 23.09 30.68 38.51 41.27 40.32 39.28 37.44 37.22 36.92 35.20 34.09 33.08 31.60 25.72 21.51 17.43 18.65 22.49 16.13 18.64 21.54 15.50 12.54 7.14 10.82 20.62 26.81 31.40 30.90 30.09 27.43 21.90 20.40 19.19 16.60 18.05 14.91 15.68 16.12 18.76 19.86 15.99 11.29 8.99 10.63 11.68 10.65 9.38 7.10 7.86 4.51 1.69 2.07 4.75 10.19 11.65 11.20 10.18 9.99 10.00 10.23 5.80 11.78 13.82 14.29 13.22 12.50 12.19 11.89 11.92 6.01 11.67 3.63 11.43 11.01 10.70 1.87 2.77
18.95 19.06 21.14 33.43 38.93 37.88 35.62 33.59 32.46 33.02 32.36 30.74 31.01 30.64 32.32 24.13 20.66 14.05 19.83 23.00 17.57 17.69 16.19 14.24 10.37 9.94 21.50 25.50 28.02 28.36 24.54 29.32 27.81 22.38 20.02 17.20 16.40 17.41 14.46 15.32 16.64 21.03 20.88 19.52 14.69 11.38 11.89 13.78 13.65 12.19 9.82 8.36 5.14 2.42 6.22 6.02 4.49 10.81 12.54 11.54 10.66 10.22 10.20 10.55 11.90 13.83 14.46 13.89 13.20 12.94 12.74 12.70 6.42 12.41 12.26 4.40 4.79 7.26 12.28 12.67
