examples/cougarCreek-fire/createInputs/farsite/7a-cougarCreek-polygonIgnit/cougarCreekFire_08-12-2015_1600_217m_non_neutral_stability_vel.asc
ncols	146
nrows	140
xllcorner	610065.000000
yllcorner	5095217.000000
cellsize	216.586807
NODATA_value	-9999.000000
[rows 36 to 71 of 140, columns 0 to 79 of 146]
4.45 4.35 4.25 4.09 3.90 2.46 2.46 4.31 4.19 4.39 4.79 5.11 5.36 4.80 2.81 6.10 10.94 13.52 15.80 18.21 18.65 17.74 19.76 21.77 21.90 19.54 22.09 25.53 35.30 42.48 38.81 37.83 40.15 33.30 29.79 32.50 33.09 32.03 29.58 28.57 28.59 27.47 19.66 19.98 20.29 19.12 17.73 16.54 20.82 18.12 15.32 16.05 19.26 21.77 23.04 23.68 24.26 23.64 23.41 23.01 22.08 21.22 20.71 19.99 20.28 19.36 16.03 15.60 15.23 17.26 14.81 14.14 13.13 12.27 8.62 8.16 7.94 7.74 7.49 7.19
4.42 4.32 4.28 4.26 4.25 4.21 4.24 5.40 4.81 6.01 5.81 4.74 4.81 5.19 5.47 5.62 7.09 10.20 13.69 14.69 14.33 14.25 17.34 17.08 16.33 13.75 19.92 31.30 34.31 40.86 39.80 36.97 34.03 33.30 30.93 31.13 34.37 33.32 31.75 29.30 29.00 28.17 24.80 20.90 20.19 18.83 18.03 17.06 22.66 20.56 19.20 16.84 18.23 18.36 20.64 22.11 21.84 21.41 20.97 20.46 19.33 17.78 16.60 15.74 15.11 14.55 13.77 13.03 12.33 11.74 11.90 14.01 15.83 10.36 9.53 8.80 8.35 8.05 7.83 7.62
4.47 4.41 4.42 4.40 4.42 4.40 8.67 4.56 6.53 6.56 5.65 5.20 5.77 6.23 6.12 5.42 5.94 7.88 8.95 8.86 9.53 9.10 9.13 13.09 12.89 12.97 15.47 29.99 36.16 38.96 43.42 39.38 35.02 29.23 25.68 25.31 25.54 27.37 27.40 28.06 30.25 30.97 28.89 26.36 20.83 18.63 18.46 17.76 16.40 16.30 22.00 20.96 17.91 16.91 18.93 20.23 20.65 20.34 20.11 20.21 19.13 17.67 16.54 15.66 14.86 14.29 13.38 12.41 11.94 11.67 11.53 11.16 10.56 10.21 11.53 12.93 9.47 8.85 8.38 8.05
4.62 4.62 4.63 4.70 4.64 4.63 10.21 4.62 6.11 5.75 5.13 5.27 5.49 5.38 5.31 5.61 6.78 8.43 9.25 9.25 8.46 5.92 6.94 13.86 11.78 6.33 11.86 26.53 32.87 36.73 46.22 41.26 32.12 29.96 27.70 27.16 27.31 23.87 22.05 22.32 24.14 26.60 25.89 27.99 28.82 26.17 25.66 26.88 25.45 18.13 17.02 23.98 22.73 23.01 19.42 18.94 21.03 20.25 19.32 19.57 18.64 17.27 16.53 16.07 15.35 14.52 13.55 12.75 12.47 12.34 12.13 11.70 11.23 9.32 8.88 8.31 8.32 10.07 9.59 9.03
4.52 4.53 4.61 5.05 5.00 4.85 9.39 4.68 4.69 5.77 5.04 4.50 4.09 4.07 5.36 6.12 7.66 9.40 9.33 7.69 5.56 5.63 10.85 13.29 7.93 4.33 10.28 23.52 27.88 41.53 49.25 40.65 33.75 30.16 28.94 31.67 32.77 30.76 26.12 19.95 22.33 21.93 21.70 22.73 24.38 22.79 22.49 22.74 22.39 22.96 22.65 23.10 20.17 18.55 18.06 18.97 19.92 19.26 19.52 19.78 20.83 17.40 17.18 16.51 15.58 14.75 13.87 12.97 12.36 11.99 11.51 10.96 10.51 10.08 9.52 9.05 9.27 9.89 7.43 8.88
4.42 4.40 4.44 5.08 5.03 9.02 5.00 4.66 4.74 5.56 4.93 4.89 4.91 5.89 7.20 7.34 9.08 9.29 7.10 5.81 6.00 9.58 12.44 12.07 3.17 3.45 10.20 20.75 27.52 36.22 48.00 41.59 35.78 31.72 27.83 28.43 31.50 30.42 27.95 27.91 21.05 27.80 28.74 28.17 25.79 19.74 19.76 19.33 18.15 18.14 18.24 17.82 18.82 20.18 20.53 20.83 21.61 21.52 21.24 22.01 19.23 18.07 17.70 16.87 15.83 14.90 14.08 13.24 12.46 11.90 11.26 10.52 10.01 9.59 9.02 8.27 7.73 7.84 8.49 10.29
4.28 4.21 4.23 4.32 4.75 4.36 4.75 4.56 4.76 4.95 5.35 5.50 6.07 7.62 8.42 8.89 8.72 6.22 4.86 6.65 8.54 9.77 13.51 11.33 0.72 7.04 12.53 20.03 24.33 35.39 43.95 44.23 38.92 31.54 29.85 30.62 30.37 29.42 28.44 26.77 28.31 28.58 29.68 29.27 27.35 27.09 24.96 18.93 17.41 16.55 17.79 16.80 17.40 18.83 19.09 19.18 19.72 19.58 20.00 20.33 19.12 18.26 18.10 17.43 16.23 15.16 14.24 13.34 12.50 11.91 11.35 10.51 9.88 9.48 8.97 8.11 7.14 6.60 6.21 7.24
4.33 4.22 4.20 4.29 4.65 10.47 4.61 4.69 4.80 4.98 5.83 8.14 10.28 9.88 10.05 9.60 7.50 5.75 5.39 6.73 8.24 12.69 13.65 7.90 3.38 9.10 15.92 17.28 21.08 32.30 40.09 40.51 38.90 38.20 34.06 33.63 29.99 28.97 28.88 27.09 27.31 29.83 31.61 28.93 20.34 19.65 19.45 18.14 21.90 17.19 16.71 17.31 17.44 17.85 17.79 18.17 19.06 19.20 23.12 19.90 18.49 17.79 18.05 17.85 16.84 15.80 14.71 13.84 13.07 12.42 11.91 11.14 10.48 10.11 9.71 8.85 7.56 6.53 5.56 5.10
4.51 4.45 4.41 4.38 4.43 5.29 4.71 4.81 4.89 7.02 9.85 10.91 10.24 9.07 9.46 8.82 8.72 7.36 5.84 7.27 9.58 12.96 11.29 8.03 6.36 12.01 15.48 13.03 18.40 30.29 37.94 37.22 35.28 35.99 35.28 37.32 32.28 29.17 29.12 28.76 26.25 27.64 23.30 21.86 20.09 19.43 24.30 21.99 16.16 16.24 17.07 18.04 18.29 17.68 17.14 17.26 18.32 19.37 20.44 19.99 18.15 17.70 18.69 18.72 18.24 17.81 17.15 16.61 16.39 15.88 15.50 15.03 14.43 14.08 14.02 10.68 9.45 7.65 6.13 4.53
4.42 4.42 4.48 4.46 5.33 5.25 5.21 5.06 5.13 10.69 10.62 10.48 8.64 7.17 7.99 9.14 9.73 6.23 5.82 7.38 8.87 10.96 10.25 8.99 8.91 11.66 11.57 7.93 16.19 27.35 35.71 33.88 32.56 33.50 33.93 35.70 35.00 32.19 31.64 31.14 30.09 24.40 23.46 21.99 20.42 24.61 26.35 16.41 14.17 16.17 17.68 21.47 19.22 17.94 17.01 16.43 17.35 19.57 20.87 20.43 19.06 18.97 20.91 21.63 21.60 22.66 21.56 20.35 20.12 20.06 19.50 16.56 16.16 15.75 15.41 15.22 15.04 13.59 7.94 5.11
4.48 4.45 10.75 4.44 5.48 5.45 9.88 9.40 10.63 10.50 10.55 9.43 7.11 7.54 8.69 9.16 8.18 4.89 6.04 7.34 8.16 11.30 12.76 12.30 9.31 8.63 5.91 7.05 16.52 26.16 32.30 31.28 31.27 31.94 34.50 34.84 32.96 31.95 33.42 32.81 26.79 26.10 26.39 28.65 29.35 28.46 26.35 17.13 15.74 15.52 17.90 20.75 20.74 18.32 16.94 16.03 16.64 19.77 21.70 23.33 22.97 22.36 23.45 25.26 25.05 24.49 22.34 20.68 19.90 18.17 17.11 17.06 16.85 15.56 15.29 14.12 14.75 14.98 10.16 7.17
4.47 9.85 6.24 4.48 4.55 5.78 9.68 10.20 10.08 10.48 9.81 8.09 6.61 6.89 6.43 4.66 7.62 5.16 5.69 7.35 9.41 14.49 14.56 13.14 9.22 5.97 3.05 8.00 15.37 24.84 28.05 28.70 30.36 31.62 35.01 34.88 31.05 30.59 31.75 31.85 31.81 31.87 30.38 32.47 29.68 27.05 23.14 18.61 15.45 15.67 18.49 23.30 23.97 20.34 18.91 18.33 17.86 21.15 25.68 28.19 27.37 26.36 26.44 26.52 25.99 24.84 23.13 21.05 18.87 17.69 17.56 17.52 17.60 15.77 15.10 14.18 13.46 13.84 15.05 9.79
4.34 10.68 9.86 9.66 10.71 10.04 10.40 10.20 8.86 9.95 8.15 5.74 6.15 4.98 6.11 7.26 4.04 5.07 5.51 7.37 10.45 14.70 14.00 11.13 8.18 5.11 5.73 8.39 13.55 20.44 24.22 24.86 26.83 31.77 36.05 34.85 28.83 27.64 29.64 25.86 27.30 26.59 24.67 31.22 30.84 29.09 24.07 25.79 16.04 16.06 19.28 25.41 31.39 30.31 27.41 27.00 26.07 25.37 22.18 22.50 24.29 26.35 25.72 23.43 23.05 22.42 21.10 19.78 18.84 19.14 18.95 18.40 17.68 17.42 15.68 14.77 14.93 12.47 15.13 11.51
10.42 6.41 10.63 9.78 6.50 10.13 9.24 5.56 5.58 8.62 7.98 5.59 5.32 5.38 4.38 5.68 6.85 7.81 8.76 8.33 9.77 14.40 12.77 9.24 8.42 5.75 4.89 5.56 10.08 19.46 22.43 22.04 24.45 30.89 36.09 35.03 28.28 27.71 28.95 26.61 25.99 26.90 24.51 25.94 31.63 27.76 32.50 24.25 20.53 20.44 24.54 28.48 25.72 33.71 36.24 33.54 29.56 26.24 23.69 21.26 19.71 20.50 22.01 25.00 27.04 24.94 23.42 22.49 21.15 19.98 19.46 18.93 18.58 16.59 16.33 15.61 14.93 14.99 15.78 15.66
6.20 9.65 9.57 6.70 6.72 4.57 4.67 5.46 5.64 5.66 5.29 5.28 5.27 5.24 7.65 8.68 8.33 9.27 8.96 7.96 9.15 12.38 12.41 12.57 10.45 6.45 3.95 3.66 13.01 18.88 21.93 20.71 24.19 30.44 33.82 34.80 28.80 27.36 28.65 26.28 28.22 27.74 26.36 22.39 23.13 26.27 27.05 25.78 23.68 21.14 22.42 22.63 23.02 26.61 30.39 33.35 25.18 22.49 24.69 23.11 19.31 18.02 19.81 22.26 26.80 27.07 25.02 24.07 22.29 21.25 20.53 19.92 17.66 17.15 16.70 16.77 12.78 16.20 16.27 16.09
6.41 6.55 6.76 6.64 4.68 4.76 5.78 5.80 5.68 5.44 5.21 5.43 5.51 7.13 9.26 9.00 8.66 9.01 8.13 7.77 9.14 10.02 12.51 14.50 10.78 4.86 1.04 6.65 14.86 18.76 19.97 19.72 24.30 29.93 33.22 32.72 27.20 27.07 27.92 26.54 28.09 29.89 28.80 23.95 18.70 20.49 18.21 15.69 18.53 18.44 19.26 19.89 23.83 24.48 32.87 40.06 26.52 22.68 22.03 24.81 23.01 18.38 17.09 19.99 22.90 23.21 23.24 24.27 22.18 17.59 16.29 19.11 16.77 15.83 14.72 14.06 13.72 13.03 13.33 14.52
9.96 6.73 10.15 4.71 4.84 6.11 6.05 6.01 8.33 5.54 5.59 9.02 10.23 9.49 9.52 9.11 8.66 8.08 7.60 8.11 8.94 8.78 10.46 12.34 9.05 6.75 5.99 10.67 13.93 18.89 18.00 18.41 23.99 29.57 33.20 30.57 27.49 28.48 27.92 27.92 29.61 31.30 29.86 25.67 22.14 18.11 15.39 12.13 11.74 12.69 13.65 16.04 19.52 22.57 30.89 32.46 35.79 24.61 28.33 26.39 25.30 22.92 18.32 19.80 21.44 21.83 20.28 19.89 18.34 15.82 15.70 14.27 14.50 14.81 13.98 13.34 12.86 12.57 12.61 12.70
6.40 9.78 4.70 4.82 6.54 6.99 9.34 9.47 8.94 7.79 9.94 10.67 6.89 6.47 6.19 6.53 6.94 7.07 7.19 7.90 9.09 9.07 10.55 14.05 5.72 8.26 8.52 10.71 14.90 18.42 17.66 15.83 22.45 29.51 33.53 29.91 28.45 29.10 30.24 30.44 30.79 31.98 30.41 26.78 23.45 18.43 17.22 13.73 11.18 9.98 10.25 11.58 14.91 16.68 23.49 32.26 36.33 29.44 24.35 24.02 23.09 20.56 19.44 19.89 20.96 21.06 20.71 20.07 18.30 16.10 14.58 14.15 14.20 14.10 13.62 13.09 16.03 15.67 12.16 12.15
6.37 10.02 6.79 7.25 10.57 10.57 9.41 8.96 9.01 8.93 10.65 7.50 7.03 6.41 8.01 7.68 6.46 5.98 6.33 7.25 9.43 10.26 10.57 11.29 7.85 8.06 9.14 11.18 13.37 16.90 16.78 13.35 20.96 28.49 29.21 28.58 25.47 29.29 30.96 30.46 29.59 32.43 32.26 28.68 20.37 18.87 18.26 15.08 12.27 10.60 9.94 9.66 11.13 14.13 19.43 29.01 31.42 26.33 23.46 23.38 22.69 20.28 19.25 19.49 19.30 18.90 18.99 18.90 17.97 16.49 15.00 13.63 13.13 13.45 13.68 13.53 13.18 12.69 12.17 11.63
6.45 7.50 6.95 10.20 7.37 7.66 6.54 8.92 10.55 10.55 7.56 7.71 7.14 6.52 7.74 7.53 6.34 6.29 7.61 8.39 9.32 11.04 11.14 9.52 8.32 9.54 10.22 10.28 12.71 16.16 16.10 12.75 20.05 26.96 32.38 22.49 21.35 23.38 27.15 28.66 28.81 30.51 33.29 31.21 22.95 20.55 17.54 15.66 12.76 11.17 10.60 9.96 10.47 13.19 18.62 24.25 25.97 23.46 21.59 21.31 20.95 20.34 19.88 19.80 19.51 18.44 17.43 17.58 17.47 16.68 16.00 14.61 13.30 12.96 13.06 12.95 12.63 12.17 11.72 11.37
7.00 4.07 6.75 7.34 4.96 7.01 5.90 9.88 7.49 7.46 7.38 7.45 7.20 6.68 7.32 6.04 6.30 6.65 7.78 10.96 10.53 11.68 11.29 8.99 9.08 9.71 8.96 10.61 12.76 16.33 14.91 12.25 19.15 26.15 30.43 27.96 20.45 24.15 27.25 25.81 26.58 26.74 30.53 33.42 30.77 24.04 20.69 16.44 13.25 11.18 10.35 10.50 11.54 13.86 17.94 20.38 21.43 21.96 20.78 19.27 18.90 19.76 20.61 20.68 21.03 20.41 18.19 17.56 17.54 16.94 16.57 15.86 14.50 13.35 12.86 12.50 12.21 12.04 11.93 11.74
4.08 4.07 7.12 4.23 4.57 4.81 6.46 7.44 5.06 5.11 5.26 7.08 5.57 5.30 5.62 5.59 5.47 5.11 10.98 12.04 10.80 11.82 10.67 9.58 9.18 9.23 8.90 11.63 13.89 16.25 12.99 11.23 16.65 22.51 32.02 26.66 20.43 26.05 28.49 25.31 26.66 26.04 27.99 29.79 33.12 26.65 23.36 20.59 16.10 12.51 10.00 9.80 12.29 15.28 17.55 18.15 19.32 21.37 21.12 19.18 17.77 18.13 19.57 20.05 20.49 20.82 19.79 18.78 18.30 17.58 16.83 16.26 15.36 14.27 13.67 13.34 13.10 12.92 12.78 16.73
4.30 4.35 4.35 4.37 4.55 5.57 7.74 5.09 5.14 5.21 6.69 7.04 5.25 4.89 5.34 4.18 4.56 6.85 7.53 9.14 10.68 11.19 9.77 10.40 8.92 8.01 11.18 11.67 15.18 14.37 11.22 11.76 15.08 20.70 32.63 26.95 22.74 25.85 28.34 24.73 28.70 28.48 26.94 26.94 30.04 33.10 31.34 25.75 23.60 19.19 13.72 11.38 15.00 15.76 17.27 17.33 18.49 20.36 20.78 19.74 18.08 17.60 18.76 19.32 19.24 19.20 18.73 18.32 18.13 17.58 16.86 16.24 15.56 15.04 14.69 14.37 17.03 17.33 16.97 17.39
4.36 4.50 4.67 4.76 4.85 7.45 5.05 5.14 5.23 7.37 6.82 5.39 6.01 4.59 4.54 4.93 5.18 6.97 7.34 7.74 10.44 8.84 9.95 9.84 9.01 9.30 11.57 11.64 14.10 11.52 11.24 12.80 15.39 19.84 27.00 27.89 24.99 24.81 24.78 22.90 25.49 27.27 26.44 25.02 24.81 26.82 27.70 27.12 31.18 25.55 22.96 17.83 15.34 16.47 17.85 17.85 18.68 19.75 19.48 18.83 18.02 17.87 19.03 19.53 19.46 19.29 21.43 17.63 17.61 17.22 16.73 16.38 15.71 15.40 17.75 20.49 18.98 18.88 17.42 17.23
4.36 4.54 4.75 4.86 7.40 4.83 4.90 5.10 7.60 6.57 5.16 5.07 4.81 4.69 4.88 4.71 2.69 8.31 7.10 7.61 9.48 9.74 9.53 10.07 8.85 9.61 9.48 11.23 10.79 10.13 11.49 13.59 15.25 18.48 23.81 26.86 27.19 23.86 23.56 23.18 23.76 25.13 24.98 25.38 23.18 23.14 23.79 24.41 25.49 24.93 23.27 28.46 22.03 19.83 20.93 21.41 21.76 21.97 20.40 19.06 18.43 18.42 19.22 21.74 22.37 19.68 19.36 18.56 18.17 17.72 17.12 16.95 19.19 18.78 20.46 20.02 17.82 19.46 18.45 17.87
4.31 4.44 4.56 4.66 4.68 4.74 4.84 4.97 5.04 4.71 4.31 4.91 5.31 4.35 4.41 4.56 11.38 8.13 8.63 9.07 8.32 11.33 10.29 8.91 8.75 9.61 10.90 9.20 9.47 10.52 12.62 13.87 14.72 18.51 22.99 25.24 25.60 23.75 22.69 23.29 23.48 24.67 24.42 25.70 25.13 23.35 23.64 23.39 23.36 23.24 21.74 20.83 20.61 21.05 22.77 24.37 26.21 27.34 26.54 24.76 23.63 22.86 22.68 22.15 18.73 18.83 19.47 19.63 19.28 18.83 20.14 20.74 22.18 21.48 19.05 20.76 19.76 18.38 16.12 15.39
4.30 4.39 4.44 4.49 4.59 4.65 4.55 4.15 3.77 3.96 4.61 4.87 4.59 4.63 4.95 9.51 7.51 7.93 6.80 8.83 8.20 10.99 11.92 9.05 8.84 9.24 8.23 8.55 9.27 10.88 12.90 12.73 13.31 18.10 23.39 23.17 24.20 23.41 21.96 22.15 23.06 24.17 22.62 22.38 24.56 23.06 23.92 23.65 23.44 22.89 21.27 19.95 18.85 16.28 20.66 23.03 22.93 25.72 27.64 29.78 26.37 25.97 25.43 24.06 22.86 21.48 19.90 21.86 22.61 23.05 25.32 23.92 23.26 20.10 21.90 20.32 18.75 18.03 17.94 15.83
4.37 4.45 4.52 4.50 4.43 4.37 4.12 3.52 3.33 4.65 4.89 5.98 4.68 5.49 5.25 11.18 7.71 6.07 8.44 11.71 11.66 11.56 11.96 10.44 8.66 8.72 7.83 8.55 9.17 10.60 11.58 11.12 12.61 18.94 22.78 21.95 22.22 22.90 21.62 21.63 22.92 24.75 22.52 20.59 22.13 21.49 21.40 22.47 23.38 23.12 21.29 19.70 17.82 15.34 17.72 20.81 18.03 24.08 24.26 23.30 23.36 24.43 30.50 29.88 28.30 23.81 22.97 22.66 21.44 26.99 26.09 24.71 23.94 23.34 22.09 20.36 18.70 16.22 17.96 17.35
4.42 4.60 4.89 4.98 4.66 4.46 4.61 4.61 5.05 5.51 5.34 5.82 4.25 3.36 11.47 7.71 7.85 8.15 8.18 11.74 9.15 8.94 11.39 10.35 8.45 7.78 7.49 8.73 9.89 10.62 11.12 12.25 14.46 18.29 20.75 20.66 20.31 21.49 20.94 20.84 22.67 25.04 25.91 21.04 20.68 21.07 20.27 20.31 21.06 23.46 22.80 19.52 17.14 15.60 16.04 18.92 21.94 22.12 22.95 22.36 21.75 21.13 23.30 24.04 24.46 24.38 22.13 20.41 20.93 21.02 24.36 20.80 19.98 19.36 19.20 20.68 17.60 17.14 19.37 18.59
4.34 4.37 4.57 5.05 5.16 5.05 5.48 5.37 5.90 7.00 6.24 6.45 9.15 11.74 7.76 7.78 7.87 8.00 7.25 11.81 7.51 8.00 11.00 11.29 8.82 7.82 8.31 8.51 9.33 9.70 10.97 14.16 15.15 17.60 19.46 18.87 18.78 20.26 19.72 19.24 21.94 24.79 26.37 21.75 20.56 20.40 18.93 19.09 18.94 20.31 23.04 20.46 17.78 16.08 11.46 17.41 20.39 22.63 22.89 23.37 20.87 21.47 21.79 21.90 22.40 23.41 22.38 21.82 18.57 18.71 23.96 22.99 20.28 18.70 19.18 22.18 22.00 19.37 18.97 18.88
4.39 4.15 3.83 4.12 4.26 4.28 4.70 5.96 7.14 7.86 8.56 9.44 11.52 11.03 7.68 7.59 5.39 7.91 6.24 8.43 7.30 8.15 8.87 9.29 8.90 7.32 7.88 9.92 8.71 9.45 12.06 15.46 15.74 16.71 17.82 17.47 16.77 19.91 18.78 17.38 21.33 24.14 26.27 25.65 20.31 19.37 18.30 18.35 17.48 15.60 20.96 21.15 18.32 17.14 15.61 16.32 18.80 22.05 23.40 21.78 25.40 20.70 21.44 20.48 20.75 21.73 20.48 21.18 23.29 24.20 24.23 20.93 22.58 20.57 19.83 22.98 21.05 20.65 22.08 21.72
4.95 5.13 4.98 4.48 4.05 4.38 5.64 6.83 6.41 8.71 10.24 11.76 12.22 10.89 7.76 5.30 5.41 7.87 6.15 11.16 7.45 8.00 8.64 9.00 9.58 6.93 7.62 9.80 9.45 11.66 14.19 15.63 15.60 15.17 16.02 16.23 15.29 18.82 17.75 16.35 21.08 22.65 26.94 23.08 21.51 22.28 21.41 20.63 20.80 15.44 19.87 20.02 18.14 16.51 13.25 14.86 16.60 20.98 24.42 30.03 20.99 22.57 21.64 19.77 19.71 21.16 19.81 20.11 21.39 25.61 24.71 23.54 22.27 20.57 17.78 14.98 18.08 17.35 16.42 16.16
4.97 5.55 6.19 5.99 5.22 6.35 5.59 8.12 10.59 10.72 12.80 8.31 8.00 5.52 8.11 5.37 5.43 10.58 7.43 8.05 7.31 10.60 8.33 11.44 10.09 7.88 8.61 9.65 10.44 12.54 14.12 15.44 15.27 14.40 14.59 14.88 14.66 17.20 16.75 15.93 19.11 18.64 24.97 22.68 22.48 20.94 19.63 21.97 18.54 18.49 20.59 18.59 17.62 16.91 15.49 14.61 13.22 17.59 23.87 24.74 26.94 22.81 20.73 21.12 19.38 19.85 18.58 18.41 20.69 22.80 25.96 24.89 21.39 20.80 21.49 15.69 14.67 18.21 15.90 15.37
4.26 4.34 4.75 6.53 7.74 11.27 11.54 11.38 11.14 10.96 12.80 12.53 12.89 5.51 8.24 5.39 5.43 5.66 10.71 6.31 8.02 10.64 11.41 11.30 9.16 7.66 8.98 9.32 11.48 12.16 11.77 14.67 15.66 14.12 13.80 12.87 13.37 15.96 16.09 15.12 15.35 15.98 22.97 25.20 23.57 21.64 20.12 19.35 19.12 18.62 18.79 17.88 17.61 17.45 16.73 13.88 11.25 12.07 19.62 23.88 30.49 21.16 19.37 23.57 21.62 22.24 21.31 17.04 18.68 21.07 22.97 24.86 23.83 20.75 22.97 21.34 18.96 17.14 22.53 16.21
4.11 3.92 4.05 6.32 7.87 11.71 11.69 10.98 10.81 11.25 12.43 12.51 12.33 8.20 8.08 5.47 5.49 5.65 10.64 6.20 6.64 10.71 8.11 9.77 6.45 7.58 8.25 7.52 11.51 10.99 9.35 14.23 15.58 14.37 13.35 11.63 13.67 15.85 15.44 14.21 14.38 16.30 20.18 25.11 24.16 22.06 23.19 22.43 19.87 19.68 17.84 17.42 17.33 19.34 17.85 16.21 11.64 8.92 13.37 22.52 24.90 24.04 20.74 18.77 18.36 23.91 22.60 19.32 16.84 18.70 17.86 21.77 22.13 20.79 20.88 20.83 20.85 17.50 22.06 22.17
4.32 4.42 4.69 4.91 7.82 11.60 11.28 8.71 10.61 11.62 11.70 12.18 5.83 12.21 5.45 5.51 5.47 5.58 10.33 6.06 10.99 9.98 7.63 7.30 7.44 7.76 7.96 10.80 12.38 9.56 9.61 14.18 12.08 12.24 12.41 12.46 14.34 15.50 14.47 12.97 15.21 18.07 19.10 23.61 25.22 22.47 20.88 23.42 20.16 20.07 19.57 17.48 18.03 19.08 20.44 17.78 14.78 9.85 8.99 15.67 24.34 24.70 23.77 20.90 19.29 18.57 17.44 22.61 19.43 16.92 18.46 19.77 22.03 21.86 21.35 20.09 19.44 19.84 19.88 20.17
