examples/cougarCreek-fire/createInputs/farsite/7a-cougarCreek-polygonIgnit/cougarCreekFire_08-11-2015_0300_217m_non_neutral_stability_vel.asc
ncols	146
nrows	140
xllcorner	610065.000000
yllcorner	5095217.000000
cellsize	216.586807
NODATA_value	-9999.000000
[rows 105 to 139 of 140, columns 0 to 78 of 146]
12.44 12.27 12.12 12.76 13.03 12.86 13.56 14.37 15.28 16.75 17.89 18.58 17.82 16.81 17.42 17.47 16.85 16.64 16.34 16.44 17.55 19.19 20.25 19.51 17.90 17.43 17.76 17.67 17.34 17.20 16.79 16.35 15.99 15.41 14.65 13.51 12.32 11.81 11.75 11.48 11.18 11.38 12.06 13.52 15.72 17.69 18.89 19.10 19.81 19.02 17.91 17.72 17.39 17.02 17.36 16.72 15.06 14.97 15.45 15.45 15.01 14.18 13.54 12.96 12.26 11.61 11.25 10.83 10.03 9.27 8.80 8.59 8.37 8.07 7.72 13.15 13.89 13.01 11.76
13.15 13.56 14.30 14.86 15.05 15.37 15.65 15.45 15.87 17.17 18.47 18.57 16.99 17.00 17.57 16.85 16.60 16.60 16.33 16.24 16.75 18.28 19.39 18.52 17.50 17.62 17.86 17.38 17.01 17.02 16.90 16.68 16.09 15.27 14.48 13.69 13.56 14.21 14.61 14.24 13.85 14.15 15.38 17.67 20.15 21.46 21.36 21.96 20.80 21.88 21.00 21.04 20.50 19.36 19.55 18.89 17.11 16.97 17.28 17.26 16.65 15.39 14.12 13.01 12.38 12.13 11.73 11.14 10.45 9.64 9.14 9.11 9.01 16.35 8.62 14.34 11.83 11.75 10.47
13.57 14.43 15.70 16.46 17.18 17.81 17.69 17.11 17.01 17.69 17.85 16.88 16.10 16.83 16.76 16.39 16.72 16.46 16.20 16.26 16.79 18.20 19.06 18.33 17.67 17.66 17.41 16.90 17.07 17.41 17.45 17.04 16.13 15.30 14.80 14.91 15.79 16.72 16.60 15.44 14.75 15.50 17.43 19.51 20.82 21.47 21.69 21.55 21.22 21.09 20.82 21.50 23.53 23.29 24.17 22.51 19.64 18.89 19.20 18.97 17.71 15.79 14.12 13.28 13.32 13.32 19.76 19.41 19.16 18.15 18.39 9.83 18.23 17.46 9.63 14.84 14.36 14.72 15.11
13.08 13.84 14.97 15.97 16.61 16.80 16.93 17.54 17.88 16.88 15.82 15.56 16.10 16.41 16.05 16.27 16.46 16.19 16.47 17.07 18.09 19.73 20.26 19.03 17.96 17.64 17.32 17.21 17.67 17.90 17.69 17.03 16.12 15.64 15.90 16.87 18.13 18.80 17.83 16.09 15.61 17.00 19.21 20.80 21.48 21.78 21.75 21.37 21.13 20.22 19.93 20.98 23.62 24.66 24.22 22.19 20.42 20.44 20.71 19.75 18.00 16.05 14.78 14.61 14.97 14.81 21.31 13.34 20.57 19.43 19.38 10.79 10.30 18.39 10.43 10.41 15.86 16.90 16.91
13.37 14.02 14.82 15.32 15.61 15.66 15.91 16.76 16.83 16.54 15.02 15.96 16.33 15.97 15.78 15.79 15.34 15.37 16.40 17.80 19.50 21.41 21.26 19.26 17.94 17.51 17.30 17.49 17.74 17.38 16.89 16.27 15.85 16.22 17.22 18.11 18.66 17.99 16.06 15.32 16.64 18.72 20.30 21.30 21.98 22.16 21.86 21.44 21.05 20.72 20.68 21.60 22.28 21.40 20.03 19.11 20.15 21.76 21.97 20.59 18.85 17.38 16.79 17.00 17.24 16.50 15.04 21.21 21.25 12.29 11.55 10.81 10.31 10.28 10.38 18.20 16.54 16.86 15.78
14.02 14.58 14.95 14.98 15.36 15.98 16.62 17.20 16.85 15.76 15.68 16.61 16.35 15.85 15.76 15.36 14.78 15.54 17.39 18.91 20.32 21.00 19.35 17.27 16.62 16.89 17.09 17.31 17.12 16.55 16.30 16.06 16.36 17.34 18.18 18.52 18.23 16.54 15.03 15.81 17.91 19.63 20.77 22.07 22.91 23.06 23.25 22.31 23.49 22.40 23.18 23.50 23.34 22.37 19.98 20.09 22.16 23.79 23.52 22.14 20.76 19.73 19.40 19.66 19.58 18.37 20.99 15.66 20.28 20.62 19.96 17.47 17.13 18.52 18.36 17.03 16.90 16.23 16.10
13.65 13.60 13.49 13.60 14.44 15.85 16.98 17.50 16.58 15.88 16.34 16.98 16.24 16.08 16.18 15.81 15.90 17.68 19.62 20.23 19.89 18.29 15.91 14.87 15.32 16.11 16.63 16.92 16.83 16.69 16.92 17.40 18.28 18.89 19.01 18.92 17.87 16.32 16.33 17.82 19.24 20.34 21.18 22.21 22.67 23.08 23.03 23.26 23.54 23.83 25.27 26.20 26.74 26.34 24.81 25.52 26.22 25.49 23.92 22.54 21.59 20.95 20.64 20.59 19.92 18.65 17.79 16.86 21.57 19.59 19.39 17.57 15.87 15.60 16.38 17.23 18.31 17.88 17.53
12.96 12.57 12.30 12.58 13.18 13.93 14.69 15.64 16.02 16.73 17.03 16.25 16.19 16.76 16.93 17.22 18.70 21.01 21.81 20.75 18.38 16.02 14.69 14.41 15.10 16.15 17.01 17.32 17.45 17.78 18.48 19.26 19.57 19.30 19.20 18.64 17.26 16.79 17.79 19.13 20.13 21.17 21.60 22.41 23.04 23.85 24.29 24.35 24.43 24.08 26.01 27.38 28.29 27.39 27.65 28.18 26.90 24.62 22.80 21.79 21.21 20.73 20.39 19.97 18.73 17.29 16.43 15.56 22.75 22.44 22.27 22.69 21.47 21.53 20.22 19.43 19.64 19.96 19.19
12.66 12.46 12.43 12.74 12.70 12.61 13.84 13.32 14.68 15.66 14.90 14.93 16.77 17.71 17.77 18.55 20.45 22.16 21.74 19.42 16.38 14.92 14.71 14.73 15.64 17.06 18.04 18.30 18.56 18.99 19.62 19.70 19.06 18.85 18.93 17.98 17.18 17.87 19.02 19.83 20.42 20.95 21.93 23.79 23.75 24.31 25.40 24.33 23.75 23.92 25.70 26.39 25.71 26.33 27.61 27.38 25.60 23.80 22.67 22.14 21.59 20.68 19.72 18.66 17.17 15.68 14.55 13.81 13.47 13.35 22.17 13.26 22.63 22.42 21.18 21.61 21.74 21.76 20.59
12.60 12.37 12.17 12.60 13.52 14.38 14.62 14.16 14.78 12.33 14.41 15.07 17.72 17.79 17.56 18.33 19.20 19.16 17.63 15.16 13.84 13.94 14.33 14.92 16.59 18.33 18.67 18.55 18.71 19.17 19.40 18.64 18.24 18.76 18.67 17.87 18.02 19.03 19.76 19.99 20.27 21.13 24.24 24.71 25.77 25.82 24.67 24.05 23.49 23.65 24.10 23.56 23.39 25.36 26.76 25.57 24.02 23.22 22.90 22.42 21.37 19.92 18.37 16.89 15.54 23.92 23.32 22.56 22.54 22.01 22.40 21.99 21.71 21.98 21.52 22.07 22.29 13.22 12.83
12.51 12.51 12.88 14.32 16.41 17.78 17.80 16.27 14.37 13.20 13.45 16.76 18.21 17.14 16.91 17.41 17.63 16.80 14.80 13.14 12.96 13.65 14.57 16.16 18.52 19.64 18.93 18.37 18.37 18.77 18.42 17.74 18.21 18.75 18.46 18.31 19.22 20.14 20.21 20.06 21.02 23.91 25.35 28.15 27.82 25.64 23.49 22.80 22.85 22.87 22.38 21.78 22.98 25.02 24.45 21.95 20.61 20.92 21.26 20.36 18.74 17.29 16.25 15.45 14.55 13.55 23.09 22.56 21.34 21.51 20.95 20.63 20.36 22.68 21.34 21.73 21.54 20.85 19.35
12.45 12.83 14.06 16.16 17.47 17.00 16.10 15.68 15.54 14.93 14.92 16.25 16.29 16.26 17.10 17.65 17.74 16.72 15.12 14.35 14.12 14.46 15.90 18.35 20.29 19.84 18.73 18.47 18.69 18.68 17.91 17.64 18.30 18.94 19.13 19.63 20.54 20.63 20.18 20.88 23.24 25.52 27.62 27.34 25.52 23.22 21.61 21.34 21.80 21.54 21.11 22.16 24.21 24.29 21.97 19.32 18.17 18.06 17.55 16.48 15.54 15.06 14.90 14.73 22.69 21.69 21.69 21.60 21.46 21.52 22.87 21.05 22.88 22.82 22.10 21.26 20.78 19.64 17.87
12.56 12.95 14.39 16.25 16.26 15.13 15.00 15.64 15.96 15.88 15.82 15.27 15.76 17.29 17.99 18.03 17.67 16.39 15.20 15.02 15.04 15.71 17.57 19.99 20.65 19.05 18.25 18.48 18.82 18.43 17.77 18.01 19.13 20.17 20.55 20.97 20.88 20.01 20.15 22.59 25.43 26.73 27.72 26.46 23.30 20.80 19.62 19.44 19.75 19.24 20.04 22.45 23.03 21.38 19.29 17.60 16.67 15.58 14.21 13.55 13.56 13.88 14.10 13.95 13.50 22.38 21.53 21.49 21.92 23.92 24.00 21.76 22.15 21.97 21.48 20.22 21.24 21.01 20.22
12.78 13.26 14.95 16.50 16.43 16.65 17.03 16.73 16.57 17.14 18.06 19.00 20.18 19.84 17.73 16.74 16.38 15.22 15.97 15.00 17.11 16.99 19.10 20.87 20.07 18.27 18.23 18.64 18.50 18.07 18.14 19.22 20.68 21.40 21.39 20.97 19.84 19.33 21.30 24.70 26.63 26.61 25.49 23.25 19.78 17.62 17.07 17.19 17.09 16.73 18.68 20.58 19.76 18.40 17.28 16.30 15.39 14.29 13.44 13.02 12.63 22.53 12.90 12.82 12.31 23.80 22.45 21.39 21.92 22.83 23.52 21.88 21.74 20.92 20.37 19.79 19.81 20.63 20.70
13.22 14.07 15.83 16.93 17.10 17.66 17.61 17.07 16.87 17.02 17.91 19.38 20.06 18.55 17.60 15.68 15.48 14.20 14.36 15.41 16.33 17.77 19.56 20.25 18.84 18.09 18.66 18.75 18.65 18.95 19.76 20.75 21.33 21.50 21.26 20.17 19.24 20.48 23.82 26.51 26.61 24.81 22.23 18.63 15.88 15.05 15.39 15.28 14.44 14.72 16.74 18.09 17.71 17.17 16.56 15.61 14.54 13.64 13.19 12.53 21.63 21.51 11.77 11.62 22.54 22.50 23.33 22.07 21.59 22.19 23.48 23.54 22.83 21.02 19.99 20.13 21.98 21.98 22.68
14.09 15.35 17.04 17.56 17.97 18.16 17.23 16.24 16.02 15.96 16.08 16.42 16.11 15.42 15.32 15.64 14.87 14.11 15.13 16.33 17.07 18.26 19.32 19.31 18.77 18.88 18.87 18.63 19.29 20.23 20.64 20.85 20.99 21.26 20.85 19.64 20.16 23.17 26.25 26.79 24.67 21.40 18.12 15.62 14.75 15.09 15.13 14.13 13.13 13.60 14.99 16.53 17.44 17.15 16.16 14.80 13.57 12.77 12.09 21.49 21.14 21.67 21.35 21.19 22.61 22.56 22.30 23.04 21.78 21.38 23.01 22.98 22.32 22.32 21.96 22.53 22.38 22.01 22.22
14.67 16.21 17.45 17.46 18.34 17.87 15.69 14.40 14.76 15.39 15.81 16.14 16.01 15.70 15.73 16.16 15.08 15.16 16.58 17.64 18.26 19.17 19.76 19.81 19.65 19.19 18.42 18.51 19.76 20.33 20.08 20.30 20.75 21.17 20.69 20.41 22.69 25.79 26.72 24.80 21.36 18.12 16.14 15.55 16.04 16.17 15.00 13.55 12.89 13.25 14.09 15.86 17.90 17.81 15.95 14.10 12.85 12.08 11.08 20.50 20.07 20.30 21.57 22.23 11.48 12.02 22.29 23.74 21.75 21.12 20.99 22.31 22.52 21.31 20.56 21.57 20.10 20.79 20.46
15.01 16.50 16.95 16.29 16.79 15.18 12.77 12.89 14.57 16.03 18.54 17.02 16.91 16.80 17.30 17.55 16.92 16.47 17.91 18.76 19.18 19.81 20.27 20.32 19.78 18.61 17.92 18.96 20.59 20.79 20.31 20.57 21.03 21.07 20.78 21.74 24.36 25.80 24.46 21.48 18.30 16.36 16.07 16.34 16.62 15.45 13.93 12.81 12.65 13.13 13.99 15.98 18.24 18.01 15.64 13.71 12.57 11.62 10.57 19.73 19.57 20.88 21.81 22.42 11.43 11.55 23.18 23.69 23.52 21.44 20.72 19.75 20.48 20.41 19.92 21.22 20.99 21.07 21.29
15.51 16.34 16.30 15.19 14.99 13.55 12.00 12.86 15.43 17.44 17.58 17.16 16.94 17.32 18.50 18.60 17.48 17.52 19.06 19.44 19.30 19.74 20.11 20.01 19.33 18.40 18.56 20.21 21.65 21.63 21.07 20.75 20.45 20.22 20.59 22.05 23.49 23.06 20.84 18.17 16.16 15.78 16.17 16.10 15.28 13.89 12.56 12.18 12.64 13.31 14.41 16.43 17.81 16.88 14.81 13.23 12.26 11.38 10.59 10.11 19.51 20.03 20.46 21.63 20.98 10.70 10.73 22.69 22.77 23.00 22.88 21.65 21.53 21.26 21.77 21.47 20.56 20.05 21.44
15.42 15.25 15.16 14.86 14.60 14.09 13.73 14.83 17.36 18.53 17.44 18.67 17.23 17.91 18.58 17.91 16.74 17.77 19.75 19.72 19.39 19.86 19.99 19.67 19.14 19.00 19.94 21.65 22.61 22.19 21.31 20.21 19.15 19.17 20.42 21.84 22.08 20.71 18.38 16.33 15.45 15.61 15.79 15.33 14.20 12.81 11.98 12.03 12.66 13.28 14.26 15.80 16.13 14.88 13.50 12.50 11.94 11.53 10.90 10.51 19.24 19.60 21.65 20.95 20.52 10.50 10.49 21.74 23.10 23.51 23.75 24.39 24.07 23.61 23.09 21.09 20.44 20.33 21.23
15.04 14.57 14.61 15.48 15.12 14.80 15.18 16.68 18.64 19.04 17.87 17.49 17.93 18.49 18.90 18.59 17.86 19.04 20.32 19.82 19.93 20.48 20.25 19.91 19.92 20.48 21.58 22.99 23.34 22.40 21.22 19.52 18.18 18.74 20.89 22.21 21.59 19.76 17.67 16.19 15.56 15.55 15.50 14.80 13.60 12.65 12.15 11.97 12.12 12.30 12.92 13.94 13.88 12.83 12.07 11.96 12.00 11.84 11.63 11.54 11.94 12.20 22.37 21.50 21.54 21.59 20.67 19.86 12.07 13.03 23.57 23.90 23.12 21.55 21.45 21.50 20.33 19.75 20.39
14.97 15.02 15.39 16.32 16.82 16.62 17.14 18.22 18.86 18.92 18.28 17.77 17.90 18.37 19.29 20.08 20.19 20.37 20.31 20.18 20.86 21.05 20.72 20.94 21.42 21.97 22.51 23.14 22.95 21.92 20.46 18.25 17.25 18.81 21.98 23.21 21.60 19.41 17.49 16.06 15.40 15.50 15.41 14.61 13.81 13.24 12.39 11.41 10.87 10.88 11.44 12.10 11.90 11.28 11.12 11.69 12.56 12.81 12.58 12.67 12.87 12.58 12.11 11.93 12.51 12.80 21.05 12.51 14.23 13.97 23.65 23.32 21.78 19.98 8.41 19.15 20.05 18.34 19.27
15.49 15.84 16.39 17.66 18.81 18.26 18.55 19.13 18.90 18.16 17.42 17.14 20.27 18.66 20.06 21.01 20.26 18.85 19.12 20.56 21.35 21.45 21.84 22.54 22.84 22.74 22.45 22.50 22.24 20.84 18.30 16.26 16.56 19.61 23.69 24.38 21.88 19.34 17.22 15.81 15.52 15.92 15.87 15.40 15.01 13.95 12.19 10.61 9.87 10.16 10.83 11.15 10.72 10.43 10.44 11.15 12.40 13.81 14.29 14.33 14.12 13.50 13.29 13.19 13.24 13.23 13.98 14.88 14.31 10.61 20.86 19.68 19.95 19.45 16.75 20.40 19.15 17.83 17.94
16.65 16.77 17.13 18.02 18.09 16.93 16.62 16.98 16.89 16.05 16.24 17.27 18.02 19.29 20.34 20.27 18.50 17.29 18.71 20.78 21.51 22.19 23.22 23.74 23.54 22.99 22.66 22.84 21.95 18.93 15.89 15.07 16.91 21.52 25.65 25.10 22.05 19.31 17.46 16.90 17.42 18.15 18.24 17.86 16.72 14.54 12.29 10.87 10.65 11.41 12.02 11.90 11.27 11.08 11.42 11.99 12.94 14.67 16.21 16.01 15.24 14.76 14.46 14.27 14.10 13.71 13.57 13.49 24.28 8.18 7.20 19.37 19.20 19.41 17.75 20.22 18.24 17.50 15.94
18.46 17.78 17.36 17.44 16.96 16.29 15.81 15.52 15.14 15.11 16.66 18.61 18.90 21.91 19.20 18.70 17.64 17.44 19.21 21.67 22.69 23.27 23.86 23.62 23.05 22.74 22.98 22.92 20.58 17.07 15.24 15.98 19.25 24.28 26.98 25.27 22.21 20.12 19.40 20.00 21.19 21.93 21.72 20.32 17.84 15.26 13.54 12.89 13.49 14.76 15.01 13.88 12.71 12.57 13.06 13.87 14.86 16.42 17.41 17.25 16.94 16.42 15.79 15.32 14.75 13.85 12.98 11.73 10.64 9.13 8.09 7.49 5.71 17.86 17.69 18.75 18.47 17.12 16.98
20.79 18.91 17.48 17.32 17.09 16.97 16.77 16.52 16.51 17.04 18.38 19.82 19.52 18.58 18.52 18.68 18.62 18.85 20.89 23.69 24.38 24.20 24.10 23.41 22.80 22.62 22.50 21.00 17.74 15.51 15.81 18.39 22.56 26.68 28.25 25.91 23.26 22.13 22.29 23.24 24.32 24.33 22.95 20.34 17.68 15.79 14.86 15.03 16.32 17.21 16.35 14.91 14.66 15.56 16.62 17.54 18.13 18.31 18.28 18.89 19.38 18.35 16.89 15.98 15.03 13.69 12.37 11.77 10.70 9.58 8.65 7.78 7.38 6.74 17.76 18.45 18.00 18.24 17.62
23.23 20.23 18.15 17.33 17.23 17.34 17.47 17.75 18.27 18.95 19.67 20.20 19.68 18.94 19.44 20.29 20.60 21.40 23.67 25.69 25.50 24.83 24.51 23.86 23.43 23.33 22.35 19.51 16.39 15.74 17.90 21.46 25.28 28.50 29.48 27.14 24.88 24.07 24.02 24.52 24.65 23.31 20.83 18.27 16.49 15.49 15.22 15.99 17.88 17.58 15.71 15.92 18.58 21.32 21.91 22.44 22.28 21.66 21.41 22.16 21.92 19.31 16.72 15.86 14.72 13.06 11.61 10.40 10.24 9.24 8.43 7.79 7.39 7.14 6.67 18.96 16.97 16.72 16.94
25.63 21.78 18.52 17.62 16.81 17.54 17.93 18.49 19.17 19.86 20.36 20.61 20.44 20.40 21.22 22.21 22.91 24.03 25.64 26.51 26.10 25.78 25.44 24.64 24.39 24.23 22.43 19.50 19.87 18.92 21.71 24.87 28.13 30.55 30.81 28.39 26.21 24.83 23.79 22.87 21.61 19.53 17.31 16.01 15.42 15.04 15.05 15.56 15.63 15.03 15.49 18.15 21.76 25.52 26.62 26.52 25.91 23.83 24.06 24.04 21.38 17.17 15.08 14.59 13.26 11.37 10.79 10.06 9.53 8.91 8.13 7.75 7.62 7.25 6.88 6.47 6.48 5.72 5.68
28.02 22.96 18.79 17.56 16.92 17.33 18.22 19.22 20.10 20.78 21.23 21.60 21.87 22.27 22.94 23.74 24.59 25.49 26.09 26.39 26.52 26.79 26.64 26.02 25.74 24.77 22.08 20.00 20.35 22.31 24.76 27.67 30.78 33.02 32.97 30.42 27.36 25.21 23.34 20.87 18.41 16.54 15.70 15.66 15.42 15.02 14.81 14.63 14.47 15.26 17.84 21.48 24.41 25.66 25.39 24.91 23.89 22.88 22.82 20.76 16.64 13.80 13.00 12.51 11.71 10.37 9.58 9.29 9.05 8.51 7.90 7.49 7.10 6.82 6.87 6.75 6.67 6.37 5.83
29.20 23.26 18.59 16.97 15.83 17.06 17.42 19.51 21.32 22.20 22.56 22.85 23.22 23.69 24.32 25.03 25.69 26.21 26.52 27.02 27.70 28.13 27.97 27.43 26.70 24.98 22.77 22.03 22.85 24.48 26.96 30.40 33.91 36.19 35.27 31.17 27.92 25.91 23.28 19.95 17.35 16.83 17.46 17.56 16.71 15.86 15.34 15.24 16.25 18.59 21.39 23.71 24.87 24.87 22.21 20.24 19.48 19.44 18.27 15.25 12.45 11.31 11.10 10.80 9.94 9.26 8.99 8.68 8.62 8.18 8.02 7.68 7.08 7.02 7.07 6.90 6.75 6.38 16.13
29.21 23.88 18.71 16.42 13.94 14.75 17.05 21.51 24.42 24.01 23.55 23.90 24.35 24.89 25.55 26.18 26.70 27.25 27.86 28.76 29.85 30.03 29.11 27.83 26.62 25.34 24.37 24.62 25.73 27.57 30.42 33.94 37.79 38.02 33.67 29.27 26.93 24.74 22.08 19.54 18.31 19.61 20.55 19.57 18.01 16.97 16.58 17.27 19.28 21.48 22.58 22.97 24.68 21.03 18.16 16.29 15.72 15.23 13.56 11.38 9.83 9.21 9.35 8.96 8.67 8.46 8.38 8.46 8.05 7.84 7.73 7.59 17.41 7.80 7.49 7.32 7.31 6.66 15.40
27.84 24.54 18.86 16.35 14.19 17.02 24.55 28.10 27.09 25.06 24.50 24.92 25.38 26.02 26.68 27.26 27.80 28.43 29.04 29.85 30.41 29.84 28.42 27.11 26.58 26.45 26.71 27.79 29.42 31.54 34.38 37.10 38.46 35.36 30.19 26.88 24.88 22.46 20.52 19.81 20.65 22.96 23.07 21.18 19.63 18.85 18.92 20.15 21.86 22.51 22.03 21.55 20.56 18.04 15.27 13.90 13.32 12.31 10.67 9.09 8.21 7.81 7.72 7.70 7.73 7.68 7.64 7.70 7.75 7.70 7.79 7.70 7.43 16.69 17.02 17.24 7.81 7.26 15.85
24.46 24.10 21.34 16.36 16.65 20.60 27.87 28.41 25.40 24.39 24.84 25.67 27.42 27.14 27.80 28.38 28.94 29.44 29.91 29.96 29.35 28.54 27.41 26.86 27.54 28.76 30.15 31.70 33.48 35.37 37.20 37.49 34.87 30.31 25.44 23.29 21.75 19.78 19.17 20.35 23.04 25.24 24.27 22.57 21.96 22.15 22.92 23.95 24.15 23.08 21.95 20.92 21.07 16.35 13.55 11.88 10.96 9.66 8.49 7.46 6.99 6.83 6.89 6.96 7.25 7.17 7.19 7.43 7.66 7.72 7.89 8.23 7.99 8.23 15.42 16.72 16.53 15.52 17.49
21.85 22.84 22.19 16.21 16.29 22.80 27.10 25.50 22.69 22.96 24.49 26.11 27.36 28.23 28.89 29.38 29.73 29.97 30.07 31.00 29.24 28.84 28.19 28.44 29.92 31.68 33.27 34.90 36.51 37.25 36.25 33.02 28.52 24.12 20.08 18.17 16.88 16.31 18.48 22.29 25.29 25.79 24.42 23.86 24.63 26.09 27.45 27.79 26.59 24.53 22.26 19.53 16.46 13.46 10.74 9.29 8.37 7.25 6.67 6.25 5.83 5.82 6.46 6.92 7.40 7.84 7.99 8.44 8.67 8.73 8.89 9.24 9.23 15.77 9.98 17.40 17.26 16.67 17.62
21.29 22.07 21.50 16.64 16.93 23.61 26.20 24.01 21.64 22.45 24.43 26.22 27.64 28.60 29.26 29.66 29.80 29.80 29.55 29.25 29.34 29.20 28.78 29.52 31.35 32.86 34.20 36.10 37.35 36.71 33.97 29.59 25.02 20.91 17.27 15.17 14.03 16.54 18.51 23.50 26.27 25.52 24.20 24.63 26.15 28.09 29.57 29.46 27.90 25.59 22.38 18.46 14.61 11.22 8.75 7.81 7.16 6.37 6.02 5.88 5.78 6.51 6.83 7.31 8.13 8.65 8.84 9.26 9.91 17.28 16.46 10.54 10.34 10.67 17.61 18.56 17.55 17.79 19.12
