examples/cougarCreek-fire/createInputs/farsite/7a-cougarCreek-polygonIgnit/cougarCreekFire_08-10-2015_2000_217m_non_neutral_stability_ang.asc
ncols	146
nrows	140
xllcorner	610065.000000
yllcorner	5095217.000000
cellsize	216.586807
NODATA_value	-9999.000000
[rows 84 to 125 of 140, columns 0 to 93 of 146]
160 160 160 160 160 161 161 183 175 179 166 165 172 170 171 171 199 172 173 188 171 176 178 180 181 198 182 197 192 178 192 191 188 188 191 190 206 191 190 193 193 192 192 194 195 195 195 194 203 198 183 195 196 180 179 193 192 192 185 190 189 180 181 174 147 147 176 179 168 157 148 148 156 172 160 151 146 151 155 161 161 160 159 156 155 154 154 154 153 153 152 149 151 148
159 160 159 159 160 160 161 180 177 188 165 191 164 172 170 170 171 192 188 181 167 177 178 180 181 198 200 199 193 186 182 192 189 189 194 201 202 194 193 193 194 193 194 195 196 197 196 196 197 198 198 196 196 197 196 195 194 193 192 191 190 181 188 183 163 160 167 183 178 166 159 147 147 157 160 155 153 151 164 162 160 159 158 157 155 153 153 153 152 152 152 151 151 147
158 159 159 159 159 160 161 162 182 164 164 174 167 180 169 170 189 185 179 175 176 178 179 175 182 201 183 199 194 182 183 205 189 190 193 200 196 197 193 194 186 196 195 196 198 198 198 198 198 199 199 198 198 198 197 196 195 194 193 193 192 191 190 189 168 165 170 176 177 176 176 153 148 152 157 170 158 167 165 163 161 132 157 156 156 155 154 151 150 133 151 151 146 151
158 158 158 158 159 159 160 162 163 163 164 164 166 177 184 189 189 174 179 169 176 178 180 181 190 199 184 200 186 192 188 204 190 191 190 191 192 192 203 199 197 198 198 198 199 199 199 199 199 200 201 201 200 199 198 198 197 196 195 194 193 192 191 190 175 169 173 175 175 182 180 166 156 153 149 150 147 151 156 142 162 131 158 156 156 155 154 154 153 151 152 151 151 151
157 157 157 158 158 159 180 161 162 163 163 166 166 167 181 189 188 173 179 175 177 179 180 181 195 183 184 185 186 187 206 203 187 192 191 195 193 194 199 196 199 200 200 199 200 200 200 201 201 202 202 202 167 201 200 199 199 197 196 195 195 193 192 191 171 168 175 171 170 170 180 171 162 152 175 173 170 167 165 142 162 160 158 156 156 155 154 154 153 150 152 151 151 149
157 156 156 157 158 158 178 160 161 162 163 173 166 167 181 191 186 174 176 175 177 179 180 191 182 183 184 185 186 187 188 199 191 193 193 193 194 195 200 198 199 201 201 200 201 202 202 203 203 203 203 203 168 169 201 200 200 199 197 197 195 194 193 173 174 164 166 169 165 164 167 173 174 168 155 148 147 169 167 164 162 160 159 158 156 155 154 154 153 153 152 151 149 148
156 156 155 156 157 158 159 159 161 162 163 175 166 168 179 193 185 172 174 175 177 179 181 182 183 183 184 185 194 199 202 196 192 193 194 194 195 196 197 199 200 201 201 201 202 203 204 204 204 204 205 205 204 170 202 201 201 200 199 198 197 173 195 176 174 170 162 164 159 157 158 169 180 177 169 157 154 153 145 165 163 161 159 158 157 156 155 154 153 153 152 148 139 142
155 155 155 155 156 157 158 159 160 161 188 170 166 165 178 188 181 172 174 175 178 179 188 182 183 183 202 198 200 202 195 189 188 194 195 196 196 198 199 200 201 201 202 203 195 204 205 205 205 205 206 205 205 167 204 202 202 201 200 199 198 173 174 169 175 192 169 163 158 152 184 157 180 178 176 162 156 170 155 145 143 147 138 159 157 156 155 155 153 153 151 151 150 150
155 154 154 154 155 156 157 158 159 160 183 169 162 173 176 181 180 173 174 176 178 179 197 182 183 184 190 196 204 202 184 192 193 195 196 197 199 199 210 217 202 202 222 205 204 205 206 206 206 207 207 206 206 162 162 203 203 202 201 200 199 198 171 166 173 193 192 170 159 156 186 159 181 178 167 157 154 152 149 143 141 144 159 149 156 143 138 136 153 152 150 150 151 151
153 153 153 154 154 155 156 157 158 159 160 173 164 176 167 178 184 180 174 176 178 179 196 181 183 204 192 196 196 193 184 192 194 195 197 207 198 200 201 201 202 202 203 204 205 205 206 207 207 207 207 207 207 165 163 170 204 171 202 201 200 199 167 161 165 194 193 173 165 159 156 164 181 178 165 159 154 171 136 129 163 161 134 157 156 150 154 152 129 149 133 136 148 150
152 152 151 151 153 154 155 156 157 158 159 161 175 164 166 168 183 182 173 175 177 179 180 198 183 207 195 190 183 190 191 181 192 203 207 197 198 199 200 201 202 202 203 205 206 206 207 207 208 208 208 208 208 208 160 164 163 160 169 202 201 200 169 160 197 157 170 193 167 162 155 163 181 179 167 170 170 156 142 141 138 137 159 131 134 137 135 153 148 148 150 147 151 144
151 150 151 152 152 153 155 155 156 157 159 160 162 170 165 174 180 185 173 175 177 178 180 181 182 183 192 181 189 190 191 191 201 209 196 197 198 199 199 217 202 203 204 205 206 207 208 208 208 209 209 209 209 209 157 167 162 158 157 166 201 201 163 157 198 149 154 158 161 160 156 156 172 169 169 177 174 172 148 137 137 139 159 157 155 133 153 153 152 152 152 150 147 151
149 149 150 151 152 152 154 155 155 156 158 160 161 172 170 172 183 189 174 175 176 195 180 181 182 203 185 181 194 211 191 202 194 195 196 197 198 199 220 202 203 204 205 205 206 207 208 209 209 209 210 210 210 209 209 208 207 206 204 203 161 167 161 162 157 154 196 153 153 156 155 157 155 157 163 171 174 172 168 168 129 127 125 129 156 156 147 154 133 150 149 149 135 151
148 148 148 150 150 152 153 154 155 156 158 159 160 174 164 166 183 182 172 174 176 178 179 180 182 185 181 193 188 190 191 193 194 195 196 197 198 199 201 203 204 204 205 206 207 208 209 209 209 210 210 210 210 210 209 208 207 206 205 204 203 160 165 163 158 198 196 195 193 191 189 187 184 153 155 166 175 173 171 156 166 127 160 157 158 156 155 156 153 124 123 132 152 152
146 147 148 149 150 149 152 153 155 155 157 158 160 170 163 165 177 176 172 174 175 177 179 180 182 181 186 187 188 190 191 210 194 195 214 212 217 218 220 215 205 205 205 206 207 208 209 210 210 211 211 211 210 210 209 209 208 207 206 205 204 203 202 201 153 199 197 196 194 192 189 187 185 152 153 156 169 173 171 168 165 163 160 159 157 155 156 156 156 153 153 152 152 151
146 145 147 149 151 148 151 153 154 155 157 158 159 161 163 164 166 168 171 173 174 176 178 180 185 186 186 187 191 198 191 193 194 215 212 214 214 213 216 225 206 205 205 206 207 209 210 210 211 212 212 211 211 210 210 209 208 207 206 206 205 204 203 202 201 199 198 196 194 192 149 154 153 183 149 152 160 173 171 169 156 149 161 151 151 155 155 157 154 153 153 153 153 152
143 144 145 147 146 149 150 152 152 155 155 157 158 166 162 164 166 168 170 172 174 192 178 186 183 184 185 188 185 200 211 192 194 195 207 206 213 201 203 205 205 204 205 206 208 209 210 210 211 212 212 212 211 211 210 210 209 208 207 206 205 204 203 202 201 200 199 197 195 148 149 148 151 149 147 177 174 154 171 169 162 153 160 158 157 154 153 153 155 153 151 152 152 152
143 143 143 145 147 148 150 151 150 154 155 156 158 160 161 163 165 167 169 171 173 176 178 200 182 184 195 185 184 190 191 213 207 204 201 204 199 200 201 202 204 205 206 207 208 209 210 211 211 213 214 213 212 211 211 173 170 171 208 207 206 205 204 203 154 143 152 198 196 194 140 144 144 143 183 180 140 144 156 165 154 147 160 130 154 158 157 151 151 151 149 150 152 152
141 142 143 143 143 144 149 150 151 154 154 155 158 159 160 163 164 166 167 171 176 177 178 180 181 183 197 189 198 190 191 193 204 204 202 207 217 218 214 204 206 207 207 202 222 210 222 230 212 213 214 213 212 212 153 156 151 150 167 208 207 206 205 204 203 202 200 198 197 195 193 191 188 185 142 178 176 173 146 154 165 162 160 158 157 155 154 153 152 155 154 153 152 152
141 145 142 142 143 143 144 147 151 150 154 156 157 157 159 163 164 166 168 171 173 175 177 179 181 184 196 191 202 190 204 202 204 206 205 204 209 207 203 200 194 209 209 209 227 226 229 212 234 235 214 214 214 214 179 169 167 168 209 209 208 207 206 205 204 202 201 199 198 196 193 191 189 186 142 178 148 149 152 159 153 146 139 137 158 158 156 155 154 156 151 154 148 153
139 143 139 140 142 142 145 146 148 149 153 155 157 158 161 162 163 165 168 173 173 175 176 179 191 184 196 190 202 202 194 199 204 205 206 197 201 208 209 210 212 206 214 228 234 211 212 213 236 232 225 229 215 215 214 181 174 211 210 209 168 166 206 205 204 203 201 199 142 152 145 144 189 142 141 179 176 150 151 157 152 147 145 158 156 157 157 155 153 157 155 152 153 152
138 138 137 138 139 140 141 144 147 151 153 154 155 159 160 160 163 164 167 172 175 174 177 179 191 184 185 180 201 200 194 204 204 204 204 195 205 203 204 227 224 213 223 231 211 237 212 213 238 238 215 215 216 216 216 182 212 211 210 210 172 167 165 157 141 141 141 154 147 153 152 149 148 187 184 180 177 174 170 168 144 148 147 158 157 157 156 155 153 155 156 152 152 154
138 138 137 137 139 140 141 143 145 147 148 152 155 158 158 160 162 164 167 169 171 173 177 181 182 183 195 181 199 201 201 203 200 201 200 200 219 203 204 218 207 211 222 210 230 233 235 235 214 239 214 215 215 216 216 197 212 211 211 210 169 160 142 156 155 154 154 146 153 153 152 153 152 149 184 181 132 130 171 168 166 163 161 134 157 159 153 154 156 155 157 151 149 152
137 137 136 140 138 140 141 142 144 146 151 152 155 157 158 161 161 163 166 169 171 173 178 190 195 183 193 189 204 204 207 195 195 201 201 213 201 203 204 205 211 218 227 229 230 231 214 214 233 233 231 237 239 239 217 190 192 212 211 178 160 148 158 158 206 154 142 142 152 150 149 150 151 150 147 182 179 175 172 147 144 163 161 159 157 160 159 153 152 156 151 151 149 148
135 136 135 139 140 139 138 141 144 146 151 152 154 156 158 160 160 163 166 168 171 173 175 179 181 200 195 199 203 197 199 190 193 204 215 200 201 224 197 192 217 226 229 230 233 213 235 233 233 233 228 233 237 233 177 157 184 212 190 169 150 160 157 207 170 155 153 154 153 152 145 151 151 151 148 146 145 145 146 147 149 164 161 160 158 156 154 153 151 152 155 154 154 154
129 134 135 134 139 139 137 139 142 145 146 147 154 155 158 159 159 162 165 168 174 175 176 187 196 191 193 200 192 191 194 191 198 212 199 200 201 209 193 203 222 227 228 229 233 235 215 216 216 217 217 237 234 222 219 165 183 195 177 167 151 159 169 208 178 157 155 151 154 154 155 152 153 158 158 151 146 143 172 144 145 163 161 159 159 159 156 155 154 153 155 155 154 154
128 129 134 134 139 139 139 139 141 145 146 146 153 156 157 158 159 166 164 166 169 171 182 179 182 192 189 197 188 191 196 200 216 199 200 201 219 200 200 219 224 224 225 229 231 232 236 216 241 217 241 242 239 243 218 217 215 185 153 151 143 164 163 208 158 157 143 154 152 153 152 147 147 148 151 148 145 176 173 169 166 164 161 159 158 159 157 156 156 155 153 152 154 150
128 128 132 133 133 139 140 140 137 144 145 146 153 155 157 158 164 161 163 165 170 172 175 179 182 184 186 188 191 198 194 196 197 199 200 201 202 198 214 224 208 226 228 228 228 230 234 238 239 217 240 243 242 243 216 231 189 152 154 154 154 153 150 168 165 161 157 154 149 152 148 148 194 191 187 184 145 145 143 170 167 164 161 159 157 158 157 155 154 154 154 155 151 150
127 128 129 131 132 133 134 140 138 142 144 145 152 153 154 158 157 160 162 165 167 171 174 179 182 185 186 196 197 203 194 196 212 211 214 201 197 209 220 222 226 228 227 228 230 232 233 234 237 237 238 242 241 237 221 167 163 161 156 155 156 157 160 168 168 167 168 165 161 157 155 158 156 151 147 146 147 146 144 170 168 166 162 160 159 157 158 158 156 155 154 155 155 151
126 128 126 126 131 131 132 134 136 140 143 144 150 150 153 156 161 162 162 162 167 171 172 179 182 184 185 187 199 202 193 203 201 210 206 194 204 215 217 219 220 221 227 233 238 215 237 234 235 234 236 234 229 220 207 185 167 162 156 155 156 159 164 168 168 167 166 167 164 162 161 162 162 161 156 151 153 178 175 147 169 167 163 160 158 157 157 158 157 157 155 153 155 152
123 123 127 128 130 131 132 133 134 136 141 142 148 149 152 155 158 160 161 162 165 171 172 178 176 183 184 186 188 190 196 198 196 207 196 197 212 218 205 213 208 224 234 212 213 214 214 234 230 228 229 224 219 213 206 200 184 175 168 161 162 166 168 169 168 167 167 165 164 162 160 158 156 158 159 157 160 161 176 172 169 168 164 161 158 157 156 157 156 156 156 154 156 156
125 126 127 128 125 131 128 129 134 135 139 140 142 144 146 154 156 157 159 161 165 171 174 173 175 181 183 185 188 189 188 193 208 203 194 205 215 204 207 211 208 228 210 233 232 227 225 230 228 227 225 220 215 209 203 200 199 194 182 171 168 172 174 170 166 168 168 166 163 160 158 156 155 157 160 159 158 179 175 172 169 167 165 163 160 158 158 157 156 156 155 154 153 156
124 125 126 126 126 129 132 132 134 129 137 138 140 142 145 147 156 153 157 160 162 170 175 171 179 178 182 184 187 187 189 193 196 198 204 215 202 208 204 215 208 208 226 225 223 221 222 226 228 226 223 217 209 207 201 197 199 197 193 180 171 172 177 173 167 165 164 164 163 161 161 159 159 160 161 161 183 180 176 171 168 165 164 162 160 159 158 158 157 158 154 152 157 157
123 124 124 125 126 127 129 131 135 134 136 136 138 140 143 152 153 152 157 160 161 170 174 169 174 175 182 184 185 185 188 193 197 198 200 213 202 201 208 218 208 208 228 228 223 218 217 224 225 220 217 208 204 204 202 197 196 195 194 185 176 175 178 176 173 169 165 162 163 166 166 161 160 160 159 160 184 180 177 173 169 166 162 161 160 160 160 157 161 162 160 155 152 158
123 124 123 128 125 127 123 130 134 133 135 131 133 140 142 151 152 152 158 160 161 170 172 175 170 174 182 183 183 184 188 194 196 198 198 205 200 202 216 207 208 208 224 222 216 212 214 221 217 213 215 206 202 204 201 217 194 192 215 186 214 179 212 181 178 175 172 165 162 165 169 162 159 157 189 186 184 181 177 174 170 168 165 163 161 161 164 160 162 162 162 159 159 158
122 123 123 123 124 125 127 129 130 132 133 139 135 134 141 142 144 153 151 159 162 168 170 172 171 176 179 181 183 185 189 193 191 196 198 200 200 203 206 225 208 222 220 216 212 213 217 217 213 212 212 207 218 218 217 217 217 216 215 214 184 213 183 211 179 177 176 170 162 161 168 169 164 159 190 187 184 182 179 175 171 169 167 164 161 162 164 162 163 162 160 160 159 159
121 122 123 123 127 122 124 127 129 130 131 131 133 136 139 141 143 146 149 158 162 158 169 171 174 176 176 180 184 183 186 190 190 193 197 198 201 204 205 207 208 217 216 215 216 218 218 214 213 214 212 208 218 218 218 217 217 216 215 215 214 184 183 183 211 181 174 174 166 160 164 171 171 167 163 187 185 182 179 177 172 169 166 164 161 166 164 164 163 162 161 160 160 159
121 121 127 130 127 126 126 126 127 129 130 130 132 134 137 139 142 144 147 157 154 157 169 171 172 172 175 181 184 180 184 187 190 196 195 198 202 204 205 207 214 212 217 220 222 223 218 213 213 215 212 210 208 218 218 217 217 216 215 215 214 190 186 186 188 188 177 176 172 162 161 166 167 164 190 187 185 182 179 177 173 170 167 164 162 167 165 165 163 163 161 161 160 160
120 125 120 122 128 125 127 124 125 127 130 129 131 133 135 138 141 143 145 148 152 163 166 169 167 168 176 183 185 182 182 186 189 191 195 199 202 203 205 215 206 213 221 222 224 222 213 211 213 216 215 212 218 218 218 217 217 216 216 215 214 214 184 187 191 191 209 181 181 168 161 158 195 193 190 188 185 182 179 177 173 171 169 166 164 162 166 166 164 164 162 161 161 161
119 126 123 120 127 120 127 131 123 125 128 129 129 136 131 136 141 142 143 153 150 162 165 166 165 166 178 182 183 181 183 189 191 192 194 199 201 203 204 205 206 215 219 220 222 214 215 212 215 219 219 213 218 218 218 218 217 217 185 215 214 214 186 188 210 209 209 184 181 175 168 165 165 193 191 188 186 183 180 177 175 172 170 168 167 167 165 166 165 165 163 162 162 162
119 118 125 124 119 120 121 122 122 123 126 128 128 129 131 134 138 141 142 145 148 151 163 165 165 167 179 182 182 180 182 185 189 191 196 199 201 203 204 205 207 217 219 219 213 211 214 214 218 219 217 217 218 218 218 218 217 217 216 215 214 215 213 212 210 210 209 209 177 174 173 174 196 194 192 189 186 183 180 177 175 173 173 171 171 169 168 167 166 165 164 163 163 162
118 118 117 124 123 119 120 121 121 125 124 127 127 128 136 132 137 139 140 144 147 159 162 157 167 170 177 180 176 176 182 184 189 193 198 199 202 203 205 207 208 210 221 212 213 214 215 215 216 214 217 218 218 218 218 218 217 217 217 216 215 181 175 175 176 209 208 207 166 161 166 197 196 195 193 190 187 184 181 178 175 174 176 174 172 170 168 167 166 166 165 164 163 163
