examples/cougarCreek-fire/createInputs/farsite/7a-cougarCreek-polygonIgnit/cougarCreekFire_08-10-2015_1500_217m_non_neutral_stability_ang.asc
ncols	146
nrows	140
xllcorner	610065.000000
yllcorner	5095217.000000
cellsize	216.586807
NODATA_value	-9999.000000
[rows 0 to 44 of 140, columns 0 to 95 of 146]
231 233 234 237 239 241 242 244 247 256 253 255 252 248 242 238 234 229 226 219 211 222 212 208 203 197 193 189 185 181 178 174 171 169 167 165 164 138 153 162 153 153 160 153 155 154 160 159 159 159 158 157 156 156 156 156 156 155 153 152 152 150 149 148 147 146 144 141 141 142 142 141 138 134 131 132 134 132 127 125 123 123 125 117 115 116 124 112 110 113 117 110 106 114 111 110
231 233 234 237 239 241 242 244 247 256 253 255 252 248 242 238 234 229 226 219 211 222 212 208 203 197 193 189 185 181 178 174 171 169 167 165 164 138 153 162 153 153 160 153 155 154 160 159 159 159 158 157 156 156 156 156 156 155 153 152 152 150 149 148 147 146 144 141 141 142 142 141 138 134 131 132 134 132 127 125 123 123 125 117 115 116 124 112 110 113 117 110 106 114 111 110
231 233 235 238 239 241 242 244 246 248 251 253 250 246 241 236 231 227 224 217 210 220 212 207 201 194 190 187 183 180 176 173 170 168 166 165 164 163 161 161 160 160 160 159 159 160 159 159 159 158 158 157 156 156 156 156 156 156 153 152 152 151 149 148 148 147 145 142 142 142 142 141 138 135 133 133 136 135 131 129 127 126 126 127 127 126 125 123 120 119 117 114 114 114 112 111
230 232 236 239 240 242 245 247 249 250 253 256 254 250 246 241 235 231 227 220 214 227 216 212 203 195 189 185 181 177 172 169 167 165 164 163 163 162 160 159 158 158 158 158 158 158 159 158 158 157 157 156 155 155 154 155 156 155 154 152 152 151 150 149 149 148 146 144 143 142 142 141 140 138 136 135 138 139 136 132 130 128 128 128 128 127 127 126 124 122 120 117 115 116 115 112
229 231 235 239 241 243 245 262 261 263 253 255 254 252 248 242 236 231 227 222 234 228 233 212 205 195 188 184 180 174 169 166 164 163 162 161 162 162 162 160 158 157 156 157 157 157 158 158 157 157 157 156 155 148 154 154 155 155 154 153 153 152 151 150 150 148 146 145 144 144 143 142 142 140 138 137 139 140 137 135 132 131 130 129 130 129 128 127 126 126 124 121 94 93 91 87
229 231 235 238 240 242 244 246 248 263 263 267 250 247 244 239 233 228 242 218 232 225 224 208 203 195 188 184 180 173 167 164 162 161 162 162 162 163 163 162 159 157 155 155 156 156 157 157 157 152 151 150 156 155 155 155 156 155 155 154 154 153 152 152 150 148 138 145 145 145 144 143 142 141 139 138 139 140 138 136 134 132 132 131 131 130 129 128 127 127 126 123 121 90 91 86
229 231 235 238 240 241 242 259 261 263 262 262 264 242 238 233 228 224 237 231 228 222 218 215 205 191 187 185 179 165 167 164 161 161 161 162 163 164 165 160 158 158 150 155 155 150 151 151 152 153 146 158 150 156 156 157 157 156 156 155 155 146 145 153 151 140 148 147 148 146 145 145 143 141 139 139 141 140 138 137 135 134 133 132 136 131 130 130 129 129 127 125 123 95 91 89
230 232 234 237 239 240 241 257 255 257 259 258 259 257 248 228 221 233 229 222 220 215 209 207 201 191 185 182 177 166 167 161 159 162 163 163 163 164 163 163 160 156 153 150 148 148 149 151 152 144 153 153 158 158 157 157 158 157 157 157 149 148 156 154 152 142 150 149 149 147 146 145 144 142 141 142 143 141 139 138 136 135 135 133 133 132 132 131 131 130 129 127 125 123 97 83
230 231 233 235 237 258 238 257 257 257 257 256 253 251 244 225 232 225 221 216 214 209 223 223 198 192 185 180 175 167 161 160 158 164 164 164 163 164 165 164 161 159 157 153 150 149 149 150 152 153 154 154 153 154 152 158 157 157 150 158 151 158 157 156 146 145 143 141 149 148 147 147 145 144 144 144 143 141 139 139 138 137 137 135 134 134 133 132 132 131 130 129 127 125 124 123
231 232 233 234 235 249 251 254 253 253 253 253 267 245 239 231 225 215 217 204 229 206 196 193 218 193 187 180 175 169 163 161 160 162 165 166 165 166 166 164 161 158 157 155 152 151 152 152 153 154 154 155 153 154 158 157 156 157 151 158 158 157 157 149 149 147 145 143 151 150 150 149 148 146 146 146 144 142 141 141 140 139 138 137 135 135 134 133 132 134 132 131 129 128 126 124
254 231 233 234 235 235 245 248 249 250 249 248 244 262 233 227 217 207 212 209 201 229 194 185 208 203 170 161 176 170 164 164 163 164 167 167 168 168 167 164 161 157 155 142 142 143 153 152 153 145 147 147 157 160 157 156 157 152 159 159 157 151 149 151 150 150 149 147 153 152 152 151 149 148 148 148 146 143 142 142 141 141 140 138 136 133 137 134 133 133 133 132 131 130 129 126
230 230 252 251 250 246 233 242 245 264 264 242 238 234 228 223 209 208 208 206 224 196 220 186 188 213 166 169 169 172 166 165 165 167 168 168 168 168 167 165 161 143 142 142 142 143 153 153 144 145 146 157 163 160 154 152 153 154 155 159 157 150 151 151 151 158 158 158 156 155 154 152 150 150 150 149 146 144 144 143 143 142 141 140 138 137 137 135 134 134 133 133 132 132 131 128
229 229 229 247 248 247 232 237 237 238 257 260 257 224 220 216 207 208 206 203 220 222 223 219 188 217 164 175 170 150 169 167 168 169 169 169 168 168 169 166 152 143 142 142 142 144 154 144 144 155 156 157 161 158 152 151 153 154 155 155 150 153 153 159 158 158 158 157 156 155 154 153 152 152 151 150 147 145 145 145 144 144 142 141 140 139 137 136 135 134 134 132 132 133 132 131
228 228 230 230 231 243 231 230 231 229 229 248 245 240 213 212 210 208 206 224 222 223 226 196 190 206 167 173 161 148 147 170 166 168 172 172 166 166 172 168 149 143 142 141 142 155 155 145 147 159 160 158 156 154 150 150 150 151 151 151 152 152 159 158 158 157 157 155 155 155 154 153 153 153 152 150 148 147 146 145 145 145 144 142 141 140 138 137 136 135 134 132 132 135 134 147
227 228 230 230 230 230 230 229 226 225 220 219 216 231 230 230 226 221 221 221 222 222 219 211 186 203 178 171 158 146 146 173 174 171 173 173 167 166 172 168 141 142 142 143 146 147 145 145 147 152 161 159 157 154 152 151 141 150 150 149 156 157 157 157 148 147 148 148 155 154 147 154 154 154 153 151 149 148 147 146 146 146 145 144 143 141 139 137 136 131 135 128 131 142 133 145
227 228 230 230 230 230 241 240 236 227 217 214 234 228 206 227 224 217 217 216 202 200 210 197 204 204 188 171 157 146 153 173 171 169 172 170 172 171 164 154 138 141 143 144 146 145 143 146 148 153 161 158 149 148 154 152 143 151 141 148 147 147 147 147 149 148 148 157 155 154 155 156 155 153 152 151 150 149 147 146 146 146 145 144 144 142 139 138 137 136 128 126 130 132 131 130
226 227 228 228 228 227 227 236 236 230 213 202 238 235 212 213 221 222 215 211 215 212 205 192 196 203 187 167 149 147 163 175 167 166 167 169 176 173 159 143 139 141 142 142 144 143 145 146 149 153 159 147 148 147 145 152 155 143 149 148 148 148 149 149 149 147 157 150 155 156 157 157 156 154 152 151 150 150 149 148 147 147 146 146 145 142 140 140 138 137 135 132 130 130 133 128
224 225 226 226 225 224 230 230 231 251 208 191 223 232 217 209 211 216 213 204 219 215 210 183 193 198 178 158 149 155 166 167 166 167 163 171 178 170 154 140 139 140 141 142 142 143 145 148 151 150 147 150 150 146 142 152 153 143 149 148 148 148 148 148 148 155 157 151 150 158 159 158 157 155 153 151 150 150 151 150 149 149 148 148 146 144 142 129 127 139 137 135 133 133 131 130
223 223 223 223 222 220 218 224 245 245 204 181 208 218 218 219 212 211 216 196 216 215 212 202 196 190 171 155 154 158 161 158 161 164 166 177 176 166 151 142 140 140 142 143 144 145 146 149 152 149 151 151 148 158 143 143 153 150 140 150 150 139 148 148 154 147 149 152 157 159 159 159 158 157 155 154 152 151 151 151 151 151 151 150 148 145 143 131 128 141 139 120 120 136 135 133
222 220 219 219 217 215 219 216 237 233 196 201 206 209 210 213 215 212 220 194 207 206 204 202 200 187 165 155 156 157 155 153 145 168 173 177 171 166 152 144 143 142 143 146 147 147 148 149 152 153 153 150 154 148 146 149 146 151 142 144 150 139 147 147 147 155 156 156 158 160 160 160 160 159 157 156 155 153 152 152 152 152 153 153 150 148 146 130 128 142 140 125 120 123 136 136
219 216 215 224 222 218 213 210 206 222 191 207 219 173 181 202 208 208 210 199 201 196 195 195 203 193 166 159 155 153 150 145 164 169 172 171 162 161 151 141 142 145 148 149 150 150 150 151 167 154 154 152 152 147 151 159 156 144 144 145 144 142 151 150 156 157 157 158 159 160 161 160 160 159 158 158 157 155 154 154 153 154 155 154 152 150 148 147 146 144 124 122 123 139 138 138
213 211 210 217 214 210 205 202 198 215 205 203 215 214 171 174 200 200 207 206 206 198 190 192 201 199 174 163 153 147 147 138 164 169 167 165 154 157 141 137 143 152 150 151 151 149 149 151 154 155 153 154 147 149 160 148 144 144 146 148 145 145 145 158 152 151 151 151 159 160 160 160 161 161 160 160 158 157 156 155 155 155 156 156 154 151 150 149 148 146 126 124 122 120 143 141
208 207 205 202 206 201 197 195 193 208 204 185 213 191 189 163 183 182 192 213 209 204 200 189 186 189 165 159 146 139 141 153 164 144 161 155 153 152 135 136 148 153 155 150 150 151 152 153 154 157 159 162 157 163 158 144 144 143 146 149 146 148 155 152 151 151 152 160 160 160 160 161 162 162 161 161 160 159 158 157 156 156 157 158 156 153 152 151 149 131 128 128 129 131 128 124
202 201 200 197 191 186 188 188 200 203 202 193 202 197 197 186 170 175 185 210 209 210 228 211 179 165 123 142 136 134 136 130 162 165 160 153 147 145 135 134 141 151 152 149 150 151 153 154 158 158 165 170 162 161 153 147 148 147 148 148 148 158 157 161 152 154 155 154 162 161 161 163 164 163 163 162 161 160 160 160 159 158 159 159 157 155 153 152 135 139 141 141 137 139 138 132
196 195 194 191 185 177 177 182 185 200 200 194 193 198 198 198 182 178 175 182 211 230 254 233 196 95 80 112 129 134 132 130 154 165 151 151 144 140 133 137 143 144 145 165 150 152 153 156 158 160 169 168 158 155 150 149 149 149 150 149 149 159 153 151 157 158 157 156 163 156 164 165 165 165 164 163 162 161 161 161 161 161 161 160 158 156 154 152 151 145 143 138 135 141 144 139
190 188 186 185 182 172 166 173 180 196 197 194 191 199 203 203 189 185 189 184 205 268 273 185 243 87 80 98 133 129 123 150 154 137 159 146 136 133 132 142 150 143 143 145 148 167 154 172 158 163 170 164 153 152 147 147 147 163 150 150 150 159 151 150 158 159 158 157 158 158 159 167 167 166 165 164 164 163 162 161 161 162 162 162 160 158 156 153 136 139 147 142 136 140 144 141
186 183 178 177 181 174 164 163 170 191 198 196 195 181 196 204 203 166 227 138 133 302 187 166 191 97 83 94 129 116 125 134 127 132 141 138 133 132 135 138 140 140 141 144 146 150 153 155 160 166 170 160 153 152 147 145 146 149 150 150 151 159 159 151 152 153 160 160 159 159 159 167 167 167 166 165 165 165 164 162 162 162 163 163 161 160 159 156 127 130 141 148 142 140 142 148
184 181 174 166 167 169 167 165 165 173 196 195 194 188 184 212 209 174 161 141 135 163 171 147 188 106 90 94 120 115 126 132 127 134 137 138 136 136 140 141 142 144 145 147 151 154 156 159 162 170 172 159 153 157 149 147 149 150 150 151 152 152 152 154 157 158 157 162 161 160 159 167 168 168 167 166 166 165 165 164 163 163 164 164 162 162 161 160 128 125 126 126 126 126 148 148
180 178 173 160 154 160 163 165 171 172 185 189 195 199 194 230 156 166 168 147 149 167 163 129 112 107 106 96 114 118 128 131 131 136 135 134 137 140 141 142 145 147 148 150 154 170 172 176 166 177 171 158 155 158 147 150 152 151 150 152 153 153 153 153 155 157 158 163 163 162 161 169 169 168 168 167 167 166 165 165 164 164 164 164 163 164 163 162 129 124 156 153 121 122 151 150
175 173 169 159 150 154 155 156 177 172 168 187 210 176 150 143 169 175 169 157 155 169 156 140 111 102 108 116 111 121 130 133 134 139 139 136 139 141 140 142 145 147 158 169 171 170 173 163 179 174 170 163 158 152 149 153 152 150 150 150 151 151 152 153 155 162 161 161 162 162 163 171 170 169 169 169 168 167 166 165 165 165 165 165 165 165 165 163 162 128 126 125 130 129 153 152
170 167 163 159 154 155 152 145 152 165 165 196 228 255 174 157 169 179 181 176 183 230 163 153 133 119 120 124 121 126 132 133 138 141 141 143 143 137 138 147 154 156 166 170 172 172 160 174 176 173 172 170 157 151 151 150 147 146 148 150 151 153 154 155 156 163 162 162 162 163 164 171 171 171 170 170 170 169 168 166 165 165 166 167 167 166 166 165 164 136 135 133 132 127 124 154
163 161 158 157 159 165 161 148 130 145 161 171 128 157 176 157 173 174 183 188 191 190 169 162 144 135 135 133 131 130 130 133 141 142 142 148 140 136 140 151 152 155 167 169 170 171 172 167 174 176 175 173 157 153 152 151 148 150 151 152 152 154 156 157 157 158 165 164 164 165 165 164 165 165 172 171 170 170 169 168 167 166 167 168 168 168 169 168 167 140 135 132 132 128 127 156
158 155 155 154 158 169 167 111 127 126 107 103 123 155 171 151 156 168 175 180 190 193 194 175 159 146 141 137 139 133 132 133 141 144 143 145 145 141 145 141 151 155 166 166 167 168 168 165 171 176 178 176 169 164 162 155 153 155 157 156 155 155 156 158 159 171 160 172 161 163 173 164 164 172 171 171 170 170 164 169 168 167 166 166 167 171 173 172 171 143 135 132 134 133 133 158
150 152 153 156 158 167 132 119 107 102 118 139 163 168 155 153 147 147 143 168 191 177 180 181 165 152 145 142 141 135 133 136 144 145 146 148 148 148 150 150 150 155 164 163 153 157 158 162 165 168 173 175 178 167 164 160 160 160 160 170 160 160 158 172 172 157 173 159 160 165 163 162 171 170 171 171 171 171 163 169 168 167 164 160 163 172 177 177 179 159 138 134 136 136 137 159
143 148 158 172 157 135 135 133 128 128 130 141 150 161 176 152 143 132 117 127 149 172 171 177 170 161 156 150 144 133 138 141 144 147 146 145 145 146 144 146 147 146 148 148 148 150 154 158 159 157 158 166 174 176 173 171 167 164 163 163 164 164 171 159 158 158 165 166 169 174 171 171 162 162 163 164 173 172 171 169 169 168 164 158 159 169 178 180 182 175 141 134 137 134 131 159
144 110 118 137 181 159 132 126 127 128 127 118 137 155 165 185 188 194 199 166 155 155 161 165 163 164 165 159 148 129 137 141 142 146 144 143 142 141 139 137 143 143 146 158 158 157 144 148 153 152 149 152 160 170 174 177 175 172 168 166 166 163 163 162 161 168 168 176 176 174 172 164 162 163 164 164 174 173 172 171 170 168 164 159 158 166 177 182 185 182 146 137 138 134 133 160
157 155 178 184 180 171 169 133 126 123 120 111 124 141 151 159 163 163 161 154 151 151 159 150 150 158 166 161 153 139 141 145 143 147 149 147 147 145 145 144 142 139 159 159 160 159 156 155 147 152 152 151 150 158 169 175 175 176 175 173 170 168 168 167 165 163 168 168 169 166 171 168 166 165 175 174 173 173 173 172 172 170 165 159 156 163 177 182 179 183 154 138 137 135 135 161
158 162 172 174 174 170 143 127 122 114 109 117 121 127 133 142 143 140 137 133 134 139 135 146 141 154 159 154 153 152 146 144 147 150 154 158 159 162 162 162 161 161 161 163 160 159 157 156 141 147 151 152 150 155 161 167 172 176 177 178 176 176 177 178 177 173 170 170 173 177 180 174 166 179 177 175 173 173 173 174 174 173 171 162 149 155 175 181 186 183 153 136 131 132 129 161
163 160 158 161 167 168 165 159 102 102 101 115 110 111 111 117 120 115 110 114 117 119 120 117 122 138 155 144 141 149 144 135 133 140 149 159 168 172 173 172 166 163 167 166 165 164 165 164 161 158 146 149 150 152 153 159 165 168 173 174 172 173 176 177 176 172 167 168 173 178 182 182 179 177 173 168 175 174 175 176 178 178 179 173 153 140 155 170 180 183 162 134 130 132 129 162
171 165 158 157 162 167 175 162 168 109 115 112 107 106 107 111 110 106 107 115 116 106 113 115 113 152 152 141 138 141 140 135 137 129 129 132 136 148 168 179 176 169 170 168 163 162 162 159 156 165 164 145 144 141 148 153 153 158 165 164 161 165 171 173 172 170 163 160 167 178 181 178 175 176 176 177 175 173 176 180 183 184 184 184 177 159 142 146 158 178 173 141 131 133 130 129
161 160 159 161 162 165 176 167 163 173 167 124 116 114 111 110 107 96 89 87 88 100 115 113 113 153 150 143 145 143 137 138 139 135 127 120 117 118 133 157 166 170 167 167 168 170 169 167 167 163 160 158 164 166 164 161 161 164 165 163 152 161 165 170 171 169 164 158 162 171 171 169 168 167 168 170 164 163 174 185 190 190 189 189 187 178 160 145 149 163 171 166 139 135 130 127
151 151 155 161 162 172 165 164 165 176 173 124 115 111 105 105 96 83 84 93 105 117 115 103 105 143 148 144 146 144 145 137 133 129 130 131 127 126 123 126 151 145 143 145 150 163 163 166 169 170 168 169 171 170 166 164 164 165 167 165 169 167 166 168 170 168 164 159 160 165 165 164 164 163 161 160 146 134 151 182 195 197 194 192 189 184 169 149 147 163 172 174 147 138 134 127
146 146 149 155 159 157 162 159 163 171 175 165 161 158 102 98 95 99 111 116 119 116 107 97 109 122 141 142 142 138 147 141 135 137 134 134 133 133 132 132 134 141 142 142 140 134 139 154 160 166 165 167 168 169 168 168 170 170 170 172 172 170 168 168 168 165 161 159 160 165 166 166 166 164 160 157 144 115 107 144 192 202 183 175 190 187 177 151 136 156 176 163 157 143 135 129
146 147 150 152 152 165 160 160 164 169 167 169 165 162 159 155 102 112 122 122 119 105 91 90 115 132 120 138 140 132 146 148 145 139 140 135 136 137 137 136 134 133 133 135 158 155 153 155 147 162 166 166 164 164 165 167 170 171 147 168 171 169 166 167 167 165 165 165 167 169 170 171 172 171 169 166 160 131 106 110 156 202 186 194 189 187 183 168 140 144 170 164 159 153 146 139
146 148 153 152 152 158 159 160 163 171 168 164 166 166 166 156 158 96 109 112 102 88 85 101 119 127 114 127 139 129 140 145 150 148 147 140 141 141 141 142 150 144 158 155 153 154 144 149 165 171 172 169 165 164 166 169 172 174 168 166 170 170 167 166 166 164 165 167 169 170 169 170 172 171 170 178 177 164 130 117 128 182 207 175 186 165 184 180 166 152 159 167 160 153 163 150
