examples/cougarCreek-fire/createInputs/farsite/7a-cougarCreek-polygonIgnit/cougarCreekFire_08-12-2015_0200_217m_non_neutral_stability_vel.asc
ncols	146
nrows	140
xllcorner	610065.000000
yllcorner	5095217.000000
cellsize	216.586807
NODATA_value	-9999.000000
[rows 37 to 73 of 140, columns 0 to 81 of 146]
2.21 2.36 2.60 3.49 3.58 3.71 3.92 7.84 4.42 7.96 7.87 8.44 8.63 9.82 9.29 9.48 9.57 9.44 8.83 8.48 8.75 9.20 9.38 9.21 8.85 8.62 9.40 9.61 4.26 4.05 5.41 6.16 5.71 5.73 4.91 3.21 1.90 1.02 2.78 4.64 5.63 6.70 6.70 6.17 4.79 5.22 3.68 8.21 13.63 13.68 14.29 8.05 9.82 10.03 7.92 8.17 7.83 7.04 6.62 5.53 3.06 1.22 1.47 2.73 4.00 4.51 4.46 4.61 5.52 7.87 10.59 12.51 11.28 11.90 9.86 7.89 6.92 6.65 6.56 6.40 5.47 5.71
2.18 2.27 2.48 3.33 3.47 3.53 5.31 3.90 7.39 7.22 8.00 8.34 8.68 8.46 8.53 8.88 8.99 8.53 8.87 9.35 9.45 9.11 9.02 9.23 8.34 8.15 9.47 9.46 4.64 5.13 7.59 6.08 5.87 6.07 4.79 4.83 5.11 6.08 4.84 1.10 2.26 4.41 5.00 5.41 7.06 7.63 5.61 2.26 12.53 12.62 15.34 13.10 15.30 10.79 9.40 10.01 9.85 10.95 8.78 7.30 6.15 4.94 3.94 2.22 0.94 0.51 0.81 0.46 1.72 3.94 6.64 9.39 11.45 12.17 12.38 12.55 10.91 8.88 8.22 7.30 5.87 5.87
2.17 2.24 2.39 3.14 3.23 3.38 5.16 3.72 7.40 7.81 8.26 8.32 7.36 8.63 8.86 9.09 8.99 8.51 8.68 8.87 8.77 8.70 9.36 9.67 8.53 9.16 9.61 9.72 6.27 2.57 8.78 7.51 4.54 4.73 0.60 0.47 1.13 3.36 4.89 5.51 4.33 2.09 3.86 4.53 3.79 6.57 8.51 12.04 14.50 15.38 15.44 15.16 14.48 15.15 18.19 13.69 11.70 11.71 11.03 7.44 6.93 6.53 4.89 3.99 4.01 3.55 3.34 2.28 3.09 3.60 4.10 4.43 5.94 8.05 9.52 10.67 11.19 11.67 11.88 10.06 7.56 6.52
2.16 2.18 2.32 3.01 3.08 3.13 5.26 3.57 3.89 7.79 8.24 8.36 8.28 9.11 8.61 8.76 8.50 8.12 7.92 8.31 8.77 9.17 9.66 9.21 7.16 8.92 9.38 9.48 9.09 5.66 7.09 7.01 3.75 5.94 0.60 1.62 2.11 4.25 2.10 3.25 3.29 2.03 0.48 3.90 4.50 5.82 7.19 7.62 7.14 15.70 15.61 15.66 16.66 14.70 4.65 5.18 16.19 17.40 4.29 15.06 16.53 11.12 6.31 5.68 5.98 5.63 4.48 2.86 2.31 2.42 2.02 1.82 3.49 5.05 5.28 4.68 5.45 8.29 10.76 12.19 11.28 8.37
2.17 2.14 2.24 3.00 3.04 5.28 3.13 3.50 3.72 7.69 8.22 8.25 7.82 7.96 7.69 8.03 7.80 7.29 8.32 8.85 9.41 9.62 9.48 5.92 6.44 8.64 8.90 9.45 8.64 5.04 7.47 8.15 4.37 5.86 2.09 1.61 1.56 2.58 3.30 2.68 0.73 1.10 1.78 2.08 2.85 5.46 6.15 7.96 12.80 13.06 14.29 13.16 7.91 14.87 15.09 14.70 13.06 13.50 4.61 3.48 11.42 8.15 8.27 9.92 10.52 10.21 10.14 10.54 9.57 8.67 7.78 5.74 3.74 4.82 4.23 3.72 3.04 3.67 4.76 8.59 11.53 11.35
2.19 2.11 2.14 2.27 3.14 2.54 3.15 2.98 3.58 3.68 3.83 7.83 7.27 7.39 7.42 7.38 7.66 8.06 8.77 8.84 9.42 9.13 6.57 4.42 8.18 8.76 9.01 8.80 6.99 3.00 9.84 12.09 10.36 6.39 4.67 2.53 1.04 2.01 1.99 3.39 2.68 0.78 0.82 2.59 4.56 7.56 12.23 14.55 15.84 7.17 14.88 14.23 11.15 10.98 11.03 8.25 7.74 9.58 8.96 10.49 4.99 11.81 12.58 9.51 6.78 7.85 7.18 6.29 6.84 6.12 4.86 4.09 3.96 3.42 3.42 3.64 1.88 2.42 2.35 3.37 8.47 10.88
2.31 2.15 2.08 2.16 2.92 5.06 3.11 3.32 3.41 3.63 7.62 7.38 6.78 6.96 6.39 6.70 7.71 8.08 8.66 8.80 8.79 6.75 4.28 5.18 8.34 8.65 8.78 6.49 6.42 3.78 7.30 13.86 15.73 14.04 10.00 4.52 1.71 0.95 0.76 1.57 3.17 2.44 1.20 2.62 5.14 6.91 9.89 12.65 14.54 15.70 15.13 15.75 15.15 13.82 13.58 14.41 16.47 17.17 16.52 9.31 10.82 6.79 5.16 3.66 2.92 2.74 1.96 2.32 1.88 2.51 1.56 2.63 3.04 3.51 4.20 4.74 3.86 5.14 2.61 2.57 5.86 10.83
2.44 2.26 2.12 2.11 2.25 2.86 3.00 3.13 3.32 6.87 6.60 5.21 5.55 7.14 6.69 7.35 7.30 7.62 8.15 8.21 8.04 5.15 4.87 6.02 8.10 8.21 6.10 5.53 6.41 4.38 4.82 12.56 18.38 19.95 17.37 13.51 8.90 2.55 3.75 0.44 1.81 2.77 3.80 2.92 2.49 4.91 9.78 12.84 14.71 14.54 13.46 14.64 16.66 16.85 17.19 17.52 13.43 9.19 6.64 5.59 5.48 5.28 3.85 3.80 3.21 3.21 4.01 4.99 5.91 5.72 5.27 5.67 6.52 7.15 7.43 6.46 4.32 3.28 2.78 1.58 2.71 8.07
2.47 2.30 2.17 2.12 2.87 2.90 2.90 3.08 3.24 5.64 4.27 5.04 6.89 7.43 7.36 7.17 5.42 7.57 8.11 8.25 8.06 6.48 5.88 5.61 7.51 6.80 5.04 6.67 6.98 4.80 2.32 8.76 19.23 23.38 23.04 19.15 13.96 8.67 5.66 4.12 2.75 4.95 4.70 3.51 3.19 4.26 8.42 10.57 14.80 17.41 16.10 12.18 11.52 11.67 7.28 8.36 7.33 8.49 7.79 7.23 8.50 8.36 8.16 7.87 6.86 6.06 5.51 6.98 8.18 8.94 9.71 10.36 11.49 12.77 12.88 11.18 10.12 6.61 2.11 1.95 1.78 4.65
2.59 2.38 3.05 2.12 2.93 2.95 5.81 2.89 6.10 3.74 4.87 6.36 6.85 7.52 7.32 6.51 7.03 7.01 7.84 8.09 7.75 5.66 4.01 4.26 4.81 4.95 5.19 6.24 7.03 4.86 1.47 4.84 13.14 22.89 27.42 22.96 16.58 12.52 10.27 8.38 9.00 8.89 9.38 8.24 6.86 10.63 10.84 11.20 15.08 12.47 5.46 3.25 4.41 7.36 9.89 9.20 7.35 8.33 10.32 12.41 12.99 12.73 12.43 12.53 12.51 10.87 7.85 7.68 8.86 8.37 8.86 9.61 10.43 12.57 14.05 11.51 11.70 13.10 7.02 0.70 1.89 3.10
2.70 5.34 3.14 2.12 2.08 3.08 4.38 5.84 5.85 4.62 6.12 6.55 6.74 6.87 6.86 7.14 2.59 6.28 7.64 7.80 7.55 3.45 2.91 4.06 4.13 4.86 6.69 7.41 5.90 4.56 3.25 2.64 7.16 18.92 30.30 26.50 14.58 11.69 12.53 12.39 12.58 11.69 12.02 12.87 12.23 12.81 12.93 14.03 10.08 11.17 11.69 10.98 8.80 9.74 12.12 14.63 13.79 11.50 11.58 14.72 17.35 16.30 13.39 11.99 13.95 14.15 10.17 6.98 6.05 6.47 6.22 5.94 6.51 9.13 12.80 10.05 6.48 11.57 13.10 5.14 2.74 3.27
2.79 3.50 5.92 5.76 5.63 5.37 4.62 5.79 3.11 5.98 3.16 3.31 6.67 6.92 2.81 2.48 6.70 6.37 7.45 7.60 5.81 2.55 2.32 3.88 4.94 5.57 7.26 7.34 4.39 4.81 4.33 4.48 4.58 14.64 29.69 26.89 11.76 10.84 12.94 15.26 14.11 12.28 11.86 14.84 15.99 16.18 16.00 12.40 15.44 18.40 21.63 23.74 22.42 20.39 16.21 14.03 12.45 9.61 7.75 10.37 13.59 13.75 12.70 9.57 9.38 11.85 9.60 6.30 4.44 3.95 5.10 5.29 6.41 9.69 11.90 8.59 4.64 7.19 13.16 9.95 2.27 3.11
6.74 4.01 3.45 4.68 3.02 5.76 5.79 3.21 3.22 3.09 3.07 3.26 3.11 2.94 7.21 6.97 7.28 7.29 5.90 6.45 5.51 3.34 4.06 4.80 4.98 6.54 7.22 6.49 6.83 4.21 4.39 4.18 4.17 14.06 28.29 26.89 13.14 9.74 11.59 13.46 12.43 11.91 8.96 11.54 18.28 22.74 22.62 22.69 26.99 30.43 30.24 27.25 25.72 25.21 21.62 15.19 8.83 5.66 5.40 6.79 6.19 1.04 7.25 10.92 11.14 8.76 7.52 6.62 5.23 4.29 5.28 5.97 6.34 9.33 12.09 9.19 5.04 6.51 11.75 10.55 2.41 2.16
4.10 5.54 4.80 3.36 3.78 2.06 1.98 3.13 3.17 3.14 3.08 3.12 2.98 6.93 7.11 6.04 6.21 4.89 4.78 4.60 5.28 3.45 3.57 4.15 4.19 4.27 1.80 5.65 4.09 4.80 5.08 4.63 5.80 15.22 27.93 27.18 16.92 12.51 12.30 12.63 13.61 10.73 7.49 4.76 8.87 17.47 22.07 23.67 27.72 29.49 25.78 20.85 18.63 17.08 20.76 18.52 9.37 2.36 2.60 4.77 6.82 5.80 4.53 9.60 11.78 8.54 6.58 5.87 4.88 5.40 5.88 6.63 7.15 8.56 11.16 9.62 6.59 7.16 10.40 9.84 5.49 1.56
4.12 3.61 3.76 2.41 2.27 2.14 3.27 3.26 3.17 3.06 2.92 2.86 2.81 7.04 5.12 1.92 5.21 4.60 5.27 5.96 4.07 3.40 3.66 2.28 4.11 4.19 6.13 1.70 3.76 4.52 5.05 4.43 8.52 18.22 26.63 25.64 19.29 16.05 15.24 14.66 14.12 9.86 3.42 9.60 8.73 11.49 7.68 9.91 13.12 15.74 14.29 11.54 10.48 11.45 19.49 21.74 11.37 3.83 1.76 3.49 4.93 3.69 1.78 5.70 9.65 8.65 6.92 6.46 4.85 4.53 5.87 7.70 8.74 8.48 8.74 9.08 8.14 7.62 9.37 9.68 8.73 7.97
6.70 4.16 2.76 2.58 2.40 3.51 2.09 3.38 3.11 3.08 2.96 6.53 5.53 5.03 4.03 3.95 4.43 4.88 5.39 5.09 3.83 4.18 3.54 0.12 4.07 0.54 0.82 1.45 6.00 5.03 5.84 5.42 9.90 20.96 25.29 22.20 18.23 17.88 17.07 16.12 15.42 11.23 6.14 9.41 15.08 13.80 14.22 10.64 10.77 11.28 11.50 9.42 6.83 8.47 17.39 23.19 17.06 8.28 5.80 4.08 3.09 4.40 2.01 3.70 6.69 6.70 6.83 7.19 5.23 3.01 4.08 7.55 9.40 9.09 8.11 8.48 8.31 8.07 8.90 8.63 7.79 7.57
3.57 3.32 3.06 2.77 4.04 4.12 6.31 6.35 6.23 3.33 6.73 4.21 1.93 2.08 1.98 1.92 1.74 5.30 5.33 4.58 5.90 3.70 3.38 2.90 4.83 0.70 5.93 4.32 4.62 5.80 3.22 4.60 10.62 22.73 25.84 21.19 18.23 19.21 19.12 18.27 18.72 16.16 10.53 8.80 10.97 13.99 18.87 18.95 19.20 14.23 10.33 8.86 5.27 6.15 13.06 19.43 19.97 13.23 9.79 8.63 5.54 3.91 2.31 3.90 4.06 4.02 5.66 6.37 4.55 3.04 3.93 4.79 6.39 8.75 9.61 8.93 9.78 8.51 9.11 8.45 6.64 4.90
4.53 4.26 3.80 3.11 4.53 6.57 4.25 6.37 6.29 6.57 4.65 1.81 2.08 2.37 5.93 4.92 1.98 0.80 5.90 4.59 0.49 0.30 3.83 5.02 3.58 3.29 4.37 4.52 4.42 5.63 3.80 5.24 11.67 22.36 25.74 21.15 19.24 21.55 22.55 20.88 22.61 24.40 22.47 11.28 7.04 9.98 16.53 18.63 20.53 20.24 14.29 10.69 4.39 1.88 10.34 16.65 17.27 12.21 10.81 10.76 7.80 5.13 5.80 5.22 3.97 3.55 4.47 4.86 3.86 4.00 4.92 3.91 2.99 6.49 10.03 9.96 8.80 8.43 8.90 9.49 8.34 6.24
4.53 3.25 3.55 4.97 3.72 4.38 4.24 6.39 5.97 5.41 2.19 1.92 2.32 2.65 5.85 0.87 1.81 5.54 1.26 0.85 0.72 3.97 4.14 3.96 3.69 4.24 4.27 4.34 3.87 5.77 4.35 5.28 9.49 20.90 24.77 19.00 16.80 21.60 24.04 23.04 23.39 30.31 31.31 24.44 13.05 6.12 6.01 10.38 18.27 19.49 18.65 13.04 5.15 2.46 9.04 12.44 12.09 9.75 10.41 10.51 8.95 10.43 5.39 6.88 6.36 5.27 7.01 3.36 4.11 5.26 6.09 4.43 2.54 4.52 8.50 9.83 9.04 8.00 8.22 8.98 8.15 6.52
4.42 1.93 2.31 4.92 2.68 2.49 4.04 6.15 2.50 2.15 2.12 2.47 2.27 2.44 0.99 1.99 1.57 1.58 0.89 0.91 0.82 4.91 4.85 3.76 3.68 4.07 3.75 2.80 3.68 5.53 4.66 5.09 9.01 19.79 22.85 15.30 12.75 16.68 19.74 18.96 22.52 29.52 32.71 33.05 25.99 15.97 8.11 7.63 10.78 12.54 18.49 15.05 10.44 1.08 8.19 10.31 9.27 10.21 10.22 7.89 4.84 8.06 8.85 8.80 8.18 7.07 4.10 3.38 4.61 5.88 6.82 5.95 3.22 3.36 6.74 8.82 8.72 7.90 8.39 9.41 7.72 4.09
3.94 2.54 2.20 2.67 2.70 2.70 4.06 3.12 1.73 1.33 1.08 3.05 0.77 0.67 2.40 1.85 1.66 4.83 1.50 1.41 1.14 5.03 3.97 1.32 3.51 4.09 3.22 2.76 4.73 5.48 5.10 3.52 6.63 16.09 20.43 12.97 14.88 15.21 15.78 17.83 16.98 24.80 31.31 31.43 33.56 27.73 20.69 15.83 10.36 7.76 10.45 11.26 4.89 2.19 6.56 8.84 9.87 11.27 11.28 9.95 8.59 8.30 9.37 9.67 8.63 7.24 4.97 4.09 5.37 6.20 6.85 6.22 4.24 3.72 6.05 7.76 7.97 7.53 7.98 9.93 9.92 7.70
4.57 3.90 3.35 3.14 3.06 3.40 4.23 1.96 1.55 1.38 3.26 2.80 0.74 0.58 5.20 1.99 0.82 2.02 2.15 1.59 2.18 4.27 1.51 1.80 1.79 3.39 2.23 3.18 4.96 5.32 4.02 3.28 5.81 13.06 19.82 15.03 12.11 17.03 16.52 16.01 18.39 16.56 18.88 23.70 29.11 29.95 27.96 24.70 19.36 12.30 9.32 7.51 4.17 2.92 6.43 8.42 10.80 11.74 11.28 10.31 9.18 8.73 9.21 9.46 8.55 6.89 4.83 4.80 5.94 6.10 6.41 6.31 5.53 5.24 6.29 7.26 7.72 8.42 7.13 8.76 10.37 11.47
4.87 4.46 4.11 3.78 3.57 4.75 2.29 1.73 1.67 3.46 3.10 1.21 2.50 1.11 1.31 1.66 0.92 2.77 2.42 1.59 2.18 1.57 1.83 1.97 3.99 1.82 2.59 4.21 5.02 4.92 2.82 4.11 6.63 11.74 19.66 17.96 13.71 14.56 16.02 15.40 16.49 15.43 15.34 17.17 18.64 21.24 20.31 20.69 21.44 18.56 14.60 11.06 7.37 6.71 8.17 9.05 11.28 11.93 10.81 10.32 9.76 9.12 9.05 9.00 8.78 7.67 5.97 5.71 6.14 5.95 5.92 6.22 6.21 6.32 7.94 7.71 8.30 6.98 6.48 6.66 7.33 9.01
4.36 3.58 3.81 4.11 5.43 3.06 2.46 2.25 3.84 3.00 1.85 1.60 1.69 1.84 2.11 1.08 1.79 3.48 2.35 1.32 2.21 2.50 2.45 4.20 2.07 2.07 3.08 4.69 4.20 2.93 3.47 5.63 6.88 9.53 16.13 18.13 15.07 13.54 14.89 15.12 14.59 13.96 12.73 13.33 14.86 15.08 14.68 13.82 15.08 16.33 15.74 15.29 14.81 13.32 12.35 11.77 12.40 12.55 11.48 10.79 10.46 9.83 8.81 7.96 9.17 8.69 7.70 7.06 6.93 6.33 5.98 6.37 8.16 8.61 9.21 5.80 6.14 7.52 6.61 6.27 6.41 7.34
4.43 3.09 3.33 4.10 3.68 3.23 2.97 2.91 2.76 2.48 2.31 2.29 2.45 0.90 1.35 2.19 4.27 3.85 2.06 2.00 2.25 5.61 2.79 2.37 2.85 2.40 3.02 3.45 2.97 3.66 5.66 6.32 7.08 9.04 12.64 15.96 15.44 14.16 14.10 14.80 13.57 12.32 11.65 12.37 12.81 13.96 13.88 11.72 10.48 10.52 10.93 12.49 12.91 12.45 13.52 14.19 14.37 14.16 13.06 12.67 12.53 11.33 9.36 7.01 7.24 8.72 8.93 8.44 7.74 6.42 7.13 7.49 6.70 7.56 8.60 6.03 5.62 6.22 6.20 5.90 6.06 6.81
4.63 3.81 3.71 4.02 3.68 3.44 3.24 3.08 2.94 2.89 3.00 1.11 1.39 1.72 2.75 6.57 5.05 3.33 1.66 2.37 2.72 5.72 5.94 3.03 2.68 2.75 3.16 2.91 3.19 4.71 6.60 6.72 6.26 9.03 9.63 11.96 14.05 14.29 13.98 14.47 12.74 10.51 10.37 10.65 12.25 13.10 13.93 12.75 10.35 8.44 7.94 8.23 7.54 8.38 12.53 14.52 13.42 13.73 14.14 14.79 14.14 14.00 11.68 7.97 7.40 8.76 9.70 10.82 10.28 7.96 5.01 5.84 7.42 9.41 8.97 6.35 5.48 5.73 5.62 5.00 4.70 5.40
4.99 4.64 4.34 4.07 3.81 3.58 3.39 3.34 3.49 1.36 1.65 1.85 2.13 1.76 3.99 5.62 4.67 2.42 1.82 4.67 6.21 6.09 5.27 5.78 3.10 3.11 3.32 2.92 3.69 5.16 6.29 5.56 6.23 9.87 8.09 8.42 11.01 12.67 13.66 14.46 12.92 9.19 7.48 9.50 11.08 12.28 13.75 14.19 12.57 9.10 6.14 6.11 5.87 7.21 11.61 14.00 11.33 13.61 13.18 12.93 13.29 13.92 15.42 10.17 9.58 10.50 11.61 11.18 10.86 9.73 5.45 6.10 9.87 11.63 8.51 6.52 5.32 5.62 5.74 4.29 2.73 3.13
5.20 4.98 4.71 4.43 4.16 3.99 3.98 4.21 2.05 2.28 2.32 2.26 0.90 0.93 6.30 6.06 3.68 1.67 3.25 4.05 4.11 4.17 6.26 5.98 3.71 3.67 3.51 3.39 4.97 5.72 6.05 7.14 8.54 9.27 7.09 7.27 9.72 12.02 13.05 13.80 13.27 9.63 6.34 7.02 10.02 11.40 12.40 13.82 13.27 10.85 6.49 4.78 4.53 6.85 11.11 13.08 13.84 13.65 13.16 12.87 12.93 12.37 12.81 10.82 9.44 9.49 10.67 11.35 11.82 9.56 6.37 5.84 8.22 11.30 10.23 7.75 5.94 5.95 7.13 5.77 2.64 2.03
5.34 5.18 5.04 4.90 4.80 4.85 4.99 2.60 2.85 3.69 4.76 4.79 5.95 5.76 6.18 5.96 2.90 1.23 1.91 6.03 3.52 3.76 6.46 6.49 4.22 3.80 3.55 4.40 4.67 5.13 6.15 8.24 9.22 8.83 6.21 6.91 9.94 11.77 12.20 12.34 13.29 10.13 5.40 5.10 7.16 10.08 11.06 12.39 12.92 11.70 8.47 4.97 3.46 5.70 8.94 12.09 13.04 13.60 13.35 12.89 12.40 12.53 12.28 10.93 9.34 9.19 10.64 12.63 11.95 9.39 6.89 5.54 7.28 11.11 12.35 10.70 8.72 7.88 9.25 9.28 4.02 0.55
5.38 5.27 5.27 5.39 2.69 3.22 3.16 2.05 3.16 3.98 5.20 6.44 8.00 5.51 6.89 6.24 2.79 1.97 2.42 4.50 3.77 4.19 4.47 4.48 4.49 3.85 3.76 4.52 4.05 5.17 7.01 8.73 9.07 8.26 6.48 7.64 9.79 11.57 11.54 11.05 13.22 11.88 6.29 3.18 4.92 8.30 11.07 12.18 11.89 9.63 9.27 5.40 3.46 5.11 8.96 10.61 12.26 13.74 13.87 12.62 14.00 11.65 11.61 10.84 9.47 8.79 10.28 13.37 14.22 11.25 6.97 5.56 6.47 10.02 13.00 13.42 11.73 10.89 9.73 11.17 9.51 6.29
5.61 5.64 5.88 3.26 3.33 3.70 2.00 3.01 4.01 4.96 6.84 8.16 8.40 6.36 7.56 6.70 3.09 0.75 2.86 6.83 4.16 4.71 4.69 4.75 6.24 5.07 4.04 4.92 5.45 7.55 8.54 8.20 8.19 7.86 7.59 8.42 9.07 10.84 10.89 10.23 13.22 12.73 8.74 3.19 3.29 6.50 10.92 12.58 12.59 10.42 9.57 5.89 3.89 5.61 8.01 8.11 10.58 13.93 15.28 13.43 11.00 11.20 10.88 10.96 9.08 8.14 9.59 13.39 15.30 12.13 7.20 4.90 4.92 6.84 10.18 10.89 11.95 9.77 8.43 9.47 8.94 6.92
6.05 6.17 6.51 4.68 4.77 5.66 6.54 6.80 7.75 7.61 9.17 6.97 6.75 6.28 8.27 7.16 3.07 2.28 2.90 4.94 4.55 7.06 4.92 5.69 6.67 5.41 6.05 5.32 7.07 8.18 8.77 8.43 8.21 8.03 8.12 8.42 8.80 10.13 10.19 10.00 12.33 11.20 10.95 4.34 3.29 5.41 10.02 13.30 11.97 11.91 10.72 7.48 5.48 6.57 7.08 5.46 6.53 12.26 16.67 15.81 11.55 9.15 8.97 9.84 9.09 7.47 8.52 12.73 16.65 15.09 9.39 5.40 4.31 4.75 6.78 9.97 11.23 10.22 8.48 8.68 8.31 7.41
6.29 6.37 6.75 6.04 7.36 9.56 9.43 9.01 8.59 8.36 9.63 9.45 9.60 6.94 9.08 7.64 2.76 1.96 3.15 4.30 5.51 7.10 7.38 5.99 6.59 5.83 6.69 5.84 7.27 8.15 7.87 8.90 8.77 8.15 8.25 7.81 8.12 9.60 9.74 9.62 10.05 9.31 11.56 5.89 3.37 4.57 9.10 11.75 11.36 11.98 11.45 9.13 7.87 8.15 7.77 4.78 2.12 7.14 15.63 16.71 14.60 9.67 8.00 9.23 9.17 6.82 7.53 11.25 16.19 17.17 13.28 7.83 5.36 5.00 5.91 9.02 11.76 11.54 10.41 10.62 11.54 11.80
6.34 6.53 7.16 6.50 7.98 9.81 9.64 8.99 8.76 9.03 9.55 9.55 8.18 7.91 10.27 7.92 2.88 2.19 3.59 4.83 5.14 7.34 5.75 6.88 5.85 6.30 5.42 6.43 8.15 7.78 6.48 9.11 8.83 8.48 8.27 7.21 8.48 9.66 9.48 8.89 9.39 10.59 11.15 7.71 2.86 3.23 8.52 11.49 11.80 11.95 11.21 10.33 9.92 12.17 9.22 5.73 1.19 2.49 11.44 18.09 16.22 12.57 8.91 7.40 6.68 5.66 6.00 9.05 14.13 17.01 14.10 10.83 6.73 5.68 6.53 9.10 13.02 11.96 11.41 12.24 11.01 11.74
6.46 6.95 7.70 7.73 8.03 9.87 9.52 7.99 8.84 9.40 9.17 9.37 7.60 10.20 11.21 7.54 3.35 2.43 3.93 5.45 5.45 7.00 6.02 5.56 6.20 6.84 5.99 7.73 8.78 7.19 6.99 9.12 7.45 7.64 8.02 8.10 8.99 9.53 9.09 8.03 10.14 12.49 11.81 9.29 3.91 2.62 6.60 11.77 12.03 12.08 11.77 11.05 11.73 13.21 12.97 7.69 2.76 1.33 7.00 15.20 17.81 15.14 11.50 7.69 5.70 4.85 5.16 7.44 12.74 15.77 16.28 13.17 9.18 6.98 7.47 9.63 11.28 11.36 10.79 9.71 8.46 9.05
6.81 7.53 8.07 7.80 8.34 10.07 9.39 7.95 9.05 9.38 9.12 9.26 8.94 9.34 10.52 5.18 2.74 1.87 3.97 5.71 5.78 5.98 6.47 5.75 6.57 7.50 6.65 8.44 8.09 6.75 7.84 9.25 8.17 8.01 6.73 7.93 9.59 9.40 8.47 8.50 10.98 12.93 12.57 7.58 6.74 3.08 4.77 11.02 12.15 11.96 12.30 11.46 13.38 12.52 12.38 9.61 4.82 2.36 5.05 11.71 16.37 17.12 14.59 9.26 5.61 4.75 5.13 6.49 10.46 15.77 16.20 14.96 11.76 8.94 8.33 9.70 11.10 11.06 10.28 9.97 7.80 7.17
7.35 7.87 8.12 7.81 8.79 9.71 9.44 8.46 9.77 9.75 9.45 9.31 9.47 11.66 10.08 3.14 1.96 1.73 4.31 5.95 6.48 6.54 6.90 6.23 6.94 5.88 7.62 7.44 5.83 7.93 9.28 9.27 8.54 7.14 6.33 8.01 9.47 9.97 8.22 8.26 10.28 12.45 12.10 8.05 8.70 4.13 3.43 7.53 11.23 12.30 12.72 11.91 13.61 12.87 14.31 11.43 6.92 3.28 4.21 9.55 14.36 16.79 15.20 11.87 6.17 4.43 4.61 5.49 8.54 13.18 15.85 16.70 13.69 10.02 8.58 9.40 10.41 10.42 9.82 9.55 9.10 6.07
