examples/cougarCreek-fire/createInputs/farsite/7a-cougarCreek-polygonIgnit/cougarCreekFire_08-11-2015_2300_217m_non_neutral_stability_vel.asc
ncols	146
nrows	140
xllcorner	610065.000000
yllcorner	5095217.000000
cellsize	216.586807
NODATA_value	-9999.000000
[rows 34 to 67 of 140, columns 0 to 76 of 146]
5.98 6.36 6.69 7.40 7.86 8.20 8.42 13.67 14.51 14.73 15.33 16.12 15.88 15.34 15.02 15.16 15.14 14.47 13.95 13.09 12.66 13.02 12.88 12.56 12.13 10.83 11.31 12.22 12.08 7.62 10.13 9.13 4.11 2.87 5.44 10.59 14.33 14.34 14.87 16.14 17.65 18.86 19.75 20.73 21.33 21.54 21.48 20.59 15.52 15.74 16.82 18.52 19.81 22.54 24.39 25.76 24.66 22.55 22.34 21.59 21.44 21.09 17.82 21.89 21.98 21.74 18.77 18.31 17.43 15.50 15.76 15.47 17.42 17.95 17.87 17.34 16.89
5.81 6.26 6.70 6.92 8.03 8.31 8.41 8.53 14.23 14.51 14.73 13.92 15.40 15.99 15.69 14.95 14.50 13.86 13.30 12.83 13.40 13.35 12.90 12.52 12.53 12.42 12.97 12.48 11.85 1.29 1.59 10.77 5.86 4.12 5.53 10.33 13.63 13.32 12.79 13.73 13.28 14.50 16.01 13.46 14.66 15.36 22.72 22.42 20.45 15.87 16.25 16.83 18.93 21.22 21.72 22.53 23.25 22.19 21.95 21.71 20.63 22.43 22.40 22.00 21.72 18.66 18.20 15.40 15.35 15.73 16.03 18.10 18.04 17.88 17.54 17.26 13.61
5.43 5.93 6.40 7.65 7.71 12.24 12.78 8.11 14.06 14.31 13.97 13.39 12.99 15.18 15.45 15.22 14.96 14.93 14.79 14.32 13.31 12.07 11.96 11.49 11.07 10.32 11.23 11.22 11.33 9.57 8.00 9.62 10.25 5.59 7.16 12.17 14.09 13.92 13.36 14.11 15.04 15.20 12.16 13.17 14.48 15.47 16.44 16.84 22.37 20.28 16.48 16.55 17.89 18.80 19.09 19.52 21.24 20.42 20.12 20.15 20.78 21.70 22.37 22.15 22.68 21.75 18.36 18.09 18.39 21.91 18.97 18.64 17.81 17.20 13.94 13.67 13.58
5.13 5.62 6.12 7.36 7.48 7.58 7.68 13.11 7.92 13.22 12.96 13.13 12.91 14.45 13.99 13.69 13.08 12.91 12.58 11.99 11.52 11.03 11.12 11.05 10.72 10.31 9.76 10.36 10.76 10.55 7.95 8.45 8.84 9.50 10.37 13.76 16.97 16.43 15.58 15.65 16.64 16.36 14.96 13.25 14.15 15.66 17.54 17.76 22.56 21.09 20.37 17.16 17.87 17.22 18.15 18.81 18.28 17.53 16.87 16.62 17.01 17.28 17.34 17.35 17.41 17.44 17.07 16.55 16.08 15.80 16.58 19.83 20.48 14.48 14.16 13.72 13.59
4.91 5.40 5.92 7.12 7.27 7.28 10.32 7.38 12.50 12.30 12.86 13.03 13.63 13.18 13.10 12.92 12.69 12.64 12.41 12.14 11.79 11.24 10.62 10.72 10.29 9.88 9.37 9.87 10.39 1.48 9.83 8.08 8.18 8.21 9.22 10.81 11.37 13.00 13.77 16.48 19.05 20.11 18.44 16.42 14.52 15.73 17.77 18.19 16.48 15.42 21.46 21.27 17.63 16.14 17.19 17.40 17.46 16.63 15.80 16.09 17.02 17.05 17.04 17.11 17.11 17.12 16.53 15.76 15.52 15.53 15.70 15.73 15.43 15.59 17.04 17.20 13.82
4.78 5.23 5.66 6.74 6.87 7.00 10.77 7.11 12.30 12.68 12.86 13.00 11.72 13.28 13.05 12.76 12.56 12.52 12.07 11.76 11.82 11.39 10.31 10.50 10.65 10.34 8.95 10.02 9.11 9.68 10.59 9.20 4.50 4.08 11.25 12.84 13.48 10.27 10.22 11.83 14.41 18.42 18.65 20.25 21.44 21.75 23.66 25.42 23.47 16.15 14.96 21.95 21.24 22.16 18.49 16.90 19.03 17.43 15.27 16.09 16.20 16.75 16.99 17.53 17.53 16.06 15.39 14.97 15.14 15.29 15.18 14.84 14.65 14.66 14.50 13.90 14.20
4.67 5.00 5.38 6.35 6.50 6.56 10.02 6.83 7.01 12.47 12.66 12.69 12.48 13.54 12.72 12.34 12.23 12.23 11.69 11.28 11.21 10.66 10.13 10.94 9.43 9.75 8.90 9.65 10.00 8.46 11.43 9.99 4.70 4.16 11.93 16.33 16.85 14.86 14.22 10.42 13.09 13.97 14.44 15.54 18.96 19.48 21.26 22.71 22.08 21.31 20.38 20.62 17.28 16.22 16.32 16.91 17.04 15.22 15.26 16.36 18.58 15.84 16.60 16.75 16.30 15.87 15.48 15.19 15.22 15.32 15.04 14.63 14.51 14.46 14.06 13.56 13.54
4.50 4.77 5.08 6.10 6.30 9.66 6.37 6.67 6.73 12.14 12.40 12.49 11.97 12.47 12.15 11.93 12.33 11.36 11.52 10.63 10.47 10.19 10.45 8.83 8.89 9.05 8.62 9.18 9.36 9.26 12.23 10.36 4.96 4.77 11.05 13.68 15.62 14.16 13.46 17.45 12.43 20.01 20.87 21.04 20.58 16.63 18.21 19.04 17.79 16.88 16.20 15.18 15.77 17.59 18.47 18.46 17.99 16.99 17.14 18.44 15.88 15.74 16.55 16.60 16.16 15.84 15.75 15.59 15.43 15.38 15.01 14.53 14.38 14.33 14.03 13.42 13.06
4.31 4.54 4.76 5.06 6.38 5.52 6.27 5.82 6.49 6.34 6.28 11.97 11.46 12.14 12.23 12.13 11.92 11.12 10.54 9.81 10.11 10.22 9.61 10.33 9.76 8.15 8.29 9.23 8.31 8.11 11.40 12.15 9.28 5.93 11.66 14.03 13.99 13.86 13.56 14.83 19.05 20.01 21.01 21.43 22.08 23.71 23.56 19.22 17.59 15.85 16.39 13.86 14.56 16.57 16.85 16.23 15.60 15.01 15.70 16.61 16.15 15.93 16.47 16.62 16.31 16.09 16.00 15.85 15.51 15.27 15.03 14.46 14.14 14.22 14.17 13.59 12.85
4.12 4.30 4.47 4.78 5.99 9.05 6.11 6.24 6.17 6.19 11.64 12.13 12.17 12.18 11.32 11.27 11.45 10.68 10.27 9.89 10.09 9.80 10.34 8.15 9.16 7.79 9.21 8.05 7.78 8.09 12.01 12.35 12.46 13.17 13.73 13.89 12.20 13.78 14.19 14.20 16.06 19.26 21.94 21.37 17.11 18.27 18.84 18.25 21.08 16.70 15.01 14.10 14.68 16.21 16.12 15.63 15.38 15.12 19.28 16.61 16.29 15.94 16.34 16.65 16.56 16.42 16.03 15.77 15.44 15.10 14.94 14.30 13.89 14.10 14.37 13.86 12.86
3.91 4.08 4.25 4.54 4.84 5.62 5.83 5.89 5.94 11.02 11.67 10.47 10.62 11.92 11.37 11.71 11.36 11.10 10.08 10.33 10.66 8.61 8.29 9.17 8.92 8.33 7.91 7.67 7.49 8.00 12.02 12.15 13.04 14.83 15.57 16.69 12.63 13.40 14.46 14.77 13.97 16.25 14.94 16.54 18.31 19.39 21.97 20.22 15.13 14.35 14.68 14.61 15.09 15.55 15.39 15.05 15.16 15.58 16.34 16.66 16.17 16.00 16.42 16.65 16.81 17.01 16.58 16.29 16.42 16.23 16.05 15.58 15.15 15.25 15.72 14.04 13.41
3.67 3.86 4.06 4.30 5.30 5.47 5.52 5.70 5.78 10.54 9.15 10.04 11.40 11.30 11.57 11.47 9.38 10.56 9.52 9.53 10.19 9.66 9.07 8.67 9.14 8.11 7.62 8.44 7.62 9.50 12.21 12.03 13.05 14.70 16.02 17.29 16.56 15.90 16.27 16.04 16.52 13.78 15.65 17.70 19.38 21.72 20.62 14.33 12.04 13.40 14.63 17.85 15.79 15.25 14.86 14.36 14.81 16.26 17.08 16.88 16.17 16.01 16.89 17.68 18.48 20.74 20.58 20.50 20.63 20.86 20.33 17.59 17.56 17.76 17.83 17.36 16.89
3.48 3.70 8.89 3.98 5.14 5.34 9.78 10.28 10.77 8.26 9.62 11.09 10.51 11.40 11.54 10.64 10.96 8.41 8.78 8.89 9.37 8.92 10.70 10.72 7.60 7.27 7.19 7.75 7.53 9.21 12.45 12.34 13.18 14.52 17.62 17.37 16.92 17.17 18.00 17.29 13.90 15.12 17.47 21.65 23.76 22.33 18.46 12.74 12.46 12.55 14.54 16.80 17.09 15.39 14.37 13.97 14.81 16.60 17.64 18.14 17.88 17.43 18.69 21.33 21.95 22.26 20.58 20.09 21.36 20.99 19.84 20.41 19.93 18.16 18.00 17.49 19.37
3.31 6.98 3.98 3.68 3.87 5.28 7.78 9.97 10.21 9.09 11.03 10.51 10.07 10.84 10.80 9.47 2.48 6.83 8.52 8.89 10.14 10.41 9.98 10.66 8.16 7.20 7.81 7.53 7.18 9.48 11.52 13.05 13.47 14.91 18.36 17.55 17.06 17.95 17.90 18.31 19.06 21.92 23.27 25.68 23.16 19.88 15.80 12.43 10.99 12.14 14.52 18.03 18.85 16.12 14.87 15.16 15.54 16.37 20.07 22.86 22.33 22.21 23.14 23.65 23.73 22.98 21.69 20.99 20.41 19.89 19.99 20.36 20.27 18.33 17.91 17.18 17.08
3.13 8.72 8.27 8.49 9.21 8.72 8.40 10.29 10.10 10.65 10.06 5.16 9.69 9.55 3.46 2.69 7.85 7.16 8.86 9.59 8.78 9.16 9.10 9.01 7.41 8.22 6.98 7.50 5.84 7.62 10.18 11.87 12.42 14.95 18.42 17.65 16.20 16.72 17.80 16.39 20.35 19.86 19.68 24.55 22.44 20.26 16.06 17.16 11.43 12.23 14.87 17.69 20.89 19.52 18.31 19.41 20.31 23.55 20.97 20.45 21.36 22.84 22.59 21.21 21.14 20.86 20.24 19.79 19.73 20.65 20.38 20.22 20.20 20.32 17.98 16.99 18.48
8.39 4.58 8.90 7.28 4.47 9.16 9.23 5.36 5.40 10.08 9.97 4.96 4.42 3.87 9.06 10.14 10.26 10.44 9.05 9.16 8.39 10.44 9.75 7.64 7.58 8.10 7.50 7.41 7.17 5.05 9.81 10.36 9.48 14.91 18.94 17.95 15.37 17.12 17.86 19.70 19.10 19.96 19.37 19.95 23.61 18.43 21.07 15.24 13.14 13.59 15.74 19.33 19.45 24.83 27.00 25.84 23.01 21.85 21.35 19.77 16.50 16.35 17.03 21.39 23.61 21.96 21.52 21.26 20.66 20.52 20.50 20.30 20.28 18.30 17.97 16.93 16.80
3.48 7.21 7.11 4.46 5.38 3.25 3.31 5.13 5.21 5.17 4.80 4.54 4.10 9.10 10.76 9.69 9.60 8.41 8.08 8.62 8.05 10.83 10.82 10.90 9.15 7.51 3.99 6.76 4.41 6.84 11.29 9.85 10.07 15.17 18.03 18.52 16.02 17.08 18.14 17.70 21.69 20.30 19.87 17.57 17.66 19.47 20.12 18.96 17.40 15.61 18.76 18.67 17.05 18.42 21.53 24.85 18.06 17.03 21.21 20.71 16.90 15.71 15.44 16.10 22.13 22.34 21.60 21.42 20.48 20.21 20.33 20.23 18.11 18.19 17.79 17.08 16.46
3.72 3.90 4.33 5.17 2.95 3.04 5.02 5.13 5.05 4.85 4.41 4.13 3.93 10.10 8.84 8.36 8.55 8.04 8.30 8.52 6.84 6.56 10.89 9.58 10.78 7.05 6.95 3.06 3.75 8.11 11.28 9.46 12.30 15.59 18.32 18.04 15.81 17.46 18.12 17.95 20.00 21.55 20.68 18.91 15.07 16.41 15.65 14.77 15.28 16.02 15.95 15.82 16.45 16.30 19.47 27.59 19.09 17.19 17.10 21.29 20.29 16.51 14.86 14.87 16.56 17.67 20.04 21.88 20.49 16.67 16.22 20.77 17.50 17.11 15.91 15.51 15.33
8.05 4.23 8.59 2.68 2.80 4.95 5.08 5.14 9.20 4.68 4.43 10.14 9.56 8.84 8.04 7.67 7.81 7.88 8.06 7.74 6.85 6.89 6.43 3.73 8.91 4.31 4.91 3.28 6.28 10.56 12.41 10.57 13.09 15.95 18.07 17.38 17.03 19.13 18.61 19.98 21.61 22.37 20.99 19.25 19.36 15.81 15.34 14.60 14.69 14.41 14.07 14.49 15.63 15.79 18.95 17.06 24.09 17.21 22.62 21.50 20.97 19.98 15.88 15.29 15.91 16.16 15.60 16.48 16.14 14.77 13.83 14.41 15.19 14.06 13.60 13.40 13.25
3.82 7.77 2.46 2.59 5.26 5.59 9.11 9.43 9.35 9.24 10.41 8.32 3.76 3.78 3.59 3.23 2.99 7.80 7.75 7.20 10.00 6.75 7.14 10.33 7.01 4.88 4.83 6.56 9.41 12.98 14.06 11.65 12.24 15.96 18.24 17.11 17.68 18.34 20.42 21.43 22.25 22.69 21.23 19.29 18.74 15.26 15.73 14.86 14.43 13.73 13.52 13.90 15.06 14.93 17.68 20.75 24.83 20.62 17.07 17.59 17.35 15.97 14.55 15.25 15.44 15.13 15.40 15.68 14.89 13.94 13.76 14.05 14.08 14.01 13.77 13.51 19.07
3.78 8.04 5.05 5.42 9.28 9.36 9.18 9.17 9.26 9.54 8.48 3.99 4.15 4.16 9.08 7.93 3.37 8.37 8.14 6.98 3.50 3.87 8.93 11.31 6.40 5.33 8.21 10.04 9.61 13.00 13.93 10.42 10.94 16.22 13.47 17.00 16.91 20.22 21.15 21.55 21.23 23.33 22.67 19.76 14.87 14.80 15.72 15.06 14.53 13.64 13.48 13.67 14.40 15.84 17.43 20.89 20.82 17.72 16.71 17.06 16.77 14.81 14.97 15.49 15.28 14.86 15.03 15.36 14.87 14.45 14.25 13.73 13.39 13.61 13.73 13.58 13.46
4.07 5.46 5.24 8.87 4.90 5.82 5.58 9.12 9.32 9.04 4.45 4.41 4.51 4.57 8.77 7.92 3.59 8.01 3.47 3.77 8.34 11.27 11.31 9.06 9.02 8.76 9.96 9.18 8.28 12.96 14.86 10.35 11.52 15.90 19.39 10.69 15.31 15.83 19.00 20.87 21.25 23.13 24.19 21.90 16.05 14.88 14.29 15.20 14.59 13.52 13.41 13.71 14.39 15.84 18.00 19.54 19.12 16.96 16.42 16.41 15.82 15.34 15.50 15.63 15.60 15.08 14.48 14.72 14.79 14.72 14.74 13.94 13.07 13.12 13.50 13.62 13.56
5.53 2.08 5.75 5.99 2.50 5.87 5.15 9.10 5.00 4.86 4.74 4.96 4.65 4.52 8.30 3.99 3.84 3.76 3.56 11.38 11.04 11.64 11.65 8.63 7.76 9.22 7.87 6.12 8.29 13.45 14.47 11.36 11.47 16.09 18.40 18.12 14.97 16.73 18.53 18.08 18.89 19.81 22.84 24.67 21.63 16.48 15.86 16.06 15.25 13.46 12.96 13.51 14.55 15.86 17.49 17.76 17.23 17.01 16.57 16.09 15.63 15.50 15.68 15.67 15.85 15.53 14.42 14.34 14.70 14.68 14.69 14.25 13.32 13.01 13.45 13.71 13.54
2.54 2.50 6.27 2.44 2.53 2.65 5.31 5.51 2.71 2.64 2.61 5.52 2.69 2.68 4.36 4.04 3.86 7.04 10.21 11.35 11.35 11.84 11.34 5.62 7.92 9.19 6.65 6.46 11.19 14.63 13.26 9.23 8.66 12.85 19.43 16.83 15.51 18.27 19.17 18.01 19.10 19.59 22.29 22.52 24.23 18.03 17.13 18.20 16.77 13.92 12.69 12.62 13.93 15.77 16.74 16.44 16.42 16.97 16.61 15.98 15.59 15.29 15.46 15.65 15.67 15.48 14.80 14.48 14.69 14.66 14.46 14.30 13.77 13.36 13.61 13.78 13.51
3.19 3.10 2.94 2.87 2.94 4.38 6.39 3.11 3.02 2.95 5.47 5.43 2.96 2.94 7.22 3.53 2.63 4.56 4.77 6.71 11.51 11.86 5.78 6.34 8.21 7.69 7.08 7.50 13.71 13.41 9.91 8.71 9.09 12.27 21.14 16.97 17.34 18.27 20.02 17.97 21.45 22.24 21.76 20.74 22.28 23.25 21.96 19.31 19.37 16.69 13.31 11.36 14.90 15.33 16.14 15.82 16.16 16.75 16.52 16.07 15.67 15.15 15.31 15.56 15.36 15.18 14.75 14.48 14.63 14.55 14.30 14.25 13.90 13.64 13.82 13.71 15.23
3.85 3.67 3.51 3.53 3.63 6.58 3.58 3.42 3.34 5.99 5.43 3.34 4.96 3.39 3.66 4.14 3.43 5.47 5.35 5.32 11.68 6.69 6.54 6.84 9.48 6.47 7.67 9.88 13.58 11.24 7.86 9.62 12.06 14.13 18.19 18.38 17.76 17.79 17.47 16.95 18.65 21.14 21.51 19.63 19.35 21.95 21.75 19.16 24.34 19.67 16.95 11.83 11.99 14.86 15.89 15.76 16.22 16.64 16.29 15.93 15.58 15.16 15.36 15.42 15.23 15.14 17.51 14.34 14.46 14.23 14.07 14.31 13.89 13.67 15.23 19.58 20.08
4.49 4.23 4.07 4.15 6.90 4.04 3.85 3.73 6.29 5.07 3.78 3.76 3.88 4.17 4.63 3.63 3.00 7.71 5.81 5.85 10.13 10.33 9.92 10.90 6.75 6.88 7.63 10.82 10.14 7.86 8.88 12.00 13.36 14.66 17.16 18.36 19.22 17.19 17.64 17.62 17.95 18.79 19.19 21.51 19.18 19.28 19.79 21.69 22.66 19.51 17.28 20.68 14.96 14.81 15.81 16.03 16.41 16.77 16.15 15.67 15.48 15.30 15.41 17.25 18.04 14.92 14.69 14.57 14.49 14.09 13.95 14.29 15.88 16.25 20.82 20.30 17.48
5.02 4.75 4.60 4.64 4.51 4.37 4.24 4.19 4.21 4.22 4.30 4.54 4.92 3.27 3.87 4.58 12.57 8.25 8.07 8.52 7.93 12.91 11.86 7.18 6.79 7.29 8.13 8.40 7.83 9.16 12.28 13.91 13.33 15.36 17.34 18.11 17.74 17.43 17.42 17.91 17.76 18.90 18.96 21.61 22.04 21.36 21.73 21.91 22.08 18.68 16.60 15.08 14.56 14.84 15.64 16.22 16.66 17.83 17.71 16.95 16.83 16.80 17.05 17.16 14.59 14.39 14.56 14.81 14.69 14.30 15.27 17.28 20.84 20.63 17.90 20.37 20.20
5.48 5.27 5.11 5.04 4.88 4.79 4.64 4.54 4.59 4.80 5.23 3.42 3.73 4.26 4.67 11.24 8.95 8.77 6.88 9.11 8.46 12.99 13.63 10.13 7.61 7.72 7.69 7.68 8.28 10.80 13.83 13.39 11.49 15.83 18.13 17.46 17.98 17.52 17.23 17.31 17.98 18.77 18.59 18.35 21.49 21.34 22.00 20.71 20.81 18.17 16.19 15.33 14.66 18.42 15.37 16.22 15.47 16.75 22.11 23.50 17.72 17.39 17.50 16.83 16.19 15.31 14.35 15.14 16.01 17.28 20.85 20.78 20.60 17.57 20.54 20.31 19.69
5.92 5.78 5.59 5.42 5.25 5.10 4.97 5.06 5.48 3.54 4.01 4.33 4.58 3.44 7.08 13.89 9.68 7.39 9.40 13.61 14.08 13.89 13.81 12.66 8.16 8.15 7.94 7.74 9.05 11.29 12.95 11.15 11.41 17.52 18.31 17.38 17.30 17.84 17.23 17.17 17.95 19.07 18.38 17.61 18.56 18.80 18.86 21.13 21.90 17.97 16.16 15.35 14.53 18.91 15.07 16.06 13.62 16.51 20.14 20.48 15.65 16.14 23.12 21.79 20.07 16.32 16.02 20.31 19.38 22.56 21.36 20.85 20.92 21.05 20.90 19.99 19.42
6.46 6.38 6.19 5.99 5.75 5.64 5.77 6.33 4.33 4.68 4.34 4.46 2.87 2.69 14.62 10.71 10.17 9.73 9.77 14.00 10.21 9.94 13.89 12.86 10.24 9.87 8.18 8.34 10.88 11.98 12.32 13.75 14.80 16.86 17.71 17.21 16.09 17.26 16.93 16.21 17.88 19.24 21.81 18.52 18.19 18.53 18.22 16.42 16.73 21.76 17.76 15.35 14.43 14.28 14.76 15.68 16.34 16.05 15.97 19.44 15.41 14.76 15.88 19.17 20.46 20.85 19.52 18.50 14.81 18.31 20.09 16.61 18.68 18.96 17.53 19.93 16.90
6.99 6.91 6.75 6.63 6.61 6.84 7.31 4.92 5.17 6.30 8.13 8.38 10.50 15.08 11.21 11.15 10.44 10.08 9.46 14.39 8.58 9.52 13.81 14.03 11.07 8.89 8.43 8.24 10.16 10.79 12.33 16.00 16.30 16.88 17.44 16.21 15.87 16.64 16.24 15.35 17.39 19.67 21.62 18.23 17.91 18.17 17.54 18.01 16.13 16.16 18.08 15.58 14.45 14.25 13.72 15.30 15.97 16.25 16.05 21.01 15.30 15.61 15.53 18.41 18.51 20.28 19.66 19.48 16.44 17.14 20.79 20.11 18.73 18.05 17.09 20.36 19.85
7.31 7.25 7.22 7.42 4.45 5.20 5.37 3.84 5.46 6.95 9.01 11.16 14.58 14.69 11.69 11.45 8.46 10.70 8.78 11.17 9.08 9.52 9.84 9.78 12.10 8.73 8.49 9.70 9.14 10.73 14.47 16.90 16.68 16.73 16.46 15.80 15.71 16.85 15.44 14.65 16.97 19.16 20.26 21.82 15.90 15.98 15.73 16.08 15.83 14.99 16.98 17.08 14.52 19.72 14.63 15.01 15.47 16.06 16.24 15.59 22.72 15.37 19.65 18.53 18.59 19.08 16.20 19.23 20.63 21.61 21.07 16.72 20.32 19.34 19.11 20.97 17.28
7.81 7.96 8.26 5.43 5.47 5.73 3.51 5.14 6.84 8.58 11.88 14.48 15.72 15.06 12.48 9.85 8.98 11.26 9.41 15.19 10.54 10.78 10.29 10.09 13.04 8.87 8.69 10.18 11.16 14.63 16.72 17.07 16.66 15.88 16.07 15.87 15.03 16.08 15.38 13.17 17.03 18.00 20.40 16.48 16.54 19.62 20.96 20.81 21.53 16.01 19.99 16.81 16.07 14.64 16.09 14.69 14.77 15.73 16.54 23.86 15.17 19.57 18.98 14.77 18.08 19.48 18.49 14.56 15.25 22.05 21.29 20.70 20.23 19.08 17.05 14.44 14.55
