examples/cougarCreek-fire/createInputs/farsite/7a-cougarCreek-polygonIgnit/cougarCreekFire_08-10-2015_2000_217m_non_neutral_stability_vel.asc
ncols	146
nrows	140
xllcorner	610065.000000
yllcorner	5095217.000000
cellsize	216.586807
NODATA_value	-9999.000000
[rows 72 to 107 of 140, columns 0 to 80 of 146]
8.55 8.85 9.11 9.00 12.34 16.92 15.98 12.64 15.63 16.47 16.33 16.69 16.01 11.83 10.96 9.37 9.26 9.23 13.11 9.16 9.18 9.20 9.20 12.13 9.24 9.86 11.41 17.15 18.05 16.57 17.42 16.87 16.04 18.56 17.38 17.45 16.52 11.78 18.24 16.40 16.75 16.39 11.56 17.11 13.05 9.52 10.42 15.94 10.47 8.51 9.76 8.50 15.95 17.27 8.52 8.55 8.51 8.45 8.36 8.36 8.54 8.76 18.19 11.27 10.40 9.14 11.82 9.08 9.02 10.28 8.86 15.70 15.53 14.09 14.59 15.66 14.46 15.92 14.65 16.24 15.93
8.68 8.89 8.99 8.87 12.99 15.96 15.69 13.12 16.66 16.82 16.20 16.36 15.84 9.48 12.07 9.18 9.09 9.04 9.03 9.01 9.03 9.06 9.08 15.67 9.10 9.85 16.66 17.34 15.30 11.54 18.32 16.21 15.68 16.40 14.70 17.34 11.65 15.34 17.85 15.85 17.97 15.99 11.41 17.05 15.89 9.54 15.11 10.86 10.88 8.33 10.36 8.27 15.65 8.31 16.78 8.41 8.38 8.36 8.30 8.27 8.33 8.46 11.67 17.50 16.37 15.69 11.87 15.07 14.38 14.40 14.55 14.79 15.39 15.24 15.39 15.41 14.49 14.42 14.62 14.77 15.97
8.55 8.64 8.65 8.65 13.10 15.48 15.34 15.67 16.65 16.56 16.16 16.09 8.94 16.94 8.79 8.85 8.87 8.84 8.88 8.91 8.91 8.95 8.99 11.67 9.07 10.56 17.11 14.87 11.56 17.79 17.14 15.82 16.10 11.82 14.72 18.11 11.61 15.39 17.88 16.20 17.45 15.67 15.63 17.47 11.26 10.06 9.84 10.20 10.80 11.02 8.08 15.44 15.42 8.20 8.25 16.08 8.36 8.35 8.32 8.25 8.19 8.22 8.32 17.58 16.23 15.02 16.42 16.63 15.46 16.10 17.70 16.63 15.94 8.90 15.16 13.88 14.35 14.34 14.54 14.80 14.77
8.35 8.40 8.48 12.12 13.64 13.56 13.14 15.47 16.32 15.81 12.76 14.70 16.17 16.83 8.52 8.65 8.75 8.79 8.80 16.87 8.81 8.85 8.84 8.89 10.32 11.85 16.59 11.47 17.16 16.44 18.17 15.76 17.04 11.00 16.14 15.94 11.47 15.47 17.73 16.78 17.39 15.28 15.31 11.27 11.03 15.29 8.14 14.07 7.92 11.73 7.88 7.92 16.01 8.06 8.07 14.96 16.21 8.11 8.13 8.12 8.07 8.07 8.18 11.57 16.67 11.14 14.61 11.53 11.33 16.72 8.60 8.67 17.06 13.87 8.64 13.92 13.99 14.40 14.42 14.58 14.67
8.23 8.29 8.37 12.98 13.58 13.40 12.50 13.16 15.82 11.82 8.67 8.76 8.68 16.85 8.56 8.60 8.66 8.70 15.16 8.68 8.72 8.73 8.74 8.82 11.91 16.12 15.69 16.31 16.28 17.17 17.89 16.02 16.56 15.38 17.94 11.28 11.30 15.56 12.24 16.41 15.59 15.01 14.76 14.95 10.91 10.99 15.76 7.94 7.88 11.64 7.78 7.86 7.96 7.98 7.93 12.05 15.80 7.92 7.93 7.96 7.95 7.93 8.00 8.11 15.77 15.54 15.77 15.67 11.21 14.45 16.77 13.95 13.04 15.74 14.28 16.96 13.85 14.34 14.50 14.18 15.46
8.13 8.18 8.22 13.34 13.29 11.99 11.62 13.43 12.85 10.65 8.93 10.42 8.98 8.82 8.66 8.58 8.54 8.54 8.54 8.57 8.58 8.60 8.69 12.24 13.58 15.49 15.72 16.40 17.03 16.43 16.00 17.93 15.25 16.79 15.67 11.13 8.38 15.36 12.12 16.90 11.19 11.89 11.95 11.99 10.86 10.84 14.78 8.03 7.86 11.59 7.68 7.76 7.83 7.85 7.82 11.92 15.50 7.93 7.90 7.79 15.62 7.83 7.87 7.89 12.54 16.21 16.25 16.19 14.83 12.21 15.09 15.35 16.53 16.45 8.38 8.57 8.67 16.05 14.25 14.35 14.43
8.00 8.05 8.09 13.60 12.76 8.26 12.12 15.45 12.52 11.53 12.00 16.40 8.72 8.64 8.53 8.43 8.38 8.39 8.41 8.42 8.44 8.54 8.64 12.71 15.80 15.97 15.93 16.37 16.72 15.86 16.13 17.95 17.50 17.82 12.49 8.29 8.22 12.46 15.93 15.83 11.88 11.77 11.98 12.00 11.93 11.82 11.95 13.96 7.74 11.39 11.48 7.63 7.70 7.74 7.70 7.64 15.07 15.48 15.42 7.70 7.74 7.77 7.82 7.88 7.84 15.98 15.53 15.54 13.23 8.01 8.05 8.03 15.87 16.17 8.40 8.51 16.70 14.15 14.64 14.08 14.87
7.90 7.94 7.99 13.20 13.05 8.12 12.32 13.42 12.65 12.30 12.54 15.62 15.87 8.31 8.28 8.21 8.25 8.32 8.32 8.33 8.41 8.50 15.94 8.47 8.44 15.81 15.69 15.63 16.36 15.85 15.17 17.30 17.37 17.50 12.38 8.17 8.08 12.40 15.18 16.13 11.88 11.68 11.77 11.84 11.85 11.76 11.82 11.78 15.37 7.52 11.39 7.57 7.61 7.61 7.59 11.49 7.65 14.77 16.06 7.71 7.71 7.60 7.56 7.61 7.73 12.41 12.75 12.71 12.81 8.13 8.16 8.16 8.19 13.01 14.30 13.91 8.45 8.69 14.51 14.76 14.40
7.77 7.82 7.89 13.68 12.86 8.00 8.06 12.77 12.72 12.58 13.12 15.06 12.11 8.19 8.14 8.15 8.27 8.30 8.29 8.38 8.51 8.53 12.58 8.33 15.46 15.90 15.34 8.26 16.18 13.05 16.30 17.45 17.40 16.11 12.48 8.26 8.19 12.53 11.83 16.96 11.81 11.87 11.54 11.71 11.74 11.70 11.69 11.00 11.75 7.65 7.55 7.55 7.55 7.56 7.69 7.82 7.80 13.65 11.94 7.87 7.80 7.67 7.51 14.54 7.59 7.80 15.26 12.40 13.02 11.39 11.69 11.96 8.17 8.16 12.64 14.26 8.47 8.68 14.33 13.41 13.47
7.65 7.71 7.78 13.12 7.86 7.96 8.03 11.90 13.18 13.51 13.53 11.97 12.26 8.09 8.08 8.15 8.22 8.24 8.33 8.44 8.45 15.98 8.32 8.27 13.43 13.18 8.16 8.19 13.03 16.98 12.78 15.81 15.98 17.09 12.44 11.90 12.19 16.59 15.81 7.85 7.77 7.77 11.83 11.32 11.12 11.63 11.69 7.68 10.76 7.80 7.64 7.55 7.58 7.69 7.86 11.93 13.29 7.90 11.71 12.19 7.94 7.86 7.72 7.59 12.54 7.65 12.45 14.37 14.21 11.51 13.58 14.94 12.20 8.17 8.26 8.35 8.48 8.62 13.99 13.66 12.99
7.53 7.59 7.64 13.58 7.77 7.87 7.91 11.73 13.65 15.25 13.54 8.00 12.33 7.97 7.98 8.06 8.11 8.19 8.27 8.28 15.06 16.15 8.13 8.14 12.94 15.72 8.11 8.12 16.66 16.12 12.83 15.54 15.80 16.81 12.37 11.83 12.28 12.30 12.41 7.83 7.77 7.72 11.89 11.43 10.83 11.41 11.63 7.61 15.12 11.39 7.74 7.65 7.65 7.75 11.66 11.71 11.99 14.53 11.96 11.74 15.82 7.91 7.84 7.70 7.62 7.59 7.65 15.58 14.44 15.47 11.80 12.15 13.72 11.65 8.31 11.59 13.48 8.48 8.46 13.71 13.01
7.41 7.47 7.53 7.58 7.67 7.73 7.77 11.55 13.27 15.23 12.24 7.97 14.82 7.88 13.80 7.93 8.07 8.15 8.12 14.75 15.84 12.17 8.08 8.04 13.19 8.15 8.19 8.16 16.47 12.57 15.41 15.34 12.69 12.61 12.61 12.32 15.56 8.01 12.14 7.74 7.63 11.56 7.61 11.51 7.73 7.63 7.50 14.07 11.45 11.46 10.99 7.71 7.75 11.72 15.08 11.35 7.60 11.88 11.90 11.60 11.99 15.92 13.51 7.94 7.84 7.65 7.56 12.73 14.83 15.03 14.10 13.95 13.50 13.67 12.68 12.17 12.85 16.00 16.06 14.56 15.57
7.32 7.37 7.44 7.51 7.60 7.64 7.69 11.56 13.49 13.10 7.82 7.96 15.81 7.85 7.89 7.98 10.11 8.07 8.07 15.22 12.94 7.94 7.98 8.01 8.03 13.14 8.08 12.07 12.98 12.52 16.37 16.66 7.99 7.88 16.52 8.02 15.32 8.05 12.24 7.79 7.71 7.69 7.71 7.71 7.68 7.64 7.57 7.49 11.36 7.45 10.91 7.60 11.75 11.12 11.03 7.44 7.43 7.57 11.80 7.65 11.88 12.08 12.26 12.61 13.28 13.38 12.34 12.26 15.75 14.45 14.51 11.17 14.86 13.30 13.67 14.78 15.28 15.30 14.66 8.11 8.20
7.22 7.28 7.36 7.45 7.53 7.57 7.61 11.93 13.02 11.31 7.81 10.81 13.92 13.21 7.94 8.00 7.95 12.65 14.80 15.95 12.23 7.83 7.82 7.83 7.84 12.90 12.85 13.19 12.79 8.05 15.97 15.98 7.76 7.76 15.95 14.80 15.00 12.53 8.12 8.14 8.06 7.88 7.76 7.74 7.71 7.67 7.59 7.49 7.48 7.55 7.58 7.51 7.45 7.47 7.49 7.44 7.35 7.36 7.45 7.48 7.47 11.74 7.53 11.90 14.83 14.53 15.31 7.51 12.35 15.44 15.15 10.75 11.23 15.39 15.52 15.29 15.12 15.05 7.97 7.96 8.07
7.12 7.18 7.27 7.37 7.44 7.48 7.50 7.50 12.13 7.60 7.70 15.10 7.67 13.47 7.81 7.83 12.85 13.47 15.67 13.19 7.71 7.73 7.67 15.19 7.73 12.62 7.76 13.26 12.40 15.78 15.75 11.54 16.22 7.79 15.94 13.33 15.92 15.99 8.05 8.25 12.00 7.95 7.71 7.65 7.67 7.62 7.52 7.44 7.46 7.56 7.61 7.52 7.44 7.46 7.50 7.50 7.43 7.37 7.37 7.37 7.33 7.33 7.33 7.35 14.89 14.68 15.26 12.42 12.51 12.69 12.85 14.00 13.66 13.97 15.04 7.63 15.01 7.84 8.04 8.11 8.15
7.02 7.08 7.21 7.33 7.37 7.43 7.48 7.50 7.52 7.58 7.64 13.50 7.63 13.77 12.94 12.65 12.69 13.51 15.42 12.46 7.60 7.57 7.59 7.64 14.00 12.94 7.65 13.31 7.64 15.83 7.94 12.01 7.98 7.91 7.84 7.79 7.74 7.68 15.43 15.94 7.88 7.90 7.71 7.57 7.58 7.61 7.58 7.52 7.44 7.40 7.42 7.45 7.44 7.41 7.45 7.50 7.47 7.39 7.32 7.31 7.29 7.27 7.28 7.32 11.85 14.85 15.26 12.27 12.40 7.55 7.64 15.21 14.07 12.82 13.61 12.93 13.20 14.36 14.91 14.39 8.20
6.91 7.00 7.16 7.26 7.30 7.36 12.12 7.44 7.50 7.56 7.59 13.42 7.52 13.26 13.09 12.29 12.63 15.66 15.26 7.51 7.47 7.44 7.47 7.51 13.42 7.56 7.62 7.66 7.74 7.85 13.07 14.98 16.22 7.87 7.75 15.61 7.64 7.55 15.49 7.32 7.44 7.58 7.58 7.50 7.51 7.55 7.54 7.47 7.41 7.36 7.37 7.40 13.20 7.35 7.32 7.35 7.37 7.34 7.30 7.28 7.31 7.32 7.30 7.26 14.70 14.09 11.94 14.89 14.94 15.08 7.38 15.16 14.73 13.88 7.62 7.72 7.79 7.83 7.84 13.21 8.11
6.80 6.89 7.02 7.09 7.16 7.21 12.10 7.31 7.38 7.43 7.45 14.78 7.45 7.43 12.96 11.86 12.70 13.20 13.22 7.34 7.32 7.36 7.39 13.87 7.47 7.55 7.67 7.77 7.83 7.89 7.97 13.53 16.14 7.86 7.78 7.68 7.63 7.56 15.45 7.36 7.39 7.49 7.55 7.53 7.52 7.50 7.42 7.36 7.34 7.37 7.41 7.44 13.22 13.41 7.33 7.34 7.38 7.38 7.35 7.34 7.35 7.36 7.34 14.65 11.50 14.01 14.20 14.60 14.33 14.35 14.58 14.82 14.92 14.99 13.33 12.88 13.22 7.91 7.97 7.99 8.00
6.70 6.79 6.90 6.96 7.04 7.11 7.18 7.23 7.26 7.30 7.38 13.21 7.45 7.39 13.21 11.55 12.72 15.09 15.09 7.22 7.27 7.31 7.39 7.47 7.51 7.54 7.61 7.70 13.46 13.93 13.87 15.74 15.92 7.97 7.97 7.86 7.77 7.72 7.64 7.57 7.55 7.59 7.63 7.60 7.55 7.53 7.47 7.41 7.36 7.35 7.40 7.46 7.54 13.31 7.43 7.40 7.44 7.42 7.40 7.38 7.33 14.35 7.26 14.68 14.62 14.32 13.67 13.97 13.55 13.29 13.48 13.98 7.19 7.33 14.57 14.47 13.62 14.40 13.41 8.01 8.08
6.58 6.69 6.81 6.88 6.97 7.04 7.10 7.14 7.18 7.23 10.92 13.78 7.19 14.87 13.55 12.21 13.56 7.21 7.17 7.15 7.18 7.22 13.78 7.41 7.51 7.56 12.85 13.77 13.70 13.78 15.59 15.80 15.88 7.82 7.84 7.77 7.70 7.66 7.60 7.61 7.61 7.60 7.58 7.50 14.94 7.52 7.58 7.56 7.50 7.45 7.46 7.51 7.58 12.69 7.51 7.42 7.45 7.46 7.43 7.39 7.35 14.20 14.29 13.87 14.50 7.26 14.27 13.70 11.97 12.46 7.18 12.98 7.20 7.30 7.44 13.11 14.26 7.65 14.55 13.61 13.83
6.47 6.59 6.73 6.81 6.87 6.90 6.92 6.97 7.01 7.06 11.44 13.46 12.98 13.40 13.31 12.89 13.33 14.72 7.11 7.11 7.12 7.17 12.60 7.36 7.44 7.50 14.33 13.05 13.26 13.78 15.28 7.79 7.72 7.65 7.62 7.58 15.18 7.52 13.01 12.02 7.50 7.56 11.76 7.60 7.55 7.58 7.62 7.60 7.58 7.53 7.52 7.54 7.58 11.60 11.73 7.45 7.43 7.43 7.39 7.36 7.36 7.36 13.84 13.25 14.15 7.23 7.28 14.17 13.10 12.73 7.20 13.09 7.24 7.33 13.97 13.97 13.89 13.95 13.90 12.90 12.68
6.38 6.53 6.69 6.79 6.79 6.81 6.80 6.82 6.84 6.88 6.89 12.83 6.90 13.23 7.01 13.20 12.67 13.36 7.08 7.12 7.17 7.22 12.65 7.32 7.36 12.24 13.02 12.95 13.11 15.40 14.36 7.73 7.65 7.61 7.61 13.14 7.55 7.55 7.54 7.44 7.42 7.51 7.68 7.80 7.76 7.66 7.63 7.62 7.62 7.59 7.57 7.55 7.56 11.98 11.66 12.91 7.36 13.11 7.32 7.32 7.35 7.35 13.13 12.29 13.03 7.12 7.13 14.09 13.46 12.84 11.77 13.54 7.30 7.36 14.25 14.00 13.79 7.60 12.51 11.48 7.88
6.33 6.50 6.64 12.86 6.74 6.77 6.75 6.76 6.77 6.81 6.82 6.83 12.57 6.92 6.94 6.95 12.94 13.08 7.00 7.04 7.13 7.20 7.21 12.38 7.22 11.91 12.76 14.98 15.11 14.45 15.05 13.68 15.16 14.25 12.97 7.69 7.70 7.72 7.80 7.81 7.72 7.62 7.62 7.71 7.74 7.68 7.63 7.60 7.58 7.57 7.56 7.56 7.56 7.59 10.98 11.64 11.89 11.29 12.81 7.26 7.28 7.31 13.16 10.59 7.21 11.90 13.52 7.05 13.01 12.71 12.12 13.41 7.29 7.32 13.80 14.45 14.53 14.17 12.39 12.59 13.18
6.31 6.46 6.61 6.55 6.73 6.73 6.72 6.72 6.77 6.80 6.80 6.81 6.81 13.36 6.81 13.39 12.94 12.56 14.04 6.92 6.98 7.04 7.08 7.08 7.13 7.25 14.12 14.17 7.38 7.42 7.47 15.12 14.25 12.50 7.59 7.64 7.70 7.76 7.83 12.87 7.93 7.79 7.66 7.66 7.74 7.75 7.69 7.61 7.55 7.54 7.53 7.54 7.52 7.52 9.33 7.71 8.99 10.20 10.82 12.50 7.24 7.26 12.16 9.89 7.31 8.45 10.20 12.19 12.23 12.38 11.51 12.55 14.01 14.11 14.17 7.37 7.48 7.58 12.75 12.55 12.83
6.22 6.32 6.53 6.63 6.71 6.52 6.66 6.69 6.74 6.75 6.73 6.74 6.73 13.01 13.37 13.37 12.59 11.99 13.98 6.84 6.85 12.27 6.94 7.07 7.18 12.27 14.43 14.15 14.28 12.30 7.61 14.13 7.64 7.64 7.65 7.68 7.70 7.67 11.74 7.61 7.66 7.71 7.72 7.72 7.75 7.80 7.80 7.74 7.67 7.63 7.61 7.58 7.53 7.50 7.53 7.51 7.45 7.42 7.40 7.34 11.69 12.57 11.78 12.20 11.51 9.53 7.18 10.10 11.07 11.04 11.23 12.51 12.70 12.90 13.72 14.13 7.48 7.55 14.63 7.72 11.16
6.27 6.29 6.33 6.57 6.38 6.54 6.59 6.67 6.65 6.66 6.67 6.68 6.69 12.62 6.69 6.72 12.59 12.70 13.94 6.78 6.85 6.91 7.01 7.14 7.22 14.13 14.15 14.15 7.42 7.52 7.62 7.68 7.70 7.69 7.71 7.74 7.74 7.73 7.69 7.65 7.58 7.56 7.62 7.69 7.75 7.80 7.85 7.85 7.78 7.75 7.74 7.72 7.69 7.65 7.61 7.56 7.51 7.45 7.41 7.37 7.31 11.33 12.03 12.14 11.33 7.23 7.21 7.20 7.18 7.18 7.20 7.23 7.27 11.89 12.96 13.40 7.41 7.35 7.57 14.15 7.83
6.43 6.42 6.58 6.54 6.57 6.41 6.58 6.64 6.57 6.63 6.64 6.65 6.67 12.82 6.66 6.70 12.58 13.24 13.74 6.79 6.88 7.03 7.15 7.20 7.16 14.33 14.22 7.33 7.43 7.53 7.61 13.37 7.64 7.65 13.22 12.67 13.16 12.36 13.16 13.52 7.73 7.59 7.58 7.68 7.78 7.84 7.85 7.86 7.82 7.77 7.76 7.78 7.80 7.79 7.75 7.69 7.62 7.54 7.45 7.40 7.38 7.39 7.36 7.35 9.06 7.34 7.29 7.26 7.26 7.28 7.29 7.30 7.26 12.12 12.50 13.01 13.89 7.29 7.42 14.39 7.90
6.29 6.13 6.56 6.54 6.35 6.44 6.68 6.59 6.59 6.63 6.59 6.60 6.67 6.67 6.68 6.68 6.71 6.68 6.73 6.78 6.87 6.97 7.03 7.04 13.90 13.96 7.23 7.31 14.17 14.09 7.50 7.55 7.54 12.98 12.50 12.56 12.63 13.83 13.57 11.82 7.55 7.57 7.61 7.64 7.70 7.79 7.84 7.88 7.90 7.85 7.78 7.77 7.81 7.82 7.81 7.76 7.69 7.62 7.55 7.50 7.45 7.43 7.41 7.39 7.38 7.36 7.33 7.29 7.26 7.26 9.72 11.05 11.28 7.20 11.76 12.32 13.31 7.25 7.36 7.70 14.12
5.91 6.08 6.44 6.06 6.28 6.54 6.59 6.51 6.67 6.61 6.45 6.62 6.66 13.15 6.63 6.65 6.65 6.69 6.73 6.76 6.81 12.68 6.78 13.76 6.90 7.05 7.17 7.24 14.44 13.92 12.81 7.50 7.56 7.60 14.20 14.24 13.22 7.68 7.69 7.73 7.75 7.70 7.73 7.76 7.78 7.83 7.88 7.93 8.00 8.03 7.97 7.85 7.82 7.85 7.86 7.85 7.80 7.71 7.62 7.56 7.51 7.47 7.45 7.45 7.44 7.40 7.34 7.30 7.25 8.98 10.40 11.13 11.02 11.15 10.36 7.27 7.43 13.04 7.31 7.40 14.10
5.99 6.04 5.94 6.00 6.28 6.56 6.45 6.49 6.40 6.53 6.43 6.58 6.59 6.56 6.53 6.59 6.57 6.58 6.63 6.62 6.64 6.61 6.53 12.01 6.81 6.96 13.48 14.28 14.32 7.33 7.42 12.83 13.64 14.21 14.40 14.53 7.65 7.85 8.12 8.37 8.40 8.13 7.90 7.85 7.89 7.95 7.95 7.99 8.02 8.05 8.03 7.91 7.84 7.88 7.92 5.29 5.68 5.28 7.69 7.63 7.58 7.53 7.50 7.48 7.41 8.50 7.77 7.33 7.28 7.21 8.96 9.11 9.44 9.18 7.21 7.24 9.95 11.96 13.24 13.82 13.47
5.96 5.96 6.04 6.11 6.25 6.24 6.48 6.54 6.68 6.41 6.33 6.50 6.46 6.50 6.27 6.54 6.58 6.51 13.09 6.55 12.71 6.53 6.40 6.63 6.78 6.87 13.20 14.00 13.81 7.36 7.46 7.45 13.97 14.20 14.24 14.10 12.17 12.32 13.28 15.26 8.24 8.21 8.00 14.17 14.88 7.84 15.36 12.57 7.95 8.06 8.16 8.08 7.90 7.83 7.17 8.09 9.08 7.77 5.65 7.68 7.63 7.56 7.49 7.44 7.43 7.44 7.43 7.39 7.36 7.32 7.28 7.23 7.17 7.19 9.60 7.31 7.37 7.45 12.28 13.31 7.79
6.23 6.18 6.13 6.19 6.13 6.26 6.29 6.26 6.41 6.20 6.28 6.36 6.30 6.25 6.21 6.44 6.50 6.50 6.57 6.37 6.33 6.39 6.50 6.66 6.79 6.84 13.30 13.81 13.38 7.32 13.60 14.04 13.98 13.94 13.04 14.32 13.95 14.14 14.74 14.47 13.29 7.77 7.90 7.87 12.82 13.30 12.73 7.81 11.88 11.91 8.21 8.26 8.07 7.85 4.47 5.63 6.09 5.52 7.76 7.72 7.67 7.62 7.58 7.54 7.51 7.49 7.46 7.45 7.45 7.42 7.40 7.38 7.32 7.21 9.34 7.28 11.81 12.15 12.74 13.51 13.36
5.78 6.07 5.95 6.02 6.08 6.18 6.50 6.13 6.09 6.17 6.24 6.27 6.47 6.53 6.21 6.53 6.46 6.52 6.26 12.46 6.37 6.46 6.52 6.65 13.06 6.81 13.19 13.72 13.24 13.57 14.22 14.24 13.94 14.08 14.23 14.54 14.37 13.92 13.91 14.00 14.26 15.31 14.53 12.55 11.57 7.90 7.89 7.88 11.68 12.78 15.95 12.05 8.18 8.01 7.85 4.26 4.60 7.75 7.76 7.76 4.88 5.13 7.67 7.67 7.64 7.58 7.51 7.48 8.53 8.26 8.56 8.70 7.35 8.85 8.89 7.21 7.34 12.08 12.44 13.15 13.08
5.63 5.71 5.84 5.95 5.99 6.00 6.11 6.10 6.05 6.18 6.24 6.34 6.57 6.33 6.31 6.45 6.42 6.45 6.13 12.56 6.52 6.41 6.53 6.66 12.85 6.78 6.90 13.47 13.29 13.61 14.16 13.66 13.89 14.19 14.15 14.53 14.21 7.32 7.36 11.69 12.85 14.48 13.96 12.20 7.91 11.18 8.00 8.00 11.18 10.92 8.04 8.15 8.29 8.22 7.93 4.12 7.68 7.73 7.75 7.77 4.46 4.85 5.01 5.86 7.35 7.24 7.74 8.20 9.68 9.59 9.71 9.30 9.20 7.30 7.25 7.21 7.22 7.31 7.39 7.45 12.26
5.57 5.70 5.95 6.07 6.09 6.16 6.22 6.09 6.02 6.12 6.20 6.50 6.55 6.23 6.48 6.36 6.08 6.42 6.10 6.12 6.12 6.21 6.44 12.87 6.71 6.72 13.12 13.56 13.28 13.42 13.86 13.89 14.01 14.04 14.31 14.50 13.25 7.43 7.45 13.82 7.62 13.92 14.02 7.83 12.61 12.46 12.20 11.34 8.05 10.69 8.21 8.30 8.47 8.59 8.38 3.96 7.70 7.75 7.79 7.81 4.70 5.69 7.35 7.75 7.92 7.86 8.09 9.12 8.88 9.47 10.31 10.83 10.90 9.89 7.27 7.20 8.56 8.64 7.26 7.45 7.64
5.61 5.73 5.99 5.95 6.20 6.26 6.24 6.14 6.05 6.11 6.22 6.44 6.31 6.25 6.43 6.37 6.03 6.36 6.02 6.05 6.06 6.09 6.33 12.33 12.17 6.66 13.24 13.38 12.67 13.09 13.06 14.27 14.25 14.01 14.13 13.64 7.40 7.50 7.53 14.64 13.67 14.38 12.98 12.70 12.87 12.87 7.98 8.02 12.91 14.63 14.93 14.18 11.44 9.70 4.87 4.74 3.82 7.83 7.83 3.91 5.76 6.99 6.68 5.42 7.66 5.78 7.29 7.65 7.45 7.89 8.47 9.36 10.49 10.64 9.57 7.26 7.26 7.32 7.50 12.12 11.99
