examples/cougarCreek-fire/createInputs/farsite/7a-cougarCreek-polygonIgnit/cougarCreekFire_08-12-2015_0400_217m_non_neutral_stability_ang.asc
ncols	146
nrows	140
xllcorner	610065.000000
yllcorner	5095217.000000
cellsize	216.586807
NODATA_value	-9999.000000
[rows 50 to 99 of 140, columns 0 to 95 of 146]
313 316 324 341 11 41 48 43 42 44 59 72 72 68 49 33 36 32 32 46 51 38 33 27 25 37 54 70 90 89 68 73 72 60 49 49 16 348 348 346 346 334 322 328 344 350 338 332 328 325 325 327 326 325 320 308 296 291 285 281 275 278 285 291 292 284 268 258 257 262 269 274 277 272 274 264 284 293 291 263 205 175 275 282 291 323 59 71 80 88 97 103 97 95 100 99
308 314 335 11 39 38 35 39 42 53 62 32 66 53 41 22 29 29 37 47 44 41 37 13 20 38 62 84 96 89 67 75 75 58 47 50 8 358 356 353 346 330 312 306 318 319 301 304 309 309 312 318 323 328 328 311 298 293 284 280 278 281 275 280 283 286 288 274 271 273 274 276 276 277 282 266 274 274 264 280 209 209 235 211 270 297 290 123 110 98 88 86 86 86 88 91
305 313 345 21 24 28 35 39 38 54 62 45 21 20 17 19 24 32 41 44 40 45 48 51 23 60 84 98 95 74 63 75 74 57 47 42 11 5 1 355 349 335 314 296 298 292 287 273 277 279 285 295 309 328 335 334 317 299 289 280 274 276 278 268 267 267 272 272 277 276 262 263 258 250 243 244 248 247 243 234 264 242 254 176 168 217 273 193 166 140 110 92 87 87 88 87
308 328 5 18 21 20 24 28 37 50 38 20 4 11 24 26 26 42 47 45 40 40 43 18 43 71 86 82 75 64 51 61 73 57 57 33 19 16 10 10 1 350 323 296 288 286 286 287 292 294 283 286 291 303 319 329 322 300 291 285 273 269 272 272 271 274 258 272 265 267 272 274 272 270 267 265 263 247 260 229 225 216 291 251 234 159 165 174 175 162 148 129 110 95 88 86
307 327 4 4 2 5 24 36 40 42 23 18 9 24 42 41 39 55 57 53 42 34 32 24 38 58 62 60 67 61 41 61 74 59 55 27 11 9 16 14 2 359 351 316 281 274 276 276 274 277 287 307 293 293 296 297 290 281 282 276 264 261 267 268 269 274 274 266 260 258 257 261 265 225 260 251 246 225 256 266 266 265 244 199 183 225 156 224 164 161 149 275 128 112 95 85
292 315 351 354 349 4 34 39 18 12 13 21 19 29 42 45 44 56 56 45 35 25 22 26 40 45 48 57 71 61 39 64 73 61 45 27 15 27 19 8 6 7 4 14 341 293 266 267 274 279 280 282 308 291 295 285 269 265 272 270 265 275 264 244 247 247 261 270 237 233 230 227 230 257 224 227 258 266 223 227 220 234 205 207 190 167 150 131 135 133 124 123 125 114 108 95
277 301 341 355 0 33 54 25 1 357 5 23 30 24 44 48 43 58 49 25 22 14 12 25 41 42 53 71 74 56 41 57 70 62 44 26 15 30 12 11 7 10 3 22 5 341 295 268 265 266 282 285 284 289 286 292 286 280 278 275 254 233 246 247 247 245 232 241 239 237 233 234 232 222 225 230 231 233 238 234 235 203 213 216 204 270 168 92 65 80 104 217 101 186 234 95
285 296 343 9 38 66 46 1 348 358 24 49 26 24 48 52 60 80 46 1 12 6 10 32 40 38 59 75 65 45 46 62 75 73 65 42 17 23 6 5 4 4 3 358 351 3 339 324 286 269 267 270 285 285 276 282 275 239 241 237 237 238 247 247 246 244 244 245 242 237 232 227 227 225 228 233 241 248 248 233 224 216 219 241 210 203 207 189 129 108 99 277 256 226 87 200
301 302 3 6 327 350 12 350 354 21 68 60 24 51 72 84 94 110 125 321 9 5 33 52 38 44 71 76 55 41 56 70 74 70 61 43 9 19 34 7 4 358 360 359 354 9 1 354 343 321 292 278 271 277 265 248 238 243 261 259 247 240 230 236 238 242 245 243 240 236 231 216 235 239 244 252 257 257 245 241 232 226 222 221 219 222 249 184 275 147 121 100 97 94 85 7
306 312 357 320 333 34 27 355 12 51 68 53 70 103 117 118 112 111 119 244 5 10 33 31 28 60 79 67 48 49 70 75 64 62 39 49 8 7 6 18 13 1 5 359 1 356 351 345 352 349 340 325 303 291 289 286 278 271 266 262 260 259 257 255 252 248 243 242 237 228 238 245 254 260 264 265 263 259 251 247 245 251 238 231 223 223 222 228 238 253 143 120 289 297 92 305
301 309 29 33 28 25 52 11 51 69 82 107 125 133 135 127 119 112 89 305 2 2 11 13 40 69 70 57 56 66 79 64 60 59 41 32 40 4 8 9 14 3 359 354 353 355 354 4 0 359 329 333 333 326 323 320 313 306 298 289 280 273 268 265 262 256 242 247 251 256 260 268 274 273 268 263 257 257 257 257 257 262 265 266 261 260 257 250 252 259 267 300 114 300 316 341
295 336 33 15 15 101 92 45 69 90 101 117 121 137 130 122 116 103 350 317 2 357 9 26 49 63 64 63 68 68 62 55 58 55 37 24 42 6 9 7 10 3 359 354 347 349 346 344 360 337 328 321 316 316 336 338 338 336 333 327 318 305 292 281 273 269 268 272 278 283 284 283 280 274 262 262 263 260 257 255 253 254 255 255 255 243 288 283 275 265 257 265 118 315 96 89
335 17 49 15 22 27 12 81 107 122 123 109 116 123 118 112 104 25 329 338 4 358 354 10 34 52 60 66 69 65 55 53 75 52 29 20 14 9 10 13 11 5 2 2 350 348 346 338 338 330 323 316 321 333 333 339 342 342 341 338 335 330 323 314 305 299 300 303 304 301 296 290 283 279 265 271 266 261 255 253 252 250 247 239 276 273 276 280 275 271 266 258 261 265 281 317
40 48 63 78 70 83 127 149 153 168 114 98 101 111 109 99 70 333 331 348 354 353 351 4 29 43 57 67 68 61 54 70 72 45 30 15 16 8 11 13 13 1 352 1 355 350 349 346 343 333 325 322 320 329 328 334 340 343 341 338 336 335 335 332 326 319 314 312 311 308 302 298 294 290 277 276 267 259 253 249 248 245 239 278 273 263 263 270 270 268 265 255 237 236 244 227
37 56 75 120 163 165 164 165 275 1 45 63 79 91 93 79 21 320 341 353 343 358 358 5 20 31 55 66 62 57 59 51 54 35 25 15 17 15 14 16 14 4 353 352 357 351 349 349 353 343 329 316 313 320 325 330 340 344 343 337 332 330 331 331 328 322 316 310 308 306 303 300 295 293 289 279 266 257 264 262 268 275 277 280 286 285 278 277 275 268 266 268 265 275 277 282
344 52 58 76 23 337 309 321 340 352 13 49 67 72 71 58 341 321 4 350 341 17 2 359 14 31 59 72 63 62 60 44 42 32 20 16 21 16 15 23 18 10 356 345 351 347 351 348 351 357 333 319 317 324 325 325 337 346 347 339 330 325 324 324 323 321 317 311 305 301 298 296 291 289 291 287 276 274 274 276 275 263 255 254 251 255 258 261 262 261 264 239 226 249 234 24
50 52 62 27 21 357 341 343 351 356 10 50 67 65 62 48 317 329 8 355 351 36 342 346 12 35 61 76 75 72 58 38 30 27 17 16 26 13 16 32 23 12 358 344 344 340 346 343 341 349 351 330 326 333 325 323 333 347 352 344 333 326 322 321 319 318 318 318 313 305 300 295 293 293 299 288 311 309 312 316 316 299 246 245 231 174 158 160 226 242 217 315 244 278 299 13
52 44 39 16 10 358 350 352 359 7 33 46 61 61 57 42 309 334 8 358 14 352 346 348 7 35 66 82 67 52 45 30 23 25 21 18 28 17 18 34 21 18 28 28 353 330 333 333 326 345 345 326 327 324 321 319 327 345 356 352 341 330 322 317 313 311 313 318 321 317 300 297 298 295 299 312 317 315 314 307 266 292 275 270 282 284 265 255 242 212 266 259 293 5 11 6
34 30 360 7 4 359 12 358 5 15 26 39 52 56 54 42 313 356 3 355 14 8 351 358 3 40 82 88 63 44 39 31 17 24 24 21 26 18 20 32 26 35 37 30 16 6 341 333 328 332 332 317 320 320 315 319 317 334 354 1 352 336 323 315 306 303 303 309 317 323 321 315 294 303 294 302 300 289 294 284 254 190 190 234 250 268 269 255 155 221 278 243 254 266 265 321
30 26 23 358 1 360 358 2 8 19 29 36 47 53 23 42 316 9 360 349 7 6 5 4 10 56 90 89 51 38 44 27 15 18 21 27 28 20 20 30 33 34 24 31 19 8 345 331 324 321 323 319 322 325 318 297 317 315 343 6 7 350 330 313 304 299 298 299 305 318 325 324 303 315 310 294 302 280 291 320 340 344 0 29 126 161 143 54 353 339 339 310 300 256 335 337
37 37 337 345 356 1 0 4 10 23 29 36 45 52 52 34 319 14 2 353 358 5 16 12 33 64 87 80 40 40 51 34 13 14 19 29 25 16 19 29 30 32 35 35 25 11 336 339 331 335 332 317 323 332 323 306 292 329 322 359 13 6 349 329 313 303 297 299 296 303 314 321 311 310 305 302 300 296 331 281 347 349 360 10 13 5 355 352 354 359 1 352 342 337 336 282
350 341 331 13 353 1 2 14 19 20 24 29 32 35 50 22 324 16 4 359 355 9 27 18 38 70 82 49 28 43 49 26 12 14 21 24 20 16 19 27 29 20 36 18 31 14 7 335 332 331 332 330 327 332 327 311 297 290 304 333 8 12 2 349 334 320 309 304 299 297 301 311 308 303 302 307 312 310 310 306 340 344 318 0 4 360 355 354 358 5 6 2 360 357 350 346
348 337 330 8 353 1 3 16 18 17 24 28 38 48 47 14 330 20 7 3 360 25 38 22 47 55 71 34 33 47 44 20 7 16 32 29 14 6 19 26 28 13 32 36 33 18 337 5 348 350 339 335 330 343 325 315 309 312 312 307 345 9 7 359 348 337 329 323 316 311 310 313 306 298 299 325 322 320 323 320 309 304 315 344 353 357 355 354 359 6 9 9 325 7 4 0
331 328 360 1 352 1 4 15 12 14 22 26 38 49 47 16 334 22 18 4 10 43 38 19 58 64 45 36 52 47 31 15 7 25 35 30 8 355 17 25 29 11 26 31 19 24 9 345 346 343 347 338 332 350 340 328 316 327 313 307 319 355 8 3 351 341 335 331 327 325 308 309 312 312 310 315 327 323 328 330 314 302 306 330 334 348 354 352 351 358 8 16 18 17 321 311
355 355 355 360 350 359 11 13 11 15 23 29 34 60 51 19 335 38 34 3 30 35 35 34 340 48 36 48 51 36 18 10 10 36 37 26 4 356 16 21 30 9 10 26 34 31 18 340 346 353 338 334 333 351 349 334 330 340 325 327 310 331 1 3 354 342 333 322 319 326 331 328 328 327 322 320 328 327 328 332 325 307 301 304 328 335 350 302 303 342 352 13 21 25 307 24
338 350 11 356 358 4 12 13 13 22 36 54 30 65 55 14 339 38 30 10 42 40 35 46 338 45 36 43 36 32 20 8 32 40 33 13 2 3 15 24 28 4 5 23 31 14 26 16 342 355 342 341 340 349 348 347 334 318 311 308 311 319 345 359 358 348 338 330 311 318 331 333 331 330 331 327 326 332 328 327 328 308 295 297 308 338 346 325 301 293 338 356 14 24 313 307
344 1 354 351 355 4 17 14 16 27 38 49 50 23 50 4 5 44 27 24 43 39 52 319 42 30 39 38 27 33 25 12 32 35 19 13 355 9 15 22 26 5 1 16 25 32 357 359 340 354 350 345 345 352 350 351 335 320 314 307 333 313 327 347 357 353 345 326 326 309 322 329 331 329 338 344 324 332 334 318 316 311 343 347 312 347 324 324 315 9 354 297 357 12 24 315
341 358 353 351 357 12 22 13 23 18 30 40 38 11 41 4 21 41 32 38 49 54 64 39 360 28 36 33 29 37 32 16 34 29 15 10 351 8 17 24 17 6 4 11 16 27 12 26 342 356 356 349 351 355 352 353 334 328 344 331 318 309 316 336 351 339 336 330 315 305 311 322 330 327 340 335 335 331 329 326 323 327 320 318 320 352 330 313 317 310 9 3 297 360 15 23
353 1 354 353 2 17 20 11 21 10 23 36 40 9 36 8 32 47 43 49 57 19 61 34 325 19 26 30 29 40 44 15 24 19 9 50 350 5 21 36 5 358 6 7 15 23 22 359 346 355 357 347 351 0 1 357 331 332 331 311 305 334 308 325 348 338 350 325 334 324 315 302 315 319 339 328 339 338 327 315 332 341 332 324 322 354 356 331 329 333 322 12 14 297 337 18
349 2 357 355 3 23 19 11 21 11 29 47 30 51 33 336 51 352 54 6 27 27 28 24 325 16 24 33 28 37 42 15 11 22 5 3 25 5 30 37 9 354 356 4 13 12 20 25 353 340 355 342 344 6 7 9 5 327 345 321 338 303 326 338 336 356 356 347 341 335 331 325 318 310 329 340 332 337 330 325 323 336 342 336 324 357 355 9 16 15 17 329 316 307 296 331
357 3 358 353 4 23 24 20 22 28 49 25 60 54 27 24 359 2 358 11 29 52 47 356 312 14 25 43 32 27 40 20 13 30 5 1 356 9 38 30 9 9 349 355 5 10 16 32 36 26 344 342 339 4 4 8 4 359 1 357 353 336 315 308 316 344 358 353 347 342 335 333 329 322 306 320 322 330 333 330 308 332 344 345 323 325 357 10 18 19 339 345 340 310 40 13
356 2 0 346 12 26 27 23 16 17 37 43 53 50 22 47 2 8 4 12 46 19 48 339 312 4 35 56 28 8 36 31 28 23 6 354 1 24 38 9 7 21 2 345 342 3 12 22 34 29 20 337 348 358 355 3 7 1 357 2 4 355 339 324 329 326 350 357 352 346 339 321 336 332 324 319 319 321 328 335 336 314 337 355 342 318 321 331 347 26 328 329 348 317 44 46
359 4 2 354 20 22 26 13 11 6 22 35 51 44 18 49 8 15 16 40 36 68 39 330 313 11 50 75 23 1 29 40 30 13 6 358 7 44 37 3 11 15 14 351 336 350 6 13 32 3 0 27 10 352 349 357 8 6 359 5 346 3 354 343 327 320 336 334 353 332 342 336 340 336 331 325 319 314 330 332 343 343 325 341 7 346 323 314 315 350 340 320 351 357 323 41
3 7 3 4 17 18 27 15 11 7 20 34 48 37 12 7 9 19 33 32 26 76 16 337 339 28 51 55 27 2 35 44 12 13 17 6 31 47 19 10 28 0 360 351 346 340 1 358 33 12 351 351 1 351 351 352 3 359 355 3 7 348 360 354 346 312 334 348 352 348 342 335 340 339 318 330 310 326 325 315 338 353 301 330 359 3 353 330 320 311 330 317 320 347 355 38
5 8 7 15 18 19 3 16 14 21 25 34 10 23 11 9 11 28 47 32 81 64 342 340 326 29 43 47 34 2 23 33 359 13 20 21 39 37 21 60 61 61 330 349 352 341 352 339 35 22 353 13 357 359 359 350 351 6 3 357 360 353 358 347 357 353 343 348 341 348 345 339 322 339 326 319 314 317 319 280 322 331 1 294 326 359 355 355 353 331 314 311 55 305 328 54
5 9 11 17 16 18 29 24 18 25 30 38 27 359 35 21 36 42 34 21 72 33 313 315 347 36 46 47 37 12 8 34 8 359 19 30 34 28 46 48 56 49 8 2 358 349 350 23 28 44 353 3 10 18 4 355 354 345 354 352 353 349 350 352 331 326 334 343 347 337 332 346 307 321 325 321 319 318 299 283 293 322 329 316 312 334 341 330 350 357 331 317 320 289 68 115
358 10 15 18 14 20 29 25 26 23 37 49 34 12 30 37 38 30 76 75 71 30 300 271 6 49 51 49 42 14 10 71 23 339 13 29 23 26 47 57 62 55 15 12 11 350 353 325 17 45 3 349 339 8 359 0 342 352 333 341 344 344 338 345 338 332 335 338 343 343 339 320 314 317 322 322 323 330 302 325 312 281 310 321 319 326 333 55 51 299 321 308 54 48 44 45
359 11 19 19 15 21 15 19 19 23 39 54 51 7 19 34 40 16 66 71 73 69 223 357 19 44 54 54 46 31 49 63 15 122 349 21 14 25 47 88 74 63 44 18 29 355 5 315 28 27 13 353 335 303 328 348 345 324 313 347 341 343 321 334 340 357 340 336 337 341 347 338 328 349 339 311 304 313 324 305 286 331 295 312 314 324 351 6 38 47 48 41 33 27 25 24
2 12 15 14 19 18 21 26 20 24 39 53 50 352 14 33 37 70 74 81 81 95 149 5 33 56 77 75 50 48 58 49 18 110 330 18 9 15 142 121 104 93 94 22 39 2 1 6 28 133 23 357 107 334 0 253 343 342 277 342 342 341 336 307 334 329 333 331 331 331 337 338 332 317 353 351 348 338 328 303 301 298 297 307 326 312 322 20 29 32 30 25 19 14 13 15
12 16 15 13 22 16 20 26 22 28 43 26 48 34 15 38 32 87 87 91 99 119 123 24 62 198 157 79 42 48 130 41 23 92 115 10 13 14 151 135 129 13 129 20 47 353 347 14 45 43 34 6 108 175 350 241 348 341 353 340 339 338 334 327 325 318 321 324 319 320 324 337 345 341 326 312 316 308 353 292 292 286 343 344 286 354 7 355 14 18 17 14 10 9 10 13
18 21 16 16 24 24 27 26 24 31 44 27 45 38 13 359 29 97 97 98 112 137 358 47 229 185 169 50 33 42 49 32 24 6 102 346 26 17 153 141 131 58 135 2 36 340 336 66 204 174 50 12 120 155 239 359 235 340 262 265 329 327 261 331 332 326 315 317 308 306 311 328 300 318 336 329 327 329 314 10 359 355 357 356 360 0 0 359 5 4 6 6 6 9 12 15
24 24 15 17 22 24 29 25 27 30 40 49 47 43 32 31 22 93 101 106 118 135 19 51 192 167 57 43 45 52 35 20 15 7 353 356 33 19 154 66 70 30 136 356 22 346 44 221 204 179 170 151 319 304 305 343 354 334 339 246 336 320 324 315 331 303 326 318 308 302 300 312 295 297 342 329 328 332 328 309 308 319 310 357 360 355 0 4 352 354 357 2 7 13 16 18
17 34 15 13 19 14 30 29 23 42 50 15 59 17 65 22 89 13 99 108 118 358 37 228 172 156 25 36 58 55 12 360 359 359 356 12 36 45 69 143 66 19 134 127 142 32 53 57 188 181 185 164 323 167 199 319 331 318 338 342 339 336 313 305 322 284 301 327 313 305 304 315 300 299 329 321 319 317 311 303 302 310 326 329 324 324 322 316 354 352 353 360 11 18 21 24
18 8 16 15 13 5 33 46 29 69 36 20 77 26 23 19 30 36 100 107 116 1 37 56 166 152 32 41 41 37 14 356 1 14 26 65 159 151 136 129 134 144 133 113 115 52 51 188 179 175 180 10 334 174 196 208 295 303 322 329 337 329 304 294 300 325 325 318 314 298 296 322 295 299 328 325 322 311 351 344 343 340 342 312 329 332 327 7 353 352 316 357 360 13 16 18
360 7 18 21 11 8 32 43 54 64 87 30 27 27 23 19 27 29 109 112 129 0 29 49 172 157 42 27 5 17 24 359 22 42 167 159 147 140 119 112 118 137 142 127 123 139 162 177 173 166 167 8 325 184 200 206 285 219 291 315 326 330 308 243 255 286 311 312 311 299 294 316 287 328 330 343 355 332 310 349 346 344 350 355 348 312 312 328 357 359 316 11 21 354 359 11
24 6 9 28 13 10 34 49 51 53 36 33 34 21 24 17 19 32 116 116 138 2 33 195 182 168 31 6 161 41 171 19 39 57 182 166 153 141 118 107 109 127 137 132 124 121 132 154 163 158 154 155 167 190 200 204 213 223 231 234 321 301 292 258 261 256 254 293 298 299 295 301 322 322 331 343 336 348 357 306 347 341 307 311 310 347 319 324 323 357 13 329 14 20 16 356
9 13 14 12 13 16 36 47 48 44 32 25 32 24 19 16 25 39 116 109 119 44 197 204 192 173 12 360 24 69 60 45 67 198 188 168 155 139 123 116 119 128 133 136 126 110 108 121 140 141 137 143 160 183 198 208 217 224 231 235 284 288 255 259 287 263 272 277 278 292 294 301 300 305 321 335 324 338 354 311 358 351 345 346 322 331 329 331 355 350 313 328 324 17 16 9
18 18 9 15 12 32 42 43 45 43 58 36 35 22 91 9 26 22 123 352 93 95 199 203 193 11 168 23 59 199 54 176 199 208 198 171 148 128 113 110 119 133 142 152 129 105 99 99 109 118 120 127 146 173 199 213 222 230 236 241 247 251 252 254 258 265 271 276 280 284 288 291 295 300 307 326 343 322 340 332 357 355 352 356 308 352 357 2 329 357 11 6 14 14 14 25
11 17 25 18 17 37 41 40 44 47 39 50 31 16 77 78 13 10 3 32 85 65 94 179 26 356 7 208 41 39 50 199 201 203 200 181 151 125 104 98 107 128 151 185 146 99 93 90 91 100 109 116 127 160 205 224 234 241 246 249 252 255 256 258 264 270 276 281 285 266 293 294 295 299 302 310 331 304 320 345 320 315 350 317 355 320 340 354 357 338 339 10 13 13 22 21
5 13 31 16 42 36 22 41 45 35 42 49 29 0 55 351 1 355 4 48 52 61 118 141 153 12 28 27 12 31 49 54 205 202 202 193 157 127 108 100 105 121 161 208 181 100 84 74 70 80 96 110 115 120 255 261 261 261 261 260 260 262 264 267 270 275 280 283 284 288 290 291 295 292 294 301 315 334 306 327 329 351 318 325 329 317 323 344 346 360 335 11 9 9 28 324
