examples/cougarCreek-fire/createInputs/farsite/7a-cougarCreek-polygonIgnit/cougarCreekFire_08-13-2015_0400_217m_non_neutral_stability_vel.asc
ncols	146
nrows	140
xllcorner	610065.000000
yllcorner	5095217.000000
cellsize	216.586807
NODATA_value	-9999.000000
[rows 72 to 107 of 140, columns 0 to 79 of 146]
18.41 22.04 28.04 28.74 26.48 23.98 22.25 25.55 25.94 25.75 24.99 24.85 20.06 22.23 22.88 15.24 19.07 18.68 22.13 23.55 24.18 15.65 12.92 15.37 7.77 15.19 16.29 24.51 21.05 16.19 19.19 27.28 25.48 20.10 13.91 17.44 22.24 22.59 13.67 16.10 15.30 19.22 15.86 18.49 20.07 18.54 25.35 18.56 21.36 21.22 22.24 20.35 19.94 14.87 19.09 20.61 15.16 9.52 8.32 6.21 6.15 6.30 5.96 5.43 4.75 4.17 4.08 4.11 3.90 3.82 2.08 2.13 3.63 4.69 4.67 4.64 2.64 3.38 3.62 4.49
20.51 24.04 29.47 29.76 25.02 23.24 22.18 26.55 26.74 26.07 24.74 25.22 21.17 23.26 21.26 12.76 19.11 18.06 20.98 24.08 22.19 14.88 13.00 16.25 8.97 17.23 22.21 21.86 14.48 17.62 24.37 26.78 24.11 16.93 16.20 18.76 24.59 23.61 14.24 16.17 14.78 20.57 14.93 16.25 19.39 18.83 17.93 22.20 21.45 23.23 21.06 20.84 20.78 16.61 17.02 17.45 16.43 9.69 7.18 6.33 6.55 6.74 6.93 6.65 5.83 5.08 4.62 4.26 3.84 3.69 3.29 3.53 3.65 4.07 4.32 3.74 2.28 2.92 2.72 3.31
24.00 25.17 27.72 27.93 23.10 21.83 26.30 26.06 25.66 24.63 23.53 24.18 24.81 21.28 18.18 11.21 18.82 18.01 15.49 25.37 18.09 11.46 17.12 18.13 15.17 18.85 22.78 15.48 16.00 22.06 27.30 26.14 24.98 14.62 17.83 21.57 26.27 23.36 14.64 16.12 17.38 20.54 17.26 14.87 17.92 19.20 18.12 22.79 21.27 18.34 24.75 23.75 22.08 15.25 17.94 19.65 16.27 10.86 8.64 3.99 6.91 7.21 7.48 7.21 6.63 5.94 5.36 4.99 4.15 1.74 0.62 0.99 1.56 2.56 3.85 3.93 2.65 2.78 2.78 5.47
25.72 25.40 30.97 27.13 27.27 25.86 25.02 24.92 24.40 22.57 19.89 19.38 25.54 19.70 17.06 11.20 20.28 12.00 14.00 24.72 17.08 13.16 18.17 14.67 18.32 22.17 22.94 20.90 23.95 24.18 25.45 26.37 16.65 16.71 20.95 26.69 24.27 22.48 15.55 13.30 17.70 23.61 18.43 13.86 16.24 19.38 18.68 16.36 22.62 17.55 23.75 22.25 20.87 17.11 19.29 17.12 19.72 19.70 14.85 16.54 7.11 7.28 7.98 7.63 6.65 5.77 5.15 5.01 5.52 3.70 1.02 0.62 1.40 2.55 2.91 3.59 3.34 2.40 3.10 3.27
25.84 27.19 26.93 27.50 26.29 24.81 23.77 24.45 23.79 16.13 17.83 21.11 21.17 26.53 17.17 11.13 24.82 17.17 20.27 21.37 18.95 15.31 14.99 18.48 23.61 26.19 22.65 23.34 25.17 22.96 23.88 26.19 16.63 19.40 26.83 23.02 25.91 18.91 16.69 14.21 16.07 22.57 20.96 11.38 14.89 17.87 25.82 20.17 22.80 17.62 20.33 21.45 20.62 17.56 18.10 17.42 20.79 21.89 16.59 14.44 5.40 8.13 8.56 8.20 7.44 6.43 5.56 5.84 4.99 5.02 2.54 1.49 1.58 2.49 1.94 1.53 3.91 2.73 2.46 4.75
26.82 27.37 27.13 27.34 25.60 24.43 23.14 25.17 26.64 17.97 20.84 23.68 22.13 28.05 17.09 11.17 24.39 18.71 20.97 20.84 18.33 15.60 15.32 24.20 33.14 25.52 23.18 24.85 25.11 21.20 22.05 26.68 17.75 23.76 28.77 22.66 25.54 20.19 15.68 14.53 19.64 22.37 19.30 12.17 14.31 16.52 19.93 16.98 22.48 17.03 18.00 20.38 18.34 16.95 18.47 18.48 22.39 19.15 13.65 11.20 16.31 9.13 9.35 8.58 8.31 8.32 6.95 6.37 6.79 5.95 4.89 3.12 2.19 2.61 1.59 4.49 2.72 2.92 4.72 3.28
27.72 27.42 26.56 26.59 25.33 23.04 27.03 26.20 23.44 20.05 22.89 23.62 20.53 28.13 15.96 11.20 22.33 17.43 20.44 18.55 14.53 19.29 19.12 21.68 18.82 27.56 25.88 24.98 24.84 20.91 17.38 26.87 24.35 26.67 30.81 17.52 25.20 19.80 11.57 13.24 24.21 24.61 18.16 13.47 11.55 15.44 14.62 22.79 23.22 18.85 17.93 21.40 18.97 15.72 17.40 19.25 24.48 21.62 18.12 17.62 15.91 8.08 9.52 8.51 8.29 9.04 7.50 8.31 5.75 4.58 3.57 5.17 4.98 4.02 2.38 3.54 4.12 4.41 4.34 4.83
26.58 27.39 26.59 26.03 25.26 27.99 26.56 25.73 27.40 19.94 24.50 20.09 25.63 17.84 13.93 21.93 12.87 15.01 17.28 17.24 19.75 22.35 29.84 21.36 17.46 28.04 25.47 23.15 25.36 22.66 21.26 27.05 28.31 24.70 32.16 23.27 13.29 19.79 10.08 14.21 21.58 25.58 22.53 14.58 13.83 14.44 11.76 12.85 24.54 25.04 19.46 22.95 20.76 13.44 21.06 21.57 17.83 22.74 15.31 18.97 11.55 16.90 10.51 7.43 7.41 7.92 7.24 6.14 5.10 4.10 3.26 2.75 2.53 4.88 3.84 2.63 3.08 3.63 3.94 3.79
27.04 26.09 26.21 27.21 26.19 21.39 20.20 28.69 26.98 23.22 18.83 32.63 18.40 17.97 12.79 20.49 14.48 16.30 17.62 20.19 23.01 25.98 23.83 19.56 15.80 27.89 24.42 19.12 25.12 26.81 22.51 26.62 28.32 22.06 30.20 23.19 18.87 19.19 10.65 16.33 22.86 18.70 25.24 21.92 13.64 11.90 9.68 14.53 17.75 17.92 24.07 21.35 21.98 17.51 21.70 21.72 16.61 12.44 11.09 14.64 12.43 10.46 9.11 18.34 6.27 7.34 7.13 5.67 4.67 4.03 3.37 2.75 2.40 2.16 5.65 5.85 1.92 2.69 2.65 3.30
27.72 24.02 26.15 17.80 27.23 21.22 21.48 22.21 28.17 29.70 17.91 18.07 20.49 18.34 13.47 16.11 16.35 17.54 20.30 23.49 27.22 31.62 22.58 17.80 14.79 29.80 21.04 15.49 26.45 31.31 22.33 23.29 23.44 25.76 29.22 27.91 22.42 11.63 12.95 22.79 22.15 14.38 22.10 24.67 23.86 14.36 8.54 13.37 18.09 18.38 15.82 22.23 19.90 18.12 22.87 21.87 17.34 12.80 12.80 14.30 13.23 11.53 9.55 6.94 10.95 6.85 7.49 6.11 4.68 3.92 3.54 6.19 2.53 1.96 1.60 1.50 1.54 2.12 2.52 2.66
27.46 23.92 26.20 26.87 28.82 22.10 22.88 19.92 27.53 28.11 17.51 18.83 21.42 18.01 14.50 17.17 17.58 19.57 22.54 29.96 31.11 23.91 20.65 16.02 13.50 29.00 15.04 17.53 28.93 29.97 23.62 18.41 24.27 28.20 29.03 23.58 21.80 9.90 14.71 24.50 18.77 16.38 16.30 22.43 22.55 19.19 8.69 13.18 18.60 23.83 20.23 13.04 13.60 20.43 22.98 19.79 18.54 15.86 13.21 14.23 20.48 12.92 10.53 7.55 5.92 6.50 7.41 13.62 5.22 7.89 3.58 3.09 5.17 2.18 1.70 1.32 8.34 1.66 5.00 2.08
24.37 23.22 26.65 26.83 24.41 23.76 21.46 19.69 28.33 28.11 17.26 20.10 21.79 17.66 25.29 17.54 19.84 22.02 23.37 34.10 33.92 22.94 18.84 15.00 29.33 24.16 16.09 18.17 28.19 25.15 22.10 19.52 29.37 27.12 22.88 24.99 12.09 10.86 20.22 21.42 15.40 23.83 22.90 22.46 22.44 21.37 12.70 13.50 18.39 20.43 25.04 22.14 17.16 22.03 20.51 16.87 17.68 18.21 16.10 14.73 15.49 18.57 12.16 9.50 6.88 14.60 6.60 8.80 5.80 4.57 3.77 3.12 6.94 4.68 6.21 1.28 6.79 6.66 6.13 1.52
26.92 22.89 27.26 26.98 23.07 24.28 19.11 19.54 29.49 22.63 18.35 22.10 31.81 18.79 18.39 20.42 22.13 22.97 27.51 32.55 24.53 21.78 17.31 14.79 13.84 24.54 20.97 21.86 25.27 25.02 27.39 22.29 29.87 25.71 22.58 20.42 12.60 13.77 19.54 13.99 17.94 18.09 24.45 22.83 19.78 22.83 16.44 13.66 17.77 17.59 25.40 16.65 20.26 20.82 18.64 16.96 16.91 18.24 17.54 16.27 16.53 17.80 14.25 15.98 9.23 5.87 8.82 9.12 9.81 5.16 4.13 3.22 9.49 7.73 8.39 7.74 7.06 8.31 7.42 1.68
27.71 24.34 26.31 23.57 24.22 24.52 22.60 23.69 28.84 17.80 20.22 23.61 22.48 31.56 24.25 21.62 29.64 30.51 33.37 35.18 23.77 20.03 15.88 13.91 22.48 22.60 20.81 21.64 25.33 23.89 28.94 22.12 27.64 28.09 21.77 15.82 15.39 15.68 9.46 15.61 20.03 17.37 11.26 13.41 17.10 20.65 13.92 8.20 16.68 19.16 25.28 19.63 19.92 19.36 18.95 18.80 17.80 18.71 19.09 18.52 17.83 18.50 15.34 15.55 23.66 19.67 12.52 10.92 9.67 11.12 9.87 3.54 9.68 8.64 10.47 7.60 7.02 7.69 6.96 6.85
28.08 25.72 23.84 22.38 27.72 25.58 22.94 25.04 24.51 18.70 21.73 24.06 21.57 32.70 30.32 28.48 28.80 33.64 23.09 23.74 22.37 18.06 14.56 12.73 27.71 17.23 20.24 21.18 23.61 27.36 27.56 12.05 24.13 23.56 23.66 16.56 19.99 18.44 13.22 17.54 20.05 14.84 8.78 9.92 15.42 20.67 18.56 13.58 16.11 19.15 22.77 25.44 27.46 18.95 19.24 20.14 19.87 18.40 20.48 20.60 18.88 16.64 16.27 16.42 20.01 22.56 14.70 13.36 12.67 11.89 6.09 15.28 12.99 9.69 9.31 9.14 8.05 7.37 5.83 0.86
29.11 24.19 21.96 24.01 28.23 24.15 19.09 19.09 19.15 19.94 22.78 24.26 21.17 35.50 32.30 30.19 29.39 33.93 23.05 23.32 20.54 15.99 12.95 21.48 24.91 21.04 19.69 20.22 22.60 25.02 17.84 14.98 26.61 14.26 27.41 19.87 23.07 19.20 14.84 17.67 18.62 13.96 9.24 9.55 9.71 20.72 16.44 14.08 11.85 15.45 20.09 25.52 21.86 18.60 19.41 21.10 20.84 20.07 21.51 21.82 22.00 19.43 17.87 17.12 20.56 10.60 15.66 14.88 14.37 12.59 11.36 10.20 9.82 2.29 2.33 8.10 7.78 9.28 8.74 6.33
28.94 22.98 23.22 28.36 27.74 29.04 25.17 24.57 19.79 20.81 23.34 24.49 21.51 30.69 35.58 29.84 30.75 22.41 22.26 21.93 17.96 14.15 11.55 28.86 23.49 18.36 13.63 15.00 21.58 20.32 17.43 19.61 27.60 14.44 24.18 20.76 23.77 22.13 14.46 16.54 17.25 14.73 11.36 10.38 9.33 17.49 17.02 14.62 11.57 18.64 17.53 24.16 19.92 25.01 16.33 21.75 21.72 20.85 22.35 23.05 22.09 20.97 21.36 18.22 21.65 24.06 18.97 17.47 17.06 15.41 12.88 11.04 11.40 13.86 2.56 2.01 1.77 2.01 1.94 7.43
23.26 22.29 28.90 30.27 26.29 28.39 26.86 25.38 19.84 20.84 23.16 31.63 21.76 19.62 35.04 28.22 32.54 21.62 21.06 19.88 15.95 13.02 11.02 25.63 16.72 14.61 16.61 16.05 23.38 21.14 17.39 22.43 26.24 14.71 12.84 24.40 22.43 21.60 14.38 15.16 15.51 19.94 13.43 13.73 9.67 20.01 20.31 12.34 9.89 12.53 15.79 21.96 19.96 18.29 17.72 21.40 20.82 21.50 21.02 23.58 25.23 21.80 21.86 23.39 24.15 22.92 23.80 20.35 21.42 19.41 14.14 12.20 9.55 9.40 9.39 12.60 10.57 8.21 1.84 7.39
22.05 21.41 29.02 30.34 25.77 26.66 25.84 25.59 20.00 20.92 23.41 32.31 22.03 19.20 35.61 22.35 33.77 21.15 19.92 18.23 14.88 12.12 30.72 19.16 14.36 16.33 18.39 23.17 24.64 23.65 23.31 26.09 27.51 24.37 12.45 23.81 17.99 19.71 13.68 14.11 14.28 12.09 13.94 16.19 11.65 19.78 21.86 7.00 17.47 18.37 14.26 20.65 20.33 18.68 19.31 17.92 21.52 21.89 23.03 23.97 26.77 28.46 20.96 23.45 22.44 22.73 26.43 24.43 25.03 22.95 21.01 12.55 5.28 6.29 5.39 11.12 10.32 9.28 10.61 0.61
19.92 20.09 27.77 29.38 26.17 26.20 25.61 27.71 20.23 21.56 24.41 24.88 20.90 18.87 20.54 31.26 33.82 20.40 18.94 17.18 14.04 11.79 26.47 18.93 15.15 17.75 22.75 25.36 24.28 21.86 26.56 29.42 26.86 26.70 21.15 24.52 16.35 19.02 12.69 9.03 11.21 16.51 13.41 19.69 14.55 20.42 9.66 16.34 17.34 18.10 20.46 21.79 28.33 25.74 22.73 19.38 19.29 22.27 23.01 24.42 26.38 25.51 27.54 24.58 24.05 16.68 24.19 20.08 20.55 18.96 15.69 17.88 5.93 7.94 12.86 11.12 10.87 9.37 8.86 11.28
24.14 19.18 27.18 30.41 30.54 31.19 25.65 26.21 29.37 21.01 23.68 35.71 19.33 32.40 19.74 34.92 20.95 33.73 18.29 16.64 13.84 24.46 23.81 15.47 16.26 18.38 29.00 27.24 22.07 23.21 30.94 29.58 29.42 28.40 23.51 21.32 16.27 12.19 8.27 13.89 12.92 18.68 13.20 13.32 13.03 11.88 9.61 9.92 17.10 18.51 20.73 21.30 27.65 19.93 20.17 26.59 21.70 23.35 23.16 23.38 25.72 27.73 26.26 25.57 27.03 18.31 17.48 25.25 20.70 19.11 15.84 18.31 6.59 9.13 13.46 12.20 15.05 13.53 13.77 11.06
23.89 17.38 18.82 18.92 28.73 31.58 24.01 18.34 27.51 19.92 31.43 33.37 18.72 31.74 31.08 33.28 31.26 25.81 17.88 16.45 14.70 24.76 21.95 20.96 16.42 18.15 28.00 26.81 27.24 25.77 27.16 24.33 27.63 24.85 19.76 10.23 10.68 10.45 12.03 14.71 14.59 13.17 13.83 14.18 12.42 9.64 10.19 15.79 17.07 18.76 20.70 20.51 25.79 20.80 20.42 20.48 25.19 29.94 24.87 24.73 25.95 27.06 28.95 28.60 26.66 24.81 24.13 20.69 25.82 19.59 16.64 19.83 8.44 10.35 13.80 14.62 13.48 11.44 4.63 4.81
16.24 18.15 19.36 18.24 31.93 31.25 23.62 17.90 18.70 19.86 21.22 31.90 31.38 30.00 31.00 32.25 29.58 29.03 17.55 16.39 15.13 22.13 25.25 22.84 16.23 18.62 26.71 28.71 29.04 29.30 26.62 25.63 24.28 17.49 11.68 11.32 11.00 10.42 12.84 16.51 15.57 13.57 14.09 13.77 12.04 12.59 14.39 15.46 16.93 18.56 20.02 20.86 25.84 21.70 21.19 20.90 28.47 22.27 28.64 27.46 26.67 29.88 33.93 22.57 20.77 28.25 29.28 25.61 27.42 20.87 18.99 21.40 10.53 15.43 15.28 11.04 4.82 13.45 15.18 5.49
20.39 18.24 30.10 16.94 30.30 29.10 16.51 19.83 19.00 20.34 28.96 29.84 28.89 30.68 30.03 31.13 32.53 28.49 18.08 16.10 13.96 29.58 23.82 15.35 17.58 20.05 28.66 27.30 15.08 22.96 14.41 24.38 18.88 13.90 11.98 11.79 11.77 11.81 14.82 17.78 15.70 13.37 13.08 12.23 11.96 13.13 14.43 15.22 16.52 18.34 19.67 20.17 20.93 21.84 21.76 21.61 22.23 22.81 23.49 24.99 30.82 30.83 33.13 24.27 22.09 19.23 17.23 24.97 24.11 22.48 20.45 20.09 17.63 17.48 16.74 14.88 6.65 6.99 6.58 14.53
17.02 17.39 30.08 28.56 29.12 28.18 16.40 20.77 21.38 25.21 26.98 32.09 29.58 29.62 30.99 29.55 31.50 27.17 18.61 15.55 13.37 22.00 15.60 17.24 20.20 20.80 31.46 27.40 26.95 16.89 17.57 19.16 14.59 13.14 12.75 12.94 12.83 12.85 15.33 17.16 14.92 12.96 12.12 11.17 11.82 13.61 14.68 15.11 16.33 18.35 19.83 20.50 21.11 21.62 21.97 22.50 22.95 23.22 23.59 24.60 34.14 31.54 26.58 25.23 30.11 20.49 17.52 15.88 15.08 23.78 22.56 21.58 18.75 21.42 20.71 14.99 7.33 7.63 7.53 15.50
18.16 17.21 29.84 28.64 27.77 23.88 22.38 17.69 23.18 27.27 19.31 28.22 28.33 31.94 18.84 32.86 28.65 29.86 17.85 28.63 14.41 16.20 17.75 19.65 21.17 31.13 17.09 28.05 18.56 16.88 18.76 14.93 14.71 14.47 14.20 13.98 13.46 13.26 14.82 16.19 14.79 13.22 12.03 11.07 11.95 13.78 14.72 15.20 16.47 18.40 20.06 21.02 21.39 21.56 22.38 23.42 23.66 23.49 23.75 24.67 26.15 27.33 27.08 25.88 24.44 22.19 18.99 16.61 15.37 14.20 13.44 13.14 12.14 20.34 15.82 18.11 14.99 7.92 8.72 17.16
18.81 17.16 15.60 27.05 28.74 16.00 22.01 18.10 18.54 19.70 27.01 22.53 28.95 31.34 19.68 19.38 33.71 28.63 27.99 25.20 16.30 18.48 20.18 20.78 27.92 31.19 28.69 18.15 22.86 23.06 19.34 15.28 15.20 15.10 14.67 14.00 13.53 13.27 13.85 15.22 15.40 14.40 12.68 11.48 12.17 13.49 14.39 15.23 16.60 18.69 20.80 21.75 21.55 21.88 23.30 24.39 24.33 23.79 23.95 24.77 25.55 26.58 27.18 26.59 25.38 23.32 20.33 17.91 16.42 25.36 14.53 13.63 11.93 22.02 19.87 22.18 16.55 8.45 9.52 15.82
16.97 26.42 15.03 26.67 21.09 17.37 28.26 17.83 18.65 29.73 28.10 20.72 29.28 34.22 20.84 32.19 32.99 33.13 28.96 17.69 18.68 19.87 20.41 19.06 17.62 29.58 24.74 24.87 28.01 25.34 19.83 20.21 15.45 15.40 14.92 14.06 13.35 12.21 11.16 13.98 17.70 16.66 13.19 11.45 11.81 12.96 14.09 14.92 16.56 19.87 22.35 22.08 21.38 22.77 24.80 25.35 24.76 24.13 24.23 24.69 24.79 25.44 26.78 27.25 26.38 24.20 21.43 19.35 17.87 16.50 15.18 13.35 22.00 20.25 19.15 18.30 19.51 16.53 10.22 10.40
14.80 25.35 14.44 28.31 14.72 21.05 28.94 20.57 32.41 18.45 19.18 22.39 30.28 22.19 31.16 19.38 28.87 29.67 28.79 18.76 19.04 19.45 18.08 31.57 24.50 23.68 23.80 28.49 29.87 24.59 16.11 16.47 16.59 16.31 15.56 14.34 13.05 11.45 10.36 15.47 21.92 18.49 12.80 11.09 11.55 12.98 14.01 14.36 16.75 21.59 23.55 21.75 21.43 24.39 26.55 26.09 25.02 24.43 24.47 24.63 24.36 24.57 25.92 35.03 27.15 24.97 22.27 20.70 19.46 17.56 15.39 13.28 11.57 10.52 9.17 18.43 18.49 18.53 10.41 10.37
16.15 15.64 14.10 25.79 15.67 26.34 26.64 18.11 18.19 32.37 18.49 29.68 29.19 31.74 33.92 33.13 28.16 29.06 28.17 31.41 17.68 17.07 16.04 16.69 19.06 19.82 25.98 29.74 29.55 21.63 17.61 17.79 17.43 16.62 15.69 14.44 13.69 14.04 16.63 22.83 23.90 16.34 11.12 10.45 11.56 13.20 13.69 14.09 17.43 22.43 24.00 22.30 22.74 26.33 27.97 26.50 25.04 24.58 24.70 24.79 24.48 24.35 25.04 26.35 27.27 25.84 23.19 22.08 21.00 18.22 15.26 13.29 22.60 22.17 21.49 19.81 19.34 19.85 20.82 15.49
15.50 14.62 14.14 14.66 16.57 23.87 17.99 26.67 29.28 28.43 17.69 31.59 31.16 32.55 31.12 24.80 19.40 32.16 29.93 28.85 16.79 22.47 13.93 18.99 20.71 19.92 25.47 29.55 24.98 18.81 19.17 18.44 17.30 16.43 15.71 15.08 15.58 17.72 21.20 23.47 18.90 10.83 8.31 9.21 11.24 12.87 13.20 14.30 17.81 22.23 24.61 24.20 24.83 27.79 28.62 26.63 24.89 24.63 25.14 25.42 25.12 24.51 24.43 25.29 26.60 26.05 34.18 33.15 31.78 30.33 27.16 25.65 24.74 23.61 21.04 20.04 19.94 19.16 20.01 18.17
14.81 14.73 15.26 15.45 25.35 17.65 33.04 29.77 25.80 16.65 18.52 22.01 20.30 31.86 29.39 24.34 20.23 31.50 19.12 26.69 22.96 16.46 9.49 16.73 24.92 23.57 26.10 28.92 22.28 19.47 25.00 24.36 17.04 16.60 16.15 15.86 16.21 17.25 18.14 17.33 13.61 9.30 7.70 8.92 11.17 12.64 13.30 14.85 18.10 22.23 25.07 25.56 26.55 28.89 29.17 27.01 24.98 24.72 25.87 26.65 25.97 24.71 30.83 24.83 25.76 33.61 33.99 33.43 32.43 30.71 28.26 26.72 25.20 25.12 23.35 21.07 20.22 21.92 18.48 16.47
13.82 13.88 14.13 14.33 16.01 25.08 17.84 29.76 27.08 17.73 19.51 21.29 26.77 32.48 21.32 29.41 30.82 32.29 19.14 29.73 16.61 9.98 12.50 21.49 28.79 22.83 26.32 30.86 24.39 24.52 30.92 25.66 17.20 16.89 16.47 15.84 15.05 14.77 14.70 14.03 12.61 10.57 9.25 10.00 11.78 13.17 14.20 15.78 18.83 22.44 24.53 25.60 28.07 30.72 30.75 27.97 25.07 24.97 26.96 28.12 26.92 25.07 24.54 25.10 25.37 33.18 32.88 32.95 22.90 20.74 29.05 27.27 26.67 25.50 24.48 23.11 20.89 20.58 20.44 21.06
12.16 12.34 13.52 14.68 14.75 15.98 32.77 16.40 16.81 18.16 20.62 22.33 21.86 28.77 22.97 22.89 31.17 32.31 18.58 30.06 22.48 19.06 20.73 29.51 30.73 20.21 22.74 20.60 25.39 24.70 18.59 18.21 17.71 17.00 16.29 15.03 13.83 14.05 14.64 14.41 13.66 12.07 10.81 11.43 12.93 14.26 15.33 16.81 19.58 22.37 23.59 25.02 28.69 33.01 33.81 29.16 24.91 25.84 28.33 29.46 28.23 25.81 25.07 25.35 32.33 32.72 33.19 23.25 22.03 20.31 18.24 27.90 27.32 26.64 25.10 23.98 23.15 21.85 20.97 20.92
11.53 12.37 14.56 16.01 16.07 17.66 19.68 18.07 29.85 18.49 21.61 22.04 33.52 22.15 22.89 20.91 32.29 32.43 18.66 31.54 23.22 18.86 22.17 21.13 20.59 22.06 21.76 20.14 26.78 19.34 19.11 18.94 18.08 16.87 15.69 14.20 13.69 14.98 16.00 15.36 13.95 12.35 11.68 12.57 13.97 15.28 16.30 17.88 20.54 22.64 23.31 24.15 27.66 34.72 37.54 30.68 25.39 27.13 29.68 30.85 29.53 26.27 24.76 24.83 24.99 24.96 24.02 22.86 21.66 19.99 18.09 16.52 15.74 26.36 25.81 25.12 23.38 23.17 21.31 19.35
11.89 13.53 15.50 17.10 17.99 19.60 20.60 19.41 18.61 18.41 22.42 33.30 30.92 20.94 36.54 30.44 19.55 19.05 18.88 16.95 17.43 15.17 21.42 29.48 21.07 21.23 30.29 32.15 19.27 19.84 19.60 19.04 17.52 16.10 15.19 14.53 12.38 9.74 11.26 15.34 13.17 12.18 12.49 13.46 14.65 16.15 17.34 18.93 21.40 23.08 23.30 23.16 27.13 36.89 40.25 31.95 26.05 28.27 31.25 32.10 29.93 25.74 23.64 24.37 25.85 25.94 33.97 32.87 32.57 31.35 30.31 28.75 27.54 26.64 26.09 24.79 23.85 23.62 22.06 21.86
