examples/cougarCreek-fire/createInputs/farsite/7a-cougarCreek-polygonIgnit/cougarCreekFire_08-12-2015_1700_217m_non_neutral_stability_vel.asc
ncols	146
nrows	140
xllcorner	610065.000000
yllcorner	5095217.000000
cellsize	216.586807
NODATA_value	-9999.000000
[rows 70 to 104 of 140, columns 0 to 79 of 146]
7.13 7.30 7.57 8.96 10.98 15.78 15.95 15.20 15.19 16.00 17.68 17.97 17.81 13.03 12.84 9.99 9.90 9.79 16.13 9.61 9.65 15.98 12.15 15.06 10.29 9.80 9.86 11.34 15.83 15.58 13.36 17.48 17.30 16.49 16.05 12.98 14.76 15.58 14.73 12.27 12.03 13.84 16.81 21.45 22.46 21.63 24.57 24.23 20.60 20.67 18.46 18.16 18.08 21.76 18.49 18.44 15.59 12.87 15.58 21.78 22.32 21.55 19.85 18.89 18.37 25.45 24.19 21.08 16.67 18.12 18.13 22.02 22.48 21.40 21.56 21.51 21.67 15.99 22.25 21.91
7.47 7.75 8.09 8.27 11.12 15.80 15.49 12.63 14.90 16.40 16.82 17.69 10.82 17.99 10.44 10.39 10.17 10.05 16.09 9.99 16.14 15.67 10.20 11.46 10.02 10.41 10.48 15.90 17.29 14.37 13.86 17.00 11.54 11.51 15.34 14.59 14.86 15.74 14.34 11.69 13.72 15.69 16.00 20.76 22.61 21.70 20.83 24.91 20.73 20.76 20.42 18.04 19.48 21.59 22.73 18.94 17.56 13.85 12.66 17.29 22.93 22.76 21.20 19.90 18.91 18.36 17.53 23.92 21.30 17.00 18.07 20.91 22.53 22.66 22.34 20.81 20.10 20.65 20.97 21.23
8.01 8.34 8.59 8.58 11.83 16.05 15.40 12.55 15.27 16.27 16.37 17.01 16.33 12.70 12.52 10.69 10.36 10.26 13.14 10.22 10.29 10.33 10.45 11.52 10.16 9.75 11.38 16.07 15.94 13.51 14.93 17.34 17.22 16.30 12.90 13.89 16.14 13.92 14.34 12.14 14.51 16.70 15.56 14.61 25.87 21.72 20.30 24.87 20.88 18.91 20.64 17.96 22.81 20.37 18.53 18.70 18.47 16.02 12.74 13.52 19.39 23.01 23.83 22.94 22.93 19.09 26.11 17.19 16.58 20.00 17.36 21.30 23.45 23.88 23.30 21.37 18.04 18.98 17.64 19.11
8.39 8.65 8.75 8.72 12.58 15.41 15.33 13.18 16.42 16.75 16.33 16.68 16.04 10.92 13.58 10.57 10.37 10.26 10.28 10.33 10.37 10.43 10.58 13.96 10.37 10.00 14.95 15.44 12.31 11.91 17.20 17.33 16.89 13.86 11.16 14.04 14.10 17.50 14.14 11.83 14.45 16.63 15.16 13.44 21.42 21.94 25.13 19.55 19.54 19.01 20.91 17.96 22.69 17.98 22.28 18.66 18.62 17.52 14.35 12.80 16.04 21.03 21.15 24.03 23.92 23.45 20.77 24.01 24.33 24.03 24.22 24.13 23.82 23.76 22.99 20.61 17.72 17.89 16.99 16.72
8.38 8.54 8.57 8.63 12.78 15.06 15.09 15.51 16.58 16.63 16.23 16.19 10.13 16.89 10.00 10.01 9.96 9.94 10.11 10.19 10.17 10.31 10.47 11.30 10.60 10.64 15.63 12.41 11.36 16.09 17.54 17.14 16.26 10.98 11.27 15.25 13.94 16.97 13.92 10.72 13.17 16.76 16.07 14.20 17.45 21.05 21.29 19.72 18.79 18.58 18.74 23.37 22.77 17.61 18.53 23.71 18.50 17.97 15.67 13.63 14.29 18.11 21.50 22.65 24.66 23.61 22.73 21.98 20.81 18.50 18.34 20.42 19.93 17.22 20.56 19.13 17.77 17.54 17.01 15.97
8.34 8.48 8.60 11.99 13.45 13.56 13.34 15.56 16.47 16.02 13.27 14.92 16.30 16.90 9.77 9.83 9.83 9.97 10.13 16.53 10.13 10.32 10.38 10.48 10.47 12.00 15.01 11.92 15.72 15.62 18.23 16.95 14.27 10.46 13.25 15.86 13.72 15.42 14.15 11.81 13.12 17.15 16.76 14.89 15.73 19.55 18.84 25.17 17.79 17.91 18.40 17.73 21.62 17.49 18.12 19.68 22.71 17.98 16.60 14.91 14.03 16.01 19.83 19.96 24.20 21.28 22.59 20.01 19.51 19.39 16.75 17.53 19.49 18.48 16.69 18.49 18.14 16.84 17.18 16.96
8.40 8.54 8.65 12.90 13.58 13.58 12.91 13.68 16.16 12.59 9.99 10.20 10.13 17.22 9.96 9.85 9.83 9.97 14.51 9.98 10.11 10.23 10.35 10.69 12.13 15.02 14.12 14.84 15.93 15.99 17.47 16.58 13.72 12.49 16.80 13.87 13.56 14.46 12.42 12.34 13.50 16.73 16.66 14.80 14.48 16.09 24.01 18.11 17.51 17.56 18.00 17.55 17.19 17.36 17.83 18.21 22.72 17.69 17.08 15.82 14.43 15.31 18.07 19.78 20.34 22.99 22.01 21.75 19.78 20.10 17.46 16.54 17.16 18.69 16.76 16.29 18.43 16.86 16.09 18.49
8.46 8.59 8.66 13.39 13.49 12.48 12.26 14.02 13.64 11.74 10.52 11.79 10.67 10.42 10.15 9.91 9.85 9.92 9.94 9.95 10.04 10.18 10.49 12.57 14.63 14.59 14.40 15.30 16.03 14.93 15.49 17.60 13.14 14.72 15.86 13.70 11.22 14.24 11.98 12.56 13.21 14.53 14.70 14.21 13.63 14.62 18.30 17.77 17.18 17.12 17.59 17.30 16.98 17.14 17.60 17.96 22.55 17.49 17.37 16.47 19.29 15.47 16.98 18.38 18.65 21.95 20.85 21.31 22.57 19.80 19.02 17.24 16.78 18.12 16.06 16.14 15.93 17.56 14.72 17.23
8.50 8.61 8.69 13.78 13.18 9.22 12.82 15.89 13.42 12.60 13.08 17.16 10.46 10.31 10.13 9.93 9.86 9.92 9.94 9.92 10.01 10.30 10.71 14.58 17.20 15.25 15.12 15.44 15.74 14.31 14.53 18.14 16.10 16.79 13.72 10.97 10.98 12.68 11.80 10.51 14.35 14.55 14.12 14.10 13.34 14.06 15.75 19.91 16.71 16.96 17.03 16.98 16.60 16.77 17.38 17.80 22.52 21.39 21.61 17.14 15.77 15.64 16.36 17.21 18.67 21.75 21.97 21.84 22.38 16.91 15.94 15.92 19.28 18.66 15.76 15.75 15.29 14.48 21.51 18.16
8.57 8.67 8.75 13.56 13.54 9.18 13.07 14.16 13.56 13.29 13.59 16.47 16.64 10.07 10.01 9.87 9.90 10.00 9.98 9.99 10.20 10.49 15.79 10.78 10.66 15.30 14.96 14.67 15.65 14.75 14.39 18.18 17.30 16.17 13.65 10.70 10.72 12.54 10.19 11.50 14.08 14.45 14.40 13.89 13.52 14.31 14.59 15.37 20.97 16.09 16.66 16.55 16.07 16.16 17.06 15.14 17.03 21.46 19.09 17.41 16.66 16.05 16.06 16.15 17.41 17.37 23.43 22.69 22.73 17.03 16.21 16.05 15.95 18.68 15.92 14.25 15.26 15.60 22.03 20.35
8.62 8.71 8.80 14.10 13.47 9.15 9.32 13.69 13.71 13.62 14.18 16.01 13.28 10.09 10.00 9.95 10.09 10.13 10.10 10.28 10.54 10.68 14.62 10.65 17.23 15.68 14.70 10.66 15.66 13.95 15.54 17.67 17.07 14.19 13.66 10.47 10.54 12.39 9.73 14.40 13.42 13.42 14.60 14.21 14.15 14.25 13.62 12.80 13.98 15.59 15.47 15.84 15.31 15.48 16.67 17.29 16.52 22.29 15.01 17.18 16.92 16.58 16.33 20.93 16.05 17.95 22.99 23.08 22.10 21.04 20.08 19.94 16.17 15.60 18.79 16.99 14.60 15.32 16.75 19.41
8.67 8.76 8.83 13.71 9.06 9.24 9.41 13.02 14.23 14.58 14.66 13.26 13.45 10.08 10.02 10.09 10.18 10.20 10.37 10.61 10.68 16.87 10.75 10.65 15.35 14.25 10.53 10.74 14.09 17.99 13.51 15.35 14.91 15.69 13.52 13.62 13.13 13.15 11.46 11.27 11.24 11.76 13.72 14.96 15.06 13.85 12.78 13.78 12.92 15.30 14.86 14.94 14.36 15.03 16.16 17.22 22.39 15.59 13.66 16.43 16.79 16.68 16.57 15.97 15.85 16.61 16.71 22.63 21.98 20.65 22.53 20.38 19.88 15.84 15.37 14.69 14.14 14.82 15.90 18.29
8.70 8.79 8.84 14.25 9.09 9.25 9.40 12.92 14.73 16.24 14.75 9.98 13.63 10.02 10.03 10.11 10.17 10.31 10.51 10.60 15.49 17.89 10.68 10.63 14.97 16.04 10.60 10.86 17.26 17.74 13.68 14.50 15.02 16.75 13.44 13.56 12.78 10.05 11.89 10.90 11.06 11.56 12.97 14.67 15.30 14.28 12.43 13.14 10.56 16.12 14.50 14.09 13.79 14.97 16.55 15.57 15.24 21.38 14.41 14.21 19.95 16.65 16.57 16.25 15.42 15.48 17.06 20.41 21.46 19.93 19.86 19.09 15.99 20.48 15.59 19.94 16.51 14.40 14.76 17.01
8.75 8.82 8.86 8.95 9.09 9.21 9.34 12.82 14.48 16.31 13.60 10.02 16.01 10.00 15.11 10.07 10.26 10.43 10.44 15.49 16.64 14.63 10.69 10.65 15.38 10.72 10.90 11.00 17.12 14.95 15.19 14.76 14.15 13.59 13.33 13.34 13.16 10.44 12.73 10.60 10.98 13.26 11.86 14.11 12.36 12.55 12.20 9.18 12.22 14.59 15.83 13.44 13.84 14.42 19.37 14.89 14.92 15.70 15.39 13.46 14.99 19.36 22.50 16.59 15.87 15.15 15.98 16.51 20.86 20.23 20.93 20.79 15.25 15.43 19.15 19.32 18.15 16.69 17.02 17.56
8.83 8.89 8.92 9.01 9.13 9.24 9.36 12.92 14.76 14.46 9.84 10.08 17.10 10.06 10.12 10.25 11.46 10.46 10.47 16.19 15.00 10.61 10.67 10.69 10.69 13.69 10.94 13.02 14.26 15.12 17.10 17.15 10.41 10.15 16.02 10.12 12.18 10.31 12.33 10.34 11.05 11.54 11.56 11.74 12.07 12.30 11.99 12.32 11.65 13.57 14.82 13.07 12.79 16.00 15.69 13.85 14.13 14.84 14.75 14.94 14.42 16.14 15.91 17.56 22.85 21.60 15.47 15.26 17.84 20.07 21.59 20.08 18.82 15.06 17.46 19.27 19.93 18.33 17.17 13.83
8.90 8.96 9.00 9.08 9.19 9.29 9.38 13.32 14.38 12.85 9.90 12.45 15.56 14.91 10.30 10.40 10.39 13.92 15.90 17.23 14.71 10.60 10.59 10.56 10.54 13.55 13.36 13.81 14.08 11.00 17.73 16.35 10.18 10.09 15.38 13.20 12.91 12.13 9.86 10.32 11.19 11.43 11.08 11.32 11.80 12.03 11.90 11.96 12.63 13.03 12.74 12.86 13.50 13.44 13.40 13.69 13.77 14.12 14.50 14.63 15.02 15.58 15.37 15.66 19.98 19.69 17.81 15.66 15.29 18.12 19.44 20.49 19.74 18.74 18.04 18.65 18.55 18.58 14.33 13.70
8.98 9.01 9.04 9.13 9.22 9.30 9.37 9.42 13.60 9.65 9.85 16.51 10.00 15.03 10.25 10.30 14.32 14.97 17.10 15.14 10.49 10.56 10.52 17.25 10.53 13.32 10.69 13.97 13.75 17.64 17.55 11.98 16.90 10.10 15.67 12.60 14.61 14.11 9.97 10.46 13.81 10.97 10.63 10.98 11.55 11.75 11.72 11.76 12.16 12.50 12.45 12.64 12.80 12.80 13.05 13.47 13.59 13.61 14.04 14.40 14.59 14.67 14.94 15.58 18.91 18.78 17.46 15.50 15.23 15.43 15.44 20.41 20.85 19.53 18.36 14.74 17.43 14.33 14.38 13.82
9.05 9.07 9.13 9.22 9.28 9.36 9.46 9.53 9.60 9.71 9.85 15.16 9.99 15.37 14.51 14.10 14.17 15.39 16.99 14.81 10.45 10.41 10.46 10.51 15.37 13.82 10.48 13.95 10.57 16.88 11.00 12.75 10.61 10.25 10.17 10.08 9.95 9.93 13.00 13.74 10.45 10.44 10.34 10.68 11.31 11.50 11.55 11.69 11.80 12.00 12.11 12.34 12.28 12.27 12.66 13.17 13.35 13.27 13.69 14.10 14.25 14.37 14.64 15.08 16.55 17.87 16.71 15.71 15.44 15.36 15.65 17.91 19.60 19.25 19.76 18.65 18.88 18.18 17.24 19.54
9.08 9.13 9.21 9.30 9.33 9.40 13.70 9.56 9.68 9.79 9.88 15.12 9.91 15.07 14.66 13.76 14.15 17.37 16.90 10.34 10.31 10.27 10.30 10.29 14.44 10.26 10.36 10.52 10.69 10.89 13.76 15.33 17.52 10.31 10.09 15.18 9.89 9.87 14.04 9.93 9.92 10.02 10.16 10.46 11.06 11.33 11.43 11.46 11.43 11.60 11.74 11.98 18.38 11.90 12.30 12.79 13.00 13.01 13.40 13.75 13.93 14.15 14.40 14.67 17.75 18.02 16.06 16.98 16.89 16.64 15.16 16.57 18.49 19.99 14.82 14.37 14.20 14.03 13.72 18.49
9.11 9.13 9.14 9.18 9.24 9.29 13.69 9.44 9.58 9.69 9.76 16.30 9.86 9.88 14.60 13.35 14.25 15.14 15.22 10.14 10.11 10.15 10.15 15.19 10.12 10.26 10.52 10.75 10.88 11.01 11.19 14.74 17.25 10.28 10.13 10.04 9.93 9.82 14.05 9.75 9.66 9.83 10.06 10.31 10.81 11.13 11.18 11.14 11.17 11.31 11.39 11.60 18.04 17.67 11.99 12.40 12.62 12.77 13.09 13.45 13.67 13.87 14.16 17.51 16.46 18.85 18.32 17.39 17.98 17.89 16.92 15.77 15.57 16.89 18.63 19.27 19.02 14.01 13.67 13.29
9.15 9.14 9.10 9.10 9.17 9.25 9.34 9.40 9.47 9.56 9.69 14.90 9.88 9.86 14.91 13.10 14.35 16.85 16.90 9.98 10.03 10.08 10.11 10.14 10.19 10.32 10.54 10.67 14.97 15.02 14.85 16.75 16.94 10.42 10.33 10.16 9.98 9.86 9.76 9.61 9.57 9.76 9.93 10.12 10.51 10.79 10.84 10.89 10.97 11.02 11.09 11.30 11.32 17.51 11.70 12.03 12.29 12.54 12.78 13.18 13.50 17.33 13.89 16.90 16.99 17.89 18.96 18.44 19.20 19.29 18.67 16.14 14.54 14.86 16.08 18.24 17.93 18.02 18.73 13.27
9.14 9.15 9.12 9.12 9.17 9.26 9.34 9.40 9.45 9.53 12.58 15.41 9.60 16.52 15.21 13.83 15.21 9.82 9.82 9.83 9.87 9.90 15.30 10.04 10.17 10.34 13.89 14.85 14.66 14.65 16.80 17.24 17.22 10.24 10.02 9.83 9.72 9.56 9.39 9.35 9.41 9.52 9.63 9.79 14.15 10.41 10.55 10.68 10.67 10.71 10.83 10.99 11.04 17.66 11.40 11.72 12.03 12.30 12.49 12.90 13.27 17.41 17.39 18.07 16.67 14.37 17.92 18.92 19.04 20.02 14.31 18.23 14.12 14.50 14.40 16.77 17.79 13.62 17.47 18.32
9.16 9.17 9.15 9.18 9.19 9.20 9.20 9.26 9.32 9.37 13.05 15.05 14.74 15.06 15.00 14.56 15.00 16.46 9.74 9.76 9.76 9.81 13.95 10.03 10.18 10.32 15.90 14.48 14.15 14.81 17.38 10.58 10.26 9.86 9.57 9.45 14.65 9.12 11.13 9.41 9.22 9.23 8.06 9.66 9.94 10.14 10.29 10.36 10.36 10.47 10.58 10.67 10.77 17.91 18.06 11.49 11.83 12.02 12.23 12.64 13.03 13.36 18.08 18.68 17.13 14.13 14.44 17.76 19.34 19.51 14.20 17.92 13.94 14.27 16.32 17.94 18.03 18.06 18.27 18.30
9.07 9.14 9.20 9.25 9.19 9.17 9.12 9.10 9.11 9.16 9.17 14.41 9.25 14.89 9.51 14.91 14.38 15.14 9.75 9.79 9.83 9.90 14.04 10.03 10.10 13.24 14.64 14.39 14.57 16.73 16.56 10.43 10.04 9.69 9.47 12.53 9.14 8.87 8.79 9.01 9.12 9.11 9.35 9.64 9.70 9.80 9.94 9.96 10.06 10.17 10.21 10.23 10.39 17.50 17.72 17.22 11.46 17.24 11.85 12.22 12.61 13.02 18.40 19.12 18.29 13.64 13.91 16.72 18.08 18.80 18.32 16.72 13.55 13.77 16.46 17.17 17.76 13.09 19.24 19.15
9.05 9.16 9.23 14.72 9.20 9.18 9.13 9.10 9.10 9.14 9.16 9.17 14.29 9.42 9.51 9.58 14.70 14.89 9.74 9.81 9.90 9.96 9.96 13.69 9.95 12.81 14.31 16.53 17.04 16.07 16.54 15.95 16.24 14.35 12.68 9.40 9.25 9.09 9.18 9.40 9.32 9.21 9.37 9.45 9.37 9.49 9.64 9.68 9.77 9.84 9.88 9.89 10.05 10.28 17.50 17.22 17.62 17.96 17.21 11.81 12.19 12.57 17.81 18.27 13.08 18.93 17.04 13.49 17.14 17.78 18.35 16.64 13.09 13.20 15.56 14.88 14.55 16.97 18.08 17.79
9.04 9.15 9.24 9.12 9.23 9.19 9.15 9.15 9.21 9.25 9.25 9.23 9.28 15.16 9.42 15.24 14.75 14.32 16.00 9.74 9.78 9.81 9.81 9.79 9.90 10.13 15.72 16.35 10.22 10.26 10.33 16.57 14.82 12.45 9.55 9.45 9.39 9.38 9.53 10.59 9.35 9.23 9.27 9.24 9.22 9.30 9.40 9.42 9.46 9.56 9.64 9.65 9.78 9.94 16.73 14.93 16.15 17.39 17.92 17.30 11.78 12.07 18.06 18.10 12.74 18.54 18.30 18.16 17.55 17.55 17.57 17.45 14.62 15.14 14.94 12.25 12.24 12.34 17.16 18.10
8.86 8.91 9.09 9.17 9.20 9.00 9.11 9.17 9.25 9.27 9.23 9.20 9.24 14.83 15.24 15.28 14.44 13.78 15.98 9.67 9.61 13.82 9.63 9.83 10.11 13.56 16.35 16.29 15.76 12.97 10.50 14.95 10.06 9.84 9.69 9.60 9.50 9.40 9.71 9.25 9.05 9.08 9.17 9.13 9.09 9.15 9.22 9.20 9.22 9.34 9.40 9.41 9.50 9.58 9.63 9.80 10.02 10.28 10.59 10.93 17.61 17.11 17.87 17.81 18.50 18.10 12.38 17.82 17.95 17.36 17.21 17.11 17.20 16.75 15.56 13.78 11.68 11.73 14.09 11.62
8.96 8.94 8.91 9.07 8.84 8.98 9.04 9.16 9.15 9.16 9.17 9.16 9.23 14.48 9.36 9.45 14.45 14.60 15.97 9.57 9.58 9.66 9.84 10.12 10.28 16.11 16.30 15.68 10.29 10.43 10.49 10.38 10.17 9.98 9.86 9.73 9.57 9.44 9.31 9.13 8.97 8.98 9.03 8.97 8.96 9.04 9.04 9.00 9.02 9.10 9.14 9.18 9.22 9.21 9.26 9.39 9.56 9.80 10.09 10.39 10.65 17.39 16.97 17.31 18.01 12.04 11.99 11.88 11.88 11.90 11.74 11.74 11.70 16.58 16.37 14.22 11.17 11.14 11.25 15.56
9.25 9.18 9.20 9.10 9.04 8.87 9.07 9.14 9.09 9.16 9.17 9.15 9.24 14.72 9.34 9.43 14.53 15.17 15.70 9.53 9.69 9.96 10.21 10.30 10.18 16.40 16.05 10.19 10.34 10.42 10.45 13.68 10.11 9.94 12.52 11.99 11.64 10.80 10.87 11.44 8.93 8.95 8.98 8.92 8.91 8.90 8.83 8.77 8.74 8.80 8.92 8.97 8.90 8.84 8.90 9.00 9.14 9.34 9.60 9.86 10.08 10.33 10.69 11.00 17.32 11.55 11.55 11.46 11.45 11.45 11.28 11.26 11.22 16.52 16.20 15.49 13.43 10.65 10.74 13.29
9.02 8.80 9.15 9.13 8.89 8.97 9.23 9.14 9.16 9.19 9.12 9.14 9.27 9.32 9.37 9.41 9.45 9.42 9.45 9.56 9.80 9.99 10.07 10.01 15.72 15.69 10.00 10.13 15.76 15.24 10.24 10.13 9.93 12.38 12.12 11.82 11.54 12.33 11.39 8.81 8.67 8.94 8.94 8.81 8.71 8.64 8.61 8.55 8.46 8.62 8.81 8.73 8.54 8.50 8.58 8.63 8.74 8.92 9.15 9.38 9.57 9.78 10.09 10.41 10.71 10.96 11.06 11.06 11.03 11.02 16.48 16.14 16.05 10.70 16.17 15.69 14.58 10.25 10.23 10.34
8.51 8.66 9.00 8.57 8.79 9.12 9.15 9.08 9.22 9.12 8.97 9.20 9.30 15.06 9.31 9.31 9.31 9.38 9.45 9.56 9.68 14.18 9.62 15.33 9.58 9.76 9.91 9.96 16.23 14.84 13.09 10.01 9.94 9.84 13.88 13.79 12.08 8.88 8.58 8.70 9.12 9.12 8.90 8.72 8.59 8.55 8.54 8.41 8.40 8.67 8.70 8.42 8.24 8.29 8.34 8.30 8.38 8.52 8.72 8.93 9.09 9.27 9.54 9.84 10.10 10.29 10.46 10.61 10.63 16.33 16.47 16.72 15.98 16.00 15.47 10.27 10.23 14.85 9.86 9.95
8.68 8.63 8.37 8.44 8.85 9.14 9.07 9.13 8.98 9.03 8.95 9.11 9.14 9.12 9.10 9.15 9.17 9.23 9.30 9.31 9.31 9.21 9.07 12.92 9.43 9.61 14.67 15.90 16.01 9.83 9.95 12.73 13.67 14.26 14.51 14.15 9.16 9.18 9.48 9.89 9.75 9.19 8.80 8.64 8.59 8.57 8.49 8.35 8.40 8.53 8.37 8.15 8.12 8.17 8.08 11.34 11.86 11.74 8.31 8.50 8.64 8.81 9.04 9.30 15.11 16.92 15.46 10.05 10.16 10.08 16.62 15.89 15.71 15.47 9.75 9.69 15.12 15.56 14.32 13.00
8.69 8.61 8.60 8.63 8.79 8.79 9.09 9.17 9.23 8.92 8.84 8.95 8.90 8.96 8.79 9.07 9.18 9.13 15.00 9.17 14.41 8.90 8.81 9.12 9.37 9.45 14.20 15.34 14.67 9.79 9.91 9.81 14.09 14.14 14.17 13.51 11.00 10.92 11.95 14.34 9.17 8.74 8.54 13.26 11.09 8.33 11.13 7.99 8.25 8.33 8.28 8.13 8.03 7.94 13.62 13.97 15.09 14.37 11.98 8.10 8.23 8.38 8.56 8.78 9.01 9.16 9.27 9.45 9.59 9.59 9.45 9.45 9.50 9.54 15.15 9.63 9.56 9.58 14.89 14.24
8.97 8.92 8.83 8.84 8.71 8.86 8.90 8.84 8.94 8.70 8.80 8.84 8.80 8.76 8.72 8.98 9.10 9.12 9.20 8.94 8.79 8.85 9.02 9.24 9.35 9.34 14.23 14.94 13.94 9.68 13.97 14.35 13.96 13.68 12.93 13.92 13.08 13.24 13.87 13.91 13.51 8.16 8.24 8.27 9.22 9.49 8.59 8.06 7.20 7.05 8.32 8.04 7.79 7.62 9.96 11.16 11.52 11.28 7.62 7.74 7.82 7.94 8.12 8.32 8.55 8.69 8.80 8.94 9.01 9.08 9.03 9.00 9.13 9.19 14.75 9.28 14.77 14.67 14.32 13.58
8.53 8.74 8.50 8.58 8.64 8.77 9.10 8.70 8.59 8.68 8.79 8.82 9.02 9.04 8.77 9.11 9.06 9.12 8.84 14.17 8.85 8.96 9.08 9.22 14.25 9.20 14.01 14.84 13.66 13.94 15.00 14.52 13.79 13.73 13.73 14.69 14.07 12.86 12.50 12.34 12.39 13.85 12.29 9.11 7.72 8.14 8.11 8.11 7.21 8.30 11.03 7.60 7.50 7.39 7.29 9.47 9.97 7.19 7.27 7.37 11.10 11.44 7.73 7.93 8.12 8.24 8.38 8.50 15.51 14.12 14.83 14.73 8.78 14.65 14.38 8.94 9.00 14.36 14.14 13.58
