examples/cougarCreek-fire/createInputs/farsite/7a-cougarCreek-polygonIgnit/cougarCreekFire_08-12-2015_1000_217m_non_neutral_stability_vel.asc
ncols	146
nrows	140
xllcorner	610065.000000
yllcorner	5095217.000000
cellsize	216.586807
NODATA_value	-9999.000000
[rows 68 to 101 of 140, columns 0 to 77 of 146]
7.84 10.85 12.00 14.07 14.51 12.77 15.17 7.87 7.30 7.63 7.94 8.44 9.81 10.79 11.20 8.75 4.79 16.07 16.66 18.22 19.66 19.57 19.00 18.48 18.43 12.52 14.06 19.61 27.86 28.69 29.60 25.21 28.43 29.64 30.76 30.46 33.09 32.76 32.85 25.13 33.44 27.83 24.12 21.42 18.00 16.29 15.44 20.29 18.23 24.93 20.59 19.75 22.02 18.88 20.39 14.41 9.11 11.20 13.44 12.81 9.59 6.86 5.26 10.66 4.45 4.90 5.54 6.20 6.35 5.88 5.64 5.96 14.62 7.02 16.10 7.16 7.23 7.02
10.30 10.64 10.87 10.28 13.18 13.42 10.96 8.89 8.24 8.97 9.83 9.81 10.51 10.81 10.76 8.83 5.84 16.74 16.48 15.87 18.32 19.07 19.85 18.75 19.06 12.83 10.43 19.78 28.51 28.06 30.16 28.32 23.83 27.47 30.39 30.68 31.45 29.89 32.99 24.80 26.70 24.48 30.89 23.82 20.09 17.83 17.46 20.97 19.50 20.21 20.31 20.71 21.84 20.81 12.17 18.51 14.95 8.68 11.78 14.58 12.76 8.91 6.28 5.04 4.87 5.12 5.65 6.30 6.49 6.34 6.35 6.29 14.11 6.15 5.80 15.75 11.82 12.61
10.29 8.56 5.39 7.23 11.52 13.55 11.37 9.20 8.54 13.95 10.35 11.25 12.08 11.89 11.11 8.23 7.13 16.34 17.47 16.31 17.56 19.94 20.71 19.51 19.47 12.20 11.98 20.40 26.66 28.05 29.06 25.91 23.25 25.33 29.06 28.86 29.10 30.98 32.21 24.24 20.99 22.99 25.54 25.56 21.48 18.10 24.28 22.18 20.17 16.23 15.23 20.59 22.95 20.57 17.92 10.23 12.03 14.22 9.21 14.30 16.68 14.10 10.57 7.98 6.51 5.92 5.99 14.61 6.73 6.67 6.61 6.45 14.57 14.80 14.91 14.94 15.37 11.41
6.94 6.38 6.68 12.73 10.87 13.84 12.29 15.57 14.57 13.93 14.80 16.42 16.92 15.24 12.09 6.91 8.71 16.90 17.09 17.32 16.07 19.55 19.72 16.25 12.38 12.92 18.05 22.63 24.63 26.03 28.31 26.46 22.75 26.12 27.37 28.23 27.73 28.86 30.70 18.43 24.54 32.59 23.11 36.33 23.11 18.90 17.92 22.63 23.56 22.54 17.25 16.12 22.02 22.92 23.53 15.38 10.59 13.98 8.41 10.73 16.48 18.00 15.94 13.32 10.89 9.12 8.10 7.60 15.59 7.18 6.76 6.38 15.16 15.40 15.94 15.69 14.54 14.37
8.75 9.55 9.93 14.96 10.96 14.24 13.75 17.59 15.55 14.20 15.63 16.79 12.75 15.69 13.95 6.08 9.90 16.55 17.88 18.13 19.17 19.39 20.54 17.63 12.61 8.57 19.13 23.48 24.44 25.47 27.65 24.95 21.61 28.76 27.56 28.45 27.01 28.86 28.30 16.82 23.85 32.67 20.62 24.59 25.03 20.36 24.77 18.77 19.67 18.49 17.16 17.09 23.63 19.74 18.05 20.65 12.04 9.85 19.90 8.57 12.50 17.08 17.72 16.48 14.99 13.75 12.57 11.26 10.22 9.36 16.39 15.64 15.58 14.28 15.19 6.69 14.35 13.67
10.64 11.67 16.16 15.26 10.79 14.43 14.99 19.41 15.86 14.80 15.12 16.30 11.48 15.64 15.20 7.17 11.11 16.49 19.66 18.49 19.55 22.17 18.82 15.77 12.78 9.94 24.06 24.20 18.64 25.51 26.31 22.68 20.72 27.43 18.94 26.93 24.67 23.30 27.33 15.43 23.44 32.58 18.76 21.92 31.11 22.29 18.28 29.01 28.59 28.71 18.98 19.13 24.52 16.01 22.19 15.44 13.67 12.26 10.39 9.71 10.47 14.30 16.72 16.41 15.42 14.71 14.24 13.86 13.48 12.85 16.13 16.04 16.47 16.18 17.07 18.65 16.18 16.00
14.30 14.51 14.62 14.28 9.73 13.72 21.39 19.86 16.50 15.37 15.21 15.69 15.72 14.26 14.07 7.50 11.60 18.99 18.09 18.67 19.65 14.59 20.49 19.27 5.56 9.58 21.32 18.18 17.39 23.59 23.71 21.22 25.30 18.07 18.10 26.29 25.72 24.57 27.85 14.99 17.20 28.77 30.58 19.13 23.39 23.81 19.61 24.49 31.10 26.85 27.35 26.26 25.04 22.77 16.25 23.21 17.13 14.44 12.37 17.31 9.99 11.86 15.15 16.10 15.15 13.96 13.30 20.15 20.88 22.01 19.43 20.72 20.67 20.14 19.51 19.32 17.50 17.23
15.37 14.57 20.38 13.35 14.62 17.94 21.69 20.72 18.27 17.99 17.02 11.07 14.25 12.42 12.08 6.00 12.41 12.76 13.46 18.63 20.41 14.59 19.26 15.56 5.83 22.39 22.07 24.07 24.82 25.31 23.05 22.27 24.30 16.72 25.91 24.64 22.79 28.39 27.12 20.27 16.57 29.52 28.28 17.16 20.39 34.74 21.52 18.68 29.74 23.39 29.91 28.60 26.43 22.42 16.05 22.26 26.88 22.54 16.78 25.34 10.52 11.10 13.78 16.04 16.25 15.14 14.03 13.11 18.30 21.84 21.10 20.96 20.53 20.35 20.02 20.11 19.13 18.46
16.05 17.39 14.46 13.36 14.19 17.18 22.00 21.54 20.09 12.52 12.60 12.70 10.68 14.15 10.71 4.48 16.90 17.51 16.99 17.65 20.80 14.13 17.10 6.60 20.13 21.03 22.31 23.82 22.37 24.80 23.38 23.49 18.28 17.94 23.14 14.75 24.00 26.21 27.00 19.69 20.94 28.85 30.70 20.65 17.74 21.72 27.87 19.76 27.59 29.38 30.87 29.81 30.22 22.45 22.88 22.80 25.17 24.17 17.00 16.84 17.20 10.76 12.14 14.50 15.95 15.78 14.86 20.17 12.60 19.34 20.40 19.98 20.10 20.34 21.26 20.05 19.97 19.01
16.90 17.61 14.79 13.79 14.77 18.73 22.54 21.94 25.06 11.89 13.20 14.10 11.64 11.76 10.13 4.55 17.88 17.67 17.91 19.80 20.12 16.65 15.77 18.14 17.18 19.37 20.69 22.91 23.93 24.57 22.99 24.04 17.60 25.02 23.85 14.68 23.10 27.34 26.29 19.33 27.61 29.66 30.13 20.60 16.09 19.54 34.05 21.12 25.20 29.73 29.40 30.06 29.97 24.15 23.63 23.15 25.05 18.20 14.50 12.53 26.31 10.85 11.66 13.11 14.44 20.17 19.87 19.26 17.31 17.33 20.34 20.05 20.26 20.72 21.75 11.72 19.81 21.26
18.58 18.21 15.05 14.21 15.67 18.39 24.29 21.41 20.54 10.93 12.26 14.25 13.59 12.19 9.48 5.47 18.69 17.72 19.76 19.50 14.10 6.58 15.22 8.06 5.11 19.11 20.61 21.62 22.40 23.20 16.06 20.50 22.53 23.58 25.22 11.07 22.19 25.60 18.40 19.09 25.32 28.39 27.95 20.27 22.18 16.98 27.04 31.48 24.98 30.60 28.28 29.72 32.03 24.03 23.79 22.99 23.78 27.28 22.98 14.63 16.88 18.85 11.22 12.56 13.97 20.10 13.37 18.78 12.40 11.71 10.80 17.88 21.66 21.63 22.36 12.35 12.75 12.75
17.69 18.72 15.81 14.45 15.87 24.42 22.89 20.16 23.05 11.04 17.18 12.61 19.68 12.68 8.17 10.48 14.27 3.89 18.50 5.07 6.19 6.90 15.64 7.17 4.05 19.20 20.29 20.67 20.78 20.59 21.50 18.59 22.92 23.37 25.19 13.51 9.49 24.91 17.17 18.31 22.78 27.97 27.47 18.98 13.09 27.99 25.08 27.79 29.94 24.37 28.69 28.08 30.94 24.53 16.64 16.56 15.79 26.86 23.75 16.54 13.71 17.67 18.93 18.92 12.96 15.08 14.87 14.01 13.98 13.84 13.32 12.66 12.01 20.46 23.15 22.82 13.35 14.53
19.35 18.29 15.96 15.02 17.08 18.78 18.63 24.91 22.18 17.67 11.78 25.24 12.38 12.50 7.38 15.56 4.17 4.53 4.39 5.18 6.19 19.84 7.69 5.84 3.27 18.40 19.43 18.99 19.46 19.00 19.98 21.16 24.52 23.20 21.66 14.05 14.93 24.78 16.22 17.91 27.37 24.97 26.17 26.95 17.52 18.76 23.65 18.38 20.98 18.52 28.81 23.66 30.99 15.60 17.20 18.59 18.19 17.87 24.19 18.03 16.46 13.90 11.44 24.98 11.74 14.88 16.69 16.27 15.68 15.16 14.84 14.64 13.87 12.84 21.10 25.13 14.03 15.54
20.03 16.61 16.40 7.47 19.73 18.70 20.17 19.73 20.98 20.49 11.14 10.61 11.37 11.18 7.05 15.26 4.39 5.01 4.84 5.13 17.38 10.80 7.11 4.57 3.08 18.29 18.22 15.32 17.16 18.21 17.83 20.54 21.72 22.74 21.35 21.53 23.29 16.32 16.65 22.42 26.06 18.57 26.39 24.18 25.75 25.17 21.80 15.51 19.86 20.41 18.22 23.79 35.50 16.10 17.83 20.36 21.22 19.84 19.60 20.32 19.39 17.06 14.71 12.77 22.72 13.74 16.57 17.21 16.59 16.28 15.65 22.44 15.14 14.70 14.31 14.45 14.94 15.49
20.26 17.11 16.85 14.93 23.00 17.32 20.03 14.32 18.45 16.00 9.82 10.15 11.46 9.76 6.29 15.53 4.86 5.65 5.62 18.18 16.62 8.37 5.97 3.90 3.28 18.90 13.69 6.38 18.28 15.46 17.41 13.03 19.71 20.77 23.87 18.30 24.19 15.48 15.75 23.78 21.75 16.89 16.60 22.81 21.44 26.82 18.94 12.64 16.82 29.88 21.09 18.13 16.90 16.76 17.15 18.48 20.86 20.57 19.15 19.89 32.22 19.68 18.06 15.87 13.83 13.37 14.96 29.00 16.74 24.15 16.12 15.80 26.11 16.59 16.36 15.69 30.72 14.62
19.22 18.00 17.81 17.44 18.41 16.95 18.29 13.71 18.61 16.68 9.19 9.51 11.21 9.20 13.85 4.84 5.03 5.96 6.23 18.83 15.07 7.43 4.61 3.67 13.65 16.70 13.63 16.39 18.55 9.05 15.59 12.49 17.98 20.51 20.65 23.53 15.43 15.73 22.28 22.74 15.34 21.53 23.42 23.78 25.46 24.55 23.74 9.76 13.48 28.79 31.07 34.02 16.42 16.31 15.50 15.04 16.91 27.08 27.52 18.43 20.30 30.21 21.04 20.09 17.86 22.58 14.86 25.29 16.95 16.52 16.10 15.77 27.84 24.49 23.20 16.47 24.99 26.92
23.04 19.39 20.57 21.75 18.22 18.48 10.77 12.80 20.47 16.26 9.53 9.42 14.39 8.73 6.55 5.34 5.37 6.39 17.59 15.33 7.61 5.92 3.66 3.15 2.11 16.34 16.37 18.64 17.31 7.54 16.64 11.64 16.51 18.99 20.21 20.90 16.26 16.56 24.37 10.27 9.51 7.45 16.12 24.83 23.82 25.68 24.11 8.28 11.59 23.18 30.97 15.21 15.53 14.94 13.87 13.02 13.36 15.52 16.63 16.91 18.11 28.40 19.95 29.00 19.98 17.55 24.12 25.51 25.67 17.05 16.73 16.05 26.04 27.87 28.38 27.07 25.20 27.94
24.87 22.53 23.06 20.85 19.71 19.37 19.86 18.58 21.56 10.99 10.27 9.85 8.67 14.19 16.97 6.56 18.64 20.31 17.45 13.51 6.89 4.92 3.39 3.02 7.52 15.08 15.67 17.02 18.27 6.95 15.51 14.95 16.59 17.62 16.98 13.51 14.87 16.03 17.52 11.00 11.21 8.62 6.88 17.46 21.41 24.35 16.74 17.46 10.25 13.45 27.28 23.36 12.83 12.84 12.66 12.22 22.67 12.35 13.92 14.43 14.91 25.65 16.07 16.63 34.26 32.11 25.76 25.73 26.00 27.01 25.12 17.10 21.39 24.11 29.75 25.81 25.34 26.00
24.64 25.01 23.64 21.46 23.35 21.97 21.33 21.16 20.20 10.61 10.92 10.64 8.32 17.00 19.84 19.04 17.86 18.21 8.03 7.15 6.26 4.56 3.53 3.89 14.17 11.44 15.50 15.87 17.17 13.39 15.30 12.17 14.14 7.72 15.85 11.23 15.97 17.94 6.71 9.89 11.75 9.30 6.13 16.35 23.20 23.29 23.51 6.56 8.49 11.29 26.18 25.17 27.32 10.88 12.03 12.44 11.76 20.84 11.81 12.49 12.76 13.16 13.42 13.89 28.08 34.99 26.67 25.95 27.76 28.90 17.35 31.11 27.77 24.19 25.49 26.85 26.11 26.37
26.48 24.76 24.10 24.23 25.13 22.14 13.23 13.23 12.24 11.06 11.54 11.78 9.17 17.40 17.29 19.48 19.11 12.97 7.58 7.04 5.91 4.62 4.57 6.42 13.04 14.28 15.27 15.74 16.89 16.06 12.10 9.96 12.94 4.25 14.06 12.47 15.94 14.92 12.92 7.32 10.19 9.51 6.29 16.65 17.08 23.05 22.59 6.20 17.33 18.39 23.42 25.93 14.69 9.18 10.26 11.40 11.62 10.99 10.77 20.36 22.21 20.82 11.91 12.89 28.18 15.73 26.76 25.32 26.62 26.93 29.02 26.40 25.12 15.39 13.14 20.57 19.99 25.12
27.06 24.03 23.48 26.54 26.65 25.73 22.02 22.27 12.95 12.00 12.34 12.98 10.62 10.02 18.89 18.28 18.95 8.93 8.21 7.60 5.77 4.88 5.78 14.56 14.49 14.43 14.50 15.07 16.06 14.22 12.87 12.28 14.03 4.59 8.40 11.90 14.74 14.97 5.42 6.64 7.76 8.14 6.29 16.55 14.09 17.62 19.76 19.20 16.40 7.48 20.03 23.88 9.14 25.47 17.21 9.08 17.74 17.45 9.79 20.09 20.94 20.83 21.13 11.59 26.63 31.25 27.51 25.99 26.77 26.55 26.63 26.77 28.39 29.81 14.90 14.68 14.36 13.65
24.55 23.86 27.84 27.50 26.00 24.66 23.37 22.76 12.78 12.38 12.97 18.28 11.99 8.25 19.67 18.39 19.15 8.98 9.01 7.99 5.89 5.52 6.23 14.80 14.44 5.31 5.78 9.74 13.64 12.96 4.55 11.64 12.98 4.21 3.97 14.12 13.94 14.38 5.97 6.67 7.21 19.26 5.87 18.15 12.83 17.76 19.81 16.55 14.71 16.58 18.08 23.06 9.03 8.10 16.29 8.00 17.26 16.58 20.91 19.92 24.89 19.80 20.84 23.46 26.46 24.77 28.94 26.71 28.16 28.11 24.91 27.58 27.62 27.35 23.65 27.26 25.54 20.47
25.37 24.64 28.21 28.03 25.47 25.65 24.81 22.56 12.40 12.24 13.20 20.43 13.13 10.45 20.85 5.39 19.69 8.88 9.18 8.21 6.61 6.64 14.43 12.76 4.45 5.45 6.06 12.99 11.10 12.95 13.19 12.13 13.80 7.29 4.63 10.03 10.81 12.21 6.03 6.27 6.49 10.31 5.95 12.42 13.56 13.82 18.71 13.15 3.27 5.18 16.43 19.01 8.31 7.93 7.34 18.52 8.63 16.04 9.44 9.82 21.65 25.67 9.87 23.71 25.86 26.35 28.99 28.07 28.26 28.23 30.51 25.61 12.01 13.73 15.05 27.02 26.38 26.37
25.50 24.50 26.54 26.92 24.38 24.36 24.36 23.84 12.14 11.66 12.82 14.18 13.67 11.81 8.64 20.83 17.95 9.02 9.20 8.32 7.23 6.81 13.76 12.59 5.16 6.32 13.35 13.04 14.06 11.86 11.64 12.40 10.41 11.23 5.87 12.73 10.18 11.62 6.53 13.12 9.72 12.37 7.07 13.87 14.52 15.90 11.10 2.58 3.24 4.53 5.52 6.63 15.91 12.26 11.16 15.19 16.09 15.52 18.53 8.99 22.05 17.21 23.05 18.72 26.39 12.32 27.64 21.06 21.53 21.64 21.03 29.39 11.70 12.42 29.64 25.48 26.93 27.08
27.60 27.38 25.86 26.66 27.63 25.13 24.20 22.81 22.58 10.84 11.53 21.33 13.65 20.83 9.83 21.42 8.17 15.21 9.45 8.27 7.16 7.87 14.57 4.22 5.63 6.99 10.67 13.00 12.76 13.18 11.69 10.36 12.81 14.34 10.88 11.97 11.26 6.00 10.99 7.11 9.17 12.95 6.44 5.87 4.68 8.55 10.59 11.46 3.27 4.00 4.48 5.70 15.95 6.38 5.58 18.55 14.61 13.92 18.47 16.74 19.88 23.84 16.46 16.99 26.61 10.93 12.57 29.96 22.75 22.53 22.52 30.67 12.48 13.07 25.99 24.83 31.80 29.80
27.85 16.13 16.97 15.47 24.24 23.24 23.84 13.28 22.93 11.46 26.93 21.48 13.55 21.91 18.25 19.06 19.72 12.85 9.61 8.22 6.62 7.87 11.12 13.75 6.34 7.01 11.28 12.15 12.03 9.11 8.17 5.65 12.61 13.19 10.71 6.27 5.48 5.39 5.81 6.85 6.84 5.42 4.49 4.78 3.95 8.92 10.35 2.40 2.85 3.47 3.65 15.92 15.70 5.39 5.33 5.54 11.17 17.11 15.60 15.40 17.91 17.68 16.16 16.54 18.58 24.28 24.78 20.55 29.21 21.06 21.01 32.60 12.43 13.37 25.30 29.29 27.82 21.64
14.85 16.03 17.76 17.21 27.79 24.63 24.62 13.95 14.09 12.97 11.47 24.49 22.31 19.12 18.40 18.18 17.14 16.36 9.41 8.35 6.69 5.01 12.39 13.12 6.70 6.46 11.55 9.85 7.49 11.84 11.39 8.24 11.75 9.19 4.68 4.74 4.87 4.82 5.10 5.95 5.42 4.34 4.10 4.25 3.59 2.76 2.46 2.17 2.39 3.05 3.54 12.74 13.09 4.43 4.71 5.15 11.27 5.41 12.43 15.27 15.53 21.32 21.75 8.17 8.01 17.07 26.14 24.56 29.47 21.64 21.51 30.94 12.07 24.96 27.73 26.34 15.80 26.90
25.49 14.89 26.22 17.69 27.17 24.03 15.19 26.29 14.71 23.74 25.57 23.60 22.05 18.27 18.22 16.97 18.87 17.81 8.70 8.86 7.88 12.34 11.79 5.96 5.92 5.92 10.57 5.64 6.53 11.38 6.73 9.52 8.22 6.85 4.34 4.43 4.60 4.79 5.11 5.51 4.75 4.03 3.91 3.56 2.85 2.35 2.24 2.05 2.04 2.60 3.29 3.84 4.01 3.93 4.03 4.33 4.68 5.02 5.17 5.23 19.15 14.45 15.52 8.58 8.88 8.66 8.38 18.86 21.04 22.07 21.21 23.50 24.91 25.69 29.09 30.40 15.41 16.63
14.05 14.32 27.93 25.40 26.03 26.14 15.71 26.95 26.17 28.40 21.98 24.74 23.46 18.70 18.45 15.95 20.92 19.49 8.05 8.99 7.80 15.26 4.42 4.50 4.90 5.52 10.80 6.95 12.20 9.89 6.45 7.31 8.95 4.69 4.47 4.09 4.05 4.45 5.33 5.81 5.06 4.29 3.81 3.07 2.25 1.81 1.86 1.83 1.70 2.24 2.98 3.45 3.62 3.67 3.84 4.06 4.24 4.47 4.81 5.22 13.75 11.96 7.67 8.38 14.42 9.19 9.50 9.81 10.00 20.46 21.30 22.98 19.94 25.67 30.17 26.98 14.64 15.61
16.48 15.72 26.68 27.07 24.43 28.33 28.97 15.89 28.10 32.14 16.73 27.19 24.66 22.25 12.74 18.57 18.57 18.16 7.92 11.66 7.11 4.42 2.55 3.30 4.74 9.64 6.06 12.08 7.02 3.99 6.27 4.24 4.44 4.81 4.86 4.33 3.84 3.79 4.36 5.14 5.15 4.75 4.05 2.98 1.97 1.41 1.22 1.38 1.58 2.06 2.72 3.26 3.57 3.78 4.06 4.31 4.47 4.65 4.90 5.29 5.80 6.36 6.91 7.53 8.27 8.86 9.20 9.54 9.98 10.45 11.00 11.65 12.17 22.61 20.56 28.92 29.54 14.06
16.70 17.91 18.44 27.98 28.48 17.57 27.76 16.44 16.66 16.67 30.48 28.27 24.47 20.53 12.80 10.91 21.35 14.72 13.86 19.07 6.08 4.69 3.11 2.50 9.86 9.50 9.48 3.94 8.30 8.35 5.65 5.34 5.20 5.11 5.29 5.06 4.57 4.37 4.12 4.63 4.66 4.47 4.07 3.28 2.30 1.38 0.69 0.71 1.21 1.68 2.20 2.90 3.58 4.09 4.51 4.79 4.97 5.11 5.30 5.57 5.90 6.31 6.79 7.35 8.10 8.90 9.54 10.07 10.74 14.93 11.94 12.33 12.28 24.50 24.72 30.97 28.91 12.64
13.64 26.89 18.94 27.72 31.70 17.80 26.80 16.38 16.49 32.12 34.20 16.55 25.85 20.23 13.81 15.40 18.78 17.59 16.64 6.92 6.26 16.95 4.19 3.66 4.17 11.78 8.57 7.74 9.02 9.15 6.02 8.74 5.70 5.18 5.28 5.52 5.38 5.18 4.89 4.82 4.35 3.47 3.67 3.70 2.97 1.87 0.91 0.07 0.98 1.64 1.86 2.34 3.21 4.00 4.63 5.05 5.34 5.57 5.79 6.00 6.22 6.55 7.03 7.57 8.18 9.00 9.82 10.34 10.79 11.37 11.79 11.87 22.18 21.16 22.20 23.73 28.19 28.33
14.34 28.94 15.99 30.91 17.65 25.01 27.97 27.01 30.05 15.64 15.76 15.80 24.50 16.07 18.36 13.39 18.07 14.54 16.47 5.77 5.87 5.88 5.65 19.53 15.26 11.48 8.26 9.42 9.82 9.11 5.91 5.55 5.63 5.49 5.48 5.61 5.22 4.47 3.60 2.67 2.92 2.21 2.35 3.00 2.96 2.25 1.44 0.93 1.13 1.93 2.14 2.20 2.76 3.56 4.37 5.13 5.72 6.06 6.21 6.35 6.55 6.91 7.48 8.26 8.68 9.22 9.82 10.33 10.65 10.88 10.96 11.00 11.17 11.47 11.65 20.34 22.68 24.21
17.57 16.68 13.79 32.06 15.95 28.15 33.45 18.07 17.03 31.84 14.12 29.49 22.32 24.98 22.24 19.60 18.33 14.20 15.02 18.94 4.89 5.58 6.27 5.06 2.72 1.23 11.28 10.97 10.45 9.15 5.23 5.14 5.49 5.79 5.82 5.55 4.83 3.50 2.06 0.33 2.12 0.92 1.82 2.31 2.60 2.55 2.16 1.82 1.39 1.67 2.07 2.16 2.67 3.28 3.97 4.72 5.48 6.06 6.40 6.62 6.87 7.20 7.65 8.22 8.76 9.22 9.72 10.36 10.85 10.94 10.85 10.93 18.68 18.76 17.68 17.18 19.88 22.62
