examples/cougarCreek-fire/createInputs/farsite/7a-cougarCreek-polygonIgnit/cougarCreekFire_08-11-2015_2300_217m_non_neutral_stability_vel.asc
ncols	146
nrows	140
xllcorner	610065.000000
yllcorner	5095217.000000
cellsize	216.586807
NODATA_value	-9999.000000
[rows 68 to 101 of 140, columns 0 to 76 of 146]
8.68 8.95 9.41 7.25 7.26 8.53 10.21 10.95 12.95 13.01 16.63 12.27 12.14 10.41 13.38 10.55 9.47 14.55 11.41 12.03 10.94 14.85 10.45 14.74 13.81 10.04 10.98 10.67 13.58 15.52 17.00 17.05 16.63 16.35 16.15 15.11 15.08 15.80 14.83 13.84 15.50 14.94 17.15 15.02 16.24 16.33 16.38 21.75 16.94 19.32 20.82 15.11 14.70 14.81 14.86 19.12 13.97 15.01 16.54 19.72 22.13 19.56 17.15 19.82 16.01 16.70 16.01 14.18 15.17 19.42 21.74 21.12 17.62 17.40 19.84 15.75 15.24
9.33 9.52 10.03 9.16 11.12 15.58 15.74 15.20 14.56 14.21 17.26 17.16 17.56 11.07 14.17 11.11 9.75 9.82 15.20 10.55 12.18 15.03 15.46 15.12 13.11 10.41 11.88 11.20 15.23 15.36 14.91 16.86 17.34 15.93 15.92 14.46 14.28 15.40 14.75 13.52 12.54 10.67 17.92 17.29 16.60 16.24 16.25 16.54 16.86 16.79 16.91 14.92 14.75 14.83 15.00 14.49 17.41 13.85 15.77 15.15 23.69 15.38 14.96 21.70 19.99 20.39 19.94 13.82 14.58 15.31 19.56 21.16 20.71 16.95 20.26 19.96 18.94
9.62 9.97 10.86 10.02 12.34 16.76 16.47 14.99 14.52 15.05 16.70 16.79 17.55 14.60 14.87 11.50 9.93 10.16 15.21 10.93 10.97 15.21 11.79 13.79 9.72 11.04 10.62 10.81 15.56 14.93 12.46 17.41 17.72 16.61 16.03 13.17 15.20 15.92 14.85 12.22 11.95 13.62 15.36 17.16 16.78 16.29 20.84 21.06 16.84 17.01 14.79 14.66 14.66 20.17 14.99 14.88 13.66 12.95 14.32 16.37 15.80 15.95 15.21 14.72 14.61 21.85 20.93 18.95 14.00 14.73 15.46 18.96 19.55 18.78 18.99 19.38 20.06
10.02 10.80 11.88 11.88 12.63 16.98 16.09 13.06 14.56 15.90 15.82 16.23 11.74 18.23 12.75 11.65 10.00 10.48 14.96 11.33 16.02 14.47 11.49 11.10 11.19 11.94 11.27 15.66 17.03 13.63 13.06 17.29 13.02 12.76 15.40 14.96 15.50 16.10 14.54 11.85 13.94 15.25 14.70 18.00 17.25 16.23 16.34 21.45 16.98 17.13 16.90 14.54 16.61 19.86 20.60 15.09 14.35 12.94 13.01 14.91 16.66 17.62 15.81 15.19 14.76 14.56 14.10 20.66 19.33 14.18 14.67 18.43 19.65 19.93 19.76 18.74 18.58
10.90 11.89 12.57 12.15 13.33 17.10 15.81 13.06 15.17 16.14 15.50 15.85 14.50 12.05 15.73 11.41 10.09 10.93 12.92 11.73 11.57 11.67 12.04 11.30 11.66 10.31 12.32 16.18 15.54 12.72 14.40 17.86 17.66 16.19 12.89 14.36 16.87 14.48 14.64 12.33 14.68 16.42 14.06 12.43 21.18 16.40 15.74 21.35 16.95 14.81 16.99 14.43 20.68 18.73 14.91 14.94 14.74 13.60 12.63 13.41 15.55 16.60 19.45 18.12 18.35 14.85 21.53 13.85 13.69 17.24 14.29 18.78 20.68 20.89 20.41 19.21 16.48
11.96 12.57 12.78 12.37 14.35 16.50 15.94 13.99 16.92 17.04 16.06 16.15 15.21 13.80 16.32 11.27 10.42 11.44 12.25 12.26 12.05 12.21 12.62 12.52 12.24 11.02 14.63 14.98 11.39 13.11 17.01 18.03 17.48 13.86 11.48 14.60 15.34 17.95 14.46 12.09 14.83 16.43 13.95 11.88 18.37 16.93 20.78 15.39 15.66 14.68 17.14 14.28 20.49 14.51 19.82 14.83 14.78 14.15 12.92 12.81 14.32 15.94 15.43 20.01 20.13 19.68 16.92 20.50 20.99 21.10 21.34 21.20 21.10 20.89 20.12 18.46 16.17
11.96 12.12 12.13 11.98 14.33 15.92 15.62 15.95 17.14 16.85 16.09 15.98 12.83 17.69 12.79 10.89 10.21 11.33 12.29 12.16 11.97 12.29 12.60 11.30 12.54 11.38 14.96 11.08 12.03 15.44 17.83 17.76 16.61 11.83 11.59 15.87 15.25 17.47 14.21 10.97 13.58 16.72 15.55 13.42 14.66 16.98 16.64 15.59 15.27 15.07 14.72 20.81 20.63 14.44 14.94 21.00 14.79 14.47 13.37 12.91 13.61 15.03 16.12 18.81 20.97 20.00 19.72 19.27 18.21 16.55 16.63 18.14 17.70 14.37 18.21 17.13 16.35
11.68 11.74 11.85 13.63 14.93 14.65 14.08 15.96 16.82 15.78 13.22 14.58 16.94 17.76 12.53 10.93 10.30 11.52 12.36 16.03 12.03 12.43 12.57 12.47 10.66 12.33 13.94 12.63 14.69 15.16 17.95 17.28 13.28 11.62 13.58 16.94 15.00 15.93 14.49 12.23 13.64 17.28 16.36 13.70 13.70 17.19 14.58 21.14 13.92 14.84 14.55 14.31 19.80 14.43 14.81 17.32 20.17 14.57 13.81 13.26 13.34 14.28 15.61 15.40 20.71 17.66 19.58 16.96 16.62 17.70 14.00 14.49 17.56 16.34 14.17 16.77 16.78
11.42 11.54 11.67 14.49 14.95 14.43 13.34 14.23 16.05 11.95 11.90 12.59 12.60 17.87 12.50 10.90 10.49 11.68 13.50 11.99 12.13 12.41 12.58 12.80 12.16 13.97 12.82 13.66 15.40 14.85 16.60 16.42 12.56 12.27 17.40 15.59 14.77 14.87 13.23 12.88 14.20 17.03 16.38 14.24 13.06 13.87 21.27 14.15 13.77 14.77 14.40 14.30 14.23 14.41 14.71 15.59 20.28 14.52 14.14 13.59 13.27 13.94 15.02 15.56 17.21 19.92 19.39 19.22 16.84 17.88 16.31 14.74 15.09 17.00 15.21 15.35 17.16
11.22 11.34 11.40 14.79 14.47 12.93 12.42 14.35 13.33 10.82 12.19 11.07 12.55 12.51 12.29 10.70 10.59 11.65 11.99 11.96 12.13 12.38 12.75 12.66 14.95 13.23 12.85 14.01 14.73 13.26 14.45 16.71 12.25 14.55 16.83 15.37 12.92 14.58 12.91 13.09 14.28 15.05 14.59 13.69 12.69 13.12 16.69 14.51 13.72 14.58 14.31 14.26 14.18 14.36 14.64 15.51 20.32 14.47 14.37 13.88 18.56 13.84 14.61 15.07 15.36 19.33 18.69 19.06 19.78 17.28 17.51 15.96 15.60 16.85 14.01 14.31 14.33
10.99 11.09 11.12 14.90 13.80 11.04 12.92 15.83 12.99 11.98 12.65 16.91 12.07 12.15 11.73 10.42 10.61 11.57 11.84 11.86 12.13 12.50 12.98 15.85 17.20 13.64 13.65 13.94 14.07 12.20 12.38 17.32 15.12 16.75 15.28 13.31 12.80 13.45 12.02 10.82 15.53 15.17 14.22 13.86 12.83 13.22 14.44 18.00 13.92 14.76 14.86 14.19 14.02 14.23 14.64 14.87 20.50 19.59 19.75 14.30 13.57 13.68 14.22 14.60 15.25 19.30 19.77 19.65 19.67 14.14 13.65 13.76 18.03 17.51 13.92 14.15 14.84
10.77 10.86 10.88 14.48 14.00 10.83 13.06 14.26 13.28 12.91 13.44 16.27 16.28 11.85 11.05 10.22 10.75 11.52 11.67 11.79 12.27 12.67 14.97 12.62 11.78 13.59 13.24 12.87 13.95 12.61 12.59 17.57 16.74 15.86 15.31 13.16 12.72 13.32 10.04 11.77 15.33 15.23 14.71 13.87 13.22 13.75 13.71 14.13 19.65 14.01 14.97 14.12 13.76 13.97 14.70 13.05 14.47 19.71 17.80 14.71 14.08 13.72 13.89 13.99 14.67 14.73 20.71 20.19 20.20 14.31 13.83 13.87 13.82 17.20 14.97 13.51 14.13
10.53 10.61 10.67 14.91 13.70 10.60 10.83 13.38 13.27 13.09 13.65 15.16 12.41 11.67 10.51 10.23 10.99 11.40 11.54 11.93 12.44 12.75 15.99 12.13 16.88 13.69 12.66 12.50 13.76 13.17 13.46 16.50 16.15 13.43 15.33 12.94 12.63 13.12 10.41 14.83 14.69 14.34 15.15 14.35 13.97 13.77 13.05 11.92 13.04 14.37 13.92 13.96 13.44 13.75 14.81 15.26 14.35 20.35 13.23 14.90 14.47 14.06 13.88 19.30 13.85 15.21 20.82 20.48 19.79 18.63 18.16 18.15 14.09 13.77 17.55 16.29 13.75
10.30 10.40 10.45 14.50 10.29 10.49 10.68 12.34 13.77 14.10 14.03 12.13 12.34 11.31 10.23 10.39 11.03 11.25 11.61 12.08 12.39 16.46 12.45 11.56 14.78 13.02 11.73 12.55 13.65 16.63 12.43 13.67 13.47 14.78 14.97 14.94 14.04 12.62 11.20 13.57 13.25 13.41 14.38 15.27 14.95 13.45 12.45 13.73 12.26 14.74 13.89 13.64 13.15 13.87 14.81 16.02 20.56 13.63 12.01 14.98 14.74 14.42 14.12 13.54 14.45 14.43 14.71 20.44 19.95 18.52 20.61 18.96 18.28 14.15 13.88 13.48 13.42
10.08 10.18 10.21 14.68 10.15 10.34 10.45 12.09 14.39 15.88 13.95 10.87 12.49 10.85 10.17 10.49 10.92 11.27 11.68 11.93 13.57 18.11 11.89 11.12 14.14 13.45 11.64 12.56 15.57 16.59 12.18 11.83 13.49 16.21 14.45 14.68 13.42 10.39 12.99 13.29 13.15 13.30 13.58 15.07 15.35 14.00 12.22 13.52 9.98 16.01 14.04 13.38 13.22 14.28 15.76 14.67 14.10 19.83 13.23 12.84 18.98 14.75 14.44 13.93 13.26 13.63 14.96 19.00 19.69 18.69 18.06 17.41 14.91 19.19 14.26 18.61 16.06
9.86 9.95 9.96 9.90 10.00 10.11 10.20 11.80 14.07 15.73 12.12 10.81 14.85 10.45 13.48 10.50 10.92 11.29 11.51 13.50 15.05 15.34 11.37 10.89 14.32 11.03 11.71 12.36 14.80 14.45 11.55 11.70 14.25 13.82 13.57 13.80 11.66 13.03 13.94 13.12 13.24 14.19 13.27 14.51 13.15 12.97 12.61 8.48 12.28 14.75 15.67 13.37 13.74 14.07 18.39 14.22 14.05 14.75 14.49 12.41 13.93 18.38 20.80 14.56 13.77 13.30 14.21 15.27 19.49 19.05 19.52 19.25 14.31 14.71 18.20 18.23 17.37
9.66 9.73 9.73 9.73 9.84 9.90 10.01 11.73 13.95 13.21 10.25 10.77 16.42 10.21 10.18 10.58 8.86 11.14 11.29 14.07 15.13 11.58 10.95 10.75 10.65 10.42 11.65 10.93 12.56 14.54 13.80 14.54 12.47 12.21 14.20 12.34 9.97 12.97 13.24 13.15 13.58 13.37 12.85 12.94 13.12 13.02 12.59 13.12 11.90 14.42 15.12 13.51 12.75 15.77 15.26 13.48 13.66 14.20 14.11 14.15 13.62 15.18 14.82 16.28 20.70 19.78 14.43 14.23 17.15 18.97 20.40 18.50 17.99 14.42 16.86 18.51 19.12
9.46 9.51 9.52 9.57 9.66 9.70 9.80 12.14 13.20 10.81 10.23 10.41 15.34 13.88 10.23 10.55 10.76 11.44 13.56 15.46 14.98 11.11 10.59 10.54 10.51 10.22 10.21 10.92 12.15 12.03 15.47 13.70 12.40 12.03 13.12 11.03 11.04 12.26 12.66 13.34 14.03 13.35 12.17 12.58 13.11 13.02 12.73 12.93 13.84 14.28 13.87 13.69 14.07 13.84 13.59 13.67 13.60 13.85 14.11 14.13 14.34 14.86 14.37 14.67 18.67 18.34 17.05 14.23 14.39 17.49 18.72 19.08 18.48 18.10 17.55 18.07 18.03
9.26 9.28 9.30 9.39 9.45 9.47 9.55 9.60 11.94 9.70 10.12 15.46 10.11 13.20 10.16 10.33 11.77 12.83 15.30 14.18 11.19 10.67 10.24 15.14 10.48 9.52 11.36 10.89 11.73 15.53 15.09 9.57 14.68 12.01 13.26 11.08 12.79 12.32 12.63 13.48 15.53 13.22 11.73 12.27 13.14 13.05 12.82 12.90 13.51 14.04 14.00 13.88 13.72 13.54 13.62 13.82 13.72 13.65 13.99 14.16 14.16 14.10 14.24 14.66 18.00 17.84 16.84 14.82 14.58 14.71 14.73 19.53 19.70 18.53 17.72 14.27 17.17
9.05 9.07 9.14 9.23 9.24 9.28 9.36 9.39 9.44 9.59 9.98 14.86 9.92 13.57 12.25 11.36 11.47 14.05 14.97 14.28 10.77 10.30 10.06 10.18 11.99 10.10 11.20 10.50 11.68 13.33 11.72 9.73 12.34 12.01 11.84 12.14 12.33 12.25 11.16 12.74 13.86 13.13 11.88 12.15 13.09 13.08 12.82 12.94 13.29 13.79 14.00 13.97 13.54 13.30 13.54 13.86 13.83 13.62 13.90 14.12 14.07 14.04 14.16 14.41 15.84 17.24 16.27 15.14 14.94 14.22 14.59 17.42 18.73 18.31 18.91 18.18 18.77
8.83 8.90 9.01 9.03 9.02 9.09 11.91 9.18 9.27 9.43 9.77 14.50 9.69 13.91 12.49 11.06 11.54 15.66 14.60 10.65 10.29 10.00 9.98 10.06 10.70 10.68 11.10 11.45 11.48 11.48 9.28 10.59 14.86 12.01 11.70 12.58 12.23 12.19 12.37 13.08 13.31 13.02 12.28 12.24 13.00 13.07 12.80 12.86 13.18 13.63 13.89 13.95 18.81 13.19 13.43 13.78 13.83 13.66 13.86 14.01 13.99 14.05 14.14 14.23 17.31 17.50 15.51 16.74 16.75 16.48 14.30 16.24 17.94 19.34 14.43 14.22 14.39
8.63 8.71 8.79 8.75 8.78 8.84 11.93 8.97 9.05 9.20 9.50 14.76 9.48 9.29 12.26 10.43 11.67 13.47 13.40 10.29 9.92 9.79 9.84 11.44 10.29 10.64 11.07 11.37 11.36 11.35 11.66 11.10 13.91 11.99 11.65 11.76 12.09 12.12 11.82 12.77 12.81 12.87 12.54 12.39 12.91 13.00 12.71 12.73 13.08 13.49 13.74 13.87 18.70 18.09 13.34 13.65 13.75 13.69 13.80 13.96 13.97 13.98 14.10 17.25 16.10 18.41 17.95 17.22 17.78 17.56 16.60 15.51 15.35 16.68 18.38 19.20 19.26
8.42 8.50 8.55 8.53 8.58 8.62 8.70 8.79 8.84 8.98 9.30 13.15 9.29 9.03 12.49 9.83 11.69 14.98 14.90 9.94 9.69 9.61 9.71 9.91 10.23 10.66 11.03 11.18 11.47 10.55 10.22 12.39 13.25 11.94 11.69 11.55 11.89 12.07 12.26 12.52 12.58 12.74 12.63 12.46 12.80 12.85 12.61 12.69 13.00 13.30 13.57 13.76 13.53 18.14 13.29 13.51 13.66 13.70 13.71 13.92 14.03 17.23 14.02 16.66 16.72 17.60 18.64 18.27 18.90 18.72 18.02 15.83 14.29 14.77 16.06 18.31 18.19
8.19 8.28 8.34 8.34 8.41 8.46 8.52 8.60 8.66 8.81 10.01 13.82 8.92 14.93 12.74 10.72 12.59 9.50 9.63 9.68 9.49 9.44 11.64 9.83 10.15 10.68 9.45 10.63 10.31 10.06 12.42 13.68 14.08 11.78 11.63 11.46 11.76 11.97 12.05 12.36 12.51 12.57 12.59 12.48 13.27 12.68 12.57 12.73 12.91 13.14 13.42 13.63 13.49 18.67 13.22 13.38 13.54 13.61 13.61 13.85 14.01 17.40 17.26 17.81 16.43 14.23 17.74 18.76 18.71 19.34 13.79 17.81 14.08 14.64 14.70 16.96 18.02
7.95 8.07 8.15 8.17 8.22 8.23 8.25 8.36 8.44 8.57 10.72 13.47 13.49 12.90 12.60 11.83 12.31 14.32 9.38 9.43 9.30 9.32 9.48 9.72 10.09 10.63 12.27 10.61 9.18 10.05 14.40 11.26 11.40 11.52 11.48 11.46 11.49 11.79 9.14 8.33 12.43 12.30 8.03 12.58 12.41 12.46 12.55 12.66 12.84 13.05 13.28 13.46 13.45 19.41 19.26 13.31 13.46 13.45 13.49 13.74 13.93 14.02 17.97 18.39 16.85 14.11 14.36 17.67 19.05 18.93 13.81 17.60 14.06 14.59 16.49 18.14 18.41
7.76 7.93 8.05 8.05 8.05 8.04 8.05 8.18 8.25 8.38 8.58 12.52 8.52 12.51 8.77 12.25 11.29 12.29 9.24 9.26 9.19 9.26 9.49 9.66 10.01 8.55 11.23 10.44 10.70 12.39 13.82 11.11 11.13 11.25 11.32 9.26 11.57 11.62 12.01 12.51 12.35 12.03 12.37 12.66 12.30 12.30 12.54 12.60 12.83 13.04 13.22 13.36 13.43 19.16 19.21 18.28 13.50 17.99 13.45 13.66 13.89 14.09 18.65 19.17 18.27 13.98 14.22 16.92 18.20 18.70 18.15 16.84 14.11 14.54 16.90 17.76 18.61
7.62 7.83 7.93 13.33 7.89 7.90 7.88 8.01 8.12 8.26 8.40 8.45 11.97 8.57 8.64 8.70 11.43 11.69 9.10 9.13 9.12 9.16 9.40 8.96 9.88 7.86 10.46 12.49 13.85 12.35 12.54 13.88 12.42 9.92 8.89 11.36 11.49 11.48 12.07 12.67 12.24 11.86 12.20 12.50 12.28 12.31 12.53 12.56 12.79 13.02 13.19 13.28 13.37 13.36 19.52 18.99 19.23 19.49 18.26 13.63 13.86 14.08 18.44 18.97 13.98 19.38 17.49 14.19 17.70 18.26 18.72 17.19 14.11 14.43 16.36 15.74 15.55
7.55 7.72 7.80 7.64 7.76 7.76 7.73 7.86 8.04 8.17 8.27 8.33 8.41 12.98 8.46 12.58 11.61 10.77 13.41 8.99 8.98 9.05 9.24 9.43 9.85 10.32 11.57 13.58 10.38 10.52 10.82 12.54 10.07 8.27 11.16 11.30 11.42 11.44 12.09 8.48 12.15 11.85 12.06 12.17 12.24 12.41 12.57 12.58 12.72 12.99 13.18 13.24 13.32 13.35 19.59 17.91 18.71 19.53 19.75 18.69 13.84 13.99 19.25 19.44 14.20 19.45 19.09 19.01 18.49 18.50 18.52 18.49 15.64 16.17 16.00 14.30 14.54
7.43 7.49 7.59 7.60 7.63 7.49 7.60 7.74 7.91 8.04 8.11 8.18 8.28 12.42 12.85 12.69 10.94 9.77 13.21 8.82 8.79 9.11 9.13 9.39 9.91 8.42 12.74 13.30 11.03 7.05 10.63 9.57 10.82 10.95 11.09 11.26 11.36 11.48 7.52 12.47 12.08 11.89 11.96 11.95 12.14 12.45 12.61 12.60 12.68 12.96 13.17 13.24 13.30 13.31 13.32 13.42 13.46 13.40 13.41 13.53 19.45 18.68 19.50 19.34 20.00 19.47 14.00 19.08 19.28 18.75 18.65 18.57 18.68 18.25 16.99 15.14 14.33
7.42 7.35 7.29 7.44 7.26 7.36 7.48 7.63 7.70 7.85 7.94 8.04 8.16 11.84 8.23 8.28 10.85 11.03 13.20 8.58 8.65 8.92 9.15 9.47 9.84 12.36 13.18 11.00 10.21 10.38 10.47 10.59 10.74 10.85 11.02 11.19 11.28 11.46 12.01 12.34 12.02 11.83 11.84 11.82 12.08 12.43 12.59 12.63 12.70 12.94 13.16 13.27 13.30 13.31 13.41 13.52 13.50 13.42 13.41 13.47 13.53 19.50 18.87 19.18 19.96 14.38 14.14 13.93 13.93 13.95 13.88 13.95 14.02 18.52 18.20 15.95 14.14
7.45 7.35 7.36 7.29 7.29 7.24 7.41 7.49 7.49 7.70 7.78 7.92 8.07 12.25 8.13 8.19 11.39 12.08 12.80 8.40 8.65 8.95 9.20 9.43 9.59 13.03 12.05 9.97 10.15 10.22 10.32 7.37 10.63 10.82 7.11 7.60 6.71 7.02 6.91 8.39 12.13 11.83 11.67 11.65 11.99 12.35 12.53 12.64 12.74 12.95 13.16 13.26 13.26 13.34 13.53 13.62 13.56 13.45 13.46 13.50 13.46 13.51 13.78 13.99 19.96 14.36 14.20 14.01 14.00 14.01 13.92 13.95 13.98 18.69 18.37 17.64 15.32
7.13 6.97 7.23 7.15 6.96 7.21 7.42 7.35 7.43 7.57 7.57 7.81 7.99 8.00 8.06 8.08 8.16 8.26 8.24 8.30 8.64 8.94 9.12 9.18 11.68 11.62 9.71 9.91 11.15 9.78 10.22 10.35 10.54 6.69 7.48 7.24 7.27 7.75 7.43 7.27 12.50 11.88 11.44 11.49 11.86 12.25 12.48 12.59 12.76 13.11 13.23 13.12 13.14 13.39 13.65 13.67 13.58 13.49 13.52 13.57 13.50 13.50 13.71 13.94 14.10 14.22 14.19 14.11 14.06 14.07 19.20 18.74 18.65 14.01 18.78 18.29 17.02
6.70 6.87 7.07 6.62 6.92 7.17 7.22 7.19 7.43 7.38 7.45 7.76 7.88 12.57 7.94 7.95 8.01 8.15 8.14 8.28 8.47 9.58 8.90 11.15 9.22 9.47 9.68 9.78 12.41 9.25 6.82 10.33 10.48 10.68 8.47 8.69 7.30 11.07 11.41 12.38 12.83 11.69 11.14 11.39 11.74 12.16 12.38 12.45 12.74 13.33 13.33 12.98 13.05 13.48 13.71 13.62 13.55 13.53 13.60 13.65 13.58 13.55 13.72 13.93 14.05 14.04 14.09 14.22 14.19 19.45 19.44 19.64 19.00 19.10 18.66 14.05 14.13
6.69 6.73 6.52 6.49 6.77 7.07 6.96 7.09 7.15 7.19 7.28 7.64 7.69 7.70 7.75 7.82 7.90 8.03 8.06 8.19 8.30 8.45 8.62 7.80 9.22 9.41 9.78 12.11 12.39 9.81 10.09 6.52 8.01 9.12 9.94 9.21 10.66 10.92 11.37 12.55 12.80 11.46 10.99 11.35 11.74 12.12 12.28 12.32 12.73 13.43 13.45 13.02 13.05 13.54 13.70 17.86 18.00 17.87 13.71 13.76 13.68 13.62 13.72 13.93 19.43 20.83 19.35 14.25 14.34 14.12 20.13 19.44 19.35 19.30 13.94 13.88 19.08
