examples/cougarCreek-fire/createInputs/farsite/7a-cougarCreek-polygonIgnit/cougarCreekFire_08-11-2015_0600_217m_non_neutral_stability_ang.asc
ncols	146
nrows	140
xllcorner	610065.000000
yllcorner	5095217.000000
cellsize	216.586807
NODATA_value	-9999.000000
[rows 47 to 93 of 140, columns 0 to 95 of 146]
319 328 335 33 37 37 26 24 34 30 50 60 67 63 62 74 65 105 92 88 79 55 32 19 26 34 51 72 81 72 60 54 53 38 34 19 335 323 314 302 311 298 300 301 297 303 300 290 285 271 267 272 283 286 280 277 283 286 293 306 311 317 323 329 341 348 346 346 355 358 3 347 340 338 338 338 354 356 352 318 310 349 337 346 1 3 359 1 3 2 352 354 25 19 51 53
314 326 357 11 351 7 23 28 49 48 60 68 71 77 92 102 110 119 89 79 66 35 17 23 32 40 61 71 72 72 66 58 63 41 40 45 332 325 319 323 318 305 302 302 295 290 284 295 282 271 273 284 291 293 289 290 298 303 301 307 317 326 334 339 347 357 6 6 349 343 335 322 335 333 326 334 337 354 327 321 311 312 336 333 352 5 4 2 6 8 3 2 1 61 27 33
312 319 336 338 348 12 31 51 58 58 63 73 79 91 117 84 73 67 55 57 58 28 21 34 30 41 58 63 72 81 66 68 64 53 40 44 356 322 318 324 310 310 295 294 299 290 301 297 292 287 290 294 296 295 294 297 305 309 303 298 304 318 333 342 343 349 352 345 322 319 321 335 333 333 334 332 327 321 345 335 313 298 324 317 323 352 5 7 9 13 13 12 27 8 25 31
312 313 321 347 19 53 64 59 58 60 75 89 94 91 75 53 51 39 35 47 49 33 26 17 14 23 40 57 79 84 62 69 68 53 38 44 358 326 322 321 319 308 302 299 290 295 296 295 295 295 297 297 296 293 291 290 294 305 304 299 298 305 322 339 352 360 4 1 355 353 352 352 351 334 334 335 353 347 346 331 349 327 305 307 311 316 346 7 16 21 23 23 30 51 63 64
306 308 337 20 53 53 49 54 59 69 86 99 93 79 108 30 32 28 34 44 39 34 28 2 8 23 47 72 88 85 60 70 70 49 34 44 346 335 329 324 315 304 297 297 302 296 276 280 282 283 287 294 299 301 295 291 298 310 303 300 302 308 316 329 348 1 352 3 335 348 354 342 335 338 342 357 353 353 356 343 2 345 319 308 291 307 301 338 23 29 32 35 37 41 48 58
300 307 351 31 37 41 51 56 55 74 88 80 52 37 22 17 21 26 35 38 33 37 38 29 13 46 68 90 91 68 55 69 68 48 34 31 349 340 332 325 315 306 297 292 296 289 286 278 278 277 280 287 295 309 311 309 312 310 304 303 304 300 317 322 336 1 8 8 359 1 11 6 356 346 347 350 348 353 2 7 334 356 346 336 323 264 285 275 35 44 45 48 49 50 52 59
307 330 12 26 32 30 35 40 50 74 72 110 20 13 20 20 19 33 37 37 32 32 32 5 35 59 78 76 69 56 40 51 66 48 49 16 354 344 332 326 319 310 298 292 292 289 289 290 293 293 287 288 289 298 307 303 301 303 298 301 306 313 324 328 329 340 15 5 348 337 352 7 2 349 333 326 308 300 312 356 357 356 340 324 315 338 332 321 132 109 80 72 68 63 60 61
308 328 9 8 4 4 28 46 55 67 99 78 13 20 34 32 30 45 47 44 34 26 22 13 28 49 53 51 58 51 29 49 65 49 45 8 350 344 342 337 327 318 306 296 286 282 283 283 282 284 291 303 294 296 296 284 263 256 275 278 272 272 302 317 320 326 342 350 332 311 285 289 334 352 337 324 323 339 325 321 312 313 302 347 350 304 350 264 151 123 95 359 83 76 67 63
286 310 350 351 337 0 36 48 27 25 66 39 18 23 33 33 33 45 45 36 26 16 11 14 27 32 36 46 61 51 27 49 61 49 29 8 356 0 350 338 335 332 317 324 306 293 278 277 282 285 286 288 303 295 295 280 260 252 261 261 256 266 261 243 279 305 285 301 254 320 320 316 264 317 324 329 330 305 246 318 289 297 344 346 352 359 6 9 9 14 37 74 87 83 80 73
271 294 339 350 355 33 59 31 358 351 5 23 24 18 32 35 31 46 37 17 12 4 2 12 26 28 41 59 64 45 27 42 57 48 26 3 355 359 340 340 335 335 324 328 315 303 290 282 282 277 288 290 289 293 287 283 276 274 272 274 259 237 254 273 293 317 257 309 319 335 343 310 287 256 306 304 321 309 311 324 301 339 332 335 348 328 8 16 22 25 38 284 65 147 173 78
281 293 346 14 40 65 59 358 339 349 18 43 23 18 33 38 48 68 29 355 2 357 0 17 25 23 44 63 54 32 32 47 61 63 53 20 358 354 331 337 334 330 327 317 302 312 297 295 289 285 283 279 289 288 278 277 272 253 257 255 254 252 268 275 287 313 331 335 337 342 353 5 261 333 311 314 325 333 333 309 304 292 275 284 320 343 356 20 44 50 53 19 2 77 73 104
299 301 7 20 344 339 6 333 341 13 53 50 21 39 54 56 66 89 99 330 0 358 20 33 24 29 55 64 42 28 42 48 56 58 49 22 349 350 355 342 331 324 324 323 313 315 309 303 301 297 291 287 280 280 269 258 253 259 274 276 266 261 249 253 259 269 317 333 348 359 11 188 347 331 328 331 335 342 328 324 344 341 308 292 270 266 290 45 320 69 65 67 71 73 73 59
299 310 2 324 325 28 280 335 4 37 52 42 57 58 70 76 95 98 87 311 357 360 15 17 14 42 63 54 35 37 47 55 48 48 22 31 343 342 339 345 339 329 325 323 323 319 313 304 300 301 301 299 290 281 278 276 273 275 277 277 280 283 283 288 294 295 268 268 259 225 339 329 331 333 337 341 345 349 333 337 334 351 328 325 319 350 292 266 273 312 74 81 3 42 80 62
282 298 25 23 18 295 261 0 40 45 55 79 85 86 78 104 110 103 33 314 354 353 359 1 25 48 54 44 44 53 56 48 45 43 24 9 12 340 341 340 337 331 325 320 320 317 315 301 298 296 293 289 291 288 286 283 280 284 289 288 285 284 284 286 285 266 252 277 299 317 323 330 336 340 344 348 332 332 355 360 2 342 341 339 332 330 319 317 305 311 341 359 87 47 30 70
275 329 31 3 357 243 225 37 48 72 84 101 68 97 102 109 110 93 329 315 354 349 359 9 31 45 50 50 54 55 47 39 42 38 17 2 13 341 343 338 335 329 325 318 314 314 312 309 290 298 291 289 288 287 290 290 290 292 298 301 298 296 295 295 286 272 278 298 315 324 330 337 344 348 331 331 351 355 359 5 8 10 14 18 21 28 353 349 337 318 284 348 92 32 91 91
327 16 52 6 6 13 1 74 106 137 145 173 135 119 110 106 100 357 318 334 356 349 345 359 19 36 46 53 57 52 41 38 55 35 6 358 349 343 345 342 338 329 328 325 315 314 309 302 300 292 286 285 290 284 288 290 290 289 293 299 302 304 309 315 315 313 316 323 331 337 341 346 349 350 333 350 354 0 4 7 10 16 23 30 354 349 349 348 332 324 318 237 226 131 74 49
44 54 69 79 63 77 141 176 189 234 231 184 131 121 112 101 72 325 322 343 347 346 343 355 15 28 43 55 56 49 40 45 50 26 5 354 352 343 345 343 339 325 321 325 318 315 314 310 305 294 290 289 292 281 284 285 284 281 282 286 293 300 307 316 322 323 323 326 335 345 349 352 353 353 337 354 357 2 5 6 10 21 34 352 347 330 320 330 337 306 272 204 170 139 156 132
55 64 81 155 203 201 202 210 252 257 258 205 112 114 109 90 27 319 335 347 338 351 349 356 7 17 40 54 50 44 43 36 35 16 2 354 355 349 347 346 341 326 313 320 320 314 314 311 297 303 289 283 284 293 282 283 280 277 275 276 280 286 291 300 310 316 317 317 324 338 347 352 354 356 1 1 359 358 314 316 327 336 340 349 360 4 353 341 331 268 181 144 142 99 132 97
345 56 62 91 309 271 260 275 287 288 287 137 101 99 91 72 349 320 359 344 332 7 353 351 3 16 44 54 54 51 46 27 24 12 358 355 358 351 350 354 344 331 314 313 316 312 314 309 296 294 294 282 284 293 280 281 278 274 271 270 273 275 275 278 285 292 296 299 303 316 331 344 348 351 2 9 5 355 356 9 29 47 278 263 237 239 241 242 236 204 237 181 137 155 134 87
56 63 77 358 340 317 311 312 313 312 312 54 91 80 69 57 320 327 2 348 344 24 336 340 1 20 30 60 63 58 44 19 11 7 356 355 2 349 352 348 347 334 311 305 309 308 310 306 307 281 288 289 291 285 277 279 277 273 270 270 270 268 266 267 270 272 275 284 292 298 308 308 312 333 351 331 6 359 1 13 34 58 74 205 160 96 99 103 170 191 147 99 135 146 345 88
67 56 38 356 343 332 326 325 327 330 14 28 67 66 62 52 310 331 2 352 5 333 334 341 357 21 38 68 58 40 29 11 3 6 2 357 4 351 355 352 349 343 320 311 297 298 301 300 291 292 283 286 292 290 272 274 277 277 274 271 266 261 258 257 258 259 262 272 283 291 290 297 306 314 328 352 0 5 16 37 84 330 305 282 347 34 143 135 170 139 102 190 90 108 106 102
45 34 351 345 336 331 345 329 334 344 358 24 50 60 62 54 311 353 357 349 6 358 342 348 353 11 57 79 53 30 23 11 359 5 4 360 4 355 357 354 357 351 334 319 305 297 291 294 289 297 288 279 283 282 283 282 276 283 278 268 259 253 250 269 250 251 255 265 271 273 280 296 287 304 294 312 334 69 313 289 239 113 106 169 182 233 220 172 99 101 109 163 168 207 214 110
41 33 11 330 326 325 326 329 336 351 10 27 46 59 31 59 312 4 353 343 0 357 355 353 358 29 4 83 41 24 31 9 354 359 3 7 6 356 358 354 356 343 344 329 311 299 293 293 287 285 284 281 283 284 270 273 290 285 283 266 257 252 249 248 249 249 253 264 267 262 260 263 282 286 281 283 294 261 107 97 86 80 87 94 96 98 99 91 88 101 113 115 116 171 109 104
48 50 322 315 313 314 319 326 335 5 11 30 47 59 64 51 315 8 354 346 351 356 6 0 22 41 70 75 30 28 40 15 352 355 1 8 2 354 358 354 338 340 342 337 314 297 300 296 288 281 277 279 284 283 276 262 265 308 284 273 262 260 256 253 250 247 250 278 264 260 251 239 275 282 281 281 284 273 94 232 77 74 76 78 78 75 70 63 63 74 88 93 103 111 111 182
6 346 315 331 306 308 314 348 356 2 14 26 33 41 62 36 319 11 356 352 346 0 16 4 14 55 81 39 16 31 36 8 351 356 2 3 357 353 358 332 350 353 339 346 320 300 292 294 293 289 279 274 282 284 283 267 258 265 272 278 267 262 262 259 256 252 249 250 275 256 247 232 264 264 268 276 285 287 288 286 97 92 330 71 63 57 52 51 54 59 61 62 68 81 99 112
355 328 313 331 308 311 318 351 356 359 15 25 43 57 59 22 323 15 1 355 352 15 29 10 27 303 67 24 21 34 30 1 346 1 14 9 351 345 357 325 349 348 334 340 332 306 300 290 290 284 278 275 284 277 271 273 258 253 289 266 266 257 254 252 253 254 252 248 249 249 272 268 261 251 256 205 281 278 298 302 257 271 310 95 78 69 67 69 72 71 68 65 7 67 83 108
319 314 332 327 308 313 320 352 352 359 13 23 50 64 60 23 328 16 12 356 1 36 26 5 45 334 37 27 37 35 16 356 345 10 4 9 344 332 356 321 351 348 329 335 341 316 293 309 305 301 280 278 285 261 279 262 258 251 249 254 261 255 246 242 241 241 241 241 240 239 255 255 256 254 257 270 277 276 299 322 228 250 266 128 122 105 95 99 103 99 91 83 75 73 21 211
331 329 326 324 304 310 343 349 351 2 17 29 41 78 67 27 329 35 28 355 21 18 25 24 290 332 26 37 36 22 2 350 352 9 5 6 343 335 357 320 328 343 347 326 334 326 299 301 311 305 295 289 286 283 257 276 261 247 245 277 254 255 245 239 234 231 230 261 261 266 259 264 265 264 261 264 267 270 279 161 297 237 259 283 129 122 107 280 278 116 110 98 88 82 2 96
318 325 343 320 321 330 344 349 356 13 33 69 36 83 72 22 333 33 21 2 37 24 25 33 283 39 26 34 25 19 4 350 16 9 16 352 339 345 355 347 326 340 341 319 325 343 311 294 309 300 302 297 290 281 255 273 280 267 256 275 250 255 247 239 233 227 224 223 248 264 268 265 261 262 261 263 261 266 263 269 300 241 227 244 283 126 116 30 214 251 115 109 101 91 40 117
324 335 323 318 320 331 349 351 360 5 34 60 68 30 69 4 1 43 21 17 38 23 44 272 33 20 29 29 14 20 9 355 9 8 358 336 336 350 354 346 349 341 340 337 317 328 318 300 307 316 311 303 301 281 279 275 278 271 257 258 271 250 249 242 233 225 221 250 218 257 275 274 267 263 269 262 257 253 264 258 279 247 114 109 277 124 350 1 7 103 108 258 109 102 91 36
322 332 322 318 324 342 356 352 12 349 21 48 52 17 59 359 18 39 27 33 43 46 60 27 347 16 24 23 19 26 16 0 11 13 355 334 333 351 357 349 354 344 344 335 312 322 342 316 305 321 316 308 306 288 282 277 278 259 239 236 280 243 247 243 233 249 246 247 245 251 271 279 276 268 273 211 253 263 195 247 284 303 287 278 295 126 357 217 315 191 101 105 219 109 103 92
332 335 323 321 332 347 359 349 6 331 9 46 56 17 54 0 30 45 40 46 49 290 55 275 278 7 14 19 18 28 20 357 7 1 350 333 332 348 351 2 340 337 345 333 343 311 346 326 307 323 318 309 313 289 282 276 276 280 268 248 255 266 241 240 232 251 221 251 218 218 222 259 273 272 279 215 205 201 200 262 304 154 318 298 296 126 121 12 6 17 351 101 106 204 62 106
329 337 327 324 335 5 356 345 9 301 28 76 37 73 48 327 51 315 52 306 300 288 14 274 281 5 12 21 15 22 28 354 355 4 347 330 316 349 0 2 342 334 335 329 298 348 347 353 320 303 320 306 309 299 249 246 240 280 272 252 235 258 268 265 230 226 222 219 218 217 219 220 222 262 280 281 212 207 201 192 285 174 342 326 296 126 124 115 110 109 106 25 125 154 226 51
339 340 329 324 339 357 349 3 7 18 165 25 94 78 34 21 325 321 311 307 305 45 275 270 274 3 13 32 17 11 25 3 358 13 345 331 329 353 6 355 349 346 328 335 325 329 348 323 334 301 314 299 307 252 254 252 247 244 270 242 236 233 231 272 230 228 222 218 216 216 217 217 216 216 261 281 220 213 253 189 264 313 166 358 290 306 129 122 117 115 62 68 67 155 115 122
343 342 334 297 352 2 3 356 358 7 187 109 98 77 14 46 318 319 309 306 36 357 271 274 275 353 24 41 10 352 19 13 11 5 346 336 344 357 7 346 348 348 341 323 322 341 344 305 330 328 299 299 323 259 261 259 252 247 247 243 235 231 228 226 271 230 224 217 215 216 215 253 215 214 217 220 220 215 202 187 178 286 167 153 353 269 296 0 63 123 48 43 70 122 109 112
347 347 340 331 6 357 5 295 348 346 262 80 94 65 345 45 313 315 302 31 24 272 269 273 274 0 34 267 7 343 12 11 11 354 350 337 351 16 5 343 349 339 333 327 313 331 333 279 294 335 308 276 269 269 263 256 251 243 242 238 287 231 230 228 227 227 225 272 216 253 216 216 267 216 214 209 284 209 286 191 178 167 301 159 147 34 285 180 282 73 81 95 82 82 40 108
350 352 345 345 359 356 3 291 351 349 263 251 66 12 1 311 312 319 312 21 12 258 275 276 327 17 35 40 10 334 17 16 351 355 359 350 6 25 1 350 351 337 338 330 326 320 341 260 256 347 325 328 271 267 254 247 245 292 291 236 235 280 232 231 227 256 221 256 216 217 217 216 273 253 247 202 252 279 278 197 187 170 246 318 70 78 70 333 156 222 79 72 22 77 78 111
355 354 352 1 360 2 308 306 358 2 290 284 352 340 331 321 315 318 37 17 263 264 273 281 285 18 30 32 16 329 5 0 337 355 2 4 19 16 7 10 283 256 308 331 332 323 334 255 244 353 331 269 271 254 239 237 238 237 235 235 234 281 232 271 223 214 253 257 257 217 217 215 261 271 265 256 251 269 271 196 278 177 163 234 306 80 86 86 86 75 157 142 121 143 31 119
355 357 358 1 360 2 11 3 4 324 317 301 301 344 24 328 25 33 21 3 272 269 269 272 328 23 32 30 20 331 347 10 347 341 359 4 12 7 33 7 2 287 272 337 337 331 320 0 240 229 330 335 244 230 230 230 305 232 232 230 228 282 229 227 284 276 261 260 256 261 253 212 241 250 271 255 254 262 243 237 251 283 280 208 197 330 74 329 82 86 70 130 108 157 117 122
349 359 2 2 1 5 13 9 11 331 331 316 287 358 19 25 25 17 294 280 269 266 266 260 352 33 38 32 25 351 349 60 359 310 353 358 2 9 315 11 43 303 264 349 354 333 337 242 234 224 341 324 315 222 227 226 226 290 226 225 223 223 225 222 279 290 268 263 268 268 215 264 254 249 260 268 267 272 232 176 171 232 265 265 208 267 154 139 134 182 86 139 115 110 105 106
351 360 6 5 2 6 341 343 342 338 340 344 304 355 5 21 27 356 325 295 267 257 251 333 5 31 40 38 30 12 28 39 348 229 329 355 354 4 24 195 97 104 247 358 9 338 349 233 8 3 352 330 279 221 221 221 221 221 222 275 281 271 221 221 286 214 275 265 268 264 266 251 248 200 198 251 248 264 272 234 224 167 231 254 201 176 102 99 132 123 116 111 109 107 105 102
354 1 1 2 7 5 6 11 347 345 348 359 344 334 1 19 23 358 336 264 252 250 236 352 20 45 72 68 35 30 41 27 354 225 306 352 348 354 209 196 185 177 204 4 21 339 342 346 6 202 4 333 206 312 290 218 277 270 218 278 276 269 268 217 281 288 278 271 271 268 264 259 263 265 196 193 188 186 184 239 234 232 231 253 186 229 187 141 133 123 114 110 108 107 105 102
2 3 3 2 9 3 6 12 346 348 353 3 360 324 3 23 18 276 140 214 235 239 231 11 55 245 239 69 22 28 246 16 359 235 233 350 352 353 207 197 190 354 195 5 38 332 329 352 54 51 29 345 200 208 289 217 275 264 290 275 294 262 264 271 277 269 278 272 273 272 263 273 265 260 245 256 252 234 175 225 232 227 162 156 225 145 138 142 135 127 117 111 107 106 105 103
7 8 5 5 11 11 13 11 344 347 354 7 5 352 1 287 14 222 171 196 221 222 345 34 254 243 237 30 7 20 27 7 2 329 216 321 1 353 205 197 190 48 190 331 18 311 318 99 211 200 71 345 199 205 213 304 212 260 214 214 280 289 212 277 281 277 277 275 270 268 275 273 208 208 202 258 253 252 254 167 167 162 155 150 141 136 136 138 135 131 121 113 110 108 107 106
12 10 2 4 8 10 14 10 342 341 349 3 9 1 330 17 5 207 170 189 207 217 4 38 244 233 41 23 26 27 6 353 346 339 311 334 10 354 202 64 78 4 180 331 3 324 45 219 211 201 204 202 287 266 256 273 264 260 278 211 288 258 281 261 289 216 283 259 258 256 253 275 209 210 284 254 257 255 250 255 254 249 247 152 144 143 137 136 140 135 127 120 116 113 110 109
6 21 1 1 7 1 15 13 8 328 330 357 17 2 327 8 268 354 151 184 204 335 23 254 237 221 359 16 39 34 343 330 336 337 328 349 16 354 67 191 61 356 182 181 192 342 81 92 205 201 204 198 291 195 203 289 266 257 283 258 282 297 256 256 289 220 222 290 263 259 256 277 208 212 263 254 274 267 263 244 245 252 290 254 263 214 190 219 140 135 130 127 125 121 116 113
8 348 352 349 359 353 18 352 13 316 22 1 32 10 4 4 14 8 141 182 222 337 17 44 225 215 7 18 17 2 338 315 338 352 2 44 222 218 204 184 182 194 196 185 192 68 68 206 200 197 198 346 299 195 202 204 252 274 270 259 274 268 258 256 263 288 284 261 280 255 251 287 210 214 261 274 265 240 182 181 178 173 165 267 298 252 292 139 140 137 161 129 130 124 119 115
