examples/cougarCreek-fire/createInputs/farsite/7a-cougarCreek-polygonIgnit/cougarCreekFire_08-10-2015_2200_217m_non_neutral_stability_ang.asc
ncols	146
nrows	140
xllcorner	610065.000000
yllcorner	5095217.000000
cellsize	216.586807
NODATA_value	-9999.000000
[rows 84 to 125 of 140, columns 0 to 93 of 146]
217 216 216 215 213 211 209 211 197 200 202 200 187 201 200 200 222 201 202 202 188 204 204 204 204 212 205 212 206 192 202 201 209 208 200 209 216 210 202 211 211 210 210 210 211 211 210 210 213 213 194 209 206 190 189 207 206 206 194 203 198 188 189 182 152 152 183 187 173 161 152 153 160 177 165 155 149 153 157 167 166 165 164 161 159 159 159 159 159 159 158 156 158 155
214 213 213 212 211 209 207 206 199 213 200 216 180 188 199 199 199 209 202 194 183 203 203 204 204 212 214 212 207 208 192 203 209 209 203 211 212 206 210 210 211 211 210 211 212 212 211 211 212 213 212 211 211 211 210 209 208 207 206 205 205 190 203 192 169 166 173 196 186 171 164 152 151 161 164 159 156 154 170 168 166 164 163 162 160 155 159 158 158 158 158 158 158 155
210 210 210 209 208 207 205 204 205 200 199 190 199 196 198 199 206 200 192 190 203 203 203 186 204 215 205 211 207 192 193 218 199 210 202 210 205 206 210 210 198 212 211 212 213 213 213 212 213 213 213 213 213 212 211 210 209 208 208 207 207 206 205 204 174 171 175 184 185 183 183 158 152 156 161 180 162 174 172 169 167 134 162 161 161 160 160 157 156 136 157 157 153 158
206 206 207 207 206 204 203 202 200 198 198 181 197 193 200 206 206 188 191 184 202 203 203 204 202 211 206 213 208 202 207 217 209 209 209 209 210 210 211 208 214 214 212 213 214 214 214 213 214 215 215 215 214 213 212 212 211 210 209 209 208 207 206 205 184 176 180 183 183 195 193 172 161 158 153 155 151 155 159 144 168 133 163 161 161 160 160 160 159 157 158 157 158 158
202 203 204 204 204 202 204 199 198 197 197 182 196 182 197 206 204 184 192 201 202 202 203 203 207 205 206 206 207 207 217 213 196 210 209 204 211 211 207 214 216 216 215 214 215 215 215 215 215 216 216 216 175 215 214 214 213 212 211 211 210 209 208 207 178 175 183 178 176 176 195 177 167 157 186 183 180 177 173 145 168 166 163 161 162 160 160 159 159 156 159 158 158 156
199 200 202 201 201 200 200 197 196 195 195 188 195 195 196 208 202 188 190 200 201 202 203 202 204 204 205 206 206 206 207 209 200 211 210 210 211 212 209 214 216 216 216 215 216 216 216 216 217 217 217 217 176 177 215 215 214 213 212 212 211 210 209 180 184 171 173 176 172 171 174 179 180 173 161 152 151 178 175 172 168 166 165 163 162 161 160 160 159 159 158 158 156 155
197 198 199 199 199 198 196 195 194 194 194 191 194 194 193 209 200 184 185 200 201 201 202 203 203 204 204 206 205 210 212 205 201 210 210 210 211 212 213 214 215 216 216 215 216 217 217 217 218 218 218 218 218 178 216 215 215 214 213 213 212 181 211 183 182 177 170 172 166 164 165 176 194 191 175 162 159 158 149 174 170 167 165 164 162 161 160 160 159 159 158 152 142 146
195 196 197 196 196 195 194 193 192 192 209 185 193 175 191 203 194 197 198 199 200 201 199 202 203 204 214 208 210 212 203 198 196 210 211 211 212 213 214 215 216 216 217 217 202 218 218 218 218 218 219 219 218 175 217 216 216 215 215 214 214 181 182 177 183 209 177 170 167 160 200 164 195 192 190 168 161 180 159 149 146 150 140 164 163 162 161 161 159 159 157 157 157 155
193 194 194 193 193 192 192 191 191 190 202 183 174 186 189 194 193 183 197 198 199 200 208 201 202 203 200 206 214 211 193 208 209 211 212 212 207 214 218 226 217 217 230 218 218 218 218 219 219 219 220 219 219 171 170 217 217 217 216 216 215 214 179 174 181 210 209 178 167 164 202 166 196 193 174 163 160 157 153 147 145 148 165 152 161 146 141 139 159 158 157 157 158 158
192 192 192 191 191 190 189 189 189 188 189 187 190 188 191 191 196 191 196 197 198 199 207 200 202 215 202 206 206 201 193 208 209 211 212 215 213 214 215 216 217 216 217 218 217 218 219 219 219 220 220 220 220 173 171 178 218 179 217 216 216 215 176 170 174 211 211 182 173 167 165 172 197 195 172 166 159 183 140 133 172 169 136 162 162 154 160 156 132 155 136 139 155 157
189 190 190 166 188 188 187 187 187 186 187 187 189 189 190 191 195 194 195 197 197 198 199 209 201 218 205 198 192 198 199 190 200 211 216 212 212 213 214 215 215 215 216 218 218 219 219 220 220 220 221 221 220 220 169 173 172 168 177 217 216 216 177 171 214 166 179 211 175 170 163 171 199 196 175 177 177 162 147 146 142 141 166 133 136 140 138 159 152 152 157 154 158 152
187 187 187 187 186 185 186 185 185 185 185 186 186 181 188 185 192 197 183 196 196 197 199 200 201 202 201 190 205 206 207 198 208 217 210 211 212 212 213 225 215 215 217 218 218 219 220 220 221 221 221 221 221 221 168 180 173 167 166 175 217 217 172 168 215 162 165 168 170 169 165 164 181 178 177 192 188 185 153 142 141 143 167 164 162 136 160 160 159 159 159 157 154 159
185 185 184 184 183 183 184 183 183 183 184 184 185 183 181 182 194 202 183 195 196 205 198 199 199 213 194 190 202 220 206 210 208 209 210 211 211 212 228 216 216 216 217 217 218 219 220 220 220 221 222 222 222 222 222 221 220 220 219 218 170 176 170 172 167 167 213 165 163 166 164 165 164 165 171 179 189 186 175 180 133 130 128 131 163 163 151 162 137 158 157 157 139 160
183 182 181 181 181 182 182 181 182 182 182 183 183 186 186 187 194 193 181 194 195 196 197 197 198 193 189 201 204 204 206 206 207 208 209 210 211 212 214 216 216 217 217 217 218 219 220 220 221 221 222 222 222 222 222 221 221 220 219 219 219 169 174 173 168 216 214 213 212 210 208 205 203 162 163 174 190 188 185 162 177 131 170 166 166 163 159 164 161 128 126 136 159 161
178 178 177 179 179 178 180 179 180 180 181 181 182 181 184 185 187 185 181 192 193 195 196 196 198 188 194 202 203 204 205 217 207 208 221 220 224 225 226 222 217 217 217 217 218 219 220 221 221 222 222 222 222 222 222 221 221 220 220 220 219 219 218 218 165 216 215 214 212 211 208 206 204 161 162 164 177 188 186 175 178 174 170 167 165 163 164 164 165 162 161 161 160 161
176 176 175 176 180 176 177 178 178 178 180 180 181 182 183 184 185 187 189 191 192 193 195 197 193 194 200 201 199 205 205 205 207 222 219 221 221 219 222 232 218 217 216 217 218 220 220 221 221 222 223 222 222 222 222 222 221 221 220 220 220 219 219 218 218 217 216 214 213 212 161 165 164 202 158 160 168 189 186 183 162 155 172 156 156 164 163 165 163 162 163 163 162 160
173 172 172 174 173 175 175 176 175 177 177 178 179 176 181 183 185 186 188 189 191 201 195 194 198 199 199 201 192 206 218 205 206 207 213 212 219 212 214 216 217 216 216 217 218 220 220 221 221 222 223 223 222 222 222 222 222 221 221 221 220 220 219 219 218 218 217 215 214 162 161 159 161 159 158 194 191 162 187 184 169 159 172 168 166 163 162 161 164 162 160 162 162 162
171 170 170 170 174 172 174 175 173 175 177 176 178 179 180 181 183 185 187 188 190 192 195 209 197 198 202 192 191 202 203 219 213 210 206 209 210 211 211 213 215 215 215 217 218 219 220 220 221 223 224 223 222 222 223 194 190 193 221 221 221 220 220 219 170 155 167 216 215 214 153 158 157 155 202 198 149 151 163 173 161 153 172 135 165 169 167 160 160 160 158 159 162 163
167 168 168 166 167 168 171 171 171 175 175 175 177 178 179 181 181 183 175 187 184 193 193 195 196 197 204 195 204 202 202 204 210 209 208 212 223 224 220 210 216 216 217 207 227 220 226 235 222 223 224 223 223 223 166 168 162 163 188 222 221 221 220 220 220 219 218 216 216 214 212 210 208 205 153 197 194 190 154 162 180 176 173 170 168 165 164 163 161 166 165 164 163 163
162 168 165 164 164 165 166 167 171 170 174 175 177 176 177 181 181 182 184 187 189 190 192 194 195 197 203 197 208 201 210 207 210 211 210 210 214 212 209 205 201 218 218 218 232 231 234 222 240 240 223 224 224 225 203 189 185 188 222 222 222 221 221 220 220 219 218 217 216 215 213 211 209 206 155 198 158 158 160 167 161 153 146 142 169 169 166 165 164 166 161 165 158 164
160 165 161 162 162 162 165 165 167 168 173 174 175 175 179 178 179 181 184 181 188 189 191 193 197 196 202 195 208 207 199 204 209 210 211 202 206 213 215 216 216 211 219 233 238 220 221 222 241 237 229 234 225 225 225 207 199 223 223 223 195 191 221 221 220 220 219 218 155 169 161 159 209 157 155 199 195 159 160 165 160 154 152 171 169 169 168 165 164 168 165 163 165 163
157 158 158 158 159 159 160 162 165 170 172 172 171 176 177 176 178 179 183 179 189 188 191 192 197 196 197 186 206 205 199 209 209 208 208 200 210 212 213 232 228 218 227 235 219 241 221 222 243 243 224 224 225 226 227 208 224 224 223 223 202 195 192 180 156 157 156 171 160 167 166 164 162 208 205 201 197 193 189 186 152 156 154 172 170 169 168 166 164 166 168 163 163 165
155 155 155 156 157 158 158 160 162 164 165 169 171 174 174 175 178 178 182 183 185 187 190 188 193 195 201 186 204 206 206 207 205 206 205 204 223 211 213 222 215 216 227 218 235 237 239 240 223 244 223 224 225 226 227 222 224 224 224 224 197 183 157 173 172 172 171 160 168 168 165 166 165 164 205 202 143 140 191 187 184 179 177 141 171 174 165 166 169 168 169 162 161 163
151 152 152 159 155 156 158 158 160 161 168 168 171 173 173 176 176 177 181 183 184 186 191 197 201 194 198 194 209 209 211 199 199 205 206 217 209 211 213 209 215 222 231 233 234 235 222 223 238 237 235 241 244 246 233 213 218 224 224 210 184 166 178 184 222 180 159 158 172 168 166 165 164 163 162 203 200 195 191 156 153 180 177 175 173 175 173 166 165 169 163 163 161 160
148 149 149 156 156 154 152 157 158 160 168 168 170 171 173 175 175 178 180 180 184 185 187 191 192 205 200 204 207 202 203 194 197 208 218 208 208 228 201 197 221 230 233 234 237 221 239 237 237 237 232 237 242 237 185 174 208 224 221 196 169 180 181 223 206 181 173 171 170 168 160 166 165 164 162 160 158 156 156 157 159 181 178 175 173 170 168 167 163 165 169 168 168 168
138 146 146 147 154 154 150 154 156 159 161 162 169 170 172 173 174 176 179 181 186 187 188 192 201 196 198 205 197 195 198 195 201 215 207 207 208 213 198 207 225 230 231 233 236 239 222 223 224 225 225 241 238 227 229 176 207 222 207 195 174 183 200 223 217 185 178 170 171 169 171 167 167 171 171 165 160 156 194 154 155 182 179 176 174 173 170 168 167 166 170 169 169 169
136 137 144 145 153 154 154 152 155 158 159 160 167 170 171 171 173 179 177 179 181 183 188 189 191 197 194 201 192 195 200 204 219 205 206 208 223 204 204 223 227 227 229 233 234 236 240 223 246 225 246 247 244 248 228 227 234 212 180 174 164 190 192 223 184 180 164 179 172 171 169 165 167 165 167 162 160 199 195 190 186 183 180 176 174 174 172 170 169 168 167 165 170 163
137 136 141 143 144 151 153 153 149 157 158 159 167 168 169 171 177 174 176 177 181 183 185 189 191 193 194 196 195 201 201 203 203 205 206 207 205 201 217 227 215 229 231 231 231 233 237 241 243 224 244 248 247 248 226 244 215 169 170 169 170 170 164 179 178 176 172 170 166 171 167 170 214 212 209 206 160 158 156 191 187 184 180 177 174 174 173 170 168 168 168 169 165 164
134 136 138 140 141 142 144 152 148 154 156 158 166 165 166 170 169 172 174 177 179 181 183 188 191 193 194 200 201 207 201 202 215 214 217 204 201 212 223 225 229 231 230 231 233 235 236 237 241 241 242 245 245 241 225 176 174 173 170 170 170 171 173 180 181 180 181 178 177 172 170 173 171 166 163 162 162 161 158 192 188 186 182 179 176 174 174 173 171 170 169 169 170 166
132 134 132 131 139 139 140 143 147 150 154 155 163 161 164 167 172 173 173 173 178 180 183 188 191 193 194 195 203 206 199 206 205 212 209 197 207 218 220 222 223 224 230 236 241 221 241 237 238 237 240 238 233 225 212 192 177 173 170 170 170 173 176 180 181 180 180 181 179 176 175 176 176 175 170 166 168 201 198 161 190 187 183 180 177 175 174 174 172 172 171 169 170 168
125 126 133 135 137 138 140 141 142 146 151 152 160 159 162 165 168 170 171 173 174 180 181 187 186 192 192 194 195 197 199 202 202 210 200 201 215 221 211 216 214 227 236 218 219 220 221 237 234 232 232 228 223 218 212 208 192 183 178 174 175 178 180 181 181 180 181 179 178 176 175 173 172 173 173 171 174 175 198 195 191 189 185 181 178 176 174 174 172 173 173 171 175 172
127 129 131 132 129 137 133 134 142 144 147 148 151 154 156 164 165 166 169 170 174 180 183 182 184 190 191 193 195 196 192 200 211 206 198 208 218 209 210 214 214 231 215 236 235 231 228 233 232 230 228 224 220 214 210 208 207 203 190 181 180 183 185 182 180 181 182 180 178 175 174 172 171 172 174 173 173 201 199 195 192 189 187 184 181 178 176 175 174 173 173 172 171 177
125 127 128 130 130 133 137 138 141 135 144 145 147 151 153 156 165 162 166 168 172 179 184 181 188 186 190 192 194 194 195 199 202 204 207 218 208 211 207 217 213 214 229 228 226 224 225 229 231 230 227 221 214 212 208 205 207 206 202 190 183 183 187 184 180 180 179 178 177 176 176 174 174 174 175 175 204 202 199 196 192 190 187 184 182 180 178 178 176 176 173 172 179 179
123 124 125 126 128 130 133 135 140 140 142 143 144 147 150 160 161 160 165 168 171 179 183 179 182 183 190 191 193 192 194 199 203 204 206 216 205 205 211 221 213 214 231 230 226 221 220 227 228 223 221 213 210 210 208 205 204 204 203 194 186 185 188 187 185 182 179 178 178 180 179 176 175 175 174 174 204 202 200 197 194 191 187 185 183 181 180 178 183 181 179 175 173 181
121 123 123 130 126 129 125 133 138 138 140 137 139 145 148 158 159 160 165 168 169 178 182 184 179 182 190 190 191 191 194 200 202 204 204 208 206 206 219 212 213 214 227 225 219 215 217 224 221 217 219 211 208 209 208 226 202 201 225 195 225 189 224 191 189 187 184 179 178 179 182 177 175 174 210 207 204 202 199 197 194 192 190 187 185 183 188 180 185 182 182 183 183 183
119 121 122 122 124 125 128 131 133 135 137 144 139 138 146 148 151 160 159 167 170 176 179 181 179 184 187 189 191 192 196 199 198 203 204 203 204 209 211 227 213 225 223 219 215 216 220 220 217 216 216 212 225 225 225 225 225 225 225 225 193 224 193 224 190 188 187 183 178 177 182 183 178 175 210 207 205 202 200 198 195 193 192 189 186 185 189 184 187 186 185 185 185 185
117 119 120 121 127 121 124 128 130 132 134 134 137 140 144 146 149 153 156 166 170 167 178 180 182 184 184 188 192 190 193 197 198 200 203 204 207 210 211 213 213 219 219 218 219 221 222 217 216 218 216 213 225 225 225 225 225 225 225 225 225 194 193 193 223 192 186 186 180 177 178 184 185 182 177 207 205 202 200 199 196 193 192 190 188 193 191 190 189 188 187 187 186 187
116 117 125 129 126 125 125 126 127 130 132 133 135 138 141 143 147 150 153 164 162 165 177 180 180 180 183 188 191 188 191 195 197 203 202 204 208 210 211 212 217 215 220 222 225 225 221 216 216 219 216 214 213 226 226 225 225 225 225 225 225 199 195 196 198 198 188 188 185 179 178 181 181 179 210 208 205 203 200 199 197 194 192 191 189 194 193 191 190 189 189 188 188 188
114 121 116 118 127 123 126 122 124 127 131 131 132 135 138 141 145 148 150 155 159 171 174 176 175 176 184 191 192 190 190 194 197 199 201 205 208 209 211 218 212 216 224 225 227 224 216 215 216 219 219 217 225 225 225 225 225 225 225 225 225 225 194 197 200 201 223 193 193 183 178 177 214 212 210 208 206 203 201 199 197 195 194 192 190 189 194 193 191 191 190 190 190 190
113 122 119 116 125 117 126 130 121 124 128 129 130 138 133 139 144 146 148 159 157 169 172 174 173 174 186 190 191 190 191 196 197 199 201 205 207 209 210 211 212 218 221 222 224 219 220 215 219 222 222 217 225 225 225 225 225 225 194 225 224 225 195 197 223 222 222 195 193 188 183 180 180 212 210 208 206 204 201 200 198 196 195 193 192 192 191 195 193 193 192 192 192 192
112 112 120 120 114 116 118 119 119 121 125 127 128 130 132 136 141 144 146 150 154 158 171 172 173 175 187 190 190 189 191 192 196 198 202 205 208 209 210 211 213 219 221 221 218 214 220 217 221 222 220 224 224 225 225 225 225 225 225 224 224 225 224 223 222 223 222 223 190 187 186 187 213 212 210 209 207 204 202 200 198 197 197 196 199 198 197 196 195 195 194 193 193 193
110 111 111 120 119 114 116 118 118 123 122 125 127 128 137 133 138 142 144 148 152 165 169 165 174 178 186 189 184 185 191 193 196 200 205 206 208 209 211 212 213 215 223 217 217 219 219 217 219 217 223 224 224 224 225 225 225 225 225 225 225 191 187 186 187 221 221 221 181 180 182 214 213 212 211 209 207 205 203 201 199 198 203 202 201 199 198 198 197 197 196 195 195 195
