examples/cougarCreek-fire/createInputs/farsite/7a-cougarCreek-polygonIgnit/cougarCreekFire_08-11-2015_2000_217m_non_neutral_stability_ang.asc
ncols	146
nrows	140
xllcorner	610065.000000
yllcorner	5095217.000000
cellsize	216.586807
NODATA_value	-9999.000000
[rows 0 to 48 of 140, columns 0 to 95 of 146]
278 281 283 289 295 300 304 308 312 294 319 320 322 325 331 340 352 7 24 38 50 12 71 78 82 85 87 89 92 94 95 97 99 102 105 107 109 104 110 115 114 114 119 116 118 118 123 123 123 122 121 119 118 118 118 119 119 117 116 116 117 116 116 116 117 117 115 115 116 118 120 119 116 114 114 116 117 115 112 113 113 115 118 111 110 113 122 111 112 117 124 116 114 125 125 125
278 281 283 289 295 300 304 308 312 294 319 320 322 325 331 340 352 7 24 38 50 12 71 78 82 85 87 89 92 94 95 97 99 102 105 107 109 104 110 115 114 114 119 116 118 118 123 123 123 122 121 119 118 118 118 119 119 117 116 116 117 116 116 116 117 117 115 115 116 118 120 119 116 114 114 116 117 115 112 113 113 115 118 111 110 113 122 111 112 117 124 116 114 125 125 125
277 280 283 288 294 299 303 307 311 314 317 320 321 324 328 335 344 355 9 23 38 355 62 70 75 79 83 85 88 90 92 95 98 101 104 106 108 110 112 114 115 117 118 119 119 120 121 121 121 121 121 120 119 118 118 118 118 117 116 116 116 116 116 116 116 116 116 116 116 117 118 117 116 115 115 117 118 117 115 115 116 117 119 120 121 122 122 123 123 124 124 122 123 124 123 123
275 281 284 288 294 299 303 307 310 314 317 320 322 324 328 333 339 348 357 8 22 349 48 57 64 70 75 79 82 85 87 92 95 98 101 104 105 107 109 111 113 114 115 116 117 117 119 119 120 121 121 121 120 119 118 117 117 117 116 115 116 117 116 116 117 117 117 117 117 117 116 117 117 118 118 118 120 121 119 118 118 119 120 121 122 123 124 125 125 126 126 125 124 125 125 124
272 279 283 288 293 297 302 301 301 306 317 320 322 324 326 330 336 342 349 358 336 342 0 45 54 61 67 73 77 80 84 88 93 96 99 102 104 106 107 109 111 112 114 115 116 116 118 119 120 121 122 122 120 113 117 117 117 116 116 117 117 117 117 117 117 118 118 118 117 117 117 118 119 119 119 120 121 121 120 120 120 120 121 122 123 124 125 126 126 127 128 127 105 108 107 104
270 277 282 286 291 296 300 304 308 308 309 317 320 322 324 327 332 337 330 350 334 334 346 35 44 53 60 66 72 76 80 85 91 95 98 101 103 105 107 108 110 111 113 114 115 116 118 119 120 115 115 115 121 119 118 117 118 118 118 118 117 118 118 118 118 118 109 117 117 117 118 119 120 120 119 119 120 121 121 121 121 121 122 122 123 124 125 125 126 127 127 127 127 99 106 104
267 274 280 285 290 295 299 303 306 311 310 312 322 320 322 325 328 332 322 325 332 335 344 1 24 37 51 43 51 61 76 82 89 94 97 100 103 105 106 100 102 111 106 114 115 109 111 112 115 117 111 122 113 120 119 119 119 119 118 118 118 110 110 118 118 109 118 118 118 118 119 120 119 118 118 119 121 122 121 122 121 122 122 122 132 124 125 126 126 127 127 127 127 101 103 106
264 271 278 284 288 293 298 302 300 304 308 310 317 328 335 322 325 334 327 322 330 335 342 352 15 30 34 38 46 60 71 62 74 93 97 100 103 105 98 100 102 103 105 106 108 109 111 113 114 108 114 114 122 121 120 119 119 119 118 118 109 109 118 118 118 110 118 118 118 118 119 118 118 118 119 120 121 121 121 122 122 122 123 123 123 124 125 126 127 127 127 127 127 127 103 93
262 270 277 282 287 305 296 309 307 307 310 311 313 322 330 319 334 333 327 318 326 331 311 318 3 20 27 33 41 53 57 60 74 91 96 89 93 96 99 101 103 104 106 107 109 110 110 110 111 113 114 115 115 113 112 120 119 119 110 118 108 118 118 118 108 109 109 107 118 118 118 118 118 119 120 120 120 120 121 122 122 122 123 123 124 124 125 126 126 127 127 127 127 127 127 128
261 268 275 281 286 294 301 307 309 311 313 313 311 317 327 331 332 334 326 306 309 328 329 336 328 9 18 27 32 45 52 57 69 77 83 89 93 97 100 103 104 105 107 108 110 110 110 111 112 114 115 117 114 112 120 120 119 119 110 118 118 118 119 109 109 107 107 106 118 118 118 118 119 119 119 120 120 121 122 123 123 123 123 123 123 124 125 125 126 131 127 127 127 127 127 126
299 266 273 280 285 290 293 300 305 309 312 314 314 315 323 325 329 319 326 320 309 320 327 331 314 0 23 24 24 39 49 52 67 76 82 90 95 99 102 104 105 106 108 97 100 100 111 111 113 107 111 108 112 120 120 120 120 110 119 119 119 109 110 110 107 107 109 108 118 118 118 119 119 119 119 121 121 121 122 123 123 123 123 123 123 125 131 125 126 126 127 128 127 127 127 126
256 263 300 299 298 294 293 296 303 311 313 314 316 314 318 320 315 329 323 321 312 321 319 327 336 342 25 16 12 30 40 47 63 72 81 90 96 101 103 104 106 89 93 95 99 100 111 112 105 107 107 113 122 121 113 112 111 111 110 120 119 109 111 110 109 118 118 118 118 118 118 118 118 119 120 120 121 121 122 122 123 123 123 123 123 124 125 125 126 126 127 127 128 127 127 126
254 262 269 297 299 298 292 293 297 303 310 315 319 315 316 318 323 323 317 318 315 321 324 308 329 316 17 8 9 33 29 41 56 70 83 93 99 103 105 107 82 90 94 96 99 99 111 101 104 113 114 114 123 122 113 113 112 112 111 111 111 114 113 119 118 118 118 117 117 117 118 118 118 119 120 120 121 121 122 122 123 123 123 123 123 124 124 125 126 126 127 127 128 128 127 126
252 260 267 274 280 294 291 295 291 297 303 307 311 319 313 316 319 321 318 319 316 317 327 318 306 317 6 4 15 40 39 33 15 19 17 26 47 56 58 73 83 95 96 97 97 112 113 101 104 115 115 115 116 115 113 113 112 112 112 113 116 115 118 118 117 117 117 117 117 117 118 118 118 119 120 120 120 121 121 122 122 123 123 123 123 124 124 125 125 126 126 126 128 129 128 145
250 258 265 272 278 284 289 293 297 293 296 302 305 303 313 325 333 336 330 326 328 325 332 333 316 321 354 1 16 38 40 22 1 9 10 16 42 52 55 82 94 97 95 96 95 96 99 103 106 106 116 117 116 115 113 112 104 113 112 112 118 118 118 117 108 104 105 104 117 118 104 118 118 119 119 119 119 120 121 121 122 123 123 123 123 124 124 124 125 123 129 123 127 140 128 143
248 256 263 270 276 281 295 299 298 294 296 301 301 298 299 312 331 335 328 326 330 328 333 342 327 322 344 359 15 35 26 360 2 7 5 19 30 43 57 69 92 94 95 96 96 98 102 107 106 104 118 117 105 104 113 113 106 112 102 109 110 109 106 105 105 105 106 117 117 118 119 118 118 118 119 119 118 119 120 121 122 122 122 123 123 123 123 124 125 125 121 120 125 130 127 125
244 252 260 267 274 279 284 296 300 300 299 302 311 311 296 286 293 322 318 317 327 326 334 313 337 327 343 2 27 36 11 353 7 13 13 24 26 39 62 73 85 92 96 97 99 101 105 104 103 104 119 105 109 106 102 116 116 102 110 110 109 107 107 106 106 106 118 104 117 117 118 117 117 117 118 118 118 119 120 121 121 122 122 122 122 122 122 123 124 124 124 123 123 126 132 125
239 248 256 264 271 277 282 291 299 308 301 302 304 312 292 279 279 290 299 299 309 310 329 0 348 333 350 10 26 22 4 2 8 12 29 26 27 37 59 76 85 91 94 97 99 102 103 102 102 104 107 113 111 102 102 115 113 99 111 109 107 107 107 107 108 118 118 113 114 116 117 117 117 117 117 118 118 119 119 120 121 122 122 122 122 122 122 112 111 124 123 123 123 125 126 128
235 244 252 260 268 275 280 291 309 314 303 303 292 295 301 300 296 298 301 297 304 309 309 342 346 342 358 16 19 16 10 13 15 13 33 18 17 39 62 76 84 90 95 98 99 99 101 102 102 105 111 112 105 112 101 103 110 109 101 108 108 99 110 109 117 112 114 119 115 116 116 117 117 117 117 118 119 119 119 119 121 121 122 122 122 122 122 112 110 123 123 106 111 125 126 127
230 239 248 256 264 271 285 288 307 312 301 300 292 296 310 317 314 308 310 303 308 319 305 316 335 350 10 20 18 15 19 22 43 96 104 16 19 33 62 77 86 92 98 102 101 101 103 104 109 112 111 104 100 100 102 98 98 110 99 98 108 100 108 106 108 117 117 116 115 116 116 116 117 117 117 118 118 118 119 119 120 121 122 122 121 121 122 107 106 123 123 112 111 114 124 125
225 233 242 269 276 281 283 286 293 309 297 302 314 295 295 309 318 315 318 310 313 328 302 303 311 348 18 19 19 20 25 34 90 102 108 16 33 93 61 84 92 100 104 104 104 106 107 109 122 110 107 101 99 105 97 111 113 99 100 98 97 100 109 107 117 117 117 116 116 116 116 116 116 116 116 117 118 118 119 120 120 121 122 122 121 121 121 122 123 123 103 109 111 122 123 124
220 227 236 265 273 276 279 282 289 310 301 302 321 314 284 299 286 294 306 304 304 324 310 311 320 343 8 13 21 29 30 48 100 108 111 78 43 93 67 92 104 110 107 106 104 101 104 109 109 100 101 99 99 97 113 98 98 102 102 97 97 100 98 117 109 109 109 109 115 115 115 115 116 116 116 116 117 118 118 119 120 121 121 121 120 120 121 122 123 123 103 107 106 105 124 124
215 222 230 239 262 267 271 277 283 303 300 297 314 332 296 296 274 297 286 301 304 312 309 305 312 342 9 15 30 43 39 66 106 50 114 113 36 46 71 97 112 113 110 104 103 105 107 106 100 99 99 98 98 114 114 99 98 99 99 97 100 101 110 110 109 108 107 115 115 115 115 116 116 116 115 116 117 118 118 118 119 120 121 120 120 120 121 122 122 101 110 112 114 117 114 112
210 217 226 234 242 250 266 273 292 303 304 293 299 325 312 299 294 294 297 312 320 319 315 293 288 320 19 20 36 43 35 48 110 115 116 78 41 54 72 97 105 109 107 103 103 104 104 101 99 100 99 121 99 102 99 99 98 99 101 101 105 111 108 115 105 107 106 106 115 115 115 115 115 115 115 116 116 117 118 118 119 120 120 120 120 120 120 121 101 122 126 127 123 124 123 118
206 213 221 229 237 244 260 268 274 300 310 298 296 316 317 300 295 294 294 296 309 322 327 309 293 310 14 27 26 27 36 53 88 117 44 34 48 62 78 101 103 101 103 119 105 101 101 103 101 100 101 120 99 99 99 102 104 106 105 104 104 110 94 93 108 107 106 106 116 106 115 115 115 115 115 115 116 117 117 118 118 119 120 120 119 119 119 119 120 127 127 122 119 126 129 123
202 208 216 223 231 238 256 263 268 291 307 301 290 295 316 307 297 293 292 288 293 316 325 317 307 318 12 36 11 19 49 98 97 69 118 94 57 70 91 106 108 100 101 102 103 119 108 121 101 99 123 101 99 98 99 105 107 118 105 103 103 109 94 102 109 106 106 108 109 110 110 114 114 115 115 115 115 116 117 117 117 118 119 119 119 118 118 118 115 120 129 125 119 122 128 124
199 204 211 218 240 246 249 253 269 278 297 293 289 287 301 312 299 295 296 292 295 315 319 310 305 315 12 40 11 25 67 77 71 66 57 57 69 80 93 98 96 93 95 97 98 100 100 100 98 98 121 97 97 96 96 101 105 105 102 101 101 109 108 100 101 104 110 110 110 110 110 113 114 114 114 115 114 115 116 116 116 117 118 118 118 118 118 117 101 109 123 118 124 122 124 119
196 201 207 213 231 238 245 248 255 263 284 293 296 284 278 290 289 292 299 294 299 316 317 296 288 300 356 38 29 43 70 72 70 69 68 69 78 91 97 95 93 92 94 98 101 101 100 103 103 96 120 96 97 96 97 104 105 103 101 102 102 103 107 113 115 115 112 109 106 104 104 113 113 113 113 113 113 114 115 115 116 117 118 118 118 118 117 116 98 101 103 105 106 106 119 119
195 198 203 209 214 232 239 247 251 267 281 295 303 282 269 277 284 287 296 292 296 311 316 290 267 269 306 20 45 60 74 70 71 77 80 83 96 99 94 95 97 96 100 104 107 121 121 121 97 121 120 96 98 99 101 107 106 104 106 110 111 110 110 111 112 113 113 110 108 106 105 112 112 112 112 113 113 113 114 115 115 116 117 118 117 117 116 115 93 93 117 118 97 99 119 119
193 196 200 204 210 227 233 265 281 278 283 292 304 316 286 278 285 289 294 289 293 308 312 304 275 268 278 327 37 69 77 77 76 83 86 90 99 95 94 98 100 104 113 120 120 120 120 99 120 122 121 97 99 99 108 110 108 107 106 106 106 106 107 108 108 109 108 108 107 107 106 111 111 112 112 113 113 113 114 114 115 116 116 117 116 116 116 115 115 93 96 98 104 106 102 118
191 193 196 201 205 224 225 229 262 268 271 285 291 308 302 279 289 300 305 304 308 322 317 320 301 290 292 306 22 67 75 79 85 87 91 100 100 86 99 107 113 115 121 120 120 121 101 97 123 124 123 101 99 106 109 104 100 101 103 104 105 107 108 108 106 106 104 103 102 101 100 111 111 112 112 113 113 113 114 114 115 115 116 116 115 116 116 115 115 103 105 105 104 100 97 119
190 191 193 197 201 219 223 225 254 261 258 262 270 278 297 276 276 290 298 306 320 336 328 326 310 296 296 301 9 61 69 87 94 94 99 103 90 87 104 114 114 115 121 121 121 121 123 98 126 125 122 118 98 102 97 94 98 101 103 104 106 109 109 107 104 103 107 107 106 105 105 108 110 110 111 112 112 113 113 114 114 115 116 116 116 116 116 115 114 104 103 102 101 99 100 119
189 190 191 194 198 218 219 219 250 258 262 266 278 285 291 276 263 265 271 280 304 326 335 346 332 312 290 281 338 51 69 90 99 102 98 94 91 95 105 100 114 116 121 121 121 121 122 131 126 126 124 120 95 98 97 98 104 107 107 105 104 105 106 108 110 111 113 109 115 117 108 112 111 109 110 111 112 116 121 112 113 114 116 116 116 115 115 114 138 104 99 100 102 104 106 118
185 187 194 191 209 211 214 216 252 255 268 281 292 289 286 276 261 249 242 244 255 276 296 320 5 3 327 294 306 40 75 95 105 105 104 103 105 110 112 112 113 115 120 120 119 124 124 129 125 126 125 137 133 107 103 107 109 110 110 114 109 108 108 111 110 108 109 108 108 106 100 98 108 109 110 111 111 111 118 111 112 112 114 115 115 113 113 113 138 123 101 101 105 107 110 116
181 184 188 196 201 203 206 256 261 264 265 268 276 283 287 276 262 251 244 240 241 245 248 258 304 15 8 329 328 55 104 106 107 109 107 107 109 112 114 116 114 113 114 115 116 120 122 127 122 124 123 121 132 132 128 121 113 111 112 113 114 111 109 103 103 103 104 101 95 106 107 108 98 105 111 112 110 110 110 111 111 111 112 114 115 113 112 112 138 133 103 101 104 104 102 116
178 181 184 186 196 198 198 198 245 248 244 235 241 255 277 283 281 282 286 265 250 238 231 222 214 209 258 314 359 75 108 109 107 108 105 104 105 105 104 104 110 111 112 118 118 118 114 118 127 121 121 119 117 129 127 126 121 117 114 112 109 106 103 100 99 102 99 107 107 107 107 98 103 107 109 109 108 109 109 110 110 111 112 113 115 113 111 111 139 138 108 103 104 103 103 115
175 176 178 189 188 248 249 189 234 234 231 228 229 237 243 253 256 257 255 237 220 213 210 200 191 187 198 213 252 108 114 119 111 106 104 98 96 96 96 95 95 97 119 119 117 116 116 118 118 127 122 122 116 116 115 114 124 123 122 119 117 115 112 109 104 100 101 100 102 102 99 100 101 100 106 107 107 108 108 109 109 110 111 112 114 113 111 110 139 139 117 104 102 103 106 113
172 172 173 182 181 181 181 221 181 216 216 225 225 224 217 217 214 206 198 195 196 198 195 191 188 186 190 188 171 139 118 119 125 122 119 117 110 107 107 106 104 104 108 117 116 116 115 115 108 117 124 121 119 119 117 115 115 115 117 117 117 117 117 117 117 117 117 118 118 119 118 116 103 104 105 106 107 107 108 108 109 109 109 110 113 114 111 109 139 138 114 100 98 98 98 112
169 169 169 176 177 176 190 178 207 206 213 217 215 209 206 207 204 199 198 201 200 194 192 189 183 184 189 183 167 125 119 108 115 123 128 130 130 130 127 124 115 109 103 105 118 118 116 114 116 118 114 120 116 113 111 109 109 109 109 109 117 116 116 116 116 116 116 117 117 118 117 117 118 118 111 97 105 106 106 107 107 108 108 109 112 114 112 109 137 138 124 96 95 97 97 112
165 165 166 172 172 173 185 175 206 210 213 212 204 211 209 207 203 198 195 194 191 191 194 191 183 190 188 185 171 170 121 108 112 113 119 122 123 120 123 123 120 122 125 123 116 115 114 108 105 114 117 106 106 108 111 108 113 113 107 106 106 115 115 114 114 103 102 102 101 101 101 101 101 118 119 122 122 103 104 105 106 107 107 108 110 114 113 109 107 138 138 103 96 98 99 98
160 161 163 169 169 169 183 171 170 206 209 211 210 215 205 201 196 190 188 191 192 195 192 185 177 187 184 183 184 189 120 115 114 113 110 108 107 109 117 116 113 114 114 114 122 122 122 119 117 114 114 112 110 111 110 109 108 107 106 105 106 105 103 102 101 99 99 99 99 99 100 100 101 101 101 102 102 101 125 120 103 105 106 106 107 111 112 110 108 106 138 125 104 100 98 95
156 158 161 167 167 180 168 168 166 202 204 203 199 198 193 192 189 185 192 198 198 193 187 170 176 184 180 181 180 175 135 113 109 106 105 106 105 106 105 106 113 114 111 113 114 112 112 112 113 113 114 116 116 114 112 112 110 109 111 108 104 103 101 99 97 96 96 97 97 98 98 99 100 100 100 102 103 103 102 99 125 102 104 105 105 108 111 111 109 106 104 133 114 104 101 94
154 155 158 159 165 159 166 160 163 161 158 195 191 190 188 187 186 192 198 193 192 186 172 168 183 181 177 176 168 160 145 118 104 103 102 105 105 103 102 103 106 111 110 107 105 102 107 111 111 109 112 109 109 108 107 106 104 103 101 99 98 97 95 94 94 95 96 97 97 98 98 99 99 99 100 102 104 104 104 102 121 125 98 98 104 105 108 110 110 106 104 103 123 109 101 96
154 154 155 156 161 171 164 162 161 159 189 187 182 182 179 180 187 190 191 188 184 172 166 167 183 176 175 165 164 160 151 133 117 104 101 102 104 102 100 99 99 101 101 98 109 109 109 109 104 109 107 107 106 105 103 101 99 97 93 95 95 94 94 94 96 98 99 99 99 99 99 100 100 100 101 102 104 105 106 106 101 97 117 99 103 103 104 106 109 108 104 102 125 117 112 106
153 153 154 154 155 162 161 160 159 183 179 172 174 181 178 182 181 183 184 182 178 164 164 173 180 173 163 162 163 157 150 139 133 121 111 102 102 100 98 98 103 98 108 108 109 111 104 108 110 107 105 104 103 101 100 98 96 95 95 96 97 97 92 94 94 94 92 89 88 87 87 87 87 86 86 101 102 104 107 107 105 98 124 98 101 109 102 103 106 108 106 102 124 119 103 116
151 150 152 153 159 160 160 160 158 172 167 171 180 182 181 179 170 183 181 178 177 170 168 168 176 167 159 167 164 159 147 141 139 131 122 113 106 102 99 98 93 108 107 108 110 101 103 110 108 103 99 94 99 99 99 97 96 96 98 95 96 97 85 83 81 85 90 89 85 87 89 92 91 92 92 89 86 89 104 107 106 101 118 102 99 100 108 101 102 106 107 103 101 113 102 101
148 148 163 151 157 158 171 174 172 162 168 178 179 180 177 173 178 176 176 174 174 165 163 162 162 160 160 167 162 154 147 143 141 136 127 116 113 110 104 97 101 101 102 95 100 104 105 106 101 98 95 95 97 99 99 99 101 98 100 88 86 83 81 84 84 88 88 86 94 104 105 106 100 95 95 100 106 91 99 104 106 104 97 120 96 99 99 100 100 102 105 104 101 100 101 101
145 153 152 150 150 157 162 169 169 165 176 178 177 178 179 176 141 163 172 171 171 157 153 157 160 160 168 166 156 152 148 148 142 137 128 114 116 118 112 106 93 99 111 107 107 106 103 102 101 98 96 95 97 99 99 101 104 89 85 90 91 90 92 95 97 97 96 97 102 103 102 100 95 94 97 99 103 101 89 98 103 104 100 95 96 97 98 98 99 99 102 104 102 100 100 101
142 158 162 165 164 164 161 171 172 172 175 153 174 174 144 141 166 165 173 172 161 149 149 158 162 171 169 165 149 153 153 152 150 137 121 112 115 121 118 123 129 121 124 115 102 98 100 88 101 102 101 90 86 87 88 89 91 106 114 115 110 102 102 109 109 106 104 102 100 98 92 91 94 95 94 95 102 109 94 94 99 103 101 96 123 102 96 97 97 98 100 102 102 100 99 99
