examples/cougarCreek-fire/createInputs/farsite/7a-cougarCreek-polygonIgnit/cougarCreekFire_08-10-2015_2200_217m_non_neutral_stability_ang.asc
ncols	146
nrows	140
xllcorner	610065.000000
yllcorner	5095217.000000
cellsize	216.586807
NODATA_value	-9999.000000
[rows 0 to 41 of 140, columns 0 to 93 of 146]
274 271 269 270 269 268 267 266 266 267 268 269 270 271 270 270 270 269 268 267 267 268 272 275 277 276 275 275 276 276 275 273 272 273 274 275 277 306 287 283 288 295 288 299 298 305 296 297 299 300 298 294 290 285 279 271 259 241 222 206 192 181 174 168 164 161 159 156 155 154 154 153 152 151 150 151 152 151 150 150 150 150 151 131 129 131 151 132 130 133 148 130 127 147
274 271 269 270 269 268 267 266 266 267 268 269 270 271 270 270 270 269 268 267 267 268 272 275 277 276 275 275 276 276 275 273 272 273 274 275 277 306 287 283 288 295 288 299 298 305 296 297 299 300 298 294 290 285 279 271 259 241 222 206 192 181 174 168 164 161 159 156 155 154 154 153 152 151 150 151 152 151 150 150 150 150 151 131 129 131 151 132 130 133 148 130 127 147
274 271 269 269 269 268 267 267 266 267 267 268 269 270 270 270 270 269 269 269 269 271 271 273 274 275 275 275 275 275 274 274 273 274 275 276 278 280 282 283 285 287 288 290 292 294 297 298 300 302 301 298 294 289 283 274 260 239 218 199 185 175 169 164 160 158 156 154 153 152 153 152 151 150 149 150 151 151 150 150 149 149 150 151 151 151 151 150 150 150 150 148 147 148
273 272 270 269 269 269 268 268 267 267 267 267 268 269 270 270 270 270 270 271 271 274 271 271 272 274 274 274 274 274 274 275 275 276 277 278 279 280 282 284 286 288 290 292 294 295 298 300 302 306 306 304 301 297 292 283 269 246 217 193 177 167 161 158 155 153 151 150 150 151 151 150 149 149 148 149 151 151 149 149 149 149 149 150 151 152 152 153 153 155 155 154 154 153
271 270 269 268 268 268 268 275 273 274 267 266 267 269 269 270 270 270 270 271 276 274 276 271 272 273 274 274 274 274 274 275 276 276 278 279 280 281 283 285 287 289 291 293 295 297 300 303 306 309 310 309 306 357 298 291 278 251 210 181 168 160 155 152 151 149 148 147 148 149 149 149 148 148 148 148 150 150 149 148 148 148 149 150 151 152 152 153 154 156 157 157 141 141
268 268 268 267 267 267 267 267 267 275 273 275 266 267 268 269 269 270 277 270 276 274 273 270 271 272 273 273 274 274 275 275 276 277 278 279 280 282 283 285 287 290 292 294 297 299 302 305 308 336 343 346 310 307 303 296 282 245 192 168 159 154 150 149 147 146 122 146 147 148 148 147 147 147 147 148 149 148 148 148 147 148 149 149 150 151 152 153 154 155 156 157 158 130
265 266 266 265 265 266 266 275 275 276 274 272 275 266 267 268 269 270 275 274 276 275 274 275 276 277 272 279 280 281 274 275 276 278 278 279 281 282 284 296 299 290 306 295 298 317 323 330 332 337 31 315 360 311 308 302 287 228 172 157 152 107 112 146 144 119 144 145 147 147 147 147 146 146 146 147 148 148 147 147 147 147 148 148 148 151 151 153 154 155 155 156 158 138
262 263 264 264 264 264 264 274 271 272 272 271 274 277 277 266 268 279 277 274 275 275 274 274 275 276 278 279 280 278 274 282 283 277 278 279 281 282 293 295 298 302 306 310 315 323 329 331 336 27 351 350 317 316 314 309 293 186 155 149 97 107 144 143 142 120 143 145 146 146 146 146 145 145 146 147 147 147 146 146 146 147 148 148 149 150 151 152 153 154 154 155 157 159
260 261 262 262 262 277 262 276 275 273 273 272 272 275 276 265 278 279 277 273 274 274 280 282 273 275 277 278 279 279 280 282 282 277 278 286 288 290 292 294 298 302 305 309 315 322 329 334 339 343 346 355 11 11 18 318 309 149 82 143 96 142 142 141 115 120 122 122 145 145 146 145 145 145 146 146 147 146 146 146 146 147 148 148 149 150 151 152 153 154 154 155 156 157
258 259 260 260 260 269 272 275 274 274 273 272 282 272 274 275 276 277 276 279 280 274 271 270 286 273 275 276 278 277 279 281 281 283 284 285 287 289 291 293 298 302 307 310 316 324 328 332 340 345 354 360 22 14 327 331 38 131 81 138 139 140 140 112 116 116 119 121 144 145 146 146 145 145 145 146 146 145 146 146 147 147 148 148 148 149 151 151 152 147 154 155 156 156
279 257 258 259 259 259 266 269 271 272 272 272 272 284 273 273 273 265 276 273 280 286 272 270 281 297 302 303 276 276 278 280 280 282 284 284 286 288 290 293 296 302 307 359 7 3 332 337 343 25 37 39 4 332 336 351 84 59 132 135 137 100 110 116 113 117 122 124 144 146 146 146 145 145 146 147 146 145 146 147 147 147 148 148 148 140 146 151 152 153 153 154 155 156
252 253 275 273 272 268 257 265 268 283 284 270 271 271 271 272 263 274 273 273 282 286 286 270 269 291 300 302 301 275 277 278 279 281 283 284 285 287 289 291 294 334 344 354 7 11 333 339 18 30 31 4 335 339 4 33 49 63 73 133 135 105 115 115 117 139 141 142 144 145 146 145 144 145 146 146 145 145 146 147 147 147 148 148 148 149 150 150 151 152 153 153 155 156
250 251 252 271 271 269 256 261 262 266 281 284 286 269 270 271 269 273 271 272 284 287 289 281 269 283 301 301 301 302 275 277 278 279 281 282 284 286 287 289 321 337 348 358 10 5 331 7 19 356 358 359 340 347 21 46 58 72 82 85 104 119 119 136 137 138 139 141 143 145 145 144 144 145 145 145 144 145 146 147 147 148 148 148 148 149 150 150 151 152 152 152 153 156
247 249 251 252 253 265 255 256 257 259 262 277 281 286 267 269 269 271 271 286 285 285 291 286 280 284 300 301 302 303 306 275 302 302 301 302 308 310 306 307 329 348 0 6 5 325 330 10 16 354 357 359 358 3 35 55 71 86 92 104 119 122 135 135 136 137 139 140 142 144 144 144 144 145 145 144 144 145 146 147 147 148 148 148 148 149 149 150 151 151 152 152 153 156
245 248 250 251 252 253 254 255 256 257 257 260 262 274 282 288 291 293 291 290 291 290 292 293 286 287 297 299 300 304 306 273 298 301 300 301 308 310 302 297 3 5 0 0 353 352 4 22 32 24 357 360 7 16 41 54 66 91 98 106 131 133 134 135 118 116 120 122 142 144 127 143 144 144 144 144 144 144 145 146 147 147 148 148 149 149 149 150 150 142 145 142 152 156
244 246 249 250 251 252 265 267 264 259 258 260 273 270 271 282 291 292 290 289 291 290 291 296 293 289 294 298 299 304 304 299 300 301 300 303 305 306 306 313 1 4 2 2 358 7 26 37 37 18 354 6 33 39 45 62 76 92 79 100 107 110 109 112 115 118 121 141 143 144 144 143 143 143 143 143 144 144 145 146 146 147 147 148 148 149 149 150 150 150 140 140 150 147
244 246 248 250 251 252 252 264 266 263 260 260 282 283 269 261 267 287 285 285 291 290 289 267 293 291 293 297 302 303 301 296 300 302 302 304 302 302 308 326 345 359 10 16 17 29 37 37 26 13 359 38 57 58 51 89 99 77 97 102 107 107 112 114 117 120 140 124 143 144 144 143 142 142 142 142 143 144 145 146 146 147 147 148 148 148 148 150 151 151 150 149 150 152
246 247 249 250 251 252 257 261 265 281 261 259 275 284 267 255 257 266 272 273 282 282 291 297 297 293 298 301 302 298 298 298 299 299 303 303 298 303 312 333 349 1 8 14 26 34 38 34 24 23 42 67 73 56 63 97 97 69 103 103 105 109 113 116 120 138 141 132 135 144 145 143 143 142 142 142 143 144 145 146 147 147 148 148 148 148 148 134 134 151 151 150 151 154
247 249 249 250 251 252 252 261 282 285 262 260 265 268 273 274 271 272 276 272 278 282 281 292 292 293 299 300 301 300 301 302 299 303 302 301 297 302 315 332 346 0 14 27 29 29 37 37 26 39 58 72 61 48 64 77 86 95 87 104 110 95 120 120 137 127 132 139 143 145 145 144 143 143 142 143 144 144 144 146 147 147 148 148 148 148 148 134 133 151 151 133 137 156
249 249 250 251 251 252 261 261 281 284 262 273 266 269 281 285 285 281 283 278 281 287 279 281 290 294 299 300 300 301 302 303 311 267 266 297 296 296 314 335 351 9 30 43 43 42 46 49 61 71 67 56 32 50 71 61 63 102 83 86 112 100 118 118 123 139 141 142 144 145 145 144 144 143 143 144 145 144 145 146 147 148 149 149 148 148 149 131 132 151 151 135 134 141
250 250 251 261 262 262 261 261 262 282 261 275 286 270 270 280 286 285 286 282 284 291 276 276 281 293 297 298 300 301 302 305 266 264 263 295 301 282 310 356 23 49 60 61 60 65 68 75 324 75 66 51 43 78 56 96 111 82 90 90 93 103 122 121 138 139 141 143 144 145 145 144 144 143 143 144 145 145 145 146 147 148 149 149 149 149 149 151 151 152 131 131 137 156
250 250 251 261 262 261 261 260 261 284 276 275 290 287 263 258 265 271 279 279 278 288 281 281 283 290 295 296 297 302 303 306 263 261 261 275 303 281 318 34 96 153 100 88 72 61 68 84 80 46 54 46 62 58 105 59 78 94 99 92 97 105 105 138 127 129 130 132 144 145 144 143 144 143 143 144 145 145 145 146 147 148 149 149 149 148 149 151 151 152 132 135 137 139
251 251 252 252 259 259 258 259 261 279 276 273 286 294 274 259 258 257 267 276 278 283 281 277 279 288 294 296 297 302 305 272 260 310 259 259 295 292 323 73 197 173 136 90 79 81 87 82 56 40 45 35 50 110 119 78 84 93 95 94 105 109 126 127 128 128 130 143 144 145 144 144 144 143 143 144 145 145 146 146 147 148 149 149 149 149 149 151 151 132 132 135 138 141
252 252 253 253 253 254 258 260 274 280 280 272 276 291 285 276 273 272 273 282 285 285 284 272 267 281 294 297 297 297 298 298 257 256 256 276 293 297 318 83 125 161 132 94 89 91 85 71 51 52 36 142 48 53 68 86 88 95 102 105 113 128 126 138 125 129 131 132 145 145 144 144 144 144 144 144 144 145 147 147 148 148 149 150 149 149 149 150 130 140 145 146 144 149
252 253 253 254 254 254 258 260 260 280 285 277 275 288 288 277 274 273 272 273 280 286 288 280 270 277 291 294 294 289 289 294 262 252 300 291 293 301 335 126 126 106 109 219 105 86 81 84 74 66 28 139 63 73 84 97 106 111 113 113 115 129 108 109 130 131 132 133 146 135 145 145 145 144 144 144 144 145 146 147 148 149 150 149 149 148 149 149 149 145 146 142 142 149
253 254 254 254 255 255 259 260 260 275 284 279 272 275 287 282 275 273 272 269 272 283 285 281 274 276 287 291 290 286 290 260 257 313 247 266 297 312 78 168 179 110 111 107 104 193 111 172 83 66 150 45 79 82 93 108 114 142 114 114 116 130 108 118 131 131 132 134 136 138 137 145 145 144 144 145 145 146 147 147 148 149 150 150 149 148 148 148 133 139 148 145 143 147
254 255 255 255 259 260 259 259 265 269 279 275 273 270 278 285 277 275 275 272 273 283 283 277 272 273 282 283 288 292 280 274 304 311 298 293 301 327 110 131 111 86 93 95 95 97 94 89 79 67 149 67 84 85 92 105 113 115 113 114 116 131 131 118 121 124 135 136 137 138 137 145 144 144 144 144 145 146 147 147 147 148 150 150 149 149 149 148 124 130 142 152 147 147
255 256 256 256 258 259 260 260 259 262 272 277 278 270 267 273 272 273 276 274 275 282 282 272 266 268 276 270 282 289 278 275 285 296 298 300 320 111 132 121 105 91 93 104 109 103 97 104 99 69 152 80 91 90 97 112 116 114 114 116 118 120 124 131 134 135 133 136 136 135 134 144 144 144 144 144 144 145 146 147 148 148 149 150 149 150 150 149 122 126 129 129 132 134
256 257 257 258 258 258 260 262 261 266 272 278 283 271 263 267 270 272 276 273 274 281 282 271 260 260 268 271 270 274 268 273 276 282 307 3 131 139 126 121 124 113 118 123 125 181 174 168 94 157 153 92 98 104 107 119 119 118 121 126 128 128 129 130 131 133 134 138 137 136 135 145 144 143 143 144 144 145 146 147 147 148 149 150 149 150 150 149 119 123 153 153 132 134
257 258 259 259 259 259 260 269 276 273 274 278 284 290 274 269 272 273 275 273 274 279 280 277 265 261 263 272 272 261 255 260 269 259 258 147 141 130 125 130 131 132 162 189 184 178 173 108 162 158 153 99 105 104 122 126 124 123 123 124 124 124 126 128 129 135 135 136 137 137 136 144 144 144 144 144 145 145 146 147 147 148 149 149 149 150 150 149 151 123 128 131 137 138
258 259 259 259 260 261 260 259 267 269 269 276 278 286 283 270 274 278 279 278 279 283 280 279 271 267 267 268 277 258 252 250 238 212 176 163 145 97 135 157 176 171 191 186 180 175 120 118 163 158 155 121 108 120 126 121 118 119 121 122 124 127 129 129 128 134 133 134 135 135 134 145 145 145 145 146 146 146 147 147 148 148 150 150 149 149 150 150 151 129 133 134 137 136
259 260 260 260 260 262 261 261 265 267 265 265 268 272 281 270 269 273 275 276 279 277 279 278 273 269 269 268 278 261 256 238 208 175 174 179 137 126 158 180 174 170 188 183 178 173 169 115 164 160 156 152 113 120 114 113 118 122 123 124 126 129 130 129 128 128 136 137 138 138 137 138 139 138 145 145 146 147 148 148 148 149 151 152 151 151 151 150 151 130 131 132 136 136
259 260 261 261 260 264 264 262 265 267 268 269 274 277 279 272 264 264 266 268 273 274 272 270 274 274 270 266 276 275 257 234 212 179 173 174 163 147 163 140 174 168 186 180 175 171 167 157 163 161 158 154 116 120 120 119 125 128 128 127 126 127 129 131 132 144 135 144 139 140 144 137 138 143 143 144 145 142 145 148 148 149 151 152 152 152 152 151 164 130 129 132 137 139
258 258 266 260 267 266 265 264 269 268 272 278 282 280 278 274 266 259 255 254 258 265 269 270 272 276 276 269 270 285 254 221 213 183 170 170 167 165 162 158 159 167 183 178 147 152 152 156 161 159 158 173 164 127 124 127 131 132 132 144 131 130 131 144 143 131 143 133 134 136 132 131 143 143 144 145 145 146 143 146 147 148 149 149 150 152 151 151 164 146 131 133 138 141
259 259 258 266 266 266 265 275 275 275 273 273 276 278 279 274 267 262 258 256 256 257 258 262 270 275 278 274 273 283 195 207 208 184 168 168 168 165 155 155 151 147 147 146 145 148 150 155 159 156 154 154 165 160 152 144 136 134 134 136 136 135 139 128 127 128 134 133 132 143 142 142 132 135 138 139 139 146 146 146 146 148 148 149 150 151 151 151 164 159 132 133 138 139
260 260 260 260 265 266 265 263 270 270 266 260 259 266 275 277 275 275 276 270 264 257 253 249 243 237 258 270 276 270 185 188 204 190 168 170 172 169 161 153 166 159 153 174 169 165 140 144 154 155 152 151 152 160 156 154 147 142 139 136 135 130 129 127 126 134 133 145 146 145 144 133 134 136 137 137 144 145 146 146 146 147 148 149 152 151 150 151 165 165 135 134 139 139
261 261 261 264 264 283 281 264 267 264 261 258 258 259 261 265 267 267 266 258 248 244 243 237 230 226 232 242 257 182 189 186 184 190 177 165 174 171 162 151 147 144 176 172 169 166 162 160 143 153 154 155 149 151 152 151 153 151 149 146 143 141 139 136 132 131 138 138 140 134 137 136 136 135 144 145 145 145 146 146 147 147 147 149 152 152 151 151 168 167 143 135 138 139
261 262 262 264 264 264 264 264 263 256 255 260 260 256 249 249 248 243 235 232 233 236 235 231 228 226 230 229 214 191 191 187 187 180 173 166 161 166 166 161 157 157 162 172 168 166 162 159 133 143 150 154 152 153 153 152 152 152 153 153 152 151 151 151 150 149 150 151 153 154 152 146 136 149 148 147 146 146 147 147 147 148 147 148 150 152 152 152 168 168 141 132 133 137
262 263 263 265 264 263 243 262 254 252 256 258 254 250 246 247 245 239 237 240 239 235 234 233 226 225 232 229 213 228 188 190 177 181 183 185 188 184 178 169 158 149 153 163 170 167 165 163 162 159 139 147 150 151 149 149 149 149 150 149 152 152 151 151 150 149 150 152 153 153 153 153 154 153 147 139 150 149 148 147 148 148 148 148 149 152 152 152 168 171 150 130 132 137
263 263 263 263 262 261 236 261 256 257 259 258 255 254 252 250 246 239 236 236 232 232 239 237 226 229 235 230 218 216 188 191 195 170 167 177 178 191 188 187 181 164 165 161 153 150 148 142 139 159 160 133 135 135 145 149 147 148 147 146 146 151 151 149 147 144 144 145 144 144 144 145 146 154 155 158 158 152 151 149 149 148 148 148 149 152 152 151 153 171 170 135 133 138
263 263 263 260 260 259 238 259 260 257 260 262 262 259 252 248 241 232 230 234 235 240 243 231 222 229 233 230 227 235 186 191 187 176 160 153 151 154 160 188 186 182 177 174 165 163 161 157 154 149 146 144 151 157 155 152 151 150 149 146 139 146 144 144 143 142 142 141 140 140 140 140 141 141 143 145 148 151 162 156 151 149 148 148 149 151 151 151 152 154 172 156 138 140
264 263 263 259 259 241 256 258 259 258 260 260 257 250 242 241 233 229 235 244 247 246 238 220 221 230 232 230 226 224 190 191 189 174 171 171 154 154 150 141 183 156 151 152 155 168 165 163 163 162 160 159 160 157 153 152 151 150 151 147 150 148 144 142 140 139 138 137 137 137 136 136 136 136 137 139 142 145 149 152 167 151 150 150 150 150 150 150 152 154 155 165 146 143
