examples/cougarCreek-fire/createInputs/farsite/7a-cougarCreek-polygonIgnit/cougarCreekFire_08-11-2015_0100_217m_non_neutral_stability_ang.asc
ncols	146
nrows	140
xllcorner	610065.000000
yllcorner	5095217.000000
cellsize	216.586807
NODATA_value	-9999.000000
[rows 84 to 125 of 140, columns 0 to 93 of 146]
305 304 303 304 305 305 305 294 292 292 306 306 292 309 312 311 304 311 309 295 302 309 313 315 318 302 312 299 297 304 295 292 308 309 287 308 288 306 295 303 303 304 306 304 302 302 303 301 285 296 287 299 285 288 283 292 291 289 270 286 265 261 255 248 242 223 236 235 208 196 182 199 182 207 190 172 162 164 168 193 184 177 172 166 161 158 157 156 155 154 153 150 151 148
305 304 304 304 305 305 305 294 292 295 306 297 300 302 312 311 311 299 295 295 303 309 313 314 315 299 297 295 296 307 294 287 304 307 288 290 290 296 305 303 303 305 307 304 301 301 302 301 298 297 297 298 296 293 292 291 291 289 287 286 284 261 278 254 232 224 218 263 232 206 196 208 196 185 186 179 174 167 210 200 190 183 177 172 167 157 162 160 158 158 157 155 155 151
304 304 304 304 305 305 305 305 293 306 305 292 309 300 311 310 298 297 294 298 306 310 314 299 313 298 309 294 295 290 290 296 286 306 290 295 288 287 307 304 296 304 307 303 300 300 301 301 299 298 297 296 295 294 292 291 291 290 287 285 283 281 279 276 232 226 221 235 232 227 225 197 191 191 189 236 183 223 215 207 197 136 181 176 174 171 168 163 160 135 160 158 153 158
304 304 304 304 305 306 306 306 306 306 304 296 308 301 299 297 296 298 293 299 306 310 313 313 295 296 307 293 305 288 308 297 305 306 309 308 306 307 287 284 300 300 304 303 300 300 301 301 299 297 295 294 294 294 293 292 290 289 287 285 283 281 279 277 251 229 226 237 233 257 255 209 204 203 188 185 174 174 177 158 203 141 187 181 179 176 173 171 168 163 163 161 161 160
305 305 304 305 305 306 294 307 307 307 304 294 306 303 298 296 294 293 292 303 305 309 311 312 293 308 306 305 305 307 295 291 289 305 308 289 305 304 283 300 297 297 300 302 300 300 301 300 298 296 295 294 280 294 293 291 289 288 287 285 283 282 280 278 236 234 244 225 222 219 257 216 207 196 244 239 235 230 224 165 208 200 192 185 184 181 178 175 172 166 167 164 163 161
305 305 304 304 305 305 293 306 307 306 304 289 305 310 297 295 292 294 294 302 304 308 310 292 309 307 306 306 307 308 308 295 288 304 307 308 305 302 282 299 297 297 300 301 299 299 299 298 297 296 295 294 279 276 293 291 289 288 287 285 284 282 280 242 255 235 230 227 225 222 220 219 217 209 200 188 182 233 227 221 212 205 200 193 189 185 182 179 176 173 169 167 163 161
305 304 304 304 304 304 305 306 306 306 303 291 305 309 296 295 291 290 289 302 305 309 310 309 308 307 306 306 295 294 295 291 290 305 307 308 305 302 300 299 298 299 300 300 299 297 298 297 297 296 295 294 293 276 293 291 290 289 287 286 284 251 281 245 242 237 234 230 228 226 222 221 254 251 211 197 195 188 179 224 216 209 203 198 192 189 186 183 179 176 171 158 149 152
305 304 304 305 305 305 305 305 306 306 293 291 304 295 294 294 290 301 300 301 305 309 292 309 308 306 295 293 293 293 291 292 291 305 304 305 303 301 299 298 298 298 298 298 279 298 298 298 297 296 295 294 293 279 292 291 289 288 287 286 284 253 250 250 244 275 235 233 239 231 259 217 254 251 249 211 199 238 190 181 173 174 159 202 196 192 189 186 182 178 174 170 168 161
305 304 304 305 305 306 305 304 305 305 291 289 293 291 292 293 289 286 299 301 305 308 294 309 308 305 292 295 294 293 293 306 304 300 299 301 281 299 284 287 297 298 289 297 298 298 298 298 297 296 295 294 293 286 284 291 289 288 287 285 284 282 254 254 246 275 272 235 235 232 260 219 254 251 216 207 201 195 188 185 179 174 209 172 197 163 156 154 185 181 176 173 172 170
306 304 304 306 305 305 305 303 302 303 301 287 300 289 304 290 290 287 300 302 306 309 295 309 307 293 293 294 295 290 292 303 302 300 300 287 299 298 296 296 297 299 299 298 299 299 298 297 297 296 295 294 293 283 284 274 290 268 287 286 284 282 257 260 251 276 274 239 236 233 233 221 255 252 216 210 203 242 184 180 227 220 161 206 201 173 193 173 149 181 150 153 171 172
306 304 303 299 305 305 305 303 302 302 301 301 289 302 303 304 290 288 300 302 306 308 308 294 306 293 293 291 292 290 286 290 285 287 289 301 301 301 300 299 300 302 300 299 298 298 298 298 297 296 295 294 294 292 288 281 279 281 268 287 285 283 256 268 278 255 244 272 238 233 231 223 257 254 220 217 215 202 196 191 181 175 216 160 159 161 158 191 169 168 181 177 178 169
305 304 302 304 305 304 305 303 302 302 302 303 302 290 303 292 290 288 287 302 305 306 306 306 304 303 290 293 305 305 304 287 288 292 303 303 303 304 302 291 301 302 301 299 298 298 298 297 297 296 295 294 293 292 295 294 291 287 283 268 285 283 262 273 278 280 264 246 241 235 236 226 227 224 221 250 247 244 202 192 185 184 218 212 207 161 198 194 191 188 185 181 177 179
304 303 302 303 304 304 304 304 303 302 302 303 302 290 291 292 290 290 288 302 304 290 305 305 305 293 290 291 289 294 306 290 304 304 304 304 304 303 292 298 299 300 300 300 299 298 298 297 297 296 295 294 293 292 291 290 289 289 288 287 272 264 266 261 264 272 275 261 249 244 240 228 226 223 220 221 247 244 212 237 193 184 176 168 210 206 176 198 161 190 186 183 157 182
303 304 304 302 303 303 303 304 303 302 302 302 302 290 303 305 291 291 290 304 304 304 306 306 306 292 292 290 306 306 306 306 305 306 306 305 304 303 300 298 299 300 300 300 299 298 298 297 297 296 295 294 294 293 292 291 290 289 288 287 286 273 265 262 264 277 275 273 270 268 266 264 261 228 221 221 248 245 241 203 233 188 224 219 216 208 185 201 196 157 154 158 183 182
300 303 306 304 303 303 303 304 303 302 302 302 302 291 303 304 293 291 290 305 305 306 307 307 306 292 291 306 307 307 307 294 306 306 294 294 292 293 290 288 299 301 301 301 299 298 297 297 296 295 295 295 294 293 292 291 290 290 289 287 286 284 283 281 278 277 275 274 271 269 267 265 262 229 224 219 220 246 242 212 234 229 224 220 215 211 206 206 201 196 192 189 186 186
297 300 304 306 304 303 303 304 304 303 303 302 302 302 303 304 305 304 305 307 307 307 307 307 291 290 305 306 292 292 307 307 306 294 294 294 293 288 286 289 298 302 303 300 298 297 297 296 295 295 295 295 294 293 292 291 290 290 289 287 286 285 283 281 279 278 276 274 273 270 259 245 240 260 228 221 217 247 243 238 204 199 227 194 192 213 209 206 204 199 197 194 189 185
301 301 303 306 304 302 303 303 303 304 304 302 302 291 303 303 304 304 306 307 307 292 305 289 303 304 305 305 292 292 295 306 306 305 291 290 291 300 297 296 300 306 305 300 298 297 297 296 296 295 295 295 294 293 292 291 291 290 289 287 286 285 283 282 280 279 277 275 273 269 256 247 241 236 238 253 250 214 244 240 210 204 228 223 219 214 211 206 203 200 196 196 193 188
302 301 302 306 303 302 303 302 303 304 303 301 301 301 300 301 302 304 305 305 305 303 302 288 303 304 290 291 292 307 307 295 292 291 290 289 305 304 303 300 300 306 306 300 298 298 297 297 296 295 294 294 294 293 292 301 300 299 288 287 286 285 284 282 287 286 282 275 273 272 270 262 255 252 258 255 234 216 213 215 209 204 228 194 221 220 216 208 204 202 197 194 195 193
300 300 302 307 305 302 303 303 303 304 302 300 300 299 300 300 302 304 293 305 291 302 301 301 303 304 291 291 292 307 307 306 291 290 290 290 296 296 293 286 296 298 302 284 284 298 282 289 296 294 293 294 294 293 303 299 297 299 297 287 286 285 284 282 280 279 277 275 273 271 270 267 265 262 248 256 252 249 214 211 238 234 230 226 221 217 214 210 206 206 203 200 197 195
301 301 302 306 308 303 303 304 302 303 301 300 300 301 301 300 302 304 305 305 304 304 304 303 303 304 291 291 292 307 293 292 291 290 292 290 291 289 285 281 281 297 300 300 289 287 288 296 290 289 294 293 293 292 301 300 298 298 287 286 286 285 283 282 280 279 278 276 274 272 270 267 265 263 252 257 225 221 216 214 210 206 202 200 221 219 215 211 207 204 201 201 195 198
302 300 298 300 305 304 301 304 305 302 301 301 301 302 302 302 302 303 305 294 306 304 304 303 290 304 290 291 292 292 291 291 291 290 289 288 287 286 283 282 281 280 284 291 293 297 297 296 290 286 278 285 291 291 291 301 301 288 287 286 296 296 283 282 281 279 278 277 281 272 271 267 266 261 257 258 255 223 219 216 212 209 206 229 224 220 217 213 208 207 204 201 202 197
302 300 297 296 300 302 301 304 308 303 301 302 302 302 301 302 303 303 305 295 306 305 303 303 290 304 303 293 292 291 291 291 290 289 289 287 286 300 299 291 289 284 287 291 298 293 297 296 292 291 292 291 290 289 290 301 291 288 287 286 296 296 295 293 294 293 290 279 273 266 262 262 260 264 261 258 256 252 249 246 214 211 209 231 226 222 219 216 213 209 208 204 202 201
305 303 299 298 300 301 301 305 309 306 302 301 302 302 300 301 302 302 304 306 306 304 302 290 304 304 290 292 291 291 291 291 290 289 287 286 289 300 299 287 300 285 286 298 289 290 290 291 295 292 293 291 289 287 288 298 292 289 287 286 296 296 298 287 285 284 281 278 273 267 260 252 249 252 261 259 256 253 251 248 244 240 236 233 230 228 222 219 219 216 211 207 205 203
306 306 303 299 301 302 303 306 312 310 302 299 300 301 300 299 301 302 303 305 306 303 300 289 291 303 289 290 292 292 292 290 289 288 287 288 301 300 300 285 285 284 288 289 288 288 296 296 287 284 282 284 288 290 296 295 302 290 288 298 295 295 291 293 280 290 289 286 279 276 271 262 252 247 251 259 257 254 251 222 220 241 237 234 231 230 227 222 219 218 211 210 207 206
304 307 306 300 299 300 301 304 311 313 302 298 299 300 300 299 300 302 303 305 306 304 302 302 303 291 290 291 291 291 291 290 289 289 290 303 302 292 287 288 285 288 289 289 289 296 289 287 286 282 279 282 283 278 274 294 300 289 300 297 295 291 294 281 292 289 284 277 273 271 268 262 252 247 246 244 242 236 229 225 221 242 238 234 230 228 226 223 219 218 218 216 214 212
301 306 310 304 298 297 299 300 307 314 306 300 298 299 300 299 299 301 302 304 305 305 304 292 291 290 291 291 291 290 290 289 288 289 302 303 302 286 286 283 286 288 287 288 289 289 295 294 293 293 292 284 280 272 286 281 298 299 298 297 295 294 295 280 292 288 284 280 273 266 262 258 252 242 240 240 241 240 253 229 223 243 240 236 232 229 227 224 220 218 220 217 215 213
297 302 310 308 300 297 298 298 304 315 308 300 298 299 300 299 299 298 301 305 307 306 292 304 303 289 290 290 290 289 289 288 291 302 302 302 290 285 284 286 286 286 287 287 287 287 288 294 292 293 291 291 287 286 286 285 298 298 300 298 297 294 296 281 290 283 287 283 277 271 266 268 268 260 249 245 245 256 253 250 247 244 241 238 234 231 229 226 222 220 217 215 217 211
294 296 303 307 304 299 298 296 300 313 309 302 299 299 300 300 299 300 301 305 305 304 302 301 301 301 301 302 289 289 303 303 303 303 303 302 286 286 285 287 299 288 286 285 284 284 286 288 290 293 291 292 291 291 287 297 298 297 293 291 289 290 289 267 268 271 271 273 272 272 271 273 266 265 263 261 245 240 239 251 247 245 242 239 236 232 230 227 224 222 219 217 215 213
294 294 297 302 304 301 299 296 299 310 312 304 299 299 301 302 303 302 302 305 307 303 302 301 301 300 300 289 289 290 304 304 292 291 291 287 287 285 288 287 287 287 285 285 284 286 286 286 285 287 288 287 285 282 272 282 286 286 288 288 286 283 279 267 265 264 260 259 262 262 260 254 253 252 253 251 244 240 238 251 247 245 242 239 237 234 231 228 225 223 221 219 217 215
296 297 297 298 300 299 298 298 299 305 311 305 300 300 301 303 304 302 301 304 306 303 303 302 301 301 301 302 290 291 305 292 290 290 288 288 285 286 286 286 285 285 285 288 290 295 289 286 283 282 284 281 278 273 270 270 280 283 287 289 287 281 274 266 265 263 260 258 258 257 255 251 247 244 244 244 241 256 253 233 247 244 243 240 238 235 232 229 227 224 222 220 218 216
296 297 296 295 297 299 300 299 298 300 308 306 301 300 301 302 302 300 298 299 302 302 301 301 303 301 301 302 302 303 292 291 302 289 287 286 286 287 300 284 299 286 289 296 296 295 295 287 284 280 279 276 274 271 275 274 268 270 274 283 281 273 268 265 265 262 261 260 259 258 256 256 255 248 244 242 238 235 253 250 247 245 243 241 238 236 232 230 228 225 223 221 223 217
296 297 297 297 300 302 304 303 300 301 307 307 304 302 301 300 300 299 297 297 300 301 301 303 303 301 302 302 302 302 291 303 289 287 287 285 287 300 283 283 298 287 297 290 288 285 283 281 281 279 277 275 272 270 275 274 272 271 265 272 274 266 261 263 265 264 260 258 259 260 259 259 257 250 245 242 239 255 253 251 248 246 243 241 239 236 233 231 228 226 224 223 220 221
298 298 297 298 298 301 301 302 301 302 305 305 304 303 302 302 300 301 299 299 302 301 301 302 301 302 302 302 302 302 302 302 301 299 285 288 300 284 282 284 298 298 287 285 283 279 279 282 280 278 276 273 272 275 275 274 272 271 270 264 269 265 259 261 264 266 263 261 260 259 256 255 253 249 244 241 257 255 254 251 249 247 244 242 239 237 234 232 229 227 225 224 225 222
299 298 297 296 295 296 301 303 302 301 301 301 303 306 306 301 299 299 299 299 302 301 302 302 301 302 302 301 301 302 302 301 300 299 299 287 284 283 282 285 298 298 286 284 283 278 277 278 278 275 275 275 276 275 274 273 272 271 269 262 264 262 259 258 258 261 263 264 261 254 252 254 252 249 246 242 257 255 253 251 249 247 245 243 240 236 234 233 234 228 226 224 221 223
300 299 297 294 295 296 302 305 305 305 301 303 306 310 310 302 297 298 298 299 300 302 303 302 302 302 301 301 301 301 301 301 301 299 299 285 298 282 285 297 297 298 286 283 279 279 279 277 278 274 273 276 275 274 273 285 273 271 281 264 279 260 277 258 257 256 256 262 264 256 249 253 254 253 262 260 258 255 253 251 249 246 244 242 240 236 238 233 234 229 228 228 225 223
300 300 298 296 295 296 300 304 306 306 302 298 300 305 312 306 299 297 299 298 300 301 302 301 300 301 301 301 300 301 301 301 302 300 298 284 283 297 297 287 297 285 283 279 279 278 278 278 275 274 274 275 287 286 286 284 283 282 281 280 262 277 259 276 256 255 254 256 263 263 252 248 249 250 262 260 258 255 253 250 249 246 244 243 240 237 239 234 235 233 231 229 226 225
300 301 300 299 295 296 299 301 303 305 302 296 294 297 308 309 302 300 300 299 300 302 301 300 300 300 301 300 300 301 301 301 302 301 298 297 297 297 297 297 297 282 281 279 279 277 278 276 275 274 273 272 287 286 285 284 283 282 281 280 278 260 259 257 275 254 256 254 258 264 257 248 247 245 246 260 258 256 253 250 248 246 244 243 241 242 241 239 236 234 232 230 228 226
299 299 299 299 296 295 297 297 298 302 302 298 293 295 301 306 305 302 300 299 302 302 300 300 300 300 300 300 299 300 300 302 301 298 297 297 297 297 297 296 282 280 280 280 280 279 279 275 274 274 273 272 272 285 284 283 282 281 281 280 278 261 260 258 256 255 255 253 253 262 260 250 248 247 262 260 258 256 252 250 249 246 244 242 241 241 240 239 237 235 233 231 229 228
298 295 297 300 295 292 293 295 295 299 302 301 298 297 300 304 307 303 300 301 301 299 299 299 299 300 299 299 299 301 301 302 301 300 297 297 297 297 296 283 295 280 282 281 281 279 277 275 274 274 273 272 286 285 284 283 282 281 280 280 279 278 261 259 258 256 272 253 251 255 259 260 265 263 261 260 258 255 252 250 249 246 244 241 239 238 239 238 237 235 233 232 230 228
298 293 292 296 293 292 292 293 294 297 302 302 299 297 300 303 307 304 299 298 301 299 298 298 298 300 299 299 298 301 303 300 299 298 297 297 296 296 295 295 294 280 281 280 280 293 292 275 274 275 274 273 286 285 284 283 282 281 267 280 279 278 262 260 275 273 272 253 252 252 253 252 250 262 261 259 257 255 253 251 248 246 243 242 240 238 236 239 237 235 233 232 230 228
299 297 290 290 294 293 296 298 295 295 300 302 300 298 298 300 306 303 299 300 300 300 298 298 298 298 299 299 298 301 302 300 298 297 296 296 296 295 294 293 293 280 280 280 293 277 291 275 275 275 274 287 286 284 283 282 281 280 280 279 279 278 277 276 275 273 272 272 254 254 253 249 264 261 259 258 256 255 253 251 249 246 243 242 244 242 241 240 238 236 234 232 231 229
298 298 296 290 291 294 296 298 297 294 299 303 301 298 295 299 305 304 300 300 300 298 298 299 297 298 299 299 299 300 301 302 297 296 296 296 295 295 294 294 293 293 281 292 292 291 290 276 275 274 288 287 285 284 282 281 281 280 279 279 279 265 265 264 262 274 273 271 262 268 258 266 263 261 258 257 256 255 253 251 249 246 247 246 244 243 242 240 239 237 234 233 231 229
