examples/cougarCreek-fire/createInputs/farsite/7a-cougarCreek-polygonIgnit/cougarCreekFire_08-11-2015_0500_217m_non_neutral_stability_vel.asc
ncols	146
nrows	140
xllcorner	610065.000000
yllcorner	5095217.000000
cellsize	216.586807
NODATA_value	-9999.000000
[rows 72 to 107 of 140, columns 0 to 81 of 146]
19.47 23.66 30.95 31.15 27.40 23.18 20.58 23.18 22.67 21.64 20.35 19.49 14.05 15.39 15.29 8.41 11.54 8.96 11.69 12.22 12.54 5.86 3.94 5.38 1.40 2.78 2.91 8.98 9.80 9.48 10.89 10.66 9.09 11.85 9.96 10.23 9.27 9.49 7.86 1.90 3.99 7.57 3.14 3.82 4.18 2.94 7.21 3.31 4.25 4.17 5.14 4.92 4.21 3.79 4.53 3.73 7.09 8.35 3.01 7.67 9.16 11.19 11.75 11.89 11.83 11.45 10.41 8.92 7.86 7.35 3.98 4.20 5.12 6.73 6.92 8.52 5.65 6.31 6.43 7.03 8.76 8.92
22.78 27.26 32.36 31.63 25.37 22.14 20.28 23.81 22.81 21.25 19.43 19.33 14.64 15.77 13.27 5.87 11.12 8.64 10.00 12.48 10.74 5.60 2.74 5.02 1.34 3.91 8.27 9.75 5.47 9.74 11.07 9.81 9.07 11.41 5.67 9.69 8.28 7.32 8.14 2.07 4.66 8.19 2.87 3.52 4.13 4.04 4.28 6.15 6.05 7.06 4.89 4.78 3.88 7.18 3.70 6.67 7.19 8.86 7.89 7.37 8.31 10.09 11.00 11.12 11.07 10.53 9.61 8.91 8.42 8.25 6.68 6.31 6.09 6.44 6.23 5.13 4.97 5.31 5.41 6.76 8.61 8.29
26.36 27.66 30.02 28.91 22.95 20.41 24.14 22.98 21.40 19.54 17.86 17.69 17.60 13.93 11.11 5.22 11.23 10.26 5.57 13.81 7.31 2.75 5.25 5.78 6.46 6.01 8.32 4.81 4.25 8.98 10.26 9.31 11.72 6.28 5.53 9.36 8.61 7.83 8.42 1.96 3.54 6.23 6.27 3.73 4.43 4.71 5.05 4.99 6.28 2.87 6.45 5.20 4.02 4.22 8.06 4.08 7.21 9.52 8.61 5.94 8.79 9.10 10.27 10.72 10.17 9.21 8.44 4.72 4.71 4.52 5.89 5.06 4.63 4.22 4.29 4.21 4.49 5.00 5.65 10.25 7.37 7.81
29.33 27.89 31.40 27.64 26.24 23.87 22.41 21.36 19.96 17.69 14.29 12.31 17.79 12.63 10.01 5.23 12.02 4.48 4.15 12.86 6.26 3.53 5.71 2.73 8.81 8.73 9.28 8.66 9.68 9.94 9.59 10.21 10.03 5.26 9.91 8.43 6.80 9.40 7.84 3.85 3.93 6.71 5.35 3.76 4.20 5.11 5.62 6.03 6.34 2.85 5.77 3.61 2.72 4.57 8.48 6.20 3.24 4.23 6.20 4.07 8.73 9.20 10.35 10.52 9.73 8.62 8.01 8.08 5.01 3.24 3.96 3.98 3.35 2.77 2.96 3.36 4.23 5.25 6.02 6.64 6.69 7.13
29.07 28.81 28.33 27.56 24.80 22.49 20.94 20.65 19.51 10.87 11.21 13.39 13.85 17.86 9.20 4.68 15.02 9.19 8.76 9.23 6.96 4.63 3.39 11.10 8.87 11.70 9.52 9.45 9.42 9.47 9.04 10.45 6.14 5.77 8.54 3.86 7.61 7.97 7.68 3.92 5.03 6.86 7.28 2.49 3.93 4.87 2.59 3.68 5.70 2.78 3.51 2.71 1.56 4.77 5.30 6.25 3.45 2.73 5.43 5.81 6.88 9.88 10.58 10.31 9.59 8.61 8.14 4.64 7.98 3.39 2.55 3.26 3.16 2.63 2.95 4.54 4.66 5.95 6.38 6.47 5.14 7.30
30.20 29.09 28.04 26.61 23.51 21.73 20.07 21.25 22.94 12.85 14.31 15.70 14.26 18.92 8.24 3.49 15.06 9.76 9.23 8.47 5.86 3.37 4.94 9.50 17.36 11.61 9.76 10.39 10.55 9.24 8.27 10.19 5.18 9.65 8.94 3.88 7.61 8.84 7.53 4.43 7.67 7.76 7.30 2.49 3.94 5.00 4.41 6.23 4.85 2.76 1.80 1.88 0.05 4.16 4.76 5.73 2.99 5.65 9.04 9.54 2.58 10.13 10.28 10.10 9.61 5.34 4.73 4.70 4.36 3.60 1.86 2.68 3.75 3.28 3.96 8.58 5.71 5.29 10.28 7.93 6.16 6.67
30.26 28.83 27.04 25.46 22.86 20.00 23.28 21.80 19.19 14.49 15.99 15.55 12.13 18.27 6.96 3.15 14.63 9.33 9.84 7.06 3.45 12.46 7.99 12.52 9.82 13.65 11.94 10.53 10.28 8.59 3.21 8.24 8.32 8.84 10.01 4.78 8.10 9.11 4.39 5.59 6.24 7.29 6.67 2.52 3.58 5.35 3.64 3.88 4.11 3.95 1.68 2.22 1.63 3.96 4.68 5.73 3.33 2.22 4.34 7.38 6.19 7.41 9.74 9.83 9.70 5.40 8.08 3.92 7.42 7.14 7.13 3.70 2.75 3.41 4.88 9.05 9.35 9.53 10.69 6.94 6.17 10.39
29.50 28.89 26.96 25.05 23.15 24.75 22.36 20.72 22.16 13.53 17.16 11.59 16.77 7.98 5.25 13.17 7.95 6.53 7.85 9.71 11.79 14.51 15.38 12.53 8.24 13.67 11.56 9.13 9.74 7.94 7.08 7.09 9.66 8.96 10.58 4.06 2.78 9.61 5.03 6.00 5.38 7.30 6.79 2.59 4.36 5.85 3.19 3.48 4.98 4.47 2.60 2.52 3.19 2.58 6.37 8.83 10.25 2.30 5.18 6.39 9.08 4.94 6.45 7.20 9.00 8.81 8.57 8.10 7.80 7.64 7.65 8.15 8.64 4.43 4.53 5.61 9.18 9.95 11.29 11.37 3.67 8.04
29.75 27.88 26.75 26.42 24.36 18.72 16.17 23.40 20.80 16.14 10.54 24.46 8.79 7.67 4.11 12.94 5.40 6.88 8.64 10.96 13.29 10.83 15.54 11.47 7.06 12.86 10.62 5.99 8.41 9.38 7.22 8.46 11.07 8.78 8.56 3.96 4.41 9.22 5.43 5.72 8.04 6.32 6.41 6.50 2.66 2.70 3.64 3.76 5.53 6.04 4.14 1.22 5.69 5.32 6.87 9.65 10.16 8.86 6.95 8.76 9.18 9.32 9.64 1.72 8.19 8.53 9.10 8.71 8.34 8.16 8.35 8.82 8.93 8.90 4.69 3.28 9.32 10.79 8.70 10.10 2.73 0.99
30.58 26.13 26.91 17.38 25.52 18.69 17.67 16.87 21.42 21.96 9.57 9.20 10.48 8.19 4.62 10.12 6.61 7.45 9.98 12.82 12.67 17.33 13.96 9.98 6.47 14.25 8.55 1.50 7.97 12.15 7.27 8.01 8.30 8.94 8.21 8.01 8.45 4.13 5.69 6.21 7.53 4.29 6.52 5.16 6.02 4.79 2.58 3.96 5.67 6.30 6.37 3.05 7.58 5.89 8.97 10.11 9.41 8.54 8.29 9.11 9.85 10.06 10.07 9.14 3.79 8.40 9.25 9.07 8.60 8.55 8.93 5.04 8.95 9.12 9.42 9.48 10.23 11.39 11.17 9.08 6.45 2.49
30.40 26.12 27.13 26.52 27.76 19.76 19.29 13.98 20.51 20.07 9.42 9.81 11.01 8.12 5.39 10.25 7.44 8.78 11.40 15.91 15.91 13.24 11.94 8.68 6.06 13.92 3.20 8.15 9.65 11.35 8.02 2.98 7.49 8.81 9.93 5.67 8.59 4.75 5.32 6.56 5.18 2.97 3.17 3.52 3.68 5.42 1.03 5.30 6.70 3.77 1.80 5.65 5.05 7.71 9.40 7.87 7.83 8.53 8.93 9.84 4.09 10.37 9.93 9.00 8.23 8.51 9.19 2.81 8.67 4.32 9.03 8.95 5.14 9.50 10.07 10.51 3.91 11.11 5.93 8.10 6.25 5.37
27.48 25.60 27.77 26.86 23.71 21.81 18.34 13.55 21.57 20.44 9.22 10.83 11.33 7.98 16.18 7.81 9.35 10.70 11.83 19.71 18.18 12.23 9.96 7.35 13.68 10.12 2.43 1.94 8.92 8.04 5.74 2.27 8.77 8.79 7.43 9.33 2.98 5.16 6.61 6.59 4.52 3.82 3.70 3.31 4.63 5.35 3.37 6.17 7.57 5.13 5.91 6.60 7.00 8.99 7.48 4.82 6.10 4.91 4.91 9.71 10.37 5.49 9.37 8.84 8.83 4.63 9.15 6.02 8.52 8.48 8.78 8.81 4.99 7.16 6.86 10.68 5.50 4.62 4.22 7.23 5.87 5.67
30.25 25.63 28.83 27.74 22.72 22.86 14.79 13.63 23.84 16.19 10.15 12.62 21.53 9.63 9.31 10.42 11.16 11.23 14.89 17.76 12.57 11.16 8.54 6.44 4.88 10.09 5.96 4.79 6.10 7.69 7.95 2.95 9.18 8.07 7.51 7.05 3.77 4.10 7.94 6.08 7.01 8.17 2.99 4.84 3.89 6.30 4.27 6.54 7.50 5.14 6.56 6.82 7.66 7.88 5.60 4.74 5.94 7.51 8.26 9.04 9.99 6.20 8.63 4.89 9.04 9.22 5.77 5.73 4.52 8.49 8.67 8.94 4.11 6.22 4.64 4.01 3.41 1.17 2.34 6.43 2.07 5.58
31.38 27.44 28.44 24.76 24.14 23.39 20.67 19.90 24.42 10.87 11.67 13.90 13.00 22.07 16.56 11.06 19.29 19.07 19.42 19.67 11.57 9.40 7.33 6.53 7.73 8.37 5.99 4.46 5.93 6.73 9.24 4.63 8.26 9.65 6.25 1.69 2.66 2.73 5.65 5.83 7.86 8.16 6.77 0.86 2.85 4.80 1.20 3.94 7.31 7.97 4.01 4.44 8.01 6.36 5.22 6.12 5.03 7.55 8.18 8.97 9.48 5.61 7.79 8.56 1.68 0.13 3.43 4.72 5.50 4.02 4.59 9.55 6.38 5.60 2.72 2.68 1.53 0.99 1.09 1.79 1.77 2.35
32.05 29.13 26.35 23.71 27.87 24.95 21.61 22.36 21.08 11.79 12.68 13.79 11.99 23.21 21.57 19.22 18.11 20.96 10.09 10.88 10.28 7.81 6.30 6.58 10.67 3.17 5.53 4.34 4.82 7.82 9.13 3.69 5.45 7.80 6.57 0.49 3.48 4.36 6.89 7.66 8.89 7.88 6.52 1.13 4.21 4.25 4.01 7.94 8.54 9.08 4.50 3.38 5.24 6.14 5.87 7.14 7.77 5.68 8.44 9.10 8.97 8.07 7.68 8.57 3.96 3.25 3.05 4.26 4.80 4.67 9.31 2.32 3.47 3.80 2.00 1.42 1.85 3.10 2.28 6.48 5.72 3.35
33.40 27.95 24.89 25.79 28.80 23.89 15.64 14.57 13.59 13.07 13.35 13.28 11.27 25.54 22.39 20.64 18.72 20.25 9.77 9.86 8.32 6.46 5.97 5.93 8.12 5.71 4.68 3.97 5.02 6.69 1.34 2.07 6.91 8.92 8.73 2.55 4.58 3.49 6.45 9.25 8.40 6.90 6.80 1.77 3.97 3.69 2.57 9.38 5.55 5.58 5.08 5.21 2.15 6.86 7.07 7.81 8.14 7.96 8.47 6.79 5.59 5.60 8.37 8.84 5.00 8.43 4.32 4.49 4.60 5.30 6.22 5.52 3.76 7.40 6.26 0.54 0.56 1.35 2.68 1.60 3.41 5.83
33.35 26.85 25.98 30.16 28.93 29.01 24.10 23.00 14.43 14.00 13.82 13.28 11.42 20.49 25.50 20.08 19.61 9.07 8.49 8.18 6.31 5.04 5.51 12.60 8.70 5.81 4.89 3.54 4.29 3.19 1.17 1.31 7.25 8.67 7.77 2.61 4.31 4.05 9.75 9.08 8.21 8.30 8.67 2.08 5.46 0.65 0.87 1.21 4.23 9.75 4.63 4.38 8.24 5.18 3.79 8.09 4.33 5.02 8.76 6.08 5.96 5.96 5.65 9.49 4.56 3.07 3.69 3.94 4.03 4.35 5.01 4.43 2.13 2.15 5.80 5.72 6.54 7.00 7.02 1.47 1.64 2.10
27.79 26.09 31.50 31.80 27.40 27.99 25.81 23.81 14.19 13.81 13.56 21.99 11.46 10.05 25.58 18.88 21.08 8.20 6.94 6.32 5.01 4.39 4.68 11.52 7.93 8.42 9.42 4.16 3.80 2.19 10.35 2.84 5.76 8.05 8.32 5.24 3.69 3.58 10.61 9.98 10.19 4.52 11.36 2.21 6.94 1.04 3.64 1.06 4.92 5.42 5.04 3.87 8.89 8.19 2.88 8.28 4.78 5.52 6.28 5.95 5.15 6.75 6.25 4.80 3.53 3.08 1.68 3.08 2.17 2.06 2.89 3.27 3.61 2.69 1.21 1.24 0.65 2.72 7.42 3.31 2.58 3.05
26.89 25.42 31.57 31.84 26.66 26.69 25.23 23.65 13.91 13.58 13.60 23.26 11.84 10.08 26.57 11.59 22.59 7.72 5.78 4.76 3.88 4.22 15.34 8.30 6.50 8.06 9.34 3.85 4.74 3.12 2.35 4.41 5.69 5.68 9.02 5.20 1.33 1.39 12.16 11.96 11.84 6.64 13.09 3.41 5.63 4.07 6.45 6.33 10.52 10.51 6.28 2.37 9.42 8.96 8.81 4.35 9.53 6.11 9.81 10.02 4.88 3.51 10.63 5.48 4.72 3.47 0.73 1.52 0.32 0.71 3.01 2.30 5.12 5.24 6.03 2.00 1.99 2.32 0.33 7.55 6.21 5.50
25.14 24.27 30.10 30.77 26.65 25.89 24.87 25.74 13.78 13.80 14.18 13.37 11.05 9.88 10.71 22.41 22.41 6.75 4.68 3.64 2.92 3.48 13.11 8.60 6.18 7.90 5.13 6.04 4.88 1.34 4.16 6.31 5.30 6.09 6.00 5.36 1.87 1.35 12.75 7.06 7.91 2.65 14.06 2.89 2.26 4.52 5.24 10.69 10.88 10.87 10.56 10.23 4.96 6.08 5.94 4.76 6.33 6.05 5.39 10.43 5.32 6.39 4.54 5.91 3.92 8.90 2.73 4.27 2.93 1.49 0.92 4.07 4.72 5.35 3.98 2.78 2.07 2.57 2.26 1.58 2.60 1.10
29.51 24.27 29.25 31.45 31.11 30.16 24.97 24.13 25.98 12.44 12.68 26.84 9.57 24.59 9.48 25.42 8.51 20.43 3.67 2.62 1.84 10.47 12.90 4.84 5.35 7.37 9.25 7.78 3.43 2.96 8.48 8.05 8.17 8.57 6.19 4.13 1.62 3.96 5.32 12.31 6.18 0.21 12.86 11.91 11.65 5.71 6.41 6.64 11.98 12.07 11.91 11.62 4.68 11.57 11.21 2.83 5.18 5.67 4.79 6.82 5.87 4.99 6.41 5.33 2.17 7.87 7.75 3.13 2.45 0.94 0.75 3.82 5.10 5.68 2.56 2.05 2.09 1.43 1.50 1.46 2.09 1.81
29.47 19.24 18.86 18.04 28.50 29.80 23.66 12.32 24.46 10.75 27.78 25.82 8.51 24.51 22.10 23.43 21.16 13.30 3.17 2.01 1.24 10.86 10.17 10.90 5.01 6.71 9.06 7.54 6.61 4.41 6.53 6.66 7.49 6.58 3.58 4.17 10.38 10.64 10.96 10.96 11.04 11.57 11.67 11.04 10.73 6.44 6.16 12.63 12.81 13.10 13.59 3.41 4.00 11.91 10.92 10.51 5.90 3.71 4.42 5.88 5.94 6.19 5.37 4.15 2.71 2.87 3.36 4.12 1.60 1.45 1.80 4.18 5.41 5.96 2.54 1.65 1.09 1.65 6.50 5.71 5.07 4.82
19.71 19.75 19.27 17.81 32.02 29.93 23.82 12.43 11.65 11.05 10.38 26.85 24.99 22.04 22.23 22.59 19.44 17.90 3.07 1.85 1.35 8.07 12.83 11.49 5.38 6.37 8.75 8.96 9.06 9.24 6.71 7.11 5.86 2.86 8.54 9.11 9.80 10.73 11.07 10.29 10.21 11.23 12.05 11.95 11.54 11.40 11.66 12.30 12.74 12.94 13.24 4.91 5.67 11.12 10.18 9.82 6.06 9.57 4.92 4.05 5.79 4.17 1.82 8.70 7.83 3.34 0.95 1.38 2.63 0.88 1.94 3.68 5.54 2.50 2.23 3.66 6.44 2.36 0.59 5.74 5.21 4.79
25.91 19.24 31.38 16.76 30.68 28.16 13.62 21.40 12.39 18.67 25.72 25.38 23.35 22.35 21.58 21.63 22.84 18.80 3.74 1.60 0.82 16.12 12.20 4.79 5.49 6.38 10.59 8.71 7.13 6.60 9.76 5.96 2.55 1.85 8.44 9.22 9.94 10.60 10.59 10.08 10.59 11.63 11.99 11.83 11.62 11.47 11.46 11.85 12.19 12.04 11.52 10.71 9.86 9.36 9.21 9.15 8.86 8.54 8.47 8.71 2.65 4.76 3.83 7.83 7.89 7.99 7.49 1.42 0.57 1.03 1.66 1.59 1.67 1.67 2.86 4.13 5.48 5.62 6.04 1.31 5.09 4.75
18.09 17.67 32.08 29.44 29.53 28.43 13.76 22.56 21.88 25.04 22.44 27.67 24.76 21.75 22.48 20.29 23.47 19.31 4.79 2.32 1.10 14.60 3.37 4.74 6.01 6.03 13.60 9.79 10.45 4.44 1.24 2.74 3.25 8.10 8.32 8.86 9.29 9.57 9.92 10.29 10.82 11.37 11.54 11.48 11.64 11.81 11.73 11.73 11.82 11.52 10.63 9.48 8.61 8.28 8.20 8.06 8.02 8.07 8.09 8.24 4.49 5.02 7.73 7.60 4.17 7.42 6.59 5.78 5.21 1.62 1.82 1.22 1.10 1.51 3.02 2.80 5.06 5.28 5.65 1.01 5.25 4.93
18.72 17.92 31.75 30.13 27.96 26.21 24.93 13.89 24.34 28.55 12.25 26.21 24.52 25.21 8.48 24.06 21.06 21.18 4.94 16.66 3.47 3.79 4.44 5.53 6.27 14.26 4.38 12.41 4.14 6.39 2.86 6.58 7.15 7.56 7.65 7.91 8.19 8.48 8.88 9.35 9.95 10.61 11.08 11.38 11.70 12.01 12.05 11.91 11.79 11.38 10.51 9.53 8.84 8.29 7.80 7.59 7.73 7.81 7.82 7.89 7.81 7.61 7.48 7.44 7.29 6.83 6.15 5.54 5.23 5.14 4.94 4.80 4.89 1.16 0.92 2.79 4.07 4.89 5.27 2.62 5.27 5.17
19.93 19.07 17.42 29.42 30.37 14.62 23.93 14.68 14.17 13.57 27.27 22.96 24.48 23.95 9.76 9.51 25.94 19.08 17.93 19.52 5.24 6.26 6.70 6.13 13.84 14.86 12.87 5.21 8.12 7.56 3.60 6.93 7.14 7.27 7.20 7.19 7.33 7.62 7.75 8.28 9.12 9.60 10.09 10.77 11.26 11.67 12.04 12.11 11.94 11.32 10.44 9.73 9.25 8.59 7.91 7.69 7.75 7.70 7.66 7.69 7.54 7.26 7.08 6.92 6.70 6.38 5.90 5.50 5.33 5.25 5.07 4.99 5.19 2.16 1.86 4.12 3.23 4.70 5.15 4.05 1.06 1.64
18.07 29.80 16.51 29.37 26.56 15.39 28.07 14.54 14.25 30.38 30.34 13.11 25.18 25.65 11.80 22.90 24.60 23.66 20.44 7.74 7.86 15.29 6.71 4.88 2.80 15.40 10.86 10.07 11.90 9.90 4.56 5.70 7.39 7.10 6.67 6.25 6.16 6.38 7.01 8.41 8.82 8.27 8.78 9.84 10.65 11.17 11.71 12.10 12.25 11.60 10.65 10.14 9.56 8.84 8.14 7.89 7.81 7.64 7.51 7.46 7.25 6.92 6.65 6.50 6.37 6.13 5.79 5.58 5.54 5.55 5.36 5.26 2.24 2.46 2.28 2.14 3.24 3.21 4.63 5.01 2.34 6.21
15.48 28.87 14.41 32.08 14.66 22.30 29.32 22.70 31.86 13.85 13.86 14.78 25.58 14.09 22.91 11.48 21.76 20.57 20.88 8.21 7.84 6.85 4.57 21.62 15.54 12.49 10.60 13.28 13.75 10.21 6.89 7.52 7.63 7.00 6.15 5.39 4.86 4.83 5.36 6.16 6.05 6.29 7.44 8.71 9.78 10.55 11.32 12.09 12.38 11.62 10.87 10.27 9.63 9.18 8.64 8.18 7.86 7.61 7.42 7.24 6.97 6.64 6.43 8.01 6.19 5.93 5.65 5.53 5.55 5.46 5.15 4.88 4.73 4.56 4.35 2.68 2.07 1.84 4.06 5.16 2.71 3.13
16.60 15.17 13.37 30.35 14.71 27.89 30.44 15.25 14.52 33.37 12.39 29.41 24.69 27.43 27.14 25.67 21.46 20.05 19.82 23.53 5.52 4.44 3.37 3.43 4.62 5.23 13.74 15.03 14.45 9.54 7.52 8.04 7.81 6.87 5.87 4.98 4.40 4.08 4.22 4.15 3.17 4.28 6.52 7.85 8.98 9.88 10.83 11.77 12.07 11.68 11.11 10.22 9.54 9.20 8.79 8.33 7.85 7.49 7.20 6.89 6.62 6.45 6.38 6.25 5.96 5.63 5.41 5.28 5.19 4.98 4.66 4.40 3.91 4.13 4.84 4.67 3.38 2.83 2.81 2.36 2.13 1.32
16.69 15.98 15.04 13.78 15.49 26.14 15.61 28.45 27.57 31.99 11.76 31.15 30.34 29.50 27.16 20.23 10.94 22.65 21.17 19.13 5.07 18.79 13.07 5.64 6.64 5.84 14.99 16.48 12.77 7.02 8.22 8.26 7.47 6.58 5.81 4.99 4.52 4.29 4.21 3.72 2.83 4.03 6.10 7.35 8.43 9.32 10.07 10.80 11.48 11.80 11.24 10.39 9.77 9.00 8.27 7.79 7.39 7.05 6.75 6.45 6.25 6.17 6.09 5.80 5.44 5.21 6.42 6.29 5.54 5.99 5.99 6.02 6.04 5.30 3.82 3.25 3.18 2.95 2.59 1.29 1.07 2.16
16.75 16.87 17.10 15.97 29.49 14.94 32.86 30.50 27.69 14.42 13.75 23.99 12.43 27.17 29.21 21.75 11.81 22.76 10.83 18.05 21.91 6.13 12.00 7.39 17.54 15.71 16.02 16.95 10.65 7.26 11.70 10.48 7.28 6.56 5.85 5.14 4.54 4.04 3.51 3.37 3.89 4.79 5.88 6.80 7.67 8.45 9.13 9.80 10.76 11.36 11.09 10.90 10.31 8.80 7.40 6.68 6.45 6.26 6.09 6.02 5.92 5.74 7.52 5.22 5.03 6.43 6.76 6.52 5.44 5.32 5.54 5.93 5.93 5.70 4.55 3.43 2.88 3.35 1.65 1.54 0.52 2.35
15.87 15.23 14.55 14.41 14.44 27.96 14.03 28.00 31.16 14.69 15.34 15.86 25.69 29.50 14.16 24.32 23.82 23.92 11.26 24.20 9.88 14.71 13.19 8.43 19.85 15.66 17.12 19.28 14.10 12.64 16.93 12.09 7.61 6.73 5.83 4.83 4.23 4.28 4.63 4.96 5.12 5.26 5.70 6.50 7.23 7.82 8.50 9.24 10.02 10.65 11.15 11.47 10.72 8.81 6.68 5.54 5.31 5.41 5.49 5.51 5.52 5.44 5.27 5.08 5.03 7.14 7.17 6.40 4.78 4.62 5.15 5.18 4.83 4.58 4.86 4.64 3.10 2.61 2.69 3.57 2.00 2.71
15.38 13.79 12.93 13.26 13.27 12.25 33.77 13.39 15.63 21.26 16.10 17.65 16.84 31.57 16.18 15.67 24.78 24.07 11.20 24.63 22.16 10.40 9.83 22.67 23.45 8.03 14.42 8.21 15.99 13.64 7.24 8.31 7.99 6.81 5.53 4.20 3.74 4.36 5.09 5.33 5.33 5.26 5.50 6.30 7.10 7.64 8.17 8.81 9.52 10.22 11.04 11.55 11.01 9.36 6.60 4.30 4.16 4.79 5.08 5.18 5.26 5.28 5.28 5.20 6.18 6.24 6.08 4.81 4.67 4.57 4.41 5.01 4.82 4.48 4.60 4.74 4.31 3.52 3.40 3.42 1.57 1.75
15.01 14.91 14.98 15.23 15.51 15.98 15.83 14.76 32.27 15.75 24.88 16.64 32.09 23.86 15.86 14.54 26.59 25.06 12.30 24.01 22.49 17.78 17.53 10.13 10.16 17.10 9.46 8.43 18.42 7.29 7.87 8.62 7.90 6.28 4.78 3.65 3.56 4.69 5.39 5.12 4.86 4.78 5.14 5.86 6.63 7.21 7.62 8.24 9.09 9.82 10.52 11.19 11.25 9.98 6.98 3.87 3.75 4.55 4.87 5.07 5.21 5.20 5.15 5.03 4.82 4.63 4.51 4.34 4.22 4.18 4.13 4.04 3.88 4.09 4.73 5.30 5.19 5.40 4.75 2.91 2.99 3.07
15.27 15.81 16.60 17.15 17.87 18.81 18.77 17.43 16.14 16.34 25.27 33.26 33.21 14.66 34.69 29.03 13.54 13.41 13.50 12.32 19.78 16.39 10.93 24.11 11.40 10.29 22.86 23.49 7.66 8.29 8.32 8.19 6.92 5.26 4.35 3.84 6.53 4.09 1.62 4.31 3.86 4.12 4.65 5.28 5.95 6.57 6.89 7.39 8.23 8.93 9.45 10.16 10.64 9.68 7.66 5.51 4.43 4.58 4.79 4.92 5.03 4.94 4.68 4.34 4.10 4.01 6.06 5.96 5.98 5.81 5.82 5.23 4.51 4.18 4.60 4.73 4.64 4.61 3.14 2.42 2.46 3.10
