examples/cougarCreek-fire/createInputs/farsite/7a-cougarCreek-polygonIgnit/cougarCreekFire_08-11-2015_0100_217m_non_neutral_stability_ang.asc
ncols	146
nrows	140
xllcorner	610065.000000
yllcorner	5095217.000000
cellsize	216.586807
NODATA_value	-9999.000000
[rows 42 to 83 of 140, columns 0 to 93 of 146]
294 294 294 294 292 297 296 300 300 302 303 293 291 285 282 280 279 284 292 296 296 292 286 286 284 292 291 287 288 279 260 254 230 200 215 202 237 232 224 233 254 267 265 261 263 267 290 313 346 321 312 315 321 327 334 340 344 348 351 355 358 360 3 6 8 7 6 4 3 3 2 2 1 358 354 351 353 354 355 359 337 349 22 20 360 348 334 329 339 349 354 0 24 19
295 295 296 296 294 276 298 299 301 303 293 287 280 279 279 280 284 289 293 295 292 284 285 287 290 294 288 290 288 280 262 254 239 220 219 221 181 175 152 198 210 232 241 235 213 276 322 345 360 336 314 314 319 324 332 340 346 350 20 358 1 3 6 9 9 8 7 7 7 7 7 8 7 5 2 356 359 4 352 348 359 5 48 4 360 354 348 338 337 345 353 359 14 15
295 296 297 298 297 295 299 300 301 290 283 282 280 278 278 280 282 283 288 287 283 285 286 286 291 292 290 290 288 285 274 272 254 246 246 252 206 142 171 146 202 202 180 195 265 298 326 349 360 347 320 313 317 323 331 340 348 354 357 359 1 4 3 5 6 8 11 11 12 12 13 13 12 11 13 10 11 20 343 331 350 4 7 18 0 20 356 351 345 346 352 357 10 13
295 296 298 299 295 296 298 300 301 281 282 278 279 283 282 280 282 284 290 289 285 284 287 291 291 291 290 286 287 281 280 281 281 286 283 284 316 96 119 123 131 147 252 302 314 322 336 345 350 348 317 314 312 324 332 340 349 356 360 360 0 0 1 6 10 24 31 35 32 34 34 28 28 29 29 16 21 18 355 333 345 357 336 29 2 0 22 356 352 350 352 356 358 16
296 297 276 298 294 295 281 282 279 282 278 278 285 282 279 279 280 294 294 293 290 288 291 287 294 292 290 288 288 283 278 278 280 305 306 309 358 45 54 46 11 350 336 328 335 348 355 341 286 256 306 306 313 326 334 341 347 354 360 4 6 5 11 26 31 38 36 38 38 62 57 62 42 22 37 18 16 30 13 348 347 354 4 19 20 3 1 359 357 354 353 355 359 0
294 279 292 298 299 295 283 278 277 278 278 284 287 284 284 291 306 301 296 292 286 285 290 285 289 290 287 289 288 283 278 273 274 293 306 319 9 42 25 1 1 345 341 334 344 5 0 300 303 313 313 323 329 335 342 345 349 352 9 29 33 37 47 53 58 56 52 44 64 65 66 51 49 29 26 23 22 25 23 5 344 348 359 9 33 7 5 3 1 358 355 355 357 1
293 273 278 282 279 280 278 278 280 278 285 299 290 292 304 306 302 302 296 290 286 289 290 286 290 288 292 289 292 286 282 278 275 287 302 316 9 32 21 359 341 347 345 340 325 354 351 322 324 320 320 332 346 351 352 359 14 55 65 70 69 64 67 80 79 73 69 69 70 71 54 52 54 36 33 30 28 62 29 19 349 338 352 6 16 37 9 6 5 3 0 358 356 359
274 288 277 282 292 275 278 294 295 284 287 300 302 305 298 294 291 289 290 288 287 284 287 292 293 292 293 290 290 294 287 285 284 281 302 312 6 30 16 350 331 338 352 347 330 341 344 327 323 323 324 344 313 46 36 33 25 51 68 81 42 45 53 82 78 73 73 68 60 61 58 56 56 53 40 36 35 33 33 29 7 338 343 4 12 14 30 33 9 7 24 4 359 358
289 280 281 288 287 297 299 296 296 298 300 302 304 296 289 289 289 291 291 288 288 287 290 292 293 295 306 291 297 293 288 289 286 285 303 313 9 29 4 329 323 330 348 5 6 347 346 342 322 299 308 321 280 256 126 63 13 29 74 79 58 63 62 66 83 70 68 60 59 58 58 57 49 47 55 41 39 37 36 35 22 357 349 3 14 17 16 15 13 40 32 23 5 1
287 288 288 288 297 299 295 296 298 300 303 305 306 292 290 291 290 291 290 289 292 293 287 296 286 293 290 305 299 292 289 290 284 286 302 312 21 29 356 318 313 315 338 18 20 345 329 325 324 302 294 276 334 240 360 44 37 28 49 78 78 71 80 78 79 74 86 80 77 75 78 84 70 70 65 67 65 65 40 56 31 16 9 21 26 17 18 18 17 16 46 33 26 7
275 287 276 298 299 295 296 297 290 301 303 292 291 291 292 292 291 290 290 291 294 293 294 312 292 316 315 309 296 292 291 291 283 283 299 311 40 80 324 311 306 299 319 13 18 354 324 316 316 316 309 312 323 338 5 310 30 358 69 74 74 80 83 64 89 85 88 86 80 81 63 83 78 57 56 54 52 50 48 46 42 36 34 38 27 13 21 22 20 20 18 16 15 13
288 288 297 299 294 294 287 287 289 293 288 293 304 302 301 302 304 290 290 293 287 297 297 300 298 318 302 299 295 290 294 288 281 278 298 330 62 14 324 313 307 294 307 3 7 0 341 323 313 311 316 325 339 326 2 154 30 11 45 66 57 75 66 69 72 72 73 74 74 73 73 71 68 65 63 61 82 68 55 51 47 44 75 37 27 22 28 27 24 25 24 21 20 19
292 291 292 292 284 284 294 288 290 291 291 303 301 300 286 289 303 291 292 295 310 312 295 291 303 305 299 294 293 287 298 290 283 273 302 342 47 358 336 331 324 301 292 332 351 344 333 330 315 313 315 322 336 356 355 48 46 33 54 68 58 63 69 74 77 81 81 79 77 77 77 77 73 70 67 65 63 61 58 56 54 49 44 40 37 36 34 31 29 29 28 24 23 22
292 290 292 282 294 291 293 288 290 291 302 301 300 300 289 291 304 293 308 311 299 298 292 298 295 297 293 292 292 286 292 291 284 277 296 333 350 297 308 323 326 292 294 295 325 334 336 325 311 308 312 318 326 340 2 51 49 36 44 48 51 55 62 69 75 83 86 81 78 78 78 77 75 73 70 68 67 64 62 61 57 51 76 58 42 40 38 35 31 29 28 26 25 24
291 295 288 285 294 297 293 286 300 299 297 295 299 301 289 300 303 304 310 301 301 295 294 299 298 295 294 297 293 289 289 286 283 276 293 325 305 289 310 312 316 300 304 300 299 311 318 307 303 304 306 311 318 328 346 7 23 34 42 47 50 55 61 66 71 76 77 78 80 81 79 77 75 74 73 72 70 67 66 63 59 70 52 49 45 67 39 36 32 31 31 30 28 27
293 296 297 292 292 296 293 295 301 299 298 290 301 304 296 295 297 291 296 300 300 291 290 310 295 294 298 298 290 288 285 291 288 277 307 327 301 295 319 308 309 310 304 329 310 304 310 311 308 307 303 306 310 319 333 350 8 20 30 39 48 57 64 68 71 70 69 73 80 82 80 77 75 74 74 73 71 70 68 61 62 60 59 56 52 48 44 40 75 78 35 34 32 30
296 298 297 293 294 293 291 299 300 299 290 290 298 298 284 292 298 303 309 314 311 289 315 315 296 297 312 296 287 290 291 293 292 282 308 323 315 304 321 304 312 327 320 323 339 319 335 313 313 309 309 312 345 310 321 335 349 4 18 30 42 52 63 70 73 74 75 76 80 81 79 78 78 77 77 76 54 61 66 64 63 61 59 58 56 54 51 74 43 42 41 40 39 38
296 301 301 298 299 290 297 296 296 287 289 295 287 297 299 303 305 307 314 320 312 311 317 312 298 313 312 293 286 288 297 295 291 284 294 320 323 310 312 296 301 314 312 313 306 300 316 314 313 319 316 318 311 308 315 325 335 348 2 19 34 47 58 66 71 75 73 81 83 84 82 83 83 83 56 68 83 81 69 66 65 63 61 59 57 55 53 49 47 46 46 45 44 43
297 303 304 301 291 295 292 293 282 288 295 294 298 303 306 308 305 309 317 324 315 312 310 296 312 313 298 290 289 297 298 294 289 286 294 313 322 315 304 298 294 304 308 299 303 295 295 264 261 310 314 318 328 311 315 321 328 336 348 4 20 37 53 63 65 73 76 81 86 90 90 90 65 67 86 84 76 76 84 85 79 73 72 70 67 65 63 52 50 50 50 50 50 49
298 305 304 300 298 292 291 295 295 297 298 301 307 311 311 309 306 313 321 324 317 297 295 312 314 312 308 294 296 297 295 292 290 289 298 308 319 316 301 298 298 304 305 299 304 283 274 265 248 301 306 313 313 311 314 318 332 347 360 5 13 21 35 50 68 74 79 85 92 96 66 76 90 87 80 80 86 91 90 90 96 88 89 86 83 82 81 76 54 54 54 55 56 56
303 306 302 298 296 292 292 294 294 298 304 308 311 310 306 298 311 317 323 322 318 300 300 304 315 313 299 298 298 295 291 290 293 288 304 305 309 312 299 294 293 303 296 288 294 282 277 298 288 302 303 308 309 203 309 312 283 323 115 78 18 17 32 44 47 79 88 50 61 75 81 86 81 78 79 91 96 97 94 90 97 96 88 90 69 84 83 82 59 59 59 60 61 62
309 307 299 295 295 292 291 294 299 306 309 308 308 307 303 306 314 320 322 309 303 301 301 298 314 312 311 299 297 294 291 295 295 292 308 305 301 305 297 291 289 303 303 284 292 293 287 257 245 301 301 303 304 200 304 306 240 315 148 146 336 359 67 60 51 55 54 120 133 95 90 90 86 84 90 95 100 99 97 95 99 78 97 96 73 82 81 82 64 64 65 65 65 65
315 311 302 297 297 297 300 304 309 310 308 307 308 310 310 312 317 324 317 301 316 311 293 296 302 300 310 297 294 293 294 293 295 298 305 304 299 297 294 291 287 302 309 291 283 291 286 297 295 239 298 298 299 299 300 301 303 270 308 154 316 231 2 127 121 115 124 133 105 137 106 106 119 118 101 99 97 97 90 89 93 99 81 79 77 75 73 90 69 70 70 71 72 73
318 314 306 302 304 308 311 311 310 305 303 303 300 308 310 311 318 327 321 299 315 305 292 295 300 309 308 305 293 294 295 294 295 300 305 303 292 293 290 283 285 293 306 302 290 291 280 278 293 284 291 297 297 296 244 297 298 300 302 150 304 312 328 146 133 122 125 126 147 151 117 112 120 124 105 94 79 71 70 77 81 80 83 84 83 84 78 76 75 75 76 76 78 78
319 315 307 306 310 314 314 309 305 303 301 299 294 302 306 310 321 324 320 307 316 314 313 318 295 310 309 306 297 297 293 300 303 303 305 300 282 293 292 277 284 289 307 306 304 302 297 294 292 257 285 294 296 214 293 294 294 295 296 295 113 302 152 157 154 137 131 138 123 118 114 112 111 118 119 94 68 75 78 85 88 86 85 80 74 72 83 81 80 80 80 83 83 85
325 318 311 309 311 313 311 307 304 301 298 295 291 299 305 311 327 320 316 291 308 306 313 317 295 309 308 305 296 293 294 299 301 299 296 294 283 295 287 281 284 283 306 307 308 305 280 269 275 262 246 291 285 291 240 291 292 292 292 55 292 141 146 288 161 144 145 134 129 116 111 112 116 120 130 145 102 100 97 95 93 91 91 91 89 87 89 84 83 84 87 89 90 92
327 320 312 306 307 307 306 305 298 297 294 302 299 303 305 312 333 330 304 304 305 291 313 297 293 318 313 304 291 293 288 293 295 288 287 293 283 290 287 279 282 273 306 304 309 309 306 288 299 265 250 293 291 289 289 219 290 290 291 192 121 151 180 150 172 150 147 163 144 138 109 103 109 108 111 138 143 117 99 97 91 77 73 82 89 95 89 86 87 90 92 94 94 96
322 317 309 301 301 296 296 295 294 294 292 292 287 302 303 311 337 330 288 309 299 288 289 291 293 317 311 303 290 293 287 291 300 298 290 286 284 290 288 280 280 282 282 307 309 309 305 300 299 296 291 293 291 289 287 287 220 289 287 264 94 283 281 119 142 132 129 186 164 149 135 115 113 115 107 111 121 107 78 102 100 99 98 96 96 95 93 92 92 94 95 97 99 101
321 314 306 298 298 292 292 293 292 291 290 289 287 300 302 313 341 329 287 308 308 288 300 290 307 316 306 303 293 290 291 289 303 302 291 291 286 292 289 285 282 279 281 302 306 307 296 290 300 299 295 293 292 235 288 286 286 287 285 283 254 279 277 272 265 111 119 137 180 163 166 138 126 127 123 119 116 112 95 87 83 85 80 72 76 99 99 98 97 76 99 101 103 105
323 314 305 304 297 290 290 296 291 289 288 287 300 284 301 317 345 326 287 307 294 289 311 303 316 314 305 293 293 292 292 296 313 316 289 287 294 294 289 283 279 288 284 280 303 307 304 298 299 297 296 294 288 241 236 286 285 285 285 283 280 208 276 272 265 253 237 102 135 176 162 149 128 122 120 123 124 119 115 108 109 107 110 136 75 79 80 81 95 90 82 84 91 108
322 312 305 304 296 289 290 296 289 288 288 286 286 292 300 322 347 323 298 306 307 310 311 305 316 312 302 293 290 292 292 298 304 290 289 288 294 306 283 285 283 285 296 275 302 306 302 295 299 297 297 295 264 241 288 286 285 284 285 283 280 279 190 234 218 257 86 225 205 127 176 141 123 109 111 120 132 128 127 122 109 107 114 137 104 122 116 121 123 102 125 108 104 105
316 311 306 304 295 290 290 295 288 288 288 287 287 299 298 321 344 322 309 305 308 310 311 297 316 305 292 291 293 304 291 299 301 292 294 289 306 302 284 285 278 285 296 276 281 302 302 295 293 297 294 295 269 291 241 286 285 284 284 283 281 278 248 181 168 161 183 134 120 119 118 119 121 118 119 126 137 131 133 132 111 106 109 125 137 129 115 113 120 106 105 122 109 105
309 307 305 303 293 290 290 289 288 286 285 285 300 281 297 317 338 321 310 307 309 311 312 307 316 305 293 296 303 292 296 300 296 302 294 289 307 302 284 285 280 288 286 275 291 298 302 298 293 288 296 279 273 293 290 246 286 285 284 283 282 278 276 196 166 162 158 158 157 166 167 152 150 162 135 133 138 135 135 138 125 109 108 113 123 133 122 105 108 123 110 109 123 108
305 305 304 295 293 293 293 287 286 284 289 285 284 281 300 318 333 320 312 292 311 311 312 315 308 304 294 306 294 295 292 301 291 304 293 298 309 298 284 284 281 291 289 295 291 278 299 305 301 285 296 296 262 293 291 256 244 286 284 282 281 279 276 245 177 219 159 186 179 162 210 198 158 154 162 141 138 143 137 134 131 111 101 104 113 126 128 116 106 108 122 115 115 124
304 304 304 293 292 292 292 291 286 292 300 299 302 286 305 322 330 318 295 310 311 312 313 314 306 297 296 294 296 292 291 299 293 295 293 310 312 295 299 285 286 291 290 283 292 289 285 300 301 286 296 295 294 293 292 272 248 285 283 282 280 279 276 273 209 180 172 169 192 161 172 180 174 158 163 165 139 145 147 126 123 111 107 108 113 127 121 120 112 106 119 113 121 122
304 303 303 292 291 293 293 291 293 297 304 296 304 306 308 324 326 315 312 310 310 312 313 305 309 300 296 294 293 293 295 293 296 293 298 310 316 297 299 282 297 297 296 294 293 291 279 298 300 286 297 296 295 293 292 272 250 285 284 283 221 279 277 274 234 191 184 178 166 174 163 174 176 164 188 173 161 148 159 137 130 129 119 117 121 124 126 113 115 110 103 124 124 127
304 303 302 292 293 304 293 288 295 298 296 288 302 304 309 324 322 314 311 310 309 312 312 310 311 301 296 294 294 295 295 296 294 292 301 309 314 304 287 285 297 299 296 295 291 289 287 283 298 286 284 297 296 294 292 290 255 245 239 283 281 279 276 274 271 194 182 177 169 239 232 226 160 161 197 186 172 170 116 132 145 147 134 125 125 129 127 127 125 127 121 115 129 129
303 303 303 293 293 304 292 292 294 295 294 287 284 301 310 321 317 313 312 310 309 311 298 313 319 300 296 293 293 296 297 298 296 289 299 308 312 302 288 285 298 299 297 294 291 290 287 284 275 298 286 297 297 294 291 274 290 255 238 283 281 279 276 274 271 235 185 173 164 242 236 232 225 158 176 183 184 168 117 127 142 153 147 136 128 134 132 131 131 132 132 128 122 133
303 303 303 293 293 304 303 292 293 294 292 287 291 301 311 319 314 313 312 310 310 311 307 314 313 299 296 310 292 303 294 292 291 290 300 310 313 301 296 283 297 295 296 295 293 291 287 286 282 297 298 297 296 293 291 291 291 276 266 282 281 280 278 213 272 267 187 182 176 184 170 166 230 223 154 165 192 177 159 135 138 150 144 141 140 138 136 136 136 136 136 136 136 124
304 303 302 294 305 305 304 294 293 293 293 293 291 302 312 316 314 313 312 311 310 298 310 316 314 307 314 309 299 295 301 292 291 289 300 304 304 287 287 304 304 304 294 297 297 292 288 299 286 296 298 297 296 294 294 280 283 290 270 263 281 279 278 276 238 269 235 190 179 191 152 166 167 228 221 211 199 186 167 147 149 155 150 147 145 143 141 141 140 141 139 140 141 126
304 303 302 292 305 305 304 294 293 292 293 305 291 304 313 313 313 313 311 310 296 300 311 316 313 298 314 309 291 297 300 292 292 292 298 300 299 295 294 304 304 304 294 296 299 294 290 301 277 287 297 297 297 297 286 282 273 265 269 268 237 280 277 275 272 270 265 201 188 186 195 185 198 157 226 144 167 195 186 158 148 163 157 153 150 148 147 145 144 145 144 143 145 145
304 303 303 304 305 305 305 293 293 290 294 306 289 307 298 311 312 311 309 296 295 306 312 316 313 319 314 309 291 304 295 294 302 300 297 298 287 306 295 304 303 295 304 295 303 303 303 281 285 285 288 298 298 285 278 280 291 271 270 269 264 236 244 274 272 269 266 229 194 189 182 174 205 202 174 163 162 170 167 158 154 171 164 159 156 153 152 151 149 148 148 147 148 147
