examples/cougarCreek-fire/createInputs/farsite/7a-cougarCreek-polygonIgnit/cougarCreekFire_08-13-2015_0900_217m_non_neutral_stability_vel.asc
ncols	146
nrows	140
xllcorner	610065.000000
yllcorner	5095217.000000
cellsize	216.586807
NODATA_value	-9999.000000
[rows 0 to 34 of 140, columns 0 to 79 of 146]
7.28 2.96 3.11 3.65 6.07 1.95 3.18 4.37 5.09 5.50 5.73 6.06 5.96 5.27 6.21 6.01 5.75 6.84 7.96 9.63 11.61 14.46 17.74 19.58 18.87 17.11 17.06 18.97 20.61 19.38 15.83 10.49 16.12 18.66 21.51 25.43 29.48 32.19 33.44 33.89 34.25 34.11 33.63 33.98 35.12 35.71 34.81 33.77 33.49 35.62 32.56 34.96 32.16 35.39 34.04 34.76 35.79 30.78 25.41 26.82 25.25 30.45 24.62 24.22 23.15 30.16 21.76 23.30 24.04 25.02 23.46 20.36 19.33 20.11 21.42 19.41 15.13 17.83 20.74 20.66
7.28 2.96 3.11 3.65 6.07 1.95 3.18 4.37 5.09 5.50 5.73 6.06 5.96 5.27 6.21 6.01 5.75 6.84 7.96 9.63 11.61 14.46 17.74 19.58 18.87 17.11 17.06 18.97 20.61 19.38 15.83 10.49 16.12 18.66 21.51 25.43 29.48 32.19 33.44 33.89 34.25 34.11 33.63 33.98 35.12 35.71 34.81 33.77 33.49 35.62 32.56 34.96 32.16 35.39 34.04 34.76 35.79 30.78 25.41 26.82 25.25 30.45 24.62 24.22 23.15 30.16 21.76 23.30 24.04 25.02 23.46 20.36 19.33 20.11 21.42 19.41 15.13 17.83 20.74 20.66
10.41 6.01 5.02 6.03 9.90 8.80 4.87 4.31 8.91 8.23 6.83 5.19 6.60 2.80 4.57 3.75 4.00 6.18 7.60 9.77 11.79 14.49 17.19 18.61 18.31 18.05 8.22 9.97 19.16 18.31 15.70 3.43 15.26 16.71 22.78 26.38 20.00 29.78 32.60 31.18 32.53 33.03 29.36 29.56 34.24 35.00 35.30 32.78 35.46 35.76 32.72 29.10 31.38 35.27 32.30 30.83 31.49 29.17 25.77 28.18 33.93 27.04 26.60 30.95 31.63 30.71 22.06 23.87 34.05 23.18 20.10 17.91 25.33 19.88 21.60 32.81 33.88 14.82 18.53 19.36
7.98 6.78 5.16 7.92 7.86 7.04 8.03 7.08 7.23 4.19 4.88 3.91 3.94 3.69 0.87 1.78 3.21 5.42 6.34 8.55 11.66 13.71 14.20 17.35 17.94 17.13 11.25 10.55 18.42 17.50 11.28 8.32 10.17 11.17 13.61 17.37 20.03 24.58 27.52 26.42 27.80 28.07 27.44 28.24 28.13 30.60 28.07 24.50 28.06 29.60 30.36 31.40 33.32 33.32 28.15 23.82 25.25 15.98 18.69 22.86 23.91 21.54 20.08 26.69 25.66 18.49 22.34 24.43 33.28 19.01 31.21 25.72 17.29 19.54 20.79 30.97 29.48 11.54 15.70 17.99
4.96 9.82 4.67 7.65 7.97 6.95 2.86 6.10 2.68 3.54 5.35 4.07 5.93 5.93 3.60 0.27 2.50 5.17 5.53 6.69 10.36 12.73 14.67 12.01 17.86 18.13 16.26 8.46 12.26 13.14 13.20 13.10 10.93 13.58 13.75 16.14 19.16 22.36 28.49 29.29 28.41 27.03 27.97 28.37 27.83 28.70 25.32 24.24 28.10 31.68 33.67 32.94 32.00 28.88 27.28 23.98 20.41 14.39 16.26 22.97 20.96 23.91 21.01 27.53 21.14 19.82 23.05 20.48 17.82 30.66 25.75 15.50 17.31 19.05 32.36 29.68 8.92 10.01 14.22 17.14
8.01 8.45 4.24 7.66 7.38 7.18 6.90 6.93 5.86 5.19 4.77 4.58 3.34 6.20 4.18 3.93 1.50 5.20 5.94 7.90 9.17 11.53 12.89 8.93 14.90 18.41 16.29 10.81 14.53 16.24 16.71 13.29 10.99 14.06 13.76 16.44 18.60 21.70 26.66 28.09 25.77 25.12 27.79 27.91 25.33 26.36 27.14 27.66 32.22 34.45 31.81 29.46 29.77 25.33 22.68 18.36 12.18 15.03 22.35 16.32 23.29 23.64 23.48 25.63 17.63 21.40 29.78 26.05 29.64 22.04 15.37 18.56 22.32 17.14 14.98 11.14 27.05 10.43 13.85 16.18
10.79 8.44 3.80 3.10 6.49 5.89 5.66 1.14 5.30 4.93 4.36 4.37 2.43 6.33 6.73 4.78 0.56 3.67 7.26 7.92 8.17 9.00 10.35 13.62 15.11 20.26 15.53 15.82 17.82 20.03 18.47 11.45 12.00 16.76 14.82 16.15 18.38 19.76 24.97 25.16 24.07 24.78 27.19 26.90 24.50 28.77 30.48 32.46 28.18 27.80 25.55 24.22 26.35 23.83 16.48 14.84 14.24 13.57 18.73 20.98 22.13 22.74 24.25 16.01 14.58 25.42 28.73 27.82 23.67 15.05 23.11 28.15 14.19 14.56 13.03 29.96 9.24 11.57 13.66 15.23
10.28 9.79 8.42 6.95 5.80 6.61 6.46 5.55 4.50 2.62 3.77 3.75 2.36 3.92 5.16 5.79 1.74 2.07 3.68 7.60 7.78 8.79 10.46 14.21 15.89 21.33 20.88 17.55 19.41 22.32 17.92 11.51 16.31 18.06 11.97 14.23 16.18 18.34 21.39 22.78 22.53 23.54 23.51 23.63 25.99 30.14 30.48 26.59 25.73 23.95 25.75 22.51 20.75 17.10 15.88 18.44 16.09 16.39 20.27 21.06 21.42 24.12 21.40 15.54 22.67 26.26 25.70 25.96 19.30 23.31 13.92 12.35 29.23 27.67 11.56 22.47 9.95 12.28 13.70 14.66
10.38 8.98 7.19 6.51 5.44 5.85 6.05 5.50 5.09 4.23 3.71 4.31 5.22 0.60 6.89 6.98 5.24 1.67 2.62 7.02 8.09 9.46 11.89 14.94 14.25 21.90 22.19 19.78 20.36 21.90 18.65 13.81 17.13 15.11 8.47 12.19 14.93 16.00 16.96 18.77 21.44 23.18 21.24 21.30 27.26 26.56 25.56 23.52 23.20 21.74 19.93 22.19 21.41 18.01 16.49 15.76 14.88 17.80 20.33 20.62 20.28 16.19 13.98 16.86 22.76 23.58 24.62 24.02 21.80 26.30 11.60 29.25 17.05 12.69 25.30 26.64 10.41 12.88 14.10 14.18
10.10 8.51 6.91 6.60 4.86 5.79 5.10 4.84 4.32 2.85 2.39 2.53 1.93 0.40 3.44 5.48 5.35 5.43 1.48 6.24 8.58 9.49 10.63 13.57 18.37 21.99 24.15 21.92 20.22 22.14 20.85 14.65 14.10 11.35 7.97 11.06 13.08 12.60 15.71 20.04 24.27 24.88 21.79 24.20 26.64 24.01 20.34 19.00 19.85 20.00 21.07 20.96 19.37 15.83 14.76 13.69 15.65 16.97 18.87 17.26 12.22 15.43 18.10 20.74 21.81 22.62 23.70 23.78 23.70 24.94 23.58 10.25 12.40 23.82 27.46 8.18 11.00 13.79 14.21 13.23
6.56 9.62 8.55 6.32 5.61 4.41 3.52 3.82 3.22 2.55 2.36 1.37 0.45 1.18 5.94 5.94 6.13 5.30 0.94 2.35 7.76 4.50 9.63 12.15 18.33 22.06 24.75 22.38 21.15 24.14 22.01 14.39 14.16 11.55 6.81 8.25 9.48 10.88 15.40 21.11 26.22 25.48 25.47 26.62 25.79 21.54 19.14 18.15 20.20 20.07 16.65 16.61 13.34 8.18 8.30 12.95 14.94 14.33 15.67 9.52 10.95 15.99 21.06 20.67 18.71 18.52 20.93 21.38 21.88 23.49 22.12 17.60 21.54 19.84 21.50 8.49 11.88 14.47 13.51 11.86
7.03 9.47 8.75 8.00 6.72 5.24 3.31 2.80 2.84 2.70 2.06 1.25 1.44 0.77 1.83 1.29 6.97 5.25 1.26 0.57 7.29 3.83 9.50 11.53 17.79 21.55 24.22 22.05 22.35 25.02 20.88 14.26 13.88 9.44 5.29 6.75 7.99 10.79 15.21 19.55 24.08 25.90 23.50 22.51 20.89 18.76 16.94 16.84 18.99 18.50 17.36 12.60 7.30 5.85 9.61 14.52 13.97 13.51 12.42 8.42 12.80 19.76 20.06 18.96 18.24 20.30 8.43 7.69 7.66 7.28 19.97 17.84 9.69 20.85 8.54 9.48 12.72 14.28 12.40 10.75
7.79 6.87 7.05 6.81 6.62 4.88 3.65 1.74 1.05 2.68 1.76 1.45 2.09 2.95 5.65 5.61 5.89 2.28 0.48 0.97 1.76 3.87 4.88 10.49 16.78 23.79 24.77 22.75 23.51 24.31 19.81 14.33 11.49 13.21 5.59 6.39 8.38 10.67 12.65 20.80 22.52 26.74 23.77 21.31 19.11 16.14 13.43 16.02 17.64 13.95 12.00 10.70 5.18 5.91 13.71 16.44 13.98 14.46 13.41 9.57 14.42 9.78 19.67 17.37 6.68 6.97 6.88 6.33 6.27 6.66 7.16 8.39 15.10 19.88 8.71 10.67 13.15 13.26 11.51 10.18
6.22 6.25 4.19 4.49 5.33 4.57 3.41 2.92 4.97 5.33 0.64 1.45 1.70 2.97 5.21 5.37 5.65 3.46 2.42 1.36 1.72 3.91 6.31 5.99 16.14 23.66 26.40 24.51 24.84 22.77 19.09 14.10 9.93 8.54 6.36 7.38 9.70 9.30 16.89 22.72 25.03 25.29 21.48 19.03 16.28 11.81 11.94 16.25 14.79 11.35 9.21 7.97 5.98 7.95 14.91 15.34 16.01 15.45 15.25 16.95 14.33 7.32 5.84 17.06 18.58 19.54 20.92 20.53 21.25 18.48 7.17 8.03 8.45 7.88 8.99 11.51 13.09 12.22 10.55 9.52
4.60 2.48 3.71 2.87 3.26 3.37 3.82 3.14 1.40 5.09 5.59 0.70 0.37 0.74 2.46 6.76 6.68 5.70 4.49 4.40 5.10 5.94 9.34 9.28 16.25 23.05 25.60 25.59 25.48 21.15 17.59 12.77 9.58 9.58 7.45 8.91 9.64 8.38 17.92 24.69 25.28 20.80 18.56 16.24 12.52 10.54 13.91 15.29 14.58 11.50 7.01 7.32 8.70 10.85 15.28 14.70 15.72 16.04 15.21 16.48 17.88 18.49 19.25 15.40 14.56 15.00 15.78 16.45 15.55 7.01 9.72 20.45 8.03 15.38 9.46 11.55 12.81 11.55 9.05 8.53
2.81 2.84 3.37 3.43 3.16 3.95 4.71 4.06 2.96 1.30 3.74 0.69 0.67 0.81 1.84 1.83 7.45 6.82 5.02 5.52 7.27 9.01 12.91 13.54 11.75 17.67 24.58 26.33 25.45 19.35 14.96 11.64 12.63 14.95 9.28 9.29 7.92 14.40 19.31 25.08 30.20 18.39 16.86 15.38 12.18 13.03 14.56 15.02 11.91 9.01 4.19 9.15 11.80 11.19 12.12 13.48 15.35 16.07 14.03 13.98 16.63 17.63 14.90 13.96 11.82 10.69 14.74 14.00 8.05 18.24 21.48 6.22 7.76 8.98 9.74 10.68 11.99 10.89 25.48 7.51
3.55 2.87 2.78 4.30 3.69 3.24 3.89 3.79 3.42 2.99 1.71 0.77 2.16 1.64 2.25 6.91 7.35 3.68 3.24 4.36 7.72 10.31 14.87 16.22 12.91 17.22 24.72 26.84 23.30 19.17 13.72 12.95 15.33 13.58 11.44 9.69 12.88 14.87 20.56 22.76 22.05 17.98 15.61 14.49 13.22 12.93 13.18 11.37 8.38 6.79 6.20 11.42 12.57 12.18 12.10 12.99 16.53 11.15 14.67 14.32 13.06 12.54 10.67 10.59 8.95 10.63 16.00 11.47 18.14 17.17 12.85 5.64 8.08 9.74 9.64 9.26 10.38 10.18 7.86 6.73
5.09 3.61 2.18 3.57 3.90 2.37 1.94 3.14 3.45 3.04 2.25 0.72 2.45 4.10 2.05 5.93 6.25 7.24 2.82 9.21 7.24 9.17 13.91 16.01 15.26 18.26 25.44 26.40 21.90 18.19 15.05 16.08 16.50 14.30 13.08 8.40 12.69 16.73 21.58 23.55 20.57 17.64 15.30 14.21 12.67 11.74 10.50 10.55 7.06 8.48 10.80 12.59 11.95 10.60 9.54 14.45 16.51 8.36 13.59 14.95 11.75 10.96 11.00 13.83 14.76 15.23 16.81 14.91 12.02 12.60 20.19 18.01 16.71 19.20 21.56 22.60 8.60 8.90 7.97 6.33
6.39 5.30 3.85 3.87 5.23 4.83 3.43 3.91 4.45 3.90 2.57 0.46 3.23 1.71 1.11 1.69 0.48 1.51 2.44 4.53 7.26 7.90 11.31 16.49 18.45 21.53 25.89 25.20 21.60 19.70 18.81 19.24 18.17 18.03 12.50 7.24 13.72 18.75 19.08 22.55 21.80 21.10 16.08 14.38 11.88 10.97 10.89 8.85 6.91 7.37 10.78 10.89 11.42 8.62 10.80 14.62 11.83 12.15 14.28 10.36 9.83 13.20 16.33 15.06 14.42 16.25 17.88 6.41 13.06 20.21 18.34 13.51 15.04 12.47 16.32 19.38 16.19 7.19 7.04 5.96
6.48 5.79 4.44 4.26 5.11 4.98 3.72 3.43 4.13 3.74 1.83 1.84 1.66 1.03 1.95 2.24 2.43 1.28 2.40 3.28 7.72 8.62 9.37 12.43 19.08 24.11 25.58 23.96 22.07 21.83 22.56 21.78 20.79 16.59 13.13 14.14 15.94 19.83 19.75 21.99 20.60 19.75 16.72 14.00 11.32 9.98 9.19 9.23 8.35 8.71 7.79 9.53 1.19 10.83 10.82 9.40 10.23 11.08 10.80 10.96 12.13 14.18 17.09 13.22 16.71 15.96 16.54 19.79 18.33 17.66 14.36 15.14 17.76 9.34 10.54 20.91 21.44 20.27 19.71 15.51
5.02 6.16 5.11 4.38 4.63 4.43 3.68 3.24 3.67 3.73 1.17 1.97 3.10 1.52 2.23 1.56 2.68 1.44 2.64 3.10 7.27 7.83 6.99 14.13 18.07 24.01 25.09 24.34 23.86 23.49 24.08 23.96 20.34 11.76 12.31 16.96 17.99 20.70 23.70 23.86 19.76 18.35 16.29 13.43 10.54 8.63 7.87 7.39 8.70 8.54 6.51 9.37 6.55 9.66 1.81 8.53 9.99 10.01 13.61 11.72 11.97 13.98 13.23 12.46 14.34 16.10 15.57 14.41 11.39 18.36 13.14 16.37 16.64 14.42 9.28 22.10 20.31 15.79 14.57 19.33
5.12 4.04 4.62 4.38 4.60 3.75 3.49 3.37 3.41 3.89 2.14 1.56 4.37 1.73 3.81 4.76 3.93 2.35 4.39 4.53 4.93 6.55 5.35 9.71 17.48 24.17 26.08 25.43 26.26 25.35 23.95 23.94 18.44 8.88 12.01 18.02 15.55 21.68 22.04 22.92 19.11 16.67 14.63 12.18 8.98 7.09 8.41 6.60 6.65 3.19 8.09 9.09 10.38 7.87 1.25 8.70 4.76 11.71 14.76 9.43 12.10 13.13 12.91 14.76 9.84 17.08 16.66 18.30 11.36 12.52 14.19 14.41 14.43 14.12 15.73 14.07 16.64 18.80 13.75 13.30
1.29 1.15 0.78 2.18 3.20 2.30 2.21 2.11 2.86 3.03 1.65 1.75 4.37 4.82 1.52 3.69 4.13 3.58 4.87 2.72 2.99 4.53 4.93 7.56 15.88 23.92 25.68 24.76 26.12 24.44 22.62 22.78 16.92 7.48 12.62 18.25 19.46 22.58 24.61 23.55 17.69 13.75 11.79 10.81 7.59 6.06 5.84 5.36 7.01 7.47 9.23 2.66 2.25 7.80 2.70 4.19 4.09 13.72 9.77 8.28 11.90 12.55 14.83 9.52 10.14 13.73 12.49 12.53 13.97 7.60 7.51 13.57 16.56 5.60 19.64 17.48 14.33 16.22 16.65 16.91
0.20 1.59 1.85 5.00 1.32 0.67 1.48 2.57 3.02 3.43 2.82 2.77 3.30 3.77 2.35 0.96 1.40 1.31 1.64 2.96 4.04 4.84 4.42 4.29 12.91 20.27 25.55 24.89 24.70 23.17 23.63 25.30 19.31 10.90 11.62 18.58 21.22 24.44 25.13 23.43 15.05 10.87 9.55 8.10 6.69 7.80 5.88 4.99 5.60 7.03 4.28 3.65 2.88 2.85 4.17 4.24 3.16 2.99 3.84 12.23 14.12 14.80 11.88 14.59 13.72 13.86 12.52 11.61 10.15 6.33 14.55 9.64 18.11 14.97 14.06 15.27 15.92 14.21 11.58 14.70
4.52 3.64 4.39 4.41 1.71 0.73 1.15 2.05 2.38 4.31 4.47 3.24 4.00 4.34 2.58 2.23 2.65 2.69 2.62 2.54 2.05 3.91 4.64 4.89 7.72 18.48 27.24 24.35 23.85 26.06 30.33 30.66 23.26 15.84 13.79 19.26 24.06 25.52 28.14 22.36 12.94 11.32 8.29 8.56 7.37 3.52 1.64 2.32 2.94 4.88 5.39 4.39 3.51 3.25 4.55 10.48 12.22 13.76 15.32 6.08 5.07 14.91 4.23 5.26 8.64 13.50 11.93 12.32 11.79 14.47 16.17 14.83 14.32 12.97 17.58 15.75 15.37 17.10 2.41 1.41
4.76 4.35 2.80 1.62 0.49 0.59 1.69 2.23 3.19 5.65 5.69 5.58 5.68 5.34 2.86 3.08 3.71 3.91 3.40 2.86 1.88 2.01 3.94 4.69 8.32 18.73 25.84 20.25 20.57 29.27 34.14 30.69 23.06 17.69 15.21 21.14 28.63 29.80 31.45 19.51 10.26 10.98 10.28 9.61 6.60 6.37 5.42 4.09 2.57 6.21 6.37 4.75 3.45 3.12 4.51 13.66 14.67 15.03 4.98 5.33 4.55 9.00 3.74 13.48 15.67 14.66 13.81 14.24 19.48 9.82 15.04 15.05 14.99 15.62 9.24 17.45 9.50 16.29 17.08 1.46
4.54 3.99 4.51 3.27 2.02 1.94 3.43 4.85 5.18 7.00 6.46 6.13 6.67 6.66 6.86 5.51 5.35 4.87 3.44 2.98 1.68 1.21 2.98 4.58 7.29 16.47 22.64 19.41 18.93 29.72 33.01 26.03 21.19 19.02 18.70 25.62 32.19 33.94 29.65 21.87 13.81 11.43 10.36 8.33 5.50 3.95 2.00 2.94 4.88 8.76 6.83 4.73 3.72 3.45 3.91 4.37 4.41 4.53 4.58 4.81 10.49 10.24 9.51 11.20 11.67 14.61 9.22 8.58 8.29 9.23 14.59 10.22 10.84 10.33 17.35 3.96 3.44 2.19 16.27 16.45
3.78 5.88 4.42 3.83 4.45 4.14 3.52 4.68 6.45 7.59 5.96 4.65 6.52 7.89 9.64 8.14 7.88 6.72 4.25 4.04 3.10 1.59 2.15 3.75 5.17 11.05 17.37 20.01 23.35 29.21 28.81 24.39 23.31 22.79 27.55 31.66 34.30 32.64 25.92 19.22 13.65 10.16 9.28 8.69 6.64 3.14 2.33 0.72 1.82 9.30 7.32 5.07 4.22 3.71 4.61 5.13 4.70 4.11 4.34 4.77 4.88 10.43 6.72 7.94 8.20 3.88 8.36 8.20 13.85 13.86 13.67 14.32 15.04 17.91 10.77 12.20 11.19 16.81 7.63 13.80
4.98 4.54 3.01 3.03 4.39 4.89 4.28 2.75 2.90 5.36 6.65 4.35 8.96 6.88 8.99 8.57 8.05 7.64 6.00 5.73 4.84 3.15 2.92 4.20 3.33 5.30 10.79 17.45 23.59 27.38 24.37 23.27 28.00 28.73 31.66 35.24 34.00 27.13 21.05 18.82 15.77 12.88 11.97 11.53 9.66 7.38 6.55 4.22 4.26 10.41 7.93 5.53 4.08 5.58 5.98 5.60 4.79 4.68 5.46 6.21 6.40 6.42 16.70 7.91 8.47 8.35 7.96 7.92 13.62 13.42 13.60 14.40 15.02 15.11 15.44 14.84 13.15 15.54 13.25 11.18
4.11 4.35 2.21 2.50 3.65 4.87 5.99 5.66 2.36 4.31 5.66 6.43 5.72 5.24 6.12 8.02 7.72 7.56 6.74 6.24 5.61 4.88 5.61 5.08 4.01 4.62 6.78 12.91 19.75 21.90 27.63 29.96 31.30 31.11 31.12 31.61 27.66 22.23 20.87 20.41 17.87 17.04 17.17 14.60 9.03 5.35 5.14 1.80 13.67 11.82 8.86 5.93 4.77 5.91 5.87 4.95 4.87 5.26 5.69 5.82 5.84 5.79 6.71 7.21 7.61 7.72 13.65 13.75 14.07 13.68 13.10 13.18 7.15 6.50 6.96 6.72 6.74 7.64 7.39 6.22
1.30 1.74 1.99 1.51 1.75 3.78 6.10 8.30 7.65 7.75 9.44 7.41 6.61 10.87 5.62 9.26 10.09 10.09 9.01 8.04 7.17 5.00 5.58 5.45 4.27 4.22 6.08 9.68 15.62 18.21 24.67 31.64 33.45 29.71 28.77 27.03 20.59 20.09 23.61 21.15 19.18 19.41 19.00 14.97 9.58 7.40 5.07 17.46 16.01 13.61 10.10 6.60 5.08 5.13 4.42 3.91 4.10 4.99 5.56 9.66 10.23 11.19 6.84 13.46 13.37 11.92 10.81 11.23 6.27 6.14 5.59 3.11 3.81 5.94 7.00 7.08 4.87 4.73 4.43 5.33
4.05 1.94 1.45 1.67 1.75 3.36 4.87 5.66 7.22 7.43 9.15 9.80 9.32 9.07 5.62 9.35 13.93 16.53 16.99 16.28 13.37 8.85 6.33 4.63 4.75 6.37 7.81 5.80 11.90 18.27 22.56 23.67 28.08 27.38 24.22 18.41 18.07 23.10 25.39 20.88 19.46 19.27 17.98 17.32 15.96 13.78 12.30 20.48 18.87 16.20 12.00 7.38 4.34 3.16 2.41 3.50 5.00 5.59 5.66 10.01 10.90 12.04 6.77 12.13 11.06 10.55 11.65 12.04 12.41 12.20 11.54 12.47 13.53 14.84 14.95 14.84 13.96 11.85 8.98 5.62
5.19 3.62 4.61 2.98 3.73 4.96 4.74 4.35 6.53 6.09 5.93 6.12 5.39 5.57 6.17 8.98 13.47 19.09 22.83 25.05 23.59 19.99 15.70 10.82 10.09 8.77 4.53 3.70 7.31 16.85 24.05 26.58 26.49 23.76 22.01 20.40 19.53 23.92 24.87 21.34 19.98 18.74 17.26 17.27 18.47 19.58 20.67 21.52 19.76 18.29 14.88 9.20 4.45 2.83 3.32 5.59 6.44 6.26 10.03 8.93 9.29 10.45 11.26 11.40 12.60 6.77 7.16 6.92 6.99 7.05 8.43 9.85 10.38 14.88 12.17 7.99 13.00 10.47 4.00 4.07
5.80 6.55 8.87 6.57 2.52 1.85 2.33 4.26 5.18 7.61 6.88 5.35 6.94 7.93 8.18 8.76 10.63 14.17 18.29 22.78 26.76 26.94 25.72 23.95 18.84 11.58 9.20 3.27 5.37 16.51 25.53 28.92 31.00 23.88 20.59 24.98 22.64 22.58 22.21 21.34 21.24 17.69 15.90 17.23 20.82 21.49 23.03 20.88 18.47 16.57 14.97 11.56 7.34 5.22 5.40 6.45 6.64 6.38 6.19 6.04 5.79 10.60 11.65 12.43 13.15 13.25 12.64 12.78 12.74 13.71 6.19 2.90 3.53 4.27 4.76 11.90 13.51 14.22 11.00 4.11
8.10 9.00 5.81 11.18 8.89 1.36 2.14 3.25 5.10 7.40 11.12 15.08 14.79 13.26 12.28 10.50 9.67 9.92 11.65 10.54 16.52 27.11 31.43 31.74 26.95 20.17 14.57 9.25 6.09 19.55 26.54 25.75 30.44 26.98 18.19 21.23 18.98 17.42 16.49 17.31 17.28 16.45 17.32 17.44 18.73 19.09 20.51 19.13 17.76 14.61 12.24 11.52 9.99 8.36 7.27 6.30 6.22 6.35 6.52 6.49 6.42 5.60 10.57 10.35 9.27 9.69 10.60 4.30 3.13 2.67 2.93 3.66 4.25 12.79 13.25 13.55 13.22 13.32 12.79 12.72
