examples/cougarCreek-fire/createInputs/farsite/7a-cougarCreek-polygonIgnit/cougarCreekFire_08-11-2015_1600_217m_non_neutral_stability_vel.asc
ncols	146
nrows	140
xllcorner	610065.000000
yllcorner	5095217.000000
cellsize	216.586807
NODATA_value	-9999.000000
[rows 105 to 139 of 140, columns 0 to 77 of 146]
9.43 9.26 9.03 9.03 9.02 8.90 9.00 9.25 9.43 9.80 9.95 10.06 10.09 9.69 9.56 9.55 9.38 9.31 8.92 13.81 8.99 8.96 8.98 9.00 12.47 8.81 8.97 13.84 11.53 11.80 12.96 11.00 10.60 10.40 10.10 11.52 9.44 10.34 11.18 7.87 8.45 9.65 8.82 10.40 15.46 13.14 17.04 17.73 15.34 16.58 20.33 21.33 22.75 23.15 21.71 23.56 18.59 19.37 20.04 20.57 24.84 24.26 23.96 24.37 25.58 25.07 24.36 22.50 23.13 22.25 22.32 22.44 22.65 18.86 18.31 17.87 17.79 17.97
9.65 9.60 9.59 9.58 9.54 9.56 9.50 9.38 9.48 9.74 9.98 10.34 10.18 9.82 9.90 9.63 9.28 9.46 9.08 8.98 8.87 8.88 8.97 13.47 8.91 8.94 12.39 13.92 11.90 11.74 11.99 11.52 11.47 10.83 10.78 10.64 6.80 10.23 11.01 7.91 12.26 9.92 8.68 14.12 10.90 11.92 12.94 14.69 18.23 16.92 20.02 20.79 22.79 24.67 23.57 23.72 18.41 19.36 20.00 20.48 25.16 24.89 25.97 24.50 24.21 23.74 23.10 23.48 22.34 22.03 21.80 21.62 21.96 22.32 18.77 18.49 23.04 22.84
9.90 9.92 9.99 9.97 10.03 10.08 9.99 9.80 9.71 9.87 10.09 10.24 10.05 9.93 9.94 9.78 9.44 9.58 9.16 9.04 8.88 8.81 8.86 12.59 12.06 9.03 12.78 13.12 11.12 11.40 11.00 12.92 12.40 11.01 10.55 7.97 9.37 10.19 10.85 10.08 9.39 8.44 8.77 9.52 10.34 11.29 16.29 17.20 13.90 13.49 14.01 15.64 20.11 24.24 28.56 26.31 23.58 19.65 20.09 24.64 25.68 26.17 24.68 24.91 19.85 24.01 24.46 24.10 22.74 22.63 22.11 21.69 21.82 22.00 22.25 18.88 18.80 18.61
9.94 9.93 9.99 10.16 10.33 10.38 10.23 10.04 10.04 9.84 9.85 9.94 10.01 10.07 9.92 9.88 9.51 9.36 9.25 9.42 9.01 9.08 9.14 9.16 9.13 11.68 12.56 11.99 11.65 12.70 12.53 13.61 12.69 10.34 8.07 8.94 9.27 6.70 11.39 12.18 7.94 8.00 8.69 9.32 10.27 15.15 11.88 12.46 13.22 12.43 12.10 13.58 16.95 18.71 27.94 29.98 25.84 20.40 24.29 24.97 26.45 24.91 25.20 20.70 24.82 24.35 23.19 22.69 22.75 22.76 23.01 21.75 21.60 21.67 22.10 22.23 22.14 21.75
10.09 10.19 10.13 10.13 10.25 10.32 10.20 9.99 9.99 9.74 9.74 9.85 10.10 10.11 9.96 9.94 9.37 9.20 9.12 9.10 9.19 9.33 9.50 13.48 12.38 13.03 12.80 11.86 13.10 13.50 13.24 13.29 11.91 9.06 8.72 8.83 9.22 8.89 11.87 10.17 7.29 7.86 8.04 8.89 9.94 11.05 15.59 16.28 17.17 17.73 17.52 12.42 14.74 17.37 23.86 28.03 26.99 25.36 25.08 25.46 26.41 24.99 24.71 21.12 25.57 25.11 23.35 23.13 22.60 22.38 21.85 21.77 21.04 20.01 20.20 21.40 22.01 22.02
10.77 10.62 10.31 10.14 10.30 10.37 10.04 10.27 10.21 10.01 9.98 10.04 10.27 10.15 10.02 10.03 9.30 9.37 9.10 9.16 9.31 9.44 13.62 9.45 9.29 12.90 13.12 12.42 13.66 13.31 12.77 11.97 8.75 8.58 8.62 8.76 6.95 10.72 10.45 7.11 7.10 7.61 8.48 8.62 9.27 10.22 11.56 16.15 14.74 17.56 15.52 15.42 16.79 19.44 22.70 22.23 25.79 26.16 27.14 27.13 27.64 24.95 25.12 21.36 27.14 26.26 26.09 23.92 23.33 22.75 22.54 22.93 22.30 21.29 20.78 21.67 22.12 18.95
10.76 10.80 10.15 9.93 9.98 10.51 10.74 10.92 10.46 9.98 10.22 10.36 10.43 10.28 10.25 10.12 9.49 9.39 9.44 9.44 9.81 9.67 9.44 9.26 9.19 9.21 9.29 9.30 13.20 12.42 9.31 9.03 8.82 8.65 8.58 8.75 10.43 10.69 7.70 6.43 11.09 7.86 7.72 8.16 8.55 9.32 10.86 12.45 14.08 17.38 15.64 16.37 17.98 21.02 22.67 24.86 26.58 28.34 27.60 27.14 26.73 26.19 26.14 24.00 25.60 25.77 25.55 25.30 24.83 23.72 23.55 23.65 19.16 18.44 18.19 18.35 22.06 22.26
10.48 10.28 10.04 9.84 9.72 9.76 9.95 10.54 10.73 10.48 10.57 10.41 10.42 10.45 10.39 10.18 9.79 9.94 9.95 9.80 9.52 9.80 9.58 9.23 9.12 9.15 9.24 12.46 12.48 11.77 9.41 9.24 9.87 9.60 8.58 10.79 10.85 8.82 6.80 6.76 6.68 7.05 7.50 8.01 8.30 9.45 10.39 11.55 11.76 13.31 14.09 14.11 15.25 16.37 16.25 27.42 27.76 27.39 27.67 27.22 26.34 25.66 24.84 23.79 24.47 24.18 23.30 23.74 23.74 23.59 22.92 22.22 22.64 22.90 22.79 22.31 21.94 22.05
10.41 10.31 10.47 10.06 9.82 9.53 9.40 9.55 10.03 10.91 10.20 10.20 10.43 10.69 10.60 10.39 10.20 10.41 10.70 10.33 9.62 9.93 9.22 9.42 9.13 9.18 9.38 9.48 12.40 12.11 9.68 11.79 11.54 9.90 10.17 11.44 9.90 7.66 7.40 7.27 7.35 7.97 7.30 8.23 9.43 13.45 9.97 10.77 10.63 11.02 12.31 12.40 13.43 15.01 18.41 23.90 27.40 27.47 28.17 27.77 26.52 25.40 24.55 24.09 24.34 24.00 23.42 23.04 23.10 22.77 21.97 21.36 21.06 20.97 21.67 21.86 21.32 19.18
10.52 10.43 10.04 10.00 10.09 10.15 10.02 9.81 9.58 9.52 9.68 10.15 10.54 10.76 10.55 10.51 10.34 10.28 10.34 10.02 10.09 9.90 9.85 9.45 9.18 9.34 9.59 9.61 9.69 9.80 13.03 12.37 9.00 10.22 11.74 11.12 8.36 7.26 9.52 8.40 10.59 7.28 7.69 12.35 12.95 13.48 13.64 10.09 11.07 10.72 11.01 11.69 13.51 15.27 19.02 21.18 23.73 25.35 26.82 27.56 25.82 24.49 24.22 24.24 24.41 23.89 23.45 23.26 23.12 22.80 22.19 22.20 21.93 21.13 20.93 20.88 20.20 19.72
10.33 10.26 10.23 10.34 10.34 10.99 10.89 10.53 10.15 9.85 9.90 10.45 10.63 10.37 10.17 10.38 10.39 10.34 10.13 10.06 10.03 9.87 9.68 9.27 9.40 9.69 9.74 9.66 9.68 9.85 13.80 9.49 10.54 10.88 11.59 9.87 7.90 8.99 9.38 8.66 10.29 6.35 11.40 8.37 8.64 8.88 8.96 8.40 9.66 10.19 10.57 12.10 13.34 15.67 18.84 19.98 20.98 22.17 23.91 26.21 25.25 23.28 23.24 24.49 24.93 24.00 23.27 23.12 23.27 23.19 22.66 22.74 22.32 21.22 20.56 20.57 20.49 18.81
10.32 10.32 10.41 10.62 11.03 11.11 11.26 10.58 10.62 10.25 10.20 10.30 10.17 10.15 10.23 10.22 10.50 10.04 10.53 10.36 9.49 9.81 9.51 9.43 9.66 9.99 9.79 9.79 9.77 10.04 10.07 9.50 8.99 8.69 10.40 8.15 8.61 9.14 9.85 7.81 10.09 10.38 7.55 8.32 8.60 8.30 8.24 9.34 9.39 9.89 10.40 11.98 14.35 16.92 18.96 20.02 19.90 20.94 22.10 24.17 25.07 23.53 22.71 24.10 25.23 24.97 24.18 23.62 23.39 23.09 22.50 22.49 21.88 21.06 20.17 20.18 18.92 19.12
10.20 10.16 10.24 10.45 10.41 10.23 10.27 10.52 11.36 10.70 10.66 10.20 9.95 10.16 10.36 10.69 10.78 10.65 10.52 10.37 9.56 9.75 9.41 9.51 10.16 10.11 9.75 9.80 9.94 10.13 10.05 9.40 8.83 8.60 8.46 8.63 10.28 10.13 8.88 7.12 9.97 10.22 6.83 7.55 8.34 8.41 8.51 8.55 9.07 9.86 11.42 14.11 16.08 17.08 18.60 20.03 20.29 20.81 21.44 22.86 24.11 23.14 22.46 23.22 24.18 24.78 24.70 24.33 23.21 21.91 21.80 22.40 21.84 21.21 20.56 20.31 18.88 19.09
10.08 10.05 10.21 10.51 10.54 10.73 10.78 10.71 11.46 10.95 11.27 11.08 11.03 10.84 10.38 10.50 10.58 10.47 10.30 10.31 10.32 9.76 9.52 9.65 10.08 10.13 9.72 9.86 10.03 10.03 9.98 9.30 8.90 8.69 8.56 10.00 8.61 9.79 7.33 9.36 9.86 10.16 7.31 7.97 8.78 9.85 9.49 8.73 10.55 10.78 11.47 14.91 16.29 16.89 18.33 20.25 21.08 21.20 21.10 22.60 21.36 22.48 20.85 22.14 22.94 23.40 23.85 24.64 23.73 21.75 20.91 22.50 22.45 22.02 18.68 18.64 18.88 19.04
9.99 10.05 10.25 10.47 10.63 11.22 10.91 10.85 10.81 10.84 11.09 11.82 11.83 11.07 10.18 10.02 9.94 10.31 9.66 10.28 10.20 9.81 9.74 9.95 10.19 9.94 9.92 9.97 10.00 10.10 9.91 9.49 9.03 8.73 8.63 10.64 10.31 8.27 8.56 6.07 9.74 6.75 7.54 8.51 9.57 9.70 9.22 9.67 10.55 11.20 12.26 14.63 17.09 17.99 18.92 19.88 20.64 20.64 20.81 21.27 22.44 20.86 21.53 20.88 22.51 22.87 22.99 23.95 24.52 22.89 20.66 20.87 21.90 22.11 19.18 18.95 18.82 18.75
10.00 10.16 10.45 10.66 10.85 11.26 11.27 10.80 10.70 10.62 10.61 10.58 10.38 10.22 10.13 10.07 9.86 9.70 9.71 10.13 10.00 9.56 9.70 9.84 9.93 9.98 10.20 10.01 9.91 10.26 10.24 9.73 8.99 8.74 8.71 8.46 8.14 8.18 8.47 9.02 9.58 7.59 7.90 8.43 8.90 8.53 9.18 10.00 10.31 10.69 12.11 13.77 16.81 17.66 18.61 19.46 20.30 20.63 20.54 20.74 21.18 22.01 21.65 21.36 21.08 22.25 23.39 23.07 24.51 23.90 21.30 19.79 20.27 20.56 21.14 19.16 18.92 18.55
9.99 10.22 11.16 10.96 11.20 11.75 11.46 11.08 10.50 10.54 10.61 10.67 11.18 10.38 10.22 10.01 9.86 9.78 9.81 10.22 9.71 9.68 9.64 9.77 10.02 10.24 10.13 9.84 9.82 10.16 10.20 9.33 8.97 8.75 8.74 8.29 7.98 8.10 8.40 8.92 7.95 8.30 7.77 7.69 7.67 8.03 9.38 10.13 10.18 10.44 11.84 13.06 14.58 17.31 18.24 19.07 19.92 20.51 20.43 20.22 20.71 21.03 21.21 20.63 20.31 20.76 22.95 22.54 23.49 24.82 22.30 20.43 20.54 20.86 19.08 19.24 19.16 18.70
10.16 10.40 10.42 10.43 10.99 10.97 10.90 10.21 10.41 10.60 11.47 10.83 10.72 10.54 10.45 10.35 9.99 9.80 9.80 9.77 9.73 9.98 9.98 10.13 10.32 10.18 9.84 9.53 9.69 9.59 10.19 9.41 9.07 8.76 8.73 8.14 7.96 8.11 8.38 7.66 9.28 8.03 7.09 7.26 7.47 8.21 9.85 10.28 10.23 10.21 11.23 12.51 16.19 17.00 17.85 18.74 19.61 20.34 20.42 20.00 20.23 20.93 21.56 20.14 19.67 20.00 21.23 21.29 21.52 24.08 23.36 22.49 19.08 19.10 19.20 19.28 19.23 18.77
10.38 10.64 11.07 10.21 10.69 9.98 10.60 10.38 10.40 10.73 10.84 10.82 10.66 11.21 10.99 10.44 10.12 9.90 9.86 10.36 9.66 9.97 10.01 10.06 10.30 10.07 9.60 9.47 9.82 9.66 9.68 9.83 9.43 9.04 8.62 8.11 7.98 8.12 8.39 8.81 9.05 7.74 7.46 7.63 7.79 12.10 12.36 10.15 9.76 9.77 10.44 12.26 15.97 16.74 17.55 18.40 19.28 20.13 22.20 20.06 19.97 20.67 21.33 19.83 19.75 20.26 20.69 20.75 21.06 22.24 22.36 22.01 21.62 19.46 19.54 19.59 19.47 18.94
10.08 9.96 10.32 10.73 10.09 10.07 10.11 10.28 10.61 10.77 10.73 10.69 10.65 10.54 10.39 10.18 9.87 9.85 9.92 9.79 9.65 9.61 9.94 9.95 10.14 10.12 9.47 9.45 9.91 9.68 9.66 10.01 9.45 8.92 8.36 8.03 7.91 8.04 8.27 8.52 8.78 7.48 7.51 7.84 11.30 10.06 12.20 9.64 9.38 9.70 10.74 15.07 15.76 16.53 17.33 18.15 18.97 19.78 20.32 20.13 19.96 20.23 19.92 19.37 19.17 19.45 20.06 20.55 21.77 21.65 20.87 19.94 19.20 19.46 19.81 19.98 19.78 19.14
9.74 9.58 9.53 10.13 10.68 10.04 10.13 10.38 10.73 11.62 10.82 10.76 10.72 10.61 11.12 10.23 9.95 9.99 10.05 9.83 9.71 9.98 9.94 9.43 9.86 9.89 9.56 9.70 10.38 10.32 9.64 9.30 9.32 8.67 8.06 7.92 7.86 7.93 8.05 8.31 8.60 9.04 7.17 10.50 11.09 11.67 12.04 9.58 9.67 10.49 14.11 14.85 15.48 16.29 17.13 17.97 18.81 19.49 20.08 20.23 20.21 22.52 22.83 22.37 21.80 19.14 19.28 20.25 24.36 23.60 21.16 18.52 18.58 18.85 19.58 20.10 20.02 19.44
9.59 9.58 9.58 9.74 10.26 10.08 10.45 10.59 10.74 11.33 10.94 10.80 10.63 10.46 10.40 10.36 10.29 10.17 10.03 9.83 9.78 9.67 9.88 9.67 9.63 9.90 9.93 10.04 10.29 10.22 9.57 9.21 9.14 8.41 8.13 7.88 7.83 7.79 7.97 8.28 8.50 8.93 9.70 10.32 10.91 11.49 11.90 12.12 12.52 13.10 13.77 14.53 15.15 15.92 16.80 17.71 18.63 19.29 23.97 20.50 25.66 20.45 19.86 24.39 19.33 19.24 21.42 19.62 21.39 24.40 18.50 18.53 18.38 18.06 18.83 19.84 20.20 19.83
9.52 9.58 9.69 9.96 10.62 11.10 11.35 11.68 11.59 11.31 11.38 10.57 10.45 10.39 10.38 11.16 10.23 9.87 9.75 9.75 9.72 9.61 9.77 9.71 9.57 10.16 10.17 10.19 10.13 9.47 9.40 9.03 9.01 8.29 8.09 7.77 7.72 7.80 7.96 8.13 8.29 8.80 9.52 10.02 10.75 11.38 11.79 11.99 12.31 12.95 13.58 14.20 14.92 15.59 16.41 17.28 18.34 19.10 19.78 20.44 20.62 20.44 20.06 24.55 19.42 23.67 22.29 18.54 20.55 21.36 18.30 18.16 18.39 17.85 18.06 19.25 20.09 20.07
9.51 9.57 9.73 9.97 10.08 10.04 10.12 10.31 10.43 10.29 10.24 11.14 10.35 10.38 10.34 10.19 9.86 9.56 9.56 9.56 9.51 9.52 9.59 10.11 10.08 10.17 10.13 10.18 9.42 9.30 9.14 9.37 8.68 8.18 7.82 7.80 7.87 7.86 7.78 7.87 8.12 8.63 9.10 9.68 6.87 11.21 11.59 11.71 12.09 12.74 8.59 14.02 14.82 15.51 16.29 17.18 18.10 18.98 19.72 20.39 20.75 20.63 20.30 19.93 19.69 24.17 22.54 18.98 19.27 18.77 17.79 17.57 18.16 18.10 17.86 18.74 19.85 20.39
9.50 9.54 9.72 9.85 9.86 9.82 9.77 9.75 9.75 9.84 10.12 10.38 10.36 10.23 10.06 9.80 9.55 9.42 9.43 9.45 9.43 9.44 9.46 9.43 10.00 9.99 10.06 10.27 9.32 9.17 9.08 8.84 8.48 8.19 8.06 7.70 7.72 7.55 7.51 7.68 8.01 8.44 8.95 9.60 10.31 10.97 11.33 7.14 11.92 12.52 9.29 13.93 14.61 15.40 16.21 17.07 18.00 18.91 19.62 20.32 20.79 20.71 20.57 20.41 20.36 24.54 23.68 24.19 20.25 19.35 18.28 17.87 18.16 18.37 18.15 18.48 19.39 20.24
9.45 9.47 9.66 9.85 9.95 10.01 10.00 9.97 9.97 10.07 10.26 10.45 10.35 10.04 9.80 9.63 9.53 9.39 9.40 9.51 9.46 9.40 9.37 9.30 9.23 9.21 9.21 9.93 9.03 9.03 9.04 8.84 8.51 8.18 7.73 7.57 7.45 7.37 7.41 7.54 7.86 8.30 8.83 9.45 10.13 10.79 11.05 11.39 11.85 12.47 13.01 9.50 10.56 15.17 15.99 16.90 17.92 18.89 19.65 20.33 20.82 20.65 20.55 25.79 25.60 25.03 24.71 20.87 21.03 20.38 19.03 18.26 18.35 18.48 18.41 18.49 18.99 19.67
9.43 9.50 9.69 9.86 9.97 10.07 10.16 10.24 10.31 10.36 10.41 10.41 10.22 9.98 9.87 9.77 9.62 9.52 9.60 9.67 9.55 9.43 9.37 9.30 9.24 9.21 9.13 9.01 8.93 8.93 9.00 8.87 8.50 8.17 7.85 7.88 7.56 7.38 7.42 7.55 7.86 8.28 8.96 9.55 10.20 10.72 10.96 11.25 7.62 8.23 8.58 9.11 9.96 11.43 15.87 16.68 17.73 18.83 19.72 20.57 25.95 26.15 25.00 24.99 24.97 24.32 24.08 21.18 21.40 21.16 19.92 19.03 18.89 18.81 18.85 18.84 18.95 19.36
9.42 9.64 9.74 9.92 10.04 10.16 10.25 10.34 10.42 10.50 10.54 10.52 10.34 10.15 10.06 9.96 9.83 9.76 9.81 9.79 9.66 9.57 9.49 9.37 9.31 9.29 9.20 9.09 9.03 9.09 9.17 8.93 8.42 8.01 7.49 7.84 7.90 7.44 7.57 8.23 8.52 8.90 8.97 9.52 10.19 10.76 10.88 11.25 11.78 12.37 12.86 13.48 14.16 10.54 11.56 12.93 14.67 18.60 19.57 26.28 26.85 25.99 24.94 23.80 23.46 20.53 20.74 21.10 21.28 21.36 20.62 20.00 19.75 19.57 19.56 19.49 18.87 19.04
9.55 9.78 9.88 10.01 10.11 10.24 10.36 10.48 10.57 10.63 10.69 10.70 10.57 10.38 10.24 10.13 10.03 9.95 9.88 9.79 9.71 9.67 9.60 9.49 9.45 9.37 9.23 9.14 9.17 9.26 9.20 8.71 8.09 7.83 8.04 8.27 8.30 8.29 7.65 8.31 8.55 8.61 8.93 9.54 10.15 10.62 10.82 11.24 11.72 12.17 12.69 13.42 14.15 14.90 11.25 11.92 12.99 13.75 19.31 20.25 24.79 25.73 25.65 24.90 23.92 20.20 20.57 21.15 21.14 21.04 20.66 20.14 19.84 19.75 19.82 19.86 19.80 19.22
10.17 10.05 10.20 10.06 10.01 10.01 10.05 10.30 10.59 10.80 10.87 10.86 10.72 10.54 10.40 10.27 10.15 10.04 9.94 9.87 9.83 9.78 9.70 9.60 9.53 9.43 9.33 9.29 9.27 9.22 8.99 8.43 8.08 8.44 8.27 8.19 8.56 8.41 8.28 8.25 8.26 8.53 8.92 9.51 10.09 10.51 10.81 11.25 11.66 12.01 12.65 13.49 14.20 10.31 10.51 16.03 16.96 18.19 19.10 19.83 20.61 24.66 25.22 25.40 25.00 23.76 20.34 21.07 21.52 21.36 21.00 20.41 19.76 19.65 19.86 19.90 19.81 19.38
10.65 10.36 10.36 10.09 9.78 9.68 10.06 10.69 11.06 11.06 10.99 10.97 10.82 10.66 10.51 10.39 10.26 10.16 10.08 10.05 10.09 10.01 9.85 9.67 9.55 9.47 9.41 9.35 9.24 9.09 8.74 8.35 8.26 8.70 8.74 8.77 9.00 8.28 8.11 8.14 8.16 8.47 8.92 9.47 10.06 10.49 10.88 11.26 11.69 11.91 12.43 13.69 11.44 10.24 15.17 15.88 16.70 17.87 18.92 19.56 20.16 21.01 21.69 21.80 25.09 24.81 20.64 20.87 21.43 21.72 21.58 21.13 20.58 20.24 20.06 19.48 19.39 19.27
10.55 10.64 10.55 10.16 9.97 10.40 10.92 11.67 11.79 11.37 11.20 11.13 10.97 10.81 10.66 10.53 10.41 10.32 10.24 10.20 10.20 10.08 9.91 9.73 9.64 9.56 9.46 9.36 9.24 9.10 8.92 8.93 8.93 9.23 8.61 8.25 8.69 8.12 7.92 8.02 8.43 8.48 8.93 9.50 10.32 10.78 11.22 11.22 11.65 11.88 12.01 13.71 15.59 15.24 14.90 15.70 16.57 17.56 18.63 19.41 19.94 20.68 21.47 21.89 22.11 21.92 21.47 21.36 21.52 21.96 22.11 21.63 21.29 21.17 20.85 19.69 19.46 19.28
9.95 10.02 10.94 10.47 10.49 11.28 12.09 12.91 11.77 11.50 11.36 11.29 11.15 10.98 10.82 10.69 10.57 10.47 10.38 10.30 10.16 10.04 9.90 9.79 9.76 9.69 9.58 9.48 9.36 9.28 9.37 9.21 9.20 8.78 8.16 7.99 8.05 7.92 7.73 7.92 8.44 8.52 8.98 9.91 10.26 10.69 10.76 11.21 11.63 11.87 11.97 13.38 12.31 15.87 14.88 15.54 16.51 17.26 18.24 19.09 19.76 20.56 21.32 22.05 22.42 22.26 22.05 22.01 21.97 22.02 22.33 21.92 21.31 21.39 21.58 20.36 19.95 19.65
10.12 10.39 11.48 10.68 10.90 11.65 12.10 11.87 11.51 11.47 11.50 11.51 11.35 11.15 10.98 10.85 10.73 10.62 10.52 10.40 10.27 10.15 10.01 9.93 9.91 9.84 9.73 9.61 9.46 9.36 9.25 8.90 8.42 8.06 7.70 7.64 7.69 7.66 7.72 8.02 8.56 8.53 8.95 9.91 10.24 10.62 10.67 11.25 11.73 12.12 12.34 13.03 15.16 16.00 15.27 15.68 16.56 17.19 18.03 18.91 19.67 20.45 21.31 22.27 23.00 23.14 23.20 23.23 22.89 22.70 22.54 22.18 21.67 21.67 21.62 21.02 20.66 20.42
10.41 10.69 11.29 10.66 11.07 11.84 12.09 11.71 11.31 11.44 11.67 11.65 11.45 11.23 11.07 10.93 10.80 10.68 10.58 10.47 10.38 10.27 10.13 10.06 10.01 9.93 9.83 9.70 9.54 9.34 9.01 8.49 7.98 7.71 7.48 7.48 7.56 7.65 7.87 8.21 8.72 8.56 8.97 9.32 10.28 10.62 10.72 11.26 11.77 12.24 12.49 13.03 14.47 15.73 15.57 15.83 16.58 17.21 18.01 18.90 19.84 20.44 21.28 22.37 23.72 24.14 23.94 23.93 23.72 23.28 22.78 22.39 21.86 21.75 21.78 21.35 21.01 20.86
