examples/cougarCreek-fire/createInputs/farsite/7a-cougarCreek-polygonIgnit/cougarCreekFire_08-13-2015_0900_217m_non_neutral_stability_vel.asc
ncols	146
nrows	140
xllcorner	610065.000000
yllcorner	5095217.000000
cellsize	216.586807
NODATA_value	-9999.000000
[rows 35 to 69 of 140, columns 0 to 79 of 146]
10.51 8.78 7.66 4.38 11.04 11.74 5.68 10.39 13.75 16.16 19.76 24.16 24.30 22.12 17.74 16.45 13.12 11.43 11.30 13.01 19.67 28.36 31.52 33.01 27.82 24.54 26.24 20.15 11.99 21.72 26.09 22.02 27.53 27.88 19.23 17.38 17.38 13.07 12.53 13.25 12.80 12.58 13.72 13.09 12.63 14.09 16.49 19.20 23.30 15.70 13.51 12.41 10.96 9.94 9.31 7.49 6.90 7.15 6.95 11.53 10.08 9.62 4.24 3.64 4.92 4.50 4.54 4.34 3.82 2.68 2.38 3.17 8.05 3.14 13.65 13.39 13.32 12.46 12.22 12.67
8.12 8.44 6.07 4.55 15.30 20.41 21.63 15.13 19.89 22.26 22.86 22.73 21.84 24.27 26.71 26.43 26.99 28.34 28.04 28.64 32.18 32.16 31.17 28.78 24.05 21.02 24.14 24.75 23.46 23.85 23.51 18.22 22.23 28.86 25.38 18.55 19.42 14.88 12.75 12.20 10.19 8.16 6.85 10.62 12.22 12.55 11.66 14.15 19.80 17.24 16.25 15.26 13.73 12.17 11.25 10.30 9.73 9.38 8.83 8.45 7.63 7.08 6.53 10.85 4.98 5.50 5.57 5.30 4.73 7.04 1.24 1.42 1.54 1.73 2.85 3.95 4.41 4.81 4.58 5.15
11.20 9.79 5.43 8.37 14.98 21.81 21.61 24.54 25.02 25.28 24.14 21.26 20.83 23.99 27.60 30.78 34.75 36.34 34.46 28.85 26.28 26.69 25.75 23.89 19.25 16.97 22.71 22.91 24.29 21.65 19.14 19.96 21.30 24.36 26.30 22.08 20.14 21.05 20.14 19.74 17.44 13.65 8.53 6.80 5.81 9.91 13.87 11.72 13.61 17.07 21.13 15.83 14.77 19.75 12.87 12.26 12.05 11.98 11.70 11.24 8.32 7.84 7.15 6.78 6.76 7.01 7.32 7.12 6.33 4.77 2.16 0.72 13.44 1.94 2.17 3.24 3.72 4.07 4.40 4.42
5.57 8.61 7.57 15.21 22.05 27.17 27.40 26.31 26.30 24.41 21.58 20.89 22.78 23.21 22.87 23.54 25.47 24.53 19.82 14.74 14.99 15.91 14.96 16.62 17.76 14.15 19.90 22.06 19.89 15.16 14.58 17.99 24.49 19.01 17.48 16.97 15.36 14.86 16.42 23.58 22.18 19.21 16.05 12.74 12.76 16.83 18.15 17.24 8.67 12.37 16.54 19.03 19.45 18.84 17.05 17.02 17.06 17.34 12.65 12.28 11.91 11.62 11.52 11.52 7.41 11.74 8.31 8.37 7.69 6.51 5.11 3.79 3.27 2.82 3.12 3.60 3.18 3.02 3.03 3.09
10.05 9.66 16.78 21.85 25.39 27.41 23.37 24.08 21.51 20.31 17.91 18.30 19.03 18.42 19.01 19.34 19.65 19.22 17.59 15.50 14.40 12.73 10.05 13.29 16.16 12.21 10.86 15.74 19.72 13.29 15.72 17.91 20.32 17.25 13.09 12.96 9.50 7.03 9.19 12.44 14.86 22.28 20.52 19.84 21.51 26.14 23.91 17.91 14.80 12.44 10.96 11.86 11.00 12.88 16.92 17.12 16.38 16.26 16.70 12.51 12.48 11.92 11.58 12.34 12.53 12.34 12.51 11.31 11.67 11.68 11.36 6.53 5.54 4.75 4.92 4.83 4.26 3.63 2.72 1.67
16.81 19.38 24.18 27.24 28.06 25.50 22.02 21.75 20.53 20.81 17.48 15.86 15.05 16.69 20.31 20.45 19.57 17.90 14.34 11.02 9.51 10.56 10.97 14.95 15.27 11.86 10.02 10.42 14.37 16.47 18.61 16.46 16.29 15.52 13.98 16.31 13.29 9.36 7.94 5.55 8.87 13.24 14.84 17.31 22.40 23.71 22.71 22.41 21.12 19.63 17.99 15.69 11.36 7.82 12.11 10.49 10.12 11.11 7.66 10.11 15.59 15.85 13.24 12.53 11.64 15.13 14.87 10.67 11.41 11.82 11.84 11.37 11.28 5.89 6.29 6.80 6.18 4.65 4.01 3.21
18.44 19.84 22.72 24.49 25.88 23.81 21.59 20.84 21.14 19.34 17.29 18.30 20.16 22.27 23.36 21.24 19.43 15.67 11.37 11.29 10.35 9.65 14.54 17.25 9.77 8.27 9.53 13.77 17.86 21.40 19.79 14.18 15.06 15.29 14.34 14.25 12.48 10.80 9.53 9.52 8.09 7.01 6.96 6.89 11.68 14.19 14.58 17.09 21.22 21.91 20.88 21.49 16.37 20.40 17.34 16.26 12.93 12.12 8.11 7.32 13.03 11.53 13.28 14.24 14.68 15.09 14.78 13.54 11.83 12.52 13.08 15.87 12.21 13.38 12.42 12.94 7.27 6.93 5.88 3.69
14.21 16.58 17.78 16.84 18.84 24.29 20.93 19.88 21.22 20.12 19.97 21.72 23.56 24.25 22.67 20.54 16.82 12.66 10.90 9.44 8.98 14.18 19.35 16.58 9.06 6.15 9.99 15.90 20.26 23.24 20.75 13.77 10.07 11.24 12.21 12.81 11.42 9.93 9.55 8.95 11.04 10.17 9.34 9.39 10.97 10.52 11.92 13.67 15.82 15.31 18.56 17.94 18.87 18.71 17.20 10.28 9.35 13.95 13.27 12.71 6.75 13.14 12.87 8.44 5.09 5.39 5.48 5.01 4.87 4.59 4.05 3.60 3.91 5.42 4.79 4.86 10.70 14.30 7.56 5.46
13.29 12.45 10.98 26.39 27.58 26.47 20.38 22.16 21.98 20.31 23.71 28.89 27.79 23.78 22.04 19.88 14.85 13.20 11.68 11.14 13.21 19.35 18.53 14.60 10.75 6.84 12.03 15.62 16.14 21.53 24.67 20.92 11.94 9.53 9.66 11.69 10.48 10.35 10.10 8.29 8.64 10.01 9.51 7.93 7.37 7.85 9.03 8.89 9.12 11.02 11.99 12.17 14.85 14.57 13.28 13.04 11.95 12.15 7.03 7.21 7.27 7.42 7.65 6.00 5.15 4.55 4.71 4.67 4.42 4.57 5.03 5.35 6.00 6.15 6.08 3.58 3.34 3.58 10.03 6.82
19.26 21.92 27.76 24.35 29.53 27.99 21.98 24.33 24.18 27.40 32.78 30.19 24.19 19.81 18.50 17.05 15.11 14.72 11.99 12.55 16.07 18.42 16.17 13.93 11.58 10.00 12.64 10.89 12.00 22.07 28.72 28.52 24.54 20.86 13.94 9.61 10.63 9.75 10.22 9.63 9.62 9.18 8.68 5.58 3.76 5.70 10.73 12.65 12.79 9.78 7.46 8.13 10.22 8.93 5.99 5.27 7.29 7.65 7.98 7.28 7.27 7.60 6.93 4.75 3.37 2.72 3.39 3.81 3.53 3.80 4.28 4.64 5.26 5.77 5.68 5.49 5.96 7.58 3.07 15.65
14.61 17.32 28.30 33.35 31.74 28.08 28.21 26.73 28.41 33.24 24.79 22.28 16.78 13.61 14.14 14.83 15.89 10.42 7.12 8.63 12.40 15.85 15.73 17.10 14.91 12.86 11.21 7.95 7.82 22.01 31.68 32.18 29.00 27.68 24.73 22.01 14.72 4.50 5.66 10.92 11.55 3.58 3.39 3.05 4.13 5.97 9.60 8.85 9.52 11.33 8.25 1.13 4.95 7.44 8.82 10.15 9.50 8.94 8.00 8.23 8.63 7.07 5.58 4.14 2.83 2.48 3.03 1.81 3.66 1.34 8.42 2.50 2.44 3.51 4.04 3.66 5.37 2.38 2.94 6.04
30.20 32.31 33.60 33.28 30.74 30.26 32.23 30.68 31.65 24.80 21.49 15.50 13.29 13.25 14.24 13.45 11.06 6.95 7.34 9.63 13.92 19.89 20.61 19.35 16.85 13.86 10.26 7.24 8.80 20.63 31.86 34.99 35.26 34.55 33.86 28.41 19.87 15.13 12.07 5.26 2.48 1.49 2.96 5.35 7.11 10.32 8.16 6.17 6.49 6.54 11.59 11.92 11.45 11.55 11.41 11.38 10.96 8.90 7.41 7.04 7.48 7.22 5.71 3.96 2.69 2.90 3.35 4.43 3.06 3.97 4.36 4.61 4.46 5.16 4.96 5.78 4.58 5.03 3.75 4.01
36.73 34.12 30.50 28.47 29.85 30.81 28.69 28.10 25.53 23.14 15.68 13.53 11.49 11.56 10.00 6.27 12.79 14.53 11.83 15.88 20.23 24.33 21.76 17.88 14.51 11.98 8.38 6.72 10.25 19.22 27.35 32.99 37.06 40.20 39.51 30.62 19.13 16.95 14.29 10.69 2.96 5.08 6.17 6.20 12.71 4.55 2.43 6.35 6.29 10.35 13.66 13.10 12.34 12.80 12.69 11.88 10.43 8.73 7.56 7.18 3.79 3.03 2.38 2.50 3.09 2.84 3.09 3.27 4.78 4.45 4.44 3.93 4.23 4.72 5.45 6.10 4.41 3.95 5.13 4.18
38.36 34.71 31.68 33.98 31.18 28.05 23.54 22.12 17.77 17.26 13.37 11.91 10.83 8.80 7.13 18.59 19.50 20.49 18.33 20.65 22.20 24.18 19.80 15.94 12.02 11.14 8.69 8.34 10.82 14.64 22.63 29.16 37.11 42.92 43.98 27.19 15.12 15.11 16.04 16.32 11.98 6.42 5.37 2.76 10.28 9.45 11.15 9.56 10.86 14.16 16.59 14.80 12.43 11.89 10.39 9.03 8.85 8.93 8.69 8.32 7.93 7.32 6.24 4.90 3.58 3.05 3.52 4.23 4.46 3.91 4.04 9.81 4.89 6.03 10.23 6.55 6.78 3.77 9.17 4.58
38.67 36.40 32.97 29.37 26.31 24.78 20.49 15.78 15.23 15.24 13.43 11.85 11.04 11.53 21.93 20.67 23.17 24.51 25.10 23.04 19.84 22.78 19.61 14.53 14.20 14.31 11.41 11.52 9.94 17.99 22.40 28.53 37.04 43.24 45.71 28.81 10.92 12.78 17.78 18.65 6.82 17.27 3.32 2.80 5.48 4.24 7.66 11.05 15.38 18.18 18.94 16.73 13.84 11.24 8.10 6.73 6.49 7.53 9.05 9.24 9.12 8.42 6.81 4.97 4.70 4.85 4.64 4.34 9.72 9.61 8.07 2.84 3.81 3.95 3.83 4.76 5.91 6.50 3.60 1.28
40.03 36.93 30.50 25.79 22.69 14.14 13.48 15.55 15.98 15.16 11.27 9.65 12.35 17.67 25.23 28.03 25.30 25.23 23.10 20.35 19.25 20.32 18.78 18.40 17.74 16.06 13.19 10.67 10.93 20.41 25.48 27.45 38.27 46.69 47.82 31.85 16.63 14.70 18.74 17.66 18.39 18.61 16.24 8.21 9.56 13.06 14.55 18.47 21.95 23.43 22.25 18.99 15.64 12.40 7.97 5.22 5.30 6.96 8.38 9.32 9.99 9.68 7.91 5.24 3.62 3.55 3.84 4.12 5.08 5.50 5.19 4.89 4.35 3.05 3.96 2.66 5.25 4.57 3.86 5.47
40.59 34.76 28.09 23.03 14.87 17.03 19.19 18.54 17.15 14.55 13.22 22.22 19.32 24.82 25.04 27.92 23.58 22.39 19.54 19.17 20.47 19.40 18.66 21.20 16.90 13.17 10.82 7.93 14.21 23.71 27.69 28.12 38.61 49.07 52.08 36.74 25.27 20.12 22.40 20.30 20.42 20.36 15.88 12.47 8.98 12.01 15.62 19.52 23.94 25.39 24.41 21.44 17.60 14.04 8.74 4.21 4.97 7.54 8.64 9.52 10.04 11.56 9.47 6.80 4.52 4.35 5.38 4.34 9.42 5.46 4.95 4.08 4.05 3.86 5.33 5.89 5.77 5.01 4.26 6.26
38.73 32.50 26.44 21.86 21.59 21.98 19.98 19.26 19.61 16.96 18.24 26.26 31.95 30.21 27.93 24.03 21.16 18.63 17.72 19.46 20.64 18.18 15.58 9.88 17.73 10.88 7.27 12.46 22.19 29.98 30.75 28.55 36.44 48.49 54.60 39.45 27.27 25.23 25.10 24.39 23.43 19.98 15.07 12.83 13.54 6.55 6.95 11.29 16.67 19.89 20.66 20.57 18.80 15.67 7.97 3.71 5.23 7.17 8.69 8.89 8.93 11.93 11.88 8.48 6.85 6.05 4.86 4.43 8.01 9.60 6.91 5.96 5.41 5.29 5.59 6.00 6.09 5.50 4.79 5.23
37.28 34.86 28.38 26.54 25.82 26.15 24.23 23.17 22.35 20.84 27.78 26.15 30.02 23.96 20.03 19.63 18.59 15.54 16.30 19.00 20.20 20.75 17.45 20.22 17.91 10.79 15.02 23.14 28.51 31.67 31.69 26.99 33.01 47.48 50.15 39.68 28.15 27.71 26.16 22.65 21.03 19.49 17.23 12.13 11.50 12.35 12.28 9.55 10.44 12.67 14.29 16.23 16.65 14.05 8.98 4.36 5.58 7.87 9.49 9.98 10.08 11.58 12.46 11.88 11.26 10.83 5.57 8.87 9.14 10.28 11.13 10.85 10.51 10.32 9.29 8.83 10.17 3.61 7.88 5.79
39.17 36.97 31.04 32.69 33.79 29.63 25.02 21.88 23.89 25.43 26.40 20.33 22.71 18.05 12.70 14.10 15.03 12.76 15.21 18.16 21.03 22.47 21.38 20.57 18.99 18.94 23.41 24.88 23.60 27.45 29.48 21.52 30.37 44.84 48.25 38.95 30.04 32.73 29.14 24.26 22.52 23.05 22.28 15.65 9.65 8.19 8.08 7.50 5.25 4.61 9.15 15.81 14.29 12.60 9.19 7.02 7.73 9.52 10.30 10.25 10.04 10.49 11.05 10.62 10.89 11.44 10.75 9.59 9.30 9.26 10.59 10.25 10.56 6.93 8.80 5.64 4.22 5.98 6.13 9.26
41.58 36.75 33.36 34.74 26.01 24.12 19.92 23.78 32.18 31.92 21.82 14.84 18.72 15.24 11.64 12.55 14.22 13.47 17.46 21.49 22.47 22.65 20.56 17.87 16.64 18.79 18.92 16.48 17.50 25.08 27.04 18.97 29.01 41.63 48.85 36.09 26.14 29.31 32.16 31.22 26.16 24.04 26.81 18.77 13.42 8.09 7.82 6.83 4.11 4.23 4.83 7.29 15.52 11.38 9.95 8.25 8.27 8.15 8.63 8.67 8.47 10.75 6.79 3.00 5.13 5.16 7.93 11.22 3.78 5.42 5.74 6.84 3.93 8.77 6.50 5.73 7.50 9.92 8.07 5.18
42.00 34.07 26.10 25.28 20.48 16.27 16.12 31.13 27.13 23.77 15.43 15.19 10.40 14.73 8.92 11.11 14.43 14.57 21.73 24.98 22.40 21.09 18.99 15.20 13.96 15.57 12.08 10.27 17.28 25.75 22.98 17.29 25.90 39.01 48.18 34.81 24.70 30.30 36.64 30.17 28.47 25.27 28.98 23.79 19.79 14.71 7.93 5.46 4.64 4.29 4.78 6.71 6.19 10.01 8.83 9.74 8.53 6.68 6.15 6.28 1.67 7.95 6.13 5.50 4.69 4.49 5.83 6.53 5.97 5.70 5.80 2.26 3.48 6.42 6.92 6.21 5.91 5.66 5.05 5.01
36.89 32.77 22.61 17.45 12.31 9.21 24.58 32.51 23.95 16.08 10.09 7.25 12.24 10.32 5.41 8.08 9.07 11.78 26.75 26.03 20.39 18.95 15.26 11.06 12.17 13.80 9.51 11.23 21.09 25.30 17.56 13.62 25.90 37.68 39.42 27.63 23.08 31.65 35.08 27.45 29.43 28.13 27.46 29.07 29.70 18.47 13.34 10.67 9.84 8.44 7.17 4.64 5.70 5.05 3.62 8.83 9.23 6.72 6.40 7.73 7.54 6.35 5.84 5.14 4.88 5.13 5.98 6.46 6.24 6.09 6.32 7.02 7.43 7.72 7.27 6.54 5.92 5.41 4.84 5.56
31.19 24.07 21.01 9.36 16.69 25.98 32.76 22.80 13.87 10.30 2.48 2.89 10.72 4.14 3.03 13.55 22.26 28.29 24.03 19.07 18.81 18.05 10.89 7.49 12.10 9.58 5.85 12.55 22.08 20.00 12.72 20.14 26.20 35.77 36.61 25.96 27.28 30.57 27.80 24.93 30.04 30.28 26.99 25.92 26.75 21.13 17.34 15.12 13.50 12.21 11.18 8.21 3.98 0.38 6.69 6.83 9.62 8.17 6.20 6.91 5.99 6.51 8.59 6.52 5.89 5.36 6.02 6.39 6.52 6.47 6.74 11.35 7.82 7.62 7.03 6.52 5.86 5.15 5.48 6.16
27.51 20.77 13.54 19.77 23.77 25.15 20.89 15.09 11.44 4.30 2.96 3.52 4.45 12.39 15.34 20.37 28.13 30.63 21.42 13.81 16.87 14.45 9.62 12.89 12.85 6.38 6.32 15.24 19.68 14.08 18.46 23.42 24.87 31.60 41.23 28.72 30.27 30.44 28.27 22.33 25.50 28.79 24.63 22.99 19.72 19.03 17.88 17.90 15.52 12.43 12.74 12.57 9.91 9.42 9.54 8.73 7.68 6.81 6.74 6.93 6.92 6.61 5.75 5.15 5.49 6.02 5.87 5.85 7.02 9.03 7.00 7.16 7.70 7.43 6.62 6.43 6.11 5.59 6.31 6.15
24.16 17.99 18.68 20.37 26.52 19.92 13.06 11.26 6.57 5.44 8.82 12.65 13.86 14.48 19.49 27.15 33.87 29.86 18.47 12.68 16.96 17.02 15.00 14.98 9.61 5.00 9.18 14.84 12.65 11.01 21.87 22.48 25.75 30.37 37.60 35.36 24.65 27.07 24.95 24.09 23.84 26.93 25.45 23.67 21.24 18.14 16.31 16.99 15.61 14.04 14.40 12.88 12.97 12.06 10.72 9.74 8.59 7.44 7.28 7.25 6.97 6.39 5.74 5.58 6.01 4.40 6.83 6.81 6.98 7.70 7.62 7.00 7.09 7.03 6.69 6.49 4.48 4.62 6.44 6.81
20.14 24.70 17.12 22.68 20.78 14.04 10.23 6.41 5.44 8.31 10.26 12.29 16.96 20.25 26.11 34.32 35.00 25.61 16.01 12.50 15.93 17.34 15.76 9.62 7.37 6.20 8.28 9.17 10.00 15.07 21.08 23.55 24.51 30.41 36.81 35.81 24.74 25.57 23.29 24.74 24.03 25.65 24.18 23.89 23.42 19.63 19.64 19.00 16.74 16.62 15.05 12.52 10.38 9.13 11.62 10.65 9.26 8.01 7.93 7.80 7.25 6.43 5.88 6.19 6.76 7.33 7.43 7.24 7.19 7.67 7.64 6.96 6.69 6.81 4.39 4.19 6.87 6.83 6.66 6.84
25.47 22.79 14.02 18.42 13.95 10.30 10.56 7.02 8.45 9.62 10.94 20.68 23.75 26.68 32.10 36.17 30.71 20.15 14.08 21.21 16.33 16.16 17.03 13.77 10.66 7.72 6.91 7.76 11.30 17.36 21.81 21.22 27.19 30.58 37.48 31.96 29.06 25.37 22.03 22.04 22.99 24.25 21.18 20.12 22.91 19.99 19.21 20.56 18.89 18.85 16.34 13.52 6.90 10.90 10.95 10.76 9.42 8.38 8.17 8.06 7.64 6.72 6.22 6.69 7.39 7.94 7.83 7.21 6.76 6.88 7.12 7.12 6.82 6.83 5.01 7.34 7.02 6.87 6.70 6.58
24.43 14.82 5.50 2.77 6.60 2.29 9.98 9.90 9.54 19.47 25.12 26.79 27.53 29.92 33.67 33.19 25.04 16.82 12.89 19.06 17.96 17.37 16.68 14.41 9.95 8.08 5.81 7.19 12.51 17.43 20.25 24.05 28.43 32.82 32.85 29.05 25.80 26.09 21.96 21.80 22.59 26.25 24.74 18.76 20.77 19.29 16.81 16.79 17.03 19.00 16.92 11.45 8.68 9.77 10.51 10.48 9.41 8.52 8.09 7.86 7.49 6.94 6.56 6.84 7.55 8.02 7.97 7.44 6.89 6.83 7.27 7.66 7.49 7.51 3.66 7.69 7.44 7.08 6.56 6.09
10.83 12.43 5.51 4.45 8.79 8.79 7.59 11.46 25.57 30.12 29.79 28.03 29.44 32.19 32.25 28.29 21.08 18.16 13.97 18.14 18.81 16.86 14.97 13.38 10.10 9.26 4.37 7.01 14.56 17.93 21.11 24.26 27.46 33.03 30.05 26.13 22.79 22.33 20.91 20.70 22.82 26.30 24.98 21.20 18.65 18.78 16.54 14.30 15.91 15.42 17.33 14.47 10.09 5.78 10.82 10.05 9.38 8.70 8.04 7.42 6.91 6.47 6.31 6.74 7.27 7.57 7.76 7.70 7.54 7.29 7.39 8.02 8.52 8.76 8.71 8.62 8.21 7.48 5.98 6.24
15.13 18.91 11.13 3.41 11.22 15.34 22.15 30.48 33.36 31.74 29.22 29.33 31.41 31.00 27.27 23.03 17.31 16.03 16.24 18.48 13.39 11.69 14.47 15.85 11.21 7.02 2.51 12.59 13.02 17.17 21.94 28.14 27.64 29.72 28.52 23.48 19.96 21.43 19.63 17.73 21.91 25.01 25.96 24.00 19.74 20.01 15.08 14.06 13.55 13.35 17.40 16.41 11.07 4.95 10.41 9.48 9.04 8.50 7.85 7.01 6.33 5.91 5.98 6.48 6.78 7.15 7.67 7.90 7.80 7.38 7.50 8.30 8.91 9.13 9.31 9.39 8.74 7.74 6.41 5.01
22.50 17.32 12.28 14.68 21.72 29.02 33.95 35.00 32.41 29.81 29.11 29.57 28.95 25.65 22.51 19.55 18.43 14.67 14.82 18.99 19.53 5.45 18.88 18.34 10.57 5.40 5.61 12.92 20.04 23.80 24.40 29.51 28.62 27.15 26.88 22.26 17.36 22.60 18.56 20.20 20.80 24.83 28.21 25.51 21.73 21.12 16.79 15.78 14.94 15.49 13.02 13.81 9.70 6.48 9.85 9.21 9.00 8.72 8.00 6.93 6.28 6.14 6.18 6.42 6.71 7.23 7.98 8.34 8.15 7.76 8.07 3.19 3.40 9.53 9.90 7.14 9.07 7.64 6.39 5.49
16.61 17.45 16.87 25.22 31.99 35.57 35.62 33.75 31.26 29.55 29.34 27.44 25.14 22.56 20.91 17.92 18.37 14.47 18.93 20.77 14.82 12.15 14.18 18.88 12.81 5.43 6.02 14.38 15.59 22.82 27.15 29.88 27.21 23.25 23.11 21.21 16.55 20.90 17.29 19.08 20.06 21.82 24.53 20.05 20.14 23.00 20.27 19.41 17.86 11.32 12.87 14.64 10.92 8.03 9.71 8.98 9.11 9.29 8.89 8.10 7.53 7.28 7.13 7.13 7.16 7.52 8.39 9.02 8.84 8.58 4.78 4.06 3.38 9.95 10.43 10.41 8.83 7.06 6.03 5.87
18.86 21.99 26.19 31.65 35.42 35.41 34.35 31.87 29.77 28.29 26.76 24.48 22.71 21.26 20.15 16.97 17.92 21.14 19.82 23.06 17.20 16.54 19.95 15.29 12.77 2.94 8.36 15.71 18.76 24.19 25.66 27.72 27.38 21.42 20.48 19.92 16.90 19.72 16.16 17.65 16.44 19.77 23.29 20.88 17.63 15.70 17.40 18.17 17.22 15.44 13.81 16.61 13.07 9.77 9.07 3.82 8.69 9.18 9.60 9.59 8.94 8.47 8.30 3.50 7.98 8.00 8.69 9.43 9.58 9.55 9.56 9.74 5.94 10.36 4.12 9.58 8.22 6.88 5.40 8.02
20.09 20.34 22.62 31.34 33.69 32.29 30.35 28.23 26.68 25.87 24.17 22.10 21.08 19.97 23.98 16.31 18.17 20.18 21.04 23.08 19.35 17.74 16.14 14.30 12.25 2.85 14.96 16.40 20.78 22.86 19.51 27.21 27.86 23.00 20.50 17.22 16.62 18.73 16.27 16.20 16.71 21.55 21.33 21.57 18.39 16.39 17.55 20.11 20.25 19.05 16.77 16.00 13.05 10.05 9.85 13.20 1.72 8.27 9.08 10.09 9.89 9.08 8.60 8.34 8.14 8.26 9.01 9.92 10.18 10.22 10.29 10.46 6.31 11.23 10.81 5.28 3.19 7.05 8.59 9.29
