examples/cougarCreek-fire/createInputs/farsite/7a-cougarCreek-polygonIgnit/cougarCreekFire_08-10-2015_1700_217m_non_neutral_stability_vel.asc
ncols	146
nrows	140
xllcorner	610065.000000
yllcorner	5095217.000000
cellsize	216.586807
NODATA_value	-9999.000000
[rows 36 to 71 of 140, columns 0 to 80 of 146]
12.18 12.42 12.73 13.03 13.41 10.99 11.62 14.45 15.54 16.27 16.92 17.10 16.77 17.83 18.21 17.76 18.19 19.59 21.09 23.54 26.51 28.22 29.91 31.70 31.79 31.77 31.65 28.64 22.33 28.84 29.64 30.70 29.27 25.45 24.45 23.06 20.88 19.98 19.44 18.86 17.97 17.90 18.90 18.98 18.75 18.33 18.36 18.78 24.31 24.00 18.45 16.79 15.39 16.97 18.37 19.38 25.36 25.98 26.22 25.97 25.64 25.27 24.85 23.52 22.61 21.03 19.85 20.15 21.15 23.00 19.71 18.79 17.81 16.75 15.58 15.40 15.31 15.14 14.91 14.74 14.60
11.98 12.20 12.60 13.24 14.06 14.65 14.92 16.48 15.19 17.92 17.94 16.74 16.57 18.25 20.12 20.70 21.40 23.90 26.52 26.43 25.24 25.07 26.25 26.49 26.78 27.43 25.67 27.93 33.18 33.96 28.33 28.34 29.08 31.13 31.97 32.70 31.98 29.84 29.06 27.06 25.07 23.30 20.90 19.27 18.48 19.11 19.76 19.32 22.40 23.15 23.74 18.59 18.03 17.26 17.65 18.46 18.63 19.35 20.60 21.49 22.01 22.21 22.44 22.74 23.13 23.67 24.10 24.07 23.63 23.02 22.57 24.34 21.20 17.32 16.77 16.19 15.66 15.31 15.07 14.91 14.71
12.15 12.49 13.07 13.49 14.05 14.56 19.68 14.87 17.86 17.92 17.27 17.01 18.31 18.82 19.42 19.20 19.96 21.75 22.42 21.62 21.22 21.09 19.57 20.64 23.75 23.67 20.67 22.61 28.23 19.23 27.35 25.39 26.44 25.21 25.32 27.11 27.16 30.31 30.69 30.94 28.99 27.47 23.15 21.84 23.48 23.76 23.18 21.54 20.28 19.46 23.08 23.01 18.15 15.62 15.46 15.13 15.30 15.83 16.25 16.69 19.59 19.89 19.99 20.23 20.73 20.97 20.65 20.11 19.83 19.76 19.99 20.68 21.37 21.76 21.19 17.73 16.72 15.95 15.32 14.87 14.49
12.76 13.26 13.67 13.96 14.22 14.44 20.87 14.44 16.79 16.74 16.31 16.60 16.60 17.44 17.69 17.95 19.23 21.16 21.98 22.19 22.82 20.25 16.22 18.11 22.82 21.28 18.75 21.59 24.39 26.03 26.78 26.21 23.75 23.45 23.21 21.71 20.83 16.60 18.03 20.76 23.10 28.41 30.32 31.77 31.26 30.23 28.97 27.36 24.72 21.18 19.81 21.30 19.81 20.09 16.81 14.13 16.37 16.09 13.24 13.43 13.88 16.90 17.35 17.92 17.90 14.23 13.35 12.93 13.18 13.82 14.54 15.12 15.53 19.21 19.96 20.66 21.07 16.77 15.89 14.98 14.32
12.64 13.05 13.53 14.22 14.37 14.39 19.66 14.37 14.35 16.55 16.05 15.53 15.50 16.46 18.07 18.62 20.33 22.28 21.79 19.66 18.73 17.12 16.67 20.85 22.37 20.21 19.05 21.65 24.15 22.46 28.22 27.54 24.41 21.75 20.97 21.52 21.79 20.70 20.30 14.56 15.90 17.33 18.21 18.60 24.24 25.46 26.41 26.31 26.43 25.99 24.84 23.71 19.40 17.78 16.93 16.42 15.58 14.50 14.08 14.11 15.88 13.56 13.59 13.39 12.62 11.81 11.41 11.53 11.97 12.45 12.68 12.78 13.00 13.27 13.64 14.10 14.82 15.65 19.31 19.68 14.64
12.52 12.74 12.91 13.59 13.76 18.50 14.36 14.19 14.44 16.13 15.86 16.15 16.80 18.73 20.29 20.03 21.86 21.64 19.46 16.21 15.37 16.39 19.20 22.59 19.56 16.73 17.68 20.52 24.02 26.29 31.80 24.99 21.06 18.54 16.65 17.86 20.91 19.97 18.48 20.09 14.76 21.20 21.30 21.27 20.71 16.15 17.39 18.58 19.47 20.11 20.35 20.49 20.50 20.60 20.66 20.50 19.75 19.17 19.13 18.36 14.89 13.68 12.39 10.94 9.97 9.76 10.13 10.73 11.19 11.35 11.31 11.33 11.41 11.52 11.71 11.99 12.40 13.01 13.83 14.53 17.19
12.02 12.05 12.13 12.48 13.12 13.24 13.97 14.02 14.54 14.87 15.29 16.91 18.29 20.74 21.75 21.94 21.58 18.92 16.26 15.58 16.33 19.17 23.11 24.24 18.12 15.29 18.15 21.95 23.17 24.39 29.68 26.55 21.53 17.85 17.48 19.35 20.18 18.72 17.90 18.15 20.66 21.33 20.97 20.17 19.18 19.20 19.71 16.83 17.33 16.57 18.16 16.29 16.17 16.56 16.55 15.80 14.76 13.77 12.73 11.77 10.92 10.18 9.30 8.50 8.27 8.87 9.88 10.67 11.12 11.28 11.29 11.17 10.93 10.77 10.94 11.45 11.87 12.09 12.34 12.86 15.26
12.00 12.06 12.24 12.84 13.62 20.35 13.96 14.40 14.73 15.10 17.08 20.22 23.05 22.85 22.68 22.14 20.43 18.92 17.91 17.62 18.94 23.08 24.46 20.99 17.85 17.29 20.73 22.20 21.66 22.73 28.73 29.26 26.86 24.08 20.81 20.20 19.30 18.40 17.66 16.74 16.77 18.05 18.62 16.32 14.89 16.18 17.29 17.65 19.96 17.41 15.51 14.94 14.59 14.04 13.06 11.96 10.91 9.95 10.35 9.18 8.85 8.55 8.75 9.57 11.01 13.07 14.33 14.60 14.36 14.02 13.90 13.57 13.26 13.05 12.99 12.69 12.38 12.37 12.42 12.55 12.73
12.64 12.89 13.17 13.54 13.83 14.82 14.40 14.68 15.04 17.97 21.73 22.54 21.65 20.83 21.31 21.29 21.52 20.76 17.96 18.45 20.75 21.97 21.70 20.96 18.39 18.70 20.80 19.75 19.02 22.05 28.02 28.27 28.53 27.95 24.62 22.71 20.44 18.56 17.84 17.58 16.18 14.08 13.50 13.89 15.87 18.20 20.91 22.16 18.56 16.44 15.09 13.88 13.10 12.39 11.65 11.00 10.34 9.90 10.15 10.79 11.39 12.33 12.66 14.61 16.34 17.15 17.03 16.35 15.92 15.57 15.26 14.84 14.41 14.07 13.69 15.37 14.32 13.60 13.18 12.98 12.70
12.53 13.02 13.62 13.78 14.55 14.75 15.20 15.29 15.56 21.78 21.09 20.55 19.16 18.17 19.68 21.16 21.00 18.48 15.58 16.20 18.67 21.28 21.89 21.96 20.22 19.91 19.75 17.83 16.75 20.83 25.91 25.74 26.52 27.09 26.24 25.23 23.62 21.75 20.28 18.90 15.23 15.59 15.52 17.47 20.06 20.70 22.60 18.17 15.56 14.15 12.88 11.98 11.83 11.81 11.75 11.38 11.07 11.57 13.11 13.60 15.36 17.45 16.27 16.17 15.77 17.19 18.56 17.88 16.75 17.71 18.36 17.47 16.96 16.72 16.32 15.39 14.12 13.89 13.81 13.24 12.77
13.01 13.35 20.30 13.41 14.45 14.68 19.79 19.78 21.39 20.65 20.26 19.01 17.11 18.45 20.07 20.20 19.67 15.01 15.24 15.98 17.96 21.90 24.80 25.11 21.12 19.85 18.33 16.55 16.46 19.89 23.87 23.69 24.43 25.16 26.85 24.68 24.09 23.22 22.05 19.12 17.49 18.75 20.57 20.83 24.61 25.32 22.03 16.52 14.13 12.56 11.61 11.53 12.37 13.18 13.26 13.44 14.90 16.71 19.21 17.25 17.07 16.37 15.77 17.01 16.88 18.14 17.44 16.54 19.29 21.97 21.36 21.58 19.37 16.57 16.39 17.39 19.82 14.96 13.71 13.26 12.77
13.36 19.76 15.42 13.37 13.72 15.07 19.59 19.81 19.74 20.10 19.35 17.44 16.29 17.19 17.01 14.92 14.66 14.37 15.98 17.49 20.93 25.08 24.79 24.35 20.48 18.53 17.05 16.39 17.30 19.44 21.60 23.33 23.42 24.00 26.19 23.87 23.79 24.50 23.53 22.47 18.98 23.33 28.05 27.42 24.82 21.55 17.34 15.80 14.71 14.09 14.26 15.14 16.66 16.61 16.44 17.81 20.29 18.17 18.26 20.95 20.14 19.20 19.94 20.64 21.25 21.09 20.25 20.17 20.63 20.07 19.51 18.88 17.42 15.93 16.44 16.61 17.21 16.73 14.04 12.89 12.56
13.20 20.14 18.97 18.86 20.53 19.79 20.03 19.06 17.46 19.01 17.21 14.55 15.77 15.05 14.60 15.72 14.99 16.17 17.90 19.51 21.26 23.90 23.27 21.71 19.08 18.10 15.94 16.99 17.06 17.90 20.82 22.77 23.40 24.56 25.03 23.41 22.83 23.64 24.60 24.71 29.61 27.17 26.76 26.65 20.21 18.49 16.34 14.03 15.74 16.68 18.80 18.79 18.62 18.24 17.94 18.43 20.10 26.39 25.82 25.10 24.28 22.67 22.10 22.56 22.05 21.14 20.31 19.48 18.98 18.72 16.87 16.28 16.94 16.99 15.28 15.35 17.81 17.31 14.68 12.35 12.29
19.99 15.51 20.27 19.76 15.64 18.94 17.49 14.06 14.34 17.23 16.70 14.36 14.46 14.98 16.02 18.87 20.57 21.69 21.97 20.99 20.78 24.61 23.45 20.24 20.08 19.18 17.84 18.01 17.11 17.14 22.09 22.60 21.90 26.37 26.54 23.89 22.35 23.79 23.81 27.37 25.85 24.68 24.37 24.15 24.47 18.23 16.22 18.00 18.63 21.04 19.17 18.33 28.75 26.73 23.46 24.62 23.83 23.05 22.77 22.55 18.72 18.68 18.42 20.85 20.34 18.97 18.46 17.23 16.67 16.54 16.08 15.79 15.46 14.31 14.42 14.18 13.91 13.38 12.28 12.86 11.94
16.25 19.81 19.44 15.61 14.91 13.09 13.55 14.19 14.48 14.49 14.03 14.17 14.90 16.30 20.36 21.90 21.63 21.71 20.97 20.00 20.25 24.08 24.04 24.08 22.14 19.87 16.35 16.73 15.92 19.02 23.93 22.40 22.69 26.82 27.19 25.08 23.20 23.63 23.54 22.77 26.62 22.97 22.87 21.24 21.45 23.62 25.86 27.26 28.64 29.33 29.05 27.03 25.29 24.61 24.39 22.68 17.38 17.33 20.82 20.46 17.05 17.02 17.02 17.15 19.60 17.54 16.33 14.92 14.62 14.13 14.22 14.23 13.15 14.15 14.65 13.39 11.42 10.52 11.76 13.39 11.72
16.66 16.40 15.92 14.80 13.41 13.85 14.53 14.62 14.58 14.36 14.41 15.25 16.18 18.72 21.50 21.07 20.78 20.73 20.06 19.57 19.43 19.41 23.26 22.60 22.38 17.77 15.59 13.68 15.65 20.17 23.36 21.65 24.43 26.51 27.33 25.04 22.26 23.92 23.25 21.61 21.92 22.34 21.69 21.02 15.38 15.98 16.45 17.02 18.44 22.93 22.95 22.84 18.20 21.52 16.20 13.95 15.69 15.78 15.70 19.18 18.67 16.18 15.92 15.77 16.54 16.53 18.74 18.07 17.84 16.78 17.05 19.38 16.17 16.77 16.19 16.25 16.16 16.39 12.33 15.23 11.48
19.95 16.41 18.98 13.70 14.03 14.81 14.78 14.86 16.49 14.77 15.44 18.99 21.64 21.33 21.14 20.24 19.55 19.04 18.99 19.26 19.24 18.98 19.01 15.81 20.21 13.95 14.51 16.00 18.05 22.70 24.12 22.18 24.32 25.80 25.71 23.58 22.65 24.75 22.52 22.21 21.76 21.34 20.04 19.52 20.15 14.73 14.23 12.84 13.04 13.24 14.94 15.42 15.75 15.87 15.94 17.33 17.60 15.75 19.38 17.96 17.55 18.00 15.93 13.33 15.88 16.27 16.48 16.58 16.37 16.20 13.06 16.19 16.15 12.27 11.72 11.45 11.16 10.91 10.87 11.01 13.75
16.93 19.76 13.88 14.17 15.26 15.90 17.70 17.76 17.15 16.24 19.56 21.25 17.06 16.31 15.75 15.63 15.26 17.42 17.77 18.28 21.13 19.16 19.81 23.16 18.30 15.84 16.71 19.63 21.57 24.29 24.94 21.62 21.99 24.61 24.56 22.39 21.87 20.68 20.38 19.58 20.33 19.58 18.30 18.33 18.73 14.36 14.22 12.46 12.19 11.99 12.03 12.28 12.83 14.59 15.28 19.94 21.50 19.57 16.27 16.30 16.09 15.96 13.24 12.85 12.41 12.10 12.09 12.02 11.55 11.00 10.71 10.62 10.46 10.36 10.35 10.32 15.09 12.23 10.60 10.70 10.84
17.80 20.61 15.91 16.44 20.09 19.94 17.66 16.71 17.23 17.86 20.96 17.24 16.48 15.71 17.76 17.71 15.06 16.75 17.28 17.79 16.23 16.35 20.65 22.88 18.43 18.23 20.66 21.31 19.75 22.88 23.56 19.46 19.69 24.31 17.44 22.78 23.29 24.70 21.62 22.28 21.69 20.51 17.81 16.41 13.28 13.20 13.36 12.34 12.33 12.30 12.22 12.11 12.22 12.66 13.94 14.51 14.97 15.18 15.39 15.25 14.59 11.44 10.92 10.47 10.05 10.00 10.16 10.07 9.82 9.70 9.61 9.49 9.60 9.98 10.30 10.44 10.57 10.58 10.29 9.99 9.97
18.14 18.04 16.59 19.76 16.64 15.97 14.46 16.84 20.28 20.77 17.42 16.87 16.13 15.69 17.39 17.53 15.23 17.24 15.82 16.19 19.88 22.32 22.15 19.78 19.36 19.54 19.97 18.38 17.41 22.07 23.99 19.21 19.79 23.20 25.16 14.15 22.46 22.83 24.16 24.91 24.31 24.22 19.49 16.27 13.25 12.67 12.26 12.20 12.37 12.53 12.52 12.36 12.20 12.09 12.11 13.57 13.09 10.75 10.64 10.32 9.85 9.74 9.78 9.73 9.67 9.64 9.43 9.19 9.34 9.79 10.12 10.19 10.09 9.88 9.70 9.68 9.60 9.30 9.23 9.69 10.24
17.60 13.62 15.29 15.48 12.36 13.72 13.53 18.90 17.11 16.45 15.58 15.26 15.51 15.41 16.69 14.92 14.88 14.82 14.81 21.76 21.07 21.74 21.50 18.29 17.53 18.72 16.96 15.33 17.43 22.15 22.71 19.14 18.64 22.28 22.89 23.21 21.29 22.18 21.97 21.47 21.33 21.61 20.97 18.41 14.71 12.95 11.89 11.81 11.89 12.04 12.20 12.25 12.12 11.91 11.54 10.63 9.56 9.07 8.94 8.96 9.36 10.07 10.64 10.98 11.17 10.95 10.34 10.12 10.47 10.85 10.99 10.76 10.17 9.48 9.03 8.86 8.86 9.15 9.85 10.37 10.30
13.75 13.13 14.80 11.37 11.22 12.36 14.26 16.58 13.05 12.21 11.82 13.80 13.02 12.65 13.45 13.47 13.16 14.50 20.41 21.36 20.42 20.74 19.69 13.84 16.57 17.82 15.40 15.59 19.98 22.91 21.02 16.91 16.08 19.90 21.83 20.47 21.87 22.68 21.52 21.13 21.06 20.96 23.25 19.33 16.84 13.16 12.30 12.19 12.36 11.85 11.81 11.94 11.93 11.69 11.02 9.94 9.28 9.26 9.51 9.85 10.27 10.50 10.60 10.78 10.93 11.06 11.36 11.66 11.65 11.32 10.73 10.05 9.62 9.49 9.62 9.90 10.26 10.69 10.85 10.19 9.99
13.74 13.21 12.18 11.60 12.04 12.97 16.68 13.21 12.24 11.71 12.58 13.58 11.85 10.94 11.57 10.68 11.45 14.40 14.65 16.02 20.23 20.25 13.14 13.63 16.47 15.60 13.67 16.14 21.86 21.00 17.53 16.61 17.00 19.88 24.35 19.93 22.54 22.56 23.25 21.49 22.95 22.70 22.53 20.20 18.85 14.96 12.34 13.71 13.25 12.24 12.40 11.85 11.88 10.78 10.14 9.67 9.74 10.12 10.47 10.68 10.61 10.33 10.22 10.28 10.32 10.51 10.81 10.88 10.62 10.12 9.55 9.33 9.63 10.20 10.80 11.27 8.63 9.60 10.51 10.53 10.21
13.65 13.16 12.63 12.92 13.74 15.69 13.40 12.34 11.79 13.10 12.42 11.37 10.92 10.03 10.58 12.12 13.82 15.77 14.78 13.94 20.19 15.00 14.11 14.88 17.39 13.25 14.18 17.85 20.86 18.39 15.41 17.18 19.19 20.58 22.47 21.23 21.39 21.75 20.51 21.01 21.33 22.46 22.59 19.89 20.01 22.68 20.01 14.57 15.86 13.43 13.14 12.44 11.36 10.76 10.35 10.16 10.20 10.31 10.37 10.35 10.29 10.41 10.75 10.97 11.01 10.87 10.07 9.82 9.40 9.14 9.27 9.86 10.54 11.09 8.27 11.09 14.41 14.05 10.86 10.39 10.30
13.44 13.02 12.87 13.41 15.31 13.08 12.07 11.39 12.61 11.08 10.52 10.11 10.13 11.07 12.96 14.37 13.16 17.31 14.38 13.84 18.42 18.42 17.75 18.33 13.46 13.31 15.12 17.73 16.94 15.14 16.24 18.96 19.97 20.61 21.59 21.31 22.22 20.26 20.82 20.60 20.36 19.70 19.46 22.09 19.07 19.12 18.85 21.60 21.53 13.91 12.69 15.52 11.49 12.13 11.79 11.56 11.47 11.47 11.24 10.89 10.74 10.91 11.19 9.91 10.85 10.68 10.10 9.70 9.60 9.86 10.48 11.07 8.74 9.13 14.32 13.82 11.07 12.62 14.57 15.07 14.07
12.87 12.45 12.33 12.69 12.49 11.92 11.19 10.58 10.14 9.84 9.99 11.04 12.70 13.10 14.64 15.53 22.24 16.65 15.74 15.94 15.48 20.44 19.21 13.84 13.28 13.44 13.57 15.18 14.71 16.03 18.68 19.99 19.21 20.55 21.25 21.28 19.84 19.79 20.43 20.27 19.28 19.40 19.19 21.57 21.23 21.06 20.84 20.70 20.73 13.19 11.35 11.55 12.05 12.26 12.27 12.42 10.86 11.19 11.23 10.54 10.09 9.81 9.68 9.62 10.29 9.91 9.91 10.30 10.80 11.17 8.85 10.04 14.60 13.86 10.92 12.68 14.08 15.01 13.45 13.61 16.04
12.25 11.93 11.70 11.72 11.37 10.83 9.88 8.98 8.77 9.61 11.52 12.44 13.53 14.50 14.07 20.36 17.10 16.20 13.83 16.05 15.45 20.20 20.70 17.26 13.72 13.42 14.53 14.40 14.73 16.82 19.45 18.92 16.90 20.61 21.07 20.48 20.41 19.48 19.91 19.76 19.72 19.06 19.53 19.20 20.84 20.67 20.53 17.47 17.16 12.60 11.07 11.19 11.25 19.95 11.28 11.59 13.43 11.82 18.83 16.62 10.68 9.98 10.02 9.68 8.79 8.35 10.88 9.01 8.91 9.53 12.28 13.25 12.10 9.82 11.91 14.41 15.39 15.53 15.18 13.09 15.71
11.85 11.58 11.11 10.61 9.95 9.04 8.24 8.28 9.77 11.08 13.04 13.74 13.66 12.18 15.03 21.70 16.62 13.85 15.78 20.13 20.57 20.27 20.04 18.97 13.73 13.45 14.21 13.91 15.09 16.88 18.40 16.69 16.95 21.72 20.73 20.00 19.79 19.62 19.39 19.21 19.23 18.22 17.68 18.49 17.89 17.58 17.47 20.20 20.03 12.40 10.83 10.79 10.56 19.15 10.64 10.80 16.05 10.69 17.65 19.17 10.79 10.95 13.22 11.56 9.51 9.50 8.98 17.70 18.76 14.78 13.62 13.59 12.94 12.52 13.75 14.71 15.54 12.80 14.95 14.79 15.38
11.92 11.67 10.99 10.28 9.46 8.78 9.08 11.07 12.46 13.86 13.11 12.71 11.63 11.18 22.04 17.27 16.26 15.57 15.41 19.61 15.09 14.80 19.21 18.32 15.73 15.31 13.63 13.68 16.02 16.93 17.21 18.65 19.05 19.92 20.00 19.58 18.37 19.16 18.86 17.80 18.72 17.74 20.14 18.41 18.18 17.11 16.70 12.79 12.76 19.54 11.81 10.22 10.20 10.31 10.38 10.36 10.30 12.40 10.14 17.02 10.09 12.15 10.21 16.06 17.17 17.09 17.04 17.22 9.75 17.09 14.50 12.19 16.43 16.33 12.33 14.79 12.11 12.18 13.26 13.20 14.02
11.70 11.43 10.89 10.56 10.57 11.28 12.88 13.16 13.80 14.07 15.33 15.48 17.59 21.90 17.10 16.44 15.53 15.06 14.48 19.01 12.07 13.78 18.48 18.63 15.66 12.71 11.75 12.75 14.60 15.30 16.65 19.76 19.78 19.30 19.23 17.98 18.18 18.27 18.01 17.70 18.18 18.55 19.48 16.53 16.81 16.48 16.43 16.44 12.57 12.44 12.21 10.14 10.08 9.93 15.44 9.84 9.79 9.67 9.54 17.92 9.57 9.63 9.52 16.40 15.29 16.40 16.33 16.28 15.77 17.47 16.34 15.85 15.85 15.75 11.72 13.28 10.46 7.66 7.63 8.87 9.76
10.96 10.59 10.29 10.91 10.08 11.60 12.85 12.00 12.76 13.60 15.27 17.06 20.10 19.85 15.91 15.25 12.19 14.82 12.15 14.86 11.93 12.05 12.12 11.91 16.47 12.06 11.35 11.63 13.33 14.98 18.40 19.47 19.15 18.83 17.69 17.19 18.72 17.88 16.71 17.88 17.49 17.86 16.61 19.05 12.40 12.41 12.43 12.21 11.94 15.48 12.07 11.85 9.39 17.81 9.46 9.57 9.45 9.31 9.28 9.26 16.51 9.16 17.56 17.54 17.54 16.26 12.09 17.06 15.72 15.96 15.67 11.29 15.18 15.66 15.72 13.12 7.03 8.31 10.70 12.29 12.47
11.31 11.23 11.57 11.23 11.66 12.09 10.79 12.02 13.22 14.56 17.36 19.43 20.18 18.94 15.50 12.50 11.97 14.70 11.81 18.78 13.84 13.98 12.02 11.72 16.95 11.68 10.95 11.57 14.53 17.90 19.17 18.73 18.28 17.64 17.63 17.49 18.03 16.68 17.03 16.19 17.13 17.20 15.67 11.39 11.77 15.64 18.30 17.96 17.81 15.25 17.91 11.24 11.31 8.99 15.36 9.27 9.17 9.12 9.19 13.56 9.01 14.74 14.94 8.70 16.92 16.95 16.63 8.67 8.80 15.56 14.88 14.97 15.47 15.44 15.25 14.92 8.82 8.86 8.70 8.56 8.34
11.91 12.27 13.11 13.04 13.05 14.13 15.54 16.02 17.93 17.74 20.76 15.77 15.30 12.71 15.50 12.26 11.79 17.88 13.93 14.29 13.41 17.90 11.39 17.53 17.23 10.54 10.84 11.40 16.35 17.47 18.79 17.76 17.39 18.24 18.16 16.47 17.55 16.78 16.43 16.75 16.33 17.16 11.27 9.89 10.69 11.01 11.19 17.59 11.69 16.34 17.35 8.65 8.74 8.82 8.84 17.35 8.81 8.87 8.82 17.32 15.61 14.53 11.70 16.72 11.61 11.60 11.59 8.44 8.47 15.58 14.26 13.35 10.83 10.91 14.62 14.81 14.67 14.89 7.78 7.67 11.09
11.48 11.70 12.53 13.40 15.17 19.49 19.53 18.91 18.18 17.70 20.27 19.80 20.03 12.25 15.24 11.93 11.51 11.40 17.82 11.37 14.10 17.50 17.96 17.77 16.31 10.41 11.11 11.57 17.38 16.76 16.95 17.31 17.22 16.81 17.70 16.81 16.76 16.36 16.08 16.28 15.59 14.22 16.61 11.08 11.07 11.18 11.24 11.27 11.01 10.93 11.02 8.67 8.64 8.62 8.58 8.47 16.75 8.41 8.40 9.71 14.70 8.21 8.10 15.24 15.25 14.99 14.98 8.14 8.15 8.16 15.17 14.49 14.34 10.69 13.84 14.40 14.65 7.94 9.29 8.00 8.10
11.00 11.21 12.27 13.07 15.04 19.46 19.17 17.75 17.26 17.68 19.13 19.06 19.22 15.00 14.89 11.80 11.38 11.29 17.55 11.18 11.03 17.33 13.31 16.33 11.54 10.55 10.71 12.96 17.04 16.95 14.99 18.40 17.24 17.01 17.75 15.33 17.11 16.35 15.96 14.71 14.98 15.97 15.52 11.33 11.02 11.22 17.04 16.83 10.79 10.51 8.48 8.46 8.42 16.59 8.28 8.28 8.26 8.24 8.21 8.21 10.31 8.20 8.10 8.06 8.03 14.36 14.58 14.61 7.88 7.86 14.71 14.85 14.76 14.64 14.65 14.78 14.76 8.10 12.22 10.91 9.22
11.18 11.62 12.77 13.12 14.67 18.96 18.14 14.98 16.66 17.89 17.79 18.17 11.94 18.94 11.93 11.73 11.18 11.10 17.02 11.03 17.01 16.56 10.66 12.34 10.56 10.96 11.20 17.07 18.20 15.66 15.11 17.16 10.31 10.04 17.01 16.63 15.64 16.11 15.57 14.81 16.05 14.55 14.07 15.74 10.64 10.45 11.09 16.39 11.04 10.87 10.36 8.27 10.95 16.29 16.33 8.12 8.14 8.11 8.06 7.99 8.02 14.94 8.17 8.16 8.05 7.96 7.90 12.67 14.28 7.71 7.68 15.84 14.40 14.56 14.65 14.23 14.29 14.41 14.57 14.06 8.21
