examples/cougarCreek-fire/createInputs/farsite/7a-cougarCreek-polygonIgnit/cougarCreekFire_08-12-2015_1700_217m_non_neutral_stability_vel.asc
ncols	146
nrows	140
xllcorner	610065.000000
yllcorner	5095217.000000
cellsize	216.586807
NODATA_value	-9999.000000
[rows 35 to 69 of 140, columns 0 to 79 of 146]
6.20 6.52 7.07 7.09 7.04 6.70 6.56 6.45 9.28 8.93 9.13 9.34 9.57 8.04 5.83 4.13 2.58 0.92 1.20 2.85 4.99 3.32 5.24 6.81 8.95 8.77 4.68 10.22 14.31 26.17 30.60 34.55 32.33 25.25 24.85 26.74 27.55 26.10 24.30 24.81 22.97 22.95 23.13 19.10 19.50 19.01 25.70 23.30 20.06 16.00 16.57 18.15 22.35 24.80 24.45 25.01 26.57 25.84 25.63 25.54 24.06 25.06 24.10 22.90 21.92 18.11 17.35 13.96 13.61 13.60 13.60 15.96 15.90 15.77 15.42 15.03 11.15 11.01 10.89 10.77
6.10 6.42 6.88 7.42 7.13 8.21 8.37 6.39 9.85 9.95 9.94 9.58 8.21 8.51 7.68 5.80 3.73 2.42 2.73 3.19 4.18 4.24 5.55 8.68 10.76 9.79 7.36 6.94 7.88 27.39 28.56 30.72 34.28 28.46 25.28 28.07 28.44 27.86 26.20 25.82 26.23 25.75 18.45 18.75 19.39 19.40 18.48 17.16 22.68 20.25 17.26 17.68 20.18 21.94 22.20 22.51 23.86 23.21 23.13 23.49 23.79 23.90 23.78 22.89 22.98 21.65 17.71 17.14 16.92 19.84 16.98 16.79 16.16 15.57 11.75 11.41 11.25 11.13 10.99 10.88
5.99 6.30 6.72 7.28 7.22 7.01 6.70 10.62 6.29 10.80 10.44 9.41 8.29 8.97 9.03 7.94 6.60 7.19 8.35 8.20 6.87 5.65 6.64 8.50 9.10 8.13 7.42 10.38 16.00 25.11 27.51 28.51 28.59 29.82 27.85 27.70 30.35 29.11 28.08 26.53 26.73 26.24 23.12 19.07 19.09 19.75 19.81 18.08 23.73 22.08 21.14 18.49 19.63 19.43 20.60 21.45 21.21 20.54 20.02 19.93 19.97 19.53 18.84 18.03 17.35 16.82 16.02 15.18 14.37 13.74 14.33 17.72 19.13 12.60 12.16 11.64 11.42 11.25 11.08 11.01
6.02 6.27 6.66 7.23 7.26 7.09 11.83 6.66 11.17 10.99 10.42 9.84 10.34 9.76 9.42 8.21 7.81 8.52 8.11 6.52 6.18 6.61 6.24 7.30 8.79 7.41 7.04 10.89 16.42 16.70 27.73 29.18 29.73 27.44 24.33 22.65 21.94 23.38 23.75 25.62 28.59 29.51 26.98 24.00 19.69 19.71 20.26 18.93 16.79 16.60 23.39 22.71 19.73 18.48 19.59 20.15 20.32 19.71 19.23 19.46 19.62 19.27 18.76 18.04 17.21 16.66 15.73 14.65 14.06 13.75 13.73 13.65 13.34 13.43 15.06 15.67 11.92 11.59 11.35 11.21
6.04 6.32 6.66 7.31 7.29 7.23 13.11 6.83 10.94 10.80 10.16 10.10 8.99 9.62 8.86 7.95 8.05 8.85 8.50 7.55 8.29 7.53 5.12 6.39 8.64 5.85 6.83 10.05 13.65 14.27 26.31 29.14 26.11 28.86 27.88 25.50 24.40 19.97 18.46 19.66 22.46 25.81 24.89 26.55 28.03 26.94 27.15 28.22 26.35 18.37 17.24 25.31 24.61 25.04 20.95 19.52 21.28 20.22 18.81 19.18 18.81 18.72 18.71 18.59 17.89 16.44 15.43 14.65 14.39 14.18 13.88 13.39 13.08 12.49 12.27 11.62 11.91 12.24 12.02 11.70
5.95 6.20 6.60 7.48 7.48 7.28 12.28 6.94 6.67 10.81 10.16 9.53 8.74 9.25 9.18 8.50 9.13 10.27 9.64 7.72 6.84 5.22 4.97 8.06 8.62 5.54 6.73 9.28 9.98 9.18 26.75 28.05 27.07 27.39 29.67 31.12 30.52 27.43 23.20 17.45 20.72 21.10 20.76 21.46 23.90 23.05 23.30 23.65 23.28 23.99 23.50 23.96 20.84 19.32 19.20 19.66 19.92 18.79 18.99 19.54 21.24 18.08 18.75 18.49 17.57 16.73 15.87 15.11 14.66 14.35 13.88 13.25 12.91 12.73 12.27 11.68 11.74 12.20 10.73 12.99
5.89 6.11 6.48 7.53 7.54 11.91 7.36 7.04 6.79 10.59 10.02 9.90 9.41 10.43 10.83 9.88 10.94 10.37 8.41 5.05 3.75 3.94 6.24 10.15 7.70 5.05 6.84 8.78 10.16 11.87 25.43 27.46 27.16 27.17 27.27 28.14 29.94 27.58 24.93 26.01 19.45 27.44 28.24 27.54 25.69 19.94 20.18 19.73 18.58 18.98 19.09 18.39 19.15 20.57 21.25 21.38 21.58 21.09 20.76 21.88 18.95 18.21 18.76 18.55 17.78 17.00 16.30 15.62 15.02 14.57 14.01 13.27 12.84 12.62 12.23 11.48 11.03 11.18 11.33 12.32
5.88 6.01 6.30 6.57 7.56 6.59 7.27 6.58 6.93 6.71 6.56 10.25 10.34 11.85 12.13 11.79 11.12 8.34 5.27 3.58 3.42 5.41 9.63 11.86 6.28 4.79 7.16 9.53 11.37 14.04 21.22 26.88 27.30 24.12 26.60 29.86 29.73 27.27 25.67 24.53 27.03 27.52 28.57 28.50 27.76 28.28 26.08 19.48 17.87 17.52 18.97 17.35 18.02 19.58 19.85 19.61 19.51 19.18 19.60 20.28 19.36 18.44 18.66 18.68 18.08 17.32 16.56 15.88 15.20 14.64 14.17 13.35 12.78 12.60 12.39 11.71 10.91 10.54 10.07 10.38
6.02 6.05 6.18 6.46 7.43 12.65 7.22 7.18 7.05 6.90 10.54 12.60 14.08 13.57 12.80 12.02 10.24 7.86 5.78 4.60 5.31 9.48 12.01 8.99 5.28 5.84 8.29 10.39 10.82 13.06 19.05 23.31 26.18 28.23 27.50 31.24 29.33 27.23 26.41 24.82 25.11 27.66 30.22 28.75 21.15 20.88 20.32 18.67 22.52 18.23 17.82 17.60 18.03 19.24 19.34 19.22 19.08 18.80 23.06 20.24 19.46 18.32 18.33 18.64 18.40 17.77 16.77 16.05 15.40 14.74 14.33 13.51 12.87 12.71 12.70 12.13 11.08 10.40 9.59 8.91
6.13 6.19 6.27 6.42 6.71 7.81 7.35 7.31 7.21 11.44 13.76 14.01 13.43 12.94 12.56 11.95 11.27 10.04 6.76 6.42 8.18 9.69 9.73 8.65 6.03 7.05 9.77 9.44 9.70 13.11 18.64 20.95 22.84 25.86 27.10 32.35 30.60 27.44 26.65 26.11 23.31 24.88 21.93 22.39 21.46 20.76 25.26 22.70 16.25 16.71 18.03 18.15 18.56 19.17 19.00 18.56 18.44 18.79 19.81 20.16 19.05 18.33 18.82 18.95 19.08 19.05 18.38 17.68 17.41 16.89 16.56 15.96 15.21 14.90 15.17 12.78 11.91 10.87 9.62 8.49
6.02 6.12 6.28 6.42 7.67 7.73 7.73 7.64 7.54 13.91 13.22 13.69 12.93 11.46 11.88 12.17 11.00 9.08 5.74 5.57 7.23 9.02 9.21 9.12 7.34 8.13 9.32 7.87 8.93 12.97 18.46 19.15 20.27 23.18 25.67 29.76 32.18 30.43 28.77 27.71 27.08 21.96 22.98 23.09 21.58 25.23 26.76 16.49 14.07 16.60 18.47 21.66 19.33 19.12 18.51 17.34 17.34 19.17 20.48 20.15 18.80 18.74 20.38 21.08 21.75 23.92 23.38 22.25 21.78 21.82 21.31 18.03 17.66 17.49 17.33 17.01 16.52 15.67 10.38 8.74
6.03 6.14 12.25 6.33 7.72 7.82 12.84 12.96 14.15 12.86 13.62 13.70 11.56 12.01 12.51 11.89 11.34 6.07 5.12 4.88 6.15 9.30 12.07 12.36 8.71 8.33 7.61 6.62 8.93 13.25 17.69 17.96 19.09 21.19 25.98 28.71 30.12 30.02 30.03 28.49 23.49 24.21 25.87 28.96 29.68 28.59 26.13 16.72 15.97 16.33 18.59 20.82 20.93 18.82 17.42 16.28 16.51 19.42 21.21 22.28 21.76 21.27 22.64 25.01 25.53 25.91 23.97 22.42 22.43 21.36 20.15 20.38 19.75 17.85 17.59 16.88 18.35 17.37 11.90 9.54
6.02 10.47 7.42 6.27 6.45 8.09 11.71 13.25 13.61 13.42 14.03 12.69 11.22 11.64 11.04 8.44 4.62 4.63 5.51 5.91 8.68 12.73 13.06 12.82 9.27 7.67 6.00 6.46 9.59 12.80 15.41 16.84 18.30 20.36 25.52 28.56 28.85 28.73 28.21 27.65 28.48 30.40 30.19 32.72 29.67 26.86 22.40 17.63 15.29 16.21 18.96 23.47 23.86 19.95 18.40 17.81 17.45 20.45 24.86 27.55 26.81 26.08 26.47 26.82 26.96 26.44 25.02 23.40 21.73 20.67 20.54 20.53 20.28 18.12 17.69 16.92 16.38 16.78 17.39 11.02
5.93 12.00 11.67 11.82 12.79 12.40 12.57 13.53 12.79 13.92 12.58 8.30 11.06 10.00 5.88 5.41 6.15 5.71 7.06 7.91 9.15 12.41 12.40 10.50 7.82 6.35 4.62 6.46 9.17 10.15 12.63 14.11 15.01 19.59 25.40 28.17 27.00 25.90 26.58 22.87 25.53 25.67 24.33 30.89 30.26 28.76 23.44 25.35 16.08 16.46 19.61 24.86 29.71 28.53 25.97 25.60 25.31 26.28 22.95 22.86 24.35 26.15 25.66 23.79 23.90 23.90 23.09 22.13 21.44 21.90 21.39 20.83 20.34 20.28 18.15 17.19 18.21 15.63 17.52 12.45
11.42 7.88 12.26 11.07 8.21 12.72 12.45 8.37 8.44 12.85 12.51 8.34 7.67 6.88 8.92 10.53 10.94 11.02 10.25 9.30 9.00 13.21 12.03 8.14 7.73 6.36 5.39 6.31 6.34 8.93 11.81 12.05 11.82 18.53 25.22 27.74 26.06 26.45 26.61 25.13 24.54 26.11 23.98 24.99 30.85 26.70 31.86 23.87 20.42 19.74 23.35 27.05 23.52 31.35 34.43 32.57 29.27 26.40 24.33 22.06 19.40 19.42 20.56 24.74 27.51 25.90 25.08 24.44 23.20 22.21 21.72 21.20 20.87 18.63 18.51 17.65 17.07 17.00 17.48 17.34
6.80 10.46 10.63 8.22 8.95 6.66 6.76 8.29 8.54 8.60 8.17 8.06 7.66 10.24 12.60 12.29 11.57 10.80 10.00 9.06 8.81 12.45 12.20 11.99 10.02 7.93 6.82 5.83 7.66 9.20 12.74 11.02 12.00 18.45 23.20 27.15 25.88 26.22 26.96 24.43 27.51 26.97 25.49 21.58 22.22 25.27 26.46 25.20 22.63 19.27 21.64 22.04 20.96 23.51 27.12 31.83 24.81 21.90 24.81 23.67 19.49 17.88 18.49 20.41 26.52 27.27 25.86 25.33 23.82 22.69 22.15 21.64 19.10 18.94 18.63 18.15 17.40 16.54 17.21 17.77
7.00 7.39 7.99 8.73 6.60 6.77 8.50 8.67 8.66 8.49 8.14 8.23 8.05 12.41 12.59 11.67 11.08 10.55 9.89 9.12 8.31 8.27 11.99 12.20 11.37 7.15 4.74 6.91 8.01 9.88 11.93 10.27 13.32 18.51 22.97 25.22 23.59 25.50 26.40 25.07 27.08 29.05 27.64 23.51 18.58 20.22 18.80 17.53 19.62 18.85 19.13 19.91 23.61 22.61 29.42 37.80 26.18 22.34 21.30 24.97 23.41 18.62 16.67 18.41 21.33 22.45 23.89 25.59 23.80 18.87 17.60 21.58 18.35 17.80 16.54 15.89 15.51 15.00 13.54 16.85
10.88 7.64 11.96 6.42 6.67 8.61 8.79 8.97 12.50 8.66 8.62 13.88 14.24 13.26 12.43 11.43 10.71 10.03 9.48 8.98 8.46 7.90 7.80 7.08 9.58 7.03 7.54 7.82 6.55 11.35 12.38 10.87 13.89 18.42 22.91 23.64 23.69 26.37 26.34 27.19 29.24 30.37 28.55 25.15 22.87 18.57 16.79 15.19 15.62 16.10 15.07 16.60 20.32 22.19 28.77 29.20 34.35 23.34 28.02 26.04 25.14 23.06 17.84 18.46 19.86 20.59 19.82 20.15 19.22 17.03 16.04 15.43 15.98 15.31 14.68 14.26 13.90 13.61 13.53 13.33
6.75 10.77 6.20 6.46 8.92 9.45 12.66 13.18 13.04 12.37 14.42 13.82 9.22 8.80 8.14 7.36 6.60 9.65 9.14 8.64 10.91 8.07 8.40 12.44 6.41 7.24 4.47 7.35 9.78 13.33 14.65 11.27 12.68 18.01 23.15 23.00 23.99 26.04 28.64 29.83 30.50 31.03 29.30 26.35 23.92 18.77 17.77 15.61 14.95 14.36 12.77 12.13 15.33 16.36 22.72 30.78 34.93 28.07 22.53 22.39 21.76 19.39 17.95 18.67 19.34 19.43 19.96 19.91 18.50 16.81 15.87 15.65 15.53 15.31 14.88 14.44 19.48 18.24 13.37 13.07
6.33 10.97 8.65 9.26 12.91 13.13 12.75 12.81 13.09 13.37 13.83 9.92 9.73 9.27 12.76 11.48 6.97 9.98 9.38 8.43 5.78 6.09 9.93 12.00 6.91 6.27 8.41 9.91 9.51 13.13 14.93 9.90 11.46 17.23 17.76 22.07 21.21 25.97 28.91 29.74 28.86 31.49 31.74 28.48 20.46 19.21 18.33 16.05 15.35 14.70 13.53 11.93 12.63 15.46 20.95 29.26 29.88 24.67 21.98 21.89 21.36 18.99 18.52 18.99 18.74 18.26 18.72 19.10 18.37 17.38 16.51 15.46 14.85 14.90 14.93 14.69 14.38 13.95 13.49 13.18
6.33 8.34 8.61 12.30 8.90 9.72 9.40 12.75 13.79 13.89 10.27 10.57 10.17 9.71 12.60 11.65 7.27 10.17 6.09 6.01 9.90 12.36 12.19 9.78 8.76 8.98 9.89 8.87 8.53 13.15 15.35 9.82 11.73 16.48 22.79 15.15 17.93 19.19 24.66 27.92 27.98 29.67 33.01 31.36 22.92 20.57 17.39 16.29 15.22 14.77 14.51 13.50 13.18 15.72 21.21 25.56 25.55 22.59 21.08 20.94 20.40 19.55 19.22 19.21 19.14 18.31 17.45 17.79 17.92 17.53 17.17 15.97 14.72 14.42 14.60 14.61 14.41 14.00 13.63 13.38
7.49 4.99 8.49 9.37 6.73 9.52 8.74 12.97 9.64 9.81 10.09 10.65 10.17 9.66 12.17 8.28 7.40 6.61 5.54 13.03 12.28 12.85 12.62 9.32 8.35 9.52 7.89 6.99 8.71 14.01 14.70 10.51 11.60 16.44 21.17 22.68 17.05 19.60 24.43 24.78 25.62 25.90 30.13 33.77 30.86 23.67 21.24 17.88 15.19 14.01 14.22 14.54 14.93 16.64 20.36 22.16 22.14 21.69 20.32 19.32 19.30 19.45 19.57 19.54 19.86 19.51 17.69 17.24 17.59 17.43 17.27 16.62 15.39 14.61 14.59 14.61 14.32 13.93 13.75 13.49
4.85 5.02 8.82 5.88 6.47 6.71 9.18 9.45 7.19 7.35 7.55 10.47 7.85 7.53 8.90 8.22 7.33 9.51 12.20 13.22 12.72 13.19 12.30 7.17 8.55 9.38 6.95 7.49 11.37 15.09 12.93 9.07 9.39 12.83 22.59 21.16 16.94 21.29 25.55 24.33 25.73 25.56 27.94 29.79 33.04 26.03 24.33 22.85 17.81 14.49 13.63 14.09 15.74 17.82 19.73 20.17 20.70 21.61 20.33 18.44 18.31 18.58 18.87 19.17 19.45 19.58 18.64 17.76 17.71 17.58 17.20 16.85 16.07 15.22 15.00 14.88 14.43 14.05 13.94 18.26
5.09 5.34 5.61 5.93 6.34 8.30 10.10 7.27 7.44 7.57 10.14 10.43 7.64 7.21 10.56 7.57 6.21 6.22 6.18 8.33 13.12 13.35 7.09 7.63 8.89 7.90 8.06 8.20 13.89 13.64 9.71 8.88 9.47 12.00 23.82 21.09 19.16 21.27 25.61 23.50 27.76 28.35 27.13 26.54 29.19 31.88 30.74 26.28 24.70 20.56 15.91 14.21 18.18 18.27 19.04 18.96 20.02 21.01 20.20 18.57 18.11 18.26 18.44 18.64 18.57 18.56 18.08 17.52 17.56 17.50 17.13 16.85 16.19 15.56 15.35 14.98 16.89 17.77 18.12 18.75
5.19 5.56 5.99 6.30 6.56 10.11 7.25 7.46 7.65 10.69 10.27 7.88 9.72 6.82 6.47 6.49 6.34 6.93 6.75 6.79 13.48 8.29 7.68 8.03 10.01 7.18 8.56 10.08 13.59 11.06 8.39 9.78 11.73 13.57 19.27 21.55 20.67 20.80 21.79 21.37 24.20 26.95 26.63 24.76 24.23 26.52 27.05 25.77 31.00 25.69 23.21 17.73 16.84 18.70 18.99 18.69 19.75 20.33 19.39 18.11 17.79 18.22 18.59 18.57 18.47 18.50 21.16 17.12 17.11 16.97 16.81 16.85 16.08 15.54 17.38 21.50 21.28 21.17 18.55 18.09
5.25 5.68 6.17 6.50 9.90 6.88 7.14 7.46 10.76 9.81 7.74 7.64 7.13 6.89 7.03 6.67 7.26 8.66 7.13 7.23 11.95 11.81 11.01 11.62 7.38 7.50 8.13 10.76 10.06 8.27 9.34 11.83 12.74 14.05 17.46 20.42 22.60 20.11 20.79 21.56 22.87 24.48 24.55 25.89 23.55 23.41 23.83 24.77 25.71 24.82 23.60 28.71 21.84 20.24 20.80 20.92 21.22 21.43 19.94 18.38 18.06 18.38 18.53 20.76 21.66 18.52 18.33 17.79 17.23 16.73 16.63 16.83 18.71 18.62 22.41 22.00 19.01 21.22 20.87 20.38
5.29 5.66 6.03 6.37 6.68 6.94 7.15 7.40 7.58 7.54 7.56 7.86 7.92 7.10 7.08 7.04 13.15 8.91 9.06 9.71 9.23 14.12 12.86 7.83 7.36 7.77 8.46 8.61 8.19 9.47 12.28 13.48 12.66 14.81 17.58 19.46 20.36 20.02 19.91 21.40 22.53 24.28 24.03 26.01 26.16 24.70 24.84 24.64 24.50 23.55 22.44 21.13 20.44 20.39 21.63 22.92 24.19 25.09 24.34 22.73 22.05 21.60 21.24 21.03 17.95 17.74 18.13 18.44 17.83 17.15 18.65 20.34 23.41 22.86 19.85 22.27 21.76 20.87 18.20 17.57
5.40 5.68 5.91 6.17 6.50 6.85 6.97 6.85 6.87 7.12 7.73 7.82 7.65 7.83 8.88 13.97 9.11 9.31 7.58 10.04 9.41 14.04 14.51 10.98 8.05 8.03 8.17 8.12 8.69 10.95 13.72 12.95 11.06 15.22 18.61 18.32 19.56 19.60 19.19 20.03 21.94 23.82 22.88 22.36 25.48 24.63 25.21 24.32 24.23 23.06 21.60 20.57 19.30 18.45 19.88 22.02 21.53 23.39 26.40 28.52 23.85 23.46 23.01 21.92 21.00 19.43 17.88 19.38 20.14 21.05 24.68 24.19 23.65 20.11 22.80 22.19 21.13 20.69 20.61 17.90
5.60 5.83 6.01 6.09 6.12 6.24 6.37 6.44 6.84 7.06 7.76 8.36 8.03 8.01 10.79 14.05 9.69 7.86 10.21 14.76 15.14 14.77 14.60 13.40 8.57 8.41 8.44 8.25 9.43 11.45 12.90 10.98 11.00 16.98 18.86 18.03 18.19 19.28 18.74 19.28 21.30 24.08 23.03 21.20 22.62 22.58 22.28 23.56 24.38 22.82 21.25 20.24 18.62 18.41 17.79 20.54 17.82 22.67 23.70 23.32 20.93 21.72 28.70 27.77 25.92 21.13 20.32 22.36 21.27 26.21 25.40 24.52 23.99 23.69 23.21 22.12 21.00 17.83 20.55 20.10
5.95 6.23 6.43 6.44 6.19 6.10 6.45 7.23 7.34 8.02 9.32 9.72 8.00 7.06 15.37 10.64 10.33 10.46 10.75 15.00 10.58 10.42 14.67 13.57 10.83 10.34 8.69 8.83 11.10 12.12 12.36 13.37 14.15 16.48 18.01 17.65 16.60 18.14 18.05 17.91 20.58 23.83 26.75 22.31 21.69 22.26 21.43 20.40 20.72 24.41 22.65 19.98 18.23 16.56 16.45 18.99 21.95 21.69 21.55 22.59 20.08 19.24 21.11 23.11 23.97 24.01 22.01 20.50 18.69 20.80 23.75 19.89 20.82 20.61 19.61 22.25 18.65 18.58 21.40 20.87
6.22 6.51 6.73 6.92 7.01 7.25 7.91 7.59 8.00 10.65 12.08 12.33 13.88 15.96 11.28 11.06 10.79 10.94 10.59 15.05 8.35 10.05 14.55 14.61 11.62 9.13 8.51 8.81 10.51 11.11 12.43 15.66 15.74 16.56 17.63 16.46 16.04 17.25 17.05 16.37 19.42 23.28 26.70 22.82 21.72 21.78 20.42 20.61 19.50 20.08 22.74 20.24 18.43 16.99 13.08 17.60 20.51 22.34 21.97 24.14 19.67 20.12 20.26 21.61 21.88 23.33 22.42 22.01 18.62 19.19 24.12 23.34 21.08 19.72 19.21 22.93 22.25 19.13 18.84 19.30
6.24 6.40 6.59 7.09 6.48 6.76 7.43 8.25 9.82 11.16 12.50 13.85 16.27 15.24 11.34 10.85 8.54 11.49 8.68 11.44 8.68 8.84 8.99 9.09 12.90 9.08 8.62 9.34 9.70 11.17 14.61 16.66 16.38 16.50 16.48 15.87 15.54 17.33 16.13 15.05 18.48 22.16 25.38 26.74 20.75 20.30 19.52 19.59 18.85 16.71 21.01 21.25 18.59 20.72 16.66 16.71 18.85 21.58 22.47 20.83 26.01 19.74 22.33 21.02 21.12 21.92 19.49 21.45 23.51 24.72 24.54 20.11 23.16 21.46 20.84 23.20 19.61 19.71 21.89 22.15
6.56 6.85 7.30 7.15 7.07 7.11 7.59 9.33 10.93 12.25 14.43 16.33 16.91 15.28 11.72 9.06 8.97 11.96 8.90 16.02 10.95 10.93 9.30 9.40 14.01 9.25 8.75 9.71 11.53 14.84 16.70 16.92 16.51 15.67 15.94 15.82 14.85 16.40 15.73 13.62 18.23 20.28 25.00 22.04 21.75 23.80 23.91 23.22 23.67 17.48 21.91 20.59 19.18 17.98 16.77 16.22 16.91 20.35 22.91 29.53 19.72 23.04 22.28 18.86 20.46 22.09 20.63 18.30 19.60 25.79 25.06 23.93 23.04 21.54 18.68 15.43 16.51 15.98 15.13 15.17
7.07 7.50 8.06 8.44 8.57 9.88 11.36 11.94 14.82 15.05 17.46 12.46 12.25 9.53 12.46 9.41 9.33 15.82 11.63 11.90 11.01 15.46 9.37 15.38 14.94 9.28 9.72 10.07 14.00 15.64 17.11 16.82 16.40 16.21 16.02 14.99 14.85 15.77 14.99 13.97 16.32 16.01 21.27 20.41 21.88 21.26 20.62 24.54 20.22 21.17 22.98 19.04 18.20 18.06 17.92 19.40 14.95 17.98 22.51 24.13 26.71 23.20 21.01 22.53 19.33 20.06 18.78 17.26 19.21 22.85 25.80 24.77 20.91 20.58 22.34 16.80 15.91 19.94 15.22 15.02
7.14 7.38 7.67 8.93 10.70 15.31 15.80 15.73 15.58 15.58 17.81 17.52 18.00 9.76 12.81 9.63 9.56 9.46 15.98 9.36 12.17 15.63 16.25 16.17 14.46 9.42 10.33 10.52 15.66 15.53 15.38 16.59 16.93 15.76 15.86 14.30 13.97 15.17 14.77 13.53 12.82 11.74 19.99 22.37 22.39 21.42 20.59 20.32 20.44 20.15 20.16 18.58 18.22 18.07 18.36 17.21 16.88 14.60 19.86 21.72 29.47 20.04 19.28 25.16 22.89 23.54 22.74 16.52 17.82 19.59 22.96 24.75 23.95 20.11 23.29 22.07 20.21 16.05 22.08 15.12
