examples/cougarCreek-fire/createInputs/farsite/7a-cougarCreek-polygonIgnit/cougarCreekFire_08-13-2015_0000_217m_non_neutral_stability_vel.asc
ncols	146
nrows	140
xllcorner	610065.000000
yllcorner	5095217.000000
cellsize	216.586807
NODATA_value	-9999.000000
[rows 35 to 69 of 140, columns 0 to 79 of 146]
9.37 10.01 10.76 10.66 11.53 11.69 11.55 11.41 16.58 16.67 16.72 15.44 16.79 17.83 18.26 17.98 17.92 17.99 18.31 18.71 20.15 20.36 20.25 20.54 20.28 18.87 22.55 23.00 23.24 16.36 20.35 20.57 13.37 6.03 4.06 3.12 6.42 8.73 9.55 11.09 4.49 5.37 5.99 6.59 6.62 6.42 6.85 5.86 3.63 6.62 6.71 7.00 7.40 4.68 6.30 7.27 9.51 10.54 11.11 11.66 11.63 13.09 13.40 13.70 13.82 11.69 12.01 9.69 9.83 10.02 10.02 12.24 11.53 10.92 10.65 10.68 8.97 8.90 8.78 8.62
9.69 10.38 11.04 11.95 11.86 16.06 16.36 11.61 16.91 16.89 16.30 15.34 15.11 17.35 17.99 18.42 19.09 20.36 21.11 20.74 19.22 18.30 18.82 17.76 16.14 14.39 16.72 19.91 23.81 15.87 20.33 18.67 16.35 12.82 10.56 8.23 5.64 4.30 4.87 6.42 7.57 6.66 6.53 6.64 6.52 6.24 5.93 5.82 6.35 3.93 5.49 5.61 6.91 6.85 7.56 8.16 7.58 8.34 9.02 9.87 10.75 11.51 12.29 12.89 14.10 14.34 12.43 12.60 12.62 14.82 13.20 12.83 12.08 11.60 9.04 8.79 8.83 8.80 8.68 8.56
9.94 10.65 11.37 12.33 12.29 12.29 12.09 16.54 11.81 15.96 15.49 15.73 15.77 17.07 16.37 16.43 16.77 16.82 16.00 15.19 15.38 16.14 16.90 16.05 15.39 14.63 15.60 16.54 13.23 12.85 23.64 22.67 17.75 18.65 21.66 21.47 19.77 17.39 14.63 13.51 12.19 10.34 8.72 7.10 6.47 6.44 6.38 6.02 8.46 6.74 5.42 5.58 5.93 5.96 6.53 7.32 7.84 8.01 8.12 8.35 8.68 8.87 8.99 9.17 9.40 9.63 9.61 9.42 9.15 8.99 9.74 12.10 14.28 10.63 9.98 9.30 9.01 8.85 8.68 8.54
10.22 11.08 11.86 12.73 12.67 12.56 13.67 11.81 15.75 15.30 15.90 16.17 16.56 15.92 15.72 16.11 16.40 16.05 15.91 16.70 16.88 16.05 15.88 16.43 15.00 14.06 16.24 16.69 12.28 17.56 22.31 19.13 12.59 12.36 16.98 20.62 18.36 16.69 15.13 12.65 11.49 11.49 12.22 10.85 8.48 8.12 7.79 7.20 6.30 5.91 8.38 6.83 6.49 6.93 7.29 7.70 7.99 8.15 8.41 8.78 8.03 8.27 8.42 8.59 8.73 9.01 8.96 8.56 8.42 8.57 8.90 9.34 9.56 9.85 11.50 12.92 9.84 9.30 8.87 8.55
10.86 11.65 12.21 12.94 12.87 12.77 13.63 11.91 16.10 16.44 16.69 16.73 15.57 16.82 16.78 17.00 16.96 16.37 15.84 16.09 15.92 15.66 16.79 17.66 15.53 15.84 17.16 17.56 13.16 17.73 22.16 17.77 7.91 8.25 6.91 8.20 8.84 9.34 9.55 9.86 9.57 8.05 8.70 8.29 9.86 9.71 9.76 10.65 10.52 7.30 6.63 10.76 10.42 10.53 7.91 7.54 7.72 7.60 7.91 8.13 8.25 7.72 8.01 8.57 8.88 9.39 9.21 8.95 9.02 9.32 9.51 9.67 9.88 8.41 8.58 8.31 8.48 10.09 9.58 8.97
11.60 12.01 12.45 13.03 12.95 12.78 13.43 12.12 12.42 16.82 17.19 17.40 17.43 18.36 17.29 17.11 16.64 15.48 14.80 15.35 16.01 16.93 18.32 17.29 13.80 15.78 17.17 17.38 17.00 22.17 19.49 16.50 5.35 2.12 5.30 7.08 6.88 3.17 4.04 5.57 7.26 7.66 7.44 7.31 7.47 6.21 6.37 7.20 7.88 8.85 9.18 10.04 8.71 7.86 7.98 8.19 8.27 8.06 8.28 8.49 9.75 8.39 8.93 9.24 9.34 9.38 9.21 8.85 8.68 8.75 8.70 8.69 8.83 8.98 8.95 8.93 9.30 9.74 7.02 8.73
12.15 12.35 12.57 13.14 13.22 14.17 12.31 12.56 12.83 17.19 17.75 17.91 17.49 17.35 16.35 16.43 15.78 14.41 15.61 16.88 18.11 19.03 18.97 13.47 13.13 15.64 17.36 17.64 17.46 18.78 12.25 14.38 6.46 4.21 5.22 0.38 8.03 6.97 3.32 6.78 5.53 5.71 6.98 6.76 6.29 5.54 5.78 6.16 6.34 6.64 6.98 7.02 7.34 8.12 8.88 9.24 9.66 9.74 9.44 10.05 9.12 8.92 9.19 9.38 9.41 9.38 9.28 8.94 8.62 8.52 8.28 8.09 8.17 8.31 8.22 7.94 7.82 8.14 8.70 9.54
12.46 12.59 12.60 12.80 14.03 12.90 12.80 12.71 13.31 13.21 13.52 18.12 17.32 16.71 16.12 15.71 15.33 16.10 17.42 18.02 19.46 19.45 15.37 11.62 14.84 16.83 18.14 17.18 15.21 14.30 10.25 6.84 5.43 3.29 1.08 0.88 1.55 3.05 4.54 6.36 7.16 6.40 7.24 7.77 8.44 9.37 7.96 5.22 5.18 5.80 6.45 6.72 7.23 7.88 8.26 8.54 8.76 8.83 9.06 9.34 9.20 9.17 9.54 9.84 9.80 9.61 9.44 9.10 8.68 8.50 8.29 7.92 7.89 8.04 7.97 7.53 6.83 6.70 7.08 7.98
12.70 12.87 12.88 13.26 14.54 12.72 13.43 13.82 13.75 13.96 18.59 17.69 15.59 15.40 14.49 14.58 16.11 16.75 17.74 18.73 19.33 15.75 12.22 11.84 16.06 17.84 17.85 14.56 14.44 14.07 9.51 3.96 3.16 3.96 3.65 3.04 2.48 3.83 5.80 7.07 7.84 8.27 9.17 9.07 5.55 5.18 4.78 4.59 7.87 5.94 6.09 6.50 6.90 7.52 7.94 8.26 8.55 8.75 12.03 9.33 9.18 9.21 9.79 10.42 10.61 10.34 9.94 9.77 9.51 9.23 9.03 8.60 8.39 8.45 8.46 7.94 6.56 5.59 5.66 6.68
13.16 13.35 13.53 13.95 14.11 13.63 14.00 14.14 14.37 18.04 16.62 14.00 13.78 15.72 15.10 15.88 15.57 15.55 16.94 18.21 17.55 13.56 12.41 13.75 16.53 17.69 14.67 13.01 14.46 14.17 8.97 4.62 4.19 8.01 9.43 8.15 6.71 6.78 8.49 8.87 8.10 8.39 5.71 5.48 5.55 5.07 5.22 3.62 3.32 5.34 6.59 6.91 7.13 7.46 7.87 8.24 8.73 9.18 9.61 9.70 9.35 9.49 11.04 11.76 12.36 12.48 12.28 12.64 12.97 12.78 12.44 12.13 11.90 11.82 11.83 9.49 8.07 5.51 3.97 4.88
13.62 14.06 14.33 14.32 14.33 14.25 14.33 14.56 15.18 15.01 12.98 13.16 15.69 17.22 17.06 16.05 13.27 16.03 17.83 18.66 18.29 15.58 14.36 13.64 16.09 15.80 13.17 13.86 15.60 14.51 8.42 5.02 3.33 10.83 9.30 11.54 11.95 11.72 11.74 10.64 11.33 7.68 7.10 6.63 6.53 6.16 3.21 0.32 1.48 4.33 7.03 9.93 7.80 7.63 7.76 8.00 8.61 9.53 10.15 10.74 10.49 10.84 13.33 14.34 15.28 16.14 15.17 15.57 16.37 16.37 15.61 13.49 13.47 13.54 13.48 13.49 12.92 9.16 4.38 2.86
14.58 15.00 13.84 14.25 14.48 14.72 15.08 15.84 15.37 12.37 12.88 15.33 16.78 17.63 16.75 15.31 15.71 17.25 18.80 19.63 19.54 15.24 12.78 11.29 12.75 13.08 12.94 15.42 16.49 13.30 7.78 5.14 3.42 2.86 12.12 11.83 14.09 14.22 13.15 13.03 12.13 12.17 11.72 12.67 8.95 6.98 4.83 2.88 3.32 3.87 7.03 9.01 8.93 8.24 7.93 7.84 8.36 10.09 11.22 13.40 13.57 13.82 14.88 16.62 17.26 16.90 15.26 15.19 15.59 14.52 13.70 14.29 14.35 10.38 13.41 13.14 10.75 13.10 7.13 2.35
15.62 12.86 13.45 14.45 14.74 15.15 13.19 14.39 14.76 12.74 15.43 16.69 17.47 17.93 17.91 18.53 14.02 18.33 19.66 19.69 18.45 12.26 10.05 9.62 11.56 12.47 14.69 16.74 15.58 12.45 8.78 6.40 4.09 2.10 11.30 12.88 13.04 12.23 11.70 11.40 15.95 12.46 13.32 13.39 9.71 8.80 8.80 7.51 6.10 5.36 7.49 10.23 10.88 9.85 9.38 9.01 8.92 11.78 14.80 16.35 15.95 16.22 16.99 16.81 16.79 16.84 15.84 15.04 14.24 13.93 14.22 14.80 15.07 13.16 10.32 12.75 13.09 10.85 12.62 5.74
16.14 14.69 15.02 15.59 14.29 14.11 12.52 14.94 16.39 15.70 16.70 14.95 18.10 18.70 14.98 15.26 20.20 19.61 20.18 19.25 16.19 10.71 9.14 10.98 13.10 15.13 17.02 17.40 14.47 14.09 11.44 8.98 7.61 2.74 10.62 10.50 10.22 9.27 8.48 6.52 5.71 8.26 8.96 13.46 12.49 11.63 11.53 11.57 7.75 6.49 8.18 11.82 14.77 14.37 13.59 13.59 13.89 14.98 12.36 12.45 13.90 15.90 15.87 14.37 14.40 14.52 14.25 13.95 14.02 15.11 15.31 12.92 15.13 15.34 10.47 12.43 13.86 12.13 13.67 8.84
15.39 15.90 14.93 13.04 13.64 13.96 15.37 15.03 15.36 17.30 17.55 15.54 15.66 15.95 21.07 20.64 19.18 18.42 16.15 16.71 15.79 10.34 10.22 13.86 14.11 15.93 17.21 16.28 16.90 15.84 12.45 10.54 10.54 3.90 4.55 8.93 7.62 8.65 7.37 5.43 5.26 7.98 8.76 10.59 14.63 13.28 14.74 10.45 8.53 7.67 10.63 13.52 11.11 16.66 18.89 17.34 15.29 14.13 13.35 12.20 10.32 10.56 11.46 15.02 17.17 15.95 15.81 15.87 15.56 15.62 13.12 13.02 15.57 13.41 10.60 12.46 12.55 13.18 13.99 11.87
15.77 14.44 13.35 13.55 14.18 14.42 14.81 15.97 15.91 15.82 15.97 16.47 16.72 20.81 19.98 16.92 16.89 15.14 14.61 16.28 15.65 12.25 11.79 11.60 11.80 12.89 13.07 14.99 15.44 15.76 11.35 11.36 10.69 3.94 3.33 7.25 7.48 7.91 7.00 6.09 7.53 8.36 8.85 8.17 8.90 10.43 10.95 10.13 8.80 6.99 10.09 10.85 9.81 10.67 13.08 16.63 11.93 10.66 13.60 13.48 10.80 10.03 10.18 11.10 16.31 16.88 16.60 16.68 13.24 13.20 16.05 13.21 14.06 14.07 13.66 12.98 12.67 12.49 9.88 12.23
16.24 15.28 13.88 14.91 14.88 15.33 16.38 16.43 16.48 16.57 17.01 17.78 17.96 20.93 16.44 15.15 15.58 14.68 15.41 16.71 14.89 13.57 12.42 9.42 10.61 12.53 15.51 14.13 16.61 14.81 11.22 12.00 9.54 3.92 3.68 7.26 7.46 6.71 6.54 6.64 8.15 9.63 9.31 8.57 7.33 8.17 8.00 7.60 8.17 8.42 9.06 9.28 10.15 9.67 12.09 19.70 12.79 11.03 10.84 14.48 13.84 10.97 9.69 10.07 11.85 13.21 15.14 16.85 15.58 12.58 12.11 15.91 13.17 12.72 11.84 11.34 10.99 10.72 9.44 11.45
16.17 15.20 14.96 15.41 15.79 16.79 16.98 17.13 19.14 17.49 18.44 20.90 17.28 16.31 14.64 14.14 14.51 14.99 16.08 16.18 14.77 14.95 14.46 13.98 11.19 12.70 13.27 16.21 19.37 13.15 10.59 10.94 8.20 3.88 5.07 7.21 6.94 6.22 6.66 7.94 9.86 10.56 9.55 9.12 9.41 7.51 7.25 7.15 7.82 8.40 8.53 8.97 9.86 10.28 12.14 9.64 16.56 11.54 15.74 15.30 14.97 14.17 10.93 10.98 11.34 11.96 11.61 12.29 11.97 10.93 10.65 10.54 11.16 10.56 10.12 9.79 9.44 9.16 8.97 8.54
15.77 14.75 16.06 16.28 17.44 17.09 18.25 18.62 19.27 21.20 20.77 16.53 16.54 15.31 15.19 15.23 15.00 16.02 16.66 16.03 15.52 15.01 14.46 9.36 15.44 14.07 20.08 17.24 14.29 10.71 7.77 9.19 8.53 3.92 5.57 7.35 7.57 8.31 10.32 11.80 11.94 11.89 10.05 8.84 9.76 8.32 8.18 7.54 8.05 8.46 8.75 9.23 10.18 9.91 11.42 12.69 17.31 14.40 11.94 12.61 12.48 11.35 10.54 11.22 11.56 11.55 11.92 12.14 11.46 10.70 10.37 10.58 10.62 10.47 10.14 9.77 14.37 13.01 8.63 8.19
16.27 15.15 17.41 17.64 16.76 15.93 17.90 19.91 20.67 21.87 17.58 16.65 14.85 14.82 16.94 16.33 15.65 18.48 18.42 17.02 16.06 15.78 13.76 11.49 14.53 16.58 15.59 13.21 12.99 10.50 6.56 9.81 9.49 4.62 8.74 7.02 5.12 7.10 10.51 10.68 11.08 13.29 12.34 8.36 8.00 8.64 8.69 7.77 8.21 8.65 8.96 9.26 9.91 10.83 11.08 13.43 14.44 12.75 11.90 12.34 12.31 11.02 11.06 11.56 11.53 11.26 11.48 11.81 11.45 11.07 10.71 10.20 9.91 10.03 9.99 9.69 9.33 8.89 8.42 8.06
17.53 16.27 16.87 16.74 15.60 15.05 17.82 21.76 19.28 18.40 17.44 14.79 14.44 15.20 17.50 17.28 16.45 18.67 17.16 16.97 15.17 13.71 12.86 13.11 15.24 14.60 13.13 13.30 14.53 11.22 6.77 10.68 9.86 5.67 3.54 9.58 1.97 0.91 3.96 7.01 8.68 10.81 13.63 11.91 8.91 8.51 7.47 7.20 7.21 7.64 8.14 8.55 9.09 9.86 10.96 11.92 12.37 11.41 11.12 11.30 11.14 10.81 10.88 11.11 11.23 10.83 10.35 10.60 10.68 10.60 10.49 9.73 8.91 8.92 9.10 8.96 8.68 8.23 7.83 7.55
17.96 17.69 16.19 16.39 15.83 16.59 20.28 20.88 18.89 16.41 13.93 14.02 14.94 14.87 17.16 16.81 16.54 17.17 17.86 14.10 14.05 12.72 11.89 13.49 15.05 14.15 14.67 15.81 15.91 10.51 7.57 10.59 10.13 6.18 3.30 5.23 1.57 0.78 3.86 4.45 5.90 6.79 10.46 13.73 12.56 9.47 8.82 7.24 6.48 6.56 7.10 7.75 8.47 9.14 10.02 10.47 10.50 10.52 10.40 10.31 10.22 10.24 10.45 10.60 10.91 10.77 9.89 9.76 9.98 9.93 9.89 9.48 8.57 8.22 8.35 8.28 7.96 7.54 7.27 7.00
19.36 17.70 15.83 16.05 15.66 17.38 22.58 19.47 17.11 13.91 13.04 15.70 15.84 14.27 15.42 16.55 16.82 21.16 14.84 12.33 13.38 12.02 11.98 14.27 15.25 14.06 15.74 17.12 14.61 9.45 9.66 12.49 12.89 10.34 5.84 6.70 1.80 0.90 5.31 3.63 4.56 5.46 7.81 10.02 13.09 9.62 9.52 8.82 6.77 6.06 6.23 6.67 7.58 8.46 9.04 9.14 9.30 9.67 9.62 9.44 9.36 9.36 9.60 9.85 10.07 10.13 9.70 9.38 9.42 9.32 9.10 8.92 8.34 7.85 7.77 7.61 7.23 6.91 6.71 9.52
19.21 17.49 15.91 15.96 16.88 22.71 20.71 18.37 14.44 13.03 16.10 16.85 14.81 13.47 19.05 17.76 19.13 20.04 19.26 15.17 13.46 12.58 14.77 15.27 15.63 14.98 15.17 18.03 12.65 9.96 13.05 14.31 13.89 11.93 5.01 7.75 2.06 1.81 4.50 2.39 5.18 6.84 6.86 6.96 9.42 12.30 12.59 9.07 8.35 7.22 6.07 5.85 8.80 7.56 8.02 8.09 8.35 8.71 8.75 8.71 8.67 8.57 8.78 9.01 9.05 9.05 8.88 8.73 8.74 8.63 8.32 8.15 7.76 7.38 7.22 6.93 8.28 8.88 9.02 9.20
19.23 17.11 15.97 17.30 19.50 22.67 19.78 15.14 13.34 15.14 16.97 14.97 15.82 14.30 16.14 17.93 23.21 22.89 19.71 17.04 13.93 15.36 16.12 16.09 14.57 15.25 16.41 16.91 12.21 12.84 15.91 15.08 12.57 10.65 4.83 6.47 4.94 2.47 2.73 0.32 1.72 4.88 5.91 5.13 5.32 8.15 8.63 7.45 11.47 7.91 7.24 5.83 5.89 6.64 7.08 7.23 7.53 7.80 7.82 7.88 7.94 7.91 8.10 8.23 8.28 8.32 10.70 7.98 7.98 7.80 7.53 7.45 7.08 6.77 8.13 11.60 11.90 11.58 8.81 8.12
19.23 16.87 16.70 19.12 21.08 20.24 16.11 13.15 15.24 16.74 14.33 14.19 14.81 17.20 19.60 24.25 30.28 22.08 19.18 17.10 14.44 14.66 15.12 14.07 15.25 16.24 17.93 15.44 14.83 16.69 16.91 14.12 12.36 10.58 6.28 5.15 4.72 3.18 1.26 0.51 0.42 2.41 3.47 5.77 4.50 5.07 5.98 8.37 9.43 6.50 6.01 10.73 6.97 5.90 6.24 6.50 6.79 7.04 6.99 7.02 7.17 7.25 7.40 9.54 10.30 7.62 7.61 7.50 7.37 7.08 6.79 6.77 8.52 8.70 12.23 11.55 8.93 10.84 10.77 10.28
18.57 16.50 17.31 19.43 18.57 17.44 14.37 13.04 13.94 14.22 14.82 16.61 19.25 23.88 25.46 27.52 20.87 20.80 16.87 15.26 16.11 13.67 14.73 16.08 16.45 16.85 16.53 17.06 17.61 17.41 15.08 12.91 12.69 10.37 6.78 4.75 5.02 3.49 1.70 0.80 0.80 1.81 2.45 5.14 6.23 6.43 7.27 8.02 8.67 5.40 4.89 4.89 5.01 5.11 5.37 5.73 6.48 7.40 7.72 7.65 7.82 7.99 8.34 8.71 6.61 6.72 6.89 6.94 6.78 6.49 7.80 9.10 11.90 11.69 9.03 11.00 10.84 10.39 8.09 7.79
17.16 16.23 17.34 18.11 16.44 15.68 13.75 12.94 14.10 15.56 18.10 23.76 25.47 26.31 30.73 27.40 24.03 19.25 18.09 15.43 16.51 14.46 13.30 15.54 16.58 16.80 18.21 18.32 18.38 16.86 14.14 13.47 14.39 11.22 6.57 5.10 3.75 3.55 2.39 2.07 1.14 1.10 1.23 1.85 5.06 5.84 6.84 5.98 6.46 4.49 3.80 3.98 4.14 8.81 4.52 4.89 3.97 5.36 10.73 12.25 7.59 7.43 7.66 7.57 7.63 7.38 6.06 7.07 7.67 8.53 11.48 11.41 11.16 8.30 10.69 10.44 10.10 9.88 9.53 7.34
15.57 15.71 16.57 16.45 15.10 14.20 13.33 13.97 16.81 22.84 25.33 26.26 26.35 30.38 31.74 22.66 22.07 19.15 15.49 12.56 13.67 13.68 12.80 13.96 16.48 16.76 18.14 18.99 18.74 16.79 15.29 15.69 15.83 10.07 6.72 5.32 4.48 3.29 3.09 2.98 2.03 1.29 1.04 1.61 1.79 2.71 3.38 6.56 7.59 3.55 2.85 3.10 3.24 8.53 3.65 3.99 4.33 4.46 8.66 9.74 4.82 5.13 11.53 10.96 10.21 7.24 7.22 10.68 10.05 11.90 10.96 10.88 10.85 10.61 10.25 9.57 9.47 6.79 9.01 8.59
14.65 15.21 15.95 15.75 14.62 13.98 15.19 18.84 25.60 27.47 29.96 30.17 31.38 33.36 24.11 24.83 19.93 15.60 14.51 12.79 15.48 14.99 13.19 14.11 15.96 16.23 17.87 19.23 17.89 16.49 16.17 15.18 13.41 9.84 7.09 5.79 6.00 4.43 4.08 4.39 2.88 1.45 2.61 1.08 1.93 1.83 2.46 1.32 1.59 7.56 3.00 2.24 2.34 2.47 2.74 3.05 3.34 3.30 3.62 7.96 3.92 3.23 4.40 8.11 9.69 10.23 9.42 8.80 4.76 8.45 9.10 6.60 9.19 9.17 6.68 8.88 6.41 6.65 8.50 7.68
14.19 14.85 15.86 16.07 15.98 17.40 20.89 27.55 28.59 29.91 28.26 29.14 29.65 23.64 25.03 22.20 17.44 13.72 14.91 12.42 16.45 15.51 14.50 13.56 15.07 15.59 16.69 19.68 18.79 18.03 17.12 13.57 12.12 9.73 7.37 6.85 6.92 5.76 5.39 6.50 4.28 1.45 1.63 0.77 0.94 1.09 2.08 2.70 0.58 1.07 2.27 1.51 1.65 1.76 4.69 2.21 2.45 2.70 2.84 8.86 3.08 3.41 3.56 7.44 7.31 9.06 8.89 8.88 6.86 7.99 9.38 9.29 8.73 8.23 5.73 8.33 7.71 5.19 4.75 4.75
13.10 13.95 15.81 17.58 22.95 25.35 28.07 31.69 30.36 29.40 28.46 27.65 25.00 21.37 22.29 20.13 16.95 12.67 16.69 15.47 16.65 17.25 17.79 16.64 15.18 16.00 17.21 18.53 20.85 19.59 16.91 12.41 11.11 9.73 8.29 7.58 8.96 6.37 6.56 8.98 5.48 2.69 2.17 1.94 3.44 2.47 1.63 0.92 0.24 5.16 0.94 1.50 1.24 7.06 1.35 1.47 1.65 1.91 2.07 2.06 9.16 2.59 8.19 7.89 8.02 7.77 4.79 8.73 9.10 9.63 9.03 5.35 9.04 8.57 8.37 8.40 4.49 4.63 6.72 6.62
13.06 14.45 17.74 24.46 27.21 28.44 31.65 30.96 29.83 29.13 27.11 24.78 22.34 20.28 21.84 21.48 16.59 13.14 17.24 13.83 16.56 17.67 18.01 16.65 14.56 16.14 17.65 19.63 21.11 18.03 14.49 11.84 10.53 10.21 9.31 8.62 10.50 7.69 7.67 10.43 6.04 4.60 2.75 5.41 4.17 0.98 3.45 4.17 4.86 4.71 6.15 0.68 1.15 1.05 4.90 0.99 1.06 1.25 1.42 8.24 1.50 6.12 6.11 2.08 7.43 8.00 7.65 2.57 2.67 9.04 8.46 8.55 8.49 7.86 7.14 6.59 1.54 1.42 1.38 1.47
14.51 16.39 20.35 27.07 28.79 27.88 26.32 25.27 24.99 25.96 22.32 23.42 23.12 24.26 21.68 21.28 16.54 12.01 16.35 16.21 17.40 15.93 17.76 13.02 13.80 15.63 17.08 20.91 20.84 16.35 13.67 11.20 10.36 11.03 10.90 10.23 11.15 8.96 9.07 10.91 8.10 9.47 6.81 7.55 5.61 4.27 3.08 3.51 1.15 4.22 5.46 1.92 1.60 1.44 1.30 6.32 1.09 0.99 1.07 7.01 6.77 5.46 3.25 7.53 3.11 3.65 3.66 1.84 2.00 7.12 8.00 7.72 4.70 4.60 7.58 6.79 6.81 6.64 1.20 1.37
15.07 16.78 21.04 27.42 26.61 22.93 22.07 22.20 23.19 24.61 20.77 19.02 19.82 23.62 20.91 20.69 15.83 15.74 15.06 18.32 16.89 15.50 14.04 13.62 14.23 15.86 18.34 22.02 19.47 15.65 15.71 12.21 10.50 11.49 11.81 12.77 12.82 10.18 9.94 11.61 12.15 13.19 6.41 6.95 5.85 4.58 3.59 2.81 2.13 1.47 1.17 2.64 2.34 2.22 2.06 1.86 6.14 1.34 1.15 2.06 6.60 0.75 0.78 7.25 6.59 6.67 6.76 1.15 1.27 1.29 6.78 7.25 7.15 3.62 6.81 7.19 7.09 1.27 4.65 1.77
