examples/cougarCreek-fire/createInputs/farsite/7a-cougarCreek-polygonIgnit/cougarCreekFire_08-12-2015_2300_217m_non_neutral_stability_vel.asc
ncols	146
nrows	140
xllcorner	610065.000000
yllcorner	5095217.000000
cellsize	216.586807
NODATA_value	-9999.000000
[rows 0 to 34 of 140, columns 0 to 78 of 146]
10.71 10.60 10.68 10.79 10.62 10.54 10.53 10.54 10.67 12.96 10.88 11.08 11.29 11.28 11.33 11.45 11.35 11.19 11.11 11.06 11.19 13.17 12.25 12.59 12.47 12.33 12.41 12.57 12.75 12.83 12.67 12.51 12.60 12.73 12.83 13.02 13.30 8.81 12.14 13.72 11.91 12.10 13.96 11.90 12.35 12.60 14.49 14.57 14.70 14.63 14.51 14.41 14.52 14.64 14.83 14.95 14.54 14.12 14.37 14.64 14.39 14.35 14.56 14.60 14.57 14.27 14.20 14.57 14.98 15.22 14.97 14.41 14.16 14.15 14.53 14.84 14.10 13.69 13.93
10.71 10.60 10.68 10.79 10.62 10.54 10.53 10.54 10.67 12.96 10.88 11.08 11.29 11.28 11.33 11.45 11.35 11.19 11.11 11.06 11.19 13.17 12.25 12.59 12.47 12.33 12.41 12.57 12.75 12.83 12.67 12.51 12.60 12.73 12.83 13.02 13.30 8.81 12.14 13.72 11.91 12.10 13.96 11.90 12.35 12.60 14.49 14.57 14.70 14.63 14.51 14.41 14.52 14.64 14.83 14.95 14.54 14.12 14.37 14.64 14.39 14.35 14.56 14.60 14.57 14.27 14.20 14.57 14.98 15.22 14.97 14.41 14.16 14.15 14.53 14.84 14.10 13.69 13.93
10.51 10.55 10.80 10.85 10.66 10.68 10.72 10.75 10.85 10.91 10.95 11.17 11.31 11.28 11.40 11.48 11.32 11.23 11.26 11.34 11.55 13.69 12.46 12.53 12.30 12.28 12.45 12.63 12.80 12.76 12.58 12.51 12.72 12.90 13.00 13.19 13.42 13.60 13.62 13.69 13.89 13.91 13.98 14.20 14.41 14.47 14.29 14.42 14.58 14.47 14.42 14.42 14.56 14.64 14.73 14.59 13.97 13.79 14.22 14.36 14.08 14.11 14.30 14.30 14.13 13.80 14.00 14.52 14.77 14.64 14.00 13.49 13.53 13.81 14.32 14.36 13.45 13.26 13.62
10.24 10.47 10.94 11.00 10.83 10.93 11.01 11.06 11.12 11.14 11.21 11.40 11.49 11.49 11.57 11.52 11.32 11.32 11.53 11.74 11.94 14.06 12.63 12.55 12.33 12.38 12.50 12.65 12.77 12.63 12.55 12.59 12.84 13.08 13.16 13.31 13.51 13.69 13.73 13.78 13.90 13.91 14.08 14.21 14.35 14.35 14.06 14.26 14.50 14.45 14.42 14.38 14.45 14.51 14.43 13.95 13.29 13.49 13.95 14.01 13.97 13.91 14.04 14.00 13.61 13.50 14.06 14.53 14.39 13.72 12.87 12.69 13.11 13.73 14.23 13.95 12.97 12.83 13.32
10.10 10.38 10.90 11.02 10.93 11.01 11.06 13.77 13.77 13.66 11.45 11.60 11.76 11.75 11.64 11.57 11.45 11.53 11.83 11.97 13.90 14.11 14.25 12.71 12.68 12.63 12.46 12.59 12.85 12.84 12.93 12.83 12.94 13.24 13.28 13.40 13.65 13.93 14.07 14.05 13.98 14.10 14.31 14.26 14.34 14.36 14.22 14.48 14.77 14.73 14.47 14.25 14.26 12.27 13.94 13.42 13.11 13.54 13.81 13.94 14.06 13.79 13.88 13.66 13.31 13.68 14.15 14.11 13.50 12.75 12.50 12.78 13.29 13.83 13.96 13.41 12.45 12.33 13.00
10.02 10.32 10.80 10.94 10.93 11.05 11.10 11.15 11.30 13.80 13.88 13.78 11.87 11.80 11.65 11.63 11.56 11.79 13.87 12.01 13.94 14.13 14.17 12.72 12.93 12.76 12.46 12.78 13.22 13.32 13.23 12.83 13.02 13.41 13.38 13.57 13.85 14.12 14.23 14.15 14.07 14.30 14.45 14.30 14.36 14.54 14.57 14.78 14.95 13.30 12.65 12.60 14.03 13.83 13.52 13.29 13.29 13.68 13.89 13.95 13.89 13.70 13.61 13.18 13.28 13.80 11.92 13.32 12.55 12.33 12.71 13.05 13.35 13.46 13.12 12.41 11.76 12.11 12.88
9.81 10.10 10.54 10.77 10.95 11.13 11.17 13.91 14.03 13.89 14.17 14.03 13.62 11.83 11.75 11.67 11.71 11.99 13.81 13.81 13.90 13.98 14.03 14.05 13.77 13.17 12.88 13.91 14.17 13.84 13.14 12.85 13.40 13.67 13.48 13.75 14.06 14.22 14.33 14.29 14.45 14.55 14.28 14.44 14.61 14.59 14.07 13.63 12.92 12.53 9.77 13.85 12.16 13.59 13.51 13.54 13.56 13.79 13.91 13.79 13.73 11.77 11.03 12.98 13.43 12.03 13.20 12.66 12.23 12.57 12.95 12.90 12.77 12.50 12.10 11.76 11.66 12.13 12.58
9.57 9.92 10.43 10.76 11.00 11.09 11.08 13.77 13.81 14.06 14.10 14.17 13.90 13.10 12.54 11.79 11.91 13.41 13.63 13.85 13.88 13.94 14.05 14.34 14.05 13.50 13.58 13.99 14.32 13.61 13.08 13.98 14.36 13.67 13.46 13.88 14.19 14.26 14.71 14.69 14.86 14.74 14.53 14.68 14.78 13.95 13.22 12.99 12.67 10.19 12.37 12.88 13.76 13.64 13.69 13.64 13.62 13.78 13.80 13.61 12.02 11.43 12.89 13.10 13.35 11.32 12.76 12.33 12.30 12.65 12.59 12.18 11.91 11.81 11.78 11.68 11.62 11.89 12.14
9.46 9.93 10.55 10.86 11.01 13.61 11.01 13.41 13.92 14.01 14.08 14.17 13.97 13.35 12.72 11.84 12.95 13.28 13.56 13.89 13.97 14.12 18.94 19.24 14.23 13.87 13.80 14.02 14.18 13.66 13.41 14.17 13.87 13.46 13.48 14.84 14.70 14.71 14.94 15.29 15.40 15.08 14.98 15.31 15.08 14.28 13.78 13.60 13.65 13.56 13.62 13.02 12.11 12.58 12.81 13.62 13.70 13.76 12.20 13.35 12.11 13.04 13.04 13.18 11.62 11.02 10.72 11.30 12.24 12.27 11.91 11.51 11.53 11.72 11.66 11.34 11.21 11.53 11.80
9.42 9.95 10.55 10.76 10.90 13.33 13.52 13.66 13.55 13.70 13.84 13.90 17.86 13.58 12.86 12.53 12.75 12.77 13.35 18.06 18.99 14.21 13.85 14.02 19.72 14.23 14.14 14.07 14.18 14.24 13.69 13.99 13.96 13.85 14.45 14.85 14.74 14.86 15.29 15.79 15.66 15.16 15.33 15.55 14.91 14.24 14.26 14.40 14.15 13.94 13.37 12.50 11.49 12.56 13.62 13.76 13.79 13.69 12.45 13.08 13.03 13.21 13.22 11.63 11.25 11.48 11.45 11.67 12.01 11.81 11.47 11.34 11.51 11.56 11.22 10.85 11.00 11.49 11.63
11.44 9.87 10.38 10.59 10.77 10.83 13.11 13.51 13.77 13.88 13.70 13.73 13.80 17.85 13.08 12.95 12.70 11.80 13.21 13.82 19.05 18.59 13.92 13.92 20.37 17.62 15.39 15.27 14.38 14.46 13.67 14.05 14.17 13.95 14.53 14.91 14.95 15.23 15.69 15.98 15.75 15.36 15.31 13.50 12.68 13.13 14.21 14.34 14.11 11.89 10.43 10.33 12.85 13.51 13.91 14.06 13.84 13.44 13.25 13.06 13.23 13.73 11.71 10.94 11.63 11.76 11.02 10.98 11.79 11.49 11.29 11.28 11.27 11.17 10.87 10.72 11.09 11.45 11.29
9.38 9.81 12.52 12.80 13.07 13.08 10.91 13.30 13.64 17.37 17.49 13.64 13.55 13.66 13.22 13.29 12.14 12.64 13.41 13.81 19.03 18.67 18.87 14.00 14.41 19.32 14.74 15.90 17.09 14.56 13.77 14.12 14.10 14.01 14.52 14.95 15.24 15.53 15.72 15.93 16.18 16.12 15.27 14.47 12.97 12.69 14.24 14.53 12.88 11.27 11.16 12.80 13.44 13.90 15.09 14.08 13.67 13.46 13.50 13.21 13.43 12.17 11.13 11.02 11.07 12.23 11.95 11.72 11.52 11.17 11.02 10.98 10.94 10.88 10.70 10.68 11.00 11.09 10.69
9.48 9.83 10.26 12.67 12.97 13.16 10.97 12.94 13.11 13.44 17.80 18.03 17.31 13.06 12.99 13.06 12.20 12.85 13.45 13.65 18.61 18.82 19.07 20.30 14.34 21.40 15.57 16.83 17.54 14.88 14.07 14.14 14.17 14.31 14.68 15.11 15.48 15.64 15.63 16.15 18.77 16.47 15.07 14.33 12.95 13.52 14.89 14.40 12.85 13.41 13.40 13.63 13.83 14.36 14.67 13.65 13.47 13.20 13.15 14.19 11.99 10.97 10.62 12.30 12.14 11.93 11.58 11.36 11.12 10.81 10.73 10.78 10.81 10.67 10.50 10.57 10.73 10.56 10.14
9.52 9.76 10.11 10.37 10.56 12.89 10.98 11.11 12.43 12.78 13.32 17.91 18.26 17.32 12.75 12.65 12.28 12.47 12.99 17.74 18.53 19.00 18.90 19.60 21.49 21.48 16.70 17.33 16.67 13.90 13.92 14.04 17.51 17.93 18.97 19.71 19.08 19.00 20.42 21.41 18.96 15.07 13.72 13.31 13.57 15.01 15.54 14.63 13.54 13.83 13.92 14.29 14.91 15.39 14.16 13.35 12.82 12.17 12.08 11.59 10.60 10.10 12.25 12.04 11.80 11.47 11.18 10.98 10.76 10.61 10.66 10.75 10.67 10.44 10.32 10.32 10.24 9.94 9.61
9.34 9.60 9.98 10.24 10.44 10.67 10.83 10.91 11.04 12.60 12.74 12.91 13.10 18.14 18.05 16.43 15.35 15.25 16.10 16.92 17.20 18.09 17.89 18.53 20.82 21.42 17.72 17.43 16.10 13.92 13.43 13.92 18.52 18.92 19.66 20.44 19.39 19.30 21.45 23.04 14.01 13.03 13.64 14.02 15.29 16.50 15.76 13.66 12.05 12.74 14.36 14.79 14.94 15.00 14.05 13.76 12.62 11.93 11.70 11.40 12.76 12.32 11.92 11.71 10.30 11.31 11.45 11.34 10.69 10.68 11.96 10.58 10.34 10.15 10.02 9.85 9.61 9.29 9.09
9.17 9.53 9.95 10.11 10.28 10.52 12.86 13.01 12.94 12.69 12.60 12.80 17.67 17.32 18.15 19.30 17.13 16.20 17.09 17.90 17.46 18.20 17.97 17.48 20.34 21.27 18.60 17.38 15.85 13.82 14.49 17.76 18.71 19.10 19.98 19.91 19.88 20.10 21.00 21.30 14.02 13.56 13.97 14.28 15.63 15.38 13.48 11.80 11.44 13.96 15.10 15.03 14.58 14.31 14.15 13.86 11.73 11.96 12.08 11.93 11.28 10.96 11.60 11.85 12.13 12.18 11.13 10.83 10.83 10.77 10.51 10.19 9.91 9.73 9.54 9.33 9.08 8.84 8.67
9.13 9.51 9.90 10.05 10.29 10.57 10.74 12.78 13.10 12.85 12.58 12.86 18.39 18.71 18.21 18.13 18.84 18.76 19.30 19.78 19.45 19.86 18.08 14.54 17.96 20.85 18.69 16.98 14.73 13.43 15.91 18.59 18.32 18.46 19.29 19.22 19.86 20.46 20.31 18.96 16.14 14.40 13.47 13.33 13.71 12.95 11.99 11.74 13.03 15.09 15.09 13.79 11.76 12.05 13.72 12.42 11.44 11.77 11.91 11.55 11.27 11.83 12.22 11.98 12.27 11.19 10.78 11.50 10.61 10.27 9.80 9.50 9.30 9.12 8.91 8.71 8.56 8.42 8.29
9.11 9.45 9.83 10.10 10.41 10.56 12.36 12.53 12.97 16.90 12.65 12.93 18.53 19.32 18.13 16.26 16.76 18.73 19.63 20.41 21.59 21.77 20.50 15.83 17.32 19.93 18.82 16.72 14.84 14.62 17.02 18.35 18.34 18.68 18.02 18.90 19.71 20.85 20.33 17.51 15.59 14.33 13.89 13.49 12.82 12.11 11.77 12.20 13.69 14.36 12.87 10.18 9.70 12.24 12.31 11.33 10.70 12.98 11.17 11.17 11.75 11.87 11.57 10.96 10.65 10.57 10.19 8.11 7.58 9.30 8.90 8.78 8.67 8.47 8.27 8.11 8.03 7.97 7.91
9.04 9.36 9.81 10.24 10.49 10.46 10.59 12.57 16.77 17.08 12.84 13.20 18.11 18.06 17.98 18.33 18.35 19.17 19.95 19.92 21.23 21.58 21.68 17.86 17.46 18.82 18.38 16.08 15.57 16.11 17.52 18.03 18.18 19.42 17.62 19.59 20.67 20.95 19.61 17.45 15.80 14.58 13.60 12.77 12.58 12.73 12.16 12.39 13.88 13.02 10.68 9.33 10.94 12.95 12.24 10.77 11.82 12.08 11.37 11.50 11.91 12.30 10.18 9.99 10.12 8.33 7.24 6.18 8.90 8.47 8.34 8.31 8.19 7.97 7.84 7.74 7.61 7.49 7.41
8.97 9.36 9.96 10.40 10.53 10.47 12.47 12.75 17.10 17.26 12.88 17.96 17.83 17.78 18.44 18.26 18.94 20.03 20.42 20.54 21.54 20.76 21.29 19.82 20.05 19.08 17.19 15.82 16.06 16.96 17.17 17.69 16.43 14.18 13.90 20.07 20.89 21.45 19.81 17.25 15.66 14.20 12.66 11.54 11.60 12.05 11.77 11.67 10.44 9.28 9.75 11.37 14.36 13.54 11.50 13.01 13.66 11.68 12.50 12.80 11.40 11.44 9.93 10.21 9.18 9.02 8.71 8.44 8.15 7.95 7.92 7.87 7.71 7.54 7.46 7.32 7.14 6.99 6.85
8.99 9.46 10.11 12.25 12.25 12.29 12.55 12.84 12.83 17.27 12.86 17.98 18.56 17.74 18.64 19.78 19.24 19.80 19.82 20.87 21.45 19.99 20.86 21.50 22.30 19.48 16.18 16.12 16.53 17.09 17.16 17.13 14.68 13.45 13.73 20.68 20.42 18.55 20.18 15.30 13.73 11.86 10.95 10.60 10.52 10.22 10.08 9.55 12.00 8.87 10.07 12.46 14.01 10.55 13.33 12.19 11.56 12.76 11.99 12.56 12.67 11.04 9.77 10.02 8.70 8.40 8.11 7.87 7.65 7.47 7.37 7.26 7.14 7.04 6.93 6.75 6.58 6.48 6.40
9.13 9.63 10.18 12.17 12.25 12.38 12.66 12.73 12.77 17.57 17.29 17.80 17.94 18.84 17.47 12.93 19.28 19.96 20.98 21.16 21.42 19.93 21.02 21.44 20.92 19.54 17.43 17.14 16.87 16.66 17.17 15.98 14.11 12.96 13.73 17.99 19.59 18.02 18.94 12.98 10.13 10.57 8.79 9.09 10.11 11.07 10.55 8.98 8.85 12.61 12.08 13.19 12.38 12.83 11.74 14.54 13.18 11.11 10.79 12.70 12.14 10.73 11.41 8.40 8.15 7.56 7.31 6.94 7.00 6.80 6.68 6.61 6.54 6.44 6.31 6.14 6.03 5.95 5.86
9.26 9.74 10.19 10.49 12.24 12.42 12.38 12.59 12.70 17.24 17.57 18.27 19.47 16.86 18.73 12.78 17.41 12.58 20.05 20.58 20.80 21.17 21.41 21.40 21.76 20.32 18.01 17.87 16.69 15.50 16.28 14.21 13.28 15.34 13.59 14.17 20.10 20.56 18.02 11.70 10.64 9.25 9.08 9.26 10.15 10.06 9.39 9.33 11.88 13.54 13.44 14.34 13.56 11.29 11.53 13.08 12.63 11.59 11.69 12.72 10.91 10.17 8.38 7.50 7.07 7.23 7.39 6.55 6.33 6.20 6.18 6.11 5.97 5.82 5.70 5.63 5.59 5.53 5.41
9.38 9.81 10.21 10.49 10.72 10.74 12.18 12.48 17.28 17.29 17.83 18.50 19.24 17.81 19.51 18.94 19.29 19.63 20.13 20.76 20.18 20.85 21.41 20.77 20.99 22.70 17.48 17.63 16.09 14.85 16.05 15.59 13.22 12.82 13.58 17.21 19.95 19.93 18.17 11.80 9.01 8.98 9.28 9.74 10.04 9.62 9.81 11.03 13.07 13.34 14.48 10.18 14.74 14.89 14.52 12.62 12.77 12.01 11.19 10.86 9.17 7.86 8.09 6.96 8.25 7.57 7.52 7.42 5.92 5.84 5.79 5.66 5.50 5.39 5.31 5.26 5.20 5.15 5.10
9.44 9.80 10.19 10.45 10.62 10.62 12.21 12.44 12.58 18.11 18.40 18.67 19.10 19.43 19.05 19.07 19.46 20.11 20.38 20.64 21.33 20.92 20.34 20.82 20.31 22.33 18.00 16.82 16.70 16.34 16.92 16.20 13.79 13.21 18.33 19.82 19.76 19.27 16.81 10.61 9.28 9.78 9.29 11.14 9.20 10.88 11.34 10.94 12.03 12.92 14.83 10.70 14.43 14.01 13.23 11.58 10.48 9.58 9.34 9.44 9.19 7.64 11.47 11.81 7.64 7.45 7.54 7.33 5.67 7.22 5.48 5.35 5.25 5.17 5.09 5.00 4.88 4.77 4.71
9.44 9.77 10.17 10.39 10.62 10.76 12.37 12.58 12.58 18.50 18.50 18.89 18.72 19.34 19.25 19.39 19.67 20.26 20.47 20.36 21.10 21.48 20.08 20.01 19.96 21.30 18.47 15.71 17.96 19.32 18.11 14.84 13.15 14.30 12.73 15.41 19.30 18.04 12.90 9.77 9.39 9.82 9.71 9.89 9.94 10.40 8.58 9.77 11.65 13.31 9.31 14.85 13.28 13.35 12.36 9.83 8.90 7.70 9.46 9.71 9.52 7.66 11.84 9.51 6.90 7.44 7.48 7.03 6.67 6.33 6.27 5.25 5.15 5.04 4.94 4.86 4.76 4.60 4.42
9.45 9.77 10.16 10.40 12.27 12.38 12.52 12.54 17.43 18.31 18.94 18.73 18.55 18.23 19.37 19.76 19.78 20.25 20.35 20.36 20.95 21.39 20.61 20.45 20.18 21.46 18.40 14.59 18.26 20.29 15.89 13.31 12.65 14.06 16.77 18.93 18.40 16.32 12.29 10.24 10.70 12.02 11.61 11.56 11.57 11.18 11.23 11.77 12.88 13.75 9.18 14.07 13.25 13.45 12.84 10.98 9.58 9.51 10.25 10.21 10.07 7.62 7.69 10.10 9.85 9.47 6.72 6.57 6.48 6.42 6.43 5.16 5.11 5.01 4.89 4.77 4.67 4.53 4.33
9.43 9.74 10.15 10.57 12.39 12.46 12.59 12.69 16.77 17.93 18.49 18.85 19.25 18.27 19.09 19.70 19.77 20.21 20.16 20.33 20.89 21.47 21.42 20.84 20.80 21.59 20.16 15.02 17.67 18.40 14.13 13.00 13.16 14.90 17.72 19.12 17.43 13.55 11.44 11.53 12.17 12.90 12.75 11.87 11.38 11.72 12.20 11.28 11.65 14.01 8.54 13.89 13.07 13.66 13.02 10.60 9.86 10.38 10.65 10.57 10.33 10.08 9.35 8.11 7.76 7.81 8.14 7.02 7.44 7.69 7.65 5.24 5.18 5.10 4.97 4.81 4.67 4.54 4.36
9.39 9.77 10.33 10.78 11.03 12.35 12.54 12.71 12.53 17.94 18.49 18.71 19.48 18.31 18.60 19.09 19.24 20.05 20.32 20.46 21.30 21.91 22.07 21.44 20.32 21.26 23.19 19.19 18.50 16.76 13.05 14.06 15.66 16.75 17.44 16.70 13.09 11.23 12.05 12.17 11.86 12.47 11.76 10.50 9.75 9.35 9.10 8.72 13.01 8.36 7.95 13.74 13.08 13.66 12.32 9.95 10.13 10.50 10.01 9.12 8.83 9.05 8.94 8.86 8.79 8.71 8.72 7.23 7.73 8.06 8.08 5.58 5.46 5.31 5.17 5.01 4.85 4.68 4.49
9.42 9.88 10.51 10.82 11.01 12.32 12.59 17.85 17.54 18.20 18.68 18.54 19.09 19.12 18.83 18.90 19.20 19.90 20.20 20.40 21.38 21.80 21.64 21.32 20.22 20.72 22.33 23.51 20.04 15.13 14.68 16.74 18.35 17.51 17.13 15.56 12.24 11.91 12.51 11.60 11.34 10.61 9.18 9.61 9.12 8.80 8.57 12.29 8.22 8.17 8.03 13.99 13.30 13.83 10.22 9.46 9.90 10.17 10.20 10.21 10.26 10.41 10.27 10.04 10.05 7.76 7.99 8.14 8.21 8.23 8.37 5.98 5.86 5.71 5.54 5.35 5.17 4.96 4.73
9.58 10.03 10.59 10.86 11.09 12.47 12.46 12.63 18.32 18.75 19.29 19.32 19.11 19.40 19.00 18.56 19.34 19.38 19.62 19.82 20.75 20.47 20.48 19.98 19.81 20.92 22.47 23.66 22.32 17.37 18.11 19.43 19.02 17.54 16.20 13.14 10.62 13.89 11.36 9.96 9.68 9.03 9.62 9.16 8.91 8.65 12.03 14.33 8.31 8.25 8.03 13.59 13.74 11.15 10.00 10.83 11.38 11.34 11.15 11.15 11.16 10.84 10.59 10.68 11.00 8.83 9.06 9.20 9.19 9.25 9.26 6.45 6.36 6.21 6.03 5.81 5.62 5.39 5.11
9.75 10.17 10.67 10.96 11.22 12.45 12.52 12.76 18.08 18.68 18.21 18.83 19.24 19.43 19.13 18.73 19.64 20.09 19.99 20.09 19.75 17.29 18.53 19.08 20.18 22.32 23.41 24.32 24.29 16.72 20.14 19.83 18.32 16.13 12.39 9.11 11.12 14.19 10.81 9.63 9.05 8.53 9.19 8.89 8.74 8.59 8.51 15.13 8.55 8.34 8.01 7.71 13.35 11.44 12.23 12.64 12.02 11.59 11.63 11.63 11.49 11.21 11.47 11.61 12.01 12.24 9.57 9.70 9.69 9.78 9.84 9.67 9.37 9.29 6.55 6.27 6.05 5.82 5.58
9.73 10.27 10.80 10.95 11.18 12.57 12.80 12.81 17.88 18.51 18.41 18.28 19.46 19.15 19.31 19.49 19.49 20.33 20.89 20.94 20.76 19.01 18.09 17.94 21.25 23.74 24.87 25.12 25.94 18.95 20.22 19.47 16.57 15.21 10.63 10.55 13.96 14.09 11.35 11.51 9.36 8.29 8.77 8.53 8.44 8.40 8.39 4.10 8.29 8.32 8.33 8.18 14.66 13.20 13.08 13.24 12.12 11.80 11.96 12.32 12.38 12.23 12.30 12.47 12.65 7.63 12.57 7.77 12.49 12.53 7.81 12.08 10.21 7.37 7.11 6.76 6.45 8.79 8.77
9.73 10.43 11.77 11.08 12.54 12.83 13.02 13.01 18.10 18.35 18.46 19.25 19.37 19.44 19.88 19.96 19.90 19.53 19.52 19.71 20.80 21.80 22.01 21.50 21.84 23.25 24.95 25.35 25.55 23.00 18.67 19.68 14.77 13.26 12.12 12.69 13.05 11.63 10.03 9.24 8.49 8.17 8.52 8.36 7.22 5.64 5.70 4.62 7.58 7.85 8.34 4.71 4.31 14.62 14.84 13.60 12.16 12.05 12.38 8.50 12.93 12.98 13.13 7.98 8.19 13.61 8.40 13.33 13.13 11.27 11.50 11.19 8.05 7.94 7.70 7.33 6.96 6.64 9.42
9.81 10.53 11.45 12.29 12.72 13.01 13.00 18.17 18.85 18.85 19.37 20.10 20.07 19.84 19.84 20.01 19.99 19.56 19.26 18.95 19.63 21.30 22.28 23.66 24.77 24.05 24.46 25.42 25.48 19.77 13.59 14.02 11.95 10.95 11.62 11.06 10.44 9.24 7.50 6.58 7.04 7.91 7.91 7.95 7.83 6.71 6.16 5.11 6.97 6.91 7.18 7.98 4.11 5.69 8.47 11.01 12.75 13.08 13.33 12.92 13.11 12.91 10.14 14.22 14.45 14.38 11.94 11.97 11.71 9.09 9.11 8.97 11.49 11.56 11.30 10.92 10.59 7.24 6.96
