examples/cougarCreek-fire/createInputs/farsite/7a-cougarCreek-polygonIgnit/cougarCreekFire_08-12-2015_0200_217m_non_neutral_stability_vel.asc
ncols	146
nrows	140
xllcorner	610065.000000
yllcorner	5095217.000000
cellsize	216.586807
NODATA_value	-9999.000000
[rows 0 to 36 of 140, columns 0 to 81 of 146]
2.14 1.59 0.96 0.81 0.96 1.25 1.59 1.92 2.29 1.39 3.04 3.44 3.64 3.78 3.97 4.19 4.32 4.47 4.68 4.88 5.17 4.34 5.99 6.02 5.96 6.24 6.61 6.86 7.09 7.26 7.36 7.54 7.89 8.19 8.50 8.95 9.46 12.47 10.90 10.51 12.01 12.33 11.94 13.71 14.12 14.07 13.28 13.55 13.64 12.95 11.83 11.08 11.27 11.67 10.98 8.70 7.87 9.61 10.37 9.75 9.08 9.02 8.99 8.61 8.30 8.19 8.60 9.40 9.17 7.20 5.26 6.26 7.71 7.80 7.64 7.06 5.50 5.53 6.32 6.19 6.12 6.07
2.14 1.59 0.96 0.81 0.96 1.25 1.59 1.92 2.29 1.39 3.04 3.44 3.64 3.78 3.97 4.19 4.32 4.47 4.68 4.88 5.17 4.34 5.99 6.02 5.96 6.24 6.61 6.86 7.09 7.26 7.36 7.54 7.89 8.19 8.50 8.95 9.46 12.47 10.90 10.51 12.01 12.33 11.94 13.71 14.12 14.07 13.28 13.55 13.64 12.95 11.83 11.08 11.27 11.67 10.98 8.70 7.87 9.61 10.37 9.75 9.08 9.02 8.99 8.61 8.30 8.19 8.60 9.40 9.17 7.20 5.26 6.26 7.71 7.80 7.64 7.06 5.50 5.53 6.32 6.19 6.12 6.07
2.01 1.50 0.87 0.51 0.49 0.74 1.06 1.39 1.75 2.10 2.45 2.83 3.03 3.18 3.38 3.58 3.70 3.87 4.09 4.31 4.64 3.75 5.49 5.41 5.32 5.66 6.09 6.37 6.56 6.68 6.81 7.04 7.47 7.86 8.20 8.70 9.20 9.55 9.85 10.31 10.82 11.19 11.71 12.39 12.89 12.99 12.95 13.34 13.27 12.21 10.91 10.47 11.09 11.37 9.75 7.17 7.32 9.77 10.92 10.20 9.36 9.23 9.10 8.64 8.39 8.52 9.17 9.55 7.95 5.09 4.16 6.16 8.25 8.72 8.16 6.46 4.48 5.35 6.66 6.48 6.33 6.17
1.96 1.57 1.09 0.72 0.39 0.24 0.43 0.75 1.09 1.42 1.76 2.14 2.35 2.52 2.72 2.89 3.03 3.25 3.49 3.74 4.09 3.25 4.94 4.84 4.76 5.07 5.50 5.83 6.02 6.11 6.29 6.56 7.07 7.57 7.94 8.47 9.05 9.52 9.85 10.23 10.71 11.19 11.86 12.37 12.57 12.54 12.61 13.26 13.03 11.15 9.11 8.89 10.34 10.52 7.99 5.72 7.19 10.50 11.64 10.85 9.99 9.48 9.20 8.79 8.72 9.35 10.01 8.91 5.49 2.83 3.78 7.05 9.60 10.11 8.34 4.78 3.23 5.64 7.43 7.02 6.66 6.37
1.82 1.53 1.24 0.99 0.74 0.47 0.19 1.84 1.57 1.01 1.14 1.51 1.72 1.89 2.06 2.24 2.41 2.66 2.93 3.16 2.14 2.60 3.33 4.35 4.37 4.55 4.85 5.24 5.51 5.62 5.83 6.09 6.60 7.19 7.63 8.21 8.92 9.58 10.02 10.43 10.86 11.41 11.97 12.20 12.34 12.45 12.82 13.47 12.54 9.45 6.56 6.83 9.37 10.34 7.28 6.24 8.57 11.39 11.85 11.12 10.34 9.50 9.28 9.05 9.32 10.24 9.68 6.55 3.30 2.97 5.72 9.03 10.45 10.01 6.80 3.31 3.77 6.82 8.05 7.30 6.84 6.50
1.67 1.46 1.34 1.23 1.09 0.91 0.68 0.45 0.32 1.56 1.28 0.54 1.20 1.33 1.49 1.67 1.85 2.11 1.25 2.58 1.67 1.92 2.47 3.82 3.96 4.04 4.26 4.71 5.04 5.17 5.33 5.58 6.15 6.73 7.23 7.99 8.82 9.59 10.18 10.59 10.99 11.60 12.06 12.08 12.10 12.36 12.88 12.87 10.37 6.09 3.60 5.33 8.63 9.18 7.90 8.09 10.13 11.81 11.75 11.00 10.32 9.67 9.41 9.27 9.88 10.22 8.97 4.41 3.02 5.22 8.39 9.83 9.80 8.38 5.26 3.77 5.89 7.95 8.06 7.31 6.95 6.54
1.58 1.46 1.51 1.53 1.49 1.38 1.19 2.83 2.53 1.97 1.94 1.49 0.49 0.92 1.03 1.17 1.34 1.57 0.49 0.69 1.18 1.43 1.92 2.66 3.50 3.70 3.79 4.18 4.58 4.86 4.74 5.14 5.75 6.21 6.71 7.69 8.76 9.64 10.36 11.02 11.51 12.04 12.52 12.41 12.11 11.94 12.21 11.52 7.39 3.60 2.81 5.08 8.72 9.38 9.35 9.94 10.99 11.69 11.45 10.78 10.31 10.82 10.30 9.51 9.93 10.19 6.53 4.23 5.22 8.06 9.14 8.83 8.29 7.05 5.47 5.88 7.49 7.97 7.63 7.19 6.92 6.43
1.62 1.60 1.78 1.88 1.93 1.85 1.69 3.25 3.09 2.81 2.50 2.27 1.40 0.37 0.31 0.83 0.93 0.60 0.30 0.07 0.63 0.99 1.44 2.02 2.88 3.22 3.46 3.74 4.06 4.27 4.20 4.70 5.38 5.67 6.22 7.25 8.58 9.77 10.62 11.33 11.93 12.51 13.09 12.94 11.35 10.01 10.36 9.53 5.97 3.75 3.96 5.71 8.10 9.88 10.55 10.91 11.37 11.56 11.16 10.58 11.25 10.66 9.50 9.68 9.39 9.15 6.38 5.85 7.51 8.66 7.99 7.50 7.53 7.14 6.95 7.35 7.65 7.60 7.34 7.02 6.75 6.23
1.82 1.89 2.15 2.29 2.36 3.74 2.21 3.25 3.45 3.28 2.94 2.72 2.20 1.22 0.42 0.83 0.25 0.30 0.37 0.67 0.09 0.45 2.92 2.62 2.20 2.71 2.98 3.30 3.58 3.74 3.90 4.32 5.06 5.16 5.82 6.56 8.19 9.81 10.81 11.66 12.59 13.24 13.82 12.83 9.55 7.05 8.40 8.98 6.94 5.26 4.61 5.02 8.23 11.21 12.07 11.55 11.67 11.39 11.85 10.40 11.04 9.98 9.78 9.51 9.74 8.80 7.78 7.24 8.11 7.82 6.84 7.00 7.84 7.97 7.76 7.51 7.35 7.34 7.12 6.74 6.39 5.97
2.17 2.28 2.55 2.70 2.79 4.34 4.18 3.90 3.59 3.38 3.14 2.97 5.25 2.10 1.11 0.69 0.52 0.30 0.81 4.43 4.13 0.07 0.38 0.80 3.12 2.17 2.47 2.81 3.09 3.16 3.17 3.83 4.56 4.86 5.22 6.20 7.68 9.66 11.25 12.67 13.77 13.83 13.83 11.83 7.16 5.34 7.69 9.39 7.66 4.99 3.19 3.74 8.44 12.09 12.22 12.16 11.79 11.15 11.36 10.36 10.35 10.24 9.76 9.87 9.44 8.89 8.36 8.43 7.83 7.18 6.76 7.53 8.45 8.36 7.75 7.39 7.37 7.33 6.85 6.33 6.02 5.79
3.38 2.71 2.98 3.13 3.23 3.21 4.73 4.61 4.37 4.06 3.66 3.39 3.15 5.23 1.87 1.54 1.05 1.20 1.22 1.36 4.63 3.49 0.32 0.36 3.64 3.36 3.27 3.69 2.60 2.59 2.36 3.27 4.16 4.46 4.83 5.73 7.16 9.51 11.86 13.95 14.90 14.12 13.02 10.72 5.32 5.09 8.31 9.67 6.40 2.54 1.33 4.25 9.75 12.51 13.10 12.56 11.59 11.21 10.46 10.55 10.67 10.44 10.12 9.52 9.43 9.09 8.73 8.62 7.62 7.23 7.32 7.98 8.42 8.23 7.74 7.54 7.62 7.23 6.33 5.85 5.80 5.65
2.99 3.16 4.30 4.61 4.88 5.05 3.66 5.16 4.92 6.75 6.53 3.90 3.43 3.31 2.76 2.45 2.01 1.44 1.76 1.68 5.04 4.07 4.01 0.46 0.55 3.00 2.54 3.46 3.69 1.84 1.91 2.83 3.69 3.98 4.48 5.33 6.80 9.15 11.97 14.74 15.89 14.31 11.00 7.43 4.91 6.04 9.21 8.57 3.80 0.61 2.01 7.08 11.46 13.75 13.55 12.73 11.48 10.88 10.67 10.83 10.73 10.37 9.37 9.56 9.78 8.46 7.98 7.76 7.59 7.33 7.55 8.01 8.26 8.18 7.90 7.82 7.70 6.70 5.58 5.52 5.71 5.55
3.42 3.60 3.92 4.91 5.17 5.38 4.14 5.54 5.41 5.24 7.42 6.96 5.97 3.61 3.35 2.98 2.24 2.23 2.49 2.21 5.18 4.65 4.36 5.25 0.43 3.99 2.75 3.32 3.51 1.22 1.48 2.40 3.07 3.49 4.11 5.05 6.53 8.63 11.59 15.26 18.06 15.32 10.26 6.60 5.07 7.59 9.60 6.44 1.85 0.97 4.69 10.01 13.18 14.43 14.08 12.63 11.12 10.35 10.59 10.85 11.39 8.93 9.29 9.02 8.93 8.44 7.96 7.80 7.64 7.42 7.61 8.04 8.24 8.09 8.02 8.18 7.48 5.64 4.93 5.56 5.74 5.48
3.89 4.08 4.40 4.62 4.70 5.82 4.68 4.62 5.85 5.80 5.61 7.89 7.75 6.52 4.00 3.52 2.96 2.68 2.80 5.45 5.65 5.40 4.65 5.00 6.20 4.77 2.82 3.23 3.19 0.75 1.02 1.97 3.65 3.80 3.69 4.34 6.11 8.07 9.78 13.85 19.44 15.47 9.48 6.50 6.62 8.92 8.82 4.18 2.56 2.69 7.92 12.12 13.61 14.09 14.25 12.57 10.43 9.20 10.35 11.79 10.82 8.50 8.77 9.49 9.11 8.43 8.11 8.06 7.82 7.46 7.51 7.92 8.10 8.02 8.16 8.31 6.74 4.53 4.76 5.89 5.73 5.40
4.38 4.60 4.92 5.11 5.21 5.29 5.25 5.15 5.04 6.35 6.22 5.93 5.62 8.72 7.99 5.84 4.40 4.06 4.95 5.42 5.19 5.52 4.57 4.48 5.81 5.34 2.98 3.00 2.44 0.38 0.62 1.47 3.13 3.47 3.28 3.88 5.64 7.73 8.77 12.02 19.17 14.69 7.93 6.26 7.38 8.46 6.96 2.84 3.08 5.12 10.56 13.25 13.48 13.88 14.14 12.06 8.67 7.04 9.63 11.42 9.87 8.96 9.37 9.85 10.06 9.18 8.91 8.55 8.19 7.31 6.94 7.44 8.00 8.20 8.18 7.90 6.06 4.36 5.18 6.07 5.67 5.33
4.90 5.18 5.49 5.59 5.70 5.82 6.87 6.75 6.70 6.77 6.75 6.58 9.22 9.09 9.61 8.86 5.67 4.77 5.88 6.29 5.43 5.78 4.50 3.43 5.63 5.80 3.58 2.82 1.47 0.12 1.79 3.17 3.24 3.34 3.11 3.94 4.78 6.85 9.34 14.05 18.87 15.83 9.36 7.57 8.38 7.93 4.62 2.81 3.60 7.96 12.17 12.95 12.76 14.16 14.05 11.30 7.12 6.00 8.89 11.38 10.97 10.52 10.66 10.65 9.79 9.22 9.41 9.02 8.21 6.13 5.52 7.09 8.38 8.61 8.12 7.35 5.99 5.12 5.59 5.84 5.55 5.28
5.18 5.45 5.76 5.80 5.87 6.00 6.04 6.94 6.88 6.75 6.75 6.78 9.42 9.29 9.66 9.89 9.20 7.10 7.80 7.86 6.70 6.72 4.37 2.46 4.19 6.03 3.88 2.68 0.27 0.14 2.52 3.27 3.07 3.23 3.35 3.87 4.37 6.05 9.61 14.17 16.71 18.66 13.30 8.52 8.02 6.23 4.14 4.07 5.82 9.90 11.89 11.39 10.20 14.63 15.01 9.78 5.82 6.16 8.43 11.35 11.87 11.25 10.98 10.92 9.90 9.56 8.79 9.19 6.86 4.01 4.59 7.63 9.30 9.03 8.07 7.07 6.22 5.77 5.65 5.51 5.42 5.25
5.18 5.40 5.67 5.76 5.79 5.81 7.15 6.92 6.79 8.75 6.53 6.61 9.83 9.09 9.32 8.85 9.04 9.25 9.08 9.24 8.73 8.47 6.44 2.43 4.15 5.89 4.32 2.45 0.23 0.17 3.20 3.32 3.12 3.15 3.35 3.53 3.77 5.72 9.99 11.92 15.41 21.57 17.80 9.64 7.11 6.60 6.57 6.38 7.50 10.06 10.01 7.51 9.51 15.24 14.81 8.65 6.10 8.45 9.15 11.11 12.35 11.86 11.67 11.66 10.47 8.07 7.54 8.88 5.17 3.31 5.21 8.86 10.20 9.31 8.11 6.92 6.21 5.99 5.72 5.39 5.28 5.16
5.17 5.32 5.54 5.70 5.73 5.63 5.72 6.83 8.68 8.52 6.39 6.51 10.04 9.23 8.88 9.14 9.33 9.37 9.19 9.17 8.99 8.51 8.35 4.89 4.65 5.23 3.89 0.88 0.36 2.52 3.51 3.33 2.74 3.14 2.98 3.46 3.33 5.53 10.27 12.57 18.38 23.86 19.87 11.70 8.09 8.37 8.10 7.94 7.44 7.24 5.64 6.50 10.47 13.69 12.04 8.87 8.58 9.50 9.63 11.09 12.26 12.56 11.80 12.01 9.41 6.26 5.64 7.07 4.88 4.17 6.93 9.99 10.45 9.55 8.15 6.40 5.91 6.17 5.88 5.40 5.19 5.05
5.14 5.22 5.41 5.58 5.60 5.50 6.69 6.78 8.83 8.58 6.29 9.71 9.56 9.49 9.40 8.63 8.88 9.56 9.22 9.50 9.24 7.64 8.68 7.15 6.63 5.01 2.57 0.99 0.68 3.12 2.89 2.89 2.45 1.61 1.72 3.09 3.13 4.51 9.66 13.59 21.46 24.32 19.23 12.24 8.43 8.40 9.09 8.60 6.17 4.63 4.87 7.79 12.47 14.50 13.27 11.42 11.10 10.20 9.63 11.34 12.03 11.42 11.34 11.80 8.45 4.36 3.35 4.77 5.20 6.02 8.55 10.30 10.21 9.79 8.00 5.59 5.66 6.53 6.00 5.43 5.16 4.98
5.06 5.13 5.29 6.39 6.26 6.30 6.52 6.66 6.40 8.64 6.27 9.58 8.84 9.53 10.28 9.89 8.67 9.06 8.61 9.41 8.90 7.05 8.90 8.94 8.60 5.45 2.34 1.36 2.66 3.02 2.61 2.08 1.17 1.38 1.38 3.10 3.81 5.03 9.28 15.51 24.25 24.17 16.40 11.12 8.52 8.16 8.49 7.79 6.35 4.53 6.07 10.64 13.60 14.00 12.54 12.74 12.19 9.47 8.41 11.06 11.83 9.94 10.87 11.10 6.99 3.19 2.47 3.61 5.60 7.65 9.43 10.18 9.98 9.84 7.71 5.09 5.76 6.85 6.04 5.38 5.11 4.96
4.90 5.03 5.16 6.16 6.08 6.21 6.40 6.44 6.33 8.80 9.17 9.62 8.34 8.99 9.64 4.97 9.80 9.96 9.68 9.39 9.16 7.65 9.18 9.14 8.25 6.34 4.10 3.62 2.34 0.29 2.57 0.67 0.88 0.96 1.24 2.57 4.50 5.89 11.70 19.70 26.93 21.84 12.31 8.75 7.45 12.74 6.34 6.83 5.57 3.79 7.95 11.63 13.18 13.16 13.22 14.04 11.69 7.60 7.14 10.58 10.96 8.78 11.16 9.80 5.97 3.04 2.57 3.17 5.60 8.53 10.08 9.98 9.70 9.69 7.71 5.50 6.18 6.77 5.87 5.26 5.09 4.96
4.71 4.89 5.00 5.08 6.04 6.20 6.23 6.36 6.30 8.78 9.31 10.14 9.60 6.87 9.72 4.95 9.16 4.45 9.95 9.21 9.26 9.28 9.41 9.44 9.51 7.18 4.51 2.19 0.70 0.05 1.32 0.81 0.62 5.64 1.30 2.47 3.97 6.12 16.09 25.37 25.52 16.23 9.48 6.87 6.25 5.80 5.31 4.86 5.00 4.06 9.14 11.40 12.90 13.47 14.34 13.42 9.89 6.30 6.61 9.87 8.39 7.83 9.89 9.11 5.59 3.39 3.05 3.44 5.68 9.08 10.23 9.26 9.31 9.80 8.23 6.60 6.49 6.10 5.46 5.24 5.15 5.00
4.57 4.73 4.83 4.91 5.00 5.03 6.08 6.18 9.38 8.89 9.21 10.23 10.04 7.89 9.56 9.60 10.12 10.21 10.07 9.79 8.96 9.13 9.18 9.33 9.74 9.16 3.29 2.93 0.76 0.29 1.80 0.91 1.19 6.21 2.20 2.90 3.59 8.60 19.89 24.42 18.37 10.60 7.95 6.57 5.98 5.72 15.93 7.00 3.29 5.42 9.41 12.75 12.81 13.50 14.50 11.45 7.82 5.49 5.90 8.54 6.43 7.51 10.56 9.29 6.10 3.84 3.37 4.11 6.35 9.24 9.20 8.06 9.31 10.41 9.11 7.68 6.37 5.01 4.92 5.38 5.32 5.08
4.42 4.58 4.68 4.75 4.83 4.86 6.00 5.99 6.01 9.53 9.23 10.00 10.27 9.49 9.02 9.75 10.27 10.47 10.28 10.14 9.99 9.05 8.42 9.57 9.78 9.90 4.62 2.59 3.08 3.38 2.44 1.50 2.81 6.60 0.77 3.29 3.59 11.00 22.66 21.96 12.86 8.10 7.56 6.47 6.01 7.35 9.68 9.98 6.85 8.91 9.89 12.87 13.38 14.62 14.11 9.71 6.02 4.32 4.83 5.30 5.17 7.62 10.89 11.53 6.61 3.85 3.85 5.69 7.45 8.42 7.40 7.18 9.77 11.09 9.89 8.16 5.80 3.98 4.41 5.61 5.72 5.24
4.25 4.40 4.53 4.60 4.68 4.73 5.86 5.90 5.86 9.91 9.22 9.92 10.04 10.18 9.52 9.96 10.40 10.59 10.37 10.31 10.40 9.72 8.87 9.64 10.00 9.73 5.39 2.14 5.49 3.54 1.97 2.15 5.42 6.19 9.57 5.02 5.65 14.00 24.65 22.44 11.24 7.54 8.00 7.84 10.46 13.85 11.98 11.85 9.11 10.44 12.56 10.91 13.56 14.22 13.48 8.12 4.33 2.98 4.14 4.34 4.69 8.00 13.17 12.17 5.97 3.96 5.74 7.87 7.62 6.53 5.76 6.98 10.30 11.40 10.09 7.92 5.31 3.68 4.25 5.78 6.15 5.45
4.08 4.22 4.36 4.43 5.63 5.58 5.78 5.72 9.69 9.97 9.70 9.90 9.81 9.87 10.27 10.07 10.38 10.58 10.34 10.51 10.62 10.19 9.88 10.41 10.32 10.29 5.88 1.77 5.53 3.64 2.75 2.51 5.03 6.54 9.74 5.65 12.14 21.14 26.04 21.40 11.68 8.87 9.19 7.68 13.42 9.44 12.75 13.54 12.48 9.68 12.13 11.14 12.50 13.22 12.26 7.27 4.09 2.80 3.88 4.51 5.03 8.65 11.48 10.80 5.42 4.77 8.03 8.35 5.55 4.79 5.15 7.17 10.52 11.27 9.29 7.29 5.74 4.48 4.62 5.90 6.26 5.57
3.95 4.07 4.17 4.28 5.59 5.60 5.73 5.77 9.39 10.13 9.74 10.09 10.22 9.85 10.55 10.31 10.62 10.78 10.40 10.76 10.79 10.57 10.49 10.69 10.90 10.69 8.45 1.41 3.98 2.70 3.60 3.32 4.66 6.89 11.62 16.53 20.15 21.87 22.65 17.60 13.13 11.90 11.73 11.76 14.11 19.97 22.42 23.52 13.94 9.59 12.95 11.46 12.01 11.50 11.84 7.55 4.80 3.22 3.50 5.20 5.28 7.45 10.79 8.05 5.63 5.93 9.05 8.93 6.84 6.21 6.02 7.47 10.51 10.71 8.02 6.84 6.69 5.76 5.39 5.94 6.02 5.57
3.85 3.95 4.02 4.15 4.27 5.45 5.56 5.61 5.63 10.15 10.04 10.12 10.24 9.58 10.52 10.44 10.55 10.97 10.81 11.11 11.25 10.97 10.85 11.05 10.88 10.99 11.55 2.63 4.70 2.33 3.32 4.55 6.63 8.99 12.16 16.24 17.27 16.94 16.74 15.57 14.15 13.52 12.89 12.14 13.14 16.45 18.99 20.17 10.28 11.61 12.69 11.62 12.43 11.14 12.74 7.69 5.65 3.95 2.50 4.25 4.98 6.62 7.88 7.23 6.15 6.60 8.54 8.93 8.10 7.98 7.82 8.62 10.59 9.73 7.02 6.82 7.62 6.80 6.05 5.96 5.82 5.46
3.75 3.84 3.90 3.99 4.11 5.28 5.49 9.54 9.21 10.07 10.24 9.97 10.07 9.95 10.39 10.74 10.82 11.12 11.11 11.36 11.58 11.17 11.03 11.13 11.13 11.11 11.68 10.85 6.11 3.17 3.34 5.19 7.15 9.42 11.95 14.93 14.69 13.89 14.85 14.74 14.36 13.79 13.03 12.85 13.64 15.31 17.12 22.41 11.41 10.43 11.60 10.52 13.25 13.28 11.25 5.79 5.11 5.60 4.33 4.74 5.04 5.38 5.89 6.76 7.04 7.38 8.02 8.33 8.33 8.55 9.24 10.28 10.78 8.77 6.51 7.34 8.27 7.38 6.60 6.19 5.79 5.37
3.67 3.73 3.76 3.84 3.97 5.15 5.20 5.33 9.87 10.25 10.77 10.52 10.38 10.30 10.12 10.92 11.31 11.01 11.19 11.31 11.58 10.92 11.32 11.05 11.13 11.28 11.66 11.38 6.86 3.66 2.87 4.27 6.64 8.67 9.86 10.91 11.24 13.36 12.97 12.68 12.56 12.09 12.00 13.21 14.86 17.16 21.56 15.30 15.62 14.23 12.27 8.55 12.55 11.54 7.06 3.03 4.28 7.41 9.49 9.35 8.76 6.55 3.65 4.52 5.92 6.59 7.27 8.17 8.72 9.26 10.72 11.71 11.34 8.76 6.81 7.43 8.56 8.16 7.36 6.59 5.91 5.34
3.60 3.63 3.60 3.69 3.85 4.93 5.14 5.32 9.69 10.06 9.90 10.41 10.61 10.63 10.47 11.16 11.69 11.72 11.57 11.63 11.25 9.25 10.75 10.97 11.33 11.75 11.99 12.52 7.69 4.85 3.86 3.08 3.79 6.52 7.94 7.77 10.22 13.84 12.04 10.09 9.62 10.08 10.60 11.25 13.37 16.81 22.45 21.77 21.29 18.44 13.67 9.33 9.00 6.21 3.45 3.78 5.11 7.44 9.11 13.10 11.28 7.47 7.01 6.62 6.38 5.16 4.54 6.25 7.56 8.57 10.26 11.85 12.02 10.15 7.88 7.28 8.49 8.99 8.52 7.37 6.05 5.17
3.45 3.52 3.47 3.50 3.69 4.84 5.10 5.13 9.44 9.87 9.99 10.19 10.90 10.78 10.99 11.42 11.58 12.03 12.29 12.35 12.22 10.81 10.17 9.55 11.40 12.48 12.91 13.24 11.37 4.27 5.24 3.88 5.55 4.74 6.29 8.87 11.55 12.69 12.34 11.75 9.61 8.05 8.84 9.56 11.00 14.02 17.74 20.63 19.71 18.57 15.25 8.35 5.53 3.68 2.51 4.30 5.78 6.47 9.12 8.83 8.76 9.97 10.23 5.98 6.30 5.30 4.92 5.58 6.21 7.26 8.77 9.40 9.64 10.17 9.10 7.74 8.09 8.88 9.41 8.72 6.61 4.99
3.17 3.34 3.58 3.35 4.40 4.68 4.94 5.15 9.42 9.74 10.27 11.16 10.99 11.05 11.35 11.51 11.74 11.32 11.42 11.82 12.56 12.74 12.54 11.71 11.25 11.67 12.91 13.34 11.64 6.67 5.32 4.37 5.35 3.27 5.23 7.12 9.43 9.94 10.02 9.65 9.03 7.72 7.58 8.25 7.95 9.19 11.40 14.25 12.10 11.92 12.31 8.58 5.06 3.73 3.36 3.79 3.65 4.03 3.66 2.58 1.88 7.36 7.81 2.61 2.32 2.28 2.24 4.64 4.89 6.21 4.38 7.78 7.12 7.80 8.33 7.45 7.02 7.42 8.41 8.82 7.62 5.65
2.80 3.03 3.25 3.66 4.12 4.41 4.68 9.05 9.78 10.13 10.91 11.47 11.40 11.33 11.23 11.52 11.73 11.51 11.47 11.55 11.84 12.60 13.06 13.41 13.38 11.67 11.81 13.01 11.17 3.15 4.56 3.22 4.49 3.62 3.48 5.21 5.85 6.54 6.86 6.89 6.82 5.67 4.38 5.15 6.10 5.66 6.84 8.27 6.91 5.42 5.65 6.69 6.24 5.06 3.68 2.36 1.88 2.11 2.06 1.28 1.78 2.17 7.83 8.31 6.79 6.17 6.65 2.46 3.27 5.13 6.98 7.14 6.69 0.39 6.66 6.26 6.10 6.34 6.88 7.13 7.09 6.78
2.50 2.73 3.00 3.13 3.95 4.22 4.41 4.59 9.11 9.48 9.63 8.79 10.21 11.18 11.48 11.45 11.66 11.79 11.98 12.14 12.84 12.73 12.57 12.38 12.15 11.07 12.56 12.35 9.57 1.64 3.45 2.89 3.29 3.32 2.13 4.13 4.30 4.71 5.69 5.99 5.79 5.21 3.95 4.85 6.45 6.28 7.32 9.57 5.61 5.87 6.68 8.30 8.44 6.81 5.77 3.90 2.64 2.52 2.64 9.48 8.51 8.45 4.41 4.42 4.64 5.38 6.14 6.35 6.64 7.47 8.32 8.09 3.58 6.47 5.44 5.20 5.56 6.05 6.31 6.04 5.85 6.56
2.32 2.53 2.78 3.69 3.74 7.30 7.81 4.36 8.92 9.07 8.72 8.41 8.58 10.50 10.87 11.37 12.06 12.69 12.92 12.55 11.51 10.83 11.07 10.30 9.37 8.52 10.56 11.13 9.10 2.68 4.04 4.86 4.14 3.33 2.48 2.69 3.59 5.10 4.65 4.79 5.96 6.91 6.96 6.11 4.08 5.54 8.79 10.62 12.92 6.65 8.14 8.46 9.02 9.14 8.01 6.49 5.67 4.57 4.11 4.36 4.10 4.98 6.08 10.77 6.97 7.03 7.54 7.74 8.19 8.44 10.95 10.83 9.50 7.76 6.22 5.28 5.51 6.14 3.40 6.05 5.56 5.95
