examples/cougarCreek-fire/createInputs/farsite/7a-cougarCreek-polygonIgnit/cougarCreekFire_08-12-2015_0100_217m_non_neutral_stability_vel.asc
ncols	146
nrows	140
xllcorner	610065.000000
yllcorner	5095217.000000
cellsize	216.586807
NODATA_value	-9999.000000
[rows 70 to 104 of 140, columns 0 to 77 of 146]
10.78 11.51 13.20 12.46 14.31 17.04 16.53 15.30 14.96 15.45 16.65 16.81 18.89 16.10 13.92 8.52 3.54 3.49 11.61 11.58 10.84 12.82 10.69 11.61 9.05 10.80 10.54 11.60 13.47 12.59 10.63 14.67 14.87 13.73 12.95 10.89 12.40 13.35 12.44 10.45 10.35 11.80 13.91 16.43 15.29 14.61 17.32 17.51 15.12 15.23 13.70 13.49 13.46 16.48 13.83 13.53 11.91 11.34 13.56 16.28 15.52 15.30 14.11 13.35 13.05 17.50 16.48 14.97 12.41 13.40 12.97 15.45 15.41 14.78 14.97 15.41 16.13 12.57
10.92 12.20 14.05 14.13 14.12 16.88 15.96 13.92 14.80 15.79 15.61 16.14 15.31 19.71 13.98 7.35 3.35 3.80 12.10 12.59 14.20 12.39 11.32 10.31 10.88 11.64 11.14 13.67 14.34 11.52 11.20 14.81 12.04 11.72 12.49 12.27 13.10 13.45 12.15 9.89 11.87 13.74 13.51 16.33 16.11 14.68 14.77 18.07 15.28 15.39 15.12 13.52 14.66 16.39 17.16 14.00 12.91 11.24 11.68 14.47 16.64 16.03 15.18 14.17 13.46 13.09 12.49 16.45 15.51 12.66 13.27 14.91 15.65 15.70 15.57 15.02 15.04 15.73
11.61 13.16 14.41 13.93 14.33 16.76 15.59 13.80 15.07 15.76 15.10 15.60 14.73 14.40 13.78 5.19 2.63 4.81 12.26 13.41 11.95 11.66 11.94 10.59 11.30 12.60 11.85 14.01 13.09 10.91 12.37 15.21 14.57 12.93 10.58 12.04 14.26 12.82 11.86 10.63 12.90 14.42 13.55 11.48 19.08 14.90 14.31 18.05 15.41 14.15 15.35 13.55 17.11 15.58 14.10 13.99 13.56 12.09 11.10 12.48 15.23 16.45 16.98 16.36 16.20 13.65 17.60 12.40 12.15 14.80 12.87 15.39 16.70 16.83 16.01 15.34 13.55 14.44
12.61 13.61 14.23 13.77 14.83 16.13 15.60 14.38 16.31 16.21 15.43 15.52 14.66 15.68 13.78 3.92 1.25 6.91 13.46 13.96 12.46 12.25 12.54 10.95 11.78 10.81 12.92 12.66 9.89 12.27 14.42 15.25 14.43 11.34 9.98 12.31 13.74 14.91 11.69 10.50 12.67 14.38 13.24 10.62 16.73 15.68 17.36 14.14 14.47 14.27 15.58 13.59 17.02 13.83 16.94 14.11 13.79 12.91 11.50 11.71 13.75 15.69 14.93 17.12 16.83 16.24 14.63 16.66 17.06 17.36 17.82 17.50 17.24 16.81 15.82 14.75 13.28 13.68
12.74 13.07 13.40 13.30 14.55 15.49 15.22 15.49 16.32 15.91 15.17 15.01 14.23 15.63 10.48 4.41 3.44 9.26 14.03 13.74 12.49 12.52 12.70 10.79 12.21 11.21 13.07 9.69 11.28 13.22 15.25 15.02 13.86 10.66 10.16 13.24 13.64 14.52 11.50 9.45 11.70 14.61 13.55 11.61 14.61 16.25 15.16 14.24 14.07 14.13 14.35 17.48 17.24 13.80 14.44 17.99 13.97 13.43 12.15 11.77 12.87 14.60 15.73 16.30 17.52 16.42 15.94 15.53 14.72 13.48 13.56 14.93 14.47 12.93 14.66 14.01 13.42 13.56
12.42 12.57 13.00 14.02 14.80 14.54 14.11 15.36 15.83 14.73 13.05 13.83 15.76 15.31 9.90 6.28 6.93 11.30 14.03 15.45 12.53 12.74 12.77 12.37 10.41 11.74 12.11 11.88 12.61 13.17 15.14 14.67 10.92 10.86 11.67 14.46 13.30 13.31 11.88 10.42 11.75 15.09 14.18 13.12 13.64 15.80 14.50 17.78 13.47 13.78 14.33 13.90 16.58 13.90 14.38 15.24 17.00 13.68 12.79 12.19 12.51 13.74 15.14 14.63 17.52 15.36 16.11 14.51 13.94 13.82 12.67 13.30 14.20 13.63 12.73 13.88 13.83 13.11
12.10 12.35 12.78 14.48 14.66 14.18 13.39 14.15 14.97 11.84 12.97 13.81 13.55 15.75 11.12 7.93 8.17 12.00 13.60 12.98 12.60 12.77 12.89 12.82 11.54 12.22 11.18 11.90 13.42 12.71 14.07 14.00 10.51 10.73 14.75 13.95 12.98 12.47 12.07 11.12 12.60 14.90 14.24 12.65 12.93 13.98 18.65 13.84 13.32 13.67 14.24 13.97 13.75 14.00 14.40 14.41 17.16 13.70 13.23 12.58 12.39 13.31 14.44 15.00 15.14 16.62 15.93 15.77 14.10 14.03 12.90 12.49 12.98 13.85 12.68 12.40 14.24 13.19
11.86 12.13 12.45 14.52 14.11 12.93 12.64 14.08 12.96 11.00 13.26 11.85 13.32 12.64 11.13 7.28 8.25 12.37 13.38 12.78 12.65 12.84 13.16 12.28 13.62 11.55 11.21 12.19 12.67 11.46 12.67 14.06 10.64 12.52 14.66 13.76 11.95 12.32 11.96 11.33 13.46 13.78 13.35 12.79 12.51 13.21 15.38 14.44 13.39 13.50 14.19 13.97 13.80 14.06 14.45 14.47 17.35 13.79 13.62 12.98 15.35 13.13 14.00 14.45 14.19 16.24 15.42 15.61 15.72 13.99 13.94 12.99 12.67 13.57 12.52 12.80 12.77 13.73
11.60 11.84 12.12 14.44 13.47 12.15 12.98 14.89 12.70 11.99 12.69 15.77 12.82 12.10 10.29 7.73 9.48 12.71 13.14 12.62 12.75 13.06 13.45 14.95 14.94 11.77 11.97 12.10 12.15 10.65 10.88 14.73 12.78 14.30 13.91 12.64 11.91 11.93 10.44 9.77 14.39 13.75 12.99 12.86 12.31 12.92 14.10 16.28 13.86 13.65 13.88 13.91 13.69 14.06 14.61 14.72 17.59 16.60 16.87 13.61 12.64 12.79 13.52 13.99 14.71 16.49 16.44 16.14 16.20 12.70 12.13 12.22 14.58 14.08 12.35 12.64 12.08 11.67
11.33 11.58 11.87 14.06 13.53 11.97 13.00 13.89 13.04 12.76 13.31 15.07 14.73 11.92 10.00 9.18 10.93 12.68 12.80 12.57 12.97 13.31 13.93 12.66 11.29 11.70 11.65 11.36 12.20 10.99 11.33 15.16 14.23 13.64 14.04 12.61 11.97 11.88 8.88 10.52 14.26 13.87 13.39 12.79 12.54 13.19 13.30 13.97 17.34 13.85 13.86 13.87 13.46 13.90 14.80 12.89 14.02 16.71 15.31 14.21 13.28 12.74 12.94 13.20 14.12 13.78 17.78 16.96 16.87 13.02 12.48 12.44 12.32 14.17 12.23 11.22 12.66 13.10
11.06 11.33 11.68 14.31 13.19 11.77 12.19 13.17 13.03 12.82 13.19 13.95 12.03 12.13 10.10 10.11 11.73 12.45 12.55 12.76 13.20 13.44 15.34 12.06 14.41 11.76 11.20 12.63 12.23 12.09 11.77 14.31 13.83 11.88 14.14 12.48 12.07 11.88 10.08 12.96 13.66 13.33 13.93 13.17 12.99 13.04 12.60 12.28 13.29 14.33 13.61 13.69 13.23 13.77 14.91 15.21 14.03 17.33 12.59 14.63 13.91 13.24 12.93 15.97 13.08 14.74 17.98 17.30 16.57 15.73 15.31 15.33 12.70 12.24 14.43 13.20 12.22 13.09
10.79 11.09 11.48 13.97 11.25 11.69 12.08 12.36 13.45 13.57 13.36 11.81 12.10 12.04 10.29 10.74 11.97 12.28 12.58 12.95 13.20 15.43 12.79 11.42 13.02 11.81 11.90 12.86 12.95 14.35 11.54 12.20 11.93 12.89 13.82 13.49 12.64 10.83 10.06 13.46 13.07 13.25 13.46 14.09 13.70 12.61 12.01 14.10 13.01 14.96 13.68 13.41 13.06 13.87 14.77 15.11 18.00 13.41 11.78 14.34 14.48 13.85 13.34 12.55 12.42 13.79 13.78 17.23 16.59 15.88 16.96 15.56 15.55 12.75 12.25 11.78 11.79 12.80
10.55 10.86 11.22 13.88 11.18 11.60 11.89 12.15 13.97 14.85 13.19 12.04 12.46 11.72 10.63 11.25 12.00 12.38 12.72 12.84 12.89 16.77 12.18 11.00 12.65 11.70 11.96 13.01 13.95 14.51 11.35 10.60 12.07 14.15 13.41 13.47 12.31 10.11 12.44 13.26 13.04 13.09 12.79 14.06 14.08 12.93 11.68 13.84 10.10 15.51 14.11 13.31 13.15 14.13 14.59 13.72 13.77 17.21 12.60 12.83 16.83 14.47 13.90 13.09 12.22 12.74 14.38 16.26 16.43 15.55 15.36 14.68 12.75 16.43 12.75 15.19 13.08 12.44
10.34 10.63 10.95 10.94 11.15 11.43 11.70 11.86 13.72 14.64 11.64 12.19 14.22 11.43 12.51 11.56 12.13 12.50 12.64 12.85 14.11 14.83 11.62 10.86 12.81 11.22 12.18 12.91 13.35 13.40 10.29 10.67 13.30 12.81 12.68 12.89 10.45 13.13 13.30 13.20 13.22 13.17 13.04 13.56 13.12 12.85 12.55 8.35 12.57 14.47 14.80 13.43 13.69 13.34 15.50 13.14 14.12 14.18 13.66 12.33 13.58 16.12 18.14 14.08 12.94 12.38 13.52 13.91 16.46 15.92 16.28 15.81 12.16 12.70 15.33 14.97 14.10 13.27
10.14 10.41 10.72 10.85 11.10 11.28 11.56 11.72 13.39 12.56 11.60 12.39 15.60 11.30 11.21 11.87 9.66 12.42 12.49 13.33 14.86 12.24 11.19 10.84 10.71 9.70 12.27 10.99 12.21 13.62 12.17 13.02 12.61 12.14 12.41 12.48 9.23 13.23 12.80 13.45 13.64 13.01 12.45 12.90 13.24 13.01 12.53 13.34 12.20 14.75 14.35 13.48 12.37 14.65 14.04 13.27 13.50 14.24 13.49 14.10 13.16 14.23 13.95 15.01 17.32 16.39 12.82 13.03 14.69 16.10 16.93 15.65 14.72 12.35 14.20 14.97 15.03 14.37
9.94 10.19 10.54 10.78 11.01 11.15 11.41 12.00 12.57 10.50 11.88 10.92 14.99 13.37 11.45 12.02 12.25 11.42 12.94 14.45 14.76 11.69 10.86 10.82 10.82 9.73 10.06 10.71 11.95 12.43 13.72 12.44 12.74 12.02 11.53 10.15 10.26 11.96 13.10 13.89 14.25 12.91 11.63 12.61 13.38 13.12 12.76 13.16 14.24 14.63 14.04 13.60 14.00 13.86 13.56 13.54 13.38 13.72 14.05 13.98 14.14 13.85 14.11 13.87 15.95 15.36 14.36 13.59 13.09 14.91 15.87 16.40 15.55 14.69 14.33 14.65 14.54 14.90
9.74 9.98 10.39 10.72 10.89 10.99 11.23 11.31 11.52 11.25 12.08 15.02 11.61 12.51 11.59 11.94 11.74 12.66 14.50 14.08 12.34 11.28 10.58 13.41 11.07 9.34 12.21 10.68 11.67 14.17 13.61 9.92 13.39 12.07 11.66 10.54 11.54 11.12 13.06 14.16 15.16 12.98 11.23 12.31 13.49 13.24 12.93 13.11 13.81 14.36 14.27 13.94 13.64 13.54 13.68 13.81 13.59 13.47 13.87 13.98 13.91 13.82 13.91 14.31 15.50 15.11 14.24 13.22 13.07 13.17 13.22 16.57 16.22 15.03 14.36 12.96 14.00 13.03
9.51 9.79 10.33 10.66 10.76 10.88 11.09 11.13 11.14 11.32 12.14 15.27 11.47 12.77 11.86 11.18 11.57 13.98 14.22 14.40 11.90 10.97 10.53 10.79 11.22 9.95 12.18 10.37 12.43 12.29 12.29 10.12 12.85 12.19 11.83 12.32 12.62 12.53 10.30 11.97 14.54 13.31 11.63 12.19 13.45 13.35 13.01 13.17 13.59 14.11 14.31 14.16 13.45 13.19 13.58 13.90 13.79 13.50 13.78 13.96 13.85 13.76 13.81 14.02 14.30 14.65 13.79 13.44 13.25 13.41 13.81 14.85 15.64 15.20 15.43 15.11 15.61 15.13
9.33 9.71 10.33 10.54 10.63 10.82 11.40 11.01 11.10 11.33 12.08 14.98 11.42 13.39 12.06 11.03 11.74 14.94 13.93 12.36 11.41 10.75 10.65 10.82 10.30 11.78 12.20 12.42 12.28 12.20 9.50 10.25 13.68 12.36 11.75 11.33 12.62 12.52 11.40 13.61 13.92 13.45 12.32 12.32 13.33 13.35 12.99 13.12 13.57 14.02 14.25 14.24 16.54 13.04 13.39 13.80 13.82 13.59 13.75 13.87 13.80 13.81 13.81 13.81 14.96 15.00 13.71 14.21 14.16 13.79 13.41 13.89 15.27 16.32 13.36 13.01 13.09 13.02
9.26 9.68 10.27 10.38 10.52 10.72 11.49 10.95 11.03 11.27 11.96 14.57 11.46 10.73 11.84 10.58 11.91 13.61 13.47 12.07 11.11 10.67 10.71 10.66 11.46 11.85 12.24 12.42 12.23 12.13 12.44 11.07 12.88 12.54 11.85 12.00 12.57 12.60 11.06 13.33 13.36 13.38 12.78 12.54 13.24 13.34 12.93 12.99 13.50 13.91 14.15 14.24 16.64 15.88 13.31 13.69 13.78 13.66 13.71 13.87 13.81 13.74 13.80 15.05 14.52 15.81 15.27 14.61 14.99 14.60 13.75 13.14 13.34 14.40 15.80 16.31 16.29 13.40
9.25 9.66 10.17 10.29 10.44 10.62 10.78 10.93 10.96 11.21 11.89 13.50 11.45 10.65 12.05 10.15 12.02 14.54 14.35 11.75 10.99 10.65 10.75 11.08 11.55 12.02 12.27 12.26 11.35 10.41 10.21 11.66 12.33 12.64 12.12 11.87 12.45 12.68 12.86 13.18 13.16 13.28 13.03 12.73 13.20 13.31 12.94 13.01 13.41 13.73 14.00 14.15 13.74 16.05 13.25 13.55 13.71 13.69 13.65 13.88 13.94 15.20 13.68 14.52 14.52 15.25 16.00 15.56 15.90 15.53 14.77 13.26 13.51 13.99 13.83 15.48 15.35 15.43
9.24 9.67 10.11 10.24 10.41 10.55 10.75 10.91 10.93 11.14 10.46 14.05 11.17 14.09 12.32 10.91 12.68 11.78 11.74 11.53 10.89 10.65 10.97 11.17 11.62 12.21 9.85 10.51 10.29 10.13 11.76 12.74 13.03 12.56 12.29 11.98 12.40 12.68 12.73 13.09 13.17 13.15 13.14 12.89 12.33 13.22 13.02 13.16 13.39 13.63 13.89 14.05 13.78 16.70 13.19 13.38 13.57 13.60 13.57 13.82 13.98 15.45 15.18 15.43 14.21 13.76 15.37 16.07 15.97 16.12 12.75 14.90 13.22 13.79 13.74 14.61 15.11 13.41
9.22 9.70 10.14 10.18 10.38 10.45 10.61 10.90 10.91 11.05 11.08 13.72 13.58 12.55 12.46 11.87 12.43 14.04 11.62 11.37 10.80 10.68 9.45 11.22 11.68 12.29 12.03 10.71 9.51 10.23 13.66 12.16 12.24 12.35 12.28 12.18 10.94 12.60 9.68 9.39 13.13 12.92 9.40 13.16 12.82 12.96 13.09 13.19 13.41 13.63 13.80 13.95 13.84 17.58 17.29 13.32 13.47 13.40 13.42 13.69 13.87 13.88 15.82 15.85 14.46 13.55 13.81 15.22 16.10 15.82 12.85 14.79 13.20 13.73 14.22 15.39 15.53 15.72
9.19 9.79 10.26 10.12 10.29 10.35 10.48 10.86 10.90 11.01 11.37 12.66 11.03 12.30 11.20 12.22 11.45 12.38 11.56 11.25 10.78 10.71 9.54 11.24 11.65 9.39 11.46 10.60 10.79 11.85 13.38 12.10 12.02 12.13 12.19 9.65 12.38 12.43 12.90 13.34 12.98 12.52 12.99 13.36 12.77 12.79 13.12 13.14 13.41 13.63 13.75 13.82 13.83 17.42 17.27 16.42 13.51 16.06 13.29 13.53 13.77 13.92 16.42 16.53 15.66 13.26 13.54 14.58 15.42 15.67 15.24 14.12 13.18 13.63 14.44 15.11 15.85 13.60
9.15 9.86 10.35 13.35 10.14 10.28 10.36 10.74 10.90 11.00 11.14 11.20 12.07 11.09 11.10 11.16 11.40 11.79 11.50 11.19 10.82 10.73 11.05 9.25 11.58 8.87 10.87 11.91 13.05 11.99 12.14 13.43 11.76 9.88 9.41 12.24 12.34 12.29 13.00 13.60 12.85 12.25 12.69 13.18 12.88 12.87 13.12 13.10 13.34 13.59 13.72 13.73 13.76 13.64 17.63 17.14 17.34 17.47 16.23 13.41 13.67 13.86 16.23 16.70 13.28 16.61 14.92 13.37 15.05 15.39 15.65 14.36 13.05 13.43 13.95 13.41 13.33 15.67
9.27 9.86 10.28 9.97 10.06 10.21 10.24 10.61 10.88 10.99 11.01 11.01 11.11 12.95 10.98 12.30 11.56 10.94 13.31 11.15 10.80 10.77 11.00 11.17 11.63 12.08 11.47 13.08 11.59 11.76 12.05 12.02 10.01 9.02 12.09 12.21 12.27 12.22 12.99 9.76 12.85 12.32 12.53 12.77 12.91 13.07 13.20 13.14 13.26 13.55 13.70 13.66 13.67 13.60 17.92 16.70 17.16 17.58 17.62 16.60 13.57 13.71 16.98 17.27 13.53 16.90 16.39 16.15 15.67 15.60 15.62 15.51 13.16 13.59 13.46 13.22 13.49 13.87
9.60 9.77 10.02 10.05 10.01 10.08 10.22 10.51 10.79 10.95 10.92 10.88 11.01 12.43 12.75 12.58 10.92 10.04 13.08 11.05 10.76 9.28 11.02 11.22 11.75 9.23 12.36 12.81 10.74 8.08 11.86 9.72 11.85 11.91 12.04 12.18 12.20 12.27 8.86 13.36 12.73 12.40 12.46 12.51 12.85 13.20 13.32 13.24 13.26 13.56 13.72 13.68 13.64 13.53 13.43 13.43 13.35 13.21 13.15 13.20 17.29 16.58 17.22 16.95 17.37 16.84 13.07 16.33 16.37 15.92 15.74 15.59 15.67 15.25 14.15 12.71 13.18 13.56
10.11 9.71 9.64 9.99 9.90 9.97 10.29 10.47 10.57 10.85 10.83 10.83 10.94 11.90 10.86 10.80 10.79 11.10 13.00 10.87 10.81 11.04 11.16 11.37 11.69 12.17 12.76 10.74 11.52 11.68 11.71 11.75 11.81 11.84 11.98 12.15 12.15 12.29 12.95 13.22 12.57 12.20 12.22 12.36 12.83 13.24 13.36 13.33 13.34 13.58 13.76 13.75 13.67 13.55 13.55 13.55 13.39 13.21 13.13 13.13 13.13 17.22 16.64 16.77 17.33 13.53 13.20 12.92 12.87 12.81 12.66 12.69 12.73 15.50 15.07 13.28 12.86 13.22
10.20 9.82 9.57 9.73 9.87 10.11 10.34 10.31 10.49 10.73 10.71 10.83 10.93 12.30 10.83 10.73 11.43 11.99 12.53 10.71 10.96 11.21 11.33 11.41 11.44 12.66 11.71 11.39 11.49 11.53 11.56 8.03 11.75 11.88 7.97 8.53 7.75 8.18 8.23 9.45 12.65 12.07 11.88 12.16 12.81 13.24 13.35 13.38 13.43 13.62 13.74 13.72 13.63 13.64 13.73 13.66 13.44 13.24 13.18 13.14 13.03 13.05 13.28 13.38 17.52 13.48 13.26 12.98 12.90 12.85 12.68 12.68 12.69 15.50 15.20 14.56 12.70 12.89
9.73 9.81 9.45 9.29 9.58 10.28 10.38 10.28 10.37 10.56 10.51 10.88 10.97 10.80 10.80 10.66 10.66 10.77 10.59 10.61 11.01 11.33 11.38 11.25 11.54 11.47 11.35 11.40 10.92 9.73 11.47 11.55 11.68 7.73 8.46 8.24 8.28 8.41 8.58 8.99 12.83 11.62 11.34 12.05 12.76 13.18 13.32 13.36 13.52 13.84 13.77 13.49 13.47 13.71 13.88 13.71 13.46 13.28 13.22 13.19 13.04 13.01 13.20 13.30 13.31 13.32 13.24 13.08 12.92 12.85 16.18 15.67 15.57 12.65 15.59 15.13 14.08 12.62
9.98 10.11 9.45 8.41 9.59 10.42 10.40 10.35 10.48 10.32 10.51 10.92 10.93 12.66 10.77 10.55 10.57 10.68 10.51 10.61 10.80 9.83 11.28 11.03 11.29 11.39 11.41 11.34 11.93 9.27 7.68 11.57 11.63 11.79 8.71 8.85 8.13 12.21 12.81 13.77 13.20 10.42 10.29 12.08 12.75 13.06 13.21 13.21 13.54 14.13 13.92 13.32 13.34 13.80 13.93 13.64 13.45 13.35 13.31 13.26 13.09 13.00 13.15 13.29 13.27 13.14 13.14 13.21 13.03 16.44 16.16 16.08 15.82 15.92 15.64 12.51 12.52 14.68
10.71 10.55 8.68 7.38 9.40 10.76 10.45 10.48 10.48 10.15 10.41 10.86 10.75 10.70 10.67 10.53 10.60 10.63 10.49 10.61 10.63 10.81 11.05 8.48 11.38 11.40 10.01 11.82 11.93 11.14 11.38 7.54 8.47 9.22 9.80 9.13 11.70 12.12 12.85 14.35 13.61 10.00 9.74 11.97 12.77 12.99 13.07 13.06 13.53 14.26 14.11 13.38 13.30 13.83 13.89 16.78 16.75 16.64 13.44 13.37 13.17 13.02 13.07 13.24 17.15 17.90 16.81 13.22 13.21 12.82 16.74 16.23 16.20 16.26 12.51 12.42 16.05 15.94
10.66 10.56 8.74 7.02 9.09 11.01 10.60 10.49 10.52 10.11 10.49 10.72 10.57 10.60 10.48 10.53 10.70 10.56 12.64 10.60 11.47 10.41 10.84 11.23 11.37 11.29 9.55 11.03 9.38 11.16 11.33 11.46 8.97 9.14 9.48 8.46 7.38 7.48 8.47 11.28 13.62 11.19 10.44 10.27 7.43 12.87 7.57 8.49 13.51 14.24 14.27 13.62 13.41 13.80 18.69 17.94 18.20 18.40 17.01 13.47 13.24 13.06 13.02 13.14 13.25 13.10 12.93 13.12 13.26 12.99 12.61 12.50 12.52 12.49 16.16 12.62 12.59 12.64
10.09 9.95 9.21 7.84 8.75 10.76 10.70 10.16 10.21 10.39 10.47 10.53 10.46 10.54 10.39 10.49 10.65 10.53 10.53 10.40 10.40 10.59 10.82 11.29 11.23 11.10 9.59 10.45 8.65 11.23 8.62 9.08 8.82 8.72 9.12 8.92 8.14 8.94 10.22 11.59 12.50 11.95 11.31 11.76 8.05 8.09 8.18 12.85 9.17 9.97 14.33 13.97 13.80 13.90 16.77 16.60 16.54 16.86 13.59 13.55 13.21 13.04 13.07 13.10 13.19 13.08 12.94 13.04 13.11 13.06 12.78 12.59 12.71 12.61 15.87 12.47 15.49 15.35
9.26 9.36 9.40 9.07 9.07 10.04 10.62 9.80 9.91 10.56 10.44 10.45 10.52 10.41 10.31 10.53 10.54 10.62 10.34 11.16 10.43 10.74 10.89 11.12 10.12 10.99 9.46 10.62 8.54 8.88 10.39 9.42 8.74 8.72 8.78 10.39 9.66 8.88 9.09 9.13 8.95 9.54 7.96 7.53 8.52 12.53 12.49 12.69 9.13 9.17 8.32 10.76 14.29 14.27 13.62 15.85 15.95 13.09 13.58 13.61 16.37 16.21 13.04 13.16 13.19 13.06 12.97 13.01 17.57 16.45 16.64 16.50 12.83 16.48 15.93 12.41 12.49 15.17
