examples/cougarCreek-fire/createInputs/farsite/7a-cougarCreek-polygonIgnit/cougarCreekFire_08-13-2015_1200_217m_non_neutral_stability_vel.asc
ncols	146
nrows	140
xllcorner	610065.000000
yllcorner	5095217.000000
cellsize	216.586807
NODATA_value	-9999.000000
[rows 36 to 71 of 140, columns 0 to 81 of 146]
9.87 11.33 10.77 9.30 15.12 18.37 18.53 12.20 16.76 19.05 20.80 22.63 22.81 25.42 27.64 26.11 23.16 17.94 12.68 11.25 12.49 11.16 10.68 10.78 15.92 15.91 12.58 16.59 21.17 16.72 5.90 5.30 12.79 23.23 22.01 18.27 19.78 14.86 15.60 16.74 17.77 18.51 18.93 23.37 24.10 24.05 23.13 24.61 29.11 19.01 18.70 18.31 17.58 15.51 14.65 14.72 14.13 14.09 14.38 14.73 14.30 14.33 14.27 18.70 13.01 12.00 11.86 11.71 11.68 11.47 11.15 11.57 12.25 12.33 12.87 13.65 14.39 15.21 11.67 16.18 16.48 12.24
12.46 11.04 8.48 9.75 13.35 16.30 15.38 19.38 20.27 21.30 21.97 20.86 21.24 25.32 30.04 32.80 32.79 28.60 22.52 16.67 12.80 9.93 9.28 12.03 12.26 15.02 18.90 18.39 20.89 19.16 17.38 14.63 16.90 20.61 23.37 21.93 22.30 21.75 20.28 19.31 14.55 20.30 18.25 18.76 18.66 17.58 19.05 23.32 27.58 28.85 31.07 20.82 19.77 25.21 18.17 17.37 16.37 16.01 16.01 16.12 12.38 12.01 11.96 12.11 12.57 12.84 12.68 12.41 12.21 11.86 11.14 11.24 14.24 11.51 11.56 12.57 13.49 14.01 14.56 15.21 15.45 11.64
9.27 12.11 7.21 12.12 17.29 21.15 20.54 20.13 22.12 20.80 20.80 20.21 22.26 23.26 24.72 26.17 25.87 22.55 17.38 12.92 10.92 9.24 9.06 11.14 12.95 13.08 17.24 19.83 21.89 24.31 24.72 19.13 24.84 21.76 19.27 17.80 14.45 8.71 7.60 19.06 21.13 20.75 14.21 15.51 16.57 18.05 19.19 19.46 23.21 25.78 30.67 30.51 31.02 27.45 24.88 24.21 23.60 22.96 16.45 16.09 15.97 15.63 15.68 15.86 11.33 16.35 12.40 12.06 11.78 11.49 11.38 11.98 12.24 11.39 11.37 11.68 10.71 11.12 12.71 13.16 13.16 13.79
12.99 10.41 14.72 16.69 19.17 22.61 17.30 21.32 17.66 17.56 16.55 17.49 18.64 17.71 19.29 20.61 20.64 18.98 16.45 12.97 10.03 8.83 7.76 11.16 12.60 12.25 13.02 13.97 21.06 23.66 24.30 21.21 26.57 24.26 19.82 18.63 19.40 18.37 16.43 8.14 8.14 19.44 9.79 10.34 17.87 24.08 26.54 25.54 25.87 26.31 25.96 27.20 26.43 28.72 31.78 28.53 26.40 24.09 22.79 17.83 16.96 16.14 16.32 16.79 15.89 15.53 15.62 13.97 14.17 14.71 14.58 10.81 10.59 11.02 11.46 11.37 11.23 11.57 10.93 10.48 11.01 11.71
18.97 19.97 21.42 22.63 19.47 18.00 16.75 19.12 16.61 17.15 16.33 15.10 14.77 16.60 21.08 21.54 20.56 18.97 15.61 10.77 9.43 9.17 7.53 9.61 10.55 9.90 11.04 12.75 13.60 19.47 20.53 20.69 25.19 24.21 20.08 20.34 21.13 20.69 21.73 14.37 13.24 12.90 12.07 6.24 7.19 9.12 12.44 15.45 16.84 28.98 29.49 28.53 27.58 25.21 20.60 19.91 24.58 22.92 14.29 20.93 24.59 22.52 18.90 17.15 14.94 16.80 16.00 11.91 12.72 13.75 13.30 11.93 11.89 9.38 9.48 9.70 10.87 11.98 11.43 10.02 9.56 10.06
20.44 19.93 20.52 20.55 17.67 16.87 16.31 17.19 16.89 16.94 16.34 17.51 19.56 22.73 25.26 23.43 21.08 17.01 12.22 10.22 9.99 8.92 8.23 7.06 8.24 9.61 11.01 12.73 12.85 15.96 19.05 23.74 25.96 25.08 23.89 23.75 25.06 23.34 20.71 20.69 20.70 19.37 18.13 17.67 18.24 16.07 11.16 13.59 25.52 27.77 29.11 28.28 19.45 29.91 28.09 26.42 22.15 19.86 10.29 11.14 20.49 17.08 17.35 16.52 15.37 14.72 13.80 12.85 11.38 11.63 11.47 13.87 11.41 12.39 11.00 10.32 9.11 9.80 10.28 9.78 8.37 8.33
17.83 18.88 17.89 13.94 13.19 16.85 17.38 15.74 17.86 18.44 18.62 20.62 23.57 26.01 25.69 23.64 19.55 15.02 11.96 9.75 8.46 7.99 7.19 7.36 7.06 8.54 11.56 12.51 12.83 14.60 19.50 24.59 28.50 29.92 28.82 26.45 24.35 23.00 23.14 22.36 22.92 22.28 21.06 21.11 21.81 21.26 22.67 24.29 26.35 17.99 28.22 25.95 22.70 22.00 19.69 7.04 5.82 13.76 13.71 15.38 6.56 14.76 14.80 8.34 3.23 2.82 3.05 2.97 3.48 3.65 3.57 3.33 3.51 5.19 5.96 5.62 5.72 9.07 7.99 7.79 7.18 7.11
16.61 14.55 9.63 21.01 19.63 18.94 16.22 17.83 19.31 18.88 21.84 27.78 28.66 26.80 25.40 23.16 18.17 16.01 12.15 9.13 7.80 6.81 7.06 7.07 5.50 7.35 10.56 11.70 12.44 11.59 16.79 20.87 24.18 28.22 29.71 27.27 23.53 22.63 22.95 20.91 21.28 23.01 21.79 20.44 20.27 22.26 23.34 22.55 23.99 25.84 24.92 23.59 23.82 20.72 16.59 15.07 14.11 14.13 12.71 8.74 6.85 2.98 2.37 1.36 1.71 2.92 3.94 4.86 6.56 5.90 6.46 6.53 7.18 8.02 8.70 7.29 6.43 6.80 2.61 6.41 7.34 6.76
19.40 20.73 23.29 16.70 22.11 23.06 18.08 20.93 21.58 24.62 30.51 29.59 26.19 23.18 21.43 19.51 17.03 16.73 12.74 9.95 9.62 8.58 8.51 7.16 5.40 6.50 8.90 9.72 11.23 10.33 15.23 17.28 21.56 24.14 23.37 23.07 23.53 22.42 20.72 20.06 20.09 21.09 21.02 19.08 19.30 20.46 23.24 23.86 24.58 23.49 21.89 21.42 22.87 21.93 19.66 16.15 10.38 5.95 3.58 3.17 2.39 0.35 2.56 4.47 4.58 5.68 7.05 7.65 8.47 9.28 9.42 9.04 9.49 9.84 9.52 8.89 8.28 8.06 7.84 6.82 6.55 6.43
12.84 12.89 20.69 24.94 24.45 23.71 24.32 23.69 25.18 29.94 22.57 22.73 18.76 16.31 16.54 16.18 16.52 12.58 9.75 9.85 9.24 9.29 9.00 9.06 7.07 5.09 5.60 7.24 8.35 9.86 13.57 14.45 16.95 19.61 19.41 19.94 19.44 17.82 16.76 18.02 17.31 15.05 16.65 17.45 16.91 17.22 19.56 18.88 20.83 22.94 22.41 18.21 16.89 15.72 12.83 9.14 4.21 1.81 0.90 1.32 3.40 2.85 4.35 5.51 6.22 7.36 6.66 7.06 9.54 8.84 8.45 6.62 5.91 4.77 4.33 5.77 8.90 5.45 5.43 8.60 7.65 7.14
23.82 24.66 24.46 25.78 24.58 25.30 27.82 27.10 28.02 21.59 21.42 16.51 15.08 15.28 16.03 14.42 12.29 9.82 8.87 8.67 7.54 9.00 8.76 8.45 7.95 5.23 3.64 6.08 8.29 11.14 12.66 13.53 14.69 16.27 16.85 14.80 15.10 16.94 16.98 13.24 12.02 13.61 13.54 11.58 8.53 15.63 16.96 17.03 16.68 11.98 8.58 11.92 14.42 12.43 9.35 5.54 1.13 1.14 3.78 7.68 9.62 9.51 9.19 8.85 8.30 8.40 9.20 9.85 6.84 9.43 8.66 8.28 8.52 2.24 2.93 3.03 7.85 2.82 4.53 6.11 9.09 6.24
27.50 25.59 22.87 23.04 24.61 25.59 23.02 24.76 22.80 21.71 16.19 14.53 12.74 13.37 12.28 9.06 9.28 9.33 9.40 8.98 8.23 8.69 8.13 7.63 7.18 6.19 3.31 5.44 8.09 9.36 11.78 12.09 10.19 15.74 14.66 11.70 12.51 15.11 15.16 15.24 10.40 12.56 11.42 9.82 13.05 7.35 11.63 15.30 9.39 7.95 6.68 7.08 6.63 4.90 2.24 3.37 8.57 12.32 12.76 14.69 15.75 14.10 12.22 10.69 10.37 9.93 8.55 7.33 8.45 7.16 6.62 1.70 2.41 2.68 2.37 1.76 7.99 7.80 7.58 4.51 8.35 5.82
28.97 26.03 24.79 28.32 24.87 22.28 18.38 19.76 15.93 16.48 13.94 12.60 11.29 10.48 7.82 15.35 15.83 14.80 12.51 11.08 9.20 9.20 8.47 8.56 7.54 7.42 4.92 5.50 8.08 9.20 10.50 12.23 7.79 16.39 13.20 8.22 12.03 13.02 12.41 14.07 12.29 8.79 9.47 10.68 14.23 10.17 11.40 9.18 7.87 6.06 6.21 9.76 11.65 11.43 10.96 12.99 16.86 17.67 15.02 15.59 16.84 16.51 14.81 12.37 10.28 8.69 7.03 5.61 2.58 2.52 3.69 6.40 2.52 1.71 3.61 1.12 1.39 7.49 2.80 3.98 7.04 7.46
29.63 27.61 25.06 22.42 20.80 20.93 17.73 13.97 13.48 14.32 13.28 11.90 11.43 12.12 20.45 19.50 20.75 19.92 18.00 14.43 9.44 10.42 10.34 8.61 8.14 8.13 5.90 5.89 7.44 3.52 10.30 6.20 7.91 11.65 12.65 8.30 7.38 11.62 11.93 13.90 7.93 14.01 6.74 9.49 10.90 16.41 8.17 7.11 6.59 11.05 16.68 18.97 19.41 18.89 18.11 17.56 16.58 14.50 12.43 11.56 12.57 14.50 15.25 13.29 9.58 7.12 5.69 5.17 8.48 8.31 7.21 5.10 4.61 4.56 3.99 3.00 2.99 2.94 8.42 5.50 5.76 7.21
30.97 28.20 22.95 19.93 19.26 11.42 10.43 13.03 14.02 13.75 10.47 9.14 12.51 19.00 25.47 26.84 23.00 21.00 17.85 14.10 10.51 10.41 9.98 9.14 9.43 8.88 7.25 5.71 2.10 2.86 10.39 4.72 5.84 11.12 12.79 6.48 6.30 10.93 11.18 12.43 13.28 12.49 10.96 8.49 10.89 12.88 12.88 14.06 13.85 15.75 17.65 16.75 15.44 14.87 16.56 16.31 13.08 10.99 9.88 8.31 7.43 7.94 11.10 13.37 12.94 10.90 9.46 8.57 8.68 9.62 9.81 9.64 9.69 8.20 6.97 7.43 8.59 9.21 10.03 5.63 7.82 7.45
31.66 26.57 21.72 19.39 12.21 13.96 16.18 15.88 14.92 12.92 12.19 21.66 19.34 26.32 26.67 27.10 22.16 19.60 15.80 13.79 12.15 10.70 9.62 9.86 9.06 8.53 7.38 4.58 1.64 3.01 10.77 5.30 5.02 11.89 13.03 4.78 8.75 10.42 10.28 10.91 11.62 11.15 9.35 8.96 6.66 7.36 8.02 7.23 7.36 7.77 8.65 8.74 8.06 8.41 11.94 12.60 10.86 10.30 8.87 8.01 6.71 4.76 6.64 9.61 13.04 14.11 12.75 12.87 11.61 8.79 9.85 9.05 8.50 7.35 4.85 9.95 10.07 10.30 10.36 1.71 9.62 10.24
30.05 24.79 20.70 18.24 17.76 18.35 16.87 16.46 17.17 14.84 16.19 25.12 32.38 31.89 29.01 23.81 20.61 17.78 15.20 13.99 12.97 10.95 8.64 3.83 10.39 7.64 4.78 2.12 2.02 8.36 10.85 6.10 5.89 11.98 11.38 5.15 8.72 9.72 10.03 11.33 11.25 9.96 7.69 6.35 7.44 5.16 3.30 2.00 3.59 4.60 4.02 3.61 4.60 5.53 9.81 12.22 12.78 13.06 11.11 9.90 8.97 7.64 5.39 7.13 8.73 11.15 12.36 12.38 8.58 5.42 9.53 9.90 8.58 7.04 5.92 6.13 7.25 8.01 8.49 9.62 2.52 12.68
28.96 27.84 23.81 22.37 21.72 22.42 20.97 20.19 19.77 18.47 25.68 27.35 31.22 25.34 20.90 19.49 17.91 15.16 14.35 13.88 12.46 12.01 8.89 10.97 11.84 6.33 4.58 6.31 7.55 9.10 11.40 10.00 5.50 11.06 5.46 5.77 6.22 7.03 8.41 8.78 9.22 8.32 7.45 6.35 5.52 5.27 6.02 5.16 4.19 3.38 5.06 4.04 3.37 4.62 6.77 10.43 12.65 12.99 11.54 10.31 9.17 6.35 3.68 2.37 0.95 1.49 4.31 4.09 4.04 1.91 3.47 5.79 6.22 6.01 5.46 5.38 5.26 1.23 1.44 10.68 12.31 13.38
31.47 30.54 26.67 27.98 29.59 26.26 22.45 19.03 20.90 22.83 25.94 22.29 23.15 18.18 13.41 14.17 14.45 12.35 13.30 13.61 13.15 12.63 11.16 11.53 11.24 8.57 8.61 9.24 8.77 9.32 12.15 9.78 5.51 10.06 5.98 7.22 10.04 10.68 7.85 7.84 9.25 8.80 7.16 4.95 4.18 5.25 6.15 5.95 5.45 5.03 0.85 2.20 3.94 3.70 4.33 4.91 7.29 8.32 6.55 5.50 5.03 3.01 0.08 2.40 4.22 4.71 3.96 4.23 5.13 5.00 5.84 5.36 7.07 4.12 5.20 3.31 4.24 9.18 6.63 6.45 2.74 1.18
34.31 30.91 29.16 30.43 22.52 22.20 18.03 20.68 28.97 29.82 22.45 16.96 18.03 15.44 12.84 12.81 13.88 12.98 14.77 16.06 14.96 13.61 11.77 10.70 9.89 9.70 9.72 9.61 8.80 9.81 12.83 8.27 6.67 9.38 10.08 7.08 10.09 6.76 8.08 9.55 8.48 8.50 7.94 3.16 1.95 0.93 4.79 5.55 4.39 2.82 2.57 0.96 3.86 3.71 3.47 2.02 1.45 2.87 1.48 1.24 3.08 4.99 4.39 3.90 2.14 1.93 4.37 4.85 3.78 2.82 3.90 4.41 4.11 4.90 4.79 6.25 7.20 5.81 8.39 12.31 13.19 9.15
35.01 28.96 22.56 21.52 17.97 15.37 13.60 27.05 24.82 23.10 16.73 15.23 10.46 14.34 9.98 10.62 13.66 14.03 18.55 19.99 16.63 13.82 11.71 10.20 9.44 9.78 8.81 8.05 8.50 10.26 11.15 9.18 6.70 8.73 9.43 6.14 9.68 7.01 8.97 7.69 8.07 7.13 8.73 4.30 4.11 2.28 0.49 0.90 0.53 3.96 2.17 0.60 0.21 3.21 3.08 3.82 4.46 4.57 3.61 3.03 1.60 3.07 2.61 3.38 4.01 4.31 6.36 3.38 4.11 5.42 6.15 5.29 4.12 4.17 5.47 7.64 9.87 11.57 13.17 14.52 11.36 12.25
30.50 27.59 19.53 14.62 10.57 6.97 19.79 28.33 22.26 15.95 10.57 6.75 10.97 9.97 6.72 5.85 7.58 12.40 24.50 22.50 17.19 14.39 10.85 8.37 8.95 9.93 8.20 7.23 9.53 11.22 9.88 7.54 5.13 4.54 3.99 3.54 8.55 7.79 7.92 9.02 8.81 7.52 7.53 7.82 8.58 3.98 3.07 3.68 3.35 3.04 2.77 3.92 1.42 0.87 1.06 6.12 7.43 3.15 3.69 3.83 3.75 4.01 3.16 4.04 4.92 5.87 6.40 6.30 6.55 7.06 6.59 5.68 5.88 5.40 7.25 9.50 12.22 14.97 16.41 16.34 15.15 13.15
25.46 19.44 18.54 6.76 12.98 20.68 27.37 20.45 14.11 9.58 1.69 3.34 9.92 7.63 7.55 8.10 18.01 26.25 23.10 17.29 16.72 15.86 10.38 7.67 9.34 8.39 6.78 7.61 10.53 11.19 8.16 5.82 6.12 5.69 5.26 3.96 9.32 7.29 1.64 9.38 7.91 7.24 6.57 6.83 7.34 5.98 6.59 7.17 6.81 6.26 6.16 4.07 1.77 0.83 4.22 1.50 2.45 2.40 1.15 2.00 3.02 4.13 5.97 6.15 6.53 6.73 6.89 6.74 6.06 5.02 3.92 6.66 6.45 8.50 11.85 15.41 16.63 17.42 17.50 16.66 16.25 15.90
22.65 16.93 10.79 15.82 18.83 20.06 17.80 14.02 10.79 1.44 2.41 4.21 3.35 9.26 10.78 15.33 24.75 27.50 19.23 11.62 14.39 13.75 10.11 11.39 10.78 7.25 6.17 9.01 11.48 10.64 6.26 6.44 9.65 8.91 11.99 3.79 8.46 9.50 7.86 5.07 6.52 7.60 3.97 5.07 3.89 4.92 6.17 7.91 8.65 8.42 9.41 8.41 5.76 4.37 2.97 1.80 2.22 2.79 3.35 3.54 3.69 4.52 5.74 6.92 7.62 7.90 7.35 5.69 5.79 5.83 4.27 7.59 11.52 14.89 17.10 18.49 18.06 17.37 17.28 17.54 17.23 17.02
20.11 14.60 16.89 16.84 21.65 15.78 12.04 9.62 4.10 7.20 11.14 14.52 15.01 13.11 15.06 24.17 32.30 28.37 16.71 10.38 13.84 14.81 13.10 12.35 8.92 6.75 7.53 9.74 9.71 8.23 7.29 9.92 10.61 9.21 11.72 8.09 2.72 8.82 7.82 6.71 4.71 7.10 6.29 5.89 6.11 4.06 3.81 6.54 7.55 8.41 9.53 10.60 9.97 8.98 7.26 5.33 4.20 5.63 7.02 7.02 6.39 6.63 8.02 9.10 8.93 7.58 7.12 5.08 6.18 7.93 10.63 14.43 16.86 18.30 18.44 17.71 16.65 16.38 17.47 17.18 16.81 14.54
16.52 21.15 14.75 18.14 16.14 11.80 10.61 4.23 7.75 10.99 14.08 16.22 18.99 19.96 24.35 33.29 34.82 25.58 15.04 11.21 12.77 14.40 12.65 7.84 6.56 6.73 7.61 7.82 7.26 8.55 10.60 11.82 10.99 10.21 12.11 11.15 2.89 8.09 8.40 7.06 4.98 5.48 5.62 5.05 6.09 5.67 6.23 6.11 5.55 5.88 7.57 9.14 10.52 11.17 11.03 10.19 9.46 9.66 10.55 10.71 10.11 9.79 10.37 10.68 9.41 7.62 6.83 7.53 10.62 14.21 16.84 17.88 17.51 17.14 16.67 16.46 17.25 16.94 15.90 14.81 14.65 14.77
22.05 20.36 12.43 14.00 10.23 7.20 7.80 8.06 11.34 13.91 14.64 20.88 23.70 26.37 32.09 36.76 31.75 20.62 13.72 16.79 12.46 13.18 13.46 10.39 8.25 6.93 6.53 6.50 6.74 8.79 11.02 11.34 6.15 11.40 12.41 11.61 9.68 7.81 8.29 6.68 6.26 5.21 5.45 5.46 5.45 5.52 4.34 4.88 4.51 5.31 6.46 7.56 6.44 9.63 10.25 10.59 10.56 10.76 11.54 12.10 12.22 12.18 12.40 12.63 12.11 11.71 12.63 13.89 15.39 17.31 18.38 17.89 16.83 16.61 16.57 17.19 16.09 14.88 13.69 12.86 12.73 12.58
23.45 14.41 5.08 3.48 7.17 4.48 11.31 12.50 12.95 17.25 21.12 24.16 27.00 30.45 35.24 35.53 27.86 18.67 13.21 15.04 14.05 14.03 13.11 10.56 6.96 6.34 5.65 4.41 5.20 8.05 10.31 7.55 6.59 11.31 9.35 10.80 9.31 8.91 7.94 6.95 6.54 5.93 6.60 5.33 4.63 4.85 4.13 3.53 3.05 3.97 5.00 4.68 4.25 7.17 7.95 9.10 9.80 10.25 10.90 11.83 12.80 13.38 13.81 14.43 15.03 16.01 17.11 17.29 16.91 16.94 17.40 17.25 16.79 16.89 15.31 15.52 13.50 12.36 11.75 11.36 11.12 10.88
10.19 12.19 6.59 5.28 9.25 9.82 9.22 9.93 19.60 24.98 26.20 26.37 29.74 33.65 34.58 31.87 25.56 19.82 13.43 14.45 15.30 13.08 11.10 9.17 6.63 7.02 5.14 3.10 4.55 7.20 7.40 10.71 8.85 12.57 9.68 9.96 9.20 7.11 7.02 6.88 7.04 5.48 3.60 5.64 4.49 3.57 4.41 3.01 2.61 1.96 3.38 4.46 4.50 3.25 7.39 8.19 9.23 9.95 10.42 11.20 12.33 13.32 13.95 14.53 15.23 16.02 16.27 15.77 15.35 15.29 15.43 15.42 15.39 15.39 14.80 12.88 10.79 10.51 8.08 7.54 6.08 5.32
12.75 18.32 10.72 3.51 5.93 9.15 14.24 22.32 27.74 29.06 28.03 29.07 32.14 32.27 29.21 26.66 22.39 17.79 12.09 15.48 11.75 8.09 10.04 10.86 7.57 5.87 5.97 4.01 2.26 4.07 6.35 11.57 10.70 11.17 10.52 9.47 7.96 7.05 7.17 6.25 6.73 5.73 3.47 5.12 4.38 4.27 3.28 2.13 2.67 3.58 2.29 3.98 3.71 2.02 7.09 7.67 8.62 9.31 9.95 10.76 11.72 12.55 12.79 13.05 13.58 13.88 13.65 13.30 13.31 13.53 13.26 12.66 12.64 12.85 12.63 11.44 10.18 10.99 12.57 12.93 12.29 11.29
21.80 17.08 12.03 8.41 12.92 19.28 25.26 29.36 29.84 28.76 28.64 29.94 30.22 27.35 24.62 22.57 20.28 14.70 9.99 14.97 14.99 2.62 13.88 12.52 6.75 4.69 4.34 5.75 8.00 9.28 7.15 11.66 12.58 11.95 12.19 9.91 5.99 8.27 6.59 0.98 5.09 5.86 2.54 3.03 3.92 4.40 3.80 2.84 3.78 5.23 4.50 1.60 1.47 4.30 6.96 7.69 8.46 9.07 10.04 11.10 11.81 12.03 11.83 11.71 11.84 11.86 11.71 11.88 12.29 12.56 11.87 8.35 8.58 11.57 11.60 10.00 11.89 12.78 13.64 13.37 12.87 11.92
15.59 16.25 14.13 17.25 23.31 28.77 31.16 30.86 29.17 28.02 27.18 27.32 25.89 23.94 22.61 19.84 18.63 12.42 10.78 13.83 8.12 12.94 11.06 12.10 7.95 4.50 5.66 7.30 1.63 7.32 10.02 12.99 13.09 10.96 11.00 9.85 5.19 7.11 6.05 0.85 5.05 5.65 2.86 3.85 1.17 3.06 3.58 3.75 1.86 3.22 4.83 1.44 1.53 0.81 7.60 8.16 8.59 9.50 10.75 11.77 12.12 11.99 11.38 10.65 10.35 10.15 9.99 10.71 11.69 12.05 8.81 7.64 7.63 10.62 10.36 11.15 11.90 11.59 10.58 9.79 8.98 4.70
17.26 19.60 20.24 24.81 29.87 31.68 31.26 29.09 26.96 25.77 24.76 23.12 22.07 21.34 20.81 18.03 17.17 11.21 11.17 14.46 8.17 10.15 12.98 8.42 7.33 3.21 7.02 8.68 5.04 10.34 11.16 12.63 14.15 10.14 9.23 8.83 6.52 7.66 5.00 2.39 3.40 2.71 3.83 4.06 3.72 3.54 1.26 0.97 0.67 1.47 1.11 2.40 1.67 2.73 2.85 5.80 8.62 9.73 11.09 11.67 11.56 11.05 10.41 7.11 9.84 9.61 9.03 9.53 10.97 11.55 11.06 10.65 7.96 10.05 5.89 9.58 9.99 8.64 2.14 2.01 4.36 7.29
18.88 18.40 18.30 25.59 29.42 28.53 26.54 24.32 22.84 22.30 21.01 19.45 19.32 19.03 20.94 16.31 16.06 7.97 12.13 15.18 9.75 9.91 8.86 7.76 5.73 6.09 11.76 10.75 8.55 11.57 8.14 13.12 14.08 11.25 9.98 6.81 5.52 6.66 5.29 4.28 3.02 4.14 2.42 4.52 4.24 3.92 1.76 0.88 1.25 1.40 1.26 1.74 1.45 2.52 6.92 5.44 5.08 8.96 10.74 11.42 10.96 9.98 9.40 9.51 9.79 9.74 9.31 9.39 10.38 11.15 11.20 11.16 7.87 10.30 9.72 5.34 5.70 5.48 7.89 8.08 8.67 9.43
18.36 15.32 18.37 25.64 26.52 23.67 21.21 19.90 19.63 20.91 18.02 16.89 16.81 17.01 17.81 14.51 14.68 6.33 12.06 14.17 12.03 9.88 5.92 6.75 1.34 9.98 16.24 12.59 11.01 8.69 5.58 11.16 14.18 11.32 9.50 5.84 6.52 7.73 4.92 6.23 8.48 6.49 5.50 5.83 5.76 5.42 3.47 0.84 1.54 3.74 4.53 2.69 1.72 4.21 5.16 8.26 7.24 6.19 9.73 11.20 11.15 10.44 9.90 9.87 9.89 9.87 9.73 6.41 10.48 11.29 11.60 11.42 7.15 6.24 5.77 5.34 4.74 6.40 9.71 8.40 10.71 11.21
14.68 15.43 22.08 24.51 24.37 20.65 18.18 20.23 19.65 19.33 17.83 16.59 15.68 16.83 16.92 12.19 12.81 6.12 10.72 12.10 11.91 7.58 3.94 6.98 9.43 11.73 14.45 11.96 12.83 7.47 6.66 12.89 14.46 10.36 7.97 7.25 7.75 7.31 4.18 11.22 6.73 2.16 7.73 3.88 7.60 7.01 6.56 3.61 2.64 1.79 4.46 5.52 3.21 3.92 3.52 6.83 8.74 7.96 9.50 10.76 11.43 11.40 11.17 10.86 10.51 10.53 10.75 10.81 7.64 11.69 12.22 12.11 7.10 6.00 5.37 5.07 5.43 5.73 6.55 6.80 11.39 11.92
