examples/cougarCreek-fire/createInputs/farsite/7a-cougarCreek-polygonIgnit/cougarCreekFire_08-12-2015_2000_217m_non_neutral_stability_vel.asc
ncols	146
nrows	140
xllcorner	610065.000000
yllcorner	5095217.000000
cellsize	216.586807
NODATA_value	-9999.000000
[rows 0 to 35 of 140, columns 0 to 80 of 146]
7.03 7.09 7.25 7.02 6.71 6.58 6.46 6.33 6.19 8.93 5.79 5.66 5.15 4.52 3.89 3.24 2.52 1.82 1.13 0.45 0.40 1.06 1.82 2.48 3.15 3.85 4.58 5.31 5.99 6.64 7.27 7.74 8.17 8.48 8.75 9.08 9.39 16.23 11.99 10.28 13.12 13.54 11.31 14.62 14.81 15.24 12.88 13.29 13.64 13.83 13.81 13.68 13.68 13.60 13.58 13.52 13.08 12.77 12.97 12.98 12.63 12.54 12.55 12.44 12.30 11.98 11.87 12.06 12.18 12.23 12.02 11.66 11.51 11.51 11.75 11.87 11.23 10.90 11.15 11.12 11.22
7.03 7.09 7.25 7.02 6.71 6.58 6.46 6.33 6.19 8.93 5.79 5.66 5.15 4.52 3.89 3.24 2.52 1.82 1.13 0.45 0.40 1.06 1.82 2.48 3.15 3.85 4.58 5.31 5.99 6.64 7.27 7.74 8.17 8.48 8.75 9.08 9.39 16.23 11.99 10.28 13.12 13.54 11.31 14.62 14.81 15.24 12.88 13.29 13.64 13.83 13.81 13.68 13.68 13.60 13.58 13.52 13.08 12.77 12.97 12.98 12.63 12.54 12.55 12.44 12.30 11.98 11.87 12.06 12.18 12.23 12.02 11.66 11.51 11.51 11.75 11.87 11.23 10.90 11.15 11.12 11.22
6.87 6.95 7.25 7.13 6.78 6.62 6.49 6.37 6.26 6.08 5.82 5.64 5.11 4.49 3.86 3.22 2.51 1.82 1.16 0.60 0.62 1.47 1.98 2.65 3.30 3.98 4.72 5.49 6.19 6.81 7.38 7.78 8.23 8.59 8.87 9.26 9.63 9.91 10.15 10.48 10.85 11.14 11.50 11.95 12.45 12.82 12.96 13.39 13.75 13.86 13.88 13.84 13.90 13.84 13.82 13.66 13.08 12.89 13.20 13.17 12.81 12.70 12.75 12.63 12.38 12.02 12.09 12.39 12.46 12.29 11.82 11.46 11.47 11.64 11.99 11.96 11.14 10.87 11.24 11.32 11.50
6.69 6.74 7.16 7.19 6.84 6.64 6.49 6.35 6.26 6.09 5.79 5.57 5.02 4.41 3.81 3.18 2.52 1.90 1.39 1.09 1.18 2.21 2.38 3.04 3.67 4.32 5.02 5.81 6.55 7.10 7.60 7.87 8.30 8.74 9.04 9.44 9.91 10.30 10.53 10.75 11.06 11.37 11.76 12.14 12.63 13.00 13.04 13.47 13.83 13.88 13.89 13.90 14.01 14.02 13.99 13.65 13.06 13.12 13.38 13.34 13.13 12.90 12.94 12.82 12.39 12.19 12.50 12.77 12.64 12.18 11.58 11.42 11.60 11.94 12.25 11.98 11.05 10.78 11.29 11.60 11.85
6.74 6.76 7.13 7.24 6.98 6.77 6.58 8.82 8.81 8.26 5.82 5.61 5.09 4.48 3.84 3.23 2.61 2.06 1.64 1.42 2.90 2.55 3.04 3.33 3.98 4.62 5.28 6.06 6.80 7.34 7.86 8.07 8.45 8.93 9.23 9.61 10.09 10.60 10.91 11.06 11.24 11.63 12.06 12.32 12.78 13.16 13.29 13.71 14.07 14.12 13.97 13.94 14.11 17.01 14.02 13.63 13.28 13.52 13.58 13.55 13.50 13.13 13.13 12.85 12.51 12.68 12.89 12.84 12.44 11.97 11.76 11.81 12.01 12.25 12.28 11.85 10.99 10.78 11.39 11.79 12.02
6.80 6.81 7.13 7.28 7.14 6.94 6.70 6.52 6.37 8.16 7.97 7.22 5.20 4.62 3.93 3.30 2.68 2.16 3.67 1.53 3.07 2.70 2.83 3.45 4.15 4.80 5.48 6.29 7.02 7.55 8.07 8.27 8.63 9.07 9.37 9.81 10.28 10.80 11.17 11.34 11.51 11.93 12.31 12.51 12.95 13.40 13.63 14.01 14.32 16.59 16.63 16.47 14.23 14.17 14.05 13.83 13.64 13.84 13.87 13.81 13.69 13.39 13.21 12.81 12.87 13.13 16.13 12.71 12.19 12.07 12.24 12.23 12.26 12.28 12.06 11.59 10.96 11.03 11.66 11.89 12.11
6.95 6.91 7.12 7.29 7.26 7.10 6.84 8.73 8.54 7.96 8.11 7.76 6.33 4.75 4.06 3.37 2.75 2.24 3.78 3.37 3.17 3.03 3.21 3.94 5.08 6.01 5.69 7.19 8.06 8.95 8.24 8.52 8.88 9.20 9.50 10.03 10.51 10.95 11.38 12.54 12.73 12.25 13.78 12.75 13.21 14.98 15.68 16.52 17.03 16.86 20.69 14.25 17.10 14.24 14.22 14.16 14.03 14.12 14.13 13.97 13.83 16.75 16.62 13.03 13.31 16.15 12.95 12.58 12.24 12.50 12.64 12.37 12.21 12.09 11.87 11.56 11.22 11.43 11.84 11.89 12.16
7.14 7.08 7.17 7.28 7.33 7.22 6.99 8.84 8.90 8.67 8.27 8.05 6.85 5.15 3.98 3.47 2.82 3.67 3.73 3.43 3.19 3.18 3.33 3.89 4.97 6.03 6.70 7.40 8.24 9.10 8.43 9.48 9.92 9.35 9.66 10.24 10.71 11.07 12.05 12.50 12.95 13.52 13.85 14.12 14.77 15.98 16.72 16.96 17.10 21.12 17.08 16.59 14.51 14.45 14.52 14.43 14.36 14.39 14.31 14.11 16.92 16.80 13.34 13.46 13.52 16.39 12.95 12.61 12.58 12.83 12.66 12.25 12.09 12.06 11.98 11.72 11.45 11.68 11.97 11.98 12.17
7.29 7.26 7.31 7.34 7.39 8.44 7.17 8.02 8.54 8.52 8.10 7.93 7.17 5.68 4.26 3.57 3.61 3.57 3.71 3.53 3.06 3.15 6.75 6.82 4.86 5.96 6.75 7.54 8.39 9.20 9.62 9.73 10.33 9.50 9.86 10.59 11.34 11.64 11.87 12.35 13.12 13.67 13.90 14.39 15.23 15.70 16.27 16.66 16.65 16.57 16.49 17.02 17.53 17.04 16.97 14.69 14.68 14.63 17.36 14.21 16.49 13.88 13.76 13.73 16.57 16.39 16.11 15.44 12.89 12.88 12.51 12.16 12.23 12.30 12.10 11.70 11.54 11.95 12.20 12.10 12.08
7.48 7.38 7.39 7.41 7.41 9.22 8.86 8.42 8.10 7.91 7.66 7.56 10.85 6.12 4.48 3.66 3.40 3.12 3.67 7.74 7.59 3.17 2.91 3.52 8.06 5.83 6.77 7.62 8.47 9.09 9.73 9.96 10.37 10.45 10.38 10.89 11.49 11.67 11.98 12.65 13.51 14.00 14.23 15.05 15.85 15.95 15.88 16.14 16.63 16.81 17.42 17.25 18.00 17.16 15.07 15.08 14.98 14.80 16.90 14.30 14.22 14.27 14.14 16.82 16.51 16.17 15.77 15.36 13.03 12.82 12.46 12.30 12.45 12.44 12.04 11.62 11.81 12.38 12.39 12.12 11.97
6.87 7.59 7.50 7.47 7.43 7.35 9.22 8.97 8.65 8.32 7.77 7.41 6.93 10.10 4.78 4.12 3.20 2.37 3.47 3.27 7.62 7.45 3.15 3.51 7.18 10.48 11.95 12.60 8.43 9.20 9.95 10.10 10.47 10.63 10.56 10.99 11.50 11.82 12.30 13.07 13.86 14.26 14.72 20.41 21.13 20.24 16.43 16.80 17.10 21.60 21.73 21.22 16.68 15.17 15.49 15.49 15.19 16.56 14.61 14.50 14.63 15.77 17.29 16.97 16.33 15.98 16.15 15.88 13.08 12.77 12.54 12.51 12.52 12.43 12.02 11.75 12.26 12.73 12.38 12.02 11.92
7.90 7.83 7.60 8.06 8.49 8.91 7.34 9.12 8.81 11.28 10.94 7.40 6.57 6.28 5.26 4.61 3.15 3.11 3.33 3.22 7.79 7.58 7.51 3.54 4.57 9.70 12.26 12.73 12.99 9.17 9.94 10.19 10.62 10.73 10.78 11.10 11.49 12.01 12.63 13.30 14.04 18.17 18.71 19.86 21.08 21.15 16.86 17.20 21.26 21.95 21.34 17.00 15.15 15.62 16.39 17.23 16.96 16.73 16.05 14.80 14.99 17.60 17.34 16.98 16.77 13.71 13.41 13.22 13.12 12.76 12.63 12.64 12.58 12.44 12.11 12.07 12.65 12.82 12.25 11.95 11.90
7.95 7.94 8.02 8.13 8.35 8.69 7.39 9.11 8.99 8.66 11.51 11.12 9.72 5.86 5.22 4.49 2.99 3.41 3.37 3.11 7.57 7.73 8.14 7.64 4.50 8.25 12.62 12.73 13.50 14.79 9.94 10.27 10.60 10.75 10.94 11.30 11.69 12.15 12.73 13.56 17.16 19.06 19.32 20.30 21.25 20.65 16.84 20.96 21.44 17.54 16.98 16.43 15.45 16.11 17.56 17.91 17.48 17.28 16.79 15.73 18.16 17.61 17.25 14.11 13.93 13.76 13.46 13.31 13.16 12.81 12.71 12.83 12.73 12.44 12.28 12.49 12.88 12.72 12.17 11.96 11.90
7.99 7.99 8.11 8.08 7.92 8.90 7.52 7.34 9.08 8.83 8.51 11.94 11.46 9.54 5.23 4.30 3.30 3.10 3.10 7.59 7.70 7.77 8.41 8.00 7.66 8.55 12.49 12.99 14.09 15.54 15.99 10.39 14.29 14.01 13.17 13.20 14.40 14.50 13.12 14.03 19.22 21.01 20.85 21.23 20.74 16.30 17.02 21.58 21.38 17.21 16.67 16.31 16.15 16.70 18.34 18.44 18.49 18.45 18.18 18.30 18.41 17.97 14.41 14.29 14.03 13.79 13.60 13.45 13.25 12.97 12.90 13.03 12.83 12.48 12.53 12.80 12.90 12.56 12.14 12.02 11.92
8.10 8.11 8.18 8.12 8.02 7.90 7.70 7.42 7.20 8.94 8.74 8.29 7.56 11.63 10.14 7.55 6.31 6.29 6.86 7.14 7.41 7.71 8.06 8.60 8.20 9.27 11.88 12.95 14.05 15.76 16.40 10.35 13.58 13.99 13.17 13.23 14.78 14.74 12.06 11.53 23.66 22.56 21.21 20.70 19.56 19.59 21.24 23.12 23.18 21.22 16.69 16.69 16.86 17.35 18.42 18.30 21.49 18.52 18.37 18.39 15.22 14.82 14.52 14.42 16.99 16.07 15.56 15.36 13.46 13.26 14.32 13.05 12.84 12.66 12.70 12.87 12.85 12.51 12.16 12.08 11.98
8.29 8.32 8.35 8.17 8.09 8.03 8.96 8.67 8.63 8.80 8.68 8.34 11.93 11.23 10.97 10.15 7.34 6.76 7.29 7.48 7.51 7.73 7.81 8.84 9.45 9.70 11.40 13.06 14.21 15.99 16.00 14.56 14.31 14.34 13.45 14.00 14.10 13.96 13.76 15.54 23.17 22.83 21.95 21.16 20.58 21.87 23.81 24.24 23.42 20.31 16.58 17.56 20.90 20.93 18.31 18.71 22.39 18.53 20.93 18.29 18.17 17.74 16.93 16.50 15.75 15.59 16.20 13.66 13.77 13.55 13.14 12.91 12.85 12.87 12.81 12.82 12.80 12.59 12.27 12.11 12.04
8.45 8.48 8.52 8.29 8.13 8.09 7.99 8.82 8.62 8.43 8.31 8.23 11.43 11.13 11.02 11.15 10.55 8.82 8.78 8.50 8.68 8.73 7.97 3.73 9.14 10.17 11.20 13.10 15.42 16.03 15.07 13.87 14.76 14.71 14.08 14.27 13.52 13.24 14.74 18.51 21.09 22.23 22.59 22.51 22.52 23.97 24.21 24.21 22.40 19.84 17.21 22.63 22.86 22.59 21.87 19.50 18.92 21.68 18.43 18.28 18.10 17.10 16.31 16.45 15.88 16.83 14.05 15.63 14.08 13.65 13.03 12.88 12.94 13.03 12.97 12.82 12.75 12.70 12.46 12.17 12.07
8.58 8.56 8.59 8.44 8.21 8.06 9.68 9.12 8.73 11.28 8.18 8.20 12.07 11.56 11.60 10.45 9.95 9.95 9.46 9.10 9.81 9.51 9.91 10.34 10.28 10.20 12.01 13.72 15.08 14.54 14.18 14.11 14.37 14.22 14.72 13.97 12.65 13.37 15.67 19.55 21.13 22.01 22.28 22.21 23.04 23.82 24.17 23.82 22.19 21.22 23.17 22.96 22.90 22.51 23.25 19.37 18.80 20.88 18.70 18.05 17.47 17.09 17.17 17.34 17.26 14.61 14.13 17.40 17.47 13.56 13.06 13.05 13.13 13.17 13.17 12.94 12.74 12.74 12.62 12.29 12.09
8.73 8.63 8.59 8.55 8.36 8.08 8.04 9.09 11.19 10.97 8.11 8.23 12.98 12.47 11.27 10.84 10.17 9.81 9.76 8.89 9.45 9.65 9.53 9.80 9.92 10.09 12.17 13.57 14.41 14.52 14.65 14.82 14.03 14.86 14.86 13.73 12.16 13.34 16.38 19.12 20.50 21.58 22.39 23.19 23.02 23.24 24.00 23.90 22.37 23.43 22.78 22.77 22.63 17.79 23.14 22.62 17.93 18.19 21.61 17.49 16.81 20.01 17.52 17.61 15.06 17.83 17.56 17.45 14.16 13.54 13.29 13.31 13.27 13.28 13.37 13.11 12.76 12.73 12.67 12.41 12.16
8.89 8.70 8.60 8.59 8.45 8.18 9.25 9.23 11.66 11.27 8.19 12.37 12.93 12.25 11.09 9.74 9.77 10.20 10.18 9.52 9.75 9.59 9.25 8.25 10.25 11.09 12.50 13.52 14.01 14.35 14.85 14.91 16.25 9.79 10.55 13.05 12.05 12.15 16.28 19.51 20.88 22.00 22.88 23.16 23.54 23.96 24.21 24.54 24.20 24.16 22.80 22.10 19.67 21.47 23.07 20.82 20.00 18.26 20.81 20.00 17.41 20.69 17.74 17.49 17.80 14.83 14.36 14.27 14.14 13.72 13.56 13.53 13.37 13.43 13.59 13.19 12.76 12.76 12.70 12.47 12.25
9.00 8.78 8.65 9.61 9.29 9.16 9.27 9.32 8.88 11.58 8.39 12.43 11.75 12.06 11.91 11.11 9.73 9.79 9.46 9.70 9.86 9.67 8.95 8.76 9.61 11.11 12.49 13.01 13.63 14.19 14.92 15.31 8.95 9.11 10.11 12.69 13.45 10.62 15.80 21.35 22.82 23.08 22.67 22.93 23.32 24.00 24.25 24.84 16.96 23.75 22.87 21.50 20.89 23.25 20.59 17.50 18.18 21.75 21.57 20.30 20.14 20.70 17.11 17.04 15.45 14.96 14.49 14.29 14.16 13.87 13.75 13.70 13.50 13.60 13.70 13.19 12.83 12.89 12.80 12.51 12.27
8.94 8.87 8.76 9.59 9.27 9.30 9.39 9.33 9.05 11.83 12.01 12.24 10.56 11.57 11.62 5.23 11.67 10.90 10.66 10.22 10.18 9.54 9.42 9.31 9.22 10.25 11.77 12.34 13.17 14.28 14.91 15.95 8.52 8.48 9.57 9.68 14.43 10.81 17.40 22.42 23.08 19.98 23.16 23.40 23.55 24.22 24.45 24.88 23.61 22.21 22.70 20.87 22.70 20.97 17.08 19.73 22.19 23.06 22.02 19.70 20.73 20.85 20.12 15.76 18.03 17.78 17.54 17.42 14.18 13.94 13.96 13.95 13.65 13.69 13.69 13.23 13.01 13.05 12.91 12.56 12.26
8.78 8.83 8.79 8.74 9.70 9.71 9.60 9.57 9.28 12.07 12.34 12.96 12.45 8.80 11.89 5.31 10.92 3.74 10.68 10.24 9.99 10.08 9.60 9.08 9.15 10.11 11.48 12.34 13.48 14.67 15.10 11.19 8.15 14.25 8.97 10.45 12.77 11.82 18.15 21.89 18.35 19.09 20.24 23.28 23.70 24.38 24.99 24.52 22.82 21.00 20.93 19.62 20.13 16.90 18.16 22.18 22.06 22.71 21.70 20.12 21.74 21.30 18.07 18.65 18.61 18.01 17.23 14.54 14.22 14.11 14.25 14.13 13.71 13.71 13.67 13.37 13.27 13.15 12.93 12.62 12.31
8.73 8.78 8.76 8.71 8.68 8.54 9.64 9.49 13.04 12.09 12.20 13.48 13.43 10.19 11.84 11.35 11.36 10.80 10.36 10.41 9.51 9.69 9.89 8.58 7.46 9.74 11.69 12.27 13.46 13.99 13.80 14.41 7.86 7.67 8.52 9.67 12.38 13.36 17.71 21.79 21.73 19.05 20.39 23.58 24.09 24.44 24.79 24.27 21.80 21.35 19.24 17.08 19.75 18.78 21.15 23.09 21.71 22.41 22.21 22.28 22.78 18.49 18.00 15.96 17.72 17.32 16.93 16.78 14.39 14.38 14.42 14.13 13.75 13.76 13.71 13.56 13.51 13.20 12.87 12.67 12.42
8.72 8.78 8.79 8.72 8.67 8.54 9.73 9.51 9.31 12.94 12.28 13.33 13.49 12.27 11.43 11.64 11.38 11.13 10.70 10.31 10.31 9.86 9.67 9.48 7.39 8.57 10.92 11.59 12.31 12.09 12.40 13.82 9.59 7.57 12.75 11.38 12.46 14.56 19.50 21.91 21.31 21.93 23.12 15.42 24.47 24.67 25.38 24.65 23.44 22.37 17.65 17.21 21.35 22.24 24.08 24.60 23.67 23.56 23.21 22.84 22.82 18.42 19.89 19.90 18.09 17.57 17.02 17.11 14.65 17.17 14.37 14.09 13.89 13.87 13.77 13.71 13.71 13.24 12.82 12.71 12.55
8.67 8.76 8.83 8.79 8.75 8.56 9.68 9.58 9.33 13.89 12.66 13.34 13.50 13.58 11.96 11.69 11.52 11.40 11.10 10.48 10.26 10.51 9.58 9.00 7.55 7.64 9.94 10.98 10.75 11.19 13.63 8.65 9.13 15.04 8.05 9.57 13.45 16.67 21.66 19.51 17.55 22.12 22.66 23.05 24.01 17.26 26.34 17.57 23.57 21.38 16.64 18.70 23.44 22.91 25.04 25.54 25.02 16.82 23.44 22.95 22.60 18.20 20.61 22.59 18.97 17.98 17.93 18.03 18.00 17.95 17.75 14.16 14.06 13.99 13.86 13.84 13.78 13.29 12.84 12.71 12.62
8.63 8.72 8.81 8.81 10.13 9.81 9.86 9.66 14.43 14.64 13.97 13.84 13.56 12.98 12.66 11.85 11.57 11.47 11.10 10.55 10.16 10.46 9.72 8.79 7.30 7.40 9.47 9.77 9.40 11.19 12.10 12.01 14.33 13.86 12.15 11.92 14.64 18.27 21.09 21.23 21.01 21.69 22.43 22.88 23.65 24.59 25.35 24.76 22.81 20.54 17.10 20.56 22.92 22.72 24.30 25.09 24.67 23.66 23.03 22.70 22.28 18.25 18.29 22.20 22.27 22.31 19.01 18.65 18.20 18.01 17.85 14.30 14.20 14.12 14.04 13.90 13.72 13.37 12.97 12.73 12.64
8.67 8.70 8.73 8.77 10.46 10.28 10.06 9.94 14.82 15.43 14.47 14.05 13.74 13.07 13.71 13.07 12.33 11.81 11.04 10.50 10.01 10.29 10.04 8.63 7.26 7.01 9.03 8.64 8.37 10.63 11.00 11.57 12.88 12.11 12.21 13.34 16.96 20.01 20.64 21.08 21.08 21.02 22.05 22.85 23.36 24.41 25.44 24.66 23.50 19.86 17.57 21.50 23.04 20.73 23.85 25.39 24.40 23.04 22.67 23.09 23.16 23.10 23.64 23.64 23.48 23.12 22.43 18.80 18.19 17.77 17.62 14.47 14.32 14.27 14.17 13.89 13.68 13.47 13.12 12.83 12.70
8.78 8.77 8.74 8.77 8.84 10.29 10.11 9.86 9.54 14.92 14.54 13.70 13.62 13.38 14.02 13.36 12.27 11.96 11.34 10.65 10.31 10.47 10.40 9.29 7.21 6.66 8.20 9.09 8.54 10.18 10.00 10.78 12.34 12.78 14.17 16.41 18.66 20.00 20.49 21.12 21.17 21.88 22.59 23.51 24.10 16.90 18.03 17.54 23.40 16.29 18.34 23.07 22.75 20.02 26.57 25.99 24.65 24.16 24.22 24.05 24.01 23.80 23.66 23.61 23.29 22.96 22.45 19.02 18.69 18.29 18.09 14.59 14.42 14.40 14.24 13.93 13.78 13.56 13.21 12.97 12.82
8.89 8.88 8.84 8.79 8.78 10.18 10.23 14.82 13.57 14.14 14.22 13.61 13.30 12.64 13.17 13.12 12.21 11.84 11.41 10.78 10.60 10.64 10.27 9.56 7.53 6.49 6.63 8.60 9.96 9.65 9.48 9.88 12.56 14.17 14.84 16.11 17.62 19.59 20.61 21.18 21.66 22.51 18.66 15.21 15.83 16.93 17.62 24.45 16.78 16.97 18.86 23.17 23.00 24.11 27.93 26.00 25.33 25.09 24.51 23.83 23.65 23.70 23.74 23.48 23.07 19.37 19.28 19.15 18.94 18.67 18.41 14.77 14.63 14.55 14.33 14.04 13.91 13.64 13.29 13.10 12.94
9.07 8.99 8.92 8.86 8.80 10.09 10.00 10.05 15.39 15.26 15.49 14.86 13.94 13.18 12.83 12.70 11.94 10.88 10.49 10.01 10.22 10.08 9.63 8.67 7.06 6.13 6.42 7.15 10.34 10.39 10.07 11.67 13.58 15.08 16.14 16.25 16.98 18.94 20.76 18.65 16.54 17.38 14.25 15.02 15.97 17.05 24.29 19.70 17.18 17.64 18.79 21.39 26.62 27.89 27.20 25.81 24.54 24.44 24.15 23.74 23.60 23.60 23.51 23.38 23.03 19.35 19.01 18.82 18.53 18.17 17.66 15.03 14.88 14.71 14.43 14.11 13.96 13.72 13.42 13.21 13.04
9.30 9.14 8.94 8.92 8.91 10.05 10.00 10.03 15.36 15.67 15.18 15.86 15.46 14.97 13.42 12.79 12.45 11.60 10.50 9.88 9.28 7.28 7.97 7.59 6.74 6.42 6.79 7.24 10.33 10.86 12.09 12.66 13.50 15.44 16.18 14.51 16.59 17.40 18.13 15.14 16.37 17.20 13.93 14.85 15.98 17.13 17.27 21.11 16.88 17.94 18.77 20.76 28.56 27.05 24.80 23.96 24.06 23.89 23.94 23.85 23.86 23.44 23.53 23.22 23.05 23.01 19.51 19.38 19.07 18.78 18.77 18.87 18.66 18.49 14.58 14.24 14.04 13.79 13.54 13.28 13.15
9.40 9.36 9.10 8.89 8.95 10.04 10.00 9.87 15.08 15.53 15.28 14.89 15.13 14.13 13.53 13.42 12.98 12.74 12.06 10.94 9.79 7.70 6.21 5.31 6.47 7.54 7.95 8.13 10.28 12.03 12.62 12.59 12.29 13.74 15.97 15.76 16.04 18.35 17.48 20.20 16.13 17.00 13.81 14.86 15.86 17.14 17.64 21.59 16.11 17.53 18.93 20.91 26.39 25.85 23.43 25.20 26.05 24.95 24.43 24.23 23.84 23.08 23.07 23.53 23.90 16.54 23.70 16.13 23.20 23.07 15.65 21.91 19.18 15.05 14.86 14.49 14.14 17.60 17.84 13.38 13.31
9.20 9.49 9.54 9.06 9.81 9.94 10.00 10.00 14.98 15.42 14.80 14.66 14.04 13.92 14.07 13.85 13.45 12.74 12.62 11.81 11.23 9.98 8.43 6.95 6.47 7.36 8.71 8.90 9.63 12.25 14.20 13.54 11.34 12.50 14.68 15.72 16.34 17.16 17.90 18.94 19.09 17.00 13.89 14.99 23.84 23.76 24.21 22.05 15.65 16.55 18.33 17.15 21.57 29.94 28.34 29.02 27.01 25.10 24.78 18.72 24.57 23.86 23.67 16.15 16.44 23.85 16.44 23.05 22.44 19.55 19.29 18.56 15.33 15.33 15.12 14.64 14.13 13.75 17.78 13.55 13.42
8.84 9.31 9.79 9.75 9.86 10.00 9.98 14.45 15.02 14.95 15.20 15.82 15.35 14.47 14.01 14.09 13.91 13.22 12.86 11.56 10.61 10.60 10.11 9.38 8.85 8.43 9.26 9.95 10.22 11.51 13.55 13.30 11.90 12.16 14.18 15.77 16.74 17.46 19.77 20.65 21.29 22.08 22.51 23.54 24.31 24.50 24.40 22.31 16.07 16.05 17.24 19.29 20.39 23.33 25.49 27.48 27.50 25.76 25.43 24.64 24.46 23.41 18.61 22.97 23.13 23.23 19.95 19.43 18.25 16.04 16.26 16.02 18.27 19.09 19.24 18.72 18.12 13.89 13.78 13.69 13.45
8.56 9.03 9.64 9.64 10.19 10.06 9.88 9.77 14.97 14.91 15.09 14.50 15.76 15.70 14.73 13.48 12.46 11.39 10.64 9.94 10.55 10.87 10.41 10.18 10.82 11.73 11.01 10.21 10.09 13.28 14.40 15.01 12.47 11.98 13.86 15.21 16.10 16.33 16.72 17.73 16.14 17.14 18.49 15.12 16.55 17.59 26.38 24.73 21.21 16.38 16.81 17.54 19.76 22.01 22.70 23.69 25.08 24.55 24.59 24.65 23.39 24.73 23.83 23.02 22.84 19.62 19.19 16.10 15.97 16.24 16.50 18.97 19.26 19.34 19.03 18.63 14.21 14.04 13.88 13.69 13.44
