examples/cougarCreek-fire/createInputs/farsite/7a-cougarCreek-polygonIgnit/cougarCreekFire_08-13-2015_0700_217m_non_neutral_stability_ang.asc
ncols	146
nrows	140
xllcorner	610065.000000
yllcorner	5095217.000000
cellsize	216.586807
NODATA_value	-9999.000000
[rows 0 to 42 of 140, columns 0 to 95 of 146]
118 102 76 83 93 35 24 22 20 19 16 13 11 9 23 6 20 19 1 1 360 358 356 354 353 352 350 347 347 348 347 351 346 347 347 347 347 347 346 346 345 344 343 342 341 342 342 340 339 329 337 313 334 327 335 336 326 299 323 322 324 304 317 316 314 294 304 304 306 308 311 306 294 287 288 290 276 253 248 247 249 254 260 265 268 271 271 269 269 272 274 278 287 278 279 277
118 102 76 83 93 35 24 22 20 19 16 13 11 9 23 6 20 19 1 1 360 358 356 354 353 352 350 347 347 348 347 351 346 347 347 347 347 347 346 346 345 344 343 342 341 342 342 340 339 329 337 313 334 327 335 336 326 299 323 322 324 304 317 316 314 294 304 304 306 308 311 306 294 287 288 290 276 253 248 247 249 254 260 265 268 271 271 269 269 272 274 278 287 278 279 277
143 114 92 130 136 97 52 18 64 82 90 102 10 3 66 47 55 23 19 3 2 359 356 353 351 351 341 339 340 337 335 341 349 350 346 346 337 330 339 323 327 322 321 320 320 334 320 315 316 312 312 309 312 327 334 335 326 300 325 316 296 281 287 282 285 271 307 305 279 306 306 302 252 290 289 264 257 265 257 254 255 258 261 263 265 265 264 264 264 264 263 268 276 260 254 256
187 145 110 144 146 116 100 72 64 27 80 93 5 359 10 15 47 49 42 18 4 1 0 351 346 342 324 336 340 334 302 316 344 341 344 348 343 332 327 323 325 324 326 324 324 319 314 318 310 309 312 316 316 325 334 335 325 300 297 284 283 280 282 279 279 269 310 274 286 302 277 249 294 292 289 259 256 283 270 265 265 264 263 262 261 259 257 257 256 251 248 253 258 265 269 248
206 143 131 143 154 124 58 78 353 353 71 84 3 360 354 2 45 40 43 34 10 358 354 336 344 343 341 323 313 310 313 317 335 330 332 342 343 333 330 327 324 327 323 323 327 322 319 320 316 316 315 316 315 326 323 320 289 319 284 324 300 276 280 285 270 313 273 305 301 279 250 296 294 292 260 274 282 280 276 273 270 268 265 263 262 260 259 256 252 247 246 248 250 255 262 265
192 142 163 141 163 157 136 117 97 69 54 71 355 356 348 354 38 31 29 11 7 355 350 356 318 341 338 316 313 314 317 309 333 321 322 335 336 333 323 323 321 324 320 321 324 322 323 323 318 318 319 316 316 327 311 291 292 320 328 288 291 282 288 276 314 273 283 290 278 246 297 261 260 289 284 279 261 280 281 277 274 271 267 264 262 261 259 257 252 249 249 249 248 248 252 258
179 146 177 192 156 173 155 333 107 112 73 56 60 348 350 342 9 28 5 4 360 357 350 339 310 336 308 323 317 315 322 323 330 321 321 330 328 328 327 323 323 316 315 317 319 325 320 318 341 334 334 330 311 304 300 307 307 300 296 291 286 297 292 262 299 285 283 276 253 298 261 273 293 284 280 250 281 284 285 282 277 273 269 265 263 261 260 257 254 253 253 252 249 245 242 244
178 167 157 154 167 178 164 125 97 304 84 58 48 327 330 335 331 354 30 357 352 347 340 327 303 327 330 308 318 338 319 332 331 318 321 326 315 318 320 323 320 315 312 315 315 316 321 336 332 331 309 306 307 309 305 302 299 302 293 294 296 289 265 321 274 282 281 270 255 265 296 292 274 250 284 240 284 285 286 286 281 276 271 268 265 263 261 259 258 258 257 255 251 247 242 240
190 178 184 178 179 190 185 173 150 137 142 305 312 260 333 337 334 327 13 348 339 333 325 315 291 315 322 301 312 312 315 326 319 315 320 317 301 306 319 321 313 319 316 311 333 312 313 321 307 308 305 306 314 312 316 304 292 297 300 303 288 275 269 269 281 282 278 266 266 278 294 256 249 289 253 256 284 285 288 289 284 278 274 271 268 265 263 262 263 264 262 259 257 254 250 247
202 192 185 170 183 168 179 187 185 202 202 167 310 272 266 321 325 332 53 339 325 321 319 305 299 284 315 300 300 309 315 319 315 315 322 312 296 300 320 319 309 312 315 325 313 337 316 310 315 310 310 317 311 303 283 284 285 289 291 277 265 331 277 284 280 271 267 261 266 270 258 294 288 253 252 288 286 288 290 290 287 281 277 273 270 268 266 267 269 270 269 266 264 261 257 255
257 212 198 189 182 181 189 189 198 207 206 221 258 295 316 321 325 325 225 356 318 308 312 300 291 282 311 299 300 310 315 321 323 316 326 310 288 298 311 304 305 305 336 313 315 341 314 316 310 319 335 314 287 280 281 277 278 283 269 273 310 277 287 287 273 273 275 271 272 272 258 258 254 256 244 291 290 290 292 291 287 282 278 276 274 272 271 271 273 275 277 277 273 268 262 257
259 221 219 207 202 191 192 200 208 211 218 231 248 268 275 279 332 321 284 283 312 291 304 299 289 285 303 290 293 304 311 312 311 308 319 307 294 295 292 294 289 331 306 339 341 343 310 306 311 315 303 292 280 284 286 285 281 280 276 320 285 290 293 282 279 291 316 312 306 303 274 263 294 249 289 293 292 291 292 292 289 284 281 278 276 275 275 275 276 279 284 287 285 278 268 262
226 228 227 230 217 218 190 248 248 206 229 236 244 241 302 311 320 238 303 232 282 273 275 296 286 287 295 289 292 320 306 312 306 346 314 307 291 289 294 321 290 331 340 312 344 314 302 312 308 306 290 274 288 292 283 283 286 285 285 287 311 341 297 295 335 326 321 317 310 303 300 298 253 243 296 296 294 293 292 294 267 288 283 279 277 277 278 279 280 282 287 295 301 300 283 272
259 257 255 225 220 225 219 275 274 276 256 228 225 230 290 298 307 248 211 234 257 263 261 274 283 284 278 282 292 316 307 302 313 293 331 326 294 284 321 320 306 336 343 347 319 302 302 307 309 295 282 274 292 280 286 288 291 300 296 300 318 341 348 300 293 290 277 272 269 256 313 305 300 303 302 298 296 295 294 294 296 292 285 280 277 276 278 281 283 284 288 297 311 328 311 289
262 262 255 240 234 227 218 201 308 277 277 267 239 229 211 301 306 302 229 232 237 245 254 259 286 284 276 284 289 312 298 289 270 293 326 325 288 282 322 319 325 338 343 320 301 308 301 319 315 298 276 280 278 272 276 276 287 295 294 295 300 298 295 296 283 257 251 247 245 329 273 278 309 287 307 300 297 299 301 297 297 295 287 281 276 274 277 281 284 285 287 294 312 343 336 311
160 207 219 217 224 222 219 225 214 302 280 271 233 265 295 267 303 301 236 246 250 252 269 275 274 274 275 281 289 311 289 261 258 329 299 289 295 325 318 316 298 334 342 316 305 309 320 318 313 275 284 283 287 289 277 280 294 287 280 284 283 277 264 259 254 260 265 253 292 267 282 328 315 312 311 305 298 300 282 306 301 297 288 280 275 272 274 278 282 283 284 287 302 344 360 354
136 196 225 221 221 236 227 229 228 201 192 244 235 236 309 290 293 258 244 248 256 256 270 301 272 269 273 284 300 294 278 265 281 255 283 265 329 321 315 281 322 332 341 346 317 323 320 313 296 269 270 295 301 290 275 303 294 286 274 278 284 267 264 272 273 288 275 266 278 301 313 335 318 314 316 312 302 298 306 313 310 301 289 279 274 272 273 275 278 280 279 280 289 333 336 15
137 170 228 229 229 227 242 234 233 224 170 285 277 275 308 281 280 283 271 278 264 267 269 288 263 266 273 285 299 286 271 272 277 279 289 296 330 318 315 282 324 332 341 312 317 319 319 295 292 278 298 311 304 275 290 294 277 277 277 262 264 269 277 276 277 301 305 309 320 318 297 272 270 280 285 290 315 303 301 309 295 306 291 280 275 275 274 274 275 276 275 276 282 316 282 332
178 179 208 229 229 214 220 234 237 228 193 281 298 292 195 164 219 254 251 266 266 258 262 256 258 264 278 289 287 278 273 277 279 315 292 313 328 317 292 285 293 293 343 352 320 302 298 297 281 304 305 304 275 235 272 268 245 247 260 250 253 270 279 283 293 304 314 353 322 297 275 275 275 284 277 285 296 318 306 304 313 310 295 282 278 276 275 273 272 273 275 276 280 302 23 294
210 204 217 234 233 226 228 249 248 240 230 275 318 306 207 225 205 231 233 253 272 259 257 244 255 265 289 288 281 276 278 280 290 284 316 320 324 316 297 296 301 307 349 357 322 306 303 296 317 321 309 263 3 243 268 245 239 248 249 247 250 269 264 270 281 291 288 291 297 287 284 290 284 323 317 294 292 278 277 295 321 317 305 287 279 275 274 272 272 274 278 277 276 280 22 278
270 225 225 239 234 229 234 251 253 244 253 274 247 339 342 280 271 249 246 248 271 244 253 260 257 259 283 281 278 279 280 283 300 293 312 307 318 314 312 301 337 351 359 6 325 329 323 326 319 300 291 240 231 277 325 201 243 256 249 247 252 263 256 259 276 283 291 298 315 300 315 300 292 278 317 291 291 288 288 283 304 334 315 291 278 273 272 272 274 277 279 276 268 257 245 244
249 248 243 243 244 243 256 265 267 257 241 256 261 257 357 329 322 307 280 274 265 236 228 233 243 255 270 273 278 282 280 290 307 302 312 302 289 310 286 321 339 0 12 15 329 308 295 323 302 226 242 216 241 224 13 222 315 270 259 244 253 262 254 261 299 281 285 290 315 310 283 285 299 318 305 295 276 282 305 311 15 356 323 291 276 273 273 274 277 279 280 277 269 257 238 245
285 281 274 270 260 263 279 277 279 272 271 297 294 267 24 344 334 314 289 259 246 243 237 221 232 252 270 274 276 282 281 288 299 286 310 296 299 303 286 321 343 10 21 21 326 336 338 311 229 193 203 55 51 159 358 321 311 250 256 250 266 265 265 298 295 277 274 277 273 289 292 292 300 343 297 282 276 283 286 286 296 22 344 299 280 276 276 278 282 285 286 283 281 273 244 262
270 291 301 279 301 297 286 278 282 282 294 323 319 276 309 1 15 340 287 254 240 242 228 215 236 248 271 272 274 269 265 275 289 277 289 292 294 300 285 320 345 15 23 325 323 303 302 257 175 190 68 66 43 22 352 333 332 329 320 267 281 272 264 246 249 258 259 267 268 303 280 319 287 282 287 281 291 307 317 283 264 268 11 321 287 279 278 282 287 290 291 289 290 295 242 283
292 316 283 282 322 322 311 310 314 310 303 325 332 318 321 11 21 357 335 301 259 237 221 166 219 239 256 267 262 260 268 281 291 281 271 289 291 291 293 321 346 298 322 322 312 308 339 287 192 186 66 49 28 0 340 272 275 278 274 312 322 265 302 317 287 264 259 270 273 278 288 287 280 289 289 282 286 295 26 36 321 298 30 339 292 279 277 281 288 291 291 289 296 331 95 311
296 332 321 309 292 316 330 328 331 326 318 327 343 351 346 7 21 12 359 350 298 217 197 174 195 232 261 273 241 258 282 296 290 278 266 285 290 285 299 325 345 289 295 287 296 320 343 312 181 169 61 42 24 356 331 277 286 286 334 319 318 267 321 282 281 264 268 282 286 316 300 295 292 295 314 303 315 296 301 54 63 61 45 355 296 279 274 277 282 291 296 292 298 313 333 324
286 302 293 342 315 318 349 342 345 334 329 339 346 4 355 358 15 19 17 29 26 191 176 161 185 221 253 285 257 272 290 298 290 266 260 280 282 293 303 302 286 266 275 278 284 283 255 183 159 66 60 46 28 360 327 327 346 353 334 324 270 262 268 280 282 283 310 313 319 316 301 313 313 311 306 3 3 38 299 302 60 62 51 5 302 280 271 270 274 284 296 293 292 312 327 333
325 23 7 351 336 343 357 359 351 341 341 348 340 357 0 12 21 25 38 48 54 142 156 137 167 202 229 259 266 278 298 291 287 280 279 286 295 304 307 302 294 281 284 291 296 300 73 111 164 67 62 45 27 7 336 336 347 349 341 333 334 289 328 327 329 355 319 307 279 269 269 277 291 304 319 315 316 302 311 291 289 294 49 12 307 279 266 264 265 269 275 269 268 265 268 295
106 98 107 352 354 1 345 349 34 5 341 352 336 7 4 15 27 34 48 53 55 98 133 116 129 192 199 226 247 265 288 284 284 290 294 298 304 308 304 302 307 306 315 321 319 325 6 19 117 67 60 40 27 1 341 343 352 352 344 342 338 335 301 325 322 322 321 313 289 278 275 279 281 286 290 287 283 286 288 275 269 286 50 32 312 270 261 260 259 257 254 252 231 231 234 243
144 134 176 167 44 26 34 6 113 33 7 352 355 348 22 27 45 50 61 67 69 97 120 126 114 125 161 216 240 267 268 277 289 296 302 308 310 300 300 309 313 319 331 334 325 339 17 137 65 63 55 40 19 355 349 2 349 344 340 340 334 331 327 327 317 309 290 288 287 290 285 267 264 264 265 256 253 260 257 256 264 274 292 52 358 269 263 262 259 256 253 248 221 248 232 213
263 200 187 189 175 113 46 30 16 9 357 5 21 351 20 40 48 52 62 75 87 109 115 130 131 122 155 208 235 269 264 282 302 304 309 319 308 287 299 311 319 324 334 342 2 24 56 57 58 59 55 42 14 355 347 335 332 336 339 291 294 302 334 300 292 276 265 260 271 262 247 33 27 264 273 270 265 246 227 235 251 288 311 56 33 304 274 266 263 260 255 244 215 229 211 214
301 267 205 216 198 139 104 83 18 26 19 4 25 37 43 39 36 44 46 57 74 93 108 119 113 121 140 206 244 266 268 282 306 314 312 317 288 284 300 302 313 325 338 346 356 17 28 50 54 58 57 47 17 357 337 331 336 340 345 290 299 306 334 296 288 286 286 286 284 280 281 295 304 302 298 301 307 298 275 266 60 274 62 55 38 329 282 269 263 259 252 239 212 227 221 227
303 279 268 194 162 158 150 127 62 347 58 56 79 57 50 52 33 34 38 42 51 66 79 91 111 124 138 182 247 270 287 291 289 314 314 298 297 300 307 297 307 326 335 346 355 11 20 50 52 55 56 51 27 11 353 339 342 350 299 298 295 294 297 303 308 334 333 336 338 343 331 317 317 294 269 277 295 341 68 67 65 65 64 61 57 351 273 267 260 254 248 238 218 168 251 250
302 300 301 281 227 219 193 148 80 56 90 29 344 13 66 66 45 37 35 31 37 47 51 60 78 104 127 134 267 282 296 308 297 308 319 305 310 315 321 319 312 319 326 344 351 13 16 53 54 53 51 46 32 18 1 348 350 359 3 2 358 306 305 310 308 302 301 301 301 291 261 45 40 37 38 283 296 313 346 72 71 335 67 67 76 94 258 260 256 251 247 240 227 188 270 275
305 306 324 309 300 273 272 274 316 5 21 7 34 37 15 74 71 82 90 82 43 34 37 47 44 49 54 53 286 291 301 317 309 300 309 304 305 311 311 311 310 316 326 340 337 355 6 54 55 56 59 55 42 23 12 4 5 9 10 13 4 5 301 289 288 288 281 266 77 70 49 33 35 285 313 317 313 300 299 318 342 320 63 304 73 85 250 254 251 249 247 241 225 191 239 238
10 352 344 331 313 313 341 357 355 357 355 2 12 21 37 15 26 44 59 82 37 29 20 23 17 22 27 25 327 305 308 323 316 292 284 283 279 273 260 258 264 284 299 306 321 323 331 351 14 54 61 67 59 38 28 24 22 19 16 323 317 305 2 4 54 58 65 67 67 65 48 35 279 67 301 304 302 302 304 303 306 62 350 337 67 76 234 250 248 248 247 241 221 190 237 237
331 328 318 314 310 316 318 341 343 345 350 359 9 16 21 29 28 22 14 7 2 3 3 350 1 22 21 5 342 321 308 307 314 304 290 277 271 314 306 289 278 259 250 269 301 292 292 323 349 45 45 50 51 49 42 34 30 29 30 26 25 18 14 321 3 55 59 61 63 302 62 64 84 96 94 89 85 82 274 74 66 299 340 349 64 69 84 242 243 245 246 239 221 197 245 239
358 320 298 305 316 317 324 336 335 330 337 353 1 1 357 2 3 352 342 337 339 343 350 358 352 27 38 356 333 316 290 280 299 315 315 318 318 318 312 306 354 277 248 240 234 46 30 315 319 350 2 45 41 24 44 36 32 33 35 35 55 54 57 57 54 53 56 61 66 68 71 92 280 111 107 100 95 91 86 82 78 292 301 288 346 65 84 216 234 238 240 234 219 197 221 209
291 290 291 303 314 316 305 305 331 326 341 337 341 342 348 355 353 353 358 15 21 4 15 20 13 33 46 7 324 286 264 265 278 292 314 327 345 14 13 347 327 308 34 48 40 34 38 45 289 337 331 354 348 12 19 15 12 11 34 36 34 33 30 26 58 25 63 69 73 72 74 83 97 106 110 114 114 110 105 99 95 90 77 61 56 30 87 124 211 225 232 229 216 195 167 206
293 305 310 309 312 318 295 325 323 331 332 328 334 337 351 356 353 1 14 25 26 40 72 59 31 60 90 20 357 279 257 256 257 253 268 278 277 295 357 66 59 347 43 50 5 346 343 337 328 310 303 312 311 313 321 350 353 356 4 23 31 35 31 18 16 19 23 41 45 43 43 81 84 89 94 104 115 124 128 125 116 105 89 62 62 319 81 95 148 213 227 227 217 198 176 213
296 318 316 316 294 293 294 325 325 327 335 327 329 332 348 347 345 353 12 38 51 66 72 44 41 76 107 106 40 293 260 244 237 237 243 251 241 235 264 343 352 7 17 88 73 63 64 64 66 348 342 340 307 274 59 57 267 262 67 260 298 354 16 9 9 357 0 32 39 38 37 43 46 90 88 89 96 112 127 142 149 138 117 97 82 325 46 84 98 180 223 227 220 203 180 161
289 293 308 310 290 291 294 324 325 333 336 333 329 327 336 340 343 357 32 65 78 75 37 7 57 100 112 100 66 295 258 233 223 220 219 221 224 223 228 245 265 255 254 263 300 334 70 82 15 16 3 13 62 360 341 333 334 333 94 104 322 2 357 343 339 341 334 307 294 300 308 340 24 27 33 40 88 93 105 130 161 176 166 138 108 86 241 55 87 113 215 229 224 208 183 166
294 310 312 304 301 292 321 324 329 335 335 335 335 334 335 340 350 24 61 71 61 21 356 1 58 104 97 74 44 325 264 240 217 198 195 201 207 207 207 216 241 248 245 248 258 260 280 310 341 85 358 0 27 24 11 111 118 18 20 358 121 350 320 204 169 156 153 154 157 153 156 162 161 164 167 195 359 45 91 105 144 188 193 160 125 104 86 318 50 90 181 235 229 211 190 171
