examples/cougarCreek-fire/createInputs/farsite/7a-cougarCreek-polygonIgnit/cougarCreekFire_08-10-2015_2000_217m_non_neutral_stability_ang.asc
ncols	146
nrows	140
xllcorner	610065.000000
yllcorner	5095217.000000
cellsize	216.586807
NODATA_value	-9999.000000
[rows 42 to 83 of 140, columns 0 to 93 of 146]
201 202 203 203 207 201 202 199 199 197 195 211 207 205 203 201 201 207 212 211 210 204 193 188 200 204 202 198 194 190 178 160 156 161 156 152 147 146 146 144 142 149 149 147 145 139 144 159 161 165 162 165 164 163 163 163 163 162 161 160 159 158 156 153 151 149 147 146 146 145 145 144 143 142 141 142 143 145 148 151 167 163 136 136 150 150 147 146 146 146 146 146 148 138
202 201 201 201 204 195 201 199 197 195 210 205 199 199 197 198 204 206 208 208 205 194 188 191 202 201 199 192 193 192 181 169 161 153 156 152 150 147 147 146 143 141 139 141 167 164 161 160 144 159 165 165 163 162 162 162 162 161 141 158 157 157 156 154 154 153 154 153 153 151 151 150 150 148 146 144 143 143 146 148 150 150 147 136 150 150 150 148 146 146 145 144 150 145
200 199 198 198 198 200 199 197 196 207 199 193 195 201 199 201 200 201 204 205 200 191 190 195 200 198 191 191 195 191 180 173 169 161 159 151 154 150 149 148 158 152 170 168 164 162 144 148 163 167 167 166 164 163 163 163 164 163 161 159 160 160 157 156 156 154 153 153 153 151 149 148 148 146 144 153 150 147 147 148 150 149 166 136 150 140 150 149 148 148 147 145 149 146
199 198 196 196 198 198 197 196 194 194 190 193 202 205 203 200 193 203 207 206 203 196 193 192 197 193 190 195 197 192 179 175 173 168 162 157 154 151 149 148 150 174 171 166 163 147 143 162 169 169 169 155 165 163 163 164 165 163 161 158 159 161 157 152 147 138 137 137 136 137 138 146 144 142 141 140 139 139 150 149 150 150 166 137 150 149 140 149 148 148 148 146 145 141
197 195 191 195 197 197 197 199 195 187 192 201 205 204 201 198 201 206 207 207 205 192 187 185 189 190 192 198 198 189 179 177 175 171 162 156 156 156 150 149 170 172 168 154 146 149 154 167 164 172 172 170 165 163 163 164 164 163 161 154 151 152 148 138 136 136 136 135 137 145 146 145 142 142 141 143 143 139 153 151 152 151 148 155 135 150 149 148 147 148 148 147 145 147
193 183 189 193 192 195 189 195 195 190 201 204 206 206 207 210 185 203 206 204 199 183 179 182 188 191 198 200 195 189 183 180 176 172 162 152 154 157 155 152 148 146 155 153 155 159 172 175 175 175 174 171 167 165 164 162 161 160 148 141 140 138 137 139 140 141 140 141 144 145 144 141 138 142 142 143 145 144 137 153 152 152 149 148 134 151 149 149 148 147 147 146 145 147
191 188 194 196 191 192 188 198 202 199 204 193 207 208 188 184 207 203 204 201 192 179 178 187 193 200 203 201 192 194 189 186 185 173 158 150 153 160 158 165 164 160 166 160 161 157 174 154 176 174 171 172 164 162 162 152 142 144 156 158 154 146 146 153 152 150 148 147 145 141 137 136 138 137 140 141 140 149 139 153 153 152 150 149 161 137 151 150 149 149 148 146 146 146
185 190 189 184 188 193 199 196 195 204 205 192 190 188 206 204 201 198 192 195 192 180 183 193 194 199 201 199 202 197 190 189 191 176 158 150 151 155 155 161 165 159 163 168 161 176 157 176 174 171 171 160 169 155 144 144 143 145 150 157 163 165 164 152 142 142 141 138 137 137 136 135 134 140 140 140 139 137 133 135 153 151 148 147 149 152 158 129 150 150 125 148 146 146
180 181 182 187 194 190 188 195 194 193 192 190 188 204 199 192 193 188 189 194 192 185 185 185 187 190 185 197 195 195 187 190 190 175 164 152 152 155 155 160 159 157 157 165 171 170 165 166 169 174 168 167 173 173 168 153 162 160 149 150 159 164 168 168 149 139 137 134 134 133 133 133 140 140 141 140 137 137 135 136 155 152 148 145 145 148 150 152 152 135 127 126 149 148
179 181 184 194 188 187 194 194 193 192 190 187 185 201 187 186 189 188 191 195 188 187 186 175 185 191 201 187 194 192 187 191 187 174 164 157 158 159 158 160 157 152 151 155 167 168 170 172 172 172 173 174 172 177 175 137 161 159 159 147 148 158 166 170 167 159 151 141 142 153 157 144 150 150 153 154 153 154 157 145 156 155 151 146 145 144 145 148 150 151 141 131 125 151
182 181 190 186 186 193 194 193 204 191 188 200 189 187 183 183 186 189 192 191 187 190 189 177 187 177 176 184 200 187 185 188 184 174 161 157 159 159 158 157 152 148 148 149 153 163 165 167 166 168 171 173 173 175 175 192 148 162 142 145 145 146 161 163 166 165 166 162 159 161 163 164 161 161 160 159 157 156 155 156 139 156 154 152 148 146 143 144 146 148 149 151 151 151
175 181 185 184 193 192 199 199 201 203 197 182 179 180 181 180 180 192 192 189 190 187 186 176 199 176 201 192 188 183 178 186 186 175 159 156 156 153 147 144 146 146 148 148 149 162 162 166 166 166 166 167 168 173 172 177 158 155 164 162 161 162 166 164 163 164 164 163 163 163 160 159 160 160 159 158 138 135 155 155 154 154 146 153 152 150 147 146 145 144 145 148 150 150
170 180 192 190 189 189 197 201 200 199 182 177 180 183 195 191 181 198 196 190 175 174 185 184 191 190 188 185 187 183 174 188 188 178 168 157 165 158 149 150 154 150 148 147 163 160 160 167 167 167 166 165 165 165 170 168 167 167 168 167 165 169 166 164 162 161 161 162 163 162 159 157 158 159 159 158 157 156 155 153 152 152 152 152 152 152 150 149 147 145 144 146 148 149
167 178 188 187 181 186 193 200 187 184 179 179 182 185 196 192 182 196 177 175 183 184 184 186 192 187 186 189 191 184 176 190 188 179 161 174 172 176 167 160 160 160 151 150 169 164 168 167 167 167 167 165 164 163 162 165 165 169 169 168 169 169 166 164 163 161 160 161 162 162 160 159 158 158 158 157 155 155 153 151 151 152 141 132 152 152 151 150 149 148 147 148 148 147
171 176 186 186 183 193 193 188 177 178 181 184 182 183 195 183 180 179 172 180 182 181 182 187 189 188 192 193 192 180 178 190 188 179 163 154 173 174 163 166 164 167 160 148 151 170 166 168 165 165 166 166 165 163 162 163 166 168 167 168 168 168 167 166 165 165 164 163 162 162 161 162 161 160 157 155 154 153 152 151 151 134 151 151 152 137 152 152 152 151 150 149 149 148
176 177 185 181 183 180 191 175 178 180 180 189 178 178 186 184 184 200 174 173 182 180 184 179 189 189 194 193 187 179 185 193 195 190 152 153 174 168 156 165 164 165 163 159 149 174 172 169 168 165 164 165 166 165 165 166 168 168 168 168 167 166 166 165 165 166 166 165 163 163 163 163 163 161 159 157 156 155 154 129 153 151 150 149 149 150 150 150 147 147 150 150 150 150
178 178 180 180 180 194 179 178 180 181 197 189 178 179 206 192 186 172 172 170 183 183 174 173 190 192 177 193 183 181 193 195 194 192 154 152 167 166 157 167 160 156 161 164 159 151 155 173 171 167 166 165 152 167 168 169 168 168 168 168 167 167 165 165 164 164 164 164 164 164 164 163 163 162 159 159 146 138 135 130 155 154 152 151 149 148 147 135 148 149 149 149 149 149
176 179 180 179 177 189 177 180 181 195 197 179 198 179 177 174 179 172 174 175 185 179 173 179 188 181 176 191 184 190 197 194 189 186 169 155 159 165 165 172 168 161 161 165 169 165 162 172 152 170 167 171 169 169 170 170 169 167 167 167 167 167 166 166 165 165 145 164 164 164 164 162 161 161 150 125 132 130 135 135 156 155 154 153 152 150 150 149 149 149 149 149 149 149
174 178 179 177 189 177 179 181 197 200 180 181 180 177 174 178 202 167 175 175 183 183 185 186 183 181 193 189 192 197 195 190 188 185 174 162 156 164 167 169 170 166 164 162 166 168 167 165 163 170 175 142 166 172 172 172 171 169 168 168 168 167 166 151 147 166 167 167 166 164 163 161 148 143 131 130 136 127 132 134 131 133 132 131 130 129 129 151 150 149 149 149 149 149
173 177 178 176 177 178 180 181 181 181 181 179 177 181 179 179 162 167 169 171 180 183 187 183 183 182 180 195 198 195 189 187 189 183 172 166 161 163 169 168 169 165 165 161 159 163 162 162 163 168 174 175 174 174 174 173 173 167 164 165 164 162 157 151 166 167 168 167 166 165 155 142 133 131 137 127 130 135 141 142 140 142 138 139 140 138 137 135 151 150 149 148 148 149
175 177 177 176 177 179 180 180 181 180 178 185 183 184 204 189 167 168 175 174 181 184 181 188 182 183 197 198 197 193 188 189 192 183 167 168 165 164 170 171 170 165 167 170 161 162 160 160 161 168 174 173 173 166 173 172 177 171 153 141 161 164 161 160 158 161 167 166 161 149 128 129 127 139 125 132 137 138 135 140 138 139 141 139 152 135 136 136 151 150 149 149 148 147
178 178 177 177 177 178 180 180 178 186 184 186 186 205 204 165 166 175 172 175 180 181 180 186 184 184 197 199 198 193 191 194 194 178 165 168 170 166 170 172 171 163 164 172 168 166 167 164 161 168 174 173 174 163 173 172 185 171 160 159 171 170 135 134 137 158 158 150 157 134 131 131 129 127 130 134 138 146 136 135 138 154 140 139 152 132 132 134 151 150 150 149 150 148
180 179 178 178 178 178 178 175 183 185 206 210 206 204 171 168 167 169 176 175 174 179 183 187 190 192 197 198 194 192 192 190 185 175 168 169 174 171 172 175 172 163 154 167 170 166 168 172 172 161 167 174 174 174 173 172 172 174 172 160 170 175 170 157 152 148 152 156 166 159 142 151 149 149 147 136 143 142 129 129 133 137 153 153 152 151 151 137 150 150 150 149 148 148
179 179 178 179 179 176 174 183 186 207 203 201 196 170 169 168 168 172 182 172 176 184 185 184 189 187 187 200 197 196 193 183 182 175 169 172 177 174 175 181 174 165 154 163 168 167 170 169 173 175 167 175 174 174 180 172 173 172 172 156 171 169 169 161 157 150 151 151 163 165 144 142 148 152 150 132 123 131 131 129 127 126 127 128 127 128 150 150 150 150 149 148 149 148
179 179 178 177 190 183 184 208 209 208 201 193 184 171 168 165 175 175 176 177 177 176 175 175 192 188 189 187 201 197 190 177 176 175 171 174 183 173 177 187 176 167 155 152 169 170 172 172 172 182 173 167 176 159 174 173 173 173 173 173 143 169 159 162 162 155 161 156 147 143 141 151 140 146 147 131 138 134 122 126 128 130 129 126 123 122 152 151 150 149 149 150 148 149
180 178 176 191 189 186 211 210 208 203 192 186 181 172 169 174 175 177 175 181 184 184 176 176 190 189 190 188 197 190 181 174 174 178 177 177 186 175 180 191 176 173 155 166 164 155 157 159 154 176 166 167 168 175 172 173 174 174 173 131 173 154 155 170 163 156 157 169 167 140 137 139 142 145 154 165 161 160 159 158 158 157 155 154 153 153 130 128 151 150 149 148 148 148
177 175 173 192 192 190 186 183 190 190 178 174 176 173 171 174 175 184 181 178 184 185 177 180 187 177 176 188 194 184 182 174 174 181 182 181 186 179 182 190 182 188 168 179 166 164 165 152 165 162 159 177 176 176 174 161 173 174 174 166 145 154 159 155 164 159 159 168 167 154 136 132 145 144 138 158 163 147 158 157 129 121 120 121 126 130 151 126 151 150 149 149 147 147
174 173 170 189 183 180 181 183 186 188 177 173 177 173 170 174 175 175 184 175 183 185 182 184 190 178 176 189 190 183 190 177 171 179 183 189 190 181 183 191 195 201 176 167 166 165 166 167 165 165 166 177 177 177 176 174 165 173 174 183 138 173 172 141 151 147 145 168 167 167 152 138 137 148 134 137 145 160 118 159 158 157 156 154 153 152 151 152 150 149 150 149 148 147
173 171 167 187 179 177 178 184 187 186 182 180 174 166 166 173 175 175 185 176 176 184 186 189 191 178 190 201 186 190 199 182 171 177 184 192 187 180 184 195 197 192 186 171 167 165 154 154 165 164 178 177 177 159 177 176 174 172 173 176 180 175 174 172 171 135 138 147 167 167 169 152 145 147 145 142 140 161 127 123 126 121 125 127 129 155 154 153 153 124 152 150 149 148
173 169 165 164 179 176 179 181 186 184 185 184 173 173 172 173 175 175 186 176 174 187 177 189 178 177 192 188 183 195 198 179 180 181 187 189 183 179 185 198 192 182 186 176 167 165 166 150 165 165 165 178 165 160 157 177 176 174 173 175 176 172 175 174 172 172 171 129 145 167 166 158 145 142 141 145 146 142 139 135 158 157 138 165 124 126 125 123 130 127 125 124 123 152
172 167 163 165 178 176 181 182 185 182 186 185 191 190 158 174 175 175 183 176 177 177 176 190 178 194 191 185 189 199 195 176 171 184 197 192 178 178 188 196 188 179 184 198 153 166 169 152 165 180 164 180 153 166 179 178 177 176 174 174 175 176 165 159 152 173 128 172 170 147 167 152 141 133 134 142 153 149 152 146 135 133 139 163 155 153 147 151 154 154 155 138 133 131
167 164 163 164 176 177 180 180 180 179 184 185 189 171 162 175 175 175 175 176 177 177 177 197 177 195 194 192 204 189 187 174 172 191 200 192 177 168 190 198 191 179 184 199 174 167 151 174 173 182 165 182 153 180 162 180 179 178 176 174 174 176 179 160 154 152 158 143 136 135 135 137 138 137 138 145 155 153 155 154 136 131 134 150 163 158 142 140 148 152 152 152 137 132
164 164 163 164 176 178 180 180 176 178 183 184 169 180 173 175 175 175 175 176 176 176 177 192 177 195 193 204 194 192 179 173 178 194 201 189 177 171 191 203 195 178 181 193 187 172 166 172 175 178 183 153 153 181 180 155 180 179 178 176 175 176 176 166 152 150 152 153 153 161 164 156 156 167 149 150 155 154 154 157 149 132 132 136 147 158 149 132 133 148 151 151 149 132
162 163 163 177 174 176 178 179 176 182 185 188 179 177 172 174 175 175 175 184 176 176 177 177 195 192 196 190 194 190 181 175 197 197 196 179 177 179 190 199 195 175 177 186 190 178 187 148 184 179 184 185 160 182 181 170 159 181 179 178 176 176 176 178 155 158 150 158 156 156 170 169 159 158 167 154 153 157 153 153 151 133 125 129 135 148 151 140 129 130 143 150 151 145
162 163 162 174 173 176 181 177 179 188 169 169 169 176 171 174 175 174 193 176 176 176 177 176 192 195 199 197 188 193 186 180 200 200 183 175 177 184 188 196 191 176 176 186 191 192 159 187 185 179 186 186 185 184 183 176 158 182 180 179 178 177 177 177 170 154 154 155 157 151 163 168 165 158 163 166 152 157 159 145 142 132 133 130 134 148 142 141 134 127 151 131 150 151
162 162 162 172 174 179 182 178 182 191 168 193 170 171 171 174 174 174 174 175 176 176 176 190 179 196 199 195 192 198 192 185 199 193 180 175 184 185 190 197 185 180 181 186 192 194 180 188 187 180 187 187 186 185 185 178 158 183 182 181 157 178 177 178 176 159 160 158 149 152 155 163 167 161 168 166 165 156 165 151 147 147 137 134 138 155 145 132 134 129 122 151 129 150
161 162 162 172 176 164 181 179 184 187 187 180 171 171 172 174 174 174 174 175 175 175 175 171 172 194 195 195 194 201 201 182 191 185 180 185 185 185 198 205 180 178 183 185 191 192 188 171 190 180 181 188 187 187 187 186 156 159 159 183 181 179 178 179 179 160 155 154 148 174 173 171 155 157 167 166 168 169 133 145 155 158 149 142 141 155 154 143 141 143 136 129 150 148
161 162 162 172 175 163 180 177 182 184 182 178 179 171 172 174 174 173 174 175 175 175 191 177 179 193 195 197 194 199 198 179 182 188 180 186 187 186 206 202 180 178 181 185 190 188 189 189 165 190 181 189 188 189 189 194 186 157 169 184 182 180 179 180 180 180 146 145 144 175 174 172 171 152 164 170 165 164 132 137 151 160 157 149 141 155 153 154 153 153 152 140 133 149
161 161 161 170 176 163 163 180 182 183 182 182 187 170 173 174 173 173 174 174 174 175 170 178 169 192 196 182 195 189 196 185 185 196 180 187 188 187 203 192 183 184 179 183 186 187 191 200 198 192 190 190 190 190 189 188 188 149 188 185 185 183 181 152 180 180 154 144 147 148 148 149 172 170 148 157 165 163 159 141 143 156 157 157 156 155 153 153 153 152 151 151 151 132
161 161 161 167 162 162 163 183 179 179 179 186 188 170 173 173 173 173 174 173 174 181 177 178 173 185 181 182 188 181 192 193 194 192 181 178 182 197 204 189 190 190 185 179 179 188 193 192 205 193 192 192 191 190 188 178 153 189 193 182 186 185 183 182 172 180 181 151 149 150 140 151 150 171 169 167 165 163 162 148 141 159 157 157 156 155 154 153 153 152 151 150 151 133
160 160 160 168 161 162 163 183 175 173 178 167 186 170 172 172 172 173 173 173 193 170 177 179 174 190 181 182 187 178 193 201 195 184 183 179 186 203 193 190 191 191 190 181 177 184 193 193 210 183 194 193 192 190 179 181 187 157 186 193 166 186 186 184 181 180 180 161 152 158 153 153 169 144 170 139 155 163 162 153 145 160 157 156 156 155 155 153 151 152 151 150 151 151
160 160 160 160 161 161 162 183 173 172 184 166 181 170 180 171 172 172 173 190 186 167 178 180 173 181 182 183 190 179 200 201 184 185 187 185 199 190 188 192 192 186 192 184 194 194 193 211 202 189 180 195 192 189 168 182 192 183 181 194 188 168 151 185 184 182 181 176 155 156 151 148 171 171 151 145 148 158 158 151 150 160 158 156 155 155 155 154 152 151 151 150 151 150
