examples/cougarCreek-fire/createInputs/farsite/7a-cougarCreek-polygonIgnit/cougarCreekFire_08-11-2015_1600_217m_non_neutral_stability_vel.asc
ncols	146
nrows	140
xllcorner	610065.000000
yllcorner	5095217.000000
cellsize	216.586807
NODATA_value	-9999.000000
[rows 0 to 34 of 140, columns 0 to 77 of 146]
9.51 9.87 10.46 10.54 10.41 10.73 11.12 11.57 12.22 10.56 13.20 13.95 14.69 15.09 15.75 16.56 16.87 16.86 16.27 15.71 16.81 18.43 22.50 23.77 23.58 23.29 23.91 24.75 25.35 25.50 24.41 22.81 22.73 22.79 22.64 22.98 23.37 28.58 24.58 22.87 24.78 24.38 21.99 24.20 24.48 24.42 21.64 21.35 21.30 20.81 19.93 19.21 18.96 18.48 18.10 17.66 16.36 15.26 15.20 14.93 14.09 13.54 13.16 12.66 12.11 11.30 10.71 10.55 10.38 10.16 9.77 9.17 8.67 8.30 8.15 7.97 7.31 6.63
9.51 9.87 10.46 10.54 10.41 10.73 11.12 11.57 12.22 10.56 13.20 13.95 14.69 15.09 15.75 16.56 16.87 16.86 16.27 15.71 16.81 18.43 22.50 23.77 23.58 23.29 23.91 24.75 25.35 25.50 24.41 22.81 22.73 22.79 22.64 22.98 23.37 28.58 24.58 22.87 24.78 24.38 21.99 24.20 24.48 24.42 21.64 21.35 21.30 20.81 19.93 19.21 18.96 18.48 18.10 17.66 16.36 15.26 15.20 14.93 14.09 13.54 13.16 12.66 12.11 11.30 10.71 10.55 10.38 10.16 9.77 9.17 8.67 8.30 8.15 7.97 7.31 6.63
9.05 9.41 10.23 10.33 10.01 10.32 10.67 11.17 11.96 12.50 12.95 13.76 14.40 14.75 15.51 16.23 16.41 16.42 15.91 15.54 17.13 19.68 23.54 23.49 22.65 22.73 23.60 24.41 24.88 24.61 23.32 22.06 22.55 22.99 22.85 23.22 23.63 23.57 23.06 22.76 22.69 22.25 21.95 22.09 22.43 22.12 20.95 20.84 21.10 20.55 19.85 19.37 19.08 18.55 18.17 17.43 15.85 15.11 15.34 15.05 14.20 13.69 13.34 12.82 12.13 11.27 10.94 10.97 10.75 10.25 9.54 8.91 8.55 8.34 8.28 7.98 7.19 6.57
8.89 9.17 10.05 10.20 9.74 9.98 10.25 10.76 11.59 12.20 12.76 13.60 14.20 14.52 15.22 15.70 15.76 15.99 16.06 16.24 18.05 20.75 24.37 23.51 22.43 22.62 23.03 23.46 23.81 23.21 22.22 21.44 22.24 23.10 22.96 23.18 23.80 24.11 23.58 22.97 22.68 22.31 22.25 22.21 22.33 21.83 20.38 20.63 21.33 20.88 20.26 19.53 18.95 18.55 18.13 16.81 15.22 15.17 15.55 15.31 14.72 14.10 13.71 13.13 12.19 11.56 11.62 11.66 11.16 10.25 9.35 8.90 8.73 8.68 8.58 8.09 7.19 6.62
8.84 9.00 9.66 9.87 9.54 9.72 9.91 8.37 9.07 10.04 12.49 13.34 14.06 14.40 14.81 15.22 15.30 15.97 16.84 16.84 16.52 19.98 22.66 23.74 23.26 22.85 21.80 22.07 23.18 23.08 22.69 21.52 21.77 22.95 22.81 22.95 23.89 24.76 24.51 23.55 22.78 22.81 22.91 22.34 22.21 21.82 21.02 21.58 22.40 21.93 20.48 19.12 18.58 20.46 17.65 16.22 15.42 15.91 16.06 15.89 15.45 14.56 14.09 13.26 12.38 12.27 12.27 11.89 11.04 10.10 9.59 9.36 9.19 9.02 8.67 8.04 7.18 6.71
8.65 8.73 9.17 9.45 9.30 9.44 9.58 9.98 10.67 9.66 10.42 11.63 13.82 14.18 14.46 14.92 15.13 16.24 15.87 16.70 15.98 18.76 21.30 23.63 23.87 22.40 20.74 21.87 23.82 24.02 22.95 20.84 21.44 22.94 22.52 22.96 24.14 24.94 24.67 23.63 22.98 23.38 23.32 22.43 22.26 22.38 22.25 22.72 23.05 23.26 21.39 20.12 18.30 17.80 17.10 16.38 16.30 16.84 16.89 16.55 15.82 14.95 14.24 13.23 12.88 12.92 14.63 11.76 10.81 10.28 10.13 9.79 9.42 9.00 8.43 7.76 7.11 6.93
8.43 8.41 8.55 8.91 9.02 9.14 9.28 7.90 8.67 9.47 9.83 10.88 12.42 13.94 14.35 14.73 15.26 16.44 15.35 14.96 15.54 17.43 19.97 22.98 24.58 22.75 21.65 22.60 24.39 24.52 21.84 20.32 22.24 23.08 22.07 22.96 24.19 24.45 24.35 23.96 23.91 24.05 24.02 22.72 22.92 23.78 23.94 24.36 24.29 22.52 23.88 18.29 19.84 17.41 17.25 17.25 17.30 17.59 17.50 16.83 16.00 17.31 16.54 13.47 13.48 14.94 12.34 11.57 10.88 10.76 10.52 9.85 9.23 8.64 8.11 7.64 7.27 7.17
8.12 8.08 8.01 8.31 8.62 8.80 8.99 7.55 8.18 8.73 9.27 10.21 11.69 13.26 14.39 14.66 15.40 15.60 15.02 14.75 15.41 17.11 19.74 23.06 24.98 23.62 22.60 22.99 24.42 24.03 20.69 20.55 22.77 22.07 21.04 22.65 23.87 23.90 23.82 24.08 24.73 24.85 23.88 23.56 24.31 24.84 24.50 23.93 22.96 24.79 20.64 19.67 17.99 17.53 17.86 17.91 17.92 18.05 17.76 16.98 17.90 17.23 14.24 14.01 13.72 15.10 12.27 11.57 11.22 11.05 10.43 9.53 8.89 8.47 8.14 7.75 7.36 7.16
7.65 7.71 7.61 7.76 8.12 7.37 8.69 7.91 7.93 8.44 9.13 9.87 11.07 12.64 14.09 14.66 15.03 15.72 14.77 14.30 16.14 17.76 16.11 18.70 24.70 24.60 23.30 23.27 23.81 23.07 21.05 21.31 22.27 20.39 20.36 21.96 23.34 23.19 23.33 24.64 25.95 25.31 24.09 24.64 25.41 24.22 23.13 22.49 21.72 21.08 20.47 20.41 19.79 18.94 19.33 18.24 18.42 18.36 19.67 16.96 17.35 15.26 14.79 14.37 15.51 14.96 14.31 13.17 11.44 10.95 10.09 9.27 8.86 8.58 8.17 7.61 7.20 7.08
7.14 7.21 7.15 7.31 7.63 6.34 6.88 7.39 7.90 8.52 9.18 9.76 8.04 12.16 13.77 14.56 15.29 16.04 14.42 11.39 13.86 18.16 18.48 20.67 21.19 25.76 24.37 23.47 22.98 23.48 21.64 20.70 21.09 19.88 19.97 21.97 22.97 22.76 23.88 26.31 27.31 26.02 25.06 26.09 25.93 23.65 22.10 21.86 21.92 21.68 21.60 20.30 19.40 18.62 18.26 18.80 18.86 18.52 19.22 16.92 16.18 15.81 15.26 16.18 15.33 14.42 13.71 12.98 11.47 10.74 9.91 9.30 8.96 8.55 7.95 7.40 7.22 7.15
7.50 6.69 6.57 6.78 7.19 7.52 6.33 6.80 7.32 7.91 8.70 9.62 10.57 9.22 13.30 14.10 15.53 15.78 14.63 14.95 13.99 15.04 17.53 19.62 20.42 26.21 26.44 23.78 23.17 24.03 21.35 20.15 21.03 19.83 19.84 21.60 22.55 23.28 25.30 27.41 27.96 26.80 26.23 29.46 28.83 25.68 22.20 22.42 22.53 24.93 24.20 21.97 17.57 17.74 19.09 19.60 19.13 19.35 17.98 17.18 16.76 16.39 17.18 16.24 14.85 14.17 14.10 13.48 11.37 10.57 9.84 9.31 8.85 8.36 7.80 7.40 7.33 7.10
6.18 6.19 6.17 5.78 5.73 5.67 7.50 6.52 7.08 5.64 6.24 9.49 10.70 11.53 12.59 13.67 15.33 15.26 15.09 15.17 13.58 15.18 14.43 19.09 23.70 25.34 27.53 23.21 23.44 23.83 20.68 20.02 20.34 19.08 19.73 21.43 22.60 24.17 25.60 27.11 28.72 29.73 28.38 28.27 28.00 25.79 22.16 22.67 24.92 24.36 22.41 18.10 17.32 18.94 19.92 20.62 20.02 19.65 18.52 17.62 17.24 18.01 17.18 16.01 15.26 13.00 12.32 11.73 11.18 10.36 9.69 9.17 8.70 8.23 7.71 7.41 7.32 6.88
5.62 5.68 5.59 5.35 5.36 5.46 7.15 6.33 6.86 7.30 5.65 6.57 8.31 11.46 12.31 13.66 15.09 14.80 14.96 14.97 13.52 15.54 15.39 13.99 22.64 23.01 27.68 23.40 24.29 25.32 20.48 19.70 19.34 18.99 20.11 21.96 23.66 24.64 24.84 27.59 31.26 31.64 28.94 28.32 27.09 24.26 22.18 24.88 24.21 19.93 18.73 17.94 18.38 20.18 21.25 21.25 20.60 20.22 19.15 17.62 19.21 18.28 17.00 14.07 13.40 12.76 12.06 11.53 10.97 10.17 9.55 9.12 8.66 8.10 7.67 7.47 7.20 6.59
5.07 5.15 5.11 5.25 5.58 4.90 6.81 7.34 6.69 7.41 8.26 5.57 6.40 8.59 12.03 13.42 14.49 14.80 14.88 12.25 13.09 15.27 16.08 14.47 17.66 22.92 27.21 24.46 25.70 26.05 22.88 19.04 17.66 18.16 18.42 20.75 23.27 22.94 21.99 27.60 34.36 33.19 30.16 28.77 25.11 21.70 23.09 25.31 23.27 19.15 18.53 18.57 19.15 20.47 21.90 21.71 21.63 21.15 20.23 19.98 19.69 18.43 14.71 13.93 13.16 12.46 11.89 11.44 10.86 10.12 9.58 9.16 8.58 7.99 7.68 7.42 6.94 6.27
4.52 4.64 4.61 4.75 5.07 5.61 6.32 6.98 7.56 7.23 8.18 8.74 9.40 6.34 8.28 11.78 13.95 14.39 13.52 13.51 14.33 16.05 18.32 17.46 18.36 22.28 26.21 25.37 26.22 25.71 22.54 18.15 17.13 18.45 19.04 21.18 23.16 22.77 22.97 28.54 38.99 33.50 30.17 27.44 23.50 23.74 25.55 26.42 24.40 21.01 18.80 19.89 20.52 21.07 21.62 21.59 23.69 20.96 20.21 19.92 16.87 15.60 14.51 13.75 14.78 13.32 12.62 12.12 10.92 10.27 9.79 9.06 8.40 7.91 7.58 7.19 6.62 5.99
4.00 4.15 4.13 4.25 4.57 5.11 4.42 5.23 5.95 6.70 7.54 8.37 5.61 6.49 7.86 9.53 13.27 13.81 12.87 14.00 15.04 16.77 20.62 20.40 18.05 21.13 25.21 26.19 26.55 24.93 20.04 16.99 18.82 19.29 19.70 21.54 21.64 22.61 26.22 30.98 37.10 33.25 30.82 27.41 25.00 26.60 27.85 26.64 23.49 19.88 19.66 21.49 23.02 22.57 21.33 22.25 24.53 20.50 21.46 19.51 18.61 17.22 15.54 14.51 13.36 12.88 13.21 11.49 11.07 10.39 9.56 8.79 8.23 7.82 7.40 6.91 6.35 5.79
3.61 3.77 3.75 3.85 4.18 4.73 5.36 4.85 5.67 6.32 7.01 8.18 6.22 6.47 8.01 9.62 9.12 10.88 10.96 12.93 14.31 16.29 21.35 21.37 18.27 20.26 25.03 26.78 27.31 23.58 18.10 17.66 19.86 19.97 20.56 21.19 20.72 23.42 28.81 33.10 33.89 32.98 31.44 28.79 27.59 28.52 27.40 24.81 21.73 20.36 21.21 24.75 24.59 23.52 23.59 23.29 21.53 22.12 20.02 19.41 18.25 16.29 14.97 14.48 13.50 14.03 12.11 12.05 11.14 10.21 9.19 8.51 8.09 7.71 7.24 6.69 6.14 5.63
3.33 3.47 3.44 3.58 3.91 4.42 3.68 4.54 5.40 3.93 6.71 8.21 6.19 6.36 7.22 9.68 9.95 9.15 9.67 11.60 11.76 13.32 18.55 22.27 18.42 20.21 25.51 26.84 25.46 21.09 18.45 19.13 19.41 20.28 21.56 19.85 20.58 24.58 29.83 33.83 33.73 32.68 30.53 28.61 28.11 27.73 26.20 23.41 21.79 22.67 25.24 25.36 23.94 22.93 25.09 22.59 20.63 21.26 20.41 18.97 17.39 16.21 15.67 15.24 14.75 12.86 12.01 13.95 13.61 9.79 8.89 8.39 8.02 7.59 7.10 6.52 5.96 5.47
3.07 3.19 3.15 3.33 3.66 4.11 4.72 4.35 3.60 4.23 6.62 8.19 6.27 5.62 5.92 6.62 8.09 9.36 9.55 11.45 11.78 12.34 14.23 19.27 19.15 21.84 26.07 26.23 23.25 21.05 20.51 20.52 20.53 20.40 20.50 18.42 20.72 25.44 30.46 33.13 33.06 31.94 30.33 29.74 28.06 26.56 25.50 23.52 22.52 24.91 24.88 23.78 22.45 20.25 24.70 23.85 19.77 20.31 22.24 18.26 16.84 18.01 16.11 15.40 13.42 15.08 14.55 14.16 10.52 9.47 8.82 8.39 7.93 7.45 6.96 6.37 5.76 5.29
2.81 2.90 2.87 3.09 3.42 3.85 3.24 4.14 2.93 3.68 6.70 4.93 5.47 5.20 6.25 8.06 8.50 9.18 9.41 10.87 12.19 12.49 11.63 15.56 19.35 23.68 26.57 25.39 22.65 21.81 22.46 22.46 24.36 20.88 19.82 19.32 21.67 25.06 30.45 33.54 33.34 32.09 30.84 30.36 28.97 27.30 25.69 24.57 25.24 25.73 23.63 21.44 19.57 22.60 24.02 21.41 21.21 20.79 21.29 19.38 17.11 18.57 15.88 14.88 14.95 12.56 11.71 11.05 10.25 9.37 8.80 8.31 7.76 7.29 6.81 6.16 5.53 5.10
2.55 2.64 2.62 1.66 1.98 2.39 3.07 3.87 4.76 3.12 6.56 4.43 5.26 5.29 6.77 7.38 8.68 9.31 10.16 10.98 12.17 12.18 9.74 13.16 17.09 23.88 26.67 24.69 23.43 22.85 23.65 25.06 22.91 17.87 19.44 21.37 22.72 26.61 30.68 35.91 35.24 33.39 30.98 30.33 28.94 27.42 25.81 25.35 18.97 23.74 22.61 20.64 21.18 24.37 20.82 20.32 21.55 22.88 21.90 19.32 18.20 18.34 15.09 14.33 13.31 12.44 11.56 10.80 10.05 9.24 8.66 8.14 7.59 7.11 6.59 5.89 5.33 4.94
2.27 2.39 2.38 1.44 1.81 2.27 2.91 3.71 4.53 2.88 3.20 4.39 6.69 5.20 7.52 11.70 7.64 8.11 8.80 9.82 10.15 10.57 9.15 12.32 17.85 23.48 25.53 24.75 24.96 24.27 24.52 27.60 21.79 16.61 20.15 23.50 23.45 27.09 32.83 37.69 36.38 30.61 31.45 30.60 28.45 26.38 25.21 24.70 22.41 20.59 21.64 20.29 22.87 20.95 19.77 21.82 23.79 24.17 22.10 18.36 18.54 18.18 16.58 13.83 14.80 14.16 13.45 12.83 9.77 9.00 8.52 8.04 7.43 6.87 6.32 5.66 5.18 4.80
1.97 2.16 2.17 2.43 1.65 2.12 2.88 3.47 4.35 2.19 2.76 4.20 5.22 8.20 5.72 11.33 8.60 12.35 8.93 8.92 9.22 8.72 8.44 9.79 15.93 23.58 26.06 25.75 27.19 26.25 25.46 26.21 20.96 16.35 20.42 25.57 22.91 26.17 33.81 37.63 31.80 29.17 28.63 29.91 28.15 26.72 25.56 23.18 20.29 19.51 19.64 19.05 20.37 19.38 21.84 24.39 23.60 23.43 21.12 18.43 19.46 18.31 15.44 15.45 14.94 13.93 12.74 10.31 9.51 8.87 8.49 7.91 7.17 6.59 6.06 5.50 5.07 4.64
1.71 1.93 1.99 2.26 2.65 3.07 2.75 3.37 0.89 2.13 2.73 3.85 4.17 7.08 5.42 6.33 6.76 8.02 8.88 9.21 10.19 9.45 8.12 6.83 13.44 21.84 28.55 26.57 28.17 26.55 25.28 27.70 22.00 18.25 21.12 22.93 24.25 27.94 33.02 37.06 33.67 28.65 28.66 29.72 27.90 26.05 24.21 21.84 19.45 19.77 17.68 19.69 20.60 20.41 22.88 24.87 23.11 22.98 21.57 20.48 20.44 16.18 14.82 13.01 13.55 13.01 12.10 11.46 9.39 8.84 8.36 7.62 6.89 6.35 5.85 5.35 4.93 4.47
1.50 1.74 1.83 2.09 2.46 2.85 2.74 3.38 4.16 1.56 2.90 3.13 4.27 5.45 5.84 5.55 6.73 7.78 8.44 8.81 8.93 9.02 8.04 4.93 12.84 22.37 30.72 27.13 26.07 26.34 28.24 29.41 24.18 20.41 18.74 20.90 25.64 29.88 34.50 36.79 32.47 30.05 30.45 22.96 27.63 25.22 24.06 22.42 21.10 20.13 16.49 20.50 22.52 23.35 25.22 26.01 25.20 24.43 22.64 20.90 20.01 15.67 15.08 14.66 13.83 12.95 11.83 11.46 9.31 10.56 8.03 7.30 6.67 6.14 5.63 5.19 4.80 4.31
1.31 1.58 1.69 1.95 2.31 2.77 2.76 3.31 4.18 1.26 2.51 2.80 4.35 4.18 5.44 5.40 6.55 7.49 7.59 8.28 8.42 7.20 5.91 4.29 10.19 24.53 33.35 27.53 23.04 30.17 34.94 28.88 24.40 22.90 20.40 23.51 27.89 32.33 36.83 33.01 28.25 29.72 29.10 27.82 26.76 20.39 25.55 17.31 20.77 18.84 18.96 19.84 24.25 23.83 26.09 26.85 26.22 18.90 22.41 20.52 19.33 15.11 15.45 17.42 14.37 12.89 12.31 12.07 11.66 11.17 10.55 7.03 6.45 5.91 5.43 5.03 4.64 4.17
1.15 1.44 1.57 1.86 1.68 2.08 2.80 3.52 2.88 2.38 1.31 2.77 3.84 5.13 5.11 5.54 6.16 6.92 6.78 7.48 8.11 6.11 3.41 13.47 8.54 23.57 34.96 27.67 23.41 34.72 36.69 30.28 26.37 21.23 19.45 24.33 30.77 33.81 34.38 31.87 29.76 28.24 27.47 26.78 25.97 24.79 23.20 21.47 19.68 17.94 19.10 21.23 23.55 23.47 25.07 25.91 25.41 23.60 21.50 19.90 18.61 14.86 14.27 16.75 16.53 16.23 13.13 12.39 11.59 10.93 10.34 6.81 6.23 5.71 5.27 4.86 4.46 4.06
1.00 1.30 1.48 1.81 2.09 2.32 2.65 3.32 4.16 3.88 2.00 2.42 3.31 5.36 6.20 5.11 5.66 6.23 5.99 7.09 7.63 4.75 3.98 9.41 6.83 21.33 35.09 32.55 28.91 38.40 35.15 28.82 25.83 22.11 24.68 28.04 32.89 34.90 32.18 30.14 29.02 27.22 26.52 26.89 26.06 24.35 23.13 21.85 20.32 16.51 19.24 22.27 23.79 21.61 24.67 26.35 24.84 22.31 20.80 20.13 19.29 18.51 18.59 18.52 18.09 17.25 15.95 12.13 11.11 10.24 9.68 6.62 6.03 5.55 5.13 4.70 4.32 3.98
0.90 1.22 1.45 1.78 2.14 2.43 2.61 3.00 3.63 3.16 2.32 2.71 3.51 5.02 6.95 6.10 5.65 5.62 4.96 6.47 5.83 3.57 8.27 7.56 9.90 17.45 33.52 40.17 39.37 41.34 33.33 27.66 28.14 27.45 29.96 32.22 34.87 33.23 30.10 29.35 28.94 28.13 27.62 28.13 27.43 19.62 18.41 16.13 18.41 15.79 20.34 23.88 23.58 21.47 27.55 26.93 24.60 22.85 22.15 21.39 20.45 19.34 18.58 18.16 17.44 16.67 15.69 12.06 11.28 10.43 9.81 6.41 5.85 5.41 4.99 4.57 4.23 3.90
0.88 1.19 1.45 1.75 2.10 2.50 2.78 2.80 1.42 2.16 2.44 2.98 3.90 5.12 5.08 5.13 5.20 5.07 4.13 4.97 3.14 5.77 7.45 7.30 8.80 14.92 26.69 41.17 47.71 42.52 33.14 29.18 30.77 30.40 30.87 32.43 31.72 29.85 29.44 29.28 29.47 29.73 25.32 21.16 20.43 19.47 17.04 18.85 14.84 17.44 21.30 23.70 24.16 25.18 29.22 26.57 24.85 23.39 21.96 20.59 19.59 18.82 18.28 17.65 16.79 13.05 12.42 11.81 11.23 10.55 9.84 6.25 5.74 5.29 4.87 4.47 4.15 3.82
0.96 1.23 1.51 1.80 2.12 2.46 2.87 3.29 3.40 3.05 3.21 2.53 3.82 4.55 2.47 2.94 5.65 5.28 4.06 3.77 3.21 1.83 6.06 6.64 10.94 12.85 22.32 38.80 48.17 44.59 35.07 33.74 33.18 31.93 33.03 32.95 28.58 27.18 30.46 27.55 25.92 25.92 21.12 20.69 20.42 19.23 20.53 13.62 16.63 19.16 21.14 22.11 27.56 29.30 27.69 25.25 23.16 22.13 21.04 19.89 19.18 18.77 18.11 17.36 16.42 12.62 11.76 11.18 10.56 9.81 8.91 6.17 5.63 5.17 4.74 4.36 4.07 3.77
1.19 1.36 1.61 1.89 2.18 2.50 2.76 3.15 3.70 3.63 4.08 4.29 4.28 3.59 0.11 3.23 6.90 7.23 5.89 4.37 6.30 6.96 6.95 4.94 8.59 15.03 23.64 37.98 44.80 44.19 38.73 37.41 33.74 33.33 33.42 28.28 26.41 27.12 28.51 24.44 25.95 25.42 20.24 20.39 20.30 18.92 16.83 15.66 17.13 18.77 20.19 23.06 28.98 27.47 23.87 22.54 22.41 21.48 20.55 19.56 19.17 18.65 18.08 16.99 16.11 15.48 12.03 11.52 10.86 10.13 9.58 9.14 8.62 8.17 4.67 4.30 4.00 3.74
1.50 1.63 1.79 1.95 2.17 2.29 2.60 3.12 3.70 3.61 3.31 3.51 3.30 3.24 1.73 3.51 3.24 8.19 12.41 10.26 6.11 4.03 1.20 5.74 12.73 20.83 28.38 38.06 44.57 42.37 39.91 38.18 33.21 31.61 31.04 27.82 27.09 30.32 27.40 28.09 25.48 24.48 19.66 20.16 19.96 19.04 17.56 22.02 16.05 17.29 19.43 22.51 25.69 25.22 22.35 23.83 24.53 22.60 20.84 19.52 18.73 17.97 17.47 17.21 16.84 9.79 15.66 8.49 14.48 13.82 6.60 11.58 8.86 5.02 4.64 4.26 3.94 6.39
1.80 2.01 1.51 2.26 2.00 2.26 2.56 2.97 3.44 3.61 2.47 2.32 3.45 3.06 2.19 6.29 10.39 13.07 7.89 7.54 6.36 3.83 3.38 9.81 19.80 27.49 32.29 37.52 41.22 38.32 40.66 40.04 32.97 29.60 29.11 29.25 30.07 30.51 28.09 27.84 27.64 23.52 19.44 19.92 27.02 25.62 24.43 21.88 15.42 16.81 19.13 20.54 23.96 28.85 26.85 27.62 25.35 22.58 20.93 14.48 19.17 18.25 17.82 10.71 10.21 15.98 8.96 14.42 13.51 10.27 9.40 8.52 5.34 4.97 4.58 4.21 3.91 3.70
1.97 2.21 2.58 2.13 2.34 2.55 2.77 3.19 2.94 2.65 2.82 2.64 2.36 2.21 2.57 5.18 7.56 8.92 10.46 11.40 10.04 6.98 13.52 15.53 25.32 31.65 33.09 34.71 37.73 37.09 41.46 39.67 34.70 28.96 28.39 30.14 31.18 30.01 29.26 29.29 29.12 28.10 27.30 27.42 26.96 26.02 24.69 21.87 15.67 16.61 18.49 20.54 22.20 23.93 25.02 25.99 25.17 22.67 21.19 19.58 18.84 17.39 12.95 16.51 15.87 15.21 11.86 11.10 9.76 7.07 6.55 5.90 7.90 8.00 7.81 7.37 6.91 3.81
