examples/cougarCreek-fire/createInputs/farsite/7a-cougarCreek-polygonIgnit/cougarCreekFire_08-13-2015_0900_217m_non_neutral_stability_vel.asc
ncols	146
nrows	140
xllcorner	610065.000000
yllcorner	5095217.000000
cellsize	216.586807
NODATA_value	-9999.000000
[rows 70 to 104 of 140, columns 0 to 79 of 146]
19.05 16.44 24.78 31.21 31.08 28.42 26.21 24.92 24.41 26.93 22.36 20.89 19.85 19.10 19.56 16.43 18.79 19.44 22.15 22.79 21.66 20.19 15.23 14.18 9.90 3.79 16.61 16.14 22.33 18.88 15.00 24.05 28.00 23.60 20.43 16.74 18.73 20.09 15.99 15.61 19.79 20.06 21.54 21.89 19.29 16.89 21.25 18.35 19.35 15.96 14.81 17.50 13.78 8.56 10.10 11.40 9.95 4.70 8.48 9.78 10.61 9.97 8.94 8.30 8.11 8.36 9.21 3.36 10.61 10.54 10.60 11.02 5.18 4.59 4.81 5.54 6.42 7.90 10.62 12.61
17.75 20.39 28.48 29.34 29.30 26.18 24.03 27.14 26.70 26.55 25.35 24.54 23.26 22.96 20.58 16.46 19.41 19.95 21.69 22.32 20.91 18.65 12.62 11.20 5.03 6.15 13.02 20.43 23.89 16.27 16.03 26.09 27.06 22.27 19.29 19.42 20.99 19.90 15.11 19.53 17.15 16.70 19.55 20.76 20.58 16.73 15.20 20.40 19.92 18.52 15.34 13.73 12.78 9.73 11.38 12.90 12.00 9.95 8.74 9.31 10.33 10.69 9.79 9.08 8.91 9.06 9.77 10.60 4.07 10.54 10.60 11.27 4.96 5.54 5.49 5.22 5.23 6.23 7.10 8.29
20.68 25.13 31.28 31.39 28.38 25.53 23.83 27.22 27.16 26.50 25.51 25.14 19.48 21.04 21.48 15.09 19.45 18.88 21.73 22.76 23.25 14.90 12.13 14.18 6.38 13.54 14.16 22.86 19.93 15.34 18.70 27.42 26.35 20.48 15.21 18.89 24.33 24.02 14.46 19.79 17.68 19.40 17.43 19.95 20.77 17.30 21.26 14.75 15.40 14.29 14.83 13.28 12.67 8.56 12.63 14.79 11.86 9.53 3.50 9.06 9.44 10.35 10.60 10.17 9.83 9.91 10.47 10.95 10.81 10.49 3.50 4.04 5.60 8.13 7.72 10.87 4.17 5.17 5.08 5.89
24.08 27.87 32.66 32.67 27.14 25.04 23.98 28.44 28.03 26.94 25.45 25.82 20.64 22.06 19.95 12.97 19.63 18.59 21.06 23.50 21.65 14.73 12.23 15.18 7.64 15.23 20.33 20.44 13.54 16.59 23.69 26.59 24.09 15.97 17.99 19.38 27.22 26.55 14.88 19.69 17.20 20.65 16.10 17.31 19.12 18.23 15.68 17.42 15.57 16.00 13.90 13.17 12.73 11.92 9.32 12.34 12.55 9.62 9.27 9.28 9.44 9.80 10.52 10.53 10.17 10.19 10.61 11.08 11.15 11.10 7.41 7.23 6.89 7.11 6.40 4.56 3.09 3.74 3.33 4.97
27.16 28.56 31.17 30.93 25.42 23.84 28.73 28.16 27.18 25.77 24.39 24.64 24.76 19.63 16.60 11.40 19.50 19.06 16.06 25.01 18.13 10.70 16.44 17.39 13.67 16.84 21.25 14.21 14.90 21.05 26.62 25.65 23.93 14.09 17.55 21.26 28.90 26.60 15.37 19.48 20.34 20.74 16.16 15.65 18.59 18.84 16.25 18.22 15.59 11.35 17.04 15.55 13.52 7.02 12.55 11.76 11.30 10.50 10.34 4.38 10.23 10.04 10.50 10.71 10.44 10.40 10.80 4.40 4.26 3.98 7.24 5.15 4.42 3.42 3.49 3.75 3.00 3.39 3.58 11.38
30.11 29.28 34.02 30.39 30.13 28.58 27.66 27.16 26.20 24.15 20.96 18.16 25.05 17.91 15.37 11.27 21.15 13.25 14.29 24.65 17.52 12.40 17.48 13.71 16.62 21.05 21.86 19.89 22.85 23.14 24.62 25.55 14.99 15.06 18.25 26.39 27.20 24.60 16.59 15.79 20.28 23.55 17.50 14.63 16.83 17.06 16.90 13.98 16.93 11.24 16.13 13.81 11.86 8.48 13.28 8.72 11.45 13.39 11.15 11.66 10.17 10.10 10.60 10.88 10.84 10.90 11.22 11.51 6.31 2.83 5.79 5.51 3.65 2.11 1.61 1.95 2.67 3.34 4.01 4.37
30.30 30.87 30.90 31.05 29.46 27.76 26.56 26.85 26.03 17.16 17.76 19.82 19.95 26.15 15.74 11.37 26.12 18.71 20.90 21.65 19.48 14.56 14.31 16.72 22.59 25.26 21.89 22.46 24.18 21.95 22.86 25.15 15.04 16.78 24.27 23.78 28.15 20.44 17.46 16.46 17.52 22.43 20.06 11.18 15.17 17.37 22.28 16.55 17.14 10.56 12.45 12.76 11.30 8.99 8.67 8.30 11.72 14.44 11.50 10.40 5.21 10.69 10.67 11.05 11.52 11.68 12.00 5.64 11.87 4.70 3.41 4.86 3.65 1.94 2.91 4.45 2.96 4.13 4.02 5.05
31.77 31.52 31.38 31.10 28.97 27.60 26.12 27.81 29.58 19.47 21.35 23.04 21.65 27.76 16.26 11.89 25.95 20.28 21.83 21.62 18.96 15.34 14.35 23.10 31.91 24.74 22.38 24.03 24.26 20.28 20.94 25.54 16.13 21.49 26.49 22.78 27.18 20.66 16.20 16.81 19.67 21.81 18.17 11.47 14.17 15.73 15.47 14.93 17.11 9.88 9.71 11.37 8.64 8.09 8.74 8.60 12.58 12.48 12.22 11.92 8.79 11.13 10.70 11.10 11.86 6.46 6.08 5.92 6.80 6.13 2.32 2.88 3.96 2.19 4.52 10.86 4.24 2.75 10.85 5.39
32.34 31.73 31.04 30.64 29.02 26.52 30.31 29.04 26.34 21.51 23.28 23.25 20.28 27.71 15.53 12.28 24.23 19.14 21.71 19.63 14.22 17.30 17.78 19.70 17.44 26.88 25.12 24.17 23.94 19.99 16.14 25.66 22.83 24.69 28.53 16.95 26.23 20.12 13.84 15.72 24.66 23.89 16.51 11.94 8.74 14.18 11.05 18.01 17.83 11.53 9.37 12.09 9.21 7.62 8.43 8.80 13.96 12.21 10.24 13.40 11.17 4.01 10.94 11.38 12.26 6.48 12.65 6.19 12.35 12.11 11.86 5.34 0.96 0.81 5.13 10.39 11.11 10.79 10.12 3.66
31.81 31.96 31.33 30.38 29.24 31.69 29.92 28.54 30.24 20.88 25.54 19.20 26.37 16.47 13.75 22.52 15.13 14.35 18.76 15.57 17.53 19.93 28.27 19.39 16.22 27.44 24.88 22.45 24.34 21.60 19.99 25.68 26.88 22.71 29.24 21.38 15.01 19.79 11.82 16.14 21.91 24.45 20.37 12.18 12.77 9.54 7.94 9.09 18.31 17.95 10.49 13.52 11.24 6.09 14.91 14.23 13.21 13.54 7.15 12.96 11.38 10.94 2.92 4.67 12.66 12.90 12.60 12.46 12.37 12.29 11.89 11.25 10.69 2.86 3.24 5.37 10.12 9.97 9.38 8.56
32.06 30.93 31.18 31.77 30.34 25.21 23.48 31.87 29.65 25.08 18.48 34.35 16.75 16.29 13.11 22.80 14.47 15.66 16.45 18.27 20.51 25.23 21.34 17.89 14.66 27.39 23.99 18.50 23.87 25.39 21.13 25.22 26.86 19.93 26.73 20.77 19.11 18.74 11.88 17.19 21.90 16.96 22.76 18.08 10.19 8.16 5.45 13.60 14.77 13.78 14.85 12.55 13.43 13.67 14.18 13.18 11.86 11.58 6.43 11.92 11.47 11.26 11.35 9.69 12.16 12.55 12.38 12.09 12.09 11.90 11.51 10.96 10.14 9.50 2.69 2.88 8.21 8.83 3.34 6.96
33.02 29.22 31.26 22.41 31.44 25.22 25.20 25.27 30.83 31.93 18.15 17.55 18.64 16.85 14.08 18.78 15.98 16.77 18.86 21.32 26.64 29.83 20.41 16.50 13.75 29.37 20.90 14.33 24.72 29.59 20.87 21.77 21.70 23.40 26.02 25.89 21.91 11.48 13.08 22.05 20.29 12.82 18.56 20.80 19.37 8.97 4.16 12.76 14.74 13.66 11.71 14.11 12.43 12.88 13.04 12.17 11.81 11.54 11.76 12.29 12.34 12.24 11.87 11.50 1.79 11.91 12.30 12.27 12.20 11.70 10.99 4.26 9.20 8.56 7.78 6.88 6.85 7.53 7.93 6.69
32.89 29.21 31.44 31.74 33.01 26.27 26.83 22.03 30.01 29.99 18.11 18.44 19.51 16.85 14.86 19.62 16.99 18.47 20.66 29.93 30.42 21.34 18.68 14.84 12.47 28.84 14.69 14.84 27.04 28.03 21.97 16.31 22.03 25.66 26.58 21.56 20.60 8.61 13.86 22.88 16.34 13.91 13.26 17.95 17.97 13.20 4.53 12.83 15.26 14.39 13.01 12.10 11.40 11.95 11.90 11.42 12.41 12.63 12.60 13.20 8.44 12.82 11.92 11.13 10.72 11.19 12.17 4.95 12.21 4.48 10.63 9.34 1.43 7.66 7.22 7.06 6.79 6.68 4.92 6.12
29.90 28.62 32.03 31.77 28.89 27.98 25.33 21.66 30.81 30.11 17.85 19.45 20.13 17.11 26.77 17.14 19.04 20.70 21.41 33.97 32.86 20.32 17.10 13.84 28.54 24.35 15.61 16.82 26.35 22.80 20.21 17.01 26.69 24.64 20.48 22.55 9.18 8.02 17.67 19.12 13.13 19.45 17.65 17.08 16.55 15.25 5.55 12.99 15.13 10.12 15.30 12.70 12.36 12.14 11.70 11.74 12.69 6.02 5.09 13.20 12.97 6.70 12.21 11.23 10.61 8.04 11.83 3.54 11.55 10.69 9.83 8.80 2.78 1.87 2.75 7.28 3.38 5.70 5.26 5.02
32.61 28.68 32.81 31.98 27.82 28.68 22.13 21.56 32.33 24.98 18.80 21.25 31.89 18.91 18.79 20.06 21.21 21.61 28.06 32.03 21.65 19.25 15.68 13.57 12.70 24.63 20.58 20.83 23.32 22.15 25.04 19.41 26.91 22.95 19.70 17.17 8.39 9.77 16.35 13.45 15.94 15.54 19.43 16.57 13.13 15.90 8.60 12.80 14.74 8.03 14.39 12.81 12.71 12.81 13.08 13.08 13.06 13.35 13.16 12.70 12.53 4.72 12.68 5.63 11.90 12.61 4.50 3.28 3.02 10.30 8.97 7.84 4.92 3.70 4.30 4.32 4.19 6.93 6.35 4.34
33.84 30.38 32.11 28.99 29.26 29.11 26.75 27.06 32.04 19.01 20.43 22.61 21.67 32.70 26.77 21.22 31.06 31.64 33.43 34.13 20.85 17.69 14.24 12.38 21.47 22.57 20.18 20.30 23.26 20.49 26.04 19.34 24.38 24.68 18.34 11.48 10.35 11.05 5.22 13.00 16.03 13.73 9.62 7.04 9.76 12.62 6.97 3.56 14.18 14.93 13.02 6.63 13.32 14.37 14.71 14.41 3.94 13.62 13.37 12.84 12.64 4.23 12.78 13.47 10.84 9.20 3.78 2.23 2.27 4.01 5.52 7.60 7.98 3.57 7.16 4.53 4.54 5.86 5.53 7.07
34.97 31.94 29.84 28.05 32.95 30.34 27.23 28.74 27.79 19.84 21.59 22.88 20.92 34.44 32.71 30.52 30.01 34.07 20.66 20.82 19.38 15.84 12.98 11.07 27.25 16.99 19.59 19.57 21.34 24.16 24.54 9.19 20.41 19.41 19.71 11.71 14.88 13.34 9.73 12.68 15.35 12.77 9.43 2.92 7.03 11.91 9.20 12.87 13.78 15.02 9.44 11.95 14.49 15.61 15.50 15.28 14.73 5.52 14.29 13.87 13.34 13.05 13.17 13.61 5.64 10.26 3.51 2.27 1.10 2.49 9.68 12.39 10.44 6.08 5.89 7.01 6.25 5.66 4.03 4.33
36.22 30.69 28.17 29.96 33.74 29.14 22.65 21.84 21.13 21.22 22.57 23.01 20.72 37.02 33.94 32.17 30.65 33.19 20.62 20.30 17.69 13.80 11.21 20.78 24.79 21.08 19.13 18.69 20.44 22.35 15.03 11.25 22.22 9.78 22.53 14.85 17.45 13.28 7.61 12.11 14.03 12.57 10.73 1.56 1.95 10.87 5.81 13.29 4.26 5.97 6.70 11.76 12.69 15.94 16.16 16.07 15.51 15.06 15.07 6.67 6.06 5.89 13.98 13.53 4.67 11.65 2.39 2.98 2.44 2.32 2.57 5.09 6.13 6.73 6.31 5.62 5.62 7.33 6.83 5.06
36.04 29.66 29.83 34.60 33.52 34.29 29.85 28.91 22.09 22.33 23.31 23.33 21.07 31.09 36.99 31.43 31.59 20.05 19.58 18.63 15.26 12.05 9.61 28.57 23.79 18.73 13.32 13.54 19.46 17.76 14.48 15.87 22.87 9.17 18.60 15.24 17.43 15.58 9.93 11.83 13.46 13.25 12.24 1.50 3.73 6.78 5.65 3.34 4.69 16.08 5.68 9.94 16.40 11.90 7.58 16.46 9.02 8.73 15.98 7.25 6.70 6.67 6.70 14.64 5.61 9.34 5.17 4.74 4.89 4.94 4.22 5.07 7.75 12.38 6.40 5.26 5.08 4.35 3.49 6.54
30.04 28.92 35.16 36.29 31.94 33.48 31.44 29.63 22.01 22.24 23.10 32.01 21.24 19.57 36.61 29.73 33.07 18.75 17.96 16.40 13.21 10.91 9.29 26.13 18.04 10.93 12.18 12.69 20.67 18.17 11.92 18.14 21.27 8.68 6.92 18.58 16.11 14.71 9.65 11.24 12.98 10.95 13.63 3.69 4.64 8.60 9.25 2.17 6.55 6.49 6.45 7.04 16.42 15.96 7.82 16.56 8.60 9.44 5.87 7.84 6.37 7.81 7.46 7.51 8.22 9.48 10.37 7.55 9.96 9.90 6.60 6.13 4.77 5.13 5.96 10.16 7.24 5.36 3.25 7.20
28.90 28.06 35.17 36.04 31.15 31.71 30.51 29.70 21.99 22.14 23.27 33.11 21.71 19.61 37.36 20.44 34.30 17.96 16.54 14.82 12.19 9.97 30.37 20.42 11.30 12.23 13.43 20.71 21.16 20.29 19.51 21.23 22.26 17.72 5.53 16.78 11.41 12.02 8.97 10.36 11.52 4.64 13.49 5.95 2.79 9.61 11.16 8.46 15.76 16.11 7.48 6.57 16.17 15.73 15.98 6.26 16.66 9.89 16.51 16.74 8.77 9.14 16.27 6.32 5.86 7.88 12.95 11.67 14.86 15.57 15.36 7.06 7.54 7.74 6.65 6.67 6.20 5.63 8.70 3.52
26.89 26.98 34.13 35.11 31.46 31.16 30.25 31.84 22.07 22.67 24.19 23.73 20.46 19.04 19.94 32.93 33.99 17.28 15.45 13.68 11.36 9.75 26.96 20.17 11.66 12.94 20.88 22.74 21.51 18.04 21.56 23.66 20.52 19.88 13.64 17.27 9.57 10.80 8.89 3.31 2.29 4.81 13.05 7.95 2.04 8.70 6.30 14.35 15.01 15.45 15.99 16.24 14.92 14.87 13.01 8.43 8.38 9.73 7.64 16.81 7.02 10.29 8.46 9.26 6.35 12.99 8.97 8.60 11.58 13.24 12.01 14.18 7.23 8.52 7.70 6.12 6.82 5.84 6.13 10.66
31.72 25.86 33.74 36.34 35.93 36.01 30.03 29.98 32.66 21.54 22.86 36.32 18.46 33.78 18.44 36.11 18.16 32.83 14.82 13.21 11.26 23.59 24.98 12.44 12.35 12.96 25.77 24.62 19.47 19.62 24.89 22.86 22.70 21.54 16.08 14.22 9.87 2.65 3.95 9.60 0.77 6.51 11.67 11.19 11.62 5.14 6.66 7.31 14.72 15.36 16.04 16.33 13.45 16.87 17.10 11.11 8.97 10.35 6.62 8.19 6.52 6.23 10.30 10.75 9.27 12.66 11.32 11.15 10.94 13.26 12.30 14.30 7.20 8.25 7.77 7.70 12.51 11.63 12.65 10.93
31.42 24.85 25.26 24.65 34.11 36.16 28.28 20.12 30.57 19.88 34.05 34.34 17.44 33.24 31.87 34.11 32.28 25.07 14.62 13.42 12.40 23.93 22.51 22.19 12.20 12.48 25.08 24.01 23.79 20.98 20.85 16.98 20.87 18.52 13.50 4.06 4.92 6.04 7.32 8.25 8.51 9.02 9.52 9.56 9.92 5.56 5.74 13.85 14.60 15.38 16.62 6.03 10.84 17.32 16.89 16.59 13.00 13.57 8.66 8.40 6.97 8.11 11.77 13.49 11.86 7.56 7.90 7.93 15.60 14.01 13.45 15.30 7.59 8.02 7.59 9.85 9.66 8.74 3.42 3.99
24.48 25.58 25.73 23.96 37.37 35.94 28.14 19.94 19.75 19.93 20.06 33.92 32.93 30.91 31.83 33.06 30.38 29.31 14.16 13.45 12.70 21.03 25.75 23.69 11.58 12.63 23.87 24.67 23.76 24.72 21.56 18.53 18.79 12.55 2.42 2.46 3.13 4.12 5.33 6.20 6.19 6.84 8.22 9.46 10.26 10.89 11.81 12.89 13.92 14.97 16.18 7.70 11.53 17.00 16.53 16.16 15.28 15.94 13.22 9.01 8.09 7.16 13.58 14.58 13.38 14.83 14.25 12.85 17.97 14.60 14.66 16.29 8.07 8.47 9.17 5.56 3.74 9.17 12.17 4.22
27.77 25.50 36.81 22.52 35.80 33.91 19.95 24.41 20.33 23.47 31.77 32.12 30.64 31.26 30.80 31.70 33.49 29.44 14.66 13.15 11.33 29.27 24.30 11.28 12.34 13.61 25.26 22.35 8.40 20.27 5.59 18.53 14.16 9.57 1.57 1.51 1.91 2.51 3.68 4.84 5.27 6.19 7.44 8.75 9.65 10.17 10.81 11.77 12.94 13.95 14.61 14.90 15.08 15.58 15.95 15.81 15.42 15.07 14.91 15.08 8.19 11.03 14.33 13.59 12.73 11.55 10.70 14.75 15.54 15.56 14.72 14.32 10.71 10.82 11.08 10.27 3.82 3.77 4.04 11.93
24.24 24.11 36.45 34.44 34.54 33.19 19.88 25.49 25.66 29.26 29.22 34.56 31.73 30.40 31.75 30.07 33.26 28.98 15.60 13.12 11.27 23.77 11.92 12.93 14.65 14.49 27.93 22.99 24.17 15.31 13.27 14.45 12.31 2.39 1.34 0.73 0.88 1.79 3.19 4.53 5.32 6.17 7.04 7.92 8.80 9.62 10.38 11.20 12.07 12.89 13.45 13.67 13.94 14.43 14.85 14.83 14.57 14.41 14.23 14.05 14.55 12.31 13.12 12.67 14.50 10.93 9.38 8.55 8.32 16.39 15.72 14.75 12.20 15.27 15.38 10.48 4.52 4.84 5.10 12.06
24.99 23.99 36.31 34.45 32.97 29.08 27.36 20.55 27.67 31.85 19.78 31.57 30.94 33.52 17.60 33.72 30.25 31.05 15.24 27.78 12.79 13.73 14.46 15.31 15.65 27.96 11.06 25.50 15.87 8.49 14.53 5.68 4.57 3.36 2.33 1.29 0.36 0.98 2.34 3.76 4.96 5.90 6.60 7.11 7.75 8.83 9.91 10.71 11.57 12.49 13.17 13.54 13.81 14.07 14.16 14.10 13.88 13.65 13.44 13.00 12.55 12.40 12.31 11.91 11.35 10.67 9.62 8.60 7.73 6.99 6.58 6.47 5.97 14.16 10.74 13.95 11.62 5.80 6.42 13.26
26.27 24.54 22.26 33.32 34.42 20.07 26.88 21.08 20.83 20.97 31.32 26.60 31.25 32.46 18.66 18.33 35.17 28.87 28.05 27.72 14.52 16.18 17.28 16.90 26.18 27.79 25.37 11.08 19.95 19.72 15.33 5.81 4.91 3.90 2.85 1.84 1.28 1.01 1.85 3.21 4.40 5.20 5.83 6.50 7.32 8.38 9.49 10.35 11.05 11.77 12.45 12.96 13.35 13.59 13.55 13.36 13.25 13.03 12.69 12.23 11.65 11.33 11.20 10.99 10.75 10.38 9.48 8.46 7.52 17.41 6.57 6.47 5.83 16.03 14.94 17.92 13.37 6.85 7.55 12.85
24.40 33.71 21.28 33.10 27.18 21.28 32.92 20.82 20.99 34.29 33.23 20.98 31.82 34.84 20.31 32.04 33.72 33.35 29.65 16.54 17.13 22.42 17.21 15.42 13.02 27.33 22.19 21.53 23.74 22.28 16.53 18.23 4.70 4.01 3.23 2.51 2.15 2.03 2.80 3.63 3.80 3.84 4.58 5.75 6.79 7.78 8.90 9.91 10.60 11.05 11.46 12.03 12.55 12.69 12.62 12.43 12.22 12.07 11.87 11.53 10.99 10.45 10.16 10.28 10.51 10.09 9.20 8.53 7.95 7.27 7.09 6.65 15.41 14.69 14.55 14.55 16.04 14.12 8.94 9.03
21.31 31.51 19.99 34.21 19.35 26.19 33.86 25.43 36.67 20.45 20.72 22.85 32.67 22.20 31.52 19.00 29.75 29.46 29.60 17.18 17.16 16.60 14.40 31.82 24.86 22.47 21.05 24.36 24.77 22.12 6.49 5.97 5.28 4.61 4.02 3.50 3.16 2.90 2.06 0.46 1.18 1.22 3.36 4.59 5.51 6.56 7.73 9.08 10.22 10.89 11.39 11.64 11.81 12.00 11.82 11.52 11.30 11.17 11.11 10.92 10.46 9.89 9.54 18.38 10.03 9.56 8.83 8.55 8.37 7.93 7.44 6.88 6.23 5.98 5.90 14.59 15.30 15.81 9.99 9.59
22.13 21.26 19.04 30.28 20.06 31.68 32.47 21.26 20.68 37.11 19.48 33.63 31.20 33.99 34.92 33.50 28.94 28.68 28.57 32.51 14.85 13.63 12.07 12.06 13.20 13.30 23.53 25.19 24.15 20.45 7.19 6.65 5.80 4.90 4.49 4.36 4.22 4.27 4.75 5.44 3.94 2.42 4.16 5.00 5.76 6.61 7.48 8.35 9.13 10.09 10.99 11.20 11.16 11.46 11.41 10.97 10.73 10.67 10.61 10.50 10.26 9.90 9.61 9.53 9.58 9.11 8.45 8.48 8.50 7.89 7.25 6.88 16.19 16.20 15.88 15.04 15.63 16.57 17.75 14.67
21.63 20.54 19.55 19.48 21.04 28.97 21.62 31.97 33.23 34.02 18.50 35.31 34.53 35.02 33.22 26.30 18.13 31.45 29.91 28.31 13.91 24.94 16.76 13.83 14.69 13.45 23.74 25.84 22.02 9.20 8.31 7.25 6.19 5.25 4.75 4.59 4.58 4.84 5.10 4.30 3.26 5.03 5.90 6.29 6.80 7.43 7.86 7.96 8.13 8.77 9.38 9.72 10.19 10.89 11.17 10.73 10.23 10.15 10.28 10.45 10.44 9.89 9.35 9.40 9.47 8.85 18.06 17.86 17.47 18.34 17.57 17.26 16.92 16.82 16.00 16.07 16.36 15.92 16.82 16.17
21.50 21.23 21.24 20.80 30.28 21.31 37.71 34.63 30.92 19.33 19.89 26.42 19.81 33.64 33.26 26.84 18.96 31.12 18.26 26.22 26.70 13.65 13.65 14.05 24.72 23.09 24.25 25.47 18.78 9.53 21.77 19.98 6.60 6.01 5.38 4.52 3.51 2.28 1.39 3.10 5.74 7.30 7.18 6.67 6.41 6.42 6.55 6.75 6.97 7.60 8.48 9.03 9.47 10.16 10.56 10.28 9.79 9.63 10.18 10.83 10.52 9.45 16.42 9.09 9.28 17.00 17.74 17.37 17.34 17.65 17.32 16.88 15.78 16.90 17.33 16.81 16.75 18.00 16.40 15.81
20.56 19.93 18.92 18.68 20.02 29.67 20.79 33.76 32.58 20.12 21.37 22.62 30.46 35.51 21.06 30.85 31.20 32.02 18.26 31.10 15.93 15.64 15.90 16.20 27.63 22.44 24.56 27.04 22.17 21.36 25.78 21.27 6.66 6.48 5.99 4.88 3.49 2.98 3.80 5.14 6.50 7.33 7.07 6.07 5.23 4.81 4.78 4.99 5.49 6.41 7.84 9.39 10.13 10.25 9.94 9.22 8.98 9.53 10.58 11.09 10.36 9.17 8.72 9.12 9.20 17.38 17.31 17.39 9.85 9.45 17.67 17.32 17.43 17.09 17.00 16.83 16.67 16.85 17.03 18.04
