examples/cougarCreek-fire/createInputs/farsite/7a-cougarCreek-polygonIgnit/cougarCreekFire_08-11-2015_1200_217m_non_neutral_stability_ang.asc
ncols	146
nrows	140
xllcorner	610065.000000
yllcorner	5095217.000000
cellsize	216.586807
NODATA_value	-9999.000000
[rows 48 to 95 of 140, columns 0 to 95 of 146]
76 83 80 63 100 97 111 56 72 71 80 92 99 105 123 156 158 155 118 108 93 72 55 57 71 76 87 87 80 77 72 67 74 53 60 69 350 334 325 326 320 295 289 289 283 274 269 276 266 258 259 269 275 277 273 272 270 265 260 259 261 260 259 261 262 261 265 278 294 297 294 292 307 310 307 315 320 336 311 306 306 305 339 320 4 58 75 91 104 111 116 128 57 110 48 44
80 87 94 99 74 45 56 73 83 82 88 99 109 126 156 121 118 111 105 94 90 64 55 74 76 79 87 82 82 88 73 79 76 66 59 68 32 328 322 327 304 305 273 275 280 276 285 284 279 272 273 274 273 271 269 266 262 261 254 251 252 253 254 253 256 252 252 254 262 268 272 283 289 293 298 298 296 290 316 298 268 255 358 282 108 86 84 90 99 105 112 124 127 47 45 44
82 87 91 66 46 75 88 86 87 89 100 113 121 120 115 109 109 96 85 87 86 71 68 68 64 69 75 79 91 91 70 81 80 65 54 67 28 332 326 323 320 302 291 283 268 274 280 281 281 278 276 274 271 266 261 257 257 257 256 255 248 250 254 254 248 239 232 236 242 248 258 267 277 275 279 273 308 307 299 267 192 159 138 137 126 120 107 98 100 104 110 115 111 104 99 97
80 83 68 54 78 83 82 86 91 95 112 139 122 116 144 88 91 78 81 85 79 71 68 46 50 66 80 92 98 92 70 82 82 61 50 66 0 343 335 327 314 296 283 283 289 284 262 268 269 267 265 267 270 267 258 255 254 248 252 254 255 260 255 258 250 240 248 235 256 257 258 263 263 267 274 256 269 270 256 273 177 162 145 140 258 116 124 122 114 108 104 102 99 97 99 101
79 80 65 68 79 83 89 92 91 101 110 112 109 103 85 71 67 73 83 83 76 78 80 109 46 85 101 107 101 78 68 81 79 60 51 55 3 351 341 330 313 295 279 272 281 274 273 262 264 262 263 265 267 271 266 259 249 240 243 246 246 258 262 256 250 242 240 238 249 257 249 252 253 248 240 236 234 228 220 203 245 171 162 150 138 192 261 133 137 123 111 104 102 102 103 103
79 66 62 70 79 80 84 87 90 102 102 135 81 66 63 59 60 77 86 83 83 78 83 47 70 102 105 94 82 71 59 66 78 60 68 43 19 6 351 344 318 295 276 269 270 271 273 273 278 277 267 268 264 263 268 260 244 236 241 246 243 245 251 256 257 260 246 258 254 260 270 276 279 276 265 258 255 234 246 199 186 171 253 224 207 139 131 137 143 135 127 122 115 107 103 103
75 64 67 70 64 63 71 89 95 100 123 123 49 55 74 74 74 92 95 92 85 73 66 50 69 88 83 76 76 69 49 69 79 61 65 34 7 359 10 2 331 312 285 266 259 261 265 265 263 267 271 286 271 268 268 260 246 240 243 246 243 244 250 252 256 263 265 261 258 255 255 257 260 221 256 245 237 210 241 254 252 247 226 168 160 204 137 202 139 136 134 139 126 118 108 103
72 56 63 64 70 44 77 91 85 80 115 100 45 58 75 82 83 98 103 95 86 66 55 55 71 73 68 70 79 69 47 75 78 62 46 35 15 31 15 351 342 338 309 306 269 258 254 257 263 266 266 265 283 269 272 265 252 247 251 251 248 256 252 236 234 233 253 265 232 224 219 213 223 254 223 226 258 268 212 190 198 215 172 172 163 151 141 131 128 128 128 129 129 121 116 109
74 45 58 64 48 59 92 81 92 50 70 43 66 44 69 75 77 93 95 81 70 48 32 51 70 63 70 80 81 64 48 65 75 62 43 34 17 32 1 355 346 347 328 337 291 269 256 252 254 257 268 267 265 266 266 272 266 263 263 261 243 225 230 229 228 225 220 224 223 220 216 222 224 218 227 235 235 219 200 184 211 171 179 179 170 234 148 135 123 125 126 186 121 167 193 110
72 36 43 56 63 90 105 69 36 18 34 59 43 37 60 69 80 100 108 64 45 21 22 57 66 57 78 87 74 52 53 72 86 82 78 67 22 24 351 351 347 342 336 316 285 290 266 267 257 253 253 258 262 264 258 267 262 236 237 232 230 229 231 229 226 223 221 221 220 216 214 213 219 214 219 224 230 219 200 206 200 194 199 217 171 163 156 149 138 132 127 171 196 187 110 164
65 58 39 70 87 106 72 63 36 29 68 66 37 51 69 86 111 129 141 169 35 17 62 91 65 69 93 89 66 50 68 89 88 81 74 66 11 19 48 357 346 334 333 328 310 305 288 276 271 265 256 253 252 258 253 239 232 235 241 238 233 229 222 225 226 228 223 222 221 219 217 207 216 216 216 216 219 215 217 212 181 172 194 194 195 198 218 152 250 140 133 123 119 117 112 124
58 47 51 64 102 82 88 46 28 51 67 56 64 72 86 105 125 134 150 176 44 56 106 74 55 94 103 82 59 60 89 93 71 66 37 67 6 1 355 12 2 342 339 332 331 320 306 289 271 269 265 260 253 249 248 249 248 246 243 239 236 233 232 230 226 223 226 229 226 218 222 222 221 219 219 216 216 214 223 215 212 183 205 198 192 156 194 201 207 212 139 130 242 171 115 145
52 41 60 76 75 91 74 35 52 62 72 86 98 111 114 127 132 139 160 185 37 26 54 33 75 106 94 72 67 77 94 72 64 61 39 33 60 357 0 1 5 347 338 330 328 323 316 276 271 266 274 258 255 252 252 252 251 250 248 243 240 236 234 232 229 232 222 223 228 229 229 229 227 223 220 216 228 228 206 201 195 226 226 226 226 222 224 213 214 218 217 268 127 177 313 123
51 19 66 63 65 87 69 51 60 72 85 116 150 156 143 135 134 147 173 190 80 337 33 92 100 102 89 81 84 80 69 58 59 56 34 19 57 358 3 359 359 347 341 330 319 320 315 309 264 290 279 273 270 265 255 256 256 255 252 248 244 242 239 236 234 231 229 231 235 237 236 232 228 223 231 231 213 209 206 203 199 194 187 179 170 162 235 229 226 222 217 219 130 310 120 116
15 45 73 59 60 55 38 66 72 87 123 150 155 151 141 135 138 165 186 280 38 251 303 33 83 93 91 90 88 77 62 55 79 50 23 15 8 3 6 8 4 351 348 345 324 321 312 300 294 282 274 271 276 256 257 257 257 255 252 249 247 246 245 243 241 240 241 243 245 244 240 233 227 224 231 216 213 209 206 204 201 197 189 180 235 234 235 236 233 230 225 222 225 219 220 335
58 69 79 84 77 77 88 86 91 119 143 146 144 142 137 132 144 189 198 309 331 322 311 358 77 87 91 94 90 75 62 88 85 45 27 11 12 2 7 10 8 345 336 348 334 326 323 315 305 285 279 278 283 256 256 256 255 253 250 249 249 250 250 250 251 251 250 250 248 245 239 234 230 226 239 216 213 209 206 204 202 198 190 239 235 230 230 233 229 231 228 221 204 191 202 179
81 76 79 92 105 104 96 99 113 129 138 142 137 135 132 130 152 233 241 334 311 351 341 6 56 65 92 95 84 72 76 61 66 36 23 11 14 13 12 15 10 350 330 338 341 328 326 321 291 303 280 272 273 283 255 257 255 252 250 249 249 251 251 251 252 253 251 248 246 243 239 234 231 227 220 214 210 208 238 237 241 244 243 242 244 243 239 239 238 233 228 229 223 229 241 222
12 68 67 77 64 73 93 111 119 124 131 134 127 122 120 126 169 251 0 331 239 36 359 354 31 68 99 123 86 83 79 54 51 34 17 12 19 14 15 26 17 2 333 327 335 327 330 320 296 291 291 271 274 284 256 257 255 252 250 249 250 251 251 250 251 251 250 247 244 242 237 232 229 227 221 213 210 211 210 204 196 190 227 228 227 233 235 237 236 230 238 211 185 209 185 100
66 69 71 51 73 94 108 113 116 120 123 122 113 102 97 112 226 276 17 345 334 100 305 324 24 86 144 130 123 117 83 51 33 27 11 11 28 10 16 49 26 5 332 317 324 321 326 318 317 267 282 285 286 272 256 256 254 252 251 251 251 251 250 250 250 249 249 248 246 244 239 256 255 231 227 248 225 228 224 212 195 186 178 217 205 158 150 147 200 217 187 138 189 234 277 90
80 69 63 62 88 102 109 112 112 114 110 112 103 94 91 103 234 292 19 355 37 188 224 322 5 91 144 136 95 72 61 31 20 24 17 13 32 15 19 54 24 16 39 60 306 303 310 309 295 295 281 287 290 285 253 252 253 254 254 253 251 249 248 248 248 248 248 250 250 248 259 259 261 235 232 233 237 232 220 205 191 257 246 247 249 244 229 214 214 186 145 228 265 128 119 109
68 56 32 80 94 101 99 108 108 107 106 104 99 95 93 99 243 359 16 353 37 31 330 336 344 163 154 138 92 59 46 31 8 22 23 19 28 18 24 54 34 51 63 59 34 328 293 301 292 306 294 279 281 275 276 269 251 254 255 251 248 247 245 265 245 246 246 250 252 249 245 243 258 238 264 233 228 212 261 257 234 176 170 211 226 246 246 230 143 142 145 208 218 243 244 128
61 57 77 96 97 98 100 101 102 101 97 95 94 92 83 95 279 20 10 346 22 17 8 356 4 163 179 139 74 47 56 23 359 13 19 30 33 23 24 53 56 63 28 58 40 348 301 299 290 289 288 283 284 281 258 264 274 253 253 249 246 245 245 245 246 246 246 248 251 251 249 247 265 243 237 264 265 245 195 186 178 171 157 148 146 147 143 133 122 124 132 139 141 221 126 111
59 75 93 99 96 93 92 95 98 90 93 90 88 87 88 90 312 27 13 355 3 9 33 24 79 164 172 134 61 55 75 44 354 4 16 37 30 17 24 56 72 67 62 60 49 5 311 307 295 285 279 282 288 286 274 252 255 281 253 251 249 249 250 251 250 248 247 269 249 249 248 245 273 276 273 271 270 255 207 236 193 180 132 105 93 90 79 53 47 59 74 82 99 112 108 249
354 33 86 89 93 89 89 83 87 87 84 82 79 78 86 84 329 29 18 10 358 18 59 65 148 157 144 98 37 68 74 26 348 3 19 27 21 15 25 85 57 27 68 14 55 20 338 305 302 298 286 279 290 294 289 265 252 256 251 253 251 254 257 258 257 255 253 251 270 249 247 243 273 271 272 276 280 277 274 271 219 214 296 33 28 21 13 14 22 30 32 32 35 38 50 75
16 47 79 80 89 86 87 81 84 84 84 82 87 84 80 62 340 35 25 17 6 48 76 61 139 175 131 62 49 76 66 9 334 7 42 35 7 357 25 100 53 16 68 60 56 32 312 330 307 301 288 284 295 292 278 277 257 248 279 252 253 255 259 262 264 265 263 260 258 257 279 280 273 264 267 243 289 287 293 290 274 277 296 337 6 12 12 16 24 30 32 34 318 38 44 65
27 52 67 73 86 84 85 78 80 80 83 84 95 90 75 46 351 39 40 20 23 69 83 68 133 164 82 59 119 78 39 353 330 24 99 39 352 332 20 107 49 12 62 57 16 40 355 327 325 320 300 293 300 272 296 269 262 254 252 253 255 258 260 263 265 266 265 265 266 266 272 273 277 276 278 288 298 296 306 306 279 275 282 263 284 2 38 55 55 47 46 49 51 52 308 291
48 56 65 71 85 84 72 74 75 75 80 84 89 93 75 49 0 53 62 22 51 89 72 75 168 157 77 113 125 60 5 336 347 104 111 32 345 333 16 120 78 10 12 56 53 46 21 317 330 334 313 306 302 313 273 293 274 260 257 279 257 261 264 265 264 263 262 285 285 294 294 295 298 297 292 293 300 300 306 263 303 279 279 290 262 274 45 286 287 109 87 71 64 62 289 75
36 52 59 69 69 69 71 71 69 70 78 93 85 90 77 54 6 60 67 34 66 89 74 105 158 86 71 76 58 44 9 338 43 140 46 360 336 347 10 33 82 360 4 52 51 6 34 4 325 333 321 317 312 313 277 302 300 284 272 283 263 266 269 269 268 266 264 262 277 290 302 302 299 300 303 300 300 308 305 308 311 284 269 275 293 305 14 316 279 275 127 99 80 68 302 277
37 50 59 63 64 66 69 68 65 78 82 89 91 75 77 54 23 62 58 52 67 86 97 154 86 67 71 65 40 46 23 349 70 101 8 270 328 355 6 19 35 359 356 23 44 43 337 326 321 339 333 323 322 317 315 310 301 290 278 276 288 269 271 271 269 267 265 286 258 281 295 300 300 299 313 320 299 308 315 297 300 290 324 337 296 341 314 318 302 63 73 285 82 72 63 305
30 47 54 56 59 63 69 66 62 81 84 85 83 70 72 48 36 62 61 62 73 88 106 86 35 63 67 56 42 54 39 1 82 32 355 281 322 354 7 18 11 358 359 14 29 36 2 21 319 342 339 329 330 325 320 316 303 286 274 270 295 270 271 271 267 288 289 287 277 275 288 296 303 301 318 263 309 311 278 307 308 314 305 302 307 353 323 300 306 293 51 60 282 71 72 63
34 46 52 53 56 65 64 64 69 89 92 84 76 64 66 44 45 65 65 71 86 118 104 131 145 45 52 51 43 57 98 356 18 4 346 186 320 348 1 53 346 344 359 2 20 32 17 342 322 340 341 328 333 331 329 320 301 304 297 276 280 297 271 270 267 290 259 286 256 255 253 277 293 297 319 267 275 280 283 299 322 321 321 311 310 356 15 326 324 329 314 53 66 278 343 77
31 44 49 51 53 59 62 64 66 93 84 86 67 73 60 21 58 64 71 83 100 115 76 127 138 36 48 55 43 54 63 354 351 7 340 293 217 347 29 47 347 337 343 352 16 12 15 15 334 319 339 323 326 339 297 293 288 302 307 283 278 281 296 298 267 267 267 267 267 266 265 265 263 287 310 322 277 291 292 291 312 311 334 326 311 6 19 46 49 46 52 326 306 286 283 337
32 42 47 45 48 63 69 60 67 78 90 65 83 73 53 41 54 65 73 87 100 84 118 124 141 30 45 68 51 38 55 11 358 23 334 296 301 351 63 9 352 352 331 344 356 6 12 23 23 359 328 319 322 302 304 307 303 300 317 291 287 280 273 291 269 273 276 278 276 274 274 274 272 268 286 304 281 293 316 292 293 323 307 338 311 316 41 63 60 61 341 351 343 298 97 120
27 41 44 62 47 61 65 67 62 64 83 84 85 74 52 54 60 70 80 90 80 77 109 111 110 15 52 81 49 9 45 30 23 10 336 321 333 346 35 343 348 355 345 328 331 357 8 10 20 9 346 314 334 307 309 314 314 308 303 300 296 289 281 276 306 276 279 281 281 281 279 295 279 279 279 281 284 287 292 291 278 302 289 331 336 306 312 327 350 89 325 328 356 306 89 97
26 39 41 38 47 58 62 72 60 58 76 80 81 72 55 59 66 76 86 76 76 98 98 94 78 20 67 109 43 3 34 56 28 353 343 319 343 53 8 337 346 335 336 331 318 341 357 351 14 347 329 344 324 311 309 312 314 310 305 302 316 298 293 288 283 280 278 309 280 304 280 280 319 288 288 285 307 278 319 275 273 259 315 244 93 343 313 297 307 357 343 315 4 13 319 84
28 38 37 39 48 52 62 72 56 52 74 83 77 66 46 62 70 78 85 71 72 92 84 75 352 36 67 74 47 17 46 63 358 357 357 343 355 66 356 344 338 334 338 331 330 326 351 310 5 357 334 335 317 311 305 303 306 325 323 301 303 318 303 302 297 292 281 316 282 283 282 280 324 318 295 285 292 313 313 253 251 230 285 323 0 7 353 323 302 301 329 311 317 359 11 84
25 34 34 41 47 50 65 70 52 58 74 84 62 62 58 65 74 80 75 72 89 84 72 60 39 37 57 64 54 32 29 36 341 358 3 3 27 19 3 200 217 223 301 330 333 326 340 286 346 4 338 325 314 308 299 296 296 298 299 298 298 321 298 317 301 293 315 320 314 286 287 284 304 324 310 302 296 304 307 232 309 213 188 277 318 2 357 358 358 328 303 291 108 279 331 110
20 28 33 41 43 47 57 58 50 66 74 81 75 48 59 69 65 70 70 68 81 74 64 59 13 45 59 63 55 46 13 35 358 343 1 7 15 1 47 225 209 225 245 333 335 332 326 7 313 355 338 343 306 297 293 291 325 288 289 288 284 318 283 281 312 307 309 317 321 314 308 290 285 301 311 303 302 302 282 268 279 310 317 292 286 326 335 324 355 7 330 309 315 258 119 132
9 23 32 39 37 44 53 53 52 64 74 78 75 50 58 63 66 65 83 81 76 67 60 64 24 59 62 64 58 35 19 78 21 304 356 1 2 8 229 206 184 212 240 341 350 331 337 265 281 320 347 332 325 288 292 291 287 320 278 275 271 270 270 268 313 315 312 314 321 323 285 303 296 297 305 307 309 317 280 224 217 265 298 309 301 316 323 126 119 280 315 268 99 92 88 90
6 20 32 35 35 43 52 56 57 64 73 74 70 45 54 62 66 63 77 76 71 63 61 34 36 52 62 65 58 43 55 68 15 179 328 357 352 2 32 201 195 216 233 348 357 334 345 257 2 2 352 335 308 279 282 283 280 275 270 311 311 309 263 264 317 279 318 313 316 321 330 316 306 276 255 291 287 300 312 285 266 213 277 298 292 306 351 14 102 97 92 86 81 75 70 64
5 17 23 27 35 37 43 47 56 63 72 71 65 43 47 62 65 75 75 72 64 59 62 30 44 59 75 77 59 55 61 55 22 146 306 356 347 351 209 204 206 209 220 351 353 330 336 341 353 243 355 336 265 320 321 265 308 306 258 309 310 308 305 254 312 313 313 310 312 313 320 319 314 302 271 278 275 265 252 286 282 279 278 293 308 297 306 125 97 83 74 69 63 58 53 52
14 17 18 22 35 34 40 46 56 64 72 59 62 57 43 62 62 76 75 70 61 57 60 40 60 71 86 78 53 56 88 51 32 102 179 356 354 351 209 205 203 344 213 352 348 324 323 340 1 7 359 342 257 258 314 256 309 302 319 308 316 304 303 303 305 299 305 306 304 305 307 321 328 323 305 297 299 288 302 271 275 269 213 209 269 161 105 124 86 70 60 51 45 44 45 49
20 21 17 22 34 38 42 46 57 64 71 57 60 53 40 69 58 76 74 68 61 59 31 50 57 75 90 61 49 54 58 45 34 11 118 331 7 352 208 205 202 350 208 315 342 305 313 39 236 233 6 337 248 253 255 322 250 299 251 250 305 309 244 308 311 307 301 302 295 294 300 313 252 263 273 314 312 315 300 137 260 298 320 326 27 35 49 61 57 49 44 40 39 43 47 52
25 23 14 20 29 36 43 43 57 64 69 66 59 55 58 54 55 72 72 68 62 59 39 51 62 81 66 57 56 63 51 35 28 14 350 348 20 358 205 62 78 347 197 319 341 315 320 242 239 236 241 242 298 285 283 304 307 296 307 245 312 292 304 292 313 257 310 297 290 286 284 300 254 257 331 314 314 319 315 297 295 304 296 350 15 17 32 49 24 37 41 44 48 53 57 59
15 33 10 12 22 23 42 45 44 69 73 50 62 44 64 50 71 52 69 66 61 39 46 53 68 81 52 53 65 64 34 21 12 6 358 6 26 17 62 194 54 345 201 206 216 297 314 327 235 234 238 234 299 230 235 301 296 287 308 301 311 316 289 285 308 256 264 314 296 290 289 304 257 262 316 306 309 306 301 289 288 297 318 319 315 313 309 305 31 43 65 76 76 75 74 72
14 349 359 7 14 13 42 60 46 73 56 51 66 49 51 51 55 59 67 63 58 39 47 55 71 79 55 56 55 54 39 27 13 19 25 51 184 194 190 181 187 205 214 214 224 313 326 233 232 230 229 326 304 227 233 235 277 288 295 295 306 300 284 279 286 310 310 298 303 284 282 311 258 264 313 314 309 294 306 305 302 296 294 302 323 326 321 50 21 39 306 89 93 87 82 76
338 341 356 11 11 12 39 55 61 66 70 51 50 52 51 50 53 54 67 63 58 43 45 54 73 77 59 52 42 38 41 24 28 39 38 33 68 154 162 163 186 210 216 216 223 231 234 233 230 227 223 310 294 229 234 234 273 236 277 292 295 310 294 237 243 276 300 300 302 287 282 306 258 314 317 331 301 321 297 328 316 310 327 352 340 301 301 322 41 54 311 75 89 112 96 84
13 332 354 16 11 13 42 51 56 57 49 50 53 50 51 49 48 53 67 64 61 37 47 65 72 75 56 51 74 50 84 34 40 46 35 46 70 104 132 147 185 208 214 219 226 233 234 232 230 228 226 225 230 234 234 232 235 238 240 239 303 283 279 245 245 242 242 283 288 288 283 290 310 310 321 335 293 315 337 293 315 301 296 301 299 347 309 318 317 59 66 328 72 80 84 94
