examples/cougarCreek-fire/createInputs/farsite/7a-cougarCreek-polygonIgnit/cougarCreekFire_08-13-2015_1000_217m_non_neutral_stability_ang.asc
ncols	146
nrows	140
xllcorner	610065.000000
yllcorner	5095217.000000
cellsize	216.586807
NODATA_value	-9999.000000
[rows 0 to 41 of 140, columns 0 to 94 of 146]
111 92 84 99 107 65 40 36 35 34 35 32 30 28 46 15 38 31 358 356 354 351 349 346 344 341 336 334 336 339 338 338 332 335 337 337 338 339 338 336 335 336 337 338 339 340 340 338 337 326 335 307 331 323 332 333 322 290 318 317 320 298 312 313 311 288 297 299 302 305 307 300 287 280 282 283 265 244 241 240 243 249 255 261 265 268 269 267 268 272 274 279 289 279 280
111 92 84 99 107 65 40 36 35 34 35 32 30 28 46 15 38 31 358 356 354 351 349 346 344 341 336 334 336 339 338 338 332 335 337 337 338 339 338 336 335 336 337 338 339 340 340 338 337 326 335 307 331 323 332 333 322 290 318 317 320 298 312 313 311 288 297 299 302 305 307 300 287 280 282 283 265 244 241 240 243 249 255 261 265 268 269 267 268 272 274 279 289 279 280
137 105 92 131 139 106 69 30 77 97 108 124 27 38 113 103 110 39 28 359 356 353 349 345 341 340 312 314 327 327 326 314 340 340 337 337 316 313 327 305 310 306 308 311 314 331 315 310 311 307 306 301 305 323 331 331 321 291 320 310 291 273 280 277 280 265 301 301 275 302 300 295 245 283 282 258 251 254 248 246 248 252 256 259 261 262 262 263 264 264 264 269 278 262 256
177 127 100 136 140 118 106 84 76 48 96 110 33 22 132 79 104 78 60 19 358 355 354 343 338 329 300 307 322 321 296 309 338 330 331 335 325 312 308 302 305 306 312 315 317 313 307 311 302 301 305 310 310 320 330 331 318 285 285 274 274 272 274 273 273 260 307 269 283 297 272 242 286 284 281 253 249 267 259 257 258 258 257 258 257 256 255 256 256 252 250 255 261 268 272
184 129 106 128 139 117 78 86 17 17 79 89 24 17 10 111 102 60 59 44 7 353 348 321 336 332 324 289 294 298 304 312 329 325 320 327 325 311 312 311 307 309 310 314 321 316 311 313 309 310 308 309 308 320 316 312 275 305 268 317 290 268 272 279 263 309 269 304 299 276 244 289 288 286 255 269 261 261 263 263 262 261 259 258 258 257 256 254 252 248 248 250 253 259 264
172 122 113 119 137 134 120 109 94 76 65 73 31 16 5 5 109 45 39 11 6 351 346 351 306 331 322 291 296 300 305 302 319 315 316 324 318 311 303 305 302 306 307 312 317 315 317 317 312 313 313 309 310 321 301 276 269 306 320 272 281 273 280 268 307 267 279 287 274 239 294 255 255 285 278 267 255 261 266 266 265 264 261 259 258 257 257 255 252 250 251 251 250 251 254
160 124 115 102 122 131 119 55 93 93 71 62 70 13 8 356 121 49 10 8 4 0 351 338 304 330 298 305 301 303 309 306 310 312 316 323 313 305 307 302 301 297 301 307 311 320 314 312 339 330 329 325 303 294 284 290 288 279 281 278 274 287 283 251 289 280 278 270 245 293 257 271 289 278 271 245 264 271 273 271 268 265 262 260 258 257 258 257 254 254 254 253 250 247 245
153 143 131 121 121 134 124 98 82 359 73 62 65 14 359 354 11 21 52 5 3 357 348 335 307 325 322 297 303 319 306 306 309 307 311 317 302 296 294 297 296 294 295 303 307 310 316 333 328 326 301 295 296 295 288 287 281 284 278 280 282 279 256 312 267 276 275 263 246 258 288 283 269 244 273 230 268 274 278 278 273 267 263 261 259 258 258 258 257 257 256 254 251 248 245
162 146 145 132 119 130 131 119 103 90 87 357 359 59 2 359 357 14 40 3 357 349 339 329 303 319 318 295 300 301 302 303 302 301 302 304 290 285 285 288 289 299 298 297 328 306 306 314 298 298 293 295 304 298 302 288 272 281 285 288 273 260 257 260 273 275 272 260 259 272 281 249 238 279 245 248 270 276 281 283 277 269 265 262 260 258 257 257 258 259 257 256 255 254 252
174 156 140 125 113 109 107 111 105 90 83 77 61 55 338 357 355 353 87 360 348 342 338 325 315 290 317 297 294 300 304 300 297 296 296 294 283 277 289 291 289 296 299 314 306 334 307 299 306 300 299 307 300 287 264 263 266 272 275 260 244 312 264 273 271 263 260 254 259 263 249 277 274 244 243 268 275 281 285 283 278 271 266 262 260 258 257 257 260 261 261 260 260 259 257
267 182 163 140 124 104 86 90 85 78 79 69 56 49 2 2 358 352 107 46 346 3 334 324 311 290 317 299 297 303 305 301 300 294 290 286 275 276 284 278 286 290 324 303 308 338 303 305 299 310 329 301 266 246 247 255 258 262 250 243 279 259 273 274 260 260 264 260 262 263 247 245 243 244 232 270 278 281 283 279 272 266 263 262 261 259 258 259 261 264 267 267 266 263 259
276 194 191 170 154 124 85 72 77 80 73 64 55 51 40 54 6 357 46 67 343 6 328 321 308 298 313 292 293 301 303 297 294 288 281 279 276 277 271 268 270 315 294 332 337 341 298 293 300 305 289 270 241 235 255 263 259 256 250 281 257 271 274 265 263 277 286 276 266 262 260 249 273 236 259 271 277 278 276 273 266 261 260 259 259 259 260 262 263 267 272 275 274 268 262
198 193 192 198 171 147 90 52 46 69 57 51 47 72 1 8 6 135 71 96 48 7 307 316 303 301 307 294 296 316 302 298 290 306 278 277 276 274 270 295 272 318 331 302 342 304 285 299 295 288 266 247 231 240 260 264 263 262 258 249 284 302 274 272 296 287 279 268 254 248 253 263 232 228 263 271 276 273 267 263 255 257 257 256 257 258 261 263 265 268 274 282 287 282 270
277 277 307 121 146 143 101 334 321 329 31 52 58 69 4 8 3 191 126 101 79 38 253 293 297 296 283 286 296 315 304 295 288 280 282 282 277 271 300 299 289 327 338 343 311 283 282 292 293 269 248 236 241 240 265 268 271 278 272 278 292 291 286 274 272 271 260 256 253 238 271 263 258 256 264 271 272 268 257 248 247 251 252 253 254 256 260 264 267 269 274 283 295 306 288
286 345 302 82 93 100 120 95 48 321 330 37 45 50 72 4 2 353 184 170 190 209 242 250 300 295 280 288 294 314 298 287 278 280 282 284 275 270 303 302 309 329 340 310 286 291 284 307 298 271 230 235 240 242 255 253 266 274 270 273 279 276 272 267 255 236 231 228 225 303 232 259 260 261 265 265 264 261 249 242 242 244 247 249 250 253 258 263 266 268 273 280 295 324 310
71 82 102 102 97 120 147 151 106 47 343 38 53 39 30 32 359 356 114 262 253 250 274 275 278 281 280 285 294 315 291 273 273 297 278 275 272 294 298 302 288 322 338 307 290 295 309 305 292 240 209 245 258 258 249 255 272 266 255 258 260 255 241 235 227 228 239 228 242 245 262 270 261 264 265 259 254 250 263 245 243 240 243 245 247 251 257 261 264 267 271 275 286 323 331
75 77 92 135 116 88 118 128 127 97 57 46 52 40 21 346 351 13 31 28 309 280 281 319 272 273 276 289 309 298 283 275 281 272 277 271 289 287 294 275 309 318 334 347 307 316 310 295 262 225 219 267 276 263 247 279 275 256 251 253 255 239 230 235 228 245 246 229 253 276 282 248 262 269 269 258 249 244 242 246 241 237 240 243 247 252 256 259 261 264 267 269 275 303 326
91 82 81 129 142 80 59 89 119 110 67 30 8 348 21 331 338 339 18 332 339 328 297 313 266 268 275 290 307 290 277 279 280 280 282 276 286 286 293 276 312 320 333 300 306 310 308 274 251 241 271 292 281 248 260 275 260 240 253 241 236 236 241 245 246 267 272 274 282 283 273 243 239 254 263 270 263 249 240 236 268 232 236 241 248 254 258 258 259 260 263 266 270 283 270
128 114 117 144 183 148 110 123 178 158 78 26 3 24 59 75 58 33 22 356 333 324 309 269 263 267 282 295 292 282 280 285 286 303 283 278 287 286 277 277 284 285 336 352 309 285 280 272 240 269 283 283 253 212 247 250 226 227 240 224 223 243 255 255 262 274 286 276 283 271 245 233 237 239 244 260 271 262 245 233 225 228 233 242 251 257 259 258 258 260 263 266 268 270 311
165 148 147 177 197 178 120 350 323 327 45 5 25 31 61 66 85 56 45 23 332 305 312 257 264 272 299 294 286 281 284 287 295 287 295 291 292 288 280 283 288 295 343 358 310 291 283 273 299 304 282 240 134 223 245 222 218 225 224 223 226 244 244 243 257 265 260 265 266 254 241 250 252 274 277 273 273 260 260 274 230 228 234 244 253 257 258 258 259 262 267 268 265 258 256
311 188 179 219 186 158 99 13 358 0 34 14 2 25 26 26 20 40 35 34 339 275 323 290 274 263 293 287 282 283 285 289 304 296 297 291 294 290 292 288 320 340 355 9 313 324 312 314 306 279 259 221 205 253 210 191 220 228 229 224 227 240 233 232 249 257 264 265 270 269 274 268 261 242 274 274 274 266 265 267 282 230 235 245 252 256 258 259 261 265 268 267 258 247 242
259 270 253 259 261 5 347 354 357 340 41 37 338 4 14 10 14 26 7 6 4 290 68 231 245 256 272 276 282 286 284 294 310 302 301 291 281 290 278 304 323 351 10 18 314 284 275 310 279 187 221 203 226 209 104 203 266 245 240 217 229 238 230 238 261 259 261 267 279 274 249 252 269 297 283 271 257 265 283 290 167 218 231 243 252 257 260 262 265 268 270 267 258 247 235
3 2 7 351 337 15 4 24 11 7 30 22 356 326 29 12 9 11 5 34 46 32 12 209 235 254 272 276 280 285 285 292 301 284 300 288 287 288 280 305 328 3 21 25 301 320 335 287 209 184 193 100 104 162 47 278 250 231 228 217 240 240 244 264 264 254 247 249 247 236 234 262 279 310 282 264 255 265 270 271 283 191 239 248 256 261 264 267 271 275 275 271 265 254 238
359 359 8 312 5 17 30 27 25 6 0 20 17 358 10 32 35 35 33 38 57 44 80 10 261 255 277 272 275 272 267 278 291 278 286 286 285 288 281 307 334 11 24 304 293 281 275 222 171 181 99 104 99 88 16 296 235 224 242 242 258 251 240 230 231 237 235 238 233 239 253 287 269 261 266 263 275 291 297 267 250 255 294 263 263 265 267 272 278 281 280 276 274 266 243
322 2 316 316 19 26 21 15 22 359 341 17 17 9 17 33 35 30 30 29 40 56 126 116 221 238 256 265 261 260 270 283 293 282 272 286 285 285 289 310 337 291 310 309 287 256 188 209 182 178 90 83 75 49 338 248 252 257 256 269 271 247 232 256 247 240 233 241 241 252 266 265 259 267 274 266 271 283 50 116 300 283 9 278 269 267 269 274 281 284 282 279 280 278 240
323 12 20 25 40 47 19 16 16 2 348 356 13 22 28 31 34 32 31 34 38 65 105 116 150 227 260 271 239 259 283 298 294 282 266 282 287 285 296 314 333 283 288 276 274 295 337 279 180 170 78 70 62 34 329 262 271 271 307 278 266 239 243 259 260 242 243 257 269 287 282 278 276 281 292 291 295 285 292 85 121 89 40 289 274 270 269 273 279 286 288 284 283 300 313
311 337 327 25 16 14 21 9 16 5 1 12 13 27 22 23 30 35 39 44 50 69 89 101 124 203 248 279 251 270 289 297 291 269 260 279 282 293 301 301 286 265 270 264 262 260 221 177 165 77 74 67 60 43 339 327 4 3 311 288 248 239 240 254 256 262 275 280 290 294 287 296 298 296 297 349 336 43 291 295 65 68 32 303 280 272 268 268 273 283 292 287 280 302 311
3 38 35 26 12 18 30 27 17 11 23 39 4 22 21 29 30 36 45 49 54 69 78 79 94 169 217 248 254 272 295 289 285 279 279 286 296 304 306 300 293 278 275 276 275 248 145 150 175 74 71 64 62 53 7 353 359 357 335 310 309 267 305 308 309 323 292 279 264 257 259 268 282 298 311 308 308 297 297 286 284 287 21 317 286 272 265 264 266 270 277 272 270 270 273
81 76 68 42 28 29 29 57 70 42 17 53 337 41 24 32 35 41 48 49 52 65 79 76 59 106 166 214 236 257 283 281 283 289 292 298 307 309 304 300 302 298 306 314 310 302 338 5 131 71 68 61 64 33 6 359 5 4 349 340 329 322 292 312 308 307 302 292 277 267 266 271 276 282 287 285 281 284 286 274 269 283 29 336 289 271 264 263 261 260 261 263 243 244 248
97 94 85 68 53 42 43 39 92 66 48 22 20 339 59 45 52 53 58 57 60 74 89 95 80 86 127 209 233 260 262 273 286 294 299 307 311 303 301 306 309 313 326 329 315 299 313 173 68 69 68 64 54 29 19 24 1 353 344 340 328 321 317 316 305 297 284 281 280 282 277 263 260 262 264 257 256 263 261 262 269 278 290 5 300 277 269 266 262 260 258 257 253 258 245
46 110 121 124 103 76 47 40 35 28 14 24 42 349 40 54 57 56 59 65 72 82 89 103 105 99 130 195 228 264 255 276 296 301 306 317 307 291 302 310 316 322 333 339 358 16 95 62 66 71 71 65 49 31 16 350 345 348 345 283 287 295 326 295 286 271 261 257 262 256 246 14 13 261 270 268 268 257 244 251 265 289 308 23 330 297 280 270 266 263 261 255 245 242 226
5 359 118 96 102 87 80 64 33 36 27 14 33 44 57 48 41 46 45 53 70 86 96 103 100 102 121 169 233 260 257 271 297 309 310 316 291 289 305 308 315 327 340 347 357 20 34 59 66 73 74 69 48 33 16 353 355 353 351 281 293 302 327 292 284 281 280 279 278 275 277 290 300 299 296 300 305 297 277 275 40 281 48 31 347 303 284 274 268 264 260 254 244 239 235
2 340 281 141 114 126 119 85 50 17 43 47 67 54 50 56 34 33 35 39 51 66 79 94 109 118 119 145 224 261 279 279 277 307 312 300 299 303 311 306 313 332 343 351 360 16 23 57 62 69 73 76 77 88 51 351 354 359 288 287 288 290 295 300 305 325 324 325 326 330 323 314 314 295 275 285 298 337 46 44 42 46 48 40 6 295 280 274 267 261 258 256 250 227 261
354 348 332 299 191 181 144 103 55 40 52 23 5 15 54 55 35 28 24 23 31 42 50 62 80 107 125 121 240 273 289 300 287 300 314 306 312 319 324 324 321 332 341 354 359 18 19 55 57 62 66 72 80 95 66 343 346 356 360 355 348 302 304 309 308 303 303 303 303 296 282 5 9 12 17 288 300 315 343 39 40 332 43 44 40 306 277 272 266 260 258 257 257 249 279
332 335 22 329 317 334 358 4 10 5 6 3 25 29 12 56 55 70 78 55 25 24 31 45 48 55 63 71 282 287 296 311 301 294 307 308 313 322 323 323 326 336 342 353 350 2 11 50 52 55 62 67 60 45 30 2 355 360 2 4 353 351 302 292 294 294 288 291 37 26 8 4 11 290 315 319 316 306 307 322 340 323 36 312 43 356 284 273 266 261 258 257 256 247 256
51 49 43 46 329 322 13 11 359 351 345 354 7 15 25 11 19 34 48 59 26 18 14 21 19 24 28 32 1 310 306 319 314 294 292 296 296 298 290 289 297 316 327 334 345 342 345 359 15 46 51 55 53 43 34 26 19 12 6 319 314 303 339 337 34 36 42 46 50 43 9 6 289 28 307 310 309 310 312 313 314 28 346 339 42 24 301 274 266 262 259 256 249 235 255
68 62 54 33 327 328 326 352 345 340 340 349 1 7 11 16 14 8 2 359 358 358 356 352 4 19 17 10 356 332 316 313 317 307 296 291 289 312 310 307 309 317 323 311 329 322 323 342 357 37 38 40 42 43 37 31 27 24 21 14 11 4 359 316 341 41 50 59 68 282 40 5 39 44 47 47 44 43 319 34 29 323 342 348 43 37 343 277 265 262 259 255 245 233 265
71 68 44 2 351 336 339 344 338 331 334 346 355 354 349 352 351 340 332 327 331 338 339 344 347 12 23 1 348 338 327 302 302 314 313 314 312 315 317 318 334 311 322 310 309 9 9 340 343 2 8 34 34 23 34 30 27 27 27 24 37 36 37 39 37 40 47 55 60 60 60 107 281 100 77 63 53 47 42 35 32 320 327 304 345 42 28 287 264 258 255 251 242 227 241
355 329 351 341 340 334 320 317 336 329 342 337 341 340 341 342 338 334 334 339 339 336 341 345 347 3 16 1 344 332 327 312 297 310 326 330 340 350 354 345 332 323 355 360 0 9 16 21 346 359 350 3 359 14 18 16 14 12 25 25 23 22 19 16 34 17 45 51 51 48 47 54 72 88 102 108 99 75 55 42 37 32 27 29 33 20 47 332 264 252 249 246 237 219 183
329 6 347 335 332 333 309 336 330 335 336 331 335 339 344 342 336 337 342 345 341 345 351 351 350 5 11 355 357 341 322 320 318 304 308 307 307 321 347 14 1 343 17 32 8 359 360 360 357 351 349 349 349 343 341 358 2 2 5 15 21 22 18 11 10 12 14 25 29 28 27 50 52 56 68 88 106 115 114 75 44 30 23 21 34 328 48 36 300 251 247 242 234 217 188
318 349 340 334 308 305 306 336 333 332 337 328 328 332 342 338 332 334 341 351 355 3 350 341 347 359 4 3 7 354 328 326 324 303 291 288 286 286 300 332 339 360 20 59 58 51 48 45 43 5 359 359 350 345 27 24 316 304 19 308 322 356 8 5 6 359 0 14 20 21 22 26 28 51 55 64 72 87 118 150 155 22 14 16 38 340 34 48 38 266 249 243 234 218 190
304 311 329 327 300 301 304 333 332 338 337 330 325 324 331 332 332 339 1 32 28 359 339 326 340 359 1 1 358 347 333 330 308 288 280 285 295 293 290 289 301 297 308 347 1 15 47 48 19 19 12 15 34 7 357 353 354 351 33 35 346 2 360 353 349 349 344 329 323 324 328 346 12 16 20 27 60 65 78 118 197 247 347 15 35 44 327 42 54 25 256 247 237 219 191
