examples/cougarCreek-fire/createInputs/farsite/7a-cougarCreek-polygonIgnit/cougarCreekFire_08-12-2015_0600_217m_non_neutral_stability_vel.asc
ncols	146
nrows	140
xllcorner	610065.000000
yllcorner	5095217.000000
cellsize	216.586807
NODATA_value	-9999.000000
[rows 0 to 34 of 140, columns 0 to 78 of 146]
13.59 11.62 12.49 10.63 12.93 7.61 10.54 12.48 12.92 12.28 11.49 11.04 10.64 9.76 13.36 10.17 13.23 14.82 14.98 18.09 20.20 19.97 17.29 13.75 11.32 10.94 11.15 11.17 11.62 12.03 11.11 12.80 12.15 14.16 15.33 15.97 15.71 14.43 12.74 12.17 11.80 10.60 9.98 9.67 9.35 8.85 8.27 8.51 9.07 7.75 11.58 10.46 17.52 20.19 23.21 24.23 23.31 17.50 21.86 22.38 21.55 20.29 21.34 21.42 20.48 18.97 19.82 24.59 28.94 30.79 29.40 24.50 19.78 19.45 23.92 26.82 24.38 24.46 29.16
13.59 11.62 12.49 10.63 12.93 7.61 10.54 12.48 12.92 12.28 11.49 11.04 10.64 9.76 13.36 10.17 13.23 14.82 14.98 18.09 20.20 19.97 17.29 13.75 11.32 10.94 11.15 11.17 11.62 12.03 11.11 12.80 12.15 14.16 15.33 15.97 15.71 14.43 12.74 12.17 11.80 10.60 9.98 9.67 9.35 8.85 8.27 8.51 9.07 7.75 11.58 10.46 17.52 20.19 23.21 24.23 23.31 17.50 21.86 22.38 21.55 20.29 21.34 21.42 20.48 18.97 19.82 24.59 28.94 30.79 29.40 24.50 19.78 19.45 23.92 26.82 24.38 24.46 29.16
13.16 14.36 15.70 11.96 17.65 18.11 12.92 11.89 21.56 21.20 19.83 18.54 11.88 8.79 17.94 15.83 15.78 13.32 15.06 15.07 17.11 18.96 19.04 15.86 12.08 11.06 15.94 15.71 9.90 8.67 7.41 15.69 13.20 14.23 14.64 15.86 10.32 5.21 9.94 1.09 3.33 2.12 2.18 2.66 2.44 6.58 5.70 5.39 7.59 9.72 8.78 7.52 12.41 21.23 23.06 23.73 23.12 18.47 22.64 22.49 20.61 16.44 18.96 19.82 20.40 17.12 22.90 27.43 28.66 31.26 28.14 23.18 14.68 21.90 26.94 28.06 26.37 27.74 30.96
3.98 12.66 16.54 16.01 14.40 15.12 18.51 19.01 20.89 15.30 19.13 17.93 12.02 8.57 12.58 10.40 13.69 15.27 15.40 12.40 12.84 17.36 22.16 19.25 14.16 9.20 12.84 14.97 10.87 9.02 10.00 11.37 14.17 13.48 12.75 13.74 13.16 8.72 4.78 2.72 2.85 3.43 3.90 2.27 2.93 4.63 5.72 2.49 6.35 8.91 11.04 14.24 17.76 21.43 22.13 21.58 21.38 16.28 17.57 17.54 18.43 18.71 20.64 22.46 22.57 20.25 29.27 27.47 32.73 30.34 25.65 17.41 24.86 29.64 34.07 32.53 30.92 32.68 34.14
7.87 18.52 15.93 18.25 15.86 16.56 11.58 18.66 10.26 12.27 22.87 20.97 16.56 12.20 6.80 10.02 13.15 14.01 15.74 15.76 13.13 15.67 20.61 17.63 17.14 12.50 8.81 16.52 12.82 11.04 9.89 8.28 13.25 11.76 11.11 11.95 12.89 10.42 6.56 4.01 2.79 4.72 4.64 4.68 6.49 7.07 5.69 5.38 8.51 13.00 17.23 18.96 19.46 20.90 20.79 19.18 14.05 18.16 16.71 25.75 23.56 21.87 23.24 26.39 23.74 31.11 28.45 33.11 30.68 27.99 21.36 29.56 33.51 37.53 36.12 37.49 33.71 33.19 36.91
6.93 18.91 14.54 21.43 16.65 16.24 17.60 19.83 20.16 20.76 22.15 23.96 16.45 14.71 7.18 5.16 12.80 13.38 14.43 11.26 13.12 14.13 18.51 25.71 15.95 14.54 8.90 15.58 13.59 11.36 8.26 9.65 12.48 10.63 10.75 10.88 11.11 10.08 4.27 2.50 0.99 2.73 4.44 6.70 6.58 7.17 8.80 9.56 13.56 17.92 19.10 18.97 20.58 20.91 18.55 14.86 15.05 20.57 25.91 21.02 24.80 24.91 26.73 25.75 30.79 28.44 32.90 31.82 28.36 22.56 32.25 32.37 34.76 37.90 35.20 32.05 28.97 32.26 38.83
14.65 19.90 13.95 15.48 19.33 15.27 15.70 11.82 20.41 20.56 21.83 23.92 21.69 16.23 12.24 4.77 13.15 13.27 9.44 11.33 12.94 15.30 18.25 21.63 19.95 16.25 12.63 13.07 13.54 9.55 5.75 10.44 11.93 7.67 8.99 10.76 9.37 9.27 5.60 2.82 2.41 1.11 4.76 6.47 5.27 10.68 12.37 14.94 17.17 17.75 18.26 18.75 19.87 18.71 15.80 18.14 19.93 20.46 22.64 23.85 24.55 27.30 27.76 23.61 29.76 32.30 32.69 30.33 25.69 33.06 32.61 36.98 35.69 32.18 29.51 25.91 30.74 34.28 39.24
17.95 19.72 20.29 20.86 19.03 17.45 18.07 19.77 20.33 10.45 21.52 23.24 22.49 14.70 10.46 6.60 9.35 10.00 14.66 10.21 12.58 14.04 16.76 20.71 21.57 17.33 11.81 15.79 13.58 9.78 6.86 12.36 8.02 5.70 9.66 10.73 8.89 7.75 5.55 4.28 2.93 0.89 3.71 4.26 6.57 11.85 14.91 16.15 16.45 16.51 18.20 17.16 17.65 16.66 16.86 19.50 20.19 21.93 23.03 24.49 25.68 26.13 23.02 31.05 29.48 32.23 31.81 30.60 29.37 32.54 34.93 32.87 31.65 25.82 30.10 26.24 31.78 34.57 39.08
16.87 18.93 15.96 17.66 18.34 17.09 17.01 18.03 20.58 21.49 21.90 12.30 14.43 18.11 14.51 10.81 6.19 10.14 11.42 9.40 12.11 12.98 14.00 18.64 26.71 19.05 13.11 15.12 12.53 6.89 7.68 11.07 6.67 6.65 10.90 9.50 8.50 8.13 8.84 8.82 5.15 0.47 2.07 3.14 11.37 10.85 13.00 14.34 14.35 14.99 14.84 18.52 20.37 18.36 18.68 18.33 18.16 21.05 23.12 24.30 23.36 22.87 24.75 27.56 31.41 31.75 31.73 30.91 32.23 35.28 32.44 28.06 27.50 32.86 29.96 29.07 29.95 34.73 41.94
16.05 17.88 17.49 19.62 18.12 20.98 19.67 18.80 19.32 18.57 19.52 21.77 22.27 20.25 13.00 9.87 7.11 5.05 14.31 8.36 11.43 12.41 13.22 16.61 22.42 18.58 14.94 12.61 15.02 9.82 7.17 10.89 8.96 8.66 10.40 8.42 8.06 9.47 8.82 8.54 5.21 4.63 4.24 5.02 9.98 12.59 11.19 11.47 14.30 15.07 17.15 19.49 19.19 16.19 13.81 14.92 17.35 19.50 21.08 19.78 19.70 29.20 28.07 31.24 31.45 30.77 31.45 31.81 33.63 34.48 31.58 34.21 35.51 32.98 30.87 31.10 32.80 40.63 47.18
11.94 14.87 16.79 17.32 18.10 18.63 20.05 20.94 20.52 20.10 20.61 20.19 20.04 20.98 14.88 12.71 9.64 5.14 14.09 15.52 11.56 19.33 11.81 13.98 20.88 22.39 17.46 10.96 14.43 7.78 5.73 10.46 7.09 8.18 10.62 9.73 10.40 9.92 8.99 9.36 5.14 7.72 6.17 10.12 12.06 11.55 12.57 12.71 14.98 16.65 16.86 17.22 13.99 9.77 10.97 14.42 17.16 18.86 18.70 19.79 24.95 26.20 30.75 31.71 30.21 31.43 33.68 34.22 35.18 35.92 33.87 34.36 34.17 34.36 31.79 35.62 39.69 46.46 49.28
12.71 12.60 11.68 14.80 15.27 16.95 18.83 21.09 21.20 20.54 20.51 19.92 18.43 19.98 17.51 17.71 13.56 6.95 11.82 16.66 11.06 20.41 11.20 11.72 18.44 25.10 18.93 13.89 15.73 7.79 6.97 11.23 9.08 10.43 11.47 10.17 10.32 9.76 9.98 10.14 10.47 5.55 10.29 6.11 8.30 10.27 13.52 13.49 15.44 16.55 16.35 14.32 10.79 9.74 12.69 16.65 18.11 19.85 20.82 24.43 25.03 29.34 30.85 30.07 30.64 33.75 32.89 32.95 33.20 34.01 34.69 33.84 36.52 33.48 37.35 39.60 44.63 48.18 47.67
12.36 13.89 13.44 11.67 13.41 13.54 18.28 20.39 21.17 22.98 20.63 19.99 18.80 18.22 15.38 15.51 12.78 14.90 16.01 18.94 19.82 21.74 21.36 11.34 15.91 22.35 20.00 14.58 15.04 10.47 8.82 9.89 11.07 3.17 12.02 11.34 11.43 10.09 8.92 8.46 12.42 5.15 4.62 12.33 8.50 13.64 13.35 14.51 16.57 13.83 12.36 12.88 10.60 10.84 15.33 18.00 19.14 21.31 22.87 23.23 27.51 28.34 29.49 29.48 29.34 29.03 28.21 27.76 28.07 29.20 31.65 34.82 34.14 34.18 39.64 42.91 46.90 47.27 45.04
10.00 10.73 16.05 19.30 16.90 14.98 16.32 11.31 10.28 12.99 21.67 22.14 22.45 20.69 17.46 16.42 13.35 12.88 18.12 19.19 21.02 22.52 21.79 21.25 14.75 21.05 18.67 17.79 13.17 10.40 6.85 10.53 11.70 13.09 12.08 11.76 12.11 12.09 5.17 8.39 8.70 5.24 4.16 6.52 13.27 14.19 13.88 17.01 16.82 13.97 11.41 11.46 12.41 12.44 17.45 18.64 20.51 22.97 23.72 25.29 26.07 24.53 24.80 27.07 27.36 27.09 25.66 25.30 25.99 26.05 32.47 36.15 38.43 40.49 42.56 44.89 45.68 43.44 41.02
9.44 14.67 14.93 20.06 19.65 19.19 17.56 18.68 19.09 10.15 13.16 23.92 23.62 24.86 26.30 20.83 16.93 11.63 14.86 18.21 20.06 22.41 22.66 23.81 14.71 19.45 21.53 17.92 13.65 10.44 8.35 11.30 15.05 13.60 13.65 11.65 13.00 12.84 5.10 8.45 9.00 4.22 4.61 12.46 15.95 14.09 17.51 17.61 19.49 17.39 10.94 12.26 14.65 15.24 18.14 17.50 20.37 22.52 22.15 22.92 24.06 24.01 24.22 23.98 23.64 22.33 23.18 23.93 25.23 32.71 33.67 38.35 38.34 40.77 42.21 42.69 41.29 38.49 36.48
19.65 20.22 20.36 21.12 20.87 19.41 17.56 15.45 16.65 19.31 13.92 23.11 22.87 22.37 24.96 25.34 21.92 16.86 13.74 17.49 17.46 21.23 22.71 21.45 25.87 28.53 23.75 19.43 13.54 10.32 9.97 15.01 15.59 3.21 14.23 13.97 12.36 4.84 6.61 8.82 6.83 2.78 4.40 14.55 17.26 17.43 17.78 20.39 19.99 16.78 10.15 14.62 18.27 18.06 16.96 18.06 21.47 21.01 19.42 20.53 21.60 21.47 20.03 20.76 22.23 24.79 27.74 27.75 31.62 34.61 38.22 35.69 35.43 36.55 37.65 37.34 36.29 35.03 36.70
20.53 21.23 20.51 18.53 19.49 18.19 18.17 16.84 15.54 17.43 20.07 23.02 20.61 18.95 21.88 18.22 21.58 18.37 18.99 22.39 20.04 23.53 23.68 18.33 22.52 27.18 25.46 18.45 15.18 7.53 12.53 15.39 12.39 17.21 13.93 15.41 2.87 4.90 7.78 15.52 5.84 0.78 4.14 7.90 17.39 17.37 19.73 21.22 20.14 16.80 13.35 17.97 20.02 19.15 16.54 19.79 21.39 18.37 18.86 20.03 20.85 20.40 21.32 23.87 25.50 29.22 31.01 30.29 34.23 36.91 34.97 31.30 31.50 32.63 32.77 32.02 31.92 32.51 32.93
21.36 21.87 21.43 18.99 17.74 21.10 20.27 18.93 16.73 14.74 18.54 20.74 20.02 15.06 20.26 12.15 15.86 17.04 22.66 17.93 24.27 26.83 26.12 22.14 19.40 25.57 25.63 18.61 14.30 10.14 16.22 15.92 15.87 16.44 13.59 13.36 2.72 4.99 7.78 13.96 5.26 0.67 4.76 16.34 18.30 20.02 20.96 24.32 21.28 20.36 19.81 20.59 20.42 17.34 16.17 19.17 17.78 15.82 18.65 18.19 18.77 21.31 23.95 26.41 28.29 31.96 33.67 33.85 33.41 31.93 31.14 28.13 28.95 31.71 33.35 34.00 30.23 30.18 30.66
18.77 20.69 20.07 18.70 16.27 18.41 19.60 18.65 16.42 14.46 17.29 19.27 19.90 21.70 22.62 22.15 21.93 22.28 21.48 23.23 25.34 28.02 28.99 23.58 21.65 26.53 24.38 17.60 12.89 13.95 17.16 16.21 18.06 5.43 14.00 13.64 3.51 5.42 14.19 15.07 12.58 15.88 5.73 9.00 19.27 23.63 25.81 24.89 22.77 20.53 21.12 20.99 20.72 14.34 17.27 18.30 13.54 14.53 17.67 17.01 18.42 22.31 25.44 26.46 28.38 30.61 31.84 27.88 29.39 29.16 26.59 27.40 29.31 30.18 31.55 33.60 32.41 28.80 27.56
13.95 17.05 17.50 17.07 15.67 15.47 17.49 17.48 16.14 13.97 17.11 17.03 22.40 21.93 21.20 17.79 19.74 21.69 20.91 24.11 24.09 23.07 25.49 31.74 28.93 27.87 24.40 16.83 15.12 17.15 17.24 19.03 15.44 17.86 5.13 4.60 5.45 6.52 14.33 14.02 13.78 14.91 6.19 10.05 21.15 24.05 26.10 27.64 24.81 22.96 20.74 20.51 14.55 18.52 19.39 15.61 15.35 16.73 17.74 18.58 19.78 22.77 23.68 23.83 27.34 28.42 27.66 28.39 27.98 27.04 27.28 29.79 31.35 32.26 33.34 35.26 33.63 30.31 29.34
11.55 13.19 15.95 16.09 16.49 16.39 17.92 18.73 17.39 15.20 18.44 18.06 16.26 19.00 21.36 19.80 16.58 20.18 19.72 24.49 23.29 21.60 23.71 23.69 32.97 32.76 27.11 18.02 16.73 17.22 18.63 20.24 13.16 18.54 6.83 6.44 7.10 7.99 8.97 13.01 6.01 4.14 7.21 10.71 22.22 22.14 24.57 25.79 27.41 26.65 22.68 20.74 16.58 21.71 15.70 13.66 17.68 19.04 19.40 19.20 20.52 23.10 22.75 23.64 26.90 28.08 27.85 27.33 26.95 28.89 28.92 30.88 31.89 31.04 32.02 33.60 31.80 30.18 30.11
9.09 12.60 14.40 16.40 14.91 16.37 16.87 18.34 17.93 14.98 17.79 19.68 13.97 13.27 17.32 21.15 22.37 24.38 20.30 22.72 25.19 21.77 26.04 30.84 36.93 37.51 28.70 23.04 19.87 18.49 21.58 17.42 12.90 20.40 8.78 8.05 16.97 8.71 19.98 9.09 6.91 6.30 9.14 11.71 23.24 25.58 28.51 27.48 29.44 23.25 24.76 19.64 20.77 18.25 16.44 17.46 20.17 20.60 20.91 19.13 21.10 23.42 23.35 25.07 26.64 27.10 26.59 27.44 26.26 26.50 26.62 29.20 31.90 33.34 32.19 29.57 28.67 30.95 31.32
16.84 18.29 20.24 19.19 17.39 19.10 19.31 21.37 19.91 17.15 17.49 18.84 14.97 9.24 16.16 18.39 20.54 22.25 22.71 26.52 26.55 23.80 23.83 28.06 37.43 40.61 32.43 26.65 21.61 17.93 19.49 15.60 14.65 23.15 9.30 9.25 9.05 9.78 19.73 9.03 6.70 7.79 10.82 13.02 25.11 24.22 24.95 29.29 31.34 27.03 24.50 15.78 14.92 15.01 18.93 20.96 19.60 19.38 20.21 20.29 22.88 23.32 23.31 24.32 24.46 24.38 23.89 24.25 24.41 24.64 26.94 30.65 32.36 28.61 31.91 29.56 28.96 30.84 30.65
14.27 17.08 20.87 13.72 22.13 21.72 21.10 20.51 20.72 17.99 15.83 19.00 19.35 12.61 12.42 16.87 18.73 22.20 24.97 24.19 23.23 22.56 22.64 20.57 28.07 46.19 37.84 29.12 22.39 16.96 20.22 19.57 15.74 22.12 16.01 10.33 10.21 10.94 21.76 8.96 6.35 8.46 12.21 24.57 26.32 30.39 29.62 31.58 29.66 29.00 19.93 17.64 18.82 19.81 21.02 21.67 20.29 20.17 21.62 22.34 24.34 23.52 21.51 20.71 22.51 24.20 24.37 25.56 26.24 28.33 30.95 31.14 31.15 29.12 29.29 29.48 31.00 31.47 30.33
12.06 18.51 11.80 12.58 22.41 21.90 20.73 20.53 21.68 18.59 15.34 17.74 19.16 14.50 13.09 15.84 17.87 19.93 23.04 25.07 25.34 23.21 20.77 21.61 26.33 51.26 43.98 30.70 24.25 23.06 24.15 22.51 18.86 22.59 23.50 11.37 11.23 18.12 19.67 9.35 7.88 24.03 22.41 25.60 29.18 29.46 28.21 31.15 32.00 30.76 21.16 20.19 21.34 22.22 22.81 25.25 24.45 23.82 23.19 22.02 22.31 22.62 22.56 25.09 26.30 26.21 26.59 29.61 30.56 31.68 32.47 30.65 29.17 29.54 31.33 30.03 29.93 30.28 25.41
11.70 18.51 19.50 19.83 19.04 19.39 20.27 20.90 22.08 20.46 16.45 15.23 18.67 19.04 14.82 14.56 17.54 19.46 21.52 24.94 26.53 25.23 22.19 21.85 30.31 51.87 51.03 30.27 25.97 32.66 31.31 21.97 18.98 20.06 23.33 10.19 11.22 24.29 16.70 8.84 8.98 24.39 27.24 30.76 30.23 31.43 30.96 33.40 32.61 32.04 22.93 21.70 21.98 22.34 22.98 28.15 26.65 24.76 21.04 21.31 21.77 22.41 24.51 27.96 29.06 27.48 29.51 32.30 33.60 30.68 30.40 29.60 29.62 30.34 28.99 31.76 28.37 28.52 27.74
8.75 11.40 11.59 20.70 18.24 17.38 21.40 21.48 23.76 22.23 18.78 18.28 17.80 20.52 16.38 13.66 16.68 19.41 20.48 23.47 26.72 24.88 22.08 23.90 31.88 54.16 55.67 31.71 27.26 39.66 31.81 20.89 17.75 20.36 21.54 15.24 25.09 24.53 17.99 19.81 23.10 26.60 28.53 29.93 29.76 32.13 33.49 33.51 32.52 25.79 25.09 23.05 22.07 22.27 22.91 21.54 20.06 20.14 21.14 22.36 23.37 23.89 25.28 27.29 28.08 29.59 29.89 29.39 27.82 26.15 26.71 26.04 26.97 27.08 29.95 24.75 23.34 21.85 25.48
10.71 17.38 17.24 18.48 19.36 19.94 20.61 22.05 22.81 23.11 21.80 19.98 15.33 17.84 18.95 19.03 19.07 20.18 20.15 22.61 25.49 24.06 20.02 22.72 31.22 53.25 62.38 43.48 35.25 42.34 32.08 21.76 17.98 19.61 23.04 27.80 26.04 22.37 20.51 21.61 23.57 25.84 27.61 29.58 30.70 31.95 32.00 33.91 34.12 25.84 26.76 25.01 22.26 21.46 23.33 22.70 20.58 20.37 22.02 23.85 25.00 26.54 26.84 27.38 27.18 24.88 25.62 24.75 24.20 23.27 23.65 24.62 25.75 27.70 25.12 24.68 23.16 24.73 21.56
13.90 14.01 13.85 15.72 18.78 20.13 18.76 19.05 21.39 22.91 20.19 19.56 12.21 17.94 18.12 19.72 20.06 20.95 20.48 22.45 24.27 23.04 19.25 19.50 23.64 40.73 64.77 61.32 51.60 45.42 31.10 23.50 21.36 22.11 24.52 27.11 23.05 22.44 23.15 23.48 24.71 27.26 28.14 29.39 31.75 34.51 34.59 35.08 31.07 25.36 27.94 26.51 22.72 22.33 23.47 22.67 20.89 20.94 22.50 23.66 24.22 24.80 28.16 24.82 23.63 22.15 21.35 21.64 23.57 23.75 24.01 24.19 24.14 24.39 24.66 23.79 22.64 23.50 22.80
12.36 14.12 12.67 14.65 16.80 18.27 21.08 20.09 19.01 20.64 21.38 18.48 15.38 10.23 15.94 17.99 19.79 20.90 21.16 22.66 24.43 23.29 21.00 16.69 17.94 27.67 49.28 64.32 64.02 48.56 32.77 26.70 26.11 24.81 24.62 23.84 21.95 24.40 23.72 24.13 26.28 28.18 29.51 31.54 33.24 34.19 34.40 35.12 24.40 26.13 28.88 28.23 24.65 23.04 20.92 18.21 19.78 21.44 21.75 21.77 22.06 22.49 23.33 23.19 22.07 20.92 21.89 21.98 22.76 23.31 23.02 22.05 21.36 22.36 22.95 22.54 22.13 21.87 21.13
5.49 9.41 12.21 12.89 13.84 16.64 18.29 22.01 21.13 20.01 19.67 19.19 18.42 11.91 10.89 17.20 18.76 18.48 18.43 20.57 23.05 20.57 19.70 16.55 16.04 23.16 35.54 55.64 65.77 52.90 36.87 31.24 27.07 24.90 23.90 21.72 21.94 24.32 23.55 25.05 26.97 29.49 31.63 33.33 32.84 33.67 33.95 22.90 25.69 26.92 29.02 29.98 26.26 21.40 18.03 17.75 20.75 22.60 22.12 23.27 22.92 23.47 22.26 23.77 23.17 22.03 21.64 21.87 21.55 21.10 20.87 22.92 24.60 24.99 25.78 25.74 24.98 23.99 22.81
8.16 4.63 10.88 11.71 12.07 14.14 16.63 18.59 19.68 21.00 21.48 19.30 20.13 18.54 11.94 14.46 18.75 21.34 20.93 22.88 24.04 19.97 17.72 15.74 16.78 24.58 32.87 47.01 61.21 54.91 41.49 32.81 24.46 22.15 18.99 18.78 23.42 24.91 22.41 24.90 27.57 29.88 32.21 34.93 36.13 34.84 34.26 24.45 26.78 27.28 27.67 29.25 26.94 20.48 18.66 21.73 25.27 25.60 23.04 23.36 22.68 22.50 20.29 21.61 21.58 22.43 23.79 24.44 24.55 24.19 24.20 25.90 27.31 27.75 27.62 28.47 29.13 28.10 25.63
9.16 5.23 2.30 11.92 13.91 15.35 15.74 16.26 19.36 16.80 19.25 20.11 19.77 15.32 11.60 14.23 17.51 22.30 25.76 28.62 29.03 25.11 21.26 18.46 20.87 26.04 25.09 40.51 55.68 55.85 47.30 33.98 19.10 17.79 17.02 18.48 22.27 23.24 23.33 26.32 26.59 28.70 32.35 35.07 36.35 35.48 34.90 25.58 26.28 27.29 27.45 27.15 27.62 25.71 23.96 25.00 25.83 24.66 26.28 22.87 21.44 20.75 20.04 20.34 21.44 19.76 20.00 19.87 19.69 19.55 20.18 20.80 21.55 23.96 23.43 24.07 26.74 26.11 21.61
8.45 8.99 9.86 3.91 7.49 9.61 12.97 16.17 17.04 18.68 18.81 15.30 11.68 10.97 14.19 14.21 15.05 19.15 23.12 27.59 32.89 32.71 29.25 28.19 27.25 25.75 31.29 36.64 50.65 54.83 49.48 33.90 11.59 13.90 17.48 18.50 21.52 21.93 23.30 25.85 27.86 29.97 32.78 34.31 36.46 33.34 35.37 26.00 25.94 27.09 29.33 29.76 28.97 29.32 27.59 22.60 18.78 18.30 19.43 19.60 19.01 20.97 19.84 19.44 19.65 19.10 17.83 16.60 15.51 16.05 14.61 16.13 18.71 21.88 24.16 26.27 25.52 24.13 21.77
9.74 10.43 14.10 10.54 5.59 9.99 10.85 12.22 14.02 14.48 16.77 15.94 18.06 14.74 9.27 14.48 13.87 16.32 17.30 16.71 21.81 28.78 32.52 35.45 34.02 33.73 31.81 37.72 49.39 54.85 48.43 32.14 4.93 10.37 16.16 18.21 19.26 19.62 22.82 26.19 28.54 29.85 32.14 33.47 37.44 35.99 35.84 27.03 27.48 28.31 30.77 32.93 31.60 29.51 27.52 21.06 13.14 11.93 15.19 17.10 17.65 16.87 19.43 18.35 17.61 17.45 16.65 12.89 10.82 12.31 16.07 19.91 22.41 26.02 26.30 24.71 22.45 20.47 19.13
