examples/cougarCreek-fire/createInputs/farsite/7a-cougarCreek-polygonIgnit/cougarCreekFire_08-12-2015_1400_217m_non_neutral_stability_ang.asc
ncols	146
nrows	140
xllcorner	610065.000000
yllcorner	5095217.000000
cellsize	216.586807
NODATA_value	-9999.000000
[rows 0 to 48 of 140, columns 0 to 95 of 146]
51 53 58 70 82 86 77 64 55 52 53 59 69 78 88 98 106 99 73 46 41 44 48 56 66 74 80 85 90 96 101 101 93 82 75 74 79 87 91 95 97 98 100 100 102 103 105 105 105 105 104 103 102 104 107 111 116 119 120 124 130 136 142 151 161 175 189 200 210 218 225 231 238 243 248 254 249 239 243 263 280 274 256 246 266 275 282 290 291 292 287 286 293 283 283 284
51 53 58 70 82 86 77 64 55 52 53 59 69 78 88 98 106 99 73 46 41 44 48 56 66 74 80 85 90 96 101 101 93 82 75 74 79 87 91 95 97 98 100 100 102 103 105 105 105 105 104 103 102 104 107 111 116 119 120 124 130 136 142 151 161 175 189 200 210 218 225 231 238 243 248 254 249 239 243 263 280 274 256 246 266 275 282 290 291 292 287 286 293 283 283 284
52 56 62 72 80 83 78 67 59 55 57 63 71 79 89 98 105 104 88 60 49 49 54 61 69 76 81 86 90 94 97 98 93 87 83 83 85 89 93 95 98 99 100 101 102 104 105 104 104 105 105 105 106 107 109 113 117 120 123 126 132 138 145 154 165 178 190 198 208 216 224 230 236 241 247 253 251 244 249 264 275 270 256 259 267 273 278 282 283 284 282 279 277 277 277 279
56 63 72 76 78 79 78 72 66 63 63 67 73 79 88 94 101 110 113 100 74 65 66 69 73 77 82 86 89 92 94 95 96 96 97 96 95 94 95 98 99 100 102 104 104 105 106 106 107 108 110 111 111 112 114 116 119 124 129 133 138 145 152 160 171 180 188 193 202 211 218 224 229 233 240 246 246 243 252 262 266 263 256 259 263 268 273 278 282 283 279 269 265 267 269 272
61 70 79 80 78 76 74 73 73 72 70 71 74 79 83 88 93 100 113 123 107 82 75 74 76 79 82 85 89 92 95 97 101 104 105 104 102 99 99 100 101 103 104 106 107 107 109 110 111 113 114 115 115 109 116 118 122 127 132 138 143 150 156 164 173 180 187 193 201 209 215 220 224 229 236 241 239 239 252 259 262 266 262 260 261 266 271 277 283 290 292 277 285 284 287 287
72 79 84 82 78 76 73 73 76 79 79 78 77 79 82 85 86 89 96 109 117 97 83 77 78 80 83 87 91 95 97 99 103 106 108 107 105 103 102 102 103 105 106 108 109 110 112 114 115 109 109 109 117 118 118 121 125 129 134 139 145 151 158 166 174 180 155 195 202 208 214 219 224 230 237 242 242 242 248 254 257 259 268 262 261 265 270 275 281 290 306 307 274 293 281 283
82 90 95 88 82 78 74 71 74 81 85 83 80 79 80 82 84 84 74 67 82 93 84 80 80 81 85 88 91 93 98 100 104 107 109 108 107 106 104 100 100 106 103 109 110 107 108 110 112 112 106 117 110 119 120 123 127 131 135 140 146 130 134 167 173 152 189 197 202 208 215 221 227 233 238 244 244 240 248 254 254 254 265 266 245 266 270 273 277 285 305 332 312 294 280 277
83 90 99 94 86 81 76 74 79 83 87 87 83 80 79 81 82 79 71 57 62 67 73 81 83 83 86 89 92 94 99 100 103 107 108 108 107 107 103 101 101 102 103 104 106 108 109 111 111 104 109 110 119 120 121 123 126 130 135 140 126 129 159 166 174 151 191 198 203 210 217 224 230 235 240 244 239 234 249 256 254 252 256 269 270 269 270 272 274 278 294 330 342 302 284 283
81 84 91 94 89 82 77 77 82 84 86 88 86 81 80 82 81 80 71 53 81 69 76 82 84 86 87 90 93 94 98 101 102 106 107 106 105 104 104 103 103 103 104 105 106 108 108 108 108 109 110 111 112 112 111 121 125 129 120 139 127 152 159 166 142 151 192 170 206 214 220 226 232 237 243 243 233 233 246 251 251 250 252 269 274 271 270 270 272 275 285 315 346 331 299 273
80 82 85 90 91 84 75 72 75 80 83 86 85 83 80 81 82 83 75 82 90 101 90 85 86 87 89 91 93 96 99 101 102 104 106 107 105 105 105 104 104 104 105 106 107 107 108 109 109 110 111 113 111 110 118 120 124 128 119 138 144 151 158 134 142 148 157 173 209 216 222 228 233 240 246 242 229 236 249 251 249 247 251 265 272 272 270 270 271 272 279 302 336 337 326 294
74 78 79 83 85 80 68 64 69 74 78 81 82 83 81 81 82 86 100 129 120 114 105 89 85 82 84 86 94 97 99 101 103 104 106 107 106 107 107 105 103 103 105 99 99 98 108 109 110 104 107 104 109 118 118 120 123 113 132 138 143 128 127 135 139 150 157 171 212 219 225 230 236 242 245 239 232 246 254 255 254 253 256 264 269 264 257 269 268 269 273 291 325 337 342 317
74 73 70 70 73 69 58 59 65 68 70 74 78 81 80 80 81 81 100 130 133 125 123 106 92 87 87 86 88 98 100 102 103 104 105 107 108 109 108 103 100 91 94 97 99 98 107 108 101 103 102 108 118 118 110 109 111 112 116 137 142 121 129 133 140 187 198 208 216 223 228 234 239 243 244 239 241 255 259 259 260 261 263 266 268 268 268 267 267 266 269 284 313 337 354 337
72 70 65 65 65 61 57 60 58 59 65 70 72 74 76 76 77 75 80 95 118 123 129 121 102 95 87 87 89 91 101 103 103 104 106 107 109 110 107 99 85 90 94 96 98 97 107 97 99 108 108 108 118 118 109 109 110 112 114 121 121 130 133 167 178 190 202 212 221 227 232 238 242 245 244 242 249 260 263 265 266 268 268 269 268 267 265 265 265 267 270 279 301 335 357 342
70 68 65 64 63 61 80 57 53 55 58 61 64 66 68 71 72 69 68 69 81 97 114 122 109 100 90 90 92 93 94 103 95 96 101 104 99 97 104 97 85 92 94 96 95 107 108 97 98 109 108 108 110 111 108 108 109 112 113 119 127 130 155 166 179 193 206 216 224 231 236 242 246 247 247 249 256 262 266 269 273 276 275 274 270 266 263 264 265 268 270 275 290 323 347 339
66 66 66 65 63 63 60 99 58 57 55 55 55 55 60 61 66 65 56 59 64 79 90 116 115 106 94 93 93 94 95 103 98 98 103 105 96 91 104 102 94 95 93 93 93 95 97 99 100 99 108 108 109 109 107 107 97 111 113 116 137 145 154 166 130 131 176 234 228 235 269 246 250 251 254 257 261 265 268 272 277 282 283 280 274 264 260 263 266 262 260 271 278 298 332 336
59 63 66 65 63 64 62 64 67 72 61 61 62 52 55 59 55 50 46 47 53 67 85 104 114 108 96 94 94 94 93 95 97 99 104 101 96 91 102 96 96 94 93 94 94 96 99 102 100 96 110 109 96 97 106 106 97 108 96 109 111 112 109 110 121 143 148 222 232 240 246 250 254 257 260 263 265 268 271 273 276 282 288 288 276 260 259 263 265 266 261 264 263 270 305 323
55 63 68 68 67 65 59 57 55 74 48 56 60 68 61 56 52 46 40 40 46 57 73 87 98 102 96 94 94 94 94 99 98 99 102 100 98 97 89 90 93 94 95 95 97 98 100 99 95 95 110 97 100 98 95 108 110 93 104 107 106 103 107 103 111 119 214 275 238 245 250 254 258 261 264 267 270 270 272 274 276 279 286 290 277 260 263 266 267 266 264 259 252 252 269 296
59 66 69 71 73 66 54 51 48 37 43 62 69 67 61 54 50 45 40 42 48 57 67 74 82 92 90 92 92 93 95 99 101 103 100 97 101 96 98 89 92 94 94 95 97 98 98 96 94 96 98 105 103 94 94 106 106 88 103 102 101 100 101 103 110 199 217 179 189 250 254 258 261 264 267 270 273 274 275 276 277 278 282 287 282 271 271 272 270 268 264 260 255 250 254 279
69 72 73 73 70 59 50 54 56 132 47 71 69 61 86 57 55 51 48 50 57 61 65 68 73 84 84 88 89 90 94 97 103 102 94 86 95 98 99 88 90 92 95 96 96 95 96 96 95 96 102 102 95 101 91 91 99 100 87 96 99 78 108 105 175 125 150 185 249 254 258 262 265 268 270 272 275 277 278 278 280 280 281 286 297 286 279 277 277 270 267 269 262 258 255 263
77 80 81 75 66 51 47 58 60 124 43 63 54 40 42 54 58 88 57 61 67 64 60 63 69 72 80 84 86 89 93 98 99 110 91 84 93 102 90 89 90 93 96 98 97 96 96 97 102 104 100 92 88 89 91 85 81 98 81 77 95 95 96 88 98 203 228 244 253 259 263 267 269 272 273 275 276 278 279 281 282 283 284 292 310 296 284 279 283 274 273 274 267 265 264 262
73 72 71 69 60 47 45 52 46 106 95 88 104 35 37 46 50 54 92 62 66 91 56 63 70 75 77 81 84 88 91 95 111 114 87 87 87 105 94 92 94 97 99 99 99 99 100 102 112 101 96 89 88 93 85 97 99 80 81 76 72 77 92 81 168 205 234 250 259 265 268 271 274 276 277 278 279 280 281 282 283 284 288 300 311 301 287 282 279 278 287 286 285 277 274 273
63 60 53 52 48 36 29 31 83 87 90 89 110 107 32 42 42 46 69 75 59 78 53 61 69 75 76 79 83 86 88 90 107 127 115 101 89 106 94 97 101 103 101 100 98 95 96 100 100 91 88 86 86 83 96 81 81 86 84 73 72 76 66 138 91 91 84 80 266 270 273 276 278 279 280 280 281 281 282 282 282 283 291 303 307 303 293 285 283 282 292 294 300 303 287 284
61 56 40 34 33 22 67 19 72 88 86 81 87 133 90 45 44 45 62 75 75 75 65 54 62 73 76 79 82 85 85 95 99 125 133 116 103 107 94 100 105 105 102 98 97 97 98 96 89 88 86 82 79 95 97 80 80 81 78 71 77 78 91 95 94 81 54 265 271 275 278 280 282 282 282 283 283 283 283 283 282 284 294 309 310 309 301 290 285 286 292 292 295 298 303 302
53 43 24 23 22 15 13 73 26 93 96 82 83 115 102 91 81 75 72 77 82 82 75 48 57 71 75 79 81 81 81 92 95 115 133 126 115 105 96 99 102 103 100 97 96 97 95 90 87 87 85 103 79 82 80 80 77 78 79 80 87 93 85 117 56 54 29 10 278 282 284 284 285 285 285 285 285 286 285 285 285 288 301 320 316 315 310 293 296 281 276 275 281 288 294 300
24 21 13 32 12 23 13 69 29 83 102 90 82 91 103 89 82 78 73 69 75 80 85 71 60 71 76 81 79 79 82 92 96 104 119 125 120 105 98 101 100 98 98 106 98 93 92 93 91 87 86 101 81 81 82 84 86 89 88 86 85 89 56 44 65 52 21 11 286 345 288 288 288 288 288 288 287 288 288 288 288 291 307 327 319 317 318 295 287 272 272 278 284 284 285 288
341 29 28 61 71 73 64 70 73 74 90 89 80 79 100 95 87 81 77 70 70 77 82 73 58 70 78 82 78 80 87 96 94 82 107 117 108 103 101 103 102 97 96 96 96 107 100 108 91 85 105 84 81 80 82 89 91 99 87 83 81 84 55 75 78 50 31 32 25 357 329 292 292 291 291 290 289 289 289 290 290 293 306 328 323 324 333 301 284 274 271 275 282 281 278 280
312 14 12 59 66 70 65 62 67 67 81 80 82 81 82 93 85 81 80 76 73 80 79 72 52 67 77 83 87 83 89 90 84 81 86 113 111 99 100 97 93 90 91 91 92 93 92 91 89 85 102 76 77 77 78 82 87 87 82 79 76 80 74 67 67 70 63 56 37 360 329 295 294 294 293 293 291 290 290 291 292 293 304 324 326 336 350 308 305 283 266 280 269 273 275 284
11 56 58 59 57 65 73 69 63 64 77 91 92 84 72 78 76 77 81 77 77 82 81 65 43 57 70 78 93 88 92 88 83 83 89 95 95 98 99 94 91 89 89 91 94 94 93 95 93 84 100 69 73 75 76 83 86 82 79 79 78 79 86 99 106 108 78 52 21 359 344 298 297 296 295 293 292 290 290 291 291 294 307 321 326 348 7 316 314 299 287 280 276 278 281 283
108 97 88 73 63 66 75 89 86 75 76 97 82 91 70 74 77 77 81 79 79 83 85 72 49 47 59 67 91 94 94 89 84 86 89 93 99 99 94 93 93 91 93 96 99 110 111 111 88 107 96 65 70 75 79 87 85 83 87 93 95 93 93 94 97 100 79 54 26 2 349 301 299 297 296 294 293 293 292 292 292 296 309 322 327 3 17 319 321 314 285 283 296 293 282 282
135 119 106 89 78 71 73 82 104 95 94 97 105 118 95 80 81 82 85 82 84 89 93 90 71 52 55 70 84 92 93 90 86 87 88 91 97 94 91 94 94 96 101 105 106 109 113 94 106 100 90 62 69 73 86 89 88 87 87 86 86 84 84 85 84 66 56 40 23 3 348 304 302 299 298 296 294 294 293 292 292 295 308 327 348 8 2 325 300 317 315 303 297 292 282 281
209 150 131 122 107 90 77 75 84 88 84 96 101 62 112 83 91 94 95 94 93 101 94 101 100 73 73 76 87 90 88 86 87 87 89 94 94 87 93 97 100 101 103 104 105 109 98 92 107 94 79 61 69 81 85 81 77 78 80 80 81 85 86 84 77 50 34 21 9 358 346 308 305 303 301 299 296 294 293 293 293 294 302 329 4 5 358 338 309 314 310 299 296 295 283 282
289 217 132 110 108 95 91 89 87 90 84 78 80 85 106 89 77 90 87 90 98 110 117 113 109 95 85 85 90 87 82 86 89 89 92 94 85 84 95 100 100 101 102 102 104 106 114 130 121 84 67 75 69 74 70 67 71 75 77 79 82 86 86 79 70 64 40 29 16 3 351 337 324 306 302 300 297 295 294 293 292 293 300 324 353 359 2 351 319 318 314 307 299 299 296 284
294 247 241 135 111 118 113 102 94 94 93 90 101 105 113 105 83 76 74 77 84 94 108 123 121 115 102 92 90 82 81 86 91 93 91 87 85 88 94 91 98 100 100 100 101 102 108 132 155 86 74 82 63 65 64 68 77 82 82 79 77 77 79 81 83 7 85 340 94 326 320 329 318 307 303 301 299 297 294 292 290 292 305 323 336 351 4 357 328 322 318 312 302 298 294 285
271 275 303 255 155 143 131 117 105 99 108 114 118 116 121 116 97 81 67 62 67 77 84 83 100 118 121 106 97 88 85 91 94 94 94 93 95 98 99 99 98 97 97 97 97 104 99 117 169 155 107 92 85 78 72 77 82 84 86 77 85 82 82 40 24 53 353 34 21 3 352 344 313 309 306 303 299 296 294 293 290 290 301 316 327 344 358 355 336 307 317 314 302 296 290 285
285 290 104 302 214 139 136 131 124 121 115 113 116 121 122 122 106 92 81 77 77 77 85 83 89 99 106 105 104 95 98 96 95 95 94 95 96 99 101 102 99 97 97 97 97 98 99 92 120 136 134 112 93 84 93 87 82 82 86 88 90 85 63 69 63 43 34 21 3 333 327 321 338 330 310 305 301 298 295 293 290 289 297 312 328 341 349 353 344 317 315 315 303 299 297 287
72 79 88 118 156 156 129 118 116 115 109 90 89 102 125 148 156 151 151 136 120 106 101 102 91 83 79 86 94 89 98 98 94 93 91 91 91 91 89 89 92 92 92 90 88 84 88 94 93 117 111 107 108 96 85 88 87 86 87 84 80 76 68 60 53 33 20 348 343 340 334 349 344 335 311 307 302 298 295 293 291 290 295 311 337 346 348 355 351 327 316 314 305 301 300 289
114 101 105 119 153 161 177 126 115 110 101 91 94 100 105 119 128 131 132 122 110 104 111 97 86 76 76 79 82 88 96 101 97 92 91 87 84 82 81 80 78 94 93 90 86 81 77 76 96 113 104 87 92 106 96 86 92 90 91 89 85 83 78 51 62 33 19 9 5 3 359 355 349 319 316 312 307 302 297 295 294 292 292 303 334 349 351 356 357 338 315 317 310 303 298 290
102 105 116 119 116 124 132 115 106 98 90 100 103 97 93 95 97 97 92 85 81 87 89 95 80 74 79 85 81 87 92 100 103 104 102 103 99 95 93 90 86 85 85 89 86 83 80 78 84 96 105 95 100 104 104 95 91 85 80 73 69 64 56 49 45 34 11 353 350 346 338 342 354 326 319 316 311 305 301 300 298 296 291 294 318 343 349 354 1 350 331 326 320 309 306 292
245 240 131 118 104 96 161 184 86 85 88 100 96 93 89 92 93 84 74 77 80 75 76 77 75 70 76 85 80 74 84 90 97 103 104 106 106 101 111 106 97 92 84 80 88 86 83 80 82 85 94 101 94 93 97 94 90 84 76 69 73 68 54 49 43 35 16 350 347 341 332 328 338 341 332 327 323 315 309 306 304 300 293 291 302 328 341 350 2 359 340 337 325 313 310 295
240 119 104 104 97 80 168 76 95 94 103 105 99 104 103 102 95 86 76 77 75 70 84 85 71 66 82 84 77 74 82 88 93 95 99 100 99 93 88 92 94 101 101 100 96 94 92 87 82 81 82 84 85 90 92 88 92 87 73 69 68 67 52 61 57 26 14 359 342 331 320 313 320 337 332 328 334 335 327 316 312 306 297 290 293 318 341 345 359 2 349 347 332 317 311 309
295 56 67 70 145 152 170 85 102 103 106 112 114 116 111 106 92 75 66 73 73 81 98 88 69 71 92 89 81 80 86 91 93 92 92 92 89 88 94 90 91 89 90 90 99 99 98 96 94 91 89 87 77 76 78 79 76 71 68 65 71 54 48 44 39 30 20 5 347 322 300 289 288 297 300 301 318 333 336 333 326 315 302 290 285 297 333 342 351 0 357 336 332 320 316 313
265 287 49 60 130 144 172 95 106 108 113 115 116 114 98 97 82 65 73 91 102 107 102 80 64 77 100 96 92 88 90 86 87 86 84 86 87 86 85 91 91 96 94 95 96 88 88 87 85 83 82 80 78 78 78 77 75 71 69 69 55 51 48 45 42 35 25 8 352 321 287 271 266 267 266 273 287 300 320 336 339 331 314 298 285 283 310 338 345 354 358 343 329 320 318 318
16 43 56 83 97 138 89 108 106 108 114 115 115 104 95 83 77 84 99 108 113 110 95 68 68 91 98 95 94 90 81 81 79 80 80 83 85 84 84 85 90 94 92 90 88 87 91 89 87 80 82 74 72 71 71 69 66 62 61 61 58 55 53 50 46 38 27 11 354 328 295 267 260 260 263 272 282 287 295 317 337 340 329 311 298 289 298 327 339 345 349 346 325 317 319 319
168 136 100 167 133 138 105 113 111 115 118 109 114 104 82 65 87 95 107 111 110 99 81 63 83 103 98 90 98 90 79 78 78 79 78 80 82 82 81 80 81 84 86 83 86 87 87 86 85 82 74 69 69 71 71 70 66 63 66 63 61 58 55 50 43 33 22 10 358 343 326 301 277 265 256 263 278 288 297 313 329 336 346 324 308 298 293 303 324 336 342 344 325 310 310 314
277 201 185 103 92 84 110 112 112 115 99 91 50 61 64 67 83 76 94 103 97 86 77 83 97 102 89 81 99 95 83 78 78 81 82 81 80 79 78 78 80 79 85 85 87 89 85 90 84 72 66 64 66 69 71 71 66 60 60 62 60 55 45 37 29 22 16 11 5 359 351 343 332 320 307 275 274 288 302 315 328 334 330 330 318 310 306 306 318 333 344 344 329 311 307 305
90 101 96 82 82 85 97 102 102 93 168 23 50 78 81 72 51 79 102 103 100 94 93 91 98 94 80 83 100 97 86 76 76 80 84 86 84 81 79 79 74 82 83 85 87 81 85 87 79 68 58 59 61 67 71 71 66 59 60 56 49 43 33 27 23 30 28 22 14 10 4 357 332 323 314 302 287 281 293 312 333 340 330 356 328 323 333 316 314 326 342 341 332 320 306 304
133 136 146 71 76 76 71 83 75 164 27 50 74 83 75 68 71 103 115 113 109 97 92 85 78 79 76 90 106 95 83 76 73 77 86 86 87 86 83 77 74 74 76 73 80 86 86 84 80 63 46 50 60 65 67 67 62 58 56 45 39 33 31 34 33 37 34 20 17 32 25 20 351 327 331 319 303 284 275 293 336 348 333 333 333 330 326 321 314 315 331 334 329 320 308 304
110 116 132 77 78 76 143 50 48 26 62 75 89 88 87 102 161 167 120 114 105 89 71 52 61 66 85 110 104 92 80 72 69 77 84 86 88 90 87 82 73 80 89 89 90 88 80 78 72 52 50 44 53 55 55 53 47 41 44 53 49 43 40 40 40 42 39 36 33 28 25 16 357 346 325 317 313 297 288 275 314 346 327 330 1 336 334 331 325 318 320 325 326 319 309 306
98 104 97 65 120 120 156 50 71 66 83 94 102 108 127 165 166 163 120 110 97 72 49 53 71 83 105 112 101 92 82 72 67 76 83 84 87 91 91 90 95 91 98 95 85 80 76 69 64 52 17 35 38 41 40 41 45 63 68 67 60 50 44 40 41 42 40 35 31 28 20 5 359 353 330 325 318 305 289 277 285 321 317 319 334 359 345 341 336 332 323 320 323 317 308 305
