examples/cougarCreek-fire/createInputs/farsite/7a-cougarCreek-polygonIgnit/cougarCreekFire_08-10-2015_2100_217m_non_neutral_stability_ang.asc
ncols	146
nrows	140
xllcorner	610065.000000
yllcorner	5095217.000000
cellsize	216.586807
NODATA_value	-9999.000000
[rows 84 to 125 of 140, columns 0 to 93 of 146]
172 173 174 175 175 176 176 195 183 188 179 179 179 183 184 184 211 186 187 195 180 190 191 193 193 205 194 206 200 186 198 197 200 200 196 201 212 202 197 203 203 202 202 203 204 204 203 203 209 206 189 202 201 185 184 200 199 199 190 196 193 184 185 179 151 151 179 183 171 160 151 152 159 175 163 154 149 153 157 165 165 163 162 160 158 158 157 157 157 157 156 153 155 152
171 172 173 173 174 175 175 191 186 199 179 203 171 179 183 184 184 201 195 188 175 190 191 193 194 206 208 206 201 198 188 198 200 201 199 207 207 201 203 203 203 203 202 204 205 205 204 204 205 206 205 204 204 204 203 202 201 200 199 198 197 185 195 188 167 164 171 189 182 169 162 151 151 159 162 158 156 154 168 166 164 163 162 161 159 155 157 157 156 156 156 156 155 152
169 171 171 172 173 174 175 176 192 178 178 181 180 188 182 184 197 193 186 183 190 191 192 181 194 209 195 206 201 187 188 212 194 201 198 205 201 202 202 203 192 205 204 205 206 206 206 205 206 207 206 206 206 205 204 203 202 201 200 200 199 198 197 196 171 169 173 180 181 180 180 157 151 155 160 175 161 172 170 168 165 135 161 160 160 159 158 156 154 136 156 155 151 156
168 169 170 171 172 173 174 175 176 177 178 172 180 185 192 198 198 182 185 177 190 191 192 193 196 205 195 207 197 197 198 211 200 201 200 201 202 202 207 204 206 207 205 206 207 207 207 206 207 208 208 208 207 206 205 205 204 203 202 201 201 199 198 197 180 173 177 180 180 188 186 169 160 157 152 154 151 154 159 145 167 135 162 161 160 159 159 158 158 155 156 155 156 156
166 168 168 169 171 171 190 174 175 176 177 173 180 174 190 198 197 179 186 188 190 191 192 193 202 195 196 196 197 198 212 209 192 201 201 200 203 203 203 206 208 208 208 207 208 208 208 208 208 209 209 209 171 208 206 206 206 204 203 203 202 201 199 199 175 172 179 175 174 174 187 175 166 156 181 178 176 173 171 146 167 165 163 160 161 159 159 158 158 155 157 156 156 154
165 166 167 168 169 170 187 173 174 175 177 180 180 181 189 200 195 182 184 189 190 191 192 197 194 194 195 196 197 197 198 204 195 202 202 202 203 204 205 206 208 209 208 207 208 209 209 209 210 210 210 210 173 174 208 207 207 206 205 204 203 202 201 177 180 169 170 173 169 168 171 176 178 171 159 152 151 175 172 170 167 165 164 162 161 160 159 158 158 158 157 156 154 153
164 165 165 166 168 169 170 172 173 174 176 183 179 181 187 202 193 179 180 189 190 191 192 193 194 194 195 196 199 205 207 200 197 202 202 202 203 204 205 206 207 208 208 208 209 210 210 210 211 211 211 211 211 175 209 208 208 207 206 205 204 178 203 180 179 174 167 169 164 162 163 173 187 185 173 161 158 157 149 171 168 166 164 163 162 160 160 159 158 158 157 151 142 146
164 164 164 165 166 168 169 171 172 173 199 178 179 170 185 197 189 186 187 188 190 191 194 193 194 194 208 203 205 207 199 194 192 202 203 203 204 205 206 207 208 209 209 210 199 211 211 211 211 212 212 212 211 172 210 209 208 208 207 206 206 178 178 174 180 200 174 167 164 158 192 162 188 186 184 166 160 176 158 149 147 151 142 164 162 161 160 160 158 157 156 156 155 154
163 163 163 164 164 166 168 169 171 172 193 176 168 181 184 189 188 179 187 189 190 191 203 193 193 194 195 201 209 206 188 200 201 202 204 204 203 207 214 221 209 209 225 211 211 211 212 212 212 213 213 213 212 167 167 210 209 209 208 208 207 206 175 171 178 201 200 174 164 161 194 164 189 186 172 162 159 156 153 147 145 148 165 153 161 147 142 140 158 157 156 155 156 156
162 162 161 162 163 165 166 168 170 171 173 180 178 183 180 186 191 187 187 188 189 190 203 192 193 210 197 201 201 197 188 200 201 203 204 211 205 207 208 208 209 209 209 211 211 211 212 212 213 213 213 213 213 170 168 174 211 175 209 208 208 207 172 166 170 202 202 178 170 164 162 169 189 187 170 164 158 178 141 134 170 167 138 162 162 154 159 155 133 154 137 140 153 155
161 160 160 155 162 163 165 166 168 170 171 174 183 177 179 181 190 189 186 187 188 189 190 205 193 213 200 194 188 194 195 186 196 206 211 204 205 206 206 208 208 208 209 211 211 212 213 213 213 214 214 214 214 214 166 170 169 165 174 209 208 208 174 167 205 163 175 201 172 167 160 168 190 188 172 174 174 160 147 146 142 141 165 135 137 141 139 158 151 151 155 153 156 150
159 158 158 159 160 162 164 165 167 168 170 172 174 176 178 181 187 193 179 187 188 189 190 191 192 193 196 186 197 198 199 194 204 213 203 204 205 205 206 220 208 208 210 211 212 213 213 214 214 215 215 215 214 214 164 174 169 164 163 171 209 209 169 164 206 157 161 164 166 165 161 161 177 174 173 184 182 179 152 142 141 143 165 163 161 137 159 158 157 157 157 155 152 157
157 156 157 158 159 160 163 164 165 167 169 171 173 178 176 178 190 197 179 186 187 201 190 191 191 209 190 186 198 215 199 206 200 201 203 203 204 205 224 209 209 210 210 211 212 213 214 214 214 215 215 215 215 215 215 214 213 212 211 210 166 172 166 168 163 162 204 160 159 162 160 162 161 162 168 176 182 180 172 175 134 132 130 133 161 161 151 159 137 156 155 155 139 157
155 155 155 156 156 160 161 163 164 166 168 170 171 180 176 178 189 189 177 185 187 188 189 190 191 190 185 197 196 197 198 199 200 201 202 203 204 205 207 209 210 210 211 211 212 213 214 214 215 215 216 216 216 215 215 214 214 213 212 211 211 165 170 169 164 207 205 204 202 200 198 195 193 159 160 170 182 180 178 160 172 132 166 163 164 161 158 161 158 129 127 136 157 157
151 153 153 155 156 156 159 161 164 165 167 169 170 176 175 176 183 181 177 184 186 187 188 189 191 185 190 195 195 197 198 213 200 201 217 216 220 221 222 218 210 211 211 211 212 213 214 215 215 216 216 216 216 215 215 215 214 213 213 212 211 211 210 209 160 207 206 204 202 200 198 196 194 158 158 161 173 180 178 171 172 169 166 164 162 161 161 161 161 159 158 157 157 157
151 151 152 154 156 154 158 160 162 163 166 167 169 171 173 175 177 179 181 183 184 186 187 189 189 191 193 194 195 202 198 199 200 218 215 217 217 216 219 228 212 211 210 211 213 214 215 215 216 217 217 217 216 216 216 215 215 214 213 213 212 211 211 210 209 208 207 205 203 201 156 160 159 191 155 157 164 181 178 176 160 153 167 154 155 161 160 162 160 159 159 158 158 157
148 148 149 151 151 154 156 159 160 162 163 166 168 171 172 174 176 178 180 182 183 197 187 190 191 192 193 195 188 203 214 198 199 201 210 209 216 207 208 210 211 210 210 211 213 214 215 215 216 217 217 217 217 216 216 216 215 215 214 213 213 212 211 210 210 209 207 206 204 155 156 154 156 155 153 185 182 159 178 176 165 157 166 164 162 160 159 158 160 158 156 158 157 157
147 146 146 148 152 152 156 157 157 161 164 164 167 169 171 173 175 177 179 181 182 185 187 205 190 191 199 189 187 196 197 216 210 206 203 206 204 205 205 207 210 210 210 212 213 214 215 215 216 218 219 218 217 217 217 185 181 183 215 214 213 212 212 211 163 150 160 207 205 203 147 151 151 149 191 188 146 148 160 169 158 151 166 135 160 164 163 156 156 156 154 155 157 157
144 145 145 146 146 148 153 155 156 161 162 163 166 168 170 173 173 175 171 180 181 186 186 188 189 191 201 192 201 196 196 198 207 206 204 209 219 221 217 207 211 211 212 205 224 215 224 233 217 218 219 218 218 218 161 163 157 158 178 215 214 213 213 212 212 210 209 207 206 204 202 199 196 193 148 186 183 180 151 158 172 169 166 164 162 161 160 159 157 161 159 159 158 158
143 147 143 144 145 146 148 151 157 156 161 164 166 166 168 172 173 175 176 180 182 183 185 187 189 191 199 194 205 195 207 204 207 208 207 207 211 209 206 202 197 213 214 214 229 228 231 217 237 238 219 219 219 219 192 180 177 179 216 215 215 214 213 213 212 211 209 208 207 205 202 200 197 194 149 187 153 154 156 163 157 150 143 141 163 164 162 160 160 161 157 159 154 158
139 144 140 141 143 144 148 149 152 155 160 162 164 166 170 170 172 173 176 177 181 183 184 186 194 190 199 193 205 204 196 202 206 207 208 199 203 210 212 213 214 208 216 230 236 216 217 217 238 234 227 231 220 220 220 195 187 217 217 216 183 179 214 213 212 211 210 208 149 160 153 152 198 149 148 187 184 154 155 161 156 151 149 164 162 163 162 160 159 162 160 158 159 157
138 138 137 138 140 142 143 147 151 157 159 161 162 167 168 168 171 172 176 176 182 182 185 186 194 190 191 183 204 203 196 206 207 206 206 197 207 207 209 229 226 216 225 233 215 239 217 218 241 240 220 220 221 222 221 196 218 218 217 217 188 181 179 169 149 149 149 162 154 160 159 156 155 196 192 189 185 182 178 175 148 152 151 164 163 162 162 160 158 160 161 157 157 159
137 137 136 137 139 141 142 145 149 151 153 158 161 165 166 167 170 171 175 177 178 181 184 184 188 189 198 184 201 203 203 205 202 203 202 202 221 207 208 220 211 213 225 215 232 235 237 238 219 242 219 220 220 221 222 211 218 218 218 217 184 172 150 165 164 163 162 153 160 160 158 159 158 156 193 190 138 136 179 176 173 169 167 139 163 165 159 159 162 161 162 156 155 157
135 135 135 139 137 140 142 144 147 149 156 158 162 163 165 168 169 170 174 176 178 180 185 194 198 189 196 192 207 206 209 197 197 202 203 215 205 207 208 207 213 220 229 231 232 233 218 219 235 235 233 239 242 242 226 203 207 218 218 196 172 157 168 171 215 166 150 150 161 158 157 157 157 156 154 190 187 183 179 151 148 170 167 166 164 166 164 159 158 161 156 156 154 154
131 133 133 138 139 139 139 143 146 149 156 158 160 162 165 167 167 170 173 174 177 179 181 185 187 203 197 201 205 200 201 192 195 206 216 203 204 226 199 195 219 228 231 232 235 218 237 235 235 236 230 235 239 235 181 166 198 219 207 183 160 170 169 216 188 167 163 163 161 159 152 158 157 157 154 152 151 150 151 151 153 170 167 166 164 162 160 159 156 157 160 160 159 159
124 131 132 132 137 139 136 140 144 148 149 151 159 161 164 165 166 169 172 174 181 181 182 189 199 194 195 202 195 193 196 193 199 213 203 204 205 211 195 205 224 228 230 231 235 237 219 220 221 221 222 240 236 225 225 171 196 210 193 182 162 171 185 216 199 170 166 160 162 161 162 159 159 164 163 157 152 149 180 148 149 170 167 165 165 164 162 160 160 158 161 160 160 159
122 124 131 132 137 139 139 139 143 147 149 150 158 161 163 164 165 172 170 172 174 177 185 183 187 195 191 199 190 193 198 202 217 202 203 204 221 202 202 221 225 226 227 231 233 234 238 220 244 221 244 245 242 245 224 223 226 201 166 162 153 177 177 216 170 168 153 166 161 161 159 155 155 155 158 153 151 185 181 177 174 171 168 166 164 164 163 161 161 160 159 157 160 155
122 123 127 130 131 138 140 141 138 146 148 149 158 160 162 164 170 167 169 171 175 177 180 184 187 189 189 191 193 199 197 199 200 201 203 204 203 199 216 225 212 227 230 230 230 232 236 240 242 221 242 246 245 246 222 239 204 161 162 161 162 162 157 173 171 168 164 161 157 161 156 158 203 200 196 192 151 150 148 177 174 171 168 166 164 163 163 161 160 159 159 160 157 155
120 123 125 127 129 131 133 140 138 144 146 148 156 157 159 163 162 165 168 170 173 175 178 183 186 189 190 198 199 205 197 198 213 212 215 202 199 210 221 223 228 230 228 230 232 234 235 236 239 239 240 244 244 240 223 172 169 167 164 163 163 164 167 174 175 173 174 171 168 164 162 165 163 157 153 152 153 152 149 178 175 173 169 167 165 164 164 163 161 160 159 160 160 156
120 122 122 121 128 129 130 133 136 141 145 146 154 154 157 160 165 167 167 167 172 175 177 183 186 188 189 191 200 204 196 204 203 211 207 195 205 217 218 220 222 222 229 235 240 219 239 236 237 236 238 237 231 223 210 189 172 168 163 163 163 166 170 174 174 173 173 174 171 168 168 168 168 167 162 157 159 186 183 153 176 174 170 167 165 163 163 163 162 162 161 159 160 158
116 118 122 124 126 128 130 132 134 137 142 144 151 152 155 158 162 164 165 166 169 175 176 182 180 187 187 189 191 192 197 200 199 209 198 199 213 219 208 214 211 225 235 215 216 218 219 236 233 230 231 226 222 216 210 205 189 179 173 168 169 172 174 175 174 174 174 172 170 169 167 165 163 164 165 163 165 166 184 180 177 175 171 168 165 163 163 163 161 162 162 159 162 161
118 120 121 123 121 128 125 127 133 135 139 141 143 147 149 157 159 161 163 164 169 174 178 176 178 185 186 188 190 192 190 196 209 204 196 206 216 207 209 213 211 230 213 235 234 229 227 232 231 229 227 222 218 212 207 205 203 199 187 176 174 178 180 176 173 175 175 173 170 167 165 163 162 164 165 164 164 187 183 180 177 175 172 170 167 165 164 163 162 162 161 160 159 163
117 119 120 122 123 126 130 130 133 128 137 138 141 144 147 150 159 156 160 163 166 174 178 175 182 181 185 187 190 190 191 195 198 200 205 216 205 210 205 216 211 212 228 227 225 223 224 228 230 229 225 219 212 210 206 202 204 202 199 186 177 178 182 179 174 173 172 171 170 168 168 166 166 166 167 167 191 188 184 180 177 174 172 170 167 166 165 165 163 164 160 158 164 163
117 118 119 120 121 124 126 128 134 133 135 136 138 141 145 154 156 155 160 163 164 173 177 173 176 177 185 186 188 187 190 195 199 201 202 214 204 203 209 220 211 212 230 229 225 220 219 226 227 222 220 212 208 208 206 202 201 200 199 190 182 181 184 182 179 176 172 170 170 173 172 168 167 166 166 166 191 188 185 181 178 175 171 169 168 167 166 164 168 167 165 161 158 164
116 117 118 123 121 123 120 127 133 132 134 131 133 140 143 153 154 155 160 162 164 173 175 178 173 177 185 185 186 186 190 196 198 200 201 206 203 204 217 210 211 212 226 224 218 214 216 223 219 216 217 209 206 207 206 223 199 197 222 191 221 184 219 187 184 182 178 172 170 172 175 169 166 164 198 195 191 188 185 182 179 177 174 171 169 168 171 166 169 168 168 166 166 165
116 117 118 118 119 121 124 126 128 130 132 139 135 134 142 143 145 155 153 161 165 170 173 175 173 179 182 183 185 187 191 195 193 198 200 201 201 206 209 226 211 224 222 217 214 215 219 219 215 215 215 210 223 223 223 223 222 222 221 221 189 220 188 219 185 183 182 177 170 168 174 175 170 166 198 195 192 189 186 183 180 177 176 172 170 169 172 169 170 169 167 166 166 166
115 116 117 118 123 118 121 124 126 128 129 130 132 136 139 142 144 147 150 160 164 161 172 174 176 178 178 182 186 185 188 192 193 195 199 200 204 206 209 210 211 218 218 217 218 220 221 216 215 217 215 211 223 223 223 223 223 222 222 221 221 190 189 189 218 187 180 180 173 169 171 177 177 174 169 195 192 189 187 184 181 177 175 173 170 175 173 172 171 170 168 167 167 166
114 115 122 125 122 122 122 123 124 126 128 129 131 134 136 139 142 145 148 158 156 159 171 173 174 174 177 183 186 182 186 190 192 198 198 200 204 207 208 210 216 214 219 221 224 225 220 215 216 218 215 213 211 224 223 223 223 222 222 221 221 196 191 192 194 194 183 182 179 170 169 173 174 171 199 196 193 189 186 185 181 178 176 173 171 176 174 173 171 170 169 168 167 167
114 119 115 117 124 121 124 120 122 124 128 128 129 132 135 138 141 144 145 149 153 165 168 170 169 170 178 185 186 184 184 188 191 194 197 201 204 206 208 217 210 215 223 224 226 224 216 214 215 219 218 215 223 224 223 223 223 223 222 222 221 221 190 193 196 196 217 187 187 176 169 167 204 202 199 196 193 190 187 185 181 179 177 175 173 171 175 174 172 171 170 169 168 168
113 120 118 115 123 116 124 127 120 122 125 127 127 135 130 136 140 142 143 154 151 163 166 168 166 167 179 184 185 183 185 190 193 194 196 201 204 205 207 208 210 217 221 222 224 218 219 214 218 222 222 216 223 223 223 223 223 223 191 221 221 221 191 193 218 217 217 190 188 181 175 172 171 202 199 197 193 190 187 185 183 180 178 176 175 175 173 175 174 172 171 170 169 169
113 113 119 119 114 115 117 118 118 120 123 125 126 128 130 133 138 140 142 145 149 152 164 166 166 168 180 183 183 182 184 187 191 193 198 201 204 206 207 209 211 218 220 221 216 213 218 217 220 221 220 222 223 223 223 223 223 223 222 222 221 222 220 219 218 218 217 217 184 181 179 180 205 202 200 197 194 191 188 186 183 181 181 179 180 178 177 176 174 173 172 171 170 169
112 113 112 119 119 114 116 118 118 122 121 124 125 126 135 131 135 138 140 144 147 159 163 158 168 171 179 181 178 178 184 186 190 195 200 202 204 206 208 210 211 213 223 215 216 218 219 217 218 217 222 223 223 223 223 223 223 223 223 222 222 187 182 182 182 217 216 216 174 170 174 206 205 203 201 198 195 192 189 186 184 183 186 183 181 179 177 176 175 174 173 172 171 170
