examples/cougarCreek-fire/createInputs/farsite/7a-cougarCreek-polygonIgnit/cougarCreekFire_08-11-2015_2300_217m_non_neutral_stability_vel.asc
ncols	146
nrows	140
xllcorner	610065.000000
yllcorner	5095217.000000
cellsize	216.586807
NODATA_value	-9999.000000
[rows 0 to 33 of 140, columns 0 to 76 of 146]
7.13 7.34 7.60 7.64 7.60 7.81 8.03 8.23 8.46 5.92 8.73 8.90 9.02 9.09 9.35 9.66 9.81 10.06 10.39 10.66 11.08 9.79 11.96 11.93 11.75 11.85 12.24 12.62 12.91 13.04 13.03 13.18 13.58 13.80 13.93 14.18 14.39 20.39 16.29 14.57 17.00 17.13 14.91 17.78 17.78 17.88 15.48 15.71 15.87 15.81 15.71 15.60 15.64 15.60 15.64 15.56 15.01 14.74 15.13 15.18 14.74 14.71 14.80 14.65 14.50 14.16 14.14 14.44 14.56 14.50 14.08 13.62 13.62 13.74 14.04 14.03 13.10
7.13 7.34 7.60 7.64 7.60 7.81 8.03 8.23 8.46 5.92 8.73 8.90 9.02 9.09 9.35 9.66 9.81 10.06 10.39 10.66 11.08 9.79 11.96 11.93 11.75 11.85 12.24 12.62 12.91 13.04 13.03 13.18 13.58 13.80 13.93 14.18 14.39 20.39 16.29 14.57 17.00 17.13 14.91 17.78 17.78 17.88 15.48 15.71 15.87 15.81 15.71 15.60 15.64 15.60 15.64 15.56 15.01 14.74 15.13 15.18 14.74 14.71 14.80 14.65 14.50 14.16 14.14 14.44 14.56 14.50 14.08 13.62 13.62 13.74 14.04 14.03 13.10
6.57 6.76 7.05 7.08 6.98 7.16 7.36 7.59 7.87 8.08 8.24 8.46 8.55 8.56 8.80 9.11 9.27 9.53 9.86 10.14 10.61 9.64 11.95 11.91 11.58 11.62 12.01 12.48 12.81 12.88 12.82 12.93 13.42 13.74 13.90 14.23 14.55 14.64 14.56 14.64 14.88 14.92 15.03 15.31 15.63 15.70 15.49 15.78 15.98 15.83 15.75 15.69 15.77 15.76 15.80 15.60 14.89 14.76 15.28 15.33 14.85 14.78 14.92 14.77 14.49 14.10 14.28 14.69 14.76 14.47 13.78 13.36 13.51 13.80 14.21 14.02 12.87
6.10 6.24 6.50 6.53 6.40 6.54 6.71 6.95 7.28 7.59 7.88 8.17 8.24 8.14 8.29 8.51 8.70 9.03 9.39 9.69 10.21 9.62 11.99 12.06 11.69 11.54 11.77 12.31 12.72 12.68 12.62 12.63 13.16 13.66 13.87 14.25 14.71 14.97 14.87 14.80 14.96 15.06 15.25 15.42 15.73 15.83 15.51 15.84 16.09 15.88 15.71 15.66 15.78 15.83 15.82 15.42 14.73 14.90 15.35 15.41 15.15 14.85 14.98 14.87 14.39 14.19 14.62 14.96 14.80 14.21 13.45 13.27 13.53 13.98 14.35 13.89 12.62
5.62 5.69 5.86 5.92 5.86 5.96 6.11 4.54 4.65 5.43 7.39 7.79 7.99 7.87 7.85 7.99 8.17 8.61 9.08 9.38 8.52 9.31 10.66 12.06 11.93 11.67 11.62 12.15 12.61 12.56 12.58 12.46 12.93 13.59 13.82 14.20 14.72 15.16 15.24 15.09 15.02 15.25 15.51 15.50 15.77 15.92 15.76 16.05 16.33 16.12 15.70 15.59 15.76 18.38 15.67 15.21 14.84 15.25 15.44 15.50 15.47 14.97 15.02 14.77 14.43 14.68 14.93 14.88 14.42 13.85 13.56 13.61 13.87 14.21 14.23 13.61 12.49
5.08 5.11 5.21 5.29 5.29 5.37 5.49 5.72 5.99 5.06 5.38 6.54 7.61 7.65 7.52 7.56 7.68 8.16 7.83 9.08 8.40 8.84 9.93 11.94 12.16 11.80 11.55 12.09 12.60 12.58 12.52 12.33 12.85 13.48 13.69 14.20 14.73 15.24 15.46 15.36 15.24 15.50 15.69 15.60 15.85 16.11 16.10 16.34 16.54 18.21 17.91 17.71 15.71 15.65 15.53 15.30 15.13 15.50 15.63 15.62 15.55 15.17 14.98 14.61 14.77 15.11 17.86 14.59 13.99 13.88 14.04 13.99 14.07 14.16 13.90 13.27 12.46
4.52 4.54 4.55 4.64 4.71 4.78 4.87 3.93 4.37 4.98 4.86 5.38 6.93 7.25 7.28 7.24 7.31 7.72 6.96 7.46 8.28 8.76 9.77 11.18 12.53 12.50 11.61 12.27 12.94 13.35 12.30 12.35 12.98 13.32 13.50 14.22 14.78 15.21 15.60 16.31 16.29 15.81 16.89 15.80 16.05 17.46 17.90 18.58 18.88 18.34 21.30 15.56 18.10 15.54 15.55 15.55 15.48 15.70 15.81 15.66 15.57 18.23 18.00 14.78 15.18 17.89 14.78 14.34 13.93 14.25 14.41 14.11 13.97 13.90 13.62 13.16 12.72
3.95 3.97 3.93 3.98 4.09 4.18 4.27 3.35 3.24 3.78 4.21 4.59 5.90 7.40 8.04 6.93 7.05 7.67 7.11 7.11 8.06 8.69 9.59 10.83 12.33 12.55 12.20 12.32 12.97 13.45 12.17 12.69 13.49 13.13 13.39 14.27 14.82 15.15 15.91 16.27 16.54 16.87 16.93 16.99 17.40 18.25 18.81 19.01 19.00 22.02 18.02 17.38 15.55 15.56 15.73 15.71 15.74 15.89 15.89 15.70 18.38 18.21 14.94 15.17 15.31 17.96 14.68 14.27 14.23 14.53 14.38 13.97 13.84 13.78 13.59 13.22 12.95
3.39 3.40 3.34 3.34 3.45 3.54 3.68 3.88 3.68 3.74 4.18 4.38 4.98 6.39 7.40 6.53 7.53 7.53 6.97 6.53 7.78 8.34 6.65 8.20 11.98 12.57 12.33 12.41 12.94 13.30 12.87 12.90 13.77 12.98 13.41 14.22 15.09 15.34 15.60 16.11 16.76 17.02 17.01 17.32 17.81 17.89 18.39 18.87 18.74 18.10 17.34 17.35 17.80 17.72 17.90 15.87 15.96 16.01 18.62 15.70 17.93 15.50 15.35 15.37 18.08 17.87 17.52 16.97 14.51 14.55 14.17 13.81 13.91 13.92 13.59 13.18 13.10
2.87 2.85 2.75 2.72 2.80 1.89 2.69 3.46 3.65 3.92 4.16 4.31 6.01 5.48 6.78 7.17 7.28 7.46 6.73 5.09 5.85 8.08 8.56 9.86 10.46 12.53 12.42 12.48 12.76 13.12 12.89 12.97 13.54 13.37 13.45 14.40 15.15 15.29 15.66 16.44 17.14 17.29 17.33 17.98 18.37 18.12 18.14 18.60 18.79 18.24 18.04 17.12 17.70 17.56 16.02 16.19 16.15 16.04 18.07 15.71 15.70 15.83 15.69 18.15 17.90 17.67 17.25 16.90 14.59 14.40 14.03 13.85 14.05 14.02 13.49 13.06 13.36
2.66 2.33 2.16 2.11 2.18 2.30 1.53 2.42 3.03 3.44 3.78 4.18 4.38 6.48 6.10 6.48 6.96 6.21 6.66 6.47 5.69 7.60 8.25 9.37 8.39 14.76 16.13 15.85 12.66 13.17 12.97 12.89 13.49 13.39 13.46 14.33 15.07 15.45 16.02 16.88 17.51 17.53 17.77 22.54 22.87 21.89 18.87 19.31 19.11 22.08 21.40 20.22 16.30 15.53 16.28 16.47 16.23 17.59 15.79 15.82 16.06 17.30 18.52 18.13 17.71 17.45 17.50 17.26 14.58 14.26 14.03 14.01 14.04 13.95 13.43 13.14 13.75
2.02 1.86 2.11 1.96 1.93 1.62 1.85 1.79 2.57 6.12 6.41 3.90 4.30 4.42 5.14 5.63 5.60 6.66 6.35 6.54 6.31 7.72 7.57 8.93 10.81 13.04 16.63 15.71 15.40 13.03 12.76 12.87 13.44 13.37 13.60 14.31 14.97 15.64 16.32 17.12 17.83 20.64 20.81 21.82 22.91 23.04 19.54 19.62 22.22 21.85 20.68 16.54 14.99 15.97 17.05 17.84 17.69 17.60 17.06 16.03 16.39 18.78 18.41 18.09 17.98 15.16 14.83 14.66 14.56 14.15 14.07 14.13 14.03 13.87 13.50 13.44 14.08
1.72 1.49 1.20 1.74 2.00 1.98 1.21 1.29 1.69 2.49 6.41 6.98 6.97 4.29 4.68 5.22 5.92 5.94 5.67 6.26 6.80 7.86 8.53 6.21 10.21 9.43 16.67 15.48 15.80 17.06 12.58 12.75 13.17 13.33 13.77 14.48 15.10 15.66 16.34 17.50 20.36 21.37 21.09 22.07 23.10 22.83 19.75 22.48 21.69 17.59 16.80 16.14 15.45 16.59 18.06 18.18 17.87 17.90 17.61 16.92 19.25 18.58 18.22 15.41 15.26 15.12 14.82 14.70 14.54 14.14 14.10 14.28 14.12 13.77 13.62 13.81 14.21
1.59 1.28 0.92 0.62 0.43 1.83 0.63 0.94 1.14 1.53 2.20 6.47 6.99 7.15 4.26 4.90 5.39 5.60 5.61 7.12 6.99 7.41 9.01 7.76 6.44 9.42 15.98 15.63 16.63 17.86 17.36 12.63 14.96 14.96 14.32 14.82 16.38 16.56 15.43 17.14 22.44 22.89 22.25 22.85 22.76 19.40 19.94 22.64 20.95 16.88 16.61 16.40 16.28 17.16 18.77 18.53 18.48 18.60 18.70 19.09 19.23 18.74 15.60 15.56 15.32 15.07 14.91 14.79 14.55 14.23 14.19 14.38 14.17 13.75 13.80 14.08 14.18
1.68 1.34 1.00 0.69 0.40 0.17 0.30 0.59 0.92 1.62 1.58 2.11 2.44 6.36 7.22 7.84 8.27 8.46 8.22 8.24 8.73 8.75 9.83 9.87 8.12 10.00 14.80 15.54 16.63 17.83 17.66 12.48 13.98 14.65 14.10 14.61 16.57 16.66 14.34 14.86 26.65 24.28 22.62 22.42 21.95 22.12 23.07 23.47 22.03 20.11 16.78 17.11 17.06 17.72 18.83 18.50 20.85 18.20 18.65 19.06 16.28 15.90 15.62 15.62 18.01 17.25 16.81 16.65 14.71 14.45 15.66 14.26 14.10 13.89 13.88 14.10 14.11
2.05 1.71 1.41 1.14 0.92 0.76 2.82 2.93 2.72 2.31 2.07 2.30 6.47 5.75 5.96 7.64 8.78 8.86 8.49 8.69 9.37 9.42 10.11 10.95 9.81 10.19 13.77 15.62 16.68 17.76 16.80 14.68 14.68 14.83 14.15 15.17 15.63 15.86 16.18 18.54 25.94 24.74 23.51 22.97 23.16 24.37 24.96 23.76 21.98 19.44 16.84 17.92 20.60 20.84 18.78 19.02 21.48 17.84 20.62 18.87 18.84 18.47 17.85 17.55 16.94 16.83 17.26 14.84 15.00 14.67 14.16 14.00 14.03 14.06 13.93 13.95 14.00
2.38 2.06 1.78 1.53 1.33 1.19 1.11 2.99 3.27 3.00 2.63 2.68 7.93 7.86 5.88 4.78 5.15 8.50 8.09 8.08 9.45 9.62 10.35 8.07 10.55 10.59 13.16 15.52 17.69 17.52 15.46 13.84 15.02 15.05 14.63 15.18 14.78 15.12 17.31 21.11 23.43 24.15 24.18 24.22 24.99 26.26 24.94 23.17 21.12 19.29 17.44 22.11 22.23 22.31 22.04 19.69 18.33 20.57 18.12 18.60 18.73 17.88 17.25 17.40 16.97 17.80 15.08 16.76 15.24 14.70 13.95 13.89 14.06 14.17 14.04 13.82 13.80
2.55 2.27 2.01 1.80 1.62 1.50 3.27 3.12 3.45 7.46 3.01 2.82 7.55 8.43 6.11 4.04 3.77 5.01 5.84 5.83 7.63 7.72 10.59 12.90 11.82 10.93 13.48 15.48 16.78 15.69 14.36 14.11 14.37 14.29 15.09 14.48 13.75 14.98 17.90 21.79 23.04 23.66 23.75 23.77 25.09 25.95 24.78 22.68 21.08 20.67 22.42 22.11 22.13 22.21 23.34 19.33 18.01 20.10 18.26 18.14 18.12 17.82 17.93 18.09 18.08 15.55 15.01 18.08 18.09 14.51 13.93 13.99 14.16 14.24 14.20 13.85 13.62
2.74 2.48 2.23 2.07 1.94 1.81 1.77 3.41 7.56 8.02 3.42 3.19 7.34 7.14 7.04 6.92 6.11 6.08 6.57 5.54 6.85 7.64 7.85 11.45 11.53 11.37 13.49 14.84 15.36 15.13 14.73 14.74 13.95 14.32 14.84 13.72 12.80 14.75 18.38 21.10 22.15 22.94 23.58 24.22 24.57 25.22 24.69 22.85 21.32 22.53 21.67 21.71 21.82 17.95 23.06 21.92 17.35 17.74 20.76 17.55 17.43 20.35 18.08 18.25 15.96 18.26 17.88 17.85 15.12 14.40 14.10 14.17 14.20 14.28 14.35 13.94 13.51
2.93 2.68 2.46 2.34 2.24 2.14 3.82 3.76 8.01 8.36 3.61 8.13 7.71 7.67 8.48 8.23 8.11 7.90 8.09 7.08 7.65 8.50 7.20 7.97 10.96 12.35 13.83 14.47 14.47 14.56 14.94 14.93 16.26 10.94 11.71 12.87 12.36 13.22 18.01 21.21 22.27 22.98 23.54 23.82 24.69 25.71 24.96 23.51 22.83 22.97 21.51 21.00 19.14 21.08 22.64 20.50 19.54 17.76 19.91 19.70 17.87 20.78 18.15 18.11 18.37 15.55 15.00 14.97 14.92 14.47 14.30 14.30 14.20 14.33 14.50 13.94 13.43
3.11 2.90 2.71 4.04 3.92 3.98 4.10 4.14 4.02 8.61 3.92 8.64 9.32 8.07 8.19 8.91 8.65 8.51 8.43 8.09 8.25 9.12 6.80 6.82 8.23 11.99 13.87 13.84 13.90 14.13 14.74 15.32 10.46 9.85 11.08 12.38 13.44 12.29 17.21 22.87 23.98 23.75 23.02 23.29 24.28 25.67 25.17 23.78 16.16 22.44 21.69 20.48 20.27 22.41 20.17 17.68 18.24 20.71 20.31 19.87 20.20 20.64 17.53 17.65 16.18 15.59 15.03 14.82 14.75 14.51 14.42 14.40 14.23 14.39 14.54 13.88 13.43
3.26 3.12 2.96 4.26 4.17 4.29 4.42 4.37 4.33 9.17 8.75 8.98 9.18 9.62 7.51 2.32 7.75 7.89 8.61 8.06 7.94 8.81 8.04 8.05 8.66 10.79 12.71 13.01 13.37 14.00 14.50 15.78 9.70 8.91 10.43 10.30 14.25 12.20 18.53 23.76 24.19 21.06 23.25 23.50 24.17 25.55 25.32 23.55 21.53 21.07 21.58 20.00 21.82 20.18 17.10 19.74 21.68 21.79 20.54 19.24 20.61 20.63 20.15 16.38 18.34 17.93 17.60 17.47 14.63 14.48 14.57 14.55 14.23 14.36 14.43 13.87 13.58
3.41 3.34 3.21 3.16 4.55 4.72 4.63 4.75 4.67 9.09 9.37 9.74 10.44 8.61 9.04 2.47 6.80 2.20 7.54 8.00 8.09 8.72 8.21 7.66 8.33 10.42 12.05 12.82 13.72 14.27 14.58 12.02 8.99 12.84 9.68 11.63 12.44 12.12 19.07 22.91 19.65 19.97 20.77 23.23 23.96 25.31 25.62 23.21 21.04 19.97 19.89 19.01 19.53 16.62 18.35 21.85 21.36 21.35 20.14 19.47 21.30 20.91 18.26 18.83 18.73 18.06 17.32 14.87 14.56 14.54 14.75 14.61 14.16 14.25 14.29 13.96 13.79
3.61 3.57 3.47 3.44 3.48 3.51 4.90 4.98 9.55 9.43 9.82 10.36 10.49 9.47 10.35 9.10 9.04 8.64 8.43 9.35 8.94 8.98 8.84 6.85 5.91 9.05 12.09 12.51 13.73 13.84 13.29 13.71 8.28 7.55 9.00 9.83 12.04 13.50 18.41 22.09 21.39 19.50 20.71 23.33 23.90 24.80 25.07 23.27 20.50 20.09 18.18 16.96 19.37 18.37 20.88 22.46 20.97 21.09 20.43 21.07 21.93 18.35 18.14 16.42 17.96 17.39 17.02 16.85 14.64 14.69 14.79 14.48 14.11 14.17 14.19 14.07 13.98
3.82 3.81 3.74 3.73 3.78 3.82 5.24 5.20 5.22 10.39 10.59 10.91 10.86 11.03 10.43 9.85 9.57 9.39 8.99 8.77 9.36 9.36 9.24 8.62 6.57 8.04 11.19 11.54 12.38 12.42 12.31 12.53 8.76 7.15 11.46 10.57 12.10 14.58 19.86 21.61 20.34 21.44 22.66 16.30 24.00 24.55 25.13 23.71 22.18 20.85 16.72 17.26 20.89 21.58 23.45 23.77 22.78 22.22 21.23 21.16 21.70 18.17 19.76 19.97 18.21 17.54 17.07 17.06 14.81 17.11 14.59 14.33 14.16 14.16 14.10 14.14 14.15
4.03 4.05 4.00 4.01 4.09 4.16 5.54 5.58 5.50 11.09 10.98 11.45 10.97 11.28 11.06 10.63 10.15 9.92 9.56 8.94 8.98 9.87 9.33 8.90 7.73 8.04 10.19 10.45 10.61 11.61 13.64 9.21 8.20 12.54 7.92 9.64 13.12 16.52 21.56 19.21 17.24 21.37 21.92 22.25 23.31 18.00 25.68 17.67 22.29 20.00 16.30 18.44 22.76 22.19 24.30 24.64 23.81 16.38 21.48 21.08 21.33 17.88 20.30 22.22 18.86 17.93 17.83 17.70 17.58 17.53 17.37 14.30 14.24 14.19 14.08 14.16 14.16
4.26 4.29 4.25 4.29 5.85 5.82 5.97 5.83 10.94 11.47 11.84 11.74 11.34 10.79 11.31 11.26 10.65 10.42 10.10 9.62 9.41 10.12 9.66 9.02 7.87 8.08 9.65 8.77 9.25 10.68 11.30 10.90 11.68 11.40 10.59 11.16 14.30 17.76 20.34 20.00 19.65 20.60 21.37 21.67 22.49 23.67 24.40 23.53 21.47 19.29 16.89 20.20 22.19 21.97 23.68 24.10 23.12 21.94 21.17 20.91 20.98 17.86 18.10 21.67 21.66 21.62 18.63 18.09 17.58 17.45 17.37 14.35 14.31 14.25 14.17 14.11 13.99
4.51 4.54 4.51 4.59 6.28 6.33 6.41 6.42 11.15 12.01 11.99 12.31 12.31 11.22 11.65 11.59 11.23 10.98 10.51 10.15 9.84 10.36 10.17 8.86 7.83 7.74 9.50 7.81 8.49 9.61 7.58 7.93 10.09 10.16 10.33 11.77 15.72 18.73 19.44 19.77 19.59 19.73 20.73 21.32 21.84 23.01 24.09 23.30 22.07 18.70 17.52 21.11 22.07 20.17 23.42 24.10 22.49 21.16 20.74 21.31 21.81 22.02 22.67 22.70 22.43 22.01 21.36 18.22 17.60 17.29 17.20 14.42 14.32 14.33 14.24 14.00 13.82
4.76 4.81 4.80 4.91 5.06 6.58 6.67 6.71 6.69 12.31 12.40 12.46 12.79 11.72 12.07 11.81 11.36 11.40 11.14 10.67 10.48 10.76 10.70 9.53 7.75 7.38 8.92 9.21 8.64 8.96 3.86 6.44 9.73 10.82 11.64 13.82 16.31 17.90 18.91 19.73 19.73 20.37 21.01 21.57 22.13 16.37 17.38 17.10 22.03 15.91 18.53 22.52 21.57 19.73 25.85 24.10 22.52 22.05 21.89 22.08 22.61 22.59 22.52 22.46 22.11 21.77 21.28 18.36 18.03 17.71 17.53 14.48 14.35 14.38 14.22 13.93 13.79
5.03 5.11 5.12 5.21 5.35 6.85 7.06 12.20 11.78 12.49 12.72 12.58 12.83 12.70 12.38 12.24 11.86 11.82 11.60 11.14 11.02 11.12 10.85 10.25 8.56 7.68 7.83 9.55 9.72 5.86 5.33 6.35 8.96 10.90 11.97 12.43 13.74 16.66 18.59 19.56 20.09 20.81 17.70 14.76 15.18 16.01 16.51 22.69 16.41 16.80 19.09 22.50 22.06 23.64 26.55 23.69 23.20 22.94 22.01 21.60 22.14 22.51 22.49 22.19 21.81 18.65 18.55 18.45 18.21 17.96 17.76 14.61 14.49 14.44 14.20 13.92 13.82
5.34 5.41 5.41 5.51 5.67 7.19 7.19 7.28 13.09 13.45 13.91 13.83 13.37 13.25 12.81 12.51 12.37 11.74 11.57 11.16 11.28 11.06 10.83 10.09 8.95 8.23 8.37 8.83 10.31 8.58 7.42 6.51 7.28 8.23 11.88 11.80 12.32 15.46 17.99 17.14 15.80 16.45 13.81 14.30 15.04 15.79 21.51 18.11 16.88 17.55 18.79 20.85 25.75 26.73 25.13 23.53 22.67 22.39 21.63 21.11 21.73 22.38 22.27 21.98 21.73 18.61 18.32 18.13 17.85 17.56 17.18 14.79 14.65 14.49 14.20 13.88 13.78
5.66 5.73 5.70 5.81 6.01 7.42 7.57 7.70 13.24 13.86 13.52 14.32 14.39 14.27 13.51 13.05 13.09 12.70 11.95 11.53 10.93 8.80 9.87 9.67 9.21 8.96 9.09 9.39 10.79 4.65 9.98 7.15 5.66 5.66 8.60 10.11 12.93 13.80 14.72 13.51 15.39 16.06 13.25 13.97 14.84 15.58 15.55 19.23 16.60 17.61 18.45 20.63 27.68 25.29 22.72 22.31 22.33 21.71 21.20 20.80 21.54 22.09 22.34 21.86 21.73 21.76 18.67 18.49 18.17 17.95 18.00 18.04 17.81 17.67 14.30 13.93 13.74
5.87 6.04 6.02 6.07 6.28 7.74 7.95 7.93 13.37 14.04 14.09 14.06 14.79 14.21 13.97 13.95 13.63 13.64 13.30 12.60 11.90 10.10 8.92 7.94 9.34 10.21 10.42 10.46 11.39 7.69 10.89 5.82 3.00 3.41 6.49 9.83 13.52 14.63 13.06 16.11 14.66 15.61 13.01 13.85 14.60 15.43 15.73 20.55 15.81 16.97 18.29 20.48 25.46 24.10 21.79 23.65 23.76 22.16 21.36 20.96 21.23 21.53 21.92 22.17 22.41 16.08 22.07 15.59 21.38 21.32 15.25 20.44 18.15 14.71 14.51 14.08 13.69
5.96 6.26 6.83 6.36 7.69 7.96 8.25 8.43 13.79 14.29 14.35 14.94 14.63 14.57 14.76 14.63 14.41 13.60 13.36 12.98 13.01 12.50 11.52 10.18 9.46 9.99 11.28 11.32 11.31 11.60 3.02 4.49 2.15 3.67 6.30 10.43 14.20 14.24 13.35 14.56 16.25 15.28 12.93 13.81 21.38 21.31 21.57 20.61 15.29 16.18 17.68 16.94 21.28 28.02 26.52 26.91 24.07 21.90 21.65 16.47 21.69 21.77 22.20 15.94 16.11 22.27 15.85 21.32 20.77 18.54 18.52 17.82 14.83 14.84 14.62 14.11 13.60
