examples/cougarCreek-fire/createInputs/farsite/7a-cougarCreek-polygonIgnit/cougarCreekFire_08-12-2015_1000_217m_non_neutral_stability_ang.asc
ncols	146
nrows	140
xllcorner	610065.000000
yllcorner	5095217.000000
cellsize	216.586807
NODATA_value	-9999.000000
[rows 48 to 95 of 140, columns 0 to 95 of 146]
329 343 3 12 2 13 24 27 43 40 49 53 57 61 66 53 53 57 69 65 60 43 34 40 49 56 68 73 71 70 66 61 66 49 53 59 9 359 356 354 359 4 0 5 322 300 281 290 276 268 277 297 309 311 303 300 297 292 287 286 286 284 277 269 263 256 251 249 263 260 253 254 253 253 254 249 251 213 246 226 223 258 182 143 89 74 71 75 83 99 119 134 10 120 19 26
327 336 351 358 1 16 31 47 50 49 51 57 61 64 52 58 53 52 48 53 57 41 37 49 48 54 64 66 70 76 65 67 66 58 52 57 31 355 353 353 20 344 360 358 0 315 334 319 310 306 308 312 318 319 315 307 295 287 280 276 276 277 277 271 269 263 259 255 259 260 257 254 254 253 253 251 250 246 216 219 219 227 188 179 129 90 79 75 76 78 93 116 129 7 18 21
326 332 345 359 20 49 57 52 51 51 63 72 72 68 55 44 46 44 43 52 54 46 43 39 37 43 54 64 74 76 60 66 67 56 47 55 28 357 358 355 356 343 330 336 344 346 335 328 320 312 310 312 315 314 308 294 283 279 276 273 266 269 274 273 270 264 256 250 247 246 247 246 246 252 254 244 230 235 226 238 176 169 180 183 166 147 108 83 76 76 83 94 103 110 112 107
321 331 349 20 48 48 45 47 51 59 67 54 70 60 62 37 43 42 46 52 50 48 45 29 32 44 60 73 79 75 57 65 67 52 44 54 14 4 3 1 357 342 322 314 326 327 312 312 307 298 290 293 302 311 312 295 285 279 273 271 269 274 263 266 263 258 271 257 268 270 265 267 263 260 266 221 225 224 214 260 175 173 173 171 251 177 167 135 105 86 76 77 79 84 93 98
317 331 358 31 36 39 46 48 48 61 69 56 36 35 33 34 39 44 49 51 48 51 53 57 34 59 71 78 77 62 53 63 65 52 45 47 17 11 8 4 2 349 325 303 304 301 300 287 287 285 283 283 290 309 319 321 306 286 278 272 265 270 270 254 250 245 246 244 263 265 239 238 231 220 215 215 211 209 209 199 251 180 173 164 164 206 253 168 160 136 102 87 83 83 86 92
319 340 16 28 32 31 35 38 45 59 50 66 19 26 37 38 39 52 55 54 51 49 51 33 48 64 70 67 62 55 46 54 65 53 58 40 29 25 23 27 17 5 334 304 296 293 291 291 294 293 279 282 283 291 304 308 301 282 277 272 263 261 262 262 262 265 241 259 254 257 263 263 258 254 252 252 253 232 249 204 200 190 281 245 227 169 168 171 174 165 145 124 109 95 88 87
314 336 14 14 11 14 33 46 50 53 60 54 19 33 51 51 49 62 64 62 55 49 45 37 45 56 56 54 59 56 40 56 66 54 56 34 18 15 27 26 11 7 4 328 287 278 278 277 273 274 279 297 280 282 285 281 269 264 267 264 256 254 255 257 263 270 266 258 254 254 256 259 258 210 244 236 231 206 244 262 264 262 243 193 175 224 164 224 167 170 156 295 128 114 96 86
295 322 0 4 0 12 42 50 30 24 46 44 26 37 51 55 55 66 68 61 55 47 42 41 49 50 51 56 66 57 39 59 65 56 43 34 23 35 27 14 11 12 12 30 6 307 265 265 270 274 274 271 296 274 280 273 258 252 260 258 255 268 255 232 230 230 254 265 227 216 213 208 222 252 210 210 246 260 216 218 218 235 206 203 177 155 155 142 131 122 121 127 134 117 109 97
277 307 351 7 10 39 63 39 27 10 25 30 44 32 53 57 55 68 65 52 50 45 39 44 53 50 57 67 68 53 42 55 65 57 43 35 24 37 19 17 13 17 8 34 22 2 309 266 257 259 275 276 271 271 269 280 273 266 265 263 239 213 222 223 224 221 215 219 220 216 212 221 224 215 213 215 215 218 226 225 235 206 206 205 194 276 152 43 41 64 96 225 102 194 239 94
286 300 353 21 46 73 75 20 4 8 31 54 35 32 56 60 67 84 72 41 45 42 42 53 55 50 61 70 61 45 47 61 70 70 67 53 27 32 16 13 12 12 10 4 359 20 0 348 282 257 254 260 269 270 259 272 265 222 223 218 217 219 221 221 221 219 218 220 219 215 210 208 217 211 218 225 233 242 242 231 226 220 219 239 199 200 219 206 122 116 105 277 261 233 87 208
307 307 12 36 356 72 30 17 13 27 71 64 33 56 76 86 92 103 108 76 40 39 58 68 56 56 70 71 54 44 57 67 68 67 62 52 20 28 45 15 13 8 8 5 0 22 15 9 357 326 276 259 256 262 253 230 217 220 230 228 224 220 209 215 220 225 217 217 217 214 213 204 218 228 242 252 259 261 246 241 238 236 224 220 217 223 253 185 279 151 135 108 101 97 88 337
316 322 13 330 8 52 85 11 19 55 72 59 72 98 110 108 106 105 103 97 40 48 64 56 49 66 74 64 49 52 67 69 59 58 39 54 20 16 14 28 23 10 15 8 10 3 357 349 1 358 343 314 282 265 255 249 244 238 233 229 227 227 227 226 223 219 225 226 222 212 222 232 243 254 262 264 262 260 253 251 248 263 240 232 225 251 225 230 240 255 153 133 282 282 101 283
305 316 39 48 42 82 83 18 55 73 84 102 115 122 119 118 113 105 93 79 37 42 49 44 57 71 69 58 57 64 70 60 56 55 40 36 49 14 17 19 25 12 8 5 3 6 4 19 13 9 325 326 327 315 307 297 281 269 260 248 240 237 233 230 225 233 220 220 227 236 248 261 269 269 265 263 258 260 264 265 268 267 269 268 263 261 257 250 251 259 266 296 128 284 307 321
289 342 47 33 33 100 93 50 74 91 100 112 113 126 122 117 111 100 81 67 38 38 44 56 64 68 66 64 67 65 59 53 55 53 37 28 50 16 18 17 20 13 10 7 359 1 356 353 19 342 329 318 310 307 331 333 332 328 318 303 284 266 250 237 229 228 234 246 262 273 276 274 270 267 260 261 264 262 258 255 254 255 256 256 245 209 283 276 269 261 254 261 133 305 115 107
339 26 62 35 40 41 22 83 104 117 120 114 119 123 118 112 105 90 72 8 36 40 35 43 54 62 64 66 67 62 54 53 69 50 31 25 22 19 20 23 22 16 14 14 2 360 358 350 348 337 326 315 320 337 335 340 341 341 336 327 320 312 299 285 273 271 276 283 288 286 281 274 268 265 258 261 256 252 248 247 246 243 237 223 275 270 271 273 268 264 259 252 254 255 267 306
48 59 75 84 76 86 119 137 140 138 127 116 114 117 114 106 96 73 61 17 27 32 31 36 51 56 62 67 66 60 54 66 67 44 34 22 23 17 20 23 24 12 4 14 9 2 2 358 355 343 330 326 322 339 336 343 348 348 343 333 328 327 324 320 313 303 294 289 285 281 276 273 272 269 266 255 247 242 240 238 236 231 219 273 267 257 256 262 260 258 255 246 229 225 232 211
61 66 78 104 133 142 145 148 149 136 124 110 106 109 109 99 85 4 25 21 17 29 34 37 45 48 62 67 62 57 59 51 53 36 29 22 25 24 24 26 24 16 9 6 11 5 2 3 14 354 338 321 315 323 338 345 356 359 354 341 328 325 324 320 313 303 292 282 276 273 269 264 263 262 257 248 240 236 256 255 261 268 269 271 275 273 267 266 264 257 255 257 253 261 263 260
351 58 64 79 60 74 132 133 125 122 118 108 101 100 99 93 82 353 25 19 36 44 38 30 41 51 67 74 65 63 59 45 43 35 26 24 29 26 25 32 27 21 12 0 7 2 6 4 13 18 345 327 322 330 344 346 0 8 9 356 337 325 321 317 310 303 293 282 273 267 261 257 254 252 250 242 239 243 243 240 231 215 242 243 242 247 250 253 254 252 255 231 214 235 215 74
58 62 69 43 51 51 50 71 89 101 110 109 100 93 90 91 354 356 33 21 17 63 24 19 41 57 73 77 74 70 57 40 34 32 24 24 35 23 26 44 32 22 14 3 3 358 3 0 355 23 15 342 335 349 349 349 1 14 18 9 353 340 329 322 315 308 302 295 283 271 261 273 272 253 250 262 257 263 263 257 237 207 190 230 218 169 161 165 219 233 208 178 222 259 286 49
68 57 47 31 40 41 37 42 58 76 71 101 96 89 86 86 321 3 31 23 42 65 47 18 35 58 77 80 67 53 46 33 29 32 29 27 37 27 28 45 30 27 42 47 23 351 352 350 347 14 14 340 338 336 353 348 356 12 21 18 7 355 343 330 320 312 309 310 308 295 281 277 277 254 250 252 259 256 245 233 214 268 258 258 266 265 247 235 230 205 182 246 278 149 111 84
48 40 7 23 35 40 44 37 47 63 77 87 90 89 86 85 322 15 29 19 44 44 26 30 32 70 85 85 63 46 42 37 25 33 33 31 35 28 30 44 35 44 49 46 40 34 9 354 352 350 353 335 335 338 330 340 345 3 20 26 21 11 358 328 327 316 310 312 318 320 308 293 278 266 276 252 243 229 270 265 243 197 191 223 238 256 256 242 173 182 188 229 240 256 256 207
42 38 35 24 43 47 43 42 49 60 69 75 83 88 59 87 323 29 25 15 38 41 39 36 35 76 88 86 54 42 48 33 25 29 31 37 38 31 30 43 44 46 34 45 38 33 10 351 344 341 343 338 339 344 350 309 337 345 15 30 31 24 13 355 337 324 315 310 314 325 326 316 294 295 282 280 284 261 223 218 215 216 200 171 165 166 162 157 172 191 190 203 217 243 294 346
49 57 358 27 53 56 51 49 55 49 67 70 77 84 88 86 325 35 26 20 28 35 47 42 55 81 88 80 46 46 56 41 24 27 30 40 36 27 29 42 45 45 46 46 41 34 353 358 351 2 1 335 340 354 347 342 311 354 357 25 31 28 20 8 352 338 325 309 313 320 328 327 309 307 301 297 293 282 276 257 281 293 326 12 25 18 1 356 359 5 0 335 318 316 325 275
6 3 353 43 54 59 57 45 48 48 50 52 54 60 85 83 330 38 29 27 26 40 59 54 72 85 86 57 37 50 54 34 23 26 33 36 32 26 30 45 42 30 47 26 44 35 32 354 349 348 358 357 346 353 347 339 330 307 338 10 28 28 22 15 5 355 343 332 311 321 325 331 313 306 303 306 309 305 302 295 313 319 305 352 359 358 354 354 359 5 5 359 355 351 345 344
5 353 346 33 49 59 59 48 48 46 50 51 70 74 77 70 336 44 32 29 25 55 67 53 77 90 79 45 43 54 50 28 19 27 43 39 25 17 31 46 41 24 46 47 45 36 354 29 10 13 6 1 347 9 351 336 347 359 330 350 19 28 24 18 11 3 357 350 342 336 323 325 314 304 302 332 324 321 322 316 303 298 310 339 348 352 353 354 357 2 4 4 317 359 356 353
341 338 12 24 49 59 61 48 45 45 50 51 76 78 74 58 341 46 42 29 36 66 68 53 83 90 58 48 63 55 39 25 19 36 50 40 21 10 30 47 42 22 43 44 29 39 32 360 1 358 11 0 349 21 3 359 350 10 354 346 4 23 26 22 15 7 2 357 352 349 323 322 322 320 316 319 331 327 331 331 312 300 305 332 335 345 351 352 351 354 359 5 7 6 315 310
1 4 10 26 53 62 49 48 45 46 52 57 62 88 78 59 341 58 60 26 54 73 62 59 88 87 52 64 64 46 28 21 20 51 51 37 16 9 29 45 48 22 22 43 45 43 37 357 0 11 354 350 350 12 22 355 358 16 4 351 356 15 26 24 18 11 5 342 338 342 347 341 339 336 329 327 334 332 333 340 327 307 302 306 333 338 350 304 306 345 350 1 8 11 305 4
343 0 25 25 35 45 50 49 46 49 61 93 60 94 86 70 346 69 65 32 64 74 62 74 91 62 51 54 45 40 30 18 42 54 42 24 16 14 28 40 47 15 17 41 44 23 40 35 356 15 357 356 357 11 21 10 352 340 339 325 356 6 20 23 20 14 8 3 334 337 349 349 344 341 341 335 333 339 335 333 332 311 298 299 309 342 347 325 303 297 342 353 2 9 312 306
351 11 12 19 32 43 53 52 48 68 74 85 93 52 89 82 19 67 52 48 64 72 76 94 61 49 54 50 37 41 34 21 45 47 29 31 7 21 27 38 40 16 11 32 42 44 9 17 354 9 4 359 359 13 13 13 354 340 344 335 1 2 13 20 21 17 12 348 2 332 343 349 348 343 349 353 334 340 342 325 321 316 346 347 313 349 327 325 315 358 349 302 352 1 8 314
348 9 11 19 32 46 58 53 49 65 69 74 77 41 82 71 38 64 55 59 69 77 85 62 24 48 53 46 39 46 40 24 46 37 23 26 4 19 29 40 28 16 15 28 38 42 21 38 356 10 10 3 5 14 13 14 354 356 21 15 336 1 8 17 22 1 358 354 343 333 334 343 349 344 353 357 346 341 347 336 329 332 323 321 322 353 333 316 318 311 359 355 303 353 1 5
2 13 14 22 35 53 54 52 55 70 73 71 71 37 78 58 50 69 64 70 84 103 86 100 98 40 45 44 40 49 54 24 32 27 16 62 2 17 38 49 16 8 17 24 31 41 32 9 360 7 12 1 3 18 20 18 352 350 354 349 335 3 4 13 22 2 20 351 13 7 0 327 335 338 353 354 358 356 346 325 339 349 336 327 325 355 356 333 330 333 322 1 360 304 338 0
360 15 18 24 35 49 53 53 52 82 64 83 50 81 77 345 76 85 75 104 106 109 56 106 99 36 44 48 40 46 49 22 18 29 12 19 50 16 46 49 21 4 8 22 40 24 31 33 4 356 9 357 357 21 32 34 31 346 6 355 18 331 357 6 18 24 21 16 12 8 4 360 355 330 345 353 355 355 348 342 331 348 347 339 327 357 356 3 5 3 3 330 319 314 307 335
8 18 21 21 33 56 64 52 56 65 93 43 89 84 76 44 75 88 99 106 108 72 111 111 112 34 45 60 44 36 46 26 19 37 13 15 11 19 51 41 17 19 2 9 25 28 28 42 43 38 358 359 352 28 29 30 27 22 19 23 22 16 10 329 9 18 21 15 12 9 5 2 0 356 327 335 348 351 345 347 320 340 355 349 329 330 356 2 5 4 339 344 339 317 3 349
9 21 25 53 38 59 64 66 54 50 89 87 90 86 73 70 87 98 107 109 68 52 113 113 118 21 55 74 40 15 43 36 34 29 13 2 9 37 48 19 16 33 13 0 357 17 26 37 42 39 34 352 358 23 22 24 25 20 19 23 24 21 16 9 352 9 18 17 13 10 6 342 3 0 354 347 344 346 351 353 351 325 352 0 346 326 329 337 349 5 332 333 346 323 11 9
15 27 29 27 45 60 64 83 55 47 84 84 89 88 80 72 97 105 115 60 58 113 115 119 123 26 73 107 34 8 37 50 36 17 11 6 14 52 45 11 21 29 30 6 353 4 23 35 42 13 14 35 26 20 19 21 26 24 19 24 1 23 19 14 5 3 14 352 14 352 8 3 355 1 357 351 331 344 345 355 357 356 335 355 4 349 330 327 324 350 341 328 349 352 327 11
25 34 32 36 52 58 70 88 51 43 84 88 88 85 36 92 97 101 109 49 48 119 118 119 350 45 74 71 37 12 44 52 15 16 21 11 41 54 25 17 38 13 12 5 360 355 14 35 44 21 2 1 23 21 22 23 27 15 9 23 25 4 19 17 11 335 10 5 15 12 9 4 355 357 340 355 328 340 341 354 360 2 319 340 360 2 353 336 333 322 335 326 329 347 351 9
28 38 35 44 54 56 86 85 46 56 83 90 41 76 72 81 96 103 67 52 123 126 130 120 119 46 62 61 46 14 28 36 359 15 24 27 48 44 26 65 65 62 350 3 6 355 6 32 46 30 3 29 23 28 30 28 28 30 26 23 24 9 20 4 17 14 2 6 0 13 10 6 341 355 344 338 333 334 337 353 339 3 5 317 337 360 355 354 353 337 325 326 8 326 336 6
29 38 39 47 49 52 61 59 46 77 81 89 89 25 58 85 56 60 52 40 121 128 145 143 4 54 64 62 48 24 9 35 8 1 25 41 44 36 51 56 60 55 41 18 13 3 9 34 44 47 5 17 34 38 35 33 13 29 28 26 26 9 22 22 348 344 355 3 5 356 352 9 333 343 343 342 340 337 326 314 318 338 342 337 334 343 346 339 352 355 337 328 330 317 5 356
24 36 42 47 41 48 57 53 53 76 81 89 96 35 50 56 58 48 115 118 123 132 150 155 19 73 68 64 54 19 10 78 25 338 19 42 31 33 59 60 63 58 44 26 22 4 6 35 43 45 14 4 356 40 35 35 31 14 29 30 30 28 24 25 357 347 356 359 1 360 9 338 333 339 342 342 343 348 334 5 359 308 328 336 338 338 342 10 10 321 331 330 13 14 12 12
24 38 46 45 39 48 62 65 67 71 78 85 94 30 41 52 58 37 107 114 123 139 152 20 37 61 69 67 57 38 57 74 15 143 351 31 21 31 51 84 73 64 56 29 38 6 15 39 34 33 22 6 8 38 37 36 33 30 30 14 6 9 25 24 358 22 360 358 357 360 3 356 348 11 10 337 334 335 342 332 317 359 320 330 338 342 354 3 11 14 15 12 10 8 8 8
26 40 42 37 41 40 46 50 63 67 74 79 84 27 33 53 54 101 107 115 126 140 147 17 49 72 91 87 62 60 69 57 17 140 326 25 16 21 136 118 99 86 79 31 46 14 12 17 34 62 30 10 50 353 23 40 13 13 34 11 9 8 4 23 355 348 354 354 352 353 357 358 350 336 13 11 10 7 4 329 328 325 323 327 343 332 338 5 10 13 12 9 6 4 4 6
38 43 37 35 43 39 43 48 64 67 73 49 78 85 34 57 49 110 110 115 129 141 141 38 79 164 154 99 58 64 154 48 24 130 148 13 19 20 144 131 121 18 101 27 49 4 358 23 45 43 37 17 53 45 18 40 17 15 16 10 2 8 4 355 350 345 343 348 343 343 349 356 2 358 349 332 336 334 8 322 321 317 3 1 313 2 4 358 6 8 8 5 3 3 4 5
42 46 38 37 45 44 47 48 64 67 71 47 72 75 30 104 45 114 114 117 130 142 7 66 167 164 159 64 51 55 56 35 25 0 137 341 32 23 147 135 123 59 113 13 38 355 349 59 78 73 46 23 54 46 38 21 38 14 31 30 359 352 26 358 356 350 338 340 332 330 331 350 10 11 11 347 345 346 333 12 8 6 5 3 4 4 2 0 2 3 4 3 2 4 5 7
47 48 37 37 44 45 48 45 66 67 70 71 71 72 76 47 38 107 113 119 129 139 32 69 164 161 71 55 56 62 39 19 14 5 342 352 39 24 152 69 71 32 123 3 27 358 46 67 71 71 63 58 346 345 359 16 22 12 10 31 4 1 353 352 354 16 349 349 339 333 330 332 6 6 358 349 346 348 346 330 329 338 331 4 4 2 3 3 357 359 0 1 3 6 8 9
37 53 36 33 38 34 48 48 43 77 79 35 76 35 86 37 102 29 108 116 124 17 51 173 159 156 36 46 67 61 12 356 357 357 352 12 42 60 77 146 67 22 125 115 114 41 55 55 77 72 64 62 349 57 50 349 11 6 9 16 9 1 357 348 347 11 11 347 342 336 333 335 4 1 351 344 336 335 331 329 327 332 340 344 339 340 339 331 359 359 359 2 6 8 10 11
38 44 49 49 34 28 50 72 48 85 50 40 83 42 42 37 44 54 105 112 119 21 55 70 158 154 40 49 48 44 15 346 357 13 28 85 168 162 151 143 142 144 130 109 103 55 53 98 86 78 76 19 356 60 49 44 353 339 2 12 11 6 349 337 338 353 353 353 338 334 330 340 0 358 350 344 341 337 10 7 4 2 2 328 342 345 338 6 0 359 333 1 2 6 7 9
36 41 47 50 30 29 50 70 74 79 87 46 45 46 44 39 44 44 108 111 122 38 45 61 163 157 49 34 10 20 26 351 22 51 178 176 171 167 151 137 140 150 145 127 116 112 110 107 96 86 83 17 353 56 46 43 334 35 341 359 9 359 339 25 15 326 338 341 336 334 327 336 355 353 349 358 13 349 332 8 5 3 4 5 2 332 330 340 4 4 329 6 10 360 1 6
44 43 28 54 31 32 63 61 70 64 51 49 51 44 45 39 35 46 108 111 126 17 48 174 172 165 39 15 163 47 180 17 47 76 182 178 173 169 155 139 142 154 152 142 128 114 106 105 100 87 78 70 59 50 47 46 39 32 25 21 354 351 336 18 16 15 11 331 332 332 328 330 348 346 349 357 7 9 11 331 7 4 327 330 330 1 337 337 337 5 11 338 8 12 10 360
