examples/cougarCreek-fire/createInputs/farsite/7a-cougarCreek-polygonIgnit/cougarCreekFire_08-12-2015_0900_217m_non_neutral_stability_vel.asc
ncols	146
nrows	140
xllcorner	610065.000000
yllcorner	5095217.000000
cellsize	216.586807
NODATA_value	-9999.000000
[rows 35 to 69 of 140, columns 0 to 78 of 146]
17.64 17.19 19.74 17.92 10.10 7.32 14.95 17.38 18.02 18.84 20.03 23.97 26.13 25.89 24.34 19.57 21.38 22.52 19.20 22.24 27.17 33.36 35.49 40.90 36.84 36.70 35.18 34.53 37.42 41.60 40.48 38.95 26.51 9.04 4.85 4.61 6.32 11.96 17.31 21.45 24.63 26.31 28.76 30.93 30.47 32.56 34.96 35.58 32.87 25.88 26.62 26.77 28.10 28.68 27.32 25.19 24.47 23.87 23.52 29.79 27.23 26.31 19.09 17.85 14.49 14.49 14.50 15.50 17.06 18.48 20.42 21.74 22.35 16.32 18.49 16.98 16.71 16.35 16.01
12.65 15.55 17.52 17.60 10.83 10.00 6.95 15.25 17.05 19.22 21.01 22.13 22.74 26.21 28.69 28.58 30.11 32.76 29.75 28.62 30.81 31.29 34.17 31.48 33.10 34.61 36.75 39.36 42.14 43.68 39.36 35.29 27.89 14.71 7.95 5.77 4.48 8.01 5.95 8.86 11.96 15.60 20.72 31.01 31.47 33.46 34.57 35.11 37.05 27.02 27.91 27.20 28.52 30.25 30.21 28.63 27.29 25.77 24.91 24.98 23.53 22.04 20.90 26.12 19.47 16.14 17.28 19.17 20.62 24.60 21.34 20.85 17.20 11.52 8.07 8.43 8.81 8.28 9.16
15.54 16.04 15.60 16.96 18.84 14.61 13.52 15.96 17.15 17.43 19.24 20.66 20.52 22.49 23.36 25.65 29.57 32.01 33.10 30.23 28.19 28.62 31.92 36.24 32.70 30.44 37.00 40.28 45.89 48.97 44.80 28.78 22.70 18.82 14.70 14.75 13.08 12.16 14.18 17.11 11.08 20.16 17.67 22.97 25.85 18.95 19.99 30.25 36.59 36.30 35.65 28.66 29.60 30.10 29.93 30.79 29.42 27.90 26.21 25.85 25.09 23.28 20.49 18.38 16.91 16.08 16.30 16.94 16.98 16.70 16.16 15.54 21.16 12.68 10.83 9.38 8.48 7.69 6.88
4.89 5.64 12.39 15.67 19.01 18.10 8.62 6.00 18.45 17.30 21.28 18.95 18.89 17.89 18.88 20.54 21.73 25.57 31.73 34.51 32.06 28.10 30.79 36.13 37.03 34.71 38.56 43.76 48.57 53.52 53.46 38.27 14.62 10.20 10.78 12.77 11.95 7.63 7.76 20.87 22.16 22.50 12.24 14.94 16.36 17.52 18.68 18.47 32.75 34.08 39.10 36.70 37.86 31.07 30.85 31.81 31.36 31.05 27.88 26.98 27.29 26.69 24.63 22.66 20.03 20.14 17.82 16.49 14.64 12.85 10.54 8.18 9.47 11.80 12.29 11.24 10.34 8.98 6.90
6.26 12.43 16.10 16.90 18.34 20.85 6.41 17.28 15.43 18.19 18.25 18.21 19.60 17.58 18.00 18.88 20.44 23.14 27.62 32.57 32.55 31.22 31.11 36.21 35.81 34.73 37.76 42.76 52.05 54.74 59.21 45.97 21.74 5.03 5.36 7.97 9.39 11.32 13.73 5.71 6.70 21.85 11.83 14.37 24.19 30.42 32.93 34.01 34.86 36.73 37.82 38.66 37.69 38.96 40.56 34.80 33.52 31.00 29.30 27.95 25.98 24.70 24.73 24.88 24.45 24.10 22.89 19.41 16.91 14.73 13.05 10.93 10.10 9.49 8.71 8.95 9.17 8.45 8.16
10.05 17.20 18.74 20.56 8.55 8.05 6.79 17.13 15.88 15.77 18.39 18.04 19.23 17.54 17.96 17.27 18.84 21.04 22.82 28.15 34.31 36.02 33.77 33.56 32.39 32.45 35.05 41.87 46.21 54.86 61.12 48.58 26.08 11.31 5.49 5.29 5.08 9.67 17.75 10.87 10.99 13.28 15.68 13.57 15.57 17.28 19.82 22.56 22.90 35.88 37.00 36.86 38.56 37.89 26.01 27.57 40.99 39.81 24.91 38.67 36.18 25.82 24.26 25.82 25.83 26.38 24.58 19.48 16.88 15.77 15.01 13.88 13.40 12.23 10.04 7.86 6.85 5.40 6.85
8.64 8.51 15.29 18.28 7.95 7.66 6.56 16.30 15.72 16.98 17.99 18.29 17.35 15.18 15.64 15.59 17.23 18.99 20.64 26.94 33.70 36.77 36.22 30.05 28.14 30.46 37.16 40.90 41.83 53.93 63.53 52.96 29.19 13.91 5.60 2.45 5.23 9.74 14.90 19.62 17.75 19.12 22.74 25.45 28.49 26.72 21.96 22.90 30.15 31.12 33.52 31.40 26.25 33.46 35.87 36.37 34.10 33.00 25.63 25.80 31.60 26.30 26.43 27.92 27.33 25.98 25.46 26.42 24.95 23.93 22.51 19.48 13.46 14.43 14.26 13.37 8.35 6.30 3.68
8.47 15.19 17.00 16.51 17.93 7.23 16.53 15.71 16.23 16.76 17.44 18.40 17.85 16.31 15.08 15.30 16.29 19.02 22.16 24.48 30.25 36.95 35.07 28.75 27.86 29.71 37.10 39.97 42.03 52.14 64.79 62.42 48.01 28.47 15.81 7.79 5.68 9.11 12.71 17.77 20.17 18.80 20.44 23.92 30.05 32.91 34.11 34.00 33.19 24.64 33.18 32.08 27.93 29.11 30.59 27.49 27.18 27.74 26.58 28.67 25.60 27.89 31.47 35.70 26.26 21.58 19.80 18.60 17.18 14.86 15.43 17.06 17.35 18.61 18.04 18.84 16.66 10.87 3.66
6.09 4.46 15.38 3.80 6.98 7.39 16.77 14.41 15.47 17.65 17.34 15.67 11.94 12.48 13.81 16.55 15.89 17.84 19.58 23.77 30.22 33.06 32.18 29.26 27.10 29.54 36.59 38.41 42.77 49.35 60.55 60.66 56.34 46.75 34.73 18.36 7.98 8.94 10.52 13.09 16.48 19.20 20.73 22.95 27.15 29.83 30.42 30.82 34.04 34.69 34.70 35.13 33.47 32.69 32.70 32.88 34.31 35.23 38.35 34.20 30.23 25.43 25.25 24.75 22.35 19.32 17.17 15.66 12.56 12.03 8.67 8.92 10.48 11.26 10.61 14.35 13.98 14.76 9.85
7.33 6.77 5.17 15.58 15.45 16.45 16.26 15.42 16.05 14.62 14.17 11.39 13.59 16.83 15.76 17.52 13.76 16.13 18.43 23.69 30.70 31.85 32.20 29.24 26.28 30.04 35.32 35.96 41.43 47.67 57.49 55.77 55.38 49.19 42.13 35.68 18.25 10.94 9.53 11.02 13.22 15.51 17.47 15.88 18.34 23.33 28.48 28.59 31.41 32.60 34.26 35.46 36.76 36.45 37.78 38.45 32.03 26.07 25.38 24.94 23.37 22.35 21.76 21.00 21.63 21.26 18.60 16.38 15.45 14.10 12.53 12.19 12.89 12.88 10.70 8.20 6.76 5.06 12.24
16.69 15.80 14.70 16.75 15.88 17.94 15.29 15.92 15.51 11.22 2.59 12.07 16.44 17.20 16.74 16.56 15.73 16.40 18.29 25.07 30.14 30.81 29.79 28.07 26.92 29.81 33.17 34.62 38.31 47.77 53.83 51.04 51.42 49.37 43.18 35.29 27.21 23.09 16.67 13.12 11.20 8.45 7.13 8.34 10.67 18.44 23.52 23.29 28.19 31.40 34.56 34.83 32.60 31.03 29.49 28.16 24.21 23.99 23.73 23.82 23.40 23.73 23.21 21.73 21.85 20.38 21.64 19.59 15.50 17.64 21.70 16.20 16.10 16.57 15.38 13.92 7.85 11.49 11.49
5.70 4.97 3.61 15.21 16.24 17.77 15.45 14.30 12.90 2.98 12.39 13.60 17.07 15.68 16.60 16.71 16.55 17.60 18.81 24.72 28.45 27.89 25.15 24.10 27.32 29.05 31.59 35.06 41.13 51.64 51.81 49.21 48.37 47.57 42.24 32.79 27.32 25.03 20.79 17.21 16.59 14.96 13.18 11.01 10.08 22.62 21.90 21.21 26.99 27.39 22.44 23.39 23.33 22.10 22.18 22.89 23.35 24.28 24.60 24.35 23.95 23.99 23.25 21.51 20.38 22.55 15.00 14.09 20.90 13.48 10.07 8.09 7.85 15.84 15.33 13.78 5.67 12.36 12.16
6.48 6.31 5.39 17.40 17.71 16.58 5.58 14.26 14.22 13.20 13.49 15.38 16.06 16.81 18.37 19.38 5.36 4.54 19.00 23.31 26.83 23.20 21.12 22.43 26.95 29.10 30.10 35.38 42.89 49.50 50.63 47.89 44.61 46.35 40.67 30.58 23.64 26.55 25.14 22.37 19.52 16.67 16.01 13.42 20.38 16.91 19.55 23.46 15.55 17.24 18.93 20.63 21.56 21.16 21.88 24.16 25.69 26.19 25.51 23.87 25.19 24.83 24.67 23.60 19.53 17.79 19.66 18.68 13.90 13.75 11.96 14.50 14.63 15.05 14.78 14.09 5.78 4.32 3.78
6.53 6.65 10.80 17.59 8.11 7.40 4.12 15.73 15.43 14.63 15.74 14.38 15.00 16.76 15.05 4.93 5.19 5.81 19.74 22.49 25.80 22.30 20.76 24.08 25.65 28.89 31.58 36.92 43.57 49.31 48.44 46.40 41.81 47.00 38.53 33.88 19.93 24.99 24.77 29.64 23.39 14.18 12.85 13.46 19.95 20.81 23.83 15.81 16.81 16.57 19.01 22.80 23.09 22.60 23.96 25.65 25.70 24.94 23.44 21.78 20.81 19.77 18.83 18.65 18.55 17.53 15.65 13.91 17.29 18.03 19.61 23.99 16.46 15.57 19.49 15.46 13.09 4.96 14.62
6.39 6.04 6.95 7.48 9.72 16.87 18.26 18.47 15.73 16.13 14.79 14.64 15.36 13.60 5.51 16.76 15.93 17.13 15.89 21.46 24.22 23.57 23.12 22.67 23.41 28.98 33.08 38.23 42.69 39.63 48.36 38.30 40.78 45.06 39.74 35.02 20.22 22.49 22.64 27.18 13.60 22.28 8.90 11.06 14.52 22.58 16.88 19.57 21.75 23.07 25.75 26.47 24.50 22.96 22.74 21.70 21.66 22.16 20.38 20.31 19.93 19.00 17.68 16.75 20.72 20.80 20.39 20.43 25.31 25.13 23.61 17.11 16.67 14.86 13.45 14.60 15.49 15.46 5.35
6.14 5.16 4.83 9.94 21.14 20.70 18.24 17.71 16.35 15.90 17.35 17.27 16.45 17.94 15.85 14.40 14.68 15.71 16.95 20.68 22.97 23.21 21.68 19.48 21.48 26.07 32.44 37.70 35.44 39.10 46.28 36.28 39.62 45.11 42.42 36.25 23.08 23.55 22.13 22.57 22.89 19.87 20.21 14.93 10.75 15.08 21.02 22.49 25.30 27.31 26.81 24.06 21.95 19.75 17.41 16.92 18.69 19.20 20.62 21.76 19.10 18.47 17.28 16.05 14.98 13.77 13.27 13.24 12.20 11.49 11.45 10.64 9.34 14.10 12.85 11.92 4.96 5.05 4.47
6.09 4.43 7.94 18.78 20.66 21.28 20.98 19.63 16.94 18.11 14.85 6.27 17.37 16.34 6.48 14.58 14.67 16.75 17.68 20.48 21.69 23.35 22.53 18.71 20.12 23.60 29.82 36.18 37.98 38.69 43.20 35.57 39.26 45.93 42.19 34.90 26.05 27.18 24.54 22.75 19.07 16.18 16.38 21.06 17.83 18.93 14.17 17.88 20.99 23.17 23.00 20.88 19.10 16.56 13.76 14.43 15.49 14.44 19.23 21.75 22.15 20.99 16.40 15.93 14.93 13.09 17.05 12.42 24.48 17.09 13.31 16.28 15.27 11.86 10.70 4.73 4.52 4.68 4.52
5.74 4.25 9.75 18.00 18.30 20.64 21.78 20.49 18.38 18.99 19.45 15.48 11.49 11.49 12.80 14.00 15.17 16.23 17.46 19.83 20.28 22.34 22.39 11.30 22.07 20.93 22.46 30.71 39.16 44.71 39.93 34.51 39.93 47.11 39.30 30.92 27.57 28.11 25.58 23.73 18.22 14.42 13.11 17.05 23.18 19.84 21.14 16.74 18.95 20.64 21.75 20.81 18.37 15.87 14.25 13.64 13.80 14.65 16.58 19.91 20.95 27.45 18.35 15.82 15.68 14.40 13.45 13.42 15.55 14.28 11.51 10.82 11.07 10.85 9.96 8.67 7.95 7.96 7.62
6.19 10.21 17.00 18.80 18.35 19.55 21.20 21.33 21.51 19.90 16.37 6.06 11.59 12.47 14.85 16.36 15.71 16.34 16.44 18.61 17.83 20.16 19.04 19.44 23.56 17.39 21.99 34.85 44.47 44.21 36.85 37.79 39.61 48.83 38.96 28.89 26.06 23.95 20.45 18.60 17.38 14.46 11.32 14.28 19.75 24.74 28.32 26.11 25.99 22.24 20.11 19.12 17.30 15.19 14.18 13.51 12.19 13.68 16.22 18.04 18.80 18.30 16.06 15.98 16.21 15.07 15.09 15.45 16.64 15.85 12.78 11.63 11.73 11.52 12.19 12.48 18.43 15.85 15.97
8.25 12.16 16.82 16.78 17.92 17.37 23.28 23.80 23.52 20.83 6.96 4.50 14.77 16.96 16.79 16.91 16.28 16.75 17.09 17.82 17.18 18.25 19.69 20.80 21.61 21.70 26.05 31.00 41.08 45.48 37.10 35.11 38.36 49.29 38.53 28.40 33.35 32.26 25.20 24.14 24.50 21.26 13.97 9.83 13.89 21.40 25.84 28.46 29.91 31.16 23.84 19.36 16.27 15.20 14.58 14.90 14.86 15.18 15.53 16.44 17.83 17.43 15.23 16.19 17.07 15.78 14.33 15.23 16.59 17.92 23.54 21.03 12.99 14.08 11.61 13.52 13.03 10.77 10.23
10.74 12.45 15.81 16.58 9.72 16.69 20.61 22.73 20.49 18.87 7.05 6.88 19.55 17.88 16.99 15.66 15.65 15.46 14.21 14.01 13.84 15.35 16.39 17.49 19.39 21.71 25.05 29.43 38.92 45.32 39.45 32.29 37.86 46.72 38.27 27.00 32.83 30.55 31.10 31.46 31.13 31.63 21.92 18.13 9.75 8.66 20.32 26.65 28.37 28.66 29.92 24.06 17.25 16.16 16.40 17.21 17.27 16.55 16.37 17.12 17.95 20.28 23.38 24.49 15.63 14.39 23.37 20.29 24.03 14.84 14.54 12.67 22.17 14.49 13.12 12.74 11.12 17.07 21.74
13.31 11.98 11.03 12.09 13.51 18.54 20.60 19.32 10.10 14.04 9.28 21.51 10.83 19.18 17.65 18.66 15.98 16.40 13.44 11.21 11.82 13.06 15.44 15.85 18.21 21.73 24.98 30.27 39.43 41.97 38.75 36.95 38.60 45.30 36.33 23.98 30.69 28.80 28.96 30.71 31.42 31.69 30.71 23.44 16.71 10.40 8.56 11.92 17.14 30.11 29.36 25.37 23.86 17.43 18.43 20.28 18.53 19.61 21.29 22.59 21.49 18.30 15.25 14.61 14.65 13.70 20.21 12.92 13.42 13.00 13.13 19.15 21.57 22.93 11.95 10.85 9.78 9.55 9.25
8.63 10.37 11.26 12.47 16.12 18.24 11.25 12.07 12.39 15.24 19.56 23.47 19.16 18.88 18.56 19.18 20.13 21.31 7.86 8.35 11.34 12.70 13.91 14.02 17.02 19.84 22.32 29.56 38.20 39.90 40.43 36.44 32.65 38.77 35.46 23.57 30.53 29.03 23.10 30.67 30.92 30.02 31.83 28.01 18.99 17.73 11.28 9.78 11.31 16.39 20.25 33.04 21.47 22.93 21.39 28.69 30.14 20.23 20.45 19.28 19.10 20.81 15.06 14.61 14.09 13.77 12.93 12.53 12.83 12.96 13.32 13.27 22.17 11.49 10.89 9.85 8.53 8.30 8.31
4.81 4.45 14.27 4.98 0.98 5.13 13.31 7.05 9.49 20.82 19.94 22.49 18.88 21.64 20.28 11.96 10.86 13.15 10.67 1.63 11.50 13.25 12.90 12.46 15.92 16.90 20.67 30.61 34.26 36.80 38.12 30.44 31.24 37.56 37.31 25.65 28.36 27.94 22.54 32.93 28.57 26.45 28.38 31.60 27.92 22.08 19.54 16.16 13.10 12.03 15.52 19.33 23.87 24.59 29.86 20.18 16.50 17.25 14.38 13.53 17.66 19.11 18.71 19.15 19.88 20.50 13.08 13.02 12.71 12.58 12.81 19.20 10.46 9.56 9.52 9.20 9.06 8.63 15.59
4.78 5.24 7.20 3.61 0.91 12.85 4.61 8.71 18.64 19.86 21.07 23.17 23.95 11.44 10.97 9.68 14.02 14.00 8.25 4.40 9.58 9.18 8.02 12.22 13.97 15.02 21.09 29.02 31.60 34.18 26.06 30.42 40.37 42.89 42.44 29.80 24.07 30.15 30.20 27.63 29.38 29.72 25.08 28.94 29.61 31.22 29.59 26.21 17.45 15.88 13.98 13.14 13.82 14.13 12.85 12.24 13.14 13.40 12.88 12.50 11.99 12.02 12.72 12.56 11.87 11.48 19.01 19.58 19.67 17.67 10.90 10.87 9.94 10.01 10.56 10.08 9.48 8.63 16.19
4.19 4.56 12.94 12.40 15.33 4.83 3.34 15.45 17.82 11.74 12.66 13.57 11.11 11.26 10.02 13.87 15.74 11.63 5.00 3.19 9.65 10.05 10.12 12.54 13.62 14.77 21.10 26.17 29.45 29.65 22.90 35.51 40.84 43.25 44.70 32.34 25.02 28.69 30.18 29.81 27.05 30.31 28.81 28.09 29.80 26.99 27.40 15.74 15.48 14.66 25.58 16.00 13.47 13.21 12.80 12.02 11.65 11.61 11.04 10.43 10.46 10.87 11.39 11.30 10.67 15.85 13.76 9.55 9.53 9.50 10.58 11.93 11.93 11.41 10.77 9.81 17.18 17.13 8.14
3.59 11.17 12.32 11.88 11.55 4.54 3.66 15.00 8.25 9.24 9.19 8.95 6.51 9.38 12.85 15.22 13.10 6.83 2.50 2.68 9.51 10.14 11.79 9.35 12.15 15.28 21.19 23.81 25.14 27.99 30.14 33.01 38.26 41.55 41.74 36.70 26.90 28.04 31.08 30.10 27.76 27.73 27.68 25.35 26.10 26.57 28.68 29.09 11.36 26.10 25.43 27.42 28.84 25.68 14.13 13.48 12.92 12.52 11.72 10.65 9.97 9.85 9.82 9.68 9.24 8.72 8.64 8.95 10.15 12.03 13.29 13.25 12.11 10.80 17.10 17.04 9.23 8.69 8.09
11.40 13.93 13.52 11.41 11.14 12.01 12.91 10.56 6.63 6.67 7.46 5.10 7.29 10.87 14.09 13.66 8.38 2.57 1.92 12.91 11.44 9.70 11.29 11.53 13.12 15.38 19.30 22.51 25.18 28.16 28.99 31.22 25.62 40.90 36.16 36.44 32.89 29.21 31.70 29.34 28.83 25.91 27.10 27.46 25.91 26.76 24.72 24.31 23.97 22.41 21.91 25.14 26.75 13.38 13.69 13.12 12.83 12.08 11.40 11.06 10.81 10.52 10.06 9.53 9.49 10.24 11.41 12.41 13.34 14.04 13.67 12.19 11.05 10.35 16.54 9.60 8.80 8.00 7.39
14.13 11.17 10.16 11.28 12.93 10.07 8.57 6.52 6.95 5.06 5.18 5.87 8.10 11.67 13.81 11.10 4.22 1.13 2.10 13.31 12.59 12.19 12.28 13.08 12.72 14.85 18.54 22.59 25.19 27.77 29.52 20.08 24.25 36.73 31.19 34.69 34.79 32.68 31.84 29.92 28.68 25.21 26.47 26.78 25.79 26.97 27.10 27.04 25.67 22.38 23.80 24.83 29.39 12.16 12.48 11.95 11.36 10.65 10.16 10.16 10.52 10.90 11.27 11.68 12.37 13.43 14.28 14.32 13.63 12.92 12.33 11.55 11.07 10.41 16.62 8.71 7.78 7.10 6.86
5.49 8.55 9.86 7.66 5.63 5.32 4.89 5.38 3.45 3.85 4.44 5.39 8.20 11.43 11.71 8.35 2.32 6.47 7.30 13.97 13.21 14.77 12.58 12.89 12.20 14.56 16.84 22.63 24.64 26.76 24.48 29.05 27.98 34.93 31.20 33.40 35.73 32.03 31.44 30.86 29.95 24.57 19.54 25.96 25.84 24.93 27.90 26.09 15.62 26.24 21.31 22.52 25.19 27.99 11.72 11.51 10.50 9.96 9.54 9.48 9.93 10.46 10.63 10.83 11.64 12.58 12.96 12.34 11.69 11.60 11.25 10.64 10.21 9.52 8.34 7.18 6.31 6.10 16.69
6.53 10.20 9.94 8.69 5.93 2.76 0.96 0.63 1.73 2.94 4.10 6.29 9.12 10.51 9.15 5.91 1.75 7.96 16.57 14.26 6.76 14.25 12.76 14.56 13.16 12.47 15.15 14.65 25.80 25.85 25.88 27.04 28.59 30.85 29.61 31.59 33.90 32.37 33.12 31.70 29.98 25.58 19.34 23.31 24.30 25.47 25.33 23.97 15.35 15.41 24.90 20.77 23.92 25.85 11.08 11.14 9.85 9.12 8.73 8.89 9.56 10.02 9.94 9.94 10.47 10.90 10.89 10.44 10.50 10.79 10.09 9.05 8.84 8.72 7.42 5.68 5.28 6.06 6.38
9.62 8.07 8.55 8.22 8.10 6.46 5.33 4.78 3.96 3.43 4.39 7.08 9.84 10.37 8.85 5.38 6.16 9.47 14.97 15.97 16.96 11.18 13.28 15.56 12.71 11.03 7.46 13.72 17.21 18.57 24.44 23.28 26.13 28.71 29.76 30.72 32.17 32.93 32.62 23.75 28.58 27.48 17.91 17.76 20.90 23.25 24.37 23.75 27.47 9.73 14.06 22.84 26.10 14.82 10.23 10.50 9.55 8.50 7.92 8.46 9.25 9.58 9.76 9.89 10.20 10.29 10.00 9.74 10.11 10.56 9.70 15.69 16.09 9.05 7.74 14.15 7.24 8.76 8.92
5.81 7.01 8.71 10.40 10.51 9.84 8.84 7.56 6.44 5.41 9.05 6.63 8.97 10.23 10.01 6.81 7.30 9.64 16.86 16.94 15.13 4.09 7.41 16.43 14.37 10.72 7.48 13.35 24.80 25.85 24.26 23.88 24.04 26.83 30.23 30.07 31.07 31.13 33.07 24.27 30.53 29.52 18.36 15.86 11.95 18.13 21.37 23.29 18.96 14.06 12.49 22.73 26.25 23.66 8.89 9.71 9.56 8.47 7.65 7.78 8.42 8.92 9.18 9.33 9.84 10.20 9.95 9.71 10.01 9.94 16.07 16.06 16.38 9.25 8.29 7.95 9.02 8.93 7.10
6.95 8.74 9.79 11.32 11.75 11.34 13.25 9.25 8.33 7.78 7.26 7.23 8.37 9.18 9.71 7.81 8.03 17.80 16.62 17.75 15.59 13.96 15.81 14.14 13.66 5.09 7.44 14.19 22.56 23.60 25.09 21.47 24.32 25.84 27.75 28.26 31.86 32.11 32.31 24.49 31.13 25.11 21.12 18.22 14.66 12.82 12.49 18.07 16.37 23.19 18.78 19.70 21.85 18.58 20.99 14.25 9.43 8.68 7.35 6.40 6.79 7.83 8.35 13.47 9.86 10.51 10.45 10.28 10.08 9.24 8.63 8.67 16.68 9.00 17.69 7.98 7.28 4.90 12.37
8.18 8.12 8.69 9.77 10.54 10.42 10.00 9.47 9.11 9.15 9.51 9.36 9.45 9.26 10.71 7.63 9.47 18.98 18.02 17.04 16.02 14.72 14.53 13.72 13.94 5.59 4.75 14.85 23.36 23.40 26.11 24.68 20.53 24.02 27.19 28.52 30.48 29.53 32.33 24.15 24.96 21.92 27.46 20.42 16.51 14.15 14.16 18.73 17.94 19.11 19.16 20.01 20.89 19.34 11.05 21.35 14.47 8.87 6.90 5.30 4.83 6.22 7.56 8.61 9.89 10.84 10.98 10.93 10.70 9.80 9.17 8.83 16.50 8.59 8.06 17.35 13.27 11.94 2.39
