examples/cougarCreek-fire/createInputs/farsite/7a-cougarCreek-polygonIgnit/cougarCreekFire_08-10-2015_2000_217m_non_neutral_stability_vel.asc
ncols	146
nrows	140
xllcorner	610065.000000
yllcorner	5095217.000000
cellsize	216.586807
NODATA_value	-9999.000000
[rows 36 to 71 of 140, columns 0 to 80 of 146]
10.55 11.07 11.69 12.37 12.50 11.55 12.17 12.99 16.43 17.22 17.86 18.02 17.64 19.39 19.36 18.10 17.53 17.75 18.17 20.44 22.87 23.00 23.34 25.05 26.76 27.13 26.99 24.31 18.79 21.72 23.12 25.10 23.53 20.34 19.12 17.59 15.78 15.19 14.92 14.55 14.05 14.52 15.93 15.96 15.81 15.51 15.48 15.81 21.82 21.88 16.40 15.93 15.02 15.95 16.52 17.34 23.53 23.78 23.94 23.82 23.71 23.57 23.42 22.25 21.64 19.95 17.77 17.87 18.85 21.78 18.14 17.96 17.47 16.69 14.84 14.70 14.65 14.55 14.39 14.31 14.25
10.33 10.78 11.36 12.17 12.71 13.02 13.07 16.81 13.39 18.53 18.67 17.55 17.13 19.44 21.09 21.38 21.38 23.37 25.36 25.13 23.88 22.91 24.13 25.31 25.80 26.38 25.14 26.58 30.30 29.45 22.62 22.32 23.51 25.24 25.51 26.00 25.00 22.80 22.28 20.96 19.61 18.52 16.94 16.19 15.72 16.06 16.39 16.01 19.44 20.22 21.52 16.87 16.97 16.59 16.84 17.50 17.60 18.03 18.86 19.41 19.79 19.96 20.17 20.41 20.72 21.17 21.51 21.54 21.38 21.18 21.23 23.86 21.08 15.95 15.57 15.15 14.81 14.60 14.47 14.42 14.31
10.35 10.75 11.30 12.00 12.51 12.87 18.98 13.11 18.34 18.48 18.19 17.86 19.26 19.67 20.45 20.33 20.97 22.59 23.09 22.37 22.15 22.54 22.40 23.70 25.08 25.05 23.37 25.20 28.94 16.90 23.00 19.05 19.97 20.75 22.06 23.66 23.35 25.61 25.69 26.01 24.14 22.76 18.26 16.89 18.59 18.69 18.32 17.27 16.53 16.19 20.82 21.49 17.08 14.92 15.00 14.82 15.00 15.40 15.64 15.88 18.84 18.94 18.93 19.12 19.56 19.87 19.80 19.60 19.64 19.78 19.83 19.94 20.18 20.51 20.22 16.98 15.45 14.95 14.57 14.34 14.08
10.45 10.94 11.43 12.16 12.47 12.79 20.35 12.93 17.46 17.58 17.26 17.61 17.12 18.51 18.69 18.99 20.24 22.09 22.72 23.00 24.20 23.30 20.46 21.86 25.42 24.40 21.90 24.84 26.31 27.36 23.20 19.93 18.38 19.12 20.85 20.54 19.92 16.08 17.32 18.92 20.11 24.71 25.87 26.55 25.55 24.72 24.07 22.96 20.82 17.53 16.80 19.51 18.74 19.75 16.82 14.32 17.00 16.94 13.97 14.09 14.27 17.26 17.56 18.09 18.23 14.62 14.15 13.98 14.15 14.39 14.50 14.54 14.73 18.60 19.19 19.60 19.87 15.29 14.75 14.24 13.86
10.07 10.58 11.22 12.38 12.64 12.72 19.13 12.88 12.85 17.31 16.96 16.39 16.16 17.43 18.68 19.27 21.06 23.07 22.87 21.55 21.54 20.54 19.64 23.80 24.75 23.83 22.32 24.39 25.81 23.18 23.63 21.86 20.09 18.64 18.62 19.07 19.12 18.70 19.64 14.46 15.17 15.87 16.25 16.50 22.13 22.92 23.61 23.28 23.19 22.72 21.98 21.52 17.39 16.19 15.77 15.58 15.13 14.41 14.16 14.25 16.39 13.81 13.95 13.93 13.45 12.88 12.52 12.47 12.60 12.76 12.81 12.86 13.08 13.30 13.47 13.64 14.05 14.55 18.30 19.10 13.97
9.79 10.23 10.74 12.09 12.33 18.05 12.88 12.72 12.82 16.71 16.54 16.75 17.07 19.17 20.63 20.53 22.67 22.51 21.25 18.44 17.85 18.49 21.32 23.86 23.35 22.03 21.94 23.46 25.26 26.39 28.14 20.50 17.79 16.19 14.69 15.20 17.77 17.69 16.82 18.88 14.43 20.39 20.09 20.15 19.90 15.29 16.01 16.68 17.30 17.78 18.07 18.38 18.49 18.66 18.72 18.72 18.26 17.97 18.19 17.72 14.32 13.60 12.90 11.97 11.23 10.88 10.88 11.11 11.43 11.67 11.76 11.84 11.93 12.01 12.11 12.30 12.71 13.18 13.50 13.73 16.29
9.47 9.75 10.17 10.71 11.83 11.36 12.44 12.12 12.78 13.00 13.26 17.07 18.21 20.94 22.04 22.43 22.48 20.28 17.77 16.80 17.54 20.34 23.93 25.90 22.90 19.92 21.28 24.34 24.68 25.24 28.67 22.94 17.75 15.31 14.55 15.76 16.98 16.46 16.00 16.36 18.87 19.80 19.60 19.01 18.32 18.25 18.57 15.67 16.11 15.20 16.90 15.10 15.02 15.26 15.25 14.81 14.17 13.52 12.79 12.10 11.56 11.11 10.49 9.93 9.67 9.76 10.19 10.76 11.24 11.53 11.64 11.55 11.39 11.32 11.53 12.01 12.44 12.67 12.71 12.86 14.98
9.58 9.73 10.00 10.59 11.77 19.08 12.21 12.55 12.80 13.02 16.94 20.12 22.97 23.11 22.80 22.55 21.37 19.82 18.82 18.31 19.78 23.47 25.06 22.51 21.61 19.95 23.23 23.92 23.75 24.29 28.95 27.13 23.25 19.71 16.67 16.21 16.17 15.85 15.30 14.44 14.42 16.16 17.38 15.41 14.42 14.94 15.40 15.61 18.20 16.06 14.45 14.14 13.92 13.54 12.85 12.12 11.44 10.76 11.64 10.06 9.81 9.52 9.61 10.24 11.12 12.29 13.17 13.53 13.48 13.32 13.28 13.01 12.83 12.79 12.92 12.85 12.73 12.85 12.86 12.90 12.95
9.90 10.14 10.35 10.67 11.23 12.82 12.35 12.60 12.85 17.59 21.35 21.89 21.65 21.77 21.98 22.14 22.25 21.88 19.47 20.05 22.16 22.23 22.19 22.68 21.21 21.40 22.95 22.82 22.47 23.91 28.32 27.27 26.83 24.77 20.63 18.37 16.75 15.36 14.66 14.53 14.08 12.89 13.46 13.60 14.48 15.64 17.37 19.00 16.35 14.86 14.07 13.26 12.63 12.06 11.50 11.05 10.57 10.22 10.33 10.76 11.14 11.72 11.24 12.62 13.74 14.50 14.77 14.39 14.20 14.10 14.04 13.79 13.47 13.29 13.23 14.76 14.09 13.76 13.48 13.31 13.01
9.64 9.99 10.41 10.71 12.26 12.59 12.92 12.98 13.08 20.90 20.14 20.51 20.19 19.27 20.69 21.93 21.16 20.14 17.37 18.04 20.50 22.30 22.69 22.77 22.10 21.94 22.25 22.63 21.56 24.50 27.34 26.19 26.61 25.99 24.00 21.98 19.79 17.88 16.50 15.76 13.17 14.50 14.31 15.14 16.35 16.05 18.34 15.62 14.11 13.40 12.55 11.58 11.16 10.94 10.87 10.71 10.59 11.11 12.27 12.06 13.17 14.41 12.47 12.57 12.56 15.29 17.43 17.18 16.15 17.25 17.98 16.74 16.46 16.49 16.27 15.39 14.18 14.20 13.86 13.47 13.03
9.70 9.96 18.20 10.45 12.17 12.46 18.84 19.09 20.66 19.20 19.81 19.67 17.91 19.51 21.11 21.11 21.09 16.02 16.25 17.04 19.25 22.20 25.09 25.35 21.40 20.75 20.72 21.10 21.12 23.65 26.50 25.58 25.75 25.76 26.14 22.44 21.52 20.51 18.98 16.17 14.61 15.15 16.02 15.26 18.78 20.26 18.39 14.63 13.23 12.10 11.30 10.80 10.89 11.20 11.36 11.78 13.12 13.97 15.79 13.52 13.37 12.50 12.39 14.86 15.34 17.16 16.76 16.15 19.19 21.80 21.17 21.74 19.67 16.75 16.70 17.70 20.46 15.42 13.65 13.42 13.03
9.65 16.61 12.29 10.27 10.70 12.72 17.71 19.12 19.35 19.22 19.67 17.97 16.92 18.29 18.46 16.18 12.96 13.93 16.24 18.07 21.82 24.56 23.97 24.24 20.95 19.70 19.97 19.95 20.72 23.25 24.92 26.22 25.49 25.43 26.11 21.77 22.05 22.99 21.35 19.82 15.25 19.02 23.65 22.70 20.69 18.58 15.17 13.94 13.12 12.69 12.83 13.01 13.90 13.65 13.63 14.87 16.64 13.41 13.98 17.85 17.75 17.33 18.62 19.73 20.60 20.52 19.79 19.92 20.49 20.08 19.79 19.45 18.13 16.36 16.90 17.08 17.79 17.42 14.71 13.01 12.84
9.35 17.79 16.97 16.98 18.67 18.14 18.38 18.79 17.55 19.08 17.46 13.02 16.27 15.76 12.87 13.46 14.48 15.28 17.79 19.95 21.22 22.59 22.14 21.84 19.79 20.14 18.33 19.70 18.95 21.06 23.76 25.51 25.90 25.32 23.66 20.57 20.69 22.15 22.65 23.08 27.98 24.54 24.51 24.10 17.64 16.16 14.49 12.23 13.85 14.69 15.96 14.28 14.34 14.64 14.41 14.97 16.85 23.89 23.63 23.35 22.86 21.56 21.21 21.82 21.51 20.75 20.06 19.39 19.09 19.18 17.47 17.03 17.79 17.95 15.91 15.96 18.76 18.06 15.57 12.53 12.57
17.11 12.26 18.01 16.96 12.85 17.83 17.02 12.37 12.61 17.34 17.00 12.82 12.78 12.97 15.65 18.87 20.57 21.65 21.36 21.00 20.66 23.61 22.87 20.53 20.61 20.65 19.67 20.15 20.01 18.69 23.75 24.37 23.66 26.54 24.34 20.16 19.36 21.72 21.64 25.98 24.41 22.54 22.61 22.87 22.80 16.95 14.55 16.50 16.74 18.32 14.87 13.96 26.52 24.67 21.31 22.46 21.83 21.45 21.53 21.57 17.52 17.56 17.43 20.63 20.56 19.14 18.78 17.69 17.17 17.17 16.83 16.67 16.48 15.02 15.14 14.86 14.72 14.37 13.37 13.78 12.20
11.84 16.37 16.36 12.75 12.93 10.37 10.76 12.17 12.59 12.77 12.35 12.31 12.71 15.82 20.19 21.18 21.19 20.74 20.26 20.13 20.13 23.83 23.89 24.05 22.24 20.33 15.86 19.07 17.03 20.28 24.91 23.74 23.87 26.49 25.30 21.38 20.12 21.49 21.41 21.03 25.23 21.06 20.99 20.10 21.00 23.12 25.04 26.42 27.59 27.88 27.23 25.49 24.42 23.94 23.67 21.58 16.01 16.10 20.11 19.98 16.46 16.53 16.53 16.66 19.86 17.89 16.80 15.51 15.21 14.83 15.04 15.18 13.78 14.89 15.34 14.05 12.13 11.20 12.71 14.34 11.92
12.09 12.35 12.66 12.51 10.28 10.68 12.25 12.51 12.58 12.48 12.33 12.71 13.35 18.29 20.14 19.87 20.03 19.97 19.89 19.77 18.78 18.70 23.29 21.18 22.86 18.81 18.32 13.58 15.65 20.76 24.19 22.86 25.47 25.96 25.42 21.99 19.98 22.26 21.51 20.07 20.17 20.23 19.52 19.42 14.29 15.03 15.75 16.45 17.70 22.67 22.64 22.60 17.36 21.61 15.63 13.03 14.90 15.08 15.11 19.02 18.62 16.03 15.87 15.71 16.42 16.42 19.16 18.81 18.44 16.94 17.23 20.39 16.71 17.32 16.62 16.74 16.74 17.06 12.54 16.08 11.65
16.57 12.54 16.94 10.13 10.47 12.22 12.41 12.64 16.05 12.59 12.89 18.41 20.34 19.92 19.52 18.81 18.64 18.73 19.04 19.10 18.57 18.75 18.50 13.40 20.65 12.74 13.16 13.96 18.73 22.94 24.81 23.21 25.25 25.31 23.34 20.97 20.81 23.41 21.12 20.78 19.80 19.03 17.77 17.62 18.83 13.74 13.54 12.23 12.46 12.76 14.77 15.35 15.74 15.89 15.74 17.51 16.97 15.34 19.25 17.97 17.65 18.21 16.06 13.28 16.13 16.42 16.62 16.75 16.50 16.31 12.92 16.46 16.51 12.30 11.77 11.61 11.41 11.23 11.24 11.35 14.94
12.19 16.47 9.92 10.20 12.44 13.30 16.64 17.03 16.60 15.70 18.87 19.24 14.17 13.78 13.44 13.28 13.07 17.46 17.86 17.97 21.43 18.40 19.16 22.01 19.43 13.92 16.63 18.98 21.52 24.50 24.88 22.89 23.44 24.41 22.01 19.95 20.12 18.86 18.31 17.09 17.90 17.14 15.94 16.21 17.05 13.36 13.41 11.82 11.61 11.52 11.72 12.20 12.90 14.95 15.44 20.93 21.47 19.43 16.26 16.38 16.16 16.08 13.26 12.95 12.53 12.16 12.15 12.06 11.53 11.01 10.90 10.92 10.68 10.51 10.57 10.62 16.67 13.64 11.11 11.22 11.40
12.38 16.96 12.57 13.15 17.82 18.11 16.79 16.13 16.44 17.00 18.83 14.15 13.90 13.59 17.80 17.31 13.15 17.22 17.57 17.31 13.35 13.49 20.25 23.16 18.49 17.45 20.10 21.28 20.38 23.46 23.10 20.85 21.13 24.82 15.34 20.64 22.63 23.80 19.68 20.15 19.93 18.56 15.53 14.25 12.18 12.13 12.47 11.80 11.89 11.97 12.00 12.01 12.24 12.72 14.41 15.00 15.33 15.50 15.78 15.66 14.92 11.63 11.13 10.73 10.32 10.29 10.47 10.29 9.93 9.83 9.90 9.86 9.95 10.29 10.62 10.81 11.01 11.05 10.79 10.59 10.66
12.31 13.73 13.13 17.30 13.33 13.81 12.78 16.14 18.54 18.86 14.41 14.23 13.97 13.93 17.56 17.27 13.31 17.35 13.24 13.36 18.98 22.19 22.26 19.93 20.22 19.57 20.34 19.32 18.31 22.74 24.07 20.66 21.13 23.85 23.32 12.86 22.59 23.42 23.64 23.82 23.44 23.63 17.73 14.36 12.56 11.73 11.59 11.57 11.87 12.22 12.32 12.21 12.09 12.03 12.15 14.07 13.54 11.10 11.01 10.68 10.19 10.07 10.13 10.06 9.97 9.96 9.76 9.48 9.58 9.99 10.34 10.47 10.46 10.31 10.16 10.16 10.09 9.79 9.81 10.42 11.05
12.74 8.89 12.67 13.27 9.64 12.55 11.65 17.26 13.94 13.64 13.36 13.67 13.69 13.68 16.98 13.27 13.00 12.76 11.75 21.11 20.84 21.52 21.63 18.59 17.79 19.16 17.94 15.91 18.13 22.21 23.05 20.98 20.19 22.94 21.16 21.01 21.43 22.43 20.90 20.93 20.89 21.58 20.33 16.75 13.18 12.55 11.28 11.21 11.20 11.58 11.97 12.15 12.07 11.89 11.58 10.78 9.87 9.50 9.40 9.42 9.82 10.50 11.01 11.26 11.38 11.12 10.54 10.34 10.65 11.01 11.19 11.00 10.44 9.82 9.46 9.32 9.32 9.69 10.58 11.21 11.16
8.79 8.80 12.67 8.70 9.05 9.62 11.94 13.33 9.94 9.67 9.71 12.92 10.62 10.62 12.52 12.37 12.04 15.13 18.67 19.83 20.10 20.44 20.08 12.44 16.96 18.55 16.33 15.96 20.48 23.03 22.24 18.66 17.84 21.52 18.95 17.90 22.18 22.32 19.82 20.74 20.69 20.75 23.30 18.75 15.47 13.24 12.28 11.88 11.90 11.37 11.47 11.81 11.97 11.79 11.17 10.27 9.81 9.87 10.07 10.33 10.68 10.90 10.98 11.11 11.19 11.23 11.46 11.73 11.72 11.46 10.94 10.27 9.81 9.70 9.92 10.33 10.83 11.43 11.68 11.56 10.75
9.10 9.20 9.02 8.94 9.29 10.55 13.65 9.95 9.66 9.58 12.05 12.55 9.91 9.69 13.58 10.74 10.09 11.15 11.31 13.32 19.92 20.17 11.01 11.36 16.77 16.45 12.04 16.62 22.22 21.47 19.26 18.23 18.43 21.68 21.91 17.25 22.00 21.93 21.98 21.47 22.46 22.00 22.39 20.23 18.57 13.88 11.42 13.99 13.52 12.31 12.35 11.79 11.65 11.03 10.54 10.24 10.36 10.65 10.91 11.06 10.99 10.76 10.64 10.60 10.54 10.68 10.97 11.02 10.77 10.28 9.70 9.54 9.94 10.61 11.39 12.00 9.43 10.73 11.75 11.84 10.96
9.15 9.34 9.42 9.59 9.95 13.19 9.93 9.63 9.57 12.62 12.06 9.67 11.57 9.34 9.65 10.26 10.54 11.91 11.61 11.28 20.02 13.36 11.74 13.16 17.76 12.07 12.15 18.51 21.65 19.87 16.93 18.54 20.36 21.97 21.73 18.98 19.78 21.01 19.91 21.43 21.41 22.09 22.51 19.99 20.57 23.39 20.34 15.03 15.44 14.03 13.58 12.87 11.69 11.18 10.92 10.76 10.65 10.58 10.62 10.69 10.71 10.80 10.97 11.03 11.07 11.01 10.38 10.01 9.54 9.25 9.45 10.27 11.13 11.80 8.91 12.53 16.01 15.65 12.12 11.67 11.17
9.07 9.29 9.51 9.76 13.04 9.58 9.30 9.24 12.47 11.29 9.49 9.35 9.39 9.89 10.73 10.57 10.97 13.30 11.52 11.42 17.74 17.86 17.44 18.49 12.55 11.91 15.45 18.66 18.37 16.61 17.46 20.10 21.36 21.86 21.49 19.77 20.34 19.44 20.63 20.69 20.59 19.55 19.34 22.22 19.32 19.66 19.43 22.53 22.40 14.50 13.51 15.03 11.88 12.68 12.31 12.01 11.74 11.57 11.35 11.09 10.95 10.98 11.09 9.61 10.83 10.88 10.39 10.02 9.90 10.23 11.04 11.80 9.46 9.94 15.88 15.28 12.29 14.21 16.28 16.74 15.73
8.85 8.98 9.10 9.25 9.18 9.00 9.00 9.18 9.31 9.27 9.34 9.88 10.68 9.97 10.57 11.05 18.15 13.06 12.87 13.68 13.93 20.19 19.43 12.73 12.11 12.07 12.10 16.26 16.00 17.28 19.69 21.18 20.78 21.53 20.85 20.33 18.39 18.93 20.40 20.31 19.30 19.15 19.10 21.57 21.14 21.46 21.32 21.28 21.50 13.51 11.94 12.24 12.71 12.84 12.73 12.75 10.80 10.97 11.04 10.35 9.86 9.51 9.37 9.47 10.52 10.27 10.39 10.84 11.39 11.87 9.45 10.89 15.89 15.22 12.07 14.15 15.67 16.66 14.89 15.07 17.79
8.69 8.70 8.60 8.57 8.59 8.68 8.74 8.69 8.71 9.07 9.93 9.58 10.04 10.83 12.06 18.66 13.15 13.04 11.29 13.98 14.00 20.10 20.54 17.31 12.57 12.26 15.45 15.51 15.88 17.98 20.63 20.42 18.52 21.62 20.01 19.87 19.73 18.79 20.00 20.09 19.99 18.76 19.74 19.77 20.88 20.98 20.84 17.50 17.34 12.75 11.56 11.69 11.76 21.25 11.74 11.93 14.16 12.05 19.29 16.70 10.58 9.93 10.09 9.92 9.15 8.77 11.54 9.34 9.32 10.17 13.23 14.36 13.27 10.83 13.28 15.91 16.97 17.17 16.79 14.56 17.48
8.60 8.53 8.29 8.11 8.04 8.04 8.08 8.27 8.95 8.57 9.51 10.13 10.21 10.15 14.03 18.21 12.98 11.04 13.46 19.00 20.19 20.12 19.78 19.41 12.91 12.63 15.29 15.16 16.38 18.08 19.89 18.18 18.46 22.09 19.48 19.46 19.65 19.26 19.57 19.65 19.58 17.69 17.36 19.16 18.16 17.79 17.87 20.86 20.65 12.55 11.27 11.23 11.02 20.21 11.08 11.18 17.88 11.01 18.46 20.25 11.28 11.49 13.42 11.75 9.78 10.01 9.39 19.13 20.40 15.90 14.58 14.71 14.19 13.82 15.14 16.10 17.07 14.19 16.57 16.41 17.09
8.72 8.72 8.55 8.34 8.06 7.95 8.32 9.31 8.68 9.49 10.50 10.88 9.26 8.66 19.10 13.58 12.85 12.88 13.62 18.55 13.30 13.62 19.37 18.83 16.21 16.11 14.84 15.02 17.35 18.24 18.56 20.07 19.99 19.83 19.21 19.21 18.52 19.25 19.24 18.39 19.14 17.21 19.28 18.59 18.76 17.32 17.14 13.11 13.19 20.22 11.90 10.62 10.65 10.81 10.86 10.81 10.75 13.30 10.70 18.07 10.73 13.24 10.92 17.16 18.37 18.25 18.32 18.63 10.54 18.72 15.58 13.25 18.01 17.98 13.57 16.11 13.38 13.59 14.83 14.67 15.55
8.78 8.86 8.80 8.73 8.76 9.12 9.88 8.64 9.12 11.75 13.66 14.07 16.21 18.86 13.52 13.05 12.56 12.91 13.22 17.75 10.16 13.01 18.73 18.91 16.13 12.47 11.42 14.20 16.14 16.78 17.96 20.58 20.52 19.15 18.55 17.74 18.76 18.58 18.60 18.93 18.80 18.34 18.50 16.12 16.99 16.61 17.05 17.04 13.00 13.25 12.44 10.64 10.63 10.50 17.22 10.33 10.33 10.28 10.19 19.04 10.23 10.26 10.21 17.74 16.49 17.55 17.58 17.61 17.38 19.36 17.61 17.13 17.41 17.45 12.99 14.53 11.63 8.73 8.76 10.10 11.02
8.56 8.54 8.52 8.84 7.06 7.57 8.21 8.51 10.34 12.00 13.83 15.55 18.56 17.24 12.78 12.01 9.77 13.19 10.09 13.44 10.20 10.25 10.25 10.10 17.46 11.92 11.13 11.02 14.83 16.35 19.63 19.30 19.07 18.78 17.27 17.21 20.12 18.14 17.31 19.86 18.25 17.87 15.43 18.12 12.00 12.17 12.54 12.35 12.24 17.39 12.67 12.02 9.99 18.64 10.00 10.10 10.06 9.99 9.97 9.96 17.09 9.82 18.94 19.13 19.17 17.57 13.17 18.72 17.19 17.37 16.86 12.39 16.61 17.30 17.42 14.52 7.97 9.43 12.03 13.71 13.76
8.61 8.74 9.02 7.77 7.55 7.60 7.42 9.43 11.32 12.92 15.62 17.81 18.65 16.80 12.74 9.84 9.77 13.39 9.83 18.72 13.16 13.25 10.31 10.14 17.87 11.80 10.92 10.93 15.83 19.13 19.64 18.37 18.09 18.08 18.11 18.06 19.74 17.03 18.07 18.35 17.93 17.78 14.43 10.41 10.87 14.78 18.15 18.08 17.68 16.67 18.84 11.36 11.72 9.56 16.77 9.77 9.82 9.85 9.92 13.10 9.77 15.51 15.87 9.52 18.59 18.38 18.15 9.69 9.85 16.79 15.90 16.21 16.91 16.96 16.97 16.87 10.03 10.10 9.93 9.78 9.55
8.81 9.09 9.51 9.23 9.10 10.56 12.25 12.81 15.80 15.92 18.68 12.93 12.78 9.82 13.10 9.77 9.75 17.82 12.96 13.22 12.75 18.33 9.87 17.53 18.15 9.62 9.58 10.58 17.78 18.07 19.57 17.53 17.31 19.30 19.42 17.35 19.30 17.66 17.71 19.02 17.72 19.32 10.35 9.70 9.71 10.14 10.56 17.22 11.42 16.74 17.71 9.08 9.28 9.36 9.28 18.31 9.37 9.57 9.56 18.95 15.86 15.22 12.42 17.97 12.71 12.57 12.63 9.48 9.56 17.19 15.24 14.30 11.88 12.01 16.00 16.69 16.64 16.42 8.93 8.83 12.42
8.61 8.75 9.00 10.03 11.81 16.94 17.27 16.89 16.43 16.18 18.46 17.94 18.68 9.54 12.99 9.55 9.60 9.59 17.77 9.58 13.55 17.93 18.34 18.35 17.45 9.49 9.55 10.64 18.36 17.24 18.51 17.51 16.84 17.32 19.03 18.68 18.75 17.40 17.37 18.58 18.23 17.29 17.46 10.09 10.13 10.45 10.74 10.93 10.61 10.69 10.94 9.09 9.14 9.16 9.09 8.90 17.94 8.97 9.15 11.37 14.50 9.02 8.89 15.78 16.30 15.87 15.86 9.16 9.23 9.32 16.72 15.60 15.49 11.84 15.02 15.86 16.37 9.14 10.27 9.23 9.35
8.36 8.48 8.79 9.95 12.02 17.22 17.16 16.06 15.78 16.38 17.82 17.78 17.74 12.57 12.44 9.45 9.52 9.50 17.54 9.42 9.34 17.67 13.24 17.28 11.80 9.43 9.69 13.89 17.52 18.34 17.20 19.31 16.82 17.34 19.14 17.21 18.86 17.20 17.28 17.05 17.74 18.50 17.30 10.79 10.17 10.53 16.51 16.41 10.40 10.09 8.86 8.87 8.88 17.27 8.83 8.80 8.70 8.67 8.82 9.06 11.90 9.16 9.01 8.93 8.90 14.67 15.08 15.66 8.92 8.97 16.84 16.38 16.07 16.09 16.11 16.33 16.40 9.37 13.62 12.21 10.47
8.36 8.60 8.98 9.02 11.83 16.90 16.34 12.93 15.32 16.68 16.77 17.32 9.44 17.71 9.34 9.40 9.39 9.35 17.11 9.32 16.35 17.03 9.23 12.33 9.36 9.44 10.36 17.59 18.74 17.44 17.21 17.44 9.36 9.28 18.67 18.48 16.58 16.87 17.04 17.59 18.46 15.64 15.62 16.63 9.71 9.55 10.54 15.62 10.63 10.52 10.00 8.66 10.98 16.93 16.83 8.65 8.66 8.54 8.51 8.67 8.94 16.83 9.19 9.16 9.02 8.93 8.91 12.77 15.34 8.78 8.79 17.67 15.64 15.81 16.01 15.78 16.01 16.15 16.34 15.80 9.57
