examples/cougarCreek-fire/createInputs/farsite/7a-cougarCreek-polygonIgnit/cougarCreekFire_08-13-2015_1100_217m_non_neutral_stability_vel.asc
ncols	146
nrows	140
xllcorner	610065.000000
yllcorner	5095217.000000
cellsize	216.586807
NODATA_value	-9999.000000
[rows 0 to 34 of 140, columns 0 to 79 of 146]
4.73 2.17 2.66 2.52 4.81 1.40 2.67 3.61 4.01 4.13 3.91 3.71 3.40 2.74 3.77 2.78 3.13 3.62 4.16 5.12 6.14 6.99 7.75 7.90 6.96 5.85 5.68 6.70 7.73 7.50 6.41 4.39 8.25 10.33 12.51 15.26 17.75 18.71 18.46 18.30 18.74 18.69 18.33 19.30 21.50 23.12 22.78 21.88 21.50 24.11 20.17 25.47 19.09 22.54 20.00 20.63 23.47 24.86 15.08 16.49 14.99 22.88 15.70 15.45 14.32 23.61 15.14 16.44 16.73 17.35 15.70 13.39 14.00 15.64 16.55 13.95 12.71 19.80 23.88 24.16
4.73 2.17 2.66 2.52 4.81 1.40 2.67 3.61 4.01 4.13 3.91 3.71 3.40 2.74 3.77 2.78 3.13 3.62 4.16 5.12 6.14 6.99 7.75 7.90 6.96 5.85 5.68 6.70 7.73 7.50 6.41 4.39 8.25 10.33 12.51 15.26 17.75 18.71 18.46 18.30 18.74 18.69 18.33 19.30 21.50 23.12 22.78 21.88 21.50 24.11 20.17 25.47 19.09 22.54 20.00 20.63 23.47 24.86 15.08 16.49 14.99 22.88 15.70 15.45 14.32 23.61 15.14 16.44 16.73 17.35 15.70 13.39 14.00 15.64 16.55 13.95 12.71 19.80 23.88 24.16
6.84 4.97 4.71 4.19 8.31 7.70 4.34 4.01 7.96 7.63 6.70 5.60 4.38 1.11 5.23 4.21 4.73 3.53 4.27 5.41 6.28 7.14 7.68 7.50 6.99 6.70 2.27 3.14 7.43 7.55 6.96 2.47 7.58 9.24 13.42 16.14 12.14 18.48 19.05 19.91 20.71 22.11 19.23 20.04 24.75 23.69 25.78 23.90 26.08 26.60 23.58 20.71 21.70 22.37 18.70 17.52 20.18 23.38 15.29 18.97 27.51 24.09 22.48 26.88 26.35 27.85 15.31 17.05 29.20 15.81 12.88 11.60 24.40 15.12 16.50 28.97 31.13 14.92 20.08 21.61
2.68 4.72 5.05 5.94 6.16 6.20 7.53 7.12 7.45 4.95 5.52 4.55 3.29 2.28 2.49 1.77 3.96 4.92 4.87 5.06 6.82 7.48 6.48 7.55 7.43 6.66 4.37 3.50 7.48 7.78 7.12 5.42 5.43 7.41 9.10 11.25 12.54 15.39 17.49 17.07 18.02 18.41 17.47 19.01 19.57 22.63 20.61 15.91 19.94 20.94 20.69 20.71 22.59 21.40 15.81 12.54 16.09 13.44 15.25 20.68 21.43 19.73 18.23 23.96 22.52 18.00 15.44 22.10 27.75 12.72 26.49 25.18 12.15 14.36 15.33 27.59 26.74 9.14 14.49 17.66
1.42 7.91 4.57 6.18 6.12 6.37 3.79 6.80 4.16 4.90 6.91 5.48 6.28 5.32 2.32 1.76 3.60 4.55 4.82 5.05 6.56 7.59 7.98 3.38 7.99 7.73 6.40 3.93 6.55 7.79 8.17 8.30 6.67 9.61 10.55 11.52 12.89 14.74 18.64 19.22 19.06 17.66 18.84 19.49 18.82 20.45 17.01 14.58 18.01 20.60 22.80 22.42 22.21 17.98 17.78 16.14 18.85 8.71 15.98 13.85 16.30 22.96 19.66 23.99 20.90 13.06 21.26 14.08 12.49 26.55 25.74 10.38 11.98 13.62 29.53 23.90 7.69 8.45 11.86 15.20
2.96 7.55 3.75 7.07 5.58 5.84 6.36 7.08 6.78 6.80 6.86 6.74 4.77 6.20 3.10 2.48 3.06 4.46 4.83 5.44 6.01 7.13 7.35 1.92 5.00 8.35 7.20 5.06 7.91 9.73 10.59 9.76 7.97 11.27 11.61 12.65 13.89 15.21 18.62 19.40 17.90 16.74 19.46 19.59 16.97 17.75 16.82 16.27 20.86 22.93 21.06 19.94 20.61 15.55 16.66 16.98 12.76 8.81 12.60 15.45 20.08 22.12 20.51 24.36 11.70 20.65 25.59 20.99 26.33 23.94 10.77 17.67 20.97 12.44 11.05 8.66 23.34 7.89 10.22 13.13
7.01 7.97 3.59 3.59 5.87 4.53 4.92 3.75 6.68 6.19 6.47 7.02 5.22 6.79 6.25 3.35 2.47 3.48 5.14 5.71 5.64 5.87 6.05 6.64 4.54 10.02 6.79 7.20 9.55 12.09 11.85 9.02 10.23 13.77 12.60 13.03 14.99 14.96 17.38 17.39 16.32 17.96 19.92 19.45 16.89 18.60 19.91 21.52 14.97 15.75 14.22 13.73 19.22 18.74 14.08 11.72 11.25 12.13 15.89 18.52 20.36 19.02 21.18 18.56 12.03 22.32 24.82 24.86 24.60 11.17 22.45 24.25 9.64 11.09 10.06 27.44 6.72 7.51 8.97 11.15
7.65 8.08 7.43 6.56 5.28 5.11 5.72 6.47 6.56 4.27 6.14 6.66 5.56 4.53 4.51 4.55 0.61 1.18 3.96 5.62 5.58 5.85 6.40 7.40 4.88 10.63 10.43 8.08 10.29 13.46 12.17 9.39 13.22 15.11 11.65 12.78 15.20 15.29 15.77 15.76 15.88 17.44 17.67 16.93 18.35 21.06 20.10 15.11 15.09 14.01 18.97 16.93 15.51 12.74 12.75 14.87 13.79 13.29 17.66 18.40 18.56 22.03 22.98 9.97 22.16 23.44 22.58 24.08 20.29 22.40 10.25 9.32 25.24 26.24 8.08 22.08 6.94 8.09 8.73 9.83
6.85 7.09 4.88 4.89 4.80 4.44 4.79 5.18 6.14 6.21 5.81 5.17 5.84 2.99 6.68 6.21 3.91 0.83 2.76 5.39 5.67 6.11 7.51 8.21 3.03 10.55 11.05 9.59 10.88 13.75 12.96 11.12 14.52 13.95 10.75 13.36 15.99 15.23 13.41 13.50 16.15 16.37 14.91 15.25 16.42 18.15 17.09 14.57 16.71 15.43 14.81 16.48 14.97 13.07 11.24 12.51 13.72 14.94 16.67 16.91 19.12 17.71 16.34 18.28 21.22 21.24 22.11 22.57 20.43 22.75 8.87 28.05 17.61 8.97 23.04 23.66 7.19 8.60 8.95 9.04
6.02 6.13 5.16 5.66 4.67 6.08 5.57 5.11 5.23 4.72 4.74 5.45 5.57 4.08 0.34 4.54 3.90 3.68 3.35 4.66 5.66 5.71 6.62 7.55 8.70 9.34 12.14 11.29 10.80 13.43 14.16 11.67 13.15 12.43 11.22 13.91 15.87 14.31 13.38 14.99 18.77 18.57 15.13 14.28 17.74 12.95 12.21 12.44 12.39 13.46 14.80 14.07 14.24 12.98 15.06 13.92 14.90 15.31 16.87 17.82 15.35 9.43 19.00 20.10 20.85 22.10 22.81 22.88 21.83 22.22 22.50 8.10 9.96 22.50 25.15 5.86 7.49 9.07 8.83 8.16
2.74 4.79 5.17 4.51 4.73 5.00 5.70 5.88 5.68 5.53 5.43 4.85 4.44 4.77 5.85 5.37 4.81 3.50 3.00 3.27 5.02 2.35 5.66 6.89 9.16 9.03 12.73 11.77 11.14 14.63 14.81 11.27 12.93 12.68 11.08 13.11 14.64 14.27 14.93 17.90 20.67 19.90 14.68 18.22 16.76 10.44 11.58 10.80 13.57 12.35 8.04 11.98 13.68 10.91 10.83 13.89 15.21 14.30 17.20 12.73 9.53 17.12 20.37 20.13 19.63 18.90 19.90 20.19 19.98 20.85 21.05 17.24 21.09 18.76 21.05 6.10 7.90 9.43 8.32 7.32
3.69 2.69 2.65 3.60 3.52 4.18 5.19 6.11 5.84 5.38 5.31 4.70 3.43 4.11 3.17 3.51 6.16 3.60 1.53 2.50 4.50 1.56 5.30 6.66 9.04 8.93 12.34 11.57 11.98 15.31 14.23 11.30 12.90 11.90 11.07 12.89 13.94 15.08 16.92 18.22 20.88 16.62 17.43 11.52 9.97 8.19 10.88 11.61 12.71 12.46 14.13 12.44 10.83 9.84 11.03 14.21 14.35 14.16 14.20 7.16 13.93 18.75 19.28 19.83 19.09 18.40 6.15 6.18 6.77 6.58 17.73 16.74 7.09 20.25 6.81 6.53 8.19 9.25 7.84 6.74
0.86 1.52 1.32 0.77 2.05 2.29 4.74 6.30 6.50 6.36 5.27 4.90 3.97 3.03 5.16 4.98 4.75 3.37 3.29 3.35 2.23 1.38 0.93 5.56 8.45 11.61 12.41 11.52 12.66 14.82 13.43 11.06 11.27 12.38 11.44 13.18 14.74 15.42 15.59 17.32 20.11 17.19 12.97 13.91 8.97 9.73 10.06 10.15 12.68 11.06 12.30 13.19 9.41 9.26 13.75 15.81 13.85 14.35 13.84 11.57 11.45 5.75 19.03 17.46 4.45 5.19 5.06 4.99 5.73 6.44 6.52 6.66 15.15 19.78 6.13 6.87 8.21 8.57 7.65 6.65
4.67 4.41 4.27 4.15 3.19 2.61 3.47 4.63 5.71 6.43 6.25 5.67 5.64 4.50 5.67 4.55 3.67 2.89 4.46 3.50 2.66 1.56 1.72 0.26 7.89 11.47 13.37 12.64 13.94 13.83 12.76 10.92 9.93 11.16 11.45 13.38 15.55 14.48 14.94 17.94 20.16 14.99 10.45 8.24 9.41 8.89 9.07 11.41 10.91 11.91 12.30 11.82 9.11 10.77 14.18 14.23 14.36 13.04 13.59 14.43 10.69 5.13 4.66 17.04 18.69 18.99 20.08 19.14 19.54 17.87 4.48 5.70 6.33 5.73 5.91 7.17 8.01 7.58 7.23 7.14
4.52 4.36 3.60 4.67 4.50 4.30 3.44 4.31 5.55 5.44 5.96 6.97 6.52 7.08 7.01 7.10 5.13 3.41 3.57 3.51 3.35 2.36 3.11 3.04 8.09 11.50 12.58 13.31 14.67 12.69 12.18 10.01 9.31 11.24 11.66 13.84 15.36 13.66 15.04 18.81 17.69 11.56 7.80 8.72 9.72 6.99 10.26 8.76 10.37 12.27 12.36 11.74 12.16 13.58 16.02 15.51 14.61 14.02 13.65 14.65 15.82 17.29 18.92 16.04 16.66 17.90 17.76 17.63 16.35 2.24 9.51 16.70 5.20 11.33 5.40 7.02 7.99 6.77 5.89 6.66
6.64 5.99 4.94 4.86 4.69 3.84 2.95 2.34 3.30 5.62 5.15 6.53 5.72 6.50 7.86 6.51 8.05 6.45 1.68 1.49 1.80 2.61 4.33 5.13 2.95 6.35 11.86 13.96 14.72 11.53 10.52 9.11 10.86 13.36 12.35 14.08 13.84 14.93 16.84 19.62 25.30 10.58 6.13 8.22 8.61 7.82 7.22 9.50 9.77 13.48 11.05 12.56 13.51 12.53 14.04 14.41 14.10 15.37 14.12 13.75 16.47 18.29 17.03 16.93 15.95 14.81 16.78 16.09 8.44 16.63 16.90 2.73 4.02 4.23 4.28 5.78 7.79 7.09 20.22 5.01
7.46 6.86 5.24 3.60 3.95 3.65 3.41 3.02 2.73 4.14 6.05 6.84 4.34 3.85 6.95 7.90 8.11 3.90 3.36 2.65 0.42 1.81 5.04 8.08 4.92 6.60 12.12 14.29 13.12 12.40 9.72 9.32 12.10 12.95 13.10 13.61 14.56 16.00 18.56 20.80 15.32 9.93 5.00 2.28 6.16 5.24 7.42 8.98 10.69 12.60 12.40 12.14 12.17 13.29 14.22 11.46 15.65 12.00 15.17 14.60 13.55 14.60 13.49 13.55 13.26 13.49 18.03 14.49 17.11 12.16 6.73 2.34 3.26 3.66 2.97 3.70 6.28 7.23 5.54 4.27
8.15 7.36 5.77 3.67 2.94 4.94 4.90 3.91 3.14 2.96 5.52 6.96 6.17 4.77 5.98 5.04 5.43 6.21 4.95 6.20 2.49 1.99 4.09 7.64 7.70 8.01 12.74 14.23 12.52 11.77 10.45 11.13 12.20 12.49 13.38 11.90 14.24 17.44 19.50 21.60 13.23 8.77 4.46 8.34 6.26 6.08 6.82 11.53 10.87 12.78 11.43 10.85 11.80 13.39 10.68 13.91 17.16 10.35 14.26 16.32 13.63 13.05 12.88 15.55 16.69 14.63 15.57 12.89 7.88 7.27 14.76 15.07 14.02 14.41 15.33 15.86 3.09 5.27 5.81 4.97
7.40 7.22 5.10 3.30 1.98 3.29 4.04 3.38 2.50 2.44 4.40 6.02 7.02 6.72 6.01 5.67 5.07 4.31 3.34 3.19 2.16 0.67 2.41 6.33 8.88 10.51 13.23 13.86 12.85 12.58 12.54 13.14 12.54 13.36 12.14 10.60 14.30 18.32 19.52 21.00 17.67 16.52 4.36 1.97 6.43 9.53 10.91 10.70 12.01 9.56 10.64 11.22 14.27 13.41 13.11 16.47 14.69 14.67 16.06 13.14 12.56 14.49 16.62 15.37 13.93 14.31 14.82 2.52 9.12 16.15 15.81 11.72 12.60 9.73 12.69 13.98 10.42 2.33 3.89 4.48
5.16 5.63 3.77 2.41 1.63 2.06 3.42 3.86 3.15 2.71 4.46 4.88 7.04 7.06 5.73 4.25 4.63 4.48 3.51 3.49 2.76 1.11 1.85 2.97 7.70 11.60 13.44 13.51 13.53 13.84 14.47 14.29 14.02 12.37 10.49 12.73 14.21 17.68 18.73 19.24 16.43 13.81 3.26 1.90 7.02 9.50 10.26 11.46 8.28 8.13 9.40 13.81 4.63 15.07 13.66 13.29 13.88 14.05 13.85 14.13 14.79 15.18 18.13 14.30 16.31 14.93 16.02 18.92 16.53 15.72 12.36 11.34 13.74 3.12 4.11 15.04 16.00 15.82 15.31 10.85
5.31 2.80 2.42 2.17 2.38 2.79 3.77 4.46 4.05 3.25 5.46 5.30 3.02 6.87 8.24 6.55 5.12 4.79 3.28 3.60 2.90 1.46 1.01 5.73 6.49 11.32 12.94 13.95 14.64 14.72 15.06 15.34 13.15 8.14 8.93 13.51 14.11 16.46 17.71 18.86 7.69 3.19 1.23 2.54 6.90 6.03 7.12 6.73 8.32 11.09 10.41 14.44 11.64 12.37 5.52 13.15 13.77 13.19 16.71 15.01 14.82 15.67 15.49 14.53 14.64 15.66 14.39 12.89 8.54 14.59 7.53 11.08 12.19 11.92 3.70 16.96 15.53 11.30 10.18 15.13
1.76 2.59 2.32 2.92 2.66 3.63 4.29 4.94 4.88 3.60 5.19 6.14 2.99 3.18 8.15 9.29 8.87 7.76 4.93 3.70 2.95 1.74 2.47 2.77 6.41 11.54 13.96 14.97 16.06 15.72 15.05 14.93 11.47 6.05 8.16 13.73 13.36 15.99 18.16 12.68 6.69 1.88 1.11 2.80 6.69 9.44 11.30 7.47 9.64 9.56 13.70 14.29 14.45 11.97 3.15 12.90 5.44 13.71 17.37 13.41 15.17 15.51 15.74 16.60 9.36 16.67 15.66 16.31 7.79 8.69 11.86 11.25 9.68 7.48 10.19 10.09 13.52 14.44 8.48 8.44
6.84 7.09 7.11 6.39 4.91 5.73 6.31 6.42 6.00 4.77 5.56 7.42 6.60 2.40 5.61 7.29 7.73 7.20 6.10 4.57 3.67 2.22 1.65 2.51 5.85 11.31 13.83 14.44 16.02 15.66 14.66 14.89 11.87 6.82 7.97 13.45 14.71 16.06 18.50 12.64 6.15 1.21 1.65 2.92 7.63 6.36 6.31 9.14 13.82 14.05 15.66 4.43 3.93 12.20 2.87 4.54 5.59 16.79 13.41 12.59 14.43 15.09 16.79 9.38 9.61 13.68 12.66 12.05 13.16 7.22 6.68 9.74 11.59 0.32 14.81 14.16 11.47 12.19 12.31 12.99
4.76 6.92 8.43 7.12 8.28 7.58 6.69 5.81 5.91 4.91 4.97 7.94 8.31 4.46 4.86 5.32 5.97 6.59 6.60 4.35 3.02 2.10 2.65 1.58 5.51 8.84 13.17 14.48 15.32 15.72 16.37 17.43 14.22 9.31 7.37 13.00 15.20 16.42 17.55 12.54 5.71 1.85 2.42 7.44 8.03 10.88 10.52 12.70 13.22 14.29 5.58 5.74 5.00 4.53 3.20 4.37 4.99 5.47 6.09 14.95 15.29 16.70 14.51 17.24 15.51 15.02 13.73 12.29 10.96 5.77 12.27 4.45 14.48 11.99 10.75 12.22 11.83 9.42 7.05 11.29
8.85 9.10 7.00 6.12 8.42 7.94 7.26 6.99 7.46 6.87 5.16 7.17 8.94 7.69 5.94 6.57 7.00 7.13 7.24 6.57 4.59 2.88 3.54 6.24 2.97 8.31 15.24 14.43 15.65 17.51 19.78 20.16 15.93 11.65 9.94 13.17 16.31 15.97 17.95 11.48 4.30 10.74 5.92 6.04 8.68 9.98 9.19 10.89 11.92 12.95 5.30 4.61 4.35 4.26 4.02 13.29 14.37 15.32 17.04 6.85 5.69 17.43 7.57 6.53 10.23 15.40 13.91 13.00 12.20 13.18 13.13 11.99 11.98 9.93 13.99 12.68 11.73 12.94 2.63 2.51
9.37 9.62 8.27 7.33 5.99 6.16 7.83 8.11 8.80 8.99 6.72 7.69 10.05 10.61 7.66 7.08 7.61 7.70 7.11 7.05 5.66 4.43 4.92 5.92 5.95 9.50 15.07 12.27 13.26 17.55 20.54 19.75 15.77 12.64 11.87 14.49 18.80 19.06 20.50 10.53 2.95 10.64 9.45 10.02 8.51 8.72 7.62 10.21 11.61 14.07 4.25 3.21 3.21 3.56 3.99 14.60 14.70 15.50 4.23 5.83 5.72 12.06 5.82 14.40 16.46 17.12 15.53 13.71 17.20 6.03 11.66 11.91 11.79 12.03 5.32 13.35 5.54 12.70 13.64 3.35
8.28 7.86 7.59 9.17 7.05 6.38 9.30 10.15 10.77 10.47 8.28 8.89 9.80 11.47 10.81 8.68 8.59 8.44 7.29 7.11 6.46 5.09 5.31 5.98 5.54 8.83 13.44 11.95 12.22 17.54 19.50 16.05 14.17 13.25 13.82 16.91 20.63 21.38 19.07 16.45 13.48 13.04 10.90 9.51 8.33 10.00 11.12 12.01 12.87 4.17 3.38 2.50 2.40 2.75 3.83 3.54 2.32 2.17 4.09 5.09 13.03 13.31 12.29 12.65 12.96 15.13 8.18 6.89 5.64 6.21 11.73 6.82 7.21 6.73 13.43 1.57 0.99 2.35 13.42 13.58
7.28 10.34 8.68 8.44 8.99 8.78 7.99 8.76 10.16 10.74 8.72 7.78 7.94 10.48 12.49 11.54 10.69 9.60 7.94 7.78 7.01 5.79 5.23 5.73 4.61 6.90 11.04 13.36 15.92 18.10 17.29 14.52 14.99 14.70 17.05 19.24 20.67 19.91 16.42 13.15 11.41 11.37 10.29 9.20 8.79 9.64 9.58 10.49 11.24 3.48 2.53 1.68 1.87 2.45 2.84 2.81 2.68 2.93 3.36 4.16 4.17 11.33 4.76 5.26 5.39 2.26 6.86 7.65 13.71 13.38 12.42 12.26 12.22 14.60 7.63 9.46 8.96 14.51 5.48 11.35
9.23 8.48 6.54 6.54 8.12 8.53 6.60 4.89 6.50 8.59 8.04 6.89 8.66 9.09 11.22 11.61 11.08 10.36 8.66 8.49 7.27 6.02 5.65 5.86 4.20 4.30 8.60 12.31 16.08 18.33 15.90 14.94 17.74 18.80 20.18 22.11 21.61 17.32 13.21 11.76 9.74 9.83 8.45 6.97 7.48 8.18 7.08 8.38 9.98 3.21 2.28 1.61 2.50 1.32 2.21 2.47 2.52 2.41 2.64 3.11 3.77 4.16 15.48 5.80 6.78 6.93 6.89 7.27 13.25 12.87 12.39 12.63 12.78 12.54 12.97 12.64 11.03 13.39 11.20 8.86
8.75 9.11 5.84 5.89 6.72 7.24 8.56 7.13 4.79 6.76 8.09 8.22 7.44 6.39 9.05 11.21 11.05 10.62 9.55 8.78 7.82 7.14 7.45 5.98 4.78 5.53 7.50 10.33 13.99 13.53 20.62 21.15 19.89 19.80 20.50 20.60 18.52 14.90 12.15 10.31 8.33 7.38 6.14 6.76 7.77 7.76 7.79 11.78 3.83 3.75 3.49 3.17 2.89 1.76 1.65 1.29 2.49 2.68 2.88 3.10 3.98 4.34 5.17 5.75 6.87 7.55 13.82 13.75 13.74 12.80 11.90 12.04 5.76 4.70 5.08 5.11 5.05 5.75 5.60 4.13
3.78 5.74 6.19 5.65 5.43 6.86 7.57 9.70 8.76 9.00 10.69 9.86 10.04 12.30 9.28 12.67 13.11 12.39 11.00 9.52 8.31 6.39 6.44 6.42 6.22 6.75 8.54 10.03 12.44 10.57 16.52 20.68 21.82 19.48 19.09 19.08 15.16 12.86 13.77 10.49 7.51 7.60 7.78 6.85 5.28 6.79 9.55 5.93 5.43 5.88 5.22 4.50 3.70 2.48 2.73 3.43 3.04 2.76 2.88 10.14 10.54 10.98 5.29 13.49 14.04 13.22 12.20 12.28 6.79 6.44 5.68 1.86 2.51 4.64 5.17 5.43 3.37 3.38 3.33 3.79
6.59 2.16 5.22 4.26 4.30 5.78 7.26 6.92 7.51 8.68 10.96 11.85 12.17 12.40 10.26 13.43 16.83 17.11 15.74 14.01 11.25 7.84 6.41 6.03 6.87 8.11 10.09 8.15 10.22 11.64 14.22 14.55 19.20 18.58 17.85 15.84 14.47 15.23 15.58 12.19 9.94 9.86 9.12 8.38 6.57 3.24 4.75 7.64 7.54 7.07 5.81 4.77 4.54 3.78 3.78 3.44 2.62 2.42 2.48 11.09 11.22 11.96 5.91 12.95 12.26 11.63 12.51 12.61 12.62 12.08 10.73 10.69 11.45 12.80 12.90 12.83 11.87 9.82 7.15 3.77
7.79 3.75 3.44 6.37 6.56 7.81 7.17 5.63 7.26 6.69 7.97 9.21 9.05 9.62 11.06 13.66 17.41 19.58 19.95 19.12 16.52 13.87 11.55 9.59 10.22 10.15 6.76 6.99 8.80 11.81 12.80 15.41 21.42 17.48 16.87 17.69 14.06 14.85 15.10 12.52 11.42 11.68 10.88 9.65 9.20 7.55 6.30 8.80 7.64 6.89 6.56 6.73 7.41 6.78 5.62 4.58 3.65 2.86 11.12 10.44 10.82 11.87 12.44 12.16 12.97 6.26 6.76 6.52 6.55 6.53 7.73 8.84 9.38 13.57 10.53 6.20 11.13 9.22 4.82 5.05
7.70 8.41 10.32 6.39 3.23 2.86 3.74 5.54 6.20 9.00 8.97 8.70 10.38 12.19 13.16 13.89 15.51 16.57 17.29 18.17 18.84 17.95 15.51 13.13 10.54 8.70 9.92 6.30 7.41 11.19 13.09 14.52 23.69 19.18 16.15 20.60 17.41 15.68 14.23 12.52 14.14 13.81 12.34 11.53 14.52 13.81 14.39 11.02 9.32 7.26 5.95 6.20 8.52 9.94 9.17 7.25 5.05 3.55 3.34 3.74 4.36 12.06 12.85 13.36 14.04 14.37 13.82 13.94 13.75 14.29 5.82 3.63 4.11 4.55 4.84 10.06 12.10 13.34 10.90 5.54
9.98 10.98 9.47 12.53 9.25 1.46 2.37 3.87 6.28 9.26 14.04 18.96 19.30 18.38 17.45 15.53 14.27 12.15 11.24 10.61 14.27 17.83 17.50 14.45 8.49 6.28 5.49 3.57 5.74 10.97 13.50 12.32 22.23 23.47 15.95 19.98 18.75 17.23 16.47 16.45 15.88 15.33 16.32 15.58 17.02 17.55 17.89 13.34 12.10 10.70 8.54 4.59 1.23 4.87 6.55 6.95 5.77 4.20 3.98 3.99 5.28 5.10 12.83 12.75 11.35 11.68 12.61 6.21 2.58 2.80 3.19 3.46 3.91 10.46 11.38 12.66 12.96 13.03 12.30 12.34
