examples/cougarCreek-fire/createInputs/farsite/7a-cougarCreek-polygonIgnit/cougarCreekFire_08-13-2015_0600_217m_non_neutral_stability_ang.asc
ncols	146
nrows	140
xllcorner	610065.000000
yllcorner	5095217.000000
cellsize	216.586807
NODATA_value	-9999.000000
[rows 0 to 43 of 140, columns 0 to 95 of 146]
66 34 47 62 82 35 27 26 26 28 31 28 25 26 39 15 33 26 2 1 358 357 356 353 350 347 343 342 343 346 346 350 340 342 343 343 343 344 342 341 341 343 344 344 344 344 345 343 342 333 340 318 338 331 339 339 331 305 329 328 330 310 323 322 320 300 310 309 311 312 315 311 300 293 293 295 284 260 254 253 255 261 267 271 274 276 276 273 273 276 277 281 290 281 282 279
66 34 47 62 82 35 27 26 26 28 31 28 25 26 39 15 33 26 2 1 358 357 356 353 350 347 343 342 343 346 346 350 340 342 343 343 343 344 342 341 341 343 344 344 344 344 345 343 342 333 340 318 338 331 339 339 331 305 329 328 330 310 323 322 320 300 310 309 311 312 315 311 300 293 293 295 284 260 254 253 255 261 267 271 274 276 276 273 273 276 277 281 290 281 282 279
104 66 61 94 121 88 49 22 62 80 90 104 25 28 96 80 87 32 24 2 360 359 356 351 347 345 327 327 334 334 334 341 349 348 343 342 327 321 331 312 319 319 322 323 324 337 324 320 321 317 317 315 318 332 338 339 331 307 330 321 302 289 295 289 291 278 313 310 284 311 311 307 257 295 294 267 260 274 264 261 262 265 268 270 271 271 270 269 268 268 267 271 280 263 257 259
112 81 65 102 110 90 84 64 58 36 69 77 27 16 62 37 73 61 48 17 1 359 360 350 343 335 312 318 328 327 304 320 349 342 342 343 334 321 315 310 313 317 325 326 327 324 320 324 316 315 317 321 321 329 338 341 331 313 308 294 292 291 293 287 287 279 316 281 291 308 282 254 300 297 294 263 260 292 278 273 272 271 270 269 268 266 264 264 262 258 256 260 264 270 272 249
29 95 60 91 104 85 45 62 13 14 57 60 21 14 7 21 61 44 42 32 6 357 354 337 342 336 328 300 301 303 309 319 340 335 331 336 333 321 319 316 313 316 319 324 329 326 324 326 322 322 320 321 320 331 328 326 299 329 298 330 309 286 291 293 280 320 281 312 308 284 255 304 301 299 264 279 295 291 284 280 277 275 272 269 268 267 265 263 260 256 256 257 257 261 263 261
103 86 52 83 93 93 83 76 64 51 44 49 24 15 6 3 43 28 25 10 6 355 352 0 321 335 325 300 300 304 308 307 328 325 326 332 327 320 312 312 309 312 315 321 327 326 328 328 323 324 324 322 322 333 319 303 308 329 333 301 301 293 299 285 323 282 289 297 283 251 305 269 266 297 293 290 266 291 289 285 280 277 274 270 268 267 267 265 261 260 260 257 254 252 251 253
130 92 51 43 77 71 66 23 56 54 43 41 42 13 9 358 20 24 5 7 6 4 357 346 320 334 305 310 306 306 311 310 316 318 324 330 321 315 315 310 309 305 309 316 321 328 324 323 344 338 338 335 318 312 312 319 320 314 307 301 296 307 301 276 311 293 289 282 259 307 268 278 302 293 289 254 295 295 293 289 283 279 275 271 269 268 268 267 265 264 263 261 256 250 247 250
123 115 101 80 65 75 73 57 46 1 41 38 39 14 6 359 4 7 28 4 5 2 355 343 322 330 325 303 307 320 310 310 313 312 319 324 311 307 305 306 304 302 303 312 317 319 324 339 336 336 317 314 316 319 316 312 311 313 303 303 304 298 274 331 282 289 288 276 263 271 305 302 278 254 295 245 296 294 294 293 287 282 278 274 272 270 270 269 268 267 266 263 260 257 254 255
133 114 94 62 46 50 58 57 55 49 46 1 5 30 7 3 360 5 19 3 0 356 347 338 324 326 321 301 304 304 306 307 306 306 310 311 299 296 298 299 299 307 307 308 332 317 318 325 314 316 314 314 321 321 325 315 305 307 308 310 296 287 286 283 290 290 285 273 273 283 305 260 256 299 258 261 295 294 295 295 291 285 281 278 275 273 271 271 271 271 270 268 267 266 265 265
149 128 96 64 33 45 42 44 44 36 37 40 35 32 11 4 1 358 39 359 353 351 347 336 326 301 320 302 299 304 307 304 302 302 303 302 293 290 299 299 298 304 308 321 316 338 321 317 323 319 318 324 320 314 297 299 298 300 300 287 281 335 290 295 290 279 274 267 272 276 263 306 298 258 256 302 296 296 298 298 294 289 284 280 277 275 273 273 275 277 277 277 277 277 275 274
330 182 167 73 42 29 27 33 33 33 37 34 30 30 9 9 5 359 37 23 352 7 345 335 323 302 322 304 300 306 308 305 304 300 297 294 286 288 293 288 294 298 325 311 317 341 320 323 318 326 341 323 302 306 306 294 292 296 282 295 320 289 296 298 285 283 284 278 279 278 263 266 259 262 249 304 299 297 299 298 295 290 285 282 279 278 277 277 279 283 287 288 287 286 282 277
318 222 239 218 19 28 21 23 27 31 32 31 27 31 28 34 11 4 19 26 351 9 342 334 321 311 319 298 298 304 306 302 299 293 289 287 286 286 280 278 280 316 301 330 336 342 318 315 319 323 313 308 309 319 307 299 296 295 292 331 298 297 300 293 291 302 333 329 321 319 280 270 307 254 303 304 300 298 299 300 297 291 287 284 282 282 282 283 284 288 294 298 297 294 288 280
250 289 299 304 327 357 18 15 18 27 24 25 27 35 15 18 14 48 38 41 22 8 353 331 315 311 314 300 301 318 306 302 294 308 286 285 285 284 279 295 282 319 330 310 338 319 313 320 317 318 306 295 323 322 299 296 301 299 299 306 318 342 302 304 354 346 340 335 327 320 318 313 261 248 308 305 302 300 300 301 270 295 290 287 285 284 285 287 289 292 297 303 307 309 299 289
298 300 326 5 1 355 7 343 342 351 17 25 31 37 22 25 20 41 74 50 35 16 337 339 311 306 291 293 301 318 308 299 293 286 288 289 286 283 301 299 296 328 337 337 317 310 314 316 319 312 306 303 320 308 300 302 303 310 306 308 324 344 350 306 302 299 285 280 275 263 327 320 314 316 313 307 303 302 302 300 302 299 293 289 287 286 287 291 293 294 297 303 314 328 316 300
301 326 315 3 9 18 17 26 15 341 352 24 28 34 47 22 20 10 54 46 23 3 308 295 314 306 289 295 299 317 302 292 284 286 288 289 283 281 300 302 311 330 338 316 304 316 313 328 325 314 311 310 303 293 291 289 298 305 304 304 306 303 298 301 291 265 258 254 252 339 289 285 322 295 317 310 305 305 307 304 304 303 297 292 288 286 287 291 294 294 294 299 314 339 331 313
36 41 46 52 38 42 47 2 26 22 357 29 34 28 26 29 14 12 31 26 358 328 309 302 305 295 289 292 298 317 295 278 279 299 283 282 280 291 295 301 294 323 334 314 309 317 328 328 326 302 333 308 304 307 295 296 305 297 291 295 290 282 270 265 262 273 276 264 312 275 288 340 329 323 321 314 307 308 285 314 311 308 302 294 289 285 285 288 291 292 291 292 305 336 344 333
50 48 45 177 107 351 30 25 22 51 39 38 35 25 17 1 8 22 28 28 6 346 314 333 295 287 283 295 313 300 286 280 284 276 281 277 288 285 292 285 308 318 329 337 318 327 329 328 319 309 314 313 316 307 294 317 306 302 285 287 294 276 273 281 284 300 285 282 287 310 322 347 332 326 326 322 312 310 318 323 320 314 304 295 288 284 283 284 287 288 286 285 294 324 331 4
76 66 59 178 207 58 33 51 49 49 50 30 21 10 19 355 2 2 21 354 6 1 334 330 283 282 282 296 311 293 279 282 283 284 286 280 285 283 289 285 310 318 327 312 317 322 329 317 322 307 316 325 319 298 312 308 288 301 288 270 273 280 287 282 282 307 311 318 331 328 304 281 279 288 292 295 325 317 317 324 303 321 309 296 288 285 283 282 284 284 282 282 289 316 290 329
124 113 130 189 211 177 137 146 186 154 65 29 17 28 46 57 47 33 26 14 4 6 351 302 276 276 289 300 297 287 283 287 289 305 287 280 285 283 280 284 293 297 330 340 319 308 310 320 321 330 323 321 296 261 293 280 253 255 268 260 263 277 284 289 298 308 317 358 330 305 285 289 286 297 286 293 304 329 321 322 330 328 316 301 291 286 283 281 281 281 281 282 288 311 353 300
165 152 171 216 219 207 184 258 248 234 63 21 34 37 51 54 64 48 39 29 3 354 354 341 286 281 306 299 290 285 288 290 298 293 300 292 289 285 282 287 294 302 335 346 321 312 313 314 337 341 333 290 18 258 288 261 247 256 258 256 258 276 269 276 286 296 292 294 302 294 294 299 292 334 327 300 298 285 284 302 335 334 325 306 292 286 283 280 280 281 283 283 284 296 342 287
317 197 203 239 217 205 187 196 208 184 67 41 58 36 31 32 30 39 36 33 8 4 1 324 302 272 300 290 285 287 289 291 306 302 302 293 293 288 290 290 308 323 341 354 324 327 324 334 337 327 328 264 267 298 15 176 256 273 257 255 260 271 263 266 282 288 296 303 319 304 322 307 299 286 328 297 297 296 296 289 311 344 333 310 291 283 281 281 281 282 284 282 276 274 257 258
275 287 266 262 253 242 270 290 294 210 107 82 37 37 20 17 21 28 18 18 21 28 35 13 271 262 275 278 284 288 286 294 310 306 304 291 281 288 281 297 309 327 346 358 325 310 302 329 326 28 273 211 253 223 30 218 347 285 268 256 263 271 262 268 309 286 290 293 320 315 288 292 306 325 312 304 284 288 311 316 9 356 338 314 291 283 282 282 284 285 285 283 279 277 294 261
356 355 356 337 313 356 350 57 41 155 112 63 14 295 42 19 18 21 19 36 44 38 24 24 286 263 276 278 283 287 286 292 299 282 299 287 285 286 281 298 312 330 346 357 318 328 331 313 247 167 185 49 48 124 19 354 349 257 272 270 281 277 273 311 306 284 281 284 278 299 305 299 305 353 302 288 285 291 294 292 301 11 348 323 296 286 284 286 288 290 291 291 293 294 295 276
347 350 0 308 1 17 51 106 121 166 164 62 53 122 28 49 44 40 37 40 49 41 39 17 306 269 283 275 279 274 267 278 292 276 282 284 284 286 283 301 316 329 338 315 314 301 299 271 182 162 54 53 42 30 13 2 4 4 352 280 292 282 277 252 256 264 265 274 275 317 286 328 292 289 295 288 298 315 324 291 275 277 4 335 303 289 286 288 292 295 295 295 299 310 314 296
318 354 312 310 17 31 37 50 73 350 227 93 60 29 48 52 46 35 33 33 40 49 69 88 359 244 257 266 262 263 272 284 293 285 274 285 285 286 289 304 315 293 302 311 305 296 308 288 278 125 54 45 34 21 7 296 293 293 287 339 348 275 342 342 307 272 267 279 282 285 294 294 287 297 295 289 293 301 23 27 327 306 18 346 308 290 285 288 292 296 295 294 302 331 8 317
317 359 9 18 41 62 32 41 43 7 281 325 50 53 85 58 52 40 34 36 39 56 77 89 101 237 265 276 240 262 287 301 296 282 268 282 286 286 297 308 308 286 290 287 290 304 322 296 240 152 52 42 33 22 6 294 301 300 2 348 349 289 352 295 292 273 278 292 293 328 308 303 300 302 325 308 325 302 307 41 44 44 28 356 313 290 282 282 286 295 300 297 304 314 332 326
301 321 322 14 10 13 26 16 30 12 5 45 55 72 50 52 57 51 49 46 50 62 72 77 74 169 251 287 260 276 294 305 300 273 261 278 282 294 302 301 290 277 280 281 283 277 262 223 184 56 52 45 38 27 12 6 13 13 3 356 290 281 288 297 299 296 327 330 334 330 309 324 323 321 311 11 10 34 304 307 45 44 33 1 318 292 279 275 278 289 300 295 295 311 325 330
318 354 354 358 358 10 29 33 24 17 48 89 102 77 47 72 67 64 67 58 58 67 69 63 53 69 176 246 260 277 302 298 295 287 282 287 297 305 306 300 296 288 286 288 292 285 274 228 221 56 51 45 41 32 13 7 11 11 8 3 0 308 349 347 347 15 339 329 289 277 277 285 298 310 328 322 323 307 322 298 299 304 32 4 323 294 276 269 269 274 281 273 272 271 277 299
344 336 327 338 351 4 8 41 72 51 28 115 307 93 64 87 91 85 90 75 66 74 83 70 38 31 87 180 227 254 287 286 288 294 297 301 307 309 304 300 301 298 301 305 307 308 325 327 133 53 46 44 43 23 10 9 13 14 9 6 1 356 312 346 342 343 343 336 302 289 285 287 289 293 297 293 290 291 295 285 282 297 38 15 330 292 273 266 263 262 263 269 242 243 248 258
257 291 299 319 337 347 4 7 64 57 55 43 118 190 119 105 114 108 109 99 89 95 103 103 66 56 76 144 214 255 261 274 289 299 305 311 314 304 301 304 303 304 310 314 308 302 310 226 53 47 43 44 37 18 16 24 16 11 8 8 1 358 352 351 341 334 303 301 300 302 296 275 281 285 283 271 266 272 270 274 287 305 301 35 352 299 276 268 264 262 262 263 264 262 247 229
288 269 264 269 295 336 344 358 357 358 358 22 61 344 129 104 120 122 120 117 115 122 119 130 131 100 101 135 199 260 254 279 301 306 312 323 312 294 301 306 306 306 311 315 322 328 333 40 42 44 44 44 35 25 25 22 16 9 7 315 317 322 358 316 307 291 279 272 311 297 276 40 34 292 295 289 300 278 252 257 279 302 319 42 17 327 288 274 268 266 263 256 237 239 223 232
303 286 276 292 292 314 337 339 332 349 2 0 33 56 98 93 86 93 84 88 103 121 135 149 142 124 122 128 202 261 259 277 303 315 317 329 297 290 305 303 302 306 312 316 327 347 358 29 37 43 45 45 40 39 38 22 9 6 9 315 322 326 0 316 310 309 304 302 299 295 296 309 315 311 305 309 315 307 289 294 47 298 52 42 23 343 299 278 269 264 260 252 236 239 238 254
305 290 283 255 278 243 276 316 336 317 352 18 65 59 70 87 69 66 66 63 71 82 96 120 135 141 149 147 191 267 290 291 284 314 318 306 307 306 313 302 300 306 306 313 328 350 360 25 32 42 44 42 38 34 23 9 4 8 328 331 327 321 321 327 328 5 2 4 5 8 354 336 331 301 277 292 303 347 56 54 51 53 53 47 35 357 298 278 267 260 256 253 249 219 272 281
305 303 303 290 263 264 266 288 319 343 17 314 319 354 64 75 68 65 58 51 58 66 62 67 82 116 145 155 217 278 298 309 294 305 318 307 314 319 322 316 305 298 296 310 324 350 356 28 33 42 42 40 39 35 25 14 10 14 19 21 22 335 329 331 329 321 320 319 318 305 292 56 47 40 39 293 304 319 350 58 57 339 55 54 56 30 290 274 265 258 255 254 255 252 287 296
305 305 318 307 300 286 289 291 299 313 347 350 24 25 357 67 74 91 97 100 76 56 53 59 45 49 57 73 261 287 298 315 304 296 305 306 312 319 314 306 299 297 298 305 311 331 342 23 31 54 69 63 55 45 37 31 25 23 25 29 26 30 333 317 321 318 303 28 72 69 60 49 43 294 322 326 322 309 307 323 346 325 51 310 58 47 294 272 264 258 256 254 250 233 258 266
15 356 341 319 305 302 311 333 337 342 345 357 8 15 30 358 9 20 35 113 69 49 33 33 20 26 31 32 341 302 302 318 312 292 288 290 288 288 277 269 266 275 283 284 289 299 310 323 346 41 75 87 83 67 57 49 40 33 31 358 357 350 35 38 56 59 62 63 64 64 56 49 300 62 310 313 312 312 313 312 312 48 351 341 54 52 328 272 262 258 257 253 243 223 259 272
11 358 333 316 306 309 308 331 339 344 350 358 7 14 21 29 27 25 17 13 12 15 22 6 13 31 33 19 352 323 301 295 310 307 299 294 288 320 315 302 289 275 266 267 280 278 282 298 320 12 27 60 75 75 68 58 48 43 42 39 38 36 35 356 32 54 57 58 61 350 58 57 69 79 82 79 75 71 338 61 52 319 343 350 53 51 31 281 263 258 256 250 239 225 268 273
33 9 322 320 328 321 324 339 340 338 344 358 3 3 359 4 5 356 352 351 354 2 20 31 30 52 61 29 343 314 275 271 296 315 318 323 325 327 324 317 336 291 270 250 247 305 328 286 293 316 339 39 53 37 68 61 53 49 48 46 53 53 55 55 54 54 56 60 63 64 65 72 300 84 86 84 81 77 72 66 60 312 319 297 345 50 52 319 263 255 252 246 235 220 241 234
307 302 308 320 329 328 312 310 343 340 356 349 349 348 351 357 355 354 0 13 17 11 28 41 36 47 67 56 353 268 251 257 278 293 313 325 345 12 12 350 331 311 339 318 305 328 337 7 263 290 303 331 334 8 29 33 33 32 51 52 49 47 45 42 61 40 64 69 71 72 74 76 80 83 85 88 90 88 83 77 73 65 51 41 40 23 60 37 263 247 246 242 233 216 167 230
307 330 329 324 326 332 305 339 340 350 353 348 351 350 357 359 357 360 5 11 12 20 37 42 31 41 64 59 39 270 254 256 263 259 270 280 277 288 343 46 40 338 14 15 316 304 299 283 278 276 275 286 290 302 315 351 4 8 17 43 50 53 52 44 41 42 42 53 56 55 54 81 80 80 80 86 92 95 97 93 84 70 50 31 41 324 57 57 47 247 245 241 234 221 190 243
307 333 331 329 304 304 306 342 344 345 355 351 355 352 359 356 354 358 4 20 31 40 32 18 20 34 48 51 42 354 279 260 247 246 250 256 249 242 267 304 304 306 311 192 83 20 356 338 44 314 314 315 289 266 61 63 269 268 48 273 311 10 43 43 44 27 28 53 53 51 50 54 55 87 83 85 88 91 100 111 107 77 40 24 49 330 37 59 56 332 254 250 246 239 220 128
296 302 320 323 299 302 307 343 344 352 355 351 347 343 349 352 353 1 21 47 53 38 13 356 13 37 45 37 23 354 306 268 246 237 234 238 242 237 239 253 269 259 257 261 276 293 272 283 333 341 338 356 62 356 341 342 355 358 79 80 344 15 20 10 360 2 2 336 320 325 330 356 37 36 40 44 88 89 93 110 133 124 19 20 43 55 297 46 60 46 275 262 260 263 265 339
303 321 326 320 317 302 338 342 345 351 351 348 347 346 347 351 358 20 45 49 36 12 355 353 22 42 37 25 15 354 321 289 262 233 222 231 233 228 224 231 252 257 250 248 252 254 266 283 306 42 325 332 6 13 11 102 106 29 31 11 94 1 342 187 146 136 131 132 137 135 136 142 144 150 155 183 10 50 95 98 124 206 286 9 35 45 53 311 40 53 306 269 259 252 246 226
299 296 324 297 300 307 341 337 343 352 346 340 334 337 342 353 5 20 29 30 15 352 349 1 21 27 19 14 17 355 333 309 282 258 235 225 220 220 218 210 219 235 239 233 222 224 231 237 253 276 285 287 313 325 326 328 316 314 234 178 164 130 114 108 108 109 115 119 93 123 93 93 89 84 80 155 165 180 22 104 108 199 250 314 33 41 43 50 48 46 345 275 257 234 202 184
