examples/cougarCreek-fire/createInputs/farsite/7a-cougarCreek-polygonIgnit/cougarCreekFire_08-11-2015_1700_217m_non_neutral_stability_ang.asc
ncols	146
nrows	140
xllcorner	610065.000000
yllcorner	5095217.000000
cellsize	216.586807
NODATA_value	-9999.000000
[rows 52 to 103 of 140, columns 0 to 95 of 146]
159 148 167 142 141 152 150 146 169 137 132 160 152 145 139 137 136 134 133 129 124 123 119 101 139 98 104 112 120 121 123 113 109 106 101 96 96 100 96 96 93 92 90 92 98 90 89 84 83 77 75 69 66 62 65 69 74 72 78 77 77 78 76 68 75 73 72 72 72 71 58 70 72 57 56 57 57 56 56 54 65 51 51 51 52 54 55 54 52 49 47 45 45 45 46 46
142 156 140 140 154 154 169 167 166 161 160 145 127 124 120 117 115 134 130 125 134 121 119 122 142 109 126 124 120 120 122 115 106 104 98 93 92 89 87 85 87 86 85 88 92 87 87 83 83 81 81 81 76 76 76 82 80 76 69 71 71 72 65 67 66 64 63 63 61 60 61 62 60 58 58 57 76 65 55 54 53 51 76 50 48 48 50 51 51 52 50 47 46 46 46 45
138 155 154 154 164 163 166 164 163 159 145 128 126 124 143 136 115 137 132 125 105 104 124 131 124 123 127 124 115 116 117 115 105 105 88 93 97 95 87 89 88 84 79 80 82 84 84 82 81 81 83 87 90 89 91 84 76 70 69 71 71 64 66 67 68 68 66 65 62 62 63 63 61 58 56 55 55 55 54 55 55 53 51 50 48 47 47 47 48 49 49 47 45 44 44 44
135 146 151 159 145 149 146 160 154 149 130 128 127 126 141 135 115 134 110 108 125 132 131 126 129 123 121 117 111 116 119 114 106 105 99 80 101 101 99 96 94 92 80 74 74 77 81 82 82 80 80 84 90 94 93 90 80 69 68 68 66 66 67 67 67 68 67 65 63 62 61 60 59 58 57 57 57 57 57 56 54 51 71 58 47 46 47 47 46 45 45 45 45 45 45 43
138 130 148 148 132 151 141 152 134 132 130 128 125 124 137 114 112 110 105 132 131 129 130 123 118 120 112 104 111 115 117 112 103 104 98 96 102 103 97 94 91 91 85 75 70 71 74 81 84 82 81 81 85 89 89 83 76 73 72 71 68 67 65 64 64 64 63 62 61 60 59 57 56 57 58 60 59 57 56 55 53 66 50 49 47 64 44 44 42 43 43 43 43 44 45 44
128 129 148 129 128 128 141 134 122 120 117 129 113 112 117 110 108 124 125 127 130 128 130 102 117 119 105 102 113 116 116 105 97 101 93 92 104 101 92 94 92 91 92 80 72 67 66 69 75 78 82 82 80 81 81 77 73 72 71 69 69 68 66 65 64 62 60 58 58 57 57 56 56 56 57 56 55 54 53 53 52 51 51 50 49 47 46 45 74 74 43 43 42 42 43 43
128 129 130 129 129 137 138 124 121 118 133 128 111 108 128 105 101 103 105 110 131 130 99 100 120 116 94 105 115 112 107 105 102 101 95 89 102 99 94 94 93 91 91 85 78 66 60 62 62 65 74 78 77 78 77 74 72 71 69 68 68 68 68 67 65 63 61 59 59 58 57 57 56 54 54 53 44 48 53 54 49 49 48 48 48 48 48 67 45 45 44 44 44 43 44 44
127 129 131 130 130 143 124 122 119 136 130 111 122 104 102 103 104 105 104 103 132 108 101 107 125 100 99 111 114 111 102 107 109 105 97 91 95 97 92 95 93 92 92 86 85 87 78 65 65 60 62 65 69 72 71 70 71 72 71 70 69 67 66 65 63 62 61 60 60 59 58 57 55 53 44 53 64 63 54 52 48 47 46 45 45 45 45 45 44 44 44 44 44 44 44 42
125 128 130 128 145 124 122 120 138 129 109 106 105 106 108 108 110 108 103 102 123 123 123 127 103 101 110 112 107 102 106 110 109 106 100 93 93 93 95 95 94 89 88 92 86 85 82 86 83 65 60 64 56 59 59 60 63 66 67 66 66 66 65 60 62 60 58 58 58 57 56 55 47 49 64 63 56 59 65 66 62 57 57 56 54 53 53 43 43 44 44 44 44 44 44 44
124 126 127 125 124 121 120 118 113 109 106 107 110 110 111 110 118 107 105 107 109 128 130 105 102 99 96 106 102 106 112 112 107 105 100 96 90 91 95 94 91 89 87 90 89 89 88 87 86 68 61 59 56 53 52 54 53 57 57 56 56 57 59 60 62 60 58 57 56 54 47 52 65 63 57 60 63 67 64 64 71 63 68 65 62 64 64 62 43 43 43 44 44 44 42 42
126 125 124 122 121 118 116 113 108 107 110 111 112 115 120 135 109 108 102 108 109 126 127 123 102 98 103 101 103 109 114 112 104 106 99 96 93 91 94 93 93 89 90 89 89 88 87 80 79 68 62 60 57 81 52 55 62 60 75 67 55 54 55 56 54 51 54 48 48 51 58 61 58 53 57 65 68 70 68 63 70 70 63 66 45 63 63 63 44 44 43 43 44 45 45 45
128 125 121 118 117 114 110 109 111 112 115 115 114 114 128 120 109 104 109 122 126 125 123 128 103 98 101 97 103 108 113 108 105 107 97 96 95 92 93 93 92 88 87 90 85 83 82 87 85 67 62 60 57 83 55 58 72 61 77 80 57 57 61 57 51 49 48 71 76 64 61 61 59 58 62 66 70 63 69 68 70 47 70 69 45 60 60 61 44 44 44 43 43 43 43 42
131 127 120 116 114 113 113 117 118 120 125 123 110 106 128 112 109 108 110 121 107 107 124 126 117 113 100 97 104 108 109 113 109 103 97 96 93 93 92 90 91 86 88 89 88 84 82 71 69 83 65 61 59 57 57 59 60 66 60 77 59 63 58 71 72 71 71 73 52 74 65 59 72 72 61 67 61 62 63 63 66 70 47 46 46 45 44 64 44 44 44 44 44 44 44 44
132 128 120 115 115 118 122 122 122 136 139 135 136 127 115 112 109 109 110 117 97 107 124 126 118 99 91 95 100 104 108 112 109 101 97 94 95 93 91 91 90 88 87 84 86 84 83 82 70 68 67 60 58 56 77 59 60 60 60 80 60 60 59 75 71 72 71 72 72 77 71 69 71 72 60 62 54 48 47 50 52 53 56 57 57 58 46 46 45 45 44 44 44 43 42 42
135 128 119 116 113 117 122 126 132 137 139 138 136 124 112 109 103 112 99 107 96 96 96 95 125 96 88 88 97 103 111 107 104 100 94 93 99 92 89 93 89 88 82 87 76 76 75 73 71 80 68 65 57 81 57 58 58 59 61 61 75 60 80 79 78 73 61 74 70 71 69 59 68 70 70 60 44 47 51 55 55 54 54 52 48 48 45 45 45 45 44 44 43 43 42 43
141 134 124 119 118 119 122 130 135 138 140 139 135 124 112 104 103 114 99 124 106 105 94 93 126 96 89 90 102 110 108 103 101 99 96 95 98 90 91 89 88 87 80 73 75 81 87 86 83 81 85 66 65 59 81 58 55 57 60 65 59 73 74 57 80 77 75 51 52 68 67 67 69 70 70 68 47 46 45 46 46 46 46 45 44 44 58 55 44 45 44 44 45 45 45 42
143 137 127 125 125 130 134 132 142 140 137 122 119 108 113 103 103 128 110 109 106 119 91 116 123 86 89 93 109 107 107 101 100 104 101 93 97 92 90 90 86 88 72 70 71 71 70 82 71 82 83 61 60 60 61 88 55 54 57 77 72 73 67 79 67 66 64 51 52 70 64 62 57 57 66 70 71 71 48 49 59 50 47 52 57 62 46 57 46 46 44 44 45 45 45 46
140 135 126 127 130 141 141 141 140 138 135 131 132 107 113 103 103 100 124 97 109 119 117 117 120 85 91 96 111 105 105 100 98 99 102 98 96 92 91 90 85 79 85 71 70 70 70 70 69 68 68 61 60 60 61 62 93 55 57 61 69 59 59 74 76 74 72 52 52 52 69 65 64 56 62 65 69 49 50 47 46 45 45 46 46 46 47 46 46 46 44 44 45 44 43 43
139 133 123 127 129 139 139 139 138 138 136 134 128 113 111 103 103 100 123 96 95 120 103 116 95 87 92 103 109 108 101 105 97 98 102 95 98 93 91 86 87 88 84 72 70 70 81 80 67 66 62 61 60 81 60 61 61 60 59 58 62 58 58 59 58 70 71 73 53 53 71 69 67 67 66 66 66 47 57 53 49 51 46 41 41 43 43 42 42 40 43 43 44 43 42 43
140 132 123 120 130 137 138 130 136 137 135 135 108 125 104 104 102 100 122 96 114 119 91 100 88 92 95 111 111 106 103 102 80 77 100 100 95 93 90 88 92 86 82 82 70 68 69 78 68 67 65 60 66 80 80 60 61 60 59 59 58 71 56 56 56 56 56 63 71 53 53 75 68 67 67 66 66 66 65 63 46 45 63 55 42 41 40 42 52 50 42 41 44 41 41 43
137 130 123 120 131 138 138 129 136 135 135 133 131 115 104 104 102 99 110 95 94 92 92 101 90 95 99 108 109 105 106 101 96 102 96 98 96 82 96 87 90 89 73 79 75 68 68 78 67 61 65 59 77 81 60 61 60 59 58 60 60 59 75 62 59 54 60 52 52 57 52 70 67 62 62 65 62 66 63 66 64 63 66 59 43 62 63 62 62 41 61 61 57 57 54 43
131 127 122 120 131 136 136 129 135 134 133 132 130 105 107 102 101 98 96 95 93 92 92 116 91 94 111 111 100 92 108 99 96 98 90 98 84 91 98 88 93 88 74 80 80 67 78 68 67 60 66 58 76 58 80 60 60 59 57 57 61 61 64 76 73 71 61 66 63 62 63 64 65 64 64 64 63 63 63 63 65 62 63 64 60 62 67 67 65 42 43 62 62 58 44 44
126 124 121 119 132 137 136 135 133 133 133 132 107 126 101 100 100 98 96 95 93 93 92 101 93 95 111 102 92 107 103 98 98 86 94 102 84 91 97 87 92 88 87 86 70 68 68 68 68 66 59 75 76 58 59 77 59 58 56 55 59 62 61 78 74 71 73 72 68 68 71 68 67 48 65 62 63 63 63 64 64 63 62 65 65 63 65 60 62 66 44 44 66 60 44 45
123 122 120 132 133 132 130 134 133 133 125 130 128 126 101 101 100 98 96 119 94 93 92 93 99 100 109 92 107 102 104 97 101 84 100 98 84 91 97 90 92 87 87 73 70 78 63 75 60 68 58 57 77 58 59 76 78 57 56 56 58 61 62 66 75 63 69 62 61 72 49 49 72 63 47 62 62 63 63 64 64 63 57 57 63 64 64 65 58 59 67 45 45 65 45 45
123 121 120 133 132 132 130 128 134 126 109 108 107 126 102 101 100 98 118 95 94 93 92 94 105 115 108 106 103 103 104 99 99 95 102 86 83 92 82 92 89 87 85 84 70 68 79 61 60 68 58 57 57 57 58 68 78 58 57 57 56 60 63 61 74 72 72 71 61 68 74 65 62 69 63 70 62 63 63 62 65 62 54 56 61 62 64 64 62 56 45 61 46 45 45 45
122 121 119 133 133 131 129 130 130 124 110 118 108 106 103 102 100 98 96 95 94 93 93 105 108 113 109 107 105 100 98 104 96 100 96 84 74 91 80 93 81 81 78 76 70 69 77 61 59 68 58 57 57 57 57 68 77 57 57 57 80 59 63 61 68 75 74 74 70 64 71 72 74 72 48 48 49 68 63 63 62 62 64 62 63 44 63 60 61 58 52 45 59 46 45 46
122 120 119 133 133 116 130 136 130 127 125 130 107 105 103 101 100 98 96 95 94 94 95 104 111 114 110 108 105 97 96 104 103 102 88 76 74 83 89 86 83 81 79 77 75 74 71 75 58 68 68 58 56 55 56 58 76 76 76 57 57 60 61 59 57 75 74 74 67 52 51 51 73 72 48 48 69 62 64 63 63 62 62 61 59 44 45 62 62 62 62 58 45 46 47 46
122 120 119 132 133 116 130 131 130 128 126 129 127 104 103 101 99 98 96 95 94 94 116 93 91 114 109 105 107 102 95 101 101 100 87 76 74 85 87 89 82 80 79 78 77 76 70 66 76 59 68 58 55 54 57 66 59 75 77 58 58 60 60 57 55 65 68 67 66 51 50 50 51 64 66 62 47 49 63 65 64 62 62 62 61 45 46 45 45 45 45 63 60 46 47 48
121 120 118 132 133 116 114 130 130 129 128 130 121 104 102 101 99 98 96 95 95 94 103 91 108 114 108 84 107 98 102 101 100 96 87 75 72 83 80 97 82 79 79 79 78 75 68 60 65 60 59 58 54 54 59 61 58 71 64 58 58 58 58 77 55 56 72 65 66 61 61 61 50 50 63 67 48 50 65 62 62 66 47 47 47 46 46 46 46 46 47 46 47 60 47 48
121 120 118 130 117 116 114 129 130 130 128 124 122 104 102 101 100 98 97 96 95 114 92 89 103 103 85 85 98 109 95 98 97 100 87 84 82 93 91 76 72 70 79 78 77 74 67 57 63 61 59 57 52 56 61 68 70 54 59 65 56 56 57 56 70 56 64 69 68 61 65 68 62 50 50 50 49 52 65 64 61 47 47 47 47 47 47 47 47 47 47 47 47 61 47 47
121 119 118 132 117 116 114 129 129 130 128 108 122 104 103 101 100 99 98 96 117 111 91 88 101 111 85 86 107 105 95 100 99 100 87 84 83 80 85 74 71 71 79 77 75 74 67 58 69 69 58 55 54 61 72 66 63 72 62 60 74 55 55 55 55 56 56 73 69 70 62 62 63 60 50 59 65 52 52 65 61 47 48 48 48 47 47 48 48 48 48 48 46 47 47 47
121 119 118 117 116 116 114 129 127 130 128 108 127 104 123 101 100 99 98 119 118 102 90 88 102 85 85 85 106 95 102 100 94 90 86 83 89 74 84 72 72 82 71 78 65 63 58 65 69 71 67 54 58 71 80 66 57 66 65 61 64 74 68 54 54 54 55 67 70 70 68 67 63 64 63 61 63 73 73 68 68 48 48 49 49 49 48 47 48 48 48 49 47 47 46 46
121 119 118 117 116 115 114 129 129 129 110 109 126 104 103 102 111 99 98 119 107 93 90 88 87 103 86 94 95 94 106 104 80 78 98 72 85 73 81 70 73 74 70 67 65 63 60 61 70 64 69 58 68 72 69 59 60 59 66 57 66 66 64 65 68 68 65 64 73 69 69 62 70 64 66 68 69 70 71 52 50 50 49 49 50 49 50 48 48 48 48 49 48 50 48 48
120 119 118 117 116 115 114 130 130 128 109 124 120 120 104 102 101 117 121 119 104 92 90 88 87 103 100 98 95 82 104 102 79 78 99 91 89 81 69 70 73 73 68 65 65 64 61 61 64 64 62 63 64 61 59 60 60 60 59 59 59 68 56 65 73 71 74 53 64 71 70 61 62 72 71 70 69 70 54 54 53 51 50 49 49 69 50 50 49 49 48 48 48 50 49 50
120 119 117 116 116 115 114 113 130 111 109 128 107 125 104 102 119 118 120 111 94 92 89 108 86 101 86 100 94 101 101 86 102 79 102 91 97 93 70 72 81 70 65 64 65 65 63 63 65 65 64 63 62 60 59 60 60 60 60 60 60 58 58 58 75 73 74 65 65 64 63 68 67 68 72 52 71 52 53 52 51 63 51 51 49 49 49 50 50 63 49 49 50 49 49 49
120 119 117 116 116 115 114 113 112 111 109 121 108 126 124 121 118 115 120 108 94 91 89 88 106 102 86 101 83 102 79 87 80 79 79 78 78 76 93 92 72 68 65 65 67 66 64 64 65 66 65 64 63 61 60 61 60 60 60 61 60 59 59 59 69 75 75 67 66 52 52 71 68 66 69 68 68 71 71 67 50 60 50 51 50 50 49 49 49 49 49 50 49 49 48 47
120 119 117 117 116 115 133 113 112 111 109 121 107 121 124 121 118 120 120 95 93 91 89 88 105 85 85 85 84 82 91 97 101 79 78 100 77 77 99 78 74 70 67 67 69 68 65 64 65 66 65 64 80 62 62 62 61 61 61 61 60 60 59 59 77 75 68 75 74 74 53 71 70 68 52 52 53 54 54 67 52 51 51 51 50 51 50 50 49 49 49 50 49 48 48 48
120 119 117 116 115 114 132 113 112 111 109 127 107 106 125 121 119 115 114 95 93 91 89 109 86 86 85 85 84 83 82 94 101 78 78 77 76 76 96 76 73 71 70 69 71 69 66 65 65 66 65 65 80 80 62 63 62 61 61 61 60 60 59 77 69 75 75 75 74 74 73 72 70 70 66 65 66 52 53 53 53 52 51 51 51 51 51 50 49 49 50 50 49 49 49 61
120 118 117 116 115 114 113 113 112 111 109 125 107 106 124 121 119 119 118 94 92 91 89 87 86 86 86 85 99 99 97 101 100 77 76 75 75 75 74 73 72 72 70 70 70 69 66 65 66 67 67 66 64 80 63 63 62 61 61 61 60 79 59 78 76 75 74 74 73 73 73 72 53 54 70 70 68 69 66 52 51 51 50 50 50 51 51 50 49 49 50 67 66 67 66 66
119 118 117 116 115 115 114 113 112 112 127 125 106 122 124 122 121 98 97 95 93 91 111 88 86 86 100 102 99 98 104 103 101 77 75 74 75 74 73 73 73 72 71 71 89 68 66 66 66 67 67 67 65 80 64 63 63 62 61 61 60 78 79 77 77 57 75 74 70 70 54 70 54 55 55 69 71 53 70 67 66 64 63 49 50 50 50 50 50 50 51 52 51 68 51 51
119 117 116 116 115 115 113 112 112 111 127 124 119 124 123 122 120 118 96 95 93 91 108 88 87 86 105 100 97 98 102 81 80 78 76 75 94 73 83 79 75 72 71 71 71 68 67 66 66 67 67 66 65 78 78 64 64 63 62 62 61 61 78 77 78 58 58 75 72 71 54 70 54 56 72 71 71 70 70 67 66 67 52 68 51 65 65 65 51 51 53 52 51 51 53 52
119 117 116 116 115 114 113 112 111 110 109 125 106 125 103 122 120 118 96 94 93 92 109 89 87 99 101 100 99 104 99 80 79 77 75 86 74 73 74 76 76 73 71 70 69 68 67 67 66 67 66 66 65 79 78 80 64 80 63 62 62 62 78 75 77 60 59 76 74 71 68 71 54 56 73 71 70 54 65 62 53 52 64 53 53 69 52 69 61 52 66 67 55 52 54 54
119 117 116 125 115 114 113 111 110 110 109 108 125 105 104 102 121 118 96 95 93 92 90 106 87 98 101 107 105 101 101 95 98 92 85 74 73 72 73 75 74 72 72 70 67 67 68 67 67 67 67 66 65 65 77 78 78 76 79 62 62 62 78 72 61 75 78 58 74 72 69 72 55 56 72 71 71 70 66 65 65 64 52 62 64 65 65 53 69 68 53 53 52 54 55 54
119 117 116 115 115 114 114 112 110 110 109 108 106 123 103 122 121 118 116 95 93 92 90 89 88 87 106 104 82 81 80 100 94 85 75 74 73 72 73 77 71 70 71 69 67 66 67 67 67 67 67 67 66 65 74 71 73 75 75 79 63 62 76 70 60 67 70 74 73 72 69 71 74 75 73 54 54 54 67 66 66 64 53 53 53 64 53 54 54 54 54 54 53 52 52 54
118 117 116 115 115 113 113 112 111 109 109 108 106 123 122 121 121 118 117 94 92 111 90 89 89 103 107 104 103 90 80 96 78 77 76 75 74 74 76 75 72 70 69 67 66 66 66 65 66 66 66 67 67 66 66 66 65 64 64 63 77 78 75 75 73 69 59 69 70 69 69 71 72 72 73 73 54 54 71 54 61 60 59 62 54 53 68 53 64 54 54 54 65 52 52 51
117 117 116 115 113 114 113 113 111 109 108 108 106 124 103 102 122 119 117 94 92 91 90 90 90 109 106 105 83 82 80 79 78 77 76 74 74 73 74 74 73 71 70 67 66 66 65 64 64 64 65 65 66 65 65 65 64 64 63 63 62 75 76 76 73 60 59 58 58 57 57 57 57 69 72 72 55 54 55 70 54 59 53 53 53 54 69 53 54 59 58 63 54 54 54 53
115 116 116 115 114 113 113 113 112 110 109 107 106 123 103 102 120 119 117 94 92 92 91 91 89 108 107 84 83 82 80 91 77 77 85 82 79 75 75 77 71 72 70 67 66 65 65 64 64 64 65 65 64 63 63 63 63 63 63 63 62 62 62 61 69 60 59 58 57 57 57 56 56 70 71 72 73 55 55 72 55 54 54 53 53 54 54 52 53 54 53 53 54 52 55 54
115 114 116 116 114 112 113 112 112 111 109 107 106 105 104 102 101 99 97 96 94 92 91 90 110 108 86 85 105 102 80 79 78 85 84 82 80 82 78 71 73 73 70 67 66 66 65 63 63 64 66 65 63 63 63 62 62 62 62 62 62 62 62 61 61 60 59 58 57 57 66 68 69 56 69 70 73 56 56 56 71 70 55 69 69 55 55 55 54 56 52 52 55 55 55 54
116 115 115 115 113 113 113 112 112 111 109 108 106 123 104 102 101 99 98 97 96 114 91 112 88 87 86 85 106 102 92 80 79 78 92 91 81 71 70 72 75 72 68 66 66 66 64 62 62 64 64 63 63 63 63 62 62 62 62 62 62 62 61 61 61 60 59 58 58 66 68 69 69 68 66 57 57 72 56 57 73 71 56 56 56 57 56 57 57 58 56 53 54 56 55 56
116 115 114 115 114 113 113 112 110 111 110 109 107 105 103 102 101 100 99 97 96 94 90 107 88 88 107 107 106 83 82 91 94 96 95 93 73 70 70 72 72 67 65 64 64 64 63 61 62 64 64 64 63 63 63 64 64 63 62 62 62 61 61 61 66 67 65 59 58 58 65 65 65 64 57 56 64 68 72 74 73 70 57 63 55 55 55 55 56 57 56 56 55 54 54 53
115 114 114 116 114 112 113 112 111 111 109 109 107 105 103 102 101 100 116 97 116 94 91 90 90 88 107 107 105 83 83 81 98 97 96 92 79 77 81 87 70 65 64 79 68 64 68 57 62 63 64 64 64 65 70 71 72 69 65 63 62 62 61 61 61 60 59 59 58 58 57 57 57 57 64 57 56 57 69 72 58 57 57 56 55 55 55 55 55 54 54 54 54 54 56 53
115 115 113 115 115 112 111 111 111 109 109 108 107 105 103 103 101 100 99 97 94 93 92 91 90 89 108 108 104 84 101 101 98 96 92 96 93 94 96 92 86 67 65 65 64 66 62 63 57 57 63 62 63 65 65 67 68 66 64 64 63 62 61 61 61 60 59 59 58 57 57 56 56 57 64 57 69 69 70 72 71 69 68 68 56 56 56 56 55 55 55 53 54 53 53 53
