examples/cougarCreek-fire/createInputs/farsite/7a-cougarCreek-polygonIgnit/cougarCreekFire_08-12-2015_1700_217m_non_neutral_stability_vel.asc
ncols	146
nrows	140
xllcorner	610065.000000
yllcorner	5095217.000000
cellsize	216.586807
NODATA_value	-9999.000000
[rows 0 to 34 of 140, columns 0 to 79 of 146]
8.75 9.19 9.91 10.40 10.54 10.79 11.11 11.46 12.02 10.30 13.05 13.73 14.33 14.60 15.09 15.72 15.88 16.06 16.47 16.55 16.85 17.09 20.63 21.33 21.18 21.23 21.73 22.41 22.96 22.98 22.21 21.38 21.78 22.04 21.87 22.13 22.36 28.00 23.45 21.50 23.73 23.47 20.91 23.47 23.28 23.11 20.34 20.23 20.08 19.67 19.20 18.79 18.63 18.34 18.09 17.80 16.85 16.05 16.23 16.17 15.51 15.16 14.97 14.64 14.25 13.60 13.20 13.29 13.31 13.28 13.05 12.55 12.22 12.09 12.32 12.45 11.69 11.11 11.25 11.18
8.75 9.19 9.91 10.40 10.54 10.79 11.11 11.46 12.02 10.30 13.05 13.73 14.33 14.60 15.09 15.72 15.88 16.06 16.47 16.55 16.85 17.09 20.63 21.33 21.18 21.23 21.73 22.41 22.96 22.98 22.21 21.38 21.78 22.04 21.87 22.13 22.36 28.00 23.45 21.50 23.73 23.47 20.91 23.47 23.28 23.11 20.34 20.23 20.08 19.67 19.20 18.79 18.63 18.34 18.09 17.80 16.85 16.05 16.23 16.17 15.51 15.16 14.97 14.64 14.25 13.60 13.20 13.29 13.31 13.28 13.05 12.55 12.22 12.09 12.32 12.45 11.69 11.11 11.25 11.18
8.50 8.92 9.56 9.87 9.93 10.24 10.58 10.95 11.53 12.02 12.50 13.24 13.76 14.01 14.59 15.13 15.23 15.50 16.05 16.31 16.73 17.33 21.07 21.29 20.67 20.81 21.44 22.11 22.65 22.41 21.37 20.61 21.37 21.92 21.82 22.26 22.75 22.51 21.88 21.63 21.64 21.29 21.07 21.08 21.08 20.87 20.25 20.19 20.11 19.64 19.27 18.96 18.80 18.50 18.24 17.75 16.55 15.97 16.42 16.37 15.70 15.33 15.15 14.79 14.26 13.55 13.41 13.68 13.63 13.33 12.73 12.17 12.02 12.15 12.53 12.47 11.49 10.98 11.24 11.30
8.37 8.72 9.17 9.29 9.30 9.63 9.97 10.38 10.92 11.39 11.96 12.75 13.27 13.51 14.00 14.35 14.44 14.88 15.67 16.27 16.90 17.52 21.35 21.52 20.66 20.67 20.92 21.36 22.07 21.57 20.33 19.67 20.64 21.54 21.65 22.14 23.03 23.26 22.46 21.92 21.80 21.49 21.41 21.20 21.17 20.99 20.09 20.15 20.29 19.82 19.46 19.08 18.86 18.62 18.29 17.43 16.16 16.12 16.68 16.67 16.24 15.70 15.45 15.03 14.24 13.77 14.02 14.27 13.95 13.22 12.37 12.00 12.11 12.50 12.83 12.47 11.34 10.82 11.22 11.57
8.18 8.41 8.67 8.74 8.73 8.97 9.26 7.24 7.81 8.62 11.37 12.16 12.86 13.12 13.35 13.64 13.79 14.42 15.46 16.20 15.36 17.01 19.26 21.49 21.34 20.89 20.11 20.52 21.74 21.37 20.33 19.45 20.02 21.15 21.41 21.79 22.92 23.72 23.21 22.46 21.96 21.83 21.81 21.31 21.27 21.11 20.39 20.56 20.79 20.32 19.61 19.01 18.80 21.04 17.98 17.02 16.24 16.79 17.16 17.13 16.90 16.09 15.73 15.06 14.34 14.43 14.60 14.38 13.70 12.89 12.48 12.44 12.63 12.89 12.83 12.23 11.14 10.67 11.25 11.76
7.95 8.08 8.15 8.15 8.16 8.38 8.62 8.99 9.52 8.01 8.71 9.91 12.36 12.67 12.79 13.10 13.26 14.12 13.74 15.91 15.30 16.31 18.05 21.24 22.04 20.92 19.48 20.43 21.99 21.71 20.36 18.97 19.69 20.88 20.98 21.64 22.93 23.86 23.65 22.90 22.25 22.18 22.06 21.51 21.44 21.43 21.00 21.04 21.07 22.35 21.64 20.86 18.63 18.16 17.63 17.09 16.82 17.49 17.81 17.69 17.26 16.44 15.80 14.94 14.79 15.03 17.36 14.15 13.30 12.91 13.02 12.95 12.91 12.82 12.42 11.72 10.87 10.83 11.51 11.84
7.58 7.64 7.58 7.58 7.68 7.89 8.09 6.09 6.70 7.53 7.95 8.95 10.57 12.21 12.47 12.67 12.99 13.89 12.93 13.90 15.18 15.88 17.36 20.16 22.52 21.49 19.91 20.67 22.09 22.04 19.53 18.67 20.17 20.68 20.42 21.65 22.97 23.59 23.73 23.70 23.25 22.66 23.06 21.87 21.89 22.67 22.70 23.06 23.22 22.39 25.07 18.70 20.77 17.95 17.74 17.64 17.57 18.01 18.26 17.97 17.42 19.29 18.62 15.17 15.37 17.55 14.54 13.86 13.24 13.36 13.43 13.01 12.68 12.36 11.97 11.48 11.01 11.20 11.66 11.78
7.23 7.25 7.16 7.15 7.26 7.39 7.55 5.55 6.19 6.61 7.24 8.11 9.59 11.29 12.34 12.38 12.83 12.78 12.53 13.44 15.00 15.95 17.21 19.86 22.62 22.05 20.77 20.98 22.06 21.89 18.95 18.93 20.70 19.98 19.73 21.52 22.84 23.27 23.58 23.82 23.99 23.83 23.10 22.87 23.16 23.58 23.58 23.33 22.88 25.78 21.50 20.48 18.38 18.05 18.15 18.07 18.06 18.35 18.43 18.08 19.89 19.24 15.79 15.74 15.62 17.69 14.40 13.75 13.52 13.63 13.30 12.65 12.30 12.14 11.95 11.54 11.15 11.36 11.72 11.80
6.99 7.01 6.94 6.88 6.88 4.57 7.09 5.48 5.57 6.07 6.79 7.56 8.75 10.40 11.83 12.17 12.26 12.59 12.12 12.72 15.00 16.01 13.03 15.58 22.37 22.65 21.53 21.35 21.73 21.39 19.56 19.54 20.80 19.12 19.36 21.06 22.72 22.99 23.13 24.06 24.87 24.30 23.27 23.32 23.68 23.05 22.76 22.55 22.04 21.45 20.86 20.86 20.74 20.06 20.10 18.33 18.47 18.61 20.87 18.02 19.34 16.76 16.39 16.12 18.02 17.53 16.92 15.90 13.72 13.50 12.92 12.33 12.27 12.27 11.95 11.36 11.09 11.54 11.90 11.83
6.81 6.81 6.69 6.55 6.51 4.52 4.46 4.74 5.42 6.03 6.66 7.25 5.07 9.60 11.29 11.94 12.30 12.68 11.69 8.95 11.19 15.99 16.48 18.54 18.88 23.37 22.33 21.55 21.03 21.41 19.98 19.44 20.18 19.02 18.90 21.08 22.69 22.76 23.39 25.10 25.68 24.70 23.84 24.23 24.16 22.95 22.08 21.90 21.96 21.62 21.72 20.91 20.83 19.91 18.56 18.84 18.85 18.70 20.30 17.94 17.56 17.37 16.93 18.62 17.83 17.05 16.36 15.70 13.71 13.25 12.68 12.34 12.39 12.27 11.69 11.11 11.29 11.98 12.06 11.74
4.39 6.65 6.44 6.25 6.20 6.21 4.62 4.41 4.72 5.30 6.08 6.85 7.73 6.12 10.56 11.23 12.31 12.21 11.70 12.66 10.81 13.03 16.19 17.87 17.50 24.31 25.27 23.33 21.09 21.65 20.14 19.34 20.13 18.98 18.67 20.86 22.62 23.04 24.32 26.08 26.17 25.08 24.69 28.64 28.46 26.31 22.48 22.42 22.34 25.64 25.28 23.91 19.10 18.22 19.19 19.49 19.07 19.90 18.31 18.13 18.16 18.62 19.59 18.68 17.41 16.73 16.65 16.13 13.59 13.03 12.61 12.41 12.30 12.08 11.52 11.18 11.75 12.31 11.95 11.47
6.76 6.63 3.95 3.91 3.86 4.17 6.02 4.48 4.41 1.87 2.84 6.48 7.57 8.38 9.57 10.53 11.87 11.65 11.79 12.68 10.63 13.05 13.12 17.50 21.19 22.85 26.37 23.00 22.47 21.55 19.96 19.54 19.80 18.61 18.84 21.00 22.61 23.51 24.78 26.40 26.93 28.15 27.47 27.71 28.07 27.05 22.79 22.67 25.58 25.60 24.23 19.69 17.87 18.93 20.11 20.84 20.37 20.04 19.24 18.49 18.68 20.42 19.58 18.49 17.75 14.84 14.22 13.77 13.43 12.83 12.51 12.37 12.19 11.94 11.49 11.44 12.10 12.29 11.65 11.21
6.85 6.70 6.48 3.98 3.74 3.84 5.84 4.84 4.70 4.54 1.74 3.02 4.96 8.15 9.09 10.34 11.64 11.06 11.47 12.53 10.95 13.05 14.04 12.31 20.30 19.53 26.44 23.00 23.20 24.67 19.97 19.43 19.04 18.52 19.44 21.68 23.07 23.52 24.33 27.10 29.82 29.61 27.81 27.87 27.84 26.17 22.70 25.43 25.20 21.10 20.21 19.09 18.37 19.88 21.33 21.41 20.85 20.57 19.95 18.98 21.34 20.51 19.35 15.91 15.24 14.68 14.07 13.66 13.28 12.70 12.43 12.43 12.25 11.83 11.58 11.81 12.24 12.03 11.38 11.04
6.89 6.65 6.36 6.09 5.87 4.18 5.61 5.62 5.15 4.97 5.03 1.38 2.56 5.26 8.66 10.00 10.98 11.10 11.49 10.08 10.88 12.56 14.77 13.58 14.48 19.36 25.71 23.65 24.63 25.81 24.31 19.01 18.82 18.89 18.76 20.92 22.99 22.49 21.80 26.58 32.79 31.74 29.00 28.48 26.75 22.65 22.80 25.64 24.52 20.47 19.88 19.15 19.12 20.27 21.91 21.90 21.85 21.60 21.23 21.46 21.64 20.68 16.62 15.87 15.13 14.50 14.01 13.62 13.22 12.74 12.57 12.59 12.26 11.78 11.76 12.03 12.10 11.69 11.17 10.93
6.89 6.57 6.25 5.97 5.72 5.50 5.33 5.27 5.34 4.93 5.12 5.19 5.83 2.17 4.70 8.59 10.85 11.39 10.80 11.56 12.84 13.94 16.61 16.27 15.53 19.25 24.54 24.08 25.13 26.06 24.63 18.61 17.99 19.08 19.14 20.88 23.01 22.53 21.72 25.68 37.54 33.04 29.18 27.44 25.22 24.75 25.68 26.83 26.05 23.51 19.77 19.90 20.15 20.77 21.77 21.77 24.45 21.50 21.31 21.51 18.56 17.59 16.52 15.80 17.51 16.20 15.46 15.02 13.34 13.00 13.55 12.54 12.14 11.83 11.81 11.92 11.84 11.45 11.03 10.85
7.07 6.70 6.31 5.96 5.67 5.41 3.73 3.38 3.71 4.37 4.60 4.70 1.33 2.38 3.21 5.29 10.01 11.03 10.23 11.53 13.41 14.61 17.74 18.60 16.36 18.74 23.39 24.60 25.56 26.21 22.86 18.89 19.41 19.69 19.59 21.27 21.72 22.39 24.85 28.59 35.62 33.02 30.25 27.79 26.23 27.05 28.13 27.56 25.86 22.33 19.84 20.96 23.49 23.59 21.66 22.21 25.32 21.30 23.29 21.27 21.00 19.95 18.36 17.33 16.17 15.72 16.04 13.65 13.59 13.24 12.69 12.25 11.99 11.88 11.75 11.70 11.61 11.34 10.98 10.77
7.15 6.77 6.37 5.98 5.66 5.43 5.22 3.73 3.25 3.61 4.13 4.42 1.42 2.09 3.20 4.80 4.11 8.03 7.91 9.52 12.09 13.61 18.05 18.53 17.85 18.61 23.01 25.10 27.06 25.81 20.67 18.40 20.29 20.24 20.17 20.90 20.72 22.71 27.17 30.88 31.88 32.19 31.22 29.39 28.35 29.07 28.26 26.70 24.32 21.93 20.57 25.24 25.44 25.19 24.72 23.03 21.86 23.96 21.28 21.13 20.78 19.19 17.76 17.27 16.26 16.87 14.20 15.10 13.80 13.19 12.41 12.04 11.91 11.88 11.75 11.56 11.42 11.29 11.02 10.72
7.01 6.63 6.28 5.95 5.61 5.33 4.96 4.09 3.28 1.52 3.94 4.48 1.09 1.84 2.97 5.76 5.71 4.51 5.20 6.69 8.27 9.92 15.77 21.50 19.20 19.10 23.48 25.54 26.05 23.23 19.63 19.14 19.44 19.72 20.75 19.47 20.01 23.34 28.03 31.41 31.33 31.64 30.74 29.19 28.70 28.52 27.67 25.76 23.82 23.40 25.68 25.82 25.46 24.81 26.04 22.66 21.38 23.22 21.69 20.76 20.07 19.21 18.58 18.10 17.56 14.95 14.14 16.81 16.78 12.92 12.24 12.01 11.93 11.86 11.79 11.55 11.31 11.23 11.06 10.74
6.95 6.55 6.21 5.92 5.60 5.27 5.02 4.03 1.91 1.29 3.71 4.34 3.26 2.16 1.34 2.14 3.42 4.52 5.02 6.41 7.76 9.27 11.13 18.35 19.37 20.51 24.12 25.56 24.39 22.44 20.53 19.95 19.20 19.11 19.93 18.18 19.27 23.70 28.56 30.42 30.45 30.96 30.78 30.10 28.30 27.43 27.09 25.58 23.78 25.54 25.49 25.33 24.70 20.65 25.73 25.26 20.63 21.17 24.22 20.20 19.47 21.78 18.97 18.31 15.61 17.74 17.15 16.81 13.52 12.72 12.30 12.11 11.91 11.83 11.86 11.60 11.22 11.12 11.02 10.75
6.95 6.53 6.21 5.94 5.64 5.33 4.52 4.23 2.53 1.76 3.79 2.34 3.31 1.82 1.90 4.26 4.67 4.73 5.53 6.19 7.99 10.29 9.43 13.73 18.01 22.06 25.33 25.45 23.77 22.48 21.81 20.66 22.33 17.64 18.06 18.39 19.13 22.32 27.98 30.37 30.81 31.44 31.19 29.83 28.58 27.98 27.16 26.17 25.79 26.30 25.18 24.01 21.58 23.68 25.33 23.25 22.61 21.27 23.26 22.28 20.00 22.48 19.03 18.04 17.90 14.81 14.04 13.69 13.34 12.72 12.40 12.16 11.86 11.84 11.95 11.56 11.11 11.05 10.96 10.73
7.01 6.60 6.26 5.55 4.99 4.69 4.58 4.30 3.72 2.26 3.80 2.15 1.34 2.05 1.91 2.48 4.85 5.34 6.61 6.61 8.20 10.90 8.25 10.69 13.95 21.80 25.95 24.94 23.85 22.97 22.62 22.26 18.19 15.25 17.27 19.34 20.24 22.55 27.13 32.24 33.14 32.99 30.77 29.20 28.25 28.12 27.32 26.69 18.88 25.30 24.75 23.15 22.84 25.41 22.51 20.78 21.67 24.26 23.93 22.47 22.20 22.41 18.30 17.53 15.68 14.77 14.00 13.54 13.20 12.71 12.43 12.18 11.87 11.87 11.92 11.43 11.06 11.06 10.96 10.69
6.97 6.67 6.39 5.66 5.08 4.96 4.75 4.47 3.95 2.56 2.80 2.15 1.96 1.36 3.58 6.94 2.60 2.62 4.32 5.23 6.17 9.68 8.66 10.85 14.82 20.63 24.50 24.39 24.31 23.91 23.00 24.56 17.78 13.82 16.85 19.81 21.44 22.62 28.70 33.55 34.11 29.91 30.92 29.43 28.14 27.99 27.34 26.47 24.40 23.05 24.06 22.56 24.53 22.59 19.95 22.76 25.06 25.68 24.37 21.77 22.68 22.42 20.79 16.33 17.88 17.24 16.69 16.31 13.07 12.62 12.48 12.28 11.89 11.83 11.78 11.33 11.11 11.11 10.96 10.65
6.73 6.52 6.36 6.12 5.73 5.47 5.18 4.74 4.22 3.16 3.21 3.16 1.59 3.79 1.33 6.49 4.19 8.10 3.35 4.65 5.83 7.40 8.01 9.04 13.02 19.98 24.26 24.74 25.99 25.75 23.96 22.37 17.65 15.87 16.51 21.57 20.09 21.73 29.53 33.37 29.08 28.20 27.62 28.96 28.09 28.21 27.76 25.61 23.14 21.83 22.06 21.37 21.89 19.18 21.53 25.23 24.90 25.39 23.93 22.09 23.55 22.68 18.94 18.79 18.27 17.30 16.26 13.48 12.97 12.63 12.62 12.32 11.83 11.73 11.64 11.34 11.22 11.10 10.90 10.61
6.60 6.39 6.22 6.01 5.76 5.46 5.27 4.72 4.88 3.26 2.98 3.99 2.68 2.62 1.43 0.68 1.24 2.37 3.59 5.88 7.79 8.33 8.29 6.72 10.22 16.96 25.36 25.20 26.96 26.11 23.80 24.52 17.74 14.10 16.40 18.30 20.10 23.10 28.79 33.18 31.12 27.06 27.39 29.00 28.41 27.94 26.98 24.98 22.32 22.21 20.16 19.63 21.74 20.93 23.85 25.97 24.59 25.20 24.44 24.10 24.43 19.93 18.67 16.13 17.30 16.54 15.84 15.48 12.99 12.75 12.63 12.20 11.74 11.66 11.55 11.38 11.32 11.04 10.77 10.57
6.52 6.34 6.18 5.92 5.66 5.40 5.39 4.90 4.52 4.07 2.91 3.80 3.21 2.13 2.14 0.09 1.00 1.91 2.90 4.01 6.01 8.46 9.47 6.98 9.18 15.71 25.00 25.35 25.17 24.68 24.74 24.74 19.12 15.29 15.97 16.60 20.37 24.06 30.15 33.16 29.72 28.89 29.78 21.20 28.63 27.63 27.07 25.33 24.10 23.08 18.64 19.95 23.54 24.36 26.43 27.36 26.68 26.42 25.45 24.53 24.29 19.63 20.04 19.54 17.55 16.67 15.80 15.67 13.09 15.28 12.46 12.05 11.74 11.63 11.48 11.40 11.38 10.99 10.64 10.53
6.43 6.29 6.21 5.98 5.71 5.42 5.43 5.05 4.74 5.29 3.47 3.88 4.00 2.99 2.28 1.17 0.59 1.44 2.16 3.18 4.51 7.38 8.64 7.41 9.06 15.92 25.02 25.88 22.44 25.15 28.48 21.70 19.15 21.48 15.92 18.19 21.82 25.88 32.29 30.05 25.56 28.86 29.17 28.06 27.83 20.68 27.88 18.66 24.19 21.95 18.62 20.98 25.60 25.03 27.32 28.30 27.90 19.91 25.62 24.62 23.93 19.23 20.56 21.94 18.21 16.88 16.53 16.44 16.16 15.89 15.53 12.00 11.77 11.62 11.44 11.40 11.34 10.96 10.58 10.46
6.36 6.23 6.20 6.05 6.30 5.84 5.73 5.42 7.38 6.69 5.09 4.85 4.37 3.42 1.68 1.89 0.48 1.18 2.13 2.90 4.70 7.13 7.34 6.28 9.05 15.91 25.22 25.83 21.54 26.51 28.69 24.84 23.63 20.17 17.30 18.94 23.63 27.40 30.74 30.51 28.56 28.17 28.53 27.62 27.09 27.02 26.42 25.04 23.34 21.14 19.18 22.93 25.07 24.83 26.67 27.73 27.31 26.05 25.18 24.43 23.54 19.14 18.43 21.47 21.13 20.76 17.37 16.89 16.26 15.84 15.50 12.02 11.79 11.63 11.49 11.36 11.21 10.96 10.62 10.41
6.31 6.14 6.07 5.97 6.75 6.36 5.85 5.55 8.52 8.14 6.19 5.10 4.16 3.93 3.98 2.27 1.08 0.57 2.15 2.85 5.03 7.08 6.52 3.90 7.35 15.08 25.64 27.67 23.91 28.33 27.08 23.89 22.57 18.86 18.88 20.87 25.99 29.31 29.37 29.46 28.53 27.54 27.96 27.60 26.68 26.46 26.21 24.84 23.93 20.39 19.80 24.24 25.12 22.86 26.43 27.93 26.77 25.21 24.73 24.80 24.38 23.59 23.23 22.57 21.93 21.22 20.39 16.90 16.21 15.62 15.28 12.06 11.78 11.67 11.52 11.29 11.11 10.96 10.69 10.44
6.39 6.18 6.04 5.90 5.79 6.46 5.95 5.36 5.01 7.49 6.39 4.85 4.01 4.43 5.00 3.39 1.57 0.28 1.59 2.46 4.63 6.54 5.96 3.12 4.59 13.81 24.47 32.08 29.53 30.29 25.53 22.51 22.93 21.49 22.72 25.16 28.26 28.78 28.50 29.16 28.71 28.60 28.68 28.35 27.38 19.35 19.22 17.88 23.34 17.30 20.93 26.17 24.66 22.26 29.19 28.33 26.78 26.05 26.00 25.55 25.05 24.14 23.14 22.48 21.67 20.97 20.22 16.90 16.48 15.95 15.62 12.08 11.80 11.70 11.51 11.24 11.10 10.95 10.69 10.50
6.48 6.25 6.07 5.89 5.75 6.45 6.20 8.20 6.54 6.56 6.09 5.09 3.97 3.29 3.41 3.11 1.34 0.22 1.38 2.26 4.18 6.13 5.39 4.94 5.44 8.83 20.52 29.19 33.36 30.74 25.72 22.40 24.02 24.43 24.89 26.01 25.94 26.98 28.69 29.14 29.16 29.50 24.83 19.93 19.22 19.38 18.51 23.68 17.14 18.04 21.67 26.32 25.32 26.42 30.40 28.07 27.23 26.75 26.10 25.23 24.68 24.10 23.27 22.35 21.47 17.63 17.26 16.93 16.57 16.13 15.78 12.18 11.91 11.74 11.50 11.24 11.13 10.93 10.69 10.53
6.58 6.32 6.15 5.99 5.79 6.36 6.17 6.00 8.69 8.08 7.75 6.55 5.10 3.68 3.22 2.80 0.83 1.39 2.56 3.55 5.15 7.11 5.58 5.16 2.04 2.90 15.45 28.02 31.16 31.30 27.41 26.09 26.21 26.47 27.59 26.96 24.14 25.53 29.31 26.40 24.24 24.47 19.86 19.32 19.28 19.62 24.59 18.72 17.46 18.96 21.34 24.58 29.47 30.61 29.45 27.75 26.40 26.10 25.65 24.90 24.49 24.08 23.14 22.23 21.38 17.60 17.03 16.67 16.25 15.76 15.17 12.32 12.04 11.79 11.51 11.22 11.11 10.93 10.71 10.54
6.75 6.42 6.17 6.08 5.94 6.41 6.14 5.94 8.91 8.82 8.37 8.61 7.47 6.10 4.00 3.02 1.85 0.22 2.12 3.93 6.15 7.03 4.90 3.92 2.19 8.25 17.34 25.54 25.66 29.25 30.25 29.81 27.04 27.70 28.44 24.15 23.90 25.12 26.62 22.40 23.90 23.93 18.95 18.87 19.14 19.58 18.04 19.71 16.71 19.19 21.17 24.20 31.77 29.90 26.99 26.08 26.03 25.60 25.36 24.71 24.52 24.00 23.29 22.14 21.35 20.90 17.33 17.01 16.56 16.11 15.93 15.73 15.38 15.16 11.60 11.28 11.10 10.92 10.75 10.54
6.91 6.65 6.29 6.05 5.99 6.31 6.08 5.89 8.82 8.88 8.44 7.67 6.85 5.25 4.07 3.63 3.06 2.12 1.09 2.88 5.10 5.51 2.54 0.99 6.22 13.09 18.32 21.62 18.71 26.70 30.69 31.52 27.01 26.17 27.63 25.50 24.67 27.65 25.39 26.99 23.38 23.14 18.54 18.75 18.84 19.22 18.35 20.34 15.15 17.84 21.24 24.80 30.31 28.86 25.72 27.41 28.00 26.52 25.63 24.92 24.50 23.80 23.05 22.46 21.92 14.78 20.86 13.89 19.92 19.46 12.98 18.28 15.72 12.00 11.75 11.39 11.08 14.09 14.21 10.60
6.86 6.96 6.35 6.38 6.29 6.27 6.18 6.05 8.73 8.97 7.80 6.86 5.69 5.14 4.69 4.14 3.62 3.35 3.29 2.82 3.47 3.61 2.63 4.41 10.42 14.52 16.64 13.04 17.02 23.39 31.67 33.95 27.44 24.80 25.68 26.17 26.58 26.90 25.50 25.79 26.04 22.59 18.56 18.88 26.22 25.00 24.09 20.94 14.48 15.56 19.40 20.89 25.43 33.02 30.74 31.13 28.88 26.49 25.69 19.64 24.93 24.21 23.57 15.90 15.36 21.46 14.36 20.11 19.36 16.56 16.36 15.61 12.24 12.09 11.83 11.42 11.04 10.77 14.13 10.68
6.49 6.84 7.27 6.66 6.60 6.57 6.45 8.54 8.59 8.27 8.10 8.43 7.50 5.95 4.89 4.60 4.18 3.53 2.99 0.76 5.35 4.47 3.93 7.29 9.44 14.47 13.02 13.71 13.95 22.64 30.90 33.85 30.06 24.68 25.01 26.93 27.85 27.04 27.01 27.37 27.89 27.49 26.88 27.12 26.76 25.60 23.95 21.03 15.23 15.09 16.98 21.05 23.94 26.18 27.18 28.98 29.29 27.13 26.26 25.14 24.57 23.46 18.94 22.53 21.81 21.14 17.66 17.05 15.98 13.38 13.35 12.87 15.11 15.47 15.42 15.00 14.57 10.86 10.77 10.71
