examples/cougarCreek-fire/createInputs/farsite/7a-cougarCreek-polygonIgnit/cougarCreekFire_08-13-2015_0300_217m_non_neutral_stability_ang.asc
ncols	146
nrows	140
xllcorner	610065.000000
yllcorner	5095217.000000
cellsize	216.586807
NODATA_value	-9999.000000
[rows 44 to 87 of 140, columns 0 to 95 of 146]
303 305 309 316 328 339 336 328 326 329 334 342 2 357 333 332 337 326 329 315 303 312 325 359 325 333 332 324 300 288 281 269 288 312 326 330 310 299 290 277 261 251 246 248 252 257 260 266 273 268 260 269 282 283 271 254 232 228 234 239 230 218 216 226 225 231 227 214 210 203 186 173 168 166 163 161 135 101 193 63 146 202 215 195 153 124 100 75 49 40 56 260 313 184 324 292
296 300 305 311 322 330 330 326 322 326 335 3 19 307 314 325 329 332 307 317 305 333 338 357 0 356 346 327 294 284 277 269 287 290 300 314 323 340 325 292 259 267 270 280 290 265 256 256 275 282 264 249 251 243 231 217 218 221 228 226 217 226 227 221 211 206 218 210 188 199 213 201 201 204 204 203 173 191 186 198 95 169 209 204 172 139 119 95 71 49 64 127 241 176 330 133
294 297 302 309 315 320 323 324 318 317 341 15 319 318 326 329 333 333 313 310 312 330 338 352 4 8 360 330 287 281 269 284 284 284 282 290 323 336 326 330 328 314 312 315 319 287 270 257 256 228 217 222 235 233 221 216 209 225 231 225 215 210 207 202 195 203 183 185 205 187 192 193 189 210 204 205 185 212 198 182 216 156 190 200 184 154 132 118 93 72 332 126 178 145 126 126
293 296 302 309 314 316 320 323 314 314 353 327 332 322 325 328 338 335 322 312 314 326 336 353 15 26 10 329 289 278 289 278 269 281 279 274 314 342 339 331 349 333 337 342 317 303 267 253 224 209 201 204 224 229 222 226 235 214 206 204 208 204 206 207 193 187 202 206 188 193 198 221 216 209 207 212 186 184 175 191 192 142 165 191 190 168 151 139 127 108 95 109 128 13 130 127
293 296 306 313 316 317 318 327 344 327 332 331 330 333 337 340 341 332 324 314 314 316 337 12 34 32 3 309 299 281 292 279 263 283 277 276 307 341 343 348 349 354 356 1 304 273 252 235 231 197 208 232 218 226 230 219 217 198 195 199 198 195 193 193 194 193 190 189 222 224 224 231 217 215 224 219 224 189 225 195 176 203 147 171 185 181 169 156 150 138 124 114 30 118 7 360
296 300 307 313 316 313 317 328 332 331 329 328 329 333 337 334 339 342 337 325 311 311 339 11 22 13 329 330 319 302 299 285 278 278 277 279 315 333 340 345 360 338 5 1 1 290 287 264 269 260 247 241 217 202 203 190 191 200 192 200 204 205 202 199 218 219 220 220 237 236 228 210 210 204 202 212 222 223 176 179 179 173 131 139 153 176 178 172 163 156 147 134 119 19 17 6
296 299 305 309 316 319 323 331 333 331 329 328 329 325 329 342 349 348 339 325 314 314 329 354 11 10 354 329 320 312 321 307 291 283 278 280 313 347 335 339 342 332 331 349 14 17 346 319 301 289 253 227 228 211 198 195 195 190 211 239 200 212 212 206 198 189 186 180 171 173 179 180 178 195 200 201 180 176 170 199 165 140 120 122 124 137 166 173 174 171 163 152 138 124 114 110
293 296 304 315 323 326 328 331 331 330 328 328 330 332 334 344 356 356 341 328 324 324 323 335 3 16 359 330 317 315 328 321 298 284 275 272 300 329 331 334 332 324 315 312 337 351 4 356 21 55 60 63 248 214 190 193 191 184 212 230 248 285 219 214 200 189 211 180 221 203 197 208 206 202 211 182 178 179 181 212 176 161 133 125 209 114 113 138 170 175 173 167 158 147 135 123
293 296 309 320 324 326 329 329 328 326 325 326 331 334 335 343 356 356 341 327 334 337 331 338 7 17 348 322 310 317 325 325 304 285 271 262 285 317 319 324 321 320 311 303 310 312 316 261 151 75 30 22 17 10 191 191 205 215 221 226 231 272 291 206 193 182 178 174 209 245 206 199 194 191 187 178 171 180 193 189 218 169 157 144 133 174 256 101 124 154 168 171 170 163 153 137
299 306 336 323 324 328 331 327 324 323 322 324 330 337 340 337 340 339 333 331 338 342 340 353 14 2 324 314 309 307 313 320 302 284 267 256 276 294 302 316 327 327 312 302 298 297 297 300 316 341 350 8 22 29 17 238 213 256 263 252 239 263 294 263 230 201 168 95 21 358 354 333 297 300 299 299 277 237 257 171 169 165 193 193 181 138 125 120 112 98 102 135 162 168 162 147
302 313 327 327 328 330 332 325 322 320 319 324 336 351 8 335 327 326 327 331 339 343 346 5 12 351 327 320 304 298 302 313 297 285 265 256 276 303 309 326 336 347 330 300 273 270 280 286 286 289 318 359 357 20 27 333 245 322 290 250 223 303 349 326 315 330 10 15 357 344 302 297 314 172 276 238 209 142 218 270 237 218 210 161 156 187 140 189 111 100 106 60 135 157 160 157
291 312 321 322 323 326 322 319 321 321 320 329 344 9 354 335 325 321 323 330 338 343 353 12 10 348 331 316 304 299 313 306 300 296 266 263 301 307 317 324 337 351 346 4 325 266 246 262 283 298 297 300 351 300 31 27 34 1 311 272 259 309 290 243 284 315 284 311 224 129 123 126 215 305 178 179 332 316 183 130 171 190 159 165 160 153 150 140 127 129 133 133 133 133 143 151
281 302 302 303 302 309 308 308 313 314 311 342 329 345 344 330 321 316 316 323 332 339 358 18 11 351 334 319 304 301 300 299 282 273 266 270 304 298 302 325 333 346 348 16 355 319 239 222 248 264 298 307 300 327 327 340 342 332 318 296 256 193 181 155 162 148 195 121 132 132 133 204 226 210 150 161 117 95 113 131 180 147 157 162 161 193 157 153 152 156 155 184 141 170 192 133
288 290 297 295 294 303 303 299 293 276 347 344 324 346 322 318 314 311 311 317 326 336 4 19 10 354 337 310 308 303 331 295 284 275 270 269 309 294 278 321 328 332 343 347 12 357 319 307 266 261 259 268 307 304 293 304 297 216 240 241 235 229 170 138 145 150 151 152 152 150 152 149 209 137 120 124 131 134 136 165 172 172 178 190 151 151 152 154 161 169 165 183 189 186 139 171
299 304 343 310 307 305 301 294 272 238 262 275 316 294 304 305 308 310 314 321 331 343 1 9 4 355 333 315 307 307 308 294 291 285 276 274 301 288 258 321 315 318 335 345 348 12 4 355 340 326 300 264 262 278 260 227 172 210 321 264 223 224 175 174 181 193 154 165 167 160 153 169 118 122 129 137 142 147 170 170 144 141 165 170 172 171 180 142 223 160 164 161 157 153 149 163
302 314 331 319 311 303 299 288 259 24 281 283 287 299 308 311 311 314 322 333 343 351 354 2 6 358 329 312 307 345 302 302 300 290 280 276 281 292 291 306 316 316 328 340 353 355 352 344 359 358 356 4 333 323 19 298 294 293 357 117 148 164 152 130 125 130 197 219 228 214 60 110 129 138 141 146 149 152 176 171 173 150 170 168 167 142 168 178 187 193 159 159 204 184 151 173
300 315 328 316 305 299 291 294 27 303 303 304 308 313 316 316 315 317 328 341 347 357 347 359 8 359 334 320 319 317 316 309 301 308 283 278 275 292 296 305 304 312 319 325 336 350 359 27 23 25 321 333 15 356 340 343 334 351 71 89 111 140 154 156 150 195 171 131 138 107 116 133 141 147 148 148 173 174 155 158 159 180 180 182 186 183 187 183 187 194 195 206 154 181 185 166
298 337 316 306 301 291 291 17 316 318 320 321 323 324 322 319 319 322 332 343 342 346 345 355 2 357 342 329 324 320 317 309 299 292 287 280 274 274 304 302 302 301 312 315 320 334 340 344 48 339 322 309 301 293 329 341 27 107 118 124 120 121 136 155 158 142 124 128 139 145 145 147 150 150 169 169 151 153 157 162 164 163 164 165 163 161 185 186 191 196 196 195 150 181 147 147
315 318 311 301 296 294 335 317 317 322 326 325 326 325 320 320 322 329 336 341 349 345 348 351 355 353 346 337 328 322 317 308 298 292 287 284 279 294 302 302 302 297 310 320 316 328 332 328 332 320 305 298 311 13 329 249 159 136 133 141 142 137 135 143 153 154 150 148 146 147 151 153 153 150 167 149 153 154 156 160 164 165 167 166 195 197 195 196 200 199 197 197 198 190 182 171
342 333 315 304 301 304 314 321 323 325 326 325 324 323 319 322 326 336 341 339 344 343 349 343 347 348 345 336 329 324 318 311 302 294 289 288 306 279 309 304 298 287 297 315 314 323 335 337 338 322 310 310 314 356 338 10 137 132 133 140 145 143 141 143 148 155 157 156 155 151 152 155 155 151 168 150 155 154 153 156 162 166 167 202 202 201 201 201 198 200 198 195 185 174 181 170
352 345 329 320 317 317 322 326 326 326 327 325 325 324 324 325 331 343 345 339 335 344 341 331 336 340 341 330 324 322 317 313 305 295 288 288 312 305 309 306 299 283 280 305 313 313 327 336 349 341 321 304 304 319 341 345 86 113 122 133 140 138 137 141 145 150 155 157 156 153 152 156 157 153 149 148 151 148 183 190 204 212 214 212 205 199 201 203 203 200 194 191 184 179 187 174
351 346 337 333 332 328 327 326 325 323 323 322 322 323 324 325 333 343 356 343 341 353 324 340 327 333 333 323 317 315 312 309 304 296 287 288 321 312 315 311 300 283 276 290 305 307 320 324 330 357 329 335 314 328 348 336 86 103 112 126 134 134 133 133 137 143 150 154 153 149 149 153 155 153 149 145 140 137 135 143 161 162 206 210 212 221 221 219 210 197 208 185 162 173 165 142
348 342 334 332 331 330 328 324 323 323 321 320 319 318 319 321 334 347 358 347 346 355 335 338 347 332 329 318 315 313 310 306 303 295 287 294 324 310 318 274 296 285 254 276 289 300 311 312 321 301 346 329 331 351 354 352 91 104 108 118 128 130 131 129 129 135 145 152 150 145 145 173 176 152 150 182 144 138 139 143 154 160 145 192 181 137 132 127 175 191 163 133 156 169 181 144
347 338 330 326 327 328 327 325 325 323 321 319 316 315 317 322 326 350 2 351 357 337 335 341 348 356 325 313 311 310 305 300 296 299 295 317 328 315 322 271 300 293 254 248 264 285 294 299 293 308 316 318 330 328 14 75 130 117 108 113 123 128 131 130 128 132 144 157 153 145 168 170 166 146 148 149 147 145 146 142 142 250 227 225 199 188 190 178 185 155 126 172 156 137 140 143
338 331 324 319 320 325 327 327 325 322 319 318 316 315 316 322 340 356 353 348 355 347 342 346 349 333 319 308 306 303 295 288 285 282 330 327 334 322 324 275 303 262 250 250 252 256 272 288 284 305 302 296 313 320 317 346 123 124 112 110 119 127 130 124 129 129 139 154 157 149 144 140 171 137 181 137 136 139 257 278 220 130 132 176 191 227 225 206 124 118 122 156 160 182 191 134
327 322 316 310 315 319 323 323 322 319 317 317 315 314 314 321 342 2 354 343 350 348 348 348 353 333 315 306 303 300 293 288 288 300 335 338 334 322 329 278 270 255 280 252 249 249 268 282 272 283 288 293 308 323 325 284 0 120 120 105 108 120 125 127 127 128 133 142 154 154 148 142 170 137 136 190 119 178 122 122 120 121 124 124 121 116 108 106 110 119 122 121 122 158 128 130
323 317 310 305 309 313 317 318 318 316 317 317 314 312 312 321 344 5 354 342 345 349 353 351 337 330 313 307 305 303 298 294 295 307 339 339 331 329 336 278 252 257 257 250 245 243 281 283 271 271 271 284 301 324 322 90 252 44 138 115 101 104 114 120 123 125 130 208 139 148 147 141 168 172 186 195 216 160 122 170 125 127 130 130 127 124 119 118 120 125 127 123 126 131 134 168
326 315 308 307 307 310 313 315 314 315 316 317 316 312 311 324 336 6 356 344 342 353 358 351 335 326 312 309 310 307 302 297 305 311 339 288 288 291 345 276 286 307 257 295 245 246 249 271 284 276 273 273 296 316 320 301 107 248 128 127 110 98 102 110 116 116 121 129 288 126 131 129 169 211 227 235 163 160 145 154 125 130 166 138 134 131 133 136 136 135 133 130 133 140 144 143
323 312 307 307 308 310 312 312 312 314 316 317 318 315 314 329 341 8 352 346 345 358 331 332 333 320 311 310 310 308 304 299 295 342 349 335 323 291 350 296 284 275 263 254 252 250 266 255 270 267 266 272 299 317 291 297 103 114 336 103 116 106 99 102 107 108 103 100 105 111 24 59 90 187 213 128 90 108 106 116 133 152 160 140 135 130 132 139 143 142 137 133 177 141 148 149
315 309 305 306 308 311 312 312 312 313 314 315 317 315 315 334 343 8 356 348 351 358 329 332 331 318 312 313 312 310 307 303 301 352 294 292 294 303 353 300 286 282 279 267 258 252 250 287 290 293 270 277 299 226 319 97 88 90 81 73 110 111 101 96 98 102 97 88 85 93 98 99 88 103 267 314 65 83 82 98 122 144 161 132 129 123 116 118 132 140 138 131 124 122 184 191
307 305 302 302 306 310 311 310 310 310 310 310 310 309 311 332 353 17 358 344 358 327 325 329 327 319 316 318 316 313 310 308 309 307 304 302 303 311 318 311 296 290 295 288 267 257 251 278 298 295 290 293 295 320 234 312 306 83 83 4 124 116 105 96 92 92 94 11 11 26 58 47 42 31 2 348 53 72 84 119 100 125 172 252 122 118 108 108 226 125 133 129 122 115 200 129
303 303 302 302 306 309 310 309 310 310 307 305 306 306 309 329 344 339 330 351 330 325 323 325 324 321 321 321 317 315 314 315 316 311 307 304 314 335 317 314 303 297 300 302 284 264 255 255 294 286 296 299 301 304 239 321 321 303 289 302 137 122 109 98 89 82 84 95 12 17 52 52 41 27 24 17 38 68 85 92 89 119 153 177 251 120 112 64 91 282 106 117 122 117 201 179
305 304 303 303 305 308 309 309 312 313 310 307 309 310 312 331 4 7 352 352 327 324 322 321 321 322 322 320 319 317 314 317 317 311 307 305 308 312 314 312 302 296 296 298 290 272 263 261 261 304 305 300 311 298 304 316 311 300 282 281 23 137 115 99 92 87 89 20 108 14 42 50 44 31 34 52 44 75 79 101 71 122 107 111 241 122 88 47 53 88 88 290 111 117 111 209
307 306 304 304 306 308 309 311 316 318 316 313 315 316 317 335 12 329 355 327 325 322 320 320 334 325 322 320 321 319 345 338 315 309 304 302 308 345 310 304 299 295 295 297 296 285 273 263 255 303 304 304 312 300 298 304 303 281 152 152 316 149 124 105 100 40 32 35 57 11 3 32 42 31 39 110 65 60 117 99 79 85 93 146 294 124 61 136 50 112 93 95 248 111 117 112
308 307 305 306 309 310 310 312 316 317 312 314 316 316 320 339 12 327 324 324 322 320 319 320 326 327 323 321 322 322 318 316 315 308 300 297 301 343 302 296 294 294 294 297 300 294 279 261 248 302 303 301 316 298 294 293 293 309 308 161 278 16 137 113 105 35 108 1 116 113 108 342 4 13 39 113 109 108 113 100 65 115 45 355 322 118 118 42 28 27 7 96 98 214 56 117
309 308 307 309 311 311 309 311 313 312 310 309 310 312 323 339 333 326 324 322 319 318 317 319 327 327 323 320 319 321 319 317 314 305 297 294 295 342 298 295 317 291 291 292 293 289 276 296 248 250 304 296 309 313 236 245 249 306 329 203 139 285 355 33 105 98 98 105 106 105 101 100 103 352 25 47 113 107 107 112 14 113 45 20 345 99 109 106 105 103 100 24 18 121 262 30
310 309 309 311 313 311 308 309 310 310 308 308 308 310 326 5 329 326 324 321 319 318 317 321 328 327 324 319 314 317 315 312 311 304 297 296 298 343 294 291 288 286 286 312 286 282 326 256 252 252 295 275 308 235 258 273 288 328 0 339 26 68 124 312 88 88 86 86 94 100 101 97 98 102 329 353 117 110 74 97 323 3 95 30 352 354 94 97 98 100 47 51 41 14 94 104
311 310 310 312 314 312 310 310 311 310 310 310 308 311 328 332 326 325 323 321 319 318 318 324 329 328 324 316 312 314 313 310 309 306 299 295 299 299 292 322 282 314 283 285 285 283 334 271 263 261 262 257 327 268 282 290 304 335 347 354 20 36 44 47 347 58 75 78 85 93 101 347 93 92 94 103 114 110 100 87 72 333 79 86 21 354 357 11 33 95 21 16 39 21 87 90
312 311 310 313 315 313 311 310 311 311 313 311 308 314 328 328 325 323 321 320 318 317 319 326 330 331 324 315 311 313 314 311 309 307 301 294 292 291 288 283 279 314 307 285 285 314 333 281 276 273 268 265 285 289 289 291 297 308 334 355 336 23 24 21 3 18 67 348 80 352 93 96 21 85 86 95 347 104 39 83 72 70 353 90 88 28 2 23 348 38 36 13 43 49 5 87
313 312 311 314 314 313 312 310 310 312 313 312 310 318 344 325 323 321 319 318 316 317 321 327 331 332 324 315 312 314 315 311 308 307 302 296 291 285 328 305 277 282 308 286 285 307 341 281 277 271 263 318 286 288 283 281 280 325 333 322 349 342 18 18 14 314 60 18 72 71 77 83 13 33 8 88 347 20 25 80 73 72 327 3 42 45 36 11 36 359 24 6 3 39 47 87
314 313 313 315 314 314 313 311 312 313 313 311 313 322 327 324 322 320 318 317 315 317 323 328 331 330 322 315 311 313 315 309 304 305 332 338 296 289 315 276 282 288 293 314 315 308 286 283 274 303 268 282 283 276 264 263 271 270 274 291 311 346 9 351 27 41 5 15 5 63 62 68 341 16 360 354 355 358 8 77 352 75 73 327 0 41 41 40 37 19 15 35 82 51 13 92
315 315 315 315 315 315 314 312 313 314 312 310 315 323 326 323 320 318 317 316 314 317 323 326 328 324 317 312 308 308 308 302 299 302 340 343 302 299 294 291 291 294 297 324 315 311 283 282 275 270 274 310 272 258 249 252 319 267 269 273 278 337 338 12 334 332 345 0 10 355 354 61 319 352 351 358 1 0 354 324 320 351 3 14 18 15 25 15 34 41 21 15 20 40 83 98
315 315 315 315 316 316 315 314 314 314 311 310 315 344 323 321 319 317 315 313 313 318 324 325 346 320 314 309 306 305 305 350 300 303 347 306 305 306 304 299 294 290 290 331 314 308 311 276 275 270 309 303 300 249 250 252 258 312 262 260 258 260 267 290 341 338 346 351 359 1 54 332 328 343 350 351 357 8 5 56 51 304 341 359 14 6 18 75 75 19 16 53 74 72 75 82
315 315 316 316 317 318 317 317 316 315 310 309 316 342 321 320 316 315 314 312 313 318 322 324 322 317 310 307 305 305 307 306 304 306 308 305 303 305 303 296 287 276 270 272 327 308 330 272 317 303 307 303 247 247 249 253 255 258 257 304 310 315 256 263 339 36 350 348 351 360 9 2 353 48 49 344 343 347 359 354 329 49 332 349 14 24 30 39 68 69 70 70 70 72 75 77
