examples/cougarCreek-fire/createInputs/farsite/7a-cougarCreek-polygonIgnit/cougarCreekFire_08-10-2015_1600_217m_non_neutral_stability_vel.asc
ncols	146
nrows	140
xllcorner	610065.000000
yllcorner	5095217.000000
cellsize	216.586807
NODATA_value	-9999.000000
[rows 0 to 35 of 140, columns 0 to 81 of 146]
6.31 6.29 6.30 6.11 5.93 5.93 5.97 6.00 5.99 8.04 5.85 5.86 5.82 5.75 5.77 5.81 5.78 5.81 5.89 5.96 6.05 7.29 5.93 5.65 5.40 5.32 5.35 5.36 5.32 5.26 5.26 5.33 5.45 5.48 5.51 5.59 5.71 7.20 6.06 6.49 7.55 7.88 7.98 9.58 10.45 11.10 10.91 11.65 12.34 12.94 13.33 13.63 14.07 14.55 15.04 15.52 15.57 15.34 15.51 15.88 15.94 16.02 16.28 16.59 16.83 16.63 16.43 16.79 17.32 17.54 16.99 15.99 15.05 14.49 14.60 14.88 14.05 12.99 12.69 12.47 12.52 12.70
6.31 6.29 6.30 6.11 5.93 5.93 5.97 6.00 5.99 8.04 5.85 5.86 5.82 5.75 5.77 5.81 5.78 5.81 5.89 5.96 6.05 7.29 5.93 5.65 5.40 5.32 5.35 5.36 5.32 5.26 5.26 5.33 5.45 5.48 5.51 5.59 5.71 7.20 6.06 6.49 7.55 7.88 7.98 9.58 10.45 11.10 10.91 11.65 12.34 12.94 13.33 13.63 14.07 14.55 15.04 15.52 15.57 15.34 15.51 15.88 15.94 16.02 16.28 16.59 16.83 16.63 16.43 16.79 17.32 17.54 16.99 15.99 15.05 14.49 14.60 14.88 14.05 12.99 12.69 12.47 12.52 12.70
6.36 6.33 6.43 6.33 6.11 6.05 6.06 6.11 6.17 6.14 6.07 6.06 5.99 5.89 5.87 5.89 5.86 5.85 5.91 5.97 6.06 7.20 6.19 5.94 5.62 5.47 5.45 5.47 5.44 5.34 5.29 5.31 5.45 5.54 5.61 5.71 5.86 6.04 6.28 6.64 7.09 7.61 8.20 8.86 9.58 10.32 11.02 11.68 12.34 12.98 13.47 13.87 14.25 14.59 14.95 15.18 15.03 14.98 15.24 15.39 15.43 15.67 15.98 16.26 16.31 16.06 16.24 16.83 17.21 17.02 16.04 15.09 14.60 14.54 14.93 14.95 13.87 13.00 12.86 12.77 12.95 13.07
6.45 6.38 6.53 6.55 6.30 6.18 6.11 6.14 6.27 6.34 6.30 6.28 6.16 5.97 5.88 5.84 5.77 5.75 5.78 5.80 5.91 7.06 6.36 6.18 5.82 5.54 5.42 5.41 5.36 5.18 5.03 4.94 5.03 5.14 5.19 5.30 5.48 5.71 5.97 6.34 6.82 7.38 8.00 8.66 9.33 9.99 10.59 11.25 11.98 12.74 13.35 13.68 13.90 14.08 14.23 14.10 13.86 14.10 14.45 14.58 14.85 15.21 15.56 15.74 15.52 15.53 16.26 16.88 16.77 15.90 14.69 14.28 14.49 14.98 15.41 15.03 13.71 12.88 12.91 13.19 13.55 13.48
6.64 6.57 6.71 6.77 6.56 6.39 6.28 7.51 7.73 7.63 6.52 6.54 6.47 6.23 6.03 5.91 5.79 5.82 5.90 5.88 6.74 7.13 7.18 6.51 6.17 5.80 5.57 5.51 5.44 5.23 5.08 4.96 5.03 5.17 5.25 5.38 5.61 5.93 6.29 6.67 7.12 7.67 8.31 8.94 9.54 10.13 10.81 11.63 12.44 13.13 13.42 13.44 13.55 14.51 13.46 13.20 13.20 13.64 14.03 14.44 14.83 15.01 15.29 15.20 15.03 15.61 16.31 16.37 15.68 14.75 14.36 14.70 15.15 15.54 15.51 14.75 13.38 12.63 13.01 13.59 13.87 13.56
6.75 6.69 6.86 7.01 6.88 6.67 6.51 6.47 6.50 7.55 7.76 7.48 6.83 6.65 6.34 6.12 5.91 5.93 6.60 6.13 6.84 7.34 7.61 6.95 6.71 6.26 5.93 5.84 5.76 5.54 5.39 5.30 5.38 5.56 5.75 5.99 6.25 6.60 6.98 7.35 7.77 8.30 8.89 9.47 10.11 10.82 11.61 12.41 13.09 13.83 13.98 13.78 13.45 13.31 13.14 13.13 13.38 13.81 14.16 14.49 14.65 14.82 14.90 14.62 14.96 15.69 17.14 15.39 14.59 14.41 14.87 15.31 15.49 15.40 14.83 13.86 12.84 12.79 13.50 13.82 13.90 13.53
6.90 6.76 6.83 7.08 7.11 6.95 6.75 7.61 7.70 7.50 7.88 8.02 7.33 7.07 6.81 6.50 6.24 6.16 6.96 7.14 7.14 7.43 7.64 7.58 6.91 6.03 6.50 5.87 5.65 5.06 5.89 5.87 6.00 6.18 6.42 6.73 7.02 7.32 7.69 6.98 7.38 8.91 8.64 10.02 10.78 10.87 11.99 13.01 14.18 14.43 16.08 13.46 13.83 13.33 13.47 13.74 13.98 14.24 14.46 14.58 14.71 15.82 15.97 14.71 15.39 16.59 15.39 14.92 14.63 15.18 15.61 15.48 15.09 14.56 14.01 13.55 13.19 13.39 13.77 13.77 13.88 13.54
7.14 6.98 6.90 7.09 7.24 7.17 6.97 7.77 8.14 8.26 8.16 8.28 7.86 6.77 6.12 6.92 6.69 6.07 6.61 7.26 7.44 7.62 7.91 8.22 7.82 6.88 6.40 6.22 6.14 5.82 6.56 5.80 5.92 6.97 7.12 7.38 7.67 7.97 7.23 7.61 8.04 8.61 9.11 9.66 10.55 11.92 13.02 13.65 13.94 15.56 13.84 13.50 13.85 13.86 13.95 14.01 14.15 14.42 14.61 14.72 15.29 15.51 14.53 15.11 15.51 16.65 15.18 14.91 15.11 15.63 15.43 14.80 14.33 14.21 14.23 14.00 13.56 13.59 13.83 13.89 13.94 13.48
7.35 7.25 7.15 7.23 7.40 7.53 7.34 7.27 7.78 8.14 8.10 8.21 8.17 7.38 6.53 7.22 6.09 6.17 6.60 7.50 7.70 7.84 10.12 10.41 8.64 7.83 7.11 6.73 6.55 6.24 6.07 6.29 6.46 7.57 7.75 7.20 7.29 7.50 7.84 8.28 8.89 9.57 10.05 10.56 11.42 12.11 12.55 12.89 13.09 13.47 13.77 14.44 14.85 14.23 14.00 14.35 14.56 14.81 15.27 14.81 14.77 14.77 15.25 15.66 16.38 16.55 16.39 15.58 15.45 15.49 14.90 14.39 14.46 14.76 14.62 13.90 13.37 13.73 14.19 14.17 13.96 13.48
7.56 7.40 7.28 7.33 7.44 8.40 8.19 7.87 7.76 7.83 7.94 8.09 10.10 7.91 6.94 6.49 6.25 6.02 6.59 9.10 9.69 7.91 8.32 8.97 10.26 8.76 7.91 7.42 7.11 7.18 6.72 6.80 7.00 7.26 7.65 7.98 8.11 8.36 8.76 9.25 9.74 10.42 10.98 11.80 12.50 12.69 12.77 13.16 13.81 14.52 15.29 15.63 15.34 14.16 14.57 14.82 15.09 15.16 14.99 14.93 15.10 15.62 16.04 16.62 16.48 15.98 15.80 15.54 15.68 15.44 14.95 14.85 15.07 15.03 14.42 13.68 13.73 14.53 14.77 14.42 13.98 13.57
6.58 7.68 7.46 7.43 7.45 7.51 8.65 8.65 8.53 8.42 8.27 8.17 8.18 9.80 7.45 7.23 6.75 7.34 6.68 7.26 9.67 9.00 8.21 8.87 11.38 6.89 4.28 3.85 7.86 7.81 7.47 7.62 7.92 8.08 8.41 8.79 9.10 9.47 9.82 10.07 10.37 10.77 11.51 12.58 13.79 13.47 13.78 14.25 15.12 16.88 17.98 16.86 14.40 15.22 15.44 15.76 15.84 14.89 15.66 15.75 16.18 15.44 17.10 17.16 16.21 16.19 16.74 16.54 16.00 15.66 15.32 15.30 15.25 14.99 14.45 14.10 14.62 15.30 15.02 14.39 13.95 13.57
8.07 8.03 7.09 7.42 7.71 8.12 7.70 8.88 8.94 9.98 9.88 8.52 8.22 8.38 8.06 7.95 8.22 6.87 7.33 7.50 9.45 8.93 9.13 8.76 9.70 8.97 4.66 4.54 4.88 8.50 8.15 8.37 8.62 8.84 9.15 9.49 9.86 10.30 10.45 10.47 10.64 9.07 10.63 12.07 13.97 14.43 14.52 15.14 16.42 17.80 17.17 15.68 16.45 16.68 15.41 15.96 15.85 15.79 15.57 17.04 17.40 17.53 17.87 17.37 17.27 16.78 16.53 16.29 16.11 15.74 15.39 15.29 15.24 15.08 14.66 14.62 15.30 15.55 14.88 14.28 13.93 13.60
8.12 8.21 8.33 7.78 7.83 8.02 7.72 8.94 9.34 9.38 10.64 10.38 9.43 8.56 8.42 8.26 7.61 7.37 7.94 7.96 9.17 8.93 8.66 10.68 9.51 11.78 5.14 5.45 5.28 4.89 9.16 9.29 9.51 9.80 10.16 10.47 10.81 11.21 11.46 11.61 7.87 10.33 11.94 13.10 14.53 14.01 15.07 15.37 16.78 16.55 16.21 15.76 17.22 17.70 16.68 17.12 16.99 17.11 17.02 16.53 18.54 19.11 18.60 17.43 17.27 16.93 16.48 16.18 15.92 15.59 15.38 15.53 15.60 15.28 14.99 15.30 15.82 15.58 14.81 14.34 14.00 13.67
8.11 8.25 8.46 8.53 8.42 8.55 7.89 7.87 9.36 9.67 9.93 11.55 11.17 9.77 9.35 8.87 8.19 7.69 7.87 8.50 9.16 9.39 8.37 9.36 11.20 11.09 5.63 5.77 5.23 6.06 6.03 10.13 6.49 6.92 7.74 8.13 7.71 7.89 9.22 9.94 9.68 13.23 13.90 14.43 14.10 15.08 16.15 16.24 16.83 17.18 16.62 16.05 16.20 16.52 17.28 17.54 17.96 18.50 18.42 19.01 19.96 19.70 17.73 17.48 17.08 16.59 16.26 16.07 15.88 15.74 15.83 16.10 15.95 15.59 15.62 15.90 15.93 15.39 14.72 14.36 14.05 13.75
8.14 8.33 8.56 8.66 8.70 8.61 8.32 7.97 7.96 9.48 10.14 10.22 10.16 12.31 11.29 9.13 7.22 6.49 7.21 7.75 7.59 8.23 7.40 7.26 9.76 10.17 6.48 5.89 5.56 6.22 6.47 10.52 7.33 7.33 8.22 8.56 7.99 8.18 10.06 11.50 14.27 15.12 14.16 14.18 13.63 14.17 15.88 18.10 18.84 17.30 17.16 17.32 17.49 17.43 17.50 17.35 17.98 18.51 18.26 18.45 17.73 17.35 17.00 16.76 16.72 15.54 15.55 15.44 16.45 16.57 15.21 16.44 16.04 15.90 15.97 15.93 15.64 15.12 14.65 14.38 14.12 13.81
8.21 8.51 8.80 8.80 8.90 9.02 9.14 8.71 8.66 9.14 9.74 10.09 12.01 12.05 12.56 12.07 8.71 7.60 8.59 9.08 8.28 8.54 7.73 6.19 8.43 9.66 7.35 6.16 6.02 6.51 6.15 6.83 7.20 7.39 8.35 8.23 8.52 8.95 9.31 9.03 13.57 14.57 15.02 15.42 15.18 16.52 18.55 19.51 18.55 15.99 17.71 18.49 17.71 17.40 17.88 18.19 19.08 17.89 17.18 17.28 17.32 16.71 15.73 15.50 15.32 15.77 16.73 17.21 17.46 17.54 16.98 16.34 15.97 15.89 15.89 15.78 15.47 15.08 14.72 14.43 14.14 13.83
8.12 8.49 8.93 8.92 8.89 9.10 9.26 9.28 8.80 8.65 9.04 9.74 10.74 10.44 12.04 14.36 14.98 10.45 10.93 11.16 9.81 9.87 8.64 10.84 7.35 8.84 7.21 6.17 6.11 6.87 6.35 7.73 7.32 7.47 8.00 8.32 9.10 9.79 9.67 9.37 11.97 14.51 16.34 17.13 17.60 18.70 19.18 18.47 16.89 16.05 18.82 18.89 19.92 18.68 17.29 19.24 18.50 16.84 17.06 17.06 16.65 15.73 15.75 16.18 16.28 17.53 17.89 16.51 18.08 17.46 16.37 15.83 15.75 15.76 15.72 15.58 15.33 15.08 14.79 14.48 14.16 13.85
7.96 8.24 8.73 8.90 8.76 8.78 9.88 9.61 9.01 9.17 8.59 9.30 11.44 10.40 12.43 13.48 14.19 14.14 13.11 13.16 12.46 12.39 9.78 6.00 6.38 7.94 5.95 5.31 6.05 6.71 6.80 7.30 7.75 8.47 8.62 9.03 10.23 9.99 9.48 10.66 13.00 15.10 16.37 17.29 18.15 18.70 18.75 17.93 16.88 17.47 19.72 21.40 20.31 17.20 17.46 17.96 16.85 15.07 17.05 16.26 15.67 16.04 16.76 17.28 17.71 18.09 17.86 19.34 19.40 16.30 15.54 15.59 15.76 15.74 15.64 15.49 15.27 15.09 14.86 14.53 14.19 13.84
7.97 8.06 8.41 8.75 8.75 8.65 8.85 9.40 9.18 8.45 8.41 8.86 12.25 12.59 11.33 11.10 11.45 11.87 11.88 12.38 12.21 11.71 12.44 8.41 7.72 7.60 5.77 5.86 6.17 6.48 6.71 7.04 8.40 8.35 9.48 9.56 11.04 10.87 10.25 11.41 13.44 15.64 17.65 18.97 18.56 18.14 18.69 18.57 17.80 19.43 20.80 20.21 17.60 16.55 16.69 16.67 15.36 15.92 16.52 15.75 15.89 16.31 17.52 17.36 17.56 18.61 18.90 19.47 16.20 15.54 15.53 15.91 16.02 15.90 15.91 15.80 15.41 15.06 14.73 14.38 14.09 13.77
8.09 8.05 8.27 8.65 8.80 8.78 9.06 9.42 9.37 8.59 8.74 10.14 11.72 11.60 10.08 8.93 9.07 10.20 10.25 11.05 11.05 9.66 12.24 11.66 9.66 7.75 6.35 6.49 6.60 6.76 7.14 7.64 8.98 13.94 14.23 10.25 11.45 12.25 11.44 13.03 15.18 17.54 19.64 20.47 20.07 19.79 19.96 20.20 21.57 22.05 20.01 17.12 14.41 15.69 16.98 14.48 14.37 16.63 15.73 15.40 16.56 16.95 16.88 16.44 17.41 17.13 16.78 16.48 16.09 15.93 16.07 16.21 16.15 16.12 16.22 15.94 15.41 15.06 14.76 14.42 14.11 13.75
8.22 8.19 8.33 8.63 8.64 8.77 9.08 9.42 9.30 8.79 9.08 10.10 8.45 10.49 11.32 10.63 9.24 9.69 9.26 10.30 10.28 8.25 12.08 12.52 12.11 8.04 6.87 6.71 6.82 7.21 7.62 8.39 13.74 14.10 14.61 10.77 10.69 14.56 11.75 15.85 18.58 21.21 21.70 21.29 20.92 21.13 21.26 21.87 19.57 19.80 18.00 15.80 15.14 17.87 14.00 16.25 17.67 16.66 17.03 15.88 15.74 17.07 16.83 16.61 17.83 17.54 17.16 16.84 16.54 16.27 16.15 16.19 16.21 16.29 16.23 15.73 15.28 15.17 15.05 14.72 14.31 13.87
8.14 8.33 8.59 8.68 8.66 8.99 9.32 9.59 9.56 8.71 9.67 9.97 7.18 7.63 10.95 10.58 13.54 12.84 11.44 11.40 11.57 8.84 10.86 11.33 10.84 8.63 6.89 7.00 7.38 7.94 8.23 9.77 13.92 14.13 14.70 13.67 10.27 14.29 11.92 18.70 22.54 22.01 22.96 22.19 20.90 19.96 20.38 20.96 19.19 15.40 15.89 14.37 14.93 13.20 15.71 14.71 16.69 18.44 18.01 15.68 16.58 17.64 16.84 18.77 18.49 17.95 17.36 17.21 16.08 15.85 15.95 16.31 16.43 16.37 16.05 15.54 15.30 15.25 15.03 14.67 14.27 13.89
7.83 8.15 8.60 9.01 9.27 9.45 9.67 9.78 9.74 9.23 9.74 10.51 8.88 5.24 9.56 9.53 12.87 10.90 13.02 11.40 10.89 9.99 10.65 12.07 12.58 9.91 7.67 7.42 7.93 8.99 8.58 11.85 13.55 8.96 13.92 14.54 9.96 11.53 12.61 20.08 21.30 21.58 21.06 21.21 20.88 21.30 21.09 19.11 15.86 15.15 15.15 13.60 13.20 16.07 17.96 17.04 16.91 17.75 17.39 16.43 18.48 18.51 18.32 18.36 17.82 17.10 16.48 16.23 15.98 16.15 16.62 16.80 16.52 16.16 15.83 15.59 15.59 15.47 15.05 14.52 14.09 13.77
7.68 7.99 8.42 8.84 9.20 9.37 9.73 9.75 10.17 9.01 9.04 10.74 10.71 6.65 8.16 9.69 10.37 10.77 11.14 9.95 8.97 8.74 8.98 11.43 12.14 10.81 7.18 6.97 7.53 7.98 7.50 8.91 13.78 13.85 13.95 11.95 9.91 11.02 13.15 20.32 22.08 20.47 20.55 21.30 21.24 20.78 19.48 18.09 16.66 16.62 15.00 20.05 16.20 17.23 17.69 18.72 17.96 18.86 19.26 19.26 20.41 18.97 17.60 17.36 16.23 16.70 16.43 16.42 17.21 17.53 17.48 16.97 16.44 16.18 15.98 15.81 15.73 15.51 15.09 14.62 14.24 13.84
7.59 7.92 8.34 8.65 8.92 9.18 9.73 9.87 10.04 9.52 8.22 10.04 10.83 8.29 7.82 9.90 10.57 10.94 11.47 11.91 10.69 8.68 7.57 8.93 8.00 6.96 4.40 5.92 6.05 6.64 8.40 10.51 13.36 14.37 8.92 9.83 10.87 12.38 15.92 22.13 21.79 20.52 21.44 19.85 21.84 20.25 20.06 20.46 19.19 17.74 15.96 20.96 18.03 18.73 19.67 21.24 22.01 22.30 21.33 20.25 19.99 18.66 15.89 15.95 18.74 18.04 17.39 17.91 18.80 18.40 17.83 17.05 16.64 16.46 16.23 15.97 15.78 15.38 14.93 14.60 14.33 13.92
7.51 7.89 8.39 8.73 8.91 9.09 9.71 10.07 10.35 10.55 8.64 9.68 11.21 11.10 8.36 9.29 10.58 11.19 11.55 12.23 11.97 9.16 8.34 9.61 7.32 5.40 2.80 5.20 5.68 7.31 10.22 13.85 13.09 10.77 14.19 13.41 12.00 14.68 20.60 21.58 19.93 20.18 20.34 20.15 20.72 20.62 22.77 20.63 18.62 16.90 21.61 16.84 18.33 17.72 19.52 22.17 23.09 20.66 20.77 19.76 19.58 18.79 16.67 20.24 19.75 18.88 19.11 19.68 19.84 19.60 18.91 17.08 16.78 16.52 16.31 16.21 15.93 15.35 14.78 14.36 14.02 13.66
7.40 7.76 8.27 8.78 9.35 9.44 9.88 10.39 11.96 11.87 10.07 10.45 10.92 11.51 10.62 9.56 11.21 11.59 11.31 11.67 11.27 9.10 9.52 10.98 9.45 6.06 5.23 5.12 5.31 6.49 11.57 11.35 10.49 9.46 9.82 12.65 15.48 18.29 21.30 20.86 18.89 17.80 18.95 19.80 20.32 20.31 19.48 18.90 17.92 16.78 20.73 15.83 17.03 16.79 18.05 20.65 22.02 21.30 19.93 19.55 19.47 19.58 19.62 19.93 20.48 21.28 20.69 19.95 19.09 18.52 18.15 16.56 16.53 16.44 16.30 16.01 15.49 14.97 14.58 14.22 13.84 13.50
7.22 7.46 7.87 8.45 9.54 9.79 9.71 9.90 12.39 12.80 11.23 10.13 9.71 11.60 13.12 12.56 12.94 12.59 11.56 11.63 10.96 9.49 10.55 13.35 9.86 7.49 5.35 4.49 4.73 8.53 11.65 10.72 10.67 11.68 15.08 17.72 20.29 22.84 22.08 20.52 19.61 19.22 20.54 22.30 22.87 22.31 21.58 21.55 19.90 15.65 20.24 15.84 17.21 16.08 18.90 22.74 22.43 20.68 20.49 21.04 21.31 21.59 22.87 24.31 24.82 24.25 22.53 19.19 17.98 17.07 16.70 16.49 16.38 16.22 15.92 15.43 14.97 14.69 14.42 14.13 13.85 13.57
7.33 7.50 7.75 8.15 8.68 9.64 9.83 9.67 9.68 11.26 10.92 9.74 8.62 11.18 13.30 13.51 13.52 13.40 12.45 12.32 11.30 10.60 11.35 10.31 6.68 5.18 7.54 3.52 7.19 12.58 13.42 12.81 15.13 18.43 21.08 23.14 25.60 24.23 21.63 21.88 22.53 22.83 24.33 25.46 25.28 23.39 23.16 22.21 17.07 20.33 21.58 17.37 17.91 18.22 23.15 24.77 23.08 22.29 23.19 24.08 24.10 23.38 23.10 22.91 22.53 22.29 21.85 19.28 18.75 18.09 17.58 16.70 16.20 15.79 15.41 15.09 14.88 14.64 14.32 14.05 13.83 13.58
7.48 7.62 7.73 7.95 8.34 9.26 9.91 10.86 9.56 10.23 10.37 9.82 8.45 6.93 10.76 12.48 12.87 13.23 12.90 12.40 11.56 12.40 11.55 9.20 5.08 6.09 6.83 9.54 11.04 16.06 16.84 18.30 21.27 23.42 23.94 25.10 25.11 22.54 22.51 24.29 24.67 26.03 25.55 23.65 22.79 22.38 21.68 18.22 21.33 23.27 24.72 19.17 20.23 21.88 26.70 24.55 23.06 22.70 22.60 22.21 22.00 21.86 21.93 21.72 20.96 18.57 18.07 17.90 17.92 17.87 17.37 16.19 16.03 15.88 15.67 15.39 15.09 14.72 14.37 14.15 13.97 13.74
7.55 7.72 7.90 8.10 8.33 8.88 9.53 10.25 11.52 11.45 11.69 10.56 9.91 7.81 8.00 10.12 10.38 11.30 12.13 12.40 13.62 12.03 11.28 9.62 9.17 6.77 9.34 14.48 14.86 19.09 20.52 24.26 26.40 25.81 26.67 27.39 23.31 19.90 25.16 25.35 24.57 25.19 23.65 23.64 24.18 24.58 22.48 19.75 26.60 27.58 27.39 21.78 23.06 26.18 24.13 20.25 18.97 20.32 21.43 21.71 22.10 22.72 22.43 21.57 20.35 18.04 17.49 17.33 17.13 16.64 16.00 16.99 16.95 16.72 16.39 16.02 15.61 15.17 14.76 14.40 14.08 13.76
7.65 7.76 7.93 8.26 8.48 8.69 8.94 9.54 11.14 11.51 12.02 12.40 11.47 10.27 7.79 9.94 9.70 9.55 11.86 13.55 17.12 19.05 13.93 8.69 8.46 10.95 15.65 21.60 18.75 20.98 23.01 27.83 28.12 27.51 27.10 23.37 19.77 20.66 25.16 23.63 24.27 24.86 23.23 23.80 24.86 26.09 28.05 25.30 31.82 30.94 28.58 26.58 22.16 21.27 17.29 17.08 20.34 22.33 22.74 22.49 22.76 22.87 22.35 21.05 20.28 20.29 19.54 19.54 19.31 18.85 18.60 18.93 18.88 18.30 15.91 15.61 15.51 15.36 15.06 14.62 14.20 13.80
7.88 7.97 7.89 8.00 8.23 8.24 8.69 9.42 10.66 11.05 10.95 10.50 9.35 8.61 8.36 9.23 8.55 7.75 12.35 14.82 20.68 22.56 18.53 13.48 14.34 18.07 23.05 27.53 28.98 22.79 25.29 28.88 28.24 27.66 25.90 23.25 23.04 26.15 25.90 24.72 24.48 24.55 22.47 23.00 23.87 25.20 26.99 34.73 30.43 32.09 32.29 30.74 23.16 22.57 21.57 23.49 26.59 26.51 25.25 23.72 22.57 21.74 21.61 21.97 22.47 18.31 22.81 17.52 22.58 22.59 15.87 19.93 17.87 15.17 15.29 15.39 15.29 17.98 18.74 14.32 14.09 13.74
8.30 8.77 7.88 8.60 8.02 8.58 9.05 9.41 9.95 10.64 10.05 9.41 8.34 8.42 8.72 12.45 14.16 11.22 6.34 10.04 17.43 25.12 28.42 26.88 23.68 25.22 29.31 31.66 31.33 23.59 28.14 31.28 28.76 27.23 26.81 27.08 28.30 29.41 28.32 27.57 26.51 23.87 21.99 22.31 28.31 29.17 29.91 30.75 26.09 29.15 32.68 36.70 38.91 34.30 31.78 31.62 29.53 27.28 26.10 22.75 24.58 22.94 22.23 18.26 17.56 20.71 16.41 19.49 18.48 15.89 14.36 13.93 15.04 15.70 16.01 15.80 15.12 14.39 17.56 13.71 13.50 13.08
8.11 8.72 9.40 8.70 9.01 9.43 9.81 9.38 9.59 9.87 10.90 11.59 11.13 9.92 9.22 9.76 11.58 9.45 8.89 10.18 13.70 23.23 32.84 36.72 37.81 38.59 37.85 34.45 31.91 24.98 33.18 31.46 28.77 27.29 26.20 26.11 26.91 26.72 26.58 26.47 26.09 26.15 26.41 26.30 26.13 26.69 27.23 27.44 22.30 23.40 24.68 26.52 31.28 35.70 37.00 35.06 30.71 27.94 26.88 25.89 24.83 22.34 18.83 19.21 18.74 18.56 16.70 15.28 13.35 14.95 15.40 15.99 15.49 17.36 18.47 18.01 16.95 14.05 13.76 13.47 13.10 12.75
7.77 8.22 8.89 9.53 9.40 9.50 10.15 10.92 11.28 11.64 12.68 13.99 14.48 13.70 12.33 13.00 12.28 10.66 9.52 12.83 24.13 29.44 35.48 40.98 43.65 44.45 40.36 33.76 31.56 27.92 33.79 32.57 28.42 25.68 24.54 24.09 23.22 21.17 19.30 19.04 18.64 19.71 21.07 19.82 20.25 20.09 25.10 25.24 25.33 20.33 19.75 18.66 19.93 25.78 27.66 30.43 31.00 29.84 28.16 26.06 23.13 21.78 20.16 19.03 18.34 17.38 16.39 17.54 18.13 18.36 18.05 16.61 17.26 17.52 17.26 16.73 13.94 13.85 13.65 13.29 12.92 12.72
