examples/cougarCreek-fire/createInputs/farsite/7a-cougarCreek-polygonIgnit/cougarCreekFire_08-12-2015_0900_217m_non_neutral_stability_vel.asc
ncols	146
nrows	140
xllcorner	610065.000000
yllcorner	5095217.000000
cellsize	216.586807
NODATA_value	-9999.000000
[rows 0 to 34 of 140, columns 0 to 78 of 146]
14.69 11.99 13.18 11.57 14.13 10.02 12.83 14.67 15.23 14.81 14.12 13.72 13.13 12.12 15.95 13.09 16.16 18.33 18.92 22.27 24.54 24.16 21.03 16.76 13.70 13.18 13.50 13.62 14.04 14.30 13.26 15.01 14.27 16.22 17.17 17.82 17.52 16.07 14.31 13.55 13.40 13.09 13.24 14.27 15.16 15.45 16.07 17.03 17.68 16.12 19.69 13.69 21.01 20.56 23.44 24.57 23.86 16.94 24.29 24.81 23.48 21.18 22.23 21.75 20.42 18.26 19.65 24.17 27.92 29.11 27.40 22.80 18.56 18.30 22.27 24.51 22.29 23.26 28.36
14.69 11.99 13.18 11.57 14.13 10.02 12.83 14.67 15.23 14.81 14.12 13.72 13.13 12.12 15.95 13.09 16.16 18.33 18.92 22.27 24.54 24.16 21.03 16.76 13.70 13.18 13.50 13.62 14.04 14.30 13.26 15.01 14.27 16.22 17.17 17.82 17.52 16.07 14.31 13.55 13.40 13.09 13.24 14.27 15.16 15.45 16.07 17.03 17.68 16.12 19.69 13.69 21.01 20.56 23.44 24.57 23.86 16.94 24.29 24.81 23.48 21.18 22.23 21.75 20.42 18.26 19.65 24.17 27.92 29.11 27.40 22.80 18.56 18.30 22.27 24.51 22.29 23.26 28.36
14.71 15.51 16.46 12.17 17.88 19.63 14.93 13.93 23.51 22.76 21.08 19.42 14.52 10.09 18.86 16.91 16.98 16.39 18.59 18.95 21.11 22.99 22.90 19.24 14.82 13.58 17.04 17.07 12.24 10.90 9.52 17.46 15.52 16.57 16.42 17.55 12.81 6.45 11.01 1.00 3.27 2.13 0.64 1.10 5.44 13.13 9.89 8.23 11.91 12.65 11.53 8.86 12.70 22.01 23.66 24.41 24.24 18.64 25.23 24.87 21.73 17.19 19.40 19.56 19.96 16.40 22.65 26.74 27.02 29.92 26.83 22.08 13.32 20.74 25.08 25.27 24.11 26.27 29.69
5.06 13.96 17.26 16.20 14.76 16.18 19.81 20.38 22.36 17.09 20.44 19.13 14.12 10.37 12.53 10.79 14.35 16.97 17.71 15.49 16.33 21.04 25.98 23.10 17.39 11.80 13.62 16.53 13.50 11.56 10.84 12.82 16.49 15.95 15.29 16.30 15.82 11.18 6.76 4.92 3.49 2.59 3.74 3.38 5.63 7.73 6.68 6.96 7.39 9.25 11.72 14.97 17.83 22.33 23.58 23.02 23.35 15.80 18.63 19.02 19.90 19.77 21.49 22.74 22.69 20.23 28.79 26.25 31.45 29.92 24.99 16.66 23.96 27.97 31.77 29.90 28.89 30.96 32.28
8.67 19.56 16.58 18.46 16.15 17.34 12.69 19.73 11.69 13.87 24.44 22.58 18.88 14.52 8.40 9.92 13.49 15.73 17.69 17.85 16.16 19.11 24.60 20.68 20.72 15.62 11.46 18.09 14.45 12.57 11.33 9.66 15.53 14.30 13.65 14.61 15.69 13.33 8.65 5.08 2.31 3.62 2.43 3.68 6.89 8.41 6.75 7.48 9.82 14.15 17.28 18.70 19.37 22.45 22.59 21.13 13.87 18.88 17.08 27.91 25.20 22.66 23.97 26.79 24.10 31.15 27.54 32.53 30.51 27.66 20.91 28.88 32.11 35.49 33.54 35.52 32.38 31.62 34.88
7.04 19.51 15.02 21.64 16.83 16.56 18.12 20.57 21.11 21.97 23.65 25.68 18.38 16.83 8.92 6.82 12.99 15.12 16.52 13.84 15.84 17.26 22.36 29.29 18.91 17.93 11.78 17.37 15.50 13.15 9.45 10.26 14.79 13.05 13.21 13.66 14.00 13.07 7.05 3.56 1.84 3.13 1.79 4.39 4.46 6.47 8.80 10.31 14.48 19.26 20.01 19.00 20.88 22.82 19.90 14.81 13.10 20.79 27.54 21.86 25.75 25.56 27.32 26.08 31.38 28.09 32.11 31.36 28.00 22.33 31.65 30.98 32.95 36.31 33.98 31.24 27.70 30.80 36.68
14.63 20.12 14.16 15.64 19.49 15.48 16.04 12.62 21.37 21.55 23.13 25.61 23.40 18.30 14.33 6.50 13.30 14.55 11.61 13.89 15.52 18.11 21.65 25.51 23.34 19.86 14.10 15.39 15.74 11.26 6.75 11.77 14.11 9.74 11.33 13.61 12.28 12.29 8.35 5.09 4.31 1.87 3.28 5.27 3.45 8.83 11.62 15.04 19.17 20.13 20.92 20.97 19.43 18.86 15.59 17.57 18.58 19.00 22.29 24.07 25.02 27.84 28.20 24.15 29.97 31.72 32.09 29.89 25.32 32.63 31.37 35.46 34.66 31.25 28.82 24.59 29.74 32.78 37.09
17.83 19.73 20.38 20.98 19.12 17.56 18.36 20.41 21.25 11.39 22.75 24.79 24.18 16.46 12.24 8.30 10.05 10.84 16.17 12.54 15.06 16.72 19.82 24.41 25.40 21.07 15.14 17.84 16.09 12.89 7.47 14.15 10.24 6.40 11.76 13.68 11.74 10.66 8.60 7.27 5.92 2.44 2.99 3.33 5.82 11.06 13.89 14.93 16.86 18.08 18.04 15.28 16.28 16.40 16.56 19.41 18.60 20.65 22.28 24.33 25.94 26.33 23.06 31.35 28.84 31.58 31.32 30.07 28.69 31.28 34.06 32.30 30.45 24.29 29.15 24.91 30.61 32.96 37.06
16.59 18.82 15.84 17.71 18.45 17.14 17.23 18.41 21.31 22.50 23.07 13.47 15.89 19.73 16.26 12.53 7.88 11.12 12.90 11.41 14.50 15.52 16.66 22.06 30.67 22.96 16.67 17.31 15.26 8.85 8.60 12.89 7.69 7.02 13.00 12.46 10.98 10.71 12.00 12.17 8.31 2.58 1.86 3.67 9.10 10.76 12.63 12.92 14.30 14.72 13.28 15.93 19.02 18.09 18.87 17.76 16.21 19.89 22.62 24.28 23.47 23.10 24.71 27.04 30.74 31.25 31.19 30.14 31.22 34.02 31.86 26.93 26.60 31.72 28.27 27.57 28.84 32.97 39.93
15.67 17.64 17.33 19.72 18.23 21.13 19.92 19.17 19.92 19.41 20.62 23.15 23.91 22.06 14.49 11.55 8.86 6.73 15.79 10.13 13.73 14.85 15.60 19.59 26.32 22.38 18.67 14.88 17.46 12.04 8.19 12.43 10.28 9.94 12.56 11.33 10.55 12.22 12.21 12.03 7.58 3.89 3.87 2.93 9.35 10.14 10.41 11.29 13.45 14.66 16.06 18.12 17.74 15.32 12.91 13.35 15.55 18.13 20.40 19.44 19.82 29.25 27.24 30.44 30.69 29.96 30.61 30.91 32.61 33.51 30.79 33.73 34.70 31.59 29.57 30.61 31.71 38.77 45.41
11.91 14.48 16.54 17.25 18.16 18.73 20.29 21.40 21.09 20.90 21.74 21.54 21.67 22.88 16.57 14.44 11.45 6.82 15.63 17.55 13.86 22.04 14.07 16.51 24.46 26.60 21.27 13.71 17.30 10.24 6.42 12.07 8.64 9.21 12.76 12.50 13.03 12.99 12.44 12.52 6.86 7.37 5.54 8.96 11.21 9.59 11.99 12.26 15.74 16.62 16.56 16.43 11.30 7.78 8.91 12.53 15.09 16.90 17.20 19.21 24.41 25.00 29.47 30.71 29.34 30.57 32.83 33.43 34.40 35.21 33.23 33.66 33.20 33.58 31.22 35.26 38.53 44.84 48.10
12.73 12.23 11.31 14.58 15.21 17.09 19.09 21.53 21.82 21.35 21.59 21.26 20.05 21.85 19.51 19.97 15.26 8.67 13.78 18.88 13.33 23.35 13.56 13.95 21.67 29.53 22.88 16.68 18.72 10.22 7.79 12.63 9.96 11.64 13.71 12.93 13.32 12.90 12.93 13.25 12.75 6.76 9.91 4.70 6.66 8.34 12.72 14.08 16.97 17.90 17.72 13.46 8.61 7.84 10.72 15.32 15.95 17.40 18.87 23.36 23.60 27.68 29.52 28.98 29.65 32.88 32.61 32.75 33.03 33.91 34.24 33.30 36.17 32.92 37.33 39.21 43.54 47.12 47.22
12.04 13.70 13.19 11.39 13.32 13.64 18.58 20.84 21.77 23.83 21.70 21.28 20.36 20.11 17.17 17.61 14.66 17.09 18.44 21.40 22.57 24.91 24.46 13.82 18.98 26.57 24.06 18.07 18.50 13.89 9.82 11.30 12.42 5.20 14.26 14.05 14.25 12.82 11.91 11.66 15.44 6.89 3.42 11.76 6.53 12.72 12.73 14.58 18.89 16.98 15.26 12.72 8.63 8.52 13.52 17.21 17.11 18.87 20.56 21.25 25.79 27.21 28.16 28.42 28.83 28.61 27.95 27.56 27.86 29.03 31.57 34.62 33.66 33.76 39.58 42.38 45.93 46.66 45.20
10.38 11.01 16.16 19.29 16.90 15.12 16.62 11.57 10.51 13.39 22.76 23.47 24.07 22.68 19.34 18.70 15.57 15.28 20.80 21.95 23.88 25.73 25.21 24.42 17.77 25.12 22.70 21.34 16.60 13.68 7.69 11.29 13.39 14.93 14.55 14.55 14.66 14.33 7.81 11.82 11.90 7.34 2.56 4.49 12.50 14.15 13.28 17.26 19.14 17.83 14.95 12.15 9.71 8.86 15.55 17.70 19.54 21.43 21.67 23.20 24.22 23.31 23.95 25.89 26.28 26.19 24.76 24.38 25.01 25.13 32.00 35.71 38.16 40.32 42.17 44.19 45.04 43.42 41.64
9.85 14.93 15.06 20.18 19.83 19.45 17.94 19.27 19.80 10.52 13.73 25.26 25.17 26.72 28.87 22.93 19.13 13.58 17.63 21.22 23.00 25.72 26.32 27.29 17.70 23.13 25.64 21.68 16.66 13.34 8.39 12.11 17.07 15.75 16.08 14.21 15.31 15.05 7.98 12.13 12.68 6.27 2.63 11.18 15.97 14.11 17.20 17.43 20.97 21.02 14.88 13.31 12.19 11.82 16.32 16.39 19.48 21.46 20.48 21.15 22.27 22.38 22.75 22.76 22.60 21.44 22.36 23.13 24.32 31.93 32.60 37.23 37.87 40.13 41.67 42.22 41.22 38.99 37.31
20.02 20.60 20.61 21.36 21.19 19.75 18.01 16.02 17.45 20.21 14.62 24.54 24.52 24.11 27.17 28.24 23.96 18.41 16.66 20.73 20.76 24.85 26.86 25.42 29.53 32.37 27.72 22.77 15.99 13.04 10.49 16.95 17.75 5.83 16.48 16.18 14.63 7.45 9.78 12.52 6.37 5.09 2.35 13.20 16.93 17.27 17.32 20.13 21.06 20.85 14.25 16.54 17.22 15.76 15.39 16.82 20.67 20.35 18.04 19.10 20.12 20.06 18.81 19.63 21.27 23.89 26.86 27.06 30.84 33.28 37.02 35.02 34.77 35.90 37.10 37.07 36.51 35.65 37.29
21.02 21.70 20.87 18.81 19.89 18.61 18.72 17.51 16.32 18.44 21.18 24.48 22.41 21.02 24.08 20.07 23.62 21.06 21.85 25.84 23.77 27.64 28.37 22.03 26.24 31.07 29.25 21.49 18.24 9.27 14.32 18.33 14.82 19.22 15.91 17.19 5.29 7.79 11.15 17.85 9.46 3.95 1.54 5.71 16.25 16.71 19.25 20.84 21.23 20.40 18.05 20.97 20.33 18.19 15.26 18.65 21.57 17.03 18.03 18.83 19.65 19.24 20.17 22.73 24.38 28.06 29.96 29.40 32.99 35.94 34.45 30.98 30.92 31.96 32.24 31.83 32.14 33.17 33.98
21.90 22.40 21.96 19.39 18.20 21.74 20.95 19.73 17.62 15.77 19.71 22.16 21.83 17.00 22.54 13.99 18.04 18.89 25.47 19.99 28.11 31.01 30.74 25.49 23.40 29.58 28.96 21.36 17.72 12.84 19.24 19.10 18.33 18.51 15.10 14.79 5.01 8.05 11.22 15.59 8.93 3.56 1.95 14.76 16.97 19.14 20.51 24.25 22.23 23.88 24.65 24.19 21.96 16.67 14.39 18.91 19.16 14.29 18.25 17.20 17.57 19.87 22.43 24.84 26.60 30.45 32.36 32.64 32.46 31.37 30.59 27.45 28.18 30.90 32.65 33.62 30.50 30.86 31.84
19.07 21.14 20.57 19.18 16.76 19.07 20.43 19.58 17.47 15.58 18.69 21.01 21.85 24.05 25.32 25.20 25.29 25.97 25.14 26.83 29.77 32.97 33.48 28.17 26.00 30.32 27.13 20.26 16.14 17.00 20.41 19.23 20.31 7.38 15.04 15.10 5.51 8.24 16.52 16.30 12.47 14.27 2.58 6.25 17.91 23.12 25.65 24.87 23.75 23.61 25.89 24.91 22.62 13.11 15.39 18.60 14.27 14.50 17.60 15.71 16.98 20.57 23.65 24.78 26.78 29.08 30.40 26.83 28.48 28.35 25.91 26.85 28.77 29.79 31.15 33.53 32.80 29.61 28.78
14.09 17.37 17.91 17.57 16.26 16.12 18.42 18.62 17.39 15.22 18.66 18.99 24.70 24.38 24.05 21.06 23.53 25.99 25.38 28.67 29.16 28.61 30.11 37.09 32.70 30.35 25.84 19.45 18.05 20.12 20.18 21.89 17.22 18.42 5.74 5.62 7.02 8.76 16.42 15.00 13.44 13.10 2.86 7.14 19.66 23.77 25.76 27.15 25.00 25.11 25.06 24.82 15.11 17.80 17.74 15.17 15.76 16.84 16.77 17.13 18.37 21.11 21.99 22.19 25.66 26.93 26.35 27.16 26.95 26.21 26.62 29.24 30.87 32.12 33.39 35.56 34.29 31.10 30.31
12.14 13.50 16.40 16.65 17.26 17.19 18.97 20.12 18.84 16.68 20.19 20.33 18.81 21.35 24.09 23.21 20.30 24.82 24.83 30.31 29.30 28.65 29.21 27.10 35.25 34.01 27.36 20.30 19.50 19.89 21.00 22.42 14.72 19.65 7.48 7.77 8.57 9.85 11.60 13.46 8.51 4.55 4.01 7.76 20.58 21.62 23.94 24.25 26.53 28.46 26.63 25.44 19.02 21.41 13.93 12.88 17.79 18.79 19.10 18.16 19.38 21.66 21.33 22.09 25.26 26.67 26.74 26.43 26.26 28.22 28.36 30.23 31.39 30.64 32.10 33.95 32.54 31.17 31.23
9.43 13.19 15.03 17.04 15.80 17.34 17.98 19.77 19.48 16.67 19.74 22.27 16.78 16.02 19.94 24.36 26.04 29.00 25.52 29.10 32.37 30.04 33.71 36.77 39.35 37.65 28.44 24.33 21.81 20.21 22.85 18.66 14.27 21.80 9.53 9.45 18.35 10.51 21.46 11.36 8.22 4.75 5.83 8.60 20.95 24.64 27.77 25.31 27.82 24.46 29.24 25.65 24.46 18.18 14.78 17.26 19.45 21.38 21.70 17.99 19.93 22.02 21.84 23.44 25.14 25.82 25.62 26.66 25.72 25.94 25.86 28.55 31.57 33.26 32.28 30.00 29.34 31.83 32.52
17.53 19.10 21.13 20.08 18.47 20.31 20.64 23.00 21.72 19.12 19.64 21.56 18.01 12.29 19.56 22.00 24.32 26.77 28.51 34.26 35.54 33.08 31.46 33.35 38.99 39.62 30.91 26.55 22.61 19.03 20.57 17.05 16.11 25.39 10.25 10.13 9.97 11.08 20.59 10.93 6.96 5.08 7.31 9.70 22.35 22.50 23.57 26.99 29.60 27.42 28.74 20.01 17.42 14.59 17.22 19.95 19.04 21.45 20.14 18.91 21.67 22.02 21.93 22.79 22.99 23.30 23.07 23.63 23.89 24.11 26.35 30.20 32.23 28.83 32.00 29.80 29.56 31.78 31.79
14.93 17.89 21.79 14.62 23.44 23.17 22.68 22.30 22.83 20.26 18.21 21.90 22.83 16.31 16.11 21.03 23.44 27.74 32.00 32.82 33.60 32.38 30.80 25.96 28.78 44.56 34.50 28.02 23.38 19.07 22.77 21.82 17.79 24.69 17.73 10.76 10.64 11.67 22.23 10.56 5.84 5.44 8.38 21.30 23.41 28.31 28.22 29.41 27.37 28.64 21.34 20.78 20.50 19.06 19.27 20.32 19.30 19.35 20.60 22.05 23.82 22.77 20.62 19.49 21.42 23.45 23.77 25.10 25.68 27.78 30.44 30.97 31.07 29.18 29.46 29.76 31.68 32.54 31.62
12.86 19.48 12.60 13.45 23.74 23.42 22.41 22.43 23.95 21.15 18.06 20.79 22.87 18.64 17.28 20.10 22.83 26.11 30.95 34.20 35.10 31.74 28.14 29.19 29.47 49.60 39.55 28.99 25.59 25.18 26.08 23.49 19.39 23.54 24.47 11.45 11.40 18.31 19.22 10.06 6.29 20.91 18.42 21.89 26.04 26.78 26.18 28.67 29.16 29.72 21.90 22.42 22.84 21.84 21.16 25.34 25.91 26.39 26.07 21.33 21.48 22.28 21.93 24.34 25.56 25.72 26.16 29.04 29.87 31.01 31.97 30.42 29.18 29.70 31.54 30.34 30.60 31.21 26.60
12.45 19.55 20.52 20.89 20.31 20.76 21.94 22.92 24.45 23.29 19.56 18.53 22.54 23.50 19.73 19.47 23.13 26.78 31.34 35.81 35.59 32.64 28.28 27.62 33.59 49.40 46.01 28.70 28.51 33.15 29.54 20.78 18.71 20.39 24.56 11.23 11.72 23.95 14.69 8.43 6.57 20.95 23.13 27.15 27.15 28.38 28.19 30.81 29.89 30.70 23.42 23.89 23.53 22.63 22.01 28.91 28.51 27.81 20.49 21.28 21.25 21.92 23.78 27.19 28.43 27.01 28.88 31.53 32.86 30.10 29.93 29.33 29.54 30.47 29.28 32.17 29.14 29.31 28.54
9.38 12.34 12.58 21.87 19.58 18.75 23.19 23.68 26.35 25.32 22.26 22.12 21.90 25.22 21.64 19.31 23.11 27.87 31.84 35.32 35.95 32.06 27.44 27.72 33.03 49.93 50.37 30.24 29.81 38.27 28.31 19.29 18.08 22.26 23.85 16.42 24.75 22.72 14.63 15.24 19.55 23.07 24.66 26.41 26.59 28.86 30.39 30.96 30.03 22.93 24.92 25.16 23.51 22.39 22.29 20.41 18.76 19.18 21.05 22.31 24.14 23.52 24.41 26.25 27.15 28.78 29.22 28.73 27.13 25.61 26.24 25.67 26.76 27.13 30.14 25.23 23.94 22.50 26.06
11.43 18.40 18.27 19.57 20.78 21.54 22.45 24.23 25.37 26.37 25.65 24.25 19.64 22.53 24.29 25.34 26.28 29.58 32.16 34.14 34.57 31.47 25.60 26.22 31.54 48.72 55.95 38.57 33.61 38.33 27.33 19.79 17.85 21.08 23.72 26.33 22.91 18.30 15.61 16.35 19.13 22.04 23.93 26.10 27.33 28.24 28.24 31.17 31.88 22.71 25.20 25.88 23.61 21.95 22.52 21.53 20.05 20.21 21.91 23.63 24.18 26.22 25.43 25.90 25.78 23.84 24.95 24.18 23.67 22.83 23.19 24.19 25.46 27.63 25.18 24.78 23.34 25.01 22.05
14.47 14.80 14.66 16.76 20.14 21.74 20.71 21.22 23.92 26.18 24.09 24.09 16.64 22.96 23.57 26.37 28.32 31.81 33.16 33.50 33.24 30.76 25.68 24.54 25.55 38.19 59.10 52.82 43.42 38.07 25.15 20.07 19.11 20.26 23.22 25.12 19.81 17.70 17.45 17.78 19.61 22.84 23.96 25.39 27.96 30.30 30.50 32.60 29.48 22.10 24.49 25.40 23.74 23.29 23.29 22.21 21.68 21.52 22.65 23.72 23.85 23.89 28.03 23.44 22.39 21.15 20.50 20.99 23.21 23.46 23.69 23.91 23.88 24.22 24.55 23.71 22.71 23.80 23.28
12.87 14.86 13.46 15.67 18.09 19.75 23.06 22.55 21.58 23.79 25.50 23.36 20.76 15.60 21.75 24.88 29.38 33.31 34.17 33.58 33.81 31.36 27.85 22.92 23.28 31.79 48.06 56.36 53.21 40.56 25.88 21.07 20.32 18.86 20.32 20.70 19.80 20.55 17.78 18.18 20.70 23.09 24.81 26.97 29.12 30.17 31.04 32.99 22.36 22.65 23.69 25.49 25.36 24.62 22.55 20.32 22.60 23.24 22.57 22.25 22.36 22.19 22.57 22.33 21.35 20.34 21.41 21.66 22.46 22.89 22.60 21.72 21.11 22.10 22.82 22.51 22.19 22.13 21.49
6.05 10.03 12.94 13.77 14.99 18.10 20.12 24.48 24.10 23.42 24.02 24.41 24.34 16.90 16.45 23.97 29.45 31.68 30.60 30.84 32.34 28.62 26.95 23.06 22.37 28.91 37.32 49.09 55.67 45.77 29.72 23.26 17.88 15.67 15.63 15.00 18.98 21.27 18.55 19.69 20.82 23.76 26.80 28.45 28.38 29.71 30.87 19.90 22.72 23.08 23.43 26.10 26.70 23.30 21.39 22.32 23.44 23.87 22.74 26.38 26.27 25.97 21.88 24.14 23.01 21.75 21.47 21.77 21.25 20.61 20.26 22.31 24.13 24.58 25.57 25.68 24.95 23.93 22.79
8.82 5.37 11.68 12.72 13.26 15.61 18.36 20.75 22.59 24.59 25.89 24.64 26.38 25.37 18.02 21.29 30.06 34.98 31.83 31.65 32.22 27.37 24.84 22.93 23.73 29.62 35.56 41.40 51.06 46.82 36.26 30.89 13.88 10.83 8.81 11.62 18.96 21.42 19.13 21.07 21.71 24.05 27.47 29.95 31.44 30.57 30.83 20.99 22.81 23.25 23.30 25.44 26.03 21.59 20.67 24.02 24.33 23.47 22.25 26.10 26.11 25.85 20.26 22.49 21.55 22.00 23.29 23.89 23.98 23.70 23.70 25.34 26.70 27.14 27.19 28.14 28.83 27.89 25.53
9.88 6.09 3.11 12.69 15.15 16.62 17.28 18.36 22.24 20.46 23.62 25.51 26.09 22.17 18.54 21.96 28.67 35.87 36.64 36.18 35.94 31.79 27.86 25.28 27.24 31.35 26.99 35.71 44.92 45.82 44.47 36.63 13.34 5.30 5.09 9.62 15.16 17.12 20.05 23.16 21.73 23.91 28.20 30.39 31.62 30.99 30.94 21.82 22.39 23.19 23.35 24.13 25.10 23.23 22.66 25.34 24.51 22.30 28.20 25.60 24.48 24.16 22.96 21.86 21.88 18.80 19.01 18.79 18.68 18.83 19.84 20.60 21.18 23.48 22.99 23.52 26.20 25.63 21.19
9.12 9.98 10.96 4.83 8.26 10.62 14.44 18.22 19.71 22.27 23.04 20.47 18.02 18.12 22.00 23.21 27.33 33.19 34.48 36.21 40.72 40.12 35.77 33.01 30.22 27.16 30.88 31.00 38.91 42.77 45.23 40.28 15.70 2.08 4.48 6.69 11.23 13.99 18.01 20.97 23.23 26.16 29.07 30.16 31.99 28.72 31.12 22.38 22.55 23.23 24.49 25.20 25.29 25.31 25.31 24.73 22.74 20.63 20.71 20.98 19.90 24.65 23.39 22.04 21.13 19.95 18.17 16.69 15.50 16.20 14.75 16.07 18.49 21.47 23.54 25.52 24.81 23.35 20.69
10.30 11.22 15.43 11.80 7.09 11.27 12.39 14.02 16.28 17.39 20.71 21.31 24.69 22.62 18.24 25.04 27.88 31.84 30.76 28.44 32.03 37.64 40.59 42.72 37.16 33.00 28.13 29.79 35.93 40.94 43.72 40.93 20.33 4.97 4.24 5.75 8.02 11.60 17.52 20.92 23.93 26.13 28.38 29.56 33.15 31.51 31.69 23.38 23.83 24.29 25.79 26.89 26.84 26.21 25.08 23.54 22.45 21.21 20.80 20.43 20.14 18.66 23.80 22.07 19.85 19.12 18.02 13.43 11.14 12.62 16.17 19.75 22.06 25.73 25.84 23.99 21.41 19.41 18.11
