examples/cougarCreek-fire/createInputs/farsite/7a-cougarCreek-polygonIgnit/cougarCreekFire_08-10-2015_1500_217m_non_neutral_stability_ang.asc
ncols	146
nrows	140
xllcorner	610065.000000
yllcorner	5095217.000000
cellsize	216.586807
NODATA_value	-9999.000000
[rows 90 to 134 of 140, columns 0 to 95 of 146]
155 154 151 151 150 150 150 150 150 150 149 165 149 149 166 173 167 158 158 140 139 138 137 137 135 133 131 130 160 166 166 164 160 120 119 117 113 111 107 103 100 96 93 90 88 84 81 78 75 72 70 69 68 113 66 65 64 63 62 61 59 124 56 129 127 121 111 115 109 107 111 126 52 54 130 115 109 112 100 65 67 69 71 74 77 79 81 83 84 85 85 121 110 115 113 112
158 156 154 153 152 152 152 152 152 152 173 163 152 157 167 173 167 146 144 142 142 141 167 139 138 136 173 169 169 170 166 160 158 123 121 118 116 112 109 105 102 98 95 91 149 85 82 79 76 72 71 70 70 110 68 67 66 64 63 62 60 122 124 119 128 53 120 111 100 99 52 107 55 57 58 114 115 62 116 102 101 106 98 74 76 79 81 82 84 85 85 90 92 126 95 96
160 159 157 156 155 154 155 154 155 155 174 164 156 166 168 170 168 161 147 146 145 144 176 143 141 139 166 167 175 172 157 132 129 126 123 120 167 113 168 167 103 100 171 93 90 86 82 79 75 72 71 70 69 102 103 67 66 65 63 62 61 60 119 113 124 55 54 119 106 102 52 107 55 57 123 113 111 109 107 98 97 103 76 115 79 107 103 101 83 85 86 86 86 87 98 96
162 160 158 157 156 156 156 155 155 155 154 168 155 169 153 169 172 168 149 148 147 146 177 144 143 177 166 170 168 168 156 134 132 129 126 174 120 117 113 109 106 103 99 95 92 88 84 80 76 73 71 70 69 106 104 114 66 116 63 63 62 61 113 105 112 56 54 124 112 104 98 114 56 58 122 115 109 64 90 80 69 71 92 79 81 119 84 123 90 81 100 91 94 87 98 99
163 161 159 154 158 157 157 157 156 156 155 155 170 154 154 153 173 171 150 150 149 148 147 179 145 180 171 169 161 165 166 153 166 176 177 127 124 121 117 113 110 106 102 97 92 88 84 81 77 73 71 70 69 68 101 106 106 101 114 61 61 60 115 96 56 101 119 52 112 106 98 112 56 56 122 130 132 113 93 94 94 94 73 88 93 99 97 85 118 118 87 84 86 86 94 97
164 162 161 160 159 158 159 158 157 157 157 157 156 165 154 168 172 175 163 151 150 150 149 148 146 144 171 160 143 142 140 167 177 181 132 130 127 125 121 186 113 109 105 99 94 90 86 82 78 74 71 71 70 68 93 85 92 96 98 111 61 59 107 91 55 79 90 103 104 103 96 102 127 126 127 59 61 63 100 92 93 93 75 77 78 93 83 85 86 88 91 89 85 86 88 88
165 163 162 161 160 159 160 159 159 158 158 158 157 168 166 166 176 180 165 153 152 183 150 150 148 184 167 161 174 190 145 181 141 139 137 135 132 130 184 121 117 113 108 103 98 93 88 84 80 75 73 72 71 69 67 67 65 64 63 62 104 112 104 107 100 88 53 89 94 94 94 102 103 106 118 132 62 64 132 68 80 77 76 84 80 82 114 84 96 84 87 89 101 86 88 89
167 165 163 162 161 162 161 159 160 159 159 159 158 172 157 156 177 175 164 155 155 154 153 152 150 169 163 175 149 148 149 148 146 144 142 140 138 136 132 127 123 118 113 109 103 98 93 88 83 78 75 74 72 71 69 67 65 64 63 62 60 103 109 108 100 54 54 53 53 53 54 55 57 98 107 122 64 64 67 116 71 78 73 75 76 83 124 87 85 82 82 96 94 96 88 90
167 166 165 164 164 161 162 161 160 161 161 160 159 169 158 158 172 170 166 157 156 156 156 154 154 166 171 152 152 152 152 192 150 148 195 191 198 194 198 195 131 125 120 116 111 105 99 94 88 83 80 78 76 73 71 69 66 64 63 62 61 61 61 59 87 57 56 54 54 54 55 56 57 100 104 110 130 66 67 134 74 75 77 79 80 83 88 79 86 87 88 92 95 86 95 91
170 169 168 166 167 162 163 163 162 162 163 161 160 160 159 159 159 158 159 159 158 158 157 157 173 174 156 155 176 183 156 155 154 198 193 194 194 193 196 206 139 133 128 124 119 114 108 102 96 90 87 84 81 79 76 73 70 68 66 65 64 63 63 61 60 59 57 56 56 55 86 95 97 62 98 103 116 68 70 74 119 111 78 116 117 85 87 91 81 89 82 83 96 97 98 93
174 171 168 168 165 163 164 162 163 164 162 162 162 167 161 161 161 160 161 160 160 183 160 177 160 159 158 159 171 186 196 158 158 156 191 189 194 153 151 148 146 141 137 134 130 126 120 114 107 101 96 93 89 87 83 79 76 73 71 69 68 67 65 63 62 60 59 59 58 83 91 94 95 95 91 71 73 111 72 73 128 116 81 84 86 86 84 88 93 92 92 85 86 98 99 97
179 176 172 168 165 166 164 167 164 164 165 163 163 163 162 162 162 162 162 162 162 162 162 192 162 161 184 173 172 162 162 199 193 189 185 188 156 160 162 158 155 151 147 144 141 138 133 129 122 114 109 106 102 98 93 75 78 74 78 75 73 70 68 66 81 83 81 62 60 59 81 83 85 83 68 70 85 97 115 131 117 108 82 88 80 81 82 82 86 87 87 91 87 88 89 90
181 181 176 168 166 166 167 167 166 168 166 165 166 165 164 165 163 163 165 164 172 166 165 165 164 164 188 179 188 166 166 166 192 191 188 193 199 193 166 187 161 160 159 182 215 149 216 232 138 131 129 127 121 113 90 96 98 90 79 84 79 75 72 69 68 67 67 65 63 62 63 65 67 69 85 73 75 77 102 115 82 82 83 82 84 87 85 85 85 84 85 86 87 89 91 90
181 184 179 173 169 169 167 167 170 167 169 169 166 166 166 167 166 166 166 167 167 167 167 167 168 168 188 183 193 169 194 191 193 194 192 193 197 194 190 182 172 167 168 165 222 222 228 156 239 244 146 148 144 135 75 85 88 82 102 96 89 83 79 76 74 72 70 69 66 65 66 67 69 71 85 76 101 103 110 121 115 106 99 99 89 91 91 91 92 94 89 86 88 89 90 90
188 187 181 177 173 171 171 169 169 169 172 168 170 169 171 169 168 167 168 173 170 170 170 170 186 171 190 182 194 193 185 190 194 195 196 186 191 197 197 197 199 193 204 224 234 172 171 169 240 233 223 233 164 161 153 73 77 120 114 109 74 74 88 85 81 77 74 72 83 84 83 83 72 83 83 77 79 105 108 118 113 107 106 86 89 92 92 91 92 96 96 94 87 98 96 91
193 190 185 180 177 174 172 170 170 174 174 173 171 174 173 169 170 169 171 173 175 173 174 173 188 175 175 173 195 193 186 196 196 195 195 185 196 180 179 219 215 204 217 227 180 240 180 179 245 247 175 175 179 179 172 74 144 133 127 121 71 73 74 78 82 80 82 88 92 94 94 90 88 76 77 78 80 81 82 83 102 109 109 87 88 92 93 93 90 97 98 96 98 100 101 91
199 195 189 184 180 177 175 172 173 174 173 174 174 175 174 173 173 172 174 174 174 175 176 180 178 177 191 176 194 195 195 196 193 194 192 192 212 183 182 211 184 202 216 185 227 232 236 237 185 248 183 183 187 190 188 65 160 147 140 133 75 82 86 94 93 91 91 92 92 95 98 101 101 94 80 80 78 77 81 83 85 88 89 94 85 85 88 90 85 86 98 96 94 100 90 101
207 201 193 195 184 181 179 178 176 175 179 177 179 178 176 177 176 174 177 177 178 177 181 192 196 180 191 186 201 200 202 189 189 194 195 207 186 186 186 197 203 212 222 225 226 229 193 193 232 234 231 241 240 253 51 77 65 161 153 69 86 89 90 80 103 79 83 83 85 86 88 94 99 99 92 83 83 83 85 104 102 87 90 88 85 86 86 86 86 87 95 97 94 92 97 98
218 209 198 197 190 182 176 182 180 178 183 183 182 181 181 181 179 180 180 179 181 181 181 183 183 200 195 198 200 194 195 186 188 200 210 188 188 216 189 183 212 221 224 227 230 197 234 232 232 234 227 234 197 235 149 102 78 174 64 82 92 94 84 120 69 81 89 95 94 92 92 95 100 101 98 97 96 98 101 104 109 90 90 92 92 90 87 87 88 88 88 89 90 91 92 93
228 217 204 198 197 190 179 186 185 183 183 183 186 184 185 183 183 183 184 184 187 186 185 191 199 193 194 200 192 189 191 188 194 208 191 191 191 204 186 197 218 222 224 226 229 233 201 202 202 203 204 240 223 219 204 130 84 68 77 83 87 87 76 128 64 80 87 91 95 100 101 100 104 112 112 105 99 95 88 100 103 90 90 92 94 95 93 92 94 93 88 89 90 92 93 93
227 217 212 204 203 200 202 192 191 189 188 187 190 190 189 186 187 191 187 186 186 186 189 189 190 196 192 199 188 191 195 199 214 194 194 195 216 196 195 216 220 220 222 226 227 229 236 206 244 206 247 248 234 249 203 203 58 80 84 87 87 87 79 134 83 90 83 83 89 94 95 88 86 92 100 100 96 89 89 90 91 91 92 92 94 96 96 95 96 96 97 97 90 98 100 93
239 216 222 213 206 203 200 195 183 194 193 192 196 194 192 190 197 191 191 190 190 190 191 193 194 194 194 194 193 199 195 196 196 196 197 197 200 194 212 222 202 223 225 226 225 227 231 236 241 208 243 247 241 252 203 351 86 102 105 107 106 101 102 128 122 112 106 99 95 92 89 83 93 91 91 92 97 98 97 91 93 93 92 92 92 96 96 94 94 96 98 100 98 97 100 102
244 236 227 218 210 205 201 200 186 196 193 194 200 195 191 192 191 191 192 191 191 189 191 194 195 196 195 200 200 205 196 196 211 210 213 199 195 207 218 219 223 225 224 225 227 228 228 229 237 238 238 241 241 239 218 139 128 123 114 111 112 113 116 130 128 124 125 119 109 104 103 108 106 101 96 96 100 101 99 93 95 95 94 95 95 95 97 96 96 97 98 100 102 98 97 101
247 239 206 209 212 206 203 201 200 183 194 195 203 192 190 191 194 192 189 186 192 190 192 194 196 195 195 194 201 203 194 203 201 208 204 191 201 213 214 216 217 216 223 229 234 205 233 228 232 232 234 231 225 216 198 166 136 126 114 108 111 116 123 129 127 123 122 121 116 113 112 115 117 117 110 105 107 96 96 106 96 98 96 95 94 94 96 97 97 98 99 99 102 100 93 95
240 219 232 223 213 206 203 201 201 202 199 196 201 190 191 190 191 190 189 188 186 191 190 194 191 195 193 193 193 192 196 198 195 205 194 195 209 215 198 209 199 218 225 202 202 203 202 227 224 224 224 219 213 205 193 184 164 149 135 120 122 128 130 130 126 124 122 118 115 112 111 107 106 111 113 113 118 121 100 98 99 99 97 95 94 93 94 96 96 98 100 99 91 103 103 101
254 246 234 223 233 206 183 175 201 203 200 192 188 189 189 192 189 187 187 185 187 192 193 191 190 193 192 192 192 192 189 193 205 201 192 202 211 196 203 207 198 221 199 223 224 221 219 224 222 221 219 213 208 200 188 183 180 171 158 138 131 139 140 131 124 123 124 120 114 109 107 104 104 110 115 115 116 100 99 98 99 100 99 98 96 95 96 96 95 97 99 99 100 93 94 95
262 253 241 228 184 179 177 202 201 173 196 189 186 186 187 187 192 187 183 184 189 192 195 189 194 189 191 191 192 190 189 192 193 194 201 212 195 204 200 210 197 197 212 215 215 214 216 218 220 219 216 209 199 193 184 177 180 176 168 153 136 137 143 135 124 118 117 116 114 111 111 111 111 113 117 117 101 100 97 96 96 97 97 97 96 95 96 95 96 99 96 95 92 94 95 96
270 263 252 238 224 213 205 201 177 198 193 190 187 184 184 191 188 181 184 185 188 193 195 188 188 186 191 191 190 188 188 192 194 194 195 209 198 197 203 213 197 196 216 217 215 211 210 215 217 212 208 197 189 188 185 177 174 171 168 159 144 142 145 141 134 125 117 113 115 120 120 113 113 113 113 115 102 102 100 98 97 96 95 95 95 96 98 95 88 102 102 98 95 94 96 97
280 275 267 243 230 213 110 201 173 192 188 162 162 183 182 190 187 183 187 186 184 193 194 193 184 185 192 190 188 187 189 193 193 193 193 201 192 198 210 196 196 195 213 212 208 203 205 210 206 204 205 192 186 187 183 192 169 165 182 157 171 147 156 146 141 136 129 117 112 118 126 114 109 107 103 102 102 102 101 99 100 101 100 98 97 99 90 98 88 102 103 91 93 94 96 98
290 287 285 281 258 136 207 199 195 187 179 182 154 146 180 181 182 185 184 186 187 192 191 190 184 188 189 188 188 187 190 192 188 191 192 196 196 195 195 218 195 215 210 207 203 203 207 206 202 201 200 192 195 193 192 190 188 184 179 175 153 163 150 150 143 139 136 127 111 110 124 125 117 110 104 104 104 105 105 103 100 102 102 101 99 100 90 101 88 90 91 92 93 95 96 98
302 303 308 320 269 84 101 172 185 177 166 155 168 176 177 178 180 181 182 187 189 183 191 190 189 188 185 187 189 186 187 189 187 188 191 191 193 194 194 194 194 209 208 206 206 209 208 203 201 202 199 194 194 192 191 189 186 183 178 172 168 152 149 149 144 144 133 132 118 108 116 128 126 123 117 105 104 105 106 106 102 101 101 100 97 92 91 90 89 90 92 93 94 95 97 98
313 317 225 264 295 125 111 113 51 92 116 113 138 161 170 174 176 178 179 186 181 181 192 191 187 184 185 188 189 183 185 186 186 191 189 191 193 193 194 194 207 205 209 211 213 213 207 202 201 203 199 196 192 191 190 187 185 181 176 171 166 159 152 152 154 153 137 135 129 110 110 120 121 118 107 106 105 104 105 106 103 102 102 100 95 92 91 90 90 91 92 93 94 96 97 99
323 294 338 351 274 101 123 32 40 42 121 60 102 137 157 167 172 174 175 177 178 188 188 186 181 179 186 190 190 185 183 184 185 186 188 191 191 192 192 208 192 205 212 213 214 212 202 200 200 203 202 198 191 190 188 186 183 180 175 169 164 159 149 152 156 155 133 142 142 121 109 104 109 108 107 107 106 105 106 106 104 103 103 102 101 97 91 90 90 91 93 94 95 96 98 100
327 315 38 0 11 18 118 288 38 37 35 43 68 150 124 155 166 170 171 180 175 186 186 184 178 176 188 190 188 184 183 187 187 187 188 190 191 191 191 191 191 206 210 210 212 192 192 199 203 206 206 199 189 188 187 185 182 178 154 168 163 158 150 152 143 139 133 144 141 131 121 116 117 111 109 107 106 105 106 107 106 104 104 103 103 104 102 90 89 91 92 94 95 97 99 101
329 336 332 13 15 20 25 31 36 35 32 35 52 79 109 136 156 164 167 170 172 173 185 183 179 178 189 189 187 183 183 183 185 186 189 190 191 191 191 191 192 207 209 209 191 199 191 202 205 205 203 188 188 187 186 183 180 177 173 167 161 157 152 147 142 138 134 127 134 129 127 130 116 114 112 109 107 106 107 107 106 106 107 106 94 93 91 90 89 91 92 94 96 98 100 102
335 333 355 3 68 24 28 30 33 79 31 31 43 62 143 115 142 155 160 165 168 184 183 174 182 183 188 188 181 178 182 182 185 187 190 190 191 191 191 192 192 192 211 191 191 191 191 201 202 199 187 187 187 186 185 182 179 176 172 166 161 142 134 132 132 136 134 130 114 106 118 118 117 117 116 113 109 107 107 107 106 107 96 95 94 93 91 90 89 91 93 94 96 98 100 103
345 343 355 17 25 347 28 27 29 37 31 30 37 53 71 93 123 143 152 159 164 167 183 186 187 182 182 182 177 177 180 181 186 189 183 190 190 191 191 190 191 191 190 190 191 191 190 189 188 187 187 187 186 185 184 181 178 174 134 163 109 153 150 102 140 134 126 125 123 105 120 120 118 118 118 115 111 107 107 106 104 98 97 96 94 93 92 90 89 91 93 95 97 99 101 104
354 357 2 15 18 36 35 61 59 43 63 31 35 47 61 123 100 127 142 151 158 163 183 185 171 178 177 176 174 178 179 180 185 188 182 190 190 190 189 190 191 191 190 190 191 190 189 188 188 188 187 186 186 185 183 181 177 173 169 164 160 154 149 96 139 112 116 130 124 132 122 121 118 117 118 117 113 108 107 105 100 99 98 96 95 93 92 91 90 91 93 95 97 100 102 105
3 6 11 19 28 28 28 29 30 30 32 64 35 43 55 68 85 108 128 141 151 157 161 176 176 176 177 169 175 176 178 183 187 180 189 189 188 188 189 191 191 192 192 192 217 190 189 189 189 188 221 187 185 184 182 179 176 172 168 163 158 153 149 144 138 106 117 126 123 120 119 120 117 115 118 117 114 108 105 104 100 99 98 96 95 94 93 91 90 92 94 96 98 100 103 106
12 14 18 24 28 30 31 33 33 32 32 33 36 42 52 64 76 95 115 131 143 151 156 161 172 174 175 171 174 176 177 177 178 179 179 189 188 190 190 190 191 191 192 191 191 190 190 223 189 188 227 186 185 182 181 178 175 171 166 162 157 152 146 141 133 103 109 107 115 111 110 112 114 113 115 116 115 110 106 104 101 99 98 97 95 94 93 92 91 92 94 97 99 101 104 107
22 21 23 26 28 30 31 32 33 32 31 32 36 41 50 60 71 86 105 121 136 145 151 157 161 164 166 170 172 174 176 176 176 177 187 189 189 190 190 190 190 190 191 191 191 189 189 188 188 187 186 228 232 182 180 177 174 170 166 161 156 150 144 102 103 103 103 121 118 115 113 113 114 114 113 114 115 112 109 102 101 99 98 97 96 94 93 92 91 93 95 98 100 102 105 108
37 27 26 28 29 30 31 31 32 31 30 31 35 40 47 56 67 80 97 114 129 140 147 153 158 161 164 167 170 172 174 175 176 176 186 186 188 189 189 189 189 189 187 188 188 188 188 188 222 224 226 226 229 234 179 176 173 170 166 161 86 101 117 119 116 116 117 123 119 115 113 112 112 112 110 111 113 111 104 102 101 100 98 97 96 95 94 92 92 94 96 99 101 104 107 110
39 41 27 28 28 29 30 30 30 30 29 29 33 38 44 52 62 75 90 106 122 135 143 150 155 159 163 166 168 170 172 173 175 176 187 177 177 187 188 179 180 181 186 187 187 186 187 186 185 184 184 183 182 228 232 236 238 168 165 105 112 113 121 128 127 132 129 125 122 119 115 112 111 110 109 108 107 106 104 103 101 100 98 97 96 96 95 93 92 95 97 100 102 105 108 112
40 43 28 27 27 28 29 29 29 29 28 28 31 36 42 49 57 69 83 98 114 129 139 147 152 157 161 164 166 167 169 172 176 178 176 175 175 176 186 178 179 185 186 186 186 186 186 186 184 184 183 182 181 179 221 222 222 211 164 161 131 121 117 120 121 132 129 125 121 119 117 116 116 115 113 110 108 106 105 103 102 100 99 97 96 96 95 94 93 96 98 101 104 107 110 114
46 46 42 27 26 28 29 30 30 29 28 28 30 35 41 47 55 66 79 93 108 123 135 144 149 154 159 161 163 164 165 170 177 178 179 178 174 175 176 181 184 185 185 186 186 185 186 185 184 183 182 182 181 219 217 172 169 165 163 160 156 129 124 119 115 116 129 127 121 117 116 114 115 116 114 112 112 106 105 103 102 101 99 98 96 96 95 94 94 97 100 103 106 109 112 116
