examples/cougarCreek-fire/createInputs/farsite/7a-cougarCreek-polygonIgnit/cougarCreekFire_08-10-2015_2000_217m_non_neutral_stability_vel.asc
ncols	146
nrows	140
xllcorner	610065.000000
yllcorner	5095217.000000
cellsize	216.586807
NODATA_value	-9999.000000
[rows 0 to 35 of 140, columns 0 to 80 of 146]
11.28 11.63 11.99 11.86 11.72 12.01 12.35 12.62 12.81 15.44 12.85 12.99 12.80 12.54 12.53 12.55 12.37 12.29 12.32 12.29 12.29 14.02 11.96 11.36 10.78 10.58 10.60 10.56 10.43 10.22 10.01 9.73 9.44 8.99 8.44 7.90 7.34 1.12 4.02 5.54 2.63 1.96 4.00 0.75 0.64 0.99 2.33 2.08 1.98 2.04 1.79 1.26 1.17 1.61 2.32 3.12 3.89 4.66 5.57 6.51 7.40 8.33 9.32 10.31 11.28 12.01 12.70 13.63 14.60 15.21 15.02 14.51 14.03 13.81 14.08 14.49 14.18 13.72 13.73 13.75 13.94
11.28 11.63 11.99 11.86 11.72 12.01 12.35 12.62 12.81 15.44 12.85 12.99 12.80 12.54 12.53 12.55 12.37 12.29 12.32 12.29 12.29 14.02 11.96 11.36 10.78 10.58 10.60 10.56 10.43 10.22 10.01 9.73 9.44 8.99 8.44 7.90 7.34 1.12 4.02 5.54 2.63 1.96 4.00 0.75 0.64 0.99 2.33 2.08 1.98 2.04 1.79 1.26 1.17 1.61 2.32 3.12 3.89 4.66 5.57 6.51 7.40 8.33 9.32 10.31 11.28 12.01 12.70 13.63 14.60 15.21 15.02 14.51 14.03 13.81 14.08 14.49 14.18 13.72 13.73 13.75 13.94
11.20 11.50 12.02 12.06 11.82 12.00 12.26 12.57 12.89 13.03 13.04 13.14 12.87 12.53 12.44 12.45 12.27 12.14 12.08 11.97 11.96 13.70 12.13 11.61 10.91 10.58 10.54 10.53 10.41 10.13 9.84 9.49 9.24 8.86 8.34 7.83 7.29 6.67 5.98 5.38 4.87 4.32 3.79 3.33 2.88 2.46 2.10 1.88 1.83 1.97 1.80 1.39 1.40 1.84 2.52 3.26 3.97 4.77 5.67 6.56 7.43 8.36 9.33 10.28 11.12 11.77 12.62 13.65 14.49 14.81 14.31 13.85 13.73 13.91 14.37 14.54 14.08 13.83 13.95 14.02 14.29
11.27 11.47 12.09 12.34 12.03 12.08 12.23 12.49 12.95 13.29 13.42 13.53 13.12 12.54 12.30 12.20 12.02 11.89 11.78 11.59 11.56 13.32 12.27 11.92 11.17 10.65 10.43 10.42 10.32 9.92 9.56 9.11 8.87 8.62 8.15 7.69 7.20 6.58 5.87 5.22 4.68 4.14 3.65 3.20 2.78 2.44 2.17 2.09 2.17 2.40 2.29 1.90 1.81 2.07 2.61 3.23 3.86 4.67 5.55 6.42 7.32 8.24 9.19 10.07 10.73 11.50 12.64 13.64 14.12 13.98 13.38 13.37 13.78 14.35 14.79 14.66 14.06 13.86 14.11 14.34 14.66
11.51 11.68 12.23 12.53 12.31 12.28 12.35 14.11 14.64 14.64 13.61 13.90 13.61 12.87 12.36 12.14 11.89 11.89 11.87 11.59 12.68 13.16 13.13 12.07 11.49 10.86 10.42 10.36 10.27 9.83 9.48 8.95 8.65 8.48 8.04 7.60 7.10 6.47 5.78 5.10 4.48 3.95 3.47 3.00 2.60 2.30 2.12 2.13 2.30 2.58 2.49 2.15 2.10 5.36 2.80 3.35 3.99 4.81 5.66 6.58 7.51 8.34 9.24 9.93 10.62 11.67 12.73 13.31 13.40 13.26 13.28 13.80 14.37 14.82 14.92 14.53 13.85 13.69 14.20 14.61 14.84
11.59 11.76 12.27 12.66 12.60 12.50 12.49 12.65 12.86 14.22 14.71 14.49 13.95 13.41 12.62 12.17 11.80 11.81 12.66 11.75 12.60 13.09 13.28 12.15 11.83 11.10 10.49 10.42 10.32 9.90 9.49 8.89 8.60 8.40 7.95 7.55 7.02 6.37 5.67 4.96 4.29 3.73 3.22 2.70 2.27 1.96 1.81 1.86 2.09 4.39 4.86 4.84 2.24 2.53 3.02 3.61 4.30 5.13 5.99 6.92 7.78 8.56 9.31 9.93 10.88 11.92 14.36 12.75 12.79 13.18 13.77 14.32 14.65 14.73 14.43 13.87 13.42 13.75 14.48 14.73 14.87
11.73 11.82 12.15 12.62 12.79 12.77 12.67 13.96 14.18 13.91 14.59 14.97 13.99 13.78 13.14 12.43 11.92 11.79 12.92 13.04 12.70 12.77 12.83 12.59 11.74 10.54 10.70 10.29 10.07 9.20 9.48 8.94 8.68 8.34 7.86 7.51 6.97 6.26 5.56 4.15 3.66 3.54 2.38 2.40 1.93 2.49 2.70 3.29 3.52 3.99 8.36 2.23 5.43 2.76 3.29 3.93 4.65 5.48 6.35 7.22 8.03 10.96 11.85 10.22 11.30 13.58 12.32 12.56 12.97 13.87 14.38 14.47 14.34 14.09 13.81 13.69 13.74 14.20 14.61 14.67 14.85
12.02 12.06 12.17 12.52 12.85 12.93 12.81 14.01 14.66 14.78 14.75 15.11 14.42 12.99 12.11 12.82 12.28 11.53 12.20 13.01 12.79 12.58 12.61 12.73 12.10 10.90 10.29 10.17 10.10 9.30 9.57 8.80 8.39 8.33 7.83 7.50 6.94 6.17 5.06 4.28 3.60 2.76 2.18 2.02 1.91 2.10 2.68 3.01 3.62 8.42 5.08 4.88 2.56 3.01 3.61 4.27 5.01 5.84 6.71 7.52 10.21 11.02 9.60 10.65 11.48 13.86 12.28 12.67 13.42 14.25 14.25 13.95 13.77 13.86 14.07 14.13 14.07 14.31 14.61 14.76 14.93
12.21 12.31 12.38 12.60 12.96 13.28 13.18 13.18 13.92 14.39 14.40 14.76 14.71 13.61 12.45 13.06 11.52 11.57 12.06 13.19 12.97 12.65 16.40 16.35 12.50 11.43 10.61 10.23 10.03 9.37 8.78 8.79 8.06 8.36 7.86 7.58 6.57 5.77 5.19 4.51 3.53 2.55 2.03 1.72 1.35 1.76 2.56 3.24 3.86 4.43 4.67 5.07 5.88 5.74 6.01 4.62 5.40 6.23 9.15 7.75 9.79 9.15 10.12 11.03 13.24 13.85 14.17 13.79 13.72 14.16 13.87 13.70 13.96 14.37 14.44 14.08 13.90 14.37 14.85 14.96 14.91
12.39 12.37 12.39 12.62 12.91 14.42 14.21 13.79 13.72 13.82 13.99 14.34 16.66 14.14 12.83 12.09 11.68 11.29 11.98 16.19 16.61 12.66 12.67 12.97 15.65 12.08 11.05 10.48 10.14 9.98 9.01 8.78 8.29 7.78 7.82 7.50 6.59 5.85 5.21 4.40 3.18 2.12 1.65 1.00 0.73 1.62 2.20 2.82 3.72 4.37 5.03 5.08 6.41 5.85 4.28 5.00 5.79 6.59 8.79 7.97 8.71 9.66 10.59 12.90 13.28 13.27 13.50 13.62 13.88 14.13 13.95 14.12 14.49 14.59 14.28 13.93 14.22 15.01 15.27 15.09 14.89
11.33 12.61 12.44 12.58 12.80 13.06 14.80 14.70 14.47 14.35 14.22 14.23 14.20 16.10 13.27 12.85 12.22 12.58 11.92 12.59 16.50 14.93 12.48 12.73 17.07 11.01 7.64 7.20 10.48 10.14 9.18 9.03 8.59 7.91 7.89 7.58 6.80 6.02 5.21 4.25 3.08 1.94 1.09 4.85 5.79 5.83 2.31 3.05 3.73 8.90 9.14 9.35 5.24 3.97 4.68 5.44 6.20 7.65 7.61 8.32 9.23 9.90 12.62 13.31 12.88 13.19 14.26 14.56 14.10 14.31 14.27 14.51 14.65 14.59 14.36 14.35 14.97 15.56 15.39 15.02 14.84
12.91 12.97 11.96 12.48 13.06 13.86 13.37 15.02 14.87 15.94 15.79 14.40 13.98 14.18 13.72 13.51 13.66 11.96 12.49 12.58 15.96 14.76 14.79 12.45 12.94 13.37 7.20 7.72 8.68 10.40 9.40 9.22 8.71 8.20 7.99 7.60 6.96 6.16 5.24 4.38 3.37 2.87 3.55 4.61 5.80 6.42 2.37 3.07 7.95 9.15 9.20 5.24 3.68 4.39 5.06 6.67 7.34 7.92 8.06 8.79 9.71 12.02 13.03 13.25 13.65 12.78 13.22 13.69 14.18 14.39 14.38 14.54 14.68 14.70 14.57 14.77 15.45 15.66 15.20 14.89 14.79
12.84 13.09 13.33 12.82 13.06 13.59 13.33 15.13 15.47 15.31 16.71 16.23 15.04 14.06 13.77 13.54 12.62 12.30 13.04 12.87 15.24 14.59 14.05 16.57 12.64 16.94 7.64 8.47 8.57 5.76 9.91 9.53 9.10 8.65 8.25 7.77 7.12 6.33 5.56 4.83 3.21 2.68 3.69 4.86 6.06 5.98 2.06 6.90 7.96 4.74 4.91 4.81 4.09 4.87 6.20 7.54 7.98 8.61 8.94 8.47 11.88 12.93 13.31 11.75 12.30 12.77 13.17 13.64 14.09 14.34 14.42 14.77 14.99 14.89 14.87 15.31 15.80 15.62 15.12 14.93 14.84
12.69 12.98 13.37 13.56 13.57 14.07 13.46 13.56 15.65 15.89 15.87 17.75 17.31 15.38 14.44 13.83 12.96 12.28 12.55 14.25 15.00 15.07 13.58 14.67 17.26 16.29 8.45 8.52 7.17 4.82 4.53 9.84 7.99 7.95 8.60 8.46 6.57 5.84 7.04 6.28 2.17 3.83 4.93 5.64 5.65 1.48 2.01 7.11 7.85 4.41 4.63 4.67 4.55 5.02 7.12 8.21 9.16 10.04 10.50 11.58 13.07 13.65 11.36 11.85 12.28 12.69 13.16 13.65 14.12 14.51 14.81 15.24 15.28 15.17 15.38 15.75 15.81 15.44 15.06 14.95 14.87
12.61 12.96 13.31 13.52 13.69 13.78 13.73 13.58 13.66 15.80 16.30 16.09 15.78 18.78 17.06 14.00 11.84 10.98 11.87 12.71 12.47 13.25 12.04 11.73 14.93 15.19 9.66 8.51 6.74 4.61 4.20 10.16 9.18 8.50 8.81 8.71 6.48 5.78 7.82 8.15 5.26 5.59 4.92 5.03 4.47 4.75 6.32 8.20 9.30 8.77 4.53 4.78 5.33 5.96 7.45 8.07 11.61 10.37 10.90 11.75 10.49 11.01 11.44 11.91 13.68 12.93 13.15 13.47 14.53 15.12 14.16 15.53 15.40 15.46 15.67 15.74 15.56 15.23 15.01 14.96 14.91
12.67 13.10 13.45 13.51 13.74 13.99 14.42 14.22 14.48 15.28 15.92 16.05 18.48 18.52 19.22 17.81 13.17 11.75 12.86 13.48 12.37 12.72 11.68 9.73 12.81 14.37 10.61 8.33 6.53 4.52 5.02 8.37 8.53 8.08 8.73 7.70 7.18 6.75 6.32 4.67 4.98 5.36 5.25 5.32 5.06 6.34 8.50 9.31 9.61 8.05 4.23 5.39 9.30 9.64 7.68 8.54 12.60 10.40 12.51 11.40 12.26 12.52 12.00 12.09 12.02 12.58 14.11 14.40 15.17 15.79 15.70 15.52 15.44 15.52 15.63 15.62 15.44 15.22 15.07 14.98 14.88
12.61 13.10 13.54 13.54 13.64 14.00 14.22 14.58 14.39 14.54 15.12 15.76 16.81 16.44 18.77 21.27 21.09 15.13 15.65 15.73 13.67 13.66 11.83 12.99 10.39 13.15 10.34 7.74 4.98 4.50 6.37 9.00 7.58 7.18 7.52 6.78 7.29 7.20 5.18 1.62 2.85 4.79 6.06 6.76 7.01 8.50 9.08 9.36 8.50 7.38 4.76 10.28 11.46 11.66 10.71 9.93 10.38 12.33 10.88 11.58 11.98 11.44 11.39 12.17 12.31 14.11 14.23 14.01 15.63 15.86 15.41 15.27 15.36 15.49 15.54 15.49 15.37 15.25 15.14 15.02 14.88
12.48 12.88 13.35 13.51 13.47 13.62 15.26 14.86 14.40 15.26 14.57 15.41 18.09 16.40 19.14 20.17 20.75 20.33 18.92 18.90 17.65 17.32 13.64 7.91 8.96 11.65 9.05 6.38 4.97 5.64 7.10 7.66 7.32 7.40 5.87 6.49 7.51 7.04 4.45 0.81 3.36 4.99 5.80 6.49 7.80 8.70 9.12 8.99 8.05 8.17 10.61 11.45 12.13 11.37 11.96 10.09 10.24 10.89 11.21 11.29 10.99 11.31 12.20 13.19 13.96 14.01 14.39 17.29 18.15 15.37 15.05 15.22 15.42 15.49 15.50 15.43 15.34 15.29 15.22 15.07 14.92
12.53 12.74 13.06 13.39 13.44 13.39 13.72 14.60 14.77 14.22 14.17 14.86 19.47 19.18 17.68 17.54 18.01 18.27 17.89 18.32 17.77 16.86 17.28 10.95 9.92 10.12 7.82 5.74 5.43 5.75 6.24 5.98 6.51 6.65 5.61 7.03 8.11 6.86 3.33 0.49 2.95 4.91 6.46 7.79 7.92 8.10 9.01 9.08 8.00 9.93 10.79 11.91 11.43 7.23 11.62 12.06 8.83 9.53 12.72 10.52 10.52 12.83 13.09 13.63 13.50 15.95 16.98 18.22 15.07 15.08 15.15 15.48 15.60 15.60 15.70 15.66 15.43 15.26 15.11 14.93 14.82
12.66 12.69 12.88 13.27 13.46 13.45 14.17 14.57 15.05 14.35 14.30 17.05 18.71 18.40 16.29 14.48 14.72 16.28 16.06 16.95 16.67 14.29 17.05 15.00 12.15 9.35 6.46 5.42 5.52 5.68 5.23 4.92 3.12 10.23 10.08 7.65 7.88 7.79 3.25 1.49 3.84 5.99 7.96 8.91 9.05 9.14 9.54 9.98 10.70 11.67 11.19 10.83 7.55 9.49 11.86 9.44 9.02 9.88 11.55 11.31 11.01 13.53 12.89 12.96 14.37 13.98 14.33 14.73 15.05 15.31 15.49 15.68 15.67 15.76 15.94 15.74 15.40 15.25 15.13 14.96 14.82
12.78 12.75 12.85 13.51 13.45 13.61 14.04 14.43 14.26 14.51 14.42 16.76 14.57 17.36 18.44 16.63 14.23 14.75 14.09 15.49 15.40 12.38 16.83 17.06 16.27 9.96 6.04 5.71 5.45 5.26 4.71 3.94 10.41 10.28 10.33 7.99 6.15 8.19 3.47 4.90 7.30 9.20 9.70 9.84 9.92 10.44 10.68 11.43 6.70 11.69 11.01 9.79 8.49 12.10 8.90 8.06 9.60 11.57 12.43 11.48 11.62 13.47 12.42 12.63 13.82 14.20 14.52 14.89 15.27 15.50 15.54 15.67 15.73 15.89 15.93 15.55 15.29 15.34 15.35 15.19 14.96
12.61 12.83 13.04 13.45 13.35 13.72 14.13 14.43 14.39 14.32 15.73 16.37 12.81 13.69 18.14 14.74 19.80 18.60 16.68 16.55 16.81 12.90 15.18 15.30 14.01 10.65 7.10 6.42 5.59 4.64 4.43 3.92 10.54 10.24 10.35 9.89 4.89 7.98 1.32 8.30 11.37 10.04 11.88 11.47 10.53 10.16 10.61 11.91 11.53 8.86 9.98 8.43 10.45 9.00 7.87 7.94 11.25 13.36 13.20 10.64 12.19 13.67 13.26 13.74 14.95 15.45 15.79 16.37 15.15 15.32 15.47 15.79 15.88 15.92 15.76 15.39 15.32 15.41 15.32 15.12 14.92
12.13 12.55 12.97 13.33 13.94 14.16 14.42 14.59 14.54 14.89 15.69 17.03 14.88 10.07 16.10 13.63 19.38 14.08 19.08 16.79 16.16 14.94 15.11 15.83 15.36 11.11 7.15 6.30 5.09 4.40 3.88 8.26 10.38 3.03 10.00 10.16 6.56 7.20 1.86 9.84 10.67 11.09 10.58 11.33 10.90 11.32 11.84 11.43 9.44 7.64 7.94 6.36 7.50 8.12 9.10 10.69 11.42 12.67 12.33 10.91 13.79 14.39 13.69 14.88 15.36 15.27 15.09 14.81 15.09 15.46 15.87 16.07 15.88 15.73 15.57 15.45 15.56 15.56 15.30 14.99 14.77
11.84 12.25 12.65 13.01 13.37 13.53 14.38 14.39 16.04 14.58 14.74 17.23 17.01 11.68 13.93 15.69 16.68 16.91 16.84 14.91 13.14 13.12 13.67 16.48 17.70 14.85 6.32 5.64 4.64 4.22 4.04 3.76 10.44 10.25 10.22 8.31 6.30 5.36 2.57 10.19 12.53 11.07 10.80 11.78 11.68 11.79 11.33 10.51 8.32 8.47 6.27 9.40 6.78 6.64 8.44 11.58 11.13 12.56 13.35 13.99 15.86 13.82 13.39 13.53 13.61 14.48 14.67 15.05 15.55 16.07 16.25 16.04 15.76 15.74 15.69 15.64 15.68 15.57 15.30 15.05 14.88
11.65 12.08 12.49 12.73 13.01 13.26 14.31 14.36 14.48 15.23 13.75 16.11 16.99 13.73 12.94 15.35 16.19 16.56 16.81 16.82 15.15 12.68 11.53 14.03 15.89 15.59 7.11 5.25 5.34 5.93 5.43 4.91 9.41 11.02 4.04 6.22 5.64 3.92 5.05 12.12 12.62 11.89 12.78 10.18 13.17 11.55 11.37 11.69 10.96 9.97 5.16 9.49 8.31 9.55 11.55 13.52 14.44 15.56 15.59 15.38 15.91 13.83 12.36 12.53 14.87 14.94 14.82 15.66 16.19 16.99 16.27 15.99 15.91 15.94 15.84 15.73 15.70 15.46 15.18 15.05 14.95
11.43 11.93 12.46 12.75 12.95 13.03 14.06 14.33 14.50 16.44 14.12 15.49 17.12 16.88 13.29 14.09 15.56 16.36 16.66 17.25 16.95 13.80 11.98 12.89 14.11 14.26 8.28 5.05 6.80 7.35 5.71 10.76 10.01 6.02 10.77 8.27 4.05 3.67 10.41 12.30 11.54 12.40 12.48 12.40 12.82 10.93 14.86 10.61 11.60 9.01 10.70 5.87 10.59 10.11 12.77 15.37 16.61 12.68 15.95 15.38 15.65 13.82 12.98 17.19 16.02 15.36 15.95 17.10 17.98 18.50 18.38 16.05 16.02 15.95 15.88 15.90 15.78 15.41 15.08 14.89 14.73
11.22 11.70 12.29 12.73 13.79 13.63 14.07 14.45 17.98 17.91 15.88 16.36 16.68 16.90 15.41 13.45 15.03 15.77 15.61 16.15 16.04 13.58 12.74 13.87 14.72 15.11 9.77 5.92 6.61 5.55 7.57 8.21 6.47 4.94 4.08 4.62 4.51 6.81 11.24 12.16 11.21 10.37 11.05 11.42 11.85 12.33 12.17 11.74 10.42 8.13 10.75 7.21 9.93 9.60 11.47 14.12 15.99 16.24 15.34 15.06 15.20 14.16 14.48 16.61 17.59 18.82 17.87 18.01 18.07 18.23 18.23 15.86 15.89 15.89 15.90 15.78 15.46 15.12 14.93 14.78 14.61
11.06 11.40 11.85 12.33 14.06 14.12 13.93 14.08 18.71 19.35 17.15 16.03 15.37 16.55 18.19 16.79 16.57 16.14 14.99 15.45 15.04 13.10 12.72 15.10 16.52 16.91 13.26 9.35 6.79 4.67 7.45 7.75 6.67 6.05 6.05 5.98 7.72 11.77 12.71 11.85 11.07 10.31 10.95 12.33 13.00 12.88 12.50 12.90 12.54 7.23 11.35 7.77 10.31 7.76 10.91 15.23 16.18 15.25 15.19 16.08 16.73 17.47 19.37 21.22 22.27 22.37 21.28 17.74 17.09 16.75 16.78 15.86 15.81 15.77 15.65 15.36 15.10 14.97 14.84 14.72 14.63
11.15 11.36 11.60 11.95 12.46 14.00 14.00 13.69 13.56 17.74 16.90 15.22 14.02 16.10 18.45 17.79 16.73 16.37 15.17 15.49 15.17 13.46 12.70 15.27 17.15 18.63 18.38 12.95 10.62 7.93 8.05 7.69 8.02 8.91 9.27 10.54 14.09 14.62 12.67 12.63 12.98 12.82 13.80 15.29 16.02 13.21 13.11 12.75 11.14 11.76 12.53 8.92 10.27 7.89 14.55 17.42 17.04 16.79 18.10 19.59 20.19 20.00 20.28 20.79 21.14 21.48 21.41 18.28 17.94 17.59 17.41 15.87 15.65 15.51 15.34 15.15 15.08 14.99 14.80 14.68 14.62
11.24 11.37 11.48 11.67 12.04 13.54 14.07 16.84 14.76 15.77 15.98 15.07 13.55 11.42 15.25 16.85 15.99 15.51 14.82 15.07 14.97 13.42 12.88 13.00 14.63 15.72 17.60 15.64 11.35 11.69 11.25 10.39 10.27 11.42 11.65 12.82 14.90 13.96 13.18 14.68 15.11 16.32 15.45 14.09 13.82 13.70 13.46 12.71 12.83 13.26 13.74 8.96 10.49 11.58 18.73 18.85 18.58 18.46 18.54 18.66 18.92 19.09 19.62 20.03 19.97 17.37 17.48 17.64 17.89 18.07 17.66 15.57 15.58 15.61 15.53 15.37 15.24 15.03 14.84 14.77 14.73
11.29 11.34 11.47 11.66 11.85 12.98 13.55 14.18 17.62 17.29 17.76 16.28 15.25 12.77 13.09 16.10 15.24 13.75 13.03 12.86 12.69 11.19 11.77 10.75 11.50 12.55 13.94 15.16 10.48 12.15 13.10 13.03 13.91 13.79 14.58 16.16 15.17 11.37 15.47 16.09 15.52 16.14 14.95 14.87 14.90 14.91 14.16 8.74 14.83 14.91 14.90 9.12 13.27 18.17 19.06 17.01 15.61 16.45 17.52 18.09 18.81 19.88 20.28 20.18 19.59 16.72 16.44 16.52 16.59 16.35 15.78 16.08 16.20 16.16 16.01 15.80 15.59 15.34 15.13 14.98 14.84
11.43 11.30 11.28 11.63 11.87 12.68 12.96 13.45 17.50 17.64 18.01 18.80 17.99 16.91 13.72 15.90 16.69 15.62 14.70 13.91 12.38 10.59 10.28 9.66 10.36 12.14 13.47 14.76 10.72 11.02 11.80 14.46 15.99 16.18 16.49 15.21 12.36 11.08 15.41 15.49 16.19 16.85 15.53 15.61 15.77 15.94 16.25 11.29 16.68 16.30 15.83 15.67 14.94 16.51 13.91 12.56 14.72 16.57 17.77 18.45 19.57 20.52 20.81 19.93 19.46 19.58 17.92 18.16 18.20 18.08 18.18 18.94 19.22 18.91 15.75 15.61 15.59 15.52 15.37 15.15 14.97
11.63 11.54 11.15 11.17 11.56 12.11 12.41 12.93 16.83 17.18 17.10 16.83 15.98 14.79 13.90 15.58 17.41 18.32 18.29 17.73 15.73 13.83 12.61 11.10 10.32 11.20 13.83 15.78 12.59 8.93 11.37 14.82 16.43 17.26 16.46 14.70 13.52 15.34 16.31 16.34 16.60 17.41 15.91 16.10 16.39 16.74 17.04 24.55 17.48 17.60 17.54 17.32 12.04 14.18 13.11 14.94 18.80 19.91 19.90 19.40 19.25 19.44 20.14 21.02 21.92 16.11 22.90 16.09 23.58 24.18 15.80 21.93 19.30 15.35 15.47 15.58 15.54 19.28 20.35 14.98 14.95
11.65 12.13 11.21 11.57 11.31 11.86 12.26 12.64 15.77 16.70 15.75 14.77 13.47 13.71 14.23 15.15 16.91 18.49 20.42 21.05 20.89 19.21 17.67 15.85 13.45 11.52 11.68 14.48 14.59 7.39 12.56 17.51 17.79 17.63 17.85 18.08 18.61 19.81 19.90 19.88 19.49 17.96 16.52 16.68 23.16 24.11 24.29 24.57 17.70 18.46 19.21 22.86 25.02 21.70 19.62 21.72 21.99 21.71 21.79 17.69 21.65 20.91 21.19 15.85 15.77 21.41 15.67 21.21 20.86 17.97 16.42 15.69 15.49 15.88 16.09 15.90 15.41 14.95 19.44 14.69 14.62
11.02 11.82 12.68 11.76 11.83 12.21 12.58 14.11 14.62 14.86 15.78 16.60 15.96 14.53 13.65 14.83 16.34 17.11 17.90 17.95 18.42 19.98 21.04 20.60 16.70 13.04 11.28 12.55 12.60 8.69 20.52 20.53 19.23 18.65 18.19 18.22 18.98 19.51 20.74 21.33 21.13 21.45 21.98 22.18 22.38 23.27 23.59 23.83 17.40 17.80 18.43 19.21 24.26 26.93 27.10 26.18 23.94 22.84 23.03 22.90 22.97 21.20 17.04 19.51 19.46 19.58 17.32 16.38 14.43 15.35 15.68 16.01 16.17 18.42 19.68 19.32 18.43 14.77 14.71 14.61 14.41
10.52 11.11 12.01 12.49 12.32 12.13 12.55 13.12 15.79 15.90 17.04 18.29 19.68 18.39 15.34 13.98 13.73 13.11 12.39 13.80 16.47 19.52 20.98 22.98 25.88 28.14 20.43 14.06 10.83 12.85 22.72 23.33 20.03 18.44 17.60 17.00 16.31 15.05 14.01 14.13 14.22 15.53 17.04 15.73 16.14 16.23 21.80 22.45 23.04 16.66 16.38 15.90 16.84 22.80 23.34 24.66 24.58 23.80 23.25 22.56 20.87 21.15 19.96 19.02 18.51 16.75 15.91 16.08 16.37 16.64 16.71 16.61 17.96 18.70 18.68 18.36 14.62 14.66 14.61 14.44 14.28
