examples/cougarCreek-fire/createInputs/farsite/7a-cougarCreek-polygonIgnit/cougarCreekFire_08-10-2015_1400_217m_non_neutral_stability_vel.asc
ncols	146
nrows	140
xllcorner	610065.000000
yllcorner	5095217.000000
cellsize	216.586807
NODATA_value	-9999.000000
[rows 74 to 110 of 140, columns 0 to 82 of 146]
4.09 4.94 7.49 9.85 10.02 8.96 7.73 7.30 8.34 8.42 8.00 8.61 11.06 18.10 22.98 13.93 2.57 2.93 9.15 10.68 9.69 3.16 4.20 5.13 6.26 10.89 13.00 12.90 14.47 14.77 17.03 20.17 15.93 10.38 9.19 12.23 14.67 12.19 5.43 4.79 7.79 10.54 8.21 6.64 10.62 15.09 15.55 13.70 11.53 9.25 8.18 9.01 7.77 4.99 4.24 4.79 2.41 1.43 1.46 1.79 1.71 3.11 5.50 3.80 4.53 3.63 2.55 1.69 2.15 0.87 1.29 4.59 1.15 4.82 0.85 1.76 2.21 2.31 2.56 3.10 2.58 1.24 1.12
3.30 4.22 6.53 8.69 8.91 7.93 6.82 6.81 7.45 6.95 7.48 9.89 12.80 18.51 21.91 12.68 2.47 4.17 9.29 9.92 6.15 2.66 3.97 6.36 8.66 9.46 10.11 12.58 14.24 13.68 16.07 18.61 13.96 10.88 11.46 13.98 13.79 9.25 4.93 4.41 8.11 11.64 9.30 5.80 8.11 12.93 14.75 17.10 12.72 10.79 9.11 7.84 6.77 5.80 5.00 4.34 4.22 2.73 1.73 1.88 1.78 2.37 4.61 5.19 4.71 3.80 2.97 2.68 4.26 0.56 4.50 4.67 4.84 2.19 4.90 2.18 2.18 2.54 2.47 2.57 2.66 1.60 2.99
3.58 4.24 6.02 7.82 7.94 6.70 6.00 5.97 5.54 5.97 7.78 11.63 15.12 19.42 20.86 11.37 3.05 5.34 8.55 8.47 6.13 3.27 3.96 7.64 9.27 7.57 6.87 11.36 13.48 12.48 15.19 16.71 12.65 11.09 13.14 16.24 13.07 8.04 4.88 4.34 8.12 11.82 9.38 4.85 5.73 10.97 14.47 14.32 13.70 11.76 10.38 8.77 7.67 6.90 6.16 4.43 5.03 3.84 2.96 2.05 1.98 1.99 3.04 4.50 2.91 4.09 2.96 2.07 4.46 4.59 1.04 2.93 3.05 5.12 5.13 4.90 2.33 2.49 2.88 2.33 1.71 2.31 3.65
3.50 4.20 6.04 7.58 7.15 5.85 5.78 5.05 3.66 4.86 8.29 13.17 16.36 19.64 20.19 10.96 4.45 5.63 7.13 7.00 5.88 4.44 6.25 9.13 9.05 7.02 4.98 7.49 11.72 13.24 15.27 15.38 11.89 10.80 14.57 17.22 12.97 8.49 7.07 6.96 9.06 11.25 8.85 4.62 4.28 8.21 12.52 14.42 14.38 13.78 12.17 10.02 8.44 7.59 7.20 5.53 5.88 4.65 3.98 3.06 1.83 0.91 1.24 2.55 3.44 3.09 2.24 1.82 2.91 2.70 1.31 1.80 2.38 1.83 4.98 4.65 4.60 1.63 3.38 2.57 2.57 2.65 5.40
3.13 3.98 6.29 7.81 6.74 5.33 5.65 5.16 4.13 5.26 8.94 13.06 16.02 20.09 19.97 11.88 5.42 4.58 5.45 5.71 5.73 5.68 8.52 11.70 8.62 5.83 3.88 3.73 7.69 12.53 15.86 15.29 11.62 10.79 14.96 16.66 12.37 9.37 9.21 9.94 10.89 11.63 9.06 5.26 3.85 5.58 9.56 13.29 14.59 14.44 13.60 11.65 9.64 8.54 7.94 7.13 6.61 5.30 4.72 4.45 3.10 1.65 1.27 1.96 2.89 2.30 2.69 2.46 3.46 4.79 4.78 4.81 1.41 1.37 4.63 4.42 4.35 2.94 2.69 2.54 3.09 3.42 2.37
2.52 3.57 6.55 8.34 6.62 4.69 5.34 5.92 5.50 6.82 8.95 10.85 15.13 20.36 19.29 12.55 6.41 3.89 4.34 4.84 5.74 7.10 10.85 13.46 7.79 2.27 2.32 2.77 5.74 8.99 14.41 14.94 11.12 10.92 15.06 16.09 11.14 7.54 8.14 10.81 12.00 12.21 10.38 6.78 4.43 4.94 7.49 11.83 14.55 13.95 13.05 13.00 11.51 10.57 9.48 6.54 6.90 6.17 4.43 5.96 5.30 4.42 3.63 4.13 5.06 4.17 4.65 4.48 4.32 5.01 4.99 5.04 5.07 2.48 2.58 3.70 4.77 4.58 3.28 2.57 2.63 3.89 3.32
1.91 3.19 6.83 9.07 6.43 3.88 4.87 6.48 6.85 7.47 7.98 8.75 13.88 20.15 18.12 11.80 7.20 5.09 4.67 4.78 6.24 8.99 14.07 13.09 5.72 1.65 1.95 3.59 7.53 8.74 11.66 13.12 9.81 10.46 14.35 15.07 11.09 6.63 7.42 10.86 11.23 11.19 11.50 8.54 6.65 7.27 8.53 11.03 14.26 13.55 13.34 13.28 12.46 11.87 11.01 9.13 7.95 7.98 6.10 7.34 7.01 6.50 5.94 6.01 6.28 6.73 4.83 5.69 4.44 4.47 4.15 3.89 5.23 5.06 3.12 5.45 5.30 5.47 3.61 2.96 2.51 2.96 5.81
1.79 3.12 6.89 9.32 6.12 3.36 4.32 6.73 8.26 8.23 6.45 6.89 13.59 19.65 16.94 10.54 6.79 5.69 5.35 5.16 7.02 11.06 14.37 11.77 4.10 2.12 2.46 5.55 9.88 8.58 8.09 9.78 9.02 9.43 12.68 13.49 10.68 8.91 9.18 11.41 10.83 9.93 10.08 9.71 6.35 6.82 7.83 10.17 14.40 14.31 13.24 12.47 11.82 11.96 11.56 8.74 9.26 7.90 8.18 7.06 8.01 7.54 6.77 6.03 5.48 5.36 5.16 4.95 4.30 4.48 4.77 2.97 3.81 5.30 5.41 5.63 5.41 5.34 3.43 2.44 2.82 5.62 5.60
2.14 3.35 6.63 8.44 5.70 3.41 3.75 6.80 9.24 8.19 5.01 6.97 15.00 18.74 15.43 9.52 6.10 5.75 5.69 5.69 8.10 13.35 14.47 10.65 3.36 2.01 2.36 6.74 11.59 9.35 5.08 7.46 9.18 8.32 9.70 11.50 8.57 8.57 10.85 12.31 11.62 9.82 9.07 8.99 7.58 4.35 6.58 7.87 13.71 14.60 13.41 11.93 11.17 11.51 10.84 8.59 8.15 7.09 7.34 7.72 6.43 7.74 6.96 5.76 4.29 3.49 3.95 2.71 3.97 2.91 4.23 3.93 3.54 4.61 5.62 4.44 2.56 4.59 5.04 2.57 2.62 5.28 4.82
2.78 3.76 6.11 6.99 5.39 3.83 3.44 6.55 9.39 7.11 4.39 8.61 16.16 17.36 13.27 8.60 5.91 5.91 6.13 6.90 9.74 14.51 13.74 9.88 3.54 2.63 2.39 6.81 11.78 9.64 5.53 7.81 9.40 7.27 6.70 8.16 7.93 7.70 10.27 12.39 12.87 10.33 8.49 8.01 8.39 5.90 5.28 3.74 10.88 14.63 12.79 11.09 11.06 11.31 11.45 8.89 7.98 5.74 4.95 6.00 6.46 5.46 7.74 6.66 5.41 4.42 4.33 3.19 3.37 3.33 3.85 3.96 3.90 4.00 3.83 4.04 3.21 1.81 2.12 2.12 1.33 5.00 4.37
3.41 4.11 5.51 6.04 5.33 4.31 3.90 6.20 8.21 6.10 5.13 11.16 17.27 15.88 11.61 7.62 6.28 6.33 6.69 8.37 12.03 13.30 12.67 9.10 2.49 2.31 1.91 5.87 11.17 10.28 6.77 8.68 9.73 7.24 4.66 5.06 6.72 7.66 9.72 12.31 13.47 11.84 8.67 8.30 8.56 5.80 3.38 2.30 8.19 13.24 11.51 9.87 10.72 10.50 10.50 10.06 7.90 6.28 4.85 4.92 4.48 3.77 4.95 5.34 7.78 6.64 4.55 4.86 2.87 3.81 4.43 5.15 3.25 4.36 3.36 2.95 3.31 2.63 2.56 5.58 5.22 5.00 4.73
3.94 4.35 5.07 5.62 5.42 4.62 4.50 5.62 6.32 5.71 7.30 13.48 17.77 14.33 9.45 6.88 6.75 7.23 8.01 9.85 12.50 13.10 11.70 8.31 2.03 1.16 0.59 4.41 9.63 10.54 7.81 8.76 10.80 8.69 4.09 2.43 3.99 6.29 9.12 12.47 14.18 12.35 8.04 6.54 7.57 6.25 3.10 2.75 6.09 10.73 11.45 10.41 10.51 10.09 10.54 10.80 9.22 7.02 5.91 5.21 4.25 2.59 4.39 4.76 4.73 5.06 4.19 6.88 5.22 3.57 3.90 5.97 5.56 3.19 2.79 2.71 2.75 2.74 5.56 5.36 5.20 5.06 4.99
4.27 4.52 5.00 5.49 5.56 4.85 4.58 4.97 4.46 4.65 9.05 15.45 16.46 12.23 7.28 5.84 7.03 8.44 9.63 11.40 12.99 12.83 10.96 7.62 2.61 0.89 1.40 3.40 7.14 9.05 8.11 9.05 10.94 11.06 5.62 1.94 0.74 2.60 5.93 10.78 14.24 13.36 8.19 4.75 5.59 6.47 3.53 1.65 3.87 7.97 10.10 11.03 10.37 9.03 9.20 10.29 10.31 8.61 7.40 7.13 6.60 5.65 5.15 5.58 3.87 4.46 4.19 5.26 5.31 5.23 5.25 4.88 5.24 4.30 3.09 6.07 2.49 5.67 5.62 5.57 5.41 4.44 5.17
4.13 4.78 5.57 5.53 5.52 5.05 4.31 4.33 3.53 3.54 9.38 17.06 16.63 11.46 5.78 4.34 6.87 9.40 10.98 13.05 13.25 12.66 10.37 6.57 3.31 1.59 0.87 3.32 5.39 6.74 7.22 8.57 12.20 12.89 8.11 2.73 0.56 0.08 2.74 7.65 12.80 13.87 9.57 4.66 4.15 6.00 4.29 1.24 2.35 5.80 8.17 9.99 9.68 7.87 6.91 7.79 9.19 8.99 8.45 8.39 8.48 8.20 7.70 7.40 5.44 4.58 4.60 5.64 5.51 7.22 7.27 4.25 4.78 5.05 4.64 4.13 3.99 3.19 2.71 3.77 5.61 5.24 5.34
3.88 5.02 6.30 5.63 5.35 5.18 4.11 3.62 2.96 3.43 9.14 16.70 16.94 12.21 5.33 3.15 6.76 10.36 11.81 13.05 13.31 12.48 9.83 5.58 3.04 3.04 3.27 4.27 4.71 4.93 5.21 7.19 10.92 13.73 10.02 4.68 1.23 0.55 2.16 5.46 9.83 12.93 10.90 5.66 4.04 5.81 4.76 1.29 1.27 3.99 6.60 8.96 11.23 8.18 6.60 6.22 7.56 8.36 8.36 8.32 8.51 8.70 8.56 8.19 5.19 5.34 6.01 4.94 4.77 4.59 7.68 4.96 4.83 5.55 6.55 6.13 5.97 5.85 5.75 4.03 5.65 5.48 5.32
4.51 5.54 6.68 5.88 5.35 5.10 4.06 3.19 2.29 3.41 9.04 15.48 16.62 12.56 6.04 2.86 6.22 10.36 12.61 13.33 13.12 12.03 9.12 5.35 3.18 2.60 3.71 5.32 5.00 4.27 4.16 5.75 9.42 13.24 11.23 6.32 3.23 2.00 2.35 4.16 7.53 11.52 11.44 7.30 5.14 6.07 5.16 1.93 0.95 2.46 5.19 7.89 10.43 9.64 7.76 6.99 7.28 7.95 8.25 8.22 8.10 8.10 8.15 5.56 6.34 5.59 5.25 4.86 4.84 4.61 4.43 4.94 4.92 4.26 4.90 5.19 4.82 6.07 5.94 5.77 5.52 5.36 5.33
5.52 6.28 7.11 6.52 5.67 4.93 4.17 3.31 2.53 3.67 8.92 14.55 15.57 13.11 7.19 3.22 5.37 10.58 13.17 13.45 13.00 11.28 7.96 5.09 4.34 3.85 3.96 4.76 4.80 4.52 4.42 5.18 7.99 11.42 11.32 7.41 4.35 3.43 3.53 4.32 6.63 10.11 11.01 8.75 6.88 6.87 5.97 3.15 1.32 1.72 4.05 6.74 7.86 8.85 8.03 7.64 7.43 7.49 7.59 7.70 7.75 5.49 7.59 5.05 5.08 5.18 5.55 5.09 5.21 5.03 4.27 3.41 5.64 5.56 3.35 3.77 4.07 3.73 4.50 5.89 5.74 5.64 5.50
6.05 6.90 8.02 7.59 6.24 5.06 4.30 3.58 3.06 4.05 8.50 13.23 14.33 14.29 8.52 3.67 4.93 9.92 13.27 13.63 13.01 10.64 6.70 4.00 4.45 5.87 5.21 4.05 3.91 4.67 5.36 5.55 6.71 9.31 10.44 8.03 5.12 4.02 4.14 4.86 6.44 8.51 9.88 9.46 8.38 8.11 7.23 4.77 2.85 2.37 3.45 5.60 6.79 8.13 7.38 7.26 7.10 7.09 7.10 7.17 7.32 5.35 5.06 5.03 4.60 7.22 4.83 5.19 5.73 5.71 6.19 3.94 4.90 4.93 5.37 3.65 3.51 5.97 3.34 4.26 4.32 3.82 4.44
6.25 7.31 8.97 8.64 6.91 5.34 4.17 3.62 3.65 4.58 7.47 11.08 14.30 13.41 9.42 4.35 4.64 9.82 13.08 13.82 13.09 10.34 5.96 3.26 4.33 7.07 6.37 4.41 3.01 3.84 5.41 6.75 6.87 8.04 9.38 8.59 6.52 5.30 5.03 5.65 6.73 7.24 8.52 9.39 9.23 9.24 8.66 6.69 4.68 3.91 4.10 5.18 6.24 8.01 8.02 7.16 7.00 6.85 6.80 6.81 6.89 6.99 5.09 5.28 4.39 6.79 6.83 4.51 5.34 5.41 6.03 4.23 5.10 5.22 3.22 3.59 3.87 4.00 4.09 4.66 4.60 3.87 5.28
6.03 7.41 9.16 8.87 7.63 5.56 3.37 3.11 3.85 4.80 6.34 8.76 11.69 12.78 10.21 5.39 4.18 7.96 12.34 13.70 13.04 10.28 5.71 2.88 4.25 7.30 6.90 5.45 2.73 1.96 4.39 7.31 7.51 7.60 8.41 7.33 7.63 6.54 6.36 7.00 7.47 6.70 6.97 8.35 9.36 9.93 9.88 8.34 6.27 5.39 5.46 5.88 6.41 7.40 7.75 6.78 7.02 5.98 6.68 6.60 6.63 6.71 5.34 5.88 5.02 6.47 6.57 4.14 4.67 5.26 5.58 4.13 5.50 5.71 3.39 3.79 4.31 6.27 5.88 6.62 5.78 5.58 4.96
5.69 7.36 8.83 8.69 8.33 6.09 3.19 2.81 3.61 4.37 5.64 6.94 9.51 11.87 10.75 6.76 4.08 6.45 11.08 13.17 12.68 10.38 6.15 3.31 4.50 7.23 7.11 6.05 3.38 1.13 3.23 6.50 6.49 6.68 7.23 7.69 7.29 6.76 7.20 8.40 8.80 7.37 6.19 6.94 8.82 10.40 11.10 10.18 8.25 7.08 6.83 6.91 7.02 7.07 7.95 7.37 7.25 7.36 5.93 6.71 6.61 6.60 5.11 6.37 6.52 5.82 4.30 6.51 4.61 5.17 6.03 4.89 6.47 6.56 3.89 3.85 4.04 4.39 5.76 5.59 5.54 5.21 5.44
5.62 6.88 7.96 8.34 8.51 6.36 4.00 3.65 3.54 3.76 5.15 5.80 7.42 10.50 10.79 7.86 4.49 5.24 9.56 12.08 11.84 10.20 6.91 4.32 4.90 6.80 6.99 6.65 4.43 1.84 2.34 5.00 6.11 6.24 6.03 6.40 6.11 5.72 6.45 8.29 9.29 8.49 6.80 6.20 7.59 9.92 11.65 11.67 10.51 9.27 8.44 7.97 7.66 7.45 8.49 8.09 7.88 7.70 7.36 5.96 6.68 6.63 5.80 6.80 6.74 7.66 6.56 5.57 5.39 5.53 6.23 6.00 4.72 4.34 3.95 6.41 6.53 6.84 5.58 6.31 5.73 5.11 5.35
6.32 6.41 6.78 7.70 7.75 5.64 4.40 5.15 4.78 3.60 4.54 5.42 6.40 9.05 10.44 8.41 5.10 4.78 8.50 10.42 10.52 8.36 7.70 5.61 5.71 6.48 6.54 6.57 3.46 2.41 2.18 3.82 6.72 6.11 5.54 5.68 5.33 4.57 5.19 7.24 8.48 8.32 7.02 5.63 5.84 8.00 10.80 12.19 12.03 11.19 10.07 9.03 8.32 7.85 7.55 7.34 7.20 7.06 6.93 6.86 6.39 5.64 6.19 5.93 6.50 7.22 6.76 6.73 6.43 6.26 6.34 5.87 5.70 5.12 4.15 3.87 6.27 6.38 3.81 5.97 6.91 6.56 6.44
7.01 6.46 6.27 7.13 6.52 4.29 3.43 4.78 5.82 4.43 3.71 5.14 6.71 8.28 9.42 8.48 5.86 5.13 7.15 8.30 8.50 8.73 8.00 6.90 6.75 6.09 7.26 6.20 4.47 2.41 2.17 4.06 5.95 6.08 5.56 5.53 5.34 4.80 5.14 6.62 7.79 7.78 6.73 5.15 4.69 6.22 9.00 11.25 12.09 11.88 11.01 9.91 8.99 8.37 7.97 7.70 7.45 7.26 7.10 6.98 6.89 6.46 5.81 5.80 6.41 6.79 6.77 6.74 6.74 6.78 6.80 6.85 6.87 5.74 4.81 3.77 5.76 5.30 4.89 3.18 5.29 6.58 5.48
6.62 6.68 6.71 6.88 5.55 3.71 3.05 3.77 5.12 5.03 3.70 4.48 6.67 7.86 8.67 8.49 7.04 6.34 6.93 6.67 7.06 6.86 6.84 7.56 7.84 7.16 7.79 8.04 5.24 2.90 2.63 3.70 5.10 5.78 5.60 5.38 5.16 4.94 5.40 6.67 7.72 7.63 6.76 5.26 4.58 5.25 6.69 8.59 9.86 10.55 10.58 9.93 9.21 8.72 8.31 7.95 7.69 7.48 7.30 7.12 6.98 6.85 6.77 6.74 7.30 6.78 6.84 6.88 6.95 6.98 6.95 6.95 6.88 5.72 5.17 4.31 3.05 4.64 4.18 2.06 4.98 5.29 5.32
5.14 6.18 6.85 6.60 5.78 4.07 3.15 3.59 4.24 4.53 4.26 4.51 5.71 7.12 8.20 8.34 7.89 7.66 6.73 5.99 7.03 6.59 4.91 5.70 6.04 7.02 9.91 9.77 5.77 3.92 3.39 4.09 4.92 5.60 5.88 5.92 5.63 5.45 5.86 6.77 7.44 7.42 6.97 5.68 4.47 4.20 4.37 5.42 6.75 8.11 9.17 9.33 8.96 8.59 8.29 8.00 7.76 7.56 7.40 7.26 7.10 6.95 6.84 6.77 6.75 6.82 6.92 6.97 7.01 7.05 7.36 6.44 6.18 6.63 5.81 5.13 3.91 5.12 4.81 4.95 2.79 3.48 5.19
4.74 5.32 5.76 5.49 5.59 4.14 2.78 3.40 3.77 3.81 4.23 4.56 4.62 5.70 7.69 7.95 7.87 8.09 7.10 5.62 6.49 7.25 5.16 4.00 4.52 6.00 8.90 10.67 7.46 5.32 4.33 4.69 5.23 5.89 6.73 7.90 8.38 8.03 7.76 7.79 7.66 7.54 7.52 6.57 5.04 4.07 3.54 3.84 4.89 6.45 7.99 8.70 8.62 8.38 8.12 7.93 7.78 7.64 7.48 7.31 7.14 7.01 6.94 6.90 6.87 6.90 6.97 7.00 7.00 7.70 7.11 6.80 6.40 6.31 6.40 6.19 6.05 4.77 6.04 5.88 2.98 3.10 5.02
4.61 4.93 4.18 3.97 5.36 4.51 2.05 2.43 3.18 3.27 3.99 3.95 3.51 4.92 6.77 7.39 7.56 7.85 7.34 5.89 5.51 6.53 6.84 5.29 3.53 3.51 6.27 8.41 7.92 6.50 5.34 5.33 5.73 6.60 7.53 8.46 9.24 9.51 9.56 9.54 9.43 8.74 8.32 7.57 6.13 4.95 4.25 4.10 4.47 5.63 7.25 8.24 8.37 8.24 8.04 9.67 9.41 9.33 7.46 7.29 7.16 7.06 7.02 7.01 8.09 8.48 7.92 6.96 7.00 6.96 8.22 7.63 7.29 7.25 6.44 6.37 6.92 6.22 4.81 3.93 3.66 3.93 5.10
4.13 4.65 4.51 3.62 5.08 5.14 2.40 1.86 2.54 2.72 3.41 3.16 2.78 4.11 5.70 6.47 7.09 7.32 7.07 6.68 5.24 5.11 6.81 7.08 4.72 3.50 4.98 6.50 6.23 6.57 5.82 5.59 5.86 6.45 6.63 6.45 6.76 7.09 6.84 8.21 9.88 9.18 8.39 7.63 6.16 5.08 4.66 4.77 5.04 5.53 6.74 8.12 8.39 8.14 10.10 9.47 9.19 9.25 8.92 7.19 7.10 7.03 6.96 6.92 6.89 6.86 6.85 6.92 7.01 7.04 6.94 6.81 6.66 6.55 7.13 6.44 6.39 6.34 5.53 4.41 5.72 5.42 5.20
3.31 3.72 4.48 4.33 4.34 4.98 3.89 2.66 2.70 2.53 2.34 2.27 2.49 3.55 4.84 5.73 6.51 6.83 7.01 6.86 5.61 4.66 5.70 7.00 5.98 4.86 4.79 5.57 6.20 5.77 5.33 4.86 4.87 5.03 4.99 4.62 3.81 3.57 4.30 6.47 8.00 7.79 7.54 6.89 5.55 4.50 4.12 4.32 4.59 4.80 5.60 7.23 8.21 7.97 9.63 9.09 8.66 8.61 7.02 6.99 6.98 7.01 6.97 6.91 6.89 6.90 6.92 6.96 7.06 7.13 7.04 6.93 6.80 6.64 7.27 6.31 5.73 5.44 4.81 3.94 4.03 4.45 4.85
3.21 3.12 3.45 4.21 3.96 3.77 3.99 3.64 3.62 3.37 2.34 1.78 2.13 2.82 3.99 5.16 5.91 6.32 6.58 5.62 6.27 5.57 5.18 5.39 4.36 5.34 5.02 5.46 5.63 5.53 5.27 4.07 3.54 3.73 4.29 3.62 3.91 4.34 5.60 5.93 6.13 6.20 6.84 6.39 4.97 3.92 3.65 3.45 3.34 3.42 3.70 4.46 6.64 7.29 7.01 9.12 8.78 6.80 6.85 6.88 8.88 8.71 6.97 7.00 6.99 6.99 7.03 7.07 8.69 7.98 8.34 8.14 6.80 7.84 7.63 6.28 6.10 5.25 4.82 4.00 4.12 4.38 4.32
3.26 3.29 3.09 3.43 3.82 3.29 3.02 3.25 3.62 4.12 3.78 2.70 2.49 2.73 3.24 4.56 5.42 5.89 6.06 4.61 5.83 6.42 5.96 4.46 3.87 4.35 6.05 5.86 5.67 5.87 4.80 4.68 2.97 2.64 3.44 4.07 5.36 5.40 5.84 5.81 5.67 5.94 6.60 6.64 5.39 3.96 3.58 3.56 3.09 2.47 2.08 2.49 4.29 5.92 6.37 9.06 6.57 6.68 6.75 6.81 9.01 8.87 8.72 8.71 9.23 9.24 9.05 7.99 7.94 7.51 7.48 7.63 7.48 6.59 6.43 6.23 6.03 5.83 5.68 5.54 4.92 4.22 4.10
3.02 3.32 3.41 3.21 3.50 3.73 3.36 2.73 2.51 3.02 3.69 3.26 3.00 3.13 3.28 4.22 5.10 5.47 5.48 4.65 4.23 5.79 6.76 5.18 3.72 3.38 4.89 5.09 5.15 5.20 6.50 5.38 3.97 2.68 2.98 4.71 6.25 6.30 5.75 5.67 5.90 6.19 6.71 7.24 6.82 5.50 4.68 4.62 4.53 4.01 3.46 3.45 4.18 5.30 5.95 9.28 6.53 6.71 6.80 6.88 9.13 9.00 9.15 8.14 8.08 8.11 8.09 8.24 7.81 7.53 7.22 6.83 6.70 6.96 6.37 6.22 7.82 7.54 5.76 5.59 5.36 5.10 4.91
2.51 2.77 3.19 3.32 3.28 3.50 3.57 2.95 2.29 2.56 2.59 2.60 2.43 2.73 3.05 3.80 4.68 4.99 5.04 4.28 3.45 4.71 6.27 5.93 4.24 3.48 3.77 3.66 4.36 3.80 5.01 4.81 3.98 4.02 3.71 4.85 6.92 7.68 6.81 4.91 6.64 6.92 7.22 7.61 7.69 6.96 6.33 6.24 6.62 7.09 7.24 7.02 6.69 6.70 9.19 9.85 9.61 6.86 6.87 9.11 9.13 9.39 8.48 8.72 6.86 8.82 9.14 9.06 8.39 8.31 8.01 7.37 6.84 6.68 6.97 6.19 6.06 5.88 5.66 5.09 5.15 5.12 4.87
2.25 2.26 2.54 3.14 3.21 3.03 3.06 3.08 2.61 2.17 2.24 2.13 1.63 1.78 2.09 2.94 3.92 4.45 4.83 4.37 3.64 4.25 5.24 5.50 5.41 4.48 3.76 4.05 4.15 3.32 3.53 3.86 4.38 4.94 4.27 4.72 6.65 8.37 6.96 7.86 7.66 7.56 7.59 7.77 7.83 7.08 6.30 6.37 6.81 7.26 7.53 7.57 7.59 7.67 6.50 10.42 9.92 7.06 9.32 9.02 9.38 8.67 8.82 6.87 8.96 8.95 8.45 7.99 7.98 8.06 8.18 7.46 6.87 6.57 6.65 6.59 6.44 6.11 5.57 5.11 4.59 5.01 4.84
2.43 2.30 2.37 2.68 3.08 2.92 2.72 2.80 2.66 2.35 2.50 2.42 1.67 1.36 1.48 2.04 3.11 3.96 4.56 4.41 3.90 4.00 4.44 3.68 4.99 3.68 4.46 4.38 3.80 3.12 3.24 2.85 4.74 4.58 4.06 3.98 5.21 7.08 6.92 7.93 8.00 7.93 7.77 7.93 8.31 7.80 6.37 5.49 5.60 6.00 5.84 5.49 5.59 6.37 7.00 7.99 9.56 9.61 9.45 9.28 9.73 9.08 8.87 6.83 9.12 9.17 8.65 8.38 7.94 7.58 7.28 7.20 6.60 5.65 5.49 5.95 6.26 6.29 5.54 5.56 5.12 5.00 4.86
2.74 2.65 2.63 2.59 2.93 3.21 3.00 2.88 2.80 2.57 2.75 2.87 2.13 1.59 1.47 1.58 2.29 3.01 3.97 4.01 3.69 3.54 3.77 4.29 4.51 4.38 3.27 4.38 3.46 3.40 3.39 3.22 3.62 3.75 3.45 3.23 3.88 5.24 6.06 7.20 7.66 7.86 7.69 7.55 8.25 8.96 8.32 6.57 4.94 4.73 5.13 4.76 4.49 5.39 6.38 6.84 9.22 9.52 10.19 9.89 10.31 9.06 8.97 6.85 8.88 8.96 9.72 8.92 8.58 8.08 7.81 8.05 7.89 7.16 6.29 6.37 6.48 5.70 5.56 5.36 5.18 5.00 4.83
