examples/cougarCreek-fire/createInputs/farsite/7a-cougarCreek-polygonIgnit/cougarCreekFire_08-12-2015_1100_217m_non_neutral_stability_ang.asc
ncols	146
nrows	140
xllcorner	610065.000000
yllcorner	5095217.000000
cellsize	216.586807
NODATA_value	-9999.000000
[rows 0 to 47 of 140, columns 0 to 95 of 146]
68 43 54 67 80 52 45 45 49 55 61 68 74 76 77 68 72 59 39 33 33 42 58 75 85 87 86 85 85 89 90 92 64 56 53 52 56 63 66 67 65 63 57 51 47 43 39 36 34 14 25 346 18 7 17 16 1 340 11 10 11 356 7 6 6 351 1 358 358 359 0 1 358 352 349 351 352 350 351 352 351 351 351 351 351 351 348 341 334 336 340 334 334 321 324 321
68 43 54 67 80 52 45 45 49 55 61 68 74 76 77 68 72 59 39 33 33 42 58 75 85 87 86 85 85 89 90 92 64 56 53 52 56 63 66 67 65 63 57 51 47 43 39 36 34 14 25 346 18 7 17 16 1 340 11 10 11 356 7 6 6 351 1 358 358 359 0 1 358 352 349 351 352 350 351 352 351 351 351 351 351 351 348 341 334 336 340 334 334 321 324 321
100 68 67 93 115 90 64 46 77 93 102 114 70 94 112 106 105 68 57 38 39 49 62 72 78 78 125 123 91 92 93 122 75 73 54 52 99 76 59 118 62 352 121 91 357 27 343 344 346 337 343 348 353 6 17 17 1 342 9 4 346 351 355 350 349 344 358 356 345 359 2 2 344 350 347 336 334 351 352 352 351 350 350 351 351 352 350 344 338 338 340 334 331 318 316 316
100 82 74 104 111 98 95 83 81 68 97 107 80 86 124 112 112 97 88 66 51 60 73 69 71 83 134 122 86 86 143 131 108 107 101 90 91 94 96 122 104 87 75 52 39 357 335 19 352 340 340 346 348 2 18 19 1 3 2 356 355 356 360 354 353 356 355 349 347 1 349 347 351 346 346 339 341 354 352 350 348 348 349 350 352 353 352 350 348 347 346 343 336 332 333 321
41 95 73 97 109 99 77 86 56 58 90 98 67 69 90 127 121 97 98 93 69 64 67 98 71 76 89 129 128 132 134 135 116 111 115 102 95 102 84 80 85 78 58 8 18 356 353 11 355 344 334 337 343 5 5 359 335 5 356 3 1 353 358 354 356 358 349 356 0 350 349 353 349 347 339 345 360 356 350 347 344 345 348 350 352 353 353 354 354 354 351 349 346 342 341 340
99 88 71 92 104 109 105 101 96 89 86 92 81 68 85 93 130 97 94 79 77 69 69 95 107 76 87 129 129 134 142 157 122 122 124 106 104 105 108 88 119 98 355 323 1 350 350 352 340 337 337 336 344 4 356 343 351 358 359 359 355 355 357 353 360 352 347 351 348 352 353 346 344 350 354 0 347 353 345 342 340 342 346 349 352 354 354 355 356 354 352 351 351 350 349 345
124 93 73 74 96 103 102 77 96 99 91 88 97 68 67 91 138 112 83 78 80 79 77 78 109 73 136 122 129 141 145 144 130 132 127 107 109 114 94 95 97 144 270 291 303 342 325 327 12 357 353 351 338 343 355 353 349 351 348 350 354 358 355 358 358 349 348 348 348 353 345 343 353 353 356 343 356 348 341 338 337 339 343 348 352 354 355 356 356 354 352 352 353 354 355 351
115 110 102 96 96 108 108 97 91 70 93 90 95 84 82 83 130 128 115 83 85 84 83 82 108 77 85 136 129 92 158 140 130 157 134 110 123 124 117 102 109 140 226 275 290 305 322 356 351 348 322 324 335 350 352 341 341 345 343 349 355 354 352 359 348 348 349 347 349 344 353 355 343 340 353 346 352 344 337 334 334 337 342 346 350 353 355 356 356 354 353 353 354 355 355 354
118 107 102 97 93 102 108 107 103 99 102 76 75 106 71 72 96 132 120 89 91 92 84 81 110 83 90 141 132 144 159 146 156 164 137 121 137 137 123 119 132 120 182 226 1 293 302 322 308 316 315 319 333 345 353 343 337 338 342 349 352 357 355 350 348 349 347 345 345 343 354 340 349 351 341 341 350 340 335 334 335 338 342 345 349 352 354 356 355 354 354 355 354 354 353 352
120 110 102 97 89 93 95 102 104 103 104 104 100 104 120 89 97 102 128 97 94 97 90 83 84 122 92 142 142 143 160 156 162 158 138 128 140 136 117 120 152 207 213 342 290 348 299 295 312 313 317 326 328 339 337 335 329 333 337 344 355 358 349 347 347 346 344 343 343 344 345 353 351 343 341 355 347 338 336 337 338 340 342 345 348 351 354 355 355 355 355 355 355 354 353 351
51 122 119 104 98 90 86 93 97 100 104 105 104 102 83 85 88 100 131 113 96 110 93 86 84 117 89 138 138 141 165 156 160 166 140 132 139 132 125 141 165 214 26 278 293 344 292 300 300 316 336 322 314 344 352 329 324 331 333 351 353 348 346 347 347 347 346 345 345 345 347 348 344 346 347 352 343 338 338 341 342 343 344 346 348 350 353 353 353 354 355 355 355 354 354 352
45 111 118 118 111 101 89 89 96 102 104 105 108 105 108 112 77 94 120 117 93 111 96 90 87 103 89 142 139 145 167 161 171 169 147 138 135 132 139 140 162 58 234 1 344 335 284 286 299 308 304 305 317 344 339 323 324 329 336 351 348 345 347 346 346 346 355 356 356 356 347 347 352 345 353 348 340 339 341 344 345 345 346 348 349 351 352 352 352 353 353 353 354 356 356 354
88 81 87 95 107 103 95 85 88 97 100 101 104 111 82 84 83 130 112 116 109 113 117 96 91 89 90 129 133 98 167 161 165 107 150 143 144 144 134 73 150 69 17 260 333 280 270 292 295 297 293 291 315 335 320 316 323 326 334 346 349 357 346 347 357 356 356 355 354 354 353 351 346 344 350 344 340 340 344 347 338 348 348 349 351 352 351 351 351 353 353 351 352 357 358 354
30 38 58 80 92 97 97 80 77 73 88 96 98 104 77 81 82 129 123 115 111 110 119 113 95 92 127 135 131 101 163 171 156 158 147 141 152 155 81 81 141 72 356 333 276 259 267 286 293 288 288 291 307 317 316 317 319 328 333 339 348 357 358 346 342 341 337 335 333 335 347 347 349 350 347 343 340 342 346 348 349 350 351 352 353 353 351 350 350 352 352 350 351 357 357 354
31 55 65 75 81 89 99 98 87 75 72 83 88 90 99 68 72 79 126 121 122 118 124 128 98 95 124 127 135 103 173 168 151 153 147 141 155 157 96 96 91 65 331 270 253 259 270 294 295 287 284 291 296 302 306 310 317 324 331 336 339 340 338 341 339 336 336 336 334 342 339 336 347 343 345 343 342 344 346 347 348 351 352 354 355 354 352 350 350 351 349 347 350 356 356 355
63 71 80 82 84 92 103 106 103 86 74 84 92 88 84 91 66 67 116 112 116 117 121 133 122 114 123 132 136 103 168 155 154 121 149 153 151 104 103 102 210 59 318 264 254 265 284 290 289 274 280 287 296 307 309 313 321 321 327 334 334 331 333 334 336 337 335 337 340 333 334 346 345 344 342 342 342 344 334 345 347 350 353 355 357 356 353 351 351 351 347 342 345 352 354 359
65 70 77 88 88 87 95 100 104 101 89 88 101 104 87 70 64 92 97 101 106 110 116 94 130 118 125 124 100 149 161 149 153 161 156 161 122 114 106 165 102 80 297 289 264 274 281 282 276 270 274 289 300 303 303 322 321 327 323 331 335 333 334 334 335 336 334 338 334 340 345 348 343 340 339 339 340 343 345 345 347 350 353 357 358 356 353 352 353 352 347 338 337 344 339 2
76 73 75 86 91 85 84 93 102 105 95 87 90 93 86 75 70 67 84 74 93 96 99 84 130 119 127 123 101 149 157 154 157 157 166 162 133 124 112 178 104 155 280 259 266 272 278 273 272 272 284 295 298 294 311 313 308 326 322 325 331 331 332 329 328 333 335 337 342 346 340 335 332 329 327 327 338 340 344 347 342 352 355 360 0 357 353 354 356 354 347 338 336 343 323 339
96 89 86 89 99 99 92 96 105 110 103 91 83 85 94 95 89 89 92 88 93 99 91 103 117 122 123 119 130 150 157 159 161 138 170 159 143 135 158 181 202 230 278 285 267 265 269 271 268 279 286 290 284 281 300 298 295 306 317 328 328 326 325 326 328 331 333 343 341 336 334 336 333 333 329 328 332 339 341 346 351 354 359 2 1 358 355 356 358 357 349 339 338 347 356 330
106 100 92 90 97 99 93 91 99 105 100 94 86 86 100 104 106 99 100 95 93 101 89 97 102 113 95 116 140 151 158 164 173 191 158 151 150 148 161 184 204 231 275 281 267 265 268 269 278 285 285 276 297 276 295 296 295 305 320 326 324 323 319 322 321 325 326 325 329 331 335 334 331 339 337 331 331 328 328 336 350 356 0 2 1 359 358 358 359 357 349 342 341 348 358 328
43 103 94 89 94 95 93 91 96 103 95 94 107 88 85 93 97 102 104 101 94 108 87 78 90 109 90 114 136 145 155 167 176 192 169 152 154 156 152 195 163 208 262 275 267 269 271 274 278 277 278 270 275 288 305 287 297 310 315 325 324 323 322 321 321 323 326 328 334 330 336 332 331 331 338 331 332 332 333 332 342 357 0 2 2 2 1 360 359 356 348 344 346 348 318 322
80 78 83 86 89 89 87 88 91 100 98 96 110 112 81 76 78 85 87 92 91 103 96 94 97 106 109 121 132 144 155 160 180 197 173 156 165 158 174 161 182 224 257 268 264 260 264 273 272 266 267 264 271 274 301 282 314 309 314 327 324 325 325 322 329 323 324 324 332 330 326 328 331 335 334 335 331 329 336 340 354 357 0 3 4 4 2 0 359 355 350 348 351 354 356 332
58 62 67 70 79 82 80 84 86 96 97 91 94 123 99 81 74 76 79 92 94 96 93 89 89 101 109 114 125 142 151 156 190 193 175 162 161 160 178 164 199 239 257 266 263 266 270 270 259 257 259 283 291 268 299 303 310 298 318 328 327 328 325 331 328 321 321 322 321 327 328 328 330 340 330 329 331 331 333 335 337 359 1 4 5 3 2 0 358 354 352 354 357 2 5 344
66 60 61 55 67 73 80 86 89 97 98 90 91 112 104 99 92 89 88 93 100 99 99 81 72 90 92 113 118 134 148 159 179 189 169 170 166 163 177 167 211 243 256 260 261 263 265 261 256 257 274 279 289 295 302 306 311 319 327 323 328 328 329 321 320 319 318 320 323 329 325 335 328 329 331 330 331 336 341 338 341 338 3 3 3 2 1 358 354 352 355 358 2 9 16 355
28 51 49 57 67 71 77 82 86 90 100 95 90 96 104 97 92 89 87 85 90 96 101 95 76 89 106 113 121 126 136 155 176 189 179 176 170 169 186 177 220 250 256 263 262 259 262 263 261 260 274 278 284 290 297 289 295 303 310 331 337 325 336 335 332 326 322 322 326 327 330 332 331 332 330 330 331 333 351 356 351 346 8 4 3 2 1 355 349 352 359 360 4 15 25 3
19 51 62 69 78 82 77 82 83 84 95 93 87 87 101 99 94 90 88 85 84 93 98 94 84 87 102 112 120 118 135 156 181 193 186 177 171 183 207 193 228 251 257 259 262 266 269 267 261 257 274 278 280 283 289 286 296 304 325 326 332 327 334 326 328 328 327 328 329 339 335 334 333 332 337 332 339 335 336 1 9 15 13 8 6 5 3 352 342 349 358 2 10 352 3 4
1 32 38 64 73 78 74 72 76 77 86 87 86 85 86 95 93 90 91 88 87 93 94 88 79 82 97 107 117 120 131 152 180 192 181 173 181 196 216 237 243 245 252 256 257 258 257 255 254 271 272 275 278 280 283 294 309 319 319 322 318 322 326 328 330 331 339 342 343 341 334 338 337 336 332 343 345 352 336 336 13 18 15 11 9 9 8 355 338 341 351 6 24 354 358 2
35 56 60 64 66 71 76 73 69 71 82 90 90 86 77 84 85 86 91 89 89 96 95 84 72 74 86 99 112 120 132 148 167 180 178 180 191 211 227 235 241 244 249 255 257 256 256 259 259 268 269 275 279 278 283 294 306 311 315 321 328 324 334 336 339 345 343 343 335 330 328 328 329 330 335 334 336 332 345 335 339 342 14 11 10 11 14 4 344 337 335 285 303 322 344 347
83 80 78 72 69 70 75 84 84 77 81 93 83 89 75 79 83 84 90 88 88 94 98 88 70 64 75 85 101 115 131 148 154 171 184 197 212 225 230 237 244 247 252 258 262 264 268 267 258 269 269 276 280 282 286 295 301 305 311 320 327 331 325 335 337 339 340 340 333 330 329 327 325 323 323 323 323 322 328 330 338 341 17 12 14 20 24 14 356 350 352 352 263 293 320 330
94 91 85 79 74 71 72 78 92 88 88 89 94 100 91 80 85 87 91 90 90 96 100 99 86 77 74 76 94 99 122 138 150 170 184 198 220 229 232 241 246 253 260 262 260 261 264 255 269 269 270 274 279 283 288 291 292 299 306 313 319 325 330 333 334 333 325 326 327 328 327 322 327 327 327 328 328 327 329 338 347 357 339 21 25 34 35 24 4 357 3 3 7 312 319 319
72 96 97 95 87 79 71 71 77 80 78 85 89 67 94 82 86 89 91 93 95 100 102 106 101 93 85 78 89 87 109 128 150 170 188 208 230 225 238 247 252 258 263 262 258 258 256 268 268 268 268 270 276 283 285 282 286 294 302 298 305 314 328 325 325 324 322 322 330 330 330 338 338 331 331 332 338 341 343 341 346 343 346 31 33 36 35 28 8 353 2 12 15 287 294 327
45 76 95 85 85 81 79 77 77 80 76 73 77 80 89 80 77 83 82 85 92 99 104 108 107 101 96 83 82 83 96 101 149 174 196 228 228 223 241 251 256 260 263 266 267 264 262 269 270 270 269 268 271 279 279 283 294 300 303 295 301 310 323 320 323 325 326 327 327 326 326 327 328 328 326 326 331 333 335 347 23 350 31 29 31 32 31 29 15 357 358 15 21 301 306 332
42 63 74 103 90 94 91 84 79 78 80 80 88 87 87 86 75 73 73 72 76 83 92 103 110 110 97 88 83 80 83 91 127 183 214 229 224 231 242 245 254 261 263 265 269 271 272 267 270 272 272 272 273 277 278 285 299 305 292 292 294 298 305 312 317 326 330 334 335 334 328 324 325 317 311 320 320 346 21 26 29 32 28 26 31 35 34 31 24 11 1 11 20 20 322 333
39 44 35 54 102 99 98 93 85 81 87 88 86 82 92 91 80 72 64 61 64 71 72 78 89 100 108 93 85 82 82 85 97 181 241 245 243 249 255 258 260 261 261 264 272 274 276 264 270 276 279 280 280 280 280 281 286 294 293 291 293 291 295 302 305 306 308 312 312 305 300 316 324 333 342 313 316 324 349 35 40 351 37 35 44 47 44 39 35 27 14 12 20 25 322 328
360 17 63 34 54 93 93 94 92 90 87 82 87 87 76 92 84 80 76 73 71 70 71 75 73 81 86 86 85 86 85 82 75 43 265 258 257 260 266 269 267 266 268 268 271 275 276 263 270 278 282 281 278 276 277 276 268 263 271 277 280 282 282 282 287 291 291 294 317 314 312 315 321 302 319 325 324 312 310 325 349 333 48 310 62 61 56 53 51 44 28 16 23 31 298 309
58 62 65 77 53 62 90 84 82 82 77 66 65 70 83 69 72 74 77 96 87 77 72 71 69 66 65 72 80 86 86 79 67 25 294 270 263 258 255 255 258 263 266 265 263 266 271 276 285 272 277 281 278 269 266 269 264 257 258 272 273 273 276 281 294 300 310 319 324 324 321 320 296 322 301 307 307 309 311 310 311 47 357 345 54 62 65 63 61 53 37 22 21 33 306 315
73 70 74 78 52 50 53 83 75 73 70 66 66 67 70 76 79 83 83 78 68 67 69 70 68 61 60 67 75 80 81 78 62 31 336 306 284 342 294 271 264 260 260 262 267 263 262 268 277 269 270 275 278 272 266 264 262 259 257 260 266 272 278 284 287 300 312 320 328 314 333 332 332 320 84 72 64 65 318 60 55 311 346 352 54 60 67 65 62 54 44 35 25 39 306 313
73 75 77 77 73 67 73 67 66 62 60 68 71 66 59 57 59 58 55 54 56 61 66 64 65 61 61 71 74 75 76 75 59 35 354 336 326 308 293 281 287 266 266 264 261 269 270 265 268 273 279 266 267 282 267 262 259 257 258 261 257 259 263 269 275 283 294 305 316 327 335 350 315 10 18 40 55 64 65 64 69 293 284 282 344 63 71 67 62 58 55 53 47 58 264 265
9 13 81 72 65 57 51 48 56 56 62 66 64 61 59 61 62 60 58 62 64 62 65 66 61 56 64 74 75 73 73 79 78 42 3 354 354 357 325 310 294 282 281 280 279 274 270 268 258 265 272 275 275 276 274 271 268 268 259 262 264 265 267 269 257 273 259 263 270 278 284 338 16 18 21 32 46 57 67 81 90 96 100 86 73 32 77 66 61 60 56 52 48 57 74 256
1 68 63 61 58 53 57 49 58 63 68 69 68 71 70 70 68 62 58 59 60 60 71 72 61 58 69 75 68 72 75 75 71 33 325 329 320 312 310 286 290 298 281 278 279 276 274 268 264 261 261 263 261 265 272 273 269 269 272 264 263 264 264 264 264 263 262 263 267 270 276 248 257 316 25 40 50 58 67 80 95 101 101 99 91 306 73 66 64 60 53 46 42 47 69 262
350 36 42 46 47 54 52 52 61 63 70 76 80 80 72 70 65 56 53 59 63 69 79 71 56 58 70 73 70 72 75 72 57 29 327 300 288 281 289 298 296 291 286 264 256 255 259 260 259 271 269 266 259 253 252 250 252 250 245 248 257 265 261 261 260 268 269 263 269 272 277 283 290 238 233 204 111 78 71 72 77 83 86 101 112 284 39 66 64 62 57 48 44 48 62 78
327 352 31 42 53 56 48 56 62 67 73 75 74 69 61 62 56 51 58 71 79 83 79 61 52 62 71 73 72 74 72 63 49 26 344 307 292 281 271 272 287 282 275 272 272 273 260 257 277 276 273 273 256 271 264 261 257 256 237 233 250 246 255 262 268 274 275 269 267 269 269 286 295 304 294 292 202 164 108 80 73 69 68 77 96 104 247 46 63 64 62 56 54 57 63 69
359 27 39 57 67 56 53 62 62 66 71 73 68 60 55 53 52 59 72 80 84 82 67 49 55 70 76 73 73 76 70 59 49 37 31 12 306 286 275 268 272 277 273 268 264 262 267 272 276 259 273 272 274 271 265 240 237 261 262 261 234 259 258 233 232 233 231 227 225 220 215 216 213 209 212 224 264 262 176 140 97 82 77 74 75 83 97 279 41 73 66 61 62 64 65 66
358 28 72 14 53 46 61 60 62 70 71 61 52 51 48 46 55 60 68 77 79 69 55 48 61 75 74 68 70 77 68 56 50 41 38 28 334 297 284 270 262 265 266 260 251 252 256 258 261 267 266 265 272 272 268 268 265 264 248 235 231 226 224 228 234 239 239 235 250 220 226 220 224 222 211 203 209 214 247 172 140 105 97 97 83 77 84 110 119 97 83 73 70 67 66 68
353 352 343 65 47 41 59 56 62 64 53 45 42 49 49 51 51 49 63 71 70 61 54 55 66 73 66 62 71 79 65 52 43 37 39 39 9 326 303 285 271 258 248 247 250 256 261 264 267 265 259 259 263 262 256 245 234 231 231 235 237 235 238 251 255 261 263 259 258 257 251 242 240 236 218 202 193 177 211 33 165 128 107 107 105 93 86 87 103 109 98 88 9 79 15 16
62 68 48 39 37 44 43 51 56 46 66 41 49 58 57 53 42 56 73 77 74 66 61 54 63 66 60 63 76 79 64 53 47 41 37 29 19 15 358 310 285 317 294 281 279 263 262 260 268 273 263 247 243 239 236 231 236 238 243 246 249 261 262 263 263 263 256 253 259 256 255 255 251 248 240 231 213 220 215 227 71 156 114 98 105 100 94 93 99 107 110 101 89 85 11 90
347 354 355 25 34 40 31 37 38 57 41 50 57 58 55 52 53 73 79 81 78 65 54 44 49 55 58 68 78 72 60 53 50 46 40 34 15 358 346 350 352 343 333 319 304 279 271 257 254 241 241 244 251 253 250 247 246 258 268 274 274 270 266 263 260 254 251 247 253 244 235 227 223 249 248 258 220 238 223 220 254 165 126 98 91 91 89 94 113 127 314 124 99 85 88 89
344 357 4 36 37 35 30 29 37 35 49 56 62 61 63 72 67 73 81 77 71 55 43 37 44 52 63 74 76 69 61 58 58 47 48 45 12 358 350 337 360 344 347 342 303 290 274 260 252 247 248 257 269 270 265 267 276 277 280 281 274 269 264 261 257 254 255 252 238 231 221 241 239 239 244 248 206 205 198 227 231 154 154 106 82 83 83 83 98 124 134 131 120 26 93 92
