examples/cougarCreek-fire/createInputs/farsite/7a-cougarCreek-polygonIgnit/cougarCreekFire_08-11-2015_2000_217m_non_neutral_stability_vel.asc
ncols	146
nrows	140
xllcorner	610065.000000
yllcorner	5095217.000000
cellsize	216.586807
NODATA_value	-9999.000000
[rows 70 to 104 of 140, columns 0 to 78 of 146]
14.34 15.35 18.69 18.80 20.57 24.90 24.31 22.38 21.59 21.94 23.58 23.49 24.09 20.24 20.33 16.64 15.03 15.13 20.74 15.44 15.30 20.25 16.24 18.47 13.63 14.33 14.35 14.88 19.79 18.88 15.99 21.22 21.28 19.99 19.38 16.11 18.28 18.76 17.52 14.63 14.28 15.93 17.27 18.09 17.93 17.65 23.09 23.01 17.60 17.64 15.00 14.87 14.77 21.32 14.76 14.60 13.53 12.72 13.62 15.31 14.77 14.85 14.14 13.66 13.48 21.80 20.99 18.75 12.54 13.00 14.22 17.90 18.70 17.82 17.99 18.31 18.72 11.64 18.96
14.73 16.33 19.61 19.81 20.09 24.45 23.19 19.73 21.12 22.44 22.16 22.45 16.90 23.91 17.48 16.59 14.86 15.11 20.24 15.43 20.95 19.19 15.04 15.04 14.35 15.02 14.83 19.82 21.11 17.20 16.42 20.74 15.18 14.68 18.47 17.90 18.20 18.80 17.06 14.23 16.34 17.20 16.38 19.69 18.22 17.49 17.59 23.36 17.83 17.81 17.51 14.81 17.24 21.05 21.66 14.84 14.18 12.89 12.63 14.06 15.58 17.30 14.67 14.06 13.64 13.37 12.93 20.71 18.96 12.65 12.93 17.51 18.76 19.13 18.89 17.61 17.19 17.88 18.35
16.02 17.90 19.93 19.29 20.31 24.16 22.54 19.38 21.52 22.42 21.55 21.77 20.09 17.00 20.52 16.16 14.66 15.14 17.48 15.36 15.08 14.96 15.24 14.96 14.49 13.50 15.65 19.98 19.17 16.00 17.65 21.07 20.72 19.25 15.59 17.02 19.46 16.31 17.21 14.47 16.78 18.47 15.13 14.05 22.72 17.60 16.94 23.32 17.84 15.04 17.61 14.73 22.18 19.95 14.86 14.78 14.53 13.55 12.49 12.85 14.65 15.57 19.49 17.44 17.71 13.67 21.58 12.71 12.52 16.29 12.69 17.81 19.82 20.05 19.63 18.22 14.87 16.27 14.81
17.18 18.32 19.24 18.65 20.82 23.04 22.30 19.98 23.05 22.98 21.71 21.65 20.50 17.80 20.90 15.53 14.50 15.04 15.51 15.36 15.04 15.06 15.40 16.37 14.70 13.83 18.20 18.38 14.38 15.43 20.15 20.87 20.13 16.36 13.61 17.06 17.01 20.24 16.84 14.00 16.97 18.33 15.01 13.56 19.92 17.99 22.96 16.46 16.53 14.95 17.90 14.58 22.02 14.61 20.97 14.73 14.59 14.07 12.88 12.47 13.62 15.03 14.57 20.10 20.16 19.68 16.28 20.51 21.02 20.82 20.77 20.50 20.29 20.13 19.48 17.47 14.60 14.92 14.23
17.45 17.73 18.06 17.97 20.66 22.29 21.89 22.11 23.23 22.71 21.67 21.40 17.10 22.86 16.62 15.06 14.22 14.85 15.54 15.31 15.00 15.22 15.44 14.57 15.13 14.35 18.58 14.27 14.57 18.69 20.89 20.54 19.24 13.64 13.79 18.49 16.93 19.75 16.61 12.95 15.64 18.63 17.37 15.28 15.35 17.80 17.80 16.65 16.13 15.74 14.93 22.40 22.10 14.52 14.90 22.08 14.57 14.26 13.27 12.64 13.00 14.16 15.13 18.80 21.08 20.06 19.80 19.23 18.03 16.10 16.04 17.39 16.78 12.48 17.27 15.83 14.79 14.71 14.38
17.24 17.25 17.55 19.84 21.15 20.69 19.98 21.92 22.68 21.32 18.29 19.70 22.11 22.82 16.35 15.00 14.18 15.03 15.64 20.44 15.06 15.38 15.36 15.15 13.78 15.45 17.43 15.22 18.02 18.19 21.08 19.99 16.01 13.24 15.99 19.34 16.68 18.13 16.83 14.28 15.68 19.19 18.21 14.67 14.39 18.56 14.99 23.10 14.35 15.63 14.74 14.45 21.23 14.48 14.76 18.06 21.19 14.30 13.62 13.03 12.81 13.48 14.65 14.51 20.77 17.10 19.50 16.23 15.98 17.61 12.63 12.88 16.84 15.10 12.26 15.33 15.21 14.14 14.63
17.10 17.16 17.39 20.67 21.03 20.31 19.04 19.89 21.73 17.06 16.42 17.04 16.90 23.03 16.48 14.99 14.35 15.23 17.83 15.13 15.21 15.35 15.36 15.58 15.52 17.63 16.22 16.99 18.59 17.98 19.69 19.18 15.27 14.69 20.14 17.35 16.45 17.05 14.70 14.87 16.02 18.92 18.17 15.82 13.78 14.45 23.05 14.59 14.21 15.56 14.57 14.44 14.33 14.44 14.62 15.88 21.31 14.23 13.89 13.35 12.80 13.21 14.12 14.55 16.86 19.93 19.35 18.97 16.17 17.80 15.94 13.62 13.76 16.04 13.80 14.10 15.59 14.27 13.62
16.99 17.05 17.13 20.93 20.42 18.62 18.04 20.04 18.76 15.99 17.02 16.16 17.12 16.82 16.45 14.82 14.48 15.21 15.30 15.14 15.24 15.34 15.64 16.23 18.59 16.90 16.36 17.44 18.07 16.36 17.33 19.81 14.88 17.27 19.33 17.14 14.02 16.78 14.33 15.16 15.50 16.43 15.90 14.84 13.43 13.71 17.98 14.85 14.10 15.36 14.47 14.39 14.27 14.35 14.52 15.78 21.33 14.16 14.02 13.57 19.25 13.19 13.77 14.11 14.59 19.33 18.57 18.81 19.69 16.94 17.20 15.22 14.76 15.96 12.17 12.32 12.21 15.47 12.27
16.82 16.85 16.87 21.05 19.73 16.50 18.64 21.69 18.47 17.36 18.08 22.67 16.62 16.53 15.99 14.52 14.47 15.14 15.21 15.09 15.27 15.57 16.05 19.60 21.27 17.48 17.29 17.45 17.48 15.37 15.43 20.59 18.22 19.72 17.30 14.45 13.88 15.18 14.10 12.76 16.96 16.63 15.56 15.06 13.80 14.07 15.24 19.38 14.15 15.54 15.53 14.33 14.11 14.18 14.45 14.65 21.51 20.52 20.48 13.87 13.18 13.14 13.47 13.70 14.18 19.19 19.64 19.43 19.33 12.95 12.48 12.42 17.34 16.71 12.14 12.20 13.44 11.95 19.39
16.66 16.67 16.69 20.66 20.02 16.32 18.78 20.01 18.86 18.41 18.90 21.83 21.63 16.19 15.31 14.22 14.59 15.18 15.12 15.12 15.55 15.91 19.32 15.73 14.68 17.51 16.94 16.37 17.43 15.96 15.68 20.90 19.93 18.84 17.34 14.28 13.74 15.06 12.14 13.89 16.79 16.67 16.09 15.11 14.29 14.74 14.55 14.74 21.15 14.21 15.70 14.29 13.84 13.84 14.47 13.00 14.29 20.67 18.45 14.18 13.61 13.23 13.26 13.20 13.66 13.75 20.38 19.87 19.82 13.05 12.62 12.50 12.31 16.20 13.74 11.96 12.04 12.33 19.86
16.46 16.48 16.55 21.23 19.72 16.13 16.27 19.13 18.95 18.69 19.17 20.61 17.45 16.11 14.81 14.29 14.96 15.18 15.12 15.48 15.96 16.16 19.98 15.28 21.12 17.78 16.42 14.63 17.39 16.27 16.88 19.89 19.38 16.34 17.48 14.08 13.60 14.91 11.94 17.23 16.15 15.71 16.49 15.64 15.16 14.83 13.88 12.28 13.42 14.53 14.16 14.17 13.46 13.58 14.61 15.02 14.11 21.37 13.11 14.29 13.87 13.50 13.29 19.74 12.99 14.01 20.52 20.19 19.42 18.11 17.58 17.37 12.51 12.15 16.45 15.11 11.75 12.31 14.46
16.27 16.32 16.39 20.82 15.96 16.12 16.25 18.13 19.67 19.94 19.68 17.39 17.57 15.90 14.63 14.63 15.12 15.16 15.44 15.89 16.08 21.22 15.81 14.83 18.85 16.81 14.13 14.76 16.88 20.48 15.40 16.91 16.62 18.03 17.20 16.96 15.92 15.23 13.60 14.35 13.91 14.01 15.72 16.58 16.21 14.56 13.29 13.78 12.44 14.81 14.12 13.84 13.11 13.76 14.73 16.37 21.52 13.36 11.82 14.73 14.01 13.73 13.46 12.92 14.28 13.39 13.62 20.24 19.73 17.87 20.38 18.52 17.27 12.41 12.16 11.77 11.52 12.10 13.73
16.08 16.14 16.18 21.02 15.90 16.08 16.12 17.97 20.48 22.01 19.66 15.77 17.94 15.57 14.68 14.86 15.12 15.37 15.75 15.86 18.52 23.05 15.33 14.48 18.24 17.76 14.10 14.88 19.55 20.40 15.30 15.32 16.85 19.57 16.69 16.64 15.32 12.19 14.77 14.01 13.78 13.94 14.97 16.40 16.60 15.18 13.14 13.60 10.92 16.68 14.16 13.46 13.17 14.31 16.38 15.03 14.15 20.90 13.23 12.40 19.36 13.95 13.63 13.23 12.64 12.76 13.73 18.70 19.49 18.30 17.34 16.70 13.75 17.97 12.42 17.62 14.75 11.88 12.19
15.89 15.95 15.95 15.77 15.83 15.91 15.94 17.73 20.19 21.86 17.72 15.94 20.80 15.31 18.94 14.99 15.32 15.62 15.68 18.67 20.26 19.87 14.92 14.28 18.53 13.86 14.32 14.79 18.91 17.74 15.45 15.43 17.16 16.45 15.91 15.87 14.41 13.94 15.73 13.72 13.83 15.73 13.97 15.89 13.57 13.36 12.89 9.62 12.81 15.39 16.43 13.36 13.75 14.65 19.90 14.62 13.72 14.87 14.58 12.04 13.51 18.76 21.12 13.68 13.04 12.52 13.13 14.40 19.25 18.64 19.01 18.84 13.18 13.26 16.90 17.08 16.21 15.38 15.58
15.73 15.77 15.76 15.70 15.78 15.80 15.88 17.75 20.10 19.10 15.55 16.20 22.73 15.20 14.95 15.30 14.07 15.64 15.62 19.51 20.06 15.40 14.59 14.17 13.81 14.71 14.34 14.57 16.17 17.97 18.02 18.54 14.17 13.69 17.54 13.36 12.89 13.87 14.98 13.64 14.19 14.23 13.67 13.49 13.51 13.36 12.89 13.33 12.43 14.45 15.83 13.55 13.29 16.50 15.84 13.28 13.41 13.80 14.13 13.58 13.30 14.96 14.43 15.93 21.20 20.22 13.89 13.33 16.74 18.49 19.92 17.72 17.33 13.06 15.52 17.49 18.30 16.88 15.62
15.58 15.60 15.61 15.64 15.73 15.72 15.77 18.28 19.34 16.59 15.76 16.39 21.61 19.77 15.23 15.51 15.57 16.98 19.26 21.19 19.91 15.00 14.27 13.91 13.62 14.55 14.38 14.95 15.87 14.36 19.60 17.59 13.98 13.56 16.58 14.13 14.04 14.36 13.27 13.87 14.72 14.27 13.06 13.10 13.46 13.36 13.02 13.14 13.92 14.30 13.92 13.81 14.16 13.75 13.40 13.47 13.37 13.51 13.66 13.60 13.72 14.69 13.55 14.14 18.97 18.67 17.10 13.05 13.44 16.99 18.10 18.18 17.63 17.39 16.61 17.10 17.03 17.14 12.18
15.44 15.41 15.44 15.57 15.63 15.58 15.60 15.53 18.01 15.34 15.85 22.06 15.68 19.26 15.35 15.39 17.58 18.64 21.25 19.61 15.29 14.59 13.92 20.10 13.59 13.97 14.14 15.09 15.49 19.76 19.20 12.66 18.56 13.63 16.96 14.02 16.11 15.46 13.39 14.18 17.19 13.91 12.53 12.80 13.45 13.36 13.07 13.10 13.64 14.08 14.03 13.96 13.77 13.43 13.42 13.59 13.49 13.32 13.54 13.65 13.58 13.41 13.46 13.78 18.24 18.03 16.85 14.13 13.73 13.75 13.59 18.78 19.10 17.90 16.96 12.34 16.08 12.21 12.35
15.26 15.24 15.39 15.55 15.52 15.50 15.54 15.46 15.37 15.45 15.90 21.49 15.64 19.86 18.34 17.30 17.38 19.94 20.97 19.67 14.96 14.19 13.71 13.58 16.83 14.68 13.96 14.85 14.14 17.84 13.88 13.16 14.20 13.76 13.49 13.55 13.54 13.34 14.24 15.62 14.37 13.54 12.45 12.66 13.42 13.36 13.08 13.16 13.44 13.83 14.00 14.00 13.55 13.22 13.36 13.63 13.56 13.27 13.46 13.61 13.49 13.38 13.42 13.58 15.56 17.37 16.25 14.52 14.17 12.89 13.11 16.68 18.00 17.50 18.21 17.16 17.54 17.00 16.06
15.06 15.16 15.42 15.46 15.40 15.45 18.37 15.40 15.40 15.50 15.87 21.26 15.50 20.29 18.66 17.04 17.53 21.92 20.70 15.14 14.46 13.87 13.59 13.43 15.56 13.63 13.90 14.16 14.12 13.98 13.47 15.03 19.10 13.76 13.34 16.31 13.44 13.28 15.49 13.85 13.81 13.33 12.70 12.72 13.38 13.38 13.09 13.07 13.26 13.64 13.87 13.95 20.24 13.13 13.29 13.56 13.54 13.30 13.43 13.51 13.42 13.40 13.42 13.42 17.52 17.59 15.09 16.58 16.45 16.11 12.89 15.53 17.19 18.54 12.54 12.28 12.26 12.22 12.06
14.91 15.06 15.26 15.20 15.21 15.23 18.46 15.28 15.29 15.37 15.69 21.70 15.40 14.97 18.52 16.46 17.75 19.50 19.29 14.74 14.05 13.68 13.43 16.59 13.48 13.72 14.08 14.28 14.16 14.04 14.15 15.30 18.35 13.68 13.30 13.25 13.31 13.16 15.02 13.51 13.35 13.28 13.00 12.90 13.34 13.34 12.99 12.92 13.18 13.51 13.71 13.84 20.11 19.42 13.21 13.43 13.45 13.33 13.37 13.45 13.40 13.34 13.37 17.59 15.87 18.57 18.00 17.09 17.54 17.31 16.26 14.92 14.50 15.77 17.33 18.05 17.92 12.33 12.14
14.77 14.92 15.07 15.03 15.08 15.10 15.15 15.21 15.17 15.26 15.63 20.12 15.37 14.82 18.93 16.00 17.91 21.35 21.11 14.41 13.90 13.57 13.39 13.39 13.56 13.92 14.26 14.24 16.25 15.46 15.03 17.36 17.92 13.71 13.38 13.09 13.14 13.13 13.16 13.23 13.19 13.31 13.17 12.99 13.23 13.15 12.84 12.90 13.14 13.36 13.56 13.74 13.49 19.49 13.17 13.29 13.35 13.33 13.27 13.40 13.43 17.83 13.29 17.05 16.99 17.76 18.68 18.15 18.71 18.57 17.89 15.37 12.64 12.94 15.03 17.27 16.90 17.09 17.80
14.58 14.77 14.96 14.97 15.05 15.10 15.10 15.13 15.13 15.25 16.69 21.00 14.95 21.75 19.31 17.10 19.03 14.59 14.44 14.22 13.75 13.43 17.19 13.45 13.64 14.13 14.73 15.89 15.40 15.11 17.73 18.76 18.88 13.59 13.17 12.84 12.97 12.98 12.91 13.10 13.21 13.21 13.13 12.99 15.68 12.99 12.83 12.97 13.07 13.21 13.44 13.62 13.45 19.99 13.11 13.18 13.25 13.25 13.16 13.30 13.38 18.02 17.81 18.28 16.76 13.22 17.78 18.65 18.37 19.24 12.55 17.49 12.48 12.84 12.78 15.74 16.92 12.30 16.68
14.41 14.63 14.88 14.92 14.99 14.95 14.86 14.94 14.97 15.07 17.47 20.54 20.27 19.54 19.23 18.35 18.75 20.74 14.23 14.05 13.62 13.41 15.15 13.52 13.76 14.20 17.82 15.82 14.47 15.31 19.59 13.81 13.56 13.24 12.89 12.73 15.31 12.73 11.80 10.38 13.22 12.97 9.21 13.12 12.97 12.87 12.87 12.92 12.99 13.15 13.32 13.46 13.40 20.63 20.44 13.12 13.20 13.11 13.05 13.20 13.29 13.33 18.55 18.92 17.28 13.14 13.24 17.59 18.91 18.85 12.56 17.29 12.47 12.81 15.53 17.19 17.32 17.42 17.67
14.18 14.51 14.84 14.81 14.77 14.66 14.55 14.65 14.63 14.72 14.86 19.31 14.38 19.16 14.45 18.79 17.65 18.60 14.08 13.87 13.57 13.46 15.33 13.50 13.67 14.01 16.51 15.72 15.93 18.00 18.73 13.41 13.07 12.84 12.68 12.72 12.58 12.40 12.63 13.20 13.12 12.72 12.91 13.12 12.72 12.60 12.73 12.71 12.85 12.98 13.09 13.18 13.20 20.30 20.26 19.38 13.07 18.95 12.88 13.00 13.14 13.26 19.09 19.55 18.63 12.96 13.05 16.82 18.01 18.51 17.86 16.49 12.45 12.70 16.04 16.76 17.42 12.30 19.07
14.05 14.44 14.71 20.59 14.45 14.38 14.27 14.37 14.42 14.51 14.58 14.50 18.65 14.35 14.29 14.17 17.88 18.04 13.90 13.71 13.51 13.35 13.36 14.70 13.40 13.32 15.83 18.22 19.31 17.57 17.68 18.16 17.19 14.38 12.62 12.44 12.40 12.23 12.68 13.31 12.97 12.56 12.74 12.79 12.39 12.37 12.54 12.51 12.64 12.75 12.86 12.91 12.96 12.89 20.30 19.75 19.97 20.09 18.97 12.84 12.98 13.10 18.76 18.90 12.87 19.44 17.52 12.86 17.41 17.91 18.37 16.78 12.40 12.53 15.42 14.73 14.34 16.95 18.14
14.05 14.35 14.49 14.16 14.23 14.16 14.04 14.17 14.34 14.43 14.45 14.38 14.30 19.73 14.04 19.16 18.05 17.10 19.72 13.53 13.25 13.08 13.04 13.00 13.31 13.72 17.33 18.86 13.04 12.96 13.02 17.60 14.91 12.21 12.35 12.31 12.30 12.25 12.79 10.86 12.66 12.32 12.41 12.29 12.14 12.23 12.37 12.34 12.38 12.53 12.66 12.67 12.72 12.68 19.90 17.84 18.84 19.83 20.10 19.16 12.84 12.89 19.35 19.10 12.87 19.03 18.81 18.82 18.15 18.08 17.96 17.93 15.00 15.44 15.14 12.05 12.12 12.27 17.45
13.89 13.98 14.10 14.03 13.99 13.76 13.86 14.05 14.21 14.27 14.22 14.16 14.11 19.14 19.52 19.28 17.44 16.19 19.60 13.26 12.88 15.00 12.80 12.98 13.48 14.24 18.43 18.53 16.54 12.25 12.91 14.82 12.53 12.38 12.28 12.28 12.25 12.24 9.74 12.81 12.31 12.08 12.07 11.90 11.89 12.07 12.19 12.14 12.12 12.29 12.42 12.45 12.49 12.45 12.41 12.51 12.53 12.46 12.45 12.52 19.62 18.86 19.47 19.24 19.73 18.97 12.55 18.60 18.83 18.16 17.99 17.95 17.96 17.43 16.12 14.15 11.87 11.98 14.31
13.99 13.84 13.69 13.76 13.43 13.52 13.71 13.89 13.90 13.97 13.95 13.95 13.96 18.57 13.75 13.63 17.47 17.59 19.61 12.92 12.68 12.78 12.96 13.29 13.53 18.23 18.63 16.68 12.77 12.84 12.74 12.58 12.44 12.32 12.27 12.22 12.12 12.10 12.34 12.43 12.09 11.92 11.82 11.61 11.67 11.90 11.98 11.93 11.91 12.04 12.17 12.24 12.27 12.22 12.28 12.38 12.39 12.32 12.30 12.34 12.33 19.48 18.82 19.02 19.56 12.68 12.50 12.32 12.29 12.28 12.17 12.16 12.13 17.55 17.27 14.91 11.65 11.68 11.83
14.20 13.90 13.73 13.58 13.44 13.37 13.66 13.70 13.65 13.81 13.75 13.79 13.85 19.00 13.62 13.54 17.97 18.62 19.15 12.73 12.81 13.07 13.30 13.38 13.18 18.78 17.77 12.71 12.79 12.70 12.57 12.96 12.28 12.20 11.70 11.51 10.64 10.11 9.94 10.98 11.90 11.80 11.63 11.39 11.48 11.66 11.71 11.70 11.68 11.81 12.00 12.08 12.02 12.01 12.15 12.25 12.23 12.15 12.16 12.20 12.15 12.14 12.28 12.36 19.13 12.54 12.41 12.26 12.21 12.20 12.09 12.06 12.01 17.81 17.40 16.60 14.24 11.43 11.59
13.63 13.29 13.51 13.37 13.06 13.42 13.68 13.54 13.60 13.66 13.50 13.67 13.79 13.66 13.59 13.44 13.31 13.13 12.89 12.80 13.02 13.20 13.19 12.92 17.74 17.51 12.60 12.67 16.98 15.73 12.34 12.24 12.13 11.57 11.70 11.27 10.96 11.69 10.66 8.30 11.94 11.79 11.40 11.17 11.22 11.37 11.45 11.42 11.42 11.72 11.94 11.83 11.71 11.84 12.06 12.09 12.04 11.98 12.01 12.06 12.01 11.99 12.11 12.21 12.28 12.32 12.27 12.20 12.15 12.13 18.21 17.85 17.70 11.83 17.70 17.12 15.81 11.26 11.28
12.88 13.12 13.29 12.49 12.98 13.43 13.39 13.34 13.55 13.37 13.28 13.69 13.73 19.44 13.42 13.19 13.03 12.99 12.87 12.90 12.94 16.20 12.64 17.35 12.32 12.45 12.55 12.48 18.07 15.30 12.64 12.17 12.14 12.07 13.69 13.62 11.44 11.03 10.93 11.67 12.37 11.72 11.07 10.90 10.93 11.15 11.24 11.11 11.21 11.73 11.80 11.49 11.45 11.76 11.96 11.88 11.82 11.80 11.86 11.92 11.88 11.86 11.96 12.09 12.14 12.09 12.09 12.15 12.13 18.37 18.54 18.78 17.97 17.94 17.28 11.63 11.53 16.26 11.10
12.92 12.89 12.36 12.28 12.92 13.29 13.11 13.26 13.15 13.09 13.15 13.51 13.40 13.21 13.03 12.90 12.83 12.80 12.71 12.67 12.57 12.33 12.00 14.00 12.29 12.38 15.96 17.89 17.96 12.03 12.15 12.38 13.75 14.61 15.05 14.27 11.07 11.04 11.39 12.37 12.42 11.22 10.63 10.61 10.74 10.97 10.98 10.84 11.07 11.59 11.56 11.26 11.32 11.70 11.79 16.15 16.42 16.14 11.71 11.79 11.77 11.75 11.82 11.95 18.12 19.80 18.06 12.05 12.10 11.96 18.99 18.19 18.01 17.74 11.44 11.30 17.16 17.44 15.74
12.71 12.53 12.47 12.48 12.76 12.80 13.08 13.17 13.19 12.79 12.92 13.14 12.96 12.91 12.57 12.73 12.82 12.65 18.73 12.46 17.42 11.81 11.75 12.07 12.31 12.22 15.46 17.10 15.58 12.04 12.17 12.07 14.56 14.59 14.71 13.53 10.41 10.23 11.64 14.82 11.50 10.48 10.19 13.21 9.18 10.70 9.09 6.42 10.88 11.29 11.40 11.22 11.25 11.57 18.96 18.84 19.82 19.15 16.56 11.68 11.66 11.65 11.69 11.78 11.87 11.84 11.78 11.89 11.99 11.89 11.67 11.59 11.60 11.57 17.59 11.51 11.35 11.28 16.76
12.82 12.67 12.63 12.61 12.44 12.76 12.79 12.65 12.67 12.48 12.70 12.81 12.70 12.61 12.42 12.59 12.66 12.58 12.55 12.07 11.74 11.79 11.98 12.27 12.23 12.04 15.69 16.64 14.78 12.02 14.65 15.15 14.52 14.07 13.43 14.29 13.17 13.60 14.60 14.96 14.84 10.13 10.01 10.20 7.56 7.77 6.86 10.48 5.92 6.08 11.24 11.08 11.12 11.36 15.53 16.32 16.44 16.26 11.47 11.60 11.54 11.51 11.57 11.64 11.75 11.75 11.70 11.77 11.78 11.77 11.62 11.48 11.56 11.52 17.38 11.38 17.03 16.76 16.12
12.13 12.33 12.07 12.11 12.17 12.43 12.85 12.30 12.13 12.36 12.55 12.65 12.84 12.72 12.33 12.68 12.53 12.52 12.09 17.32 11.76 11.89 12.07 12.20 16.35 11.84 15.57 16.80 14.70 15.02 16.61 15.67 14.53 14.30 14.17 15.73 14.77 13.15 12.70 12.33 11.98 13.53 11.10 7.20 6.01 10.28 10.30 10.37 5.75 6.55 8.38 7.21 10.99 11.22 11.23 15.01 15.29 11.07 11.35 11.51 16.03 16.10 11.46 11.55 11.64 11.62 11.63 11.68 19.22 17.59 18.22 18.02 11.52 17.77 17.30 11.26 11.20 16.58 16.14
