examples/cougarCreek-fire/createInputs/farsite/7a-cougarCreek-polygonIgnit/cougarCreekFire_08-10-2015_1600_217m_non_neutral_stability_vel.asc
ncols	146
nrows	140
xllcorner	610065.000000
yllcorner	5095217.000000
cellsize	216.586807
NODATA_value	-9999.000000
[rows 72 to 107 of 140, columns 0 to 81 of 146]
11.83 12.28 14.01 14.40 15.19 17.50 15.93 13.20 14.89 15.48 14.80 14.97 13.83 11.05 13.09 10.29 9.63 9.71 11.83 9.74 9.63 9.57 9.69 10.16 9.09 9.25 10.88 14.76 14.34 11.92 12.99 15.14 14.89 14.40 11.82 12.67 13.87 10.60 13.01 10.70 12.03 12.88 9.08 10.37 13.73 9.65 9.47 14.99 9.73 6.90 9.04 6.58 13.97 13.28 6.30 6.22 6.07 5.90 5.75 5.68 5.76 5.77 13.14 8.46 8.14 5.45 10.86 5.30 5.29 7.56 5.19 11.32 11.87 11.16 11.18 11.54 9.74 11.06 9.86 11.32 11.64 11.55
10.66 11.72 13.14 13.15 14.76 16.18 15.52 13.45 15.83 15.68 14.63 14.57 13.70 10.71 13.46 9.83 9.38 9.43 9.58 9.53 9.42 9.42 9.57 11.86 9.13 9.27 13.28 13.51 10.51 10.19 14.59 14.70 14.23 11.94 9.73 12.48 10.87 14.00 12.60 10.13 12.41 12.57 8.97 9.98 12.85 9.74 14.75 9.13 9.03 6.70 9.40 6.33 13.76 6.19 13.32 6.06 5.96 5.82 5.63 5.55 5.65 5.68 7.17 13.07 12.59 12.10 8.48 12.08 11.86 11.59 11.55 11.61 11.85 11.85 11.93 11.17 9.66 9.71 9.64 9.67 11.66 11.28
9.97 10.51 11.34 11.54 14.02 15.37 15.00 14.98 15.73 15.29 14.48 14.22 10.15 15.15 9.85 9.38 8.99 9.09 9.39 9.33 9.21 9.32 9.41 9.64 9.36 9.50 13.51 10.39 9.55 13.44 14.69 14.26 13.53 8.90 9.74 13.39 10.67 13.57 12.44 9.70 11.48 12.54 11.82 11.11 8.27 9.41 9.63 8.94 8.71 8.30 6.33 13.86 13.62 6.05 6.08 13.51 5.82 5.72 5.53 5.45 5.48 5.51 5.50 12.57 12.90 11.98 12.66 12.54 11.48 11.15 12.02 11.74 11.18 4.90 11.00 9.67 9.60 9.57 9.60 9.54 9.98 11.73
9.66 9.90 10.42 12.86 13.99 13.69 13.03 14.54 15.16 14.21 11.69 12.88 14.58 15.15 9.48 9.08 8.74 9.01 9.27 14.15 9.03 9.17 9.15 9.10 8.85 10.13 12.29 9.73 12.71 12.59 14.81 13.68 11.68 8.15 11.32 13.16 10.34 12.39 12.28 10.43 11.27 12.55 12.03 8.31 7.61 11.56 6.56 14.14 6.26 8.47 6.03 5.83 13.27 5.84 5.87 11.00 13.14 5.49 5.36 5.30 5.28 5.31 5.37 7.15 12.90 8.44 11.51 8.32 8.23 12.20 4.84 4.85 11.93 9.38 4.72 9.44 9.46 9.40 9.55 9.66 9.78 11.50
9.50 9.63 9.91 13.08 13.52 13.09 12.07 12.68 14.39 10.76 9.45 9.73 9.66 15.24 9.38 8.90 8.66 8.95 11.99 8.84 8.90 8.94 8.95 9.15 9.94 12.11 11.09 11.63 12.67 12.48 13.70 13.04 10.91 10.16 14.03 10.57 10.05 11.63 9.05 10.48 10.62 12.16 11.71 10.34 7.26 7.25 14.22 6.17 6.07 8.39 5.83 5.71 5.66 5.69 5.68 8.43 13.03 5.34 5.29 5.21 5.11 5.17 5.27 5.18 10.78 12.15 12.09 11.82 8.25 11.07 11.58 8.91 8.33 10.86 9.18 10.96 9.45 9.38 9.29 9.85 11.02 11.23
9.34 9.41 9.52 13.13 12.93 11.64 11.17 12.70 11.86 9.77 9.74 9.70 9.76 9.52 9.29 8.73 8.54 8.72 8.72 8.67 8.70 8.74 8.91 10.21 12.02 11.42 11.05 11.80 12.39 11.25 11.70 13.77 10.18 11.90 12.77 10.25 7.47 11.31 8.65 10.69 8.66 9.54 9.25 8.58 7.09 6.81 10.81 6.13 5.85 8.25 5.69 5.61 5.54 5.51 5.51 8.28 12.86 5.27 5.22 5.10 12.23 5.10 5.15 5.06 7.95 12.29 12.06 12.11 11.97 9.43 11.11 10.42 10.92 11.28 4.65 4.80 4.85 10.82 8.78 9.62 9.85 9.93
9.15 9.17 9.21 13.14 12.27 9.24 11.46 14.00 11.45 10.51 10.89 14.53 9.30 9.20 8.99 8.47 8.35 8.51 8.52 8.46 8.52 8.68 8.95 12.17 14.13 11.76 11.57 11.74 11.86 10.40 10.57 14.10 12.61 13.49 10.52 7.47 7.19 9.37 9.82 8.99 9.71 9.63 8.99 8.67 7.75 7.57 8.03 11.39 5.61 8.24 8.10 5.50 5.41 5.34 5.33 5.33 12.75 12.52 12.39 5.05 5.04 5.10 5.09 5.00 4.92 12.04 12.11 12.07 10.87 4.67 4.66 4.66 11.41 11.39 4.76 4.80 10.60 8.56 11.20 9.92 9.65 9.46
8.95 8.96 8.98 12.72 12.39 8.96 11.49 12.45 11.58 11.14 11.33 13.81 13.90 8.81 8.56 8.15 8.22 8.40 8.33 8.31 8.51 8.71 12.70 8.63 8.21 11.68 11.29 10.92 11.67 10.59 10.16 13.95 13.47 12.81 10.39 7.18 6.89 9.25 8.55 9.54 9.57 9.55 9.20 8.62 7.97 8.04 7.77 7.62 12.84 5.45 8.16 5.43 5.28 5.14 5.19 6.45 5.22 12.36 11.78 5.11 5.05 5.03 5.04 4.89 4.82 7.55 10.97 10.84 10.85 4.76 4.70 4.71 4.74 9.47 9.29 8.45 4.78 4.97 11.33 11.41 9.77 9.03
8.73 8.74 8.78 13.06 12.11 8.71 8.76 11.77 11.63 11.37 11.71 13.09 10.55 8.64 8.23 8.04 8.25 8.29 8.20 8.40 8.65 8.71 12.04 8.26 13.84 11.90 10.87 7.72 11.60 9.99 11.00 13.25 13.11 10.96 10.36 6.96 6.72 9.16 7.04 11.62 9.20 8.93 9.26 8.82 8.47 8.18 7.56 5.93 6.63 5.46 5.38 5.35 5.08 4.98 5.28 5.46 5.15 12.34 7.11 5.17 5.02 4.99 4.96 12.05 4.81 4.89 12.16 10.91 10.86 9.49 9.34 9.31 4.74 4.74 9.40 9.83 4.88 5.05 9.33 10.24 9.96 9.87
8.51 8.53 8.57 12.60 8.50 8.59 8.65 10.93 12.08 12.30 12.17 10.52 10.60 8.44 8.04 8.06 8.18 8.14 8.29 8.54 8.57 13.57 8.32 7.93 11.88 10.58 7.47 7.59 10.18 13.51 9.28 11.03 11.05 12.10 10.11 9.98 9.56 10.81 9.54 6.52 6.28 6.17 8.79 9.08 8.88 8.09 7.38 5.43 5.37 5.42 5.28 5.18 4.90 5.11 5.49 8.54 12.18 4.91 6.39 7.86 5.01 4.99 4.94 4.85 8.62 4.89 7.56 11.95 11.69 9.39 11.70 11.49 9.41 4.78 4.87 4.90 4.94 5.09 8.95 9.89 9.97 4.85
8.30 8.32 8.34 12.79 8.34 8.43 8.45 10.70 12.54 13.83 12.16 8.32 10.80 8.21 7.93 8.00 8.05 8.14 8.32 8.35 11.90 14.54 7.94 7.63 11.30 11.87 7.29 7.48 12.74 13.16 9.32 10.17 10.99 12.82 9.83 9.76 9.24 7.44 8.59 6.29 6.12 6.07 8.35 8.93 8.96 8.40 7.38 5.36 7.21 8.35 5.14 4.96 4.93 5.37 8.57 8.06 7.41 12.50 7.32 6.44 11.99 4.96 4.89 4.86 4.87 4.89 4.92 11.82 11.78 11.68 9.43 9.35 8.82 9.47 4.94 9.63 9.35 5.06 5.03 9.51 9.61 4.82
8.09 8.11 8.12 8.10 8.17 8.22 8.23 10.46 12.21 13.73 10.82 8.30 13.02 8.02 12.00 7.89 8.02 8.13 8.12 11.93 12.93 11.58 7.66 7.40 11.46 7.23 7.31 7.31 12.34 10.46 10.42 10.22 10.08 9.77 9.51 9.47 10.15 6.39 9.01 6.03 5.95 8.69 5.88 8.69 5.57 5.45 5.27 6.59 6.21 7.68 8.34 4.87 5.13 7.58 12.39 7.86 4.89 7.85 7.95 6.32 7.17 11.92 12.01 4.94 4.92 4.82 4.86 8.36 11.84 11.64 11.40 11.38 8.57 8.59 9.64 9.65 9.73 11.00 11.04 10.46 11.18 4.81
7.90 7.92 7.93 7.96 8.02 8.05 8.09 10.46 12.24 11.73 8.04 8.30 14.18 7.91 7.84 7.95 8.30 8.03 7.98 12.49 11.77 7.68 7.41 7.23 7.10 9.36 7.13 8.54 9.63 10.47 11.88 12.11 6.70 6.52 11.83 6.28 9.27 6.27 8.76 5.87 5.94 5.98 5.81 5.59 5.45 5.33 5.21 5.22 6.13 5.06 8.00 4.96 6.88 8.48 8.30 4.80 4.87 4.88 7.59 4.92 7.13 8.18 7.98 8.86 12.35 12.01 8.21 7.73 11.17 11.29 12.00 9.53 11.14 8.38 9.63 11.22 11.96 11.30 10.39 4.90 4.80 4.83
7.72 7.73 7.76 7.82 7.88 7.91 7.94 10.79 11.69 9.97 8.02 9.56 12.94 11.97 7.90 7.94 7.89 10.42 12.15 13.36 11.41 7.39 7.12 6.95 6.84 9.18 8.86 9.14 9.37 6.79 12.59 11.50 6.42 6.33 11.26 9.61 9.55 8.59 5.93 5.98 6.09 5.95 5.62 5.43 5.36 5.26 5.15 5.10 5.09 5.02 4.96 5.02 5.02 4.79 4.71 4.79 4.82 4.83 4.85 4.89 4.92 7.99 4.85 7.59 11.87 11.72 11.29 4.80 7.85 11.16 11.44 9.54 9.61 11.50 11.23 11.38 11.29 11.23 4.96 4.92 4.86 4.87
7.53 7.53 7.57 7.66 7.72 7.74 7.76 7.73 10.82 7.73 7.90 13.52 7.84 11.80 7.78 7.74 10.77 11.39 13.30 11.53 7.33 7.09 6.85 12.71 6.70 8.92 6.74 9.35 9.10 12.55 12.39 7.61 12.24 6.26 11.51 8.92 10.91 10.69 5.96 6.07 9.16 5.68 5.38 5.28 5.24 5.14 5.03 5.00 5.03 5.00 4.94 4.93 4.82 4.69 4.69 4.78 4.80 4.79 4.83 4.86 4.84 4.79 4.82 4.88 11.52 11.42 11.13 8.35 8.19 8.25 8.18 11.32 11.57 11.22 11.29 4.85 10.83 4.88 4.99 4.94 4.89 10.46
7.34 7.35 7.44 7.55 7.58 7.62 7.66 7.65 7.64 7.70 7.82 12.50 7.73 12.10 11.08 10.50 10.51 11.85 13.02 11.18 7.08 6.82 6.70 6.67 10.78 9.37 6.57 9.44 6.47 11.78 6.45 8.05 6.43 6.27 6.20 6.13 6.00 5.89 9.59 10.13 5.62 5.37 5.19 5.15 5.14 5.06 5.00 4.99 4.95 4.86 4.81 4.79 4.68 4.63 4.69 4.75 4.74 4.73 4.78 4.80 4.77 4.78 4.85 4.89 8.66 11.19 10.88 8.50 8.43 4.91 5.00 10.98 11.23 10.50 11.26 10.34 10.53 10.77 10.60 11.46 4.92 10.22
7.12 7.18 7.32 7.41 7.43 7.49 10.85 7.53 7.58 7.64 7.71 12.32 7.54 11.98 11.22 10.17 10.43 13.49 12.78 7.04 6.83 6.65 6.58 6.54 10.06 6.47 6.47 6.49 6.47 6.44 8.82 10.31 12.42 6.14 6.03 11.06 5.82 5.70 10.35 5.46 5.27 5.09 5.02 5.04 5.06 5.01 4.96 4.86 4.77 4.72 4.71 4.68 11.54 4.56 4.63 4.67 4.66 4.67 4.73 4.76 4.76 4.81 4.87 4.86 11.11 10.95 8.65 10.90 10.90 10.85 4.96 10.50 11.11 11.38 4.88 4.92 4.99 5.05 5.03 10.51 4.97 4.96
6.91 6.98 7.08 7.14 7.20 7.24 10.80 7.32 7.39 7.44 7.49 13.08 7.37 7.27 11.16 9.80 10.52 11.41 11.31 6.79 6.61 6.53 6.46 10.84 6.39 6.42 6.48 6.50 6.46 6.43 6.43 9.69 12.11 6.01 5.93 5.84 5.69 5.55 10.43 5.32 5.14 5.04 5.01 5.03 5.02 4.93 4.79 4.68 4.66 4.65 4.64 4.62 11.41 11.27 4.58 4.63 4.63 4.66 4.71 4.76 4.81 4.83 4.85 11.09 8.74 11.43 11.28 11.03 11.20 11.20 10.82 10.18 9.91 10.48 10.44 10.63 10.67 5.08 5.05 5.05 5.04 5.00
6.72 6.78 6.86 6.92 7.00 7.06 7.12 7.16 7.19 7.23 7.31 11.71 7.27 7.13 11.41 9.57 10.65 12.93 12.82 6.59 6.50 6.43 6.40 6.39 6.37 6.39 6.43 6.39 10.12 10.11 9.84 11.54 11.83 6.02 5.94 5.81 5.66 5.55 5.43 5.26 5.14 5.10 5.04 4.99 4.92 4.79 4.67 4.63 4.63 4.59 4.57 4.59 4.55 11.21 4.58 4.62 4.63 4.67 4.69 4.75 4.79 11.06 4.82 10.91 10.91 11.16 11.41 11.31 11.54 11.48 11.32 10.18 4.97 5.09 9.97 11.00 10.48 10.91 10.78 5.06 5.04 5.00
6.51 6.59 6.70 6.76 6.84 6.92 6.97 7.00 7.02 7.07 9.39 12.14 6.93 13.06 11.62 10.19 11.38 6.64 6.53 6.43 6.34 6.28 10.98 6.30 6.32 6.35 9.50 10.24 10.01 9.92 11.64 12.02 12.08 5.85 5.71 5.58 5.49 5.38 5.25 5.17 5.10 5.02 4.91 4.80 10.27 4.67 4.64 4.64 4.60 4.56 4.55 4.58 4.55 11.11 4.56 4.61 4.64 4.67 4.67 4.73 4.75 11.07 11.06 11.25 10.82 4.98 11.22 11.49 10.74 11.58 5.03 10.91 5.08 5.21 5.21 9.71 10.89 5.13 10.81 10.89 10.97 10.03
6.31 6.41 6.53 6.61 6.67 6.70 6.70 6.74 6.78 6.82 9.80 11.81 11.56 11.57 11.38 10.85 11.15 12.46 6.38 6.31 6.22 6.20 9.81 6.23 6.25 6.27 11.19 9.88 9.56 10.02 12.04 5.99 5.84 5.63 5.45 5.35 10.60 5.14 8.14 6.88 4.98 4.90 6.10 4.77 4.74 4.68 4.62 4.58 4.53 4.52 4.52 4.53 4.50 10.91 10.97 4.57 4.63 4.62 4.63 4.69 4.75 4.84 11.28 11.42 11.01 5.06 5.12 11.17 11.58 11.55 5.07 10.85 5.15 5.31 10.05 10.93 10.95 10.96 11.03 10.74 10.42 10.22
6.14 6.27 6.42 6.52 6.51 6.52 6.51 6.52 6.53 6.57 6.58 11.14 6.52 11.36 6.53 11.16 10.55 11.16 6.33 6.28 6.24 6.22 9.87 6.21 6.19 8.98 10.10 9.82 9.85 11.61 11.31 5.88 5.71 5.54 5.42 8.85 5.23 5.10 5.01 4.99 4.95 4.89 4.90 4.88 4.79 4.66 4.58 4.53 4.50 4.49 4.47 4.45 4.42 10.89 10.84 10.95 4.49 10.95 4.52 4.61 4.69 4.78 11.24 11.36 11.24 4.98 5.00 10.73 11.20 11.33 10.61 10.54 5.14 5.25 10.46 10.70 10.85 5.15 11.12 10.83 5.15 5.12
6.02 6.17 6.29 11.34 6.38 6.42 6.40 6.41 6.42 6.45 6.47 6.47 10.87 6.48 6.45 6.41 10.79 10.87 6.28 6.23 6.22 6.21 6.17 9.45 6.07 8.63 9.81 11.66 12.01 11.07 11.40 10.87 11.40 10.08 8.80 5.40 5.32 5.24 5.24 5.24 5.13 5.01 4.93 4.81 4.67 4.59 4.54 4.49 4.45 4.41 4.39 4.37 4.36 4.34 10.56 10.55 10.81 10.73 10.85 4.51 4.61 4.67 11.05 10.19 4.80 11.18 10.85 4.88 10.64 10.82 10.92 10.56 5.08 5.12 9.96 9.91 9.71 10.67 10.56 10.58 11.06 10.70
5.91 6.04 6.18 6.14 6.30 6.31 6.30 6.31 6.37 6.40 6.41 6.42 6.39 11.51 6.31 11.38 10.83 10.35 11.81 6.13 6.10 6.07 6.03 5.98 5.99 6.06 10.98 11.44 5.88 5.84 5.78 11.54 10.32 8.50 5.46 5.40 5.36 5.35 5.37 7.73 5.19 5.05 4.90 4.75 4.64 4.58 4.52 4.45 4.39 4.34 4.33 4.30 4.28 4.24 9.63 7.86 9.01 10.13 10.58 10.81 4.52 4.53 10.89 9.90 4.70 9.70 10.25 11.04 10.70 10.72 10.34 10.71 9.83 10.11 10.01 4.95 5.00 5.05 10.29 10.95 10.95 9.97
5.71 5.80 5.99 6.10 6.18 6.05 6.17 6.22 6.28 6.30 6.29 6.30 6.27 11.15 11.42 11.37 10.51 9.84 11.73 6.04 5.96 9.75 5.89 5.95 6.04 9.19 11.47 11.38 10.93 8.65 5.89 10.28 5.71 5.61 5.53 5.47 5.41 5.33 6.76 5.09 4.97 4.93 4.86 4.76 4.66 4.60 4.54 4.47 4.41 4.36 4.30 4.24 4.21 4.17 4.17 4.23 4.27 4.29 4.34 4.40 10.70 10.72 10.77 10.87 10.95 9.95 4.66 10.10 10.60 10.20 10.20 10.65 10.75 10.57 10.28 9.54 4.93 4.96 9.65 5.02 10.32 9.93
5.67 5.70 5.74 5.94 5.80 5.96 6.02 6.11 6.11 6.13 6.16 6.18 6.17 10.77 6.11 6.11 10.46 10.51 11.70 5.95 5.93 5.94 5.97 6.06 6.08 11.28 11.42 10.91 5.90 5.91 5.88 5.84 5.76 5.67 5.61 5.54 5.45 5.35 5.22 5.06 4.92 4.85 4.79 4.73 4.67 4.62 4.56 4.49 4.44 4.37 4.31 4.27 4.24 4.20 4.18 4.20 4.22 4.24 4.28 4.31 4.31 10.56 10.54 10.74 10.74 4.53 4.57 4.57 4.61 4.67 4.70 4.79 4.85 10.22 10.58 9.59 4.87 4.81 4.91 10.32 4.98 10.01
5.74 5.75 5.87 5.85 5.88 5.76 5.93 6.00 5.96 6.03 6.06 6.07 6.08 10.91 6.02 6.04 10.52 11.02 11.47 5.92 5.96 6.05 6.13 6.12 6.00 11.56 11.24 5.89 5.91 5.89 5.87 9.33 5.72 5.64 8.81 8.34 8.35 7.62 7.91 8.48 4.96 4.87 4.81 4.77 4.72 4.64 4.55 4.48 4.41 4.34 4.31 4.30 4.26 4.22 4.21 4.22 4.22 4.21 4.22 4.23 4.25 4.28 4.35 4.38 9.61 4.50 4.51 4.52 4.57 4.63 4.67 4.73 4.75 10.52 10.48 10.27 9.50 4.75 4.81 9.38 5.06 5.07
5.51 5.38 5.75 5.77 5.63 5.72 5.94 5.88 5.90 5.95 5.93 5.96 6.01 6.00 5.99 5.97 5.96 5.90 5.90 5.89 5.96 6.01 6.01 5.93 11.06 11.03 5.84 5.85 10.91 10.50 5.78 5.73 5.65 8.66 8.40 8.27 8.14 8.99 8.41 6.57 4.81 4.88 4.86 4.77 4.68 4.61 4.55 4.49 4.41 4.36 4.35 4.31 4.25 4.22 4.22 4.21 4.18 4.17 4.19 4.20 4.21 4.23 4.28 4.33 4.38 4.42 4.43 4.46 4.52 4.57 9.74 10.06 10.10 4.72 10.33 10.24 9.94 4.71 4.74 4.89 10.06 10.26
5.05 5.20 5.54 5.26 5.46 5.72 5.78 5.73 5.87 5.83 5.73 5.90 5.94 11.08 5.88 5.87 5.84 5.85 5.85 5.85 5.87 9.81 5.74 10.85 5.68 5.75 5.79 5.76 11.37 10.30 8.94 5.70 5.67 5.61 9.89 9.89 8.67 5.19 5.03 4.99 5.06 5.04 4.94 4.84 4.74 4.66 4.62 4.55 4.51 4.50 4.45 4.33 4.25 4.26 4.26 4.23 4.18 4.15 4.15 4.15 4.16 4.18 4.23 4.29 4.33 4.33 4.35 4.40 4.46 9.52 10.22 10.66 10.14 10.17 9.54 4.87 4.93 10.01 4.70 4.75 9.61 9.96
5.05 5.08 5.00 5.09 5.40 5.65 5.59 5.64 5.57 5.68 5.62 5.76 5.78 5.74 5.71 5.74 5.71 5.71 5.72 5.69 5.67 5.59 5.46 9.01 5.61 5.66 10.28 11.24 11.30 5.68 5.70 8.83 9.60 10.11 10.35 10.23 5.36 5.39 5.54 5.67 5.53 5.25 5.01 4.89 4.84 4.77 4.69 4.63 4.59 4.52 4.40 4.32 4.31 4.33 4.28 5.86 6.28 5.99 4.11 4.12 4.13 4.15 4.20 4.24 8.44 9.98 8.69 4.35 4.39 4.40 9.99 9.58 9.56 9.29 4.56 4.60 9.27 10.16 9.82 9.26 9.82 9.95
4.94 4.95 5.03 5.11 5.26 5.27 5.51 5.59 5.71 5.50 5.46 5.59 5.57 5.60 5.42 5.63 5.67 5.59 10.83 5.59 10.33 5.43 5.32 5.47 5.57 5.58 10.00 10.87 10.40 5.70 5.73 5.66 10.03 10.17 10.23 9.81 7.71 7.50 8.07 10.01 5.29 5.14 4.98 9.76 8.99 4.68 9.24 6.61 4.56 4.53 4.49 4.43 4.37 4.29 8.19 8.65 9.61 8.72 6.41 4.10 4.10 4.11 4.12 4.14 4.16 4.20 4.26 4.32 4.34 4.35 4.37 4.42 4.50 4.60 9.38 4.78 4.79 4.85 9.92 9.80 5.04 5.04
5.07 5.08 5.04 5.11 5.09 5.20 5.25 5.25 5.39 5.23 5.33 5.41 5.38 5.34 5.31 5.48 5.55 5.54 5.59 5.39 5.31 5.33 5.40 5.50 5.55 5.52 10.11 10.63 9.88 5.66 9.88 10.22 10.03 9.91 9.24 10.17 9.44 9.40 9.88 9.96 9.64 4.80 4.85 4.83 7.41 7.73 7.06 4.55 5.88 5.79 4.59 4.53 4.40 4.24 5.07 6.22 6.54 6.15 4.09 4.09 4.09 4.08 4.10 4.13 4.16 4.19 4.24 4.30 4.30 4.32 4.35 4.38 4.47 4.53 9.26 4.74 9.90 9.91 9.83 9.58 9.77 9.81
4.59 4.86 4.75 4.85 4.94 5.04 5.32 5.04 5.02 5.11 5.22 5.27 5.44 5.49 5.24 5.51 5.46 5.50 5.27 10.11 5.30 5.36 5.40 5.47 10.15 5.46 10.03 10.62 9.74 9.95 10.73 10.46 9.98 10.02 10.09 10.74 10.33 9.49 9.30 9.27 9.42 10.58 9.53 7.28 6.29 4.77 4.71 4.66 5.87 6.74 9.40 6.31 4.37 4.27 4.19 4.84 5.27 4.09 4.10 4.10 5.97 6.20 4.12 4.15 4.17 4.17 4.23 4.28 9.72 8.66 9.28 9.24 4.44 9.20 9.07 4.66 4.75 9.81 9.74 9.53 9.66 9.71
4.37 4.43 4.53 4.66 4.74 4.78 4.88 4.91 4.90 5.05 5.14 5.25 5.45 5.26 5.27 5.39 5.36 5.39 5.11 10.17 5.33 5.28 5.35 5.44 9.92 5.41 5.47 10.74 9.84 10.05 10.71 9.88 9.97 10.17 10.10 10.81 10.10 5.06 5.02 7.08 7.96 9.67 8.79 7.00 4.88 5.94 4.83 4.78 5.59 5.37 4.60 4.54 4.46 4.33 4.19 4.78 4.09 4.10 4.11 4.10 5.54 5.96 6.11 7.09 9.09 9.09 9.33 8.66 10.12 9.43 9.48 9.26 9.12 4.44 4.50 4.57 4.63 4.72 4.83 4.83 9.69 9.69
4.24 4.34 4.56 4.70 4.77 4.85 4.91 4.83 4.80 4.91 5.03 5.30 5.36 5.12 5.34 5.25 5.04 5.31 5.04 5.04 5.03 5.08 5.23 10.20 5.37 5.35 9.95 10.74 9.89 9.89 10.20 10.14 10.29 10.19 10.39 10.55 8.74 5.13 5.11 9.10 5.06 9.39 8.86 4.95 7.32 7.11 6.80 6.04 4.82 5.31 4.82 4.76 4.68 4.59 4.43 3.82 4.17 4.16 4.15 4.13 5.80 6.85 8.87 8.30 8.49 8.53 8.71 9.88 9.12 9.39 9.89 9.99 9.94 9.28 4.48 4.51 8.96 8.83 4.67 4.81 4.90 5.08
4.16 4.29 4.52 4.58 4.79 4.88 4.89 4.82 4.77 4.85 4.98 5.17 5.09 5.06 5.22 5.19 4.94 5.22 4.93 4.94 4.93 4.95 5.09 9.52 9.28 5.28 10.08 10.31 9.26 9.56 9.39 10.73 10.69 10.24 10.27 9.38 5.19 5.20 5.18 10.47 9.31 9.42 7.97 7.60 7.62 7.52 4.89 4.87 7.26 8.47 8.78 7.74 5.44 4.15 2.60 4.44 3.81 4.23 4.20 4.79 6.87 8.40 7.41 6.70 4.09 7.29 8.99 9.16 8.23 8.58 8.88 9.18 9.75 9.73 9.00 4.52 4.54 4.64 4.78 9.64 9.58 5.03
