examples/cougarCreek-fire/createInputs/farsite/7a-cougarCreek-polygonIgnit/cougarCreekFire_08-12-2015_0600_217m_non_neutral_stability_ang.asc
ncols	146
nrows	140
xllcorner	610065.000000
yllcorner	5095217.000000
cellsize	216.586807
NODATA_value	-9999.000000
[rows 0 to 47 of 140, columns 0 to 95 of 146]
60 30 49 72 92 56 43 43 49 56 64 73 81 84 84 73 77 60 35 29 30 39 55 73 85 87 85 83 82 85 85 89 54 47 43 42 45 51 53 53 57 59 61 61 60 60 58 52 44 3 25 324 13 1 10 9 1 349 6 5 5 350 360 358 358 342 353 351 352 353 356 356 352 345 343 345 348 346 347 348 348 347 348 349 349 348 345 337 335 340 340 331 330 315 318 314
60 30 49 72 92 56 43 43 49 56 64 73 81 84 84 73 77 60 35 29 30 39 55 73 85 87 85 83 82 85 85 89 54 47 43 42 45 51 53 53 57 59 61 61 60 60 58 52 44 3 25 324 13 1 10 9 1 349 6 5 5 350 360 358 358 342 353 351 352 353 356 356 352 345 343 345 348 346 347 348 348 347 348 349 349 348 345 337 335 340 340 331 330 315 318 314
99 63 65 101 126 98 67 43 82 102 113 127 73 111 123 118 116 70 57 32 35 46 60 71 76 76 132 129 89 89 89 125 68 64 43 41 91 46 41 333 20 310 179 180 285 28 292 273 302 299 307 316 339 359 9 10 2 351 6 0 344 343 346 339 339 332 350 349 338 354 358 357 335 344 341 330 328 349 348 348 347 347 347 348 349 349 347 341 338 342 343 332 327 310 306 307
96 79 72 107 118 105 101 87 85 71 105 116 84 95 140 129 125 104 93 64 45 56 71 66 66 80 144 128 82 81 154 138 108 107 98 83 83 82 73 110 58 41 56 44 37 324 281 311 292 297 312 329 336 352 7 11 3 5 1 353 349 347 350 344 344 347 349 341 341 357 344 341 347 342 342 334 337 353 349 348 346 346 347 348 350 351 351 349 347 350 350 343 335 331 331 314
35 94 71 98 113 103 79 89 52 54 93 102 63 64 95 144 132 103 103 96 64 58 62 99 65 68 84 135 135 142 143 144 117 110 116 97 88 95 63 39 8 35 24 4 11 340 315 329 323 323 320 326 332 352 355 357 349 6 357 359 354 343 347 344 347 351 342 351 356 345 343 350 346 344 335 342 358 354 348 345 343 344 347 349 351 353 353 353 354 355 354 350 345 342 341 340
93 86 68 92 107 113 109 105 99 90 85 92 78 60 80 92 139 98 94 73 71 60 62 95 108 67 78 135 135 143 157 173 124 124 126 102 99 99 95 26 345 38 354 347 3 344 335 334 326 328 329 328 333 351 345 345 357 0 358 354 348 345 346 342 353 343 340 346 342 347 350 343 340 347 351 358 344 351 343 340 339 342 346 349 352 354 354 355 357 356 354 353 351 351 351 347
120 92 71 72 96 104 103 73 96 100 91 87 96 59 55 80 148 114 72 68 71 70 68 71 108 63 143 125 133 151 167 155 135 140 130 103 106 111 76 61 53 277 306 323 341 347 327 324 10 356 352 346 327 328 342 352 354 355 350 348 346 348 345 348 350 342 341 342 343 350 340 339 350 350 353 339 354 346 339 336 336 339 344 348 352 355 356 357 358 356 355 354 355 356 357 354
112 108 101 94 94 107 108 95 88 58 91 87 93 75 69 62 138 133 112 66 71 70 68 69 103 66 73 141 132 78 179 147 137 183 140 108 125 128 118 90 96 259 275 311 317 321 332 1 353 348 317 316 323 334 340 343 349 351 346 346 347 344 340 351 339 340 343 342 344 340 350 352 338 335 350 342 349 341 335 333 334 338 343 347 351 354 356 358 358 357 356 356 356 357 357 356
114 104 99 94 90 99 107 106 101 97 99 61 60 102 56 52 79 139 116 64 71 72 60 63 104 71 78 146 135 156 176 152 176 191 144 122 146 145 126 120 142 326 273 264 4 308 318 337 315 315 310 314 326 332 342 343 345 346 346 346 344 345 344 341 340 342 341 340 341 339 351 335 345 348 337 337 347 337 333 333 335 339 343 347 350 354 356 358 358 357 358 358 358 357 356 355
116 107 98 93 84 88 90 98 100 98 99 98 92 97 116 70 77 78 130 69 70 77 68 63 71 116 78 148 147 150 179 165 173 174 146 131 148 141 118 122 176 245 248 334 299 352 316 317 328 320 317 324 321 322 322 336 340 342 342 341 345 349 339 339 340 340 339 339 339 340 341 351 348 339 337 353 343 335 334 336 339 341 344 347 350 353 356 357 357 358 358 359 359 358 356 355
52 119 117 101 94 84 79 86 90 91 95 96 95 92 65 65 65 74 138 108 77 104 76 67 70 110 76 141 141 148 192 165 169 181 147 137 144 134 126 149 193 233 6 281 296 346 300 316 318 332 348 322 299 311 328 333 337 341 339 346 346 338 337 339 340 342 341 341 342 342 343 345 341 343 344 350 340 335 337 341 343 344 346 348 350 353 355 356 356 357 357 358 359 359 359 356
44 108 113 114 108 95 80 79 86 91 92 94 99 95 98 104 58 72 125 119 79 109 83 73 74 95 78 146 143 157 190 172 187 178 152 141 137 134 144 147 174 38 242 353 343 336 288 295 315 329 315 303 299 311 322 329 337 341 341 348 341 337 339 339 339 341 352 353 353 354 344 344 349 342 351 346 338 337 340 344 346 347 348 350 351 353 355 355 355 355 355 356 358 1 2 359
85 77 80 86 101 95 85 72 72 84 86 88 92 102 65 69 66 134 112 119 108 113 119 87 81 81 81 129 136 85 187 175 177 55 154 144 146 145 135 61 156 51 0 263 332 281 272 297 307 316 306 290 300 310 312 323 335 338 339 343 343 349 339 340 351 352 353 352 352 352 351 348 343 342 348 342 338 339 344 347 338 349 350 352 353 354 354 354 354 354 354 354 356 1 3 0
25 32 52 74 85 88 88 55 40 42 73 84 87 94 62 68 69 133 127 118 111 110 121 114 88 85 126 137 134 92 188 189 165 165 149 139 153 156 57 71 146 59 342 329 277 259 266 287 300 300 302 294 299 302 311 323 330 338 338 337 343 349 351 338 336 336 333 332 330 332 344 345 346 348 346 341 339 341 346 348 350 351 352 353 355 355 354 353 353 353 354 354 356 0 2 1
26 50 58 69 74 81 92 91 75 44 48 72 78 79 89 54 58 62 130 124 126 119 127 132 93 89 124 128 141 96 202 186 159 159 149 140 156 156 77 89 86 54 324 270 253 258 267 293 298 294 296 298 295 298 306 317 327 334 336 335 334 333 331 334 332 331 332 333 332 341 337 334 345 340 343 341 340 343 346 348 349 351 353 354 357 356 354 353 352 352 351 352 357 360 0 2
62 69 76 78 78 85 96 99 97 77 55 74 84 76 70 76 48 44 106 104 112 114 121 138 124 113 122 134 142 98 192 168 164 105 152 155 150 78 90 97 217 51 314 263 252 263 281 289 290 275 289 294 299 307 309 319 330 332 333 333 330 325 325 326 329 332 332 335 339 331 332 344 342 341 339 339 340 343 333 346 347 350 352 355 357 357 354 353 353 351 348 349 355 359 0 8
64 68 74 85 83 78 86 92 98 96 80 78 92 95 73 46 44 71 78 86 93 100 110 87 133 118 126 125 97 171 180 161 166 169 161 164 95 90 93 165 100 76 293 286 262 272 280 281 276 269 274 294 304 303 304 326 330 337 329 329 331 328 328 328 331 333 332 337 333 339 343 345 339 336 335 336 338 341 344 345 347 349 352 355 358 357 354 354 354 352 347 344 346 353 346 8
75 72 72 83 87 79 76 86 96 101 88 75 77 78 75 52 48 43 68 50 79 83 88 74 132 119 128 125 99 168 171 168 170 165 173 165 115 103 99 176 100 181 278 260 265 271 277 272 271 270 285 300 301 293 309 317 319 336 328 323 326 326 328 326 325 331 334 337 342 345 338 331 328 325 323 324 335 338 342 346 341 350 353 357 358 356 354 354 356 354 348 343 344 353 335 345
96 89 85 87 98 97 87 91 101 108 98 82 72 76 88 89 81 79 81 75 81 89 80 92 110 119 123 122 140 166 171 174 173 151 179 164 138 119 151 177 200 229 275 285 267 264 267 270 266 278 289 295 285 280 298 300 306 317 322 326 324 321 321 323 326 329 332 343 341 336 332 333 330 329 325 325 330 337 339 344 348 351 355 358 358 355 354 356 357 355 348 345 348 358 5 338
108 101 91 88 95 97 88 85 94 101 94 86 79 77 93 97 101 91 91 84 81 90 75 86 91 107 91 118 151 164 172 177 188 201 180 171 152 139 154 178 201 231 271 279 266 263 265 267 277 286 289 279 303 278 295 299 304 314 324 325 322 320 316 319 319 324 325 325 329 331 333 332 329 336 334 329 329 326 326 334 346 351 355 357 357 356 356 357 358 354 348 347 353 360 7 335
37 103 93 86 92 92 88 84 90 98 88 86 103 78 72 80 82 90 94 91 81 98 74 62 80 102 86 114 144 157 168 179 191 199 187 167 157 150 141 188 157 207 260 272 265 267 268 272 279 280 284 274 278 289 305 292 306 319 321 325 324 322 321 319 319 322 327 329 334 330 335 330 329 328 335 328 330 331 331 330 339 350 353 354 356 358 358 359 358 353 348 349 357 1 328 328
77 74 79 82 83 82 78 78 83 94 91 89 106 109 67 60 62 71 72 79 80 93 86 83 87 99 105 120 137 155 167 173 194 203 187 167 166 152 169 154 175 223 256 266 263 260 263 272 273 270 272 268 271 272 300 288 320 319 321 328 324 325 325 322 328 322 324 325 333 331 325 326 329 333 331 332 329 328 334 337 347 349 351 354 356 358 359 359 357 353 351 354 0 6 7 343
54 57 61 62 69 72 68 75 78 89 90 82 83 126 94 69 60 63 66 83 86 86 81 75 77 93 105 114 129 153 164 171 203 198 188 174 165 155 173 159 192 238 257 266 263 266 271 271 261 260 262 294 295 264 299 308 317 310 325 329 327 328 325 331 328 321 321 323 323 328 328 327 328 337 326 326 329 330 331 332 334 348 350 354 356 357 357 357 355 352 355 4 9 13 18 359
61 54 54 39 56 62 71 78 82 90 92 82 82 108 98 94 84 80 78 83 91 89 89 63 55 83 89 113 121 143 158 169 190 195 178 182 169 158 174 164 207 243 256 260 261 264 266 263 259 260 282 290 297 298 305 312 319 327 333 326 328 327 327 319 320 319 318 320 324 330 325 334 326 326 327 326 328 334 339 336 336 334 351 353 354 354 355 355 353 354 2 13 18 20 28 11
17 44 33 41 57 61 67 73 78 81 94 88 80 85 97 89 83 78 75 72 78 86 93 87 61 82 101 114 125 130 140 161 185 197 185 186 171 165 182 176 216 249 256 263 263 261 264 266 264 263 280 287 293 297 303 295 304 314 319 334 338 325 336 334 331 325 322 322 326 328 330 331 329 330 327 326 328 330 347 349 344 341 355 353 351 352 353 351 350 356 10 19 19 24 35 18
6 44 55 62 71 74 67 72 74 73 86 82 76 75 92 89 85 79 77 73 72 83 90 86 73 79 99 115 122 118 139 165 192 203 194 187 169 178 201 192 225 250 257 260 262 267 271 269 263 259 280 285 287 290 296 292 305 314 333 332 334 328 335 327 328 327 327 329 329 339 335 333 331 330 334 329 335 332 334 348 351 356 357 355 352 352 352 347 344 355 11 20 23 6 17 19
342 17 21 57 63 68 63 60 66 66 75 77 75 75 73 82 83 80 81 78 77 84 84 76 65 72 95 114 118 121 137 164 192 202 189 177 179 191 211 236 243 245 253 256 258 258 258 257 256 273 276 283 287 286 288 300 318 329 330 330 323 325 328 329 331 332 340 343 343 340 333 336 335 334 329 338 340 345 333 333 351 355 358 357 355 355 355 347 341 350 7 26 37 11 14 17
23 50 53 56 54 60 67 65 59 60 73 82 80 75 63 72 73 76 82 79 79 86 82 68 52 61 81 102 114 124 141 160 179 188 182 181 190 206 224 236 242 244 250 255 258 258 260 263 263 273 274 283 290 287 290 302 315 323 327 331 335 329 336 337 340 346 344 344 335 330 327 326 326 327 331 329 330 328 337 332 335 339 357 357 356 358 359 353 345 346 3 307 344 359 10 6
82 77 73 64 58 60 66 80 81 70 72 87 68 82 63 68 73 75 82 79 78 84 87 73 47 45 65 82 104 122 144 161 163 178 186 195 208 222 229 238 244 247 253 259 263 267 271 271 261 273 274 282 289 293 297 307 313 317 324 332 336 338 329 337 338 339 340 340 333 331 329 326 323 321 319 318 319 321 326 330 335 339 358 358 359 2 4 358 353 355 2 19 319 350 358 358
95 91 82 73 66 61 64 71 90 84 82 81 87 95 86 72 79 82 87 83 83 89 95 92 71 58 59 69 94 109 137 151 160 176 187 195 215 227 231 240 245 252 260 263 262 263 266 256 270 270 271 279 288 295 303 309 306 310 320 328 333 336 337 338 337 335 326 326 327 329 329 324 327 326 324 323 324 325 327 332 338 345 342 4 6 11 7 2 2 7 8 14 20 338 350 359
61 98 99 96 85 74 63 63 70 73 68 77 81 43 86 75 80 84 87 89 91 97 100 106 97 80 68 67 88 98 125 146 166 180 193 208 225 223 238 245 250 258 264 264 260 260 257 269 269 270 270 273 284 298 302 295 295 304 315 314 321 328 338 332 330 328 326 325 332 332 333 339 339 331 331 331 333 333 334 334 337 341 348 15 18 16 9 6 7 13 15 18 26 331 338 358
26 60 94 82 82 77 75 73 71 75 70 64 69 72 83 71 66 74 71 76 87 100 106 110 102 89 81 72 81 91 112 125 176 192 205 228 226 222 241 250 256 261 265 268 268 265 264 272 273 275 272 269 274 291 298 296 302 309 316 312 318 325 336 330 330 331 331 331 331 330 330 331 332 331 330 330 332 334 335 339 353 344 10 16 18 15 11 10 14 21 22 22 29 351 337 352
25 41 26 108 92 100 96 84 77 75 78 77 87 84 83 81 63 59 58 58 66 76 87 100 105 103 83 79 81 86 95 114 173 207 218 229 225 230 241 245 255 263 266 267 271 273 275 271 275 278 280 279 277 285 297 304 313 320 308 311 315 319 324 328 330 337 338 340 341 340 336 332 332 325 323 328 329 340 349 353 357 3 6 7 12 17 17 19 26 32 28 22 26 27 349 348
24 27 11 3 120 114 109 99 87 80 88 89 82 75 91 88 70 58 47 43 50 59 59 65 79 95 105 88 85 87 92 102 165 221 235 239 240 245 251 256 260 262 264 267 274 276 279 269 276 282 285 287 289 291 294 302 319 327 322 319 323 318 320 323 324 322 323 324 322 314 314 326 330 333 337 329 332 334 341 352 359 346 3 357 5 20 25 29 36 38 29 20 22 28 351 347
346 360 58 10 21 105 104 104 99 95 89 79 85 84 62 92 80 74 68 61 56 54 56 62 61 74 82 84 87 91 94 92 115 244 249 250 251 255 263 269 268 268 270 271 273 277 279 269 277 285 288 285 285 288 286 284 292 311 318 318 320 323 315 314 317 317 314 318 329 323 320 322 329 324 334 339 338 331 327 331 343 336 5 315 5 23 31 37 42 41 32 22 24 32 342 342
55 58 63 78 35 43 100 89 84 83 74 58 56 63 80 51 56 57 60 105 81 64 56 58 57 59 62 71 82 89 92 81 56 283 266 259 257 256 256 258 262 266 269 267 266 269 275 280 289 279 285 287 283 277 274 270 264 271 294 302 305 307 321 324 333 334 334 332 332 331 328 327 321 337 333 335 332 329 327 324 323 2 343 334 9 18 37 45 47 45 40 33 33 39 348 343
72 69 74 81 38 27 17 91 75 71 67 61 60 61 64 72 76 80 79 67 53 51 56 60 63 59 60 69 77 80 78 72 48 319 284 271 266 296 283 274 270 268 266 265 270 267 267 272 281 274 276 282 285 278 272 269 263 261 271 287 300 310 319 318 327 336 338 337 337 328 335 333 332 331 340 353 355 354 332 0 3 328 337 339 14 11 37 50 52 50 48 45 42 43 341 340
72 75 79 80 76 67 78 65 63 56 54 66 70 61 47 44 45 39 31 28 32 43 56 59 63 61 68 80 79 73 65 59 31 342 305 294 287 281 279 276 283 270 272 267 264 273 275 270 272 277 283 272 274 288 274 268 263 262 265 273 276 287 298 310 320 327 330 331 332 333 334 338 323 333 331 344 353 356 360 2 6 326 324 297 330 22 48 53 53 54 54 51 44 39 317 329
355 354 83 73 64 53 33 3 50 50 60 65 61 55 49 49 47 43 41 49 54 52 60 66 59 55 72 84 81 72 66 64 353 321 308 306 300 276 274 292 287 280 281 281 282 279 277 276 264 271 277 280 280 282 280 276 272 272 266 269 271 275 280 284 277 297 283 285 289 296 302 319 334 333 333 340 353 3 8 11 15 19 20 16 10 12 66 66 58 56 54 50 44 36 32 333
352 67 61 60 57 49 50 42 57 64 71 72 68 71 68 67 61 52 46 48 49 53 74 78 63 61 82 85 74 74 71 63 23 303 293 300 299 294 292 272 275 290 278 279 282 280 278 273 270 268 267 269 268 270 275 278 274 275 281 273 268 268 271 271 270 270 274 277 281 285 293 286 294 302 313 330 346 5 18 24 28 25 19 17 18 318 46 66 66 61 54 47 40 34 33 331
345 33 39 42 38 49 45 49 63 64 75 85 90 90 76 73 61 45 40 50 59 71 89 78 58 64 85 85 78 76 73 58 19 329 291 285 285 285 291 296 287 282 283 268 263 263 267 268 268 277 274 271 265 259 260 258 257 256 258 255 262 270 266 265 267 276 278 276 284 289 295 301 301 280 281 297 318 349 20 31 33 28 22 30 43 313 26 49 56 58 54 46 39 35 36 42
323 345 27 39 50 55 43 57 64 72 81 85 86 79 62 63 48 38 51 74 88 96 92 64 52 70 87 89 86 82 71 48 14 329 293 288 289 283 277 280 287 279 275 275 277 279 268 266 282 281 277 278 264 277 270 267 263 265 249 240 256 252 260 267 277 281 279 273 274 278 276 290 296 300 299 312 298 305 347 35 39 34 28 37 56 42 288 37 47 50 50 46 42 42 43 44
353 24 38 57 69 57 54 66 65 71 81 86 79 64 52 45 42 57 82 95 102 97 76 44 57 87 95 91 90 87 71 51 30 1 332 311 296 288 281 275 276 279 275 271 269 268 273 277 281 267 278 277 280 276 271 246 242 268 272 269 241 270 264 235 233 229 226 228 230 229 224 226 227 228 237 252 298 326 292 15 53 45 41 41 45 48 44 300 33 49 49 46 46 47 48 46
348 16 70 357 47 42 64 63 66 80 84 68 49 43 33 31 49 62 80 96 98 82 54 42 70 96 92 84 86 89 73 55 41 25 11 345 310 296 289 279 271 272 271 265 258 260 264 266 268 273 272 271 278 276 272 272 268 267 255 243 238 230 225 232 241 250 252 251 267 248 266 262 260 262 267 241 245 250 306 307 84 68 58 45 39 46 49 50 38 49 51 49 49 48 49 48
344 343 334 56 40 37 59 56 64 67 48 30 26 39 38 43 42 42 70 85 82 67 52 55 78 91 79 73 85 91 72 54 42 31 25 17 341 314 304 294 282 269 258 258 261 266 271 274 276 272 266 265 268 267 260 250 238 236 237 241 243 241 246 263 272 283 296 302 303 303 305 304 302 301 302 303 293 298 247 2 327 91 68 50 42 49 53 49 41 40 55 56 15 54 20 20
57 62 37 29 30 39 38 48 52 31 85 21 40 57 56 49 29 57 86 90 86 74 67 54 71 77 66 71 92 90 70 55 48 39 30 17 2 354 339 312 291 304 290 286 291 281 277 273 277 280 268 252 248 245 241 237 244 246 255 261 260 273 279 283 286 292 290 294 309 298 289 301 299 295 292 288 323 278 256 249 39 149 83 62 58 59 62 59 55 46 55 63 58 59 18 69
328 330 329 16 27 35 26 30 27 43 23 39 55 57 52 46 50 87 98 99 95 74 53 31 41 54 58 76 92 81 65 55 51 45 36 25 4 349 338 340 338 327 322 318 317 298 292 274 264 249 249 251 257 258 255 254 256 270 283 293 294 292 291 290 291 285 301 298 285 296 303 311 312 291 289 299 329 285 263 244 275 75 99 77 69 69 70 70 72 73 327 71 62 60 66 69
320 331 340 29 31 30 16 21 29 25 40 51 62 62 66 83 127 169 102 96 84 55 26 15 28 41 62 82 87 77 64 59 59 48 45 34 0 349 343 334 345 334 337 339 319 316 298 277 271 261 258 266 278 278 273 277 286 289 291 294 292 291 288 286 286 286 283 281 277 270 264 279 276 277 283 287 292 315 317 251 255 37 100 85 66 68 68 67 70 85 92 81 77 24 67 69
