examples/cougarCreek-fire/createInputs/farsite/7a-cougarCreek-polygonIgnit/cougarCreekFire_08-11-2015_0900_217m_non_neutral_stability_vel.asc
ncols	146
nrows	140
xllcorner	610065.000000
yllcorner	5095217.000000
cellsize	216.586807
NODATA_value	-9999.000000
[rows 70 to 104 of 140, columns 0 to 79 of 146]
4.58 3.72 1.48 5.74 9.05 9.78 9.04 8.73 8.86 10.66 8.36 7.48 7.61 7.10 5.38 2.09 10.77 13.84 16.62 16.37 16.08 15.89 12.98 12.69 10.20 2.10 2.29 9.58 16.86 18.31 18.37 16.67 16.57 18.02 20.57 18.83 19.58 22.40 22.81 13.71 10.40 11.82 13.46 13.25 10.39 8.80 21.86 19.24 19.03 13.97 13.37 21.70 21.96 17.22 16.54 12.57 16.27 11.07 7.76 5.88 6.75 5.41 3.98 4.28 5.38 6.48 7.05 13.71 6.46 5.44 4.16 3.38 10.83 10.93 10.90 10.61 10.74 6.67 1.89 5.77
1.11 0.61 2.32 9.01 8.56 9.44 8.76 10.54 10.87 10.29 10.28 10.65 10.95 9.96 6.51 1.72 12.29 14.98 16.62 16.53 15.52 15.46 11.05 9.14 3.48 3.21 7.29 12.09 16.08 16.21 17.79 17.89 16.09 18.55 18.52 18.70 18.57 20.05 21.01 8.40 13.64 22.20 11.15 25.44 11.02 9.09 8.92 20.37 21.73 20.88 14.90 13.67 19.59 18.69 20.33 15.93 13.70 17.00 8.76 5.96 6.08 7.55 6.68 5.62 5.15 5.69 6.25 6.17 13.61 5.98 4.74 3.03 10.91 11.20 11.62 11.18 10.11 9.79 8.37 8.75
1.68 1.89 2.78 8.97 7.74 8.76 8.58 11.15 11.09 10.18 10.70 11.01 7.24 9.76 8.36 2.94 13.39 14.66 16.97 17.06 18.17 13.10 10.81 10.88 3.87 0.74 8.57 14.46 15.72 15.70 17.75 17.44 15.93 20.81 17.25 18.34 18.89 21.75 18.95 6.91 13.05 23.22 9.37 12.31 12.52 9.80 21.62 9.66 14.01 12.28 12.88 13.22 20.04 12.77 15.36 19.85 12.02 8.02 17.48 7.50 4.55 6.08 7.11 6.64 6.34 6.55 6.57 6.12 5.95 5.84 12.40 11.12 11.43 10.61 11.22 2.50 9.64 9.04 9.38 9.26
2.84 2.62 7.61 8.29 6.95 7.99 8.30 11.46 10.74 10.21 10.18 10.79 6.23 9.61 9.32 4.76 14.47 15.03 17.26 17.81 17.47 13.98 9.61 9.66 4.05 0.88 14.82 15.86 9.47 16.07 17.92 16.22 15.50 18.89 9.20 16.95 17.72 18.50 18.64 6.12 12.86 23.65 8.54 10.73 20.19 10.80 8.79 23.32 22.23 23.08 12.75 14.42 20.27 7.59 15.67 11.59 12.12 7.08 7.73 7.94 6.18 4.03 5.34 5.67 5.87 6.30 6.45 6.38 6.47 6.38 11.99 11.64 11.55 11.16 11.98 13.24 10.77 10.57 10.94 9.82
6.42 6.59 7.23 8.18 6.17 7.08 10.68 11.23 10.78 10.73 10.82 11.05 10.83 8.39 8.20 5.24 15.02 16.25 14.33 19.10 15.78 8.31 12.67 11.70 2.61 1.01 13.50 9.81 8.91 15.55 17.27 15.96 19.68 9.49 8.87 17.02 19.23 19.57 19.28 6.41 7.06 20.53 21.83 8.68 11.38 11.64 8.83 19.69 24.25 18.56 22.32 21.48 20.18 14.00 7.47 17.45 11.87 6.35 6.91 11.27 7.05 4.68 3.81 4.86 5.03 5.19 5.35 13.32 14.24 14.50 11.83 13.62 13.74 13.50 13.34 13.35 11.34 11.16 11.37 4.14
6.56 6.93 11.12 7.54 8.12 8.98 10.42 11.18 11.50 12.54 12.63 7.44 10.56 6.59 6.02 4.09 16.02 10.97 11.29 18.90 15.95 9.42 12.97 7.61 2.22 14.10 14.60 15.95 17.24 17.80 16.76 17.50 16.21 8.10 16.85 17.32 16.77 21.83 18.71 11.07 6.77 22.29 20.56 7.21 9.05 24.14 9.91 8.27 24.23 15.02 23.50 21.85 19.67 13.70 7.19 13.15 19.90 18.75 14.16 22.64 7.21 6.06 4.04 4.58 5.14 5.13 5.02 4.79 12.88 15.12 12.63 12.52 12.71 12.89 12.75 13.18 12.40 11.90 11.82 12.01
7.63 9.01 7.64 7.36 7.82 8.78 10.52 11.18 12.17 9.14 9.77 9.23 6.32 11.55 5.24 3.78 18.51 14.13 15.67 16.67 17.15 10.47 11.20 0.67 12.48 14.26 15.00 16.73 16.50 17.89 16.91 18.39 11.05 10.10 16.02 8.53 19.27 18.91 18.66 10.82 11.37 21.43 23.40 11.44 7.30 9.87 20.47 12.29 22.57 21.14 22.65 22.08 22.21 13.02 13.12 12.54 17.89 19.75 13.77 14.84 9.59 6.67 5.26 4.17 4.44 4.68 4.56 12.24 4.51 13.81 12.68 11.42 11.50 12.11 12.79 11.94 12.64 11.59 12.53 13.50
8.30 9.11 8.02 7.85 8.38 9.92 10.85 11.09 13.99 8.08 9.35 10.05 8.07 11.54 6.26 4.98 17.53 14.22 15.76 17.19 16.66 13.16 11.04 12.76 14.60 13.40 14.11 16.99 18.63 18.33 16.72 18.77 10.63 17.60 17.52 9.18 19.13 20.36 17.84 10.30 18.82 21.98 22.17 12.04 6.83 8.57 23.71 9.80 19.88 21.13 20.20 21.53 20.55 13.72 13.17 12.43 17.68 12.01 4.73 4.87 21.14 7.16 6.46 4.32 3.27 10.41 10.40 10.55 10.82 12.18 14.00 12.15 11.38 12.16 12.53 3.52 11.45 13.14 4.71 12.10
9.79 9.75 8.56 8.47 9.25 9.90 12.29 10.89 10.93 6.33 7.53 10.01 10.51 12.86 7.09 6.89 17.35 13.93 16.43 16.16 10.89 4.34 11.94 3.23 1.39 15.30 15.62 16.62 17.90 17.84 10.46 16.23 16.47 17.45 19.79 2.81 18.85 19.72 10.59 9.18 18.63 22.05 20.04 12.45 12.86 6.77 15.66 22.65 18.59 21.95 18.81 21.46 22.47 12.82 11.94 11.64 17.14 19.75 15.44 11.06 14.57 10.64 6.95 4.78 2.89 10.16 2.21 10.73 2.73 3.09 3.22 12.88 14.49 13.64 12.83 3.82 4.22 4.51 5.12 16.71
9.75 10.23 9.39 9.09 9.82 13.31 12.06 10.55 12.29 5.49 10.49 8.33 17.00 10.06 7.21 15.74 11.88 7.11 14.81 4.64 4.33 4.80 15.23 3.34 2.31 16.83 16.18 15.95 17.05 16.21 16.21 14.97 18.62 17.64 20.84 10.16 3.55 19.71 9.12 8.86 15.58 22.10 21.20 11.94 4.92 18.51 14.33 16.01 21.92 18.46 19.52 20.56 22.40 12.72 4.55 3.99 3.76 20.28 13.70 11.14 4.76 16.00 11.74 9.30 3.11 2.80 3.00 3.26 3.66 3.87 3.82 3.84 4.00 13.79 14.13 13.17 4.48 5.67 6.33 6.69
10.76 10.17 9.74 9.96 10.99 10.65 9.85 13.62 12.27 10.26 6.18 18.99 9.27 10.38 8.45 17.27 8.42 7.31 5.92 4.60 4.70 18.69 5.76 2.90 2.28 17.18 16.15 13.99 16.11 16.08 15.54 17.31 20.73 17.73 18.17 11.25 12.19 19.25 7.91 9.61 19.87 17.21 21.07 20.57 10.01 10.25 13.89 7.35 9.25 7.43 21.71 16.49 23.07 4.59 5.49 6.06 6.19 6.63 12.12 6.32 5.20 4.67 5.12 20.88 4.64 3.68 4.31 4.70 4.64 4.49 4.56 4.57 4.32 4.11 14.60 16.79 5.38 6.31 13.53 6.20
11.75 9.81 10.37 5.88 12.56 11.02 11.41 11.08 13.01 13.76 6.91 7.48 8.31 9.61 9.72 14.54 8.09 6.76 5.35 4.35 16.84 12.60 5.87 2.98 2.45 18.82 14.59 10.09 14.72 17.15 14.63 16.84 17.84 18.55 17.98 18.52 19.08 9.90 8.60 15.98 18.92 10.25 19.42 19.46 21.02 17.07 12.51 5.51 8.42 9.06 7.56 17.58 25.91 5.84 7.31 8.27 8.60 8.40 8.34 7.62 6.27 4.94 4.44 4.74 14.31 4.90 4.41 4.72 4.74 4.84 4.80 13.72 4.81 4.82 5.21 5.91 6.13 6.05 6.00 5.24
12.33 10.54 11.31 11.48 14.25 11.10 11.93 8.07 12.86 12.84 7.46 8.07 8.75 8.67 9.02 14.61 7.44 6.16 4.48 17.83 17.21 7.34 5.34 3.30 2.60 19.48 9.86 1.06 16.38 15.48 15.59 10.35 16.36 17.74 20.20 15.34 19.54 8.04 8.34 17.97 14.65 9.48 8.94 17.09 17.70 20.23 10.35 3.56 5.64 19.90 11.91 6.91 6.38 7.39 7.55 7.20 7.86 7.78 7.24 6.78 20.55 6.26 5.73 5.31 5.60 5.59 4.12 18.13 4.19 13.69 4.69 4.98 14.90 5.86 6.10 5.99 20.93 5.12 15.77 3.27
12.03 11.24 12.59 12.78 12.53 12.06 11.34 7.89 13.91 14.19 7.55 7.60 9.19 9.07 17.62 8.15 7.35 6.39 5.31 19.88 16.77 6.39 4.72 4.11 17.32 16.90 10.66 12.34 16.95 10.16 14.12 10.34 16.15 17.56 16.96 20.16 10.20 8.76 16.32 16.97 8.00 15.73 16.86 17.73 19.83 19.68 15.76 2.62 2.78 17.71 21.75 24.20 6.30 6.86 5.47 4.44 4.57 14.12 15.04 5.47 6.50 17.94 7.58 7.44 6.67 16.46 4.38 12.73 4.08 4.41 4.47 4.55 15.99 12.74 13.54 5.37 15.83 15.91 14.83 1.15
14.41 12.30 14.19 14.32 12.67 13.23 8.03 8.03 15.66 13.38 8.02 7.33 15.34 9.78 10.17 9.08 7.26 6.13 17.90 17.35 6.04 4.89 4.04 4.82 4.48 17.31 14.82 15.73 15.70 8.94 15.90 10.48 15.54 16.76 17.20 17.40 11.16 11.09 18.98 3.68 2.00 0.65 14.15 19.34 17.72 20.72 17.46 3.03 1.35 11.98 21.60 4.67 5.75 4.26 2.78 2.63 2.44 2.73 3.75 4.52 5.11 15.52 6.49 16.41 6.50 4.64 12.15 12.96 13.73 4.61 4.72 4.40 15.92 15.58 17.00 16.29 14.87 16.86 14.98 1.68
16.30 14.15 15.06 13.78 13.97 13.94 13.16 12.94 16.51 9.22 8.72 7.46 7.01 17.34 17.08 8.62 19.55 20.61 19.31 16.79 6.21 4.37 3.39 4.23 12.25 16.52 15.02 15.02 16.68 8.09 15.62 13.86 15.80 17.00 15.08 10.55 10.73 11.80 11.95 5.38 4.37 1.84 2.51 11.89 15.36 18.71 11.10 8.48 0.96 2.64 18.29 13.25 2.16 0.88 1.23 1.47 11.34 1.83 2.13 2.71 2.80 13.55 3.47 3.34 23.01 21.29 14.25 13.41 13.19 15.18 13.87 4.60 13.16 13.56 18.38 14.44 13.76 14.51 11.60 11.52
18.64 16.14 14.94 13.91 16.41 15.30 14.28 15.07 15.24 8.96 8.99 8.03 5.77 18.02 19.35 19.11 18.94 20.35 7.11 6.83 6.05 4.23 3.26 3.68 18.51 13.07 15.53 14.61 15.70 14.14 16.02 10.84 13.87 9.29 14.82 8.87 13.05 14.12 2.63 4.75 5.31 2.63 1.90 10.60 16.10 17.70 17.13 2.66 1.00 1.07 15.94 16.09 19.09 1.30 1.19 0.98 1.62 9.38 1.93 1.68 1.50 1.47 1.85 1.30 16.23 23.73 15.20 14.03 15.01 15.80 4.39 20.61 18.19 14.16 14.70 15.55 14.29 13.71 8.67 1.71
20.70 16.44 14.66 15.32 17.23 14.84 9.53 9.69 9.55 9.08 9.31 9.21 6.17 18.47 18.01 19.53 20.04 16.82 8.24 7.62 5.91 4.06 3.34 11.79 17.49 16.89 16.19 15.12 15.77 16.21 12.46 9.82 13.79 1.32 14.92 10.95 14.08 12.08 9.03 2.79 4.29 2.97 0.70 10.77 9.49 17.07 15.09 2.37 8.01 8.27 12.91 16.41 7.13 2.35 1.97 1.43 1.44 1.93 2.26 8.93 11.32 9.50 1.92 1.55 16.77 2.58 14.88 13.63 14.42 14.02 15.17 13.55 13.50 2.85 1.24 11.13 10.76 14.22 14.68 10.05
21.42 16.26 15.59 17.82 17.00 17.28 14.85 15.47 9.42 9.10 9.62 10.53 7.78 12.70 19.68 18.12 19.96 9.17 9.04 8.19 5.75 4.39 4.32 19.41 18.56 16.91 14.89 14.18 15.45 13.98 12.83 13.13 15.38 1.54 10.56 11.19 13.52 13.18 3.24 3.13 2.93 2.67 1.57 10.58 6.84 11.78 12.97 11.33 7.35 2.87 9.72 14.36 2.38 17.41 5.97 3.07 7.36 6.79 2.93 8.92 9.53 9.15 9.88 2.37 15.73 20.70 15.96 14.44 15.14 14.77 13.86 13.63 15.85 19.30 2.40 2.66 2.54 1.76 1.14 10.92
17.14 15.62 18.96 18.62 15.48 16.02 15.16 14.92 7.76 7.99 9.26 16.44 9.37 6.15 20.28 17.44 20.06 8.27 9.29 8.44 5.63 4.61 5.38 19.94 17.68 3.86 3.96 9.59 14.21 12.98 1.44 13.22 14.81 2.22 0.67 14.37 13.15 12.96 3.91 3.89 4.11 15.10 3.42 12.20 5.77 12.61 14.29 8.86 5.93 7.20 8.06 13.16 2.55 2.60 6.30 3.67 6.30 5.75 8.51 8.43 13.41 7.90 9.12 12.74 16.01 15.19 18.74 15.78 18.03 17.89 13.77 14.52 13.52 13.63 11.60 16.79 14.46 10.30 3.52 9.81
16.24 14.71 18.78 18.38 14.59 15.20 14.68 13.76 5.98 6.66 8.52 17.62 10.70 8.83 21.99 4.43 20.63 7.58 8.93 8.32 5.89 4.77 20.41 17.56 5.07 4.72 3.90 14.90 12.72 13.43 13.88 13.73 15.40 9.79 1.81 11.93 10.55 11.39 3.97 3.98 3.82 5.81 4.07 8.47 6.94 9.92 14.52 5.54 4.59 4.01 7.08 9.46 2.68 2.41 3.20 7.14 3.34 5.26 3.07 3.24 11.28 15.44 3.49 12.36 14.02 15.26 19.82 18.77 20.52 20.76 22.03 14.05 1.63 1.18 1.59 14.30 13.82 13.44 15.52 4.16
14.97 13.90 17.93 17.66 14.30 13.98 13.68 14.32 4.22 4.93 7.27 10.08 10.55 9.64 7.51 20.32 19.25 7.98 8.77 7.98 6.15 5.02 19.48 17.46 5.92 6.09 16.70 15.59 15.36 12.31 12.64 13.64 12.03 12.90 8.02 14.03 10.16 11.38 4.19 9.52 5.97 9.12 5.40 10.77 9.11 12.02 4.43 3.87 3.81 3.69 3.32 2.97 10.86 8.39 6.03 5.11 4.62 5.21 7.45 3.70 10.66 7.44 13.17 9.90 15.11 2.26 17.03 11.60 13.79 14.82 14.27 20.22 2.26 2.39 15.73 12.45 13.73 13.07 12.26 15.73
19.27 13.96 18.07 19.15 18.12 16.97 13.39 12.79 13.92 2.06 4.20 17.21 8.82 18.96 6.17 20.54 5.81 17.51 9.06 7.82 6.14 13.47 18.73 4.35 6.72 7.69 16.48 16.57 14.47 14.33 13.26 11.83 14.01 15.25 12.01 12.85 11.26 5.62 8.51 4.65 6.27 10.45 4.63 3.80 3.36 3.86 4.39 4.77 3.71 3.81 3.71 3.67 10.06 4.28 4.75 11.71 5.08 5.27 7.54 4.91 8.23 12.48 7.63 9.65 16.78 3.72 3.06 18.99 13.53 14.64 14.33 20.25 2.22 3.03 13.09 12.41 19.02 17.05 17.09 12.55
19.80 12.91 11.71 10.26 16.80 17.10 12.69 2.33 13.19 1.47 17.64 15.34 7.08 17.68 15.33 17.27 18.60 13.42 8.86 7.70 5.95 12.98 14.77 17.26 6.71 8.79 18.21 16.81 15.54 12.36 11.13 8.12 14.25 14.59 12.20 5.95 1.76 1.75 2.53 4.20 4.55 3.61 2.69 2.31 1.71 4.70 5.12 3.68 3.78 4.07 4.76 7.38 8.46 4.93 4.59 4.65 6.33 11.99 6.67 4.90 6.56 6.91 8.83 11.49 12.59 13.88 13.69 9.76 19.40 13.66 13.82 21.11 3.07 3.58 12.43 16.14 14.87 10.12 3.13 2.93
14.58 14.14 12.46 9.99 20.27 17.85 13.35 3.07 2.75 2.35 2.05 16.56 16.14 14.32 14.72 15.74 15.52 16.20 7.74 7.30 5.30 9.51 15.78 16.17 5.42 8.42 19.48 16.19 12.59 16.08 15.17 11.52 14.71 11.22 0.43 0.53 0.67 1.01 2.15 3.70 3.03 2.26 2.45 2.52 2.05 1.96 2.61 3.36 3.78 4.21 4.97 4.89 6.61 4.86 4.51 4.54 8.93 4.86 8.57 7.17 5.19 10.72 14.57 4.17 4.46 13.65 17.61 15.18 20.28 14.20 15.02 20.52 4.24 12.30 14.47 12.08 3.03 13.82 13.56 3.89
16.86 13.92 21.21 8.30 18.87 16.56 4.79 12.77 3.12 11.58 15.46 14.96 14.65 13.21 13.80 13.85 16.55 16.18 6.31 7.16 5.38 15.94 14.46 1.70 3.94 6.65 18.70 13.45 5.25 16.64 3.16 13.76 11.70 8.85 0.15 0.49 0.74 1.12 2.54 3.66 2.54 1.89 2.21 2.16 1.68 1.46 1.89 2.72 3.42 3.82 4.14 4.23 3.90 3.94 4.37 4.60 4.57 4.51 4.81 5.33 10.34 7.53 11.12 3.90 3.76 3.73 4.10 13.39 14.62 15.28 15.02 15.77 13.45 13.84 15.95 16.40 2.20 3.79 4.68 11.63
13.86 12.53 20.87 17.84 17.43 16.60 4.64 12.99 12.49 15.37 11.92 15.99 15.34 12.65 13.53 12.11 16.97 15.96 5.04 7.20 6.18 16.41 1.47 1.12 2.91 5.35 17.46 14.52 19.42 15.39 12.20 12.39 11.40 0.48 0.22 0.26 0.63 1.48 3.16 3.91 2.85 2.18 2.09 1.72 1.34 1.21 1.55 1.98 2.41 2.79 3.10 3.12 3.08 3.37 3.76 3.98 4.21 4.40 4.58 4.75 11.17 7.62 4.16 3.90 10.31 3.24 3.06 3.20 3.55 15.57 15.84 15.70 12.39 17.02 18.90 14.18 2.01 2.72 4.21 11.32
13.71 12.36 21.38 18.55 16.31 15.32 14.50 4.18 14.15 18.08 4.88 16.50 15.53 15.48 5.77 14.89 14.53 15.05 4.07 12.98 6.58 5.25 3.17 1.37 2.47 14.41 5.64 18.87 14.26 5.14 13.52 3.99 2.22 0.91 0.49 0.35 0.56 1.44 3.11 3.98 3.13 2.57 2.20 1.60 1.12 0.99 1.34 1.52 1.69 2.14 2.53 2.66 2.74 2.83 2.96 3.19 3.47 3.79 4.10 4.25 4.24 4.37 4.46 4.18 3.69 3.40 3.32 3.41 3.41 3.27 3.58 3.97 3.74 15.11 11.50 17.15 16.10 1.30 2.41 16.42
14.94 12.93 10.05 18.82 19.06 5.82 13.63 5.06 4.55 4.24 17.49 15.84 15.05 13.84 5.67 4.67 17.42 11.89 12.19 17.22 5.51 5.66 4.78 3.28 13.12 13.40 14.61 3.49 15.34 16.28 13.66 4.29 3.11 1.52 0.55 0.53 0.75 1.41 3.05 4.31 3.42 2.21 1.83 1.62 0.99 0.67 1.07 1.37 1.74 2.14 2.40 2.47 2.27 2.04 1.99 2.18 2.54 2.93 3.31 3.63 3.86 4.02 4.09 4.06 3.77 3.41 3.31 3.48 3.52 15.55 3.89 4.11 3.61 17.31 16.60 21.08 16.25 1.26 0.82 17.15
13.78 20.46 8.61 19.00 16.96 6.46 16.09 4.50 4.02 18.45 19.86 5.46 16.21 14.84 6.59 12.38 14.92 14.40 13.55 4.24 4.88 15.07 4.67 4.64 4.68 15.20 13.07 13.10 14.86 16.15 13.62 16.45 3.79 2.79 1.39 0.91 1.10 1.77 3.17 4.69 4.17 1.75 1.08 1.47 1.04 0.40 0.83 1.25 1.91 2.46 2.45 2.25 1.79 1.33 1.17 1.24 1.53 2.00 2.47 2.91 3.33 3.59 3.60 3.68 3.76 3.53 3.38 3.55 3.79 3.84 4.12 3.96 15.93 15.18 15.37 15.45 17.60 15.67 1.77 2.48
9.71 18.48 6.51 20.17 5.59 11.72 16.76 11.96 18.04 3.26 3.62 4.63 14.91 7.15 12.59 6.25 13.00 11.26 12.80 2.33 3.12 3.91 4.76 19.69 16.66 13.84 11.71 13.43 14.19 14.93 2.35 3.74 4.28 4.05 2.91 1.98 1.87 2.54 3.62 4.96 4.25 1.31 1.18 1.31 1.05 0.51 0.94 1.38 2.27 3.30 2.85 1.87 1.28 0.96 0.76 0.51 0.68 1.20 1.76 2.28 2.81 3.27 3.39 12.72 3.61 3.59 3.44 3.57 3.90 4.04 4.11 3.90 3.43 3.14 2.68 14.34 14.71 14.90 2.96 1.31
9.84 7.95 5.88 18.56 4.95 15.67 18.63 4.82 3.50 18.81 0.43 15.26 11.23 14.85 14.55 13.69 12.14 10.16 10.88 14.66 0.86 2.51 4.78 5.26 4.01 2.94 13.53 13.84 13.88 13.69 2.06 3.27 4.15 4.34 3.60 2.57 2.41 3.25 4.90 6.84 6.75 4.71 3.14 2.16 1.67 1.21 1.30 1.61 2.56 4.03 3.70 2.00 0.94 0.70 0.47 0.47 0.63 0.93 1.38 1.89 2.49 3.09 3.40 3.47 3.62 3.63 3.54 3.76 4.01 3.97 3.95 3.84 15.72 15.83 15.58 14.50 14.64 15.59 17.78 13.63
10.22 9.06 7.06 5.86 6.01 13.82 5.07 15.74 13.99 18.93 0.99 15.74 15.68 14.93 14.11 10.65 3.80 11.35 11.19 9.84 1.15 14.26 13.03 3.70 3.60 3.04 14.06 14.85 13.28 2.77 2.74 2.72 3.59 4.12 3.89 2.92 2.39 2.85 4.11 6.21 7.10 5.60 3.66 2.10 1.13 0.76 0.98 1.37 2.50 4.22 4.55 3.07 1.52 0.92 0.64 0.89 0.97 1.05 1.41 1.92 2.49 2.96 3.26 3.63 3.88 3.87 14.67 14.49 14.18 16.05 16.39 16.77 16.63 16.31 14.75 14.82 15.36 14.43 15.59 14.63
10.48 10.05 9.22 6.80 17.54 4.80 17.96 16.15 14.93 4.18 3.09 13.00 0.90 12.92 17.03 11.82 3.09 11.30 3.61 9.28 15.49 0.84 12.16 6.57 14.45 13.70 13.53 14.05 9.79 2.36 12.43 12.07 2.52 3.63 4.06 3.25 1.68 0.69 1.28 3.09 4.26 3.86 2.79 1.75 0.85 0.40 0.47 0.93 2.05 3.73 4.91 4.39 2.92 1.70 0.89 1.15 1.38 1.41 1.72 2.22 2.75 3.17 11.12 4.07 4.45 13.04 14.59 14.18 14.29 15.39 16.15 16.35 14.95 16.05 16.36 15.71 15.67 18.09 14.95 14.54
9.80 8.68 7.33 5.86 4.43 15.01 3.23 14.16 18.10 4.08 5.23 5.16 13.98 16.91 4.32 12.56 11.68 11.99 3.52 14.77 3.80 12.41 11.60 1.14 13.68 12.74 13.71 14.86 11.96 11.20 14.81 11.97 1.18 2.63 3.69 3.87 2.66 1.76 2.44 3.03 3.38 3.07 2.32 1.89 1.53 1.09 0.95 1.09 1.72 2.88 4.12 4.72 4.41 3.08 1.05 0.84 1.56 1.93 2.29 2.69 3.18 3.73 4.25 4.86 5.04 13.73 14.20 14.34 5.86 5.65 16.16 16.33 16.27 15.41 15.85 16.04 15.20 15.59 15.97 18.51
