examples/cougarCreek-fire/createInputs/farsite/7a-cougarCreek-polygonIgnit/cougarCreekFire_08-11-2015_0000_217m_non_neutral_stability_vel.asc
ncols	146
nrows	140
xllcorner	610065.000000
yllcorner	5095217.000000
cellsize	216.586807
NODATA_value	-9999.000000
[rows 0 to 36 of 140, columns 0 to 81 of 146]
11.18 10.93 10.74 10.66 10.40 10.21 10.11 10.04 10.06 11.78 10.10 10.22 10.37 10.32 10.31 10.38 10.24 10.01 9.91 9.90 9.99 11.40 10.69 10.95 10.85 10.69 10.67 10.75 10.85 10.89 10.77 10.59 10.57 10.64 10.69 10.77 10.92 8.33 10.19 11.15 9.80 10.03 11.19 9.74 9.93 10.23 11.50 11.52 11.61 11.63 11.61 11.62 11.79 12.00 12.20 12.35 12.12 11.72 11.78 12.02 11.92 11.87 12.00 12.09 12.11 11.88 11.75 12.05 12.44 12.68 12.47 11.90 11.46 11.30 11.56 11.81 11.23 10.75 10.81 10.72 10.81 10.97
11.18 10.93 10.74 10.66 10.40 10.21 10.11 10.04 10.06 11.78 10.10 10.22 10.37 10.32 10.31 10.38 10.24 10.01 9.91 9.90 9.99 11.40 10.69 10.95 10.85 10.69 10.67 10.75 10.85 10.89 10.77 10.59 10.57 10.64 10.69 10.77 10.92 8.33 10.19 11.15 9.80 10.03 11.19 9.74 9.93 10.23 11.50 11.52 11.61 11.63 11.61 11.62 11.79 12.00 12.20 12.35 12.12 11.72 11.78 12.02 11.92 11.87 12.00 12.09 12.11 11.88 11.75 12.05 12.44 12.68 12.47 11.90 11.46 11.30 11.56 11.81 11.23 10.75 10.81 10.72 10.81 10.97
11.04 10.91 10.83 10.71 10.48 10.41 10.36 10.32 10.32 10.26 10.21 10.34 10.42 10.37 10.44 10.45 10.25 10.11 10.13 10.23 10.36 11.93 10.80 10.82 10.65 10.62 10.70 10.78 10.85 10.81 10.67 10.59 10.67 10.77 10.81 10.88 10.97 11.04 11.04 11.07 11.16 11.16 11.19 11.31 11.41 11.45 11.36 11.41 11.51 11.54 11.61 11.73 11.90 12.02 12.11 12.06 11.70 11.52 11.74 11.83 11.71 11.78 11.92 11.98 11.90 11.68 11.82 12.24 12.47 12.35 11.81 11.31 11.20 11.33 11.69 11.68 10.99 10.74 10.89 10.84 10.96 11.07
10.84 10.89 10.99 10.88 10.74 10.77 10.77 10.75 10.71 10.60 10.58 10.68 10.69 10.68 10.73 10.60 10.36 10.32 10.49 10.71 10.79 12.35 10.92 10.79 10.65 10.73 10.81 10.82 10.80 10.67 10.65 10.72 10.86 10.96 10.96 10.98 11.02 11.07 11.08 11.14 11.20 11.19 11.31 11.38 11.41 11.37 11.21 11.32 11.53 11.64 11.77 11.82 11.86 11.88 11.81 11.48 11.07 11.22 11.53 11.57 11.64 11.74 11.86 11.87 11.63 11.61 12.11 12.49 12.33 11.68 10.94 10.79 11.11 11.57 11.91 11.63 10.84 10.64 10.89 10.99 11.14 11.15
10.75 10.87 11.06 10.97 10.85 10.86 10.83 13.12 12.99 12.86 10.89 10.96 11.03 11.00 10.88 10.76 10.63 10.67 10.90 11.02 12.62 12.47 12.49 11.01 10.98 10.96 10.80 10.75 10.86 10.91 11.06 11.04 11.03 11.15 11.12 11.10 11.19 11.32 11.42 11.43 11.36 11.41 11.54 11.52 11.52 11.50 11.48 11.71 11.96 12.05 11.95 11.80 11.75 10.61 11.42 11.05 10.92 11.27 11.54 11.74 11.91 11.83 11.92 11.78 11.57 11.94 12.39 12.32 11.73 11.04 10.84 11.16 11.60 11.98 11.98 11.43 10.59 10.41 10.86 11.10 11.21 11.13
10.70 10.84 11.01 10.93 10.85 10.90 10.90 10.86 10.90 13.07 13.08 13.03 11.19 11.09 10.95 10.90 10.84 11.05 12.94 11.13 12.69 12.53 12.37 11.01 11.13 11.04 10.83 10.98 11.28 11.42 11.40 11.08 11.11 11.32 11.25 11.28 11.41 11.51 11.51 11.45 11.41 11.58 11.69 11.61 11.63 11.76 11.90 12.11 12.25 11.47 11.08 11.06 11.61 11.42 11.15 11.06 11.21 11.57 11.80 11.93 11.91 11.86 11.85 11.55 11.70 12.20 11.19 11.75 11.09 10.93 11.32 11.68 11.89 11.87 11.45 10.72 10.14 10.40 11.00 11.12 11.18 11.08
10.43 10.52 10.67 10.74 10.87 11.03 11.06 13.44 13.48 13.31 13.40 13.17 12.87 11.13 11.08 11.01 11.03 11.24 12.80 12.69 12.67 12.53 12.42 12.39 12.11 11.71 11.31 12.38 12.50 12.24 11.39 11.11 11.45 11.62 11.41 11.48 11.61 11.64 11.62 11.97 12.10 11.76 12.00 11.75 11.92 12.43 12.06 11.70 10.95 10.67 9.51 11.55 10.76 11.33 11.35 11.51 11.65 11.86 11.98 11.94 11.94 11.02 10.48 11.59 12.05 11.47 11.89 11.44 11.16 11.52 11.86 11.79 11.56 11.19 10.75 10.42 10.33 10.69 11.06 11.05 11.11 10.97
10.18 10.30 10.57 10.78 10.95 10.99 10.93 13.25 13.14 13.33 13.29 13.24 13.06 12.50 12.07 11.15 11.23 12.72 12.80 12.77 12.69 12.69 12.70 12.73 12.33 11.96 12.12 12.44 12.58 11.96 11.40 12.45 12.63 11.68 11.38 11.53 11.68 11.66 12.32 12.27 12.40 12.31 12.19 12.37 12.50 11.93 11.32 11.00 10.73 9.88 10.91 11.42 11.59 11.56 11.67 11.71 11.77 11.95 12.03 11.96 11.39 10.84 11.57 11.89 12.17 11.02 11.75 11.46 11.54 11.86 11.74 11.30 10.97 10.84 10.80 10.68 10.58 10.78 11.04 11.05 11.03 10.78
10.13 10.40 10.85 11.05 11.06 13.45 10.87 13.08 13.36 13.30 13.31 13.29 13.07 12.64 12.17 11.10 12.36 12.59 12.78 12.81 12.73 12.89 17.09 17.15 12.40 12.15 12.19 12.38 12.40 11.94 11.95 12.56 12.13 11.44 11.35 12.57 12.40 12.34 12.43 12.68 12.84 12.69 12.67 12.93 12.76 12.20 11.81 11.66 11.80 11.86 12.06 11.70 11.11 11.51 11.71 11.75 11.90 12.05 11.53 11.87 11.54 11.76 11.96 12.20 11.55 10.99 10.78 11.46 11.71 11.71 11.31 10.92 10.94 11.12 11.02 10.63 10.44 10.78 11.11 11.06 10.88 10.62
10.07 10.40 10.86 10.98 10.98 13.01 13.23 13.38 13.18 13.20 13.18 13.06 16.64 12.75 12.23 11.93 12.08 12.06 12.45 16.45 17.14 12.85 12.42 12.34 17.64 12.34 12.41 12.38 12.45 12.39 12.16 12.36 12.16 12.10 12.50 12.63 12.44 12.46 12.75 13.13 13.10 12.85 13.10 13.22 12.70 12.25 12.28 12.44 12.39 12.35 11.99 11.21 10.63 11.47 11.67 11.91 12.08 12.09 11.77 11.76 11.85 12.17 12.36 11.74 11.41 11.70 11.74 12.03 11.75 11.55 11.22 11.13 11.30 11.27 10.86 10.43 10.60 11.19 11.34 11.08 10.78 10.55
12.24 10.26 10.61 10.73 10.80 10.85 12.74 13.14 13.34 13.32 13.02 12.91 12.93 16.67 12.38 12.26 11.98 10.87 12.26 12.62 17.12 16.86 12.49 12.32 17.90 16.27 14.62 14.59 12.56 12.55 12.15 12.44 12.38 12.24 12.57 12.69 12.65 12.80 13.11 13.26 13.06 12.94 13.02 12.78 12.08 12.44 12.37 12.53 12.39 11.71 10.35 10.46 11.75 11.61 12.00 12.29 12.26 12.66 12.00 11.97 12.27 13.44 11.86 11.26 12.03 12.21 11.65 11.66 11.85 11.59 11.39 11.39 11.35 11.17 10.81 10.65 11.10 11.58 11.36 10.90 10.60 10.39
9.99 10.24 12.92 12.96 12.99 12.86 10.93 12.88 13.14 16.58 16.59 12.84 12.73 12.74 12.37 12.42 11.18 11.92 12.42 12.62 17.19 16.94 17.16 12.44 12.43 17.36 14.07 15.13 15.94 12.51 12.16 12.45 12.32 12.22 12.51 12.71 12.87 13.00 13.04 13.04 13.19 14.52 14.05 13.51 12.34 12.22 12.33 12.64 12.35 11.16 11.11 11.71 11.67 12.10 13.73 13.07 12.89 12.85 13.05 12.35 12.67 12.36 11.46 11.54 11.72 12.27 12.13 12.00 11.86 11.56 11.37 11.32 11.26 11.15 10.90 10.94 11.43 11.58 11.07 10.63 10.42 10.26
10.14 10.36 10.66 12.93 13.01 13.02 10.95 12.49 12.58 12.87 16.83 16.98 16.34 12.20 12.12 12.15 11.36 11.95 12.26 12.40 16.94 17.16 17.46 18.07 12.27 18.51 14.79 15.89 16.38 14.23 12.41 12.44 12.36 12.43 12.64 12.84 13.05 13.08 12.92 13.12 16.49 14.86 14.03 13.50 12.39 12.85 12.75 13.43 12.26 11.96 12.06 12.42 12.09 12.56 13.48 12.82 12.86 12.77 12.92 13.91 12.17 11.18 11.05 12.23 12.24 12.14 11.92 11.79 11.63 11.39 11.29 11.37 11.40 11.19 11.02 11.25 11.61 11.43 10.85 10.50 10.33 10.19
10.12 10.22 10.42 10.56 10.64 12.68 10.89 10.93 11.78 12.08 12.51 16.63 17.02 16.38 11.92 11.73 11.31 11.48 11.82 16.30 16.86 17.19 17.24 17.55 18.69 18.66 15.59 16.22 15.67 13.59 13.82 12.40 16.37 16.55 17.23 17.73 17.27 17.15 18.09 18.81 17.00 13.95 13.06 12.64 12.83 12.76 13.23 13.65 12.92 12.39 12.53 12.93 13.48 13.91 13.03 12.55 12.31 11.94 12.06 11.67 10.67 10.39 12.11 12.06 11.98 11.78 11.62 11.54 11.45 11.40 11.49 11.63 11.55 11.32 11.30 11.50 11.54 11.14 10.63 10.39 10.23 10.11
9.83 9.90 10.15 10.34 10.41 10.53 10.58 10.58 10.64 11.72 11.72 11.88 12.14 16.75 17.03 15.75 14.75 14.68 15.33 15.85 16.00 16.59 16.35 16.87 18.45 18.89 16.22 16.07 14.97 13.52 13.39 12.09 16.92 17.25 17.70 18.24 17.46 17.30 18.69 19.57 13.15 12.25 12.75 13.00 14.08 15.07 14.57 12.93 11.82 12.50 12.85 13.24 13.48 13.57 12.87 12.76 12.61 11.62 11.55 11.35 12.20 11.98 11.80 11.78 11.12 12.19 12.43 12.45 11.64 11.76 13.22 11.75 11.55 11.45 11.45 11.42 11.22 10.80 10.44 10.28 10.16 10.04
9.69 9.86 10.11 10.18 10.19 10.30 12.41 12.51 12.29 11.80 11.53 11.64 16.07 15.82 16.70 18.19 16.68 15.84 16.46 17.00 16.55 16.98 16.41 16.09 18.47 18.96 16.86 15.95 14.72 13.45 14.17 16.51 17.12 17.41 17.89 17.77 17.62 17.71 18.35 18.43 12.89 12.59 13.03 13.37 14.57 14.34 12.81 11.25 11.18 13.32 13.28 13.34 14.00 13.80 12.95 12.84 11.83 11.60 12.40 11.87 11.42 11.30 12.07 12.46 12.87 13.10 12.33 11.89 12.11 12.22 11.97 11.67 11.48 11.45 11.38 11.22 10.97 10.65 10.39 10.21 10.08 9.92
9.65 9.84 10.05 10.09 10.21 10.38 10.46 12.27 12.49 12.11 11.67 11.72 17.05 17.47 16.61 16.05 16.86 17.99 18.40 18.69 18.53 18.65 16.69 12.72 16.69 18.85 16.91 15.63 14.10 13.26 15.29 17.19 16.93 16.97 17.45 17.31 17.62 18.03 17.89 16.96 14.69 13.38 12.77 12.88 13.24 12.59 11.55 11.45 12.61 14.32 13.45 13.44 11.68 12.06 13.47 11.60 10.94 12.08 11.84 11.69 11.57 12.26 12.75 12.77 13.21 12.43 11.93 13.05 12.27 12.04 11.52 11.25 11.18 11.17 11.06 10.87 10.66 10.44 10.22 10.02 9.85 9.67
9.46 9.64 9.86 10.03 10.26 10.37 11.70 11.85 12.27 15.98 11.82 11.82 16.90 17.94 16.23 14.04 14.45 16.64 17.87 18.53 19.75 19.81 19.09 15.37 16.51 18.26 17.24 15.59 14.25 14.15 16.25 17.25 17.18 17.33 16.73 17.31 17.68 18.80 18.40 16.15 14.61 13.65 13.35 13.06 12.69 12.08 11.75 12.22 13.46 13.98 12.85 10.23 9.93 12.39 12.42 10.86 10.60 13.24 11.38 11.58 12.23 12.55 12.47 12.10 12.00 11.89 11.75 10.24 9.93 11.28 10.86 10.83 10.85 10.79 10.65 10.46 10.28 10.13 9.95 9.75 9.54 9.34
9.24 9.43 9.71 9.97 10.18 10.21 10.23 11.84 15.94 16.29 12.00 12.00 16.02 16.01 16.14 16.48 16.45 17.21 18.08 17.88 19.13 19.63 19.72 17.07 16.65 17.52 17.09 15.25 15.03 15.63 16.92 17.33 17.28 18.40 16.68 18.16 18.86 19.25 18.19 16.35 15.01 14.15 13.48 12.91 12.75 12.83 12.38 12.66 13.87 13.13 10.87 9.73 11.29 12.47 12.50 11.18 11.86 12.25 12.05 12.09 12.61 13.28 11.41 11.42 11.59 10.30 9.45 8.62 11.11 10.75 10.65 10.74 10.72 10.57 10.47 10.28 10.01 9.80 9.60 9.38 9.19 9.00
9.05 9.34 9.77 10.03 10.14 10.12 11.84 11.92 16.16 16.41 11.93 16.25 15.76 15.92 17.05 17.09 17.63 18.35 18.70 18.63 19.53 19.24 19.47 18.33 19.00 18.08 16.40 15.33 15.63 16.45 16.68 17.14 16.23 12.96 12.48 18.67 19.41 19.91 18.77 16.70 15.39 14.21 12.99 12.05 12.14 12.51 12.22 12.16 10.98 9.83 10.15 11.69 14.27 13.66 11.97 13.31 13.99 12.16 13.21 13.64 12.45 12.61 11.39 11.80 11.07 11.05 10.93 10.85 10.72 10.64 10.65 10.65 10.50 10.35 10.28 10.01 9.67 9.44 9.23 9.03 8.85 8.67
9.01 9.37 9.84 11.70 11.73 11.74 11.82 11.93 11.93 16.26 11.77 16.24 17.10 16.12 17.08 18.60 18.33 18.58 18.48 19.20 19.62 18.73 19.08 19.52 20.33 18.37 15.66 15.60 15.96 16.54 16.72 16.73 13.60 12.65 12.64 19.42 19.42 17.22 19.24 15.44 14.20 12.53 11.67 11.29 11.17 10.88 10.74 10.25 11.58 9.40 10.42 12.66 14.10 11.05 13.57 12.51 12.16 13.51 12.93 13.58 13.84 12.42 11.51 11.91 10.94 10.81 10.69 10.63 10.60 10.53 10.42 10.31 10.15 10.04 9.89 9.54 9.24 9.13 9.01 8.82 8.60 8.39
9.13 9.51 9.90 11.65 11.74 11.78 11.92 11.83 11.79 16.50 15.90 16.18 16.80 17.64 15.72 11.99 17.36 18.20 19.34 19.33 19.45 18.66 19.58 19.82 19.37 18.31 16.62 16.40 16.20 16.31 16.93 15.83 13.21 12.35 12.82 16.64 18.84 16.98 18.40 13.48 11.03 11.05 9.80 9.96 10.76 11.58 11.10 9.66 9.39 12.66 12.15 13.23 12.53 12.98 12.17 15.03 13.92 12.14 11.94 13.93 13.54 12.28 13.01 10.80 10.53 10.01 9.82 9.60 10.16 10.05 9.95 9.92 9.82 9.67 9.41 9.06 8.87 8.78 8.62 8.43 8.23 8.07
9.14 9.49 9.86 10.07 11.58 11.69 11.55 11.58 11.56 15.95 16.14 16.53 17.96 16.01 17.08 11.57 15.23 11.47 17.76 18.54 18.87 19.61 19.99 19.90 20.27 19.17 17.24 17.25 16.31 15.51 16.30 13.74 12.50 15.23 12.76 13.19 19.19 19.66 17.68 12.22 10.99 9.67 9.52 9.87 10.69 10.64 9.98 9.75 11.92 13.43 13.30 14.25 13.60 11.86 12.46 13.83 13.47 12.56 12.79 14.08 12.37 11.71 10.56 9.73 9.30 9.49 9.83 9.71 9.68 9.69 9.73 9.65 9.40 9.14 8.88 8.68 8.60 8.48 8.24 7.98 7.78 7.65
9.14 9.43 9.75 9.96 10.13 10.16 11.27 11.40 15.74 15.92 16.37 16.54 17.23 16.62 18.05 17.29 17.56 17.82 18.21 19.09 18.76 19.51 20.08 19.19 19.16 21.07 16.81 17.15 16.00 15.04 16.18 15.59 12.74 12.46 13.05 16.48 19.30 19.42 17.91 12.25 9.75 9.29 9.64 10.14 10.43 10.03 10.09 11.02 12.92 13.08 14.22 10.77 14.96 15.48 15.23 13.28 13.58 12.89 12.20 11.97 10.32 9.86 10.10 9.46 10.36 9.88 9.99 10.05 9.47 9.59 9.52 9.23 8.91 8.70 8.53 8.39 8.29 8.13 7.91 7.68 7.49 7.31
9.12 9.35 9.61 9.76 9.88 9.89 11.13 11.22 11.25 16.51 16.93 16.75 17.02 17.87 17.65 17.53 17.90 18.41 18.56 18.80 19.75 19.63 19.24 19.62 18.84 20.61 17.09 16.52 17.02 17.21 17.86 16.74 13.93 13.16 18.28 19.48 19.48 19.06 16.78 11.24 9.78 9.94 9.54 11.32 9.44 10.91 11.25 10.81 11.70 12.42 14.67 11.52 14.59 14.25 13.42 11.84 10.93 10.08 9.91 10.08 9.82 9.38 12.65 13.27 9.97 9.80 10.05 9.92 9.35 9.92 9.14 8.82 8.61 8.46 8.28 8.09 7.91 7.70 7.50 7.35 7.20 6.98
9.06 9.25 9.49 9.59 9.72 9.87 11.17 11.25 11.15 16.54 16.85 16.98 16.57 17.30 17.82 18.02 18.21 18.58 18.63 18.44 19.15 19.94 19.02 19.22 18.99 19.91 17.61 15.70 18.88 20.86 19.13 15.04 13.23 14.68 12.94 15.58 19.29 17.97 13.14 10.47 9.68 9.72 9.70 9.84 9.83 11.08 8.43 10.52 11.00 12.67 10.12 15.01 12.90 13.13 11.91 9.44 8.52 9.41 9.26 9.80 9.74 9.27 12.78 10.07 8.82 9.59 9.80 9.35 8.89 8.39 8.09 8.55 8.35 8.15 7.97 7.84 7.64 7.37 7.11 6.90 6.70 6.50
8.99 9.17 9.38 9.53 11.05 11.17 11.15 11.05 15.20 15.95 16.86 16.54 16.38 16.22 17.74 18.52 18.41 18.62 18.65 18.59 19.02 19.79 19.56 19.83 19.45 20.46 17.84 14.68 19.50 21.07 15.66 12.71 12.31 14.51 17.39 19.47 18.69 16.45 12.49 10.30 10.27 11.42 11.12 11.07 10.99 10.52 10.44 10.83 11.86 12.88 9.99 13.82 12.59 12.88 12.03 10.07 8.61 8.53 9.59 9.93 10.00 9.12 9.39 10.42 10.11 9.65 8.39 8.20 7.98 7.73 7.53 8.09 7.95 7.81 7.66 7.46 7.20 6.95 6.72 6.49 6.26 6.06
8.80 8.98 9.25 9.57 10.89 10.96 11.03 10.98 14.18 15.17 16.05 16.57 17.18 16.31 17.04 17.96 18.17 18.55 18.57 18.70 19.08 19.93 20.41 20.18 20.09 20.81 19.74 15.19 18.81 18.26 13.41 12.34 12.98 16.03 19.37 20.42 18.21 13.99 11.48 11.05 11.41 12.17 12.08 11.17 10.53 10.57 10.89 9.97 9.96 12.86 9.39 13.28 11.92 13.19 12.08 9.23 8.36 9.18 9.76 9.70 9.53 9.32 8.22 6.57 5.90 5.97 6.85 7.81 8.41 8.77 8.61 7.74 7.59 7.44 7.23 6.97 6.73 6.54 6.36 6.15 5.94 5.75
8.60 8.88 9.31 9.62 9.76 10.73 10.89 10.96 10.78 15.38 15.97 16.48 17.45 16.20 16.41 17.08 17.52 18.34 18.74 18.85 19.47 20.30 20.95 20.62 19.59 20.32 22.49 19.29 19.05 15.55 12.60 14.27 16.18 18.31 19.77 18.82 14.94 11.99 11.66 11.40 11.08 11.62 11.00 9.61 8.49 10.22 10.08 9.61 10.68 8.90 8.84 12.56 11.47 13.29 10.41 7.77 7.96 8.57 7.96 6.79 6.44 6.87 6.80 6.57 6.37 6.19 6.34 7.12 7.95 8.51 8.43 7.56 7.28 7.04 6.81 6.61 6.42 6.23 6.04 5.85 5.66 5.45
8.46 8.84 9.32 9.54 9.66 10.65 10.84 15.56 15.59 16.02 16.28 16.25 17.06 17.45 16.96 17.01 17.47 18.21 18.62 18.79 19.55 20.16 20.43 20.49 19.64 19.97 21.71 23.48 19.75 15.43 15.32 19.20 22.81 21.68 20.26 18.12 13.87 11.85 11.56 10.61 10.38 9.73 9.49 10.32 9.87 9.75 9.56 9.46 8.81 8.72 8.76 12.48 11.55 12.25 7.19 6.29 6.63 7.13 7.36 7.46 7.55 7.83 7.69 7.42 7.48 7.03 7.18 7.40 7.63 7.69 7.79 7.24 7.02 6.84 6.65 6.44 6.22 6.00 5.80 5.62 5.44 5.25
8.42 8.81 9.28 9.49 9.65 10.77 10.66 10.69 15.74 16.23 16.61 16.81 16.88 17.58 17.35 16.92 17.77 17.96 18.32 18.52 19.32 19.24 19.62 19.49 19.54 20.56 22.08 23.37 21.76 16.97 21.08 26.97 27.79 24.27 21.71 17.52 10.81 12.75 10.38 9.53 10.08 9.56 10.22 9.61 9.60 9.56 9.22 12.68 8.79 8.65 8.40 12.57 10.82 7.52 5.89 7.03 8.45 8.45 8.06 8.02 7.98 7.42 7.13 7.35 8.00 7.76 8.26 8.52 8.68 8.94 9.13 7.22 7.10 6.91 6.69 6.46 6.22 5.96 5.71 5.48 5.27 5.07
8.34 8.75 9.24 9.48 9.67 10.69 10.67 10.74 15.30 15.88 15.37 15.85 16.46 16.95 17.42 17.19 18.02 18.65 18.77 18.99 18.78 16.61 18.18 18.89 20.07 22.00 22.98 23.88 23.63 18.40 24.88 29.21 27.74 23.97 19.43 13.33 10.52 12.49 10.56 9.98 9.63 8.87 9.60 9.42 9.63 9.48 9.19 12.47 8.74 8.36 7.99 7.92 9.29 7.37 8.87 10.31 9.53 8.52 7.94 7.69 7.25 6.71 6.90 7.63 8.54 9.03 7.82 7.98 8.16 8.41 8.32 7.69 7.12 6.98 6.51 6.26 6.08 5.92 5.72 5.47 5.20 4.96
8.16 8.64 9.15 9.33 9.50 10.78 10.89 10.76 15.09 15.66 15.65 15.47 16.75 16.87 17.52 17.80 17.73 18.60 19.37 19.72 19.89 18.49 17.82 17.72 21.01 23.32 24.42 24.65 25.38 18.93 26.16 28.52 24.39 21.53 16.16 11.44 10.92 15.77 12.02 10.58 9.71 8.27 9.27 9.35 9.57 9.38 9.11 3.67 8.41 8.00 7.78 7.66 11.28 9.24 10.43 10.31 7.81 6.84 6.72 7.19 7.43 7.39 7.33 7.31 7.36 6.66 7.32 7.06 7.26 7.01 7.09 7.27 6.57 6.40 6.22 6.03 5.87 5.60 4.89 5.41 5.17 4.90
8.27 8.78 10.19 9.35 10.85 11.03 11.08 10.92 15.38 15.52 15.97 16.78 17.03 17.25 17.88 18.11 18.06 17.67 17.76 18.22 19.60 20.91 21.41 21.05 21.46 22.77 24.39 24.83 25.38 21.78 25.72 26.80 20.37 17.86 15.02 15.83 17.72 18.54 12.02 8.68 7.70 7.75 9.18 9.40 3.53 3.34 3.33 3.65 7.84 7.73 7.60 8.87 5.77 6.80 8.38 6.76 5.49 5.26 5.41 5.22 6.15 6.65 6.87 5.78 5.97 7.88 6.45 8.14 8.19 7.62 8.45 8.52 6.27 6.24 6.19 6.04 5.81 5.56 5.52 5.21 5.03 4.78
8.41 8.86 9.45 10.57 10.98 11.13 11.03 15.84 16.35 16.36 16.83 17.34 17.52 17.60 17.84 18.09 18.06 17.67 17.51 17.52 18.44 20.28 21.48 23.03 24.25 23.34 23.60 24.74 25.35 20.67 25.21 26.31 15.94 13.55 11.33 13.59 14.68 13.97 14.95 4.34 4.86 4.77 3.92 3.70 3.57 3.16 3.19 3.63 7.43 7.27 7.11 6.84 6.29 4.30 1.47 1.19 3.63 4.54 4.88 4.67 4.97 5.52 5.31 7.97 8.52 8.72 7.62 8.23 9.10 6.79 6.65 6.51 8.73 7.86 7.02 6.79 6.86 5.57 5.32 5.13 4.96 4.76
8.43 8.89 9.48 9.70 10.91 11.10 10.96 10.84 15.62 15.77 15.55 14.00 15.38 16.87 18.05 18.06 18.03 18.19 18.69 19.15 20.68 21.00 21.06 21.61 21.64 20.39 24.08 24.45 24.71 18.96 24.50 26.70 17.99 5.14 4.57 4.03 7.98 9.14 9.63 4.59 7.47 7.08 6.16 9.00 8.87 8.47 2.48 1.91 4.03 6.99 6.62 6.17 5.81 5.08 3.08 1.94 0.78 2.56 3.82 4.92 5.32 7.05 7.80 8.58 9.14 7.66 8.46 6.71 7.05 7.22 6.98 8.96 8.11 7.49 7.17 7.13 5.62 5.48 5.29 5.09 4.89 4.69
8.66 9.17 9.72 10.85 10.95 15.84 16.02 10.96 15.60 15.41 14.69 13.74 13.76 15.96 17.00 18.00 18.98 20.47 21.38 20.99 19.47 18.71 19.45 18.64 17.30 15.77 18.34 21.75 25.61 18.14 23.14 23.43 21.88 8.95 4.91 2.54 0.74 0.97 2.92 6.95 9.07 9.20 8.92 9.08 8.77 8.36 7.96 7.54 1.56 4.37 5.73 5.74 5.63 4.86 4.22 3.78 1.58 0.93 1.44 2.55 3.75 4.82 5.93 6.86 8.50 9.30 8.16 8.74 8.86 10.58 9.09 8.63 8.04 7.73 5.58 5.38 5.28 5.14 4.99 4.84 4.66 4.45
