examples/cougarCreek-fire/createInputs/farsite/7a-cougarCreek-polygonIgnit/cougarCreekFire_08-12-2015_2000_217m_non_neutral_stability_vel.asc
ncols	146
nrows	140
xllcorner	610065.000000
yllcorner	5095217.000000
cellsize	216.586807
NODATA_value	-9999.000000
[rows 36 to 71 of 140, columns 0 to 80 of 146]
8.35 8.85 9.41 10.40 10.17 13.51 13.82 9.50 15.22 15.36 15.04 14.34 13.52 15.44 15.50 14.54 13.42 12.95 12.90 12.85 12.49 11.24 10.95 11.13 11.35 10.88 10.85 9.92 9.63 13.23 13.23 13.88 15.05 12.59 13.34 16.25 16.41 16.92 17.48 18.26 18.75 18.98 13.53 14.78 16.30 17.67 18.57 17.98 23.65 20.92 17.18 17.13 18.54 19.56 19.95 20.32 22.51 21.94 22.00 22.48 23.03 23.28 23.47 23.16 24.02 23.10 19.25 18.96 19.21 22.98 19.60 19.56 18.99 18.40 14.58 14.27 14.12 13.97 13.75 13.59 13.36
8.19 8.67 9.23 10.23 10.16 9.97 9.63 15.07 9.25 15.06 14.65 14.21 13.57 15.13 15.07 14.51 13.50 13.60 13.81 13.31 12.40 11.32 11.40 11.78 11.63 11.21 9.78 10.49 12.90 14.83 12.75 13.01 12.49 14.17 15.32 17.22 19.09 17.79 18.21 18.58 19.07 18.95 17.22 14.72 15.79 17.52 19.22 18.75 24.58 22.58 21.52 17.79 18.53 17.94 18.84 19.58 19.08 18.35 17.91 17.84 17.95 17.65 17.56 17.78 18.09 18.29 17.97 17.43 16.87 16.50 17.30 21.27 22.01 14.89 14.61 14.18 14.02 13.85 13.61 13.51 13.26
8.13 8.61 9.15 10.14 10.14 9.92 13.77 9.30 14.90 14.59 14.68 14.44 15.10 14.61 14.64 14.22 13.93 14.13 13.88 13.21 12.70 12.17 11.35 11.55 11.69 11.20 9.60 10.51 12.88 2.41 13.57 13.10 13.50 12.23 12.07 12.54 11.94 13.85 15.35 18.38 20.97 22.47 20.21 17.96 15.61 16.93 18.85 19.22 17.38 16.48 23.42 22.48 18.63 16.94 17.83 18.11 18.06 17.34 16.75 16.83 17.45 17.21 17.26 17.53 17.69 17.82 17.31 16.48 16.16 16.18 16.39 16.46 16.22 16.45 17.98 17.80 14.02 13.77 13.55 13.42 13.11
8.17 8.61 9.05 10.00 9.96 9.88 14.53 9.31 14.77 14.91 14.68 14.66 13.31 14.82 14.54 14.17 14.09 14.32 13.86 13.36 13.68 13.04 10.98 11.28 12.49 11.51 9.25 11.05 11.36 12.10 12.85 13.05 10.48 13.23 14.53 13.95 14.07 10.59 11.02 12.00 14.25 19.54 19.61 21.37 23.42 23.98 25.64 28.01 26.43 17.67 16.12 24.25 23.34 23.88 19.44 17.47 19.52 18.38 16.25 16.56 16.35 16.94 17.21 17.91 18.05 16.34 15.71 15.28 15.38 15.55 15.47 15.14 14.93 15.38 15.25 14.59 14.88 13.74 13.59 13.42 13.03
8.23 8.51 8.93 9.88 9.86 9.65 13.72 9.26 9.16 14.85 14.65 14.32 13.92 15.06 14.60 14.20 14.38 14.73 14.12 13.25 13.01 12.02 10.90 12.71 11.83 11.23 9.83 11.06 11.79 9.61 13.08 12.92 12.50 12.69 14.84 17.11 18.30 17.70 16.88 10.90 12.59 13.19 13.85 15.07 19.44 20.35 21.98 23.78 23.81 23.58 22.63 22.89 18.74 16.86 16.79 17.25 17.33 16.02 15.98 16.64 19.33 16.00 16.62 16.75 16.40 16.06 15.67 15.37 15.38 15.51 15.32 14.94 14.81 14.76 14.34 13.77 13.60 13.58 13.10 15.56 13.29
8.23 8.43 8.75 9.81 9.87 13.54 9.37 9.30 9.11 14.58 14.49 14.43 13.94 14.88 14.94 14.54 15.21 14.27 13.91 12.20 11.64 11.26 12.15 11.83 11.51 10.75 10.08 10.86 11.39 11.62 15.13 12.75 12.65 12.89 11.71 12.37 16.67 17.11 17.17 20.13 12.20 20.26 21.32 21.59 21.22 16.49 17.99 19.07 18.68 18.28 17.75 16.85 17.04 18.13 18.83 18.87 18.69 18.05 17.84 19.00 16.10 15.86 16.43 16.43 16.12 15.91 15.78 15.61 15.49 15.49 15.23 14.83 14.66 14.60 14.31 13.72 13.36 13.20 12.88 13.20 11.50
8.22 8.34 8.51 8.78 10.12 8.81 9.35 8.59 9.09 8.69 8.47 14.29 14.05 15.28 15.58 15.47 15.12 13.74 12.34 11.17 11.42 12.25 12.79 13.96 12.30 9.75 10.12 11.69 11.13 11.18 14.97 14.00 12.63 10.19 11.08 13.01 15.40 16.02 16.43 17.57 20.56 20.43 21.28 21.95 22.73 24.62 23.98 19.01 18.63 17.40 17.99 15.50 15.74 16.83 16.80 16.26 15.93 15.70 16.17 16.70 16.18 15.86 16.19 16.25 16.05 15.97 15.89 15.74 15.47 15.29 15.13 14.67 14.38 14.39 14.37 13.92 13.32 12.90 12.28 12.25 11.18
8.25 8.29 8.32 8.60 9.90 12.89 9.30 9.28 8.99 8.76 14.32 15.30 15.82 15.88 15.10 14.94 14.70 13.38 12.46 11.90 12.47 13.31 14.13 11.65 11.72 9.79 11.93 11.34 11.02 11.44 15.85 15.33 14.44 14.54 12.44 13.90 14.21 15.31 16.13 16.46 17.63 20.10 22.33 21.31 15.48 16.71 17.63 18.04 23.72 18.82 16.56 15.51 15.62 16.45 16.11 15.66 15.69 15.77 20.11 16.56 16.06 15.65 15.93 16.16 16.13 16.14 15.85 15.59 15.29 15.03 14.93 14.42 14.05 14.14 14.37 14.05 13.29 12.78 11.95 11.52 12.47
8.24 8.27 8.29 8.50 8.76 9.42 9.27 9.14 8.98 14.28 15.30 14.28 14.42 15.66 15.25 15.46 15.00 14.50 12.85 13.17 14.07 12.42 12.09 12.85 11.84 11.21 11.50 11.28 10.95 11.64 15.95 15.50 15.62 15.82 14.05 15.78 14.22 14.26 15.31 16.41 14.88 16.37 13.35 14.42 15.74 16.82 22.11 22.25 17.54 16.59 16.23 15.61 15.68 15.84 15.51 15.29 15.50 15.84 16.35 16.40 15.75 15.48 15.83 16.06 16.24 16.62 16.41 16.01 16.04 15.90 15.88 15.51 14.98 14.91 15.33 13.84 13.36 12.86 11.80 11.13 11.24
8.14 8.24 8.31 8.39 9.35 9.36 9.24 9.18 9.10 14.33 12.88 13.83 15.10 14.99 15.51 15.47 13.31 14.03 12.33 12.53 13.79 13.71 13.15 12.70 12.71 11.83 11.57 12.29 11.30 13.47 16.12 15.36 15.82 16.21 15.96 16.41 16.35 15.80 16.39 17.18 17.05 12.48 13.35 14.66 15.97 20.26 22.80 16.21 14.87 15.75 15.99 18.63 15.81 15.45 15.22 14.98 15.14 15.98 16.66 16.40 15.61 15.37 16.13 16.98 17.87 20.90 21.40 21.01 20.74 21.16 20.95 17.87 17.77 17.90 17.89 17.30 16.49 15.85 11.90 10.88 10.36
8.19 8.32 12.27 8.16 9.26 9.36 13.65 14.12 14.67 11.97 13.41 14.88 14.13 15.32 15.73 14.85 15.11 11.62 11.76 12.06 13.19 13.24 15.05 14.99 11.60 11.26 11.28 11.78 11.59 13.38 16.41 15.71 15.93 16.37 18.59 17.24 16.69 16.41 17.50 17.23 12.66 12.91 14.14 17.92 21.80 22.60 20.94 15.05 15.60 14.74 15.54 16.45 16.35 15.44 15.09 14.79 14.98 16.01 16.95 17.56 17.41 16.86 18.10 21.03 21.76 22.72 21.43 20.67 21.99 21.95 20.89 21.58 20.71 18.35 18.23 17.95 20.12 17.56 12.49 10.92 9.91
8.27 9.73 7.98 7.97 8.08 9.43 11.37 13.68 14.08 12.89 14.98 14.35 13.83 14.92 14.99 13.40 6.24 10.05 11.90 12.60 14.59 14.72 14.06 14.86 12.31 11.38 12.04 11.76 11.63 13.85 15.65 16.87 16.23 16.59 18.95 17.36 17.22 17.69 17.36 17.78 17.42 20.37 20.87 22.26 21.16 19.88 15.69 13.67 13.05 13.80 15.01 16.98 17.53 16.02 15.41 15.45 15.46 15.92 19.59 22.92 22.54 22.41 23.31 23.75 24.00 23.68 22.72 22.04 21.36 20.76 20.89 21.13 20.73 18.40 18.24 17.68 17.58 17.79 17.16 11.51 9.90
8.26 11.86 11.96 12.37 12.67 12.35 11.85 14.17 14.17 14.73 14.06 8.88 13.65 13.60 7.57 6.85 11.55 10.97 12.94 13.92 13.44 13.12 12.94 13.43 12.03 12.93 11.42 12.20 10.47 12.51 14.94 16.31 16.29 16.50 17.57 16.81 16.35 16.46 17.66 16.44 20.97 19.54 18.28 21.70 19.08 19.54 15.24 18.75 12.76 13.35 14.82 16.38 19.58 18.92 17.70 19.14 21.18 24.89 21.48 20.76 21.71 23.21 22.91 21.38 21.44 21.50 21.05 20.62 20.53 21.43 20.86 20.57 20.56 20.66 18.17 17.39 19.30 17.04 17.65 12.24 10.30
11.27 8.95 12.11 10.20 8.38 12.76 13.28 9.52 9.51 14.32 14.14 8.87 8.44 8.05 13.30 14.78 14.99 15.19 13.72 13.89 13.27 14.62 14.10 12.67 12.68 13.27 12.50 12.65 12.60 10.48 15.03 15.25 14.01 17.34 18.07 16.57 15.63 17.17 17.57 20.31 18.84 19.36 18.54 18.13 21.39 14.65 19.90 14.27 13.24 13.82 14.76 18.40 19.52 24.55 26.17 26.13 24.95 23.54 22.05 20.12 16.09 15.73 16.34 21.35 24.02 22.64 22.26 21.90 21.28 20.95 20.76 20.54 20.42 18.08 17.94 17.12 16.81 16.85 16.90 16.49 10.89
7.39 9.70 9.70 8.22 9.49 7.68 7.67 9.47 9.48 9.37 8.92 8.63 8.31 13.50 15.58 14.41 14.39 13.10 12.76 13.52 13.08 15.63 15.65 15.73 13.98 12.49 8.03 12.14 9.73 12.50 16.58 15.11 14.76 17.79 18.15 17.11 16.19 17.06 17.64 17.00 21.59 19.39 19.43 16.80 16.18 18.08 19.93 19.32 18.04 16.11 19.10 19.28 17.35 17.86 20.21 24.26 17.84 17.08 21.79 21.13 16.64 15.24 14.62 15.10 22.06 22.78 21.92 21.60 20.79 20.32 20.26 20.15 17.64 17.92 17.70 16.82 15.69 14.80 15.96 16.73 11.22
7.46 7.53 7.85 9.40 7.54 7.61 9.53 9.58 9.46 9.20 8.75 8.51 8.38 14.91 13.44 12.82 13.20 12.75 13.28 13.67 11.77 11.34 15.82 13.17 15.56 12.13 12.62 7.01 9.21 13.69 16.80 15.09 17.18 18.07 18.68 16.96 15.14 17.36 17.49 16.70 18.55 20.41 20.23 18.93 13.44 14.36 13.93 13.40 14.00 15.87 16.13 16.11 15.48 15.69 16.49 25.09 18.17 16.93 16.56 21.68 20.69 16.30 14.25 13.93 15.60 17.10 20.20 22.15 21.01 16.69 16.01 21.17 17.28 17.17 15.88 15.45 15.26 15.15 11.99 16.39 11.20
10.49 7.62 11.69 7.39 7.49 9.56 9.69 9.73 13.85 9.16 8.99 14.91 13.91 13.20 12.30 11.92 12.25 12.60 13.14 12.94 11.80 12.16 11.65 5.84 13.95 5.80 6.09 7.03 12.85 16.12 18.06 16.13 17.77 18.19 17.75 16.53 16.49 19.17 17.66 18.40 19.58 20.54 19.79 19.09 19.29 14.44 14.09 13.08 13.46 13.69 13.88 14.12 14.76 14.58 16.12 12.89 23.41 16.71 23.29 21.63 21.22 20.50 15.43 14.15 15.10 15.47 14.93 15.94 15.85 14.61 12.82 13.93 14.85 12.83 12.38 12.19 12.02 11.83 11.77 11.46 16.36
6.67 9.81 7.31 7.36 9.82 9.98 13.46 13.91 13.95 13.97 15.02 12.11 8.01 8.12 8.10 7.72 7.34 12.65 12.85 12.30 15.29 11.77 12.20 14.07 13.57 6.50 11.31 12.51 14.97 18.16 18.82 16.71 16.74 17.90 17.33 16.09 16.53 16.31 17.51 17.94 19.29 19.71 18.91 18.86 19.10 14.46 14.65 13.13 13.21 13.30 13.51 13.82 14.47 14.08 15.50 17.65 23.59 20.94 16.25 16.68 16.68 15.63 13.43 14.02 14.23 13.92 14.18 14.45 13.70 12.90 12.81 13.05 12.90 12.65 12.41 12.16 19.02 16.92 11.56 11.25 11.08
5.80 9.73 9.35 9.68 12.49 12.56 13.27 13.84 13.95 14.23 12.07 7.82 8.25 8.63 14.04 12.84 7.91 13.73 13.58 12.23 6.45 6.40 13.77 16.43 12.13 11.07 13.74 15.25 14.87 17.97 17.84 15.48 15.18 18.64 10.23 16.46 17.26 19.47 17.86 18.70 18.76 19.96 19.17 18.26 13.71 14.21 14.58 13.10 13.15 13.24 13.47 13.65 14.10 14.80 15.32 17.62 18.15 16.33 15.52 15.78 15.70 13.41 13.57 14.06 13.96 13.72 13.89 14.04 13.46 13.11 13.07 12.75 12.35 12.30 12.25 12.05 11.92 11.66 11.30 11.16 11.04
5.46 7.50 8.63 11.62 7.88 9.00 9.90 13.81 12.81 12.32 8.09 8.05 8.56 9.02 13.86 13.01 8.01 13.41 7.15 6.75 12.69 15.87 16.04 13.98 14.75 13.82 14.85 14.36 13.59 17.72 19.10 15.53 15.57 18.10 18.87 7.64 16.69 16.68 18.22 19.97 20.38 21.35 20.04 18.37 13.24 13.62 12.61 12.91 12.92 12.96 13.19 13.44 13.83 14.50 15.69 16.93 16.79 14.72 14.35 14.26 13.76 13.44 13.69 13.85 13.93 13.74 13.30 13.29 13.18 13.10 13.16 12.65 11.96 11.81 11.93 11.93 11.81 11.43 11.19 11.27 11.00
6.79 6.25 8.50 9.07 6.85 9.82 9.89 12.54 7.84 7.84 8.00 8.78 8.51 8.47 13.24 8.47 7.73 7.52 5.80 15.06 15.07 15.59 15.88 13.30 12.78 14.16 13.31 11.49 13.69 17.49 18.62 16.45 15.24 17.93 17.22 17.84 16.08 16.92 17.11 17.00 17.45 17.98 19.39 20.31 17.74 13.39 13.46 12.99 12.78 12.56 12.80 13.15 13.64 14.26 15.23 15.25 14.58 14.39 14.16 13.75 13.40 13.38 13.57 13.58 13.80 13.65 12.87 12.75 12.93 12.89 12.87 12.50 11.72 11.39 11.62 11.78 11.56 11.25 11.32 11.33 10.84
6.33 6.04 8.59 6.37 6.50 6.60 10.11 7.85 6.51 6.36 6.27 9.72 6.47 6.18 8.62 8.22 7.99 13.00 12.55 13.63 14.96 15.30 15.34 7.61 12.59 14.01 12.09 11.72 15.99 18.56 18.17 14.49 13.16 16.34 16.14 15.17 16.88 17.76 17.38 17.07 17.44 17.66 20.57 18.65 19.57 13.11 13.08 13.74 12.80 12.25 12.48 12.67 13.23 13.97 14.39 13.90 13.66 14.03 13.85 13.45 13.25 13.11 13.24 13.41 13.45 13.29 12.80 12.59 12.67 12.59 12.36 12.12 11.61 11.27 11.47 11.60 11.39 11.29 11.31 14.88 10.48
6.05 5.77 5.76 5.99 6.17 9.66 8.76 6.47 6.34 6.26 10.20 9.71 6.25 6.07 12.81 8.70 7.30 6.00 5.84 7.39 15.09 15.48 6.09 6.32 12.73 12.57 7.50 12.75 17.90 17.34 15.47 14.15 13.74 16.34 18.70 14.60 17.58 17.72 19.21 17.38 19.83 20.37 20.17 18.21 18.60 18.03 16.38 13.71 13.57 12.92 12.40 12.09 15.09 13.37 13.47 13.07 13.22 13.66 13.53 13.28 13.07 12.74 12.93 13.16 13.05 12.97 12.70 12.42 12.37 12.20 11.87 11.81 11.53 11.33 11.56 11.51 12.26 13.65 14.44 15.01 10.21
5.72 5.40 5.50 5.81 5.99 9.96 6.34 6.18 6.19 10.19 10.22 6.24 10.03 6.02 6.01 5.96 6.65 6.21 6.08 6.01 15.33 8.51 6.51 8.41 13.73 7.88 7.69 14.69 17.73 16.26 13.51 14.70 16.02 17.25 17.54 16.02 16.45 17.28 16.42 16.78 17.44 19.65 20.20 17.57 17.46 20.58 18.89 13.72 18.73 13.60 13.56 11.61 11.71 12.58 12.76 12.64 12.98 13.35 13.16 12.93 12.73 12.48 12.73 12.82 12.73 12.74 15.56 12.06 12.03 11.72 11.49 11.79 11.55 11.40 12.13 17.37 18.64 18.37 14.71 14.07 10.03
5.30 5.03 5.28 5.71 9.56 6.09 6.01 5.96 10.32 9.98 6.17 6.20 5.99 5.94 5.98 6.52 10.35 6.72 6.19 6.19 12.97 13.26 13.17 14.46 8.63 7.90 12.10 15.21 15.11 13.47 14.20 16.44 17.38 17.62 17.36 16.47 17.78 16.23 17.02 16.89 16.85 16.77 16.99 20.19 17.17 17.26 17.32 20.01 20.39 13.77 12.25 19.35 12.59 11.88 12.17 12.33 12.70 13.08 12.74 12.44 12.38 12.36 12.57 14.44 15.59 12.23 11.94 11.82 11.76 11.45 11.40 11.79 13.02 13.52 19.22 18.63 15.09 17.69 18.21 17.95 17.18
4.86 4.74 5.12 5.54 5.62 5.84 5.74 5.72 5.91 5.97 6.06 6.14 5.99 6.29 6.40 6.83 10.56 6.76 6.94 8.06 9.17 15.73 15.53 8.83 8.26 8.27 8.46 13.39 13.17 14.29 16.61 17.92 17.19 17.66 17.18 17.01 15.68 16.04 16.85 16.89 16.05 16.66 16.73 19.93 20.30 19.95 20.05 20.09 20.14 13.75 11.75 11.32 11.38 11.36 11.57 12.03 11.90 13.22 13.51 12.90 12.88 12.99 13.58 14.20 11.83 11.58 11.59 11.75 11.69 11.49 12.18 14.63 19.37 18.95 15.41 18.22 18.43 18.25 15.50 15.15 17.54
4.45 4.54 4.99 5.29 5.35 5.57 5.54 5.50 5.71 5.81 5.86 6.75 6.57 7.21 11.19 14.42 6.74 7.07 6.30 8.80 9.52 15.84 16.27 13.63 8.84 8.74 12.72 12.88 13.27 15.25 17.92 17.58 15.34 18.13 17.00 16.75 16.79 15.99 16.64 16.58 16.70 16.46 17.05 16.82 19.73 19.77 20.13 17.65 17.55 13.37 11.41 11.29 11.11 18.28 11.05 11.74 11.79 12.31 20.02 20.69 13.41 12.91 13.39 13.21 12.84 11.93 11.37 11.36 12.21 13.98 18.66 18.95 18.38 14.67 18.05 18.61 18.38 18.22 18.00 15.05 17.44
4.12 4.36 4.87 5.09 5.09 5.22 5.32 5.35 5.50 6.43 6.59 7.20 7.24 10.00 12.70 11.26 6.87 6.20 8.43 14.23 15.86 16.01 15.80 15.96 9.56 9.40 12.75 12.79 14.00 15.62 17.51 15.60 15.47 18.93 16.84 16.65 16.67 16.55 16.47 16.37 16.56 16.08 15.77 16.28 16.25 16.35 16.45 19.60 19.99 13.08 11.16 11.02 10.62 18.43 10.75 11.40 12.15 11.82 18.08 19.17 11.44 11.83 19.48 18.27 16.43 12.74 12.35 18.92 18.32 20.18 19.25 18.93 18.61 18.44 18.70 18.38 18.19 14.54 17.73 17.38 17.08
3.86 4.15 4.72 5.00 4.98 4.98 5.06 5.23 6.16 6.72 10.25 10.84 9.39 8.90 12.72 7.63 7.25 7.82 9.28 14.20 9.19 10.04 16.06 15.77 13.45 13.55 12.64 12.95 15.14 16.04 16.45 17.73 17.35 17.18 16.75 16.63 15.62 16.48 16.29 15.22 16.36 15.84 19.03 16.79 16.56 16.06 15.85 12.31 12.47 19.79 12.80 10.66 10.33 10.23 10.46 10.94 11.33 12.15 11.26 17.53 11.13 11.34 11.58 17.13 18.85 19.34 18.23 17.34 11.03 16.81 17.97 14.23 17.63 17.62 14.79 18.22 14.54 14.73 17.42 16.94 16.63
3.59 3.92 4.51 4.90 4.99 4.91 4.93 6.13 6.84 11.29 12.02 12.04 13.12 12.57 7.91 7.83 7.68 8.50 9.63 13.62 6.73 10.08 15.83 16.03 13.69 10.11 9.23 12.57 14.41 15.02 16.20 18.59 18.39 16.97 16.47 15.48 16.13 16.05 15.85 15.57 16.07 16.82 18.46 15.33 15.61 15.64 15.51 15.84 12.19 11.94 13.05 10.48 10.12 9.91 13.00 10.48 10.83 11.01 10.98 19.17 10.84 11.23 11.16 16.73 16.40 18.54 18.07 17.84 14.93 16.16 19.10 18.69 17.47 16.66 13.99 17.75 16.31 12.80 12.54 13.35 13.64
3.35 3.69 4.25 4.66 5.95 5.34 5.84 9.34 10.51 11.46 11.94 12.43 14.27 12.00 7.93 7.21 6.11 9.34 6.56 9.92 7.00 7.12 7.20 7.18 15.36 9.84 9.22 9.18 13.50 14.89 18.12 17.62 17.28 16.90 15.42 15.20 17.57 15.99 14.83 16.46 15.72 16.36 15.69 18.68 11.41 11.72 11.84 11.98 11.82 14.00 12.27 12.54 9.61 18.36 9.86 10.15 10.27 10.53 10.75 10.56 19.93 10.78 18.27 17.46 17.51 17.43 13.24 17.80 18.37 19.38 19.09 13.77 18.48 17.78 17.44 17.73 12.07 12.91 15.82 16.49 15.79
3.18 3.53 4.09 6.23 6.24 5.90 8.79 9.85 10.84 11.46 12.50 13.90 14.43 12.14 8.20 6.18 6.23 9.91 6.55 15.65 10.42 10.61 7.48 7.48 15.83 9.94 9.25 9.32 14.58 17.76 18.32 17.02 16.64 16.45 16.34 16.14 17.34 15.02 15.68 15.10 15.73 15.92 14.92 10.47 11.23 15.88 18.79 18.65 19.03 14.69 18.34 12.12 11.98 9.55 14.81 9.88 9.73 10.07 10.57 18.93 10.20 16.75 16.54 10.29 16.94 18.08 17.21 10.16 10.64 19.42 18.87 18.59 18.44 17.55 15.78 13.44 9.76 9.56 9.12 9.10 8.75
3.03 3.39 3.94 7.07 7.28 7.85 8.51 8.64 12.18 12.59 14.06 8.49 8.71 5.99 8.95 6.30 6.37 14.85 10.13 10.31 10.24 15.91 7.36 15.17 16.24 7.60 7.72 9.25 16.69 16.87 18.54 16.45 16.13 17.92 17.84 15.64 17.26 15.77 15.52 16.21 15.33 16.31 10.11 8.58 10.19 10.92 11.41 18.82 12.35 17.21 18.61 9.38 9.39 9.52 9.69 18.09 9.36 9.59 10.17 17.65 18.74 16.59 13.52 18.21 12.73 13.40 13.04 9.90 10.40 16.92 18.71 18.19 14.25 14.15 17.79 14.61 13.87 16.34 8.90 8.85 14.69
2.92 3.24 3.71 7.39 7.96 12.04 12.57 12.65 12.70 12.80 14.12 13.54 14.72 5.98 9.13 6.31 6.46 6.59 15.18 6.89 11.22 15.77 16.22 16.41 15.90 7.75 7.91 9.56 17.37 16.28 17.80 16.64 15.89 16.21 17.73 17.10 16.95 15.75 15.52 16.16 15.38 13.75 15.95 10.29 10.61 11.06 11.41 11.71 11.80 11.96 12.17 9.37 9.35 9.36 9.47 9.42 17.21 9.14 9.60 9.49 18.96 9.83 9.81 18.85 17.59 17.87 17.82 9.63 9.93 10.18 16.92 18.31 18.07 13.35 17.58 17.52 16.57 9.12 14.78 8.63 8.53
2.92 3.21 3.59 7.35 7.95 12.44 12.69 12.34 12.44 13.11 14.20 14.17 13.89 8.56 8.60 6.35 6.56 6.71 15.20 6.95 7.01 15.72 11.56 15.81 10.57 7.90 8.73 13.36 16.65 17.71 16.82 18.67 16.07 16.47 18.08 15.86 17.44 15.92 15.74 14.86 15.21 16.05 15.25 10.63 10.65 11.19 17.93 18.01 11.61 11.66 9.16 9.17 9.17 18.14 9.14 9.22 9.07 8.90 9.07 9.54 10.30 9.64 9.58 9.60 9.74 18.69 18.36 16.91 9.53 9.81 13.63 16.46 17.16 16.58 16.75 17.08 17.34 8.95 16.26 15.34 13.16
2.99 3.26 3.60 3.89 7.99 12.40 12.28 9.42 12.19 13.38 13.63 14.25 6.07 14.23 6.23 6.40 6.61 6.75 14.98 7.01 14.01 15.37 7.42 11.08 7.85 8.04 9.60 16.80 17.97 17.06 16.98 16.96 8.76 8.58 17.79 17.43 15.56 15.88 15.72 15.60 16.57 14.35 14.00 15.77 10.35 10.45 11.41 17.70 11.88 11.96 11.59 8.97 12.16 17.80 18.05 9.03 8.95 8.73 8.68 8.97 9.43 14.85 9.44 9.43 9.45 9.49 9.38 17.42 16.85 9.43 9.60 16.59 16.91 17.35 17.27 16.24 15.97 16.46 16.83 16.71 8.47
