examples/cougarCreek-fire/createInputs/farsite/7a-cougarCreek-polygonIgnit/cougarCreekFire_08-12-2015_0600_217m_non_neutral_stability_vel.asc
ncols	146
nrows	140
xllcorner	610065.000000
yllcorner	5095217.000000
cellsize	216.586807
NODATA_value	-9999.000000
[rows 105 to 139 of 140, columns 0 to 78 of 146]
14.04 13.58 14.54 14.44 12.06 6.97 28.11 7.67 10.11 18.98 11.43 12.46 11.32 27.00 10.12 9.13 16.80 15.73 4.71 17.21 15.54 4.39 3.82 15.92 17.04 4.38 8.95 5.65 11.57 10.10 6.60 7.07 6.52 5.65 4.97 4.41 4.34 4.34 3.90 2.99 1.61 0.38 0.63 1.33 1.70 1.90 2.01 2.14 2.38 3.19 4.33 5.51 6.48 5.65 2.69 1.30 2.52 3.40 3.95 4.33 4.87 5.44 5.90 6.19 12.62 13.51 14.93 6.70 6.69 6.54 6.40 16.64 16.33 15.95 15.23 15.14 15.43 14.96 13.48
13.80 14.68 15.95 15.92 15.00 12.89 9.84 7.71 26.27 9.15 21.79 10.41 24.45 19.55 9.36 8.92 18.71 16.65 5.85 16.92 15.90 12.06 11.25 4.22 4.87 11.01 5.85 5.33 13.69 6.20 6.45 6.66 6.17 5.39 4.77 4.23 3.97 3.91 3.58 2.95 1.89 0.88 0.85 1.08 1.39 1.76 2.14 2.60 3.10 3.93 5.03 6.22 7.90 8.61 6.24 3.46 3.85 4.46 4.92 5.29 5.85 6.23 6.22 6.05 6.07 6.32 6.57 6.69 6.65 6.43 6.19 6.26 6.53 16.19 15.51 14.93 13.49 13.65 11.52
14.32 14.06 15.79 17.22 17.04 16.40 14.84 11.65 8.24 8.93 20.95 25.54 26.91 7.72 26.24 22.05 7.35 7.01 7.05 5.92 13.95 11.42 4.59 17.01 5.63 5.53 16.78 18.09 5.64 6.37 6.19 6.04 5.51 4.89 4.70 4.48 8.28 7.72 4.44 2.80 2.16 1.49 1.20 1.15 1.29 1.68 2.11 2.44 2.77 3.37 4.49 6.09 8.30 10.48 10.43 8.07 6.13 5.76 6.05 6.42 6.71 6.71 6.41 6.33 6.71 7.08 15.63 16.01 16.90 17.00 17.55 17.48 17.36 16.87 16.04 14.62 14.24 15.02 15.09
13.18 11.24 13.00 15.87 16.87 15.94 14.98 13.74 11.06 28.29 8.64 26.39 7.88 24.26 23.59 20.83 18.27 17.04 15.88 16.65 14.79 6.43 9.94 15.50 14.73 16.84 14.56 13.64 6.49 12.89 5.32 4.98 14.69 4.95 4.90 7.65 4.78 4.03 3.17 2.57 2.32 1.99 1.65 1.57 1.72 9.27 1.86 1.88 1.95 2.17 3.00 4.53 6.56 9.00 10.56 9.95 7.94 7.12 7.13 7.18 7.21 7.16 7.09 7.38 7.87 14.51 16.44 17.31 17.72 17.66 17.94 7.01 17.47 17.39 17.19 16.89 16.47 16.32 16.49
14.57 11.64 12.73 13.86 15.97 15.96 14.83 13.82 12.53 11.11 10.73 9.82 25.71 25.79 25.54 23.99 6.36 18.83 17.69 16.68 14.24 13.05 12.31 20.68 12.52 18.21 18.59 5.88 5.65 16.94 4.41 15.98 5.05 5.40 6.64 5.40 7.46 4.26 3.13 2.64 2.62 2.42 2.06 2.13 9.74 2.36 2.17 2.07 2.13 2.42 2.92 3.41 3.67 5.47 7.24 8.21 8.32 8.22 8.25 8.15 8.10 8.21 8.50 9.01 9.37 9.21 15.87 16.92 18.21 7.79 17.87 6.72 17.56 6.58 6.75 17.18 16.56 16.25 16.41
15.51 14.68 12.19 13.41 14.39 16.41 16.57 15.50 14.38 13.19 13.22 11.26 28.57 11.27 10.73 24.61 21.33 19.22 4.51 22.21 14.22 17.32 22.31 20.56 16.05 14.67 19.60 13.31 17.68 17.90 14.50 4.44 8.57 7.80 7.12 7.82 7.79 4.15 9.86 3.40 3.15 2.67 2.39 9.35 9.70 9.32 2.54 2.76 2.94 3.29 3.61 3.55 3.12 4.24 5.78 7.07 8.40 9.27 9.61 9.64 9.66 9.80 10.20 10.79 11.07 10.70 15.38 15.56 17.29 17.82 17.90 16.80 16.20 17.49 16.76 15.15 15.46 15.10 14.66
14.05 14.55 13.27 10.65 10.79 13.71 16.31 16.91 15.49 13.17 13.43 13.45 13.79 12.46 26.47 27.76 9.94 9.16 8.48 8.77 9.55 7.72 6.13 21.83 17.08 17.30 15.66 18.60 19.27 4.83 9.73 5.52 7.18 7.28 8.17 8.25 4.40 3.64 3.64 8.74 8.93 9.27 9.35 9.13 9.12 9.35 2.21 3.01 3.67 4.22 4.69 5.16 5.65 6.72 8.05 9.14 9.93 10.31 10.29 10.19 10.30 10.57 10.90 11.22 11.06 19.16 18.51 17.97 17.68 17.24 17.24 15.28 13.68 14.08 15.06 16.00 16.32 15.76 15.82
12.79 13.39 13.25 10.69 9.73 9.40 10.14 13.44 15.80 15.81 27.78 14.44 25.00 27.68 25.04 28.61 11.85 12.70 12.84 12.28 10.49 8.00 7.16 20.14 14.86 14.92 15.75 6.69 6.92 14.27 11.67 10.41 11.38 5.28 10.06 9.26 4.10 3.84 9.18 8.83 9.17 8.65 9.16 9.13 8.64 2.39 2.53 3.21 4.07 4.96 5.82 6.76 7.73 8.94 10.14 10.74 10.72 10.36 9.97 9.86 10.05 10.38 10.67 10.65 10.02 9.51 9.51 9.50 19.11 19.05 19.49 19.24 18.27 18.96 18.01 17.83 17.16 17.75 17.10
12.95 13.16 13.44 12.64 9.77 6.64 6.91 8.37 11.62 14.28 12.93 24.35 21.72 22.43 26.27 27.87 11.89 13.54 14.25 13.34 11.25 10.17 8.25 19.49 14.53 14.39 16.01 16.63 15.16 15.03 13.60 13.03 12.12 5.19 5.07 4.60 4.20 8.63 9.51 9.16 9.12 9.12 9.55 8.59 7.55 3.33 3.87 4.25 4.59 5.40 6.39 7.31 8.08 8.88 9.94 10.68 10.85 10.72 10.47 10.38 10.54 10.57 10.33 9.71 8.87 8.29 8.02 7.94 8.02 18.57 18.35 8.14 19.19 19.19 19.05 18.73 18.97 18.94 17.48
13.34 13.36 13.22 13.28 12.85 11.33 9.31 7.81 9.00 9.63 25.79 11.58 12.65 29.37 30.14 25.76 11.26 11.15 10.73 10.18 9.45 9.78 8.83 18.29 14.39 14.33 16.30 15.85 16.13 16.97 16.58 15.66 5.46 5.27 13.49 4.35 10.60 9.58 9.63 10.05 9.51 9.74 8.25 4.04 4.49 4.81 5.24 5.42 5.40 5.92 6.75 7.41 7.70 7.88 8.45 9.42 10.43 11.03 11.20 11.11 10.89 10.36 9.49 18.37 18.00 17.98 17.88 18.22 18.15 18.84 19.13 18.83 18.70 18.49 18.14 19.13 18.73 21.13 20.52
13.30 13.85 14.33 14.45 15.25 16.04 15.58 13.52 10.84 8.10 7.55 10.44 27.73 30.28 14.98 12.92 12.84 11.56 10.11 9.16 21.76 24.39 20.32 17.08 13.47 13.57 21.08 15.82 15.81 15.43 23.71 13.63 12.15 12.32 4.63 4.61 10.17 10.14 5.13 10.94 9.49 8.50 7.49 6.83 7.14 6.04 6.02 6.06 6.11 6.50 7.14 7.50 7.48 7.24 6.97 7.19 8.16 9.44 10.30 10.26 9.53 8.85 8.28 7.64 16.39 17.51 17.91 18.23 18.46 17.38 17.87 17.45 17.15 19.32 17.74 18.14 18.23 17.78 17.03
12.72 13.69 15.06 15.47 15.44 15.05 14.85 15.28 15.26 13.87 10.92 10.17 29.93 27.47 14.60 15.74 14.81 12.79 12.41 11.24 10.41 22.17 17.36 15.32 15.48 24.26 18.60 16.51 15.30 21.76 22.52 12.67 11.68 12.22 5.00 11.79 10.91 11.84 5.24 10.77 9.29 8.61 8.27 8.37 9.51 10.57 6.51 6.58 6.82 7.30 7.72 7.84 7.70 7.22 6.52 6.17 6.42 7.12 7.73 7.85 7.61 7.37 7.17 17.52 16.50 16.74 16.91 16.95 17.44 17.32 18.99 18.01 19.08 19.09 18.24 18.44 17.46 16.62 15.41
11.92 12.52 13.83 14.62 14.45 13.52 13.52 15.05 16.73 17.42 15.85 10.44 9.39 14.09 15.61 16.20 15.75 15.29 14.34 13.43 13.00 23.96 20.20 15.87 18.09 10.65 19.12 18.72 17.34 20.63 23.20 12.91 11.61 12.15 11.96 11.54 6.51 5.66 12.03 10.43 9.79 8.88 8.13 8.24 9.20 11.39 11.70 7.32 7.70 8.06 8.14 7.99 7.59 7.00 6.35 5.91 5.84 5.67 5.50 5.75 6.18 6.47 17.33 6.79 16.44 17.15 17.19 16.66 17.23 19.55 19.76 18.99 19.31 18.90 18.43 16.77 18.00 17.82 17.17
12.84 11.71 12.84 14.14 15.15 15.93 16.39 16.43 17.05 18.74 20.25 20.40 19.56 17.38 26.61 14.68 15.30 14.74 14.27 14.17 13.54 21.17 12.10 14.95 11.96 13.04 18.03 18.89 23.74 21.21 17.40 14.34 12.71 13.28 14.03 14.72 15.55 13.85 11.59 9.75 9.81 9.14 8.85 9.68 11.85 7.51 12.42 10.51 8.25 8.27 8.19 7.75 7.18 6.81 6.38 5.98 5.74 5.46 5.13 5.08 15.17 16.19 6.01 6.12 16.97 18.14 17.37 16.70 17.86 19.45 18.97 17.61 18.41 18.03 17.93 16.94 17.41 17.70 17.64
12.45 12.00 13.17 14.55 15.75 16.96 17.87 17.89 17.71 17.31 18.38 19.84 19.88 17.49 15.09 23.83 13.76 14.06 27.08 13.67 28.71 21.95 22.09 12.84 12.19 22.68 21.03 23.02 22.49 25.35 16.08 16.96 15.36 14.93 15.70 15.87 15.30 13.72 11.12 9.50 9.72 10.35 10.58 11.91 11.99 12.00 10.80 10.94 12.28 8.15 7.99 7.49 7.06 6.92 6.64 6.22 5.67 5.29 14.56 15.13 15.48 15.81 17.16 16.55 17.03 17.53 17.71 16.88 17.01 18.36 19.13 19.43 19.44 17.96 17.35 16.85 18.67 19.40 22.18
12.02 12.88 14.56 15.82 16.93 17.95 18.29 18.00 17.05 17.19 15.06 14.95 15.05 14.91 13.99 14.50 25.69 25.40 24.15 26.78 27.16 13.14 22.72 23.23 21.09 19.83 25.40 25.23 17.65 17.19 19.10 10.85 17.62 15.96 17.45 17.24 16.08 13.64 11.25 10.85 11.89 13.68 12.94 12.60 12.20 10.82 10.75 12.35 11.91 11.19 11.83 7.43 7.01 6.80 6.43 5.84 14.38 14.59 14.87 14.95 15.17 16.20 16.00 16.70 17.09 16.94 17.07 19.57 17.74 17.57 19.72 19.29 18.82 18.82 18.61 19.10 19.21 18.37 18.13
12.87 13.21 14.73 15.67 17.13 18.07 17.77 16.82 16.09 15.91 15.47 15.30 15.41 15.66 15.36 13.30 25.76 24.86 21.93 27.10 25.82 23.39 19.96 22.65 24.43 26.45 26.65 23.18 21.18 13.30 28.94 19.16 18.60 17.51 19.22 18.42 15.80 14.27 13.74 12.47 15.88 15.67 13.95 12.16 11.33 11.06 12.17 13.49 12.39 11.28 11.73 12.19 12.78 13.52 13.87 13.99 14.18 14.44 15.02 15.13 14.67 15.22 16.42 16.62 5.65 6.13 17.18 19.19 17.20 17.41 17.87 19.39 19.51 19.42 17.46 18.63 16.93 18.05 16.89
13.45 13.50 13.99 15.34 14.08 13.70 15.59 14.80 15.28 16.23 18.32 17.01 17.10 17.37 17.72 17.65 15.84 25.17 15.84 33.33 26.94 26.59 25.35 25.95 15.33 13.95 30.50 21.07 18.30 13.64 26.02 19.38 20.22 20.26 21.44 19.95 17.71 17.29 17.48 17.75 19.92 17.58 13.87 12.98 12.25 12.71 15.00 15.17 13.69 11.95 11.75 12.21 13.09 13.96 14.14 14.36 14.58 14.80 14.92 15.57 14.38 15.13 16.20 17.27 5.52 5.72 18.19 19.03 19.13 17.93 17.37 17.03 17.47 17.27 17.13 18.32 18.09 18.13 18.21
14.71 13.81 13.26 12.65 13.17 12.35 13.46 13.33 14.85 16.41 18.22 17.29 17.13 17.53 18.37 19.25 18.98 25.44 20.98 33.38 28.58 28.31 28.28 28.45 16.99 16.78 27.58 17.03 17.22 16.80 18.31 24.95 24.47 22.80 22.60 21.21 20.61 21.54 21.85 22.09 21.82 18.73 17.10 16.19 15.10 15.23 16.91 15.69 14.09 12.35 11.90 12.96 14.64 14.62 14.56 14.17 14.28 14.67 14.79 15.33 14.15 14.12 14.58 16.52 15.96 5.23 5.49 18.26 18.53 19.98 20.02 19.04 18.76 18.22 19.04 19.27 18.14 17.24 18.87
14.44 13.06 11.99 12.40 11.60 13.23 13.86 13.71 15.59 16.75 17.05 19.17 17.44 18.03 18.15 18.14 19.25 19.76 24.13 20.73 29.59 28.73 29.62 29.68 18.66 19.51 18.81 19.42 19.28 18.35 17.15 27.98 25.74 22.54 22.21 21.01 20.35 20.93 21.46 21.81 21.98 20.87 20.25 19.54 19.48 19.72 18.48 16.63 14.60 13.95 13.81 15.21 15.01 14.94 14.88 14.57 14.42 14.18 14.29 14.88 13.87 13.64 15.63 15.86 15.73 5.21 5.11 17.36 19.34 19.88 20.66 21.33 21.25 21.06 20.63 18.76 18.14 17.43 18.29
13.79 12.78 11.47 11.24 13.50 13.69 14.26 14.31 16.27 17.36 17.67 18.01 18.44 18.81 19.03 18.84 19.33 20.51 21.01 23.44 20.64 31.16 30.78 29.80 30.00 29.03 20.98 21.25 33.45 20.61 19.06 28.52 24.92 23.56 19.16 18.13 19.09 18.83 18.87 19.03 20.49 19.84 19.72 20.93 21.62 20.73 19.49 18.68 16.43 16.05 15.34 15.95 15.66 14.29 14.33 13.59 13.61 13.89 14.10 14.75 14.91 14.83 16.40 16.55 17.44 16.42 16.03 15.86 17.01 8.07 20.53 21.42 20.81 19.76 19.85 19.51 18.02 16.99 17.87
13.91 13.27 12.23 12.64 13.31 14.47 15.36 16.19 16.72 17.14 17.68 18.22 18.27 18.46 19.41 20.48 21.11 40.76 20.17 34.14 27.11 35.44 31.89 28.43 21.81 28.88 31.44 32.37 31.36 31.12 19.47 18.12 26.76 21.78 18.74 18.38 19.83 19.05 19.21 21.31 20.27 19.08 19.40 20.12 19.56 19.29 20.01 20.77 18.61 16.94 15.45 15.09 14.51 13.71 13.11 12.87 12.55 3.85 4.14 4.46 5.03 5.20 5.27 5.56 6.49 6.83 16.28 7.15 8.40 9.12 21.07 21.19 20.00 18.70 7.44 18.12 18.16 15.77 16.74
12.75 12.98 14.55 14.35 15.79 17.41 17.51 18.07 19.72 16.90 16.48 17.00 20.13 18.52 19.79 21.11 21.55 22.08 31.01 32.22 32.87 36.83 31.47 31.23 25.65 32.83 37.49 38.14 22.07 21.06 28.84 32.43 26.54 22.52 19.37 17.58 18.66 19.66 20.13 20.06 19.27 17.79 18.92 18.36 16.43 18.38 20.07 19.54 18.15 16.03 15.41 14.73 13.75 4.34 4.00 3.94 4.00 4.25 4.66 5.24 5.68 5.95 6.40 6.85 7.36 7.80 8.44 9.07 8.24 6.40 19.28 18.55 18.66 18.28 16.34 19.95 17.48 15.51 15.86
13.77 14.00 14.57 16.24 17.28 15.15 15.23 17.82 18.19 17.87 15.81 16.85 18.04 19.12 19.83 19.86 19.58 20.95 20.47 31.43 37.40 32.78 33.77 35.75 36.59 35.86 36.33 24.34 22.27 19.22 29.55 28.76 26.85 21.80 19.17 19.68 21.49 23.12 20.96 19.29 17.41 14.35 13.81 13.58 13.75 18.41 19.34 18.43 10.15 9.47 8.73 7.93 7.23 6.52 5.85 5.46 5.31 5.46 5.87 6.31 6.87 7.37 7.65 7.91 8.12 8.25 8.66 19.39 20.26 5.44 5.12 18.66 18.27 18.31 16.81 19.59 16.80 15.16 14.02
15.24 15.07 15.26 16.82 16.99 16.07 16.30 16.24 16.80 16.78 16.18 17.75 18.46 21.55 18.32 17.59 17.62 18.95 20.74 21.23 38.68 32.86 34.71 41.28 42.17 41.34 37.74 26.39 22.48 19.98 32.22 26.58 24.43 20.48 17.85 20.08 22.66 21.18 19.69 18.96 16.78 16.60 16.58 16.60 16.25 15.45 14.37 13.02 11.74 10.98 10.91 10.99 10.68 9.98 9.11 8.14 7.33 6.88 7.01 7.70 8.69 9.40 9.57 9.53 9.38 9.10 8.64 7.83 7.02 6.43 6.27 6.39 5.38 16.92 17.10 17.72 17.65 15.64 15.33
17.25 16.80 15.99 16.12 17.49 17.01 17.06 17.07 17.21 16.18 17.40 19.65 20.59 20.28 19.80 17.49 20.16 19.31 21.12 23.32 24.39 36.55 34.57 41.51 42.05 35.85 43.26 34.87 22.97 33.55 30.93 28.32 26.66 22.84 19.65 20.15 21.65 21.56 20.26 20.04 19.97 20.18 20.34 20.01 19.20 18.25 17.16 15.55 14.14 13.35 13.12 12.90 12.51 12.20 12.04 11.65 10.71 9.66 9.23 10.07 11.45 12.02 11.82 11.39 10.98 10.45 9.81 9.20 8.67 7.95 7.35 7.02 17.84 5.55 16.38 17.22 17.49 17.28 16.81
19.57 18.32 16.88 16.70 16.61 16.73 17.60 17.86 18.01 19.00 19.56 18.87 21.58 21.20 21.55 19.62 20.06 22.24 23.61 25.64 26.18 25.56 37.42 41.87 39.55 42.29 35.56 33.60 21.32 34.22 30.25 27.85 27.65 23.88 23.84 25.69 25.24 22.38 23.36 24.02 24.34 24.38 23.73 22.50 21.26 25.26 24.07 17.08 16.68 16.27 15.44 14.63 14.27 14.48 14.94 15.21 15.28 15.26 15.38 15.88 16.03 14.98 13.54 12.76 12.43 11.85 11.08 10.23 9.47 8.65 7.97 7.34 6.88 16.45 16.12 17.68 16.01 15.65 15.92
22.00 20.12 17.68 16.97 16.05 16.82 17.05 17.42 18.94 19.58 20.57 19.32 21.66 22.17 21.79 25.83 22.31 23.68 25.36 26.39 26.67 26.74 26.18 44.79 36.78 40.73 39.06 42.33 38.61 31.51 28.90 28.31 26.72 22.65 19.07 17.66 22.28 25.30 27.41 28.26 27.94 30.87 29.68 27.54 27.28 26.81 19.35 18.37 17.99 17.15 16.08 15.45 15.52 16.42 17.61 18.55 19.68 21.10 22.05 21.61 19.50 16.50 14.39 13.11 12.47 11.72 11.31 10.58 10.14 9.48 8.76 8.23 7.60 7.04 6.51 6.11 16.10 5.70 15.09
24.57 21.56 18.07 17.11 16.15 16.43 16.94 18.39 18.47 19.22 19.80 20.34 20.75 22.09 22.27 23.10 23.74 35.81 25.37 26.02 26.61 27.17 27.22 44.33 38.97 29.65 40.68 38.89 35.79 32.04 31.78 29.90 20.83 19.88 23.82 28.14 31.46 33.10 32.16 35.30 34.31 33.65 29.56 22.71 27.85 28.05 20.23 19.21 17.98 16.52 15.54 15.52 16.30 17.72 19.44 21.22 22.76 23.67 23.49 21.93 19.37 16.67 14.77 13.29 11.91 11.12 10.75 10.18 9.60 9.19 8.77 8.50 18.79 17.87 17.12 15.42 6.59 15.06 12.75
26.07 22.13 17.74 16.31 14.90 15.61 15.44 17.15 18.99 19.96 20.73 21.27 21.81 23.26 23.42 25.00 24.87 27.09 25.88 26.60 27.55 28.17 28.39 28.76 41.18 30.01 29.17 42.76 38.47 36.91 34.73 23.54 23.23 28.85 35.24 38.29 38.97 38.21 35.37 42.22 35.32 31.85 24.18 23.97 23.72 22.55 21.14 20.00 18.78 17.58 16.72 16.22 16.75 18.79 20.93 22.37 22.75 21.55 19.51 18.32 17.88 16.70 15.09 13.43 11.88 10.89 10.43 20.53 9.65 9.27 8.59 7.64 16.73 18.88 18.51 18.15 17.86 7.05 16.55
26.13 21.69 17.52 15.74 13.17 13.55 14.54 18.40 21.49 21.42 21.30 21.89 23.35 24.35 25.16 26.17 25.77 26.53 27.29 28.33 29.45 29.67 29.18 28.45 41.91 41.60 29.41 43.79 39.05 36.05 26.84 26.99 32.23 39.64 42.86 41.58 39.66 36.72 32.10 40.85 33.83 25.49 24.93 24.89 30.24 23.31 21.90 20.66 19.75 19.09 18.09 16.83 17.38 19.90 21.34 20.86 19.28 16.57 14.34 14.39 15.42 15.59 14.53 13.21 11.99 10.97 10.41 10.23 10.03 9.53 8.62 15.28 14.45 14.35 6.74 17.21 17.97 6.25 16.20
25.13 22.01 16.94 15.22 12.72 15.70 21.65 24.75 23.98 22.18 21.83 22.44 23.07 23.92 26.19 27.03 27.71 27.09 27.88 28.72 29.18 40.32 28.31 27.90 27.66 31.06 40.59 41.41 40.35 31.55 32.09 36.12 41.37 44.03 41.68 38.84 36.73 32.97 28.04 37.14 25.96 25.78 25.87 25.62 30.49 23.20 22.19 21.17 20.21 19.14 18.41 18.86 20.20 21.40 20.47 18.07 15.30 12.62 11.15 11.42 12.32 13.02 13.01 12.42 11.73 11.16 10.66 10.08 9.65 9.14 15.50 15.83 14.45 13.91 13.18 14.30 16.23 16.13 16.69
22.34 21.13 18.02 14.41 15.08 17.95 23.78 24.20 21.91 21.24 21.88 22.85 24.63 24.63 26.88 27.55 28.63 27.54 27.95 30.23 27.76 27.35 27.13 27.50 28.51 29.16 31.46 45.01 40.60 34.41 37.83 41.88 43.08 40.45 36.53 34.65 32.68 28.91 25.55 32.82 29.09 26.06 26.30 25.83 24.76 23.48 22.59 22.00 21.23 20.21 20.85 23.11 23.89 22.41 19.25 15.76 12.64 10.19 8.84 8.72 9.25 9.91 10.44 10.65 10.37 9.91 9.39 8.84 8.41 8.16 7.40 6.81 17.29 17.01 12.50 13.58 14.35 13.72 17.02
19.25 19.15 17.68 13.13 15.61 18.95 22.25 20.86 18.81 19.38 21.15 22.98 24.37 25.43 26.26 28.23 27.30 29.47 27.66 28.89 27.48 27.24 26.91 27.52 28.92 30.17 32.08 32.96 42.53 36.04 37.58 37.99 35.93 32.13 29.37 27.59 27.28 25.83 37.21 30.09 26.90 27.40 29.21 28.55 25.25 24.58 24.42 24.81 25.04 25.16 25.58 25.23 23.21 20.19 16.47 13.30 10.52 8.33 7.04 6.58 6.85 7.41 7.95 8.34 8.33 8.01 7.57 7.12 15.05 6.23 16.96 15.86 16.73 15.88 15.41 13.76 14.16 11.78 13.14
19.13 18.15 16.72 12.74 16.08 19.35 21.32 19.58 17.84 18.74 20.91 23.00 24.62 25.79 26.61 27.07 27.21 27.27 27.32 27.38 27.58 27.39 27.11 27.87 29.20 30.58 32.61 34.86 45.78 36.00 35.00 32.25 36.27 27.32 25.23 25.09 23.54 23.75 32.37 29.59 28.48 28.55 27.71 26.18 25.20 25.34 25.80 27.05 28.35 28.98 27.93 24.88 21.02 17.52 14.13 11.48 9.48 7.30 6.10 5.78 6.03 6.55 6.85 7.19 7.30 7.17 6.91 6.21 5.44 13.93 13.28 12.62 4.12 15.74 12.09 13.07 13.02 12.33 12.77
