examples/cougarCreek-fire/createInputs/farsite/7a-cougarCreek-polygonIgnit/cougarCreekFire_08-12-2015_2200_217m_non_neutral_stability_ang.asc
ncols	146
nrows	140
xllcorner	610065.000000
yllcorner	5095217.000000
cellsize	216.586807
NODATA_value	-9999.000000
[rows 42 to 83 of 140, columns 0 to 93 of 146]
282 282 283 283 281 285 283 288 287 289 291 280 277 268 263 260 258 267 278 282 282 275 260 245 262 274 273 265 262 258 230 1 5 354 2 12 38 49 53 62 81 96 96 94 92 89 96 98 102 98 104 98 98 97 96 95 94 93 92 91 91 91 90 89 89 90 92 93 94 94 95 97 97 98 99 101 104 106 107 107 135 136 104 106 118 121 124 127 128 127 127 127 138 122
283 284 285 285 284 252 286 287 289 290 281 271 259 258 256 257 265 272 277 280 276 259 246 256 268 276 266 261 261 258 231 209 65 30 9 14 26 44 49 51 58 74 83 79 89 93 96 98 96 104 102 102 101 100 98 96 94 93 89 91 90 89 89 89 90 92 94 94 94 94 95 97 98 99 100 102 105 108 110 112 109 107 125 107 119 122 124 127 129 130 128 128 142 134
284 285 286 288 287 282 287 288 289 277 264 258 257 259 258 260 260 262 271 271 263 256 255 258 269 270 262 259 262 258 233 219 200 131 42 35 24 33 40 48 51 57 77 86 92 98 91 100 105 105 105 104 103 101 99 97 95 93 93 93 92 92 83 84 84 84 83 80 79 80 82 83 83 84 85 103 105 109 113 115 114 110 144 108 119 121 125 127 130 132 131 129 142 136
285 286 288 289 283 284 286 288 289 259 258 257 263 269 265 260 257 265 276 274 266 259 258 258 265 265 259 258 263 253 232 223 211 188 152 91 59 50 51 57 49 58 79 91 97 83 94 106 108 107 106 96 103 102 101 99 97 96 97 88 87 87 69 68 68 77 84 83 78 82 86 89 90 92 92 90 88 93 112 116 117 115 145 113 119 123 123 127 130 133 134 132 131 131
286 288 252 289 283 284 261 264 258 258 256 262 271 268 262 259 260 280 281 279 273 260 247 244 260 261 260 263 265 252 230 224 216 202 167 121 99 87 73 59 29 28 46 55 82 96 100 107 105 110 107 104 104 104 104 103 103 95 95 76 73 68 68 76 77 83 84 81 91 103 105 106 101 96 97 103 110 95 107 115 119 119 114 138 109 123 126 128 130 132 134 134 133 135
287 254 278 290 291 284 262 258 258 256 261 271 275 271 270 278 292 289 282 276 264 246 243 239 254 259 262 266 263 250 236 226 219 207 174 119 117 127 108 89 50 73 109 105 107 108 108 111 114 115 113 105 105 104 102 103 104 73 73 85 87 86 89 93 96 96 94 96 101 103 102 101 96 96 100 104 109 108 96 111 118 121 118 116 110 124 127 129 131 132 134 135 135 136
286 251 260 264 257 259 255 259 266 262 271 289 278 280 292 293 290 287 279 271 262 247 244 249 260 262 270 267 266 258 246 236 232 212 169 109 118 148 137 154 156 141 152 132 109 102 113 89 121 123 120 89 82 84 82 82 86 108 122 122 115 104 105 114 113 108 106 103 102 99 93 92 97 98 98 101 108 118 102 108 116 121 121 119 148 118 128 130 133 134 136 136 137 138
253 277 256 259 279 256 264 284 285 271 274 290 292 293 286 277 271 267 264 264 262 241 245 261 262 264 268 264 265 269 250 244 247 218 175 108 108 139 138 156 163 144 149 152 129 127 88 124 126 130 96 82 143 117 99 104 106 109 116 123 117 117 113 112 104 101 99 94 92 92 91 91 91 93 95 97 98 97 92 97 114 119 121 121 122 125 148 108 134 136 107 138 137 139
279 259 259 276 276 290 292 287 287 287 291 293 294 284 271 266 265 264 263 264 263 245 245 245 252 259 276 263 271 263 244 248 246 218 196 146 123 141 142 154 154 145 142 153 158 149 139 140 147 158 148 144 151 149 141 119 115 115 114 116 116 120 120 117 108 95 91 86 84 82 84 86 87 93 96 93 86 83 90 99 113 117 120 122 123 126 129 132 135 120 111 108 141 142
278 278 276 278 291 292 286 287 288 290 293 295 295 277 267 266 265 264 264 265 266 264 246 247 243 259 264 279 274 259 244 250 238 219 199 178 164 159 155 158 148 137 133 140 153 147 146 146 144 155 155 155 140 157 131 87 116 116 115 112 113 116 123 122 116 106 107 98 97 101 106 105 102 107 109 113 115 119 109 112 113 117 120 123 124 126 128 131 135 138 131 116 106 146
257 277 259 292 293 286 287 287 278 292 294 277 269 269 266 266 266 265 266 266 266 265 265 287 251 287 287 284 270 250 240 246 234 219 200 182 169 163 161 155 141 131 128 130 140 150 147 144 141 141 148 149 146 145 137 173 107 117 108 108 107 110 118 107 120 115 115 110 106 108 95 116 114 98 100 102 104 106 108 111 106 118 122 125 127 128 129 131 135 137 141 144 146 147
279 260 292 293 285 283 273 272 276 281 273 271 291 288 286 287 287 268 267 267 257 267 264 245 265 288 277 268 256 240 231 240 237 221 197 178 165 152 128 113 122 122 125 128 134 150 146 148 145 144 143 141 139 150 144 158 127 121 123 121 118 119 111 108 105 101 99 96 93 93 95 97 97 98 100 102 108 99 110 113 115 118 127 125 129 132 132 134 136 136 139 143 146 149
283 262 283 282 266 265 271 275 277 278 271 291 288 286 268 269 286 271 270 270 289 290 258 245 266 273 262 253 253 239 229 245 243 222 257 181 185 165 138 141 147 132 122 123 158 149 146 154 151 150 147 144 141 139 147 139 131 129 130 128 123 111 108 105 103 101 99 95 92 92 95 97 99 100 101 104 106 109 111 113 116 119 123 126 130 133 136 137 139 139 140 143 146 149
284 277 282 266 283 278 284 276 271 271 290 289 287 285 270 270 286 271 289 290 264 250 248 256 258 259 252 254 258 240 226 246 242 225 196 267 201 206 186 168 162 159 134 125 173 157 165 160 156 155 153 149 145 141 137 142 135 125 122 118 114 111 109 106 103 102 100 96 94 94 96 99 102 103 104 105 107 109 111 115 119 123 122 107 132 135 137 140 142 143 144 146 148 149
275 293 278 276 292 279 286 271 288 288 286 285 286 287 271 285 286 287 294 252 252 247 245 258 262 256 260 267 260 238 229 242 242 224 206 178 206 206 187 183 176 176 159 128 125 172 160 166 161 159 157 154 150 145 140 136 132 128 125 121 119 117 114 111 107 104 102 99 97 97 99 100 102 104 105 106 108 111 115 118 121 112 127 130 134 122 140 143 146 147 147 148 151 151
292 294 275 293 292 294 286 285 296 295 295 282 296 296 284 284 284 274 259 251 250 245 246 280 262 256 265 267 250 232 236 251 253 238 201 193 208 198 173 184 179 177 168 156 127 181 174 168 169 164 160 158 155 151 146 143 139 135 132 129 126 122 118 115 111 107 105 103 100 99 100 101 103 105 108 111 114 118 120 92 124 126 129 131 134 137 140 142 144 144 149 150 151 154
293 295 295 294 295 290 283 296 295 295 284 283 295 294 276 284 289 292 293 285 250 246 289 289 262 261 281 265 240 236 250 255 253 241 188 202 199 196 171 187 170 162 167 169 156 128 122 176 171 165 166 162 136 156 153 150 146 142 139 135 131 127 123 118 114 111 108 105 102 100 101 103 106 110 114 117 84 90 97 95 128 130 133 135 136 138 140 126 145 147 149 150 152 153
293 296 297 297 299 283 297 296 295 281 284 296 282 294 293 294 294 294 294 294 251 279 290 280 257 280 282 257 239 246 260 254 244 235 213 197 194 195 192 198 189 171 169 175 178 167 161 178 137 170 165 171 166 162 160 156 152 147 144 140 137 133 129 124 120 116 93 109 105 103 105 109 113 116 79 85 103 103 100 100 131 134 136 139 141 142 144 146 147 148 149 151 152 153
293 297 298 298 283 296 295 295 279 285 295 295 295 296 297 298 293 292 294 294 260 259 260 253 277 281 267 252 252 261 259 247 239 233 220 206 184 196 195 196 194 185 180 171 178 177 174 168 163 174 180 126 159 170 168 164 160 156 152 147 143 139 135 99 99 121 116 113 110 110 113 116 82 85 101 101 101 97 108 113 110 109 111 112 111 112 113 148 149 150 150 152 153 154
294 297 298 297 297 295 295 296 295 295 295 297 299 302 301 298 277 294 292 285 279 248 252 278 281 280 277 261 262 259 248 239 239 231 220 209 201 196 199 196 196 186 183 171 166 170 168 166 166 177 185 182 179 177 175 171 168 148 137 132 124 117 108 102 132 127 123 120 118 118 82 89 102 100 100 96 105 113 120 124 126 127 125 127 129 129 129 127 151 151 152 152 154 156
296 297 296 295 295 294 295 295 294 296 299 303 304 300 293 272 296 294 296 282 278 250 245 260 279 278 265 264 262 254 241 240 247 231 216 211 203 200 202 201 197 189 188 189 171 171 168 167 167 180 190 187 184 167 180 176 183 170 142 119 128 124 119 114 103 98 133 93 83 86 88 96 92 96 93 108 117 120 118 123 125 127 129 129 146 126 128 129 152 153 153 154 154 155
299 298 295 294 294 294 293 295 297 303 304 302 300 298 287 276 296 297 285 251 248 247 245 249 276 275 264 265 260 252 244 250 249 225 214 211 209 202 204 204 200 190 188 194 187 183 182 173 168 184 195 192 190 165 185 183 195 177 155 154 167 162 103 94 83 106 96 130 141 103 98 100 98 97 105 113 121 129 121 120 127 145 131 131 149 122 122 127 154 154 154 155 159 157
302 300 296 295 295 295 296 300 305 304 299 298 301 303 272 294 295 291 280 251 279 273 245 249 260 259 264 264 255 249 248 242 237 227 216 213 217 208 207 211 203 192 170 189 191 186 186 198 195 170 186 198 196 193 190 189 187 183 183 157 174 180 166 146 138 131 137 143 139 147 118 126 134 135 126 118 125 125 111 112 120 128 149 150 151 152 153 132 155 155 156 156 157 157
304 302 298 297 298 301 303 306 304 294 289 289 282 274 294 292 293 287 278 252 291 273 248 246 257 270 274 265 257 254 249 234 230 226 217 219 218 213 212 216 207 194 174 190 193 189 191 188 198 198 189 203 200 199 194 195 194 192 190 155 183 177 174 157 149 137 138 138 157 160 129 125 135 142 133 112 95 94 95 102 105 107 112 114 115 118 155 156 155 156 156 156 161 158
306 303 299 299 306 309 308 303 297 292 287 282 270 273 291 294 298 281 295 276 291 289 288 288 253 273 275 274 263 257 243 232 229 225 223 222 220 214 217 220 211 199 187 171 213 209 207 204 201 200 198 191 206 168 202 200 199 198 196 195 138 186 158 162 160 149 153 148 134 128 126 134 125 135 138 112 94 101 96 107 111 115 114 110 105 105 158 158 157 157 158 160 159 160
309 306 303 303 305 308 306 300 294 289 281 272 265 271 290 298 299 279 295 249 275 274 288 287 250 273 275 274 258 244 235 231 228 227 224 222 224 220 218 227 212 206 192 225 216 182 176 177 169 197 182 195 193 210 188 205 204 203 202 121 199 155 157 189 165 153 154 174 171 127 122 125 131 137 150 167 162 162 161 161 162 161 160 160 160 160 123 120 161 159 159 159 159 160
312 309 305 299 300 297 293 292 279 278 267 293 290 301 287 298 300 256 278 276 276 251 288 247 246 284 282 275 250 241 232 230 228 225 225 227 225 221 222 225 219 219 233 240 228 218 211 171 202 183 177 216 214 214 213 175 208 207 207 176 147 159 169 157 173 163 161 182 180 151 122 116 132 133 128 160 167 144 166 165 117 99 96 107 117 125 161 119 162 162 161 162 160 160
310 308 304 294 290 272 271 272 274 275 265 267 261 301 287 298 300 298 255 294 271 250 245 244 249 283 281 274 245 241 239 232 227 229 226 230 230 224 224 227 229 235 211 232 226 218 214 210 208 204 202 219 218 218 217 216 180 211 212 212 140 208 205 140 154 146 142 191 188 187 150 129 128 143 124 129 143 173 95 171 170 169 167 167 165 164 164 164 163 163 164 163 163 162
310 307 304 293 288 267 267 272 274 272 267 267 265 293 291 299 301 298 256 293 292 249 267 250 271 283 279 265 244 241 248 230 227 228 227 237 228 223 224 232 232 226 221 230 227 219 180 179 211 208 223 222 221 179 221 220 218 215 215 216 208 212 211 209 206 132 135 148 196 194 179 154 144 146 143 139 136 178 116 107 109 106 108 104 111 168 167 166 166 112 167 166 166 165
312 308 304 303 287 266 268 284 275 270 270 268 302 261 299 300 302 298 257 293 253 252 287 269 284 283 276 248 236 246 248 234 268 266 230 231 230 224 226 234 227 224 224 212 230 226 217 179 211 209 210 225 204 182 178 224 222 219 218 218 218 190 215 213 211 210 208 121 147 201 199 164 147 141 140 145 148 142 138 131 177 175 136 176 102 109 108 108 125 121 116 119 120 169
312 308 304 304 285 265 270 284 272 269 271 270 272 287 302 301 302 297 273 292 290 288 287 270 284 279 271 244 241 250 245 233 229 228 240 235 226 242 226 235 227 219 235 230 203 229 222 182 214 231 213 229 178 190 228 227 226 224 222 221 222 222 181 186 177 214 120 211 208 157 204 159 142 129 130 143 161 155 159 149 134 131 140 174 172 159 150 157 161 169 164 142 136 134
310 307 305 304 283 270 271 283 268 267 271 271 273 301 294 300 301 296 293 291 290 288 287 259 284 278 253 246 256 263 237 233 230 239 248 236 245 219 228 237 227 220 236 231 213 230 187 222 220 233 213 232 181 231 188 230 229 228 226 224 225 225 213 177 170 167 183 150 137 135 136 138 140 139 140 150 166 162 165 165 136 130 134 157 176 169 145 142 154 169 169 162 142 137
306 305 304 303 281 270 271 270 266 266 268 270 303 263 296 298 300 296 293 291 290 288 287 272 285 275 249 259 265 243 233 231 231 255 249 231 244 220 228 239 231 219 220 225 234 229 223 223 220 220 233 182 181 231 231 180 230 229 227 226 226 227 226 186 168 166 165 166 167 176 178 168 168 206 158 161 168 166 167 171 159 134 133 138 155 172 158 133 135 156 173 174 159 140
304 304 303 284 279 279 280 269 266 267 281 273 266 261 297 298 299 296 293 252 290 288 287 286 277 269 251 265 246 243 230 231 241 258 241 229 243 224 227 235 230 217 217 234 235 214 241 184 236 218 234 233 187 232 231 199 184 230 229 227 227 227 228 213 173 189 166 186 184 170 215 213 173 176 208 169 168 173 168 167 165 137 123 130 139 159 164 147 132 134 154 177 179 158
304 304 303 280 278 277 281 279 267 284 302 302 302 261 298 300 300 296 264 292 290 288 287 286 270 253 254 250 243 241 233 233 244 246 227 245 242 228 239 233 230 217 216 222 236 234 193 239 236 217 234 234 233 232 232 212 184 231 230 229 229 229 229 228 194 174 172 172 187 168 180 191 190 175 184 183 169 175 178 159 152 137 143 135 139 161 152 152 141 133 182 140 180 182
304 303 303 277 277 282 284 278 280 289 304 291 302 301 299 300 299 295 293 291 290 288 287 269 259 254 253 247 242 245 241 229 246 238 229 244 259 228 240 232 239 230 228 230 236 236 214 239 237 217 235 234 234 233 233 213 184 232 231 232 179 230 230 229 208 180 180 177 167 177 173 184 186 178 214 212 210 173 188 170 163 163 146 143 147 191 159 141 143 138 129 185 141 182
303 303 302 275 279 303 282 268 281 287 286 268 302 300 299 300 298 295 293 291 290 288 287 265 242 251 249 246 243 248 247 227 234 228 240 261 259 236 235 240 232 229 229 229 232 231 227 206 238 217 217 235 235 234 234 235 183 184 183 233 232 231 231 230 230 183 176 175 170 225 223 222 174 175 216 215 189 194 144 165 177 180 169 158 158 195 194 160 157 159 149 142 188 183
303 303 302 277 277 303 280 276 280 282 281 267 264 299 299 299 297 295 293 291 290 289 255 285 283 249 249 248 243 246 247 226 226 229 239 261 259 236 241 237 232 228 228 229 230 228 227 225 195 237 217 236 235 235 235 228 236 183 194 234 233 233 233 233 232 213 173 171 168 226 225 224 223 177 190 198 216 214 145 154 174 185 182 172 160 199 198 197 196 195 194 159 151 188
303 303 302 274 277 303 302 277 278 280 277 268 279 299 299 299 297 295 293 292 290 288 265 285 236 247 249 275 244 249 242 228 226 238 238 260 258 236 248 226 232 230 226 227 227 227 227 234 231 238 237 237 235 235 236 236 236 176 220 234 234 234 234 177 233 232 178 171 174 181 179 179 225 223 177 183 217 217 188 168 168 180 208 207 205 203 202 201 199 198 196 195 193 154
303 303 302 277 303 303 302 281 276 275 275 281 278 299 299 299 297 295 294 292 290 250 286 284 249 252 277 274 250 229 249 238 237 232 238 236 234 231 238 255 253 251 229 225 224 227 228 241 238 239 238 237 235 236 237 214 183 235 225 215 235 235 235 235 205 233 215 177 174 186 162 175 182 225 224 222 219 219 194 179 171 212 210 209 208 207 205 203 202 201 199 196 196 157
303 302 302 272 303 303 302 280 274 266 274 303 277 299 299 298 296 295 294 292 259 243 286 284 251 243 276 275 236 227 247 244 238 225 237 235 235 246 239 255 253 252 232 226 223 224 228 241 234 219 238 237 236 238 217 216 220 184 219 226 192 236 236 235 235 235 235 188 179 184 190 188 201 180 225 174 187 221 221 187 179 215 213 212 211 210 208 206 203 203 202 199 201 198
303 302 302 302 302 302 302 280 275 264 278 303 266 300 267 298 297 295 293 259 252 267 285 283 247 278 276 274 237 242 244 245 241 239 238 235 235 257 235 254 253 232 251 227 247 245 244 237 235 224 217 237 238 224 196 216 238 217 215 227 222 195 180 235 235 236 236 211 183 184 181 177 205 205 188 184 184 187 187 184 179 218 216 213 213 212 210 209 207 204 206 202 203 202
