examples/cougarCreek-fire/createInputs/farsite/7a-cougarCreek-polygonIgnit/cougarCreekFire_08-12-2015_1000_217m_non_neutral_stability_vel.asc
ncols	146
nrows	140
xllcorner	610065.000000
yllcorner	5095217.000000
cellsize	216.586807
NODATA_value	-9999.000000
[rows 34 to 67 of 140, columns 0 to 77 of 146]
11.56 13.43 20.35 15.43 11.90 18.23 20.56 22.10 23.41 23.57 26.07 25.49 27.40 23.73 17.84 23.49 23.40 26.26 27.48 27.57 32.16 38.29 41.64 43.96 38.39 34.13 29.04 30.49 36.28 40.75 42.85 39.54 19.08 4.77 5.67 7.53 10.10 13.92 20.17 23.71 26.42 28.41 30.22 30.65 34.14 32.53 32.34 23.66 24.02 24.21 25.17 26.14 26.23 25.36 24.12 22.24 20.16 19.81 20.15 19.38 19.26 17.73 23.06 21.86 20.00 19.40 18.75 12.79 8.42 10.09 13.27 15.87 16.83 22.39 21.09 18.60 16.05 14.71
20.22 20.38 24.32 23.13 15.51 14.11 22.95 26.38 26.31 25.88 25.94 28.68 29.32 27.43 24.46 16.71 15.67 15.88 15.09 21.08 26.99 33.77 36.34 42.19 38.17 37.72 35.95 35.16 37.72 41.26 39.61 37.69 25.41 9.04 6.05 6.45 8.37 14.36 19.88 24.07 27.04 28.71 31.08 32.20 31.10 33.31 35.67 35.88 32.93 25.87 26.11 25.73 27.09 27.72 26.48 24.47 22.66 21.81 22.32 29.58 27.76 26.38 18.25 16.69 12.33 11.82 11.65 12.61 13.78 14.70 16.14 16.18 17.97 8.69 15.13 13.57 13.45 12.58
14.94 18.44 21.54 22.37 16.45 16.43 14.32 24.69 26.74 27.32 27.67 27.94 27.59 29.60 30.23 27.90 26.18 26.93 25.29 26.41 29.78 31.15 34.85 32.70 34.72 36.17 37.73 40.09 42.49 43.41 38.60 34.30 27.08 14.66 8.96 7.37 6.55 8.33 8.29 11.62 14.41 17.90 22.61 31.68 31.43 33.83 35.45 35.69 37.19 26.96 27.40 26.15 27.39 28.90 28.53 27.69 26.37 23.92 22.84 23.57 23.39 22.02 19.72 24.61 17.80 13.81 14.79 16.59 17.71 23.03 17.23 15.40 10.60 5.22 1.57 2.77 3.82 3.98
17.80 18.64 19.05 21.24 24.38 21.62 21.48 26.06 28.35 26.96 26.75 27.37 26.42 27.56 26.85 27.24 28.91 27.59 26.58 25.26 25.91 27.96 32.27 37.00 33.91 32.19 38.61 41.13 46.25 48.81 44.01 27.90 22.13 18.82 15.86 16.45 15.03 14.52 16.75 19.53 13.51 22.22 19.12 22.76 25.01 19.16 20.92 31.06 36.84 36.02 34.96 27.58 28.33 28.53 28.05 29.01 28.16 26.56 24.39 23.89 23.81 22.77 20.10 17.45 16.17 15.47 15.27 15.33 14.90 14.25 13.35 12.30 20.16 8.31 5.85 5.01 4.97 4.54
6.49 7.50 15.33 19.61 24.18 24.82 15.96 14.26 30.34 28.88 30.60 26.64 25.55 23.64 23.79 24.34 24.50 25.19 26.19 27.55 27.89 26.41 30.23 36.34 37.80 36.08 40.14 44.78 49.16 53.48 52.65 37.15 13.50 9.74 11.31 13.77 13.01 8.17 9.24 22.94 24.41 24.70 14.11 15.98 16.78 17.97 19.15 18.78 32.78 33.74 38.32 35.54 36.44 29.57 29.03 29.60 29.24 29.14 26.12 25.37 25.72 25.43 24.28 22.82 21.10 20.86 18.44 16.23 14.12 12.11 9.15 6.12 7.46 9.21 9.55 8.93 7.63 6.62
7.98 14.62 19.20 20.79 23.29 27.21 13.40 25.97 26.54 30.99 29.46 27.17 27.06 24.01 23.70 23.65 24.36 24.80 24.85 26.07 26.26 27.26 29.27 35.67 36.26 35.74 39.02 43.80 52.99 54.98 58.51 44.85 20.64 4.36 6.52 9.09 10.90 13.03 15.57 7.85 8.74 24.11 14.05 16.03 25.33 30.77 32.80 33.42 34.15 35.98 36.92 37.65 36.58 37.50 38.74 32.69 31.21 29.07 27.27 26.00 24.80 24.17 24.39 24.93 25.06 24.96 23.76 20.62 18.02 15.36 12.62 10.08 8.02 6.29 4.72 5.94 7.59 8.95
11.77 19.49 21.75 24.41 12.96 13.48 13.25 25.12 25.71 28.31 31.30 28.61 27.59 24.91 24.86 23.28 23.99 24.37 23.26 24.62 27.19 29.77 30.49 32.20 32.29 33.02 36.03 42.98 47.33 55.35 60.59 47.43 25.14 10.85 6.41 7.01 7.27 11.87 19.93 12.90 12.91 15.57 18.00 14.85 15.60 16.83 19.30 21.91 21.95 34.78 35.68 35.39 37.12 36.30 24.21 25.59 38.72 38.15 23.82 37.35 35.70 26.38 24.69 25.45 25.34 25.82 24.69 21.05 19.05 17.45 15.71 13.89 12.50 11.62 9.26 5.69 0.85 5.94
10.17 10.26 17.72 21.49 11.63 12.36 12.41 23.52 24.65 28.66 31.57 30.92 27.51 23.82 23.69 22.84 23.55 23.86 23.61 26.80 29.19 30.44 31.26 27.55 27.49 30.56 37.85 41.96 43.04 54.52 63.26 52.05 28.25 13.28 5.81 3.64 7.36 11.91 17.06 21.69 19.65 21.20 24.94 26.50 27.89 25.84 21.51 22.47 29.41 30.01 32.07 29.62 24.42 31.25 33.43 33.85 31.63 30.75 24.44 25.22 31.27 27.30 27.40 28.06 27.11 25.64 25.67 27.87 27.81 27.72 26.35 22.07 14.14 13.08 11.54 8.58 6.93 4.12
10.07 16.85 18.96 18.85 20.94 11.30 21.92 22.02 24.29 27.29 30.79 32.35 29.69 26.32 24.22 23.45 23.25 24.85 26.62 27.30 29.39 31.40 28.68 25.03 26.33 29.10 37.25 40.83 43.04 52.95 64.94 62.11 47.41 27.80 15.13 7.41 7.42 11.06 14.69 19.70 22.06 20.53 22.22 25.26 29.96 32.35 33.81 33.45 32.21 23.43 31.47 30.00 25.52 26.51 27.92 25.75 25.79 25.83 24.79 27.31 25.86 27.78 31.35 36.43 29.13 26.49 24.08 22.21 21.82 20.90 20.03 18.43 16.67 17.18 16.42 18.13 13.63 4.58
7.79 5.88 16.16 6.92 10.07 11.72 21.21 20.23 22.80 26.66 30.15 30.85 25.36 24.03 24.00 25.32 23.59 24.74 25.77 28.66 31.19 28.88 25.72 24.48 24.69 28.18 36.14 38.96 43.59 50.02 61.04 61.02 56.48 46.70 34.36 17.94 9.13 10.81 12.46 14.92 18.32 20.76 22.02 24.36 27.83 29.71 30.22 30.21 32.72 32.94 32.71 33.03 30.95 29.73 29.63 30.28 32.38 33.46 36.75 32.95 29.76 25.65 25.21 24.33 22.59 20.59 19.00 17.81 13.63 15.80 10.73 9.45 9.23 8.77 7.22 13.66 15.59 17.71
9.27 9.14 8.39 16.84 18.76 21.20 20.57 21.11 22.81 23.50 26.97 26.51 28.29 30.02 27.26 27.51 22.49 24.02 25.78 29.60 33.02 29.63 26.76 23.86 23.04 28.20 34.37 35.89 41.71 48.02 58.03 56.50 56.25 49.89 42.35 35.58 18.95 12.51 11.36 12.80 14.88 16.93 18.26 16.57 18.80 23.00 27.80 27.77 29.84 30.56 32.21 33.40 34.46 33.72 35.00 36.37 31.12 25.27 24.18 23.30 21.74 21.59 21.42 20.10 20.07 18.85 15.88 14.11 13.24 11.62 9.62 8.54 9.31 9.84 8.60 7.27 5.63 4.54
16.79 15.55 15.98 19.37 19.26 22.10 20.42 21.67 22.35 19.90 12.26 25.67 32.64 32.54 30.18 28.06 25.56 24.88 25.60 31.01 33.11 30.43 26.21 23.21 22.72 27.16 31.52 33.68 37.73 47.68 54.27 51.72 52.18 50.10 43.83 36.00 28.18 23.92 17.73 14.89 12.76 9.40 8.25 9.54 12.00 18.13 22.62 22.64 26.94 29.24 32.25 32.98 30.60 29.06 27.68 26.45 22.60 22.66 21.98 21.49 20.70 20.74 20.73 19.51 19.26 17.79 20.05 18.57 13.67 16.59 21.65 14.92 14.67 16.16 16.32 15.32 6.10 12.76
8.25 7.62 6.75 18.25 19.55 21.68 20.48 20.12 19.85 10.21 21.78 25.70 32.11 32.70 32.79 30.17 27.18 25.60 26.24 30.88 32.16 29.61 24.72 21.60 23.34 25.29 29.15 33.44 40.06 51.53 52.32 49.88 49.01 48.15 42.76 33.35 28.72 26.97 22.81 18.91 18.13 16.75 15.51 13.92 12.96 22.56 20.25 19.94 25.76 25.73 20.35 21.25 20.78 19.38 19.73 20.64 21.24 22.00 21.98 21.29 20.80 21.01 20.42 19.09 18.06 20.07 12.95 12.41 19.20 12.74 10.96 9.27 8.13 15.62 15.59 12.62 5.89 14.10
9.00 8.33 7.36 19.18 20.43 20.22 9.53 19.11 20.16 20.44 22.40 25.86 28.49 32.81 35.97 34.36 16.72 12.82 26.78 30.22 32.25 27.13 23.53 22.88 24.23 24.67 26.74 33.19 41.47 49.17 50.94 48.35 44.88 46.83 40.84 30.73 25.28 28.74 27.47 24.87 21.87 19.70 19.09 16.51 22.45 16.19 16.26 20.08 13.23 15.17 16.24 17.25 18.30 18.11 18.94 21.52 23.55 24.29 23.32 21.22 22.47 22.18 21.92 21.28 17.09 14.86 17.13 16.64 12.30 12.87 12.38 15.57 16.25 16.26 15.75 14.74 8.34 7.86
8.80 8.08 11.73 19.37 10.74 10.22 6.34 19.91 20.50 21.27 23.42 23.22 25.42 29.65 29.56 21.78 19.53 16.66 29.27 31.00 32.96 27.93 24.85 26.03 23.79 24.08 26.81 34.00 41.80 48.41 48.32 46.69 41.86 47.57 38.56 33.50 21.77 27.26 27.19 32.32 26.13 16.78 15.41 15.62 21.34 20.02 20.40 11.65 13.22 14.50 16.96 20.98 22.00 21.68 22.59 24.18 24.53 23.50 21.15 18.97 17.99 16.76 15.94 16.54 16.29 14.85 13.20 11.70 15.60 16.67 18.30 23.04 16.11 16.16 20.64 17.03 14.59 9.40
8.69 8.07 7.81 7.35 10.08 18.35 20.65 21.48 19.97 22.01 21.54 22.21 23.66 22.77 17.49 33.35 34.23 33.56 29.84 32.87 33.02 30.59 28.49 25.92 23.50 25.41 27.26 34.34 40.58 38.16 48.18 38.43 41.03 45.50 40.10 34.93 21.49 24.88 25.09 29.75 15.19 25.03 10.98 13.07 16.60 23.15 17.76 18.86 20.38 22.97 26.44 26.59 24.54 22.94 22.08 20.26 19.89 20.33 18.13 17.53 16.75 15.53 14.53 14.56 18.81 18.52 17.97 18.19 23.52 23.47 22.04 15.58 15.29 14.32 13.42 14.38 15.68 16.48
8.77 7.83 6.37 10.04 20.17 18.96 17.89 19.58 20.06 21.08 22.67 22.46 21.90 25.21 27.15 29.62 32.68 34.81 33.98 34.46 34.01 32.07 28.73 24.87 24.72 25.56 27.45 32.26 31.97 37.15 46.17 36.50 39.89 45.80 43.29 36.56 24.74 26.05 24.47 24.85 25.05 22.13 22.32 16.55 12.20 16.89 22.75 23.80 26.12 28.22 27.36 23.57 21.06 18.29 14.85 13.79 16.20 17.37 18.60 19.20 16.11 15.12 13.98 13.48 13.01 11.66 11.04 11.24 10.48 9.92 10.00 9.30 8.47 13.78 13.10 12.44 4.82 4.98
8.72 7.22 10.44 19.75 18.87 19.07 20.11 20.66 19.86 22.11 18.65 10.32 22.26 23.88 12.37 26.30 29.02 34.54 36.71 37.37 35.56 34.46 31.27 25.38 25.33 26.03 27.64 30.58 32.63 35.93 43.02 35.66 39.47 46.87 43.38 35.44 28.41 29.63 26.70 24.66 20.84 18.04 18.09 22.20 18.59 19.35 13.72 16.91 19.83 21.80 21.27 18.71 16.61 13.97 10.77 11.02 13.14 12.75 17.20 19.38 19.41 17.95 13.39 13.29 12.70 10.98 15.13 10.44 22.36 15.29 11.80 14.93 14.18 11.29 10.75 6.67 6.12 5.89
8.59 7.26 12.53 19.52 18.51 19.63 20.07 19.91 20.43 21.88 22.68 20.90 19.41 20.31 22.32 23.58 25.95 30.07 34.76 38.57 37.16 35.79 32.78 19.00 27.94 25.02 23.61 26.70 32.62 41.48 39.62 34.39 40.12 48.11 40.42 31.84 29.63 30.12 27.39 25.43 19.82 16.03 14.62 18.07 23.65 19.42 19.90 14.73 16.66 18.40 19.42 18.31 15.45 12.88 11.90 11.41 11.51 12.75 14.35 17.27 17.94 24.50 15.65 13.59 13.42 12.53 12.17 11.87 13.53 12.93 11.10 10.65 11.13 11.15 10.58 9.97 9.69 9.27
9.66 14.14 20.65 21.83 20.60 21.03 20.87 20.37 22.20 21.70 20.63 6.95 18.33 19.26 22.87 25.28 24.75 26.83 29.94 35.48 35.95 35.91 31.28 28.47 30.97 22.92 24.95 33.19 38.57 39.51 35.90 37.83 39.61 49.74 39.44 30.29 27.84 25.67 22.06 19.99 18.88 15.92 12.70 15.14 19.81 23.95 26.84 24.19 23.87 19.84 17.49 16.46 14.38 12.08 11.15 10.19 9.04 11.09 13.64 15.20 15.81 15.75 13.80 13.54 13.69 12.84 13.80 13.66 14.96 14.48 11.53 10.58 11.16 11.37 12.59 13.46 19.45 17.11
12.75 17.10 21.85 22.16 23.69 22.12 24.70 21.94 22.28 21.67 7.78 7.30 20.32 23.20 24.09 25.43 25.15 26.15 28.27 31.82 34.20 34.88 33.54 31.44 30.59 29.30 31.17 32.40 36.70 39.44 34.85 34.55 37.96 49.99 39.32 30.32 35.78 34.74 27.39 26.21 26.68 23.08 15.31 10.43 13.40 20.20 24.16 26.41 27.53 28.48 21.05 16.56 13.22 11.91 10.97 10.70 10.92 12.03 12.68 13.71 15.27 15.24 13.20 13.89 14.78 13.72 12.50 13.66 15.39 16.72 22.32 19.95 12.18 14.47 11.91 14.33 14.15 12.37
15.22 17.72 22.04 23.18 15.16 22.05 23.15 22.08 20.25 19.63 7.13 8.74 23.83 23.35 23.71 23.41 24.11 24.68 24.61 26.40 28.87 31.13 30.70 29.55 29.48 29.99 31.24 32.64 35.92 38.85 35.70 30.59 37.21 47.27 39.64 28.87 35.10 32.59 33.56 34.11 33.50 33.72 23.71 19.62 10.48 7.56 18.47 24.52 25.93 25.83 26.87 21.04 13.90 12.60 12.30 12.88 13.24 13.12 13.09 14.03 15.10 17.50 21.18 23.54 14.58 13.27 21.83 18.80 23.94 15.06 14.51 12.94 22.75 14.60 14.26 14.02 11.90 17.88
16.13 16.01 15.74 16.80 17.95 22.60 21.94 20.45 9.18 13.81 7.54 21.77 12.20 22.75 22.95 25.79 23.83 25.39 23.48 21.26 23.66 26.20 28.02 27.86 29.00 30.46 31.90 33.82 37.12 36.24 33.89 34.06 37.53 45.53 37.37 25.52 32.73 30.46 31.17 33.00 33.64 33.81 32.75 25.63 18.52 11.18 7.00 9.51 14.80 27.50 26.14 21.71 20.29 13.69 14.18 16.13 14.76 15.64 17.52 19.23 19.08 17.49 14.12 14.04 14.30 13.50 20.48 12.77 13.53 13.65 13.90 19.58 22.14 23.90 12.99 12.07 11.25 11.00
13.03 15.29 14.65 14.64 18.36 19.58 9.87 13.92 12.81 14.30 17.47 21.90 19.19 20.34 21.99 25.02 27.78 30.39 17.42 15.24 20.00 22.49 24.50 25.57 27.86 28.96 30.15 33.39 37.42 35.98 34.80 31.96 30.67 38.33 35.66 24.47 32.54 30.92 25.31 33.00 33.18 32.23 34.08 30.18 20.84 20.02 12.46 9.83 8.56 13.52 17.00 29.38 17.40 18.72 17.40 24.59 26.39 17.97 18.31 18.10 18.25 19.82 13.82 14.01 14.20 14.19 13.29 12.92 13.58 14.07 14.69 14.65 23.21 12.20 11.55 10.62 9.37 9.35
10.13 8.92 17.41 5.25 2.73 3.77 17.33 8.13 8.31 19.27 17.59 19.89 17.43 21.93 22.22 15.14 16.34 20.28 16.76 7.42 19.39 21.96 25.07 24.85 26.77 26.40 28.46 34.94 35.35 34.56 32.06 24.30 27.90 36.52 37.46 26.58 30.48 30.03 24.49 35.46 31.04 28.86 30.83 34.11 30.45 25.48 22.81 19.06 14.61 10.49 11.66 15.62 19.78 19.97 26.09 17.91 14.60 14.88 11.33 11.31 16.58 18.22 18.31 18.80 20.05 20.78 13.56 13.72 13.79 13.94 13.97 20.50 11.36 10.31 9.89 9.50 9.29 8.98
9.07 8.98 9.32 7.04 3.63 17.45 5.25 9.84 19.15 19.48 19.84 20.31 21.38 10.09 10.91 10.88 18.48 20.55 13.48 7.32 17.61 19.00 20.80 24.13 24.29 24.75 28.48 34.43 34.74 34.48 22.36 24.48 35.07 39.81 42.37 30.37 25.88 32.32 32.56 30.06 32.03 32.39 27.81 31.65 32.48 34.07 32.20 28.17 20.02 17.80 13.82 10.21 9.57 9.04 8.05 8.31 9.31 9.61 9.64 10.01 10.29 10.54 10.95 11.23 11.32 11.57 19.29 19.92 20.30 18.95 11.89 11.36 9.95 10.07 10.40 9.88 9.58 8.94
8.83 8.25 17.80 18.19 21.68 5.93 5.00 17.69 20.14 12.59 12.35 12.28 9.25 9.79 8.71 14.82 19.97 17.61 10.36 6.43 17.37 18.68 20.71 22.44 24.02 23.98 28.89 32.61 34.00 32.15 22.27 32.67 36.04 38.20 42.48 32.42 25.66 30.62 32.46 32.31 29.67 33.04 31.53 30.72 32.34 29.66 30.04 19.15 18.70 17.60 24.39 14.24 11.34 9.57 8.08 6.87 6.24 6.20 6.30 6.70 7.51 8.44 9.11 9.53 9.82 15.38 14.53 9.99 9.56 9.31 10.38 11.19 10.64 10.55 10.44 9.84 18.08 17.82
9.41 16.69 17.07 17.57 16.32 5.99 4.92 17.45 10.30 11.72 11.50 10.83 6.47 8.28 11.86 17.11 17.87 12.57 7.83 6.32 17.36 18.29 21.78 20.42 22.51 24.43 29.33 30.65 30.46 31.71 32.25 33.68 36.24 36.82 38.04 35.78 26.96 29.80 33.32 32.64 30.51 30.59 30.64 28.25 28.69 29.12 30.89 30.90 14.57 26.49 24.36 25.14 25.65 21.89 11.13 9.92 8.65 7.69 6.73 5.67 5.32 5.71 6.21 6.93 7.48 7.83 8.09 7.84 8.22 9.74 11.08 11.20 10.55 10.02 17.64 17.55 9.06 8.39
17.58 18.80 17.99 15.74 14.81 15.37 15.20 13.03 9.84 10.25 10.88 7.94 9.00 10.43 13.84 16.65 13.74 8.18 6.36 15.45 18.89 17.95 18.93 20.88 23.04 24.51 27.73 29.95 31.03 32.60 32.43 33.61 24.28 37.97 33.19 34.78 32.78 30.42 33.75 31.76 31.62 28.78 30.06 30.59 28.74 29.39 27.14 26.00 25.19 22.39 20.60 22.66 24.39 11.37 11.03 9.88 8.84 7.85 7.02 6.56 6.02 5.28 4.77 4.53 4.92 6.09 7.69 8.73 9.48 10.28 10.46 9.78 9.46 9.51 17.19 9.18 8.71 8.22
19.89 14.37 12.10 14.65 17.60 13.20 11.43 9.21 9.13 5.02 6.56 8.44 9.91 11.56 14.13 14.46 9.72 5.47 6.00 16.90 17.80 18.66 19.10 21.36 22.43 23.78 26.91 30.30 31.38 32.73 33.79 22.10 23.82 35.78 29.27 33.60 34.20 33.42 33.61 32.30 31.42 28.01 29.16 29.77 28.78 29.78 29.86 29.54 27.79 23.13 23.09 23.42 27.33 10.12 9.59 8.80 7.84 6.75 6.06 5.81 5.68 5.61 5.76 5.98 6.51 7.54 8.67 9.18 9.02 8.93 9.11 8.96 8.93 9.02 16.61 8.51 8.36 8.38
5.60 10.29 12.23 10.49 9.20 9.39 8.33 7.81 4.26 5.39 5.93 7.44 10.30 12.40 12.79 11.33 7.07 5.57 9.50 17.85 16.06 20.86 19.99 21.17 21.24 23.04 24.99 30.24 31.06 32.10 28.81 32.86 29.50 35.87 31.14 33.60 35.72 32.35 32.84 33.12 32.70 27.47 22.35 28.76 28.86 27.85 30.69 28.92 19.12 28.35 21.40 20.59 22.52 25.89 9.34 8.88 8.26 7.31 6.09 5.13 4.99 5.12 5.23 5.45 5.99 6.79 7.49 7.73 7.89 8.39 8.62 8.70 9.04 8.76 8.07 7.66 7.80 8.39
8.20 13.19 12.95 12.88 8.45 3.44 1.20 2.33 3.90 4.62 5.08 7.30 11.15 12.80 11.22 8.71 4.97 6.57 20.22 17.39 10.40 22.22 19.97 21.00 20.98 20.56 23.08 21.46 32.01 30.75 29.92 31.24 31.69 32.88 31.01 32.70 34.18 32.61 34.19 33.58 32.62 28.51 22.18 25.93 27.17 28.23 28.30 26.80 18.70 19.26 25.93 19.62 22.26 24.98 9.93 9.28 8.76 8.11 6.75 5.39 4.77 4.53 4.49 4.78 5.28 5.71 6.01 6.26 6.88 7.95 8.30 8.25 8.92 9.22 7.98 6.68 6.77 7.29
13.26 10.17 10.74 11.00 11.08 6.94 3.69 2.99 3.76 4.22 5.19 7.96 11.34 12.45 11.02 7.88 3.91 7.71 17.85 19.03 20.23 20.92 16.01 18.56 19.26 18.81 14.96 20.48 22.49 22.41 28.23 27.43 30.16 31.67 31.81 32.08 32.22 33.12 33.29 24.73 31.00 30.48 20.80 20.33 23.46 25.64 26.93 26.12 29.50 13.46 17.82 23.67 26.25 15.85 10.09 9.69 9.52 9.62 8.74 6.90 5.60 4.97 4.76 4.88 5.05 5.20 5.39 5.44 5.79 6.83 7.52 14.30 15.00 9.02 8.06 14.82 6.19 6.59
6.79 7.93 9.90 13.30 13.42 10.58 7.38 5.60 5.31 5.41 10.48 8.07 10.36 11.54 11.40 8.30 4.33 7.38 18.46 19.25 20.54 11.49 12.23 19.03 19.79 18.13 14.78 19.59 30.75 31.21 28.77 28.24 28.20 30.29 32.76 31.81 31.52 31.28 33.61 24.96 32.95 32.56 21.31 18.81 14.90 20.10 23.35 25.07 20.31 17.22 15.84 23.30 26.82 23.88 9.23 9.30 10.16 11.46 11.77 9.92 7.59 6.04 5.13 4.74 4.63 4.95 5.49 5.75 5.76 5.73 13.23 14.14 14.44 8.41 8.10 7.04 6.87 6.58
