examples/cougarCreek-fire/createInputs/farsite/7a-cougarCreek-polygonIgnit/cougarCreekFire_08-12-2015_0700_217m_non_neutral_stability_ang.asc
ncols	146
nrows	140
xllcorner	610065.000000
yllcorner	5095217.000000
cellsize	216.586807
NODATA_value	-9999.000000
[rows 48 to 95 of 140, columns 0 to 95 of 146]
286 293 344 10 331 337 274 15 34 28 45 54 63 75 96 130 128 129 89 80 67 37 20 27 38 48 69 78 78 75 68 61 64 47 47 45 349 342 339 339 338 334 331 337 315 300 285 293 279 269 275 289 298 301 294 293 294 291 285 287 295 296 289 282 275 265 255 258 288 281 266 265 274 277 273 274 281 224 265 226 217 271 110 91 73 70 72 74 72 70 71 83 19 87 28 31
286 289 295 297 333 4 22 44 48 45 50 64 75 93 142 82 71 65 53 57 60 32 24 39 36 47 64 69 77 83 68 68 65 56 45 43 6 337 334 336 337 324 320 324 336 311 320 309 303 299 301 301 302 303 299 294 290 285 273 267 272 280 280 272 268 257 248 243 255 261 260 260 262 260 259 258 260 254 165 196 208 222 140 109 79 68 64 64 67 65 66 74 91 23 30 31
283 279 277 327 11 47 60 55 51 52 73 91 96 90 71 47 48 39 36 49 53 38 31 23 20 31 48 64 84 84 63 68 67 55 42 43 8 341 338 334 332 319 310 311 314 325 319 315 313 310 309 307 303 297 289 282 280 277 268 262 256 263 272 269 258 244 230 226 219 210 216 225 233 251 256 239 115 94 107 235 134 148 154 149 117 89 71 64 62 65 69 72 78 85 86 82
277 272 315 14 51 50 47 51 56 68 89 134 93 76 132 25 31 29 37 48 44 40 34 8 15 33 56 79 90 84 61 68 69 52 40 43 0 350 345 339 329 314 300 298 307 305 285 288 292 292 293 298 300 300 290 278 276 270 265 260 258 265 262 265 254 241 253 232 259 260 257 265 259 260 277 164 142 159 147 281 119 128 147 153 251 131 118 99 79 67 63 64 66 68 72 75
268 271 336 29 34 41 52 55 53 73 86 70 31 24 14 14 20 29 38 42 37 43 45 44 19 55 77 92 90 68 56 67 68 52 40 35 3 357 349 342 332 318 301 290 294 286 282 269 271 272 276 282 290 305 306 299 286 274 271 267 259 265 272 261 255 245 241 238 255 258 227 217 217 219 207 191 175 177 172 149 247 109 110 130 138 195 252 130 120 93 74 67 65 67 70 72
276 321 10 26 32 30 35 40 49 68 56 175 356 3 17 19 20 37 42 41 36 36 38 13 39 65 78 75 69 58 44 54 67 52 52 26 11 5 356 352 343 330 308 290 285 283 282 283 286 287 279 281 280 285 296 295 282 270 274 274 264 261 267 272 273 276 248 269 259 256 256 259 285 290 271 265 261 228 251 164 146 125 328 253 220 115 124 132 131 122 109 95 82 74 70 70
285 323 9 5 360 0 28 47 54 58 111 294 358 15 35 34 33 50 53 50 38 30 27 19 33 51 54 53 61 55 34 54 68 54 50 20 4 1 4 1 350 344 331 301 277 272 274 274 272 274 282 300 287 284 283 277 264 255 258 258 252 250 256 258 263 268 259 252 253 248 248 251 249 186 248 230 216 172 232 271 267 267 240 126 99 213 102 215 134 127 116 354 98 84 73 67
271 311 347 346 327 355 35 50 28 14 342 348 9 20 34 37 37 52 52 40 29 19 16 20 33 37 41 51 66 55 33 56 67 56 39 20 8 18 9 358 356 356 348 359 321 285 265 266 272 276 276 277 299 285 288 277 258 250 255 256 252 261 251 228 222 218 246 258 219 204 204 197 214 248 189 187 236 261 199 172 202 226 137 130 114 97 89 90 89 76 85 96 98 89 85 76
263 302 337 345 350 31 61 35 8 351 341 13 8 13 34 39 35 53 43 18 14 7 6 18 33 34 47 66 69 50 34 50 65 57 37 16 8 18 0 1 357 0 351 9 349 322 285 267 264 264 278 280 277 280 277 281 273 269 269 266 244 219 224 218 215 212 210 208 208 204 200 215 217 208 194 189 179 176 182 183 228 166 153 135 115 293 74 53 46 48 64 225 76 181 251 75
273 296 346 9 37 67 72 4 343 350 15 38 12 12 36 42 54 77 35 353 4 358 3 23 31 30 53 70 59 39 40 56 69 69 59 32 10 13 354 357 355 354 353 346 335 349 322 309 281 267 265 267 277 276 266 274 268 233 233 226 223 223 224 220 215 213 213 213 208 203 200 197 211 197 198 198 196 198 202 219 217 209 210 239 129 96 61 55 61 61 63 345 300 246 68 202
290 290 8 20 326 323 12 336 341 14 56 47 9 40 63 72 91 113 132 305 1 358 25 42 30 37 65 70 49 35 50 61 66 65 55 34 2 9 24 0 354 348 349 348 342 356 349 341 329 309 285 273 265 269 260 242 230 232 243 237 229 223 212 216 217 222 216 214 209 205 202 196 203 210 218 228 240 240 235 233 185 134 215 213 210 218 262 101 299 84 71 68 70 68 63 16
294 305 1 305 294 41 226 334 3 40 57 42 61 92 121 125 118 119 136 255 358 1 22 23 20 53 73 61 42 44 60 65 56 56 33 42 359 358 357 9 4 352 354 349 350 346 340 333 339 336 328 313 290 276 271 267 259 252 245 238 233 231 230 226 219 213 222 224 218 205 212 222 231 247 261 266 270 270 254 252 251 5 245 234 222 42 223 234 249 277 79 80 322 345 67 353
277 298 34 36 24 247 240 359 41 51 66 96 132 149 160 140 130 127 166 284 354 353 2 5 33 62 64 51 51 61 69 56 53 53 35 25 31 356 359 0 4 355 349 344 343 344 344 349 345 344 317 318 319 309 304 300 291 282 275 265 252 244 240 236 229 234 216 211 216 228 245 263 274 275 273 269 258 262 290 309 333 283 288 290 283 283 274 266 267 278 296 326 79 344 341 14
278 342 37 6 354 249 245 35 47 75 91 118 162 170 155 139 133 145 278 294 353 348 1 16 42 56 59 58 63 62 54 48 51 49 30 17 34 358 1 358 0 354 350 344 337 339 336 334 339 326 316 309 306 305 322 325 325 324 321 315 303 286 268 252 243 242 243 251 273 287 291 290 287 281 263 265 279 281 281 284 297 331 6 24 30 38 321 314 299 286 276 291 80 341 71 69
344 26 54 4 360 4 357 71 96 115 119 132 153 158 146 136 139 240 284 330 356 349 346 3 28 46 55 61 64 58 48 47 68 46 21 13 7 1 3 4 2 355 353 352 340 338 335 328 327 318 310 305 312 319 320 327 330 331 332 331 330 327 321 311 301 300 308 315 319 316 311 307 303 301 271 295 290 281 271 266 270 285 324 44 301 297 305 310 301 295 290 276 277 286 310 342
52 61 72 77 57 68 141 173 180 195 141 130 138 146 141 134 173 280 296 339 345 345 344 357 23 38 52 63 63 55 48 61 64 38 21 9 9 1 4 5 5 351 343 352 345 341 340 337 334 322 314 313 313 316 315 322 328 331 332 332 333 334 337 337 334 327 323 324 326 325 322 320 321 322 290 311 298 280 262 256 258 261 267 301 294 280 281 293 296 290 286 269 241 241 253 224
81 79 96 178 212 208 204 203 221 192 143 118 122 133 137 143 259 301 326 343 334 351 350 359 14 26 50 62 57 51 52 45 46 28 18 9 11 8 7 9 6 354 342 344 348 341 340 340 340 334 318 307 305 313 313 318 329 335 335 330 327 328 331 334 335 331 326 324 326 326 325 324 323 327 329 321 298 270 270 268 275 287 293 301 312 312 302 300 297 287 286 288 283 295 293 309
345 67 78 142 277 259 243 235 223 193 141 113 106 106 109 228 268 306 356 340 326 10 355 353 9 26 55 67 60 58 54 37 35 25 13 11 15 10 9 16 10 1 344 336 342 338 342 339 338 345 324 308 309 318 312 314 328 339 342 334 326 322 322 324 326 328 329 326 323 320 318 319 317 321 338 351 336 315 316 319 320 322 261 261 258 262 268 270 271 274 275 241 216 257 230 40
60 70 88 324 292 278 270 269 267 229 125 108 94 76 60 300 296 315 359 346 343 29 336 341 6 31 55 73 71 66 51 30 23 20 11 11 21 7 10 23 15 3 344 332 334 331 337 334 333 332 338 321 320 325 312 312 324 343 350 341 331 326 323 321 321 323 329 335 331 323 320 304 303 321 343 306 353 341 343 350 358 12 38 252 229 86 91 93 223 245 203 51 252 296 313 31
74 65 52 347 327 313 308 310 320 354 56 93 83 64 48 344 293 320 359 350 7 331 335 343 3 31 62 79 63 47 38 22 16 20 16 13 23 10 12 26 14 11 16 15 336 320 324 324 316 334 330 317 321 318 309 307 317 341 356 352 340 331 323 318 314 313 321 335 341 338 309 308 310 321 336 352 350 346 351 4 30 322 296 283 302 308 282 271 246 194 57 266 310 42 39 36
45 40 350 341 330 322 345 323 337 12 55 67 62 51 39 0 297 348 354 347 7 359 344 353 359 34 83 87 58 38 33 25 11 19 19 16 21 13 15 25 21 29 30 20 3 352 327 323 317 325 321 306 312 312 309 312 306 328 355 3 353 338 322 314 302 301 305 320 337 346 345 340 305 330 306 338 344 355 315 305 263 91 84 234 258 280 283 267 77 65 52 242 258 273 271 32
38 36 18 329 323 321 321 327 344 18 46 52 50 43 358 359 302 2 351 340 359 358 358 358 6 57 102 89 46 32 40 22 9 13 16 22 24 15 15 24 28 28 17 23 8 357 333 322 314 312 313 310 314 317 306 291 312 305 341 11 12 357 334 312 300 296 297 303 320 341 348 347 315 344 342 306 321 295 48 52 46 37 41 53 69 82 78 60 42 34 40 37 31 258 31 26
48 51 327 317 313 314 318 328 347 23 44 49 47 42 28 348 306 8 353 344 350 359 11 7 32 69 95 79 35 36 49 29 7 9 14 24 19 11 14 23 22 25 29 28 16 1 329 330 321 322 319 308 316 325 314 293 283 326 312 2 19 13 357 335 314 302 297 301 305 321 339 347 323 323 320 317 314 316 18 298 18 16 22 29 31 28 21 14 13 18 23 19 16 16 13 291
7 347 318 338 309 310 316 355 9 21 35 37 32 25 33 340 313 11 355 351 347 4 23 12 36 76 84 43 22 40 46 20 5 9 16 19 14 10 15 18 22 15 30 12 24 5 357 327 324 322 321 319 319 326 321 301 286 282 292 326 13 17 7 355 340 323 313 310 304 310 321 340 319 314 314 321 327 325 327 321 9 10 331 17 18 12 7 6 10 16 18 16 15 14 13 16
352 329 315 338 311 316 323 0 9 20 35 37 43 44 37 347 322 15 359 355 353 21 36 18 48 42 69 28 28 44 40 14 360 12 28 24 7 0 15 17 21 8 27 31 28 11 330 356 338 339 328 325 323 337 316 308 298 299 308 295 342 14 10 3 354 342 335 331 328 324 318 323 316 308 309 358 339 337 339 335 325 316 327 6 11 11 8 9 14 20 22 22 335 21 22 26
318 314 335 332 313 320 328 1 5 17 34 37 45 46 38 356 327 17 11 356 5 41 35 15 61 64 41 31 48 44 27 8 0 22 29 25 1 348 13 16 23 6 19 26 14 19 1 339 340 336 337 329 326 343 334 318 305 317 305 298 309 355 10 6 356 347 342 341 339 338 314 316 321 322 320 325 342 338 342 345 329 313 317 358 5 16 18 19 22 26 31 33 32 32 338 330
328 330 329 330 310 318 351 360 5 19 35 40 37 53 39 353 326 36 28 356 26 30 32 32 308 33 31 45 47 32 12 3 5 32 30 20 357 350 13 13 22 4 5 20 29 26 12 334 341 348 331 328 327 347 341 328 323 332 318 325 303 325 2 5 356 347 342 327 324 333 340 336 337 337 332 330 341 341 342 359 339 318 309 312 3 13 21 311 311 32 38 42 42 42 319 49
317 326 347 326 329 339 354 1 10 27 46 71 33 57 38 335 330 33 20 3 39 34 32 45 303 42 31 39 31 28 14 2 29 34 28 6 355 358 11 19 20 358 359 15 26 10 22 10 337 349 336 335 335 345 340 343 330 313 304 305 306 313 342 358 359 352 346 341 315 323 340 343 340 340 342 337 337 345 340 340 340 318 303 305 316 8 16 337 309 298 33 46 49 48 325 325
322 335 327 323 327 340 360 4 13 37 56 67 62 16 33 317 359 41 19 17 40 34 51 283 39 26 36 34 21 28 20 7 27 29 12 360 348 4 11 17 20 359 356 10 20 28 351 351 335 350 346 340 340 347 346 347 330 315 307 301 332 307 321 345 358 358 353 330 337 312 328 338 340 338 349 356 335 344 346 328 324 321 0 4 320 12 337 335 326 35 34 303 45 48 49 326
319 333 326 324 333 352 8 5 22 31 53 58 45 1 25 330 16 37 25 33 46 53 65 35 354 24 32 29 24 34 27 12 28 24 8 358 345 3 14 19 12 1 360 5 10 23 8 23 336 353 353 345 347 351 349 349 329 321 338 322 316 303 310 331 351 339 339 335 319 309 316 329 339 335 350 1 346 342 351 338 331 336 327 326 328 16 342 323 326 320 35 36 303 42 49 48
329 335 327 328 341 359 10 3 22 36 58 54 43 358 19 343 27 42 39 46 55 321 60 312 291 15 21 25 24 36 39 9 18 13 3 38 344 1 17 31 358 353 2 1 11 17 19 354 340 352 354 343 348 358 359 353 325 328 327 304 300 333 301 319 348 338 1 329 354 345 334 305 320 326 348 351 5 2 345 321 340 358 340 331 330 17 22 341 339 344 332 36 42 305 358 55
326 337 330 330 344 14 9 3 24 63 49 65 28 47 13 325 47 314 51 313 328 322 21 306 299 13 20 27 22 33 38 7 5 17 359 352 9 1 27 32 2 349 351 357 2 9 17 23 348 335 352 338 341 6 4 3 359 324 343 315 333 299 325 337 335 3 5 360 357 353 350 343 334 315 336 350 357 358 346 338 329 359 354 345 331 22 26 36 39 39 42 341 328 324 304 356
335 338 332 330 348 11 13 17 25 44 94 28 62 51 5 17 326 322 314 319 335 49 304 287 289 10 21 39 25 21 35 14 8 26 359 350 347 5 34 23 3 5 344 351 359 5 13 32 36 25 341 337 336 3 0 3 359 358 2 356 352 333 309 306 311 349 4 1 0 357 352 351 346 339 311 326 342 350 343 344 313 341 19 357 331 333 38 47 48 50 356 3 359 326 75 85
337 337 335 305 359 15 21 22 19 26 82 63 53 42 0 42 322 322 315 320 42 8 306 290 286 0 32 52 20 1 31 26 23 18 359 348 356 20 33 2 2 15 357 340 338 360 9 21 35 27 17 332 347 356 349 358 3 359 358 4 5 355 339 322 330 329 356 4 4 0 354 327 353 348 338 331 333 340 348 354 359 320 18 35 353 325 330 345 5 62 343 345 10 338 73 80
340 341 338 335 11 11 21 6 16 13 55 42 47 30 351 44 322 321 311 35 30 56 300 285 280 8 47 252 16 353 24 33 25 6 0 351 3 41 31 357 6 7 7 346 331 347 3 11 31 358 354 29 13 349 341 352 7 5 0 8 345 4 356 344 328 323 343 335 5 337 357 352 348 351 344 337 323 331 340 1 15 23 335 41 50 359 332 329 324 11 2 338 18 26 340 73
342 344 342 347 5 7 21 12 16 12 37 30 41 18 4 329 325 328 328 26 19 155 289 284 334 26 48 51 20 348 30 38 5 6 11 1 28 44 13 4 21 354 354 346 342 336 359 350 32 8 347 350 2 345 341 346 4 358 354 7 9 348 2 356 349 312 342 352 4 1 357 351 348 349 324 344 314 334 334 356 28 45 306 343 19 21 9 342 342 320 350 332 337 16 25 73
348 346 349 2 6 11 331 24 19 28 28 14 1 1 344 336 329 332 41 24 177 249 277 292 295 26 40 43 27 345 17 23 350 6 14 17 35 31 17 60 61 44 323 345 348 338 350 324 36 18 349 14 353 349 350 344 349 8 5 360 2 353 1 347 1 2 348 353 346 1 359 355 327 347 332 323 318 323 327 328 332 70 70 298 339 20 16 15 14 348 329 340 85 351 354 88
349 352 356 2 5 12 31 31 22 40 21 8 344 350 28 345 29 36 26 11 221 265 267 273 339 32 42 42 30 352 360 27 0 352 13 24 28 22 43 45 50 29 342 358 354 346 345 23 31 48 349 1 1 10 4 354 354 339 353 352 353 349 355 357 331 327 337 348 353 341 337 2 310 327 331 328 326 324 303 284 296 334 342 334 329 351 1 348 13 21 351 337 346 307 93 103
345 356 0 4 7 18 34 30 28 16 20 22 314 4 24 30 29 22 83 87 245 256 258 249 1 45 47 43 36 3 2 70 15 326 8 21 16 21 36 51 55 44 1 11 9 347 351 282 12 51 0 346 335 322 4 12 325 352 322 334 340 347 342 358 338 332 338 342 348 349 355 323 316 322 329 329 331 340 308 66 82 278 318 334 337 340 353 87 87 312 341 21 84 80 78 81
350 359 8 10 10 21 10 15 9 6 19 35 344 0 11 27 32 3 49 64 226 239 234 348 14 39 49 48 40 24 44 59 6 171 342 13 6 18 42 87 70 62 58 19 29 351 2 245 29 27 11 350 327 227 225 353 322 294 286 347 341 344 318 344 341 10 343 340 342 347 354 344 334 16 25 318 311 320 333 311 284 68 298 322 335 351 15 31 77 80 78 75 73 69 66 63
356 4 5 7 15 15 19 23 6 6 18 34 21 340 7 25 29 57 72 100 187 222 203 1 29 53 78 74 44 42 54 44 9 145 321 11 2 8 168 143 125 115 124 23 39 357 358 5 29 157 23 354 153 332 4 207 342 342 228 342 342 342 338 296 335 330 336 335 335 336 344 346 338 321 32 33 37 35 37 309 307 303 302 316 352 326 343 76 73 70 68 66 62 59 56 55
7 10 9 7 17 11 15 22 4 8 21 13 28 351 9 30 24 108 105 122 173 196 181 20 61 227 209 79 34 42 203 34 15 112 162 5 7 7 174 157 150 9 151 19 48 349 344 13 50 47 37 5 143 178 351 210 349 342 356 340 339 341 338 329 326 320 323 328 322 323 330 344 355 350 334 317 322 315 35 292 294 286 76 73 286 71 68 67 68 64 60 56 52 50 51 54
14 16 11 11 18 18 22 21 2 8 21 15 27 17 7 287 20 136 123 133 164 180 353 44 240 221 211 42 22 35 43 24 16 351 124 338 19 10 174 161 150 59 152 357 35 333 333 74 202 180 55 12 146 169 208 4 201 341 224 233 329 329 224 333 335 329 318 320 311 309 313 335 1 5 19 338 336 339 320 55 53 50 52 55 54 53 57 62 61 57 53 50 48 49 52 56
21 20 10 11 16 18 23 19 2 2 13 27 30 26 357 25 12 121 128 142 159 172 14 49 222 205 52 35 38 44 25 10 4 357 337 349 28 12 172 66 72 25 148 350 20 342 48 213 201 182 177 165 315 298 299 347 360 336 342 220 338 323 327 317 334 315 330 323 311 305 302 315 321 320 352 339 338 344 340 315 314 330 318 42 44 46 52 59 54 55 53 52 53 56 59 61
14 31 9 8 14 8 24 22 16 356 4 4 45 9 45 14 151 2 123 141 156 348 34 238 210 193 13 28 51 47 359 347 350 351 347 5 31 37 69 159 64 14 147 142 156 33 58 64 189 183 186 169 320 167 189 319 334 319 342 348 344 340 316 307 326 283 314 331 317 308 307 320 330 318 339 329 325 324 318 309 309 320 337 344 336 341 344 331 55 58 64 67 67 69 71 71
16 360 6 3 7 359 27 24 21 16 29 9 78 18 13 11 22 23 122 138 160 349 32 54 197 186 20 31 31 23 358 336 352 7 20 63 190 181 160 146 148 159 152 130 135 55 55 189 181 177 181 12 332 171 186 195 292 302 325 336 343 334 306 295 302 331 332 326 318 302 299 327 313 316 338 333 330 321 41 33 33 35 42 319 341 350 340 62 51 56 348 75 77 78 77 76
354 359 8 11 6 2 27 24 35 36 213 22 18 16 13 10 18 20 137 143 172 341 23 44 196 190 31 13 350 8 14 346 14 36 211 212 200 181 144 126 133 156 158 143 141 155 170 179 174 168 169 10 323 178 189 193 282 202 290 318 333 334 310 216 236 287 315 318 315 304 297 321 294 339 339 356 40 344 317 30 32 32 41 47 42 326 326 348 56 58 331 70 80 88 83 79
22 358 3 19 8 4 22 45 32 47 28 24 25 9 13 7 11 24 149 145 168 354 25 212 206 201 18 346 191 33 196 10 32 52 220 209 195 175 134 116 121 145 151 144 140 139 145 162 165 159 157 157 164 180 187 191 198 205 215 219 325 304 293 240 242 231 230 297 303 303 298 305 331 331 340 353 19 26 33 314 37 38 315 320 321 40 339 341 342 62 66 352 71 77 80 84
