examples/cougarCreek-fire/createInputs/farsite/7a-cougarCreek-polygonIgnit/cougarCreekFire_08-12-2015_1700_217m_non_neutral_stability_ang.asc
ncols	146
nrows	140
xllcorner	610065.000000
yllcorner	5095217.000000
cellsize	216.586807
NODATA_value	-9999.000000
[rows 0 to 45 of 140, columns 0 to 95 of 146]
125 123 123 123 122 119 116 114 112 118 112 111 113 113 112 111 110 108 105 102 99 101 105 112 115 113 111 110 110 110 106 100 94 93 92 93 96 98 100 101 102 102 104 103 105 105 107 107 107 107 106 104 104 104 105 106 106 103 101 102 104 103 104 105 106 106 104 105 108 112 115 114 112 109 109 111 112 108 104 103 104 106 109 106 105 107 113 105 105 110 114 109 108 116 114 114
125 123 123 123 122 119 116 114 112 118 112 111 113 113 112 111 110 108 105 102 99 101 105 112 115 113 111 110 110 110 106 100 94 93 92 93 96 98 100 101 102 102 104 103 105 105 107 107 107 107 106 104 104 104 105 106 106 103 101 102 104 103 104 105 106 106 104 105 108 112 115 114 112 109 109 111 112 108 104 103 104 106 109 106 105 107 113 105 105 110 114 109 108 116 114 114
128 126 125 124 124 121 119 116 114 113 112 111 112 112 112 111 110 108 107 106 104 104 105 108 111 111 110 109 108 108 105 101 97 95 94 94 95 97 100 101 101 102 103 104 104 105 106 105 105 106 105 105 104 104 104 104 104 103 101 102 103 104 104 105 106 106 106 107 109 111 112 112 111 110 110 111 112 110 107 106 106 107 109 110 111 112 112 112 112 112 111 110 112 113 112 112
130 128 125 124 124 122 120 118 115 112 111 109 110 111 111 110 109 108 108 108 109 106 104 104 107 109 109 107 105 105 104 104 101 99 98 97 96 96 98 100 101 102 103 104 104 104 104 104 105 106 107 106 105 104 104 102 101 102 102 102 104 105 106 106 107 107 109 110 110 110 110 111 112 112 112 112 114 114 111 110 110 110 110 111 111 112 112 113 113 112 112 110 110 112 113 112
132 130 127 126 125 122 120 118 116 111 110 108 108 109 110 109 109 108 107 107 106 106 102 102 104 106 107 105 103 104 105 105 103 101 100 99 97 97 98 100 101 102 103 103 104 104 105 106 107 108 108 107 106 101 103 102 102 102 103 104 105 107 108 108 108 109 110 111 110 110 111 112 114 114 114 114 114 114 113 112 111 111 111 111 112 113 113 113 113 113 113 112 92 94 94 92
135 132 130 128 126 124 121 118 115 110 108 103 107 107 108 108 108 108 104 106 104 104 101 100 101 103 104 103 103 105 105 105 104 102 101 100 99 99 99 100 101 102 103 103 104 105 106 107 107 104 104 103 106 104 103 103 104 104 105 106 107 108 108 108 109 110 103 111 110 110 112 114 115 114 113 113 113 114 114 113 112 112 112 111 112 112 113 113 113 113 113 112 111 88 92 89
138 135 133 130 128 126 123 119 114 109 108 105 100 106 106 107 108 108 105 103 101 102 100 97 97 99 104 102 101 101 104 103 104 104 103 101 100 99 99 96 98 103 100 104 105 102 103 103 105 105 101 106 101 104 104 105 106 106 106 106 107 101 102 109 110 103 110 110 111 112 113 114 113 112 112 112 114 114 114 114 112 112 112 111 124 112 112 113 113 113 113 112 111 89 89 89
143 140 137 135 131 128 125 122 121 115 110 106 101 97 98 107 107 101 102 102 100 100 100 98 97 98 101 101 101 101 103 100 101 104 102 100 99 99 95 95 97 99 100 101 102 103 103 104 104 99 102 101 106 105 105 105 106 106 106 106 100 101 108 109 110 103 110 111 111 112 112 112 111 111 112 113 114 114 114 114 113 112 112 111 111 111 112 112 113 113 113 112 111 110 87 81
149 145 143 140 136 125 128 117 116 113 108 106 103 98 98 106 99 100 101 102 100 100 96 91 96 97 99 100 100 99 100 100 100 102 100 97 96 96 95 96 97 99 100 101 102 103 102 101 101 101 101 102 102 100 99 105 105 106 99 105 98 106 108 109 102 103 103 100 111 111 111 111 111 112 112 112 112 113 113 114 113 113 112 112 111 111 111 112 112 113 112 112 111 110 110 110
154 150 148 146 142 146 134 121 116 112 109 106 88 100 98 98 98 99 100 98 95 100 101 98 85 96 98 99 98 98 99 99 98 98 98 96 96 96 96 97 99 99 100 101 102 102 102 102 102 102 102 104 101 98 104 104 105 105 99 104 105 106 108 101 102 100 100 99 110 110 111 111 111 111 111 112 112 113 114 114 114 113 112 111 111 110 110 111 111 122 112 112 111 111 110 109
150 156 154 151 147 143 149 136 124 116 111 106 104 84 99 98 99 105 99 102 95 88 100 99 89 84 87 87 98 98 98 97 98 98 97 96 95 96 97 98 99 100 101 95 96 95 102 102 103 98 100 97 98 103 104 105 105 98 105 105 106 99 101 102 99 99 101 101 110 110 110 111 111 110 111 112 112 113 113 113 113 112 112 111 110 116 121 110 110 111 112 112 111 111 110 109
165 162 158 160 160 161 144 147 133 88 81 108 105 103 100 99 105 98 100 101 91 87 89 100 97 84 86 85 85 98 97 97 97 95 95 96 96 96 96 96 98 93 95 95 96 95 101 101 97 98 96 98 104 104 99 99 99 98 98 106 106 100 102 101 101 108 109 109 109 109 109 109 110 110 110 111 112 112 112 112 112 112 111 110 110 110 110 110 110 110 111 111 111 110 109 109
169 167 167 170 168 166 150 157 147 133 92 74 76 103 101 99 99 98 100 100 88 86 85 92 98 86 84 83 84 87 97 97 95 95 95 96 98 97 95 95 90 94 96 95 95 94 100 94 96 100 99 99 105 105 99 99 99 99 99 98 100 103 103 107 107 107 107 107 107 108 108 108 109 110 110 111 111 111 111 111 111 111 111 110 109 109 109 109 109 109 110 111 111 111 109 109
173 172 173 172 168 176 156 150 158 147 133 105 77 74 103 99 98 98 99 83 85 85 82 86 91 86 83 83 85 88 87 96 80 81 84 86 87 86 86 89 91 95 95 95 93 100 101 93 94 100 99 99 100 99 99 99 99 100 99 101 104 104 105 105 105 106 106 106 107 107 108 109 109 110 110 111 110 110 110 110 110 110 110 109 109 108 108 109 109 109 109 110 111 112 110 128
179 178 179 178 174 169 163 156 148 155 145 131 121 106 75 76 78 79 79 80 80 81 83 84 88 85 83 83 85 87 86 95 80 82 85 86 85 85 91 95 94 94 93 92 91 91 92 94 96 93 98 99 100 99 98 97 93 100 99 99 103 103 104 104 97 94 94 94 106 108 95 109 109 109 110 109 108 109 109 109 109 109 109 109 108 108 107 108 108 111 119 111 110 129 111 127
186 185 186 184 181 176 187 176 167 162 151 136 146 133 115 78 75 77 77 80 80 82 85 86 84 83 83 83 86 87 83 79 82 84 85 84 83 85 90 91 92 91 91 92 91 92 94 97 95 90 99 99 92 91 97 97 94 98 92 96 97 97 94 94 93 94 95 106 106 108 108 108 108 108 108 108 107 107 108 108 108 108 108 107 107 106 106 107 107 107 108 108 108 119 111 108
191 190 191 188 185 180 174 182 172 163 153 139 62 71 134 142 119 70 75 79 77 79 84 99 84 81 83 84 86 86 81 81 83 84 84 83 83 86 89 89 90 91 92 93 93 94 95 94 91 90 99 92 95 92 90 99 99 90 96 96 95 94 94 94 94 96 106 94 106 106 107 106 106 106 107 107 106 106 106 107 107 107 107 106 106 105 105 105 106 106 106 105 106 109 121 108
194 193 193 191 187 183 196 187 177 257 157 144 163 56 156 150 138 115 96 93 78 79 74 79 78 79 81 83 84 84 82 83 83 84 85 83 84 86 87 88 89 90 91 92 93 94 93 92 90 91 93 99 97 90 90 98 96 87 96 94 93 93 94 95 96 105 105 103 105 105 105 105 105 105 105 106 106 105 105 106 106 106 106 105 105 104 104 99 98 105 105 104 105 107 109 118
199 196 196 194 190 186 180 189 261 289 158 149 195 189 121 102 110 99 88 96 82 77 75 73 76 80 80 83 82 82 82 83 86 82 83 80 85 86 86 87 88 90 92 93 92 91 92 91 90 91 96 97 91 94 88 89 93 93 89 93 94 88 97 96 103 101 104 108 103 103 103 104 104 104 104 105 105 105 104 104 105 105 105 104 104 104 104 99 96 104 104 93 97 106 107 109
202 199 198 196 193 189 200 192 259 279 162 218 207 196 62 67 72 79 72 85 79 72 76 75 72 77 80 81 80 81 82 84 86 100 95 81 86 87 85 86 88 90 93 94 92 91 92 92 96 97 94 88 84 86 88 84 85 94 87 86 93 89 95 93 96 103 103 103 102 102 103 103 103 103 103 104 104 104 104 104 104 104 104 104 103 103 103 93 91 103 104 99 100 101 105 106
205 202 200 214 211 208 202 196 187 271 168 234 348 200 162 74 68 72 71 79 74 68 79 78 73 73 78 78 79 80 81 83 102 100 96 83 85 94 85 88 90 93 95 94 93 94 95 96 101 94 91 85 84 90 82 92 94 86 87 86 85 88 94 93 101 102 102 102 102 101 101 102 102 102 102 102 102 102 103 103 103 103 103 103 102 102 102 102 102 103 89 98 98 102 103 105
205 203 202 215 213 209 205 199 191 277 242 236 30 6 175 119 158 111 74 79 75 66 72 73 72 72 74 76 78 80 80 84 102 105 100 93 82 94 85 92 96 97 96 94 92 90 92 95 93 84 85 83 85 82 92 84 85 89 89 84 85 88 85 100 95 96 96 97 101 100 100 101 102 101 101 101 101 102 102 102 102 102 102 102 101 101 101 102 102 103 90 93 91 90 104 104
207 205 205 203 214 212 207 203 196 259 248 235 324 56 200 120 160 110 115 76 72 66 72 74 71 71 73 74 77 80 80 92 102 83 104 99 82 86 85 94 100 98 94 92 90 91 92 91 84 81 81 79 80 91 94 86 85 86 86 84 87 88 94 95 95 94 93 99 100 100 100 100 100 100 100 100 100 101 101 101 101 102 102 101 100 100 101 101 102 86 99 101 103 105 101 98
208 208 207 206 204 201 210 206 249 261 259 237 254 35 3 132 120 104 88 63 67 68 67 80 81 69 73 73 75 76 77 82 101 107 106 94 83 84 84 92 96 95 93 90 90 90 89 85 81 81 77 93 79 82 83 85 84 86 87 88 91 93 91 96 89 91 91 91 99 99 100 99 99 99 99 99 99 100 99 99 100 101 101 101 100 100 100 101 87 110 114 115 111 111 110 105
210 210 210 209 207 205 212 207 201 260 281 252 247 341 11 312 121 102 94 85 67 65 64 62 77 70 70 72 70 72 78 82 93 103 81 84 84 84 84 92 93 90 91 95 90 86 85 86 83 81 76 93 81 82 84 87 89 91 91 90 90 92 80 79 91 90 89 90 98 92 98 98 98 98 98 98 98 99 99 98 98 99 100 100 99 99 99 100 101 115 115 110 108 113 115 110
212 212 213 212 210 207 213 210 203 253 277 261 240 258 353 2 105 104 96 99 83 60 60 61 74 71 68 71 67 73 80 93 93 81 100 93 83 84 89 93 92 89 89 89 89 94 91 93 83 78 94 79 82 82 85 90 92 96 89 88 88 91 80 88 92 89 89 92 94 96 96 96 96 97 97 97 97 97 97 97 97 98 98 99 99 98 98 99 104 109 117 113 107 110 115 111
215 215 215 214 223 220 216 210 237 243 264 253 246 235 281 0 41 82 72 83 78 58 58 58 75 74 66 71 70 77 85 87 83 79 78 82 83 84 88 88 85 83 84 85 85 85 84 82 79 76 91 78 81 80 82 87 90 90 87 86 86 90 90 86 87 89 93 94 94 95 95 95 95 95 96 96 95 95 96 96 97 97 98 98 98 98 97 97 91 98 112 100 111 109 111 98
218 218 218 217 223 222 220 215 230 234 250 258 264 236 231 258 244 81 58 74 74 61 55 38 52 59 58 69 74 80 85 83 81 80 82 83 83 87 87 84 82 81 82 85 85 84 82 83 81 72 89 78 81 78 81 88 89 86 86 86 86 88 92 97 100 101 97 92 90 88 89 94 94 94 94 94 94 94 94 95 96 96 97 97 97 97 96 96 88 89 92 94 95 95 99 99
222 221 221 220 218 223 222 219 215 240 249 260 279 244 227 235 232 147 48 76 74 61 46 335 27 41 50 62 74 80 84 79 78 81 83 85 90 89 84 84 84 83 85 88 89 92 91 89 75 85 88 78 80 79 85 90 88 87 90 93 94 93 94 95 97 98 98 93 91 89 89 92 92 93 93 93 93 94 94 94 95 95 96 97 96 96 95 95 82 82 97 98 83 87 99 99
225 224 223 222 221 225 223 247 255 249 251 257 281 316 254 239 246 17 37 74 72 56 36 326 94 53 59 65 72 78 80 78 77 79 82 86 90 86 84 86 87 88 91 90 90 91 90 77 85 87 89 75 78 80 90 91 90 89 89 90 90 89 90 91 92 91 91 91 91 91 90 90 91 91 92 92 92 93 93 93 94 95 95 96 95 94 95 95 95 82 84 86 91 93 90 98
228 227 226 225 223 228 224 221 245 247 246 256 263 296 292 239 256 39 49 67 64 51 32 332 256 95 86 87 73 75 75 77 79 80 83 89 87 79 88 91 91 92 91 88 88 88 79 67 85 87 88 74 78 87 89 85 83 84 86 86 87 90 91 91 89 86 85 85 85 84 82 89 90 90 91 91 91 91 92 93 93 94 94 94 94 95 95 95 95 92 94 93 91 87 85 98
232 230 229 227 226 231 228 224 242 245 238 240 247 256 285 239 222 11 69 72 67 65 32 334 208 134 112 100 76 72 72 78 82 83 86 86 77 78 89 92 92 92 90 89 88 87 87 69 85 83 83 85 79 83 78 75 79 82 84 85 87 90 91 89 87 86 87 87 87 87 87 90 93 93 89 89 90 90 90 91 92 92 92 92 93 94 95 95 94 93 91 90 88 86 87 97
233 232 231 230 229 235 232 226 242 246 246 244 258 266 276 251 220 209 157 98 76 66 87 111 134 129 116 103 74 67 70 78 83 85 82 77 76 82 87 85 91 92 89 89 89 88 87 105 86 81 79 81 71 74 73 76 83 86 85 84 84 85 87 90 92 86 96 85 99 102 85 98 95 87 88 89 89 99 104 89 90 91 92 92 92 92 93 93 115 93 88 88 89 91 94 96
232 232 241 231 240 237 234 230 247 246 251 257 269 271 271 261 233 207 191 142 97 66 85 104 110 114 112 90 86 61 70 79 83 84 83 82 85 89 90 91 91 90 88 89 97 101 101 104 90 89 83 86 89 78 76 82 85 86 87 84 88 87 89 84 84 91 84 92 92 88 83 81 86 87 87 87 87 88 101 88 89 89 91 93 92 90 91 91 115 109 90 90 92 94 97 95
233 233 233 241 239 236 234 256 256 255 250 252 259 267 276 266 247 229 233 99 86 88 89 99 90 104 88 87 72 63 84 83 82 83 84 85 87 90 93 95 93 92 93 94 95 99 101 104 92 96 96 88 91 93 93 90 86 85 87 89 91 88 83 84 84 85 84 81 76 83 84 85 79 87 93 94 92 86 87 87 88 88 90 92 92 90 90 90 114 113 92 89 91 91 90 94
234 235 236 234 239 238 233 229 248 247 241 231 235 246 267 275 274 277 312 111 107 121 116 125 129 141 67 52 70 71 88 86 81 81 81 81 83 83 82 83 86 88 89 88 88 89 95 99 107 95 97 97 91 94 91 91 88 87 86 86 84 84 82 80 79 79 77 81 81 82 83 78 84 88 91 91 84 84 85 86 86 87 88 90 91 90 89 89 113 113 96 91 91 90 90 93
234 234 236 240 238 268 264 227 244 241 235 230 228 233 239 246 243 235 243 212 186 172 159 149 139 133 122 100 63 89 92 93 84 76 76 74 73 72 73 73 74 76 88 88 87 86 89 91 99 106 96 97 93 88 83 81 91 89 89 89 88 88 88 86 83 79 77 77 80 84 78 79 81 81 82 82 83 83 84 84 85 86 88 88 89 89 88 88 109 112 103 92 89 91 93 92
234 235 236 239 236 233 230 242 223 231 228 231 230 227 220 217 210 200 188 179 174 166 155 149 141 138 115 113 125 111 95 94 92 88 86 87 83 77 77 76 76 76 78 85 85 85 87 88 89 95 102 94 94 91 87 85 82 81 81 81 81 82 83 84 86 87 88 89 90 90 91 95 85 77 78 80 81 82 82 83 84 84 86 87 89 90 87 87 108 109 101 89 86 86 86 91
234 235 235 238 235 231 219 225 230 226 229 229 225 219 215 213 207 198 193 189 180 171 156 144 143 144 114 114 122 85 96 88 91 92 93 95 94 93 90 89 85 82 73 73 81 83 82 82 84 86 92 97 90 85 84 82 80 79 78 77 83 83 83 85 86 87 88 88 89 90 90 90 89 90 87 75 76 78 80 81 82 83 83 85 88 90 88 86 107 105 107 85 84 85 85 90
234 234 234 236 233 230 213 225 233 233 233 229 223 225 222 218 210 201 194 186 178 176 154 145 152 151 111 117 119 120 97 88 87 88 92 95 97 92 90 84 82 90 92 90 87 86 86 82 79 79 80 83 84 88 87 82 88 87 80 80 79 85 85 86 86 76 76 77 78 78 78 77 76 91 91 90 90 73 75 77 79 81 82 84 86 88 89 87 85 103 107 91 84 85 86 86
234 233 234 233 231 229 215 225 223 233 233 233 233 234 223 216 206 196 190 187 181 175 151 159 154 150 117 117 117 100 97 93 90 86 85 86 88 91 98 87 83 82 83 84 93 92 91 89 87 84 84 83 77 76 77 79 79 77 77 79 83 77 77 76 76 75 76 77 79 80 80 80 80 79 79 77 75 73 88 91 75 78 81 82 84 86 89 88 86 84 104 105 92 87 86 83
234 233 234 232 231 219 225 225 222 234 234 231 228 222 213 210 201 193 198 197 185 166 163 153 156 144 119 119 117 115 108 91 86 82 78 80 84 85 85 90 87 93 91 92 92 84 83 82 80 78 78 78 78 78 79 79 78 77 79 80 74 75 76 76 76 76 77 78 80 81 81 82 82 82 82 82 82 80 75 71 83 75 78 80 81 83 88 89 87 84 83 107 100 90 88 83
235 235 234 233 234 229 227 223 222 217 212 228 222 215 209 204 201 206 212 197 183 175 160 157 168 130 124 129 121 114 114 94 82 77 76 79 82 81 81 83 88 91 90 88 86 85 89 86 84 77 79 74 75 76 75 75 74 74 75 75 76 76 76 76 77 78 79 80 81 81 82 82 82 82 83 85 86 85 83 76 80 89 79 80 78 80 84 88 88 85 83 83 104 94 88 84
236 235 234 232 234 207 227 224 221 217 228 218 207 206 201 200 206 208 206 198 187 168 158 155 166 129 140 131 119 114 120 107 92 81 77 78 79 78 78 78 79 83 84 82 85 85 85 83 82 79 74 74 76 78 78 78 77 76 77 77 78 77 76 76 76 78 78 78 78 78 79 78 78 79 80 83 85 86 86 83 77 73 96 81 77 78 79 83 87 87 84 83 105 100 97 92
235 234 232 231 230 225 226 223 220 225 211 201 202 208 203 205 201 199 199 194 184 162 156 166 164 141 138 132 118 114 121 112 105 96 85 78 75 73 73 74 76 77 84 85 86 86 82 84 76 71 72 75 78 80 80 79 75 74 76 77 76 74 70 70 70 70 68 66 66 65 65 65 64 64 65 75 78 82 85 85 81 75 85 81 76 91 77 79 82 86 85 83 104 102 83 100
236 234 232 231 227 225 223 221 218 206 199 201 212 216 212 204 191 204 204 196 190 174 165 162 165 145 137 137 118 122 121 114 111 104 96 87 79 74 73 72 68 75 79 82 82 76 80 77 70 70 72 75 80 82 81 77 72 72 76 73 69 67 61 60 61 67 72 71 68 69 71 70 70 72 72 70 67 70 79 82 82 77 80 85 75 76 91 77 79 82 84 82 81 97 82 82
