examples/cougarCreek-fire/createInputs/farsite/7a-cougarCreek-polygonIgnit/cougarCreekFire_08-10-2015_2300_217m_non_neutral_stability_vel.asc
ncols	146
nrows	140
xllcorner	610065.000000
yllcorner	5095217.000000
cellsize	216.586807
NODATA_value	-9999.000000
[rows 0 to 35 of 140, columns 0 to 81 of 146]
9.51 9.54 9.73 9.87 9.76 9.70 9.68 9.70 9.83 12.20 10.06 10.26 10.39 10.33 10.34 10.44 10.33 10.17 10.08 10.02 10.11 12.01 10.97 11.22 11.08 10.92 10.95 11.04 11.14 11.15 10.97 10.76 10.75 10.79 10.80 10.86 10.98 6.67 9.63 11.06 9.18 9.32 11.02 8.94 9.21 9.41 11.14 11.10 11.10 10.94 10.64 10.27 10.05 9.82 9.62 9.42 8.96 8.48 8.30 8.15 7.78 7.47 7.27 7.04 6.80 6.46 6.17 6.00 5.85 5.66 5.32 4.93 4.66 4.45 4.30 4.14 3.81 3.70 3.71 3.65 3.64 3.64
9.51 9.54 9.73 9.87 9.76 9.70 9.68 9.70 9.83 12.20 10.06 10.26 10.39 10.33 10.34 10.44 10.33 10.17 10.08 10.02 10.11 12.01 10.97 11.22 11.08 10.92 10.95 11.04 11.14 11.15 10.97 10.76 10.75 10.79 10.80 10.86 10.98 6.67 9.63 11.06 9.18 9.32 11.02 8.94 9.21 9.41 11.14 11.10 11.10 10.94 10.64 10.27 10.05 9.82 9.62 9.42 8.96 8.48 8.30 8.15 7.78 7.47 7.27 7.04 6.80 6.46 6.17 6.00 5.85 5.66 5.32 4.93 4.66 4.45 4.30 4.14 3.81 3.70 3.71 3.65 3.64 3.64
9.39 9.54 9.84 9.92 9.78 9.79 9.82 9.86 9.99 10.06 10.11 10.32 10.41 10.35 10.44 10.50 10.32 10.21 10.22 10.27 10.42 12.48 11.15 11.16 10.90 10.86 10.98 11.08 11.16 11.08 10.86 10.73 10.83 10.91 10.90 10.94 11.01 11.04 10.97 10.94 11.00 10.94 10.92 11.01 11.07 11.04 10.83 10.81 10.82 10.65 10.42 10.14 9.94 9.67 9.43 9.10 8.53 8.15 8.03 7.81 7.41 7.12 6.92 6.68 6.37 5.98 5.72 5.58 5.42 5.16 4.75 4.37 4.16 3.99 3.88 3.72 3.38 3.25 3.29 3.28 3.30 3.34
9.21 9.49 9.95 10.04 9.91 9.99 10.06 10.12 10.21 10.24 10.32 10.52 10.59 10.56 10.63 10.56 10.35 10.33 10.51 10.66 10.80 12.84 11.32 11.18 10.94 10.97 11.04 11.09 11.12 10.94 10.83 10.81 10.96 11.07 11.03 11.02 11.03 11.05 10.99 10.95 10.96 10.88 10.93 10.95 10.94 10.84 10.54 10.57 10.64 10.54 10.37 10.07 9.80 9.53 9.20 8.69 8.11 7.92 7.81 7.52 7.21 6.91 6.69 6.42 5.98 5.61 5.44 5.30 5.05 4.67 4.21 3.91 3.74 3.58 3.47 3.28 2.95 2.80 2.82 2.83 2.87 2.94
9.14 9.44 9.94 10.07 10.02 10.09 10.12 12.84 12.87 12.76 10.54 10.72 10.84 10.81 10.70 10.62 10.49 10.55 10.82 10.90 12.78 12.89 12.95 11.34 11.27 11.20 11.00 11.02 11.17 11.11 11.15 11.02 11.03 11.19 11.12 11.08 11.12 11.20 11.20 11.10 10.97 10.97 11.03 10.91 10.86 10.77 10.60 10.69 10.79 10.71 10.36 9.91 9.61 7.78 8.86 8.32 7.93 7.84 7.63 7.35 7.11 6.75 6.49 6.10 5.62 5.36 5.18 4.92 4.54 4.13 3.81 3.58 3.37 3.18 3.02 2.81 2.54 2.42 2.42 2.43 2.51 2.62
9.13 9.43 9.88 10.02 10.05 10.13 10.14 10.16 10.32 12.85 12.98 12.87 10.93 10.86 10.71 10.70 10.61 10.81 12.83 10.94 12.80 12.92 12.88 11.35 11.48 11.29 10.97 11.17 11.49 11.52 11.39 10.97 11.06 11.31 11.19 11.18 11.23 11.28 11.22 11.07 10.94 11.02 11.05 10.85 10.79 10.81 10.78 10.85 10.86 9.62 9.01 8.77 9.41 9.01 8.54 8.17 7.93 7.77 7.50 7.20 6.88 6.53 6.18 5.67 5.26 5.04 3.99 4.38 3.96 3.64 3.43 3.19 2.94 2.72 2.53 2.33 2.14 2.06 2.06 2.11 2.24 2.40
9.04 9.33 9.73 9.93 10.10 10.21 10.20 12.91 13.01 12.91 13.23 13.11 12.64 10.87 10.80 10.73 10.75 10.98 12.78 12.73 12.76 12.77 12.74 12.64 12.25 11.65 11.32 12.25 12.38 11.98 11.27 10.92 11.33 11.49 11.22 11.26 11.30 11.25 11.19 11.22 11.29 11.07 10.94 10.82 10.85 10.99 10.46 9.95 9.06 8.68 7.21 9.47 8.18 8.75 8.43 8.21 7.94 7.65 7.32 6.95 6.60 5.36 4.65 5.21 4.90 4.29 4.22 3.83 3.49 3.25 3.03 2.73 2.45 2.21 2.02 1.87 1.77 1.73 1.76 1.85 2.05 2.28
8.92 9.25 9.68 9.94 10.16 10.21 10.16 12.81 12.83 13.09 13.15 13.24 12.93 12.09 11.52 10.82 10.91 12.36 12.58 12.76 12.72 12.70 12.71 12.87 12.46 11.89 11.94 12.26 12.45 11.68 11.16 11.97 12.21 11.44 11.13 11.25 11.28 11.17 11.59 11.45 11.49 11.28 11.02 11.07 11.04 10.24 9.49 9.11 8.77 7.79 8.73 9.01 9.02 8.66 8.40 8.10 7.75 7.43 7.10 6.70 5.94 5.07 5.22 4.82 4.50 3.74 3.71 3.34 3.05 2.81 2.54 2.20 1.91 1.69 1.54 1.44 1.40 1.44 1.56 1.73 1.96 2.25
8.88 9.29 9.78 10.03 10.17 12.70 10.13 12.44 12.92 13.01 13.09 13.21 13.00 12.34 11.69 10.85 11.89 12.18 12.47 12.79 12.76 12.82 17.56 17.73 12.58 12.16 12.06 12.21 12.26 11.68 11.42 12.06 11.66 11.20 11.07 12.13 11.76 11.62 11.67 11.82 11.79 11.43 11.29 11.42 11.10 10.42 9.97 9.76 9.82 9.78 9.75 8.99 8.09 8.25 8.13 7.86 7.54 7.21 6.46 6.36 5.93 5.32 4.87 4.50 4.34 3.60 3.34 3.91 2.59 2.31 2.00 1.65 1.39 1.20 1.08 1.04 1.09 1.24 1.48 1.74 2.01 2.30
8.93 9.36 9.82 9.98 10.10 12.54 12.65 12.69 12.49 12.63 12.81 12.91 16.88 12.57 11.81 11.45 11.65 11.65 12.25 16.95 17.73 12.86 12.44 12.50 18.03 12.43 12.32 12.17 12.20 12.13 11.58 11.80 11.68 11.55 11.98 12.05 11.70 11.66 11.86 12.08 11.82 11.33 11.43 11.42 10.78 10.31 10.34 10.38 10.18 10.01 9.37 8.29 7.54 8.16 7.94 7.69 7.39 6.99 6.51 5.94 5.43 5.00 4.58 4.54 4.05 4.27 4.09 4.12 2.12 1.80 1.50 1.18 0.91 0.72 0.64 0.72 0.93 1.22 1.54 1.85 2.14 2.44
10.81 9.36 9.74 9.89 10.04 10.06 12.32 12.60 12.73 12.80 12.67 12.71 12.78 16.81 11.99 11.84 11.56 10.72 12.07 12.62 17.76 17.19 12.47 12.36 18.61 15.80 13.59 13.46 12.29 12.24 11.48 11.78 11.78 11.55 11.97 12.04 11.82 11.86 12.06 12.06 11.67 11.29 11.17 10.42 9.71 10.20 10.17 10.22 9.93 9.36 7.80 7.91 8.72 8.07 7.90 7.65 7.24 7.49 6.24 5.66 5.16 6.16 4.60 3.92 4.58 4.33 3.72 3.61 1.69 1.36 1.07 0.74 0.42 0.22 0.38 0.68 1.03 1.39 1.71 2.01 2.31 2.62
8.99 9.34 11.78 12.06 12.34 12.35 10.10 12.44 12.64 16.31 16.42 12.58 12.48 12.60 12.13 12.17 11.03 11.47 12.21 12.55 17.69 17.22 17.35 12.37 12.59 17.36 12.87 14.00 15.03 12.25 11.50 11.76 11.65 11.53 11.87 11.99 11.95 11.98 11.96 11.84 11.79 12.51 11.84 11.19 9.92 9.83 9.97 10.15 9.91 8.82 8.80 8.82 8.29 8.12 9.28 8.24 7.78 7.38 7.17 5.42 4.91 5.09 3.99 4.12 4.06 2.43 2.02 1.64 1.29 0.97 0.68 0.38 0.20 0.35 0.63 0.97 1.34 1.67 1.95 2.23 2.53 2.84
9.10 9.37 9.69 11.95 12.25 12.40 10.16 12.11 12.19 12.42 16.71 16.91 16.17 11.98 11.90 11.93 11.03 11.67 12.24 12.36 17.22 17.31 17.45 18.63 12.48 19.35 13.59 14.79 15.35 12.68 11.70 11.71 11.67 11.74 11.94 12.01 12.03 12.00 11.79 11.81 14.60 12.55 11.54 11.02 9.90 10.48 10.31 10.98 9.83 9.39 9.34 9.32 8.33 8.15 8.75 7.79 7.49 6.96 6.64 6.90 4.98 3.42 3.37 2.96 2.49 2.03 1.61 1.24 0.91 0.65 0.50 0.55 0.69 0.85 1.11 1.44 1.76 2.01 2.25 2.52 2.81 3.10
9.16 9.35 9.64 9.84 9.97 12.18 10.20 10.25 11.61 11.81 12.26 16.84 17.17 16.16 11.65 11.52 11.13 11.29 11.76 16.40 17.14 17.48 17.22 17.85 19.60 19.36 14.60 15.16 14.37 11.63 11.71 11.55 15.11 15.44 16.27 16.64 15.86 15.72 16.75 17.06 14.60 11.15 10.38 10.12 10.44 10.34 10.61 11.08 10.45 9.68 9.64 9.58 9.57 9.45 8.18 7.40 6.76 5.96 5.67 4.70 3.06 2.76 3.08 2.57 2.10 1.64 1.25 0.92 0.71 0.67 0.77 1.03 1.21 1.38 1.66 1.94 2.18 2.38 2.59 2.84 3.12 3.40
9.05 9.27 9.61 9.81 9.93 10.06 10.14 10.14 10.15 11.68 11.75 11.89 12.06 17.12 16.90 15.15 14.00 13.88 14.73 15.52 15.75 16.50 16.09 16.64 18.81 19.22 15.47 15.11 13.70 11.59 11.18 11.35 15.91 16.18 16.69 17.15 16.07 15.86 17.34 17.99 10.14 9.33 10.23 10.63 11.71 12.55 11.91 10.20 9.27 10.16 9.79 9.57 9.34 8.97 7.96 7.48 7.96 5.49 5.05 4.37 3.73 3.17 2.64 2.16 3.86 4.36 4.11 4.06 0.94 1.08 3.78 1.52 1.73 1.93 2.17 2.39 2.59 2.77 2.97 3.20 3.45 3.70
8.92 9.26 9.66 9.77 9.86 10.01 12.21 12.24 12.07 11.76 11.65 11.83 16.69 16.34 17.09 17.98 15.62 14.68 15.59 16.34 15.80 16.39 15.97 15.43 18.22 19.00 16.23 14.94 13.37 11.43 12.15 15.20 15.92 16.17 16.82 16.57 16.41 16.34 16.66 16.45 10.13 9.93 10.45 10.81 11.95 11.59 10.03 8.48 8.75 10.96 9.95 9.40 10.42 9.94 7.90 7.27 7.24 5.43 7.49 5.02 4.37 4.27 4.64 4.62 4.45 4.34 4.28 1.20 1.40 1.61 1.73 1.98 2.25 2.47 2.67 2.86 3.03 3.19 3.37 3.56 3.78 4.00
8.89 9.26 9.68 9.77 9.90 10.06 10.13 12.02 12.20 11.87 11.58 11.85 17.24 17.50 17.10 17.12 17.69 17.22 17.74 18.12 17.62 17.91 16.01 12.53 15.83 18.58 16.28 14.51 12.30 11.08 13.50 15.91 15.50 15.55 16.19 16.00 16.39 16.53 15.91 14.65 12.17 10.70 9.99 10.07 10.34 9.75 8.74 8.88 10.15 11.67 9.78 10.28 8.36 8.69 9.42 5.66 4.82 7.55 5.19 4.85 4.58 4.84 4.54 4.54 4.43 4.46 1.37 4.46 1.85 2.08 2.15 2.41 2.70 2.94 3.12 3.28 3.42 3.56 3.71 3.88 4.06 4.27
8.88 9.23 9.64 9.83 9.99 10.04 11.83 11.82 12.08 15.82 11.57 11.83 17.38 18.00 17.06 15.39 15.86 17.58 18.26 18.91 19.86 19.93 18.50 13.80 15.26 17.71 16.45 14.31 12.46 12.24 14.53 15.65 15.57 15.79 15.09 15.88 16.31 17.01 16.24 13.70 11.97 10.84 10.46 10.08 9.74 9.21 8.97 9.62 10.77 11.12 10.05 6.87 6.72 9.19 8.75 4.94 4.78 8.17 4.60 4.82 4.94 4.77 4.52 4.44 4.34 1.43 1.64 4.88 5.13 2.49 2.57 2.84 3.12 3.35 3.52 3.64 3.75 3.88 4.00 4.13 4.30 4.47
8.86 9.18 9.63 9.93 10.06 9.95 10.00 11.83 15.74 15.88 11.68 12.02 17.10 17.04 16.88 17.20 17.21 17.90 18.54 18.47 19.58 19.79 19.85 15.88 15.40 16.58 15.99 13.69 13.21 13.69 14.95 15.33 15.35 16.57 14.82 16.66 17.32 17.27 15.85 13.77 12.19 11.07 10.20 9.60 9.62 9.84 9.48 9.83 10.88 10.30 7.80 6.78 8.36 7.51 8.66 7.23 5.74 5.38 7.15 4.89 4.56 7.24 3.72 4.19 1.52 4.50 4.92 5.35 2.71 2.91 3.04 3.31 3.54 3.76 3.94 4.02 4.07 4.17 4.27 4.37 4.51 4.66
8.86 9.20 9.72 10.03 10.07 9.94 11.82 11.95 16.00 15.98 11.66 16.77 16.81 16.74 17.19 16.86 17.49 18.58 18.88 18.99 19.81 18.87 19.51 17.89 17.89 16.71 14.77 13.44 13.67 14.45 14.51 14.89 13.61 11.44 11.17 17.05 17.56 17.82 16.06 13.57 11.97 10.56 9.24 8.39 8.77 9.26 9.03 9.07 7.85 6.90 7.19 8.91 10.33 9.39 8.10 8.43 8.27 4.88 7.53 7.56 4.39 7.04 4.18 4.51 4.46 2.14 2.46 2.83 3.16 3.39 3.53 3.78 3.97 4.19 4.36 4.38 4.37 4.47 4.58 4.68 4.78 4.89
8.92 9.28 9.80 11.80 11.72 11.68 11.83 11.96 11.76 15.95 11.64 16.78 17.19 16.61 17.46 18.29 17.58 18.14 18.09 19.13 19.61 18.02 19.15 19.68 20.28 17.19 13.83 13.76 14.07 14.47 14.40 14.24 11.90 10.85 11.01 17.55 17.12 14.86 16.19 11.68 10.15 8.17 7.40 7.41 7.53 7.32 7.19 6.82 7.42 6.77 7.58 9.42 9.83 7.24 8.80 5.55 4.50 7.73 7.38 7.44 7.37 6.87 3.79 4.10 2.22 2.62 2.98 3.32 3.64 3.88 4.03 4.27 4.44 4.64 4.75 4.70 4.69 4.81 4.93 4.99 5.05 5.12
9.02 9.40 9.82 11.69 11.67 11.71 11.85 11.78 11.65 16.19 16.03 16.56 16.42 17.34 16.37 11.47 18.05 18.55 19.31 19.44 19.70 18.00 19.18 19.52 18.92 17.37 15.10 14.71 14.29 13.94 14.32 13.02 11.44 10.43 11.00 14.94 16.25 14.26 14.81 9.27 6.32 6.17 5.49 6.09 7.14 8.14 7.55 6.30 6.55 9.73 9.19 9.41 8.75 8.52 5.27 8.42 8.15 7.11 6.88 7.16 7.25 6.90 7.23 2.24 4.91 5.39 5.86 6.29 4.13 4.38 4.58 4.83 4.94 5.07 5.11 5.04 5.07 5.17 5.21 5.23 5.28 5.34
9.12 9.48 9.81 10.01 11.64 11.72 11.57 11.62 11.56 15.91 16.31 17.05 17.95 15.12 17.39 11.34 16.43 11.10 18.76 19.01 19.15 19.34 19.50 19.49 19.77 18.01 15.52 15.29 14.00 12.73 13.46 11.50 10.88 12.68 10.95 11.24 16.69 16.69 13.76 7.56 5.98 5.02 5.19 6.16 7.03 6.92 6.34 6.54 8.94 9.84 9.52 9.61 8.65 5.04 4.55 7.76 7.77 7.39 7.32 7.20 7.14 7.08 4.31 5.17 5.73 5.95 5.90 4.40 4.68 4.99 5.20 5.37 5.38 5.46 5.48 5.45 5.50 5.53 5.50 5.48 5.50 5.55
9.20 9.51 9.80 9.97 10.10 10.02 11.33 11.43 16.08 15.96 16.48 17.29 17.92 16.12 17.90 17.49 17.94 18.23 18.64 19.02 18.27 18.85 19.37 19.02 19.36 20.58 14.93 15.05 13.49 12.30 13.51 12.92 10.83 10.32 10.87 14.12 16.41 15.92 13.71 7.49 5.14 4.99 5.35 6.42 6.71 6.37 6.58 7.73 9.11 9.18 9.68 4.19 8.97 8.50 8.27 7.61 7.54 7.44 7.14 7.30 7.44 4.33 4.51 3.23 5.25 5.68 5.98 6.27 5.37 5.69 5.80 5.82 5.80 5.88 5.90 5.87 5.90 5.86 5.79 5.77 5.79 5.80
9.21 9.47 9.74 9.91 9.99 9.85 11.27 11.34 11.44 16.79 16.92 17.34 17.79 17.79 17.34 17.56 17.99 18.59 18.82 19.02 19.46 18.81 18.17 18.93 18.72 20.56 15.67 14.37 14.27 13.95 14.26 13.22 10.90 10.45 15.04 16.48 16.02 15.00 12.22 6.20 5.40 6.21 5.75 6.81 5.79 7.17 7.49 7.08 8.05 8.65 9.33 4.40 8.66 8.37 8.20 7.40 6.85 7.01 7.14 7.33 7.77 4.67 7.25 7.45 5.80 6.28 6.40 6.97 6.14 7.86 6.30 6.29 6.31 6.34 6.30 6.28 6.28 6.18 6.08 6.05 6.05 6.03
9.13 9.37 9.66 9.79 9.93 9.90 11.35 11.48 11.46 17.27 17.02 17.46 17.42 17.97 17.55 17.73 18.11 18.71 18.91 18.87 19.51 19.47 17.97 18.04 18.17 19.47 16.31 13.42 15.65 16.67 14.97 11.93 10.22 11.00 10.07 12.16 15.27 13.51 8.44 5.31 5.27 6.10 5.85 6.02 6.06 5.44 5.15 4.48 7.50 8.44 3.28 8.61 8.16 7.91 7.93 7.04 7.24 1.27 7.76 7.69 7.94 4.85 7.98 9.50 7.18 7.06 7.54 8.32 8.95 9.30 9.28 6.73 6.76 6.75 6.71 6.71 6.66 6.49 6.36 6.30 6.25 6.20
9.06 9.29 9.56 9.74 11.52 11.46 11.52 11.47 16.48 17.23 17.60 17.39 17.24 16.93 17.79 17.92 18.09 18.62 18.70 18.80 19.33 19.40 18.49 18.39 18.15 19.56 16.41 12.66 16.11 17.78 13.13 10.49 9.69 11.01 13.46 15.03 13.86 11.49 7.70 5.99 6.62 7.86 7.32 7.13 7.06 6.68 6.77 7.23 7.97 8.29 3.01 7.99 7.75 7.67 7.70 7.18 7.33 7.81 7.98 7.86 8.02 5.23 5.74 9.55 10.33 11.18 9.25 9.45 9.56 9.73 9.73 7.12 7.14 7.13 7.12 7.06 6.91 6.73 6.61 6.54 6.48 6.41
8.97 9.20 9.52 9.86 11.66 11.64 11.68 11.71 16.03 17.10 17.34 17.52 17.78 16.89 17.80 18.19 18.23 18.63 18.45 18.69 19.13 19.37 19.16 18.73 18.77 19.68 17.98 13.19 15.73 16.44 11.85 10.18 10.27 11.52 13.36 14.11 12.11 8.42 6.65 6.89 7.44 7.98 7.71 6.75 6.27 6.65 7.06 6.24 6.83 8.15 2.24 7.62 7.40 6.95 7.10 7.08 7.54 7.69 7.98 8.66 9.12 9.75 11.02 12.11 13.06 13.47 12.98 9.91 9.50 9.30 9.27 7.55 7.52 7.48 7.42 7.26 7.11 7.00 6.87 6.78 6.72 6.66
8.90 9.20 9.66 10.03 10.22 11.55 11.66 11.73 11.49 17.02 17.37 17.31 17.88 16.92 17.50 17.84 17.83 18.55 18.63 18.81 19.48 19.76 19.73 19.37 18.60 19.70 21.30 16.69 16.50 14.77 10.47 10.42 11.86 12.23 12.15 11.12 7.54 5.99 7.01 7.06 6.54 6.97 6.17 5.15 4.86 3.68 3.20 2.73 7.55 2.04 1.22 7.26 7.04 6.28 7.62 7.77 8.19 8.58 9.38 10.28 10.91 11.26 11.84 12.58 13.21 13.64 13.62 10.72 10.47 10.21 10.03 7.94 7.86 7.81 7.69 7.52 7.43 7.31 7.14 7.03 6.96 6.86
8.91 9.29 9.81 10.04 10.19 11.49 11.70 16.90 16.34 17.00 17.39 17.09 17.45 17.25 17.32 17.61 17.80 18.40 18.58 18.81 19.65 19.77 19.51 19.23 18.53 19.21 20.73 21.38 17.58 13.41 11.07 12.31 13.56 11.92 11.15 9.77 6.79 6.71 7.14 6.04 5.66 4.97 2.91 4.25 3.66 3.10 2.62 6.78 1.74 1.22 0.62 6.93 6.63 7.23 8.28 8.56 9.20 9.57 9.94 10.43 11.02 11.58 12.26 12.83 13.11 10.52 10.78 10.94 11.03 11.07 10.73 8.25 8.25 8.24 8.12 7.96 7.82 7.64 7.45 7.34 7.23 7.11
9.06 9.41 9.87 10.06 10.24 11.59 11.53 11.63 17.31 17.60 18.11 17.92 17.56 17.54 17.16 17.17 17.79 17.62 17.80 18.01 18.92 18.47 18.58 17.95 17.82 18.96 20.32 21.47 19.37 14.15 14.53 15.39 14.36 11.94 10.17 7.79 5.75 8.98 5.79 3.93 3.82 2.88 4.35 3.66 3.10 2.57 5.87 7.05 1.06 0.53 0.30 5.64 7.63 8.26 8.80 8.76 8.53 9.12 9.90 10.61 11.45 12.42 13.04 13.38 13.37 10.54 10.48 10.57 10.55 10.35 9.78 8.88 8.87 8.80 8.63 8.43 8.24 8.04 7.84 7.67 7.51 7.36
9.22 9.54 9.93 10.13 10.34 11.55 11.57 11.72 17.11 17.61 17.15 17.78 18.04 18.07 17.37 17.20 18.08 18.27 17.95 18.00 17.67 15.31 16.67 17.05 17.97 19.83 20.76 21.70 20.91 14.33 16.71 17.09 14.50 11.92 7.96 5.88 7.04 9.08 5.09 4.29 3.25 2.27 3.84 3.18 2.63 2.06 1.58 7.12 0.53 0.18 0.84 1.56 8.03 7.81 7.68 7.35 7.93 8.96 10.18 11.13 12.28 13.25 13.96 13.65 13.68 13.94 11.71 11.94 11.92 11.76 11.72 12.18 12.29 12.10 8.88 8.70 8.57 8.39 8.18 7.98 7.82 7.64
9.20 9.66 10.05 10.13 10.32 11.64 11.76 11.68 16.85 17.42 17.30 17.13 18.11 17.60 17.53 17.80 18.02 18.81 19.10 18.95 18.45 16.48 15.62 15.43 18.44 20.79 22.03 22.57 22.74 15.22 16.59 17.54 12.88 11.51 6.22 6.00 8.22 7.48 4.97 5.07 3.31 1.76 3.37 2.73 2.21 1.62 1.15 6.54 0.59 1.00 1.59 2.30 6.73 6.96 6.49 7.73 9.57 10.74 11.54 12.05 12.55 13.05 13.84 14.65 15.54 9.61 16.49 9.90 16.79 17.15 9.47 15.37 13.07 9.25 9.20 9.09 8.89 12.31 13.05 8.15 8.04 7.82
9.15 9.80 10.93 10.24 11.58 11.80 11.90 11.84 16.97 17.24 17.21 17.76 17.67 17.67 18.07 18.18 18.33 18.16 18.33 18.51 19.33 19.53 19.04 18.20 18.45 19.76 21.62 22.53 22.79 18.42 17.29 17.93 9.81 8.26 5.47 5.45 5.68 4.24 2.82 2.10 1.50 1.26 2.98 2.38 5.45 5.96 6.36 6.96 1.24 1.83 2.39 5.71 7.74 10.58 10.04 11.09 11.25 12.06 13.04 8.91 14.19 14.13 14.74 9.11 9.55 16.02 10.03 15.73 15.33 12.74 11.76 11.18 9.80 9.94 9.85 9.52 9.08 8.70 12.80 8.34 8.16 7.84
9.18 9.86 10.66 11.34 11.67 11.90 11.82 16.89 17.51 17.46 17.94 18.57 18.45 18.05 17.94 18.26 18.51 18.35 18.28 17.94 18.44 19.77 20.33 21.09 21.34 19.87 20.31 22.02 22.25 15.38 9.52 12.07 8.02 3.61 5.03 4.44 3.91 2.60 1.41 1.83 2.45 3.80 4.57 5.17 5.64 6.21 6.70 7.28 1.85 2.49 3.13 3.71 7.91 10.63 11.91 12.82 12.82 13.31 14.32 14.59 15.12 14.27 10.60 14.58 15.02 15.20 12.64 11.94 10.48 10.03 10.36 10.60 11.63 13.03 13.66 13.23 12.55 8.91 8.78 8.59 8.30 7.99
9.23 9.93 10.79 10.87 11.90 11.99 11.78 11.63 17.03 17.11 17.16 15.86 17.30 18.20 18.35 17.85 17.68 17.67 17.80 18.04 19.58 20.13 20.18 20.69 21.09 20.50 22.62 21.97 21.20 13.88 15.60 7.80 10.00 1.26 3.71 4.29 4.11 3.61 3.37 2.97 2.12 1.05 1.43 1.89 1.35 1.02 7.30 7.85 8.22 2.96 3.56 4.06 4.92 9.55 10.42 11.94 12.93 13.53 14.18 14.51 13.67 14.94 14.53 14.37 14.44 12.10 11.56 10.16 10.37 10.83 11.13 12.28 13.03 13.39 13.27 12.99 9.25 9.16 8.97 8.70 8.42 8.21
