examples/cougarCreek-fire/createInputs/farsite/7a-cougarCreek-polygonIgnit/cougarCreekFire_08-12-2015_1500_217m_non_neutral_stability_vel.asc
ncols	146
nrows	140
xllcorner	610065.000000
yllcorner	5095217.000000
cellsize	216.586807
NODATA_value	-9999.000000
[rows 72 to 107 of 140, columns 0 to 80 of 146]
0.70 1.41 2.59 2.73 4.36 6.20 5.85 4.09 5.56 5.74 5.57 5.77 5.21 2.76 2.94 1.22 1.85 2.53 2.98 3.94 4.71 5.69 6.83 4.70 5.54 5.70 5.84 6.91 7.15 6.17 7.54 11.43 12.15 9.79 8.17 9.62 12.31 12.09 9.91 10.27 12.30 13.99 14.28 13.79 22.53 18.31 16.41 19.23 17.14 16.19 16.95 14.99 17.25 15.48 16.07 16.15 15.74 11.57 5.71 5.16 12.19 19.74 21.48 21.71 21.27 18.64 23.41 16.59 15.81 17.28 15.49 15.67 17.58 18.44 17.31 15.10 13.05 13.12 12.88 13.18 14.72
1.65 2.23 2.80 2.87 4.55 5.90 5.92 4.55 6.21 6.07 5.75 5.81 5.06 0.96 3.08 0.85 1.45 2.09 2.75 3.38 4.05 5.01 5.97 1.97 5.57 7.14 4.10 5.08 4.95 7.77 8.88 11.32 11.49 8.15 8.18 9.55 12.53 13.58 9.49 9.98 11.55 13.97 13.66 12.43 18.49 19.32 19.50 15.89 16.19 16.71 17.54 15.48 17.27 15.72 17.88 16.75 16.48 14.42 9.59 6.29 8.52 15.43 18.81 20.70 20.02 19.59 18.69 20.39 20.74 19.90 19.53 18.95 18.25 18.05 17.16 14.73 12.75 12.88 12.22 11.98 14.66
2.42 2.48 2.65 2.81 4.58 5.73 5.73 5.81 6.13 6.12 5.92 5.82 1.25 5.43 0.65 0.77 1.23 1.80 2.44 2.98 3.56 4.43 5.21 2.66 4.80 6.30 4.16 3.72 6.71 6.89 9.96 10.94 10.12 8.22 7.59 9.74 12.15 12.88 9.03 8.78 10.50 13.85 12.75 11.35 16.25 18.89 17.67 15.72 15.16 15.54 16.49 18.18 17.44 15.30 16.62 19.28 16.78 15.72 12.54 9.05 8.21 12.06 17.45 18.60 20.25 18.99 17.95 17.40 16.85 14.89 14.06 15.63 15.13 15.81 15.25 14.34 12.90 12.73 12.24 11.45 12.56
2.66 2.63 2.72 4.38 4.69 4.73 4.67 5.82 6.14 6.10 4.58 5.74 5.92 6.03 0.64 0.68 1.03 1.51 2.09 4.93 3.13 3.85 4.53 4.67 3.74 3.97 3.54 6.05 5.64 6.97 9.43 10.20 6.55 8.32 7.66 10.94 11.58 11.07 9.09 8.81 10.24 14.05 13.17 13.00 14.58 16.51 16.84 19.49 14.94 15.66 16.15 15.62 16.44 15.36 16.15 15.99 18.01 16.14 14.06 11.10 9.18 10.55 15.00 16.86 19.66 17.91 17.82 16.59 16.35 14.63 15.55 16.09 14.16 14.41 15.30 14.02 13.51 12.37 12.50 12.16 12.14
2.76 2.75 2.82 4.54 4.63 4.80 4.70 4.75 6.18 4.56 1.96 1.88 1.47 6.22 0.71 0.62 0.88 1.25 3.55 2.20 2.73 3.32 3.92 4.40 2.81 2.83 3.03 4.15 6.27 6.23 7.98 8.92 5.94 6.73 9.82 11.38 11.12 9.79 10.26 8.95 10.85 13.59 13.08 11.40 13.19 15.08 19.34 15.73 14.79 14.09 15.72 15.40 15.12 15.37 15.91 15.30 17.82 15.70 14.53 12.38 10.41 10.45 12.90 15.84 16.09 18.18 16.95 16.67 16.39 15.66 12.36 12.75 13.65 13.59 12.88 11.31 13.92 12.53 11.93 13.67 13.71
2.84 2.83 2.89 4.63 4.75 4.64 4.69 5.04 4.96 4.15 2.05 4.54 1.72 1.27 0.87 0.65 0.77 1.03 1.40 1.82 2.31 2.81 3.38 2.21 4.15 2.77 2.91 4.07 5.12 4.99 6.61 8.09 5.92 7.20 10.03 11.22 10.70 9.36 10.00 8.74 11.96 12.62 12.39 11.77 12.12 13.60 16.44 16.02 14.76 14.77 15.26 15.04 14.86 15.21 15.73 15.05 17.67 15.54 14.97 13.51 12.45 11.22 12.31 14.11 14.46 16.55 15.63 15.93 17.47 15.92 13.95 12.18 11.45 12.44 14.52 14.61 14.50 12.21 11.06 12.67 13.23
2.91 2.90 2.94 4.83 4.77 2.68 4.90 6.22 4.91 4.21 3.92 6.33 1.84 1.45 1.03 0.74 0.72 0.85 1.13 1.47 1.90 2.35 2.87 4.65 6.11 3.29 3.53 4.02 4.49 4.11 4.64 8.28 6.66 8.29 9.70 10.46 10.45 9.42 7.90 8.17 12.38 12.30 11.68 11.51 11.14 11.94 13.64 15.94 15.08 14.61 14.91 14.57 14.29 14.76 15.53 15.90 17.59 16.45 16.39 14.48 12.57 11.77 12.38 13.56 15.21 15.93 16.43 16.41 17.69 15.27 14.44 14.02 13.23 12.68 14.05 14.21 10.58 11.20 15.89 13.32 11.48
2.97 2.96 2.99 4.69 4.88 2.72 5.03 5.21 4.98 4.61 4.44 6.06 6.20 1.60 1.18 0.89 0.74 0.74 0.89 1.16 1.54 1.95 4.23 2.84 3.12 3.63 3.52 3.52 4.44 3.93 4.67 8.37 7.93 7.50 9.49 10.11 10.23 9.03 7.11 8.21 12.07 12.24 11.75 11.16 10.86 11.07 11.55 13.27 16.33 14.88 13.66 14.39 13.83 14.10 15.12 13.27 15.08 16.42 14.25 15.16 13.99 12.71 12.34 12.78 14.36 13.75 18.32 18.03 18.17 15.65 15.19 14.66 14.12 13.94 11.39 10.69 13.99 14.34 16.62 14.91 11.47
3.01 3.00 3.04 4.73 4.89 2.75 2.74 5.35 5.31 5.10 5.16 5.20 4.63 1.77 1.36 1.06 0.87 0.75 0.77 0.97 1.27 1.59 4.24 2.46 6.64 4.27 3.46 3.99 4.57 4.50 4.56 7.18 7.24 5.77 9.12 9.73 10.00 8.76 8.11 8.82 11.15 11.34 12.10 11.30 11.06 10.55 9.44 11.16 15.24 14.96 14.25 14.13 13.69 13.86 14.85 15.57 14.98 17.45 12.87 15.44 15.01 14.17 13.29 14.30 13.17 15.16 17.25 18.63 17.78 17.62 16.82 16.36 14.81 14.04 14.06 11.87 13.25 13.96 12.40 14.82 13.07
3.06 3.05 3.09 4.26 2.82 2.78 2.77 5.27 5.47 5.49 5.25 4.88 5.00 1.91 1.55 1.26 1.04 0.87 0.81 0.88 1.05 5.36 1.66 2.13 5.17 3.92 3.02 3.53 4.40 7.19 4.28 5.12 5.16 6.11 8.21 9.50 9.12 6.67 6.57 10.84 11.08 11.67 11.36 12.21 12.05 10.25 7.99 10.35 11.80 14.32 13.72 13.65 13.44 13.75 14.43 14.40 18.24 14.50 12.37 14.00 15.44 15.00 14.41 13.41 11.22 13.93 13.57 17.57 17.39 17.37 18.13 15.64 16.13 14.70 13.96 13.25 12.90 13.31 11.76 13.81 14.19
3.11 3.10 3.13 4.51 2.86 2.83 2.80 5.22 5.43 6.11 5.47 2.32 5.33 1.99 1.69 1.46 1.25 1.07 0.95 0.90 4.97 6.34 1.44 1.90 4.89 5.12 2.67 3.14 6.34 7.39 4.24 4.12 5.03 7.22 7.15 8.51 8.00 6.88 8.38 10.50 10.74 11.18 10.52 12.12 12.72 10.83 8.05 9.41 8.46 12.73 12.89 12.83 13.05 13.53 12.95 12.75 13.34 16.72 12.28 12.94 15.32 15.46 15.08 14.36 13.12 12.97 14.68 15.17 16.76 15.40 16.52 15.64 13.01 17.01 14.65 16.12 12.10 12.88 13.24 12.56 13.72
3.16 3.16 3.15 3.03 2.93 2.88 2.82 5.27 5.21 6.21 5.42 2.40 6.51 2.10 5.51 1.63 1.46 1.31 1.17 5.45 5.83 4.16 1.39 1.76 5.25 2.22 2.45 2.80 6.28 5.60 4.77 4.42 5.55 5.59 5.85 6.75 5.04 8.80 8.58 10.08 10.53 10.00 11.33 11.45 12.24 11.75 10.43 7.81 9.38 11.02 11.61 11.41 12.39 11.54 13.87 11.69 13.48 12.99 12.52 11.99 12.98 14.57 18.09 15.44 14.31 13.33 13.96 13.24 16.04 15.54 16.39 16.22 12.41 12.63 15.48 15.66 13.99 10.85 11.02 12.48 12.38
3.22 3.21 3.17 3.06 3.00 2.93 2.87 5.37 5.57 5.73 2.52 2.52 6.62 2.24 2.02 1.85 4.33 1.56 1.45 6.11 4.49 1.29 1.51 1.76 1.93 3.69 2.30 3.20 4.41 5.70 6.34 6.41 3.96 4.32 5.84 5.62 3.47 7.79 7.56 9.61 10.35 10.65 10.90 11.50 11.89 11.68 10.62 10.18 9.26 11.81 10.41 9.97 9.30 12.22 12.25 12.08 12.13 13.03 11.78 13.32 11.97 13.03 13.35 14.52 18.21 16.65 12.13 12.50 13.28 15.58 16.78 16.57 13.91 12.07 13.56 14.50 14.74 12.92 11.83 12.59 12.36
3.28 3.25 3.18 3.10 3.06 2.98 2.94 5.37 5.47 5.62 2.65 5.64 5.20 5.09 2.20 2.10 1.93 5.23 6.10 6.54 4.35 1.51 1.65 1.81 1.91 4.09 3.74 3.99 4.42 2.97 7.58 6.24 3.50 3.68 5.30 3.61 3.63 5.15 7.42 8.69 9.94 10.51 10.60 11.15 11.56 11.40 10.62 10.06 10.84 11.80 10.98 9.73 10.34 11.36 11.76 11.80 11.56 11.91 12.46 12.60 12.92 11.96 13.65 12.81 14.85 14.60 12.62 14.28 12.71 13.65 14.84 17.18 16.22 13.50 12.92 13.60 13.67 13.59 13.08 12.32 11.73
3.33 3.28 3.21 3.16 3.12 3.03 3.01 2.99 5.75 2.78 2.78 6.67 2.59 5.49 2.32 2.28 5.66 5.71 6.76 5.14 1.83 1.79 1.81 6.90 2.00 4.48 2.26 4.64 4.51 7.65 7.75 3.60 7.13 3.20 5.75 3.49 4.65 4.29 5.97 7.20 8.48 9.92 10.14 10.60 11.22 11.08 10.56 10.06 10.35 11.21 11.28 10.59 10.31 10.75 11.33 11.64 11.51 11.43 11.86 12.17 12.30 12.49 12.79 13.48 13.44 13.50 12.30 12.23 12.30 12.75 12.99 15.99 16.42 14.92 13.27 13.82 12.47 13.52 13.54 13.05 12.21
3.35 3.30 3.26 3.22 3.16 3.08 3.06 3.05 2.97 2.86 2.92 5.19 2.72 5.89 5.63 5.40 5.70 5.58 6.86 4.89 2.15 2.10 2.12 2.16 5.99 5.10 2.37 5.28 2.63 7.30 3.10 4.26 2.98 2.87 3.01 3.37 3.81 4.27 3.34 4.34 7.23 8.71 9.51 9.88 10.60 10.73 10.37 10.06 10.01 10.47 10.79 10.74 10.33 10.26 10.77 11.28 11.41 11.27 11.51 11.85 12.00 12.09 12.29 12.80 12.35 12.36 11.46 12.12 12.12 14.23 14.65 13.34 15.14 15.25 15.17 14.31 14.30 13.15 12.29 14.97 12.78
3.38 3.34 3.32 3.26 3.21 3.14 5.68 3.08 3.04 2.96 3.03 5.39 2.92 5.25 5.49 5.51 5.74 7.09 7.01 2.53 2.45 2.40 2.41 2.44 5.96 2.51 2.60 2.72 2.87 3.07 5.59 6.51 7.77 2.63 2.64 5.52 3.23 3.59 4.24 4.96 5.99 7.29 8.48 9.23 9.88 10.16 10.00 9.84 9.82 10.04 10.32 10.48 12.58 10.01 10.27 10.76 11.04 11.04 11.25 11.54 11.74 11.94 12.10 12.37 11.92 12.42 11.92 11.65 11.78 11.61 13.87 12.00 13.92 15.61 14.12 13.63 13.33 13.00 12.69 14.26 12.55
3.43 3.41 3.39 3.29 3.25 3.22 5.55 3.12 3.09 3.05 3.14 6.83 3.12 2.88 6.05 5.75 5.81 5.89 5.97 2.81 2.72 2.68 2.69 6.84 2.75 2.82 2.92 3.03 3.16 3.31 3.51 6.30 7.85 2.57 2.45 2.56 2.75 3.04 4.50 4.27 5.09 6.17 7.23 8.28 9.22 9.57 9.52 9.47 9.50 9.74 10.02 10.27 12.33 11.72 10.07 10.43 10.75 10.87 11.08 11.40 11.55 11.71 12.03 11.56 12.06 13.04 12.58 11.87 12.58 12.57 11.67 11.11 11.53 12.67 14.74 15.40 14.92 13.29 12.95 12.50 12.10
3.49 3.48 3.43 3.33 3.29 3.27 3.23 3.20 3.16 3.13 3.24 6.22 3.28 3.11 6.28 6.10 6.35 7.11 7.23 3.07 2.99 2.95 2.99 3.04 3.08 3.12 3.17 3.27 6.86 7.15 7.03 8.05 7.88 2.72 2.48 2.35 2.37 2.57 3.01 3.62 4.34 5.29 6.21 7.16 8.34 9.09 9.19 9.19 9.26 9.42 9.67 9.97 9.97 11.67 9.93 10.21 10.52 10.72 10.88 11.26 11.51 11.32 11.75 10.93 11.21 12.20 13.32 12.82 13.73 14.00 13.30 11.19 13.13 13.63 11.87 13.58 13.64 13.45 14.66 12.72 12.32
3.53 3.53 3.48 3.38 3.34 3.31 3.30 3.30 3.25 3.21 5.68 6.20 3.40 6.48 6.56 6.36 6.77 3.37 3.37 3.32 3.25 3.21 7.24 3.31 3.40 3.45 7.03 7.35 7.29 7.35 8.61 8.54 8.19 2.78 2.43 2.14 2.03 2.12 2.45 3.00 3.65 4.46 5.33 6.17 6.04 8.28 8.84 9.00 9.08 9.25 9.47 9.76 9.83 12.11 9.75 9.97 10.23 10.47 10.65 11.03 11.40 11.48 11.27 11.94 10.81 12.54 12.32 13.37 14.23 15.08 12.85 13.33 12.56 12.95 13.04 12.59 13.04 12.67 12.77 14.22 14.13
3.54 3.55 3.53 3.44 3.41 3.36 3.34 3.40 3.38 3.33 5.82 6.11 5.38 6.42 6.56 6.59 6.83 7.32 3.71 3.68 3.61 3.57 7.25 3.67 3.76 3.85 8.10 7.37 7.49 7.84 9.00 3.93 3.44 2.94 2.47 2.08 6.01 1.74 3.20 1.69 3.03 3.68 1.26 5.29 6.12 7.10 8.04 8.62 8.83 9.03 9.29 9.62 9.80 12.91 12.84 9.92 10.09 10.21 10.42 10.79 11.18 11.44 12.00 12.65 11.11 12.20 12.67 12.35 14.23 14.78 13.09 13.37 12.68 12.85 11.77 13.14 13.36 13.40 13.65 14.28 13.92
3.48 3.53 3.56 3.42 3.38 3.32 3.27 3.34 3.36 3.32 3.39 6.15 3.49 6.58 3.45 6.73 6.79 7.03 3.71 3.74 3.70 3.66 7.35 3.73 3.82 7.06 7.48 7.49 7.45 8.80 8.52 4.02 3.50 3.02 2.57 5.37 1.88 1.72 1.84 2.29 2.78 3.28 3.98 4.71 5.37 6.18 7.05 7.87 8.48 8.82 9.08 9.39 9.71 12.54 12.74 11.70 10.13 11.50 10.23 10.51 10.89 11.22 12.58 13.47 12.40 11.62 12.11 11.42 13.10 14.23 14.29 12.23 12.41 12.48 11.66 12.51 13.23 12.15 15.23 15.70 11.55
3.42 3.51 3.56 3.38 3.30 3.23 3.20 3.25 3.29 3.28 3.32 3.37 6.25 3.39 3.41 3.42 6.92 7.02 3.68 3.73 3.72 3.75 3.76 7.17 3.87 6.99 7.55 8.83 8.91 8.44 8.93 8.10 8.45 7.23 5.90 2.43 2.14 1.93 1.95 2.25 2.60 3.03 3.58 4.19 4.75 5.43 6.15 6.84 7.61 8.32 8.82 9.13 9.44 9.63 13.01 12.42 12.66 13.10 11.65 10.37 10.63 10.95 12.12 13.59 11.36 13.37 11.31 12.15 12.50 13.52 14.28 12.17 12.07 12.12 11.06 10.36 10.19 12.39 14.21 14.01 14.25
3.44 3.49 3.48 3.32 3.22 3.16 3.13 3.16 3.21 3.23 3.24 3.24 3.25 6.27 3.31 6.68 6.81 6.94 7.28 3.66 3.67 3.73 3.80 3.82 3.89 4.03 8.41 8.41 4.31 4.36 4.43 9.06 7.94 6.25 2.98 2.64 2.35 2.16 2.14 3.20 2.47 2.81 3.25 3.70 4.22 4.80 5.41 5.96 6.55 7.26 8.02 8.66 9.16 9.41 13.16 12.36 12.82 13.25 13.29 11.93 10.49 10.71 12.74 13.79 11.49 14.78 13.91 13.28 13.21 13.53 13.97 13.27 10.14 10.40 10.26 11.49 11.54 11.74 13.19 14.27 13.78
3.50 3.44 3.35 3.22 3.14 3.07 3.08 3.08 3.11 3.14 3.15 3.13 3.14 6.23 6.34 6.51 6.84 6.91 7.26 3.58 3.62 7.54 3.75 3.83 3.92 7.56 8.57 8.50 8.79 7.56 4.62 8.45 3.95 3.55 3.18 2.86 2.59 2.37 3.00 2.30 2.37 2.61 2.94 3.28 3.73 4.25 4.77 5.24 5.71 6.28 6.91 7.63 8.43 8.99 9.25 9.47 9.70 9.87 9.98 10.14 12.65 11.84 12.85 12.59 13.56 14.21 11.69 14.15 14.18 13.97 13.83 13.07 12.87 12.29 10.87 9.20 10.97 11.07 9.41 11.05 14.58
3.57 3.38 3.23 3.16 3.07 3.04 3.05 2.94 3.01 3.04 3.05 3.03 3.03 6.17 3.11 3.10 6.74 6.80 7.10 3.48 3.59 3.70 3.77 3.84 3.95 8.35 8.40 8.65 4.43 4.54 4.66 4.45 4.07 3.70 3.37 3.08 2.81 2.59 2.43 2.32 2.30 2.44 2.68 2.95 3.32 3.76 4.19 4.59 4.99 5.48 6.02 6.59 7.28 8.03 8.72 9.25 9.57 9.80 9.95 10.07 10.23 12.76 12.00 12.13 13.06 11.29 11.54 11.75 12.00 12.13 11.92 11.75 11.54 12.82 12.07 9.81 10.45 10.42 10.52 10.74 10.34
3.47 3.25 3.01 3.06 2.94 2.92 3.01 2.90 2.83 2.93 2.92 2.93 2.93 5.91 2.98 2.98 6.34 6.70 6.96 3.36 3.50 3.67 3.80 3.87 3.95 8.41 8.55 4.28 4.41 4.54 4.66 7.79 4.09 3.76 6.45 5.71 5.46 4.52 4.37 4.72 2.23 2.29 2.49 2.70 2.99 3.33 3.68 4.02 4.34 4.73 5.20 5.71 6.25 6.84 7.56 8.35 9.15 9.73 9.99 10.04 10.06 10.17 10.24 10.27 13.38 10.82 11.28 11.58 11.88 12.04 11.85 11.71 11.52 12.84 12.29 11.20 8.62 9.84 9.89 8.15 9.74
3.34 3.26 3.12 2.90 2.96 2.89 2.88 2.83 2.82 2.79 2.79 2.80 2.83 2.81 2.84 2.85 2.91 2.99 3.09 3.20 3.33 3.52 3.66 3.78 8.08 8.28 4.14 4.24 8.66 8.57 4.57 4.39 4.05 6.67 6.15 5.76 5.37 5.80 5.00 3.37 2.12 2.17 2.38 2.55 2.75 2.98 3.26 3.51 3.77 4.13 4.50 4.85 5.30 5.83 6.35 6.90 7.74 8.79 9.57 10.04 10.14 10.06 10.03 9.93 9.94 10.25 10.77 11.16 11.47 11.69 14.14 13.21 13.03 11.09 12.84 11.90 9.96 9.40 9.24 9.23 9.19
3.22 3.21 2.97 2.76 2.81 2.86 2.76 2.68 2.70 2.64 2.54 2.67 2.68 5.67 2.69 2.71 2.80 2.88 2.97 3.05 3.17 6.77 3.48 7.79 3.79 3.93 4.06 4.18 8.80 8.43 7.61 4.34 4.08 3.81 7.27 6.95 5.73 2.91 2.55 2.25 2.10 2.20 2.39 2.49 2.58 2.74 2.93 3.07 3.27 3.64 3.89 4.11 4.48 4.96 5.39 5.74 6.26 7.09 8.08 9.03 9.77 9.95 9.83 9.71 9.61 9.73 10.09 10.44 10.76 13.92 13.54 13.51 12.98 13.06 12.98 10.12 9.60 10.04 8.83 8.73 7.76
3.20 3.15 2.92 2.67 2.81 2.82 2.62 2.76 2.57 2.43 2.53 2.54 2.54 2.56 2.55 2.56 2.66 2.71 2.82 2.90 2.99 3.15 3.30 6.94 3.64 3.80 8.06 8.57 8.71 4.31 4.44 7.32 7.55 7.62 7.54 7.19 3.04 2.82 2.58 2.41 2.34 2.45 2.50 2.49 2.51 2.58 2.69 2.74 2.89 3.20 3.37 3.49 3.78 4.20 4.57 8.36 8.84 9.21 6.48 7.34 8.42 9.28 9.48 9.41 12.67 13.74 12.84 9.77 9.97 10.18 14.07 13.43 13.24 13.34 10.05 9.78 12.40 11.44 9.12 7.16 8.66
3.12 3.01 2.93 2.71 2.69 2.72 2.62 2.59 2.41 2.45 2.43 2.42 2.43 2.43 2.35 2.51 2.50 2.54 6.15 2.76 6.52 3.09 3.11 3.36 3.52 3.68 7.86 8.38 8.43 4.29 4.42 4.26 7.87 7.75 7.55 6.96 4.72 3.55 2.49 5.14 2.64 2.69 2.57 5.93 4.49 2.47 4.35 1.96 2.64 2.85 2.96 3.00 3.17 3.48 8.98 9.23 10.11 10.07 9.00 6.05 6.89 7.90 8.64 8.86 8.89 8.98 9.14 9.26 9.40 9.55 9.44 9.40 9.42 9.48 12.83 9.56 9.17 8.72 10.32 8.78 7.92
2.90 2.91 2.93 2.74 2.55 2.64 2.50 2.37 2.41 2.24 2.38 2.35 2.19 2.19 2.17 2.39 2.37 2.43 2.54 2.61 2.74 2.87 3.02 3.24 3.46 3.60 7.86 8.20 8.00 4.21 8.12 8.20 7.86 7.61 6.89 7.40 6.32 5.71 5.80 6.21 6.53 2.66 2.60 2.55 3.68 3.75 3.00 2.46 1.63 1.41 2.71 2.62 2.65 2.82 6.56 7.46 7.82 7.98 4.71 5.10 5.68 6.47 7.27 7.86 8.21 8.55 8.81 8.82 8.90 9.08 8.96 8.89 8.94 8.95 12.34 8.98 10.95 10.34 9.35 7.87 8.43
2.98 2.84 2.81 2.74 2.50 2.46 2.46 2.22 2.13 2.19 2.29 2.05 2.21 2.11 2.19 2.23 2.23 2.30 2.33 6.04 2.64 2.82 2.95 3.16 7.42 3.52 7.78 8.10 7.81 8.00 8.53 8.28 7.78 7.67 7.61 7.95 7.47 6.64 6.42 6.27 6.27 7.22 6.17 4.05 3.13 2.60 2.56 2.54 2.11 2.69 4.66 2.04 2.28 2.31 2.53 6.44 6.98 3.77 4.07 4.37 8.50 9.03 6.01 6.57 7.10 7.64 8.15 8.35 12.71 11.61 12.21 12.09 8.39 12.17 12.10 8.46 8.25 9.89 9.25 7.96 8.30
2.85 2.74 2.69 2.67 2.52 2.35 2.36 2.15 1.98 2.21 2.18 2.10 1.96 2.05 2.08 1.96 2.08 2.15 2.19 5.98 2.64 2.68 2.93 3.10 7.17 3.44 3.63 7.85 7.81 8.01 8.50 7.90 7.79 7.77 7.60 8.08 7.52 3.35 3.27 4.83 5.33 6.65 5.74 4.08 2.83 3.01 2.75 2.73 2.36 2.17 2.68 2.43 2.16 2.00 2.10 6.01 2.82 3.19 3.44 3.69 7.78 8.32 8.70 9.48 11.25 11.69 11.94 10.83 11.71 10.87 10.85 11.01 11.00 7.71 7.78 7.82 7.68 7.42 7.22 6.97 9.01
2.77 2.66 2.65 2.59 2.48 2.37 2.32 2.12 1.90 1.91 1.89 1.91 1.84 1.88 1.90 1.86 1.88 2.02 2.09 2.17 2.26 2.46 2.79 6.90 3.21 3.32 7.50 7.86 7.75 7.87 8.21 8.10 8.01 7.80 7.84 7.92 6.50 3.47 3.42 6.51 3.32 6.59 5.94 3.08 4.43 4.20 3.88 3.18 2.96 2.51 2.96 2.74 2.36 1.98 1.86 5.11 2.31 2.64 2.85 3.09 7.39 8.19 9.85 8.88 9.22 9.59 9.91 10.77 10.30 10.28 10.24 9.98 9.98 10.12 6.94 7.00 11.28 11.00 6.65 6.43 6.17
2.77 2.64 2.60 2.71 2.42 2.35 2.27 2.09 1.85 1.75 1.89 1.78 1.78 1.77 1.75 1.85 1.74 1.87 1.95 2.07 2.17 2.32 2.69 6.71 6.79 3.22 7.49 7.70 7.35 7.65 7.62 8.44 8.29 7.88 7.84 7.13 3.60 3.59 3.55 7.84 6.72 6.68 5.43 5.04 4.92 4.78 3.17 3.16 4.33 5.19 5.34 4.10 2.12 1.15 2.96 4.96 4.91 2.14 2.32 6.11 7.49 8.89 7.94 8.06 4.26 8.95 10.38 10.61 9.73 10.01 9.95 9.62 9.55 9.54 9.56 6.18 6.20 6.18 6.03 8.49 8.50
