examples/cougarCreek-fire/createInputs/farsite/7a-cougarCreek-polygonIgnit/cougarCreekFire_08-12-2015_0700_217m_non_neutral_stability_ang.asc
ncols	146
nrows	140
xllcorner	610065.000000
yllcorner	5095217.000000
cellsize	216.586807
NODATA_value	-9999.000000
[rows 0 to 47 of 140, columns 0 to 95 of 146]
70 42 54 68 82 50 43 43 47 52 58 64 69 70 72 60 65 52 32 28 28 36 49 64 72 74 73 71 71 75 76 81 49 44 41 41 44 49 51 49 47 45 44 47 54 57 56 52 45 4 26 321 15 1 10 10 360 347 7 5 5 350 360 358 358 341 352 351 352 353 355 356 352 345 343 345 348 346 346 348 347 347 348 348 348 348 344 337 334 339 338 330 329 313 316 312
70 42 54 68 82 50 43 43 47 52 58 64 69 70 72 60 65 52 32 28 28 36 49 64 72 74 73 71 71 75 76 81 49 44 41 41 44 49 51 49 47 45 44 47 54 57 56 52 45 4 26 321 15 1 10 10 360 347 7 5 5 350 360 358 358 341 352 351 352 353 355 356 352 345 343 345 348 346 346 348 347 347 348 348 348 348 344 337 334 339 338 330 329 313 316 312
104 70 69 98 120 92 64 43 78 95 104 117 64 90 111 104 102 60 50 30 32 42 55 63 66 65 122 119 76 75 74 117 63 60 41 40 86 43 39 339 5 328 15 84 344 31 293 272 302 298 305 311 337 358 9 10 1 349 6 0 343 342 345 338 338 330 350 349 337 354 358 357 335 344 341 330 328 349 348 349 347 347 347 348 349 349 346 340 338 342 342 331 326 309 304 304
112 86 77 109 117 103 98 84 81 67 99 109 77 81 126 110 110 92 82 56 41 51 66 61 59 68 132 118 72 70 143 128 101 100 92 79 80 79 69 105 51 25 48 50 51 342 281 309 289 294 310 328 335 351 8 11 2 4 1 353 348 346 349 343 343 346 348 340 341 357 343 340 347 342 342 334 337 353 350 348 346 346 347 348 350 351 350 348 347 350 350 342 334 330 330 312
40 98 75 102 114 103 78 87 51 53 91 99 62 61 81 129 120 92 93 87 58 54 58 91 60 61 72 127 124 130 132 131 110 103 109 92 85 92 62 40 7 32 24 19 27 353 321 332 321 322 319 325 331 351 354 355 345 6 357 359 353 342 346 343 345 351 340 350 355 344 342 350 346 343 334 342 359 355 349 346 344 345 347 349 351 352 352 352 353 356 355 350 345 342 340 339
112 91 73 95 109 114 109 104 98 89 85 92 77 60 73 79 130 90 87 67 65 56 59 90 99 63 69 126 125 132 143 164 116 115 118 96 94 95 88 32 12 47 347 348 19 358 340 336 325 327 328 327 332 350 343 341 355 360 358 354 347 344 345 341 352 342 339 345 341 345 350 342 340 347 351 358 344 352 345 342 340 343 346 349 352 354 354 354 356 357 355 353 351 351 351 346
132 97 75 75 99 107 106 76 97 101 91 87 96 59 55 72 140 106 66 64 66 66 65 68 102 61 133 116 124 139 147 144 127 127 121 97 100 106 74 60 56 300 303 318 350 356 328 322 13 355 351 346 325 325 338 349 353 354 350 347 346 347 344 346 349 341 340 341 341 349 339 338 349 350 353 338 354 347 340 337 337 340 345 349 352 355 355 356 357 357 355 355 355 356 357 353
123 116 107 99 99 112 112 98 91 61 92 88 93 76 69 62 130 124 106 63 68 67 66 67 98 65 69 134 123 73 164 137 124 167 131 102 118 120 110 85 87 88 271 309 313 320 332 2 352 347 314 313 321 331 337 340 347 350 345 346 347 342 338 350 338 339 342 340 343 339 349 352 338 334 351 342 350 342 336 335 335 339 345 348 352 355 356 357 358 357 357 357 357 357 357 356
127 114 109 102 96 105 112 110 104 99 101 64 62 102 57 54 76 131 110 62 69 70 60 63 100 70 75 138 126 138 163 142 161 178 137 115 137 136 120 116 133 67 257 238 11 305 316 333 307 310 306 311 323 328 339 340 343 345 344 345 343 343 343 340 339 340 340 339 340 338 351 334 344 348 337 337 348 338 334 335 337 340 345 348 351 354 357 358 358 359 359 358 357 357 356 355
132 118 108 101 91 94 96 103 105 102 103 100 94 98 117 72 77 75 125 67 70 75 67 63 70 112 77 140 140 139 165 155 162 163 139 124 139 135 113 118 164 234 229 351 298 357 318 313 320 311 311 321 319 319 317 332 336 340 340 339 344 349 338 338 339 338 337 337 338 339 340 350 348 339 337 353 345 336 335 338 340 343 346 348 351 354 357 358 358 360 0 359 358 357 356 354
46 135 128 109 101 90 85 92 95 97 100 100 98 95 67 68 68 76 134 105 77 101 75 67 70 107 76 133 134 135 175 156 155 170 141 130 138 129 121 143 177 225 21 282 297 351 306 321 311 321 340 317 296 307 324 329 334 340 337 345 344 337 336 338 339 340 339 340 340 341 342 344 340 343 344 351 342 336 338 341 344 346 348 350 352 354 356 357 358 359 0 359 358 357 357 355
37 130 134 128 119 104 88 86 93 98 98 100 103 98 100 105 60 75 123 116 79 106 83 74 74 94 79 139 137 144 176 164 176 170 146 135 132 129 139 141 166 49 236 5 349 341 293 302 315 317 302 295 293 307 320 327 335 339 339 346 339 336 338 338 338 340 351 352 352 353 343 343 349 342 351 347 339 337 341 345 347 349 351 352 353 355 356 356 357 359 359 358 358 359 360 357
105 92 97 106 117 108 94 79 79 91 93 95 99 107 69 72 69 133 112 117 107 111 116 87 81 81 82 124 131 85 177 166 169 61 148 140 141 141 131 65 151 64 18 260 336 280 272 304 309 306 288 280 293 306 310 321 334 337 338 341 341 349 338 339 350 351 351 351 350 350 349 347 342 341 349 343 339 340 344 348 338 351 353 354 355 356 356 355 357 358 358 356 356 0 2 358
9 21 55 83 97 100 97 62 44 47 80 91 94 100 66 72 72 134 127 117 110 109 119 112 88 86 122 133 129 91 176 181 159 159 144 135 148 153 65 76 141 73 356 334 274 256 264 290 304 296 287 282 292 299 310 322 329 336 337 336 341 348 350 337 335 334 331 329 327 330 343 344 346 348 346 341 340 342 346 349 351 353 354 355 357 357 356 355 355 358 358 355 355 360 1 359
9 51 63 75 81 89 100 98 81 49 53 78 84 85 95 58 64 70 132 124 124 117 125 129 93 89 121 125 135 96 192 179 154 154 145 137 152 152 85 95 93 72 327 267 250 254 265 295 302 296 288 289 290 295 305 317 326 332 335 333 332 331 329 332 330 329 330 330 329 339 336 333 344 340 343 341 341 344 347 348 350 353 355 357 358 359 357 355 355 356 356 354 355 359 359 0
66 75 84 85 84 93 106 109 104 81 60 78 89 82 76 84 55 52 116 110 116 115 121 136 123 112 120 130 137 98 184 163 159 104 148 151 147 85 96 101 203 76 310 260 249 258 279 288 292 276 286 290 296 305 308 319 330 331 331 331 328 323 323 324 328 331 331 333 338 330 331 343 342 341 340 340 342 344 334 346 348 352 354 357 359 359 357 356 356 356 353 351 354 356 357 5
69 73 81 94 91 86 96 102 108 104 86 84 100 103 81 55 50 81 89 94 101 105 113 93 132 117 124 122 98 160 173 156 160 165 156 160 102 96 98 160 104 110 283 280 258 269 278 280 276 269 274 292 302 302 303 325 330 338 327 327 329 325 327 327 330 331 330 335 331 338 343 345 339 337 336 337 340 343 345 346 347 350 354 357 360 359 357 357 359 357 353 348 347 349 341 6
82 77 77 91 96 85 82 94 106 111 96 83 87 90 83 61 55 49 75 59 86 89 93 80 132 118 126 123 100 160 166 162 164 160 168 161 116 106 103 170 106 148 267 255 261 268 274 271 270 270 285 299 300 292 307 316 317 335 327 321 323 324 326 324 324 330 332 335 340 344 337 330 327 325 324 325 337 340 344 346 342 351 355 359 360 358 357 359 1 0 355 348 346 348 326 342
111 99 94 97 112 108 95 101 113 120 108 91 81 83 93 94 86 84 87 80 87 94 84 96 112 119 122 120 135 159 165 168 168 143 174 160 133 120 148 172 193 224 264 279 262 260 265 267 264 277 287 292 283 278 298 301 305 316 321 325 322 320 320 322 325 328 331 342 339 334 331 332 329 330 326 326 331 340 341 345 349 352 357 0 360 358 358 0 3 2 357 350 349 354 358 332
135 119 106 102 111 112 100 96 107 116 105 97 86 83 100 104 107 96 96 88 86 94 79 89 95 109 94 118 146 158 165 171 180 195 167 156 145 136 151 173 195 224 258 271 261 259 262 266 277 287 288 276 299 276 294 300 304 314 323 325 322 320 315 318 319 323 323 323 327 328 331 331 328 336 335 329 331 327 327 335 347 352 356 359 359 359 0 3 4 2 357 353 354 358 1 331
10 133 113 103 108 107 101 96 103 112 98 95 112 86 80 90 94 99 101 97 87 102 78 67 83 103 88 115 141 152 162 173 183 195 175 156 149 145 139 182 154 187 242 262 261 264 267 273 280 281 283 271 276 287 303 293 307 319 320 324 323 322 320 318 319 321 324 326 331 327 333 329 328 328 336 329 332 333 332 330 340 351 355 356 358 0 3 4 4 2 357 356 0 360 324 325
124 99 103 100 104 99 92 91 96 109 103 99 118 120 76 69 71 79 82 86 86 98 89 86 89 100 106 120 135 150 162 166 186 199 177 158 161 146 165 150 169 207 245 261 262 259 263 273 274 268 269 265 270 272 301 289 321 319 319 325 322 323 323 320 328 321 322 322 329 327 323 325 328 333 331 333 331 329 336 338 348 350 352 355 359 1 3 4 4 2 359 358 2 5 2 337
57 62 69 72 84 85 79 85 89 103 103 94 98 141 103 77 67 70 72 88 89 90 85 78 79 95 106 114 127 148 158 163 196 195 178 163 153 147 168 152 183 229 252 263 262 265 270 270 260 258 260 290 290 265 301 311 319 310 323 327 324 326 322 328 326 321 321 321 318 324 325 325 327 337 327 327 330 331 333 333 334 349 351 355 358 360 1 3 2 2 3 2 4 11 13 352
71 58 58 33 61 70 80 89 93 104 107 94 93 123 112 102 91 86 83 88 96 94 93 67 58 85 91 113 121 139 152 163 183 190 171 170 157 150 168 156 197 236 252 259 260 263 266 263 259 261 283 287 294 297 306 314 323 329 333 324 326 325 325 314 316 318 317 319 321 327 322 332 325 326 327 327 330 335 340 336 337 335 352 354 356 357 360 0 359 2 8 8 7 16 24 6
357 44 18 32 60 67 75 83 89 95 111 101 92 100 111 99 91 85 82 78 84 91 97 89 64 83 102 114 124 127 137 157 180 192 181 175 160 159 176 167 210 248 256 263 264 261 264 265 264 264 282 286 293 297 304 297 307 317 320 334 336 322 333 332 329 324 322 321 325 326 327 328 327 329 326 327 328 331 348 350 345 342 355 354 353 355 358 357 357 7 16 12 9 20 33 15
343 44 59 68 81 85 77 84 86 86 103 100 89 87 106 102 95 87 83 78 77 87 94 89 75 80 100 116 121 118 137 160 186 198 189 174 158 173 192 182 223 250 258 260 262 266 269 268 262 258 282 286 289 292 298 293 308 317 335 332 332 325 333 325 326 326 327 328 327 337 333 331 329 328 334 329 336 333 334 350 352 357 358 356 354 356 358 355 354 7 16 15 17 6 17 18
305 355 356 61 72 80 72 69 75 77 89 90 88 86 86 99 94 89 88 83 81 88 88 81 67 73 96 115 118 120 137 161 186 197 183 168 173 185 204 233 243 245 253 255 256 257 257 258 257 275 279 285 288 289 291 304 321 331 332 331 322 322 325 327 329 330 339 342 342 338 330 333 333 332 328 338 340 347 333 333 351 356 358 358 356 359 1 357 352 357 7 20 32 12 15 15
3 50 54 59 58 67 76 72 66 67 83 94 95 88 75 84 83 84 89 85 84 91 88 73 56 64 83 104 115 124 141 158 174 182 175 175 184 200 219 234 240 243 248 253 257 259 261 264 264 275 277 285 291 288 293 306 319 326 330 333 335 328 335 336 338 344 343 343 334 328 324 323 324 325 330 328 330 328 338 332 336 339 357 358 358 360 4 3 359 357 358 322 348 3 13 5
102 93 85 70 62 65 75 91 89 77 81 99 85 93 73 77 82 83 89 85 84 90 94 80 53 49 67 84 106 124 145 158 159 172 179 189 201 217 226 234 242 244 251 258 264 268 272 269 260 272 275 285 292 295 300 312 319 323 329 335 337 338 329 337 337 338 338 338 331 329 327 324 321 319 318 317 319 321 326 330 335 339 359 359 360 3 7 8 9 11 5 9 337 359 4 1
128 114 100 83 71 66 71 81 103 95 93 95 102 115 97 81 87 88 93 89 88 94 100 98 76 62 62 71 96 112 139 152 158 172 181 189 209 224 228 236 243 250 259 263 262 261 263 253 264 267 271 280 290 298 309 317 313 318 327 333 335 337 338 338 336 334 324 323 324 327 327 322 325 324 323 323 324 325 327 332 338 345 343 6 8 11 11 11 14 17 12 9 18 348 356 1
233 147 127 118 100 82 69 70 80 85 81 91 96 56 106 86 91 94 95 95 97 102 104 110 100 84 73 71 91 102 128 147 165 177 189 202 220 220 234 242 248 257 263 263 258 257 254 266 266 268 269 274 285 301 312 305 300 310 323 322 325 328 338 331 329 326 324 322 329 330 331 338 338 331 331 331 333 333 334 334 337 342 349 17 20 17 14 14 16 18 15 15 23 344 351 360
308 247 126 101 100 88 84 82 80 86 80 75 80 84 102 87 80 87 83 86 94 106 111 115 108 95 88 77 85 96 116 130 176 189 201 224 223 218 237 248 255 261 264 266 267 264 262 270 273 274 272 271 279 297 307 305 306 313 323 322 325 327 336 328 328 328 328 328 328 328 328 330 332 332 330 330 333 334 335 339 352 344 10 17 19 17 15 17 22 22 17 18 26 356 348 356
308 269 259 134 107 114 109 95 87 86 88 87 97 98 103 98 78 73 71 68 76 86 97 110 114 110 93 86 87 91 100 120 176 203 213 224 220 225 238 243 254 263 265 267 271 273 275 271 274 277 279 280 283 293 303 310 320 326 316 322 325 322 323 325 326 333 335 337 337 336 333 331 332 326 323 329 329 340 348 351 355 2 7 8 13 18 20 23 29 29 22 21 26 30 355 353
296 301 312 274 162 145 129 113 99 91 101 105 104 98 108 105 87 72 58 53 60 71 73 78 91 105 112 96 91 92 97 109 174 216 228 233 235 241 248 254 260 263 264 267 276 278 281 272 278 283 286 288 289 293 297 308 330 334 329 330 334 326 323 321 321 318 319 321 319 311 311 323 329 334 338 329 331 333 340 349 356 347 4 0 7 21 28 32 37 36 26 21 28 35 354 349
298 305 71 317 277 140 134 129 120 115 108 101 105 107 94 109 95 83 74 69 67 68 71 77 75 87 95 93 92 96 99 100 156 234 242 245 247 252 263 270 269 269 271 272 275 280 282 274 280 288 290 286 285 284 284 288 311 330 329 331 334 336 323 316 316 314 310 313 324 321 319 322 329 323 333 338 337 331 328 332 343 338 5 322 9 23 33 39 43 41 31 23 28 36 342 342
61 65 72 104 343 184 125 112 107 106 96 76 73 82 105 97 103 96 103 121 101 84 77 77 75 73 73 79 87 94 98 89 68 267 258 254 255 256 258 261 264 268 270 269 269 273 278 282 291 282 287 289 285 276 269 269 275 303 323 319 323 323 332 330 335 333 331 328 329 329 328 329 323 338 331 333 330 329 328 327 328 1 347 340 12 20 37 43 45 43 37 31 33 38 349 344
100 88 94 107 10 340 222 118 101 93 85 76 76 77 83 96 104 109 112 100 80 76 78 80 76 68 69 76 82 85 83 79 56 296 271 261 260 287 280 274 271 271 269 268 272 269 269 275 283 279 281 287 288 280 274 270 266 276 303 318 326 329 332 326 332 337 337 336 336 326 334 335 337 335 338 345 345 344 331 351 357 335 342 343 16 19 40 48 48 47 44 41 41 43 349 344
92 95 105 107 102 104 117 94 86 76 70 81 85 77 66 65 68 66 59 54 54 64 73 70 71 66 71 83 82 75 66 61 20 320 290 282 277 272 271 270 278 269 274 270 267 275 278 273 276 282 287 278 278 292 279 270 264 267 280 297 306 315 321 325 328 331 333 333 334 334 333 337 324 334 329 338 343 344 347 352 0 334 334 303 333 27 48 51 52 55 54 50 45 43 334 333
264 266 125 102 85 71 145 227 63 61 70 77 74 69 62 63 64 58 54 59 63 64 69 71 64 58 72 84 81 72 65 63 320 306 299 298 291 267 266 287 283 277 278 280 282 280 278 278 268 276 281 284 283 285 282 279 275 275 272 281 287 292 297 300 291 302 286 284 289 298 306 319 331 331 331 335 342 348 353 359 6 16 21 18 11 11 64 61 56 57 56 51 44 40 38 341
270 106 87 83 73 58 171 48 68 73 81 80 75 79 76 76 71 62 55 57 58 59 77 80 66 62 81 84 74 73 71 62 15 301 293 299 297 293 291 272 273 287 275 276 280 280 279 274 272 270 270 272 271 273 278 281 279 279 284 276 273 277 282 280 277 275 277 279 281 284 292 288 296 305 315 324 335 352 4 11 18 22 22 20 18 317 49 65 62 58 53 47 40 35 36 345
305 35 43 47 60 107 165 55 73 74 84 93 96 97 83 81 70 54 47 53 61 72 90 80 61 64 83 84 78 76 73 58 15 323 291 285 286 287 292 296 287 281 283 269 264 265 269 270 269 277 275 274 269 264 266 262 258 257 255 255 264 273 272 277 278 283 284 284 291 293 297 302 302 287 286 295 310 339 9 22 27 26 22 29 39 315 27 52 59 59 55 48 41 37 39 46
285 303 19 36 69 94 24 63 74 82 91 94 94 88 71 71 55 43 52 73 86 95 92 68 54 68 84 87 85 82 70 46 10 323 293 289 290 285 279 282 288 281 277 277 279 280 270 268 282 281 278 280 269 279 271 268 265 268 250 245 260 253 264 276 284 288 288 282 282 286 286 299 306 304 299 308 299 305 342 28 34 32 27 35 50 38 291 39 51 54 54 50 46 45 46 48
323 19 35 62 79 98 59 76 74 80 92 95 87 72 59 50 45 57 78 91 99 96 78 49 56 82 91 89 88 86 70 50 28 356 327 309 296 289 283 277 278 281 277 273 271 270 274 278 281 269 280 279 282 278 270 241 240 272 274 272 241 267 265 244 246 245 246 247 250 253 249 249 249 246 253 265 304 325 293 9 46 43 41 40 43 43 42 309 38 53 52 50 49 49 50 49
294 275 87 270 122 63 76 76 77 91 95 78 60 48 35 33 49 60 77 92 95 82 58 44 66 92 89 81 84 87 72 54 40 23 7 340 308 296 290 281 274 275 274 268 260 262 266 268 269 274 274 273 279 278 273 272 271 273 257 244 238 226 227 241 250 256 259 261 274 259 270 269 268 269 274 253 258 259 307 298 85 64 55 46 38 44 48 52 51 54 55 53 52 50 50 50
296 291 275 85 54 40 76 69 78 82 55 28 21 37 36 41 40 41 67 83 80 67 54 54 74 88 77 71 82 89 71 54 40 30 23 13 337 312 302 293 283 271 262 261 264 268 272 276 277 273 267 267 270 269 261 251 243 243 240 245 248 239 242 263 277 290 304 313 314 310 308 305 302 303 305 308 302 310 249 2 300 91 65 48 40 49 54 52 48 50 60 60 20 57 22 23
76 88 63 44 38 47 45 59 63 23 197 8 35 53 52 45 26 51 80 85 83 73 65 53 68 75 65 68 88 88 69 54 46 37 28 14 358 349 334 308 289 299 287 285 289 281 278 274 278 281 269 254 251 248 244 237 243 246 250 256 262 274 280 286 294 305 308 316 326 316 307 315 312 306 301 295 329 281 256 246 43 153 84 59 54 55 62 62 59 55 64 69 62 61 21 70
280 270 253 19 33 40 22 26 15 253 4 28 50 51 45 40 45 80 91 93 90 71 54 35 42 53 56 73 89 79 63 54 49 43 34 21 360 344 333 334 330 319 313 311 310 295 290 275 266 251 252 253 259 262 262 259 253 265 278 288 292 293 295 296 301 302 328 328 310 326 337 343 340 306 298 305 340 286 260 236 266 127 104 79 71 69 69 70 71 74 337 76 67 62 67 70
285 285 275 37 38 32 322 7 12 1 26 44 56 56 60 77 90 145 96 90 80 55 32 20 30 41 59 78 85 75 63 58 57 46 42 31 356 345 338 329 339 327 329 330 313 309 294 278 271 259 258 267 279 279 276 280 285 285 289 297 297 293 291 291 294 299 305 312 322 317 321 300 290 287 289 288 287 357 59 239 241 85 112 91 74 77 75 72 73 81 87 82 78 28 67 69
