examples/cougarCreek-fire/createInputs/farsite/7a-cougarCreek-polygonIgnit/cougarCreekFire_08-12-2015_0600_217m_non_neutral_stability_ang.asc
ncols	146
nrows	140
xllcorner	610065.000000
yllcorner	5095217.000000
cellsize	216.586807
NODATA_value	-9999.000000
[rows 48 to 95 of 140, columns 0 to 95 of 146]
312 325 356 9 350 7 25 29 47 43 52 58 66 77 97 132 145 153 94 83 68 32 12 23 37 51 74 81 79 77 70 63 66 49 49 48 353 345 343 343 344 341 341 349 324 306 288 296 281 274 282 297 307 309 301 298 298 294 289 288 290 292 290 284 275 264 255 251 266 265 261 264 271 272 271 275 286 279 270 237 233 277 108 80 63 60 60 62 62 63 65 83 12 91 26 30
310 318 335 338 350 15 34 53 57 54 56 64 72 87 118 84 73 66 53 57 60 26 18 38 35 51 69 72 79 86 69 70 66 57 47 46 9 339 337 340 345 329 331 337 349 318 329 317 310 307 310 312 315 317 312 304 297 290 282 278 277 279 282 278 274 267 260 253 256 259 261 263 264 263 262 261 264 261 194 218 219 229 173 127 70 59 55 55 57 56 57 69 95 18 26 28
311 311 320 350 21 58 68 62 60 58 70 81 84 84 71 50 50 39 35 49 52 34 26 17 16 31 50 68 89 87 65 70 69 56 44 45 10 342 340 338 336 323 314 317 326 336 329 324 321 318 318 318 316 313 307 295 288 285 281 276 270 273 278 282 280 278 274 266 258 255 257 260 264 263 267 252 219 270 72 246 151 163 173 180 138 87 64 57 56 59 62 67 77 85 87 83
307 310 341 24 59 59 55 59 62 69 82 86 84 72 90 31 34 30 37 48 43 37 30 360 10 32 59 83 95 87 62 71 71 53 41 46 2 351 347 343 334 318 303 301 311 311 292 297 301 302 303 309 312 316 312 294 287 284 278 275 274 280 274 279 280 280 289 284 282 288 285 281 277 279 289 233 229 207 167 281 132 146 163 172 255 152 129 101 75 62 58 59 62 65 70 73
303 314 0 38 45 49 59 62 59 75 87 76 47 39 30 25 26 32 40 43 36 41 42 40 16 58 84 99 94 69 56 70 70 53 41 37 5 358 352 345 336 322 304 292 296 289 284 271 275 277 283 291 302 320 326 320 306 292 285 277 272 275 277 262 262 261 266 268 284 291 268 262 251 234 214 201 189 181 181 168 264 103 99 134 150 204 257 141 128 93 69 63 61 63 66 69
315 339 21 35 42 40 45 49 55 76 70 135 13 18 31 31 29 42 45 42 35 34 34 5 39 70 84 77 69 57 43 54 69 53 53 26 12 7 359 357 347 336 311 291 286 284 284 284 289 291 282 286 289 298 312 316 308 292 288 283 272 267 267 266 264 271 249 271 262 259 258 257 254 256 261 259 257 231 260 187 173 130 320 264 234 120 136 145 145 133 115 96 81 72 67 67
319 339 20 19 13 13 37 55 61 69 130 118 7 24 43 44 43 55 57 51 36 26 23 14 30 51 53 51 60 54 32 53 69 54 51 20 4 2 7 4 353 348 337 305 277 272 275 275 273 276 284 303 290 289 291 289 280 273 277 272 261 256 258 260 265 273 268 259 256 251 250 252 245 198 239 233 229 190 257 280 274 273 248 124 87 223 102 224 146 142 125 330 99 84 71 64
291 319 3 3 350 9 46 58 28 16 172 8 13 25 41 47 47 58 57 42 27 15 11 15 30 34 38 50 65 54 30 56 68 56 38 19 8 19 11 360 358 359 353 3 326 286 265 267 273 277 278 280 303 288 291 281 265 258 266 266 260 271 260 236 235 233 255 267 227 214 213 208 221 259 204 201 253 268 209 198 213 236 161 138 107 88 81 79 74 55 76 93 97 88 84 73
273 300 355 10 9 41 70 39 344 337 315 13 10 15 38 47 46 59 51 22 13 3 2 14 30 31 46 65 68 47 31 49 65 56 35 15 7 19 1 2 359 3 355 13 354 327 287 267 265 266 280 283 281 286 282 286 278 273 273 271 248 223 235 233 231 226 218 222 222 218 214 224 226 215 211 208 200 200 211 215 237 195 186 164 112 295 47 29 29 32 51 238 69 189 256 71
288 301 2 30 50 76 93 5 337 346 15 43 15 15 38 47 59 78 53 360 5 357 1 21 29 28 52 70 57 35 37 55 70 69 60 32 9 12 354 357 356 356 356 349 340 354 327 313 283 269 267 269 281 281 272 278 271 234 235 229 228 229 233 231 229 226 227 228 226 218 212 208 217 206 211 217 225 238 245 233 228 219 218 245 165 50 7 18 45 49 52 333 300 257 63 230
322 324 18 46 17 96 21 343 342 16 62 55 14 46 66 73 85 102 117 326 3 359 25 41 28 36 65 70 45 32 48 60 66 65 55 33 360 8 25 0 354 349 351 351 346 1 353 346 334 314 290 277 269 273 263 244 233 237 252 250 238 231 218 223 227 232 230 229 224 218 213 202 219 231 247 266 281 285 253 250 281 304 229 224 220 229 267 96 297 76 61 61 65 64 58 5
334 341 21 335 341 50 131 350 9 46 63 46 65 99 136 139 115 112 115 229 1 3 22 20 17 52 73 59 39 41 58 65 54 55 31 41 356 357 357 9 4 352 355 351 353 349 344 338 345 342 334 320 298 285 281 278 271 263 258 252 250 249 247 245 241 235 234 233 226 213 225 241 261 278 289 295 298 297 268 268 266 341 260 252 241 0 236 242 254 278 71 76 316 336 63 342
322 333 39 41 37 94 101 11 50 65 82 119 162 178 187 148 128 117 98 313 358 355 3 4 32 61 62 48 48 59 67 54 50 50 32 22 30 354 358 0 4 355 350 346 345 347 347 354 351 351 324 327 328 321 318 315 308 302 297 289 278 269 264 262 258 252 232 232 239 254 271 287 296 298 297 295 272 274 306 318 331 291 295 295 288 288 279 273 272 281 295 322 76 334 335 2
303 349 45 25 25 103 88 46 69 100 132 171 217 202 173 142 128 114 42 339 0 351 3 15 40 54 57 56 61 60 51 44 48 45 26 13 31 355 359 358 359 353 351 346 339 341 339 337 346 331 322 316 313 313 332 336 336 336 335 331 324 313 299 285 275 275 282 293 302 305 307 306 305 304 279 280 303 304 304 307 316 330 345 356 4 14 320 313 301 290 280 293 74 335 66 64
343 28 60 30 33 36 19 80 118 158 174 207 199 181 152 133 124 90 5 346 4 354 348 2 26 43 52 59 62 55 43 42 64 41 16 9 3 358 1 3 2 354 353 353 342 340 338 331 330 323 317 311 318 328 330 336 340 342 343 342 341 339 335 329 321 318 321 326 328 324 320 317 315 313 284 311 309 305 300 298 304 314 329 351 305 301 306 309 301 296 292 279 278 286 306 336
46 56 70 79 72 82 117 147 173 226 219 199 180 162 141 122 109 336 4 357 357 353 348 358 21 35 49 60 60 51 43 53 58 32 15 5 5 358 1 3 3 350 343 352 346 342 342 339 337 326 319 318 318 325 325 331 338 342 342 341 342 343 344 344 340 334 330 331 333 332 328 327 327 327 299 318 312 305 294 288 291 301 315 305 298 284 284 294 296 290 287 271 247 250 258 241
51 59 71 98 135 144 152 167 285 296 273 209 153 142 131 108 28 320 357 3 349 360 356 1 13 24 47 59 53 46 46 38 39 22 12 5 7 5 4 6 4 352 341 344 348 342 342 342 343 337 322 312 310 318 322 327 337 344 344 340 337 338 341 342 341 337 332 330 332 333 331 330 330 333 334 330 322 309 280 276 282 293 298 305 313 313 303 300 297 288 288 289 284 294 292 305
0 53 57 71 31 8 346 356 356 350 352 31 85 105 103 84 287 325 12 2 358 20 2 356 8 25 53 62 55 52 47 29 27 18 7 6 11 6 6 13 7 359 343 336 342 339 344 340 341 348 327 314 314 322 321 323 335 346 348 342 335 332 333 335 336 336 335 333 330 328 328 329 328 330 340 348 342 331 328 328 326 327 268 268 264 266 272 273 275 278 277 246 229 261 245 33
53 55 61 28 24 11 2 360 359 355 357 19 49 56 53 36 303 335 17 6 1 40 343 344 7 29 47 65 63 57 43 20 15 13 5 6 16 3 6 18 12 1 343 332 335 332 338 335 335 336 341 325 324 330 321 320 332 348 354 347 338 333 331 332 332 333 337 340 337 330 329 313 311 328 342 313 351 343 344 349 356 5 18 261 240 65 77 81 231 249 213 37 261 295 311 25
56 47 39 16 7 360 356 356 359 360 18 7 27 33 36 33 299 340 15 9 24 9 348 346 4 30 52 70 57 39 29 13 8 12 10 7 17 5 8 20 11 8 12 11 336 322 326 326 319 336 334 321 324 322 318 316 325 345 357 354 344 337 332 329 327 326 331 340 344 341 317 315 316 328 337 349 350 347 352 2 21 325 301 287 305 310 287 277 252 204 39 269 308 32 32 29
41 34 3 358 353 352 4 354 359 4 7 11 23 31 36 38 307 0 11 5 25 15 352 357 0 29 67 78 50 29 24 13 3 11 12 10 16 8 11 19 17 25 25 15 359 350 330 326 321 327 325 311 316 317 313 318 316 334 356 3 355 344 333 322 319 317 319 329 340 348 348 344 312 334 311 339 344 356 321 311 272 74 69 240 262 283 285 270 68 50 32 248 262 274 271 20
39 33 16 342 341 345 349 354 359 6 14 18 26 33 11 37 313 12 7 360 19 13 7 3 8 46 36 79 37 23 32 12 358 5 9 16 17 9 10 17 22 22 14 18 5 355 335 324 317 316 317 314 318 321 314 296 317 315 345 8 9 357 342 326 316 312 311 315 327 343 350 349 321 346 343 310 324 305 29 34 31 26 30 42 57 72 67 50 32 24 28 23 15 261 19 16
47 46 337 328 330 338 346 353 359 12 15 23 32 38 38 22 320 15 8 5 10 11 19 11 31 51 51 67 26 27 40 18 357 1 7 16 12 6 10 16 13 18 23 23 12 358 330 332 324 326 324 312 319 328 320 303 292 329 322 1 15 10 358 341 325 315 311 308 315 328 342 350 328 328 324 321 318 322 12 310 13 12 17 24 25 20 13 9 9 14 17 13 10 8 5 290
11 355 327 340 324 334 345 2 7 9 15 22 26 30 41 16 329 18 11 12 9 17 30 17 31 53 69 32 14 30 36 10 355 1 8 11 7 4 10 8 15 10 23 10 18 2 356 328 326 325 325 324 323 329 324 308 296 290 303 334 10 14 6 357 345 331 323 320 309 319 328 345 324 319 318 324 330 328 331 326 7 8 333 14 15 10 4 4 8 14 16 13 12 11 9 11
1 337 322 338 324 335 344 2 5 7 15 20 29 41 43 21 336 24 15 16 12 32 40 20 36 354 57 20 20 33 30 3 351 5 19 15 1 355 9 5 13 4 18 25 22 7 331 354 340 341 332 329 326 339 321 313 307 311 312 307 347 11 9 4 356 346 339 336 333 331 322 327 321 314 314 356 340 339 341 338 329 320 328 4 9 10 7 7 12 18 20 20 335 20 20 23
327 320 335 333 322 334 343 1 1 6 14 19 29 46 47 27 340 27 26 17 21 47 39 17 44 14 34 24 33 33 16 358 351 13 13 16 354 344 7 2 14 2 10 18 10 14 358 339 341 337 339 332 329 345 336 325 314 326 315 308 320 357 10 6 359 351 346 344 343 342 320 322 326 327 324 328 343 339 343 347 333 316 319 356 3 13 16 17 19 23 28 31 31 31 338 327
337 334 329 329 316 328 353 359 2 9 19 26 33 61 55 29 339 43 43 15 39 45 36 31 325 2 24 33 31 21 3 354 358 16 13 11 352 345 7 359 9 359 2 11 22 20 8 335 341 348 333 330 330 347 344 331 328 338 326 329 312 333 3 6 0 352 346 330 328 336 343 339 340 340 335 333 342 342 343 360 341 322 313 314 1 10 18 313 312 26 33 40 41 42 320 48
321 329 346 325 328 339 353 359 6 20 36 57 33 69 62 25 341 45 43 22 50 48 36 40 318 36 25 32 23 18 5 354 19 16 18 358 349 353 5 9 7 354 356 6 18 7 16 6 337 349 337 337 337 345 343 344 332 318 311 309 315 321 348 2 3 357 350 345 320 327 342 345 342 342 345 340 339 346 341 341 342 322 307 308 317 7 15 339 313 300 29 44 48 48 326 326
327 339 327 322 326 339 356 359 9 23 39 54 55 27 60 19 8 50 37 36 51 47 51 312 33 21 29 27 14 20 11 359 13 13 3 348 344 358 4 6 10 355 353 3 11 21 349 350 336 349 346 341 341 348 347 348 332 319 314 308 335 317 330 351 2 1 356 334 343 317 332 341 343 341 351 358 337 345 346 330 326 324 1 3 321 11 338 336 328 34 32 304 44 48 48 327
324 336 325 323 330 349 2 359 17 7 25 41 43 17 52 20 25 49 43 50 57 59 62 31 353 19 26 23 18 26 18 3 14 14 359 347 340 358 7 8 6 357 356 359 1 14 5 17 336 352 352 345 347 351 349 349 332 327 344 332 319 313 320 340 358 344 343 339 325 315 320 333 342 338 352 3 349 343 353 339 333 338 329 328 329 15 343 325 328 322 34 35 304 42 50 49
335 338 327 327 339 355 4 355 12 347 16 42 50 20 50 22 37 56 54 61 69 38 57 338 307 12 16 19 18 28 23 360 9 4 355 7 339 355 6 18 353 349 358 355 5 7 14 353 340 351 353 343 347 357 358 353 328 331 331 312 306 336 312 330 356 344 5 335 358 350 342 310 324 329 349 354 7 4 349 323 341 359 342 333 331 17 22 342 340 345 333 36 43 304 357 57
332 341 331 330 343 11 2 353 13 320 34 73 39 68 51 342 58 20 64 63 61 28 22 325 308 10 16 22 16 24 28 358 358 7 352 342 347 355 13 17 356 346 348 352 351 5 12 19 347 335 351 338 341 4 2 1 357 326 345 322 339 304 329 340 346 8 8 3 1 356 353 348 342 318 338 351 359 1 350 341 330 359 355 347 333 23 26 35 38 39 42 343 329 325 302 355
341 343 334 331 347 7 2 9 14 26 120 30 88 73 47 30 20 35 46 54 43 51 347 307 299 8 17 32 19 13 25 5 1 16 351 341 340 359 18 9 358 359 341 348 352 359 9 23 28 17 340 337 336 360 359 2 358 357 2 357 354 340 319 309 324 356 8 5 3 0 355 354 352 346 314 328 344 353 346 348 315 342 19 359 333 335 36 45 47 49 357 5 1 328 75 87
344 343 337 305 360 13 13 7 6 14 87 86 91 74 42 55 31 55 56 40 46 11 341 305 297 359 27 41 13 355 20 16 14 8 351 342 350 8 18 355 357 6 353 337 336 356 5 11 25 20 11 333 347 354 349 358 3 359 358 3 5 357 344 330 333 338 2 7 7 3 357 331 357 353 344 336 336 343 352 359 2 322 17 34 355 329 333 347 6 62 345 346 12 340 74 80
349 349 342 336 13 9 14 322 360 359 51 76 89 76 46 60 59 75 70 43 33 48 327 300 294 6 39 290 9 347 15 18 15 357 353 344 357 26 15 351 359 358 358 342 329 345 358 358 19 356 352 22 8 348 342 353 6 4 359 7 346 5 358 348 334 331 351 339 8 341 1 356 350 355 349 343 325 336 342 5 17 22 336 40 49 1 335 334 327 12 4 340 20 27 341 74
355 356 347 349 7 6 15 313 3 3 108 107 91 76 22 56 65 64 58 31 21 37 313 301 334 22 39 41 13 340 19 21 356 358 2 355 15 30 6 358 8 348 350 343 339 334 355 338 12 5 347 349 357 344 341 347 2 358 355 5 8 350 4 359 351 316 348 354 7 5 3 356 350 351 328 351 318 336 337 4 29 42 310 345 20 22 11 345 348 324 352 335 339 19 27 74
0 0 357 7 7 10 303 298 9 25 128 135 16 67 47 46 53 56 48 28 70 296 294 304 304 23 34 35 19 336 8 7 342 358 5 8 23 20 11 35 19 320 321 342 345 336 347 322 6 13 348 5 350 348 349 344 349 5 3 360 2 354 3 350 3 3 350 356 349 5 4 1 330 349 335 327 323 326 330 25 335 64 65 302 342 21 17 16 16 351 334 347 86 2 357 90
2 5 5 10 8 11 25 20 17 114 132 142 122 3 47 52 41 44 32 14 35 295 280 283 338 29 36 34 23 340 352 16 351 345 3 10 16 12 35 24 26 357 328 353 350 343 342 15 356 25 347 358 352 358 354 348 353 343 354 355 357 351 358 1 334 330 340 351 355 345 341 6 315 331 333 331 330 328 308 288 299 336 344 339 336 354 3 350 15 23 355 341 350 315 95 106
357 8 11 12 9 16 28 25 28 91 123 134 150 16 36 41 39 29 79 64 7 280 270 260 360 39 41 36 28 355 355 59 4 318 358 5 6 13 0 27 36 20 336 4 4 344 348 300 330 14 357 344 335 337 347 354 335 352 336 346 351 355 353 4 341 334 341 346 350 351 1 327 321 327 332 332 334 344 316 57 67 282 321 337 343 344 356 84 85 319 345 36 83 81 79 83
359 10 17 15 11 18 5 11 16 23 55 85 118 8 20 34 38 10 56 53 18 252 242 347 12 35 44 41 32 15 32 43 354 245 335 1 358 9 29 57 54 43 2 11 20 347 358 285 19 18 6 348 327 284 312 338 335 322 318 349 343 346 342 356 343 12 346 344 345 349 357 348 339 21 27 323 315 324 337 318 291 58 303 325 342 356 17 31 74 78 77 75 73 70 68 66
3 12 12 11 16 15 19 25 16 19 32 50 55 348 13 31 34 65 67 80 119 227 209 360 27 49 72 67 36 32 42 31 359 243 315 359 354 360 198 167 139 122 139 15 27 351 353 359 19 178 16 352 166 332 359 252 341 343 275 344 344 345 341 333 338 333 339 339 338 339 347 349 342 325 32 32 35 35 38 314 313 309 308 320 356 331 348 73 71 68 67 65 63 60 59 59
13 16 13 11 19 13 18 24 17 21 32 17 43 30 14 35 28 91 90 101 148 196 185 18 58 243 236 63 24 30 256 21 3 284 248 356 358 359 197 178 166 2 169 12 34 344 340 5 37 36 28 1 143 213 348 238 347 342 355 342 341 344 340 332 329 324 326 331 326 326 333 347 358 353 339 321 326 321 36 299 299 293 67 66 291 66 65 64 66 63 60 56 53 52 54 57
19 21 15 15 22 21 25 24 17 22 31 19 38 35 11 311 24 109 107 114 148 176 352 41 255 242 237 32 11 23 31 12 5 339 225 331 8 0 195 180 167 44 167 348 23 329 330 62 221 198 45 6 152 203 241 360 234 340 264 268 332 331 265 336 338 332 320 322 314 311 316 338 18 15 23 342 340 343 325 52 50 48 49 51 51 51 55 59 59 55 53 51 50 51 54 59
24 24 14 15 20 22 26 23 20 19 25 36 41 40 22 28 16 100 113 126 146 167 13 45 240 228 43 26 28 30 12 359 352 347 327 342 16 3 191 58 59 14 157 344 11 338 31 239 225 203 200 186 315 301 304 344 355 336 342 246 340 327 329 320 336 338 333 327 315 309 306 317 355 347 354 343 341 347 345 319 318 334 323 41 43 46 51 57 51 53 53 53 53 56 59 62
17 34 13 12 18 12 28 26 21 27 30 9 54 14 58 18 93 5 108 126 142 349 31 253 231 216 5 19 39 35 349 338 342 344 339 357 21 17 61 176 52 6 159 154 175 14 43 49 212 204 208 186 320 181 204 319 333 321 342 348 345 341 321 311 327 301 327 333 321 312 311 322 352 335 342 334 328 327 321 314 313 323 339 348 340 346 350 336 53 56 63 65 66 67 68 68
19 8 13 12 12 4 31 40 26 58 32 14 76 22 18 15 24 25 108 122 145 351 28 48 218 210 11 21 20 8 346 325 343 358 9 44 221 211 186 163 163 179 176 143 155 41 41 213 203 196 196 4 330 183 201 209 297 304 325 336 344 337 310 298 305 333 334 330 321 306 303 329 332 330 341 336 334 326 42 35 34 35 42 322 344 353 344 58 49 53 357 71 73 73 72 69
1 6 15 19 11 7 32 39 48 54 76 26 23 22 18 14 21 21 121 127 165 344 20 38 214 216 20 3 342 359 4 337 4 22 247 248 241 226 178 137 148 188 189 163 160 190 202 204 195 185 182 360 322 191 205 208 286 215 293 320 335 336 312 225 246 290 317 320 317 307 300 323 309 342 342 358 40 347 322 33 33 33 40 46 42 331 332 352 53 56 337 66 74 80 75 71
25 6 7 26 12 10 33 47 44 50 33 29 30 15 18 11 13 25 130 128 163 354 21 226 226 228 8 338 221 22 224 358 17 34 252 246 239 226 164 119 131 180 182 171 170 179 180 189 187 177 172 169 179 198 203 205 211 219 226 228 326 308 296 255 259 245 239 300 305 306 301 308 334 334 342 355 24 29 35 319 38 38 320 324 326 39 345 345 347 59 63 357 66 71 73 72
