examples/cougarCreek-fire/createInputs/farsite/7a-cougarCreek-polygonIgnit/cougarCreekFire_08-11-2015_1900_217m_non_neutral_stability_ang.asc
ncols	146
nrows	140
xllcorner	610065.000000
yllcorner	5095217.000000
cellsize	216.586807
NODATA_value	-9999.000000
[rows 0 to 47 of 140, columns 0 to 95 of 146]
240 240 241 243 243 242 242 243 243 254 243 239 230 219 206 194 181 170 159 150 143 164 133 131 128 126 123 121 121 120 119 118 118 119 120 121 122 113 120 125 122 121 126 122 125 125 130 130 130 130 128 127 126 126 126 127 128 125 122 122 123 122 121 122 122 122 120 119 121 124 126 124 121 119 119 121 122 119 117 117 117 119 121 115 113 116 124 115 115 118 124 117 116 125 123 123
240 240 241 243 243 242 242 243 243 254 243 239 230 219 206 194 181 170 159 150 143 164 133 131 128 126 123 121 121 120 119 118 118 119 120 121 122 113 120 125 122 121 126 122 125 125 130 130 130 130 128 127 126 126 126 127 128 125 122 122 123 122 121 122 122 122 120 119 121 124 126 124 121 119 119 121 122 119 117 117 117 119 121 115 113 116 124 115 115 118 124 117 116 125 123 123
242 243 244 246 246 247 247 248 249 249 249 247 240 231 220 208 195 181 168 157 148 170 135 132 129 126 124 122 120 119 119 119 119 120 120 121 122 123 123 124 124 125 125 126 127 127 129 129 129 129 128 127 126 126 126 126 126 125 122 121 122 122 121 121 122 122 120 120 121 123 124 123 121 120 120 121 122 122 119 119 119 120 121 122 123 124 124 124 124 124 123 121 122 123 122 122
245 246 247 248 249 250 251 252 253 253 253 253 249 243 235 225 212 196 181 166 154 180 136 132 128 126 123 121 118 117 117 118 119 119 119 120 120 120 121 122 123 123 123 124 124 125 126 126 127 128 129 128 127 125 124 124 124 123 122 121 121 122 122 122 122 122 122 122 122 122 122 121 122 122 122 122 124 125 122 121 121 122 122 123 124 124 125 126 125 125 125 123 122 124 124 122
246 247 249 251 252 253 255 271 269 271 258 259 256 252 247 239 228 215 198 181 227 200 164 135 130 127 124 121 119 118 117 118 119 119 119 119 120 120 121 122 122 122 122 123 123 123 125 126 127 129 130 129 127 120 124 123 123 122 122 122 122 123 123 123 123 123 123 123 122 121 122 123 123 123 123 124 125 125 124 123 123 123 123 124 125 125 126 126 126 127 127 126 108 110 110 107
248 249 251 253 254 256 257 259 260 275 275 279 261 259 255 250 242 231 266 199 245 223 199 141 135 130 127 124 121 120 118 119 119 120 120 120 120 120 120 121 122 122 122 122 122 123 125 127 128 123 123 122 127 125 124 124 124 124 124 123 123 123 123 123 123 123 115 122 122 121 122 124 124 124 123 123 124 125 124 124 123 124 124 124 125 125 126 126 126 127 127 126 125 103 108 106
250 251 253 255 256 258 260 276 277 280 278 278 284 263 260 257 251 244 265 260 257 243 221 167 123 115 132 114 112 109 121 121 121 121 122 121 121 121 121 115 115 122 116 122 122 117 119 120 122 124 117 128 119 126 125 125 126 125 124 124 123 115 115 123 123 115 122 122 123 123 124 124 124 123 122 123 124 125 125 124 124 124 124 124 132 125 126 126 127 127 127 126 125 105 106 108
251 253 255 257 259 260 262 276 274 277 279 279 283 289 290 262 258 288 277 265 263 255 234 201 142 122 119 116 114 114 125 113 114 123 123 123 122 122 115 116 116 116 116 116 116 116 118 120 121 114 120 120 127 127 126 126 126 125 124 124 115 115 123 123 123 115 123 123 124 124 124 123 122 122 123 124 125 125 124 125 124 124 125 125 125 125 126 126 127 127 127 126 125 125 108 99
252 254 257 259 260 281 264 282 282 281 283 283 282 287 290 265 291 289 281 267 264 258 280 285 173 137 127 122 118 115 114 115 116 125 125 119 117 117 117 117 117 117 117 117 116 116 116 117 118 120 121 121 121 119 118 125 125 125 116 124 114 123 124 124 114 115 115 113 123 123 123 123 122 123 124 124 124 124 124 125 125 125 125 125 125 126 126 127 127 127 127 127 126 125 125 125
254 256 259 261 262 274 278 283 284 285 286 285 292 285 289 290 290 289 283 281 283 264 243 227 301 163 142 133 125 125 119 119 118 119 121 121 120 119 120 119 119 119 118 118 117 117 117 118 119 121 122 123 120 118 125 125 125 125 116 123 123 123 124 115 115 113 113 113 123 123 123 123 123 123 124 124 124 124 125 126 126 126 126 125 125 126 126 126 127 131 127 127 126 126 125 124
280 257 260 262 264 266 274 279 282 285 286 287 286 295 288 288 287 266 284 274 284 295 254 235 283 359 47 52 139 132 125 125 124 123 124 124 123 123 122 121 120 119 119 107 108 108 118 119 121 114 117 114 119 126 125 125 125 116 125 124 124 115 116 116 114 114 115 115 124 124 124 124 123 123 124 125 125 125 126 126 126 126 126 126 125 126 131 126 127 127 127 127 127 126 126 125
256 258 282 281 281 277 269 277 281 294 296 288 288 286 286 286 270 287 281 277 289 296 294 243 225 322 53 37 31 142 132 131 129 128 128 127 126 125 123 122 121 103 105 105 107 107 117 119 112 114 113 120 128 127 119 118 118 117 118 126 125 116 117 116 116 124 124 124 124 124 124 123 123 124 124 125 125 125 126 126 126 126 126 126 126 126 127 127 127 127 127 128 127 127 126 125
257 259 261 281 282 281 271 275 277 282 294 298 301 286 286 285 283 286 278 276 292 297 301 283 234 288 35 18 24 70 144 140 136 135 133 131 130 129 127 125 101 104 106 106 107 106 118 109 112 121 121 122 129 127 119 118 118 118 118 118 117 120 119 124 124 123 123 123 123 123 123 123 123 124 125 125 125 125 126 126 127 127 127 126 126 126 127 127 127 127 127 127 128 128 127 125
257 260 262 264 267 279 272 274 273 276 281 292 295 300 283 283 283 284 280 297 294 294 304 294 281 291 10 8 37 78 78 149 51 66 77 90 94 98 109 111 102 107 107 107 106 119 119 109 112 124 123 122 123 121 118 118 118 119 118 118 121 120 124 123 123 122 122 121 122 123 123 123 124 125 125 125 125 125 126 126 127 127 127 127 126 126 126 127 127 127 127 127 128 130 128 140
258 260 263 265 267 269 272 274 276 275 276 280 281 287 295 304 310 313 307 304 305 302 309 310 291 296 343 360 40 75 78 161 16 49 73 88 92 97 120 130 107 109 107 106 106 106 107 111 113 113 124 124 123 121 119 118 110 119 118 117 123 123 123 122 113 111 111 111 122 124 113 124 124 125 125 125 124 125 126 126 127 127 127 127 127 127 126 127 127 124 129 124 127 139 129 139
258 260 263 265 267 269 281 283 282 278 277 281 287 283 283 294 309 312 305 303 306 303 307 319 304 299 323 354 40 73 62 4 17 43 60 82 92 101 108 103 105 106 106 107 106 107 109 113 113 112 126 124 112 111 119 119 112 118 108 115 115 114 112 111 112 112 113 124 124 125 126 125 124 124 124 124 124 124 125 126 126 127 127 127 127 126 126 126 127 126 122 121 125 130 128 125
257 260 262 265 267 269 271 281 284 283 281 282 296 296 282 272 277 302 298 297 305 304 307 255 312 304 320 360 58 73 32 341 34 56 68 84 98 110 106 97 101 105 107 108 108 108 111 111 111 113 126 112 115 112 109 121 121 108 116 115 114 113 113 113 113 114 124 113 124 124 125 124 123 123 124 124 124 124 125 126 126 127 127 127 126 126 126 126 127 126 125 123 123 126 131 126
256 259 261 264 267 269 273 278 283 295 283 283 290 298 279 266 265 275 281 281 291 291 309 347 329 311 336 17 53 56 15 12 38 61 85 89 113 104 97 97 101 104 106 107 108 108 109 110 110 113 114 119 117 109 108 120 118 105 116 115 113 113 114 114 115 124 125 120 120 123 124 123 123 123 123 124 124 124 125 126 127 127 127 126 126 126 125 117 116 126 125 123 124 126 127 129
255 258 261 264 266 269 271 279 296 300 285 284 281 282 287 286 282 282 285 279 287 291 290 322 325 320 349 31 41 37 28 39 59 50 87 81 117 104 95 97 100 104 107 108 108 107 108 110 111 112 118 118 111 119 107 108 116 115 107 115 115 106 117 115 123 118 120 124 122 122 123 123 124 123 123 124 125 125 125 125 126 127 127 127 126 126 126 117 115 126 125 112 114 126 127 128
253 257 260 263 265 268 277 278 295 300 285 289 281 284 296 301 299 292 294 287 291 301 286 292 314 335 14 38 38 35 47 56 78 151 147 88 114 118 95 97 101 105 108 111 109 108 110 112 117 119 117 111 108 108 108 105 106 116 106 106 115 107 115 113 115 123 124 123 122 123 123 124 124 124 124 124 125 125 125 125 126 127 127 127 126 126 126 113 113 126 125 115 114 117 125 126
251 255 258 272 275 276 277 278 281 298 283 291 302 285 284 295 303 299 301 294 296 310 283 282 290 332 28 33 38 43 54 68 152 150 146 92 91 137 95 100 104 110 113 112 112 112 113 116 130 117 114 109 108 111 105 118 119 106 107 106 105 107 116 114 123 123 124 124 123 123 123 123 124 124 123 124 125 125 125 126 126 127 127 127 126 125 126 126 126 126 110 113 114 123 124 125
249 252 256 270 274 275 276 277 280 300 292 292 308 303 275 276 275 281 292 289 288 306 291 291 298 324 7 21 42 57 60 79 151 149 144 146 86 132 92 105 114 120 116 114 111 108 110 115 116 108 108 107 106 104 120 106 106 109 109 106 106 108 106 124 117 117 116 117 123 123 122 123 124 124 123 124 124 125 125 126 126 127 127 127 126 125 125 126 126 126 111 113 112 111 126 126
247 251 254 258 269 271 272 274 277 295 292 289 303 317 287 275 265 268 274 287 289 295 291 285 290 322 10 24 53 70 67 118 148 82 142 138 91 108 92 109 122 122 119 112 110 111 112 112 108 108 108 107 106 122 121 107 106 106 107 106 108 109 117 116 116 115 115 122 123 122 123 123 124 123 123 124 124 125 125 125 126 127 127 127 126 125 125 126 126 111 115 117 118 120 118 116
245 249 253 256 260 263 270 274 287 296 296 287 292 312 301 289 284 282 284 297 303 302 298 274 265 297 26 32 57 68 63 77 146 145 141 130 94 95 92 107 114 119 116 111 110 110 110 108 108 109 109 128 109 112 108 107 107 107 109 109 112 118 116 121 112 115 114 114 123 123 123 123 123 123 123 124 124 125 125 126 126 127 127 127 126 125 125 126 111 125 128 128 125 126 125 121
242 246 251 255 258 261 268 272 275 294 303 292 290 305 306 291 285 284 282 283 294 305 310 291 270 286 16 41 43 51 71 84 127 144 82 91 93 92 94 110 112 110 111 127 111 108 108 111 110 108 112 127 108 107 107 109 112 113 113 112 111 118 104 103 116 116 115 116 124 115 123 123 123 123 124 123 123 124 125 125 126 127 127 127 126 125 125 125 125 129 128 124 122 127 130 125
239 244 248 252 256 260 267 271 273 289 301 296 286 290 306 298 288 284 281 276 279 301 308 297 280 287 13 55 20 46 79 135 130 90 139 125 89 91 102 115 118 109 109 109 110 125 114 128 109 108 130 111 106 106 106 111 114 126 112 110 111 118 104 110 117 116 116 117 118 119 119 123 123 123 123 124 124 124 125 125 125 126 127 127 125 124 124 123 118 123 130 126 122 125 129 126
237 241 246 250 261 264 265 267 273 280 294 290 286 283 294 303 291 286 286 280 281 300 301 289 275 279 11 61 25 52 97 105 92 87 87 92 92 95 104 107 105 102 104 105 106 107 107 107 107 108 128 106 105 104 104 108 112 112 110 109 110 118 118 109 110 112 119 119 118 118 118 122 123 123 123 123 123 123 124 125 125 125 126 126 125 125 124 122 108 114 125 123 125 124 126 122
234 239 244 248 255 260 264 265 263 269 285 291 293 282 277 285 283 284 289 283 286 301 300 276 261 263 336 65 69 72 98 100 93 94 94 94 95 103 106 104 102 102 103 106 109 108 108 111 110 106 127 105 105 105 105 110 112 110 110 110 111 112 115 119 122 122 119 118 115 114 114 122 122 122 122 122 122 123 124 124 125 125 126 126 126 125 124 122 106 107 109 110 111 112 123 123
232 237 242 247 251 257 262 267 269 273 283 294 300 282 270 276 279 281 287 282 285 298 301 273 247 244 271 36 88 87 100 98 95 99 97 97 106 108 104 104 106 105 107 110 112 126 128 129 105 129 126 104 105 108 107 113 113 111 113 117 118 117 117 117 118 119 119 119 116 115 115 122 122 121 121 122 122 123 123 124 124 125 126 126 125 125 123 121 102 102 123 123 106 108 124 123
230 234 239 244 249 255 259 275 286 283 287 293 302 310 286 277 282 284 287 282 283 296 298 288 256 243 245 288 65 96 104 103 96 99 100 102 108 105 103 107 108 111 120 126 125 125 127 106 128 130 127 105 107 106 113 115 114 113 113 113 113 113 114 115 114 117 116 116 116 116 115 121 121 121 122 122 122 123 123 124 124 125 126 126 125 124 123 122 121 103 105 107 112 113 110 124
227 232 236 241 246 255 257 260 272 277 278 289 293 305 300 279 286 293 296 294 297 309 302 302 271 245 241 248 40 91 100 98 100 100 103 110 109 96 107 115 121 121 127 126 125 126 109 109 132 131 129 110 106 112 113 109 106 108 110 111 112 114 115 115 113 114 113 112 112 111 111 121 122 122 122 123 123 123 124 124 124 125 126 125 124 124 124 123 122 110 112 112 111 109 107 125
225 229 233 238 243 254 256 260 268 272 270 272 277 282 297 279 277 286 291 295 305 313 308 301 266 233 234 238 17 82 88 100 105 104 108 113 99 97 111 121 121 122 127 126 125 126 131 111 135 133 129 125 105 108 103 102 106 109 111 111 113 115 115 114 112 111 116 116 115 115 115 117 119 119 121 122 123 123 124 124 124 125 126 126 125 125 125 123 122 111 110 109 110 108 109 125
222 226 230 235 240 255 257 258 267 272 274 277 285 290 294 281 268 268 271 276 291 302 289 244 246 255 245 243 319 67 85 101 109 111 108 104 101 104 112 107 120 121 127 126 125 126 130 137 135 134 131 127 103 105 106 107 112 115 114 112 111 112 113 115 117 121 119 119 121 123 118 119 119 119 120 121 122 124 128 123 124 125 127 127 126 126 125 123 137 111 108 108 111 112 114 125
215 220 240 229 252 254 256 257 270 271 281 290 297 295 291 283 268 256 248 247 254 267 272 255 209 345 291 259 274 55 86 105 114 114 112 112 113 117 119 118 118 120 126 125 122 127 129 135 133 134 132 142 137 114 111 114 116 117 117 122 116 114 115 121 120 115 118 115 115 114 109 108 119 120 121 122 122 122 125 122 122 123 125 126 125 124 123 122 138 126 109 109 113 114 117 124
209 214 220 240 245 246 249 276 279 281 280 282 287 292 294 283 270 259 251 246 243 244 243 244 269 18 10 306 306 69 112 114 116 117 114 113 115 118 119 120 118 117 118 118 119 123 126 132 130 130 129 127 136 135 132 126 119 117 118 119 119 117 117 110 110 110 113 110 106 117 117 118 110 115 119 120 119 121 121 121 122 122 123 125 126 124 122 121 138 134 110 109 112 112 111 123
201 207 213 218 235 241 241 242 267 270 266 257 258 269 287 290 287 286 288 268 252 240 230 220 212 208 246 290 1 84 114 116 115 116 112 110 110 110 109 108 114 114 115 120 120 122 118 123 132 127 126 124 122 131 129 129 125 122 120 117 115 112 110 108 107 111 109 118 118 118 118 109 113 116 117 117 119 120 121 121 121 122 123 124 127 125 121 121 138 137 114 110 112 111 112 123
190 195 201 219 221 283 280 229 258 256 253 251 251 253 258 267 269 268 264 245 225 216 211 201 191 187 196 207 233 113 119 125 117 114 111 104 102 102 102 102 101 102 121 120 119 119 121 124 123 131 127 126 121 120 118 117 127 127 126 124 122 121 119 116 112 109 112 112 113 112 111 111 111 111 118 118 119 119 120 120 121 121 121 123 126 125 122 120 138 137 121 111 110 111 113 122
181 185 190 205 206 207 210 244 216 236 237 249 248 241 231 229 226 216 205 199 200 200 196 191 187 186 187 185 171 142 123 124 129 127 125 123 116 114 113 113 111 110 112 118 117 118 120 122 114 121 128 124 122 122 120 118 118 120 122 123 123 123 124 124 124 124 125 126 127 128 127 124 113 118 118 119 119 119 119 120 120 120 120 121 125 126 123 120 138 137 119 108 106 107 108 121
175 176 179 193 194 193 201 199 224 223 233 238 232 224 218 218 213 205 203 206 203 196 192 189 183 183 185 180 167 132 123 112 118 127 132 134 134 134 132 128 119 113 108 110 121 123 122 122 125 124 118 123 119 116 114 112 112 113 114 114 121 122 122 122 123 123 124 125 126 126 126 126 127 127 121 110 119 119 119 119 119 119 119 120 124 127 124 121 138 138 126 105 105 107 107 121
168 169 172 182 183 184 193 188 223 227 232 231 223 225 222 218 211 203 199 197 193 192 193 189 182 188 183 181 169 168 124 111 116 116 122 125 125 123 126 127 124 125 126 124 119 120 119 115 112 122 123 109 109 111 114 111 114 115 110 110 111 120 120 120 120 112 111 112 111 112 112 113 114 127 128 131 131 117 117 117 118 118 119 119 122 126 125 121 119 137 136 110 105 107 108 108
161 163 166 175 176 175 189 179 178 221 227 231 231 231 217 210 201 194 191 192 192 194 189 184 176 184 179 178 180 181 122 118 117 115 113 110 109 112 120 120 117 117 117 114 121 124 125 124 123 120 119 116 114 115 114 112 111 110 109 109 110 110 110 110 109 108 107 107 108 108 109 110 111 111 112 114 115 116 132 128 116 117 118 117 119 123 125 122 120 118 136 127 111 109 107 106
156 158 161 170 171 185 172 172 169 216 220 220 213 208 200 198 192 187 194 198 197 191 185 168 174 180 175 176 175 170 135 115 110 107 106 108 107 108 107 109 116 116 112 112 113 113 115 117 120 120 120 121 120 118 116 115 113 113 115 112 109 109 107 105 104 103 103 104 105 106 107 108 108 109 109 111 113 114 115 114 132 115 117 117 117 120 123 123 121 119 116 133 119 112 109 105
152 153 157 158 167 160 168 160 163 160 156 206 199 195 192 189 188 194 199 192 189 184 171 166 181 175 171 171 164 157 144 119 106 106 104 106 107 105 105 106 108 113 111 108 106 103 109 114 117 115 116 114 113 111 110 109 107 105 103 102 102 102 101 99 99 100 101 103 105 105 106 107 107 107 108 110 113 114 116 115 128 130 108 109 117 118 121 122 122 119 116 114 125 115 109 106
151 151 153 154 160 172 164 161 159 157 196 192 184 184 179 181 188 190 190 186 182 170 164 165 180 170 170 161 160 156 149 134 119 107 104 104 105 104 103 102 102 103 103 101 109 110 112 114 109 114 111 110 110 107 104 101 98 96 93 97 98 98 98 100 102 105 107 108 108 108 109 109 110 110 110 111 113 115 117 118 114 109 122 109 116 117 118 120 121 120 116 113 127 122 118 113
149 149 151 152 152 160 159 158 156 186 181 173 174 181 178 182 181 182 182 179 175 162 161 170 175 167 159 158 158 153 148 138 132 122 113 104 104 102 101 101 105 101 110 109 110 112 108 113 118 113 108 106 104 102 99 97 93 92 96 99 102 104 100 103 105 105 105 103 102 101 101 101 102 102 101 113 114 115 119 120 118 112 127 108 115 117 116 117 120 121 119 114 125 123 114 120
146 146 149 150 157 157 157 156 154 171 166 170 180 181 181 177 168 181 177 173 173 167 165 165 172 162 155 162 157 154 145 139 138 130 122 114 108 104 102 101 97 110 109 110 112 105 107 117 116 107 101 93 98 98 98 96 93 94 101 101 104 107 98 96 94 96 100 99 96 98 100 104 104 104 104 102 100 102 117 120 121 116 124 110 113 114 116 115 117 120 120 115 112 118 113 112
144 144 162 148 155 155 171 174 171 160 167 177 177 178 175 171 176 171 170 168 170 161 160 160 158 156 155 160 155 149 144 141 139 134 126 116 114 111 106 100 104 106 107 102 105 109 109 112 105 100 92 91 95 99 100 101 103 103 107 99 97 95 93 94 94 97 97 96 103 111 113 113 109 105 105 110 113 102 112 118 122 119 110 124 106 113 113 114 114 116 119 117 112 112 113 112
140 150 148 146 147 154 160 168 168 163 174 176 174 175 176 171 134 156 166 166 166 154 150 154 155 155 161 158 149 147 145 144 139 134 126 114 116 118 113 108 98 104 114 111 111 109 106 105 103 97 93 93 99 103 103 108 113 103 96 98 98 98 100 102 104 104 103 105 109 110 109 107 103 104 106 109 112 110 101 113 119 121 114 108 106 111 113 113 113 113 116 117 114 112 112 112
