examples/cougarCreek-fire/createInputs/farsite/7a-cougarCreek-polygonIgnit/cougarCreekFire_08-11-2015_2000_217m_non_neutral_stability_vel.asc
ncols	146
nrows	140
xllcorner	610065.000000
yllcorner	5095217.000000
cellsize	216.586807
NODATA_value	-9999.000000
[rows 35 to 69 of 140, columns 0 to 78 of 146]
7.31 6.96 6.73 6.49 5.60 5.22 5.22 5.10 7.65 7.59 8.22 8.44 9.71 8.94 7.47 6.49 5.89 4.98 4.25 3.98 5.20 6.54 7.02 7.76 9.79 12.00 6.86 4.36 4.64 14.00 18.38 18.92 15.57 14.21 15.40 16.66 17.49 16.94 16.34 17.01 15.94 17.12 18.42 14.92 15.85 16.49 25.01 24.91 23.47 17.34 17.54 17.45 18.20 21.00 21.30 22.61 23.66 23.35 23.38 23.17 21.56 22.53 21.50 20.64 20.10 16.67 15.93 13.27 13.08 13.20 13.36 15.44 16.00 16.27 16.07 15.69 11.14 11.01 10.88
7.84 7.48 7.14 6.54 6.17 4.18 4.98 5.48 8.16 8.49 8.64 8.39 7.69 9.19 8.88 7.75 6.76 6.16 6.41 7.89 9.48 9.06 9.21 11.02 12.81 13.13 12.05 9.19 5.09 18.02 18.16 19.01 19.21 15.42 15.38 17.36 16.84 16.60 16.41 16.75 17.15 17.75 14.40 15.14 15.80 16.31 16.98 17.58 24.76 23.04 18.13 17.64 17.63 17.53 17.14 17.51 21.74 21.52 21.68 21.88 22.13 22.23 22.29 21.49 21.64 20.18 16.29 15.96 16.27 19.93 16.14 16.09 15.63 15.09 11.52 11.27 11.13 11.00 10.81
8.17 7.82 7.56 7.14 7.04 6.79 6.42 8.92 5.64 9.70 9.30 7.92 7.45 9.46 10.33 10.09 9.54 10.95 12.72 12.98 11.97 10.64 11.16 12.52 13.07 13.18 11.29 12.45 17.43 21.20 18.48 18.60 18.27 19.56 19.98 21.26 21.92 19.33 18.79 18.33 18.47 18.24 16.73 15.04 15.64 16.49 17.65 17.95 24.27 23.41 23.07 18.15 18.17 17.02 17.30 17.82 17.33 16.90 16.78 16.71 16.85 16.70 16.55 16.48 16.50 16.56 16.23 15.63 14.95 14.41 14.93 18.80 18.82 11.70 11.51 11.21 11.08 10.94 10.74
8.71 8.48 8.31 7.77 7.72 7.55 12.73 6.76 10.48 10.17 9.30 8.46 9.78 10.21 10.76 10.32 10.73 12.23 12.40 11.22 11.12 11.73 11.20 11.80 13.30 13.02 10.49 12.28 17.33 8.82 19.81 18.73 19.45 18.31 17.71 17.93 16.91 18.55 18.96 20.89 22.22 22.83 19.06 16.81 16.17 16.93 17.65 17.67 17.14 17.02 23.76 22.95 18.02 15.89 16.57 16.42 16.19 15.71 15.22 15.13 16.53 16.21 15.96 15.96 15.98 15.97 15.43 14.57 14.11 13.99 14.05 14.02 13.83 14.05 15.26 14.54 11.02 10.85 10.67
9.58 9.41 9.12 8.65 8.45 8.23 14.96 7.32 10.04 9.52 8.73 8.67 8.16 9.55 9.67 9.69 10.70 12.39 12.70 12.35 13.41 12.79 9.79 10.65 13.91 12.18 9.44 12.15 14.76 15.71 19.76 19.53 16.83 18.79 19.67 18.70 18.41 14.13 13.94 14.27 16.11 21.91 22.24 23.62 24.61 24.42 24.89 25.75 24.59 17.75 16.32 23.05 21.97 23.00 18.84 16.19 18.49 17.68 14.99 15.13 14.73 15.75 15.68 16.15 16.13 13.65 12.99 12.57 12.57 12.62 12.48 12.11 11.85 12.99 12.97 12.50 12.78 10.72 10.60
10.20 9.92 9.63 9.59 9.28 8.87 14.19 7.83 7.33 9.63 8.71 7.67 7.27 8.49 9.86 10.38 12.09 14.16 13.95 12.37 11.82 10.20 9.19 13.23 13.99 11.82 10.18 11.92 12.84 9.47 20.93 20.63 19.30 18.14 19.34 21.24 22.02 21.05 19.98 13.02 14.14 14.59 15.23 16.07 21.08 21.48 22.30 23.00 23.61 23.96 22.76 22.31 17.57 16.05 16.10 16.30 16.17 15.11 15.01 15.31 17.87 14.08 14.38 14.28 13.76 13.29 12.88 12.63 12.61 12.64 12.42 12.05 11.87 11.77 11.42 10.98 10.79 10.66 11.05
10.81 10.42 9.94 9.99 9.68 14.21 9.14 8.31 8.01 9.39 8.62 8.36 8.62 10.74 12.43 12.29 14.45 14.32 12.45 9.09 8.02 8.33 11.25 15.02 13.51 11.00 10.33 11.46 12.70 13.88 23.03 20.56 19.28 18.06 16.17 16.77 20.63 20.44 19.67 22.19 14.25 22.47 23.10 23.11 22.31 16.44 17.14 17.62 17.89 17.92 17.22 16.50 16.76 17.85 18.52 18.56 18.24 17.69 17.46 17.84 14.20 13.82 14.11 13.85 13.41 13.13 13.00 12.88 12.77 12.69 12.43 12.06 11.85 11.74 11.50 11.08 10.82 10.63 10.19
11.07 10.64 10.18 9.93 9.77 9.51 9.38 8.95 8.76 8.55 8.44 9.30 10.42 13.11 14.30 14.76 14.62 11.62 8.43 7.28 7.75 10.70 15.33 17.72 12.90 9.40 10.38 13.17 13.91 15.25 21.52 21.91 19.43 15.87 16.13 17.87 19.56 19.47 19.16 19.60 22.62 22.75 23.18 23.23 23.28 24.44 23.54 18.18 18.05 16.47 17.05 14.58 15.18 16.10 16.07 15.62 15.14 14.63 14.58 14.56 13.89 13.52 13.64 13.59 13.38 13.29 13.25 13.14 12.90 12.65 12.45 12.03 11.71 11.64 11.63 11.35 10.92 10.55 9.94
11.53 11.20 10.90 10.86 10.72 17.52 9.97 9.86 9.66 9.44 10.35 13.30 16.32 16.14 15.99 15.50 13.52 11.36 9.68 8.98 10.63 15.68 18.17 14.92 11.86 10.04 13.18 14.51 13.95 14.95 21.33 22.56 21.86 21.18 18.30 19.04 18.53 19.00 19.11 18.52 19.33 21.84 23.80 22.10 16.49 17.38 17.81 17.66 22.82 17.95 15.15 14.56 15.22 15.87 15.48 14.96 14.63 14.23 18.07 14.38 13.82 13.34 13.52 13.73 13.72 13.78 13.55 13.26 12.91 12.57 12.40 11.90 11.54 11.55 11.73 11.50 10.92 10.49 9.78
12.49 12.30 12.15 12.03 11.70 11.94 11.01 10.94 10.72 12.75 16.58 17.26 16.44 15.58 15.82 15.42 15.43 14.69 11.63 11.85 14.40 16.03 15.90 15.16 12.53 12.52 14.87 14.46 13.37 15.41 21.57 22.20 22.61 23.12 20.95 21.58 18.91 18.13 18.55 18.78 16.93 17.93 15.35 16.17 17.37 18.28 22.47 22.26 17.08 15.39 14.68 14.51 15.15 15.38 14.99 14.52 14.22 14.13 14.49 14.54 13.88 13.59 13.62 13.88 13.99 14.26 14.01 13.44 13.33 13.15 13.11 12.74 12.24 12.15 12.51 11.29 10.90 10.52 9.68
13.05 13.11 13.17 12.77 12.90 12.54 12.45 12.03 11.97 18.45 17.74 16.97 15.08 13.43 14.67 16.15 16.16 13.52 10.29 10.83 13.23 15.77 16.15 16.07 14.41 14.50 15.16 14.12 12.89 16.67 21.79 21.49 22.08 23.19 23.12 23.11 21.92 20.37 20.23 20.01 18.62 14.68 15.62 17.10 18.40 21.46 23.43 16.41 14.18 14.26 14.10 17.00 15.24 15.17 14.82 14.21 13.94 14.56 15.27 14.82 14.05 13.76 13.73 14.43 15.17 18.31 19.07 18.60 18.06 18.43 18.27 15.24 15.14 15.28 15.25 14.60 13.75 13.19 9.67
14.20 14.16 20.75 13.05 13.47 13.33 18.11 17.41 18.96 18.33 17.64 15.74 13.23 14.38 16.01 16.22 15.53 9.98 9.81 10.26 12.24 16.74 19.89 20.04 15.64 14.81 14.01 12.81 13.14 17.23 21.65 21.22 21.82 22.83 25.70 24.39 22.97 21.90 22.11 20.43 15.13 15.17 16.61 19.89 23.84 24.18 21.54 14.92 14.59 13.12 13.75 15.12 15.90 15.37 14.82 14.34 14.49 15.16 16.02 15.81 15.50 14.68 15.68 18.68 19.31 20.31 19.07 18.30 19.71 19.84 18.73 19.39 18.32 15.82 15.68 15.51 17.75 14.82 9.95
15.31 21.58 16.28 13.68 13.63 14.30 18.81 18.59 18.17 18.19 16.59 14.05 12.65 13.57 13.21 10.40 11.59 9.18 10.56 12.15 15.97 21.10 20.83 20.25 16.11 14.28 12.92 12.35 14.23 17.49 19.95 21.41 21.83 22.99 26.42 25.14 23.87 23.65 22.69 22.04 20.34 23.41 24.75 25.75 23.80 21.27 15.87 13.25 12.11 12.55 14.00 16.05 17.14 15.91 15.18 15.45 15.73 14.75 17.87 21.46 21.04 20.77 21.63 21.99 22.14 21.68 20.64 20.00 19.35 18.65 18.69 18.81 18.27 15.88 15.74 15.30 15.29 15.25 14.40
15.83 22.16 20.03 19.43 21.03 19.76 19.81 18.17 15.96 17.18 14.57 12.09 12.31 11.24 12.08 12.98 9.65 10.75 12.48 14.70 17.21 20.81 19.97 17.77 14.77 13.57 11.15 12.64 13.83 14.90 17.95 19.74 20.28 23.13 26.09 25.23 23.12 22.53 23.37 21.55 25.98 24.20 22.71 25.45 21.29 20.55 15.47 17.90 12.32 13.17 15.07 15.50 18.15 17.62 16.62 18.36 20.67 25.13 21.78 20.73 21.18 22.13 21.67 20.21 20.02 19.83 19.24 18.71 18.51 19.27 18.53 18.17 18.16 18.21 15.67 15.04 17.08 14.71 14.92
23.17 17.97 22.28 21.43 16.46 19.37 17.18 13.53 13.50 15.48 14.50 12.62 12.60 12.89 11.91 14.58 16.30 17.51 18.03 17.05 17.19 21.94 20.18 15.86 15.51 14.15 12.84 13.51 12.61 13.07 18.00 18.29 17.27 23.62 26.90 25.46 22.58 23.39 23.57 25.61 23.93 23.99 22.77 21.90 24.18 16.09 19.97 14.49 13.54 14.79 14.65 17.76 21.48 25.16 25.91 26.12 24.88 23.40 21.88 19.92 15.35 14.74 15.08 20.00 22.30 20.79 20.33 19.82 19.15 18.76 18.48 18.21 18.03 15.65 15.50 14.84 14.61 14.50 14.32
20.27 23.24 22.15 17.40 15.91 14.14 14.33 14.12 14.12 13.85 13.17 13.14 13.64 13.48 17.80 19.40 18.81 19.05 18.27 16.96 17.27 21.40 21.08 20.99 18.65 16.04 13.46 13.36 12.76 15.12 20.09 17.88 18.29 24.30 26.53 26.23 23.31 23.44 23.90 22.63 26.73 24.14 23.68 20.51 19.39 20.78 22.14 21.37 20.50 19.15 21.68 21.23 19.00 19.18 21.10 24.33 17.49 16.69 21.42 20.62 15.86 14.35 13.47 13.66 20.40 20.87 19.93 19.46 18.64 18.15 18.03 17.87 15.33 15.58 15.38 14.62 13.58 12.64 13.58
21.25 20.22 18.77 16.62 15.27 15.42 15.26 15.05 14.74 14.22 14.09 14.73 15.32 16.72 20.36 19.80 19.16 18.96 17.88 17.19 17.41 17.34 21.18 21.19 20.13 15.11 12.54 12.58 13.15 17.04 19.98 17.54 20.87 24.81 27.17 25.82 22.15 23.67 23.73 22.48 24.00 25.40 24.65 22.68 16.64 17.19 16.14 15.22 15.75 18.01 17.95 17.66 16.12 16.69 16.43 24.36 17.79 16.49 15.98 21.03 19.91 15.41 13.27 12.63 14.01 15.36 18.47 20.20 19.05 14.76 14.04 19.08 15.09 14.97 13.73 13.34 13.08 12.85 9.66
24.72 20.53 21.90 16.51 16.52 16.43 15.95 15.71 16.22 15.12 15.67 18.11 21.31 20.94 20.80 19.76 18.90 18.06 17.54 17.76 17.89 17.04 17.12 15.33 18.04 13.80 14.56 14.22 14.10 20.10 21.35 18.96 21.76 25.00 26.79 24.77 23.27 25.40 23.89 24.48 25.44 25.84 24.45 23.03 22.72 17.38 16.43 15.05 15.31 15.20 15.18 15.22 15.59 15.13 16.30 12.91 23.04 16.30 22.77 20.93 20.37 19.59 14.45 12.84 13.66 13.90 13.26 14.11 13.99 12.81 10.89 11.91 12.76 10.74 10.35 10.15 9.92 9.70 9.59
22.42 24.32 17.69 17.73 17.90 18.09 18.98 18.59 17.44 16.12 19.89 22.27 17.81 16.81 16.16 16.08 15.72 16.97 17.22 17.71 20.15 18.00 18.44 22.27 14.53 15.29 12.55 16.48 19.26 22.81 23.61 19.66 20.35 24.68 26.77 24.26 23.75 23.56 24.80 25.09 25.65 25.35 23.94 23.08 22.60 17.40 17.12 15.34 15.28 14.96 14.87 15.05 15.46 14.91 16.06 18.08 23.60 20.71 15.82 16.08 15.91 14.77 12.39 12.80 12.82 12.39 12.49 12.60 11.87 11.10 10.97 11.09 10.95 10.71 10.48 10.20 16.91 14.88 9.48
24.38 25.98 19.93 20.20 23.50 22.69 19.32 17.82 18.06 18.62 22.79 18.76 17.45 16.48 17.68 17.91 15.94 16.17 16.87 17.65 17.28 17.20 20.22 21.88 16.13 15.80 18.61 19.98 18.84 22.46 23.37 17.94 18.82 24.63 20.25 24.44 23.55 26.36 25.75 26.15 25.11 25.82 24.61 22.83 17.37 17.29 17.22 15.48 15.38 15.08 15.04 15.11 15.32 15.79 16.10 18.10 18.28 16.21 15.23 15.30 15.04 12.63 12.66 12.95 12.69 12.33 12.36 12.38 11.81 11.42 11.32 10.95 10.59 10.55 10.47 10.23 10.02 9.74 9.41
25.22 23.31 20.65 23.61 19.84 18.20 16.26 18.48 22.60 23.00 19.29 18.13 17.15 16.54 17.42 17.82 16.31 17.06 17.24 17.63 20.38 22.59 22.07 19.06 17.99 18.71 19.46 17.80 16.96 22.11 23.82 17.68 19.21 23.80 27.67 15.85 21.87 21.90 24.80 26.49 26.15 26.77 25.73 23.39 17.34 17.04 15.53 15.54 15.38 15.13 15.16 15.23 15.36 15.79 16.76 17.71 17.28 14.98 14.40 14.11 13.45 13.00 13.09 13.06 12.96 12.64 12.12 12.02 11.86 11.70 11.68 11.14 10.50 10.37 10.46 10.39 10.20 9.86 9.60
24.33 18.55 18.78 18.62 14.66 15.30 15.94 22.19 20.40 19.12 17.57 16.93 17.31 16.86 17.30 16.53 16.59 16.72 17.33 23.37 22.30 22.80 22.00 18.10 17.25 18.54 16.32 14.90 17.15 22.72 22.85 18.29 18.65 23.48 25.97 25.83 21.22 22.64 24.11 23.07 23.26 23.32 24.91 25.67 22.42 17.30 16.72 15.98 15.54 15.01 15.09 15.25 15.46 15.83 16.60 16.36 15.46 15.08 14.63 13.99 13.47 13.29 13.31 13.13 13.15 12.88 12.04 11.83 11.91 11.79 11.69 11.30 10.61 10.32 10.50 10.55 10.29 9.95 9.85
19.93 17.94 17.98 14.29 13.76 15.72 17.74 20.73 16.34 14.94 14.44 16.00 15.79 15.00 15.50 15.87 15.50 15.40 23.05 23.53 21.89 22.18 20.59 15.30 16.97 17.84 14.91 15.55 20.23 23.52 20.70 15.97 15.45 19.59 26.72 23.91 21.79 24.30 24.85 23.00 23.46 23.26 25.65 23.91 24.69 17.51 16.85 17.31 15.97 15.00 15.03 14.97 15.31 15.86 16.08 15.34 14.90 15.13 14.72 14.07 13.67 13.35 13.30 13.28 13.14 12.85 12.28 11.97 11.95 11.80 11.54 11.31 10.86 10.55 10.65 10.64 10.33 10.09 10.01
19.60 17.92 15.59 14.71 15.80 16.80 21.23 16.95 15.17 14.40 14.35 16.09 15.05 14.08 13.08 13.51 14.44 18.06 17.64 18.29 21.47 21.41 15.22 15.88 16.94 15.60 15.74 16.44 22.64 21.44 16.70 15.54 15.95 19.04 28.77 23.75 23.76 24.38 26.05 22.95 26.09 26.38 25.35 23.09 23.52 22.99 20.89 17.81 17.35 16.22 15.29 14.56 17.41 15.58 15.49 14.84 14.81 15.11 14.76 14.27 13.86 13.33 13.32 13.35 13.05 12.81 12.41 12.07 11.97 11.76 11.45 11.35 11.04 10.80 10.89 10.69 12.05 13.28 13.90
19.58 17.59 16.07 16.96 18.70 20.36 17.72 15.50 14.53 14.99 14.65 15.13 13.12 13.88 14.84 16.16 16.92 19.20 17.43 16.02 21.26 16.55 16.10 16.36 17.75 14.66 16.51 18.45 21.70 18.24 14.66 16.49 18.89 20.85 25.11 24.98 24.06 23.74 22.68 21.81 23.09 25.37 25.34 22.37 21.69 24.44 22.95 18.06 23.02 17.51 17.09 14.43 14.20 15.06 15.11 14.75 14.92 15.13 14.73 14.31 13.89 13.40 13.44 13.31 13.02 12.87 15.69 12.03 11.96 11.63 11.39 11.54 11.19 10.96 12.25 17.29 18.06 17.84 14.44
19.16 17.02 16.73 18.43 19.81 17.94 15.64 14.32 14.64 13.34 14.74 14.29 14.17 15.21 16.85 17.11 14.46 20.76 16.90 15.93 19.71 19.63 18.76 19.24 14.73 15.03 15.84 18.58 17.12 14.64 15.78 18.82 19.90 21.15 23.69 24.65 25.65 22.64 22.73 22.29 22.15 22.43 22.40 24.89 21.58 21.27 21.22 23.37 23.75 17.88 16.11 22.88 15.71 14.63 14.82 14.82 15.05 15.25 14.68 14.18 13.88 13.60 13.57 15.42 16.31 12.72 12.37 12.17 12.03 11.62 11.46 11.67 13.31 13.76 18.96 18.43 15.07 17.66 17.74
18.04 16.24 16.69 17.89 16.76 16.06 14.69 14.05 14.22 14.23 14.44 15.28 16.54 15.95 17.16 18.10 26.17 20.05 18.57 18.30 17.24 21.84 20.11 15.26 14.60 15.22 15.93 15.39 14.59 15.96 19.05 20.42 19.52 21.70 23.70 24.17 23.27 22.55 22.29 22.36 21.62 22.43 22.12 24.86 24.92 23.89 23.85 23.67 23.49 18.03 15.88 14.99 14.63 14.39 14.53 14.92 15.01 16.13 16.15 15.34 15.09 14.93 15.22 15.54 12.74 12.40 12.35 12.42 12.23 11.86 12.84 15.08 19.40 19.03 15.66 18.47 18.43 17.93 15.06
16.70 15.68 16.27 16.50 15.24 15.19 14.08 13.28 13.49 14.33 16.06 15.65 16.30 16.77 14.98 22.58 20.92 19.41 16.36 18.34 17.27 21.56 22.10 17.89 15.15 15.12 14.63 14.39 14.89 17.33 20.18 19.34 17.22 21.97 24.32 23.08 23.27 22.35 21.79 21.50 21.83 22.23 21.86 21.20 24.34 23.84 24.11 21.89 21.62 17.91 15.76 15.22 14.64 19.76 14.33 15.03 14.41 15.32 22.03 23.09 16.04 15.38 15.55 15.05 14.48 13.42 12.33 12.67 13.46 15.00 19.47 19.50 19.02 15.36 18.69 18.77 18.22 17.93 17.76
15.47 15.10 15.44 15.09 14.34 14.15 12.97 12.88 14.73 14.92 16.45 16.52 16.31 13.68 16.57 26.11 20.43 16.68 18.40 22.55 22.65 22.16 21.84 20.01 15.22 15.02 14.37 14.13 15.35 17.42 18.80 16.72 17.01 23.65 24.19 22.66 22.21 22.41 21.44 21.07 21.56 22.24 21.25 20.37 20.87 20.78 20.49 23.01 23.45 17.83 15.77 15.25 14.46 20.19 14.22 15.00 13.33 15.22 20.02 20.62 14.07 14.30 21.96 20.64 18.71 14.58 14.08 19.33 18.35 21.14 20.21 19.72 19.44 19.32 19.31 18.66 18.13 14.58 17.72
15.33 15.12 15.07 14.71 14.37 14.09 13.86 15.93 16.47 17.35 14.73 13.82 13.48 13.68 26.28 21.37 19.86 18.49 17.96 22.43 18.01 17.23 21.11 19.70 16.76 16.06 14.08 14.37 16.84 17.72 17.87 19.30 20.40 22.48 23.11 22.15 20.49 21.52 20.84 19.66 21.19 22.13 25.11 21.31 20.64 20.52 19.84 16.96 17.01 23.14 17.69 15.24 14.41 13.94 14.06 14.73 15.23 15.14 14.74 19.37 14.01 13.36 14.13 18.48 19.96 20.37 18.90 17.71 12.56 16.98 18.84 14.99 17.59 17.56 15.42 18.68 15.04 15.23 18.17
15.00 14.70 14.71 15.21 15.84 16.52 17.81 17.18 17.55 16.01 17.31 17.70 20.44 26.48 21.35 20.52 19.11 17.91 16.91 22.33 15.23 16.08 20.54 20.58 17.09 14.53 13.91 13.86 15.63 16.07 17.59 21.50 21.63 22.05 22.39 20.60 19.98 20.56 19.84 18.65 20.47 22.56 24.75 20.71 20.16 20.13 19.22 19.48 16.61 16.24 18.08 15.41 14.44 13.96 14.06 14.47 14.97 15.13 14.89 21.21 14.04 14.20 13.98 17.90 17.72 19.76 19.07 18.71 15.27 16.07 19.87 19.37 17.71 16.65 14.88 18.87 18.08 14.85 14.62
13.84 13.43 13.91 16.07 15.01 16.41 17.05 14.77 15.11 15.74 17.95 20.51 24.26 24.36 20.28 19.70 15.66 17.76 15.53 18.04 15.11 15.48 15.74 15.28 17.65 13.97 13.61 14.84 14.33 15.81 19.67 22.22 21.72 21.50 20.82 19.77 19.65 20.50 18.68 17.89 19.84 21.80 22.68 24.69 17.40 17.30 16.84 16.90 16.40 15.94 17.08 17.40 14.42 20.94 14.09 14.32 14.58 15.00 15.13 14.49 22.77 14.08 19.60 18.36 18.29 18.58 14.90 18.55 19.60 20.58 20.26 15.15 19.35 18.17 17.71 19.22 14.74 15.27 17.99
14.34 14.45 15.94 15.88 17.07 16.87 13.87 14.63 15.67 17.21 20.81 23.44 24.46 23.43 20.13 16.81 15.45 17.73 15.57 21.63 16.37 16.65 15.65 15.10 18.43 13.73 13.42 15.00 16.14 19.67 21.80 21.98 21.25 20.09 20.07 19.65 18.70 19.38 18.54 16.07 19.74 20.44 22.41 17.83 17.96 21.63 23.23 22.74 23.29 17.10 21.39 17.17 16.42 14.40 16.66 14.16 14.02 14.74 15.45 23.70 14.10 19.34 18.71 13.40 17.80 19.20 18.10 12.75 13.23 21.12 20.55 19.92 19.35 18.11 15.77 12.73 11.71 11.42 10.88
15.36 16.23 18.70 18.64 18.42 18.56 19.79 20.32 21.74 21.41 25.38 20.39 19.80 17.34 20.23 16.72 15.29 20.57 17.26 17.72 16.39 20.55 15.19 20.16 18.99 14.10 15.00 15.16 18.33 20.21 21.58 21.39 20.72 20.31 19.95 18.52 18.48 18.94 17.80 16.72 18.01 17.42 18.23 15.84 17.43 17.59 17.55 23.71 17.78 20.77 22.29 15.08 14.67 14.64 14.56 20.12 13.44 14.16 15.47 19.82 22.36 19.45 16.51 19.85 15.01 15.69 15.02 12.57 13.27 18.32 20.90 20.26 16.16 15.92 18.88 14.29 13.37 16.97 11.09
14.98 15.80 18.56 19.29 20.71 24.66 24.47 23.55 22.45 21.76 25.04 24.63 24.69 17.07 20.19 16.61 15.09 15.07 20.97 15.47 17.35 20.35 20.70 20.25 17.87 14.02 15.62 15.36 19.77 19.60 18.88 20.78 21.12 19.49 19.44 17.71 17.43 18.37 17.56 16.24 14.98 12.75 19.93 18.28 17.82 17.55 17.46 17.53 17.65 17.48 17.49 15.02 14.79 14.71 14.74 14.22 18.44 13.28 14.81 14.06 23.79 14.35 13.89 21.75 19.74 20.11 19.82 12.42 12.89 13.37 18.49 20.32 19.89 15.38 19.34 18.84 17.39 11.64 18.18
