examples/cougarCreek-fire/createInputs/farsite/7a-cougarCreek-polygonIgnit/cougarCreekFire_08-12-2015_0600_217m_non_neutral_stability_vel.asc
ncols	146
nrows	140
xllcorner	610065.000000
yllcorner	5095217.000000
cellsize	216.586807
NODATA_value	-9999.000000
[rows 35 to 69 of 140, columns 0 to 78 of 146]
16.81 16.14 18.47 16.61 8.42 5.50 13.42 15.18 15.35 15.63 15.83 18.52 19.30 17.32 14.44 7.55 6.02 5.47 4.33 10.82 16.15 22.60 24.97 30.22 29.52 34.32 38.72 43.45 51.55 54.28 42.23 28.68 11.82 9.50 14.69 16.65 17.86 20.21 22.63 26.05 28.36 29.30 32.20 34.47 34.46 36.59 38.69 39.43 37.23 30.24 31.38 32.22 33.88 32.68 30.40 26.68 20.70 14.67 13.03 20.93 20.50 20.49 17.17 17.23 16.54 16.27 15.77 15.93 17.01 18.49 20.54 22.08 22.73 17.65 19.06 17.73 17.74 17.56 17.07
11.96 14.60 16.50 16.39 9.00 7.92 4.65 13.21 14.20 15.66 16.66 17.17 17.07 18.63 18.90 16.91 14.88 14.48 12.00 13.24 17.60 19.14 21.15 18.92 23.18 27.75 35.04 45.38 55.13 54.42 38.52 25.24 15.04 9.93 13.59 15.32 16.23 10.14 12.85 15.28 16.96 19.07 23.37 33.47 34.88 37.43 38.24 38.62 40.99 31.56 32.41 31.83 33.73 34.97 34.11 31.96 28.73 23.07 17.51 15.55 15.79 16.90 17.44 21.34 18.26 17.79 18.83 20.12 21.23 23.79 21.84 21.64 18.67 13.44 10.20 10.69 11.03 10.46 10.73
14.87 15.20 14.71 15.83 17.24 12.76 11.60 13.32 14.08 13.75 14.82 15.90 15.57 16.41 15.58 16.25 17.51 16.01 14.94 13.81 14.55 15.69 17.91 22.61 21.83 22.60 31.45 43.35 58.43 63.12 49.57 20.48 10.50 11.97 17.01 20.02 21.11 21.62 22.76 24.46 17.65 25.71 21.14 25.55 29.09 24.27 25.22 33.91 40.22 40.50 40.27 33.44 33.80 34.18 34.20 34.42 30.86 27.27 23.94 20.47 16.48 14.67 13.30 12.70 13.03 13.87 14.70 15.32 15.94 16.73 17.07 17.22 21.58 14.24 12.76 11.94 11.25 10.35 9.46
4.56 5.06 11.72 14.64 17.51 16.16 6.42 3.65 15.41 13.88 17.23 14.42 13.96 12.66 12.98 13.57 13.40 13.80 14.41 15.10 15.59 14.39 16.84 21.94 25.13 24.48 31.61 46.31 61.71 73.29 66.17 32.36 4.87 9.50 14.86 18.01 17.87 14.12 14.98 26.79 29.52 28.44 17.78 20.67 21.66 23.42 24.47 23.34 36.39 38.06 43.39 41.27 41.59 34.60 34.29 34.23 31.81 30.33 26.78 24.40 21.90 19.75 17.62 15.54 11.93 12.26 10.29 10.59 10.36 10.42 9.83 9.20 11.20 13.37 14.14 13.83 13.32 12.22 10.11
5.99 11.95 15.31 15.88 16.99 19.10 4.83 14.93 12.80 14.99 14.74 14.10 14.81 12.61 12.61 12.39 12.44 12.87 13.27 13.42 13.55 15.62 17.17 22.39 23.62 23.52 29.31 43.20 60.80 73.64 75.17 45.54 13.79 9.98 15.27 17.86 22.24 26.05 26.80 19.75 17.72 28.29 19.47 22.37 30.63 35.47 37.73 38.30 38.89 40.47 41.31 41.89 40.25 41.49 42.45 35.26 32.13 28.19 25.52 24.19 22.45 19.94 19.30 19.01 17.84 16.93 16.84 15.72 14.36 12.62 11.69 10.16 10.52 10.74 10.50 11.36 11.83 11.79 11.92
9.80 16.62 17.99 19.56 7.73 7.08 5.44 14.97 13.45 12.76 15.05 14.41 15.20 13.12 12.74 11.18 11.26 11.98 12.07 13.13 14.88 18.00 19.37 19.94 20.34 20.95 26.20 38.30 48.87 67.53 73.28 48.24 22.04 12.33 14.86 18.05 19.63 23.12 29.07 23.24 23.99 23.73 23.77 21.42 21.53 21.82 24.28 26.65 26.94 39.75 40.35 40.05 41.07 39.78 28.26 28.34 38.04 33.73 17.47 30.56 29.73 20.42 19.34 20.89 20.92 22.17 21.16 17.23 15.41 14.24 13.82 14.04 14.53 13.10 11.18 8.74 7.93 7.66 10.13
8.66 8.35 14.78 17.48 7.36 6.97 5.58 14.51 13.60 14.44 15.11 14.85 13.47 10.42 10.18 9.64 10.18 11.17 11.38 14.70 17.37 19.55 20.37 15.53 15.93 18.50 26.48 35.15 41.35 61.87 73.57 57.30 28.68 15.86 16.00 16.63 19.58 21.19 23.91 29.25 29.99 30.85 31.81 32.12 32.95 30.85 26.30 26.86 34.03 34.80 36.73 34.31 29.38 35.99 37.39 37.06 32.75 29.64 21.51 21.42 26.23 21.10 21.69 22.85 22.51 22.27 22.32 23.14 21.75 20.87 19.86 18.52 14.33 15.53 15.05 13.51 8.79 7.29 4.86
8.52 14.81 16.54 15.85 17.17 6.88 15.53 14.29 14.30 14.46 14.80 15.19 13.76 11.08 9.48 9.32 9.58 11.35 13.77 14.96 17.84 20.23 16.41 13.21 14.88 18.30 28.22 34.63 40.88 58.82 77.50 74.33 54.19 31.20 19.79 16.24 18.83 21.20 23.45 26.55 29.86 29.71 30.28 31.11 34.46 36.75 38.26 37.94 36.60 27.70 36.22 34.42 30.70 31.99 31.70 27.47 26.54 25.53 25.95 28.32 21.53 21.84 25.71 29.46 21.03 19.18 19.05 18.23 16.85 14.39 14.68 15.91 15.86 17.23 17.11 18.14 17.57 12.27 4.80
6.39 4.45 14.45 5.36 7.53 8.03 16.23 13.47 13.93 15.74 15.09 12.30 7.73 7.54 8.53 10.77 9.44 10.90 12.05 15.65 18.96 16.05 13.13 12.83 13.63 19.52 28.51 32.37 39.67 54.07 71.16 73.85 67.92 56.12 40.40 24.14 20.46 21.84 22.22 22.95 25.74 28.96 30.30 31.09 33.15 34.63 34.28 33.90 36.67 37.15 37.18 37.29 35.32 34.50 33.22 31.38 32.13 32.62 35.62 31.55 24.64 18.40 20.73 21.53 19.82 18.82 17.91 16.80 13.98 13.74 10.57 10.19 11.38 12.04 11.34 14.07 13.87 14.23 10.98
8.01 7.89 7.73 15.04 17.03 18.44 16.95 15.62 15.41 13.35 12.10 8.79 10.56 12.70 10.96 12.04 8.02 10.24 12.19 16.05 19.28 15.83 14.02 12.42 13.14 19.96 25.85 27.71 36.11 50.00 63.88 64.71 66.09 61.35 51.43 40.70 28.46 24.85 22.76 22.54 22.70 24.02 25.78 24.84 26.77 29.45 32.07 31.10 33.53 34.42 35.98 37.27 38.08 36.95 37.71 36.92 29.29 24.01 22.60 20.90 19.65 19.73 21.32 22.00 22.84 22.48 19.94 16.90 15.69 15.22 14.68 14.38 14.94 14.84 12.25 9.34 7.62 6.39 10.10
14.22 12.94 13.55 17.15 17.48 20.10 17.98 17.96 16.33 11.67 2.27 10.98 14.43 13.96 12.51 11.65 10.95 11.12 12.97 17.91 19.54 16.78 13.15 11.15 12.59 17.80 21.63 23.86 32.05 48.51 57.80 56.26 57.77 57.33 51.41 43.03 35.54 31.24 26.36 24.45 20.72 15.66 17.07 20.55 23.46 26.12 26.48 24.51 29.51 32.56 35.57 36.21 34.06 31.59 29.66 28.20 23.19 22.58 21.54 19.27 19.33 22.60 24.56 24.57 23.26 20.09 19.68 16.57 14.05 16.66 21.05 16.82 16.55 17.00 15.65 13.61 9.51 10.70 9.72
7.42 6.70 5.94 15.36 16.43 18.62 17.91 17.15 15.63 5.53 13.74 13.68 15.95 13.58 13.34 12.50 12.08 13.17 14.13 18.08 18.76 15.45 10.92 9.20 12.14 15.02 18.93 23.00 34.03 49.92 53.52 52.08 52.06 52.19 47.11 37.45 34.15 34.56 32.07 26.89 24.21 24.07 25.08 25.02 23.57 28.91 23.55 21.76 27.45 26.99 22.79 24.77 25.28 23.88 23.80 24.57 24.82 26.36 27.32 25.52 23.24 23.76 24.32 22.86 19.96 19.00 12.48 11.16 16.85 10.92 8.73 7.51 7.37 14.40 14.24 13.26 6.56 10.42 9.92
8.50 7.05 5.61 15.35 15.96 15.63 6.56 15.68 17.06 16.99 16.42 16.68 15.95 15.59 15.82 15.60 2.37 3.45 14.75 16.92 17.21 12.02 10.26 11.80 13.66 14.63 16.73 22.83 34.40 45.87 50.09 49.21 47.00 49.28 43.20 32.02 28.65 33.67 34.58 34.18 30.36 30.20 28.98 25.52 28.28 18.55 18.10 21.92 15.50 17.34 19.69 22.12 23.76 23.60 24.85 28.20 30.67 30.81 29.05 26.06 25.25 23.88 23.67 22.53 17.70 14.15 15.39 15.04 9.60 8.14 6.22 11.16 12.39 12.79 12.53 12.02 3.35 1.96 1.59
8.80 6.91 8.71 14.80 6.90 5.90 2.76 15.47 17.05 18.06 19.13 16.88 16.06 16.23 13.31 3.18 3.36 4.10 14.91 15.88 16.48 12.95 12.59 14.35 12.50 13.47 16.60 22.82 32.24 42.93 45.77 46.14 43.26 49.46 39.96 31.84 24.61 30.83 32.04 38.42 33.37 23.61 21.19 20.01 25.01 22.60 23.57 15.26 16.21 17.77 21.96 27.56 28.08 27.01 28.41 31.03 30.77 28.44 25.24 22.57 20.69 18.70 17.47 16.92 15.46 13.25 11.74 11.08 13.98 13.18 14.14 18.99 13.11 13.32 16.53 12.11 10.68 1.73 11.92
8.61 6.98 5.20 4.21 6.34 13.31 15.34 16.60 15.72 17.90 17.74 17.60 17.20 13.81 4.56 14.12 12.50 12.88 11.20 15.24 15.51 15.01 14.96 12.19 11.02 13.72 15.86 21.35 28.96 31.79 43.44 36.24 40.53 46.39 40.98 32.97 21.93 28.98 29.46 33.93 17.49 28.70 12.98 15.01 19.33 28.36 24.42 25.13 25.50 28.65 33.22 33.44 30.39 27.76 27.07 25.69 24.34 23.64 21.02 20.05 19.19 17.49 15.28 14.15 17.56 16.88 17.13 18.63 23.75 22.13 19.36 12.89 12.79 11.90 10.48 10.44 10.57 10.75 1.00
8.05 6.39 3.83 6.04 14.47 14.17 13.35 14.19 14.59 16.04 18.63 19.05 18.09 18.98 15.65 13.10 12.24 12.71 13.69 15.41 15.39 14.87 13.43 11.39 12.35 13.46 15.41 18.77 20.45 29.44 39.01 31.64 37.07 44.85 43.28 34.60 25.39 29.88 27.86 28.04 27.36 24.71 24.57 17.88 14.53 20.69 28.01 30.64 33.44 35.09 33.59 29.29 26.38 23.00 19.44 18.65 19.83 19.46 20.41 21.15 17.95 17.01 15.10 13.24 12.18 10.77 10.25 10.98 11.34 10.72 8.84 7.19 6.30 11.32 10.78 9.02 0.94 0.32 0.75
7.59 5.28 6.43 13.94 13.71 13.24 13.64 14.13 13.50 16.13 14.34 7.03 18.48 18.41 6.55 15.54 14.00 15.12 15.08 16.02 15.94 16.29 14.80 13.95 14.24 14.11 15.33 17.97 21.93 27.54 34.32 28.84 34.99 44.04 41.83 32.76 29.05 31.05 27.70 25.60 22.78 21.55 21.65 24.74 22.29 23.22 17.93 20.53 23.68 24.42 22.57 21.22 20.94 18.36 14.45 15.19 16.46 14.61 18.59 21.07 21.15 19.79 14.86 13.34 11.68 10.01 14.46 10.06 22.86 16.03 11.61 13.61 12.43 10.07 9.42 1.95 1.39 1.30 2.31
6.77 4.56 7.73 13.83 12.24 12.38 12.70 12.79 13.09 15.17 17.11 14.78 12.30 13.52 15.81 16.91 16.68 16.20 15.76 16.31 16.13 16.63 14.67 3.94 16.87 13.05 11.86 15.35 22.40 30.90 29.57 25.86 33.91 44.07 37.98 28.54 28.50 29.36 26.97 26.19 22.37 20.14 19.16 22.44 28.74 25.30 24.62 20.20 21.05 20.74 19.57 18.74 17.80 17.52 16.57 15.65 15.42 14.91 15.78 19.02 19.99 25.90 16.81 13.55 11.94 10.11 9.38 9.73 13.48 12.46 8.07 7.11 6.43 5.89 5.39 4.94 4.80 4.76 4.54
6.63 9.38 14.13 14.71 12.85 12.15 11.85 11.72 13.71 14.51 12.98 5.28 11.67 13.61 17.36 20.04 18.68 17.13 15.48 16.14 14.68 16.13 13.05 15.10 17.27 10.58 12.97 20.31 25.92 28.25 26.10 27.69 31.83 44.76 35.51 27.11 25.56 24.27 21.74 20.13 21.25 19.76 18.17 20.63 24.76 28.69 31.26 28.69 27.52 22.53 19.30 18.04 16.42 15.22 15.29 14.52 12.74 12.87 14.67 16.64 17.16 16.74 14.11 13.42 13.02 12.01 11.76 11.90 13.23 13.74 10.32 8.08 7.75 6.64 7.38 8.20 13.84 11.11 11.55
8.01 10.77 13.78 13.02 13.32 12.12 15.01 13.12 13.46 13.60 4.41 1.84 14.74 17.72 18.31 20.26 19.93 18.00 16.35 15.71 14.93 15.93 16.41 17.45 16.93 15.26 17.83 19.83 24.05 27.83 25.91 24.76 29.29 43.61 34.47 27.43 34.35 34.61 27.31 26.42 28.89 25.87 18.90 16.41 19.72 25.69 29.00 30.96 31.47 31.49 23.63 19.84 16.61 15.29 14.27 13.76 12.92 12.79 13.03 14.11 15.66 15.47 13.16 13.34 13.97 13.31 11.98 12.12 13.29 15.79 21.90 18.77 10.32 13.11 7.72 9.32 8.78 7.47 6.18
9.77 10.84 12.92 13.23 7.44 13.51 14.36 12.81 10.75 10.40 0.68 2.20 17.95 18.12 17.70 18.01 19.40 17.75 14.56 13.32 13.22 14.99 15.67 16.14 16.25 16.88 18.66 20.52 23.70 27.19 26.48 20.54 27.77 39.89 34.37 24.54 31.47 28.49 31.45 33.55 33.32 34.04 25.45 18.82 13.16 13.82 24.28 29.70 30.45 29.66 29.90 23.91 18.60 16.39 16.07 15.78 14.84 13.69 13.50 14.75 15.97 17.97 20.62 21.45 12.94 12.42 20.83 17.40 21.02 12.57 12.93 11.51 19.69 11.46 10.56 9.67 6.95 12.98 17.74
12.39 10.87 9.40 10.02 11.16 15.25 14.25 11.45 3.02 8.93 4.58 14.92 7.38 18.62 17.09 19.70 19.49 19.30 15.18 12.86 12.98 14.16 16.25 15.57 15.60 17.81 19.00 21.00 24.78 25.06 24.61 23.77 27.77 38.25 32.06 20.73 28.30 24.54 27.89 29.95 31.87 32.67 33.80 24.24 19.53 14.82 13.66 16.74 19.91 30.58 29.93 25.52 23.76 17.38 17.53 18.72 15.90 16.48 18.21 19.95 19.14 16.15 12.72 11.65 11.64 11.27 18.49 11.13 11.21 10.68 10.81 16.63 18.86 19.91 8.85 7.65 6.91 6.81 6.22
9.03 10.00 9.92 10.72 13.50 13.63 5.19 7.96 9.35 11.21 12.42 14.18 13.87 16.12 16.44 18.78 22.26 23.52 10.08 11.23 13.29 14.51 15.26 13.73 14.91 17.07 17.16 19.98 24.57 25.33 24.56 21.02 21.07 30.56 27.80 17.31 28.07 25.59 22.94 30.57 31.66 31.76 34.50 32.45 25.16 21.73 16.62 15.66 16.44 18.23 20.54 31.99 20.93 21.90 19.48 26.22 26.85 16.53 16.91 16.31 16.62 18.47 12.78 11.94 10.98 10.63 10.31 10.28 10.56 10.71 11.16 11.46 20.24 9.79 8.46 7.09 5.49 4.96 5.25
6.25 5.35 12.81 4.86 1.74 1.20 10.03 4.73 6.20 15.20 12.01 12.69 12.87 16.02 14.91 7.75 9.94 13.18 9.02 2.56 13.71 15.33 13.26 10.87 14.49 14.49 15.28 20.99 22.74 24.27 21.17 13.16 17.57 27.38 28.84 19.42 27.50 25.22 18.13 32.97 29.81 29.14 31.27 35.34 33.55 26.77 25.69 23.27 20.60 18.13 18.03 18.87 21.63 22.26 26.58 16.61 13.09 13.62 11.00 10.29 14.51 16.42 16.34 16.46 16.80 17.09 9.97 10.02 9.84 9.89 10.42 17.32 8.35 7.02 6.33 6.04 6.12 5.92 12.66
5.83 5.87 7.42 5.06 2.38 9.52 1.60 6.26 14.11 13.85 12.85 13.39 14.30 4.34 4.86 4.82 11.52 13.15 6.39 1.01 12.31 11.68 8.96 12.45 13.97 12.25 15.11 20.62 22.62 22.94 11.01 13.02 23.90 29.76 35.00 22.61 23.29 28.94 29.53 26.23 29.12 31.68 27.00 31.96 33.22 36.31 35.95 33.42 25.30 24.05 21.10 16.70 13.66 12.30 10.46 9.52 9.96 10.21 9.81 9.41 8.81 8.97 9.75 9.58 8.95 8.47 15.90 16.59 16.55 14.98 8.02 7.83 7.22 7.42 7.97 7.68 7.26 6.50 13.41
5.22 5.10 12.15 11.14 12.91 2.31 1.73 11.87 13.43 6.94 5.52 5.19 4.08 5.61 5.53 9.43 13.43 10.71 3.39 1.83 12.70 13.04 12.58 14.21 13.04 11.58 15.85 19.81 21.53 19.42 10.22 20.68 24.65 27.83 34.27 26.04 17.77 27.60 28.94 29.11 25.87 31.04 30.71 31.17 33.20 30.30 31.22 20.02 21.17 21.07 29.75 20.10 17.43 15.59 13.78 11.85 10.30 9.66 9.13 8.12 7.65 7.88 8.35 8.36 7.70 12.60 10.38 6.50 6.64 6.56 7.81 9.53 9.92 9.43 8.56 7.48 14.24 14.27 6.38
5.43 11.15 11.33 10.95 9.76 2.79 2.46 11.51 5.49 5.48 4.69 5.36 5.78 7.52 7.97 10.85 10.96 5.67 1.94 3.33 12.90 13.29 14.21 10.63 11.26 12.44 16.74 18.24 17.69 18.67 19.84 22.05 24.73 26.29 29.89 29.28 18.28 26.60 29.43 29.16 26.87 28.29 29.08 27.94 29.92 30.06 32.29 32.80 14.82 29.36 27.97 29.41 30.71 27.81 18.42 17.33 16.08 15.00 13.92 12.11 10.20 8.87 7.90 7.28 6.63 5.96 5.57 5.98 7.96 10.54 12.04 12.04 10.75 9.15 14.26 14.20 7.43 6.94 6.25
12.45 13.18 11.87 9.99 8.99 9.42 10.31 8.14 4.69 5.11 6.18 5.23 6.05 7.07 8.27 9.42 6.37 1.40 2.34 15.61 15.14 13.04 14.39 13.91 13.50 13.60 15.73 17.49 18.27 19.78 20.44 22.15 12.95 27.37 26.12 28.58 27.50 26.18 29.07 27.04 27.59 26.25 27.78 28.33 28.92 30.21 28.52 28.59 27.82 26.05 25.15 27.68 29.31 17.18 17.62 17.04 16.41 15.50 14.73 14.32 13.84 12.84 11.52 10.15 9.43 9.94 11.32 12.80 13.89 14.46 13.81 12.07 10.36 9.18 13.83 8.10 7.24 6.24 5.39
14.42 10.25 8.08 8.69 10.24 7.70 6.66 4.97 4.91 3.90 3.75 3.46 4.01 5.59 7.01 6.51 2.45 1.63 3.58 16.31 16.06 15.45 15.34 15.70 13.72 14.14 15.79 17.70 18.63 20.33 21.81 10.50 12.40 25.86 22.10 28.15 28.43 28.93 28.64 27.16 26.47 25.57 28.23 27.33 27.64 29.63 29.86 30.11 29.26 26.81 27.77 27.96 31.53 15.07 15.22 14.72 13.99 13.24 12.84 13.07 13.61 14.09 14.61 15.10 15.46 15.80 16.21 16.13 15.27 14.19 13.23 12.28 11.41 10.26 14.59 7.56 6.21 5.06 4.49
5.40 7.89 7.86 5.17 3.86 4.14 3.86 3.06 1.48 1.45 1.19 0.99 1.82 3.71 4.54 3.28 0.53 6.70 9.28 17.04 15.75 17.27 15.19 15.44 13.97 15.13 14.87 17.98 18.84 20.24 16.81 21.43 18.40 26.60 23.90 27.69 29.32 26.41 27.06 27.09 27.43 24.47 21.50 27.70 26.80 26.90 30.02 28.54 18.61 29.69 25.05 25.21 26.86 29.91 14.55 14.29 13.27 12.52 11.93 11.56 11.84 12.64 13.41 14.19 15.05 15.59 15.19 13.97 12.99 12.60 12.18 11.45 10.58 9.47 8.07 6.41 4.79 3.91 13.80
7.19 10.18 8.44 6.17 4.03 2.22 1.97 3.19 3.69 3.26 2.31 1.28 1.97 2.85 2.45 0.91 1.34 8.04 19.04 17.12 9.15 16.39 15.00 17.01 15.03 13.24 13.54 10.15 19.99 19.01 18.17 20.98 21.58 23.94 24.18 26.38 27.11 26.35 27.98 26.24 26.61 24.34 20.54 25.71 25.61 27.34 26.80 26.19 17.49 17.21 28.27 24.01 25.93 28.24 14.39 14.21 12.90 12.03 11.22 10.82 11.11 11.30 11.42 12.01 12.83 13.32 12.84 11.63 10.78 10.49 9.93 8.99 8.26 7.81 7.17 5.82 4.75 5.08 5.54
10.70 8.25 7.38 5.96 5.79 5.51 6.19 6.68 5.98 4.78 3.73 3.05 3.47 3.51 2.60 0.47 5.95 9.04 16.60 18.19 19.05 13.40 15.43 17.77 14.33 11.59 6.29 9.22 10.60 10.97 17.14 18.49 21.83 23.44 25.22 26.02 24.68 27.66 27.40 16.80 24.20 25.44 18.54 20.32 23.21 25.75 25.85 25.38 28.85 11.83 16.57 25.26 27.48 17.73 13.87 14.10 12.90 12.15 11.65 11.25 11.24 11.22 11.34 11.57 11.77 11.81 11.75 11.50 10.87 10.24 9.17 14.24 14.45 8.22 8.03 12.41 8.85 10.01 10.67
6.46 7.31 7.88 9.08 9.61 10.20 10.36 9.63 8.37 6.79 8.32 4.06 4.44 4.91 4.38 1.96 7.17 8.92 17.06 18.15 17.45 6.54 9.64 18.46 16.11 11.36 6.01 8.25 18.60 20.46 19.00 20.38 21.01 22.28 25.45 25.72 24.04 25.63 27.62 16.81 26.28 26.44 14.32 11.63 13.37 22.61 24.67 26.06 22.60 16.13 14.43 23.92 27.06 25.92 12.73 13.52 13.36 13.20 13.40 12.55 11.58 10.89 10.36 10.02 9.91 10.19 10.76 11.50 11.91 11.21 14.86 14.86 15.38 8.67 8.59 9.83 11.26 11.14 9.39
7.84 9.70 10.54 12.13 13.04 13.07 14.10 11.12 9.85 8.29 6.59 5.41 5.00 5.05 4.95 3.05 7.75 16.28 16.18 18.14 16.97 15.36 17.39 16.14 15.60 5.58 4.68 8.18 16.81 19.44 20.51 17.52 22.37 22.24 23.24 23.79 25.78 26.82 26.63 17.40 26.06 19.86 15.92 14.10 12.74 12.49 15.96 22.05 20.56 25.90 20.98 21.99 23.88 21.56 24.33 18.18 13.10 13.43 13.95 13.33 11.13 9.33 8.26 13.83 8.28 8.96 9.45 10.19 10.96 10.94 10.40 10.10 14.98 9.06 16.14 8.34 7.76 5.57 11.08
9.26 9.31 9.88 12.58 13.29 12.36 11.52 10.51 9.63 8.61 7.88 7.32 6.43 5.55 8.39 3.37 9.40 16.78 16.97 16.97 16.89 15.63 15.51 15.16 15.44 5.15 1.18 8.31 19.02 20.20 20.86 21.53 19.42 21.93 23.80 23.21 24.15 24.19 27.10 17.63 19.07 17.02 24.58 16.54 14.51 13.64 17.10 22.91 22.18 22.85 22.49 23.25 23.81 22.66 15.03 23.87 18.06 12.29 11.86 13.03 11.71 8.78 7.17 7.10 7.95 8.54 8.89 9.13 9.24 9.90 10.68 10.85 15.65 9.83 8.69 15.32 12.04 8.67 4.30
