examples/cougarCreek-fire/createInputs/farsite/7a-cougarCreek-polygonIgnit/cougarCreekFire_08-12-2015_0900_217m_non_neutral_stability_vel.asc
ncols	146
nrows	140
xllcorner	610065.000000
yllcorner	5095217.000000
cellsize	216.586807
NODATA_value	-9999.000000
[rows 105 to 139 of 140, columns 0 to 78 of 146]
13.83 13.21 14.19 14.37 12.08 7.17 28.49 8.26 10.89 20.86 13.82 15.36 14.55 31.03 13.88 12.97 19.68 17.82 9.20 20.38 20.77 8.12 7.55 21.21 22.15 6.22 14.93 6.63 16.95 15.16 3.99 3.81 3.43 3.31 3.31 3.11 2.59 2.25 2.74 3.95 5.77 7.18 7.67 7.99 8.44 8.73 8.63 8.50 8.93 10.24 11.83 13.43 14.78 13.96 10.27 6.57 5.88 6.62 7.37 7.91 8.31 8.87 9.47 9.94 12.50 13.31 14.94 11.45 11.71 12.00 12.31 19.75 19.64 19.49 18.81 18.66 19.40 19.75 18.42
13.78 14.56 15.89 16.07 15.27 13.19 10.18 8.05 26.94 10.22 24.12 13.06 26.86 23.45 13.10 13.25 21.71 18.84 10.30 18.45 20.40 17.49 17.16 7.63 7.57 17.00 6.96 7.00 19.04 5.56 5.23 4.78 4.10 3.38 3.00 3.20 3.42 3.33 3.36 3.81 5.02 6.35 6.95 7.41 8.03 8.54 8.71 8.69 9.24 10.60 12.09 13.78 16.16 17.46 14.26 8.76 7.49 7.99 8.59 9.15 9.54 9.83 9.94 9.90 10.02 10.46 10.96 11.32 11.61 11.81 12.01 12.44 12.86 20.41 19.39 18.24 16.63 16.79 15.20
14.25 14.04 15.91 17.56 17.54 16.93 15.43 12.17 8.42 9.41 22.70 27.43 29.57 10.78 29.19 25.81 11.90 11.48 11.29 10.00 18.58 16.58 7.48 21.73 8.41 7.23 21.53 22.54 6.12 6.49 6.04 5.16 4.13 3.25 3.06 3.57 13.86 12.54 9.05 4.49 4.96 5.90 6.55 6.97 7.43 7.83 7.96 7.88 8.23 9.39 10.98 13.08 16.12 19.19 19.05 14.58 10.82 9.76 9.96 10.39 10.68 10.69 10.53 10.51 10.77 11.15 15.56 16.50 17.89 18.57 19.72 20.59 21.39 21.42 20.33 18.64 18.46 19.64 20.79
13.18 11.25 13.10 16.30 17.55 16.62 15.70 14.47 11.47 28.72 9.99 28.63 10.28 26.99 26.64 24.25 20.61 19.32 18.70 18.93 19.53 9.22 15.70 20.76 20.14 22.22 19.36 18.96 7.09 17.67 5.62 4.21 19.11 3.19 3.70 13.72 4.87 5.25 5.52 5.55 5.52 5.84 6.43 6.89 7.27 14.90 7.44 7.14 7.21 7.83 8.78 10.47 13.25 16.76 19.34 18.04 14.07 11.82 11.32 11.33 11.46 11.59 11.74 12.04 12.32 14.34 17.19 19.03 19.84 20.10 20.65 13.31 21.70 22.06 21.89 21.85 21.75 22.04 22.66
14.91 11.83 12.74 14.09 16.64 16.80 15.68 14.69 13.16 11.45 11.90 11.69 28.13 28.25 28.47 26.51 10.13 21.15 20.63 19.84 18.78 18.11 16.72 24.82 17.58 22.87 23.17 7.62 6.52 21.15 3.57 20.25 3.46 4.00 13.13 4.62 13.38 4.00 4.34 4.98 5.53 5.93 6.36 6.85 15.50 7.96 8.05 7.69 7.53 7.75 7.92 7.98 9.16 12.64 15.52 16.32 15.29 13.75 12.96 12.72 12.74 13.09 13.65 14.19 14.47 14.32 17.02 18.58 20.43 13.53 21.59 13.16 22.03 13.36 13.79 22.97 22.25 21.81 22.14
16.20 15.09 12.09 13.23 14.72 17.18 17.55 16.52 15.14 13.67 14.25 12.80 30.53 13.13 12.91 26.67 23.62 23.12 8.02 24.56 17.96 20.83 25.32 24.18 20.89 19.51 23.82 18.26 21.67 22.30 19.38 4.82 15.08 14.14 13.40 13.80 13.83 3.24 14.61 4.21 5.05 5.57 5.95 15.06 15.45 15.20 8.43 8.47 8.21 8.17 8.30 7.99 8.51 11.52 13.73 14.60 15.41 15.57 15.18 14.94 15.06 15.37 15.90 16.49 16.86 16.87 17.42 17.47 19.62 20.83 21.28 19.80 19.11 21.09 21.72 20.68 20.98 20.47 20.37
15.00 15.30 13.46 10.39 10.64 13.97 17.01 18.01 16.53 13.67 14.15 14.78 15.32 14.05 28.59 30.05 13.32 12.67 11.36 10.38 10.55 8.93 7.90 25.26 21.62 22.33 20.18 23.18 23.45 6.92 15.00 7.15 13.53 13.64 14.35 14.46 4.45 4.14 4.38 14.55 14.61 14.70 14.80 14.67 14.68 14.88 7.55 8.46 8.78 8.89 9.44 10.28 11.50 13.78 15.65 16.31 16.61 16.68 16.34 15.99 16.16 16.60 16.92 17.12 17.17 23.20 22.69 21.92 21.53 21.00 20.83 18.74 17.43 17.52 18.74 20.92 21.76 21.55 21.58
13.84 14.40 13.99 10.87 9.45 9.17 10.19 14.10 16.84 16.51 28.59 15.71 27.08 29.39 26.60 30.86 14.54 15.64 15.46 14.11 12.01 9.97 9.35 23.55 18.99 19.69 20.57 9.99 9.87 19.34 17.59 16.69 17.51 7.43 16.29 14.02 4.94 5.05 15.18 14.77 14.88 14.13 14.65 14.62 13.95 5.12 6.19 7.65 8.78 9.48 10.43 11.80 13.40 15.37 17.15 17.80 17.47 16.93 16.40 16.01 16.08 16.50 16.75 16.50 16.08 16.15 16.63 17.17 24.49 24.33 24.67 24.88 24.06 24.30 23.01 22.89 22.74 23.38 22.69
14.08 14.24 14.47 13.37 9.98 6.47 6.50 8.31 12.13 14.94 13.56 25.80 23.61 23.56 27.39 29.32 13.28 15.29 16.43 15.85 13.78 12.77 10.92 22.82 18.55 18.73 20.24 21.07 19.84 20.11 19.28 18.65 17.75 7.91 6.80 6.07 5.82 15.09 15.74 15.25 15.17 15.15 15.32 13.79 11.77 5.32 5.94 6.90 8.10 9.15 10.18 11.40 12.70 14.38 16.34 17.84 18.30 18.13 17.73 17.16 16.93 16.83 16.49 15.83 15.21 15.02 15.10 15.44 15.94 24.28 24.03 15.37 25.04 25.13 24.71 24.26 24.73 24.86 23.59
14.60 14.53 14.31 14.29 13.57 11.60 9.19 7.59 8.94 9.83 25.85 12.08 13.36 30.29 31.29 26.81 11.83 11.82 12.25 12.91 12.50 12.67 11.72 21.64 18.40 18.38 19.81 19.81 20.44 21.69 21.46 21.16 9.20 8.15 18.83 6.99 17.19 16.27 15.92 16.04 15.63 15.91 13.73 6.73 7.14 7.32 7.26 7.29 7.80 8.63 9.49 10.26 10.97 12.11 13.94 16.21 18.06 18.82 18.87 18.33 17.56 16.88 16.03 22.80 22.27 22.42 22.54 22.93 22.96 23.63 23.96 23.46 23.26 23.68 23.69 24.77 24.71 27.17 26.48
14.61 15.21 15.63 15.60 16.16 16.70 16.11 13.93 11.20 8.20 7.10 10.14 28.35 31.31 16.21 13.81 13.51 12.15 11.25 11.25 23.68 27.24 23.47 20.88 17.58 16.80 24.50 19.61 20.10 19.96 28.14 19.26 18.62 18.63 8.10 7.83 17.07 16.86 6.83 16.98 15.78 14.66 13.55 13.17 13.64 8.37 8.20 7.98 8.07 8.49 8.97 9.30 9.60 10.14 11.12 12.67 14.87 16.78 17.78 17.79 16.72 15.71 15.27 14.91 20.88 21.86 22.60 22.92 22.94 21.88 22.38 21.91 21.72 24.19 23.09 23.45 23.57 23.08 22.07
13.87 15.02 16.46 16.60 16.26 15.72 15.58 16.02 15.99 14.43 10.85 9.63 29.74 28.13 15.31 16.56 15.56 13.60 13.47 12.87 12.48 24.79 20.45 18.99 19.04 26.86 21.93 20.15 19.58 25.90 26.77 18.34 18.33 19.39 9.53 19.48 18.36 18.57 7.63 17.52 15.95 14.97 14.50 14.71 15.67 16.38 8.57 8.86 8.88 8.96 9.08 9.13 9.19 9.35 9.74 10.36 11.48 13.06 14.44 15.36 15.28 14.66 14.41 22.74 21.21 20.89 21.04 21.19 21.89 22.00 23.58 22.68 23.66 23.81 23.18 23.45 22.39 21.49 19.96
12.85 13.63 15.11 15.75 15.37 14.18 13.99 15.60 17.58 18.56 16.73 10.46 8.62 13.46 15.54 16.68 16.42 16.17 15.54 14.98 14.77 26.47 23.19 19.21 20.11 12.68 22.34 22.19 21.13 24.11 27.38 18.47 18.43 19.86 20.09 19.55 10.54 9.22 19.12 17.87 16.84 15.44 14.40 14.49 15.19 16.92 17.12 9.43 9.70 9.60 9.32 9.04 8.79 8.71 8.94 9.31 9.58 10.09 11.20 12.61 13.58 13.77 22.79 14.01 21.82 21.98 21.45 20.62 21.54 24.31 24.57 23.25 23.54 23.10 22.68 21.45 22.69 22.76 22.08
13.62 12.59 13.86 15.21 16.15 16.63 16.71 16.66 17.56 19.72 21.44 21.13 19.31 16.33 26.09 14.71 15.80 15.61 15.51 15.68 15.27 23.57 13.71 17.68 13.83 15.18 21.11 22.02 27.14 24.87 22.29 20.91 20.49 21.96 23.09 23.30 22.68 21.29 19.74 17.86 17.34 16.07 15.32 15.58 17.20 8.01 17.30 15.62 9.15 9.32 9.12 8.79 8.54 8.34 8.38 8.77 9.11 9.45 10.21 11.23 19.77 21.19 12.83 13.10 22.50 23.59 22.61 21.06 21.45 23.50 23.71 21.81 22.16 21.67 21.45 20.75 21.56 22.22 22.32
13.34 12.71 13.82 15.43 16.71 17.64 18.30 18.12 17.69 17.55 18.95 20.55 20.22 17.10 14.17 24.02 13.98 14.81 28.51 14.93 29.99 23.87 24.40 14.02 13.95 25.15 23.81 26.08 26.08 29.81 22.28 24.60 24.31 24.81 26.03 26.02 25.27 23.87 20.76 18.52 17.83 17.53 16.84 17.35 16.86 16.92 15.73 15.27 16.02 7.86 8.17 8.39 8.59 8.54 8.48 8.62 8.86 9.13 18.81 19.75 20.15 20.45 22.16 21.82 22.30 22.80 22.96 21.74 20.36 21.29 23.27 23.98 23.66 21.83 20.91 20.71 22.86 23.91 27.02
12.70 13.40 14.93 16.38 17.63 18.56 18.95 18.61 17.37 17.14 15.20 15.43 15.79 15.31 13.65 13.99 25.82 26.20 25.76 27.92 28.45 14.06 24.64 25.07 23.06 22.11 27.65 28.15 21.36 21.90 25.40 17.80 25.74 24.69 26.52 27.21 27.99 26.01 23.11 21.73 20.88 21.06 19.30 18.37 17.78 16.36 15.76 16.20 15.37 14.87 15.41 7.09 7.60 7.80 7.70 7.64 17.55 17.72 18.40 19.31 20.07 20.81 20.68 21.70 22.53 22.29 21.75 24.24 21.39 20.14 22.90 23.52 23.20 23.14 22.58 22.71 22.84 22.33 22.72
13.41 13.41 14.80 15.76 17.31 18.70 18.84 17.90 16.84 15.98 15.64 15.73 16.16 16.40 15.49 12.68 25.55 25.39 22.97 28.02 27.02 24.99 21.82 24.60 26.12 28.07 28.69 25.73 24.20 17.41 33.90 24.74 24.61 23.78 25.50 26.11 25.80 25.53 25.62 24.09 26.30 24.77 22.08 19.27 17.99 17.03 16.96 17.30 15.96 14.93 15.11 15.63 16.11 16.65 16.73 16.70 17.12 17.27 17.83 18.85 19.44 19.83 20.84 21.49 11.53 12.26 21.85 23.76 21.66 20.11 20.65 22.90 23.12 22.83 20.78 21.84 20.46 21.66 21.12
13.86 13.59 14.00 15.25 13.72 14.13 16.73 16.12 16.25 16.66 18.36 17.42 17.79 18.17 18.20 17.57 15.29 25.47 15.96 33.91 27.80 27.62 26.62 27.24 16.39 15.23 32.16 23.20 20.59 16.99 29.79 23.31 24.37 24.39 25.29 24.72 23.62 23.90 25.02 25.99 28.80 28.19 24.62 22.46 20.44 19.20 19.66 19.25 17.70 16.17 15.81 16.05 16.56 16.97 17.06 17.28 17.23 17.11 16.98 18.38 18.83 19.58 19.74 21.64 10.56 11.14 23.12 23.74 24.00 21.52 20.11 19.48 20.09 20.23 20.22 21.59 21.59 21.69 22.29
14.95 13.82 13.37 12.58 12.86 12.47 14.44 14.58 15.83 16.90 18.32 17.78 17.85 18.33 18.90 19.52 18.99 25.89 21.67 33.67 29.27 29.07 29.09 29.33 17.81 17.74 28.89 18.15 19.02 19.53 21.59 27.79 27.02 24.88 24.51 23.41 22.70 23.42 23.95 24.80 26.36 26.00 25.94 25.49 24.25 22.60 22.16 20.64 18.88 17.18 16.56 16.90 17.96 17.47 17.46 17.04 17.04 16.98 16.52 17.45 18.24 18.40 17.58 20.16 20.40 9.38 10.21 22.41 22.53 23.39 23.08 22.31 22.28 21.92 22.46 22.37 21.28 20.54 22.61
14.31 12.70 11.90 12.54 11.58 13.40 14.55 14.78 16.61 17.51 17.69 19.89 18.35 19.07 18.96 18.68 19.43 20.01 24.88 20.91 30.26 29.39 30.20 30.30 19.26 20.26 19.55 20.15 20.38 19.93 18.95 29.08 26.45 23.06 23.28 22.21 21.20 21.40 21.67 22.29 23.40 23.45 24.10 24.77 25.79 26.41 24.79 23.15 20.25 18.90 18.25 18.68 18.22 18.18 17.96 17.51 17.21 16.56 16.15 16.86 17.10 16.62 17.86 18.35 18.81 7.45 8.40 20.98 21.94 22.32 23.49 24.91 25.22 25.11 24.54 22.34 21.54 20.87 21.98
13.34 12.27 11.11 11.01 13.87 14.05 14.76 15.15 17.34 18.73 19.15 19.22 19.49 19.97 20.21 19.73 19.74 20.77 21.17 23.70 20.74 31.64 31.19 30.31 30.47 29.48 21.23 21.54 33.66 21.03 19.32 28.14 24.30 23.56 20.29 19.24 20.13 19.75 19.85 19.92 21.29 20.87 21.03 22.44 23.78 24.43 24.47 24.78 22.03 20.68 19.64 19.73 19.58 18.48 18.21 17.14 16.38 15.62 15.10 15.54 16.02 14.99 16.04 16.47 17.88 18.82 19.46 20.07 17.29 11.04 22.36 24.39 24.37 23.91 24.29 23.52 21.59 20.30 21.28
13.42 12.65 11.64 12.53 13.59 15.57 16.63 17.50 18.35 19.16 20.16 20.46 19.74 19.54 20.56 21.66 21.88 41.00 20.58 34.92 27.92 35.69 32.49 29.07 21.76 28.93 31.36 32.16 30.87 30.66 19.02 16.98 25.27 21.58 19.74 19.37 20.74 20.33 20.62 22.48 21.41 20.60 20.51 21.03 20.95 21.14 22.32 24.58 23.55 21.58 19.73 19.05 18.60 18.37 17.85 17.55 15.79 5.27 5.23 5.39 5.69 5.96 6.32 6.86 7.64 8.28 17.28 9.97 11.69 12.49 23.22 24.35 23.18 22.47 12.15 22.54 21.94 19.12 20.05
11.92 12.02 13.79 13.44 15.27 17.80 18.38 19.27 21.15 18.24 18.26 19.13 21.53 19.52 20.51 22.04 22.64 22.70 31.90 32.91 33.32 37.18 32.08 31.76 25.50 32.70 37.05 37.40 21.50 20.58 27.89 30.59 24.52 21.56 19.79 18.27 19.41 20.22 20.87 21.29 21.33 19.94 20.55 20.43 18.64 20.04 21.46 22.16 22.91 21.75 20.79 19.62 18.83 6.60 6.47 6.44 6.54 6.61 6.72 6.90 7.16 7.47 7.76 8.20 8.73 9.41 10.26 11.28 10.45 9.59 21.90 21.87 21.66 21.45 20.72 24.48 21.60 18.95 19.09
12.56 12.77 13.25 14.92 15.59 13.18 13.38 16.55 17.36 17.16 15.42 17.22 18.88 19.66 19.94 20.21 20.70 21.71 20.94 31.76 37.38 32.88 33.82 35.62 36.61 35.87 36.19 23.97 21.83 18.71 28.52 26.98 24.69 20.34 18.71 19.40 20.89 22.96 21.66 20.80 19.46 13.58 13.14 12.58 12.33 20.17 21.27 21.89 12.30 12.93 12.73 12.00 10.78 9.87 9.34 9.07 8.78 8.48 8.39 8.25 8.47 8.95 9.44 9.73 9.85 10.01 10.21 20.11 20.80 6.65 7.23 21.01 20.81 20.77 20.69 23.88 20.93 18.45 17.03
13.39 13.46 13.74 15.02 14.75 13.27 13.21 13.13 14.03 14.63 14.45 16.82 18.38 21.41 17.87 17.53 18.50 19.82 21.22 21.03 38.34 32.75 34.53 40.83 41.90 41.21 37.59 26.15 22.31 19.72 31.15 24.87 22.50 19.02 15.90 19.37 21.85 21.00 20.19 19.87 15.76 15.79 15.64 15.35 15.00 14.79 14.57 14.14 13.75 13.98 14.87 15.54 15.24 14.09 12.83 11.99 11.31 10.37 9.63 9.55 10.19 11.07 11.71 11.92 11.76 11.33 10.72 9.79 8.75 8.11 8.32 9.05 8.97 19.30 20.32 21.64 21.82 19.51 18.64
14.68 14.38 14.17 14.13 15.30 14.56 14.36 14.19 14.38 13.53 15.19 18.02 19.22 19.14 19.03 16.88 20.35 19.89 21.24 22.82 23.60 36.27 34.34 40.99 41.58 35.43 42.71 34.37 22.92 33.11 30.22 26.80 24.57 20.93 17.26 17.51 20.58 20.94 18.17 18.18 18.29 18.67 18.91 18.67 18.05 17.59 17.38 16.64 15.91 15.66 16.05 16.75 17.27 17.24 16.52 15.60 14.76 13.64 12.36 11.81 12.59 13.64 14.11 14.12 13.87 13.44 12.84 12.36 12.01 11.29 10.53 10.24 19.61 9.56 19.12 20.47 21.30 21.01 20.43
16.56 15.72 14.83 14.65 14.69 14.59 15.35 15.56 15.67 16.73 17.42 16.56 19.46 19.30 20.27 18.56 19.72 22.83 23.59 25.21 25.67 25.03 37.12 41.39 39.16 41.62 34.86 33.16 21.46 34.09 30.04 26.79 25.41 21.17 20.94 22.36 22.74 19.45 20.79 21.64 22.04 22.17 21.85 21.05 20.11 25.89 25.48 17.97 17.85 17.67 17.54 17.66 18.22 19.22 20.04 20.10 19.66 19.07 18.38 17.87 17.49 16.78 15.95 15.54 15.43 15.14 14.63 13.89 13.13 12.31 11.46 10.79 10.42 18.30 18.08 19.94 19.32 18.98 19.26
18.82 17.49 15.86 15.21 14.39 15.10 15.19 15.56 17.16 17.80 18.90 17.52 20.03 20.69 20.86 25.90 21.78 23.52 25.24 26.10 26.38 26.49 25.85 44.36 36.70 40.19 38.40 42.04 38.64 32.02 29.24 27.86 25.12 19.88 14.15 14.47 18.76 22.49 24.79 25.70 25.43 29.70 29.06 27.48 27.44 26.96 19.58 18.87 18.55 18.01 17.65 17.72 18.33 19.63 21.38 22.95 23.89 24.22 24.13 23.40 21.75 19.26 17.12 15.75 15.33 14.98 14.82 14.22 13.83 13.31 12.63 12.14 11.62 11.23 10.85 10.38 18.38 10.31 17.61
21.44 19.09 16.57 15.63 14.43 14.54 14.88 16.38 16.89 18.01 18.89 19.52 19.98 21.56 21.88 22.77 23.49 36.42 25.38 26.04 26.58 27.17 27.34 44.10 39.30 29.62 40.34 39.02 36.33 32.81 32.51 30.30 19.91 16.86 19.41 24.96 29.40 31.15 29.97 33.63 32.60 32.15 28.80 21.33 27.67 28.07 20.14 19.26 18.31 17.39 16.94 17.05 17.75 19.17 21.16 23.44 25.29 26.10 25.85 24.60 22.65 20.38 18.21 16.32 14.89 14.26 14.25 13.98 13.46 13.15 12.79 12.58 21.43 20.60 19.54 17.60 11.06 17.41 15.39
22.59 19.55 16.56 15.42 13.55 13.30 12.53 14.51 17.45 19.18 20.41 21.03 21.60 23.15 23.25 24.83 24.82 27.05 26.11 26.89 27.79 28.45 28.89 29.24 41.66 30.44 29.81 43.17 39.33 37.91 35.87 24.56 23.57 27.70 34.52 38.17 38.48 36.90 33.75 40.51 34.03 30.63 22.73 22.54 22.57 21.97 20.96 19.99 18.98 18.24 17.77 17.08 16.82 18.21 20.51 22.36 23.18 23.23 23.24 23.20 22.55 21.10 19.31 17.42 15.61 14.35 14.06 22.97 14.00 13.58 12.81 11.81 18.96 21.56 20.93 20.67 20.66 11.87 20.14
23.16 19.02 16.17 15.39 12.81 12.47 11.86 16.62 21.28 21.69 21.52 22.07 23.52 24.48 25.33 26.23 25.95 26.83 27.71 28.81 29.95 30.35 30.06 29.30 42.37 41.99 30.19 44.44 40.08 37.51 28.30 28.49 33.09 40.61 44.68 42.85 39.21 35.19 31.01 39.77 33.28 24.43 23.55 23.41 29.13 22.90 21.83 20.79 20.01 19.53 19.03 17.89 16.65 17.48 19.14 19.40 18.57 17.84 18.84 20.33 20.89 20.49 19.29 17.91 16.59 15.24 14.37 14.41 14.59 14.31 13.39 16.85 15.69 15.99 11.05 19.68 20.88 11.21 20.33
23.27 19.43 14.84 14.75 13.34 16.31 21.55 25.41 25.39 23.53 22.75 23.16 23.70 24.45 26.64 27.41 28.12 27.73 28.59 29.39 29.82 41.04 29.51 29.12 28.64 31.78 41.28 42.36 41.64 32.98 33.59 37.43 42.55 44.90 41.73 37.28 33.57 29.88 26.54 36.19 25.08 24.68 24.43 24.17 29.02 23.04 22.36 21.44 20.49 19.51 19.28 19.93 19.55 18.80 18.19 16.63 14.78 14.00 15.19 16.88 17.76 18.13 18.09 17.63 17.01 16.29 15.54 14.88 14.49 14.24 18.27 18.51 17.56 16.22 14.86 16.09 18.70 18.99 20.56
20.79 18.98 15.35 13.22 15.19 18.68 24.43 25.24 23.35 22.67 23.04 23.77 25.26 25.28 27.43 28.01 29.12 28.30 28.80 30.90 28.40 28.08 28.28 28.91 29.81 30.35 32.52 45.91 41.95 35.59 38.84 42.59 43.22 38.49 31.48 27.65 25.14 22.75 21.92 31.06 27.88 24.43 24.81 24.55 23.84 23.16 22.79 22.33 21.46 20.39 20.82 23.01 23.69 21.74 18.78 15.78 13.21 12.15 12.66 13.88 14.81 15.43 16.00 16.32 16.14 15.72 15.13 14.44 13.88 13.75 13.23 12.64 20.93 20.41 15.24 15.57 16.52 15.66 19.58
17.80 17.40 15.29 10.96 14.52 18.67 21.86 20.16 18.54 19.86 22.10 23.95 25.20 26.13 26.85 28.77 27.99 30.24 28.67 29.70 28.41 28.11 28.04 28.92 30.34 31.54 33.15 33.97 43.57 36.46 37.43 37.09 33.50 26.65 20.41 17.08 16.55 16.24 29.77 26.15 23.51 24.81 27.39 27.02 24.03 23.50 23.43 23.88 24.05 23.80 23.57 23.27 22.83 21.62 18.49 15.10 12.38 11.01 10.99 11.75 12.67 13.46 14.07 14.53 14.60 14.35 13.90 13.32 18.46 12.21 20.87 19.50 20.51 20.04 18.28 16.13 16.39 13.45 14.26
17.62 16.38 14.47 10.55 14.92 18.84 20.39 18.04 16.58 18.61 21.72 24.05 25.53 26.53 27.24 27.73 28.01 28.25 28.42 28.53 28.72 28.49 28.31 29.20 30.61 32.01 33.92 35.79 46.32 35.80 33.97 30.20 31.89 20.32 15.42 13.83 11.98 12.82 24.28 24.18 23.71 25.17 25.21 24.42 23.67 23.58 23.93 24.90 25.88 26.14 24.70 21.91 20.07 19.73 17.46 14.06 11.78 10.22 10.05 10.83 11.86 12.76 13.24 13.69 13.86 13.79 13.57 12.68 11.60 16.26 15.98 15.56 9.82 18.68 13.86 14.28 14.73 13.72 13.09
