examples/cougarCreek-fire/createInputs/farsite/7a-cougarCreek-polygonIgnit/cougarCreekFire_08-11-2015_0100_217m_non_neutral_stability_ang.asc
ncols	146
nrows	140
xllcorner	610065.000000
yllcorner	5095217.000000
cellsize	216.586807
NODATA_value	-9999.000000
[rows 0 to 41 of 140, columns 0 to 93 of 146]
314 311 307 308 308 307 306 305 305 299 306 306 307 308 307 307 307 306 305 304 303 299 307 310 312 311 310 310 311 311 312 311 310 310 310 310 311 331 318 313 318 319 312 319 317 319 314 313 313 313 313 312 312 312 313 314 314 312 309 309 311 309 309 309 310 309 307 306 308 311 312 310 306 303 303 305 306 301 298 298 298 300 303 318 321 319 306 315 315 313 308 316 320 314
314 311 307 308 308 307 306 305 305 299 306 306 307 308 307 307 307 306 305 304 303 299 307 310 312 311 310 310 311 311 312 311 310 310 310 310 311 331 318 313 318 319 312 319 317 319 314 313 313 313 313 312 312 312 313 314 314 312 309 309 311 309 309 309 310 309 307 306 308 311 312 310 306 303 303 305 306 301 298 298 298 300 303 318 321 319 306 315 315 313 308 316 320 314
317 314 309 309 310 308 308 307 307 307 307 307 307 308 308 308 308 308 307 306 306 302 307 309 310 311 310 310 310 311 312 311 311 311 311 311 311 311 311 311 311 312 312 311 311 312 313 312 311 312 312 312 312 312 312 312 313 311 309 308 309 309 308 308 309 309 307 307 307 309 310 308 306 304 303 304 306 304 300 300 300 301 303 304 304 305 305 305 303 304 305 304 309 311
320 317 312 311 312 311 311 310 310 309 309 308 308 309 310 309 310 310 310 310 310 306 307 308 309 310 311 310 310 310 311 311 311 311 311 310 310 310 310 311 311 311 311 311 311 310 311 310 310 311 312 312 311 311 310 310 311 310 308 307 308 308 308 308 308 308 308 307 307 307 307 306 305 305 305 305 308 307 303 302 302 302 302 303 303 304 305 305 304 304 303 301 305 310
322 319 314 312 313 312 312 308 307 308 311 311 311 311 311 311 312 312 312 312 310 308 309 310 310 311 311 311 311 311 312 313 312 312 311 311 310 310 310 311 311 311 311 311 311 311 311 311 311 311 312 312 311 318 309 309 310 309 308 308 308 309 308 308 308 308 308 307 307 306 306 307 307 307 306 307 309 307 304 303 302 303 303 303 304 305 305 306 305 305 303 300 312 308
322 319 316 314 313 313 313 313 312 310 309 312 312 312 313 313 313 314 313 313 311 309 309 310 310 312 312 312 312 313 313 314 313 312 312 312 311 310 310 310 311 310 311 311 311 311 312 312 311 318 319 319 310 310 309 309 309 309 308 308 308 308 308 308 308 307 316 306 306 306 307 308 308 307 306 306 307 307 305 304 303 303 303 303 304 304 305 305 305 304 302 300 298 300
322 319 316 314 314 314 314 312 312 313 311 310 314 313 314 314 314 314 312 311 312 311 311 312 314 317 314 317 317 318 315 315 313 313 313 312 311 311 310 315 315 310 316 311 311 318 318 318 316 316 328 311 319 310 310 310 310 310 309 308 308 318 318 308 307 316 306 307 307 308 308 308 307 305 304 305 307 307 306 305 304 303 304 303 289 304 305 305 306 305 304 302 300 301
322 319 316 315 314 314 314 312 310 310 311 310 313 318 320 315 315 318 315 312 313 313 313 313 315 317 318 317 317 318 316 319 318 315 314 312 312 311 315 315 315 315 316 316 317 318 319 317 316 329 319 319 311 311 311 310 310 309 309 309 319 317 308 308 307 316 307 308 308 307 307 307 305 305 306 307 308 307 306 306 305 304 304 303 303 304 305 306 307 307 306 305 305 305
323 320 317 316 315 316 314 316 313 312 312 312 313 317 320 315 320 319 317 313 314 314 309 310 315 316 318 318 317 318 320 319 319 315 314 315 315 315 314 314 315 316 317 316 316 318 318 318 318 318 318 320 322 321 320 310 310 309 320 309 318 307 308 308 318 317 317 319 308 307 306 306 306 306 307 308 307 306 306 307 306 305 305 304 304 304 305 307 308 309 308 308 307 307
322 320 317 317 316 313 315 316 316 315 315 314 312 316 320 321 320 320 318 309 309 315 314 314 315 316 318 318 319 318 320 320 319 320 318 316 316 315 315 314 316 318 318 318 318 319 319 318 319 319 320 318 322 320 309 309 310 309 319 309 308 308 309 319 318 319 319 319 308 307 307 308 307 307 308 308 307 307 307 308 308 307 306 305 304 304 305 307 309 306 311 311 310 308
328 319 317 316 316 316 312 314 315 315 315 316 316 316 320 321 321 317 319 316 310 316 316 315 310 327 332 334 319 318 322 321 320 321 319 317 317 316 315 315 316 318 319 335 333 332 320 320 319 333 331 333 321 310 310 310 310 319 310 310 309 317 319 319 320 320 319 320 309 309 309 309 308 308 309 310 308 308 309 309 308 307 306 305 304 305 305 307 309 311 313 314 313 310
320 318 322 319 317 314 316 313 314 316 317 316 317 317 319 320 317 322 319 318 313 317 316 316 316 322 334 334 331 318 322 322 321 321 319 318 317 315 315 314 315 330 333 334 334 335 320 319 331 333 333 322 313 311 317 319 320 320 320 311 310 320 319 320 320 309 310 310 310 310 309 308 308 308 310 310 309 308 309 309 309 308 307 305 305 305 305 306 309 311 312 316 317 315
319 318 317 320 318 316 316 311 312 314 315 317 320 318 318 319 320 320 317 318 316 319 320 311 316 313 335 333 332 335 323 322 322 321 320 319 317 316 315 313 325 329 333 334 335 335 319 331 331 321 321 321 313 312 319 321 321 321 321 319 320 317 318 310 309 309 309 309 309 310 310 309 309 310 310 310 309 309 310 310 309 308 307 306 305 304 305 306 308 310 311 315 321 322
318 317 316 316 316 315 315 315 309 311 312 312 315 320 318 319 319 318 316 318 317 317 322 317 309 314 334 333 335 339 341 324 332 331 327 326 328 327 321 319 328 317 333 333 335 320 319 332 333 323 322 321 320 318 320 321 322 323 323 321 316 316 310 309 309 308 308 308 309 310 311 310 310 311 311 310 309 310 311 310 310 309 308 306 305 304 304 305 307 309 310 313 323 332
317 316 315 315 315 314 314 314 315 309 309 312 313 310 318 327 330 329 325 323 324 322 325 325 316 318 331 333 335 340 343 324 329 330 327 325 329 328 318 312 337 318 333 332 333 332 334 336 337 339 323 321 321 320 321 320 331 322 322 319 310 310 309 309 318 320 319 320 310 311 322 312 311 312 312 310 309 309 311 311 311 310 309 307 305 303 303 303 305 306 307 311 321 341
318 316 315 314 314 314 314 315 313 310 309 311 309 308 309 320 332 332 327 325 328 326 327 330 323 320 329 334 336 341 342 333 331 331 328 328 327 325 322 323 340 339 336 336 337 337 339 337 340 338 322 322 334 334 322 321 331 322 333 321 320 320 320 320 319 320 321 311 311 312 313 312 311 311 311 311 310 309 310 311 311 311 309 307 305 303 302 302 302 303 301 304 313 344
318 316 314 313 313 313 313 313 314 313 311 311 315 316 307 301 307 326 322 321 327 327 329 319 328 322 328 334 340 342 339 331 333 333 330 330 327 323 325 332 338 340 338 340 341 342 339 340 340 336 323 338 338 339 335 320 320 334 322 322 321 322 320 321 321 322 312 323 312 313 313 312 311 311 311 311 311 311 311 312 312 311 310 308 306 303 301 300 301 299 297 297 305 336
317 315 312 312 311 312 307 310 312 315 311 310 309 316 303 296 296 303 309 309 315 316 327 337 332 324 330 335 338 338 335 333 333 332 334 331 325 324 327 335 338 339 339 339 342 343 341 342 340 338 341 337 338 341 337 319 323 333 321 324 323 322 323 323 323 313 314 321 317 313 314 313 312 311 311 312 312 312 313 313 313 313 311 309 306 304 302 300 307 297 295 295 304 331
316 314 311 310 310 310 309 308 315 317 311 309 301 304 308 307 305 306 309 307 311 315 315 332 332 328 331 335 337 337 336 336 334 335 336 330 324 324 330 334 336 338 341 341 342 342 342 344 341 341 338 340 343 323 338 335 324 322 334 324 322 332 322 323 313 321 320 314 313 314 315 314 314 313 313 314 314 314 313 314 315 314 313 310 307 305 303 301 300 297 294 294 301 329
316 313 310 308 308 309 308 308 313 316 310 306 301 305 314 319 317 313 314 310 313 320 313 319 328 331 334 335 336 336 337 337 343 328 326 327 324 322 330 335 336 338 338 342 345 344 343 345 344 342 339 344 335 337 341 336 332 323 335 335 324 333 324 324 322 314 315 314 315 316 316 316 316 315 314 315 316 315 315 315 316 316 315 312 309 306 304 303 301 299 296 294 296 314
315 313 310 308 309 309 308 307 309 314 309 307 315 306 306 315 321 318 319 315 316 324 311 311 315 329 335 334 334 335 337 339 328 332 326 325 327 319 329 340 342 337 331 341 342 342 341 342 322 346 342 344 338 341 338 323 323 337 338 337 335 334 324 324 315 316 317 317 317 318 318 317 317 317 316 317 318 317 317 318 318 318 317 314 310 307 305 305 304 302 299 308 301 308
314 312 310 309 309 308 307 307 308 314 309 308 320 317 300 314 303 307 313 312 311 322 315 315 318 325 332 332 332 334 336 340 331 333 324 318 329 319 332 344 345 337 333 342 342 343 341 340 347 345 344 340 342 339 322 332 339 340 340 337 337 336 337 317 325 325 326 327 318 318 318 318 319 318 318 319 319 318 318 319 320 320 318 316 312 309 307 307 307 307 317 318 326 330
312 310 309 308 307 306 305 305 306 311 309 306 315 325 307 312 296 314 301 309 311 315 315 313 316 325 331 331 331 332 336 331 333 347 319 316 322 320 332 340 340 348 345 345 344 344 341 342 348 342 342 337 337 325 323 337 340 341 341 338 339 339 328 327 326 327 327 319 319 319 319 320 320 320 319 320 320 320 320 320 320 320 319 317 313 311 310 309 310 311 320 332 341 344
310 308 307 306 306 306 304 304 305 311 311 304 307 321 316 309 306 305 307 315 319 318 317 308 305 317 332 331 330 328 331 339 335 325 316 316 321 322 329 335 338 354 345 348 346 346 345 347 345 344 340 323 337 334 336 340 341 342 343 343 342 331 330 320 328 328 329 329 322 322 321 322 322 321 321 321 321 322 323 323 322 322 321 318 315 312 311 311 312 314 319 323 340 350
308 307 305 304 304 304 302 304 305 309 314 307 306 317 318 310 307 307 307 308 314 319 321 314 307 311 328 328 327 325 328 327 334 324 329 321 321 323 332 325 345 2 348 327 350 350 349 349 350 348 336 325 340 341 344 345 344 345 345 345 345 333 342 340 330 331 331 331 324 333 324 324 324 323 323 323 322 323 324 324 324 324 323 319 315 312 310 310 312 316 319 328 335 1
307 306 304 303 302 303 302 303 304 305 312 309 304 306 317 314 308 306 306 304 306 316 320 317 313 314 325 322 319 319 325 330 283 334 314 318 324 329 338 326 344 357 343 346 351 330 352 329 352 347 326 334 344 342 346 346 346 327 349 347 346 335 345 346 334 335 334 333 334 334 334 326 326 325 325 325 324 325 325 325 325 325 324 320 316 311 309 307 315 319 318 328 336 358
306 305 303 302 300 302 301 302 296 299 307 305 304 304 310 316 310 308 308 306 307 315 318 316 313 314 328 307 315 315 313 322 274 323 322 325 330 337 345 336 339 349 345 347 351 352 352 353 351 345 327 338 343 342 344 344 346 350 350 348 347 336 335 347 348 348 335 334 334 335 335 327 327 326 326 326 326 326 327 326 326 325 325 321 317 312 308 303 312 308 317 324 344 357
304 303 302 302 297 298 299 299 289 291 300 304 307 303 300 306 306 307 310 308 309 316 317 311 309 312 328 315 317 315 314 324 275 275 322 330 338 345 353 356 352 350 349 349 353 355 355 353 355 345 327 338 343 337 341 343 347 350 350 351 351 352 352 348 346 345 344 337 338 338 337 327 327 327 327 327 327 327 328 328 327 327 326 323 318 314 309 301 309 297 303 319 358 6
304 303 301 301 300 297 298 299 300 293 299 305 309 303 296 300 304 305 309 308 309 314 316 308 302 303 315 329 320 305 315 292 286 298 301 330 340 350 355 357 357 356 356 352 357 341 339 338 358 332 327 340 343 334 345 344 351 353 354 355 354 353 351 349 348 348 348 339 341 341 340 329 328 328 327 328 328 328 329 329 328 328 327 324 320 315 310 303 308 308 308 323 339 349
303 302 300 300 299 296 297 296 303 300 301 305 310 316 305 302 305 306 308 306 307 313 314 312 303 302 306 318 327 309 309 309 314 304 307 308 313 311 349 354 359 0 357 355 352 347 344 4 338 333 329 340 341 342 344 346 354 355 356 357 357 356 354 352 352 340 341 342 342 342 342 331 330 329 329 330 330 330 330 330 329 329 328 325 321 317 312 308 305 326 324 328 341 352
302 301 300 299 299 297 297 298 294 297 296 302 305 313 312 303 308 313 313 312 312 317 315 315 311 309 310 313 325 315 311 315 321 321 329 318 312 299 311 317 322 331 359 2 359 355 7 354 341 334 331 336 345 343 343 350 353 355 357 358 358 357 356 355 357 344 344 344 344 344 344 333 333 332 333 333 333 332 332 331 330 330 330 328 323 319 315 312 309 310 317 327 343 354
300 300 299 299 298 296 296 297 291 293 292 292 296 300 309 302 304 311 315 316 318 320 318 316 313 311 312 313 325 317 309 314 329 332 326 319 298 287 305 309 314 323 326 327 1 359 359 3 347 337 331 327 347 333 344 344 349 355 359 359 358 358 360 359 360 359 346 347 347 347 347 346 345 345 334 334 334 334 334 333 332 332 333 332 328 324 319 315 311 325 324 330 347 354
298 297 297 298 297 297 297 297 291 293 294 294 299 304 308 302 298 301 306 311 318 323 323 320 316 313 311 309 319 311 307 313 327 324 332 316 303 305 310 301 307 314 319 323 326 359 2 23 357 339 330 329 344 339 338 340 334 353 2 1 358 357 1 3 4 336 359 337 0 1 336 344 345 334 334 334 334 344 335 335 334 333 335 334 331 328 323 318 301 329 327 338 346 353
297 296 300 297 299 299 299 298 293 293 298 302 307 307 306 304 298 295 294 297 302 312 319 322 321 320 316 312 313 318 305 314 329 324 336 323 319 320 322 318 313 307 304 311 322 356 3 15 7 337 327 307 313 357 350 342 334 339 1 338 1 1 3 337 337 2 337 349 349 353 350 348 335 335 336 336 336 335 343 334 333 333 333 332 331 330 325 320 299 308 329 329 343 353
296 295 294 300 300 300 300 300 299 300 299 300 303 306 308 304 298 293 291 293 296 300 304 309 318 325 325 319 317 315 303 313 330 327 336 320 318 318 314 311 305 302 303 304 302 314 359 15 8 332 315 320 305 311 329 352 344 339 355 355 3 2 346 6 6 5 354 354 352 338 336 336 348 349 347 338 350 336 334 333 334 333 333 332 333 331 327 322 300 295 310 322 340 352
295 294 293 295 298 299 300 301 296 297 295 292 291 297 306 309 307 308 310 309 304 301 299 297 293 290 306 317 319 305 306 316 331 320 308 305 295 282 268 259 260 268 279 279 276 280 289 305 346 318 304 307 313 301 322 348 3 358 355 0 3 12 9 8 7 355 356 344 344 343 340 350 349 350 339 339 338 337 335 334 334 333 333 334 337 335 330 326 300 292 308 315 333 346
297 295 294 295 297 305 304 302 294 293 291 291 293 291 296 302 305 306 306 301 294 294 292 287 283 283 285 295 303 299 301 316 339 337 323 318 320 350 349 341 319 280 262 260 271 263 259 273 299 268 299 300 310 314 327 339 350 353 353 359 6 10 13 13 15 11 359 359 0 14 358 356 353 354 342 341 339 338 337 336 335 333 331 334 340 340 337 332 326 295 329 315 324 332
297 295 294 295 297 298 301 293 302 287 287 292 294 289 287 289 291 288 284 282 283 287 286 282 281 282 287 286 281 287 278 290 329 359 347 348 348 346 342 334 6 311 316 255 238 292 333 270 16 310 290 302 306 310 319 331 339 343 344 345 347 348 350 351 352 353 353 353 351 348 351 9 4 351 348 345 343 341 339 338 336 333 329 331 339 345 346 341 335 305 6 327 328 326
297 296 296 296 296 297 281 300 285 285 287 289 287 285 284 285 285 281 281 284 285 283 283 282 280 282 287 283 276 281 269 274 298 324 349 357 7 25 25 358 345 333 21 12 7 7 4 346 317 304 313 301 309 316 322 329 334 339 342 344 345 348 349 349 350 351 352 351 349 348 349 354 358 358 5 5 350 347 344 341 338 333 329 328 335 347 352 345 319 315 9 9 338 336
298 297 296 295 296 296 275 299 286 287 289 288 290 287 288 288 285 282 281 283 280 280 287 285 281 284 290 283 279 270 278 278 293 286 295 305 309 334 10 51 40 351 17 11 354 347 35 1 322 311 307 332 335 343 327 328 334 339 340 341 344 347 348 351 353 351 352 351 350 350 350 352 354 351 354 354 356 355 352 347 341 335 329 323 328 348 351 343 343 322 321 21 5 349
296 296 296 294 294 295 278 298 299 288 290 292 294 293 290 288 284 279 278 279 280 286 291 283 284 287 289 284 282 284 285 279 273 257 265 265 259 252 289 26 27 356 343 10 33 38 32 22 344 324 324 331 327 324 329 333 336 341 343 343 359 349 351 352 355 357 357 355 353 351 351 351 352 351 352 355 358 358 348 1 350 342 336 328 324 340 342 338 343 349 326 5 24 2
295 295 295 291 292 278 295 298 300 290 292 292 293 289 285 285 279 277 280 288 291 293 289 286 285 287 289 287 287 280 275 262 248 223 224 235 247 246 241 250 291 286 278 278 296 10 20 18 347 320 316 319 322 329 338 343 349 355 356 358 352 354 356 359 2 3 2 360 357 356 355 354 354 352 350 352 354 354 357 0 337 353 352 354 349 336 330 333 343 350 353 350 37 7
