examples/cougarCreek-fire/createInputs/farsite/7a-cougarCreek-polygonIgnit/cougarCreekFire_08-11-2015_1000_217m_non_neutral_stability_ang.asc
ncols	146
nrows	140
xllcorner	610065.000000
yllcorner	5095217.000000
cellsize	216.586807
NODATA_value	-9999.000000
[rows 0 to 48 of 140, columns 0 to 95 of 146]
64 36 54 76 94 66 56 56 61 68 76 84 91 95 93 88 88 72 48 40 40 51 72 92 105 107 106 106 107 110 112 113 90 82 79 78 84 93 100 104 104 104 101 97 95 94 90 86 81 60 63 292 44 18 31 26 360 323 16 14 14 352 10 11 14 345 6 4 5 4 5 6 4 359 358 360 359 354 355 356 356 355 354 354 354 353 350 343 334 328 310 293 310 302 303 301
64 36 54 76 94 66 56 56 61 68 76 84 91 95 93 88 88 72 48 40 40 51 72 92 105 107 106 106 107 110 112 113 90 82 79 78 84 93 100 104 104 104 101 97 95 94 90 86 81 60 63 292 44 18 31 26 360 323 16 14 14 352 10 11 14 345 6 4 5 4 5 6 4 359 358 360 359 354 355 356 356 355 354 354 354 353 350 343 334 328 310 293 310 302 303 301
104 67 69 103 126 102 78 58 89 107 117 129 85 117 125 122 121 83 70 47 49 61 75 88 97 99 137 135 114 117 120 134 98 96 81 79 126 133 105 165 155 177 167 166 175 95 209 196 233 247 228 195 312 13 28 23 357 326 13 5 336 338 349 339 341 324 4 2 335 5 6 5 325 358 357 333 324 355 355 356 355 355 354 354 354 354 352 347 342 338 325 309 308 287 282 287
124 86 77 110 122 112 108 97 94 85 114 124 100 110 141 133 129 113 103 83 68 74 85 83 88 107 145 134 108 110 152 143 124 125 122 114 116 127 138 153 153 156 151 156 149 171 191 153 177 195 215 290 323 358 21 19 353 359 4 350 344 348 358 345 350 5 2 349 342 7 334 324 356 356 358 338 335 358 356 356 355 354 355 355 355 356 356 354 353 354 353 347 332 317 317 299
36 100 77 103 118 111 95 99 76 77 105 114 82 87 119 146 138 115 114 109 87 80 79 113 86 95 112 139 140 145 147 147 131 129 134 125 120 129 131 143 157 150 158 164 148 167 172 156 168 210 269 295 310 353 349 344 305 10 354 5 356 331 346 340 355 7 350 5 7 337 331 358 356 357 337 347 7 1 355 354 352 353 355 356 356 357 357 358 359 1 360 357 352 341 328 322
115 93 78 98 113 120 118 113 109 102 99 105 98 84 114 125 144 115 111 100 95 84 80 105 119 92 109 138 140 146 154 162 136 137 139 128 128 131 143 150 159 152 166 175 161 166 168 166 214 277 291 294 312 345 323 298 325 1 360 352 338 331 338 332 6 353 340 348 334 343 359 349 346 1 8 12 345 360 353 351 349 351 353 356 358 358 358 359 1 0 358 358 359 357 346 327
131 99 82 84 104 114 115 96 108 112 104 100 111 82 84 125 150 126 104 96 95 91 86 87 119 89 145 134 139 150 157 153 142 146 141 128 132 136 133 144 146 161 175 183 173 166 205 235 68 9 346 334 298 294 294 318 328 336 329 327 327 338 334 347 5 346 340 335 332 357 340 338 5 6 10 341 6 357 352 348 347 349 352 355 358 359 359 360 360 358 357 357 360 2 360 351
121 116 109 103 104 117 118 107 101 88 104 101 107 100 103 113 146 142 125 98 96 94 90 88 115 92 105 143 137 112 161 147 143 160 144 128 140 142 142 139 144 157 171 171 181 210 236 70 4 337 278 272 282 290 292 300 305 321 314 322 329 325 315 359 337 340 340 333 342 337 2 6 339 338 8 354 4 357 351 347 347 348 351 354 357 359 360 360 359 357 356 357 359 1 1 359
124 113 110 105 102 111 118 118 112 109 111 89 85 117 82 88 120 145 131 99 98 99 91 88 114 95 105 145 139 149 159 148 158 164 144 134 146 148 141 139 148 152 161 168 121 209 226 239 242 253 252 271 291 293 308 300 292 308 316 324 319 325 333 333 335 340 336 332 338 336 3 327 357 4 345 343 4 356 351 348 348 349 351 353 356 358 360 360 359 357 356 357 357 358 359 359
126 116 109 104 98 100 104 111 114 112 113 111 106 112 133 104 115 122 137 103 99 103 98 92 94 128 104 146 145 146 158 154 158 158 144 137 145 144 136 139 156 167 166 154 198 135 212 216 237 248 264 287 288 283 267 273 282 296 305 301 316 350 320 326 331 332 329 328 333 336 337 1 1 347 342 9 3 356 352 351 351 351 352 353 355 357 359 359 358 357 356 356 355 355 356 358
64 127 124 111 105 98 94 101 105 107 110 111 110 107 90 94 101 122 143 120 102 115 105 100 95 123 99 142 140 143 159 153 152 159 143 137 142 139 137 148 159 174 124 194 214 138 218 221 240 263 296 280 259 250 254 264 274 287 283 308 332 312 316 323 327 334 333 333 337 337 340 349 345 353 354 6 0 356 354 355 355 354 354 354 355 357 358 358 357 356 354 354 354 354 356 357
59 120 125 123 118 108 96 95 102 107 109 111 115 110 114 118 85 114 136 127 104 117 109 106 98 109 98 145 140 145 159 155 160 158 144 138 136 137 143 145 157 120 183 131 135 154 220 223 246 266 265 258 245 242 257 271 274 281 285 325 309 310 316 316 324 334 360 1 3 3 343 348 3 351 7 3 359 357 357 358 359 357 356 356 356 357 357 357 356 355 352 350 351 354 357 358
100 93 98 106 116 112 101 90 90 101 105 107 111 119 87 90 91 141 123 126 116 119 122 108 101 97 98 133 136 108 160 154 156 117 144 139 140 140 137 109 148 123 133 200 152 218 210 227 249 252 249 245 241 243 260 270 276 282 287 297 319 340 314 320 355 359 1 2 2 1 1 1 355 351 4 1 358 358 360 1 347 359 358 357 357 357 357 356 355 354 352 348 348 354 358 358
48 55 69 89 101 105 104 86 78 74 92 102 105 112 83 88 90 140 131 122 117 115 122 118 103 98 131 137 133 109 154 161 148 149 140 135 142 145 116 113 142 123 139 148 212 205 205 230 245 242 241 241 245 244 266 274 281 291 293 301 320 335 340 319 322 326 322 320 319 323 355 358 1 3 2 0 359 1 2 2 2 1 359 359 359 358 356 355 354 354 352 348 349 353 355 357
49 66 75 82 88 95 105 104 91 81 77 89 95 96 105 73 81 93 136 128 126 120 127 131 105 100 127 129 136 108 161 158 145 144 138 133 143 144 118 117 117 123 141 202 205 200 214 236 251 248 235 241 244 247 260 265 279 289 292 298 305 307 308 315 317 317 320 319 323 351 344 333 359 351 1 0 1 3 4 3 2 1 0 360 360 359 357 355 354 352 350 349 351 353 353 359
72 79 87 89 90 98 109 113 111 92 79 88 98 93 89 98 73 75 128 118 120 120 125 137 125 117 125 133 135 108 158 148 146 118 138 140 137 113 115 115 158 122 140 203 204 210 227 246 250 236 230 244 255 260 261 269 285 284 284 292 295 295 295 298 308 320 317 323 343 324 328 358 358 359 359 0 2 4 344 1 0 0 360 360 0 359 357 355 354 352 347 345 348 353 355 7
74 78 84 95 94 93 101 108 113 111 96 94 109 114 95 77 69 101 105 106 111 114 121 102 133 120 127 125 103 142 153 142 143 150 142 144 115 114 113 147 118 126 141 165 210 219 236 244 240 232 232 255 266 265 262 285 287 285 282 288 296 293 298 304 310 317 311 324 322 338 349 1 356 357 359 360 1 3 3 1 360 360 360 0 1 359 356 355 354 352 346 340 338 344 340 7
84 80 81 92 98 90 89 100 111 117 105 94 100 107 96 86 74 70 90 81 99 101 105 91 135 122 128 123 103 143 150 146 147 145 147 143 117 115 114 152 119 129 143 203 215 227 237 240 236 237 252 268 270 261 272 283 278 283 284 280 286 292 298 298 299 315 319 327 343 349 335 330 335 337 338 338 358 1 3 2 352 1 1 2 1 358 356 355 355 353 346 340 337 338 316 334
107 97 92 94 106 107 99 105 116 125 115 102 94 95 102 102 94 95 98 93 97 103 97 110 123 125 125 120 128 144 149 149 150 126 149 140 120 117 136 152 162 183 146 165 218 227 236 239 235 247 261 268 262 251 269 272 266 270 277 279 282 287 292 298 306 314 320 345 338 328 326 338 340 349 345 341 346 359 1 2 2 1 2 3 1 358 356 356 356 353 347 343 343 347 350 323
124 113 100 96 103 108 102 102 113 122 114 107 96 94 110 115 115 105 106 98 97 105 94 102 107 118 98 117 137 145 149 153 156 171 128 124 124 122 136 150 163 179 148 172 223 230 237 242 252 261 264 256 267 255 268 265 265 269 273 275 277 285 283 291 298 307 306 308 316 319 331 337 337 357 357 344 342 339 340 348 1 1 1 1 359 357 356 356 356 352 346 344 348 350 343 316
43 122 105 95 99 102 102 102 109 119 108 105 120 99 94 105 111 111 112 105 98 111 92 83 94 113 93 115 133 139 146 155 155 173 134 125 126 124 123 151 131 138 155 178 230 236 243 250 260 261 261 252 254 268 273 254 265 272 270 272 276 282 282 286 296 302 309 315 327 322 339 337 339 345 357 342 342 345 345 340 349 359 359 358 358 357 357 356 355 351 345 344 348 344 306 311
113 96 96 93 94 95 95 98 104 117 113 108 127 129 93 85 87 93 96 98 96 107 100 98 100 109 112 121 130 138 146 146 157 180 138 126 140 123 143 127 133 144 163 186 233 235 243 253 257 249 252 249 256 255 275 256 282 274 272 273 275 281 280 284 307 300 306 310 328 329 327 334 341 350 348 348 341 339 347 348 359 357 357 357 358 357 356 356 354 350 347 346 349 353 351 332
65 68 73 77 85 86 84 91 97 111 113 106 113 148 114 91 80 82 85 96 97 99 98 94 93 104 111 115 124 135 141 140 166 177 138 127 124 123 144 126 136 149 169 192 234 239 247 252 243 241 244 264 268 246 274 278 279 265 272 273 279 282 282 300 303 298 302 308 310 328 338 336 338 358 339 338 341 339 340 340 340 356 355 357 358 356 355 354 352 350 351 355 0 7 10 352
80 68 67 61 70 76 84 93 100 111 117 107 107 135 125 113 102 96 92 97 103 102 103 86 75 93 94 113 116 127 138 145 158 171 145 131 126 124 144 127 139 154 173 229 235 244 247 244 239 242 257 260 266 268 274 277 278 281 283 274 282 282 284 276 282 289 293 302 312 333 327 347 332 336 339 337 338 343 348 342 343 339 354 356 356 353 352 352 350 351 356 5 12 20 25 8
12 55 53 65 69 73 80 89 97 106 121 114 107 118 126 113 104 98 93 88 94 101 106 99 78 90 107 113 119 122 129 143 158 170 158 135 128 135 146 130 146 220 219 234 240 237 240 245 245 246 256 261 265 268 273 265 269 273 274 285 291 278 294 301 298 293 295 303 314 322 331 335 334 337 333 335 336 337 358 359 350 345 356 354 352 351 350 347 346 353 3 10 15 26 36 19
360 57 70 77 85 86 80 88 94 99 116 116 105 104 124 118 109 100 95 88 87 97 103 99 87 88 103 111 118 116 129 143 161 170 164 134 129 149 151 133 151 220 226 234 237 246 251 252 246 243 258 262 265 268 271 268 274 276 284 284 288 281 295 290 294 291 298 312 318 342 337 336 335 335 344 336 345 337 338 358 359 360 357 354 352 350 348 343 342 353 6 12 17 11 23 23
314 30 29 71 81 84 78 79 85 90 104 107 105 103 109 121 112 103 99 92 89 97 100 94 84 85 99 108 115 118 126 139 158 170 158 140 150 158 160 186 207 211 219 225 231 239 243 243 241 256 259 263 266 268 270 274 279 283 283 283 277 278 282 289 293 297 320 334 344 345 335 343 341 342 334 350 351 357 337 337 356 356 356 355 353 351 349 344 339 343 2 21 30 8 11 18
45 67 72 75 72 76 82 80 77 80 95 106 113 107 96 104 102 99 101 93 92 100 102 92 78 78 90 102 112 118 127 137 148 157 155 155 157 165 175 188 200 205 212 223 232 236 239 244 247 256 259 264 267 267 271 277 280 280 282 284 287 284 297 303 310 323 326 334 325 323 325 326 328 331 339 335 337 332 342 334 336 339 352 353 353 351 350 345 339 332 322 304 343 344 351 358
106 101 100 91 80 77 82 91 92 87 94 111 110 109 92 95 98 96 101 94 92 99 105 96 76 68 79 90 104 116 128 138 140 150 158 166 169 177 183 190 201 208 217 230 241 247 252 254 246 258 260 265 266 270 273 278 279 280 282 286 290 293 293 303 308 316 325 331 324 323 325 324 323 323 322 320 322 323 328 331 335 337 350 349 350 353 352 346 342 338 328 328 316 338 342 341
126 117 112 101 92 84 81 87 103 102 104 111 120 135 116 101 103 101 103 96 94 100 106 106 90 80 78 81 100 105 124 133 140 151 158 164 180 188 182 193 205 216 231 241 243 244 251 245 258 258 258 263 267 271 275 277 278 280 282 284 287 291 297 303 306 310 308 315 320 324 325 321 329 329 327 325 326 327 328 333 336 341 337 349 351 356 354 349 345 345 348 349 354 339 343 336
161 139 129 124 113 100 85 81 89 97 98 109 116 103 133 109 112 113 110 103 100 105 108 115 108 97 90 84 96 96 117 130 143 152 159 169 193 184 185 202 212 227 243 246 241 241 242 252 255 255 256 260 266 273 274 274 277 280 282 278 282 288 298 296 298 299 303 308 324 327 330 345 345 333 332 331 335 335 335 334 335 337 343 0 0 359 354 350 346 348 355 360 359 324 338 345
301 167 129 116 114 104 98 92 88 93 94 93 99 105 130 116 107 112 106 99 101 108 112 118 116 109 105 93 92 94 107 113 145 154 159 181 192 181 189 209 220 234 247 254 254 250 247 248 251 254 256 259 266 273 272 273 278 282 283 278 284 291 299 294 297 303 310 315 317 318 322 326 330 330 328 329 332 333 333 337 348 339 360 5 4 357 352 349 348 350 356 1 5 331 336 353
308 189 187 133 116 119 114 102 92 95 98 99 112 121 133 124 107 100 96 89 92 101 110 120 123 119 110 101 95 94 96 106 136 156 163 177 178 180 196 207 217 239 251 255 259 260 262 249 252 255 256 259 264 268 269 272 278 280 277 278 281 285 290 295 302 314 323 332 334 335 332 329 330 323 320 327 327 340 349 349 349 351 353 353 355 354 351 349 350 355 359 3 10 12 344 353
254 195 308 200 151 141 129 116 104 99 109 122 132 134 133 130 115 98 83 76 82 95 103 107 111 116 120 108 99 97 97 102 124 152 170 175 181 189 208 220 232 245 249 254 267 268 272 252 256 259 261 263 264 265 265 268 272 276 278 280 284 285 290 296 300 303 309 314 315 307 309 327 331 336 340 326 329 332 339 345 346 336 341 336 342 350 350 350 354 0 4 6 13 18 343 344
284 296 107 275 171 139 136 130 120 117 119 124 128 136 146 133 121 103 89 88 91 95 100 106 105 110 113 107 101 100 101 99 108 142 173 175 179 198 234 250 254 255 261 263 269 273 275 258 262 267 272 272 270 266 265 266 267 271 276 278 280 284 285 286 293 299 301 306 325 321 320 323 329 319 332 337 336 329 326 329 334 328 337 316 340 348 349 351 358 5 7 10 18 23 329 333
82 90 96 122 142 144 132 123 116 115 114 104 105 120 140 165 172 175 173 142 122 109 105 103 104 100 97 98 98 101 102 98 96 119 167 170 177 212 226 233 244 252 258 258 257 263 270 276 284 269 275 281 278 270 266 266 266 269 275 279 277 278 283 289 306 316 323 325 326 327 326 328 318 339 328 330 329 328 326 324 323 338 331 328 346 350 351 354 2 9 12 15 25 33 341 332
112 105 111 124 146 146 154 130 117 109 105 100 104 109 119 133 142 143 143 131 113 107 102 103 98 88 86 91 95 97 99 99 94 107 151 162 164 100 131 190 211 228 239 250 261 260 260 267 278 271 274 279 282 276 272 270 268 270 274 276 275 277 283 290 298 315 324 328 332 321 334 333 333 332 338 346 345 343 329 341 340 326 330 332 347 346 350 357 6 14 18 23 28 38 336 325
105 108 119 126 124 130 134 121 111 101 95 102 109 106 107 110 111 113 107 99 95 96 93 86 88 85 81 91 92 90 90 95 92 90 122 190 190 202 223 237 218 240 243 248 250 262 265 264 269 276 284 275 277 290 278 274 270 271 273 275 267 267 272 281 292 304 313 320 327 332 334 336 318 333 330 339 341 339 340 339 339 326 325 314 332 345 346 357 10 21 28 32 32 36 308 295
182 172 131 125 116 112 141 151 97 92 90 99 100 100 95 96 97 91 84 86 88 87 85 83 78 72 80 88 87 83 83 91 105 98 74 58 82 133 151 297 279 266 249 255 257 259 262 266 260 268 276 283 284 288 286 284 281 281 274 273 271 272 276 280 274 289 273 274 283 297 310 322 332 330 326 329 338 341 339 337 337 336 337 337 344 358 351 351 13 30 37 39 39 40 35 301
154 119 114 115 111 98 140 91 99 96 99 100 96 101 100 101 97 89 85 87 85 80 89 88 78 74 85 89 78 81 84 87 94 110 55 20 0 334 318 214 211 296 248 250 268 271 271 267 266 266 267 271 272 276 282 286 284 284 286 278 273 271 274 276 275 274 277 280 285 293 306 299 305 309 312 318 323 330 338 338 335 332 333 337 346 334 6 347 5 37 44 45 44 46 42 324
103 87 94 93 130 130 133 90 100 100 102 108 111 114 105 106 97 81 72 73 78 87 98 91 75 77 87 88 83 84 86 85 77 68 37 357 308 277 291 315 316 302 293 252 252 256 261 264 266 277 276 274 269 267 272 272 268 266 270 265 271 276 273 271 268 278 284 286 296 300 309 317 314 295 302 311 308 312 326 333 336 333 331 336 343 318 11 7 2 49 56 54 50 49 51 45
111 107 85 83 118 121 126 94 101 103 107 110 113 113 101 99 84 66 71 85 96 103 99 83 70 79 87 90 90 89 84 74 64 50 56 107 251 272 264 270 296 290 282 282 284 283 266 265 284 284 281 282 270 281 277 276 274 274 263 259 269 265 272 275 276 277 278 278 280 284 283 299 307 306 304 315 313 316 319 324 332 335 335 338 342 334 287 22 26 64 76 67 58 51 51 53
91 75 76 90 99 118 91 102 102 104 109 112 110 104 95 83 72 77 96 106 110 104 90 71 73 90 94 91 90 90 80 69 60 53 62 82 294 272 265 262 271 283 281 276 272 267 272 278 282 272 282 282 284 282 278 260 258 277 279 277 251 277 273 246 246 242 240 239 239 240 236 235 231 232 243 260 301 324 325 332 325 330 337 343 350 354 340 290 26 53 78 78 66 55 51 52
97 106 102 128 121 119 102 107 107 111 112 107 111 103 80 60 77 84 99 109 107 95 78 69 84 98 93 85 85 90 79 67 61 55 56 62 30 279 270 258 255 264 270 264 253 254 260 265 270 276 276 276 283 283 279 280 278 275 261 252 250 247 244 248 253 260 264 265 278 263 278 276 270 269 275 262 267 280 319 337 332 322 331 344 357 9 13 2 320 44 71 81 72 62 57 55
101 109 130 111 100 89 105 104 108 111 100 94 64 62 62 64 74 65 87 99 93 82 73 77 91 96 84 78 84 91 75 62 52 47 54 58 38 324 286 271 261 253 245 244 246 253 262 270 275 275 272 272 276 275 269 261 254 255 256 260 261 257 257 266 271 285 302 314 318 318 319 318 316 316 319 317 302 303 300 341 337 329 326 340 1 22 35 37 26 27 87 85 45 68 38 37
98 105 105 98 94 90 96 100 102 97 130 54 56 73 74 67 44 69 95 98 94 86 83 80 88 88 76 77 90 91 74 61 55 50 48 44 36 36 19 297 270 341 315 287 271 253 262 268 276 282 274 261 258 257 255 253 258 257 262 266 267 271 272 276 281 295 304 317 330 326 322 331 330 327 327 326 335 318 310 309 357 340 326 332 8 39 55 57 54 50 97 97 80 69 39 73
103 109 119 90 88 85 81 85 80 114 48 57 69 73 66 57 59 94 105 105 101 88 80 72 72 74 71 81 89 81 68 60 57 54 50 49 28 1 343 354 4 359 356 330 279 268 270 269 267 258 259 259 265 267 265 262 260 266 272 278 281 279 279 281 285 288 315 325 319 336 346 351 350 334 331 334 350 336 324 317 324 346 329 333 17 54 70 75 77 83 322 116 88 73 73 77
99 101 108 88 87 83 110 56 55 45 60 68 77 74 75 90 145 160 111 105 95 80 64 53 58 64 75 85 86 77 68 65 66 55 59 62 26 360 348 327 17 356 17 14 293 286 278 269 267 265 262 264 272 274 270 271 276 275 276 277 275 276 277 277 280 286 296 310 327 336 345 335 331 330 331 333 349 353 348 326 320 347 333 344 30 59 70 79 88 97 111 118 101 52 80 81
97 98 96 84 109 103 112 49 64 61 70 78 84 92 111 152 155 153 109 99 85 62 45 49 63 70 84 86 81 78 74 69 77 58 67 75 20 359 354 352 6 35 20 11 303 286 275 277 270 268 268 273 279 281 279 280 282 279 275 273 272 272 273 272 271 271 276 290 304 311 309 304 320 322 319 326 331 348 324 321 319 309 334 345 44 61 68 77 85 90 95 104 48 100 57 57
