examples/cougarCreek-fire/createInputs/farsite/7a-cougarCreek-polygonIgnit/cougarCreekFire_08-11-2015_2300_217m_non_neutral_stability_vel.asc
ncols	146
nrows	140
xllcorner	610065.000000
yllcorner	5095217.000000
cellsize	216.586807
NODATA_value	-9999.000000
[rows 102 to 135 of 140, columns 0 to 76 of 146]
6.53 6.49 6.50 6.52 6.71 6.77 6.93 7.05 7.23 6.97 7.15 7.44 7.45 7.55 7.47 7.66 7.89 7.91 12.54 8.09 11.34 8.06 8.44 8.84 9.16 9.27 9.21 11.17 9.32 9.78 10.01 10.20 8.74 9.06 9.55 8.37 6.28 6.23 7.42 10.75 12.46 11.52 11.12 10.57 6.25 12.09 6.57 6.87 12.73 13.39 13.56 13.21 13.15 13.56 20.30 19.85 20.59 20.37 18.44 13.88 13.78 13.70 13.73 13.88 14.05 14.01 13.95 14.17 14.37 14.24 13.99 13.93 14.00 14.03 19.27 14.15 14.16
6.63 6.53 6.50 6.52 6.46 6.69 6.77 6.75 6.84 6.83 6.98 7.15 7.19 7.33 7.34 7.51 7.75 7.81 7.93 7.80 7.84 8.10 8.41 8.86 9.00 9.08 9.32 10.49 8.30 9.75 8.19 8.91 8.59 8.46 8.69 9.02 8.04 8.87 10.33 11.74 12.92 11.67 11.32 11.49 6.60 6.67 6.72 12.27 7.55 8.24 13.59 13.43 13.42 13.65 17.75 18.03 18.02 18.19 13.85 13.97 13.79 13.70 13.77 13.87 14.02 14.02 13.98 14.13 14.24 14.27 14.11 13.97 14.14 14.14 19.09 14.07 18.66
6.11 6.33 6.24 6.30 6.32 6.50 6.83 6.53 6.52 6.76 6.83 6.96 7.22 7.30 7.11 7.53 7.61 7.78 7.63 11.03 7.74 8.08 8.40 8.69 9.81 8.92 9.13 10.67 8.14 8.50 10.46 9.43 8.51 8.51 8.63 10.79 9.95 8.74 8.83 8.91 8.80 10.05 7.89 6.32 6.97 11.98 12.03 12.20 7.60 7.59 7.00 9.33 13.76 13.92 13.64 17.19 17.34 13.33 13.83 14.03 18.17 18.11 13.77 13.92 14.03 14.01 14.03 14.13 20.72 19.29 19.84 19.67 14.24 19.68 19.20 14.05 14.14
5.85 5.93 6.04 6.15 6.19 6.25 6.48 6.43 6.35 6.54 6.73 6.94 7.24 6.93 7.13 7.47 7.47 7.68 7.44 11.17 7.39 8.01 8.28 8.52 9.49 8.78 9.11 12.17 8.29 8.75 10.38 8.20 8.39 8.77 9.01 11.13 8.95 10.72 11.08 6.16 6.36 8.15 6.13 6.29 11.90 7.44 12.03 12.19 8.09 8.87 13.19 13.43 13.93 14.32 14.02 17.00 12.74 13.27 13.78 14.02 18.04 17.94 18.21 19.11 21.07 20.95 20.84 19.37 20.49 19.46 19.42 19.43 19.50 14.39 14.28 14.14 14.12
5.67 5.79 6.02 6.14 6.17 6.28 6.46 6.35 6.26 6.51 6.79 7.04 7.03 6.83 7.21 7.26 7.21 7.56 7.33 7.34 7.42 7.87 8.25 10.85 8.35 8.65 9.15 11.90 8.57 8.38 8.60 8.48 9.29 9.19 9.69 9.97 5.78 10.78 11.05 6.68 11.20 8.53 6.11 11.60 6.39 6.59 6.79 7.74 12.56 9.11 13.02 13.23 13.85 14.68 14.61 16.23 12.50 13.20 13.72 13.97 18.31 18.53 20.67 19.58 19.79 19.78 19.64 20.61 19.54 19.42 19.55 19.43 19.48 19.33 14.43 14.35 19.86
5.60 5.71 5.93 5.87 6.17 6.26 6.34 6.30 6.20 6.37 6.56 6.87 6.70 6.78 7.05 7.05 7.12 7.43 7.23 7.24 7.29 7.72 7.95 9.05 8.19 8.51 9.45 10.22 7.22 7.54 7.07 10.15 10.30 9.27 9.29 6.65 10.44 10.89 11.03 9.52 8.31 6.76 5.93 6.07 6.21 6.38 12.04 12.16 6.86 5.81 6.04 6.24 9.56 12.59 17.81 17.06 16.18 13.16 13.68 18.11 19.00 19.84 18.86 19.15 14.18 19.46 20.75 20.68 19.33 19.46 19.41 19.31 19.52 19.53 19.31 14.52 14.40
5.58 5.62 5.75 5.85 6.16 6.44 6.52 6.25 6.20 6.13 6.27 6.49 6.54 6.76 6.79 6.93 6.98 7.01 7.12 7.39 7.22 7.68 8.07 8.05 8.16 7.43 8.82 8.08 7.56 8.98 8.86 11.05 10.59 8.26 6.15 10.13 10.40 5.75 11.22 11.94 6.66 5.71 5.87 6.00 6.28 11.94 6.61 6.43 6.61 5.41 5.91 5.80 6.54 6.83 19.95 20.58 17.37 13.33 17.53 18.53 20.05 18.59 18.90 13.95 18.72 19.48 19.52 19.49 19.56 19.57 20.26 19.27 19.40 19.40 19.58 19.54 19.22
5.63 5.60 5.64 5.83 5.92 6.17 6.42 6.18 6.11 5.87 6.17 6.45 6.48 6.62 6.61 6.90 6.80 6.88 7.01 7.08 6.86 7.35 7.82 9.47 7.91 9.14 8.99 7.70 9.62 10.19 9.86 10.65 9.47 6.55 9.95 10.09 10.39 8.24 11.86 9.77 5.65 5.61 5.36 5.75 6.09 6.54 12.04 12.11 12.36 12.57 12.61 5.70 6.20 8.61 14.58 20.51 18.37 17.54 18.09 18.66 19.70 18.55 18.04 13.99 18.62 19.42 19.13 19.71 19.48 19.57 19.15 19.42 19.09 18.45 18.39 19.15 19.29
5.82 5.80 5.59 5.68 5.77 5.86 5.62 6.16 6.07 5.76 6.03 6.37 6.42 6.41 6.49 6.82 6.63 6.67 6.98 7.07 7.25 7.59 9.83 7.74 7.84 8.87 9.54 8.35 10.51 9.95 9.21 8.61 5.44 9.55 9.84 10.06 5.68 10.40 10.25 5.98 5.39 5.57 6.05 5.62 5.75 5.99 6.64 12.20 8.71 12.46 9.00 9.32 9.38 10.02 14.29 13.96 17.29 18.24 19.83 20.07 20.57 18.19 18.44 13.95 20.11 19.80 20.63 19.23 19.46 19.39 19.45 19.76 19.28 19.03 18.91 19.48 19.35
5.55 5.96 5.50 5.53 5.69 5.90 5.96 6.31 6.28 5.62 5.93 6.24 6.25 6.32 6.49 6.61 6.13 6.79 7.03 7.08 7.23 7.48 7.52 7.48 7.63 7.97 8.25 8.41 9.68 8.45 8.81 8.95 9.28 9.50 9.73 10.02 9.58 10.47 6.86 5.11 10.74 5.85 5.17 5.33 5.54 5.54 6.12 6.94 8.18 12.41 9.02 9.73 10.16 11.93 14.22 16.20 18.34 20.96 20.51 20.42 20.16 19.80 20.39 19.18 19.98 19.92 20.15 20.15 20.32 19.53 19.78 19.62 14.37 14.22 14.36 14.55 19.45
5.55 5.54 5.53 5.53 5.64 5.78 5.82 6.08 6.40 5.79 5.91 6.11 6.09 6.39 6.58 6.44 6.48 6.88 7.11 7.12 7.09 7.49 7.51 7.28 7.44 7.73 8.07 8.22 8.24 7.12 8.61 8.90 6.05 6.52 6.13 9.42 10.24 7.88 5.73 5.44 4.89 4.87 5.18 5.30 5.24 5.88 6.13 6.45 5.57 6.92 7.12 6.43 6.46 6.53 8.29 20.60 20.57 20.50 20.68 20.38 20.05 19.79 19.46 18.95 19.21 19.11 18.72 19.10 19.14 19.53 19.54 19.12 19.21 19.53 19.67 19.48 19.28
5.64 5.62 6.12 5.86 5.64 5.72 5.79 5.86 5.98 6.47 5.75 6.01 6.11 6.58 6.62 6.49 6.26 6.71 7.32 7.44 6.97 7.34 7.31 7.18 7.26 7.57 7.93 8.10 7.76 7.28 8.56 7.55 8.19 6.75 7.90 10.53 8.73 6.31 6.15 5.89 5.69 6.21 5.04 5.41 6.31 11.56 6.08 6.18 4.86 4.91 5.31 4.94 6.08 8.20 12.01 17.39 20.19 20.47 20.94 20.47 19.99 19.49 19.21 18.93 19.05 19.03 18.91 18.70 18.88 19.03 18.87 18.58 18.34 18.31 18.93 19.06 18.49
6.11 6.16 5.64 5.66 5.71 5.81 5.89 5.91 5.94 5.88 5.70 6.06 6.22 6.59 6.47 6.56 6.55 6.79 7.21 7.27 7.39 7.22 7.44 7.09 7.65 7.53 7.84 8.00 8.23 8.39 8.67 8.39 8.87 7.15 9.87 9.73 6.73 5.73 10.13 7.13 10.36 5.44 5.31 11.22 11.42 11.60 11.59 5.96 6.44 5.82 5.40 6.47 8.13 10.00 12.66 13.97 17.12 18.84 20.05 20.25 19.29 18.83 18.77 18.79 18.96 18.89 18.76 18.90 18.99 19.07 19.02 19.06 18.93 18.56 18.47 18.31 17.61
5.75 5.72 5.71 5.79 5.75 5.99 6.17 6.15 5.96 5.97 5.88 6.21 6.39 6.28 6.32 6.41 6.69 6.97 7.13 7.37 7.29 7.08 7.08 7.41 7.70 7.60 7.82 7.93 8.04 8.32 9.95 8.41 6.59 7.99 9.94 7.98 6.01 9.83 8.23 7.43 10.17 4.36 10.82 5.58 5.62 5.98 6.28 4.79 5.62 5.91 6.23 7.87 9.03 10.97 13.08 13.62 14.00 15.05 17.56 19.29 18.71 17.83 17.92 18.81 19.17 18.75 18.62 18.79 19.08 19.32 19.25 19.31 19.09 18.61 18.25 18.01 17.79
5.76 5.77 5.80 5.93 6.45 6.48 6.62 5.91 5.98 6.23 6.07 6.29 6.27 6.25 6.36 6.49 6.53 6.72 7.25 7.39 6.97 6.95 6.84 7.50 7.33 7.80 7.75 7.88 7.95 8.35 8.43 8.24 8.52 8.91 8.00 5.75 9.45 7.73 8.83 6.48 10.07 10.26 5.30 5.85 6.37 6.48 6.18 6.20 5.62 5.95 6.65 8.51 10.73 11.92 13.30 14.10 13.61 14.26 15.21 17.64 18.46 17.93 17.52 18.50 19.22 19.18 19.15 19.14 19.19 19.17 19.05 19.19 18.74 18.39 17.87 17.68 14.52
5.78 5.79 5.86 6.01 6.01 5.94 5.95 6.00 6.70 6.05 6.22 6.25 6.29 6.33 6.37 6.40 6.77 7.09 7.09 7.22 6.96 6.74 6.70 7.57 7.88 7.95 7.59 7.81 8.06 8.44 8.32 8.06 8.21 8.62 8.85 6.23 8.72 9.02 7.77 5.71 9.99 10.14 4.54 5.00 6.21 7.06 7.18 5.85 5.94 7.20 8.37 10.98 12.28 12.43 13.09 14.03 14.17 14.52 14.89 16.59 17.85 17.58 17.26 17.87 18.42 18.85 19.29 19.46 19.08 18.40 18.50 18.95 18.69 18.33 18.01 17.79 14.52
5.82 5.81 5.93 5.90 6.07 6.12 6.42 6.06 6.75 6.12 6.33 6.42 6.63 6.46 6.26 6.33 6.75 6.93 6.85 7.12 7.32 6.64 6.66 7.05 7.97 7.88 7.43 7.79 8.12 8.34 8.16 7.78 8.09 8.46 8.85 7.82 9.32 8.63 6.00 9.71 9.87 10.05 5.44 6.09 7.48 8.82 8.28 6.64 8.28 8.90 8.88 11.85 12.69 12.47 13.14 13.07 14.77 14.96 13.46 16.29 13.64 17.06 13.67 16.90 17.42 17.85 18.53 19.45 19.20 18.36 17.88 18.91 18.84 18.65 14.41 14.43 14.48
5.87 5.90 5.99 6.13 6.17 6.76 6.20 6.11 6.11 6.15 6.37 6.81 7.30 6.98 6.14 6.36 6.60 6.76 6.72 7.05 7.06 6.72 6.81 7.28 7.85 7.53 7.60 7.80 8.01 8.14 7.86 7.76 8.50 8.46 8.70 8.71 8.87 9.02 9.24 4.61 9.84 5.33 6.11 7.37 8.52 8.57 7.75 7.98 9.04 9.33 9.75 11.66 12.50 12.67 12.84 12.97 13.11 13.11 13.25 13.48 16.37 13.50 16.38 13.83 17.20 17.59 17.88 18.81 19.46 18.89 17.80 17.74 18.37 18.60 14.56 14.47 14.35
5.94 6.03 6.09 6.15 5.98 6.82 6.73 6.13 6.14 6.15 6.31 6.51 6.53 6.43 6.26 6.34 6.47 6.52 6.76 6.86 6.80 7.10 6.81 7.15 7.32 7.44 7.86 7.74 7.76 8.21 8.09 7.95 8.40 8.70 8.63 8.74 8.72 8.96 9.19 9.50 9.74 6.50 6.83 7.38 7.68 7.09 7.49 8.73 8.97 8.86 9.91 11.08 12.51 12.64 12.80 12.88 13.00 13.06 13.09 13.24 13.47 16.21 16.39 16.36 13.90 16.97 18.17 18.11 19.32 19.17 18.17 17.10 17.15 17.56 18.06 14.51 14.39
5.98 6.15 6.69 6.10 6.33 6.98 6.89 6.75 6.20 6.20 6.29 6.50 7.29 6.53 6.48 6.34 6.34 6.53 6.80 6.84 6.97 7.12 6.70 6.93 7.33 7.72 7.74 7.54 7.68 8.34 8.09 8.18 8.33 8.08 8.54 8.43 8.57 8.85 9.10 9.44 6.92 7.43 6.68 6.36 5.96 6.17 7.72 8.89 8.84 8.62 9.72 10.49 11.40 12.59 12.73 12.82 12.92 13.01 12.98 13.02 13.32 15.10 15.91 15.72 15.30 15.47 17.69 17.66 18.40 19.39 18.38 17.59 17.67 18.05 14.63 14.56 14.47
5.99 5.95 6.24 6.14 6.48 6.74 6.72 6.12 6.30 6.33 7.14 6.48 6.60 6.58 6.63 6.54 6.26 6.47 6.84 6.90 6.97 6.77 6.91 7.21 7.74 7.85 7.39 7.18 7.51 7.99 8.14 8.11 8.29 8.48 8.41 8.17 8.43 8.74 9.01 6.39 9.62 7.11 5.74 5.73 5.56 6.41 8.57 9.07 8.85 8.35 9.00 9.92 12.38 12.52 12.64 12.76 12.88 12.97 12.92 12.88 13.15 13.50 16.21 15.41 14.75 14.84 14.10 16.52 16.59 18.68 18.63 18.57 14.35 14.61 14.66 14.55 14.45
6.03 6.14 6.90 6.17 6.55 6.24 6.66 6.09 6.41 6.51 6.41 6.44 6.59 7.14 7.47 6.67 6.24 6.40 6.85 7.02 6.94 6.81 6.97 7.25 7.81 7.84 7.03 7.09 7.55 7.95 7.86 7.71 7.92 8.12 8.22 8.06 8.27 8.60 8.92 9.35 9.43 6.73 6.19 6.22 6.03 10.82 10.91 8.88 8.19 7.60 7.91 9.69 12.30 12.44 12.56 12.68 12.83 12.93 15.95 12.85 13.02 13.40 15.94 15.23 13.46 13.68 13.94 16.07 16.40 17.44 17.93 18.08 18.05 14.53 14.65 14.63 14.50
6.10 6.18 6.33 6.75 6.27 6.28 6.22 6.26 6.54 6.63 6.46 6.39 6.57 6.68 6.80 6.71 6.21 6.39 6.85 6.87 6.93 7.09 6.92 7.20 7.62 7.69 6.79 6.99 7.53 7.91 7.82 7.94 7.96 8.02 7.91 7.96 8.12 8.44 8.76 8.98 9.11 6.38 6.26 6.45 10.35 8.80 10.75 8.21 7.58 7.60 8.41 12.08 12.21 12.38 12.52 12.64 12.77 12.87 12.88 12.83 12.95 13.22 13.26 13.21 13.27 13.40 13.72 13.96 17.15 17.37 17.11 16.60 14.07 14.30 14.54 14.68 14.53
6.19 6.17 6.20 6.28 6.89 6.33 6.33 6.35 6.57 7.45 6.58 6.44 6.56 6.69 7.16 6.78 6.32 6.43 6.84 6.82 6.94 6.76 6.88 7.24 7.22 7.23 6.78 7.04 7.95 8.16 7.80 7.78 7.78 7.69 7.59 7.91 8.02 8.28 8.50 8.73 8.90 9.13 5.81 9.95 10.17 10.41 10.60 8.12 8.04 8.77 11.73 11.98 12.10 12.31 12.50 12.63 12.77 12.82 12.80 12.81 12.94 16.81 17.56 17.52 17.27 13.35 13.46 13.79 19.08 18.86 17.70 13.78 13.88 13.95 14.22 14.58 14.60
6.25 6.24 6.23 6.34 6.26 5.80 6.44 6.47 6.54 6.79 6.71 6.51 6.51 6.63 6.79 6.86 6.55 6.44 6.74 6.81 6.95 7.04 6.78 6.71 6.76 7.16 7.20 7.42 8.02 8.00 7.74 7.69 7.50 7.37 8.20 7.76 7.93 8.09 8.36 8.65 8.80 9.02 9.52 9.81 10.03 10.24 10.47 10.59 10.85 11.17 11.48 11.79 11.94 12.15 12.40 12.59 12.75 12.80 18.04 12.95 18.89 13.20 13.11 18.72 13.03 13.18 17.49 13.50 14.22 18.79 13.46 13.58 13.78 13.67 13.82 14.32 14.63
6.31 6.33 6.29 6.38 6.49 6.78 6.79 7.23 7.11 6.88 7.25 6.58 6.49 6.61 6.78 7.49 6.69 6.36 6.62 6.85 6.93 6.98 6.61 6.65 7.28 7.38 7.56 7.80 7.99 7.60 7.60 7.60 7.38 7.23 8.16 7.65 7.81 8.01 8.29 8.51 8.59 8.89 9.39 9.56 9.88 10.15 10.39 10.48 10.65 11.01 11.33 11.55 11.82 11.99 12.24 12.38 12.70 12.80 12.83 12.86 12.90 13.03 13.11 18.44 12.99 18.44 18.04 13.14 14.03 16.50 13.20 13.30 13.71 13.63 13.49 13.97 14.47
6.42 6.40 6.37 6.44 6.53 6.50 6.51 6.54 6.55 6.50 6.60 7.45 6.57 6.61 6.75 6.86 6.67 6.36 6.59 6.86 6.88 6.96 7.10 7.06 7.16 7.35 7.42 8.03 7.50 7.47 7.42 7.34 7.11 7.82 7.36 7.61 7.87 8.05 8.09 8.25 8.44 8.77 8.98 9.23 4.99 10.02 10.21 10.21 10.43 10.81 5.29 11.37 11.75 11.96 12.20 12.46 12.66 12.86 12.95 12.89 12.89 13.00 13.09 13.08 13.04 18.53 17.90 13.52 13.74 13.55 13.26 13.21 13.58 13.70 13.48 13.72 14.27
6.55 6.45 6.39 6.44 6.46 6.48 6.49 6.50 6.47 6.44 6.57 6.76 6.69 6.59 6.67 6.72 6.63 6.45 6.61 6.87 6.88 6.94 7.09 7.13 7.23 7.27 7.38 7.84 7.38 7.33 7.33 7.47 7.60 7.77 8.10 7.56 7.73 7.77 7.86 8.07 8.35 8.63 8.90 9.22 9.51 9.83 9.98 4.74 10.27 10.61 5.88 11.33 11.57 11.91 12.17 12.44 12.70 12.94 13.03 12.96 12.90 12.92 13.13 13.25 13.42 18.44 18.17 18.44 13.85 13.67 13.50 13.46 13.55 13.71 13.64 13.61 13.94
6.70 6.48 6.38 6.44 6.46 6.49 6.50 6.51 6.51 6.53 6.61 6.77 6.75 6.58 6.59 6.65 6.65 6.53 6.65 6.92 6.91 6.91 7.04 7.07 7.09 7.17 7.25 7.67 7.24 7.23 7.28 7.44 7.55 7.70 7.30 7.47 7.51 7.62 7.77 7.95 8.24 8.53 8.83 9.12 9.41 9.73 9.78 9.99 10.23 10.60 10.87 5.75 6.43 11.75 12.07 12.41 12.74 13.02 13.15 13.13 12.96 12.82 13.04 18.93 18.87 18.56 18.39 13.70 13.81 13.77 13.54 13.39 13.44 13.61 13.70 13.62 13.72
7.20 6.57 6.37 6.44 6.48 6.52 6.54 6.56 6.58 6.61 6.67 6.76 6.75 6.62 6.62 6.69 6.68 6.62 6.78 6.99 6.97 6.94 7.01 7.05 7.09 7.17 7.19 7.20 7.18 7.21 7.30 7.47 7.55 7.69 7.25 7.63 7.57 7.60 7.71 7.88 8.16 8.44 8.95 9.24 9.49 9.67 9.73 9.86 4.70 5.08 5.19 5.31 5.68 6.76 12.00 12.28 12.66 13.00 13.22 13.34 17.56 18.14 18.24 18.48 18.36 17.98 17.88 13.57 13.68 13.78 13.56 13.42 13.48 13.57 13.74 13.70 13.63
7.34 7.09 6.40 6.42 6.50 6.56 6.58 6.61 6.64 6.68 6.73 6.78 6.78 6.73 6.73 6.77 6.75 6.74 6.89 7.05 7.05 7.03 7.04 7.04 7.13 7.22 7.18 7.16 7.19 7.26 7.37 7.52 7.58 7.73 7.20 8.25 8.36 7.73 7.71 8.66 8.91 9.15 8.84 9.09 9.39 9.68 9.58 9.77 10.10 10.43 10.63 10.92 11.20 5.58 6.21 7.22 8.50 12.89 13.17 19.54 18.75 17.78 17.86 17.25 17.07 13.12 13.23 13.41 13.47 13.59 13.50 13.43 13.44 13.61 13.79 13.75 12.99
7.50 7.22 6.46 6.40 6.48 6.59 6.63 6.68 6.71 6.75 6.80 6.84 6.84 6.83 6.83 6.84 6.85 6.84 6.92 7.08 7.13 7.13 7.08 7.04 7.16 7.25 7.18 7.15 7.21 7.32 7.39 7.47 7.59 7.82 8.14 8.38 8.47 8.49 7.80 8.60 8.83 8.57 8.71 9.03 9.28 9.49 9.45 9.64 9.96 10.19 10.39 10.76 11.11 11.45 6.02 6.15 6.59 7.39 13.05 13.26 17.44 17.75 18.05 17.87 17.35 12.95 13.05 13.36 13.44 13.42 13.36 13.23 13.17 13.31 13.55 13.59 13.61
7.77 7.34 6.96 6.39 6.42 6.56 6.64 6.75 6.80 6.83 6.86 6.89 6.90 6.89 6.90 6.91 6.92 6.92 6.93 7.08 7.23 7.22 7.13 7.06 7.16 7.23 7.19 7.18 7.23 7.32 7.33 7.38 7.66 8.08 7.83 7.97 8.51 8.46 8.43 8.25 8.25 8.43 8.63 8.89 9.16 9.31 9.36 9.53 9.75 9.98 10.28 10.68 11.02 5.47 5.46 11.76 12.15 12.62 12.88 12.99 12.85 17.03 17.38 17.78 17.68 17.12 12.83 13.09 13.41 13.41 13.37 13.24 13.03 13.05 13.27 13.31 13.27
7.97 7.59 7.15 6.42 6.29 6.48 6.77 6.96 6.98 6.90 6.89 6.94 6.94 6.94 6.95 6.97 6.98 7.00 6.98 7.08 7.30 7.31 7.17 7.08 7.14 7.22 7.22 7.21 7.23 7.28 7.27 7.35 7.07 7.68 7.54 8.12 8.80 8.39 8.29 8.40 8.13 8.33 8.54 8.78 9.10 9.24 9.37 9.48 9.69 9.84 10.08 10.62 6.57 5.44 11.30 11.58 11.92 12.36 12.66 12.72 12.65 12.65 12.83 12.96 17.35 17.38 12.89 12.92 13.11 13.28 13.38 13.30 13.22 13.27 13.26 12.55 12.55
