examples/cougarCreek-fire/createInputs/farsite/7a-cougarCreek-polygonIgnit/cougarCreekFire_08-12-2015_1000_217m_non_neutral_stability_vel.asc
ncols	146
nrows	140
xllcorner	610065.000000
yllcorner	5095217.000000
cellsize	216.586807
NODATA_value	-9999.000000
[rows 102 to 135 of 140, columns 0 to 77 of 146]
18.45 19.15 17.14 11.84 14.62 27.79 16.95 29.87 24.44 34.14 15.17 30.10 29.37 26.92 24.79 20.41 11.95 15.44 15.97 13.59 5.11 18.78 16.00 4.04 2.91 1.89 13.17 13.25 10.38 3.76 4.50 4.64 5.20 5.73 5.86 5.68 5.26 4.42 3.08 1.11 1.76 0.69 2.23 2.86 2.59 2.86 3.07 2.62 1.70 1.40 2.28 2.64 2.70 2.75 3.10 3.68 4.43 5.24 5.92 6.46 6.92 7.28 7.52 7.91 8.56 9.26 13.48 13.26 13.86 15.50 16.13 16.68 16.52 17.85 19.07 20.64 21.65 21.11
17.18 18.87 20.10 16.34 30.92 14.40 29.47 29.37 29.46 19.01 17.65 28.50 14.36 23.60 29.87 23.17 12.12 16.61 10.91 13.67 22.30 5.33 16.05 8.37 16.28 14.77 14.15 14.06 8.36 2.97 9.76 7.65 4.76 5.29 5.67 6.17 6.46 6.32 5.60 4.46 3.32 2.22 2.66 3.54 3.22 3.20 3.73 3.59 2.69 1.85 2.39 2.92 2.67 2.24 2.25 2.75 3.53 4.43 5.32 6.08 6.75 7.42 9.17 8.50 9.10 11.83 13.32 13.15 14.98 16.67 17.66 17.61 15.70 17.65 20.31 21.63 22.80 26.09
15.47 16.74 19.26 18.62 13.19 29.09 14.65 23.17 34.24 18.34 19.12 18.00 27.18 27.53 14.81 22.10 19.32 18.38 11.51 21.20 9.74 18.55 16.47 5.53 18.59 16.22 16.83 17.32 12.62 10.73 13.94 9.60 3.84 4.30 5.03 5.91 6.87 7.42 7.20 6.33 5.23 4.14 3.76 3.97 3.77 3.73 3.91 4.04 3.78 2.70 1.99 2.37 2.65 2.34 2.06 2.52 3.33 4.18 5.10 5.91 6.62 7.44 8.39 9.25 9.84 12.60 13.09 14.35 12.23 12.88 19.08 19.66 19.95 19.17 19.52 20.37 21.80 23.48
16.29 16.46 18.27 18.72 16.48 11.95 32.81 13.42 14.96 25.88 18.28 19.46 18.35 34.69 17.10 16.10 21.52 19.03 12.04 21.53 22.44 8.91 8.82 23.10 24.69 9.35 17.07 8.54 17.08 13.55 1.57 2.00 2.70 3.19 4.00 5.02 6.08 6.90 7.24 6.93 6.07 5.24 4.88 4.83 4.32 4.41 4.46 4.13 4.42 3.65 2.80 2.70 3.11 3.19 2.25 2.47 3.59 4.44 5.18 5.96 6.80 7.66 8.50 9.23 12.93 13.92 15.70 11.46 11.97 12.47 12.93 20.77 20.69 20.56 19.86 19.71 20.48 20.91
15.73 16.90 18.65 19.21 18.68 16.84 14.23 12.04 31.05 14.32 29.22 17.33 29.91 27.53 16.67 17.03 24.27 20.62 13.35 19.07 22.39 17.97 17.14 10.10 11.52 20.06 11.04 10.85 22.03 7.66 5.70 3.27 1.37 1.68 2.82 3.86 4.86 5.89 6.56 6.82 6.42 5.72 5.31 5.27 5.15 5.14 5.13 4.69 4.83 4.59 4.11 3.91 4.02 4.83 4.39 3.70 4.67 5.21 5.66 6.33 7.15 7.89 8.35 8.62 9.05 9.75 10.45 11.00 11.51 11.91 12.21 12.71 13.23 21.14 20.12 18.97 17.31 17.48
16.41 15.82 17.72 19.59 19.94 19.60 18.48 15.46 11.35 13.23 27.58 31.06 33.46 14.75 32.35 29.28 15.94 15.39 14.73 13.19 21.22 17.09 8.81 22.52 11.01 10.12 23.55 24.78 9.07 9.15 8.09 6.00 3.06 0.65 1.88 2.46 9.38 8.38 5.71 5.56 5.92 5.77 5.62 5.49 5.67 5.84 5.83 5.66 5.53 5.54 5.12 4.69 4.55 5.93 7.24 6.72 6.15 6.03 6.20 6.69 7.33 7.89 8.24 8.59 9.13 9.81 15.98 16.99 18.46 19.17 20.29 21.07 21.85 21.86 20.78 19.08 18.86 20.02
14.80 12.56 14.43 17.80 19.45 18.90 18.49 17.80 14.97 32.41 14.75 33.37 14.44 30.91 30.45 27.87 23.61 22.37 21.92 21.47 22.55 11.41 14.75 20.56 19.89 22.09 19.94 20.02 8.80 19.12 7.48 6.46 19.53 2.96 0.17 10.10 3.05 3.56 3.68 4.05 4.88 5.48 5.63 5.71 5.76 4.49 6.15 6.20 6.48 6.46 5.95 5.62 4.83 4.92 6.44 7.22 6.94 6.71 6.70 6.91 7.38 7.97 8.55 9.20 9.79 14.24 17.20 19.03 20.00 20.38 20.97 12.60 21.85 22.16 21.98 21.91 21.74 21.91
15.35 12.32 13.66 15.36 18.39 18.89 18.09 17.86 16.74 14.78 16.55 16.48 32.78 32.50 32.78 30.18 14.15 24.40 24.44 23.71 22.36 19.44 17.66 25.18 17.03 22.33 22.98 8.53 7.60 21.42 5.30 20.82 6.24 6.00 13.83 2.43 9.34 3.01 2.72 3.20 4.35 5.33 5.50 5.71 4.92 5.85 5.87 6.30 6.93 6.90 6.67 6.69 5.18 3.06 3.47 5.20 6.55 7.10 7.31 7.51 7.93 8.62 9.46 10.23 10.76 11.03 16.64 18.40 20.37 12.21 21.50 12.01 21.89 12.30 12.68 22.42 21.65 21.21
15.35 14.49 12.09 14.30 16.20 18.91 19.32 18.84 18.22 17.08 18.64 17.33 35.21 17.36 17.21 30.54 27.16 27.08 12.16 28.47 22.02 23.53 26.44 23.63 19.31 18.57 23.47 18.27 21.47 22.14 19.67 6.66 17.66 17.72 16.98 15.12 12.16 1.99 10.42 2.59 4.00 5.03 5.39 5.11 4.80 3.59 5.91 6.58 7.10 7.04 7.09 7.11 5.86 3.57 3.22 4.67 6.36 7.50 8.09 8.53 9.11 9.82 10.53 11.23 11.85 12.22 16.38 16.95 19.28 20.53 21.02 19.61 18.89 20.68 20.89 19.63 19.96 19.52
13.54 14.20 13.40 11.20 11.97 15.54 18.44 19.49 18.81 16.62 17.83 18.73 19.35 18.11 33.05 34.35 17.64 16.59 15.27 14.50 14.59 12.38 9.77 24.34 19.32 20.48 19.85 23.26 23.87 8.77 16.85 9.57 16.05 16.86 18.42 18.57 7.07 4.44 3.01 10.67 9.31 7.72 6.58 5.58 4.66 4.02 6.33 6.74 7.21 7.24 7.43 7.63 6.77 5.40 5.55 6.64 7.43 7.89 8.40 8.95 9.59 10.28 10.82 11.29 11.65 20.33 20.36 20.19 20.27 20.09 20.12 17.90 16.33 16.62 17.85 19.77 20.61 20.41
12.34 13.20 13.61 11.53 10.74 11.09 12.17 15.84 18.94 19.44 32.60 19.37 31.32 33.55 30.92 35.78 19.26 20.00 19.71 18.44 16.20 13.64 11.98 24.00 17.88 18.23 20.40 11.94 12.54 21.85 20.32 19.41 20.34 11.02 19.97 18.98 10.80 9.61 16.70 13.53 11.54 9.19 8.17 6.79 4.94 6.79 7.20 7.44 7.77 8.02 8.36 8.82 8.33 7.58 7.76 8.11 8.25 8.34 8.50 8.93 9.56 10.13 10.60 10.85 10.92 11.29 11.94 12.50 22.51 22.71 23.21 23.16 22.31 22.95 21.82 21.75 21.49 22.28
12.24 12.71 13.58 13.17 10.96 8.43 8.73 10.72 14.75 18.18 17.23 30.01 27.81 27.33 31.37 34.01 17.82 19.55 20.69 20.24 18.02 16.70 14.07 24.41 18.40 18.46 21.22 22.82 22.24 22.85 21.99 21.25 20.30 11.13 10.44 10.43 11.21 20.96 20.81 17.80 14.78 12.74 11.00 7.72 4.69 7.38 8.03 8.47 8.82 9.18 9.75 10.22 9.93 9.17 8.84 8.60 8.73 9.18 9.49 9.80 10.21 10.53 10.71 10.65 10.54 10.67 10.96 11.36 11.91 22.79 22.57 12.50 23.76 23.90 23.60 23.24 23.71 23.92
12.26 12.47 12.90 13.45 13.52 12.48 10.69 9.62 11.59 13.30 29.56 15.85 17.13 34.26 35.42 31.12 15.92 15.60 16.18 17.48 17.00 16.85 15.44 24.00 18.36 18.52 21.25 21.23 22.15 23.57 23.22 22.66 11.49 10.62 20.60 9.98 20.54 20.62 21.40 21.35 18.88 16.49 11.92 5.95 6.98 8.17 8.62 9.08 9.85 10.35 10.94 11.32 10.95 10.07 9.30 9.02 9.20 9.75 10.31 10.87 11.29 11.24 10.83 20.52 20.54 20.93 21.33 22.14 22.44 23.27 23.48 23.06 22.97 23.05 22.91 24.19 24.15 26.92
11.99 12.59 13.40 14.04 15.28 16.56 16.67 15.31 13.53 11.21 10.48 13.79 32.71 35.72 20.47 17.98 17.76 16.18 15.24 15.92 28.11 31.67 27.62 23.46 17.70 17.69 24.62 19.87 20.57 20.76 28.28 19.89 18.92 19.06 9.85 10.08 19.26 19.91 11.42 22.73 21.67 19.08 15.84 12.83 10.94 9.16 8.88 9.26 10.49 11.32 11.76 11.96 11.61 10.87 9.80 9.12 9.07 9.69 10.29 10.61 10.77 10.75 10.51 10.14 19.42 20.93 21.88 22.60 22.97 21.85 22.27 21.77 21.52 23.98 22.74 23.45 23.77 23.42
11.24 12.15 13.52 14.25 14.86 15.25 15.91 17.03 17.54 16.51 13.83 13.06 33.68 32.65 19.48 20.75 19.85 17.93 17.65 17.40 17.49 29.59 24.69 22.21 20.78 27.75 21.84 20.37 19.87 26.14 26.56 18.64 17.90 18.69 10.21 20.03 19.60 20.62 11.18 21.76 21.24 20.96 20.12 19.10 18.11 16.47 10.24 10.44 11.25 12.07 12.40 12.44 12.14 11.52 10.45 9.49 8.94 8.76 8.97 9.17 9.44 9.74 10.02 21.10 20.22 20.59 21.10 21.35 22.04 22.07 23.82 22.86 24.01 24.23 23.61 24.02 23.03 22.16
10.47 11.01 12.18 13.07 13.47 13.36 14.12 16.19 18.37 19.69 18.51 12.91 11.01 16.80 19.46 20.60 20.41 20.43 19.95 19.55 19.75 31.78 27.78 23.10 23.51 14.96 22.92 22.79 21.75 24.29 27.27 19.16 18.62 19.30 19.62 19.52 12.14 11.36 21.09 20.38 20.17 19.83 19.45 20.10 20.84 21.63 20.16 13.20 12.82 12.87 12.76 12.69 12.41 11.83 10.97 9.95 9.22 8.44 7.92 8.06 8.76 9.50 21.09 10.59 20.72 21.61 21.68 21.16 22.10 24.89 25.15 24.17 24.62 24.34 23.97 22.50 23.78 23.71
11.40 10.28 11.31 12.49 13.64 14.85 15.86 16.58 17.94 20.24 22.04 22.10 21.25 18.96 30.10 18.62 19.99 20.11 20.28 20.56 20.44 29.23 18.52 22.29 18.06 18.53 22.65 22.84 27.41 24.80 22.37 21.55 20.47 20.93 21.70 22.23 22.35 21.82 20.87 19.28 19.42 19.09 19.08 20.45 23.24 16.15 24.36 20.84 14.92 13.81 13.15 12.82 12.43 12.06 11.41 10.58 9.77 9.06 8.56 8.23 18.63 20.03 9.94 10.26 21.64 23.16 22.45 21.69 22.94 24.95 24.62 23.02 23.86 23.54 23.36 22.44 23.08 23.62
11.13 10.49 11.52 12.76 13.98 15.36 16.71 17.39 17.62 17.94 19.45 21.24 21.65 19.66 17.14 28.78 18.44 19.54 33.71 19.92 35.32 29.48 29.79 18.47 18.20 28.84 25.91 26.84 26.25 29.57 22.06 24.21 23.05 22.44 22.92 22.86 22.68 22.24 20.06 18.70 19.00 19.64 19.79 20.76 21.01 22.27 22.56 22.72 22.70 14.45 13.69 13.03 12.52 12.29 11.74 11.06 10.30 9.65 18.53 19.14 19.54 20.04 21.77 21.46 22.18 22.92 23.26 22.51 22.39 23.78 25.07 25.66 25.75 24.07 23.19 22.76 24.84 25.91
10.38 11.17 12.71 13.82 14.90 16.11 17.01 17.34 16.89 17.38 15.91 16.38 17.24 17.55 16.91 17.89 30.74 31.45 30.99 33.18 33.93 18.98 30.11 30.22 27.81 26.37 30.60 29.34 21.56 21.24 24.20 16.23 24.51 23.00 23.95 23.59 23.52 22.02 20.09 19.60 20.51 21.69 20.50 19.84 19.55 19.12 20.25 22.41 22.07 21.22 21.00 13.41 12.75 12.34 11.90 11.22 19.50 19.69 19.85 19.73 19.83 21.03 21.01 22.04 22.87 22.96 22.98 25.72 23.66 23.24 25.88 26.02 25.70 25.66 25.21 25.54 25.80 25.41
10.89 11.10 12.72 13.70 15.01 16.02 16.28 16.11 15.88 15.89 16.17 16.55 17.40 18.27 18.25 15.89 30.21 30.46 28.14 33.27 32.60 30.77 27.40 30.12 31.41 32.65 32.49 28.12 24.93 16.57 32.96 24.74 24.97 24.16 25.24 24.60 22.78 21.83 21.69 20.63 23.31 22.75 20.69 18.92 18.46 18.66 19.99 21.44 21.00 20.66 21.70 22.17 21.55 21.11 20.92 20.76 20.73 20.61 20.76 20.63 20.05 20.72 22.07 22.53 11.48 12.24 23.62 25.79 23.83 23.59 24.27 26.25 26.48 26.26 24.22 25.56 24.23 25.65
11.02 11.07 11.93 13.67 12.41 12.00 14.27 14.06 14.87 16.21 18.63 17.94 18.58 19.51 20.31 20.60 18.62 30.09 20.39 39.10 33.18 33.28 32.25 32.65 21.28 19.79 36.55 26.82 22.74 16.83 29.29 24.29 26.02 26.33 26.94 25.81 23.75 23.22 23.28 23.53 25.38 23.64 20.64 20.05 19.55 20.14 22.18 22.21 21.14 20.27 21.10 22.41 23.38 23.69 23.19 22.56 21.98 21.69 21.28 21.73 20.49 21.33 22.47 23.74 11.75 12.12 25.22 26.29 26.67 25.14 24.36 23.95 24.53 24.50 24.52 26.01 25.93 25.96
11.96 11.26 11.15 10.99 11.75 11.02 12.49 12.59 14.27 16.19 18.34 18.11 18.35 19.29 20.66 22.23 22.45 30.15 26.19 38.54 34.42 34.45 34.59 34.63 22.73 22.74 34.29 21.94 21.94 21.06 22.21 29.24 29.17 27.63 27.34 26.23 25.25 25.40 25.15 25.05 25.07 23.19 22.36 22.18 21.63 22.04 23.35 22.37 21.22 19.87 19.89 21.79 24.46 25.20 25.09 23.55 22.46 22.15 21.78 22.27 21.34 21.19 21.39 23.42 22.99 11.71 12.25 25.84 26.62 28.32 28.45 27.61 27.32 26.68 27.24 27.12 25.73 24.71
11.79 10.67 10.06 10.72 10.12 11.97 12.94 13.08 15.09 16.59 17.47 20.15 18.64 19.56 20.10 20.76 22.30 23.48 29.02 24.96 35.20 34.51 35.57 35.71 24.22 25.46 24.66 24.80 24.52 23.57 21.96 32.28 29.59 26.35 26.71 25.92 25.13 25.10 24.83 24.54 24.42 23.66 23.47 23.47 23.78 23.96 23.26 22.39 21.23 20.77 20.77 22.46 23.09 24.10 24.63 24.12 23.07 22.00 21.65 22.19 21.54 21.13 22.72 22.81 22.80 11.37 11.88 25.16 27.12 28.18 29.55 30.55 30.33 29.87 29.16 26.83 25.83 24.90
11.48 10.84 9.96 9.80 12.19 12.68 13.62 14.06 16.12 17.43 18.28 19.00 19.53 20.10 20.70 20.97 21.99 23.73 24.31 27.35 24.61 36.59 36.46 35.85 36.06 35.25 26.50 26.71 39.48 26.05 24.32 33.23 28.82 27.53 24.35 23.84 24.99 24.68 24.43 24.09 24.62 23.76 23.80 24.70 24.73 23.67 23.14 23.02 21.93 21.76 21.32 22.06 22.04 21.29 21.89 21.73 21.61 21.19 20.88 21.45 22.01 21.59 22.80 22.96 24.15 24.24 24.37 24.41 23.72 16.47 28.96 30.31 29.60 28.46 28.44 27.71 25.71 24.31
11.85 11.53 11.01 11.71 12.59 13.98 15.18 16.47 17.37 17.73 18.54 19.56 19.45 19.52 20.72 22.25 23.41 43.71 23.13 38.59 32.01 40.16 37.48 34.35 26.70 34.73 37.78 38.98 37.07 36.91 25.29 23.40 31.37 26.66 24.76 25.10 26.77 26.29 26.41 27.68 26.19 24.93 25.23 25.41 24.48 24.07 24.49 24.49 22.77 21.33 20.12 20.05 19.65 19.06 18.91 19.51 19.50 9.66 10.24 10.88 11.74 12.15 12.49 13.02 14.02 14.73 24.37 15.89 17.74 18.74 29.92 30.17 28.50 27.12 15.47 26.39 26.04 23.19
10.86 11.31 13.23 13.48 15.09 16.59 16.81 17.79 19.88 16.93 16.61 17.81 21.10 19.53 20.73 22.40 23.57 24.31 34.47 36.01 36.93 41.36 36.72 36.85 30.45 38.58 43.67 44.49 28.20 27.48 35.51 39.02 32.18 27.98 25.88 25.09 26.72 27.81 28.14 27.68 26.35 25.02 25.74 25.12 24.39 25.73 26.04 24.57 22.61 20.64 19.72 19.18 18.75 9.60 8.95 9.13 9.95 11.01 12.21 13.18 13.71 14.15 14.76 15.40 16.08 16.77 17.61 18.57 17.24 15.10 27.78 27.30 26.98 26.48 24.90 28.64 25.87 23.19
12.25 12.52 13.19 14.91 15.86 13.50 13.23 15.79 16.39 16.06 14.14 15.96 18.24 19.68 20.23 20.53 21.25 22.97 22.81 34.48 40.79 36.73 38.26 40.60 42.15 41.90 42.90 30.73 29.00 26.31 36.76 36.52 33.76 27.79 25.87 27.39 29.60 31.49 29.54 27.92 26.10 23.87 23.84 24.17 24.90 27.20 26.89 25.08 20.48 19.47 18.29 17.20 16.09 15.08 14.16 13.41 13.12 13.54 14.55 15.43 16.18 16.83 17.38 17.83 18.11 18.22 18.35 28.54 28.24 12.11 12.45 26.99 26.65 26.39 25.74 28.60 25.49 22.91
14.39 13.97 13.89 15.21 14.98 13.68 13.54 13.29 13.86 14.06 13.72 15.99 17.74 21.42 18.20 17.86 18.90 20.81 22.90 23.30 41.64 36.48 38.89 46.00 47.65 47.34 44.10 32.72 29.39 27.53 40.04 34.97 32.63 28.07 25.07 28.27 31.42 30.39 29.26 28.83 26.77 27.12 27.56 28.10 28.15 27.48 26.38 24.98 23.67 22.87 22.79 22.90 22.47 21.50 20.23 18.66 17.05 15.83 15.68 17.14 19.51 21.15 21.52 21.26 20.87 20.30 19.35 17.82 16.08 14.92 14.84 15.35 14.71 25.34 26.06 26.89 26.67 24.15
17.33 16.17 14.50 14.30 15.40 14.69 14.52 14.30 14.26 13.40 15.07 17.98 19.46 19.45 19.39 17.40 20.91 20.70 22.74 25.01 26.31 39.95 38.47 45.85 47.05 41.12 49.03 40.84 29.71 41.17 39.43 37.15 35.53 31.68 28.11 28.59 31.14 31.64 29.98 30.39 30.96 31.81 32.43 32.47 31.95 31.08 30.00 28.65 27.53 26.87 26.81 26.92 26.74 26.18 25.31 24.30 22.76 20.63 19.27 21.27 25.15 26.90 26.36 25.12 24.14 23.26 22.20 21.22 20.37 19.25 18.09 17.33 26.45 15.55 25.32 26.29 26.63 26.03
20.40 17.92 15.16 14.65 14.37 14.30 15.01 15.15 15.30 16.38 17.35 17.20 20.15 19.71 20.45 18.97 20.19 23.33 24.63 26.90 27.99 27.94 40.92 45.76 44.02 47.13 40.51 39.24 27.94 41.97 38.48 36.39 36.38 32.74 33.08 35.08 34.81 31.78 33.75 35.30 36.30 36.88 36.61 35.63 34.59 36.09 34.92 31.24 31.13 30.76 30.21 29.89 29.88 30.30 30.65 30.54 30.13 29.72 29.93 31.72 33.98 33.28 30.39 28.21 27.00 25.87 24.78 23.64 22.47 21.14 19.73 18.43 17.49 25.03 24.45 25.96 24.96 24.24
23.48 19.87 15.61 14.59 13.62 14.27 14.44 14.78 16.36 17.20 18.49 17.60 20.02 20.59 20.56 25.34 21.78 23.70 25.77 27.22 28.09 28.84 28.78 48.21 40.86 45.10 43.72 48.02 45.26 39.13 36.73 36.39 35.08 31.01 27.53 26.88 31.42 35.49 38.77 40.34 40.45 43.20 41.42 39.01 38.16 37.36 33.25 33.01 32.85 31.95 31.18 31.14 31.76 33.12 34.71 35.93 36.98 38.24 39.58 39.94 39.28 36.79 32.94 29.97 28.09 26.46 25.49 24.42 23.70 22.70 21.42 20.41 19.38 18.46 17.57 16.65 24.34 15.56
25.89 21.15 15.81 14.46 13.29 13.40 13.91 15.54 15.91 16.99 17.89 18.62 19.12 20.63 21.06 22.07 22.99 35.99 25.49 26.61 27.70 28.93 29.65 47.25 42.74 33.52 45.19 44.29 41.94 39.06 39.35 37.54 28.78 27.98 32.32 37.71 42.15 44.71 44.34 47.95 46.43 45.14 40.81 35.54 38.54 38.16 33.84 33.52 32.61 31.22 30.58 31.23 32.71 34.64 36.98 39.42 40.95 41.50 40.70 38.40 36.92 35.82 33.90 31.65 28.92 26.79 25.66 24.74 23.77 22.94 22.06 21.40 29.83 28.67 27.14 24.65 17.69 23.59
26.31 21.04 15.17 13.49 11.65 11.87 11.85 14.07 16.56 17.89 18.72 19.31 19.95 21.55 21.85 23.60 23.79 26.36 25.69 26.84 28.28 29.49 30.41 31.32 44.52 33.71 33.62 47.92 44.27 43.46 41.86 30.84 30.99 37.26 44.88 49.23 50.81 50.07 47.05 53.92 46.57 42.76 36.07 36.45 36.42 35.48 34.50 33.71 32.86 32.12 31.71 31.61 32.67 35.40 38.25 40.12 40.21 38.19 34.96 32.13 32.01 33.20 33.50 32.59 30.58 28.15 26.54 34.69 24.88 24.00 22.58 20.85 27.32 29.61 28.56 27.88 27.44 18.09
26.78 20.59 14.53 12.58 9.66 9.69 11.08 15.89 19.52 19.47 19.16 19.68 21.14 22.29 23.24 24.37 24.27 25.46 26.68 28.13 29.70 30.46 30.66 30.55 44.62 44.94 33.44 48.64 44.44 42.01 33.41 34.13 40.13 48.69 52.91 52.11 50.16 46.73 42.12 51.28 44.45 36.79 36.99 37.53 41.19 36.04 34.88 33.97 33.55 33.37 32.79 31.84 32.44 35.45 37.44 37.06 35.01 31.51 28.62 27.90 28.90 30.47 31.35 31.60 31.26 29.85 28.01 26.78 25.99 25.08 23.58 26.03 24.04 23.94 18.82 26.79 27.61 17.66
