examples/cougarCreek-fire/createInputs/farsite/7a-cougarCreek-polygonIgnit/cougarCreekFire_08-11-2015_0000_217m_non_neutral_stability_vel.asc
ncols	146
nrows	140
xllcorner	610065.000000
yllcorner	5095217.000000
cellsize	216.586807
NODATA_value	-9999.000000
[rows 74 to 110 of 140, columns 0 to 81 of 146]
13.86 14.13 14.35 14.29 12.67 11.92 12.25 12.15 10.84 10.87 11.89 12.49 13.78 11.83 13.07 10.83 10.04 10.88 11.57 11.26 10.80 10.84 10.89 11.66 10.45 13.16 12.50 13.94 11.64 12.41 8.82 7.09 8.07 10.31 12.74 11.80 7.33 6.51 11.85 13.54 13.03 8.80 9.38 12.91 8.80 6.33 5.36 6.16 6.84 7.56 6.93 7.05 7.14 6.61 6.64 8.04 6.68 6.51 6.12 5.83 5.86 6.18 6.42 10.96 8.24 7.23 8.51 8.87 8.01 9.26 10.81 9.23 8.66 4.99 7.66 6.96 7.67 7.63 7.84 8.20 7.72 7.54
13.90 13.96 14.22 13.51 12.05 12.02 12.50 11.75 10.62 11.53 12.92 13.57 11.51 10.93 12.89 11.09 10.30 11.25 11.89 10.14 10.98 11.02 10.92 10.64 13.02 12.27 12.89 10.84 12.52 11.18 9.58 7.31 12.41 10.68 12.22 8.70 7.16 8.09 11.65 13.01 12.96 7.97 8.37 8.08 8.87 9.45 7.45 4.57 6.80 7.98 6.95 6.90 8.28 6.63 6.62 9.08 8.52 6.53 6.26 6.04 5.90 6.04 6.32 8.22 8.98 5.65 7.05 5.92 5.58 9.17 5.36 5.31 9.78 7.46 4.79 7.30 7.30 7.89 7.68 7.73 7.72 7.56
13.93 14.04 14.26 12.54 11.54 11.84 12.94 12.09 11.14 13.52 13.21 13.86 13.83 10.52 13.03 11.28 10.67 11.63 12.99 11.35 11.10 11.09 11.00 11.01 12.28 12.79 13.34 12.98 10.56 11.90 10.77 8.50 12.92 12.69 10.21 7.04 6.87 9.23 8.70 12.29 11.04 7.94 7.89 9.86 8.83 9.13 6.97 7.21 6.79 7.81 6.96 6.92 6.83 6.71 6.63 7.95 8.12 6.56 6.34 6.17 5.97 5.99 6.18 6.33 10.02 7.96 8.22 8.26 5.55 6.99 9.97 8.48 7.58 8.86 8.28 10.61 7.07 7.74 8.01 7.01 7.96 7.58
14.01 14.09 14.17 11.81 11.61 12.82 13.70 12.09 12.63 14.82 13.84 16.47 14.11 13.62 12.95 11.19 10.87 11.67 11.72 11.34 11.18 11.17 11.28 12.31 9.46 12.53 13.31 12.48 11.78 12.67 11.21 10.24 12.34 11.85 8.53 6.92 7.96 9.17 8.87 12.71 8.27 7.42 7.44 8.17 8.75 9.26 9.38 7.30 6.89 7.78 6.96 6.89 6.78 6.76 6.69 7.94 7.86 6.60 6.48 6.29 8.05 5.95 6.08 6.20 8.60 8.91 9.07 8.86 6.94 5.64 7.92 9.01 10.27 9.55 4.65 4.51 4.38 8.95 8.18 7.26 7.13 7.38
14.01 14.05 14.07 11.53 12.10 13.59 13.45 11.74 13.23 14.51 14.82 12.30 13.91 13.53 12.62 11.05 11.01 11.71 11.73 11.41 11.36 11.47 11.71 9.07 7.24 12.06 12.32 12.25 12.12 13.09 13.36 9.70 11.50 10.45 7.86 8.44 7.98 8.00 12.11 13.66 7.45 6.96 7.73 7.95 8.98 9.18 8.80 7.49 7.09 7.56 7.89 6.87 6.74 6.74 6.75 6.76 7.31 7.94 7.95 6.42 6.13 5.97 6.03 6.14 6.26 8.94 8.06 8.03 5.84 5.57 5.31 5.10 8.60 8.94 4.56 4.43 10.34 8.46 6.83 6.47 7.60 7.86
14.02 14.04 14.05 11.62 11.88 13.60 13.15 12.01 13.04 13.73 13.57 11.38 10.99 13.34 12.11 10.96 11.32 11.90 11.77 11.52 11.68 11.87 12.82 11.44 10.34 11.63 12.17 12.57 12.08 12.77 12.45 8.72 9.30 10.80 7.68 8.41 8.00 8.02 13.19 13.35 7.41 6.78 7.21 7.86 8.65 8.45 8.69 8.83 7.88 7.04 7.65 6.89 6.69 6.67 6.83 9.64 6.73 7.02 9.57 6.49 6.32 6.06 5.99 6.04 6.15 8.80 5.22 5.11 5.15 5.63 5.39 5.23 4.99 5.98 8.03 8.28 4.21 4.12 6.40 6.17 6.69 7.61
14.00 14.02 14.06 11.02 11.83 13.49 13.67 12.81 13.09 13.41 13.03 11.94 13.63 13.22 11.72 11.17 11.82 12.02 11.84 11.88 12.06 12.18 9.24 11.05 6.07 11.28 12.13 9.76 12.33 10.02 12.46 10.03 9.82 11.79 7.66 8.39 8.00 8.18 11.07 11.66 7.57 7.71 6.83 7.50 7.91 8.08 8.61 9.70 10.05 7.25 6.97 6.90 6.63 6.64 6.89 6.97 6.83 5.33 8.84 6.58 6.53 6.27 6.10 6.58 5.89 6.17 7.54 4.54 5.34 4.39 4.62 4.86 5.04 4.76 5.36 7.17 4.09 4.00 7.30 5.11 5.31 7.60
13.99 14.01 14.05 10.71 13.43 13.57 13.78 13.70 12.56 12.27 11.98 13.36 14.05 13.05 11.69 11.65 12.12 12.10 12.17 12.28 12.28 10.67 11.86 10.69 7.17 9.30 9.68 9.86 10.19 9.07 10.33 11.33 11.42 11.41 7.73 6.78 7.18 11.75 13.09 8.11 7.70 7.62 7.76 6.71 6.57 7.95 8.66 7.01 10.40 7.48 7.11 6.86 6.56 6.70 6.93 7.38 5.13 6.63 9.19 8.27 6.66 6.51 6.36 6.10 7.33 5.94 8.69 6.29 6.14 4.55 5.04 6.96 5.00 4.84 4.58 4.28 4.00 3.89 7.11 5.65 4.71 3.33
13.96 14.00 14.00 10.57 13.50 13.70 13.81 13.88 11.65 10.31 11.29 13.28 13.83 12.90 11.98 12.08 12.25 12.36 12.53 12.42 13.40 8.12 11.47 10.41 7.37 10.41 9.75 10.06 10.67 8.00 10.18 12.89 11.60 9.43 7.76 6.85 7.75 11.02 9.58 8.01 7.74 7.69 8.44 6.97 5.99 7.16 8.44 6.93 13.80 7.62 7.25 6.81 6.59 6.89 7.22 7.34 8.40 6.35 8.27 9.20 8.62 6.63 6.56 6.30 5.94 5.83 6.07 8.18 6.36 7.79 4.75 5.02 7.83 3.94 4.65 3.46 6.04 3.80 3.72 6.03 4.99 3.30
13.94 13.98 13.91 13.62 13.59 13.71 13.77 14.03 11.36 9.89 12.71 13.54 12.24 12.89 10.32 12.36 12.48 12.63 12.57 12.90 12.07 9.13 11.05 10.30 6.98 9.70 9.95 10.09 11.01 7.78 12.43 12.91 8.59 8.27 8.35 7.65 11.49 8.23 8.42 7.94 7.90 7.82 7.69 7.24 7.34 7.16 6.84 12.93 10.17 8.42 6.86 6.81 6.83 8.53 7.37 7.10 6.70 7.86 7.53 9.12 8.68 8.72 5.14 6.46 6.23 5.93 5.94 7.89 6.84 7.19 5.98 5.59 7.73 7.88 5.00 4.12 4.80 8.10 8.10 6.28 7.09 3.29
13.95 13.96 13.83 13.67 13.70 13.74 13.83 13.93 11.37 11.71 13.22 13.91 10.08 12.91 12.48 12.66 15.23 12.72 12.60 12.45 9.67 11.81 10.75 10.23 9.88 11.71 10.04 11.66 10.60 7.71 10.93 11.03 9.12 8.63 10.46 8.23 12.90 8.36 8.57 7.97 8.20 8.08 7.61 7.41 7.37 7.27 6.95 6.98 10.10 7.49 7.13 6.90 9.27 6.79 6.54 6.64 6.64 6.81 7.98 6.57 8.65 7.57 7.80 7.30 4.38 4.58 7.38 7.89 8.87 6.65 5.96 3.63 6.89 7.57 6.43 6.28 6.29 6.81 6.66 3.42 3.29 3.23
13.96 13.93 13.83 13.78 13.83 13.81 13.87 13.20 11.86 13.80 13.58 15.59 9.65 9.93 12.74 12.90 12.86 13.52 12.56 10.86 9.19 11.46 10.51 10.14 9.89 11.84 12.46 12.08 10.76 9.68 8.60 10.99 9.06 8.77 10.78 11.65 12.00 9.32 8.01 8.15 8.62 8.24 7.32 7.27 7.44 7.34 7.08 7.02 7.30 7.50 7.31 7.10 7.18 7.03 6.84 6.81 6.73 6.73 6.75 6.69 6.71 7.45 6.49 8.04 7.13 6.62 8.12 5.97 7.72 8.18 7.34 3.08 3.31 7.09 7.46 6.87 6.64 6.64 3.76 3.47 3.21 3.12
13.97 13.90 13.82 13.87 13.90 13.79 13.79 13.69 12.88 13.33 13.89 11.34 13.76 11.29 12.92 12.91 13.04 12.11 10.42 10.10 12.07 11.14 10.39 6.99 9.96 12.39 10.06 11.99 10.75 8.64 8.61 11.74 10.31 8.94 10.49 10.77 11.24 11.27 8.04 8.43 8.04 8.16 7.09 7.20 7.54 7.44 7.19 7.09 7.27 7.47 7.43 7.30 7.15 6.95 6.89 6.94 6.87 6.73 6.77 6.81 6.75 6.64 6.56 6.64 7.70 7.26 8.27 7.31 7.50 7.48 7.66 5.61 4.74 5.35 6.74 4.41 7.07 4.01 3.86 3.63 3.27 4.50
13.96 13.89 13.93 14.02 13.94 13.83 13.82 13.69 13.52 13.55 14.05 10.52 13.71 10.86 12.14 13.14 13.32 10.13 10.23 9.38 11.79 10.87 10.30 10.07 10.17 11.87 10.05 12.24 9.84 10.81 9.18 11.84 9.30 9.05 8.61 8.50 8.48 8.19 12.18 12.01 8.68 8.02 7.20 7.24 7.62 7.54 7.28 7.21 7.27 7.45 7.47 7.41 7.22 6.97 6.94 7.02 6.97 6.80 6.83 6.88 6.81 6.71 6.66 6.69 6.81 7.80 8.62 7.01 7.10 5.84 5.65 7.69 5.72 4.71 4.98 4.87 4.95 6.13 6.88 5.35 3.39 3.72
13.95 13.99 14.15 14.11 13.97 13.96 13.15 13.78 13.72 13.77 14.14 10.72 13.66 9.43 11.55 13.08 13.08 9.15 10.35 12.26 11.40 10.64 10.24 10.01 11.25 10.01 10.02 9.99 9.81 9.52 12.53 12.72 9.78 9.16 8.66 10.74 8.54 8.32 11.44 8.44 8.36 7.99 7.53 7.39 7.68 7.64 7.38 7.27 7.30 7.46 7.47 7.46 5.88 7.06 6.98 7.06 7.04 6.91 6.91 6.93 6.87 6.81 6.75 6.75 7.88 7.03 6.66 7.96 7.85 7.91 5.69 8.18 6.83 5.35 4.95 4.64 4.43 4.16 3.88 4.45 3.41 3.16
13.99 14.08 14.18 14.00 13.93 13.90 12.69 13.78 13.77 13.79 14.11 11.25 13.61 12.93 11.39 13.51 12.76 10.11 10.08 11.95 11.09 10.52 10.22 10.35 10.11 10.11 10.14 10.09 9.84 9.58 9.46 11.17 10.36 9.16 8.74 8.49 8.52 8.38 11.56 8.30 8.16 8.04 7.80 7.57 7.75 7.71 7.42 7.30 7.37 7.48 7.50 7.52 5.99 6.17 7.04 7.08 7.09 7.01 6.99 6.97 6.93 6.90 6.86 7.81 6.27 6.37 6.68 7.43 6.70 6.56 7.14 8.07 8.44 7.79 5.27 4.25 4.49 4.28 4.05 3.76 3.41 3.15
14.03 14.10 14.13 13.97 13.92 13.85 13.80 13.82 13.77 13.79 14.10 12.16 13.60 12.90 10.91 13.88 12.46 9.18 9.05 11.74 11.03 10.52 10.25 10.18 10.25 10.31 10.31 10.15 10.62 11.65 12.05 11.31 10.48 9.17 8.81 8.45 8.45 8.41 8.26 8.21 8.15 8.13 7.95 7.69 7.78 7.72 7.44 7.39 7.47 7.49 7.55 7.58 7.50 6.12 7.14 7.11 7.16 7.11 7.06 7.03 7.03 7.48 6.97 8.04 7.85 7.09 5.80 6.27 5.35 4.95 5.25 7.03 5.45 5.30 7.70 6.15 5.24 5.77 4.45 3.89 3.50 3.27
13.99 14.10 14.16 14.06 14.04 13.99 13.92 13.90 13.87 13.90 15.06 11.14 13.41 7.86 10.68 12.95 11.46 12.44 12.03 11.58 10.98 10.51 9.98 10.35 10.41 10.52 12.68 11.70 11.77 12.06 11.14 9.92 9.43 9.08 8.74 8.39 8.42 8.44 8.23 8.22 8.28 8.15 7.98 7.85 9.96 7.67 7.51 7.51 7.53 7.52 7.59 7.59 7.51 5.35 7.30 7.17 7.23 7.22 7.14 7.13 7.15 7.22 7.38 6.52 7.77 6.83 6.87 5.72 4.24 3.80 5.99 4.83 5.52 5.40 5.24 5.71 5.82 4.41 6.05 4.49 4.57 4.86
13.94 14.10 14.25 14.16 14.15 14.01 13.83 13.86 13.84 13.85 14.00 10.66 8.94 9.98 10.60 11.53 11.10 8.94 11.92 11.50 10.95 10.58 11.75 10.50 10.58 10.64 10.43 10.97 12.46 12.07 8.72 9.43 9.08 8.85 8.63 8.46 10.86 8.41 11.44 12.10 8.39 8.11 11.98 8.05 7.82 7.63 7.60 7.57 7.59 7.59 7.63 7.60 7.54 3.96 4.00 7.26 7.29 7.32 7.25 7.24 7.24 7.24 6.58 5.54 7.08 6.87 6.86 6.77 4.77 4.21 6.08 4.98 5.64 5.52 6.84 5.64 5.37 5.27 5.00 3.80 3.66 4.58
13.89 14.19 14.48 14.25 14.16 13.88 13.70 13.76 13.70 13.71 13.79 11.27 13.10 10.73 12.84 10.88 11.68 10.64 11.96 11.56 11.09 10.82 11.88 10.65 10.69 13.20 10.58 11.12 10.95 10.73 8.39 9.27 8.96 8.83 8.72 11.20 8.48 8.32 8.34 8.55 8.46 8.08 8.05 8.18 7.83 7.65 7.69 7.61 7.65 7.67 7.67 7.63 7.59 4.44 3.98 5.59 7.35 5.92 7.31 7.29 7.29 7.34 5.64 4.35 5.29 6.91 6.93 7.08 5.54 4.44 3.66 5.79 5.73 5.63 6.64 5.81 5.19 4.64 3.04 2.10 3.68 3.36
13.97 14.37 14.65 9.46 13.91 13.70 13.58 13.67 13.70 13.72 13.72 13.58 11.35 13.07 12.87 12.63 11.55 11.16 11.99 11.65 11.23 10.91 10.78 12.26 10.69 13.64 11.28 10.43 8.81 9.74 10.05 7.51 9.74 11.33 11.40 8.63 8.52 8.35 8.50 8.78 8.53 8.15 8.15 8.16 7.83 7.74 7.77 7.68 7.71 7.72 7.72 7.70 7.63 7.63 3.28 4.14 4.18 3.41 5.43 7.32 7.32 7.41 5.82 3.55 7.16 3.62 6.21 6.86 5.45 4.63 3.51 5.41 5.82 5.72 6.42 7.28 7.50 5.66 3.12 3.22 3.57 3.71
14.29 14.56 14.52 14.05 13.80 13.64 13.49 13.70 13.85 13.87 13.82 13.66 13.41 10.05 12.93 10.22 11.07 11.88 9.15 11.73 11.18 10.85 10.75 10.62 10.75 10.83 10.99 8.44 9.90 9.58 9.54 9.76 11.14 11.72 8.79 8.71 8.65 8.54 8.72 12.74 8.56 8.22 8.17 8.03 7.86 7.85 7.86 7.78 7.75 7.77 7.78 7.77 7.68 7.67 2.21 3.35 2.86 2.63 2.78 4.89 7.35 7.47 4.44 2.82 7.35 2.26 2.61 3.88 4.16 4.13 3.24 3.88 7.08 6.80 6.84 5.21 4.94 4.73 3.76 2.92 3.26 3.16
14.46 14.41 14.16 13.86 13.65 13.57 13.54 13.82 13.95 13.95 13.83 13.64 13.43 10.63 9.91 9.85 11.67 12.78 9.30 11.64 11.04 11.89 10.78 10.80 11.06 13.39 9.69 8.42 10.62 13.14 9.64 11.64 9.12 8.95 8.87 8.84 8.77 8.69 12.91 8.92 8.56 8.28 8.17 7.96 7.89 7.94 7.94 7.85 7.78 7.82 7.85 7.82 7.76 7.72 7.73 7.68 7.64 7.60 7.54 7.46 3.68 5.01 3.78 4.24 3.28 2.58 7.10 2.41 2.58 2.92 2.91 3.86 3.91 4.30 5.72 7.12 4.98 4.76 7.34 4.27 1.78 1.84
14.78 14.45 14.09 13.75 13.58 13.40 13.74 13.85 13.84 13.86 13.70 13.59 13.50 11.26 13.13 12.79 11.84 11.53 8.89 11.47 11.02 11.00 11.08 11.24 11.32 10.03 8.61 10.70 9.93 9.83 9.65 9.38 9.22 9.11 9.02 8.94 8.83 8.75 8.83 8.91 8.63 8.38 8.20 7.96 7.95 8.02 7.99 7.91 7.84 7.86 7.89 7.89 7.84 7.76 7.75 7.77 7.74 7.66 7.60 7.58 7.60 3.31 4.39 4.29 3.20 7.38 7.18 7.02 6.84 6.68 6.49 6.36 6.14 3.16 4.10 5.86 5.01 4.76 4.61 5.55 3.96 1.88
15.06 14.52 13.81 13.75 13.39 13.64 13.98 13.80 13.81 13.90 13.67 13.62 13.59 10.63 13.17 12.83 10.87 10.20 8.86 11.34 11.25 11.41 11.56 11.53 11.30 8.93 9.66 10.21 10.07 9.91 9.69 12.88 9.36 9.26 12.93 12.26 13.14 12.70 13.31 12.59 8.77 8.50 8.22 7.98 8.00 8.06 8.00 7.94 7.89 7.91 7.97 7.98 7.88 7.79 7.83 7.86 7.82 7.73 7.67 7.68 7.68 7.67 7.63 7.59 2.16 7.45 7.27 7.10 6.92 6.78 6.60 6.46 6.25 3.09 3.55 4.34 6.62 4.78 4.59 7.12 3.98 3.66
14.65 14.43 13.77 13.50 13.55 14.00 13.95 13.83 13.94 13.86 13.57 13.73 13.73 13.45 13.24 12.90 12.49 12.21 11.74 11.60 11.68 11.84 11.79 11.43 10.08 10.04 10.49 10.38 10.40 11.44 9.72 9.54 9.43 13.29 12.35 12.42 12.42 12.53 12.78 13.23 9.05 8.68 8.20 8.00 8.02 8.07 8.02 7.94 7.90 8.04 8.13 8.02 7.85 7.84 7.95 7.95 7.89 7.80 7.75 7.76 7.73 7.69 7.67 7.66 7.64 7.54 7.37 7.20 7.01 6.90 1.79 2.53 2.68 5.97 2.59 3.29 5.03 4.84 4.60 4.47 5.48 4.62
14.38 14.56 13.90 13.08 13.72 14.22 13.81 13.94 13.87 13.56 13.57 14.02 13.91 10.10 13.21 12.65 12.36 12.17 11.90 11.88 11.85 12.46 11.59 10.46 10.91 10.76 10.61 10.53 9.13 11.68 13.16 9.62 9.53 9.46 12.29 11.87 12.31 8.71 8.57 9.03 9.51 8.73 8.06 7.96 7.99 8.10 8.04 7.92 7.94 8.22 8.26 8.00 7.83 7.94 8.07 8.03 7.96 7.88 7.84 7.84 7.79 7.73 7.73 7.72 7.72 7.64 7.46 7.30 7.15 1.99 1.73 1.74 2.17 2.08 1.74 5.22 4.98 4.24 4.63 4.44 6.13 4.98
14.58 14.47 13.53 13.14 14.18 14.17 13.91 14.12 13.93 13.38 13.77 14.03 13.64 13.31 12.89 12.42 12.39 12.24 11.97 11.89 11.63 11.41 11.15 12.99 11.02 10.94 11.70 9.53 8.92 9.92 9.81 13.51 12.60 11.89 11.13 11.48 8.79 8.73 8.81 9.50 9.68 8.52 7.91 7.95 8.02 8.17 8.04 7.93 8.05 8.31 8.33 8.05 7.89 8.04 8.17 4.82 4.42 4.76 7.91 7.89 7.86 7.81 7.79 7.79 3.09 1.83 2.75 7.39 7.29 7.12 1.50 1.54 1.31 1.23 5.92 5.59 0.64 2.31 4.59 6.34 4.84 3.99
14.47 14.16 13.91 13.72 14.05 14.15 14.06 14.03 13.48 13.39 13.79 13.72 13.33 13.08 12.84 12.61 12.49 12.30 8.48 11.80 9.35 11.12 11.02 11.24 11.27 11.08 12.10 10.23 11.61 10.02 9.97 9.90 12.10 11.87 11.35 11.91 12.66 13.09 12.97 12.12 9.32 8.33 8.00 9.69 13.42 8.23 13.51 12.81 8.12 8.26 8.37 8.22 8.03 8.15 2.47 2.19 1.23 1.94 4.37 7.96 7.95 7.91 7.88 7.86 7.87 7.79 7.58 7.48 7.41 7.22 6.95 6.71 6.46 6.19 0.99 5.45 5.14 4.84 2.83 4.54 4.03 3.70
14.22 14.18 14.40 14.18 13.85 14.31 14.26 13.85 13.39 13.41 13.79 13.70 13.57 13.27 12.89 12.87 12.65 12.42 12.09 11.70 11.23 11.19 11.35 11.62 11.42 11.13 12.01 10.73 12.33 10.20 12.48 11.96 12.12 12.13 11.41 11.66 12.28 12.08 11.70 10.71 8.78 8.43 8.24 8.20 12.77 12.86 12.76 8.08 12.99 13.06 8.37 8.33 8.21 8.28 5.47 4.37 3.99 4.33 8.03 8.08 8.06 7.99 7.95 7.93 7.94 7.86 7.67 7.58 7.51 7.32 7.04 6.82 6.61 6.34 1.24 5.49 2.39 2.76 3.63 5.14 4.52 3.61
14.31 14.08 14.06 13.97 13.80 14.15 14.25 13.64 13.25 13.53 13.85 13.91 13.69 13.12 13.25 13.01 12.73 12.43 12.19 9.03 11.39 11.51 11.66 11.78 11.62 11.11 12.06 10.45 12.46 12.32 10.69 11.51 12.12 12.13 12.09 10.40 10.96 11.95 12.18 12.18 12.19 11.49 12.07 12.88 12.89 8.23 8.17 8.18 13.01 13.22 14.43 12.02 8.39 8.46 8.42 5.74 5.16 8.01 8.11 8.21 5.25 4.99 8.00 8.01 8.04 7.95 7.77 7.68 2.25 2.86 2.25 1.98 6.69 1.74 1.56 5.57 5.26 2.78 3.30 4.63 4.17 3.59
13.86 13.78 13.76 13.85 13.69 13.77 14.18 13.68 13.24 13.88 13.97 14.13 13.54 13.22 13.44 13.05 12.70 12.41 12.18 8.85 11.57 11.70 11.95 11.69 11.54 11.07 11.02 8.59 12.30 12.06 10.63 12.23 12.19 11.97 11.73 10.01 11.42 9.09 9.12 13.36 13.29 12.24 13.09 13.10 8.40 12.88 8.27 8.25 12.90 12.57 8.28 8.28 8.45 8.67 8.70 5.94 7.97 8.05 8.20 8.31 5.73 5.31 5.17 4.40 2.99 3.17 2.86 3.04 1.65 2.25 2.08 1.93 1.85 6.54 6.14 5.73 5.37 5.02 4.62 4.40 2.72 3.71
13.73 13.82 14.16 14.21 14.04 14.21 14.50 13.88 13.36 13.71 14.08 14.01 13.13 13.40 13.33 12.91 12.84 12.35 12.14 11.65 11.40 11.67 11.95 10.15 11.20 11.14 12.00 8.83 11.92 12.17 12.04 12.11 11.41 11.47 11.17 10.80 13.30 9.19 9.25 13.23 8.98 11.56 13.17 8.50 13.22 13.26 13.18 12.66 8.32 12.52 8.28 8.26 8.38 8.82 9.09 6.90 7.87 8.08 8.27 8.40 5.58 4.59 2.87 3.10 3.02 3.14 3.09 1.98 2.59 2.34 1.85 1.91 1.89 1.81 6.20 5.84 1.54 1.42 4.80 4.50 4.22 3.86
14.03 14.10 14.42 14.67 14.46 14.63 14.67 14.23 13.65 13.78 14.15 13.62 13.20 13.49 13.11 12.90 12.95 12.26 12.08 11.67 11.43 11.68 12.03 11.93 12.33 11.21 11.64 10.45 12.83 12.65 12.92 10.78 10.47 11.26 11.23 12.86 9.17 9.36 9.43 11.33 11.55 12.92 13.23 13.29 13.32 13.38 8.42 8.40 13.42 14.50 14.26 14.51 13.00 12.21 8.36 6.56 6.36 8.10 8.36 6.36 4.66 3.34 3.79 4.67 8.26 4.63 3.32 3.09 3.51 3.12 2.59 2.06 1.71 1.71 1.65 5.93 5.63 5.20 4.85 2.59 2.37 3.93
14.47 14.29 14.31 14.66 14.47 14.24 14.21 14.47 14.02 13.48 13.72 13.58 13.52 13.37 13.10 13.04 12.94 12.45 12.11 11.49 11.55 11.85 12.02 11.70 11.36 12.92 11.91 12.26 12.69 11.64 11.64 9.79 10.01 11.78 13.17 9.38 9.36 13.85 9.80 8.33 12.79 13.32 13.39 13.41 13.42 8.57 13.41 13.47 13.57 14.85 14.44 14.33 15.04 16.00 5.84 3.23 5.71 8.20 6.93 5.47 3.52 3.92 4.32 8.26 6.24 4.73 3.61 2.98 2.75 2.70 1.86 2.17 1.76 1.81 1.53 1.37 1.33 1.38 1.94 2.49 3.18 4.01
14.99 14.64 14.33 14.55 14.57 14.20 14.06 14.56 14.00 12.93 13.34 13.85 13.65 13.30 13.18 12.93 12.70 12.29 12.10 11.89 11.99 12.37 12.27 11.26 12.50 11.47 11.45 12.51 10.97 10.40 10.70 9.88 10.82 12.85 9.64 9.54 9.55 12.58 8.96 10.54 13.37 13.48 13.87 13.58 13.57 13.56 8.56 8.50 8.51 8.51 8.40 14.55 14.96 14.87 9.05 2.99 5.62 6.85 6.15 5.42 4.21 4.43 5.62 8.31 6.92 5.04 4.15 3.16 2.83 2.28 2.44 2.01 2.12 3.09 3.20 2.24 1.54 1.18 5.02 1.83 2.39 4.04
15.19 14.91 14.44 14.45 14.67 14.52 14.83 14.79 14.15 12.85 13.31 14.06 13.66 13.40 13.25 12.70 12.48 12.29 12.32 12.13 12.12 12.39 11.02 11.36 11.18 11.68 10.70 12.03 10.03 10.36 10.99 11.44 13.39 9.81 9.77 9.70 13.84 10.75 10.10 13.13 13.66 13.73 13.24 13.69 13.71 13.71 13.61 8.54 12.81 8.52 12.56 12.36 12.68 13.53 8.85 8.76 7.70 6.36 4.91 4.35 3.78 4.85 5.26 8.40 4.88 4.21 3.73 4.33 3.43 2.83 2.47 2.56 2.86 2.17 2.09 1.66 1.38 5.49 5.14 4.72 4.40 4.13
