examples/cougarCreek-fire/createInputs/farsite/7a-cougarCreek-polygonIgnit/cougarCreekFire_08-10-2015_1700_217m_non_neutral_stability_ang.asc
ncols	146
nrows	140
xllcorner	610065.000000
yllcorner	5095217.000000
cellsize	216.586807
NODATA_value	-9999.000000
[rows 84 to 125 of 140, columns 0 to 93 of 146]
157 157 156 156 156 156 155 173 167 171 157 156 164 158 159 158 181 158 158 176 160 158 160 161 162 182 161 179 175 163 178 177 163 163 177 164 190 164 172 164 163 162 163 164 164 164 164 163 180 163 161 163 175 158 158 162 161 161 166 159 169 161 162 157 133 134 159 162 156 144 137 134 145 160 150 142 138 143 147 150 151 151 151 150 150 150 150 150 151 151 150 148 150 147
157 157 157 156 156 156 155 171 169 177 156 177 158 164 159 159 158 178 176 171 157 160 161 162 163 183 184 182 177 163 170 179 163 164 180 185 186 176 167 166 165 164 165 166 166 166 166 165 165 165 165 164 163 164 164 163 162 161 161 160 159 161 158 164 149 146 154 155 162 153 147 132 133 147 150 146 144 143 149 149 149 150 150 150 150 150 149 149 149 150 150 150 150 147
157 157 157 156 156 156 155 156 173 157 156 167 157 171 159 159 177 174 170 165 159 161 162 165 163 186 163 183 177 170 171 186 176 165 180 183 182 183 167 167 167 167 168 168 168 168 167 166 166 167 167 166 166 166 165 164 163 162 161 160 160 159 158 157 153 151 156 159 160 160 161 141 136 140 147 151 149 151 150 150 149 125 149 149 150 150 149 147 146 130 149 149 145 150
156 157 156 156 156 156 156 156 157 157 156 159 157 170 174 178 178 166 170 160 160 162 164 164 178 184 164 185 164 180 166 187 166 167 166 166 167 166 187 184 169 170 170 169 169 170 169 168 168 168 168 168 168 167 166 165 164 163 162 161 161 160 159 158 156 154 159 158 158 154 153 153 143 140 138 139 137 142 148 134 150 123 148 148 149 149 149 149 149 147 149 148 149 150
156 157 156 156 156 156 173 156 157 157 156 160 158 162 173 178 177 166 171 160 162 163 164 165 183 165 165 165 166 167 190 190 176 169 168 183 168 168 184 168 170 171 172 171 170 171 170 170 170 170 170 169 151 168 167 166 165 164 163 162 161 160 159 158 156 152 156 156 156 156 153 158 149 140 152 152 151 150 149 134 149 149 148 147 149 148 148 148 149 146 149 149 149 147
156 156 155 155 156 156 171 156 156 157 156 167 158 159 173 179 176 167 168 161 163 164 165 181 166 166 166 166 167 168 168 184 179 170 170 170 170 170 187 170 172 172 172 172 172 172 172 172 171 171 171 171 153 154 168 167 166 165 164 163 162 161 160 157 154 149 150 154 150 150 154 159 161 155 143 136 136 150 150 149 148 148 149 148 148 148 148 148 148 149 148 148 147 146
157 156 155 155 155 155 156 156 156 156 156 168 159 160 172 181 176 166 167 162 164 165 166 167 167 167 166 167 181 187 189 184 181 172 172 172 172 172 172 173 173 173 174 174 174 174 174 174 173 173 173 172 172 154 170 168 168 166 165 164 162 157 160 159 158 153 146 148 144 142 144 154 152 151 157 145 143 143 135 150 149 148 148 149 148 148 148 148 148 148 148 146 137 140
156 156 155 155 155 155 156 156 156 156 177 165 159 161 172 178 173 162 162 163 165 166 179 168 168 168 189 186 188 189 184 179 178 173 174 174 174 174 174 174 175 175 175 175 181 176 176 175 175 174 174 174 173 151 171 169 168 167 166 165 163 157 157 152 159 157 152 146 141 137 153 142 152 151 151 149 145 149 145 136 134 139 131 149 148 148 148 148 148 148 147 148 148 149
156 156 155 155 155 155 155 156 156 156 175 164 158 168 170 174 173 167 163 164 166 167 187 169 169 168 180 184 192 190 175 173 173 175 176 176 188 176 196 201 176 177 205 177 177 177 177 177 177 176 176 175 175 146 146 171 169 168 167 166 164 163 153 148 156 157 156 152 142 140 153 144 152 150 153 145 143 141 139 133 132 136 147 143 147 138 133 132 147 147 146 146 148 148
156 155 154 154 154 155 155 155 155 155 155 168 158 170 160 172 176 173 163 165 166 167 186 168 169 191 181 185 184 183 174 174 175 175 176 194 177 177 177 176 176 177 177 178 178 178 178 178 178 177 177 176 176 149 147 154 170 154 168 167 165 164 149 143 148 158 157 156 148 142 139 149 152 151 152 147 142 150 126 120 148 147 126 146 147 145 146 148 124 143 129 133 145 147
155 154 154 153 154 155 155 155 155 155 155 156 170 158 159 160 176 175 163 165 166 167 167 188 168 193 184 181 175 180 181 171 182 191 194 177 177 178 177 177 177 177 177 179 180 180 179 179 179 179 178 178 177 176 144 148 147 143 152 168 166 165 151 141 161 140 153 157 149 144 138 148 153 152 154 157 158 145 131 131 129 129 147 124 127 131 130 146 144 144 145 143 148 142
154 154 153 154 154 154 155 155 155 155 155 156 157 165 159 169 174 178 168 164 166 167 167 168 168 168 182 172 172 172 173 181 190 196 176 177 177 177 177 201 178 178 179 180 181 181 181 180 180 180 179 179 178 178 140 144 142 141 141 150 167 166 146 138 163 129 136 142 143 143 139 141 158 156 156 153 152 151 137 128 128 131 147 147 146 128 146 146 146 147 148 146 143 149
153 153 153 153 154 154 155 155 154 155 155 156 156 167 166 167 176 181 168 164 166 186 167 167 167 191 176 173 184 198 174 191 175 175 176 177 177 177 203 177 179 179 180 181 181 182 182 182 181 181 181 180 180 179 178 177 175 174 172 170 145 150 144 145 140 135 161 135 136 138 138 142 141 143 151 159 153 153 158 151 120 118 117 122 147 148 143 147 128 145 145 146 132 149
153 152 152 153 153 154 154 154 154 154 155 156 156 169 158 159 176 175 167 165 166 167 167 166 167 176 172 183 172 172 174 174 175 176 176 177 177 177 178 179 179 180 181 182 182 182 183 183 183 183 182 182 181 180 179 178 176 175 173 172 171 143 148 147 140 164 163 162 161 159 159 158 157 139 143 154 154 153 153 147 151 118 149 147 149 148 150 150 147 119 118 128 149 151
151 152 152 153 153 152 153 154 154 154 155 155 156 165 158 159 171 170 168 165 166 166 166 167 167 172 177 171 171 173 174 198 175 176 201 199 204 203 205 201 181 181 181 182 183 183 184 184 184 184 184 183 183 182 181 179 178 177 175 173 172 171 170 168 134 165 164 163 162 161 160 159 158 139 141 145 158 154 153 159 151 150 150 149 148 148 150 149 151 148 149 149 150 150
150 151 152 153 154 152 153 154 154 154 155 155 155 156 157 159 160 161 163 164 165 165 166 167 177 178 170 171 182 188 174 174 175 202 199 200 201 200 203 209 181 181 182 183 184 185 185 185 186 185 184 184 184 183 182 181 180 178 176 175 174 172 171 170 168 167 166 165 163 162 133 138 139 158 137 140 149 155 154 154 148 142 150 145 146 148 148 151 148 149 149 150 151 150
150 149 151 152 151 152 153 153 153 154 154 154 155 163 157 158 160 161 163 163 164 183 166 178 168 169 169 171 176 189 199 174 175 176 196 195 200 180 181 181 181 181 183 184 185 185 186 186 187 186 186 186 185 184 183 182 181 180 178 177 175 174 172 171 170 169 167 166 164 131 134 134 137 136 134 156 155 145 155 154 154 146 150 149 149 147 146 147 150 148 147 149 150 151
151 149 149 151 152 151 153 153 152 154 154 154 155 156 157 158 159 160 162 163 164 165 166 190 167 168 185 176 175 173 173 200 196 192 189 193 179 180 181 181 182 183 184 185 186 186 187 187 187 188 188 187 186 185 185 143 142 141 180 178 177 175 174 172 132 126 131 167 166 165 125 129 130 128 160 159 129 134 147 158 147 140 150 124 146 151 150 144 146 146 145 147 150 151
150 150 150 149 149 149 151 152 152 154 153 153 155 155 156 158 158 159 163 162 170 166 166 167 167 168 187 180 188 173 173 174 193 193 191 195 203 203 200 192 184 186 186 190 210 188 210 216 189 189 190 189 187 186 135 139 136 133 139 180 178 177 175 174 173 172 170 169 168 167 166 164 162 161 129 158 157 156 138 147 153 151 150 149 149 149 148 148 146 151 151 151 151 151
149 152 150 149 149 148 149 150 153 152 154 154 155 154 155 158 158 159 161 163 164 165 165 166 167 168 186 182 191 173 193 191 193 194 193 193 197 195 192 188 182 187 188 188 214 213 216 189 219 220 190 190 190 188 145 143 143 141 183 181 180 179 177 176 174 173 172 170 169 168 167 166 164 162 129 159 138 140 144 151 146 139 133 131 151 152 151 150 150 152 148 152 146 152
148 151 148 148 148 147 149 149 151 151 154 154 155 155 157 157 158 159 160 169 164 165 165 166 182 169 186 180 192 191 184 189 193 194 195 186 190 196 198 199 200 195 203 216 220 190 190 190 221 218 214 214 192 191 189 144 142 185 184 183 137 136 179 177 176 175 173 172 126 134 129 129 165 128 128 160 159 141 143 149 145 140 139 150 150 152 151 150 149 154 152 150 152 151
148 148 147 146 146 146 145 148 151 153 153 153 154 156 156 155 157 158 160 167 166 164 165 166 182 169 170 171 191 190 184 193 194 193 193 185 194 182 183 213 211 202 211 218 190 223 191 191 223 223 192 193 193 193 191 144 188 186 185 184 138 136 136 133 124 124 125 135 132 137 136 134 133 165 163 161 160 158 156 155 137 142 141 151 150 151 151 150 148 152 154 150 151 153
149 149 147 146 147 147 146 147 150 150 150 152 154 155 155 156 157 158 160 162 163 163 165 174 168 169 185 172 189 191 191 192 190 191 190 189 207 182 183 207 186 200 211 190 218 220 222 221 193 224 193 193 194 194 193 150 189 187 186 185 137 135 127 137 136 135 135 131 136 137 138 139 139 136 164 162 121 120 157 156 155 153 153 129 150 153 148 149 152 152 155 149 148 152
148 148 147 148 146 147 147 148 149 150 152 153 155 155 155 157 156 157 160 161 163 163 166 182 186 169 184 180 194 194 196 185 185 190 191 203 182 183 184 195 199 207 215 217 218 219 193 194 220 222 220 226 224 221 175 151 149 188 187 141 136 130 137 133 180 130 125 125 133 132 133 136 138 138 135 163 162 160 158 140 137 154 153 152 151 154 154 148 148 153 149 150 148 148
147 147 146 147 147 146 145 147 149 150 153 153 154 154 155 156 156 158 159 161 163 163 163 167 168 190 186 189 192 188 189 181 183 194 204 181 181 210 186 181 207 215 217 218 221 193 222 221 221 223 218 222 225 222 164 138 148 190 146 140 132 139 134 183 135 131 134 137 137 135 131 137 138 139 137 136 135 136 138 140 143 155 153 153 153 151 149 149 147 148 153 153 153 154
142 146 145 144 147 147 144 146 148 150 150 149 154 154 155 155 155 157 158 160 165 165 165 179 187 183 184 190 183 182 184 182 188 201 180 181 181 199 183 193 211 215 217 218 221 223 195 196 196 197 197 227 222 212 198 151 148 151 142 138 130 136 138 184 137 132 134 134 137 139 141 139 141 147 147 141 137 135 160 137 138 155 153 153 154 154 152 151 151 150 154 154 154 154
141 141 145 144 147 147 147 145 147 150 150 149 154 155 155 155 155 160 157 159 160 161 176 167 169 184 180 188 179 182 187 190 205 180 181 182 208 190 190 209 213 213 214 218 219 221 225 197 228 198 228 228 224 230 198 197 169 148 130 130 126 139 136 185 134 136 125 133 134 137 137 132 132 135 140 138 135 162 160 158 157 156 154 153 153 154 153 152 153 152 152 151 154 151
141 140 143 143 143 146 147 147 144 149 150 149 154 154 155 156 159 156 157 158 162 163 165 168 169 170 171 172 182 188 177 179 179 180 181 182 192 187 204 214 190 214 217 218 217 220 223 226 227 199 227 230 227 228 198 198 153 135 138 138 139 137 136 155 151 146 141 138 134 136 133 132 174 172 169 167 136 136 135 159 158 156 155 153 152 153 154 152 151 152 153 155 152 150
140 141 141 142 141 141 142 147 144 149 150 149 154 153 154 156 155 156 157 158 160 162 164 168 169 171 171 187 188 194 177 178 202 201 203 191 187 199 210 212 216 218 217 218 220 221 222 222 228 226 227 231 231 228 212 155 149 147 142 140 141 143 146 156 155 153 155 151 147 143 142 146 144 140 136 136 138 139 137 160 159 159 156 155 154 154 155 155 153 153 153 155 156 152
139 140 138 137 141 140 140 141 144 146 149 149 153 152 154 156 158 158 158 157 160 163 163 168 169 170 171 173 190 192 176 193 192 199 196 184 194 205 207 209 210 210 217 222 226 196 226 222 226 225 226 225 219 211 197 174 154 148 141 138 140 145 150 155 154 153 153 153 151 149 149 150 151 151 146 142 144 166 164 141 161 160 157 156 154 153 154 155 155 155 155 154 156 154
136 136 140 140 141 141 141 141 142 144 147 148 151 152 153 155 156 156 157 157 159 163 164 168 164 170 170 172 173 174 186 189 179 197 187 188 202 208 186 203 189 213 222 193 194 195 196 222 219 219 220 215 210 204 194 188 173 163 155 146 148 153 155 156 154 154 154 152 150 149 148 146 144 148 149 148 152 154 166 164 163 162 159 157 155 154 154 154 154 156 157 155 158 158
139 139 139 139 137 141 139 138 143 143 146 146 147 149 150 154 155 155 156 157 160 164 166 163 163 169 170 171 173 174 180 177 198 193 184 195 205 185 197 201 189 217 191 221 220 216 214 220 218 217 216 210 206 200 191 188 186 181 170 158 154 160 162 157 153 154 155 154 150 147 146 144 143 147 150 150 150 168 166 164 163 162 161 159 158 156 156 156 155 155 156 155 155 159
138 139 139 139 137 139 142 142 144 139 145 144 146 148 149 150 155 152 155 157 158 164 166 162 167 167 169 171 172 172 173 177 179 180 194 204 183 198 194 205 189 189 214 213 212 211 212 215 218 217 214 207 199 195 189 184 187 185 180 168 158 160 165 160 154 151 151 151 150 149 149 148 149 150 152 153 171 169 167 164 162 161 161 159 158 157 157 157 157 158 155 154 160 161
138 138 138 137 138 139 140 141 144 144 145 144 144 146 148 154 154 153 156 157 157 164 165 160 164 164 169 170 171 170 173 177 180 181 182 202 192 191 198 208 188 189 217 216 212 208 208 214 215 211 207 198 192 192 190 185 184 182 181 173 164 163 167 164 161 156 152 149 151 155 155 150 150 150 150 152 172 170 168 166 164 162 160 159 159 159 159 157 162 162 161 157 155 162
138 138 137 140 138 139 135 141 144 144 145 142 142 146 148 154 154 153 157 158 158 164 164 165 161 164 170 169 170 170 173 178 179 180 180 195 182 192 205 187 188 189 212 211 206 201 203 211 206 204 205 194 190 192 189 199 180 179 197 173 196 167 194 169 167 164 160 152 149 154 159 152 148 147 176 174 172 171 169 167 165 165 163 162 160 161 164 160 163 163 164 163 163 163
137 138 137 137 137 136 139 141 142 143 143 148 143 142 148 148 149 155 152 158 160 163 163 164 162 166 168 169 170 171 175 178 174 178 180 190 190 185 186 214 188 211 209 205 201 202 206 206 202 202 202 195 200 199 199 199 198 198 197 197 172 196 171 194 168 166 165 159 150 149 158 160 154 150 177 175 174 172 171 169 167 167 166 164 162 162 165 163 165 164 164 164 164 164
137 137 137 137 140 135 136 140 141 142 142 142 143 145 147 148 149 150 151 158 160 155 163 164 165 166 165 168 170 169 172 176 173 174 179 180 184 185 186 187 188 206 206 205 204 208 207 203 202 204 201 197 200 200 199 199 199 198 197 197 197 173 172 172 194 170 163 164 155 148 153 162 162 159 155 176 174 173 172 172 169 166 166 164 162 167 166 166 165 165 165 165 165 165
136 136 140 143 140 138 138 139 140 141 142 142 142 144 146 147 148 150 150 157 154 155 163 164 164 163 165 169 170 167 171 171 172 179 178 181 183 185 186 187 203 202 206 209 212 212 207 202 202 205 202 199 196 200 200 199 199 198 198 197 197 179 175 176 178 178 166 166 163 150 150 158 159 156 179 177 175 173 173 172 170 168 167 165 163 169 168 167 166 166 166 166 166 167
136 140 135 136 140 138 140 138 139 140 141 142 142 144 145 147 149 149 149 151 153 160 162 162 160 161 166 170 171 167 169 170 172 173 178 181 183 184 185 204 187 202 210 211 213 211 202 201 202 206 204 202 200 200 200 199 199 199 199 198 198 197 173 177 181 181 195 172 173 159 151 148 184 182 180 178 177 175 174 173 171 169 169 167 166 164 170 169 168 168 167 167 168 168
135 141 138 135 140 135 140 144 137 139 141 142 141 146 141 146 149 149 149 155 152 160 161 161 159 159 167 169 170 166 168 174 176 177 178 181 183 184 185 185 187 204 208 209 211 193 194 201 205 209 209 202 199 200 200 200 199 199 173 198 198 198 175 177 196 196 195 175 173 166 160 157 157 183 182 179 177 175 174 174 172 171 170 169 169 170 168 170 170 169 169 169 169 169
134 134 140 138 134 135 136 137 137 137 140 141 141 142 143 144 148 149 148 150 151 152 160 160 159 160 168 169 169 165 167 172 174 176 179 181 183 184 185 186 188 205 207 208 192 200 194 203 207 208 206 198 199 200 200 200 200 200 199 199 198 199 198 197 196 196 196 196 169 166 165 167 187 185 183 181 179 177 176 174 173 173 174 172 174 173 172 172 171 171 170 170 170 170
134 134 133 139 137 134 135 136 136 138 139 141 141 141 147 144 147 148 148 149 151 159 160 154 161 163 167 168 165 164 167 169 174 178 181 181 183 184 186 187 188 190 209 191 192 193 194 203 205 203 197 198 199 200 200 200 200 200 200 200 200 169 164 164 165 196 196 196 156 151 158 188 187 187 186 183 180 178 176 175 174 174 178 176 175 174 173 173 172 172 172 171 171 171
