examples/cougarCreek-fire/createInputs/farsite/7a-cougarCreek-polygonIgnit/cougarCreekFire_08-12-2015_2300_217m_non_neutral_stability_vel.asc
ncols	146
nrows	140
xllcorner	610065.000000
yllcorner	5095217.000000
cellsize	216.586807
NODATA_value	-9999.000000
[rows 35 to 69 of 140, columns 0 to 78 of 146]
9.85 10.62 11.59 11.75 12.91 13.12 12.99 12.93 18.31 18.48 18.49 17.04 18.34 19.55 20.18 19.83 19.62 19.63 19.97 20.30 21.82 22.08 21.92 22.30 22.10 20.73 24.79 25.14 24.90 16.79 18.02 15.07 10.50 7.77 8.84 9.98 9.65 8.80 8.51 8.49 7.45 7.20 7.31 7.27 7.26 7.09 9.03 7.87 5.26 6.63 6.56 6.72 7.04 5.20 7.01 8.41 10.84 12.07 12.97 13.68 13.31 14.94 14.99 15.07 15.11 12.36 12.43 9.60 9.55 9.66 9.66 12.20 12.05 11.90 11.67 11.43 7.90 7.60 7.29
10.02 10.86 11.77 13.00 13.08 17.90 18.17 12.99 18.43 18.42 17.79 16.74 16.50 18.76 19.56 20.11 20.79 22.22 23.08 22.65 20.99 19.98 20.50 19.45 17.75 15.91 18.36 21.85 25.42 12.20 13.29 11.14 11.22 10.67 11.17 12.97 12.57 11.73 11.43 11.61 11.39 10.39 7.45 7.24 7.09 6.99 6.74 6.52 8.25 5.45 5.60 5.40 6.57 6.50 7.12 7.68 8.68 9.50 10.35 11.36 12.34 13.15 13.97 14.33 15.48 15.26 12.42 12.39 12.47 15.49 12.69 12.46 11.91 11.51 8.29 7.95 7.69 7.42 7.11
10.14 10.99 11.98 13.27 13.42 13.46 13.29 17.85 13.14 17.14 16.66 17.02 17.13 18.38 17.63 17.73 18.19 18.29 17.43 16.59 16.78 17.59 18.48 17.65 16.97 16.21 17.13 18.38 14.42 7.23 12.91 18.44 12.25 12.89 12.79 11.43 12.69 13.74 13.43 12.69 12.24 11.32 9.65 7.42 6.92 7.01 7.10 6.86 10.48 8.29 6.76 5.49 5.76 5.64 6.07 6.83 7.33 7.53 7.70 7.97 8.43 8.74 9.00 9.31 9.68 10.02 9.99 9.70 9.31 9.00 9.69 13.13 14.38 8.71 8.31 7.84 7.54 7.24 6.92
10.34 11.34 12.41 13.58 13.65 13.53 14.26 12.87 16.69 16.23 16.92 17.27 17.72 17.04 16.82 17.28 17.63 17.30 17.18 18.09 18.32 17.47 17.34 18.02 16.62 15.61 17.84 18.65 13.74 15.78 10.57 17.01 11.78 9.04 8.22 7.76 8.51 7.54 7.45 7.07 9.09 10.77 11.89 10.89 8.34 7.97 7.65 7.32 6.57 6.20 9.76 7.84 6.29 6.25 6.57 6.94 7.19 7.28 7.46 7.80 7.80 8.12 8.39 8.75 9.08 9.45 9.40 8.96 8.75 8.78 8.96 9.26 9.24 9.43 10.88 11.17 7.56 7.16 6.83
10.98 11.87 12.67 13.61 13.62 13.51 14.02 12.77 16.95 17.34 17.65 17.70 16.57 17.91 17.89 18.15 18.15 17.61 17.07 17.40 17.31 17.09 18.26 19.33 17.25 17.48 18.82 19.64 14.90 15.73 10.50 13.82 10.37 7.83 6.06 5.23 5.25 7.72 7.15 7.37 7.41 5.96 5.63 6.67 8.72 8.79 9.14 10.81 11.09 6.87 6.06 11.41 10.69 10.78 7.45 6.60 7.43 7.46 7.06 7.32 7.48 7.73 8.11 8.91 9.39 8.81 8.64 8.46 8.56 8.71 8.68 8.64 8.56 8.48 8.44 7.97 8.15 7.19 6.85
11.62 12.11 12.73 13.44 13.43 13.31 13.80 12.80 13.10 17.61 18.02 18.28 18.41 19.47 18.37 18.20 17.76 16.64 15.98 16.60 17.35 18.34 19.83 19.05 15.43 17.46 18.92 19.48 18.90 22.05 10.83 12.43 10.10 7.72 6.38 6.91 7.48 6.97 5.14 7.91 7.84 7.69 7.54 7.41 4.26 4.66 4.96 6.18 7.25 8.66 9.12 9.89 7.58 6.33 6.39 6.58 6.85 6.90 7.12 7.33 9.58 7.46 8.04 8.43 8.58 8.62 8.54 8.37 8.36 8.46 8.36 8.29 8.25 8.18 7.88 7.51 7.30 7.10 6.71
12.02 12.30 12.65 13.28 13.47 14.40 12.74 13.05 13.34 17.86 18.43 18.64 18.32 18.28 17.29 17.41 16.82 15.47 16.76 18.08 19.40 20.45 20.63 15.08 14.69 17.28 19.20 19.78 19.33 20.04 9.22 9.61 8.39 6.92 7.96 9.45 8.51 7.64 7.72 7.94 7.39 4.92 6.07 5.77 5.27 5.47 5.28 5.27 5.11 5.18 5.49 5.40 5.56 6.37 7.18 7.49 7.95 8.37 8.28 8.97 7.43 7.50 8.00 8.33 8.44 8.49 8.50 8.39 8.27 8.30 8.15 8.03 7.99 7.95 7.73 7.33 7.04 6.83 6.49
12.15 12.34 12.46 12.77 14.12 13.11 13.11 13.00 13.62 13.52 13.85 18.69 17.99 17.49 16.95 16.61 16.31 17.14 18.50 19.13 20.76 21.02 17.03 13.27 16.48 18.44 20.10 19.46 17.24 16.40 11.11 6.51 8.28 9.13 10.64 10.68 9.17 8.46 8.32 8.30 7.73 5.81 6.22 6.81 7.64 9.06 7.64 4.75 4.60 4.81 5.00 4.97 5.23 5.68 6.00 6.21 6.43 6.64 7.06 7.52 7.54 7.62 8.03 8.32 8.44 8.50 8.46 8.34 8.15 8.10 8.00 7.82 7.70 7.73 7.64 7.26 6.85 6.58 6.18
12.23 12.43 12.56 13.06 14.45 12.67 13.58 13.93 13.85 14.05 18.93 18.13 16.18 16.05 15.15 15.36 17.03 17.67 18.72 19.83 20.69 17.28 13.80 13.39 17.65 19.51 20.01 16.78 16.68 16.48 11.94 5.58 7.08 11.25 12.27 11.19 9.64 9.13 8.89 8.88 8.86 8.26 8.37 8.35 5.20 4.94 4.87 4.85 8.36 5.08 4.55 4.68 4.88 5.24 5.55 5.83 6.11 6.37 10.18 7.29 7.46 7.55 7.90 8.24 8.47 8.56 8.38 8.21 8.03 7.94 7.88 7.63 7.42 7.51 7.56 7.19 6.68 6.41 5.97
12.49 12.71 13.01 13.55 13.79 13.48 13.95 14.04 14.23 18.11 16.83 14.27 14.25 16.31 15.73 16.64 16.40 16.45 17.84 19.33 18.96 14.97 13.90 15.44 18.14 19.53 16.77 15.12 16.77 16.71 11.76 7.06 4.75 6.15 9.63 11.14 10.56 10.22 10.14 9.77 8.48 8.37 5.94 5.28 4.92 4.68 7.04 6.66 4.47 4.20 4.36 4.53 4.76 5.05 5.30 5.56 5.90 6.24 6.65 7.06 7.28 7.47 8.17 8.46 8.85 9.33 9.47 9.38 9.34 9.24 9.20 8.97 8.60 8.57 8.77 7.07 6.64 6.37 5.82
12.69 13.13 13.53 13.70 13.85 13.89 14.01 14.22 14.75 14.92 13.00 13.50 16.20 17.65 17.62 16.73 13.89 16.88 18.64 19.70 19.70 17.12 15.95 15.24 17.85 17.75 15.24 16.13 18.06 17.36 11.29 7.76 6.02 3.69 4.77 7.37 9.63 10.57 10.53 9.79 10.23 7.02 6.19 5.56 5.17 7.10 6.41 4.11 3.69 3.86 4.16 6.73 4.65 4.83 5.03 5.27 5.60 6.06 6.48 7.33 7.59 7.75 9.43 10.27 11.09 13.05 13.44 13.62 13.50 13.66 13.35 10.85 10.79 10.91 10.83 10.21 9.34 8.36 5.79
13.29 13.77 12.95 13.46 13.81 14.12 14.85 15.67 15.20 12.07 13.09 15.71 17.03 17.96 17.24 15.90 16.49 17.81 19.45 20.55 20.83 16.58 14.31 13.01 14.45 14.94 14.96 17.75 19.14 16.24 10.77 8.37 7.02 5.10 1.68 5.58 7.02 7.94 9.21 10.21 9.42 9.38 9.07 10.36 8.64 6.97 5.39 3.96 4.42 3.52 3.94 4.40 4.66 4.68 4.79 4.97 5.28 6.06 6.71 9.14 9.91 10.14 11.12 13.17 13.77 14.21 13.35 13.25 14.28 14.17 13.30 14.14 13.38 11.30 11.07 10.81 12.76 9.96 5.97
14.01 11.19 12.19 13.46 13.79 14.31 12.57 14.22 14.62 12.65 15.72 16.81 17.53 18.13 18.25 18.87 13.91 18.62 20.24 20.57 19.77 13.43 11.27 11.49 13.47 14.36 16.79 19.15 18.38 15.58 12.06 10.13 7.95 6.03 2.21 5.96 6.01 4.82 6.24 8.07 11.96 10.73 6.40 6.75 5.69 5.18 4.19 3.63 3.30 3.34 3.77 4.77 5.23 5.25 5.31 5.38 5.46 7.81 10.42 12.68 12.96 13.54 14.55 15.04 15.29 14.99 14.36 14.10 13.71 13.31 13.52 13.92 13.53 11.35 11.03 10.62 10.78 10.68 9.27
14.31 13.12 13.80 14.59 13.51 13.43 11.97 14.85 16.23 15.72 16.67 14.34 17.97 18.60 14.48 14.80 20.28 19.82 20.77 20.18 17.32 11.61 10.40 12.94 15.04 17.19 19.07 19.94 17.16 17.34 15.00 12.87 11.93 6.87 3.66 6.96 6.19 3.47 3.54 2.02 2.35 2.16 0.79 4.21 5.21 5.78 3.92 6.83 3.12 3.11 3.71 6.75 8.62 8.50 8.17 9.01 10.54 12.91 10.50 10.58 11.89 13.73 13.98 13.11 13.31 13.44 13.26 13.08 13.15 14.06 13.55 13.42 13.44 13.36 10.92 10.39 12.37 10.54 10.03
13.38 13.91 13.52 11.69 12.47 13.43 14.97 14.27 14.56 17.05 17.34 14.71 14.84 15.11 20.69 20.65 19.48 18.97 16.75 17.60 16.87 11.54 11.78 15.66 15.95 17.95 19.37 18.85 19.84 18.93 16.09 14.38 14.77 8.69 3.82 7.43 6.77 3.86 3.44 2.13 0.90 1.86 1.38 1.67 5.42 4.36 8.03 3.88 3.60 3.25 6.64 8.50 7.38 11.37 13.06 12.63 12.19 11.83 11.29 10.42 7.23 7.42 8.41 13.32 15.58 14.44 14.40 14.15 13.74 13.71 13.53 13.40 13.27 11.08 10.73 10.11 10.06 9.94 9.45
13.14 12.22 11.63 12.17 13.15 13.29 13.62 14.89 14.87 14.81 14.95 15.34 15.58 20.16 19.74 16.83 17.08 15.38 15.07 17.11 16.69 13.71 13.48 13.46 13.59 14.73 14.49 17.48 18.02 19.14 15.08 15.24 15.08 8.86 4.82 6.46 6.00 3.85 3.28 1.93 3.00 1.78 2.35 1.12 1.26 3.18 5.34 5.87 5.75 5.20 6.99 7.50 6.70 6.99 8.61 11.11 6.39 6.69 11.27 11.27 7.90 7.42 7.31 7.90 14.09 14.55 14.18 13.86 13.21 13.07 13.02 12.98 10.80 10.94 10.67 9.88 8.90 7.97 8.63
13.41 12.85 12.11 13.60 13.44 13.83 15.01 15.11 15.19 15.25 15.60 16.20 16.44 20.26 15.84 14.82 15.61 14.85 15.91 17.51 15.70 14.53 14.18 10.55 12.75 14.43 17.73 15.81 19.22 18.27 14.91 15.91 14.36 8.80 5.06 5.36 4.81 2.08 2.01 1.80 1.83 2.98 3.39 3.09 2.65 2.42 2.06 1.77 2.05 4.94 5.76 6.19 3.79 6.22 4.21 11.77 6.42 6.66 6.99 11.77 11.40 8.45 7.46 7.18 8.58 10.07 13.28 14.71 13.72 10.50 10.10 14.59 10.88 10.77 9.73 9.55 9.33 9.21 5.56
13.65 12.75 13.51 13.66 13.98 15.16 15.38 15.56 18.07 15.75 16.48 19.62 16.23 15.45 13.89 13.71 14.43 15.15 16.49 16.80 15.45 15.95 15.68 14.53 13.13 13.33 14.05 17.79 22.44 16.66 14.26 14.90 13.13 8.88 5.09 4.04 2.35 1.32 1.09 1.63 2.92 3.81 3.86 3.89 3.88 1.62 1.60 1.63 1.92 2.40 3.19 3.37 3.68 3.69 4.01 1.59 9.90 6.51 12.63 11.71 11.70 11.88 8.54 7.19 8.51 9.12 8.99 9.78 9.79 9.13 6.97 8.72 9.29 6.82 6.44 6.26 5.98 5.68 5.43
12.91 12.44 13.92 14.16 15.50 15.27 16.92 17.32 17.91 19.44 18.89 14.40 14.59 14.12 14.24 14.37 14.27 16.16 16.96 16.48 16.62 15.74 15.50 10.29 17.25 14.49 21.97 19.68 17.38 14.36 11.24 13.31 13.57 9.24 4.46 3.75 2.61 3.36 4.88 6.02 5.10 4.84 4.29 3.95 4.08 1.89 2.17 1.53 1.79 2.28 2.76 3.15 3.60 3.67 4.09 7.07 10.79 9.95 7.15 7.77 8.05 8.04 6.48 7.12 7.47 7.49 7.77 8.00 7.56 7.06 7.02 7.20 7.01 6.71 6.47 6.22 12.43 10.05 5.41
13.05 12.64 15.10 15.35 15.01 14.43 16.40 18.14 18.60 19.29 14.62 14.02 13.66 14.06 16.90 16.02 14.76 18.50 18.60 17.27 15.60 15.50 14.91 13.28 15.78 17.92 17.72 15.90 16.15 14.34 9.70 13.90 14.35 10.57 10.00 3.55 1.15 1.40 4.82 4.11 3.23 4.61 5.08 4.38 2.53 2.15 2.24 1.37 1.61 2.11 2.63 3.05 3.50 3.96 4.32 5.46 6.41 6.52 6.71 7.09 7.34 5.86 6.34 6.91 7.15 7.30 7.57 7.65 7.25 7.05 7.06 7.00 6.77 6.62 6.42 6.13 5.88 5.59 5.22
13.78 13.32 14.40 14.64 13.26 13.03 15.46 19.01 15.97 15.07 14.42 13.28 13.72 14.45 17.29 16.69 15.18 18.25 15.98 15.93 15.16 14.56 14.14 14.29 16.88 16.32 15.36 15.89 17.42 14.79 10.10 14.51 14.45 11.23 3.97 10.28 4.37 6.29 2.75 1.12 2.37 3.75 4.35 4.74 2.95 2.37 1.34 0.86 0.89 1.39 1.93 2.37 2.84 3.30 3.85 5.19 5.61 4.49 4.64 4.84 4.90 5.14 5.64 6.04 6.37 6.59 6.63 6.60 6.49 6.52 6.54 6.40 6.15 5.99 5.80 5.58 5.32 4.94 4.65
14.22 14.74 13.95 14.16 13.57 14.49 17.05 16.92 14.55 13.81 13.07 13.50 14.01 14.05 16.92 15.35 14.94 15.64 16.23 13.95 14.29 13.33 13.03 14.47 16.23 15.80 16.54 17.79 18.52 13.48 10.85 14.50 14.54 11.59 5.46 2.27 5.40 6.74 2.68 2.20 1.53 2.50 2.09 4.94 4.75 2.51 2.00 0.77 0.19 0.80 1.38 1.78 2.22 2.67 3.13 3.41 3.54 3.71 3.88 4.01 4.19 4.54 4.96 5.29 5.65 5.83 5.74 5.78 5.93 6.03 5.97 5.78 5.44 5.23 5.14 5.00 4.73 4.48 4.45
15.87 14.76 13.68 13.68 13.26 14.37 18.26 14.72 14.67 13.56 13.19 15.06 14.67 13.85 14.79 15.04 15.23 20.10 13.47 11.49 13.68 12.73 13.14 14.26 16.27 15.41 17.08 18.84 17.11 12.24 13.10 15.89 16.70 15.48 5.42 5.09 6.60 5.26 1.71 2.60 2.36 2.40 4.46 1.92 4.76 2.62 2.27 1.65 0.58 0.47 0.94 1.29 1.66 2.04 2.35 2.49 2.70 2.97 3.17 3.36 3.65 3.95 4.27 4.60 4.90 5.04 5.07 5.20 5.35 5.38 5.19 4.99 4.74 4.64 4.66 4.60 4.47 4.40 4.28
15.91 14.54 13.41 13.49 14.12 18.69 15.68 15.12 13.65 13.13 16.02 15.85 14.15 13.33 18.72 16.41 17.06 17.15 16.71 13.29 13.76 13.31 14.11 14.71 16.38 15.89 15.30 19.66 15.06 12.46 15.93 17.29 17.23 16.51 4.08 6.30 4.70 4.75 0.84 3.72 2.79 2.71 3.88 2.59 2.09 4.51 5.15 1.78 0.99 0.37 0.92 0.99 2.86 1.42 1.62 1.79 2.06 2.34 2.57 2.80 3.05 3.26 3.58 3.89 4.13 4.33 4.46 4.51 4.57 4.53 4.32 4.29 4.30 4.36 4.46 4.43 3.75 4.97 5.65
15.81 14.10 13.29 14.30 15.57 17.79 15.69 13.85 13.12 15.10 16.54 14.28 15.80 13.43 14.34 15.37 19.03 18.21 16.36 14.81 14.16 14.38 14.89 15.41 15.12 14.95 16.36 18.52 14.47 15.28 18.16 17.84 15.89 14.84 7.84 5.25 4.27 4.33 3.64 5.89 4.67 3.21 4.23 3.17 4.20 6.28 3.84 1.40 3.49 0.58 0.45 1.29 1.15 1.19 1.28 1.41 1.59 1.79 1.98 2.20 2.41 2.66 2.99 3.26 3.50 3.71 5.77 3.76 3.80 3.79 3.77 4.01 4.14 4.22 3.10 7.80 9.55 9.15 5.63
15.51 13.89 13.75 15.24 16.92 15.86 14.17 12.99 15.08 16.40 13.87 13.76 13.67 14.57 15.82 19.24 24.47 16.39 15.83 14.71 13.85 14.21 14.91 14.40 14.70 15.76 18.65 16.96 16.63 18.41 18.90 16.76 15.67 14.44 9.85 5.97 3.16 4.09 4.92 5.56 5.64 3.80 3.30 5.17 3.95 4.65 4.56 7.43 7.62 1.79 2.03 4.88 0.12 1.63 1.57 1.54 1.57 1.66 1.74 1.84 2.00 2.23 2.50 3.43 4.83 3.05 3.08 3.16 3.31 3.48 3.69 3.94 3.51 4.15 9.58 8.91 5.80 7.88 8.75
14.87 13.78 14.19 15.36 15.08 14.68 13.40 12.75 13.15 13.44 13.83 14.57 15.43 18.50 19.40 20.56 13.39 15.52 13.58 12.72 14.39 13.67 14.92 15.08 15.54 16.24 16.30 18.09 18.78 18.92 17.10 15.50 15.76 13.83 9.71 6.93 5.01 4.18 5.73 5.62 5.44 4.02 3.91 4.90 4.89 6.25 6.66 7.13 7.86 2.44 2.65 2.48 2.29 2.21 2.10 2.00 1.24 0.05 0.76 0.69 0.85 1.08 1.72 2.63 2.38 2.51 2.71 2.97 3.25 3.49 2.23 4.51 9.22 8.85 5.59 7.85 8.46 8.72 6.69
14.02 13.74 14.41 14.89 14.27 13.92 12.93 12.46 13.10 13.89 15.06 18.89 19.34 19.71 23.99 20.43 16.74 14.57 15.04 12.93 14.62 14.13 12.99 15.14 15.51 16.06 18.60 18.95 19.29 18.29 16.19 15.93 16.98 14.55 8.45 7.51 5.86 5.07 6.43 6.99 6.56 4.60 5.50 6.32 5.33 6.14 6.37 4.06 4.58 2.81 3.42 3.13 2.87 9.48 2.59 2.47 4.56 2.23 8.34 7.66 0.96 0.42 1.04 1.38 1.39 0.99 2.82 0.68 1.19 2.98 7.19 7.93 7.34 4.26 7.05 8.24 8.73 8.75 8.28
13.28 13.53 14.19 14.23 13.63 13.13 12.52 12.72 14.20 18.42 19.52 19.90 19.77 23.53 24.08 13.78 15.64 15.46 12.68 11.13 12.96 13.20 12.41 14.28 15.54 15.96 18.30 19.38 19.53 18.03 17.10 17.53 18.02 12.87 7.86 7.45 7.47 5.99 7.03 7.68 7.26 4.52 4.52 7.22 5.58 5.06 5.48 7.63 7.77 3.47 4.22 3.89 3.64 9.01 3.21 3.13 9.75 2.81 7.97 9.64 2.47 2.47 5.85 4.97 3.83 1.31 0.89 9.97 11.16 8.50 7.39 7.60 7.35 7.03 7.52 7.81 8.50 5.96 7.87
12.86 13.19 13.80 13.82 13.23 12.99 13.34 14.81 19.46 20.43 23.22 23.55 23.85 24.60 14.79 16.46 14.59 12.51 12.65 11.55 13.47 13.79 13.49 14.53 16.03 16.41 17.98 19.48 18.64 17.57 17.48 16.93 15.38 11.79 8.59 7.93 8.84 7.75 7.99 8.68 7.89 4.99 3.12 6.12 7.24 5.70 6.00 5.37 5.17 8.24 3.93 4.67 4.43 4.20 3.95 3.87 3.79 5.31 3.49 8.04 3.09 5.30 2.94 7.44 8.74 8.85 9.01 9.54 3.00 10.08 7.15 5.11 9.42 9.42 5.40 7.48 5.23 5.43 6.35
12.56 12.85 13.50 13.79 13.79 14.44 15.67 20.15 20.89 23.09 21.76 22.03 21.56 14.24 16.18 15.28 13.41 11.81 13.88 11.11 14.95 14.73 14.47 13.89 15.45 15.35 16.26 19.80 19.28 18.75 18.09 15.03 14.03 11.45 8.87 8.86 10.11 9.05 9.16 11.00 9.08 6.31 3.44 5.00 6.61 6.13 7.21 7.10 5.98 6.60 4.93 5.53 5.13 4.95 9.84 4.55 4.52 4.38 4.23 9.11 3.81 3.55 3.48 8.58 7.39 8.25 8.51 8.81 9.33 11.29 8.80 8.44 8.90 9.09 5.03 6.12 4.09 1.00 0.69
11.93 12.33 13.30 14.31 18.54 19.13 20.20 23.69 23.18 22.57 21.32 19.94 17.40 13.58 15.04 14.46 14.69 11.83 14.99 13.70 14.94 15.30 15.66 15.16 16.09 15.76 16.70 17.71 20.65 19.65 17.67 12.94 12.16 11.27 9.70 9.60 12.55 9.34 9.82 13.57 10.02 7.41 4.17 3.54 6.95 6.64 6.91 6.72 6.49 11.09 6.82 5.27 5.88 8.40 5.43 5.27 5.23 5.15 5.06 4.94 7.08 4.30 9.73 10.27 10.32 8.56 5.34 10.10 8.67 8.70 8.00 4.62 7.93 8.57 8.76 6.00 0.47 0.89 3.29
11.59 12.40 14.05 19.07 20.28 20.41 23.43 23.14 22.49 21.48 19.16 17.25 15.54 13.30 14.85 16.57 14.54 12.48 15.33 13.31 14.99 15.71 15.70 15.18 15.42 15.86 16.99 18.27 20.21 17.84 14.80 12.17 11.35 11.80 11.29 10.85 13.77 10.17 11.05 14.50 10.31 9.29 4.84 7.76 6.88 4.22 6.37 7.18 6.34 10.31 9.97 5.92 5.89 6.54 9.57 6.00 5.90 5.87 5.88 3.04 5.54 6.49 7.07 4.82 10.41 9.59 9.59 4.49 4.60 7.82 6.90 7.33 7.98 8.12 8.82 9.92 4.56 4.59 4.51
12.10 13.15 15.07 19.98 20.67 19.61 18.11 17.21 17.67 18.05 14.52 15.55 15.76 16.94 14.93 16.60 14.55 13.04 14.80 14.09 15.46 15.05 15.63 12.84 14.65 14.69 15.71 19.00 19.72 15.78 14.50 11.84 11.19 12.98 13.22 12.26 14.15 11.67 12.24 14.90 12.20 14.37 9.08 10.52 8.08 7.10 6.69 5.60 6.53 8.12 8.52 7.66 7.41 7.36 7.07 9.47 6.39 6.47 6.67 11.19 6.01 6.61 5.55 9.29 6.48 5.75 5.75 5.07 5.17 9.14 6.14 5.22 4.02 4.07 6.82 9.33 9.97 7.74 4.88
12.44 13.32 15.30 19.59 18.14 15.36 15.02 15.47 16.28 17.05 13.83 12.74 13.77 16.87 14.82 16.57 14.34 14.51 14.41 15.67 15.05 14.78 13.75 13.94 15.15 14.76 16.44 19.55 18.19 15.18 16.65 12.82 10.77 12.55 13.79 15.11 15.48 12.67 12.87 15.33 16.16 17.42 11.12 9.41 8.38 7.52 7.38 7.47 7.14 7.07 7.17 8.35 8.15 8.17 8.05 7.61 10.12 6.79 7.33 9.73 4.52 6.85 6.53 6.30 7.83 7.03 6.87 5.70 5.75 5.91 8.66 6.37 6.18 4.60 5.55 6.54 7.87 5.57 0.98
