examples/cougarCreek-fire/createInputs/farsite/7a-cougarCreek-polygonIgnit/cougarCreekFire_08-12-2015_2200_217m_non_neutral_stability_ang.asc
ncols	146
nrows	140
xllcorner	610065.000000
yllcorner	5095217.000000
cellsize	216.586807
NODATA_value	-9999.000000
[rows 0 to 41 of 140, columns 0 to 93 of 146]
315 312 308 308 308 307 306 305 305 297 305 306 306 306 305 305 304 303 301 300 299 294 301 304 305 304 302 302 302 301 300 298 297 297 298 299 300 332 311 304 312 316 307 319 317 321 311 312 313 313 313 313 313 314 315 316 317 317 316 317 318 320 321 324 331 347 33 85 101 105 105 104 104 105 106 109 109 107 106 107 108 110 112 104 101 105 114 102 102 108 114 109 106 118
315 312 308 308 308 307 306 305 305 297 305 306 306 306 305 305 304 303 301 300 299 294 301 304 305 304 302 302 302 301 300 298 297 297 298 299 300 332 311 304 312 316 307 319 317 321 311 312 313 313 313 313 313 314 315 316 317 317 316 317 318 320 321 324 331 347 33 85 101 105 105 104 104 105 106 109 109 107 106 107 108 110 112 104 101 105 114 102 102 108 114 109 106 118
316 313 309 308 308 307 306 306 305 305 305 305 305 306 305 305 304 304 302 301 301 297 301 302 303 303 302 302 301 301 300 299 298 298 299 300 301 302 304 305 306 307 308 309 310 312 313 314 315 316 317 317 317 318 319 320 322 323 323 324 327 331 335 343 356 22 57 82 95 100 100 100 101 102 104 106 107 107 106 106 107 109 110 111 112 112 113 113 112 112 112 112 114 116
318 315 310 309 309 309 308 308 307 306 306 305 305 306 306 306 305 305 304 304 303 300 300 300 301 302 302 302 301 300 300 301 301 301 301 302 302 303 305 306 308 309 311 312 313 314 316 317 318 320 322 323 323 323 325 326 329 331 332 335 339 344 351 1 16 35 55 72 84 90 91 93 96 98 100 101 103 104 104 104 105 106 107 108 109 110 111 111 112 112 113 113 113 116
318 316 311 309 309 309 308 305 303 305 307 306 306 306 306 306 306 306 305 305 303 301 301 301 301 302 302 301 301 301 301 302 302 302 303 304 304 305 307 309 310 312 313 315 316 317 319 321 323 325 326 327 328 353 330 333 335 338 340 344 349 355 4 14 28 44 58 71 80 86 89 92 94 96 97 98 100 101 102 103 104 104 105 106 108 109 109 110 111 112 113 113 82 91
317 315 311 309 308 308 308 308 307 306 305 307 305 306 306 306 307 306 306 305 304 301 300 300 300 301 302 302 301 302 303 303 303 303 304 305 306 307 308 310 312 314 315 317 319 320 323 325 327 345 349 351 333 334 336 339 341 344 348 352 358 5 14 26 40 52 67 74 82 88 91 93 94 95 96 97 98 100 101 102 103 104 104 105 106 107 108 109 109 111 112 112 113 82
315 313 310 308 307 307 308 307 307 307 305 304 308 305 306 306 307 306 304 303 304 303 302 302 304 307 303 307 307 308 304 304 304 305 306 306 307 308 310 319 321 315 327 319 321 334 339 343 346 349 19 336 359 339 341 344 347 351 355 0 7 43 52 36 48 62 69 78 85 91 92 93 94 95 96 97 98 100 101 102 102 103 103 103 129 105 107 108 109 110 111 112 112 79
314 312 309 308 307 306 306 305 303 304 304 303 306 311 312 306 306 311 307 304 304 304 303 302 303 306 307 307 307 308 304 310 310 306 307 307 308 310 317 319 322 325 328 330 333 340 345 347 350 19 358 357 342 344 347 350 353 357 2 8 38 47 34 45 55 68 73 81 88 93 93 94 94 95 97 98 99 100 101 102 102 103 103 103 104 105 106 107 108 109 110 111 111 112
312 310 309 308 307 310 305 309 306 305 305 304 304 308 311 304 312 311 308 303 304 304 301 302 302 305 306 307 307 308 310 310 311 306 307 311 314 315 317 319 322 327 330 332 336 341 346 349 352 354 356 1 9 8 10 355 359 4 32 16 38 33 42 52 61 70 74 70 90 94 94 95 95 97 98 98 98 100 101 102 102 102 103 103 104 105 105 106 107 108 109 110 111 111
310 308 307 307 306 304 306 308 307 307 306 305 305 306 310 311 311 311 308 301 301 304 302 301 306 303 305 306 307 307 310 310 311 312 312 312 314 316 317 320 324 329 332 335 340 345 346 349 354 357 2 6 15 11 357 1 5 10 31 23 31 40 48 59 65 65 68 69 93 96 96 96 97 97 98 98 99 100 101 102 102 102 103 103 103 104 104 105 106 124 108 109 110 111
319 306 305 305 305 305 302 304 305 306 306 306 305 307 308 309 310 304 308 305 301 307 303 302 301 318 325 326 307 307 310 311 311 313 312 313 314 316 318 321 325 330 334 5 10 8 351 354 358 22 29 29 9 359 2 6 11 24 22 30 38 38 58 66 62 65 74 77 94 97 97 97 98 98 98 99 100 101 101 101 102 102 102 102 102 116 123 104 105 107 108 109 110 110
305 304 312 309 307 304 304 302 303 308 308 305 306 305 306 306 302 310 307 306 304 307 307 303 301 312 326 325 323 306 310 310 311 313 313 313 314 316 320 322 325 349 355 2 11 14 354 357 18 27 27 10 1 4 9 19 24 27 29 35 43 54 64 65 69 79 85 90 95 98 98 98 98 98 99 99 100 101 101 101 101 102 102 102 102 103 103 104 105 106 107 109 109 110
303 302 301 308 307 305 303 300 300 302 306 308 311 305 305 305 307 308 304 304 306 308 310 301 301 303 326 324 324 329 309 310 311 312 313 314 315 317 321 323 341 353 359 6 13 12 354 13 20 8 9 9 5 8 17 26 29 33 36 32 55 66 69 69 75 81 87 92 96 99 99 99 99 99 99 100 101 101 101 101 101 101 101 102 102 102 103 104 104 105 107 108 110 110
300 300 299 299 300 302 301 302 296 298 300 303 305 311 304 304 305 306 304 308 306 306 311 307 300 304 324 324 327 334 335 311 325 325 323 323 328 330 327 329 348 3 9 12 11 352 355 16 20 8 10 10 10 12 24 31 37 44 47 55 69 73 65 71 78 83 88 93 97 100 100 100 100 100 100 100 101 101 101 101 101 101 101 101 102 102 102 103 104 105 106 108 110 111
297 297 297 298 298 298 299 300 301 295 295 298 299 300 307 315 319 320 316 313 313 311 313 314 306 307 320 323 327 334 337 310 322 324 322 323 329 331 323 320 12 14 11 10 5 4 12 23 30 25 11 13 15 19 27 31 44 48 52 58 56 62 68 74 74 70 73 75 98 101 78 100 99 100 100 100 100 100 101 101 101 101 101 101 101 102 102 103 103 110 121 111 110 133
296 296 295 296 296 296 301 302 300 296 295 296 298 296 297 307 319 322 317 314 316 314 315 319 313 310 318 323 327 336 334 325 324 325 323 326 327 328 329 335 12 15 13 12 9 15 26 33 33 22 11 17 29 32 30 35 50 49 51 54 61 64 61 63 65 68 76 94 98 101 101 100 99 99 100 99 99 99 100 101 101 101 101 101 101 101 102 102 103 104 108 108 108 122
294 294 294 294 295 296 296 300 301 300 297 297 306 306 296 288 293 314 312 311 316 315 316 303 317 312 317 324 333 337 330 322 326 327 326 328 326 326 333 348 3 12 17 20 20 27 32 33 27 20 15 34 43 43 38 46 51 50 52 56 60 58 60 64 66 75 91 76 98 100 100 99 99 99 99 100 99 99 100 101 101 101 101 101 101 101 102 102 103 104 105 105 107 111
293 293 292 293 294 295 293 296 300 306 298 297 299 307 292 283 283 292 298 298 305 306 316 328 323 315 321 328 333 331 326 325 327 327 331 329 325 328 337 356 6 13 16 19 25 30 33 31 26 26 36 48 51 42 45 50 52 45 56 57 56 58 64 70 74 88 91 94 99 99 99 99 99 99 99 100 100 100 100 100 101 101 101 101 101 102 102 97 95 104 105 105 107 110
292 291 291 291 292 293 293 296 306 309 299 297 290 293 298 298 295 296 299 296 301 305 305 321 322 318 324 330 332 331 329 330 328 330 333 329 324 329 342 356 5 13 19 25 26 27 32 32 27 35 44 51 46 33 46 52 44 48 55 54 56 58 72 74 84 87 94 104 97 99 99 99 99 99 100 100 101 100 100 100 101 101 102 102 102 102 103 97 94 105 105 91 98 109
290 291 290 291 291 292 294 295 305 308 298 297 291 294 304 309 308 304 305 301 304 311 303 308 318 323 329 332 332 331 332 332 341 315 317 327 325 326 343 360 8 17 25 30 32 32 35 38 44 49 47 43 30 38 49 41 40 50 51 51 59 62 70 70 78 88 92 95 97 99 99 99 99 99 100 100 100 101 101 101 101 102 102 102 103 103 103 90 88 106 106 100 101 103
289 290 290 293 295 295 294 294 296 306 296 298 307 295 295 305 311 309 310 306 307 316 301 301 306 322 332 332 332 332 334 336 313 317 318 326 332 324 342 11 21 29 32 34 36 40 43 48 23 51 47 40 35 52 39 41 49 50 55 52 54 63 69 70 86 89 92 95 97 99 99 99 99 99 99 100 100 101 101 102 102 102 103 103 103 103 104 105 106 107 87 99 100 107
288 288 289 293 294 293 293 293 295 306 299 298 312 309 289 298 291 296 304 303 302 313 306 306 310 318 328 329 331 335 336 341 314 318 319 318 337 326 350 23 37 26 42 42 40 39 43 51 51 37 41 37 45 41 41 37 48 59 60 51 57 65 63 83 81 85 87 90 97 98 98 99 99 99 99 99 100 101 101 102 102 103 103 103 103 104 105 106 107 108 89 95 93 93
287 287 288 288 290 290 290 291 292 302 299 296 307 319 297 297 284 298 291 300 302 307 306 304 307 318 328 330 334 340 340 324 313 344 318 321 331 329 356 27 20 29 34 42 42 46 50 50 40 34 36 31 36 42 46 48 51 56 56 52 64 68 75 81 84 85 85 95 97 98 99 99 99 99 99 99 100 101 101 102 103 103 104 104 104 105 106 107 108 85 102 104 106 109
285 286 286 287 287 288 288 290 296 302 301 294 297 314 307 299 297 296 298 307 311 311 310 300 296 310 331 332 337 339 335 337 313 317 318 323 331 336 355 27 40 32 36 44 46 49 49 45 36 38 31 46 34 33 40 51 50 56 61 64 73 75 75 83 77 82 83 85 97 99 99 99 99 99 99 100 100 101 101 102 103 104 105 105 105 106 107 108 87 116 121 122 117 118
284 284 285 285 286 287 287 289 290 300 306 297 296 309 310 301 298 298 298 299 306 313 315 308 299 304 327 332 333 330 329 336 325 319 337 329 333 343 6 33 39 40 47 16 53 47 47 49 46 44 28 45 39 44 50 59 64 69 71 71 74 76 62 62 80 82 83 86 98 91 99 98 98 99 99 100 100 101 102 102 103 104 105 106 106 106 107 108 110 123 123 117 115 121
283 283 283 284 285 286 287 289 289 295 304 299 293 297 309 305 299 298 297 295 298 310 314 311 306 308 323 333 327 324 333 318 325 354 321 328 339 354 26 31 28 44 46 48 52 34 62 42 50 42 50 31 48 48 56 68 74 71 73 72 74 76 63 79 85 83 84 89 94 97 97 98 98 98 99 100 100 101 102 102 103 104 105 106 107 107 108 109 110 116 127 122 116 119
282 282 283 283 284 286 285 286 284 288 298 295 293 293 301 308 302 299 300 298 299 309 312 310 307 308 323 330 323 325 330 333 348 348 339 337 348 5 28 36 36 36 40 43 46 50 51 50 46 40 52 39 48 48 54 64 72 74 71 71 72 77 78 78 81 85 91 93 95 97 98 97 98 98 99 99 100 100 101 103 103 104 106 107 107 108 109 109 96 105 121 114 122 119
281 282 282 283 281 282 284 284 277 279 291 295 298 292 289 296 296 298 302 300 302 310 312 305 303 306 322 328 324 327 331 335 338 338 339 345 1 22 32 34 34 33 38 45 49 51 51 54 55 39 57 42 51 44 54 69 73 71 71 74 76 80 87 95 100 101 98 93 91 90 91 97 98 98 98 99 99 100 101 103 104 105 106 108 108 109 109 109 94 97 100 103 104 105
280 281 282 282 283 281 283 285 286 283 289 296 302 292 284 290 294 296 301 300 302 309 312 303 297 297 309 329 327 328 332 337 337 339 348 2 23 34 33 36 39 41 46 55 61 46 50 53 51 57 63 48 53 45 65 76 76 76 81 87 90 90 92 94 97 99 100 95 93 92 92 96 97 98 98 99 100 101 102 103 104 105 107 109 109 109 110 110 88 89 114 116 95 98
279 280 281 282 282 280 281 285 293 290 292 296 302 309 295 291 295 297 300 299 301 308 310 309 300 297 301 316 332 332 330 336 342 348 352 2 24 33 34 42 46 53 50 38 45 51 55 56 59 63 67 49 54 56 79 83 83 82 83 84 85 86 88 91 91 91 92 93 94 95 94 95 96 98 98 99 100 101 102 103 104 106 108 109 109 110 111 111 113 90 93 96 103 106
278 279 280 281 281 281 281 282 283 286 286 292 296 305 304 293 298 303 306 305 307 312 311 313 308 305 306 310 330 340 338 342 350 358 3 10 27 24 41 45 39 48 34 42 49 54 57 39 64 67 70 48 61 77 83 78 74 76 79 81 84 88 91 91 90 87 87 87 88 88 86 96 97 98 98 99 100 101 102 104 105 106 108 108 110 111 112 113 114 102 104 105 104 101
277 278 279 280 281 281 282 282 280 282 281 281 286 290 302 293 294 300 305 308 311 314 313 313 310 307 308 309 326 343 346 346 356 7 12 11 20 18 37 34 44 52 39 47 53 57 60 45 66 69 71 74 67 74 68 64 70 75 79 82 86 90 92 90 88 88 90 92 92 92 93 97 99 99 98 99 100 101 102 104 105 107 109 110 111 113 114 114 115 104 103 102 102 100
275 276 278 280 280 283 283 283 280 282 283 284 291 295 300 294 289 290 295 301 309 315 316 315 314 311 307 305 319 344 348 346 349 8 17 14 15 27 36 46 44 56 44 53 58 62 65 101 69 70 72 74 58 65 62 67 78 82 84 83 84 86 89 93 96 90 101 92 105 109 94 104 102 96 98 99 101 109 115 103 105 107 110 111 112 113 114 115 143 104 100 101 104 106
274 274 283 279 285 285 285 284 283 282 288 293 299 299 298 295 289 285 283 285 292 303 312 316 318 318 315 309 311 341 358 355 345 6 20 24 29 40 50 57 62 59 49 57 88 95 97 102 75 76 75 92 98 77 73 80 85 87 89 87 91 90 93 89 90 96 91 98 99 95 90 88 96 98 99 100 100 101 112 103 105 106 109 112 113 113 114 115 144 125 103 103 107 110
273 274 275 284 285 285 285 289 290 290 289 289 293 297 300 295 289 285 282 283 287 291 295 302 313 323 324 317 317 344 14 5 356 9 25 33 42 52 70 78 78 79 83 86 88 94 97 103 80 83 83 81 101 106 103 97 90 90 93 96 98 95 89 89 89 91 91 88 83 93 94 96 89 96 103 104 103 101 102 104 105 107 109 112 114 114 114 116 145 139 106 104 107 107
274 275 276 277 282 284 285 285 285 286 282 277 277 285 296 300 299 300 303 301 296 291 289 287 280 273 298 313 322 359 21 26 3 9 26 31 38 43 46 52 55 64 71 65 71 75 90 96 106 85 87 88 88 107 104 105 100 97 96 95 93 91 88 86 85 87 85 92 93 94 95 89 94 99 101 102 100 101 103 104 106 107 110 113 116 116 115 117 147 146 112 106 108 107
275 276 277 280 282 296 295 286 282 280 278 276 279 278 283 289 293 295 296 289 280 279 278 271 263 260 267 281 300 19 11 28 31 12 18 28 28 30 33 38 43 50 57 65 70 75 80 83 97 109 94 96 90 92 90 90 107 106 105 104 102 101 99 96 92 88 87 87 91 94 90 91 93 93 98 99 101 102 103 105 106 108 110 113 117 118 117 118 151 149 122 108 107 108
276 277 278 280 282 283 285 279 287 273 272 278 281 276 271 273 275 270 263 260 263 269 268 262 260 260 268 265 246 201 3 10 15 44 48 61 57 44 43 48 51 54 56 63 69 74 79 82 87 97 107 97 98 99 97 96 95 96 98 99 99 100 101 102 103 104 105 106 108 109 108 109 97 95 97 100 101 102 104 106 107 109 110 113 118 121 120 119 152 151 120 106 103 105
278 279 280 282 282 282 260 285 270 269 273 276 273 270 268 270 269 263 262 267 268 265 265 264 259 259 270 265 244 309 19 2 14 22 42 60 35 82 83 91 80 75 60 55 66 72 76 79 85 88 96 105 97 92 92 91 90 91 91 91 103 103 104 104 105 106 106 108 109 110 110 110 111 112 106 93 100 102 104 106 108 109 111 113 118 122 122 121 152 155 132 103 103 105
280 281 281 281 282 282 252 284 273 274 277 276 276 274 274 274 270 264 262 264 260 261 271 269 258 264 274 266 253 249 351 357 345 24 64 75 85 12 37 51 68 99 104 100 90 89 89 86 83 86 89 88 91 96 98 92 101 101 92 93 93 105 106 106 106 93 93 93 94 94 94 95 95 114 116 119 121 101 103 105 108 110 112 114 118 123 124 122 123 157 154 111 104 107
280 281 282 280 280 281 256 284 286 276 278 281 283 281 276 273 267 258 257 261 262 270 276 263 258 266 272 266 263 276 346 344 2 25 50 60 64 69 91 20 39 53 64 72 106 105 106 102 101 99 98 97 90 91 92 93 93 92 93 94 97 94 94 94 93 92 92 93 94 94 95 96 96 97 98 99 100 101 128 124 106 110 112 114 117 122 124 124 125 125 158 137 114 111
281 282 282 278 279 259 281 284 287 278 281 281 280 274 268 268 259 256 262 273 278 279 272 257 258 267 271 268 266 263 221 343 5 25 15 13 49 59 61 78 40 101 96 100 103 89 91 92 96 99 99 101 102 101 99 99 98 98 101 100 93 93 93 92 91 91 92 93 93 94 95 97 97 98 99 100 102 103 103 103 136 109 113 115 117 121 124 126 127 126 125 150 126 116
