examples/cougarCreek-fire/createInputs/farsite/7a-cougarCreek-polygonIgnit/cougarCreekFire_08-13-2015_0600_217m_non_neutral_stability_ang.asc
ncols	146
nrows	140
xllcorner	610065.000000
yllcorner	5095217.000000
cellsize	216.586807
NODATA_value	-9999.000000
[rows 44 to 87 of 140, columns 0 to 95 of 146]
301 301 300 322 321 327 337 338 342 338 335 328 335 349 349 360 357 9 23 17 6 352 357 6 13 12 10 14 21 354 340 322 305 279 255 237 222 209 207 206 209 214 212 203 199 212 232 246 266 263 251 258 273 273 254 219 173 129 113 109 104 99 96 84 87 94 100 99 96 92 93 94 87 77 73 79 82 84 200 42 111 152 246 254 35 52 51 46 37 35 33 275 310 242 320 298
327 321 321 325 323 331 331 337 336 324 302 329 353 2 360 360 357 22 37 27 8 357 357 359 6 6 9 23 21 352 341 328 315 294 274 261 244 205 202 213 204 167 151 155 157 201 221 233 264 280 260 216 196 184 167 148 102 91 94 103 105 92 96 98 97 103 160 151 98 124 222 163 174 242 251 225 67 222 223 236 62 123 242 247 205 75 67 55 41 32 42 304 258 257 319 184
296 298 298 321 324 329 327 329 323 299 327 345 6 359 360 2 15 46 36 23 1 350 346 348 0 6 20 37 28 5 345 334 320 301 283 267 257 250 240 211 181 196 294 301 298 245 223 215 227 204 156 123 116 115 109 98 86 80 95 106 111 111 113 115 116 160 118 110 157 103 100 100 99 266 269 315 88 249 235 237 279 94 219 241 214 118 90 73 50 40 330 45 255 228 149 139
293 295 298 326 327 325 305 324 323 323 342 360 7 8 20 40 323 323 18 6 352 339 339 348 5 16 33 43 31 11 356 339 312 305 283 266 261 264 260 255 257 289 314 298 274 232 214 206 157 126 96 96 106 107 101 103 104 112 120 127 144 146 147 146 131 129 161 159 115 117 117 214 222 233 271 290 116 127 114 241 253 68 108 224 209 154 126 108 92 75 51 46 118 348 142 130
289 292 304 320 307 305 294 328 332 336 357 1 7 21 14 318 326 329 7 359 349 337 343 2 15 27 42 42 37 28 5 348 300 311 282 263 264 271 270 292 296 285 301 270 258 230 213 166 139 101 108 127 132 129 123 124 131 135 138 141 139 138 138 139 144 144 140 133 164 184 203 237 214 233 255 257 280 135 257 232 240 290 74 153 177 166 154 141 131 117 88 70 1 121 345 341
290 293 297 297 302 319 331 343 339 348 355 4 10 355 316 357 356 356 351 357 351 342 353 9 9 25 33 36 42 358 5 331 313 309 290 270 260 272 271 290 260 290 265 281 158 232 147 133 116 109 122 131 136 139 142 151 165 162 142 138 136 138 145 150 184 196 201 200 231 229 219 179 192 197 201 221 234 230 135 180 224 249 70 96 116 145 161 159 149 141 131 120 118 350 355 344
290 292 292 299 326 336 334 341 343 352 13 18 7 0 347 345 348 347 352 2 356 349 353 352 0 15 29 39 17 347 0 335 318 317 302 276 264 272 268 273 280 277 287 312 23 105 93 98 104 111 119 123 126 130 141 154 167 168 162 153 132 128 139 154 162 158 152 147 139 137 137 137 137 185 197 192 136 131 134 209 141 123 91 90 96 105 135 152 158 159 153 143 132 118 106 97
287 288 297 327 340 338 340 345 347 4 354 317 359 350 308 342 346 350 359 4 357 357 353 340 1 25 47 55 3 343 359 338 320 322 307 277 276 279 271 267 265 264 266 288 323 347 95 91 98 98 96 98 106 123 137 146 155 161 174 171 161 114 127 146 160 157 176 152 213 166 150 174 174 162 179 137 130 131 141 230 142 131 115 106 267 96 96 109 147 163 158 148 136 120 106 97
286 288 305 334 335 338 343 345 350 4 2 346 337 335 333 338 347 356 0 360 356 3 1 329 11 51 48 7 343 354 354 338 323 323 301 275 282 282 274 270 261 254 248 258 284 290 315 91 99 98 93 95 97 114 136 140 151 168 172 170 169 239 107 133 143 146 153 155 146 92 139 146 145 141 132 124 118 121 134 138 228 127 123 120 113 188 282 93 108 138 141 139 138 126 111 100
291 302 327 337 339 340 343 343 353 357 343 302 327 331 340 344 349 5 358 355 350 357 353 347 31 36 9 3 354 346 345 355 324 323 285 276 275 267 259 256 254 242 233 239 260 277 288 300 322 78 113 106 108 119 125 124 130 154 166 162 161 136 94 96 85 70 133 83 25 13 28 34 19 7 359 354 281 205 261 126 124 124 44 207 191 106 98 104 102 92 85 96 115 116 106 96
293 306 331 331 334 336 351 350 353 351 301 292 333 350 3 355 357 12 2 355 347 350 354 358 17 16 2 355 356 346 343 0 324 324 285 283 304 293 271 267 264 248 225 210 214 236 253 259 252 252 94 74 110 119 119 108 89 62 71 90 73 31 52 53 35 34 46 37 17 2 316 325 4 134 64 132 125 119 76 8 283 262 223 122 117 197 95 219 101 92 89 343 92 105 101 92
286 302 326 326 316 339 357 346 336 336 295 283 350 360 4 344 349 350 335 336 336 340 346 359 12 4 2 9 5 346 345 349 323 321 297 282 318 300 295 290 279 268 238 188 171 169 209 231 243 248 239 134 84 115 107 94 74 57 52 54 38 4 332 178 92 103 277 349 181 105 109 107 192 345 129 127 62 339 167 112 165 193 116 122 115 104 103 101 86 70 74 86 88 83 89 88
278 294 322 323 327 8 2 333 308 322 296 354 299 355 11 352 334 332 318 321 327 330 342 0 12 9 27 33 1 338 344 1 322 316 294 278 320 302 296 294 287 277 265 204 182 165 155 148 157 216 247 125 131 104 97 55 40 34 15 353 123 123 104 104 109 117 155 107 105 109 114 153 189 180 100 102 105 102 104 116 183 125 120 120 115 287 104 97 81 72 74 232 68 194 263 67
285 293 327 340 7 18 307 316 311 323 360 27 341 354 23 350 347 301 293 307 323 324 340 8 10 12 37 14 347 338 353 357 279 272 266 264 323 301 281 297 292 284 277 258 229 173 152 125 139 142 145 212 128 123 115 329 301 139 142 136 132 139 106 110 113 117 119 118 119 121 123 117 164 91 90 98 103 106 113 163 173 174 181 204 112 105 101 93 84 84 86 329 290 249 65 238
295 298 347 326 304 299 327 302 299 360 71 32 338 47 97 227 249 262 263 275 325 329 7 27 9 28 54 4 336 342 353 282 286 280 272 264 311 300 247 303 286 278 277 278 262 202 168 143 132 117 135 150 170 165 205 139 122 124 107 107 131 136 130 133 137 144 123 126 125 121 110 134 94 93 100 109 112 115 157 166 122 115 165 173 179 188 255 90 312 80 77 77 74 69 62 7
298 306 340 314 312 339 287 311 350 47 68 27 81 198 221 255 270 273 269 262 323 326 338 354 360 53 40 352 339 356 274 282 328 314 306 260 291 306 301 289 289 287 270 280 282 291 291 282 216 110 114 127 125 116 108 97 95 106 113 114 115 113 112 115 114 117 152 162 163 141 84 96 106 111 115 119 121 122 162 155 164 111 169 169 162 83 182 218 255 293 70 81 314 336 68 341
296 306 10 1 354 295 276 350 48 89 172 189 211 234 275 285 287 284 278 272 325 325 332 341 24 53 12 351 355 348 277 323 326 316 314 289 255 300 306 303 285 291 286 282 287 284 293 217 216 180 276 164 115 110 106 96 92 101 110 113 114 115 119 123 123 140 127 99 97 97 100 112 118 122 123 122 156 158 118 116 112 172 182 218 235 242 256 258 279 297 308 325 79 335 334 4
294 328 7 346 341 280 262 37 85 139 191 241 294 301 303 300 298 296 292 286 330 324 338 348 32 31 15 5 342 326 325 328 324 311 311 303 251 295 308 302 291 287 285 276 276 280 289 293 206 286 276 275 274 257 106 98 93 96 102 108 111 113 119 125 124 114 103 101 108 115 119 124 126 125 149 148 119 119 117 116 113 107 101 95 89 87 341 329 314 301 291 302 71 338 73 73
328 0 15 343 348 353 349 87 150 204 280 309 313 313 310 307 305 306 305 325 341 329 328 344 10 19 13 4 337 326 322 328 272 314 303 306 298 294 308 300 296 284 288 287 278 280 274 270 270 260 253 260 289 124 119 113 109 106 105 106 108 110 115 121 122 116 115 118 119 123 128 131 128 122 148 119 120 117 113 110 109 105 96 90 341 325 323 323 311 305 302 289 286 293 310 334
24 19 360 10 37 55 149 179 252 308 316 318 317 315 313 311 312 314 315 335 338 336 333 345 6 14 20 359 323 324 325 276 277 311 295 307 306 302 307 302 296 284 288 291 281 282 284 283 278 262 262 272 297 141 140 131 122 114 110 109 110 111 111 114 118 121 124 125 125 125 127 129 127 121 144 118 119 114 109 107 104 101 95 341 327 303 301 311 312 302 297 279 251 253 258 240
9 24 21 274 234 213 241 308 318 321 324 325 323 319 317 316 318 321 331 338 331 345 342 349 1 9 23 355 318 319 300 318 302 312 301 310 316 303 305 304 299 282 269 290 287 279 289 287 234 285 258 258 269 298 152 144 129 121 116 114 113 113 111 111 116 121 124 124 124 122 122 126 127 121 116 113 114 111 221 239 278 316 327 336 348 348 333 324 315 301 300 299 294 304 295 305
351 34 25 7 335 329 326 325 324 324 325 326 324 321 318 316 320 328 356 336 324 2 346 348 2 17 38 271 328 311 303 311 310 308 302 311 317 308 315 309 298 283 267 280 285 284 285 281 236 227 275 251 262 298 160 152 135 125 121 119 118 116 112 109 112 115 118 119 119 119 117 120 124 120 112 105 102 102 99 99 99 78 266 270 265 273 284 287 286 290 285 247 203 250 204 49
40 34 26 342 337 334 331 327 326 325 325 323 320 318 316 314 319 336 0 344 341 13 330 338 4 26 321 281 279 281 303 302 308 307 305 311 315 312 317 249 291 288 261 265 276 281 285 280 296 213 228 268 285 190 170 160 140 128 123 121 121 119 115 112 112 113 115 118 118 116 114 118 131 118 113 140 95 88 85 82 74 67 72 242 196 75 75 72 225 254 199 57 185 286 305 61
37 27 6 340 335 333 332 331 330 329 337 323 320 319 318 318 318 341 1 352 3 327 328 341 2 28 343 291 337 330 313 306 305 309 312 312 315 308 323 247 303 295 237 223 241 266 273 276 259 231 223 269 291 285 180 172 152 134 124 121 121 120 118 116 116 115 118 123 122 117 125 124 110 117 116 109 104 96 89 81 71 358 328 305 334 338 296 285 252 178 58 265 320 75 72 71
26 18 345 336 332 333 343 333 333 331 329 326 323 322 320 323 322 357 358 351 4 354 341 351 360 24 324 298 332 329 321 301 308 314 314 312 324 319 327 256 313 244 229 227 223 219 239 259 249 273 254 252 265 255 266 228 169 145 129 123 123 124 121 104 118 118 121 128 128 121 116 115 149 115 246 111 112 116 343 17 85 85 86 188 281 299 292 269 69 64 68 224 247 270 268 42
23 13 353 328 328 331 332 333 333 332 331 330 326 323 326 325 325 8 355 345 359 356 356 358 7 30 295 306 340 333 333 314 301 311 320 322 324 316 332 270 260 238 283 232 224 217 240 259 252 252 251 252 261 262 210 247 236 164 141 125 122 125 123 120 120 120 123 127 129 127 120 116 135 114 115 264 48 190 115 108 99 94 92 89 82 77 73 68 63 66 73 72 70 247 50 38
25 13 327 321 322 326 330 332 332 342 333 334 330 326 322 328 329 13 356 347 351 359 9 6 29 13 301 320 341 344 343 316 304 308 319 320 317 322 333 276 249 248 241 232 223 215 272 261 252 228 222 248 260 250 240 204 217 115 158 134 120 118 119 120 121 122 124 132 128 127 125 119 99 57 322 301 308 126 100 176 98 97 96 92 88 83 74 68 67 70 73 71 75 72 52 272
354 340 324 335 321 324 328 343 343 342 345 346 344 335 323 332 335 15 359 352 349 4 19 10 20 359 328 338 340 349 346 323 309 316 316 317 315 320 334 251 282 327 235 312 222 216 209 265 265 259 231 222 252 260 268 229 207 220 165 148 127 115 114 116 119 120 122 126 148 125 124 120 80 279 282 308 348 344 12 345 97 99 331 92 86 80 76 76 77 75 69 64 65 62 53 51
348 334 323 339 323 326 329 345 343 342 348 348 338 334 329 340 341 19 2 355 354 16 26 12 17 319 339 343 348 354 346 324 312 331 326 320 313 320 335 253 288 326 233 229 225 216 274 207 237 223 224 223 258 212 236 254 209 171 284 159 142 125 116 115 116 117 118 119 119 120 91 80 85 197 244 114 22 29 28 24 54 317 332 94 91 79 67 71 81 81 74 69 311 52 47 51
333 327 341 337 325 328 330 345 341 343 347 349 335 332 333 347 345 20 10 355 3 30 19 7 12 319 355 355 343 355 341 323 316 342 294 319 309 307 338 256 294 327 240 234 294 215 208 293 288 284 225 233 263 188 251 221 218 170 163 162 154 134 122 118 118 120 120 118 117 118 145 141 118 96 305 321 14 8 17 35 61 308 312 87 94 83 65 59 63 74 87 83 64 46 305 292
344 342 338 337 324 327 342 343 341 344 347 348 345 327 332 350 345 34 20 354 17 11 15 16 330 322 353 355 344 347 334 324 331 315 302 323 314 313 342 262 258 319 333 230 222 213 204 275 302 280 276 270 265 231 200 264 226 170 166 149 161 145 128 119 117 121 124 68 72 59 88 65 43 19 342 333 5 6 14 100 27 337 299 306 82 78 65 315 314 38 51 74 67 51 296 37
331 338 352 335 335 339 343 342 343 350 352 326 340 324 330 348 348 28 9 360 25 8 11 10 328 7 0 6 358 353 339 331 352 312 334 320 314 329 340 303 260 319 324 222 216 319 204 194 296 253 289 283 273 237 205 245 282 259 227 270 170 159 137 122 114 114 118 124 178 349 58 57 36 12 2 348 351 13 8 12 16 321 275 284 306 64 66 345 310 297 10 38 65 61 303 289
335 345 337 333 335 340 347 344 348 338 335 329 327 341 334 349 9 32 11 8 23 5 11 327 7 3 7 4 353 358 346 339 338 322 323 300 318 336 341 306 298 321 327 283 215 213 284 241 288 309 305 294 296 236 245 245 273 266 233 235 154 169 150 128 117 114 117 62 128 280 16 41 31 10 15 31 343 15 17 330 322 314 69 62 302 57 329 334 325 40 17 298 41 62 58 302
333 343 336 333 337 347 352 346 359 339 338 334 335 338 340 355 20 27 15 18 22 13 4 360 347 5 7 4 1 6 353 345 339 341 325 303 320 342 346 304 332 328 333 298 221 216 324 197 277 316 309 302 304 247 249 248 272 235 180 174 293 174 163 137 124 65 60 71 195 247 315 6 25 7 22 119 20 2 112 15 334 345 321 314 312 44 328 306 317 307 35 31 295 40 59 51
342 345 336 335 341 350 354 346 354 336 335 336 340 337 345 360 27 29 23 24 9 331 357 330 334 4 4 4 4 9 346 340 345 335 327 281 321 343 328 297 317 322 336 305 330 213 300 301 273 315 307 301 315 232 233 245 268 283 262 221 241 52 174 149 131 66 127 339 135 137 133 275 328 340 20 125 116 112 112 315 354 92 340 323 318 23 56 330 328 333 318 42 44 291 338 53
338 345 338 335 342 360 352 345 356 331 347 332 351 340 348 341 33 344 27 336 333 329 351 331 337 5 7 8 2 6 2 337 339 338 326 306 281 346 341 303 315 319 324 303 217 353 348 136 294 276 309 293 305 214 203 208 198 282 273 232 176 255 328 56 141 129 125 128 131 133 131 126 125 303 356 21 127 112 103 99 332 76 356 341 324 27 46 68 63 54 56 328 312 301 293 329
344 345 338 335 344 353 347 354 354 350 329 359 334 339 352 17 349 345 340 335 332 6 328 333 340 6 10 14 2 358 3 346 344 346 325 312 317 352 341 317 334 329 313 327 290 288 15 185 192 198 300 276 300 196 215 220 208 190 344 190 173 168 169 291 158 140 126 123 127 133 138 131 123 120 296 327 142 125 16 91 308 341 56 354 324 327 43 63 62 60 344 350 340 307 46 19
344 344 339 323 351 355 352 347 349 352 334 335 331 339 353 26 346 344 338 334 2 342 331 339 344 1 19 12 355 347 4 358 352 344 329 326 340 352 338 329 336 314 328 310 314 347 31 191 202 202 190 277 324 211 233 235 221 203 200 188 166 160 158 161 334 157 135 126 130 135 142 282 133 118 107 97 113 130 112 91 59 317 36 63 347 317 323 334 351 69 330 330 348 310 55 55
345 345 340 336 358 352 353 331 344 343 337 336 332 339 351 22 344 341 335 4 357 331 334 343 349 8 23 326 354 342 3 352 351 338 339 329 350 15 328 329 334 308 296 313 299 332 27 195 206 305 250 171 191 234 243 236 226 211 199 187 318 159 151 146 158 164 147 334 134 322 142 153 356 133 113 104 323 119 353 88 62 47 331 67 76 352 324 315 315 355 345 323 353 357 317 55
346 346 341 342 351 350 351 329 344 345 337 334 333 342 358 344 341 339 335 0 352 331 338 348 346 20 21 13 357 338 7 353 339 344 351 348 9 21 348 337 309 324 330 321 319 313 357 198 206 321 306 319 217 241 234 224 223 300 312 196 186 323 150 129 125 282 150 28 138 137 140 152 352 1 290 122 301 340 342 94 67 58 303 337 10 12 359 332 321 312 335 321 322 348 356 54
349 345 345 351 349 351 328 329 348 350 336 332 342 344 347 342 339 338 5 355 330 332 341 351 355 20 20 15 1 336 359 348 332 349 0 6 21 10 1 218 241 240 298 329 328 318 339 202 204 298 316 208 233 228 216 214 217 218 215 212 206 327 186 332 134 137 7 16 343 143 138 142 308 349 316 306 305 321 328 148 329 78 66 297 332 7 1 359 356 332 318 317 58 311 330 65
348 347 347 349 348 349 353 348 352 337 335 331 334 347 8 343 5 7 359 349 331 336 344 351 354 22 21 15 6 337 348 359 341 341 1 9 13 7 41 270 267 256 220 346 337 329 305 90 204 205 309 310 218 209 208 210 302 219 218 216 210 319 203 190 314 308 312 340 358 321 308 140 264 299 315 307 312 318 297 281 296 329 335 323 318 339 343 329 350 360 334 320 323 297 41 64
343 348 348 347 349 351 354 352 354 336 333 330 334 355 7 7 3 358 335 332 332 340 349 354 5 24 23 16 10 349 350 25 351 320 359 6 6 14 289 282 265 232 193 22 5 330 338 201 205 208 316 303 301 205 208 211 214 288 217 213 208 204 206 196 318 321 319 322 336 338 173 296 288 295 308 313 318 331 294 84 71 281 315 326 325 330 334 65 54 300 323 313 48 41 39 46
344 348 349 349 349 350 333 335 336 336 333 331 336 353 359 6 3 345 335 333 335 343 352 360 13 24 24 19 14 6 15 11 345 302 340 5 0 12 27 241 234 202 181 35 56 336 356 200 85 262 317 306 249 206 207 212 213 214 215 275 288 283 207 200 320 166 328 316 322 332 350 307 295 163 184 294 292 307 321 299 278 49 297 315 319 330 354 4 41 51 50 41 35 32 34 36
