examples/cougarCreek-fire/createInputs/farsite/7a-cougarCreek-polygonIgnit/cougarCreekFire_08-13-2015_1200_217m_non_neutral_stability_vel.asc
ncols	146
nrows	140
xllcorner	610065.000000
yllcorner	5095217.000000
cellsize	216.586807
NODATA_value	-9999.000000
[rows 0 to 35 of 140, columns 0 to 81 of 146]
14.28 12.44 14.10 12.12 13.46 10.51 14.68 17.22 17.86 16.75 14.52 12.35 10.66 9.03 11.53 10.32 12.32 14.95 17.96 21.95 24.47 23.63 19.55 13.59 8.61 6.69 6.41 6.36 6.11 5.21 3.88 3.71 4.57 5.80 6.64 7.40 7.69 7.30 6.88 7.10 7.89 8.74 9.49 10.87 12.90 14.73 15.92 17.35 19.15 21.89 20.88 23.57 22.74 26.15 26.20 27.54 27.67 21.78 18.12 20.28 19.78 23.74 19.74 19.79 18.52 23.38 16.92 19.11 20.73 22.22 21.06 17.41 15.33 16.03 17.81 15.72 10.24 13.28 16.77 17.06 17.86 18.10
14.28 12.44 14.10 12.12 13.46 10.51 14.68 17.22 17.86 16.75 14.52 12.35 10.66 9.03 11.53 10.32 12.32 14.95 17.96 21.95 24.47 23.63 19.55 13.59 8.61 6.69 6.41 6.36 6.11 5.21 3.88 3.71 4.57 5.80 6.64 7.40 7.69 7.30 6.88 7.10 7.89 8.74 9.49 10.87 12.90 14.73 15.92 17.35 19.15 21.89 20.88 23.57 22.74 26.15 26.20 27.54 27.67 21.78 18.12 20.28 19.78 23.74 19.74 19.79 18.52 23.38 16.92 19.11 20.73 22.22 21.06 17.41 15.33 16.03 17.81 15.72 10.24 13.28 16.77 17.06 17.86 18.10
13.47 14.65 16.51 11.59 15.67 17.74 15.52 17.08 23.32 21.04 18.42 15.29 12.79 6.60 12.41 10.40 10.15 13.53 16.76 19.92 22.56 23.10 20.55 15.13 9.78 7.71 4.76 4.56 5.11 3.92 2.67 4.59 4.77 5.20 6.81 7.66 2.19 6.22 7.18 8.06 9.01 10.57 9.73 10.82 14.23 15.27 17.07 17.80 21.31 22.98 21.77 19.61 21.92 26.13 24.46 23.42 23.19 20.25 18.82 21.60 26.63 20.28 20.13 23.92 24.32 23.17 18.01 20.36 27.75 20.29 17.16 14.57 18.49 16.03 17.92 26.19 26.88 9.79 14.16 15.49 17.32 18.47
2.86 11.64 15.98 13.96 11.90 13.83 17.25 19.56 22.37 20.03 19.45 16.60 13.75 8.45 6.02 5.30 7.77 11.62 14.30 17.21 20.57 23.08 22.90 18.99 12.91 7.95 3.20 4.77 6.11 4.78 1.51 1.87 3.68 2.94 2.79 3.86 3.41 4.24 6.17 6.98 8.41 9.62 10.09 11.67 13.00 15.72 16.06 16.15 19.98 21.38 21.70 22.49 24.33 24.78 20.68 16.62 17.21 9.57 13.24 17.45 18.34 16.23 14.83 20.26 19.12 12.42 19.74 19.25 27.69 15.49 24.01 18.03 13.74 16.29 17.14 23.57 21.86 7.15 11.31 14.07 17.14 18.81
6.98 16.15 14.15 15.11 12.25 14.30 13.05 18.38 16.11 18.94 24.05 21.64 22.08 15.77 7.59 3.03 6.12 11.18 13.77 16.14 19.96 23.12 25.10 18.33 16.96 11.26 7.34 5.21 3.28 1.81 1.05 0.91 3.14 2.67 1.73 2.93 3.52 3.62 7.11 8.66 9.78 10.20 11.91 13.30 14.30 16.68 17.05 18.29 21.46 23.55 24.73 24.18 23.48 21.21 19.62 16.27 13.99 9.66 11.98 19.17 16.67 18.49 15.78 21.45 15.07 17.69 17.76 17.75 14.19 23.77 18.20 12.03 14.09 15.90 25.31 22.45 4.30 5.69 10.11 13.60 16.87 18.03
3.26 15.33 11.75 17.13 11.94 11.19 13.32 16.58 18.02 20.44 23.57 25.27 21.75 20.28 10.23 7.58 4.19 10.75 13.84 16.75 18.84 21.48 24.53 23.82 15.72 13.62 8.40 5.25 3.96 2.20 1.76 1.10 2.84 2.09 1.48 3.13 3.18 3.88 6.85 8.92 9.65 10.42 13.13 14.51 14.72 17.22 19.23 20.75 23.61 24.68 22.86 21.15 21.52 18.46 16.47 13.05 8.12 11.44 18.78 12.51 18.59 18.43 18.30 19.45 15.52 16.27 24.13 20.75 23.10 15.41 12.04 12.20 15.89 13.18 10.01 5.27 19.20 6.18 10.16 13.01 16.14 16.85
10.97 15.03 9.79 11.63 13.78 9.57 10.89 13.19 17.42 17.09 20.82 25.16 22.97 22.99 18.22 9.88 2.85 7.59 12.75 15.78 17.83 20.29 23.72 25.70 18.64 16.33 6.00 6.86 5.24 3.01 3.29 1.25 2.29 2.76 2.27 3.47 3.35 3.49 6.43 7.86 8.99 11.40 14.02 15.40 15.94 18.92 21.22 22.85 19.24 19.04 17.40 16.85 19.30 17.84 12.24 10.85 10.66 10.53 15.24 16.93 17.35 18.23 19.33 10.73 12.07 20.50 22.66 21.19 17.09 11.75 16.75 21.64 10.39 9.78 7.40 21.33 4.60 7.85 10.38 12.29 14.99 15.40
13.11 14.17 13.93 14.22 12.40 10.15 11.13 14.73 16.83 14.21 18.80 22.76 23.15 19.85 15.96 12.66 3.70 3.72 8.71 13.92 16.79 19.62 23.36 26.13 21.21 18.43 12.80 6.43 6.29 9.17 3.06 2.51 3.49 3.72 1.47 3.00 2.59 3.59 5.30 6.89 8.71 11.35 13.32 15.12 17.82 20.55 20.98 18.70 18.71 17.29 19.53 17.39 15.91 13.00 12.18 14.24 12.52 13.19 16.35 16.84 16.96 19.29 16.24 14.54 17.47 20.69 19.59 19.21 13.00 17.28 10.29 8.33 22.47 20.18 6.53 14.48 5.64 8.53 10.38 11.82 13.43 13.51
11.35 12.27 8.52 10.24 11.36 9.71 9.41 10.62 13.88 15.67 16.41 16.18 19.81 18.07 20.37 15.89 9.65 2.85 6.14 12.40 15.29 17.88 21.84 25.69 24.34 20.66 13.88 6.45 6.25 4.23 2.87 2.41 3.07 2.92 0.78 1.84 2.68 3.55 3.88 5.38 8.75 11.30 12.49 14.72 17.18 19.19 19.32 18.84 19.89 18.59 16.98 17.58 16.38 13.94 12.88 12.58 11.89 14.37 16.26 16.56 16.22 12.42 10.20 12.36 17.70 18.05 18.57 17.42 15.55 20.25 7.79 22.21 10.67 8.33 17.27 18.54 6.07 9.00 10.69 11.20 11.46 11.45
9.63 10.11 9.09 11.56 11.04 13.74 12.62 11.32 11.88 11.95 13.26 16.47 19.64 19.50 11.66 13.58 9.54 7.53 6.16 9.34 12.84 14.57 18.00 22.99 26.31 18.22 15.65 6.62 5.87 4.49 3.42 1.81 1.54 1.09 0.85 1.59 2.35 2.82 3.60 6.13 10.40 12.84 13.07 14.73 18.13 16.22 17.06 17.90 18.31 17.88 17.61 16.22 15.29 13.30 13.15 11.79 12.77 13.58 15.16 13.80 9.38 14.41 14.09 16.35 16.55 16.65 17.36 17.01 17.11 18.24 16.60 6.69 8.26 16.38 19.12 4.08 6.83 9.97 10.84 10.02 9.42 9.54
7.95 7.59 8.59 8.38 9.80 11.49 13.50 13.72 13.27 13.29 13.91 14.16 15.57 19.14 19.38 17.16 12.84 7.21 6.38 8.05 10.03 12.53 13.64 18.63 24.59 20.54 17.64 7.79 7.04 5.32 4.07 2.12 2.58 1.46 1.08 0.70 1.27 1.98 3.86 7.44 11.55 13.82 13.17 16.85 17.52 14.64 16.66 17.34 18.94 17.33 12.83 14.16 13.39 9.76 9.22 11.80 12.40 11.36 12.48 7.51 9.75 12.53 16.62 15.96 13.43 13.20 15.32 15.26 15.56 16.74 14.95 11.16 14.78 12.62 13.79 4.49 7.76 10.34 9.73 8.04 7.33 7.73
9.32 4.23 3.92 6.12 6.18 8.65 11.88 13.93 13.42 12.77 13.32 13.13 12.24 16.00 16.13 16.95 16.87 8.40 5.16 8.06 7.67 11.74 10.08 13.91 20.57 22.46 19.03 8.68 7.75 4.95 3.11 1.62 1.24 0.19 1.51 0.72 0.36 1.89 4.63 7.18 11.10 12.21 14.79 12.97 13.15 13.03 16.23 17.55 18.39 17.02 16.73 13.91 10.74 9.20 10.86 13.31 11.78 10.76 9.74 7.39 10.25 15.69 15.18 13.77 13.32 15.55 6.17 4.88 4.09 3.58 13.56 11.40 5.50 13.46 3.62 5.08 8.12 9.58 7.95 6.20 5.45 6.28
3.19 5.08 4.16 2.42 3.81 4.84 10.59 13.99 14.62 15.10 13.22 13.05 12.45 12.13 16.55 17.90 15.19 10.29 9.90 10.77 10.69 11.90 10.44 9.33 15.55 21.73 19.92 11.47 9.13 10.31 2.27 1.89 1.17 5.64 1.98 1.32 0.87 2.25 3.72 6.68 9.46 12.04 12.16 14.46 12.02 14.80 15.97 17.56 18.26 15.69 15.00 14.31 10.04 9.79 14.37 15.16 12.01 11.66 10.65 7.13 11.40 7.69 14.51 12.49 6.14 5.63 4.83 3.76 2.81 2.54 3.07 4.16 8.51 12.75 3.88 5.70 7.90 7.93 6.15 4.70 17.91 5.21
10.70 10.44 10.75 10.11 7.38 5.99 7.92 9.30 10.80 12.32 14.98 14.70 15.62 14.29 17.09 17.80 15.38 9.54 12.59 11.95 12.11 12.46 10.69 10.02 12.38 19.40 15.45 12.12 9.33 10.05 3.06 1.04 2.54 2.21 2.43 2.01 1.03 2.42 4.85 6.22 8.45 10.14 10.49 10.46 13.53 14.38 15.97 18.33 17.06 15.72 14.99 13.54 11.06 11.74 15.59 14.72 14.08 12.67 12.16 13.42 11.02 5.02 4.00 12.40 14.21 14.83 15.05 14.38 14.92 12.27 3.96 3.64 3.39 2.94 3.81 5.91 7.07 6.04 4.33 3.38 3.00 4.13
10.09 10.01 8.69 11.37 10.70 9.89 8.04 9.83 12.11 9.53 10.87 16.78 16.53 18.54 20.26 21.50 19.25 12.93 10.53 11.89 12.06 12.72 12.18 11.54 10.91 16.88 16.28 13.52 9.18 9.54 1.75 1.27 4.01 3.00 2.97 1.94 1.70 2.36 4.34 5.90 7.16 7.78 8.72 11.66 13.28 13.62 16.69 16.87 16.58 16.60 15.20 14.33 13.82 14.28 16.67 15.04 14.37 13.48 12.20 13.10 14.03 14.16 14.61 11.37 10.82 10.60 10.54 10.88 9.95 5.41 3.76 13.31 3.06 8.38 3.76 5.21 5.89 4.65 2.82 2.53 2.62 3.18
13.44 12.51 10.92 11.53 11.51 9.56 7.63 5.94 7.70 11.76 9.34 15.03 14.10 15.27 19.18 20.06 23.17 19.76 10.61 11.32 9.55 12.07 13.37 11.11 13.76 18.13 16.73 13.48 9.21 8.98 1.66 3.92 4.00 4.35 3.08 2.45 1.83 3.42 3.82 5.59 11.39 7.24 8.05 11.42 12.58 14.10 15.24 16.29 15.53 16.80 13.93 16.07 16.29 14.69 14.86 14.47 14.31 14.03 11.53 11.07 13.14 13.65 10.91 10.07 8.38 7.18 9.91 9.27 2.94 11.61 13.91 3.12 2.74 3.22 3.62 3.86 4.61 3.70 17.96 2.19 2.30 2.33
14.43 13.87 11.29 8.49 9.94 8.91 8.38 7.14 6.33 8.96 12.26 14.33 10.78 9.66 14.48 14.99 19.58 16.48 16.16 16.41 12.98 15.27 15.61 13.52 11.75 16.41 16.79 13.78 12.43 4.15 3.08 4.89 2.99 3.98 2.79 3.41 2.87 2.73 3.39 6.98 5.91 7.02 7.66 8.01 11.64 12.78 14.48 15.27 15.70 16.40 15.68 17.06 16.25 16.23 15.84 13.63 15.72 10.74 12.73 11.62 10.32 9.37 7.11 6.54 5.41 6.24 11.28 7.81 12.04 10.25 6.51 3.14 2.81 3.71 3.63 2.89 3.23 3.10 2.03 2.20 1.76 1.49
14.67 14.38 12.62 8.98 7.88 11.97 11.21 9.28 7.33 6.37 10.74 12.67 10.73 6.59 11.96 7.46 10.58 13.20 16.74 13.70 15.63 18.26 18.75 17.63 11.18 15.52 16.82 13.91 11.53 4.93 5.33 4.84 4.13 4.35 2.81 3.02 2.22 2.21 2.82 7.17 4.73 6.29 7.10 10.77 11.27 12.80 13.93 16.65 16.44 18.25 17.81 16.86 16.49 16.54 14.15 16.07 16.70 9.17 12.62 12.60 9.15 7.78 6.90 8.72 9.19 8.81 10.91 9.38 6.28 6.48 12.54 10.66 9.49 11.03 12.91 14.26 3.21 2.54 1.92 1.47 9.09 1.07
11.62 12.64 10.92 8.61 6.46 9.27 10.39 9.03 7.08 6.37 9.16 10.77 11.21 12.49 13.46 13.72 14.04 13.70 12.08 12.69 13.61 16.49 20.09 17.59 15.79 17.76 17.12 13.47 8.98 6.51 6.18 4.91 5.46 2.79 3.76 3.97 1.09 1.06 4.25 7.34 8.09 10.62 6.32 6.48 10.88 13.74 15.92 16.56 17.60 16.93 17.62 17.29 18.80 15.49 16.25 18.18 14.18 13.19 13.95 9.60 8.02 9.49 11.09 9.11 7.61 9.06 11.44 3.16 7.34 13.19 11.21 6.70 7.83 5.17 8.41 11.38 9.27 3.40 2.14 1.38 1.63 1.57
7.05 9.10 8.31 7.13 6.00 6.57 8.44 8.07 6.55 5.62 8.53 7.65 12.99 12.88 12.13 9.45 12.50 13.35 11.36 12.72 11.96 11.32 15.70 21.26 21.49 21.08 18.85 12.68 8.97 8.14 6.88 6.61 4.36 5.43 1.06 0.88 0.56 0.84 5.04 7.09 8.34 9.03 4.66 5.52 10.87 13.63 15.75 17.70 17.07 17.19 16.97 18.95 9.92 18.06 17.20 15.09 13.99 12.93 11.65 11.10 10.79 10.58 12.42 7.95 9.51 8.69 10.25 13.96 12.38 11.30 7.65 7.31 9.86 4.02 4.76 13.40 14.43 12.85 12.47 9.84 2.65 2.45
10.07 5.21 6.63 6.46 7.25 7.51 8.80 9.33 7.97 6.83 9.81 8.30 7.07 10.70 12.71 10.75 8.60 11.33 10.00 12.87 11.15 9.96 12.77 15.27 23.00 23.94 20.77 13.76 10.73 9.55 8.56 8.19 4.47 6.52 1.62 1.42 1.58 1.94 2.60 7.30 3.74 3.62 3.80 4.79 11.09 12.65 14.69 15.18 17.62 20.22 18.71 19.64 15.66 17.74 10.09 13.69 14.17 12.44 14.71 12.47 11.42 11.39 10.54 8.65 7.53 8.71 8.73 8.37 5.46 11.37 5.90 8.59 9.06 7.27 4.26 14.97 13.73 9.17 8.10 12.77 9.32 3.51
3.31 6.00 6.07 7.25 6.24 7.96 8.27 9.26 8.66 6.36 9.37 10.12 4.71 5.27 10.28 13.29 14.22 14.65 9.93 11.00 12.38 9.79 13.38 18.14 24.67 26.51 21.61 16.70 13.50 11.24 10.69 8.26 5.30 7.88 2.61 2.13 6.25 2.43 8.26 3.74 4.24 4.60 4.80 5.32 11.80 15.18 18.06 15.94 18.45 17.52 21.68 19.95 19.91 16.21 7.74 14.02 7.84 13.81 16.09 11.60 12.23 11.70 11.60 11.15 2.84 9.52 9.73 11.71 5.74 6.56 7.60 7.27 7.56 8.82 9.64 8.25 9.82 11.76 8.92 9.71 5.84 4.43
12.78 13.44 13.97 12.31 9.93 11.62 11.76 12.69 10.86 8.29 9.21 9.98 5.22 4.43 7.75 9.32 11.18 11.90 11.16 13.67 13.36 10.97 11.28 16.21 25.02 27.32 22.86 18.44 14.82 11.06 10.04 7.64 6.15 9.86 2.87 2.50 2.73 3.06 8.14 3.29 3.58 4.50 5.65 6.49 13.57 14.47 15.76 17.78 20.76 20.77 22.74 12.18 10.33 14.24 7.52 8.30 7.84 16.88 13.02 11.69 12.17 12.02 12.64 4.28 3.25 7.14 6.87 7.09 8.62 2.59 1.72 6.63 10.22 5.18 13.48 11.00 7.74 9.69 10.37 11.27 13.66 6.16
9.73 12.88 15.83 11.45 16.04 15.05 13.60 12.06 11.62 8.81 7.19 10.39 9.40 4.05 3.75 8.29 9.69 11.56 12.60 11.37 10.52 10.03 9.65 9.90 18.59 28.53 25.35 19.67 14.41 10.10 10.17 9.79 7.08 9.13 5.84 2.85 3.33 4.11 9.62 3.56 2.96 3.99 5.99 13.29 15.40 19.49 19.97 20.95 19.86 21.81 13.67 13.41 11.79 10.25 8.70 8.56 8.11 7.94 7.81 14.38 13.12 13.90 11.43 13.22 10.81 9.55 8.34 7.13 6.04 0.97 7.99 5.23 11.87 8.87 8.21 9.09 10.47 10.61 9.72 9.27 6.20 7.76
13.46 15.59 10.94 10.18 16.33 15.46 13.69 12.67 12.97 9.54 6.20 9.00 9.82 4.96 4.48 8.11 9.57 9.51 10.90 12.04 11.60 10.22 8.78 8.43 14.57 30.27 27.89 20.29 14.79 13.79 14.07 12.59 9.30 9.07 9.24 3.55 3.89 7.51 8.62 3.98 3.20 11.76 11.33 13.90 17.44 19.13 18.66 20.50 21.11 22.42 14.27 13.84 13.40 12.88 11.55 18.24 17.69 17.34 18.14 8.34 6.41 15.68 7.27 5.16 6.38 10.17 8.72 7.87 7.23 8.79 10.10 9.16 8.64 7.86 12.08 9.96 9.97 12.56 7.99 7.70 10.29 9.95
14.09 15.79 14.70 13.72 12.04 12.39 13.51 13.46 13.90 11.99 7.63 7.51 10.61 10.08 6.17 7.22 9.46 9.29 9.72 11.76 12.36 11.50 10.20 9.89 16.58 30.48 29.61 19.48 16.17 20.37 19.15 12.18 8.47 8.62 10.21 3.74 4.41 10.06 6.54 2.76 3.58 12.73 15.22 17.97 18.10 19.31 18.25 20.64 21.73 24.42 14.66 14.35 14.67 14.81 14.00 21.06 18.49 17.86 8.14 8.54 7.84 12.49 6.94 10.29 11.11 11.97 10.29 9.24 13.85 6.11 10.72 10.73 10.56 11.45 7.81 13.87 8.55 12.70 14.27 8.63 8.22 8.99
13.23 12.87 12.34 15.71 12.45 11.34 15.58 15.81 16.72 14.45 10.43 10.53 10.15 11.97 8.36 5.96 8.32 9.12 9.27 10.69 12.28 11.33 10.35 12.41 19.02 32.33 31.81 19.39 15.26 22.58 19.86 12.34 7.31 7.99 10.14 7.41 11.34 10.59 7.12 10.28 13.17 15.45 17.31 18.10 17.77 19.84 20.51 21.32 22.81 14.08 14.47 13.93 13.83 14.39 15.09 13.07 10.19 8.71 9.05 8.67 14.20 13.60 11.25 9.42 8.80 10.77 5.05 5.10 5.96 7.32 11.52 8.74 9.52 9.16 14.73 8.38 8.09 8.81 13.86 14.46 9.58 9.41
11.64 14.95 13.89 14.37 15.17 14.90 14.62 16.04 17.04 16.19 13.17 11.18 7.20 10.02 11.74 10.84 10.55 9.68 9.40 10.28 11.29 10.98 9.57 11.98 19.00 31.73 35.59 27.14 20.62 24.71 19.84 14.47 10.69 9.20 11.43 13.51 11.31 9.05 9.25 11.67 14.09 15.81 16.90 17.87 18.31 19.47 19.35 20.81 21.86 12.55 12.49 11.43 10.95 11.74 12.43 11.70 10.54 9.68 8.81 7.86 6.14 10.61 3.17 3.32 4.30 2.01 6.31 6.63 10.71 9.83 9.37 10.41 12.05 15.78 11.50 12.60 12.11 15.41 9.29 11.77 9.70 9.47
9.43 9.57 9.05 11.20 14.29 15.16 12.96 11.68 14.21 15.60 12.06 10.18 7.11 9.53 11.09 11.61 11.49 10.63 10.09 10.58 10.40 10.47 9.60 9.92 13.97 23.40 34.53 34.94 33.97 31.26 22.10 16.52 15.45 13.45 12.13 12.01 8.60 9.62 11.58 13.27 14.93 16.48 16.37 16.34 17.36 18.56 18.12 19.86 20.33 10.97 11.10 10.10 9.39 8.54 9.15 8.98 8.56 7.55 6.30 5.14 4.64 4.32 14.38 5.76 7.18 7.71 7.91 7.90 11.70 10.47 10.15 11.17 11.82 12.31 13.09 12.41 10.69 12.89 11.51 8.48 6.82 8.55
7.52 8.91 7.16 9.26 11.72 13.51 15.54 13.60 11.22 13.02 12.79 9.97 6.69 1.85 8.00 10.44 11.36 11.14 10.99 11.00 11.02 11.16 11.20 8.58 8.78 14.37 24.64 33.02 38.06 33.04 25.36 20.33 19.15 16.59 12.89 10.29 9.27 12.44 12.46 13.59 14.99 16.22 16.18 16.91 17.85 18.00 18.65 22.55 10.02 10.08 10.61 10.73 9.13 7.56 7.27 6.46 7.42 6.95 6.17 5.56 5.80 5.69 6.44 7.27 8.17 8.55 13.32 13.09 13.04 12.50 11.30 9.70 5.56 5.43 5.66 5.10 5.01 5.78 5.52 5.74 6.66 7.58
4.57 3.93 5.62 5.86 7.31 11.12 13.67 16.57 15.03 14.32 14.45 12.18 10.78 11.29 4.66 10.76 10.42 9.28 8.39 8.97 10.15 9.00 9.62 9.12 8.21 12.44 18.11 28.20 34.81 32.31 29.06 24.79 19.04 16.13 13.00 8.64 10.95 12.53 13.77 14.17 14.39 15.97 16.53 17.36 17.29 17.86 19.71 8.37 9.83 9.87 10.28 11.11 10.04 8.02 8.13 8.60 7.99 7.19 6.67 12.29 12.24 12.54 8.11 14.83 14.62 12.42 10.45 10.00 6.63 5.79 4.68 9.63 10.32 5.82 6.84 6.83 6.79 6.20 5.53 5.39 6.51 9.31
9.53 4.74 4.58 5.93 6.03 8.59 11.06 12.51 13.46 14.51 16.23 15.34 14.67 12.76 7.08 10.32 11.96 12.70 11.64 11.34 10.95 8.55 8.28 8.16 9.25 14.28 17.60 24.00 29.79 28.80 28.46 25.56 19.50 13.48 10.29 12.07 13.98 13.99 14.57 15.39 15.65 15.66 15.70 17.27 17.88 16.41 16.47 7.27 9.37 10.29 10.37 11.18 11.51 9.79 8.94 8.51 7.52 6.91 6.85 13.49 13.90 14.98 10.17 15.29 13.94 12.89 13.35 13.25 13.01 12.00 11.00 12.74 14.52 15.40 14.89 15.42 15.55 13.04 9.06 8.11 14.06 8.58
10.45 6.51 7.08 4.63 6.88 7.58 7.86 9.35 12.72 11.35 12.99 13.48 11.50 9.10 8.21 11.35 13.97 17.93 20.11 20.32 17.61 13.92 12.72 11.80 13.26 14.48 11.97 19.42 26.29 26.35 23.26 19.75 20.05 13.45 11.61 15.51 14.09 13.48 15.08 16.34 15.68 15.30 16.57 17.81 18.00 15.99 14.15 4.01 5.26 7.93 10.08 11.74 12.81 11.43 9.44 8.26 7.37 7.13 14.73 13.95 14.20 15.50 16.40 16.59 17.56 12.77 13.16 13.15 13.32 13.54 13.93 13.96 14.42 15.51 10.54 9.59 14.17 16.67 14.08 14.34 14.89 15.76
10.20 10.81 13.79 9.78 0.74 0.72 3.81 7.57 9.93 12.84 12.19 9.68 9.25 10.10 10.78 11.13 12.17 15.95 19.97 22.32 22.48 20.22 17.85 17.55 16.60 14.31 15.86 17.57 24.36 25.17 20.88 12.29 16.81 15.56 13.72 15.37 14.61 13.62 14.36 15.70 17.55 17.73 18.90 19.14 21.01 17.18 18.04 6.39 6.44 5.69 6.92 9.89 12.46 12.52 10.94 9.13 8.13 8.70 9.80 10.83 11.45 17.11 18.03 18.76 19.12 18.50 17.57 17.34 16.98 16.59 9.58 12.05 12.40 13.22 13.96 12.67 15.51 17.88 18.31 14.82 15.33 17.39
13.84 14.47 11.53 15.76 12.08 3.71 4.39 5.27 7.13 9.33 13.12 16.36 16.13 14.27 13.68 12.38 10.97 11.60 11.69 10.85 14.69 18.32 18.73 18.31 14.94 15.94 16.04 18.75 24.46 25.15 17.81 5.30 15.05 19.50 15.28 16.63 16.19 14.95 16.32 19.12 20.88 20.98 22.36 22.04 24.47 22.67 21.82 10.87 10.85 10.64 9.88 9.25 10.77 11.33 10.95 10.36 9.69 10.33 11.53 12.05 13.09 12.71 17.46 16.38 15.10 15.08 14.89 10.33 11.41 11.81 12.48 12.94 13.39 13.29 17.01 18.31 17.88 16.52 15.82 17.46 17.97 17.68
15.73 13.81 14.14 10.30 13.60 13.10 7.11 11.18 13.43 15.04 18.50 24.30 25.06 22.80 18.20 16.11 11.58 8.11 5.02 5.94 9.52 13.55 13.26 15.67 13.38 13.54 14.23 18.33 23.73 21.79 10.99 2.43 14.75 24.16 19.49 18.20 19.32 17.88 18.52 21.22 23.61 23.41 23.98 23.52 21.69 22.82 24.94 25.61 25.96 14.42 14.41 14.46 13.91 12.59 11.92 11.88 11.51 12.00 13.12 20.28 18.68 17.82 12.31 11.64 11.59 11.57 11.84 12.03 11.80 11.53 11.82 12.56 10.77 13.14 16.63 16.94 16.89 16.12 15.91 15.86 16.71 16.37
