examples/cougarCreek-fire/createInputs/farsite/7a-cougarCreek-polygonIgnit/cougarCreekFire_08-13-2015_0600_217m_non_neutral_stability_vel.asc
ncols	146
nrows	140
xllcorner	610065.000000
yllcorner	5095217.000000
cellsize	216.586807
NODATA_value	-9999.000000
[rows 0 to 35 of 140, columns 0 to 80 of 146]
6.98 5.42 5.97 5.11 6.17 4.36 6.20 7.37 7.75 7.57 6.93 6.22 5.71 5.08 5.76 5.40 5.51 6.38 7.62 9.19 10.90 12.47 13.13 12.72 11.42 10.43 11.18 13.49 15.81 16.04 14.13 10.46 15.99 18.70 21.28 24.30 26.72 27.43 27.63 29.47 32.87 35.54 36.79 38.01 39.68 40.62 39.99 39.05 38.69 40.22 37.83 38.80 37.89 40.94 40.17 40.86 41.19 33.67 30.37 31.59 30.18 33.85 28.77 28.11 26.88 32.41 24.64 26.03 26.82 27.82 26.28 22.83 21.09 21.46 22.76 20.93 15.96 17.45 20.21 20.24 21.07
6.98 5.42 5.97 5.11 6.17 4.36 6.20 7.37 7.75 7.57 6.93 6.22 5.71 5.08 5.76 5.40 5.51 6.38 7.62 9.19 10.90 12.47 13.13 12.72 11.42 10.43 11.18 13.49 15.81 16.04 14.13 10.46 15.99 18.70 21.28 24.30 26.72 27.43 27.63 29.47 32.87 35.54 36.79 38.01 39.68 40.62 39.99 39.05 38.69 40.22 37.83 38.80 37.89 40.94 40.17 40.86 41.19 33.67 30.37 31.59 30.18 33.85 28.77 28.11 26.88 32.41 24.64 26.03 26.82 27.82 26.28 22.83 21.09 21.46 22.76 20.93 15.96 17.45 20.21 20.24 21.07
7.17 7.05 7.44 5.06 7.81 8.51 6.96 7.68 10.44 9.01 7.42 5.19 6.78 3.17 4.75 4.00 4.23 6.22 7.51 9.45 11.09 12.58 13.20 12.70 11.75 11.55 6.37 8.52 15.02 15.40 14.08 4.37 15.27 17.08 22.74 25.62 17.74 25.84 28.07 29.02 32.53 35.05 32.32 32.90 37.83 39.66 39.23 36.41 39.14 39.27 36.51 32.90 35.77 40.97 38.44 36.83 36.65 31.97 30.56 32.18 36.32 28.16 28.16 32.05 33.10 30.93 25.06 26.59 35.03 25.80 22.46 19.90 24.60 21.20 22.87 32.94 33.69 14.95 18.30 19.09 20.60
2.01 5.86 7.32 6.32 5.73 6.54 8.16 8.92 9.92 8.92 7.37 5.35 6.34 5.02 1.58 2.70 3.67 6.06 7.15 9.10 11.68 13.02 12.37 13.15 12.71 11.97 8.58 9.18 14.76 15.23 11.55 9.20 10.83 12.19 14.63 17.92 19.04 22.15 25.46 26.26 29.65 31.62 31.56 32.53 32.69 34.94 31.99 28.74 31.53 33.16 34.48 36.01 37.98 38.57 34.01 29.57 30.04 18.79 21.18 23.90 24.97 22.64 21.28 27.42 26.45 18.32 25.33 24.69 34.53 21.06 31.61 24.45 18.68 20.84 21.93 30.65 28.99 12.30 15.92 18.00 20.20
3.26 8.28 6.56 6.86 5.76 6.80 6.03 8.45 7.96 9.24 9.76 7.74 10.56 9.01 5.74 2.10 3.34 6.75 7.54 8.73 11.79 13.39 13.93 8.38 13.66 13.46 12.14 8.26 12.71 14.47 14.47 13.97 11.99 14.63 14.94 17.22 19.42 21.35 27.61 29.75 31.05 31.42 32.89 33.11 32.82 33.48 30.02 29.15 32.70 36.38 38.21 37.57 36.48 34.10 32.01 28.10 21.57 18.67 17.33 27.59 23.69 24.45 22.00 28.69 20.87 23.01 22.92 22.79 19.65 31.00 24.21 16.93 18.71 20.30 31.84 29.91 9.50 10.51 14.55 17.32 19.55
2.33 7.79 5.37 7.75 5.31 5.31 6.31 7.59 8.20 9.33 10.39 10.07 9.64 10.85 7.30 6.45 2.82 7.74 8.96 10.81 11.51 12.72 13.04 7.73 9.75 14.58 13.27 10.23 15.05 17.96 18.14 15.40 13.12 16.11 15.96 18.22 19.77 21.89 26.43 29.04 28.91 30.41 33.96 33.38 30.50 31.45 32.53 33.15 37.15 39.24 36.64 34.05 34.33 30.60 26.37 19.93 13.97 19.42 27.30 17.76 24.93 24.54 24.96 25.63 20.86 21.00 30.17 27.04 29.70 19.98 16.81 17.62 21.43 18.00 15.44 11.26 26.34 10.86 14.26 16.38 18.57
6.01 7.76 4.48 5.20 5.98 4.43 5.32 7.05 8.30 7.94 9.62 10.98 8.98 12.17 11.30 8.15 2.80 6.68 10.37 11.09 11.12 11.33 11.67 12.59 9.75 16.82 12.28 14.29 17.74 20.90 19.90 15.20 15.90 19.65 17.68 18.53 20.46 20.71 25.18 25.95 26.78 30.56 33.98 32.62 29.73 34.41 35.70 37.32 34.40 33.50 31.16 29.58 30.19 26.94 19.29 18.37 17.76 16.32 20.86 22.41 22.95 24.78 25.62 14.57 16.47 25.77 28.87 27.50 21.83 16.47 22.00 27.85 15.11 14.87 13.00 28.39 9.56 12.16 14.10 15.40 17.32
7.38 7.34 6.45 6.06 5.39 4.44 5.31 7.42 8.65 9.10 9.03 10.46 9.61 10.12 10.02 9.93 5.37 5.64 7.17 11.09 11.15 11.69 12.64 13.93 10.83 17.72 17.91 14.91 18.50 22.30 19.95 16.55 20.24 21.22 15.87 17.44 19.15 19.57 21.06 23.20 25.41 29.25 30.44 29.81 31.44 35.19 35.45 32.31 31.12 29.16 29.29 25.90 24.41 20.90 19.21 21.25 18.50 18.96 21.69 22.42 22.82 24.93 19.87 19.11 21.93 26.10 25.43 24.94 17.37 22.18 14.97 13.05 28.69 25.84 11.83 20.28 10.29 12.59 13.88 14.71 15.78
6.80 6.44 3.43 4.02 5.42 4.90 4.81 5.52 7.12 8.02 8.00 10.66 11.62 7.44 12.22 11.50 9.13 5.12 6.70 10.89 11.50 12.31 13.92 14.75 9.10 17.79 18.60 16.31 18.61 21.69 20.55 18.45 21.25 19.32 14.09 16.89 18.74 17.77 17.03 19.80 25.28 28.97 28.26 28.49 33.79 31.34 29.97 28.19 26.56 25.18 23.20 25.63 25.53 21.87 20.58 18.56 16.30 19.46 22.04 22.44 20.45 15.39 13.01 15.69 22.45 23.17 23.89 22.51 20.48 25.96 12.32 27.49 14.91 13.14 23.60 25.17 10.52 12.94 14.10 14.12 14.08
6.00 5.17 3.26 4.25 5.43 7.04 7.37 6.89 7.16 7.68 7.91 8.66 9.77 8.85 5.90 9.89 9.00 8.67 4.52 9.85 11.53 11.74 12.66 13.60 15.11 14.92 19.95 18.28 17.77 21.24 21.79 18.41 19.34 17.65 14.90 17.23 18.28 16.25 17.99 22.43 28.62 31.15 29.20 31.68 32.80 30.13 25.37 23.33 24.42 24.00 24.87 25.21 22.86 18.43 15.17 14.21 16.04 17.57 19.41 16.26 10.22 19.44 17.76 20.80 21.10 20.96 21.79 21.62 22.22 23.86 21.60 11.04 12.79 21.74 25.45 8.47 11.13 13.87 14.28 13.24 12.56
4.72 4.78 3.50 2.00 3.97 6.52 8.77 9.18 9.40 9.60 9.25 8.92 9.01 9.86 12.04 11.19 10.35 8.73 3.53 6.59 10.45 7.24 11.23 12.71 15.35 14.95 20.72 18.62 18.12 22.43 22.22 17.82 19.10 18.01 15.18 16.37 16.79 16.94 19.77 24.23 30.43 31.97 32.09 33.84 31.83 27.94 24.17 23.10 24.26 24.59 22.18 20.28 14.30 8.54 8.76 12.79 14.53 14.18 13.89 8.26 13.07 15.29 21.42 20.79 17.05 16.80 19.56 19.81 20.77 22.43 19.91 15.57 19.27 17.74 18.80 8.81 12.07 14.44 13.51 11.81 11.13
7.15 4.30 4.03 1.51 1.20 4.63 8.56 10.74 10.64 10.17 10.29 9.87 8.68 9.10 8.28 7.70 11.72 8.99 4.98 4.92 9.73 5.98 10.57 12.01 14.92 15.43 19.94 17.80 18.78 22.88 21.11 17.21 18.30 16.33 14.95 16.44 17.12 18.46 20.51 23.60 29.51 32.67 32.15 29.73 27.69 25.33 21.59 20.92 23.04 22.53 20.04 14.20 7.89 6.87 10.52 14.94 13.73 13.02 11.32 11.71 12.51 20.09 20.70 18.34 17.15 20.43 11.10 9.97 9.44 8.75 18.80 15.90 10.27 18.12 8.63 9.74 12.77 14.10 12.31 10.60 9.87
3.59 3.21 3.68 4.07 2.22 4.27 7.68 11.69 12.93 12.23 11.85 11.63 10.58 8.30 11.21 10.52 9.85 3.12 5.33 4.06 5.21 4.31 4.13 10.26 13.65 17.91 19.54 18.20 19.69 22.84 19.97 16.67 15.90 17.88 15.46 17.55 19.07 19.30 19.03 25.80 30.84 36.08 32.30 29.23 26.26 21.64 17.37 20.51 21.38 17.09 13.41 10.49 6.70 7.65 13.93 16.56 14.18 14.42 13.25 9.56 16.76 14.28 20.33 17.85 11.63 10.87 9.98 9.04 8.30 7.93 8.09 9.15 12.30 16.59 9.08 10.87 13.10 13.08 11.21 9.80 23.24
11.01 10.50 7.60 3.93 3.05 4.33 5.92 10.78 12.86 14.43 13.85 12.95 12.91 11.19 12.87 10.34 8.31 1.83 2.89 3.46 4.07 3.90 2.59 3.94 12.52 17.29 18.69 18.67 20.92 21.42 18.93 15.70 14.24 15.30 16.37 19.30 21.34 19.07 22.64 29.40 34.10 34.77 29.39 25.47 22.93 16.50 16.09 20.23 18.64 13.49 9.76 7.87 7.86 8.34 15.33 15.85 16.60 16.91 16.01 17.99 16.98 11.43 10.47 17.74 18.62 19.09 19.20 18.64 19.42 15.60 9.35 9.44 9.43 8.87 9.68 11.69 12.83 11.83 10.06 9.07 8.47
10.01 6.73 5.93 4.28 4.29 4.35 3.56 5.23 9.24 12.20 13.51 14.24 13.92 14.80 13.87 14.62 10.84 7.97 1.42 1.93 1.70 2.47 3.25 3.79 12.52 16.85 17.85 19.49 21.11 19.47 16.92 13.59 13.05 15.97 17.30 20.59 21.68 19.64 25.72 33.72 34.39 28.92 25.16 22.57 18.47 16.18 18.29 20.47 18.95 13.91 7.10 7.68 8.87 10.01 14.33 13.38 15.62 16.74 15.39 16.69 18.53 18.84 19.28 15.43 13.26 11.10 11.28 11.87 11.19 10.98 7.92 19.33 9.66 14.98 10.46 11.72 12.21 11.01 9.18 8.67 8.52
6.75 4.83 2.25 2.38 2.74 1.84 0.93 1.81 3.55 8.65 10.88 12.62 11.76 13.88 16.76 15.14 16.12 13.21 4.96 4.54 3.30 3.38 6.49 7.54 6.14 10.54 16.92 19.76 20.81 17.66 14.06 11.78 14.77 19.34 18.16 20.32 20.41 24.25 30.11 36.49 39.95 26.47 23.13 21.65 18.28 19.04 20.43 19.68 15.79 8.97 5.32 9.63 12.75 12.04 11.15 12.60 15.87 15.69 12.71 12.90 15.42 15.94 12.06 10.71 7.98 6.89 11.54 9.65 8.10 15.96 20.76 9.70 9.78 10.34 10.81 11.13 11.45 10.65 25.18 8.96 8.80
7.64 5.92 2.32 1.45 0.95 1.74 1.43 1.70 1.89 4.01 8.45 11.55 9.96 10.41 14.95 16.53 16.58 12.05 10.60 8.85 6.30 4.94 7.26 12.80 7.06 9.74 16.48 20.14 19.42 17.11 12.80 12.69 16.70 17.37 18.73 19.39 22.07 26.42 33.77 36.24 33.35 26.85 22.31 20.24 19.16 19.15 18.45 15.47 10.88 6.59 5.95 13.06 14.79 12.82 10.65 14.53 16.83 10.34 12.64 12.58 11.81 9.82 7.66 8.45 6.81 10.28 14.08 8.24 16.75 18.52 15.08 9.31 10.06 11.23 11.18 10.70 10.92 10.63 9.77 9.33 8.49
8.91 6.97 3.34 1.35 1.98 2.35 2.97 1.99 1.35 1.81 6.64 10.93 12.26 11.69 12.15 11.04 11.90 13.20 12.34 12.88 9.55 8.53 7.90 11.91 8.71 10.53 16.88 19.80 18.11 15.79 13.87 15.48 17.02 17.58 18.92 17.26 21.74 28.94 35.63 37.55 32.44 27.13 22.90 20.67 18.27 16.95 15.40 12.99 9.04 8.74 12.74 15.50 13.98 9.36 9.47 14.43 14.47 6.25 11.43 11.82 8.75 8.38 9.33 12.19 13.55 16.43 18.48 17.22 15.40 15.33 20.30 15.23 13.80 17.52 20.68 22.72 11.23 10.44 9.36 8.31 15.79
8.70 7.82 4.19 2.77 5.49 4.69 2.45 1.52 1.09 0.71 4.09 8.35 11.69 12.06 10.17 8.70 8.71 9.34 8.83 9.21 8.49 7.03 7.53 6.62 9.12 12.54 17.58 19.20 17.67 16.98 17.15 18.64 18.44 20.19 17.23 15.20 21.89 30.21 35.04 37.30 34.16 30.68 24.89 21.37 17.79 15.56 14.63 11.75 7.82 10.22 13.04 12.77 10.08 3.62 8.30 11.43 7.21 7.64 10.70 6.30 6.13 10.80 14.90 13.94 14.38 17.28 20.00 11.38 16.04 20.47 15.77 10.60 12.30 11.15 14.79 19.14 17.18 9.75 8.27 6.81 5.97
6.98 7.07 4.35 3.65 5.25 5.00 2.36 0.61 0.81 0.62 2.84 4.99 9.58 11.03 10.39 9.05 8.25 8.68 7.97 8.38 8.58 6.62 7.40 3.55 7.98 13.35 17.90 18.07 17.80 18.73 20.39 20.50 20.63 17.52 16.07 19.15 22.98 30.22 34.90 36.70 33.69 30.04 24.80 20.92 17.23 14.58 13.12 11.68 12.07 12.43 10.01 6.97 6.71 6.09 7.67 4.33 5.14 6.71 6.65 6.71 8.18 11.60 14.47 11.06 15.51 15.96 16.51 19.94 18.61 16.41 12.25 13.65 15.95 12.35 13.21 21.31 21.61 19.08 18.49 15.73 5.52
8.35 5.84 4.52 3.90 3.87 3.51 2.17 0.46 0.50 1.30 3.19 3.54 2.42 9.48 13.45 13.27 12.04 10.89 8.73 8.67 9.01 4.44 6.71 8.61 7.62 11.40 15.80 17.54 18.72 19.78 21.07 21.68 19.69 12.46 14.37 21.04 24.35 30.44 36.26 37.15 30.52 25.55 21.30 17.96 15.53 13.20 12.14 11.47 11.70 9.38 6.63 4.50 1.42 7.65 4.52 3.25 4.98 6.06 9.39 7.43 8.10 10.88 9.95 9.59 12.80 15.36 15.61 14.97 12.85 18.03 13.68 15.90 15.68 12.39 11.29 21.76 19.97 15.10 13.92 18.50 14.24
5.24 3.79 4.16 3.41 3.92 1.99 1.94 1.03 0.33 1.61 2.63 3.94 0.52 3.21 11.02 14.64 15.53 14.55 11.56 9.57 8.45 4.46 4.78 2.60 3.77 10.07 14.75 17.65 20.33 20.76 20.23 21.10 17.74 9.97 13.73 21.63 23.29 30.83 36.14 35.12 28.30 21.56 16.90 14.11 12.73 10.28 11.04 9.81 7.84 2.30 3.32 3.31 5.50 2.90 5.97 3.35 6.63 8.65 11.13 5.04 8.24 9.97 9.41 11.93 10.09 15.95 15.89 17.82 12.43 12.78 12.01 12.67 14.21 15.67 16.01 13.67 14.80 17.35 13.97 14.15 5.64
7.91 7.87 6.80 5.76 3.43 2.04 2.69 1.92 1.22 1.01 2.45 3.67 3.45 1.72 5.90 9.52 11.56 12.26 11.83 8.94 7.22 5.50 5.07 3.86 2.32 9.27 14.13 16.52 19.41 19.48 18.90 20.05 16.11 8.55 13.35 21.20 25.63 31.20 36.75 34.09 24.53 16.29 13.01 11.86 10.89 9.01 8.70 7.41 4.21 2.94 3.77 7.88 7.19 5.68 7.23 6.56 5.59 9.16 6.08 4.34 8.94 9.41 11.84 9.27 9.70 12.09 10.64 10.94 12.02 6.36 6.24 12.48 16.29 8.37 19.01 15.86 12.41 14.65 15.22 15.70 17.57
5.21 8.20 9.39 10.82 7.45 5.04 2.81 1.63 1.75 1.54 1.06 3.46 4.05 0.23 3.35 5.59 7.81 9.91 11.31 9.49 6.81 5.18 3.91 4.17 5.03 6.16 13.04 16.05 17.76 18.13 19.57 22.25 18.42 11.77 12.38 20.52 26.36 32.10 35.50 31.65 19.91 12.09 10.10 11.53 9.48 9.81 7.53 5.92 2.03 2.42 8.65 8.64 8.41 8.25 8.80 7.55 6.35 6.04 6.12 9.29 12.08 11.93 8.51 10.27 9.88 10.78 9.57 9.06 7.68 6.24 12.69 10.51 16.77 13.25 12.58 13.53 14.93 14.27 12.19 12.93 9.96
13.38 11.51 11.32 9.72 7.97 6.11 3.91 2.35 2.39 0.99 1.59 2.01 3.40 1.90 2.42 6.04 8.45 10.23 11.76 12.37 10.11 6.57 3.92 5.28 1.38 4.20 13.30 15.06 17.22 20.10 24.97 26.71 21.68 15.83 14.53 20.77 27.87 32.69 35.98 28.70 16.49 15.73 12.75 10.86 9.23 5.78 3.38 3.88 1.32 1.12 9.72 9.52 8.85 8.22 8.51 7.76 9.54 11.30 12.46 7.25 6.96 11.54 4.58 6.84 7.13 10.23 8.75 9.72 9.49 12.54 14.71 13.15 12.40 11.69 16.10 13.98 13.72 15.89 5.83 4.99 10.79
15.01 12.56 10.01 7.67 4.72 4.47 5.09 3.90 3.76 3.37 0.99 0.68 3.37 4.81 3.00 4.57 7.37 9.38 10.32 11.43 11.10 8.32 6.44 6.09 3.78 4.24 12.53 11.42 14.04 20.85 26.76 26.35 20.78 17.04 15.70 22.01 31.19 35.22 36.85 25.51 14.49 16.39 14.81 11.97 8.52 7.92 6.28 5.52 2.08 3.47 10.41 9.68 8.48 7.61 7.47 10.77 12.57 13.08 7.92 7.07 6.38 6.15 5.76 11.32 13.14 10.93 10.82 12.39 17.85 10.62 14.34 13.88 13.65 14.52 9.32 16.80 9.46 14.92 16.14 5.04 4.16
16.94 15.05 15.08 11.99 7.95 5.79 8.46 7.80 6.92 5.41 1.96 2.35 2.61 5.47 4.01 3.42 6.18 8.24 8.71 9.81 10.84 9.08 7.90 7.65 5.63 1.77 8.69 11.40 12.14 20.38 25.09 21.90 18.70 16.60 17.94 25.11 33.07 36.71 33.33 26.12 19.51 18.10 15.90 11.70 8.09 6.76 4.50 3.66 4.20 8.88 9.95 9.28 8.06 7.21 6.18 6.42 7.37 7.99 7.47 7.06 7.76 6.96 6.58 8.91 9.56 12.40 9.49 8.90 8.77 9.28 13.47 9.90 10.45 9.84 16.42 5.92 5.07 5.14 14.79 15.11 4.80
13.66 12.19 12.59 13.13 13.38 11.27 8.67 8.56 8.47 6.85 3.41 3.05 0.48 4.01 5.63 6.21 7.00 7.88 7.88 9.19 10.49 9.40 7.77 7.92 6.89 4.96 3.39 9.51 15.50 20.08 21.23 19.13 19.23 18.33 23.67 28.89 32.64 32.86 28.06 23.47 20.29 18.74 17.22 13.82 9.41 5.44 1.31 1.06 2.05 8.33 9.37 9.51 8.16 7.03 7.01 7.54 7.71 7.41 7.45 7.51 7.64 9.10 8.75 9.78 10.03 7.52 9.03 7.62 10.79 10.43 10.48 11.62 12.86 16.31 10.07 11.31 10.40 15.27 6.59 11.94 9.55
2.43 4.33 7.08 10.34 12.75 12.18 8.57 4.66 6.69 6.81 3.32 2.92 3.61 5.38 5.23 6.34 7.36 8.20 8.18 8.73 9.74 9.28 7.12 6.64 6.52 6.09 6.15 6.05 13.41 18.09 16.57 17.15 22.34 23.71 26.62 31.20 31.61 26.60 23.01 22.74 21.17 19.76 18.50 15.58 11.38 8.15 5.56 3.47 2.58 9.48 10.15 9.99 8.13 8.68 8.70 8.47 8.00 7.84 8.12 8.66 8.66 8.46 15.65 8.91 8.87 8.48 7.88 7.26 10.91 10.13 10.27 11.45 12.12 12.44 13.10 12.63 10.85 13.20 11.23 8.78 6.53
2.52 2.11 6.43 7.64 9.16 10.55 10.34 7.61 2.99 4.89 4.30 2.20 1.12 3.03 7.01 6.64 8.19 8.87 9.71 9.18 9.28 9.41 8.98 6.37 4.43 5.45 6.73 2.88 8.27 11.56 21.22 24.40 25.32 25.88 26.06 27.68 25.82 21.95 21.97 22.13 20.42 19.54 18.03 14.88 10.26 6.53 4.99 2.42 11.36 12.07 12.16 11.14 9.29 9.33 9.01 8.22 7.34 7.40 7.59 7.66 7.37 7.16 7.66 7.84 7.33 6.67 10.80 10.64 10.87 10.65 9.71 9.41 3.75 3.35 4.00 3.81 3.81 4.83 4.92 3.64 3.26
10.99 7.17 6.27 6.26 5.57 6.20 9.04 10.03 8.50 7.70 8.05 4.87 4.68 6.64 4.04 7.97 8.47 7.91 8.00 8.53 9.79 8.78 8.51 7.30 4.72 5.03 5.62 2.47 5.93 7.57 17.37 25.76 28.47 25.19 24.29 23.46 18.61 19.17 23.25 20.96 19.14 18.60 16.17 12.74 8.43 6.31 4.55 14.90 15.69 15.42 14.60 13.01 10.49 8.45 6.91 5.63 5.37 6.34 7.19 7.98 8.81 10.08 7.95 11.59 10.86 8.50 6.94 6.88 2.72 2.14 1.05 6.12 6.31 2.77 4.11 4.25 2.29 1.93 1.79 2.71 2.92
15.16 13.50 7.25 7.74 7.28 5.88 5.25 6.20 7.81 6.60 8.46 8.85 8.58 8.88 5.11 7.23 8.37 10.52 9.25 9.82 10.75 8.73 7.96 7.33 6.45 8.21 9.78 4.49 3.44 8.89 16.27 18.90 24.92 24.44 20.47 15.39 14.61 20.40 23.55 19.95 18.52 17.06 14.05 13.15 12.56 10.98 12.11 19.79 19.70 19.07 17.31 14.39 10.60 6.84 4.98 5.60 7.08 8.02 8.43 8.66 9.91 11.23 8.18 10.18 8.55 7.73 8.58 8.79 8.82 8.37 7.71 9.43 11.11 12.30 12.29 12.53 12.09 9.89 6.58 3.33 6.56
15.46 15.01 17.46 6.94 4.34 3.40 2.85 5.13 6.09 7.10 4.46 4.65 4.94 5.67 5.48 8.73 9.41 12.49 14.58 15.16 14.76 12.66 10.04 8.15 9.96 11.58 6.24 6.51 3.63 9.21 17.76 22.13 24.87 22.09 18.97 16.77 15.10 19.80 21.72 18.97 17.79 14.58 12.58 12.55 13.64 15.38 18.85 18.95 17.94 18.44 18.53 15.92 12.54 9.88 8.84 9.76 10.41 10.50 10.22 8.56 8.10 8.72 9.55 9.76 10.72 7.11 7.07 6.86 6.86 7.06 7.16 7.45 8.08 11.70 8.85 5.34 10.67 9.76 6.00 6.07 6.31
14.49 16.10 20.71 18.59 11.01 9.91 6.91 3.75 5.32 5.26 1.79 3.24 5.75 6.08 7.21 8.40 8.79 10.70 13.20 14.76 18.19 18.55 16.21 15.81 13.16 7.95 11.45 6.04 3.57 10.31 19.56 23.84 29.03 22.51 18.03 22.80 19.45 18.99 18.25 16.64 17.00 13.80 12.53 12.22 15.15 15.53 18.87 13.70 11.48 11.59 13.71 13.82 13.60 14.75 15.41 14.50 13.01 11.61 10.87 10.27 9.35 9.28 9.67 10.18 10.24 9.76 9.11 9.07 8.81 9.18 1.30 5.00 5.13 5.58 6.10 9.05 11.01 12.12 9.88 5.57 5.87
18.45 19.66 11.71 21.71 19.10 10.21 9.37 8.22 7.09 6.19 6.22 9.25 7.77 7.07 8.90 8.15 8.86 10.43 12.49 10.64 9.76 15.48 18.89 21.52 19.26 15.74 10.10 4.59 3.34 13.76 19.93 19.27 27.41 26.46 16.83 19.99 17.14 15.25 13.61 13.60 13.55 13.08 13.95 12.87 15.19 14.67 15.52 8.76 7.10 5.59 6.88 8.42 10.39 14.30 16.96 16.81 15.51 13.61 12.20 11.41 10.42 9.09 8.05 6.57 5.36 5.60 6.08 1.59 7.47 6.74 5.75 5.26 5.42 9.38 10.73 11.22 10.77 10.59 10.15 10.44 9.03
11.73 9.95 10.06 7.40 19.62 20.00 8.75 9.69 11.08 11.58 14.21 17.77 17.19 14.48 10.03 10.62 8.02 5.21 3.18 7.03 7.31 12.98 14.85 19.52 18.07 18.31 19.18 13.49 5.91 14.84 18.06 14.30 22.81 26.73 19.52 16.90 16.00 11.32 11.85 13.75 13.67 12.50 13.61 13.50 11.55 12.40 14.22 14.56 14.55 4.46 5.21 7.55 9.07 11.67 15.48 17.16 17.52 16.68 14.72 13.43 10.82 8.64 8.10 6.95 9.80 9.28 9.22 9.21 8.90 7.72 5.97 5.33 4.29 5.00 10.45 10.29 10.25 9.49 9.40 9.91 11.44
