examples/cougarCreek-fire/createInputs/farsite/7a-cougarCreek-polygonIgnit/cougarCreekFire_08-10-2015_1700_217m_non_neutral_stability_ang.asc
ncols	146
nrows	140
xllcorner	610065.000000
yllcorner	5095217.000000
cellsize	216.586807
NODATA_value	-9999.000000
[rows 42 to 83 of 140, columns 0 to 93 of 146]
172 174 176 177 181 176 180 176 177 176 174 188 186 187 186 185 185 188 189 185 181 178 170 166 175 170 170 174 176 175 167 152 145 148 143 140 138 138 138 138 137 144 145 143 141 136 141 156 160 165 163 166 165 165 165 166 167 167 167 167 167 167 167 165 162 158 157 158 158 158 157 157 156 154 152 151 151 152 155 160 173 171 146 144 158 157 154 151 151 152 153 153 153 142
174 174 174 174 178 179 178 177 176 174 186 185 183 184 182 183 186 186 186 184 181 174 170 169 176 166 168 168 174 176 170 161 154 147 148 142 141 139 139 139 137 136 135 136 160 157 155 156 144 160 165 165 164 162 163 165 166 166 145 165 167 167 167 165 162 159 161 163 163 163 162 162 161 159 157 154 152 151 152 155 158 161 154 144 158 158 157 154 151 151 152 151 155 150
174 173 172 172 173 177 176 175 174 185 181 177 180 184 183 184 183 183 183 182 180 172 171 175 174 165 162 166 172 173 169 163 162 156 154 146 147 144 143 143 152 146 162 158 155 155 142 147 163 168 168 166 164 162 163 167 169 168 165 165 168 168 166 165 163 160 161 163 164 163 161 160 160 158 156 163 160 155 154 154 156 159 173 144 158 146 158 157 154 153 152 151 154 150
171 170 170 170 174 175 175 174 172 178 174 178 185 186 185 183 177 185 183 180 181 177 175 174 175 167 162 168 169 172 166 163 164 160 156 152 149 148 145 145 147 169 164 158 155 143 141 161 169 171 171 155 163 162 164 168 171 168 163 162 165 166 165 162 158 148 146 147 148 148 148 156 155 153 151 151 150 148 158 156 156 158 171 144 158 157 145 156 155 154 153 152 152 145
169 168 174 169 173 173 180 182 179 172 177 184 184 184 183 181 184 183 180 179 180 174 171 170 169 167 167 170 168 167 164 163 163 161 154 148 151 152 147 147 166 167 163 151 144 147 152 166 166 176 174 167 162 162 165 168 168 166 163 159 159 161 157 149 147 145 146 145 147 152 154 153 151 152 151 152 151 149 163 159 157 157 157 163 142 158 157 156 155 154 153 152 152 154
164 166 168 167 168 172 172 178 179 175 183 185 184 185 186 186 164 177 179 178 178 168 165 167 169 170 174 171 167 167 165 166 163 159 151 142 147 151 150 150 148 147 154 150 152 156 170 175 178 179 174 167 163 163 166 165 164 163 155 148 148 146 146 147 148 148 148 148 152 153 152 150 147 152 151 151 153 153 146 161 159 158 157 158 141 159 158 156 155 155 153 151 152 154
161 170 175 177 175 175 172 180 183 182 184 171 184 184 166 163 180 177 180 179 173 164 163 170 173 178 176 173 167 171 170 170 171 160 146 138 144 152 151 159 159 156 161 156 155 153 171 155 178 176 170 167 161 162 164 156 147 148 158 161 158 152 152 158 158 156 155 154 153 149 146 146 147 146 150 150 148 157 148 163 160 158 156 157 167 144 159 158 157 157 155 152 152 153
167 166 172 168 168 176 180 172 171 184 184 170 168 166 179 182 181 179 175 176 173 165 168 174 175 179 176 175 177 170 171 172 174 163 147 138 141 148 148 155 158 153 157 162 156 171 153 174 174 171 167 158 167 156 148 147 146 148 153 159 166 168 168 157 148 149 148 146 145 146 145 145 144 150 149 148 148 146 144 144 162 158 155 153 157 160 164 136 158 158 131 155 152 152
158 163 165 166 172 165 165 171 171 171 170 167 166 178 178 174 175 171 171 175 173 170 170 170 170 172 163 174 167 170 170 173 172 162 153 141 142 147 147 152 152 150 150 158 165 165 162 165 168 171 165 164 170 171 167 154 162 161 151 153 161 167 171 172 155 146 145 143 143 142 143 143 151 150 150 149 148 149 146 145 164 161 155 151 152 155 159 160 160 140 133 130 156 154
156 159 163 170 164 164 170 170 170 170 168 165 164 178 170 169 171 170 173 174 169 168 170 160 170 172 179 160 162 168 169 172 171 161 153 145 148 150 149 151 148 144 143 148 158 160 163 166 167 169 169 170 169 174 172 139 160 160 160 149 151 161 168 173 171 165 157 148 149 160 164 152 158 158 160 161 161 161 166 152 166 164 159 154 151 151 152 156 158 159 146 136 130 157
162 159 171 162 162 169 170 170 182 168 166 178 172 169 166 166 168 170 172 171 168 170 168 155 171 157 156 158 170 167 168 170 169 160 149 146 148 150 149 148 143 140 140 142 147 154 157 158 159 160 164 166 168 171 171 186 147 161 143 147 147 149 163 167 170 169 171 168 165 167 171 171 168 170 170 169 168 166 165 166 147 165 163 160 156 153 151 152 153 156 157 158 158 158
154 163 159 160 168 169 178 179 180 179 177 166 160 160 160 159 158 171 170 168 171 167 167 162 181 158 172 167 166 165 163 168 169 160 146 144 145 143 138 135 137 137 138 139 142 153 153 157 157 157 157 158 161 167 167 173 157 154 164 163 162 164 169 168 168 170 171 170 171 171 169 169 170 171 170 168 145 143 165 164 164 164 152 162 161 159 155 153 152 152 153 155 157 158
151 163 167 167 172 172 177 179 178 177 166 159 160 162 174 170 160 175 173 168 153 153 166 169 172 168 167 166 166 165 159 169 168 163 148 145 154 149 140 141 144 140 136 136 151 150 151 157 158 158 157 157 157 158 163 163 164 166 167 167 166 170 169 168 167 167 168 170 172 172 169 168 168 169 169 169 167 166 165 164 162 162 162 161 161 160 158 157 155 153 152 153 155 157
148 158 165 169 163 168 170 177 170 168 161 161 163 164 176 172 160 174 155 153 164 167 168 169 173 167 167 168 167 165 162 170 168 163 148 153 160 164 156 151 150 151 140 137 155 151 157 156 157 158 158 158 156 155 155 159 161 165 166 167 169 170 169 168 167 166 166 169 170 170 169 168 167 167 167 167 165 165 164 161 160 161 147 139 161 160 159 158 157 156 155 155 154 154
150 150 163 165 161 172 167 169 159 160 162 164 162 163 175 161 159 157 150 164 165 165 167 168 168 168 170 167 167 162 163 170 167 162 148 143 160 161 151 154 153 156 149 137 138 156 153 156 155 156 157 158 157 156 154 156 160 162 163 165 167 168 168 168 168 169 169 169 168 168 168 169 169 168 167 165 164 163 162 160 160 139 159 159 160 143 160 159 159 158 157 156 156 155
150 152 164 156 160 159 165 157 156 157 157 166 155 157 163 160 159 174 158 158 165 164 167 156 167 169 170 166 166 163 168 172 170 170 139 140 162 156 145 154 153 154 154 148 137 158 158 155 157 155 155 156 158 157 157 159 161 162 163 164 164 165 166 166 166 169 170 169 168 168 168 170 171 169 167 165 164 163 161 135 161 160 158 156 157 157 157 157 152 151 157 157 156 157
153 156 158 159 158 165 161 156 158 159 172 166 155 156 179 162 154 147 149 152 167 167 151 150 168 170 153 166 165 164 172 172 171 172 141 138 155 154 146 156 149 147 151 153 148 138 140 159 158 155 157 157 145 158 159 160 161 161 162 163 164 165 164 164 164 165 167 168 168 169 170 170 169 168 166 165 154 145 141 135 162 161 160 158 157 155 155 139 156 156 156 156 156 155
154 158 162 160 158 166 156 159 160 174 172 155 174 156 152 149 150 148 151 153 169 159 153 158 170 158 152 167 166 171 172 171 169 168 154 142 147 153 152 160 156 150 151 154 158 156 153 159 141 158 156 162 161 160 161 161 161 159 160 161 163 164 164 164 164 165 148 167 167 168 168 167 166 165 157 130 136 134 141 140 162 161 161 160 159 157 156 156 156 155 155 155 155 155
154 159 162 159 168 155 158 160 177 177 158 156 157 155 153 152 164 148 153 155 166 166 167 169 161 157 167 168 171 173 171 169 169 168 158 148 143 151 155 157 157 153 152 152 155 157 157 157 155 158 162 134 157 164 164 164 163 161 162 163 163 163 162 150 147 166 168 168 168 167 166 165 153 148 135 134 141 130 135 137 135 136 136 135 133 133 133 157 156 156 155 155 155 154
155 159 160 157 157 157 159 162 162 160 158 157 156 158 155 153 149 149 151 155 161 168 171 161 161 158 155 171 172 171 169 168 169 165 156 152 146 150 156 156 156 152 153 150 149 153 153 153 154 155 160 162 164 165 165 165 163 158 157 158 158 157 153 148 164 167 168 168 167 166 157 145 135 133 141 130 133 137 144 146 143 145 141 142 143 141 141 139 157 156 155 154 154 154
159 160 159 156 157 158 161 163 161 158 156 158 159 160 171 169 149 151 155 157 162 169 167 170 161 160 172 173 172 170 169 170 171 166 152 154 152 151 157 158 157 152 155 158 150 152 151 149 150 153 158 160 161 160 163 162 168 162 149 138 155 158 155 155 155 160 167 166 161 150 129 130 128 141 127 134 138 139 137 143 141 141 144 142 158 138 139 139 157 156 155 154 153 153
164 163 160 157 156 159 162 163 158 158 158 159 160 170 175 152 150 155 156 162 167 167 165 171 163 162 173 173 173 171 172 173 172 162 150 153 155 153 157 159 157 149 151 159 155 154 155 154 152 152 157 158 160 157 161 160 177 160 154 155 163 163 132 131 133 155 156 150 156 134 131 131 130 128 131 135 139 148 138 137 140 158 142 141 157 135 134 137 156 156 155 154 156 153
168 167 163 161 160 162 163 160 159 159 172 175 169 167 158 152 151 154 159 162 157 160 168 171 171 172 173 172 172 171 171 171 167 159 153 155 158 156 158 160 158 149 143 154 157 153 155 155 156 151 150 157 159 160 160 159 159 163 160 154 161 168 162 153 149 146 150 155 164 159 141 150 149 150 148 136 144 143 130 129 134 139 157 157 157 156 157 139 156 155 155 154 153 153
170 170 167 165 164 164 162 161 161 176 177 176 174 158 153 152 152 156 163 159 155 164 169 168 170 164 162 171 172 173 171 166 165 158 153 156 161 158 160 166 160 151 142 149 154 153 157 156 156 159 151 156 158 159 171 158 158 158 158 150 160 159 160 157 153 147 148 149 161 163 143 141 148 152 149 131 122 132 132 128 126 126 128 129 128 130 155 155 155 155 154 153 154 152
175 173 168 164 167 164 164 173 177 180 177 173 168 158 152 149 155 159 156 160 156 155 153 153 175 165 162 157 173 173 171 160 160 159 155 157 167 158 161 172 161 153 141 140 150 151 154 153 154 168 155 150 157 150 157 157 158 157 157 158 137 158 154 158 158 152 156 153 145 141 139 148 138 144 147 130 137 133 122 125 126 130 129 126 124 123 156 155 154 154 154 154 153 153
180 176 169 168 165 164 175 179 181 179 174 170 167 159 153 153 156 162 155 168 165 165 155 154 174 167 163 157 171 170 164 157 158 161 160 161 170 158 164 174 160 157 139 143 144 141 145 147 142 162 154 148 151 156 162 156 157 157 156 123 158 146 149 159 158 151 153 162 161 137 134 136 139 144 153 164 160 159 159 159 159 159 157 156 156 157 131 129 156 154 153 153 152 152
178 174 167 169 168 171 170 168 174 174 166 159 160 154 155 154 157 171 163 161 164 170 155 165 173 155 152 156 172 165 164 156 157 165 166 163 170 162 166 174 165 172 143 151 142 142 143 140 146 149 147 152 154 154 154 152 156 156 156 157 136 145 149 149 156 152 153 160 160 151 131 128 140 140 135 157 162 145 158 157 127 119 119 120 126 131 155 127 155 154 153 153 151 151
174 171 163 167 167 169 170 171 173 173 166 163 165 154 155 154 157 157 170 155 165 170 168 169 175 156 151 157 169 164 171 159 154 162 167 172 173 164 166 174 178 183 159 142 142 143 144 145 144 144 145 152 153 154 154 153 155 154 155 166 128 156 156 134 144 140 139 158 158 159 147 134 133 143 130 134 143 158 114 158 158 158 157 156 156 155 155 155 154 153 154 153 152 151
175 170 159 166 165 167 168 171 173 173 170 168 163 153 152 154 158 157 171 155 154 170 167 174 171 156 158 173 166 172 178 165 154 160 168 174 171 163 167 176 179 175 167 146 142 143 140 140 143 141 151 151 152 147 153 153 153 153 154 155 164 156 156 157 156 128 131 141 157 157 164 148 141 143 141 139 137 157 125 120 124 119 124 125 127 157 157 156 156 124 156 154 153 152
175 168 157 154 165 167 169 168 172 171 172 172 157 162 153 154 158 157 172 155 161 172 154 169 156 155 161 169 166 175 177 161 151 152 171 172 164 162 168 180 175 163 166 158 141 140 143 136 142 142 141 150 145 147 145 152 153 153 153 154 154 161 156 157 157 157 157 122 139 156 156 153 140 137 137 141 143 140 137 133 156 156 137 165 123 125 125 123 131 128 125 124 122 156
172 165 157 155 167 168 170 168 172 170 173 173 176 171 145 156 159 157 166 156 156 156 154 169 156 164 163 167 171 178 175 158 154 168 178 173 160 155 172 176 169 161 159 178 135 140 145 137 142 149 140 150 139 152 151 152 152 153 153 153 153 153 155 144 138 157 118 158 157 137 156 145 135 127 128 137 149 146 149 144 133 131 138 163 156 153 147 153 155 157 158 140 133 131
165 162 157 156 167 169 170 168 169 169 172 172 175 155 150 158 159 157 155 155 156 156 154 179 156 165 175 174 181 163 169 157 155 173 178 174 153 151 173 177 173 161 158 180 156 140 136 149 149 149 141 150 139 150 148 151 152 152 153 153 152 152 162 150 144 143 146 134 127 127 128 130 132 131 132 140 151 149 151 152 133 129 132 150 163 159 142 140 149 155 155 154 138 132
160 159 157 156 167 170 170 170 167 168 171 172 154 167 154 158 159 157 155 156 156 155 155 171 155 167 175 182 168 174 162 156 161 169 179 172 154 154 174 183 177 160 163 175 160 145 141 147 151 154 150 138 139 151 151 141 153 153 154 154 153 152 153 156 141 140 143 145 145 153 157 149 149 157 143 145 150 150 151 155 146 130 130 134 146 159 149 131 132 149 153 154 150 133
157 158 157 167 166 167 168 169 167 171 171 174 168 166 153 157 160 157 155 171 156 155 155 155 169 168 177 166 176 172 165 158 179 169 176 162 154 161 174 180 177 157 159 160 163 159 152 132 151 156 151 152 145 152 151 155 145 153 154 154 153 153 153 161 145 143 139 145 144 148 155 155 152 151 156 148 147 152 149 149 148 130 121 126 133 148 151 140 128 129 144 153 154 147
157 157 156 166 165 167 169 167 170 174 156 154 154 165 154 157 159 157 178 156 156 155 155 154 170 177 180 178 171 176 171 164 182 180 167 153 155 167 165 178 172 158 158 167 165 164 143 153 152 157 152 153 153 153 152 157 144 154 153 154 154 153 152 153 158 143 144 145 143 141 155 159 156 151 157 161 146 152 154 141 138 129 129 127 132 147 142 141 133 126 153 131 152 154
156 156 156 165 166 169 170 168 171 175 157 174 156 156 155 158 159 157 156 156 156 155 155 170 163 178 180 177 176 180 174 170 180 176 163 153 155 168 167 180 161 158 159 163 166 167 161 154 154 158 153 153 154 154 153 157 144 155 154 154 146 153 153 153 161 148 149 148 138 140 146 155 160 154 155 154 154 151 160 147 143 144 134 131 136 154 144 131 133 128 120 152 128 152
156 156 156 166 168 156 170 170 172 173 172 170 157 156 156 159 159 157 156 156 156 155 154 156 160 178 178 178 178 182 183 168 176 170 160 155 156 165 181 187 158 157 161 163 168 168 164 152 156 158 159 154 155 155 154 154 142 146 145 155 155 154 153 154 154 149 144 144 136 155 155 154 147 149 154 154 163 163 128 140 151 155 146 139 139 154 153 142 141 143 135 128 152 149
156 156 156 165 168 156 170 168 171 171 169 168 169 156 157 159 158 157 157 156 156 155 175 155 157 177 179 180 178 181 180 165 168 173 160 157 157 166 187 184 159 157 160 163 167 165 166 166 149 156 158 155 156 156 156 172 155 143 156 155 155 154 153 154 155 164 133 133 132 155 155 155 154 142 156 162 154 153 127 132 147 157 154 146 139 153 152 153 153 153 153 139 132 150
156 156 156 164 168 156 156 170 171 171 171 172 173 156 158 159 158 157 157 157 156 156 156 156 158 177 180 157 179 170 180 170 171 179 161 158 159 168 180 176 162 163 158 162 164 165 168 175 174 157 157 157 158 158 157 156 157 136 168 156 156 155 154 141 155 155 142 131 135 134 136 137 154 154 139 149 153 152 153 135 137 152 152 153 153 152 152 152 152 152 151 152 152 131
156 156 156 162 156 156 156 172 169 169 169 173 174 156 159 159 158 158 157 156 156 168 157 158 160 170 159 158 170 168 173 177 178 177 162 159 163 181 187 158 159 159 164 158 158 166 171 160 179 159 159 159 160 159 157 158 138 159 173 163 158 157 156 156 157 154 165 138 137 136 129 141 138 154 153 153 152 151 155 142 134 153 152 152 153 152 151 151 152 152 151 151 152 132
157 156 156 164 156 156 156 172 167 166 169 156 173 157 159 159 158 158 157 157 178 159 158 159 161 177 160 158 173 165 174 185 179 170 164 161 167 182 173 160 161 160 169 160 156 163 171 161 191 160 161 161 161 159 158 161 167 143 167 173 153 158 158 157 156 155 154 149 140 146 139 141 158 132 153 128 147 151 151 147 139 152 151 151 151 152 152 150 150 151 150 150 151 152
157 157 156 156 156 155 155 173 165 165 174 156 171 158 171 158 158 158 157 177 174 155 159 160 161 161 161 160 176 163 185 185 167 168 169 167 184 162 168 162 162 166 161 163 163 163 162 193 178 167 158 163 161 168 153 162 160 163 162 174 168 155 137 157 157 156 155 160 143 144 139 137 160 160 140 135 138 152 152 145 145 152 151 151 150 151 151 151 150 149 150 149 151 150
