examples/cougarCreek-fire/createInputs/farsite/7a-cougarCreek-polygonIgnit/cougarCreekFire_08-11-2015_1900_217m_non_neutral_stability_ang.asc
ncols	146
nrows	140
xllcorner	610065.000000
yllcorner	5095217.000000
cellsize	216.586807
NODATA_value	-9999.000000
[rows 48 to 95 of 140, columns 0 to 95 of 146]
137 155 160 162 162 162 159 169 170 170 172 147 170 169 137 135 158 158 168 167 157 146 146 154 156 165 161 156 142 146 148 148 146 134 120 112 115 121 119 124 129 123 125 116 103 99 100 87 103 104 105 98 94 95 98 99 101 111 118 118 114 107 108 114 114 111 110 108 107 105 101 100 103 103 103 105 110 116 103 108 115 120 117 111 128 110 111 112 112 112 114 115 115 112 111 111
151 145 157 153 149 162 165 150 149 170 170 144 142 139 161 168 168 167 160 161 154 147 150 156 157 164 160 155 153 139 147 148 146 138 121 111 113 120 119 128 126 120 122 121 110 100 87 101 106 113 101 94 124 109 99 103 105 108 112 116 112 112 110 110 105 104 103 99 98 99 98 98 98 99 100 101 101 100 96 98 111 116 116 113 110 109 126 101 111 112 99 113 113 112 111 110
138 147 149 146 151 141 141 148 147 147 144 141 140 160 165 160 160 154 153 157 152 151 153 153 152 152 134 149 135 142 146 147 145 137 126 114 116 120 119 121 123 116 117 120 119 117 116 119 125 132 125 121 123 119 115 105 103 106 108 110 109 112 111 109 106 98 96 92 92 91 92 93 95 98 100 97 92 90 94 99 106 110 113 113 112 110 109 109 109 107 100 98 111 112 112 110
137 139 144 149 141 140 148 147 146 145 141 139 140 163 154 153 154 151 154 155 146 143 150 140 152 148 154 123 130 142 146 145 144 135 127 119 119 122 119 117 114 111 110 114 110 108 109 111 111 122 120 119 103 117 96 85 100 103 103 105 106 108 111 110 108 104 106 100 100 105 108 107 105 108 109 111 111 114 104 107 104 106 109 111 112 111 110 109 108 108 113 102 95 111 111 111
145 139 154 139 140 147 147 146 162 143 141 161 156 153 148 148 149 150 151 149 144 145 141 123 150 121 119 123 142 143 146 142 140 132 122 118 119 121 116 114 109 106 105 107 113 108 108 106 105 103 107 105 103 102 97 102 94 100 100 100 100 103 108 101 109 107 109 107 107 109 100 113 111 100 100 100 101 101 101 102 101 105 107 108 110 110 110 110 109 108 108 108 108 109 109 110
136 146 138 139 148 149 160 160 160 158 159 148 137 136 134 132 132 149 148 144 151 142 141 139 156 123 145 142 140 140 140 141 136 128 116 113 113 109 105 101 102 100 100 103 107 106 106 104 103 103 103 103 101 106 104 112 105 103 102 103 103 105 100 100 99 97 97 96 96 96 98 98 97 96 97 98 103 96 102 102 103 104 114 105 107 109 109 110 110 108 107 107 107 107 107 108
134 147 148 147 156 157 159 158 158 157 147 136 137 136 153 148 132 153 150 144 125 125 143 148 145 140 143 142 137 137 134 140 132 129 107 114 121 117 106 107 107 101 95 95 100 101 102 103 103 103 103 105 105 104 108 103 99 100 102 103 102 95 96 96 96 96 96 94 92 93 95 97 97 97 97 98 99 100 100 101 102 103 103 104 105 107 107 108 108 107 107 108 108 107 108 108
130 141 148 152 144 149 147 156 154 152 139 138 139 139 153 148 133 150 129 128 142 148 148 146 150 142 141 140 135 137 137 140 132 128 117 104 127 128 121 116 114 112 97 91 95 97 102 103 104 104 104 104 105 105 104 106 101 93 93 93 91 92 93 94 94 96 96 94 93 93 95 97 98 98 97 97 97 97 98 100 103 105 109 97 104 105 105 106 108 109 108 108 108 108 107 106
130 129 145 143 135 149 142 150 141 141 140 140 138 138 151 133 131 130 124 145 146 145 148 146 142 142 140 132 135 135 137 140 130 127 116 114 127 126 117 116 114 114 105 92 87 93 93 100 104 105 104 103 104 104 102 98 93 91 92 91 92 93 93 94 94 94 94 94 94 95 95 95 95 95 95 95 96 97 99 102 103 102 104 104 104 105 105 106 108 108 107 106 108 107 107 107
127 130 144 131 132 132 140 137 133 133 131 141 128 129 134 129 128 144 138 140 145 144 148 126 141 143 138 130 136 136 140 135 127 129 108 109 130 122 111 116 114 113 114 101 90 90 89 92 100 103 105 105 103 101 98 95 92 91 92 93 94 95 94 94 94 93 94 95 95 95 94 92 92 93 95 96 98 100 101 89 100 101 103 104 103 104 104 105 118 118 105 105 106 106 106 106
132 135 136 135 134 138 138 132 132 131 145 139 125 123 145 124 119 120 124 130 147 147 122 122 143 143 119 132 137 135 137 134 131 131 112 107 125 120 114 118 114 111 113 108 100 86 81 90 91 93 102 105 97 97 94 93 93 93 93 94 94 94 94 94 94 94 94 94 93 92 90 90 92 94 97 99 85 87 90 88 99 100 101 103 103 103 103 106 103 104 104 104 104 105 105 104
132 137 140 138 136 142 131 131 130 145 141 122 135 117 117 119 122 123 126 128 150 132 125 130 146 125 119 136 137 138 132 134 134 131 119 110 116 119 115 121 117 114 114 111 112 113 105 94 89 89 92 98 98 95 93 93 93 94 94 94 93 94 94 94 94 94 87 92 91 90 90 92 95 97 84 85 95 94 90 89 99 99 100 101 102 103 103 103 104 104 104 103 103 103 104 103
131 139 141 137 146 130 129 129 146 140 121 118 119 122 125 126 132 126 127 129 145 145 145 146 130 125 135 137 137 133 134 135 135 132 123 114 113 116 119 120 118 113 112 115 111 111 109 113 110 93 91 88 88 94 93 92 93 93 94 94 93 94 95 86 88 93 91 90 90 92 94 96 84 85 94 93 91 90 96 99 96 94 95 95 94 94 94 102 103 103 103 103 103 103 103 103
132 138 138 133 132 127 128 129 125 122 119 122 128 131 131 129 131 127 128 132 135 147 149 132 130 125 121 136 134 134 136 136 134 130 122 117 111 115 120 118 116 113 112 113 111 113 112 112 111 94 89 90 93 93 92 91 86 86 87 85 85 85 85 86 93 91 90 91 92 94 84 86 93 92 90 89 94 98 100 102 105 103 104 103 103 104 104 102 101 101 101 101 102 102 102 102
136 137 134 129 129 126 125 124 119 120 125 129 132 135 141 145 127 129 128 133 136 148 147 147 131 127 137 135 134 135 137 137 131 130 119 119 116 115 120 120 118 113 116 116 112 113 111 104 104 94 91 92 92 116 90 91 99 91 103 93 85 83 85 85 83 82 93 83 82 84 85 89 86 86 86 95 100 101 100 99 104 105 102 103 97 101 102 102 99 99 100 100 100 100 101 102
142 139 131 126 125 122 120 120 123 128 132 133 132 137 145 133 127 128 132 142 147 146 144 149 133 129 138 133 134 135 138 135 132 129 118 120 119 117 119 120 118 111 111 117 111 110 109 113 110 93 91 91 91 114 91 91 115 90 106 110 90 90 86 82 78 84 83 105 111 91 89 89 88 87 92 96 101 100 100 99 103 95 105 105 96 97 97 100 98 98 99 98 99 99 99 100
150 144 134 127 125 124 126 130 134 136 142 143 135 132 139 129 128 131 134 140 131 133 145 148 145 144 138 131 134 135 135 137 132 125 120 120 120 119 120 119 117 109 110 115 115 110 109 99 98 109 92 91 92 93 93 92 90 98 90 107 91 99 90 103 103 102 105 109 90 110 96 95 106 106 96 97 96 96 93 93 98 103 95 95 95 96 96 103 97 97 98 98 98 99 99 99
155 150 139 131 131 135 137 136 137 148 150 149 148 138 131 129 129 133 136 136 124 134 145 146 144 132 124 129 131 133 134 135 132 124 120 119 123 120 121 122 118 112 108 109 112 110 111 110 99 98 94 90 91 92 117 92 90 89 89 107 91 91 90 108 103 102 103 104 111 116 101 99 104 107 95 91 82 80 80 83 85 87 90 91 91 93 95 96 97 97 97 96 98 98 99 99
161 155 142 134 134 137 139 142 145 149 150 148 145 135 127 125 127 135 126 131 124 123 122 122 150 131 124 117 129 132 136 129 128 125 119 120 129 119 119 128 118 112 103 108 102 101 102 100 99 115 97 94 88 109 91 92 90 89 89 90 99 90 110 112 112 105 97 108 101 100 98 93 98 103 104 89 77 81 82 87 88 89 89 86 83 83 95 95 96 96 96 97 97 98 99 99
168 162 147 140 138 138 143 146 149 150 149 148 144 136 127 124 128 138 125 145 134 133 122 122 149 132 124 117 131 136 132 126 125 125 123 123 130 118 123 126 117 114 101 97 98 103 110 109 106 113 111 93 94 90 113 92 91 88 88 87 90 101 103 89 112 108 108 87 87 97 95 96 100 102 108 114 89 90 91 90 90 90 91 93 93 93 93 91 94 94 96 97 98 98 100 98
167 161 148 144 141 144 146 145 151 149 145 135 134 126 129 124 129 150 135 133 133 143 120 140 147 119 116 117 135 131 131 123 123 130 130 124 130 122 123 128 119 124 95 95 95 96 96 105 97 108 107 88 89 90 92 113 92 89 87 110 97 100 96 107 99 97 97 88 87 103 92 90 90 91 97 111 113 103 88 88 88 79 78 84 90 95 92 90 93 95 96 97 96 96 96 97
161 155 143 141 141 148 150 150 150 148 144 141 142 125 129 123 129 128 145 123 135 143 142 143 147 118 115 118 135 130 133 124 121 126 131 131 131 123 124 128 126 123 114 95 95 96 97 97 95 95 95 90 90 90 91 92 115 91 87 92 91 88 88 97 103 100 99 88 87 86 101 94 94 91 92 96 102 88 78 88 89 90 90 90 92 92 92 92 93 95 95 95 96 96 96 96
159 152 138 139 139 146 148 149 149 148 146 144 139 127 126 124 130 127 144 122 121 143 133 144 132 118 117 130 133 136 135 131 122 125 132 130 131 123 125 126 127 126 117 96 95 96 105 104 94 93 90 90 90 107 89 90 92 93 90 86 93 86 87 88 89 93 95 101 88 86 111 102 99 100 99 99 98 88 87 82 81 82 80 75 75 92 93 93 94 78 94 94 95 95 96 96
161 150 136 132 140 145 147 143 147 147 147 146 125 137 122 125 131 126 144 121 135 144 118 131 119 118 119 134 134 137 135 126 107 106 132 132 124 123 125 130 128 117 114 111 93 94 96 102 95 94 92 90 95 107 105 89 90 92 92 88 85 106 86 87 88 88 88 87 99 87 86 108 98 97 98 99 100 99 98 95 89 89 99 110 75 77 79 80 91 87 79 79 82 95 95 95
157 145 136 133 141 146 147 142 147 146 147 146 146 133 120 127 131 125 134 120 120 119 118 132 119 122 123 132 136 136 134 124 121 132 133 130 122 111 131 126 122 118 104 119 97 94 97 103 95 89 92 89 103 110 89 89 89 90 92 91 87 85 108 90 87 87 83 87 87 87 87 101 96 90 91 97 101 102 101 101 96 95 101 112 89 106 105 109 110 91 110 99 95 94 91 93
147 141 136 133 141 146 147 142 146 145 146 145 145 123 122 126 130 124 120 120 120 119 118 146 119 121 137 138 135 119 133 123 121 131 126 130 110 117 132 125 127 117 106 122 108 93 102 99 97 89 93 88 102 88 107 88 88 89 90 91 89 86 95 105 102 100 93 94 90 90 91 92 94 93 94 98 101 100 102 103 96 93 96 106 112 109 102 102 107 91 90 107 97 93 91 92
139 137 134 132 142 146 146 146 144 144 145 144 124 138 118 123 129 123 119 120 120 119 118 132 120 123 137 137 121 135 127 122 125 118 127 131 110 117 132 128 127 116 118 125 99 94 95 97 98 98 88 101 102 88 88 103 88 88 89 90 90 88 85 108 100 98 102 103 100 105 110 104 103 85 98 97 101 101 102 104 100 93 93 98 104 109 104 93 96 107 91 89 105 93 90 90
135 135 133 142 142 142 142 144 144 145 139 142 139 137 118 123 128 124 120 141 120 119 118 119 128 128 139 122 137 131 130 123 135 115 130 123 111 121 131 129 127 115 116 105 101 108 90 99 90 101 87 87 105 88 88 106 105 87 87 89 89 88 87 95 102 91 97 93 92 105 85 85 106 99 84 98 99 102 101 101 101 93 87 89 97 104 105 100 91 93 105 91 89 103 88 88
135 134 132 142 142 143 142 140 145 141 125 123 123 138 120 125 128 123 144 119 119 118 118 119 132 141 139 137 132 134 132 126 135 129 129 111 111 124 114 128 121 114 114 117 102 99 104 90 90 101 87 87 88 88 88 100 104 87 87 88 89 89 88 86 106 100 101 101 92 98 109 103 99 104 102 111 98 101 103 97 98 92 86 89 95 102 100 100 94 88 90 95 91 89 88 88
134 133 132 142 142 142 141 141 143 141 127 135 126 124 122 126 127 122 120 119 118 118 118 131 131 141 140 137 136 135 129 132 131 131 122 110 104 124 113 128 108 108 108 108 104 100 108 89 89 101 88 88 88 87 87 100 103 87 87 87 105 88 88 86 99 104 104 103 97 93 102 106 110 107 84 85 85 105 105 100 98 98 96 94 97 87 100 93 94 90 84 89 92 91 90 89
134 132 131 143 143 130 142 146 144 142 140 141 124 123 122 125 125 122 120 119 118 118 118 126 133 143 139 137 137 135 133 130 134 130 115 103 103 116 128 125 109 108 109 109 108 105 102 103 87 100 100 88 87 86 86 86 102 104 103 86 88 89 88 87 85 103 101 101 93 84 84 85 104 105 85 85 111 105 92 97 103 104 99 95 95 87 87 99 98 99 95 90 88 90 91 89
133 132 131 142 144 130 142 142 142 142 138 140 139 120 122 125 123 121 120 119 118 119 139 118 119 142 139 137 136 136 129 127 129 129 114 102 102 116 128 126 108 107 108 109 108 106 103 98 104 88 100 88 87 85 85 98 88 102 108 86 87 88 89 87 85 98 92 92 92 84 84 85 85 96 104 105 84 85 91 95 101 105 102 98 95 87 87 86 86 87 87 97 93 88 89 91
133 132 131 142 144 129 128 142 142 141 140 142 135 120 123 124 123 122 121 120 119 119 124 118 131 142 139 111 135 126 134 129 129 129 114 102 101 116 115 126 109 108 106 108 108 107 104 97 98 88 89 88 86 85 87 88 88 97 100 86 86 87 88 102 86 84 99 91 93 89 90 91 84 85 95 102 86 86 101 93 95 105 85 84 85 87 87 86 86 86 87 87 86 91 86 87
133 132 130 140 131 129 128 141 141 141 140 139 136 120 123 124 122 122 121 120 119 135 118 118 128 132 114 111 124 132 124 129 129 130 114 111 113 130 127 99 98 96 107 106 106 107 105 89 94 87 89 88 85 87 90 99 96 86 99 99 86 86 87 87 103 85 99 96 95 90 91 98 92 84 86 87 87 87 102 96 92 86 86 85 84 85 86 87 87 86 86 87 86 91 85 85
133 131 130 141 130 129 128 141 140 140 141 124 135 121 124 123 122 122 121 120 139 130 117 117 127 140 113 111 132 128 125 133 129 126 113 110 114 116 114 98 98 97 109 106 103 106 107 90 110 98 87 86 86 91 102 100 97 99 100 97 104 85 85 86 87 87 85 102 97 101 92 93 101 89 85 89 100 87 86 98 93 85 86 86 84 84 84 86 87 87 86 86 85 86 86 84
133 131 130 130 130 129 128 141 138 140 142 124 138 122 140 122 122 122 120 139 138 123 117 116 127 116 114 111 132 120 135 132 119 117 115 113 127 101 112 97 97 109 97 107 94 94 93 114 101 99 96 85 89 103 107 100 85 98 99 98 98 105 95 85 86 87 85 99 99 100 96 95 102 102 94 91 95 107 106 99 101 83 85 86 86 85 85 84 85 86 85 86 85 86 85 84
133 131 130 130 129 129 128 141 140 141 125 124 137 123 124 123 136 122 120 139 127 117 116 116 116 136 114 126 124 119 134 132 105 104 128 101 127 100 111 97 97 99 98 95 93 93 93 93 101 88 98 88 103 100 98 87 88 86 99 86 99 98 98 98 94 95 100 99 105 98 96 90 101 102 99 99 98 101 102 85 84 84 84 85 86 85 85 84 84 84 84 85 85 86 86 86
132 131 130 129 129 129 128 141 141 142 125 138 132 135 124 123 122 138 140 137 123 116 115 114 114 135 132 130 124 108 128 130 104 105 130 127 126 114 98 97 98 98 97 94 93 93 93 93 90 88 89 90 90 87 86 87 88 88 87 87 87 99 85 98 102 101 105 84 99 104 101 88 90 103 104 101 100 99 84 85 85 85 84 84 85 104 84 84 84 84 84 84 84 85 85 86
132 131 130 129 129 128 127 126 142 126 124 138 124 140 124 122 138 137 137 129 115 114 114 130 113 133 112 130 124 127 127 119 129 105 130 123 128 127 99 98 107 96 95 94 93 92 92 93 92 90 89 89 89 87 86 87 88 88 88 87 87 86 85 85 104 103 106 100 100 99 99 97 95 98 102 83 102 83 83 84 84 89 85 85 84 84 84 84 84 91 84 84 84 84 84 84
131 130 129 129 128 128 128 127 127 126 124 131 124 140 140 140 138 132 136 125 115 114 115 114 134 133 111 130 108 131 107 121 106 105 105 104 103 102 127 124 96 93 93 94 93 92 93 93 92 90 89 88 88 88 87 87 87 87 88 87 87 86 86 86 98 105 107 99 100 84 84 103 98 95 96 95 95 99 101 94 83 86 85 85 84 84 84 83 83 83 84 84 84 84 84 82
131 130 129 129 128 128 144 127 127 126 124 131 124 135 140 139 136 134 136 116 115 115 115 114 134 112 111 110 109 108 126 131 128 105 105 129 102 102 127 99 96 93 93 94 94 93 93 92 91 89 88 88 103 88 88 88 87 87 87 87 87 87 87 86 106 103 99 106 106 106 84 105 101 96 82 83 83 84 84 93 83 83 84 85 84 84 84 84 83 82 83 84 84 83 83 83
131 129 128 128 128 127 142 127 127 126 123 137 123 125 140 139 136 131 131 116 115 115 114 135 113 112 111 110 110 109 108 125 129 104 105 104 102 101 126 98 96 94 94 95 95 94 93 91 91 90 88 88 103 104 88 88 87 87 87 87 87 87 86 106 98 102 103 105 103 103 105 106 105 103 95 92 93 83 83 84 84 83 83 84 84 84 84 84 83 83 83 84 83 84 84 89
130 129 127 128 127 127 127 127 127 126 123 135 123 124 139 139 136 134 133 116 116 115 115 114 113 112 112 111 128 130 129 131 129 105 104 104 102 101 100 98 97 96 95 95 94 93 92 91 91 90 89 89 88 104 89 88 88 88 87 87 87 106 86 107 106 104 101 102 100 99 100 104 82 82 103 99 97 98 93 83 83 83 83 83 84 84 84 84 84 84 84 100 96 98 97 97
129 128 127 127 127 127 127 126 127 126 139 135 122 134 138 139 136 118 117 116 116 115 135 114 113 112 131 132 130 130 132 130 128 105 103 103 102 101 99 98 97 96 95 94 117 92 92 92 91 90 90 89 89 102 89 89 89 88 88 87 86 105 106 104 106 85 103 101 96 96 84 97 83 83 83 98 99 83 99 93 93 94 91 83 83 84 84 84 84 85 84 85 85 102 85 86
128 127 127 127 127 127 126 125 126 125 139 134 130 136 137 137 136 133 117 116 116 115 135 114 114 112 131 129 131 130 127 108 106 104 103 102 126 100 117 111 98 96 104 95 94 93 92 91 91 90 90 89 89 99 99 89 89 89 88 87 87 87 104 102 106 86 85 103 98 96 83 98 83 83 102 99 97 97 96 92 91 94 84 98 84 95 93 92 84 85 85 85 84 83 87 86
128 127 126 127 127 127 126 125 124 124 122 136 121 137 121 137 136 135 117 116 116 116 136 115 114 131 129 129 129 132 125 107 106 104 103 122 101 100 99 98 98 98 96 95 94 93 92 92 91 90 90 89 89 100 99 103 88 104 88 87 87 87 101 98 101 86 85 104 100 96 94 100 83 84 102 99 97 83 89 84 83 83 89 84 84 100 84 101 87 83 92 94 86 84 87 87
128 127 126 133 126 126 126 125 124 123 123 122 137 121 121 120 137 136 117 117 117 116 115 135 113 130 129 133 130 129 129 122 128 128 122 102 101 100 100 99 99 99 97 95 94 93 93 92 91 90 90 89 89 88 97 99 99 97 102 87 87 87 101 94 86 97 103 85 99 97 94 100 84 84 101 103 103 98 90 90 90 90 83 87 89 92 91 85 99 99 84 83 84 84 86 87
128 127 126 126 126 126 126 125 124 124 123 123 122 135 121 136 137 137 133 117 116 116 115 114 113 112 132 128 110 109 107 129 129 123 104 103 102 102 101 114 99 98 97 95 94 93 92 92 91 90 90 89 89 88 93 91 93 95 96 101 87 86 98 91 85 88 92 97 96 96 93 96 104 103 103 83 82 82 92 89 89 89 83 84 84 89 84 85 85 85 85 84 83 83 84 84
