examples/cougarCreek-fire/createInputs/farsite/7a-cougarCreek-polygonIgnit/cougarCreekFire_08-13-2015_0200_217m_non_neutral_stability_ang.asc
ncols	146
nrows	140
xllcorner	610065.000000
yllcorner	5095217.000000
cellsize	216.586807
NODATA_value	-9999.000000
[rows 47 to 93 of 140, columns 0 to 95 of 146]
299 293 303 308 310 308 303 297 296 302 300 302 303 300 300 305 322 314 308 304 299 312 318 314 312 307 300 299 299 297 310 333 305 290 286 318 14 6 11 18 20 18 23 25 348 345 303 266 245 217 155 80 71 86 104 79 94 108 110 98 67 64 73 77 87 94 104 120 122 124 145 167 137 101 102 126 152 126 109 126 151 189 195 171 165 158 147 151 176 183 172 182 212 212 209 228
298 298 293 297 298 299 301 297 311 300 317 319 308 308 321 323 317 316 310 304 303 316 321 314 309 308 305 300 307 301 307 311 329 312 300 311 19 10 13 14 23 37 46 47 8 337 285 304 259 225 86 50 52 50 64 81 100 118 124 127 87 73 78 90 92 94 89 88 102 109 117 154 123 100 105 124 157 152 116 118 149 163 171 166 163 161 144 132 148 168 174 173 190 205 204 219
287 297 302 301 306 294 296 310 313 316 319 321 322 323 314 312 310 308 311 306 305 316 317 315 316 310 307 304 303 310 311 313 313 316 312 318 23 39 29 15 51 22 64 65 51 9 18 355 339 353 29 45 45 52 64 74 92 124 132 157 164 136 117 106 95 83 66 65 77 84 67 42 95 110 114 123 137 146 129 128 152 154 149 162 169 163 155 139 132 141 162 170 165 191 195 204
298 295 298 303 302 311 314 313 315 318 321 323 324 314 310 312 312 314 314 313 308 316 320 321 322 319 326 306 312 309 314 313 311 317 318 329 24 38 29 18 26 18 8 41 66 53 34 29 29 30 43 57 64 69 74 76 83 109 125 125 147 152 135 118 100 82 66 65 71 73 80 113 123 125 126 131 139 136 131 134 145 144 135 147 160 166 163 154 145 128 146 161 164 166 176 176
298 301 302 307 310 313 312 314 317 321 323 325 326 313 315 326 314 316 313 308 313 316 315 327 319 314 304 321 313 311 316 314 306 310 313 331 27 41 32 36 40 26 7 346 19 34 73 78 79 72 74 80 77 72 73 78 81 71 77 68 60 116 122 113 108 102 84 81 88 92 112 130 126 124 126 130 139 138 132 131 126 122 124 131 137 150 160 157 150 142 138 144 151 151 157 164
291 301 307 309 312 310 317 315 318 321 323 315 320 321 322 319 316 315 313 313 317 315 317 334 318 336 333 323 309 315 321 318 315 300 298 317 32 44 33 34 33 16 357 342 333 340 346 95 97 87 72 67 87 86 78 76 69 32 42 35 39 3 91 98 99 100 99 93 90 95 119 116 109 101 96 99 106 105 101 109 117 124 126 127 132 136 143 146 146 143 140 135 130 130 138 147
304 307 309 309 307 310 305 306 309 319 310 319 329 330 329 327 327 313 313 316 313 322 324 337 322 337 314 313 310 313 337 342 299 292 289 307 35 42 49 45 38 11 354 339 325 315 312 328 344 7 33 44 124 95 99 105 64 42 31 36 39 25 74 86 86 87 96 86 70 69 90 91 77 71 72 76 91 86 92 106 116 122 124 122 131 139 135 139 141 140 144 144 136 126 125 132
305 311 313 308 306 303 310 305 309 311 315 322 326 327 314 318 329 331 314 318 332 335 326 327 328 323 315 311 304 302 332 314 319 285 289 312 36 20 38 25 36 21 31 345 317 308 299 297 294 294 334 17 79 117 103 95 74 63 48 49 46 44 51 81 85 93 95 80 61 56 65 74 78 77 83 89 96 103 105 105 110 116 119 117 120 127 129 135 136 135 142 144 141 135 133 131
298 307 313 300 304 304 305 303 310 314 320 321 322 323 312 327 327 318 331 334 336 328 327 326 322 317 312 306 301 296 329 337 292 283 289 299 11 20 19 42 46 28 36 23 12 10 20 301 283 302 302 314 38 122 103 95 80 72 49 46 40 22 24 72 74 84 325 69 58 56 63 76 96 106 100 100 100 96 99 106 116 129 126 123 119 120 122 130 136 138 138 137 141 132 130 131
291 299 308 293 297 303 301 300 313 315 312 311 315 318 323 318 322 323 330 337 341 329 325 323 317 314 311 310 303 301 325 297 288 277 282 284 359 23 354 61 28 25 23 33 18 7 8 33 266 291 309 328 327 121 100 87 69 58 55 27 25 63 66 65 68 73 71 65 66 71 82 89 95 104 100 100 102 107 112 114 120 128 130 128 125 126 129 131 139 144 132 129 128 122 121 125
299 305 308 298 295 302 299 301 303 303 303 298 311 316 309 311 313 306 325 337 343 330 328 330 314 314 313 311 306 310 306 300 292 276 285 293 354 351 65 7 92 359 2 45 29 12 9 15 14 39 204 307 345 92 9 62 49 52 53 55 60 67 74 77 78 79 78 77 76 83 90 86 81 89 99 105 111 117 116 108 105 104 110 121 125 125 127 122 125 134 124 121 120 118 119 122
308 312 312 305 301 298 297 300 300 303 295 297 306 311 295 304 310 317 326 340 339 330 341 335 327 315 327 309 313 317 309 307 299 284 296 307 347 348 67 86 3 83 62 44 33 20 14 25 29 19 15 23 44 74 57 39 51 64 71 72 75 79 84 86 86 90 91 83 78 83 84 84 88 97 104 109 109 94 106 101 99 99 102 112 119 117 113 108 109 121 122 119 118 117 118 120
311 316 318 311 306 296 301 301 302 294 297 303 298 310 312 314 315 320 334 345 338 337 337 335 324 330 325 309 315 312 313 309 303 295 302 306 356 30 56 112 64 12 13 10 55 27 27 37 39 35 22 0 352 14 22 42 68 76 79 80 82 85 86 85 82 82 77 71 85 91 93 97 100 100 84 95 94 90 94 98 101 102 102 107 114 117 117 119 122 125 128 126 123 121 119 119
313 320 320 311 299 300 300 302 291 298 304 305 310 315 317 317 315 326 342 349 337 329 329 326 335 330 313 310 311 312 311 309 305 299 302 304 0 62 63 83 7 354 358 353 4 21 24 25 44 49 40 19 3 12 36 55 70 75 76 78 81 87 90 85 73 66 60 72 92 100 103 104 85 81 91 91 82 80 92 100 102 105 107 109 116 128 137 136 131 133 138 132 125 120 119 118
315 321 317 309 304 300 303 309 307 307 308 311 317 321 320 318 322 334 348 350 337 321 329 332 338 329 324 312 312 311 310 312 304 304 323 320 29 64 89 331 336 349 1 354 355 5 6 360 38 60 53 37 23 34 56 63 55 63 70 69 72 84 87 81 66 66 73 84 93 100 103 90 91 84 80 81 86 90 95 100 106 110 112 114 116 125 138 137 133 133 137 130 119 117 117 117
323 323 316 307 303 301 306 310 306 308 311 314 318 319 315 312 328 343 351 346 335 324 326 334 333 328 325 314 313 311 309 306 303 304 337 1 24 359 327 312 321 338 354 5 355 2 22 5 15 49 55 49 45 55 62 64 78 68 86 79 70 70 74 70 67 76 81 85 76 86 95 92 84 78 77 80 94 103 98 99 109 114 116 117 112 109 118 125 126 124 125 120 113 113 115 116
330 325 315 307 302 301 306 310 311 315 317 316 316 315 313 322 334 350 351 339 327 325 330 324 331 328 325 313 311 311 310 310 306 315 351 12 4 341 324 317 320 329 345 359 1 1 9 8 1 27 53 55 50 53 58 62 113 65 78 80 71 72 72 67 73 74 68 88 91 84 85 91 87 81 83 91 100 104 103 108 119 123 120 121 112 102 107 117 117 111 109 111 114 114 116 117
335 329 319 314 310 310 315 317 318 319 317 317 317 318 321 326 341 356 350 336 332 328 320 320 328 327 324 310 308 308 310 310 312 331 356 5 353 338 327 320 321 329 337 355 1 6 14 8 7 18 50 51 42 44 52 58 61 63 65 78 68 79 67 82 100 88 91 82 78 96 84 93 93 96 81 85 92 96 96 101 115 131 131 129 119 106 103 105 102 98 106 113 116 117 116 117
336 332 324 320 320 321 322 320 318 314 314 314 312 318 320 328 346 358 349 333 332 331 315 318 325 324 321 316 305 307 309 314 318 338 354 354 338 333 328 316 318 326 332 343 3 8 19 12 5 27 36 37 30 38 98 54 57 61 64 77 66 66 67 81 98 75 71 88 101 107 83 81 76 93 77 72 76 89 95 98 106 121 130 134 122 110 106 97 97 105 111 114 118 119 117 116
338 332 323 321 321 323 322 318 314 313 312 311 308 315 317 327 347 357 346 335 334 332 329 330 324 324 320 316 307 310 313 324 333 344 350 346 325 331 327 308 318 323 327 333 346 4 11 0 358 216 23 29 29 37 46 50 53 58 63 66 86 63 74 95 83 63 72 99 91 91 83 75 74 96 81 77 80 89 110 106 105 104 103 119 122 106 101 96 103 115 117 117 116 118 114 111
343 334 325 320 319 321 320 318 315 313 311 310 308 313 319 330 349 357 342 325 334 327 330 330 315 330 318 314 307 308 315 329 339 341 342 338 322 331 324 310 322 323 331 333 340 352 15 25 21 25 18 28 34 38 90 43 47 55 63 69 69 86 74 70 99 59 66 78 83 87 87 82 82 89 87 111 88 94 102 97 87 79 77 88 115 107 95 98 101 107 113 115 115 115 116 112
341 330 322 316 316 317 318 318 313 311 311 315 314 317 321 333 353 355 339 328 332 318 330 327 318 330 322 312 302 310 311 325 334 331 330 331 320 326 322 311 320 307 339 338 344 347 350 22 349 9 32 19 28 33 35 38 43 52 60 103 75 79 75 75 72 59 66 77 79 87 85 84 83 91 98 93 97 76 64 64 62 58 66 80 102 107 104 108 106 105 109 115 120 124 121 116
333 324 316 309 310 311 312 311 310 309 309 312 309 316 321 334 355 355 338 330 323 317 318 325 317 330 320 311 312 310 307 320 332 330 325 320 318 323 321 313 310 309 328 339 348 351 346 346 345 360 11 10 19 27 30 35 40 48 55 67 66 72 81 84 89 57 67 78 77 77 89 83 87 90 92 90 85 75 69 72 74 72 76 84 89 96 102 111 113 112 112 116 126 137 135 122
330 321 311 305 306 306 308 307 307 306 308 310 314 315 321 335 355 354 338 330 329 316 320 314 332 328 314 311 307 308 308 315 331 332 324 319 317 325 322 313 308 310 319 336 346 353 353 346 348 354 355 5 14 79 26 26 34 45 52 53 63 59 72 76 66 60 72 80 78 76 97 83 89 83 76 80 93 88 92 91 96 91 84 85 88 98 105 109 110 105 98 101 118 139 147 137
334 320 309 308 304 303 304 307 304 304 306 308 317 312 319 337 357 353 337 328 328 315 327 321 331 325 313 313 310 319 308 318 330 335 321 316 321 325 321 308 309 325 324 329 338 348 353 355 348 353 356 2 27 72 75 20 28 35 42 48 52 89 67 71 64 64 74 82 87 76 77 94 86 76 70 81 88 90 93 94 96 101 97 110 81 100 107 100 102 91 85 93 108 128 145 144
332 319 309 308 305 303 303 306 302 303 305 307 307 311 320 342 1 351 333 325 327 328 327 322 329 322 311 308 308 307 310 318 327 322 314 314 322 329 314 310 314 331 334 305 333 344 355 3 348 344 356 358 54 17 20 20 22 25 34 47 54 59 92 61 57 65 72 74 75 79 79 79 75 67 77 86 99 101 98 96 89 101 111 119 94 95 101 114 108 97 110 97 96 104 119 130
320 316 309 306 304 303 303 305 302 303 304 307 307 317 321 348 6 348 329 323 326 327 326 316 328 315 304 313 307 316 308 319 324 316 315 313 328 330 311 308 307 329 333 306 323 336 349 347 344 344 356 354 49 11 71 18 18 23 33 45 53 57 68 80 51 64 69 65 71 80 80 83 80 62 82 94 90 99 100 100 92 92 104 111 91 95 80 90 116 112 100 87 75 70 75 88
311 310 308 305 302 302 302 301 302 302 301 302 313 303 319 350 6 344 325 322 326 326 325 322 327 316 308 309 315 308 313 320 319 319 312 313 330 331 311 306 306 323 330 308 322 327 337 342 340 341 347 13 2 360 7 56 11 13 23 37 45 51 54 85 47 57 57 54 70 91 98 80 62 61 82 97 91 101 101 86 86 89 97 107 105 105 93 83 103 121 102 83 69 56 54 62
307 307 306 300 301 303 302 299 299 298 300 298 299 300 319 349 360 339 324 313 326 325 324 325 325 316 310 317 312 310 311 320 310 318 311 321 331 326 310 305 305 325 327 328 324 319 330 335 337 334 342 345 348 353 360 5 48 7 13 24 35 44 49 60 44 44 36 46 70 78 73 66 58 67 83 89 89 88 101 100 98 84 87 110 111 110 109 88 83 102 108 98 83 63 62 65
306 306 305 300 300 301 300 299 298 302 308 307 310 314 322 347 353 334 323 322 324 324 323 323 318 313 309 315 312 308 308 317 310 310 313 327 332 319 318 304 309 323 326 326 324 322 329 334 337 333 335 339 345 349 354 9 32 1 359 10 26 35 41 43 71 33 20 47 71 69 74 75 71 67 106 119 86 85 84 95 82 76 77 92 124 117 108 91 76 67 81 95 102 98 84 73
305 305 304 299 299 300 300 300 302 307 313 307 313 319 326 346 347 329 320 320 322 323 322 317 322 314 322 314 308 307 308 311 310 308 315 328 333 317 314 301 316 322 325 324 322 320 320 330 336 333 332 336 343 346 350 360 29 358 351 356 71 25 32 37 39 28 9 40 58 54 52 86 99 98 74 79 80 106 81 98 95 79 78 77 92 101 98 101 86 68 73 84 96 107 96 78
305 305 304 299 301 307 300 299 304 307 307 304 313 319 328 344 341 325 319 319 320 321 321 322 327 327 321 305 307 314 313 311 309 308 316 326 331 319 301 299 319 321 326 322 328 320 319 324 329 330 326 336 343 344 344 347 22 31 46 348 354 10 20 28 34 50 5 19 42 47 50 59 97 100 68 72 119 110 86 82 85 84 77 68 60 76 85 90 97 100 97 91 93 104 105 88
305 305 304 300 301 308 300 301 303 305 304 302 301 316 330 340 333 324 319 318 319 320 311 322 327 326 313 309 304 307 308 313 311 304 314 325 329 318 301 299 319 320 320 320 325 319 318 314 322 326 325 335 344 343 335 321 348 28 43 346 341 350 5 17 27 50 9 351 30 44 46 53 59 60 104 109 64 67 81 77 79 80 74 67 61 69 75 72 88 108 117 105 96 98 107 105
305 305 304 301 301 308 306 300 302 304 303 303 303 316 332 337 328 323 320 318 319 319 319 324 328 314 321 315 303 311 304 306 307 303 315 324 329 320 309 301 318 321 319 318 318 318 316 321 306 319 323 328 335 330 325 332 342 348 333 343 337 338 351 43 18 22 38 350 351 26 65 72 49 51 82 53 55 59 63 62 60 68 76 74 66 69 74 71 86 99 112 113 99 91 93 103
305 305 304 302 309 309 307 301 303 306 306 304 303 318 331 333 326 323 320 318 319 319 321 327 328 320 320 313 306 307 309 302 303 303 315 322 323 308 303 317 319 320 321 320 321 316 312 318 312 313 317 318 318 317 324 338 344 340 315 323 332 332 340 353 6 13 18 353 343 350 11 85 74 37 37 39 44 50 54 52 48 57 70 70 67 71 70 72 89 96 100 105 101 93 89 92
306 305 305 302 309 309 308 302 304 307 307 313 304 319 329 328 325 321 318 318 309 315 322 328 326 313 318 311 300 308 309 301 302 307 314 317 316 308 308 317 319 320 322 320 322 316 309 316 287 310 322 321 318 316 321 345 342 325 328 329 327 330 335 339 344 351 355 17 342 102 339 43 113 21 19 22 32 41 46 46 42 47 58 57 59 60 56 71 90 95 94 94 95 92 89 88
306 305 305 307 309 309 308 301 304 306 307 314 305 321 320 325 323 319 316 310 309 319 325 329 326 324 317 312 301 312 306 303 309 311 311 313 303 314 305 312 314 318 322 320 320 317 316 313 298 309 327 323 317 317 315 321 326 307 320 305 307 327 336 338 335 340 345 339 339 52 358 337 163 359 45 4 10 114 24 30 34 37 39 45 51 52 52 66 85 91 92 97 99 98 98 95
307 306 306 308 308 309 309 302 304 305 315 314 309 322 326 324 315 318 316 308 314 320 327 328 326 312 316 305 304 312 306 302 311 313 301 315 300 313 302 306 309 317 325 322 315 312 313 312 298 314 320 320 304 313 310 302 311 312 304 320 305 321 325 334 333 337 330 313 317 3 21 329 81 257 21 351 349 349 341 358 21 28 27 28 39 39 44 54 72 79 83 93 101 103 106 104
307 307 307 308 309 310 309 302 305 306 314 307 314 319 324 322 319 309 309 308 316 322 327 326 323 308 305 302 302 311 305 297 307 310 299 300 300 306 310 306 307 318 334 324 309 308 310 310 309 311 315 315 313 313 317 311 311 312 313 315 317 314 322 313 327 326 307 325 307 313 355 342 339 354 333 335 333 325 313 326 354 10 13 7 8 134 17 29 46 60 69 79 85 90 100 103
307 307 307 308 309 309 309 309 304 314 312 306 317 315 322 320 310 308 307 310 316 323 327 319 320 306 312 300 301 300 302 302 296 309 301 302 298 299 311 306 298 311 335 321 304 304 307 308 308 308 308 310 319 324 318 314 312 312 312 311 313 314 314 315 321 317 297 306 306 306 298 339 324 320 325 327 315 313 313 316 331 341 350 339 327 328 335 356 355 38 40 55 65 70 84 95
307 308 308 308 309 310 310 311 313 313 311 307 316 315 313 310 306 308 306 311 317 323 325 323 308 304 310 299 308 297 312 303 308 309 313 312 309 309 293 288 294 295 316 311 302 303 306 307 306 304 304 308 318 319 315 312 312 311 310 309 311 311 311 314 313 308 296 307 310 323 320 297 312 304 303 310 312 296 288 313 313 324 331 309 301 306 311 315 318 340 343 1 19 53 78 79
308 308 308 309 310 310 304 312 314 313 310 305 314 316 311 307 304 306 304 313 317 322 322 319 304 311 309 308 309 310 302 299 298 308 311 297 306 305 287 297 291 291 305 307 303 303 305 304 303 302 303 308 314 315 312 310 310 309 308 308 309 309 310 312 303 309 307 299 303 305 315 250 288 285 287 297 301 304 309 310 304 308 309 292 291 295 299 302 304 317 313 319 329 352 44 70
308 308 307 308 309 309 303 311 312 312 309 302 312 317 309 304 301 303 304 311 317 320 320 307 313 311 310 310 310 311 311 302 298 307 309 309 305 302 286 297 295 298 306 307 303 302 302 301 301 302 303 307 310 310 311 310 308 308 307 307 307 307 308 293 304 305 303 299 308 324 305 242 241 247 284 300 298 300 307 309 300 292 293 292 290 291 294 296 298 300 303 306 321 337 2 43
308 307 306 307 308 308 309 310 311 311 308 302 312 317 309 304 300 301 302 311 317 319 320 317 314 311 310 310 303 302 302 300 299 308 309 310 306 302 301 299 300 302 306 306 302 301 301 300 300 301 302 304 307 306 309 308 307 306 306 305 305 292 305 290 289 291 296 296 312 331 300 256 284 291 267 280 287 286 308 313 305 292 293 292 290 290 291 293 294 297 299 172 304 138 304 122
308 307 307 308 308 309 310 310 311 311 301 302 311 311 308 312 300 307 308 311 315 318 308 316 313 310 302 302 301 301 300 300 300 307 306 307 304 301 299 299 300 301 302 301 288 300 300 300 300 300 300 302 304 303 306 306 305 304 304 303 302 290 289 293 285 298 282 286 306 334 302 265 281 286 290 278 282 293 287 313 312 288 289 290 289 288 288 289 291 294 296 294 295 199 288 294
309 307 306 308 309 310 310 308 309 309 299 300 306 305 305 303 299 301 307 311 315 317 317 315 312 309 302 303 302 301 301 308 306 303 302 303 289 299 288 290 298 299 293 299 300 300 299 298 298 299 300 301 302 304 305 304 303 302 302 301 300 299 290 294 285 294 290 272 295 317 304 271 283 284 266 277 279 279 286 310 318 290 283 260 285 263 273 272 287 288 291 292 288 288 283 289
310 308 307 309 309 309 309 306 306 306 305 298 307 302 311 302 300 299 309 312 316 317 308 315 312 301 302 303 303 300 302 306 305 303 302 293 302 300 297 297 299 301 301 300 300 299 297 297 297 298 298 299 301 300 302 297 302 295 301 300 299 298 290 295 289 293 288 265 286 302 305 277 288 286 268 271 272 287 296 314 320 293 277 280 282 255 283 245 284 285 267 285 284 289 284 282
