examples/cougarCreek-fire/createInputs/farsite/7a-cougarCreek-polygonIgnit/cougarCreekFire_08-10-2015_1700_217m_non_neutral_stability_ang.asc
ncols	146
nrows	140
xllcorner	610065.000000
yllcorner	5095217.000000
cellsize	216.586807
NODATA_value	-9999.000000
[rows 0 to 41 of 140, columns 0 to 93 of 146]
218 219 222 224 224 224 224 224 226 235 229 230 231 231 232 233 233 233 233 233 234 241 242 247 250 251 252 253 256 258 258 254 250 247 244 241 238 148 209 223 185 175 203 160 159 152 175 170 165 160 156 154 152 150 149 149 149 148 146 146 146 145 144 144 143 143 141 140 139 140 140 139 136 134 133 134 135 133 131 130 130 131 133 123 121 123 134 122 120 123 132 122 120 132
218 219 222 224 224 224 224 224 226 235 229 230 231 231 232 233 233 233 233 233 234 241 242 247 250 251 252 253 256 258 258 254 250 247 244 241 238 148 209 223 185 175 203 160 159 152 175 170 165 160 156 154 152 150 149 149 149 148 146 146 146 145 144 144 143 143 141 140 139 140 140 139 136 134 133 134 135 133 131 130 130 131 133 123 121 123 134 122 120 123 132 122 120 132
219 220 223 224 224 224 224 225 226 227 229 230 231 231 232 232 233 233 234 235 236 244 242 245 247 249 250 252 254 255 256 253 250 247 243 240 237 233 228 222 216 209 202 195 187 181 175 169 165 160 156 154 151 150 149 148 148 148 146 145 145 144 144 143 143 143 141 140 140 139 139 138 136 135 133 134 136 136 133 133 132 132 133 134 135 135 134 134 132 132 132 130 130 132
219 220 223 224 223 224 224 225 226 227 228 229 230 231 232 233 233 234 235 237 238 247 243 245 246 248 250 252 254 255 256 256 253 251 247 244 240 236 231 225 218 211 203 195 187 180 173 168 163 158 154 152 149 148 146 145 146 145 144 144 143 143 142 142 142 142 141 140 140 139 139 138 137 136 135 135 138 138 136 134 134 134 134 134 135 135 136 136 135 136 136 135 133 135
219 219 222 223 223 223 224 236 236 236 227 228 229 230 231 232 232 233 235 237 246 247 249 244 245 247 249 251 253 254 256 255 253 251 248 244 240 236 231 225 218 210 202 193 186 179 173 167 163 158 155 152 149 130 146 145 144 144 143 143 142 142 141 142 142 141 141 140 140 140 140 139 139 138 137 137 139 139 137 136 135 135 135 135 136 136 137 137 137 139 139 138 121 121
219 219 221 223 223 224 224 225 226 236 236 236 229 230 230 231 231 233 243 235 246 246 247 243 244 246 247 249 251 253 255 253 251 248 245 241 237 232 228 221 214 207 200 191 184 178 172 167 163 138 134 133 150 148 147 146 145 144 144 143 142 142 141 142 141 140 128 140 141 141 140 140 139 138 137 137 138 139 137 137 136 136 136 136 137 137 137 137 137 139 139 139 139 114
219 220 222 223 224 224 223 235 236 236 237 236 237 229 229 230 231 232 242 242 244 245 246 247 248 248 244 253 255 257 251 249 248 245 240 236 232 228 223 220 213 204 185 189 183 159 150 144 144 143 123 155 133 150 148 147 146 145 145 144 143 129 129 142 141 129 141 141 142 141 141 140 139 138 137 138 139 139 138 137 136 136 137 136 140 137 137 138 138 139 139 139 139 121
220 221 222 223 223 224 224 235 234 236 236 236 237 236 234 229 229 240 241 241 243 243 243 244 245 245 247 250 251 249 246 254 251 239 235 232 228 223 225 218 211 198 186 178 167 153 148 148 146 122 138 138 154 152 150 148 147 146 146 145 130 130 143 142 142 130 141 142 142 142 141 140 139 139 138 139 140 139 138 137 137 137 137 137 137 138 138 138 139 139 140 140 140 141
220 221 221 221 222 235 223 235 236 237 237 236 236 236 235 229 236 238 239 239 240 241 255 257 242 242 243 246 247 246 247 248 242 234 230 236 230 226 222 217 207 196 188 180 168 158 152 149 146 144 143 140 138 138 137 150 148 147 132 146 132 145 144 143 129 131 131 130 143 142 142 141 140 140 140 140 140 139 138 138 138 138 138 138 138 139 139 139 139 140 140 140 141 141
222 221 221 221 222 232 233 234 234 235 235 235 250 236 234 233 235 235 238 250 253 239 237 237 262 239 240 240 243 241 241 242 238 234 233 229 225 221 217 211 201 190 185 178 167 160 158 155 150 147 144 145 139 140 154 152 150 149 134 147 147 146 146 131 132 130 130 131 144 143 143 143 142 141 141 142 141 139 139 140 139 139 139 139 139 139 139 139 139 139 141 141 141 142
232 221 221 221 222 222 230 232 233 234 234 234 235 251 233 233 232 228 236 236 252 256 236 234 255 265 261 264 238 237 235 236 232 229 229 225 221 216 212 206 197 188 180 132 130 130 158 154 151 126 130 128 144 157 155 153 152 138 149 149 148 136 133 134 132 132 133 133 145 145 145 144 143 142 143 143 142 140 141 141 140 140 140 140 139 135 140 140 140 140 141 141 142 142
221 220 231 232 232 231 222 230 232 248 248 233 233 234 234 234 228 231 233 234 252 255 255 232 232 261 248 262 267 233 231 231 228 226 225 222 218 213 209 204 198 148 137 133 132 131 160 156 129 129 129 147 160 158 149 143 141 140 140 150 149 135 136 135 134 146 146 146 146 146 146 144 143 143 144 144 142 141 142 142 141 141 141 141 140 141 141 140 140 141 141 141 142 143
219 219 219 230 231 231 221 228 229 230 246 248 249 232 233 234 230 233 233 233 252 255 257 252 230 256 250 259 262 241 228 226 224 223 220 217 213 209 206 203 201 145 139 134 133 134 164 132 131 151 150 151 160 159 147 143 142 141 140 142 137 141 139 148 147 147 146 146 146 146 146 145 144 144 144 144 142 142 143 143 142 142 142 141 141 141 141 141 141 141 141 141 142 144
217 218 219 220 220 230 221 221 226 227 228 245 247 248 230 232 232 232 233 253 253 254 259 255 251 255 253 257 251 213 215 222 254 251 250 247 240 234 235 228 176 141 137 135 136 169 166 135 134 155 155 154 155 154 147 144 142 141 140 140 142 142 150 149 148 147 147 146 146 146 146 146 146 146 145 144 143 143 144 144 143 143 143 142 142 142 141 141 141 141 142 141 142 145
217 219 220 221 221 222 222 222 222 226 226 227 228 243 247 247 246 247 250 252 255 255 256 256 252 256 253 253 241 206 201 219 252 250 246 244 237 231 233 228 142 141 140 139 144 146 138 135 134 135 158 157 154 152 148 147 129 142 142 141 151 151 150 149 137 136 136 136 147 147 136 146 146 146 146 145 144 144 144 144 144 144 144 143 143 143 142 142 141 136 139 135 141 148
217 218 220 221 221 222 231 231 230 227 227 228 243 240 239 245 243 242 244 245 247 248 248 249 255 255 252 246 230 199 219 249 247 245 243 240 236 232 228 220 143 142 141 141 143 139 135 138 136 138 161 157 135 135 150 148 132 144 129 141 140 139 138 138 139 139 138 149 149 148 148 148 147 146 145 145 145 145 145 144 144 144 144 144 144 143 142 142 142 142 134 133 139 140
216 217 220 220 220 220 221 229 230 228 226 227 247 247 237 233 237 245 243 242 245 244 241 221 245 254 248 237 207 191 232 243 238 235 236 231 231 227 218 184 151 144 141 139 139 136 138 137 137 142 160 134 136 135 134 150 150 132 143 142 142 141 142 140 140 139 151 139 149 149 150 148 147 146 146 145 145 146 146 145 145 145 145 144 144 143 142 143 143 142 141 139 139 141
215 217 219 219 219 219 225 227 228 244 223 223 240 246 236 228 229 236 238 238 245 244 248 230 243 250 249 229 204 209 232 234 230 227 217 223 224 224 213 164 147 143 141 140 137 137 138 137 139 140 135 142 141 135 133 151 149 134 145 144 143 143 142 141 140 151 152 143 144 151 151 150 148 148 147 146 146 146 146 147 146 146 146 145 144 143 143 132 131 143 142 140 140 142
215 216 217 218 218 217 218 225 242 243 222 221 234 237 240 241 238 238 240 236 242 245 245 240 237 240 238 212 209 215 224 221 216 223 208 223 222 219 202 166 150 143 141 139 139 138 138 138 141 137 142 142 138 157 134 136 151 150 133 147 148 132 145 143 152 143 145 148 152 152 152 151 150 149 148 148 148 147 147 147 147 147 147 147 145 144 143 132 131 143 143 127 129 144
216 215 215 216 216 215 222 222 240 241 219 235 233 235 241 242 242 241 244 239 242 244 240 236 239 233 216 200 205 210 203 199 167 194 195 220 218 217 197 161 149 142 140 142 141 140 140 140 143 144 144 138 145 140 137 141 141 151 135 135 148 133 144 143 143 153 153 153 153 153 153 152 151 150 149 149 149 148 148 148 148 148 149 148 147 145 145 130 130 144 143 130 128 132
214 213 212 221 221 220 219 220 220 238 217 235 243 231 229 235 236 237 238 237 241 242 236 236 240 236 204 201 199 196 188 175 191 190 191 216 210 201 196 147 142 144 146 145 145 144 144 144 169 145 143 140 143 140 142 160 157 137 136 137 136 135 148 146 154 154 154 154 154 155 154 153 152 151 150 151 150 150 149 149 149 149 150 149 147 146 146 146 145 145 128 127 130 145
210 210 210 218 218 217 217 217 217 237 232 232 238 239 222 208 227 229 235 234 237 238 235 235 236 235 218 206 190 176 176 154 188 187 186 200 198 196 172 142 146 157 148 146 145 142 143 144 145 143 141 144 139 143 163 147 138 138 139 141 137 138 137 157 147 147 146 146 155 156 155 154 153 152 152 152 151 150 150 150 150 150 150 150 148 146 146 146 146 145 129 129 130 130
207 207 208 208 215 215 214 215 215 233 230 228 237 227 229 206 221 206 228 234 235 236 231 228 228 228 209 200 175 157 160 178 186 156 182 182 205 205 159 143 160 159 156 146 145 145 145 144 142 147 148 154 150 165 162 141 139 138 139 142 140 140 151 149 148 147 148 156 156 156 156 155 155 153 153 153 152 152 151 151 150 150 151 150 149 147 147 147 146 131 130 131 133 136
204 205 206 207 207 208 213 213 230 231 230 226 231 230 233 228 228 227 228 234 231 231 231 223 219 231 197 191 168 158 167 152 183 181 179 188 197 192 159 142 145 156 154 145 145 146 145 144 147 147 155 168 157 159 151 143 143 141 141 141 142 153 153 160 149 150 150 149 158 158 157 157 156 155 154 153 153 152 153 152 152 151 152 151 150 148 147 147 131 138 141 142 139 142
202 203 205 206 207 207 211 211 210 229 230 227 227 233 230 226 224 224 224 224 228 227 226 227 216 226 207 185 185 186 170 150 172 179 172 191 188 174 145 143 145 144 144 171 146 145 145 146 145 146 163 168 152 149 144 144 145 145 145 144 143 154 145 144 153 152 152 151 160 151 160 159 158 156 155 155 153 153 153 153 153 153 153 152 150 148 147 146 145 142 142 138 137 143
199 201 203 205 205 204 208 208 207 226 228 226 222 226 230 226 222 222 223 221 223 229 224 220 209 213 211 177 201 186 152 172 171 142 175 175 170 151 138 151 156 144 144 144 145 169 147 169 146 150 169 162 146 147 142 144 144 164 144 144 144 156 143 143 154 154 153 152 152 153 153 161 159 158 156 156 155 155 154 153 153 153 153 152 150 149 147 145 132 137 144 141 137 141
197 199 201 203 208 207 206 205 218 221 227 223 221 219 223 223 220 220 222 220 221 228 223 214 196 195 214 181 192 165 150 153 137 141 161 166 152 141 140 143 142 141 142 142 143 144 145 145 148 155 169 155 147 148 143 142 143 144 144 145 145 156 156 144 145 146 154 154 154 154 154 162 160 159 157 156 156 156 155 154 153 153 154 153 151 150 149 146 124 128 139 144 142 141
197 198 200 200 206 206 205 204 215 217 223 223 223 215 216 220 218 219 220 218 219 224 224 215 190 192 217 190 174 146 149 154 145 148 151 152 141 139 143 143 143 144 143 144 146 146 147 149 149 160 170 154 147 155 145 144 145 145 145 145 145 145 146 149 151 151 151 155 154 153 153 162 161 159 158 157 156 156 156 155 154 154 154 154 152 151 150 148 123 124 126 126 127 129
197 197 198 198 199 204 204 204 202 217 220 220 223 215 213 217 216 217 219 216 216 223 229 226 192 190 215 184 167 149 149 153 147 147 140 135 139 142 142 142 144 144 145 146 148 169 169 171 151 173 169 152 148 159 142 145 146 145 145 147 148 148 148 148 149 150 151 157 156 155 154 163 162 160 159 158 157 156 156 156 155 154 154 154 152 152 150 148 121 121 147 147 126 128
198 197 196 197 197 201 202 217 217 216 216 216 219 219 214 215 216 218 220 216 216 225 236 244 205 148 153 163 156 157 151 147 140 140 140 136 139 140 140 142 144 145 157 169 169 169 170 149 173 171 169 157 152 148 145 147 147 145 145 145 146 146 146 147 148 155 155 155 155 155 155 164 163 161 160 159 158 157 157 156 156 155 155 154 153 152 151 148 148 123 125 126 131 132
198 196 195 195 195 199 198 199 214 214 214 216 215 216 215 210 212 213 214 211 215 226 238 249 220 190 130 133 142 153 150 138 137 138 139 142 141 135 138 148 156 157 167 169 170 169 150 166 172 170 170 166 148 146 147 144 143 142 144 145 146 147 149 149 148 156 155 155 155 155 156 165 164 163 162 161 160 159 158 157 156 156 156 155 154 152 151 149 148 128 130 130 131 130
199 196 194 194 194 198 197 196 211 212 209 212 213 215 215 205 204 206 204 204 209 214 232 240 219 180 143 137 142 146 143 138 140 140 141 148 138 136 142 155 155 156 167 168 168 169 169 159 171 173 173 170 147 147 145 145 145 145 145 146 147 148 149 149 149 148 157 157 157 158 157 157 157 156 163 161 160 160 160 159 157 157 157 158 156 154 153 150 149 130 129 128 131 130
199 196 194 193 193 198 195 193 208 210 211 210 214 212 210 204 199 200 199 199 205 211 215 222 207 173 150 145 156 145 144 141 144 146 144 145 143 140 146 140 154 155 166 166 166 166 166 161 167 173 176 174 162 157 157 150 147 149 149 149 148 148 149 150 151 166 152 166 154 156 166 153 156 164 162 161 160 154 155 159 158 157 158 158 157 156 154 152 160 131 127 128 132 134
194 194 196 192 196 195 193 192 207 209 209 209 209 208 208 205 199 195 195 195 200 206 207 208 193 168 155 159 156 147 139 143 149 148 148 149 148 149 150 150 150 155 165 164 151 155 156 158 160 163 170 179 178 160 156 152 152 152 152 165 152 151 150 167 167 150 166 151 152 156 153 152 164 163 163 162 161 161 154 159 158 157 156 155 156 156 154 152 161 145 129 129 134 135
190 192 194 195 193 192 191 206 207 206 204 205 207 207 206 206 203 201 203 196 185 190 192 191 187 170 163 161 162 142 143 146 150 150 147 146 146 147 145 147 146 145 146 146 147 150 153 156 156 152 154 165 179 177 170 164 158 155 154 155 155 155 163 150 149 149 157 157 159 167 164 164 153 153 154 154 154 161 160 159 158 158 156 155 155 155 154 153 161 157 131 129 134 134
189 190 192 192 193 190 188 186 202 201 198 196 200 203 205 203 201 199 202 182 174 179 176 179 181 183 187 180 166 135 141 144 148 150 146 144 143 142 140 139 147 146 147 161 161 160 143 147 153 151 146 150 167 175 172 170 166 162 159 156 156 152 151 151 150 159 159 170 170 169 166 155 154 154 154 153 162 161 160 159 158 157 156 156 157 156 154 153 163 162 135 131 134 134
188 188 189 193 191 204 203 184 200 198 197 195 194 197 199 199 195 193 194 187 180 176 174 174 174 179 185 187 189 145 145 149 148 152 151 146 147 145 143 142 141 138 160 160 161 161 159 158 146 153 153 154 156 166 169 169 168 168 167 164 162 160 158 157 153 153 162 162 162 155 160 158 156 154 165 163 162 161 160 159 159 157 155 155 157 156 155 153 165 164 142 132 134 134
188 187 187 189 187 185 184 199 181 195 194 195 192 193 192 191 188 186 184 180 174 169 169 174 177 177 179 182 178 161 149 147 154 156 157 157 154 157 157 157 156 155 158 163 162 161 160 158 140 147 152 157 156 161 164 165 168 170 171 171 170 170 170 169 169 168 168 169 170 172 171 163 154 169 167 165 163 162 161 160 159 158 156 154 155 156 156 154 166 165 141 130 129 131
187 185 183 186 185 183 188 182 194 193 194 193 193 190 189 188 186 185 185 184 176 169 168 173 175 177 177 181 178 171 149 138 139 151 159 163 166 168 168 165 159 154 158 162 166 164 165 164 162 160 145 151 156 159 159 161 163 166 167 168 169 169 169 169 168 167 167 169 171 171 171 171 170 169 163 157 167 165 163 161 159 158 157 155 154 155 155 154 166 168 149 129 128 132
183 182 181 184 183 182 187 182 195 195 195 193 189 192 190 188 187 185 184 182 178 174 170 171 174 180 178 184 183 182 151 140 144 140 145 150 151 158 166 172 170 162 165 163 158 157 156 152 149 163 164 143 144 144 154 159 157 159 163 162 163 166 167 165 164 165 166 167 167 166 166 166 167 169 169 171 170 168 166 163 161 159 157 155 155 155 154 153 154 168 166 135 130 133
177 178 179 182 182 181 187 181 180 194 194 193 191 193 190 187 185 184 183 183 182 180 169 169 170 178 177 183 189 189 150 146 146 145 139 134 132 135 145 162 165 167 165 165 163 164 164 162 161 157 155 153 161 166 164 163 163 164 163 161 152 163 163 164 164 165 166 164 163 162 161 161 161 162 162 162 164 167 173 167 164 160 157 155 155 155 153 153 153 154 167 154 136 135
173 175 178 182 181 186 181 180 178 194 192 191 189 189 187 185 184 183 187 187 184 178 171 163 168 174 174 180 183 181 159 146 142 138 140 140 135 136 135 134 158 148 145 147 151 163 163 164 166 166 165 166 167 166 163 162 162 162 164 161 167 166 164 164 164 163 162 161 160 158 158 157 157 157 156 155 156 158 163 167 176 163 159 157 156 155 153 152 153 154 154 162 144 139
