examples/cougarCreek-fire/createInputs/farsite/7a-cougarCreek-polygonIgnit/cougarCreekFire_08-11-2015_0300_217m_non_neutral_stability_vel.asc
ncols	146
nrows	140
xllcorner	610065.000000
yllcorner	5095217.000000
cellsize	216.586807
NODATA_value	-9999.000000
[rows 35 to 69 of 140, columns 0 to 78 of 146]
11.27 11.70 12.85 13.66 14.13 14.54 15.52 16.77 17.42 17.30 16.13 15.62 15.66 16.99 18.32 17.95 17.13 16.63 16.68 16.12 16.00 15.17 14.68 14.37 13.16 12.23 13.68 16.99 19.09 21.78 21.20 18.09 19.68 19.72 16.96 14.68 13.16 10.94 10.75 11.35 10.86 10.33 10.90 11.07 10.20 10.56 11.24 11.78 11.63 6.07 6.25 6.75 7.18 6.46 5.16 4.83 6.32 7.97 8.78 12.00 11.78 12.09 10.64 11.19 11.17 11.20 11.15 11.62 12.52 13.68 15.61 17.32 18.55 13.99 17.19 16.69 17.76 18.68 19.72
11.89 12.31 13.14 14.05 14.98 17.94 18.61 18.10 17.98 17.15 16.11 15.39 15.33 15.88 17.50 19.05 20.13 21.12 21.04 18.73 15.92 15.07 14.07 12.48 11.55 10.39 9.91 15.57 22.77 21.72 15.82 12.88 18.26 22.23 21.70 18.31 16.71 14.40 13.43 12.26 10.63 9.53 8.49 10.94 10.93 11.46 11.18 11.32 12.68 7.25 6.95 6.75 6.95 6.50 6.00 5.45 5.32 6.21 7.17 8.20 8.95 10.05 11.20 14.49 12.76 12.97 14.16 15.44 16.57 19.04 17.59 17.91 16.27 12.71 10.00 9.68 10.66 11.58 13.86
11.99 12.43 13.39 14.66 15.76 16.69 17.54 17.76 19.09 16.64 16.09 16.05 15.74 16.36 15.89 16.56 17.09 16.55 16.89 14.53 13.06 13.53 12.59 11.40 10.75 9.82 9.89 15.30 21.74 17.15 9.13 7.60 18.14 20.27 24.17 21.52 18.80 18.95 18.49 17.61 15.03 14.52 10.65 9.47 9.56 7.90 8.83 11.06 12.49 12.04 11.93 6.70 6.57 8.55 6.00 5.81 4.92 4.94 5.71 6.79 6.26 7.00 7.58 8.27 9.39 10.65 11.51 12.16 12.99 13.89 14.32 14.64 18.89 14.52 13.93 13.67 13.22 12.85 13.24
12.42 13.09 14.17 14.79 14.96 15.08 15.14 15.73 17.20 15.66 17.45 15.74 15.35 15.63 14.86 15.13 14.77 15.34 14.93 14.05 12.75 11.83 11.06 11.39 11.93 10.96 9.15 11.52 14.68 14.32 10.57 8.10 13.10 15.31 16.08 16.22 14.45 12.55 12.73 17.65 16.69 15.27 11.82 10.69 10.94 11.13 10.31 8.97 10.99 11.18 12.49 11.32 11.26 8.83 7.87 7.94 7.72 7.65 5.43 6.00 6.27 6.65 7.34 7.91 6.12 8.37 5.95 5.94 6.29 7.11 7.71 8.54 11.13 13.55 15.41 16.92 16.78 16.58 15.99
13.75 14.50 15.00 14.45 13.94 13.72 13.38 13.55 13.29 14.88 15.53 15.72 15.96 16.12 16.49 15.92 15.35 16.88 14.87 13.72 12.81 11.78 13.26 15.16 16.80 13.82 9.91 6.69 8.94 16.82 17.17 11.60 12.81 13.35 11.39 11.28 11.50 12.23 11.41 7.30 8.92 14.40 10.21 9.71 13.09 15.05 13.61 11.37 11.33 10.90 10.48 10.48 9.73 10.47 12.02 9.74 8.84 8.63 8.77 7.09 6.39 6.12 6.91 8.00 8.37 8.42 8.97 8.89 9.05 8.74 8.43 7.12 7.60 8.38 10.10 13.35 15.76 18.53 19.17
13.78 14.00 14.59 14.15 13.83 13.86 14.06 14.41 15.66 15.62 16.82 17.79 18.30 18.36 17.82 17.09 17.74 15.91 15.51 13.73 10.53 13.27 17.87 19.59 22.78 22.25 12.77 9.68 10.94 22.68 22.13 12.52 12.38 9.43 11.75 12.13 11.11 11.50 12.42 9.01 8.92 8.79 8.13 4.08 4.86 5.63 5.25 5.19 5.21 10.04 9.83 9.64 9.52 9.07 4.46 4.67 10.56 10.94 4.48 11.33 11.98 8.86 7.68 8.55 9.42 11.44 11.98 10.71 10.96 11.07 11.13 10.97 11.23 10.57 9.77 8.79 9.12 12.82 16.66
13.76 13.42 13.89 14.21 14.49 15.06 15.80 16.42 17.54 17.64 18.97 19.85 19.81 18.88 19.03 18.56 17.02 16.92 15.54 13.25 13.10 17.67 21.68 22.05 18.28 21.67 18.15 12.40 16.66 28.07 24.82 10.08 10.68 8.92 11.53 12.31 11.99 10.38 10.15 10.75 10.78 10.00 9.16 8.17 8.69 8.25 3.82 3.18 8.29 8.38 8.87 8.33 4.21 9.43 9.44 9.25 8.10 8.36 4.34 4.95 9.71 8.13 9.62 11.35 12.39 13.48 14.47 15.52 15.70 16.50 16.84 16.62 14.18 15.20 14.99 13.62 10.88 9.42 8.34
13.46 13.12 13.93 16.00 17.26 18.00 18.34 18.91 19.66 20.67 21.99 23.08 21.29 20.71 18.58 17.49 17.75 18.07 14.84 14.92 16.48 19.80 21.50 15.75 13.09 20.14 17.79 13.67 17.85 30.61 27.95 11.84 11.04 13.34 13.55 13.94 13.24 11.78 11.15 10.71 11.29 10.82 10.42 10.51 11.08 10.95 11.21 10.46 9.95 3.54 8.30 8.04 6.95 7.14 7.18 3.64 3.46 7.37 8.06 9.33 5.94 9.93 12.81 13.52 10.34 10.34 10.74 10.72 10.79 10.62 10.79 11.15 11.50 12.97 14.77 17.26 18.84 14.04 8.47
13.66 14.19 15.83 18.23 20.20 20.61 20.29 20.59 21.32 22.05 22.99 23.45 23.73 21.00 17.78 16.58 17.72 17.72 20.03 17.80 15.92 17.89 14.56 9.98 12.06 16.67 14.93 15.68 17.45 31.44 32.72 16.09 11.94 19.10 19.71 17.51 14.71 12.78 12.09 10.72 10.48 11.19 10.99 10.80 11.05 11.64 10.84 9.08 8.74 8.33 7.82 8.45 8.52 8.15 7.93 8.63 9.83 10.94 11.62 9.47 7.78 7.12 8.86 9.17 8.86 9.24 9.93 10.25 9.82 10.01 10.17 10.01 10.00 10.94 12.12 13.33 14.45 15.85 15.91
15.65 16.56 17.94 18.98 19.48 19.76 20.27 20.45 21.08 22.44 22.71 20.48 18.56 17.46 13.94 12.80 15.10 14.77 18.02 16.16 12.76 14.53 11.92 11.34 10.18 14.88 16.70 15.98 16.30 31.00 35.92 22.17 15.64 14.57 18.75 18.92 17.99 15.48 14.15 12.02 8.90 8.59 9.44 9.62 11.09 12.28 11.95 9.57 8.59 7.41 7.55 8.41 9.62 9.43 9.51 9.91 7.26 4.67 4.71 5.33 5.18 5.60 6.85 8.50 11.33 14.24 15.01 14.70 14.86 15.11 15.49 15.22 14.81 14.78 14.50 13.31 12.24 12.64 13.31
15.97 16.98 18.06 18.16 17.79 18.04 19.17 19.79 19.72 18.93 15.18 12.83 15.71 13.30 10.80 11.24 11.77 12.89 11.30 15.33 14.16 19.39 18.26 20.12 21.75 22.13 19.55 15.73 14.86 29.41 36.02 26.43 19.55 15.48 16.42 16.42 19.18 19.70 18.07 14.57 9.47 5.76 7.67 11.76 15.42 15.56 11.77 7.31 7.85 8.68 8.90 7.93 6.25 5.74 5.55 5.50 3.86 4.61 5.16 6.02 6.53 9.31 12.02 13.75 16.33 18.45 19.16 18.70 19.09 19.31 20.19 19.00 18.27 18.10 17.51 16.16 14.97 13.90 12.72
17.39 17.88 17.09 16.13 16.47 17.12 17.64 17.84 16.26 12.61 10.37 13.60 12.17 13.68 14.23 13.44 11.71 12.38 13.23 16.19 19.04 23.12 23.35 21.99 22.72 23.45 21.06 15.69 12.67 24.02 30.45 29.09 25.06 22.27 17.37 13.34 17.39 21.65 21.70 18.07 14.04 13.73 15.96 18.27 18.79 18.79 12.83 7.63 8.48 7.04 3.99 3.81 3.67 3.25 3.11 3.36 3.88 6.12 10.52 14.33 16.43 17.66 18.64 18.82 18.92 19.18 19.44 19.39 20.01 17.61 16.20 15.47 14.95 16.29 16.39 16.97 14.52 13.98 12.24
19.63 18.63 16.51 15.74 16.78 17.16 15.61 13.41 11.44 9.36 12.09 11.44 15.31 15.70 16.66 16.77 17.21 17.87 17.99 18.28 20.34 22.10 18.35 13.85 13.57 17.56 19.56 15.03 9.40 15.65 22.51 25.34 27.68 30.01 24.55 11.48 15.48 19.54 22.25 22.74 21.28 20.56 20.16 20.06 20.13 13.39 9.02 7.14 2.59 2.01 1.80 1.65 3.61 4.92 5.46 7.62 12.36 16.06 17.44 19.76 20.86 20.66 20.54 20.00 18.86 18.18 18.67 19.03 17.00 14.20 12.07 13.23 13.60 14.19 14.60 14.48 11.39 10.93 10.36
20.65 18.80 17.30 17.47 16.79 14.58 12.09 11.09 13.19 10.36 11.82 15.54 18.79 21.37 23.45 25.12 25.36 24.07 20.92 17.97 18.56 15.86 11.16 9.28 10.13 13.85 17.02 10.85 9.40 10.87 15.18 22.63 32.00 36.67 29.33 15.54 15.64 17.97 20.76 24.84 22.72 17.40 14.94 15.70 17.44 13.54 9.36 2.84 2.52 2.34 4.05 10.02 11.90 11.47 12.23 15.11 19.22 20.73 17.84 17.21 18.63 19.61 19.34 17.89 16.10 14.34 13.62 13.67 14.14 12.78 11.91 13.52 13.32 13.90 14.50 12.46 12.34 9.41 13.20
21.51 19.71 17.39 15.60 12.56 9.99 9.77 11.24 12.85 14.59 16.92 20.06 22.91 25.70 28.84 28.54 26.95 25.31 22.06 18.47 15.14 11.86 9.91 11.69 14.26 16.16 13.00 15.49 14.01 14.46 16.89 24.93 37.62 39.38 28.90 17.74 13.70 18.34 19.00 21.13 14.11 17.26 9.70 10.73 15.60 17.67 12.25 8.00 6.77 9.29 14.78 16.80 16.68 15.90 16.09 17.23 17.93 17.34 14.38 12.88 13.37 14.76 15.95 15.53 14.79 12.98 11.67 11.14 12.73 13.47 13.43 12.58 12.75 12.78 12.63 11.86 11.11 11.06 9.08
22.28 19.59 14.86 11.01 9.82 10.61 11.64 14.05 17.22 19.82 22.15 24.43 26.48 27.96 28.09 29.82 27.88 24.17 20.63 17.28 13.90 11.32 11.20 14.40 18.64 20.55 19.29 12.74 16.21 20.56 25.33 31.17 45.03 45.77 30.16 17.25 15.20 16.10 18.14 17.66 17.35 15.74 13.89 9.35 11.52 16.26 15.12 12.72 13.13 15.22 16.65 15.66 14.34 13.30 13.66 13.99 13.67 13.84 13.55 12.46 9.97 9.81 11.46 12.94 13.42 13.19 12.63 12.16 12.24 12.91 13.28 13.02 12.73 13.18 13.66 11.91 10.87 11.18 11.73
22.11 18.05 12.52 10.91 12.27 14.48 16.85 19.34 21.51 23.91 25.98 28.13 29.05 29.00 27.95 25.90 26.12 25.45 22.28 18.86 16.06 14.09 13.93 14.48 15.13 18.81 15.13 16.26 19.52 28.18 34.24 38.23 49.98 48.21 28.96 14.19 13.49 17.52 16.14 15.58 14.61 14.42 12.49 10.83 9.93 10.32 4.89 3.44 5.85 7.75 8.37 8.87 9.03 10.35 11.98 11.04 12.14 13.39 13.28 12.68 11.64 10.97 8.56 9.92 11.85 13.33 15.42 14.01 16.33 15.54 14.35 14.29 13.92 13.51 13.78 11.19 10.98 11.03 10.65
21.22 17.18 13.14 13.61 15.99 18.90 21.11 22.42 23.59 25.43 27.29 28.04 27.51 25.67 21.94 18.75 20.34 23.34 23.38 19.96 20.59 20.42 20.02 17.00 14.89 18.22 18.60 19.47 26.20 34.94 38.21 42.27 50.17 46.17 26.80 11.66 10.95 15.31 14.29 15.12 15.38 14.01 11.81 10.91 12.06 7.52 5.46 3.34 2.68 1.53 1.36 3.82 6.17 9.09 11.35 12.09 14.11 15.46 14.06 13.08 11.82 13.50 11.15 8.46 8.63 9.77 11.12 11.77 13.41 12.72 9.61 9.70 9.58 8.49 7.02 6.50 5.94 5.22 5.54
22.96 19.90 20.44 18.32 20.52 22.53 22.79 22.93 24.13 25.20 25.38 23.99 20.86 16.54 12.98 12.34 13.17 16.24 20.19 21.48 24.35 25.39 24.88 22.26 21.83 22.21 20.46 22.10 26.38 35.67 35.37 35.14 43.49 42.31 26.04 12.05 11.16 13.43 12.99 13.61 15.75 14.73 12.78 11.54 10.34 9.93 10.59 10.08 8.87 5.28 2.44 2.23 3.94 6.23 8.02 9.74 12.53 14.42 14.06 13.00 11.72 10.86 9.99 8.45 6.67 5.60 4.33 8.16 8.03 7.11 6.37 6.36 7.14 8.00 7.54 6.85 7.59 4.64 7.16
27.60 24.69 23.87 24.52 24.59 24.26 23.32 22.61 23.69 23.64 21.85 18.58 15.90 13.41 15.06 12.40 11.64 14.44 19.95 24.76 29.39 29.76 27.52 24.97 26.23 25.34 22.18 22.93 25.01 34.03 30.55 27.05 36.78 40.62 28.26 15.29 12.55 16.83 16.28 16.64 18.49 16.50 13.57 11.02 8.30 8.56 9.35 9.08 8.73 8.59 6.30 5.83 3.75 4.29 4.49 5.10 7.45 9.06 9.14 8.12 6.91 5.74 5.50 4.74 3.63 2.85 2.76 3.55 4.67 5.30 6.83 5.83 3.92 1.74 6.08 5.70 5.23 3.29 5.67
30.45 28.72 22.03 21.72 19.37 17.80 19.09 21.01 22.06 20.85 18.63 16.22 14.46 18.37 15.94 15.84 15.16 18.51 25.37 31.45 34.44 34.76 31.30 28.74 28.45 25.21 21.92 19.83 25.84 32.10 29.41 22.89 33.36 41.09 33.89 21.29 19.47 16.92 18.29 18.51 18.39 19.15 15.95 12.24 8.17 5.33 7.94 9.30 8.98 8.03 8.52 6.81 7.06 4.76 4.49 3.43 3.46 3.38 3.72 3.19 2.39 3.94 4.14 3.33 0.86 0.81 6.13 6.35 4.50 1.69 2.44 2.06 4.19 5.86 1.41 1.76 5.04 6.70 4.58
30.93 25.59 13.04 10.64 8.16 8.50 11.32 15.71 15.71 12.59 11.05 16.02 11.88 12.89 16.44 18.18 17.65 21.13 27.35 29.44 28.87 28.10 26.31 27.96 30.15 26.64 23.07 21.99 26.79 27.73 18.83 15.65 28.64 45.69 43.94 23.67 18.08 14.76 15.23 15.57 16.42 17.06 17.25 13.96 11.31 7.51 4.96 5.16 5.23 9.00 8.57 8.13 7.75 5.63 4.42 4.40 3.55 4.66 5.49 5.90 3.68 1.71 0.93 2.23 2.88 3.08 1.79 2.80 3.94 5.09 5.62 4.49 3.76 3.28 1.31 0.60 0.61 2.04 5.09
26.34 18.98 9.55 4.63 4.30 7.20 11.29 11.62 8.19 5.61 11.29 12.12 11.79 13.91 11.28 15.50 17.28 22.26 26.15 23.32 18.89 16.18 18.43 20.38 26.69 27.36 23.67 20.80 24.01 19.21 15.91 11.02 27.16 49.71 49.32 24.15 17.45 17.22 12.36 14.87 15.88 16.63 17.72 16.11 13.08 10.34 7.01 6.99 6.62 5.13 5.41 10.49 6.75 6.97 4.95 7.63 7.47 1.63 2.21 1.69 0.93 1.60 2.13 2.70 3.23 4.10 5.00 5.92 6.74 6.62 5.75 4.80 1.32 3.06 2.71 4.19 6.33 9.09 10.91
22.14 16.92 12.80 6.27 7.54 12.10 13.50 9.93 6.79 5.86 5.42 4.99 10.66 5.17 7.08 11.46 17.72 24.92 25.88 20.37 16.51 14.51 14.84 18.72 22.80 23.76 20.74 18.25 17.48 11.05 8.18 14.27 29.87 51.43 50.80 26.48 20.77 19.07 8.62 18.72 15.23 15.02 16.51 17.92 16.20 12.95 11.70 10.24 9.20 7.69 6.41 5.92 5.82 5.80 6.97 2.65 1.06 0.79 1.94 2.15 1.42 1.45 0.76 1.80 2.75 3.82 4.67 5.38 5.89 5.47 4.73 2.19 4.32 5.39 8.29 11.95 13.81 14.46 12.57
20.25 15.96 11.83 11.41 13.52 13.96 11.06 7.87 7.18 12.95 7.03 6.87 6.36 7.42 10.91 16.27 25.26 29.02 26.18 20.68 17.89 19.79 18.49 21.38 23.26 22.96 18.85 14.39 10.74 14.57 11.49 20.82 34.69 53.42 54.89 35.29 19.73 23.62 19.96 15.16 16.48 15.34 14.15 16.13 16.63 18.04 17.51 15.75 11.48 10.46 9.44 7.68 5.31 3.91 3.03 2.32 2.38 2.49 2.18 2.00 2.18 2.78 3.88 4.85 5.24 5.16 4.04 3.16 1.87 1.48 5.02 5.99 8.58 12.23 14.64 15.94 15.92 15.33 14.06
17.96 13.83 12.05 12.97 13.12 10.82 6.99 6.95 14.84 8.04 9.02 9.94 11.15 14.73 19.96 26.98 30.65 29.20 24.70 21.35 19.38 27.92 18.24 20.26 23.75 25.77 21.55 16.08 12.21 12.34 17.97 27.15 39.62 54.66 56.51 41.81 23.97 21.73 20.83 19.69 14.71 15.71 15.03 15.22 16.47 14.98 15.34 10.28 10.47 10.23 13.29 9.70 9.33 8.99 8.56 7.54 6.55 6.47 6.50 5.98 5.25 5.22 5.80 5.98 5.58 5.05 2.77 3.32 3.89 5.87 8.98 12.47 14.78 16.37 16.20 15.46 14.92 14.90 15.64
14.85 20.81 8.50 9.82 9.20 6.49 5.84 14.79 8.92 10.77 13.27 16.74 21.41 27.54 30.33 32.36 30.95 26.65 22.37 20.99 20.43 22.57 18.63 19.94 23.84 28.31 26.68 21.31 18.11 18.89 22.70 30.06 41.69 52.90 54.02 43.42 28.49 17.09 23.38 21.89 17.44 14.64 14.87 14.37 14.45 14.53 15.21 15.11 7.23 13.12 12.91 13.96 14.77 14.45 12.71 12.62 12.17 12.15 12.67 12.56 11.58 10.45 9.45 7.87 5.63 4.56 5.71 7.41 9.48 12.30 14.95 16.25 16.08 15.72 15.19 15.33 15.75 15.50 14.53
12.55 9.72 7.44 7.54 6.53 5.29 12.82 7.39 10.38 14.78 20.13 27.50 31.00 32.30 33.84 31.61 28.48 23.99 20.81 19.85 23.98 23.51 24.00 21.02 23.51 28.52 30.52 26.87 22.35 21.33 24.28 31.70 43.62 52.94 49.89 40.41 30.68 26.24 21.64 20.67 19.44 16.08 15.40 14.26 14.36 14.76 13.38 12.37 12.37 11.17 11.59 13.00 14.79 11.53 12.41 12.75 12.86 13.30 14.36 15.19 15.50 15.22 14.43 13.33 11.80 11.61 13.94 15.92 16.94 17.86 17.92 17.04 16.23 15.84 15.15 15.77 15.22 14.40 13.15
13.90 12.67 10.40 8.39 6.67 6.25 8.00 11.40 16.60 23.52 30.77 32.14 31.66 31.84 32.02 29.36 25.08 21.19 18.65 17.71 17.86 22.29 27.56 18.29 20.87 25.62 29.60 28.64 24.20 23.02 27.11 36.35 48.19 52.04 43.43 34.99 34.79 23.04 24.28 21.23 19.75 17.27 16.34 14.50 13.80 14.32 14.41 14.32 13.77 12.46 13.19 13.98 15.39 9.66 10.41 11.04 11.36 11.94 12.99 14.24 15.40 16.17 16.85 17.58 17.93 18.53 19.68 19.84 19.25 18.90 18.64 18.24 17.77 17.32 16.52 14.88 13.29 12.37 11.42
16.90 16.96 16.26 14.36 11.93 11.93 15.71 22.06 30.81 34.45 34.98 35.47 33.93 32.75 30.73 26.64 22.22 18.50 16.22 15.13 13.87 18.14 17.67 13.95 15.85 18.78 23.40 25.86 23.27 23.63 31.34 42.35 49.53 46.21 36.10 29.70 32.03 27.46 23.16 20.69 21.33 19.41 16.70 16.73 14.15 13.19 14.40 13.94 9.40 14.46 12.89 13.38 13.79 15.37 10.00 10.61 10.89 11.33 12.01 12.63 13.41 14.30 15.44 16.90 17.89 18.31 17.99 16.79 15.97 16.58 17.59 17.68 16.85 16.11 15.32 13.35 10.99 10.14 7.95
17.88 18.87 20.26 20.79 20.54 22.58 27.74 35.02 36.50 35.67 33.78 34.02 32.73 30.32 25.16 20.89 17.80 20.49 20.06 18.34 11.36 15.50 10.58 16.19 11.51 12.35 15.48 20.01 20.83 25.84 36.29 44.41 44.44 38.16 29.75 24.96 28.36 26.52 23.40 18.93 21.40 20.17 18.59 17.34 15.93 14.83 13.40 13.13 9.10 8.93 14.15 10.85 13.98 15.63 10.65 10.99 10.81 10.90 11.26 11.52 11.90 12.27 12.87 14.17 15.34 15.59 14.89 13.46 12.34 12.89 14.20 14.44 13.58 13.29 13.83 13.27 11.51 10.91 11.62
17.45 18.24 20.09 23.08 29.01 33.71 36.99 38.14 34.73 31.88 30.21 28.35 25.79 21.58 18.34 15.90 13.91 19.55 19.41 18.54 18.17 11.49 16.77 15.82 9.82 10.25 12.42 16.29 20.97 30.70 39.40 40.91 36.35 30.56 24.46 21.59 22.96 24.56 22.67 17.40 20.67 21.31 15.38 18.76 16.13 16.54 14.74 14.10 15.43 7.50 9.57 13.77 14.79 11.45 10.35 11.22 11.19 11.09 11.34 11.65 11.87 11.66 11.53 12.21 13.15 13.62 13.51 13.01 12.21 11.49 11.37 12.64 12.81 11.81 13.19 13.67 15.39 15.43 16.33
18.35 19.67 22.54 28.49 33.48 36.48 37.67 34.81 30.75 28.32 26.14 23.40 19.80 17.37 16.31 15.02 17.61 19.10 24.54 19.24 17.26 12.34 15.75 16.45 9.24 12.53 10.96 15.05 22.07 31.32 34.60 31.63 26.93 24.80 21.87 23.01 20.03 23.63 20.79 16.51 21.21 21.63 18.35 13.27 13.91 17.52 15.65 14.75 13.99 10.88 9.76 13.42 14.80 15.23 9.92 10.81 11.29 12.02 12.65 12.63 12.16 11.36 10.54 10.06 10.45 11.28 11.87 12.44 12.71 12.30 12.07 11.76 12.31 10.28 10.89 13.19 15.01 15.16 14.30
19.47 21.36 25.06 30.37 33.44 33.17 31.80 29.60 27.15 24.65 22.15 19.69 17.54 16.24 15.44 14.67 13.91 20.67 19.97 19.52 17.34 16.45 18.13 15.13 13.52 7.95 9.21 13.05 20.42 25.53 25.41 23.96 21.57 19.76 24.51 22.04 19.52 21.81 18.56 15.23 17.46 17.55 18.99 16.10 12.19 10.16 12.85 14.97 13.32 15.71 13.15 13.17 13.89 13.92 15.37 13.14 10.86 11.78 12.62 12.77 11.45 9.64 8.31 9.96 7.98 8.75 9.35 9.94 10.76 11.76 11.93 11.23 11.03 9.65 10.49 8.83 10.17 11.34 8.85
19.23 20.31 23.32 28.12 29.12 28.06 25.91 23.78 22.19 21.07 19.50 17.60 15.80 14.68 14.16 13.80 13.55 20.34 19.87 20.22 17.96 17.07 16.62 15.14 13.88 8.74 9.80 13.57 18.77 19.80 21.12 22.91 20.73 19.28 23.59 18.59 17.43 19.11 17.83 13.94 15.01 20.19 22.56 18.90 14.07 10.74 13.61 16.40 12.07 14.40 13.89 13.84 14.28 14.31 11.52 14.98 13.29 10.74 10.78 11.98 11.51 8.61 6.67 6.30 6.62 6.97 7.15 7.35 7.89 9.41 11.12 11.61 12.00 10.45 9.36 8.82 9.36 7.70 12.91
