examples/cougarCreek-fire/createInputs/farsite/7a-cougarCreek-polygonIgnit/cougarCreekFire_08-12-2015_0900_217m_non_neutral_stability_vel.asc
ncols	146
nrows	140
xllcorner	610065.000000
yllcorner	5095217.000000
cellsize	216.586807
NODATA_value	-9999.000000
[rows 70 to 104 of 140, columns 0 to 78 of 146]
8.16 6.92 7.19 9.08 8.84 8.85 9.05 9.21 9.38 13.21 10.54 11.14 11.56 11.07 9.63 7.37 11.30 19.31 20.15 18.05 17.24 17.10 15.01 14.26 13.04 5.47 6.17 15.40 21.79 23.64 25.25 22.63 20.21 22.28 25.99 26.66 28.06 30.30 31.53 23.62 19.59 20.65 22.48 22.13 17.91 14.48 21.62 19.41 18.01 13.42 12.45 19.90 21.56 17.65 15.94 10.29 14.79 11.32 7.56 5.68 4.65 4.45 6.14 7.90 9.30 10.55 11.22 18.00 11.39 11.15 10.22 8.93 16.29 16.36 16.60 16.41 16.62 12.47 5.03
6.69 6.88 9.33 11.32 8.88 8.71 9.03 12.92 13.30 13.79 14.69 15.83 17.19 16.07 11.14 7.44 13.11 20.06 20.53 19.50 16.69 16.85 13.71 11.19 6.43 6.66 11.87 17.12 20.14 21.71 24.45 23.07 19.63 22.95 24.41 25.85 26.32 28.13 30.19 18.25 23.06 29.94 20.46 32.72 19.61 15.36 14.19 20.06 21.32 20.45 14.50 13.31 19.88 19.87 20.99 14.54 11.62 16.30 8.38 6.09 5.42 5.16 5.20 6.56 8.22 9.55 10.54 11.06 18.81 11.96 11.53 9.78 16.85 17.10 17.61 16.98 15.76 15.78 14.50
8.32 9.99 12.84 13.76 10.00 9.68 9.99 13.95 13.84 14.01 15.32 16.18 13.43 15.68 13.87 8.64 13.88 18.98 20.83 20.33 19.82 15.48 14.00 13.14 7.09 3.06 13.29 18.77 20.27 21.30 23.94 21.87 18.81 25.55 24.80 26.52 25.53 27.54 28.28 17.22 22.74 30.25 18.38 21.64 21.61 16.84 22.03 14.82 16.15 14.73 13.69 13.77 21.05 15.13 15.11 19.31 10.33 6.91 18.57 7.00 5.16 5.62 5.61 5.73 7.03 8.70 9.79 10.60 11.37 12.00 18.82 17.49 17.95 17.17 17.53 7.42 14.71 14.46 14.76
10.82 13.32 16.47 15.22 10.57 10.34 10.64 14.83 14.13 14.14 14.56 15.42 11.36 15.01 16.07 10.68 14.60 18.48 21.65 20.34 19.66 17.10 12.41 11.73 7.46 4.61 19.08 20.27 14.94 21.85 23.03 20.06 18.46 24.63 16.91 25.54 23.58 22.26 27.76 16.72 22.97 30.48 16.87 19.35 27.68 18.83 14.82 26.06 25.46 25.66 15.10 15.73 21.69 10.59 17.62 11.42 10.98 6.96 7.33 7.58 6.05 5.28 5.49 5.50 6.29 7.82 9.29 10.28 11.60 12.46 19.30 18.87 18.17 17.46 17.97 18.70 15.43 15.84 16.04
14.32 15.21 16.43 15.02 10.27 9.93 14.72 14.78 14.47 14.73 14.80 14.92 15.34 14.11 15.69 10.88 14.89 20.66 20.48 21.12 19.38 10.79 14.87 14.40 1.65 4.68 17.81 14.85 14.35 20.91 21.41 19.34 23.40 16.24 16.59 25.02 24.59 23.90 28.50 16.79 17.72 27.02 28.35 16.98 20.52 20.49 16.20 21.85 28.13 23.28 24.49 23.47 22.11 17.92 10.45 19.02 12.64 7.86 7.25 12.92 6.53 5.33 5.20 5.37 5.75 6.83 8.22 17.20 19.43 19.40 16.77 19.10 18.72 18.23 18.35 18.37 15.90 16.13 16.23
17.47 16.26 18.69 14.91 13.75 13.26 13.94 14.28 15.04 16.50 16.41 10.91 14.95 13.05 13.62 8.77 15.75 15.09 17.10 21.86 20.46 11.84 14.59 10.12 1.61 17.96 19.00 21.24 22.33 23.03 21.37 21.03 22.82 15.58 24.55 23.23 21.70 27.72 27.75 21.98 17.50 27.84 26.31 15.40 17.97 31.59 18.21 15.27 27.11 19.91 26.94 25.41 22.96 17.71 10.47 16.82 22.59 19.77 14.39 23.85 6.71 5.93 5.47 5.97 6.09 6.48 7.41 9.02 18.68 20.79 17.98 17.93 17.83 17.39 16.68 17.72 17.23 16.10 16.61
18.12 17.77 16.90 15.31 13.30 12.64 13.40 14.10 15.73 11.74 13.46 13.32 11.36 17.10 12.38 7.04 19.61 18.91 20.76 21.38 21.74 12.65 12.71 1.58 15.75 17.73 19.16 21.80 21.11 23.15 22.08 22.55 17.43 17.36 22.37 14.63 22.85 25.92 27.89 22.00 22.10 27.69 29.04 19.14 15.79 19.06 25.00 16.69 25.15 26.21 27.63 26.51 26.56 17.75 17.83 17.34 20.94 21.39 14.20 14.94 11.62 6.08 5.67 5.92 6.24 6.50 6.95 16.15 9.76 20.08 19.06 17.55 16.96 17.08 16.05 14.35 17.70 15.80 16.50
19.86 18.73 17.27 15.15 13.02 12.99 13.14 14.11 18.59 10.53 13.24 15.29 14.39 16.56 13.04 8.21 19.92 18.93 21.12 23.26 21.59 15.54 12.02 14.52 16.60 16.62 17.80 21.46 23.30 23.72 22.33 23.32 16.98 24.36 23.32 14.86 22.27 27.10 27.58 22.51 28.97 29.00 28.78 19.28 14.42 17.24 31.08 17.90 22.89 26.73 26.10 26.71 26.08 19.55 18.74 17.90 20.96 13.93 7.86 6.37 23.09 6.34 6.18 5.80 5.71 13.50 13.69 14.37 16.00 18.50 20.64 18.47 16.90 17.72 15.77 8.90 15.38 17.34 9.72
20.19 18.99 16.95 14.74 13.20 12.04 15.10 13.38 13.68 7.47 10.10 15.10 17.48 17.75 13.51 10.15 20.90 19.46 22.68 22.78 15.91 5.96 12.27 3.99 2.21 17.83 18.68 20.46 22.17 23.06 16.51 20.61 22.05 23.07 24.76 12.66 21.75 25.50 20.10 22.82 26.59 27.85 27.00 19.23 20.69 15.15 24.51 28.96 22.76 27.87 25.14 26.67 28.44 19.52 18.83 17.82 20.02 23.19 18.42 11.28 14.75 13.28 6.37 6.01 5.65 13.54 5.29 14.67 6.92 8.52 9.91 20.23 21.36 20.13 16.32 9.98 8.49 8.67 10.65
19.89 19.15 17.09 14.66 13.61 17.27 14.28 11.74 14.77 4.52 12.90 12.26 22.69 16.94 12.38 15.61 16.83 8.09 21.75 8.76 8.06 6.13 15.48 3.72 2.64 18.96 19.03 19.60 20.76 20.72 22.07 19.39 23.04 23.55 25.31 14.72 11.14 25.01 18.80 21.91 24.53 27.57 26.72 18.42 12.36 26.37 23.10 25.21 27.68 22.32 25.81 25.35 27.89 20.19 11.70 11.18 10.08 23.27 18.24 12.28 7.35 16.00 14.17 12.84 5.61 6.07 5.96 6.30 7.04 7.86 8.90 10.11 11.18 20.99 18.84 16.07 9.41 9.65 11.29
20.18 18.40 16.80 15.72 14.89 12.17 9.54 15.85 13.60 10.75 7.40 22.71 14.38 16.25 12.07 20.22 9.48 9.75 9.21 8.77 7.87 20.19 5.19 3.16 2.22 19.05 18.71 17.68 19.61 19.48 20.63 22.09 25.33 24.23 22.62 15.65 16.30 25.45 18.40 21.29 28.65 25.72 25.54 26.23 16.93 17.70 22.04 16.31 18.31 15.63 26.43 21.08 28.39 11.54 12.44 13.22 12.55 12.08 17.87 11.24 9.57 7.50 5.96 22.80 6.07 6.91 7.43 7.57 7.57 7.66 8.52 9.48 10.09 10.82 21.81 22.13 11.08 11.07 17.32
21.04 16.92 16.66 7.87 16.46 12.34 11.85 10.49 13.76 15.16 6.96 9.10 12.61 14.77 12.35 18.54 9.26 10.43 10.09 8.74 19.98 13.68 5.33 3.21 2.51 20.14 17.20 13.66 17.97 19.33 18.82 21.85 23.30 24.15 22.35 22.06 24.07 18.01 19.44 24.34 27.54 20.53 26.48 23.65 25.05 24.28 20.51 13.94 17.61 17.61 15.21 21.57 32.48 12.20 13.23 14.98 15.37 14.06 13.51 13.42 12.09 9.86 7.96 6.89 17.72 7.44 8.06 8.15 7.91 7.93 8.23 18.38 9.23 9.91 11.40 12.37 12.14 12.10 11.11
20.99 16.91 16.79 15.55 18.86 12.08 12.69 4.62 12.51 12.29 5.78 8.30 12.01 12.75 10.86 18.73 9.00 10.59 10.57 22.86 20.02 7.80 5.13 3.38 2.69 20.76 12.38 4.15 19.54 17.37 19.11 15.04 21.74 22.28 24.81 19.29 25.16 17.64 19.01 25.24 24.10 19.21 18.01 22.72 20.97 26.11 18.08 11.49 15.05 27.52 18.52 14.90 13.51 13.06 12.99 13.80 15.35 14.77 13.33 13.33 26.09 12.18 10.70 9.10 8.18 8.00 7.79 22.94 7.95 17.79 7.92 8.39 17.69 9.64 10.85 11.79 26.29 12.25 19.57
18.53 16.50 17.44 16.32 14.73 13.04 11.08 3.78 13.56 13.41 4.99 7.15 11.14 11.58 18.50 8.55 9.27 11.09 11.30 23.73 19.08 6.88 4.81 3.82 17.09 18.29 12.84 15.41 20.24 12.08 17.88 14.96 19.80 22.04 22.51 25.34 18.18 18.81 24.95 25.32 19.33 23.23 24.43 24.06 25.26 24.09 23.13 9.13 12.29 26.90 29.02 31.38 13.24 12.90 11.89 11.22 12.38 21.96 22.28 12.55 13.65 23.80 13.51 12.58 10.96 19.29 8.25 17.76 8.26 8.04 7.85 8.12 19.33 15.67 18.70 10.47 22.52 20.38 19.35
20.80 16.27 18.32 17.82 13.62 13.96 3.95 3.44 15.63 11.73 5.34 6.90 15.05 10.72 9.88 9.39 10.14 11.71 22.89 20.23 7.73 5.60 4.10 4.15 3.86 18.28 16.55 18.29 18.76 10.62 18.93 14.31 17.83 20.68 22.22 23.46 19.59 20.64 28.20 16.16 15.14 11.78 16.64 25.39 24.19 25.54 23.83 8.10 10.85 21.82 29.24 12.94 12.85 11.99 10.73 9.66 9.63 11.07 11.70 11.64 12.27 22.34 13.06 22.34 12.43 10.26 17.60 18.28 18.53 8.58 8.38 8.16 20.64 19.34 21.47 21.58 21.03 22.74 20.36
21.79 17.85 18.10 15.01 14.37 13.78 12.45 11.47 16.35 5.42 6.08 7.35 8.06 15.74 18.69 10.28 23.52 25.57 22.57 18.60 7.60 5.26 3.54 3.43 11.80 17.13 16.42 17.16 19.49 10.10 17.64 17.64 18.86 19.52 19.31 16.14 18.17 20.36 22.86 17.48 17.71 13.41 9.84 19.09 22.48 24.72 17.01 17.42 9.91 12.54 25.75 21.49 10.84 10.39 9.91 9.18 19.40 8.66 9.67 9.80 9.83 20.49 10.23 10.20 29.32 27.35 19.99 19.04 18.70 20.28 18.59 8.62 17.91 18.23 23.08 19.43 19.16 20.36 19.08
22.51 19.94 16.85 13.88 17.07 15.00 13.38 14.03 13.96 4.72 6.59 8.10 7.30 17.22 20.38 21.80 22.28 22.84 10.34 8.57 7.12 5.15 3.46 2.95 18.39 13.23 16.78 16.68 18.52 16.48 18.42 15.28 17.81 10.03 18.59 13.83 18.82 21.46 11.60 16.22 19.05 14.95 9.56 18.59 24.80 24.11 23.99 7.18 8.60 10.88 25.02 23.86 25.86 8.90 9.61 9.65 8.70 17.45 8.08 8.34 8.25 8.24 8.16 8.12 23.02 30.12 21.00 19.82 21.15 21.84 9.40 26.03 23.33 18.93 19.55 20.71 19.43 18.04 15.43
24.22 19.66 16.63 16.26 17.80 13.78 4.49 4.59 4.42 4.60 7.03 9.22 7.92 17.48 17.63 21.51 22.69 17.36 9.90 8.66 6.86 4.89 3.51 11.46 17.28 16.97 17.17 17.14 18.49 19.16 16.10 13.97 17.15 5.62 16.68 15.40 18.70 18.13 17.02 13.49 17.96 16.10 10.53 19.47 19.55 24.37 23.59 7.26 17.68 18.33 22.85 25.00 13.67 7.67 8.31 9.02 8.85 7.94 7.41 16.63 18.34 16.60 7.12 7.67 23.32 9.56 21.21 19.71 20.71 20.41 21.55 19.22 18.69 6.65 4.98 16.38 16.23 19.78 19.47
24.64 19.10 17.63 20.59 19.20 18.20 13.83 13.77 4.49 4.95 7.52 10.28 9.15 10.61 19.65 20.08 22.04 10.97 9.96 8.85 6.64 5.04 4.42 19.37 18.34 16.90 15.57 16.06 18.16 17.16 16.59 17.26 19.21 6.62 10.90 15.55 17.82 18.25 8.33 11.84 14.82 14.75 10.85 19.86 17.12 19.80 21.37 20.42 17.29 8.04 19.94 23.25 8.37 24.19 15.59 7.33 15.41 14.80 6.86 16.78 17.29 16.86 16.97 6.78 22.26 27.04 22.70 20.98 21.56 21.03 20.34 20.00 21.93 24.98 5.93 5.55 4.91 4.47 4.17
20.56 18.87 23.08 22.81 19.50 18.66 16.83 15.52 5.10 5.77 8.07 15.07 10.17 7.32 20.90 19.99 22.01 9.81 10.03 9.00 6.51 5.16 5.27 19.51 16.89 2.74 3.73 10.91 16.73 16.00 4.33 17.28 19.09 7.82 5.86 18.59 18.00 18.39 8.16 10.71 12.74 24.94 10.35 21.88 16.34 20.23 21.66 18.38 16.01 17.37 18.39 22.73 8.68 7.37 15.02 6.69 15.27 14.21 18.02 16.77 21.46 16.03 16.81 19.46 22.50 20.99 25.02 22.24 23.94 23.75 19.93 21.62 20.60 19.96 17.03 22.32 19.80 15.20 4.80
20.52 19.02 23.55 23.54 19.80 20.04 19.13 17.15 6.53 6.99 8.68 17.75 11.05 9.51 22.32 5.40 22.45 9.04 9.63 8.82 6.71 5.41 19.92 16.66 2.92 3.01 3.35 16.40 14.88 16.22 17.35 17.60 19.74 13.58 7.69 14.52 16.27 17.22 7.81 9.75 11.57 17.94 10.52 16.74 17.55 16.54 20.58 15.34 4.97 6.48 17.19 19.23 8.46 7.63 6.69 17.13 7.26 13.95 7.17 7.13 18.60 22.49 6.16 19.79 21.67 22.23 25.48 24.33 25.12 25.29 27.27 20.71 5.79 6.71 7.24 20.24 19.44 18.80 21.37
19.93 18.64 22.24 22.64 19.48 19.35 19.25 19.59 7.28 7.51 9.06 11.04 11.56 10.77 8.55 22.55 20.85 9.34 9.45 8.50 6.89 5.70 19.00 16.36 3.11 3.57 16.70 17.00 17.47 14.87 15.95 17.22 15.77 16.79 11.22 17.80 16.43 17.45 7.57 19.39 16.70 19.53 11.23 18.23 18.77 18.93 14.64 5.63 5.56 6.30 7.00 7.75 15.80 11.95 10.62 14.26 14.81 13.82 16.37 6.79 19.20 14.28 19.93 15.48 22.61 7.88 23.59 17.02 18.14 18.66 18.18 25.94 6.07 6.26 22.73 18.89 20.27 19.76 18.88
23.54 20.63 21.84 23.25 23.57 21.86 19.47 18.56 19.37 6.21 7.36 20.44 11.23 21.43 8.75 23.27 8.02 18.84 9.80 8.48 6.91 13.00 18.90 2.58 3.60 4.37 16.10 17.65 16.08 16.62 16.13 14.56 16.93 18.45 15.31 17.67 17.72 12.68 16.95 9.38 16.18 19.44 10.79 9.93 7.72 13.07 14.55 14.79 5.99 6.22 6.42 7.28 16.08 7.12 5.98 17.63 13.69 12.64 16.76 14.77 17.49 21.10 13.72 14.26 23.47 7.22 8.45 26.07 19.20 19.33 19.28 26.83 6.89 7.22 19.93 19.16 26.46 24.36 23.64
23.98 12.36 11.99 10.78 20.80 20.82 18.86 7.19 19.09 5.98 23.89 20.04 10.38 21.70 18.89 20.66 21.83 15.47 9.94 8.56 6.73 12.92 15.34 17.30 3.84 4.77 16.78 17.09 16.91 14.25 13.61 10.50 17.22 18.66 17.23 12.10 5.54 6.39 8.18 10.31 10.08 8.45 9.41 10.49 8.79 14.00 15.03 6.11 6.09 6.25 6.06 17.46 16.29 6.71 6.23 6.07 10.56 15.94 14.37 13.90 15.98 15.44 13.88 14.42 16.25 21.22 21.44 17.06 26.07 18.19 18.20 28.45 7.23 7.91 19.60 23.69 22.30 16.45 7.43
13.13 12.96 12.97 12.04 24.64 21.82 19.58 7.96 8.23 7.37 6.16 22.16 20.85 18.34 18.58 19.47 19.02 19.13 9.32 8.43 6.32 9.85 16.91 17.08 3.44 4.34 16.84 15.56 13.42 17.71 17.51 14.18 18.62 15.99 4.64 5.30 6.03 6.60 8.95 11.34 10.03 7.90 8.39 9.92 9.39 7.83 7.00 6.31 6.15 6.39 6.43 14.84 14.04 6.32 6.11 6.13 10.55 5.63 11.33 14.02 14.07 19.39 19.77 6.07 5.59 15.28 23.62 21.83 26.72 18.94 19.03 27.29 7.57 19.85 22.42 20.25 9.02 20.63 19.17
21.20 11.93 23.76 11.93 23.87 20.95 9.41 20.61 9.04 18.54 21.98 20.89 19.94 17.46 17.96 17.85 20.65 20.02 8.34 8.48 6.64 17.30 16.08 1.93 2.49 3.41 16.44 12.05 3.95 17.35 3.07 16.72 15.67 13.29 4.60 5.21 5.91 6.52 8.88 11.46 10.56 8.65 8.37 9.08 9.60 9.19 8.17 7.00 6.47 6.64 6.91 7.11 6.88 6.36 6.00 5.86 5.77 5.63 5.31 4.96 17.80 12.99 13.91 6.77 6.72 6.25 5.75 16.84 18.79 19.69 18.90 20.66 20.79 21.37 24.24 24.76 9.29 10.02 9.99
10.97 10.38 24.96 22.40 22.83 22.48 9.92 21.41 20.90 23.66 18.33 22.38 21.29 17.50 18.17 16.40 21.95 20.83 7.70 8.85 7.68 18.68 2.69 1.66 1.85 3.02 17.05 13.46 18.76 14.87 12.58 14.55 14.90 3.90 4.43 5.22 5.84 6.57 8.65 10.58 9.82 8.66 8.41 8.44 9.17 10.02 9.76 8.46 7.43 7.34 7.50 7.40 7.05 6.59 6.26 6.04 5.72 5.44 5.30 5.26 12.47 10.72 6.56 6.92 12.73 7.08 7.12 7.22 7.22 18.59 19.25 20.32 16.95 22.48 26.02 21.92 9.16 9.66 10.15
12.57 11.77 24.68 23.88 21.42 23.16 23.20 10.23 22.91 27.32 11.43 23.90 22.06 20.98 9.67 19.10 19.17 19.67 7.22 15.42 8.43 6.77 4.59 2.71 1.97 15.86 3.71 18.51 12.73 3.43 13.00 4.44 4.56 4.37 4.65 5.50 6.29 7.22 9.33 10.82 9.61 8.11 7.58 7.68 8.71 10.03 10.70 10.01 8.71 8.15 8.17 8.00 7.64 7.19 6.84 6.59 6.23 5.87 5.63 5.59 5.72 5.91 6.16 6.48 6.88 7.12 7.16 7.25 7.45 7.68 7.98 8.38 8.59 19.67 16.97 24.57 24.49 8.91 9.29
13.87 14.23 13.78 24.55 25.20 11.79 22.11 11.03 11.22 11.20 26.07 23.98 21.83 19.13 9.89 8.71 22.09 15.98 15.95 21.28 7.94 7.86 6.88 5.12 15.79 15.81 15.94 2.84 14.88 15.47 12.68 3.68 4.36 4.53 4.52 5.20 6.30 7.38 9.51 11.64 10.79 8.23 6.67 6.80 8.15 9.74 10.71 10.83 9.96 8.79 8.24 8.18 8.10 7.91 7.70 7.38 6.91 6.50 6.22 6.07 6.02 6.12 6.32 6.60 7.03 7.50 7.81 8.05 8.44 14.11 9.12 9.26 8.96 21.86 21.79 27.63 24.66 8.24 8.69
11.63 24.42 13.64 24.77 26.23 12.35 22.97 11.02 11.03 27.60 29.44 11.99 23.06 19.27 11.01 15.76 19.38 18.84 17.93 7.51 7.99 19.01 7.11 6.23 5.34 17.98 14.86 14.39 16.15 16.57 12.95 15.83 3.49 4.27 4.52 4.94 6.02 7.21 8.74 11.27 11.26 8.12 6.43 6.40 7.29 9.00 10.29 10.99 11.34 10.50 8.86 8.06 7.95 7.95 7.99 7.84 7.51 7.15 6.87 6.71 6.55 6.56 6.79 7.07 7.39 7.89 8.39 8.63 8.80 9.10 9.28 9.10 19.93 18.90 19.79 20.98 24.75 24.17 8.81
10.21 24.78 10.35 27.57 12.38 19.99 24.33 21.64 26.39 10.42 10.80 11.42 21.88 12.84 17.22 10.83 17.91 15.45 17.48 5.86 6.40 6.85 6.68 23.42 19.49 16.45 14.03 15.91 16.46 16.17 1.98 2.80 3.35 4.02 4.52 5.01 6.18 7.85 9.55 12.03 12.13 8.97 7.99 7.84 8.06 9.19 10.28 11.08 12.16 12.53 10.78 8.69 7.92 7.87 7.87 7.78 7.76 7.65 7.44 7.22 7.05 7.08 7.41 7.16 8.13 8.39 8.72 8.93 8.96 8.93 8.81 8.66 8.60 8.68 8.69 18.17 19.92 20.98 9.63
13.09 11.48 8.71 27.36 10.90 24.04 28.59 12.73 11.69 28.25 8.84 25.46 19.38 22.74 20.97 19.10 17.65 14.68 15.80 20.24 3.81 4.95 6.45 6.49 5.57 4.91 16.51 16.80 16.48 15.23 2.97 3.33 3.45 3.50 3.90 4.66 6.20 8.54 11.26 14.38 15.49 12.84 10.47 9.46 9.25 9.83 10.44 10.89 11.94 13.25 12.40 9.68 8.14 8.02 7.91 7.59 7.56 7.52 7.45 7.45 7.46 7.52 7.74 8.12 8.45 8.64 8.87 9.23 9.43 9.29 9.03 8.93 17.29 17.38 16.44 15.75 17.83 20.10 24.60
14.50 14.72 12.75 7.98 10.19 23.16 11.91 25.42 21.50 29.67 9.70 26.40 25.97 24.24 22.44 17.85 9.27 15.88 16.30 14.63 3.70 19.40 16.43 5.91 5.91 5.30 17.46 18.25 15.87 4.25 4.15 3.68 3.35 3.19 3.38 4.00 5.28 7.01 8.63 11.53 14.85 14.14 11.40 9.57 8.75 8.93 9.44 9.79 11.02 13.23 13.76 11.47 9.01 7.98 7.44 6.89 6.76 6.91 7.02 7.15 7.37 7.61 7.74 7.97 8.44 8.93 12.52 12.30 12.86 14.53 15.21 15.83 15.70 16.74 17.43 18.68 19.54 18.88 21.37
14.16 15.46 16.31 12.50 26.38 9.54 26.24 25.49 25.02 13.81 12.54 23.86 9.96 21.13 26.70 20.14 9.20 16.33 8.88 13.91 21.65 5.08 15.69 9.55 18.73 17.51 17.57 18.01 12.75 4.31 15.41 14.29 3.12 3.29 3.30 3.20 3.22 3.14 3.60 6.74 10.34 11.50 10.50 9.21 8.35 8.07 8.09 8.48 9.83 12.34 14.17 13.53 11.16 8.86 7.18 6.09 5.84 6.28 6.76 6.99 7.23 7.65 8.06 8.67 9.16 10.92 12.34 12.19 13.95 15.56 16.58 16.58 14.75 16.56 18.88 19.87 20.79 23.90 22.03
12.93 13.43 14.99 14.17 9.25 24.35 9.05 20.43 29.28 13.40 14.42 13.74 23.55 25.05 11.42 19.87 17.93 17.61 9.10 20.53 8.56 17.42 16.16 5.53 19.07 16.98 18.12 19.39 15.91 14.97 18.95 15.18 3.00 3.32 3.34 2.87 1.98 1.35 2.62 4.81 7.22 8.70 8.86 8.63 8.49 8.30 7.96 8.04 8.89 10.69 12.75 13.78 13.26 11.01 8.17 6.21 5.63 6.03 6.75 7.24 7.50 8.00 8.78 9.56 10.10 11.71 12.15 13.44 11.62 12.04 17.97 18.51 18.75 17.91 18.27 19.03 20.19 21.73 22.87
