examples/cougarCreek-fire/createInputs/farsite/7a-cougarCreek-polygonIgnit/cougarCreekFire_08-13-2015_0000_217m_non_neutral_stability_ang.asc
ncols	146
nrows	140
xllcorner	610065.000000
yllcorner	5095217.000000
cellsize	216.586807
NODATA_value	-9999.000000
[rows 42 to 83 of 140, columns 0 to 93 of 146]
286 287 289 289 289 294 293 297 297 300 302 290 288 281 277 275 274 282 291 295 295 290 281 273 282 291 291 285 286 284 267 280 251 168 159 343 2 323 359 17 43 54 56 56 58 60 64 44 46 39 54 45 47 49 50 51 51 52 55 57 57 58 60 63 66 68 69 69 68 67 68 67 68 68 69 70 68 62 57 53 59 74 65 64 53 54 57 60 61 61 62 63 97 83
288 289 291 292 292 267 296 297 299 301 291 284 275 274 274 275 280 287 292 294 290 281 273 283 288 294 287 288 288 284 270 290 14 352 347 344 1 323 358 4 19 39 52 48 34 40 45 45 63 57 51 52 54 56 57 57 58 59 66 63 62 61 61 62 64 65 63 61 59 59 59 60 61 64 67 71 73 69 59 53 55 57 91 67 56 57 58 61 64 65 66 67 103 95
289 291 293 295 296 293 297 298 301 288 279 277 275 275 274 276 278 280 287 286 281 280 281 282 290 291 288 288 288 287 278 309 9 29 19 357 358 346 354 1 8 23 22 30 43 68 85 85 46 43 52 56 60 62 62 61 60 60 62 63 60 57 49 51 51 51 48 44 44 44 45 45 45 47 50 61 68 75 69 60 59 59 76 71 60 83 61 62 65 68 70 71 106 101
291 293 295 297 293 295 297 300 301 277 279 275 278 283 280 277 279 282 291 289 283 280 283 286 288 289 289 285 288 281 280 303 334 355 27 25 4 354 1 7 19 13 23 32 47 74 100 121 19 42 53 62 65 67 66 63 60 60 62 54 48 45 38 42 44 53 57 55 52 54 56 54 55 58 60 60 61 69 97 113 73 64 72 80 63 64 87 66 67 71 74 74 75 98
292 294 269 298 294 295 277 280 276 280 275 278 285 282 278 277 278 295 295 294 290 285 279 280 292 291 290 288 289 284 278 287 299 354 354 25 19 17 11 16 9 13 21 33 50 56 44 12 318 29 54 62 67 68 67 64 60 52 54 44 42 39 43 53 56 60 58 56 65 74 74 77 73 58 67 73 63 68 74 117 128 74 68 95 74 66 68 70 72 74 78 79 79 79
292 273 290 299 300 296 282 276 275 276 277 285 289 285 285 293 310 303 297 293 284 280 284 278 287 290 287 290 290 283 278 271 282 313 345 352 22 33 27 2 21 23 54 60 52 38 21 5 353 21 51 55 60 60 57 56 55 37 46 58 60 62 66 69 71 71 67 68 73 75 75 75 72 68 64 74 77 60 62 59 59 72 71 70 80 69 71 73 75 77 81 85 85 84
292 269 276 279 276 278 277 275 281 278 286 303 292 294 308 310 304 303 296 290 286 286 287 282 290 288 294 291 296 288 282 276 274 302 338 343 7 48 41 35 75 59 69 72 45 31 20 18 5 31 48 37 45 47 45 50 58 82 89 88 83 77 78 84 83 79 76 75 74 74 70 66 73 75 66 72 79 81 69 60 30 37 76 74 105 89 73 75 77 79 83 88 90 90
270 288 274 280 293 274 279 297 299 286 289 304 306 309 300 294 291 288 289 288 287 281 284 291 293 292 294 292 292 299 287 286 288 285 25 341 8 59 46 77 74 67 73 68 59 31 31 24 26 42 32 43 92 79 68 74 77 82 87 91 76 73 72 83 80 77 75 71 70 70 66 66 70 68 65 68 69 69 65 64 44 53 80 79 76 74 110 80 79 82 79 88 92 94
289 278 279 290 289 301 303 300 300 302 305 307 308 298 289 289 289 291 291 289 289 280 282 284 292 296 312 294 302 296 287 291 289 293 15 13 6 55 46 51 90 71 71 67 61 58 60 68 80 96 97 94 96 94 93 84 73 75 86 87 79 79 75 73 80 72 69 66 62 61 64 64 64 68 69 65 59 57 65 66 57 65 81 84 83 81 79 79 81 93 84 81 92 97
288 289 290 290 302 303 299 300 302 304 307 309 310 294 292 293 291 292 291 290 295 296 280 298 283 296 293 313 305 294 289 294 284 302 14 17 28 51 48 54 68 72 68 73 53 55 57 61 64 95 96 97 73 95 71 66 76 75 75 84 85 81 81 76 75 72 78 75 73 70 73 81 74 77 76 78 79 82 65 77 63 67 77 84 87 87 87 86 86 87 105 89 79 99
274 289 277 302 303 299 300 301 293 306 308 295 293 294 294 294 293 292 292 293 297 296 298 320 292 326 326 317 298 292 289 295 286 304 11 21 38 63 58 68 69 68 64 66 81 71 77 73 77 79 85 82 79 76 72 70 74 72 79 80 80 82 81 70 80 76 76 75 73 73 62 78 79 66 66 68 69 69 69 68 78 70 75 80 85 89 91 92 93 93 94 96 98 101
291 279 301 303 298 298 289 289 292 296 292 298 312 309 307 307 309 292 292 295 287 300 300 303 299 328 305 302 296 288 292 291 286 297 16 26 44 45 51 51 58 61 59 62 75 70 75 73 78 82 83 80 78 82 80 95 84 77 73 76 76 77 69 72 71 69 68 68 66 66 69 71 70 69 70 71 87 77 74 74 74 75 100 80 83 87 91 95 98 98 98 100 103 105
295 283 296 296 286 286 288 291 294 296 297 312 311 308 290 292 308 293 293 297 317 319 296 289 306 309 301 296 295 285 301 293 290 277 350 28 51 67 51 54 58 60 55 50 58 67 72 73 78 81 83 83 83 82 88 84 78 74 76 78 77 69 72 74 75 75 74 71 68 68 72 74 73 72 72 72 74 75 75 77 79 80 82 84 85 88 92 96 99 101 103 106 108 109
295 293 296 285 299 296 298 292 294 297 309 310 309 308 292 293 308 294 312 315 299 290 290 297 294 298 294 293 295 285 292 294 289 279 14 350 26 349 61 68 73 77 57 47 46 55 62 70 76 80 82 82 83 84 84 89 82 72 71 71 70 69 72 73 74 76 74 71 69 68 70 72 73 73 74 74 75 76 77 80 82 83 100 84 88 91 94 97 102 106 108 111 113 115
287 300 292 290 302 293 298 291 305 306 304 302 306 309 293 305 308 309 314 290 290 290 289 298 299 295 297 302 296 289 290 288 287 273 347 27 347 292 46 61 68 75 67 54 47 47 54 65 74 81 83 82 82 83 83 80 76 74 73 72 71 70 70 70 70 70 69 68 68 67 68 68 69 72 74 76 77 77 80 82 84 91 88 90 92 101 99 103 108 111 112 115 119 122
297 300 289 301 301 304 297 299 306 306 307 295 308 312 302 302 303 293 295 296 288 287 286 315 297 295 301 302 291 287 285 294 295 280 1 8 299 17 41 66 72 76 91 65 55 44 48 53 64 76 83 83 81 81 80 77 75 74 73 72 72 72 71 71 70 67 65 65 66 66 66 67 67 70 73 76 77 79 81 73 84 87 91 94 96 99 103 107 128 130 117 121 124 129
299 302 303 303 304 299 297 305 305 306 296 296 306 307 289 298 303 309 314 316 289 287 319 319 297 298 319 299 287 291 294 297 296 285 4 1 350 4 54 71 85 82 91 80 70 52 44 49 54 61 74 79 78 79 77 75 75 74 73 72 72 72 72 72 71 69 68 67 66 65 66 67 69 71 74 76 59 67 74 74 84 87 92 97 101 105 108 111 116 120 124 128 131 134
300 304 306 306 307 296 304 305 305 293 295 304 293 305 306 308 308 312 319 322 292 313 321 314 297 317 317 294 286 290 300 296 291 283 312 359 2 359 20 347 77 88 98 86 94 104 85 55 64 58 63 68 72 75 74 74 74 74 73 72 71 71 71 70 70 69 67 67 67 66 66 69 71 73 54 68 84 84 77 76 87 90 94 99 105 110 115 120 125 127 131 134 137 140
300 306 308 306 296 302 301 303 290 295 305 304 306 308 311 312 307 314 321 326 304 301 300 295 314 316 300 291 292 299 299 293 286 282 294 339 8 357 349 339 96 72 80 108 95 102 99 114 109 70 63 71 62 70 71 71 72 72 71 70 70 70 70 62 66 67 65 65 65 65 67 70 56 60 82 82 77 79 90 94 91 89 91 93 92 95 98 127 132 135 138 142 145 147
300 305 306 304 303 298 300 304 303 304 306 309 313 314 314 312 310 317 324 325 318 297 295 314 316 315 313 296 298 297 293 288 286 284 298 319 348 352 312 316 349 62 79 107 104 116 116 116 118 77 66 65 67 68 69 69 54 59 61 58 57 57 59 62 67 66 65 64 64 64 51 63 81 80 75 78 86 94 97 102 109 108 110 112 114 117 119 118 141 143 146 148 152 155
302 304 303 300 299 297 299 301 301 305 310 314 315 313 307 299 316 321 324 322 318 300 300 304 316 314 300 299 298 294 288 286 290 281 308 309 324 336 297 278 267 35 120 138 112 118 116 99 103 77 66 66 67 129 67 69 91 69 102 84 60 55 59 59 56 51 65 47 48 56 67 75 72 69 74 88 97 101 100 101 110 113 113 116 123 116 120 122 149 152 155 157 159 160
308 306 300 297 296 295 295 300 306 311 314 314 313 310 304 308 318 325 324 307 300 300 302 298 315 313 300 299 297 293 288 293 292 284 313 307 301 313 290 274 263 10 39 186 117 109 117 130 125 77 62 64 63 128 67 68 164 67 113 118 66 66 71 64 55 55 51 101 112 79 75 78 77 76 84 93 102 104 104 104 113 110 120 121 133 113 116 122 159 161 163 165 172 170
314 310 304 300 299 299 301 307 313 314 311 310 313 314 306 313 320 328 320 303 316 313 294 296 302 300 300 298 293 292 292 288 289 293 305 302 295 292 283 280 263 340 83 165 174 123 129 49 76 130 78 57 60 63 65 66 65 102 65 117 66 98 66 104 103 99 105 112 63 117 88 87 110 112 95 97 98 102 94 96 106 117 128 137 145 152 159 132 168 169 172 173 174 176
319 314 308 306 308 310 312 313 313 307 305 306 303 306 312 313 321 329 316 305 319 308 292 294 300 310 310 297 293 293 292 287 285 293 301 299 283 284 278 268 265 274 69 351 204 147 166 152 80 141 93 41 47 50 174 59 61 62 62 121 63 65 64 120 109 104 106 107 125 135 102 100 111 119 99 91 74 64 65 77 85 89 99 104 106 113 169 174 176 178 179 181 186 183
322 316 309 309 314 317 316 311 307 305 304 303 297 302 307 311 322 325 323 313 320 318 317 320 294 311 310 307 296 295 289 296 295 293 299 295 270 284 283 262 267 267 352 89 320 321 308 309 285 198 151 87 17 133 37 45 48 53 56 56 102 59 128 133 131 116 97 121 106 102 100 91 102 113 118 91 55 67 76 89 97 102 103 99 92 96 181 183 185 185 187 190 189 189
329 321 313 311 314 316 314 310 307 305 302 300 297 301 307 312 325 322 321 296 312 309 317 320 294 310 309 306 294 290 292 299 296 289 287 286 272 288 275 270 267 261 336 321 325 55 142 147 130 196 162 101 118 343 169 9 18 33 43 76 45 112 117 56 139 125 126 60 63 100 96 100 108 116 132 156 110 124 136 148 160 169 175 179 183 187 127 128 193 193 194 194 193 193
330 324 315 308 309 310 309 309 302 301 299 310 309 313 307 313 327 305 311 312 311 295 318 300 293 320 315 305 288 290 286 296 294 280 277 285 272 279 275 266 267 256 314 308 320 322 321 130 300 164 153 301 304 306 315 152 333 349 6 153 106 117 107 129 120 108 107 58 59 124 94 89 93 97 109 149 162 134 160 170 107 80 72 99 118 130 197 131 200 200 200 201 200 199
325 320 312 303 303 299 299 300 299 298 297 300 295 311 307 313 328 328 296 318 307 293 293 293 294 320 313 304 286 290 284 292 299 289 278 276 274 279 276 267 267 271 260 312 313 313 307 298 297 277 252 289 291 292 294 298 165 311 318 239 94 351 7 106 123 113 110 49 52 55 125 103 104 106 103 113 133 176 72 190 193 196 199 201 202 202 203 204 205 206 206 206 207 204
324 318 309 301 300 294 295 297 297 295 294 295 296 307 307 315 330 327 296 317 317 292 303 291 309 318 308 297 290 286 289 286 301 292 279 283 275 281 276 274 270 264 264 301 306 304 176 167 289 285 283 284 285 161 287 288 290 292 293 296 224 302 308 317 337 96 102 119 26 36 168 134 123 129 128 127 126 195 103 92 90 95 98 78 175 206 205 205 206 199 209 210 211 209
326 317 309 307 299 291 294 301 295 293 294 293 310 291 307 318 334 326 296 316 302 293 314 305 319 317 306 291 289 289 289 293 314 314 279 277 284 282 277 272 266 274 270 258 302 304 294 174 280 272 274 282 251 172 163 284 283 285 286 286 286 182 288 290 294 296 297 82 119 312 285 152 127 124 126 135 141 137 135 129 212 212 144 194 107 152 151 139 151 153 183 195 185 212
324 315 309 307 298 291 293 300 294 293 293 293 294 300 309 321 335 324 305 315 316 315 314 305 317 308 302 291 286 289 288 294 301 282 281 280 284 300 271 275 271 269 288 262 297 300 290 205 280 283 275 281 166 192 281 280 281 282 283 282 280 282 171 142 78 283 71 278 277 85 261 143 123 107 113 133 162 156 165 155 137 139 152 193 214 182 175 182 186 214 190 173 174 175
317 312 309 307 297 292 293 299 292 293 293 294 295 308 306 321 334 321 313 313 315 314 313 295 317 306 290 287 291 302 287 295 297 286 289 280 300 292 272 276 266 270 288 264 259 295 260 277 271 281 267 280 180 280 190 278 279 279 280 280 278 277 235 166 152 145 161 118 101 102 107 114 122 122 128 146 172 170 176 179 144 142 150 178 199 194 171 169 182 217 218 192 180 182
310 309 307 306 296 291 292 292 291 290 290 291 308 288 303 317 331 320 312 312 315 314 312 306 316 305 290 295 302 288 292 296 291 298 289 279 300 290 273 277 270 273 270 261 281 288 290 281 271 264 280 197 190 280 279 181 278 279 279 279 278 276 275 186 153 148 152 155 156 173 178 165 168 246 160 168 179 180 183 190 180 153 157 159 182 199 188 172 175 188 224 224 193 186
306 307 307 297 295 295 295 290 288 287 293 289 288 285 303 316 329 319 313 293 315 313 312 314 308 304 292 305 291 292 288 297 286 301 286 288 301 285 273 275 270 277 273 285 281 258 290 271 287 260 280 280 206 279 279 222 195 278 277 277 276 275 274 240 169 218 155 206 208 170 261 256 179 189 246 184 184 192 189 190 191 162 157 170 169 191 196 184 186 184 190 228 228 195
306 306 306 295 294 293 294 293 287 295 304 303 305 288 306 318 328 318 294 314 314 313 312 313 305 295 294 292 293 288 286 294 288 290 284 304 301 283 291 275 276 277 274 268 281 278 251 288 286 261 281 280 280 279 279 249 203 276 276 276 276 275 273 271 207 178 175 177 226 176 190 208 210 188 202 198 192 198 202 189 179 168 208 190 177 196 191 193 189 199 232 190 231 230
306 306 305 294 293 295 295 294 296 301 309 300 307 308 308 320 325 315 312 312 312 312 312 304 307 297 294 291 289 289 290 287 292 288 292 305 308 284 291 273 290 287 285 282 283 280 260 287 286 263 281 281 280 279 279 251 209 276 276 276 196 275 273 271 234 193 192 189 181 208 188 200 202 194 251 249 248 196 214 203 199 200 186 190 187 235 199 194 193 197 211 235 201 232
306 305 304 293 295 307 295 290 298 301 300 292 307 307 309 320 320 313 311 311 311 312 312 309 309 298 294 291 290 291 290 289 288 286 299 307 307 293 278 277 289 289 285 282 280 277 273 259 285 265 262 282 281 280 279 278 216 213 210 276 275 274 273 271 269 200 193 193 198 262 260 259 192 195 253 252 210 220 180 208 211 213 210 207 207 238 238 205 203 204 200 207 236 235
306 305 304 294 295 306 294 294 297 299 297 290 287 304 310 319 316 313 311 311 310 311 296 312 318 298 294 291 290 292 294 292 289 283 297 306 306 292 281 277 290 289 286 282 280 277 273 269 244 284 265 282 282 279 278 261 278 220 222 275 274 274 273 272 269 239 212 210 207 262 260 259 258 214 218 224 251 250 197 211 217 219 217 215 211 241 241 240 239 238 239 209 210 237
306 305 304 294 294 306 305 293 295 296 294 289 293 303 311 318 314 313 312 311 311 311 306 313 310 297 294 310 289 300 290 286 285 285 297 307 307 292 290 274 288 286 286 283 281 277 274 274 269 283 284 283 281 279 278 279 279 232 255 274 273 274 274 212 270 267 206 224 217 235 229 227 258 258 222 216 253 253 226 231 226 216 247 245 245 244 244 243 241 241 241 240 239 216
306 305 304 295 307 307 306 295 295 295 294 295 292 303 312 316 313 313 313 312 311 297 310 314 311 305 314 309 297 291 298 287 286 284 297 300 297 278 279 299 299 297 284 286 284 278 275 288 275 283 283 283 281 281 281 262 251 277 259 252 273 273 273 272 240 269 243 216 214 237 213 209 229 258 257 257 256 256 231 230 233 251 249 247 246 246 246 245 244 243 243 241 241 218
306 305 304 293 307 307 306 295 294 292 295 307 292 306 312 313 312 312 312 311 295 299 311 314 310 295 314 309 288 293 297 288 288 286 296 296 292 289 287 299 298 297 284 285 286 281 277 289 266 270 283 282 282 283 268 264 259 238 257 259 228 272 272 271 271 270 267 220 219 217 239 235 231 238 258 244 230 258 257 232 233 251 251 250 248 247 247 246 245 245 245 243 244 242
306 305 304 306 307 307 306 294 294 290 296 307 289 308 298 312 312 311 310 295 294 305 311 314 310 318 313 308 288 302 292 291 297 296 293 292 280 300 288 298 297 286 297 284 294 293 292 271 274 270 270 283 284 270 252 264 278 258 257 260 257 232 238 270 270 270 268 242 223 221 226 226 236 236 237 242 238 225 226 231 223 252 252 252 251 249 248 247 246 246 247 245 246 246
