examples/cougarCreek-fire/createInputs/farsite/7a-cougarCreek-polygonIgnit/cougarCreekFire_08-13-2015_0500_217m_non_neutral_stability_vel.asc
ncols	146
nrows	140
xllcorner	610065.000000
yllcorner	5095217.000000
cellsize	216.586807
NODATA_value	-9999.000000
[rows 72 to 107 of 140, columns 0 to 80 of 146]
22.85 26.66 31.99 32.89 29.19 26.65 24.99 29.47 29.43 28.99 28.46 28.16 21.18 21.98 21.87 17.04 22.10 23.60 25.69 26.23 26.68 19.34 16.69 18.18 10.11 13.41 14.51 23.82 20.98 16.22 19.10 25.48 22.02 18.84 11.64 13.93 18.17 19.59 11.76 10.99 9.68 15.75 9.89 11.30 12.73 12.71 20.68 13.43 15.10 12.87 12.79 10.85 12.23 5.87 9.57 11.46 6.92 5.16 5.26 3.86 4.94 7.83 8.49 7.55 6.19 5.19 4.50 4.05 3.89 4.23 2.28 3.21 2.19 1.23 0.48 4.04 2.72 2.44 2.63 2.19 1.52
25.67 29.16 34.44 34.25 28.20 26.33 25.19 30.66 30.20 29.33 27.92 28.31 21.73 22.59 20.47 15.38 22.41 22.92 25.02 26.61 25.16 19.11 16.07 18.52 10.77 14.90 21.98 21.89 13.35 17.16 23.74 24.88 20.59 15.66 10.24 14.23 19.72 19.65 12.38 10.95 9.31 16.89 9.56 10.18 12.89 12.27 12.70 18.78 18.00 18.22 12.70 11.53 12.70 7.20 7.98 7.52 7.45 4.33 4.81 4.98 4.76 6.58 8.12 7.71 6.62 5.56 5.04 4.89 4.61 4.66 1.99 2.10 2.07 1.77 1.15 2.25 2.91 2.62 3.20 3.20 2.10
29.17 30.44 32.76 32.49 26.47 25.00 30.58 30.01 29.07 27.80 26.42 26.64 26.38 19.37 16.65 13.50 21.99 23.24 19.96 27.84 21.89 13.90 19.98 20.82 14.41 16.58 22.62 15.13 14.77 21.44 26.73 24.56 22.59 9.96 11.67 16.87 21.64 19.82 13.00 10.84 11.51 15.95 13.75 9.86 11.56 12.37 12.42 19.08 19.30 14.50 18.92 16.17 13.82 6.68 7.97 10.05 6.54 4.36 4.89 1.23 5.31 5.59 7.16 7.50 6.61 5.41 4.93 3.01 2.26 2.74 3.55 2.82 2.90 2.70 2.20 2.38 2.70 2.64 3.00 4.55 2.76
31.51 30.80 36.04 31.76 31.62 30.08 29.20 28.65 27.88 26.15 22.84 18.29 26.19 17.47 15.30 12.96 23.70 17.03 17.34 27.54 21.22 15.31 20.54 16.43 17.04 23.17 23.45 21.50 23.83 23.87 25.11 25.41 15.62 11.55 16.83 21.41 19.70 19.77 13.25 8.19 11.55 18.85 14.57 9.54 11.09 14.27 12.54 12.01 20.82 14.14 19.15 15.72 13.30 8.49 9.47 6.91 10.72 10.64 7.74 10.57 4.79 4.77 5.95 6.78 6.63 5.68 5.22 5.44 1.89 1.76 2.96 2.91 2.40 2.47 2.78 2.67 2.44 3.02 2.60 2.80 3.07
31.63 32.48 32.07 32.17 30.63 29.00 27.98 28.20 27.72 18.13 18.50 20.22 20.17 27.50 16.29 13.26 29.49 22.39 24.03 24.70 22.86 17.12 16.92 17.12 24.61 26.81 23.40 23.67 24.73 22.77 23.59 25.62 14.84 14.78 21.24 16.25 21.70 16.10 13.85 8.75 9.79 17.99 17.67 7.41 10.52 12.33 19.99 15.67 20.72 15.51 16.53 15.94 14.45 8.92 8.58 7.13 10.80 12.39 8.42 7.74 0.49 4.35 4.68 5.51 6.18 5.94 5.60 3.41 5.14 1.57 3.13 3.25 2.89 2.64 3.50 3.83 2.18 2.77 3.25 1.44 2.44
32.87 32.90 32.40 32.12 30.10 28.97 27.56 29.14 31.69 20.49 22.46 24.05 22.62 29.13 17.47 14.12 29.29 23.59 24.84 24.66 21.95 17.88 16.26 24.79 32.89 26.19 23.67 24.97 25.01 21.12 21.57 25.93 15.90 20.84 23.07 15.66 21.16 17.55 12.67 8.61 14.60 18.17 16.19 8.35 10.28 11.90 15.32 12.44 19.61 14.78 14.41 15.64 12.69 9.04 9.37 8.14 12.15 9.00 5.73 5.36 9.63 3.98 3.35 4.13 5.38 3.35 3.53 3.62 2.45 2.02 3.90 4.15 3.99 3.31 3.94 3.15 2.90 3.05 4.02 2.47 2.17
33.56 33.00 31.95 31.53 30.16 27.80 31.77 30.32 27.96 22.38 24.33 24.32 21.42 29.03 16.97 14.55 27.36 22.16 24.62 22.40 16.42 17.87 19.23 19.89 17.63 28.13 26.16 24.99 24.57 20.66 16.55 25.78 22.42 22.76 24.78 9.22 20.51 16.94 6.89 6.88 18.41 20.06 14.62 9.48 7.08 11.28 10.29 18.90 19.53 16.26 14.42 16.79 14.15 8.38 8.68 9.14 14.14 12.75 8.67 8.31 8.05 1.81 3.03 3.06 4.62 2.93 5.14 2.91 4.71 3.73 2.77 2.92 4.25 3.76 4.19 2.84 3.71 3.94 4.10 1.46 3.57
32.75 33.11 32.14 31.12 30.19 33.17 31.22 29.69 31.85 21.49 27.11 19.92 28.23 17.51 15.30 24.15 18.01 15.67 21.50 16.62 18.46 20.57 29.71 19.62 16.54 28.64 25.88 23.21 24.61 21.71 20.08 25.27 25.52 20.64 25.53 15.27 7.23 16.62 5.03 7.50 15.51 20.66 18.08 10.20 10.28 10.65 8.51 9.56 20.73 21.38 15.95 17.92 16.02 6.66 12.41 11.70 8.66 14.26 6.25 8.33 4.23 8.33 3.16 2.09 3.44 4.55 4.92 4.55 4.49 4.12 3.52 3.17 2.76 3.05 4.15 4.09 3.00 3.53 4.20 4.18 3.78
33.08 31.93 31.91 32.45 31.24 26.31 24.43 33.27 31.14 26.54 19.20 36.77 17.55 17.40 14.84 25.56 16.16 17.11 17.74 19.55 21.67 27.35 21.58 18.07 15.00 28.53 24.96 19.22 23.82 24.94 20.54 24.21 25.46 18.58 23.35 15.33 13.05 15.85 4.78 9.49 17.61 13.73 20.15 17.33 9.50 8.23 7.07 12.36 14.24 14.07 20.06 15.82 17.36 10.30 12.42 10.74 7.12 4.69 2.87 4.18 3.13 3.17 3.40 9.64 2.21 3.13 4.54 4.43 4.32 4.03 3.59 3.59 3.40 2.94 2.84 4.29 2.25 3.33 3.39 3.95 3.76
33.90 30.00 31.94 22.55 32.50 26.34 26.25 26.27 32.20 33.60 19.15 18.64 19.52 18.02 15.95 21.57 17.70 18.37 20.39 22.76 28.73 30.90 20.57 16.82 14.17 30.23 21.93 14.62 24.15 28.68 20.12 20.90 20.80 21.86 22.63 21.08 17.84 6.70 6.38 16.39 16.95 8.79 16.97 19.77 19.72 11.22 6.00 11.49 15.05 14.81 11.69 16.88 17.27 10.66 13.44 10.82 6.75 4.64 4.23 3.67 2.75 2.63 2.62 2.29 5.19 1.50 3.51 4.39 4.09 3.93 3.52 3.23 3.53 3.41 3.03 2.47 2.33 3.36 4.24 3.89 2.72
33.63 29.90 32.06 32.32 34.21 27.22 27.84 22.49 31.12 31.37 19.25 19.66 20.57 18.20 16.72 22.28 18.67 20.08 22.17 32.16 32.13 21.72 18.97 15.33 13.02 29.82 15.73 13.62 26.39 27.03 21.32 15.90 21.13 23.43 23.13 16.77 17.57 4.04 7.69 18.39 13.23 10.46 10.73 17.52 18.39 15.69 6.10 11.44 15.91 19.97 16.21 8.34 7.87 13.65 14.70 10.28 7.35 6.33 5.38 4.46 11.08 2.52 1.66 1.26 0.99 0.86 2.39 6.35 3.88 4.11 3.62 2.95 5.21 3.50 3.46 3.18 5.52 3.17 5.18 3.66 2.92
30.51 29.24 32.62 32.46 29.74 28.83 26.24 22.13 32.03 31.63 19.09 20.80 21.47 18.71 29.05 18.83 20.63 22.22 22.74 35.85 34.27 20.75 17.64 14.56 29.29 25.60 16.58 17.17 25.83 21.69 19.44 16.35 25.10 22.14 17.79 19.84 7.09 4.67 14.60 15.87 8.89 17.58 17.47 17.75 18.23 17.67 9.74 11.82 15.85 16.66 21.24 18.95 12.74 16.16 13.63 9.25 7.95 8.38 7.92 5.81 4.59 8.84 1.55 0.15 0.25 6.67 1.73 4.90 3.68 3.75 3.68 2.96 5.48 4.35 2.39 3.66 3.22 5.30 5.35 3.05 2.75
33.18 29.15 33.38 32.74 28.48 29.50 22.48 22.17 33.78 26.54 20.13 22.69 33.83 20.58 20.56 21.70 22.71 23.04 30.04 33.73 22.34 19.91 16.50 14.50 13.59 25.88 21.50 21.34 23.05 21.01 23.99 18.20 24.79 20.65 18.17 16.57 8.27 8.25 15.30 7.81 10.82 11.85 18.89 18.36 15.71 19.05 13.26 11.91 15.36 13.92 21.51 14.18 16.74 16.28 13.19 10.51 9.07 8.65 7.91 6.91 6.08 8.06 3.68 7.30 0.35 1.52 3.61 4.55 4.75 3.59 3.73 3.38 4.09 5.16 4.48 4.02 3.89 5.93 5.91 2.46 6.10
34.23 30.78 32.61 29.50 29.82 29.86 27.73 28.19 33.56 20.28 21.88 24.16 23.19 34.77 29.02 22.96 33.29 33.87 35.51 35.88 21.79 18.69 15.25 13.35 22.52 23.93 21.20 20.94 23.41 19.59 25.18 18.26 22.79 22.95 17.62 11.36 10.54 10.78 5.87 8.39 11.53 10.80 7.84 9.73 13.12 16.70 10.69 5.31 14.59 16.48 20.92 15.88 17.24 16.08 14.01 12.29 10.09 10.08 9.18 8.17 7.46 9.24 5.60 4.57 13.80 11.24 5.36 4.60 4.71 5.15 4.26 3.84 2.00 3.07 5.55 4.12 4.57 5.69 3.89 3.61 5.03
35.12 32.31 30.24 28.46 33.59 31.17 28.26 30.00 29.29 21.23 23.14 24.53 22.55 36.73 35.00 32.73 32.15 36.18 22.13 21.95 20.40 17.01 14.14 12.11 28.62 18.45 20.78 20.35 21.81 23.78 24.05 9.01 19.76 18.16 19.38 11.82 15.19 14.34 6.47 9.38 11.29 9.14 6.51 6.89 11.73 16.42 14.69 12.00 14.08 16.48 17.98 21.06 23.69 15.89 14.49 13.51 12.34 9.74 10.73 9.91 8.46 7.17 6.74 5.84 10.15 14.03 7.04 5.58 5.72 5.97 2.81 5.85 4.65 3.86 5.00 5.84 5.81 6.42 3.02 3.11 2.50
36.27 30.90 28.47 30.38 34.39 29.94 23.28 22.77 22.37 22.68 24.16 24.72 22.47 39.36 36.21 34.33 32.73 35.08 22.06 21.52 18.95 15.09 12.46 22.20 26.28 22.53 20.41 19.68 21.18 22.72 15.34 11.30 21.90 8.91 22.03 15.03 17.60 14.06 8.91 9.27 10.53 8.67 7.00 6.38 5.45 16.03 12.17 12.18 8.17 11.48 15.22 20.59 18.31 15.56 15.04 14.88 13.60 12.12 11.83 10.55 11.31 9.29 8.06 6.75 10.90 2.26 7.48 6.18 6.10 5.46 6.04 4.44 4.20 3.45 2.84 4.58 4.23 6.06 6.76 3.82 3.18
35.98 29.68 29.93 34.97 34.10 35.08 30.79 30.12 23.37 23.84 24.94 25.11 22.97 33.26 39.27 33.56 33.70 21.75 21.14 20.06 16.73 13.49 10.96 30.08 25.38 20.33 14.97 15.00 20.55 18.66 15.17 16.01 22.82 8.83 18.13 15.51 17.62 16.19 7.38 9.15 10.48 9.84 8.54 6.66 4.70 12.35 12.21 10.26 8.12 16.57 12.82 18.93 17.25 20.69 11.79 16.18 14.26 12.39 13.09 11.76 10.93 9.93 10.22 8.24 11.19 13.99 9.35 7.65 7.34 6.33 5.52 5.20 5.81 7.40 3.14 3.43 3.53 3.25 2.90 4.11 3.83
29.90 28.87 35.36 36.63 32.45 34.21 32.40 30.81 23.29 23.78 24.77 34.14 23.21 21.52 38.82 31.80 35.17 20.48 19.61 17.96 14.74 12.36 10.69 27.71 19.73 11.47 12.49 13.78 21.79 19.22 11.36 18.60 21.76 9.17 6.71 19.21 16.69 15.64 7.97 9.08 10.30 14.45 10.16 9.29 4.69 14.64 15.45 8.14 6.79 9.00 11.43 16.51 17.25 15.61 13.36 16.51 13.80 13.03 11.11 12.21 13.80 10.25 10.37 11.95 13.01 11.99 13.03 9.68 10.31 9.20 6.21 6.72 6.13 5.99 5.12 7.23 6.40 4.28 4.14 3.08 3.83
28.67 27.94 35.35 36.44 31.71 32.46 31.45 30.87 23.32 23.75 25.07 35.35 23.74 21.55 39.51 22.25 36.40 19.76 18.26 16.51 13.82 11.44 31.91 22.10 12.29 13.00 14.00 22.21 22.46 21.60 20.78 22.23 23.39 19.04 6.01 17.28 12.76 13.63 7.88 8.86 9.41 5.46 10.45 10.51 6.09 14.58 17.12 4.44 15.29 16.26 10.29 15.27 17.46 16.31 16.21 12.83 15.63 13.56 13.74 13.25 14.49 16.61 10.69 11.96 11.63 12.01 15.14 13.12 13.45 12.51 12.35 7.65 0.13 0.48 1.55 6.65 6.43 6.42 6.45 4.22 3.44
26.53 26.76 34.25 35.50 32.04 31.97 31.30 33.19 23.58 24.46 26.13 25.81 22.46 20.97 21.90 34.98 36.10 19.15 17.23 15.47 13.08 11.32 28.62 21.90 12.96 14.07 22.73 24.55 23.35 19.87 23.11 25.08 22.02 21.11 14.21 17.95 11.10 12.84 7.68 4.17 4.10 9.92 10.03 13.69 8.90 15.00 5.68 13.75 14.70 15.65 17.52 18.17 23.39 22.03 19.00 14.61 13.08 14.34 13.41 13.39 13.88 12.90 15.22 12.70 13.62 6.28 13.50 8.88 9.72 9.58 8.54 11.64 1.08 1.32 7.54 5.78 6.36 6.33 5.82 6.28 6.31
31.29 25.69 33.84 36.71 36.57 36.93 31.21 31.43 34.34 23.34 24.72 38.56 20.46 35.93 20.48 38.22 20.17 34.91 16.78 15.16 13.08 25.32 26.66 13.97 13.94 14.45 27.68 26.57 21.49 21.69 26.47 24.43 24.15 22.47 16.85 15.68 11.83 5.90 4.11 8.44 5.84 12.55 9.05 8.93 9.24 6.85 5.20 5.85 14.22 15.61 17.59 17.90 22.83 17.36 17.31 21.64 15.49 15.70 13.93 11.83 12.99 15.08 13.13 13.62 16.67 7.60 5.94 14.96 10.46 10.37 9.32 12.51 1.69 2.22 6.57 5.76 8.63 7.67 7.48 5.18 5.40
31.00 24.42 25.17 24.80 34.70 37.09 29.38 21.42 32.12 21.55 35.86 36.54 19.51 35.43 34.08 36.28 34.35 27.20 16.80 15.50 14.33 25.81 24.34 23.95 14.05 14.27 27.17 26.19 26.05 23.30 23.06 19.18 23.04 20.50 15.79 6.43 4.27 4.87 6.53 8.19 8.21 7.86 8.53 8.71 8.03 4.61 5.35 12.89 14.11 15.70 17.66 15.67 21.47 18.50 17.71 16.48 18.88 22.18 15.89 13.76 13.45 13.64 15.45 16.27 15.63 14.58 13.46 9.82 15.72 10.52 9.59 13.63 3.15 3.44 7.08 8.35 7.65 5.24 3.95 4.04 3.83
23.82 25.19 25.72 24.20 38.02 36.87 29.14 21.15 21.17 21.58 22.00 36.14 35.22 33.22 34.08 35.30 32.56 31.52 16.48 15.63 14.77 23.03 27.64 25.49 13.60 14.70 26.21 27.17 26.35 27.43 24.46 21.42 21.81 15.61 5.28 5.01 4.83 4.84 6.69 8.89 8.46 7.55 8.27 8.53 7.94 8.97 10.97 12.40 13.95 15.56 17.11 16.74 22.23 19.46 18.60 17.00 22.07 15.34 19.82 17.08 14.54 17.04 20.54 10.45 9.71 16.81 18.32 15.20 17.32 11.97 11.28 14.23 4.81 8.74 8.95 7.66 3.26 8.50 7.69 4.60 4.37
27.32 25.20 36.98 22.86 36.47 34.78 20.90 25.36 21.77 25.03 33.75 34.39 32.95 33.68 33.14 34.04 35.73 31.56 17.01 15.39 13.46 31.29 26.20 13.41 14.69 16.09 27.85 25.04 11.13 22.98 8.15 21.99 17.67 12.86 6.26 5.87 5.95 6.35 8.26 9.94 8.75 7.37 7.44 7.43 7.73 8.90 10.35 11.74 13.49 15.33 16.78 17.70 18.73 19.55 19.03 17.83 16.85 15.96 15.33 14.99 19.38 17.67 19.76 11.62 10.19 8.55 7.62 14.97 14.75 13.91 12.47 12.56 11.27 10.56 10.68 10.56 3.88 4.33 4.74 7.06 4.11
23.83 23.95 36.66 34.85 35.12 33.90 20.75 26.37 26.87 30.78 31.26 36.75 33.86 32.70 34.07 32.36 35.27 30.83 17.92 15.35 13.39 25.39 14.11 15.33 17.36 17.26 30.62 25.84 26.99 17.93 16.77 18.45 15.63 8.09 7.82 7.76 7.55 7.46 8.68 9.60 8.29 7.20 6.90 6.60 7.52 9.08 10.05 11.12 13.06 15.17 16.89 18.32 19.18 19.28 19.04 18.65 17.89 16.73 15.80 15.07 22.24 18.81 13.93 12.78 17.60 9.65 8.50 8.13 7.99 15.05 14.20 13.81 11.62 13.04 13.30 10.64 4.57 4.23 4.42 7.50 4.86
24.77 23.89 36.48 34.80 33.47 29.58 27.96 21.67 28.73 33.10 21.73 33.34 32.83 35.68 19.94 35.93 32.19 33.04 17.61 30.06 14.92 15.98 16.86 18.01 18.66 30.83 14.21 28.52 18.98 12.76 18.39 10.96 10.48 10.10 9.91 9.49 8.74 8.23 8.61 8.99 8.23 7.54 7.04 6.66 7.56 9.09 10.01 11.00 12.97 15.28 17.33 18.85 19.26 19.16 19.46 19.59 18.75 17.38 16.42 15.81 15.38 15.23 14.75 13.69 12.54 11.31 9.96 9.27 9.08 8.77 8.79 8.88 8.40 12.97 10.62 12.76 11.47 4.20 3.93 10.69 5.36
25.99 24.32 22.22 33.53 34.85 20.73 27.62 22.33 22.36 22.77 32.73 28.05 33.23 34.77 21.06 20.68 37.28 31.10 30.27 29.29 16.83 18.64 19.94 19.89 28.98 31.00 28.68 15.09 23.43 23.48 19.33 11.55 11.31 10.99 10.46 9.65 8.88 8.30 8.15 8.42 8.70 8.61 7.80 7.24 7.78 8.75 9.76 11.06 12.86 15.60 18.39 19.53 19.26 19.52 20.57 20.82 19.66 18.11 17.19 16.78 16.11 15.58 15.18 14.67 14.02 12.93 11.68 10.97 10.77 15.98 10.64 10.20 9.06 14.44 13.10 14.71 12.30 4.68 4.21 11.31 10.03
24.11 33.60 21.34 33.41 27.42 22.12 33.99 22.22 22.68 35.69 34.47 23.14 33.84 37.33 22.69 34.51 36.02 35.71 31.85 18.95 19.63 23.95 20.08 18.50 16.41 30.47 25.45 25.14 27.86 26.11 20.36 21.60 11.48 11.45 11.06 10.26 9.10 7.44 5.82 7.38 10.52 10.80 8.82 7.52 7.61 8.31 9.45 10.82 12.71 16.39 19.71 19.84 19.27 20.64 22.30 22.11 20.53 18.97 18.19 17.71 16.79 16.02 15.77 15.70 15.48 14.57 13.32 12.54 12.28 12.01 11.50 10.32 15.14 13.41 12.63 12.40 13.62 12.47 5.36 4.98 11.52
21.14 31.46 20.19 34.56 20.02 26.97 34.91 26.41 38.09 22.21 22.58 25.10 34.75 24.55 33.92 21.30 32.00 31.96 31.86 19.80 19.86 19.45 17.43 34.21 27.09 25.23 24.40 28.37 29.33 25.77 12.49 12.64 12.69 12.60 12.31 11.44 9.89 8.10 6.87 9.92 15.16 13.62 9.65 7.73 7.69 8.54 9.49 10.37 12.91 17.70 20.42 19.49 19.50 22.43 24.29 23.24 21.24 19.81 19.11 18.55 17.58 16.90 16.84 22.14 16.81 15.84 14.45 13.74 13.56 12.92 11.67 10.17 8.94 8.27 7.76 12.21 12.60 12.61 6.54 5.08 10.00
22.18 21.44 19.42 30.53 20.84 32.44 33.05 22.50 22.22 38.25 21.36 35.20 33.24 36.02 37.23 35.94 31.20 31.21 30.90 34.64 17.78 16.66 15.25 15.58 17.24 17.68 26.93 29.59 29.07 23.54 14.04 14.07 13.69 13.08 12.55 11.93 11.62 12.46 14.94 18.75 18.86 13.55 9.32 7.82 8.15 9.08 9.51 10.26 13.46 18.32 20.63 20.02 20.97 24.50 25.95 24.00 21.61 20.31 19.87 19.48 18.73 18.18 17.98 17.93 17.66 16.57 15.24 14.96 14.89 13.77 12.10 10.65 15.45 14.63 13.39 12.25 12.60 12.91 13.79 11.32 11.60
21.75 20.74 19.98 20.19 21.87 29.62 22.64 32.76 34.53 34.69 20.40 36.87 36.14 36.91 35.16 28.31 20.70 34.12 32.37 30.90 16.88 26.23 17.67 17.71 19.01 18.08 26.98 30.14 25.99 15.92 15.76 14.94 13.86 13.04 12.53 12.47 13.50 15.82 18.29 18.64 14.15 8.63 6.86 6.68 7.71 8.79 9.19 10.40 13.68 17.99 20.86 21.61 23.27 26.35 26.94 24.31 21.58 20.58 20.80 20.84 20.22 19.26 18.56 18.53 18.51 17.53 23.00 22.20 21.69 20.85 18.71 17.10 15.88 15.58 14.86 14.35 13.81 12.64 12.99 12.45 9.71
21.45 21.26 21.53 21.41 30.53 22.34 38.73 35.62 31.79 20.75 21.71 27.54 22.21 35.72 34.54 28.50 21.61 33.83 20.87 28.85 27.64 16.83 13.82 17.26 27.26 25.74 27.65 29.81 23.01 16.64 25.95 24.85 13.94 13.44 13.04 12.99 13.35 13.74 13.30 11.31 7.72 5.04 5.10 6.03 7.48 8.61 9.36 10.85 13.87 17.74 20.73 22.56 25.06 27.91 27.77 24.53 21.52 20.88 22.04 22.81 21.91 20.23 24.36 19.66 19.85 24.53 24.07 23.28 23.22 22.06 20.18 18.30 16.19 16.40 16.25 15.21 14.50 15.22 13.31 12.80 11.11
20.44 20.00 19.38 19.41 20.94 30.22 22.06 34.96 33.02 21.59 23.10 24.63 31.95 37.27 23.53 33.08 33.81 34.86 20.99 33.34 18.54 15.23 16.55 20.72 30.84 25.14 27.98 31.68 25.84 25.45 31.20 26.21 14.10 13.85 13.44 12.86 11.66 10.29 9.39 8.55 7.37 6.23 6.03 6.82 8.11 9.24 10.36 11.78 14.34 17.57 19.76 22.18 26.24 29.65 29.24 25.13 21.29 21.26 23.66 24.91 23.60 21.36 20.53 20.99 20.93 25.87 24.82 24.67 18.16 16.25 21.16 19.51 18.65 17.33 16.17 15.22 14.50 14.28 14.18 15.50 13.08
18.69 18.05 18.12 18.96 19.09 19.90 37.55 20.62 21.60 23.99 24.30 26.16 25.40 35.11 25.64 25.33 34.53 34.83 20.41 33.59 27.28 20.08 20.78 32.18 33.33 19.16 23.98 19.02 26.87 25.50 15.75 15.20 14.63 14.08 13.42 12.27 10.71 10.08 10.46 10.33 9.57 8.30 7.55 7.97 9.09 10.27 11.39 12.72 14.83 17.26 18.63 20.76 25.72 31.21 32.06 26.13 20.72 22.13 25.48 26.76 25.29 22.52 21.27 21.38 26.96 26.77 26.82 18.85 17.51 15.63 13.49 20.26 19.32 18.33 16.59 15.50 15.13 14.43 13.40 13.02 12.21
18.09 18.53 19.86 20.83 20.89 22.29 23.83 22.35 35.03 22.98 27.68 25.49 38.96 27.74 25.37 23.43 35.86 35.07 20.62 33.99 27.58 22.80 24.82 20.73 20.33 24.53 20.27 18.82 28.61 17.07 16.61 16.18 15.36 14.25 13.04 11.74 10.96 11.60 12.52 11.99 10.54 8.99 8.39 8.86 9.87 11.04 12.14 13.68 15.78 17.64 18.56 19.32 23.27 31.30 34.81 28.05 21.56 23.59 27.15 28.34 26.53 22.70 20.55 20.64 21.05 20.73 19.61 18.22 16.72 14.82 12.78 11.27 10.41 18.52 17.34 16.35 14.80 14.67 13.18 12.27 14.23
18.31 19.87 21.45 22.52 23.33 24.78 25.47 24.33 23.51 23.35 28.28 39.03 37.04 23.51 41.60 35.28 21.67 21.13 20.99 19.16 22.01 19.15 21.17 32.01 21.02 20.51 32.27 33.78 17.58 17.91 17.42 16.59 15.26 13.85 12.88 12.47 15.82 11.84 10.59 12.70 10.50 9.26 9.30 9.86 10.70 11.98 13.24 14.77 16.82 18.47 18.97 18.50 22.14 32.15 35.93 28.68 22.51 24.63 28.47 29.13 26.23 21.27 18.73 20.00 21.96 21.78 27.99 26.26 25.42 23.83 22.61 21.17 19.98 18.91 18.09 16.70 15.91 16.04 15.28 15.26 14.23
