examples/cougarCreek-fire/createInputs/farsite/7a-cougarCreek-polygonIgnit/cougarCreekFire_08-12-2015_1600_217m_non_neutral_stability_vel.asc
ncols	146
nrows	140
xllcorner	610065.000000
yllcorner	5095217.000000
cellsize	216.586807
NODATA_value	-9999.000000
[rows 72 to 107 of 140, columns 0 to 79 of 146]
4.53 4.66 4.86 5.03 8.26 11.71 11.20 8.67 10.99 11.57 11.47 11.77 10.97 7.47 7.28 5.49 5.40 5.51 7.74 5.89 6.18 6.70 7.44 6.96 7.21 6.64 7.81 11.01 10.69 8.65 10.53 14.55 14.90 12.66 10.08 11.97 15.34 14.97 13.25 13.29 16.34 18.45 18.73 18.00 28.63 23.11 20.43 23.51 20.64 19.19 20.04 17.54 20.19 17.92 18.19 17.95 16.71 12.74 8.79 10.17 18.04 24.47 24.81 24.20 23.29 19.89 25.75 17.63 16.86 19.43 17.58 20.12 22.77 23.56 22.43 20.53 17.87 18.23 17.14 17.77
4.60 4.70 4.83 4.99 8.68 11.06 11.03 9.08 11.80 11.92 11.45 11.59 10.83 5.81 8.21 5.45 5.38 5.42 5.58 5.76 6.00 6.47 7.17 7.86 7.04 6.57 9.13 9.65 6.99 9.21 12.54 14.45 14.31 10.49 9.40 11.89 14.83 16.93 12.63 12.61 15.31 18.34 17.74 16.09 24.33 24.38 24.14 19.47 19.65 19.76 20.59 17.86 20.11 17.75 20.35 18.46 17.66 15.28 11.15 9.39 13.26 20.37 22.34 23.93 23.06 22.39 20.69 23.11 23.59 23.15 23.30 23.30 23.21 23.47 22.42 19.88 17.51 17.58 16.45 15.93
4.54 4.66 4.77 4.91 8.79 10.75 10.76 11.03 11.76 11.77 11.49 11.42 5.68 11.64 5.36 5.31 5.27 5.30 5.48 5.61 5.82 6.27 6.85 6.27 7.02 6.42 9.46 6.49 7.57 10.61 13.44 14.08 13.05 9.60 9.14 12.60 14.37 16.07 12.02 10.93 13.75 18.28 17.06 15.21 21.58 24.49 22.20 19.51 18.66 18.76 19.45 21.45 20.41 17.30 18.50 21.94 18.19 16.86 13.63 10.84 11.39 16.28 21.40 21.94 23.61 22.33 21.03 20.38 19.61 17.43 17.22 19.58 19.38 19.08 20.30 19.03 17.61 17.27 16.45 15.20
4.50 4.63 4.76 8.10 9.20 9.27 9.08 10.95 11.62 11.38 9.09 10.61 11.46 11.81 5.24 5.23 5.21 5.29 5.42 10.75 5.71 6.13 6.51 6.75 5.62 6.83 8.53 7.47 9.67 10.40 13.38 13.33 9.44 9.37 10.22 13.96 13.73 13.94 11.99 11.05 13.16 18.36 17.78 17.16 19.10 22.19 21.61 24.25 18.36 17.77 19.13 18.20 19.48 17.39 17.99 18.18 20.62 17.65 15.58 13.02 11.75 13.94 18.79 19.78 23.09 20.86 21.04 19.30 18.85 17.43 17.51 18.62 18.51 18.53 18.49 18.66 18.11 16.60 16.68 16.16
4.49 4.62 4.74 8.71 9.18 9.24 8.74 9.20 11.38 8.54 5.72 5.79 5.57 11.91 5.25 5.20 5.18 5.26 9.03 5.41 5.66 5.95 6.25 6.63 6.56 8.46 7.67 8.56 10.32 10.22 12.08 12.23 8.68 8.74 13.40 13.55 13.16 12.40 12.33 11.24 13.70 17.52 17.53 15.71 17.29 19.85 25.37 19.87 18.22 17.30 18.58 17.95 17.41 17.50 17.79 17.21 20.69 17.55 16.49 14.66 13.00 13.57 16.51 19.32 19.45 21.73 20.32 20.15 19.22 18.58 15.52 15.78 17.10 18.01 16.88 15.88 18.46 16.60 15.73 17.89
4.48 4.60 4.70 9.01 9.11 8.38 8.22 9.46 9.17 7.66 5.87 7.63 5.83 5.56 5.35 5.21 5.17 5.20 5.26 5.37 5.58 5.81 6.16 7.01 9.04 8.13 7.90 9.01 9.94 8.98 10.18 12.33 8.43 10.35 13.11 13.18 11.79 11.84 11.72 10.96 14.57 15.88 16.13 15.90 16.28 17.90 20.38 20.57 18.33 16.93 18.24 17.68 17.30 17.51 17.74 17.05 20.71 17.46 17.04 15.72 16.20 14.01 15.47 17.59 18.01 20.33 19.00 19.55 21.15 18.87 17.37 15.68 15.39 16.96 17.53 17.86 17.64 16.64 14.46 16.61
4.45 4.56 4.67 9.28 8.83 5.02 8.58 11.08 8.90 8.07 8.28 11.74 5.67 5.49 5.33 5.20 5.14 5.17 5.24 5.32 5.50 5.77 6.16 9.40 11.47 8.87 8.82 9.19 9.51 8.19 8.59 12.85 10.81 12.25 11.80 11.32 11.37 11.24 9.49 9.38 15.05 15.34 15.00 15.25 15.18 16.39 18.45 21.45 18.94 16.99 16.89 17.48 16.96 17.31 17.92 18.03 20.79 19.51 19.70 16.75 14.69 13.93 14.73 16.32 18.52 20.04 20.07 20.01 21.23 17.33 16.36 16.13 17.46 17.18 17.08 17.39 14.60 14.55 20.77 17.40
4.45 4.56 4.66 9.01 9.06 4.95 8.75 9.50 8.96 8.59 8.67 11.15 11.33 5.29 5.21 5.11 5.10 5.17 5.21 5.30 5.52 5.78 9.89 6.17 6.12 9.15 8.85 8.57 9.52 8.55 8.58 13.00 12.30 11.43 11.48 10.66 10.91 10.83 7.88 9.67 14.49 14.98 14.86 14.50 14.62 15.72 16.51 17.96 21.40 17.86 16.58 17.26 16.38 16.69 18.11 15.67 17.03 19.36 17.30 17.50 15.97 14.40 13.98 14.64 17.01 16.99 22.19 21.35 21.66 17.77 17.19 16.79 16.38 17.78 15.27 14.25 17.00 17.30 21.45 19.37
4.43 4.53 4.63 9.36 8.98 4.89 4.99 9.18 9.13 8.95 9.30 10.85 8.43 5.23 5.15 5.09 5.14 5.17 5.20 5.36 5.60 5.80 9.33 5.94 11.71 9.63 8.67 6.81 9.56 8.64 9.37 12.05 11.81 9.33 11.17 9.91 10.30 10.35 8.82 11.67 13.41 13.67 14.91 14.42 14.51 14.90 14.81 15.58 16.75 18.13 16.93 16.88 15.93 16.13 17.96 18.69 17.08 20.29 14.94 17.94 17.12 15.94 14.74 17.19 14.90 18.13 21.71 22.07 21.11 20.75 19.95 19.81 17.22 16.52 18.21 16.18 16.15 16.86 16.23 19.01
4.42 4.51 4.59 8.89 4.77 4.87 4.98 8.61 9.46 9.67 9.67 8.52 8.60 5.17 5.12 5.11 5.11 5.13 5.24 5.43 5.56 10.90 5.78 5.75 9.86 8.64 6.22 6.62 8.69 12.12 8.23 9.59 9.42 10.47 10.61 11.11 10.58 8.95 8.15 12.20 12.53 13.29 13.71 15.06 15.12 13.95 13.34 16.21 16.05 18.39 17.02 16.43 15.52 15.99 17.36 17.72 21.96 16.40 14.13 16.89 18.04 17.27 16.16 14.52 12.94 16.14 16.71 21.60 20.92 20.52 21.84 19.37 19.87 17.34 16.66 16.00 15.57 16.14 15.39 17.91
4.40 4.48 4.54 9.39 4.72 4.81 4.91 8.46 9.72 10.95 9.71 5.23 8.75 5.08 5.05 5.06 5.07 5.14 5.25 5.35 9.60 11.93 5.57 5.59 9.42 10.00 6.04 6.43 11.19 12.05 8.22 8.41 9.36 11.66 9.99 10.57 9.65 7.42 9.91 11.52 11.98 12.62 12.50 14.51 15.29 13.93 12.27 14.82 11.96 17.58 17.14 16.16 15.38 16.08 16.19 15.70 16.19 20.37 14.43 15.24 19.35 18.41 17.45 15.97 14.12 14.32 17.28 19.35 20.51 18.88 19.69 18.67 15.93 20.94 17.25 20.03 15.82 15.62 16.12 16.49
4.39 4.46 4.51 4.60 4.67 4.73 4.82 8.34 9.41 10.96 8.83 5.16 10.66 5.02 9.70 4.99 5.08 5.17 5.20 9.74 10.66 9.08 5.46 5.47 9.70 5.74 5.98 6.20 10.87 9.64 8.97 8.60 9.44 9.20 9.11 9.52 8.02 9.39 10.39 10.72 11.48 12.11 12.66 13.51 13.67 13.66 13.07 9.14 13.16 15.38 16.56 15.71 15.59 14.34 17.63 14.74 16.45 16.10 15.33 14.15 15.88 18.77 22.33 17.93 15.92 14.40 15.81 16.32 20.07 19.19 19.99 19.67 14.95 15.65 19.28 19.42 17.77 14.90 15.25 16.57
4.40 4.46 4.51 4.58 4.64 4.70 4.77 8.37 9.66 9.48 5.03 5.10 11.36 5.01 5.02 5.06 6.55 5.17 5.21 10.37 9.29 5.36 5.37 5.41 5.48 7.75 5.84 7.08 8.36 9.72 10.81 10.97 6.93 7.04 10.14 7.72 6.63 8.95 9.50 9.98 10.91 11.59 11.92 12.55 13.14 13.28 12.63 12.93 12.02 15.28 15.02 14.74 13.03 15.75 15.58 15.11 15.25 16.19 14.88 16.21 14.90 16.42 16.55 18.15 22.12 19.72 14.21 14.97 17.03 19.47 20.63 19.76 17.34 14.85 17.16 18.53 18.92 17.02 15.90 15.23
4.40 4.46 4.51 4.56 4.62 4.68 4.72 8.59 9.37 8.30 5.01 7.84 9.85 9.30 5.07 5.10 5.09 8.50 10.14 11.20 9.04 5.27 5.27 5.29 5.34 7.77 7.50 7.85 8.24 6.27 11.91 10.50 6.56 6.60 9.45 7.42 7.38 8.21 8.65 9.41 10.36 10.87 11.06 11.88 12.62 12.81 12.44 12.36 13.48 14.44 14.21 13.97 14.54 14.75 14.76 14.84 14.67 15.08 15.66 15.83 16.30 15.54 16.69 16.21 19.04 18.15 15.80 16.44 15.49 17.46 18.73 20.64 19.40 17.17 16.76 17.61 17.61 17.61 15.79 14.97
4.39 4.45 4.49 4.54 4.59 4.64 4.69 4.73 8.85 4.86 4.92 10.91 4.90 9.52 5.00 5.03 8.87 9.35 11.19 9.38 5.17 5.19 5.16 11.21 5.28 7.67 5.56 8.20 8.10 11.80 11.80 6.65 11.20 6.31 9.82 7.21 8.88 8.45 8.12 8.90 10.83 10.16 10.18 11.06 12.07 12.31 12.13 12.03 12.60 13.49 13.73 13.72 13.81 13.96 14.27 14.60 14.54 14.49 15.03 15.45 15.71 15.91 16.11 16.83 17.72 17.40 15.76 14.87 14.92 15.66 16.08 20.02 20.15 18.51 17.04 16.38 16.32 16.08 16.17 15.56
4.39 4.44 4.49 4.54 4.58 4.63 4.69 4.75 4.79 4.83 4.86 9.50 4.88 9.77 9.04 8.72 8.75 9.64 11.08 9.08 5.13 5.10 5.13 5.20 9.56 8.27 5.47 8.46 5.74 11.01 6.19 7.17 6.26 6.13 6.20 6.48 6.86 7.18 7.09 8.12 9.19 9.57 9.56 10.21 11.36 11.77 11.72 11.78 12.05 12.69 13.18 13.43 13.25 13.19 13.61 14.18 14.37 14.24 14.63 15.12 15.37 15.55 15.79 16.28 16.26 16.45 15.15 15.10 14.83 16.62 17.39 17.22 19.03 18.83 18.98 18.13 18.26 17.13 16.13 19.01
4.38 4.42 4.48 4.54 4.57 4.61 8.84 4.71 4.78 4.81 4.82 9.47 4.81 9.41 9.22 8.48 8.74 11.45 11.01 5.07 5.06 5.05 5.10 5.17 9.04 5.33 5.46 5.62 5.78 5.97 8.22 9.50 11.63 5.91 5.88 9.36 6.32 6.59 8.16 7.83 8.52 9.01 9.14 9.53 10.53 11.08 11.22 11.38 11.67 12.18 12.65 13.03 16.78 12.66 12.98 13.59 13.96 13.97 14.31 14.74 15.03 15.34 15.60 15.90 16.41 16.78 15.58 15.39 15.19 14.89 16.37 15.64 17.87 19.54 16.63 16.15 15.89 15.56 15.19 18.03
4.37 4.39 4.41 4.46 4.51 4.54 8.79 4.62 4.69 4.74 4.74 10.67 4.78 4.80 9.25 8.29 8.93 9.52 9.55 4.98 4.99 5.04 5.09 9.84 5.24 5.37 5.54 5.69 5.83 6.00 6.21 9.13 11.35 5.70 5.64 5.72 5.88 6.09 8.16 7.18 7.78 8.43 8.73 9.03 9.78 10.33 10.58 10.86 11.23 11.71 12.16 12.59 16.37 15.72 12.63 13.14 13.55 13.72 14.03 14.48 14.74 15.01 15.44 16.12 16.21 17.74 17.07 15.92 16.39 16.09 15.05 14.45 14.92 16.21 18.35 19.13 18.73 15.84 15.41 14.85
4.37 4.38 4.38 4.41 4.46 4.53 4.58 4.60 4.63 4.66 4.71 9.45 4.81 4.82 9.52 8.21 9.10 11.12 11.15 4.93 5.00 5.06 5.14 5.25 5.32 5.41 5.54 5.64 9.61 9.72 9.54 11.10 11.13 5.59 5.48 5.43 5.52 5.72 6.06 6.52 7.07 7.80 8.26 8.58 9.18 9.64 9.92 10.31 10.73 11.17 11.64 12.12 12.23 15.60 12.34 12.76 13.18 13.47 13.72 14.23 14.61 15.71 15.11 15.43 15.70 16.85 18.06 17.30 17.93 17.78 16.82 14.47 15.87 16.42 15.19 17.35 17.33 17.25 18.47 15.08
4.38 4.39 4.40 4.42 4.47 4.53 4.59 4.62 4.63 4.65 7.80 9.88 4.67 10.85 9.84 8.78 9.85 4.90 4.91 4.93 4.97 5.03 10.08 5.25 5.36 5.46 9.05 9.80 9.65 9.64 11.45 11.71 11.53 5.37 5.15 5.05 5.14 5.30 5.54 5.96 6.48 7.08 7.67 8.11 9.41 9.03 9.33 9.78 10.18 10.63 11.15 11.68 11.91 15.99 12.06 12.42 12.82 13.16 13.42 13.94 14.43 15.87 15.82 16.67 15.32 15.99 17.03 18.16 18.52 19.05 15.19 16.70 15.20 15.75 15.73 16.11 16.80 15.22 16.52 17.89
4.40 4.41 4.43 4.46 4.47 4.49 4.51 4.55 4.58 4.58 8.19 9.69 9.36 9.76 9.71 9.39 9.75 10.95 4.94 4.98 5.02 5.10 9.23 5.31 5.42 5.51 10.74 9.57 9.41 9.90 11.96 5.81 5.48 5.13 4.86 4.76 8.99 4.88 5.87 4.34 5.97 6.37 3.67 7.61 8.03 8.42 8.79 9.19 9.58 10.05 10.59 11.18 11.59 16.65 16.68 12.23 12.59 12.83 13.14 13.66 14.17 14.56 16.64 17.46 15.76 15.66 16.18 17.04 18.81 18.85 15.64 16.66 15.19 15.53 15.18 16.88 17.11 17.18 17.45 17.89
4.40 4.44 4.48 4.54 4.50 4.52 4.51 4.51 4.52 4.53 4.52 9.33 4.60 9.75 4.77 9.76 9.36 9.95 5.01 5.08 5.14 5.22 9.33 5.37 5.43 8.74 9.75 9.59 9.68 11.51 11.29 5.76 5.39 5.07 4.86 7.39 4.77 4.78 5.00 5.44 5.75 5.99 6.56 7.19 7.53 7.94 8.37 8.67 9.06 9.48 9.96 10.50 11.04 16.01 16.36 15.43 12.35 15.44 12.74 13.18 13.69 14.17 17.11 18.14 17.08 14.96 15.42 15.70 17.35 18.17 17.69 15.34 14.77 14.93 15.02 15.95 16.74 14.45 18.87 19.28
4.43 4.48 4.52 9.45 4.57 4.59 4.57 4.55 4.55 4.56 4.55 4.55 9.29 4.75 4.82 4.88 9.66 9.80 5.07 5.14 5.23 5.31 5.35 9.07 5.43 8.48 9.57 11.47 11.85 11.03 11.45 10.84 11.04 9.31 7.71 4.90 4.88 4.87 5.11 5.49 5.62 5.79 6.25 6.71 7.02 7.49 7.94 8.21 8.55 8.93 9.35 9.78 10.30 10.73 16.23 15.84 16.27 16.81 15.47 12.76 13.21 13.69 16.42 17.82 14.38 17.95 15.63 15.03 16.26 17.05 17.55 15.17 14.17 14.27 14.06 13.22 12.96 15.62 17.48 17.14
4.47 4.52 4.60 4.55 4.67 4.66 4.65 4.63 4.65 4.66 4.65 4.63 4.68 10.01 4.81 10.11 9.75 9.45 10.78 5.15 5.22 5.29 5.34 5.36 5.45 5.62 10.78 11.25 5.78 5.85 5.90 11.50 9.92 7.74 5.09 4.99 4.97 4.99 5.22 5.30 5.45 5.61 5.94 6.23 6.55 7.02 7.48 7.78 8.05 8.41 8.79 9.15 9.59 10.00 15.75 14.71 15.66 16.54 16.85 15.66 12.77 13.18 16.88 17.78 14.16 18.68 17.85 17.15 16.67 16.67 16.86 16.19 12.70 13.14 12.98 13.26 13.29 13.49 16.19 17.31
4.44 4.47 4.62 4.70 4.74 4.59 4.70 4.70 4.73 4.73 4.71 4.69 4.73 9.83 10.15 10.19 9.58 9.08 10.82 5.18 5.20 9.31 5.29 5.42 5.58 9.04 11.27 11.25 10.91 8.65 6.03 10.15 5.62 5.40 5.22 5.13 5.06 5.05 4.74 5.28 5.27 5.43 5.66 5.85 6.14 6.56 6.96 7.27 7.55 7.90 8.25 8.57 8.95 9.30 9.66 10.16 10.63 11.01 11.40 11.81 16.23 15.54 16.71 16.60 17.65 17.95 13.85 17.43 17.31 16.73 16.39 15.70 15.60 14.99 13.41 11.45 12.44 12.58 11.87 12.56
4.57 4.57 4.56 4.74 4.56 4.72 4.73 4.79 4.77 4.77 4.77 4.77 4.81 9.62 4.91 5.00 9.62 9.72 10.88 5.20 5.26 5.34 5.45 5.59 5.70 11.04 11.24 10.83 5.88 5.99 6.04 5.92 5.70 5.49 5.35 5.24 5.14 5.09 5.14 5.18 5.18 5.30 5.44 5.56 5.82 6.17 6.47 6.74 7.01 7.35 7.69 8.02 8.34 8.65 9.04 9.49 9.89 10.27 10.70 11.16 11.57 16.10 15.52 15.94 17.05 13.48 13.47 13.38 13.40 13.36 12.97 12.74 12.55 15.06 14.34 11.84 11.65 11.71 11.87 13.39
4.83 4.82 4.89 4.84 4.85 4.68 4.83 4.88 4.83 4.87 4.88 4.86 4.91 9.88 5.00 5.09 9.73 10.29 10.78 5.27 5.38 5.53 5.67 5.73 5.69 11.35 11.10 5.81 5.92 5.98 6.02 9.05 5.67 5.49 7.79 7.18 6.83 5.97 5.94 6.45 5.09 5.20 5.29 5.35 5.57 5.82 6.04 6.26 6.47 6.75 7.09 7.42 7.69 8.02 8.45 8.86 9.21 9.55 9.96 10.39 10.80 11.22 11.73 12.15 16.99 12.89 12.99 12.96 13.00 12.92 12.50 12.26 12.04 14.72 14.17 13.14 10.47 10.92 11.06 10.32
4.84 4.67 4.98 4.97 4.81 4.82 5.04 4.97 4.97 5.00 4.97 4.96 5.05 5.09 5.14 5.18 5.24 5.25 5.31 5.36 5.47 5.58 5.64 5.62 10.82 10.85 5.73 5.81 10.88 10.44 5.93 5.82 5.63 7.85 7.47 7.13 6.82 7.52 6.69 4.44 5.02 5.15 5.15 5.18 5.31 5.50 5.70 5.85 5.98 6.26 6.55 6.73 6.95 7.33 7.79 8.19 8.53 8.86 9.24 9.64 10.01 10.42 10.94 11.43 11.84 12.21 12.43 12.48 12.48 12.41 15.79 14.78 14.52 11.28 14.28 13.49 11.74 10.22 10.17 10.22
4.60 4.70 4.97 4.67 4.81 5.03 5.09 5.03 5.15 5.11 4.98 5.11 5.18 10.39 5.22 5.27 5.29 5.35 5.40 5.44 5.50 9.49 5.46 10.61 5.50 5.63 5.73 5.75 11.37 10.19 8.71 5.79 5.67 5.53 9.04 8.91 7.40 4.94 4.78 4.94 5.21 5.14 5.02 5.03 5.11 5.28 5.44 5.49 5.59 5.90 6.04 6.06 6.25 6.65 7.04 7.37 7.77 8.16 8.56 8.95 9.28 9.65 10.11 10.59 11.02 11.38 11.71 11.93 11.94 15.88 15.27 15.13 14.33 14.24 13.92 10.22 9.95 11.84 9.44 9.44
4.79 4.78 4.65 4.70 4.94 5.16 5.12 5.16 5.07 5.19 5.10 5.22 5.25 5.25 5.26 5.32 5.33 5.37 5.42 5.42 5.43 5.38 5.28 8.75 5.51 5.60 10.13 11.19 11.30 5.77 5.85 8.37 9.06 9.50 9.68 9.35 5.13 5.09 5.21 5.48 5.39 5.04 4.90 4.90 4.98 5.10 5.19 5.20 5.31 5.53 5.55 5.52 5.70 6.04 6.28 10.53 11.11 11.37 7.80 8.22 8.57 8.93 9.34 9.78 14.78 16.37 15.22 11.15 11.34 11.16 15.83 14.85 14.46 14.26 9.73 9.48 13.43 12.99 10.86 8.95
4.90 4.87 4.88 4.91 5.01 5.01 5.25 5.32 5.45 5.23 5.17 5.29 5.28 5.33 5.17 5.40 5.47 5.42 10.67 5.45 10.16 5.32 5.24 5.41 5.55 5.58 9.82 10.79 10.22 5.80 5.86 5.75 9.52 9.55 9.54 8.88 6.49 6.16 6.78 8.86 5.03 4.79 4.74 8.51 6.43 4.88 6.43 3.63 5.05 5.18 5.20 5.15 5.26 5.48 11.79 11.95 12.95 12.75 11.20 7.34 7.73 8.15 8.56 8.98 9.36 9.61 9.84 10.17 10.49 10.49 10.04 9.72 9.51 9.31 13.43 9.04 8.80 8.61 11.80 10.48
5.26 5.21 5.10 5.12 5.06 5.17 5.23 5.23 5.36 5.20 5.27 5.34 5.30 5.28 5.26 5.44 5.52 5.53 5.59 5.38 5.30 5.33 5.42 5.55 5.60 5.58 9.93 10.51 9.62 5.77 9.55 9.84 9.48 9.23 8.53 9.35 8.44 8.43 8.97 9.16 9.11 4.58 4.61 4.67 5.02 5.26 4.43 4.78 3.09 2.90 4.95 4.82 4.83 4.95 8.67 9.55 9.82 9.92 6.02 6.40 6.75 7.19 7.67 8.12 8.54 8.84 9.05 9.27 9.50 9.62 9.32 9.04 8.89 8.68 12.84 8.34 11.69 11.36 10.63 9.35
5.01 5.22 5.04 5.09 5.14 5.25 5.54 5.27 5.23 5.32 5.40 5.43 5.60 5.64 5.39 5.67 5.62 5.67 5.43 10.15 5.41 5.47 5.54 5.61 10.02 5.57 9.83 10.53 9.44 9.64 10.54 10.08 9.41 9.33 9.32 10.17 9.61 8.54 8.25 8.12 8.12 9.40 7.93 5.11 3.89 4.69 4.70 4.71 3.28 4.20 6.61 3.50 4.47 4.52 4.55 8.14 8.56 4.92 5.27 5.58 10.14 10.51 6.65 7.12 7.58 7.96 8.28 8.49 14.31 12.91 13.43 13.14 8.20 12.83 12.47 7.72 7.54 10.78 10.33 9.27
5.01 5.03 5.05 5.13 5.18 5.21 5.34 5.37 5.35 5.48 5.55 5.66 5.84 5.60 5.62 5.77 5.71 5.74 5.43 10.35 5.54 5.51 5.58 5.66 9.81 5.58 5.63 10.83 9.52 9.71 10.48 9.36 9.37 9.52 9.41 10.33 9.28 4.96 4.94 5.52 6.38 8.35 7.02 4.98 4.70 3.63 4.70 4.69 3.20 3.05 4.60 4.41 4.24 4.16 4.16 7.64 4.11 4.34 4.60 4.87 9.23 9.65 9.98 10.93 13.04 13.34 13.50 12.15 13.21 12.14 12.02 11.99 11.82 7.32 7.20 7.04 6.89 6.77 6.72 6.58
5.09 5.16 5.30 5.40 5.43 5.52 5.61 5.53 5.48 5.59 5.72 5.96 5.95 5.70 5.92 5.82 5.58 5.84 5.51 5.48 5.42 5.46 5.58 10.32 5.63 5.59 9.77 10.83 9.57 9.49 9.74 9.60 9.78 9.60 9.80 9.94 7.55 5.04 5.06 7.85 4.94 8.32 7.30 4.76 5.49 5.14 4.72 4.03 4.72 3.25 4.70 4.44 4.16 3.99 3.88 6.40 3.68 3.85 4.02 4.22 8.76 9.59 11.60 10.55 10.87 11.11 11.34 12.48 11.57 11.45 11.43 11.12 11.00 10.86 6.45 6.36 11.50 11.25 6.08 6.03
5.26 5.34 5.49 5.48 5.68 5.77 5.79 5.75 5.69 5.76 5.87 6.04 5.88 5.87 6.01 5.93 5.69 5.92 5.57 5.52 5.45 5.47 5.54 9.51 9.14 5.60 9.94 10.22 8.79 9.05 8.74 10.35 10.29 9.67 9.65 8.39 5.10 5.15 5.14 9.76 8.42 8.21 6.51 6.07 6.05 5.86 4.73 4.73 5.55 6.67 6.94 5.46 3.03 1.74 4.48 6.35 5.98 3.46 3.55 7.29 8.92 10.39 9.28 9.30 4.75 10.13 11.70 11.85 10.70 10.91 10.81 10.51 10.52 10.42 10.18 5.67 5.57 5.52 5.47 9.51
