examples/cougarCreek-fire/createInputs/farsite/7a-cougarCreek-polygonIgnit/cougarCreekFire_08-12-2015_0100_217m_non_neutral_stability_vel.asc
ncols	146
nrows	140
xllcorner	610065.000000
yllcorner	5095217.000000
cellsize	216.586807
NODATA_value	-9999.000000
[rows 0 to 34 of 140, columns 0 to 77 of 146]
4.63 4.78 4.99 5.04 5.04 5.19 5.34 5.48 5.67 3.61 5.96 6.14 6.38 6.55 6.83 7.15 7.34 7.57 7.88 8.15 8.57 7.60 9.71 10.00 9.99 10.11 10.49 10.91 11.30 11.49 11.45 11.52 11.90 12.21 12.43 12.80 13.28 17.95 15.09 14.07 16.04 16.16 14.77 17.08 17.32 17.40 15.77 16.00 16.16 16.00 15.64 15.31 15.26 15.17 15.09 14.89 14.13 13.59 13.96 14.05 13.48 13.35 13.42 13.19 12.96 12.53 12.45 12.79 12.94 12.79 12.21 11.62 11.56 11.65 11.93 11.83 10.78 10.60
4.63 4.78 4.99 5.04 5.04 5.19 5.34 5.48 5.67 3.61 5.96 6.14 6.38 6.55 6.83 7.15 7.34 7.57 7.88 8.15 8.57 7.60 9.71 10.00 9.99 10.11 10.49 10.91 11.30 11.49 11.45 11.52 11.90 12.21 12.43 12.80 13.28 17.95 15.09 14.07 16.04 16.16 14.77 17.08 17.32 17.40 15.77 16.00 16.16 16.00 15.64 15.31 15.26 15.17 15.09 14.89 14.13 13.59 13.96 14.05 13.48 13.35 13.42 13.19 12.96 12.53 12.45 12.79 12.94 12.79 12.21 11.62 11.56 11.65 11.93 11.83 10.78 10.60
3.97 4.11 4.30 4.31 4.25 4.38 4.52 4.67 4.86 5.03 5.20 5.40 5.61 5.75 6.03 6.34 6.53 6.80 7.14 7.45 7.94 7.08 9.30 9.49 9.35 9.49 9.92 10.41 10.79 10.87 10.80 10.93 11.47 11.87 12.14 12.59 13.09 13.41 13.54 13.79 14.15 14.33 14.59 15.02 15.42 15.53 15.37 15.66 15.84 15.62 15.39 15.23 15.23 15.11 14.96 14.55 13.65 13.41 14.01 14.04 13.44 13.33 13.43 13.19 12.84 12.39 12.61 13.08 13.06 12.55 11.66 11.22 11.43 11.75 12.11 11.76 10.51 10.40
3.41 3.50 3.62 3.58 3.49 3.57 3.69 3.84 4.04 4.25 4.48 4.72 4.91 5.00 5.22 5.47 5.68 6.01 6.41 6.77 7.33 6.68 8.90 9.08 8.95 9.00 9.32 9.85 10.25 10.22 10.21 10.35 10.96 11.52 11.86 12.36 12.90 13.32 13.45 13.61 13.91 14.13 14.48 14.79 15.09 15.13 14.83 15.21 15.49 15.31 15.11 14.95 14.94 14.86 14.61 13.90 13.07 13.35 13.95 13.99 13.65 13.33 13.40 13.20 12.64 12.49 13.06 13.36 12.94 12.01 11.09 11.04 11.51 12.05 12.30 11.60 10.24 10.17
2.81 2.84 2.87 2.82 2.75 2.80 2.88 1.33 1.30 1.86 3.70 3.97 4.21 4.29 4.42 4.62 4.85 5.27 5.74 6.12 5.21 6.01 7.17 8.62 8.72 8.69 8.76 9.29 9.78 9.78 9.85 9.89 10.42 11.13 11.48 12.02 12.68 13.26 13.54 13.61 13.72 14.09 14.49 14.54 14.79 14.90 14.80 15.22 15.57 15.38 14.84 14.53 14.56 16.13 14.07 13.40 13.08 13.69 14.01 14.08 13.98 13.39 13.39 13.05 12.67 13.07 13.37 13.09 12.30 11.51 11.26 11.55 11.98 12.35 12.18 11.27 10.07 10.09
2.19 2.17 2.12 2.07 2.01 2.03 2.08 2.21 2.37 1.44 1.57 2.38 3.46 3.59 3.66 3.85 4.08 4.53 3.95 5.44 4.67 5.19 6.20 8.11 8.44 8.37 8.31 8.88 9.41 9.49 9.44 9.35 9.98 10.70 11.03 11.73 12.48 13.10 13.46 13.52 13.62 14.07 14.36 14.30 14.56 14.86 14.97 15.29 15.46 16.10 15.50 15.30 14.12 13.92 13.62 13.40 13.45 14.01 14.22 14.19 13.98 13.49 13.24 12.80 13.07 13.50 15.12 12.55 11.74 11.61 11.96 12.07 12.21 12.20 11.69 10.80 9.98 10.39
1.58 1.53 1.42 1.34 1.29 1.27 1.30 1.31 1.36 1.47 1.33 1.39 2.43 2.83 2.97 3.11 3.36 3.81 2.93 3.37 4.12 4.61 5.52 6.83 8.17 8.36 8.03 8.54 9.15 9.48 8.81 8.93 9.74 10.25 10.55 11.47 12.29 12.84 13.30 13.73 13.93 14.08 14.70 14.24 14.60 15.45 15.79 16.29 16.41 15.70 17.30 13.67 15.26 13.61 13.63 13.76 13.85 14.19 14.30 14.09 13.89 15.47 15.10 12.97 13.53 15.21 12.80 12.18 11.75 12.19 12.43 12.12 11.95 11.71 11.23 10.66 10.35 10.90
1.11 1.02 0.87 0.75 0.65 0.58 0.56 1.66 1.49 1.48 1.40 1.30 1.61 2.52 2.96 2.41 2.67 2.99 2.64 2.65 3.49 4.09 4.88 5.99 7.49 8.04 8.05 8.31 8.89 9.19 8.29 8.63 9.54 9.63 10.06 11.23 12.07 12.54 13.05 13.53 13.96 14.37 14.46 14.66 15.15 15.77 16.06 16.06 15.78 17.54 15.00 14.63 13.62 13.63 13.88 13.96 14.04 14.23 14.20 13.96 15.59 15.30 13.05 13.43 13.57 15.08 12.59 12.11 12.16 12.52 12.29 11.79 11.61 11.48 11.23 10.86 10.72 11.21
1.04 0.92 0.82 0.73 0.63 2.09 0.43 1.92 2.22 2.15 1.97 1.81 1.41 1.70 2.23 1.72 2.40 2.45 2.13 1.76 2.84 3.43 2.21 3.10 6.56 7.50 7.80 8.05 8.53 8.77 8.41 8.53 9.35 8.99 9.68 10.66 11.78 12.20 12.65 13.36 14.09 14.29 14.31 14.77 15.20 15.00 15.14 15.24 15.00 14.73 14.52 14.75 15.01 14.93 15.13 14.02 14.18 14.21 15.81 13.79 15.10 13.52 13.52 13.60 15.21 14.87 14.40 13.90 12.42 12.41 11.92 11.51 11.65 11.67 11.31 10.87 10.87 11.43
1.43 1.32 1.29 1.28 1.24 2.89 2.80 2.70 2.49 2.42 2.28 2.18 5.19 1.45 1.64 1.82 1.92 2.08 1.61 3.22 2.91 2.84 3.41 4.36 4.57 6.75 7.28 7.73 8.02 8.37 8.20 8.26 8.74 8.69 9.05 10.40 11.53 11.98 12.65 13.69 14.39 14.36 14.38 15.05 15.13 14.59 14.48 14.70 14.88 14.82 14.98 14.50 14.93 14.81 14.04 14.28 14.29 14.11 15.22 13.67 13.73 13.95 13.87 15.22 14.91 14.56 14.13 13.83 12.41 12.15 11.73 11.60 11.85 11.74 11.16 10.76 11.14 11.80
1.79 1.99 1.98 1.98 1.95 1.90 3.61 3.55 3.43 3.24 2.88 2.71 2.38 5.35 1.41 1.37 1.38 0.91 1.34 1.06 3.33 3.18 2.77 3.66 2.84 7.50 8.96 9.38 7.59 8.12 7.96 7.91 8.35 8.34 8.65 9.89 11.19 12.07 12.97 14.02 14.53 14.31 14.49 17.56 17.34 16.31 14.65 14.98 15.04 17.14 16.80 16.05 13.80 13.70 14.45 14.63 14.29 14.78 13.71 13.79 14.17 14.77 15.56 15.05 14.60 14.39 14.37 14.10 12.33 11.97 11.74 11.77 11.79 11.60 11.12 10.92 11.59 12.05
2.74 2.72 3.13 3.52 3.87 4.17 2.62 4.33 4.17 6.84 6.73 3.31 2.75 2.50 1.83 1.53 0.12 1.17 0.97 0.87 3.96 3.51 3.25 3.03 4.30 5.71 8.58 8.58 8.81 7.64 7.59 7.64 8.00 7.97 8.40 9.49 10.82 12.19 13.23 14.16 14.61 15.49 15.56 16.48 17.11 16.87 14.82 15.06 16.69 16.65 16.03 13.65 13.21 14.25 14.89 15.36 14.93 14.72 14.28 14.07 14.50 15.81 15.32 14.91 14.86 12.97 12.58 12.35 12.23 11.78 11.70 11.81 11.72 11.53 11.21 11.25 11.92 11.99
3.40 3.42 3.53 4.15 4.44 4.74 3.39 4.98 4.87 4.74 7.72 7.53 6.48 2.83 2.41 1.90 0.91 1.30 1.09 0.74 4.20 3.92 3.90 3.43 3.58 3.17 8.07 7.74 8.33 9.54 7.15 7.31 7.50 7.66 8.26 9.30 10.67 12.08 13.28 14.62 15.52 14.94 14.77 16.16 16.84 16.47 14.78 16.59 16.03 13.83 13.61 13.46 13.69 14.81 15.64 15.58 15.10 14.98 14.77 14.36 16.30 15.60 15.11 13.14 13.01 12.80 12.44 12.30 12.09 11.68 11.68 11.92 11.80 11.46 11.35 11.64 12.01 11.68
4.09 4.12 4.26 4.32 4.30 5.48 4.20 4.12 5.58 5.45 5.25 8.48 8.31 6.97 3.04 2.38 1.68 1.53 1.44 4.88 4.71 4.34 4.24 3.76 3.79 3.47 7.20 7.30 8.29 9.48 9.72 6.88 8.18 8.14 7.72 8.35 10.43 11.58 11.41 13.41 16.62 12.61 14.34 16.19 16.28 14.31 14.92 16.52 15.35 13.39 13.48 13.67 14.04 14.83 15.95 15.72 15.65 15.64 15.65 16.12 16.27 15.57 13.19 13.14 12.90 12.60 12.42 12.31 12.06 11.77 11.80 12.04 11.83 11.43 11.55 11.87 11.86 11.31
4.81 4.88 5.02 5.06 5.07 5.08 5.03 4.92 4.80 6.29 6.05 5.74 5.30 9.09 8.20 5.99 4.63 4.36 4.92 5.02 4.73 4.73 4.25 4.23 3.99 4.10 6.06 6.75 7.72 8.84 9.36 6.32 7.13 7.69 7.38 7.93 10.17 11.28 10.45 11.67 19.09 11.95 14.25 15.55 15.50 15.71 16.62 16.96 16.00 15.26 13.58 14.20 14.63 15.15 15.78 15.52 17.02 15.45 15.66 15.92 13.93 13.43 13.11 13.10 14.57 13.86 13.55 13.37 12.24 12.06 12.61 11.91 11.71 11.54 11.58 11.76 11.63 11.11
5.56 5.68 5.82 5.80 5.82 5.87 7.09 7.00 6.97 6.99 6.85 6.63 9.94 9.50 9.71 9.01 6.01 5.07 5.75 5.76 4.92 4.91 3.92 3.90 4.63 4.45 5.17 6.28 7.13 8.11 8.20 7.05 7.23 7.58 7.19 8.25 9.14 10.26 11.66 14.04 18.28 15.50 15.07 15.60 15.97 16.91 17.59 16.97 15.98 14.72 13.73 14.89 16.63 16.86 15.58 15.77 17.28 15.17 16.84 15.60 15.41 14.97 14.44 14.20 13.71 13.61 13.93 12.39 12.56 12.27 11.75 11.54 11.59 11.67 11.53 11.51 11.43 11.14
5.96 6.09 6.25 6.19 6.17 6.24 6.26 7.35 7.34 7.17 7.03 7.02 10.39 10.15 10.00 9.93 9.24 7.38 7.57 7.18 6.16 5.84 3.80 0.71 3.97 4.85 4.85 6.08 7.46 7.67 7.10 6.18 7.29 7.66 7.60 8.35 8.47 9.55 12.32 15.57 16.56 16.06 15.66 16.05 16.79 17.63 17.10 16.38 15.45 14.63 14.31 17.49 17.78 17.84 17.57 16.22 15.34 16.84 15.27 15.36 15.22 14.45 14.05 14.14 13.81 14.44 12.60 13.46 12.73 12.09 11.31 11.28 11.54 11.71 11.56 11.31 11.21 11.18
6.02 6.10 6.24 6.25 6.20 6.18 7.73 7.46 7.36 9.93 6.97 7.02 10.84 10.31 10.03 9.05 8.95 9.05 8.64 8.42 8.00 7.36 5.95 4.37 4.77 5.01 5.53 6.31 6.95 6.62 6.36 6.41 6.90 7.16 8.16 7.97 7.85 9.46 12.66 16.00 16.46 16.03 15.40 15.23 16.13 16.93 16.66 16.01 15.45 15.70 17.49 17.65 17.65 17.57 18.48 15.73 15.08 16.49 15.31 14.89 14.73 14.52 14.60 14.71 14.74 13.03 12.45 14.69 14.48 11.64 11.08 11.28 11.58 11.71 11.62 11.27 11.02 11.08
6.09 6.12 6.19 6.28 6.25 6.13 6.20 7.46 9.85 9.83 6.98 7.09 11.15 10.46 9.82 9.72 9.45 9.21 8.90 8.38 8.17 7.61 7.15 5.10 4.85 4.87 5.59 5.93 6.36 6.50 6.64 6.92 6.67 7.24 8.06 7.46 7.21 9.42 13.13 15.62 15.97 15.43 14.86 14.72 15.26 16.06 16.35 16.07 15.61 16.89 16.73 17.06 17.16 14.64 18.05 17.03 14.54 15.08 16.70 14.42 14.32 16.18 14.77 14.82 13.37 14.63 14.35 14.47 12.13 11.38 11.21 11.45 11.57 11.65 11.70 11.29 10.85 10.89
6.16 6.12 6.16 6.26 6.25 6.14 7.44 7.54 10.17 10.04 7.01 11.05 10.92 10.63 10.30 9.24 9.25 9.63 9.19 8.91 8.53 7.11 7.46 5.66 5.95 5.45 5.59 5.86 6.13 6.42 6.76 7.04 8.42 5.85 6.79 6.91 7.11 8.39 13.03 15.98 16.25 14.84 12.87 13.71 15.57 16.47 16.34 16.40 16.86 17.33 16.24 16.15 14.89 16.57 17.74 16.08 15.67 15.01 16.09 15.68 14.64 16.39 14.62 14.58 14.78 12.72 12.14 12.04 11.88 11.45 11.42 11.53 11.47 11.62 11.76 11.17 10.65 10.76
6.21 6.14 6.15 7.25 7.11 7.16 7.40 7.56 7.32 10.20 7.12 11.08 10.53 10.70 11.12 10.61 9.20 9.26 8.61 9.00 8.41 6.88 7.66 7.29 6.88 5.72 5.66 5.77 6.02 6.39 6.83 7.26 5.04 5.21 6.50 6.79 8.41 8.92 12.69 17.68 17.59 13.92 10.04 12.86 15.74 16.75 16.44 16.35 12.39 16.84 16.26 15.67 15.73 17.62 15.81 14.54 15.18 16.59 16.33 15.77 15.93 16.15 14.10 14.21 13.35 12.62 12.02 11.79 11.71 11.48 11.48 11.52 11.41 11.58 11.65 10.95 10.55 10.76
6.14 6.16 6.16 7.15 7.04 7.20 7.42 7.48 7.38 10.46 10.68 11.13 9.89 10.53 10.56 5.04 10.51 10.23 9.80 9.23 8.81 7.31 8.09 7.72 6.70 5.80 5.65 5.68 5.80 6.35 7.01 7.71 4.79 4.49 6.19 6.12 9.48 9.54 14.27 18.56 17.16 11.62 9.50 13.55 16.08 16.67 16.02 15.30 15.34 15.28 15.99 15.16 16.79 15.70 14.07 15.67 17.19 17.42 16.43 15.27 16.20 16.04 15.65 13.54 14.46 13.78 13.39 13.35 11.49 11.40 11.54 11.58 11.33 11.43 11.39 10.83 10.62 10.78
6.02 6.12 6.14 6.19 7.22 7.39 7.41 7.57 7.49 10.49 10.94 11.76 11.40 8.37 10.94 5.14 9.83 3.98 10.06 9.19 8.91 8.70 8.39 8.02 7.70 6.25 5.58 5.86 5.93 6.20 7.34 5.92 3.90 6.03 5.86 8.37 8.62 9.27 15.62 17.67 12.71 11.04 11.77 14.47 16.19 16.70 15.76 14.44 14.48 14.34 14.73 14.16 14.85 13.69 15.07 17.13 16.91 17.01 16.10 15.47 16.66 16.17 14.55 14.88 14.52 13.74 13.07 11.56 11.33 11.40 11.66 11.54 11.13 11.18 11.16 10.87 10.78 10.70
5.97 6.06 6.08 6.13 6.20 6.22 7.38 7.48 11.12 10.60 10.92 12.05 11.94 9.54 11.02 10.61 10.80 10.52 10.10 9.71 8.59 8.51 8.39 7.99 7.65 7.31 5.71 6.04 6.16 5.97 6.38 4.41 3.38 3.59 5.83 6.33 8.92 11.48 16.34 16.31 9.52 10.04 12.85 15.43 15.92 16.04 15.26 14.42 13.85 14.43 13.40 13.68 14.62 14.33 16.23 17.29 16.45 16.73 16.43 16.81 17.05 14.52 14.23 13.15 13.87 13.21 12.83 12.66 11.33 11.49 11.60 11.27 10.91 11.00 11.03 10.93 10.91 10.56
5.94 6.02 6.06 6.10 6.15 6.17 7.43 7.41 7.42 11.36 11.07 11.98 12.18 11.32 10.59 10.87 10.98 10.88 10.43 10.02 9.67 8.58 7.88 8.50 7.85 7.70 5.64 5.30 6.00 6.16 6.13 5.06 4.29 4.38 6.08 6.37 9.65 13.82 18.60 13.35 7.34 9.22 14.11 12.11 15.97 15.60 15.22 14.75 14.94 14.91 12.23 13.78 15.78 16.63 18.01 18.23 17.60 17.47 17.03 16.89 16.78 14.25 15.08 15.27 14.05 13.22 12.85 12.76 11.38 12.87 11.22 10.95 10.84 10.91 10.90 10.93 10.95 10.40
5.87 5.97 6.04 6.08 6.15 6.15 7.39 7.44 7.37 11.93 11.23 12.03 12.04 12.13 11.10 11.11 11.17 11.10 10.69 10.28 10.07 9.38 8.26 8.49 8.19 7.52 5.35 3.63 5.44 6.13 6.55 5.62 6.80 5.06 5.60 7.31 11.22 16.20 19.83 11.33 5.11 9.06 13.69 15.08 15.23 11.90 15.83 11.34 14.87 14.08 13.10 13.57 17.12 16.94 18.54 18.79 18.02 13.61 17.18 16.78 16.46 14.01 15.55 17.16 14.42 13.54 13.35 12.95 12.85 12.88 12.84 10.81 10.83 10.84 10.81 10.88 10.82 10.28
5.81 5.90 5.98 6.03 7.35 7.24 7.46 7.39 11.88 12.21 11.98 12.16 11.95 11.71 11.84 11.29 11.23 11.17 10.71 10.50 10.26 9.75 9.11 9.11 8.43 8.07 5.83 0.99 5.57 6.75 6.74 5.22 6.38 3.69 4.27 7.11 13.38 17.98 17.47 9.95 6.74 10.78 13.86 13.95 13.82 14.22 14.28 14.09 13.92 13.30 13.13 14.74 16.55 16.62 17.77 18.01 17.15 16.92 16.93 16.63 16.15 14.00 14.20 16.54 16.23 16.05 13.76 12.84 12.47 12.61 12.75 10.77 10.80 10.79 10.79 10.71 10.55 10.21
5.80 5.84 5.88 5.97 7.52 7.50 7.56 7.59 11.81 12.59 12.14 12.41 12.41 11.80 12.39 11.89 11.70 11.49 10.80 10.73 10.37 10.02 9.70 9.37 8.93 8.46 7.27 1.18 5.81 7.85 7.60 6.16 6.37 9.08 7.37 10.61 17.10 20.19 17.67 13.91 12.65 13.37 13.87 13.15 12.76 13.11 13.51 13.51 14.04 12.49 13.18 15.24 16.48 15.08 17.36 17.61 16.41 16.22 16.54 16.92 16.78 16.75 17.40 17.28 16.78 16.20 15.32 12.93 12.42 12.41 12.51 10.74 10.72 10.76 10.72 10.46 10.31 10.17
5.83 5.84 5.83 5.93 6.08 7.46 7.52 7.51 7.41 12.51 12.40 12.37 12.47 11.79 12.50 12.13 11.70 11.76 11.28 11.10 10.85 10.44 10.10 9.89 9.14 8.90 9.00 6.22 5.81 8.55 8.07 8.13 10.28 12.91 17.86 20.33 26.39 25.39 21.98 20.04 18.96 17.35 15.66 13.34 12.48 10.16 9.86 9.55 13.05 11.12 13.62 16.18 16.16 14.57 18.86 16.93 16.36 16.60 17.13 17.44 17.45 17.11 17.07 16.73 16.21 15.78 15.26 13.21 12.89 12.72 12.65 10.69 10.62 10.68 10.54 10.29 10.22 10.11
5.85 5.86 5.84 5.89 6.00 7.36 7.58 12.02 11.36 12.23 12.49 12.26 12.26 11.93 12.27 12.35 11.97 11.92 11.59 11.40 11.24 10.70 10.30 10.02 9.44 8.94 8.83 8.62 7.70 8.53 9.75 11.49 13.93 17.04 20.41 24.48 25.10 25.21 26.34 26.96 25.09 22.64 19.40 15.49 12.05 9.75 8.59 11.17 9.22 11.25 13.83 16.19 16.45 17.41 18.59 16.26 16.67 16.82 16.74 16.83 17.07 17.04 16.82 16.29 15.81 13.60 13.43 13.32 13.07 12.90 12.78 10.69 10.63 10.62 10.41 10.20 10.17 10.04
5.91 5.88 5.83 5.88 5.97 7.28 7.35 7.45 12.52 12.80 13.34 13.07 12.66 12.39 12.08 12.48 12.35 11.59 11.39 11.14 11.13 10.37 10.41 9.76 9.29 8.90 8.88 8.87 7.03 8.20 10.75 13.01 16.01 18.78 22.08 23.77 20.19 23.23 26.87 28.17 28.47 26.70 23.20 19.69 15.88 11.35 8.53 5.84 8.71 11.13 13.52 15.13 18.80 18.87 17.33 16.33 15.65 15.69 15.96 16.39 16.86 16.93 16.54 16.04 15.76 13.58 13.28 13.07 12.80 12.59 12.40 10.78 10.70 10.55 10.32 10.07 10.05 9.98
6.00 5.91 5.78 5.85 5.98 7.17 7.36 7.47 12.45 12.88 12.64 13.30 13.35 13.28 12.55 12.78 12.92 12.41 11.73 11.36 10.62 8.35 9.60 9.50 9.41 9.29 9.32 9.32 9.18 7.07 12.75 13.30 14.27 17.80 19.26 17.50 18.17 25.22 25.49 24.14 24.21 24.41 25.14 23.90 22.30 14.87 10.71 4.74 7.05 10.16 13.15 15.67 20.13 16.67 16.62 15.48 14.14 13.87 15.05 16.16 16.77 16.61 16.55 15.99 15.85 15.78 13.51 13.26 12.99 12.86 13.00 13.03 12.80 12.66 10.30 10.01 9.93 9.89
6.00 5.98 5.80 5.77 5.95 7.13 7.34 7.31 12.23 12.76 12.75 12.87 13.48 13.08 12.97 13.23 13.12 13.12 12.80 12.28 11.59 9.80 8.76 7.81 9.28 10.07 10.31 10.06 9.77 3.56 12.92 15.65 13.12 15.36 16.52 17.85 21.90 25.52 25.12 24.16 22.31 19.91 20.41 21.27 21.57 16.45 14.02 13.61 5.67 8.48 12.88 15.68 19.11 17.58 16.94 16.25 11.13 11.22 14.61 16.46 16.67 16.15 16.18 16.17 16.27 11.85 15.29 11.29 14.94 15.13 11.09 12.87 12.63 10.56 10.38 10.05 9.81 12.05
5.79 5.98 5.98 5.80 6.69 7.00 7.25 7.40 12.21 12.65 12.78 13.50 13.14 13.18 13.45 13.46 13.44 12.71 12.47 12.35 12.55 12.11 11.18 9.89 9.05 9.29 10.45 10.36 10.33 6.48 12.09 15.48 12.39 12.53 13.71 17.06 20.34 20.96 19.73 18.37 17.76 18.11 18.43 18.78 18.91 14.63 13.90 11.54 7.36 5.98 12.11 13.34 17.07 21.72 20.53 16.85 9.52 8.49 14.65 13.97 17.13 16.33 16.07 11.95 11.96 15.57 11.51 13.07 12.78 13.42 13.50 12.85 10.61 10.58 10.42 10.02 9.66 9.56
5.39 5.73 6.11 6.20 6.58 6.90 7.11 11.67 12.44 12.73 13.47 14.21 13.95 13.63 13.38 13.61 13.66 13.09 12.66 12.16 11.97 12.35 12.28 12.00 11.37 9.52 9.68 10.60 10.41 5.83 12.42 13.37 10.00 8.43 9.60 12.25 13.91 13.81 10.97 9.74 11.21 13.64 15.50 15.71 18.43 16.26 11.13 10.53 8.49 4.83 10.33 15.03 16.38 18.57 18.86 16.45 9.91 8.83 14.92 16.80 16.94 16.08 13.31 15.78 15.90 15.46 13.36 13.02 12.65 11.30 11.54 11.18 12.38 12.58 12.05 9.83 11.78 9.58
