examples/cougarCreek-fire/createInputs/farsite/7a-cougarCreek-polygonIgnit/cougarCreekFire_08-13-2015_0600_217m_non_neutral_stability_ang.asc
ncols	146
nrows	140
xllcorner	610065.000000
yllcorner	5095217.000000
cellsize	216.586807
NODATA_value	-9999.000000
[rows 88 to 131 of 140, columns 0 to 95 of 146]
346 348 345 348 351 350 350 353 337 337 333 332 338 342 358 4 1 338 336 334 339 349 359 4 21 31 36 30 19 18 22 11 351 317 326 6 358 3 201 205 203 188 179 37 93 335 344 352 114 200 292 304 203 297 239 211 257 257 212 272 276 273 274 201 304 309 309 304 308 311 320 313 304 294 194 225 263 294 275 295 294 293 296 310 332 316 324 18 30 37 37 36 33 31 32 35
349 348 349 348 351 347 350 353 335 336 333 342 339 342 358 6 359 335 336 336 343 353 5 16 37 346 340 12 13 18 329 6 357 340 353 4 5 5 194 192 189 351 183 23 108 326 324 9 142 159 217 309 202 203 248 212 253 249 273 265 292 258 263 277 289 280 293 292 293 297 300 319 320 310 291 292 298 289 17 277 283 280 358 4 289 7 14 358 16 23 30 32 31 32 33 39
351 349 349 349 351 351 353 352 334 334 333 344 340 345 356 331 358 332 336 339 346 356 357 27 352 344 337 15 6 14 15 3 2 346 38 345 21 9 187 186 185 112 183 326 68 295 309 134 204 202 175 288 204 205 210 260 212 247 212 211 274 287 205 280 290 288 287 289 284 286 296 312 228 235 235 306 306 312 300 105 352 350 359 1 7 8 9 10 13 14 23 30 33 36 36 40
352 348 345 348 348 350 352 351 332 333 331 332 340 346 341 2 353 335 336 340 350 359 10 28 351 343 19 13 17 16 5 358 358 357 348 357 34 14 181 76 101 8 177 328 17 318 133 205 205 204 209 210 268 251 243 248 244 249 264 211 280 253 281 262 296 211 296 273 272 272 274 298 238 242 318 301 305 312 309 294 295 307 302 354 2 2 12 20 4 10 20 34 39 39 39 40
349 354 342 344 350 346 353 350 349 328 326 342 339 351 338 356 333 346 339 342 351 353 20 349 349 343 2 12 22 20 354 349 354 358 357 15 39 53 79 182 72 0 177 177 182 137 129 137 202 204 210 208 270 204 208 275 252 249 269 249 271 292 256 258 295 225 226 302 275 272 276 300 241 248 300 292 302 300 297 287 289 298 319 321 317 317 315 310 6 10 29 44 43 43 45 43
351 325 326 327 342 339 353 328 350 325 359 345 337 354 351 353 359 350 342 345 351 354 15 27 349 344 6 13 14 9 358 352 2 15 27 66 150 162 177 185 183 184 187 183 179 109 113 199 201 204 207 281 273 207 211 212 247 267 262 255 266 263 257 258 268 295 293 273 288 266 268 306 246 252 297 302 300 287 288 299 304 308 315 305 324 326 323 22 356 6 321 33 25 32 36 34
327 325 326 329 343 340 354 329 329 327 322 354 352 349 350 352 356 355 340 345 349 353 11 21 347 343 10 4 357 9 14 1 21 39 75 92 113 134 171 198 190 185 189 182 177 184 193 198 200 202 204 258 264 212 215 215 252 216 256 265 260 284 275 216 223 263 289 286 289 272 271 300 252 300 304 315 260 311 294 310 312 317 336 350 340 307 307 325 3 14 317 32 39 19 18 27
351 323 336 330 342 340 333 2 330 357 356 354 354 346 350 349 354 359 337 346 350 356 12 345 342 339 5 355 10 27 32 17 34 48 55 67 78 82 72 250 196 176 178 175 177 185 191 195 199 202 204 207 212 218 220 219 220 222 223 223 281 259 261 227 228 227 231 273 277 278 275 284 301 300 311 324 274 286 299 290 304 307 301 307 306 345 316 322 320 6 29 332 29 33 32 17
322 322 341 338 341 345 333 2 359 0 347 352 355 346 347 347 358 4 338 349 356 18 345 342 339 340 359 358 17 43 36 33 51 37 42 46 50 58 77 186 179 168 166 167 175 186 189 192 198 205 208 211 217 222 224 225 225 225 226 226 261 257 233 233 259 232 238 245 249 275 278 286 284 292 307 316 281 284 292 293 316 316 323 335 318 329 328 331 0 354 314 331 327 27 30 26
323 324 339 341 338 355 1 332 1 4 335 358 356 349 337 346 356 355 339 343 356 351 346 341 338 357 357 14 31 13 33 28 29 29 33 36 39 45 57 115 165 166 162 161 171 183 186 190 198 205 210 215 221 226 230 232 231 230 230 231 234 236 236 236 236 238 241 246 251 255 262 269 273 289 293 313 327 280 283 316 319 327 333 349 304 355 0 5 329 5 22 17 22 22 26 36
320 326 331 344 345 333 357 333 334 332 1 4 352 344 336 337 353 347 347 8 350 348 347 345 2 354 2 0 25 27 31 27 29 30 33 37 40 44 53 74 125 163 156 153 162 170 179 187 196 205 214 221 226 231 236 238 236 235 235 237 238 239 240 241 243 245 248 251 257 259 268 272 273 289 292 302 318 278 280 328 307 305 328 311 354 317 339 350 359 341 344 19 20 21 32 31
316 337 331 344 4 331 346 333 334 1 8 334 351 336 337 335 345 344 350 345 346 18 345 350 354 3 12 15 13 25 33 40 30 31 32 37 43 55 77 94 75 343 64 123 149 158 170 184 196 211 222 228 232 237 243 244 241 240 240 242 242 244 245 247 250 252 254 256 259 264 267 268 284 282 286 293 307 320 282 292 317 312 310 318 324 315 321 336 346 12 339 19 17 18 37 334
321 347 325 353 334 346 346 357 351 334 335 332 346 336 337 341 347 341 351 341 344 344 347 5 16 14 13 7 6 27 22 23 24 26 30 36 43 52 55 26 344 358 37 69 105 137 157 177 198 221 231 233 236 243 248 249 247 245 245 246 247 249 252 247 257 258 258 259 261 264 266 267 268 272 277 285 295 301 288 287 322 315 304 302 314 311 335 313 345 338 328 14 19 21 39 345
326 323 322 9 330 347 1 333 333 358 330 358 345 348 340 338 346 339 347 357 339 344 351 353 349 351 12 4 5 35 14 18 21 26 30 34 34 28 14 358 356 16 41 56 71 96 131 165 201 225 234 238 244 251 254 252 250 248 249 250 253 256 258 260 261 262 262 264 266 268 270 271 274 274 271 273 285 293 306 319 310 304 299 294 287 337 288 299 354 313 6 323 336 12 35 39
326 329 331 325 329 351 330 353 339 6 330 356 357 351 349 350 337 333 343 344 339 19 32 346 346 352 16 9 21 9 9 17 24 28 30 28 21 11 359 355 14 44 59 70 82 98 121 159 205 231 241 247 252 255 255 253 249 248 250 255 259 261 261 262 264 266 262 262 265 265 265 265 264 270 280 286 289 290 296 309 300 297 299 303 311 332 320 320 315 301 306 292 16 15 325 341
326 329 333 332 7 326 345 350 354 339 334 3 329 343 3 357 335 335 342 342 20 346 43 7 14 18 15 11 22 9 27 27 27 28 27 24 18 11 8 33 81 83 82 85 92 103 119 160 216 244 252 251 252 255 256 254 251 251 254 260 265 267 258 270 272 264 264 265 271 272 272 271 268 271 279 288 293 296 303 315 310 305 301 303 322 341 352 334 340 8 335 322 316 324 346 345
325 327 329 331 326 1 324 337 9 336 336 334 353 347 334 345 339 335 341 352 351 42 34 341 5 18 15 9 25 25 16 24 25 26 26 28 30 39 59 86 97 95 89 85 83 85 94 143 236 247 245 244 249 257 262 263 259 258 262 267 271 275 277 278 280 267 267 271 282 283 278 278 280 279 278 280 290 295 300 311 305 303 306 302 310 330 331 15 328 5 13 343 29 355 338 336
331 328 327 327 329 320 355 327 338 1 333 335 336 7 335 335 340 334 341 350 17 346 343 5 7 354 16 5 23 24 18 17 21 25 29 36 43 46 46 53 64 73 75 73 65 58 54 23 281 262 253 251 253 257 266 273 271 269 271 275 279 283 283 283 276 275 277 285 285 284 286 282 282 283 281 279 283 288 288 287 299 307 309 304 306 321 328 329 320 341 8 343 348 29 42 340
334 333 330 329 331 329 323 324 6 333 1 331 346 0 332 337 341 335 342 336 15 18 7 344 350 20 356 7 22 16 16 15 20 27 35 42 43 38 33 39 51 59 62 59 51 42 33 5 320 299 286 273 267 271 282 291 288 282 282 284 288 290 288 284 282 285 287 288 287 287 287 289 292 287 282 277 275 275 278 290 295 301 306 297 289 290 304 313 308 308 10 339 327 19 48 351
338 334 332 331 332 332 330 330 327 333 0 349 359 330 349 353 337 340 343 348 24 25 339 3 350 352 11 10 13 15 15 17 25 34 39 38 64 70 65 35 47 54 54 49 39 25 17 1 332 313 302 290 290 297 304 308 303 293 291 293 294 295 291 286 286 289 281 282 282 282 282 286 290 291 287 283 283 284 294 301 299 297 304 303 291 345 291 299 305 296 332 350 321 303 322 332
332 328 330 330 330 330 330 331 333 2 333 3 328 356 355 353 338 338 343 341 30 343 18 11 14 19 13 20 9 19 18 24 18 37 35 55 22 19 25 36 44 45 43 39 29 68 6 360 339 319 315 315 304 301 302 306 305 299 298 299 299 300 297 292 292 283 288 291 289 288 287 299 292 293 291 291 291 292 295 298 303 300 298 307 313 310 300 297 306 308 313 319 302 278 281 306
330 327 334 329 329 330 328 328 334 337 339 331 2 356 360 349 332 342 348 352 21 21 359 1 7 8 12 5 10 14 26 16 34 31 47 23 46 20 33 41 40 36 35 31 61 11 5 355 341 331 333 334 305 290 285 292 300 304 306 306 307 308 307 302 300 303 291 292 293 305 296 302 295 300 301 297 293 290 290 294 297 295 292 298 313 324 317 315 327 318 303 286 290 304 315 323
326 329 328 333 329 331 330 328 334 340 343 330 360 332 332 346 344 5 332 350 10 4 356 359 9 8 7 18 10 15 22 29 44 50 48 49 41 28 24 39 35 32 30 53 53 52 5 351 341 338 341 339 313 293 289 295 304 310 314 315 316 318 317 313 310 313 297 295 296 297 295 289 286 289 296 297 294 290 291 293 296 298 298 298 304 323 322 316 328 329 327 327 308 319 330 321
321 325 329 328 325 327 330 330 334 339 339 333 334 332 353 351 338 335 333 334 336 338 342 5 12 15 10 16 13 19 29 21 50 45 45 38 23 31 33 50 51 51 51 49 46 46 360 346 340 340 343 340 326 312 309 311 314 318 320 320 322 324 323 319 317 311 311 309 307 303 299 296 296 292 291 298 301 303 301 299 305 305 300 298 300 315 321 312 315 324 332 36 328 317 328 50
321 323 327 326 324 322 322 326 333 341 8 339 3 354 346 356 338 336 334 336 338 342 345 11 14 19 17 7 11 25 35 40 32 18 34 19 26 29 43 44 49 50 48 49 48 3 349 340 336 338 340 337 329 321 318 318 319 322 322 322 323 325 325 322 320 322 326 328 316 314 312 315 316 313 309 307 311 311 309 310 317 322 315 317 314 317 329 332 327 329 330 12 36 332 319 321
323 324 326 327 324 316 316 319 324 335 342 13 357 341 345 353 333 333 333 337 343 347 348 12 22 22 17 17 18 22 25 21 22 18 17 22 26 36 37 38 40 41 47 55 57 352 342 337 333 334 335 331 326 321 319 319 321 324 324 323 325 327 326 324 323 324 326 328 330 319 319 329 321 323 321 319 320 322 324 321 325 332 325 322 321 318 325 335 335 341 339 327 345 333 310 296
324 325 326 326 326 324 320 317 319 324 350 337 327 346 353 350 326 326 328 336 343 348 350 14 30 23 12 14 15 16 14 19 19 18 17 24 33 38 31 31 35 43 52 10 358 347 340 336 331 330 329 325 321 317 315 317 321 324 325 326 329 331 328 320 318 318 318 318 318 317 317 316 315 320 324 325 329 331 332 330 331 335 330 327 324 325 329 335 333 338 347 339 336 348 3 335
325 327 328 327 326 329 330 329 326 320 324 332 358 356 338 329 328 327 328 334 347 4 10 34 33 9 11 13 16 14 7 23 30 24 21 22 34 32 20 29 38 43 41 33 23 344 339 335 330 327 324 320 317 313 311 313 317 320 322 325 330 331 328 325 317 317 319 318 317 316 316 316 317 320 325 326 328 328 326 326 330 334 335 333 334 333 337 340 339 339 339 340 338 360 359 346
325 327 329 326 324 326 329 333 333 333 331 329 353 360 333 334 331 329 332 336 341 6 15 30 16 1 9 11 17 9 6 23 29 27 19 34 32 24 19 31 38 36 31 20 11 4 336 333 329 325 321 318 315 312 310 311 314 315 316 319 325 328 325 320 317 316 316 316 317 318 319 320 320 322 326 327 326 326 323 321 325 327 331 332 332 333 338 341 342 345 339 338 330 327 358 2
324 326 326 323 322 323 326 330 334 337 335 325 318 328 332 334 332 332 336 339 343 13 28 24 350 349 10 10 11 1 5 23 34 33 30 28 12 16 25 33 32 31 27 17 7 359 354 330 326 323 319 315 313 311 309 309 310 311 312 314 320 324 323 322 320 319 316 315 317 320 322 319 320 322 323 325 325 327 327 327 327 328 329 329 332 335 341 342 341 360 357 341 336 4 327 355
327 325 324 322 322 324 327 330 334 337 337 336 331 325 349 333 332 333 336 339 343 13 341 6 343 350 12 10 6 1 10 29 33 30 27 20 11 20 32 34 29 27 21 10 1 333 349 345 321 319 315 311 310 308 307 307 307 309 311 313 317 321 321 320 321 321 319 316 314 319 323 321 319 319 319 320 322 325 326 328 332 335 336 334 333 338 349 344 341 357 356 345 345 336 331 341
329 325 324 322 322 323 327 331 330 334 333 332 331 332 330 6 331 335 4 337 357 11 17 336 342 1 7 9 7 4 15 26 27 26 20 15 17 28 36 32 26 22 14 5 357 353 346 338 334 313 310 306 307 307 307 306 307 309 319 319 318 319 320 320 319 319 319 318 314 314 322 324 323 322 320 323 325 327 331 332 330 333 337 335 336 339 350 347 342 354 355 348 0 357 345 353
324 324 325 325 323 322 327 331 332 332 329 325 325 329 334 337 359 4 14 358 5 336 14 6 2 3 357 8 10 357 3 4 21 24 15 15 25 29 32 29 19 15 11 6 2 355 344 336 333 331 324 302 302 303 303 303 315 315 317 319 320 318 319 320 321 319 317 318 315 313 318 325 326 325 324 322 323 325 332 333 331 331 333 333 331 329 334 337 339 350 353 345 356 355 356 351
326 321 322 325 322 323 329 331 330 327 330 326 325 327 330 326 4 14 2 356 6 18 13 14 4 355 358 10 11 353 0 17 20 23 12 18 31 30 29 21 14 11 13 10 6 356 343 337 335 332 324 320 316 314 312 311 312 312 314 318 321 318 318 321 317 316 317 318 318 313 316 321 321 320 321 321 324 324 330 333 331 331 334 334 331 353 353 354 343 336 350 339 353 351 349 346
325 318 319 325 318 319 328 329 326 328 330 329 327 328 329 335 331 20 333 359 2 6 4 359 343 348 6 18 10 355 354 19 20 19 10 20 27 23 22 14 7 13 15 10 5 353 342 339 338 334 327 321 317 312 310 310 309 308 309 315 321 318 315 320 315 314 319 320 321 316 316 316 317 319 320 322 325 326 329 331 330 332 336 338 339 339 332 355 355 324 334 332 340 346 343 342
322 317 318 319 319 318 326 325 322 324 327 331 328 326 326 333 343 26 0 353 0 4 3 358 343 349 14 346 347 352 354 9 9 9 11 19 21 17 14 7 7 12 11 6 2 348 339 341 341 337 329 322 317 312 310 308 307 306 305 310 319 317 312 317 321 311 311 317 318 317 318 321 323 324 323 322 323 324 327 330 330 333 334 337 341 348 344 341 333 332 335 338 343 342 340 341
321 318 318 318 317 320 325 325 321 321 327 336 329 326 323 328 336 346 5 335 5 6 3 358 341 347 347 344 344 349 354 1 6 8 17 20 20 18 13 10 11 13 10 5 358 349 341 345 343 338 329 321 315 312 308 306 304 303 303 306 312 310 309 312 316 307 307 314 311 313 318 324 327 327 325 323 323 324 326 326 328 333 344 339 338 347 346 343 338 334 1 352 345 339 338 341
322 322 322 313 319 320 322 323 322 320 326 332 330 327 324 326 337 344 333 338 332 3 2 1 357 358 343 343 353 346 350 352 9 16 26 22 19 16 16 14 13 13 9 2 356 351 344 345 341 335 328 321 317 312 307 303 300 298 297 299 303 300 299 302 305 314 318 317 302 312 315 323 327 330 330 324 322 320 321 323 325 331 342 344 334 337 334 331 335 326 325 344 336 340 334 337
323 322 323 322 316 321 323 323 323 321 324 331 331 327 324 326 333 356 332 359 358 351 3 5 336 355 1 3 346 345 349 358 15 23 27 20 17 18 15 11 10 11 5 360 359 353 345 344 342 336 329 321 317 314 308 305 299 281 286 291 294 296 299 303 306 310 312 314 311 316 319 326 325 328 324 325 318 315 316 317 316 319 327 339 336 333 325 324 331 319 315 339 328 334 328 330
319 318 327 317 316 322 323 324 327 322 322 327 330 327 324 324 332 335 8 358 353 356 5 5 337 351 352 350 342 344 349 0 15 23 26 20 18 13 10 9 14 12 4 5 1 353 346 345 348 342 336 329 324 287 285 283 283 285 290 295 298 300 301 305 308 311 315 317 311 314 323 327 320 320 329 327 317 310 310 310 305 305 310 318 331 336 322 316 324 324 316 338 319 320 322 323
319 319 319 324 319 312 314 321 322 325 319 320 326 326 323 321 329 334 340 357 355 356 357 351 353 352 354 342 343 348 352 10 19 27 24 16 8 9 12 14 14 346 344 340 335 354 350 355 325 319 312 307 301 297 294 291 289 290 293 296 300 302 304 306 308 310 311 310 306 299 311 318 315 311 323 325 314 303 301 303 304 307 314 313 312 321 324 306 308 330 319 325 312 314 316 326
317 319 320 319 320 316 316 316 318 322 317 316 321 326 321 319 324 333 340 332 352 356 353 349 353 355 353 343 345 352 354 19 25 25 354 14 8 11 14 13 348 346 344 340 337 336 336 335 332 327 322 317 312 307 302 297 294 292 293 296 302 306 308 309 309 310 309 303 296 293 301 309 311 308 314 319 316 306 299 299 299 297 300 310 314 311 308 306 321 323 325 318 308 309 317 320
315 313 321 319 318 317 316 315 318 314 315 320 318 320 325 318 325 329 328 325 325 352 352 349 351 349 352 345 346 352 4 22 22 21 350 348 8 10 349 349 347 345 343 341 339 338 339 340 337 333 328 324 319 314 309 304 298 295 294 297 305 312 313 311 310 310 307 303 300 299 303 308 303 309 309 312 314 307 303 300 299 291 285 291 309 322 323 313 304 310 320 308 314 305 315 321
313 313 317 316 319 317 318 318 316 320 323 314 319 318 324 320 323 336 327 324 326 327 350 350 351 347 341 343 345 1 14 20 21 18 12 359 3 346 347 347 346 345 344 342 340 354 357 342 339 335 333 330 326 321 317 312 307 302 301 304 311 318 317 312 309 308 305 301 297 295 297 301 304 299 299 301 307 302 300 301 301 300 292 289 291 307 330 303 317 313 322 317 322 312 314 322
