examples/cougarCreek-fire/createInputs/farsite/7a-cougarCreek-polygonIgnit/cougarCreekFire_08-12-2015_0400_217m_non_neutral_stability_ang.asc
ncols	146
nrows	140
xllcorner	610065.000000
yllcorner	5095217.000000
cellsize	216.586807
NODATA_value	-9999.000000
[rows 0 to 49 of 140, columns 0 to 95 of 146]
59 28 46 67 91 47 33 33 38 46 58 71 87 98 96 87 85 60 27 20 19 26 44 69 99 112 113 113 115 122 129 126 92 71 61 59 64 77 92 100 103 103 96 86 75 66 58 45 33 351 15 318 6 353 4 3 352 331 360 358 360 341 354 354 354 334 349 348 350 352 354 355 350 343 341 345 346 342 344 347 347 347 347 348 349 348 346 340 333 328 314 307 318 302 305 306
59 28 46 67 91 47 33 33 38 46 58 71 87 98 96 87 85 60 27 20 19 26 44 69 99 112 113 113 115 122 129 126 92 71 61 59 64 77 92 100 103 103 96 86 75 66 58 45 33 351 15 318 6 353 4 3 352 331 360 358 360 341 354 354 354 334 349 348 350 352 354 355 350 343 341 345 346 342 344 347 347 347 347 348 349 348 346 340 333 328 314 307 318 302 305 306
100 61 63 99 127 97 60 31 75 96 110 128 72 123 132 128 126 72 51 22 22 34 51 69 88 97 142 141 122 129 137 144 99 89 63 58 117 122 91 184 177 205 190 189 226 31 271 261 293 296 305 312 332 353 3 5 353 335 360 352 332 330 336 329 331 321 348 347 333 353 357 356 326 343 341 324 320 347 346 347 346 346 347 347 348 349 348 343 338 334 321 310 312 291 284 291
98 78 69 105 117 102 97 80 76 58 96 110 79 94 148 141 135 111 91 50 27 43 65 68 77 103 152 140 111 117 167 157 132 128 117 99 99 109 129 157 162 174 167 180 178 259 251 255 276 289 309 326 333 347 2 7 354 352 350 339 337 338 343 336 338 343 347 338 338 358 340 335 348 343 343 331 332 353 348 347 345 345 345 346 348 349 349 348 347 348 346 336 323 315 315 296
32 93 65 94 109 98 67 82 34 38 83 93 58 59 96 155 143 109 104 90 48 46 57 96 73 85 110 146 149 156 160 166 141 134 135 116 105 113 109 134 168 160 178 206 246 287 272 290 301 311 314 324 329 347 348 347 326 356 343 353 347 334 341 338 342 350 338 350 356 342 340 352 347 345 332 340 0 355 347 344 342 343 345 346 347 349 349 350 352 355 354 349 341 333 326 322
91 84 62 88 101 108 104 99 91 81 76 84 70 57 74 93 151 103 95 63 60 49 57 91 107 79 97 146 148 157 172 184 144 146 145 123 118 118 133 146 172 164 200 233 236 268 289 300 305 314 320 323 331 346 337 330 341 350 351 344 340 337 341 336 352 340 337 344 339 345 352 344 340 349 354 2 341 352 344 340 338 340 343 345 347 348 349 350 353 354 352 350 349 346 339 325
121 91 65 64 90 97 96 57 88 93 82 78 88 55 49 59 156 122 66 62 65 65 64 69 107 72 150 135 144 163 181 171 152 161 151 124 127 130 120 142 150 183 220 241 236 291 287 295 356 339 339 337 323 324 333 341 342 343 339 338 338 342 340 343 348 339 339 340 341 351 340 339 353 354 358 336 357 348 341 337 335 337 340 343 346 347 348 349 351 350 349 349 351 353 352 344
112 108 100 90 88 101 102 88 81 44 85 81 86 69 61 46 142 144 120 63 70 68 65 68 103 73 82 147 139 87 188 159 156 192 155 125 140 143 141 133 145 179 210 229 250 277 296 335 329 328 300 304 316 327 332 332 336 339 335 337 340 337 333 350 335 338 341 340 344 339 352 356 339 336 355 343 353 344 337 335 334 336 339 341 344 346 347 348 348 348 347 348 350 352 354 353
114 102 94 88 82 92 100 101 96 93 95 51 53 94 50 44 60 142 123 64 75 78 62 65 105 75 82 149 136 160 186 160 186 196 152 132 152 150 136 132 149 165 196 212 345 270 280 298 285 291 289 300 317 324 334 333 331 333 335 338 335 338 339 337 337 340 340 339 341 339 355 335 349 353 339 337 351 340 336 335 335 336 338 340 342 344 345 346 346 346 346 347 348 349 351 352
117 106 94 89 78 83 85 93 96 94 95 94 88 92 108 62 67 70 134 76 80 90 80 71 75 119 80 150 147 148 186 168 176 176 149 135 148 141 123 128 162 205 209 290 273 333 281 277 294 293 298 312 311 312 309 322 326 329 331 331 338 347 335 336 338 338 338 338 339 341 342 355 352 342 338 357 348 339 337 338 339 339 339 339 340 342 343 344 344 344 345 346 346 346 348 349
38 122 119 99 91 80 75 83 86 88 92 93 93 90 62 64 65 76 139 114 88 112 90 77 75 114 80 145 144 151 196 168 172 182 148 138 143 132 124 143 170 216 27 274 289 335 284 292 293 308 332 309 285 293 312 318 323 329 327 338 341 334 334 337 338 341 341 342 343 343 345 348 344 347 347 355 345 340 341 343 343 342 341 340 340 340 341 341 341 341 342 343 343 344 346 348
31 108 117 116 107 93 77 76 83 89 90 92 98 96 99 105 63 80 127 122 88 114 94 83 79 100 84 150 147 162 191 174 187 179 153 143 138 134 140 140 163 56 234 8 349 337 285 287 302 312 300 290 283 296 310 317 324 329 332 342 336 333 336 336 338 341 354 356 357 358 347 348 355 346 356 351 343 341 344 347 347 345 343 342 341 340 340 339 339 338 338 338 339 343 347 348
78 68 72 79 99 91 82 69 69 82 84 87 92 103 70 75 74 135 116 122 113 118 123 97 88 86 86 134 141 94 187 176 177 72 155 145 145 144 133 67 148 71 29 264 341 288 276 296 301 306 296 283 291 301 303 310 322 327 331 337 340 349 337 339 353 354 355 356 356 356 356 354 348 346 353 347 343 344 347 350 338 348 345 344 342 341 339 338 337 337 335 333 335 342 346 347
9 15 42 69 82 85 85 49 35 40 72 83 87 95 65 73 76 134 129 121 116 115 125 119 96 91 131 141 139 99 186 188 166 166 150 140 152 154 64 75 136 76 12 341 277 259 267 287 296 294 297 294 300 299 305 311 317 327 329 332 340 349 352 338 336 335 333 333 332 335 350 350 352 353 351 346 344 346 350 351 351 350 347 346 344 342 339 337 336 335 334 332 334 341 343 343
10 41 50 65 71 79 90 90 75 44 49 73 79 80 90 58 63 69 130 126 128 122 130 135 100 94 128 132 145 104 197 185 160 159 149 140 154 153 84 93 92 74 348 267 249 253 264 292 294 288 290 300 299 298 301 306 314 321 326 329 331 331 330 334 332 331 334 335 336 346 342 337 351 345 349 347 346 348 351 351 351 350 349 347 346 343 339 336 335 333 331 330 336 342 339 340
56 64 72 75 76 84 96 99 97 77 57 75 85 78 71 77 52 49 106 105 113 116 123 140 127 116 125 136 145 105 189 167 164 115 151 153 147 82 93 99 194 74 344 260 248 259 280 288 287 270 281 293 302 311 309 311 319 316 319 326 327 324 325 327 331 335 334 338 344 335 335 350 349 348 346 346 347 349 337 350 349 349 348 348 347 344 339 336 334 331 327 325 332 341 337 339
59 63 70 82 81 76 85 91 97 96 80 79 93 95 74 49 47 72 78 86 92 99 110 89 135 120 128 127 100 170 178 160 166 169 159 162 95 90 94 157 97 88 320 289 259 270 278 280 273 265 270 291 305 308 307 324 319 322 314 322 329 328 330 330 333 335 333 340 336 343 349 352 347 345 344 343 345 348 350 349 349 349 348 348 347 343 339 336 335 331 325 320 322 331 329 345
71 67 69 80 85 77 74 85 95 99 87 75 77 78 76 57 53 47 69 51 79 82 88 75 132 120 129 127 102 167 171 167 169 165 172 163 105 97 96 166 96 100 290 256 262 269 275 270 269 268 282 297 302 298 317 315 305 321 315 315 325 327 329 327 327 333 336 340 347 350 343 337 334 332 330 329 342 345 349 350 343 350 350 350 347 342 338 336 335 331 325 321 323 326 309 324
92 85 82 84 96 96 85 90 99 105 96 81 72 76 88 91 83 81 82 75 81 89 80 90 108 119 123 122 140 166 171 174 173 152 179 162 127 109 145 169 188 223 284 289 265 262 267 269 265 278 286 291 285 284 305 299 292 298 307 319 324 323 322 325 328 331 335 348 346 340 338 340 336 337 333 331 335 343 345 349 351 351 352 352 348 342 338 336 335 331 326 324 329 335 335 316
102 96 87 84 91 93 85 82 90 96 91 84 78 77 92 96 100 91 91 84 81 89 75 85 90 105 91 118 150 164 171 177 189 202 180 163 144 128 147 169 191 224 279 283 265 263 266 267 277 285 285 275 302 277 299 299 294 298 309 317 321 321 317 321 321 326 327 327 333 335 339 338 334 343 342 334 333 330 330 338 349 351 353 352 348 343 339 337 334 330 325 326 333 337 325 309
34 96 87 80 86 87 83 80 86 93 84 82 99 77 70 76 78 87 91 89 79 96 73 62 79 101 85 113 144 157 168 179 194 201 186 163 151 141 130 179 134 157 259 276 266 268 270 274 278 277 278 269 275 289 312 287 296 305 304 316 322 322 322 321 322 324 329 332 339 334 341 336 334 334 343 333 335 335 336 333 341 350 351 350 347 344 341 338 335 330 326 326 333 331 303 307
67 65 71 74 76 76 72 73 78 87 86 84 98 102 64 58 60 68 69 76 78 90 84 82 86 98 103 119 136 154 167 173 196 205 187 165 164 145 164 140 153 196 254 270 265 260 263 273 272 266 267 264 270 271 307 280 316 305 305 319 321 325 326 323 332 324 327 328 338 336 331 332 334 339 337 338 334 332 338 341 350 349 349 349 348 344 341 339 335 332 329 330 335 340 339 326
49 51 55 56 63 66 63 71 73 82 83 76 76 111 88 67 59 62 64 80 83 83 78 72 75 91 103 111 126 152 163 170 205 199 190 173 160 147 168 143 169 225 257 269 263 266 271 271 259 257 259 287 294 263 304 306 311 292 310 320 324 329 327 333 330 322 324 327 326 333 334 332 333 344 332 331 334 333 335 335 336 348 348 350 348 344 341 339 335 333 334 339 345 352 358 345
54 48 49 34 52 58 66 73 77 83 83 75 75 95 89 88 80 78 75 80 87 85 85 60 53 81 87 110 118 140 156 168 191 196 178 180 164 150 168 147 186 237 257 262 262 265 266 262 257 258 278 283 294 301 308 310 313 319 324 315 324 329 332 322 320 319 320 323 327 335 329 339 330 331 333 331 333 337 342 338 339 336 348 349 347 342 339 337 334 334 338 346 355 5 11 1
14 40 29 36 54 58 62 67 72 73 82 78 73 75 85 81 77 73 71 68 74 81 89 83 59 81 99 111 122 127 138 161 186 198 186 185 167 161 176 159 204 250 257 264 264 260 264 265 262 261 277 283 289 295 303 290 294 299 303 327 335 325 340 339 335 328 325 325 329 331 333 335 333 334 331 331 332 333 349 351 346 342 350 348 344 339 336 332 330 334 342 347 355 10 22 11
6 40 51 58 66 68 61 65 67 66 75 71 67 68 81 79 77 73 71 69 68 79 85 82 70 77 98 113 119 116 137 164 192 204 194 186 165 176 196 174 219 251 257 259 262 267 271 268 262 257 278 282 285 288 294 286 296 301 323 324 330 327 338 331 332 331 331 332 332 344 339 338 336 334 339 333 339 335 336 350 352 353 352 348 343 339 333 326 323 331 343 347 356 357 9 12
348 16 19 52 58 60 57 54 59 60 67 68 67 67 64 70 72 73 74 73 73 79 78 71 61 70 93 111 116 120 135 162 192 202 189 176 177 189 208 236 243 244 252 255 258 259 259 257 256 274 276 280 284 286 288 298 313 319 318 321 314 321 329 333 335 335 344 347 349 347 339 342 340 339 333 342 344 349 335 335 349 350 350 349 345 341 335 326 320 322 335 348 7 352 351 2
22 46 48 50 48 54 61 59 54 55 66 73 69 65 56 63 65 68 75 73 74 81 74 61 49 59 78 98 111 122 139 157 177 188 182 180 189 205 223 236 242 244 250 256 259 259 259 262 262 273 274 280 285 285 290 301 311 314 315 320 327 324 337 341 344 351 349 349 340 336 333 331 331 331 335 332 333 331 339 333 334 336 347 347 345 342 337 328 322 317 307 296 320 321 327 339
73 69 65 57 52 54 60 72 74 64 64 76 56 72 56 61 65 68 74 72 72 78 78 65 43 43 62 78 100 118 140 157 159 176 186 195 208 222 228 237 245 248 254 261 265 268 271 270 260 274 275 281 286 289 294 304 308 310 313 319 326 332 327 339 342 346 347 347 339 337 335 332 328 325 323 321 322 323 328 330 333 335 345 343 343 344 339 330 322 321 316 314 310 323 325 323
84 81 72 65 59 54 57 63 79 73 71 68 72 74 73 63 70 74 78 76 76 83 87 84 66 55 56 65 90 104 131 145 155 172 184 194 215 227 231 240 246 254 262 265 263 263 267 257 274 275 275 279 285 291 297 301 299 304 310 314 319 326 332 338 340 341 332 333 334 335 335 330 333 330 327 326 326 326 328 331 334 338 335 343 343 347 342 332 325 327 332 335 339 328 328 321
51 82 86 84 74 64 55 56 60 61 57 63 67 37 65 62 68 73 76 80 84 89 92 97 90 75 63 63 84 93 119 139 159 175 190 206 225 222 238 246 251 259 266 266 262 261 260 275 275 275 274 276 282 293 298 293 292 300 307 300 305 314 331 328 331 331 331 330 338 339 339 346 344 335 334 333 334 334 333 332 334 335 341 355 353 351 344 335 329 330 338 346 345 317 320 330
29 48 81 69 69 66 65 63 60 63 59 53 58 60 62 54 53 62 59 65 77 90 95 99 94 82 75 66 76 86 105 117 168 186 201 229 226 220 241 250 257 262 266 270 271 268 266 276 277 278 276 274 277 288 292 294 300 305 309 298 304 313 328 325 330 334 335 335 335 335 335 336 336 335 332 332 333 334 334 336 344 338 356 1 358 350 343 336 331 331 336 345 349 324 324 339
29 37 23 95 80 88 83 70 64 60 64 65 73 66 59 59 47 46 47 48 56 66 75 88 96 94 72 72 77 82 91 107 159 201 215 229 223 228 241 244 255 264 267 269 273 276 278 274 277 280 282 281 281 285 289 295 306 312 299 299 301 305 313 322 328 340 343 346 347 347 342 338 337 329 326 330 330 339 346 346 345 347 350 350 350 348 343 336 332 333 336 345 353 357 333 339
25 26 13 7 91 88 88 82 70 65 71 66 57 51 66 63 49 42 35 34 42 50 50 56 70 85 97 81 80 83 89 98 142 213 235 239 240 245 252 257 261 263 264 268 276 279 282 271 277 283 287 289 290 292 291 292 299 308 308 307 311 305 309 317 322 325 330 333 332 324 324 333 334 337 340 331 332 333 338 342 342 335 338 334 338 345 342 336 334 334 337 347 358 4 333 329
354 4 48 10 14 74 73 73 71 66 62 52 59 56 38 65 57 58 56 49 43 42 44 53 52 65 73 78 83 89 92 90 96 240 251 251 252 256 265 271 270 269 272 272 275 279 281 270 276 284 288 286 285 286 289 290 288 289 297 302 306 310 303 305 312 317 320 329 343 336 330 329 332 326 335 339 338 331 327 329 332 327 333 317 337 344 341 337 336 335 336 348 5 11 318 315
50 51 54 64 22 19 70 60 55 53 44 37 37 41 51 29 31 34 36 73 55 44 39 44 45 51 56 67 79 88 92 82 63 305 271 263 260 257 257 259 263 267 270 268 267 270 275 280 290 278 283 286 282 274 273 280 282 280 284 290 293 294 307 314 329 334 339 340 341 340 336 334 326 341 333 335 332 330 327 325 323 333 328 327 344 347 343 339 339 338 337 347 12 23 328 315
61 59 61 64 20 10 1 53 43 42 40 38 38 38 40 43 42 41 35 32 28 29 35 39 50 52 56 66 76 80 79 74 56 344 295 278 272 315 293 282 275 270 266 265 270 267 266 272 282 275 276 281 284 277 271 271 274 275 276 281 289 298 307 309 320 334 339 342 345 338 345 342 340 339 341 344 343 340 328 336 335 323 326 329 343 344 343 343 343 342 340 349 12 29 321 307
63 63 62 59 52 35 38 34 34 30 31 41 41 34 25 22 22 15 8 7 13 22 35 46 54 56 66 78 79 74 67 64 46 1 315 302 295 288 285 282 294 274 275 268 264 275 277 270 272 278 285 273 274 289 274 270 268 268 270 274 271 278 288 300 312 322 330 338 344 349 350 351 335 345 337 339 340 337 336 335 334 323 321 312 329 341 340 343 348 350 347 354 10 24 294 278
4 357 57 47 40 29 5 353 29 29 39 38 33 26 24 24 21 19 22 32 37 35 46 57 54 51 70 84 81 73 67 67 32 342 317 315 309 283 284 301 293 286 292 289 287 284 281 278 264 272 278 282 281 284 282 280 278 277 268 271 272 273 278 281 273 292 280 286 300 315 329 347 353 347 341 340 342 340 337 334 332 330 329 328 336 354 343 337 350 359 1 2 13 28 23 289
354 46 40 36 33 30 7 25 33 41 45 43 42 40 38 37 33 29 27 31 34 40 63 70 57 58 80 85 75 74 72 65 35 317 298 305 302 297 295 275 283 298 288 288 288 285 283 276 272 269 268 270 268 272 278 281 278 278 281 272 270 269 270 270 269 270 273 276 281 286 299 296 308 318 328 334 335 338 340 337 331 327 326 329 337 330 357 332 337 2 10 14 20 34 34 312
342 20 23 25 6 10 8 31 38 38 48 53 58 52 42 37 32 26 25 37 49 61 78 69 52 60 83 85 79 77 74 61 27 346 299 290 287 286 292 299 292 287 288 270 265 265 270 271 271 280 277 274 267 261 264 262 259 257 256 256 265 272 266 264 263 274 277 274 281 286 294 303 303 288 295 307 312 323 334 338 336 328 324 327 333 311 6 348 327 347 16 25 28 36 46 36
322 336 12 22 10 13 8 36 39 45 51 51 48 37 29 29 25 25 39 62 77 84 81 54 46 66 85 89 88 84 72 50 20 341 302 295 293 286 278 280 289 281 276 277 279 281 267 266 286 286 282 283 267 281 274 271 267 267 250 245 260 256 264 269 275 277 275 271 271 276 277 292 299 301 299 307 304 311 321 331 335 333 330 331 335 326 286 6 350 347 25 38 38 37 44 45
343 11 24 38 48 14 34 42 39 42 47 48 42 31 25 23 25 42 64 76 86 84 64 37 52 83 93 91 91 89 72 53 33 6 343 324 303 293 284 276 278 281 277 273 270 268 274 279 284 270 283 282 284 282 276 249 246 272 274 271 241 269 267 243 243 238 236 236 238 240 239 239 240 240 250 264 300 318 319 331 328 331 333 336 343 346 325 292 5 1 11 47 48 44 43 44
342 350 55 334 5 7 42 36 37 49 46 30 16 18 17 21 32 43 57 74 81 68 46 38 63 93 90 84 87 90 75 57 43 28 15 354 319 302 293 282 273 274 273 266 258 259 264 267 270 276 275 274 281 281 277 276 272 271 255 243 237 230 230 239 248 257 261 261 275 259 275 274 270 269 274 263 269 278 315 334 331 323 327 335 348 359 356 332 312 339 357 37 57 52 49 48
340 337 328 39 21 20 38 32 37 32 18 7 12 27 27 31 27 30 52 69 69 57 47 49 71 88 79 75 87 92 74 57 44 34 28 21 348 321 310 300 286 271 258 259 262 267 272 277 279 276 269 268 271 270 263 252 241 241 242 249 252 249 249 263 272 284 295 299 299 299 302 304 302 303 306 308 299 301 292 342 337 328 319 328 348 6 15 9 343 330 352 45 14 62 23 22
44 46 22 16 15 24 19 28 27 5 350 9 29 43 42 37 23 44 69 77 75 66 58 48 66 76 67 73 93 91 72 58 50 41 33 22 7 359 347 319 299 320 303 297 299 284 280 276 280 284 272 253 249 246 243 239 246 248 256 263 270 283 284 284 285 294 296 299 307 299 294 305 305 305 306 306 322 304 298 295 9 343 316 313 349 21 30 26 15 350 349 68 71 66 22 73
330 329 327 5 14 19 9 12 6 353 9 27 43 44 40 38 42 71 80 84 82 64 47 32 42 55 60 78 93 83 67 58 54 48 40 30 10 354 345 348 347 338 333 330 328 303 298 279 268 251 252 253 259 260 258 256 257 272 283 290 293 291 289 288 289 285 304 305 292 300 307 313 315 302 303 310 329 311 302 297 310 357 321 304 336 49 58 59 54 42 316 117 87 72 72 73
324 329 333 16 17 14 348 6 12 8 28 39 49 51 55 69 47 53 82 79 71 48 29 21 33 45 64 84 89 79 67 62 61 51 49 40 7 355 349 341 353 343 347 351 327 328 310 284 280 269 267 275 285 283 277 280 288 292 296 298 293 288 285 283 284 284 284 285 287 282 281 287 286 288 294 301 316 324 325 293 293 3 331 309 345 53 66 78 98 106 115 128 110 37 78 75
316 325 345 360 344 350 347 15 31 29 41 46 53 64 77 40 39 48 73 68 60 34 21 29 42 53 75 83 82 78 72 65 68 52 54 53 1 352 350 349 351 353 354 3 335 317 296 308 290 283 292 308 317 317 308 303 303 299 295 294 295 294 290 283 275 268 263 262 273 272 268 270 278 281 280 285 295 306 285 271 277 296 333 305 333 40 58 75 91 99 106 121 25 104 35 36
314 320 330 335 344 5 22 39 41 40 44 53 60 68 38 59 50 48 41 49 55 31 25 41 40 52 70 75 81 87 72 73 69 60 52 51 16 345 345 346 0 338 351 356 3 328 339 325 318 315 317 320 325 327 321 313 304 296 287 283 283 286 289 289 281 269 260 257 262 265 266 270 272 273 273 272 273 271 285 269 251 255 325 300 296 33 56 67 78 89 101 114 114 25 34 41
