examples/cougarCreek-fire/createInputs/farsite/7a-cougarCreek-polygonIgnit/cougarCreekFire_08-12-2015_1700_217m_non_neutral_stability_ang.asc
ncols	146
nrows	140
xllcorner	610065.000000
yllcorner	5095217.000000
cellsize	216.586807
NODATA_value	-9999.000000
[rows 46 to 91 of 140, columns 0 to 95 of 146]
236 234 208 230 226 224 213 215 208 197 201 211 217 215 209 201 204 211 206 200 195 170 162 157 150 142 139 133 120 122 123 118 115 110 103 92 86 81 76 69 65 64 66 65 71 76 76 69 69 69 69 73 80 83 79 74 70 68 69 61 59 58 59 65 67 71 71 69 77 85 85 87 82 76 76 80 87 73 73 77 80 80 76 92 79 75 75 77 78 80 82 83 81 81 81 82
235 200 217 229 227 223 204 209 208 201 212 217 220 218 218 223 175 212 209 199 189 161 151 153 150 146 148 132 123 124 123 123 117 112 105 92 90 88 82 75 65 69 77 76 76 75 68 64 62 60 59 64 69 69 65 65 65 56 58 65 67 68 72 75 77 78 77 78 82 84 83 82 78 75 78 80 83 82 72 73 77 80 78 75 80 73 74 75 76 78 80 83 82 80 80 81
236 206 214 217 208 208 201 212 217 212 218 211 222 225 198 186 226 214 211 199 178 153 147 155 154 165 145 136 118 120 125 126 123 112 100 90 89 90 88 88 96 89 88 83 70 68 65 62 56 51 52 49 49 48 49 53 60 78 84 84 81 77 78 83 84 83 82 81 81 80 76 75 77 78 76 77 84 87 76 71 73 77 79 76 90 84 72 73 74 75 78 81 82 81 80 80
206 222 208 203 214 209 216 219 218 220 221 211 209 205 225 218 210 203 190 189 178 157 155 162 160 168 153 140 126 108 127 125 118 116 100 89 86 90 89 99 96 91 91 85 77 58 55 51 43 42 39 43 66 65 61 68 73 78 82 85 74 71 71 80 80 79 78 76 75 75 74 73 73 72 73 73 73 73 69 71 71 74 79 78 73 69 91 75 72 74 74 77 80 81 82 80
214 202 202 213 219 222 218 221 218 216 215 212 209 223 213 200 198 188 184 188 178 166 163 159 154 150 118 136 109 119 130 124 119 116 105 91 88 91 90 92 100 92 92 89 81 73 67 61 56 55 63 64 64 67 73 75 69 71 80 82 76 74 70 70 77 73 71 69 68 67 67 68 67 70 71 68 62 60 65 71 68 70 76 80 79 75 71 69 69 82 76 73 76 79 80 80
213 212 212 222 223 220 222 220 218 217 214 210 208 219 198 193 193 187 189 190 172 161 164 143 157 148 156 103 109 127 133 123 125 116 107 95 90 94 92 90 91 90 89 91 79 74 68 63 58 64 60 59 51 60 58 63 70 70 70 78 79 76 75 71 71 70 76 74 74 72 73 80 73 76 75 76 77 79 65 78 65 67 71 76 79 79 77 73 70 70 88 77 70 76 78 79
205 211 210 224 222 223 221 220 224 216 213 217 203 200 193 190 190 190 191 185 173 171 159 114 157 104 103 107 133 137 137 126 124 116 104 97 95 98 93 91 89 87 85 86 91 82 81 76 73 66 61 56 55 52 58 62 68 65 73 73 74 76 73 68 74 72 71 73 73 73 63 74 76 64 64 65 66 66 67 66 73 65 67 69 73 76 78 77 75 73 72 72 73 74 76 78
208 202 226 223 224 219 220 219 221 225 215 197 198 197 196 190 184 196 193 184 182 168 160 145 176 110 142 138 138 138 135 130 123 116 102 95 93 88 84 81 83 81 81 83 87 81 80 75 75 73 72 72 69 68 72 78 75 71 65 68 69 69 64 68 69 67 67 67 66 65 67 68 66 65 65 66 80 72 67 67 67 66 87 67 68 70 73 76 77 77 76 75 74 75 76 77
201 201 223 220 210 208 217 222 221 220 199 196 197 199 208 202 189 206 200 187 145 136 163 162 154 143 148 145 136 138 130 131 121 120 89 96 99 95 84 85 84 80 75 76 76 78 79 75 73 72 75 81 85 86 90 84 74 68 67 69 70 64 68 72 73 74 73 70 67 67 69 69 68 66 65 65 65 66 67 68 69 69 68 68 68 68 70 71 73 75 77 76 76 75 76 77
194 203 215 208 206 208 217 221 205 201 197 194 197 200 209 203 188 202 169 156 171 171 166 161 164 151 148 144 135 139 135 133 125 122 108 80 106 102 96 93 91 89 77 71 69 72 75 76 75 72 72 77 86 93 92 90 80 69 69 69 67 67 70 72 73 75 74 71 69 68 68 68 67 67 67 67 67 68 68 70 70 68 83 71 67 68 69 69 71 73 74 75 76 77 77 77
197 216 211 211 216 216 219 207 198 196 196 198 196 196 206 194 185 179 159 174 172 166 164 160 154 154 149 133 137 137 136 136 125 124 108 101 108 106 95 92 89 89 82 72 66 66 69 75 78 76 74 74 79 86 88 83 77 75 76 74 70 69 68 68 68 69 68 68 68 67 66 65 65 65 67 69 69 68 69 69 69 78 69 68 67 79 67 67 68 69 71 72 74 76 77 78
216 214 208 215 214 211 218 197 203 200 197 202 194 192 197 193 190 207 170 164 171 165 165 133 155 155 145 133 144 139 141 132 120 127 100 96 112 105 93 94 91 89 90 77 69 63 62 64 70 74 75 75 75 79 80 78 75 75 74 73 71 70 69 69 68 66 64 64 65 65 65 64 63 64 66 66 67 67 67 64 67 68 69 70 69 68 68 68 93 93 70 71 72 74 76 78
212 209 210 211 209 221 201 203 201 198 209 202 192 191 214 202 194 169 160 152 172 168 131 126 158 156 116 140 145 139 139 132 125 127 104 94 109 104 97 96 93 90 90 83 75 63 56 57 57 57 64 70 74 77 78 75 74 74 72 70 69 70 71 71 70 69 68 66 66 65 64 64 64 63 64 65 55 60 64 64 65 65 66 68 69 70 70 83 69 70 71 72 73 74 76 77
206 204 206 206 204 210 203 201 199 207 208 193 208 190 188 183 185 169 161 152 173 152 135 141 161 128 119 148 146 145 133 135 134 130 113 99 102 104 97 98 94 92 92 85 83 84 74 60 60 53 54 58 65 71 71 72 73 74 74 71 69 69 69 69 68 68 67 68 68 66 65 65 64 64 55 62 73 72 65 64 64 64 64 64 66 67 68 69 69 70 71 72 73 74 76 77
200 200 202 202 208 202 201 199 209 212 195 194 191 188 183 186 216 162 161 153 168 166 165 164 140 129 148 150 148 140 138 139 138 133 119 105 102 102 102 99 96 91 88 92 85 83 80 83 79 59 55 61 54 58 58 60 64 67 67 66 66 68 69 64 66 66 65 65 66 64 64 64 57 58 72 71 66 68 74 76 73 69 70 70 68 69 70 67 68 70 71 72 74 75 76 78
195 196 199 200 200 200 198 197 197 196 195 192 186 191 187 186 160 159 154 153 158 167 170 147 140 132 126 151 145 143 143 142 138 131 119 111 101 101 104 100 95 92 89 92 89 89 87 85 84 65 58 56 55 52 52 53 52 55 55 54 55 59 62 64 68 66 63 63 62 62 56 61 71 70 66 68 72 76 75 76 82 77 81 79 78 80 81 79 67 69 70 72 74 76 75 77
192 194 197 198 198 199 198 198 198 196 191 196 193 193 214 194 163 159 159 156 160 169 164 165 143 137 156 152 147 146 147 145 137 134 117 114 108 103 106 102 98 93 93 91 90 90 87 79 78 66 60 59 56 80 52 56 62 60 74 67 56 56 58 59 58 56 60 54 54 57 64 68 66 62 66 73 78 79 78 75 82 83 77 80 65 79 80 80 67 69 70 71 73 75 77 79
191 193 196 197 197 199 200 199 195 199 195 196 196 216 211 164 160 164 159 164 168 166 161 166 147 142 157 152 151 149 150 145 140 133 116 115 113 107 107 104 100 92 91 94 88 86 84 88 85 66 61 60 58 84 56 60 75 62 79 83 60 61 64 60 56 55 53 77 82 70 68 68 67 66 71 75 79 75 79 79 82 64 83 83 65 75 76 78 67 69 70 71 72 74 76 77
189 190 194 197 198 199 197 192 195 196 214 216 215 216 173 165 159 159 163 163 153 155 164 166 163 162 158 152 153 151 149 148 140 129 119 118 114 112 109 104 101 92 93 94 93 87 85 72 69 83 65 61 60 59 59 62 63 69 63 81 63 68 63 76 78 77 78 81 60 82 73 69 81 82 71 76 72 73 73 74 78 83 65 65 65 66 66 82 68 69 70 71 73 75 76 78
186 188 192 196 197 193 188 195 198 214 208 205 200 173 169 164 160 161 169 160 150 160 166 164 163 149 141 152 154 152 150 146 141 129 121 118 120 114 112 110 104 97 93 90 91 88 87 85 72 69 68 61 60 59 82 63 64 64 64 85 65 65 64 81 77 78 79 80 82 88 79 78 81 82 71 71 63 59 59 62 64 66 69 71 71 73 67 68 69 69 70 71 73 75 76 78
184 186 191 193 207 198 197 216 217 214 205 196 187 172 167 160 165 164 159 161 152 147 142 138 168 150 143 135 154 154 154 140 136 131 122 120 129 115 111 118 106 99 89 92 82 80 79 77 73 83 70 68 59 85 63 64 64 64 66 66 80 66 87 87 86 81 70 83 78 79 78 69 77 80 81 70 55 58 62 67 68 67 68 66 63 62 66 67 68 69 70 72 73 75 77 79
183 185 187 200 202 200 220 218 214 208 196 188 182 173 166 167 164 167 158 170 165 162 145 140 167 152 145 137 156 156 148 138 135 134 129 126 132 115 117 117 107 102 88 80 80 86 92 90 87 86 89 70 69 63 87 66 64 64 66 70 65 80 81 64 88 86 84 60 61 77 75 76 79 81 83 83 61 62 61 62 62 62 64 65 65 65 74 72 67 69 71 73 75 77 80 79
180 180 181 198 201 199 194 190 194 194 181 178 177 173 168 166 164 176 167 162 164 169 146 159 165 138 134 138 160 151 149 138 135 141 138 129 133 121 119 121 109 111 81 77 77 77 76 88 75 87 87 64 64 65 67 94 66 64 64 86 79 80 75 87 75 75 73 61 61 80 73 71 68 69 77 85 87 83 63 64 71 62 60 66 72 78 67 73 68 70 72 73 75 77 78 81
176 176 176 194 191 186 186 187 190 191 180 176 177 171 167 165 164 161 173 155 164 168 165 164 168 139 135 141 159 151 156 141 133 137 140 139 136 124 121 123 117 106 100 79 78 77 76 76 74 73 73 66 66 66 68 69 99 67 65 68 75 67 67 81 84 82 81 63 63 61 79 74 74 68 73 77 82 63 61 63 63 63 64 65 66 67 68 68 69 71 72 73 75 76 78 80
175 175 173 192 186 182 182 187 189 188 183 181 175 165 162 164 163 161 174 155 152 168 161 168 159 141 142 160 155 159 162 149 134 136 142 139 137 124 123 121 119 114 103 82 79 79 89 87 74 72 67 67 66 88 67 69 71 72 69 65 70 65 67 68 68 78 79 82 64 63 83 80 78 79 79 79 79 62 69 65 62 64 60 55 56 65 66 66 67 59 70 73 75 76 78 80
177 174 170 172 185 180 182 184 188 185 184 184 173 172 166 164 163 161 175 156 160 170 146 160 144 141 146 159 156 162 162 145 122 117 144 142 129 125 125 127 123 107 102 98 80 78 78 86 75 74 72 67 74 89 88 69 70 72 73 69 65 82 65 66 66 66 66 72 81 65 64 86 79 78 79 79 80 80 79 77 64 64 80 82 57 57 58 61 73 70 62 62 67 76 78 81
175 171 169 171 183 180 183 184 186 182 184 183 187 184 155 164 163 160 169 156 153 150 147 161 145 151 150 156 160 164 160 143 135 147 149 142 128 111 132 124 118 111 92 103 86 78 78 87 76 68 72 68 86 91 69 70 70 71 73 73 69 67 87 71 69 64 68 63 63 68 65 82 78 73 74 79 79 82 80 83 79 78 84 87 65 86 87 90 92 68 94 87 83 83 81 81
170 169 168 170 180 180 183 182 180 179 181 181 184 167 158 165 163 160 157 155 153 151 147 174 145 152 165 164 168 146 156 141 137 148 144 143 115 119 134 125 125 112 95 106 96 78 88 79 77 68 74 67 86 68 90 70 70 70 70 72 72 69 74 87 83 81 72 76 72 72 74 75 76 76 77 79 80 80 81 82 80 78 80 87 90 89 88 88 92 70 71 95 88 84 78 81
167 168 169 170 180 181 183 182 177 177 180 181 167 175 165 165 164 160 157 155 154 151 148 164 146 155 166 171 153 163 150 141 143 138 147 144 116 121 136 130 127 112 110 113 86 81 79 79 79 77 68 86 86 69 70 88 70 69 69 70 73 71 69 89 84 81 84 84 80 81 86 82 81 62 79 77 80 80 82 84 82 79 79 84 88 91 89 80 83 95 73 74 97 86 79 81
166 168 169 180 178 179 181 181 177 181 182 184 176 173 164 164 164 160 157 171 154 151 149 148 161 159 169 154 166 160 154 144 160 138 150 135 118 127 137 134 129 112 110 95 88 97 75 86 71 80 68 67 89 69 70 89 90 68 68 69 71 72 71 76 86 73 80 73 72 85 61 62 86 78 62 78 79 81 82 83 83 79 73 75 83 89 90 87 79 81 95 76 76 97 79 80
166 167 169 178 176 179 183 179 180 186 170 168 166 172 163 164 164 160 179 156 154 152 150 148 163 170 171 169 161 165 159 150 163 156 146 123 120 132 119 134 124 113 110 110 91 86 94 73 71 81 68 68 68 69 69 82 89 69 69 69 69 71 72 69 86 83 83 83 72 79 89 81 77 84 80 89 79 82 83 80 83 78 71 75 81 87 87 88 83 77 74 86 79 79 81 81
166 167 169 176 178 182 184 180 183 188 170 187 168 166 164 165 164 160 158 156 154 152 151 165 158 171 172 169 167 169 162 158 161 156 141 124 114 134 121 138 110 108 104 102 94 89 97 74 72 82 69 69 69 69 69 82 89 68 68 68 91 70 71 69 79 87 86 85 80 74 83 86 89 88 63 64 64 87 85 83 82 83 83 81 85 68 88 82 84 80 74 77 85 83 83 84
165 167 169 176 179 171 183 181 184 185 183 178 169 167 166 166 164 161 159 157 155 153 150 152 156 171 170 170 169 171 170 157 161 154 136 120 116 128 141 139 113 110 108 104 101 96 92 94 73 83 83 70 69 69 69 69 88 89 88 67 68 70 70 69 67 87 85 84 77 61 62 63 86 87 64 64 92 84 78 82 87 87 85 83 82 69 71 88 88 90 88 83 79 82 86 86
165 166 168 175 178 170 182 179 182 182 180 177 177 167 166 166 164 161 160 158 155 153 172 150 150 171 171 172 169 171 167 155 155 157 137 121 117 130 146 141 115 111 109 107 104 100 96 91 97 74 85 71 70 69 70 80 70 88 92 68 68 70 71 69 67 78 77 76 75 61 60 62 64 79 85 84 65 66 78 82 87 89 88 86 84 71 72 72 73 74 76 93 89 82 85 89
165 166 168 173 178 170 170 181 182 182 180 180 182 167 167 167 164 162 161 159 156 154 153 151 154 171 173 148 170 160 169 160 159 162 139 123 119 133 132 141 118 115 110 109 107 104 100 90 90 77 76 75 72 71 72 73 71 85 81 69 69 69 69 88 67 66 83 75 76 71 72 73 64 65 79 86 67 68 86 81 83 93 70 70 70 72 74 74 74 76 78 79 81 89 84 86
164 166 167 170 169 169 170 183 179 178 178 183 183 167 168 166 164 163 161 159 158 167 153 153 156 164 151 149 161 161 162 166 166 163 142 134 134 152 150 109 106 102 114 109 107 106 103 84 88 80 79 77 74 74 76 87 86 71 81 83 69 69 69 69 85 67 78 80 78 71 75 82 76 65 67 68 68 70 87 84 81 70 71 71 71 72 74 76 76 78 79 81 82 91 84 85
164 165 167 172 168 169 169 183 176 174 177 168 182 167 168 166 165 163 161 160 179 159 155 155 157 172 153 151 166 158 164 173 167 158 145 138 139 143 134 111 108 105 118 111 107 108 107 88 109 95 80 78 77 79 92 89 86 91 85 81 93 69 69 69 69 68 66 86 80 83 74 76 82 74 67 75 85 71 71 87 83 71 72 73 73 73 74 76 78 80 81 82 82 86 87 86
164 165 166 167 168 168 169 183 175 173 182 168 178 167 176 166 165 163 162 179 175 156 157 156 158 156 155 153 169 156 175 174 156 154 151 145 159 124 134 114 110 122 105 115 98 96 94 117 102 100 95 80 81 96 103 92 76 89 88 84 84 94 84 69 69 68 67 81 83 84 81 81 83 84 80 78 82 95 96 90 92 71 73 75 76 75 76 77 78 80 81 83 84 86 87 88
164 165 166 167 167 168 168 183 176 179 168 167 171 168 167 166 186 164 163 177 162 159 158 157 157 176 156 171 168 157 170 168 150 146 162 137 166 128 139 117 113 111 108 104 101 98 97 95 105 88 99 85 99 97 95 80 79 77 90 75 88 87 85 85 83 83 83 81 89 83 82 76 87 86 86 87 88 91 93 73 72 72 73 75 77 77 78 78 78 80 82 84 85 88 89 91
163 164 166 166 167 167 168 180 178 186 168 186 165 170 167 166 165 181 179 173 159 160 159 159 159 177 176 175 169 155 163 170 151 148 165 166 163 149 127 122 117 113 111 107 103 101 99 97 94 91 89 89 87 84 83 82 81 80 78 77 76 89 73 86 92 89 92 66 80 88 87 75 77 91 93 91 91 91 73 74 74 75 75 76 77 101 79 80 81 81 82 84 86 88 90 92
163 164 165 166 166 167 167 168 181 168 167 173 166 176 166 166 181 177 172 167 162 161 161 163 160 179 158 176 170 165 165 173 167 150 166 163 163 161 131 126 131 115 112 109 105 103 101 100 98 95 92 91 89 87 85 84 83 82 80 79 78 76 75 74 95 92 94 84 83 82 83 84 84 87 92 70 94 72 73 73 75 83 77 78 77 79 80 81 82 92 84 86 87 89 91 93
162 163 165 165 166 166 167 168 168 168 167 165 166 174 178 182 181 169 172 163 163 162 162 162 174 179 159 178 158 173 158 175 155 152 148 144 139 136 163 157 123 118 115 111 107 105 103 102 100 97 95 93 92 90 88 86 85 83 82 81 79 78 77 75 89 96 96 86 84 66 67 91 87 85 87 87 87 92 95 88 74 81 78 79 79 80 81 82 83 83 85 87 89 91 93 92
161 163 164 165 166 166 180 167 168 167 167 167 166 167 177 182 180 169 173 164 164 164 163 163 179 162 161 160 160 160 180 180 168 155 151 167 142 138 161 130 125 120 117 114 110 107 106 104 102 100 98 95 110 92 91 89 87 85 84 82 80 79 78 76 99 95 88 95 94 94 68 94 91 87 71 72 73 75 76 88 76 77 78 80 80 81 82 83 84 84 87 89 91 91 92 95
161 162 163 164 165 165 178 166 167 167 167 173 167 166 177 183 180 170 170 165 165 165 165 178 164 163 162 162 161 161 161 175 172 158 154 149 145 141 164 133 129 124 120 117 113 110 108 105 104 102 100 98 112 112 92 90 88 87 85 83 82 81 79 101 91 95 95 95 93 92 94 96 95 95 88 86 87 75 76 77 78 78 79 80 81 82 84 85 86 87 88 90 91 93 96 99
161 162 162 163 164 165 165 165 166 166 166 174 167 167 176 184 179 169 169 166 166 166 166 166 166 164 163 163 176 179 180 177 174 159 157 153 148 144 140 136 133 128 124 120 116 112 110 108 106 104 102 100 98 113 94 92 90 88 86 85 83 105 80 104 101 98 94 94 91 89 91 95 72 72 97 94 92 94 89 77 78 79 80 81 83 84 85 86 88 89 90 110 105 109 109 110
161 162 162 162 163 164 165 165 165 165 183 171 167 165 175 182 177 167 167 167 167 167 178 167 167 166 184 181 181 182 177 173 171 160 158 155 151 147 143 139 135 131 127 123 145 115 112 110 108 106 104 102 100 112 96 94 92 90 88 86 84 105 105 101 103 76 97 94 87 87 72 90 74 75 75 94 96 77 97 92 92 94 91 82 84 85 86 87 89 91 92 95 97 116 100 103
