examples/cougarCreek-fire/createInputs/farsite/7a-cougarCreek-polygonIgnit/cougarCreekFire_08-13-2015_0900_217m_non_neutral_stability_vel.asc
ncols	146
nrows	140
xllcorner	610065.000000
yllcorner	5095217.000000
cellsize	216.586807
NODATA_value	-9999.000000
[rows 105 to 139 of 140, columns 0 to 79 of 146]
18.86 18.00 17.46 17.90 18.05 18.69 36.65 19.45 20.55 23.37 22.50 24.24 23.40 34.41 23.16 22.70 32.00 31.97 17.73 31.33 26.43 16.86 16.79 29.49 30.47 13.82 20.31 12.66 23.17 21.27 8.44 7.70 7.09 6.58 6.14 5.69 4.93 4.18 3.89 4.34 5.33 6.29 6.32 5.38 4.47 4.22 4.25 4.39 4.87 5.63 6.39 7.89 9.72 10.94 10.67 8.77 7.97 9.44 10.95 11.25 10.45 9.27 8.93 9.38 16.39 17.09 18.04 10.18 10.45 10.31 9.92 18.03 18.04 17.94 17.12 16.72 16.89 16.74 16.16 16.19
18.20 18.46 19.19 19.81 20.00 21.34 22.67 21.21 34.43 21.44 26.95 23.40 37.38 26.73 22.79 20.96 33.50 32.36 18.11 31.20 26.71 21.83 22.65 16.16 15.52 22.12 13.78 12.52 25.19 10.04 9.55 8.99 8.21 7.14 6.42 6.44 5.95 4.91 4.30 4.48 5.31 6.06 5.92 5.16 4.44 4.19 4.30 4.31 4.26 4.87 5.29 5.77 7.48 10.21 11.21 8.85 7.46 9.33 11.15 11.70 11.03 9.51 8.84 9.48 10.24 10.59 10.77 11.04 11.25 11.19 11.01 11.04 11.44 18.15 17.51 16.91 16.12 16.22 15.59 15.69
18.23 19.65 20.86 21.68 22.61 24.06 24.57 23.20 22.12 21.84 27.45 37.63 36.09 21.05 39.88 33.79 19.20 18.77 18.65 16.92 21.93 18.74 16.67 29.14 15.87 14.48 28.51 29.46 10.82 10.95 10.52 9.80 8.93 7.91 7.16 7.03 18.88 16.16 11.78 5.83 6.13 6.21 5.85 5.29 4.61 4.09 4.05 3.81 3.32 3.52 4.18 4.67 6.18 10.14 11.65 8.88 7.45 9.49 11.70 12.42 11.53 9.53 8.56 9.66 11.44 12.29 19.67 19.54 19.96 19.69 19.70 19.42 19.17 18.69 18.12 17.25 17.01 17.33 17.47 17.74
19.58 20.23 21.06 22.21 22.99 23.22 23.21 23.23 22.52 38.21 19.29 33.23 20.86 34.68 34.65 32.20 33.31 31.47 29.18 29.95 21.27 17.93 17.81 26.10 25.29 27.86 25.64 24.83 11.88 24.08 10.71 9.56 25.41 8.41 8.09 19.96 7.71 7.56 7.47 7.57 7.16 6.55 6.20 5.65 4.67 12.67 3.33 2.83 2.36 2.38 2.77 3.27 6.28 11.63 12.42 8.89 7.86 10.37 12.55 12.90 11.69 9.66 8.98 10.73 13.16 20.03 20.63 20.67 20.80 20.38 20.11 13.26 19.34 19.19 18.97 18.63 18.17 17.85 17.92 17.89
20.98 21.23 21.81 22.45 22.65 22.39 22.47 22.97 22.09 21.64 19.73 21.51 33.34 36.07 35.02 36.75 18.30 32.66 30.68 29.14 22.54 21.42 23.65 32.50 22.71 29.26 29.79 12.75 11.66 28.55 9.31 27.20 9.02 8.93 20.10 8.43 19.53 7.78 8.18 8.18 7.54 6.97 6.75 6.16 15.30 4.11 2.95 1.34 0.71 1.93 2.31 2.84 6.82 12.34 13.31 10.91 10.45 12.40 13.63 13.40 12.27 10.92 11.12 13.18 15.45 16.07 20.59 20.80 21.57 14.67 20.19 13.40 19.34 13.51 13.60 18.86 18.26 17.97 18.02 17.53
22.42 22.38 22.55 22.66 22.91 23.06 23.30 24.18 23.04 21.85 21.14 22.65 36.37 22.80 22.51 36.77 33.41 26.15 16.44 35.53 24.20 29.25 35.35 32.25 26.16 24.68 30.43 24.34 28.94 29.88 26.63 10.24 22.46 21.72 20.75 20.95 20.49 8.29 18.82 8.17 7.56 7.23 7.06 17.10 16.03 13.75 3.45 1.90 2.59 3.49 3.75 4.36 7.80 12.61 13.77 13.41 14.34 15.17 15.13 14.58 13.97 13.68 14.65 16.66 18.18 18.00 20.63 20.53 21.43 20.90 20.25 19.22 18.86 19.52 19.22 18.29 18.21 17.84 17.49 18.03
22.50 21.74 20.77 21.01 22.31 23.63 24.26 24.76 22.55 20.86 21.81 23.40 23.75 23.14 35.48 37.90 17.78 18.49 19.78 20.61 21.19 18.92 16.48 32.85 26.76 26.78 25.32 29.30 30.13 11.54 21.10 11.72 20.87 20.89 21.71 21.67 9.74 9.69 9.55 21.03 20.17 19.32 18.55 17.52 16.16 14.55 3.82 3.79 5.18 6.05 6.56 7.70 10.67 14.17 15.68 16.68 17.47 16.99 16.07 15.70 15.75 16.17 17.50 19.21 19.48 23.87 22.67 22.31 21.72 20.61 20.25 19.28 18.65 18.39 18.54 19.16 19.08 18.56 18.27 18.22
21.94 21.07 19.97 19.95 22.46 22.65 22.41 22.86 22.08 21.96 32.03 22.54 28.15 35.26 35.24 36.96 20.02 21.71 22.98 22.54 20.34 17.43 16.39 29.93 23.84 23.75 24.90 13.72 13.59 24.79 23.79 23.75 24.55 12.28 23.39 20.34 10.76 10.66 22.77 21.97 21.70 20.11 19.54 18.40 16.55 5.17 4.83 6.11 7.77 8.76 9.83 11.95 15.06 17.57 18.70 19.12 18.35 17.04 16.42 16.66 17.20 17.88 19.02 19.95 19.20 17.66 17.23 17.21 21.96 21.64 21.90 21.93 21.30 21.22 20.52 20.37 19.92 19.84 19.17 18.40
21.79 21.12 20.33 20.13 20.04 20.46 21.72 21.31 21.18 21.08 19.67 26.28 25.68 31.87 35.69 36.24 21.50 23.46 23.80 21.74 18.81 17.95 16.34 28.43 22.93 23.21 25.31 26.08 24.58 25.30 25.10 24.49 23.72 12.65 11.84 11.66 11.77 22.76 23.52 22.91 22.43 21.62 21.27 18.86 15.43 6.52 7.62 9.15 10.36 11.27 12.95 15.76 18.48 20.17 20.52 19.65 18.10 17.14 17.39 18.29 18.94 19.27 19.58 19.45 18.33 16.94 16.32 16.25 16.23 21.28 21.43 16.64 21.47 21.20 21.18 21.01 20.91 20.54 19.41 18.86
21.56 20.78 19.94 19.88 20.55 21.82 22.28 21.51 21.76 19.51 34.27 20.47 23.97 38.47 37.28 33.57 21.43 21.71 20.41 17.52 15.67 16.29 15.61 25.77 21.80 23.09 25.69 25.42 25.77 27.19 27.17 27.38 13.81 12.72 24.65 12.36 25.00 24.64 23.71 23.67 23.22 23.42 20.75 10.18 9.94 10.57 11.72 12.40 12.76 13.48 15.46 18.17 20.51 21.94 21.71 20.06 18.36 17.99 18.71 19.44 19.50 19.17 18.91 23.56 22.61 21.70 21.19 21.31 21.27 21.56 21.87 21.69 21.37 21.30 21.10 21.24 20.54 21.15 20.28 18.22
21.26 20.71 20.32 21.46 23.63 25.07 24.83 22.81 20.61 19.08 18.56 21.36 34.70 36.91 21.46 21.28 21.97 21.08 18.88 16.40 29.76 31.10 26.25 21.59 19.67 21.94 31.00 25.28 25.79 25.73 34.89 26.18 25.51 24.77 12.83 12.89 24.85 25.07 12.93 24.81 24.23 22.98 21.13 19.38 18.69 14.11 14.77 14.54 14.36 15.18 17.28 19.86 22.13 23.39 22.76 20.98 19.45 19.18 19.38 18.83 17.92 17.51 17.61 17.48 21.51 21.39 21.44 21.65 21.78 21.38 21.71 21.52 21.37 22.21 21.07 20.49 19.91 19.38 18.58 17.71
21.18 20.93 21.25 23.33 24.92 24.19 22.77 21.83 21.44 20.60 19.98 22.07 39.98 33.36 21.96 22.37 22.21 20.39 19.38 17.36 15.98 27.39 21.47 19.06 21.92 33.23 27.54 25.47 25.32 32.56 33.45 25.26 24.90 25.12 13.45 26.36 25.63 25.70 13.65 25.85 24.72 23.38 22.35 21.62 21.88 22.47 16.15 15.65 15.73 16.92 19.14 21.78 23.61 24.04 23.13 21.50 20.45 19.69 18.40 16.85 15.97 16.15 16.81 22.27 21.61 21.31 21.25 21.49 21.90 21.86 22.60 22.19 22.46 21.93 20.82 20.15 19.42 19.09 18.35 17.94
21.04 20.74 21.49 23.49 23.54 22.22 21.87 22.18 21.92 21.40 21.17 20.15 21.06 23.88 23.45 22.55 22.11 21.43 19.61 18.18 17.50 27.60 22.85 19.23 24.24 15.63 26.75 27.13 26.47 29.66 33.84 24.97 25.05 25.51 25.39 25.16 14.26 13.80 26.00 26.12 25.28 23.83 22.51 21.99 22.40 23.97 23.01 16.32 17.13 18.39 20.70 23.12 23.87 23.60 22.78 21.45 20.37 18.77 16.56 15.26 15.08 15.75 21.73 17.20 21.60 21.67 21.80 21.98 22.26 22.93 22.91 22.45 22.12 21.18 20.32 19.37 20.13 20.24 19.82 19.23
21.81 20.68 21.94 23.66 23.63 23.94 24.09 23.31 22.55 22.72 23.85 25.63 27.43 26.54 33.55 21.30 21.19 19.82 18.61 18.35 17.38 23.74 16.23 18.23 15.86 16.84 24.19 26.34 32.70 29.74 26.93 26.89 25.81 26.10 26.90 27.00 26.18 26.25 26.44 25.33 25.17 24.13 23.35 23.44 24.84 16.63 22.87 20.40 17.45 18.78 21.37 23.23 23.08 22.89 22.66 21.76 20.24 18.12 16.38 15.48 19.83 20.55 16.48 16.75 21.64 22.15 22.26 22.35 22.38 22.63 22.43 21.60 21.26 20.42 20.08 19.89 20.42 20.51 20.28 19.70
20.87 21.37 22.85 24.15 24.60 25.40 24.83 23.50 23.95 22.54 23.66 25.48 25.70 23.32 22.18 26.77 19.70 18.32 28.67 17.55 32.55 24.17 24.95 16.56 15.39 27.52 26.82 30.49 30.75 33.98 25.29 28.68 27.32 26.96 27.34 26.91 26.91 27.54 26.00 24.35 24.43 24.61 24.00 24.59 23.79 22.55 20.57 20.24 20.90 18.02 21.27 22.95 22.85 23.11 23.13 22.24 20.39 18.37 21.41 20.80 20.43 20.66 21.58 21.42 21.70 22.21 22.67 22.31 21.78 22.00 22.44 22.05 21.32 20.37 20.28 20.39 21.23 21.26 22.17 19.74
21.65 22.86 24.43 25.00 25.97 26.58 24.70 22.66 21.84 23.23 21.50 22.08 21.10 19.62 19.05 20.50 29.19 26.39 23.02 28.81 28.60 15.92 24.81 26.65 24.75 23.85 30.69 31.90 24.26 22.49 26.12 16.54 28.36 27.29 27.97 27.91 28.91 27.47 25.60 25.12 25.28 26.61 25.25 24.34 23.36 21.22 20.54 21.14 19.93 19.93 22.86 22.81 23.31 23.63 23.31 22.11 24.43 23.10 22.05 21.03 20.63 21.21 21.28 21.75 22.06 22.37 22.62 23.42 22.30 21.74 22.15 21.19 20.44 20.63 21.01 21.42 21.39 20.72 20.11 23.07
22.00 24.01 25.16 25.18 27.08 26.67 22.90 20.69 20.70 22.04 21.05 21.66 21.09 20.13 19.58 19.26 28.33 24.41 21.77 28.38 25.77 22.65 20.06 24.13 27.36 30.34 31.04 28.24 27.07 16.52 36.52 28.36 28.55 28.15 28.73 29.29 28.97 27.65 27.38 25.33 27.87 27.32 25.67 23.45 22.28 21.51 21.81 22.01 20.52 20.31 22.95 25.07 26.26 26.78 26.45 25.48 24.28 23.29 22.21 21.25 20.76 21.32 22.02 22.12 17.34 17.70 22.55 23.13 22.11 21.59 20.52 20.64 20.87 21.26 20.65 21.22 20.34 20.43 19.49 20.77
22.57 24.64 24.94 25.13 25.60 23.39 20.96 18.98 20.57 21.47 23.83 22.22 21.89 21.20 21.17 20.51 19.41 23.79 18.66 34.79 27.11 26.49 25.65 27.01 16.03 14.90 34.36 24.93 22.12 15.99 30.87 27.53 29.30 29.76 29.97 30.30 29.07 28.02 28.44 28.15 29.68 28.57 25.16 23.97 22.85 22.76 23.91 22.87 21.13 21.00 23.52 25.84 27.07 27.28 26.42 25.39 24.47 23.42 22.13 21.63 21.08 22.01 22.68 22.80 17.40 17.41 22.57 22.76 22.58 21.33 19.78 19.45 20.53 20.98 20.90 21.31 20.88 20.30 20.19 21.22
24.12 24.77 24.40 23.08 23.94 22.49 20.02 18.79 21.31 22.84 24.20 21.95 21.63 21.45 22.14 21.32 19.34 22.50 19.71 34.91 28.76 28.27 28.48 29.11 16.92 16.77 29.89 17.19 17.68 18.17 20.68 31.41 31.83 30.25 30.34 30.26 29.57 29.69 29.70 29.45 29.68 27.81 26.51 25.68 24.47 24.14 24.60 22.55 20.98 21.41 24.04 26.85 28.13 27.59 26.49 25.22 24.18 23.24 22.15 21.75 21.47 21.97 21.89 21.91 21.23 16.39 16.51 22.20 21.89 21.71 21.13 20.99 21.52 21.45 21.69 21.58 20.64 19.78 20.85 20.77
24.04 23.66 23.01 22.93 22.04 22.82 21.60 20.27 22.83 23.95 22.34 23.26 21.67 21.89 22.02 20.45 19.91 19.06 21.56 21.34 28.26 27.62 29.14 29.88 18.34 18.89 17.88 18.49 18.73 18.82 18.79 32.93 32.06 29.18 30.58 30.00 29.20 29.30 29.23 29.25 29.37 28.06 27.08 26.30 26.02 25.72 24.18 22.52 21.54 23.08 25.55 27.85 27.64 26.86 26.07 25.01 23.97 22.91 21.89 21.58 21.52 21.73 21.58 20.54 20.25 15.65 16.15 21.56 22.28 22.20 22.21 22.30 22.10 21.83 21.63 20.75 20.22 19.88 20.76 20.51
23.52 22.71 21.57 22.37 23.33 23.02 22.83 22.04 24.05 24.79 23.15 22.15 22.29 22.34 22.14 20.87 19.21 19.36 21.05 22.69 19.91 29.28 29.45 28.87 29.56 28.52 19.13 19.49 34.51 20.81 20.39 32.00 30.77 31.20 28.65 27.56 28.60 28.09 28.22 27.95 28.77 27.20 25.99 26.32 25.85 24.26 23.37 23.03 22.61 24.45 25.99 27.13 26.22 24.87 24.49 23.65 23.40 22.87 22.05 22.01 22.52 22.46 22.02 21.21 21.65 21.71 21.38 20.78 22.23 18.32 22.91 22.13 21.03 19.99 19.96 20.24 19.80 19.68 20.44 19.92
23.53 23.02 21.85 22.26 23.52 23.32 23.58 24.36 24.93 25.15 23.92 22.54 22.02 21.93 22.30 22.07 20.73 40.29 19.83 31.79 23.95 33.87 29.51 25.69 19.22 26.93 30.60 32.70 31.82 32.63 21.00 20.74 32.95 29.84 28.42 27.96 29.63 29.35 29.35 30.94 29.56 27.98 26.99 26.35 24.50 23.50 23.85 23.88 22.69 23.26 24.00 24.57 23.69 22.55 22.25 22.18 22.83 18.69 18.26 18.36 18.78 18.64 18.04 17.67 18.10 18.51 22.54 18.06 19.06 18.44 21.66 20.72 19.70 18.60 13.43 18.79 19.73 19.12 19.56 18.46
22.68 22.86 23.14 24.09 25.83 25.97 25.44 25.67 26.94 24.17 22.82 21.69 24.10 21.93 22.93 23.09 21.16 21.52 28.46 30.23 30.91 34.62 27.98 27.41 21.83 29.89 36.28 38.30 21.34 21.52 31.68 37.05 32.25 30.03 28.69 27.05 28.74 29.69 30.15 30.15 29.81 27.75 27.79 26.10 23.35 24.70 25.31 23.28 21.41 20.97 21.61 21.72 20.90 18.58 18.87 19.50 19.90 20.02 20.19 20.36 20.31 20.05 19.85 19.70 19.79 19.91 20.00 20.38 18.46 14.03 17.93 17.89 18.44 18.19 17.06 19.28 19.32 18.94 18.67 17.79
23.63 23.44 23.39 24.42 25.75 23.79 23.16 24.53 24.24 22.87 21.02 21.63 21.59 22.41 23.15 22.52 19.68 19.95 18.93 29.76 36.23 30.30 30.66 32.73 33.64 33.05 34.12 21.82 20.76 19.29 32.45 33.25 32.36 28.60 27.31 28.35 30.05 32.84 31.60 30.22 28.09 21.97 21.72 21.16 21.11 26.11 25.76 22.97 19.23 20.09 20.42 20.14 19.84 19.72 19.93 20.32 20.83 21.48 21.94 21.88 21.75 21.64 21.39 21.13 20.80 20.40 20.13 24.87 22.72 12.18 10.95 18.01 18.45 18.71 18.18 19.70 19.26 18.99 17.78 17.50
25.13 24.17 23.46 24.77 24.19 23.17 23.00 22.55 22.32 21.02 20.84 22.64 22.28 24.69 21.59 20.54 18.42 17.60 18.80 20.29 37.59 30.75 32.60 39.96 41.12 40.23 36.31 24.40 21.20 20.01 34.77 30.21 29.35 26.37 21.58 28.00 31.13 30.79 30.10 29.33 23.97 24.44 24.72 24.83 24.55 23.78 22.69 21.71 21.41 21.73 22.24 22.43 22.18 21.79 21.41 21.20 21.48 21.96 22.42 23.05 23.77 23.81 23.10 22.32 21.50 20.52 19.40 17.92 15.82 13.76 12.96 13.22 12.98 18.66 19.16 19.59 19.53 18.94 18.43 17.21
27.03 25.75 23.32 23.20 24.21 23.38 23.16 22.83 22.11 21.06 22.04 23.79 24.55 23.30 22.02 19.97 21.32 18.70 20.08 22.30 22.95 34.57 32.88 40.77 41.52 35.01 43.44 35.10 22.98 35.16 33.03 31.42 30.74 27.92 22.99 23.93 29.58 30.62 25.97 26.18 26.59 27.62 28.58 28.70 28.06 27.23 26.26 24.98 24.41 24.57 24.83 24.63 23.99 23.28 22.64 22.21 22.14 22.36 23.03 25.22 26.96 26.13 24.19 22.73 21.56 20.11 18.68 17.40 16.17 14.97 14.06 13.66 18.82 13.19 18.86 19.52 19.49 19.34 18.54 17.74
28.72 26.51 23.76 23.36 22.62 22.54 23.04 22.91 22.86 23.11 22.95 23.17 24.71 23.73 23.07 21.19 20.82 20.78 22.31 24.03 24.07 23.34 35.60 40.90 38.59 41.89 35.47 34.33 21.88 36.14 32.23 30.30 30.94 28.05 29.18 31.34 32.23 26.84 28.25 29.39 30.39 31.55 31.98 31.38 30.49 34.80 32.83 27.35 27.75 27.94 27.28 26.37 25.65 25.26 24.90 24.38 24.27 24.90 26.16 28.28 29.23 26.94 23.68 21.91 20.57 18.83 17.37 16.24 15.25 14.26 13.51 13.07 13.11 18.20 18.57 19.75 18.69 18.30 17.86 17.47
30.32 27.61 23.82 22.82 21.62 22.14 22.26 22.35 23.43 23.84 24.09 23.09 24.22 24.41 23.01 24.95 22.46 22.84 23.90 24.64 24.50 24.25 23.77 43.46 35.28 40.10 39.34 43.51 40.08 32.78 30.39 30.20 29.30 26.02 21.82 23.15 25.21 28.47 31.24 32.94 33.98 39.83 39.16 37.25 37.19 36.53 29.61 29.39 29.80 29.20 28.01 27.35 27.28 27.63 27.79 27.58 27.98 29.17 30.04 29.43 27.21 24.22 21.77 20.28 18.57 16.61 15.53 14.71 14.05 13.35 12.74 12.52 12.63 12.78 12.87 12.76 18.48 11.70 17.65 10.29
32.12 28.43 23.82 22.48 21.36 21.37 21.77 23.25 22.96 23.41 23.66 23.86 23.64 24.05 23.63 23.79 23.79 33.86 24.29 24.67 24.92 25.04 24.73 42.66 36.97 28.16 41.05 39.37 36.21 32.74 33.06 31.41 22.10 21.55 25.78 30.37 33.84 35.52 35.29 42.50 42.91 43.12 39.13 32.09 38.00 38.06 30.92 30.75 30.16 28.66 27.59 27.85 28.74 29.82 30.70 31.12 31.44 31.72 30.33 26.33 21.91 19.87 19.43 18.64 16.58 14.71 13.78 13.33 12.92 12.48 12.12 11.95 17.26 17.42 17.75 17.21 11.87 17.38 15.95 15.42
33.04 28.46 23.23 21.35 19.65 20.32 20.07 21.93 23.62 24.37 24.44 24.61 24.56 25.13 24.69 25.52 24.81 26.74 24.93 25.34 25.99 26.21 26.00 26.27 39.40 28.78 28.44 42.80 38.38 37.46 35.75 24.06 24.03 30.24 37.08 40.54 41.33 40.78 39.21 50.00 44.97 41.98 33.95 33.91 34.08 33.42 32.54 31.80 30.88 29.61 28.55 28.40 29.73 31.90 33.09 33.31 32.70 30.51 26.33 20.99 17.54 17.04 17.37 16.76 15.16 13.74 12.95 17.93 12.18 11.94 11.60 11.03 15.86 17.37 17.86 17.78 17.68 10.69 16.76 16.35
32.59 27.52 22.79 20.50 17.20 17.32 19.02 23.47 26.27 25.55 24.89 25.13 25.90 26.29 26.29 26.63 25.54 25.81 26.11 26.75 27.61 27.58 26.86 26.31 40.96 41.35 28.87 43.68 38.62 35.83 26.82 27.19 32.97 41.04 44.71 43.86 42.24 40.18 37.91 50.25 44.33 36.07 35.73 35.72 41.36 34.76 33.74 32.85 32.37 31.52 29.68 28.38 30.62 33.77 34.00 32.43 30.19 26.44 21.58 17.58 15.84 15.62 15.50 14.95 13.95 13.01 12.39 11.94 11.53 11.17 10.82 14.92 14.70 15.27 11.10 17.19 17.33 9.78 15.68 9.56
30.89 27.34 21.85 19.80 16.62 19.70 26.65 29.99 28.52 25.88 25.18 25.58 25.64 25.81 27.32 27.52 27.72 26.50 26.85 27.40 27.83 39.18 26.67 26.20 26.35 30.40 40.60 41.27 39.70 30.75 31.66 36.21 42.14 45.41 43.31 40.92 39.52 37.66 35.78 47.80 36.45 36.80 37.21 37.17 42.24 35.33 34.57 33.93 33.33 31.90 30.60 30.67 32.92 35.16 33.37 29.70 26.20 22.51 18.98 16.35 14.95 14.34 13.88 13.26 12.56 11.87 11.27 10.76 10.38 10.13 14.47 14.68 14.14 14.88 15.16 15.53 16.26 16.07 15.54 14.29
27.33 26.07 22.82 18.45 18.82 22.36 29.18 29.33 26.10 24.79 25.02 25.70 27.16 26.23 27.77 27.89 28.60 27.01 27.18 29.54 27.09 26.82 26.37 26.41 27.32 28.07 30.70 44.56 39.73 33.74 37.63 42.28 44.02 41.72 37.88 36.48 35.39 33.79 33.48 43.18 39.61 37.27 37.94 37.93 37.29 36.53 36.25 36.17 35.42 34.01 34.86 36.61 36.09 34.76 31.30 26.82 23.34 20.12 17.44 15.29 13.81 13.02 12.31 11.72 11.12 10.27 9.58 9.18 9.02 9.01 8.80 8.48 15.08 15.83 14.18 14.69 15.04 15.04 16.76 14.68
23.92 23.86 22.37 17.11 19.44 23.34 26.99 25.08 22.51 22.88 24.34 25.76 26.46 26.75 26.96 28.47 27.18 29.30 27.24 28.65 27.03 26.97 26.67 27.01 28.12 29.22 31.27 32.09 41.79 36.00 38.28 39.26 37.51 33.80 30.96 29.72 30.31 30.46 45.02 39.81 38.09 39.20 41.07 40.98 38.69 38.88 40.01 41.40 41.82 41.64 41.99 40.87 36.75 31.59 26.74 23.59 20.93 18.05 15.77 13.92 12.44 11.40 10.65 10.12 9.42 8.45 7.93 7.93 13.54 8.01 14.58 14.39 14.96 14.72 15.81 14.94 15.41 14.60 15.76 17.93
23.68 22.69 21.07 16.51 20.14 23.80 25.57 23.17 20.94 21.83 23.97 25.70 26.56 26.88 27.06 27.12 27.06 26.99 26.97 26.90 27.04 27.06 26.90 27.40 28.40 29.55 31.44 33.95 45.20 36.06 35.89 33.73 37.65 29.25 27.05 27.51 26.73 28.30 39.48 39.22 40.09 40.74 40.39 39.35 39.02 40.41 42.50 44.92 46.64 47.02 45.55 41.62 35.86 29.03 23.32 21.31 19.62 16.67 14.59 13.03 11.52 10.44 9.75 9.21 8.59 7.85 7.63 7.81 7.92 14.25 14.02 13.79 8.49 16.14 15.11 15.87 15.70 15.77 16.54 7.70
