examples/cougarCreek-fire/createInputs/farsite/7a-cougarCreek-polygonIgnit/cougarCreekFire_08-10-2015_2100_217m_non_neutral_stability_ang.asc
ncols	146
nrows	140
xllcorner	610065.000000
yllcorner	5095217.000000
cellsize	216.586807
NODATA_value	-9999.000000
[rows 42 to 83 of 140, columns 0 to 93 of 146]
239 238 237 236 237 233 230 228 227 225 223 233 228 222 218 216 215 222 229 229 229 221 207 199 212 218 216 211 206 202 188 171 169 174 166 160 153 150 150 146 143 150 149 147 144 137 142 157 159 162 159 161 159 158 158 157 156 156 154 151 151 149 146 143 141 139 138 138 139 139 138 138 137 136 136 137 139 141 144 148 165 161 135 134 149 149 148 146 146 148 148 148 151 140
239 237 236 235 236 212 230 229 226 224 233 224 214 214 211 212 218 222 225 226 222 208 199 202 214 216 212 204 205 203 190 178 170 163 166 161 157 151 150 149 144 141 139 141 167 163 159 158 142 157 161 161 159 157 156 156 155 154 134 149 149 148 146 145 146 146 147 147 147 145 145 144 144 143 141 140 140 140 143 146 147 147 145 135 149 150 150 148 147 147 147 147 153 148
237 235 234 233 232 227 229 226 224 228 216 208 210 216 213 215 213 214 220 220 214 204 202 206 213 212 203 202 206 202 189 181 177 169 167 159 162 156 153 151 160 153 172 169 164 161 143 147 161 165 163 162 160 158 157 157 157 155 153 152 153 153 149 149 149 147 147 147 147 146 144 143 143 141 139 149 146 144 144 146 147 147 165 135 149 140 150 150 149 149 148 147 152 148
237 235 233 232 228 227 225 224 222 210 205 208 217 222 219 214 206 217 224 223 218 209 205 203 209 206 201 206 209 202 188 183 181 174 169 164 160 157 153 152 152 177 173 168 164 146 142 162 168 167 166 150 160 158 157 158 159 157 155 152 154 155 150 145 140 132 133 133 132 133 134 141 140 138 137 137 136 136 148 147 149 148 165 136 149 149 140 149 149 150 149 148 149 143
236 234 210 230 227 226 216 217 212 203 207 216 222 220 215 212 214 223 225 224 220 205 197 194 200 201 203 209 210 199 187 184 182 178 168 161 161 160 154 152 173 174 170 155 146 148 153 166 162 170 170 167 161 157 157 159 159 158 157 149 146 146 141 133 131 131 132 131 134 141 143 142 139 139 138 140 141 136 150 149 150 150 146 155 134 150 149 148 148 149 149 149 149 151
234 204 219 229 227 224 208 211 211 205 215 221 223 222 222 227 207 224 224 220 212 194 189 191 199 202 209 212 206 199 191 188 183 178 168 158 159 161 159 155 150 147 156 154 155 159 172 174 174 173 172 169 164 160 160 159 158 156 143 137 136 134 133 135 136 137 137 137 141 142 140 138 135 138 139 140 143 142 135 150 151 151 148 147 133 151 150 149 149 149 149 148 149 151
233 208 215 217 210 210 204 214 220 215 221 215 224 227 210 206 227 222 221 215 206 189 188 197 204 210 215 212 204 205 198 193 192 179 164 156 158 163 161 167 166 162 168 161 161 158 175 154 175 172 170 171 162 159 158 149 139 141 153 156 151 143 143 150 149 146 145 143 142 138 134 133 134 134 137 139 138 147 136 150 151 151 149 148 161 137 151 150 150 151 150 149 149 150
207 221 209 204 215 210 217 221 219 221 222 214 212 210 226 220 215 211 205 207 205 189 192 204 204 209 212 209 212 208 199 196 198 182 164 156 156 159 159 163 167 161 164 169 161 177 157 175 173 170 170 158 168 153 142 142 141 143 148 154 160 162 160 149 139 139 138 135 134 134 133 132 131 137 137 137 136 134 131 134 151 150 148 146 148 152 158 129 152 152 126 150 148 149
214 203 203 214 219 221 219 221 219 217 216 214 210 223 214 205 206 201 201 207 204 195 194 194 195 199 197 207 206 205 195 198 197 181 170 158 157 159 158 163 161 160 159 166 172 170 165 166 169 174 167 166 172 172 167 152 160 158 147 148 156 161 165 165 146 136 134 130 131 129 130 130 136 137 139 137 134 134 133 135 153 151 147 144 145 148 151 152 153 135 128 127 152 151
211 211 212 221 221 219 221 219 218 216 214 211 207 217 201 199 202 200 204 207 201 198 195 184 193 201 211 201 206 201 194 198 193 180 170 162 163 162 161 163 160 154 153 156 168 169 171 172 172 172 173 174 172 177 174 135 159 157 157 145 146 155 163 167 163 156 148 138 139 150 153 142 147 147 150 151 151 152 154 143 155 153 150 146 144 144 145 148 151 152 142 132 126 154
204 210 210 221 219 221 220 218 223 215 212 216 203 200 195 196 199 202 205 203 199 202 200 191 196 189 188 197 211 195 191 195 190 180 167 163 163 162 162 160 155 151 151 151 155 165 166 167 167 168 171 173 173 174 174 190 148 160 141 144 143 145 158 160 163 162 163 159 156 158 159 161 158 157 157 155 154 153 153 154 137 155 154 151 148 146 144 145 147 149 151 153 154 154
206 202 222 220 222 218 219 218 219 223 213 196 197 197 198 198 197 205 205 202 200 198 197 184 208 187 212 201 196 189 183 192 192 180 164 161 160 158 151 147 149 150 151 150 151 164 163 167 166 166 166 167 168 173 172 177 157 154 162 161 159 160 164 161 160 161 160 159 159 159 156 155 156 156 156 155 136 133 153 153 153 153 146 152 152 151 147 146 146 146 147 150 152 154
201 200 221 218 209 207 216 220 219 217 197 195 197 199 208 204 198 211 209 203 190 189 194 192 200 200 197 193 195 190 180 194 194 183 176 161 168 162 153 154 157 153 151 151 166 162 161 168 168 167 166 165 165 165 169 167 166 166 167 165 163 166 163 160 159 158 157 158 159 158 155 154 154 156 156 156 155 154 153 152 150 151 152 151 152 152 150 149 148 147 146 148 151 153
197 204 214 207 206 208 217 220 204 200 198 196 199 201 209 206 198 209 194 191 194 192 192 195 201 196 194 197 200 190 182 196 194 184 166 181 176 180 170 163 162 162 155 155 172 166 170 168 168 168 167 166 164 163 161 164 164 168 167 166 167 166 163 161 159 157 156 157 158 158 157 156 155 155 155 154 153 152 151 150 150 152 140 132 152 152 151 151 151 150 149 150 150 151
200 219 212 211 217 217 221 207 198 197 199 201 199 199 209 200 196 196 190 190 192 189 190 196 199 197 201 203 201 187 184 196 195 185 168 159 177 178 167 169 168 170 163 152 156 173 168 169 166 166 167 167 166 164 162 162 166 166 166 166 166 165 164 164 162 161 161 159 158 158 158 158 158 157 154 152 151 151 151 150 150 133 150 151 152 137 153 153 153 152 152 151 152 151
222 219 211 218 216 213 219 198 206 204 203 207 200 198 203 201 201 215 185 182 191 189 192 192 199 197 203 204 195 185 191 200 202 196 159 158 178 172 160 169 168 168 166 163 153 177 175 171 170 166 164 165 166 165 165 166 167 167 167 166 165 164 164 163 162 163 163 162 160 160 160 160 160 159 156 155 154 153 152 128 152 151 150 149 149 150 151 151 148 148 152 152 152 153
221 217 216 216 214 226 203 207 206 204 215 208 200 199 220 211 207 192 190 183 192 191 188 187 200 201 190 204 190 188 200 202 201 198 160 158 171 171 161 171 163 160 164 167 162 155 159 175 174 169 167 165 152 167 168 169 168 167 167 166 165 165 163 162 162 161 161 161 160 160 161 160 160 159 158 157 144 137 134 129 154 153 152 151 150 149 148 135 150 150 151 152 152 152
218 214 213 212 210 214 208 207 206 213 215 201 215 199 197 195 202 191 191 190 194 192 187 192 197 193 190 200 191 197 205 201 195 192 175 161 164 170 169 176 172 164 164 168 171 167 165 175 155 173 169 172 170 170 170 170 169 167 166 166 166 166 164 164 163 162 143 161 160 160 161 160 159 159 147 124 131 130 134 134 155 154 154 153 152 151 150 151 151 150 150 151 151 152
215 212 212 211 214 210 209 207 215 220 203 202 200 197 194 201 224 183 191 190 193 193 195 194 195 194 203 198 200 206 204 197 195 191 180 168 161 169 172 173 174 169 168 165 169 171 170 167 165 173 177 145 168 173 173 173 171 169 168 167 167 166 164 149 145 164 165 164 162 161 160 159 145 140 130 130 135 126 131 133 131 132 132 132 130 130 130 152 151 151 151 151 151 152
213 211 212 211 210 210 208 206 205 203 202 200 196 205 202 202 173 182 182 183 192 191 195 195 195 195 194 205 207 204 197 193 195 189 178 172 166 168 173 173 173 169 169 164 161 165 165 164 165 171 177 177 175 175 175 174 174 167 164 164 163 161 156 150 165 165 166 165 164 162 152 140 131 130 136 126 130 134 141 142 140 142 138 139 140 138 138 136 152 152 151 150 151 151
212 211 212 212 210 210 208 206 205 203 199 210 207 207 224 202 182 182 191 185 193 192 189 197 194 195 207 208 207 201 195 196 200 190 173 174 171 169 174 176 174 169 171 174 164 164 163 163 163 171 177 176 175 167 175 174 178 172 154 141 161 163 160 158 156 159 165 164 158 146 126 128 126 137 124 131 136 137 135 140 138 139 141 139 152 136 137 137 152 152 151 151 150 150
212 211 212 212 210 209 208 205 202 215 212 211 210 229 221 175 180 191 184 183 188 189 187 194 196 196 207 209 207 201 198 201 202 184 171 174 175 171 175 177 175 167 168 176 171 169 170 166 164 171 177 176 176 164 174 173 186 172 160 160 171 170 135 134 135 156 156 149 156 133 130 130 128 126 130 134 138 145 136 135 138 154 140 139 153 133 133 135 152 152 152 151 153 151
211 210 211 211 209 208 205 200 215 214 230 231 231 231 181 182 180 181 187 183 185 190 191 194 200 201 207 209 203 200 200 197 192 182 174 175 179 176 177 180 176 167 158 170 174 170 171 176 176 163 171 177 177 176 175 174 174 175 173 160 171 175 170 157 151 147 151 155 164 158 141 150 149 149 146 136 143 141 129 129 133 137 153 153 152 152 152 138 152 152 152 151 151 151
208 207 208 208 207 203 198 217 217 228 220 218 210 180 182 181 180 183 193 180 191 195 193 191 198 198 200 211 207 205 201 190 188 182 175 178 183 179 181 186 179 170 158 167 172 171 174 172 177 179 171 179 178 177 182 175 175 174 174 157 171 169 169 161 157 149 150 151 163 164 144 141 148 152 149 132 123 131 131 129 127 127 128 128 128 129 151 152 151 151 151 150 152 150
206 206 207 206 232 223 220 240 233 228 217 207 195 181 181 178 191 185 191 188 192 191 190 189 200 200 202 201 211 207 198 184 183 182 178 180 188 179 183 192 181 172 160 156 176 175 177 177 177 185 177 170 179 161 177 175 176 176 175 174 144 170 159 162 162 155 160 155 147 142 140 150 139 145 147 131 137 134 123 126 129 131 129 127 124 124 153 152 151 151 151 152 151 151
204 203 203 231 231 227 246 237 229 221 206 196 190 181 181 191 190 188 190 189 196 196 191 191 198 201 203 202 207 198 189 182 182 185 184 184 192 182 185 196 181 178 161 174 171 160 161 162 157 180 169 171 171 179 174 176 177 176 176 132 174 154 156 171 163 156 157 168 167 140 137 138 141 145 154 165 160 159 159 158 158 157 155 154 154 154 131 129 153 152 151 150 150 151
200 199 199 226 226 217 207 201 203 203 188 187 189 190 182 191 190 192 193 189 196 194 192 188 195 191 191 203 203 192 189 182 181 188 189 188 192 185 189 196 188 193 177 188 174 171 171 156 170 166 162 182 181 180 178 163 176 177 177 167 146 154 160 155 165 160 159 168 167 154 136 132 145 144 138 158 163 147 158 157 129 122 122 123 127 131 152 128 152 152 151 151 149 150
197 197 197 219 207 194 193 195 198 200 186 182 185 189 181 190 189 189 192 190 194 193 190 191 198 192 192 205 198 192 197 185 178 186 190 195 196 188 190 197 200 207 181 176 174 173 173 173 171 171 171 183 182 182 181 179 166 176 178 186 139 175 173 142 152 147 145 168 167 167 152 138 137 148 134 137 145 160 119 159 158 157 156 155 154 153 152 153 152 151 151 151 150 150
196 195 195 216 200 189 190 196 198 197 191 189 182 176 177 189 189 189 193 190 191 192 197 198 203 192 207 212 194 198 207 189 178 184 191 200 194 187 190 201 203 198 191 180 175 173 158 158 172 170 185 184 183 162 183 181 178 176 177 179 182 177 176 174 172 136 139 148 167 167 169 153 146 147 145 142 140 161 128 124 127 122 127 129 131 156 154 155 154 127 154 152 151 151
194 193 192 191 200 187 190 195 198 194 194 193 188 181 188 187 188 189 194 191 182 195 192 201 192 192 207 197 190 203 206 187 195 195 194 196 190 186 192 204 198 189 192 182 177 174 173 154 172 171 171 185 170 163 160 183 181 178 176 178 180 173 178 176 174 173 172 130 146 167 167 158 146 142 141 145 146 143 140 135 158 158 139 165 126 128 128 126 132 129 128 128 126 154
192 190 189 189 197 188 192 196 196 191 195 194 200 203 168 187 188 189 193 190 191 191 191 201 192 209 205 194 197 207 203 184 179 191 204 199 186 188 195 203 195 186 193 203 160 176 177 156 172 189 171 187 156 169 185 184 183 181 178 178 179 179 166 161 154 174 129 173 171 148 168 152 141 134 134 142 154 150 152 146 136 134 140 163 156 153 147 152 154 155 157 140 135 133
188 187 187 187 192 189 192 193 189 188 193 193 198 185 172 187 187 188 189 190 191 191 191 205 192 211 203 200 213 202 195 183 181 199 209 200 188 176 196 205 197 186 193 205 181 177 156 182 181 191 172 190 157 188 165 186 185 183 181 179 179 180 181 161 156 154 160 144 137 136 136 137 139 138 139 146 156 153 155 155 136 132 135 151 163 159 143 141 149 154 154 153 139 134
185 185 186 186 191 191 192 191 185 186 191 193 183 187 188 188 187 188 189 190 190 191 191 203 191 209 201 213 207 200 187 182 187 205 210 196 188 178 197 209 201 184 188 199 196 182 175 180 182 185 192 157 157 188 187 158 186 185 183 181 179 180 180 168 153 152 153 154 154 161 164 157 156 168 150 151 155 154 155 158 149 134 133 137 147 159 150 133 134 149 153 153 150 135
183 184 185 194 188 189 192 189 185 191 196 197 187 185 187 187 187 188 188 191 190 191 191 191 209 204 204 202 202 198 188 183 204 208 204 187 188 186 196 205 201 181 183 194 198 184 197 153 194 186 193 193 163 190 189 174 162 187 185 183 181 181 181 180 157 160 151 160 158 157 172 171 160 159 168 155 154 158 154 153 152 134 126 130 136 149 152 141 131 132 145 153 154 147
182 183 184 189 185 189 194 189 189 200 184 183 184 183 186 186 187 187 202 190 190 190 191 191 203 203 207 205 196 200 194 188 207 208 190 186 187 192 197 203 197 182 182 192 200 200 164 197 195 186 195 194 193 191 190 181 161 188 186 185 183 182 181 181 172 156 156 156 159 152 164 169 167 159 164 167 153 158 160 146 143 134 135 132 135 149 143 143 135 130 153 133 153 154
181 182 183 185 187 194 197 189 194 205 183 207 184 184 185 186 187 187 188 189 190 190 191 201 189 204 207 203 200 205 200 192 207 200 188 186 198 192 198 203 195 188 189 193 200 202 186 198 196 186 196 195 194 193 192 182 161 190 188 187 160 183 182 182 179 161 161 159 150 154 156 165 168 162 169 168 166 157 166 152 148 148 138 136 140 157 146 134 136 131 125 153 131 153
180 180 181 184 189 182 195 189 196 200 199 188 185 185 186 187 187 187 188 189 190 190 190 181 180 202 202 202 202 208 209 189 198 192 190 199 199 194 205 211 188 186 191 192 198 199 195 176 199 186 187 196 195 195 194 193 160 162 162 189 186 184 183 183 183 163 157 156 150 177 175 174 156 158 169 168 169 170 135 147 156 159 150 143 143 157 156 145 143 145 138 132 153 151
178 179 180 183 187 181 193 188 193 196 193 186 186 185 186 187 187 187 188 189 189 189 199 192 192 201 203 205 202 206 206 186 189 194 189 200 200 194 212 208 189 186 188 192 197 195 196 196 170 199 187 197 196 196 196 199 193 160 172 190 188 186 184 185 185 183 149 148 147 178 177 175 173 154 166 172 168 166 134 139 152 161 158 151 143 157 156 156 156 155 155 142 136 152
177 178 179 180 187 180 180 192 193 194 193 190 198 185 186 186 186 187 188 188 188 189 179 192 176 199 204 196 202 198 203 191 191 202 189 200 200 195 211 197 191 192 187 190 193 194 197 207 204 201 199 198 198 198 197 195 195 153 192 191 190 188 187 155 185 185 156 147 150 151 151 152 175 173 151 158 168 166 160 143 145 157 160 159 159 157 156 156 156 155 154 155 154 135
176 177 178 176 179 179 179 195 189 188 189 197 199 184 186 186 186 187 187 187 188 188 191 192 181 193 194 196 197 188 201 200 201 198 190 186 190 202 209 201 201 201 192 186 186 194 199 201 212 202 201 200 199 198 196 183 157 195 197 186 192 191 189 188 175 185 184 153 152 154 142 153 152 174 172 170 168 166 163 150 143 161 160 160 159 158 156 156 156 155 154 154 155 136
175 175 176 177 177 178 178 195 184 180 187 181 197 184 185 185 186 186 186 187 201 176 191 192 182 197 194 195 194 185 201 208 201 190 191 187 193 210 201 201 201 202 196 188 184 190 198 201 214 189 202 201 199 198 184 186 192 161 190 197 170 192 192 190 187 185 186 164 154 160 156 156 172 147 173 142 157 166 165 155 148 162 160 159 159 159 158 156 155 155 154 154 155 155
174 174 175 176 176 177 177 196 182 179 194 180 189 184 188 185 185 186 187 198 194 176 191 193 181 193 194 196 196 187 207 208 192 193 194 192 205 201 195 202 203 193 202 191 203 203 202 216 208 195 186 202 200 194 172 186 198 188 186 198 192 172 154 191 189 187 186 179 158 159 154 151 174 174 154 148 151 160 160 153 152 163 161 159 158 158 158 157 156 154 155 154 155 154
