examples/cougarCreek-fire/createInputs/farsite/7a-cougarCreek-polygonIgnit/cougarCreekFire_08-11-2015_0500_217m_non_neutral_stability_vel.asc
ncols	146
nrows	140
xllcorner	610065.000000
yllcorner	5095217.000000
cellsize	216.586807
NODATA_value	-9999.000000
[rows 36 to 71 of 140, columns 0 to 81 of 146]
12.46 14.04 13.66 12.30 15.25 18.33 18.38 14.73 18.99 20.84 21.94 22.95 22.82 25.55 26.50 22.19 15.82 10.35 7.21 9.44 12.77 15.27 18.71 19.68 19.44 14.79 14.90 21.05 30.65 36.44 31.30 22.19 14.02 16.24 16.80 17.44 16.28 6.20 7.13 9.08 9.87 10.75 13.15 20.83 20.41 21.64 21.55 21.02 22.60 10.96 11.50 11.28 12.59 14.69 16.56 18.01 18.77 18.38 16.98 15.77 15.24 15.63 15.33 19.97 14.21 9.44 7.87 6.68 5.82 9.45 5.90 5.41 4.58 4.24 3.22 2.39 2.54 2.71 6.09 3.01 3.16 6.30
15.44 14.30 11.69 12.68 16.20 18.22 17.56 21.62 22.13 22.37 22.58 21.14 20.40 23.23 24.98 23.95 20.12 13.88 10.64 10.61 12.49 15.72 19.68 21.10 18.74 14.79 17.90 25.38 32.35 33.55 27.99 14.08 7.32 11.08 17.78 20.38 22.67 24.77 25.15 24.70 15.24 21.88 14.51 15.12 15.77 7.97 8.11 17.84 23.24 22.10 22.24 12.74 13.97 19.00 16.20 17.28 17.08 16.49 15.26 13.56 12.98 13.81 14.06 13.07 11.91 10.51 8.80 7.38 6.05 5.40 6.15 6.78 12.29 6.75 5.25 3.91 3.26 2.88 2.71 2.88 2.91 6.35
9.18 11.58 9.81 14.60 19.76 22.97 20.57 19.35 23.44 21.50 22.12 20.22 20.79 20.07 18.94 17.12 14.13 11.48 11.96 13.77 14.88 15.32 17.80 20.93 20.26 16.06 19.85 28.30 32.09 34.04 32.51 21.60 5.28 4.14 9.27 10.97 11.99 17.96 19.46 23.05 25.77 24.89 14.50 12.94 9.59 9.17 9.82 9.00 21.59 21.57 26.65 24.74 26.98 22.64 21.37 21.51 20.67 20.02 14.29 12.14 11.34 12.22 12.93 12.23 10.28 9.49 6.95 5.90 4.92 4.20 4.73 5.85 6.79 7.31 8.04 8.66 6.81 4.77 4.11 3.39 2.61 2.42
12.62 12.67 17.11 18.84 21.16 24.52 16.48 22.67 18.90 19.39 17.96 17.62 18.05 15.94 15.36 13.63 12.36 11.48 10.91 12.07 12.94 13.70 17.50 22.61 20.49 17.74 21.23 26.38 30.27 33.43 37.14 25.42 7.16 3.78 10.15 12.43 15.16 17.46 18.55 16.38 15.89 21.36 15.43 16.41 20.49 24.10 25.45 26.18 26.05 26.47 26.38 27.21 26.74 29.12 32.52 27.58 24.76 22.69 21.01 15.02 11.60 10.45 11.24 11.53 9.89 8.02 6.75 5.16 4.78 4.19 4.17 3.15 3.79 4.78 6.24 7.55 7.97 8.75 8.06 5.70 3.72 2.72
18.18 21.04 22.91 24.35 18.84 17.14 15.77 20.98 18.55 18.76 18.34 16.07 15.20 14.92 17.00 14.28 12.23 12.11 11.12 11.73 13.62 15.20 21.50 23.46 19.47 17.60 21.73 26.13 25.30 31.09 36.46 24.50 6.42 5.93 10.52 13.24 14.23 17.38 23.33 17.19 16.92 15.98 14.57 11.66 12.58 13.20 13.97 15.14 14.92 27.44 27.85 27.83 28.89 27.27 17.45 17.79 28.11 27.43 13.50 23.30 24.12 16.30 11.68 10.28 8.15 9.57 8.85 5.67 5.33 4.84 4.29 4.28 4.70 2.82 2.27 2.23 3.82 6.70 8.07 8.62 7.29 4.50
18.99 18.85 20.75 21.15 15.94 15.31 15.08 19.25 18.96 19.62 18.84 18.70 18.90 19.39 19.53 15.58 13.12 11.80 11.32 12.66 14.71 18.48 24.02 21.02 17.20 17.17 23.72 28.79 28.06 32.52 34.41 22.78 10.11 10.19 11.67 12.10 15.37 17.82 19.84 23.85 24.48 23.81 23.57 23.72 24.91 21.90 14.55 14.70 24.08 25.03 26.65 25.25 17.85 28.08 28.25 28.08 24.76 22.98 10.97 8.75 18.19 12.83 13.39 13.51 12.81 12.18 11.75 11.58 9.94 9.28 8.47 7.82 4.33 4.35 4.17 5.05 2.43 2.55 2.51 6.27 8.60 7.49
16.69 18.98 18.53 14.83 14.16 15.23 19.31 18.04 20.21 21.15 20.76 21.40 22.68 22.56 19.62 16.57 13.87 12.67 12.51 12.40 16.43 21.91 21.81 16.90 15.31 18.51 28.18 31.89 31.40 33.51 34.13 26.83 17.54 11.34 8.88 9.82 14.41 17.91 20.11 22.19 24.50 23.75 23.41 23.74 26.48 27.36 28.73 29.18 29.02 18.02 28.80 28.04 25.17 25.35 24.54 13.45 11.81 18.93 16.69 16.93 6.01 15.52 17.42 16.09 9.90 7.95 6.78 5.92 5.40 4.82 4.91 5.44 5.70 6.42 6.19 7.06 6.13 5.65 2.19 1.52 5.42 8.60
15.17 13.06 11.06 19.29 18.07 18.06 18.91 19.60 21.33 21.46 22.89 26.86 25.41 21.12 18.40 17.34 13.61 12.38 11.04 13.47 19.15 20.69 18.72 15.60 14.58 23.13 30.74 31.01 31.13 31.26 32.13 25.60 19.64 14.91 11.66 9.34 14.56 18.43 19.55 19.73 21.14 23.76 24.58 24.16 24.14 24.82 25.26 26.04 29.81 31.52 31.63 32.32 32.76 31.17 28.79 28.08 27.34 25.44 22.18 17.36 14.36 8.88 7.02 5.76 3.78 2.37 3.09 3.41 1.30 3.60 1.08 1.13 1.34 1.48 1.46 4.80 5.45 5.64 4.69 1.47 2.22 6.91
18.04 19.58 22.13 17.84 23.03 24.60 20.56 22.84 23.36 24.87 29.12 26.84 22.94 19.04 16.23 16.15 12.31 11.84 10.64 13.78 19.30 19.99 18.17 14.95 15.42 24.80 27.29 24.93 28.65 30.95 31.22 24.33 21.02 16.62 12.19 10.52 12.92 16.88 17.99 19.12 20.19 21.44 21.02 17.93 17.30 19.33 23.80 25.59 29.87 31.11 32.08 33.38 35.50 34.24 32.13 27.80 17.20 11.14 11.37 12.61 11.51 8.42 4.73 0.49 3.31 4.61 4.28 3.43 2.71 2.51 2.23 2.00 1.57 1.41 1.44 1.31 1.31 0.86 4.85 4.52 0.95 3.49
14.20 14.00 21.79 26.42 25.64 25.52 25.77 25.55 26.05 27.90 16.79 20.71 18.55 15.31 14.36 14.42 13.43 11.82 10.71 13.96 18.30 19.59 18.32 14.70 15.65 21.68 21.43 19.70 25.13 32.14 31.53 25.28 22.70 20.26 16.25 13.15 11.51 10.09 12.65 19.15 19.57 13.80 13.55 12.55 11.27 15.55 20.99 23.01 28.90 32.97 34.20 31.12 28.52 25.67 22.23 17.49 12.75 11.42 11.46 10.80 8.87 5.58 4.64 5.39 6.80 7.05 5.71 5.10 4.47 5.19 7.42 5.52 5.36 5.45 5.71 6.26 2.40 5.11 4.55 4.81 5.83 0.44
22.91 23.92 23.87 27.01 25.97 26.83 28.58 27.52 26.94 16.56 19.98 17.47 17.19 14.75 14.53 13.85 12.65 11.63 10.16 13.20 17.22 18.18 16.59 13.39 13.38 15.55 16.83 18.94 28.28 36.01 33.03 27.88 24.92 22.96 19.12 12.67 13.53 16.95 18.42 13.80 11.93 12.41 11.41 9.37 8.17 20.70 21.29 22.40 26.47 22.99 19.33 22.28 24.56 22.80 19.97 16.32 12.86 11.96 9.51 7.44 7.66 8.49 8.86 8.75 8.51 8.01 6.43 5.65 5.20 4.84 4.43 4.37 4.29 5.76 5.69 4.83 3.17 6.14 5.15 3.63 3.69 1.32
26.91 25.10 22.46 24.91 26.42 26.82 21.32 24.64 21.98 20.55 17.45 17.66 15.72 14.63 13.91 13.07 4.78 4.13 10.15 12.75 16.56 16.39 14.79 13.00 12.98 12.80 13.46 19.36 30.05 35.98 34.04 28.28 22.66 25.13 18.76 10.72 13.94 19.05 19.91 20.83 10.25 12.76 10.40 8.23 18.70 16.39 20.14 23.58 17.10 17.76 18.16 20.49 21.59 20.18 17.84 15.08 10.90 10.91 12.17 12.84 14.44 13.35 11.46 9.72 8.97 8.18 6.64 5.49 5.40 4.51 4.11 4.25 5.43 5.83 5.21 5.00 3.85 3.86 2.78 4.10 3.68 2.11
28.73 25.86 25.19 29.87 24.54 20.99 15.24 20.43 17.00 17.56 17.33 16.08 15.15 14.03 9.77 7.58 6.78 5.48 11.00 12.99 16.41 16.25 14.72 14.47 13.18 12.31 14.15 19.87 28.48 36.15 32.84 27.71 19.87 26.42 17.09 12.35 14.06 19.57 19.59 21.42 14.30 7.70 8.94 9.67 20.83 22.98 26.84 18.08 17.95 17.64 17.90 19.10 19.69 17.79 15.73 12.69 10.18 11.25 12.15 13.16 13.49 12.62 10.93 9.18 7.97 7.18 6.50 5.69 3.23 3.45 5.01 7.47 5.48 5.79 7.51 5.85 4.98 3.32 7.46 5.89 3.71 4.38
29.92 27.89 25.07 21.96 19.98 21.35 19.23 16.88 15.52 17.25 16.38 15.53 15.23 13.23 13.69 15.64 13.98 12.64 10.49 12.94 15.84 16.48 15.54 14.12 12.24 11.89 13.61 17.36 25.32 27.15 32.71 20.19 19.22 22.38 17.97 13.34 9.22 19.92 20.55 22.86 7.34 19.42 6.96 11.41 13.26 26.98 17.62 19.48 19.02 18.87 18.56 19.10 21.13 20.44 16.74 13.12 10.85 8.48 7.97 8.98 10.23 10.71 9.72 8.01 6.13 5.43 5.25 5.37 6.18 6.41 6.84 5.79 6.02 6.18 6.35 6.65 6.47 6.78 3.65 4.77 4.96 3.93
31.59 28.71 22.80 19.58 20.81 14.15 12.82 15.57 16.38 17.02 15.84 13.88 14.86 18.55 20.95 19.36 14.59 12.74 11.55 12.66 14.75 15.69 14.56 12.15 10.98 10.19 10.98 12.54 17.06 25.21 30.84 18.70 18.07 22.86 21.34 14.07 11.36 20.42 20.44 21.79 22.20 20.61 20.43 14.31 13.30 15.87 19.26 20.43 21.75 22.12 20.86 19.30 19.24 19.85 17.21 12.42 8.63 6.22 5.36 5.23 6.10 6.99 7.52 7.11 6.85 6.99 7.01 7.24 7.83 7.92 7.48 6.98 6.68 7.63 7.95 8.76 6.03 5.49 5.37 7.56 4.74 3.09
32.44 27.20 22.23 21.37 15.12 16.67 18.79 18.67 17.55 17.73 14.78 18.57 20.27 23.65 16.68 19.27 14.28 13.38 12.21 12.45 13.32 14.72 14.50 11.43 10.51 11.01 10.93 11.46 18.34 25.07 29.43 18.53 17.65 24.76 23.38 14.07 17.29 22.20 22.09 22.22 21.38 20.86 20.15 21.65 17.95 17.60 13.41 14.64 17.61 19.15 19.85 19.04 17.72 17.09 16.39 12.14 5.47 4.92 5.52 5.00 3.96 3.49 4.81 5.20 5.89 6.81 6.23 7.89 8.61 7.61 7.76 7.87 7.62 6.82 6.24 6.54 6.14 6.16 6.52 6.82 6.10 4.52
31.38 25.88 22.16 21.10 20.47 21.15 19.99 19.49 20.32 19.30 19.70 25.73 30.48 27.05 22.01 16.78 13.50 12.00 11.61 12.26 12.25 13.54 14.33 9.16 11.86 10.65 9.54 15.39 22.89 28.84 26.68 17.64 17.97 26.40 22.42 14.70 20.28 23.76 23.67 24.76 22.69 21.01 19.38 20.24 24.75 19.97 18.68 12.98 14.13 14.53 14.82 15.15 14.04 12.06 13.43 10.68 6.05 6.25 6.99 6.82 5.53 8.32 3.33 3.90 4.33 5.22 5.93 5.94 2.65 1.78 4.10 5.23 5.03 4.45 3.90 3.26 2.78 2.98 4.22 5.46 8.87 6.47
31.19 30.12 26.65 25.72 24.93 25.55 24.10 22.87 23.26 21.40 25.82 21.54 27.90 20.84 16.33 15.35 12.51 10.91 10.34 11.60 11.23 12.26 12.50 12.29 13.32 9.01 13.27 20.30 24.48 25.63 22.93 21.87 17.92 28.05 19.01 15.65 17.06 18.24 17.96 17.05 19.14 19.54 19.81 20.58 22.36 24.90 26.70 23.55 22.50 17.80 13.56 12.55 9.97 7.88 9.39 10.38 9.44 9.24 8.27 7.16 5.49 3.65 2.51 2.36 2.82 3.16 5.88 3.04 2.64 3.89 4.36 3.05 2.25 2.30 2.56 2.94 5.89 4.31 5.58 4.12 5.39 6.56
34.89 33.77 29.93 31.16 32.69 29.08 26.18 22.04 24.01 24.56 20.24 16.24 21.42 17.18 13.01 12.94 11.79 10.66 10.60 11.23 11.22 11.44 12.06 12.67 11.70 11.52 14.73 15.36 19.87 24.55 23.13 20.33 17.89 28.04 18.52 16.07 24.27 25.15 17.40 16.86 21.44 21.33 18.38 18.27 19.37 23.42 25.91 26.81 26.04 25.14 18.09 15.85 10.23 9.20 9.50 10.75 11.86 11.06 8.76 7.08 4.85 1.46 1.37 1.56 1.15 0.35 1.37 1.38 1.53 2.67 4.76 4.95 2.38 2.88 1.57 2.14 1.84 2.80 1.46 2.87 5.11 6.22
38.73 34.47 32.00 32.90 23.69 24.20 21.32 22.36 29.34 29.40 16.27 11.06 19.57 16.36 12.74 10.64 10.73 9.37 8.70 9.65 10.19 10.78 10.62 10.32 10.57 11.59 13.25 13.97 18.59 23.38 23.50 16.06 17.87 26.43 22.32 14.99 22.38 17.18 19.35 22.43 23.05 24.63 20.60 13.93 15.06 15.91 21.29 24.43 24.56 22.84 21.12 14.74 13.59 9.55 8.96 8.46 7.78 6.50 6.87 6.75 5.16 5.11 4.81 2.89 1.27 1.06 4.79 5.42 4.09 1.77 2.28 2.22 4.75 2.93 2.18 1.97 2.35 4.56 5.71 4.49 9.62 10.21
40.04 32.33 23.13 21.97 18.23 16.54 15.03 26.23 21.06 20.09 10.21 16.25 6.91 15.64 11.10 10.25 8.94 7.47 7.22 8.58 9.11 9.69 10.40 9.69 10.44 11.62 12.81 15.34 20.32 19.93 19.16 16.96 16.74 26.45 23.93 14.04 20.61 16.48 20.41 20.61 22.45 22.15 25.29 12.03 14.12 15.00 14.75 14.58 15.00 21.25 20.16 16.26 14.99 10.42 8.91 9.89 7.84 9.62 11.94 11.94 7.62 3.50 1.11 1.68 2.53 2.84 3.55 1.40 2.14 2.97 3.16 2.87 4.38 5.16 1.04 0.91 1.26 2.78 4.93 7.16 8.61 7.11
34.33 30.61 19.67 14.19 11.17 8.15 16.51 25.08 18.44 12.87 10.25 10.88 11.26 12.35 10.45 7.81 6.19 3.97 6.91 9.02 9.17 9.13 9.25 9.01 10.23 10.73 10.67 14.85 19.39 19.10 17.86 12.48 9.50 18.40 19.47 11.69 19.99 17.09 15.72 21.68 22.76 21.62 22.53 22.20 19.90 13.07 13.22 13.04 13.12 11.10 10.23 19.47 12.90 14.37 11.76 18.95 19.10 6.88 6.80 4.63 3.24 3.15 1.14 2.49 3.75 4.28 4.20 4.01 3.98 4.02 3.29 2.31 4.59 1.48 2.62 4.12 5.25 6.81 9.02 10.95 10.04 9.17
28.45 21.93 19.94 7.19 12.66 18.86 25.87 16.22 8.76 10.99 7.35 7.23 9.14 12.82 11.69 4.94 7.03 8.52 7.05 7.11 11.44 11.29 10.14 8.93 10.59 9.95 9.98 15.12 16.95 18.36 15.05 6.13 8.04 15.83 19.29 13.58 19.98 15.80 5.85 21.08 19.89 19.30 19.36 21.56 21.28 10.57 10.24 9.56 9.29 8.08 7.38 8.90 12.06 14.73 18.15 9.29 5.85 5.99 4.79 1.48 2.46 2.86 3.85 4.01 4.23 4.40 4.62 3.96 2.65 1.92 1.93 3.94 3.16 4.29 6.93 9.94 10.95 11.33 12.99 12.70 10.83 10.34
25.16 19.13 12.46 16.82 18.68 19.74 14.10 10.58 10.89 8.35 7.80 7.14 9.88 6.22 7.36 9.15 12.71 13.15 9.44 7.47 12.70 11.51 9.06 9.85 10.18 9.07 10.69 14.32 15.74 16.54 5.99 5.77 14.05 18.53 24.58 15.64 15.62 19.41 18.57 13.60 16.39 19.36 13.65 17.35 16.34 18.28 17.87 17.83 10.94 7.12 4.17 3.96 5.73 6.74 7.56 7.84 7.01 4.94 2.74 1.61 2.59 3.27 4.17 5.08 5.50 5.53 4.26 3.31 2.40 0.21 3.80 5.57 8.04 10.42 12.26 13.29 13.02 12.55 13.83 14.12 14.45 13.15
22.17 16.64 18.28 18.62 23.39 13.58 8.24 10.33 9.54 4.95 5.61 8.10 7.96 6.63 8.91 16.11 20.97 16.64 10.10 9.22 13.76 12.61 11.02 10.86 10.26 8.27 10.44 12.84 14.50 13.30 5.73 12.37 14.49 17.19 23.58 17.65 10.80 18.21 18.74 18.28 14.14 18.18 17.16 17.21 17.84 14.35 13.90 7.92 9.23 8.71 16.76 10.62 8.11 9.22 9.58 8.58 5.55 2.82 2.75 3.86 4.77 5.54 6.62 6.83 5.96 3.58 2.97 2.99 3.04 3.99 7.11 11.61 13.66 14.29 13.94 13.17 13.15 13.09 13.17 13.51 13.94 14.10
18.66 23.79 16.60 19.96 17.26 8.93 6.82 8.67 5.15 7.32 7.33 7.45 11.55 13.22 17.78 25.57 25.38 16.16 10.13 9.96 14.21 12.92 12.60 10.42 9.72 8.68 10.41 11.57 11.62 12.19 12.97 13.81 14.88 16.32 19.84 19.52 10.60 16.59 18.57 18.15 15.09 15.52 15.23 14.56 16.53 15.42 17.19 17.48 8.79 16.32 17.13 18.59 20.04 19.85 14.01 12.36 10.53 10.24 10.39 9.87 9.03 8.67 8.87 8.04 5.87 3.93 4.00 6.37 9.25 11.43 13.95 15.68 14.97 13.77 13.19 12.94 13.24 13.07 12.57 12.37 12.75 13.19
24.96 22.65 14.37 15.99 11.62 8.54 9.05 8.63 8.20 8.59 6.85 15.09 18.62 21.87 27.57 30.39 23.47 12.46 9.39 16.40 14.95 12.80 12.49 11.92 10.90 9.52 9.59 10.29 10.84 12.18 13.17 14.20 6.78 17.59 16.16 17.47 16.53 15.41 17.47 15.26 14.98 13.18 13.17 12.98 14.89 14.98 14.25 16.56 16.09 16.52 16.70 17.94 15.79 12.74 13.19 12.25 11.81 12.04 12.58 13.12 13.07 12.49 12.19 11.62 10.27 9.66 11.18 13.25 14.65 15.55 15.97 15.53 14.23 13.38 13.59 13.53 12.68 11.93 11.35 11.03 11.20 11.29
24.33 15.09 6.46 4.69 8.96 5.36 10.42 10.13 8.12 13.10 18.26 21.31 23.29 27.56 32.96 30.18 18.34 8.95 8.06 15.91 14.11 12.51 12.00 12.03 10.60 9.65 9.32 9.73 10.59 12.02 13.49 6.31 7.50 16.43 13.14 16.32 16.29 16.70 16.31 14.98 14.20 13.50 15.14 12.51 12.69 13.55 13.33 14.86 15.45 16.28 16.52 14.64 15.40 9.47 10.37 10.24 10.29 10.86 11.66 12.51 13.27 13.83 14.39 14.89 15.10 15.67 16.85 17.06 15.95 15.26 15.27 15.02 14.48 14.19 12.96 12.65 11.03 10.01 9.89 10.17 10.08 9.79
10.56 12.55 7.26 2.95 6.67 7.35 6.21 5.94 18.35 24.43 26.01 25.84 28.01 32.58 33.86 27.13 15.32 10.39 9.99 14.67 12.40 12.17 10.73 10.92 9.87 9.62 8.57 9.45 10.22 11.44 10.02 12.68 11.24 16.39 14.24 15.43 16.10 14.09 14.39 14.27 14.42 12.21 10.02 13.80 11.77 11.86 14.11 12.99 9.15 15.34 14.66 14.27 13.87 12.87 9.13 9.17 9.56 10.50 11.03 11.41 12.21 13.19 13.71 14.30 15.12 15.70 15.77 15.04 14.11 13.78 13.85 13.87 13.69 13.47 12.80 11.08 9.13 8.30 7.21 8.23 7.98 6.44
14.60 18.41 11.96 5.05 8.22 10.45 15.43 23.51 28.87 29.98 28.96 30.11 31.97 31.45 28.35 23.43 14.72 10.15 15.48 13.77 7.34 11.66 10.26 10.74 9.74 8.36 7.63 5.64 10.64 10.58 10.78 11.83 12.22 13.72 13.30 13.91 14.14 13.54 14.42 12.90 13.10 11.60 9.01 12.70 11.77 13.27 11.87 11.68 8.38 7.85 15.99 14.10 12.71 10.45 8.43 8.57 9.07 9.80 10.14 10.71 11.61 12.33 12.44 12.57 13.12 13.43 13.15 12.45 12.01 12.14 11.99 11.62 11.56 11.60 11.40 10.38 8.96 9.07 9.87 10.24 9.39 7.86
21.48 16.32 11.88 11.93 16.22 22.54 28.35 31.81 31.62 30.03 29.71 30.69 29.26 24.79 22.92 21.14 16.27 9.83 12.66 14.55 14.00 9.45 10.43 10.48 9.34 7.50 3.80 4.95 6.12 6.84 10.20 10.30 11.79 12.64 13.17 13.20 12.25 13.56 13.30 6.27 10.87 11.92 7.62 9.10 11.00 13.17 12.58 12.74 15.85 7.84 6.57 12.03 11.42 5.77 7.63 8.32 9.11 9.53 9.89 10.80 11.78 12.20 12.05 11.95 12.04 12.15 12.09 11.82 11.59 11.59 11.13 8.74 8.96 11.08 11.20 10.94 10.92 11.46 12.01 11.28 9.43 7.65
15.53 16.02 14.86 20.51 27.14 32.70 34.94 34.15 31.73 29.87 29.62 27.50 24.39 21.37 20.83 18.65 15.78 9.08 13.69 14.68 11.37 5.11 7.05 10.89 9.77 7.19 3.49 4.23 9.76 11.06 11.04 11.60 11.68 12.10 13.21 12.62 11.39 11.71 12.67 5.88 11.23 11.77 4.67 3.54 4.01 11.43 13.04 14.41 12.83 5.80 5.46 12.10 11.39 8.40 6.98 8.37 9.46 10.23 10.81 11.54 12.12 12.13 11.67 11.25 11.24 11.41 11.60 12.01 12.08 11.92 9.48 8.64 8.29 10.53 10.56 11.03 11.39 11.48 10.70 8.90 6.60 2.93
17.80 20.32 23.09 28.52 33.99 35.96 35.95 32.84 30.07 27.93 25.91 23.35 21.07 19.76 19.29 16.48 15.02 13.75 13.12 15.41 10.99 9.59 10.21 9.03 8.78 4.00 2.82 4.18 9.05 10.62 12.01 10.69 12.53 12.29 12.13 11.57 12.11 11.91 11.46 5.86 10.46 7.00 5.21 4.14 2.34 1.61 5.83 10.23 9.81 12.79 9.51 11.48 9.87 6.13 4.98 5.09 8.79 9.87 11.04 11.52 11.42 11.01 10.49 7.49 10.69 10.96 10.83 11.23 11.77 11.67 11.09 10.83 9.21 9.99 7.48 9.32 9.11 8.77 5.18 3.33 4.35 6.13
19.38 18.99 20.58 29.85 33.77 32.59 30.24 27.65 25.52 24.25 22.25 19.89 18.58 17.78 21.05 14.81 14.50 12.35 13.78 14.98 11.45 9.66 8.03 7.45 7.95 3.24 0.95 4.59 10.23 10.98 12.42 12.43 10.68 11.87 12.33 11.41 11.13 10.03 11.11 5.70 5.93 4.03 7.90 4.28 2.23 0.58 4.72 9.77 10.64 11.49 10.53 10.14 7.91 4.54 5.07 5.54 4.88 8.10 9.37 10.43 10.37 9.95 9.89 10.21 10.85 10.89 10.15 9.70 9.92 10.46 10.86 11.05 9.18 10.36 9.83 6.87 5.19 6.90 7.93 8.26 8.97 9.52
19.17 15.85 21.88 30.22 30.88 27.38 24.41 22.70 21.91 23.99 19.26 17.58 16.34 15.91 16.87 13.42 13.68 10.90 14.04 14.07 12.50 11.10 7.34 6.68 6.10 2.12 1.08 5.43 10.53 11.15 11.53 11.00 10.30 10.69 11.56 10.28 9.92 10.47 10.13 4.81 2.49 2.89 4.06 4.49 2.68 1.03 8.95 7.40 8.69 5.88 5.85 9.74 6.85 2.34 3.19 6.74 6.32 6.25 8.16 9.71 10.38 10.31 10.65 11.26 11.45 10.93 9.84 5.48 7.99 8.07 9.09 9.86 7.42 6.91 6.89 6.60 6.21 7.40 9.22 10.47 10.97 12.04
16.86 18.16 26.58 29.06 28.83 24.33 21.25 23.77 23.10 22.51 20.97 19.76 17.96 17.71 16.41 11.69 12.80 10.53 12.90 12.75 11.25 9.43 5.03 3.99 1.19 1.60 2.81 7.76 10.48 10.05 11.03 11.31 9.70 10.66 10.29 10.08 9.30 9.04 8.81 1.73 4.02 7.31 3.62 8.92 3.41 1.77 2.04 7.81 9.27 9.00 5.95 5.33 4.85 2.13 1.78 5.23 7.10 6.24 8.21 8.94 10.51 11.17 11.59 12.11 11.91 11.31 10.17 8.64 4.33 6.75 7.08 8.08 5.58 5.96 6.06 5.91 5.97 6.51 7.29 8.08 11.21 12.43
