examples/cougarCreek-fire/createInputs/farsite/7a-cougarCreek-polygonIgnit/cougarCreekFire_08-11-2015_1200_217m_non_neutral_stability_ang.asc
ncols	146
nrows	140
xllcorner	610065.000000
yllcorner	5095217.000000
cellsize	216.586807
NODATA_value	-9999.000000
[rows 0 to 47 of 140, columns 0 to 95 of 146]
58 18 65 113 123 128 110 108 112 118 123 125 126 127 116 120 115 97 71 57 55 69 92 112 121 121 120 119 117 117 117 117 101 95 92 91 95 100 104 105 106 105 103 100 99 97 94 90 86 75 70 294 55 33 44 37 6 320 23 21 20 355 15 14 13 349 7 7 8 6 6 6 5 3 3 7 7 360 359 0 360 359 359 358 358 357 354 350 344 339 324 312 321 299 303 304
58 18 65 113 123 128 110 108 112 118 123 125 126 127 116 120 115 97 71 57 55 69 92 112 121 121 120 119 117 117 117 117 101 95 92 91 95 100 104 105 106 105 103 100 99 97 94 90 86 75 70 294 55 33 44 37 6 320 23 21 20 355 15 14 13 349 7 7 8 6 6 6 5 3 3 7 7 360 359 0 360 359 359 358 358 357 354 350 344 339 324 312 321 299 303 304
104 68 79 135 144 122 112 109 115 129 138 148 117 147 140 139 139 111 95 71 70 80 92 104 113 114 144 142 126 127 128 137 107 106 95 92 133 142 114 162 152 169 162 161 165 104 183 178 183 214 190 172 123 28 41 34 2 323 19 10 337 341 353 340 340 332 5 5 343 6 6 6 350 2 3 342 329 360 358 360 360 359 359 358 358 358 356 352 347 343 333 321 317 285 278 287
88 82 81 128 139 129 125 118 119 124 139 150 137 144 157 153 149 134 125 113 99 95 100 98 104 124 152 143 122 125 157 147 129 131 128 121 125 137 146 155 154 155 151 155 149 163 178 150 166 178 186 210 323 13 35 29 356 8 13 355 347 351 2 344 345 359 2 354 346 7 342 346 2 1 3 344 336 0 358 359 359 359 359 359 359 358 358 356 355 355 356 353 339 322 320 297
34 95 78 113 131 124 119 118 126 130 130 141 117 127 151 163 156 140 136 130 115 104 97 131 102 112 128 146 149 152 153 152 136 134 138 130 127 137 141 151 158 152 158 162 150 162 167 155 162 181 236 273 300 7 359 348 296 16 3 8 359 330 347 338 346 2 349 3 6 342 345 2 1 1 342 348 9 1 356 356 356 357 359 359 359 359 359 0 1 3 4 3 359 349 333 326
90 88 76 102 122 129 128 126 125 123 122 129 133 124 153 160 161 139 135 132 121 109 99 118 136 109 126 146 148 153 159 165 140 141 143 133 133 136 149 156 161 153 164 170 159 163 165 163 190 247 271 279 304 354 323 286 311 5 2 355 337 329 337 328 1 346 337 347 337 350 1 354 351 4 10 13 339 359 353 353 353 355 358 360 1 1 1 2 4 4 3 3 4 2 350 332
115 92 79 85 109 122 125 119 123 130 124 121 134 122 136 166 165 146 137 128 122 112 104 103 133 107 155 144 148 157 163 157 146 148 144 132 136 140 140 150 151 161 171 175 167 162 191 215 86 29 349 332 289 285 278 312 324 332 325 324 324 336 332 340 357 338 335 334 336 358 344 340 6 9 11 335 4 355 351 350 351 353 356 360 2 3 3 3 4 3 2 3 5 7 5 357
107 106 103 101 106 120 123 117 114 124 121 119 128 136 151 165 167 161 142 128 121 116 110 106 130 109 122 151 146 126 167 152 148 162 146 132 142 145 146 144 148 159 168 166 173 198 217 105 42 333 268 260 271 278 282 293 298 316 310 318 327 322 311 355 327 331 334 331 342 338 1 6 341 339 7 347 0 354 350 349 350 353 356 359 2 3 4 4 3 2 2 3 4 6 6 5
108 103 102 102 102 112 120 123 121 120 124 121 118 140 122 139 160 164 149 129 121 120 112 106 127 109 120 154 148 158 164 153 161 166 147 137 148 148 142 141 150 155 161 166 130 200 215 217 229 238 239 262 284 287 304 295 285 303 312 321 315 320 327 325 326 330 330 328 335 335 3 330 360 4 338 334 359 353 350 350 351 353 356 359 1 3 4 4 3 2 2 2 3 3 4 4
109 105 102 101 99 102 106 116 122 124 125 123 121 130 160 147 153 157 151 129 119 120 114 108 106 142 117 156 153 155 164 158 161 160 147 140 147 146 137 140 156 166 165 155 191 145 203 207 221 235 255 280 283 278 261 267 277 291 301 296 309 347 315 320 322 321 322 324 329 333 336 3 0 342 333 4 358 353 351 352 354 355 357 359 1 3 5 5 3 2 1 1 1 1 2 2
64 112 113 105 104 99 95 104 111 115 120 123 124 123 115 126 136 158 155 131 117 124 116 110 104 134 110 153 149 153 167 158 158 162 146 140 144 141 139 148 157 171 127 188 204 149 211 213 232 256 287 276 256 243 247 260 270 282 278 300 327 307 312 316 317 323 325 327 331 333 337 347 340 346 343 0 356 354 354 356 358 358 358 360 2 4 4 4 3 1 359 358 358 359 1 2
59 102 108 111 111 107 96 95 105 114 118 123 129 125 132 137 101 147 149 137 115 124 117 112 105 118 108 154 148 155 167 160 164 161 147 141 139 139 144 145 156 121 178 132 139 157 215 219 241 262 263 256 241 237 253 268 272 278 282 320 303 306 312 311 315 324 349 353 356 0 339 343 359 341 0 357 354 355 357 359 1 0 0 1 3 4 4 3 2 0 357 354 355 358 1 2
84 82 87 94 106 107 101 90 94 107 113 119 125 135 98 100 103 154 133 133 123 125 128 114 107 103 106 143 144 119 166 160 161 128 147 142 142 142 140 113 148 124 132 195 147 213 207 224 246 250 247 244 239 241 259 269 276 281 285 294 315 335 311 315 343 344 348 353 357 358 358 357 346 339 358 355 354 357 359 2 344 2 2 3 4 5 3 2 0 359 356 351 351 356 0 1
48 57 68 83 94 100 103 86 88 88 100 111 115 126 90 94 97 153 139 129 122 120 128 122 107 103 139 145 142 119 163 167 154 153 144 139 145 147 122 118 143 125 138 144 209 202 203 228 243 241 240 240 245 245 266 275 281 292 292 300 316 329 333 314 314 316 314 317 318 321 352 353 355 357 356 354 356 360 3 4 5 4 4 4 5 5 3 1 359 358 355 351 350 353 356 358
45 64 72 78 82 90 102 104 93 88 81 91 99 103 116 73 84 103 145 134 132 126 132 135 109 105 134 136 143 117 169 163 149 148 142 137 146 146 123 121 120 126 141 199 203 198 213 237 252 249 237 243 247 250 262 267 280 289 292 297 303 304 305 310 309 305 309 314 321 351 339 326 353 342 355 355 358 2 5 5 4 4 4 5 6 6 4 0 358 356 354 351 352 352 351 356
67 75 82 84 84 93 105 110 108 91 76 87 100 96 94 108 81 90 140 129 132 129 132 142 129 121 130 139 143 116 165 153 150 127 142 143 140 119 119 118 160 125 141 201 203 210 229 250 254 240 236 249 258 263 263 271 286 285 285 292 294 293 292 294 301 310 310 316 339 317 321 353 351 352 354 356 359 3 341 4 3 4 4 6 7 6 4 1 358 355 351 347 348 350 349 357
69 74 80 91 90 88 97 102 107 106 93 93 112 118 98 83 76 118 120 119 126 127 131 108 138 125 132 131 110 152 159 147 148 153 145 147 122 118 116 149 121 128 142 164 210 221 240 249 245 237 239 261 271 269 265 287 288 286 283 289 295 291 295 300 305 311 306 316 315 332 343 355 349 350 354 356 359 3 6 4 3 4 4 6 7 6 4 1 359 355 350 343 338 339 334 357
80 78 78 89 96 87 85 95 104 111 101 92 100 110 97 88 77 79 99 95 109 112 116 99 142 126 133 129 110 151 155 150 151 149 151 146 123 120 117 154 122 131 144 204 217 230 241 244 242 244 259 274 275 266 277 286 280 285 286 282 287 292 296 296 297 311 315 322 337 342 328 320 323 327 329 332 358 2 6 6 354 5 5 7 7 6 3 1 359 356 350 343 338 334 312 328
104 96 92 93 108 107 95 99 109 119 113 99 92 94 102 102 95 97 102 98 104 111 105 121 131 130 130 126 136 151 154 153 154 133 153 144 126 123 139 155 164 184 148 167 221 231 241 244 241 255 268 273 266 257 273 275 269 273 279 282 285 289 292 296 303 311 318 340 333 321 316 326 327 339 337 336 344 2 5 7 7 6 6 8 7 5 3 1 359 355 350 346 343 343 343 321
120 112 101 96 106 110 99 96 106 117 112 105 93 92 110 116 116 106 107 102 102 113 102 109 116 125 105 125 144 150 153 156 159 172 137 131 130 127 139 153 166 181 152 176 228 234 242 248 260 269 271 262 275 260 273 270 269 274 277 279 280 287 285 291 296 304 304 304 311 312 320 326 325 352 355 340 340 339 341 350 5 5 5 6 6 5 3 1 359 354 348 346 349 347 335 314
35 119 104 96 102 106 102 100 106 116 106 104 119 95 93 107 113 112 112 108 104 121 99 90 100 120 99 123 140 145 151 158 159 174 141 131 131 130 128 155 135 143 160 186 236 243 251 258 268 268 268 258 260 273 280 261 270 277 274 277 280 284 284 287 296 301 308 312 322 315 330 327 329 336 357 340 342 346 347 341 351 3 3 3 4 5 3 1 357 352 347 345 348 341 310 311
95 86 91 92 98 100 98 98 103 116 112 109 130 129 90 84 88 95 99 102 102 116 107 104 106 115 119 128 136 144 151 151 161 180 144 131 143 128 147 131 138 149 170 198 240 242 250 262 265 259 260 256 262 261 282 263 288 279 276 277 279 284 282 285 308 301 306 307 322 321 315 323 334 347 347 349 342 340 349 350 3 1 0 2 4 4 3 360 355 351 348 347 348 348 346 332
53 58 66 71 85 87 86 91 96 110 113 107 115 151 113 89 80 84 87 99 103 107 106 100 99 111 118 123 131 142 146 146 169 177 142 131 129 127 147 130 140 157 182 211 243 249 257 261 253 251 252 273 276 253 283 286 286 270 277 278 283 285 284 301 305 301 304 305 302 317 326 327 333 358 338 338 342 341 342 341 340 359 358 1 4 3 1 358 354 350 350 354 358 1 4 351
65 56 59 45 65 74 84 92 99 112 118 107 107 137 125 112 101 96 94 101 110 110 111 94 82 98 100 120 124 135 143 149 162 171 147 135 130 128 148 130 144 165 191 239 245 253 256 254 250 252 268 270 276 279 284 286 286 288 290 280 286 286 287 279 285 291 295 300 306 324 316 342 327 333 338 337 340 346 351 343 344 339 357 358 360 359 358 355 351 351 355 2 8 12 16 5
354 44 29 49 65 71 80 89 97 106 124 116 108 118 126 112 104 98 95 94 101 109 114 106 83 94 113 119 126 128 134 147 161 171 160 139 133 139 151 135 154 227 231 246 250 248 253 257 256 255 268 272 276 279 283 273 276 279 280 291 296 283 297 303 301 294 294 301 309 314 323 329 329 335 331 334 338 338 2 3 352 345 358 356 356 356 355 351 348 352 0 5 9 17 25 15
347 45 62 71 84 88 83 91 95 100 119 119 106 104 123 117 107 100 96 93 93 105 113 107 93 93 109 118 125 122 135 148 165 172 166 139 133 153 158 140 163 228 237 244 250 258 263 263 257 252 270 274 276 278 281 275 280 282 291 291 294 286 299 292 295 291 295 307 313 339 331 330 330 332 344 335 347 339 339 2 2 2 359 356 355 355 354 348 344 349 358 4 10 7 16 17
316 8 7 64 78 87 81 82 87 91 107 108 105 102 108 119 110 101 99 96 95 105 109 104 93 91 105 115 121 122 132 146 163 172 161 144 153 163 169 198 217 221 230 238 245 251 254 255 252 268 270 274 277 278 279 283 288 291 290 291 283 284 287 291 295 297 318 331 343 343 330 338 338 339 332 353 356 2 338 337 359 358 357 356 355 356 354 348 342 343 351 8 20 2 2 7
24 58 63 67 67 76 86 84 79 80 97 109 114 106 95 103 101 98 100 97 98 108 111 102 88 86 97 110 118 123 133 144 153 160 158 158 161 172 186 200 211 217 226 238 246 250 253 257 258 268 269 275 279 278 281 286 289 289 290 292 296 290 304 307 312 325 326 333 323 320 318 319 323 327 338 336 340 334 346 335 337 338 353 353 353 354 354 348 342 337 328 320 339 334 339 348
96 94 94 84 75 78 88 99 96 87 96 115 112 107 90 94 97 95 99 97 99 107 114 105 87 77 86 98 112 122 134 144 146 155 161 169 174 186 194 203 214 222 233 246 255 260 264 264 255 268 269 277 279 281 284 289 289 289 291 295 298 301 297 308 311 319 326 333 323 322 322 319 317 319 320 320 323 324 330 332 336 337 351 349 350 353 353 349 343 339 329 329 326 336 335 334
115 110 106 96 87 83 87 94 111 106 107 115 123 134 113 98 100 97 99 98 100 108 113 113 98 87 84 87 107 112 132 140 146 157 163 169 186 197 195 208 220 233 246 254 255 257 262 253 267 268 269 274 279 283 286 289 288 289 291 294 296 298 302 307 309 312 309 315 319 324 324 317 325 326 326 326 329 330 331 335 338 342 336 349 349 354 353 349 345 343 343 344 347 335 334 329
131 133 127 123 111 97 87 85 94 102 101 113 119 107 130 106 107 106 103 103 106 113 115 120 112 102 96 91 102 104 126 138 149 159 166 177 200 194 202 219 230 244 256 258 254 255 254 264 264 265 266 269 276 285 285 284 286 288 290 287 290 294 303 299 300 299 303 305 323 327 330 346 345 332 331 331 336 337 337 335 337 338 343 2 1 359 354 348 345 345 349 353 351 325 326 332
344 182 126 112 111 100 94 93 94 100 96 96 101 106 129 114 105 107 102 103 110 117 119 122 120 113 110 100 98 102 116 121 153 163 171 193 201 192 207 228 240 251 259 264 265 261 259 263 263 264 265 267 273 282 282 282 288 291 293 287 292 297 304 297 299 304 309 313 316 318 322 326 330 330 328 328 332 333 334 338 351 340 2 7 6 359 352 347 344 346 348 351 352 332 330 339
339 272 235 131 112 115 110 103 98 102 103 102 113 120 130 121 105 99 98 98 105 115 119 125 126 122 115 107 102 101 104 114 147 169 180 192 191 195 213 225 239 255 262 266 269 270 271 263 266 266 267 269 271 275 277 281 287 291 287 289 290 292 295 300 306 318 325 331 334 337 334 330 331 323 320 328 327 340 351 352 351 353 355 354 356 356 351 346 344 346 349 351 354 356 340 344
329 334 326 256 149 135 125 117 109 105 117 128 134 133 131 126 112 98 90 88 93 105 113 115 117 121 123 113 105 102 103 109 138 172 190 195 200 210 227 239 250 258 262 266 275 277 279 267 273 275 274 273 272 273 274 277 281 285 289 293 296 293 296 301 304 306 311 314 312 308 311 330 333 338 342 325 329 331 340 347 347 337 343 336 340 350 349 345 344 346 349 354 358 1 341 339
315 324 73 331 135 129 129 130 129 129 128 130 131 137 141 130 116 100 91 90 94 101 107 112 113 116 118 113 106 105 105 105 121 171 198 204 211 227 251 263 265 267 271 273 276 281 283 272 278 285 286 280 276 274 275 275 275 277 281 286 292 295 291 292 297 300 301 306 323 320 322 327 332 318 330 335 334 327 324 328 334 327 337 314 338 347 347 344 343 345 347 354 2 5 329 326
64 70 77 103 82 111 122 120 122 125 122 111 112 125 139 156 154 136 117 118 115 110 109 107 109 105 104 103 102 104 106 102 103 161 207 210 221 238 245 251 258 265 269 269 270 274 279 284 294 283 287 289 283 274 272 275 275 273 273 279 281 283 290 297 312 318 324 325 325 325 324 329 320 342 324 326 324 324 323 322 321 337 329 325 344 348 347 344 343 344 346 355 8 13 334 327
91 87 95 106 86 96 130 124 120 118 113 108 111 115 122 134 139 134 129 117 107 106 103 104 98 90 90 94 98 100 102 103 100 135 194 205 211 181 239 248 253 258 261 265 273 271 271 277 286 282 283 287 287 280 274 275 274 273 270 272 277 284 290 294 300 315 322 326 331 315 330 333 339 339 338 342 341 339 324 339 338 324 328 330 343 342 345 345 345 345 346 356 11 15 325 315
88 94 107 110 105 108 119 113 111 109 106 111 114 111 112 115 115 113 105 96 92 94 93 86 87 85 81 92 93 91 91 97 97 103 223 244 239 239 246 253 259 257 262 266 267 278 280 274 278 284 291 282 281 293 280 275 272 269 268 271 268 272 279 286 294 302 307 313 322 328 329 333 314 335 332 337 337 334 336 336 336 323 322 311 328 339 339 342 346 348 348 355 8 15 305 279
279 256 121 108 98 93 119 144 94 96 97 109 107 105 101 102 102 96 89 87 87 87 85 83 77 72 79 87 86 83 83 91 108 103 323 310 289 211 242 285 278 271 268 271 276 275 274 277 267 276 283 287 287 290 288 286 281 277 268 272 273 275 281 283 271 288 269 268 274 284 297 308 322 327 327 331 338 338 335 334 334 333 334 335 339 352 341 336 345 352 354 357 8 22 22 293
294 97 91 95 92 83 120 81 97 99 106 109 103 107 105 105 102 94 88 88 84 79 87 87 77 72 83 88 77 80 83 86 92 122 300 316 310 302 298 264 266 288 269 267 273 274 275 271 269 270 271 274 274 278 283 287 284 281 285 277 273 275 279 279 276 275 279 283 285 284 291 280 291 300 306 317 326 331 337 337 333 330 330 334 342 329 349 330 333 352 359 7 15 28 36 314
328 41 57 68 110 111 112 83 98 103 108 116 117 118 111 110 102 87 78 78 78 82 93 88 73 74 84 85 81 82 85 84 73 43 302 287 281 280 288 294 289 286 284 267 259 259 264 266 266 277 277 276 271 268 273 273 267 263 263 259 269 281 280 278 274 283 287 289 297 296 298 306 307 289 294 304 307 315 329 335 335 331 329 333 339 320 354 340 329 339 2 18 27 35 47 50
311 341 42 60 105 109 110 89 99 106 114 118 120 119 109 107 92 75 77 87 94 98 96 82 69 76 84 87 87 87 82 72 57 24 306 271 277 276 273 276 288 283 279 278 279 280 268 266 283 283 281 283 272 284 278 277 274 273 256 250 266 263 273 278 281 282 283 281 281 283 286 302 309 308 305 311 307 311 318 328 334 334 334 336 339 330 303 355 347 344 9 34 41 42 48 54
17 38 51 78 93 110 86 97 98 106 116 119 117 112 107 96 86 85 98 105 108 103 90 71 72 87 90 88 87 87 78 66 55 42 36 346 280 275 272 270 275 280 278 274 271 270 274 279 283 271 282 283 286 284 280 257 253 275 278 279 252 280 275 246 244 238 240 243 240 240 243 248 248 244 252 264 300 319 319 331 328 331 336 341 346 345 331 304 360 4 17 51 56 51 50 54
35 84 93 138 114 109 96 101 102 110 117 115 122 117 100 79 92 95 104 110 108 96 79 69 82 95 90 82 82 87 76 64 58 49 45 33 296 276 272 267 265 270 272 267 259 261 265 268 271 277 276 276 283 283 279 280 277 274 259 252 251 246 241 245 252 258 262 265 277 257 272 274 272 272 277 265 270 280 315 331 331 324 329 340 351 355 353 339 325 348 17 55 67 61 59 61
23 35 168 103 89 80 99 99 104 110 102 105 81 76 80 80 94 81 95 102 96 84 75 78 90 94 82 75 81 88 72 58 47 41 46 46 353 290 278 272 267 263 258 260 261 264 269 275 277 275 270 271 275 274 268 259 249 247 246 252 255 249 249 264 276 293 308 316 318 315 313 312 312 313 316 314 302 304 299 339 334 328 324 334 349 359 8 9 353 340 42 71 25 71 31 31
78 92 91 82 82 84 90 96 99 96 137 61 66 85 88 82 62 82 102 101 96 89 86 82 90 87 75 75 87 88 70 58 50 43 39 28 9 358 319 281 267 284 279 279 281 268 269 272 278 282 272 258 256 255 253 249 255 254 256 259 259 265 268 276 287 303 312 322 331 325 319 327 326 324 324 321 331 316 310 309 357 335 322 326 347 4 21 30 32 33 106 104 86 76 32 81
79 100 122 69 77 80 77 84 82 120 55 67 79 87 80 72 73 104 113 110 105 92 85 78 75 75 71 80 87 79 65 57 53 48 41 33 1 329 308 304 305 294 288 285 284 274 274 269 265 253 256 259 264 266 264 261 259 266 270 275 276 275 276 279 287 293 322 330 320 334 344 349 346 330 327 330 345 331 320 315 321 345 324 323 345 20 47 68 81 97 316 132 102 82 81 81
78 87 102 74 77 77 109 62 63 55 70 79 89 87 87 100 150 158 119 112 101 87 73 60 63 68 77 85 85 75 65 62 63 50 51 50 357 333 318 300 312 294 296 293 286 280 275 268 263 257 256 262 272 273 269 268 270 267 268 270 268 268 269 272 276 285 296 310 326 330 338 327 323 322 325 327 343 346 343 319 316 355 333 325 354 43 67 87 106 116 125 131 117 50 88 84
