examples/cougarCreek-fire/createInputs/farsite/7a-cougarCreek-polygonIgnit/cougarCreekFire_08-12-2015_1700_217m_non_neutral_stability_ang.asc
ncols	146
nrows	140
xllcorner	610065.000000
yllcorner	5095217.000000
cellsize	216.586807
NODATA_value	-9999.000000
[rows 92 to 137 of 140, columns 0 to 95 of 146]
162 162 162 162 162 163 164 164 165 165 180 169 163 172 174 177 176 170 168 168 169 169 185 169 168 167 177 180 185 183 170 164 163 161 160 156 172 149 171 169 137 134 159 126 123 119 115 112 110 108 106 104 101 108 107 95 94 91 89 87 85 84 104 100 103 78 76 97 91 89 72 91 74 76 98 96 95 95 95 91 91 95 84 102 86 99 98 98 90 92 94 95 96 97 103 104
161 161 161 161 162 162 163 163 163 163 163 172 166 174 166 175 178 175 168 168 169 169 184 168 168 187 178 180 179 178 169 165 163 162 160 178 153 150 146 141 138 136 132 129 126 122 118 115 113 111 108 106 103 111 108 112 94 111 90 89 87 85 102 97 99 79 77 99 94 90 88 95 75 77 100 98 96 79 88 83 82 83 91 87 88 106 90 111 93 92 100 104 100 99 105 107
161 160 160 157 161 161 162 162 162 162 163 163 173 165 166 166 178 177 168 168 169 169 168 185 168 188 180 177 171 175 175 166 174 180 180 158 155 153 149 144 141 138 135 131 128 125 121 119 116 114 111 109 106 103 107 109 107 103 109 90 88 86 104 93 81 94 101 76 95 92 89 96 77 78 100 104 105 99 90 91 92 92 85 90 93 97 97 93 110 111 96 96 99 99 104 107
159 159 159 160 160 161 162 162 162 162 162 162 163 169 165 171 176 179 170 168 168 169 169 168 167 166 178 170 167 166 165 174 180 183 160 158 156 154 150 175 145 141 137 134 131 128 125 122 120 117 115 112 110 107 105 100 101 102 101 107 89 87 100 92 82 85 89 94 93 92 89 93 103 103 104 80 81 81 94 91 92 93 87 88 90 95 93 95 96 98 100 100 98 102 104 104
158 158 158 159 159 160 161 161 161 161 161 162 162 170 168 169 177 181 170 167 168 184 168 168 167 186 174 170 179 189 166 182 164 162 161 159 157 155 178 148 146 143 140 137 134 131 128 126 124 121 119 116 113 110 108 105 102 98 96 93 103 105 100 100 95 89 79 88 89 89 89 94 95 97 103 108 82 83 109 84 85 84 84 90 92 94 109 96 99 97 99 101 106 103 105 108
157 157 157 158 158 160 159 159 160 160 160 161 161 171 163 163 177 176 168 167 168 168 168 167 166 174 170 179 167 166 166 165 164 163 161 160 158 156 153 150 148 145 142 140 137 134 132 130 127 125 122 119 117 114 111 108 105 102 98 95 92 101 103 101 96 82 80 78 77 76 78 79 80 94 99 106 84 84 85 105 86 85 89 91 93 96 115 99 98 92 92 103 106 109 106 108
155 156 157 157 158 157 158 158 159 159 160 160 160 167 162 162 172 171 168 167 167 167 167 167 167 171 175 167 167 166 166 187 164 163 187 183 186 183 184 179 150 147 144 142 140 138 135 133 131 128 126 123 120 117 114 111 108 104 101 98 95 93 90 87 90 83 81 79 78 77 79 80 81 96 98 102 111 86 86 114 89 90 92 93 94 97 100 97 101 102 103 106 108 106 111 109
153 154 156 157 158 156 157 157 158 158 159 159 159 160 160 161 162 163 164 166 166 166 166 167 175 175 167 167 177 181 166 165 164 188 184 184 183 183 184 183 150 148 147 145 143 140 138 136 134 132 129 126 124 120 117 114 111 108 104 101 98 96 93 90 87 84 82 80 79 78 87 93 94 83 96 99 106 88 89 90 110 106 93 110 112 98 100 103 100 104 103 104 110 112 114 112
152 152 154 156 155 155 156 156 156 157 157 157 158 164 159 160 162 162 164 164 165 180 166 176 167 167 167 167 172 182 189 165 164 163 183 182 184 160 158 154 151 150 150 148 146 144 142 140 138 136 133 131 127 124 121 118 115 111 108 104 101 98 96 93 90 87 84 82 80 85 90 93 94 94 93 88 90 106 91 92 115 110 95 97 99 99 100 103 106 106 106 106 107 113 116 115
153 152 152 153 154 154 156 156 155 157 156 156 157 158 158 159 160 161 162 163 163 164 165 186 166 166 181 173 171 166 165 189 185 182 179 181 162 161 160 157 155 155 153 151 149 147 145 144 142 139 137 135 132 129 126 105 103 100 111 108 105 102 99 96 91 90 88 85 83 82 85 88 89 89 88 90 92 99 110 118 111 107 97 95 97 100 101 101 103 104 105 109 109 111 113 116
151 152 152 151 151 151 154 154 154 156 155 155 156 156 157 159 159 160 163 162 169 165 164 165 164 165 182 175 182 166 165 164 183 182 180 183 186 185 181 176 158 158 156 170 187 150 185 182 145 143 141 139 136 133 110 112 110 105 100 111 108 105 102 99 96 93 91 88 86 85 86 87 89 90 92 92 93 95 104 111 98 98 99 100 101 103 103 104 104 106 108 110 111 113 114 118
150 153 151 151 151 150 150 151 154 153 154 155 155 155 156 157 158 159 160 162 163 163 163 163 164 165 181 177 184 165 184 182 183 184 181 182 183 180 177 173 166 159 158 156 187 186 186 150 182 179 145 144 141 137 109 110 109 105 119 115 112 108 105 102 99 97 94 92 90 88 89 90 92 93 93 95 104 105 109 117 113 108 104 105 105 107 107 108 109 112 110 111 111 115 118 120
148 151 149 149 149 148 149 150 152 152 154 154 154 155 156 156 157 158 159 167 163 163 162 163 178 165 181 176 184 183 177 181 183 184 183 176 178 182 182 182 183 179 184 191 190 156 155 154 185 184 188 177 145 141 138 109 107 127 123 119 97 96 109 106 103 100 98 95 90 92 91 91 94 92 93 97 99 107 110 116 113 110 110 104 106 109 109 109 110 114 115 115 115 120 120 122
148 148 147 147 147 146 146 148 151 152 153 153 153 155 155 154 156 156 158 166 163 162 162 162 178 164 165 168 184 182 177 184 184 183 182 175 182 163 162 192 191 185 192 193 160 192 158 157 188 184 153 152 150 146 142 110 136 132 127 123 97 96 95 95 94 92 92 96 97 98 98 97 96 98 99 100 101 102 102 103 108 113 113 106 107 110 111 111 110 115 118 117 119 123 124 123
148 148 146 146 146 146 145 147 149 149 149 151 153 153 153 154 154 156 158 159 160 160 161 170 164 164 180 169 182 183 183 183 181 181 180 179 193 164 163 191 164 184 193 163 194 195 195 191 159 187 158 157 155 152 148 112 141 137 133 129 100 101 99 103 102 100 99 98 99 100 103 105 105 101 102 102 92 92 104 105 106 107 108 104 107 109 109 111 111 113 120 118 118 123 122 127
147 147 146 147 146 146 146 146 148 148 150 150 152 152 152 154 153 154 156 158 159 159 161 177 180 163 178 175 186 185 187 178 177 181 181 191 166 165 165 182 185 192 196 196 196 197 164 164 195 199 198 202 192 177 125 119 113 142 138 104 106 104 105 98 114 94 94 94 95 96 98 101 105 106 102 105 106 107 108 112 110 109 110 110 109 111 112 111 111 115 117 119 119 120 124 126
145 145 144 146 146 145 144 145 147 148 150 149 150 151 152 152 152 154 155 157 159 159 159 161 162 183 180 182 185 181 181 174 176 184 192 166 166 194 175 171 192 197 198 199 199 168 200 199 198 203 199 201 202 202 148 122 118 148 108 110 109 111 104 125 95 97 101 103 102 100 100 103 107 108 107 106 106 108 111 113 116 112 112 113 114 113 112 113 113 115 118 120 122 124 127 130
141 144 144 143 145 144 142 143 145 147 146 146 149 150 151 151 151 152 154 156 160 159 160 174 181 177 178 183 177 175 177 175 180 190 167 167 166 187 173 182 197 199 201 200 202 203 171 171 170 169 169 207 202 195 164 137 122 116 113 112 108 109 104 130 95 100 102 103 104 107 108 108 110 116 117 112 109 107 112 111 113 113 113 114 116 117 116 117 118 118 120 122 124 127 129 132
139 140 143 142 144 144 144 142 144 147 146 145 149 149 150 150 150 154 152 154 155 156 170 161 163 178 175 181 173 176 179 182 193 168 168 168 195 180 180 196 199 200 199 202 203 204 206 174 203 173 202 201 198 205 168 167 128 121 112 111 108 112 106 136 104 106 100 101 103 105 106 101 100 104 110 110 108 114 114 114 115 115 115 116 117 119 119 119 120 122 123 125 126 128 130 134
138 138 141 141 140 143 144 143 140 146 146 144 148 148 149 150 153 150 151 152 156 157 158 161 162 163 163 164 175 181 167 168 168 168 169 169 183 179 194 201 174 200 204 204 203 205 206 208 206 177 204 205 202 198 172 149 129 123 123 123 121 118 116 133 128 121 116 111 108 106 104 101 119 118 117 117 110 111 110 116 117 117 116 117 117 120 120 120 120 123 125 129 128 129 132 135
137 138 139 139 139 138 139 143 141 145 146 144 147 147 148 150 149 149 150 152 153 156 158 160 161 162 163 180 180 185 167 167 191 190 192 182 179 189 197 199 203 204 203 204 206 205 205 205 211 208 208 213 214 212 199 144 138 134 129 126 125 126 127 135 133 130 131 126 120 116 115 119 117 114 110 110 113 114 112 119 120 120 119 120 120 121 123 123 124 126 127 131 133 132 133 137
137 138 137 136 139 137 137 138 140 143 145 144 146 146 148 149 151 151 151 150 153 156 155 160 160 161 162 163 181 183 166 184 183 189 186 175 185 194 195 197 198 197 203 206 208 176 207 205 210 209 209 209 204 197 184 162 143 137 129 125 126 128 132 136 134 131 130 129 126 123 123 125 127 127 122 119 120 125 124 119 123 124 122 122 122 122 124 126 127 130 131 132 136 136 140 143
135 135 138 138 139 138 138 138 138 139 143 143 145 146 147 148 149 149 149 150 152 156 156 159 155 160 160 162 162 163 178 180 167 186 178 179 191 195 171 191 173 199 205 175 175 176 176 204 202 203 204 200 195 190 179 173 161 151 142 132 133 137 138 138 135 133 132 129 127 124 124 122 121 125 127 126 130 133 129 128 128 128 126 125 124 124 126 128 129 132 135 135 138 142 144 144
137 138 138 138 136 139 137 136 139 139 141 141 142 143 143 147 147 147 148 149 152 155 157 154 154 158 159 160 161 162 171 165 186 183 175 185 192 169 186 190 172 202 173 203 203 200 199 205 202 202 201 195 192 186 176 173 171 166 158 145 140 145 146 139 134 134 135 132 128 124 123 121 121 126 130 130 130 133 132 131 131 132 132 131 130 129 131 132 132 135 137 138 140 145 147 150
137 137 138 138 136 138 139 139 140 136 140 139 140 142 143 143 147 144 148 149 149 154 156 152 156 156 158 159 160 160 161 164 165 165 183 192 167 186 183 192 171 172 197 197 196 197 198 199 202 201 199 193 186 180 174 170 172 169 165 155 145 145 149 144 136 132 131 130 129 128 128 127 128 130 133 134 138 137 135 134 133 134 134 134 133 133 134 136 137 140 139 139 146 149 151 154
137 137 137 136 136 137 137 138 141 140 140 139 139 140 142 146 146 145 148 149 148 154 154 150 153 154 158 158 159 158 160 163 164 165 166 189 181 180 186 194 170 171 200 200 196 195 194 199 200 196 193 183 178 177 175 170 169 167 166 160 151 149 152 149 144 138 133 130 132 136 136 131 131 132 132 134 142 141 140 139 138 137 136 136 137 138 140 138 142 148 148 146 145 153 155 158
137 137 137 138 136 137 134 138 140 140 140 137 137 141 142 145 145 145 148 148 149 153 153 153 150 153 157 157 157 157 160 163 163 164 163 183 165 181 191 169 169 170 195 194 192 187 189 196 191 190 191 180 176 177 174 173 166 164 171 160 169 154 165 154 151 147 143 134 131 136 142 134 131 129 147 146 146 145 145 144 144 145 144 143 142 144 146 145 148 152 154 153 156 158 160 162
137 137 137 136 136 135 137 138 138 139 139 142 138 137 141 141 141 146 143 148 149 151 151 151 151 154 155 156 156 157 160 162 158 161 163 178 178 167 167 197 168 195 193 190 186 187 191 190 188 187 187 180 176 175 174 174 173 173 172 172 159 169 157 166 153 151 149 143 132 132 143 145 139 134 152 151 151 151 151 150 149 150 150 148 147 149 151 152 153 155 156 158 160 162 165 167
137 136 137 136 139 134 135 137 138 138 137 136 137 138 140 141 141 141 142 147 149 145 150 151 152 153 153 155 156 155 158 160 156 157 162 163 165 166 166 166 167 191 191 190 189 193 191 188 187 189 186 183 175 175 175 174 174 174 173 173 172 160 158 159 168 156 149 149 139 132 139 149 149 146 142 156 155 155 156 156 154 153 153 152 151 157 157 157 158 160 161 163 165 167 169 171
136 136 139 141 138 137 136 136 136 137 137 136 136 137 138 140 141 141 141 146 143 144 149 150 150 150 152 154 155 152 156 154 155 160 161 163 164 164 165 166 188 187 191 193 195 196 190 187 187 189 186 184 181 175 175 175 174 174 174 174 174 166 162 163 165 165 153 153 149 136 137 145 147 145 161 160 160 159 160 160 159 158 158 157 156 163 163 164 164 165 167 168 170 171 173 174
136 139 135 136 139 136 138 136 135 136 137 136 136 137 138 139 141 140 140 141 142 148 148 149 148 148 152 153 153 150 153 153 154 155 160 162 162 163 164 188 165 187 193 195 196 194 187 186 187 190 189 186 174 175 175 175 175 175 175 175 175 174 161 165 168 169 173 161 161 147 138 136 167 166 166 165 165 164 164 165 164 164 164 164 164 162 170 170 170 171 172 173 175 176 177 178
135 139 137 135 138 133 138 140 134 135 136 136 135 139 135 138 141 141 139 144 141 146 147 147 146 146 151 152 152 149 150 157 157 158 159 161 162 162 163 163 165 188 191 192 194 169 170 186 189 192 193 187 174 175 175 175 176 176 161 176 176 176 163 166 176 176 176 164 163 156 150 147 148 171 171 170 169 168 169 170 169 169 170 170 171 173 172 176 176 177 177 178 179 180 181 182
134 134 138 137 134 134 135 135 133 133 135 136 135 135 135 136 139 140 138 139 140 140 146 145 145 146 150 150 151 147 149 154 156 157 159 160 161 161 162 164 165 188 190 191 167 184 170 187 191 192 190 173 174 175 175 176 176 177 177 178 177 178 178 178 178 178 179 179 160 157 157 160 177 177 176 175 174 173 174 174 174 175 177 177 181 181 182 182 182 182 183 183 183 184 185 185
134 134 134 138 136 133 134 134 133 134 134 135 135 134 138 135 138 139 138 138 139 145 145 140 145 147 149 149 148 147 148 149 155 157 158 158 160 161 162 163 165 166 191 166 167 168 169 187 188 186 172 173 174 175 176 177 177 178 178 179 179 159 154 154 156 180 181 182 148 143 152 180 180 181 182 180 179 178 178 178 178 180 186 186 187 187 187 187 188 188 187 187 187 188 188 189
134 134 134 133 138 138 134 134 134 138 133 135 135 134 133 134 137 139 138 138 138 138 145 145 146 146 147 147 146 147 146 148 155 157 151 158 159 160 161 162 164 165 164 165 167 168 169 170 171 171 172 173 174 175 176 177 178 179 150 179 137 180 182 138 183 184 156 185 186 145 182 184 184 185 187 186 184 182 182 182 182 191 191 191 192 192 192 192 193 192 192 191 191 191 192 192
134 134 134 134 138 138 139 136 137 137 135 133 134 134 133 136 135 138 137 136 137 138 144 144 139 145 145 145 144 143 145 147 154 155 150 156 158 159 160 162 163 164 164 165 166 168 168 170 171 172 172 173 174 175 176 178 178 179 180 181 182 183 184 138 185 148 151 187 187 166 187 188 187 187 190 190 189 187 186 187 195 195 195 196 196 197 197 197 197 197 196 195 195 195 195 195
134 134 134 133 132 132 132 132 132 132 131 132 133 133 132 132 133 136 136 135 136 137 137 143 143 144 145 141 141 143 144 151 153 148 154 155 157 158 160 161 163 164 165 166 195 167 168 170 172 172 205 174 174 176 177 178 179 180 181 182 183 184 185 187 187 145 154 187 188 189 188 190 190 190 192 194 192 191 190 191 199 199 200 200 200 201 201 201 201 201 200 199 199 199 198 198
134 134 134 133 132 131 131 130 130 131 131 130 131 132 132 131 132 134 135 134 135 136 136 137 142 143 144 143 141 142 143 144 146 147 147 154 156 158 159 161 162 163 164 165 166 167 169 202 172 173 208 174 175 176 177 179 180 181 182 183 184 185 186 188 188 147 152 152 190 191 191 191 192 192 193 196 196 195 194 194 203 203 204 204 204 205 205 205 205 204 203 203 202 202 202 201
133 133 134 133 132 132 131 130 130 130 130 129 130 131 131 131 131 133 133 133 134 135 135 136 136 137 137 142 140 141 142 143 145 146 151 153 156 157 159 160 161 162 164 165 166 167 169 170 172 172 173 209 212 177 178 179 181 182 183 184 185 186 188 145 147 149 151 192 192 193 193 194 195 195 196 197 199 199 198 206 206 207 207 207 208 208 208 209 209 208 207 206 206 205 205 204
128 133 134 133 133 132 132 131 131 131 130 129 129 130 131 131 131 133 133 133 134 135 135 135 136 136 137 138 139 140 141 143 144 145 152 153 155 156 158 159 161 162 162 163 165 167 169 170 203 205 207 209 211 213 178 179 181 182 183 184 142 142 152 155 155 158 160 193 194 195 195 195 196 197 197 197 199 200 207 207 208 208 209 209 209 210 210 211 211 210 209 208 208 207 206 206
128 129 135 134 134 133 132 132 131 131 131 130 130 130 131 131 132 133 133 133 133 134 135 135 136 136 137 138 139 140 141 142 144 144 150 146 147 153 157 154 155 157 162 164 165 166 169 170 171 172 173 174 175 212 214 216 216 181 183 142 146 148 154 162 163 191 192 193 193 194 194 195 196 196 197 197 205 206 206 207 207 208 208 209 209 210 210 211 211 210 209 209 208 208 207 206
128 129 135 135 134 133 133 132 131 131 131 130 131 131 131 132 132 133 133 133 133 134 135 135 136 136 137 138 139 140 141 142 143 143 144 146 148 150 155 153 155 161 162 163 165 166 168 170 170 172 173 174 175 175 207 208 210 204 182 185 158 153 152 156 159 191 192 193 193 193 194 194 195 196 197 197 198 205 206 207 207 208 208 209 209 210 210 211 211 211 210 209 209 208 207 207
130 130 131 136 135 133 132 131 131 131 131 131 131 131 131 132 132 133 133 133 133 134 134 135 136 136 137 138 139 140 141 142 143 143 145 147 148 150 152 157 159 161 162 163 165 166 168 169 171 172 173 174 174 204 205 177 178 180 182 185 187 159 158 156 156 159 191 193 193 193 193 194 195 196 197 197 198 205 206 207 207 207 208 209 210 210 211 211 211 211 210 210 209 209 208 207
131 131 131 137 137 134 131 131 131 132 132 131 131 131 132 132 132 133 133 134 133 134 135 135 135 136 137 138 139 140 141 143 145 145 150 150 149 150 152 154 160 161 162 163 164 166 167 169 170 172 173 174 210 205 174 176 178 180 183 184 186 187 188 189 159 157 190 192 193 193 193 194 195 196 196 204 204 205 206 207 207 207 208 209 210 211 211 211 212 211 211 210 209 209 208 208
135 133 132 137 139 137 132 128 133 133 132 131 131 132 132 132 132 133 133 134 133 134 134 135 135 136 136 137 139 140 142 143 146 148 145 146 150 150 152 154 155 160 162 162 160 162 164 169 170 171 173 173 172 172 174 176 178 180 182 184 185 186 188 188 189 189 190 191 192 194 194 194 195 195 196 203 204 205 206 206 207 208 208 209 210 211 211 212 212 211 211 211 210 209 209 208
135 134 132 137 139 137 138 131 134 133 132 131 132 132 132 132 133 133 133 133 133 133 134 135 135 136 136 137 139 140 142 148 148 143 145 146 148 150 152 154 155 160 161 159 160 162 167 169 170 171 172 172 203 173 174 176 178 180 182 184 185 186 187 188 189 190 191 192 192 198 195 195 201 202 197 203 204 205 206 207 207 208 209 209 210 211 211 212 212 212 211 211 210 210 209 209
