examples/cougarCreek-fire/createInputs/farsite/7a-cougarCreek-polygonIgnit/cougarCreekFire_08-10-2015_1600_217m_non_neutral_stability_vel.asc
ncols	146
nrows	140
xllcorner	610065.000000
yllcorner	5095217.000000
cellsize	216.586807
NODATA_value	-9999.000000
[rows 36 to 71 of 140, columns 0 to 81 of 146]
8.06 8.45 8.88 9.26 9.76 7.71 8.46 11.37 12.16 13.00 13.75 13.98 13.77 14.99 16.86 18.40 20.99 24.32 27.19 30.12 33.39 34.32 35.98 36.78 36.46 34.97 35.02 33.55 31.35 33.51 33.00 33.37 32.04 27.95 26.93 25.58 23.40 22.34 21.65 20.92 19.89 19.68 20.61 20.53 20.06 19.41 19.35 19.74 25.13 24.66 19.70 18.87 17.85 17.34 17.48 19.91 27.11 28.31 28.14 27.06 25.81 24.90 24.40 23.31 22.53 21.21 20.44 20.73 21.41 22.49 19.33 18.22 17.07 15.87 14.66 14.31 14.08 13.79 13.45 13.18 12.94 12.69
8.00 8.35 8.85 9.53 10.37 11.02 11.51 12.79 12.38 14.49 14.67 13.86 14.07 15.94 18.89 21.23 23.66 27.56 30.62 30.00 28.67 28.87 30.06 29.57 26.76 26.91 23.53 25.94 34.78 36.84 31.47 31.13 31.43 33.38 34.31 35.06 34.60 32.67 32.03 29.96 27.73 25.71 22.92 20.61 19.44 20.34 21.25 20.54 23.33 23.78 23.96 19.14 17.88 15.73 15.62 16.72 17.44 18.35 19.54 20.42 21.11 21.65 22.26 22.84 23.40 24.02 24.40 24.13 23.29 22.38 21.96 23.62 20.51 16.94 16.14 15.30 14.57 14.07 13.73 13.46 13.15 12.78
8.26 8.76 9.42 9.86 10.40 10.94 15.57 11.82 14.20 14.53 14.09 14.21 15.75 16.67 17.96 18.96 21.09 23.71 24.52 23.80 24.08 23.49 20.98 21.41 23.87 17.59 18.42 19.55 27.21 20.96 29.58 28.21 29.05 27.23 26.94 28.67 28.75 32.09 33.14 33.71 31.43 29.52 25.19 23.80 25.59 26.14 25.31 23.02 21.19 20.06 23.32 22.29 16.62 13.55 12.95 11.84 11.66 12.37 13.31 14.48 17.94 18.79 19.18 19.55 20.10 20.25 19.67 18.89 18.60 18.77 19.29 20.01 20.63 20.97 20.30 16.86 15.84 14.90 14.12 13.54 13.05 12.61
8.94 9.59 10.11 10.39 10.70 11.07 16.89 11.63 13.36 13.52 13.34 13.84 14.30 15.35 16.19 17.18 19.23 21.64 22.72 22.89 23.38 19.97 16.76 20.01 22.79 17.18 16.69 17.91 21.55 23.30 27.52 28.28 26.00 25.39 24.58 22.85 21.84 17.97 19.52 22.23 24.83 29.82 31.72 33.49 33.46 32.31 30.59 28.76 26.03 22.22 20.26 21.09 18.56 17.90 13.56 10.31 12.61 12.95 10.88 11.52 12.32 15.41 16.05 16.65 16.52 12.86 11.72 11.23 11.80 12.93 13.76 14.13 14.46 17.77 18.57 19.27 19.64 15.73 14.87 13.88 13.07 12.57
9.08 9.59 10.09 10.73 11.07 11.37 16.07 11.75 11.91 13.42 13.18 13.03 13.35 14.52 16.45 17.42 19.46 21.45 20.81 18.11 16.61 15.39 18.74 23.33 22.76 16.80 16.53 17.00 20.50 19.90 29.19 28.68 25.84 23.26 22.21 22.75 23.04 22.14 21.29 14.27 15.42 17.73 19.14 19.77 25.12 26.38 27.31 27.33 27.72 27.31 25.73 23.93 19.05 16.60 15.10 14.34 13.62 12.88 12.70 12.80 14.58 12.48 12.43 12.04 11.07 10.14 9.73 9.97 10.65 11.30 11.47 11.39 11.49 11.73 12.08 12.51 13.36 14.47 17.92 18.06 13.68 12.92
9.15 9.46 9.65 10.30 10.74 15.04 11.76 11.72 12.12 13.18 13.15 13.70 14.61 16.46 18.13 18.21 20.07 19.85 17.27 14.06 13.55 16.64 21.47 24.61 17.69 12.92 14.67 17.40 21.63 25.21 32.14 25.57 22.20 19.87 17.89 19.24 22.26 21.15 19.33 19.97 13.70 20.29 21.43 21.66 21.05 16.80 18.13 19.53 20.51 20.85 20.61 20.23 19.92 19.97 19.95 19.63 18.90 18.48 18.34 17.39 13.91 12.50 10.99 9.40 8.42 8.29 8.79 9.58 10.16 10.29 10.11 9.98 9.97 10.02 10.13 10.39 10.97 11.78 12.73 13.67 16.19 13.44
8.92 9.07 9.13 9.54 10.30 10.75 11.41 11.69 12.23 12.69 13.33 14.50 15.93 18.17 19.25 19.58 19.23 16.62 14.23 14.00 15.66 18.86 23.74 22.98 12.36 12.62 16.38 20.30 23.16 24.13 28.98 26.91 22.57 18.95 18.80 20.82 21.58 19.82 18.73 18.53 20.43 21.14 21.24 20.53 19.47 19.48 20.07 17.44 17.59 16.48 17.71 15.67 15.47 15.94 15.84 15.09 14.19 13.02 11.61 10.57 9.80 9.04 8.20 7.61 7.52 8.05 9.06 10.03 10.53 10.58 10.44 10.18 9.84 9.60 9.67 10.13 10.56 10.76 11.13 11.81 13.94 16.18
9.01 9.20 9.39 10.03 10.81 16.91 11.42 12.00 12.44 12.99 14.49 17.46 20.21 20.16 20.22 19.66 17.97 16.59 15.62 15.84 17.73 22.13 23.13 18.22 13.05 15.96 20.63 22.94 21.16 20.89 27.58 29.19 27.49 25.07 21.93 21.60 20.57 19.37 18.40 17.24 17.18 18.39 18.84 16.57 15.31 16.96 18.15 18.36 20.22 17.55 15.53 14.75 14.14 13.28 12.21 11.24 10.07 8.79 8.97 8.05 8.15 7.99 8.30 9.41 10.89 12.73 13.97 14.28 13.88 13.38 13.13 12.68 12.25 11.95 11.80 11.37 10.97 10.97 11.18 11.54 11.83 11.65
9.58 9.92 10.29 10.80 11.19 12.08 11.89 12.33 12.86 15.17 18.69 19.77 19.01 18.14 18.82 18.70 18.91 17.97 15.12 16.04 18.84 20.63 19.89 17.85 15.63 19.78 22.94 20.23 16.89 19.53 26.73 27.79 28.49 28.32 25.30 23.75 21.37 19.27 18.44 18.15 16.79 14.71 13.91 14.43 16.84 19.42 21.87 22.87 19.28 17.00 15.34 13.79 12.59 11.58 10.84 10.36 9.86 9.57 10.02 10.94 11.69 12.51 12.88 14.79 16.32 16.95 16.83 16.07 15.43 14.91 14.46 13.90 13.36 12.93 12.44 13.91 12.81 12.09 11.70 11.65 11.09 9.85
9.68 10.22 10.83 11.14 11.88 12.19 12.72 12.94 13.47 18.80 18.50 17.96 16.38 15.61 17.17 18.66 18.68 15.74 13.39 14.50 16.98 19.69 20.33 20.47 19.58 21.19 20.70 16.03 14.37 19.07 24.57 24.52 25.68 26.96 26.53 25.78 24.31 22.46 21.03 19.50 15.62 15.66 15.89 18.51 21.64 22.25 23.56 18.89 16.06 14.47 12.95 11.69 11.57 11.53 11.43 11.17 11.10 11.92 13.75 14.44 16.09 17.95 16.82 16.56 15.98 17.03 18.22 17.42 16.22 16.97 17.42 16.45 15.79 15.40 14.87 13.91 12.64 12.31 11.80 10.85 9.49 7.65
10.28 10.75 16.87 11.07 12.00 12.39 16.70 16.55 18.14 18.03 17.59 16.31 14.63 15.79 17.36 17.68 17.04 13.10 13.80 15.04 16.94 20.98 23.83 24.44 21.17 19.67 16.36 12.86 14.40 19.01 22.78 22.25 23.16 24.46 26.83 25.38 24.86 23.98 22.77 19.56 17.79 19.37 21.87 22.79 26.46 26.71 23.02 17.28 14.64 13.03 11.94 11.81 13.07 13.97 13.86 13.89 15.23 17.39 19.97 18.01 17.72 17.07 16.42 17.28 16.96 17.98 17.19 16.10 18.42 20.74 20.02 20.00 17.80 15.13 14.86 15.68 17.73 13.07 11.32 9.95 8.22 6.59
10.86 16.66 12.95 11.31 11.77 12.93 16.94 16.83 16.69 17.37 16.44 14.87 13.90 14.55 14.31 12.71 13.53 13.30 14.99 16.67 19.74 24.23 24.15 23.43 19.59 16.74 13.11 12.79 15.45 16.68 20.24 21.60 22.11 23.11 26.04 24.70 24.34 24.55 23.61 22.74 20.11 24.84 29.46 28.81 25.88 22.33 18.20 16.77 15.67 14.97 15.11 16.29 17.97 17.76 17.58 19.05 21.58 19.89 19.57 21.47 20.43 19.34 19.83 20.37 20.86 20.59 19.62 19.32 19.57 18.87 18.13 17.38 15.96 14.55 14.91 14.90 15.21 14.49 11.53 9.88 8.64 7.94
11.00 16.95 15.95 15.97 17.57 16.86 17.24 16.16 14.79 16.27 14.65 12.95 13.38 12.74 13.19 14.66 13.81 15.27 16.87 18.29 20.17 23.11 22.32 20.20 17.43 15.29 13.15 14.24 15.26 15.78 18.54 20.56 21.37 23.37 24.74 23.67 22.49 22.86 24.01 24.24 29.17 27.30 26.62 26.59 20.44 18.65 16.45 14.17 16.11 17.00 19.34 20.15 19.81 19.37 19.54 20.34 21.84 27.25 26.04 24.94 24.03 22.33 21.61 21.91 21.28 20.24 19.28 18.36 17.79 17.42 15.60 14.96 15.48 15.42 13.74 13.68 15.74 15.02 12.34 10.12 9.96 10.07
16.94 13.20 17.30 17.06 13.35 15.95 14.68 12.17 12.63 14.76 14.22 12.74 12.86 13.57 14.46 16.90 18.48 19.64 20.26 19.27 19.29 23.16 21.83 18.61 18.39 17.02 15.71 15.62 14.11 14.85 19.41 20.15 19.70 24.58 25.78 23.79 21.83 23.01 23.32 26.37 25.03 24.34 23.94 23.54 24.09 18.00 16.06 17.72 18.42 21.06 20.16 19.43 28.59 26.89 24.12 25.29 24.38 23.37 22.76 22.25 18.59 18.47 18.11 20.03 19.34 17.94 17.29 16.01 15.43 15.27 14.79 14.43 14.01 12.87 12.86 12.53 12.10 11.41 10.21 10.68 10.31 10.46
14.23 17.27 16.84 13.30 12.52 11.30 11.91 12.45 12.85 12.90 12.48 12.75 13.58 14.62 18.14 19.67 19.38 19.79 19.15 18.05 18.48 21.92 21.93 22.19 20.44 17.86 14.06 12.25 12.60 16.27 21.61 20.29 20.79 25.43 26.42 25.12 23.02 23.07 23.11 22.21 25.74 22.60 22.50 20.56 20.46 22.61 24.91 26.33 27.85 28.86 28.76 26.59 24.59 23.82 23.62 22.29 17.28 17.30 20.47 19.97 16.65 16.44 16.34 16.41 18.50 16.47 15.19 13.81 13.49 13.04 13.04 12.92 11.85 12.62 12.94 11.62 10.86 8.67 9.69 11.24 10.05 9.80
14.78 14.44 13.70 12.47 11.59 12.15 12.69 12.92 13.00 12.81 13.00 14.06 15.05 16.72 19.57 19.11 18.73 18.83 18.09 17.57 17.76 17.73 21.08 21.37 19.90 14.25 10.07 9.01 13.61 18.44 21.97 20.24 22.80 25.45 26.63 24.85 21.84 23.12 22.57 20.97 21.36 21.91 21.33 20.39 14.60 14.96 15.34 15.89 17.51 21.67 21.68 21.51 17.50 20.23 15.49 13.87 15.21 15.22 15.11 18.29 17.79 15.35 14.91 14.71 15.49 15.52 17.44 16.73 16.51 15.51 15.63 17.51 14.45 14.82 14.16 14.08 13.86 13.96 10.24 12.93 9.62 9.53
17.44 14.45 16.16 11.94 12.35 12.97 13.05 13.24 14.25 13.33 14.21 16.96 19.56 19.27 19.21 18.39 17.67 17.03 16.88 17.26 17.47 17.11 17.49 15.39 17.21 10.63 9.97 13.57 17.06 22.40 23.39 20.96 22.75 24.69 25.22 23.17 21.93 23.72 21.69 21.42 21.24 21.06 19.81 19.04 19.16 13.68 12.99 11.59 11.76 11.95 13.50 14.15 14.64 14.77 14.91 15.89 16.87 14.80 18.27 16.83 16.41 16.79 14.83 12.44 14.65 15.02 15.18 15.22 14.97 14.71 11.70 14.35 14.22 10.63 10.05 9.68 9.30 8.99 8.91 9.00 11.46 9.46
15.25 17.32 12.21 12.55 13.36 14.06 15.36 15.41 14.85 14.19 17.40 19.53 15.98 15.11 14.57 14.64 14.41 15.45 15.78 16.44 18.75 17.47 18.03 21.01 14.69 13.07 15.49 18.95 21.79 24.43 24.62 20.23 20.33 23.40 24.28 22.12 21.31 20.18 19.94 19.32 20.00 19.36 18.09 17.91 17.99 13.48 13.19 11.38 11.03 10.74 10.83 11.23 11.79 13.18 13.91 17.84 20.04 18.25 14.97 14.98 14.78 14.72 12.25 11.81 11.25 10.86 10.83 10.73 10.32 9.80 9.38 9.17 9.01 8.87 8.74 8.56 12.76 10.09 8.54 8.57 8.65 8.67
16.24 18.18 13.88 14.51 17.69 17.50 15.16 14.36 15.01 15.80 19.22 16.12 15.09 14.35 15.65 15.89 14.11 14.71 15.36 16.16 15.76 15.87 18.55 19.93 15.72 16.24 19.40 20.91 19.82 22.71 23.27 18.05 18.24 22.62 17.40 22.28 21.93 23.32 20.88 21.56 20.86 19.93 17.54 16.10 12.54 12.40 12.43 11.27 11.15 11.08 11.10 11.08 11.17 11.56 12.58 13.21 13.70 13.82 13.91 13.75 13.20 10.33 9.82 9.33 8.90 8.80 8.89 8.84 8.73 8.62 8.35 8.10 8.10 8.32 8.48 8.50 8.54 8.49 8.19 7.89 7.81 7.83
16.72 16.09 14.53 17.27 14.93 13.90 12.44 14.52 18.14 18.77 16.07 15.26 14.49 14.20 15.24 15.58 14.20 15.17 15.24 15.74 18.36 20.23 19.85 17.47 16.79 17.62 18.36 17.25 17.07 21.50 22.99 17.49 18.05 21.28 24.29 13.77 20.47 20.56 22.36 23.40 22.81 22.58 18.72 15.78 12.19 11.72 11.16 11.09 11.25 11.41 11.42 11.33 11.26 11.24 11.35 12.50 11.95 9.64 9.45 9.10 8.74 8.72 8.76 8.67 8.56 8.46 8.28 8.12 8.26 8.53 8.63 8.53 8.32 8.08 7.90 7.84 7.71 7.40 7.27 7.58 7.96 8.07
16.13 12.59 13.26 13.34 10.74 11.40 11.88 16.83 15.90 15.10 13.92 13.51 14.07 14.01 14.42 13.68 13.79 14.02 14.68 19.99 19.24 19.82 19.27 16.17 15.62 16.71 15.00 14.38 16.78 21.24 21.09 16.78 16.63 20.31 22.14 22.61 19.28 20.02 20.47 19.79 19.68 19.70 19.40 17.57 14.01 11.60 10.70 10.68 10.84 10.97 11.17 11.30 11.26 11.18 10.90 9.86 8.62 8.12 7.98 7.95 8.30 8.90 9.34 9.57 9.69 9.49 8.97 8.74 8.91 9.10 9.10 8.84 8.27 7.61 7.22 7.08 7.02 7.16 7.66 8.02 7.90 11.02
12.84 12.05 12.72 9.94 9.52 10.83 12.88 15.48 12.20 11.08 10.56 12.16 12.09 11.52 11.82 12.03 11.93 12.83 19.27 19.96 18.52 18.78 17.45 12.98 14.76 15.59 13.47 14.63 18.63 21.26 18.71 14.75 14.34 17.78 21.91 20.24 19.71 20.83 20.40 19.30 19.24 19.01 21.04 17.73 15.92 11.57 10.82 10.98 11.24 10.88 11.01 11.18 11.16 10.99 10.36 9.24 8.56 8.49 8.55 8.68 8.93 9.07 9.12 9.23 9.32 9.39 9.54 9.67 9.59 9.27 8.73 8.11 7.63 7.34 7.40 7.69 7.97 8.27 8.35 8.06 7.54 7.27
12.66 11.91 10.65 10.03 10.53 11.78 15.44 12.46 11.17 10.41 10.78 11.95 10.68 9.60 9.22 9.39 10.94 14.57 14.75 15.41 18.16 18.09 12.52 13.12 14.66 13.40 12.82 14.96 20.05 18.97 15.18 14.63 15.29 17.66 23.99 19.74 20.74 20.78 21.71 19.38 21.03 20.87 20.42 18.21 17.18 14.01 11.54 12.25 11.94 11.28 11.67 11.18 11.37 10.17 9.56 9.05 9.00 9.14 9.18 9.18 9.07 8.84 8.72 8.68 8.59 8.64 8.81 8.82 8.60 8.15 7.56 7.29 7.53 7.97 8.49 8.83 6.35 7.30 8.24 8.41 7.69 7.64
12.55 11.79 10.94 11.24 12.42 14.21 12.76 11.42 10.64 11.36 10.72 10.03 8.78 8.55 9.38 11.25 13.87 15.99 14.60 13.39 18.03 13.95 13.43 13.91 15.18 12.02 13.60 16.22 18.77 15.99 13.56 15.34 17.18 18.31 21.17 20.65 20.22 19.99 18.69 18.63 19.12 20.43 20.46 17.87 17.76 20.28 18.08 12.97 14.84 12.10 11.97 11.23 10.35 9.88 9.49 9.22 9.11 9.01 8.89 8.81 8.75 8.75 8.85 8.84 8.79 8.68 8.14 7.92 7.58 7.24 7.18 7.71 8.39 8.90 6.31 9.13 11.94 11.64 8.60 8.18 7.71 7.60
12.31 11.54 11.09 11.89 13.56 12.41 11.35 10.47 10.90 9.16 8.41 7.92 8.11 9.39 11.58 13.90 12.97 17.32 14.03 13.22 16.67 16.65 15.92 16.19 12.11 12.30 13.69 15.81 14.79 13.27 14.54 16.92 17.66 18.38 19.97 20.30 21.19 18.64 18.76 18.42 18.15 17.78 17.61 19.98 17.07 16.99 16.76 19.20 19.27 12.28 10.90 14.58 9.93 10.35 10.00 9.72 9.55 9.45 9.21 8.93 8.76 8.74 8.79 7.65 8.61 8.46 8.10 7.85 7.76 7.87 8.35 8.92 6.76 7.07 11.97 11.54 8.86 10.46 12.12 12.52 11.63 10.08
11.63 10.93 10.70 11.41 11.49 11.11 10.24 9.06 7.69 5.91 5.43 7.65 10.22 11.48 13.65 15.24 21.68 16.46 15.27 15.05 14.31 18.33 17.00 12.60 12.08 12.47 12.88 13.37 12.97 14.26 16.71 17.73 16.90 18.53 19.78 19.89 18.72 18.23 18.31 18.15 17.28 17.58 17.31 19.52 19.28 18.86 18.66 18.51 18.46 11.59 9.61 9.55 9.85 9.93 9.82 9.83 8.36 8.65 8.73 8.08 7.66 7.37 7.31 7.44 8.08 7.85 7.92 8.25 8.64 8.97 6.91 8.09 12.34 11.63 8.79 10.59 11.77 12.50 10.89 10.96 13.19 11.01
10.84 10.49 10.34 10.54 10.26 9.63 7.73 5.07 3.39 3.41 6.26 9.73 11.65 13.17 15.03 18.76 16.87 15.75 13.28 14.96 14.16 17.93 18.37 15.10 12.43 12.27 12.64 12.59 13.04 14.96 17.27 16.60 14.83 18.53 19.87 18.83 18.76 17.83 17.75 17.52 17.58 17.28 17.41 16.91 18.80 18.50 18.38 15.66 15.28 10.99 9.25 9.19 9.10 16.79 8.85 9.06 10.42 9.13 15.80 14.13 8.19 7.51 7.65 7.47 6.80 6.40 8.63 6.88 6.78 7.48 10.40 11.23 10.18 7.81 9.96 12.08 12.83 12.90 12.63 10.53 12.92 12.88
10.49 10.34 10.02 9.52 8.72 7.08 4.10 1.90 3.14 7.20 10.36 14.14 13.07 15.18 15.01 20.86 16.24 13.34 14.83 18.22 18.32 17.90 17.68 16.43 12.30 12.08 12.14 12.07 13.21 14.89 16.08 14.51 14.79 19.70 19.52 18.29 17.85 17.78 17.24 16.96 17.07 16.63 15.97 16.16 15.83 15.54 15.29 17.68 17.56 10.68 8.95 8.78 8.43 16.14 8.33 8.44 12.51 8.28 14.66 16.00 8.26 8.43 11.31 9.91 7.98 7.42 6.91 14.82 15.70 12.55 11.61 11.50 10.85 10.47 11.53 12.35 12.95 10.20 12.40 12.26 12.64 6.42
10.97 10.85 10.10 8.75 7.34 5.66 4.21 5.44 9.75 13.49 12.20 15.75 11.94 11.18 20.76 16.72 15.75 14.81 14.16 17.70 13.86 13.24 16.70 15.82 13.54 12.96 11.42 11.80 13.90 14.75 15.02 16.27 16.93 18.24 18.52 17.76 16.36 17.10 16.63 15.56 16.53 16.18 18.60 16.30 15.83 15.01 14.46 10.88 10.77 16.96 10.06 8.28 8.09 8.07 8.11 8.10 8.05 9.79 7.90 14.25 7.86 9.53 7.95 13.45 14.53 14.49 14.28 14.35 7.46 14.10 12.12 9.73 13.52 13.37 9.79 12.36 9.67 9.70 11.07 11.09 11.68 12.21
10.53 9.93 8.54 7.37 6.96 7.19 8.79 11.12 14.80 13.76 15.36 15.36 16.48 20.81 16.47 15.92 14.99 14.00 12.96 17.21 11.10 12.16 16.09 16.25 13.45 11.00 10.33 10.96 12.57 13.24 14.55 17.60 17.62 17.60 17.68 16.19 15.91 16.13 15.69 15.04 15.87 16.70 17.99 14.81 14.67 14.37 14.00 14.00 10.48 10.15 10.34 8.15 7.94 7.73 12.13 7.73 7.71 7.63 7.51 15.25 7.50 7.53 7.36 13.59 12.63 13.77 13.62 13.52 12.79 14.26 13.70 13.26 12.98 12.71 9.13 11.16 8.84 5.95 5.92 7.16 8.06 8.55
7.84 6.24 4.40 5.33 5.75 7.86 10.36 11.30 12.81 13.57 14.76 16.05 18.56 18.81 15.42 14.95 11.62 13.42 11.21 13.38 10.81 11.07 11.31 11.10 13.92 10.34 9.91 10.85 11.59 13.02 16.10 17.77 17.33 16.97 16.09 15.30 15.91 15.81 14.48 14.79 15.12 15.89 15.43 17.48 10.92 10.80 10.56 10.32 9.95 12.24 9.95 9.97 7.36 15.10 7.42 7.54 7.41 7.30 7.30 7.24 14.34 7.08 14.65 14.45 14.41 13.41 9.48 14.01 12.95 13.27 13.14 8.82 12.54 12.74 12.72 10.90 5.18 6.40 8.95 10.31 10.51 9.45
7.88 6.47 5.00 7.25 7.78 9.41 9.13 10.96 13.16 13.80 16.34 18.10 18.78 17.93 14.90 11.99 11.13 13.10 10.91 16.31 12.01 12.29 11.12 10.80 14.36 9.88 9.55 10.94 12.80 15.69 17.20 17.16 16.52 15.57 15.51 15.28 15.10 14.67 14.49 13.10 14.75 14.91 14.60 10.47 10.67 14.14 16.15 15.67 15.75 12.32 15.16 9.52 9.36 7.14 12.48 7.31 7.08 7.03 7.13 12.31 6.82 12.29 12.34 6.37 13.72 13.93 13.56 6.15 6.27 12.99 12.30 12.46 12.75 12.58 12.11 11.44 6.00 5.99 5.86 5.78 5.62 5.55
10.03 9.76 9.21 9.74 12.73 12.47 13.40 14.44 16.13 16.21 19.34 15.15 14.63 12.33 14.52 11.54 10.78 15.41 12.32 12.67 11.71 15.38 10.46 15.25 14.53 9.21 9.81 11.03 14.37 15.67 16.67 16.22 15.72 15.79 15.58 14.20 14.62 14.38 13.73 13.44 13.56 13.85 10.44 8.69 9.79 9.95 9.94 15.71 10.20 14.03 15.06 7.09 7.05 7.08 7.09 14.58 6.73 6.69 6.70 14.11 13.51 12.07 9.33 13.79 8.93 9.02 8.96 5.90 5.92 12.54 12.01 11.24 8.49 8.56 12.08 11.49 11.20 12.05 5.26 5.22 9.37 7.29
9.82 9.57 9.54 11.47 14.38 17.89 17.40 16.66 16.10 15.83 18.49 18.15 18.16 11.56 14.08 11.11 10.34 10.22 15.33 10.33 12.28 14.95 15.38 15.16 13.45 8.95 10.27 11.19 15.39 14.96 14.52 15.61 15.76 14.79 15.07 13.88 13.70 13.82 13.32 12.90 12.06 10.53 14.05 10.26 10.11 10.03 9.92 9.88 9.74 9.59 9.57 7.14 7.01 6.90 6.82 6.65 13.73 6.31 6.29 6.88 13.08 5.99 5.85 12.97 12.51 12.41 12.44 5.62 5.62 5.58 12.17 12.05 11.90 8.20 11.56 11.86 11.75 5.32 8.24 5.32 5.38 5.48
8.36 7.92 9.41 12.39 15.15 18.08 17.10 15.63 15.24 15.64 16.98 16.94 17.29 13.86 13.71 10.79 10.07 10.04 14.98 10.09 10.02 14.80 11.42 13.65 9.39 9.08 10.09 11.34 15.13 14.53 12.36 16.13 15.71 14.94 14.93 12.39 14.06 13.85 13.13 11.36 11.36 12.37 12.44 10.23 10.10 10.09 15.28 15.04 9.58 9.36 7.04 6.94 6.80 14.05 6.49 6.42 6.28 6.14 6.05 6.03 7.38 5.89 5.76 5.68 5.63 12.10 12.37 11.93 5.38 5.35 11.18 11.84 11.99 11.77 11.85 12.01 12.03 5.37 10.29 9.35 7.70 9.32
10.27 9.67 11.98 14.12 15.04 17.75 16.40 13.58 14.77 15.74 15.49 15.78 10.83 16.74 10.86 10.57 9.83 9.83 14.42 9.92 14.93 14.00 9.73 10.32 9.03 9.61 10.41 14.97 16.01 13.06 12.40 15.22 9.79 9.36 14.02 13.56 13.19 13.64 12.65 11.17 12.52 11.93 11.23 13.24 9.93 9.60 9.88 14.90 9.80 9.60 9.11 6.74 9.23 13.70 13.82 6.28 6.15 5.99 5.88 5.82 5.85 11.46 5.72 5.64 5.53 5.44 5.36 11.02 11.65 5.23 5.17 12.52 11.71 11.96 12.01 11.41 11.34 11.58 11.83 11.55 5.41 5.42
