examples/cougarCreek-fire/createInputs/farsite/7a-cougarCreek-polygonIgnit/cougarCreekFire_08-13-2015_0600_217m_non_neutral_stability_vel.asc
ncols	146
nrows	140
xllcorner	610065.000000
yllcorner	5095217.000000
cellsize	216.586807
NODATA_value	-9999.000000
[rows 36 to 71 of 140, columns 0 to 80 of 146]
6.12 7.50 7.79 8.15 21.39 24.78 24.65 12.78 15.85 16.70 16.98 17.20 16.48 17.85 18.99 18.11 18.00 17.65 16.16 16.58 18.59 16.84 14.98 11.41 11.16 12.47 14.47 14.36 13.56 14.15 14.32 11.62 17.91 26.09 23.50 16.56 17.15 11.10 9.20 9.92 8.74 7.55 7.81 12.41 11.68 12.16 12.08 12.39 14.52 6.27 5.39 6.40 8.97 11.54 14.01 16.65 18.36 18.57 17.84 16.20 14.24 12.82 11.73 10.80 8.62 11.08 11.03 10.79 10.44 5.01 6.63 5.48 5.39 5.09 5.70 6.34 6.40 6.64 1.89 6.36 6.14
8.18 6.82 8.59 11.76 15.34 21.01 18.90 20.37 20.18 20.25 19.01 16.28 16.50 19.60 22.16 24.23 26.35 26.46 25.06 21.14 18.09 15.81 14.51 15.02 8.92 9.51 16.24 9.34 12.03 11.51 12.64 19.97 21.12 23.83 25.91 21.88 19.46 19.48 16.51 14.73 11.05 10.66 6.76 7.88 7.95 2.27 3.85 9.62 12.95 11.97 12.66 5.73 6.55 12.57 11.31 14.19 16.48 18.07 19.39 19.24 16.37 14.90 13.91 13.22 12.57 12.41 12.46 12.21 11.60 10.26 7.98 6.77 8.61 6.21 6.02 6.38 6.32 6.35 6.34 5.95 5.55
13.45 18.13 12.72 17.28 21.47 25.71 26.39 24.60 22.37 20.27 18.12 16.90 18.77 19.43 19.71 19.94 20.56 20.05 18.22 16.77 16.17 13.56 12.76 16.33 17.87 16.05 20.41 13.69 6.21 10.70 17.35 17.25 23.99 20.33 17.36 17.04 13.70 12.02 13.08 18.04 14.64 11.95 4.70 2.63 2.21 2.54 2.25 2.42 8.99 9.00 12.20 10.88 11.91 10.35 10.13 12.26 14.59 16.97 16.04 17.46 18.04 17.36 16.20 15.12 12.38 14.57 12.65 12.50 11.73 10.58 9.57 8.98 8.53 7.61 7.28 7.23 6.64 6.23 5.86 5.49 5.03
18.56 13.40 19.20 22.53 24.70 26.62 23.43 22.60 18.26 17.01 15.31 15.54 16.20 15.01 15.81 16.41 17.42 18.27 18.03 16.93 16.05 15.61 12.62 16.29 21.22 21.31 20.34 15.93 15.44 6.89 22.46 21.41 16.37 19.68 17.46 17.79 14.30 8.95 6.57 6.28 5.97 11.52 5.58 4.35 7.91 11.31 10.83 9.65 9.65 9.84 9.10 8.75 7.50 9.21 12.39 10.55 10.52 11.61 13.06 11.41 13.67 14.39 14.23 13.96 13.30 13.04 13.09 12.79 12.81 12.50 12.22 9.98 9.21 8.63 8.52 8.39 7.92 7.05 5.90 5.07 4.53
25.77 24.23 26.76 28.31 28.39 25.70 22.41 20.32 17.25 17.33 15.61 13.95 13.23 14.12 17.62 17.58 18.13 18.62 16.81 14.38 13.39 14.70 13.20 16.94 21.66 21.29 19.94 20.40 20.41 11.83 22.53 26.31 21.40 19.93 18.34 19.66 17.94 15.50 11.83 3.76 3.13 3.68 4.46 0.90 0.60 1.30 1.29 1.47 2.06 9.82 9.64 7.92 6.64 5.56 4.70 4.45 7.69 9.81 4.85 6.71 9.97 10.90 11.33 11.38 9.84 10.84 11.09 10.23 11.38 11.57 11.28 11.01 11.04 8.57 8.59 8.79 8.77 8.25 7.22 5.53 3.75
28.47 28.24 27.31 26.75 26.69 24.38 21.61 19.06 18.54 17.84 16.63 17.14 18.25 19.89 21.68 19.87 19.28 17.09 13.84 13.98 13.78 13.31 16.01 19.35 17.29 17.87 20.80 22.89 23.85 22.09 23.41 27.17 27.45 20.32 18.06 16.96 15.20 14.74 13.52 13.87 11.73 13.13 14.12 12.31 11.32 9.02 3.00 1.12 9.31 9.17 9.51 9.86 5.71 10.13 8.88 8.56 6.21 6.45 7.42 7.37 8.61 7.54 9.00 9.20 8.60 8.34 7.94 5.76 4.25 5.45 6.48 10.32 9.59 10.81 10.37 11.40 8.47 8.71 8.77 6.77 3.74
25.30 24.94 23.28 19.97 19.92 24.51 20.75 18.57 20.37 20.39 20.09 21.10 22.69 23.40 22.32 21.03 18.53 15.91 14.65 13.46 13.41 16.93 21.29 20.93 17.40 15.61 20.01 23.77 25.27 24.09 23.39 23.78 21.59 16.39 14.59 14.42 14.33 14.95 14.52 13.23 14.32 14.18 14.45 14.20 14.54 14.16 13.18 11.11 9.83 0.54 9.37 8.93 7.91 8.20 8.12 6.73 7.42 8.69 9.42 9.28 6.05 8.95 7.91 8.82 9.34 10.59 11.38 11.64 11.44 10.84 9.87 8.61 8.30 9.16 8.40 6.88 6.32 11.70 8.67 7.73 3.78
24.44 22.98 14.85 30.43 29.11 26.45 19.91 21.77 22.56 21.31 23.68 28.20 26.67 22.95 21.74 21.38 17.76 17.73 16.44 15.96 16.73 20.27 20.82 19.48 17.36 16.03 20.54 24.23 24.47 19.82 24.98 27.43 21.69 18.43 15.50 15.11 13.35 14.66 14.45 13.67 14.12 14.88 15.34 14.76 14.27 13.53 12.65 11.06 10.57 9.17 8.55 9.21 9.20 7.77 6.65 7.12 7.56 7.59 6.58 8.41 8.86 9.85 11.44 11.53 11.70 11.57 11.30 10.73 9.64 10.15 9.21 9.05 8.78 8.11 7.15 7.50 7.57 7.89 3.90 6.71 4.98
27.58 29.59 32.81 24.38 29.83 28.83 22.22 24.87 24.92 27.48 32.22 29.02 23.88 20.47 18.84 19.14 17.03 18.74 17.02 16.46 18.79 19.85 19.78 18.86 16.94 17.55 22.15 21.74 20.57 17.69 27.57 31.01 30.68 30.09 25.47 17.95 14.94 13.97 14.46 14.39 14.67 14.17 13.54 10.33 9.44 9.81 11.50 10.32 9.79 8.66 9.11 9.22 10.15 9.25 8.88 10.38 10.28 8.88 10.12 10.25 10.61 11.62 12.03 11.28 10.22 9.46 9.35 8.88 8.46 8.57 8.38 8.11 7.82 7.23 6.15 5.09 4.93 5.65 8.44 8.35 5.81
18.20 19.81 29.01 32.99 31.65 29.21 29.26 27.60 28.43 32.06 21.77 21.68 18.25 15.45 15.60 16.63 17.96 14.90 12.73 13.47 14.71 18.15 19.64 22.02 20.04 18.31 19.12 17.86 13.48 14.26 24.22 26.31 26.99 30.40 33.63 33.55 22.79 10.18 10.67 14.83 15.39 5.21 2.79 1.62 1.91 7.54 10.73 10.06 9.51 9.07 9.45 10.19 10.66 10.98 10.35 9.95 8.49 9.67 10.71 12.22 13.18 12.07 10.65 9.25 7.70 6.89 5.12 4.71 7.25 4.21 5.27 2.16 1.48 1.48 2.37 3.20 4.05 4.07 6.04 9.02 11.43
33.93 35.20 34.73 33.84 31.59 31.38 33.14 31.18 30.96 22.02 20.91 16.06 15.28 14.42 15.59 15.29 14.21 11.89 11.85 13.30 14.70 21.07 22.96 22.93 21.73 18.18 16.36 15.01 12.62 17.54 22.43 22.47 23.92 28.10 35.77 38.08 30.29 22.28 17.98 10.39 5.95 1.96 2.16 3.06 1.28 9.15 10.72 10.85 10.44 10.06 5.24 5.38 6.77 8.16 9.01 9.63 10.21 9.97 10.54 12.00 12.57 11.64 9.73 7.86 6.59 5.03 6.62 6.78 2.21 6.50 6.10 5.57 5.31 2.77 2.65 3.07 3.27 4.94 5.56 6.45 8.79
38.77 36.34 32.30 30.36 31.58 31.94 28.19 28.40 24.97 22.49 16.17 14.91 13.01 13.05 12.75 10.95 9.59 11.76 13.99 17.25 20.25 23.82 22.43 20.22 18.47 16.18 13.53 13.69 13.35 15.54 18.00 17.08 16.76 27.23 34.50 36.64 32.44 26.60 21.98 16.54 4.45 6.74 5.80 4.10 11.85 8.59 12.16 13.16 7.56 4.42 4.31 5.57 8.95 11.38 12.05 12.66 12.25 10.65 9.57 10.41 10.44 9.68 7.84 6.28 6.93 6.55 3.60 2.59 6.29 5.99 5.71 0.99 2.68 2.88 2.45 3.39 3.91 3.95 3.27 5.92 8.06
40.36 36.80 34.14 36.62 32.37 28.16 22.31 22.64 17.63 17.23 14.56 12.87 11.76 10.49 7.03 14.36 16.40 17.91 19.26 20.91 21.73 23.36 20.46 18.64 15.37 14.99 13.10 13.62 15.80 14.44 14.06 15.04 12.43 26.76 33.79 29.37 31.24 28.25 25.00 18.82 13.91 8.16 5.32 2.39 11.41 13.51 16.32 10.65 7.13 5.37 6.50 9.18 11.42 12.43 11.72 11.51 11.86 10.72 8.64 8.34 9.54 9.91 9.22 8.03 6.79 5.91 5.40 5.56 1.67 2.29 4.14 7.99 3.51 3.89 7.97 4.94 3.92 4.15 7.99 6.70 6.21
41.11 38.69 34.79 30.48 27.04 25.80 21.29 16.51 15.02 15.31 13.61 12.21 11.51 10.45 17.90 19.74 22.82 24.53 24.86 23.02 18.70 22.08 21.16 17.37 16.88 17.66 14.76 15.76 15.84 8.17 17.65 11.40 14.27 22.73 32.80 26.07 21.22 28.56 28.13 23.16 13.83 20.77 6.37 3.23 1.33 9.00 7.93 8.53 8.16 7.86 9.77 11.42 11.94 11.27 10.49 10.11 9.12 7.79 7.27 6.40 7.10 8.34 9.05 8.59 5.65 5.04 4.62 5.19 8.09 8.00 7.53 5.26 5.23 5.47 5.38 6.06 6.44 6.73 4.92 4.29 6.09
42.78 39.25 31.94 26.82 24.42 15.24 13.60 15.59 15.65 14.91 11.89 9.72 11.19 15.74 22.35 25.62 23.58 24.08 22.72 20.38 18.30 19.56 19.14 19.00 19.49 18.62 16.22 14.30 8.45 10.86 22.26 14.11 16.83 26.28 33.64 23.11 18.84 26.61 28.05 25.36 24.58 23.52 19.06 9.22 1.17 5.01 6.76 9.43 10.01 9.93 9.59 9.23 9.58 9.65 9.28 9.24 8.43 7.39 5.56 3.98 5.84 6.56 8.12 9.25 9.18 8.70 8.86 9.14 9.79 10.06 9.39 8.68 8.03 6.99 6.79 8.04 7.31 6.82 6.62 7.37 5.82
43.43 36.97 29.72 25.31 16.76 18.28 19.88 18.73 16.74 14.86 11.53 17.55 16.38 20.94 19.05 24.90 21.32 21.17 19.24 18.73 19.26 18.84 18.05 20.03 17.71 15.64 14.51 11.92 8.95 14.25 24.45 16.71 18.40 29.34 34.49 20.89 23.50 24.93 27.38 27.48 27.40 24.94 19.29 15.26 8.57 6.23 4.02 7.73 10.24 10.04 9.16 8.71 8.11 8.30 8.81 9.01 9.57 9.21 7.11 5.15 3.37 2.43 6.57 7.75 8.70 9.27 7.02 10.44 8.06 5.73 7.51 5.91 5.12 4.31 2.39 8.03 7.85 7.10 7.05 3.80 7.42
41.35 34.63 28.32 24.10 23.13 23.02 20.50 19.07 19.11 16.50 16.17 22.04 27.05 25.41 23.74 20.93 19.08 17.28 16.52 17.90 18.91 17.71 15.13 7.04 18.84 13.37 9.20 9.74 14.16 24.05 26.32 17.75 18.05 28.40 30.75 19.03 21.93 23.31 25.60 29.07 29.28 24.80 18.80 15.42 15.13 9.72 6.53 2.72 5.93 8.24 8.85 9.17 8.79 8.31 9.08 8.73 9.01 8.47 7.13 6.42 5.41 3.82 2.97 6.80 7.15 7.36 8.23 8.62 2.98 2.15 6.99 8.04 7.31 6.41 5.64 5.63 5.58 5.21 5.24 6.23 5.94
39.78 37.66 31.17 28.79 27.30 27.15 24.59 22.51 21.52 18.53 22.85 18.67 24.65 19.63 16.69 16.85 16.17 13.78 13.62 16.17 17.37 19.03 15.79 19.37 19.69 11.62 12.80 19.05 22.20 24.34 25.86 21.21 15.54 25.87 19.56 16.96 15.79 18.39 21.53 24.20 26.17 23.71 19.63 15.16 13.21 13.25 11.74 6.91 4.16 3.17 6.66 8.38 9.15 9.40 10.45 8.79 6.59 4.42 3.77 4.32 4.16 2.16 3.48 4.79 4.72 4.33 4.75 1.87 2.71 5.12 6.10 5.04 3.61 2.70 2.17 2.14 4.78 3.13 3.16 6.33 6.99
41.79 40.11 34.04 34.84 35.50 30.75 26.01 20.84 21.72 21.13 17.55 12.85 18.42 15.23 10.39 11.19 12.17 10.33 11.86 14.48 17.40 19.69 19.65 19.87 19.16 18.02 20.36 20.44 17.98 20.12 24.16 16.71 13.53 22.90 18.15 16.07 18.92 21.67 18.98 20.70 24.61 24.23 21.38 17.11 13.17 11.84 10.21 8.97 7.36 4.72 2.40 7.26 8.22 9.68 11.14 9.94 6.62 4.20 3.20 3.14 2.07 2.75 3.96 4.48 5.05 5.58 5.12 4.08 4.07 4.32 5.39 5.93 5.04 4.35 1.39 1.71 2.74 6.32 2.09 1.87 2.64
44.04 39.75 36.42 36.80 26.52 25.48 20.54 21.14 27.55 26.08 12.75 8.16 16.09 13.03 9.04 8.19 9.98 8.69 11.75 16.17 17.87 19.04 18.01 16.31 15.36 16.34 15.95 13.82 12.34 17.82 22.83 11.90 12.80 20.36 24.14 15.85 17.10 13.79 19.87 24.26 22.70 21.64 22.20 15.06 13.62 10.74 10.88 10.06 6.73 3.17 2.29 3.09 7.62 8.98 10.32 9.93 8.34 6.36 5.30 4.71 4.29 5.63 2.65 2.86 4.20 4.14 2.58 4.59 3.31 5.51 6.09 5.94 5.28 2.31 5.03 5.44 2.87 3.08 7.08 6.43 8.65
44.44 36.76 28.47 26.55 21.32 18.77 15.34 25.98 19.77 18.02 8.52 14.03 6.72 14.11 7.82 7.66 9.53 8.52 14.96 19.14 17.66 17.35 16.42 13.21 12.01 13.65 11.79 9.18 11.01 17.85 18.49 12.66 10.33 18.32 25.67 17.86 16.91 14.87 23.85 20.64 20.57 18.66 22.35 14.66 13.77 12.59 9.69 7.74 6.76 8.20 2.37 1.92 3.23 7.50 7.84 7.56 6.73 3.99 3.04 3.05 1.72 6.42 5.47 5.82 5.99 6.31 7.26 6.04 6.19 6.77 7.16 4.80 4.24 5.80 4.79 5.36 5.87 6.55 6.99 7.26 6.65
39.11 35.13 24.74 18.84 14.10 10.35 17.86 25.77 18.74 13.51 11.05 10.91 12.58 11.96 6.70 5.06 4.18 3.58 19.24 20.62 16.18 15.60 12.96 9.16 10.08 12.26 9.50 6.74 14.21 19.19 14.07 7.18 9.64 14.50 16.14 11.98 16.41 17.14 21.39 19.52 19.95 19.54 20.11 20.09 18.83 9.99 8.70 8.09 8.94 8.33 7.84 7.78 4.50 3.28 4.08 4.15 4.78 6.49 6.25 6.37 6.04 5.42 5.84 6.57 7.27 7.86 7.75 7.15 7.06 7.03 6.58 5.98 4.90 5.84 6.37 7.07 7.32 7.23 7.26 7.40 7.44
33.26 26.09 23.64 10.35 15.40 20.88 27.86 17.15 10.34 12.98 6.89 7.64 11.47 9.00 6.59 8.40 14.96 19.67 17.88 15.56 15.04 14.85 8.68 5.58 9.88 8.73 5.93 7.10 15.31 15.52 7.50 8.96 11.83 15.40 15.09 10.74 19.83 17.51 10.01 17.64 18.99 19.48 18.50 18.62 17.14 7.39 4.64 4.89 5.98 6.94 8.21 8.75 7.06 3.94 5.22 6.78 8.22 7.37 6.75 6.99 6.09 6.18 7.97 7.73 7.73 7.29 7.81 6.73 5.81 5.05 4.83 7.26 6.89 7.24 7.72 8.31 7.96 7.36 6.26 6.22 6.07
29.82 23.19 16.15 20.41 21.87 22.77 14.60 12.91 14.96 10.27 8.05 8.48 9.04 7.42 9.50 13.27 18.03 20.69 16.43 12.62 13.52 11.10 6.38 10.06 10.58 6.62 4.33 10.01 14.32 10.83 9.27 11.75 14.21 16.38 25.42 11.50 19.58 21.38 18.94 11.00 14.42 18.31 13.93 16.18 13.28 13.33 11.67 9.97 2.62 2.06 4.94 8.22 8.49 8.82 9.17 8.15 7.39 7.52 7.75 7.81 7.93 7.65 7.52 8.06 8.44 8.41 6.41 4.59 4.34 4.65 5.46 7.09 8.22 8.52 8.55 8.44 7.66 6.89 5.27 5.09 4.74
26.98 20.84 22.21 22.77 27.38 15.61 8.81 15.69 12.54 3.06 2.53 6.70 7.62 7.56 12.35 17.23 21.19 20.06 14.82 11.82 14.48 14.21 12.22 12.53 8.37 4.61 6.36 10.88 9.07 5.42 12.21 12.98 15.53 17.20 24.62 20.50 10.14 18.95 16.93 15.91 13.30 17.66 16.82 17.30 17.28 13.42 11.54 5.42 3.49 2.33 8.77 4.21 7.42 8.00 7.76 7.61 7.61 8.01 8.33 8.22 8.28 8.27 8.44 8.39 7.74 5.39 6.24 6.78 6.75 6.77 7.51 8.62 9.01 8.74 8.33 7.71 5.34 4.60 6.15 5.57 5.15
24.06 28.81 20.45 25.39 22.78 10.16 5.84 12.08 2.43 3.58 3.60 5.03 11.04 14.30 18.14 22.38 22.87 18.59 13.59 11.39 14.94 15.52 13.97 7.78 6.41 4.97 6.21 6.07 4.43 7.83 13.16 15.70 15.05 18.18 25.17 24.38 10.14 17.00 16.07 16.52 14.83 16.97 15.90 16.21 18.53 15.96 16.26 15.30 8.06 11.23 10.02 8.84 6.74 2.96 6.67 7.02 7.16 7.53 8.13 8.16 8.16 8.50 8.90 8.64 7.52 6.50 6.69 7.90 8.76 8.94 9.21 9.10 8.27 7.69 5.83 5.14 6.46 5.98 5.36 4.60 4.30
30.65 26.32 17.18 21.94 18.07 15.40 15.54 7.75 3.86 3.58 4.88 14.82 17.67 19.93 23.03 24.98 22.33 16.92 12.94 22.86 17.90 15.94 16.48 13.15 10.08 7.20 5.27 4.23 5.29 10.17 14.50 14.40 15.35 19.76 26.64 22.82 19.36 16.23 15.08 13.10 14.07 15.54 14.09 13.27 17.22 16.34 14.92 15.70 13.49 12.85 11.05 9.99 6.26 5.72 5.98 6.87 7.31 7.82 8.29 8.31 8.40 8.70 8.96 8.91 8.30 7.78 8.00 8.59 9.08 9.25 8.89 8.21 7.41 7.00 5.34 6.53 5.62 5.07 4.56 4.06 3.72
25.05 16.06 8.84 6.31 10.52 5.08 6.40 5.27 4.12 14.42 19.17 20.75 21.31 23.38 25.99 25.35 20.65 15.76 12.53 23.12 21.68 20.07 18.49 16.30 11.35 8.91 6.19 3.70 5.99 10.64 13.90 15.04 17.39 22.95 22.42 21.57 17.92 18.26 14.83 13.39 13.45 17.51 18.82 13.08 14.78 15.41 13.40 13.14 12.71 13.51 12.96 9.78 10.19 5.28 6.07 7.02 7.67 8.34 8.54 8.48 8.62 8.87 8.96 8.82 8.45 8.52 8.94 8.97 8.75 8.54 7.96 7.05 6.51 6.59 3.90 5.67 4.54 4.25 4.20 3.74 3.24
11.06 12.30 7.08 3.02 5.66 4.85 2.92 7.14 20.49 24.86 25.45 24.64 25.66 28.02 27.85 24.11 18.65 18.58 16.59 23.37 22.71 21.89 18.74 17.18 13.21 11.52 6.21 4.28 8.39 11.39 13.48 17.60 18.58 25.00 21.58 19.71 16.89 14.43 13.19 12.37 13.88 16.77 17.00 16.18 13.28 14.10 13.78 11.55 8.76 12.17 12.59 11.63 9.54 8.23 6.55 6.87 7.72 8.44 8.60 8.46 8.46 8.85 9.14 8.90 8.40 8.17 8.17 8.10 7.95 7.73 7.04 5.93 5.69 6.09 5.90 4.81 3.72 3.78 1.24 1.90 2.18
17.76 18.49 12.58 6.96 12.97 15.11 19.66 25.78 28.68 28.27 27.04 27.64 29.05 28.17 24.38 20.16 15.36 17.29 24.64 23.09 14.33 18.50 18.58 19.90 15.46 10.84 6.04 6.93 7.54 9.86 14.33 21.77 21.11 22.66 21.41 17.72 14.31 14.36 13.40 9.32 12.39 14.97 16.80 18.11 14.65 15.46 11.83 11.28 8.10 6.70 14.05 12.21 8.90 6.73 6.27 6.37 7.44 8.42 8.82 8.56 8.46 8.89 9.34 9.08 8.50 8.04 7.54 7.28 7.21 7.23 6.49 5.14 4.99 5.40 5.40 4.76 3.94 3.90 4.28 3.90 2.37
21.83 16.86 12.75 16.36 20.85 26.04 29.99 31.35 29.83 28.02 27.54 27.63 26.13 22.40 19.26 16.67 17.73 17.28 22.35 24.22 24.14 12.92 20.82 21.58 15.63 10.73 3.04 6.76 11.32 14.21 16.86 23.77 23.71 21.30 20.86 16.95 10.95 16.26 12.81 8.32 10.27 14.88 17.79 17.78 16.04 16.54 13.35 12.78 13.64 10.07 7.95 10.91 9.21 2.86 6.12 5.86 6.63 7.88 8.58 8.53 8.49 8.82 9.20 9.08 8.72 8.13 7.42 7.18 7.24 7.20 6.39 1.94 1.60 5.01 5.14 1.54 4.59 4.38 4.57 4.36 3.39
15.84 16.91 17.01 24.28 29.48 32.90 33.69 32.41 30.21 28.59 29.24 25.69 22.76 19.84 18.14 15.86 18.04 17.35 24.62 25.50 21.04 11.37 14.61 22.20 17.98 11.50 3.28 7.69 12.00 18.51 21.29 25.12 23.03 18.43 18.10 16.11 10.16 14.07 12.26 7.33 10.82 11.98 12.82 11.06 13.08 17.82 16.27 16.08 14.66 7.99 9.13 11.69 10.34 8.51 6.99 6.00 5.76 6.85 7.85 8.25 8.40 8.55 8.71 8.71 8.67 8.19 7.27 6.98 7.28 7.29 3.29 1.96 1.61 4.59 4.48 4.65 4.42 4.40 4.44 4.78 4.94
18.91 22.14 26.34 30.67 34.13 34.74 35.01 31.85 29.72 27.89 25.94 23.44 21.16 19.38 17.97 15.46 18.09 25.62 24.04 26.78 22.60 20.78 22.81 19.23 17.48 5.66 3.41 8.71 15.48 21.13 21.35 21.45 23.60 17.76 15.83 14.66 12.46 14.51 11.42 6.26 7.74 7.01 10.87 10.59 9.88 9.65 12.33 14.06 13.97 13.03 10.58 12.64 10.16 7.88 9.16 3.51 5.79 6.26 7.72 8.51 8.64 8.45 8.36 5.00 8.43 8.10 7.08 6.62 7.14 7.22 6.36 5.48 1.89 4.32 0.44 3.91 4.09 4.05 0.84 1.45 0.92
21.10 21.70 23.70 30.90 33.24 32.22 30.46 28.46 26.81 25.70 23.88 21.61 19.88 18.32 22.71 14.88 18.43 24.74 24.39 25.59 23.46 21.76 20.34 18.58 17.75 5.36 9.13 10.11 20.16 21.37 16.74 22.10 22.49 19.20 17.09 13.04 11.99 13.08 12.60 5.53 5.12 8.86 9.68 9.88 9.51 9.37 11.52 15.19 16.09 15.83 13.57 12.36 9.78 7.70 7.83 12.65 2.22 6.50 7.79 9.07 9.38 8.93 8.64 8.55 8.45 7.98 6.88 6.26 6.56 6.72 6.24 5.68 1.67 4.45 4.01 0.86 1.15 1.06 3.87 4.52 5.10
20.47 18.13 25.41 30.76 30.52 28.17 26.22 25.01 24.40 27.83 22.25 20.79 19.17 17.62 17.35 15.33 19.27 23.71 25.17 24.96 24.42 23.71 19.79 18.65 16.39 5.54 11.54 11.90 22.48 19.23 13.34 18.72 22.48 19.40 17.18 12.25 13.55 15.86 12.77 5.32 8.56 8.22 8.45 9.17 9.35 9.32 15.39 12.80 14.29 12.01 11.92 14.47 10.69 5.81 7.61 9.61 9.67 2.97 7.42 8.63 9.65 9.47 9.10 8.99 8.77 8.09 6.97 1.95 5.58 5.63 5.57 5.54 1.27 0.60 0.32 0.71 1.21 0.43 3.90 1.95 4.21
19.85 22.17 29.11 29.79 28.86 25.86 23.89 27.96 27.48 27.26 26.33 25.74 24.20 22.48 18.42 15.93 20.39 23.98 24.65 24.84 23.09 22.21 17.32 15.24 9.62 7.60 10.48 19.89 24.09 17.15 15.51 22.56 22.17 18.97 15.56 14.93 15.73 15.39 12.16 8.73 6.87 11.51 7.56 12.26 9.38 8.59 8.35 14.31 14.58 13.89 11.77 11.04 10.01 7.06 8.92 10.16 10.13 9.19 7.17 8.13 9.28 9.39 8.98 8.82 8.65 8.15 7.09 5.74 1.18 4.80 4.85 5.14 0.68 0.50 1.18 1.30 1.11 1.10 0.87 0.65 4.17
