examples/cougarCreek-fire/createInputs/farsite/7a-cougarCreek-polygonIgnit/cougarCreekFire_08-11-2015_0900_217m_non_neutral_stability_vel.asc
ncols	146
nrows	140
xllcorner	610065.000000
yllcorner	5095217.000000
cellsize	216.586807
NODATA_value	-9999.000000
[rows 0 to 34 of 140, columns 0 to 79 of 146]
15.18 11.80 14.19 12.86 15.52 10.96 13.49 15.22 15.74 15.33 14.59 14.16 13.70 12.68 16.41 13.20 16.22 18.08 18.16 21.16 23.09 22.73 19.97 15.96 13.17 12.80 12.99 12.97 13.32 13.71 12.64 14.47 12.71 14.16 14.72 15.11 14.91 13.85 12.41 11.72 11.38 10.89 10.67 10.96 11.19 10.92 11.11 11.66 11.86 8.63 13.15 8.20 16.60 16.95 19.72 20.22 19.34 12.24 20.00 21.31 20.81 18.81 20.86 20.69 19.31 17.07 18.59 22.82 25.71 26.04 24.29 20.27 16.64 16.53 19.98 21.72 19.47 20.49 25.44 29.07
15.18 11.80 14.19 12.86 15.52 10.96 13.49 15.22 15.74 15.33 14.59 14.16 13.70 12.68 16.41 13.20 16.22 18.08 18.16 21.16 23.09 22.73 19.97 15.96 13.17 12.80 12.99 12.97 13.32 13.71 12.64 14.47 12.71 14.16 14.72 15.11 14.91 13.85 12.41 11.72 11.38 10.89 10.67 10.96 11.19 10.92 11.11 11.66 11.86 8.63 13.15 8.20 16.60 16.95 19.72 20.22 19.34 12.24 20.00 21.31 20.81 18.81 20.86 20.69 19.31 17.07 18.59 22.82 25.71 26.04 24.29 20.27 16.64 16.53 19.98 21.72 19.47 20.49 25.44 29.07
15.73 15.58 17.30 13.66 19.40 20.97 15.69 14.04 24.29 23.76 22.07 20.48 14.76 10.90 19.94 17.90 17.73 16.16 18.10 17.75 19.57 21.35 21.59 18.08 13.95 12.95 17.54 17.53 11.67 10.33 9.03 18.05 14.55 15.40 14.27 15.01 13.16 5.46 8.79 4.78 3.20 3.80 6.21 5.96 1.97 6.93 4.13 3.10 5.39 6.84 5.36 3.32 7.66 17.90 20.26 20.47 19.81 14.17 21.50 21.65 19.87 12.38 15.75 16.93 18.09 14.34 21.48 25.01 23.92 26.97 24.08 19.86 11.22 18.53 22.31 21.97 20.97 23.23 26.49 29.82
5.26 13.49 17.41 17.74 16.42 17.55 21.11 21.26 22.96 16.95 21.37 20.38 14.27 10.96 14.26 12.18 15.44 17.49 18.08 15.10 15.16 19.68 24.76 21.46 16.07 11.18 14.50 17.16 12.89 10.91 12.13 14.10 17.31 16.88 16.04 16.27 15.83 11.67 7.89 8.59 6.69 5.56 5.99 4.88 4.13 0.98 3.84 2.35 1.82 3.36 5.00 8.40 12.64 17.74 20.67 20.67 20.31 9.86 12.22 12.54 14.23 14.06 16.37 18.93 19.70 16.96 26.73 22.48 27.92 27.17 22.54 14.41 21.45 24.75 27.97 25.72 25.03 27.42 28.75 32.23
5.33 19.16 16.01 19.51 17.71 18.54 13.03 20.43 10.83 12.77 24.93 23.44 17.73 13.76 9.06 11.92 15.19 16.39 18.52 18.64 15.62 17.92 22.88 19.94 19.06 14.51 10.99 18.90 15.22 13.71 12.84 11.55 17.00 15.61 15.43 15.68 16.42 14.80 9.15 6.27 5.23 6.14 5.28 3.86 2.72 0.58 2.51 2.73 0.58 5.02 10.24 13.19 15.13 18.02 19.82 19.29 10.31 14.17 9.36 24.83 19.48 16.29 18.03 23.24 19.77 28.61 23.09 29.03 27.46 24.84 18.27 25.87 28.32 31.12 28.68 30.96 28.48 27.99 31.04 35.25
6.56 18.30 13.79 21.98 17.99 18.10 19.48 21.79 22.18 22.60 23.82 26.00 17.64 15.22 8.82 7.31 15.32 16.00 17.20 13.52 15.40 16.18 20.65 28.35 18.44 16.60 11.13 18.39 16.79 14.75 11.47 12.69 16.51 15.07 15.51 15.17 15.71 15.08 9.80 5.92 6.72 7.42 5.17 4.09 3.63 2.37 1.13 0.48 5.57 10.71 12.75 14.10 17.24 18.67 16.82 10.75 7.91 15.43 23.70 13.08 19.34 19.07 22.26 21.68 28.50 23.20 27.79 27.83 24.95 19.55 28.45 26.79 28.22 31.69 29.74 27.66 24.45 27.36 32.54 36.52
15.01 18.76 12.60 14.68 20.06 16.66 17.28 12.21 22.26 22.79 23.66 25.51 23.64 16.00 12.28 6.44 16.00 16.26 11.42 13.30 15.03 17.44 20.40 23.90 22.96 18.22 15.68 16.68 17.46 13.26 9.00 13.93 16.22 12.38 13.81 15.45 14.57 15.06 10.20 7.66 7.64 7.78 5.93 5.63 5.98 0.97 5.32 7.92 10.63 11.06 12.51 13.97 17.41 17.06 11.46 12.66 12.99 11.86 15.46 17.26 18.15 23.07 24.58 17.79 25.57 27.23 27.88 26.05 21.75 29.04 26.95 30.79 30.64 27.79 25.80 21.46 26.57 29.14 32.86 36.23
17.01 19.02 20.10 21.05 19.59 18.85 19.67 21.00 21.61 10.17 23.12 24.67 24.09 15.08 10.74 7.14 12.54 13.07 17.47 11.91 14.50 16.01 18.68 22.89 24.92 19.43 14.38 19.66 17.73 12.92 9.73 16.31 12.54 9.34 14.36 15.77 14.63 13.94 11.93 10.15 9.97 8.11 7.57 6.16 6.06 7.11 7.53 6.90 8.83 10.47 14.96 14.36 14.94 13.49 12.60 14.94 13.41 14.76 16.51 18.50 20.75 22.95 17.58 27.86 23.26 26.93 27.06 25.92 24.57 26.77 30.04 28.81 27.16 21.25 26.26 21.62 27.37 29.31 32.72 36.82
15.88 17.78 15.76 17.90 18.59 17.93 18.35 19.58 22.21 23.11 23.82 11.94 13.85 19.86 13.69 10.35 7.67 13.19 14.14 10.70 13.96 15.06 15.54 20.45 30.29 21.48 16.03 19.01 16.72 10.56 10.70 15.18 10.30 9.68 15.48 14.81 14.10 14.02 15.24 15.95 13.43 8.30 8.25 9.20 4.28 8.47 9.04 6.93 10.93 11.09 11.79 16.13 18.09 16.34 15.86 14.28 11.50 14.81 18.13 20.49 19.39 16.90 17.51 20.11 25.39 26.43 26.76 25.78 26.92 29.72 28.55 23.66 23.73 28.61 24.73 24.39 25.93 29.24 35.04 38.96
15.04 16.74 17.12 19.60 17.83 20.84 19.67 19.58 20.59 20.13 21.37 23.53 23.59 21.69 15.36 9.98 8.15 6.59 16.97 9.82 13.37 14.75 15.17 18.36 24.80 22.67 17.95 16.58 19.08 13.92 10.33 14.54 12.47 12.22 14.93 13.75 13.57 15.45 15.49 16.27 12.99 8.93 9.65 4.78 7.31 3.05 7.75 9.04 8.99 11.47 14.49 17.45 19.02 16.08 12.95 10.44 10.92 13.05 16.57 14.98 12.21 25.51 20.52 24.74 25.35 24.75 25.63 26.10 28.05 29.12 26.78 30.26 31.01 27.53 25.84 27.72 28.47 34.11 39.71 41.13
5.93 14.77 17.53 17.58 18.29 18.21 19.09 20.59 20.73 20.84 21.78 21.56 21.45 22.12 13.95 12.04 9.60 6.13 16.91 18.34 13.88 22.62 14.16 16.03 23.27 26.58 20.41 15.07 18.77 12.17 8.48 14.06 10.79 11.43 15.03 14.90 16.01 16.33 16.20 17.15 11.87 10.86 7.08 7.57 7.96 2.75 9.85 8.82 12.55 12.91 11.83 16.88 15.69 9.39 7.64 9.81 10.45 11.37 12.53 11.44 18.04 17.70 24.12 25.54 23.47 24.97 27.52 28.30 29.40 30.41 28.72 29.27 28.69 29.19 27.01 31.45 34.06 39.15 41.99 41.23
6.33 12.20 12.85 16.25 16.57 17.55 18.19 20.20 20.96 20.83 21.11 20.97 19.88 21.07 18.56 19.15 12.54 7.28 14.70 19.73 13.33 23.78 13.93 14.22 21.15 29.01 21.99 17.93 20.16 11.98 9.60 14.48 11.82 13.59 15.80 15.35 16.29 16.33 16.68 17.36 17.41 11.03 11.84 4.83 2.22 1.95 11.28 11.87 13.53 15.50 18.81 16.58 11.18 7.91 9.58 13.04 11.73 12.22 12.96 16.05 15.58 22.25 24.58 23.50 23.98 27.86 27.96 28.37 28.82 29.83 29.91 29.03 32.05 28.32 32.96 34.49 37.95 40.87 41.24 39.86
9.86 10.68 11.27 10.97 14.29 14.25 18.30 19.03 19.40 22.19 20.43 20.26 19.27 19.36 13.75 14.53 11.96 17.32 18.31 21.80 22.80 25.14 25.10 14.46 19.10 25.96 23.32 18.93 19.76 14.44 11.60 13.07 14.15 5.97 16.48 16.66 17.45 16.42 15.44 14.15 21.12 12.41 6.98 11.08 1.12 10.79 12.57 11.24 15.71 16.14 17.51 16.99 10.26 8.48 14.19 16.53 14.21 14.98 15.53 13.09 19.84 20.89 24.29 23.86 24.07 24.38 24.23 24.07 24.45 25.56 27.81 30.35 28.74 28.69 34.67 36.77 39.59 40.36 39.46 38.34
4.38 4.82 10.81 16.25 15.55 14.68 16.44 9.04 6.41 8.39 19.73 21.50 21.90 20.59 14.42 14.51 12.26 15.08 20.53 21.83 23.89 25.75 25.50 24.95 18.41 25.10 23.08 22.27 17.88 14.56 9.66 13.07 15.25 16.90 16.92 17.45 18.12 18.15 10.00 15.25 18.92 12.71 5.43 2.18 10.15 13.86 13.00 14.38 16.21 17.79 17.18 15.71 12.14 11.16 16.92 17.83 18.21 18.53 18.29 20.39 20.60 18.04 18.98 22.88 23.18 22.80 20.92 20.42 20.92 20.85 27.55 30.60 32.80 34.90 36.58 38.12 38.70 37.54 36.37 36.08
4.08 9.74 10.51 16.44 16.67 17.31 17.25 18.72 18.16 6.84 9.11 21.53 21.84 22.92 25.15 16.28 13.99 10.10 17.80 21.11 23.04 25.68 26.52 27.97 18.74 23.64 26.19 22.59 18.12 14.56 9.99 13.58 18.67 17.69 18.64 17.40 18.78 18.95 11.73 17.29 18.06 10.57 3.64 9.38 15.50 13.50 15.71 13.76 18.09 20.37 16.94 16.07 15.77 15.57 18.83 17.84 18.96 19.48 18.30 20.06 22.49 23.11 23.17 21.11 19.68 17.02 17.53 18.45 19.48 26.96 26.79 31.01 32.30 34.28 35.75 36.27 35.55 33.87 32.66 33.08
15.03 16.04 16.97 18.21 18.03 17.49 17.24 15.97 17.38 18.33 10.86 20.80 21.74 20.86 22.31 23.19 15.95 11.54 16.37 19.90 20.48 24.74 27.23 26.46 30.56 33.13 28.59 24.15 18.00 14.22 11.82 17.95 19.21 8.02 19.10 19.08 17.86 10.62 14.44 18.29 10.75 9.43 3.82 11.88 16.44 15.52 13.82 17.06 19.15 21.08 15.67 18.79 20.19 18.44 17.92 18.53 20.76 19.83 16.71 18.12 20.97 21.47 17.62 16.57 16.36 18.10 20.97 21.37 25.03 26.56 30.38 29.44 29.43 30.47 31.55 31.63 31.47 31.15 32.78 30.89
15.60 16.47 16.55 16.12 17.15 15.68 16.72 16.34 16.03 17.89 18.90 21.27 20.78 20.43 21.24 13.43 14.89 15.79 18.05 22.90 21.96 26.46 27.85 21.30 27.04 31.65 30.25 23.28 19.49 10.51 14.85 19.01 16.22 21.01 18.37 19.81 8.33 11.33 16.09 23.17 15.02 9.40 4.78 3.98 14.52 13.74 16.09 18.77 20.31 20.29 18.83 22.11 22.67 21.84 19.59 20.75 23.68 16.61 18.01 19.16 20.11 18.48 16.89 18.14 18.03 21.37 23.14 22.81 25.98 29.34 28.80 26.20 26.12 27.01 27.26 26.92 27.48 28.85 29.86 30.10
16.63 16.91 16.90 16.04 15.87 18.46 17.28 17.18 16.51 15.50 18.44 19.47 19.28 15.33 19.92 9.64 11.70 11.72 20.19 14.22 24.38 27.64 27.62 22.67 23.41 29.79 30.36 23.41 18.46 13.00 19.02 19.64 19.84 20.77 17.65 17.68 8.46 12.12 16.48 20.71 14.56 9.61 5.44 13.33 14.95 16.26 17.59 22.89 21.35 22.97 23.48 24.39 24.69 22.32 19.50 23.69 23.79 14.31 18.75 19.11 17.91 18.52 18.93 20.08 20.29 23.73 25.53 25.97 26.41 26.13 25.70 22.55 23.04 25.60 27.27 28.29 25.79 26.48 27.71 28.60
15.28 16.63 16.54 16.16 15.51 17.52 17.66 17.35 16.79 16.10 18.55 19.62 18.95 20.35 22.07 21.88 21.16 21.45 21.12 22.62 25.61 29.18 29.09 24.54 24.53 30.77 29.24 22.30 16.99 17.09 20.38 19.91 22.32 10.80 17.84 18.28 9.69 13.18 22.28 21.62 17.11 16.21 5.74 4.49 15.82 21.00 23.32 23.40 23.22 22.00 24.70 25.80 26.75 20.28 22.25 24.28 17.96 16.19 19.32 16.26 16.26 19.91 22.00 20.29 20.65 22.65 24.15 21.55 23.42 23.59 21.20 21.80 23.30 24.29 25.37 27.81 27.75 25.34 24.98 25.79
11.79 14.20 14.98 15.00 14.72 14.89 15.97 15.84 16.13 15.38 18.00 17.82 21.94 20.17 20.52 17.95 20.69 22.19 21.58 24.40 24.41 24.14 25.09 32.05 30.55 31.57 27.89 21.12 18.91 20.57 20.66 22.68 18.77 20.03 8.84 9.69 12.04 14.65 22.98 21.53 19.04 16.12 6.58 5.85 17.81 21.90 23.67 25.73 23.59 23.57 24.29 26.66 17.74 24.84 24.70 19.59 17.40 17.44 17.45 17.80 17.93 20.27 20.18 17.22 19.68 20.48 20.06 21.20 21.50 21.04 21.43 23.70 25.10 26.52 27.55 29.81 29.39 26.69 26.30 27.46
2.84 11.85 14.25 14.02 15.23 15.39 16.44 17.05 16.77 16.12 18.15 17.81 18.09 18.32 19.01 18.44 16.20 20.77 20.68 25.42 23.31 22.82 23.06 22.52 33.68 35.43 29.43 21.85 20.81 21.22 22.31 23.84 16.26 20.63 10.02 12.13 14.03 16.13 18.79 20.06 16.26 12.18 7.82 7.07 18.88 19.49 21.79 22.46 25.61 27.98 26.18 27.17 22.91 27.38 19.00 17.08 18.73 18.58 20.65 18.60 18.23 19.82 17.24 15.87 18.22 19.58 20.16 20.24 20.53 22.65 23.01 24.57 25.46 24.54 26.45 28.78 28.03 26.78 27.05 28.39
5.97 8.23 11.40 13.74 13.19 14.56 14.36 15.65 16.00 15.29 17.81 19.16 16.50 16.92 16.02 17.64 18.50 21.71 18.34 21.90 24.25 21.83 25.95 30.92 37.68 39.36 31.33 26.80 24.32 22.87 25.36 21.29 15.42 21.97 11.69 13.62 23.00 16.83 27.72 19.19 15.81 11.03 7.96 8.10 19.54 23.37 26.31 23.75 27.55 24.73 29.14 27.00 28.67 24.27 18.39 20.58 18.82 21.77 23.53 17.34 18.75 19.32 16.46 16.49 17.62 18.75 19.23 20.51 20.14 20.70 20.31 22.47 25.35 27.33 26.84 25.37 25.02 27.54 28.56 28.60
9.57 11.14 13.69 13.12 13.12 15.14 14.58 17.26 16.60 16.22 17.39 17.84 14.89 14.73 18.04 17.21 17.23 18.87 19.53 24.95 25.31 22.96 23.32 27.39 37.01 41.66 35.00 30.31 26.18 22.20 23.02 18.99 15.78 24.44 11.84 13.96 15.28 17.57 26.70 18.81 13.60 8.90 7.97 8.88 21.26 21.21 22.04 25.88 29.70 28.18 29.16 20.08 19.76 19.57 19.58 20.99 18.89 22.83 20.35 17.69 20.30 18.74 17.38 16.47 16.45 16.69 16.72 17.50 18.09 18.37 20.01 23.55 25.95 23.31 26.79 25.09 25.00 27.36 27.95 27.30
8.65 10.36 13.94 6.04 15.27 15.61 16.08 16.66 17.75 17.00 16.59 18.28 17.97 15.87 14.74 17.89 17.86 20.56 22.69 22.00 22.07 21.79 22.51 19.20 26.46 46.30 39.30 32.29 26.41 20.95 23.77 23.03 17.96 23.92 19.44 14.48 16.37 18.91 28.88 18.13 10.92 7.78 8.66 20.30 22.50 27.18 27.33 29.23 27.52 29.28 21.42 20.65 20.66 20.34 20.78 20.88 18.43 17.41 18.36 21.89 23.00 20.63 16.12 14.31 14.63 16.20 16.70 17.94 18.68 20.72 23.11 24.28 24.96 23.48 24.22 24.92 26.98 28.24 27.92 26.54
4.27 11.03 4.24 5.71 16.17 15.75 15.18 16.10 18.05 16.37 16.62 18.13 17.58 14.23 14.59 15.82 16.86 18.09 20.48 21.52 22.37 21.39 20.13 21.06 25.45 51.38 45.29 33.22 27.47 27.31 29.72 27.76 22.32 24.88 26.64 15.40 17.91 26.21 26.49 17.22 10.45 20.69 17.59 20.62 24.94 26.26 25.72 28.65 29.45 30.20 21.98 21.91 21.85 21.91 22.52 27.95 26.87 26.40 26.42 18.86 17.75 20.69 15.64 16.75 17.15 17.76 18.24 20.74 21.86 23.38 24.79 23.87 23.08 23.87 26.15 25.48 26.12 27.35 23.42 23.42
4.10 11.25 12.56 13.81 14.71 15.66 15.35 16.86 18.21 16.72 16.28 15.30 16.69 15.96 14.84 14.44 16.71 17.55 18.97 21.51 22.54 22.23 20.32 20.40 29.04 51.12 51.41 32.12 29.24 38.50 38.20 27.52 22.21 21.87 25.42 14.46 19.04 31.42 21.23 14.49 9.74 20.62 21.98 25.73 25.86 27.54 27.52 30.85 30.46 31.22 22.99 23.20 22.83 22.35 23.01 31.78 30.17 28.57 18.85 19.21 18.17 18.50 16.79 19.37 19.85 18.55 20.28 23.12 25.22 23.48 23.85 23.52 23.88 24.97 24.10 27.37 24.79 25.74 25.74 20.60
3.14 3.77 3.60 13.94 13.52 13.96 16.70 16.11 18.57 16.68 15.80 16.16 15.74 17.40 12.95 12.99 15.37 16.98 17.79 20.03 22.65 21.50 19.34 21.16 28.77 51.41 54.54 32.78 30.93 46.29 38.62 25.69 20.49 22.04 24.19 21.09 32.33 30.77 20.91 17.82 20.53 23.29 23.96 25.49 26.00 29.02 30.95 31.80 31.00 22.97 24.47 24.54 23.29 22.32 22.61 22.04 20.21 19.34 20.28 20.32 22.44 19.83 18.09 18.63 18.97 20.38 20.94 21.46 21.17 20.45 21.23 20.82 21.98 22.32 25.48 21.01 20.28 19.42 23.50 23.73
4.55 12.16 11.21 12.56 14.41 15.98 17.31 18.07 17.47 16.70 17.20 17.58 14.41 16.06 13.79 15.03 15.07 16.03 16.78 18.71 21.15 20.73 17.29 19.37 26.90 48.95 59.32 43.42 39.03 48.85 38.24 26.67 22.00 23.46 29.05 35.65 33.64 27.32 21.77 20.45 21.87 23.56 24.37 25.95 27.61 29.29 29.37 32.02 32.73 23.26 25.20 25.37 23.33 21.91 22.45 21.84 21.48 21.23 20.86 20.73 19.73 21.62 18.67 18.56 18.55 17.09 18.50 18.26 18.24 17.67 18.13 19.39 20.94 23.32 21.29 21.53 20.54 22.40 19.56 21.66
11.92 11.52 10.98 11.82 14.69 16.74 15.92 17.18 19.25 18.46 15.49 17.84 9.91 17.08 13.54 14.43 15.18 15.84 16.51 18.12 19.52 19.50 17.09 17.10 20.25 36.74 60.73 59.44 54.72 51.72 37.20 29.11 28.62 29.90 32.54 34.63 28.63 24.95 23.80 22.88 23.41 25.50 25.49 26.00 28.43 30.94 31.09 33.37 31.04 23.25 25.19 25.33 23.15 22.36 22.76 21.91 22.01 21.71 21.05 20.47 19.55 18.63 22.79 17.29 16.65 15.97 15.87 16.38 18.14 18.23 18.63 19.29 19.78 20.52 21.36 21.09 20.25 21.39 21.04 20.37
10.96 12.03 10.53 11.86 13.72 15.47 18.45 17.30 18.52 18.84 18.88 16.55 14.97 12.46 15.32 13.37 14.89 15.82 17.03 18.42 19.84 19.59 18.48 15.07 16.35 26.28 46.96 62.21 65.84 53.93 40.02 35.40 36.60 35.11 34.10 32.30 26.68 25.85 24.02 23.59 25.10 25.96 26.40 28.36 30.51 31.31 32.20 35.01 23.79 24.34 25.32 26.05 24.39 23.05 21.83 20.34 22.39 22.34 20.90 19.52 18.76 17.60 17.04 16.65 15.87 15.21 16.65 16.95 17.85 18.51 18.44 17.81 17.38 18.46 19.34 19.41 19.33 19.52 19.33 19.63
5.07 9.03 11.49 12.38 13.12 15.57 16.95 19.26 18.05 17.54 15.98 16.88 16.74 5.14 12.26 13.57 14.20 13.72 13.77 15.92 18.27 16.92 16.88 14.92 14.81 22.30 34.34 54.08 66.88 56.98 45.45 42.93 39.31 36.01 33.52 28.76 24.80 25.81 22.95 23.93 25.05 26.48 28.39 30.61 30.83 31.75 33.09 21.66 24.77 25.36 25.85 27.46 26.27 22.63 21.39 22.37 23.13 22.71 20.95 23.99 23.00 21.57 17.00 18.77 17.65 16.39 15.78 16.02 15.97 15.97 16.08 18.33 20.00 20.37 21.41 21.82 21.37 20.83 20.35 20.50
5.20 5.51 9.20 9.63 11.20 13.79 17.44 19.25 18.36 19.29 18.12 14.36 15.42 14.14 12.16 12.42 13.51 16.09 13.73 14.64 16.03 14.42 14.15 13.93 15.92 23.96 32.41 45.88 61.73 58.18 49.69 44.53 36.44 32.55 26.84 22.48 25.23 26.63 21.52 22.78 24.47 26.48 29.02 31.67 33.10 32.48 32.65 22.64 25.43 26.24 26.36 28.05 27.30 22.34 21.28 23.32 23.11 21.96 20.36 23.91 23.05 21.75 16.46 17.66 16.54 16.67 17.65 18.28 18.59 18.61 18.90 20.81 22.51 23.31 23.55 24.65 25.47 24.77 23.04 22.04
7.08 6.85 6.12 11.44 13.10 16.03 18.33 19.75 20.41 15.91 17.11 16.98 17.91 14.08 12.46 15.20 14.15 15.42 16.30 15.29 14.79 13.26 12.95 14.69 20.13 27.34 26.07 41.33 56.73 58.41 53.56 44.46 30.90 26.41 23.46 22.79 26.03 26.08 23.99 25.41 23.81 25.40 29.19 31.58 32.67 31.91 31.13 22.67 24.02 25.84 26.66 27.52 27.73 24.98 23.30 23.99 21.83 19.16 24.53 22.68 21.59 20.29 18.45 17.11 16.94 14.58 14.91 15.20 15.37 15.43 16.20 17.00 17.88 20.34 19.88 20.58 23.68 23.54 19.61 20.19
7.09 6.65 6.84 5.56 10.67 12.84 17.09 21.16 20.48 18.78 18.41 15.90 12.96 11.52 16.46 16.83 14.90 15.15 14.93 15.39 17.81 18.14 14.34 14.85 19.85 25.09 34.84 39.58 52.96 58.00 54.87 42.14 23.65 21.37 22.30 22.50 24.50 23.71 23.90 24.63 25.26 27.07 29.76 30.79 32.22 29.02 31.01 22.43 22.41 23.54 25.87 27.72 28.13 27.60 26.74 25.10 20.17 15.72 16.09 17.36 17.21 20.61 18.37 16.82 15.93 15.25 14.22 13.51 12.98 13.61 11.74 12.78 14.94 17.82 20.04 22.68 23.04 22.53 20.82 16.87
7.01 6.94 4.09 5.65 4.51 13.86 16.02 18.66 20.62 19.61 20.33 18.45 20.44 17.25 10.60 17.00 13.88 14.05 14.55 13.99 16.18 19.76 21.60 24.09 21.80 28.71 32.20 38.82 51.71 59.47 53.84 37.15 14.70 15.86 18.99 20.06 20.25 19.57 21.49 23.71 25.77 26.81 28.52 29.63 33.22 31.63 31.82 22.96 23.10 23.40 25.53 28.81 30.50 29.32 27.41 26.40 22.23 15.84 14.67 15.99 16.85 15.56 18.35 16.16 14.40 14.01 13.50 10.16 8.45 9.74 12.71 15.67 17.76 21.47 22.31 21.86 20.76 19.91 19.69 19.81
