examples/cougarCreek-fire/createInputs/farsite/7a-cougarCreek-polygonIgnit/cougarCreekFire_08-12-2015_1400_217m_non_neutral_stability_ang.asc
ncols	146
nrows	140
xllcorner	610065.000000
yllcorner	5095217.000000
cellsize	216.586807
NODATA_value	-9999.000000
[rows 49 to 97 of 140, columns 0 to 95 of 146]
99 103 115 128 83 34 52 80 91 87 92 104 114 132 166 121 118 113 108 97 93 62 54 80 83 113 118 107 101 96 87 77 74 76 83 82 83 88 89 96 95 96 100 97 88 76 67 60 35 8 12 25 36 47 47 55 60 62 54 68 47 31 19 37 46 46 44 36 29 16 11 8 4 357 338 331 344 318 305 278 263 278 297 298 313 336 348 8 344 340 355 326 323 316 310 308
99 103 111 72 39 76 93 93 96 99 109 121 129 126 117 107 107 96 86 89 88 72 69 71 63 72 85 103 105 101 91 83 81 80 84 83 81 84 86 88 96 92 97 92 90 85 77 48 22 10 14 25 25 31 49 61 55 56 56 50 55 30 9 20 47 46 39 27 19 12 10 9 7 5 3 341 335 330 327 313 280 260 267 275 285 307 330 345 348 0 335 330 326 320 315 312
94 96 76 52 84 88 87 90 99 108 126 159 128 118 155 84 91 79 82 88 85 76 73 36 38 73 103 115 113 103 95 90 86 82 83 84 79 82 84 84 86 88 87 87 93 96 94 58 21 12 8 16 17 26 45 56 59 58 57 67 50 47 4 27 38 40 42 22 34 1 9 27 15 11 3 357 352 345 337 355 326 303 274 266 270 280 290 308 329 336 332 345 327 323 319 315
92 92 71 71 83 87 93 95 96 109 119 117 112 105 80 66 65 71 85 90 83 83 88 135 40 103 129 129 120 104 94 93 86 81 86 83 80 83 81 83 84 82 82 79 93 92 99 27 227 271 313 3 15 20 45 59 61 60 66 63 49 62 42 41 48 40 29 33 26 9 7 15 14 0 355 350 345 342 339 337 357 335 324 303 280 274 277 284 291 307 314 317 319 320 318 316
94 80 68 76 84 82 84 85 88 103 103 157 66 53 60 56 56 81 91 89 88 83 94 49 94 133 132 121 109 98 90 94 87 81 79 81 77 74 73 75 78 78 77 75 78 78 79 95 178 276 253 239 174 53 75 71 76 72 59 55 53 48 36 41 47 35 31 32 26 19 25 23 8 2 357 352 12 343 340 339 336 335 345 331 323 309 299 294 300 293 293 301 308 312 313 313
92 79 76 78 67 61 66 84 90 97 145 148 27 46 75 73 76 98 103 96 91 81 75 60 101 112 106 106 91 91 80 98 92 84 80 73 76 74 72 78 79 76 73 70 69 67 65 68 98 170 193 193 181 160 125 96 82 72 61 56 54 44 44 44 45 40 33 32 34 30 24 11 1 358 356 354 350 346 342 337 334 333 331 332 333 330 327 321 318 312 306 306 307 308 309 310
87 69 70 68 70 35 69 87 75 62 143 128 31 49 73 83 88 105 109 102 92 78 66 70 93 91 81 82 97 88 77 100 95 87 83 76 69 69 81 82 83 81 74 68 63 61 57 57 63 83 139 169 120 159 133 108 91 72 62 59 54 51 48 44 42 36 27 27 30 25 18 9 1 358 357 354 352 348 343 338 334 333 345 350 334 334 335 334 332 327 321 317 314 311 308 307
86 59 61 66 42 50 83 72 91 20 18 27 50 31 62 73 80 96 99 87 83 63 43 66 87 76 80 98 98 85 64 97 93 88 90 79 76 79 88 84 82 79 76 69 62 57 53 54 53 56 68 93 127 86 84 99 82 71 66 62 57 52 45 40 36 32 26 22 20 17 13 10 8 5 2 357 353 349 343 339 337 356 332 333 335 349 337 336 335 332 327 325 322 318 312 307
92 63 46 59 62 85 103 52 9 1 22 46 25 24 55 66 78 100 107 76 62 33 28 70 78 75 91 121 91 71 73 96 92 87 88 81 80 90 89 86 83 80 80 71 64 55 51 49 48 46 47 50 54 62 73 74 70 66 61 58 56 51 45 41 36 32 25 20 17 15 14 15 15 10 5 358 353 349 345 358 341 337 334 331 331 333 333 333 335 331 329 327 326 323 318 311
93 86 45 79 89 109 64 49 8 19 61 53 18 47 71 88 108 126 140 164 46 22 78 102 82 79 104 98 81 64 102 102 97 88 89 84 81 90 90 84 82 83 81 73 67 57 51 48 46 42 44 44 47 46 52 55 57 57 55 54 53 49 45 43 38 33 27 23 21 21 21 20 15 9 2 356 356 358 1 2 345 343 339 336 333 331 330 329 329 329 327 326 325 322 318 314
84 75 68 90 111 81 92 29 16 43 59 46 58 32 77 112 124 131 146 171 58 77 126 96 75 100 138 93 68 74 108 108 102 92 90 86 89 91 87 81 80 79 77 74 70 67 63 52 53 45 44 38 36 39 39 42 46 50 52 51 49 45 42 39 35 31 35 28 28 26 22 17 10 4 0 7 15 14 4 2 347 345 343 341 339 336 334 332 330 329 327 325 324 321 318 315
80 73 70 82 75 96 78 24 47 51 60 85 107 67 114 126 127 131 150 180 53 44 62 45 89 110 99 82 78 109 111 108 102 95 88 90 89 87 83 80 77 78 76 79 72 69 66 64 67 52 45 53 37 30 27 28 34 41 45 45 45 42 40 37 37 31 30 29 27 22 16 10 8 7 20 20 8 13 13 12 10 3 1 360 357 355 338 336 333 331 329 326 324 322 320 318
81 28 73 65 60 92 70 45 55 74 53 127 163 160 139 126 123 127 149 185 105 343 32 103 106 108 97 91 115 115 113 107 101 95 94 92 87 85 81 79 77 77 74 73 76 74 69 72 70 57 51 47 40 28 18 19 27 35 39 38 37 36 37 37 35 33 30 27 22 17 12 14 27 25 13 18 18 16 8 5 8 0 1 359 355 355 353 337 334 333 330 327 324 322 320 318
26 53 78 56 52 47 30 64 31 87 170 174 161 149 135 126 121 123 143 298 16 272 318 57 84 97 96 124 126 119 83 108 104 98 98 94 88 84 80 76 72 75 73 71 75 69 73 59 59 58 53 51 47 30 11 14 28 38 53 49 37 35 36 35 32 27 25 19 18 19 27 28 25 15 20 22 21 19 18 7 9 7 360 1 343 357 354 338 336 334 331 328 325 321 319 317
70 81 86 85 73 74 68 102 99 164 173 163 147 137 128 126 118 117 132 353 342 329 325 7 68 82 127 117 117 114 112 115 109 101 102 97 90 83 79 73 64 73 72 68 70 69 68 67 70 57 54 54 51 37 8 6 26 39 54 54 39 38 44 40 34 27 22 33 32 34 32 30 26 23 24 24 23 11 19 16 11 348 3 1 345 359 357 339 337 335 332 330 326 324 321 320
136 71 69 77 78 70 111 93 125 143 155 148 131 125 126 115 111 111 128 5 330 352 348 8 45 56 90 115 118 109 114 120 113 103 103 92 89 84 76 67 69 70 75 70 70 69 68 60 57 68 57 54 53 46 10 352 17 35 42 54 42 40 39 37 47 44 39 35 20 32 34 24 29 26 19 28 17 15 20 17 11 6 347 346 345 343 342 355 338 336 333 331 327 325 323 321
217 98 68 73 85 110 135 130 128 133 139 132 116 114 105 105 106 104 110 135 202 19 358 359 29 55 125 125 106 114 115 117 115 109 106 100 83 77 69 60 65 70 73 69 69 69 61 61 58 55 57 54 52 47 22 343 357 26 39 55 42 41 40 50 34 45 41 37 29 31 41 38 33 27 20 29 21 10 7 8 8 6 7 6 3 2 342 340 337 336 334 330 325 324 323 320
105 183 88 79 103 126 138 132 128 131 130 119 100 96 90 94 94 99 95 126 342 61 332 340 25 175 164 127 118 115 112 111 113 108 104 92 83 80 69 59 64 69 68 72 63 63 62 61 59 53 59 54 51 47 30 351 342 12 35 42 53 42 54 51 49 31 31 36 34 40 43 29 36 31 29 26 10 9 13 16 16 11 9 6 1 347 346 343 340 338 335 330 328 326 326 323
139 195 129 91 101 111 115 106 99 99 98 89 73 82 81 87 88 89 88 101 21 211 330 342 9 72 158 129 122 118 111 112 113 108 102 97 84 88 72 61 66 58 67 62 63 68 71 69 68 57 69 53 50 49 43 353 338 2 30 47 43 52 52 40 52 42 26 22 26 35 44 41 39 34 25 12 6 3 1 1 360 358 355 352 350 350 4 3 344 341 335 331 328 325 324 320
132 202 142 100 91 80 55 50 54 57 62 58 60 71 82 81 83 82 84 109 35 23 350 1 1 213 151 130 126 122 109 109 110 107 104 94 87 87 78 66 59 59 61 59 60 60 58 58 56 55 67 52 50 50 36 355 333 353 25 38 55 53 49 56 47 47 42 27 29 46 44 40 29 27 32 17 11 27 5 4 20 11 5 8 9 7 350 349 346 341 336 331 328 325 322 317
104 196 159 112 90 63 34 42 54 59 63 86 72 80 85 80 79 77 85 107 37 19 9 8 12 195 140 129 128 127 110 105 100 106 100 94 88 89 81 71 63 60 60 62 60 59 57 56 52 55 55 51 49 48 42 10 321 334 18 38 54 45 45 53 56 56 56 33 28 27 44 32 38 25 32 28 25 8 17 5 1 358 356 356 355 354 353 351 346 341 338 334 330 328 325 321
98 192 156 115 93 63 37 64 76 77 76 79 81 88 84 84 78 74 81 93 124 13 21 14 240 154 127 125 129 131 111 101 104 104 94 89 89 90 82 70 68 67 64 64 62 60 66 65 55 51 51 51 49 60 49 36 328 300 351 32 43 45 46 46 45 55 55 51 25 23 31 41 30 35 33 30 28 8 21 17 10 9 5 4 7 359 355 352 349 355 344 339 334 331 328 324
217 170 140 111 87 51 55 86 87 82 84 96 97 99 88 84 77 77 82 83 108 18 26 26 230 129 119 118 124 132 114 110 101 96 86 83 88 90 80 69 72 76 70 67 64 61 59 58 56 55 50 49 53 61 62 44 20 299 296 15 42 51 44 46 45 43 40 45 43 22 22 28 40 38 34 29 25 24 23 5 2 357 353 358 10 8 4 1 2 4 360 356 355 337 333 327
239 129 122 97 68 39 80 99 98 90 92 103 106 101 94 81 69 78 85 82 68 32 304 20 189 124 114 112 115 126 116 113 106 97 84 83 92 96 88 75 74 87 75 67 71 63 60 66 56 51 51 49 52 51 49 48 40 355 278 296 39 47 58 51 49 42 46 33 27 29 21 35 38 34 32 29 20 22 17 20 21 21 16 357 3 6 7 359 355 352 354 3 3 342 338 331
315 106 99 59 41 45 94 104 107 107 103 103 103 99 90 80 68 73 81 80 65 41 98 217 156 118 112 113 115 121 115 114 105 93 86 88 91 104 93 78 75 89 78 69 67 63 68 54 56 51 55 49 60 48 60 49 47 35 318 277 4 49 52 64 60 55 44 47 42 37 35 35 34 34 33 28 20 20 17 15 23 25 24 10 357 357 13 11 360 350 350 354 6 345 342 337
52 79 341 6 54 101 113 113 115 114 109 105 96 87 83 77 68 73 77 73 57 97 143 180 148 115 105 109 121 122 113 108 106 86 88 93 93 101 77 60 72 84 91 75 61 62 61 59 52 54 50 61 60 48 49 60 46 42 16 306 308 40 53 64 62 58 55 51 37 36 32 19 30 16 30 24 21 20 18 15 18 27 24 19 6 357 5 12 11 360 349 349 359 7 346 342
40 355 320 3 79 114 120 130 135 126 118 109 91 84 83 78 69 74 73 70 65 92 133 163 146 121 103 102 118 126 113 112 92 79 86 103 96 89 67 54 74 93 97 74 55 61 57 67 52 51 50 48 47 46 46 46 57 42 34 357 309 17 51 53 64 50 47 44 32 44 22 21 19 26 14 23 21 19 19 18 18 27 19 14 14 4 4 13 15 13 3 349 349 2 351 348
4 333 317 25 91 115 122 134 144 138 126 120 108 115 91 83 74 75 68 58 63 72 94 135 141 130 114 105 109 120 112 102 90 79 97 97 94 87 66 63 80 96 97 80 56 57 63 55 52 55 50 48 45 43 42 47 56 43 40 29 1 15 57 53 58 57 55 51 33 28 38 29 27 17 12 12 21 19 19 23 24 23 15 14 14 7 13 15 17 15 354 351 349 350 353 353
336 320 316 53 94 114 125 131 139 143 139 138 122 105 94 85 81 77 65 59 64 65 71 93 124 125 115 105 97 97 101 99 96 89 97 94 88 76 45 56 79 90 92 87 75 56 56 53 50 50 50 48 43 39 39 45 55 43 41 38 34 29 26 32 37 58 54 52 52 43 44 36 33 31 11 9 11 24 19 22 20 16 4 19 357 2 16 19 17 16 13 355 352 351 353 356
321 313 319 61 92 110 116 119 130 140 143 150 137 113 97 85 77 72 67 68 70 66 67 74 85 107 107 103 98 95 97 99 101 95 94 88 83 61 31 56 84 89 88 84 86 53 54 53 50 51 52 49 41 35 37 43 56 53 51 39 36 28 13 2 23 54 54 55 51 33 29 26 39 35 10 4 8 18 31 26 16 10 15 19 15 4 7 16 15 13 16 15 357 356 354 356
316 312 322 44 62 96 110 106 114 125 131 144 141 122 106 93 81 74 73 76 75 66 68 74 74 89 104 108 114 117 109 106 107 91 88 86 81 63 43 71 86 84 82 73 61 13 36 49 68 55 60 51 39 33 40 48 45 53 48 38 36 33 22 359 9 35 53 52 50 33 29 26 23 33 21 4 6 17 35 35 18 7 11 17 22 5 5 3 2 2 1 16 17 0 359 358
316 316 327 175 29 81 109 106 103 101 106 124 131 126 116 105 93 85 84 84 77 70 84 79 79 89 102 109 119 130 124 109 103 95 96 85 78 56 51 79 88 80 77 73 58 358 347 35 54 58 58 52 38 36 45 50 46 52 38 37 37 36 31 11 3 29 57 51 49 44 39 36 25 24 32 7 6 16 28 33 24 10 3 6 9 7 4 3 3 3 2 2 3 4 4 3
319 320 329 175 14 111 127 116 114 113 118 127 127 122 121 115 103 98 96 87 74 86 83 83 82 90 102 105 111 124 133 117 107 105 94 86 70 42 51 75 82 78 70 74 79 359 311 17 53 59 60 53 39 45 53 58 61 40 35 37 38 39 37 28 14 26 39 55 51 42 44 41 36 26 24 16 10 11 18 28 26 2 0 4 9 10 7 5 4 4 3 3 3 19 5 6
321 321 330 180 8 190 163 140 140 136 139 138 133 127 126 127 118 111 103 87 77 95 87 85 83 88 104 102 98 120 126 128 124 116 105 86 66 46 59 71 75 74 71 76 63 27 306 357 54 67 59 50 42 56 71 52 50 46 37 37 52 42 40 36 28 22 29 53 50 45 39 36 31 36 25 33 23 6 5 21 25 7 3 3 7 10 8 6 5 4 4 4 3 3 5 7
322 321 328 356 359 202 176 155 155 138 143 147 141 134 151 133 123 113 104 93 91 103 93 90 100 94 105 102 92 99 103 118 120 117 101 93 71 65 71 71 71 78 71 74 60 25 310 345 55 63 56 48 50 60 82 66 56 59 49 39 44 57 53 38 32 22 19 32 47 43 43 41 29 29 34 31 25 17 16 22 28 12 10 6 4 5 6 6 6 5 5 6 4 2 3 6
325 322 326 347 351 294 173 157 153 145 148 149 159 140 135 131 122 112 103 101 117 103 99 96 97 103 107 102 94 101 96 100 97 102 95 78 68 66 65 65 71 74 70 62 56 43 328 327 48 59 63 54 57 65 63 54 58 56 53 46 52 54 46 45 49 42 24 25 38 40 42 37 37 26 30 32 31 25 21 11 12 13 13 10 4 1 2 4 6 6 6 8 6 6 5 7
331 325 323 337 348 350 158 153 148 151 153 149 154 161 144 129 120 114 116 119 114 109 105 100 100 107 109 105 99 99 109 85 79 83 83 72 63 51 46 61 73 76 69 55 54 53 23 326 35 52 53 55 56 52 50 51 52 52 51 52 53 56 43 43 52 45 37 22 26 36 38 35 33 33 32 33 31 31 16 15 13 12 12 10 5 2 2 4 5 7 8 8 9 12 11 7
339 329 322 334 349 354 233 148 147 154 160 170 154 158 156 145 136 134 140 138 120 115 112 106 98 100 109 111 106 117 129 65 93 74 77 84 77 57 57 72 83 74 64 50 55 60 50 341 4 38 50 56 56 52 49 50 50 46 44 46 45 43 41 39 53 47 39 29 27 26 26 36 37 35 34 20 33 19 18 17 14 28 10 10 7 5 4 4 5 19 9 10 13 12 11 7
340 332 325 337 353 354 260 167 152 157 168 169 169 161 157 160 157 158 145 140 124 120 116 112 106 102 103 104 101 89 66 54 71 76 78 79 82 92 99 92 79 71 66 61 66 68 64 5 334 26 51 59 59 58 54 52 51 45 40 40 40 38 36 34 43 46 40 32 29 21 20 32 36 36 39 37 36 34 31 35 15 28 11 10 9 6 4 3 4 7 10 13 12 11 9 7
331 328 328 340 352 351 284 172 162 163 175 176 178 165 154 160 166 167 152 136 129 124 121 119 114 109 104 101 98 90 108 107 114 83 81 81 78 86 100 95 77 69 69 73 75 74 67 21 330 14 49 61 76 60 55 53 51 45 39 37 37 36 34 33 48 46 37 39 36 32 18 27 35 39 25 24 22 21 19 33 17 15 14 12 10 9 5 1 2 7 12 15 13 10 8 7
324 321 326 339 339 340 38 162 165 171 183 186 183 166 153 156 170 173 160 141 133 130 131 133 122 118 118 118 123 128 144 147 129 94 90 93 95 84 76 70 66 67 66 64 67 73 68 39 336 357 45 60 76 72 51 47 46 43 39 37 36 35 34 47 40 47 45 41 41 39 33 26 28 35 39 37 35 21 20 19 19 18 16 14 12 11 7 2 0 6 13 17 14 10 8 20
324 319 317 323 320 321 353 135 163 178 192 197 184 169 164 156 171 172 158 145 137 134 139 140 130 124 122 128 144 149 153 151 127 105 99 98 97 84 68 61 62 68 68 63 62 68 66 44 351 349 40 60 60 70 49 44 43 42 39 37 37 51 34 46 45 46 46 44 45 44 44 34 22 26 37 40 36 36 36 21 19 18 17 15 13 12 11 8 3 5 13 28 30 24 22 21
333 324 312 310 312 308 308 100 156 182 198 196 189 167 163 164 173 168 157 149 139 137 142 139 129 123 122 130 150 161 160 158 146 125 111 103 93 72 68 67 68 71 70 65 63 63 59 42 4 356 36 59 60 70 49 46 44 42 40 38 38 52 51 51 46 31 45 46 44 46 26 42 21 25 27 37 39 23 37 38 37 32 33 17 15 14 16 15 10 8 11 9 7 18 6 6
345 336 321 316 317 312 304 336 131 181 204 206 180 183 171 168 171 169 161 153 144 143 146 143 134 128 129 133 147 162 168 164 157 144 129 112 95 77 73 73 75 75 70 64 61 59 55 41 13 5 33 54 56 68 64 46 45 43 41 39 38 38 54 54 49 32 31 45 47 47 27 41 20 22 35 40 40 39 39 40 39 36 20 32 18 30 32 34 18 14 7 1 1 4 5 5
346 337 326 323 321 317 311 310 38 190 218 210 204 193 184 165 159 168 161 154 148 148 148 143 137 139 148 141 143 156 165 162 158 153 142 143 92 78 83 84 83 81 73 66 60 57 53 43 22 15 35 50 53 67 64 63 45 61 42 40 39 39 55 55 53 33 31 45 47 48 45 39 21 21 35 37 37 23 38 37 23 21 35 20 19 30 19 30 31 13 20 0 0 0 2 3
337 333 328 325 318 314 310 291 288 279 242 208 202 200 190 169 156 156 157 153 149 152 151 143 138 148 159 149 150 154 160 159 162 158 150 116 91 84 86 90 87 81 75 70 62 55 51 43 29 23 37 47 50 49 63 62 61 60 59 40 39 39 56 52 35 51 48 30 46 46 45 40 21 20 32 30 28 34 36 37 39 37 20 33 32 31 30 17 24 19 5 2 359 2 2 360
327 325 324 318 311 310 301 268 252 229 218 201 196 187 187 176 163 156 153 151 150 152 154 148 142 150 155 151 147 157 160 162 165 171 171 131 106 105 103 97 88 83 82 78 65 53 49 43 33 30 37 45 48 49 60 55 57 59 58 58 40 39 55 49 35 45 46 48 46 45 42 40 31 32 32 19 18 18 34 39 40 37 22 20 18 29 15 14 12 9 6 3 3 0 359 360
326 319 313 308 306 310 292 249 237 217 207 202 193 184 179 176 169 157 158 150 152 167 155 150 144 147 152 149 155 159 160 164 165 184 181 150 116 105 103 98 91 89 89 87 73 54 49 44 37 34 39 45 48 48 48 48 48 46 44 42 56 55 53 52 51 47 32 45 44 42 41 40 39 38 35 28 16 16 28 25 38 35 32 32 16 14 24 11 23 9 7 4 16 1 359 356
335 329 317 308 304 307 281 245 234 221 208 201 193 184 181 180 172 156 146 147 150 153 154 148 145 153 147 147 146 154 158 159 171 186 177 158 131 109 101 99 97 95 92 90 82 62 54 48 41 38 41 46 48 48 48 49 48 46 45 43 41 55 54 53 52 35 33 30 29 27 26 25 24 37 39 33 19 16 19 40 26 35 20 17 14 13 19 9 10 20 7 18 1 0 1 359
