examples/cougarCreek-fire/createInputs/farsite/7a-cougarCreek-polygonIgnit/cougarCreekFire_08-13-2015_0000_217m_non_neutral_stability_vel.asc
ncols	146
nrows	140
xllcorner	610065.000000
yllcorner	5095217.000000
cellsize	216.586807
NODATA_value	-9999.000000
[rows 70 to 104 of 140, columns 0 to 79 of 146]
14.79 16.99 22.41 27.97 25.48 21.33 20.43 21.78 23.06 23.44 21.02 19.95 19.02 20.36 20.86 20.58 15.97 16.22 15.69 18.44 18.23 15.04 16.36 15.26 16.19 16.73 21.82 24.04 18.09 16.83 18.86 14.06 11.28 11.44 12.49 14.46 12.93 10.35 10.51 12.76 13.51 12.08 9.55 7.33 6.26 4.93 1.52 2.19 2.90 2.28 3.97 3.51 3.22 5.39 2.90 2.64 2.31 1.95 1.73 1.53 2.30 1.05 0.91 0.77 0.62 6.72 6.55 6.08 0.63 0.65 6.10 6.20 6.31 6.26 6.45 6.88 7.17 1.59 5.63 4.75
15.29 18.63 24.20 25.59 24.91 20.79 20.43 22.18 23.01 22.08 21.27 20.78 21.98 18.79 24.44 20.42 15.83 16.54 16.40 18.61 13.74 15.55 17.28 17.03 16.63 18.37 23.31 20.54 16.29 18.33 19.64 14.75 16.97 15.80 13.72 14.37 12.46 10.77 11.34 14.41 13.12 9.81 9.83 7.20 7.03 6.05 4.71 1.38 3.47 2.99 2.76 4.42 2.05 5.14 5.01 3.41 3.12 2.74 2.46 2.25 1.99 5.73 1.57 1.35 1.10 0.92 0.77 5.76 5.85 0.42 0.34 7.09 5.86 6.27 6.44 6.23 6.49 6.68 6.87 6.45
17.13 21.06 24.94 24.94 24.21 20.79 20.98 22.47 22.75 21.26 21.41 20.90 22.00 25.79 23.49 18.75 14.90 16.38 17.20 18.42 17.60 17.29 18.00 17.94 17.58 21.94 23.30 18.72 17.37 19.94 19.54 14.66 11.95 12.78 16.71 15.63 12.02 12.58 12.68 14.31 12.32 9.65 10.12 13.29 4.49 6.88 5.86 1.86 4.29 6.21 3.61 5.39 3.70 6.07 4.51 4.23 3.97 3.62 3.21 2.95 2.76 2.53 6.60 0.93 1.29 1.54 4.95 1.26 1.11 2.08 1.03 5.63 5.96 5.31 5.41 5.98 5.22 6.38 5.62 6.76
19.57 22.32 24.40 24.18 23.21 21.21 21.14 22.34 21.28 20.22 20.79 20.93 23.04 25.86 22.02 16.61 14.10 15.93 18.08 18.29 17.39 17.77 19.04 19.10 18.61 23.45 22.37 19.28 21.65 20.00 17.85 14.35 12.04 15.15 18.27 16.61 14.15 9.97 13.45 15.24 13.82 10.35 10.78 14.38 8.16 7.59 2.16 6.67 6.08 7.15 4.35 6.38 3.54 5.60 5.44 5.11 4.83 4.48 3.99 3.66 3.51 3.32 3.99 6.07 4.99 4.43 1.54 4.72 4.95 5.27 5.34 5.36 5.67 5.36 5.31 5.57 5.46 5.43 5.98 6.30
21.18 22.23 23.14 23.47 22.58 21.28 21.03 21.11 19.70 18.97 19.87 21.20 23.63 22.63 21.87 15.35 13.28 15.52 18.41 18.46 17.68 18.65 19.80 19.61 19.82 23.83 20.93 22.11 21.29 19.80 15.82 13.59 12.80 17.15 19.18 16.26 14.44 10.43 13.99 16.79 15.18 10.38 10.35 13.20 10.84 8.33 6.97 6.92 6.73 6.97 7.36 3.36 3.38 6.15 5.91 4.18 5.52 5.19 4.70 4.34 4.15 3.98 3.78 6.77 4.78 3.82 5.09 5.31 4.28 5.22 6.98 5.87 5.50 2.83 5.03 4.47 5.43 5.59 6.02 6.79
21.52 21.91 22.76 22.94 21.64 20.96 20.93 20.27 18.59 18.74 20.54 22.90 21.53 20.76 21.12 15.73 13.68 16.63 19.43 16.30 18.51 19.57 20.15 20.06 23.08 22.83 21.08 20.78 20.54 18.87 15.65 13.72 17.45 18.90 18.69 14.50 14.46 12.00 14.17 16.21 15.57 10.20 9.71 11.00 11.41 9.20 10.20 2.59 8.69 7.63 7.97 7.62 4.91 6.75 6.52 6.08 4.87 5.84 5.37 5.05 4.78 4.64 4.53 4.97 5.27 1.79 3.58 2.05 1.78 5.55 3.26 3.34 6.81 4.82 3.77 5.05 5.23 6.26 6.10 6.31
21.49 22.03 22.85 21.72 20.51 20.11 21.04 20.20 18.31 20.07 20.48 23.58 23.74 19.95 21.47 16.18 14.68 17.89 19.78 18.94 19.30 20.10 20.73 21.83 22.94 21.43 21.64 21.39 18.62 18.82 16.99 14.90 18.99 20.08 15.87 15.58 14.26 13.35 14.25 15.88 14.57 10.63 9.68 11.29 11.85 11.77 5.39 10.08 9.17 7.96 8.55 8.21 7.79 7.41 7.15 6.48 4.79 6.45 6.06 5.80 5.49 5.33 5.23 5.03 6.61 4.42 4.70 4.74 2.45 3.62 6.94 6.01 5.41 6.50 6.49 9.03 5.29 6.46 7.18 5.30
21.57 22.14 22.67 20.58 19.91 20.66 21.93 20.13 19.65 21.96 22.54 27.70 24.32 23.04 21.35 15.87 15.09 18.05 19.20 19.20 19.86 20.58 22.22 24.02 20.20 20.83 21.66 20.73 19.13 19.83 18.61 16.10 19.87 19.07 15.76 15.50 16.40 13.67 14.74 16.53 14.13 12.18 11.32 11.52 12.34 12.61 10.10 10.62 9.72 8.44 9.16 8.81 8.34 8.07 7.81 7.11 4.86 7.09 6.85 6.62 4.90 5.98 5.90 5.75 6.49 5.80 5.94 5.73 3.79 2.92 5.19 6.81 8.39 7.64 5.27 5.49 5.72 7.76 8.40 6.53
21.53 22.01 22.40 20.03 20.01 21.14 22.03 19.86 20.79 22.80 25.05 23.53 23.42 22.72 20.21 15.07 15.23 18.19 19.36 19.68 20.64 22.05 24.50 22.18 17.10 19.56 20.30 20.21 19.55 20.66 21.47 16.60 18.49 16.97 16.56 17.51 16.27 14.07 16.69 18.80 13.48 12.20 12.12 11.80 12.62 12.60 11.51 8.00 10.41 8.81 8.98 9.42 8.91 8.63 8.46 8.39 4.66 5.24 5.19 7.40 6.94 6.64 6.54 6.43 6.39 6.38 5.35 5.34 3.22 5.76 5.73 5.76 6.62 7.25 6.00 6.25 10.25 9.27 3.83 5.59
21.43 21.90 22.28 19.96 19.59 21.12 21.72 20.26 21.05 22.45 23.70 21.24 20.05 22.34 18.33 14.48 16.24 19.02 19.73 20.41 22.23 24.25 25.37 24.61 20.61 18.36 19.59 20.55 19.92 20.76 21.56 16.73 15.94 17.02 16.31 17.38 16.13 14.15 18.89 18.89 13.89 12.38 12.10 12.21 12.77 12.18 11.72 11.39 7.23 10.78 9.30 10.05 9.38 9.04 9.15 10.90 8.93 4.71 7.80 8.06 7.74 7.38 7.23 7.12 7.01 8.29 3.13 2.95 2.94 6.60 6.58 6.71 6.74 5.11 8.02 9.12 7.15 7.52 3.69 4.68
21.27 21.77 22.25 19.18 19.23 20.84 21.69 21.25 21.42 22.23 22.41 20.46 22.78 22.32 16.97 15.28 18.24 19.78 20.36 22.32 24.41 26.00 23.32 22.98 14.12 17.45 18.87 19.99 20.98 19.76 20.92 17.43 15.89 19.01 16.77 17.71 16.48 14.67 18.51 16.82 14.14 13.41 12.22 12.41 12.48 12.07 12.01 13.35 13.49 11.67 11.02 10.60 9.67 9.49 9.99 10.10 9.65 3.26 9.72 8.76 8.60 8.23 8.04 4.61 7.46 7.75 5.86 3.15 3.94 3.94 4.09 4.49 7.62 7.59 5.31 7.43 7.74 8.32 9.35 6.17
21.17 21.69 22.16 18.54 20.26 21.06 21.87 22.33 21.30 21.15 20.31 21.22 23.91 21.95 16.80 17.07 19.60 20.49 22.22 24.49 25.80 23.84 25.44 21.30 15.10 16.05 18.22 20.45 20.81 17.07 19.77 19.20 19.02 18.86 17.10 15.04 14.10 16.68 19.60 17.22 15.93 15.38 13.55 12.41 11.80 12.30 12.56 12.32 15.15 12.63 11.71 10.94 9.96 10.36 11.07 9.26 4.69 9.59 10.90 9.54 9.42 9.14 8.93 8.54 7.64 8.27 9.92 5.38 5.13 4.97 3.65 6.22 5.59 8.55 8.59 8.46 8.43 9.08 10.34 8.21
21.08 21.59 21.91 18.21 20.49 21.34 21.80 22.65 20.64 18.85 18.55 20.80 24.19 21.21 17.73 18.78 20.33 21.94 24.19 25.33 26.17 21.54 23.62 19.88 14.67 15.30 18.49 21.37 20.09 16.40 19.26 21.40 20.50 17.14 16.57 14.70 14.36 18.37 17.57 17.18 16.31 16.03 14.87 13.13 11.77 12.06 12.85 12.90 18.26 11.82 12.33 11.19 10.72 11.78 10.44 9.67 10.65 5.81 10.17 11.66 8.39 9.98 9.79 9.36 8.87 8.81 9.32 8.40 6.22 7.87 6.34 6.42 9.94 5.56 9.54 5.25 8.07 9.75 10.35 9.65
21.00 21.46 21.52 20.73 20.78 21.23 21.58 22.88 20.16 17.71 19.51 21.81 22.80 20.86 16.70 20.12 21.70 23.49 24.78 25.09 25.03 22.56 21.80 19.19 13.88 17.30 19.49 21.71 20.74 18.13 20.81 22.47 19.34 17.47 16.51 15.11 17.40 17.80 16.76 17.15 16.98 15.31 16.28 13.74 14.80 14.21 13.39 17.85 15.84 13.29 10.87 11.76 12.19 12.86 8.68 9.81 11.02 10.67 9.96 12.25 11.67 9.26 5.32 10.22 9.91 9.54 9.81 10.49 7.57 8.02 7.02 6.41 10.71 11.34 7.83 7.07 7.53 10.51 11.03 9.60
20.96 21.28 21.18 20.80 21.03 21.21 21.71 22.77 19.72 18.91 20.22 23.40 20.74 21.00 19.95 21.73 25.59 24.19 25.15 25.16 23.53 24.15 20.33 18.59 17.29 17.97 19.96 22.17 21.83 18.64 19.25 19.73 20.35 18.69 16.73 17.39 20.15 18.53 16.74 17.38 18.20 17.93 16.57 15.65 15.25 14.79 14.02 14.10 16.25 14.43 11.86 12.92 14.32 11.47 10.32 11.57 11.55 11.87 11.42 11.41 12.41 10.83 10.82 10.15 5.60 5.24 10.31 11.41 11.07 8.56 7.30 7.27 8.82 11.89 10.31 9.02 8.26 9.46 10.64 11.47
20.90 21.09 21.02 21.01 21.30 21.35 21.78 21.77 19.70 20.86 21.78 26.58 20.21 18.38 21.31 22.99 23.83 24.90 24.84 23.68 22.39 22.35 19.08 17.80 16.99 18.47 21.12 22.12 22.05 21.54 16.56 18.85 19.84 19.07 17.70 19.37 20.13 18.06 17.58 18.58 20.15 18.80 16.14 15.60 15.80 15.41 14.73 14.57 15.01 15.10 14.48 14.12 14.12 13.26 12.57 12.51 12.37 12.42 12.45 12.31 12.34 11.45 11.66 12.23 9.40 8.50 10.30 11.45 12.26 11.25 10.26 8.02 7.89 10.04 11.09 10.51 10.28 10.35 12.76 12.31
20.80 20.89 20.92 21.22 21.41 21.25 21.47 21.41 20.43 20.45 23.20 22.96 23.81 19.94 22.29 23.10 23.81 23.87 22.55 22.98 24.23 20.74 18.15 12.93 17.19 19.62 20.10 21.93 21.87 17.93 16.14 21.36 19.08 19.95 17.97 19.89 19.27 18.60 18.57 20.44 19.32 18.41 15.39 15.66 16.38 16.01 15.36 15.20 15.60 15.75 15.34 14.92 14.28 13.56 13.34 13.47 13.32 13.02 13.16 13.17 12.95 12.62 12.50 12.78 10.84 10.14 11.38 12.10 12.69 12.85 13.43 9.80 8.83 9.64 11.06 12.82 11.91 13.17 13.67 13.49
20.61 20.73 21.11 21.49 21.42 21.32 21.43 21.21 20.89 21.30 23.93 22.40 23.71 19.82 21.43 22.79 24.41 22.08 21.94 21.90 22.79 19.28 17.40 17.03 16.19 19.22 19.94 22.12 21.46 19.77 19.72 22.48 21.62 20.75 19.60 19.57 19.65 19.05 20.93 21.72 20.78 17.57 15.26 15.89 16.95 16.72 16.11 16.02 16.09 16.19 15.93 15.52 14.80 14.18 14.14 14.35 14.17 13.71 13.84 13.90 13.60 13.39 13.37 13.50 12.19 11.66 12.74 12.60 12.99 13.33 13.57 13.19 11.21 10.69 10.10 10.56 10.33 11.46 12.93 10.49
20.42 20.84 21.54 21.55 21.45 21.65 21.01 21.29 21.48 22.08 24.24 22.69 23.76 18.37 20.32 22.49 24.27 20.60 21.81 24.10 20.80 18.01 16.96 16.58 17.42 18.33 19.94 21.17 21.28 20.71 22.92 23.32 19.77 21.22 19.71 19.03 19.88 19.38 20.23 20.36 19.58 17.52 16.13 16.43 17.55 17.56 16.87 16.45 16.39 16.62 16.48 16.20 10.74 14.97 14.90 15.08 14.92 14.53 14.58 14.58 14.36 14.26 14.22 14.25 12.65 11.88 12.81 13.11 13.27 13.52 14.23 14.61 13.06 11.30 14.57 14.44 14.75 14.95 14.91 11.18
20.42 21.00 21.59 21.23 21.32 21.45 20.33 21.27 21.64 22.24 24.11 23.17 23.78 21.38 19.66 22.90 23.90 21.64 21.49 22.58 19.25 17.36 16.74 15.98 17.53 19.00 20.76 21.89 21.70 21.35 21.90 22.77 20.63 21.33 19.95 19.47 19.82 19.50 20.61 19.74 19.02 18.43 17.72 17.31 18.10 18.18 17.17 16.65 16.94 17.21 17.13 17.00 11.67 11.27 15.61 15.72 15.67 15.42 15.35 15.32 15.20 15.10 15.06 13.19 13.22 11.79 12.22 13.34 12.89 12.86 13.60 14.98 15.88 15.13 12.68 11.41 11.64 15.87 15.87 15.64
20.46 21.00 21.37 21.07 21.20 21.19 21.13 21.40 21.63 22.18 24.04 24.09 23.67 21.06 19.14 23.44 23.59 20.33 19.64 21.40 18.80 17.26 16.78 17.09 18.32 20.23 21.92 22.42 21.58 22.51 23.78 22.55 21.07 21.71 20.34 19.21 19.54 19.67 19.45 19.49 19.41 19.53 18.96 18.18 18.51 18.31 17.34 17.26 17.70 17.81 17.89 17.83 17.33 12.11 16.43 16.40 16.47 16.31 16.12 16.12 16.13 13.52 15.97 14.39 14.20 13.47 12.26 12.99 12.42 12.17 12.29 14.28 15.74 16.27 16.23 13.89 13.54 13.67 12.76 16.49
20.28 20.88 21.26 21.12 21.35 21.38 21.39 21.62 21.82 22.31 25.55 22.88 22.72 15.95 19.12 22.55 22.18 22.95 21.99 20.67 18.55 17.17 16.13 17.86 19.29 21.59 24.16 22.67 22.63 23.61 22.84 21.25 19.90 21.20 19.59 18.53 19.25 19.67 19.31 19.76 20.28 19.99 19.42 18.99 18.54 18.39 17.94 18.19 18.35 18.45 18.73 18.65 18.15 12.48 17.42 17.15 17.25 17.18 16.92 16.96 17.04 14.11 14.40 13.61 14.86 16.65 14.27 13.36 13.07 12.11 16.30 12.28 16.39 17.10 17.42 15.55 14.54 17.28 14.85 13.31
19.95 20.75 21.37 21.23 21.51 21.29 20.98 21.51 21.69 22.11 24.31 21.58 17.93 18.22 19.37 20.88 21.02 18.93 21.53 20.35 18.42 17.43 18.70 18.71 20.35 22.43 21.56 21.97 23.79 24.28 20.66 22.31 20.81 19.64 18.71 18.52 19.84 19.45 21.89 23.82 21.08 20.03 23.35 20.13 19.39 18.72 18.76 18.89 19.02 19.26 19.56 19.43 19.06 12.75 12.37 17.95 18.08 18.06 17.76 17.82 17.92 17.97 14.56 13.60 14.86 17.44 17.77 15.45 13.81 13.31 17.14 13.18 17.22 17.98 16.95 15.30 14.80 14.51 14.37 13.78
19.50 20.72 21.73 21.24 21.21 20.65 20.29 21.04 21.22 21.68 22.98 21.26 21.46 19.35 21.41 19.86 20.94 20.38 21.49 20.26 18.71 18.21 19.39 19.38 20.87 24.40 21.85 22.49 22.78 22.03 19.78 20.88 19.49 19.02 18.88 20.66 19.11 18.97 19.83 21.57 21.52 20.05 20.20 20.86 19.43 18.74 19.11 19.06 19.41 19.70 19.87 19.76 19.55 13.57 12.95 13.55 18.55 13.99 18.20 18.21 18.36 18.58 14.25 13.13 13.54 17.89 18.27 16.25 14.84 13.84 13.43 14.25 17.67 18.47 16.61 15.65 14.93 18.81 13.33 13.22
19.41 20.94 21.93 16.38 20.43 20.05 19.84 20.56 21.14 21.76 22.51 22.38 20.43 21.52 21.42 21.31 20.54 20.66 21.43 20.34 19.04 18.57 19.01 20.53 20.68 24.81 22.95 21.68 19.60 20.01 20.04 17.38 18.46 20.59 21.03 19.20 19.43 19.27 20.77 22.84 21.98 20.45 20.66 20.61 19.12 18.86 19.35 19.33 19.67 19.96 20.09 20.08 19.84 19.64 13.14 13.32 13.18 12.81 13.79 18.50 18.68 19.04 14.78 13.71 18.48 13.08 15.23 18.69 15.11 14.38 13.36 14.19 18.03 18.76 16.74 17.52 18.25 16.13 14.64 14.38
19.97 21.12 21.46 20.30 20.01 19.78 19.57 20.45 21.45 22.12 22.43 22.16 21.97 19.14 21.62 19.16 19.83 21.08 18.56 20.34 18.77 18.32 18.75 19.12 20.86 22.88 22.60 19.51 20.90 20.18 20.68 19.21 20.50 21.44 19.29 19.74 20.17 20.31 22.06 26.69 22.00 20.55 20.38 19.71 19.03 19.23 19.69 19.66 19.75 20.14 20.39 20.34 20.04 19.86 13.68 15.23 14.27 13.30 12.79 13.68 18.95 19.36 14.15 13.93 19.36 14.32 13.73 13.76 14.23 14.19 13.79 13.43 16.94 16.89 16.91 18.42 18.67 19.42 15.91 14.30
20.54 20.76 20.54 19.96 19.62 19.38 19.62 20.69 21.54 22.09 22.14 21.86 21.92 19.93 19.14 18.66 20.27 21.89 18.52 19.86 18.22 19.07 18.76 19.83 22.28 25.43 20.78 18.53 19.93 23.34 20.92 21.53 19.71 19.49 19.91 20.54 20.73 20.91 26.03 23.21 21.57 20.37 19.90 19.14 19.04 19.61 20.02 19.89 19.82 20.30 20.61 20.53 20.35 20.14 20.07 20.03 19.91 19.71 19.45 19.25 13.55 14.76 14.07 14.43 14.26 14.60 19.04 13.86 13.59 14.05 13.88 13.96 14.16 14.45 15.63 17.43 18.56 19.23 19.68 19.97
21.26 20.58 19.93 19.67 19.17 19.00 20.09 20.71 21.02 21.67 21.72 21.64 22.07 20.75 22.10 21.30 20.51 20.66 17.70 19.07 18.08 18.84 20.04 21.82 23.44 21.37 18.97 20.23 20.62 21.00 20.93 20.34 20.13 20.47 20.88 21.02 20.91 21.08 22.16 22.81 21.60 20.51 19.78 18.96 19.15 19.89 20.19 20.06 20.02 20.39 20.75 20.86 20.70 20.36 20.37 20.58 20.47 20.10 19.83 19.78 19.84 14.05 14.86 14.88 14.56 19.94 19.37 19.15 19.14 19.10 18.98 19.01 18.97 14.34 14.39 16.18 18.44 18.88 19.88 17.56
21.49 20.40 19.24 19.33 18.73 19.39 20.64 20.46 20.77 21.61 21.42 21.66 22.40 20.08 22.08 21.45 19.63 19.12 16.95 18.54 18.93 20.57 22.13 23.07 23.11 19.42 19.37 20.92 21.17 21.15 20.91 22.98 20.82 21.29 24.11 23.39 24.43 24.44 25.61 25.41 21.96 20.97 19.86 18.98 19.32 19.96 20.11 20.09 20.11 20.52 21.15 21.33 20.86 20.53 20.85 21.12 20.91 20.45 20.20 20.23 20.15 20.09 20.09 20.17 14.86 20.23 19.77 19.52 19.47 19.51 19.40 19.36 19.29 14.25 14.33 14.56 17.06 18.68 19.62 19.87
20.43 20.12 19.15 18.46 18.73 20.18 20.60 20.41 21.06 21.36 20.96 21.93 22.74 22.46 22.26 21.55 20.97 20.74 19.61 19.33 20.56 22.27 22.93 22.33 20.02 19.83 21.14 21.45 20.32 21.13 20.72 20.73 21.16 24.66 23.62 23.52 23.63 23.46 23.86 25.94 23.10 21.80 19.73 18.86 19.18 19.78 20.02 19.93 20.04 21.15 21.98 21.53 20.72 20.83 21.48 21.59 21.23 20.76 20.57 20.59 20.37 20.18 20.26 20.42 20.60 20.51 20.20 20.00 19.89 19.98 14.85 14.80 14.78 19.14 14.08 14.05 15.39 18.78 19.34 20.32
19.77 20.48 19.25 17.26 19.09 20.68 20.09 20.62 21.04 20.52 20.82 22.55 22.93 19.38 22.00 20.82 20.51 20.49 19.98 20.41 21.28 22.32 21.73 19.35 20.88 21.26 21.48 21.72 18.74 21.05 23.23 21.22 21.68 21.84 23.14 22.32 22.84 19.88 19.69 22.44 25.22 22.14 18.97 18.47 18.87 19.74 20.03 19.70 20.20 22.15 22.62 21.32 20.64 21.41 22.14 21.91 21.47 21.09 20.93 20.89 20.61 20.35 20.46 20.71 20.93 20.80 20.48 20.47 20.50 15.40 14.81 14.12 14.45 14.35 14.49 18.52 18.71 15.20 19.30 20.22
20.09 20.21 18.31 17.37 19.94 20.48 20.02 20.97 20.83 19.91 21.21 22.55 22.20 21.79 21.12 20.27 20.56 20.56 20.23 20.59 20.59 20.42 19.89 21.76 21.29 21.80 21.84 19.44 18.28 20.44 21.16 24.77 23.81 22.82 21.69 21.47 19.92 20.18 21.32 24.97 25.79 20.74 17.93 18.16 18.85 19.92 19.96 19.69 20.70 22.53 22.73 21.46 21.04 22.10 22.65 18.86 18.05 18.15 21.22 21.15 20.93 20.69 20.74 20.97 16.48 15.00 15.82 20.85 21.13 20.77 14.79 14.80 14.55 14.72 19.48 19.24 14.43 14.13 16.02 18.75
19.66 19.28 18.84 18.57 19.59 20.24 20.39 20.78 20.01 19.74 21.24 21.79 21.40 21.28 20.81 20.72 20.92 20.68 16.90 20.35 17.41 19.15 19.49 21.14 22.21 22.00 22.26 20.05 21.15 21.00 21.86 22.21 22.94 22.54 21.85 22.06 23.55 24.98 25.94 25.90 23.51 18.99 17.50 18.22 23.41 19.94 24.27 24.40 20.88 22.13 22.90 22.28 21.78 22.64 17.17 16.29 14.82 15.41 17.85 21.49 21.35 21.11 21.05 21.18 21.46 21.33 20.90 21.17 21.55 21.18 20.57 20.11 19.95 19.89 14.85 19.39 19.30 19.47 15.02 16.62
19.00 19.07 19.69 19.37 18.87 20.39 20.81 20.11 19.46 19.74 21.11 21.42 21.59 21.38 20.87 21.30 21.28 21.00 20.65 19.80 19.01 19.44 20.70 22.44 22.49 21.89 22.18 20.61 22.25 21.72 23.39 22.65 22.68 22.79 22.33 22.02 23.03 23.43 23.38 22.63 20.02 18.96 18.07 18.47 23.41 23.85 24.02 20.10 25.62 26.75 23.08 22.82 22.52 23.11 20.20 18.48 17.55 17.76 21.80 22.04 21.80 21.40 21.30 21.42 21.75 21.64 21.26 21.54 21.81 21.53 20.92 20.40 20.46 20.46 15.35 19.48 14.84 15.31 15.82 17.36
18.53 18.66 19.15 19.19 18.75 19.95 20.89 19.45 18.80 20.02 21.10 21.64 21.85 21.04 21.45 21.75 21.43 21.13 20.59 16.61 19.35 20.43 21.70 22.73 21.72 21.70 22.25 20.37 22.54 22.80 21.09 21.70 22.53 22.68 22.73 20.67 21.17 22.62 23.24 23.29 23.07 21.30 21.59 23.23 23.97 19.66 19.87 20.42 25.92 26.90 28.06 26.22 23.23 23.88 23.64 19.99 18.56 21.52 22.16 22.64 19.16 18.38 21.57 21.83 22.16 22.03 21.73 21.96 16.22 17.09 16.20 15.68 20.87 16.22 15.85 19.74 19.84 15.63 15.84 17.02
