examples/cougarCreek-fire/createInputs/farsite/7a-cougarCreek-polygonIgnit/cougarCreekFire_08-11-2015_0300_217m_non_neutral_stability_vel.asc
ncols	146
nrows	140
xllcorner	610065.000000
yllcorner	5095217.000000
cellsize	216.586807
NODATA_value	-9999.000000
[rows 70 to 104 of 140, columns 0 to 78 of 146]
18.22 19.21 22.86 26.58 25.12 22.63 20.54 19.36 18.90 18.55 17.92 17.06 15.51 14.11 13.85 13.98 13.92 19.86 24.57 19.61 19.71 18.12 15.96 14.78 9.56 10.18 12.67 16.84 18.51 17.43 21.00 24.32 21.12 19.24 23.66 17.38 18.57 20.80 16.52 12.47 18.47 21.61 23.18 21.60 16.97 11.90 20.02 17.24 12.45 11.58 10.87 14.44 14.29 13.38 13.10 8.53 11.48 11.05 8.91 10.49 12.44 11.20 8.79 7.29 6.58 5.93 5.37 9.09 5.92 6.93 8.58 9.97 12.00 11.74 10.75 10.16 10.42 10.48 15.17
18.33 20.48 24.84 25.24 22.33 19.41 17.61 17.01 16.96 16.73 16.51 16.60 15.86 14.86 14.89 14.79 14.15 20.11 24.89 20.29 19.48 18.39 14.92 10.90 11.41 12.87 16.47 18.93 17.28 16.60 21.98 24.82 23.12 15.58 20.74 15.58 15.36 13.30 15.39 13.57 19.95 23.08 23.56 23.77 20.52 13.96 10.81 15.22 18.80 12.38 11.91 10.51 13.05 13.29 14.34 9.81 6.96 11.23 6.86 6.26 10.13 12.50 11.85 10.42 8.73 7.32 6.12 5.46 9.55 5.48 5.98 7.40 10.08 9.35 9.33 10.33 11.63 12.34 13.21
20.27 23.42 26.25 24.20 21.02 18.44 16.93 16.23 15.90 15.67 15.78 16.25 16.74 17.40 17.17 15.45 14.00 20.11 20.91 20.73 20.96 16.81 12.16 12.74 13.38 15.43 18.05 17.12 14.40 16.31 22.78 23.25 17.08 23.82 14.82 17.62 24.52 12.78 15.29 11.27 20.76 24.30 22.13 23.50 22.79 16.92 16.87 11.83 14.43 11.68 7.67 10.25 13.82 9.24 11.56 14.30 5.76 5.40 11.49 3.65 4.07 8.78 10.74 10.90 10.22 9.51 8.88 7.85 6.87 6.13 9.58 9.43 8.93 7.43 7.94 8.65 11.56 12.11 13.89
22.85 24.82 25.03 21.94 19.40 17.75 16.88 16.27 15.59 15.00 14.94 15.65 16.80 17.80 17.08 14.98 20.95 19.41 20.08 24.89 20.46 12.42 13.40 14.12 15.11 16.98 17.30 14.83 14.57 19.17 23.21 20.32 14.26 20.05 13.61 17.61 17.98 13.24 17.91 10.50 21.06 24.86 19.70 21.28 24.79 20.80 15.42 20.38 18.22 17.48 11.61 11.06 14.37 5.83 11.29 5.31 4.97 4.09 3.38 3.18 1.55 3.79 6.75 8.03 8.38 8.20 8.38 8.59 8.16 7.43 8.25 8.10 8.90 9.14 9.60 11.09 11.63 11.68 13.68
24.10 23.77 21.93 19.46 17.68 16.61 16.15 15.58 14.65 13.69 13.34 14.01 14.71 14.60 13.85 13.38 12.95 18.35 16.91 21.45 17.99 13.08 14.17 15.19 16.82 18.42 17.62 16.29 17.79 20.98 21.25 17.12 13.06 13.17 17.22 21.17 19.56 14.15 10.53 12.75 21.80 24.54 19.17 19.28 23.84 22.87 17.98 14.38 20.69 14.73 17.84 16.23 14.43 8.63 7.03 13.23 8.77 3.24 2.75 5.00 2.51 0.41 3.05 5.14 5.94 5.83 5.71 10.38 10.78 11.39 9.79 10.62 11.27 11.59 11.12 10.96 11.15 11.35 12.45
23.40 22.18 20.23 18.59 16.86 15.63 15.02 14.51 13.83 13.03 12.57 13.15 13.50 12.99 12.56 12.70 21.85 13.36 13.32 26.28 13.28 13.98 14.96 16.64 18.99 19.67 18.67 18.43 18.87 19.21 18.51 15.88 13.76 16.03 21.17 22.58 18.65 27.99 12.72 15.55 21.88 23.10 19.06 16.93 19.31 22.16 20.21 15.27 21.07 13.90 18.10 15.36 13.32 9.22 8.55 9.09 13.03 12.92 9.32 14.42 3.50 2.18 0.15 2.55 4.24 4.71 4.43 3.93 7.36 9.93 9.61 9.69 9.75 10.37 11.03 11.07 10.82 11.84 11.52
22.54 21.47 19.60 17.63 15.64 14.46 14.17 14.29 14.30 14.39 14.72 15.45 15.38 14.57 13.75 13.20 27.86 13.69 20.23 20.60 14.22 15.21 16.69 19.05 20.30 19.20 18.16 18.12 17.60 17.29 17.72 16.10 15.72 20.20 23.82 21.73 17.23 14.41 14.22 16.71 20.32 20.54 17.17 14.64 15.38 19.88 21.09 16.70 13.47 15.76 16.59 14.72 14.82 9.02 9.42 8.70 12.30 14.45 10.53 9.81 3.53 3.44 2.09 0.32 2.12 2.81 2.83 6.71 1.95 7.72 8.63 8.62 8.91 9.39 11.45 12.22 10.15 11.03 12.25
21.87 20.85 18.79 16.65 14.95 14.36 14.66 15.17 15.89 16.97 19.05 19.72 18.51 16.86 15.36 14.07 26.18 13.13 20.73 14.07 15.23 16.90 19.17 21.06 28.17 18.50 17.67 17.20 16.60 17.06 18.22 27.73 18.99 22.83 22.64 18.80 15.31 25.83 12.86 14.75 17.45 17.53 15.47 13.66 13.13 16.71 20.12 17.98 14.62 14.73 13.88 15.52 12.79 8.97 9.80 9.24 13.88 10.29 6.69 6.15 13.51 4.63 3.63 1.41 1.11 4.88 4.79 4.62 4.55 5.99 8.15 7.94 8.42 8.83 11.16 7.08 10.68 11.51 8.42
21.10 20.13 18.17 16.47 15.46 15.26 15.51 15.92 16.90 18.04 19.18 19.75 18.11 16.68 15.42 14.21 21.64 13.27 13.79 14.80 16.64 19.19 21.46 21.78 19.86 18.04 16.89 16.32 16.58 17.73 19.24 20.14 21.24 21.53 19.22 15.84 13.00 23.10 10.94 14.02 16.50 15.74 14.57 13.58 12.91 14.36 16.88 17.41 15.79 16.33 13.67 15.88 13.98 8.19 8.73 9.75 15.48 13.68 10.76 7.21 11.06 4.68 4.71 2.58 1.87 4.41 2.08 4.89 2.11 1.76 1.62 6.09 8.20 8.19 10.10 5.65 8.26 8.93 8.14
20.56 19.67 17.96 16.64 15.82 15.41 15.36 15.61 16.18 16.73 16.62 15.80 15.22 15.19 14.49 13.84 13.88 14.50 15.22 16.62 19.11 21.40 22.20 20.67 17.99 16.53 15.53 15.08 15.99 17.58 19.26 19.45 18.21 17.52 16.23 13.54 10.85 21.58 10.66 14.42 16.31 15.00 13.95 13.41 13.17 12.75 12.70 15.08 16.53 15.09 14.85 16.35 15.37 6.36 12.16 11.83 9.18 15.69 8.33 7.46 6.28 11.40 6.22 4.16 2.48 2.41 2.32 2.02 2.14 2.09 2.14 2.50 2.49 6.65 8.84 9.87 6.08 8.21 8.54
20.00 19.24 17.83 16.65 15.68 15.30 15.38 15.55 15.58 15.38 14.79 14.40 14.96 15.43 14.80 24.51 15.61 16.51 17.67 20.05 22.11 22.58 21.51 18.88 16.46 15.32 14.34 14.28 15.68 16.51 16.57 15.46 14.42 15.21 15.03 12.26 9.47 21.00 11.61 14.53 15.11 14.27 13.69 15.32 13.17 11.99 9.38 11.89 15.87 15.98 18.29 12.53 16.27 9.97 12.66 11.37 7.79 5.64 4.18 6.49 5.59 5.49 5.56 13.93 3.00 1.91 2.14 2.20 2.46 2.35 2.13 2.88 3.30 3.08 6.77 9.78 3.19 6.24 10.35
19.56 18.91 17.61 16.40 15.73 15.95 16.23 16.18 15.98 15.52 14.89 14.99 15.99 16.26 15.94 16.50 17.48 18.74 21.02 22.86 22.94 22.01 20.12 17.39 15.52 14.32 13.37 14.15 15.53 14.85 13.83 13.43 14.34 15.90 14.48 10.63 7.99 8.70 12.00 13.92 13.71 13.93 13.78 13.65 12.89 11.34 9.80 9.73 13.54 15.49 13.55 10.39 17.18 10.77 13.71 11.57 8.02 6.04 5.89 5.75 4.98 4.86 4.85 4.29 8.13 2.37 1.55 2.41 2.57 2.46 2.26 5.73 3.40 3.72 3.17 2.16 2.22 4.80 7.94
19.06 18.50 17.27 16.29 16.14 16.49 16.49 16.37 16.20 15.66 15.21 15.92 17.08 16.87 16.71 17.63 18.91 20.83 22.62 22.50 21.40 20.21 17.99 15.59 14.19 13.35 13.39 14.44 14.65 13.52 12.88 13.87 15.82 15.74 12.56 8.60 6.44 8.02 11.72 13.24 13.43 14.06 14.12 13.70 12.39 12.37 9.85 9.91 12.49 14.30 12.93 10.21 9.41 13.24 14.21 11.12 9.43 8.37 7.12 6.67 13.08 4.96 3.96 3.45 3.32 2.93 1.99 10.10 2.58 5.85 2.48 1.94 7.92 3.62 3.83 3.44 11.25 4.52 10.54
18.65 18.16 17.04 16.35 16.37 16.48 16.37 16.30 15.97 15.44 15.78 17.73 18.81 17.71 27.54 18.36 20.26 21.70 21.51 20.43 19.84 18.67 16.27 14.36 13.43 13.27 13.82 14.13 13.66 12.98 13.02 14.36 15.07 13.28 10.19 7.05 5.78 7.82 10.77 12.50 14.05 15.35 16.34 13.52 11.92 12.73 11.29 10.69 13.12 14.12 12.45 17.81 11.78 14.55 13.45 10.76 10.36 9.07 8.26 8.15 7.54 10.60 4.56 3.12 2.69 10.44 2.84 5.31 2.56 2.46 2.41 1.87 8.82 6.47 4.80 4.70 5.88 8.24 8.63
18.57 18.16 17.25 16.85 16.90 16.90 16.78 16.57 16.13 15.93 17.13 19.66 20.20 19.13 19.05 20.03 20.96 20.97 20.20 19.42 18.66 16.88 14.67 13.30 12.58 12.59 12.95 12.78 12.56 12.47 12.78 13.04 12.33 11.21 12.48 11.52 5.77 7.53 9.33 11.34 15.03 16.57 14.36 14.48 13.34 12.49 9.88 10.79 13.15 11.23 12.67 10.89 12.29 13.34 12.68 11.79 11.25 11.24 10.40 9.42 9.09 9.39 6.99 9.17 3.72 3.99 4.18 4.82 5.68 2.51 2.61 2.46 8.20 8.32 8.17 6.89 5.62 8.36 7.93
18.57 18.24 17.67 17.55 17.56 17.41 17.15 16.77 16.53 17.03 18.85 20.96 20.65 19.89 20.33 20.67 20.23 19.55 19.08 18.43 17.18 14.95 12.85 11.62 10.98 11.03 11.32 11.35 11.36 11.11 10.67 10.48 10.30 10.10 13.07 7.43 6.81 7.42 8.22 11.48 16.26 16.03 11.61 10.63 11.37 11.99 10.54 10.88 12.53 13.98 13.72 11.08 12.81 13.15 13.17 12.76 12.25 11.95 11.40 10.74 10.31 10.11 8.46 8.25 16.93 14.63 7.72 5.63 4.88 6.78 5.90 3.33 5.95 5.26 9.52 5.92 5.73 7.05 3.59
18.62 18.29 17.91 17.98 17.93 17.63 17.33 17.04 17.05 18.03 20.01 21.26 20.16 33.85 19.56 19.52 19.04 18.54 17.53 16.45 15.20 13.35 11.70 10.56 19.35 10.14 10.40 10.40 10.31 9.75 9.18 10.71 10.17 9.76 19.84 8.59 8.21 8.24 9.25 13.21 15.98 12.92 9.14 6.80 8.49 11.78 9.49 11.79 12.77 14.38 15.21 16.05 18.43 15.24 14.41 13.55 12.81 8.45 12.55 12.08 11.11 9.98 9.56 9.21 12.50 17.16 9.01 7.21 6.91 7.24 2.74 10.68 8.87 5.84 6.80 7.95 7.31 8.27 1.04
18.65 18.46 18.47 18.66 18.38 18.16 18.20 18.24 18.58 19.54 20.80 21.10 19.82 33.93 18.63 18.14 17.88 17.28 16.15 15.23 13.72 11.63 10.34 9.66 9.37 9.34 9.43 9.75 9.93 9.72 9.99 10.84 10.78 10.10 9.58 9.18 8.86 8.76 9.95 12.28 13.29 11.47 9.49 9.93 4.93 10.93 7.79 12.68 5.78 8.23 10.61 16.15 15.85 15.34 14.85 14.29 13.33 12.83 13.38 9.92 10.79 9.39 11.61 10.44 12.15 5.88 8.71 7.73 7.58 6.42 7.12 5.33 5.24 5.46 5.61 4.46 3.57 6.52 8.16
18.55 18.61 18.81 18.81 18.49 18.47 18.61 19.02 19.79 20.61 21.20 20.86 19.32 18.02 17.01 16.43 16.38 15.76 14.96 14.07 12.13 10.12 8.80 24.49 8.12 8.49 9.27 10.40 11.01 11.10 11.46 11.51 10.86 9.99 9.06 8.61 8.45 8.08 8.99 11.19 12.55 12.20 11.05 4.84 11.69 9.68 8.52 13.04 5.48 15.85 16.30 16.18 15.78 15.24 15.03 14.87 14.03 13.37 13.58 10.42 10.03 10.04 10.94 12.12 12.32 16.08 11.10 9.57 9.40 8.33 7.07 6.65 8.32 10.84 6.15 6.60 7.81 8.38 8.34
18.26 18.20 17.86 17.56 17.55 17.56 17.70 18.40 19.32 20.08 20.54 20.16 18.59 16.99 15.75 15.11 14.91 14.39 13.69 12.43 10.57 9.25 8.49 18.38 8.37 9.36 11.11 12.52 12.77 12.50 12.31 11.76 10.55 9.23 8.14 7.44 7.15 6.90 7.81 10.34 12.63 13.03 11.79 5.88 11.87 12.20 10.31 13.44 14.83 16.52 17.55 13.23 17.03 16.06 15.59 15.35 11.07 10.99 8.75 10.17 12.16 10.18 10.93 12.66 14.24 13.63 15.47 11.85 13.30 12.32 8.23 8.81 7.99 7.53 4.89 7.75 6.12 2.30 9.70
17.90 17.68 17.03 16.65 16.70 16.85 17.21 17.79 18.40 19.01 19.59 19.58 18.11 16.38 15.35 14.73 14.22 13.44 12.54 11.36 9.95 9.07 8.97 9.32 9.96 11.53 13.48 14.08 13.55 13.02 12.73 11.91 10.59 9.29 7.80 6.16 5.32 5.46 6.51 8.69 10.92 7.86 11.50 10.72 5.94 10.90 10.57 5.53 15.18 17.04 19.06 13.08 18.25 16.69 15.95 9.47 14.82 13.87 13.21 12.76 13.27 11.99 12.18 11.59 11.77 13.17 17.01 15.34 16.19 15.80 15.69 8.87 4.22 3.89 4.98 7.18 6.62 7.27 7.03
17.44 17.31 16.84 16.53 16.56 16.76 16.95 17.25 17.59 18.03 18.49 17.98 16.01 14.72 14.47 14.38 13.86 12.71 11.43 10.32 9.38 9.01 20.44 10.17 11.62 13.80 15.00 14.37 13.47 13.09 12.74 11.66 10.16 8.43 6.33 4.48 3.89 4.08 5.05 7.48 9.84 10.43 10.15 9.94 10.03 9.58 2.72 11.40 12.94 14.46 16.81 19.08 21.69 16.98 15.82 15.23 10.13 14.21 10.91 12.76 12.27 12.24 14.14 12.05 13.01 9.47 13.99 10.24 11.39 10.98 10.18 14.04 4.46 4.69 9.41 5.51 6.76 7.65 7.50
17.31 17.29 16.97 16.65 16.33 15.88 15.50 15.71 15.99 16.17 16.17 15.08 13.40 12.98 13.26 13.24 12.59 11.62 10.80 10.00 9.31 9.42 10.37 11.63 13.38 15.14 15.19 14.32 13.84 13.39 12.39 10.59 8.44 6.20 4.28 14.52 3.46 3.38 4.24 7.26 9.64 8.91 7.74 8.01 7.84 7.57 8.29 9.26 10.71 12.56 14.36 16.97 18.31 17.08 15.54 14.71 12.27 13.98 11.01 8.86 10.23 12.81 12.57 10.65 15.92 9.60 8.72 14.98 10.96 11.07 9.53 13.68 4.44 4.49 6.02 4.87 10.37 9.22 8.89
17.18 17.44 17.34 16.58 15.61 14.68 14.11 14.08 14.11 14.17 14.00 13.06 12.05 28.41 12.42 12.37 11.94 11.57 11.23 10.73 10.38 20.70 11.78 12.89 14.24 15.09 14.76 14.35 14.03 12.96 11.24 9.19 7.21 5.77 5.05 4.82 4.88 5.01 6.10 8.53 9.77 8.44 7.08 6.46 5.65 5.70 6.87 8.22 9.57 11.67 13.60 15.23 16.91 16.93 15.43 14.43 13.91 13.10 12.32 9.46 9.58 11.33 11.10 10.22 14.17 12.56 11.82 9.39 15.51 11.62 9.94 14.93 4.73 4.34 5.54 9.00 7.70 3.32 8.46
17.24 17.55 17.13 15.81 14.68 13.98 13.65 13.63 13.68 13.78 13.59 12.86 26.78 12.66 12.87 12.73 12.56 12.30 11.92 11.55 11.34 11.52 12.15 13.04 14.22 15.14 15.04 14.37 13.00 11.19 9.88 8.88 8.11 7.75 7.64 7.76 8.11 8.79 10.21 11.44 10.55 8.73 7.19 5.24 3.67 4.15 5.41 6.76 8.34 10.22 12.60 14.56 15.76 16.24 15.61 14.71 14.05 12.93 11.67 10.98 11.40 11.50 10.56 9.65 9.19 15.81 16.94 14.38 16.99 11.84 11.56 15.03 5.13 6.21 8.04 7.67 6.95 8.73 6.42
17.05 17.04 16.10 14.91 14.21 13.74 13.58 13.95 14.37 14.51 14.27 13.90 13.81 13.87 13.65 13.32 12.95 12.59 12.33 11.87 11.22 21.97 19.83 13.38 15.01 16.06 15.34 13.66 11.80 10.67 10.42 10.19 10.00 9.90 9.91 10.32 11.03 11.75 12.56 12.51 10.85 8.69 6.49 3.87 2.32 2.86 4.18 5.71 7.51 9.62 11.70 13.61 14.66 15.20 15.83 15.82 14.74 13.28 12.01 10.94 10.75 10.80 9.98 9.06 8.39 7.51 7.28 7.58 13.29 12.85 11.20 11.82 8.60 8.46 10.39 11.76 4.67 6.20 7.78
15.61 15.23 14.35 13.95 13.70 13.43 13.65 14.43 14.88 14.84 14.55 14.42 14.35 14.23 14.07 13.84 13.55 13.38 13.05 12.17 11.43 11.91 13.44 15.28 16.91 16.72 14.79 13.00 12.17 12.33 12.54 12.13 11.81 11.87 12.21 12.62 12.69 12.17 11.39 10.21 8.39 6.97 5.58 3.76 2.69 2.83 3.62 4.95 6.77 9.05 11.21 12.62 13.20 13.17 13.74 15.39 15.21 13.55 12.38 11.48 10.81 10.29 9.51 8.58 7.90 6.90 5.86 5.75 5.87 13.67 12.94 11.76 8.61 11.70 13.78 9.99 3.15 4.89 7.10
15.67 15.23 14.09 13.27 12.90 12.94 13.78 14.54 14.59 14.58 14.51 14.55 14.69 14.72 14.52 14.27 14.27 14.26 13.62 12.72 12.77 14.21 16.25 17.88 17.92 16.18 14.23 13.43 13.70 14.17 14.21 13.98 14.00 14.28 14.44 14.10 13.27 12.05 10.48 8.82 7.49 6.54 5.71 5.00 4.49 4.11 3.92 4.52 6.36 8.87 11.09 12.38 12.69 12.84 12.95 14.21 14.95 13.44 12.35 11.66 10.86 10.10 9.31 8.43 7.66 6.86 5.79 5.19 4.91 4.34 3.62 3.13 2.35 10.46 7.39 13.10 13.41 3.55 5.60
16.49 16.18 15.05 14.38 13.81 13.49 14.42 14.61 14.63 14.96 14.93 15.14 15.50 15.37 15.03 14.81 14.68 14.35 13.66 24.53 15.16 17.27 18.79 18.68 17.05 15.24 14.41 14.66 15.17 15.33 15.35 15.42 15.56 15.50 15.02 14.06 12.92 11.85 10.65 9.52 8.57 7.87 7.34 6.97 6.59 5.79 4.78 4.69 6.34 9.29 11.77 12.72 12.21 12.67 13.50 14.20 14.50 13.15 12.22 11.63 10.75 9.83 9.11 8.41 7.54 6.67 5.63 4.71 4.26 3.70 3.07 2.67 1.92 13.64 12.14 16.87 13.75 2.19 3.91
14.74 14.72 14.91 14.49 13.88 14.60 15.15 15.03 15.38 15.53 15.39 16.14 16.57 16.15 15.85 15.52 14.92 14.44 14.42 15.63 17.33 18.37 18.19 16.80 15.43 14.90 15.16 15.70 15.83 15.65 15.70 15.78 15.78 15.61 15.03 14.06 12.88 11.49 9.87 9.10 9.35 10.12 9.47 8.45 7.87 7.34 6.64 6.35 7.79 10.67 12.75 13.04 12.61 13.09 14.40 14.92 14.18 13.06 12.21 11.60 10.68 9.64 8.93 8.43 7.75 6.86 5.77 4.87 4.46 3.97 3.43 2.65 1.74 0.91 12.12 11.65 14.63 14.48 2.41
13.32 13.54 13.65 14.48 14.15 15.52 15.43 15.34 15.64 15.37 15.80 17.25 17.43 16.73 16.07 15.16 14.65 14.78 15.22 16.16 16.75 16.51 15.44 14.48 14.78 15.61 16.12 16.21 15.90 15.73 15.98 16.31 16.47 16.25 15.63 14.83 13.92 12.84 12.08 12.43 13.95 13.62 11.51 9.75 8.89 8.81 8.88 8.97 10.48 12.67 13.40 12.96 13.37 14.27 15.13 15.35 14.27 13.23 12.32 11.61 10.71 9.80 9.09 8.55 8.20 7.24 6.07 5.40 4.89 4.32 3.65 2.72 1.92 1.28 1.10 1.72 12.21 12.54 2.92
14.07 13.15 11.64 12.65 14.94 16.00 15.88 15.96 15.54 14.96 15.81 16.79 16.19 15.59 15.00 14.44 14.61 14.84 14.86 14.95 14.48 13.65 13.38 14.43 16.24 16.97 16.81 16.45 16.02 16.09 16.75 17.16 16.89 16.19 15.52 15.25 15.60 16.83 18.78 20.13 19.19 16.02 12.57 10.52 9.75 9.64 9.95 10.80 12.32 13.22 12.87 12.85 14.13 15.49 15.94 15.53 14.39 13.28 12.43 11.78 11.05 10.43 9.69 9.00 8.62 7.63 6.58 6.03 5.48 4.75 3.96 3.14 2.56 2.35 2.58 3.16 3.88 3.89 15.85
14.22 13.93 13.37 13.97 15.20 15.43 15.95 16.11 15.23 14.70 15.39 15.57 14.81 14.55 14.41 14.77 15.25 15.16 14.98 14.50 13.52 13.19 14.55 17.02 18.28 17.80 17.22 16.84 16.67 17.10 17.69 17.42 16.47 15.58 15.16 15.42 16.58 18.20 18.51 17.94 14.87 12.30 10.43 8.77 8.20 8.62 9.64 11.32 12.93 13.24 12.79 13.39 14.57 15.73 16.29 15.33 14.06 13.11 12.43 12.12 11.66 10.96 10.12 9.40 8.97 8.28 7.39 6.91 6.56 5.90 13.92 13.83 13.80 13.18 4.40 4.61 4.70 4.63 4.89
14.14 14.81 15.57 15.53 15.68 15.29 15.57 15.07 14.38 14.56 15.59 15.89 15.69 15.37 15.06 15.63 16.03 16.06 15.91 14.99 14.39 15.71 18.06 19.71 19.20 17.99 17.50 17.29 17.42 17.95 18.06 17.24 16.24 15.50 15.05 14.92 14.85 14.21 12.29 9.43 6.87 6.56 6.76 6.37 6.77 8.23 10.31 12.66 14.15 14.13 13.38 13.22 14.20 15.62 16.40 15.47 13.97 13.14 12.78 12.84 12.44 11.53 10.86 10.28 9.97 9.40 16.16 15.45 8.19 7.44 6.85 14.35 12.13 13.48 14.39 5.46 5.25 5.22 14.73
13.19 13.32 13.54 14.03 14.15 14.39 14.74 15.41 14.16 15.26 16.68 17.34 17.29 16.45 16.36 16.90 16.73 16.56 16.25 15.88 16.64 18.39 20.08 20.36 18.93 17.73 17.46 17.40 17.48 17.67 17.35 16.57 15.97 15.47 14.92 14.02 12.59 10.79 9.05 7.73 6.99 7.14 7.48 7.85 9.35 11.62 13.97 15.75 17.43 16.04 14.42 13.77 14.58 16.06 16.82 16.10 14.40 13.69 13.89 14.03 13.50 12.64 12.14 11.78 11.41 17.09 16.48 10.05 9.50 8.59 7.98 7.70 7.53 13.91 6.82 13.96 5.79 5.28 15.27
