examples/cougarCreek-fire/createInputs/farsite/7a-cougarCreek-polygonIgnit/cougarCreekFire_08-13-2015_0000_217m_non_neutral_stability_ang.asc
ncols	146
nrows	140
xllcorner	610065.000000
yllcorner	5095217.000000
cellsize	216.586807
NODATA_value	-9999.000000
[rows 84 to 125 of 140, columns 0 to 93 of 146]
306 305 305 306 306 307 307 294 292 293 308 307 292 310 313 312 304 311 310 294 302 309 312 314 317 300 312 297 294 301 291 288 305 305 280 303 283 300 287 296 296 298 298 296 293 292 292 290 274 284 271 285 271 271 267 280 279 277 259 276 258 255 252 248 243 237 246 246 228 228 226 248 227 240 237 231 227 229 234 258 256 254 252 252 252 252 250 249 248 248 248 246 247 247
306 305 305 306 306 307 307 294 293 296 308 297 300 302 313 312 311 299 295 294 303 309 312 312 314 298 295 293 293 304 289 284 302 304 282 285 285 289 299 297 297 299 300 296 293 292 291 290 287 284 284 285 284 281 280 279 280 279 277 276 275 256 272 254 237 234 232 267 246 230 229 252 250 230 231 231 231 230 259 259 258 256 254 253 253 228 252 251 251 250 249 249 249 248
305 305 305 306 306 307 306 306 293 308 307 292 309 300 313 311 297 297 293 297 306 309 312 296 313 296 309 292 292 285 285 293 282 304 284 290 282 281 302 299 290 299 300 295 292 291 291 290 288 286 284 284 283 281 280 280 280 279 278 276 275 274 272 271 238 236 235 248 247 245 245 237 240 239 234 261 233 259 258 258 258 244 257 255 255 254 253 252 252 234 251 251 250 249
305 306 306 306 306 307 307 307 308 309 306 296 309 300 299 298 296 298 292 299 306 308 310 311 292 293 306 290 303 283 304 293 302 303 305 303 301 302 282 279 294 295 297 295 292 291 291 290 288 285 284 283 282 282 281 280 280 279 278 276 275 274 273 272 253 239 239 250 249 266 265 237 240 244 240 242 241 237 237 239 258 251 258 257 256 256 255 253 252 252 252 252 251 251
306 306 306 306 307 307 295 309 309 309 306 295 307 302 297 296 294 291 290 304 305 307 308 309 290 306 304 303 303 303 291 287 284 302 304 283 300 300 278 294 290 289 293 294 292 291 291 289 287 285 283 283 263 283 282 280 279 279 278 277 276 275 274 273 244 245 253 242 241 241 267 240 238 239 261 261 262 262 263 247 260 260 259 258 258 258 257 256 254 253 253 253 253 254
306 306 305 306 306 306 294 308 308 308 306 289 305 310 296 295 292 293 292 302 304 306 307 287 306 305 304 303 304 304 304 291 284 301 303 302 299 298 276 293 290 289 291 293 292 290 289 288 286 285 283 283 264 262 282 281 280 279 278 277 276 276 275 247 258 247 246 245 245 245 244 242 241 240 244 247 247 263 263 263 262 261 261 261 260 260 259 258 257 256 255 255 256 255
306 305 304 305 305 305 306 307 308 307 305 292 305 309 296 295 291 288 287 301 304 306 307 307 306 305 304 304 291 290 291 287 286 302 303 302 298 296 295 292 291 290 291 292 291 289 287 287 286 284 283 283 283 264 283 282 281 280 279 278 277 252 276 251 250 249 250 249 250 251 249 246 266 265 245 245 249 246 251 264 263 263 263 263 263 262 261 261 260 259 258 241 241 238
305 305 304 305 305 306 306 307 308 308 294 291 304 294 293 294 290 301 300 301 303 306 288 307 306 304 292 290 289 289 287 287 285 301 300 300 297 294 293 291 291 290 289 289 270 288 287 286 285 284 283 283 283 268 283 283 282 281 280 279 278 255 255 255 252 274 251 252 258 256 270 251 268 268 268 253 250 268 249 254 254 252 253 265 265 265 264 264 264 263 262 261 260 241
305 304 304 305 305 306 306 305 306 307 292 289 293 290 291 291 288 285 299 300 303 305 290 307 305 303 288 291 290 289 287 301 299 296 295 296 276 292 279 282 290 290 281 288 289 288 287 286 285 284 284 283 283 274 273 283 282 282 281 280 279 278 258 260 256 275 274 253 256 257 271 253 271 270 253 253 254 254 256 261 262 258 268 251 266 252 252 252 265 265 266 265 263 261
306 304 304 306 305 305 305 303 303 304 302 287 301 288 303 289 288 286 300 301 304 306 291 307 305 290 289 290 291 286 287 298 297 295 294 281 293 292 290 289 291 291 290 289 289 288 287 286 285 285 284 283 283 271 273 267 283 266 282 281 280 280 263 266 262 278 277 256 257 259 263 255 273 273 255 254 255 270 266 272 271 271 264 268 266 250 265 247 259 265 257 254 263 264
306 304 303 298 305 305 305 303 302 302 302 301 288 302 302 303 288 286 300 301 304 305 305 291 303 290 289 286 286 285 281 284 279 281 283 295 294 294 292 291 293 294 292 290 288 287 287 286 285 284 284 283 283 282 275 272 271 274 267 282 281 280 263 272 280 270 262 278 261 262 265 258 275 275 257 253 252 253 263 263 262 262 269 264 260 256 256 264 249 248 262 262 263 264
306 304 303 304 305 305 305 304 303 303 302 302 302 288 303 288 288 287 285 301 303 304 303 303 301 301 287 287 300 299 298 280 282 286 296 296 296 296 295 285 294 294 292 290 288 287 286 286 285 284 283 283 283 282 280 283 280 278 276 268 281 280 267 275 280 283 276 268 265 264 267 263 258 257 255 272 271 269 259 263 262 262 268 268 267 260 265 264 264 263 261 260 261 262
304 304 303 303 304 305 305 305 304 303 302 303 302 288 289 290 289 289 286 301 302 287 302 302 302 290 286 286 284 289 300 284 298 298 298 297 297 296 287 292 292 292 291 290 289 287 286 286 285 284 283 283 282 282 282 281 282 282 282 282 271 267 270 267 270 276 278 274 269 268 267 263 263 262 258 255 272 270 252 267 268 271 273 269 268 266 251 264 256 264 263 262 250 261
303 304 304 302 304 304 304 305 304 302 302 302 302 289 302 304 290 289 288 303 303 302 303 304 303 288 287 285 302 302 301 300 300 300 300 299 298 296 293 290 291 291 291 291 289 288 286 286 285 284 283 283 283 282 282 282 282 282 282 282 282 273 268 267 270 277 277 276 276 275 275 275 275 266 262 258 273 271 269 253 267 271 269 269 270 268 250 263 263 265 266 256 260 259
301 303 305 304 303 304 303 304 304 303 302 302 302 289 302 303 290 289 288 304 304 305 306 306 304 288 286 302 303 302 302 289 301 300 288 288 287 287 284 280 290 292 293 292 290 288 286 285 284 283 283 283 283 282 282 282 282 282 282 282 282 281 280 279 277 277 277 276 276 276 276 276 276 266 264 261 256 273 271 253 269 269 269 269 268 268 267 267 264 265 264 261 261 262
298 300 304 305 303 303 303 304 305 304 303 302 301 302 302 303 303 303 304 306 307 306 306 305 288 286 302 302 288 287 302 302 301 289 289 289 287 282 280 282 289 293 295 293 290 288 286 285 283 282 284 284 283 282 282 282 282 282 282 282 282 281 280 279 278 277 277 277 277 276 275 270 269 275 267 264 259 274 273 271 256 259 270 256 255 268 268 267 268 266 266 264 261 261
301 301 302 306 304 302 303 303 304 304 304 303 302 290 302 302 302 302 304 306 306 290 303 286 301 301 302 302 287 287 290 302 301 301 286 285 286 295 292 289 291 296 296 293 290 288 287 285 284 283 284 284 283 282 283 283 282 282 282 282 281 281 280 279 279 278 278 277 277 278 274 272 270 269 272 275 274 262 274 273 257 258 270 269 269 268 269 269 268 266 265 266 265 261
302 301 302 305 303 302 303 303 304 304 303 302 301 301 300 301 301 302 303 304 304 302 300 286 300 301 287 286 286 303 303 291 289 286 285 284 299 298 298 296 294 296 296 293 291 289 287 286 285 283 282 283 284 284 283 289 288 288 282 281 281 281 281 280 283 283 281 277 277 277 280 278 277 277 275 276 276 269 262 259 260 261 270 270 271 270 270 271 269 268 267 266 266 265
300 300 302 306 304 302 303 303 303 304 302 300 300 299 300 300 301 302 290 303 288 300 300 300 301 301 287 286 287 303 303 302 287 285 284 285 291 291 289 281 291 289 291 274 277 289 275 281 285 282 281 282 284 284 289 286 285 286 287 281 281 281 281 280 279 279 278 278 277 277 277 277 277 277 278 277 276 276 268 262 273 272 272 272 272 271 271 270 269 268 268 267 267 267
300 300 302 305 306 303 302 304 303 303 301 301 300 301 301 300 301 303 303 303 302 303 303 302 301 302 287 287 289 304 290 288 287 286 287 284 286 284 280 275 272 285 288 289 281 279 280 286 281 281 282 281 282 283 290 289 288 288 281 281 281 281 281 280 280 279 279 279 278 277 277 277 277 278 280 278 271 269 266 262 263 266 269 270 274 272 271 270 270 268 268 268 267 267
301 299 299 300 304 303 301 304 304 302 301 301 301 301 301 301 302 302 304 291 305 303 303 302 288 302 287 287 289 288 287 286 286 285 284 283 282 280 278 275 273 270 274 281 284 287 287 286 283 279 271 276 280 281 283 291 291 282 281 281 288 288 281 281 280 280 280 280 284 280 281 281 278 281 282 279 278 271 269 265 266 268 269 276 276 274 273 273 273 271 268 268 270 266
301 299 297 297 299 301 300 303 306 302 301 302 302 302 301 302 302 302 303 292 305 304 302 302 287 301 301 289 288 287 286 287 286 285 284 281 281 295 293 286 282 276 279 284 288 286 288 287 284 283 282 280 279 279 282 293 286 283 282 282 289 290 290 288 288 288 287 283 281 279 278 280 280 278 279 279 279 279 278 278 273 270 270 277 277 275 274 274 274 272 270 270 270 268
304 302 299 298 299 301 301 304 307 304 302 301 302 301 301 301 301 301 303 304 305 302 300 287 301 301 287 288 287 287 286 286 286 285 283 280 284 295 294 282 293 278 279 290 283 284 284 285 286 285 283 282 279 277 280 293 288 285 284 283 290 290 291 285 284 284 284 283 282 280 279 277 276 279 279 280 288 288 281 280 280 279 278 276 277 276 276 274 274 274 272 271 271 269
305 305 302 299 301 301 301 304 308 307 301 300 300 300 300 300 301 301 302 303 304 302 299 286 288 301 286 286 288 288 289 286 285 284 282 284 297 296 295 280 280 278 283 283 283 282 289 288 282 279 277 279 282 282 286 289 296 286 284 292 290 290 288 289 281 289 289 288 286 285 285 283 280 279 282 282 282 283 282 277 277 280 278 276 275 275 275 274 273 274 273 271 269 270
303 305 305 299 299 300 300 302 308 310 301 299 300 299 299 299 301 302 302 303 305 302 301 301 301 288 286 287 288 287 287 286 285 284 286 299 299 289 282 282 280 284 284 284 285 289 284 282 281 278 275 278 279 275 269 282 290 285 293 291 290 288 290 282 290 289 288 286 285 286 287 286 283 282 282 282 283 282 280 277 273 278 277 276 274 274 274 274 273 272 272 271 269 269
300 304 308 303 298 298 299 299 305 311 304 300 299 299 299 298 300 300 301 303 304 303 302 289 288 287 287 288 287 286 286 285 283 285 299 299 299 283 281 278 282 285 283 284 285 285 289 288 287 286 285 280 277 270 279 272 287 292 292 291 291 290 292 282 290 290 289 289 288 287 285 285 283 279 277 278 280 281 281 278 275 278 277 277 275 274 273 273 271 270 270 270 270 270
297 301 308 306 300 298 299 298 303 312 306 301 299 299 299 298 299 297 300 303 305 304 290 302 301 286 287 287 286 285 285 284 288 299 299 299 288 281 280 282 283 282 284 284 284 284 285 288 287 286 286 286 283 281 280 280 289 291 294 293 292 291 293 284 290 288 293 292 291 289 287 288 288 286 281 280 280 280 280 279 278 277 277 276 276 274 273 272 271 269 268 268 270 269
294 296 301 305 303 300 300 297 300 309 307 302 299 299 299 299 298 298 300 303 303 301 300 300 299 298 298 299 285 286 299 299 300 300 299 299 283 282 282 284 295 285 283 283 282 282 284 285 287 287 286 288 287 286 282 290 291 290 289 288 288 289 290 279 280 283 286 287 288 287 288 288 281 282 282 281 280 278 279 279 278 277 276 276 276 274 273 271 271 270 269 268 268 269
295 295 296 301 302 300 300 297 298 307 308 303 299 299 300 300 302 300 300 303 304 301 300 299 299 298 298 285 286 287 300 301 289 287 288 284 283 282 285 285 285 285 283 283 282 284 284 284 283 284 285 285 284 281 273 280 283 283 285 287 286 286 285 279 279 279 278 278 280 281 281 279 279 280 282 281 279 277 277 278 277 276 275 275 275 274 272 271 270 270 270 269 268 267
296 296 297 298 299 298 298 298 298 302 307 303 298 300 300 301 302 301 300 302 304 301 301 300 299 298 298 299 287 288 301 288 286 287 285 285 282 284 284 284 284 284 283 286 288 291 286 284 282 281 283 281 278 275 273 273 279 281 285 287 287 285 281 278 278 278 276 275 276 276 277 276 274 273 275 277 276 279 278 273 276 275 274 274 274 274 273 272 271 270 269 269 268 266
296 297 296 296 297 298 299 299 298 299 305 303 299 299 300 300 300 299 297 298 300 300 299 299 301 299 299 299 299 300 288 287 299 286 283 282 284 285 297 282 296 285 288 293 293 292 292 285 283 280 279 277 276 274 277 276 271 273 277 283 284 280 277 277 277 276 275 275 275 276 276 277 278 276 274 274 271 269 277 276 275 275 274 274 274 274 273 272 271 270 269 269 271 266
296 296 297 297 299 301 302 302 299 299 304 304 302 301 300 298 298 298 296 296 298 299 298 300 301 299 299 299 299 299 287 300 286 284 283 283 285 297 282 282 296 286 295 289 288 285 282 281 281 279 278 277 275 274 277 276 275 275 272 276 279 275 273 275 276 276 274 274 275 276 277 278 279 277 274 272 270 276 276 275 275 275 274 273 273 273 272 272 271 270 269 269 269 269
297 297 297 297 298 299 299 300 300 301 302 303 302 301 300 300 298 300 298 298 300 298 298 300 299 299 299 299 299 299 300 300 298 296 282 286 298 283 281 283 297 297 287 285 283 280 279 282 281 279 277 276 276 278 277 277 276 275 275 271 274 274 272 273 275 276 275 275 275 276 275 276 276 275 272 270 276 276 276 276 276 275 274 274 274 273 272 272 271 269 269 269 269 270
298 297 297 296 295 296 299 301 300 300 300 300 301 303 303 299 298 299 298 298 300 299 299 299 298 299 299 298 299 299 299 299 298 297 297 286 283 282 282 284 297 297 286 285 283 280 279 279 279 277 277 278 279 278 277 277 276 276 274 269 271 272 271 272 271 273 274 277 276 273 272 274 274 273 272 270 276 276 275 275 275 275 275 275 274 273 271 272 273 269 268 268 268 269
298 298 297 294 295 296 301 302 302 303 301 303 304 307 307 299 297 298 297 297 298 299 300 298 299 299 299 298 298 298 299 299 299 298 298 284 297 282 284 296 296 297 287 284 280 280 280 279 280 276 275 278 278 277 277 285 277 276 283 272 281 271 281 270 269 269 270 274 277 274 270 273 274 274 277 277 277 277 276 275 275 274 274 274 274 273 273 270 272 269 268 269 269 269
298 299 298 296 295 296 299 302 303 303 301 299 300 304 308 303 299 296 298 296 298 299 299 298 297 298 298 298 298 298 300 300 301 299 297 283 282 296 296 287 296 286 284 281 280 279 280 280 278 277 276 277 287 286 286 285 284 284 283 282 271 281 271 280 268 268 269 270 275 277 272 270 270 272 277 278 277 277 276 275 275 274 273 273 272 272 273 270 271 271 271 270 270 269
299 299 300 299 295 297 299 300 301 303 300 297 295 297 304 305 301 299 298 297 298 300 298 297 297 298 299 298 298 299 300 300 301 300 297 296 296 296 296 297 297 284 282 280 280 279 280 278 277 276 276 275 286 286 285 285 284 284 283 282 281 271 271 270 279 268 270 269 272 277 275 269 268 268 270 277 277 277 275 274 273 273 273 271 270 271 272 272 271 271 271 271 270 269
298 298 298 299 297 296 298 298 298 301 301 298 295 296 299 304 304 301 299 297 300 300 298 298 298 298 298 298 297 299 299 301 301 298 297 297 297 296 297 297 284 282 282 281 281 281 281 278 277 277 276 275 275 285 285 284 284 283 283 283 281 270 270 270 269 268 269 268 268 275 275 270 269 270 276 277 277 276 275 274 273 273 272 270 269 270 270 271 272 273 272 271 269 269
299 295 297 300 295 294 294 296 296 299 301 300 298 297 298 303 308 303 299 299 300 299 298 298 298 298 298 297 297 300 300 302 301 300 297 297 298 297 297 284 296 282 283 283 283 281 279 278 277 276 276 275 286 285 285 284 283 283 282 282 282 281 272 271 270 268 278 267 267 270 273 276 277 277 276 276 276 275 274 274 274 272 271 269 268 268 269 270 271 272 272 270 269 269
299 294 293 297 293 294 293 293 295 298 302 302 298 295 298 302 309 305 299 297 300 298 297 297 297 299 298 298 297 300 302 301 299 298 297 297 297 296 296 295 295 282 282 282 282 293 292 278 277 277 276 276 286 285 284 284 283 282 273 282 282 282 272 270 280 279 278 267 267 268 269 272 272 276 275 275 275 275 275 274 273 272 270 269 269 268 267 269 270 271 270 269 269 269
299 297 291 291 295 295 297 298 295 296 301 303 300 297 296 299 307 305 300 300 300 300 297 297 296 298 299 298 298 300 302 300 299 297 296 296 296 296 294 294 294 282 282 282 293 279 291 278 278 278 277 287 286 285 284 283 282 282 281 281 282 281 280 279 279 279 277 277 268 269 270 269 277 275 274 273 273 274 274 274 273 272 269 268 270 270 269 269 269 270 269 269 269 269
298 298 296 290 291 295 297 299 297 294 299 304 302 298 293 297 305 306 301 300 300 298 297 299 296 297 299 299 298 300 301 302 298 296 296 296 296 295 294 294 294 294 283 293 292 291 291 278 278 278 288 287 285 284 283 282 281 281 280 280 281 272 273 273 272 280 279 276 273 279 275 278 276 274 272 271 271 273 273 273 272 270 271 269 269 269 269 269 269 268 269 269 269 269
