examples/cougarCreek-fire/createInputs/farsite/7a-cougarCreek-polygonIgnit/cougarCreekFire_08-12-2015_0600_217m_non_neutral_stability_vel.asc
ncols	146
nrows	140
xllcorner	610065.000000
yllcorner	5095217.000000
cellsize	216.586807
NODATA_value	-9999.000000
[rows 70 to 104 of 140, columns 0 to 78 of 146]
9.51 7.79 9.21 13.32 12.54 10.53 9.79 9.47 9.13 12.12 8.48 8.66 8.32 7.18 5.60 4.23 11.42 16.87 18.51 17.53 17.61 17.69 15.32 14.92 13.58 4.59 2.11 9.23 18.93 20.17 19.39 18.75 19.52 20.95 23.39 21.47 22.63 25.96 26.55 17.34 14.26 16.05 17.92 17.73 14.90 13.13 24.98 22.38 21.62 16.63 15.90 23.65 24.56 20.66 19.34 13.70 17.14 15.00 10.70 11.94 13.95 12.26 9.88 8.67 8.45 8.59 8.74 16.43 8.57 8.52 9.00 9.41 15.71 15.81 15.40 14.90 14.80 10.53 7.56
7.77 7.88 12.62 14.72 12.76 10.10 9.25 12.59 12.53 12.64 13.06 14.00 14.74 12.99 7.46 5.23 12.68 17.51 18.25 18.25 16.73 17.43 13.87 11.61 6.67 5.15 7.40 14.20 18.97 18.10 19.16 20.60 19.26 21.60 21.52 21.70 21.94 23.75 24.84 12.31 17.53 26.41 15.42 30.08 15.54 13.60 13.31 23.49 24.79 23.88 17.87 16.61 22.66 22.28 23.69 17.74 14.40 18.02 10.69 9.67 13.00 15.14 14.17 12.61 10.96 10.05 9.70 9.16 16.55 8.23 7.63 7.27 14.60 14.55 15.15 15.50 14.99 14.77 13.71
9.80 12.41 17.61 17.63 13.55 10.91 10.07 13.32 12.86 12.78 13.65 14.57 10.68 12.28 10.71 6.48 12.89 16.32 18.08 18.45 19.37 15.76 13.86 13.55 6.68 2.71 9.31 17.20 18.30 17.40 19.44 20.45 19.05 23.69 19.88 21.24 22.45 25.41 22.61 10.79 16.92 27.31 13.45 16.74 17.16 14.63 25.19 14.35 18.08 16.44 16.47 16.71 23.48 17.00 18.37 22.27 13.55 9.82 20.49 9.45 9.18 13.17 14.72 14.37 13.70 13.09 12.43 11.43 10.56 9.74 16.21 15.06 14.65 13.23 14.29 8.37 14.96 14.41 15.05
13.03 16.88 20.68 19.19 13.62 11.40 10.68 14.12 13.10 12.84 12.80 13.76 8.38 11.23 12.13 7.60 13.24 15.81 18.36 18.29 18.68 16.58 12.05 12.16 6.17 2.81 16.94 18.31 11.11 17.72 20.43 19.30 18.50 21.52 11.93 19.93 21.53 22.19 22.27 9.83 16.49 27.60 12.63 15.13 25.06 15.70 13.51 27.51 26.56 27.30 16.99 18.25 23.95 12.12 20.00 14.72 14.34 10.19 10.06 10.13 8.96 9.62 12.11 12.69 12.82 12.86 12.64 12.41 12.26 11.86 15.50 15.26 15.57 15.36 16.11 17.69 16.06 15.82 16.61
16.62 17.96 19.97 18.13 12.81 10.67 14.31 13.62 12.71 12.51 12.27 12.33 12.11 8.93 10.47 7.16 13.61 17.42 16.28 19.10 17.59 9.78 14.15 13.82 4.08 3.63 16.26 11.93 10.68 17.97 20.41 19.13 22.70 11.98 11.55 20.28 23.21 23.41 23.17 10.40 10.99 24.68 26.08 12.97 15.91 16.50 13.76 23.56 28.62 23.27 26.31 25.31 23.99 18.90 11.97 21.61 15.63 10.76 10.24 15.43 9.31 8.10 9.58 11.23 11.25 10.87 10.59 18.02 18.65 19.70 17.56 19.10 19.14 18.70 18.00 17.75 16.36 16.32 16.69
20.31 18.96 21.22 17.54 15.51 13.57 12.95 12.45 12.53 13.23 12.32 5.47 11.04 7.23 8.09 5.14 14.63 11.66 12.66 19.22 17.87 10.03 13.31 8.65 4.20 15.77 17.07 18.20 19.68 20.21 19.56 20.61 18.83 10.71 19.58 21.13 20.68 25.73 22.69 15.13 10.91 26.55 24.77 11.32 13.32 28.89 14.77 13.12 28.35 19.47 27.52 25.92 23.77 18.34 11.44 18.00 24.29 21.77 16.39 25.26 9.30 8.66 8.58 10.46 11.35 10.99 10.30 9.47 15.92 18.80 17.44 17.42 17.25 17.30 17.36 17.65 16.96 16.88 16.74
20.63 20.19 19.63 17.90 14.89 12.93 12.13 12.02 12.92 7.08 7.81 7.29 5.74 12.90 7.13 3.62 17.66 15.10 16.08 17.28 18.48 10.25 10.21 3.10 13.83 16.38 16.75 18.75 19.05 19.98 19.41 21.46 13.82 12.94 19.58 12.28 22.86 22.56 22.33 14.45 15.12 25.40 27.27 15.24 11.23 14.18 24.81 16.65 26.39 25.43 26.88 26.18 26.44 17.60 17.75 17.27 21.82 22.48 15.83 16.71 13.63 8.87 8.41 8.86 10.09 10.48 10.03 16.47 8.36 16.20 15.85 14.89 15.06 15.74 17.28 16.85 16.74 16.23 17.31
22.25 20.96 19.72 17.24 14.15 12.83 11.61 12.24 16.05 6.65 8.19 9.32 8.71 12.54 7.84 4.64 17.28 14.88 15.95 17.98 17.34 12.18 8.60 12.23 17.21 15.29 15.58 18.66 20.54 19.80 18.64 21.59 13.15 20.32 20.91 12.53 22.47 23.73 21.11 13.48 22.22 25.59 25.87 15.64 10.50 12.67 28.27 14.28 23.44 25.34 24.48 25.70 24.94 18.23 17.61 16.90 21.27 14.84 8.38 7.61 24.32 9.02 8.74 7.73 7.79 14.73 14.70 14.39 13.22 13.71 16.03 14.75 14.55 15.35 16.66 7.92 15.82 17.32 8.88
22.17 20.84 18.84 16.16 13.69 11.36 13.83 11.93 11.05 4.72 5.41 8.69 10.76 12.77 8.09 6.39 17.56 14.82 17.15 16.97 10.87 2.19 8.41 2.08 3.78 16.73 17.02 17.93 19.32 18.84 11.62 19.03 19.24 20.31 22.83 4.97 21.89 22.67 13.36 11.86 21.94 25.50 23.70 16.00 16.41 10.49 19.80 26.67 22.06 25.91 22.88 25.39 26.71 17.23 16.32 15.87 20.39 23.33 18.84 12.75 16.39 14.56 8.60 7.24 6.76 13.84 6.47 13.60 6.13 5.81 5.29 14.03 16.79 16.41 16.79 7.63 8.47 8.64 9.07
21.69 20.70 18.56 15.78 14.05 16.40 13.05 10.59 12.79 1.87 8.27 5.14 16.15 10.05 7.02 13.30 12.58 3.54 15.83 2.75 2.65 1.79 12.92 2.07 4.09 17.71 17.23 16.72 18.06 17.10 17.07 17.54 21.35 19.79 23.53 12.78 5.95 22.24 11.32 11.27 18.78 25.27 24.34 15.07 7.90 21.73 17.78 19.82 25.44 21.53 23.31 24.09 26.05 16.87 8.41 8.10 8.09 23.61 17.88 13.54 8.10 17.70 14.92 12.74 5.72 7.06 7.36 7.32 7.53 7.52 7.33 7.03 6.70 16.00 17.63 17.10 8.50 10.03 10.50
21.59 19.58 17.89 16.62 15.10 11.10 7.88 14.18 11.60 7.46 2.11 18.61 7.13 9.11 6.33 15.64 4.72 4.08 2.99 2.60 2.36 15.25 1.34 2.28 3.97 17.62 16.65 13.82 16.53 17.15 16.11 18.89 22.59 19.08 20.69 13.79 14.60 21.65 9.69 11.84 22.62 19.98 23.79 23.45 12.68 12.87 16.81 10.57 12.62 10.95 25.13 19.75 26.11 7.97 9.40 10.60 10.86 11.25 17.04 10.88 9.52 7.96 6.85 22.94 5.92 7.22 8.83 9.19 9.03 8.64 8.54 8.47 7.90 7.21 16.65 19.80 8.77 10.46 17.82
22.03 17.60 17.31 8.91 16.19 11.04 9.89 8.10 11.76 12.70 1.79 3.32 5.38 7.26 5.97 13.26 3.45 3.51 2.84 2.31 14.48 10.49 1.35 2.74 3.78 19.07 14.23 8.84 14.98 18.64 14.92 17.55 18.79 20.04 20.34 20.96 21.23 11.72 10.17 18.32 21.23 12.55 22.12 22.08 23.52 19.76 15.28 8.39 11.57 12.50 11.26 20.47 29.40 9.38 11.68 13.45 13.78 13.28 13.14 12.67 11.28 9.47 8.01 7.10 17.34 7.31 8.52 9.31 9.34 9.27 8.88 16.57 8.69 8.48 8.52 8.82 9.10 9.50 9.81
21.68 17.18 16.89 15.82 18.29 11.07 10.90 3.58 10.41 10.08 1.02 2.71 5.03 5.67 4.50 13.07 2.63 3.07 2.29 16.56 14.97 1.71 1.51 2.72 3.21 18.84 8.30 2.34 16.54 16.90 15.75 10.59 17.34 19.64 22.23 17.21 21.26 9.18 9.65 20.03 16.54 11.46 11.23 19.67 19.94 22.76 12.90 6.08 8.63 23.59 15.43 10.65 10.28 11.42 11.90 11.56 12.67 12.67 11.90 11.69 25.18 11.27 10.18 8.97 8.34 7.88 7.33 21.49 8.52 17.02 8.69 8.71 18.86 9.72 9.76 9.22 23.97 7.83 19.07
19.27 16.83 17.29 15.82 13.58 11.81 9.13 2.75 11.24 10.89 0.49 1.82 4.55 4.93 12.94 2.43 2.50 2.86 2.50 18.14 14.70 0.70 1.88 2.47 17.02 15.04 8.34 10.00 16.50 11.37 13.67 10.03 17.93 19.14 18.07 21.59 11.41 9.77 17.96 18.67 9.46 17.73 19.18 20.12 22.04 21.72 18.15 4.35 5.29 20.82 24.91 27.68 10.18 10.91 9.00 7.26 8.02 18.25 19.23 9.75 11.18 22.46 12.42 12.06 10.81 18.68 7.53 16.62 8.14 8.33 8.20 7.98 19.73 16.49 16.18 8.83 18.03 18.90 17.62
22.03 17.18 18.77 17.36 12.21 12.11 3.87 1.94 12.71 7.80 1.00 1.95 9.88 3.88 3.46 2.90 2.48 2.58 15.22 14.73 0.69 0.84 2.25 2.65 3.57 14.86 12.12 13.22 14.20 9.92 15.82 10.26 17.15 17.77 17.75 18.05 11.91 12.26 20.50 4.06 2.83 2.15 16.20 21.45 19.71 22.68 19.69 4.22 3.50 14.27 24.29 7.78 9.26 7.55 5.36 4.62 4.65 5.84 7.22 8.05 8.83 19.50 10.81 20.77 11.23 9.11 15.96 16.79 17.13 8.36 8.36 7.79 18.38 19.02 19.85 18.68 16.93 19.23 17.22
23.29 19.37 19.47 15.55 13.88 12.41 10.01 8.36 12.87 0.94 1.40 2.27 2.16 11.79 12.99 3.13 16.57 18.04 16.58 14.36 0.69 1.26 2.49 2.76 10.77 13.12 11.69 12.17 14.68 8.43 16.09 13.00 16.63 18.32 15.64 10.86 11.30 12.88 12.70 6.24 5.32 3.71 4.02 13.56 17.08 20.56 12.95 10.54 2.94 4.33 20.88 16.10 4.81 3.17 2.96 2.94 14.11 3.58 4.68 5.38 5.62 16.75 6.56 6.78 26.11 24.15 17.37 16.90 16.86 18.31 16.77 8.42 14.56 15.93 20.92 16.68 15.90 16.53 12.28
23.94 21.60 18.75 15.64 18.34 15.26 12.31 12.11 11.14 0.61 1.56 2.41 2.07 14.10 16.28 16.03 15.50 17.18 2.31 1.24 0.38 1.19 2.33 2.59 15.78 8.35 11.61 11.47 13.22 13.72 15.99 8.03 13.84 11.35 15.81 9.45 13.90 15.05 3.55 5.22 5.78 3.79 2.88 11.96 17.65 19.37 18.99 3.10 2.21 2.80 18.47 18.61 21.45 1.41 2.33 2.52 2.70 12.14 2.92 3.22 3.39 3.60 3.83 3.73 19.01 26.48 18.07 17.07 18.35 19.30 7.94 23.01 20.20 16.25 16.89 17.64 16.37 16.12 9.38
25.73 21.25 18.64 18.73 20.42 15.83 5.93 4.86 3.74 2.57 2.18 2.43 1.53 15.85 15.22 16.76 16.45 13.51 2.59 1.58 0.28 1.16 2.11 9.13 13.67 12.01 11.54 11.34 12.90 14.39 9.86 6.95 14.18 2.44 16.62 11.73 15.07 12.90 9.42 1.78 3.84 3.35 1.47 12.00 10.74 18.77 16.84 2.45 9.58 9.87 14.87 18.64 8.81 1.51 1.31 1.69 2.12 2.21 2.13 11.56 13.91 12.12 2.53 3.27 19.55 5.92 17.74 16.34 17.34 17.28 18.89 16.86 16.25 6.72 4.82 12.33 11.56 15.57 16.71
26.09 20.47 19.16 22.57 21.59 20.95 16.38 15.85 5.94 5.06 4.37 4.14 2.82 10.42 18.00 15.70 16.56 3.36 2.75 1.75 0.33 0.94 1.84 16.56 13.71 11.17 9.06 9.10 12.14 11.20 9.81 10.73 15.44 1.59 12.40 11.85 14.46 13.99 3.00 2.45 2.32 2.42 1.35 11.66 7.84 13.18 14.40 12.72 8.51 1.68 11.21 16.21 0.89 19.34 8.00 1.45 9.46 8.93 1.41 11.35 12.06 11.75 12.33 2.14 18.33 23.19 18.52 16.92 17.72 17.42 16.76 16.56 18.42 20.91 6.15 6.19 5.74 4.71 3.91
21.73 19.96 24.21 23.96 20.69 20.29 18.52 17.21 6.42 5.93 5.43 13.48 4.66 2.63 19.00 15.36 17.20 2.61 2.91 2.15 0.93 1.19 1.50 15.21 11.10 3.54 3.11 3.85 11.10 10.09 3.02 11.18 14.21 0.88 1.82 15.07 13.74 13.52 4.06 3.74 3.99 15.75 3.23 13.11 6.38 13.75 15.41 9.87 6.51 7.96 9.19 14.92 1.20 1.23 8.10 2.22 8.41 7.92 11.12 10.93 16.09 10.50 11.67 15.12 18.34 17.04 20.79 17.93 19.99 19.87 15.77 17.06 16.53 16.53 13.73 18.15 16.13 11.41 6.71
21.67 20.03 24.49 24.29 20.19 20.31 19.18 17.17 6.24 6.01 6.00 15.80 6.18 4.96 20.42 1.77 18.16 2.35 3.00 2.44 1.65 2.10 17.31 11.06 3.37 3.50 3.61 10.37 9.91 10.55 11.17 12.39 14.77 10.54 0.56 13.05 10.47 11.62 4.39 4.11 3.69 5.85 3.79 9.28 7.51 10.77 15.57 5.85 4.31 3.22 7.74 11.01 1.35 1.02 2.11 9.27 1.69 7.47 1.62 1.80 13.60 17.80 1.24 14.95 16.62 17.51 21.52 20.49 21.74 21.83 23.26 15.97 1.86 3.40 5.01 16.75 16.23 16.00 17.08
21.09 19.67 23.09 23.24 19.63 19.16 18.64 18.71 5.60 5.46 6.00 6.51 6.46 5.85 3.90 18.37 16.93 2.70 3.16 2.68 2.33 2.35 14.68 10.60 3.29 3.62 10.34 11.29 11.43 8.49 10.84 13.34 12.06 13.34 8.96 14.68 9.65 11.34 4.78 9.11 5.50 9.58 5.09 11.81 10.02 13.10 5.20 3.67 3.56 3.04 2.45 1.84 12.42 9.68 7.21 7.12 6.89 7.45 9.92 1.95 13.16 9.35 15.42 11.62 17.55 2.56 19.24 13.30 14.83 15.45 14.60 21.17 1.68 2.12 18.55 14.81 16.06 15.67 14.67
24.81 21.72 22.71 23.87 23.80 21.82 18.65 17.29 17.93 3.37 3.56 18.12 5.75 18.15 3.08 19.61 1.53 15.10 3.52 2.88 2.44 9.99 13.64 3.68 2.96 3.53 11.67 12.31 9.53 9.95 12.89 12.58 14.73 15.75 12.38 12.65 10.47 4.75 7.66 4.74 5.78 11.04 4.33 3.31 2.81 4.68 4.99 5.19 3.29 3.21 3.04 2.59 11.72 2.94 3.46 13.64 7.13 7.10 9.88 7.28 10.66 15.02 9.31 10.92 18.81 2.87 3.60 21.26 14.91 15.37 14.85 21.49 2.34 3.11 15.40 14.22 20.71 18.57 18.21
25.22 13.17 12.54 10.98 20.88 20.73 17.88 5.19 17.29 2.45 20.81 17.02 4.82 17.64 14.89 16.82 17.03 9.77 3.65 2.78 1.74 9.58 9.97 11.38 3.28 3.54 11.63 11.48 11.32 9.05 10.10 8.75 14.33 13.97 11.17 4.02 3.32 2.86 2.84 3.76 4.04 3.34 2.32 1.74 1.16 5.27 5.72 3.27 3.26 3.43 4.06 8.73 10.21 3.63 3.39 3.38 7.46 13.53 8.52 6.88 8.77 9.04 10.07 12.21 13.47 15.86 15.79 11.43 20.78 13.84 13.71 22.75 2.76 3.83 14.86 18.36 16.79 11.31 6.59
13.95 13.71 13.51 12.22 24.71 21.66 18.62 6.04 5.51 3.88 1.84 18.71 16.97 14.18 14.51 15.50 14.29 13.89 3.41 2.71 1.89 6.35 11.90 11.31 4.34 3.82 10.87 10.93 10.81 13.80 12.71 11.39 13.24 9.04 3.33 2.99 2.57 2.08 1.62 2.39 2.11 1.91 2.07 1.98 1.60 1.51 2.13 2.85 3.16 3.43 4.06 6.28 8.35 3.64 3.40 3.35 9.89 3.55 9.64 8.87 7.13 12.88 16.05 2.07 2.67 13.85 18.95 16.38 21.30 14.33 14.80 21.89 3.30 14.72 17.01 15.26 6.68 16.50 14.66
22.25 12.52 24.36 12.16 23.93 20.73 8.27 18.81 6.39 15.26 18.75 17.37 15.82 13.65 13.81 13.97 16.53 14.76 2.52 2.78 2.84 14.02 10.87 5.10 4.78 4.31 11.25 9.20 3.93 11.37 5.01 11.68 8.91 5.72 3.53 3.01 2.54 1.88 1.28 1.98 1.49 1.43 1.77 1.66 1.17 0.88 1.22 2.01 2.62 2.90 3.10 3.11 2.79 2.92 3.33 3.53 3.41 3.33 3.71 4.16 12.27 8.76 11.89 2.25 2.03 1.67 1.89 13.50 14.77 15.41 14.85 16.17 15.27 15.72 18.35 19.41 5.70 7.51 8.42
11.56 10.96 25.60 22.78 22.90 22.19 8.85 19.78 18.56 20.67 15.17 19.22 17.31 13.51 14.22 12.45 17.36 15.24 1.25 2.41 2.04 12.71 3.83 4.80 5.00 4.45 13.30 10.62 13.41 7.55 5.57 7.78 7.03 4.26 3.63 2.93 2.41 1.74 1.73 2.34 1.92 1.60 1.61 1.28 0.78 0.51 0.85 1.10 1.44 1.73 1.96 1.96 1.95 2.31 2.75 3.01 3.25 3.33 3.51 3.65 12.08 8.40 2.88 2.50 10.60 1.48 1.66 2.00 2.22 15.37 15.66 16.09 12.69 17.74 20.61 16.68 4.81 6.24 7.97
13.32 12.40 25.20 24.25 21.50 22.72 22.23 8.68 20.82 24.53 7.50 20.20 17.94 17.15 3.87 15.78 14.64 15.07 0.66 12.32 1.42 1.31 2.99 4.46 5.21 12.24 4.18 13.25 5.82 4.82 6.17 3.75 4.17 4.31 3.72 2.84 2.12 1.27 1.19 2.27 2.21 2.10 1.81 1.28 0.71 0.32 0.86 0.95 0.81 1.12 1.42 1.43 1.46 1.54 1.78 2.10 2.48 2.83 3.12 3.30 3.33 3.39 3.25 2.73 2.12 1.90 1.95 2.14 2.25 2.29 2.81 3.48 3.57 15.52 12.28 19.14 18.96 4.32 5.92
14.46 14.86 14.19 24.80 25.22 11.20 21.16 9.63 9.18 8.32 22.75 19.75 17.83 15.62 4.22 3.08 18.56 12.30 12.24 15.48 1.67 2.65 3.17 3.44 10.79 12.88 11.96 5.50 8.68 9.22 6.11 4.56 4.36 4.24 3.84 2.92 2.01 1.08 0.82 2.38 2.27 1.75 1.58 1.58 0.87 0.28 0.89 1.13 1.21 1.38 1.37 1.13 0.82 0.52 0.72 1.11 1.65 2.19 2.62 3.00 3.23 3.25 3.09 2.88 2.57 2.34 2.36 2.63 2.85 14.09 3.73 4.01 3.58 17.72 17.19 22.23 18.54 2.71 4.07
12.00 25.12 14.16 24.98 26.23 11.84 22.30 9.67 9.07 25.16 26.10 7.88 19.05 16.74 5.76 13.74 16.49 16.15 14.21 2.76 3.12 12.05 2.72 2.15 2.30 13.24 9.33 9.10 11.78 10.83 6.38 8.71 4.95 4.36 3.95 3.12 2.09 0.89 1.09 2.75 2.66 0.96 1.15 1.67 1.11 0.20 0.94 1.35 1.86 2.12 1.62 0.99 0.49 0.25 0.49 0.78 1.24 1.80 2.27 2.68 3.00 3.12 2.98 2.96 3.03 2.91 2.87 3.00 3.22 3.50 3.81 3.66 16.04 15.07 15.47 15.91 18.99 18.06 3.44
10.89 25.67 10.94 27.88 12.29 19.45 23.57 20.21 24.94 8.00 7.78 7.83 18.31 8.07 14.28 5.51 14.21 12.83 13.91 2.74 2.60 2.22 1.11 18.00 12.77 9.96 8.46 11.96 13.44 10.39 6.45 6.03 5.51 4.74 4.21 3.47 2.35 1.10 1.25 2.83 2.83 1.55 1.69 1.76 1.49 1.07 1.47 1.96 2.72 3.37 2.58 1.21 0.51 0.55 0.89 1.37 1.74 1.99 2.23 2.51 2.86 3.19 3.25 11.97 3.44 3.39 3.20 3.20 3.41 3.56 3.51 3.25 2.91 2.88 2.84 14.03 15.07 15.83 4.04
13.89 12.23 9.19 27.77 10.85 23.62 27.67 11.30 9.81 26.41 5.95 22.30 16.17 19.11 17.96 16.54 13.82 12.11 12.62 16.58 2.17 1.43 0.54 0.97 2.78 4.17 11.05 13.37 13.68 8.73 7.25 6.44 5.76 5.14 4.60 3.97 3.14 2.78 3.90 5.82 6.33 4.82 3.32 2.63 2.32 2.00 2.15 2.51 3.20 4.29 3.78 2.00 1.05 0.94 1.18 1.67 1.97 2.12 2.29 2.55 2.95 3.40 3.55 3.58 3.68 3.63 3.48 3.65 3.88 3.85 3.66 3.44 14.89 14.96 14.40 13.30 14.11 15.71 18.98
15.15 15.31 13.13 8.14 10.16 22.83 11.09 24.19 20.31 27.53 6.71 23.53 22.55 20.69 18.62 13.22 3.98 14.28 13.69 12.33 2.25 13.85 10.05 2.44 3.61 3.93 11.61 13.92 10.55 7.54 7.67 6.57 5.70 5.37 4.99 4.58 4.15 3.80 3.73 4.43 5.71 4.99 3.42 2.25 1.71 1.46 1.67 2.02 2.90 4.59 4.89 3.49 2.04 1.17 0.97 1.45 1.65 1.83 2.25 2.76 3.25 3.57 3.64 3.84 4.10 4.14 14.08 13.64 13.28 15.01 15.20 15.45 15.18 15.14 14.16 14.66 15.31 14.40 16.08
14.60 15.95 16.66 12.69 26.46 9.10 25.73 24.56 23.45 11.49 9.63 20.32 5.95 18.19 22.41 15.46 4.36 14.29 4.01 11.37 15.95 2.02 10.14 2.63 12.54 11.19 11.84 13.43 7.57 7.45 9.66 8.91 5.82 5.48 5.17 4.95 4.76 4.11 2.72 0.76 2.04 2.69 2.32 1.77 1.35 1.08 1.13 1.41 2.37 4.27 5.49 5.00 3.42 1.73 0.52 1.13 1.56 1.91 2.47 3.10 3.68 4.02 10.94 4.70 5.05 12.71 14.06 13.47 13.75 14.76 15.41 15.38 13.64 14.91 15.78 15.70 16.02 18.67 16.00
13.22 13.88 15.37 14.34 9.26 24.07 8.32 20.03 27.89 11.30 11.71 10.61 20.07 21.97 7.51 16.52 15.20 15.41 4.49 16.89 3.82 11.69 9.87 3.91 13.92 10.48 12.27 15.18 10.23 9.52 14.73 10.30 6.29 5.58 5.11 4.81 4.81 4.60 3.96 3.01 2.07 1.48 1.25 1.64 1.74 1.63 1.58 1.62 2.04 3.29 4.65 5.33 4.99 3.32 1.08 1.11 1.88 2.54 3.10 3.64 4.15 4.60 5.12 5.74 5.95 13.47 13.75 13.95 6.60 6.54 15.83 15.96 15.85 14.88 15.22 15.57 15.40 16.14 16.78
