examples/cougarCreek-fire/createInputs/farsite/7a-cougarCreek-polygonIgnit/cougarCreekFire_08-12-2015_1100_217m_non_neutral_stability_ang.asc
ncols	146
nrows	140
xllcorner	610065.000000
yllcorner	5095217.000000
cellsize	216.586807
NODATA_value	-9999.000000
[rows 48 to 95 of 140, columns 0 to 95 of 146]
336 354 10 17 11 24 42 33 49 47 55 60 63 69 77 67 67 71 75 70 63 46 37 42 52 57 70 74 72 70 66 61 67 49 54 59 7 356 353 351 356 358 351 353 311 289 271 276 267 261 268 286 297 300 293 290 288 283 277 275 274 271 266 259 253 247 241 236 252 248 243 248 245 246 250 245 249 203 246 224 219 257 166 125 85 79 81 83 86 94 109 128 16 118 27 33
334 346 2 9 9 20 35 51 55 54 56 61 65 70 66 67 61 59 54 58 60 43 39 51 51 56 66 68 71 76 65 68 66 58 52 57 30 352 350 351 15 339 348 345 348 304 317 304 299 296 299 302 306 307 302 294 284 278 269 265 265 265 264 260 261 255 250 247 253 253 251 246 246 245 245 245 245 241 203 211 214 223 176 165 113 88 80 80 83 83 90 110 124 18 26 31
334 342 357 4 23 53 61 57 56 56 66 73 72 70 61 50 52 48 47 56 58 48 45 41 39 45 56 65 75 77 61 67 67 56 47 55 28 356 355 352 352 338 324 328 330 334 324 317 310 304 303 303 302 299 290 278 272 270 268 265 257 259 262 261 257 253 246 241 239 239 241 240 241 250 254 243 217 223 212 236 167 165 174 177 154 126 101 88 83 84 88 95 102 108 109 106
330 342 355 23 52 52 50 53 56 63 71 64 72 64 66 43 47 45 50 56 53 49 47 30 33 46 61 75 80 76 58 66 68 53 44 54 13 3 1 358 353 336 315 309 320 320 301 302 296 288 283 287 292 295 287 275 270 264 263 262 262 267 255 256 253 248 266 249 267 270 265 267 263 262 271 211 217 218 205 263 162 163 166 167 251 157 147 129 109 92 82 82 83 87 94 99
325 341 4 35 41 44 51 54 53 65 73 62 45 45 43 42 43 47 53 54 50 53 54 60 34 61 74 80 79 63 54 64 66 53 45 47 16 10 6 2 358 342 317 298 300 296 295 281 280 276 275 278 284 299 303 299 285 269 264 261 257 265 263 246 243 237 236 236 259 262 233 232 224 215 207 203 203 204 200 187 249 164 159 155 156 201 250 149 143 123 99 88 86 87 90 95
324 346 20 33 38 36 40 44 51 64 58 76 30 36 45 45 44 53 57 55 52 50 51 32 49 67 73 69 63 56 47 55 66 53 59 40 28 24 21 25 14 360 326 298 291 288 287 286 288 287 273 275 277 283 296 293 278 263 263 261 253 251 252 251 252 256 232 252 248 251 256 256 251 248 247 248 252 230 247 194 190 179 288 244 222 149 150 154 152 142 129 116 106 96 91 90
317 340 19 19 16 17 36 51 55 59 71 64 27 39 55 54 52 62 64 60 53 46 43 36 46 58 58 55 60 56 41 57 67 55 56 33 17 15 26 25 9 4 359 318 281 274 275 273 269 270 275 292 275 275 279 275 262 253 255 253 247 245 247 251 256 263 260 252 250 250 253 257 255 205 238 230 226 199 240 263 264 262 241 173 148 218 139 217 151 146 137 311 119 109 96 89
297 327 4 8 5 14 46 55 37 32 58 52 31 42 54 57 57 65 64 57 49 41 37 39 49 51 51 57 66 57 40 60 66 56 43 34 22 35 26 12 9 10 9 28 358 293 261 262 267 270 270 267 290 269 274 269 255 248 253 253 250 263 252 230 226 225 251 262 225 212 209 203 219 249 205 205 244 259 212 209 214 232 188 182 157 134 127 121 120 113 113 120 123 112 107 97
279 314 357 11 12 40 66 45 40 18 35 34 48 36 55 58 57 66 61 47 43 36 32 41 52 50 57 67 69 54 42 56 66 58 43 35 24 37 18 15 11 15 6 33 19 355 294 260 253 256 271 271 267 266 265 275 269 263 263 262 238 212 220 219 218 214 212 214 215 211 207 218 221 213 209 211 211 212 219 219 233 198 193 187 170 276 118 81 68 77 93 216 100 185 231 95
288 304 358 23 46 73 79 29 10 13 34 55 39 35 57 61 66 80 67 38 40 33 34 50 53 48 61 70 61 45 47 61 71 71 67 54 27 31 15 12 11 10 9 2 355 17 354 337 273 253 250 258 264 266 256 269 263 223 223 217 216 217 217 216 215 213 212 214 214 210 207 204 215 208 213 219 227 235 236 229 224 216 215 236 177 167 162 123 104 100 95 287 257 223 89 187
312 309 14 41 22 82 37 27 19 29 70 65 37 56 75 82 86 96 101 71 38 33 52 65 52 54 70 71 53 44 57 67 69 67 63 52 20 28 44 14 12 7 7 4 358 20 12 5 351 316 270 256 253 259 251 229 217 220 227 223 221 217 207 212 216 221 213 213 213 210 210 202 213 222 233 244 253 254 242 238 224 219 219 215 211 217 251 157 283 127 111 97 95 94 88 49
320 323 16 335 41 58 85 17 20 54 70 59 71 91 101 99 100 99 97 90 40 44 59 51 44 64 74 64 49 52 67 70 60 59 39 55 20 16 13 27 22 9 14 7 8 2 355 346 357 353 337 304 273 257 247 242 239 234 229 224 221 221 221 218 215 212 221 223 219 210 218 226 235 246 255 259 259 256 250 247 245 259 238 228 218 147 219 226 235 253 125 114 292 303 95 323
307 316 43 53 48 84 74 20 53 69 79 94 103 110 108 111 108 100 88 77 38 37 42 37 53 70 68 57 57 65 71 60 56 56 40 36 50 14 17 18 24 11 7 3 1 4 2 17 10 6 321 319 319 303 292 279 263 253 247 238 232 228 225 221 217 228 215 213 219 228 240 253 260 261 259 256 254 256 258 261 264 265 267 267 262 260 256 247 248 256 266 305 111 305 323 37
291 345 49 37 37 91 78 48 67 84 91 102 101 114 115 112 107 97 81 69 39 34 37 50 61 67 65 63 66 65 59 53 55 53 38 28 50 16 18 16 19 12 9 6 357 359 355 351 17 339 325 314 307 303 324 324 319 310 295 277 261 246 234 224 219 219 223 233 248 262 268 268 264 259 255 256 257 256 252 247 243 242 238 225 193 145 289 281 270 260 252 262 112 324 100 95
341 27 62 37 40 40 22 76 93 105 110 106 112 116 113 109 102 89 75 15 36 35 27 36 51 60 63 66 67 62 54 53 70 51 31 25 22 19 20 23 21 15 13 13 1 359 357 348 345 334 323 312 318 332 330 334 334 332 324 309 297 284 269 252 244 247 255 265 273 276 274 267 260 259 255 256 252 245 239 236 235 230 219 202 274 270 273 276 269 265 259 251 253 256 278 327
50 61 75 82 73 81 109 123 126 119 117 112 111 114 112 104 95 78 68 22 27 27 24 30 47 55 61 67 66 60 54 66 67 44 34 22 24 17 20 23 23 12 3 14 8 1 1 357 353 340 328 323 320 335 332 338 343 342 336 324 316 313 309 303 295 287 282 279 274 269 265 264 263 261 263 251 242 236 232 230 229 223 212 272 266 255 255 263 262 260 257 245 224 219 233 210
76 72 80 103 129 136 136 136 131 126 119 110 107 110 109 100 88 29 36 26 17 26 28 31 42 46 61 67 62 57 59 52 53 36 30 22 25 25 24 26 23 15 8 5 11 4 1 2 12 352 336 319 313 321 335 341 353 356 351 337 323 319 318 313 306 297 287 279 273 268 263 259 257 255 249 240 232 229 254 253 258 265 266 270 276 275 268 268 266 260 257 259 255 268 273 279
335 61 67 81 65 89 132 131 126 123 119 112 105 102 100 95 86 14 31 24 35 41 32 25 37 49 66 73 65 63 59 45 44 35 26 24 29 26 25 33 27 21 11 359 7 1 6 3 12 17 343 325 319 328 342 344 359 7 8 355 335 324 319 315 309 301 292 281 273 267 261 256 252 250 243 234 231 235 236 232 222 210 240 241 240 246 250 253 254 253 258 229 208 240 221 42
62 67 71 52 66 83 108 115 115 116 118 114 104 95 91 92 29 12 39 27 17 61 17 13 37 55 71 76 74 70 57 41 35 32 24 25 35 24 26 44 32 22 13 2 2 357 2 359 354 22 14 340 333 347 348 348 0 13 18 10 354 340 330 323 317 310 305 299 287 275 264 275 273 253 250 262 252 259 262 256 235 206 187 230 217 160 150 150 218 234 203 114 226 274 299 24
91 71 57 48 66 77 86 94 98 104 89 109 101 93 88 87 350 17 37 29 42 60 36 12 31 56 74 79 66 53 46 34 30 33 29 27 37 27 28 46 30 27 42 47 23 350 351 350 346 13 13 339 337 335 352 348 356 12 21 18 8 357 345 333 323 315 312 314 312 300 284 281 281 259 256 257 262 258 247 232 211 272 260 260 270 271 251 239 232 202 142 254 294 31 24 17
63 44 10 50 66 71 67 79 83 89 95 98 97 93 89 86 345 20 35 25 43 38 17 24 29 67 82 84 63 47 43 38 26 33 34 31 35 29 31 45 35 45 49 46 40 34 9 353 351 350 352 333 333 336 329 340 346 4 21 26 21 11 360 329 329 319 314 316 322 324 313 301 282 276 281 262 252 235 275 269 245 192 186 224 240 259 261 246 150 157 169 240 256 271 271 350
49 44 54 65 72 70 70 73 76 81 83 86 90 91 68 87 339 32 31 20 37 35 31 30 33 73 85 85 54 43 49 35 27 30 32 38 39 32 30 43 45 47 34 45 39 33 10 350 344 340 342 337 338 342 348 308 337 346 16 30 30 24 14 357 339 328 319 315 320 330 331 323 297 305 296 287 293 269 233 223 220 223 194 166 165 161 149 122 68 348 342 332 328 265 348 350
55 75 66 83 80 75 72 73 77 62 79 79 83 87 90 88 335 38 30 23 27 31 41 37 53 78 85 79 47 46 56 42 26 28 31 41 37 28 30 43 46 46 46 46 42 35 354 358 350 2 1 334 339 353 346 340 310 355 359 25 31 27 20 8 353 339 328 311 318 325 333 333 313 311 306 303 299 291 314 267 324 333 355 10 14 11 3 359 359 1 359 349 343 341 342 294
354 357 65 77 84 80 76 57 61 60 60 60 60 66 88 87 337 40 33 29 25 36 54 49 68 82 84 57 38 51 55 36 25 28 34 37 33 27 31 45 42 31 48 27 44 36 32 354 349 348 358 357 345 353 346 337 328 306 339 11 28 28 22 14 5 355 344 334 312 325 330 336 316 309 307 311 315 311 310 303 334 338 314 358 1 359 356 355 358 3 2 358 354 352 348 346
353 356 30 65 80 76 73 58 59 58 60 59 77 79 81 76 341 45 35 30 24 52 63 49 74 85 78 45 44 55 51 31 21 28 44 40 27 18 32 47 42 25 46 47 45 37 354 30 11 14 6 1 347 8 351 335 346 359 330 352 21 28 24 18 11 3 357 350 343 338 325 327 316 307 306 338 328 326 327 322 311 306 317 347 352 354 354 354 357 1 2 1 322 358 355 352
340 348 42 54 75 72 70 56 56 55 60 59 85 84 78 62 344 46 43 30 35 65 66 50 80 87 57 48 64 56 41 27 22 37 51 42 22 11 31 48 43 23 44 45 30 40 33 1 2 358 11 0 349 22 3 359 349 10 354 348 6 24 26 21 14 7 2 358 352 349 325 323 324 322 319 322 334 331 334 335 318 306 311 340 341 348 353 352 351 354 358 2 3 2 321 317
16 27 38 51 74 72 55 55 53 54 60 64 69 92 81 62 344 57 59 28 54 72 61 57 85 85 52 64 65 47 30 23 22 52 53 38 18 11 30 46 49 23 23 43 46 43 37 358 1 11 354 350 350 12 22 354 358 16 4 351 358 16 26 23 17 11 5 343 338 343 348 341 339 337 331 328 336 335 336 343 330 312 307 310 339 342 351 309 311 347 351 359 4 6 310 0
0 23 42 49 52 56 57 56 52 54 66 95 67 96 87 72 348 67 63 34 63 73 62 74 91 62 52 55 47 42 32 21 44 55 44 27 18 16 29 41 48 17 18 42 45 24 41 35 357 15 357 356 357 11 22 10 352 339 339 325 357 7 20 22 19 13 7 3 335 338 349 349 344 341 341 336 335 340 336 335 334 315 304 305 313 344 348 327 308 302 344 353 359 4 315 312
8 30 37 42 47 53 58 56 51 73 79 89 95 59 90 84 19 66 52 48 63 70 75 97 62 50 55 51 40 43 37 24 47 50 32 34 10 23 28 40 41 17 13 33 43 45 10 17 355 9 5 360 359 13 13 13 354 340 343 334 1 3 13 20 20 16 11 347 1 333 343 349 348 343 349 353 335 341 343 327 322 318 346 348 316 349 329 327 318 356 348 306 352 358 5 317
3 27 34 37 43 53 62 57 52 73 77 82 84 51 85 73 37 63 55 59 67 75 83 63 25 50 54 47 41 48 42 28 48 39 26 31 7 21 31 42 29 17 16 29 39 42 22 38 357 10 11 3 5 14 14 14 354 356 20 15 337 1 7 16 21 0 357 353 343 333 334 343 349 344 352 356 345 341 347 337 330 333 325 322 324 353 334 318 319 314 356 353 306 352 359 3
14 29 35 37 44 58 58 57 60 80 82 79 78 47 80 57 49 68 63 69 81 93 84 98 102 42 46 45 42 50 56 28 35 30 20 63 6 19 39 50 18 10 19 26 32 41 33 9 1 8 12 2 4 18 20 18 352 350 354 349 335 3 4 13 21 1 18 350 11 5 359 327 335 338 352 353 356 354 346 326 339 348 336 328 326 354 355 333 331 333 323 358 357 306 338 358
11 29 35 37 42 53 57 58 57 89 70 87 55 83 78 346 74 81 74 95 99 101 61 102 101 38 45 49 42 49 51 27 22 32 16 25 52 18 47 50 23 6 10 24 41 25 32 33 5 357 10 358 358 21 33 34 30 346 6 355 17 331 357 6 17 22 20 14 11 7 2 358 354 331 345 352 353 353 347 341 332 348 347 339 328 356 354 0 2 1 1 330 320 316 308 335
16 30 35 31 38 58 67 56 61 71 95 48 90 85 75 44 74 86 95 101 104 75 106 105 110 36 46 60 46 39 49 30 23 40 18 21 16 21 52 43 19 21 4 11 27 29 29 42 43 38 359 360 353 28 30 31 26 21 19 23 21 15 10 330 8 17 19 13 10 8 3 1 359 355 327 335 347 350 344 345 321 340 354 349 329 331 354 359 2 2 339 343 338 318 1 348
14 30 35 57 40 60 65 67 59 55 89 89 92 88 74 70 87 97 105 108 73 64 109 107 110 23 56 74 43 19 46 40 37 33 18 7 12 39 50 22 18 35 15 2 359 18 27 38 43 39 34 353 359 25 23 24 25 20 19 23 24 20 15 9 352 8 16 15 11 9 4 341 1 358 352 346 344 345 349 351 350 325 352 359 346 327 328 336 348 3 332 333 345 323 8 6
15 31 35 30 45 58 63 78 58 53 83 86 91 91 85 74 99 106 114 67 65 110 110 112 114 29 75 106 37 14 41 53 40 23 16 12 17 53 47 14 24 32 32 8 356 6 24 37 43 14 15 35 27 21 20 21 26 24 19 24 1 22 18 13 4 2 12 351 12 351 6 2 354 360 355 349 331 343 344 353 356 354 335 354 2 349 330 327 324 350 341 329 348 351 327 10
21 34 34 36 49 54 66 80 56 51 81 89 91 90 41 99 104 107 111 57 58 115 112 113 356 50 77 73 40 21 48 56 22 22 26 16 44 56 28 20 40 16 15 8 2 357 16 37 45 22 3 1 24 22 23 23 27 15 9 23 24 4 18 15 10 335 8 4 14 10 7 2 354 356 339 354 328 340 341 352 358 1 319 339 359 1 353 336 333 323 335 326 329 346 351 8
22 33 34 42 51 54 79 81 53 61 80 91 56 84 82 94 106 110 74 62 119 119 119 113 109 51 64 62 48 23 33 43 8 22 29 31 50 47 29 64 65 63 355 5 9 357 8 35 47 31 5 30 25 29 30 27 28 29 26 22 23 9 19 4 15 13 1 5 359 11 8 4 341 354 343 337 333 333 336 351 339 1 3 317 337 359 355 354 353 337 325 326 6 325 335 6
21 32 36 46 49 53 64 64 53 76 82 92 95 37 66 97 63 67 62 54 119 121 128 126 14 57 65 63 49 31 15 41 16 10 31 45 48 40 53 58 62 58 44 21 15 5 12 35 45 47 7 18 35 38 35 33 14 28 27 25 25 8 21 20 347 343 354 2 4 355 351 6 332 342 342 341 340 336 325 314 318 338 342 337 334 343 346 339 352 354 337 328 330 316 4 356
13 29 40 48 43 51 62 59 59 78 85 92 100 46 58 64 66 58 116 118 120 124 136 139 24 73 69 65 54 24 17 78 33 359 26 48 37 37 61 63 65 60 46 28 24 6 8 38 44 46 16 6 357 39 35 35 31 14 28 28 29 27 23 23 356 347 355 358 360 359 7 337 333 339 342 342 343 347 333 3 358 309 328 337 338 338 342 10 9 321 331 330 13 14 13 12
12 29 44 46 42 52 70 71 72 78 84 89 97 42 51 60 66 52 110 114 119 129 141 29 40 63 70 68 58 41 60 75 25 117 2 38 28 36 54 82 72 63 54 31 40 9 17 42 36 35 23 8 9 37 37 36 33 29 29 13 6 8 23 22 358 20 359 357 356 359 2 355 348 9 8 337 334 335 341 332 318 359 321 330 338 342 354 3 11 14 15 12 10 8 8 9
14 31 39 38 45 45 53 57 73 78 84 86 90 48 43 61 63 105 109 113 120 131 138 20 51 73 89 87 65 63 71 62 27 118 344 34 24 27 118 105 91 80 73 33 47 17 14 19 35 61 31 12 49 355 24 40 14 13 33 11 8 7 3 21 355 347 353 353 352 352 357 357 350 336 11 9 8 5 3 329 329 325 323 327 344 332 339 6 10 13 12 9 7 5 5 7
28 36 35 36 49 45 50 57 78 83 86 67 83 89 42 64 58 110 110 112 121 132 134 41 79 143 133 99 63 67 139 56 34 113 124 22 27 27 125 115 108 22 91 30 50 8 2 26 46 44 39 19 52 44 19 39 17 15 16 10 2 7 4 355 349 345 343 348 342 342 349 355 1 357 348 332 335 335 7 323 321 318 3 1 314 3 5 359 7 9 9 6 4 4 5 7
36 42 37 39 51 51 55 58 83 87 87 65 78 78 39 104 54 112 112 113 122 134 11 68 150 144 138 72 58 59 62 45 35 21 120 355 40 31 127 118 109 60 102 18 40 1 353 59 72 70 47 24 53 45 38 22 37 14 30 28 359 352 23 357 356 350 338 340 332 330 332 350 8 9 10 347 344 346 333 12 8 7 6 4 5 5 4 2 4 4 5 4 4 6 7 9
43 46 38 41 50 54 58 56 87 90 87 80 74 73 79 55 49 107 110 114 122 131 37 72 148 143 78 65 63 70 49 30 29 19 6 2 46 32 134 69 71 37 112 9 31 2 48 65 67 67 61 57 349 348 1 17 22 12 10 29 4 1 353 352 354 14 349 348 339 333 331 332 4 4 358 349 346 349 346 331 329 339 332 5 6 4 5 5 359 1 2 3 6 9 11 12
34 53 37 36 43 42 59 61 57 99 94 55 74 45 82 45 97 41 105 110 117 29 56 154 144 139 51 57 74 69 22 8 9 7 4 21 48 65 77 131 69 28 114 106 105 45 56 56 72 69 62 61 351 55 48 351 12 6 9 16 9 1 356 348 347 8 9 347 342 336 334 335 3 1 351 344 337 335 332 330 328 333 341 345 340 341 340 333 3 2 2 5 10 12 14 16
34 42 52 57 39 34 60 89 61 101 65 57 80 51 50 46 51 62 101 106 113 34 62 75 145 139 54 60 58 56 28 4 7 22 38 88 150 144 135 129 129 130 116 102 96 57 55 87 79 74 72 21 359 57 46 41 355 340 3 11 10 5 349 338 339 352 353 352 338 335 331 340 360 358 350 344 341 338 11 8 6 4 4 329 343 347 339 10 4 3 335 6 7 11 12 14
27 39 51 57 33 33 58 85 88 93 97 58 55 55 51 46 50 51 99 105 115 55 53 68 150 142 63 52 32 32 35 2 32 63 161 158 154 150 136 126 128 135 130 116 106 101 98 94 87 80 77 19 356 53 43 40 337 33 343 359 9 359 340 21 12 327 338 342 336 334 328 337 355 353 350 358 13 349 334 9 7 5 6 8 5 334 332 342 8 8 330 11 16 6 7 12
44 47 30 63 35 36 76 70 86 75 62 60 60 54 53 47 43 51 94 102 115 27 55 159 154 147 56 46 150 57 168 30 62 90 168 165 161 157 144 130 132 140 138 128 115 103 97 95 90 81 73 66 56 47 44 42 36 30 23 19 354 351 337 15 13 11 8 331 333 332 328 331 348 347 350 357 7 10 12 333 9 6 329 331 332 5 339 339 339 11 16 340 14 19 17 7
