examples/cougarCreek-fire/createInputs/farsite/7a-cougarCreek-polygonIgnit/cougarCreekFire_08-11-2015_1700_217m_non_neutral_stability_ang.asc
ncols	146
nrows	140
xllcorner	610065.000000
yllcorner	5095217.000000
cellsize	216.586807
NODATA_value	-9999.000000
[rows 0 to 51 of 140, columns 0 to 95 of 146]
178 176 174 173 170 167 164 161 158 183 152 150 148 146 143 140 138 136 133 131 128 132 128 130 131 130 128 128 128 128 127 124 121 120 120 120 122 118 123 126 124 123 126 123 124 124 127 126 125 124 121 119 117 117 117 117 117 113 109 109 110 108 107 108 108 107 105 105 107 110 112 111 108 105 104 106 106 101 97 96 96 98 100 100 99 101 103 98 99 103 104 103 101 105 103 102
178 176 174 173 170 167 164 161 158 183 152 150 148 146 143 140 138 136 133 131 128 132 128 130 131 130 128 128 128 128 127 124 121 120 120 120 122 118 123 126 124 123 126 123 124 124 127 126 125 124 121 119 117 117 117 117 117 113 109 109 110 108 107 108 108 107 105 105 107 110 112 111 108 105 104 106 106 101 97 96 96 98 100 100 99 101 103 98 99 103 104 103 101 105 103 102
182 180 179 177 175 172 169 167 163 160 156 153 149 147 143 141 139 136 134 132 130 131 127 128 129 128 127 127 126 126 126 124 122 121 121 121 121 122 123 124 124 125 125 125 125 125 125 124 123 123 121 120 118 117 116 116 115 113 110 109 109 108 107 108 108 107 106 107 108 109 110 109 107 106 106 106 106 104 101 99 99 100 101 102 102 102 102 102 102 102 101 101 102 103 101 100
185 183 183 182 180 177 175 172 168 165 159 154 149 146 143 140 137 135 133 132 130 129 124 124 125 125 125 124 123 123 123 124 123 122 121 121 120 120 121 122 123 123 123 124 123 123 123 122 121 122 122 121 119 117 116 114 113 111 110 108 108 109 109 109 108 108 109 109 109 108 108 108 108 109 108 108 108 108 105 104 103 103 103 103 103 103 103 103 102 101 100 99 99 100 100 99
189 187 187 187 185 183 180 206 202 195 164 158 152 148 143 140 137 135 132 131 131 128 124 123 122 123 123 121 121 122 123 125 124 122 121 121 120 120 120 122 122 122 123 123 122 122 123 123 123 124 124 122 120 113 115 114 113 111 111 110 110 111 111 110 109 110 111 110 109 108 108 110 111 111 110 109 109 109 107 106 105 105 104 104 104 104 104 104 103 102 101 100 81 83 83 81
192 191 192 192 191 188 186 183 180 201 195 181 157 151 146 141 138 135 133 130 129 128 124 121 120 121 121 120 120 121 123 124 123 121 122 121 120 119 119 120 121 121 122 123 122 122 124 124 124 120 119 117 120 118 116 115 115 114 114 113 112 112 112 111 110 111 105 110 109 109 110 111 112 111 110 109 109 109 109 108 107 106 105 104 104 104 104 104 103 102 102 100 98 80 81 77
196 196 196 196 196 194 191 217 214 207 205 196 169 156 149 144 139 136 136 133 128 126 123 119 117 116 121 117 117 117 122 123 122 122 122 121 120 119 118 115 116 120 117 122 122 119 119 119 120 120 114 121 114 118 117 117 117 116 115 114 113 106 106 112 112 105 111 111 111 111 111 112 111 110 109 109 110 110 110 109 108 107 106 104 120 104 104 104 104 103 102 101 99 78 77 76
201 200 200 200 200 199 197 222 218 217 212 207 186 153 139 147 142 130 133 134 128 126 124 121 117 116 117 117 116 117 122 120 119 122 121 119 119 118 114 113 114 115 116 116 117 117 118 118 118 112 116 115 120 119 118 118 117 116 115 115 107 106 112 112 112 106 111 111 112 112 111 111 110 110 110 110 111 110 110 110 109 108 107 105 105 104 104 104 104 103 102 101 99 97 73 69
205 204 204 204 204 228 202 223 226 224 219 214 198 170 146 151 133 131 134 137 130 128 133 123 118 117 116 116 115 115 118 118 117 121 120 116 115 113 113 113 114 116 116 116 117 117 116 116 116 116 117 117 116 114 112 117 117 116 109 114 106 112 113 114 106 106 105 103 112 111 111 110 110 110 111 110 110 110 110 111 110 108 107 106 105 105 104 104 104 103 102 101 100 98 96 95
209 207 207 208 208 227 229 230 226 224 221 217 257 185 155 142 136 131 135 159 144 128 128 125 111 118 117 117 116 116 118 118 117 118 118 116 114 113 113 114 115 116 117 117 117 117 117 117 117 118 117 118 115 112 116 116 117 116 109 114 113 114 114 107 106 104 103 102 112 111 111 111 111 111 110 110 110 110 111 111 110 109 107 106 105 104 104 103 103 117 102 101 100 99 97 95
227 211 211 212 212 211 228 231 231 230 226 222 210 257 167 153 141 145 137 137 147 124 129 127 122 101 102 102 116 117 118 118 118 118 118 116 114 114 114 113 113 115 116 109 109 109 117 117 118 112 114 111 113 117 116 117 117 110 116 115 115 107 108 108 105 104 105 104 112 111 111 111 111 110 110 111 111 111 111 111 110 109 107 106 105 112 117 103 103 103 102 101 100 99 97 95
214 213 231 233 234 232 214 230 233 264 266 226 213 202 182 166 156 140 141 138 144 124 126 128 124 105 103 101 102 117 118 118 117 117 117 115 115 114 112 110 111 105 107 108 109 109 116 116 111 112 110 114 120 118 112 112 111 111 110 117 116 108 109 107 107 113 113 112 112 111 111 111 111 110 111 111 111 111 111 110 109 108 107 106 105 104 104 103 102 102 102 102 100 99 97 95
215 215 216 234 236 236 218 229 230 233 264 270 271 204 189 170 151 146 146 140 139 123 117 138 125 117 102 102 102 104 119 119 118 118 117 116 116 115 113 111 103 107 109 108 108 107 116 108 110 116 116 115 121 119 112 112 112 111 111 110 110 112 110 114 113 112 112 111 111 111 111 110 111 111 111 111 111 110 110 110 109 108 107 106 105 104 103 103 102 101 101 101 101 99 96 95
216 217 219 220 221 236 221 221 228 229 231 262 265 268 196 176 158 148 145 138 136 127 111 123 132 116 101 102 103 105 106 120 104 105 107 107 106 106 108 107 105 108 109 108 107 116 116 108 109 118 117 116 116 114 112 112 111 112 111 111 113 112 114 112 112 111 111 111 111 111 111 111 111 111 111 111 111 110 109 109 108 108 107 105 104 103 103 102 102 101 100 100 101 100 97 118
219 221 223 224 224 225 226 226 225 231 230 231 225 253 259 251 114 108 117 118 111 112 106 109 123 113 102 102 103 104 105 120 105 105 108 107 104 105 111 113 106 107 106 106 106 107 108 109 111 110 117 116 116 114 112 111 105 112 110 110 114 113 113 111 105 102 101 101 111 112 100 112 111 111 111 110 109 109 109 108 108 107 106 105 104 103 102 101 101 105 114 105 100 122 98 118
221 224 226 227 228 228 243 244 241 237 234 235 257 248 243 252 171 116 137 129 115 116 111 108 113 112 104 103 104 104 103 103 105 106 107 104 103 103 106 104 104 104 105 107 107 108 109 111 110 108 118 117 108 106 112 111 106 110 103 107 107 106 104 103 102 102 103 112 111 112 113 112 111 111 111 110 108 108 108 108 107 107 106 104 103 102 101 100 100 99 103 102 98 113 99 95
223 225 227 228 229 229 229 242 245 242 237 236 270 267 240 226 228 230 198 165 124 121 113 132 111 109 105 104 103 104 103 107 105 105 105 103 103 104 104 101 102 104 106 107 108 108 109 109 107 108 118 108 109 107 104 112 112 102 108 107 106 104 105 104 104 104 113 102 112 112 112 111 110 110 110 109 108 107 107 107 107 106 105 104 102 101 100 100 99 98 97 97 97 98 115 96
225 226 228 229 229 229 238 240 244 269 237 233 259 271 240 217 212 217 210 194 179 156 105 100 102 105 100 101 102 104 105 106 106 107 107 105 106 104 102 101 102 104 105 107 107 108 108 107 107 108 109 113 111 104 103 111 109 99 108 107 105 105 105 106 106 113 113 109 110 111 110 110 110 109 109 109 108 107 106 106 106 105 104 103 102 101 99 95 93 97 96 96 95 96 97 111
227 227 228 229 229 229 229 240 269 275 237 233 247 249 251 246 229 218 212 189 176 151 139 99 102 104 100 101 101 102 104 105 110 108 108 105 108 105 101 101 103 104 106 108 107 107 107 108 108 108 112 112 105 110 101 102 107 107 100 106 107 99 108 107 113 109 111 114 110 110 110 110 110 109 108 108 108 107 106 105 105 105 104 102 101 100 99 95 91 96 96 86 90 94 94 96
228 228 228 229 229 228 239 239 269 274 235 259 249 250 263 265 249 227 217 185 160 118 146 121 103 101 100 100 101 102 104 106 106 126 122 107 111 109 103 102 104 106 108 110 109 108 108 109 113 113 111 105 102 102 101 98 99 108 100 99 107 100 106 105 106 112 112 112 110 110 110 110 109 109 108 108 108 107 106 105 105 104 103 102 101 99 98 88 86 96 95 92 93 93 92 93
228 228 228 240 240 240 239 239 239 273 234 263 281 248 241 253 250 218 163 166 139 100 150 136 118 96 97 98 100 102 103 104 124 128 123 107 107 115 103 103 105 109 111 110 110 110 111 113 122 111 108 103 101 104 97 107 109 100 101 99 98 100 107 105 113 113 112 112 111 110 109 109 109 109 108 107 107 106 106 105 105 104 103 102 100 98 97 96 95 95 82 92 91 91 91 91
227 227 227 239 240 239 238 237 237 275 263 263 290 280 228 177 223 217 208 183 168 104 132 121 106 94 94 96 99 102 102 103 125 131 124 116 103 113 101 106 111 114 112 111 109 107 108 111 111 103 102 101 99 96 108 100 100 102 102 99 99 101 99 113 107 107 106 106 110 109 109 109 109 108 107 106 106 106 105 105 104 103 102 101 99 97 96 96 95 95 83 86 83 80 90 90
227 227 228 228 238 237 236 236 236 269 264 259 282 316 247 173 209 152 200 185 159 129 133 133 114 95 94 95 97 100 100 111 123 105 123 116 103 106 100 108 115 115 112 108 108 108 109 108 103 102 101 98 97 110 111 101 100 100 100 99 101 102 107 107 106 105 104 110 110 109 109 109 108 107 106 106 105 105 104 104 103 103 102 100 98 97 96 96 95 79 93 95 96 97 92 88
228 228 228 229 229 228 235 236 261 270 270 258 265 302 277 243 229 209 190 135 110 111 116 148 133 98 91 92 92 94 95 99 123 130 125 114 103 103 100 106 110 112 110 107 107 107 106 104 103 102 100 116 101 104 102 101 101 101 102 102 104 108 106 110 102 104 103 102 110 109 109 108 108 107 106 105 105 105 104 103 102 102 101 99 98 96 95 95 81 106 109 109 105 104 102 96
228 228 229 230 230 228 235 234 233 269 281 266 261 291 291 249 226 208 189 171 134 104 98 123 125 98 86 89 86 89 98 102 118 130 109 108 104 103 101 107 109 106 107 117 107 104 104 106 104 102 103 116 102 102 101 103 105 106 105 104 103 108 96 94 105 104 102 102 110 101 108 107 107 106 106 105 104 104 103 102 101 101 100 99 97 95 94 94 94 112 110 105 102 105 107 102
228 229 230 230 230 228 234 234 231 264 280 271 255 261 293 266 228 206 190 174 156 102 96 112 117 97 83 85 83 92 100 118 119 105 124 113 103 102 104 109 111 105 105 105 106 117 109 118 103 101 119 103 101 100 100 105 106 114 104 102 102 107 95 101 106 103 102 104 105 105 105 107 106 106 105 104 103 103 102 101 100 99 99 98 96 95 93 93 100 104 113 108 101 102 107 103
229 230 230 230 237 236 234 231 249 254 272 265 257 247 263 284 231 204 183 167 142 96 98 118 114 97 78 83 85 92 103 107 103 101 103 106 104 103 104 104 102 100 101 102 103 103 102 102 100 99 115 98 99 98 98 102 104 104 102 101 101 107 106 99 99 101 106 105 105 105 105 106 105 105 104 104 102 101 101 100 99 99 98 97 95 94 92 91 86 93 108 89 105 102 103 83
231 231 231 230 235 235 235 232 241 245 261 268 270 245 236 246 227 203 174 158 128 97 96 165 93 75 65 78 89 95 103 104 101 104 109 110 106 106 105 102 101 100 101 103 105 104 103 105 103 96 112 96 98 97 98 103 105 102 101 101 102 102 105 109 112 112 108 104 101 99 99 105 104 104 103 102 101 100 100 99 99 98 97 96 95 93 91 89 83 84 85 88 88 87 84 83
232 232 232 231 230 235 235 234 231 249 260 271 283 249 229 230 217 199 181 156 129 100 78 259 58 46 52 68 89 97 104 102 102 107 109 108 110 108 103 103 104 103 105 107 109 118 118 118 96 114 111 96 98 100 101 106 104 103 105 108 108 107 107 108 108 109 109 106 102 100 99 104 103 103 102 101 101 100 99 98 98 97 97 96 94 91 89 88 77 75 87 87 73 77 84 82
234 233 233 232 231 235 233 255 265 259 262 269 287 310 248 228 215 197 179 147 126 96 26 281 121 59 59 71 84 96 102 104 104 106 107 108 111 106 103 105 106 107 113 117 117 116 117 98 115 116 113 96 99 99 106 107 105 104 104 104 104 103 104 105 104 105 104 103 102 102 100 102 102 102 101 101 100 99 99 98 97 96 96 94 92 90 89 88 86 75 76 77 82 84 80 81
235 234 233 232 231 236 232 229 252 255 254 267 270 298 284 220 200 146 115 116 104 82 13 276 227 156 90 89 86 94 101 104 106 106 107 111 109 100 106 111 113 114 117 116 116 116 102 99 119 118 115 99 97 104 105 100 98 99 101 102 102 104 105 104 102 101 99 98 97 95 93 102 102 101 101 100 99 98 98 97 96 95 94 92 91 90 89 87 86 86 87 86 82 77 73 80
237 235 234 233 231 237 234 230 248 251 245 247 251 256 282 212 188 169 139 121 101 98 133 242 211 172 128 107 92 94 96 103 107 107 108 109 100 100 108 114 113 113 117 116 116 116 119 104 124 119 114 109 96 99 94 92 96 100 101 101 103 105 105 102 100 99 101 101 100 99 98 101 102 102 99 99 98 97 96 96 95 94 92 90 90 89 88 86 85 87 85 83 79 75 75 78
237 236 235 234 232 240 236 230 247 251 252 251 263 268 271 221 186 176 164 146 124 108 144 185 181 165 140 119 102 94 94 100 107 109 105 102 102 104 109 105 112 113 115 115 116 116 118 128 124 120 115 109 92 94 94 96 101 104 103 101 100 101 102 104 105 104 108 102 110 112 98 106 104 98 98 98 97 105 110 94 93 92 92 90 88 86 85 84 108 86 81 80 80 81 83 76
236 234 246 232 244 240 236 231 252 251 258 269 283 277 266 232 191 175 172 157 137 117 130 141 146 150 141 124 114 93 95 101 107 109 108 107 109 112 113 112 111 111 114 114 115 119 120 125 121 122 118 121 118 100 98 102 104 105 105 106 104 102 103 104 103 103 101 103 102 99 92 90 98 98 97 97 96 94 106 92 91 90 90 90 87 84 83 82 108 104 83 82 82 84 86 74
234 233 233 244 241 237 233 262 263 262 257 259 266 273 279 239 201 189 217 57 87 110 127 130 131 138 133 124 111 94 105 104 105 109 107 106 107 109 111 111 109 109 110 110 111 115 118 123 118 119 117 112 116 117 116 111 104 103 105 106 107 104 101 98 97 97 97 94 87 96 97 97 88 95 101 101 99 92 92 91 90 88 88 89 87 83 81 80 106 106 85 81 82 81 78 73
233 232 233 231 238 236 229 221 251 250 241 226 229 237 261 253 147 137 236 144 127 135 133 139 143 154 143 111 106 95 107 106 103 105 104 102 101 100 100 99 103 105 106 110 110 111 110 115 123 115 114 111 108 114 112 112 108 106 105 103 101 99 96 94 92 94 91 97 97 96 96 88 93 96 98 98 91 91 90 89 88 87 87 86 84 82 80 79 104 105 89 83 81 79 78 71
226 227 228 235 232 277 272 213 244 239 230 222 213 216 215 208 173 164 191 184 170 157 148 144 140 142 141 129 113 106 109 112 105 103 103 98 94 93 94 94 93 94 111 111 109 108 110 113 115 121 114 113 108 105 101 99 109 109 109 108 107 106 104 101 97 92 92 91 93 94 89 89 89 88 91 90 90 89 88 87 86 86 85 84 82 80 78 77 98 101 97 84 79 80 82 70
221 221 223 230 225 219 213 239 196 222 217 220 211 205 192 183 171 168 167 165 163 156 146 142 140 144 133 125 129 119 108 110 114 114 114 113 107 104 103 102 100 99 101 108 107 107 108 110 105 112 117 112 109 107 104 102 100 100 101 102 103 103 104 104 104 105 105 106 106 106 104 106 92 87 87 88 87 87 86 85 84 83 83 82 82 79 76 75 96 98 94 80 76 75 74 68
215 214 216 224 219 211 205 198 218 213 215 212 206 193 184 176 169 167 164 161 158 155 144 136 139 148 131 121 122 101 106 102 109 115 118 120 119 118 115 113 106 102 96 97 108 109 108 107 110 110 107 112 106 102 100 97 95 95 95 94 101 102 102 102 103 103 103 103 103 103 102 101 101 100 95 81 82 82 82 82 82 81 80 80 80 79 76 73 94 90 100 75 74 73 72 66
207 206 209 215 210 204 198 193 220 219 217 209 192 195 186 175 169 167 163 158 156 156 140 135 144 154 131 121 116 117 105 101 104 107 111 112 112 108 110 107 105 110 113 112 108 108 106 102 99 104 105 98 98 100 100 96 100 100 93 93 93 100 100 100 100 89 88 88 88 87 87 85 84 99 99 99 98 76 77 78 78 78 78 78 77 76 75 73 70 86 93 82 74 73 73 72
198 198 202 206 202 196 196 186 177 216 213 209 199 199 184 173 168 165 161 156 152 147 135 143 147 154 134 123 118 109 105 104 103 102 102 101 100 103 110 105 100 100 102 102 110 111 111 109 107 105 103 101 96 95 95 94 93 91 91 91 93 90 89 88 87 85 85 85 86 86 86 86 85 84 82 80 77 74 92 94 73 75 76 76 75 74 74 72 69 67 86 94 82 75 72 69
190 191 195 200 196 197 185 180 170 213 209 201 188 184 177 171 168 162 163 150 140 136 141 141 148 150 134 127 123 117 111 99 95 93 93 97 99 99 98 101 102 104 102 103 104 100 100 101 101 100 99 100 98 97 96 95 93 92 93 92 86 86 86 85 84 84 84 85 86 86 86 86 85 84 83 83 82 79 74 69 82 70 72 72 71 71 73 72 68 66 65 93 90 78 74 68
185 184 188 187 194 178 182 166 165 155 146 191 180 178 174 170 166 163 152 137 135 141 143 145 153 139 135 132 124 115 112 99 90 89 90 95 97 95 95 97 100 102 100 98 96 95 99 101 101 96 97 93 92 91 90 88 87 85 84 84 83 83 82 82 82 84 85 86 86 86 86 86 85 84 84 84 84 83 79 72 75 86 75 75 68 67 69 70 69 66 65 64 92 82 74 69
181 178 180 179 185 181 176 168 160 152 191 184 175 171 165 164 165 160 151 140 139 143 143 142 152 135 138 131 121 114 115 107 98 90 89 91 93 92 91 92 93 95 94 91 96 98 99 99 96 96 91 90 90 90 87 85 83 82 82 82 82 81 81 82 83 85 86 86 85 84 84 83 82 81 81 82 82 82 80 76 69 67 94 75 66 65 64 65 66 65 64 64 92 86 82 76
175 173 174 172 169 175 170 163 156 189 179 167 165 169 164 165 162 162 150 141 143 137 139 150 152 138 133 129 120 113 115 110 106 100 94 89 89 88 88 88 92 90 97 97 98 100 96 99 97 90 88 87 88 87 85 83 80 79 81 83 83 83 79 80 80 79 77 74 71 70 69 68 66 65 64 75 76 78 78 76 70 66 77 75 64 83 62 61 62 62 62 62 90 88 57 84
169 167 168 167 174 170 165 160 153 172 163 164 171 166 165 162 151 160 143 134 138 141 142 146 152 139 130 130 118 115 114 110 109 105 101 96 91 88 87 86 82 90 93 96 99 92 94 97 90 85 83 82 85 86 84 82 78 78 83 82 81 82 73 71 70 74 78 77 72 73 74 73 72 73 72 68 64 66 72 72 68 65 70 79 63 62 82 60 59 59 59 59 59 83 57 57
164 162 177 162 170 166 180 181 175 160 164 172 166 165 162 156 160 142 136 130 134 138 142 144 141 137 132 127 117 113 112 110 110 108 105 98 96 93 89 83 81 81 84 83 88 92 91 87 82 79 75 78 84 86 85 83 82 82 84 76 74 72 70 73 74 77 76 74 81 90 90 90 84 76 75 79 86 70 67 67 66 65 66 86 71 60 59 59 58 58 57 57 58 56 55 54
158 163 161 157 154 163 166 174 171 162 173 171 164 163 160 145 115 126 136 134 140 136 134 138 138 139 140 126 117 111 109 110 109 108 106 98 99 99 94 88 79 84 92 91 92 90 82 77 74 70 69 73 80 81 80 83 86 76 74 79 79 79 81 83 85 84 82 83 87 88 86 84 79 75 77 78 81 78 67 64 63 64 66 64 73 58 57 57 57 56 56 56 57 55 53 53
153 170 176 179 173 170 164 175 175 173 172 136 161 153 118 117 129 130 142 141 135 129 129 136 138 154 138 126 112 107 109 110 110 107 102 96 98 102 100 102 109 102 102 95 82 79 76 70 70 67 71 68 66 65 67 72 77 92 97 95 91 86 87 92 92 90 88 86 85 83 77 75 77 78 74 74 82 84 72 62 61 61 63 62 78 76 54 55 54 54 54 54 54 54 53 51
167 161 171 163 156 171 174 152 147 173 171 134 128 123 140 152 153 151 144 140 132 131 132 134 140 155 142 125 112 103 112 111 107 110 102 94 95 100 99 109 106 101 103 98 88 71 65 65 61 67 63 63 90 81 76 81 84 88 91 93 83 81 80 87 85 83 82 78 76 75 74 73 72 69 70 69 69 68 63 64 59 59 61 61 57 53 76 63 51 51 60 51 53 53 54 51
150 159 160 155 161 142 139 148 145 142 135 130 126 147 155 148 146 139 137 136 130 134 135 137 138 140 115 120 106 110 116 112 109 110 104 95 93 98 98 100 106 99 100 100 93 87 83 80 82 87 89 87 85 83 85 84 78 80 87 88 82 81 77 75 82 76 73 69 68 66 66 66 64 66 68 63 56 53 57 64 56 56 59 61 59 55 52 49 49 68 61 57 49 50 50 50
148 149 153 161 143 140 150 148 143 139 132 128 127 155 145 142 140 135 136 134 125 121 133 125 140 131 132 104 110 116 118 111 111 108 104 96 93 98 97 96 97 96 95 98 89 85 81 78 75 85 80 77 64 74 66 68 77 77 77 83 83 79 78 74 74 73 79 75 74 71 72 79 70 73 71 71 71 72 55 71 54 53 55 57 58 57 55 52 49 48 72 60 52 46 47 47
