examples/cougarCreek-fire/createInputs/farsite/7a-cougarCreek-polygonIgnit/cougarCreekFire_08-12-2015_0100_217m_non_neutral_stability_vel.asc
ncols	146
nrows	140
xllcorner	610065.000000
yllcorner	5095217.000000
cellsize	216.586807
NODATA_value	-9999.000000
[rows 35 to 69 of 140, columns 0 to 77 of 146]
4.99 5.32 5.79 5.93 6.58 6.73 6.84 6.92 11.96 12.25 12.52 11.81 13.27 14.01 13.80 13.27 13.01 12.55 12.13 11.89 12.50 12.33 12.00 11.61 11.52 10.96 11.09 10.66 9.32 5.09 12.46 10.40 7.14 7.83 7.67 9.01 9.19 9.65 7.88 5.90 7.76 10.79 13.86 15.75 16.29 17.65 19.85 18.65 7.51 5.30 8.98 13.28 15.97 17.39 16.62 15.22 13.19 12.65 15.04 16.51 16.21 16.95 16.36 15.96 15.72 13.48 13.07 11.09 11.16 11.58 11.83 12.99 12.48 12.01 9.85 9.71 9.66 9.68
4.62 4.89 5.30 6.22 6.17 9.41 10.03 6.37 11.66 11.86 11.54 11.13 11.06 13.12 13.29 13.24 13.25 13.22 13.07 12.73 11.88 10.83 10.82 10.28 9.79 9.11 10.09 10.26 8.59 5.96 9.81 8.20 5.94 6.92 8.13 8.19 10.34 11.75 10.66 7.04 4.11 2.24 5.86 14.70 16.19 18.30 19.66 19.25 18.46 0.92 8.26 12.78 14.77 15.36 14.94 14.09 14.03 13.64 14.62 15.56 16.05 16.19 16.36 16.17 16.45 15.70 13.27 13.17 13.55 16.43 14.18 13.34 12.09 11.56 9.80 9.71 9.75 9.75
4.36 4.54 4.86 5.75 5.81 5.81 5.81 10.56 6.02 10.75 10.51 10.77 10.75 12.15 11.65 11.51 11.08 10.88 10.58 10.14 9.92 9.66 9.77 9.59 9.32 9.05 8.85 9.52 8.14 8.05 13.08 10.37 6.75 7.46 4.13 4.17 6.17 9.98 10.68 10.50 5.80 10.91 5.57 8.38 11.72 7.14 7.09 14.96 2.02 5.82 11.81 13.14 13.94 13.73 14.17 14.09 13.26 12.67 12.72 12.94 13.06 12.89 12.88 12.87 12.81 12.58 12.12 11.78 11.63 11.63 12.33 14.17 12.70 10.39 10.11 9.88 9.86 9.76
4.26 4.33 4.55 5.37 5.49 5.45 8.65 5.46 10.12 9.85 10.34 10.49 10.95 10.62 10.66 10.69 10.52 10.46 10.37 10.28 10.03 9.64 9.18 9.18 8.77 8.55 8.52 8.71 8.24 8.65 18.47 14.04 6.80 5.41 2.97 2.06 0.44 5.78 6.86 9.14 13.47 15.45 6.19 7.73 7.42 7.95 7.71 5.91 1.94 4.71 13.88 15.55 13.32 12.60 13.51 13.63 13.25 12.62 12.35 12.54 12.81 12.60 12.70 12.76 12.62 12.32 11.62 11.18 11.26 11.48 11.67 11.57 11.22 11.26 12.25 12.53 10.16 9.86
4.22 4.24 4.36 5.08 5.12 5.17 9.20 5.12 9.76 9.99 10.15 10.22 9.03 10.39 10.38 10.37 10.23 10.24 9.98 9.84 9.80 9.53 8.86 9.00 8.93 8.85 8.05 8.59 7.65 7.31 19.61 18.02 6.48 3.54 1.39 2.54 4.17 6.48 9.59 7.94 6.09 15.27 8.63 10.78 16.75 21.80 6.29 4.77 0.73 6.24 9.66 15.25 15.47 16.33 14.42 13.57 14.43 13.31 12.42 12.70 12.20 12.39 12.77 13.18 12.88 11.84 11.16 10.87 11.20 11.50 11.38 11.06 10.82 10.69 10.52 10.16 10.38 10.14
4.15 4.10 4.21 4.97 4.95 4.80 8.52 4.77 4.78 9.64 9.78 9.70 9.43 10.35 9.82 9.77 9.76 9.81 9.43 9.19 9.23 8.84 8.52 9.14 7.76 8.32 7.78 8.17 8.66 4.04 17.07 17.30 8.36 5.85 1.16 0.46 1.89 5.09 12.54 12.06 11.70 10.17 9.62 7.68 9.22 10.03 8.84 3.91 3.85 8.52 11.95 14.11 13.05 12.80 13.18 13.67 13.53 12.47 12.71 13.02 13.51 11.88 12.72 12.80 12.28 11.86 11.45 11.21 11.34 11.57 11.29 10.92 10.62 10.62 10.32 9.88 9.84 9.84
4.16 4.04 4.05 4.90 4.82 8.38 4.59 4.52 4.38 9.14 9.35 9.33 8.80 9.31 9.22 9.24 9.71 8.96 9.21 8.60 8.49 8.29 8.50 7.03 7.25 7.68 7.39 7.70 8.16 6.52 18.45 18.81 10.13 6.48 2.62 0.64 2.90 5.48 9.60 15.91 16.50 15.73 15.32 16.12 18.40 8.79 8.91 5.77 1.87 5.75 9.09 10.63 12.27 13.92 14.60 14.66 14.34 13.84 14.05 14.26 12.21 11.99 12.82 12.77 12.34 12.01 11.88 11.70 11.65 11.70 11.42 10.93 10.59 10.56 10.38 9.75 8.99 8.63
4.18 3.96 3.88 3.89 4.66 3.75 4.37 3.65 4.07 3.81 3.64 8.69 8.27 9.03 9.25 9.31 9.29 8.68 8.28 7.69 7.94 8.03 7.65 6.97 8.03 6.84 6.96 7.65 7.06 6.63 18.00 26.35 23.29 16.04 8.65 5.66 4.54 7.68 10.13 13.45 16.35 15.94 15.21 15.83 18.25 18.72 19.55 18.70 3.25 3.96 8.76 10.03 11.89 13.54 13.86 13.53 13.27 13.05 13.32 13.46 12.60 12.32 12.89 13.01 12.63 12.36 12.21 12.08 11.86 11.73 11.52 10.95 10.56 10.56 10.95 10.18 8.32 7.15
4.38 4.08 3.87 3.81 4.37 8.69 4.13 4.01 3.76 3.58 8.34 8.92 9.26 9.32 8.64 8.64 8.77 8.25 8.01 7.58 7.70 7.73 6.88 6.49 7.50 6.39 7.53 6.53 6.36 6.09 12.46 26.44 34.74 36.11 28.96 16.32 10.70 11.56 12.89 13.12 13.28 14.46 15.08 14.39 5.36 2.53 5.21 7.22 4.43 2.70 7.54 10.28 12.25 13.73 13.75 13.46 13.36 13.26 16.08 13.58 12.88 12.47 12.90 13.18 12.99 12.71 12.31 12.16 11.98 11.73 11.52 10.95 10.69 11.03 11.90 11.23 8.98 7.27
4.69 4.41 4.15 3.92 3.81 4.56 4.02 3.85 3.63 8.05 9.05 8.04 8.10 9.10 8.66 8.95 8.77 8.69 7.88 7.97 8.23 6.73 6.52 7.22 7.23 6.67 6.35 6.15 5.99 6.40 10.04 15.98 26.87 39.94 45.60 36.56 25.23 23.80 23.11 22.05 19.17 16.33 14.03 10.18 4.44 2.51 4.47 6.08 6.06 2.60 5.32 10.33 12.85 13.89 13.72 13.38 13.41 13.59 13.88 13.63 12.90 12.67 13.24 13.40 13.47 13.35 12.85 12.87 13.21 12.99 12.65 12.16 12.23 12.65 13.25 12.59 11.17 9.26
4.83 4.58 4.38 4.12 4.84 4.57 4.28 3.97 3.67 8.76 7.44 7.80 8.62 8.30 8.60 8.74 7.29 8.12 7.14 7.03 7.56 7.40 7.06 6.84 7.33 6.56 6.13 6.67 5.92 7.50 10.08 11.63 15.22 25.99 41.73 45.61 37.83 39.14 37.53 32.58 29.05 24.10 18.35 11.96 7.52 5.54 3.08 4.45 6.25 2.68 2.73 11.23 13.54 14.06 13.71 13.16 13.25 14.01 14.25 13.85 13.02 12.96 14.15 14.75 15.21 15.94 14.82 15.67 16.46 16.38 15.52 13.79 14.26 14.77 14.68 13.27 14.76 10.57
5.20 4.89 10.36 4.25 5.05 4.80 9.05 8.96 9.34 7.32 7.94 8.43 7.59 8.41 8.74 8.12 8.29 5.85 6.23 6.21 6.59 7.03 7.26 8.69 6.23 5.93 5.73 6.02 5.75 7.33 10.15 11.75 16.95 21.66 32.50 38.89 31.99 37.67 42.38 39.33 35.45 28.53 22.91 19.15 12.27 6.02 3.22 4.09 13.87 10.79 3.62 10.29 14.89 14.27 13.50 12.95 13.00 14.06 14.66 15.11 14.70 14.57 15.70 17.51 17.74 16.81 14.55 15.21 13.91 15.83 14.90 15.68 14.20 12.68 14.84 12.87 14.39 15.08
5.56 10.08 6.46 4.50 4.25 5.20 8.19 9.20 8.95 8.02 8.70 7.60 7.02 7.77 7.71 6.18 1.43 4.00 5.81 6.32 7.69 8.70 8.24 8.62 6.66 5.79 6.03 5.72 5.58 7.57 9.65 12.58 17.75 22.83 29.97 28.96 14.64 17.01 27.70 32.50 30.97 22.30 22.93 24.04 16.55 8.53 6.86 12.65 9.56 8.45 7.11 13.40 16.96 14.63 13.65 13.41 12.99 14.14 16.96 18.28 17.57 17.75 18.62 18.55 18.18 16.71 15.23 13.19 15.17 15.00 15.31 14.12 14.80 12.85 12.58 12.26 13.37 14.59
5.79 11.12 9.99 9.57 10.29 9.38 8.98 8.78 8.32 8.74 7.48 3.02 6.52 6.18 1.84 1.90 4.37 4.18 6.04 7.14 7.04 7.92 7.71 7.19 5.81 6.14 5.01 5.49 4.73 6.01 8.54 11.48 15.56 24.53 30.38 22.89 5.89 6.89 10.91 14.82 16.71 17.79 20.99 26.78 24.69 17.72 13.05 12.28 13.33 9.81 8.39 14.88 18.52 16.74 15.54 15.84 15.92 17.60 15.63 15.59 16.65 18.14 18.02 16.83 16.42 15.64 14.80 14.51 14.77 15.82 14.20 14.44 14.68 12.82 12.59 12.11 12.30 15.40
11.64 7.60 11.11 9.75 6.44 9.67 8.72 4.72 4.39 7.79 7.30 3.05 2.61 2.29 5.55 7.01 7.61 8.08 7.41 7.32 6.82 9.00 8.31 6.04 5.93 5.97 5.43 5.40 5.01 3.98 8.38 10.49 13.14 24.64 29.87 21.67 6.42 6.39 5.98 12.86 16.91 15.08 15.16 19.78 26.29 25.99 21.62 17.97 13.80 7.73 12.23 16.73 17.31 20.90 21.46 18.12 13.99 14.58 15.33 14.92 13.62 13.96 14.78 17.53 18.52 16.52 16.11 15.77 13.78 14.18 14.43 14.47 14.89 14.91 12.65 12.05 12.05 12.97
8.59 10.97 10.26 7.20 6.79 4.57 4.34 4.69 4.53 4.18 3.38 2.83 2.73 5.89 8.25 8.11 7.95 7.36 7.06 7.02 6.75 8.06 8.03 8.12 7.61 6.25 4.35 5.09 3.59 5.53 9.85 10.07 13.58 24.31 28.71 21.63 10.02 7.14 6.73 13.15 16.60 15.22 9.76 8.27 13.85 19.79 19.50 14.54 8.90 9.47 15.08 15.99 15.38 16.33 18.43 18.05 11.36 10.39 14.30 15.55 13.68 13.04 13.55 14.54 18.30 17.37 16.50 14.57 13.95 14.08 14.66 14.59 12.56 12.61 14.33 12.20 12.30 12.73
9.09 8.53 8.04 7.19 5.32 5.10 5.47 5.19 4.74 4.15 3.47 3.18 3.34 7.43 7.98 7.69 7.63 7.32 7.15 7.02 6.33 6.35 8.25 8.78 9.04 5.94 4.99 3.97 3.43 6.93 9.80 9.83 15.10 23.94 26.31 20.05 12.38 9.71 11.12 17.52 20.49 16.94 9.75 3.27 2.11 8.18 9.53 9.11 10.62 12.14 13.88 14.46 15.93 15.85 18.28 21.67 11.35 7.83 10.24 15.61 15.38 13.12 12.46 13.34 14.94 15.19 16.15 17.30 15.56 13.47 13.61 16.85 14.66 13.99 13.21 13.17 13.26 13.28
12.32 9.01 11.17 6.12 5.85 6.26 5.84 5.51 7.55 4.51 4.19 7.89 8.83 8.38 7.98 7.56 7.42 7.22 7.04 6.87 6.62 6.30 6.18 5.62 7.50 5.80 6.39 4.59 4.29 9.08 10.68 10.80 15.61 23.23 23.39 15.98 11.59 11.82 16.21 21.72 21.31 19.38 10.56 5.28 5.45 2.81 5.15 7.57 9.92 11.91 12.96 14.16 15.78 16.91 19.14 14.86 13.28 4.82 11.12 15.32 15.30 14.27 12.91 13.72 14.14 14.07 13.45 13.76 12.94 11.96 12.17 12.44 12.93 12.51 12.06 11.90 11.79 11.82
10.09 9.68 6.95 6.64 7.25 7.36 9.16 8.96 8.20 7.23 9.10 8.86 5.39 5.15 4.90 4.83 4.76 6.95 6.92 6.82 8.83 6.74 7.08 9.73 5.22 6.43 2.87 5.61 8.29 11.26 12.30 11.34 14.47 21.92 20.34 12.65 11.22 15.51 19.32 20.86 22.75 21.28 12.25 4.83 6.60 6.11 4.58 6.21 9.40 11.33 12.17 13.38 15.45 16.37 18.55 17.82 16.18 9.48 9.82 13.17 12.02 10.81 11.79 13.63 13.62 13.02 13.43 13.62 12.71 11.76 11.56 11.92 12.13 12.20 11.97 11.69 15.07 14.32
10.92 10.47 8.80 8.71 11.53 11.20 7.48 8.66 8.41 8.45 9.55 6.18 5.82 5.43 7.80 7.33 5.12 6.83 6.93 6.75 6.19 6.40 8.52 10.03 5.98 5.19 7.44 8.89 8.56 11.42 12.44 10.01 12.92 20.03 17.88 10.42 10.10 18.19 23.42 24.75 24.86 23.43 18.30 7.56 3.14 6.02 5.36 4.10 8.96 11.03 11.74 12.62 14.30 16.49 17.32 18.79 16.69 12.40 11.73 13.37 12.09 10.21 11.54 13.59 13.10 11.88 12.12 12.99 12.84 12.37 11.93 11.27 11.03 11.53 11.81 11.68 11.45 11.04
10.73 10.77 9.59 11.96 8.88 8.70 7.34 9.10 10.63 10.39 7.01 6.49 6.14 5.84 7.74 7.47 5.66 7.23 6.16 6.50 8.77 9.33 10.41 8.35 7.84 8.01 8.90 8.06 7.53 11.33 12.77 9.72 12.79 18.34 17.68 9.17 9.55 15.24 20.86 22.66 23.72 25.56 22.96 16.62 7.85 1.69 1.73 3.26 8.09 9.84 10.66 12.18 13.76 15.48 17.09 17.41 16.02 13.53 13.06 13.43 12.34 11.26 12.09 13.46 13.53 12.01 10.41 11.33 12.76 12.78 12.48 11.43 10.51 10.75 11.28 11.38 11.19 10.78
9.18 8.00 9.47 9.51 6.71 6.51 7.08 10.95 8.41 7.64 6.92 6.59 6.53 6.34 7.82 6.15 6.39 6.51 6.90 9.81 9.47 11.02 10.62 8.02 7.34 8.27 7.05 5.92 7.57 11.88 12.49 10.29 12.51 17.55 16.43 8.38 10.70 16.35 19.56 19.92 21.63 22.54 24.15 20.89 16.09 10.22 4.70 5.45 9.36 8.49 8.25 10.88 13.28 15.07 16.59 16.41 15.41 14.58 13.79 13.17 12.46 12.20 12.68 13.50 14.13 13.06 10.11 10.23 12.46 12.73 12.49 11.92 10.89 10.64 11.08 11.29 11.00 10.62
9.20 8.31 7.47 7.00 6.65 7.11 7.93 9.36 6.54 5.79 5.55 6.64 5.84 5.70 6.21 6.49 6.46 6.85 11.46 11.67 9.61 11.04 10.22 6.72 7.50 8.18 6.14 6.33 10.00 12.55 11.35 8.75 9.87 14.10 14.02 7.90 11.48 17.72 18.56 18.52 20.33 20.94 21.53 21.70 18.41 14.47 10.95 11.23 10.39 7.89 7.46 8.34 11.08 14.57 16.31 15.64 15.19 15.19 14.33 13.30 12.67 12.41 12.76 13.49 13.92 13.37 11.49 10.95 12.27 12.63 12.35 12.14 11.52 11.05 11.30 11.41 11.02 10.68
10.09 9.12 7.84 7.27 7.51 7.21 10.26 7.32 6.23 5.91 6.14 6.83 6.14 6.00 6.26 5.48 5.91 8.49 8.11 8.34 7.51 10.88 7.03 7.53 7.64 6.95 8.09 7.14 11.93 11.60 8.70 8.32 9.52 12.82 18.70 8.98 13.09 17.12 17.99 17.39 20.64 21.05 20.12 19.16 19.46 15.84 17.89 15.28 13.15 8.62 7.16 6.63 9.30 12.80 15.62 15.20 15.10 15.21 14.49 13.68 13.11 12.57 12.84 13.32 13.23 12.68 11.75 11.53 12.07 12.34 12.24 12.10 11.64 11.33 11.48 11.35 12.87 13.30
10.97 9.22 7.71 8.04 8.83 10.00 8.15 6.71 6.15 6.96 6.43 6.61 5.87 6.57 7.07 7.75 7.59 9.51 8.16 6.98 7.65 7.43 7.55 7.53 8.37 7.14 8.61 9.00 11.71 9.70 7.30 9.07 11.44 13.49 16.49 13.57 13.80 15.83 16.27 15.68 17.61 19.14 18.89 17.44 16.52 17.56 18.31 17.37 15.58 13.92 10.88 6.67 5.93 11.11 14.93 15.10 15.10 15.11 14.32 13.69 13.30 12.84 13.07 13.19 12.99 12.66 13.91 11.76 11.95 11.89 11.89 12.04 11.56 11.32 13.04 15.68 15.51 15.42
9.76 7.53 7.32 9.12 10.29 8.78 7.38 6.48 7.15 6.02 7.02 6.91 7.07 7.61 8.34 7.83 5.82 10.73 7.88 6.99 7.90 8.10 7.96 9.71 7.09 7.53 7.34 9.67 8.93 7.21 8.19 10.80 11.97 13.31 15.48 15.40 14.71 15.05 15.80 15.76 16.33 17.24 17.23 17.95 16.35 16.41 16.99 17.61 17.54 15.52 13.49 11.01 10.46 11.41 14.63 15.45 15.50 15.47 14.44 13.72 13.47 13.17 13.17 12.93 15.01 12.74 12.56 12.45 12.33 11.86 11.66 11.95 13.46 13.59 16.36 15.70 13.87 15.45
8.51 7.51 8.36 9.83 9.11 8.30 7.31 6.98 7.26 7.39 7.52 7.90 8.53 7.29 8.15 9.19 15.03 10.32 8.90 8.70 8.06 11.47 10.42 7.39 7.16 7.83 8.75 7.66 7.18 8.35 10.89 12.11 11.89 14.00 15.68 15.68 14.99 15.09 15.25 15.75 16.02 16.88 16.69 18.08 18.19 17.51 17.70 17.49 17.18 15.58 13.30 11.25 10.70 11.94 14.18 15.51 16.15 16.89 16.28 15.47 15.31 15.11 14.87 14.44 12.40 12.31 12.64 12.96 12.82 12.21 13.11 14.32 16.20 16.19 14.45 15.97 15.50 14.84
9.43 9.30 9.75 9.69 8.80 8.25 7.59 7.39 7.71 8.09 8.77 7.39 7.93 8.34 7.01 13.28 11.67 9.92 7.88 9.00 8.35 11.50 11.87 9.08 7.75 8.02 7.11 7.12 7.66 9.70 11.95 11.59 10.57 14.34 16.16 15.07 15.36 15.07 14.85 15.08 15.74 16.41 15.72 15.63 17.75 17.43 18.02 17.34 16.98 15.42 13.36 11.80 11.26 13.44 13.66 15.15 14.41 15.78 18.54 19.92 16.37 16.20 15.84 14.77 14.09 12.28 12.59 13.85 14.51 14.91 16.59 16.28 16.45 14.49 16.37 15.44 14.72 14.58
9.58 9.51 9.58 9.27 8.74 8.28 7.84 8.01 8.84 7.29 8.13 8.44 8.71 6.67 9.42 16.17 11.19 8.48 9.26 12.11 12.42 12.15 11.98 10.92 8.05 8.18 8.50 7.21 8.34 10.05 11.17 9.96 10.46 15.59 15.96 14.79 14.83 15.24 14.76 14.86 15.63 16.61 15.63 14.78 15.91 15.98 15.94 16.81 17.21 15.42 13.59 12.44 11.78 13.89 13.33 14.75 11.92 15.39 16.93 16.72 14.60 15.13 20.14 18.73 17.44 14.54 14.38 16.38 15.52 18.46 16.74 16.38 16.89 17.03 16.30 14.88 14.38 12.97
9.59 9.53 9.57 9.37 8.98 8.69 8.83 9.80 8.31 8.85 7.06 6.75 6.88 8.08 14.46 13.25 10.60 9.26 9.24 12.35 9.61 9.29 11.96 11.07 9.09 8.70 8.45 7.76 9.84 10.62 10.91 11.96 13.19 15.06 15.19 14.46 13.87 14.70 14.44 14.24 15.58 16.80 17.80 15.32 15.25 15.69 15.29 14.68 14.77 17.02 14.99 12.81 11.91 12.06 13.03 14.34 15.15 14.62 14.82 16.09 14.20 13.48 14.76 15.99 16.55 16.69 15.55 14.69 13.38 14.84 15.84 13.47 14.55 14.89 14.16 14.73 13.09 13.62
9.81 9.80 9.89 9.80 9.73 10.05 10.87 9.04 9.43 8.67 10.26 10.72 13.21 15.14 14.18 12.52 10.00 8.97 7.77 12.56 8.34 8.79 11.81 11.96 9.66 8.37 8.29 9.83 9.38 9.77 11.02 13.86 14.08 14.79 14.78 13.72 13.41 14.19 13.84 13.29 15.21 16.92 17.68 15.37 15.14 15.32 14.60 14.87 14.10 14.24 15.62 13.43 12.28 12.34 10.98 14.02 14.85 15.19 14.95 17.22 13.95 14.30 14.29 15.20 15.34 16.33 15.81 15.69 13.40 13.64 16.10 15.30 14.56 14.26 14.13 15.77 15.85 14.26
9.62 9.68 10.05 10.50 8.08 9.17 9.59 7.50 8.42 9.41 11.46 13.66 16.79 15.01 12.96 12.19 8.36 8.79 7.85 9.96 8.60 9.18 9.52 9.26 10.11 8.21 8.47 9.85 8.73 9.80 12.60 14.77 14.37 14.32 14.03 13.32 12.80 14.37 13.31 12.29 14.94 16.67 17.38 17.77 14.31 14.27 13.92 14.13 13.77 12.14 14.86 14.32 12.69 15.19 13.08 13.74 14.47 15.20 15.30 14.37 18.83 13.99 15.90 14.90 14.94 15.43 13.94 15.57 17.07 17.53 16.38 13.72 15.94 15.22 15.17 17.13 15.04 14.79
9.80 10.20 11.09 8.73 9.42 10.00 7.71 8.36 9.46 11.03 14.12 16.29 17.56 15.97 13.85 11.46 7.82 8.05 7.84 12.16 9.25 9.80 9.79 9.40 10.76 8.27 8.68 10.23 10.23 12.76 14.54 14.77 14.06 13.34 13.43 13.16 12.23 13.87 12.96 11.31 15.03 15.84 18.07 15.04 14.78 16.48 16.94 16.80 17.24 12.98 15.90 14.30 13.53 12.95 12.95 13.27 13.80 15.11 15.90 20.79 13.92 16.37 15.68 13.35 14.57 15.56 14.71 13.38 14.06 18.00 16.54 16.01 15.74 14.79 13.38 11.58 12.89 12.44
10.47 11.10 12.21 10.40 10.92 11.83 12.93 13.44 14.49 14.60 17.83 14.91 15.37 15.18 14.23 10.96 6.06 4.49 8.68 10.45 9.65 12.31 9.94 12.24 11.36 9.74 10.93 10.62 11.99 13.60 14.55 14.71 13.94 13.28 13.11 12.64 12.30 13.37 12.47 11.57 13.76 12.94 16.48 14.45 14.70 14.65 14.66 17.82 14.79 15.66 16.75 13.69 13.10 13.20 13.27 15.00 12.69 14.38 16.20 17.01 18.49 16.34 14.73 15.94 13.76 14.19 13.44 12.82 14.02 16.21 17.55 16.82 14.41 14.16 15.26 12.38 12.22 14.28
10.83 11.34 12.53 11.88 13.75 16.66 16.49 15.89 15.33 15.17 17.78 17.63 18.68 15.61 14.09 9.70 4.04 3.48 11.19 10.51 10.68 12.50 12.81 12.42 10.88 10.17 11.78 11.09 13.25 13.37 12.72 14.58 14.61 13.22 12.91 11.73 11.63 12.95 12.39 11.26 10.87 9.85 16.05 16.27 14.98 14.57 14.62 14.75 14.96 14.82 14.84 13.61 13.36 13.38 13.61 12.85 13.34 12.75 15.43 15.03 20.48 14.23 13.59 17.75 16.31 16.49 15.74 12.23 13.24 14.22 16.21 16.93 16.33 14.03 15.89 15.63 15.17 12.60
