examples/cougarCreek-fire/createInputs/WindNinja/wrfout_d3.2015081100.f15/cougarCreekFire_08-11-2015_1500_217m_non_neutral_stability_vel.asc
ncols	146
nrows	140
xllcorner	610065.000000
yllcorner	5095217.000000
cellsize	216.586807
NODATA_value	-9999.000000
[rows 105 to 139 of 140, columns 0 to 77 of 146]
7.93 7.91 7.96 8.02 7.60 6.75 6.27 6.03 6.10 6.90 7.61 7.92 7.98 7.84 7.71 7.58 7.43 7.19 6.68 10.41 6.20 5.84 5.59 5.34 8.67 4.88 4.79 8.93 7.30 7.27 8.00 6.32 5.84 5.64 5.66 7.41 6.50 9.84 10.53 8.10 8.56 9.08 9.14 10.98 14.70 13.41 15.93 16.48 15.41 16.01 18.54 20.31 21.98 21.99 20.25 22.33 18.46 18.81 18.88 18.85 22.25 22.15 22.25 22.49 23.28 22.82 22.13 20.45 20.84 20.20 20.49 20.91 21.05 18.65 18.21 17.50 16.99 16.91
8.08 8.17 8.33 8.36 8.20 7.79 7.18 6.29 5.80 6.42 7.33 7.97 7.96 7.76 7.78 7.58 7.29 7.32 6.95 6.57 6.15 5.89 5.74 9.57 5.31 5.08 8.41 9.13 7.75 7.46 7.51 6.93 6.64 5.99 5.98 6.19 4.48 9.40 10.47 7.27 11.65 9.19 8.91 13.29 11.29 12.16 12.93 14.24 16.97 16.57 18.12 19.03 21.52 23.58 22.40 22.98 18.53 19.11 19.21 19.19 22.78 22.66 23.66 22.40 22.00 21.44 20.90 20.98 20.22 19.90 19.77 19.77 20.11 20.77 18.64 18.20 21.19 20.79
8.05 8.08 8.34 8.68 8.56 8.48 8.23 7.71 7.22 7.21 7.53 7.91 7.79 7.61 7.67 7.64 7.33 7.38 7.08 6.84 6.44 6.05 5.90 9.40 8.89 5.29 8.87 8.87 7.47 7.47 7.00 8.13 7.53 6.26 5.81 3.82 6.96 8.67 10.06 8.08 8.37 8.16 9.19 9.88 10.59 11.41 14.82 15.34 13.78 13.89 13.94 15.14 18.85 22.98 27.66 26.04 23.59 19.77 19.66 23.14 23.40 23.71 22.63 23.02 18.83 21.97 22.22 21.96 20.88 20.74 20.29 19.86 19.87 20.31 20.92 18.64 18.40 18.09
7.98 7.74 7.78 8.38 8.65 8.56 8.37 8.17 7.75 7.33 7.37 7.60 7.60 7.58 7.52 7.53 7.25 7.19 7.08 7.15 6.75 6.46 6.17 6.04 5.79 8.67 8.96 8.44 8.04 8.50 8.18 8.71 7.86 5.93 3.98 5.15 6.15 5.03 8.46 9.87 7.21 8.37 9.10 9.64 10.46 13.75 11.64 11.92 12.70 12.57 12.38 13.77 17.94 17.69 25.09 28.90 25.60 20.56 23.61 23.50 24.19 22.85 23.23 19.64 23.02 22.32 21.15 20.62 20.76 20.92 20.95 20.01 19.71 19.97 20.59 20.60 20.28 19.74
8.21 8.02 7.59 7.84 8.37 8.47 8.18 7.97 7.64 7.21 7.15 7.29 7.55 7.52 7.42 7.38 6.97 6.88 6.80 6.75 6.95 6.87 6.72 10.30 9.53 9.65 9.26 8.49 8.99 9.08 8.79 8.60 7.47 5.20 4.21 4.63 5.52 5.00 8.37 7.74 6.96 8.06 8.33 9.20 10.17 10.97 13.92 14.32 14.94 15.78 16.13 12.87 15.02 14.78 21.49 25.81 26.01 24.67 24.26 24.26 24.62 23.31 23.18 20.14 23.88 23.26 21.54 21.04 20.55 20.38 20.04 19.87 19.03 18.19 18.61 19.59 19.96 19.95
8.79 8.46 7.86 7.56 8.11 8.46 8.26 8.19 7.87 7.51 7.40 7.43 7.68 7.55 7.39 7.35 6.85 7.05 6.59 6.54 6.61 6.73 10.47 6.68 6.32 9.66 9.47 8.96 9.41 9.10 8.67 8.01 5.58 3.91 3.91 4.24 2.93 6.13 6.61 5.35 6.54 7.32 8.40 8.88 9.56 10.22 11.25 14.18 13.40 15.28 14.51 14.50 14.88 16.45 19.89 20.81 24.68 25.34 26.16 25.97 26.17 23.65 23.71 20.65 25.28 24.65 24.47 22.36 21.56 20.94 20.77 21.18 20.53 19.50 19.02 19.78 20.08 18.08
8.79 8.78 8.12 7.32 7.26 8.01 8.48 8.67 7.92 7.47 7.59 7.76 7.90 7.60 7.42 7.33 7.16 6.91 6.76 6.59 6.90 6.81 6.73 6.58 6.35 6.14 5.97 5.74 9.34 8.79 5.27 4.80 4.29 3.91 3.74 3.95 5.67 5.97 3.94 4.30 9.42 7.41 7.66 8.26 8.70 9.52 10.70 11.81 12.78 14.84 14.08 14.74 15.40 17.44 19.32 22.71 24.93 26.90 26.50 25.87 25.42 24.76 24.23 21.77 23.32 24.06 24.02 23.70 23.14 22.18 22.06 22.29 18.82 18.14 17.79 17.86 20.08 20.02
8.50 8.55 8.36 7.58 6.85 6.73 7.07 7.99 8.17 7.76 7.71 7.83 7.93 7.63 7.35 7.25 7.02 7.23 7.16 6.85 6.53 6.83 6.70 6.49 6.28 6.15 6.02 9.30 9.16 8.64 5.45 5.00 6.70 6.17 5.02 6.17 5.93 4.36 2.92 3.64 5.02 6.33 7.08 7.92 8.39 9.52 10.18 10.88 10.85 11.71 12.35 12.68 13.30 13.59 12.96 22.13 23.97 25.26 26.16 25.82 24.90 24.09 22.89 21.26 21.96 22.21 21.58 21.97 22.11 21.91 21.33 20.64 21.04 21.36 21.18 20.58 19.98 19.83
8.42 8.40 8.39 7.96 7.40 6.60 6.24 6.49 7.20 7.68 6.80 6.77 7.26 7.45 7.40 7.24 7.11 7.38 7.68 7.23 6.76 7.01 6.42 6.72 6.36 6.17 6.12 6.08 9.23 8.91 5.69 8.21 7.75 6.48 6.21 6.54 5.41 3.45 3.07 3.23 4.28 6.12 6.67 8.20 9.39 11.72 9.56 10.06 9.70 9.59 10.52 10.47 10.88 11.36 13.43 17.70 21.99 24.13 26.03 26.17 25.08 23.78 22.46 21.43 21.60 21.70 21.33 21.00 21.14 20.86 20.14 19.44 19.15 19.20 19.93 20.11 19.47 18.43
8.31 8.18 8.08 8.09 8.04 7.72 7.15 6.61 6.33 6.23 5.90 5.89 6.48 7.12 7.25 7.22 6.95 6.87 7.13 7.06 7.09 7.02 6.96 6.79 6.22 6.32 6.31 6.20 6.11 6.01 9.19 8.57 4.77 6.75 7.31 6.63 4.48 3.22 4.59 3.68 6.73 5.20 7.19 10.44 11.16 11.62 11.67 9.33 9.64 8.95 8.97 8.77 9.67 10.63 13.47 15.09 17.43 20.33 23.28 25.29 24.20 22.78 22.11 21.59 21.59 21.39 21.20 21.07 20.94 20.69 20.14 20.04 19.84 19.14 19.05 18.99 18.18 17.56
8.38 8.43 8.33 8.22 7.99 8.49 8.15 7.62 7.24 6.70 6.36 6.42 6.56 6.79 6.87 7.16 7.05 6.85 6.81 6.89 6.95 6.97 6.95 6.44 6.34 6.60 6.51 6.31 6.17 6.08 9.63 5.55 7.28 7.26 7.22 6.03 4.34 3.54 4.55 3.79 5.87 4.06 8.54 7.77 8.13 8.14 7.98 7.78 8.40 8.31 8.09 8.47 8.81 10.25 12.71 13.66 14.77 16.51 18.96 22.63 22.97 21.35 21.08 21.76 21.95 21.29 20.74 20.78 21.03 21.09 20.63 20.59 20.25 19.23 18.64 18.56 18.17 17.45
8.13 8.31 8.42 8.35 8.21 8.09 8.32 8.09 8.15 7.51 7.31 6.91 6.59 6.66 6.91 6.97 7.30 6.73 7.11 7.05 6.46 6.88 6.82 6.52 6.75 6.76 6.61 6.51 6.32 6.25 6.19 5.64 4.95 4.37 6.92 5.25 3.20 4.87 4.98 3.13 5.14 6.11 5.81 6.76 7.01 6.86 7.04 8.09 7.99 7.89 7.63 8.03 9.21 11.03 12.40 13.31 13.47 14.71 16.47 19.28 21.70 21.14 20.35 21.29 22.03 21.94 21.40 21.02 20.97 20.95 20.43 20.24 19.74 19.04 18.29 18.12 17.73 17.72
7.74 7.89 8.04 8.06 7.93 7.63 7.44 7.66 8.53 8.34 8.15 7.21 6.40 6.32 6.70 7.32 7.40 7.24 7.24 7.16 6.54 6.87 6.66 6.50 6.98 6.82 6.66 6.56 6.47 6.36 6.28 5.68 4.98 4.44 3.95 5.66 6.16 5.60 4.46 2.64 4.47 5.29 4.13 5.30 6.15 6.25 6.67 7.40 7.41 7.41 8.12 9.46 10.57 10.99 11.90 12.90 13.27 14.09 15.18 17.04 19.59 20.01 19.77 20.28 20.74 21.37 21.54 21.36 20.58 19.69 19.55 19.98 19.48 19.07 18.64 18.18 17.62 17.70
7.48 7.55 7.70 8.06 7.97 8.10 7.68 7.70 8.31 8.18 8.58 8.11 7.42 6.91 6.50 6.93 7.21 7.16 7.17 7.13 7.08 6.87 6.67 6.81 6.88 6.96 6.74 6.64 6.58 6.40 6.36 5.74 5.09 4.60 4.04 6.56 3.28 5.68 3.61 3.26 3.84 4.58 3.37 4.27 5.30 6.72 6.89 7.12 7.99 7.71 7.99 9.99 10.67 10.75 11.55 13.29 13.48 14.07 14.99 16.18 16.98 18.45 18.59 19.07 19.39 19.72 20.22 21.14 20.84 19.37 18.53 19.91 20.02 19.81 17.81 17.60 17.57 17.68
7.36 7.40 7.49 7.72 7.85 8.07 7.99 7.89 7.70 7.69 7.97 8.69 8.34 7.33 6.51 6.33 6.53 7.08 6.52 7.08 7.04 6.83 6.72 6.93 7.11 7.02 6.86 6.78 6.70 6.62 6.45 5.95 5.05 4.69 4.28 6.98 6.52 2.85 2.65 2.35 3.34 1.88 2.57 3.57 4.98 5.94 6.28 6.81 7.35 7.87 8.45 9.73 11.75 12.06 12.45 12.87 13.36 13.76 14.39 15.28 16.56 16.88 17.66 18.31 18.80 18.94 19.02 19.99 21.16 20.19 18.17 18.37 19.40 19.86 18.14 17.76 17.47 17.39
7.32 7.37 7.45 7.67 8.07 7.95 8.00 7.85 7.62 7.34 7.24 7.30 7.28 7.15 6.70 6.33 6.34 6.47 6.50 7.00 6.96 6.40 6.69 6.81 7.03 7.09 7.07 6.93 6.77 6.75 6.68 6.19 5.15 4.63 4.50 3.99 3.38 2.84 2.56 2.61 2.94 2.88 2.74 3.10 3.79 4.22 5.53 6.29 6.68 7.17 8.06 8.96 11.43 11.72 12.11 12.47 12.91 13.37 13.82 14.56 15.59 16.56 17.08 17.38 18.19 18.20 19.11 18.89 20.55 20.70 18.71 17.40 17.85 18.27 18.78 17.74 17.40 17.00
7.18 7.27 7.81 7.83 8.01 8.42 8.31 8.07 7.58 7.36 7.25 7.31 7.65 7.25 6.93 6.37 6.22 6.42 6.56 7.05 6.53 6.51 6.76 6.83 6.98 7.15 7.18 7.03 6.87 6.67 6.75 5.78 5.26 5.08 4.70 4.16 3.40 2.91 2.57 2.48 4.02 3.72 2.79 2.35 2.33 3.02 4.58 5.69 6.23 6.61 7.55 8.29 9.15 11.41 11.77 12.15 12.52 12.98 13.41 13.92 14.87 15.16 16.13 16.28 16.30 16.79 18.63 18.46 19.28 21.03 19.55 17.94 17.94 18.43 17.74 17.65 17.51 17.08
7.03 7.39 6.99 6.84 7.43 7.62 7.94 7.54 7.54 7.40 7.75 7.38 7.39 7.33 7.18 6.82 6.37 6.33 6.44 6.45 6.48 6.95 6.99 7.08 7.02 6.92 7.03 6.99 6.99 6.44 6.81 5.96 5.46 4.94 4.93 4.30 3.58 3.13 2.73 4.58 2.53 3.84 2.46 2.02 1.77 2.46 4.05 4.98 5.68 6.13 6.82 7.68 10.81 11.15 11.51 11.91 12.32 12.75 13.13 13.51 14.25 15.23 15.88 15.46 15.38 15.83 18.08 17.34 17.56 20.00 20.26 19.89 17.66 17.78 17.83 17.62 17.45 17.12
6.84 7.34 7.74 6.92 6.63 6.65 7.47 7.63 7.39 7.40 7.30 7.30 7.27 7.79 7.29 7.00 6.68 6.45 6.43 7.00 6.34 6.84 6.91 6.95 7.00 6.80 6.86 6.83 7.04 6.54 6.46 6.65 6.16 5.66 5.14 4.50 3.87 3.40 2.99 2.64 2.44 3.89 3.04 2.59 2.07 4.60 5.39 4.26 4.52 5.25 6.00 7.23 10.51 10.96 11.30 11.68 12.11 12.60 13.82 13.28 13.80 14.72 15.24 14.84 16.03 16.66 17.21 16.49 17.00 18.29 18.97 19.18 19.02 18.09 18.09 17.88 17.62 17.27
6.39 6.77 7.75 7.29 6.80 6.73 6.88 7.13 7.41 7.41 7.20 7.12 7.17 7.20 7.06 6.82 6.56 6.50 6.50 6.47 6.37 6.29 6.84 6.86 6.98 6.96 6.80 6.74 6.99 6.52 6.46 6.76 6.30 5.81 5.26 4.67 4.08 3.59 3.16 2.78 2.44 3.98 3.37 3.01 3.21 3.56 4.56 3.45 3.56 4.29 5.57 9.56 10.15 10.72 11.17 11.52 11.91 12.32 12.74 13.04 13.43 14.08 14.65 15.02 15.27 15.82 16.50 17.16 17.37 17.66 17.43 17.12 17.79 18.08 18.35 18.28 17.86 17.36
6.05 5.93 6.07 7.06 7.51 6.85 6.86 6.99 7.31 8.03 7.38 7.16 7.11 7.21 7.83 7.00 6.62 6.56 6.66 6.60 6.51 6.94 6.91 6.35 6.94 6.98 6.84 6.87 7.10 6.95 6.57 6.25 6.47 5.99 5.34 4.77 4.32 3.82 3.34 2.90 2.56 2.24 3.56 2.38 2.73 3.23 3.83 3.17 3.32 4.16 7.38 8.71 9.69 10.35 10.96 11.44 11.82 12.12 12.43 12.79 13.21 14.75 15.90 16.31 16.26 15.48 16.03 16.99 19.65 19.68 17.90 16.93 17.08 17.40 18.06 18.38 18.00 17.40
6.03 5.67 5.36 6.11 6.89 7.14 7.07 7.01 7.06 7.92 7.59 7.31 6.98 6.96 7.14 7.18 6.94 6.70 6.74 6.74 6.69 6.58 7.02 6.95 6.99 7.04 6.97 6.97 6.94 6.89 6.56 6.38 6.63 6.11 5.15 5.07 4.59 4.06 3.60 3.21 2.77 2.36 2.18 2.18 2.35 2.72 3.23 3.78 4.47 5.26 6.23 7.49 8.82 9.82 10.53 11.18 11.70 12.01 15.03 12.73 17.07 13.69 14.10 18.39 15.19 15.66 16.99 17.04 18.39 20.77 17.17 17.03 16.78 16.48 17.10 18.00 18.14 17.66
5.99 5.99 5.89 6.12 6.81 7.43 7.73 7.88 7.75 7.68 7.96 7.34 6.97 6.82 6.97 7.72 7.02 6.63 6.54 6.65 6.70 6.67 7.10 7.07 6.64 7.25 7.12 6.97 6.76 6.30 6.41 6.35 6.73 6.25 5.38 5.29 4.82 4.37 3.91 3.45 2.93 2.49 2.20 2.02 2.06 2.34 2.76 3.20 3.73 4.45 5.32 6.38 7.72 9.04 10.04 10.73 11.46 11.86 12.12 12.51 13.01 13.51 14.04 18.44 15.12 18.42 18.00 16.23 17.76 17.79 16.94 16.62 16.64 16.14 16.18 17.19 17.85 17.73
5.86 5.94 5.91 5.77 5.86 6.15 6.38 6.66 6.86 6.82 6.92 7.65 6.98 6.82 6.85 6.99 6.95 6.67 6.51 6.47 6.50 6.62 6.69 7.29 7.27 7.37 7.35 6.98 6.45 6.31 6.32 6.92 6.72 5.90 5.92 5.59 5.18 4.69 4.15 3.62 3.10 2.65 2.28 1.92 3.42 2.04 2.31 2.60 3.06 3.70 0.77 5.48 6.75 8.12 9.44 10.48 11.21 11.69 12.03 12.35 12.89 13.51 14.07 14.59 15.11 18.88 17.94 16.02 16.22 16.51 16.18 15.97 16.31 16.24 15.93 16.55 17.42 17.83
5.70 5.78 5.85 5.86 5.86 5.89 5.93 6.03 6.21 6.41 6.65 6.95 6.96 6.73 6.60 6.69 6.82 6.74 6.61 6.53 6.47 6.53 6.63 6.63 7.21 7.28 7.37 7.38 6.69 6.51 6.47 6.38 6.27 6.10 5.78 5.78 5.42 4.88 4.33 3.82 3.34 2.87 2.40 2.03 1.82 1.78 1.87 2.04 2.46 3.02 0.93 4.72 5.81 7.17 8.62 9.94 10.91 11.48 11.82 12.19 12.73 13.41 14.14 14.70 15.30 18.99 18.67 19.35 17.25 17.40 17.04 16.65 16.46 16.44 16.19 16.29 16.98 17.68
5.50 5.57 5.70 5.85 5.94 5.99 6.04 6.08 6.16 6.31 6.51 6.79 6.89 6.73 6.53 6.56 6.75 6.80 6.76 6.77 6.68 6.58 6.63 6.68 6.63 6.57 6.58 7.20 6.64 6.62 6.65 6.53 6.42 6.29 6.36 6.06 5.68 5.13 4.61 4.07 3.58 3.13 2.70 2.32 1.99 1.79 1.76 1.77 2.00 2.49 3.09 1.19 2.65 6.18 7.65 9.13 10.42 11.20 11.56 11.91 12.50 13.25 13.94 18.30 18.77 19.03 19.27 16.81 17.57 17.99 17.70 17.34 17.00 16.76 16.59 16.37 16.65 17.22
4.96 5.44 5.54 5.67 5.81 5.92 6.02 6.14 6.26 6.36 6.46 6.61 6.71 6.76 6.72 6.70 6.78 6.90 6.97 6.98 6.91 6.75 6.69 6.74 6.76 6.67 6.58 6.61 6.56 6.49 6.58 6.56 6.47 6.36 6.59 6.39 5.90 5.26 4.75 4.26 3.80 3.41 2.95 2.60 2.28 2.12 1.91 1.72 1.94 1.39 0.88 0.61 1.69 3.49 6.86 8.31 9.80 10.89 11.44 11.89 16.92 17.47 16.73 16.98 17.68 17.88 18.02 16.51 17.16 17.73 17.68 17.53 17.33 17.11 17.03 16.75 16.65 16.99
4.76 5.03 5.48 5.62 5.77 5.88 5.97 6.07 6.20 6.34 6.49 6.61 6.66 6.75 6.82 6.85 6.88 6.96 7.07 7.13 7.09 6.93 6.78 6.79 6.83 6.80 6.67 6.61 6.57 6.44 6.50 6.56 6.54 6.43 6.49 5.70 5.24 4.97 4.74 3.97 3.62 3.26 3.22 2.85 2.55 2.29 2.08 1.89 2.03 2.32 2.63 3.21 4.02 2.33 3.86 5.74 7.77 10.31 11.03 16.11 16.72 16.81 16.36 15.77 16.17 15.15 15.62 16.14 16.72 17.33 17.47 17.55 17.56 17.58 17.61 17.45 16.97 17.07
4.57 4.91 5.40 5.55 5.70 5.85 5.97 6.08 6.20 6.32 6.47 6.64 6.69 6.73 6.78 6.85 6.91 6.95 7.03 7.15 7.21 7.14 6.95 6.82 6.89 6.90 6.75 6.62 6.54 6.39 6.37 6.48 6.71 6.73 6.37 5.79 5.31 4.84 4.52 4.03 3.68 3.74 3.33 2.93 2.70 2.45 2.22 2.07 2.14 2.32 2.52 3.00 3.74 4.71 2.83 4.13 5.63 5.99 10.33 11.04 14.49 16.12 16.72 16.75 16.69 14.86 15.39 16.02 16.48 16.89 17.07 17.17 17.26 17.42 17.63 17.76 17.75 17.46
4.81 4.93 5.21 5.56 5.75 5.81 5.80 5.86 6.06 6.31 6.52 6.67 6.71 6.74 6.78 6.82 6.87 6.90 6.94 7.10 7.25 7.29 7.19 6.99 6.93 7.00 6.95 6.79 6.57 6.24 5.96 5.89 6.30 6.76 6.42 5.76 5.38 4.88 4.41 4.50 4.09 3.71 3.26 2.97 2.75 2.47 2.26 2.12 2.12 2.25 2.44 2.82 3.51 1.13 1.79 6.46 7.67 8.92 9.80 10.59 11.57 14.83 15.91 16.90 17.47 17.24 15.22 15.83 16.57 16.97 17.04 17.02 16.87 16.96 17.27 17.50 17.59 17.57
4.99 4.98 5.21 5.55 5.81 5.85 5.77 5.87 6.14 6.36 6.52 6.68 6.72 6.75 6.79 6.84 6.89 6.93 6.96 7.07 7.28 7.40 7.38 7.23 7.05 7.01 7.02 6.89 6.67 6.22 5.44 4.62 4.86 5.80 6.55 6.05 5.60 4.78 4.32 3.96 4.03 3.62 3.22 2.98 2.71 2.45 2.23 2.09 2.10 2.27 2.33 2.58 1.75 0.95 5.12 6.10 7.16 8.34 9.36 10.18 11.09 12.11 13.13 14.05 17.20 17.93 15.45 15.79 16.43 17.00 17.23 17.38 17.40 17.35 17.34 17.26 17.41 17.51
4.90 5.16 5.32 5.52 5.69 5.80 5.67 6.00 6.68 6.64 6.70 6.84 6.88 6.90 6.93 6.97 7.02 7.07 7.09 7.12 7.27 7.47 7.55 7.50 7.39 7.21 7.12 7.03 6.86 6.61 5.90 4.65 4.02 5.17 5.17 5.08 5.31 4.54 4.08 3.73 3.40 3.38 3.07 2.80 2.24 2.04 1.90 1.85 1.86 2.11 2.04 2.37 3.42 4.28 4.95 5.91 6.93 8.00 9.08 10.06 10.95 11.95 13.03 14.07 14.97 15.64 16.02 16.30 16.66 17.15 17.48 17.59 17.69 17.83 17.85 17.40 17.46 17.50
4.34 4.65 5.51 5.52 5.43 5.70 6.35 7.15 6.90 6.95 6.99 7.09 7.12 7.13 7.15 7.18 7.22 7.26 7.30 7.29 7.29 7.43 7.62 7.70 7.70 7.60 7.46 7.33 7.23 7.25 7.16 6.44 5.46 4.74 4.70 4.58 4.46 4.18 3.77 3.42 3.09 3.08 2.81 2.20 1.94 1.72 1.64 1.46 1.46 1.65 1.72 2.29 1.82 4.39 4.95 5.88 6.89 7.91 8.95 9.97 11.00 12.01 13.00 14.01 14.94 15.70 16.28 16.73 17.07 17.40 17.60 17.64 17.61 17.82 18.11 17.77 17.76 17.72
4.47 4.82 5.82 5.65 5.91 6.42 6.81 6.88 6.97 7.14 7.28 7.41 7.42 7.42 7.42 7.44 7.47 7.51 7.54 7.56 7.56 7.61 7.72 7.83 7.92 7.97 7.94 7.81 7.66 7.55 7.43 6.75 5.81 5.12 4.56 4.16 3.93 3.67 3.35 3.05 2.74 2.72 2.44 1.85 1.60 1.39 1.24 1.04 1.05 1.32 1.59 2.21 3.38 4.40 5.09 5.99 6.99 8.00 9.05 10.04 11.09 12.20 13.27 14.36 15.37 16.21 16.94 17.51 17.77 17.91 17.87 17.86 17.79 17.92 18.10 18.12 18.19 18.29
4.59 4.92 5.52 5.74 6.44 7.14 7.25 6.96 6.92 7.15 7.42 7.57 7.57 7.55 7.54 7.55 7.57 7.60 7.64 7.69 7.72 7.74 7.82 7.94 8.04 8.12 8.14 8.05 7.85 7.51 7.08 6.30 5.47 4.98 4.47 3.95 3.62 3.36 3.07 2.78 2.52 2.51 2.19 1.86 1.41 1.22 1.06 0.83 0.87 1.15 1.47 2.25 3.19 4.26 5.12 6.01 7.01 8.04 9.18 10.22 11.30 12.32 13.43 14.61 15.96 16.83 17.31 17.86 18.16 18.11 17.85 17.74 17.64 17.75 18.01 18.12 18.18 18.32
