examples/cougarCreek-fire/createInputs/WindNinja/wrfout_d3.2015081100.f15/cougarCreekFire_08-11-2015_1500_217m_non_neutral_stability_vel.asc
ncols	146
nrows	140
xllcorner	610065.000000
yllcorner	5095217.000000
cellsize	216.586807
NODATA_value	-9999.000000
[rows 70 to 104 of 140, columns 0 to 77 of 146]
2.50 2.39 3.50 4.66 4.77 8.05 8.25 7.34 7.24 7.92 9.79 10.67 11.70 10.32 10.98 10.04 9.93 10.94 12.25 12.26 12.46 12.59 11.89 8.31 0.60 1.32 5.99 9.96 14.63 14.31 14.37 18.17 17.76 15.55 14.55 14.10 15.78 17.01 15.58 14.65 15.22 16.93 20.88 25.29 22.79 19.92 20.76 20.99 19.94 19.88 18.64 18.47 18.54 19.42 19.62 17.66 12.27 8.68 12.04 21.50 26.11 26.67 23.27 20.90 20.40 24.11 22.77 19.38 18.99 21.60 21.21 24.67 24.48 23.07 23.20 23.21 23.84 23.95
2.99 3.02 4.18 4.33 4.57 8.24 8.00 6.04 7.26 8.56 8.94 9.74 8.07 11.54 9.34 10.02 9.92 10.93 11.86 12.36 13.82 11.90 12.73 7.80 2.67 1.22 7.67 12.06 14.87 12.69 13.88 17.63 15.18 14.59 14.00 14.80 16.43 16.38 14.58 13.76 15.41 17.41 19.14 23.69 24.37 20.39 19.10 21.59 19.97 20.21 20.04 18.68 18.94 19.27 20.75 19.74 16.24 10.12 8.19 13.95 24.10 26.20 27.07 24.19 22.06 20.64 19.46 23.08 19.29 19.04 21.25 21.74 24.19 23.48 23.03 22.43 22.71 23.99
2.89 3.56 4.35 3.87 5.16 8.51 7.92 6.08 7.82 8.86 8.64 9.23 8.18 7.30 11.89 9.88 9.94 10.96 11.57 12.42 12.43 12.91 12.65 6.84 3.90 4.13 7.82 12.55 13.51 12.00 13.91 17.25 16.09 13.16 12.86 15.01 17.12 15.73 13.02 14.10 16.29 17.04 17.83 19.03 27.49 21.32 18.70 21.40 20.23 19.75 20.47 18.85 20.16 18.43 20.22 20.18 18.94 14.18 9.07 9.09 16.85 25.21 26.01 27.25 26.66 23.71 27.54 21.04 20.09 21.51 20.55 21.74 24.73 25.58 24.50 22.79 21.64 22.26
3.21 3.86 4.04 3.78 5.87 7.96 7.86 6.58 9.02 9.33 8.83 9.13 8.32 8.73 12.01 9.76 9.82 10.83 12.05 12.45 12.35 13.01 12.61 4.64 4.52 6.78 8.77 11.43 11.04 13.25 14.59 16.49 15.30 11.83 13.16 15.02 17.09 16.83 12.14 13.61 15.36 16.66 16.09 16.58 23.51 22.95 21.18 18.16 19.10 20.21 21.00 19.35 20.19 19.76 20.94 21.04 20.40 17.73 13.03 10.23 12.62 20.49 24.10 25.13 24.97 24.49 23.97 25.27 25.92 25.49 25.59 25.55 25.64 25.81 24.69 22.45 21.03 21.56
3.73 3.97 3.98 3.99 6.30 7.75 7.73 8.17 9.35 9.42 9.00 9.03 7.47 10.12 9.33 9.59 9.29 10.27 11.75 12.04 11.93 12.72 12.28 5.73 4.98 7.97 9.84 9.36 11.74 12.45 15.22 15.59 14.13 12.28 12.63 14.92 16.47 16.06 11.73 12.36 14.39 16.65 14.59 14.40 21.45 23.64 20.54 17.91 17.87 18.90 20.57 21.61 20.80 19.56 21.03 22.98 21.55 20.12 16.71 13.18 12.25 16.63 23.01 23.22 25.09 23.90 22.45 21.91 21.82 20.80 21.04 23.26 22.99 24.25 23.20 22.32 20.99 21.13
3.97 4.12 4.12 5.86 6.96 6.92 6.66 8.30 9.27 8.75 7.08 8.22 9.80 10.52 9.07 9.40 8.85 9.85 11.26 11.39 11.49 12.21 11.94 8.95 6.05 7.27 8.86 11.23 10.93 12.02 14.45 14.61 10.81 12.97 12.86 15.63 15.33 14.16 12.03 12.28 14.17 17.15 15.11 15.38 18.80 21.52 21.19 21.86 17.65 17.65 20.25 20.14 20.10 19.82 20.65 20.10 21.96 20.99 18.75 15.52 13.40 14.94 20.32 22.81 25.03 23.92 22.93 21.81 21.12 18.81 21.90 23.70 21.77 22.26 23.55 22.18 21.58 20.61
4.11 4.18 4.12 6.69 7.20 7.03 6.39 7.18 8.89 6.20 5.80 6.48 6.78 10.63 8.62 8.91 8.60 9.60 8.91 10.89 11.06 11.50 11.58 10.37 7.34 6.99 8.04 9.87 11.27 10.97 12.94 13.49 10.45 11.92 15.17 15.63 14.22 12.64 13.43 12.42 14.65 16.98 15.43 13.24 16.25 20.05 24.16 19.65 17.75 17.09 19.74 19.99 19.89 20.07 20.60 19.95 22.00 20.74 19.37 16.88 14.81 14.92 17.85 21.93 22.09 24.15 22.58 21.94 21.56 19.63 16.63 18.59 20.74 20.94 20.77 19.51 22.14 20.64
4.22 4.27 4.18 7.25 7.23 6.33 6.06 7.52 7.09 5.57 5.89 5.90 6.61 6.98 7.98 8.25 8.38 9.25 9.99 10.34 10.63 10.88 11.19 9.03 9.55 7.21 7.93 9.46 10.07 9.90 11.83 12.89 10.71 12.44 15.45 15.53 13.34 11.87 13.29 12.58 15.76 16.05 15.23 13.87 14.56 17.88 22.14 21.06 18.46 16.84 19.28 19.61 19.81 20.26 20.68 19.88 22.09 20.90 20.26 18.14 15.13 15.36 16.89 19.73 20.76 22.47 21.21 21.19 22.39 20.23 17.89 16.82 16.89 18.69 22.08 22.86 23.07 20.33
4.35 4.37 4.26 7.67 7.09 4.48 6.67 8.91 6.96 6.23 6.58 9.90 6.31 6.62 7.22 7.51 8.08 8.84 9.40 9.80 10.24 10.55 11.06 11.87 11.38 7.74 8.44 9.21 9.46 9.41 10.32 13.33 11.64 13.65 15.17 14.72 13.12 11.53 10.97 12.62 16.67 15.66 14.56 13.73 13.36 15.52 19.07 21.81 19.85 17.18 17.66 18.93 19.05 20.16 21.02 21.18 21.98 20.89 21.29 19.80 16.47 14.82 15.92 18.42 21.59 22.15 21.85 21.34 22.79 20.14 18.87 18.57 17.67 17.67 20.74 22.00 19.00 20.06
4.50 4.49 4.40 7.68 7.54 4.56 7.04 7.93 7.33 7.02 7.36 9.73 9.72 6.29 6.56 6.80 7.60 8.42 8.80 9.31 9.94 10.34 9.17 10.99 10.01 8.04 8.40 8.87 9.45 9.25 10.82 13.88 13.08 13.09 15.35 14.81 13.29 11.00 9.82 12.68 16.80 16.20 14.76 13.15 12.83 13.86 16.03 19.64 21.79 18.98 17.49 18.47 18.03 19.33 21.15 18.84 19.90 20.51 19.20 21.04 18.40 15.30 14.35 15.79 19.68 20.85 24.67 23.20 23.38 21.15 20.66 20.10 19.28 18.62 16.76 17.32 22.02 23.52
4.63 4.63 4.55 8.26 7.68 4.67 4.80 7.79 7.77 7.64 8.08 8.52 7.16 6.10 6.09 6.31 7.02 7.73 8.28 8.99 9.67 10.12 11.86 10.84 12.21 8.26 8.14 11.25 9.56 10.11 10.17 12.69 12.56 11.85 15.33 14.88 13.83 11.29 11.02 13.05 15.60 15.91 15.92 13.56 12.68 12.82 13.33 17.07 21.94 20.09 18.27 18.04 17.49 18.61 21.07 22.04 20.45 21.61 18.69 22.02 20.59 18.06 15.75 15.50 16.52 21.64 24.47 24.75 23.34 23.24 22.53 22.50 20.97 19.45 18.87 17.07 20.09 22.47
4.78 4.78 4.70 8.19 4.76 4.86 4.98 7.47 8.44 8.71 8.60 7.55 7.38 5.93 5.80 5.99 6.43 6.92 7.76 8.68 9.32 10.04 10.38 10.65 11.37 9.22 10.02 11.23 10.99 11.58 10.12 10.80 11.08 12.10 14.77 15.06 13.54 10.05 10.44 14.98 14.99 16.10 15.96 15.41 13.58 12.08 11.89 16.45 19.69 21.75 19.10 17.97 17.57 18.56 20.50 21.34 24.87 20.79 18.81 21.60 22.89 20.94 18.71 16.01 13.14 18.53 20.86 24.48 23.44 23.43 23.69 21.52 22.84 21.24 19.84 18.87 19.03 20.70
4.95 4.94 4.86 8.50 4.94 5.03 5.14 7.55 9.00 10.18 9.02 5.92 7.84 5.75 5.60 5.70 5.91 6.35 7.18 8.10 7.32 11.84 10.06 10.52 11.23 8.54 9.95 11.20 11.22 12.24 9.77 9.40 10.90 13.13 14.07 14.71 13.07 11.40 13.22 14.97 14.81 15.45 15.13 16.05 14.84 12.32 11.05 15.10 16.57 21.53 20.79 18.91 18.04 18.59 18.15 18.88 21.26 23.47 18.95 20.88 23.45 23.61 21.75 18.89 15.70 15.99 20.42 22.04 23.04 21.41 22.43 21.41 19.84 24.34 21.87 22.19 17.93 19.57
5.13 5.12 5.05 5.07 5.12 5.18 5.27 7.70 9.01 10.39 8.32 6.04 9.88 5.64 8.54 5.44 5.59 5.96 6.54 6.92 8.11 10.79 9.86 10.42 11.31 9.73 9.99 11.09 10.76 11.77 8.34 9.21 12.24 12.46 12.96 13.60 10.83 14.39 14.19 15.16 15.20 14.74 15.38 15.19 15.35 13.88 12.46 11.88 16.36 19.33 20.12 19.58 18.96 16.83 17.94 16.51 19.96 20.58 19.41 19.19 21.37 22.82 26.40 22.98 19.22 16.79 18.45 19.62 22.51 21.65 22.15 21.43 18.51 19.90 23.03 22.83 20.52 17.22
5.35 5.34 5.29 5.31 5.35 5.41 5.49 8.08 9.42 9.23 5.93 6.21 11.04 5.67 5.45 5.38 4.68 5.61 5.95 7.32 9.08 8.67 9.66 10.23 9.87 7.54 9.96 9.23 10.45 11.93 9.54 10.68 12.42 12.38 11.39 13.54 10.41 14.70 13.94 15.79 16.21 15.59 14.69 15.15 15.56 14.65 12.78 13.42 15.22 19.32 18.27 18.56 16.97 18.05 17.38 17.11 17.16 19.57 18.53 19.96 19.13 20.69 21.96 23.36 24.96 21.32 16.72 18.09 19.62 22.14 22.94 21.93 18.63 18.13 20.62 21.86 21.82 19.72
5.58 5.58 5.56 5.58 5.62 5.68 5.73 8.65 9.22 8.32 6.15 8.02 10.16 9.17 5.54 5.36 5.26 6.23 7.32 8.44 9.12 8.09 9.29 9.86 9.61 7.47 7.87 8.69 10.16 11.42 11.26 10.28 12.52 12.15 10.34 10.15 10.78 12.67 14.92 16.37 17.53 16.14 14.03 14.91 15.87 15.13 13.55 13.36 16.22 18.92 18.60 17.61 18.10 18.20 17.90 17.41 16.52 17.35 18.60 18.66 19.17 18.21 20.60 20.77 21.96 20.30 17.51 19.57 18.59 20.19 21.73 23.37 21.33 18.34 18.74 20.30 21.01 21.10
5.82 5.82 5.82 5.85 5.90 5.95 6.00 6.04 9.24 6.20 6.31 11.22 6.08 8.95 5.55 5.27 7.13 7.39 8.84 7.82 6.32 7.41 8.66 11.18 9.37 7.11 9.81 8.42 9.77 11.78 11.22 9.18 11.55 12.15 10.19 10.38 10.87 10.80 14.19 16.21 17.90 17.00 13.77 14.20 16.03 15.50 14.12 13.56 15.19 17.86 18.77 18.14 17.49 17.52 17.95 18.18 17.39 16.84 17.64 18.04 18.09 18.15 18.65 20.15 19.92 19.25 17.50 17.43 17.55 18.80 20.26 23.00 22.32 19.98 18.31 19.87 18.68 21.24
6.04 6.05 6.09 6.15 6.21 6.27 6.35 6.43 6.49 6.54 6.59 10.42 6.25 9.65 8.39 7.28 7.07 8.21 8.78 8.01 5.86 6.78 7.87 8.73 8.18 7.25 9.78 8.04 10.72 9.71 11.01 9.13 12.29 12.16 11.89 12.44 13.06 13.00 10.90 13.00 17.74 17.58 14.60 13.82 15.68 15.69 14.59 14.19 14.86 16.66 18.12 18.42 17.23 16.40 17.00 18.05 18.07 17.19 17.33 17.78 17.85 17.80 17.84 18.75 18.48 17.82 16.61 17.20 16.86 19.40 21.19 20.45 21.91 21.22 20.45 19.55 19.72 19.15
6.26 6.30 6.37 6.48 6.56 6.62 9.98 6.78 6.89 6.96 7.01 10.77 6.51 9.80 8.48 7.41 7.24 9.74 8.71 4.98 5.42 6.24 7.11 7.91 7.12 8.96 9.61 10.24 10.44 10.54 8.06 8.50 11.65 12.24 11.88 10.20 13.01 13.01 10.95 14.68 16.53 17.17 15.30 14.05 15.22 15.35 14.37 14.27 15.01 16.36 17.68 18.38 19.31 15.92 15.91 17.07 17.71 17.30 17.30 17.60 17.72 17.94 17.93 18.11 17.55 17.70 17.03 16.39 16.07 15.66 19.20 18.36 21.08 22.79 21.50 20.69 20.39 20.01
6.46 6.46 6.52 6.66 6.83 6.94 10.37 7.09 7.22 7.33 7.44 12.26 6.89 6.24 9.15 7.50 7.43 8.19 7.82 4.69 5.11 5.78 6.40 6.98 7.93 8.64 9.34 10.08 10.31 10.32 10.70 9.25 10.86 12.32 12.01 12.19 12.93 13.29 10.94 14.65 15.79 16.76 15.81 14.62 15.20 15.19 14.13 13.92 14.76 16.08 17.45 18.37 19.54 17.56 15.88 16.64 17.36 17.36 17.42 17.82 17.71 17.67 18.14 17.28 17.93 18.47 17.55 16.57 16.78 16.09 15.34 15.99 18.02 20.15 22.53 23.06 22.55 21.91
6.71 6.70 6.72 6.80 6.97 7.18 7.33 7.42 7.53 7.66 7.80 11.69 7.40 6.66 9.75 7.77 8.10 9.65 9.28 4.49 4.87 5.34 5.77 6.32 7.13 8.20 9.10 9.74 8.75 8.10 8.21 9.34 10.31 12.26 12.27 12.18 12.84 13.45 14.07 14.90 15.61 16.59 16.39 15.42 15.67 15.61 14.63 14.28 14.72 15.58 16.87 17.97 17.80 18.02 16.04 16.40 17.11 17.34 17.43 18.01 18.08 16.95 17.64 16.54 16.90 17.98 18.70 17.70 18.08 17.53 16.31 14.67 18.48 20.46 19.04 20.89 21.19 21.36
6.93 6.92 6.90 6.93 7.04 7.26 7.49 7.60 7.66 7.75 9.99 12.04 7.50 11.74 10.26 8.55 8.96 4.70 4.41 4.37 4.61 4.92 6.92 5.69 6.40 7.58 6.33 7.47 7.75 7.90 9.18 10.32 10.90 11.99 12.32 12.29 12.81 13.46 14.05 15.02 15.68 16.36 16.70 16.07 13.91 15.97 15.37 15.22 15.39 15.75 16.59 17.66 17.73 18.85 16.07 16.03 16.48 16.83 17.09 17.78 18.23 17.48 16.80 17.13 15.99 18.55 18.06 18.73 19.09 19.15 16.94 16.67 17.40 18.94 20.03 19.56 20.01 21.06
7.17 7.15 7.11 7.11 7.12 7.16 7.30 7.48 7.55 7.53 10.18 11.72 11.00 10.95 10.28 9.31 9.01 9.72 4.46 4.34 4.41 4.59 5.53 5.17 5.81 6.90 7.78 7.47 7.02 7.86 11.05 10.68 11.12 11.68 12.12 12.35 10.32 13.39 11.02 12.11 15.82 16.12 13.87 17.04 16.04 15.99 15.93 15.90 16.18 16.45 16.85 17.69 18.02 20.21 19.36 16.19 16.11 16.07 16.36 17.12 17.76 17.83 17.63 17.60 15.57 17.26 18.27 17.77 19.29 19.19 17.75 17.20 17.89 18.89 17.75 19.50 20.05 20.29
7.25 7.26 7.25 7.24 7.19 7.18 7.19 7.26 7.30 7.26 7.27 11.31 7.27 10.92 6.30 9.77 8.82 8.87 4.62 4.48 4.45 4.50 5.73 4.88 5.41 4.77 6.95 7.03 7.82 8.91 10.93 10.72 11.01 11.47 11.91 9.39 12.71 13.17 14.16 15.36 15.79 15.62 16.88 17.95 16.80 16.17 16.20 16.08 16.45 16.87 17.08 17.51 17.93 20.03 19.64 18.07 16.34 17.01 15.76 16.30 17.07 17.50 18.40 18.60 16.70 15.81 16.75 16.35 18.07 18.85 18.46 16.23 17.90 18.69 17.66 19.30 20.57 20.73
7.36 7.40 7.41 10.96 7.30 7.28 7.29 7.33 7.36 7.31 7.28 7.45 11.09 6.91 6.40 5.89 9.21 8.81 4.73 4.56 4.47 4.43 4.50 5.16 5.07 4.32 6.23 7.90 9.53 9.03 9.62 11.44 9.95 8.72 8.91 12.24 12.65 12.92 14.21 15.81 16.06 15.69 16.29 17.74 17.69 17.01 16.64 16.16 16.38 16.98 17.23 17.38 17.69 17.54 20.19 19.19 19.06 18.96 17.08 15.92 16.45 17.02 18.05 19.20 16.11 17.36 15.15 16.32 16.87 17.97 18.43 15.99 17.23 18.07 16.89 17.21 18.13 20.82
7.37 7.43 7.53 7.47 7.51 7.45 7.44 7.47 7.56 7.57 7.51 7.55 7.34 11.17 6.48 10.25 9.44 8.63 9.45 4.57 4.40 4.31 4.31 4.42 4.85 5.55 6.92 8.76 7.78 8.90 9.92 9.86 8.49 8.30 11.65 12.07 12.43 12.61 13.89 12.26 16.37 16.36 16.50 17.09 17.73 17.97 17.62 16.68 16.44 17.08 17.33 17.26 17.39 17.35 20.66 19.50 19.43 19.28 18.94 17.40 16.15 16.59 18.69 19.81 17.05 19.47 17.80 17.01 17.02 17.52 18.09 17.19 14.19 14.75 15.33 18.61 19.98 21.59
7.20 7.16 7.36 7.58 7.65 7.48 7.54 7.55 7.66 7.71 7.67 7.67 7.41 11.21 10.91 10.43 9.54 8.56 9.59 4.62 4.35 6.71 4.16 4.31 4.77 4.89 7.83 8.43 7.02 5.21 9.30 7.83 10.60 10.98 11.46 11.91 12.12 12.36 10.83 15.05 15.88 16.44 16.91 17.04 17.51 18.39 18.61 17.81 17.24 17.66 17.88 17.59 17.42 17.25 17.09 16.94 16.51 15.91 15.59 15.60 18.20 17.55 18.76 18.73 19.79 19.87 16.18 18.06 17.86 17.71 17.73 17.03 16.95 16.39 15.33 14.72 18.70 20.36
7.58 7.46 7.39 7.61 7.45 7.57 7.56 7.48 7.61 7.69 7.75 7.80 7.53 11.23 6.82 6.34 9.75 9.28 9.77 4.73 4.45 4.28 4.25 4.41 4.70 7.72 8.20 6.79 6.48 7.39 8.50 9.63 10.29 10.70 11.25 11.72 11.84 12.14 13.38 14.81 15.42 16.05 16.74 17.00 17.41 18.28 18.89 18.66 18.21 18.41 18.72 18.45 18.12 17.85 17.68 17.50 17.01 16.32 15.83 15.63 15.55 18.16 17.69 18.24 19.52 17.31 16.74 16.20 16.05 16.11 16.11 16.23 16.42 17.31 16.50 14.72 17.37 18.79
8.06 8.08 7.99 7.92 7.94 7.66 7.69 7.63 7.55 7.75 7.88 7.92 7.63 11.35 6.98 6.53 9.94 9.86 9.80 4.91 4.66 4.53 4.49 4.51 4.54 8.31 7.65 5.40 6.01 6.70 7.64 5.96 9.85 10.44 7.49 8.40 7.97 8.65 9.55 11.00 15.73 16.09 16.44 16.80 17.38 18.12 18.76 19.01 18.86 18.85 18.87 18.74 18.71 18.70 18.59 18.31 17.76 17.09 16.56 16.15 15.76 15.55 15.83 16.29 19.97 17.24 17.07 16.72 16.67 16.67 16.55 16.72 16.77 17.37 16.85 15.85 13.88 17.39
7.79 7.78 7.95 8.19 8.12 7.88 7.91 7.78 7.71 7.82 7.95 8.02 7.81 7.54 7.23 6.79 6.33 5.84 5.45 5.13 4.91 4.74 4.60 4.45 7.91 7.69 4.74 5.12 7.16 6.31 6.90 7.94 9.18 6.69 7.75 8.11 8.11 7.59 8.55 11.48 15.92 16.18 16.21 16.49 17.07 17.72 18.34 18.89 19.39 19.69 19.06 18.44 18.63 19.00 19.09 18.88 18.47 17.90 17.40 16.96 16.39 15.96 16.00 16.20 16.50 16.94 17.15 17.00 16.85 16.87 19.04 18.14 18.13 16.84 17.67 16.83 15.18 16.51
7.25 7.31 7.82 7.97 8.14 8.08 8.07 7.77 7.84 7.82 7.81 8.11 8.01 11.91 7.46 7.02 6.54 6.09 5.70 5.36 5.09 7.71 4.56 8.12 4.30 4.42 4.63 4.86 8.14 6.10 4.56 7.18 8.31 9.58 7.61 8.32 7.78 10.04 11.05 13.83 15.83 15.88 15.96 16.36 16.85 17.47 17.98 18.47 19.61 20.90 20.25 18.71 18.50 19.09 19.29 19.09 19.04 18.84 18.33 17.76 17.09 16.54 16.49 16.62 16.66 16.76 17.07 17.26 17.00 19.39 18.62 18.52 18.22 18.43 18.35 16.33 16.26 16.00
7.76 7.31 6.64 6.99 7.82 8.20 7.88 8.03 7.83 7.72 7.82 7.95 7.85 7.73 7.52 7.18 6.73 6.26 5.88 5.49 5.18 4.85 4.51 6.64 4.38 4.42 7.01 8.16 8.26 5.28 5.86 4.43 5.54 6.88 8.26 8.58 10.79 8.79 9.10 12.73 15.34 15.52 15.57 16.11 16.75 17.49 17.86 17.95 19.10 21.11 21.12 19.27 18.52 19.17 19.46 22.43 22.45 22.59 19.17 18.55 17.77 17.05 16.83 17.02 20.38 21.09 19.97 17.28 17.41 16.89 19.89 19.07 18.94 19.28 16.84 16.81 18.94 18.06
7.99 7.73 6.78 6.11 6.47 7.20 7.69 8.04 8.30 8.14 7.87 7.82 7.59 7.49 7.32 7.35 6.98 6.50 10.27 5.71 9.33 4.96 4.60 4.54 4.51 4.45 7.02 7.90 6.87 5.08 5.53 6.04 5.83 6.40 7.56 7.83 8.18 7.23 8.14 9.31 14.15 14.91 14.99 12.76 11.93 17.05 12.92 14.77 18.33 20.76 21.78 20.26 18.92 19.06 23.57 23.00 23.32 23.54 22.61 19.00 18.43 17.67 17.10 17.02 17.11 16.91 16.74 17.11 17.69 17.69 17.10 16.75 16.57 16.57 19.34 17.33 17.34 17.27
8.19 8.38 8.05 6.86 6.19 6.58 7.13 7.63 8.40 8.23 8.03 7.91 7.55 7.38 7.27 7.37 7.15 6.80 6.42 5.90 5.49 5.17 4.95 4.83 4.70 4.55 7.48 7.84 6.55 4.95 6.13 6.23 5.69 5.66 6.58 7.40 7.53 7.45 7.40 9.28 12.30 14.03 14.27 14.81 12.32 12.79 13.77 16.99 15.63 17.84 21.88 21.64 20.33 19.49 22.27 22.11 22.05 22.24 19.07 18.92 18.69 18.37 17.89 17.45 17.31 17.18 17.03 17.19 17.76 18.29 18.11 17.88 17.76 17.26 19.32 16.98 18.17 18.01
7.96 8.26 8.23 7.91 6.88 6.52 6.99 6.97 7.52 7.89 7.90 7.83 7.91 7.78 7.52 7.52 7.29 7.03 6.49 10.12 5.85 5.56 5.27 5.08 8.55 4.69 7.77 8.23 6.80 6.78 7.72 6.76 5.70 5.47 5.76 7.80 7.60 7.25 7.52 8.17 9.16 10.20 9.80 11.17 12.69 15.84 16.33 16.75 15.13 15.50 15.45 19.03 21.54 20.57 19.27 22.10 22.07 18.76 18.91 18.79 22.10 22.02 18.60 18.31 17.98 17.67 17.48 17.50 21.54 20.93 21.59 21.36 18.45 21.15 20.28 17.02 17.03 17.72
