examples/cougarCreek-fire/createInputs/WindNinja/wrfout_d3.2015081100.f15/cougarCreekFire_08-11-2015_1500_217m_non_neutral_stability_vel.asc
ncols	146
nrows	140
xllcorner	610065.000000
yllcorner	5095217.000000
cellsize	216.586807
NODATA_value	-9999.000000
[rows 0 to 34 of 140, columns 0 to 77 of 146]
4.14 3.89 3.74 3.98 4.37 4.98 5.70 6.40 7.23 6.60 9.14 10.33 11.51 12.41 13.49 14.64 15.28 15.73 16.35 16.41 16.12 16.95 20.92 22.95 23.31 23.33 24.00 25.08 25.92 26.13 25.16 23.47 23.12 23.12 22.95 23.37 23.89 28.31 24.97 23.60 25.31 24.96 22.91 24.74 25.06 25.03 22.56 22.32 22.24 21.75 20.94 20.24 20.04 19.52 19.02 18.51 17.06 15.72 15.88 15.78 14.76 14.26 14.07 13.66 13.07 12.12 11.49 11.43 11.35 11.15 10.61 9.70 8.88 8.33 8.17 8.11 7.34 6.42
4.14 3.89 3.74 3.98 4.37 4.98 5.70 6.40 7.23 6.60 9.14 10.33 11.51 12.41 13.49 14.64 15.28 15.73 16.35 16.41 16.12 16.95 20.92 22.95 23.31 23.33 24.00 25.08 25.92 26.13 25.16 23.47 23.12 23.12 22.95 23.37 23.89 28.31 24.97 23.60 25.31 24.96 22.91 24.74 25.06 25.03 22.56 22.32 22.24 21.75 20.94 20.24 20.04 19.52 19.02 18.51 17.06 15.72 15.88 15.78 14.76 14.26 14.07 13.66 13.07 12.12 11.49 11.43 11.35 11.15 10.61 9.70 8.88 8.33 8.17 8.11 7.34 6.42
4.39 4.14 3.97 4.13 4.41 4.98 5.70 6.45 7.32 8.22 9.18 10.38 11.41 12.25 13.42 14.43 14.90 15.47 16.17 16.36 16.42 17.86 21.66 22.82 22.44 22.70 23.65 24.64 25.28 25.05 23.98 22.73 22.98 23.35 23.23 23.64 24.09 24.06 23.62 23.45 23.47 23.01 22.76 22.89 23.19 22.91 21.75 21.66 21.88 21.38 20.76 20.32 20.09 19.41 18.81 18.01 16.24 15.30 15.91 15.81 14.78 14.44 14.31 13.82 13.05 12.06 11.75 11.92 11.77 11.22 10.24 9.28 8.73 8.51 8.54 8.33 7.30 6.43
4.89 4.62 4.38 4.47 4.61 5.08 5.77 6.56 7.44 8.31 9.32 10.50 11.47 12.25 13.25 13.97 14.29 14.90 15.77 16.36 16.86 18.34 21.98 22.74 21.88 22.18 22.86 23.48 23.89 23.28 22.74 22.10 22.70 23.51 23.43 23.65 24.18 24.51 24.13 23.70 23.41 22.95 22.97 22.88 22.96 22.50 20.98 21.30 22.05 21.66 21.04 20.40 19.85 19.04 18.29 16.98 15.17 15.08 15.96 15.93 15.42 15.10 14.89 14.26 13.15 12.43 12.66 12.85 12.32 11.17 9.86 9.17 9.05 9.26 9.36 8.76 7.51 6.62
5.20 4.95 4.68 4.71 4.82 5.22 5.87 5.32 6.21 7.19 9.43 10.56 11.66 12.38 13.01 13.64 13.94 14.62 15.76 16.47 16.07 17.72 20.05 22.29 22.27 22.14 21.60 22.00 22.97 23.09 23.29 22.11 22.12 23.36 23.33 23.45 24.27 25.18 25.14 24.26 23.35 23.35 23.60 22.96 22.79 22.45 21.58 22.25 23.13 22.60 21.17 19.95 19.27 20.25 17.47 16.13 15.04 15.69 16.34 16.47 16.56 15.94 15.45 14.49 13.41 13.43 13.63 13.18 12.08 10.77 10.04 9.90 10.02 10.16 9.80 8.78 7.48 6.68
5.27 5.05 4.80 4.84 4.96 5.32 5.95 6.81 7.73 7.36 8.31 9.52 11.72 12.40 12.84 13.36 13.68 14.66 14.75 16.14 15.30 16.31 18.33 21.49 22.77 21.86 20.55 21.66 23.60 24.32 23.58 21.23 21.76 23.50 23.15 23.48 24.52 25.33 25.21 24.10 23.32 23.88 24.04 23.05 22.87 23.04 22.86 23.38 23.69 23.65 21.82 20.61 18.67 17.66 16.83 16.15 15.88 16.70 17.36 17.44 17.29 16.59 15.63 14.49 14.15 14.45 15.69 12.98 11.63 10.89 10.92 10.90 10.78 10.38 9.49 8.33 7.29 7.06
5.30 5.06 4.74 4.80 5.00 5.37 5.99 5.75 6.74 7.61 8.31 9.40 10.87 12.49 12.96 13.27 13.83 14.91 14.36 14.72 14.46 14.82 17.22 20.80 23.33 22.15 21.22 22.32 24.24 24.68 22.22 20.58 22.73 23.75 22.60 23.41 24.51 24.78 24.79 24.18 24.11 24.62 24.63 23.29 23.53 24.28 24.28 24.68 24.58 22.69 23.66 18.67 19.72 17.26 17.00 16.96 17.04 17.69 18.19 17.94 17.60 18.70 17.57 14.96 15.20 16.28 13.89 12.71 11.74 11.74 11.75 11.20 10.53 9.74 8.94 8.17 7.61 7.64
5.35 5.11 4.72 4.69 4.93 5.35 5.98 5.75 6.77 7.51 8.30 9.33 10.65 12.09 13.11 13.44 14.18 14.14 13.66 13.95 13.76 14.45 17.40 21.11 23.51 22.71 21.98 22.69 24.17 24.00 21.04 20.99 23.35 22.53 21.39 23.10 24.17 24.11 24.04 24.20 24.97 25.38 24.39 24.00 24.78 25.11 24.63 24.17 23.18 24.29 20.53 19.71 18.02 17.44 17.56 17.54 17.80 18.32 18.45 18.13 19.17 18.58 15.81 15.86 15.77 16.51 13.81 12.70 12.24 12.23 11.62 10.64 9.89 9.44 9.07 8.45 7.93 7.96
5.31 5.09 4.70 4.61 4.83 4.92 5.93 6.27 6.95 7.75 8.56 9.40 10.47 11.80 13.09 13.65 13.95 14.10 12.46 12.43 14.00 15.17 15.49 18.24 23.04 23.34 22.67 22.81 23.37 22.94 21.32 21.77 22.53 20.56 20.72 22.55 23.52 23.13 23.41 24.85 26.36 25.87 24.58 25.13 25.85 24.49 23.35 22.81 21.93 20.93 20.41 20.36 19.52 18.63 18.78 17.96 18.46 18.73 19.97 18.04 18.64 17.05 16.74 16.57 17.26 16.35 15.26 13.75 12.50 12.00 11.04 10.14 9.81 9.77 9.27 8.37 7.89 8.17
5.28 5.04 4.65 4.55 4.70 4.17 4.97 6.07 7.24 8.25 8.96 9.58 8.37 11.60 13.01 13.64 14.27 14.12 11.48 12.82 13.26 16.00 16.99 19.36 20.14 24.14 23.54 22.84 22.50 23.45 22.00 21.04 21.12 20.02 20.62 22.55 22.88 22.57 24.05 26.68 27.76 26.52 25.58 26.57 26.25 23.94 22.43 22.21 22.05 21.54 21.49 20.17 19.03 18.16 17.99 18.77 19.00 18.86 19.40 17.86 17.99 18.01 17.57 18.10 17.01 15.72 14.64 13.59 12.46 11.64 10.73 10.21 10.12 9.85 9.00 8.20 8.22 8.84
6.63 4.96 4.54 4.46 4.58 4.98 4.69 5.73 7.00 8.13 8.99 9.74 10.43 9.47 12.69 13.29 14.40 13.68 11.99 13.24 16.22 13.83 16.44 18.63 20.02 24.25 25.16 22.91 22.90 24.14 21.70 20.46 21.11 20.14 20.61 22.02 22.28 23.16 25.62 27.78 28.32 27.33 26.81 29.30 28.57 25.65 22.49 22.61 22.59 24.44 23.62 21.29 17.16 17.32 19.02 19.87 19.39 19.46 18.42 18.45 19.14 18.86 19.25 18.10 16.42 15.49 15.04 14.04 12.26 11.34 10.64 10.33 10.08 9.60 8.86 8.51 8.94 9.45
5.24 4.97 5.39 4.68 4.24 4.04 5.58 5.72 6.95 6.75 7.55 9.90 10.68 11.28 12.06 12.94 14.02 13.18 13.11 13.77 12.77 16.71 14.05 18.02 21.50 23.56 26.21 22.60 23.20 23.91 20.94 20.29 20.45 19.43 20.37 21.67 22.36 24.12 25.91 27.41 29.16 30.21 28.68 28.09 27.70 25.68 22.38 22.77 24.62 23.89 21.79 17.73 16.96 18.72 20.19 20.90 20.20 19.91 19.13 19.40 19.96 20.43 19.26 17.79 16.76 14.72 13.68 12.71 11.88 10.98 10.42 10.10 9.82 9.46 8.97 8.91 9.45 9.53
5.11 4.92 4.58 4.77 4.41 4.21 5.51 5.77 6.96 8.04 7.29 8.00 9.07 11.20 11.71 12.82 13.73 12.96 13.44 13.79 12.47 13.64 14.39 14.03 20.24 21.96 26.59 23.13 24.13 25.07 20.85 20.01 19.50 19.43 20.68 22.10 23.54 24.72 25.17 27.91 32.08 32.70 29.05 27.86 26.81 24.19 22.43 24.64 23.91 19.93 18.58 17.61 18.13 20.30 21.52 21.42 20.93 20.78 20.14 19.45 21.42 20.62 18.94 16.12 15.21 14.28 13.19 12.27 11.47 10.67 10.23 10.12 9.92 9.47 9.18 9.38 9.71 9.30
4.92 4.75 4.49 4.36 4.41 4.12 5.56 6.63 7.06 8.32 9.20 7.28 7.81 9.03 11.27 12.45 13.35 13.34 13.49 11.63 12.03 13.64 14.70 16.57 19.77 22.27 26.53 24.32 25.47 25.76 22.74 19.39 17.82 18.69 19.17 21.16 23.42 23.27 22.79 28.62 35.76 34.31 29.21 27.67 24.84 22.02 23.34 25.02 23.04 19.27 18.42 18.31 19.03 20.73 22.08 21.80 22.02 21.74 21.10 21.29 21.59 20.48 16.74 15.67 14.65 13.66 12.76 11.96 11.25 10.70 10.49 10.38 10.01 9.55 9.50 9.64 9.55 8.84
4.79 4.63 4.33 4.23 4.34 4.82 5.63 6.70 7.89 8.53 9.26 9.40 9.87 7.40 8.39 11.37 13.56 13.57 12.28 11.94 12.65 14.70 16.64 15.85 20.40 22.01 25.81 25.15 25.95 25.43 22.24 18.38 17.53 19.13 19.87 21.82 23.44 23.01 23.85 30.17 39.86 33.68 28.48 26.24 23.29 23.70 25.41 26.07 24.14 20.75 18.68 19.70 20.51 21.33 21.77 21.73 23.78 21.53 20.99 21.17 19.02 17.78 16.23 15.17 15.62 13.96 12.97 12.11 11.46 11.18 10.37 10.41 9.87 9.56 9.50 9.40 9.07 8.31
4.70 4.54 4.24 4.09 4.24 4.77 4.80 5.88 7.14 8.57 8.82 8.52 6.86 7.52 10.60 10.24 13.49 13.43 11.64 11.78 14.25 17.09 19.04 18.72 17.51 21.12 24.91 25.97 26.22 24.58 19.85 17.21 19.26 20.02 20.62 22.07 21.98 22.81 26.55 31.75 37.64 33.27 29.71 26.57 24.64 26.21 27.46 26.33 23.28 19.58 19.54 21.30 22.70 22.47 21.52 22.50 24.61 21.14 21.88 20.78 20.28 18.75 16.73 15.51 14.33 13.68 13.60 12.20 12.01 11.63 10.84 10.05 9.57 9.38 9.27 9.10 8.67 7.87
4.65 4.47 4.18 4.03 4.15 4.70 5.60 6.00 7.49 8.72 8.03 7.82 7.19 7.99 9.86 11.12 10.43 11.24 10.40 11.23 12.16 15.31 20.17 20.12 17.53 20.18 24.70 26.51 26.65 23.08 18.29 18.37 20.35 20.68 21.45 21.67 21.04 23.69 28.84 33.26 34.53 33.41 31.08 28.09 26.93 27.88 27.10 24.68 21.59 20.06 21.09 24.13 24.13 23.21 23.31 23.48 21.95 22.35 20.85 20.60 19.74 17.71 16.28 15.58 14.55 14.79 13.06 12.48 12.32 11.44 10.25 9.50 9.26 9.23 9.15 8.88 8.30 7.44
4.62 4.42 4.12 4.02 4.14 4.62 4.61 6.04 7.75 7.20 7.34 7.39 7.82 8.62 8.89 10.57 11.19 10.56 10.01 11.54 10.47 13.46 18.32 21.06 17.63 19.99 25.09 26.45 24.77 20.80 19.01 19.95 20.11 21.26 22.39 20.35 20.89 24.81 29.83 33.95 34.43 33.39 30.91 28.34 27.34 27.11 26.01 23.37 21.55 22.23 24.56 24.77 23.46 22.46 24.57 22.61 20.93 21.62 21.26 20.09 18.82 17.67 16.98 16.30 15.66 14.03 13.01 14.46 14.29 10.76 9.62 9.17 9.17 9.19 9.14 8.74 7.96 7.01
4.61 4.38 4.05 4.00 4.16 4.57 5.46 6.17 6.77 7.51 7.44 8.58 8.96 8.29 7.53 7.83 10.03 11.39 9.13 11.47 10.66 12.91 14.96 18.58 18.63 21.50 25.77 25.92 22.86 21.03 21.18 21.49 21.65 21.70 21.31 18.89 21.21 25.78 30.62 33.56 34.02 33.28 31.52 29.50 26.90 25.93 25.31 23.37 22.19 24.33 24.34 23.16 21.80 20.31 24.21 23.45 20.31 21.25 22.87 19.53 18.37 19.01 17.36 16.36 14.64 15.69 15.06 14.75 11.49 10.22 9.37 9.15 9.17 9.18 9.12 8.53 7.52 6.54
4.64 4.34 3.96 3.96 4.15 4.57 4.80 6.26 6.42 6.99 8.50 7.79 7.65 6.77 7.55 8.65 9.52 10.52 7.58 10.39 11.61 13.21 13.16 16.11 19.15 23.30 26.46 25.28 22.51 22.10 23.23 23.62 25.34 22.15 20.52 19.71 22.23 26.05 31.02 34.29 34.78 34.26 32.14 29.27 27.16 26.45 25.45 24.41 24.74 24.97 23.01 20.73 19.24 22.26 23.42 21.21 21.72 21.92 22.23 20.41 18.51 19.37 16.87 15.66 15.58 13.53 12.66 12.03 11.11 9.98 9.34 9.18 9.08 9.11 8.93 8.04 6.92 6.07
4.65 4.36 3.96 3.51 3.65 3.97 4.89 6.31 7.86 6.77 9.39 7.97 6.08 9.50 9.91 9.06 9.55 9.24 7.17 10.95 11.72 12.95 12.10 15.41 17.86 23.59 26.76 25.01 23.58 23.46 24.80 26.45 24.59 19.17 19.93 21.80 23.27 27.83 31.67 36.75 37.15 35.82 31.40 28.12 26.77 26.58 25.82 25.28 19.06 22.68 21.84 19.90 20.74 23.64 20.28 20.88 22.61 23.67 22.79 20.22 18.97 18.91 15.94 15.03 14.21 13.31 12.46 11.71 10.78 9.76 9.23 9.10 8.99 8.93 8.44 7.35 6.34 5.67
4.54 4.35 4.01 3.53 3.66 3.97 4.92 6.39 7.97 7.15 7.41 8.32 7.90 5.76 10.55 11.99 8.55 7.96 6.88 8.28 14.14 11.31 11.82 14.25 18.12 23.68 26.31 25.73 25.69 25.26 26.11 29.15 23.30 17.71 20.53 24.10 24.25 28.61 33.77 39.01 38.81 32.66 30.28 27.48 26.00 25.76 25.47 24.19 21.11 19.51 20.74 19.58 22.00 20.06 19.93 22.78 24.56 24.83 22.74 19.10 19.15 18.56 16.76 14.63 15.21 14.53 13.80 13.11 10.34 9.43 9.11 9.09 8.84 8.48 7.76 6.70 5.90 5.31
4.41 4.30 4.04 4.01 3.49 3.85 4.88 6.33 8.14 7.23 6.99 10.20 8.37 9.12 9.03 12.35 8.96 8.49 10.38 7.85 8.64 12.96 10.54 12.94 18.18 24.89 27.92 27.44 28.46 27.45 27.16 28.03 21.91 16.63 20.84 25.81 24.38 28.03 35.11 40.05 34.44 29.52 26.49 26.51 25.77 26.18 25.48 22.17 18.90 18.58 18.76 18.34 19.56 19.04 22.66 25.36 24.36 24.04 21.57 18.96 19.82 18.53 15.86 15.68 15.14 14.16 13.04 10.96 10.03 9.34 9.23 9.03 8.42 7.81 7.05 6.24 5.58 4.92
4.36 4.29 4.05 4.11 4.38 4.69 4.86 6.46 6.39 7.47 7.15 8.67 8.66 9.69 8.02 8.67 9.08 7.86 9.44 8.20 9.12 9.70 11.73 9.80 15.58 25.44 31.61 29.00 29.81 27.83 27.22 29.55 23.25 19.17 21.80 24.05 25.96 29.63 35.25 39.90 34.17 27.20 26.21 26.67 25.96 25.43 23.80 21.03 18.61 18.85 16.81 19.02 20.02 20.73 23.83 25.67 23.91 23.57 21.85 20.63 20.46 16.51 15.04 13.44 13.76 13.29 12.36 11.64 9.89 9.41 9.14 8.56 7.80 7.16 6.50 5.86 5.22 4.45
4.38 4.33 4.10 4.25 4.74 4.89 5.07 6.33 8.21 7.44 7.89 8.44 9.48 8.86 8.09 6.45 7.43 6.90 8.49 9.46 7.59 11.03 9.28 7.85 13.30 28.64 35.01 30.24 28.04 28.25 31.06 32.19 25.97 21.69 19.76 22.52 27.45 31.69 37.22 39.12 31.14 27.61 28.17 21.20 25.97 24.61 23.72 21.91 20.27 19.07 15.69 19.95 22.22 23.57 25.71 26.57 25.77 24.72 22.65 20.81 19.73 15.73 14.81 14.50 14.05 13.15 12.02 11.56 9.76 10.58 8.65 7.94 7.24 6.61 6.01 5.44 4.84 4.01
4.41 4.39 4.14 4.28 5.08 5.26 5.39 6.30 8.12 7.46 8.62 8.79 8.84 6.98 7.60 5.81 6.30 5.28 4.50 6.37 8.22 9.35 8.88 12.67 13.07 29.36 38.50 30.88 25.29 33.37 38.70 32.04 25.49 22.64 21.32 24.88 29.69 34.21 39.43 34.71 26.35 27.05 27.16 25.62 25.46 20.71 25.08 17.45 19.74 17.81 18.12 19.48 23.84 23.79 26.25 27.22 26.47 19.57 22.17 20.23 18.89 15.04 14.98 17.00 14.42 12.93 12.33 12.06 11.62 11.13 10.52 7.42 6.75 6.10 5.52 5.01 4.43 3.64
4.55 4.55 4.18 4.13 4.79 5.15 5.92 7.03 7.98 7.68 8.91 9.25 7.76 9.51 6.61 5.23 2.19 10.18 4.44 14.15 15.81 11.24 13.62 14.47 13.38 29.55 40.61 31.01 26.09 38.84 40.52 31.75 26.06 20.89 20.18 26.34 33.09 35.99 36.48 32.41 27.45 25.74 26.05 25.50 25.05 24.13 22.54 20.57 18.53 16.81 18.22 20.66 23.10 23.36 25.28 26.29 25.59 23.37 21.14 19.51 18.11 14.73 14.20 16.26 16.05 15.71 13.00 12.26 11.47 10.81 10.18 6.99 6.31 5.67 5.12 4.58 3.99 3.31
4.74 4.80 4.39 4.30 5.25 5.37 6.09 7.26 7.62 9.46 9.43 9.66 7.41 6.81 6.66 2.55 3.96 7.55 10.12 13.99 17.34 17.30 14.04 13.46 11.89 27.38 40.76 36.40 32.24 42.48 38.07 29.74 26.25 23.01 26.74 31.20 35.76 36.46 32.79 29.94 27.35 25.51 26.10 26.58 25.02 23.13 22.14 20.82 18.93 15.13 18.29 21.62 23.19 21.78 25.03 26.53 24.80 22.04 20.37 19.54 18.61 17.76 17.82 17.83 17.38 16.44 15.33 11.84 10.86 10.02 9.37 6.63 5.94 5.36 4.79 4.21 3.63 3.05
4.93 4.97 4.71 4.95 5.51 5.24 6.76 8.46 8.13 9.14 9.94 9.96 6.15 1.98 2.79 5.37 11.21 9.83 9.31 13.83 18.03 18.09 15.47 15.02 15.25 22.69 38.70 44.18 43.27 44.96 35.35 28.72 29.97 29.90 32.67 35.08 36.73 33.17 29.82 29.56 28.33 27.40 27.84 27.59 25.26 18.53 17.85 15.64 16.66 14.53 19.23 23.05 22.87 21.82 27.63 26.71 24.19 22.39 21.45 20.48 19.50 18.43 17.75 17.39 16.69 15.89 14.91 11.66 10.92 10.08 9.38 6.29 5.62 5.07 4.52 3.97 3.44 2.86
5.01 5.01 4.97 5.65 5.38 4.01 6.70 10.34 6.75 8.95 10.68 7.37 6.21 9.55 10.39 10.46 8.84 8.91 9.76 12.89 18.50 19.12 18.16 14.65 16.65 20.58 31.72 45.30 51.08 45.56 35.43 31.14 33.34 32.80 32.64 34.14 32.34 29.43 30.04 30.20 29.40 29.53 25.49 19.93 17.91 17.54 16.08 17.13 13.78 15.88 20.07 22.74 23.51 25.02 28.91 26.16 24.15 22.72 21.20 19.67 18.62 17.89 17.41 16.85 15.99 12.57 11.89 11.30 10.74 10.06 9.27 6.00 5.40 4.85 4.31 3.78 3.29 2.75
5.07 5.05 5.15 5.99 5.37 3.16 5.54 10.14 8.78 5.84 6.36 5.72 13.65 9.57 7.62 7.67 10.15 10.63 10.87 14.11 17.17 12.76 16.41 14.01 17.94 19.50 33.18 43.20 51.12 46.85 37.64 35.78 34.53 32.86 33.83 33.97 28.54 27.39 31.97 28.64 26.38 25.91 20.24 17.84 17.42 17.42 18.89 12.67 15.59 17.51 19.62 21.15 26.67 28.57 27.11 24.83 22.50 21.45 20.29 19.02 18.23 17.82 17.21 16.49 15.49 12.04 11.22 10.65 10.04 9.27 8.30 5.81 5.21 4.65 4.12 3.61 3.17 2.72
5.18 5.22 5.31 5.99 5.23 2.49 3.38 7.43 9.00 6.10 5.16 6.32 12.28 12.01 7.80 8.20 7.74 11.77 11.85 14.87 19.33 18.50 17.44 12.12 20.57 28.66 30.19 42.47 47.99 45.73 40.51 38.67 33.93 33.44 34.47 29.84 26.34 27.50 29.95 25.29 25.81 24.42 18.17 17.08 17.46 17.32 16.12 14.83 16.33 16.86 17.97 21.53 27.82 26.79 23.50 22.24 21.81 20.77 19.77 18.71 18.24 17.72 17.10 16.04 15.08 14.41 11.37 10.88 10.23 9.45 8.81 8.31 7.73 7.19 4.01 3.51 3.08 2.75
5.28 5.44 5.46 5.61 4.58 2.67 3.18 11.11 12.61 10.93 12.54 13.83 14.36 11.42 8.01 10.54 8.29 8.92 11.17 15.75 18.36 18.67 12.13 14.27 20.80 31.11 34.11 41.97 47.08 43.78 40.95 39.03 33.69 31.80 31.91 29.81 27.76 30.24 28.43 28.51 25.07 22.96 17.21 16.99 17.08 17.00 16.48 20.76 15.25 15.05 16.40 20.31 24.67 24.93 22.29 23.38 23.68 21.64 19.92 18.65 17.93 17.16 16.55 16.15 15.58 9.31 14.37 8.13 13.20 12.38 6.17 8.53 7.84 4.43 3.97 3.48 3.04 2.73
5.26 5.60 5.73 4.86 3.76 7.93 9.62 10.53 11.07 11.88 13.16 11.64 9.33 8.55 12.78 11.51 9.31 8.90 12.43 10.74 9.80 22.16 21.36 19.66 27.12 33.12 36.82 40.75 43.89 40.62 41.42 40.01 33.25 29.92 29.43 30.17 30.46 30.66 29.61 28.74 26.75 21.73 17.00 16.86 22.86 22.09 21.91 20.22 14.20 14.31 15.75 19.08 22.30 27.67 26.29 26.87 24.27 21.46 19.85 14.09 18.24 17.36 16.85 10.39 9.76 14.64 8.46 13.19 12.31 9.41 8.66 7.85 4.84 4.40 3.96 3.52 3.12 2.84
4.40 5.00 5.50 5.10 4.20 8.02 8.30 9.32 10.48 10.90 13.07 11.72 15.48 14.18 7.57 13.88 10.66 8.57 9.39 11.09 16.63 17.15 23.90 24.41 30.50 34.53 35.59 37.07 40.62 40.39 42.39 37.95 33.96 29.34 28.32 30.20 31.46 31.36 32.00 30.33 27.44 25.16 23.64 23.12 22.30 21.84 21.38 19.52 14.00 13.97 15.33 17.52 20.28 22.50 23.97 25.07 23.98 21.52 20.10 18.50 17.69 16.47 12.55 15.51 14.75 14.01 10.98 10.30 9.21 6.76 6.27 5.53 7.25 7.08 6.67 6.13 3.42 3.11
