examples/cougarCreek-fire/createInputs/WindNinja/wrfout_d3.2015081100.f15/cougarCreekFire_08-11-2015_1500_217m_non_neutral_stability_ang.asc
ncols	146
nrows	140
xllcorner	610065.000000
yllcorner	5095217.000000
cellsize	216.586807
NODATA_value	-9999.000000
[rows 52 to 103 of 140, columns 0 to 95 of 146]
144 120 100 107 110 124 111 119 132 110 111 115 138 136 132 128 126 119 102 110 113 110 113 112 24 76 155 124 109 108 106 91 85 93 90 85 83 87 84 85 86 85 82 82 88 80 79 74 73 65 59 54 51 44 50 58 61 55 63 60 60 59 49 43 49 47 44 45 43 38 27 33 35 26 25 23 22 21 19 17 29 11 6 1 354 349 346 346 349 354 355 355 354 351 349 344
114 142 103 111 135 137 150 113 137 111 131 133 123 122 115 110 108 105 105 104 117 111 111 125 65 204 149 125 106 106 111 91 85 92 87 81 79 77 77 77 79 78 77 80 84 77 77 73 73 71 68 64 58 48 58 66 67 60 52 52 51 48 39 43 45 43 43 42 38 35 35 35 34 31 28 26 47 35 18 15 13 10 28 5 1 357 352 348 346 347 348 350 351 352 350 346
92 98 106 136 119 124 123 117 114 113 132 117 125 124 110 121 103 104 115 107 105 103 115 138 61 175 139 116 100 102 109 92 88 93 80 80 79 80 75 77 75 72 69 71 71 73 74 70 68 66 68 70 68 67 74 74 65 55 52 53 52 44 46 50 52 51 49 47 43 41 40 38 34 30 27 25 24 22 20 17 14 10 8 6 3 0 357 354 351 348 345 344 346 348 348 347
110 96 114 131 113 113 116 118 141 131 119 122 124 127 133 96 96 108 103 105 114 119 121 128 132 153 124 103 100 103 92 93 90 94 89 69 83 83 84 82 78 77 70 65 64 67 68 69 67 63 62 64 68 75 81 81 71 59 56 55 52 50 51 52 52 52 50 49 46 42 39 35 30 29 29 29 29 27 24 19 12 8 25 21 4 2 1 359 355 351 349 347 344 344 344 345
118 94 109 104 108 113 112 139 123 119 116 108 113 111 88 86 81 87 94 119 117 119 120 94 80 157 97 96 97 109 90 90 89 96 90 86 87 89 86 81 78 76 73 66 61 60 61 66 70 67 62 60 61 69 76 74 68 65 63 59 55 51 48 47 46 46 45 44 41 37 35 32 31 31 34 34 32 27 21 15 12 29 6 5 4 20 2 360 357 355 353 352 348 345 343 342
95 100 144 104 113 125 120 124 108 106 107 110 103 71 31 47 65 82 109 115 116 117 125 85 80 92 57 92 106 108 98 90 88 86 89 86 92 90 83 81 79 77 77 67 61 54 51 53 59 61 62 58 56 61 66 65 63 63 60 56 53 50 49 48 47 45 41 37 36 34 34 35 35 33 32 29 25 20 16 24 14 11 6 4 2 1 1 360 13 12 356 354 352 349 346 343
97 100 115 148 131 119 134 111 106 104 115 119 99 18 2 36 73 89 94 100 116 119 99 114 149 34 68 94 103 105 91 88 90 90 91 84 93 88 83 79 80 78 76 69 62 52 45 46 46 45 50 49 54 57 60 60 59 58 54 51 52 51 50 50 48 45 41 38 37 37 38 38 35 30 26 22 18 21 25 26 14 12 8 5 3 1 360 20 358 357 356 355 353 351 349 347
98 101 111 138 127 130 112 113 110 116 112 98 340 354 23 90 100 99 97 95 116 99 101 122 175 136 127 101 103 86 88 95 95 95 91 85 86 86 80 79 78 77 77 70 66 65 57 46 48 41 41 36 39 49 54 56 57 56 53 51 51 49 47 46 44 42 43 40 41 40 38 35 30 25 20 30 38 37 27 24 13 12 10 7 5 3 1 360 358 357 356 355 354 351 350 348
100 101 106 116 133 110 109 108 103 100 89 68 30 128 131 121 113 107 98 94 109 110 115 137 100 169 137 120 101 91 93 96 98 97 93 86 85 82 82 81 79 75 73 76 69 66 62 64 61 46 41 45 33 37 42 44 47 48 46 46 48 46 44 42 43 40 40 40 39 36 32 29 25 25 39 39 30 33 35 35 31 25 24 23 20 18 17 2 360 358 357 356 354 352 351 350
98 102 109 113 112 105 94 76 65 67 68 72 126 142 137 121 120 107 98 100 99 115 118 108 139 166 133 113 86 93 96 101 95 96 93 88 81 80 81 80 77 75 72 74 73 71 70 68 68 53 45 38 34 32 33 36 36 38 38 38 39 40 40 42 42 41 38 36 33 30 26 30 41 40 32 36 37 37 31 30 36 27 31 27 23 24 23 21 2 0 358 357 355 353 350 349
104 109 113 112 110 100 78 50 46 60 83 116 126 125 124 140 110 105 98 103 101 115 116 116 117 173 154 95 90 88 101 100 92 98 93 88 83 80 80 79 78 76 74 71 72 70 69 63 62 53 45 40 35 49 32 37 40 40 52 48 37 37 38 38 36 32 31 27 28 30 37 40 38 31 35 38 39 39 38 30 36 34 26 28 9 26 24 22 3 2 0 358 356 354 351 350
106 106 108 110 108 80 65 76 91 109 120 122 116 114 116 122 107 101 104 116 118 115 113 118 93 345 339 68 83 87 95 94 94 99 91 87 84 81 80 79 79 76 74 70 69 66 64 68 66 51 45 42 37 54 33 39 46 42 53 53 37 38 44 40 35 30 26 40 43 41 40 39 37 36 38 39 40 32 39 37 36 14 33 32 10 25 24 22 4 3 2 360 357 355 353 350
105 97 92 103 120 82 77 116 130 125 119 117 113 105 131 112 107 105 105 114 102 101 114 116 105 308 345 59 79 86 95 102 100 96 91 87 82 82 79 77 78 75 77 75 73 68 65 55 52 64 50 44 39 34 33 38 42 45 41 53 38 39 39 47 47 45 43 42 30 44 42 34 41 40 33 40 33 33 37 36 36 35 14 12 11 10 8 24 5 4 2 1 359 356 355 353
134 107 79 86 121 162 137 127 124 115 120 119 136 132 116 111 107 106 104 112 93 101 115 122 129 319 330 60 77 86 97 105 101 95 91 86 84 82 79 77 78 77 77 72 73 70 67 65 53 51 52 43 37 34 41 37 41 43 43 58 40 41 40 50 46 48 46 45 42 47 48 45 42 39 32 38 32 26 24 26 25 25 27 27 26 26 10 8 6 5 4 2 359 357 355 352
111 183 102 87 117 136 128 116 111 111 113 140 141 130 115 108 101 108 96 102 91 91 91 90 167 294 314 72 83 96 104 103 100 94 88 85 87 83 79 80 78 78 74 78 66 64 62 60 55 59 53 49 39 58 36 36 38 41 44 42 55 40 55 53 52 49 37 46 46 49 48 36 41 39 38 35 24 24 27 30 30 27 26 24 21 20 11 9 7 6 4 1 359 357 356 355
153 192 166 121 121 116 92 115 115 115 149 146 141 130 116 104 101 109 96 117 99 98 90 89 180 311 339 93 95 106 104 101 99 94 90 87 87 82 81 77 78 77 72 66 66 72 76 73 70 62 69 52 49 42 54 36 33 37 42 49 40 51 52 39 55 53 47 30 34 48 46 44 43 40 36 29 23 22 21 21 21 19 18 15 13 12 25 23 10 8 4 1 360 358 355 353
202 185 166 140 132 134 129 149 160 154 145 126 124 111 117 104 100 122 105 104 99 111 87 113 183 308 50 100 104 110 106 101 100 101 95 88 89 84 81 79 76 76 65 62 61 60 58 70 57 68 69 47 45 45 44 65 30 32 39 56 55 54 48 57 47 46 40 29 33 47 45 42 36 34 39 34 35 42 26 26 35 27 23 25 26 27 14 26 12 9 5 2 1 359 357 355
202 183 160 142 159 169 166 162 159 153 145 139 139 109 116 102 99 96 118 93 103 111 109 115 190 306 97 103 120 112 107 101 99 98 97 92 90 86 82 79 74 67 73 62 60 57 56 57 56 55 55 47 45 45 46 44 67 27 37 44 55 46 45 58 57 54 50 29 31 34 45 44 42 33 38 38 41 28 32 25 22 19 18 19 16 15 15 14 11 8 7 5 2 0 358 356
210 190 152 137 160 166 164 164 160 155 149 144 135 115 111 100 98 96 116 92 90 112 96 111 8 322 104 115 117 114 103 105 97 96 98 89 92 87 83 76 75 74 71 63 60 58 69 67 54 53 47 46 45 64 46 46 40 27 31 42 47 46 45 44 43 54 52 49 31 33 44 46 44 41 40 39 39 25 34 30 26 26 22 20 19 15 12 10 9 13 9 7 4 1 358 358
204 178 144 135 164 165 165 157 161 156 151 147 111 132 102 99 97 95 116 91 108 111 86 91 52 81 99 121 118 111 104 102 80 76 97 96 92 89 83 77 81 75 70 72 61 57 57 66 55 53 52 45 51 63 64 47 44 33 21 36 45 55 43 41 40 39 36 46 48 33 35 50 46 44 41 38 36 36 36 35 22 18 28 18 20 17 14 14 18 20 16 14 14 4 1 359
184 155 139 138 166 166 168 159 163 157 154 148 144 122 104 101 98 95 104 90 89 87 86 88 52 76 100 117 116 111 108 103 98 101 94 96 95 81 89 78 81 81 66 67 68 57 54 66 54 47 51 44 61 62 47 47 46 38 23 26 43 47 58 46 43 36 43 31 30 36 32 47 46 41 38 37 32 35 32 36 36 33 29 16 16 23 23 18 15 11 19 23 22 21 6 3
154 143 137 140 164 167 168 161 161 157 155 150 143 110 111 102 99 95 92 90 87 86 84 109 57 80 121 118 106 96 110 101 98 98 89 96 83 89 91 80 85 81 66 67 71 58 66 54 52 46 51 43 60 43 62 46 45 40 29 20 34 46 50 58 54 50 39 44 41 40 42 43 43 41 39 36 32 33 32 33 37 34 31 23 18 24 32 29 20 10 13 22 26 24 10 7
144 142 143 145 166 170 169 167 160 158 157 154 118 136 103 102 100 95 92 89 86 84 81 86 84 95 122 110 97 110 105 99 100 88 93 99 82 87 90 78 83 81 77 72 61 59 57 55 53 51 45 60 59 43 45 61 43 40 32 24 27 41 46 59 57 52 51 49 43 39 40 41 40 27 38 34 33 34 33 32 35 37 33 31 26 23 29 29 27 20 10 15 27 27 13 11
145 145 148 170 168 168 167 167 163 164 156 158 148 140 104 100 98 95 91 114 84 81 78 77 91 105 117 96 111 105 107 99 100 84 99 97 81 86 88 80 81 80 78 63 60 67 52 65 45 52 44 42 61 43 44 57 60 40 36 30 27 35 43 48 57 45 49 42 39 45 28 30 44 37 26 35 35 33 34 34 35 38 32 28 29 25 27 32 29 25 23 12 16 28 16 13
146 148 152 170 168 171 171 166 168 166 138 132 125 143 106 101 97 94 114 87 83 80 77 76 90 114 107 105 105 104 105 100 98 92 100 84 81 87 75 81 80 80 77 72 59 58 69 48 44 51 44 43 42 43 44 51 61 43 40 35 29 32 41 44 54 54 51 50 40 45 46 41 39 41 35 37 36 34 33 35 37 36 28 27 27 25 30 31 31 26 12 11 11 15 17 16
149 150 155 171 172 176 176 170 171 168 143 161 131 121 110 102 98 94 90 86 83 81 79 89 97 103 102 103 104 98 98 104 93 97 94 82 70 85 73 83 75 74 70 65 58 56 53 49 44 50 45 44 42 42 44 52 62 43 41 37 54 33 38 43 50 57 53 53 52 44 49 47 45 43 27 28 27 39 32 34 32 31 34 31 28 15 29 30 30 28 24 12 10 11 15 17
152 154 158 172 176 161 178 175 174 170 163 163 135 125 114 104 98 94 90 86 83 82 81 94 105 103 101 102 101 92 93 102 98 99 85 73 70 78 78 76 77 75 70 65 60 58 57 62 45 51 53 45 42 42 45 47 62 59 58 40 36 35 38 40 42 58 57 56 51 35 32 32 48 44 27 27 37 34 40 34 28 27 31 31 26 15 19 29 28 27 28 26 13 12 12 15
155 157 162 174 178 165 180 174 175 172 166 164 160 129 119 110 101 95 90 87 85 83 108 81 80 103 100 98 102 94 88 99 98 95 84 72 70 80 76 79 75 73 72 68 64 62 57 55 65 46 55 45 41 43 47 52 46 58 58 43 41 39 40 38 40 48 53 51 50 34 31 31 29 39 37 32 27 29 40 38 28 25 30 31 29 15 18 20 19 18 17 28 28 15 14 14
158 160 165 173 179 168 166 180 178 175 171 167 164 133 125 116 106 97 91 88 86 85 96 81 103 106 99 79 103 93 93 99 98 90 83 70 67 77 72 90 76 72 72 72 69 65 57 51 51 50 48 45 41 43 48 48 43 55 45 44 43 40 39 60 37 41 56 49 48 43 40 40 29 28 39 38 25 28 37 37 32 27 21 23 21 18 18 19 19 19 18 17 18 30 18 16
161 163 168 172 172 171 170 184 178 175 172 173 169 139 131 122 112 102 95 90 87 113 82 80 98 97 79 79 93 107 90 95 93 95 83 80 77 83 81 70 67 64 71 71 70 63 54 47 53 51 46 43 40 43 45 49 54 36 39 47 42 40 39 36 45 38 46 52 49 42 45 44 40 29 27 24 23 26 37 39 35 16 17 21 23 21 20 19 19 21 20 17 18 30 19 18
164 166 171 175 174 174 173 186 176 172 174 159 172 144 137 127 117 108 100 93 118 111 83 82 98 107 79 80 106 104 91 94 95 97 83 80 77 71 78 68 66 65 72 70 66 62 51 46 54 57 45 41 40 44 51 46 45 55 41 42 55 39 39 38 33 34 39 54 50 49 42 39 37 39 28 36 34 26 30 40 36 19 16 18 22 23 22 20 20 21 21 18 16 19 19 19
167 169 174 176 177 176 176 188 177 173 181 162 172 149 162 133 124 115 105 133 124 100 84 83 100 80 79 80 105 93 98 95 90 86 82 79 81 67 77 66 67 77 65 69 54 50 44 47 55 58 54 41 42 50 63 48 42 49 46 42 45 53 51 38 34 31 35 45 51 50 48 45 35 36 38 37 36 41 44 41 40 24 19 17 21 23 23 21 21 21 20 20 18 18 17 18
170 172 176 178 179 179 178 190 180 182 169 165 167 155 148 139 161 121 111 142 114 88 86 84 82 95 81 89 93 93 104 101 76 74 94 68 76 66 74 65 67 67 62 57 54 51 46 48 55 53 56 44 49 55 54 44 45 46 50 42 47 48 45 47 51 48 41 42 50 49 49 42 44 36 39 42 44 44 44 29 26 25 22 19 19 21 24 23 23 22 21 21 20 20 17 17
172 174 178 180 181 182 181 189 184 191 172 188 163 165 153 145 136 160 155 144 115 92 88 85 83 97 94 93 92 79 105 100 76 75 95 83 80 74 63 63 66 65 57 54 55 53 49 48 52 52 49 48 50 48 47 47 47 48 47 46 46 52 43 49 56 52 51 35 41 49 49 42 40 45 44 45 45 46 34 32 27 25 23 21 19 33 24 25 25 24 23 22 22 23 21 20
173 176 180 182 183 184 183 182 190 178 175 177 167 174 157 151 170 161 154 138 105 97 90 112 83 97 82 96 92 104 104 84 102 74 97 83 89 84 64 64 74 63 56 55 57 55 51 49 51 52 51 51 51 49 47 48 48 48 49 49 48 47 47 47 60 56 53 44 42 41 41 47 45 45 48 33 48 34 33 30 26 37 23 23 21 21 23 25 25 37 25 24 24 22 21 19
174 178 182 184 185 185 185 184 183 181 178 171 171 176 178 177 174 155 157 136 110 101 94 88 110 100 81 98 80 105 77 85 77 75 73 72 71 68 77 78 66 62 57 56 59 56 51 50 51 54 55 55 53 50 49 49 50 49 50 50 50 49 48 47 55 58 54 46 44 33 34 47 47 46 50 49 50 50 47 45 27 35 22 23 23 22 22 23 24 24 25 24 22 20 18 17
176 179 183 185 187 187 193 186 185 184 181 175 176 170 178 180 175 160 161 125 115 105 98 91 110 83 82 81 81 80 91 97 102 75 73 94 71 70 87 70 68 65 61 59 61 59 54 53 53 55 56 57 72 51 51 53 52 51 51 51 50 49 48 47 63 59 50 55 53 50 33 47 49 49 34 33 33 33 32 44 29 26 24 24 23 23 23 23 24 25 24 23 19 17 16 16
177 180 184 186 188 188 193 188 187 185 184 183 181 176 182 185 177 163 159 130 119 110 101 128 87 84 83 82 81 80 80 94 102 74 73 72 71 69 87 69 68 66 63 62 63 62 58 57 57 56 56 56 72 71 52 53 53 52 51 51 50 49 47 63 55 60 58 57 55 54 51 48 47 48 46 45 44 31 31 31 30 28 26 24 24 24 23 22 22 22 22 21 18 16 16 25
179 181 185 186 188 189 189 189 188 187 186 188 186 182 183 190 181 166 162 136 125 115 106 98 90 86 84 82 100 100 98 104 102 74 72 71 70 69 68 67 66 65 64 62 63 62 59 58 58 57 57 58 56 72 53 53 53 51 50 50 50 67 47 63 60 59 58 58 57 56 55 51 37 37 48 48 44 45 44 30 28 26 25 24 23 23 23 21 19 19 20 29 29 27 27 27
181 183 186 187 188 189 190 191 190 188 196 186 190 177 185 190 181 165 155 143 130 120 147 102 95 89 107 106 101 99 108 106 103 75 72 70 70 69 67 67 67 66 65 64 80 61 58 57 57 56 57 58 57 72 54 54 54 52 51 51 50 66 66 64 61 42 58 58 54 54 35 52 36 38 37 46 47 33 46 44 41 37 38 24 23 22 22 21 18 17 19 20 19 27 18 17
182 184 187 189 190 190 192 192 192 190 196 187 181 188 187 187 183 171 162 150 137 126 157 108 100 93 119 106 100 100 106 80 78 76 73 71 89 68 74 69 67 65 63 65 63 60 58 56 56 55 56 57 57 70 70 55 55 54 53 52 51 51 67 66 64 44 43 58 56 54 35 49 34 36 48 49 49 49 49 46 43 41 27 38 24 35 35 34 21 20 21 21 20 19 20 19
182 185 188 189 190 190 191 192 193 191 191 191 195 191 189 187 187 180 165 155 144 132 162 113 104 126 119 110 103 109 103 78 77 74 72 83 69 67 67 68 68 65 63 62 60 59 58 56 55 55 55 56 56 70 69 72 55 73 53 53 52 52 68 66 66 46 44 59 57 55 50 49 33 34 48 48 48 35 46 43 30 28 39 27 26 36 24 34 33 22 36 25 24 20 21 21
182 184 188 175 190 190 191 192 193 192 191 193 192 193 190 186 188 183 167 158 148 138 127 158 109 132 125 124 115 107 106 99 101 93 83 70 68 65 65 66 65 63 63 61 58 57 58 56 55 54 55 55 56 55 68 69 70 68 71 52 53 52 68 62 48 64 64 43 58 56 52 50 33 33 46 45 44 47 45 44 43 41 27 38 38 38 36 24 34 34 24 25 22 23 23 21
181 184 187 189 190 190 191 191 192 192 191 192 193 187 191 185 186 187 171 161 152 143 133 123 114 106 136 123 87 82 80 105 97 83 71 70 67 65 64 66 62 61 61 60 58 57 57 56 54 54 55 56 56 56 66 62 65 67 67 70 52 51 66 60 47 55 58 61 58 56 51 51 49 49 47 32 32 33 45 45 44 41 28 26 25 36 24 24 24 24 25 25 24 22 20 20
183 184 186 189 189 190 191 191 191 192 191 192 193 189 185 184 190 191 173 164 156 179 137 128 119 153 139 128 127 104 82 102 76 74 72 70 67 65 64 65 63 61 59 58 56 56 55 53 52 53 54 55 56 55 55 56 55 54 53 52 67 67 63 63 61 56 42 55 55 53 51 52 51 50 48 43 31 33 45 33 41 39 37 37 24 24 35 24 36 25 25 24 34 23 21 18
185 184 185 188 190 190 191 190 191 192 191 192 192 191 193 189 190 186 173 168 161 152 143 134 125 150 139 141 95 90 85 81 77 74 72 70 68 65 64 64 63 61 59 57 56 56 54 52 51 51 52 53 53 53 54 54 54 53 52 51 50 65 64 63 61 45 42 40 39 38 36 35 34 47 48 44 30 32 34 46 31 38 27 25 23 23 33 24 25 32 23 33 22 23 24 22
182 183 185 187 190 190 191 190 190 191 191 192 192 188 193 190 187 182 175 171 164 157 149 140 131 150 149 107 101 95 89 103 78 75 82 78 72 66 62 64 60 60 59 57 55 54 53 52 51 51 52 51 50 50 51 52 52 51 50 50 49 48 47 47 57 44 42 39 37 36 34 33 32 48 48 47 44 31 33 44 32 29 28 26 25 23 23 23 24 24 22 22 23 23 26 25
179 183 186 187 191 191 190 190 190 190 191 192 192 193 193 191 187 183 179 174 167 161 154 146 163 158 121 114 144 139 94 87 80 86 83 79 75 74 63 55 60 60 58 57 56 54 53 52 51 52 52 50 49 50 51 51 50 49 48 48 47 46 46 46 45 43 41 38 37 35 46 47 47 32 47 47 47 31 32 33 45 44 29 41 39 26 25 24 25 26 23 23 25 25 26 26
182 182 182 187 190 191 191 190 189 189 189 191 191 186 194 192 189 185 181 176 170 183 158 171 143 135 127 120 145 147 134 92 84 79 94 92 81 62 54 58 62 61 58 57 55 55 53 50 48 50 51 49 49 50 50 49 48 47 47 47 46 45 45 44 43 42 40 38 37 47 49 49 48 47 45 32 31 46 31 32 45 46 32 31 29 29 28 26 26 28 27 24 24 26 26 26
185 184 182 183 189 193 191 191 190 189 189 190 191 193 194 193 191 187 183 178 173 168 163 185 149 141 168 154 148 112 106 130 119 109 101 95 72 63 57 63 65 62 58 56 54 54 52 48 48 50 51 49 48 49 49 51 51 50 47 47 46 44 43 43 51 52 49 38 37 36 47 46 45 44 32 31 41 45 45 45 47 47 32 41 28 27 26 26 26 28 28 26 25 25 24 23
185 189 188 178 185 193 191 189 189 190 190 191 192 193 195 194 191 189 177 180 178 173 167 161 154 147 173 161 165 119 113 104 131 117 105 93 73 68 69 84 68 63 59 69 55 54 51 43 48 50 50 49 48 49 57 57 59 57 52 47 46 44 44 43 43 41 39 38 37 35 33 32 32 32 42 30 30 30 44 45 32 32 31 29 26 26 26 25 26 25 25 24 24 24 25 22
183 190 193 185 180 189 187 185 189 191 192 192 191 192 194 194 192 190 186 183 180 176 171 165 160 154 175 167 171 126 160 150 139 124 104 98 84 79 85 90 86 65 60 58 53 52 48 50 42 42 48 48 48 50 52 54 55 53 49 47 45 44 43 43 42 40 38 36 35 34 32 31 31 31 42 30 44 43 44 44 45 44 42 42 27 26 27 27 25 25 26 23 24 23 23 21
