examples/cougarCreek-fire/createInputs/WindNinja/wrfout_d3.2015081100.f15/cougarCreekFire_08-11-2015_1500_217m_non_neutral_stability_ang.asc
ncols	146
nrows	140
xllcorner	610065.000000
yllcorner	5095217.000000
cellsize	216.586807
NODATA_value	-9999.000000
[rows 0 to 51 of 140, columns 0 to 95 of 146]
36 48 66 81 90 95 100 105 109 120 117 121 125 127 127 128 128 127 125 124 120 118 119 126 130 129 126 126 126 126 123 117 111 108 107 107 109 109 113 115 114 114 116 113 115 116 119 117 117 116 115 113 112 113 114 114 114 109 105 106 108 107 108 110 112 112 110 110 113 118 122 122 119 115 114 117 121 119 114 114 115 119 125 114 113 117 147 119 119 125 167 125 116 187 199 212
36 48 66 81 90 95 100 105 109 120 117 121 125 127 127 128 128 127 125 124 120 118 119 126 130 129 126 126 126 126 123 117 111 108 107 107 109 109 113 115 114 114 116 113 115 116 119 117 117 116 115 113 112 113 114 114 114 109 105 106 108 107 108 110 112 112 110 110 113 118 122 122 119 115 114 117 121 119 114 114 115 119 125 114 113 117 147 119 119 125 167 125 116 187 199 212
40 50 65 77 87 94 99 104 108 111 115 118 122 124 125 126 127 127 126 125 124 121 119 122 127 127 126 124 124 124 122 119 114 111 110 109 109 110 112 113 113 114 114 114 114 115 116 114 114 114 114 114 113 113 113 112 112 109 106 106 107 108 109 111 112 113 113 114 116 119 121 121 120 118 118 120 123 124 120 119 120 123 128 133 139 144 149 153 159 163 169 175 181 189 200 213
44 52 61 71 80 88 94 99 104 107 110 113 117 121 122 123 125 125 125 126 128 125 118 118 122 124 125 123 121 120 121 122 118 115 114 111 109 109 110 112 113 113 114 114 113 113 114 113 113 115 116 116 115 113 112 110 109 108 108 107 109 111 113 114 115 116 118 119 120 121 121 122 123 124 125 126 129 131 129 127 128 130 133 138 143 148 153 157 162 167 173 177 183 189 196 206
45 51 58 67 75 82 89 89 97 101 106 109 112 116 119 121 123 123 123 125 127 125 118 116 118 122 123 120 119 120 122 124 121 117 116 114 112 111 112 113 114 114 114 115 115 114 115 116 117 118 119 118 116 110 112 110 109 109 109 111 112 115 116 117 118 120 121 122 123 123 124 126 128 129 130 131 134 135 133 132 132 133 137 141 146 151 155 159 164 169 173 177 108 96 83 54
46 52 57 65 72 80 86 91 96 97 101 102 108 111 115 117 120 121 121 123 124 122 116 112 114 118 121 120 120 122 124 125 121 119 118 116 114 112 112 112 113 114 115 116 116 116 118 119 119 116 115 114 116 115 113 112 114 114 114 115 115 117 118 119 120 122 115 124 125 126 127 130 131 131 131 133 136 137 136 135 135 136 139 143 148 152 156 160 165 169 173 177 184 81 82 25
47 52 57 64 71 78 85 82 88 93 99 102 102 108 111 115 118 120 121 121 122 119 114 111 111 115 121 120 120 120 125 125 122 121 120 117 114 113 111 109 109 113 112 116 117 115 116 116 116 116 112 118 112 116 115 116 117 117 117 117 117 112 113 121 122 116 125 126 128 129 130 131 131 130 131 134 138 138 137 137 136 138 141 144 147 152 157 161 165 169 174 178 185 83 57 0
47 53 58 64 71 78 83 81 90 93 97 101 101 101 103 112 115 114 118 118 119 119 116 112 110 113 117 119 118 119 125 123 121 122 119 116 114 113 109 108 109 110 111 112 114 115 115 115 114 109 113 113 118 118 117 117 118 118 118 118 112 112 120 122 123 117 126 128 130 130 130 131 130 130 132 136 139 138 137 137 137 139 142 145 149 153 157 162 166 170 175 180 186 194 301 13
47 53 57 63 70 58 83 77 85 91 95 99 101 100 102 110 107 111 114 114 114 118 118 111 109 111 115 117 116 117 121 122 119 120 118 113 112 110 108 108 110 112 113 113 114 116 115 113 112 113 114 115 115 113 112 118 118 118 112 118 112 119 121 123 116 118 119 118 130 130 130 131 131 132 134 136 138 137 137 138 139 141 143 146 149 153 158 162 166 171 176 182 189 196 205 213
47 52 57 63 71 65 71 76 84 89 94 98 93 101 101 102 105 107 113 116 113 116 118 112 104 109 113 116 116 117 121 121 118 118 117 114 111 110 109 110 111 113 115 115 115 116 116 115 115 116 116 117 114 111 116 117 118 118 112 118 118 120 123 117 117 116 117 118 130 131 132 132 132 132 134 136 137 136 138 139 140 142 144 146 149 154 158 162 167 150 178 184 192 200 210 220
35 53 57 64 71 79 78 82 86 90 93 97 100 93 101 102 103 109 111 118 117 111 116 114 107 99 102 105 116 118 121 121 119 119 117 114 112 111 111 110 111 113 115 110 109 110 116 116 116 112 113 110 112 117 116 117 119 113 120 119 120 115 116 118 117 117 119 120 131 132 133 133 133 132 134 137 137 136 138 140 141 143 145 147 149 139 147 162 167 173 179 186 196 206 216 227
47 52 38 44 52 66 86 87 89 78 83 98 100 102 101 102 106 103 108 114 114 115 112 115 109 99 100 103 105 117 120 120 118 117 115 113 112 111 110 108 109 106 109 109 109 109 115 115 110 111 109 113 119 118 114 114 114 114 116 122 121 116 118 118 119 127 128 130 131 132 133 132 132 132 134 136 135 135 138 140 142 144 145 147 150 154 158 162 167 174 181 190 201 212 224 235
45 51 56 44 51 63 88 92 95 95 86 87 88 101 101 101 101 103 107 109 107 105 106 114 110 102 98 102 105 107 120 120 118 117 115 114 114 113 110 108 103 108 111 110 109 107 114 108 109 115 114 115 121 119 114 115 115 116 117 117 116 119 119 125 126 127 128 129 130 132 132 132 133 133 134 135 134 135 138 140 142 144 146 147 150 154 158 162 168 174 183 194 207 219 232 244
44 51 56 64 72 67 89 95 101 101 102 94 93 89 101 99 100 102 105 99 100 100 99 112 110 103 98 102 104 107 109 121 109 108 110 109 108 108 109 107 106 110 111 109 108 115 115 108 110 117 116 116 117 116 114 114 115 116 116 116 118 119 122 123 124 125 126 128 129 131 133 133 134 135 134 133 133 134 137 140 142 144 145 147 150 153 157 162 168 175 186 200 216 230 244 219
43 51 57 65 73 82 89 96 100 105 107 106 105 99 90 85 87 90 93 94 92 94 96 103 113 104 99 101 103 106 107 118 108 108 110 110 107 107 111 111 106 107 108 108 109 109 109 110 112 111 117 117 118 117 114 114 109 116 115 115 119 120 121 122 115 113 115 115 130 132 120 134 134 134 133 132 131 132 136 139 141 143 144 146 149 152 156 162 169 138 147 143 228 179 257 220
43 51 58 65 74 83 78 86 97 106 109 106 96 101 106 97 90 92 95 97 108 106 100 105 109 105 100 101 104 105 104 105 108 109 110 108 106 106 108 106 103 104 107 110 111 110 111 112 111 110 119 119 111 110 115 114 110 115 108 113 113 113 113 113 113 114 116 129 130 133 135 135 134 132 132 131 130 131 134 138 140 142 143 145 147 149 153 160 172 183 132 134 241 155 265 274
44 52 58 66 76 84 90 88 93 101 108 106 84 92 113 118 113 95 102 105 98 99 99 114 106 102 100 101 101 102 104 109 108 108 109 108 107 107 106 103 103 105 107 110 112 111 111 110 109 111 120 111 113 110 108 115 116 107 114 114 113 112 114 114 115 116 127 117 130 132 134 134 133 131 130 130 130 130 132 136 139 140 141 143 144 145 148 156 173 189 206 230 249 261 170 276
45 53 59 67 77 85 89 91 92 83 105 111 105 99 123 125 118 113 112 112 102 100 93 91 95 98 97 99 99 101 106 110 110 111 111 110 110 107 104 103 104 106 107 110 111 111 110 110 110 111 112 116 114 107 106 114 112 105 113 113 113 113 115 116 117 126 128 123 124 131 133 133 132 131 130 130 131 131 131 134 137 139 140 141 142 142 144 103 95 194 219 244 259 268 274 169
48 55 61 69 78 86 92 92 75 76 103 116 122 119 111 110 111 108 107 108 99 96 93 85 90 96 96 98 98 101 106 110 115 113 112 111 112 108 104 103 105 107 110 111 111 110 111 111 111 111 115 114 108 113 105 105 110 111 106 113 115 107 117 117 125 120 123 128 128 130 132 132 131 130 129 130 132 132 132 133 135 137 138 139 139 140 142 100 88 201 239 53 70 278 280 282
49 56 62 70 79 87 89 94 77 78 106 116 125 112 94 94 100 105 98 106 98 93 97 91 89 92 94 95 97 101 106 110 113 126 121 112 115 112 106 106 107 109 112 114 113 112 112 114 116 116 113 107 105 105 105 102 104 112 106 106 115 108 115 114 116 125 127 127 128 130 131 131 131 129 128 129 131 132 132 133 134 135 136 136 135 135 138 78 63 224 271 82 89 78 287 287
50 57 63 57 66 78 90 96 97 84 108 108 98 117 112 104 99 102 99 114 99 90 100 96 90 86 89 91 96 101 104 109 125 131 123 112 113 116 108 107 109 112 115 115 114 113 114 116 125 112 108 106 105 107 101 110 113 105 106 106 105 107 115 114 123 124 126 127 128 130 131 130 130 128 127 128 129 130 131 134 134 134 133 132 130 128 129 133 178 284 36 84 74 293 293 294
51 58 65 59 69 82 92 97 99 84 101 104 93 118 128 120 124 113 105 113 111 90 98 93 84 82 85 90 96 101 104 106 126 135 126 117 110 115 107 109 113 117 115 114 112 109 111 114 113 105 104 103 102 100 111 104 105 107 107 105 104 106 105 122 115 116 116 117 127 129 130 129 129 127 126 126 126 127 128 131 132 131 129 126 122 116 109 84 356 321 38 50 35 22 301 301
51 59 66 76 77 88 96 98 100 88 98 108 93 98 137 130 138 120 108 100 98 104 94 94 85 79 85 89 94 98 100 109 122 115 126 117 109 111 106 110 117 117 115 111 111 111 111 111 106 105 104 101 100 112 113 105 104 105 105 104 105 106 114 114 114 113 113 123 125 128 129 129 128 126 124 124 124 124 124 126 127 127 123 118 110 99 79 36 355 24 81 84 85 88 62 41
53 61 69 79 90 98 101 100 92 88 95 111 107 96 117 134 139 136 116 91 84 83 97 88 79 78 82 86 89 91 96 100 121 132 128 119 111 110 106 109 114 115 113 110 110 110 108 107 107 106 105 116 104 108 106 104 104 104 106 106 108 113 111 118 109 111 111 111 124 126 127 127 127 125 123 121 121 121 120 119 119 119 115 106 93 74 47 17 32 112 124 129 113 112 104 62
55 64 72 82 93 103 107 104 102 90 90 111 114 98 100 122 136 139 124 111 84 91 58 74 71 80 79 85 84 88 99 106 122 134 120 117 113 110 108 111 113 111 110 120 111 108 108 110 108 106 108 117 105 105 104 106 107 108 108 107 107 112 100 98 111 110 110 110 123 112 124 124 124 124 122 120 118 117 116 113 109 105 99 89 72 50 29 8 346 127 126 110 97 114 158 96
58 67 75 83 91 101 111 111 108 99 94 109 118 107 85 103 132 136 115 95 80 50 60 102 62 77 81 87 83 92 102 119 123 113 128 119 111 110 110 113 115 109 109 109 109 120 112 122 107 104 121 106 103 103 103 106 108 115 106 105 105 111 98 105 110 109 108 110 112 114 114 120 120 120 120 118 115 113 112 108 101 92 82 68 51 33 19 4 93 104 134 117 92 88 147 89
61 71 80 86 90 98 110 116 114 109 99 112 124 122 106 84 105 118 7 88 85 38 102 98 62 75 81 87 87 95 105 110 107 107 111 114 112 111 110 108 106 104 105 106 108 108 106 106 105 104 117 102 101 101 100 102 105 105 103 102 102 110 110 102 102 104 111 111 112 112 112 116 116 115 115 113 111 107 104 100 92 81 67 51 36 22 13 1 60 72 112 324 111 82 71 317
64 72 81 92 100 105 109 116 121 113 104 106 118 136 120 39 23 79 88 79 81 94 101 90 60 72 77 84 91 98 106 106 104 111 116 118 115 114 112 107 105 106 106 109 112 110 108 110 108 101 113 99 100 100 100 104 104 103 102 102 102 103 107 112 115 115 112 108 105 103 103 113 112 111 109 107 105 101 96 90 80 69 53 38 24 14 8 1 53 52 44 45 41 34 319 319
66 72 80 93 102 102 102 113 130 126 112 104 93 104 62 346 75 68 80 84 85 94 105 98 79 70 75 78 92 101 108 105 105 113 116 116 116 114 109 108 109 109 111 113 114 125 123 122 100 116 112 98 99 102 101 105 104 102 104 108 109 108 108 109 110 111 112 109 106 103 102 109 108 106 104 102 99 96 89 80 69 56 40 27 17 9 5 360 40 35 332 327 11 14 321 321
67 73 80 91 99 100 97 106 124 132 115 88 40 128 96 73 73 81 93 91 92 99 109 112 94 81 78 84 89 100 106 107 107 110 111 112 114 110 107 110 111 113 120 123 122 122 121 101 117 117 113 97 98 100 105 105 104 103 103 103 103 103 104 105 105 106 105 105 104 104 102 105 104 103 100 97 93 88 81 72 58 43 30 19 11 6 2 358 350 33 33 30 25 26 323 322
69 75 83 90 96 108 95 89 96 106 86 34 100 1 118 83 101 114 118 113 105 87 112 120 114 99 98 92 91 97 103 106 107 105 107 111 111 105 109 115 118 119 123 122 121 121 106 105 123 120 115 99 96 103 103 99 97 98 99 99 100 103 104 104 101 100 98 97 96 94 90 102 100 98 95 91 85 79 71 60 47 33 21 13 7 3 359 356 350 50 49 43 26 18 7 324
70 77 85 90 93 100 89 74 66 56 47 37 71 80 112 101 94 111 117 116 115 121 125 123 125 117 110 103 97 96 98 103 107 106 106 107 101 102 109 115 115 117 122 122 120 120 125 111 127 121 113 107 93 95 91 90 93 96 97 98 100 103 103 101 98 97 99 99 99 97 96 98 100 98 88 84 77 67 57 47 37 23 12 7 3 360 357 356 351 50 44 37 22 14 9 326
72 80 87 89 84 74 84 87 78 77 82 82 95 104 120 116 102 100 102 103 108 118 110 125 128 126 119 111 105 96 97 101 106 108 102 97 97 101 106 104 113 114 119 120 120 119 120 131 127 121 112 104 87 87 88 90 95 98 98 96 96 97 99 101 103 100 106 97 109 112 93 102 101 86 82 77 69 59 104 38 29 17 5 358 357 358 358 356 352 46 37 32 20 16 16 328
70 76 71 77 57 108 105 99 95 90 101 113 118 119 130 132 118 101 83 80 85 107 120 119 122 126 124 117 109 97 98 102 105 106 104 102 102 105 107 109 111 112 116 117 117 120 120 124 122 123 116 106 109 94 91 95 98 99 100 100 99 97 98 97 96 99 94 99 99 94 84 79 84 81 76 69 61 50 91 33 24 15 2 351 349 356 360 357 331 60 38 33 20 18 14 328
62 65 62 50 76 109 110 113 115 118 119 121 123 130 149 139 126 108 89 89 96 108 116 122 121 122 123 117 110 99 105 104 103 106 105 103 103 104 106 108 109 109 110 110 111 115 116 120 115 119 117 109 106 108 106 103 98 97 99 101 101 98 93 91 90 91 89 85 76 85 84 82 69 80 89 88 52 44 35 27 19 11 2 349 344 351 357 357 335 348 38 30 19 15 9 329
54 79 81 97 80 106 119 114 115 122 120 99 101 116 142 182 189 195 201 156 133 118 119 123 118 115 112 108 106 96 105 103 100 102 102 102 101 98 96 96 99 101 103 106 107 108 108 112 120 113 114 112 104 106 104 103 100 99 97 96 93 91 88 85 83 83 79 83 81 79 78 69 75 80 82 80 47 38 29 23 16 9 0 350 345 349 354 355 335 334 39 32 19 14 9 330
66 85 91 100 112 122 131 122 119 120 114 101 105 107 119 141 151 154 154 143 130 119 123 111 105 98 99 100 101 101 104 107 102 101 105 103 99 95 92 91 88 88 105 107 105 103 106 109 111 118 112 112 107 102 97 94 102 101 100 99 97 95 93 90 86 80 76 74 76 80 70 69 69 66 54 48 41 35 28 20 15 9 0 349 343 349 356 353 354 338 36 33 18 15 11 331
80 92 101 101 104 116 125 117 118 112 101 111 113 106 100 111 121 119 115 107 104 108 102 106 94 92 92 96 99 106 104 109 110 110 113 116 112 109 106 102 98 96 96 102 102 101 103 106 102 108 114 108 108 104 100 97 93 91 91 90 89 88 87 87 87 87 87 85 83 82 81 90 75 49 46 41 37 31 24 19 14 9 3 346 333 341 354 357 344 344 32 29 23 14 10 333
74 80 86 87 88 95 116 135 106 103 96 108 99 98 93 96 99 92 83 88 93 95 93 88 84 82 90 92 89 87 97 100 105 107 108 112 115 119 116 111 104 99 90 88 100 102 101 100 104 104 103 108 103 99 97 93 90 88 85 83 89 88 86 86 87 86 84 81 78 77 75 73 69 66 60 45 30 25 22 17 13 10 5 348 328 330 345 356 350 349 26 27 23 15 12 336
70 75 81 87 88 88 121 109 140 109 114 108 99 101 103 103 97 90 85 91 90 85 94 93 81 90 92 90 85 83 93 95 99 97 96 94 96 95 100 99 97 104 108 106 102 102 100 95 92 96 97 93 93 96 96 92 96 95 85 84 82 89 87 87 87 73 70 68 67 65 62 56 50 57 49 41 37 20 18 16 15 11 6 353 334 323 328 343 352 353 3 33 27 18 15 10
72 79 84 91 92 91 115 92 104 147 116 119 116 117 112 109 100 79 68 73 78 90 102 94 79 95 96 92 86 86 94 96 97 95 91 87 85 87 97 95 92 92 95 96 104 104 103 101 99 97 95 94 88 88 88 88 86 84 82 82 85 79 78 76 73 71 70 70 71 69 65 59 53 45 37 30 16 0 9 20 17 13 8 360 350 338 326 327 342 356 5 22 35 22 17 10
74 82 87 95 96 123 91 89 92 109 151 118 115 117 112 110 93 68 73 91 105 112 107 89 77 94 100 96 93 90 96 90 89 87 86 88 88 86 86 92 93 97 96 98 99 92 93 93 92 90 89 90 88 87 87 86 84 83 83 83 74 74 75 74 72 71 71 72 73 71 67 61 55 49 41 28 6 329 336 10 17 18 12 7 1 350 333 321 330 351 8 11 38 25 19 11
75 82 85 89 96 94 93 89 89 85 96 140 155 159 105 102 95 96 109 115 119 114 101 84 88 96 106 101 96 91 91 87 84 84 85 90 90 87 84 86 92 95 94 92 91 90 94 94 93 86 87 82 81 81 80 78 76 74 74 74 73 73 73 73 73 73 74 73 71 69 65 60 54 50 41 26 1 315 300 328 14 23 32 29 8 359 343 318 310 335 10 8 19 25 18 9
76 82 88 94 96 137 95 93 88 87 103 138 146 149 161 175 98 109 119 119 118 105 89 82 99 112 98 101 95 89 92 90 87 86 88 89 88 86 83 82 84 86 86 83 87 89 90 89 88 85 80 79 79 79 78 76 74 73 74 74 73 73 73 73 72 72 70 68 65 61 57 52 47 42 35 24 3 319 295 303 350 25 47 20 13 7 358 334 306 315 355 1 7 13 13 7
76 83 92 98 97 104 99 95 92 111 134 137 137 134 151 70 188 65 98 108 104 94 88 100 110 113 93 91 95 91 93 89 87 88 88 87 87 85 83 82 82 78 83 84 87 90 87 90 83 76 75 75 76 76 75 74 72 71 73 74 72 70 65 64 62 59 56 52 49 45 42 37 33 28 26 23 13 340 302 299 312 13 32 41 19 37 5 357 336 323 335 355 7 9 347 359
77 84 90 94 106 105 104 101 101 125 129 133 128 110 136 158 181 60 164 128 102 124 103 109 109 103 82 83 98 93 94 89 88 87 88 88 87 87 87 84 73 77 80 84 87 82 85 84 75 71 71 72 75 75 75 73 71 71 73 69 65 62 53 51 50 57 61 59 53 52 52 45 43 41 39 34 27 24 329 290 288 325 40 51 23 14 33 2 353 335 328 346 357 12 345 342
79 86 112 96 110 110 140 106 124 123 125 126 112 108 123 111 59 188 159 129 118 133 145 97 97 87 81 107 101 93 92 87 89 88 90 88 89 89 85 77 69 70 74 74 80 84 82 75 70 67 66 71 75 74 73 72 70 69 68 58 54 50 50 56 57 60 58 54 59 67 65 66 58 45 41 41 54 18 5 309 285 301 36 51 42 15 10 2 356 346 330 336 351 347 345 343
79 107 113 98 103 116 113 111 106 123 117 120 107 120 101 97 126 163 157 137 123 131 138 63 72 75 87 112 102 91 91 84 90 90 91 87 88 89 84 77 68 76 85 85 84 81 71 64 59 58 58 63 67 65 64 65 66 57 56 62 62 61 63 66 67 66 62 62 63 62 61 58 45 44 43 43 45 43 35 353 303 305 357 36 47 15 9 3 358 354 341 336 342 345 345 344
81 108 154 156 151 118 137 139 126 106 117 104 114 100 92 96 120 142 150 138 123 124 124 149 79 124 122 116 100 91 91 90 88 91 90 86 87 89 87 87 97 93 92 87 74 71 67 61 56 52 53 51 50 48 49 54 59 76 80 77 73 68 68 72 72 70 67 64 61 59 52 44 49 49 41 40 48 42 21 15 341 313 317 20 32 34 6 3 0 357 350 344 340 342 344 343
147 117 115 121 123 123 144 111 108 123 103 103 107 116 114 120 124 139 149 132 120 124 129 146 180 115 154 111 97 93 97 89 86 93 90 85 85 88 87 96 94 92 93 86 78 59 55 51 43 42 38 41 48 60 58 64 68 71 74 75 61 56 55 66 67 65 62 58 55 52 48 41 39 38 37 37 35 20 20 19 8 344 329 336 2 5 7 22 1 358 12 349 344 340 342 341
107 139 119 122 129 105 106 111 109 107 102 103 115 127 135 133 126 131 118 118 119 125 129 147 45 196 71 105 98 96 92 87 88 93 91 86 84 85 85 88 97 91 91 89 79 71 66 58 51 47 57 57 53 49 63 66 60 61 70 70 61 56 50 50 61 57 54 45 47 40 37 37 34 35 36 32 19 18 24 31 14 4 350 340 342 352 359 1 1 17 15 11 349 343 341 342
113 92 98 103 107 109 118 115 111 108 104 106 115 124 139 120 128 128 123 107 115 114 125 131 22 30 165 96 105 100 95 90 86 94 92 87 82 84 84 84 87 88 87 89 76 72 64 56 50 57 55 51 44 46 52 57 61 59 58 66 66 57 51 48 49 49 55 54 50 40 37 48 37 37 34 32 30 29 17 33 15 10 1 351 344 344 348 353 359 360 14 12 8 349 345 343
