examples/cougarCreek-fire/createInputs/WindNinja/wrfout_d3.2015081100.f15/cougarCreekFire_08-11-2015_1500_217m_non_neutral_stability_vel.asc
ncols	146
nrows	140
xllcorner	610065.000000
yllcorner	5095217.000000
cellsize	216.586807
NODATA_value	-9999.000000
[rows 35 to 69 of 140, columns 0 to 77 of 146]
3.09 10.53 10.84 10.10 4.02 4.63 10.62 10.74 10.44 11.27 11.58 11.60 10.89 12.62 14.54 8.78 9.47 9.12 8.54 15.71 22.40 26.90 27.95 30.24 33.07 31.17 29.71 31.84 37.97 43.14 40.76 37.20 35.12 29.24 28.09 29.62 30.24 29.48 28.79 27.17 21.98 20.45 20.05 15.71 15.54 15.71 22.18 20.61 18.16 14.25 14.88 15.68 18.54 20.93 20.93 21.12 21.36 20.00 19.06 18.33 16.68 17.08 16.50 15.54 14.64 11.35 10.56 7.69 7.29 6.95 6.52 8.28 7.82 7.27 6.83 6.30 3.70 3.55
2.67 3.93 3.37 4.54 5.25 5.35 5.16 11.77 11.40 11.67 11.80 12.51 11.71 13.26 14.39 16.06 18.88 22.44 23.84 23.47 22.55 26.20 26.93 31.25 30.65 26.67 25.84 32.00 38.10 44.96 37.91 35.39 37.70 31.65 29.45 30.01 28.62 28.62 29.00 27.03 23.78 22.44 16.70 15.70 15.27 15.74 15.79 15.10 19.84 18.18 15.30 15.52 17.30 18.58 18.36 18.14 19.14 17.64 16.75 16.44 16.31 16.27 16.22 15.57 15.18 14.25 10.90 10.30 9.95 11.77 9.52 9.15 8.45 7.79 4.65 4.39 4.28 4.11
3.62 3.56 3.98 5.41 6.62 6.63 11.14 11.08 11.73 11.14 10.73 11.93 13.66 13.66 12.76 12.07 14.39 15.59 14.93 14.17 15.80 21.81 29.34 26.74 26.89 23.35 24.47 33.32 38.62 42.92 37.99 35.55 34.93 34.97 33.15 31.23 30.53 28.33 28.61 26.45 23.63 21.75 19.38 15.35 14.89 16.12 16.87 15.58 20.20 19.26 18.77 16.15 17.09 16.97 17.36 17.32 16.47 15.08 13.82 13.13 12.78 12.32 11.94 11.57 11.06 10.42 9.45 8.62 7.99 7.27 7.28 9.44 10.87 6.01 5.56 5.19 4.97 4.83
4.36 4.06 4.02 5.22 6.69 7.27 7.24 8.19 12.48 11.13 13.07 11.51 13.40 12.84 12.85 13.70 13.73 13.24 13.17 14.42 16.76 19.70 25.21 29.85 27.55 22.52 23.44 34.71 39.66 38.05 41.36 37.10 36.96 32.97 27.92 24.83 22.35 23.49 23.33 23.97 24.93 24.04 20.60 18.13 15.62 16.41 16.88 15.58 14.18 14.27 20.15 19.82 17.03 15.93 16.40 15.98 15.49 14.32 13.14 12.70 12.51 11.95 11.66 11.45 10.96 10.24 9.09 8.16 7.90 7.55 7.10 6.67 6.22 5.98 7.12 8.97 6.57 6.26
4.16 4.07 3.95 4.71 6.13 7.41 8.43 8.30 7.89 12.56 11.90 12.27 12.85 14.42 15.46 15.52 15.02 13.19 11.62 11.78 13.07 17.45 24.95 29.67 26.91 17.00 22.31 33.77 37.71 39.98 44.98 40.16 32.79 33.00 30.01 26.92 24.68 19.89 16.48 16.64 18.90 21.12 19.85 21.59 23.30 22.56 22.47 23.06 21.45 14.99 14.44 21.21 20.71 21.27 17.53 15.42 16.49 14.98 12.88 12.63 11.96 11.58 11.60 11.86 11.42 9.99 8.90 8.29 8.33 8.26 7.84 7.20 6.89 5.43 5.17 5.36 5.54 8.23
3.67 3.84 3.95 4.33 5.44 7.03 8.07 9.36 9.19 6.76 11.68 12.85 15.94 17.26 16.15 15.35 13.33 11.50 9.79 11.28 13.75 19.63 27.18 28.43 22.54 15.54 21.94 30.91 34.52 40.97 49.44 41.19 33.47 30.45 29.91 31.80 32.03 28.98 22.54 16.08 18.07 16.81 15.85 17.03 19.75 18.79 19.11 19.39 19.05 19.83 19.60 19.92 17.15 16.04 15.66 15.42 15.03 13.49 12.95 12.86 14.17 11.25 11.67 11.74 11.16 10.29 9.33 8.56 8.32 8.11 7.65 6.91 6.46 6.12 5.87 6.13 7.15 9.22
3.46 3.70 3.78 3.99 4.94 6.02 7.78 9.89 10.32 5.91 4.25 10.72 15.56 16.05 14.61 13.63 10.30 8.94 8.92 13.06 16.92 23.60 29.55 23.38 18.34 15.53 21.65 28.62 32.35 41.90 49.76 41.75 34.46 30.38 26.73 27.78 30.83 29.92 26.80 24.80 17.45 22.91 22.79 22.72 21.32 15.86 16.28 15.85 14.84 15.30 15.62 15.11 15.77 17.01 17.35 16.95 16.39 15.31 14.38 14.77 12.18 11.59 11.87 11.80 11.27 10.66 9.91 9.14 8.52 8.08 7.45 6.76 6.23 5.81 5.25 5.18 5.56 7.55
3.42 3.64 3.42 3.96 4.39 5.90 6.98 9.53 10.14 7.27 4.18 6.06 10.77 14.33 13.08 10.46 7.83 8.85 12.41 16.87 22.91 28.79 25.88 16.93 15.63 20.32 23.35 27.35 30.71 40.99 46.86 44.92 36.61 29.07 27.81 29.01 28.92 28.13 27.88 24.83 24.07 23.21 23.43 23.56 23.09 23.44 21.82 16.09 14.56 14.16 15.72 14.19 14.83 16.22 16.28 15.63 14.86 13.96 13.71 13.65 12.75 12.09 12.19 12.05 11.52 10.95 10.29 9.59 8.87 8.22 7.50 6.79 6.24 5.94 5.32 4.77 4.64 6.72
3.39 3.54 3.14 3.80 4.64 6.98 6.31 8.66 9.13 6.97 6.88 9.07 12.61 12.53 12.32 11.85 8.13 8.70 12.50 19.68 25.38 25.20 18.90 14.96 16.24 19.70 28.29 24.58 27.45 38.94 45.16 43.80 38.66 35.15 30.10 29.90 27.45 26.63 27.49 25.79 23.02 23.09 24.83 23.75 17.66 17.67 17.13 15.67 18.73 14.81 14.65 14.48 14.82 16.06 16.18 15.63 14.97 14.25 16.88 13.99 13.10 12.30 12.27 12.24 11.88 11.35 10.67 10.03 9.45 8.78 8.13 7.42 6.94 6.66 6.34 5.58 4.89 5.58
3.32 3.47 3.27 3.78 4.37 4.72 5.90 7.73 8.33 6.94 9.99 12.97 11.31 8.56 9.10 12.35 9.38 6.90 11.22 19.07 24.69 22.27 17.44 14.95 16.75 20.54 23.50 19.84 23.73 37.64 44.01 42.40 38.68 36.75 32.06 31.39 27.31 25.55 26.30 26.29 21.09 20.03 17.41 18.38 18.73 18.44 21.97 19.74 13.31 13.13 14.62 15.01 15.20 15.93 16.23 15.64 15.05 14.67 14.64 14.33 13.27 12.58 12.78 12.81 12.81 12.95 12.81 12.43 12.26 11.91 11.70 11.39 11.01 10.73 10.79 7.41 6.15 4.34
3.21 3.43 3.37 3.61 3.80 4.61 5.71 7.00 8.50 10.32 12.63 11.75 7.89 7.44 7.24 8.48 8.68 9.50 5.89 13.67 25.07 21.10 19.30 14.54 16.62 18.31 18.64 17.26 22.29 36.56 42.07 39.86 38.11 37.79 34.52 31.78 29.41 27.33 26.67 25.31 22.78 17.03 18.17 19.51 19.63 22.62 23.55 14.13 11.16 12.70 14.80 17.95 15.70 15.80 16.30 15.57 14.93 15.13 15.21 14.79 13.67 13.10 14.24 15.10 15.70 17.50 17.16 16.09 15.62 15.55 15.10 12.61 12.28 11.66 11.38 11.24 11.10 9.43
3.18 3.40 3.39 3.47 3.68 4.59 6.36 6.98 9.09 12.01 11.80 9.17 7.15 6.84 7.66 7.40 11.25 5.28 8.51 14.79 21.04 22.31 22.21 11.30 10.55 12.20 13.46 11.86 22.37 34.66 38.44 37.61 37.63 37.73 37.92 34.47 29.98 28.09 26.85 23.60 18.38 18.99 20.67 24.21 26.04 24.72 22.06 13.70 12.44 12.17 14.60 17.00 16.75 15.71 16.31 15.77 14.97 15.57 16.07 16.93 16.27 15.41 16.21 17.97 18.42 19.01 18.09 17.01 15.65 14.03 12.94 12.80 12.61 11.63 11.07 10.05 9.67 8.17
3.18 3.78 3.82 3.43 3.95 4.56 6.00 6.91 8.68 10.99 9.70 7.94 6.58 4.44 5.75 6.21 5.73 8.23 12.46 16.53 21.39 24.80 21.88 11.41 8.28 8.83 11.79 12.31 21.53 31.26 34.80 36.28 37.20 38.06 39.85 37.21 30.94 28.28 25.59 22.79 22.76 24.85 25.42 28.00 25.07 21.97 17.59 13.69 11.82 12.28 14.43 18.68 19.47 17.25 17.68 17.62 16.22 16.83 19.43 21.14 20.09 19.02 18.84 18.85 18.78 18.82 17.92 17.16 15.36 14.20 13.89 13.76 12.40 12.41 11.51 10.72 9.66 9.65
3.10 3.34 4.70 4.62 5.98 4.83 7.82 7.06 7.35 9.33 8.59 8.89 4.94 4.21 6.77 10.18 7.52 10.80 13.47 15.63 19.93 23.53 17.31 13.24 9.55 5.25 7.71 11.15 18.40 28.04 32.19 33.11 35.10 38.85 41.61 38.78 30.92 26.33 24.55 19.50 21.99 22.93 21.45 26.30 24.87 23.33 18.05 20.04 12.29 12.35 14.45 19.36 24.76 24.77 23.54 24.22 23.56 22.30 18.01 16.85 17.47 18.90 18.22 16.17 16.02 16.25 15.97 15.59 15.27 15.73 15.86 14.05 14.56 14.09 12.73 12.07 11.57 9.24
5.45 3.25 3.37 4.09 4.44 4.67 5.50 6.02 7.57 7.56 9.44 8.62 5.62 4.84 8.61 10.48 11.40 11.71 12.51 12.60 16.89 21.57 17.68 11.02 8.62 4.75 5.03 8.37 15.65 26.71 29.66 31.17 34.92 38.71 42.18 39.84 31.43 26.91 24.72 21.74 22.03 23.93 21.08 21.07 25.51 21.31 25.43 18.03 15.37 14.58 17.63 21.23 21.48 27.53 30.77 30.24 27.84 23.79 19.97 16.54 14.36 14.38 15.15 17.47 19.48 18.46 17.92 17.90 17.34 16.66 16.44 14.81 14.50 14.57 14.14 13.75 13.09 11.01
3.81 5.87 3.90 4.02 3.75 4.36 5.36 5.86 7.32 8.34 8.81 8.56 6.70 7.52 10.40 13.12 12.95 12.68 10.28 11.09 15.01 19.11 17.55 12.94 7.56 3.37 4.78 6.11 15.88 26.52 29.71 30.49 34.07 38.67 41.00 40.20 31.52 26.80 25.40 22.07 24.95 24.89 22.50 18.10 18.38 20.59 20.87 19.45 17.63 15.57 17.51 17.51 17.22 24.00 25.88 29.73 24.85 21.80 21.68 18.88 14.88 13.31 14.04 15.57 19.22 20.65 19.65 16.87 18.74 16.24 15.83 15.98 15.76 15.56 15.30 15.64 12.85 12.66
4.12 3.27 3.17 3.30 3.78 4.49 4.75 5.86 7.15 7.99 8.68 8.97 8.05 9.00 12.47 12.54 12.57 11.12 9.17 11.54 14.84 16.90 17.16 11.58 11.21 5.38 0.82 9.96 17.58 26.05 26.37 28.45 34.45 38.66 41.57 38.11 28.81 26.44 25.75 23.59 25.45 26.72 24.43 19.85 15.44 16.43 14.41 12.61 14.70 15.15 16.34 16.31 18.24 21.92 28.11 35.42 26.05 23.13 20.81 21.26 18.56 14.22 12.52 14.22 16.13 17.34 17.95 19.38 18.31 15.30 14.72 16.67 15.56 14.65 13.96 13.42 13.19 12.54
5.55 4.45 3.19 3.42 3.88 3.98 5.46 5.84 5.97 8.01 9.15 9.85 10.51 10.90 12.47 12.70 10.89 8.46 9.33 12.10 15.12 15.79 15.17 8.59 11.22 5.32 2.87 9.56 19.31 23.97 22.81 25.51 32.71 38.95 42.17 34.87 28.08 27.64 26.53 26.56 28.07 27.77 24.94 21.74 19.30 14.84 12.03 9.78 10.07 11.44 12.41 13.96 15.58 17.91 25.25 32.67 33.63 24.21 27.24 23.80 21.46 18.67 14.06 14.73 15.01 15.86 15.80 15.86 15.01 13.58 14.67 13.47 13.56 14.55 13.84 13.30 12.85 12.58
4.74 5.97 3.40 3.69 3.78 4.66 5.37 6.64 6.51 9.11 9.77 12.44 10.71 10.11 10.29 10.64 9.10 8.07 10.15 13.69 15.54 16.12 14.65 9.81 7.52 3.59 6.40 11.19 17.93 23.03 21.90 20.99 30.73 39.14 42.40 33.21 28.92 29.24 29.92 30.47 29.85 28.52 25.63 23.02 20.92 15.54 13.09 10.54 9.70 9.37 9.69 10.62 12.33 15.46 17.98 28.54 33.31 27.73 23.56 22.60 20.42 17.60 16.19 15.46 15.29 15.23 15.66 15.85 14.82 13.26 12.12 12.08 12.55 12.87 12.86 12.69 13.84 14.25
3.69 3.68 3.58 3.96 4.70 5.08 5.53 6.74 7.92 9.66 12.62 10.96 10.68 9.33 8.96 8.51 8.47 8.88 10.36 14.12 16.32 16.43 13.64 8.92 8.24 4.58 6.82 8.95 15.41 22.09 20.73 18.08 28.42 37.86 38.62 31.23 26.16 29.94 31.72 31.29 28.68 29.89 29.01 25.42 18.40 16.59 14.24 11.45 10.43 9.76 9.59 9.37 9.72 10.47 14.91 24.00 28.19 25.24 23.01 22.69 21.07 18.37 16.53 15.47 14.33 13.41 13.70 14.35 14.06 13.11 11.88 11.00 11.21 12.13 12.89 13.14 13.06 12.70
5.72 3.91 3.70 4.79 4.34 4.02 5.18 6.66 9.07 10.99 11.79 11.35 10.16 8.26 6.45 8.21 8.62 8.49 12.18 14.40 15.56 15.77 12.99 7.14 3.16 3.37 4.26 7.10 15.15 21.36 18.41 17.62 26.59 35.68 40.79 26.46 22.52 25.41 28.57 29.19 27.52 28.43 31.53 28.96 20.81 18.30 14.20 12.20 10.64 10.07 10.41 10.17 9.74 10.47 14.47 19.86 22.64 22.34 21.40 21.37 20.78 18.95 17.48 16.59 15.51 13.88 12.98 13.34 13.53 13.39 13.17 12.33 11.62 11.60 11.82 11.88 11.71 11.33
5.23 4.01 3.53 3.75 3.08 2.97 5.12 7.40 8.95 10.74 10.48 9.21 8.98 6.06 5.14 6.67 9.28 11.61 13.89 15.48 15.47 15.52 11.05 5.31 3.77 2.28 2.28 7.55 16.40 20.75 17.58 17.22 25.52 33.95 38.64 31.62 22.01 26.04 28.11 25.94 25.69 25.45 29.56 32.19 28.84 21.52 18.11 14.23 11.28 9.36 9.80 10.86 11.24 12.00 14.93 17.52 19.07 20.19 19.60 19.21 19.54 19.35 19.02 18.58 18.07 16.97 15.02 14.18 14.23 14.30 14.51 14.24 13.07 11.89 11.26 10.96 10.87 11.11
4.34 4.22 3.66 2.13 2.25 4.07 5.98 7.89 8.14 9.36 8.70 8.54 7.65 4.15 4.97 8.10 11.47 14.24 16.71 16.89 15.28 14.57 8.46 5.19 4.59 0.92 2.49 9.41 15.79 19.03 16.07 16.69 24.36 33.58 39.59 30.70 22.11 27.51 28.72 24.78 25.66 24.84 26.93 29.45 32.10 24.86 21.98 20.14 14.81 10.71 9.31 9.68 11.79 14.00 16.00 16.90 18.05 19.87 19.62 18.91 18.97 18.74 18.83 18.81 18.49 18.21 17.43 16.54 16.03 15.61 15.18 14.78 13.94 13.00 12.57 12.68 12.90 13.28
4.42 4.34 3.01 1.91 2.87 5.48 6.76 6.34 7.95 8.72 7.75 7.87 4.60 3.34 5.55 7.45 13.05 17.02 16.82 15.71 14.84 13.22 8.13 6.21 3.99 2.56 3.13 11.39 16.11 15.78 15.20 19.26 23.38 29.84 39.63 30.99 24.06 26.81 28.14 24.04 27.24 26.97 25.59 26.05 29.14 31.63 30.24 25.89 23.54 18.77 13.00 9.83 13.17 14.81 16.69 17.02 17.85 19.42 19.79 19.67 19.55 18.61 18.28 18.40 18.11 17.73 17.26 16.83 16.35 15.71 15.08 14.66 14.36 14.37 14.49 14.90 17.83 17.81
4.44 4.32 3.31 2.73 4.28 5.38 5.52 6.38 7.42 7.54 7.65 6.37 1.14 3.88 3.23 6.39 14.55 18.08 16.77 14.73 14.02 12.46 9.95 7.02 5.39 1.96 5.29 11.70 14.03 14.79 17.41 18.93 22.01 27.61 34.23 32.17 26.27 25.18 24.86 22.57 24.60 25.97 24.89 23.64 23.64 25.12 26.39 26.98 30.97 26.50 23.00 15.89 13.65 15.96 17.91 17.88 18.10 18.57 18.79 19.63 20.11 19.39 18.98 19.29 19.43 19.02 20.68 17.03 16.26 15.54 15.28 15.46 15.46 15.76 18.34 20.06 17.93 17.89
4.36 4.01 3.30 3.44 4.47 5.46 5.45 6.01 6.26 6.17 7.62 4.11 1.97 1.16 5.41 11.72 15.79 18.31 15.76 14.23 13.45 12.83 10.80 8.35 4.77 4.33 5.80 8.42 10.45 13.48 17.22 19.34 21.19 25.89 30.79 30.98 28.26 23.92 23.53 22.96 23.12 24.15 23.62 23.48 21.89 21.85 22.64 23.27 25.02 26.63 25.38 27.61 21.26 19.61 21.26 21.87 21.53 20.83 20.00 20.67 21.27 20.65 20.01 22.10 22.69 20.32 19.84 18.92 18.01 17.33 17.12 17.38 19.85 19.33 19.44 19.17 17.91 19.10
4.12 3.69 3.42 3.89 4.39 4.60 4.39 4.31 5.31 7.13 7.35 3.87 4.00 7.40 9.65 12.75 18.55 16.38 14.44 14.61 13.26 13.75 11.58 8.14 4.60 3.58 2.94 4.52 11.16 14.43 17.83 18.20 20.80 25.98 29.06 28.58 26.81 23.79 22.68 23.24 23.07 23.71 23.06 23.77 23.50 21.88 22.15 22.20 22.72 24.20 23.62 22.19 21.29 21.59 23.53 25.55 27.07 27.20 26.35 25.89 26.04 25.29 24.24 23.10 19.63 19.67 20.32 20.91 20.97 20.38 21.63 21.63 21.68 20.96 19.30 20.56 19.57 18.14
3.92 3.79 3.62 3.86 3.77 3.39 2.90 2.94 4.37 6.01 6.58 6.51 6.56 8.33 8.69 11.75 14.34 14.71 13.62 13.99 12.91 13.34 13.37 9.12 4.80 1.96 0.88 3.45 9.35 16.18 17.30 17.08 20.57 25.72 28.36 25.60 25.25 23.60 21.96 22.27 22.88 23.34 21.29 21.06 23.06 21.79 22.45 22.82 23.21 23.39 22.30 21.08 20.02 16.96 21.59 24.09 24.39 26.41 26.89 29.59 28.39 28.56 27.75 26.35 25.17 23.68 22.33 24.93 25.98 25.84 26.48 24.47 23.80 21.41 22.51 20.58 18.93 18.10
3.52 3.59 3.49 3.65 2.74 1.98 2.25 2.22 2.71 4.98 7.74 7.83 7.52 8.00 8.39 14.64 13.53 12.72 14.14 15.10 13.91 13.67 13.97 9.99 4.47 1.28 2.09 5.15 11.25 15.96 17.11 17.30 20.47 25.62 26.89 23.74 23.18 23.09 21.55 21.77 22.90 23.95 21.23 19.40 21.00 20.67 20.52 21.52 22.95 23.59 22.15 20.66 18.98 15.81 18.76 21.54 19.77 25.07 24.30 23.50 25.56 27.31 32.38 32.24 31.48 27.83 26.87 24.57 23.67 29.11 28.33 26.72 25.84 25.01 23.29 21.30 19.45 17.88
2.46 2.67 3.34 3.57 1.88 0.51 1.60 3.22 5.28 7.11 7.29 6.78 7.64 4.88 12.54 11.95 13.27 13.78 13.25 15.08 13.22 12.85 13.59 9.24 2.98 2.88 4.21 6.74 12.25 16.06 17.33 18.27 20.82 23.95 24.34 22.23 21.26 21.76 20.89 21.21 22.85 24.37 24.26 19.47 19.44 20.21 19.51 20.27 21.42 23.33 23.46 20.35 18.30 17.16 17.33 19.81 22.96 23.26 24.39 22.79 23.52 25.07 26.59 26.31 26.28 26.29 24.11 22.25 24.72 23.67 27.13 24.56 22.69 21.97 22.40 22.60 20.24 19.41
1.14 1.14 2.52 3.46 2.23 2.28 3.58 5.48 6.04 6.32 5.36 6.67 7.32 12.28 10.45 11.94 13.11 12.97 12.12 15.46 12.44 12.26 13.22 9.32 2.77 3.03 3.94 7.46 13.49 16.81 17.87 19.75 20.27 22.28 22.62 20.48 19.70 20.54 19.66 19.86 22.36 24.26 24.82 20.13 19.11 19.38 18.30 18.80 19.40 21.03 23.85 21.62 19.29 17.89 13.17 18.29 21.30 23.74 24.20 23.17 22.51 23.14 24.40 23.92 24.61 24.93 23.96 23.27 20.66 20.81 25.76 25.09 22.70 21.85 23.68 25.64 25.66 23.40
3.45 1.14 0.94 2.80 3.73 2.85 5.01 5.47 5.06 5.72 6.68 7.20 9.92 11.63 10.58 12.42 11.24 12.23 12.25 13.31 12.51 13.31 13.41 9.01 3.30 3.27 3.13 6.74 14.52 15.74 18.48 20.59 20.03 20.70 20.85 19.15 17.95 20.22 18.60 18.20 21.76 23.88 25.07 23.25 18.85 18.35 17.85 18.29 17.74 16.51 21.69 22.02 20.01 17.79 17.18 17.33 19.61 23.06 24.54 23.48 25.13 22.61 21.93 21.82 22.62 23.44 23.20 22.84 24.86 25.32 25.78 24.45 24.71 23.03 23.48 27.88 27.72 26.97
4.37 1.76 1.33 2.72 4.32 2.25 0.78 4.69 5.10 6.08 6.89 9.48 10.79 11.39 10.81 10.47 10.87 11.69 12.10 13.14 11.89 12.77 13.42 9.21 3.75 2.96 1.59 7.30 14.69 17.33 20.33 20.42 19.00 18.51 18.80 17.95 16.95 19.56 17.50 17.37 21.44 22.71 26.06 21.58 19.55 20.17 19.67 19.59 19.88 15.84 19.58 20.48 19.21 18.23 14.12 16.02 17.52 21.82 25.51 30.13 23.57 23.67 22.78 22.48 21.16 22.29 20.91 23.78 25.45 27.41 26.65 25.53 24.21 22.42 20.76 20.76 25.88 25.50
2.11 2.20 2.58 3.63 4.33 4.05 4.31 5.04 6.36 6.87 10.50 8.95 9.11 8.64 10.81 10.27 10.43 11.55 11.82 12.27 11.86 13.13 13.44 9.94 3.79 2.95 1.63 9.37 15.07 17.77 19.85 20.15 18.18 16.76 16.79 16.83 16.48 18.21 16.77 16.54 19.71 19.48 25.05 21.89 20.47 19.14 18.60 20.74 18.64 18.03 20.07 19.38 18.78 18.46 16.89 13.57 14.19 18.11 24.38 24.65 27.33 23.91 22.80 21.94 21.65 21.94 20.43 21.56 24.64 25.46 28.35 27.30 24.54 23.63 22.70 18.45 19.12 22.38
2.03 2.16 3.06 4.34 4.64 7.59 7.85 7.62 7.34 7.50 10.78 11.67 11.90 8.59 10.76 10.10 10.09 11.02 12.53 12.13 11.94 12.84 13.16 9.44 2.92 2.49 3.16 11.30 14.96 16.60 17.01 19.40 18.36 15.97 15.38 14.84 15.58 17.17 16.26 15.38 16.41 17.76 23.30 24.78 21.81 19.70 18.98 19.03 19.24 18.75 19.11 18.82 18.75 18.98 18.27 14.91 9.29 12.14 18.89 24.49 30.58 23.37 21.64 24.11 22.38 23.11 21.81 19.65 21.79 25.36 26.04 27.50 26.22 24.34 25.05 22.93 21.42 22.76
