examples/cougarCreek-fire/createInputs/WindNinja/wrfout_d3.2015081100.f12/cougarCreekFire_08-11-2015_1200_217m_non_neutral_stability_vel.asc
ncols	146
nrows	140
xllcorner	610065.000000
yllcorner	5095217.000000
cellsize	216.586807
NODATA_value	-9999.000000
[rows 35 to 69 of 140, columns 0 to 78 of 146]
12.75 11.26 11.68 11.66 4.44 7.30 19.66 20.14 19.21 20.02 19.87 18.53 17.32 17.33 20.16 12.19 10.91 10.21 13.00 26.90 34.54 36.57 36.07 41.10 36.14 33.40 31.13 33.82 40.46 47.04 44.63 37.97 22.29 7.42 10.05 11.16 11.27 14.81 19.11 22.82 25.99 28.28 31.38 34.17 35.07 37.05 37.78 37.58 35.47 27.79 29.38 30.99 33.83 34.17 32.12 30.48 29.22 26.97 23.51 26.51 23.32 21.65 14.12 11.64 8.77 8.10 7.62 7.82 8.19 8.72 10.17 11.45 13.08 10.37 13.49 13.05 13.98 14.86 15.64
9.36 10.72 11.54 12.75 5.25 6.97 8.21 20.47 18.72 19.30 19.44 18.29 17.99 19.48 21.34 23.37 24.71 28.38 30.50 33.71 34.75 33.34 36.32 35.07 34.29 29.96 29.01 34.64 41.91 46.13 41.39 34.04 21.59 7.94 8.77 10.82 11.31 2.57 6.65 11.90 15.28 18.87 24.17 34.84 36.50 38.10 37.44 37.27 39.94 29.66 30.71 30.89 33.62 35.24 34.17 32.43 30.46 28.63 26.13 22.60 19.67 17.51 14.59 15.69 10.63 8.38 8.55 9.12 9.55 12.71 10.68 10.98 10.02 8.50 7.73 8.01 8.73 9.80 12.06
12.07 12.05 11.56 13.67 17.22 16.40 19.16 17.97 17.31 15.33 14.95 18.02 19.92 20.19 17.33 18.07 21.80 23.12 23.89 25.53 27.70 29.09 33.00 35.92 31.63 26.69 31.40 37.55 44.62 47.43 43.34 27.01 16.69 7.82 4.49 8.51 10.73 14.15 18.13 22.10 14.83 26.11 23.31 28.42 30.83 23.84 24.21 33.54 39.63 39.94 40.05 32.04 33.46 35.55 33.94 33.86 31.35 28.89 26.87 24.39 20.30 16.50 12.69 9.81 8.33 7.70 7.41 7.30 7.59 8.31 9.01 9.09 13.89 8.82 9.24 9.35 9.78 10.47 10.96
1.71 2.18 10.53 13.40 17.50 17.98 11.36 8.87 15.53 13.87 17.37 16.64 17.38 16.60 16.02 17.26 19.04 20.07 21.00 25.73 30.10 28.42 30.28 35.20 34.58 29.88 34.09 42.03 46.79 50.13 50.56 37.60 14.04 4.92 2.53 4.76 3.94 6.68 9.02 21.95 27.01 28.79 18.99 22.05 21.99 21.94 23.14 23.19 35.98 37.46 43.05 41.52 42.88 36.56 35.49 35.02 33.18 31.03 26.25 24.24 21.71 18.29 14.71 11.49 8.56 9.01 7.46 6.90 6.53 5.96 5.90 6.18 6.95 8.59 9.25 9.94 11.18 11.33 11.42
2.87 7.91 11.00 13.46 16.65 19.91 11.51 14.66 14.16 16.63 17.21 17.24 18.38 18.09 18.39 18.83 19.34 19.09 18.39 21.17 25.98 28.62 30.71 36.34 33.48 30.18 34.41 40.75 48.35 50.96 56.64 44.43 19.95 2.61 5.17 8.51 11.78 15.16 17.66 13.52 14.36 27.28 19.52 22.37 30.30 35.08 37.70 38.76 39.23 40.30 41.08 42.67 42.07 43.57 44.86 37.77 34.58 29.81 25.55 22.09 19.02 15.94 13.95 12.18 10.64 10.29 10.08 9.33 9.23 8.36 7.50 6.70 7.14 7.70 8.14 9.20 10.17 11.02 12.16
5.97 11.00 12.17 14.61 8.62 11.30 10.22 15.87 15.79 15.10 18.12 19.36 21.56 21.12 20.04 18.87 18.01 16.52 15.56 18.66 25.17 31.61 34.76 34.17 28.88 27.99 32.22 39.16 42.19 50.99 58.90 45.82 20.91 5.75 5.62 8.48 9.81 15.15 23.32 17.28 18.72 21.28 23.77 21.55 21.78 22.31 24.63 27.33 27.59 40.60 41.45 41.60 43.54 42.19 30.01 29.52 39.97 36.22 19.05 29.63 26.70 16.49 13.46 12.39 11.30 12.36 12.27 10.36 10.34 10.04 9.21 9.18 10.27 9.58 9.36 9.80 10.31 10.14 10.94
5.07 4.19 10.32 13.92 9.75 11.16 9.21 16.86 16.90 17.99 19.54 20.52 20.40 18.03 16.05 15.95 14.40 13.42 14.53 20.30 26.98 34.14 37.96 28.89 23.61 26.41 34.60 38.73 39.24 51.05 59.71 47.26 22.84 8.52 4.50 5.04 9.77 15.59 21.07 26.57 26.30 28.56 32.37 33.56 33.90 31.10 26.17 27.27 35.45 36.83 39.03 36.99 31.62 39.94 40.61 39.10 34.54 31.53 21.64 19.77 23.72 16.88 15.64 14.75 13.40 13.93 14.91 15.20 14.36 14.50 14.14 14.01 11.80 12.78 13.24 13.91 12.20 11.66 10.60
5.03 11.54 13.11 14.70 19.57 11.21 16.50 18.12 18.67 18.86 20.55 22.19 20.50 16.23 13.33 12.26 11.67 14.04 18.39 21.57 28.82 37.09 33.85 23.69 22.53 26.57 35.79 38.82 40.40 49.92 59.50 53.91 38.80 20.41 8.63 2.31 8.97 15.30 20.10 25.01 28.30 28.26 30.63 32.64 35.45 37.14 39.03 38.97 38.50 30.04 39.45 37.74 34.29 35.59 35.17 27.69 25.69 26.35 25.07 26.26 18.50 20.09 20.75 19.15 12.60 12.03 11.85 10.62 9.96 9.70 9.87 9.76 9.73 11.66 13.81 15.92 17.51 15.78 11.66
3.28 3.51 13.68 3.74 10.75 10.22 18.45 17.62 19.34 23.00 23.31 18.58 12.19 10.13 8.68 9.95 11.22 13.74 17.24 23.81 31.80 32.48 27.14 22.33 22.34 27.95 35.70 36.60 40.50 47.12 55.44 51.36 44.74 34.72 23.92 9.47 7.43 14.61 18.53 21.55 25.18 28.78 31.00 32.24 33.72 35.17 35.40 35.44 38.77 40.44 40.69 40.50 39.63 38.70 36.75 34.97 34.58 33.87 35.18 29.54 23.25 16.89 16.00 14.67 12.19 10.93 10.85 10.49 9.51 10.23 10.29 10.36 10.63 11.56 12.78 14.71 15.71 16.31 16.40
3.49 1.95 2.16 16.38 15.23 14.72 18.63 18.72 21.48 21.27 16.25 9.59 7.46 10.90 10.06 12.04 9.33 10.79 16.20 24.08 31.01 29.33 26.25 22.94 22.85 28.73 32.78 32.46 38.69 45.59 52.78 47.63 44.10 36.18 28.98 23.08 9.17 12.36 16.21 19.78 23.17 25.77 26.97 25.28 26.59 29.58 33.11 32.99 36.44 38.39 40.15 40.99 42.47 41.57 41.07 39.36 30.33 23.86 23.34 23.26 21.93 20.32 18.60 16.37 15.39 15.38 15.33 14.75 14.60 14.88 15.71 16.40 17.06 17.55 17.16 15.92 15.52 16.39 15.63
14.29 15.11 13.62 14.06 14.13 17.16 15.30 18.80 20.84 13.74 11.16 7.64 11.81 13.69 13.30 12.46 9.81 12.55 17.69 25.75 30.72 29.50 26.01 21.96 22.63 26.41 28.22 29.85 35.49 45.57 49.56 44.51 42.76 38.65 31.07 22.22 14.69 11.98 11.51 19.11 21.33 14.79 16.64 18.87 20.16 24.65 27.49 26.66 32.99 37.85 41.06 40.62 38.24 35.74 32.80 30.03 25.29 23.77 23.78 24.30 24.04 23.19 21.06 18.61 17.09 16.47 17.66 17.23 17.34 18.20 19.99 19.42 19.57 19.99 19.73 18.37 17.77 18.37 17.22
5.26 6.26 6.91 11.69 14.17 17.15 13.92 14.51 14.04 10.30 10.06 11.01 14.65 13.37 13.28 12.40 12.32 16.75 20.09 26.74 30.72 27.98 22.27 17.62 19.85 22.09 24.78 29.74 37.96 48.41 47.23 43.55 41.46 39.11 32.34 21.65 16.56 17.55 17.52 13.84 13.30 14.65 15.89 16.27 15.61 26.85 24.78 23.95 31.05 32.37 28.58 30.76 31.50 30.26 29.19 27.91 27.36 27.98 27.38 25.01 22.51 21.50 20.45 18.98 16.88 16.48 13.97 14.67 16.91 14.93 14.15 14.09 14.45 16.72 17.37 17.90 15.95 16.90 16.54
8.23 8.65 7.88 15.38 16.01 15.63 9.02 12.94 14.89 12.60 13.04 14.26 15.14 15.23 16.24 18.06 8.39 11.00 22.62 26.65 29.14 22.57 17.35 16.19 19.27 20.41 22.60 30.08 38.96 45.29 45.68 42.49 38.43 38.98 31.92 20.70 14.93 20.00 20.30 21.36 12.92 15.72 14.52 12.83 23.37 17.79 20.97 25.24 19.60 23.81 26.76 29.39 29.97 29.18 29.75 30.25 30.02 29.49 27.37 23.86 23.29 21.75 21.76 21.18 16.96 14.02 13.89 13.00 10.77 9.51 8.10 10.89 12.30 13.67 14.66 14.59 11.29 11.80 12.51
9.56 10.16 10.54 12.80 7.38 8.01 7.78 15.06 17.65 16.59 17.10 15.02 15.16 16.93 17.40 12.01 13.65 15.44 24.51 25.56 26.46 19.19 15.61 18.46 19.11 20.08 23.40 30.69 37.96 44.01 43.33 40.97 35.92 39.63 30.20 25.28 12.86 19.68 20.10 24.73 18.57 11.78 12.92 11.87 22.85 23.53 27.29 18.07 20.28 23.55 26.72 28.97 28.23 27.34 28.76 29.28 27.59 26.69 25.85 23.96 21.98 20.17 19.18 18.72 17.03 13.27 9.05 6.49 9.16 8.97 9.66 13.16 11.77 12.82 14.16 12.11 11.87 8.54 12.68
10.49 11.02 10.71 8.64 6.70 12.92 16.46 19.17 18.62 19.26 17.38 16.93 17.66 18.11 15.87 21.57 19.01 18.91 16.28 20.74 23.20 18.41 16.96 17.91 17.55 20.82 23.37 29.25 35.55 34.05 42.76 33.23 34.93 37.83 31.06 26.19 11.03 18.44 19.65 24.08 8.36 23.92 12.42 14.54 14.31 28.20 19.17 22.49 23.68 25.83 27.95 28.12 27.10 26.63 27.00 26.13 25.23 24.98 24.32 24.64 23.95 22.92 21.70 20.06 20.56 16.91 13.75 12.98 16.42 15.35 14.05 10.50 11.33 11.38 10.43 9.59 9.62 10.33 6.28
12.20 11.92 10.51 8.76 15.87 17.71 17.79 18.72 19.27 19.66 21.86 22.69 22.68 24.81 21.37 15.89 15.25 13.55 13.43 18.44 20.57 18.06 16.22 14.02 15.17 18.35 21.64 26.31 27.47 33.27 39.65 30.82 33.81 37.65 33.28 26.73 12.99 18.50 18.31 20.35 21.80 23.03 25.37 19.58 17.82 19.25 23.77 25.47 27.09 27.87 27.18 25.37 24.98 25.62 26.46 25.96 24.20 22.73 24.27 25.47 23.37 22.44 21.87 21.08 19.01 15.63 12.38 10.58 8.67 7.21 7.23 7.23 7.27 11.56 11.12 8.94 3.86 4.77 4.94
13.49 12.54 10.23 16.06 17.97 17.67 17.80 19.10 19.57 22.75 22.31 17.31 26.09 23.85 18.43 12.57 12.38 11.96 13.70 18.10 18.27 18.47 17.66 12.39 14.60 18.18 22.12 25.86 29.16 32.27 35.90 29.60 33.18 37.98 32.94 24.99 17.01 20.62 19.34 19.19 18.58 20.85 24.05 26.87 22.93 25.20 23.66 24.76 26.95 27.49 26.01 24.03 23.10 22.56 24.00 24.53 20.06 17.66 23.03 25.01 24.74 22.25 18.78 20.43 21.26 19.96 19.68 14.47 22.21 14.84 11.99 14.97 15.33 13.63 12.67 6.59 5.83 5.49 4.80
13.52 12.58 11.68 16.95 16.36 16.94 18.43 19.21 19.59 24.67 29.11 24.47 16.00 13.57 10.93 10.49 11.54 12.38 14.14 16.78 16.24 18.07 18.55 11.07 16.20 19.10 20.52 24.20 29.60 34.98 31.71 27.91 32.81 38.60 30.02 20.82 19.15 21.01 19.62 19.33 16.54 17.75 20.95 25.23 30.25 28.02 27.55 24.24 25.75 26.10 24.93 23.73 22.11 19.23 19.68 20.31 19.11 19.08 21.76 25.08 25.05 29.20 20.12 19.60 22.19 22.25 20.02 18.82 18.95 16.20 13.09 12.29 13.06 13.73 12.81 10.94 10.07 9.34 8.04
12.89 12.79 16.92 18.37 18.07 16.82 16.90 17.47 20.77 26.52 25.88 19.88 10.07 10.04 12.49 13.21 12.32 14.42 14.82 16.14 14.65 15.95 15.07 10.78 18.09 18.38 23.46 29.07 31.48 31.02 26.85 29.65 31.59 39.51 29.74 18.62 15.84 14.02 11.19 8.53 10.49 13.53 18.73 24.35 28.84 32.12 33.97 31.24 29.86 24.93 22.77 21.48 20.45 18.21 17.54 20.13 21.56 22.90 23.77 25.26 25.60 23.85 20.78 20.53 20.97 19.13 19.00 19.75 20.82 18.79 14.76 12.68 12.37 13.52 15.55 15.78 20.32 17.16 15.99
11.87 11.81 16.62 16.58 15.51 13.42 18.63 20.49 23.23 26.76 20.54 14.41 11.83 14.87 16.11 15.68 14.63 16.99 17.65 17.74 15.25 14.25 14.68 13.07 15.93 21.87 25.95 25.68 28.99 30.57 24.87 26.58 29.93 39.24 28.42 17.82 23.39 22.09 12.87 11.43 15.53 15.43 14.22 19.07 25.56 30.97 32.76 34.44 35.16 34.71 26.07 20.55 18.77 17.92 18.29 22.01 25.74 26.72 25.45 25.84 26.66 24.44 21.49 21.89 20.96 17.80 15.82 17.43 19.33 20.59 24.99 21.00 12.35 12.88 13.23 15.27 14.37 11.52 10.15
8.89 8.62 13.20 14.91 10.23 13.08 18.93 22.40 18.28 17.12 14.29 10.52 17.35 16.18 16.36 15.52 15.24 17.10 16.74 14.87 12.09 10.59 10.43 11.30 15.28 19.74 23.77 26.46 29.45 29.82 24.83 22.20 28.61 36.35 27.29 16.62 23.18 18.65 18.96 21.07 21.38 21.33 14.98 6.84 12.34 17.51 28.27 33.17 33.61 32.33 32.62 26.69 19.01 19.31 20.21 23.31 26.16 26.20 25.64 26.39 26.74 27.26 30.06 30.88 21.48 18.68 24.50 21.12 25.57 17.63 17.26 14.35 22.07 15.25 14.71 14.03 11.65 15.02 18.18
5.16 5.82 9.52 13.04 12.95 16.76 22.48 21.38 12.67 10.21 6.86 19.54 12.53 19.18 18.21 19.19 16.16 18.70 16.01 10.49 8.80 7.52 8.83 9.89 14.08 17.94 22.67 28.23 31.64 26.95 23.37 24.77 28.16 34.65 25.74 14.21 21.86 18.24 20.05 21.21 22.25 20.90 22.13 7.00 9.14 12.73 16.68 19.75 22.41 33.34 31.66 27.72 26.92 21.10 23.04 25.53 24.83 26.80 28.58 29.83 29.42 26.89 24.08 22.93 22.09 20.41 25.02 16.63 17.30 17.23 17.21 22.07 23.15 23.66 13.81 12.55 8.31 5.65 6.42
5.29 4.54 9.09 11.40 14.76 18.01 18.21 16.43 12.50 13.38 16.03 21.75 20.90 22.31 22.15 21.86 22.69 26.19 12.80 4.81 7.32 7.62 8.63 9.36 12.64 15.03 19.20 27.07 31.22 26.19 24.35 22.78 21.54 27.88 25.10 14.19 21.34 18.57 14.70 22.22 22.38 21.20 22.42 20.79 18.05 10.11 14.14 14.71 17.53 19.60 22.44 34.84 24.29 26.99 26.81 33.81 35.99 27.64 27.93 26.82 26.73 28.25 22.93 22.81 21.92 21.19 20.15 19.44 19.39 19.11 18.57 17.94 25.84 14.54 13.33 11.69 8.53 7.07 8.53
6.88 5.33 11.31 6.53 5.17 11.79 18.73 12.88 10.78 19.45 17.40 20.44 19.82 25.52 26.16 18.12 17.02 21.68 19.27 7.93 6.46 7.88 9.15 10.39 11.73 12.54 17.97 27.52 27.74 25.21 22.46 15.84 18.87 25.25 25.13 15.16 19.25 17.25 10.12 23.37 19.58 18.74 19.95 22.90 21.57 9.59 11.22 13.02 14.08 15.43 18.49 20.44 26.05 28.72 35.45 26.88 23.84 25.13 22.20 21.55 25.74 26.62 25.96 26.37 26.75 26.76 19.71 19.88 19.47 18.68 17.94 23.50 15.06 14.32 13.52 11.93 10.59 10.64 18.41
7.19 5.93 7.20 3.22 7.54 18.10 14.43 12.29 18.30 19.39 19.42 20.90 22.26 12.29 14.98 16.83 24.11 24.86 17.51 11.93 3.36 3.43 6.15 7.90 8.55 12.30 18.94 24.73 25.39 26.01 15.31 16.58 24.64 27.73 27.92 17.54 14.20 21.04 21.30 16.24 18.09 20.80 15.15 19.90 19.20 21.69 22.45 23.77 16.36 15.45 15.41 14.74 16.61 18.98 19.12 19.18 20.33 20.69 20.05 19.90 19.80 19.84 20.43 20.49 19.88 19.12 25.60 25.40 25.04 22.78 15.68 15.51 14.33 13.81 13.60 12.52 11.94 12.37 19.72
6.39 4.94 11.29 12.43 16.17 13.53 11.72 15.41 17.86 12.79 12.18 11.40 8.31 8.50 11.17 23.35 29.54 23.54 14.42 11.31 1.71 2.37 3.70 5.88 8.98 12.81 17.75 20.69 23.74 24.60 16.53 23.37 24.77 25.89 28.54 18.18 12.77 19.89 20.97 20.26 16.24 21.30 20.54 20.54 22.09 18.61 19.36 10.18 13.37 14.67 29.65 21.27 17.19 18.48 19.08 19.05 19.04 18.40 17.33 17.17 17.69 18.22 18.83 18.90 18.69 23.39 21.87 17.13 16.06 14.88 14.75 14.65 13.92 13.77 13.78 13.32 19.59 18.99 11.78
4.80 9.33 11.40 11.48 12.72 11.07 9.72 14.86 10.49 10.67 9.16 7.99 7.51 12.91 19.94 29.45 29.06 18.72 12.45 10.90 0.61 1.41 3.92 4.13 8.99 12.40 16.52 18.26 20.01 23.23 24.33 24.62 25.69 24.95 25.39 22.88 13.40 18.44 21.41 20.78 17.90 18.85 19.01 17.74 20.43 20.23 23.24 24.91 12.22 27.78 30.20 32.39 32.71 29.81 18.87 18.09 17.45 16.81 16.18 15.99 16.31 16.52 16.47 16.21 15.64 15.52 15.83 15.69 15.00 14.42 14.39 14.13 13.70 13.47 19.70 19.28 12.65 12.17 11.83
8.83 12.45 13.02 11.35 11.76 13.20 12.91 11.25 8.70 7.28 7.50 9.53 14.89 21.16 28.18 31.12 23.74 14.04 11.92 5.69 1.57 0.76 2.95 2.40 7.21 11.00 13.95 16.55 19.53 22.14 22.33 23.93 15.47 27.25 22.31 23.56 21.21 18.88 21.81 19.06 18.58 16.68 17.86 17.79 19.26 20.59 19.77 22.46 23.91 26.69 28.39 31.54 29.54 17.99 18.29 17.42 16.80 16.24 15.96 15.70 15.61 15.39 14.75 13.99 13.56 13.64 13.96 14.02 13.68 13.51 13.32 12.89 12.74 12.50 18.85 12.31 12.36 12.12 11.89
11.93 10.03 10.47 12.17 13.24 11.29 9.34 7.10 6.25 5.28 9.68 13.83 18.88 26.16 31.62 28.11 16.03 10.59 10.15 4.31 2.97 3.30 4.58 4.09 5.96 9.30 12.65 16.12 18.47 20.15 21.19 11.67 14.09 24.22 17.69 22.47 22.60 22.51 22.01 20.00 18.45 17.08 19.84 17.63 17.78 20.11 20.41 21.66 22.60 25.10 28.93 29.33 31.55 17.27 17.68 17.47 16.80 16.01 15.51 15.18 15.10 14.99 14.31 13.51 13.22 13.48 13.64 13.50 13.22 12.79 12.22 11.70 11.54 11.45 17.03 11.36 11.61 11.66 11.70
4.10 7.26 9.52 8.74 7.31 6.77 6.10 6.49 7.70 12.22 14.90 17.33 22.71 29.45 29.75 21.24 10.17 7.95 5.21 5.08 5.74 6.92 5.08 4.70 4.71 7.55 11.09 15.88 16.36 17.79 15.55 18.98 16.77 22.47 18.22 20.99 22.78 19.85 20.56 20.52 19.93 15.84 12.76 18.69 17.36 17.91 21.30 19.79 11.49 23.70 25.95 29.14 30.17 29.48 17.38 17.59 16.56 15.67 15.12 14.78 14.88 15.14 14.68 14.01 13.64 13.49 13.47 13.13 12.72 12.48 11.99 11.33 11.04 10.84 10.53 10.49 10.68 10.83 17.27
3.19 7.90 8.29 8.41 6.93 5.34 4.95 9.02 14.00 17.20 19.06 23.01 27.10 27.76 21.97 12.66 6.95 6.99 7.77 6.19 3.62 6.55 4.86 6.76 5.63 6.19 10.71 10.49 17.07 16.65 16.20 16.17 16.94 18.19 17.24 19.33 20.35 19.32 21.14 20.00 19.20 15.65 11.93 17.77 17.31 19.45 18.22 18.01 10.95 10.97 26.32 27.49 28.64 27.25 17.26 17.56 16.34 15.31 14.80 14.56 14.70 15.13 15.02 14.54 14.14 13.47 12.82 12.38 12.18 12.34 12.09 11.24 10.76 10.56 9.79 9.27 9.23 8.97 8.50
7.19 5.80 6.36 6.09 7.25 7.83 9.76 13.63 17.15 19.30 22.22 26.91 29.23 25.45 17.82 9.48 3.42 5.05 6.62 7.34 8.43 6.65 6.12 7.98 4.77 5.68 7.39 10.82 11.81 11.73 14.09 11.48 14.12 16.07 17.61 18.43 17.67 19.84 19.83 10.89 17.01 17.17 10.43 12.97 15.64 18.77 18.67 19.14 23.34 9.58 12.49 25.21 28.00 17.95 16.95 17.50 16.30 14.96 14.40 14.26 14.34 14.70 14.85 14.61 14.41 13.76 12.59 11.63 11.41 11.50 11.24 15.44 15.18 10.07 8.84 14.52 6.95 6.44 5.77
3.40 4.02 4.92 6.34 9.31 11.45 13.39 15.79 18.21 20.78 24.61 26.36 27.27 24.74 19.43 11.27 3.70 3.55 8.63 8.04 5.59 5.70 3.82 8.32 5.72 5.43 8.29 11.79 16.69 15.10 12.37 11.87 12.53 14.45 17.46 17.20 16.12 16.94 19.46 10.89 18.54 18.09 6.05 4.25 5.21 16.36 18.78 21.10 19.10 10.70 11.97 25.15 27.74 26.11 16.64 17.23 16.46 14.77 13.87 13.62 13.67 14.14 14.49 14.45 14.59 14.13 12.81 11.51 10.77 10.31 15.51 15.15 14.55 9.60 8.51 7.16 6.54 6.07 5.52
4.07 4.72 3.35 7.32 11.83 13.81 16.87 16.57 18.43 21.26 23.29 23.94 24.44 23.25 20.11 12.87 2.88 8.25 7.69 9.11 6.88 4.49 6.63 5.16 4.89 5.91 9.78 12.97 14.07 12.23 12.79 9.17 13.83 13.94 14.89 15.09 17.42 17.86 18.09 10.88 18.35 12.37 8.53 5.98 2.74 2.23 9.18 16.11 16.18 21.35 18.73 24.06 25.50 23.31 25.79 18.69 16.02 14.90 13.75 13.02 13.09 13.54 14.05 17.08 14.79 14.54 13.25 11.91 10.91 9.66 8.71 8.31 15.27 8.52 15.17 7.40 7.40 7.37 10.58
5.91 4.74 4.94 8.28 13.53 15.09 15.52 16.22 17.86 20.72 22.41 22.47 23.17 22.56 19.44 13.59 2.46 8.32 7.89 8.38 7.93 6.27 5.46 4.63 4.49 7.88 10.45 13.59 13.08 11.32 13.31 11.80 9.22 12.03 14.36 14.41 15.48 14.65 17.91 10.41 12.12 9.06 14.02 7.43 3.93 2.48 8.98 17.08 18.62 20.58 20.73 22.90 23.41 22.01 18.93 29.01 17.28 14.59 13.94 12.88 12.44 12.66 13.16 13.85 14.48 14.65 13.60 12.43 11.59 10.01 8.63 7.86 14.28 7.39 7.15 14.84 10.62 11.98 6.41
