examples/cougarCreek-fire/createInputs/WindNinja/wrfout_d3.2015081100.f12/cougarCreekFire_08-11-2015_1200_217m_non_neutral_stability_vel.asc
ncols	146
nrows	140
xllcorner	610065.000000
yllcorner	5095217.000000
cellsize	216.586807
NODATA_value	-9999.000000
[rows 70 to 104 of 140, columns 0 to 78 of 146]
5.52 4.43 3.10 9.53 14.36 15.48 15.03 15.33 17.09 20.63 21.30 22.03 23.04 22.94 20.75 13.30 3.56 8.04 8.85 8.36 8.93 9.19 6.85 5.45 5.93 8.93 11.20 13.15 10.24 10.92 12.62 8.35 7.69 9.33 12.29 11.64 12.52 15.27 16.53 9.57 7.22 8.00 8.84 8.51 4.97 2.33 17.54 15.44 16.97 12.60 13.02 22.91 23.06 17.92 20.09 20.43 22.99 11.81 13.63 12.93 11.96 11.79 12.09 12.60 13.36 13.92 13.41 18.04 11.92 10.99 9.49 8.20 13.66 13.30 13.43 13.39 13.65 10.57 4.32
2.58 2.25 5.26 13.62 14.24 15.21 14.47 16.35 18.09 19.31 20.75 22.19 23.57 24.12 20.96 11.23 5.58 8.73 8.71 8.66 7.89 8.83 6.88 3.71 5.90 9.98 13.17 8.59 7.51 9.18 11.40 8.68 6.95 9.54 9.94 10.78 11.03 12.82 14.59 4.61 10.03 17.08 7.39 19.47 6.21 2.95 2.80 16.83 19.19 19.16 13.95 14.03 20.18 18.93 22.04 22.16 21.86 23.43 14.06 13.07 12.46 12.02 11.85 11.67 11.99 12.39 12.14 11.50 17.76 11.20 10.18 8.71 14.39 14.55 14.52 13.49 11.67 11.54 9.98
3.22 3.90 6.47 13.93 13.71 14.67 14.25 16.90 18.10 18.33 19.72 20.63 20.72 23.49 20.33 9.25 7.35 8.93 9.82 9.74 10.84 8.12 8.67 6.38 7.36 9.81 12.16 7.34 7.56 9.28 10.48 7.98 7.41 12.14 9.61 10.82 11.08 14.26 12.47 3.72 9.49 18.12 5.84 7.82 7.69 3.94 17.23 3.79 10.22 9.23 11.32 12.89 20.10 12.15 18.00 24.38 19.40 15.54 21.34 14.14 13.67 13.33 12.63 11.85 11.61 11.56 10.96 10.38 10.27 10.22 15.46 13.93 15.07 14.70 14.48 5.36 9.96 9.40 8.95
4.17 4.56 11.14 12.90 13.03 14.04 14.21 17.15 17.43 17.72 18.65 19.25 19.47 23.32 21.54 12.11 8.93 9.93 11.80 10.93 11.29 11.07 7.95 5.73 8.88 9.80 11.08 9.13 6.47 9.56 8.88 7.00 7.48 10.40 2.63 9.31 9.75 11.34 12.13 2.48 9.65 19.18 4.82 6.30 14.31 5.42 2.96 19.38 18.86 20.16 10.21 13.62 20.13 7.79 15.48 15.77 18.58 13.87 14.99 15.23 14.91 14.62 13.79 12.61 12.05 11.61 10.80 10.27 10.05 9.56 15.61 15.08 14.45 13.75 14.09 14.37 10.51 10.58 10.04
9.27 9.53 10.65 12.75 12.40 13.46 16.07 17.02 17.24 17.77 18.85 19.96 21.89 24.49 23.13 14.23 9.86 12.92 12.48 12.15 11.78 6.30 10.01 9.95 7.47 9.53 8.46 7.39 6.77 7.10 7.49 7.24 10.98 2.54 2.96 8.86 11.19 12.35 12.37 1.02 4.12 16.16 17.70 4.93 6.96 6.64 3.54 16.75 21.51 15.22 20.66 20.98 20.28 11.92 8.56 19.20 16.49 12.18 14.05 16.37 15.69 15.46 14.70 13.32 12.17 11.45 10.80 16.98 17.41 15.61 12.16 14.21 13.98 13.71 14.01 13.92 11.09 10.82 10.30
8.13 9.61 14.86 12.27 13.14 14.28 15.97 16.86 17.27 18.53 20.62 20.55 22.64 23.61 21.62 12.76 10.55 10.72 11.30 13.06 13.39 7.91 10.32 9.65 8.21 14.40 10.05 10.65 9.67 8.95 6.97 8.75 7.14 3.16 8.88 8.92 9.27 14.57 11.68 4.77 2.74 17.48 16.52 4.21 5.45 19.62 5.03 3.43 21.66 11.86 22.06 21.19 19.37 12.32 8.34 13.70 22.79 24.62 21.56 30.20 15.97 16.06 15.41 13.83 11.97 10.87 10.26 10.29 17.05 16.95 12.96 12.73 13.25 13.27 12.47 13.22 12.45 10.76 10.98
9.21 11.95 11.44 11.83 12.38 13.55 16.03 16.65 16.86 15.07 18.49 21.82 21.59 22.19 19.17 10.59 13.35 14.04 14.51 13.71 15.02 9.07 11.41 7.96 14.46 12.99 12.32 11.28 8.11 9.42 7.39 9.24 2.08 2.24 6.91 2.31 12.80 11.87 11.94 4.39 6.11 16.62 19.65 8.56 4.34 6.14 16.85 8.68 20.47 18.64 21.09 21.52 21.74 12.05 12.73 13.27 21.78 26.03 21.44 23.56 16.60 16.63 16.20 14.26 12.07 10.48 9.56 16.04 9.62 16.77 14.33 12.70 12.49 12.89 11.86 9.93 12.99 10.82 11.18
9.15 11.89 11.65 11.97 12.49 14.33 16.32 16.22 18.00 13.20 17.35 21.34 21.01 19.81 18.02 10.68 14.35 14.86 15.90 16.48 16.18 12.99 13.02 13.13 8.94 12.22 12.27 12.03 11.21 10.65 7.91 9.63 2.26 8.38 8.73 3.56 13.28 13.69 11.32 4.05 13.63 17.59 18.65 9.00 3.87 5.44 20.29 5.49 18.44 19.13 18.78 21.13 20.13 13.29 13.55 13.78 22.11 18.49 12.28 14.07 29.68 17.17 16.64 14.36 12.10 15.63 14.30 14.39 15.43 16.01 16.69 14.17 12.37 13.13 11.51 5.12 10.82 12.67 5.18
11.17 12.41 12.03 12.19 12.95 14.54 17.08 15.42 15.50 12.84 17.08 21.43 22.57 20.78 17.77 12.01 15.89 15.69 17.62 17.37 13.60 7.92 14.14 9.35 5.78 12.60 13.15 12.69 11.71 10.95 4.16 7.20 7.25 8.53 12.16 5.73 13.69 13.61 4.00 3.36 13.64 17.94 16.53 9.33 10.93 4.55 13.09 20.97 17.91 20.95 17.98 21.78 22.83 12.61 12.12 13.23 22.32 25.38 22.36 21.12 24.88 18.30 16.49 14.15 11.68 15.49 8.93 15.29 8.40 7.92 7.73 16.58 16.88 15.32 12.03 5.94 4.61 4.58 5.96
10.55 12.63 12.32 12.13 12.76 17.45 16.66 14.90 16.56 13.81 19.51 20.88 25.38 22.08 16.45 13.59 15.06 10.65 17.58 9.66 9.83 10.07 13.62 8.18 3.31 14.21 14.37 13.69 12.13 10.19 9.27 6.31 10.44 9.17 14.06 5.94 4.48 13.91 2.77 2.98 10.68 18.51 18.07 8.94 2.30 17.53 13.11 13.88 21.59 19.08 19.50 21.87 24.09 12.55 6.64 7.22 8.36 26.51 19.17 20.87 14.74 26.05 19.17 15.31 11.50 9.59 8.40 8.08 7.86 7.39 7.02 7.34 7.62 16.28 14.45 12.18 5.60 5.51 6.34
11.85 12.40 12.27 11.91 13.10 14.71 15.13 17.82 16.70 16.86 17.04 23.71 21.44 21.60 16.13 17.89 12.18 12.17 11.17 11.40 11.90 20.19 10.80 6.49 2.27 14.90 15.30 14.41 12.73 10.37 9.54 9.58 13.25 9.44 11.47 6.82 8.01 12.95 1.76 3.75 15.40 13.09 18.43 18.13 7.74 9.11 13.45 5.55 6.36 5.16 22.52 18.32 25.80 6.73 7.64 8.23 9.29 10.61 14.91 13.62 13.90 14.00 13.85 28.16 11.71 10.19 8.33 7.67 7.39 7.09 7.12 7.07 6.88 6.94 17.15 17.85 7.14 6.75 12.58
12.02 11.44 12.43 8.93 14.62 14.71 16.17 16.15 16.88 17.77 15.26 16.87 20.70 21.31 16.52 17.82 12.93 13.08 12.70 13.41 20.48 14.44 10.15 4.58 1.60 16.58 15.54 13.42 12.43 11.53 9.31 10.20 10.40 10.69 11.44 13.49 13.48 3.37 2.02 11.38 14.89 5.99 16.44 17.62 19.60 16.18 12.25 4.78 6.30 6.53 6.07 20.23 28.05 7.95 9.49 10.05 10.54 11.52 13.20 13.87 13.05 12.38 12.00 11.43 18.41 10.96 9.02 7.35 6.94 6.93 7.04 15.88 6.64 6.68 7.29 7.93 7.95 7.54 6.25
12.13 11.52 12.55 12.02 16.51 13.99 16.00 13.50 16.65 15.84 13.16 15.73 20.25 19.67 15.63 18.45 13.46 14.26 14.91 21.73 21.23 15.09 9.12 3.64 1.92 18.05 12.06 7.15 15.19 10.58 10.37 4.83 9.59 11.08 14.17 10.99 14.10 1.40 1.95 13.97 10.55 6.12 5.98 15.34 16.77 19.46 10.03 3.42 4.85 20.24 12.93 5.81 7.11 9.65 10.40 10.27 10.64 11.60 13.19 13.40 26.98 11.52 11.01 10.47 10.67 10.90 9.58 21.01 6.73 15.72 6.74 6.93 14.56 7.08 7.37 7.50 22.19 7.47 15.62
11.61 11.62 12.88 13.50 14.31 13.83 14.81 13.09 17.36 16.48 12.34 15.19 19.44 18.39 19.04 13.73 14.21 15.74 17.28 23.14 21.22 14.84 8.23 4.14 14.04 16.06 12.27 16.21 17.44 6.30 9.97 5.81 10.42 11.79 10.87 14.76 3.49 2.03 10.61 12.62 3.76 13.28 14.55 16.09 18.81 19.44 15.69 2.75 3.14 18.95 24.49 26.60 8.14 9.83 9.44 9.48 10.33 19.35 21.30 12.87 12.03 22.34 10.94 10.60 10.12 21.24 9.14 14.26 6.81 6.63 6.58 6.80 15.82 12.64 15.53 6.65 17.99 16.39 15.40
13.64 11.81 13.85 15.34 13.95 14.44 10.45 12.70 18.20 16.48 13.30 16.18 20.62 18.04 15.61 14.93 15.36 16.93 24.01 23.15 18.24 13.59 7.58 5.13 3.91 16.24 15.08 18.24 18.01 6.79 12.34 5.97 11.25 12.01 11.78 11.42 4.22 4.06 12.82 3.29 3.76 5.27 14.06 17.92 16.71 20.85 17.58 3.83 2.20 13.40 24.74 6.58 8.81 8.23 8.04 9.07 10.28 11.23 11.92 12.13 11.40 18.80 10.20 19.09 8.78 7.11 14.01 14.04 15.17 6.60 6.47 6.41 17.96 15.68 18.24 18.01 16.87 18.42 16.43
14.68 13.08 14.42 14.31 14.34 14.56 15.30 15.81 18.23 13.41 14.83 17.31 17.70 18.66 20.32 16.15 22.69 24.38 24.06 22.70 18.44 12.93 7.35 5.40 10.77 15.72 15.26 17.10 19.69 8.95 13.26 10.78 11.95 13.28 10.41 5.23 4.84 5.93 5.16 1.76 2.17 3.61 4.73 10.09 14.32 18.70 11.57 8.33 2.39 3.11 21.40 16.00 6.72 6.39 7.58 8.84 17.94 11.06 11.01 10.67 9.93 17.06 9.23 9.05 26.96 24.84 16.78 14.84 13.91 16.62 15.63 5.97 16.61 15.46 19.67 15.99 15.45 16.43 14.97
14.95 14.21 14.13 14.01 16.03 15.82 16.07 16.91 16.88 12.57 15.65 17.67 15.74 18.62 20.57 21.94 23.03 23.87 19.92 20.22 18.48 13.29 8.09 6.17 16.71 13.04 16.09 16.72 19.21 15.82 15.75 10.68 10.65 7.21 10.61 4.10 8.26 9.11 3.55 2.14 2.30 3.41 4.82 8.29 14.35 17.81 17.48 5.15 3.22 2.51 18.87 20.68 24.92 6.66 7.96 8.82 9.71 15.61 10.22 9.64 8.82 8.35 8.85 8.41 19.58 26.57 17.43 15.93 16.16 16.54 6.92 23.22 20.95 16.36 16.36 17.10 15.83 14.65 12.20
16.71 14.01 13.93 15.20 16.56 15.80 11.95 12.67 12.33 12.45 15.97 18.12 15.35 17.59 17.94 21.09 23.69 21.81 20.16 20.09 17.96 13.45 9.34 12.16 16.64 16.82 17.24 17.49 19.02 19.25 15.55 11.11 11.43 4.37 12.16 6.81 10.15 7.80 3.98 4.10 2.98 3.26 4.87 8.32 6.84 17.08 14.90 5.60 8.14 9.37 15.53 21.08 13.16 7.29 7.91 8.51 8.63 8.94 9.42 13.54 15.67 13.67 8.88 8.37 19.26 5.60 16.64 15.85 16.26 15.15 15.25 14.55 15.19 3.80 3.91 14.14 14.12 16.87 16.37
17.57 13.52 13.71 16.75 17.26 17.14 15.93 16.71 12.37 12.79 16.15 18.87 16.41 13.78 17.48 19.57 23.30 20.46 20.58 20.32 17.47 13.63 10.96 17.98 18.16 17.48 16.95 17.28 18.34 17.40 16.53 15.48 14.50 3.44 9.26 7.99 10.53 10.11 7.09 6.10 5.36 5.06 5.56 8.21 3.96 11.77 13.35 11.94 7.40 3.85 11.37 18.46 5.40 23.09 10.62 8.53 12.97 12.15 8.86 13.47 13.74 13.37 14.23 8.67 18.57 23.61 18.55 17.27 17.71 16.79 15.11 14.71 17.39 22.06 3.20 2.97 2.52 2.73 3.09
14.70 13.22 16.57 17.04 16.58 16.51 16.00 16.19 11.60 12.47 16.02 21.33 17.66 13.22 18.30 19.68 23.15 19.96 20.90 20.59 17.34 14.03 12.47 19.43 17.70 6.93 7.46 12.91 16.31 15.68 5.88 15.97 15.28 3.69 2.21 12.07 10.61 10.54 7.31 6.95 7.02 13.26 6.99 9.97 2.63 13.37 15.75 9.05 4.19 5.87 7.98 15.88 4.87 6.43 10.82 8.73 10.97 10.85 11.86 12.77 17.22 12.13 13.23 16.63 19.60 19.25 22.50 19.12 21.36 20.70 16.01 15.86 14.14 14.54 13.90 19.90 17.10 13.33 1.66
15.01 13.48 16.88 17.02 15.74 16.86 16.81 15.71 10.86 11.79 15.43 21.90 19.00 16.01 20.17 13.66 23.37 19.42 20.60 20.22 17.26 14.32 19.32 18.50 9.33 8.26 7.94 16.82 14.33 15.31 16.38 15.91 16.65 9.10 2.56 10.75 8.14 9.04 7.19 6.96 6.61 1.23 7.42 8.53 4.52 12.03 16.68 1.34 8.26 6.76 4.89 11.21 5.22 6.11 7.92 10.13 8.13 10.13 8.40 8.63 15.62 19.70 8.80 15.73 16.98 18.64 23.93 22.43 24.39 24.46 25.18 16.17 6.26 5.78 4.37 16.01 15.53 14.64 17.90
14.56 13.21 16.18 16.49 14.89 15.76 16.41 16.45 10.52 11.13 14.62 18.60 19.57 17.59 15.17 22.06 22.51 19.60 20.19 19.39 16.83 14.35 19.58 18.08 10.10 10.04 18.09 17.12 17.17 14.94 14.48 14.71 13.21 13.14 7.19 13.09 8.53 9.51 6.70 5.61 1.72 6.50 7.78 11.20 7.55 13.43 2.83 8.68 8.10 7.08 6.90 6.40 16.17 14.25 11.87 9.31 8.08 10.05 11.32 8.62 14.18 12.32 17.36 14.48 18.09 7.59 20.08 15.15 17.72 18.79 18.22 23.58 6.79 7.06 16.53 14.28 15.49 14.29 13.79
17.74 14.86 16.46 17.86 18.00 16.70 16.05 15.80 15.81 10.37 13.55 20.92 18.68 21.61 15.66 21.96 17.53 22.65 20.11 18.66 16.09 16.78 19.44 10.67 11.04 12.18 17.10 17.55 16.76 16.91 13.69 11.86 14.29 15.53 11.79 12.40 10.45 4.25 5.71 6.21 2.41 8.47 7.07 6.32 6.78 3.91 1.75 1.46 8.11 7.62 7.83 7.03 14.94 7.18 8.42 16.69 9.77 10.65 11.16 8.55 11.48 15.70 12.66 14.56 20.26 8.79 8.08 21.74 17.29 18.57 18.21 23.38 6.74 7.61 14.92 14.89 21.66 19.81 19.93
18.16 8.81 8.99 8.71 16.59 16.06 15.59 9.50 16.14 10.41 20.30 20.22 17.44 21.66 19.88 20.72 22.82 21.69 19.97 18.54 15.95 16.80 17.55 17.94 12.05 13.92 19.14 18.11 16.91 14.43 12.64 9.39 15.07 15.89 13.60 6.90 1.52 2.38 3.54 4.93 5.75 6.27 6.09 5.27 5.51 1.70 2.01 8.22 7.99 7.88 8.40 8.44 12.66 7.80 8.27 8.42 12.15 17.52 11.39 9.22 9.97 10.93 13.99 16.60 17.20 16.96 16.65 13.29 23.05 17.94 17.93 23.70 7.54 8.01 14.37 18.23 17.39 13.45 1.81
9.93 9.88 9.89 9.52 19.99 17.43 16.11 9.30 10.72 11.33 12.21 20.97 21.38 20.26 20.00 20.21 20.89 22.25 19.12 18.33 15.71 15.59 18.17 17.80 12.23 14.53 20.56 17.77 13.81 16.99 17.12 12.88 16.65 13.79 2.68 2.12 1.27 1.34 2.92 4.13 4.41 5.26 5.98 5.82 5.81 6.36 7.15 7.66 7.65 7.60 7.87 7.03 11.65 8.22 8.43 8.33 14.75 8.88 14.28 11.90 9.37 14.18 19.31 8.35 8.86 18.49 21.49 18.92 24.06 18.45 19.10 23.45 8.60 14.38 16.41 12.92 2.27 15.54 16.70
15.29 9.35 18.91 8.41 19.20 16.79 8.40 16.93 10.46 17.58 20.04 20.14 20.55 19.62 19.85 19.21 20.64 21.94 17.95 17.95 15.43 18.32 17.71 10.64 12.28 14.66 20.28 16.21 11.25 18.42 8.07 15.92 14.46 11.56 3.14 2.68 2.70 2.44 3.54 4.08 3.98 5.00 5.63 5.83 5.96 6.17 6.35 6.79 7.08 6.93 6.78 6.67 7.07 7.89 8.31 8.40 8.45 8.69 9.13 9.57 14.41 12.56 16.34 8.42 8.17 7.73 7.87 17.74 18.78 19.38 19.04 19.52 16.17 16.64 17.97 17.38 4.09 3.77 3.24
8.98 8.00 19.23 17.08 17.68 17.40 7.57 16.85 17.26 20.14 17.74 20.47 20.84 19.35 19.59 18.36 20.99 21.67 16.95 17.87 16.30 20.48 11.73 11.24 12.86 14.81 19.66 17.12 19.76 17.70 15.28 15.34 14.37 3.82 3.13 2.91 3.36 4.08 4.82 4.46 3.91 4.83 5.31 5.59 5.86 6.02 5.90 5.98 6.38 6.26 6.02 6.00 6.39 7.21 7.71 7.98 8.28 8.59 8.93 8.97 16.51 12.84 8.72 8.44 15.22 7.49 7.22 7.35 7.75 19.76 19.90 19.48 16.34 20.78 21.68 15.83 4.93 3.99 3.15
9.80 8.71 19.42 17.92 16.10 17.48 17.53 7.68 18.08 22.00 13.16 21.74 21.16 20.61 16.09 19.08 19.57 20.08 15.91 19.21 17.15 15.57 13.54 12.61 13.40 18.93 14.83 20.25 17.36 10.95 15.64 8.29 6.26 4.43 3.40 3.15 3.55 5.00 6.37 5.28 3.39 4.46 5.25 5.61 5.74 5.65 5.61 5.45 5.68 5.75 5.62 5.73 6.00 6.56 7.14 7.45 7.70 8.12 8.58 8.60 8.64 8.88 8.88 8.50 8.01 7.76 7.49 7.48 7.51 7.41 7.71 8.06 7.83 18.92 14.92 19.40 17.04 4.42 3.14
11.06 9.97 8.80 18.57 19.07 7.29 16.51 7.86 8.72 9.86 22.07 21.85 20.65 19.26 15.74 14.96 20.15 17.61 18.09 22.08 16.23 16.01 15.19 14.45 19.16 18.36 18.83 13.12 17.99 17.58 15.32 8.33 6.53 4.79 3.65 3.31 3.51 4.91 7.40 7.57 4.04 3.22 4.87 5.61 5.65 5.33 5.25 5.16 5.10 5.20 5.25 5.40 5.73 6.18 6.64 6.91 7.19 7.63 8.11 8.33 8.38 8.54 8.60 8.41 8.14 7.80 7.52 7.55 7.56 19.83 7.92 8.08 7.51 21.01 20.12 24.30 18.24 5.26 4.05
9.57 18.46 7.83 18.67 18.85 7.19 17.43 7.27 8.02 22.04 24.16 12.65 21.41 18.80 16.07 16.71 18.19 17.58 17.78 13.79 14.43 20.54 15.14 15.32 15.29 19.94 18.93 18.09 17.47 17.53 15.33 16.30 7.09 5.59 4.27 3.69 3.88 4.95 7.52 9.65 6.68 2.36 4.00 5.05 5.21 4.93 4.80 4.81 4.59 4.41 4.73 5.13 5.58 6.07 6.23 6.36 6.75 7.16 7.62 7.95 8.08 8.24 8.25 8.20 8.14 7.88 7.60 7.57 7.76 7.80 8.01 7.83 19.59 18.95 19.16 19.15 20.65 17.46 5.62
6.31 17.82 4.81 20.07 5.96 13.37 18.23 15.87 20.76 7.45 8.32 10.38 19.96 15.77 18.06 15.73 18.01 15.84 16.72 11.42 11.83 13.19 14.47 22.14 21.54 20.02 18.39 18.05 16.92 17.23 9.97 9.20 7.85 6.44 5.03 4.32 4.78 6.01 7.92 10.11 7.70 0.96 3.04 4.08 4.55 4.44 4.40 4.44 4.03 3.42 3.85 4.77 5.52 6.05 6.09 6.06 6.32 6.72 7.17 7.49 7.77 8.05 8.11 17.34 7.96 7.89 7.63 7.56 7.77 7.87 7.92 7.68 7.23 7.01 6.64 18.38 18.44 18.15 6.53
7.88 6.42 4.24 19.49 4.80 17.09 21.37 7.59 7.30 22.11 5.94 20.43 16.59 20.11 19.00 17.83 17.70 15.18 15.39 16.93 9.67 11.22 13.38 14.26 14.32 14.26 19.35 18.29 16.97 17.21 10.18 9.90 8.70 7.16 5.69 4.86 5.16 6.34 7.71 9.46 9.80 6.81 4.39 3.63 3.83 3.91 4.05 4.10 3.55 2.65 2.88 4.15 5.25 5.83 6.10 6.18 6.21 6.47 6.83 7.14 7.51 7.89 8.07 8.03 7.95 7.84 7.60 7.67 7.69 7.58 7.57 7.48 19.62 19.87 19.73 18.64 18.61 19.14 20.60
8.60 8.04 6.78 4.83 5.51 15.81 6.23 18.84 15.92 23.32 6.37 20.90 21.27 20.24 19.38 17.40 13.37 14.90 15.23 13.92 9.60 17.28 17.17 13.33 13.90 13.89 19.67 19.25 18.21 11.15 10.51 10.58 9.88 8.24 6.44 5.24 4.81 4.92 5.29 7.72 11.56 11.52 7.59 3.96 2.73 3.03 3.51 3.75 3.32 2.46 2.26 3.31 4.59 5.38 5.95 6.29 6.40 6.51 6.76 7.03 7.36 7.66 7.85 8.07 8.11 7.89 18.86 18.54 18.06 19.86 20.13 20.57 20.48 20.29 18.74 18.65 19.01 17.92 18.88
8.58 8.61 8.82 7.12 19.76 4.11 19.64 19.07 18.74 9.01 8.26 18.98 7.79 17.73 22.70 18.27 12.45 15.37 12.78 14.17 18.88 10.49 16.11 14.87 19.84 19.41 19.21 18.81 16.59 11.30 16.85 15.97 10.56 9.54 7.59 5.48 4.01 3.06 2.83 5.56 9.59 11.16 9.04 5.47 2.49 1.99 2.84 3.39 3.33 2.81 2.37 2.70 3.57 4.58 5.48 6.12 6.51 6.69 6.90 7.12 7.35 7.54 15.89 8.15 8.32 17.33 18.71 18.16 18.12 19.08 19.83 20.11 18.73 19.89 20.16 19.29 18.98 21.30 17.92
7.88 7.16 6.94 6.78 4.60 17.54 2.79 15.27 22.38 7.89 9.85 10.05 19.73 21.80 11.23 18.13 16.57 16.11 12.52 17.45 12.44 16.57 16.48 12.03 18.93 18.96 19.28 18.87 17.80 17.04 17.68 16.16 10.47 10.37 9.10 6.80 4.70 3.77 3.87 5.00 7.30 9.11 9.04 7.16 4.20 2.20 2.35 3.06 3.39 3.11 2.56 2.42 2.61 3.37 4.56 5.75 6.45 6.91 7.17 7.20 7.46 7.75 8.04 8.45 8.50 17.99 18.26 18.24 8.85 8.49 19.76 19.96 19.96 19.09 19.49 19.60 18.56 18.87 19.17
