examples/cougarCreek-fire/createInputs/WindNinja/wrfout_d3.2015081100.f12/cougarCreekFire_08-11-2015_1200_217m_non_neutral_stability_vel.asc
ncols	146
nrows	140
xllcorner	610065.000000
yllcorner	5095217.000000
cellsize	216.586807
NODATA_value	-9999.000000
[rows 105 to 139 of 140, columns 0 to 78 of 146]
8.40 6.83 6.32 6.71 6.06 2.76 22.30 3.31 5.65 13.99 8.41 11.23 11.64 27.02 13.05 13.56 18.32 16.27 12.02 16.81 17.26 11.49 11.93 18.87 19.78 13.06 17.92 13.43 18.33 17.27 11.34 10.61 10.47 10.48 10.11 8.96 7.18 5.61 4.79 5.00 6.24 7.81 8.85 8.57 6.43 3.80 2.77 3.25 3.62 3.45 3.22 3.02 2.64 2.29 3.28 5.04 6.34 7.20 7.44 7.39 7.69 8.05 8.42 8.64 16.43 17.39 18.69 8.84 8.87 8.70 8.26 20.36 20.14 19.74 19.13 19.15 19.28 18.49 17.27
8.52 8.38 8.24 8.25 8.48 7.91 6.13 4.58 21.09 5.00 16.67 7.76 22.28 19.24 11.42 13.11 20.18 17.31 12.38 14.84 15.70 15.04 16.28 12.20 12.26 17.81 13.32 13.88 19.59 12.63 12.20 11.47 11.01 10.75 10.53 10.29 9.37 7.53 5.77 5.22 6.05 7.50 8.63 9.23 8.24 5.68 3.95 3.92 4.29 4.38 4.46 4.40 4.07 3.50 2.99 4.50 6.37 7.46 7.76 7.79 7.96 8.21 8.42 8.45 8.54 8.63 8.70 8.85 8.88 8.70 8.45 8.18 7.94 19.52 19.23 19.09 17.88 18.15 16.06
8.96 8.79 9.38 9.97 10.38 10.76 10.12 8.02 5.82 5.36 15.79 20.73 22.70 6.38 24.70 22.57 12.06 12.86 12.80 11.44 15.01 13.92 10.86 18.50 12.12 11.84 19.57 20.42 13.05 13.07 12.84 12.28 11.71 11.37 10.99 10.81 16.04 14.32 10.74 6.43 6.70 7.62 8.50 9.45 9.67 7.86 5.36 4.14 4.21 4.51 4.99 5.40 5.53 6.00 6.08 5.75 6.64 7.62 8.13 8.17 8.16 8.18 8.20 8.51 8.98 9.13 19.24 19.66 20.59 20.75 21.34 21.03 20.57 19.96 19.42 18.26 17.93 18.57 17.67
8.10 7.49 8.81 9.98 10.57 10.25 9.85 9.53 8.16 24.39 4.89 21.48 4.17 20.06 20.82 20.00 17.97 17.27 16.67 15.96 16.19 10.44 14.92 17.99 17.82 19.13 18.10 18.61 12.72 18.39 12.84 12.50 18.93 11.88 11.66 16.08 10.91 10.47 9.66 9.02 8.55 8.34 8.71 9.71 10.80 16.71 7.14 4.35 3.63 4.08 4.94 5.64 5.70 6.05 6.63 6.52 6.81 7.75 8.31 8.34 8.30 8.27 8.52 9.20 9.61 17.93 19.56 20.31 20.86 20.93 21.34 8.68 20.55 20.32 20.18 19.72 19.26 18.92 18.63
8.93 8.24 9.87 9.72 10.17 10.00 9.49 9.34 9.25 8.66 7.88 6.65 21.17 21.38 21.79 21.60 7.74 17.95 17.57 16.51 15.61 15.30 15.02 19.33 16.30 19.00 19.58 12.39 12.22 19.31 11.92 19.35 12.17 12.33 17.03 11.59 15.75 10.36 10.46 10.37 9.77 9.19 9.15 9.73 17.97 11.67 9.89 6.34 4.28 4.23 5.12 5.63 4.71 3.93 4.45 5.57 6.94 8.06 8.55 8.70 8.81 9.05 9.66 10.32 10.48 10.06 18.77 20.03 21.29 9.24 20.79 8.33 20.45 8.08 7.90 19.52 19.15 18.97 18.94
9.80 10.05 9.76 10.32 9.83 10.72 10.97 10.68 10.71 10.76 10.84 8.64 24.64 8.74 8.60 22.06 19.53 19.24 7.09 20.37 15.22 16.82 18.67 18.34 17.44 17.26 19.59 17.56 19.07 19.80 18.92 12.53 18.02 17.70 17.42 17.11 16.72 11.08 16.95 10.50 9.95 9.48 9.38 16.80 17.55 18.71 12.28 9.39 6.19 5.32 5.68 5.73 4.60 3.70 4.46 6.00 7.71 8.78 9.24 9.59 9.93 10.36 11.01 11.61 11.50 10.76 18.19 18.80 20.41 20.91 21.23 20.45 19.95 20.87 19.55 17.77 18.11 17.88 17.13
9.21 9.31 9.13 8.32 8.30 9.72 11.37 11.87 11.26 10.57 11.19 10.92 11.05 10.01 23.22 25.53 10.15 9.97 9.90 10.97 11.89 10.38 9.25 17.84 16.77 18.24 18.01 19.89 20.25 12.84 17.42 13.72 17.57 17.65 18.00 18.00 12.78 12.82 12.33 17.70 17.41 17.24 17.11 16.80 16.94 18.11 12.31 11.68 8.72 7.00 6.86 6.78 6.30 6.20 7.00 8.14 9.00 9.34 9.56 10.07 10.64 11.09 11.56 11.90 11.37 20.50 20.33 20.28 20.32 20.18 20.57 18.85 17.18 17.61 18.40 18.74 18.65 17.66 17.69
8.43 8.18 8.07 7.41 8.09 7.51 7.31 9.39 11.43 12.62 25.12 12.08 21.11 23.83 22.21 26.26 12.20 13.68 14.38 14.95 13.96 11.72 10.51 17.33 14.88 16.33 18.10 13.70 14.10 19.48 19.15 19.05 19.69 14.40 19.09 17.70 13.60 13.80 18.96 18.53 18.13 17.31 17.59 17.26 16.40 8.73 10.61 12.31 11.32 9.16 8.37 8.41 8.53 8.78 9.36 9.79 9.76 9.64 9.73 10.27 10.93 11.23 11.48 11.52 10.80 10.14 10.14 10.10 21.22 21.39 21.99 21.38 20.29 21.18 20.33 20.18 19.02 19.30 18.69
8.38 8.17 8.05 7.78 6.60 5.21 5.93 6.37 8.41 11.02 10.78 21.80 18.44 19.86 23.51 25.17 12.22 14.51 15.63 15.96 15.20 14.07 12.29 18.32 15.05 15.75 17.71 19.05 19.09 19.65 19.49 19.38 19.19 14.35 13.90 13.81 14.00 18.99 19.22 19.01 18.81 18.81 18.79 16.95 14.60 8.76 9.88 11.96 12.89 11.80 10.37 9.91 10.00 10.15 10.47 10.65 10.60 10.57 10.57 10.95 11.42 11.44 11.36 10.99 10.29 9.70 9.44 9.24 9.03 20.84 20.56 9.20 20.99 20.60 20.55 20.39 20.24 19.81 18.06
8.59 8.33 7.89 7.95 8.34 8.24 7.49 6.36 7.18 7.30 23.41 9.99 11.25 26.71 26.68 22.86 11.52 11.47 10.85 11.58 12.42 13.04 12.48 18.34 15.53 15.81 17.28 17.68 18.48 19.42 19.31 19.70 14.30 13.98 19.35 14.01 19.68 19.42 19.20 19.18 19.04 19.39 17.79 12.05 11.28 10.93 11.13 12.04 13.26 13.51 12.57 11.61 10.92 10.47 10.48 10.83 11.17 11.36 11.45 11.48 11.47 11.31 10.92 20.56 20.42 20.40 20.44 20.92 20.88 21.54 21.77 21.57 21.31 20.40 19.54 20.37 19.37 21.21 20.40
8.66 8.74 8.89 9.37 10.82 12.06 11.86 10.22 8.10 6.17 6.42 9.51 25.31 27.21 12.38 11.76 12.42 10.82 8.54 8.56 20.35 23.18 19.79 17.06 15.02 15.59 19.32 16.96 17.32 17.40 21.29 17.61 18.05 18.66 13.84 14.02 19.15 19.30 14.04 19.33 18.92 18.39 17.70 16.97 16.94 12.78 12.56 12.43 12.82 13.64 13.94 13.42 12.33 11.25 10.49 10.34 10.71 11.28 11.57 11.29 10.85 10.66 10.39 9.84 19.20 20.20 20.64 21.14 21.49 20.43 20.79 20.20 19.63 21.23 19.11 19.39 19.19 18.47 17.80
8.67 9.00 9.78 10.58 11.30 11.21 10.93 11.27 11.39 10.60 9.24 9.87 28.42 24.73 12.83 13.88 13.62 11.53 10.72 10.16 10.67 21.43 17.49 15.78 16.68 21.60 18.30 17.30 17.04 19.89 19.91 16.12 16.60 18.11 13.74 19.30 18.93 19.26 13.96 19.44 18.58 18.07 17.76 17.97 18.53 19.13 12.86 12.82 12.58 13.04 13.73 13.85 13.57 12.80 11.41 10.32 10.15 10.35 10.43 10.22 10.02 10.05 9.91 20.32 19.39 19.77 20.17 20.22 20.61 20.30 21.66 20.39 21.21 20.85 19.66 19.60 18.60 17.63 16.68
8.47 8.58 9.26 10.11 10.14 9.60 9.95 11.32 12.67 13.22 12.30 9.03 9.35 13.56 14.44 14.46 13.94 13.25 12.44 12.22 12.89 23.20 19.71 16.30 18.61 13.67 19.05 18.63 17.91 18.64 19.90 15.66 16.11 17.71 18.51 18.47 13.61 13.29 19.02 18.92 18.52 17.80 17.11 17.24 17.68 18.88 19.34 12.76 12.53 12.47 12.48 12.42 12.45 12.33 11.82 10.93 10.03 9.48 9.24 9.24 9.41 9.66 20.28 9.61 19.24 20.22 20.50 19.98 20.25 22.14 22.09 21.35 21.37 20.73 20.12 18.09 19.15 18.57 17.87
9.53 8.32 9.03 10.00 10.60 11.41 12.24 12.57 13.19 14.61 15.89 16.64 17.22 16.37 24.29 12.95 12.66 11.51 11.25 12.12 12.71 20.25 13.17 15.82 14.11 14.97 18.54 18.76 20.60 18.60 17.23 16.64 16.51 17.63 18.61 18.90 18.61 18.51 18.34 17.91 18.06 17.52 17.14 17.24 18.24 11.85 18.67 17.27 11.52 11.66 11.29 10.67 10.50 10.52 11.08 11.57 10.93 9.98 9.47 9.24 18.65 19.57 9.61 9.46 19.98 21.13 20.44 19.90 20.94 22.16 21.15 19.88 20.58 20.05 19.85 18.57 18.61 18.48 18.20
9.08 8.87 9.86 10.75 11.57 12.72 13.48 13.62 13.94 13.71 14.81 16.32 16.66 15.08 13.68 19.47 10.75 9.79 20.96 10.64 25.10 19.67 20.30 13.68 13.35 21.69 20.25 21.05 20.26 21.43 17.16 18.19 17.53 17.60 18.19 18.31 18.59 18.69 17.59 17.09 17.34 17.35 16.81 16.86 16.62 17.02 16.39 15.81 16.35 9.58 9.54 9.38 9.57 9.71 10.25 11.20 11.66 11.01 19.29 19.31 19.33 19.46 20.67 19.96 20.33 20.72 20.81 19.97 20.05 21.19 21.44 21.36 21.24 19.68 19.01 18.09 19.38 19.65 21.87
8.84 9.77 11.35 12.23 13.04 13.91 13.86 13.45 12.98 13.80 12.06 12.14 11.91 11.74 11.51 12.16 20.59 18.70 17.18 21.27 22.39 11.42 19.71 20.92 19.50 18.85 22.89 22.31 17.22 16.61 18.20 13.28 17.80 17.20 17.91 18.26 19.02 18.46 17.34 17.09 17.37 17.79 16.74 16.08 16.12 15.92 15.76 15.70 14.85 14.27 14.42 7.35 8.01 8.40 8.56 9.16 19.17 19.64 19.86 19.77 19.52 20.09 19.77 20.38 20.64 20.39 20.49 22.66 20.63 20.24 22.11 21.13 20.31 20.05 19.73 20.07 19.96 18.86 17.89
9.62 10.39 11.89 12.65 13.77 13.95 12.91 12.01 11.78 12.38 12.18 12.05 11.82 11.82 11.96 11.06 21.23 18.66 15.68 21.37 20.46 18.68 16.32 19.32 21.58 23.48 23.38 20.56 19.11 13.08 23.66 18.17 17.88 17.31 17.77 18.18 18.11 17.94 17.90 17.01 18.20 17.75 16.88 16.02 15.82 15.76 15.99 16.22 15.22 13.99 13.57 13.81 14.33 15.11 15.57 16.03 17.16 18.15 19.15 19.90 19.39 19.30 20.20 20.44 9.86 10.14 20.68 22.29 19.95 19.97 20.34 21.53 21.31 20.90 18.66 19.56 17.59 18.67 17.03
10.33 10.85 11.44 12.63 11.66 10.29 10.95 10.03 10.90 12.34 14.79 13.52 13.33 13.31 13.73 13.87 12.65 19.55 12.04 26.76 20.99 21.11 20.77 22.04 12.96 11.60 26.15 18.53 16.57 12.78 21.86 18.27 18.67 18.33 18.08 17.82 17.27 17.39 17.81 17.85 18.76 18.22 16.77 16.61 16.39 16.29 16.85 16.81 16.10 14.93 14.18 14.03 14.20 14.69 15.18 15.76 16.22 16.83 17.46 19.28 19.21 19.33 19.94 21.27 9.87 9.92 21.63 22.06 21.82 20.50 19.85 19.40 19.57 18.92 18.31 19.11 18.58 18.63 18.37
11.41 10.99 10.61 10.03 10.52 9.42 9.53 9.05 10.70 12.54 14.68 13.84 13.50 13.63 14.42 14.96 14.65 20.03 15.11 26.95 21.98 21.85 22.35 23.17 13.31 13.18 23.54 14.12 14.83 14.78 16.06 21.71 20.39 18.50 17.91 17.18 16.52 16.91 17.22 17.46 17.96 17.40 17.11 17.09 17.02 16.87 17.14 16.91 16.31 15.41 14.79 14.61 15.29 15.07 15.42 15.40 15.70 16.01 16.08 17.56 18.53 18.44 18.30 20.49 19.95 9.18 9.23 21.41 21.41 22.56 22.36 21.16 20.59 19.65 20.10 20.04 18.78 17.88 19.16
11.27 10.42 9.52 9.69 8.95 10.27 10.54 10.13 11.83 13.01 13.37 15.55 13.91 14.17 14.21 13.96 14.86 15.00 18.09 15.88 22.36 21.23 22.19 22.66 13.42 14.70 14.81 15.88 15.82 14.98 14.02 23.19 20.56 17.45 17.40 16.39 15.63 15.54 15.70 16.21 16.88 16.80 16.91 16.94 17.26 17.60 17.20 17.23 16.55 16.07 15.51 15.47 15.17 15.46 15.60 15.47 15.32 14.89 14.88 16.11 17.04 17.05 18.69 19.20 19.24 8.39 8.51 20.62 22.14 22.39 22.91 23.30 22.90 22.38 21.71 19.62 18.86 18.00 18.52
10.70 9.98 8.93 8.92 10.54 10.65 11.27 11.35 13.12 13.98 14.09 14.41 14.68 14.77 14.69 14.29 14.51 15.42 15.99 17.83 15.40 23.25 22.42 21.32 21.96 21.87 15.42 15.98 26.98 14.88 13.63 21.89 19.63 18.70 15.95 14.52 14.92 14.67 14.72 15.02 16.00 15.87 15.96 16.57 16.84 16.77 16.69 17.14 16.47 16.06 15.54 15.61 15.62 15.06 15.21 14.55 14.01 13.70 13.80 14.93 16.13 15.94 17.66 18.48 19.90 19.77 19.64 19.46 19.18 10.85 22.76 23.51 22.58 21.27 21.11 20.56 18.82 17.59 18.23
10.59 10.17 9.49 10.00 10.75 11.52 12.37 13.45 14.23 14.48 14.51 14.68 14.41 14.24 14.85 15.49 15.73 34.00 14.89 26.84 19.71 27.33 22.98 19.27 14.09 20.08 22.71 23.76 22.64 22.43 12.14 11.69 21.16 17.78 15.84 14.71 15.28 14.99 15.21 16.23 15.93 15.70 15.96 16.32 16.15 16.14 16.53 17.11 16.27 15.57 14.92 14.96 14.77 14.71 14.49 14.56 13.35 4.14 4.55 5.36 6.29 6.97 7.58 8.27 9.41 10.06 19.33 10.63 11.62 12.17 23.49 23.58 22.08 20.59 9.16 19.40 19.08 16.45 17.24
9.67 9.97 11.26 11.63 13.03 14.05 13.97 14.57 16.17 13.46 12.80 13.05 15.80 14.11 15.07 15.94 15.88 16.46 24.60 25.11 25.15 28.18 22.44 21.72 16.86 22.76 26.91 27.43 12.48 11.71 19.76 24.31 20.34 17.94 16.05 14.06 14.69 15.03 15.28 15.46 15.43 15.07 15.90 15.96 15.38 16.48 16.99 16.60 16.13 15.36 15.53 15.52 15.62 8.39 7.47 6.49 5.87 5.71 6.22 7.10 7.94 8.61 9.19 9.89 10.65 11.29 11.98 12.45 11.01 9.16 21.70 21.15 20.96 20.44 18.38 21.57 18.73 16.34 16.51
10.53 10.68 11.09 12.44 13.36 11.37 10.95 12.76 12.90 12.33 10.52 11.60 12.96 14.07 14.65 14.49 13.78 14.93 14.36 24.33 29.51 24.59 24.94 26.46 26.75 25.50 25.43 14.02 12.17 9.53 20.11 21.15 20.65 17.27 15.20 15.15 16.01 17.20 15.78 15.04 14.43 12.40 12.61 12.84 13.20 17.06 17.53 17.24 12.14 12.11 12.17 12.55 12.48 12.05 11.28 10.14 8.87 8.01 8.03 8.60 9.63 10.67 11.40 11.73 11.89 12.03 12.17 22.13 22.37 7.18 7.28 21.10 20.63 20.37 19.08 21.51 18.39 16.22 14.93
11.98 11.61 11.39 12.54 12.20 10.99 10.75 10.40 10.67 10.35 10.06 11.78 12.64 15.62 12.75 12.11 11.64 12.53 14.16 14.60 30.62 24.77 26.15 32.15 32.65 31.53 27.76 16.72 12.78 10.47 22.83 19.54 18.72 15.64 10.93 15.39 17.31 16.26 15.19 14.84 13.28 13.95 14.55 15.01 15.21 15.22 15.08 14.67 14.19 14.12 14.65 15.42 15.92 15.89 15.32 14.24 12.55 10.49 9.27 9.99 12.06 13.91 14.70 14.58 14.08 13.45 12.62 11.41 10.03 9.04 8.93 9.32 8.53 19.04 19.28 19.80 19.46 17.08 16.40
13.99 13.13 11.57 11.36 12.25 11.43 11.16 10.86 10.62 9.73 10.94 12.85 13.78 13.51 13.23 11.27 13.51 12.41 14.00 16.06 17.05 28.09 26.05 32.42 32.82 26.87 34.01 26.01 14.42 24.59 22.64 21.56 20.15 16.91 12.08 12.88 16.36 16.64 14.48 14.90 15.50 16.39 17.12 17.43 17.45 17.43 17.37 16.98 16.57 16.37 16.74 17.38 17.92 18.36 18.43 18.06 16.92 14.72 12.47 13.02 15.92 17.80 18.13 17.64 16.69 15.70 14.73 13.88 13.17 12.18 11.17 10.55 20.00 8.73 18.35 19.14 19.36 18.82 18.10
15.86 14.03 11.88 11.49 11.07 10.90 11.35 11.23 11.24 11.84 12.13 11.75 13.70 13.32 13.69 12.15 12.60 14.47 15.63 17.51 18.10 17.55 28.40 32.48 30.24 32.89 26.58 24.96 13.38 26.35 23.19 21.08 20.73 17.16 16.93 18.15 18.69 15.58 16.99 18.04 18.83 19.35 19.50 19.36 19.06 22.03 21.96 18.33 18.57 18.68 18.79 19.13 19.64 20.43 21.29 21.81 21.88 21.33 20.63 20.99 22.19 21.91 20.36 19.33 18.60 17.71 16.66 15.54 14.50 13.36 12.26 11.28 10.52 18.34 17.70 19.14 17.87 17.21 17.24
17.91 15.41 12.20 11.26 10.22 10.62 10.62 10.72 11.88 12.35 13.00 11.84 13.49 13.92 13.52 17.37 14.02 15.22 16.65 17.62 17.93 17.86 17.25 34.86 27.37 31.10 29.72 33.15 30.10 24.40 22.57 21.72 20.36 16.53 10.21 11.61 14.94 18.48 20.71 21.73 21.86 23.83 23.23 22.48 22.77 22.87 19.09 19.08 19.25 19.14 19.26 19.79 20.63 21.81 23.23 24.66 25.82 26.70 27.46 27.62 26.92 24.49 21.28 19.29 18.66 18.00 17.34 16.31 15.59 14.69 13.61 12.73 11.85 11.07 10.32 9.50 17.32 8.75 15.96
19.72 16.27 12.16 11.02 9.78 9.58 9.88 11.16 11.20 11.92 12.37 12.58 12.75 13.75 13.82 14.40 14.83 26.09 16.25 16.92 17.43 17.77 17.71 33.89 29.13 20.31 31.08 29.66 27.37 24.41 24.94 23.96 13.80 11.85 14.91 20.19 24.22 25.93 25.21 27.91 26.61 25.76 23.29 20.00 23.11 23.52 19.41 19.22 18.84 18.45 18.76 19.70 20.89 22.38 24.17 26.13 27.58 28.23 28.02 27.20 26.40 24.64 22.11 19.93 18.42 17.63 17.21 16.48 15.59 14.86 14.00 13.38 21.84 20.63 19.20 16.95 10.22 16.18 13.84
19.98 15.89 11.37 9.94 8.19 8.33 8.05 9.74 11.59 12.49 12.91 13.10 13.38 14.45 14.39 15.56 15.33 17.44 16.32 16.95 17.83 18.29 18.37 18.80 30.75 20.35 19.75 32.99 29.72 28.94 27.85 16.77 16.42 20.85 27.33 30.95 31.66 30.63 28.22 33.32 27.50 24.70 20.57 20.72 20.74 20.33 19.80 19.38 19.02 18.92 19.25 19.64 20.25 21.96 24.15 25.80 26.31 25.66 24.44 23.51 23.63 23.74 22.94 21.42 19.64 18.08 17.42 25.84 16.64 15.80 14.51 13.07 19.60 21.76 20.66 20.01 19.69 10.92 18.52
20.15 15.13 10.65 9.13 6.65 6.70 7.33 11.29 14.10 13.78 13.31 13.38 14.33 15.05 15.47 16.11 15.62 16.31 16.95 17.81 18.82 18.94 18.51 18.04 30.99 31.00 19.64 33.65 29.83 28.24 19.13 19.64 24.35 31.85 35.93 34.78 32.16 29.16 25.85 32.61 26.76 21.44 21.27 21.35 24.31 20.60 19.96 19.43 19.18 19.31 19.60 19.67 19.66 20.93 22.57 22.99 22.31 21.06 20.50 20.78 21.51 22.25 22.33 21.94 21.04 19.47 18.19 17.85 17.70 17.10 15.75 18.24 16.47 16.32 11.50 19.10 20.01 10.61 19.01
19.72 15.41 9.41 8.42 6.73 8.94 13.73 16.76 16.06 14.17 13.38 13.51 13.76 14.23 15.91 16.42 16.97 16.37 17.11 17.85 18.23 28.44 17.40 17.13 17.19 20.63 29.86 31.04 30.72 22.35 23.25 27.24 32.61 35.80 33.70 30.37 27.64 24.73 22.15 29.82 21.48 21.80 21.99 21.76 24.25 20.29 19.73 19.22 18.81 18.41 18.97 20.68 21.35 21.38 21.19 20.14 18.88 18.02 18.40 19.37 19.95 20.33 20.78 21.14 21.23 20.86 19.92 18.76 18.03 17.56 20.70 20.31 18.97 16.97 14.98 15.78 18.21 18.30 19.81
16.53 14.47 9.70 6.61 8.00 10.38 15.36 15.79 13.39 12.48 12.71 13.25 14.61 14.25 16.00 16.39 17.34 16.38 16.78 18.91 16.81 16.59 16.32 16.62 17.64 18.42 20.88 34.02 30.55 24.43 27.83 32.05 33.64 30.78 25.51 22.78 20.93 18.86 18.46 25.94 23.21 21.80 22.10 21.65 20.83 20.05 19.62 19.35 18.96 18.43 19.54 22.33 23.56 22.97 21.36 19.33 17.69 16.84 17.09 17.91 18.48 18.79 19.11 19.64 20.01 20.10 19.78 18.90 17.96 17.57 16.71 15.65 22.77 21.79 16.22 15.93 16.60 15.41 19.05
12.29 11.77 9.41 4.18 6.85 10.17 13.15 11.90 9.70 10.05 11.47 12.75 13.67 14.39 14.98 16.59 15.74 17.81 16.14 17.45 16.23 16.18 15.97 16.47 17.71 19.06 21.19 22.32 32.01 25.95 27.86 28.40 26.07 21.57 16.95 14.45 14.34 14.01 25.99 22.52 21.50 22.54 23.44 22.83 20.80 20.24 20.19 20.50 20.71 20.88 21.41 21.86 22.05 22.03 20.69 18.72 17.10 16.24 16.19 16.74 17.31 17.68 17.98 18.41 18.72 18.76 18.73 18.36 22.55 16.62 24.16 22.26 22.82 22.19 19.77 17.20 17.02 13.69 13.83
11.11 9.90 8.76 5.46 7.08 10.10 11.67 10.21 8.57 9.18 10.91 12.49 13.65 14.43 14.98 15.34 15.55 15.67 15.79 15.90 16.13 16.09 16.02 16.64 17.83 19.30 21.43 23.97 34.78 26.10 25.88 23.01 24.92 16.73 13.11 12.27 10.99 11.50 21.33 21.46 22.43 23.29 22.74 21.50 20.60 20.52 20.72 21.49 22.37 22.84 22.28 20.63 19.73 20.31 19.62 17.86 16.65 15.87 15.85 16.36 16.86 17.26 17.54 17.98 18.39 18.67 18.72 18.17 17.06 20.06 19.31 18.53 13.39 20.65 15.37 15.26 15.51 14.11 12.72
