examples/cougarCreek-fire/createInputs/WindNinja/wrfout_d3.2015081100.f12/cougarCreekFire_08-11-2015_1200_217m_non_neutral_stability_vel.asc
ncols	146
nrows	140
xllcorner	610065.000000
yllcorner	5095217.000000
cellsize	216.586807
NODATA_value	-9999.000000
[rows 0 to 34 of 140, columns 0 to 78 of 146]
4.86 3.26 2.66 3.20 6.15 2.81 3.15 3.89 4.99 6.18 6.99 7.88 8.87 9.21 12.70 9.79 13.11 12.42 8.74 10.66 12.43 13.89 15.29 15.91 15.72 16.06 16.68 16.94 17.52 18.44 18.10 20.93 15.83 16.25 16.17 16.46 16.97 17.00 16.54 16.29 16.07 15.56 15.18 15.12 14.98 14.47 14.03 13.99 13.90 7.20 13.51 1.12 14.87 11.78 16.36 16.99 15.62 9.55 21.60 23.77 24.98 22.83 27.27 27.93 27.99 26.50 30.58 34.11 35.51 35.59 35.83 35.28 34.69 35.62 37.41 35.34 29.34 29.18 35.36
4.86 3.26 2.66 3.20 6.15 2.81 3.15 3.89 4.99 6.18 6.99 7.88 8.87 9.21 12.70 9.79 13.11 12.42 8.74 10.66 12.43 13.89 15.29 15.91 15.72 16.06 16.68 16.94 17.52 18.44 18.10 20.93 15.83 16.25 16.17 16.46 16.97 17.00 16.54 16.29 16.07 15.56 15.18 15.12 14.98 14.47 14.03 13.99 13.90 7.20 13.51 1.12 14.87 11.78 16.36 16.99 15.62 9.55 21.60 23.77 24.98 22.83 27.27 27.93 27.99 26.50 30.58 34.11 35.51 35.59 35.83 35.28 34.69 35.62 37.41 35.34 29.34 29.18 35.36
5.76 5.66 5.34 5.72 10.57 10.01 6.08 3.90 11.56 13.63 14.73 16.79 8.37 11.18 21.39 20.21 20.70 12.88 12.61 8.84 10.80 14.30 17.19 16.85 15.14 15.02 26.32 26.33 16.91 15.92 15.45 27.82 19.61 20.17 16.07 16.26 21.64 12.83 12.83 13.21 11.44 11.42 14.74 14.74 9.77 9.45 5.63 7.51 3.59 4.53 4.32 6.20 1.19 12.33 16.24 16.76 16.34 11.78 22.30 22.95 21.09 12.84 17.55 19.19 23.07 19.40 32.18 34.75 29.20 37.00 36.40 35.43 21.58 36.23 37.40 28.48 25.94 31.56 35.66
1.79 5.93 6.71 8.11 8.94 9.39 11.31 10.95 11.87 8.41 14.48 17.00 9.98 10.81 19.51 17.79 20.75 19.94 18.95 12.88 9.98 14.82 21.57 18.51 15.53 14.77 24.45 26.20 17.32 16.08 23.19 25.19 26.90 26.49 25.12 24.04 23.48 20.01 17.26 18.97 16.95 15.88 16.27 15.26 14.15 9.95 11.50 12.35 10.95 9.64 6.92 2.23 3.83 10.68 15.87 16.30 17.56 6.89 10.05 10.08 12.59 12.87 16.02 19.68 22.44 19.15 34.69 24.22 35.06 37.65 35.07 22.51 36.67 37.78 38.00 28.31 28.11 34.94 36.59
4.28 9.48 7.23 9.21 9.63 10.31 7.29 11.49 5.92 6.21 16.27 18.76 9.64 10.28 13.89 20.84 23.01 20.17 21.99 21.31 14.10 14.28 18.29 23.10 17.61 16.14 16.36 28.86 25.34 24.70 24.40 23.24 27.75 26.05 26.14 25.27 25.09 24.36 18.26 16.54 16.49 17.17 16.55 15.06 13.38 11.13 13.69 14.46 11.62 6.88 6.60 6.68 7.22 10.00 12.72 14.19 9.23 11.76 5.60 23.91 17.55 13.94 16.41 24.42 19.44 33.61 22.87 34.74 34.93 35.03 23.32 37.40 38.22 38.64 29.34 35.55 34.56 34.35 37.47
3.98 9.98 7.08 11.04 10.10 11.05 12.19 13.54 14.17 14.75 16.10 19.99 13.61 11.44 13.86 14.31 24.03 19.86 20.33 14.34 15.00 13.40 16.55 29.81 23.84 17.60 16.02 28.68 27.43 26.22 23.46 25.03 27.81 26.37 26.81 25.22 25.45 24.76 20.18 16.34 17.86 18.42 16.14 14.59 15.32 14.14 12.64 11.60 7.56 5.73 7.11 8.39 9.84 10.31 9.78 7.65 2.67 11.21 20.82 8.44 16.36 17.20 21.75 21.65 30.50 21.49 30.19 32.95 32.46 21.06 36.65 28.60 28.33 35.96 34.22 33.14 28.85 32.69 37.33
7.96 10.82 7.34 8.09 11.57 11.04 12.01 8.74 15.13 17.41 18.20 19.94 22.37 12.26 10.76 13.08 24.61 21.57 12.91 12.85 14.32 15.71 17.77 21.87 28.95 18.45 26.65 26.68 28.03 24.52 20.40 25.81 27.84 23.67 24.86 25.28 24.62 25.36 19.27 17.61 17.94 18.65 15.87 14.93 16.92 10.94 10.03 7.96 8.43 3.20 4.33 5.92 11.69 11.87 6.61 6.26 6.89 5.89 10.73 13.54 15.65 22.22 25.12 14.77 24.89 28.14 31.07 30.20 22.55 34.81 27.53 33.42 34.07 31.50 30.49 22.65 31.27 33.28 35.94
9.79 11.10 11.55 12.08 12.11 12.83 13.72 14.65 15.47 6.54 18.85 21.33 23.82 15.56 12.28 10.87 20.31 20.05 21.80 11.46 13.64 14.92 17.57 22.21 30.58 19.50 17.69 29.99 27.19 18.20 21.04 27.92 23.72 20.56 25.48 25.79 25.42 24.65 22.16 19.82 20.09 18.87 18.00 16.40 15.17 11.25 7.14 3.97 1.46 2.81 12.18 11.84 10.80 8.39 8.32 11.52 9.55 10.30 13.87 16.63 19.58 23.16 17.29 27.99 22.34 28.71 30.05 28.67 23.45 27.24 33.34 32.49 30.77 20.03 30.40 20.39 31.23 32.45 33.96
9.59 11.22 10.21 11.58 12.47 12.70 13.39 14.83 17.58 19.11 21.54 10.71 12.25 21.88 8.43 6.97 10.73 19.51 18.86 10.44 13.47 15.70 15.92 20.48 35.46 20.80 18.39 28.48 25.56 20.36 21.61 26.31 21.08 20.18 26.61 25.42 25.14 24.88 25.34 25.71 23.85 18.87 19.46 20.33 10.82 13.44 11.63 6.38 11.61 10.66 11.86 14.01 13.73 12.10 11.01 11.18 10.19 13.46 17.49 20.20 19.23 15.42 15.18 17.96 25.87 28.24 29.54 26.93 26.71 32.51 30.87 24.03 22.64 31.38 23.90 25.88 29.59 31.04 34.00
9.91 11.47 11.79 13.45 12.89 14.48 14.46 15.09 17.33 18.17 21.31 24.95 24.15 21.14 17.84 8.41 9.11 8.94 21.29 10.03 13.36 16.93 18.16 19.95 23.72 27.81 19.17 25.30 28.28 23.42 20.70 25.17 22.94 22.98 26.11 24.61 24.52 26.13 25.03 25.90 23.45 19.27 20.34 15.26 14.29 6.63 12.33 13.23 9.63 11.40 13.20 14.17 16.28 13.93 13.29 11.28 12.73 14.61 17.84 15.78 10.51 24.12 19.90 25.18 26.45 25.75 26.46 25.50 27.43 29.35 24.73 31.04 31.51 24.82 24.80 30.46 30.40 32.81 35.85
8.61 10.62 12.11 13.14 13.63 13.75 14.46 16.26 17.90 20.00 23.05 23.57 21.95 20.09 8.77 8.04 7.65 7.84 20.99 20.75 14.81 27.37 18.80 19.05 22.03 29.59 20.26 22.67 27.21 21.06 18.29 24.37 21.08 22.02 25.96 25.77 26.90 26.75 26.06 27.16 21.40 20.07 14.09 14.18 12.20 5.98 13.46 11.55 12.92 10.66 7.36 15.54 16.64 10.56 8.62 11.91 13.87 14.10 15.30 10.20 15.70 16.87 25.07 27.15 24.07 24.80 27.93 27.55 28.47 29.49 24.70 25.01 24.56 26.13 23.38 31.88 32.67 34.56 36.12
9.22 10.03 10.20 12.35 13.18 14.01 14.62 16.98 19.11 21.59 23.43 22.57 19.91 18.87 16.36 17.90 7.79 7.82 18.18 23.06 14.96 29.28 19.19 17.95 20.96 29.13 21.18 25.22 28.01 20.08 18.52 24.23 21.48 23.63 26.44 25.94 26.71 26.63 26.88 26.54 26.47 16.94 19.68 11.57 8.05 5.55 14.20 14.38 13.07 13.86 18.86 17.93 13.54 9.94 10.83 14.89 15.00 15.37 14.89 14.13 15.30 23.61 26.67 26.31 26.30 30.88 26.61 26.57 26.52 27.02 27.52 25.19 30.34 23.29 31.13 31.97 33.02 34.02 34.52
9.61 10.82 11.43 11.01 12.42 12.49 15.84 17.32 19.02 24.00 22.88 20.66 17.84 17.75 8.72 9.82 8.06 19.85 20.25 25.00 26.87 31.19 31.68 18.19 19.92 24.05 22.17 24.39 26.67 18.93 20.27 22.22 23.59 13.84 27.13 27.37 28.19 26.87 25.01 18.65 29.69 18.74 14.13 16.78 6.97 13.62 16.52 12.64 15.34 16.24 19.19 19.72 12.95 10.84 16.13 18.85 17.18 18.56 18.39 14.31 21.12 20.64 28.63 28.18 24.07 24.66 24.66 24.19 23.39 23.16 24.98 27.62 22.91 21.83 31.01 31.44 32.14 32.35 32.23
7.22 8.06 12.12 14.99 14.17 13.53 15.41 9.83 8.66 11.12 21.18 20.63 19.36 18.27 9.28 9.84 8.62 16.58 22.61 24.81 28.47 30.92 30.47 28.88 19.33 23.95 26.00 27.46 23.67 19.20 17.48 21.43 24.75 27.23 27.53 28.11 28.95 28.77 17.17 20.88 26.75 19.04 12.57 8.97 13.29 18.37 17.43 15.88 16.52 19.39 19.94 19.02 14.81 14.25 18.96 19.61 21.18 22.04 22.53 24.53 23.71 19.90 20.93 29.57 30.85 30.77 28.08 25.02 22.89 18.41 24.88 26.65 28.15 29.78 30.42 30.57 30.48 29.78 29.12
6.60 10.75 11.96 15.50 15.76 16.61 17.04 20.09 21.59 10.83 10.35 20.12 19.09 19.61 22.25 11.07 10.13 8.31 20.34 24.71 28.08 30.22 30.28 31.45 19.75 23.38 28.53 26.18 23.12 19.04 16.52 21.44 28.36 27.75 28.96 27.73 29.13 28.90 18.95 23.28 23.27 16.48 10.61 13.55 20.15 18.34 19.05 14.13 17.98 21.69 19.91 19.48 19.30 19.03 21.76 20.68 22.59 24.67 24.38 26.03 28.46 30.04 31.45 28.55 26.42 21.68 19.12 16.76 14.93 24.64 20.70 27.77 26.96 28.26 28.36 28.27 27.89 26.95 25.89
13.12 14.61 16.23 17.05 17.25 17.02 17.57 18.49 21.52 22.01 12.43 20.15 19.86 18.46 19.55 20.92 11.91 8.90 20.60 25.14 26.11 28.96 29.90 29.26 33.60 35.40 30.83 27.66 22.57 18.73 18.26 26.51 28.73 16.74 29.04 29.05 27.49 17.83 20.76 23.37 16.54 14.89 10.59 15.44 20.52 18.61 14.63 17.00 19.73 23.31 18.16 21.79 23.35 21.18 20.82 21.38 24.45 26.55 24.59 24.94 27.87 28.84 24.90 23.05 20.26 19.05 20.83 16.82 19.55 21.91 27.90 24.63 24.47 24.78 24.81 24.28 24.23 24.34 25.20
13.50 14.99 16.12 15.55 16.55 15.70 17.78 19.54 19.98 20.63 20.22 21.09 19.60 19.41 20.11 11.19 11.79 17.00 22.52 28.90 27.40 29.97 29.83 21.39 30.20 34.38 32.59 25.72 22.38 15.88 21.81 28.01 25.34 30.38 27.92 29.15 16.49 18.61 22.02 29.73 19.62 15.02 11.19 9.28 16.45 14.82 16.09 19.10 21.78 22.76 21.66 24.65 24.89 24.34 22.66 23.10 28.20 23.51 26.86 26.82 26.48 24.53 22.35 22.85 20.12 21.87 23.01 17.04 22.88 26.69 25.64 22.17 22.17 22.47 21.73 20.40 20.31 21.59 22.76
14.21 15.11 16.11 15.58 15.24 18.15 19.00 20.76 20.34 17.61 19.37 19.56 18.31 14.37 19.22 8.74 10.60 11.22 24.23 17.77 27.81 28.75 27.26 20.78 26.49 32.33 32.11 25.29 21.74 18.73 26.76 28.48 28.61 29.88 26.43 26.55 16.80 19.74 22.59 27.16 19.22 15.14 11.49 15.68 16.10 16.47 17.54 23.72 22.80 25.24 26.29 26.82 26.59 24.81 22.17 27.27 29.59 21.79 27.70 27.46 24.65 24.41 24.86 26.15 24.95 26.24 27.03 25.08 23.51 23.86 25.87 20.16 19.05 21.15 21.73 21.65 18.53 18.79 20.05
13.14 14.68 15.14 15.28 14.24 16.51 18.68 20.47 20.15 17.59 18.94 19.84 18.49 19.62 21.58 21.87 22.01 24.00 26.56 28.38 29.06 30.81 28.03 24.38 26.29 32.67 30.32 24.10 21.18 23.31 28.24 28.23 30.59 19.07 25.51 26.79 18.13 20.86 29.55 27.80 22.53 20.69 11.63 9.21 17.03 21.82 23.80 24.23 24.78 24.10 27.81 28.65 29.23 22.77 25.21 28.93 24.44 24.83 28.32 23.46 22.91 27.15 30.13 27.50 25.50 26.21 27.83 19.07 23.46 25.40 19.95 17.56 18.23 17.66 17.00 18.83 18.94 17.53 17.48
10.26 12.53 13.18 13.76 13.32 13.68 16.77 19.34 19.75 16.90 18.38 17.79 21.87 19.92 20.11 18.15 22.30 25.74 27.92 31.27 28.23 26.54 25.06 31.87 29.65 31.39 26.70 23.07 23.69 27.14 28.19 30.60 25.65 25.10 15.93 17.80 20.20 21.91 29.47 26.74 23.68 20.19 11.93 9.27 18.30 22.68 24.34 26.59 24.71 25.98 27.50 29.68 19.74 27.13 27.26 24.04 24.13 25.49 25.34 24.90 25.40 28.26 29.13 24.28 26.18 25.13 24.76 27.13 25.14 21.82 18.28 19.40 19.47 19.16 18.76 19.89 19.78 17.13 16.95
6.21 9.43 11.66 12.40 13.70 14.42 17.62 20.78 20.38 17.68 18.65 17.65 17.52 18.37 19.31 19.18 18.20 24.86 27.73 33.44 28.00 26.68 24.02 20.23 30.64 33.54 26.76 23.59 25.40 27.26 29.18 30.77 22.02 24.76 16.31 20.17 21.63 22.67 24.25 24.06 20.50 16.58 11.79 9.05 18.69 19.57 22.37 23.48 27.37 30.69 28.97 29.85 25.28 29.38 20.66 20.99 25.29 26.25 28.86 26.31 26.23 27.95 25.29 23.05 24.40 25.15 24.62 23.26 20.78 23.39 19.71 19.77 18.18 14.78 16.93 18.66 18.54 17.36 17.58
4.20 7.04 9.19 11.79 11.90 14.34 16.53 19.85 19.28 16.36 18.15 19.23 15.97 16.58 17.19 19.40 20.97 26.15 25.77 29.95 29.46 25.94 28.52 31.78 35.73 36.23 29.03 28.14 28.03 27.68 30.93 26.96 20.18 25.26 17.55 21.25 29.62 22.65 32.36 23.08 19.65 14.69 10.25 8.59 19.17 23.82 27.61 25.70 29.96 26.77 31.18 29.11 30.78 26.16 20.15 23.89 23.81 29.71 32.04 25.07 27.21 27.69 25.11 25.26 22.46 25.50 24.28 24.82 20.15 19.17 16.24 15.60 16.46 17.60 16.76 15.97 15.47 17.49 19.17
9.53 10.69 12.86 12.76 12.68 15.94 18.21 22.05 19.63 16.93 17.50 17.93 14.70 14.55 19.22 19.71 20.39 23.53 27.22 33.46 31.45 27.28 26.42 29.07 34.96 37.80 31.88 30.32 28.60 25.97 27.86 24.37 19.84 28.63 17.72 20.83 21.31 22.74 30.59 22.62 17.40 11.83 8.72 8.42 20.94 21.61 23.62 28.61 32.29 29.94 30.71 21.88 21.29 20.91 21.45 23.73 23.87 31.10 28.33 25.73 29.18 27.74 27.61 23.69 22.76 22.78 19.79 18.94 18.16 14.07 12.74 14.69 16.18 14.07 16.75 15.19 15.01 17.26 18.41
7.20 9.47 13.16 7.32 15.63 17.17 20.05 21.41 20.65 17.59 16.15 18.24 18.11 15.81 15.50 19.98 21.58 26.25 31.54 31.33 29.34 27.10 27.16 21.87 23.29 41.19 33.30 31.15 27.92 24.63 29.17 28.66 23.14 29.08 25.85 20.80 21.96 23.49 32.21 21.86 14.44 9.69 8.34 19.02 22.35 27.92 29.43 32.34 29.91 30.86 22.70 22.20 22.31 21.66 22.52 23.81 23.55 24.11 25.47 31.44 32.77 30.77 25.72 24.60 22.65 21.57 18.39 17.21 14.91 13.25 14.21 14.21 14.92 13.50 14.27 14.83 16.87 18.63 19.27
6.79 10.58 5.22 6.56 16.37 17.22 19.25 21.14 21.22 17.11 16.15 18.06 17.89 14.74 15.39 17.71 20.79 24.57 30.31 31.74 29.91 26.92 25.09 26.33 25.13 46.07 38.98 31.28 29.42 30.68 34.36 32.55 26.80 29.26 31.94 21.11 23.11 30.08 28.88 20.40 12.56 19.40 15.35 18.88 24.72 26.83 27.59 31.84 32.09 31.48 22.93 23.27 23.73 23.79 24.60 31.39 33.05 34.85 35.99 27.49 25.72 31.24 22.15 22.07 21.64 21.34 17.53 16.65 14.54 14.22 14.72 13.71 13.14 13.83 15.98 15.42 16.34 18.40 16.37
7.24 11.17 12.07 13.53 14.44 16.06 18.88 21.78 21.33 17.70 16.11 15.15 17.14 17.09 16.25 16.65 20.60 24.64 29.89 32.95 30.38 27.93 24.99 24.35 29.76 45.66 44.73 30.26 32.72 40.56 40.03 30.69 25.91 25.70 30.53 21.06 24.37 34.35 22.48 17.24 10.92 19.11 20.13 24.82 26.14 28.69 29.89 34.36 33.22 32.23 23.78 24.51 24.85 24.79 25.81 35.49 36.20 36.79 26.51 27.56 26.33 27.26 22.40 27.58 26.26 20.67 17.46 16.11 16.61 13.21 14.03 13.93 14.23 15.28 14.70 17.75 16.23 18.03 18.82
5.85 5.92 5.70 13.91 13.15 13.99 19.79 21.34 22.15 17.98 15.88 16.43 16.26 18.69 15.34 15.92 19.67 24.62 29.49 32.47 31.85 28.05 24.33 24.28 28.36 44.96 47.44 30.71 34.74 47.08 38.23 28.00 24.21 26.87 30.91 27.85 36.49 32.17 21.13 16.53 19.45 22.68 23.23 25.67 27.30 31.10 33.53 34.25 32.78 24.18 25.07 25.69 25.33 25.03 26.20 26.12 25.14 25.48 27.39 27.99 31.35 28.23 25.29 24.73 22.28 20.56 14.58 12.45 11.63 11.57 13.03 12.45 13.44 13.75 16.80 13.34 13.55 13.84 17.33
6.12 11.96 11.11 12.22 13.59 15.80 19.96 23.02 21.39 18.29 17.59 18.10 14.84 17.41 16.63 19.03 20.35 24.07 28.67 31.84 31.72 28.65 23.74 23.56 26.59 42.48 50.49 37.51 39.09 47.63 36.89 28.99 26.30 29.27 35.11 39.61 34.89 26.50 20.34 18.99 20.91 23.32 24.27 26.80 29.55 31.73 31.99 33.89 33.96 24.54 26.05 26.39 25.36 24.91 26.31 26.28 25.94 26.59 27.85 27.90 25.94 28.57 22.35 20.78 18.12 12.11 12.76 10.96 10.80 10.33 10.92 12.15 13.61 15.97 14.16 14.76 14.35 16.31 14.36
10.71 10.64 10.03 11.13 13.72 16.18 17.99 21.00 22.22 19.91 15.94 18.05 10.19 18.56 16.47 18.92 21.04 24.14 28.49 32.01 31.44 28.63 24.91 23.71 22.68 32.36 52.30 48.87 47.81 47.50 35.48 31.39 32.56 34.82 37.21 36.74 28.17 22.44 21.33 20.70 21.20 23.88 24.57 26.88 30.94 34.09 34.39 35.51 31.90 24.60 26.69 26.59 25.04 25.49 26.57 25.87 25.99 27.07 28.17 27.61 25.44 22.74 29.04 18.76 15.98 12.86 11.11 10.31 11.59 11.17 11.57 12.58 13.34 14.17 14.93 14.63 13.95 15.43 15.64
9.56 11.09 9.60 11.29 13.20 15.36 20.11 19.92 19.86 19.48 19.21 16.70 15.38 13.26 17.83 17.69 20.86 24.57 29.61 33.33 33.16 29.80 27.04 22.99 23.28 31.28 45.25 52.35 55.70 46.64 37.57 36.33 38.59 37.09 36.31 33.15 26.00 23.38 20.95 20.31 21.57 22.84 24.88 29.14 33.05 34.60 35.29 36.89 24.89 25.55 27.06 27.51 26.04 26.05 25.62 23.70 26.08 27.96 28.09 26.54 24.36 21.62 19.56 17.35 14.68 11.89 12.49 11.40 11.60 12.10 12.27 11.98 11.22 11.86 12.53 12.59 12.74 13.41 13.62
1.56 7.49 10.50 11.77 12.78 16.01 18.57 20.93 18.88 17.98 16.49 17.37 17.63 6.73 13.94 17.18 19.57 21.91 26.35 31.38 32.16 27.44 26.00 23.04 23.32 31.04 39.54 49.13 57.94 48.14 41.42 41.53 38.96 35.53 32.85 27.02 22.99 24.47 19.81 20.05 20.69 22.80 27.07 30.88 32.15 34.46 35.38 23.26 25.93 26.44 27.25 28.73 28.05 25.54 25.03 26.08 27.05 28.11 27.97 31.33 28.58 26.35 19.16 21.56 17.83 13.78 11.03 10.24 9.29 9.53 9.84 11.95 13.23 13.21 14.09 14.45 14.33 14.31 14.29
3.51 1.67 8.75 9.46 11.02 14.17 18.47 19.95 18.41 19.42 18.66 15.27 16.88 16.25 13.77 15.17 18.19 23.41 26.19 30.68 30.15 24.80 23.22 22.99 26.43 35.16 42.56 45.81 53.24 47.86 44.33 43.42 34.53 30.56 24.52 19.46 23.51 25.77 19.69 20.12 20.65 23.32 28.18 32.11 34.41 34.80 34.69 23.59 26.17 27.19 27.38 29.22 29.72 25.79 24.94 27.53 27.97 27.50 27.04 30.97 27.94 25.76 18.31 19.81 15.98 13.36 12.65 12.47 12.63 12.62 12.67 14.17 15.76 16.80 17.22 18.22 18.90 18.40 17.07
4.64 1.60 3.16 11.21 13.16 16.67 19.18 19.26 19.65 15.77 17.24 17.70 19.41 15.74 13.95 17.73 18.37 22.86 29.10 31.65 29.25 24.51 22.99 25.21 32.82 41.36 37.45 44.29 49.14 46.92 47.34 44.24 29.72 23.54 19.84 20.12 24.22 23.67 22.24 23.75 21.32 23.70 28.96 32.45 34.55 34.39 33.51 23.34 24.48 26.78 27.84 29.03 30.44 28.55 26.68 27.96 27.22 25.24 31.42 28.46 25.56 23.43 21.22 18.37 16.03 11.07 10.62 10.25 10.35 10.68 11.42 12.01 12.77 14.98 14.31 14.78 17.83 18.15 14.93
3.97 3.59 5.71 2.96 10.00 13.56 18.29 20.35 18.65 18.33 18.49 16.24 13.82 12.96 18.80 19.87 19.23 22.61 27.40 31.24 32.68 30.92 26.67 27.29 32.25 36.83 44.91 41.81 45.13 45.64 47.70 44.22 24.96 18.53 17.52 17.86 19.93 19.16 20.03 21.32 23.06 26.63 30.16 32.37 35.42 31.90 33.25 23.24 23.44 25.20 27.76 29.72 30.70 30.33 29.45 28.30 25.45 22.86 21.90 20.67 19.08 22.45 19.84 17.15 14.93 13.25 11.92 11.14 10.64 11.23 8.68 8.92 10.11 11.90 13.54 16.19 17.44 18.04 16.98
7.37 6.52 6.43 4.62 1.75 15.02 17.25 17.83 18.17 18.15 20.31 19.33 22.17 19.28 12.53 20.46 18.42 21.88 27.29 30.32 32.13 33.74 34.99 38.48 34.59 37.47 36.62 37.46 42.03 46.16 47.36 41.87 21.00 13.18 13.94 14.02 14.13 14.45 17.81 20.61 24.16 27.32 30.21 32.36 37.57 35.47 34.01 24.06 24.67 25.86 28.20 31.09 32.52 31.53 30.39 29.14 26.78 23.73 21.02 18.18 17.21 15.55 18.40 15.32 12.81 11.76 10.95 7.69 5.73 6.50 8.68 10.71 11.96 15.50 16.26 16.20 15.95 15.99 16.21
