examples/cougarCreek-fire/createInputs/WindNinja/wrfout_d3.2015081000.f23/cougarCreekFire_08-10-2015_2300_217m_non_neutral_stability_ang.asc
ncols	146
nrows	140
xllcorner	610065.000000
yllcorner	5095217.000000
cellsize	216.586807
NODATA_value	-9999.000000
[rows 42 to 83 of 140, columns 0 to 93 of 146]
290 290 290 290 288 292 290 294 294 295 297 285 281 271 266 263 261 269 279 282 282 275 261 247 260 271 270 262 259 256 237 242 261 275 310 305 312 330 321 19 109 151 149 143 133 119 135 174 172 178 167 172 168 162 158 155 152 149 145 142 140 138 134 130 128 126 125 125 126 127 127 127 126 125 125 127 130 133 136 139 166 161 127 127 146 147 147 146 148 150 153 156 156 142
291 291 292 292 290 260 292 293 295 296 285 276 264 262 260 261 267 274 278 280 276 261 248 256 266 273 265 259 259 255 236 226 227 297 304 296 296 328 319 324 358 94 113 116 221 209 193 181 135 167 178 174 170 165 161 157 153 149 121 142 140 138 135 134 134 134 134 135 135 134 134 134 133 132 131 130 131 132 136 139 139 140 142 128 146 148 148 148 148 149 152 154 159 151
292 292 294 294 294 289 293 294 295 282 270 265 263 263 261 263 263 264 272 271 264 258 256 258 267 268 260 257 259 256 237 229 221 216 262 292 282 308 314 314 271 280 241 232 221 209 146 149 176 185 181 178 173 169 165 161 158 154 150 147 146 145 135 134 134 132 131 131 131 131 129 128 127 126 124 139 137 136 138 140 141 140 168 128 146 136 149 149 149 150 151 153 157 152
292 293 295 295 290 291 292 294 295 266 266 263 267 273 268 263 261 267 277 274 267 260 259 259 264 264 258 256 261 253 237 231 223 215 216 224 251 289 313 303 324 244 238 229 219 176 157 185 191 189 186 158 177 172 168 165 162 158 154 146 145 145 127 119 113 112 117 116 114 117 120 127 126 125 124 123 122 126 141 142 143 142 170 130 146 146 135 148 149 151 152 153 156 145
294 294 261 296 290 290 268 271 265 266 263 267 276 272 265 262 262 281 281 279 273 261 250 246 260 260 258 261 262 252 234 230 225 218 201 211 211 200 174 348 262 259 251 270 157 163 179 191 179 192 190 188 182 174 169 167 165 161 156 133 125 120 112 110 110 115 117 114 121 132 133 132 128 126 126 130 132 124 141 144 145 143 140 154 127 147 147 147 148 150 151 153 155 160
293 265 287 296 297 290 270 265 264 263 267 276 279 274 273 281 295 290 283 277 266 249 246 242 255 259 260 264 261 250 239 230 226 219 203 216 200 185 182 161 7 108 164 166 179 181 203 199 196 194 191 191 183 175 169 165 164 157 122 121 120 117 118 121 124 125 125 126 131 132 130 127 123 126 128 130 134 132 123 143 146 145 142 141 126 147 148 148 148 150 151 151 154 158
293 261 268 272 265 268 264 265 272 268 276 295 282 284 296 297 292 289 281 272 264 251 247 251 260 262 269 265 263 256 246 238 234 222 209 232 206 194 186 195 184 184 191 177 192 182 205 169 196 193 191 208 178 166 164 143 127 136 153 154 147 134 133 142 141 138 136 134 132 127 122 120 123 123 126 128 129 140 126 141 145 145 143 142 161 130 148 149 149 151 151 151 153 157
262 284 264 270 287 264 270 290 291 276 279 296 297 298 289 280 274 270 267 266 264 245 247 261 261 264 267 263 263 266 249 245 246 224 208 237 216 183 186 183 193 187 188 191 174 207 175 198 194 191 211 180 176 152 134 137 137 140 146 154 161 161 156 142 130 129 127 123 122 122 120 120 118 124 125 126 125 122 117 123 144 145 142 141 143 146 158 119 150 152 117 153 152 155
286 269 269 284 283 297 298 293 293 293 296 298 299 288 275 270 269 268 267 266 265 248 248 247 253 259 273 262 268 262 245 247 246 224 214 223 204 184 187 194 182 188 184 192 195 186 176 175 179 187 178 176 183 182 174 153 166 162 145 147 157 162 164 162 137 124 121 116 116 114 115 115 121 124 127 124 118 117 118 124 145 144 141 140 141 143 146 149 150 129 119 118 155 156
285 286 284 285 297 298 292 293 294 296 299 301 300 281 273 271 270 268 267 267 268 266 248 250 245 259 263 277 272 258 245 249 239 225 214 217 209 190 191 196 190 182 180 180 209 204 199 197 194 188 186 186 188 188 189 126 168 163 161 143 145 156 164 166 159 147 138 127 128 140 144 132 135 138 141 142 142 144 145 134 146 146 144 141 140 141 142 145 148 150 138 124 115 159
266 284 267 298 299 292 293 293 283 297 299 282 276 275 273 272 270 269 269 268 268 267 266 287 252 286 285 282 269 251 241 246 236 224 217 213 199 186 191 188 184 181 183 177 175 202 198 202 198 196 192 192 191 191 190 210 151 166 138 141 140 142 158 158 161 156 156 151 147 150 149 154 149 145 145 144 144 143 143 144 127 146 146 145 143 142 141 142 144 147 151 154 157 159
287 269 298 299 291 290 279 278 281 286 278 279 297 294 292 291 291 271 270 270 259 269 265 248 265 287 277 267 256 241 233 240 238 225 216 209 194 192 177 178 181 187 196 184 174 201 195 204 201 197 195 193 191 192 189 189 162 157 167 164 161 162 166 160 157 155 152 148 148 147 146 144 143 143 143 143 127 121 143 144 144 145 140 146 146 145 143 143 143 144 146 150 155 158
291 272 290 289 274 273 278 281 283 283 279 298 294 292 273 273 290 274 272 272 291 291 260 247 267 273 262 253 253 241 231 244 243 225 254 205 200 185 180 184 188 184 199 200 215 205 198 206 202 198 195 192 190 187 189 183 178 175 173 171 168 171 166 160 156 153 150 148 147 146 144 143 143 143 144 144 144 144 144 143 142 143 144 144 145 146 145 145 145 144 145 149 152 156
291 286 289 274 291 286 289 281 278 279 297 296 293 291 275 274 290 274 292 292 267 253 251 257 259 260 253 254 258 242 228 246 242 227 209 260 210 214 202 190 186 184 188 202 219 212 211 207 203 199 196 193 190 187 185 182 179 183 180 177 177 173 167 162 158 153 151 149 148 147 146 146 145 145 144 144 143 143 143 142 143 145 133 120 146 146 146 147 147 148 148 150 152 154
282 298 284 283 298 285 291 277 295 295 293 291 292 292 276 289 290 290 296 256 256 251 248 259 263 257 260 266 260 240 231 242 243 227 216 198 214 214 205 202 197 197 190 183 200 214 210 211 206 199 196 194 192 189 187 186 187 185 182 180 177 173 169 165 162 159 156 154 152 150 150 149 149 147 145 143 143 144 144 144 144 125 144 145 146 129 148 149 149 150 151 151 154 155
296 299 282 297 297 299 291 291 301 300 300 287 300 301 288 288 287 277 264 256 253 249 249 281 263 257 265 267 251 234 237 250 252 239 218 215 214 208 197 200 198 197 188 189 182 214 213 212 208 200 195 193 193 192 191 191 189 187 184 181 177 173 170 167 164 162 160 158 155 153 152 151 151 150 148 147 147 147 146 115 146 145 144 144 144 145 146 147 145 146 151 152 153 156
298 300 301 299 300 294 288 301 300 300 288 288 300 299 279 287 292 295 296 289 253 249 290 289 264 262 281 265 242 238 250 254 253 242 204 223 207 207 189 200 188 182 186 191 186 187 203 210 206 200 196 192 174 195 195 193 190 188 185 182 178 175 172 168 165 162 160 159 157 155 154 153 152 152 151 151 126 121 121 116 148 148 147 146 145 144 145 129 147 148 150 152 153 154
297 301 303 302 303 288 301 301 300 286 288 300 287 298 297 297 297 296 297 297 255 282 292 282 259 281 282 258 241 247 259 253 244 236 219 213 208 206 205 207 202 188 185 194 195 185 185 206 179 200 196 196 195 197 197 194 192 189 186 184 181 178 174 171 168 165 135 161 158 157 156 154 154 153 130 108 120 119 122 121 150 149 149 149 148 147 147 148 148 149 149 151 152 153
297 302 304 303 288 300 300 300 284 290 299 299 299 300 300 301 295 296 298 297 264 263 263 255 278 282 267 253 253 261 259 247 240 235 224 216 199 207 205 206 205 200 196 186 195 194 192 184 181 200 204 160 192 197 197 195 194 191 188 186 183 180 176 150 141 169 167 165 162 160 158 156 130 125 120 119 123 114 122 125 122 122 122 122 119 119 119 149 149 149 149 151 152 153
298 301 302 301 301 299 299 301 300 300 300 301 303 305 304 301 285 298 297 290 282 252 255 280 282 281 278 261 263 259 248 240 240 233 224 216 212 206 207 205 206 200 198 185 181 185 183 182 181 200 207 204 201 199 198 197 203 192 184 183 180 176 166 153 174 172 170 168 165 163 143 127 122 119 124 114 120 126 134 136 134 136 132 133 134 132 132 129 150 150 150 150 151 153
300 302 301 299 299 298 299 300 299 300 302 306 306 303 295 276 299 298 299 287 282 254 249 262 281 279 266 265 263 255 242 241 247 233 221 217 211 209 209 209 206 201 199 200 185 184 182 185 185 202 209 206 204 179 201 199 199 196 160 140 175 180 172 167 162 164 171 169 156 136 113 117 113 124 111 123 129 131 129 134 133 134 135 134 149 130 130 130 150 150 150 150 151 151
304 303 299 298 298 297 298 299 301 305 307 305 303 300 289 284 300 301 290 257 253 251 249 252 278 277 266 266 261 253 245 250 249 227 219 217 215 209 210 211 208 202 200 203 199 196 195 184 181 203 211 209 208 177 203 202 204 200 170 166 191 188 128 124 121 159 157 147 155 124 120 120 117 115 120 127 132 140 130 129 133 152 136 134 150 125 125 128 150 151 151 150 154 152
307 305 301 299 299 299 301 304 307 307 302 300 304 305 280 298 299 296 284 257 283 277 249 252 263 261 266 265 256 251 249 243 239 229 221 217 221 213 213 216 209 203 182 198 201 198 197 211 208 180 203 212 210 208 205 205 205 197 200 169 194 193 189 161 152 146 151 156 172 159 137 147 146 146 142 130 138 136 121 121 127 133 152 151 150 150 151 132 150 150 151 151 151 152
309 307 303 301 302 304 307 308 307 297 292 292 286 282 298 296 297 292 283 259 293 276 252 249 260 273 275 266 259 256 250 236 232 229 222 223 222 217 216 220 212 202 185 201 202 199 200 198 209 209 202 214 211 211 200 208 207 205 204 165 198 194 192 167 162 150 151 151 166 168 141 138 145 151 146 124 109 115 115 117 117 116 118 119 118 120 150 150 150 151 150 150 153 152
311 308 304 303 308 311 310 305 299 295 291 286 275 280 295 297 301 286 298 281 294 292 291 290 256 275 277 275 264 258 244 234 231 228 227 225 223 218 221 223 216 205 198 180 223 219 216 214 211 206 208 203 216 175 212 210 210 208 206 204 148 198 166 170 168 159 167 157 146 140 138 150 135 143 145 123 121 119 108 116 120 123 120 115 110 110 152 151 150 150 150 152 151 152
314 311 307 305 308 310 308 302 297 293 285 278 272 278 294 300 303 284 298 255 279 277 290 289 253 275 277 276 260 246 237 233 230 230 227 225 227 223 221 230 216 211 202 233 225 191 183 184 177 203 188 205 201 217 193 213 212 210 209 133 205 164 165 197 171 161 161 185 182 137 134 135 139 144 155 169 165 164 163 161 160 159 156 154 154 153 123 120 152 151 150 151 151 152
316 313 309 302 302 300 297 296 284 283 274 297 294 303 291 300 304 262 282 280 280 255 291 251 250 287 284 277 252 243 234 232 230 227 226 229 227 224 225 227 221 222 238 245 235 226 220 177 210 188 182 223 221 220 219 179 214 212 212 180 154 165 177 163 179 172 170 188 185 157 131 126 143 142 134 161 167 146 164 161 122 107 104 111 119 124 152 119 152 152 151 152 150 150
314 312 307 297 295 280 278 279 280 280 273 275 269 303 290 300 304 302 261 296 275 255 250 248 252 286 284 276 247 243 241 234 229 231 228 232 231 227 226 229 231 237 214 238 233 225 220 217 214 211 208 224 223 223 222 221 182 215 215 214 145 209 207 146 158 152 148 192 189 187 154 136 134 149 130 133 145 168 103 165 163 161 159 157 155 153 153 153 152 151 152 152 151 151
313 310 306 296 292 275 275 279 280 278 273 274 272 296 294 301 304 301 261 296 295 254 271 254 274 286 281 267 246 243 250 232 230 230 228 239 230 226 227 235 234 228 223 235 232 224 182 182 216 213 229 227 226 180 225 224 221 218 217 217 209 213 211 208 205 137 140 152 193 191 178 156 146 149 145 141 138 170 119 111 113 109 111 109 114 156 155 155 154 111 154 154 153 152
315 310 306 305 291 274 276 289 280 276 276 274 304 269 300 302 305 300 262 296 260 257 290 273 288 286 279 250 239 248 249 236 271 269 231 233 232 226 228 236 229 226 226 213 235 231 221 179 215 212 213 229 206 182 178 226 224 221 219 219 218 190 214 211 209 207 204 126 149 195 192 164 148 142 141 145 147 141 137 130 165 163 134 169 105 111 110 109 123 119 113 114 115 156
315 310 306 306 290 274 277 289 278 276 276 275 277 290 303 303 305 300 278 295 294 292 290 274 288 282 274 248 243 252 247 235 231 229 241 237 228 246 227 237 229 220 238 231 204 233 225 180 216 235 215 232 176 189 229 228 227 225 222 221 221 220 180 184 175 210 124 205 202 157 196 157 142 130 131 142 158 152 154 146 131 129 137 167 157 153 145 152 154 155 157 136 130 128
312 309 306 306 288 277 278 288 275 274 276 276 277 302 297 303 305 299 296 295 293 292 291 263 289 281 256 249 259 266 238 235 232 240 250 238 248 221 229 239 228 221 239 233 213 233 183 224 221 237 213 235 177 233 185 231 230 228 226 224 224 223 210 174 167 165 179 149 137 135 135 137 139 137 138 147 161 157 159 159 133 127 131 151 168 161 140 138 148 154 154 153 135 129
308 307 306 305 287 277 278 277 274 274 274 275 304 270 298 301 303 299 296 295 294 292 291 276 289 278 253 262 268 245 235 234 233 258 251 233 248 222 230 242 232 221 222 227 238 232 227 226 222 222 237 179 178 234 233 177 232 230 228 226 226 225 224 183 164 163 163 164 165 173 175 164 164 195 154 156 162 160 160 164 151 130 129 133 148 162 149 128 130 149 155 155 150 131
306 306 305 289 285 285 285 276 273 274 285 278 272 268 299 302 303 299 296 259 294 292 291 290 281 273 255 269 249 246 232 234 243 262 244 232 248 227 229 237 232 219 219 238 239 215 247 181 242 220 239 239 185 236 235 198 181 233 230 229 228 227 227 210 170 184 162 181 178 167 207 205 169 170 196 162 160 165 160 158 155 131 119 124 133 150 154 139 126 127 145 156 158 147
306 305 305 286 284 284 286 285 274 288 304 303 303 269 300 303 303 299 269 295 294 292 291 290 274 257 258 254 247 244 236 236 246 249 229 251 248 231 244 236 233 220 219 225 240 239 193 246 243 220 240 240 238 237 237 213 181 234 233 232 230 230 229 227 191 170 168 168 181 163 176 186 183 169 177 177 160 166 168 149 143 130 131 127 132 150 143 142 132 124 159 130 158 159
306 305 304 284 284 287 288 283 285 292 305 294 304 302 300 303 302 298 296 295 294 292 291 274 266 259 257 252 246 249 245 233 250 241 234 251 266 232 245 235 244 236 233 234 241 241 217 246 244 221 242 241 240 239 239 214 181 236 235 235 177 232 231 230 206 176 176 173 162 170 168 179 181 172 202 198 194 165 178 159 151 151 137 134 138 166 147 131 133 127 118 160 128 159
305 305 304 282 285 305 286 275 286 290 289 275 303 302 301 302 301 298 296 295 293 292 291 273 252 256 254 251 247 252 250 231 238 232 247 268 267 242 238 243 238 235 235 234 237 236 232 208 246 221 221 243 242 241 240 240 180 182 181 237 235 234 233 232 231 179 171 170 163 221 217 215 167 169 204 201 181 184 133 152 164 167 155 145 144 168 166 146 143 145 136 128 161 158
305 305 304 284 284 304 285 282 285 286 286 274 271 301 301 301 300 298 296 295 293 293 261 290 289 254 254 253 248 251 251 231 231 233 246 268 267 242 246 241 238 235 234 234 236 234 232 230 196 246 221 244 243 242 242 231 241 180 193 238 237 236 235 234 233 211 165 162 159 223 220 218 215 167 182 189 200 196 133 141 160 172 167 156 145 170 168 167 166 165 164 143 135 161
305 304 304 282 283 304 303 283 284 284 282 274 283 300 301 301 299 298 296 295 294 293 274 290 248 253 255 281 249 256 246 233 231 242 246 268 267 242 254 231 239 237 234 234 234 233 233 240 236 247 246 245 244 243 243 243 243 172 222 238 238 238 238 172 235 233 172 161 164 169 167 167 218 214 163 172 202 198 174 150 152 166 180 178 176 172 170 169 168 167 165 165 165 135
305 304 303 285 304 304 304 285 282 281 280 285 282 300 301 301 299 298 297 296 294 259 291 290 260 260 283 281 257 235 255 243 242 237 246 244 242 236 243 264 262 261 236 233 232 233 234 250 244 248 247 246 244 244 245 217 182 242 229 217 239 239 239 238 203 236 213 169 166 174 150 165 168 217 213 209 204 201 179 161 151 186 183 180 178 175 172 171 169 169 167 165 166 136
305 304 303 281 304 304 304 285 281 275 280 303 281 301 301 300 299 298 297 296 266 256 291 289 261 250 283 281 242 235 254 249 244 231 246 244 242 252 246 264 262 262 239 234 231 232 235 252 238 226 248 246 245 247 221 220 223 183 222 229 190 241 240 239 238 238 237 183 170 176 178 176 193 160 216 151 173 204 201 169 159 190 186 182 180 178 175 172 169 170 169 167 169 168
305 304 303 303 304 304 303 285 281 273 283 304 273 301 274 300 299 298 296 266 261 277 290 289 259 285 283 281 244 252 250 250 249 247 246 243 241 266 243 264 263 240 262 235 257 256 255 242 241 231 223 247 248 230 198 221 246 221 218 230 224 193 175 240 240 239 239 208 175 176 170 165 198 197 171 163 165 174 173 166 162 194 189 184 182 180 177 175 172 170 172 169 171 170
