examples/cougarCreek-fire/createInputs/WindNinja/wrfout_d3.2015081000.f23/cougarCreekFire_08-10-2015_2300_217m_non_neutral_stability_ang.asc
ncols	146
nrows	140
xllcorner	610065.000000
yllcorner	5095217.000000
cellsize	216.586807
NODATA_value	-9999.000000
[rows 0 to 41 of 140, columns 0 to 93 of 146]
312 310 308 308 309 308 307 306 306 298 307 307 308 308 307 307 306 305 303 302 301 296 303 306 307 306 304 304 304 304 303 301 300 300 300 301 301 329 310 304 310 313 304 313 311 314 306 306 305 305 304 303 302 302 302 302 302 300 298 298 298 297 295 295 295 294 293 292 292 292 291 287 282 277 273 270 265 257 251 245 239 234 228 132 128 136 210 144 140 148 204 145 141 200
312 310 308 308 309 308 307 306 306 298 307 307 308 308 307 307 306 305 303 302 301 296 303 306 307 306 304 304 304 304 303 301 300 300 300 301 301 329 310 304 310 313 304 313 311 314 306 306 305 305 304 303 302 302 302 302 302 300 298 298 298 297 295 295 295 294 293 292 292 292 291 287 282 277 273 270 265 257 251 245 239 234 228 132 128 136 210 144 140 148 204 145 141 200
313 311 308 308 309 308 308 307 307 307 307 307 307 307 307 307 306 305 304 303 303 299 302 303 305 304 304 303 303 302 302 301 300 300 301 301 301 302 302 303 303 304 304 304 304 305 306 305 305 305 305 304 303 303 303 303 302 301 300 299 299 298 297 297 296 296 295 294 293 293 291 287 282 278 274 269 264 257 250 243 237 230 224 219 214 210 206 202 200 200 200 201 200 197
314 312 309 308 309 309 309 309 308 308 308 307 307 308 308 307 307 306 306 306 305 301 302 302 303 304 303 303 302 301 301 302 301 301 301 301 301 301 302 303 303 303 304 304 304 304 305 305 305 306 307 306 305 305 304 303 303 303 302 301 301 301 301 300 300 299 299 298 297 296 293 289 286 282 277 271 265 258 252 244 237 229 222 216 211 206 202 199 197 197 196 197 197 193
314 312 309 308 309 309 310 306 305 306 309 308 308 308 308 308 308 307 306 306 304 302 303 302 302 303 303 302 301 302 302 303 302 302 302 302 302 302 303 303 304 304 304 305 305 305 306 307 307 308 309 308 307 321 305 305 305 305 304 305 304 305 304 304 304 303 303 302 301 299 296 294 290 286 280 273 266 258 250 242 233 225 217 211 206 202 198 196 194 193 192 192 170 160
313 311 309 308 308 309 309 309 309 307 306 309 308 308 308 308 308 307 307 306 305 302 301 302 301 302 303 302 302 302 303 303 302 302 302 302 303 303 303 303 304 304 305 306 306 306 308 308 309 321 323 323 309 308 307 307 307 307 307 307 307 307 307 307 307 306 348 304 303 302 299 297 293 288 281 272 264 255 245 235 226 218 210 205 201 197 194 192 190 189 188 188 190 114
311 310 308 307 307 308 309 308 308 309 307 306 310 307 308 308 308 307 305 304 305 303 303 303 305 307 304 307 307 308 303 303 302 302 303 303 303 303 303 310 310 304 313 306 307 317 319 320 319 320 346 310 326 309 309 309 309 309 309 309 309 339 344 309 309 349 308 307 306 305 303 299 294 287 279 269 259 248 237 225 216 209 202 198 160 192 189 187 186 185 185 184 185 125
310 309 307 307 307 307 308 307 305 306 306 305 308 313 315 308 308 312 308 304 305 305 304 303 304 306 307 307 306 307 303 308 308 303 303 302 302 303 308 309 310 311 313 314 315 319 320 319 320 347 326 325 311 311 311 310 310 311 311 311 341 343 310 311 311 358 310 310 309 308 305 301 295 286 275 263 250 236 223 212 204 199 194 191 188 185 184 183 182 182 181 181 182 183
310 309 307 307 306 310 307 311 308 307 307 306 307 310 313 306 313 312 309 304 304 305 301 302 303 305 306 307 306 306 308 308 307 303 303 306 307 307 307 308 309 312 313 314 315 318 320 322 323 324 325 327 331 330 330 311 311 311 339 312 341 313 313 313 360 5 10 8 312 311 307 304 296 285 271 253 234 217 206 198 192 189 186 183 181 180 180 179 178 178 178 178 178 179
309 307 306 306 306 305 307 310 310 309 309 307 307 308 312 313 312 312 309 301 302 305 303 301 306 303 305 306 306 305 308 307 307 308 307 306 307 307 307 308 310 312 314 314 316 319 320 321 324 326 328 327 334 331 312 312 312 313 337 314 314 315 316 1 5 8 10 10 317 316 313 310 301 283 256 227 207 194 188 185 182 180 178 176 175 175 176 175 175 152 175 175 176 176
318 306 305 305 305 305 303 305 307 308 308 308 308 309 311 311 311 305 309 305 302 307 303 302 301 317 324 325 305 305 307 307 307 308 306 306 307 307 307 308 309 312 314 339 342 341 322 323 325 350 352 354 331 314 313 313 314 334 315 316 317 342 1 9 8 9 21 24 324 325 324 323 314 264 204 185 176 173 174 174 173 172 171 170 170 141 151 171 171 172 172 172 173 174
306 305 312 310 308 305 305 303 306 310 310 308 309 307 308 309 304 311 308 306 304 307 307 302 301 312 324 324 320 303 306 307 307 307 306 305 306 306 307 307 308 330 334 338 342 344 322 323 346 352 353 332 316 315 326 332 334 336 337 319 320 360 7 13 18 329 331 333 336 341 346 6 69 131 149 154 156 159 162 164 165 165 165 165 166 167 167 168 168 169 169 169 170 172
304 304 303 310 309 306 304 301 302 305 308 310 313 308 307 307 308 309 305 305 306 308 310 301 300 302 324 322 321 325 306 306 306 306 306 306 306 306 307 306 323 330 336 340 344 343 321 341 346 330 330 330 317 316 331 336 337 340 342 339 1 4 13 329 333 337 342 348 357 13 38 78 105 122 134 140 145 150 154 157 158 160 160 161 162 163 164 165 166 166 166 166 167 169
303 303 302 302 302 304 303 304 298 300 303 305 307 313 306 306 306 307 305 308 306 306 311 306 299 303 322 322 323 329 330 306 320 319 317 316 320 321 316 315 327 335 341 344 343 319 320 342 346 329 330 330 327 327 334 339 343 348 353 359 8 19 332 335 340 348 359 13 36 64 84 99 110 121 128 134 139 143 148 151 153 155 156 157 158 160 161 162 163 164 164 164 165 167
301 301 301 301 301 301 302 303 303 298 298 301 302 302 309 317 320 321 317 313 313 310 313 313 305 306 318 320 323 329 332 304 317 318 316 315 320 321 312 307 342 341 342 341 338 337 341 348 354 353 330 329 330 331 336 337 3 351 357 2 327 331 336 342 38 30 32 38 72 92 44 108 114 120 125 130 134 139 143 146 149 151 152 154 155 157 158 159 160 142 147 144 162 161
300 300 299 300 300 300 303 305 303 299 298 300 300 299 299 309 321 322 318 315 316 314 314 318 312 308 316 320 323 330 329 320 318 318 315 317 318 317 316 318 341 342 343 343 341 344 351 353 357 349 327 330 352 354 337 339 11 353 16 4 13 20 18 20 21 26 46 70 88 100 108 112 115 119 124 128 131 135 139 143 145 147 149 151 152 154 155 157 158 159 139 140 159 148
300 299 298 299 299 300 300 303 304 303 300 300 308 308 297 290 295 315 312 311 316 315 315 302 316 311 315 320 328 331 325 317 320 320 318 318 316 315 318 328 336 341 345 348 349 354 354 356 352 346 329 357 4 6 0 341 348 16 1 9 15 14 13 23 25 46 67 49 97 105 110 114 117 120 124 128 131 134 138 141 144 146 147 149 151 152 153 156 158 158 158 158 159 160
299 298 297 297 298 299 296 300 303 308 301 300 302 309 294 285 285 293 298 299 305 305 315 325 321 313 318 323 327 325 322 320 320 319 321 319 314 316 321 333 339 343 345 347 353 356 357 357 352 351 2 5 11 7 10 345 356 10 6 12 11 15 26 39 49 66 82 93 103 109 114 117 119 122 125 129 132 134 137 141 143 145 147 149 150 151 153 128 127 158 159 159 160 162
298 298 297 297 297 298 298 299 309 311 302 300 293 295 299 299 296 297 300 296 301 304 304 319 318 315 320 324 326 325 324 324 321 322 323 319 314 316 324 333 338 343 347 352 354 355 358 359 353 0 3 12 10 338 11 18 351 354 26 9 8 32 43 52 64 83 99 117 108 112 116 119 121 123 126 129 133 135 137 140 143 145 147 149 150 151 153 127 126 158 159 126 134 163
297 297 296 296 296 297 299 299 307 310 301 299 293 296 306 310 309 304 305 301 303 310 302 306 315 319 323 326 325 325 326 326 332 305 303 316 314 313 325 336 341 345 351 355 359 360 1 4 6 11 8 9 352 1 18 6 3 358 21 22 18 41 48 50 68 93 102 109 113 116 118 120 122 124 126 130 133 135 137 140 142 145 147 149 150 151 153 121 123 158 158 131 130 139
297 296 296 298 299 299 298 298 300 308 300 300 309 297 297 306 312 309 310 305 306 314 300 299 303 317 325 325 325 325 327 328 304 306 304 314 319 308 324 346 352 352 353 358 1 3 4 9 321 15 11 6 359 21 5 342 350 21 31 27 29 46 49 53 93 101 108 113 117 119 121 122 124 125 127 130 133 135 138 140 142 145 147 148 149 151 153 155 157 158 120 125 134 164
296 296 295 298 299 298 298 297 299 309 302 301 314 310 290 300 292 296 303 302 301 312 304 304 307 314 321 322 323 327 328 331 304 306 304 304 322 308 330 354 358 334 2 5 4 4 5 12 16 3 8 1 12 7 337 359 20 38 42 26 37 52 50 93 84 91 95 100 119 121 123 124 125 126 127 130 133 135 137 140 142 144 146 148 149 150 153 155 157 158 122 128 130 133
295 294 294 294 295 295 295 295 296 304 302 298 309 320 299 299 285 299 291 299 301 305 304 302 304 313 321 322 325 330 330 311 302 333 302 301 316 313 333 351 323 329 341 6 7 9 12 13 8 359 1 353 359 338 340 17 26 37 39 30 53 62 76 88 93 94 95 118 121 124 125 126 127 127 128 131 133 135 137 139 142 144 146 148 149 150 152 155 156 120 125 129 133 137
293 293 293 293 293 294 293 294 298 304 304 296 300 316 309 300 297 296 297 305 309 309 307 297 293 305 323 323 326 327 324 324 302 304 302 307 315 318 332 348 356 337 346 10 11 13 13 12 2 4 354 327 356 352 4 27 27 39 49 56 74 81 80 107 84 94 96 100 124 126 127 127 128 129 130 131 133 135 138 140 142 144 146 148 149 150 152 154 118 138 144 146 143 148
292 292 292 292 292 292 292 293 295 303 308 300 298 310 311 302 298 298 297 298 304 310 312 304 295 299 318 322 322 319 318 323 312 304 324 315 316 323 340 350 358 6 12 310 21 14 14 19 18 14 347 332 5 14 27 44 55 67 71 73 78 87 58 59 96 99 100 105 127 110 129 129 130 130 131 132 133 136 138 140 142 144 146 147 148 149 151 152 154 145 146 141 140 149
291 291 290 290 290 291 292 293 294 298 306 302 296 298 310 306 300 297 296 294 296 307 311 307 301 302 314 321 318 315 321 307 311 338 302 309 321 331 354 334 331 10 9 13 19 312 40 316 24 10 325 349 22 21 39 64 76 79 77 75 79 90 63 89 105 102 105 111 116 119 120 130 131 131 132 133 134 136 138 139 141 143 145 147 148 149 151 152 130 137 149 145 141 147
291 291 290 289 289 291 291 292 288 291 300 298 296 295 302 309 302 299 299 296 297 306 308 305 302 301 312 316 315 316 317 317 330 331 324 320 327 340 353 355 359 3 6 9 14 20 22 23 18 6 330 1 22 21 35 56 74 79 75 76 79 95 97 89 95 102 115 117 119 121 121 130 130 131 132 133 134 136 138 139 141 142 145 146 148 149 151 152 116 126 142 158 148 147
290 290 290 290 287 288 289 290 281 283 294 298 300 294 291 297 297 297 300 298 299 307 308 301 297 298 310 310 312 315 315 317 316 322 324 327 338 351 357 359 359 359 4 11 18 23 24 30 33 3 330 6 27 9 33 67 78 75 76 82 87 92 103 114 120 121 119 118 116 115 115 130 130 131 132 133 134 135 137 139 140 142 144 146 147 149 151 152 114 120 124 126 128 130
290 290 290 290 290 287 289 290 291 286 292 299 304 294 286 290 294 295 299 298 299 305 307 299 291 290 299 312 309 311 304 319 315 321 329 340 351 359 360 2 5 9 15 28 42 308 309 310 29 324 332 16 30 5 57 84 85 84 93 104 109 109 111 114 117 120 121 122 120 118 118 130 130 130 131 132 134 135 137 139 140 142 144 146 147 149 150 152 107 114 159 160 126 127
289 289 289 289 290 287 288 289 297 294 295 298 304 311 296 292 295 296 299 297 297 303 305 303 293 289 292 303 310 294 307 319 322 325 329 335 351 4 1 9 15 26 342 303 303 304 305 38 315 319 345 16 30 36 88 97 96 96 98 100 103 104 108 111 113 118 118 119 121 122 120 130 130 131 132 133 134 135 137 138 140 142 143 145 146 148 150 151 155 112 118 123 133 134
289 289 289 289 289 288 288 288 287 289 289 295 299 307 305 293 297 302 304 302 302 307 304 305 300 297 298 299 311 309 312 316 328 337 337 331 355 357 4 353 324 326 300 300 299 299 39 358 306 317 70 6 49 83 97 89 82 87 94 98 102 108 112 113 112 115 115 115 117 117 115 132 132 132 133 134 135 136 137 139 140 141 144 145 146 147 149 151 154 122 127 129 134 131
287 288 288 289 289 288 288 288 284 286 284 284 288 292 303 294 293 299 303 305 307 308 307 305 302 300 301 301 312 296 312 309 329 351 341 325 352 346 342 316 319 323 297 296 294 293 289 15 279 160 121 118 65 82 70 63 77 89 96 101 107 113 114 113 111 111 119 121 123 123 122 124 126 125 132 133 134 136 138 139 140 142 144 146 147 148 149 151 153 124 125 126 131 130
286 286 287 288 288 289 289 289 284 286 286 287 293 297 301 295 289 289 293 297 305 310 309 307 305 303 300 297 308 310 309 297 327 305 357 337 342 349 340 9 319 326 293 291 288 283 273 153 195 151 136 127 46 68 64 74 95 103 106 105 106 109 112 115 118 127 124 129 128 131 130 126 127 130 131 132 134 133 138 138 139 141 144 146 147 149 150 150 170 124 122 124 131 134
286 285 292 288 292 291 291 290 287 286 291 296 301 300 299 296 289 284 281 282 288 298 306 309 309 309 306 300 301 322 286 291 317 298 12 353 342 341 349 8 12 338 290 287 119 138 140 150 167 150 141 190 163 96 89 101 110 112 114 124 115 114 115 125 125 118 126 121 122 122 116 114 130 131 132 133 134 134 135 136 138 140 142 143 145 147 148 150 169 145 124 126 133 138
285 285 285 292 292 291 291 294 293 293 292 292 295 299 301 296 289 284 281 281 283 287 290 296 306 314 314 307 306 317 306 288 289 355 21 354 339 340 58 105 99 97 106 111 115 129 137 148 157 147 141 136 166 156 142 130 118 116 117 121 122 119 120 111 111 112 117 116 112 128 128 129 116 122 127 129 127 134 135 136 137 139 141 142 145 146 147 149 169 162 125 127 134 135
285 285 285 286 290 291 291 291 289 290 286 281 280 287 297 300 299 300 302 299 293 288 285 282 276 269 291 304 311 293 289 274 263 287 32 344 330 327 338 352 323 1 76 270 253 218 115 128 150 148 143 139 140 158 149 145 133 126 122 119 118 113 110 108 107 114 113 128 130 131 130 117 121 123 125 126 132 133 134 135 137 139 140 143 146 146 147 149 171 171 130 129 134 134
286 286 286 287 289 301 299 292 286 284 282 280 282 280 284 291 294 296 296 289 279 277 276 269 261 258 263 275 291 323 301 273 261 259 343 349 333 326 333 348 356 4 273 262 244 218 188 171 129 151 153 154 141 144 141 138 143 139 136 133 129 126 123 120 114 112 118 120 123 120 121 121 121 121 132 133 133 134 135 136 138 139 140 142 146 147 147 149 175 174 141 130 133 135
287 287 287 288 289 290 292 284 293 277 277 282 284 278 273 275 277 272 265 262 264 269 267 261 259 258 263 262 248 238 287 297 290 300 7 63 34 348 339 356 11 8 330 256 239 216 189 168 110 131 146 155 150 151 149 145 141 139 139 140 138 138 137 136 135 135 137 140 143 145 142 136 123 135 135 135 135 136 137 138 139 140 140 142 145 147 148 149 175 175 138 126 126 132
288 288 289 289 289 289 267 292 275 274 277 280 276 273 270 272 270 264 263 268 268 265 264 262 257 257 266 262 246 287 273 303 330 334 265 250 258 239 222 175 131 103 52 333 231 211 193 177 172 165 127 143 147 149 145 142 139 138 137 136 142 142 141 139 139 137 138 142 144 145 144 144 145 144 136 125 139 139 139 139 140 140 141 142 144 147 148 149 173 178 149 122 124 132
290 290 290 289 289 289 259 291 277 279 281 280 280 277 276 276 272 265 264 264 260 261 270 267 257 262 270 262 252 249 270 296 305 314 109 247 248 275 262 252 240 167 168 159 139 135 133 122 116 159 165 117 121 126 140 144 142 141 138 137 136 144 143 140 138 130 130 131 132 132 133 133 134 146 147 150 151 141 141 141 141 141 142 142 144 148 148 148 151 178 176 129 125 132
290 290 290 287 287 288 263 291 292 280 282 285 286 283 278 275 269 260 258 262 263 269 274 263 257 263 268 262 259 270 271 280 291 306 357 346 354 331 180 272 266 258 250 240 177 169 165 156 150 142 138 134 145 157 153 149 145 143 141 139 131 138 135 133 131 129 128 129 130 129 129 130 130 131 132 134 137 140 158 150 142 142 142 142 143 146 147 148 150 153 179 157 133 135
290 290 290 286 286 266 288 291 293 283 285 285 284 277 271 270 261 258 263 273 277 278 271 258 257 264 268 265 262 260 242 265 269 284 318 305 325 330 353 95 263 161 148 151 158 204 191 182 175 171 165 164 163 156 149 147 144 142 144 140 143 140 135 132 129 127 126 127 127 127 127 127 127 127 128 130 132 135 139 142 166 143 144 144 145 145 146 147 149 152 154 170 143 138
