examples/cougarCreek-fire/createInputs/WindNinja/wrfout_d3.2015081000.f23/cougarCreekFire_08-10-2015_2300_217m_non_neutral_stability_ang.asc
ncols	146
nrows	140
xllcorner	610065.000000
yllcorner	5095217.000000
cellsize	216.586807
NODATA_value	-9999.000000
[rows 84 to 125 of 140, columns 0 to 93 of 146]
304 304 303 303 303 303 303 284 279 279 304 303 270 302 301 300 287 298 296 264 273 292 290 288 287 263 283 264 257 252 242 239 273 272 234 268 247 267 243 264 264 264 262 260 258 257 255 254 242 252 226 250 235 224 221 248 248 247 223 245 226 217 217 209 171 169 210 214 192 179 166 176 175 200 184 169 160 166 172 203 200 196 192 187 183 182 179 178 176 175 174 169 172 167
304 304 303 303 303 303 303 283 279 284 303 287 282 280 301 300 299 276 266 259 277 292 290 288 287 263 263 260 257 277 235 240 273 272 238 245 245 246 265 264 265 265 262 260 259 258 256 255 254 253 252 252 252 251 249 249 249 249 248 248 247 219 245 221 191 186 193 241 213 190 181 177 174 177 180 174 171 167 210 206 202 198 194 190 186 165 182 180 178 177 176 175 174 169
304 304 303 303 303 303 303 302 281 303 303 273 303 276 301 299 275 271 260 270 292 291 290 246 286 265 283 259 258 236 234 261 236 273 237 249 238 237 266 265 243 264 261 260 259 258 257 256 256 254 253 253 253 251 251 251 251 250 250 249 249 248 247 247 196 192 196 212 212 210 209 177 170 174 179 224 178 217 213 209 204 141 195 191 190 187 184 178 176 140 177 176 169 176
304 304 303 303 303 303 303 302 303 303 302 282 303 275 276 276 274 271 260 273 292 291 289 288 256 262 283 258 279 242 275 260 273 273 272 271 270 269 242 238 265 262 261 261 260 259 258 257 257 255 254 254 253 253 252 252 252 251 251 251 250 249 249 248 215 198 201 212 212 242 240 192 182 180 171 174 168 171 176 157 207 142 197 193 192 189 186 184 182 178 179 178 177 176
304 303 303 303 303 303 281 303 303 303 302 280 302 279 274 276 273 258 259 293 291 290 289 287 259 284 282 280 279 277 258 251 235 273 272 239 270 269 238 268 265 263 262 262 261 260 259 258 257 256 255 255 201 254 254 254 253 252 252 252 251 251 250 250 202 199 214 201 199 199 242 199 188 176 231 228 225 221 218 161 209 204 200 194 195 191 188 186 184 178 181 179 178 176
304 303 302 302 302 302 280 302 303 303 302 271 301 301 274 276 272 269 267 292 291 290 288 256 285 284 282 280 279 277 275 252 237 272 272 271 270 269 239 267 265 264 263 262 262 261 260 259 258 257 256 256 203 202 255 254 254 253 253 253 252 252 251 204 217 196 197 200 197 195 198 202 202 195 183 172 170 223 220 216 211 207 205 201 197 194 191 188 186 185 182 181 177 174
304 303 302 302 302 302 302 302 302 302 301 276 300 301 272 277 271 259 256 292 291 290 288 287 285 284 283 281 253 253 253 243 239 272 271 270 269 268 268 266 265 265 264 263 262 261 260 259 259 258 257 256 256 203 255 255 255 254 254 253 253 206 253 208 207 202 196 197 193 191 191 201 241 238 198 183 180 177 168 218 213 209 206 203 199 196 193 190 187 186 184 163 150 154
303 303 302 302 302 302 302 302 302 302 282 274 300 267 270 274 267 294 292 291 290 289 257 287 285 284 262 255 254 254 243 237 235 272 271 270 269 268 267 266 266 265 264 263 229 261 260 259 259 258 257 257 256 202 256 256 255 255 254 254 254 206 207 204 209 252 202 197 200 190 246 190 242 240 237 195 183 228 179 168 163 169 155 205 201 198 195 192 189 187 185 183 180 165
303 302 302 302 302 302 301 301 301 301 279 273 277 270 270 270 266 257 292 291 290 289 264 287 285 284 250 256 258 254 236 274 272 271 270 269 239 268 251 257 266 265 259 263 263 261 261 260 259 258 258 257 257 201 200 256 256 256 255 255 255 254 206 203 208 253 252 204 197 194 247 193 243 241 200 188 183 178 174 168 165 167 208 170 200 161 154 150 191 189 187 186 185 184
303 302 302 302 302 302 301 300 300 300 300 273 299 269 297 267 268 264 292 291 290 290 264 287 285 264 255 256 254 243 238 272 271 270 270 250 268 267 266 267 267 265 264 263 262 261 261 260 259 258 258 258 257 202 201 204 257 206 256 255 255 255 204 201 202 253 253 208 202 197 198 199 244 242 198 190 183 231 159 150 219 215 152 205 201 171 194 172 143 186 147 151 180 185
304 303 302 285 302 301 301 300 300 300 300 299 272 298 297 296 267 264 292 291 290 289 288 264 285 266 257 245 237 242 239 235 236 246 252 269 268 267 266 266 266 265 265 263 262 261 261 260 259 258 258 258 258 257 201 203 201 200 204 256 255 255 206 209 254 198 206 253 205 200 194 198 245 243 201 201 200 184 170 168 161 159 212 149 151 155 151 192 167 166 186 183 188 178
304 303 302 302 301 301 301 300 300 300 300 300 299 268 297 265 265 266 256 291 290 289 287 286 284 283 250 241 277 275 273 236 245 255 270 269 268 267 267 256 265 265 264 263 261 261 260 260 259 259 258 258 258 258 208 234 218 204 199 203 256 256 202 210 254 222 207 199 201 199 198 193 207 204 202 238 235 232 178 163 160 165 212 208 203 151 197 193 191 190 188 186 183 189
303 303 301 301 301 301 301 301 300 300 300 300 299 268 266 264 267 269 256 291 290 263 287 286 285 263 244 239 245 261 273 247 270 270 269 268 268 267 261 266 265 264 263 262 261 261 260 259 259 258 258 258 258 258 257 257 257 257 256 256 200 204 201 202 200 213 254 206 198 201 199 195 193 193 197 204 236 233 197 227 154 149 146 149 205 202 169 197 151 191 188 187 151 191
303 303 303 301 301 300 300 300 300 299 299 299 299 269 297 296 266 265 255 291 289 288 287 286 285 246 240 246 276 274 272 271 270 269 269 268 267 266 266 265 265 264 263 262 261 260 260 259 258 258 257 257 257 257 257 257 257 257 257 256 256 201 204 203 201 254 254 253 252 251 250 248 246 194 191 201 236 234 231 184 224 149 216 212 211 203 179 199 195 141 138 148 188 188
302 303 303 301 300 301 300 300 300 299 299 299 298 268 297 296 265 260 254 291 289 288 287 286 284 241 242 278 276 274 272 254 270 269 255 254 256 257 256 251 264 264 263 262 261 260 259 258 258 257 257 257 257 256 256 257 257 257 257 257 256 256 255 255 214 254 253 253 252 251 250 248 247 192 191 192 202 235 232 198 224 220 215 212 208 204 201 203 200 196 194 191 190 194
300 302 302 302 300 301 300 300 300 300 299 299 298 297 297 296 295 293 292 291 290 288 287 285 246 244 279 277 242 245 271 270 269 256 255 255 254 249 250 260 264 264 263 261 260 260 259 258 257 257 257 257 256 256 256 256 256 256 256 256 256 256 255 255 255 254 254 253 253 252 205 200 198 245 190 189 194 236 233 229 185 177 218 178 178 205 202 201 202 198 200 198 193 190
303 302 302 303 302 300 300 299 299 299 300 299 298 266 296 295 294 292 291 290 289 259 286 247 282 280 278 277 235 246 255 269 269 268 246 244 251 263 262 262 264 264 261 260 259 259 258 257 256 256 257 256 256 256 256 256 256 256 256 256 256 256 255 255 255 255 254 253 253 213 199 191 195 192 196 239 237 188 234 231 193 183 218 213 210 206 204 199 200 197 194 200 199 192
304 303 303 303 300 299 300 299 300 299 299 298 297 296 295 294 293 292 291 290 288 286 284 259 281 280 248 236 233 272 270 255 248 243 239 240 264 263 262 262 262 261 260 259 259 258 258 256 256 256 256 256 256 256 256 260 255 260 256 256 255 255 255 255 235 211 229 254 253 253 204 206 201 202 244 241 189 179 189 198 186 178 218 157 211 213 211 202 199 199 196 195 200 199
304 303 303 304 302 300 299 299 299 299 298 297 296 295 296 293 293 292 251 289 250 284 284 282 281 279 249 239 245 271 269 268 244 242 240 243 255 256 251 238 261 258 258 232 248 258 246 257 256 255 255 255 256 256 226 215 196 214 255 255 255 255 255 255 255 255 254 254 253 253 251 249 248 246 197 241 238 235 182 187 226 223 219 216 212 208 207 204 201 206 204 203 202 201
304 302 303 304 304 301 300 301 298 299 298 297 296 296 295 293 292 292 290 289 287 286 284 282 280 279 247 241 248 271 247 243 243 244 244 240 244 241 236 232 228 259 258 258 255 252 255 257 260 260 255 255 255 256 267 253 247 255 255 255 255 255 255 255 255 255 254 254 253 253 251 249 248 246 201 241 188 187 188 193 186 178 170 165 212 210 207 204 202 202 199 204 196 202
305 302 302 302 303 302 299 301 300 299 297 297 296 295 294 293 292 291 291 250 287 285 284 282 247 278 247 239 248 245 236 239 243 242 241 232 235 241 241 241 240 233 241 256 262 257 256 256 261 256 246 254 255 256 256 269 265 255 255 255 264 262 255 254 255 255 254 254 213 225 216 211 248 209 206 242 239 189 188 192 186 180 178 217 213 211 209 206 203 204 202 200 204 197
305 304 302 301 301 301 299 300 301 298 297 297 296 295 294 293 292 290 290 248 285 285 283 281 247 277 275 231 246 243 234 243 242 240 239 229 238 262 261 259 254 241 249 258 257 264 256 255 264 263 254 254 254 255 256 269 256 255 255 255 268 265 264 255 231 236 226 226 201 210 207 208 208 246 244 242 240 237 234 232 181 183 181 218 215 211 210 207 205 203 205 200 199 199
307 305 303 302 301 301 300 301 302 300 298 296 295 295 293 293 292 290 290 288 287 285 282 242 278 276 245 230 244 243 241 241 237 237 235 232 250 260 260 248 259 240 249 257 257 258 260 261 255 264 253 253 253 253 255 271 255 255 255 255 266 255 224 226 225 227 226 206 217 211 202 199 198 203 244 242 200 196 236 233 229 225 222 170 218 220 211 209 213 211 207 201 200 199
308 307 304 301 302 302 300 301 302 301 296 295 294 294 292 291 292 290 289 288 287 285 281 248 250 276 242 236 248 246 247 232 231 236 235 245 260 260 260 234 240 244 253 256 255 256 255 255 256 253 251 257 263 267 271 263 273 255 255 274 253 233 239 258 255 257 235 228 235 228 218 208 199 197 203 242 240 238 235 187 184 226 222 221 220 220 218 212 209 213 203 202 201 200
307 308 306 301 300 300 300 300 302 302 296 294 294 293 292 290 292 291 289 286 286 284 282 279 277 251 243 245 246 238 237 226 228 238 248 260 260 257 229 224 244 254 256 256 258 255 258 256 255 253 247 253 257 252 205 222 265 254 277 263 234 237 252 254 272 256 234 221 218 218 203 209 199 197 196 195 195 191 189 188 188 226 223 220 217 215 215 212 207 208 213 212 211 209
308 307 308 304 300 299 300 299 301 302 299 297 294 292 291 290 292 290 289 288 284 284 281 244 249 242 241 246 235 231 231 227 232 245 260 260 260 240 224 230 248 253 253 254 258 259 254 254 254 254 254 257 253 242 255 200 264 274 270 263 249 250 267 253 275 257 242 225 218 208 209 203 200 200 200 196 194 194 236 188 187 227 224 221 218 216 213 211 209 207 214 212 211 210
306 307 308 306 301 300 300 299 300 303 300 297 293 292 291 290 292 287 289 288 287 286 244 277 274 242 237 241 230 230 233 235 250 260 260 259 250 229 229 246 250 249 251 254 255 255 259 254 265 253 264 266 262 264 254 253 275 269 265 254 242 253 264 253 255 239 240 246 230 219 214 219 225 212 203 196 197 239 236 233 230 227 225 222 219 217 215 212 210 209 207 206 213 203
304 305 306 306 304 300 300 298 301 302 300 298 294 293 291 290 289 290 289 289 283 281 278 275 273 271 269 267 232 237 260 260 260 259 259 259 231 228 242 250 256 252 252 252 250 252 256 260 262 253 263 267 266 269 252 276 269 221 214 207 208 213 200 202 205 208 206 211 209 222 220 235 248 247 245 243 196 194 193 234 230 228 225 223 220 217 215 213 211 209 208 208 206 205
306 305 304 305 304 302 302 298 300 302 302 299 294 293 292 291 293 291 289 289 287 279 277 275 274 271 269 240 238 242 261 260 246 243 246 231 227 237 248 248 252 253 250 251 252 255 255 255 257 258 259 261 260 256 240 197 200 201 202 204 202 201 202 204 206 206 206 206 209 206 204 205 204 202 202 200 196 195 193 233 230 228 225 223 220 217 216 214 212 210 209 209 208 206
308 307 307 307 305 303 302 301 301 300 303 300 295 294 292 292 291 290 287 288 287 279 282 275 274 272 269 266 240 241 260 239 235 242 237 225 232 243 244 245 246 246 250 257 262 255 260 256 254 252 255 253 248 239 228 210 198 198 201 209 203 202 201 204 205 206 206 207 207 205 205 205 204 202 200 198 199 238 235 193 230 227 225 223 220 218 216 214 212 212 210 209 209 207
311 311 307 306 305 305 304 303 301 301 302 301 296 295 294 292 291 288 286 285 281 279 276 275 278 272 268 265 263 261 233 233 257 240 227 227 241 246 256 239 256 249 259 254 254 254 254 256 252 247 247 242 238 233 231 228 209 201 199 204 203 200 202 204 205 205 207 207 207 207 206 206 206 203 202 200 201 201 235 232 229 228 225 223 221 219 216 214 213 212 211 210 216 209
310 310 309 308 309 307 309 308 303 302 304 303 301 300 298 292 290 288 285 283 280 278 276 280 278 271 267 265 263 261 225 257 241 235 226 234 244 256 234 237 255 253 254 258 256 250 247 249 248 246 243 239 234 230 229 227 226 223 209 203 203 203 205 204 205 208 207 206 206 207 207 207 207 204 202 202 200 236 235 232 230 227 225 223 221 219 216 215 213 212 211 211 210 216
312 312 311 310 309 308 306 307 306 308 304 304 302 301 300 298 291 295 286 284 288 279 278 281 275 269 267 265 263 259 256 256 257 256 234 245 257 236 231 241 255 255 252 250 246 242 242 247 248 245 241 236 229 231 228 225 227 226 224 209 204 203 206 205 205 208 207 206 206 206 205 204 205 204 203 203 238 236 235 233 230 228 226 224 222 220 217 216 214 213 212 212 218 217
314 314 312 311 309 308 308 309 306 307 305 304 303 303 302 294 292 291 287 284 289 280 280 281 271 268 267 265 262 259 255 256 258 257 256 244 231 230 235 245 256 256 253 251 246 239 238 243 244 239 237 231 229 229 228 225 225 225 224 212 206 205 207 207 206 206 206 208 206 205 205 206 204 204 203 202 237 235 234 232 230 228 226 224 222 220 217 216 221 215 214 212 211 218
316 315 314 309 311 310 314 311 307 310 308 311 310 306 305 295 292 291 287 284 281 281 282 279 275 268 268 265 261 259 255 258 259 257 257 236 255 231 243 256 256 256 250 246 239 235 236 240 238 233 234 230 227 228 227 253 223 223 252 214 251 207 251 211 210 208 207 207 208 205 206 205 207 206 241 239 237 235 233 232 229 227 225 223 222 219 224 216 222 216 216 220 219 218
318 317 315 314 313 313 312 312 312 311 310 305 308 310 307 304 300 291 296 284 282 282 281 277 271 269 267 264 261 257 257 258 261 258 256 231 229 255 256 252 256 248 245 239 236 236 239 239 234 233 233 230 253 253 253 253 252 252 252 251 213 250 212 250 210 209 208 207 209 208 206 206 205 205 241 239 237 234 232 231 229 227 225 223 222 219 225 218 222 222 221 220 220 219
320 319 318 317 312 317 316 314 314 313 311 310 308 307 307 306 303 300 297 286 284 290 281 276 272 270 266 263 262 258 255 256 262 261 255 254 254 256 257 257 256 242 241 238 239 240 241 235 234 235 233 230 253 253 253 253 252 252 252 251 251 213 212 212 250 211 208 208 206 210 205 207 208 205 203 238 236 234 232 230 229 227 225 224 223 227 226 225 223 222 222 221 220 220
321 320 316 314 314 315 318 317 315 315 314 312 310 309 308 308 306 303 299 288 294 291 283 279 274 269 266 264 263 259 255 263 262 257 254 254 256 257 257 257 240 237 241 243 245 244 241 234 234 236 234 232 231 253 253 253 252 252 252 251 251 218 214 215 217 217 209 208 207 210 208 205 205 205 239 238 236 234 231 230 228 226 224 223 223 227 226 225 224 223 222 222 221 221
323 317 320 321 313 316 317 319 318 317 316 316 313 312 310 310 309 305 301 299 296 284 281 276 272 270 266 267 265 268 256 263 262 262 253 254 257 257 257 242 255 238 245 246 247 244 236 233 234 237 236 234 254 253 253 252 252 252 252 251 251 251 214 216 219 219 249 212 213 207 208 209 242 241 239 237 235 233 231 229 228 226 224 223 221 221 225 224 223 223 222 222 221 221
324 318 321 323 315 320 317 314 320 319 319 319 317 308 316 312 312 308 304 289 298 284 280 277 272 271 269 269 264 268 266 256 255 254 253 255 256 255 255 255 254 240 243 243 245 256 255 234 236 240 239 235 254 253 253 252 252 252 214 251 251 251 215 216 248 248 247 214 213 209 206 205 204 239 238 237 235 233 231 229 228 226 224 223 222 221 220 225 224 223 222 222 222 221
325 326 320 321 324 323 324 324 323 322 322 322 320 318 315 314 314 311 306 303 300 296 281 278 272 268 272 271 265 269 266 254 254 253 254 256 256 256 255 254 254 242 243 243 255 234 254 236 239 240 238 254 253 253 253 252 252 252 251 251 251 251 249 249 248 248 247 248 210 209 208 208 240 238 237 236 234 233 231 229 227 226 224 223 228 227 226 225 224 224 223 222 222 222
328 328 327 320 324 326 326 327 327 325 325 325 323 322 310 317 317 314 309 306 302 287 282 290 275 271 273 270 261 260 267 265 254 254 258 258 257 256 256 256 255 255 246 255 254 254 254 237 238 236 254 254 253 253 252 252 252 251 251 251 251 212 208 208 208 247 246 246 208 213 206 240 239 237 236 235 234 232 231 229 228 226 231 230 229 227 227 226 225 224 223 223 223 222
