examples/cougarCreek-fire/createInputs/WindNinja/wrfout_d3.2015081012.f16/cougarCreekFire_08-11-2015_0400_217m_non_neutral_stability_vel.asc
ncols	146
nrows	140
xllcorner	610065.000000
yllcorner	5095217.000000
cellsize	216.586807
NODATA_value	-9999.000000
[rows 72 to 107 of 140, columns 0 to 80 of 146]
18.34 21.23 26.75 27.63 23.55 20.84 19.51 23.70 23.88 23.60 22.94 22.57 16.70 18.03 19.05 12.52 15.37 15.40 18.40 19.38 20.30 14.39 12.74 14.41 7.49 10.23 12.09 20.76 18.08 14.32 16.62 21.06 18.26 17.09 10.72 12.88 16.15 17.12 11.17 1.99 4.60 11.64 5.96 8.32 8.11 5.27 4.87 4.22 2.39 2.48 1.32 0.73 2.57 1.30 1.15 2.92 2.36 3.26 1.98 3.82 4.83 5.10 5.02 4.76 4.60 4.40 3.83 3.03 2.43 2.19 2.22 2.10 3.33 4.01 4.44 3.20 2.08 2.11 1.68 1.98 3.38
19.38 22.59 28.20 27.79 21.91 20.19 19.43 24.60 24.49 23.75 22.33 22.62 17.19 18.66 17.32 10.31 15.91 14.89 17.47 19.78 18.89 14.30 11.73 14.53 7.91 12.34 19.36 19.34 10.91 15.48 20.50 20.08 16.85 14.34 8.47 13.17 17.56 16.67 11.74 2.94 4.43 12.34 3.86 6.16 8.85 6.31 4.00 5.29 4.45 4.22 1.87 0.64 2.73 3.02 1.12 1.50 2.09 3.40 3.12 3.25 4.32 4.94 4.80 4.50 4.01 3.59 3.13 2.80 2.58 2.57 2.83 2.78 2.71 2.84 3.51 3.72 1.56 1.56 0.62 0.86 2.66
23.11 24.04 26.07 25.87 20.14 19.07 24.60 24.30 23.70 22.50 21.19 21.33 21.25 16.54 14.28 9.12 16.44 15.84 12.96 21.48 16.03 9.03 15.15 16.66 11.49 14.47 20.17 13.21 12.76 19.01 22.35 19.54 19.43 7.72 9.94 15.78 19.64 17.17 12.77 4.05 1.34 10.46 10.36 5.08 7.28 6.84 4.81 2.66 4.85 2.88 3.08 2.89 2.61 1.47 2.74 1.85 1.24 3.53 3.32 1.11 3.93 4.16 4.31 4.05 3.39 2.69 2.36 1.68 1.98 1.44 0.36 1.46 1.68 2.19 3.19 3.42 1.74 1.32 0.50 3.98 1.23
24.65 24.34 30.00 25.23 25.26 24.22 23.72 23.46 22.83 21.08 17.98 14.61 21.55 14.92 13.03 9.03 18.01 10.13 11.29 21.38 15.47 10.35 15.56 12.36 14.67 20.34 20.85 19.19 21.37 20.87 20.51 20.59 13.85 8.68 15.17 19.84 18.00 18.20 13.26 5.88 2.51 12.61 9.79 4.28 5.91 8.65 5.65 4.56 4.31 1.63 3.75 3.22 2.58 0.67 2.80 0.58 3.15 3.33 2.72 5.21 3.16 3.39 3.85 3.52 2.99 2.21 1.92 2.17 2.09 2.55 1.80 1.78 2.21 2.79 2.80 3.04 2.28 1.11 0.57 0.52 1.31
24.96 26.37 25.50 25.65 24.50 23.36 22.65 22.96 22.43 13.69 14.16 15.92 16.16 22.54 13.05 8.76 22.29 15.03 17.18 18.27 16.78 11.99 12.13 14.74 20.82 23.40 20.38 20.76 21.53 19.53 19.30 21.18 11.72 11.81 18.88 15.06 19.86 15.42 13.87 6.54 4.94 12.20 12.07 4.63 4.72 6.01 4.31 1.60 3.88 3.40 3.89 3.74 4.13 0.46 0.39 0.62 2.97 4.53 2.67 3.03 0.93 2.94 3.13 2.88 2.52 1.99 1.83 1.79 2.11 2.92 3.08 2.91 2.82 2.96 3.02 2.10 2.25 0.94 1.19 1.08 2.23
25.93 26.55 25.68 25.56 23.97 23.26 22.02 23.49 25.85 15.38 17.04 18.60 17.51 23.83 13.26 8.94 22.19 16.39 17.76 17.85 15.79 12.60 12.20 20.83 29.05 22.45 20.15 21.52 21.72 18.34 18.00 22.00 12.81 18.40 20.63 14.58 19.65 17.03 13.05 6.10 11.52 13.14 11.84 4.34 3.64 5.07 7.22 4.47 3.49 4.10 3.63 4.09 3.74 0.88 0.90 0.90 3.82 2.23 2.37 2.59 5.21 2.54 2.30 2.19 2.04 1.82 1.86 1.80 2.27 3.05 4.12 3.62 3.29 3.25 3.29 1.77 1.48 2.00 2.77 0.87 1.65
27.13 26.78 25.32 25.05 24.06 22.11 25.94 24.39 22.07 16.90 18.58 18.75 16.28 23.88 12.52 9.29 20.85 15.65 17.80 15.80 11.10 15.35 15.97 17.90 15.03 24.18 22.23 21.19 21.27 18.28 12.91 21.74 19.65 20.15 22.39 8.72 19.13 16.43 7.04 4.35 13.92 14.86 11.07 4.52 5.39 4.55 5.65 5.40 3.54 5.09 3.63 4.62 5.10 1.04 0.87 1.07 4.49 5.26 3.37 3.07 3.55 1.81 1.59 1.71 1.79 2.36 1.11 2.89 0.88 0.79 0.65 3.72 4.39 3.94 3.74 1.44 1.93 2.17 2.66 1.66 2.79
26.08 26.91 25.54 24.62 24.09 27.58 25.39 23.76 25.82 16.16 21.14 15.05 22.63 13.27 10.91 19.49 12.28 11.83 15.28 13.46 15.80 18.69 26.10 17.27 13.18 24.22 21.62 19.32 21.18 18.99 17.35 21.02 22.42 18.41 23.06 14.06 7.01 15.79 5.30 5.32 11.59 15.53 12.91 4.62 2.40 8.19 5.84 5.33 5.36 4.37 4.34 4.73 5.70 1.67 2.26 2.22 2.32 6.18 2.74 3.33 0.95 4.61 3.11 2.44 1.25 1.00 0.85 0.60 0.59 0.56 0.62 0.87 0.83 3.81 4.41 3.97 1.26 1.74 2.60 2.91 4.03
26.75 25.74 25.21 25.69 25.05 20.62 18.64 27.27 25.13 20.62 14.04 30.49 13.13 13.04 10.18 19.63 11.55 12.95 14.11 16.54 19.50 22.94 19.89 15.04 11.03 23.63 20.54 15.41 20.27 21.58 17.37 20.37 22.35 16.53 20.96 14.10 12.17 14.93 4.72 7.86 14.78 10.56 13.88 11.56 3.55 4.26 5.95 3.65 3.09 1.99 5.75 3.44 6.78 2.31 2.37 1.74 1.42 1.01 1.85 1.15 0.59 0.43 0.51 7.30 0.84 0.78 0.55 0.47 0.54 0.41 0.47 0.91 1.14 1.26 4.36 5.72 0.64 1.38 2.95 2.83 5.63
27.46 23.69 25.17 15.86 26.46 20.54 20.21 20.12 25.82 27.15 13.64 13.51 14.85 13.46 10.93 15.79 12.75 13.76 16.45 19.85 24.03 27.68 18.08 12.88 9.76 24.96 17.58 10.91 20.48 24.76 16.82 17.72 18.04 19.38 20.42 19.33 16.28 6.26 5.94 14.50 14.65 5.62 13.07 12.47 11.19 7.56 5.11 2.77 2.31 1.81 1.65 4.71 8.09 2.45 2.60 2.04 1.40 1.06 1.53 1.53 1.05 0.76 0.34 0.13 5.21 1.17 0.73 0.47 0.42 0.29 0.29 4.00 1.05 1.53 1.73 1.70 1.45 1.45 2.48 3.50 4.03
27.27 23.62 25.24 25.42 28.45 21.25 21.72 16.37 24.54 24.80 13.59 14.25 15.58 13.41 11.50 16.22 13.41 15.08 18.07 25.73 26.87 19.58 15.62 10.72 8.18 24.55 11.64 11.56 22.40 23.14 18.26 12.84 18.39 20.94 21.20 15.40 15.87 3.29 6.73 16.18 11.34 7.92 6.73 11.79 9.84 9.35 3.48 2.28 2.08 4.83 1.82 1.48 1.15 2.64 2.73 2.35 2.13 1.89 1.94 1.96 7.12 1.32 0.87 0.99 1.41 1.58 1.31 6.66 0.60 4.18 0.11 0.39 4.98 1.32 1.86 2.00 7.68 1.68 5.80 3.55 4.40
24.41 23.07 25.78 25.77 23.70 22.68 20.13 15.90 25.31 24.99 13.31 15.07 16.04 13.47 22.76 13.46 15.17 16.89 18.33 28.96 28.67 18.24 13.44 9.28 23.26 20.61 12.18 12.96 21.77 18.60 16.95 13.51 21.77 19.84 16.14 17.98 5.75 3.33 12.54 13.98 7.66 15.74 15.01 13.46 12.13 9.75 6.45 2.05 2.05 4.90 7.68 8.92 2.37 3.16 2.76 2.76 2.76 4.80 5.37 2.47 2.26 6.20 1.97 1.82 1.92 6.85 1.50 4.32 1.00 0.50 0.35 0.53 5.83 4.22 3.92 2.01 5.24 6.49 6.19 3.08 3.95
27.09 22.89 26.71 26.56 22.30 23.26 15.94 15.64 26.88 20.08 14.12 16.67 27.22 14.89 14.78 15.95 16.98 17.49 22.93 26.95 20.12 16.95 11.54 8.60 8.02 20.48 16.32 16.37 18.90 18.14 20.80 14.79 21.18 18.04 15.99 14.40 6.38 6.46 13.35 7.31 10.17 10.32 16.04 15.58 11.64 11.70 8.04 1.73 1.96 3.25 9.35 2.25 3.58 3.54 3.12 3.14 3.17 3.17 3.37 3.30 3.01 5.97 3.03 6.31 1.69 1.17 4.94 4.97 5.11 1.07 0.86 0.91 6.08 6.07 6.20 5.86 5.68 7.40 7.11 2.66 7.11
27.95 24.52 26.14 23.21 23.36 23.39 21.34 21.43 26.68 13.89 15.49 17.82 17.21 27.94 22.26 16.69 26.19 26.73 28.16 29.11 19.13 15.13 9.84 7.27 16.02 18.12 15.62 15.54 18.42 16.14 20.76 14.28 19.01 19.84 15.08 9.24 8.46 8.91 4.76 8.84 11.91 9.84 4.80 8.64 10.25 11.15 4.82 3.27 2.16 2.21 8.26 6.29 3.90 3.84 3.94 3.85 6.60 4.00 4.20 4.18 3.84 6.94 3.73 3.55 10.87 9.69 6.47 5.95 5.22 6.11 5.72 1.19 5.11 5.32 7.71 6.02 6.28 7.33 5.56 4.80 6.15
28.17 26.01 23.85 21.89 26.77 24.53 21.77 23.26 22.65 14.60 16.45 17.96 16.33 29.47 27.85 25.58 24.93 28.73 16.55 17.76 17.58 13.15 8.32 5.83 21.10 12.22 14.81 14.56 16.12 18.84 19.37 5.56 16.20 15.71 16.67 9.64 12.96 12.30 6.89 10.74 12.43 8.66 4.01 6.04 10.21 11.21 9.22 2.20 2.79 3.65 7.01 8.74 10.86 4.82 4.88 4.86 4.78 6.72 5.10 5.04 4.51 4.03 4.31 4.05 8.68 11.56 7.56 6.89 6.77 6.73 2.08 9.18 7.89 6.43 7.22 7.97 7.87 8.15 5.01 3.46 3.59
29.39 24.69 22.23 23.68 27.35 23.09 16.00 15.62 15.39 15.75 17.25 17.98 15.94 31.79 28.84 27.15 25.45 27.75 16.29 16.82 15.11 10.82 6.68 13.99 18.29 15.56 14.00 13.76 15.61 17.74 11.50 8.46 18.95 7.99 19.67 12.83 15.44 12.12 7.79 11.24 12.78 9.76 6.07 5.61 4.18 11.63 8.55 3.14 2.73 3.37 6.54 9.79 7.81 5.80 5.92 6.20 5.87 5.56 5.97 7.88 8.64 7.66 5.09 4.65 9.57 2.67 8.13 7.52 7.45 6.83 6.89 6.21 6.53 2.69 2.91 7.27 7.07 8.96 9.45 6.49 5.54
29.39 23.53 23.10 27.79 27.14 27.94 23.67 23.06 16.02 16.50 17.69 18.08 16.17 25.94 31.82 26.49 26.37 15.34 15.16 14.84 11.90 8.53 5.30 21.39 17.65 13.68 8.98 9.35 15.48 14.43 11.87 13.51 20.34 7.93 16.60 13.38 15.42 14.06 8.91 11.34 13.07 11.48 8.63 5.99 2.85 8.75 8.20 5.87 2.83 5.72 6.24 10.16 6.85 12.13 7.08 7.58 8.78 8.11 6.77 9.04 8.84 8.55 8.92 5.33 10.19 12.14 9.75 8.96 8.81 8.08 7.25 6.95 8.23 10.54 3.56 4.43 4.75 4.86 4.71 7.49 7.04
24.06 22.78 28.61 29.42 25.50 26.82 25.18 23.65 15.72 16.22 17.29 26.22 16.12 14.64 31.32 24.87 27.78 14.10 13.56 12.50 9.59 7.09 4.71 19.68 13.23 7.71 9.58 9.31 16.98 14.97 11.06 15.90 18.94 7.88 6.26 16.51 14.24 13.39 9.97 11.40 12.75 13.71 10.94 8.03 3.43 11.07 10.71 4.73 2.98 4.56 6.57 10.24 7.95 7.19 8.71 8.51 9.26 8.94 9.12 9.77 11.41 9.02 9.31 10.48 11.42 10.79 12.15 10.52 11.04 10.41 8.18 8.17 7.75 8.54 8.33 10.77 9.94 7.96 6.13 6.88 7.51
23.10 22.07 28.68 29.48 24.76 25.28 24.30 23.43 15.47 15.93 17.24 27.02 16.26 14.33 31.60 15.42 28.80 13.31 12.16 10.74 8.23 6.06 24.37 14.90 7.77 9.38 11.33 16.64 17.57 16.82 16.44 18.53 19.57 16.01 5.29 15.08 10.08 11.38 10.30 11.43 12.14 7.67 11.81 9.89 5.34 11.69 13.13 2.42 9.49 9.40 7.41 10.70 9.53 8.49 8.76 9.70 8.99 9.96 8.50 8.52 12.00 13.51 7.17 11.06 11.10 11.46 13.55 12.77 13.03 12.65 13.11 9.66 3.72 4.43 4.50 10.39 10.15 10.13 10.47 6.18 6.40
21.25 20.71 27.06 28.31 24.76 24.49 23.80 25.30 15.31 16.21 17.91 17.86 15.08 13.75 14.56 27.30 28.17 12.49 11.02 9.51 7.23 5.59 21.18 14.91 8.37 10.52 16.31 18.55 17.64 14.78 18.44 20.47 17.71 17.48 12.47 15.61 8.41 10.81 10.28 2.45 6.43 10.18 11.99 13.14 8.28 13.43 5.04 10.84 10.82 10.87 12.03 12.33 15.42 13.78 12.20 10.91 10.47 11.14 11.31 9.31 12.45 11.40 13.36 11.34 12.47 6.49 13.02 10.28 10.64 10.50 10.04 13.31 5.08 5.69 11.71 9.96 10.31 10.07 9.82 10.68 10.77
25.14 20.61 26.03 28.85 29.02 28.80 23.75 23.53 26.22 15.13 16.68 30.10 13.27 28.05 13.08 30.19 13.09 27.04 10.19 8.84 6.98 18.43 19.53 8.86 9.22 10.90 21.32 20.03 15.25 15.83 21.71 19.76 19.44 18.62 14.37 12.57 8.49 4.99 1.63 11.61 7.34 12.26 11.66 10.68 10.02 7.53 6.02 6.44 12.06 12.68 13.81 13.66 16.34 11.70 11.37 15.53 12.47 12.50 12.35 11.25 12.49 14.09 12.29 12.09 14.29 7.83 7.74 14.15 11.16 11.00 10.56 13.83 5.82 6.62 11.17 10.23 12.87 11.89 11.98 9.86 9.99
25.06 15.42 15.88 15.76 26.38 28.49 22.25 13.13 24.43 13.63 28.45 28.35 12.17 27.47 26.03 28.28 26.68 19.57 9.82 8.75 7.76 18.67 17.30 17.07 9.30 10.46 20.39 19.27 19.16 16.98 17.59 14.60 17.85 15.49 11.03 2.45 7.51 8.02 9.79 11.55 11.59 11.15 11.52 11.15 9.60 5.90 6.78 12.59 13.14 14.14 15.10 14.48 16.71 13.44 12.73 12.11 14.53 16.70 13.66 12.70 13.08 13.37 13.95 13.86 13.52 13.78 13.43 11.10 14.68 11.14 10.64 15.06 6.84 7.49 11.36 12.38 11.76 9.67 6.89 7.56 7.94
15.20 15.87 16.16 15.24 29.62 28.30 22.07 12.90 13.09 13.56 14.09 28.13 27.05 25.01 25.93 27.24 24.82 23.81 9.47 8.75 8.09 16.01 20.50 18.59 8.97 10.74 19.53 20.70 20.22 20.59 17.87 16.30 16.05 10.04 6.68 6.97 6.86 7.01 9.30 11.81 11.47 10.69 11.68 11.61 10.23 10.55 12.01 12.88 13.90 15.14 15.98 16.00 18.12 15.23 14.32 13.41 16.89 12.65 15.91 14.97 13.89 15.78 17.44 10.17 9.73 14.60 16.40 14.55 15.99 12.23 12.05 15.56 7.77 12.27 12.58 11.13 6.47 12.72 12.41 8.53 8.67
21.63 15.44 27.85 14.00 28.04 26.25 12.65 19.15 13.39 17.68 25.76 26.21 24.86 25.28 24.90 25.82 27.77 24.05 9.91 8.47 6.94 24.13 19.43 8.41 10.10 12.15 21.43 19.17 7.34 16.44 6.90 16.35 11.89 7.23 6.62 6.98 6.99 7.09 9.68 12.37 11.79 10.82 11.16 10.86 10.64 11.45 12.46 13.17 14.42 16.10 17.10 17.17 16.97 16.61 15.80 14.97 14.46 14.01 13.59 13.23 17.12 15.94 16.95 11.84 11.02 9.91 9.10 14.15 14.07 13.73 13.18 13.96 13.68 13.57 13.94 13.97 7.59 8.10 8.53 11.98 8.90
14.15 14.17 28.56 26.33 26.79 26.06 12.59 20.13 19.87 23.42 22.82 28.36 25.85 24.38 25.68 24.07 27.40 23.45 10.48 8.24 6.77 19.27 8.52 10.05 12.64 13.02 24.04 19.58 20.54 11.98 11.08 12.52 9.19 6.58 6.83 7.40 7.47 7.83 10.39 12.58 12.03 11.21 10.66 9.98 10.66 12.16 13.08 13.59 15.04 17.11 18.36 18.58 18.26 17.63 17.04 16.69 16.16 15.37 14.68 14.12 18.47 16.71 13.53 12.91 16.03 10.81 9.95 9.59 9.26 14.68 14.66 15.02 13.64 15.60 16.33 14.01 8.33 8.31 8.48 12.42 9.57
14.71 14.16 28.08 26.82 25.24 23.25 22.09 13.22 22.06 26.30 13.44 25.63 24.93 27.22 11.82 27.35 24.17 24.94 10.05 22.23 8.13 9.43 10.69 12.35 13.58 24.04 9.12 21.71 12.93 9.24 12.67 7.21 7.06 7.20 7.71 7.98 7.84 8.29 10.28 12.12 12.20 11.61 10.59 9.73 10.59 12.33 13.45 14.32 15.87 17.92 19.46 19.93 19.46 18.65 18.45 18.48 17.76 16.61 15.75 15.22 14.91 14.74 14.29 13.66 12.90 11.94 10.90 10.37 10.18 10.02 10.27 10.62 10.52 15.31 13.52 16.19 15.24 8.41 8.47 15.71 10.25
15.36 14.62 13.45 25.68 27.05 12.42 21.03 13.69 13.75 14.02 25.32 21.03 24.87 25.89 12.66 12.46 28.84 22.77 22.21 22.44 9.72 11.59 13.30 13.71 21.85 23.72 21.67 10.52 17.14 17.14 13.26 7.55 7.60 7.93 8.34 8.42 8.09 8.07 9.40 11.36 12.60 12.35 10.63 9.50 10.41 11.95 13.36 14.89 16.78 19.12 20.99 21.23 20.34 19.87 20.25 20.25 19.14 17.64 16.73 16.28 15.75 15.25 14.81 14.44 13.94 13.10 12.07 11.44 11.23 15.13 11.48 11.45 10.87 16.68 16.05 18.05 16.24 9.05 9.03 16.42 15.76
13.58 25.22 12.50 25.34 22.43 13.14 25.59 13.37 13.68 28.04 27.49 14.30 25.08 27.82 13.97 25.38 27.26 27.11 23.80 11.33 12.01 17.58 13.41 12.00 9.86 23.02 18.64 18.57 21.10 19.23 13.96 15.19 8.25 8.73 8.87 8.62 7.77 6.87 7.83 11.45 14.41 13.48 10.39 8.91 9.79 11.43 13.03 14.73 17.48 21.04 22.93 22.00 20.78 21.37 22.35 21.86 20.21 18.62 17.71 17.18 16.40 15.71 15.39 15.26 14.98 14.21 13.17 12.50 12.20 12.05 11.98 11.43 16.40 15.54 15.47 15.82 17.65 17.08 10.53 10.57 17.45
11.49 24.95 10.87 28.14 11.46 18.91 26.50 19.60 29.81 13.51 13.98 15.90 25.54 15.53 24.65 12.99 23.62 23.45 23.83 11.96 12.20 12.33 10.77 26.62 20.06 18.36 17.76 21.52 22.40 18.89 8.43 9.12 9.70 9.79 9.30 8.34 7.10 5.93 6.67 12.38 16.89 13.82 9.30 8.04 9.10 11.03 12.38 13.79 17.39 22.47 24.36 22.34 21.37 23.21 24.36 23.11 21.05 19.51 18.61 17.93 17.07 16.37 16.20 18.71 15.87 15.03 13.96 13.41 13.20 12.84 12.27 11.59 11.12 11.01 11.07 15.84 16.86 17.43 11.92 10.99 15.96
12.42 11.53 10.30 27.09 11.79 24.44 26.60 13.55 13.40 30.93 12.83 27.46 24.49 27.30 28.15 27.03 22.87 22.65 22.82 27.02 10.49 9.85 8.49 8.86 11.00 11.99 20.28 22.66 22.33 17.14 10.43 10.72 10.53 10.01 9.20 8.16 7.61 8.21 11.03 17.08 18.18 11.92 7.56 7.17 8.60 10.59 11.39 12.61 17.10 23.30 25.77 23.91 23.17 25.30 26.02 23.93 21.51 20.11 19.43 18.80 17.98 17.29 16.96 16.77 16.45 15.61 14.65 14.43 14.41 13.75 13.00 12.41 16.70 16.63 16.09 15.66 16.81 17.81 19.32 17.21 17.94
11.98 11.56 11.28 10.81 12.68 22.68 13.53 25.09 25.62 28.45 11.78 29.16 28.64 28.80 26.96 20.30 12.32 25.23 24.02 22.86 9.71 20.71 13.13 11.28 13.02 12.25 20.53 23.39 19.78 11.76 12.25 11.39 10.33 9.78 9.28 9.01 9.86 12.18 15.35 17.79 15.15 8.98 6.12 6.38 8.05 9.78 10.49 11.98 16.79 23.29 26.77 26.41 26.13 27.64 27.46 24.48 21.68 20.58 20.38 20.03 19.24 18.23 17.52 17.33 17.23 16.49 19.53 19.23 19.23 18.96 17.99 17.41 17.01 17.43 17.56 17.80 17.97 17.43 18.19 18.27 15.81
11.80 12.01 12.49 12.25 26.10 12.72 30.02 27.50 24.35 12.44 12.96 20.73 13.28 26.95 27.64 21.15 13.06 24.81 12.74 20.80 22.36 9.73 10.67 11.06 21.11 19.53 21.07 23.24 17.18 12.39 19.96 18.75 10.04 9.94 9.87 9.95 10.62 11.89 12.90 12.91 11.61 9.14 6.65 6.42 7.96 9.23 10.19 12.03 16.21 22.07 26.48 28.42 29.47 30.29 28.95 25.17 21.92 20.99 21.52 21.73 20.67 19.13 20.90 18.36 18.44 20.85 20.47 20.15 20.42 19.98 19.20 18.41 17.41 18.14 18.83 18.69 18.62 19.62 18.50 18.59 17.25
11.00 10.67 10.28 10.60 11.62 24.56 12.28 25.86 27.34 12.89 14.06 15.28 23.48 28.39 14.60 24.31 24.71 25.66 12.78 25.43 11.20 12.63 12.38 13.90 23.89 18.93 21.63 25.26 19.98 19.51 24.99 20.05 10.30 10.40 10.35 9.94 9.39 9.54 10.28 10.47 10.37 9.58 7.72 7.18 8.31 9.44 10.61 12.57 16.28 21.29 25.71 29.24 32.39 33.65 31.28 26.29 21.96 21.24 22.84 23.44 22.08 20.13 19.32 19.46 19.39 21.91 21.25 21.33 17.68 16.60 20.02 19.54 19.58 19.13 18.72 18.49 18.53 18.77 19.15 21.02 18.81
10.61 9.39 9.08 9.81 10.32 10.48 30.87 11.68 13.41 17.40 14.89 16.56 16.02 28.13 16.25 15.99 25.23 25.41 12.20 25.61 21.66 12.88 13.66 25.32 26.62 12.94 18.37 13.67 21.31 19.81 11.49 11.47 11.10 10.71 10.16 9.04 8.04 8.66 10.06 10.39 10.10 9.19 7.94 7.94 8.90 10.10 11.34 13.17 16.80 20.99 24.21 27.86 32.95 37.08 35.37 27.60 21.04 21.58 24.12 24.82 23.45 21.16 20.09 20.06 22.98 22.80 22.85 18.55 17.77 16.76 15.85 20.20 20.17 19.98 19.13 18.62 18.72 18.70 17.86 17.47 17.33
10.20 10.25 10.61 11.29 11.92 13.15 14.03 13.15 29.20 13.94 20.76 15.77 29.95 20.49 15.80 14.31 26.50 25.61 12.51 25.56 22.10 17.42 18.46 13.78 13.95 19.29 14.47 13.31 23.19 12.44 12.58 12.56 11.78 10.56 9.32 8.10 7.84 9.50 11.18 11.01 10.06 8.82 7.86 8.20 9.34 10.66 11.78 13.71 17.19 20.47 22.26 24.54 30.18 37.29 37.08 28.04 20.54 22.11 25.16 25.97 24.50 21.56 19.98 20.03 20.33 20.21 19.62 18.88 18.04 17.04 16.14 15.70 15.74 20.42 19.66 18.91 18.08 17.81 16.66 16.63 18.33
10.70 11.23 11.98 12.72 13.72 15.12 15.75 14.95 14.19 14.24 21.35 30.33 29.69 14.24 32.79 27.17 12.82 12.76 13.10 11.93 17.91 14.78 14.00 25.53 14.62 14.25 26.01 27.51 12.39 13.39 13.36 12.69 11.17 9.58 8.76 8.63 9.58 5.83 6.42 11.01 9.46 8.58 8.05 8.34 9.54 11.12 12.28 14.24 17.41 20.03 20.51 20.47 25.63 34.01 35.46 26.91 19.75 22.20 26.15 26.68 24.66 20.97 19.12 20.02 21.48 21.57 24.60 23.64 23.15 22.28 21.84 21.51 21.39 21.04 20.45 19.68 19.23 19.28 19.27 19.43 18.02
