examples/cougarCreek-fire/createInputs/WindNinja/wrfout_d3.2015081012.f16/cougarCreekFire_08-11-2015_0400_217m_non_neutral_stability_ang.asc
ncols	146
nrows	140
xllcorner	610065.000000
yllcorner	5095217.000000
cellsize	216.586807
NODATA_value	-9999.000000
[rows 44 to 87 of 140, columns 0 to 95 of 146]
315 313 309 342 337 345 359 357 359 353 347 342 350 2 360 6 2 9 18 8 354 339 342 352 358 347 346 8 62 96 67 50 39 28 20 10 346 329 325 318 299 252 231 241 255 265 273 280 285 283 276 280 287 286 275 258 240 235 236 242 236 226 231 255 270 284 292 295 294 293 294 294 292 291 292 295 301 316 283 339 319 309 292 301 9 43 53 55 52 67 86 81 29 73 25 25
357 348 338 340 338 348 347 354 351 337 321 348 9 16 10 7 2 22 31 17 356 345 344 347 351 342 346 16 80 92 62 53 50 42 33 21 8 360 353 335 315 342 292 288 300 277 280 283 289 294 280 262 261 256 250 240 244 235 233 239 243 272 281 286 292 301 289 292 308 291 280 288 286 283 281 277 300 280 288 285 6 311 291 288 9 61 67 65 64 67 91 92 81 76 26 82
302 304 306 334 339 344 340 343 337 318 348 7 22 13 9 9 17 40 28 13 351 341 337 337 346 346 359 29 79 72 55 53 54 51 43 32 16 6 0 1 3 359 357 356 350 301 299 293 276 249 247 252 262 264 258 251 244 268 285 298 302 303 305 303 303 289 315 313 292 303 301 300 297 283 281 289 296 277 278 289 297 327 292 285 6 70 76 79 79 88 322 103 87 79 81 83
297 300 305 340 341 339 318 338 340 342 5 19 25 22 27 40 337 332 15 0 345 332 331 337 350 359 15 33 67 66 57 60 66 55 51 40 17 13 12 6 15 12 18 21 349 342 313 293 283 256 246 248 256 258 252 249 270 278 301 320 292 287 289 292 301 305 297 299 307 296 283 282 277 276 280 282 276 275 282 275 283 3 312 294 23 66 71 77 85 99 113 113 101 39 86 86
292 296 312 330 316 316 305 345 356 359 17 20 24 32 26 332 336 335 7 358 345 331 334 352 359 15 33 28 51 67 63 64 75 54 53 46 12 13 18 16 21 33 43 42 2 318 292 306 280 254 242 240 234 242 239 220 211 223 259 293 314 312 300 293 290 288 289 293 294 286 273 269 274 276 274 274 280 271 269 257 264 297 324 290 33 62 67 73 80 87 95 111 28 104 41 43
291 295 302 304 311 333 349 5 3 10 15 20 24 12 332 2 359 358 353 358 350 339 347 360 356 14 24 24 51 83 56 75 74 61 48 43 19 8 17 20 43 25 59 56 40 331 322 294 273 246 230 228 227 230 227 205 206 243 211 231 255 292 301 291 284 278 275 270 269 271 269 270 270 269 269 267 266 265 264 257 246 252 9 246 95 74 69 70 75 78 84 101 118 37 44 47
292 294 295 305 340 2 2 3 4 10 27 29 18 8 354 351 352 351 355 2 356 349 349 346 352 5 20 34 10 40 40 70 76 58 46 44 19 8 18 23 29 24 16 42 57 35 328 279 257 238 228 232 243 248 250 245 229 214 262 264 212 239 278 287 276 260 255 258 255 256 262 267 266 261 265 256 260 266 269 258 217 150 89 112 115 104 88 79 78 78 81 90 99 102 100 97
288 290 302 340 1 358 357 2 3 18 11 334 6 357 324 348 352 355 2 5 357 358 353 338 356 18 47 62 352 349 27 65 76 55 45 47 20 17 23 28 30 23 11 353 14 12 337 283 263 254 251 255 262 268 271 277 161 145 230 255 260 277 257 284 280 264 281 258 273 278 273 271 268 269 275 246 257 259 249 266 219 208 156 127 257 112 111 106 96 87 81 80 82 86 92 95
287 289 312 348 349 352 358 0 2 14 10 354 345 343 342 347 354 0 4 1 357 4 2 331 8 47 49 349 330 358 11 64 77 56 46 43 26 27 29 29 28 18 4 341 332 336 325 297 290 286 287 289 288 294 299 345 39 230 237 249 249 274 294 280 277 270 272 270 303 310 285 270 262 255 248 245 249 248 240 229 254 220 203 150 126 185 252 122 121 104 87 82 82 85 90 94
292 306 337 348 350 351 354 354 2 4 349 318 337 343 352 355 356 8 2 358 353 358 356 350 27 32 4 355 348 345 353 47 82 59 57 37 32 35 35 36 27 16 2 346 330 314 305 302 306 313 304 306 307 310 316 355 54 327 286 289 281 289 302 299 289 291 216 320 314 314 319 315 307 305 295 286 274 256 267 227 220 211 264 234 204 119 117 126 127 115 101 95 94 92 90 91
295 311 340 338 341 344 360 358 359 355 315 315 346 1 13 7 5 14 4 357 352 353 357 1 16 15 1 350 351 344 345 52 85 62 57 33 25 29 36 33 23 19 12 354 324 299 295 291 286 288 305 327 314 314 317 332 58 281 289 269 238 268 326 305 289 293 307 298 290 287 275 277 292 227 292 276 268 236 272 275 265 257 237 181 144 200 108 202 125 115 113 48 107 102 94 90
286 304 333 332 322 346 5 351 340 339 311 319 1 10 14 1 360 359 346 343 343 346 352 3 13 5 3 11 8 346 346 53 81 63 45 33 29 47 41 32 31 29 22 18 357 334 288 281 290 296 295 299 326 307 319 321 278 259 283 265 247 283 275 240 249 243 279 299 241 236 234 232 238 292 245 253 299 289 219 214 211 225 188 180 142 117 106 102 98 89 99 113 115 105 102 97
275 292 326 329 332 14 6 336 313 326 312 2 341 7 19 4 349 346 331 331 337 340 351 6 14 11 27 39 13 341 347 38 75 61 40 29 28 52 40 38 37 37 27 29 10 348 313 286 287 277 298 305 301 309 306 314 317 312 303 292 254 200 204 206 205 200 216 249 243 238 233 242 245 231 261 267 279 248 208 195 224 178 188 183 150 274 102 88 76 79 91 190 99 165 203 97
282 291 333 352 22 29 304 316 315 331 8 35 356 10 32 6 358 335 308 320 336 338 352 13 13 13 36 29 359 345 1 36 85 78 63 41 28 43 33 31 34 34 30 22 11 6 333 316 299 289 285 280 306 303 292 293 286 236 243 226 216 217 209 198 189 185 197 212 219 214 214 214 225 227 237 227 220 199 187 210 207 202 205 224 158 130 111 98 92 95 97 78 209 187 92 150
295 298 358 340 299 295 324 297 295 12 82 47 350 52 83 234 265 282 289 303 342 345 14 24 12 24 46 24 350 352 12 304 33 66 56 41 20 38 48 29 32 30 29 23 16 19 4 349 331 315 298 292 286 295 273 251 228 230 291 210 212 211 186 195 206 216 185 209 230 239 232 193 193 188 183 182 191 192 210 209 173 169 198 197 195 199 234 115 296 108 104 97 95 95 93 89
299 309 354 315 312 338 277 300 358 68 86 40 84 194 227 269 288 295 301 306 345 349 1 5 7 40 39 11 355 7 292 297 15 44 24 49 19 24 27 41 39 28 32 25 24 15 5 351 348 333 324 321 311 305 311 308 311 338 38 101 143 169 163 152 150 152 221 237 239 223 355 137 154 167 173 178 185 189 214 206 206 174 201 195 187 120 190 201 216 243 109 107 317 75 99 100
299 310 25 12 359 287 246 358 73 137 171 188 215 244 285 297 300 302 310 319 347 346 351 356 24 39 24 9 15 14 290 345 7 29 23 25 46 20 28 33 42 31 26 21 19 25 20 35 20 12 301 288 281 243 231 213 165 127 114 110 112 125 136 144 149 218 203 177 165 126 143 155 163 170 173 178 212 213 185 185 182 214 214 216 223 225 231 218 226 245 257 333 106 75 24 94
300 339 26 355 346 243 199 67 144 161 192 235 292 304 307 306 305 308 318 325 350 345 355 6 28 30 27 24 19 358 343 347 2 10 9 12 47 20 27 30 36 31 27 23 14 17 12 3 69 331 302 286 273 256 199 178 158 149 152 155 147 134 129 133 137 143 153 152 154 160 163 164 170 173 203 206 179 180 185 188 187 186 184 181 174 157 253 254 252 241 228 233 107 24 104 103
343 20 43 358 3 13 4 114 164 196 253 303 312 313 310 307 308 315 325 337 353 346 346 359 16 25 26 26 15 356 343 351 299 359 347 5 15 21 27 35 36 32 29 29 18 13 14 356 342 308 280 271 280 188 191 172 157 152 159 164 164 156 148 145 147 156 161 161 161 163 168 169 172 172 199 174 180 183 185 187 188 188 187 185 231 236 245 257 253 246 235 224 227 207 167 36
45 50 56 73 70 101 148 172 215 298 312 315 314 313 310 308 310 321 331 344 346 345 345 357 15 23 30 28 9 356 349 302 304 344 339 357 13 15 26 33 37 29 18 30 27 19 17 7 352 313 289 284 292 174 181 166 153 149 153 160 165 160 157 159 161 164 166 167 170 168 170 173 176 174 203 175 184 186 184 185 188 189 188 232 233 231 234 245 241 238 228 212 187 163 181 151
54 58 70 130 175 169 175 285 316 320 322 322 318 315 312 310 312 323 339 345 338 351 349 358 11 19 34 26 358 352 331 338 327 339 340 354 11 20 27 35 36 33 28 20 30 25 15 16 49 343 297 271 266 287 179 168 150 146 147 152 158 156 154 161 164 166 169 172 175 172 174 179 182 180 176 179 187 188 228 226 233 240 240 238 240 242 244 254 254 234 219 217 203 195 245 127
19 55 55 64 356 339 330 325 322 321 321 321 316 312 309 306 310 327 360 341 333 8 352 353 9 25 44 323 3 348 333 329 330 333 335 351 10 15 25 40 39 37 30 10 22 16 21 19 50 53 322 271 267 290 180 172 151 142 141 145 150 151 152 155 158 161 166 170 175 173 176 182 185 185 181 179 181 179 171 165 169 172 221 224 224 230 232 237 236 222 238 195 151 177 146 87
56 56 55 5 348 339 332 326 323 321 319 315 306 300 297 296 309 334 3 346 345 21 334 343 9 32 10 312 303 306 328 320 325 330 333 346 11 3 21 56 44 36 34 15 13 6 14 10 355 109 73 314 306 213 177 170 156 145 137 139 144 147 150 153 153 157 165 170 170 168 173 220 220 184 184 218 178 170 167 166 169 172 164 209 194 143 131 125 185 204 161 103 147 185 312 85
58 49 31 353 340 335 332 329 326 323 330 312 302 294 292 295 306 339 2 351 5 330 334 345 6 35 21 305 349 341 329 322 322 332 339 343 6 359 16 55 38 38 60 68 49 354 356 352 334 65 95 317 319 309 167 167 166 154 140 137 141 144 148 151 151 153 165 175 171 165 209 218 219 181 183 184 182 177 176 174 177 244 238 242 230 212 201 183 193 157 110 209 299 104 99 95
47 37 358 342 334 332 342 330 328 324 319 314 306 297 293 295 309 358 356 349 4 354 344 356 4 42 346 301 336 335 332 316 323 335 339 340 358 357 15 49 40 56 63 62 63 65 35 360 350 343 346 288 300 290 284 180 170 160 143 137 140 142 143 155 146 148 159 173 176 170 169 169 215 176 232 182 186 188 243 247 226 165 160 195 204 230 223 201 115 113 119 180 190 231 236 99
44 33 6 330 326 328 330 329 327 324 321 317 308 300 303 294 310 9 351 341 358 355 358 1 11 52 288 303 339 337 343 326 315 329 338 346 353 350 9 41 50 59 42 59 56 60 32 352 333 315 309 296 302 310 165 249 215 168 149 134 133 137 136 137 138 142 150 163 175 178 176 172 216 174 176 241 244 229 180 168 155 149 149 141 120 109 109 105 104 117 127 126 122 188 102 93
48 39 335 321 319 322 326 326 325 336 322 320 311 302 294 297 312 13 352 343 349 357 10 8 35 29 294 313 339 347 352 327 316 325 335 341 341 346 4 32 51 59 64 63 58 60 348 6 349 64 117 285 304 344 277 170 211 78 163 142 130 130 132 133 134 136 142 239 165 180 184 177 230 238 241 243 248 224 167 202 154 150 150 149 138 119 108 103 102 111 119 117 119 118 107 211
17 358 330 336 318 321 324 339 338 336 337 336 330 316 298 302 318 14 352 347 345 3 20 10 28 358 318 332 336 349 350 329 318 330 333 332 331 340 0 335 34 28 73 35 65 61 71 351 342 338 60 176 308 335 318 223 189 227 166 152 138 130 131 136 137 136 140 150 259 171 183 177 250 249 250 252 247 239 222 215 150 149 200 156 151 137 127 120 111 105 99 90 91 98 104 104
6 345 327 341 321 323 325 341 338 336 340 340 321 313 304 308 325 16 354 349 350 16 26 11 20 309 327 337 343 351 346 327 318 341 342 332 324 331 357 280 22 14 78 75 73 71 344 84 57 82 98 122 317 82 246 275 176 144 303 150 142 135 132 136 141 143 145 149 156 162 275 271 255 236 240 177 247 230 219 205 184 195 205 156 154 148 142 136 124 113 105 95 295 86 95 108
343 333 346 339 323 324 325 342 336 337 340 341 320 315 308 315 330 16 3 348 359 30 13 3 10 308 347 348 333 349 339 325 320 351 302 327 315 315 354 271 16 6 83 86 47 79 90 1 5 355 92 68 323 132 2 175 184 134 145 146 139 134 130 132 140 147 151 151 155 161 230 237 242 239 251 270 274 261 275 140 167 197 217 141 145 148 138 127 124 121 121 116 104 93 274 256
356 351 343 340 322 324 341 340 335 337 340 341 336 309 305 316 330 33 11 346 14 359 9 12 318 311 344 344 333 341 331 325 335 324 307 326 317 320 354 280 281 357 15 95 91 87 97 350 358 33 332 324 316 52 146 310 177 134 149 111 143 133 129 128 133 145 156 283 274 295 237 281 291 290 281 283 292 286 304 140 117 185 249 284 124 132 127 258 277 119 122 121 116 103 259 106
339 347 359 338 336 339 343 340 338 344 345 312 332 305 304 316 336 22 352 351 21 354 2 359 315 359 352 358 352 347 334 330 356 316 338 320 315 334 348 334 286 348 6 96 99 38 97 111 339 72 336 339 332 41 160 56 321 275 230 280 153 137 129 127 125 135 150 151 259 301 345 340 320 313 310 301 298 331 317 52 62 210 219 245 288 123 122 6 250 270 105 110 119 114 268 223
344 355 343 336 336 340 347 342 344 326 322 316 313 331 310 321 3 28 360 359 17 349 357 310 359 355 359 356 346 352 341 336 338 325 325 297 317 338 346 328 339 348 358 55 105 100 13 87 325 8 355 343 341 57 8 43 310 287 248 250 82 149 132 125 124 132 148 297 151 287 329 345 340 325 338 358 299 341 18 282 306 232 100 97 287 116 343 348 314 92 90 289 103 110 101 285
341 352 341 336 339 348 352 344 358 329 327 322 322 327 319 333 17 22 5 10 15 360 345 348 339 357 358 356 355 359 347 341 336 344 326 298 316 341 348 325 348 348 0 38 108 105 34 101 321 4 6 346 352 16 332 349 305 257 156 158 307 165 150 129 124 335 322 313 284 285 310 332 349 336 354 151 347 343 134 64 336 12 324 316 316 105 352 299 321 285 88 87 284 92 101 93
351 354 342 338 344 352 355 345 352 327 325 324 326 326 325 341 25 25 16 15 350 310 338 314 320 357 356 357 356 2 335 335 344 337 328 270 315 340 332 320 329 337 359 17 53 107 65 4 327 354 1 338 348 17 351 332 293 305 295 238 264 13 171 152 137 335 132 313 141 139 126 295 320 327 1 145 133 125 123 307 12 114 0 335 329 85 99 3 355 357 331 85 85 283 14 96
347 355 344 339 345 3 353 344 355 323 342 319 343 320 328 329 31 320 20 311 310 310 338 314 323 0 360 360 354 357 353 331 338 341 327 300 268 341 333 312 325 331 341 358 105 35 55 59 343 309 348 323 331 13 200 187 170 298 314 261 177 284 345 8 166 147 122 121 125 121 87 82 92 312 348 6 129 116 107 107 339 104 19 2 340 72 86 87 83 81 84 357 334 332 297 9
354 355 345 338 347 356 347 354 353 347 318 356 316 319 332 13 329 322 317 314 312 351 310 314 323 2 5 4 351 349 353 340 343 349 324 305 306 343 316 312 336 342 326 344 15 42 46 102 106 125 326 309 318 202 219 202 179 195 345 237 227 211 184 305 223 212 153 123 122 123 90 73 63 61 312 332 71 96 23 77 322 351 75 15 343 348 74 78 77 78 23 31 22 344 82 88
354 354 346 324 356 359 353 345 348 350 324 322 315 320 336 24 327 322 317 314 346 327 311 319 327 357 15 355 342 337 354 350 350 344 327 320 331 325 308 321 333 327 337 326 333 11 44 112 120 119 133 300 333 225 232 221 216 240 257 250 232 219 206 272 332 265 231 171 145 143 106 315 52 44 35 25 32 66 82 70 46 334 51 72 10 344 349 4 24 79 9 10 29 5 78 81
356 356 347 339 4 356 355 324 341 340 327 324 316 322 334 18 326 321 314 350 341 308 311 322 331 5 15 300 341 331 353 340 348 337 335 319 340 315 299 320 325 309 314 327 320 349 36 136 151 341 299 145 226 253 247 249 248 246 254 248 314 244 272 325 323 295 262 317 207 315 100 31 351 34 34 34 333 54 3 73 60 49 353 68 74 18 353 5 347 28 26 12 36 40 3 77
359 358 348 348 357 354 353 322 342 341 327 322 319 326 351 327 326 322 314 346 335 304 312 326 340 18 12 356 344 323 355 341 335 342 345 338 340 319 330 324 298 317 326 327 332 331 8 168 171 357 329 332 267 267 267 280 271 315 318 262 259 313 275 305 331 302 290 329 244 258 330 4 351 356 323 46 323 351 356 71 66 60 334 2 32 35 26 3 18 355 17 6 6 32 41 78
0 357 352 358 355 355 324 323 347 347 326 321 335 330 334 328 325 322 354 339 301 302 311 327 337 17 13 2 345 319 349 335 326 344 352 354 354 335 343 249 264 269 304 332 337 331 352 198 191 360 334 297 281 271 271 277 278 271 269 272 271 317 273 315 306 338 334 332 319 272 312 352 323 352 335 329 328 336 347 67 353 65 61 332 358 31 30 30 28 12 9 26 68 33 16 83
359 359 356 356 353 354 356 348 352 329 325 320 322 341 4 329 360 2 350 334 300 300 308 320 344 19 13 0 349 316 336 347 332 333 351 349 346 339 358 273 277 278 279 343 340 336 340 35 220 232 323 327 271 260 262 265 322 275 276 276 275 318 276 272 314 314 321 328 329 318 314 342 299 327 333 333 335 336 327 314 322 352 0 6 7 9 17 10 26 32 17 13 17 27 67 81
353 0 358 355 354 355 358 354 355 328 323 319 322 351 4 2 356 351 315 307 299 298 306 312 358 20 16 2 352 331 338 4 337 307 346 342 346 353 277 279 273 260 239 356 353 332 343 232 237 240 319 310 308 254 260 264 269 314 274 274 274 276 279 275 317 321 322 324 329 330 288 310 310 323 332 335 338 347 331 37 34 313 342 356 5 2 11 59 58 11 12 39 63 61 61 67
355 1 1 357 354 355 331 331 331 329 323 319 324 350 355 2 357 337 316 309 301 295 296 345 6 20 17 5 357 350 356 343 331 278 327 344 341 347 338 268 261 245 226 352 351 330 347 239 347 308 312 308 281 257 260 263 267 272 273 305 309 310 279 280 321 306 327 322 325 330 338 327 326 9 8 328 326 332 343 335 321 32 336 348 5 14 23 30 53 57 58 58 57 57 57 59
