examples/cougarCreek-fire/createInputs/WindNinja/wrfout_d3.2015081012.f16/cougarCreekFire_08-11-2015_0400_217m_non_neutral_stability_vel.asc
ncols	146
nrows	140
xllcorner	610065.000000
yllcorner	5095217.000000
cellsize	216.586807
NODATA_value	-9999.000000
[rows 36 to 71 of 140, columns 0 to 80 of 146]
13.28 14.85 14.52 12.99 15.83 20.82 22.15 16.06 20.08 22.12 23.66 25.24 25.83 29.22 32.38 32.69 33.31 34.05 34.58 36.49 41.00 42.57 42.57 39.56 31.43 24.12 29.45 32.16 30.30 26.90 23.19 19.73 20.19 19.06 14.70 10.52 8.10 5.35 3.66 1.89 1.11 2.27 3.67 6.25 4.77 6.11 7.94 10.23 15.02 7.97 10.20 11.74 14.54 16.16 14.68 12.09 10.16 8.57 7.55 6.99 6.48 6.45 6.48 10.14 7.27 5.47 5.88 6.49 7.08 11.16 8.24 8.32 7.29 6.06 5.60 6.01 6.83 7.66 10.59 9.35 10.50
16.94 15.79 12.21 12.80 17.22 20.53 19.66 23.05 23.28 23.66 24.16 23.44 23.86 27.70 31.52 35.21 39.24 40.82 39.43 34.24 32.35 33.93 33.89 30.56 22.84 17.15 19.94 18.40 22.56 29.64 28.95 16.22 16.92 20.66 19.43 15.34 12.19 9.77 8.29 6.82 2.40 4.61 2.75 3.27 3.40 1.68 0.39 8.08 14.90 16.31 17.94 11.16 12.93 15.62 14.04 12.98 10.33 8.18 7.60 7.43 6.55 5.98 5.73 5.70 5.70 5.72 5.68 5.86 6.15 6.68 7.15 6.79 12.58 6.34 6.86 7.05 7.35 7.90 8.70 9.59 10.20
7.62 9.15 10.06 15.56 21.21 24.51 22.43 20.94 24.24 22.45 23.33 22.28 24.10 24.41 25.05 26.13 27.39 27.46 25.18 22.33 22.59 23.29 22.83 22.79 22.07 18.38 19.81 16.39 19.08 31.98 34.24 17.55 14.14 13.55 12.56 12.35 11.23 7.67 5.90 8.44 7.33 5.65 0.39 0.95 2.27 2.90 2.08 1.85 12.76 14.38 19.76 18.01 19.12 14.49 13.75 13.13 10.99 9.70 7.75 7.65 7.33 7.20 7.37 7.50 6.65 7.50 6.39 6.18 6.07 6.16 6.29 5.77 5.63 6.57 7.13 7.35 7.78 8.34 8.67 8.90 9.13
10.44 13.19 17.76 19.98 22.07 24.79 17.71 22.97 19.42 20.08 19.26 19.76 21.13 19.83 20.89 21.58 22.51 23.13 23.01 22.57 21.41 19.87 17.42 19.99 21.32 16.07 12.88 12.13 22.20 31.51 35.54 26.07 19.23 11.95 8.95 8.90 10.60 11.70 11.05 3.48 2.10 6.49 0.35 0.37 3.82 7.74 11.08 14.69 16.96 18.50 18.94 19.72 18.81 19.08 19.46 13.73 11.19 9.67 9.00 7.80 7.32 7.09 7.52 8.25 8.46 8.51 8.59 7.97 8.12 8.00 7.80 6.64 6.65 6.60 6.52 6.79 7.21 7.57 7.94 8.22 8.43
15.82 20.73 23.49 24.52 20.38 18.37 16.53 20.92 18.89 19.70 19.78 18.17 18.03 18.75 22.59 22.41 22.71 22.68 19.45 15.63 14.51 16.27 17.08 22.25 21.45 15.20 10.39 8.74 12.13 24.50 30.39 28.16 22.48 12.83 8.87 8.82 9.15 9.99 11.51 7.27 5.67 4.07 3.13 0.64 0.75 3.22 5.76 8.65 10.03 19.12 19.76 20.35 21.91 19.43 9.51 8.70 14.50 12.97 5.20 11.84 12.62 9.10 8.09 8.79 8.99 10.41 10.64 9.04 9.27 9.33 9.13 8.64 8.74 7.97 7.31 6.55 6.23 6.11 6.75 7.69 8.32
16.57 18.01 21.13 21.12 17.55 16.48 15.69 19.18 19.47 20.52 20.44 21.16 22.10 23.38 25.25 23.22 22.22 19.64 15.57 13.57 12.75 14.78 20.29 24.38 17.68 12.46 10.19 9.28 8.65 19.51 30.89 33.82 22.38 13.30 10.28 9.37 9.52 8.19 7.13 7.76 7.60 6.42 5.68 5.49 7.09 7.18 4.13 7.17 13.96 15.66 17.68 16.73 13.40 18.76 17.78 15.84 12.52 10.88 6.06 5.90 10.29 8.40 9.64 11.16 11.78 12.30 13.08 14.16 14.10 14.38 14.37 13.52 10.51 11.06 10.34 9.11 7.08 6.65 5.57 6.34 7.85
14.21 17.99 18.17 14.46 13.84 16.50 19.05 18.08 20.77 22.16 22.59 24.13 25.90 26.42 25.05 23.35 20.54 17.91 16.20 14.32 14.46 19.52 24.45 22.18 15.26 11.19 10.92 9.85 10.20 20.85 36.55 44.25 37.90 25.11 17.28 12.94 10.49 8.89 7.98 7.23 6.45 5.56 5.48 5.88 7.68 9.35 12.10 14.59 16.69 9.73 17.96 17.62 15.05 15.39 14.48 9.48 7.59 8.60 8.46 9.92 6.40 9.98 12.46 13.54 10.32 9.93 9.80 9.41 9.18 8.79 9.09 9.37 9.40 10.26 10.95 12.54 13.19 9.73 5.91 4.71 6.58
13.07 12.70 10.73 21.52 20.14 19.15 18.61 19.99 22.19 22.76 25.10 29.47 27.56 24.48 23.76 23.65 19.83 19.60 18.30 17.52 18.59 23.02 22.41 18.62 14.89 12.63 14.08 12.74 11.93 19.28 35.09 46.64 49.95 45.54 34.54 21.62 14.03 10.39 8.43 6.64 5.49 5.20 5.35 6.32 7.88 9.38 11.38 13.62 17.54 18.95 18.87 19.37 18.97 17.65 15.21 13.65 13.33 12.76 12.70 10.54 8.83 7.10 7.96 8.23 7.86 7.77 7.84 7.86 7.06 7.35 6.87 6.85 6.90 7.22 7.73 8.94 9.63 10.47 10.37 4.88 4.89
17.16 19.74 23.64 18.56 23.73 24.68 20.57 23.63 24.76 27.17 31.79 28.49 24.46 22.45 21.11 21.82 19.25 20.33 18.00 17.69 19.68 20.63 19.38 17.41 15.44 15.79 17.04 12.90 11.53 16.86 31.13 41.56 50.58 52.26 45.50 35.03 22.85 15.51 11.31 8.66 5.40 4.57 5.57 4.95 6.09 7.91 11.74 13.98 17.56 18.40 19.06 19.72 21.25 19.98 18.14 16.07 11.37 7.73 6.40 6.06 5.74 5.88 6.22 5.93 6.31 6.83 6.65 6.33 6.55 6.81 6.81 6.83 6.97 7.10 7.09 6.79 6.67 7.01 8.04 8.67 4.54
13.05 13.77 22.34 26.98 26.25 25.88 26.59 26.64 27.77 30.22 18.16 21.58 20.50 18.14 18.10 19.25 20.22 16.93 13.60 13.70 15.01 18.06 18.90 20.49 18.38 17.37 16.35 10.94 8.12 15.95 27.42 34.66 42.48 48.04 46.47 38.82 29.93 24.07 18.66 12.99 6.59 3.18 2.40 3.93 5.53 7.35 10.25 11.51 16.59 20.27 22.33 20.68 17.73 15.26 12.84 10.52 7.02 5.40 4.42 4.65 4.41 4.11 4.46 4.83 5.35 5.78 7.79 7.49 6.27 7.87 10.81 8.47 8.55 9.25 9.54 9.32 6.51 7.94 6.86 7.53 6.71
23.61 25.06 25.11 27.41 26.43 27.47 29.61 28.60 28.33 17.63 20.56 18.47 19.15 17.18 17.88 17.42 16.48 13.81 13.06 13.75 15.45 21.59 22.74 22.01 20.13 16.40 13.26 9.38 8.68 18.50 25.92 30.94 35.97 41.98 41.89 34.86 29.34 26.90 23.77 19.59 15.03 11.40 9.98 9.10 7.98 9.78 10.15 12.68 16.89 16.80 13.82 14.51 14.41 12.63 10.06 7.45 4.77 2.82 2.35 2.78 3.48 3.87 4.15 4.44 4.55 5.88 4.85 4.99 7.62 5.09 4.61 4.37 4.47 8.61 8.76 8.63 5.50 8.93 7.26 5.00 7.64
28.10 26.31 23.38 24.96 26.67 27.31 22.31 25.07 22.31 20.68 17.58 18.53 17.27 16.71 16.02 13.92 10.81 13.15 15.55 17.94 20.55 24.04 22.28 19.23 16.10 12.87 9.32 7.36 9.05 17.44 24.27 28.09 31.49 38.19 37.29 30.32 24.87 25.28 25.86 24.29 21.83 17.69 16.69 15.40 12.91 7.02 9.19 15.13 10.56 11.86 12.46 11.96 12.04 11.79 8.96 5.52 2.75 1.36 1.29 1.88 3.34 3.90 4.46 4.86 3.84 3.73 5.37 5.63 3.66 3.53 3.34 6.71 7.57 7.94 8.05 8.23 4.62 4.75 4.06 5.19 4.45
29.87 26.89 25.65 29.90 25.02 21.48 15.74 20.01 16.56 17.35 17.48 16.69 16.26 15.43 11.24 15.74 18.41 19.93 21.59 22.33 22.01 23.13 19.65 16.46 12.43 11.16 8.71 7.61 9.97 16.04 20.17 25.33 28.81 37.51 33.57 28.92 21.52 22.77 23.69 26.17 23.66 18.25 16.15 16.59 12.72 10.39 14.31 11.95 13.04 12.93 12.84 12.34 10.43 8.34 6.03 3.17 1.22 0.47 0.56 0.92 1.53 2.01 2.33 2.81 3.02 2.77 2.12 1.83 4.77 5.46 6.71 10.07 7.82 8.27 10.22 8.50 8.39 5.06 10.52 6.78 2.83
30.72 28.71 25.68 22.26 19.91 20.77 18.42 16.00 14.92 16.98 16.65 16.28 16.32 14.89 19.40 23.62 26.18 27.38 27.29 25.26 20.21 22.51 20.30 15.24 14.24 13.62 10.96 10.38 9.36 5.66 18.74 16.89 25.07 34.27 34.15 30.04 21.82 21.55 20.37 20.97 17.64 16.99 12.08 13.36 14.23 11.45 10.19 13.38 14.72 14.48 15.06 15.07 13.08 9.70 6.35 3.62 2.04 0.98 0.48 0.85 0.99 1.34 1.92 2.29 4.37 4.46 4.44 4.84 8.13 8.65 8.56 6.44 7.36 7.40 6.98 7.61 8.69 9.78 5.19 5.60 4.27
32.20 29.31 23.13 19.27 19.79 12.91 11.78 14.88 15.99 16.90 16.19 14.71 16.03 20.60 26.58 29.29 26.69 26.52 24.86 22.28 19.87 20.59 19.45 18.38 17.59 15.17 12.27 9.77 2.61 3.70 17.92 13.72 21.20 32.21 36.26 32.71 25.87 23.72 20.59 18.55 18.28 15.86 12.20 9.49 10.15 9.16 7.53 10.75 13.97 15.68 15.92 15.31 13.64 11.03 6.96 3.04 1.82 0.92 1.04 1.66 1.49 1.52 1.45 1.82 1.84 1.96 2.01 1.80 1.88 2.18 2.68 3.20 3.54 6.80 7.05 6.78 3.56 4.16 4.29 8.03 2.47
32.83 27.34 21.72 20.20 13.91 15.62 18.01 18.07 17.14 17.56 14.95 19.06 21.38 25.53 20.89 28.19 24.27 23.85 21.68 20.66 20.70 19.83 18.50 19.76 16.52 13.10 10.72 7.89 4.08 6.02 16.44 12.05 19.93 31.80 34.86 32.47 28.25 26.16 22.61 19.74 17.48 15.21 10.92 7.59 7.33 8.07 2.27 6.32 10.11 12.86 14.41 14.73 14.30 12.00 7.02 2.14 0.46 1.65 1.66 2.06 2.35 2.67 1.62 1.85 1.54 1.77 4.56 2.03 8.07 5.34 4.20 6.26 6.66 6.04 6.10 3.19 3.35 4.04 4.46 7.61 4.04
31.11 25.40 21.06 19.87 19.44 20.29 19.15 18.88 20.05 19.29 20.14 26.40 30.98 28.76 26.46 23.45 21.62 20.11 19.50 20.55 21.00 19.28 16.11 7.83 17.94 11.15 6.43 6.38 9.88 16.00 15.86 10.33 20.02 32.26 32.18 28.75 25.88 24.62 21.85 19.54 17.27 14.80 10.85 8.19 9.79 7.20 8.49 4.75 6.73 9.20 12.24 14.40 14.41 12.38 7.05 2.09 0.93 1.14 2.10 2.31 2.57 6.68 3.84 2.15 1.65 1.38 1.50 1.59 3.93 4.71 3.13 3.39 3.66 3.79 3.75 3.40 3.52 4.27 4.98 4.96 9.41
29.93 28.87 25.23 24.40 23.77 24.50 23.07 22.09 22.91 21.43 26.37 20.44 27.42 22.00 19.43 19.59 18.78 16.68 16.52 18.98 19.75 20.94 17.37 20.16 19.51 10.71 10.62 15.40 17.14 17.01 16.06 13.84 19.90 33.31 31.01 26.16 23.10 21.68 19.90 18.65 18.11 16.69 12.99 9.37 8.46 10.43 13.68 13.06 13.77 11.49 10.56 12.82 13.17 11.95 8.01 2.78 2.04 0.77 2.19 1.91 1.72 2.47 2.81 2.94 2.78 2.20 1.66 2.23 3.19 4.84 5.16 4.64 4.41 4.98 5.89 6.44 9.44 7.75 8.73 4.34 4.35
32.86 31.96 28.24 29.60 31.44 27.82 25.01 21.05 23.52 24.37 19.89 14.46 21.47 18.81 14.70 15.39 16.31 14.39 15.41 17.66 20.13 21.72 20.91 20.98 19.84 17.64 18.61 17.75 13.94 14.51 16.56 11.80 18.24 32.46 30.35 26.04 27.26 26.63 23.93 22.94 23.40 22.59 18.51 12.24 8.02 9.86 13.46 16.79 18.18 19.07 14.11 14.61 11.77 10.77 7.44 2.83 0.74 0.47 1.35 1.36 1.42 0.88 1.93 3.00 3.58 3.12 2.20 2.45 3.95 5.42 8.39 7.73 4.45 2.94 4.70 5.35 5.04 3.17 4.94 6.28 8.42
36.17 32.16 30.02 31.10 22.18 23.03 20.19 21.73 29.22 29.03 15.16 9.26 20.38 17.68 13.92 12.82 15.04 13.89 16.12 19.85 20.81 21.44 20.01 18.20 16.74 16.96 15.92 12.81 9.71 14.00 17.65 8.33 16.03 28.72 29.08 22.74 23.34 24.95 26.86 26.30 26.40 27.99 24.34 20.63 13.36 8.84 10.88 15.47 17.66 18.18 18.88 14.91 13.40 9.27 6.67 3.37 1.33 1.61 2.49 3.37 3.84 4.03 5.03 5.24 1.65 1.58 6.76 6.95 6.94 2.64 2.54 1.98 6.79 5.97 3.39 3.37 4.99 7.35 7.90 2.92 8.25
36.79 29.39 21.04 20.06 16.88 16.17 14.53 26.56 20.85 19.60 9.37 16.63 7.11 17.33 11.86 11.90 13.61 13.12 18.77 22.28 20.28 19.48 18.94 16.25 14.48 15.28 13.07 10.20 9.80 15.23 16.04 11.30 14.83 25.36 24.61 16.50 17.76 20.12 21.84 23.00 23.20 25.19 26.22 24.05 19.02 13.89 9.58 9.44 10.43 17.84 18.78 16.05 14.38 8.78 6.06 5.96 4.42 5.11 6.37 7.16 5.66 4.45 2.07 1.44 1.46 1.29 4.51 1.15 1.53 1.60 1.71 4.78 6.07 6.52 2.66 2.92 1.78 0.85 1.75 2.56 7.43
30.64 27.31 17.82 13.27 11.35 8.14 16.95 25.58 18.25 12.88 11.32 12.16 12.92 13.45 9.68 7.91 7.67 7.58 21.43 22.79 18.70 17.50 15.60 12.95 13.43 14.78 11.65 8.42 13.16 17.68 13.89 7.81 7.59 16.90 18.54 12.85 17.53 19.01 17.34 20.11 20.83 21.63 24.04 23.96 20.28 18.02 13.16 13.00 12.70 10.38 9.97 18.59 11.07 10.49 6.79 10.46 10.08 3.15 3.55 3.35 3.40 4.15 1.42 1.60 1.69 1.68 1.51 1.44 1.43 1.45 1.85 2.27 6.42 1.11 1.48 1.89 1.74 1.85 2.87 7.28 7.37
24.74 18.63 19.29 5.69 11.39 18.78 26.30 15.79 7.69 11.72 8.40 7.79 10.34 11.52 8.59 5.50 13.47 20.21 17.92 15.51 18.69 18.09 13.59 10.45 13.99 12.20 8.88 9.17 14.63 15.52 9.02 4.36 2.85 12.14 17.53 14.55 17.32 19.13 18.58 21.48 19.57 18.63 20.07 23.18 22.54 19.57 16.74 14.33 13.30 11.84 9.39 8.95 9.71 9.42 10.39 4.13 2.06 2.00 0.83 0.47 2.89 3.62 3.84 3.66 3.94 4.26 1.77 1.64 1.22 0.93 0.96 4.52 1.07 1.55 2.35 3.23 3.64 4.06 7.50 7.49 4.16
21.60 16.13 11.46 15.02 17.64 19.83 13.44 9.46 10.72 9.85 8.72 7.73 9.70 6.16 7.36 12.34 20.45 24.00 17.09 11.02 18.14 15.76 11.77 14.91 14.80 9.94 7.54 11.66 14.63 11.84 6.27 6.95 10.07 14.30 22.34 16.63 15.61 19.82 19.86 18.63 19.50 19.34 17.58 18.70 20.02 20.75 19.24 16.13 10.67 8.74 6.84 6.01 4.80 3.16 2.19 1.78 1.37 0.85 0.64 0.85 1.22 1.33 1.39 1.59 1.81 2.06 4.42 4.77 4.24 2.75 0.61 1.06 2.33 3.42 4.05 4.42 4.55 4.97 8.40 7.75 8.01
18.62 13.82 18.76 18.77 23.43 12.14 6.87 10.18 11.20 5.89 5.70 8.15 8.08 7.84 13.48 21.52 28.11 24.96 15.54 11.14 19.32 18.50 16.52 16.60 13.19 8.62 9.39 12.58 11.50 7.26 8.98 10.98 11.95 13.39 21.75 17.76 15.34 18.78 18.84 17.60 16.68 17.63 16.44 14.94 14.90 14.23 14.39 9.37 6.87 4.27 10.62 4.10 2.23 2.27 1.87 1.20 0.98 1.47 1.63 1.65 1.64 1.63 2.09 2.32 2.18 2.81 2.60 0.56 0.25 0.44 1.77 3.65 4.40 4.82 5.02 4.97 7.36 7.65 5.80 6.06 6.12
14.75 22.00 16.90 19.27 16.61 7.10 6.00 10.77 6.12 7.76 7.17 7.07 12.73 17.09 23.03 30.51 30.89 22.55 14.48 11.69 19.43 19.26 18.50 13.11 11.95 10.13 10.68 10.03 7.70 8.64 12.27 14.09 12.72 12.72 18.55 19.94 15.07 17.90 18.89 17.30 15.67 14.83 14.30 12.34 10.91 10.20 10.23 10.01 4.15 8.42 8.02 8.26 8.42 7.34 3.53 3.14 3.45 3.97 3.93 3.56 3.22 3.14 3.41 3.32 2.66 1.79 1.62 2.22 3.17 3.89 4.88 5.60 5.42 5.23 6.82 6.97 5.67 5.83 6.04 6.38 6.57
22.64 23.10 15.73 15.29 11.40 8.88 9.34 10.65 8.41 7.97 6.54 16.29 20.80 24.96 30.77 33.99 28.30 18.72 13.27 23.81 21.07 19.11 19.77 17.80 15.42 12.53 10.90 9.55 8.80 11.13 13.86 14.06 7.14 14.66 17.05 18.31 17.66 16.84 18.27 16.72 16.07 14.00 13.33 12.90 10.84 9.76 7.38 5.56 5.40 5.21 5.89 7.03 5.75 3.12 3.29 3.83 4.59 4.78 4.76 4.98 4.98 4.85 4.88 4.73 4.24 3.94 4.50 5.12 5.44 5.69 6.01 6.15 5.79 5.47 7.11 5.93 6.03 5.88 5.77 5.86 5.99
26.19 17.40 8.76 7.63 11.81 8.11 11.28 9.59 6.53 13.55 20.31 23.84 26.14 30.35 35.03 32.92 23.42 15.28 11.56 22.75 21.74 20.55 19.46 18.64 15.33 13.62 11.67 9.48 9.44 12.36 14.85 10.90 10.82 17.75 14.60 18.04 17.58 17.00 16.75 15.99 15.45 12.71 11.42 11.62 10.70 9.89 8.83 7.46 6.17 4.90 6.12 5.75 6.38 2.78 3.01 3.60 4.24 4.45 4.59 4.83 5.00 5.22 5.55 5.64 5.64 6.04 6.70 6.67 6.16 6.01 6.22 6.41 6.23 6.03 6.56 5.93 5.75 5.44 5.22 5.29 5.37
12.56 15.15 10.38 4.48 6.11 7.00 4.84 4.23 19.21 26.54 29.02 29.28 31.80 36.05 35.70 28.39 18.33 15.99 14.54 21.54 20.63 20.40 17.63 17.35 15.16 14.74 10.96 9.29 10.73 13.08 12.51 17.68 15.67 20.70 16.22 17.78 17.96 15.09 15.22 15.23 15.07 12.05 8.42 9.85 9.96 8.80 9.13 7.80 3.27 6.19 4.42 5.24 5.31 5.20 3.51 3.43 3.90 4.31 4.41 4.41 4.58 4.99 5.23 5.34 5.69 6.07 6.33 6.17 5.82 5.67 5.95 6.38 6.40 6.19 5.85 5.31 4.97 4.72 6.39 6.58 6.13
14.39 20.84 14.53 7.69 7.77 9.72 15.56 24.52 30.60 32.27 31.36 32.68 35.33 34.44 28.39 20.77 12.94 13.65 21.85 20.49 12.13 17.55 17.11 18.74 15.66 12.50 9.39 4.29 9.97 10.80 13.19 19.70 18.16 18.34 16.68 15.71 14.91 13.87 14.91 14.71 14.35 12.47 8.54 8.31 8.48 8.34 8.13 6.83 3.41 2.95 5.70 4.22 4.75 4.37 3.44 3.47 3.79 4.07 4.25 4.27 4.46 4.79 4.84 4.85 5.11 5.26 5.17 4.95 4.89 5.12 5.26 5.45 5.65 5.70 5.47 4.85 4.27 4.18 4.27 4.53 4.41
23.32 18.50 14.35 12.06 15.71 22.09 28.63 32.65 32.94 31.41 30.46 31.18 30.93 26.36 20.96 16.01 14.43 13.34 18.80 21.07 21.68 12.76 18.84 19.63 14.87 11.06 3.00 4.39 8.44 10.95 14.75 19.72 19.93 17.92 17.40 15.28 12.25 14.24 13.82 9.72 13.18 12.66 7.74 6.18 6.94 7.35 7.54 6.51 7.37 2.18 2.15 3.57 4.90 0.68 3.03 3.34 3.58 3.78 4.16 4.42 4.69 4.88 4.91 4.84 4.88 4.95 4.86 4.69 4.58 4.73 4.80 4.60 4.94 5.38 5.54 6.67 4.70 4.43 4.75 4.97 4.76
17.25 17.79 16.02 19.99 26.36 32.15 34.71 34.14 31.88 29.64 29.17 27.00 25.36 22.86 19.80 14.80 14.40 13.06 20.18 21.33 18.14 9.42 12.50 19.91 16.46 10.95 2.78 5.68 12.15 18.04 18.79 20.76 18.99 15.89 16.18 14.85 11.29 12.72 13.98 8.88 13.59 13.60 8.98 7.24 4.15 5.03 6.07 6.29 3.56 2.03 2.25 3.80 5.43 4.28 3.29 3.75 3.63 3.75 4.43 4.86 4.97 5.05 4.99 4.89 4.95 5.06 5.01 5.10 5.05 4.99 4.41 4.45 4.16 5.05 5.34 5.51 5.43 5.35 5.16 4.77 4.39
19.13 21.48 22.14 27.24 32.74 34.82 35.00 31.52 28.79 26.60 24.99 23.26 22.19 21.81 20.00 14.28 14.10 20.50 19.33 22.14 18.31 17.10 19.31 16.49 15.18 4.88 1.65 7.30 14.53 19.13 18.33 16.42 19.02 15.31 14.30 13.37 12.71 13.50 13.11 8.10 13.56 11.85 10.19 7.98 5.62 4.86 3.27 4.25 2.48 4.50 2.10 3.28 3.97 2.44 2.97 1.23 3.64 3.82 4.61 5.03 5.05 4.88 4.68 1.95 4.98 5.13 4.95 4.98 5.31 5.32 4.91 4.71 4.99 4.53 4.90 4.23 4.62 5.15 4.98 4.62 5.49
20.66 19.95 20.06 27.91 31.66 30.23 27.77 25.57 24.06 23.37 22.16 20.62 20.19 20.05 23.32 14.05 14.37 19.37 19.59 21.00 18.67 17.04 16.03 15.01 14.77 4.21 7.51 9.53 18.58 19.07 14.69 18.20 17.63 16.46 15.84 12.85 11.98 11.74 13.28 7.11 9.18 8.97 12.15 9.05 6.14 4.53 3.39 4.11 2.96 2.87 2.74 3.39 3.42 2.41 1.86 4.27 0.40 3.39 4.07 4.79 4.81 4.61 4.51 4.60 4.94 4.95 4.46 3.95 4.28 4.89 4.99 4.92 4.68 4.51 4.22 4.88 3.30 5.22 4.19 4.36 4.55
20.34 17.16 19.95 27.51 27.66 24.31 22.05 21.25 21.37 24.67 20.17 19.20 18.49 18.04 18.79 14.36 14.99 17.86 20.08 20.29 19.62 18.72 15.13 14.69 13.56 3.40 10.63 11.57 20.45 17.25 12.16 15.94 18.45 16.40 16.00 12.09 12.55 14.31 13.05 5.79 4.48 6.93 9.26 9.57 7.00 4.39 5.46 4.16 2.76 1.27 0.67 3.58 3.46 1.25 0.73 2.68 3.17 1.49 3.47 4.45 4.68 4.54 4.71 5.03 5.22 4.94 4.14 1.70 2.78 3.23 4.03 4.40 3.74 3.74 4.28 4.42 4.62 4.27 4.17 6.22 5.33
16.33 17.32 24.12 26.31 24.99 21.54 19.78 23.82 23.83 23.94 23.13 22.64 21.18 20.62 19.03 14.27 15.56 17.28 19.01 19.62 18.19 17.40 13.02 11.55 6.95 5.26 9.66 18.23 21.50 15.20 14.13 19.79 18.43 16.28 14.10 13.69 13.72 13.49 12.14 1.41 5.58 11.50 7.89 13.14 7.78 4.71 4.18 3.85 3.82 2.86 0.30 0.60 2.29 2.04 2.68 1.81 2.84 3.56 3.29 4.43 4.81 4.68 4.88 5.07 5.14 4.90 4.14 3.19 2.37 2.08 2.53 3.24 3.46 4.14 4.64 4.33 3.49 3.61 3.37 3.86 5.52
