examples/cougarCreek-fire/createInputs/WindNinja/wrfout_d3.2015081012.f16/cougarCreekFire_08-11-2015_0400_217m_non_neutral_stability_ang.asc
ncols	146
nrows	140
xllcorner	610065.000000
yllcorner	5095217.000000
cellsize	216.586807
NODATA_value	-9999.000000
[rows 88 to 131 of 140, columns 0 to 95 of 146]
358 2 356 355 357 355 353 356 332 330 324 321 327 336 355 1 356 320 315 307 302 295 290 355 16 27 28 11 1 358 0 351 336 283 310 343 337 339 248 250 245 234 226 338 314 319 331 335 321 243 300 303 255 306 298 265 293 296 271 303 306 307 306 277 316 318 320 319 321 323 328 329 328 317 358 3 8 10 13 334 335 335 338 343 9 356 8 46 48 51 52 53 54 54 54 56
5 3 359 355 357 351 353 356 330 329 323 335 327 331 356 3 354 315 314 307 304 301 302 9 36 298 298 336 353 356 297 348 340 289 281 345 340 336 239 238 232 311 226 331 283 310 314 317 282 286 287 300 259 265 298 269 294 293 305 301 309 303 304 305 309 307 312 314 313 315 320 331 338 335 327 321 329 331 16 328 327 326 23 27 337 34 37 37 42 45 48 50 51 51 52 55
8 6 360 358 358 357 358 355 329 327 323 339 328 335 353 316 353 313 312 308 308 305 346 21 305 300 299 355 345 352 356 346 345 320 282 321 344 332 234 232 232 263 227 292 290 287 301 251 246 250 277 289 261 266 271 301 272 293 275 275 301 306 277 309 313 311 308 310 306 308 314 329 307 312 331 335 338 344 334 24 18 17 19 22 26 29 33 36 38 41 46 49 50 51 53 54
10 5 356 357 356 356 357 354 327 326 322 321 328 334 328 359 347 314 311 309 312 313 0 21 305 299 0 355 357 350 345 341 336 331 311 331 350 332 230 312 265 297 225 298 306 298 272 249 252 254 259 261 281 278 282 294 295 293 300 276 304 296 305 301 315 292 314 309 306 306 310 319 316 309 338 334 337 346 347 332 333 346 342 21 25 27 32 36 34 40 46 50 52 52 53 53
4 14 352 352 357 350 358 353 351 321 316 337 325 347 324 353 314 338 314 312 317 340 13 309 307 298 343 354 360 356 335 329 332 332 322 339 355 302 325 236 281 307 232 239 242 279 272 271 251 255 259 260 281 263 267 294 292 291 300 298 302 307 297 297 312 293 297 316 307 306 312 322 320 312 328 327 328 330 329 330 333 340 349 358 355 2 7 2 34 39 48 53 53 53 54 54
6 335 333 333 348 343 360 323 352 316 359 342 322 351 347 349 355 341 317 317 322 342 6 20 306 298 347 354 354 344 333 320 335 345 349 327 240 236 239 246 249 248 250 254 253 280 279 249 251 255 257 281 281 264 268 272 285 291 296 297 301 299 294 293 299 314 315 309 309 302 306 325 317 314 328 330 330 329 1 1 4 7 14 341 355 3 359 35 31 36 18 46 44 46 48 48
339 335 334 336 349 344 1 325 322 318 311 353 349 345 346 348 351 350 315 320 323 339 3 13 302 299 351 344 334 347 349 331 354 3 265 260 255 251 254 261 264 263 260 254 247 248 252 253 254 256 258 277 279 265 269 273 284 279 290 297 298 303 297 285 290 296 309 310 309 303 304 320 313 327 330 342 348 338 327 359 3 6 12 17 17 353 356 4 33 37 357 40 41 38 38 41
10 333 344 337 348 344 334 11 324 359 356 353 352 341 345 345 351 355 314 321 322 348 3 304 302 301 346 332 299 5 280 349 2 5 274 269 267 269 271 272 270 266 262 254 249 252 255 256 256 258 261 264 267 268 270 273 278 281 284 285 302 295 292 288 292 297 301 303 304 305 306 312 324 324 332 342 339 344 351 330 1 3 338 343 347 17 360 359 1 35 39 3 37 36 34 32
333 333 352 345 347 351 335 11 5 4 345 351 353 342 343 342 356 1 317 326 331 13 312 309 307 306 342 336 358 18 2 2 24 286 282 279 277 275 273 269 265 263 260 255 253 255 257 258 259 261 263 266 268 270 272 275 279 283 286 288 292 293 289 290 294 296 303 305 305 302 305 312 313 315 326 336 334 338 346 329 360 1 3 7 351 359 359 0 26 27 351 0 357 31 29 29
334 336 349 350 344 5 12 333 7 8 327 358 355 346 325 342 353 352 319 334 335 327 320 314 308 341 308 356 2 312 3 315 308 300 294 290 287 282 274 267 264 263 261 259 258 258 257 258 260 261 263 266 269 271 273 277 281 285 287 290 291 292 291 291 292 295 300 304 306 309 312 315 319 315 322 331 341 332 338 337 356 359 1 7 344 17 24 28 358 27 35 33 33 29 27 34
330 338 345 354 352 338 7 335 333 327 3 6 350 340 325 326 350 342 341 5 331 328 325 320 348 338 344 312 1 3 3 315 313 308 301 297 293 286 276 269 266 268 269 265 262 259 256 256 257 260 265 268 270 271 274 278 283 286 288 290 293 293 293 292 293 295 299 303 306 292 313 316 320 314 317 321 334 329 332 343 333 334 360 342 13 349 4 28 27 2 4 35 33 30 33 32
327 350 345 353 19 335 351 334 333 5 12 325 349 331 328 329 341 339 346 332 331 13 322 322 319 348 352 353 351 4 6 16 311 311 307 301 295 284 267 261 270 278 278 271 263 259 256 254 254 261 268 270 270 271 275 280 283 286 289 291 293 294 294 294 294 296 299 302 305 308 312 316 311 311 314 318 325 335 329 335 336 354 337 347 351 342 349 25 29 33 358 36 31 29 40 339
338 5 340 4 344 355 351 6 355 331 330 325 344 328 331 332 343 335 347 328 329 325 320 356 5 358 351 346 345 6 313 314 313 313 312 307 300 291 277 275 285 293 289 277 268 263 258 254 256 263 269 270 270 272 277 281 284 286 288 290 292 294 295 284 297 298 300 301 304 307 311 314 318 320 324 314 319 323 328 332 339 335 335 336 339 339 15 334 25 359 349 35 34 32 42 349
341 340 339 25 340 356 10 334 332 1 324 0 343 346 336 333 342 333 343 354 322 321 321 320 316 315 353 344 343 13 315 317 315 313 313 313 312 314 314 303 299 300 294 281 272 267 260 256 259 263 265 269 272 275 279 283 284 285 286 289 291 294 295 296 296 298 300 301 303 307 311 313 304 304 304 308 314 318 325 335 330 330 328 328 321 7 319 324 22 333 30 340 348 24 38 41
341 346 349 338 340 3 333 359 340 12 324 358 358 351 348 347 327 327 338 338 322 16 28 319 318 319 358 350 358 318 317 319 317 313 312 316 318 318 315 305 294 283 278 272 267 262 258 257 260 261 263 268 272 277 280 283 284 284 284 287 291 294 295 295 296 298 289 290 292 293 295 297 298 302 310 314 317 318 321 328 325 323 324 328 334 356 338 336 331 320 329 308 29 25 333 346
342 346 349 346 23 331 350 355 359 338 330 7 321 341 4 357 326 330 333 335 19 328 43 344 1 3 358 352 355 319 1 358 318 315 313 313 312 306 297 285 268 257 258 261 262 260 258 260 262 263 264 265 269 275 280 284 285 284 284 286 291 294 286 296 297 290 290 291 295 297 299 300 301 303 309 315 318 319 325 332 330 325 324 327 338 14 25 348 353 32 343 329 320 327 348 348
342 344 346 347 336 14 327 340 17 335 332 329 353 346 327 343 335 331 333 348 339 46 28 319 353 3 358 350 1 359 353 356 317 316 314 311 305 292 280 272 264 258 257 261 264 265 265 266 266 266 263 261 264 272 281 288 290 286 285 287 291 295 296 297 298 290 291 294 306 309 302 305 306 308 309 311 317 320 322 328 325 323 326 325 332 349 347 47 339 40 35 348 43 357 334 334
354 348 344 342 342 326 4 332 343 10 329 331 330 10 329 330 337 330 333 347 16 330 324 356 357 324 354 327 0 357 321 318 317 317 314 311 304 293 287 284 280 274 269 268 270 271 272 271 270 267 263 259 260 267 281 295 296 289 287 288 292 297 298 298 292 293 294 304 306 308 312 305 307 308 310 311 312 315 315 314 323 327 327 325 329 338 346 346 336 352 34 346 353 41 49 334
357 354 345 341 342 337 328 329 14 334 8 325 345 3 326 332 338 330 335 332 14 13 357 324 327 3 323 330 2 326 325 322 321 319 315 312 307 300 296 294 290 285 281 277 275 275 275 275 274 271 267 260 257 263 279 299 302 292 289 291 294 299 299 296 296 298 301 303 305 307 310 314 316 309 309 308 308 307 309 316 317 320 323 317 312 312 324 328 323 321 32 342 332 29 52 348
3 353 345 340 340 337 335 335 331 338 8 350 1 324 349 353 332 334 336 341 25 22 321 353 328 324 355 353 327 327 327 325 324 322 317 316 33 18 326 302 296 290 288 285 280 278 278 278 276 274 270 264 262 268 278 290 299 294 291 293 296 300 298 294 294 297 293 295 296 297 300 304 307 309 308 308 309 310 316 320 319 317 322 323 313 14 311 316 321 309 343 355 326 310 326 334
349 343 345 338 336 334 333 335 339 9 335 8 323 358 357 354 336 336 340 337 32 330 7 1 2 6 356 360 326 354 329 326 353 321 319 23 316 312 311 310 303 297 296 293 288 316 282 279 277 275 274 274 276 278 275 274 282 288 291 294 296 299 297 293 293 291 295 298 298 299 300 312 306 307 307 309 310 312 315 317 320 318 318 326 329 328 317 310 317 319 323 327 311 290 292 315
340 339 351 338 335 334 331 331 339 342 343 330 5 358 3 350 328 341 346 349 20 15 349 353 354 356 357 327 325 353 325 353 323 321 12 317 7 310 310 312 307 303 302 300 357 289 285 282 279 278 278 281 282 278 271 269 275 284 291 294 296 299 298 294 294 298 295 296 297 305 302 309 305 312 313 309 307 307 308 312 314 313 312 320 331 341 336 333 342 328 313 300 307 316 325 333
331 338 339 346 335 334 333 330 338 346 348 330 4 331 330 347 344 8 326 349 8 358 349 351 358 353 352 357 350 356 359 328 16 21 13 13 2 309 343 309 308 305 305 7 357 336 288 286 284 283 283 283 279 275 273 274 279 285 291 294 295 298 299 296 295 297 292 293 295 297 297 296 296 299 304 305 303 302 304 306 309 313 315 318 324 340 338 334 340 339 335 335 317 329 338 332
323 330 340 341 334 331 332 330 337 343 344 334 334 332 356 352 337 331 328 328 328 326 325 358 2 3 353 358 355 331 0 331 20 13 11 1 316 316 314 12 10 10 10 5 355 345 293 291 290 289 289 287 283 279 278 280 283 286 288 291 293 296 298 296 293 293 293 293 294 294 294 292 294 294 295 299 301 304 303 304 311 311 309 310 316 332 334 326 330 339 342 24 331 323 335 37
321 326 334 337 334 330 326 327 335 346 16 342 9 358 348 359 337 332 329 330 330 331 332 4 3 4 0 333 334 1 11 15 6 329 3 343 320 320 9 7 12 10 10 10 0 299 300 297 294 294 296 294 290 285 282 282 282 283 283 286 289 292 294 293 290 289 290 291 293 294 295 298 299 298 297 298 301 302 300 303 314 320 314 319 319 326 338 338 332 334 335 16 20 327 320 327
323 327 330 333 332 324 324 325 327 339 348 22 3 343 348 356 333 330 328 330 335 339 338 5 11 7 359 358 356 358 2 357 355 330 324 323 324 2 3 4 4 5 15 20 0 307 307 303 299 298 300 299 294 288 283 280 278 277 278 281 286 289 289 288 286 285 285 286 287 292 294 295 299 301 299 299 302 304 305 303 311 323 313 312 315 314 326 337 335 342 338 325 343 323 295 281
323 327 329 329 331 329 325 323 326 330 355 341 327 349 356 353 327 325 323 326 332 339 341 7 18 7 355 355 353 354 354 359 336 328 348 327 4 6 357 358 2 13 20 320 317 314 313 308 302 300 300 299 295 290 284 279 275 274 275 277 281 283 283 286 285 285 285 285 286 287 289 290 290 295 298 300 306 311 312 308 313 321 310 303 301 303 315 326 325 333 344 329 328 342 356 318
324 327 329 328 328 331 332 333 331 326 329 338 4 360 341 329 328 327 324 324 342 2 6 29 20 352 357 354 355 352 353 3 7 356 327 328 4 0 322 357 7 12 7 352 342 315 315 311 305 301 299 297 294 289 284 279 276 274 273 272 271 275 276 275 280 281 283 283 283 283 285 285 287 292 296 297 299 301 298 297 305 315 316 314 310 308 319 325 321 324 327 324 324 17 35 334
325 328 328 325 324 327 331 335 337 338 338 336 358 5 335 336 331 328 329 330 334 4 10 20 2 350 354 351 356 353 351 3 5 360 328 8 3 354 324 1 7 5 358 344 336 334 313 311 306 301 297 295 292 288 283 280 278 275 272 268 265 269 272 279 276 276 278 279 280 281 283 285 287 290 293 294 292 290 284 281 285 294 302 303 302 302 313 319 322 331 309 301 292 300 57 91
325 327 325 320 319 322 327 332 337 340 339 329 321 332 335 335 332 332 333 334 337 11 25 13 339 330 355 353 352 345 352 2 12 9 4 359 325 325 356 4 1 359 354 342 333 331 331 310 305 300 296 292 289 285 281 278 276 274 270 266 264 266 278 269 275 274 274 276 279 282 283 282 284 285 286 287 288 289 287 283 283 282 281 286 292 302 317 306 315 46 344 310 286 84 293 358
330 327 323 318 319 322 327 333 337 340 340 338 334 328 354 335 333 333 334 334 337 11 332 354 328 334 356 353 352 346 353 11 13 6 2 354 344 352 5 3 357 354 348 337 331 306 328 323 302 299 293 287 284 281 278 275 273 271 268 266 272 275 267 267 275 275 274 273 275 279 282 277 276 275 275 276 279 280 280 278 283 297 293 290 292 307 339 314 313 50 210 324 323 289 269 307
333 327 323 319 318 320 326 333 333 338 335 333 332 336 333 13 333 336 6 333 355 8 11 325 328 351 355 356 353 351 357 9 7 4 357 350 351 3 9 359 353 349 341 334 327 327 325 319 312 294 290 284 281 279 277 274 271 269 277 275 273 273 276 276 274 274 274 272 270 272 279 279 275 271 269 272 279 283 292 280 275 296 302 295 289 305 344 329 314 165 164 330 148 185 320 243
325 325 324 322 318 319 326 332 334 335 332 326 326 332 339 343 3 8 17 358 4 329 9 358 353 352 347 356 352 338 346 337 2 3 353 352 2 5 3 357 348 346 341 336 332 328 323 317 311 305 298 282 279 278 275 272 279 277 277 276 274 274 274 275 275 274 272 273 269 268 273 277 275 274 272 272 273 275 283 298 276 277 285 281 274 273 298 318 319 188 175 327 167 186 184 196
328 320 322 323 317 319 327 330 330 328 333 328 326 330 335 330 10 19 4 356 4 14 6 7 357 347 349 357 356 330 349 0 3 3 351 358 10 6 3 350 346 343 344 340 336 329 322 317 312 304 297 292 288 285 282 279 278 276 276 277 277 275 275 276 263 262 271 271 268 264 264 271 271 269 265 266 265 268 272 285 276 278 281 275 256 195 182 160 206 306 183 315 183 203 189 201
327 315 317 325 314 314 326 326 324 329 333 332 329 330 332 339 335 26 334 358 360 3 359 354 334 335 358 4 351 333 342 2 3 1 352 3 8 360 357 348 342 347 345 341 336 327 322 319 313 305 297 293 289 285 282 279 277 275 274 278 280 278 275 278 263 261 273 272 270 263 257 255 258 259 259 262 264 264 269 277 269 274 277 275 275 257 241 176 170 238 263 281 309 190 196 200
325 315 312 316 318 315 326 324 319 323 328 334 330 328 328 337 348 32 3 353 359 0 358 353 336 341 6 331 330 335 338 356 355 353 354 3 3 357 351 343 342 346 343 338 334 324 320 320 315 306 298 293 289 284 281 278 276 274 273 276 280 279 274 278 278 260 258 271 269 265 261 258 258 257 257 257 256 254 263 265 271 266 281 272 283 287 281 281 258 250 262 280 298 195 199 198
325 319 313 312 312 318 325 324 319 319 329 340 332 328 325 332 340 350 7 334 3 3 359 353 335 340 337 331 330 335 339 350 353 353 2 4 2 358 352 347 348 348 344 338 331 325 320 322 317 308 299 293 287 283 280 277 275 273 272 274 279 278 276 276 278 259 256 270 267 266 265 264 262 259 257 252 251 251 258 258 260 280 196 285 273 282 300 197 279 263 174 188 198 198 199 205
325 326 322 307 314 316 321 323 320 318 326 336 334 329 326 329 341 349 334 337 329 360 358 357 352 352 335 332 345 335 338 342 357 3 11 5 2 357 355 351 350 349 343 336 330 326 321 322 315 307 298 292 287 281 277 274 272 271 270 271 274 272 271 270 272 277 274 269 259 250 261 263 261 257 255 253 249 248 253 255 250 278 277 281 284 288 197 201 288 250 260 189 197 196 199 209
322 323 324 320 310 316 320 322 322 320 324 333 335 330 326 328 337 358 333 358 355 349 0 0 332 349 354 354 339 339 339 344 5 11 13 4 2 1 357 352 350 350 342 336 332 327 321 321 315 305 296 289 285 281 276 274 271 258 259 260 262 261 260 260 260 259 268 252 250 245 257 261 259 257 223 251 249 243 247 247 246 248 278 256 281 277 200 199 278 240 246 193 199 201 201 203
314 315 328 315 313 320 320 322 327 322 321 327 333 331 326 326 336 338 9 356 350 354 1 360 335 347 348 344 333 337 344 353 6 13 14 5 3 358 354 352 357 353 345 343 334 327 322 320 316 303 294 288 284 263 262 260 259 260 261 262 262 261 260 259 259 258 257 257 250 237 257 259 257 256 251 258 248 242 243 242 237 235 236 237 282 278 206 201 202 248 246 196 201 202 204 205
311 314 317 325 320 310 312 321 322 326 319 321 329 330 326 325 333 338 343 356 353 353 353 347 350 349 350 336 337 342 347 4 12 17 12 3 355 356 358 359 357 322 319 313 307 330 327 330 289 282 275 271 267 265 264 262 262 262 263 263 262 261 259 256 255 253 251 269 269 236 228 260 255 251 250 257 246 240 235 236 237 237 240 237 238 257 253 202 200 264 261 200 204 204 206 213
308 313 317 318 321 317 318 318 320 324 318 317 323 330 325 324 329 338 343 333 351 352 349 346 350 352 350 339 342 349 352 13 18 16 340 2 357 359 1 359 328 326 323 318 313 310 307 303 295 287 280 275 271 267 264 262 262 262 263 264 265 262 257 253 249 245 242 239 234 227 221 218 213 243 246 249 245 238 235 232 231 231 233 235 237 231 232 234 250 253 262 207 206 206 214 216
304 305 319 317 318 317 317 318 321 317 318 323 320 324 330 324 329 333 333 328 326 350 349 346 348 345 349 342 344 351 2 18 16 14 339 335 358 360 334 333 330 329 327 323 319 317 316 312 303 293 287 280 274 269 265 261 260 260 262 265 267 262 253 247 242 236 231 228 224 218 213 210 238 207 239 243 242 240 237 234 232 226 219 223 227 239 229 233 227 232 246 206 211 207 215 250
300 304 314 313 318 316 318 319 319 323 327 317 323 322 329 325 328 340 331 328 329 329 348 349 349 345 339 341 344 0 12 17 16 13 5 352 356 334 335 335 333 331 330 327 323 342 345 319 310 301 293 286 279 273 268 264 261 260 262 265 265 255 244 240 235 229 224 221 218 214 210 206 206 231 233 238 235 235 235 233 231 227 220 220 227 233 244 202 237 234 231 233 242 213 214 245
