examples/cougarCreek-fire/createInputs/WindNinja/wrfout_d3.2015081012.f16/cougarCreekFire_08-11-2015_0400_217m_non_neutral_stability_vel.asc
ncols	146
nrows	140
xllcorner	610065.000000
yllcorner	5095217.000000
cellsize	216.586807
NODATA_value	-9999.000000
[rows 0 to 35 of 140, columns 0 to 80 of 146]
8.01 6.99 7.50 6.28 6.76 5.62 7.63 8.77 8.93 8.40 7.34 6.31 5.32 4.27 4.97 4.29 4.44 5.11 5.72 6.99 8.16 8.89 8.71 7.59 5.99 4.54 4.18 4.78 5.19 4.61 3.72 2.51 5.05 5.66 6.54 7.86 9.10 9.88 10.40 11.20 12.36 13.32 14.11 15.63 17.82 19.18 18.93 18.94 19.84 23.28 21.15 26.12 23.87 28.32 28.32 29.55 30.64 26.01 22.42 24.40 23.83 27.70 23.89 24.15 23.22 27.80 22.16 25.44 28.30 30.51 29.50 25.02 21.45 21.49 23.91 22.98 16.59 14.42 16.34 16.60 18.48
8.01 6.99 7.50 6.28 6.76 5.62 7.63 8.77 8.93 8.40 7.34 6.31 5.32 4.27 4.97 4.29 4.44 5.11 5.72 6.99 8.16 8.89 8.71 7.59 5.99 4.54 4.18 4.78 5.19 4.61 3.72 2.51 5.05 5.66 6.54 7.86 9.10 9.88 10.40 11.20 12.36 13.32 14.11 15.63 17.82 19.18 18.93 18.94 19.84 23.28 21.15 26.12 23.87 28.32 28.32 29.55 30.64 26.01 22.42 24.40 23.83 27.70 23.89 24.15 23.22 27.80 22.16 25.44 28.30 30.51 29.50 25.02 21.45 21.49 23.91 22.98 16.59 14.42 16.34 16.60 18.48
7.32 8.11 8.73 5.67 7.43 8.91 8.26 9.38 11.57 9.70 7.79 5.52 6.73 2.75 4.90 3.98 4.35 5.02 5.83 7.19 8.44 9.17 8.80 7.48 6.07 5.32 2.56 2.93 5.10 5.08 4.63 4.41 3.68 4.30 7.25 8.63 7.31 11.49 11.50 13.72 14.68 16.48 15.47 16.62 20.62 19.89 22.23 21.83 25.00 26.42 24.48 22.25 24.54 28.46 26.57 25.77 26.70 24.59 22.88 25.35 30.22 23.25 23.78 27.64 28.38 26.20 23.94 27.31 33.34 28.35 24.90 21.62 18.78 22.40 25.02 29.37 27.96 15.45 17.02 17.65 20.20
2.37 6.72 8.78 6.96 5.89 7.20 8.94 10.40 11.76 11.05 9.06 6.74 7.03 5.02 1.81 2.33 3.86 5.74 6.29 7.29 9.31 9.97 8.65 8.20 6.82 5.20 3.37 2.41 4.77 4.75 5.91 4.29 2.08 3.53 4.21 5.31 6.93 9.86 11.99 12.77 13.97 15.04 15.30 16.82 17.48 20.14 19.36 17.15 22.51 24.37 24.78 25.47 27.28 27.29 22.56 18.85 20.83 13.12 16.12 19.86 21.29 19.53 18.90 24.54 23.39 16.38 27.57 25.34 34.65 23.25 27.85 17.84 21.59 25.12 26.79 27.29 24.17 18.25 19.12 20.70 23.65
4.74 9.18 8.36 8.17 6.44 7.77 7.92 10.01 10.29 11.93 12.53 10.44 12.15 9.53 5.48 2.05 3.81 6.62 7.08 7.67 9.79 10.77 10.80 3.81 7.91 6.49 4.62 2.93 4.13 4.92 5.02 4.90 2.30 4.26 5.33 5.72 7.12 9.65 13.06 14.52 15.38 15.65 17.39 18.31 18.30 20.20 18.97 19.16 23.87 26.95 28.38 27.38 26.41 23.30 21.54 18.58 17.61 12.70 14.72 23.13 21.09 22.62 20.69 26.78 19.31 25.75 24.27 26.81 22.27 28.26 18.51 21.13 24.60 27.39 30.41 29.93 17.29 17.77 20.71 23.51 26.00
3.03 9.19 7.23 9.62 6.76 6.44 7.57 9.12 10.16 11.87 13.38 13.46 12.46 12.31 7.48 6.13 3.45 7.62 8.60 9.51 9.86 10.60 10.66 7.02 2.60 7.17 5.13 2.30 4.03 5.47 6.34 6.07 2.82 5.13 5.58 6.23 7.87 10.04 13.58 15.07 15.48 16.09 18.68 19.32 18.52 20.45 21.56 22.80 27.14 28.48 25.76 23.71 24.03 20.02 18.28 15.76 11.45 14.79 22.63 16.59 23.56 23.85 24.31 24.52 23.18 22.83 31.55 28.04 27.89 15.55 21.74 19.17 22.71 24.95 20.88 16.01 22.45 17.68 22.22 24.79 26.82
7.38 9.55 6.06 7.34 8.19 6.49 7.36 9.55 10.84 10.71 12.71 14.53 12.80 14.46 12.41 8.10 3.43 6.77 9.53 10.24 10.05 10.07 10.32 10.17 3.35 8.99 2.62 3.06 4.39 6.76 6.74 4.15 4.12 6.81 5.79 6.20 8.56 10.01 12.81 14.20 15.10 17.46 19.57 20.10 19.90 22.37 24.47 26.30 20.73 20.77 18.82 18.27 21.30 19.84 14.26 13.49 14.23 14.92 20.04 21.88 22.90 24.73 25.72 15.77 20.51 28.53 29.90 26.82 19.17 21.74 22.80 29.60 21.82 19.55 16.43 21.98 16.01 19.82 22.99 24.89 26.75
9.42 9.57 8.64 8.34 7.85 6.78 7.49 9.84 11.28 11.20 12.24 14.06 13.60 13.10 11.72 10.45 5.93 5.70 7.66 10.32 10.43 10.74 11.55 11.68 5.26 9.55 8.06 2.55 4.39 8.21 6.36 3.43 6.31 8.19 5.00 5.79 8.72 10.22 12.09 13.59 15.27 17.40 18.49 19.44 21.76 24.08 23.59 19.60 19.47 17.92 21.04 18.91 17.45 14.69 14.61 17.67 16.73 18.21 21.86 22.58 23.24 25.73 21.47 22.63 25.17 28.61 26.82 24.76 17.43 23.55 21.48 18.86 28.38 21.98 17.17 14.78 17.90 20.78 23.30 25.32 26.41
8.88 9.00 5.60 6.18 7.56 7.09 7.15 7.98 9.84 10.90 11.08 12.61 14.12 11.48 14.31 12.54 9.45 5.64 7.37 10.43 10.78 11.30 12.67 12.73 7.04 9.63 8.00 3.07 4.14 6.59 6.25 4.37 7.35 7.07 4.27 6.17 9.27 10.08 10.58 12.57 15.78 17.04 17.27 19.09 20.13 21.66 20.94 19.55 20.94 19.44 18.08 19.19 17.87 15.79 15.43 16.11 16.36 19.68 22.08 22.55 22.28 18.74 17.52 20.48 26.43 26.22 25.91 23.37 22.26 28.26 18.09 24.80 14.43 19.68 21.11 22.23 17.74 21.30 24.76 26.20 25.69
8.27 8.06 6.25 7.22 7.14 9.65 9.88 9.42 9.81 10.03 10.50 11.84 13.51 12.82 8.71 11.46 9.64 8.39 6.31 9.58 10.71 10.55 11.51 12.16 11.50 3.29 8.69 3.96 2.99 5.58 6.88 4.51 5.60 5.35 4.25 6.34 8.76 9.16 10.32 13.47 17.53 18.56 17.80 18.83 21.32 16.98 17.62 18.40 18.63 18.60 18.66 17.25 16.25 14.96 15.89 15.54 17.55 19.00 20.76 19.41 15.41 22.69 23.44 26.03 25.43 24.20 24.12 22.99 24.03 25.27 20.98 18.34 20.14 20.91 22.06 16.88 19.72 24.61 27.23 26.61 25.04
5.32 6.47 6.79 5.62 6.23 7.84 10.25 11.31 11.72 11.91 11.87 11.52 11.93 13.41 14.27 13.50 11.53 8.56 5.73 8.24 10.01 8.53 9.85 10.99 11.64 4.80 9.64 4.12 2.91 6.42 7.30 3.84 5.21 5.51 3.88 5.39 7.38 8.53 10.95 14.79 18.41 19.37 17.19 20.47 19.88 15.08 17.12 17.34 19.12 17.64 13.00 14.26 14.02 11.39 12.29 16.09 17.30 16.81 17.64 13.63 18.54 22.43 27.41 26.13 22.24 22.00 24.09 23.30 23.70 24.45 20.21 18.17 20.05 18.79 16.25 19.07 23.32 27.49 27.63 25.49 23.80
6.62 3.61 3.47 4.74 4.46 5.94 8.76 11.45 11.97 11.89 12.26 11.79 10.51 12.21 11.70 12.23 13.49 9.55 6.83 7.25 9.01 7.90 8.32 9.52 10.54 7.62 9.26 2.25 2.18 5.89 5.86 3.47 5.11 4.49 3.75 4.95 6.33 8.57 11.64 14.43 17.94 17.50 18.76 15.38 14.49 13.32 16.51 17.35 17.88 16.55 16.23 13.79 11.29 11.22 14.85 18.24 16.90 16.37 15.81 15.75 20.05 26.73 26.08 23.70 23.19 26.33 18.11 16.95 16.34 16.02 21.81 18.95 18.99 17.84 18.63 21.24 25.71 27.86 26.03 23.92 22.50
1.32 2.68 2.22 1.01 2.87 3.33 7.77 11.14 12.65 13.59 12.41 12.24 11.48 10.81 12.74 12.79 11.67 8.19 9.22 8.30 8.48 7.84 6.10 6.87 7.86 8.67 8.53 2.68 2.47 7.50 4.64 3.07 3.46 5.76 3.52 4.58 6.41 8.49 10.28 13.71 17.13 17.89 15.52 16.76 13.00 15.09 15.91 16.78 17.03 14.84 14.54 13.99 11.08 12.86 18.76 20.01 17.35 17.68 17.67 15.97 22.10 17.95 24.56 22.61 15.73 15.65 14.76 14.16 13.96 14.25 15.68 17.94 16.17 16.55 20.34 23.58 27.05 26.86 24.37 22.84 27.40
8.19 7.83 7.27 7.03 5.34 4.30 5.78 5.92 7.46 9.31 12.99 13.30 14.29 13.49 14.47 13.49 10.99 7.55 9.45 9.05 8.89 8.67 6.48 5.43 5.47 6.72 0.78 0.12 2.52 6.36 4.30 3.21 2.01 3.21 2.71 3.91 6.63 7.59 9.70 13.27 16.43 15.33 13.08 11.97 14.04 14.38 15.55 17.12 15.48 14.32 14.03 13.46 12.90 15.08 19.59 19.22 19.21 18.87 19.38 22.20 20.61 14.06 12.23 21.71 23.31 23.44 22.81 21.99 22.23 18.27 18.45 20.14 20.66 20.90 22.66 25.39 26.48 24.71 22.46 21.48 21.40
7.12 6.73 5.15 7.78 7.48 7.47 6.84 8.42 9.01 5.23 7.14 14.30 14.56 16.64 18.88 17.51 14.18 9.58 8.50 9.30 8.86 9.23 7.90 6.90 4.82 5.51 2.14 0.82 1.35 4.70 3.75 3.01 2.75 2.95 2.68 4.03 6.47 6.89 9.64 13.50 14.21 11.79 10.60 12.52 13.40 13.62 16.11 15.38 14.69 14.31 13.57 14.20 15.12 16.62 19.23 18.38 18.70 18.55 18.49 20.78 22.35 22.48 22.90 20.22 19.86 18.14 17.04 16.56 15.96 20.45 18.11 26.78 21.72 24.93 24.18 25.14 24.50 22.58 20.88 20.57 20.96
11.00 10.11 8.72 9.05 8.66 7.83 7.64 6.81 8.27 9.52 5.03 12.53 12.60 13.04 16.81 18.37 18.64 15.23 10.01 11.63 10.28 10.69 9.69 6.83 7.20 6.94 3.97 2.33 1.51 4.00 3.43 4.50 4.19 5.14 3.32 4.87 5.38 7.65 10.53 14.04 18.42 11.02 9.99 12.40 12.90 14.14 14.44 14.47 13.36 13.80 12.63 15.50 16.52 16.05 16.74 17.30 17.67 17.67 16.95 18.04 20.41 21.11 18.70 18.19 16.76 16.45 19.57 16.95 18.38 23.78 27.81 20.16 20.37 21.79 23.08 23.24 22.72 21.56 30.15 20.59 20.61
12.05 11.49 9.29 7.73 8.41 6.83 7.76 7.70 8.00 10.18 10.81 12.18 10.32 9.26 12.00 12.00 16.12 14.49 15.03 16.09 13.29 14.14 12.01 9.59 7.52 7.65 6.05 2.15 4.51 2.20 4.06 3.92 3.44 5.08 3.96 5.28 6.12 7.64 10.56 14.19 12.58 10.88 9.54 9.08 11.96 12.37 13.09 12.77 12.79 13.10 13.39 15.48 15.22 15.43 16.12 15.59 16.53 13.70 16.43 16.90 16.67 16.42 15.50 16.68 16.28 19.28 22.14 17.55 25.13 25.80 21.67 16.75 18.46 20.44 21.01 20.85 21.03 20.97 21.05 21.06 20.28
13.52 12.64 10.56 8.27 7.68 9.96 9.26 9.23 8.90 8.69 10.76 10.43 9.01 5.45 10.18 3.92 7.57 9.72 13.99 11.19 13.93 15.45 14.35 13.20 7.69 8.01 7.24 3.66 4.52 3.17 5.50 4.18 4.14 3.79 4.36 3.97 5.45 7.73 9.97 13.45 10.48 9.76 8.84 11.28 11.01 11.54 11.76 13.11 12.49 13.92 14.46 14.33 14.24 14.52 14.11 15.10 15.01 11.75 14.63 14.95 14.13 14.86 15.86 18.54 20.45 22.14 23.63 23.36 21.17 19.18 22.17 18.78 19.39 23.73 26.66 28.51 20.57 20.25 20.25 20.30 25.00
12.87 12.93 10.49 8.53 7.93 10.12 10.02 9.49 9.03 8.95 10.47 9.59 8.99 11.31 13.41 13.51 12.45 11.26 9.64 10.24 11.54 13.98 15.36 12.54 10.17 9.89 7.16 4.29 3.47 4.73 5.55 4.48 4.53 4.36 3.93 3.20 5.21 7.50 9.23 12.11 12.33 13.39 8.28 7.18 10.16 11.96 12.80 12.31 12.52 12.58 13.47 13.40 14.67 13.30 14.43 15.38 13.14 13.36 14.18 11.56 12.26 15.42 17.66 17.80 18.68 20.11 21.62 14.27 18.54 21.05 17.67 15.70 18.61 18.97 21.82 25.68 24.64 19.35 18.15 17.82 18.14
9.63 10.82 8.95 7.42 7.24 7.92 8.59 7.91 8.02 7.77 9.62 7.61 11.87 12.07 12.82 10.34 12.10 11.71 10.23 10.92 9.73 10.25 12.00 16.10 13.57 11.49 8.72 4.72 5.13 5.92 5.67 5.92 5.21 6.45 2.97 4.16 5.23 6.90 8.33 10.47 10.80 11.53 6.92 5.66 9.96 11.52 11.94 12.53 11.63 11.90 12.13 13.56 9.28 14.30 14.17 13.00 12.88 12.78 11.99 12.03 13.29 15.17 16.35 15.31 18.01 17.84 18.34 21.03 19.72 17.76 15.87 18.44 21.57 20.16 22.09 27.88 27.29 24.09 23.59 23.30 17.42
7.34 7.07 7.37 6.58 7.90 8.36 8.99 9.20 8.96 8.60 10.26 8.61 9.27 10.26 12.35 11.55 9.21 11.80 10.66 12.92 9.95 10.84 10.28 7.96 13.38 14.38 10.88 5.73 5.71 5.41 5.87 6.70 4.31 5.45 2.61 4.47 5.19 6.47 7.52 9.98 5.43 4.86 4.70 4.52 9.88 9.94 10.49 10.19 11.36 13.11 12.53 13.27 11.85 13.76 9.91 11.57 12.80 12.15 12.94 12.20 13.13 14.43 13.92 14.39 16.04 16.43 16.13 16.12 14.74 18.04 16.40 19.56 21.20 20.36 20.08 26.74 24.90 22.12 21.87 24.68 23.76
3.23 5.45 5.60 7.15 6.63 8.20 7.84 8.93 9.33 8.14 10.18 10.66 7.64 8.13 9.24 12.00 13.56 15.36 11.18 12.11 12.96 11.89 13.32 13.69 15.61 16.20 11.83 9.25 6.81 6.14 7.72 5.30 3.94 5.84 2.48 4.33 5.40 6.08 9.05 5.98 4.45 3.50 3.73 4.36 9.76 11.46 12.27 10.07 11.46 11.53 13.91 13.14 13.62 12.10 8.85 11.94 10.47 12.93 13.67 10.96 12.82 13.49 13.24 14.91 13.52 15.99 15.81 16.85 14.06 14.83 16.18 17.68 19.85 21.91 22.48 19.72 19.83 23.59 23.07 23.29 16.90
10.71 11.36 12.04 10.84 9.20 10.88 10.58 12.09 11.09 9.59 10.01 9.99 6.43 6.93 9.74 8.42 9.53 10.87 11.01 15.02 15.06 12.96 11.32 12.13 15.88 16.88 12.91 10.09 7.49 6.66 7.54 5.91 5.69 7.07 2.92 4.68 5.00 5.63 8.93 5.23 4.09 3.94 4.57 4.88 10.27 10.10 9.84 10.51 12.58 12.86 14.02 8.84 8.12 9.57 8.83 10.03 9.47 13.02 11.18 10.41 12.68 12.72 13.92 12.68 13.20 14.32 13.58 13.94 14.76 13.22 14.35 17.57 19.80 15.06 22.64 20.59 18.88 21.95 22.56 22.13 24.33
7.87 10.45 13.16 8.08 13.66 13.34 12.58 11.68 11.93 10.15 8.58 10.67 10.77 8.06 7.43 10.21 10.17 11.57 13.04 13.11 13.00 12.00 11.56 6.21 8.12 18.29 13.42 11.78 8.61 6.88 8.29 7.92 5.58 6.04 3.48 4.79 5.10 5.20 8.28 4.27 3.66 4.03 4.93 9.93 10.65 12.46 12.08 12.41 12.12 13.22 9.06 9.03 8.49 8.13 8.68 8.95 7.94 7.75 8.41 12.25 13.44 13.51 12.32 13.68 13.78 14.04 13.39 13.71 13.62 13.89 17.45 15.94 18.53 17.55 18.12 19.10 21.24 22.12 21.19 20.04 16.40
9.90 12.70 7.55 6.85 14.15 13.61 12.45 11.85 12.89 10.49 8.04 10.18 11.43 8.49 8.45 9.86 10.14 10.42 11.95 13.16 13.91 12.76 11.67 10.84 5.87 19.48 17.51 12.83 11.25 9.26 7.04 6.69 5.64 6.33 6.25 4.29 4.82 5.11 7.46 3.44 3.46 10.34 8.45 9.44 11.41 12.17 11.67 12.54 12.76 13.24 9.10 9.06 9.03 9.00 9.14 12.22 12.01 12.41 13.31 9.19 8.88 13.37 9.43 10.73 12.15 13.77 13.40 14.50 14.78 16.48 17.60 16.54 16.17 16.61 19.32 18.96 19.62 21.32 13.90 14.26 20.49
10.13 13.32 12.79 12.78 11.95 12.04 12.45 12.57 13.48 12.30 9.15 8.90 12.27 13.18 10.72 9.99 10.90 11.17 11.73 13.43 14.08 14.45 13.22 11.26 10.58 18.20 19.35 12.00 11.51 9.63 9.27 6.28 5.43 5.67 6.95 3.85 4.40 7.82 7.34 2.92 3.32 9.37 9.69 11.20 11.44 11.89 11.40 12.73 13.11 13.91 8.86 9.00 9.22 9.19 9.34 13.39 12.53 12.60 7.69 8.80 8.69 10.81 9.39 14.14 14.92 13.80 14.10 15.04 17.43 13.97 16.01 16.10 16.66 17.59 15.54 19.65 16.30 18.91 20.11 11.68 12.21
8.02 9.03 8.29 14.16 11.67 10.78 14.27 13.78 15.14 13.63 11.06 12.13 12.42 15.32 12.38 9.79 11.30 12.34 12.28 13.15 14.48 14.38 13.04 12.15 11.45 19.39 21.75 12.70 10.02 11.74 8.42 6.39 5.72 5.93 5.82 3.66 7.26 8.30 7.12 8.32 9.30 9.94 9.86 10.49 11.04 12.51 13.12 13.34 13.66 9.15 9.35 8.96 8.67 8.77 9.02 7.85 6.16 6.11 7.57 8.41 11.46 11.28 11.43 12.67 12.84 14.01 11.85 11.32 11.16 11.93 14.74 13.60 14.62 14.79 18.29 12.31 11.57 10.20 17.46 18.99 11.28
9.21 14.44 12.55 12.43 12.99 13.37 13.62 14.12 14.40 14.16 12.83 12.66 10.05 13.66 15.19 15.04 14.38 13.88 13.14 13.23 14.11 14.20 12.13 11.74 11.25 19.23 23.95 16.89 10.82 12.31 9.42 8.46 6.76 5.73 5.37 6.16 6.49 7.13 7.45 8.28 9.09 9.54 9.67 10.48 11.47 12.72 13.13 13.74 14.23 9.85 10.03 8.84 7.71 7.78 7.80 6.75 5.80 6.01 6.89 7.72 7.99 11.28 9.37 10.24 10.37 8.07 10.27 10.01 12.37 12.75 13.46 14.61 15.66 17.41 14.40 14.79 13.75 16.00 12.18 15.79 15.41
13.44 12.84 10.92 10.67 12.30 13.17 11.87 11.55 13.44 13.91 11.10 11.43 8.08 14.20 15.01 15.73 15.40 15.15 14.24 13.88 13.62 13.61 12.23 11.14 8.06 10.96 22.92 20.06 14.89 12.32 9.39 9.87 7.80 6.68 6.67 7.24 6.15 6.58 7.53 8.17 8.67 9.62 9.91 10.50 11.41 12.36 12.77 14.01 14.30 10.21 10.48 8.72 7.11 6.58 6.59 5.84 5.48 5.82 6.49 7.12 7.71 8.17 13.57 9.45 9.84 9.75 9.75 9.99 12.84 12.92 13.39 14.29 14.99 15.56 15.98 15.44 14.25 15.00 14.25 13.56 13.32
12.86 13.61 10.59 10.76 11.17 11.35 14.00 12.94 11.22 12.29 12.46 11.02 10.15 7.52 14.13 15.24 16.01 16.22 15.52 14.37 14.53 15.07 14.38 10.96 8.76 8.93 13.40 16.64 17.90 10.77 8.58 8.94 8.57 7.43 6.19 6.12 5.92 6.75 6.96 7.45 8.58 9.49 9.95 11.27 12.52 13.02 13.54 16.33 10.48 10.93 11.20 9.83 7.62 6.23 5.48 4.78 5.67 6.19 6.34 6.60 7.30 7.65 8.13 8.51 9.14 9.61 12.68 12.90 13.27 13.24 13.21 13.34 11.41 11.79 12.20 11.92 11.67 11.87 11.62 11.84 12.72
7.72 10.15 10.95 10.49 10.13 11.06 11.74 15.00 13.86 13.38 13.94 13.23 14.00 11.99 10.56 16.41 16.75 15.96 14.64 13.89 14.31 12.11 11.64 10.72 10.21 9.89 8.49 11.52 15.74 10.58 7.23 8.84 8.75 7.20 6.00 5.83 6.22 6.75 6.44 6.97 8.04 9.28 10.20 11.83 13.19 14.33 16.54 12.89 13.80 13.77 13.31 11.70 9.09 6.00 4.73 5.29 5.74 5.91 5.91 9.33 9.82 10.21 7.64 11.51 11.93 11.63 11.29 11.44 9.64 9.72 9.67 9.37 10.45 11.79 12.50 12.75 12.03 11.77 11.64 12.34 13.23
9.94 6.59 10.37 9.42 8.91 9.73 10.47 10.78 12.04 13.69 15.98 15.56 16.86 16.85 12.14 15.37 19.27 21.48 21.31 21.13 19.50 14.02 10.89 10.00 9.89 10.80 11.26 10.12 13.67 10.24 3.96 3.17 8.89 7.90 6.25 5.79 7.00 7.26 5.95 6.30 7.33 8.61 9.86 11.16 12.43 14.13 17.23 16.80 17.65 18.08 16.74 13.91 10.36 6.19 4.32 4.51 4.52 4.74 5.17 9.23 9.46 10.04 7.37 10.93 10.93 10.86 11.59 11.92 12.30 12.53 12.67 13.69 14.66 15.38 15.56 16.10 16.35 15.76 14.40 13.67 13.88
11.40 7.53 2.64 10.90 11.07 11.31 8.93 7.83 11.46 11.09 13.84 15.23 15.28 13.60 12.33 15.10 19.52 25.03 29.18 32.52 33.30 29.73 22.94 16.12 13.27 11.58 4.14 8.69 14.08 12.69 6.83 5.74 8.87 8.29 6.63 5.65 6.10 6.05 6.30 7.22 6.64 7.44 8.82 10.01 10.93 12.20 13.86 15.81 16.24 18.23 18.85 16.11 11.56 7.49 5.37 4.55 3.98 3.99 8.53 8.74 8.96 9.57 10.08 10.26 10.90 8.04 8.47 8.59 8.87 9.16 10.42 11.48 11.99 14.61 13.56 12.53 15.31 14.59 10.92 12.04 13.24
10.57 11.26 11.09 4.47 4.90 4.42 4.52 6.36 9.48 13.33 13.93 12.21 11.89 13.34 14.86 15.38 17.24 21.31 25.75 31.17 38.42 40.46 39.27 36.26 25.97 13.21 9.42 9.46 14.33 14.60 13.59 12.52 11.91 8.98 7.86 6.28 6.06 5.57 5.96 6.41 6.92 7.66 8.26 8.82 8.67 8.45 9.22 10.86 9.59 11.27 14.33 14.61 13.16 11.05 8.82 6.47 4.83 4.41 4.90 5.53 5.84 9.23 9.72 10.13 10.78 11.28 11.07 11.16 11.37 12.49 10.00 8.20 8.64 9.49 10.22 14.06 14.72 15.22 13.94 10.46 11.37
10.07 11.79 14.46 13.06 9.31 4.88 5.45 6.74 8.54 11.10 15.58 19.18 20.71 18.91 17.30 16.93 16.07 16.00 14.76 14.24 23.09 35.55 44.90 48.18 42.65 32.74 25.12 21.69 17.33 14.79 15.65 16.60 14.91 10.77 7.87 6.52 4.91 4.44 5.50 5.95 6.21 6.25 6.14 5.90 6.72 5.47 5.61 6.09 5.45 5.68 8.43 12.08 14.26 13.72 11.67 9.42 7.35 5.74 5.24 5.30 5.73 5.68 9.41 9.82 9.51 9.89 10.39 7.70 5.25 6.29 8.04 9.20 9.47 13.97 13.89 13.51 13.33 13.93 14.51 15.00 14.22
16.63 15.87 17.25 14.43 12.63 13.46 9.61 13.76 16.03 17.79 21.27 26.95 28.53 27.02 23.20 21.71 19.03 16.69 14.62 14.88 25.04 36.26 43.21 47.47 41.39 37.30 40.73 35.61 25.48 19.57 17.52 19.97 18.44 13.33 9.75 7.87 6.14 6.31 6.15 6.08 5.58 4.90 5.38 5.35 5.32 5.69 7.31 9.82 10.84 6.47 9.27 12.61 15.38 15.17 13.48 11.44 9.60 7.71 6.44 9.40 9.04 9.37 6.23 6.29 4.60 4.93 5.17 5.68 6.30 7.10 8.47 9.20 11.24 7.20 12.21 12.14 12.78 13.28 14.06 14.69 15.82
