examples/cougarCreek-fire/createInputs/WindNinja/wrfout_d3.2015081100.f21/cougarCreekFire_08-11-2015_2100_217m_non_neutral_stability_vel.asc
ncols	146
nrows	140
xllcorner	610065.000000
yllcorner	5095217.000000
cellsize	216.586807
NODATA_value	-9999.000000
[rows 0 to 34 of 140, columns 0 to 78 of 146]
3.38 3.28 3.15 3.18 3.24 3.31 3.38 3.45 3.50 4.50 3.46 3.33 3.09 2.96 2.97 3.07 3.23 3.46 3.74 4.04 4.40 3.04 5.12 5.36 5.64 6.01 6.46 6.91 7.33 7.71 8.04 8.39 8.84 9.23 9.60 10.08 10.58 17.48 13.37 11.85 14.75 15.17 13.15 16.42 16.75 17.20 15.02 15.44 15.79 15.93 15.80 15.55 15.50 15.39 15.36 15.30 14.79 14.34 14.49 14.49 14.10 13.96 13.95 13.83 13.65 13.24 13.05 13.22 13.33 13.33 13.01 12.50 12.20 12.06 12.21 12.27 11.54 11.07 11.18
3.38 3.28 3.15 3.18 3.24 3.31 3.38 3.45 3.50 4.50 3.46 3.33 3.09 2.96 2.97 3.07 3.23 3.46 3.74 4.04 4.40 3.04 5.12 5.36 5.64 6.01 6.46 6.91 7.33 7.71 8.04 8.39 8.84 9.23 9.60 10.08 10.58 17.48 13.37 11.85 14.75 15.17 13.15 16.42 16.75 17.20 15.02 15.44 15.79 15.93 15.80 15.55 15.50 15.39 15.36 15.30 14.79 14.34 14.49 14.49 14.10 13.96 13.95 13.83 13.65 13.24 13.05 13.22 13.33 13.33 13.01 12.50 12.20 12.06 12.21 12.27 11.54 11.07 11.18
3.25 3.23 3.19 3.24 3.30 3.37 3.46 3.54 3.60 3.62 3.59 3.51 3.27 3.08 3.00 3.03 3.11 3.25 3.45 3.68 4.00 3.09 4.79 5.02 5.25 5.57 5.99 6.46 6.89 7.25 7.55 7.88 8.38 8.82 9.22 9.74 10.28 10.72 11.11 11.56 12.06 12.47 12.93 13.48 14.07 14.53 14.73 15.18 15.55 15.65 15.61 15.52 15.54 15.44 15.40 15.19 14.52 14.26 14.57 14.50 14.10 14.00 14.03 13.89 13.59 13.16 13.21 13.51 13.53 13.29 12.68 12.19 12.09 12.17 12.45 12.32 11.42 11.04 11.28
3.14 3.22 3.33 3.42 3.50 3.59 3.69 3.77 3.84 3.87 3.89 3.89 3.67 3.47 3.33 3.25 3.24 3.27 3.36 3.50 3.73 3.38 4.55 4.80 4.99 5.23 5.58 6.04 6.50 6.85 7.16 7.44 7.93 8.43 8.84 9.37 9.97 10.52 10.93 11.33 11.80 12.22 12.76 13.26 13.83 14.27 14.37 14.86 15.28 15.39 15.42 15.38 15.45 15.41 15.32 14.89 14.21 14.29 14.56 14.47 14.29 14.10 14.12 13.96 13.47 13.26 13.60 13.83 13.60 13.01 12.28 12.05 12.19 12.49 12.73 12.34 11.33 10.99 11.36
3.04 3.20 3.40 3.54 3.65 3.76 3.86 6.38 6.25 6.13 4.17 4.22 4.03 3.82 3.63 3.48 3.40 3.38 3.39 3.44 3.68 3.42 4.05 4.54 4.74 4.94 5.21 5.63 6.07 6.43 6.81 7.07 7.50 8.05 8.46 8.97 9.60 10.27 10.81 11.20 11.55 12.08 12.66 13.05 13.60 14.07 14.30 14.84 15.29 15.43 15.29 15.18 15.30 17.90 15.08 14.63 14.25 14.54 14.62 14.60 14.58 14.23 14.22 13.89 13.51 13.72 13.94 13.80 13.26 12.66 12.38 12.44 12.64 12.84 12.74 12.17 11.24 10.96 11.46
2.96 3.18 3.43 3.60 3.74 3.88 4.00 4.10 4.21 6.53 6.47 6.46 4.29 4.07 3.85 3.65 3.51 3.43 4.55 3.38 3.93 3.41 3.53 4.22 4.45 4.62 4.84 5.23 5.66 6.02 6.39 6.68 7.15 7.67 8.07 8.62 9.25 9.95 10.58 11.02 11.40 12.00 12.54 12.88 13.44 14.02 14.41 14.92 15.31 17.31 17.32 17.13 15.19 15.07 14.88 14.65 14.53 14.78 14.83 14.80 14.67 14.37 14.19 13.74 13.81 14.11 16.78 13.53 12.87 12.68 12.86 12.88 12.88 12.80 12.42 11.81 11.13 11.17 11.73
2.89 3.13 3.42 3.64 3.85 4.04 4.20 7.00 7.08 6.98 7.05 6.83 6.49 4.32 4.11 3.88 3.67 3.52 4.50 4.20 4.17 3.85 3.82 4.21 4.89 5.30 4.51 5.41 5.89 6.61 5.91 6.28 6.82 7.28 7.67 8.30 8.92 9.57 10.28 11.44 11.88 11.97 13.32 12.80 13.45 14.98 15.87 16.86 17.58 17.44 20.94 14.98 17.47 14.95 14.94 14.92 14.84 14.98 15.01 14.84 14.70 17.29 17.17 13.89 14.21 16.73 13.76 13.28 12.87 13.13 13.27 12.98 12.72 12.46 12.11 11.73 11.37 11.54 11.85
2.85 3.13 3.47 3.74 3.99 4.18 4.33 7.14 7.05 7.30 7.32 7.29 6.91 6.39 5.88 4.12 3.89 5.49 5.07 4.48 4.33 4.13 3.93 3.98 4.46 4.93 5.04 5.19 5.57 6.23 5.47 6.30 6.92 6.85 7.30 7.98 8.60 9.20 10.12 10.92 11.68 12.50 12.99 13.44 14.35 15.77 16.70 17.09 17.28 20.97 17.20 16.70 15.07 15.02 15.14 15.07 15.03 15.12 15.06 14.85 17.25 17.19 14.09 14.26 14.34 16.88 13.66 13.24 13.19 13.43 13.20 12.70 12.44 12.35 12.21 11.89 11.57 11.71 11.90
2.89 3.22 3.60 3.90 4.14 7.16 4.50 7.16 7.62 7.69 7.71 7.72 7.25 6.71 6.14 4.34 5.84 5.67 5.40 4.75 4.38 4.21 7.44 7.26 4.09 4.51 4.70 4.91 5.26 5.81 6.01 6.04 6.82 6.38 6.96 7.46 8.40 8.95 9.49 10.34 11.49 12.32 12.69 13.37 14.50 15.20 15.86 16.31 16.33 16.35 16.37 17.02 17.56 17.03 16.95 15.18 15.24 15.24 17.56 14.81 16.65 14.49 14.46 14.49 16.92 16.77 16.43 15.65 13.44 13.38 12.92 12.51 12.53 12.58 12.30 11.81 11.57 11.89 12.05
2.99 3.34 3.74 4.04 4.29 7.03 7.35 7.64 7.57 7.72 7.82 7.90 11.72 7.07 6.42 6.00 5.85 5.57 5.60 8.91 8.84 4.39 3.59 3.45 8.16 4.05 4.34 4.54 4.89 5.13 5.59 5.76 6.24 6.49 6.56 7.22 8.05 8.51 9.16 10.24 11.55 12.38 12.74 13.72 14.76 15.06 15.15 15.52 16.11 16.44 17.20 17.20 17.83 16.89 15.31 15.42 15.42 15.27 16.92 14.75 14.72 14.85 14.78 17.07 16.77 16.34 15.92 15.47 13.51 13.22 12.79 12.62 12.75 12.66 12.16 11.66 11.78 12.26 12.19
5.23 3.46 3.85 4.16 4.44 4.67 7.19 7.70 8.02 8.19 8.07 8.16 7.91 11.81 6.80 6.47 5.85 4.32 5.74 5.26 9.27 8.98 3.97 3.45 7.95 8.97 9.21 9.24 4.42 4.75 5.26 5.32 5.74 6.08 6.16 6.79 7.56 8.20 9.04 10.22 11.51 12.34 13.05 18.31 19.18 18.41 15.38 15.91 16.45 20.67 21.09 20.45 16.13 15.22 15.63 15.75 15.51 16.37 14.97 14.89 15.10 15.78 17.42 17.17 16.41 16.08 16.31 16.00 13.49 13.10 12.83 12.80 12.76 12.57 12.08 11.78 12.20 12.55 12.13
3.24 3.60 6.29 6.70 7.13 7.32 5.15 7.73 8.18 12.32 12.47 8.39 8.03 7.80 7.21 6.90 5.03 6.01 5.90 5.57 9.89 9.42 9.08 3.59 3.36 8.75 9.06 9.22 9.05 4.29 4.80 4.92 5.35 5.58 5.80 6.40 7.13 7.96 8.87 9.93 11.18 15.07 16.04 17.35 18.81 19.02 15.46 16.01 19.79 20.80 20.23 16.27 15.04 15.61 15.92 16.84 16.60 16.41 15.78 15.17 15.40 17.56 17.43 17.03 16.84 14.20 13.87 13.61 13.41 13.01 12.84 12.84 12.74 12.52 12.13 12.04 12.52 12.56 11.90
3.44 3.78 4.15 6.73 7.25 7.61 5.43 7.63 7.95 8.42 12.97 13.37 12.56 7.72 7.40 7.03 5.93 6.40 6.10 5.75 10.06 9.89 9.84 9.59 3.35 8.99 9.29 9.21 9.28 9.38 4.30 4.48 4.78 5.01 5.40 6.07 6.89 7.71 8.52 9.64 12.71 15.56 16.40 17.50 18.66 18.07 15.08 18.70 19.51 16.40 16.13 15.71 15.37 16.04 16.94 17.38 16.99 16.88 16.46 15.42 18.03 17.71 17.32 14.45 14.30 14.13 13.80 13.57 13.35 12.98 12.85 12.96 12.84 12.49 12.26 12.40 12.67 12.37 11.72
3.65 3.95 4.33 4.69 5.01 7.57 5.70 6.01 7.67 8.03 8.51 13.56 13.74 12.70 7.50 7.03 6.39 6.33 6.19 10.56 10.50 10.31 10.22 9.79 9.90 9.48 9.30 9.34 9.30 9.59 9.71 4.10 8.36 7.98 7.27 7.20 8.41 8.74 7.36 8.26 14.07 17.14 17.64 18.14 17.67 14.09 14.99 18.85 18.90 15.84 15.73 15.61 15.54 15.98 17.58 17.75 17.93 18.02 17.79 18.09 18.43 18.01 14.59 14.48 14.26 14.01 13.79 13.60 13.37 13.09 13.00 13.13 12.89 12.49 12.47 12.63 12.60 12.13 11.59
3.80 4.12 4.51 4.86 5.20 5.56 5.90 6.19 6.46 8.20 8.31 8.64 8.57 13.66 13.35 11.61 10.46 10.14 10.38 10.34 10.15 10.19 9.65 9.66 9.94 10.07 9.04 9.09 8.80 9.43 9.67 3.60 7.77 7.83 7.04 6.96 8.33 8.56 6.03 5.44 18.58 18.33 17.42 17.08 15.94 16.07 17.99 20.09 20.52 19.06 15.56 15.89 16.25 16.62 17.51 17.40 20.30 18.00 17.87 17.98 15.19 14.83 14.56 14.47 16.70 15.68 15.20 14.98 13.54 13.36 13.95 13.13 12.85 12.60 12.56 12.59 12.41 11.96 11.52
3.91 4.29 4.71 5.03 5.36 5.75 8.33 8.64 8.74 8.66 8.64 8.93 13.77 13.19 13.53 14.11 12.01 11.00 11.19 11.10 10.43 10.31 9.35 9.10 10.54 10.47 9.03 8.81 8.46 9.22 9.10 8.49 8.05 7.88 7.08 7.35 7.42 7.38 7.36 9.23 17.72 17.99 17.61 17.12 16.58 18.12 20.42 21.02 20.51 17.87 15.40 16.56 19.44 19.52 17.35 17.71 21.08 17.76 19.72 17.54 17.55 17.16 16.30 15.92 15.22 15.12 15.82 13.74 13.82 13.62 13.18 12.93 12.78 12.70 12.57 12.45 12.25 11.91 11.53
3.86 4.26 4.71 5.03 5.37 5.76 6.11 8.41 8.91 8.87 8.71 9.04 14.49 14.56 13.58 13.12 13.32 13.05 12.81 12.39 11.92 11.56 9.36 4.23 9.10 10.56 8.88 8.47 9.04 9.09 8.63 8.03 8.05 7.87 7.39 7.44 6.80 6.50 8.06 12.10 15.33 17.20 18.16 18.42 18.63 20.27 20.72 20.51 18.98 17.21 16.02 20.74 21.65 21.34 20.26 18.69 18.07 20.09 17.50 17.43 17.26 16.25 15.59 15.82 15.30 16.36 14.07 15.12 14.04 13.57 12.92 12.75 12.74 12.74 12.60 12.36 12.12 11.90 11.59
3.71 4.07 4.51 4.87 5.21 5.54 7.78 8.01 8.57 12.92 8.56 8.83 14.21 14.99 13.55 11.46 11.40 12.54 12.71 12.59 13.29 12.83 11.81 9.21 9.49 9.99 9.47 8.94 8.92 8.18 8.28 8.11 7.86 7.42 7.64 7.18 5.95 6.69 8.99 13.25 15.52 17.08 17.80 18.08 19.18 20.15 20.46 19.86 18.56 18.58 21.23 21.90 21.94 20.95 21.64 18.49 17.72 18.94 17.65 17.03 16.42 16.15 16.39 16.68 16.70 14.53 14.04 17.13 17.16 13.28 12.75 12.75 12.78 12.75 12.65 12.34 12.03 11.88 11.64
3.63 3.93 4.34 4.74 5.06 5.31 5.66 7.77 12.26 12.86 8.48 8.81 13.70 13.81 13.51 13.33 12.62 12.58 12.81 12.00 12.68 12.67 12.32 9.94 9.21 9.03 9.25 8.68 8.71 8.61 8.70 8.63 7.60 8.27 7.68 7.09 5.66 6.62 9.68 12.84 14.87 16.71 18.07 19.09 19.05 19.32 20.11 19.90 18.72 20.79 21.31 21.67 21.01 16.63 21.28 20.83 16.50 16.81 19.86 16.28 15.75 18.59 16.83 16.92 14.82 17.38 17.26 17.27 13.72 13.09 12.83 12.88 12.81 12.74 12.72 12.38 11.96 11.81 11.61
3.59 3.83 4.20 4.59 4.89 5.12 7.29 7.61 12.27 12.75 8.18 13.46 13.44 13.44 13.69 12.90 12.88 13.13 13.13 12.44 12.67 11.98 11.87 10.00 10.40 9.48 8.91 8.66 8.57 8.63 8.66 8.59 9.51 3.20 3.92 6.46 5.59 5.50 9.53 13.23 15.26 17.21 18.80 19.36 19.69 20.06 20.36 20.69 21.37 22.36 21.18 20.16 17.22 19.31 21.20 18.47 17.64 16.85 18.82 18.09 16.22 19.21 16.81 16.54 17.01 14.46 14.00 13.83 13.59 13.15 12.98 12.96 12.78 12.75 12.79 12.33 11.85 11.73 11.56
3.58 3.77 4.10 6.10 6.31 6.63 7.04 7.42 7.58 12.50 7.94 13.36 14.06 13.04 13.22 13.59 12.67 12.61 12.21 12.38 12.39 11.47 11.36 11.10 11.29 9.71 8.71 8.46 8.39 8.46 8.69 8.85 2.68 3.10 3.95 6.14 6.88 4.24 9.13 15.48 17.60 18.83 19.03 19.31 19.71 20.49 20.77 21.46 15.08 21.80 20.80 19.12 18.33 21.45 18.21 15.91 16.76 19.48 19.51 18.27 18.18 19.09 16.07 15.98 14.94 14.48 14.01 13.74 13.51 13.19 13.03 12.99 12.78 12.79 12.76 12.19 11.78 11.73 11.57
3.56 3.74 4.02 5.82 6.03 6.41 6.82 7.06 7.29 12.48 12.32 12.93 13.02 13.69 11.90 6.09 12.67 12.58 12.84 12.42 12.34 11.17 11.33 11.03 10.15 9.20 8.68 8.32 8.05 8.38 8.65 9.33 2.65 3.06 4.01 2.82 7.77 4.61 11.01 17.25 18.97 16.65 19.91 19.99 19.86 20.29 20.63 21.36 20.84 19.18 19.91 18.08 20.21 18.45 15.55 17.20 19.84 20.92 19.97 17.48 18.69 19.13 18.39 15.13 17.04 16.83 16.59 16.48 13.40 13.12 13.10 13.10 12.80 12.75 12.62 12.09 11.82 11.77 11.56
3.55 3.72 3.95 4.21 5.93 6.34 6.48 6.86 7.03 11.85 12.34 13.03 13.95 11.40 12.69 5.78 11.04 4.81 11.99 11.95 11.77 11.74 11.25 10.72 10.34 9.12 8.48 8.52 8.34 8.65 8.83 4.86 2.71 8.48 4.02 5.18 6.29 5.35 11.95 17.21 15.06 16.23 17.17 19.68 19.94 20.69 21.18 20.60 19.22 17.87 17.82 16.30 17.27 15.49 16.52 19.72 19.81 20.42 19.37 17.77 19.77 19.51 16.83 17.51 17.48 16.85 16.07 13.68 13.32 13.17 13.29 13.16 12.73 12.62 12.47 12.12 11.96 11.77 11.47
3.59 3.71 3.91 4.13 4.38 4.59 6.22 6.51 11.43 11.51 12.15 13.01 13.43 11.90 13.08 12.10 12.16 11.82 11.63 11.89 10.90 10.95 11.05 10.23 9.48 10.05 8.44 8.46 8.49 8.31 7.92 8.22 2.79 3.17 4.06 3.57 6.04 6.90 11.51 17.04 18.17 16.15 17.24 19.89 20.25 20.60 20.49 19.90 18.12 18.32 15.96 15.98 16.58 15.86 17.98 20.38 19.39 20.19 20.01 20.17 20.99 17.10 16.52 14.88 16.23 15.99 15.60 15.43 13.39 13.35 13.35 13.02 12.61 12.54 12.42 12.19 12.06 11.71 11.33
3.66 3.74 3.91 4.09 4.28 4.46 6.06 6.18 6.39 11.86 12.30 12.91 13.02 13.09 12.43 12.11 11.93 11.87 11.60 11.37 11.46 10.74 10.21 10.40 8.97 9.43 8.06 7.82 7.93 7.10 6.66 7.68 4.25 3.32 7.13 5.63 6.25 8.24 13.59 17.48 17.72 18.49 19.76 12.80 20.80 20.31 20.52 20.49 20.19 19.36 14.36 15.96 18.10 19.05 20.89 21.88 21.73 21.97 21.40 20.87 20.88 16.89 17.59 17.60 16.57 16.08 15.55 15.67 13.54 15.74 13.16 12.85 12.61 12.53 12.37 12.21 12.10 11.63 11.20
3.73 3.79 3.93 4.07 4.24 4.37 5.85 6.02 6.09 11.99 12.08 12.79 12.47 12.92 12.44 12.06 11.79 11.77 11.60 11.15 11.12 11.17 9.93 9.50 8.43 7.99 7.26 7.12 7.21 6.67 7.56 3.35 4.21 9.64 4.36 4.50 7.50 10.70 16.61 15.65 14.46 18.68 19.12 19.37 20.20 14.25 22.15 14.78 20.35 18.17 15.92 15.27 20.20 19.57 21.88 23.06 23.19 16.08 21.67 20.85 20.51 16.57 18.22 20.71 17.39 16.34 16.33 16.51 16.53 16.49 16.26 12.76 12.63 12.51 12.33 12.20 12.04 11.55 11.11
3.82 3.83 3.95 4.06 5.55 5.56 5.85 5.79 11.17 11.85 12.40 12.49 12.21 11.68 12.13 11.98 11.57 11.54 11.32 10.93 10.72 10.83 9.97 9.25 7.93 7.72 6.81 5.88 6.20 6.84 6.42 6.34 8.69 8.56 6.97 6.56 9.06 12.77 16.22 16.89 17.03 17.62 18.34 18.74 19.42 20.08 20.28 20.15 19.21 17.13 15.88 16.89 19.48 19.11 20.78 22.18 22.55 22.05 21.18 20.54 20.05 16.57 16.58 20.11 20.26 20.45 17.41 17.02 16.59 16.40 16.23 12.76 12.63 12.49 12.35 12.13 11.87 11.48 11.09
3.95 3.90 3.95 4.05 5.77 5.81 5.86 5.94 11.07 11.95 11.96 12.38 12.45 11.45 12.10 12.10 11.72 11.48 10.96 10.61 10.24 10.37 10.04 9.09 8.11 7.61 6.95 4.71 4.83 6.10 5.74 5.96 6.95 6.71 7.08 8.16 11.80 15.27 16.12 16.58 16.84 16.85 17.81 18.78 19.30 19.83 20.19 20.26 20.32 16.03 16.00 17.55 19.58 16.86 20.06 22.56 22.25 21.10 20.78 21.14 21.10 21.07 21.86 22.17 22.12 21.70 20.76 16.97 16.28 15.86 15.71 12.79 12.61 12.50 12.32 11.99 11.73 11.47 11.12
4.15 4.04 4.00 4.06 4.17 5.73 5.68 5.65 5.70 11.53 11.69 11.79 12.23 11.42 12.00 11.80 11.25 11.28 10.94 10.46 10.24 10.26 10.09 9.56 8.34 8.02 8.14 5.63 4.29 5.26 5.11 5.60 6.55 7.14 9.16 12.00 14.92 16.02 15.93 16.80 17.38 18.10 18.89 19.98 20.63 14.09 14.71 14.72 19.37 14.92 16.72 18.77 19.15 16.17 22.96 23.51 22.53 22.09 22.54 22.81 22.70 22.20 21.98 21.92 21.61 21.29 20.72 17.15 16.71 16.27 16.04 12.75 12.56 12.47 12.25 11.91 11.72 11.47 11.13
4.35 4.19 4.10 4.10 4.15 5.63 5.72 10.60 10.02 10.86 11.24 11.26 11.60 11.48 11.34 11.43 10.98 10.94 10.72 10.28 10.19 10.14 9.78 9.26 8.15 7.56 7.46 7.32 5.73 4.70 4.51 5.04 7.23 8.75 9.93 12.06 14.27 15.51 16.08 17.39 18.38 19.61 16.30 12.93 13.31 14.08 14.38 19.71 14.79 15.66 17.23 18.33 18.98 20.27 25.11 23.84 23.34 23.06 22.66 22.26 22.10 21.92 21.81 21.52 21.06 17.40 17.27 17.09 16.84 16.58 16.27 12.75 12.61 12.48 12.23 11.91 11.73 11.44 11.12
4.56 4.36 4.23 4.20 4.19 5.52 5.48 5.47 11.17 11.49 12.03 11.98 11.52 11.37 11.04 10.87 10.55 9.84 9.60 9.20 9.41 9.19 8.94 7.98 6.90 6.28 6.41 6.61 6.67 5.53 5.13 6.74 8.73 10.19 11.73 12.92 13.75 14.23 16.76 15.80 14.45 15.56 12.49 12.80 13.45 14.19 19.35 14.27 15.50 16.37 17.22 16.34 21.95 24.86 24.58 22.90 21.68 21.83 21.93 21.82 21.92 22.08 21.80 21.38 20.83 17.11 16.71 16.49 16.18 15.80 15.27 12.89 12.72 12.52 12.22 11.88 11.68 11.42 11.14
4.80 4.54 4.34 4.30 4.29 5.42 5.47 5.44 10.91 11.51 11.33 12.26 12.28 12.08 11.16 10.68 10.70 10.15 9.19 8.68 8.10 6.08 7.04 6.74 6.17 5.95 6.25 6.56 7.13 6.38 7.29 8.22 9.42 11.37 12.56 11.53 12.76 12.86 14.61 12.84 14.59 15.62 12.37 12.89 13.65 14.34 14.60 16.16 15.69 16.37 16.93 17.93 23.45 23.36 21.02 19.84 20.71 21.22 21.65 21.75 22.13 22.15 22.04 21.17 20.72 20.60 17.22 17.06 16.71 16.41 16.39 16.53 16.34 16.11 12.21 11.87 11.65 11.38 11.14
5.07 4.81 4.50 4.35 4.35 5.21 5.28 5.20 10.52 11.14 11.30 11.20 11.83 11.16 10.83 10.92 10.87 10.94 10.46 9.49 8.42 6.40 5.07 4.09 5.21 6.34 7.12 7.72 7.93 7.81 8.18 8.61 8.93 10.70 12.36 11.94 12.20 14.51 14.05 16.69 14.39 15.55 12.38 13.12 13.80 14.60 15.02 22.07 15.56 16.15 16.84 17.87 20.03 20.91 19.06 20.88 22.90 22.72 22.39 22.03 21.82 21.48 21.49 21.67 21.85 14.35 21.55 13.78 20.99 20.91 13.18 19.51 16.78 12.53 12.32 11.98 11.64 15.18 15.52
5.34 5.22 4.14 4.66 4.70 4.91 5.10 5.25 10.24 10.88 10.70 11.01 10.70 10.72 10.95 10.96 11.01 10.73 11.09 10.67 10.20 8.79 7.10 5.39 4.53 5.17 6.85 7.73 8.09 8.26 10.56 10.47 8.76 10.07 12.13 13.07 13.90 14.87 15.50 16.79 17.34 15.48 12.49 13.31 22.24 22.38 22.59 21.97 15.50 16.39 17.06 16.92 20.42 25.36 23.87 25.09 24.10 23.15 23.01 17.06 22.76 22.07 22.00 14.50 14.43 21.49 14.01 20.54 19.92 16.98 16.51 15.75 12.75 12.70 12.46 12.00 11.51 11.15 15.27
5.41 5.34 5.38 4.53 4.79 4.99 5.10 9.23 9.97 10.26 10.90 11.76 11.56 10.88 10.53 10.89 11.18 10.93 11.01 10.20 9.53 9.66 9.34 8.34 6.93 5.55 6.31 7.66 7.87 7.80 12.53 11.80 9.96 10.43 12.43 13.85 14.88 15.56 17.91 19.23 19.89 20.54 20.99 21.69 22.18 22.47 22.31 21.60 15.61 16.37 17.02 17.41 19.24 22.24 24.03 25.02 24.54 23.58 23.62 23.02 22.86 21.48 16.69 20.98 20.87 20.60 17.26 16.64 15.36 13.35 13.50 13.29 15.34 16.23 16.45 15.97 15.36 11.15 11.04
