examples/cougarCreek-fire/createInputs/WindNinja/wrfout_d3.2015081100.f21/cougarCreekFire_08-11-2015_2100_217m_non_neutral_stability_vel.asc
ncols	146
nrows	140
xllcorner	610065.000000
yllcorner	5095217.000000
cellsize	216.586807
NODATA_value	-9999.000000
[rows 35 to 69 of 140, columns 0 to 78 of 146]
5.48 5.33 5.34 5.28 5.10 4.96 5.04 5.02 9.80 9.97 10.49 10.29 11.86 11.73 10.79 9.90 9.34 8.55 7.94 7.62 8.65 9.52 9.70 10.06 11.56 13.20 10.15 7.91 6.96 10.79 14.10 14.52 11.15 10.65 12.30 13.27 13.95 13.86 13.99 15.22 14.50 15.61 16.80 13.33 14.20 14.80 23.02 22.72 21.60 16.36 16.54 16.41 17.47 20.46 20.93 21.81 22.81 22.64 22.79 22.73 21.27 22.38 21.49 20.76 20.31 16.92 16.31 13.50 13.33 13.49 13.66 15.91 16.26 16.41 16.17 15.80 11.40 11.23 11.07
5.81 5.59 5.46 5.51 5.18 6.48 7.29 4.81 9.89 10.27 10.28 9.94 9.38 11.34 11.30 10.56 9.85 9.49 9.67 10.47 11.20 10.50 10.64 11.78 13.00 13.10 12.88 11.02 8.52 13.98 13.95 15.02 14.99 11.72 12.04 13.96 13.63 13.86 14.21 15.01 15.70 16.28 12.94 13.52 14.16 14.71 15.23 15.55 22.98 21.75 17.06 16.65 17.13 17.53 17.23 17.23 20.98 20.78 20.96 21.26 21.61 21.80 21.95 21.32 21.63 20.35 16.54 16.24 16.53 20.21 16.59 16.48 15.96 15.44 11.82 11.53 11.37 11.21 11.01
6.04 5.78 5.62 5.65 5.55 5.32 5.08 9.79 4.62 10.47 10.18 9.42 9.03 11.01 11.45 11.25 10.67 11.66 12.89 12.99 12.24 11.20 11.67 12.72 13.05 13.09 11.70 12.81 16.33 18.03 14.48 14.74 14.77 15.90 16.25 17.72 18.65 16.73 16.68 16.55 16.85 16.71 15.14 13.35 13.97 14.93 15.92 15.96 22.51 22.14 21.95 17.42 17.95 17.12 17.17 17.45 16.93 16.48 16.34 16.29 16.45 16.33 16.21 16.18 16.23 16.30 15.95 15.34 14.69 14.20 14.80 18.62 19.02 12.08 11.84 11.48 11.32 11.15 10.93
6.45 6.21 6.05 5.94 5.93 5.74 11.43 5.26 10.63 10.38 10.09 9.59 10.78 10.89 11.33 11.06 11.35 12.52 12.68 11.84 11.69 12.01 11.53 12.09 13.09 12.89 10.97 12.48 16.15 5.80 16.07 14.66 15.47 14.65 14.45 15.04 14.44 16.46 17.20 19.08 20.24 20.94 17.50 15.20 14.43 15.28 15.93 15.80 15.40 15.78 23.01 22.51 18.16 16.04 16.38 16.14 15.91 15.43 14.98 14.95 16.18 15.89 15.70 15.74 15.77 15.77 15.22 14.37 13.95 13.85 13.94 13.95 13.73 13.93 15.30 14.98 11.32 11.10 10.91
7.04 6.85 6.62 6.54 6.39 6.25 13.39 5.62 10.19 10.01 9.59 9.60 8.71 10.44 10.49 10.48 11.22 12.56 12.74 12.48 13.37 12.88 10.35 11.08 13.69 12.54 10.05 12.53 14.08 15.03 16.33 15.41 12.91 14.80 16.41 16.09 16.35 12.67 12.70 12.83 14.38 19.98 20.36 21.68 22.62 22.50 23.03 23.79 22.53 16.38 15.78 23.09 22.19 22.88 18.52 15.91 18.09 17.28 14.81 15.00 14.62 15.50 15.50 16.00 16.00 13.82 13.20 12.80 12.83 12.90 12.78 12.45 12.21 12.90 12.81 12.25 12.50 11.09 10.98
7.46 7.23 7.05 7.37 7.13 6.74 12.64 5.96 5.47 9.89 9.35 8.61 8.28 9.69 10.38 10.68 12.02 13.73 13.56 12.39 12.07 10.73 9.66 13.09 13.38 12.05 10.53 12.27 13.27 10.28 17.26 16.45 15.31 14.52 16.27 18.57 19.75 19.07 18.25 11.49 12.50 13.00 13.72 14.62 19.49 19.91 20.78 21.36 21.61 22.29 22.19 22.47 17.80 15.91 15.79 15.97 15.88 14.86 14.83 15.16 17.63 14.04 14.43 14.39 13.94 13.54 13.16 12.89 12.86 12.92 12.72 12.35 12.17 12.09 11.73 11.24 11.06 11.04 10.83
7.90 7.61 7.32 7.81 7.55 12.66 7.11 6.36 5.93 9.50 9.02 8.81 8.80 10.73 12.04 11.96 13.89 13.66 12.49 9.73 8.87 8.93 11.31 13.84 13.04 11.28 10.55 11.71 12.84 13.64 19.69 16.47 15.43 14.71 13.64 14.66 18.56 18.29 17.38 20.10 12.58 20.67 21.38 21.53 20.84 15.27 15.99 16.29 16.15 16.58 17.04 16.88 16.88 17.57 18.09 18.12 17.83 17.30 17.12 17.55 14.12 13.83 14.21 14.03 13.68 13.44 13.31 13.15 13.02 12.99 12.72 12.31 12.10 12.04 11.77 11.26 10.94 10.83 10.60
8.13 7.78 7.50 7.37 7.56 7.05 7.33 6.58 6.53 6.19 5.90 9.15 9.90 12.44 13.57 14.05 14.06 11.64 9.05 7.84 8.28 10.70 14.33 16.59 13.01 9.68 10.42 12.99 13.29 14.07 19.10 18.33 15.84 13.00 13.89 15.94 17.57 17.24 16.71 17.30 20.57 20.97 21.57 21.74 21.87 23.04 22.24 16.86 16.37 15.30 17.00 15.03 15.24 15.85 15.78 15.35 14.90 14.45 14.50 14.56 13.93 13.62 13.84 13.85 13.68 13.60 13.53 13.37 13.13 12.93 12.70 12.21 11.93 11.94 11.87 11.46 10.98 10.65 10.16
8.58 8.28 8.05 7.98 8.07 15.26 7.69 7.53 7.28 6.97 9.84 12.49 15.12 15.12 14.84 14.57 13.18 11.32 9.90 9.18 10.57 14.62 16.84 13.89 11.95 9.87 12.87 13.62 13.18 13.93 19.58 19.95 18.94 18.29 16.03 16.93 16.47 16.81 16.69 16.11 17.13 19.98 22.27 20.77 15.49 16.40 16.78 16.33 20.94 16.85 15.21 14.88 15.12 15.59 15.25 14.76 14.46 14.16 18.04 14.40 13.85 13.46 13.73 13.96 13.93 13.96 13.68 13.39 13.08 12.75 12.55 12.06 11.75 11.78 11.90 11.62 11.00 10.54 9.84
9.37 9.17 9.00 8.83 8.60 9.28 8.37 8.32 8.10 11.61 15.10 15.47 15.05 14.83 14.92 14.79 14.78 14.23 11.48 11.72 13.88 14.58 14.49 14.34 12.28 12.02 13.82 13.62 12.77 14.31 19.93 20.26 20.68 20.93 18.74 19.11 16.65 16.04 16.31 16.42 14.80 16.12 14.19 15.17 16.40 17.44 21.14 20.46 15.42 14.45 14.73 14.69 14.96 15.09 14.75 14.32 14.09 14.10 14.45 14.45 13.84 13.64 13.76 14.00 14.10 14.39 14.16 13.71 13.67 13.48 13.43 13.12 12.65 12.55 12.91 11.51 11.07 10.54 9.63
9.80 9.76 9.76 9.49 10.05 9.76 9.62 9.23 9.05 16.28 15.50 15.27 14.20 12.82 14.01 15.29 14.86 13.19 10.12 10.52 12.78 14.72 14.96 14.91 13.84 13.65 14.18 13.88 12.59 15.95 20.39 20.08 20.70 21.41 20.98 20.68 19.52 18.20 18.04 17.75 16.49 13.07 14.39 16.11 17.53 20.50 21.86 14.70 12.57 13.48 14.07 16.90 14.93 14.80 14.54 14.00 13.81 14.47 15.08 14.64 13.94 13.69 13.87 14.64 15.42 18.41 19.03 18.72 18.33 18.64 18.42 15.46 15.35 15.47 15.47 14.96 14.17 13.40 9.73
10.68 10.59 17.92 9.91 10.69 10.53 15.97 15.50 16.90 15.84 15.73 14.59 12.31 13.56 15.09 15.16 14.85 9.41 9.29 9.70 11.65 15.37 18.50 18.76 14.61 13.92 13.42 12.74 12.79 16.33 20.48 20.01 20.47 21.17 23.56 21.93 20.68 19.76 19.95 18.43 13.42 13.61 15.30 18.82 22.70 23.04 20.09 13.06 13.05 12.54 13.45 14.75 15.39 14.90 14.51 14.10 14.26 14.88 15.69 15.62 15.40 14.69 15.80 18.76 19.38 20.26 19.02 18.38 19.71 19.67 18.58 19.24 18.28 15.95 15.83 15.58 17.67 15.13 10.28
11.56 18.22 13.17 10.61 10.55 11.57 16.34 16.80 16.50 16.28 15.44 13.10 11.78 12.89 12.75 9.96 9.12 7.90 9.85 11.45 15.19 19.43 19.25 19.18 15.41 13.75 12.91 12.25 13.50 16.60 18.91 20.36 20.48 21.36 24.32 22.59 21.65 21.71 20.78 20.30 18.71 21.81 23.33 24.41 22.69 20.37 14.77 11.55 10.95 12.03 13.36 15.35 16.52 15.42 14.85 15.10 15.31 14.44 17.62 21.09 20.68 20.53 21.47 21.84 21.96 21.47 20.44 19.82 19.18 18.52 18.60 18.78 18.35 16.03 15.83 15.33 15.28 15.43 14.79
12.03 19.14 17.43 17.01 18.66 17.60 17.70 16.85 14.87 16.06 13.65 9.97 11.59 10.66 9.72 10.40 8.57 9.60 11.89 14.18 16.15 19.10 18.57 17.02 14.28 13.63 11.23 12.45 12.75 14.15 17.18 18.99 19.42 21.57 23.82 22.60 21.00 20.88 21.72 20.25 24.71 22.80 21.58 24.23 20.36 19.66 14.35 16.11 11.35 12.57 14.28 14.67 17.47 17.05 16.15 17.86 20.14 24.54 21.25 20.24 20.74 21.79 21.39 19.93 19.74 19.56 18.99 18.50 18.38 19.20 18.56 18.25 18.23 18.28 15.79 15.10 17.04 14.76 15.30
19.76 14.51 19.37 18.46 13.74 17.54 15.77 11.44 11.39 14.54 13.73 10.61 10.50 10.65 10.92 13.88 15.61 16.77 16.98 16.28 16.20 20.48 19.08 15.25 14.98 14.11 12.81 13.25 12.44 11.99 17.27 17.68 16.61 22.29 24.69 22.82 20.49 21.77 21.96 24.35 22.72 22.63 21.68 21.00 23.18 15.37 18.66 13.30 12.71 14.16 13.81 16.94 20.98 24.56 25.20 25.34 24.14 22.79 21.36 19.49 15.09 14.54 14.89 19.75 22.05 20.53 20.11 19.69 19.08 18.75 18.52 18.27 18.14 15.81 15.65 14.93 14.78 14.84 14.83
16.28 19.67 18.87 14.41 13.44 11.32 11.51 11.74 11.84 11.69 11.03 10.89 11.31 12.33 16.76 18.12 17.70 17.62 16.95 16.04 16.15 20.21 20.02 20.01 17.79 15.36 12.09 12.97 11.59 14.22 19.34 17.36 17.61 23.00 24.65 23.72 21.28 21.88 22.34 21.30 25.44 22.77 22.46 19.66 18.68 20.00 21.22 20.57 20.01 18.87 21.18 20.69 18.65 18.82 20.63 23.67 17.01 16.26 20.90 20.18 15.59 14.13 13.29 13.52 20.19 20.61 19.77 19.40 18.60 18.18 18.10 17.97 15.51 15.72 15.50 14.78 13.94 13.15 14.08
17.09 16.36 15.39 13.79 12.12 12.29 12.60 12.50 12.26 11.84 11.62 12.07 12.67 15.43 18.46 18.05 17.64 17.43 16.67 16.13 15.88 15.79 19.98 19.46 19.27 14.43 12.45 10.85 11.62 16.08 19.33 17.05 20.22 23.48 25.34 23.63 20.43 22.25 22.28 21.15 22.62 23.92 23.22 21.60 15.84 16.36 15.39 14.59 15.13 17.62 17.54 17.29 15.57 16.38 15.81 23.56 17.24 16.02 15.60 20.57 19.50 15.15 13.09 12.49 13.87 15.21 18.29 20.05 18.85 14.68 14.01 18.99 15.09 14.95 13.74 13.36 13.18 12.97 10.10
20.91 16.69 18.94 12.95 12.99 13.39 13.10 13.00 14.55 12.53 12.90 16.43 19.25 18.86 18.63 17.76 17.16 16.58 16.27 16.36 16.26 15.70 15.63 13.09 17.22 11.98 12.67 12.28 13.35 19.22 20.78 18.48 21.06 23.68 24.83 22.81 21.69 24.01 22.51 23.11 23.96 24.28 22.97 21.79 21.77 16.54 15.68 14.33 14.58 14.53 14.63 14.64 15.01 14.56 15.65 12.33 22.12 15.78 22.12 20.43 19.89 19.17 14.25 12.67 13.49 13.75 13.16 14.00 13.86 12.71 10.98 11.87 12.71 10.94 10.57 10.42 10.25 10.08 10.00
17.98 20.50 13.66 13.66 14.34 14.81 16.60 16.53 15.64 14.33 17.92 19.61 14.94 14.17 13.62 13.53 13.28 15.56 15.77 16.09 18.91 16.43 16.93 20.65 14.27 13.50 11.77 15.47 18.31 21.88 22.75 19.25 19.73 23.39 24.71 22.39 22.17 21.98 23.17 23.40 24.01 23.76 22.50 21.78 21.46 16.50 16.29 14.52 14.44 14.32 14.35 14.46 14.84 14.40 15.51 17.67 22.82 19.98 15.38 15.70 15.56 14.48 12.17 12.59 12.64 12.27 12.40 12.54 11.85 11.12 11.00 11.14 11.06 10.89 10.69 10.46 17.03 15.15 9.85
19.00 21.51 15.77 16.13 20.07 19.79 17.17 15.87 16.09 16.56 19.99 15.75 14.81 14.03 16.25 16.20 13.54 14.98 15.53 15.97 14.69 14.73 18.78 20.85 15.28 14.71 17.63 19.05 17.94 21.55 22.33 17.58 18.13 23.55 18.25 22.75 22.45 25.12 24.19 24.57 23.66 24.30 23.10 21.37 16.32 16.25 16.26 14.60 14.50 14.43 14.55 14.57 14.77 15.25 15.62 17.51 17.61 15.63 14.79 14.91 14.66 12.30 12.36 12.70 12.50 12.18 12.22 12.29 11.78 11.41 11.31 10.97 10.65 10.65 10.64 10.48 10.32 10.06 9.76
19.20 18.78 16.86 20.31 16.69 16.00 14.18 16.49 20.02 20.32 16.27 15.46 14.72 14.26 16.06 16.17 13.89 15.68 14.59 14.97 18.59 21.18 20.85 18.02 17.33 17.67 18.48 16.97 16.00 21.18 22.95 17.36 18.53 22.76 25.79 14.27 21.08 21.21 23.70 25.17 24.89 25.59 24.16 21.81 16.22 15.82 14.45 14.55 14.48 14.41 14.53 14.62 14.79 15.24 16.18 17.14 16.63 14.33 13.83 13.61 12.98 12.58 12.73 12.77 12.72 12.43 11.94 11.91 11.79 11.65 11.64 11.13 10.50 10.41 10.57 10.58 10.45 10.14 9.92
18.90 14.36 16.32 16.42 12.71 14.10 13.70 19.52 17.12 16.15 15.03 14.62 14.84 14.58 15.95 14.06 14.09 14.14 14.38 21.52 20.71 21.28 20.80 17.10 16.18 17.53 15.50 13.76 16.14 21.62 22.03 18.00 17.92 22.38 24.10 24.01 20.42 21.76 22.75 21.87 22.07 22.27 23.56 23.99 20.88 16.02 15.32 14.79 14.58 14.24 14.36 14.54 14.81 15.22 15.97 15.68 14.73 14.37 14.00 13.44 12.97 12.82 12.90 12.80 12.85 12.60 11.81 11.68 11.79 11.68 11.62 11.27 10.58 10.32 10.56 10.68 10.47 10.17 10.10
14.92 14.14 16.14 12.46 12.11 13.16 14.76 17.22 13.16 12.19 11.84 13.82 12.91 12.46 13.31 13.40 13.05 13.86 20.58 21.37 20.32 20.66 19.48 13.43 15.84 16.96 14.04 14.28 19.23 22.50 20.21 15.56 14.73 18.80 24.42 21.95 21.05 23.15 23.21 21.82 22.26 22.13 24.55 22.49 23.04 16.18 15.41 15.85 14.89 14.17 14.27 14.26 14.61 15.16 15.35 14.58 14.14 14.39 14.05 13.49 13.14 12.85 12.86 12.89 12.77 12.52 12.00 11.77 11.77 11.65 11.44 11.24 10.80 10.52 10.67 10.70 10.45 10.24 10.21
15.03 14.29 13.22 12.75 13.18 13.47 17.61 13.63 12.42 11.88 12.52 13.79 12.29 11.63 12.14 11.23 11.61 14.71 14.57 15.79 20.02 20.09 13.05 13.69 15.83 14.77 13.73 15.19 21.58 20.55 16.33 15.07 15.35 18.42 26.53 21.67 22.71 23.14 24.49 21.90 24.81 25.03 24.19 21.92 22.15 21.29 19.14 16.34 15.98 15.10 14.46 13.81 16.53 14.77 14.65 14.03 14.03 14.35 14.06 13.63 13.25 12.78 12.83 12.90 12.63 12.44 12.10 11.81 11.74 11.58 11.31 11.22 10.93 10.73 10.84 10.67 12.15 13.39 14.02
14.98 14.21 13.60 13.99 14.78 16.69 14.11 12.71 12.02 13.33 12.73 12.31 11.60 11.52 12.15 13.15 13.53 15.71 14.51 13.57 19.95 14.61 13.93 14.46 16.81 12.94 14.38 17.37 20.77 17.70 14.08 15.93 18.29 20.09 23.42 22.95 22.51 22.43 21.35 20.91 21.99 24.10 24.17 21.27 20.71 23.49 21.80 16.71 21.40 16.19 15.87 13.44 13.31 14.18 14.21 13.89 14.09 14.35 14.00 13.59 13.21 12.80 12.89 12.80 12.55 12.45 15.22 11.71 11.67 11.39 11.20 11.36 11.03 10.82 12.16 17.13 17.90 17.75 14.50
14.85 14.17 13.98 14.59 16.50 14.10 12.75 11.88 13.17 11.73 12.08 11.77 11.79 12.58 13.78 13.66 11.57 17.33 14.15 13.58 18.20 18.21 17.48 18.16 13.14 13.20 14.63 17.61 16.41 13.98 15.15 18.24 19.34 20.37 22.30 22.80 23.81 21.26 21.55 21.22 21.07 21.17 21.16 23.79 20.50 20.26 20.19 22.50 22.81 16.58 14.81 21.23 14.51 13.69 13.87 13.88 14.12 14.39 13.88 13.38 13.14 12.94 12.96 14.76 15.70 12.23 11.93 11.79 11.69 11.34 11.22 11.43 13.07 13.55 18.69 18.15 14.92 17.53 17.65
14.36 13.76 13.66 14.03 13.65 12.92 12.05 11.72 11.83 11.88 11.98 12.62 13.65 12.69 13.67 14.50 22.62 16.83 15.87 16.02 15.32 20.53 19.08 13.59 12.96 13.38 13.91 14.52 13.81 15.25 18.39 19.83 18.91 20.77 22.25 22.52 21.47 21.10 21.15 21.20 20.41 21.13 20.87 23.66 23.70 22.85 22.81 22.67 22.52 16.66 14.50 13.74 13.53 13.36 13.50 13.88 13.83 15.01 15.08 14.30 14.14 14.06 14.41 14.79 12.15 11.84 11.85 11.96 11.82 11.51 12.50 14.73 18.99 18.67 15.39 18.15 18.15 17.71 14.93
13.73 13.33 13.17 13.18 12.72 12.16 11.46 11.13 11.33 11.96 13.17 12.35 12.96 13.55 12.52 20.20 17.42 16.46 13.85 16.18 15.41 20.35 20.91 16.93 13.55 13.39 13.76 13.54 14.04 16.56 19.55 18.82 16.53 21.02 22.62 21.58 21.72 20.87 20.65 20.42 20.69 20.87 20.72 20.15 23.11 22.73 22.98 20.62 20.37 16.46 14.35 13.94 13.49 19.29 13.24 13.90 13.47 14.22 21.15 22.04 15.00 14.39 14.62 14.20 13.68 12.70 11.78 12.09 12.91 14.49 18.89 18.98 18.56 15.01 18.31 18.37 17.89 17.66 17.52
13.30 13.06 12.74 12.35 11.78 11.07 10.54 10.89 12.28 11.64 12.80 13.12 13.08 11.05 14.48 22.62 17.10 14.00 16.07 20.77 21.23 20.86 20.56 19.18 13.73 13.47 13.63 13.25 14.55 16.70 18.30 16.18 16.37 22.51 22.41 21.20 20.86 21.00 20.27 19.97 20.37 20.70 19.87 19.36 19.65 19.56 19.34 21.98 22.37 16.32 14.31 13.89 13.22 19.57 13.09 13.81 12.83 14.03 19.19 19.91 13.07 13.34 20.89 19.57 17.71 13.78 13.36 18.84 17.94 20.49 19.53 19.14 18.93 18.86 18.85 18.19 17.75 14.34 17.43
13.33 13.17 12.77 12.20 11.51 11.00 11.40 13.21 12.68 13.38 11.94 11.55 10.58 10.52 23.09 17.95 16.77 15.98 15.89 20.58 15.87 15.41 19.96 18.83 15.90 15.35 13.38 13.43 16.03 17.02 17.26 18.77 19.56 21.11 21.49 20.76 19.25 20.25 19.70 18.53 19.97 20.52 23.48 20.11 19.53 19.25 18.65 15.53 15.58 22.01 16.12 13.79 13.11 12.76 12.91 13.51 13.95 14.07 13.53 18.55 12.96 12.52 13.14 17.71 19.23 19.66 18.30 17.20 11.92 16.53 18.18 14.46 17.18 17.19 15.01 18.17 14.67 14.93 17.84
13.34 13.20 12.92 12.65 12.60 13.19 14.54 13.21 13.45 13.42 15.20 15.63 18.21 23.19 17.97 17.30 16.26 15.70 15.07 20.29 12.93 14.40 19.37 19.53 16.19 13.21 12.33 12.82 14.76 15.34 16.90 20.67 20.73 20.68 20.82 19.22 18.91 19.33 18.74 17.74 19.27 21.02 23.00 19.22 18.87 18.80 18.07 18.31 15.19 14.83 16.47 13.86 13.06 12.67 13.56 13.22 13.64 13.79 13.59 20.33 12.91 13.14 12.94 17.19 16.97 19.00 18.38 18.07 14.81 15.68 19.19 18.73 17.25 16.27 14.44 18.32 17.56 14.44 14.27
12.83 12.64 12.64 13.21 11.02 12.31 13.08 11.33 12.35 13.54 15.78 18.16 21.71 21.25 17.03 16.44 13.07 15.77 13.13 15.94 12.87 13.17 13.38 13.13 17.05 12.65 12.03 12.80 13.34 15.04 19.02 20.96 20.50 20.19 19.29 18.45 18.94 19.21 17.52 17.29 18.61 20.25 20.73 22.96 15.72 15.67 15.32 15.36 14.91 15.13 15.54 15.83 12.90 19.97 12.76 13.01 13.21 13.58 13.73 13.19 21.67 12.95 18.86 17.71 17.66 17.84 14.12 17.96 18.92 19.88 19.50 14.50 18.76 17.69 17.28 18.70 14.23 14.77 17.52
12.87 13.04 13.69 11.86 12.13 12.51 10.47 11.84 13.33 15.03 18.47 21.04 21.96 20.58 16.96 13.77 13.01 15.84 13.08 20.23 14.71 14.88 13.35 13.01 17.76 12.45 11.84 12.92 15.14 18.90 20.72 20.55 19.90 18.93 18.87 18.52 18.09 18.03 17.55 15.43 18.45 19.02 20.32 15.78 16.07 19.92 21.78 21.35 21.85 16.12 20.23 15.53 14.95 12.88 15.85 12.80 12.64 13.27 13.94 22.16 12.80 18.30 17.75 12.30 17.15 18.46 17.42 11.84 12.33 20.28 19.69 19.18 18.72 17.56 15.38 12.50 11.23 10.97 10.49
13.45 13.91 14.79 13.60 13.62 14.95 16.63 17.20 19.27 19.10 22.67 17.32 16.83 14.12 17.22 13.73 12.94 19.31 15.29 15.75 14.62 19.34 12.90 18.91 18.26 12.20 12.87 12.96 17.45 19.06 20.51 19.85 19.29 19.43 19.11 17.44 17.82 17.80 16.85 16.15 16.91 16.65 15.94 13.71 15.37 15.63 15.69 22.11 16.05 19.44 20.91 13.30 13.00 13.03 13.03 19.20 12.10 12.71 13.87 18.83 21.00 18.31 15.38 18.98 14.06 14.73 14.13 11.64 12.31 17.57 19.96 19.38 15.41 15.24 18.27 13.97 13.10 16.49 10.65
13.35 13.60 14.34 14.56 16.65 21.57 21.63 20.88 20.02 19.49 22.43 21.98 22.25 13.89 17.20 13.59 12.79 12.77 19.53 13.02 15.59 19.13 19.53 19.21 17.27 12.12 13.33 13.14 18.76 18.38 18.15 19.37 19.53 18.33 18.65 17.11 16.83 17.29 16.59 15.68 14.44 12.16 18.45 15.95 15.67 15.56 15.56 15.67 15.78 15.68 15.74 13.22 13.04 13.02 13.08 12.68 17.65 11.94 13.24 12.50 22.17 12.92 12.58 20.59 18.76 19.09 18.83 11.45 11.92 12.37 17.70 19.41 19.05 14.66 18.60 18.24 16.93 11.13 17.53
