examples/cougarCreek-fire/createInputs/WindNinja/wrfout_d3.2015081100.f21/cougarCreekFire_08-11-2015_2100_217m_non_neutral_stability_vel.asc
ncols	146
nrows	140
xllcorner	610065.000000
yllcorner	5095217.000000
cellsize	216.586807
NODATA_value	-9999.000000
[rows 105 to 139 of 140, columns 0 to 78 of 146]
8.20 8.17 8.16 8.25 8.31 8.30 8.42 8.54 8.58 8.85 8.97 9.09 9.31 9.03 9.01 9.14 9.06 9.07 8.68 14.93 8.91 8.85 8.93 9.00 14.34 8.86 8.92 15.42 13.81 14.08 15.06 13.60 13.57 13.69 13.44 14.46 12.88 7.76 7.74 7.31 8.30 10.80 8.64 5.83 7.40 3.88 7.48 7.52 3.29 3.44 7.86 7.93 8.12 8.38 8.56 12.26 8.36 8.64 8.94 9.17 13.57 13.90 14.21 15.30 17.68 17.68 17.79 16.42 17.87 16.70 16.62 16.61 16.56 10.55 10.51 10.45 10.43 10.45 10.53
8.09 8.15 8.31 8.42 8.45 8.53 8.55 8.43 8.46 8.64 8.81 9.19 9.21 8.91 9.14 8.98 8.68 8.98 8.62 8.59 8.54 8.62 8.79 14.88 8.85 8.81 14.31 15.43 14.01 13.91 14.23 14.01 14.17 13.86 13.99 13.97 10.55 7.78 7.80 10.36 7.54 10.80 8.92 7.30 6.13 5.39 4.67 4.01 7.53 3.23 7.71 7.74 7.90 8.30 8.59 11.13 8.17 8.51 8.80 9.04 13.78 14.64 17.18 16.07 16.35 16.44 16.51 17.80 16.66 16.64 16.91 16.86 16.81 16.37 10.51 10.46 16.62 16.42 10.38
8.03 8.14 8.34 8.41 8.58 8.66 8.62 8.51 8.45 8.57 8.81 9.02 8.90 8.84 9.00 8.94 8.60 8.89 8.51 8.48 8.44 8.45 8.59 13.99 13.58 8.75 14.57 14.81 13.16 13.48 13.14 15.05 14.86 13.96 13.76 11.91 7.85 7.87 7.81 12.90 11.05 10.32 7.68 6.83 6.61 6.06 7.21 7.26 5.16 6.01 6.35 4.24 2.88 4.61 10.34 11.52 11.06 8.38 8.69 12.90 14.68 16.22 15.13 15.00 9.75 15.65 17.45 17.52 16.11 16.37 16.47 16.49 16.79 16.70 16.17 10.47 10.38 10.34 10.37
7.85 7.94 8.13 8.39 8.68 8.85 8.74 8.48 8.50 8.37 8.52 8.61 8.66 8.84 8.80 8.84 8.47 8.43 8.43 8.79 8.42 8.55 8.62 8.75 8.73 13.22 14.24 13.79 13.59 14.60 14.45 15.45 15.01 13.46 11.81 7.97 7.95 9.01 13.55 13.33 10.88 8.09 7.28 6.80 5.92 7.09 5.26 5.65 5.59 6.49 7.75 5.67 4.22 5.99 16.47 15.42 11.77 8.29 11.90 13.55 16.01 14.81 14.81 9.35 14.09 15.60 16.18 16.37 16.49 16.54 17.42 16.43 16.70 16.58 16.55 16.43 16.10 15.97 15.76
7.68 7.91 8.03 8.16 8.40 8.59 8.56 8.28 8.27 8.11 8.17 8.26 8.59 8.71 8.66 8.75 8.20 8.17 8.19 8.28 8.51 8.62 8.84 14.56 13.73 14.40 14.28 13.57 14.65 15.07 14.96 15.11 14.46 12.47 8.07 7.96 7.91 12.66 13.79 13.07 9.96 8.34 8.39 7.43 6.20 5.37 7.01 7.02 7.13 7.21 7.24 4.84 5.69 9.12 7.89 16.15 12.14 11.44 12.57 13.56 15.35 14.44 13.47 9.29 13.60 15.36 15.64 16.48 16.41 16.75 16.31 16.68 16.48 15.97 15.66 16.17 16.14 15.83 10.32
7.98 7.99 7.97 8.00 8.28 8.36 7.96 8.27 8.23 8.10 8.11 8.18 8.55 8.56 8.52 8.68 8.01 8.32 8.02 8.15 8.34 8.49 14.50 8.84 8.77 14.32 14.36 14.04 14.97 14.79 14.44 14.14 11.65 8.14 8.04 7.93 11.02 13.97 13.15 10.73 9.81 9.72 8.48 7.74 7.20 6.69 5.19 6.94 3.13 7.12 2.97 2.82 3.52 2.93 7.82 7.79 10.23 12.06 14.47 15.10 16.16 13.82 13.91 9.18 15.43 15.81 17.01 15.57 16.16 16.30 16.34 16.47 15.95 15.88 15.82 16.28 15.97 10.28 10.28
7.76 8.08 7.72 7.73 7.87 8.39 8.51 8.68 8.27 7.88 8.05 8.16 8.45 8.46 8.56 8.60 8.08 8.03 8.11 8.16 8.75 8.72 8.66 8.61 8.59 8.62 8.71 8.68 14.53 13.99 8.64 8.47 8.32 8.21 8.07 7.94 13.97 13.33 11.84 10.12 7.15 8.67 8.92 8.65 8.59 7.86 6.36 4.96 3.84 7.05 3.26 2.61 3.00 3.76 7.88 8.35 11.63 15.69 15.82 16.19 16.23 15.98 16.83 16.46 16.86 16.70 16.98 16.90 17.17 16.20 16.38 15.90 10.08 10.04 10.14 10.22 16.04 15.96 15.77
7.54 7.53 7.56 7.58 7.61 7.68 7.78 8.34 8.43 8.04 8.10 8.04 8.25 8.45 8.56 8.51 8.10 8.28 8.33 8.26 8.11 8.72 8.65 8.43 8.39 8.46 8.55 13.81 13.91 13.44 8.66 8.55 12.56 12.83 12.16 14.08 13.67 12.84 10.71 10.54 9.67 9.20 9.36 8.88 8.31 7.03 6.69 6.36 6.29 5.07 4.47 4.18 4.31 5.32 9.80 16.42 16.15 16.11 16.23 16.22 16.32 16.39 16.30 16.32 16.44 16.38 16.16 16.36 16.10 16.49 16.52 16.19 16.19 16.36 16.29 16.06 15.94 15.77 15.66
7.46 7.49 7.95 7.64 7.55 7.43 7.38 7.47 7.73 8.53 7.78 7.81 8.13 8.53 8.60 8.51 8.34 8.56 8.93 8.59 8.10 8.73 7.94 8.48 8.22 8.30 8.53 8.69 13.73 13.57 8.76 13.67 13.83 12.98 13.32 13.72 13.49 11.96 11.67 11.30 11.01 9.95 9.39 7.25 5.54 6.91 5.87 6.57 7.60 7.73 6.45 7.16 8.17 9.98 11.99 15.11 16.19 16.11 16.19 15.97 16.17 16.10 16.27 16.27 16.30 16.28 16.21 15.92 16.00 16.17 15.99 15.88 15.74 15.61 15.91 15.89 15.30 10.03 10.04
7.65 7.72 7.44 7.50 7.59 7.66 7.61 7.50 7.36 7.34 7.42 7.70 8.11 8.46 8.37 8.45 8.36 8.41 8.58 8.36 8.63 8.58 8.64 8.37 7.92 8.25 8.59 8.68 8.75 8.80 14.14 13.97 8.44 12.95 14.27 14.01 12.27 11.43 7.50 12.24 7.18 9.57 7.28 7.00 7.07 7.13 7.11 6.80 7.47 8.85 8.93 10.00 10.37 11.55 10.87 11.43 15.01 15.93 16.30 16.11 15.95 16.06 16.05 16.09 16.17 16.13 15.90 15.99 16.01 16.04 15.98 15.98 15.86 15.62 15.52 15.41 14.85 14.44 9.90
7.36 7.37 7.46 7.59 7.41 7.98 7.89 7.70 7.54 7.40 7.41 7.72 7.86 7.77 7.73 8.17 8.31 8.39 8.35 8.42 8.52 8.46 8.38 7.85 7.96 8.46 8.61 8.58 8.62 8.71 14.45 8.66 12.92 13.39 13.72 13.17 11.89 7.63 13.06 12.48 7.19 9.33 7.15 7.37 7.71 8.79 9.30 9.35 9.05 9.50 10.10 10.52 11.44 11.98 11.29 11.44 11.52 12.12 15.23 16.07 15.76 15.56 15.54 15.99 16.15 15.76 15.80 15.91 15.98 16.08 15.97 15.99 15.85 15.61 15.38 15.09 14.88 9.91 9.95
7.28 7.33 7.48 7.66 8.11 8.23 8.47 7.63 7.67 7.42 7.46 7.52 7.49 7.54 7.65 7.72 8.20 7.73 8.56 8.53 7.63 8.28 8.07 7.84 8.23 8.66 8.56 8.62 8.59 8.78 8.86 8.60 8.31 8.16 13.22 11.67 7.73 12.86 13.33 11.74 7.25 7.22 8.98 9.42 10.17 11.35 11.11 9.13 9.34 9.87 10.69 11.44 12.19 10.98 11.47 11.84 11.46 11.75 12.24 15.16 15.55 15.46 15.30 15.76 16.06 15.84 15.93 15.98 16.04 15.99 15.86 16.07 15.67 15.47 15.10 14.83 9.84 9.88 9.88
7.19 7.22 7.35 7.51 7.50 7.41 7.44 7.56 8.49 7.61 7.59 7.34 7.24 7.41 7.60 8.12 8.34 8.34 8.44 8.42 7.59 8.11 7.80 7.77 8.63 8.67 8.47 8.52 8.63 8.74 8.80 8.46 8.13 8.05 8.01 11.91 13.37 13.28 12.67 11.09 7.29 7.25 9.54 9.81 10.25 11.94 12.00 10.82 10.63 11.52 11.29 11.60 11.47 11.32 11.42 11.80 11.84 11.94 12.01 14.36 15.26 15.25 15.14 15.40 15.67 15.71 15.92 15.99 15.97 15.62 15.60 15.77 15.64 15.33 15.02 14.79 9.83 9.82 9.78
7.09 7.12 7.29 7.50 7.50 7.60 7.65 7.55 8.43 7.60 7.76 7.45 7.54 7.66 7.47 7.90 8.14 8.15 8.18 8.31 8.45 7.97 7.71 7.87 8.34 8.64 8.32 8.46 8.65 8.62 8.71 8.28 8.08 8.08 7.95 12.97 7.90 13.06 11.31 7.32 7.30 7.29 9.69 10.65 12.05 11.84 11.40 11.44 10.91 12.38 12.09 11.50 11.64 11.39 11.50 7.50 12.15 12.22 7.70 13.79 7.94 14.93 8.31 14.57 14.92 15.22 15.60 15.99 15.83 15.53 15.22 15.68 15.44 15.24 9.76 9.78 9.79 9.74 9.75
7.02 7.10 7.27 7.42 7.49 8.07 7.57 7.52 7.49 7.48 7.58 8.29 8.36 7.84 7.27 7.27 7.31 8.03 7.31 8.21 8.26 7.91 7.85 8.16 8.53 8.40 8.40 8.51 8.59 8.69 8.55 8.35 7.82 7.98 8.08 13.26 13.24 7.61 7.37 10.04 7.32 10.57 10.95 12.20 11.83 11.65 11.22 11.07 11.95 11.91 11.63 11.44 7.27 7.39 7.48 7.52 7.54 7.58 7.69 7.81 14.03 8.07 14.25 8.46 14.81 15.09 15.26 15.68 15.81 15.60 15.18 15.04 15.27 15.15 9.73 9.74 9.70 9.61 9.50
7.00 7.12 7.31 7.43 7.47 7.93 7.92 7.41 7.36 7.30 7.28 7.26 7.18 7.16 7.18 7.23 7.19 7.17 7.25 7.94 7.93 7.39 7.76 8.03 8.22 8.29 8.56 8.50 8.42 8.70 8.76 8.52 7.72 7.64 8.15 8.09 7.82 7.54 7.40 7.36 7.41 11.72 11.87 12.15 11.52 11.77 11.11 12.01 12.03 11.82 11.77 11.77 7.26 7.36 7.44 7.47 7.50 7.57 7.65 7.73 7.88 13.99 14.19 14.23 8.59 14.66 15.41 15.26 15.78 15.59 15.30 14.64 14.37 14.61 14.84 9.71 9.68 9.58 9.38
6.94 7.10 8.06 7.68 7.73 8.30 8.15 7.91 7.21 7.21 7.21 7.23 7.98 7.18 7.17 7.10 7.09 7.14 7.24 7.92 7.34 7.39 7.55 7.80 8.15 8.44 8.47 8.30 8.27 8.41 8.66 7.71 7.63 8.00 8.19 8.05 7.58 7.48 7.42 7.44 12.04 12.30 11.74 11.44 11.10 11.20 11.17 12.31 12.18 11.85 11.74 11.72 11.46 7.31 7.40 7.44 7.49 7.55 7.60 7.65 7.82 13.04 13.85 13.72 13.41 13.51 15.11 14.97 15.32 15.64 15.12 14.83 14.75 14.81 9.72 9.71 9.65 9.53 9.35
6.93 7.10 7.17 7.19 7.78 7.83 7.91 7.04 7.14 7.19 8.10 7.22 7.22 7.22 7.25 7.26 7.12 7.09 7.17 7.22 7.26 7.77 7.85 8.11 8.34 8.29 8.20 7.93 8.04 7.63 8.48 7.69 7.64 7.56 8.23 7.95 7.59 7.61 7.56 11.77 7.59 12.09 11.02 11.00 10.76 11.47 12.30 12.54 12.22 11.90 11.69 11.55 7.31 7.34 7.41 7.45 7.48 7.53 7.55 7.59 7.78 8.04 14.00 13.47 12.90 12.96 8.88 14.19 14.13 15.36 15.05 14.90 9.57 9.68 9.71 9.65 9.60 9.44 9.28
6.95 7.30 7.94 7.06 7.69 6.97 7.75 7.31 7.10 7.22 7.20 7.16 7.14 8.04 7.84 7.26 7.15 7.09 7.13 7.93 7.12 7.74 7.86 7.97 8.28 8.12 7.88 7.73 8.09 7.60 7.66 8.39 8.33 8.28 8.18 7.90 7.71 7.73 7.74 7.65 7.56 11.87 11.43 11.43 11.21 7.44 7.45 12.38 12.07 11.40 11.45 11.64 7.40 7.39 7.43 7.45 7.45 7.47 13.56 7.59 7.79 8.07 13.80 13.36 8.48 8.67 8.85 13.78 13.97 14.62 14.83 14.96 14.88 9.60 9.63 9.61 9.54 9.39 9.27
6.82 6.81 7.32 7.74 6.98 6.99 6.98 7.02 7.18 7.19 7.10 7.05 7.10 7.12 7.10 7.05 6.95 7.02 7.11 7.08 7.07 7.10 7.74 7.82 8.13 8.21 7.65 7.58 8.06 7.53 7.55 8.46 8.30 8.17 7.96 7.76 7.63 7.62 7.63 7.61 7.52 11.48 11.36 11.50 7.42 12.29 7.42 12.02 11.57 11.56 11.74 7.50 7.43 7.41 7.41 7.40 7.41 7.44 7.50 7.57 7.76 7.96 8.18 8.30 8.49 8.59 8.77 8.76 14.45 14.58 14.37 14.16 9.38 9.43 9.48 9.52 9.46 9.34 9.23
6.68 6.64 6.71 7.18 7.76 6.96 6.99 7.06 7.19 8.10 7.08 7.02 7.06 7.08 7.89 7.00 6.92 7.01 7.10 7.04 7.05 7.58 7.68 7.05 7.82 7.92 7.61 7.72 8.38 8.24 7.47 7.39 8.20 7.99 7.60 7.48 7.55 7.54 7.49 7.47 7.50 7.41 10.97 7.40 7.44 7.41 7.42 11.85 11.76 11.87 7.54 7.44 7.37 7.35 7.34 7.31 7.34 7.38 7.39 7.49 7.66 13.97 14.47 14.54 14.55 8.75 8.77 8.82 15.22 15.01 14.77 9.36 9.34 9.22 9.22 9.38 9.40 9.33 9.21
6.60 6.62 6.71 6.82 7.13 6.66 7.06 7.09 7.10 7.62 7.06 6.95 6.92 6.90 6.93 6.97 6.99 6.99 6.98 6.96 7.01 7.01 7.57 7.45 7.50 7.81 7.88 8.01 8.18 8.14 7.35 7.30 8.08 7.70 7.11 7.47 7.52 7.44 7.47 7.59 7.53 7.41 7.39 7.38 7.33 7.39 7.49 7.50 7.50 7.52 7.47 7.35 7.19 7.14 7.12 7.14 7.20 7.24 14.10 7.58 13.54 7.95 7.99 13.93 8.32 8.49 14.72 8.58 8.99 15.00 9.19 9.23 9.28 9.10 8.96 9.18 9.34 9.31 9.15
6.53 6.59 6.70 6.87 7.33 7.68 7.74 8.03 7.89 7.59 7.73 6.77 6.74 6.76 6.81 7.81 6.83 6.71 6.72 6.81 6.87 6.88 7.33 7.34 7.06 8.00 8.05 8.08 7.95 7.14 7.16 7.12 7.93 7.54 7.03 7.29 7.34 7.47 7.54 7.52 7.34 7.28 7.28 7.23 7.22 7.39 7.46 7.45 7.41 7.40 7.36 7.25 7.00 6.93 6.94 6.98 7.11 7.20 7.34 7.52 7.65 7.83 8.00 13.22 8.34 14.73 14.81 8.73 9.15 14.03 8.94 9.00 9.19 9.13 8.79 8.94 9.19 9.25 9.07
6.52 6.56 6.69 6.84 6.90 6.85 6.84 6.85 6.83 6.69 6.60 7.56 6.60 6.65 6.67 6.64 6.54 6.47 6.54 6.59 6.62 6.70 6.80 7.64 7.69 7.91 7.96 7.85 7.01 6.98 6.94 7.85 7.56 6.89 7.13 7.30 7.52 7.56 7.42 7.28 7.14 7.12 7.11 7.00 9.84 7.32 7.36 7.32 7.21 7.24 8.88 6.95 7.03 6.99 7.00 7.05 7.12 7.24 7.39 7.51 7.64 7.81 7.97 8.13 8.31 14.52 14.74 9.11 9.21 9.10 9.03 9.05 9.19 9.19 8.90 8.82 9.05 9.21 9.01
6.51 6.52 6.64 6.74 6.76 6.74 6.67 6.59 6.50 6.43 6.46 6.51 6.49 6.46 6.43 6.37 6.31 6.31 6.37 6.43 6.46 6.53 6.60 6.64 7.58 7.67 7.80 7.97 6.91 6.87 6.86 6.85 6.84 6.84 6.84 7.07 7.34 7.23 7.10 7.06 7.04 6.99 6.91 6.92 7.03 7.12 7.14 8.67 7.03 7.10 6.89 7.03 6.97 7.04 7.01 7.03 7.10 7.22 7.33 7.48 7.66 7.81 8.03 8.23 8.52 14.20 14.43 14.50 9.02 8.97 9.02 9.21 9.22 9.20 9.06 8.85 8.83 9.03 8.92
6.51 6.47 6.58 6.68 6.72 6.72 6.66 6.56 6.47 6.41 6.41 6.43 6.38 6.28 6.23 6.21 6.21 6.20 6.26 6.35 6.37 6.38 6.42 6.45 6.48 6.53 6.58 7.66 6.65 6.72 6.78 6.79 6.78 6.77 6.84 6.89 7.06 7.02 7.00 6.91 6.89 6.90 6.92 6.97 7.04 7.13 7.27 7.13 7.04 7.10 7.12 6.92 5.96 6.89 6.92 6.99 7.06 7.15 7.29 7.52 7.74 7.87 8.04 13.86 14.18 14.21 14.13 8.93 9.03 9.07 9.06 9.14 9.13 9.12 9.09 8.92 8.75 8.80 8.72
6.64 6.44 6.51 6.61 6.65 6.64 6.59 6.53 6.47 6.41 6.35 6.30 6.22 6.15 6.16 6.17 6.14 6.14 6.23 6.30 6.28 6.26 6.28 6.31 6.34 6.38 6.40 6.43 6.47 6.53 6.62 6.66 6.64 6.62 6.98 7.30 7.14 6.88 6.88 6.86 6.86 6.95 7.03 7.11 7.17 7.36 7.32 7.10 8.24 7.87 7.72 7.43 6.81 5.33 6.90 6.96 7.05 7.19 7.39 7.66 10.85 13.06 14.24 14.61 14.48 14.37 14.45 8.81 8.89 8.99 8.97 9.03 9.08 9.03 9.04 8.98 8.77 8.71 7.72
6.61 6.68 6.47 6.54 6.56 6.55 6.50 6.45 6.39 6.33 6.28 6.21 6.15 6.11 6.12 6.12 6.10 6.12 6.19 6.21 6.19 6.19 6.20 6.19 6.22 6.27 6.30 6.33 6.37 6.44 6.52 6.54 6.50 6.45 6.46 6.42 6.52 6.34 6.78 6.77 6.83 6.87 7.20 7.18 7.26 7.30 7.27 7.14 7.24 7.36 7.25 7.01 6.86 6.68 5.75 4.44 3.19 7.23 7.44 12.98 13.77 13.57 14.20 14.04 14.01 8.41 8.54 8.69 8.75 8.86 8.87 8.92 8.88 8.98 9.00 8.91 7.80 7.73 7.60
6.63 6.70 6.40 6.42 6.44 6.45 6.42 6.39 6.33 6.27 6.21 6.15 6.11 6.08 6.07 6.06 6.05 6.06 6.07 6.07 6.07 6.09 6.10 6.10 6.14 6.18 6.18 6.20 6.29 6.39 6.46 6.42 6.34 6.32 6.41 6.57 6.68 6.72 6.37 6.74 6.74 7.22 7.12 7.04 7.19 7.23 7.18 7.15 7.21 7.21 7.07 6.90 6.85 6.88 6.91 6.57 6.05 7.68 7.28 7.34 13.59 13.82 13.99 14.13 13.97 8.31 8.40 8.59 8.68 8.75 8.78 8.82 8.79 8.81 8.85 8.73 8.68 7.60 7.51
6.92 6.76 6.70 6.33 6.29 6.28 6.25 6.26 6.26 6.24 6.17 6.11 6.07 6.04 6.03 6.01 5.99 5.98 5.98 5.99 6.01 6.02 6.03 6.04 6.07 6.08 6.10 6.15 6.21 6.26 6.28 6.27 6.29 6.48 6.06 6.16 6.80 6.77 6.71 7.29 7.09 7.05 6.91 6.99 7.12 7.11 7.11 7.09 7.07 7.04 6.95 6.83 6.79 7.75 8.24 6.90 6.97 7.04 7.06 7.06 7.09 13.31 13.55 13.91 13.81 13.60 8.28 8.38 8.57 8.66 8.71 8.75 8.68 8.62 8.66 8.60 8.49 7.47 7.41
7.20 6.91 6.77 6.27 6.12 6.10 6.21 6.34 6.34 6.23 6.12 6.06 6.02 5.99 5.97 5.95 5.93 5.93 5.93 5.95 6.00 6.01 5.98 5.96 5.95 5.97 6.02 6.08 6.14 6.17 6.18 6.23 6.01 6.12 6.91 7.24 7.40 6.56 6.53 6.50 6.93 6.81 6.77 6.94 7.03 7.03 7.02 6.99 7.00 7.06 6.94 6.69 4.97 7.25 6.78 6.77 6.79 6.81 6.82 6.89 7.01 7.20 7.46 7.71 13.44 13.43 8.28 8.30 8.35 8.49 8.61 8.61 8.59 8.65 8.65 7.56 7.46 7.36 7.29
6.90 7.11 6.92 6.26 6.08 6.25 5.90 6.48 6.50 6.24 6.13 6.07 6.03 6.00 5.98 5.96 5.94 5.94 5.94 5.95 5.98 5.98 5.96 5.95 5.96 5.98 6.02 6.07 6.11 6.16 6.23 6.36 6.26 7.03 6.43 6.38 7.22 6.40 6.36 6.35 6.38 6.61 6.71 6.87 6.60 6.64 6.69 6.84 6.84 6.91 6.73 6.55 6.73 6.69 6.54 6.52 6.54 6.55 6.62 6.72 6.85 7.03 7.25 7.48 7.72 7.94 8.08 8.17 8.19 8.32 8.51 8.55 8.55 8.62 8.59 7.46 7.35 7.26 7.17
6.30 6.37 7.20 6.37 6.19 6.51 6.55 7.55 6.41 6.28 6.21 6.16 6.12 6.10 6.07 6.05 6.04 6.03 6.03 6.02 6.00 5.99 6.00 6.02 6.07 6.10 6.12 6.14 6.18 6.24 6.36 6.58 6.86 6.31 6.22 6.23 6.26 6.23 6.19 6.21 6.28 6.51 6.65 6.49 6.51 6.55 6.70 6.65 6.64 6.54 6.43 6.49 5.74 6.47 6.28 6.24 6.23 6.24 6.29 6.35 6.43 6.77 6.96 7.20 7.49 7.66 7.80 7.95 8.08 7.53 8.26 8.33 7.52 7.55 8.47 7.36 7.26 7.19 7.09
6.42 6.53 7.50 6.46 6.40 6.71 6.84 6.60 6.39 6.34 6.32 6.29 6.27 6.25 6.23 6.22 6.20 6.19 6.19 6.17 6.16 6.15 6.15 6.19 6.24 6.28 6.31 6.33 6.36 6.38 6.35 6.24 6.08 6.00 5.96 5.96 5.95 5.96 6.04 6.16 6.27 6.39 6.51 6.43 6.47 6.52 6.56 6.49 6.42 6.37 6.38 6.35 6.24 6.05 5.89 5.87 5.87 5.87 5.93 6.01 6.10 6.22 6.69 6.96 7.19 7.37 7.59 7.81 7.37 7.53 7.54 7.52 7.48 7.48 7.43 7.26 7.19 7.14 7.03
6.54 6.62 7.24 6.46 6.50 6.77 6.79 6.56 6.35 6.34 6.36 6.32 6.31 6.29 6.27 6.25 6.23 6.22 6.20 6.20 6.21 6.21 6.21 6.23 6.28 6.32 6.36 6.39 6.38 6.30 6.13 5.92 5.76 5.72 5.73 5.72 5.71 5.78 5.93 6.10 6.24 6.23 6.27 6.20 6.39 6.46 6.47 6.40 6.39 6.40 6.29 6.15 5.89 5.69 5.56 5.59 5.61 5.63 5.69 5.76 6.07 5.97 6.12 6.31 7.04 7.21 6.85 7.08 7.31 7.47 7.46 7.44 7.38 7.37 7.30 7.16 7.09 7.04 6.94
