examples/cougarCreek-fire/createInputs/WindNinja/wrfout_d3.2015081100.f21/cougarCreekFire_08-11-2015_2100_217m_non_neutral_stability_vel.asc
ncols	146
nrows	140
xllcorner	610065.000000
yllcorner	5095217.000000
cellsize	216.586807
NODATA_value	-9999.000000
[rows 70 to 104 of 140, columns 0 to 78 of 146]
12.95 13.26 14.32 14.55 16.87 21.80 21.44 19.82 19.25 19.75 21.35 21.27 21.56 17.13 17.11 13.62 12.79 12.82 19.31 12.93 12.80 19.03 14.71 17.59 12.39 12.37 12.09 13.61 18.59 18.16 15.57 20.20 19.68 18.77 18.66 15.47 17.58 17.59 16.55 13.99 13.77 15.26 16.06 15.75 15.68 15.60 21.32 21.27 15.64 15.70 13.09 13.02 12.96 20.02 12.98 12.88 12.05 11.44 12.19 13.60 13.20 13.26 12.70 12.33 12.25 20.57 19.84 17.84 11.56 12.01 13.62 17.09 17.89 17.12 17.32 17.70 18.17 11.09 18.38
12.98 13.62 14.78 14.87 16.50 21.34 20.39 16.90 18.82 20.21 20.09 20.47 13.80 21.42 14.07 13.64 12.66 12.75 18.83 12.86 19.08 18.09 12.63 13.53 12.32 12.90 12.61 18.59 19.99 16.65 15.94 19.39 12.95 12.52 17.81 17.24 17.00 17.55 16.13 13.81 15.69 15.81 15.00 18.01 15.77 15.27 15.56 21.45 15.84 15.84 15.55 12.88 15.48 19.67 20.22 13.01 12.49 11.49 11.32 12.51 13.78 16.10 13.07 12.59 12.29 12.11 11.75 19.48 18.05 11.66 11.92 16.79 17.89 18.32 18.14 16.98 16.65 17.37 17.86
13.47 14.22 14.96 14.65 16.90 21.20 19.88 16.59 19.18 20.07 19.51 19.80 18.48 14.67 16.65 13.38 12.49 12.70 15.53 12.75 12.60 12.57 12.74 13.45 12.41 11.54 13.56 18.62 18.31 15.45 16.97 19.50 19.02 18.46 15.14 16.23 18.02 14.40 16.54 13.69 15.66 17.03 13.20 13.08 20.19 15.27 14.88 21.38 15.77 12.90 15.55 12.72 20.52 18.63 12.93 12.89 12.70 11.93 11.11 11.45 12.98 13.78 18.28 15.90 16.22 12.29 20.08 11.53 11.43 15.22 11.67 16.96 18.89 19.10 18.75 17.53 14.31 15.75 14.34
13.89 14.34 14.64 14.31 17.51 20.16 19.66 17.17 20.51 20.55 19.58 19.64 18.71 14.37 17.25 12.91 12.35 12.56 12.79 12.72 12.55 12.59 12.82 15.66 12.55 11.68 17.08 17.53 13.81 13.57 19.20 19.18 18.47 15.63 12.79 16.23 14.92 18.46 16.16 13.16 16.07 16.82 13.08 12.75 18.00 15.50 20.87 14.42 14.52 12.72 15.80 12.47 20.29 12.59 19.45 12.75 12.67 12.26 11.33 11.05 12.07 13.28 12.98 18.80 18.83 18.36 14.95 19.23 19.75 19.66 19.67 19.45 19.31 19.15 18.57 16.75 14.01 14.35 13.75
13.79 13.88 13.94 13.82 17.44 19.54 19.25 19.49 20.56 20.24 19.50 19.31 13.69 20.41 13.18 12.38 12.02 12.32 12.73 12.62 12.44 12.61 12.80 13.05 12.80 12.29 17.54 13.65 12.81 17.88 19.43 18.80 17.84 12.13 12.93 17.57 14.80 18.00 15.94 12.35 14.80 17.00 15.94 14.42 13.10 15.28 15.46 14.53 14.13 13.76 12.67 20.50 20.29 12.48 12.85 20.38 12.60 12.37 11.59 11.14 11.51 12.52 13.37 17.55 19.64 18.65 18.56 18.08 16.91 15.17 15.25 16.50 15.92 11.52 16.44 15.10 14.15 14.13 13.88
13.46 13.45 13.60 16.52 17.96 17.76 17.14 19.27 20.09 19.13 16.00 17.63 19.65 20.31 12.89 12.26 11.95 12.45 12.78 18.91 12.43 12.67 12.71 12.68 11.93 13.63 16.63 13.35 17.20 17.13 19.83 18.36 15.56 11.51 15.12 17.76 14.55 16.64 16.08 13.64 14.81 17.38 16.60 12.71 12.24 16.67 12.45 20.84 12.09 13.73 12.45 12.23 19.51 12.40 12.69 16.49 19.53 12.35 11.83 11.40 11.29 11.91 12.94 12.95 19.34 15.60 18.16 14.93 14.73 16.63 11.51 11.79 16.00 14.24 11.36 14.59 14.52 13.57 14.10
13.25 13.28 13.38 17.33 17.84 17.45 16.28 17.04 19.36 14.91 13.11 13.46 13.37 20.48 13.00 12.26 12.02 12.51 16.54 12.38 12.46 12.59 12.66 12.89 13.74 16.68 15.47 16.16 17.36 17.19 18.68 17.78 14.86 13.89 18.87 15.05 14.32 15.75 12.97 14.03 14.67 17.05 16.43 14.40 11.70 12.16 20.80 12.14 11.93 13.65 12.26 12.19 12.15 12.30 12.52 14.10 19.57 12.26 12.03 11.63 11.23 11.65 12.48 12.85 15.56 18.49 18.04 17.71 14.86 16.65 15.09 12.74 12.85 15.21 13.06 13.52 14.86 13.67 13.09
13.07 13.09 13.07 17.61 17.37 15.81 15.27 17.23 16.35 13.78 13.59 13.59 13.67 13.40 13.01 12.16 12.02 12.37 12.40 12.31 12.38 12.51 12.79 14.27 16.55 15.97 15.58 16.52 17.19 15.71 16.28 18.76 14.11 16.32 17.60 14.77 11.57 15.46 12.56 14.32 13.29 14.28 13.87 12.94 11.39 11.48 16.02 12.29 11.75 13.42 12.14 12.12 12.06 12.16 12.38 13.96 19.53 12.16 12.10 11.78 17.89 11.60 12.15 12.46 13.14 17.95 17.30 17.55 18.35 15.70 16.17 14.34 13.99 15.17 11.28 11.46 11.40 14.87 11.75
12.83 12.83 12.81 17.78 16.73 12.76 15.82 19.10 16.03 14.95 15.53 20.14 13.22 13.06 12.65 11.91 11.89 12.21 12.24 12.17 12.30 12.59 12.97 16.85 19.17 16.55 16.29 16.52 16.68 14.80 14.83 19.31 17.34 18.48 15.12 11.76 11.34 13.43 13.28 11.90 14.66 14.43 13.53 13.10 11.92 12.05 13.05 17.18 11.67 13.52 13.54 12.03 11.87 11.97 12.27 12.48 19.64 18.80 18.82 11.99 11.48 11.53 11.86 12.08 12.54 17.79 18.25 18.09 17.94 11.71 11.34 11.35 16.42 15.87 11.26 11.35 12.84 11.34 18.69
12.63 12.62 12.61 17.34 16.98 12.54 15.96 17.16 16.22 15.80 16.15 19.24 19.21 12.55 12.14 11.62 11.81 12.14 12.11 12.11 12.43 12.73 17.59 12.66 12.05 16.46 15.93 15.47 16.49 15.26 14.71 19.28 18.56 17.64 15.05 11.51 11.11 13.28 11.41 12.87 14.42 14.38 13.93 13.09 12.32 12.69 12.45 12.52 19.00 11.76 13.67 11.94 11.59 11.66 12.24 11.05 12.17 18.89 16.94 12.24 11.82 11.58 11.66 11.63 12.07 12.31 18.81 18.40 18.41 11.80 11.46 11.42 11.29 15.25 12.94 11.23 11.26 11.59 19.10
12.40 12.40 12.42 17.80 16.69 12.31 12.40 16.33 16.23 16.01 16.52 18.27 15.02 12.39 11.82 11.59 11.93 12.09 12.07 12.31 12.67 12.82 16.89 12.25 18.82 16.63 15.46 11.83 16.31 14.55 16.00 18.48 18.07 15.25 15.12 11.29 10.94 13.10 10.17 15.83 13.83 13.46 14.16 13.50 13.09 12.77 11.85 10.01 11.12 11.98 11.76 11.77 11.24 11.42 12.33 12.72 11.98 19.47 11.39 12.32 12.01 11.76 11.64 18.23 11.49 12.45 19.02 18.66 18.02 16.77 16.37 16.22 11.48 11.20 15.52 14.30 11.00 11.57 13.76
12.18 12.18 12.19 17.23 12.11 12.23 12.34 15.35 16.78 17.08 16.98 15.00 15.11 12.21 11.65 11.69 11.95 12.03 12.24 12.52 12.66 18.82 12.45 11.86 16.49 14.99 11.44 11.83 14.81 18.83 13.74 15.72 15.48 16.81 14.82 14.52 13.78 14.29 12.56 11.42 11.10 11.18 13.40 14.20 13.92 12.48 11.30 11.21 9.92 12.14 11.62 11.44 10.92 11.56 12.41 14.31 19.39 11.35 10.06 12.95 12.11 11.90 11.73 11.34 12.94 11.89 12.17 18.72 18.32 16.55 19.09 17.38 16.18 11.44 11.25 10.95 10.78 11.38 13.01
11.94 11.95 11.95 17.54 11.95 12.09 12.16 15.15 17.36 18.94 16.96 12.16 15.29 11.95 11.57 11.69 11.87 12.08 12.30 12.38 16.67 20.01 11.98 11.49 15.85 16.54 11.34 11.78 17.87 18.45 13.65 14.43 15.54 17.86 14.32 14.16 13.23 10.42 12.57 11.07 10.92 11.07 12.67 13.96 14.17 12.99 11.16 11.08 9.27 14.20 11.55 11.09 10.96 11.97 14.25 13.10 12.21 18.87 11.49 10.62 17.65 12.05 11.85 11.59 11.14 11.31 12.24 17.26 18.07 17.02 16.06 15.54 12.73 16.90 11.50 16.66 13.92 11.17 11.53
11.71 11.72 11.71 11.70 11.78 11.87 11.94 14.86 16.93 18.82 15.29 12.16 18.02 11.76 16.63 11.63 11.91 12.12 12.10 16.63 18.04 16.37 11.63 11.27 16.12 11.14 11.41 11.63 17.32 15.34 14.57 14.37 14.84 14.22 13.69 13.58 13.24 10.90 13.27 10.72 10.83 13.23 11.08 13.46 10.83 10.72 10.42 8.18 10.44 12.94 14.01 10.97 11.41 12.49 17.83 12.72 11.55 12.87 12.77 10.26 11.68 17.02 19.27 11.97 11.45 11.07 11.70 12.99 17.81 17.31 17.70 17.62 12.14 12.23 15.86 16.09 15.29 14.55 14.79
11.50 11.51 11.52 11.56 11.64 11.71 11.79 14.83 16.99 16.37 11.84 12.19 19.50 11.68 11.56 11.77 11.88 12.01 11.97 17.30 16.70 11.77 11.35 11.11 10.96 13.40 11.30 12.67 14.11 15.40 16.74 17.08 11.06 10.66 16.03 10.33 11.82 10.70 12.58 10.52 10.99 11.16 10.83 10.69 10.72 10.66 10.38 10.81 10.06 11.67 13.45 11.12 11.11 14.19 13.73 11.12 11.25 11.67 12.27 11.62 11.44 13.14 12.72 14.20 19.37 18.59 12.48 11.93 15.37 17.12 18.59 16.48 16.19 12.01 14.48 16.44 17.28 15.98 14.78
11.30 11.32 11.37 11.44 11.52 11.58 11.62 15.25 16.37 14.18 11.84 13.66 17.94 16.70 11.67 11.84 11.87 14.70 16.96 18.58 16.25 11.42 11.02 10.80 10.68 13.13 12.88 13.34 13.75 11.13 17.67 16.09 10.69 10.40 15.08 12.72 12.56 12.07 10.20 10.63 11.28 11.09 10.30 10.34 10.62 10.61 10.43 10.59 11.21 11.52 11.28 11.29 11.62 11.34 11.13 11.21 11.20 11.43 11.60 11.58 11.75 12.87 11.77 12.40 17.23 17.05 15.63 11.67 12.04 15.64 16.78 16.91 16.44 16.25 15.51 16.01 16.03 16.22 11.50
11.12 11.13 11.18 11.28 11.36 11.40 11.41 11.38 15.23 11.45 11.73 18.71 11.71 16.52 11.59 11.63 15.16 15.98 18.45 16.37 11.41 11.05 10.68 17.65 10.54 12.55 10.90 13.40 13.28 17.54 17.22 10.72 16.62 10.36 15.33 12.13 14.47 13.97 10.27 10.79 14.01 10.66 9.84 10.08 10.57 10.56 10.42 10.50 10.96 11.33 11.33 11.34 11.25 11.05 11.09 11.28 11.29 11.24 11.45 11.59 11.61 11.55 11.66 12.00 16.52 16.40 15.33 12.66 12.30 12.39 12.28 17.43 17.80 16.68 15.80 11.50 15.08 11.50 11.67
10.93 10.94 11.06 11.19 11.23 11.28 11.33 11.33 11.35 11.44 11.66 17.48 11.58 16.91 15.69 14.95 14.89 16.67 18.12 16.01 11.08 10.65 10.43 10.40 15.00 13.10 10.63 13.17 10.66 16.16 10.63 11.18 10.71 10.40 10.30 10.31 10.26 10.17 12.73 13.73 10.74 10.25 9.69 9.94 10.48 10.50 10.38 10.50 10.77 11.11 11.27 11.32 11.03 10.83 11.00 11.29 11.33 11.15 11.35 11.54 11.52 11.50 11.59 11.81 13.83 15.72 14.69 12.99 12.71 11.66 11.92 15.31 16.68 16.28 17.03 16.10 16.55 16.03 15.13
10.70 10.78 10.96 11.07 11.09 11.15 15.36 11.24 11.31 11.40 11.56 17.26 11.35 16.75 15.86 14.56 14.86 18.68 17.81 11.01 10.63 10.32 10.21 10.17 13.88 10.32 10.46 10.61 10.62 10.60 11.93 13.65 16.95 10.33 10.12 14.64 10.11 10.03 13.74 10.34 10.27 10.01 9.75 9.88 10.36 10.44 10.35 10.39 10.59 10.91 11.13 11.24 17.78 10.71 10.91 11.22 11.28 11.12 11.30 11.45 11.43 11.49 11.57 11.66 15.78 15.87 13.46 15.01 14.92 14.63 11.70 14.16 15.88 17.29 11.64 11.46 11.47 11.47 11.39
10.49 10.58 10.70 10.76 10.83 10.88 15.32 11.01 11.09 11.18 11.32 18.18 11.16 10.99 15.66 13.94 14.93 16.08 15.95 10.59 10.27 10.14 10.05 14.76 10.16 10.31 10.52 10.65 10.63 10.61 10.71 13.32 16.38 10.19 10.03 9.99 9.95 9.84 13.30 10.04 9.93 9.93 9.86 9.91 10.25 10.33 10.21 10.24 10.47 10.76 10.97 11.12 17.62 17.09 10.82 11.09 11.16 11.12 11.23 11.38 11.39 11.41 11.52 15.76 14.06 16.79 16.30 15.46 15.92 15.75 14.79 13.55 13.22 14.51 16.16 16.97 16.88 11.59 11.47
10.29 10.38 10.48 10.53 10.62 10.70 10.79 10.86 10.89 10.98 11.15 16.51 11.06 10.82 15.95 13.49 14.98 17.93 17.78 10.34 10.18 10.08 10.05 10.09 10.18 10.35 10.56 10.57 14.11 13.74 13.37 15.64 16.01 10.20 10.03 9.85 9.80 9.78 9.79 9.79 9.78 9.92 9.90 9.88 10.10 10.11 10.02 10.16 10.38 10.60 10.81 11.01 10.87 17.09 10.76 10.95 11.05 11.09 11.13 11.31 11.40 15.87 11.43 15.19 15.17 15.97 16.94 16.45 17.04 16.98 16.38 13.99 11.61 11.94 13.81 16.09 15.80 16.04 16.84
10.08 10.21 10.35 10.43 10.53 10.63 10.69 10.73 10.78 10.86 13.72 17.13 10.67 18.10 16.29 14.42 16.01 10.43 10.33 10.22 10.06 9.96 15.13 10.07 10.17 10.42 12.84 14.02 13.63 13.42 15.93 16.67 16.71 10.06 9.77 9.56 9.60 9.59 9.53 9.64 9.74 9.79 9.78 9.77 13.47 9.92 9.94 10.12 10.25 10.44 10.67 10.88 10.81 17.51 10.68 10.83 10.95 11.01 11.01 11.20 11.34 16.03 15.84 16.33 14.94 11.59 16.02 16.90 16.71 17.64 11.33 16.10 11.43 11.81 11.80 14.54 15.75 11.54 15.64
9.90 10.04 10.20 10.30 10.38 10.41 10.40 10.47 10.53 10.61 14.35 16.72 16.30 16.30 16.07 15.39 15.76 17.44 10.16 10.08 9.93 9.89 13.33 10.04 10.17 10.37 15.50 13.67 12.80 13.52 17.06 10.27 10.04 9.74 9.45 9.34 13.59 9.29 9.86 8.07 9.66 9.55 6.65 9.77 9.78 9.80 9.89 10.01 10.12 10.31 10.52 10.69 10.73 18.04 17.94 10.76 10.89 10.86 10.90 11.10 11.27 11.36 16.51 16.93 15.42 11.49 11.66 15.83 17.20 17.21 11.33 15.90 11.42 11.76 14.21 15.94 16.14 16.32 16.62
9.77 9.94 10.14 10.24 10.22 10.21 10.19 10.22 10.23 10.31 10.35 15.89 10.22 16.04 10.28 15.77 14.90 15.69 10.08 10.01 9.92 9.93 13.46 10.00 10.06 12.18 14.12 13.57 13.76 16.05 16.16 9.98 9.70 9.46 9.30 11.00 9.19 9.05 9.17 9.54 9.54 9.35 9.53 9.72 9.55 9.55 9.72 9.79 9.95 10.12 10.27 10.41 10.52 17.72 17.75 17.00 10.76 16.67 10.76 10.95 11.14 11.31 17.04 17.57 16.73 11.32 11.50 15.08 16.31 16.88 16.36 15.09 11.39 11.64 14.72 15.53 16.27 11.52 18.11
9.69 9.88 10.03 16.14 10.05 10.07 10.04 10.06 10.08 10.15 10.19 10.18 15.46 10.19 10.16 10.11 15.20 15.30 9.96 9.90 9.87 9.85 9.86 12.96 9.84 11.63 13.57 16.06 16.85 15.47 15.77 15.60 15.39 12.92 11.01 9.12 9.07 8.97 9.22 9.59 9.42 9.23 9.39 9.44 9.25 9.32 9.51 9.58 9.73 9.88 10.03 10.14 10.27 10.30 17.77 17.32 17.57 17.77 16.76 10.83 11.03 11.20 16.76 16.98 11.19 17.61 15.75 11.40 15.73 16.31 16.89 15.38 11.32 11.50 14.13 13.48 13.13 15.84 17.19
9.65 9.80 9.93 9.80 9.96 9.95 9.93 9.96 10.04 10.10 10.13 10.12 10.09 16.31 9.97 16.06 15.30 14.59 16.60 9.76 9.68 9.64 9.62 9.58 9.72 9.93 15.13 16.16 9.64 9.64 9.67 15.73 13.45 10.70 9.09 9.01 8.99 8.98 9.28 8.62 9.16 9.02 9.12 9.06 9.02 9.16 9.32 9.38 9.48 9.65 9.82 9.91 10.03 10.09 17.35 15.37 16.42 17.50 17.85 17.00 10.92 11.06 17.40 17.24 11.21 17.32 17.11 17.12 16.52 16.52 16.51 16.53 13.56 14.06 13.85 11.19 11.33 11.55 16.48
9.44 9.52 9.70 9.78 9.84 9.65 9.80 9.88 9.97 10.00 10.00 10.00 9.96 15.87 16.21 16.10 14.84 13.86 16.53 9.61 9.46 13.25 9.41 9.54 9.80 12.42 15.99 15.99 14.81 11.11 9.68 13.47 9.35 9.19 9.06 9.01 8.95 8.91 7.63 9.13 8.85 8.79 8.84 8.77 8.81 8.99 9.13 9.17 9.24 9.43 9.59 9.68 9.80 9.86 9.90 10.06 10.17 10.21 10.31 10.48 17.54 16.87 17.56 17.36 17.91 17.25 11.10 17.00 17.27 16.66 16.57 16.53 16.58 16.12 14.82 12.87 11.09 11.27 13.19
9.48 9.46 9.43 9.61 9.38 9.57 9.65 9.78 9.78 9.82 9.85 9.87 9.87 15.42 9.76 9.74 14.88 14.95 16.54 9.46 9.38 9.43 9.53 9.73 9.84 15.74 16.04 14.87 9.53 9.62 9.59 9.48 9.32 9.18 9.08 8.98 8.86 8.80 8.87 8.85 8.67 8.64 8.62 8.53 8.62 8.82 8.93 8.97 9.03 9.19 9.34 9.47 9.57 9.63 9.75 9.91 10.00 10.05 10.14 10.28 10.40 17.50 16.92 17.18 17.80 11.21 11.09 10.99 11.02 11.07 11.01 11.05 11.08 16.29 16.00 13.66 10.88 10.98 11.18
9.69 9.61 9.64 9.56 9.54 9.38 9.59 9.68 9.63 9.74 9.76 9.78 9.80 15.69 9.69 9.69 15.10 15.74 16.25 9.41 9.48 9.65 9.79 9.82 9.66 16.22 15.59 9.47 9.55 9.54 9.51 12.03 9.22 9.08 10.64 10.12 9.53 8.64 8.62 9.33 8.51 8.52 8.47 8.37 8.47 8.61 8.70 8.76 8.81 8.96 9.15 9.29 9.34 9.41 9.59 9.75 9.82 9.87 9.98 10.11 10.20 10.32 10.59 10.80 17.51 11.12 11.05 10.96 10.97 11.01 10.94 10.96 10.97 16.53 16.15 15.39 13.04 10.73 10.94
9.41 9.16 9.53 9.53 9.30 9.39 9.67 9.59 9.62 9.68 9.65 9.70 9.77 9.72 9.69 9.65 9.62 9.52 9.46 9.45 9.59 9.68 9.67 9.53 15.50 15.37 9.37 9.43 15.09 14.30 9.35 9.27 9.10 10.67 10.39 9.97 9.65 10.56 9.56 6.60 8.43 8.48 8.32 8.20 8.26 8.37 8.48 8.53 8.57 8.83 9.05 9.07 9.06 9.24 9.47 9.57 9.62 9.68 9.81 9.96 10.04 10.16 10.39 10.63 10.83 10.97 10.98 10.95 10.93 10.96 16.86 16.49 16.39 10.87 16.50 15.97 14.66 10.55 10.63
8.80 8.95 9.32 8.89 9.12 9.46 9.51 9.44 9.62 9.56 9.44 9.70 9.74 16.06 9.60 9.54 9.47 9.47 9.45 9.48 9.52 14.25 9.29 15.33 9.14 9.24 9.33 9.30 15.91 14.02 11.84 9.21 9.12 8.98 12.53 12.41 10.39 8.11 7.96 8.30 8.73 8.46 8.12 8.02 8.06 8.21 8.31 8.28 8.38 8.78 8.89 8.77 8.83 9.13 9.33 9.36 9.41 9.50 9.65 9.80 9.89 10.01 10.22 10.46 10.66 10.77 10.87 10.95 10.94 17.03 17.16 17.43 16.69 16.71 16.15 10.79 10.74 15.20 10.46
8.88 8.83 8.58 8.67 9.09 9.40 9.33 9.40 9.27 9.41 9.36 9.56 9.55 9.47 9.39 9.38 9.33 9.32 9.33 9.29 9.25 9.09 8.86 12.75 9.09 9.17 14.29 15.75 15.84 9.15 9.25 11.59 12.68 13.35 13.64 13.09 8.28 8.23 8.43 8.92 8.87 8.20 7.85 7.83 7.93 8.07 8.11 8.06 8.25 8.62 8.65 8.55 8.70 9.03 9.14 13.60 13.99 13.83 9.50 9.66 9.75 9.87 10.05 10.29 16.53 18.33 16.77 10.90 10.95 10.83 17.71 16.96 16.83 16.63 10.53 10.47 16.28 16.52 14.78
8.80 8.73 8.73 8.76 8.93 8.92 9.27 9.37 9.49 9.24 9.19 9.35 9.28 9.29 9.03 9.28 9.33 9.22 15.69 9.17 14.92 8.83 8.70 8.92 9.08 9.06 13.94 15.21 14.24 9.18 9.29 9.16 13.41 13.43 13.43 12.50 9.45 9.17 10.34 13.12 8.24 7.69 7.55 11.65 8.48 7.83 8.30 4.83 8.07 8.37 8.49 8.46 8.60 8.87 16.23 16.25 17.35 16.78 14.29 9.53 9.63 9.74 9.90 10.11 10.33 10.46 10.58 10.77 10.88 10.80 10.59 10.55 10.59 10.60 16.54 10.69 10.63 10.63 15.92
9.02 9.01 8.88 8.87 8.75 8.89 8.94 8.94 9.16 8.94 9.08 9.17 9.09 9.00 8.93 9.14 9.21 9.19 9.23 8.92 8.75 8.78 8.89 9.05 9.07 8.99 14.17 14.91 13.63 9.17 13.57 13.99 13.47 13.05 12.14 13.14 12.16 12.42 13.23 13.27 12.78 7.36 7.35 7.48 6.42 6.66 5.55 7.73 3.90 3.74 8.35 8.32 8.43 8.66 12.84 13.76 14.02 13.95 9.22 9.41 9.48 9.59 9.77 9.95 10.17 10.33 10.46 10.64 10.71 10.70 10.54 10.45 10.56 10.56 16.37 10.60 16.09 15.87 15.27
8.46 8.77 8.46 8.52 8.58 8.70 9.08 8.71 8.69 8.83 8.99 9.05 9.25 9.26 8.91 9.23 9.14 9.18 8.86 14.80 8.83 8.89 8.96 9.03 14.53 8.91 14.11 15.00 13.59 13.87 15.08 14.48 13.54 13.33 13.19 14.26 13.50 12.13 11.67 11.30 11.01 12.43 10.24 6.28 4.59 7.52 7.56 7.64 3.76 4.83 7.56 5.03 8.27 8.50 8.59 12.46 12.91 8.79 9.08 9.29 13.95 14.18 9.64 9.84 10.03 10.17 10.34 10.52 18.02 16.38 16.98 16.86 10.55 16.72 16.35 10.53 10.52 15.72 15.34
