examples/cougarCreek/createInputs/WindNinja/wrfout_d3.2015081212.f15/cougarCreek_08-13-2015_0300_217m_non_neutral_stability_vel.asc
ncols	146
nrows	140
xllcorner	610065.000000
yllcorner	5095217.000000
cellsize	216.586807
NODATA_value	-9999.000000
[rows 0 to 35 of 140, columns 0 to 79 of 146]
3.04 3.48 3.96 3.53 2.91 3.58 4.29 4.43 4.38 4.17 4.11 4.56 5.32 5.72 5.41 5.04 4.85 5.21 5.95 6.28 6.69 7.64 7.89 9.32 9.70 9.26 9.58 10.77 11.89 12.12 11.27 11.05 12.12 12.62 12.70 13.64 14.96 16.18 17.18 17.80 18.87 19.70 20.09 21.17 22.80 24.00 24.07 24.35 25.03 25.28 25.09 24.85 25.26 26.12 27.17 27.87 25.68 27.44 21.99 23.59 22.60 22.11 22.76 22.97 22.41 20.72 21.09 22.82 24.10 25.23 23.70 20.55 19.32 19.83 21.20 19.64 15.88 17.87 20.41 20.72
3.04 3.48 3.96 3.53 2.91 3.58 4.29 4.43 4.38 4.17 4.11 4.56 5.32 5.72 5.41 5.04 4.85 5.21 5.95 6.28 6.69 7.64 7.89 9.32 9.70 9.26 9.58 10.77 11.89 12.12 11.27 11.05 12.12 12.62 12.70 13.64 14.96 16.18 17.18 17.80 18.87 19.70 20.09 21.17 22.80 24.00 24.07 24.35 25.03 25.28 25.09 24.85 25.26 26.12 27.17 27.87 25.68 27.44 21.99 23.59 22.60 22.11 22.76 22.97 22.41 20.72 21.09 22.82 24.10 25.23 23.70 20.55 19.32 19.83 21.20 19.64 15.88 17.87 20.41 20.72
3.00 3.64 4.13 3.10 2.39 3.46 4.46 4.60 4.35 4.02 4.05 4.75 5.59 5.76 5.25 4.57 4.24 4.97 6.08 6.51 6.92 8.02 8.12 9.29 9.06 8.86 9.66 10.84 11.50 11.30 10.55 11.07 12.39 12.44 12.39 13.37 14.50 15.65 16.48 17.22 18.28 18.89 19.61 20.78 22.00 22.66 22.50 22.84 23.60 24.03 24.42 24.76 26.15 28.72 25.51 24.48 21.40 22.79 21.92 23.14 27.32 27.37 26.54 30.85 31.25 30.71 21.38 23.52 33.60 23.42 20.21 17.93 24.79 19.51 21.21 33.00 31.43 15.12 18.45 19.85
3.07 3.88 4.19 2.43 1.74 3.48 4.68 4.71 4.41 4.08 4.33 5.07 5.74 5.89 5.28 3.89 3.24 4.84 6.45 6.81 7.13 8.44 8.50 9.71 9.47 9.11 9.84 10.81 10.90 10.27 10.08 11.27 12.49 11.94 11.65 12.78 14.06 15.14 15.94 16.91 17.81 18.62 19.77 20.59 21.25 21.33 20.66 21.36 22.69 23.58 24.22 25.23 23.73 23.30 22.00 18.83 16.12 16.23 18.55 23.89 25.14 22.57 21.19 27.97 26.36 18.81 22.37 24.66 29.80 19.60 29.94 24.76 17.31 19.46 20.61 30.57 29.53 12.08 16.08 19.31
3.19 3.86 4.03 2.31 1.78 3.51 4.58 5.65 5.70 5.57 4.88 5.01 5.24 5.75 5.43 3.67 2.79 4.67 6.59 6.72 8.01 8.89 9.10 9.72 10.69 10.29 9.45 10.02 10.30 10.15 10.64 10.37 11.91 11.15 10.73 12.16 13.85 15.39 16.82 17.67 18.06 19.25 20.52 20.69 20.95 21.11 20.96 22.21 24.02 24.73 23.82 22.33 23.82 20.31 18.25 15.69 21.16 13.37 18.18 21.79 21.79 25.83 23.05 28.20 22.11 20.63 23.59 21.56 18.70 25.85 24.99 15.86 17.78 19.33 31.26 25.03 9.48 10.63 14.99 19.02
3.00 3.56 3.96 2.82 2.23 3.33 4.22 4.42 4.53 5.83 6.24 5.42 4.57 5.40 5.54 3.90 2.63 4.28 6.99 6.56 7.88 9.09 9.30 9.24 11.50 11.31 9.09 9.48 10.74 11.44 11.19 10.63 11.20 10.42 9.99 11.74 13.59 15.29 17.26 18.15 18.31 19.91 20.99 20.64 21.05 22.06 22.76 22.00 24.63 23.69 23.72 20.06 22.11 21.19 21.81 20.39 14.94 14.66 20.98 18.68 25.16 25.96 24.66 26.95 19.06 22.80 30.35 25.80 28.94 20.88 16.31 17.88 21.44 17.70 15.37 11.35 25.84 11.28 15.32 18.63
2.51 3.19 3.92 3.47 2.81 3.03 3.74 5.48 5.73 5.72 6.17 5.45 4.12 4.95 5.91 4.54 2.81 3.79 6.19 7.22 7.76 8.82 9.52 9.61 11.63 11.88 9.47 9.49 12.29 13.35 10.88 11.00 10.64 9.52 9.34 11.44 13.26 15.12 17.26 18.66 19.59 21.11 21.36 20.95 22.03 23.29 23.26 23.12 22.53 20.49 18.63 18.08 20.61 21.79 18.54 16.41 15.83 15.92 21.24 23.78 24.92 25.12 26.16 18.76 17.87 27.50 29.53 26.88 22.86 16.49 22.46 27.65 15.47 15.12 13.11 27.24 9.95 13.05 15.65 18.00
1.96 2.87 3.86 3.80 3.25 2.89 3.50 5.30 5.69 5.70 5.77 5.69 4.53 4.47 5.78 5.21 3.26 3.33 5.06 7.13 7.81 8.49 9.33 9.95 11.44 12.14 10.41 10.29 13.97 14.45 10.93 9.45 10.14 8.89 9.10 11.03 12.82 15.13 17.48 20.14 22.24 22.88 22.03 22.02 23.29 23.02 21.53 20.66 19.79 21.22 20.33 22.12 20.90 18.60 18.22 19.76 18.84 18.92 23.37 23.70 24.30 25.31 24.67 19.24 26.18 28.51 26.89 25.78 18.74 23.25 15.86 13.80 28.13 25.43 12.19 19.08 10.73 13.83 16.12 17.76
1.70 2.62 3.68 3.77 3.47 3.58 3.56 4.89 5.46 5.62 5.68 5.73 4.96 4.15 5.10 5.26 3.92 3.20 3.86 6.89 7.96 8.12 11.28 11.89 11.21 12.77 12.04 11.99 14.88 14.88 11.17 9.96 9.63 8.93 8.74 10.60 12.48 14.95 18.63 22.49 25.19 25.17 23.56 23.98 24.32 22.18 21.25 20.89 20.29 22.46 21.57 22.08 22.33 18.65 17.94 18.75 18.75 21.26 23.27 23.67 23.74 20.85 18.72 21.40 26.36 26.04 25.99 23.80 22.08 27.27 13.46 27.15 15.19 14.29 22.26 23.71 11.24 14.84 17.19 17.65
1.69 2.43 3.38 3.63 3.58 4.24 4.57 4.86 5.12 5.34 5.43 5.43 6.66 4.64 4.33 4.37 4.48 3.88 3.92 9.10 10.43 7.55 8.23 9.33 12.83 13.64 13.91 13.26 14.63 15.02 11.78 9.00 12.56 7.19 8.18 10.35 12.68 15.61 20.40 25.98 28.75 27.27 25.48 25.51 24.10 21.96 22.39 21.62 19.65 22.02 21.61 17.69 16.45 18.70 19.89 18.81 20.15 21.37 22.40 21.76 16.68 19.16 24.03 25.44 25.29 24.75 25.36 23.96 24.08 24.44 22.07 12.34 14.38 21.40 23.74 8.76 12.45 16.63 17.75 16.55
1.82 2.23 2.94 3.43 3.67 3.78 4.93 5.09 5.18 5.19 5.23 5.47 5.55 6.21 3.26 3.18 4.72 4.75 5.06 6.32 9.77 8.39 7.75 9.06 13.59 13.79 14.63 13.31 14.46 14.86 11.18 8.14 11.23 6.59 7.68 10.68 13.45 17.18 22.54 28.91 31.87 29.56 26.95 25.27 22.64 20.78 19.46 19.44 22.91 19.13 17.50 19.88 17.10 14.26 14.45 18.63 20.03 19.31 20.63 14.38 15.79 21.32 26.07 26.26 23.05 21.78 23.50 22.63 22.87 23.34 20.27 16.10 19.45 17.44 16.95 9.71 14.14 17.83 17.02 14.33
2.15 2.17 2.44 3.21 3.79 4.57 4.22 5.30 5.14 6.33 6.78 5.62 5.38 4.17 2.34 2.57 4.76 5.37 5.41 5.80 9.01 6.72 9.14 8.52 10.06 13.32 14.11 13.71 15.73 15.34 10.66 10.75 12.06 5.49 7.78 11.58 14.21 18.29 24.55 31.27 36.43 34.50 28.52 24.93 22.26 19.63 18.61 22.21 22.81 17.53 19.58 16.89 13.81 12.47 16.16 20.54 19.54 18.84 17.50 13.83 18.08 25.15 26.00 24.00 23.87 24.81 13.13 11.86 11.19 10.13 19.55 16.79 11.89 17.22 9.52 11.38 15.69 17.73 15.36 12.62
2.77 2.48 2.25 2.39 2.95 4.42 4.35 5.19 5.07 5.18 7.05 6.88 5.77 3.73 2.48 3.01 4.66 5.40 5.59 5.36 8.51 8.36 8.48 10.65 9.26 14.26 13.18 14.05 17.73 16.43 10.58 10.76 5.74 5.81 8.83 12.55 14.54 18.81 26.39 35.68 43.31 39.14 28.81 23.30 20.57 18.11 20.77 19.43 18.23 18.92 17.41 17.57 11.92 12.78 20.47 22.73 20.18 20.07 18.98 15.35 20.01 15.59 25.66 23.83 13.06 12.62 11.67 10.65 9.76 9.14 9.62 11.06 12.60 15.33 10.63 13.24 16.27 16.02 13.33 11.23
3.08 2.96 2.51 2.09 2.60 4.13 4.17 4.11 5.01 5.13 5.19 6.27 6.48 5.53 3.75 3.81 4.31 4.79 5.40 5.63 5.86 6.46 7.84 9.18 8.43 13.31 12.30 14.34 18.73 16.76 10.21 10.71 4.85 5.87 9.62 13.63 14.73 19.75 30.16 42.72 46.71 37.35 25.16 20.12 18.77 18.93 21.48 22.43 21.16 17.42 16.80 15.14 13.07 15.03 21.72 21.98 21.88 21.56 20.43 22.85 20.46 13.54 12.52 23.84 25.02 24.54 24.09 23.04 22.45 17.80 11.35 11.53 11.19 10.61 11.81 14.35 15.47 13.69 11.29 9.90
3.06 3.32 3.04 2.11 2.63 3.75 3.88 3.97 4.27 5.06 4.95 4.73 4.71 7.02 7.35 6.10 3.76 3.86 5.15 7.90 7.86 8.82 7.97 7.93 11.01 11.87 11.50 16.42 19.14 15.32 9.22 6.12 5.32 6.21 9.42 12.74 15.96 22.30 34.34 46.17 47.82 32.66 21.84 19.39 19.49 19.74 22.09 19.42 20.86 17.25 15.00 14.89 16.19 17.95 22.02 21.50 23.07 22.83 20.91 22.46 23.57 24.01 25.53 21.97 20.77 18.87 17.76 16.98 14.96 13.43 10.59 20.66 11.46 15.82 12.38 13.64 13.71 11.95 9.91 9.19
2.77 3.46 3.56 2.47 2.82 3.62 4.28 4.51 4.78 4.83 4.90 4.89 6.73 7.07 8.27 7.97 4.35 3.46 4.99 8.64 7.91 8.92 8.16 6.44 10.20 11.22 10.80 17.43 18.75 12.82 7.83 6.60 6.25 6.60 8.80 12.10 17.85 26.66 38.08 50.24 49.71 33.68 22.84 20.63 20.69 21.64 19.87 18.05 15.06 16.84 12.15 17.14 19.92 19.15 18.96 20.37 22.22 21.24 19.94 19.95 22.42 22.61 19.70 18.84 16.45 15.23 18.40 15.19 12.53 18.92 22.07 11.22 11.21 11.67 11.87 11.88 11.87 10.79 23.79 9.18
2.51 3.40 3.91 3.04 3.11 3.54 3.65 4.34 4.40 4.57 4.91 5.18 7.68 7.53 7.73 7.51 5.31 5.03 8.38 9.51 8.58 9.30 7.85 6.76 7.75 10.80 11.60 17.17 17.21 10.79 6.44 7.33 8.11 7.59 8.42 12.01 20.45 29.90 42.47 52.13 49.62 36.43 25.36 21.31 20.81 20.44 18.80 20.29 16.39 14.69 14.10 19.66 20.53 19.02 19.12 20.60 23.50 18.15 20.49 20.11 19.10 17.48 15.43 16.18 14.75 17.65 20.68 14.22 21.36 20.66 15.97 10.02 10.92 11.84 11.44 10.60 10.47 10.04 9.29 9.22
2.32 3.27 4.10 3.59 3.38 3.50 4.39 4.37 4.41 5.71 4.94 5.37 7.91 6.05 6.00 6.10 6.68 7.47 8.65 9.79 9.54 10.02 8.27 6.93 6.85 10.84 13.29 16.39 14.54 9.86 6.58 5.21 7.00 9.02 9.43 13.33 22.54 33.82 45.67 52.08 47.35 36.73 27.16 22.33 20.33 22.47 20.94 19.17 16.34 16.72 18.76 20.31 19.11 17.35 17.75 21.71 22.44 15.11 19.58 19.37 16.62 16.24 16.80 19.46 20.72 22.09 22.97 20.87 17.75 16.38 20.31 15.24 14.00 17.13 19.68 20.94 10.54 9.86 9.02 8.38
2.24 3.23 4.23 3.89 3.55 3.50 3.65 4.61 5.96 5.90 5.02 5.43 7.25 3.67 5.12 7.22 8.13 8.68 8.87 9.55 9.67 9.29 9.40 6.65 7.69 11.31 14.23 14.94 12.41 10.00 8.43 5.77 5.78 8.21 11.86 14.63 21.75 34.04 47.17 52.02 45.93 36.32 27.84 22.15 22.63 21.01 20.62 18.64 15.94 16.85 18.91 18.10 18.07 13.47 18.26 20.67 15.92 16.72 19.36 14.03 13.89 18.54 21.99 20.85 20.84 22.79 24.11 12.57 17.81 21.14 16.18 10.75 12.24 10.76 13.75 17.82 16.48 10.18 8.85 7.72
2.29 3.31 4.31 3.98 3.64 3.58 4.67 4.79 6.08 5.95 5.08 7.82 6.23 6.48 8.05 8.15 8.57 9.33 9.09 10.08 9.83 6.23 9.24 8.16 8.15 11.55 13.97 13.66 11.84 10.65 9.58 8.76 7.82 8.87 10.25 13.94 20.44 32.73 47.05 52.20 44.87 35.62 26.69 19.84 16.94 19.33 19.03 17.92 17.52 17.58 16.11 15.17 10.10 15.95 17.66 14.39 14.53 15.89 15.06 14.28 15.51 19.09 20.93 17.75 22.08 21.69 21.32 23.82 21.51 18.04 12.98 13.63 15.58 12.27 13.09 20.23 20.92 18.19 17.93 16.23
2.61 3.47 4.28 4.65 4.20 4.41 4.76 4.87 4.61 6.02 5.14 7.70 5.80 7.48 8.82 9.20 8.48 9.09 8.87 10.05 8.85 4.42 9.44 11.07 11.53 10.73 13.50 13.73 12.88 11.54 10.77 10.51 8.43 6.04 9.12 12.99 15.50 29.34 48.38 53.00 43.72 32.01 22.19 16.66 14.54 19.04 18.34 16.17 16.17 16.19 14.38 13.79 11.67 17.12 10.79 11.00 15.33 15.76 17.24 14.73 15.39 18.00 16.19 15.78 19.20 20.86 20.31 19.02 15.82 19.58 14.83 16.44 15.79 12.17 12.41 21.25 19.52 15.36 14.42 18.27
3.03 3.65 4.18 4.63 4.38 4.60 4.83 4.85 4.78 6.53 7.58 8.44 7.19 6.92 7.64 4.88 8.10 9.15 9.33 9.10 8.06 5.63 10.14 11.12 10.36 9.13 12.53 15.65 15.56 13.29 12.80 11.43 7.86 4.41 7.52 11.77 10.23 26.76 52.06 55.65 41.81 25.61 16.30 13.77 12.43 17.34 16.89 14.71 14.23 10.77 14.97 13.30 15.82 13.24 10.51 14.41 16.52 18.66 19.09 12.78 15.61 16.99 15.44 17.72 16.40 20.52 19.94 21.20 15.57 15.23 13.45 13.68 15.37 17.41 17.05 14.81 14.74 17.32 15.69 16.11
3.18 3.73 4.15 4.03 4.44 4.65 4.76 4.92 4.96 6.68 7.80 9.09 7.74 3.77 7.82 5.12 7.60 4.95 9.15 8.25 8.64 9.19 10.17 10.93 12.66 9.74 11.48 15.96 17.40 14.05 13.32 13.19 8.66 4.99 6.75 10.64 8.02 24.29 55.22 57.18 36.05 18.74 13.98 13.05 11.26 16.68 15.81 13.65 14.26 12.74 14.14 7.72 7.43 8.48 13.25 16.71 15.35 18.43 15.07 12.93 17.07 16.47 17.77 16.00 15.82 16.89 14.89 14.47 14.35 9.28 8.99 14.05 17.53 11.70 19.61 16.11 12.78 15.34 16.20 16.57
3.17 3.77 4.27 4.12 4.07 4.09 4.88 5.08 7.66 7.38 7.93 8.83 7.54 3.85 8.15 8.99 9.43 9.76 9.82 9.71 9.27 9.53 9.46 10.16 12.53 13.97 12.06 14.89 16.27 14.03 12.76 13.29 9.72 5.79 5.61 11.41 14.24 31.04 55.48 52.45 27.65 14.22 14.32 17.71 17.61 19.05 17.57 15.11 11.96 12.66 6.68 7.68 9.16 10.74 14.68 15.68 13.84 13.08 13.46 17.00 19.21 18.05 14.59 15.13 14.98 15.22 13.30 12.61 10.56 10.02 14.23 13.61 17.27 13.86 13.58 14.01 16.08 16.74 15.68 14.34
3.21 3.85 4.39 4.23 4.20 4.21 5.12 5.19 5.29 8.25 7.82 8.40 8.32 7.53 7.75 9.23 9.83 10.13 10.01 10.02 10.08 9.22 8.39 10.24 11.84 14.73 13.10 14.10 15.37 15.79 18.10 17.80 13.33 8.56 7.15 14.12 23.69 36.24 51.86 42.58 20.68 18.12 18.45 16.91 17.67 16.84 14.79 14.33 12.99 12.34 6.33 8.95 11.11 12.41 14.34 18.22 18.26 18.36 18.96 13.02 12.08 16.90 10.52 13.25 14.40 15.19 12.99 13.86 12.75 14.68 16.72 15.01 13.60 13.47 16.92 14.82 15.04 17.76 10.92 10.32
3.41 3.94 4.42 4.35 4.39 4.45 5.36 5.40 5.42 8.48 7.35 8.31 8.47 8.56 8.58 9.62 10.06 10.23 9.92 9.99 10.31 9.45 8.99 10.59 11.70 13.89 13.29 12.79 12.51 18.75 21.64 19.23 14.57 10.41 9.23 16.08 28.33 38.09 45.53 31.88 15.38 18.04 18.78 17.56 16.92 16.69 14.99 14.67 13.25 13.16 7.18 9.87 11.33 12.20 13.46 19.69 18.89 18.08 10.34 10.98 10.16 11.76 10.25 17.23 18.25 15.07 14.86 16.57 20.29 14.69 17.11 16.40 15.97 16.84 13.89 19.23 14.16 17.20 18.56 10.12
3.45 3.95 4.47 4.52 5.45 5.38 5.49 5.45 8.22 8.31 7.26 8.11 8.18 8.77 9.65 9.69 10.10 10.24 9.96 10.35 10.71 10.19 10.31 11.50 11.96 13.96 12.12 11.81 12.62 20.47 21.54 16.87 13.78 11.00 11.55 19.78 30.90 38.77 37.70 29.03 20.17 18.51 17.71 15.94 15.06 15.51 15.31 14.94 13.96 7.76 9.01 10.62 10.83 11.32 12.21 10.73 8.13 7.37 8.61 9.33 13.15 12.11 11.85 13.70 13.46 15.36 12.52 12.64 12.77 13.11 16.31 13.53 14.18 13.85 19.15 12.13 11.63 11.58 17.32 17.69
3.21 3.92 4.70 4.78 5.57 5.46 5.59 5.62 7.67 8.32 7.83 8.59 8.61 8.67 9.57 9.08 9.87 10.32 10.16 10.83 11.11 10.92 11.06 11.61 12.30 13.38 12.33 11.73 14.32 20.35 20.56 16.93 16.43 15.66 19.76 25.48 31.60 33.82 30.36 25.45 21.46 18.99 17.32 15.52 13.59 13.88 14.15 14.60 14.65 9.51 10.77 11.42 10.24 10.07 10.88 9.23 6.87 6.25 6.88 7.56 7.34 12.29 9.21 10.29 10.15 6.15 9.70 9.43 12.83 12.50 12.47 13.38 14.88 18.08 13.87 14.77 14.02 17.41 11.24 14.09
2.97 3.99 5.09 5.07 5.01 5.61 5.75 5.82 5.77 9.00 8.94 9.31 8.85 5.93 6.11 9.22 9.83 10.57 10.66 11.23 11.58 11.34 11.31 11.63 11.76 12.43 14.20 9.89 16.06 19.69 18.71 18.63 21.15 22.81 25.93 29.24 30.26 26.75 23.82 23.41 21.48 18.58 16.23 13.95 12.97 13.37 13.27 14.26 14.45 10.53 12.30 11.86 9.30 8.99 9.49 7.76 6.55 6.29 6.42 6.77 7.11 7.32 15.83 8.89 9.16 8.72 8.26 8.17 12.50 11.94 12.08 13.09 13.81 14.34 15.00 14.14 12.21 14.23 12.77 10.08
3.01 4.21 5.44 5.28 5.19 5.82 6.00 9.06 8.97 9.78 9.85 9.46 9.30 9.33 6.23 9.96 5.70 10.92 11.06 11.51 11.82 11.36 11.41 11.76 11.97 12.14 12.93 14.74 15.87 20.04 20.12 21.74 23.56 24.20 25.07 26.17 24.32 20.72 21.57 21.61 19.14 17.31 15.35 13.40 12.92 12.55 12.86 15.59 9.96 10.95 13.07 12.80 9.65 8.24 7.51 6.30 7.26 7.41 6.97 6.85 7.30 7.30 7.47 7.54 8.18 8.28 13.02 12.91 12.86 12.26 11.61 11.19 6.79 6.66 6.96 6.33 6.20 6.97 6.57 6.29
3.41 4.54 5.63 5.46 5.44 6.15 6.15 6.21 9.35 9.74 10.17 9.72 9.80 9.54 9.35 10.62 11.42 11.44 11.80 12.01 12.22 11.46 12.16 12.17 12.41 12.68 13.10 14.78 15.20 19.15 18.48 21.93 23.86 23.11 22.40 21.34 17.77 18.03 21.26 19.20 17.08 15.73 13.75 13.11 12.67 12.78 13.47 9.29 10.92 11.67 12.96 13.73 11.03 6.80 5.24 5.98 7.20 7.81 7.76 11.39 11.60 11.45 7.65 12.27 12.95 12.64 11.56 11.34 6.85 6.05 4.93 4.24 5.99 5.14 6.38 6.69 5.97 5.52 5.04 5.31
3.74 4.74 5.76 5.71 5.76 6.34 6.45 6.58 9.44 9.53 9.32 9.31 9.40 9.24 9.68 11.13 11.81 7.95 12.41 12.69 12.43 10.60 12.19 12.45 12.89 13.31 13.64 14.68 13.79 17.29 18.51 18.39 20.76 20.19 19.06 14.95 14.13 18.17 20.00 16.66 15.88 14.15 12.44 12.63 12.41 11.66 11.96 9.03 10.95 13.03 13.85 13.95 12.43 7.44 3.86 4.22 6.07 7.96 8.85 12.25 11.73 11.50 8.84 12.36 12.24 11.84 11.77 11.39 11.48 11.06 9.92 10.16 11.11 12.45 12.76 13.29 13.07 10.93 7.65 6.58
3.83 4.94 6.04 6.01 6.06 6.84 7.05 7.01 9.72 9.78 9.58 9.71 10.23 10.43 10.95 11.43 11.45 11.92 12.42 11.71 13.36 12.61 12.17 11.53 13.36 14.20 14.44 14.09 14.63 16.47 21.50 20.25 18.23 17.90 15.70 15.06 15.02 17.51 17.34 14.70 14.17 12.22 11.60 11.41 11.49 10.16 8.90 6.93 7.79 10.88 14.06 14.69 12.65 9.73 7.73 7.57 8.89 9.93 13.01 13.04 12.78 12.71 12.68 12.08 11.55 8.35 7.66 6.68 6.11 5.61 6.64 7.90 8.47 12.17 9.57 6.46 10.89 11.29 8.41 9.53
4.34 5.57 7.04 6.60 7.55 7.77 7.82 7.71 10.39 10.13 10.70 11.72 11.54 11.39 11.46 11.52 11.54 10.92 10.71 11.27 12.44 12.55 14.12 13.76 13.33 13.50 14.32 13.92 14.95 17.67 23.60 21.38 18.14 16.66 14.30 16.17 16.47 15.98 14.11 12.48 11.99 10.76 9.96 9.89 10.01 7.49 7.22 3.67 3.06 4.84 8.23 10.71 11.80 11.91 12.54 13.04 13.34 12.53 12.07 11.86 11.60 13.14 12.49 11.68 11.55 11.68 11.14 10.93 10.94 12.19 8.04 2.62 1.85 2.37 3.50 8.85 10.77 12.52 11.63 8.07
5.38 6.48 7.58 7.98 8.63 8.87 8.81 11.72 11.84 11.77 12.29 12.51 12.22 12.11 11.71 11.63 11.51 11.00 10.62 10.88 11.49 12.57 13.26 14.28 15.05 13.05 12.66 14.21 16.88 20.96 23.40 18.15 16.75 16.70 13.13 13.48 12.63 11.36 10.42 11.03 10.81 9.46 10.05 8.93 9.56 8.00 7.14 2.15 1.85 2.19 2.42 3.67 7.92 11.73 13.12 14.62 15.55 14.21 12.69 11.86 11.45 11.18 12.91 12.65 11.79 11.32 11.39 8.63 4.68 4.29 4.03 3.01 1.41 8.81 8.40 9.41 10.21 10.79 10.63 11.29
6.51 7.38 8.30 8.63 9.79 10.18 9.86 9.34 11.51 11.68 11.45 10.26 10.78 11.94 12.70 12.95 13.21 13.38 13.70 13.77 14.14 13.42 13.00 12.78 11.51 8.83 8.16 14.80 18.27 21.64 19.96 14.06 16.19 17.88 14.33 11.67 11.61 9.72 8.95 10.15 10.42 9.68 9.84 9.25 7.65 7.66 8.35 8.14 6.71 2.55 3.19 3.39 5.90 9.40 10.90 12.45 14.33 14.29 13.16 14.00 13.68 13.90 11.86 11.47 9.72 9.07 8.15 7.57 7.41 7.17 6.29 4.95 7.27 2.36 9.20 9.34 9.69 9.58 9.90 10.47
