examples/cougarCreek/createInputs/WindNinja/wrfout_d3.2015081212.f15/cougarCreek_08-13-2015_0300_217m_non_neutral_stability_vel.asc
ncols	146
nrows	140
xllcorner	610065.000000
yllcorner	5095217.000000
cellsize	216.586807
NODATA_value	-9999.000000
[rows 36 to 71 of 140, columns 0 to 79 of 146]
7.73 8.36 9.14 10.37 11.31 14.26 13.28 9.82 11.47 11.42 10.85 10.38 10.69 11.96 12.60 13.72 14.86 15.90 16.15 14.81 12.61 11.83 11.87 10.06 8.46 7.61 9.15 15.68 22.05 20.84 14.37 9.49 13.02 17.34 16.70 12.52 12.84 9.33 7.52 6.72 5.83 5.32 5.98 9.62 8.76 9.11 8.08 7.81 8.65 3.30 3.91 3.95 5.00 6.88 8.08 9.08 10.57 11.69 12.16 12.11 12.06 12.19 12.20 13.66 12.61 11.41 11.21 11.23 11.24 12.90 10.06 8.47 7.05 5.40 2.61 0.61 2.05 3.72 4.06 6.76
8.26 9.01 10.28 12.05 12.88 12.23 10.59 10.19 9.32 10.20 10.47 11.49 12.13 11.80 11.52 11.68 12.06 11.45 10.54 9.25 9.27 10.10 10.21 9.06 8.32 7.56 9.27 16.38 22.38 18.80 10.41 7.87 13.56 13.71 16.71 14.36 13.05 12.66 10.40 9.28 5.97 8.39 5.32 6.59 7.58 3.38 2.65 6.69 8.93 8.16 8.23 3.83 4.26 6.14 6.02 7.54 7.89 8.33 9.33 9.97 10.83 10.87 11.08 11.30 11.49 11.59 11.37 11.04 10.65 10.45 10.99 11.28 14.81 9.75 6.88 4.24 1.90 1.47 3.47 5.09
8.77 10.14 12.16 13.72 13.38 11.08 8.80 7.96 8.68 10.04 10.96 12.59 12.63 12.08 11.46 11.47 11.09 10.29 9.61 9.89 10.43 10.10 9.85 9.77 8.58 7.15 9.91 14.84 19.85 21.69 16.44 10.48 14.88 15.21 13.77 13.55 11.39 7.51 6.04 10.59 10.80 9.87 4.24 3.49 2.63 2.41 2.26 2.09 7.97 7.50 8.95 8.12 8.58 6.56 6.54 7.15 7.03 7.31 6.70 7.66 7.78 7.42 7.35 7.24 8.26 7.32 7.37 6.64 6.36 6.38 7.28 8.81 10.06 10.24 10.06 9.89 7.39 4.03 1.81 2.04
10.25 11.74 13.64 14.23 12.11 8.73 6.79 6.96 9.80 12.32 13.53 13.82 13.40 13.33 12.94 12.58 11.45 10.60 9.41 9.89 10.33 10.57 12.58 13.50 10.91 8.16 9.53 11.97 15.66 24.92 24.58 13.76 14.53 14.77 11.34 12.16 13.23 15.19 13.73 6.41 5.01 9.89 4.64 4.24 6.76 8.22 8.34 8.46 9.14 8.85 8.68 8.71 8.39 9.26 11.05 8.77 7.65 7.47 8.18 7.08 6.50 6.20 6.17 6.19 5.47 4.92 5.01 4.18 4.43 4.36 4.24 3.61 4.02 5.06 6.67 8.46 8.83 8.86 7.24 3.40
11.45 12.50 14.08 13.67 10.62 7.79 7.24 8.79 11.87 14.67 15.52 16.12 16.26 15.81 13.72 11.97 10.17 8.35 8.66 9.43 10.95 13.45 17.92 16.54 13.74 11.35 8.74 11.04 16.41 29.39 28.59 13.18 11.91 10.83 10.26 11.42 11.56 12.31 13.35 9.20 8.89 8.01 7.09 4.24 3.34 2.90 3.35 3.93 3.80 8.49 8.05 8.07 9.05 8.90 3.60 4.31 10.43 11.26 4.99 11.27 12.12 9.13 7.08 6.57 5.11 6.30 7.30 5.71 6.21 6.17 5.45 4.35 4.12 1.90 1.40 1.06 2.90 6.53 8.32 8.01
12.24 13.02 14.23 13.38 10.50 8.72 9.34 11.80 14.56 16.80 17.76 17.94 16.64 13.98 11.62 9.41 7.76 7.12 8.28 10.84 15.75 19.76 21.90 17.24 8.49 9.22 9.66 13.73 20.34 34.03 30.81 11.63 9.96 10.61 11.06 11.14 11.07 8.91 9.11 10.89 11.65 11.11 10.14 8.84 8.15 7.11 3.42 3.42 7.45 7.14 7.40 6.34 4.14 7.46 8.37 8.69 7.86 8.04 4.51 4.84 9.59 7.80 8.81 9.52 9.21 8.86 9.34 10.50 9.96 9.77 8.99 7.85 4.26 4.69 4.40 4.48 1.31 0.11 2.80 6.66
12.58 13.70 15.43 14.82 12.56 10.91 11.57 14.31 16.67 17.45 17.63 16.96 14.37 11.08 8.78 7.75 7.50 8.41 12.62 16.08 19.95 21.95 19.62 11.17 3.82 8.38 12.29 16.29 21.70 37.02 36.21 17.63 7.08 11.43 11.43 10.61 10.35 9.50 9.45 9.81 10.94 10.38 9.60 9.13 9.19 9.15 9.00 8.65 8.95 4.08 7.93 7.48 5.90 6.34 6.72 4.94 4.69 6.55 7.29 9.43 5.62 9.89 10.93 11.32 8.19 7.28 6.81 6.35 5.95 5.08 4.97 5.15 4.74 4.52 3.74 4.63 5.27 5.59 1.09 2.22
13.97 16.00 18.34 17.21 14.69 13.16 14.08 17.13 18.68 18.59 18.45 14.37 10.57 7.54 7.02 8.32 10.19 11.86 13.56 16.32 20.41 18.50 12.15 4.66 3.27 8.91 15.08 16.71 22.28 38.75 41.37 24.08 8.78 10.99 12.58 12.16 10.78 9.87 8.97 8.12 9.02 10.17 10.17 10.14 9.78 9.39 8.61 7.97 8.61 8.39 8.13 8.65 8.55 8.32 8.47 9.32 10.26 10.67 11.03 9.15 7.79 5.15 5.00 6.11 6.80 6.34 5.87 5.69 3.60 4.16 1.72 1.10 0.38 0.42 0.70 2.85 2.53 3.04 2.96 2.55
17.62 18.97 19.60 16.96 13.81 13.25 15.50 17.91 18.17 16.83 14.02 9.49 5.39 4.39 6.44 9.32 11.41 11.28 13.26 16.42 17.81 14.77 8.95 6.14 5.52 10.83 14.31 15.10 22.21 39.24 43.01 29.33 18.10 8.56 11.49 11.85 12.54 10.42 9.06 8.25 7.83 8.63 8.83 7.34 7.11 7.23 8.16 7.89 8.35 8.06 8.63 9.16 10.11 9.84 9.96 10.52 8.23 6.01 5.33 4.80 4.42 4.93 5.14 4.08 4.56 4.75 4.40 4.23 4.16 3.67 3.34 3.34 3.47 3.80 3.72 3.33 3.19 3.47 4.66 3.25
20.00 20.05 18.35 14.75 12.34 13.38 15.42 15.82 14.74 11.84 7.31 3.71 3.56 5.40 9.16 11.28 10.80 10.51 14.95 16.84 18.41 17.20 14.91 15.62 15.94 14.83 12.69 12.71 22.51 38.08 41.49 31.44 24.39 18.09 15.52 12.32 13.38 11.80 9.76 9.16 7.99 4.14 4.75 5.56 5.73 6.12 6.76 6.77 7.94 8.76 10.02 10.20 8.01 6.94 6.54 6.35 4.59 5.28 5.27 4.99 4.58 3.80 4.21 3.96 3.69 3.85 7.07 7.44 6.19 8.18 10.76 9.06 8.89 8.43 8.05 8.32 5.18 6.83 5.68 5.57
21.67 20.56 16.68 13.19 12.50 13.54 13.52 12.06 9.92 6.31 3.14 4.66 5.94 10.82 13.18 13.27 12.40 13.86 19.65 22.57 22.27 20.59 19.48 18.04 17.06 14.62 11.30 11.75 22.86 32.37 35.42 32.61 29.67 26.43 20.72 14.39 13.03 14.57 13.04 9.06 6.58 6.86 7.93 7.80 6.57 8.60 6.74 6.59 7.49 7.50 5.63 5.61 4.77 3.66 3.87 4.28 4.36 4.15 4.42 3.80 3.37 3.67 4.45 5.12 5.09 6.36 5.48 6.47 8.15 7.77 8.13 8.27 8.12 8.87 8.50 6.96 6.23 8.26 7.15 5.93
22.72 20.22 15.42 13.66 13.88 13.26 10.91 7.58 5.64 4.16 5.51 7.38 12.73 16.09 16.68 17.66 17.86 19.84 22.49 23.55 22.10 20.02 15.69 10.94 9.09 9.73 9.55 11.68 19.46 24.29 26.53 28.88 32.44 34.00 28.81 13.94 13.56 15.03 14.90 13.13 10.01 9.48 8.95 7.65 9.10 4.76 5.31 7.12 2.47 2.82 3.56 4.29 5.03 5.31 4.57 4.35 3.64 3.57 4.09 4.28 5.62 6.06 6.26 6.42 6.22 6.26 6.72 6.94 6.77 6.72 6.66 7.56 8.43 8.39 7.71 7.18 7.13 7.14 6.60 6.98
22.46 19.99 16.47 15.60 14.00 11.06 7.62 5.42 6.72 7.40 10.23 14.62 18.59 20.38 21.55 23.05 23.52 24.02 22.04 20.53 19.38 15.36 9.66 6.95 6.26 6.97 8.88 13.79 16.17 19.53 19.37 24.79 35.63 39.82 33.66 17.06 13.96 15.53 15.67 16.65 12.84 7.18 5.28 4.28 6.66 6.71 7.96 3.47 2.72 2.43 3.07 3.89 4.01 3.36 3.30 2.76 2.34 2.89 3.86 4.42 5.29 5.90 5.94 5.90 6.07 6.23 5.80 5.19 5.33 6.31 7.59 9.88 7.59 7.48 8.79 7.64 6.57 5.84 8.38 8.18
23.06 21.16 17.95 14.58 10.27 7.22 6.53 7.73 10.12 13.04 16.35 20.23 23.01 24.70 26.10 25.39 22.32 20.00 17.28 16.15 16.21 12.78 8.89 9.84 11.06 11.08 11.67 14.34 16.63 20.28 19.78 25.24 38.10 41.68 32.19 18.22 8.66 15.39 14.69 15.64 7.19 10.84 3.68 3.28 3.49 6.82 1.93 2.92 2.90 1.94 2.89 3.93 3.40 2.74 2.83 3.21 2.92 2.37 2.68 3.13 3.65 4.69 5.52 5.65 5.63 5.62 5.61 5.52 7.70 8.46 8.71 6.98 7.15 7.34 7.40 7.79 7.85 7.83 5.73 7.24
24.40 21.59 15.91 10.32 7.40 8.23 10.65 12.69 14.86 17.68 21.02 24.45 26.44 27.69 25.00 22.25 18.23 14.82 13.12 13.82 14.45 11.99 10.33 11.92 15.03 15.66 13.93 14.74 19.70 24.15 24.54 27.99 41.40 45.52 33.46 18.34 8.95 10.00 14.69 13.37 11.80 10.41 9.45 5.87 3.37 3.61 3.08 2.15 2.23 1.96 1.34 2.00 2.62 2.98 3.15 3.53 4.10 3.39 2.28 2.15 1.68 2.10 3.43 4.65 5.06 5.11 5.49 5.66 5.88 6.35 6.65 6.78 6.91 8.09 8.29 9.20 7.13 7.11 7.32 8.84
24.50 19.98 12.56 9.44 10.44 13.41 15.49 16.71 19.01 22.24 25.88 28.73 27.80 25.22 21.72 17.43 15.11 13.63 13.40 15.18 14.90 12.53 12.02 11.44 11.09 12.25 12.19 16.17 24.65 29.16 29.60 31.42 41.93 46.58 34.86 18.44 8.37 14.93 14.67 12.40 10.12 9.45 8.03 8.68 6.42 5.80 1.90 1.28 0.21 0.61 1.07 0.60 0.81 1.79 2.85 3.28 3.76 4.04 3.36 2.51 2.07 1.91 1.38 2.82 4.23 4.94 4.99 6.39 8.42 7.19 7.50 8.01 7.84 6.97 6.04 7.12 6.96 7.21 8.19 7.89
22.91 18.36 12.60 12.51 15.03 16.99 17.75 19.10 21.81 25.50 28.49 28.39 24.94 20.47 15.67 11.69 11.22 13.04 15.66 17.60 17.47 16.08 15.40 12.44 9.03 9.39 13.41 23.62 32.07 33.25 31.67 31.93 38.53 44.30 36.09 19.81 9.03 14.91 14.48 13.39 11.90 9.15 8.04 8.24 9.25 6.22 5.16 1.08 0.92 1.29 1.76 2.47 2.65 1.78 0.80 1.82 2.17 3.10 3.41 3.03 2.55 5.39 1.95 1.99 3.00 3.75 4.34 4.72 2.53 2.32 4.24 5.78 5.94 5.17 4.11 3.50 3.18 3.17 4.72 6.82
23.00 19.37 17.59 16.82 18.87 19.65 19.40 20.70 23.41 26.08 27.26 24.12 17.68 11.79 7.89 6.13 7.23 11.47 17.10 20.51 20.50 20.39 19.49 15.45 13.25 13.89 21.82 26.34 29.26 31.92 27.48 24.60 32.01 40.82 36.12 21.18 10.50 11.60 10.50 9.97 11.13 9.32 8.05 7.25 7.52 7.98 7.69 5.67 5.08 3.53 1.43 2.01 2.68 2.75 1.63 0.77 1.05 1.27 2.35 2.13 1.65 1.36 0.84 0.69 0.85 0.60 3.26 0.85 1.95 4.23 4.76 3.02 2.13 1.87 1.92 2.35 5.14 3.41 4.42 4.68
26.51 22.78 20.66 21.82 22.27 20.58 19.52 22.29 25.32 26.48 24.27 17.24 10.76 7.22 7.82 6.78 10.54 16.18 21.67 24.20 24.32 24.34 21.78 17.60 17.36 19.14 21.68 23.10 26.10 29.58 22.53 18.50 26.87 38.45 36.51 24.58 12.09 13.02 12.23 11.85 13.76 10.75 7.67 5.97 5.70 6.47 6.44 6.37 6.70 6.19 3.81 4.90 2.31 1.91 1.96 0.96 0.31 0.99 1.69 1.08 0.89 0.61 1.51 1.94 2.36 1.98 1.28 1.13 1.75 2.98 5.05 5.24 2.45 3.32 1.26 1.78 1.50 3.25 0.47 1.54
29.34 26.73 19.90 20.51 17.72 14.40 17.68 24.53 26.82 24.35 18.32 11.26 8.47 11.76 9.13 12.06 17.11 22.86 27.37 28.38 27.60 26.14 21.99 19.44 18.66 18.57 19.26 20.50 26.45 28.45 23.67 15.95 23.73 38.53 38.53 29.97 20.60 15.31 17.76 17.81 16.38 14.79 9.77 6.18 2.81 1.77 4.73 6.28 6.25 5.36 6.13 4.02 3.80 0.88 1.13 1.25 0.92 1.36 2.76 3.16 2.63 3.84 4.62 4.21 0.52 0.10 5.33 5.24 4.37 1.67 2.02 2.10 4.93 2.90 2.62 2.62 1.84 4.20 5.45 4.85
30.50 24.99 13.68 13.13 9.20 10.19 19.69 25.59 21.94 14.80 8.33 8.96 7.14 8.54 11.31 15.60 20.37 25.73 29.36 27.38 23.99 20.52 17.01 18.16 18.79 18.02 18.60 22.07 27.67 25.51 16.00 12.56 21.37 36.58 41.17 32.84 23.34 19.24 21.32 18.29 17.45 14.49 12.29 8.03 5.42 2.81 1.81 2.54 2.29 6.26 5.41 4.75 4.34 1.92 1.29 3.58 3.65 4.02 6.08 7.72 5.63 3.35 0.87 0.84 1.23 1.47 3.82 1.21 1.74 2.28 2.54 3.01 4.53 5.45 1.35 1.43 1.27 3.00 5.21 7.42
27.27 19.48 10.76 8.67 8.83 15.64 24.33 22.23 11.84 4.71 5.04 5.54 9.16 10.21 9.64 15.90 21.62 27.95 29.47 23.01 17.25 13.04 12.97 12.79 16.56 18.26 18.95 24.18 25.76 19.52 15.94 12.08 20.40 36.70 41.34 26.22 24.24 24.25 19.23 16.14 17.37 16.57 15.23 11.14 7.63 5.58 3.21 2.58 2.83 1.91 1.74 7.45 3.29 4.14 3.13 7.16 7.88 1.92 2.33 2.54 2.82 3.15 0.14 1.09 1.95 2.80 3.13 3.08 3.26 3.51 3.22 2.29 5.05 1.69 2.05 3.23 4.22 5.78 8.00 9.88
23.79 17.31 12.31 9.79 15.04 23.27 23.80 14.26 5.12 2.94 4.56 7.98 9.89 7.21 10.99 17.39 25.19 31.85 28.65 19.69 14.82 12.27 11.49 13.08 15.02 15.43 17.12 22.60 21.87 13.93 10.99 16.53 24.78 37.29 39.55 24.85 27.52 25.06 13.39 18.19 15.21 14.83 14.95 14.94 11.43 8.31 7.19 5.47 4.08 3.31 1.97 2.22 4.04 4.30 6.65 2.54 1.04 1.06 0.70 0.11 2.23 2.54 2.47 2.60 3.16 3.87 3.25 3.25 2.53 1.88 1.70 4.79 2.28 3.06 4.67 7.07 8.36 8.95 10.52 10.53
21.79 15.48 11.21 15.32 21.94 24.25 16.85 6.45 2.59 3.95 6.63 9.07 9.30 11.81 17.64 24.72 33.36 34.53 26.41 18.52 17.58 16.81 15.53 16.61 16.05 14.59 17.10 20.67 17.02 17.16 15.58 21.14 27.48 37.59 38.29 26.86 21.64 27.09 22.07 14.26 16.25 15.72 11.89 13.65 12.73 13.24 12.18 9.97 5.74 5.03 3.69 1.90 0.85 0.42 0.17 0.31 0.63 0.56 0.22 0.66 1.38 1.42 1.40 2.03 2.75 3.27 4.17 4.53 4.32 2.44 1.44 3.29 4.96 6.69 8.28 9.57 10.12 10.02 11.09 11.72
19.20 13.42 12.91 18.92 21.84 18.23 8.56 2.90 6.96 6.07 9.29 11.68 14.52 20.14 27.15 36.02 39.17 33.07 22.75 17.52 18.83 24.68 15.44 15.43 16.35 16.90 18.11 18.55 15.76 15.93 19.75 23.50 29.28 39.10 37.17 27.99 19.86 24.56 22.36 21.16 15.93 18.09 15.83 14.15 13.96 10.76 10.26 5.78 5.46 4.97 7.19 2.26 1.64 1.05 0.87 0.75 0.37 0.11 0.36 0.95 1.46 2.16 3.04 3.39 3.21 2.85 2.92 2.06 1.42 1.27 3.46 6.79 8.47 9.29 9.76 9.85 10.06 10.62 11.34 11.56
15.99 20.38 12.57 17.82 16.54 11.95 5.84 9.04 7.97 11.58 15.45 20.49 26.80 34.18 38.27 41.18 37.63 28.35 19.51 16.56 16.45 19.21 15.54 15.72 17.52 19.26 19.55 18.70 18.52 20.02 21.46 23.52 30.24 36.96 34.71 26.31 18.61 15.43 23.69 22.73 19.27 16.93 16.57 14.73 13.21 11.06 10.32 9.31 2.83 7.36 6.73 7.06 6.70 5.63 0.88 0.69 0.36 0.78 1.23 1.45 1.92 2.62 3.40 3.83 3.21 1.99 2.09 3.52 4.95 5.79 7.47 9.38 9.53 9.17 9.25 9.63 10.59 10.83 10.74 10.72
13.04 11.50 12.84 15.23 12.51 9.49 12.06 8.34 13.12 18.63 25.07 34.28 37.11 40.15 42.79 39.47 32.44 23.19 17.73 15.95 19.69 19.40 19.86 16.89 17.93 19.38 20.16 20.17 20.38 20.53 20.76 23.45 31.21 36.58 31.38 23.27 17.98 21.71 20.11 20.06 19.98 18.21 17.43 15.20 14.37 12.40 8.89 6.58 6.22 5.22 5.54 6.40 6.33 0.77 0.64 0.28 0.82 1.61 2.04 2.28 2.60 3.13 3.85 4.17 3.95 3.73 4.76 6.27 7.38 8.22 8.94 9.33 8.96 8.95 9.54 10.34 10.22 9.83 9.39 9.32
12.74 12.36 12.92 13.03 11.33 10.43 11.11 15.09 22.07 29.77 37.62 39.62 39.59 40.01 40.22 35.04 26.66 19.65 16.06 14.77 19.08 18.77 23.61 14.37 15.72 17.11 17.66 18.55 19.72 20.05 21.70 26.37 33.76 35.48 27.49 20.35 24.48 14.39 21.50 19.61 19.64 19.55 19.57 15.97 14.74 13.53 11.41 9.71 7.93 6.48 7.03 7.05 8.02 0.97 0.78 0.08 0.82 1.62 2.21 2.52 2.91 3.62 4.40 5.01 5.34 5.97 7.29 8.19 8.29 8.45 8.71 8.73 8.80 9.24 8.51 9.52 8.75 8.32 8.30 8.38
14.24 14.17 14.29 14.12 13.47 14.86 19.45 27.14 37.36 41.48 41.58 41.80 40.48 39.69 36.41 29.60 22.06 16.83 14.57 13.78 12.63 16.53 15.50 11.76 12.66 12.93 13.63 16.06 18.05 19.85 24.85 30.57 34.02 31.32 23.17 17.73 22.33 19.64 18.85 17.68 19.82 20.53 19.12 18.57 15.09 13.62 13.34 10.66 4.36 9.03 7.08 7.69 7.75 8.05 1.12 0.66 0.71 1.64 2.22 2.51 3.05 3.88 4.58 5.27 5.87 6.36 7.01 7.40 7.59 7.87 8.04 8.14 8.38 8.74 8.74 7.81 6.75 6.61 5.62 6.76
15.19 16.09 17.87 19.29 20.61 24.60 31.43 40.35 42.73 42.24 39.70 39.78 38.73 35.10 28.26 22.35 16.98 18.60 19.15 18.02 11.57 15.62 11.52 15.40 10.65 9.96 11.06 14.54 17.52 21.53 27.86 31.36 29.93 25.55 18.86 15.17 21.30 19.77 18.46 14.62 18.34 19.62 19.78 18.43 16.84 16.52 12.97 10.96 4.77 4.43 8.91 5.07 7.91 8.08 1.52 0.82 0.78 1.87 2.53 2.79 3.33 4.12 4.74 5.20 5.63 5.93 6.09 6.29 6.60 7.05 7.16 7.15 7.48 7.78 7.66 6.85 5.94 6.40 7.47 7.62
14.96 16.23 19.67 23.88 31.32 37.16 41.36 43.34 40.03 36.74 35.49 34.04 30.95 24.99 20.53 17.49 13.23 17.99 18.22 18.36 18.60 13.99 18.76 17.19 13.80 10.47 11.57 15.80 20.65 25.70 29.96 29.00 24.62 20.29 15.34 13.44 16.86 18.06 17.76 11.59 16.24 19.13 15.76 19.12 16.09 17.71 15.22 13.42 13.54 2.72 4.52 8.42 8.63 4.12 1.42 0.71 0.72 1.91 2.87 3.22 3.69 4.42 4.98 5.51 5.90 5.96 5.84 5.96 6.28 6.75 6.80 4.31 4.66 7.13 7.25 6.01 6.95 7.57 8.03 7.40
16.11 18.49 24.04 32.36 38.21 41.10 41.88 38.82 34.37 32.39 30.70 27.92 23.94 20.32 18.50 16.11 17.34 17.96 23.84 19.40 17.99 14.41 18.30 18.73 15.35 12.78 12.74 18.98 24.28 27.22 27.74 23.73 18.83 16.96 14.42 17.05 14.75 18.30 16.48 10.63 16.37 17.76 16.75 12.53 13.06 17.87 15.94 15.20 13.11 5.94 4.12 8.53 8.95 7.59 0.68 0.32 0.71 1.66 2.97 3.69 4.13 4.78 5.42 6.02 6.50 6.50 6.04 6.10 6.45 6.84 4.61 3.95 3.60 6.39 6.58 6.96 7.34 7.36 6.60 5.41
18.67 21.80 27.79 35.76 39.20 37.38 34.91 32.20 29.69 27.92 25.80 22.87 20.67 19.19 18.03 15.78 12.94 19.59 19.57 20.06 18.56 18.60 20.83 17.69 15.74 11.18 14.33 21.60 25.01 23.93 22.09 18.85 15.21 13.16 20.07 17.81 15.94 17.84 14.93 9.67 12.38 12.16 15.43 13.87 10.60 8.07 11.29 14.33 12.33 13.38 8.92 8.81 7.87 5.88 5.54 2.22 1.00 1.58 2.98 4.10 4.57 5.14 5.80 3.67 6.95 6.83 6.05 5.75 6.25 6.58 6.38 6.21 4.06 5.96 2.98 5.83 5.89 5.06 1.60 1.68
19.53 22.04 27.96 35.45 35.17 31.83 28.44 25.81 24.27 23.58 21.84 19.74 18.87 18.20 17.69 15.75 12.93 19.19 23.74 21.07 19.30 18.85 18.54 17.38 15.90 11.96 17.17 23.58 23.58 19.89 18.52 17.72 14.96 13.69 20.10 15.65 14.63 15.67 15.05 8.82 9.58 13.85 16.55 15.27 12.59 9.73 11.92 15.63 10.58 14.15 11.71 10.16 8.40 6.44 1.67 5.25 2.40 1.25 2.26 4.23 5.17 5.44 6.02 6.60 6.99 6.77 5.75 4.69 4.75 5.52 5.85 6.08 3.84 6.08 5.72 2.20 1.46 1.68 3.75 4.24
18.95 22.00 29.60 35.27 31.68 26.71 23.08 21.38 21.19 20.85 19.49 18.42 17.93 17.74 18.45 16.50 13.32 18.67 24.11 20.36 20.74 19.16 17.03 16.48 11.56 13.51 20.41 24.32 21.41 17.88 17.75 18.24 15.58 14.21 20.74 15.16 16.46 18.98 15.20 6.97 13.17 14.63 15.03 15.96 15.25 12.57 18.92 15.63 10.76 9.85 8.31 12.08 9.18 5.97 4.49 2.02 2.48 3.12 1.80 3.48 5.45 5.86 6.10 6.53 6.78 6.45 5.26 0.67 2.93 3.39 4.42 5.32 2.38 1.96 1.80 1.50 1.11 2.01 5.07 4.47
19.19 24.15 32.45 32.95 28.48 23.61 20.42 19.59 19.90 19.34 18.30 17.95 17.35 18.27 20.36 17.19 19.98 18.73 24.29 20.62 20.16 18.75 15.34 15.20 13.04 16.52 22.97 23.61 19.25 17.29 18.10 18.12 18.00 13.40 18.41 11.98 11.90 9.65 16.54 7.32 11.36 17.52 13.65 18.78 17.06 14.74 11.57 13.77 17.61 10.45 9.91 7.52 8.80 7.25 7.13 1.19 1.84 3.00 2.23 3.13 5.16 6.34 6.20 6.11 6.03 5.67 4.48 2.94 1.46 2.37 3.24 4.49 0.73 1.26 1.55 1.02 0.48 0.98 1.92 2.55
