examples/cougarCreek/createInputs/WindNinja/wrfout_d3.2015081212.f15/cougarCreek_08-13-2015_0300_217m_non_neutral_stability_vel.asc
ncols	146
nrows	140
xllcorner	610065.000000
yllcorner	5095217.000000
cellsize	216.586807
NODATA_value	-9999.000000
[rows 72 to 107 of 140, columns 0 to 79 of 146]
21.69 28.14 33.68 30.56 25.88 21.73 19.46 19.13 19.30 18.55 18.13 18.31 18.46 21.07 22.17 16.29 20.05 18.51 20.27 20.84 21.21 16.54 13.52 14.03 14.67 19.19 23.72 20.95 17.15 17.33 18.18 16.72 12.71 22.07 13.89 16.58 22.92 9.99 16.90 7.83 12.42 14.08 11.64 13.46 16.92 16.13 17.40 11.09 12.47 9.68 9.28 7.69 10.62 3.83 5.15 6.68 2.17 1.85 4.66 2.26 4.24 6.27 6.63 6.08 5.31 4.76 4.11 2.92 2.26 2.58 1.07 1.46 0.27 1.39 1.73 3.94 1.27 1.84 2.31 2.84
25.95 30.07 31.76 27.50 23.50 20.36 19.11 19.11 18.89 18.12 18.17 19.01 20.54 23.02 21.26 14.33 20.47 17.72 19.03 24.99 20.42 15.07 15.16 15.54 16.77 21.40 22.60 18.48 17.33 18.35 17.68 14.92 11.22 19.43 11.54 15.11 15.14 11.13 18.40 8.29 12.12 13.12 9.90 11.31 16.13 17.12 15.34 19.61 16.44 15.78 9.23 8.48 11.50 1.69 5.89 1.51 2.43 2.37 1.52 1.30 2.77 5.60 6.88 6.47 5.28 4.24 3.69 3.54 3.20 3.19 0.80 1.02 1.03 0.87 0.41 1.22 1.74 1.81 2.70 4.00
28.41 29.03 28.13 25.15 21.89 19.25 18.54 18.61 17.87 17.07 17.59 19.31 20.97 21.44 18.11 12.39 11.17 16.21 15.60 21.80 17.60 14.84 16.29 16.94 19.38 22.86 21.56 18.74 18.98 18.63 16.49 13.64 11.42 12.11 15.35 18.47 16.85 11.82 9.24 9.72 12.88 13.74 10.58 9.87 13.88 17.10 16.17 21.34 20.45 13.62 16.41 14.43 11.83 5.18 2.02 7.64 2.69 2.55 1.68 3.19 2.03 4.28 6.19 6.39 5.42 3.91 2.93 2.37 2.50 3.38 3.68 3.13 2.97 2.70 2.02 1.66 1.82 2.05 2.85 6.73
27.87 27.28 26.26 24.41 21.13 18.57 18.01 18.00 16.92 16.22 17.57 20.14 20.90 19.81 16.95 12.14 20.85 12.61 14.18 26.20 14.62 16.20 17.42 19.10 22.14 23.13 20.81 19.54 19.22 17.62 15.90 14.08 13.38 15.46 18.60 19.39 20.57 25.33 9.99 10.98 13.57 14.45 11.56 9.38 11.02 15.11 16.51 14.16 22.32 13.15 17.30 14.11 11.40 6.03 3.46 4.85 8.53 6.98 3.55 8.16 1.52 3.08 5.10 5.81 5.46 4.18 3.12 3.10 0.95 2.44 4.27 4.53 3.88 3.53 3.22 2.45 1.81 2.75 2.88 3.70
26.63 26.41 25.75 23.45 20.04 17.91 17.82 18.09 17.01 16.93 19.26 22.38 21.90 19.96 17.54 12.57 25.82 16.03 19.49 20.22 15.85 17.40 19.29 22.16 23.47 21.69 19.81 19.26 17.95 16.47 15.90 14.87 15.26 17.85 19.94 18.63 14.36 11.54 10.82 11.46 13.83 13.93 10.84 8.83 9.09 12.51 16.27 15.34 12.63 16.58 16.74 13.89 13.90 6.07 5.89 4.98 8.07 8.76 4.15 4.32 2.21 2.49 3.88 4.85 5.00 4.26 3.39 2.20 3.74 0.85 3.10 4.18 4.15 3.48 4.07 4.25 1.88 2.89 3.67 2.31
25.84 25.78 24.89 22.09 19.11 18.07 18.80 19.10 18.50 19.85 22.98 25.02 22.77 20.49 17.88 12.85 24.11 13.75 19.86 15.51 17.07 19.15 22.37 24.80 30.79 20.40 19.51 18.71 16.99 15.86 24.89 25.87 16.45 18.47 19.31 17.14 13.28 24.87 10.41 11.84 13.77 12.94 10.60 9.10 8.85 11.45 15.45 15.51 12.71 15.69 14.26 15.36 12.29 6.53 6.50 5.55 9.89 4.45 1.41 1.62 7.51 1.97 2.65 3.92 4.40 2.87 2.36 1.79 0.57 0.19 2.11 3.36 4.12 3.36 4.23 4.36 3.39 3.10 6.01 4.07
25.06 24.94 23.80 21.35 19.24 19.08 20.10 20.09 20.28 22.35 24.61 24.24 21.03 19.69 16.96 12.62 19.36 14.35 15.45 16.63 18.74 22.08 25.49 25.55 21.96 19.61 18.76 17.77 16.85 16.52 17.28 17.51 17.27 17.63 18.01 15.86 11.73 22.91 9.84 12.50 13.54 12.07 11.03 9.91 9.90 11.78 13.43 13.93 13.09 17.67 14.36 16.14 14.52 5.86 5.35 6.11 11.66 10.42 6.43 1.56 4.37 3.00 1.70 3.01 3.93 2.68 3.17 1.38 3.35 3.49 3.61 1.07 2.99 2.99 4.18 4.15 5.12 5.60 6.27 1.81
24.38 24.23 23.11 21.26 19.52 19.42 20.46 20.40 20.85 22.06 22.48 20.62 18.80 18.77 15.15 12.14 13.49 15.80 16.72 18.32 21.62 25.07 26.66 24.03 19.49 17.84 17.28 16.68 16.89 17.40 18.21 17.72 15.92 15.86 16.95 14.67 10.69 22.24 10.77 13.86 22.46 11.73 11.18 10.47 10.71 10.87 10.00 11.41 13.54 12.81 16.42 16.61 15.83 4.97 7.13 6.81 4.08 13.13 6.44 0.57 0.72 4.73 3.44 3.47 2.92 3.36 3.08 2.62 2.78 2.99 3.25 3.62 3.72 1.71 3.64 4.12 4.40 5.39 6.36 6.18
23.61 23.62 22.80 20.94 19.18 19.42 20.63 20.74 20.88 21.13 20.46 18.89 19.52 19.16 14.17 21.36 15.63 17.32 18.61 21.88 25.29 26.94 26.07 21.81 17.73 16.46 15.71 15.89 17.39 17.33 16.70 15.44 13.90 15.21 16.46 13.91 10.52 22.48 12.44 14.47 12.82 11.73 11.27 15.58 11.10 9.49 10.69 8.71 13.35 13.96 20.01 11.05 16.29 5.76 8.51 7.87 4.60 2.48 6.13 1.43 0.98 0.69 0.66 7.19 1.45 2.37 2.94 2.54 2.55 2.68 2.82 3.45 3.70 3.63 1.54 3.20 3.57 5.15 5.13 5.60
22.98 23.13 22.37 20.30 19.13 20.08 21.14 21.23 21.13 20.77 19.47 19.14 21.43 19.63 14.77 15.26 17.57 19.05 22.15 25.63 27.06 26.98 24.58 19.88 16.74 15.22 14.31 16.00 17.80 16.33 14.95 14.24 14.39 15.80 15.53 13.00 10.42 10.80 13.53 25.74 12.47 14.83 12.13 11.84 10.88 8.79 10.54 7.45 12.54 14.72 12.04 6.82 19.12 7.09 11.97 9.83 5.40 3.74 3.54 2.79 2.12 1.64 1.16 0.89 5.81 1.38 2.37 2.75 2.52 2.54 2.63 2.17 3.43 3.60 3.46 3.10 3.54 5.18 6.46 5.92
22.41 22.63 21.86 19.95 19.58 20.67 21.12 21.40 21.17 20.17 18.84 20.19 22.82 19.58 16.04 17.17 19.18 21.81 25.18 26.50 26.45 25.74 22.17 17.83 15.39 13.99 14.43 17.02 17.66 15.48 14.35 15.12 16.16 15.51 13.77 11.78 10.10 11.64 13.51 12.98 12.72 16.66 15.85 12.47 10.41 13.63 10.77 7.79 12.57 15.38 12.24 5.70 5.06 12.64 14.86 9.18 4.85 3.19 2.64 2.33 12.08 2.41 2.50 2.06 1.56 1.31 1.84 6.14 2.52 3.49 2.55 2.36 4.51 3.41 3.61 3.62 4.39 4.89 6.10 5.75
21.88 22.08 21.28 19.82 19.99 20.66 20.88 21.37 20.72 19.37 19.26 22.47 24.06 19.65 26.46 18.92 21.60 24.35 25.70 25.67 25.82 24.31 19.92 16.40 14.56 14.10 15.63 17.40 17.24 15.50 15.01 16.57 16.33 13.76 12.21 10.77 10.32 12.29 22.61 16.73 13.97 15.75 19.29 12.74 10.06 14.31 16.80 8.63 13.11 14.97 11.23 22.30 11.10 16.56 13.04 6.68 4.64 9.49 9.56 1.97 2.36 10.14 3.60 3.81 3.19 5.94 1.72 4.93 2.66 2.50 2.46 2.19 5.25 4.17 2.26 4.01 2.69 5.36 6.03 4.80
21.53 21.60 20.92 20.16 20.54 20.82 21.06 21.33 20.29 19.37 21.17 25.31 25.03 20.55 19.60 21.82 24.03 25.22 25.41 25.41 25.09 22.16 17.80 15.25 13.88 14.09 15.63 16.62 16.72 15.83 15.60 16.14 14.68 12.54 16.95 16.30 11.22 12.23 15.20 13.19 17.15 18.92 15.54 17.81 16.35 14.76 7.80 9.31 12.99 16.45 11.42 10.90 15.76 15.54 9.90 6.40 5.49 5.33 4.40 3.59 2.83 9.58 3.15 8.64 3.63 2.77 4.84 5.02 4.93 2.63 2.67 2.54 4.68 5.50 4.87 4.28 4.05 5.99 6.47 3.75
21.36 21.37 20.98 20.82 21.08 21.07 21.18 21.07 20.21 20.39 23.82 27.29 25.12 21.60 21.77 23.54 24.39 24.72 24.99 24.64 23.30 19.51 15.58 13.56 12.63 13.23 14.66 15.60 16.09 15.26 14.07 14.05 13.74 12.64 18.37 15.34 12.55 12.28 12.25 16.08 21.33 19.96 12.64 14.55 15.05 15.57 8.58 9.23 12.26 14.51 13.70 17.73 15.05 13.08 9.86 8.12 11.37 6.86 6.30 5.35 3.72 9.39 1.66 1.51 11.93 10.05 6.14 5.35 5.19 5.49 4.82 3.04 3.14 4.00 6.33 4.81 5.19 6.34 4.50 3.86
21.26 21.16 21.04 21.37 21.40 21.09 21.05 20.82 20.61 21.85 25.85 27.90 24.48 34.75 22.31 23.11 23.74 24.19 23.70 22.89 21.11 17.25 14.04 12.49 21.27 12.84 14.18 15.01 15.42 14.35 13.08 14.27 14.73 13.57 25.56 13.26 13.57 13.22 14.87 19.99 22.73 16.63 8.42 11.35 12.54 16.02 13.44 9.60 12.18 14.59 20.76 22.53 24.46 12.44 10.70 9.86 8.97 10.69 7.72 6.81 4.88 3.00 2.01 0.65 9.71 12.77 7.59 6.28 6.25 6.42 2.13 6.96 6.15 5.06 5.88 6.56 6.64 7.62 4.29 4.76
21.06 21.11 21.57 22.03 21.59 21.29 21.42 21.35 21.88 23.60 26.97 27.93 24.22 35.75 22.22 22.18 23.14 23.10 22.09 21.65 19.11 15.04 12.57 11.69 11.71 12.48 13.77 14.77 15.10 14.41 14.38 15.77 16.08 14.83 13.95 13.89 13.98 14.32 16.77 20.53 20.27 13.65 7.59 7.94 11.27 16.21 17.76 10.72 11.77 13.37 17.27 22.24 13.60 12.39 11.94 11.80 10.42 8.86 8.68 10.33 11.09 8.62 3.68 2.02 10.32 2.37 8.14 6.76 6.58 6.25 6.76 5.54 5.80 4.03 3.67 5.51 5.04 7.01 8.21 5.40
20.96 21.52 22.35 22.22 21.59 21.64 21.73 22.02 23.09 24.74 27.25 27.61 23.93 21.70 21.03 21.03 22.23 21.73 20.95 20.28 16.64 13.03 11.10 25.70 11.13 12.26 14.35 15.59 15.84 18.87 16.28 16.78 16.46 15.20 13.66 13.40 13.78 14.17 15.90 17.81 16.91 13.25 9.45 10.84 11.45 16.15 13.99 10.78 11.41 13.39 14.21 20.76 13.44 21.78 11.23 13.59 13.67 11.69 9.81 11.61 10.76 9.60 9.46 3.49 10.56 12.58 9.01 7.67 7.58 7.02 6.78 6.70 7.77 9.00 4.59 5.02 5.22 5.05 4.78 5.53
21.04 21.72 22.19 21.44 21.07 21.14 21.23 22.08 23.17 24.56 26.60 26.84 23.39 20.55 19.76 20.27 21.31 20.64 19.71 18.08 14.41 11.92 10.74 19.09 15.95 13.51 15.94 17.51 17.43 17.24 17.50 17.25 16.25 14.88 13.38 12.73 12.98 19.12 14.62 15.59 15.05 13.86 11.51 12.84 12.28 17.51 16.77 10.36 8.46 13.47 12.36 18.99 13.19 11.85 12.84 13.79 13.41 12.40 11.66 12.22 14.82 9.94 9.97 11.58 12.48 10.07 11.65 9.25 9.70 9.06 7.31 8.27 8.21 8.35 7.29 8.49 8.03 6.08 6.25 4.49
21.03 21.54 21.63 20.87 20.68 20.73 21.15 22.12 22.84 24.01 25.97 26.31 22.73 19.52 19.09 19.91 20.66 19.67 18.32 16.43 13.52 11.67 11.21 11.89 13.40 15.87 18.20 18.74 18.01 17.70 17.92 17.26 15.91 14.93 13.40 11.85 12.13 13.02 13.72 14.31 14.75 14.37 13.16 11.85 15.81 17.17 16.97 5.87 12.18 13.34 10.81 17.28 13.86 12.39 12.50 13.06 13.03 13.35 11.20 10.52 15.26 17.62 6.97 12.84 12.66 12.26 13.46 12.22 11.70 11.11 11.26 8.82 2.70 3.23 4.14 8.93 8.57 8.61 8.43 6.29
20.66 21.17 21.35 20.86 20.81 20.89 21.14 21.92 22.50 23.51 25.39 25.09 20.90 18.26 18.54 19.50 19.88 18.60 17.22 15.57 13.14 11.66 20.99 12.96 14.98 18.29 19.69 18.79 17.92 17.92 18.00 16.87 15.37 14.04 11.88 10.28 11.33 12.74 13.25 14.53 15.82 15.50 13.85 12.66 12.33 17.91 9.95 12.07 12.83 13.36 14.84 15.78 22.09 21.00 12.62 13.75 12.68 14.56 14.49 11.07 15.28 13.01 16.62 13.37 15.45 4.36 13.98 9.52 9.68 9.29 8.59 11.58 3.42 3.32 10.54 8.56 8.93 8.86 8.42 8.40
20.19 20.93 21.45 20.92 20.73 20.35 20.09 21.05 21.62 22.41 23.88 22.92 19.17 17.62 18.09 18.52 18.39 17.48 16.59 15.15 12.98 12.21 13.29 14.45 16.89 19.87 19.87 18.64 18.29 18.40 17.69 15.73 13.69 11.81 10.19 18.21 11.13 12.57 14.01 16.53 17.35 15.20 14.08 14.18 12.98 11.58 11.83 13.22 13.97 14.27 14.74 15.28 14.77 13.49 12.43 20.27 15.25 13.67 15.63 12.39 14.01 16.96 14.42 7.99 18.66 6.28 5.58 15.30 10.72 10.24 9.84 12.82 4.42 4.38 9.52 8.69 10.86 9.94 9.53 7.56
19.61 20.89 21.72 20.62 19.94 19.09 18.76 19.89 20.49 21.19 22.09 21.05 18.48 30.67 17.77 17.55 17.36 17.15 16.43 15.01 13.47 22.38 19.10 15.82 18.01 19.98 19.55 18.80 18.56 17.72 16.09 13.80 11.72 10.61 10.25 10.57 11.68 13.05 16.06 19.39 18.67 15.52 15.16 15.68 13.62 12.35 13.21 14.17 15.03 15.31 14.90 15.05 14.91 13.65 12.27 12.10 13.40 13.72 17.05 14.16 14.34 15.37 10.87 17.52 15.73 16.34 14.83 10.97 14.56 10.51 9.60 14.82 5.35 5.39 9.86 11.17 10.33 8.12 6.88 6.92
19.63 21.13 21.53 19.51 18.60 18.03 17.86 19.05 20.16 20.94 21.20 20.21 29.71 18.43 18.11 17.57 17.32 17.15 16.46 15.28 14.19 14.25 15.28 16.21 18.07 20.12 20.08 18.98 17.43 15.48 14.23 12.76 11.46 11.35 11.57 12.13 13.46 15.41 19.45 22.42 19.88 16.60 16.35 15.56 13.20 12.95 14.36 15.07 15.77 15.84 15.23 14.89 14.54 13.84 12.66 12.84 13.80 13.88 13.57 13.31 16.06 13.36 11.98 9.93 9.05 17.42 19.63 16.33 16.84 12.11 11.43 15.51 6.36 11.22 11.66 10.90 6.75 11.63 10.34 7.85
20.20 21.05 20.38 18.24 17.67 17.35 17.31 18.85 20.46 21.17 20.99 20.19 19.77 19.37 18.59 17.89 17.32 17.13 16.82 15.56 14.07 23.43 20.87 16.58 19.22 21.38 20.44 18.02 15.64 14.33 14.21 13.39 12.55 12.63 13.11 14.23 16.11 18.72 22.41 23.54 19.72 16.69 15.79 14.08 13.02 14.08 15.55 16.05 16.22 16.23 15.88 14.89 14.00 13.57 13.40 13.82 14.31 14.44 14.44 14.35 14.43 14.31 12.86 11.32 10.60 9.36 8.27 7.65 15.25 14.12 12.57 13.73 13.46 13.01 13.50 13.70 7.21 7.76 8.22 9.97
20.25 20.02 18.68 17.33 16.79 16.79 17.36 19.19 20.54 21.01 20.65 20.16 20.07 19.72 18.96 18.12 17.58 17.65 17.26 15.38 13.87 19.88 16.54 18.87 21.86 22.19 19.58 16.81 15.36 15.36 15.36 14.42 13.81 14.09 15.08 16.54 18.11 20.18 22.57 22.11 18.30 15.77 14.47 13.28 13.87 15.47 16.56 16.79 16.82 17.09 16.71 15.42 14.19 13.23 13.88 15.00 15.27 15.21 15.10 15.51 15.55 14.97 13.85 12.85 12.09 10.65 9.31 8.87 8.38 15.54 15.10 15.26 13.28 15.38 16.30 13.82 7.52 7.45 7.87 10.54
20.67 19.54 17.65 16.83 16.20 16.33 18.08 19.32 19.89 20.45 20.22 20.13 20.36 20.16 19.31 18.37 18.13 18.13 17.02 15.02 14.77 16.97 19.57 22.09 23.05 21.16 18.34 16.69 16.45 16.53 16.03 15.35 15.40 16.11 17.11 18.00 18.79 20.06 21.55 20.92 18.20 15.99 14.33 13.49 14.85 16.69 17.03 16.93 17.60 18.19 17.87 16.57 14.83 13.79 14.43 16.17 16.69 16.01 15.74 16.30 16.49 15.72 14.70 14.02 13.35 11.95 10.21 9.36 9.19 9.10 9.25 9.68 9.68 15.33 13.05 15.85 14.64 6.61 6.81 13.96
21.03 19.25 17.02 16.54 16.10 17.05 18.98 19.06 19.47 20.32 20.04 20.48 21.01 20.45 19.55 18.76 18.44 17.88 16.27 23.46 16.93 19.95 22.35 23.01 21.74 19.58 17.91 17.55 17.62 17.11 16.62 16.53 17.03 17.66 17.93 18.02 18.53 19.68 20.83 20.66 19.06 17.23 15.28 14.45 15.46 16.55 16.64 17.01 18.73 20.09 19.57 17.47 15.34 14.78 16.02 17.74 17.95 16.86 16.42 16.70 16.80 16.24 15.53 15.11 14.51 13.28 11.58 10.58 10.53 10.69 10.78 10.62 9.80 17.16 15.32 17.76 15.17 6.05 6.19 14.82
19.37 18.12 16.50 15.96 15.77 18.38 19.24 18.94 19.82 20.09 19.73 21.12 21.68 20.66 19.96 19.06 18.22 17.44 16.46 17.13 19.32 21.58 22.24 21.05 19.74 18.87 18.48 18.54 18.07 17.23 17.13 17.50 18.04 18.34 18.13 17.91 18.33 18.98 19.28 21.43 20.93 19.02 15.91 14.59 15.25 15.93 16.44 17.93 20.63 22.73 21.12 17.76 16.00 16.53 18.21 19.10 18.66 17.62 17.04 17.00 16.72 16.38 16.46 16.32 15.69 14.54 12.99 12.04 11.82 11.67 11.17 9.99 8.67 7.45 14.95 14.50 16.63 15.56 6.78 7.07
17.82 18.37 16.12 14.69 16.47 19.33 18.74 19.04 19.78 19.11 19.78 22.17 22.08 20.69 19.77 18.38 17.73 17.49 17.33 18.38 19.64 20.60 19.97 18.91 19.23 19.57 19.44 19.00 18.04 17.36 17.82 18.57 19.06 19.09 18.64 18.20 18.19 18.47 18.88 21.87 24.40 20.16 15.19 13.72 14.69 16.29 17.14 19.36 23.52 25.43 22.33 18.53 17.39 18.74 20.35 20.26 19.33 18.31 17.58 17.32 16.73 16.52 17.15 17.32 16.75 15.44 13.95 13.24 13.02 12.25 10.79 9.06 7.82 6.90 6.35 6.56 15.57 15.89 7.44 6.12
17.87 17.47 14.52 14.06 18.00 19.46 18.63 19.44 19.17 18.28 20.24 22.20 21.05 19.73 18.65 17.68 17.78 17.63 17.45 18.02 18.15 18.15 18.17 19.22 20.76 20.73 19.88 18.97 17.96 17.79 18.77 19.54 19.56 19.07 18.55 18.24 18.81 20.51 23.25 26.83 25.23 17.65 13.05 12.86 14.63 17.07 18.36 21.10 26.06 27.30 23.54 20.32 19.73 21.27 22.19 21.01 19.64 18.53 17.85 17.59 17.21 17.02 17.38 17.59 17.32 16.22 14.76 14.38 14.16 12.65 10.67 9.03 7.98 7.36 15.61 7.15 15.20 7.63 18.65 14.91
17.09 16.19 15.55 16.42 18.21 18.90 19.05 19.14 18.03 17.76 20.10 21.09 19.96 19.14 18.12 18.08 18.39 17.88 17.73 17.52 16.86 17.11 19.14 21.94 22.52 21.16 19.99 19.06 18.41 18.81 19.75 19.82 19.18 18.57 18.47 18.84 20.44 24.27 26.32 25.66 20.07 12.90 10.81 12.12 14.97 17.92 19.75 23.26 27.99 28.74 25.15 21.86 21.15 22.25 22.64 21.10 19.28 18.35 18.05 18.10 18.06 17.63 17.40 17.34 17.56 17.20 15.98 15.68 15.27 22.89 20.09 19.03 18.62 17.74 7.86 7.42 7.30 7.19 6.39 16.03
16.50 16.39 17.21 17.63 17.55 18.87 19.16 17.71 16.50 17.37 19.83 20.72 20.34 19.45 18.50 18.99 19.01 18.48 18.18 16.94 16.64 18.89 22.06 24.24 22.91 20.90 20.04 19.27 19.04 19.63 20.02 19.47 18.84 18.58 18.78 19.29 20.42 21.74 21.90 19.94 15.48 11.53 10.85 12.97 16.43 19.57 22.26 26.42 30.22 29.87 25.88 22.12 21.44 22.60 22.84 21.16 19.12 18.27 18.58 19.28 19.15 18.27 17.74 17.67 18.05 17.85 25.68 25.11 16.07 14.14 11.43 20.08 17.86 18.58 18.17 7.17 7.18 6.85 16.82 15.49
15.63 15.79 16.20 16.55 16.71 18.00 18.75 17.58 15.56 17.93 20.36 21.51 21.13 19.47 19.41 19.97 19.38 18.90 18.08 16.85 18.01 21.20 23.96 24.48 22.11 20.30 19.96 19.42 19.24 19.69 19.56 18.96 18.74 18.60 18.65 18.66 18.59 18.86 18.87 17.43 15.08 13.10 12.85 15.41 19.11 22.64 26.17 29.73 33.69 31.21 25.53 22.51 22.70 23.83 23.87 22.05 19.42 18.65 19.80 20.87 20.40 19.20 18.69 18.80 18.95 25.86 25.60 17.16 16.36 14.84 23.05 10.14 9.35 18.68 18.39 18.32 7.44 6.77 17.60 19.11
13.94 14.38 15.40 16.24 16.04 16.59 18.13 16.73 16.23 18.99 21.25 22.40 20.80 19.13 20.35 20.23 19.26 18.97 18.00 17.37 18.85 22.18 24.56 23.49 20.88 20.01 20.34 19.71 19.24 19.55 19.18 18.89 18.82 18.46 18.19 17.63 17.28 18.38 19.15 17.79 16.20 15.16 15.51 19.69 23.14 26.78 30.01 32.10 33.97 30.81 25.75 24.40 24.58 24.78 25.22 22.90 19.69 19.74 21.47 22.45 21.97 20.51 19.73 19.63 19.34 18.82 18.26 17.54 16.49 15.06 12.88 11.03 10.13 20.66 19.48 18.97 19.54 18.17 16.46 16.96
13.44 14.47 16.65 17.48 17.13 17.89 19.19 17.87 17.06 19.11 21.89 22.11 19.28 19.42 20.56 19.57 19.12 18.95 18.09 17.61 18.64 21.95 24.18 22.30 20.26 20.31 20.57 19.48 19.02 19.40 19.31 19.27 18.81 18.18 17.67 16.97 17.58 19.86 20.50 18.39 16.66 16.31 18.14 22.48 27.73 30.57 31.99 34.39 31.94 30.79 26.50 26.15 25.98 25.93 27.34 24.52 20.96 21.41 23.08 24.14 23.54 21.32 19.78 19.34 19.44 19.51 18.84 17.78 16.67 15.15 13.32 11.89 11.04 21.41 21.01 21.01 18.71 18.54 17.26 16.09
14.58 15.56 17.51 18.35 18.52 19.16 19.59 18.98 18.18 19.20 21.15 20.29 18.53 19.68 19.69 19.22 19.46 18.81 18.15 17.85 18.77 21.92 23.84 21.96 20.29 20.36 20.13 19.11 19.24 19.67 19.75 19.43 18.46 17.87 17.51 17.63 19.36 21.73 21.22 17.99 16.34 17.49 20.95 25.15 28.46 30.96 32.35 32.66 31.71 30.23 26.95 28.25 30.42 28.88 29.59 25.79 22.16 22.78 24.68 25.54 24.11 21.03 18.96 19.08 20.37 20.66 28.15 27.36 26.91 25.63 25.12 24.23 23.53 22.47 22.14 21.10 20.46 20.12 18.84 9.19
