examples/cougarCreek-fire/createInputs/WindNinja/wrfout_d3.2015080912.f20/cougarCreekFire_08-10-2015_0800_217m_non_neutral_stability_ang.asc
ncols	146
nrows	140
xllcorner	610065.000000
yllcorner	5095217.000000
cellsize	216.586807
NODATA_value	-9999.000000
[rows 0 to 44 of 140, columns 0 to 95 of 146]
148 190 185 180 142 216 268 314 323 332 336 338 342 344 16 335 19 21 322 318 308 303 310 321 328 327 314 306 308 307 284 214 258 256 253 255 260 261 254 246 245 243 238 234 237 238 231 227 224 237 217 229 206 219 205 207 225 218 201 204 200 220 203 201 197 219 200 194 188 190 191 194 198 199 193 186 182 185 187 188 188 189 189 189 190 191 191 193 194 197 293 341 360 276 275 257
148 190 185 180 142 216 268 314 323 332 336 338 342 344 16 335 19 21 322 318 308 303 310 321 328 327 314 306 308 307 284 214 258 256 253 255 260 261 254 246 245 243 238 234 237 238 231 227 224 237 217 229 206 219 205 207 225 218 201 204 200 220 203 201 197 219 200 194 188 190 191 194 198 199 193 186 182 185 187 188 188 189 189 189 190 191 191 193 194 197 293 341 360 276 275 257
158 147 149 179 162 130 112 325 107 138 156 180 343 300 144 150 152 56 42 328 320 307 304 312 322 329 206 212 285 279 265 184 226 215 259 261 211 240 250 237 240 238 226 224 235 239 239 232 237 234 224 212 214 218 202 203 220 218 202 213 225 208 208 213 215 210 196 190 204 187 190 194 199 194 188 196 196 182 187 188 188 189 190 190 190 190 190 190 189 188 193 203 155 211 203 208
195 165 160 175 170 148 132 116 116 200 170 189 289 296 194 190 158 129 117 52 331 311 285 298 306 293 218 205 280 270 216 195 172 183 187 191 200 215 222 217 219 220 214 216 215 224 220 209 215 214 212 212 218 218 198 197 217 197 198 203 203 197 194 203 203 190 186 188 203 185 214 199 189 185 182 190 191 180 186 187 187 189 190 191 190 189 189 189 188 189 192 195 187 157 142 176
209 157 176 172 172 150 146 121 272 266 151 177 298 319 250 190 162 131 133 125 27 307 291 223 290 296 269 193 210 211 205 200 171 182 188 187 191 201 216 218 217 211 212 213 210 215 208 201 205 210 215 218 219 212 218 219 210 189 192 193 195 199 194 205 195 184 188 179 183 214 198 182 179 179 191 194 181 182 183 183 184 187 189 191 190 189 189 189 190 191 193 195 194 186 159 145
193 155 188 166 177 168 152 142 139 134 142 160 219 278 236 215 166 126 130 127 91 299 283 187 222 284 251 191 200 204 209 202 171 183 185 184 189 196 211 217 212 206 212 212 204 205 203 201 210 217 216 216 221 212 215 206 191 186 189 187 199 199 199 203 184 188 199 198 211 193 181 180 183 179 182 184 201 182 179 179 181 184 187 191 191 190 190 190 191 191 191 193 195 194 179 150
182 156 191 199 171 175 160 167 142 149 144 151 178 258 269 222 173 140 119 122 147 222 255 249 208 274 202 192 196 208 210 189 177 190 184 178 189 193 206 210 206 207 213 211 201 204 210 215 187 204 205 206 220 217 202 196 191 187 193 196 198 200 206 187 178 196 203 204 195 183 189 196 176 182 186 202 183 181 176 174 178 181 186 191 193 193 192 191 190 190 190 191 194 196 193 183
182 173 166 165 173 174 162 142 137 227 145 148 171 220 229 228 181 169 140 133 169 198 225 238 202 250 223 190 193 201 206 179 186 202 181 174 189 193 199 202 201 204 206 203 203 213 215 197 206 208 221 213 210 203 199 202 195 192 198 199 201 209 198 173 193 201 202 201 188 192 179 181 213 202 180 191 182 181 174 171 174 180 185 190 193 193 192 191 190 189 189 190 193 195 195 192
192 182 183 175 173 175 171 163 151 147 151 241 246 190 257 255 204 176 150 137 177 188 238 241 184 233 215 194 193 209 201 182 198 200 178 178 191 192 188 187 194 199 197 196 187 207 210 208 212 210 207 212 213 207 202 199 194 197 202 204 203 192 184 185 197 200 202 197 192 202 180 209 191 183 198 204 182 177 170 169 172 178 184 188 191 193 193 192 190 189 189 190 192 193 193 193
203 191 179 166 169 161 165 168 165 165 164 158 161 181 204 226 214 204 154 137 183 179 196 229 223 204 210 200 190 197 200 186 191 188 177 181 189 185 182 184 196 201 195 193 204 187 200 200 202 204 209 213 216 209 202 195 195 198 203 198 184 173 191 197 199 199 199 195 196 202 199 181 186 198 203 178 178 170 166 169 173 178 183 188 191 193 193 193 191 189 189 190 191 191 192 194
243 206 188 174 166 162 161 164 166 166 165 168 171 173 231 224 223 211 164 137 150 146 178 217 223 196 202 200 186 198 202 184 187 188 175 177 181 179 180 187 198 200 182 206 208 187 201 199 205 206 199 213 206 193 188 192 194 194 195 182 178 187 200 203 195 192 196 195 196 202 196 190 196 195 195 178 171 165 165 170 174 179 184 188 190 192 193 193 192 189 187 188 190 191 191 195
241 210 202 187 178 167 160 162 168 171 172 176 182 178 189 183 238 204 167 150 153 146 173 199 211 186 195 195 185 197 196 183 188 184 175 176 176 177 182 186 193 181 199 181 185 188 203 202 208 213 217 208 193 186 188 195 194 193 190 176 183 198 203 202 197 201 162 162 163 164 199 191 171 192 178 175 166 163 166 169 173 179 185 189 191 192 193 193 193 190 186 186 187 190 193 197
209 206 201 198 187 181 160 156 167 167 176 180 186 190 233 231 236 178 151 150 140 147 151 167 196 198 188 187 182 168 190 182 181 176 174 175 176 178 181 187 188 180 179 204 186 205 200 204 212 209 207 201 187 183 195 201 197 197 193 181 187 168 209 204 157 158 157 155 157 161 163 163 178 186 169 168 164 163 167 169 197 178 185 188 191 193 193 193 192 191 188 184 184 188 195 198
229 227 214 187 185 183 170 204 223 224 176 175 176 186 227 233 238 189 162 150 142 141 153 139 169 179 192 183 181 163 187 185 176 175 171 172 178 179 185 187 192 182 184 185 206 199 197 206 208 205 201 195 187 186 200 203 205 205 202 204 192 169 165 211 216 219 213 207 206 191 153 155 158 159 160 161 161 163 167 168 169 176 182 187 191 193 194 192 192 192 190 187 182 184 195 199
227 216 216 191 185 178 175 158 142 229 228 167 169 170 177 235 233 216 180 170 166 156 163 156 141 160 178 174 178 156 191 183 170 172 168 170 178 179 181 183 187 189 190 205 201 195 201 206 212 209 196 194 192 193 203 202 207 212 209 211 218 222 225 212 204 193 187 185 179 139 161 192 152 176 152 155 158 160 160 164 167 172 178 184 190 194 195 194 192 192 192 191 186 182 193 201
172 180 188 181 180 183 183 182 166 138 222 164 167 163 170 182 215 212 185 180 181 170 171 171 147 146 166 171 174 151 187 173 171 170 168 173 175 182 178 180 216 192 190 205 200 201 205 214 214 204 189 197 202 201 200 202 212 216 207 206 214 215 201 194 185 180 190 181 162 185 197 140 144 143 142 146 154 155 215 156 162 165 172 179 187 194 197 196 194 194 195 195 191 181 189 206
167 177 192 192 182 189 185 184 179 160 143 156 177 169 154 205 210 189 179 174 179 173 179 156 163 149 161 162 137 182 179 167 172 174 171 175 181 181 179 189 185 189 188 186 203 203 210 213 208 198 192 205 212 210 203 211 226 208 211 210 208 198 188 187 180 185 198 177 192 188 162 134 136 132 129 133 145 151 148 148 153 158 165 174 184 192 197 198 196 196 198 198 188 175 310 349
165 174 192 195 189 169 179 182 182 176 148 152 174 183 147 206 211 214 169 201 170 166 178 180 177 153 160 156 132 176 171 168 171 171 177 174 180 181 180 195 181 185 186 205 205 208 210 212 204 202 209 218 220 210 206 226 226 200 214 210 199 194 193 199 200 208 217 197 156 160 227 194 181 185 193 205 127 139 145 147 194 153 161 170 179 187 195 199 198 198 200 200 187 166 252 315
186 182 189 196 195 179 176 184 186 181 158 148 161 156 149 143 141 155 160 158 162 159 166 186 180 163 160 153 160 171 170 170 170 165 178 171 177 180 181 193 199 205 183 184 205 209 212 209 203 205 217 223 218 199 211 221 205 201 211 197 190 200 212 208 207 221 238 136 167 234 202 175 175 158 168 185 169 123 132 140 143 148 159 168 174 180 190 198 199 200 201 201 191 175 162 274
209 199 195 198 196 189 182 187 187 182 163 160 134 148 166 174 162 153 158 149 161 166 163 162 170 169 142 156 165 169 172 172 176 187 174 174 172 177 180 191 197 202 181 184 208 210 211 212 212 216 218 215 195 206 215 204 199 200 200 197 195 205 210 200 213 217 218 228 225 209 185 183 191 127 125 207 228 209 208 195 135 144 155 164 169 175 185 195 199 201 202 202 196 184 159 255
243 208 197 198 192 187 181 181 184 180 161 166 168 141 154 171 176 166 167 155 164 169 156 185 156 166 143 157 164 167 172 176 177 183 170 170 169 173 177 194 180 181 183 186 211 211 212 213 221 224 219 211 202 219 199 190 198 200 205 199 197 205 199 194 203 214 218 213 188 223 167 192 191 171 124 232 233 188 176 219 189 139 150 158 164 172 182 190 195 199 202 202 198 185 197 203
216 209 201 196 195 187 187 185 186 184 168 167 183 164 136 152 157 155 170 160 157 168 150 148 150 159 160 160 164 169 173 175 179 184 162 166 169 169 179 175 179 184 187 189 212 213 217 218 222 207 214 206 214 206 191 192 194 210 213 195 199 204 199 201 195 221 223 230 194 193 189 182 178 122 154 173 199 211 146 134 118 131 143 151 159 168 176 182 188 195 199 199 194 188 179 194
198 197 191 195 193 184 185 179 184 182 169 168 184 187 141 128 134 145 162 151 151 157 151 146 147 157 156 154 165 175 174 177 190 180 151 157 163 166 179 171 177 186 190 191 213 212 215 219 212 203 205 199 198 187 188 192 193 207 202 194 204 206 210 201 204 214 208 206 205 172 160 180 205 116 245 208 181 197 209 226 267 116 132 143 153 162 168 174 180 189 196 200 199 199 197 209
183 190 190 221 190 183 182 183 182 183 175 162 170 183 164 145 141 139 147 163 165 160 152 146 163 141 140 154 165 177 174 178 182 175 150 152 157 162 177 170 177 184 189 214 214 221 220 215 203 204 197 195 194 189 190 192 189 189 191 207 217 218 208 204 201 205 201 199 189 168 194 152 220 194 185 191 195 159 115 212 188 201 116 132 143 155 163 168 173 182 196 208 211 210 210 226
217 184 226 226 187 182 186 185 180 186 182 165 168 182 173 152 145 145 147 154 160 163 161 141 128 125 151 154 166 170 168 175 180 177 163 151 154 162 180 173 180 218 212 216 219 213 210 213 209 207 195 193 193 193 195 208 211 216 219 200 198 218 193 189 197 206 198 199 196 201 212 210 202 187 224 201 194 248 109 113 75 239 105 115 127 142 157 167 168 173 198 214 217 217 219 244
214 165 188 191 187 178 181 180 178 185 184 175 164 170 176 163 149 146 145 142 151 160 161 150 131 125 145 154 159 159 171 180 185 181 170 148 150 171 190 175 183 216 217 219 217 220 219 221 211 204 194 194 196 196 198 218 223 225 199 201 200 207 191 213 219 209 205 209 227 195 227 227 223 228 125 274 110 269 296 104 107 103 100 101 108 122 147 186 244 27 110 202 217 265 268 259
216 220 235 188 193 186 170 175 170 184 184 170 163 158 176 173 157 150 148 142 144 158 158 151 142 132 149 156 155 158 175 185 187 182 165 152 165 179 193 210 213 210 211 211 210 214 215 212 206 197 197 197 197 197 197 195 193 196 201 201 212 207 204 209 210 217 202 202 202 208 240 210 207 174 294 102 101 98 301 310 94 95 94 94 96 106 131 209 263 341 14 353 243 289 283 272
191 135 185 187 192 183 169 156 158 181 179 169 171 155 160 161 155 152 153 146 148 157 156 146 141 135 150 165 159 163 178 184 182 171 163 164 172 186 199 205 205 203 204 207 209 210 207 211 212 200 200 199 197 195 195 194 196 198 198 199 198 215 201 203 203 182 211 213 227 221 220 226 241 279 62 25 24 315 54 296 302 351 89 91 92 96 112 207 248 283 338 278 271 268 266 267
162 168 183 180 170 174 184 176 153 155 185 174 191 145 142 152 152 151 153 147 150 154 152 138 129 127 136 162 167 171 180 180 175 171 170 176 184 196 200 202 204 204 205 210 215 218 219 220 209 201 201 200 197 194 193 196 198 198 200 202 205 206 241 212 217 221 222 222 236 228 227 233 239 248 265 274 272 284 290 250 179 75 85 89 88 84 88 166 235 234 221 202 232 241 246 253
184 180 191 177 158 161 162 179 174 165 170 178 179 180 149 150 155 152 150 144 144 149 146 140 117 105 119 149 170 174 181 175 174 177 177 178 190 199 197 202 205 208 213 218 218 216 219 214 201 199 198 201 196 192 194 196 203 204 205 206 209 209 212 215 222 226 244 244 244 244 239 229 200 188 184 168 150 157 165 146 127 108 11 83 80 75 75 93 214 219 198 164 135 259 246 239
226 207 195 186 172 149 152 157 169 165 171 173 170 200 169 152 165 171 169 161 157 158 148 145 125 110 120 142 166 176 181 178 179 182 184 189 200 193 199 206 209 216 223 222 214 211 210 194 196 195 197 201 200 198 205 210 207 204 205 223 226 231 217 243 242 233 226 224 213 210 202 161 148 191 195 190 152 140 140 147 134 82 359 75 74 77 78 83 145 223 216 196 181 243 233 238
250 238 206 197 185 158 138 146 161 153 148 168 158 157 168 154 160 166 174 177 179 177 160 150 131 124 130 144 162 177 182 175 185 189 195 203 201 192 201 212 217 223 228 229 226 216 209 187 191 195 199 204 208 208 208 205 199 199 203 225 232 240 225 243 238 235 236 237 238 236 234 244 258 267 269 281 298 289 211 148 85 122 79 77 83 87 86 85 86 237 232 217 191 234 236 248
250 243 245 194 172 161 151 145 142 168 151 149 154 164 166 148 144 151 160 172 183 188 180 162 138 131 136 145 160 175 180 179 189 196 203 201 194 195 204 210 216 227 234 234 233 226 219 183 187 194 199 203 207 205 201 198 197 200 225 227 230 237 243 247 253 235 239 240 244 248 260 268 278 272 243 227 277 11 88 86 85 82 82 87 93 94 91 86 84 208 239 228 203 131 266 267
237 238 250 245 206 193 173 152 148 146 156 173 185 177 155 146 135 131 135 148 161 170 177 171 141 133 139 145 156 171 179 183 196 200 206 206 204 208 215 221 229 236 238 239 251 243 248 184 183 188 194 199 203 204 201 201 203 208 213 218 222 244 250 258 262 261 263 267 271 269 238 185 151 131 119 253 280 315 14 77 77 9 77 82 87 85 83 82 79 79 263 255 253 347 291 285
236 240 223 246 234 191 181 174 169 166 158 163 160 166 174 147 133 116 105 113 136 150 158 161 155 146 148 151 155 164 177 189 205 207 213 218 221 228 242 252 254 253 258 260 269 278 284 195 181 171 184 200 210 212 211 212 214 217 221 226 234 234 251 248 248 251 253 239 210 207 202 185 159 253 288 303 305 300 312 347 14 352 70 341 74 76 75 75 74 64 313 288 290 321 277 278
135 179 209 205 236 228 170 157 158 155 147 131 139 155 161 176 173 170 168 151 146 145 147 144 147 149 156 158 157 162 175 193 211 216 221 225 232 239 242 246 253 259 264 263 261 271 285 298 327 13 6 331 259 238 235 232 229 229 232 255 253 250 234 232 217 216 211 205 198 196 196 189 236 147 289 298 302 307 318 329 335 66 31 27 67 71 73 70 69 60 7 316 305 322 281 289
157 168 192 199 234 236 225 160 153 143 129 111 115 126 138 146 150 149 147 140 134 136 132 128 120 122 147 156 159 165 179 197 217 218 217 220 222 217 220 226 231 239 247 257 272 271 271 285 309 345 348 351 338 310 288 273 260 252 247 246 243 242 241 257 235 209 201 194 189 231 198 197 186 174 121 80 72 70 5 65 63 38 24 21 67 69 72 71 69 64 33 338 315 332 294 293
144 157 182 188 185 199 182 158 145 135 102 102 104 101 108 117 119 121 115 104 99 107 109 98 96 94 95 132 145 165 191 234 246 239 236 237 235 230 231 234 231 241 246 255 258 298 312 283 293 315 331 347 342 345 329 315 306 299 291 282 249 242 236 230 224 213 200 192 189 192 201 201 255 194 180 129 87 74 69 66 64 25 35 335 3 72 78 75 75 72 64 56 281 317 273 269
216 221 187 186 181 203 226 230 69 30 61 70 68 65 65 73 78 76 71 70 71 72 75 75 70 65 68 80 84 81 252 269 282 291 295 294 285 246 246 279 273 267 258 261 271 284 294 314 276 301 312 328 328 340 341 338 335 333 329 326 322 321 322 323 296 326 308 308 259 234 226 212 202 196 188 177 148 102 81 69 65 61 59 58 58 34 78 77 78 81 87 124 205 229 85 262
215 177 181 192 198 228 230 298 322 40 54 50 52 56 57 60 60 56 53 56 56 52 61 66 57 53 59 64 49 38 3 314 308 313 320 322 319 319 322 303 296 305 294 285 290 293 295 289 289 291 297 305 309 313 319 332 332 333 338 338 340 340 339 338 339 342 346 355 358 359 359 1 1 358 155 168 167 144 105 78 65 60 58 58 58 338 68 76 74 77 86 107 177 205 149 256
221 139 220 267 243 242 243 305 320 2 45 55 66 63 53 51 46 39 34 37 41 48 59 57 46 46 51 55 53 46 18 333 321 323 321 316 318 321 325 336 331 329 331 331 332 334 332 331 333 317 317 318 310 305 341 338 300 296 336 301 313 337 342 340 341 341 343 351 356 358 359 3 6 13 21 32 45 96 112 101 74 61 57 56 57 7 42 71 72 72 75 80 99 210 171 124
220 240 303 309 260 258 261 328 331 13 41 44 42 33 30 32 28 25 30 42 48 53 53 40 33 37 45 48 47 42 15 337 317 313 308 312 319 323 323 322 330 327 325 327 328 333 341 342 336 337 334 339 345 336 330 328 327 326 341 342 328 339 340 337 337 337 335 326 323 324 328 341 359 4 8 14 28 34 53 81 89 66 59 57 55 54 23 54 75 75 71 68 65 96 158 129
220 20 1 325 301 272 342 344 345 0 23 31 24 16 14 15 18 27 39 43 47 47 37 25 29 35 41 41 37 29 11 346 331 317 309 311 317 320 320 319 321 327 327 326 321 319 322 328 334 346 338 339 347 347 344 349 350 345 345 341 350 339 329 288 310 321 327 331 330 338 340 339 345 353 359 322 356 21 35 41 53 55 57 58 59 58 58 8 51 77 72 67 67 78 102 105
241 237 85 273 268 278 349 335 345 13 16 358 339 346 355 5 13 20 26 34 38 30 22 18 25 30 33 31 29 22 10 351 343 334 326 315 314 315 317 317 316 318 320 316 310 312 319 325 328 332 334 333 339 341 341 340 335 330 310 301 306 338 347 340 338 339 335 334 358 345 4 9 13 16 19 17 6 349 5 34 36 37 46 56 61 63 61 61 64 70 72 67 64 70 81 78
255 260 267 300 301 311 328 337 346 340 333 324 334 349 353 4 2 6 15 22 27 22 18 16 18 23 23 21 22 18 11 356 346 337 334 334 321 316 317 319 318 312 302 306 308 314 321 333 337 338 334 331 329 329 323 316 327 348 348 344 349 1 1 356 354 355 1 5 4 4 10 16 21 22 22 22 24 29 343 22 36 35 35 50 59 64 64 63 62 62 67 67 22 58 360 342
