examples/cougarCreek-fire/createInputs/WindNinja/wrfout_d3.2015080912.f20/cougarCreekFire_08-10-2015_0800_217m_non_neutral_stability_vel.asc
ncols	146
nrows	140
xllcorner	610065.000000
yllcorner	5095217.000000
cellsize	216.586807
NODATA_value	-9999.000000
[rows 70 to 104 of 140, columns 0 to 78 of 146]
7.21 4.09 17.21 34.72 42.44 41.25 38.29 36.86 37.63 37.80 38.68 37.31 36.60 35.87 33.89 25.24 19.52 13.21 22.55 24.04 21.63 19.27 14.02 12.15 7.74 6.02 15.83 19.11 21.91 17.82 14.32 16.02 16.22 15.49 16.40 15.21 15.60 16.49 15.03 10.11 9.40 9.67 9.32 8.38 7.55 7.80 14.10 13.22 12.70 10.02 8.84 10.63 11.29 11.08 9.77 7.39 3.07 9.41 10.77 15.28 17.90 18.52 18.30 17.83 17.02 16.37 16.43 12.77 15.45 14.08 14.36 15.23 11.66 11.92 11.40 10.72 9.55 8.74 14.79
4.91 8.78 27.02 35.71 44.26 41.28 37.29 34.89 35.66 36.95 36.11 34.79 34.50 35.46 32.22 21.08 16.06 11.65 21.39 22.13 20.76 16.66 11.45 10.39 4.54 7.42 14.33 20.04 21.38 16.25 14.98 17.02 14.64 14.31 14.46 14.94 15.14 15.09 14.15 9.50 10.40 13.15 7.13 12.96 6.27 6.59 7.33 12.89 13.57 12.57 9.02 7.27 9.21 10.01 10.45 6.41 6.06 2.32 10.02 13.32 15.99 18.40 19.15 18.15 16.79 16.18 15.81 15.70 10.65 13.84 13.49 14.61 10.71 9.40 9.28 10.59 11.41 9.97 9.20
10.47 22.18 38.14 39.91 44.15 40.47 37.51 34.97 35.71 35.88 34.24 33.16 33.75 33.46 28.72 16.90 12.68 9.53 19.61 21.08 20.34 12.14 9.46 10.32 4.45 13.00 15.25 19.99 17.52 14.56 15.62 17.22 13.93 13.40 11.23 13.08 14.55 15.12 12.37 8.74 9.74 13.06 5.76 6.11 6.56 6.24 12.50 7.26 9.26 8.09 7.02 6.01 8.58 8.55 6.07 6.18 8.66 11.61 4.68 12.57 15.00 17.17 18.66 18.24 16.57 15.90 16.07 15.83 15.13 14.26 10.93 11.45 9.38 7.43 7.12 15.01 13.00 12.09 12.06
27.43 36.04 40.29 42.75 42.75 39.66 37.67 35.48 36.12 34.69 33.16 32.27 33.16 33.62 29.95 20.24 12.16 8.84 16.47 20.77 17.26 8.63 10.51 10.50 5.11 15.65 17.75 17.34 13.67 14.05 17.77 17.19 14.13 12.48 9.49 12.52 14.16 13.52 11.88 8.11 9.15 13.45 6.33 6.74 10.84 6.22 5.96 13.64 12.60 12.88 5.60 5.33 7.80 8.78 8.37 8.25 8.63 13.51 11.86 12.62 15.64 17.08 17.73 17.60 15.84 14.86 15.59 16.02 15.16 14.36 8.41 8.28 8.87 8.80 8.21 9.92 13.22 12.36 13.21
33.01 36.40 41.58 41.78 41.46 39.07 36.54 35.71 35.38 33.36 31.92 31.68 32.21 35.79 34.20 23.82 14.09 4.10 13.05 21.43 12.30 13.84 11.07 9.21 13.51 17.94 18.17 14.27 14.84 16.72 19.37 17.10 16.23 9.14 10.67 13.34 14.65 13.62 12.13 8.05 7.85 12.66 12.56 6.49 6.37 5.92 5.18 11.34 12.70 8.42 9.36 7.34 5.96 8.66 9.80 7.51 9.83 15.02 13.79 12.40 15.85 16.54 16.72 16.61 15.33 13.96 14.42 12.44 11.91 13.09 13.33 12.04 12.35 12.08 10.56 10.47 12.61 12.48 12.81
39.70 38.46 37.93 41.66 40.56 37.79 35.49 35.00 33.75 30.51 29.13 34.33 34.14 35.56 34.01 24.17 15.39 8.96 16.08 19.44 10.16 14.65 12.04 9.64 17.08 13.72 16.52 14.42 16.89 16.79 17.49 17.83 11.02 9.93 13.17 15.13 12.92 13.52 11.54 8.66 7.68 13.93 11.94 5.02 4.97 11.93 3.78 2.41 11.64 4.39 8.76 6.99 5.80 7.52 10.27 9.83 9.08 5.74 7.34 5.08 14.60 15.22 15.86 15.66 14.99 13.71 13.61 14.77 10.06 11.91 14.33 14.03 13.17 12.84 12.95 11.92 11.78 13.58 12.45
38.44 36.99 41.48 42.48 39.94 36.56 33.63 34.03 31.58 30.16 31.73 34.50 34.09 33.03 30.89 22.58 11.26 6.65 15.23 15.68 10.46 15.37 12.64 20.10 12.64 16.16 14.39 15.13 17.90 14.86 15.51 17.30 10.68 11.26 14.78 11.48 13.39 10.07 9.89 7.54 7.40 12.08 12.16 4.87 3.64 3.25 10.28 3.78 8.93 7.22 7.68 6.82 7.47 7.96 8.59 10.24 7.42 5.15 7.21 6.35 14.22 14.90 15.36 15.13 14.64 13.75 13.18 9.91 14.18 9.45 12.93 14.03 14.20 13.35 15.11 15.79 11.21 13.05 14.07
40.37 38.38 42.04 41.83 38.33 33.98 31.62 33.28 28.23 29.59 31.25 33.67 32.08 32.99 27.78 20.28 8.84 8.29 13.37 11.85 10.30 12.97 14.76 14.56 21.89 14.80 14.32 15.45 15.60 12.24 13.51 16.37 10.81 12.41 14.62 11.43 12.98 9.65 7.51 6.38 8.68 10.45 9.92 3.79 3.22 3.63 7.82 3.45 5.14 6.10 6.40 6.61 7.63 8.47 8.58 9.95 6.21 8.36 14.90 14.72 8.82 14.70 14.67 14.71 14.40 10.52 10.04 9.88 8.62 8.26 10.49 12.68 14.71 13.98 16.42 13.56 13.12 13.22 12.60
38.00 37.87 41.22 40.36 36.12 31.96 31.92 32.92 27.76 30.24 31.83 32.76 30.64 32.97 26.10 19.53 7.83 8.76 10.14 9.69 14.74 22.96 16.50 21.38 18.64 15.58 15.87 14.77 14.29 10.99 13.75 16.54 12.76 13.90 15.56 11.30 13.27 9.59 5.43 5.93 10.60 10.93 7.92 3.42 2.16 4.03 0.08 5.76 4.04 5.05 5.34 5.71 8.21 9.42 9.96 10.09 4.21 6.17 6.98 8.60 6.34 14.71 14.16 14.29 14.20 10.22 12.63 8.33 12.87 13.39 13.29 7.02 11.07 12.50 16.95 13.22 13.19 12.57 12.08
38.54 37.48 40.45 39.23 35.22 30.00 31.88 32.39 28.04 30.54 29.01 31.56 28.55 28.72 24.53 25.56 11.05 22.52 9.64 22.02 22.97 24.59 19.82 21.10 16.56 14.26 14.23 12.30 13.83 11.40 10.54 16.91 16.11 12.65 16.77 12.40 9.11 9.30 4.19 6.32 9.15 11.73 9.60 3.18 4.63 5.50 2.28 4.11 4.85 3.96 4.61 3.63 6.48 9.21 11.65 12.94 14.72 3.78 9.16 7.82 14.96 4.87 12.64 14.34 13.51 12.95 12.49 11.90 12.35 13.24 13.53 13.37 13.05 8.88 15.19 16.78 12.06 11.47 11.50
36.20 36.45 39.85 39.69 34.37 28.80 30.19 30.42 28.17 26.93 30.23 27.97 29.68 28.04 22.94 13.67 23.37 23.45 23.48 23.86 24.58 14.57 24.59 20.33 15.44 12.89 11.90 8.82 12.39 13.62 10.42 15.14 15.74 10.15 16.06 12.92 9.98 7.60 5.30 7.25 9.90 6.60 10.98 7.92 1.75 2.18 3.90 9.15 9.85 9.73 3.93 1.71 7.12 9.25 9.64 11.47 13.30 12.98 12.26 13.52 14.77 14.28 13.76 6.87 12.24 11.67 12.02 11.76 11.96 12.70 13.03 13.28 13.08 12.87 8.12 13.29 10.84 10.43 12.42
36.36 35.57 39.13 36.45 31.74 27.37 28.24 29.35 30.08 28.87 28.03 28.05 30.43 28.12 22.55 11.91 24.67 24.12 24.69 25.68 16.11 23.52 23.86 19.73 15.68 15.04 8.15 8.98 13.97 17.49 9.74 11.44 11.45 12.40 15.55 14.82 10.16 6.31 7.15 10.10 9.20 6.52 7.67 9.33 8.13 3.83 4.81 10.05 10.39 9.86 11.02 1.33 11.06 7.92 8.27 10.90 12.67 11.88 11.72 13.46 14.81 14.31 13.57 12.86 10.59 10.84 11.30 11.85 11.79 12.08 12.50 8.30 12.64 12.56 12.35 11.79 10.65 10.16 10.90
35.84 34.88 38.28 38.02 29.45 28.00 27.53 31.71 31.19 30.43 26.44 26.76 29.70 27.02 22.80 12.88 24.51 24.70 25.36 15.62 18.02 24.95 23.28 19.70 16.32 13.69 6.45 18.53 15.41 17.70 10.10 10.18 11.10 14.89 14.67 13.23 9.43 8.09 9.13 11.02 7.51 8.58 7.89 7.30 7.40 4.37 5.86 11.83 12.13 1.27 5.99 11.84 9.13 7.51 7.96 10.10 12.46 12.66 12.41 13.88 7.99 13.59 12.69 12.16 11.40 10.87 11.18 10.21 11.53 8.12 11.87 11.77 13.72 11.78 11.71 11.52 14.87 10.25 15.02
33.64 33.85 37.57 35.34 29.59 28.78 26.66 31.00 30.85 29.31 25.50 26.86 28.42 25.14 20.79 23.78 24.20 24.58 25.06 17.82 20.15 24.61 22.43 19.33 19.54 7.78 8.92 10.68 14.24 16.84 8.07 9.36 15.27 13.02 9.71 11.64 7.39 8.68 7.54 9.18 9.65 9.33 7.23 6.95 6.03 5.32 4.21 12.27 12.99 1.75 4.07 5.54 10.24 8.75 8.56 8.44 11.15 8.64 8.54 13.77 13.51 7.59 11.64 11.35 11.46 3.46 11.47 11.40 11.25 11.10 11.21 11.10 14.30 12.63 7.52 11.21 8.39 13.73 13.64
34.40 33.50 36.10 32.00 29.29 28.01 30.46 30.05 29.41 24.62 25.48 27.80 29.86 24.68 22.98 23.82 24.20 24.00 14.52 18.65 24.48 23.82 21.92 19.29 17.33 7.53 7.58 9.12 12.68 17.98 10.73 10.87 16.28 11.38 8.78 6.95 5.84 7.27 6.08 15.18 14.90 14.83 11.85 7.08 4.20 6.54 3.26 11.28 12.35 4.73 5.14 12.07 10.56 10.10 9.04 8.76 11.06 13.47 13.84 13.13 12.47 8.31 10.91 7.47 11.26 12.38 10.78 11.91 9.73 10.71 10.69 10.70 9.24 14.18 11.65 9.72 8.41 11.95 12.53
35.03 33.33 34.01 30.71 29.90 27.99 24.86 26.39 26.79 25.22 26.00 28.12 27.37 26.83 15.83 23.31 16.07 14.09 17.40 21.56 23.98 22.53 21.26 20.13 16.82 6.41 7.03 8.75 11.15 18.44 14.38 8.18 13.43 14.05 8.28 5.40 5.34 6.23 7.54 14.71 14.73 14.19 12.73 4.01 3.10 4.43 3.01 7.71 11.85 12.32 3.09 4.11 12.06 11.11 10.62 11.76 7.08 13.24 12.88 12.28 12.01 7.42 10.46 10.38 10.96 9.33 7.82 10.59 11.08 9.13 7.60 10.53 2.72 7.77 12.24 9.32 9.20 10.26 5.54
36.96 33.29 31.92 30.27 31.12 27.54 24.11 24.98 23.15 24.42 26.00 27.26 25.16 22.61 16.92 15.48 16.17 18.36 22.41 23.21 23.39 21.77 20.26 20.06 13.88 8.74 6.55 8.10 9.52 15.80 14.14 9.96 10.62 15.40 8.55 5.80 5.52 2.80 13.60 14.72 16.07 15.36 12.02 3.00 0.72 4.70 3.29 11.81 12.56 13.40 0.68 1.37 4.88 12.79 12.98 13.79 13.65 7.61 12.41 12.04 11.76 11.04 10.21 10.45 8.17 13.49 8.37 9.25 11.14 11.39 9.30 9.80 7.25 5.93 8.70 10.60 10.75 12.04 3.74
36.58 31.80 29.83 29.95 30.81 26.60 27.23 26.08 24.93 23.96 25.38 25.70 22.83 23.41 20.05 16.15 15.77 22.69 21.58 22.24 21.81 20.91 19.96 15.48 10.38 6.21 6.30 7.24 7.58 10.10 9.78 11.94 13.41 17.63 13.07 6.04 6.92 2.64 4.75 14.09 15.96 15.38 12.24 1.64 4.83 4.49 1.46 13.46 8.03 7.62 3.22 1.62 7.86 14.74 14.73 14.30 13.55 12.97 12.69 6.34 5.07 5.84 10.27 10.00 9.08 11.07 9.42 8.50 9.95 10.74 12.44 8.44 6.53 10.30 10.33 4.97 4.42 8.65 10.98
34.92 30.42 31.25 32.25 29.06 28.75 25.31 22.89 24.18 23.58 24.64 24.45 21.19 23.60 21.89 16.40 16.87 20.98 20.72 21.42 20.47 19.47 19.08 14.15 6.75 5.77 9.43 9.32 6.40 7.41 8.90 9.25 12.46 18.95 16.30 6.95 7.50 4.90 15.28 14.66 16.02 16.63 15.36 3.26 7.80 3.43 1.84 3.80 9.23 17.29 7.24 1.41 16.80 2.75 8.99 14.76 5.93 6.33 13.27 5.05 4.82 4.80 3.79 10.49 6.78 10.71 8.53 7.75 8.89 9.44 10.44 9.63 9.06 10.10 10.20 10.45 10.92 10.70 10.69
29.20 29.28 32.88 32.55 27.44 28.67 25.56 22.54 23.45 22.76 23.70 24.93 20.61 18.74 21.02 14.88 18.20 20.92 20.10 20.47 19.70 18.69 17.89 8.84 5.15 19.58 20.08 13.99 8.26 7.55 19.80 9.24 10.88 18.13 18.00 6.83 7.04 6.64 19.22 18.64 19.16 6.20 19.15 4.34 11.44 5.48 4.56 6.82 12.51 12.00 10.31 3.08 16.80 16.09 7.71 15.11 6.98 7.07 6.26 4.69 4.01 4.39 3.35 2.80 5.47 4.47 8.72 7.20 8.67 9.17 7.99 10.93 11.02 9.37 4.83 7.34 5.74 1.67 11.55
27.55 27.68 31.98 31.05 26.20 25.60 23.30 22.41 22.86 22.03 22.95 24.01 20.17 17.57 21.72 22.36 19.16 20.63 19.59 19.51 18.86 18.32 17.03 5.29 18.63 19.15 19.67 7.54 10.19 7.62 6.57 9.21 9.43 14.39 17.78 12.61 7.67 8.24 21.65 21.72 21.57 14.20 21.59 9.92 10.80 10.29 7.90 14.99 19.17 19.00 12.43 6.15 16.61 15.75 15.20 7.25 14.80 7.31 13.55 13.06 0.70 4.58 11.48 3.56 5.38 5.83 9.41 8.84 9.97 10.07 11.95 9.37 9.61 8.75 9.07 7.66 6.81 7.04 6.44
25.46 26.53 31.39 30.06 26.33 24.72 22.54 23.07 22.42 21.97 23.03 22.43 19.25 17.08 18.58 16.77 20.36 19.53 18.69 18.46 17.75 17.36 10.68 4.73 18.18 19.01 5.82 6.78 6.00 7.93 8.90 10.61 11.26 11.92 15.01 10.61 8.15 8.12 21.86 12.00 14.61 9.72 22.41 8.89 7.64 7.98 13.16 18.59 18.47 18.23 17.68 17.17 9.50 10.88 10.23 7.70 8.13 6.89 4.59 13.26 1.71 3.14 3.14 0.55 6.54 8.75 8.02 2.72 3.63 4.19 3.16 10.39 9.09 8.30 12.01 6.77 7.22 7.71 6.50
28.85 23.07 31.08 31.13 28.31 28.40 21.55 21.67 22.58 21.88 23.26 26.33 18.42 20.64 18.24 20.29 20.07 21.16 17.61 17.25 16.38 14.99 6.09 17.65 17.13 18.41 11.20 7.10 5.25 5.67 12.79 13.71 12.68 12.10 11.89 7.54 6.45 12.32 11.55 20.43 11.81 6.79 20.37 19.20 18.88 12.33 13.54 13.66 18.27 18.03 17.56 17.25 8.65 17.10 16.72 5.04 6.59 6.67 3.65 5.85 2.70 3.54 2.40 2.25 7.77 7.73 7.02 10.62 4.09 4.33 3.57 10.57 9.02 7.71 7.41 5.04 10.77 8.71 8.22
27.83 28.79 28.32 26.57 28.55 29.83 19.84 21.60 20.79 21.25 19.68 23.60 18.30 18.57 18.60 19.48 16.45 15.62 16.83 16.28 15.52 14.03 7.02 2.25 16.59 17.49 9.38 6.29 5.82 8.44 11.95 13.94 11.35 7.46 5.51 11.32 18.19 18.49 18.72 18.02 17.37 17.88 18.21 17.67 17.18 12.43 12.11 18.21 18.17 18.08 18.41 6.49 7.24 17.24 16.09 15.19 8.62 7.01 3.51 4.51 3.02 1.66 3.83 5.41 4.19 6.35 6.39 2.55 10.13 3.58 3.08 12.31 8.51 7.38 6.52 8.42 6.75 1.23 10.71
27.37 28.73 27.90 24.65 30.04 28.88 19.13 20.49 19.98 20.19 21.59 19.89 19.35 18.02 18.01 18.42 15.74 15.28 16.93 15.83 15.42 13.48 8.04 3.58 16.61 16.90 7.12 9.31 12.05 9.28 7.86 12.37 5.76 5.41 17.14 17.14 17.09 17.44 17.94 17.36 16.38 16.49 17.28 17.77 17.58 17.13 17.05 17.39 17.54 17.53 17.88 8.13 8.86 16.58 15.41 14.54 10.22 13.13 7.27 2.88 3.35 2.41 7.44 10.12 9.07 6.40 8.87 6.54 11.18 4.31 4.44 11.23 7.63 7.54 8.72 9.56 10.83 7.47 4.12
24.14 28.38 33.32 22.82 28.37 26.86 19.17 13.17 19.30 12.96 17.51 17.82 16.77 18.95 17.11 17.91 17.57 13.68 17.00 15.25 15.14 14.49 7.47 16.72 16.40 16.59 8.89 12.08 15.52 2.94 17.20 7.60 4.64 7.43 15.82 16.40 16.70 16.75 16.91 16.95 16.91 16.69 16.58 16.87 16.89 16.44 16.15 16.31 16.49 16.43 16.18 15.80 15.24 14.84 14.59 14.06 13.19 12.41 11.84 11.63 2.34 4.22 7.21 9.15 8.77 8.81 8.72 4.72 5.25 5.48 4.61 5.43 7.63 7.86 10.94 13.25 9.40 9.55 10.43
27.27 26.88 31.07 28.86 27.15 24.54 18.36 13.23 13.28 14.51 17.84 19.66 16.68 17.81 17.89 17.14 15.66 11.43 16.49 14.01 13.40 5.22 15.87 16.03 16.13 15.74 11.80 11.70 6.78 3.97 5.54 4.51 5.34 14.36 14.32 14.65 14.91 14.89 14.99 15.43 15.83 15.93 15.70 15.55 15.54 15.37 15.14 15.15 15.19 15.00 14.66 14.13 13.72 13.61 13.38 12.87 12.23 11.67 11.17 10.73 8.28 5.97 8.94 8.66 6.50 8.26 7.65 7.17 7.04 6.06 5.73 5.76 2.62 7.61 11.59 10.64 8.97 9.35 10.18
26.75 25.33 30.76 27.61 26.13 18.79 15.25 17.18 13.93 15.59 16.29 15.54 15.18 18.22 14.95 19.19 14.21 14.94 15.96 17.36 12.52 13.47 14.59 15.48 16.14 11.94 14.30 7.81 4.33 13.77 4.33 13.23 13.53 13.33 13.12 13.32 13.42 13.39 13.63 14.02 14.24 14.44 14.47 14.22 14.13 14.27 14.29 14.09 14.02 14.04 13.82 13.47 13.21 12.99 12.51 11.89 11.34 10.84 10.39 9.85 9.25 8.85 8.73 8.59 8.23 7.76 7.43 7.08 6.88 6.88 6.65 6.24 6.45 5.01 3.28 11.15 13.91 9.30 9.88
27.44 24.45 20.87 25.81 25.75 17.50 15.63 16.62 16.13 16.62 15.06 10.31 16.25 18.82 14.60 14.54 18.22 15.91 15.81 9.30 13.16 13.32 13.50 13.94 9.06 13.38 10.44 13.87 3.64 3.49 4.02 13.15 13.16 12.91 12.53 12.58 12.73 12.71 12.81 13.11 13.29 13.07 12.91 12.94 13.00 13.15 13.26 13.22 13.25 13.24 13.06 12.85 12.65 12.23 11.60 11.00 10.55 10.14 9.70 9.22 8.72 8.34 8.18 7.97 7.57 7.17 6.87 6.55 6.31 9.98 5.91 5.90 6.65 6.94 6.39 11.62 11.88 9.12 9.59
25.84 28.78 19.35 25.19 16.32 17.72 21.89 16.02 15.65 17.60 15.21 15.35 16.70 22.46 14.04 20.64 19.04 19.37 15.44 13.02 12.74 2.15 13.07 12.67 12.99 10.68 6.55 6.18 8.33 4.68 2.91 0.68 12.85 12.31 11.68 11.39 11.54 11.46 11.35 11.83 12.05 11.42 11.25 11.57 11.75 11.84 12.03 12.21 12.19 12.01 11.89 11.80 11.57 11.10 10.53 10.07 9.69 9.32 8.90 8.49 8.10 7.69 7.29 6.99 6.78 6.53 6.32 6.15 5.93 5.76 5.74 6.15 5.80 4.77 4.76 5.24 9.59 12.04 8.58
21.14 24.24 18.56 23.67 15.55 16.79 21.81 12.51 21.44 14.74 14.71 15.73 17.64 14.37 18.97 12.29 15.40 17.43 14.56 13.34 12.33 12.34 12.34 12.46 5.39 5.10 6.17 9.42 10.95 4.08 13.21 12.65 12.22 11.59 10.92 10.28 10.03 9.85 9.37 9.15 8.82 8.58 9.32 10.08 10.42 10.57 10.78 10.99 11.02 10.80 10.71 10.70 10.46 10.12 9.65 9.16 8.79 8.53 8.30 7.97 7.55 7.08 6.59 13.51 5.98 5.89 5.94 5.81 5.53 5.43 5.69 6.24 6.91 7.31 7.77 3.75 4.45 5.94 7.76
19.88 19.08 17.39 17.68 15.34 19.94 17.75 14.65 14.26 19.85 14.45 15.07 16.31 17.36 19.90 19.86 14.55 16.71 14.22 13.96 13.18 12.24 11.41 11.27 12.09 12.62 6.84 10.86 11.40 1.77 12.90 12.09 11.63 11.13 10.53 9.78 9.09 8.53 7.35 6.29 5.72 6.36 7.82 8.70 9.34 9.59 9.67 9.73 9.69 9.69 9.81 9.69 9.48 9.41 9.20 8.80 8.46 8.19 7.87 7.46 6.99 6.57 6.27 5.98 5.67 5.49 5.45 5.23 4.91 4.94 5.42 5.97 6.94 6.94 7.42 6.29 3.97 4.62 9.01
19.15 17.38 15.47 15.99 15.72 16.79 15.03 17.09 20.38 15.82 13.19 16.59 15.83 16.97 15.98 11.39 12.40 19.23 15.84 15.04 13.41 5.43 2.35 11.52 11.69 11.66 5.81 9.97 5.93 12.68 12.46 11.55 11.12 10.88 10.36 9.68 9.01 8.08 6.75 5.78 5.56 6.72 7.84 8.30 8.70 8.94 8.90 8.70 8.52 8.55 8.66 8.66 8.78 9.04 9.08 8.83 8.56 8.27 7.81 7.18 6.53 6.04 5.79 5.53 5.13 4.76 11.68 11.25 10.07 11.39 10.93 10.72 10.33 8.54 5.10 4.08 4.20 3.17 4.88
18.99 17.52 15.56 14.47 16.13 14.94 22.85 19.14 15.72 11.28 11.81 8.73 13.77 17.53 13.41 9.45 12.41 17.85 11.31 14.57 6.17 12.02 7.26 7.08 5.18 3.87 6.09 9.18 4.91 12.49 4.23 4.02 11.07 10.74 10.31 9.79 9.31 8.69 7.98 7.69 7.72 7.81 7.87 7.99 8.13 8.19 8.18 8.04 7.87 7.78 7.78 8.03 8.32 8.57 8.73 8.52 8.19 7.96 7.60 6.89 6.08 5.45 12.06 4.48 4.02 10.93 11.68 10.78 9.26 9.56 9.64 9.84 9.12 8.73 6.75 4.79 4.49 6.99 5.52
17.94 16.12 13.27 11.66 13.23 14.53 13.45 20.38 15.19 11.68 11.53 12.55 13.11 18.17 12.55 14.57 16.21 17.68 10.96 14.29 10.45 6.77 5.20 11.96 8.54 3.28 6.37 10.90 4.63 4.52 9.89 5.42 11.26 10.61 10.21 9.84 9.63 9.55 9.32 9.04 8.65 8.05 7.39 7.04 7.02 7.12 7.19 7.20 7.21 7.29 7.49 7.71 7.81 7.92 8.01 7.80 7.51 7.23 6.88 6.34 5.53 4.78 4.14 3.56 3.16 11.66 11.42 10.05 2.67 3.23 8.60 8.18 7.66 6.72 6.87 6.03 3.94 4.73 5.78
