examples/cougarCreek-fire/createInputs/WindNinja/wrfout_d3.2015080912.f20/cougarCreekFire_08-10-2015_0800_217m_non_neutral_stability_vel.asc
ncols	146
nrows	140
xllcorner	610065.000000
yllcorner	5095217.000000
cellsize	216.586807
NODATA_value	-9999.000000
[rows 105 to 139 of 140, columns 0 to 78 of 146]
15.52 13.84 11.54 10.52 10.27 12.60 20.07 12.70 11.55 7.49 12.41 12.14 12.11 14.89 12.07 11.47 15.83 17.46 10.51 14.22 5.26 10.93 10.90 9.02 10.50 10.86 4.23 10.10 5.67 5.13 11.04 11.26 11.01 10.46 10.03 9.67 9.58 9.68 9.48 8.96 8.34 7.79 7.28 6.80 6.52 6.46 6.46 6.49 6.50 6.48 6.55 6.71 6.85 6.95 7.06 6.87 6.57 6.39 6.15 5.69 4.86 3.96 3.49 3.26 9.48 9.94 10.18 2.28 2.50 3.09 4.01 7.93 7.51 6.89 6.35 6.17 5.31 3.88 2.62
14.28 13.40 12.05 11.05 10.33 11.25 13.18 13.16 15.90 12.09 8.95 12.07 19.18 8.39 11.70 9.63 16.12 17.09 9.75 17.72 6.05 1.59 3.62 10.40 10.11 3.17 10.82 9.53 7.33 10.32 10.37 10.47 10.20 9.93 9.75 9.42 9.16 9.18 9.02 8.49 7.83 7.31 7.07 6.93 6.70 6.44 6.24 6.08 5.78 5.42 5.19 5.20 5.34 5.40 5.28 4.83 5.02 5.50 5.50 5.14 4.37 3.41 3.09 3.19 2.99 2.40 1.96 1.95 2.25 3.00 3.88 4.65 5.23 6.24 6.39 6.90 6.31 6.46 4.78
13.01 13.47 12.81 12.04 11.56 11.72 11.88 11.76 13.24 11.68 8.66 17.86 15.75 11.64 19.14 13.47 8.80 8.79 9.07 8.71 2.80 2.38 10.76 10.06 9.77 10.42 10.11 12.20 10.14 10.00 9.94 10.03 9.70 9.59 9.56 9.13 7.66 8.67 7.55 7.65 7.33 6.89 6.47 6.24 6.09 5.94 5.72 5.43 5.08 4.76 4.50 4.29 4.10 4.12 4.11 3.14 3.55 4.63 5.02 4.77 4.00 3.04 2.72 2.74 2.43 1.65 10.87 10.47 10.56 9.90 9.59 8.35 7.25 6.45 6.05 5.32 4.89 4.69 3.08
12.09 12.43 12.23 11.76 11.16 10.58 10.22 10.40 10.63 18.04 9.46 13.05 11.56 13.48 13.42 11.40 15.04 14.52 12.50 14.50 4.50 10.22 2.21 5.75 5.25 7.60 7.41 6.43 10.45 7.48 9.58 9.91 9.46 9.95 9.49 5.49 8.74 8.23 7.30 6.75 6.70 6.43 5.96 5.55 5.22 8.81 4.87 4.73 4.64 4.61 4.56 4.31 3.91 4.41 4.38 3.21 3.19 4.24 4.78 4.48 3.59 2.50 2.02 1.99 2.00 10.81 10.69 10.16 9.93 9.42 9.21 4.46 7.13 6.66 6.42 5.83 5.21 4.65 4.50
11.30 11.60 11.86 11.35 10.33 9.32 8.92 9.44 8.97 9.80 8.05 9.74 12.52 14.83 13.65 15.67 9.28 14.22 11.76 10.16 2.46 2.43 5.03 11.62 4.43 9.72 10.64 9.92 10.33 11.27 10.29 10.64 10.07 9.88 2.96 9.27 4.02 8.53 7.51 6.84 6.45 6.06 5.63 5.27 8.73 4.52 4.34 4.38 4.44 4.40 4.38 4.30 4.57 5.34 5.13 4.04 3.64 4.43 4.66 4.06 3.01 1.74 1.13 1.62 2.05 1.04 10.13 9.97 10.09 3.04 8.10 4.75 7.03 5.60 6.00 5.77 5.28 5.07 4.81
12.18 12.07 12.01 10.91 10.08 9.44 9.06 9.10 8.40 8.69 7.37 9.58 15.66 9.79 9.74 16.18 14.04 6.19 9.66 14.54 2.01 6.48 13.66 12.04 6.42 6.35 11.74 5.39 11.51 11.46 8.10 9.22 3.03 4.59 3.77 4.90 3.25 8.59 4.75 7.29 6.66 6.09 5.54 7.83 8.03 7.41 3.99 3.80 3.75 3.62 3.49 3.64 4.49 5.38 5.10 4.55 4.70 5.08 4.83 4.04 3.03 2.08 1.93 2.52 2.67 1.60 9.47 9.09 9.43 9.10 8.93 8.58 8.14 8.01 5.91 4.13 4.54 4.42 3.36
11.83 10.90 9.34 9.07 9.14 8.99 9.18 8.94 7.42 7.95 8.22 8.98 8.95 9.22 14.39 16.79 6.75 7.44 8.20 9.34 10.16 10.03 9.96 12.57 7.04 7.04 7.41 9.85 11.67 9.40 3.04 8.60 4.56 3.40 3.83 2.67 8.41 7.89 7.55 6.16 6.75 7.33 7.63 7.44 6.94 7.16 3.90 3.27 3.02 2.91 2.90 3.16 4.16 5.14 5.39 5.81 6.07 5.63 4.90 4.20 3.41 2.71 2.62 2.94 2.55 11.08 9.95 9.21 8.73 8.38 8.60 7.34 5.93 6.64 6.65 5.46 5.10 4.18 4.20
10.67 9.64 8.09 7.25 8.68 8.07 7.63 7.33 6.96 7.30 13.04 7.47 9.30 14.28 14.35 15.43 6.94 6.99 8.03 8.64 8.95 8.79 8.80 9.70 4.67 4.31 5.78 8.19 8.56 6.01 3.22 3.60 4.23 8.17 3.73 5.17 8.02 7.47 5.35 5.63 7.17 7.20 7.46 7.77 7.48 4.88 4.24 3.51 3.19 3.16 3.42 4.21 5.45 6.40 6.83 6.95 6.26 5.28 4.62 4.17 3.56 2.94 2.78 2.75 1.95 1.02 1.52 2.40 9.25 8.95 8.98 8.05 6.94 7.77 7.06 6.82 5.67 6.14 5.53
10.31 9.66 8.52 7.19 6.34 7.30 7.93 7.34 7.10 6.79 6.38 8.92 6.58 11.72 14.58 14.41 8.22 7.84 8.23 8.04 7.83 7.44 8.05 8.10 3.06 3.40 5.93 7.13 6.67 6.68 5.20 5.73 5.58 7.98 8.46 8.15 7.69 3.45 4.97 5.39 5.88 6.28 7.98 8.66 8.64 4.64 4.26 3.93 3.85 3.91 4.47 5.59 6.71 7.36 7.51 7.06 5.98 5.09 4.68 4.45 3.90 3.18 2.72 2.16 1.20 0.71 1.57 2.50 3.42 8.51 7.86 4.38 8.35 8.11 7.68 7.31 7.41 7.44 6.42
10.55 9.93 8.60 7.47 7.02 7.28 7.59 7.78 8.21 7.49 15.39 6.60 8.86 16.83 15.78 12.52 9.44 9.08 8.75 8.22 8.15 7.37 7.61 5.60 3.32 2.69 6.65 6.71 7.84 8.78 8.97 7.82 7.59 8.15 7.88 7.73 4.66 4.76 4.40 5.23 5.69 7.64 8.41 4.74 4.48 4.34 4.22 4.33 4.56 4.76 5.46 6.43 7.19 7.60 7.47 6.76 5.81 5.20 5.06 4.84 3.92 2.87 1.98 11.27 10.90 10.37 9.76 9.63 9.16 9.47 9.37 9.04 8.71 7.81 7.23 8.14 8.19 10.89 10.67
11.14 11.00 10.42 9.76 10.04 10.31 9.32 7.35 6.33 7.21 8.11 7.24 12.58 15.32 5.90 8.38 8.92 8.94 8.61 8.28 11.94 10.36 6.08 5.74 4.45 3.96 10.20 6.52 6.87 7.52 15.93 5.19 3.82 5.03 7.86 7.48 4.21 4.53 6.83 5.83 6.38 7.21 6.92 6.04 5.34 4.71 4.35 4.54 4.97 5.35 6.05 6.81 7.35 7.56 7.09 6.13 5.30 4.99 4.89 4.18 2.78 1.63 0.88 0.38 9.54 10.13 9.86 9.72 9.71 8.46 8.54 7.96 7.30 8.82 7.27 7.82 8.21 8.13 7.47
11.65 11.66 12.12 12.03 11.24 9.92 8.57 7.56 6.64 5.60 5.51 7.03 18.14 12.87 7.77 7.43 7.90 8.18 7.90 7.30 7.09 7.74 2.14 4.18 1.29 13.35 8.01 7.33 5.58 13.05 14.96 4.27 3.42 4.50 7.87 5.22 4.72 5.55 6.74 5.93 6.57 6.53 6.19 5.29 5.99 7.08 4.66 4.66 5.20 5.84 6.53 7.13 7.43 7.29 6.68 5.80 5.14 4.78 4.07 2.82 1.39 0.43 0.06 10.35 9.51 9.64 9.39 8.80 8.77 8.27 9.50 8.33 9.15 8.93 8.16 8.56 7.69 7.00 5.88
11.62 11.18 11.40 11.65 10.66 9.02 8.41 8.64 8.28 7.16 5.68 6.42 9.76 9.97 9.06 7.65 7.51 7.65 7.07 6.54 6.42 8.66 6.36 3.02 9.29 9.61 7.70 8.31 7.82 13.31 15.26 4.26 2.99 3.79 3.65 3.57 7.40 7.05 5.74 5.98 6.16 6.06 5.90 5.18 5.39 7.44 7.85 5.11 5.69 6.19 6.73 7.17 7.08 6.72 6.23 5.64 5.14 4.56 3.60 2.41 1.14 0.52 9.99 0.74 8.72 9.44 9.55 8.86 8.71 10.31 10.18 9.51 9.65 9.09 8.55 7.14 8.38 8.49 7.93
12.37 10.79 10.70 11.24 11.58 11.77 11.64 10.72 9.64 9.22 9.12 9.43 10.42 11.24 13.51 7.48 7.07 6.83 6.59 6.41 6.18 5.25 8.32 1.73 9.00 8.93 5.33 7.51 13.22 13.15 9.08 4.04 3.36 3.88 4.83 6.00 8.25 6.31 5.70 5.56 5.70 5.80 5.49 5.27 7.24 6.06 8.14 6.66 6.21 6.16 6.58 6.82 6.41 6.18 5.99 5.60 5.08 4.29 3.51 2.68 9.52 9.52 1.12 1.25 9.10 9.96 9.07 8.80 9.94 10.53 9.46 8.11 9.03 8.59 8.41 7.29 7.77 8.28 8.43
11.64 11.42 11.68 12.01 12.57 13.27 13.37 12.28 11.26 9.41 9.16 9.17 8.48 6.94 8.46 8.43 6.99 6.04 10.13 6.41 13.00 5.38 6.13 9.54 9.05 9.48 7.54 10.05 10.92 15.01 5.90 5.53 4.58 4.63 5.88 6.86 6.54 5.47 6.02 4.90 4.74 5.44 5.28 6.46 6.78 7.07 6.25 6.59 8.10 6.36 6.51 6.45 6.06 5.97 5.90 5.60 4.98 4.18 9.55 9.51 9.39 9.27 9.96 8.95 9.16 9.41 9.31 8.59 9.31 10.03 9.56 9.69 9.70 8.34 7.89 7.33 9.31 10.34 13.41
12.02 12.68 13.57 13.63 13.65 13.85 13.43 12.21 10.21 9.84 7.15 6.17 5.17 4.85 5.36 5.92 10.20 8.42 7.20 10.06 9.81 7.80 6.37 7.49 6.43 5.72 12.51 11.38 5.87 10.42 10.23 9.19 6.27 4.94 7.24 7.56 6.38 5.09 4.96 5.06 4.35 6.33 6.08 6.16 6.26 5.40 5.55 7.17 7.02 6.66 7.42 6.72 6.36 6.18 6.04 5.75 10.07 10.03 9.72 8.92 8.55 9.38 8.76 8.99 8.97 8.66 8.88 10.90 9.49 9.53 10.39 9.66 9.26 9.29 9.21 9.91 10.30 9.77 10.48
12.70 13.33 13.78 13.31 13.27 12.78 11.71 10.32 8.83 8.20 6.87 5.79 4.83 4.63 5.10 7.09 10.24 8.28 4.73 10.18 7.96 6.23 2.92 5.64 7.95 12.22 12.89 8.40 7.14 10.36 17.76 6.73 6.21 5.59 8.34 7.30 6.14 5.49 5.93 3.58 6.18 6.48 5.92 4.82 4.83 4.65 5.51 7.07 6.39 5.69 6.41 6.96 7.61 8.54 9.19 9.55 9.48 9.57 9.78 8.92 7.75 8.17 9.07 8.78 2.37 2.03 8.77 10.28 8.22 9.43 9.25 9.98 10.10 10.16 8.47 9.84 8.48 9.81 9.40
13.82 13.73 12.46 11.68 9.61 7.59 8.31 7.37 7.22 7.38 8.89 6.75 5.73 5.12 5.65 5.23 7.02 9.24 6.35 15.86 9.25 8.64 7.69 8.97 6.80 7.21 14.64 4.77 4.59 9.20 15.24 5.18 6.32 7.05 9.31 7.13 6.04 4.86 5.63 5.21 7.87 6.86 4.96 4.62 4.54 4.37 6.62 7.22 6.25 5.11 5.17 5.79 6.98 8.33 8.87 9.14 9.45 9.85 9.81 9.31 7.12 7.88 9.24 9.39 2.91 2.68 9.48 9.99 9.89 9.16 8.99 8.62 8.69 8.35 8.41 9.86 10.00 10.33 10.93
15.34 13.68 10.74 8.07 7.08 5.33 5.20 4.89 5.84 6.71 8.20 6.61 5.72 5.43 6.35 6.09 5.16 9.90 3.96 16.31 11.08 10.67 10.80 11.55 6.40 6.10 10.70 9.60 9.70 8.79 9.59 10.29 10.30 9.32 9.05 7.06 6.48 6.63 6.72 7.08 7.53 5.60 4.93 4.60 4.67 4.69 7.13 6.33 5.27 4.08 3.78 5.03 7.28 8.14 8.55 8.46 8.66 9.39 9.83 9.50 6.80 6.87 8.07 8.87 7.82 3.73 3.18 9.50 9.62 10.94 10.73 9.41 9.08 8.90 10.32 11.19 10.53 9.91 11.74
13.86 11.88 8.46 6.57 4.78 5.27 5.02 4.35 5.72 6.37 6.12 7.58 5.85 6.00 6.37 6.01 7.00 5.34 6.93 7.59 11.65 10.78 11.71 12.32 7.16 7.21 7.99 9.60 9.77 8.71 8.12 13.65 11.55 8.87 7.92 6.77 6.15 6.42 6.47 6.66 6.79 6.04 5.63 5.10 5.48 6.62 6.57 5.68 4.43 4.14 4.04 6.02 6.65 7.29 8.07 8.45 8.50 8.79 9.35 9.34 7.00 7.09 9.25 8.72 7.85 4.89 4.30 8.89 11.07 11.32 11.39 11.58 11.59 11.75 11.88 10.81 10.78 10.41 11.64
11.66 9.96 7.01 5.30 6.00 5.75 5.81 5.17 6.21 6.63 6.40 6.28 6.62 6.91 6.93 6.52 6.25 5.90 7.73 8.84 8.15 12.84 12.44 11.60 12.22 11.33 8.55 9.11 16.17 9.36 8.63 15.36 9.88 8.69 5.86 4.57 5.28 4.80 5.09 4.78 5.73 5.47 5.14 5.10 5.60 5.13 4.61 5.01 3.95 4.68 4.70 6.05 6.17 5.26 6.40 6.76 7.92 9.28 10.10 10.53 9.86 10.70 12.22 11.64 11.36 8.54 7.67 7.36 11.17 1.89 11.85 12.09 11.66 11.00 11.46 11.67 11.00 10.58 11.81
10.75 9.46 7.38 6.77 6.71 7.16 7.36 7.75 7.78 7.49 7.37 7.17 7.08 7.25 7.68 7.90 7.47 23.35 7.40 16.52 9.51 17.59 13.44 9.84 7.99 10.34 12.04 12.94 15.02 16.05 8.39 6.94 10.28 6.67 6.07 4.81 5.83 5.88 5.62 6.66 5.66 5.81 4.86 4.82 4.40 3.69 3.77 5.13 4.18 3.97 3.71 4.42 4.66 3.97 3.95 4.19 6.55 10.09 9.55 8.98 8.53 8.06 7.44 6.63 6.02 5.19 9.60 3.56 2.81 1.91 12.27 12.10 11.43 10.61 2.19 10.73 11.51 10.01 11.26
9.00 8.58 9.10 8.42 9.26 10.36 10.01 10.02 10.97 8.15 7.35 7.13 9.62 7.85 8.50 8.84 8.02 8.93 14.94 15.42 15.69 18.85 13.21 12.39 9.46 13.79 18.25 19.77 8.74 8.65 14.17 16.31 9.64 7.30 6.80 4.59 5.46 5.14 5.21 5.41 6.64 5.95 5.17 5.44 4.17 3.51 4.55 4.09 3.73 2.84 2.68 2.47 2.39 9.70 9.79 10.04 9.99 9.68 9.13 8.64 8.28 7.83 7.49 6.84 6.10 5.26 4.44 3.18 3.65 2.92 10.86 10.10 10.66 10.68 9.52 13.06 11.15 10.22 10.92
9.15 8.92 8.62 9.45 9.87 7.87 7.56 9.30 9.09 8.38 6.36 6.92 7.78 8.49 8.79 8.38 7.15 8.15 6.76 15.48 20.61 15.88 16.22 17.69 17.94 17.10 17.34 8.17 7.53 5.83 13.97 11.43 9.85 7.48 6.47 5.26 5.00 7.34 6.58 6.23 5.80 5.47 5.65 6.29 6.85 3.44 3.90 4.71 7.73 8.09 8.67 8.70 8.93 8.97 9.03 9.10 9.15 9.16 8.92 8.72 8.34 7.92 7.36 6.86 6.38 5.71 5.28 12.05 13.38 4.44 3.72 10.52 10.56 11.19 9.84 13.01 10.85 10.54 9.92
9.23 9.12 8.91 9.70 9.12 7.73 7.48 7.22 7.47 7.00 6.40 7.64 8.15 10.64 7.88 7.18 6.33 6.51 7.37 8.23 22.45 16.74 18.20 24.10 24.53 23.50 19.95 9.88 6.46 4.21 15.30 9.10 8.55 6.44 3.30 5.65 6.18 5.96 6.13 5.60 4.71 4.82 5.17 5.51 5.81 5.89 6.11 6.48 7.03 7.39 7.56 7.73 7.95 8.16 8.34 8.49 8.58 8.67 8.62 8.35 7.85 7.38 6.97 6.59 6.24 5.79 5.49 5.48 5.57 5.31 4.48 3.31 2.56 10.34 10.43 11.38 11.76 10.63 11.16
9.62 9.45 9.39 9.02 9.75 8.73 8.30 7.93 7.62 6.75 7.69 9.08 9.89 9.57 8.87 7.22 9.01 7.69 9.11 10.91 11.79 20.58 18.38 24.72 25.29 19.54 26.22 18.68 7.27 16.45 12.98 11.39 10.05 7.59 3.05 3.45 4.95 5.78 3.91 4.05 4.21 4.24 4.37 4.52 4.84 5.01 4.89 5.33 6.04 6.54 6.82 7.13 7.39 7.55 7.68 7.76 7.90 8.03 8.03 7.90 7.34 6.69 6.49 6.37 6.06 5.60 5.36 5.12 4.88 4.56 3.98 3.18 11.54 1.77 10.37 11.41 11.97 12.43 12.40
10.58 10.26 9.84 9.51 9.34 8.99 9.33 9.12 8.90 9.33 9.37 8.82 10.52 10.18 10.13 8.74 9.21 10.41 11.85 13.20 13.17 12.26 21.02 24.64 22.50 24.95 18.86 16.97 5.37 16.68 12.81 10.78 10.68 8.17 7.56 6.21 6.51 3.89 3.96 3.81 3.80 3.84 3.77 3.82 4.11 5.01 5.03 4.91 5.36 5.76 6.06 6.45 6.76 6.91 6.96 6.97 7.07 7.14 7.20 7.39 6.87 6.06 6.04 6.32 6.14 5.65 5.31 5.17 5.07 4.80 4.35 3.70 2.92 11.32 11.52 13.16 11.27 11.59 12.14
11.92 11.50 10.79 10.11 9.17 9.57 9.37 9.39 10.42 10.67 11.08 9.68 11.11 11.43 10.76 13.97 11.50 12.71 13.73 13.90 13.33 12.56 11.50 26.87 19.01 22.32 20.95 23.29 19.82 13.83 12.19 10.96 10.42 8.51 2.30 6.72 4.52 4.74 4.45 4.26 3.92 8.40 8.42 7.41 7.17 5.78 3.69 4.50 4.96 5.33 5.67 6.16 6.48 6.67 6.62 6.43 6.47 6.71 7.11 7.45 6.70 5.95 6.39 6.85 6.74 6.28 5.95 5.72 5.38 5.05 4.68 4.11 3.49 2.84 2.23 2.08 12.83 1.28 12.48
13.80 12.84 11.71 10.80 9.47 9.30 9.27 10.36 10.44 11.06 11.38 11.44 11.37 12.20 12.09 12.65 13.22 22.77 13.83 13.57 13.16 12.64 11.81 26.37 20.53 12.09 21.48 19.02 16.16 12.75 12.88 12.58 0.97 2.02 5.78 7.91 8.52 7.88 5.64 10.37 10.79 11.39 9.03 2.69 7.75 7.48 3.42 4.09 4.63 5.01 5.52 6.07 6.49 6.75 6.72 6.38 6.51 7.10 7.59 7.66 7.07 6.80 7.11 7.62 7.63 7.19 6.76 6.58 6.37 5.84 5.32 4.65 12.60 12.32 12.81 12.31 2.82 12.73 10.83
15.05 13.52 11.87 10.69 8.86 8.55 7.66 9.20 11.39 12.49 13.00 13.05 13.06 13.94 13.67 14.75 14.47 16.10 14.24 13.96 13.87 13.44 12.73 12.48 22.28 11.70 10.09 21.80 17.89 16.47 15.06 2.75 1.79 6.93 10.49 11.67 11.00 9.23 6.97 15.98 12.58 10.88 1.77 2.29 2.51 2.48 3.02 3.62 4.16 4.64 5.29 6.05 6.67 7.15 7.21 6.91 7.09 7.74 8.18 8.27 8.13 8.03 8.13 8.38 8.45 8.18 7.59 12.58 7.22 6.90 6.36 5.72 12.17 13.41 14.21 14.41 14.40 3.23 13.73
15.78 13.28 11.98 11.20 8.85 8.59 7.54 11.39 15.01 14.99 14.41 14.29 15.03 15.41 15.60 16.02 15.29 15.41 15.31 15.24 15.11 14.24 12.98 11.62 22.57 21.20 9.51 21.95 17.56 15.91 5.39 4.26 7.70 12.53 14.10 12.70 10.45 7.50 4.74 16.22 12.24 1.55 1.33 1.99 8.74 1.93 2.43 3.11 3.79 4.27 4.92 5.96 6.99 7.43 7.65 7.75 8.04 8.70 9.25 9.40 9.34 9.30 9.39 9.49 9.47 9.22 8.76 8.11 7.89 7.67 7.24 14.20 14.13 13.25 5.43 14.78 15.30 4.02 13.59
16.21 13.51 11.02 11.56 10.51 12.77 16.50 19.48 19.06 16.99 15.82 15.58 15.50 15.59 16.94 17.09 17.16 15.84 15.57 15.24 14.47 23.07 11.64 10.57 9.56 11.60 19.04 19.18 18.17 9.02 8.02 9.75 12.78 14.33 12.35 9.88 7.75 4.72 2.45 14.95 1.52 0.67 0.93 1.37 8.97 1.62 2.11 2.81 3.54 4.13 4.90 6.15 7.00 7.48 7.83 8.43 9.14 9.81 10.48 10.76 10.80 10.80 10.91 10.99 10.91 10.60 10.04 9.44 9.09 8.81 13.80 14.14 12.62 13.74 14.16 14.58 15.09 14.66 14.04
14.72 13.27 10.85 10.77 12.92 15.35 19.28 19.71 17.80 16.69 16.37 16.35 17.11 16.53 17.86 17.70 17.94 16.06 15.24 16.09 12.91 11.59 10.44 10.01 10.13 9.89 11.14 22.38 17.95 10.20 10.77 12.65 13.25 11.34 8.06 6.34 4.91 2.13 1.09 12.66 9.83 0.12 0.86 1.13 1.03 1.29 1.81 2.56 3.33 3.97 4.58 5.30 6.55 7.20 7.73 8.78 10.00 10.75 11.53 12.05 12.24 12.37 12.52 12.61 12.62 12.35 11.90 11.36 10.88 10.28 9.91 9.34 14.31 14.90 13.65 14.73 14.47 14.01 15.78
12.71 12.33 10.69 8.18 11.92 14.94 16.98 15.38 13.82 14.45 15.75 16.62 17.10 17.37 17.39 18.34 16.64 17.50 14.66 14.68 12.39 11.28 10.14 9.86 10.32 10.80 11.91 11.88 19.33 10.68 10.19 10.09 8.46 6.17 4.55 4.10 3.68 2.11 13.53 10.68 0.58 0.26 7.63 7.42 0.72 0.86 1.72 2.09 2.42 2.78 3.29 4.11 5.82 7.37 8.41 9.19 10.35 11.33 12.21 13.06 13.59 13.90 14.14 14.41 14.71 14.69 14.39 13.93 16.27 12.59 15.02 15.17 14.84 13.61 16.11 15.58 15.48 14.18 15.25
12.98 11.79 10.22 7.37 11.70 14.59 15.55 13.50 12.14 13.33 15.42 16.78 17.47 17.76 17.75 17.39 16.59 15.45 14.24 13.21 12.39 11.25 10.16 10.06 10.49 11.04 12.28 13.38 21.36 10.41 8.44 6.47 12.34 4.45 4.47 4.86 4.07 2.00 11.16 9.90 2.28 0.80 1.17 1.65 1.38 0.74 1.51 2.01 2.50 2.56 3.09 3.68 5.81 8.00 9.25 9.87 10.51 11.74 12.74 13.71 14.41 14.75 15.14 15.51 16.08 16.25 15.88 15.63 15.17 18.28 16.79 15.74 11.58 16.06 16.22 17.04 15.84 15.30 15.96
