examples/cougarCreek-fire/createInputs/WindNinja/wrfout_d3.2015080912.f20/cougarCreekFire_08-10-2015_0800_217m_non_neutral_stability_ang.asc
ncols	146
nrows	140
xllcorner	610065.000000
yllcorner	5095217.000000
cellsize	216.586807
NODATA_value	-9999.000000
[rows 90 to 134 of 140, columns 0 to 95 of 146]
311 307 312 313 308 308 307 304 277 276 274 295 267 264 315 262 309 252 248 242 236 231 295 251 234 234 233 254 259 254 248 263 269 246 205 247 219 233 202 200 197 191 189 203 174 216 239 156 182 179 153 162 170 167 167 134 163 149 159 158 87 337 152 25 15 354 323 332 316 317 330 22 119 116 110 11 10 17 334 102 101 97 95 95 92 91 93 95 95 94 92 90 89 88 88 89
310 306 310 312 308 308 307 307 276 276 276 272 266 264 265 314 303 251 245 240 234 230 298 247 233 232 252 271 264 242 263 272 257 257 233 254 208 230 201 179 188 202 187 221 180 225 169 186 183 180 181 179 223 204 186 155 145 156 136 161 72 166 331 193 4 138 348 8 318 305 310 332 121 124 26 21 11 22 23 322 328 37 32 95 93 95 94 95 96 96 95 92 91 90 90 90
315 311 308 312 315 311 309 305 308 271 271 300 262 306 260 315 255 295 244 239 234 276 302 237 233 231 281 285 238 245 276 268 274 276 254 249 206 207 184 199 189 218 190 187 185 178 167 162 183 182 183 180 223 171 172 229 164 172 134 135 105 6 190 225 339 146 137 347 332 310 317 337 121 125 22 6 336 334 323 309 326 13 17 49 38 66 78 64 96 95 96 96 95 94 93 92
319 291 290 288 308 306 309 273 307 267 319 302 258 310 302 307 310 281 243 239 236 278 279 263 231 230 285 284 282 263 264 252 277 277 242 198 207 207 206 202 196 193 193 189 185 169 165 185 183 182 183 174 213 174 173 172 195 239 174 146 119 143 227 242 271 357 1 28 325 285 278 346 125 126 25 357 351 349 106 103 101 100 100 358 29 54 33 98 96 96 81 95 95 94 93 91
295 293 291 290 314 309 311 274 271 268 263 312 307 300 302 305 302 298 241 237 234 265 300 298 230 231 287 286 277 296 284 264 277 211 212 210 209 207 206 203 196 192 191 190 187 185 185 185 183 182 182 182 211 179 177 175 214 172 213 192 148 339 281 161 158 249 318 328 321 295 279 337 129 30 16 43 108 17 315 101 102 100 98 96 95 63 65 57 99 99 31 95 96 99 95 92
319 292 309 288 313 308 279 313 272 297 314 310 305 298 301 300 309 305 241 235 230 300 298 233 233 234 293 271 221 290 219 275 231 199 213 210 208 205 203 202 198 193 190 189 188 187 185 184 183 182 181 180 181 181 180 178 176 175 174 173 294 216 241 167 160 151 147 273 294 299 285 313 15 11 14 27 108 104 101 302 104 103 360 22 53 95 74 49 57 99 98 45 97 96 95 97
293 291 315 309 312 314 280 318 311 320 301 314 311 297 300 296 316 311 244 236 231 316 238 238 239 236 300 278 312 188 224 243 186 218 214 212 209 205 203 202 199 195 191 189 189 189 185 183 183 183 183 182 182 182 181 180 179 178 176 173 235 214 172 169 231 155 146 140 136 279 286 314 327 326 351 27 107 107 104 328 99 99 99 97 43 54 47 45 93 94 43 48 65 95 94 95
295 294 315 314 309 322 326 279 323 334 269 320 314 309 253 304 308 307 244 286 239 244 244 241 239 297 227 317 233 230 237 225 224 220 215 213 210 206 204 202 199 195 192 190 190 189 185 183 183 184 184 184 183 183 183 183 182 180 178 176 174 175 174 171 166 160 152 145 138 131 125 120 115 315 12 6 30 109 109 9 97 95 93 93 50 92 93 95 55 92 93 93 93 93 92 93
294 296 296 318 319 286 322 283 281 275 329 322 311 302 259 257 316 294 291 319 243 247 248 244 296 293 297 233 292 297 242 224 223 219 215 213 210 205 202 200 199 196 193 192 190 188 186 184 183 185 186 185 185 185 187 186 185 183 181 179 177 176 175 173 169 163 154 148 140 224 125 121 118 305 318 329 17 114 113 29 357 349 96 21 94 37 49 98 96 53 48 91 94 94 92 91
291 315 294 320 337 288 318 282 280 337 347 272 314 299 266 291 304 301 301 251 250 303 245 239 232 307 293 293 306 322 245 134 223 221 217 213 210 205 201 202 203 199 193 192 190 188 186 184 183 186 188 187 187 189 191 189 187 186 184 182 180 178 175 174 171 165 157 150 144 137 131 126 290 281 293 319 349 23 113 105 8 102 359 30 33 8 31 97 100 95 30 92 92 92 96 8
294 326 287 333 291 313 320 322 328 275 275 275 310 273 294 261 301 291 302 250 250 247 238 333 334 303 286 302 302 329 227 228 227 224 220 216 212 210 210 214 213 201 191 191 191 188 185 183 183 187 190 189 190 194 195 193 190 188 187 185 183 181 178 211 171 166 159 153 148 142 135 130 124 119 114 277 325 348 107 108 35 359 17 17 2 24 96 356 96 47 29 92 93 93 97 29
300 295 287 354 289 323 342 283 277 338 266 333 305 314 304 299 300 288 296 320 242 240 235 235 239 239 310 304 302 351 234 233 230 226 222 219 217 219 226 238 229 198 186 188 190 188 184 182 182 187 191 191 192 197 198 196 193 191 190 188 186 184 181 177 174 167 159 155 150 141 134 128 249 246 231 224 260 305 345 31 2 7 2 126 168 93 148 127 91 30 92 31 30 90 94 91
302 303 301 289 291 328 285 330 310 352 262 334 333 322 315 298 253 289 295 291 239 359 149 242 244 240 326 318 317 240 240 235 229 226 223 222 222 224 230 234 217 192 183 184 187 186 184 182 182 187 192 192 194 199 201 197 194 193 193 193 191 187 183 181 178 169 230 227 231 233 231 229 225 233 250 274 286 288 320 7 33 344 341 17 26 78 55 34 54 126 121 142 87 87 74 41
304 307 309 300 357 283 326 329 330 279 272 336 261 310 342 314 255 291 253 285 5 241 160 228 343 340 329 320 286 240 333 316 228 227 225 223 222 220 218 212 201 188 182 183 185 186 186 184 184 188 191 193 195 200 201 199 196 196 198 199 197 191 221 185 182 228 230 228 239 243 242 236 222 231 254 283 308 313 351 21 29 352 357 11 1 94 96 30 36 92 57 42 52 57 58 41
304 305 305 300 287 348 275 310 358 280 281 279 324 321 269 308 297 294 253 312 249 149 155 242 326 335 334 324 328 319 330 322 229 228 226 222 218 215 212 207 199 190 185 184 186 188 188 187 185 187 190 193 196 201 203 202 199 201 206 207 204 198 193 192 186 231 230 237 144 131 255 254 255 250 247 255 296 322 335 355 3 348 4 14 11 30 31 102 9 99 96 25 90 47 12 19
311 306 303 300 292 275 344 270 283 331 281 286 281 357 278 273 303 294 250 311 2 248 244 338 341 241 301 245 336 319 235 235 233 230 225 219 215 215 214 210 203 194 189 188 188 189 189 188 187 189 192 195 198 203 207 205 203 209 215 217 215 207 201 199 244 244 249 152 141 130 120 267 265 264 255 249 260 282 271 258 26 12 8 13 11 11 36 45 41 27 97 27 32 89 90 28
315 316 315 312 308 296 282 274 357 278 344 275 324 336 272 267 309 296 252 294 2 10 314 244 247 343 246 243 346 240 240 240 236 229 223 218 217 219 218 213 204 196 192 191 189 190 189 188 189 193 196 198 202 212 220 214 211 219 226 229 228 216 204 200 196 186 167 150 136 125 120 114 109 278 259 242 226 224 207 152 321 343 355 351 183 155 33 13 45 10 93 32 23 85 93 21
323 320 321 322 319 312 301 289 276 277 344 332 347 262 332 333 253 253 255 248 63 121 246 334 250 246 339 335 240 244 243 239 232 225 222 222 129 147 169 214 205 199 195 193 191 192 190 190 192 197 201 203 211 235 250 238 225 234 241 243 238 222 203 203 211 206 255 256 259 260 263 272 285 288 272 252 246 257 312 349 355 345 354 25 123 85 128 71 73 78 41 55 13 357 14 23
324 314 316 321 322 315 305 296 284 354 265 358 259 342 340 333 304 299 300 297 101 251 173 350 352 7 334 341 244 327 237 229 333 222 225 115 231 232 225 213 207 204 200 196 196 118 193 193 196 201 204 206 222 249 254 240 237 250 255 253 246 227 209 221 241 253 264 272 273 271 269 107 285 290 285 286 287 296 317 334 347 350 350 358 3 28 43 14 31 42 19 21 34 119 111 52
335 319 320 317 321 320 309 296 290 285 276 269 358 345 352 332 243 310 313 312 82 112 290 335 305 340 343 242 239 333 224 335 224 228 112 232 104 228 218 210 210 208 203 201 109 201 196 196 201 205 208 213 226 238 238 235 249 265 270 268 263 256 258 275 284 301 263 268 275 105 286 108 292 107 105 307 293 283 290 320 334 335 335 360 6 23 28 24 36 26 24 79 77 32 24 19
339 334 316 319 318 325 321 308 302 295 290 275 357 274 270 330 321 6 235 327 6 343 331 330 335 323 335 333 329 340 345 228 76 110 111 108 80 222 336 213 213 210 206 99 100 104 200 202 210 216 222 228 237 243 246 256 274 285 288 289 294 306 317 312 313 345 263 260 269 275 275 261 254 267 290 292 283 271 281 299 318 339 348 358 359 14 14 14 11 16 13 26 13 15 22 5
335 338 329 310 305 314 323 321 312 294 290 284 285 277 345 340 248 248 251 254 257 249 243 346 351 357 329 349 341 236 321 241 124 113 97 59 229 221 218 92 93 94 94 92 89 94 206 215 229 241 251 263 272 276 282 290 295 297 297 298 305 320 327 318 318 298 293 287 282 274 266 252 242 238 246 276 292 306 304 304 334 340 339 343 358 13 7 7 18 33 23 77 20 7 8 69
337 341 338 316 301 294 294 307 313 304 12 292 10 350 330 349 260 265 267 265 258 247 246 356 347 1 351 246 249 345 31 72 21 241 32 312 226 224 73 78 90 96 88 90 95 211 216 229 247 263 278 290 297 300 302 302 302 300 299 300 306 319 328 321 321 12 60 77 302 296 295 307 309 296 287 288 305 310 307 318 346 359 358 5 353 5 11 13 10 12 13 73 71 12 4 352
344 346 346 336 305 278 280 281 284 289 280 31 0 322 331 344 259 268 270 264 253 252 245 356 28 18 349 343 331 337 350 337 333 240 238 232 227 49 54 62 67 71 86 106 122 225 235 247 261 275 287 295 300 303 306 307 308 309 306 307 314 324 329 328 333 47 85 94 95 308 310 94 322 327 318 311 320 328 340 331 349 2 2 0 6 4 4 12 11 24 16 359 18 1 337 326
349 352 352 347 331 311 292 278 278 268 339 272 273 338 349 336 256 258 255 246 238 242 241 359 84 29 334 331 326 332 332 345 240 239 330 231 30 59 32 33 52 77 108 232 243 254 260 265 272 280 288 292 294 297 301 306 311 315 315 315 322 331 333 309 305 305 304 304 303 301 302 298 297 314 326 327 344 347 350 351 353 3 0 355 350 358 6 10 5 6 26 20 5 18 55 356
347 353 358 352 342 334 327 312 285 262 256 263 1 354 279 265 265 260 252 243 315 352 355 97 124 294 346 325 329 322 339 350 17 345 234 232 41 37 230 24 65 88 99 98 78 268 273 275 277 281 285 287 288 289 290 294 300 308 312 314 321 333 340 26 300 300 305 304 299 295 295 293 296 310 329 331 336 341 335 334 350 359 2 352 3 359 7 11 14 11 3 7 1 55 66 8
339 349 358 354 346 339 334 330 321 307 279 272 349 360 275 279 272 258 256 247 242 356 22 119 5 333 329 317 329 337 332 341 4 356 235 46 40 5 230 40 72 78 77 57 34 23 272 278 280 283 285 286 286 285 282 282 286 291 294 296 300 320 92 312 300 294 295 296 299 300 302 305 307 316 329 333 331 330 316 305 325 340 353 356 352 353 5 9 9 9 10 7 345 339 61 64
332 341 352 354 352 346 336 333 336 334 320 278 268 281 280 280 274 271 264 258 259 18 71 107 296 249 330 327 322 316 332 335 46 40 29 21 239 232 12 56 61 70 76 59 31 14 12 276 283 286 285 284 282 279 275 273 273 272 268 260 244 187 321 144 313 304 295 291 300 312 315 306 309 313 316 330 327 334 331 328 329 334 342 347 354 356 3 15 5 62 56 1 353 59 341 46
333 336 345 351 354 352 345 340 340 343 342 332 311 286 337 275 273 268 264 264 260 24 252 260 251 260 327 324 333 316 319 21 51 31 21 353 328 353 50 70 61 64 60 31 9 255 4 11 276 281 281 278 274 270 267 266 264 259 251 239 308 315 175 157 321 318 312 298 293 307 324 309 301 300 297 304 315 324 329 333 349 356 4 355 352 360 17 12 4 58 59 5 3 355 358 13
336 333 339 347 350 350 351 351 342 343 340 333 318 297 280 18 265 262 10 256 348 21 37 252 250 328 332 339 332 331 318 14 16 16 357 339 343 33 79 81 66 53 35 11 357 360 7 360 349 265 269 267 265 264 262 259 254 247 316 316 312 312 321 323 320 319 319 311 290 290 318 326 315 307 300 312 324 334 343 351 341 347 0 357 0 3 22 20 8 59 58 12 51 47 9 42
328 329 333 342 346 348 354 359 357 344 336 325 310 292 277 282 360 14 46 355 7 250 30 355 330 319 324 342 310 285 304 252 355 11 343 341 19 50 81 79 43 28 24 16 16 19 11 353 348 350 340 252 252 252 250 245 311 308 310 318 321 315 317 323 328 324 312 317 299 286 303 328 331 329 322 316 317 327 351 346 347 346 352 351 346 345 360 357 2 56 57 8 48 47 48 51
328 323 326 333 339 347 360 8 5 343 343 334 324 305 288 267 13 39 14 352 10 48 44 28 349 326 327 340 335 256 330 341 358 12 337 354 52 66 72 61 18 13 30 36 44 35 9 353 351 353 340 335 327 320 313 307 306 303 303 315 328 321 319 326 174 170 316 319 316 288 291 313 318 314 312 311 319 320 343 351 346 346 351 353 345 66 69 66 58 358 53 359 48 42 52 47
324 318 320 329 325 339 3 16 8 355 343 345 339 324 307 301 277 51 273 359 1 10 2 346 256 248 350 2 305 253 313 347 2 3 337 11 50 43 49 23 355 22 50 49 52 27 356 353 354 0 350 340 328 316 310 306 301 296 293 305 330 324 308 323 184 180 330 328 334 305 288 282 291 301 307 314 322 322 337 347 345 347 357 359 0 4 353 57 55 335 1 351 1 50 46 45
319 316 319 320 322 324 357 12 1 348 336 349 347 332 313 313 312 61 17 350 360 5 360 348 271 272 7 267 267 267 277 339 340 336 341 14 31 24 18 357 357 27 38 35 40 360 339 355 6 17 9 339 326 312 306 301 298 292 284 291 322 322 298 316 333 186 181 327 327 315 306 306 313 319 315 310 312 315 329 345 344 349 348 358 4 19 12 5 353 352 357 3 12 41 40 42
318 316 319 322 313 322 336 347 347 342 342 352 347 336 317 312 309 321 25 302 10 11 2 350 281 287 277 275 272 270 267 330 336 333 4 23 34 33 21 13 21 37 40 35 18 356 341 9 20 19 2 330 317 311 303 296 293 286 281 285 305 302 297 304 317 193 189 322 309 307 312 325 331 331 327 318 316 319 331 337 340 347 62 4 6 21 17 63 1 355 57 38 33 35 37 34
324 325 328 314 328 322 322 325 333 338 341 343 342 339 328 320 317 325 307 319 295 6 2 358 347 341 281 278 330 278 274 315 341 2 45 47 42 40 44 43 38 54 55 29 10 8 354 11 10 0 351 329 324 314 301 289 282 275 271 272 279 269 268 270 278 307 324 336 273 224 298 318 330 343 346 330 320 316 324 331 342 347 13 20 359 3 64 57 358 350 345 43 34 32 35 29
334 332 331 337 327 334 332 328 329 336 342 343 339 336 332 328 324 358 306 4 2 348 7 9 290 338 350 352 318 316 276 274 2 32 62 51 41 54 50 29 34 56 41 23 35 35 358 4 12 3 356 330 319 322 310 303 277 201 202 202 204 205 204 203 207 209 278 211 234 249 301 324 325 340 72 345 325 314 318 324 325 337 347 21 10 4 54 53 359 350 338 36 30 29 31 29
336 333 342 321 324 337 337 335 338 336 340 341 335 332 329 329 333 323 20 3 354 357 11 9 309 340 343 337 287 285 319 340 7 41 66 70 63 46 33 33 58 70 44 56 79 38 351 358 42 62 45 15 11 203 202 203 204 204 206 207 208 209 211 212 214 219 225 239 235 205 314 331 321 323 358 353 335 317 316 317 311 316 335 358 0 10 36 43 36 357 347 29 26 28 26 23
339 338 331 336 327 315 321 334 335 340 334 333 333 329 325 325 334 330 335 4 357 358 358 348 351 348 349 307 295 281 328 1 25 62 75 59 25 23 42 62 84 224 222 222 224 44 11 53 214 212 212 208 207 206 206 206 207 208 210 211 212 214 216 217 219 221 225 290 296 205 186 314 312 306 341 349 336 310 304 310 316 325 340 347 350 356 3 36 36 0 348 27 22 23 22 17
338 339 335 329 330 321 323 324 328 334 324 324 328 331 321 319 327 334 343 324 354 356 353 348 352 355 352 326 315 305 340 29 53 76 254 65 33 50 69 78 231 228 228 228 228 226 222 217 214 213 212 211 210 208 207 208 209 211 213 216 220 222 223 223 224 223 222 219 213 206 199 198 177 298 318 337 339 323 308 307 311 312 320 340 348 354 353 350 355 357 357 18 18 19 14 12
334 326 337 333 329 327 324 322 328 317 318 329 323 322 330 317 328 329 326 321 315 352 353 349 351 346 352 340 332 346 3 42 48 66 264 260 56 64 250 243 240 239 239 237 234 231 226 217 214 214 213 211 209 208 209 210 211 214 219 226 230 230 229 229 228 225 222 219 216 211 206 206 285 179 305 320 332 325 319 315 314 306 301 314 346 356 5 354 348 352 355 15 13 16 11 358
330 326 329 328 335 330 330 330 325 329 334 317 327 322 330 320 324 342 327 324 324 320 351 351 351 346 336 339 334 5 29 46 51 67 60 19 34 261 261 261 259 258 254 246 239 30 42 215 217 218 215 212 211 212 213 214 217 223 232 242 243 234 228 228 229 224 220 216 215 213 211 210 212 282 287 297 316 314 314 317 320 324 319 315 314 338 360 17 351 350 1 358 360 9 9 358
324 325 333 332 335 336 332 330 331 328 332 323 334 328 331 356 325 326 326 324 326 328 324 350 354 341 331 348 359 28 48 48 61 80 245 106 258 270 283 286 284 37 39 46 39 15 224 219 220 219 214 212 213 216 219 221 227 237 248 252 245 229 225 225 224 219 219 217 218 217 216 217 220 227 238 254 292 308 298 356 318 336 337 325 22 18 326 11 10 354 2 12 7 5 360 1
319 324 336 335 335 339 332 326 328 329 329 329 331 334 331 329 326 358 324 324 324 328 332 342 359 326 332 351 12 22 34 53 7 257 281 290 296 300 300 29 29 27 41 245 39 29 224 220 218 213 210 211 215 220 225 229 237 246 249 244 230 218 219 221 219 216 214 213 215 218 220 224 286 289 287 283 275 290 292 297 352 339 354 353 8 11 320 338 3 355 355 6 4 2 354 357
313 322 337 339 340 337 328 319 321 323 332 333 333 336 332 331 328 325 325 325 325 329 335 332 353 332 340 354 15 21 35 21 345 310 312 314 315 317 317 6 27 36 275 261 261 244 225 218 213 209 209 212 216 223 229 232 238 240 237 227 216 212 214 215 214 213 212 274 215 219 220 219 276 292 291 293 298 296 312 302 302 321 352 354 341 350 322 329 343 353 351 2 0 360 358 352
