examples/cougarCreek-fire/createInputs/WindNinja/wrfout_d3.2015080912.f20/cougarCreekFire_08-10-2015_0800_217m_non_neutral_stability_ang.asc
ncols	146
nrows	140
xllcorner	610065.000000
yllcorner	5095217.000000
cellsize	216.586807
NODATA_value	-9999.000000
[rows 45 to 89 of 140, columns 0 to 95 of 146]
196 206 286 310 306 317 316 329 329 313 284 321 344 353 356 359 357 8 17 23 25 21 16 10 12 15 15 17 17 17 11 2 355 346 338 331 331 339 334 322 316 331 321 317 321 319 325 337 340 342 334 324 319 313 320 336 360 360 352 353 1 4 6 7 3 3 326 330 11 322 280 309 315 315 317 317 18 346 343 313 37 38 36 47 58 62 64 65 63 59 63 67 59 51 359 42
255 257 262 304 311 318 314 314 309 284 314 330 348 348 352 355 3 16 16 21 21 13 6 2 4 7 10 14 15 18 10 4 359 353 342 334 335 334 331 337 341 336 332 333 339 331 337 337 329 332 357 350 338 335 341 355 9 2 358 360 6 9 11 11 9 347 11 15 339 12 14 16 14 323 327 339 15 336 339 335 325 37 44 48 56 61 64 65 63 61 6 65 61 54 51 48
256 258 265 312 314 310 288 310 308 309 324 339 348 352 1 12 345 347 10 10 10 3 359 357 1 4 7 10 14 17 13 8 4 355 346 338 336 339 338 335 346 341 344 346 339 352 349 337 356 1 5 356 343 339 347 353 357 1 3 7 3 4 4 4 13 13 358 356 17 15 15 342 332 329 335 340 19 25 30 345 321 37 46 53 57 61 64 65 65 63 62 63 67 27 59 59
259 261 276 301 284 284 278 314 317 321 335 341 351 2 1 336 340 342 3 358 1 357 357 360 1 3 7 9 15 19 15 11 6 357 347 348 338 343 344 346 346 350 352 354 340 337 329 354 360 6 2 355 355 357 356 356 359 2 7 12 15 16 15 15 16 17 19 19 359 352 340 315 334 330 318 334 345 28 334 347 340 326 48 58 61 63 65 66 67 66 64 65 29 69 20 16
261 264 269 270 281 303 314 323 322 327 331 342 356 354 327 352 348 348 345 348 352 353 357 359 354 357 359 4 10 9 13 5 2 359 351 355 352 346 345 346 351 345 358 1 3 343 355 350 355 358 356 358 1 3 1 2 2 2 9 13 18 20 20 19 7 5 4 359 333 328 328 344 337 334 336 335 333 332 33 22 356 337 51 65 69 69 69 68 68 67 67 66 67 24 23 18
263 264 266 276 306 312 311 319 321 325 332 340 350 350 339 334 334 332 337 346 345 346 351 347 345 346 349 357 352 359 6 357 356 358 357 7 2 353 351 349 349 348 349 359 10 10 4 4 5 3 5 8 8 7 5 5 1 1 3 6 17 22 23 22 20 20 20 21 19 17 13 10 7 340 340 344 28 30 34 352 44 48 54 65 74 78 75 73 70 69 68 67 67 69 67 63
261 261 273 305 309 313 317 320 319 325 317 308 339 334 303 325 326 330 338 344 340 341 343 337 343 348 359 6 351 349 2 353 351 357 1 19 5 2 360 355 351 351 350 348 1 6 19 24 23 21 20 18 15 13 11 3 359 4 1 4 7 10 23 24 24 24 10 21 349 2 8 355 352 358 359 32 36 39 44 5 51 53 55 62 331 76 81 78 73 70 69 68 67 67 65 64
260 261 281 312 310 312 312 313 316 319 320 321 320 317 315 319 325 330 336 339 338 342 344 331 358 11 7 3 351 356 1 352 349 359 3 20 7 4 358 351 347 349 350 347 349 358 2 16 25 32 26 22 17 13 6 1 1 1 4 7 9 354 12 24 28 30 28 25 15 15 26 25 27 32 37 40 45 49 51 53 359 56 58 61 64 127 15 78 78 73 69 67 67 66 64 65
262 278 307 317 314 312 310 308 314 313 312 286 307 309 315 322 327 335 335 336 337 341 338 341 12 11 2 358 351 349 355 356 344 2 15 8 3 357 346 343 343 345 343 344 349 349 348 353 357 10 18 18 17 10 1 2 12 12 10 12 14 16 20 23 26 27 36 23 20 17 21 23 22 18 11 7 343 4 354 53 57 61 26 30 60 63 66 71 74 75 71 69 68 66 64 64
263 283 308 308 309 309 317 308 310 308 282 279 308 319 323 326 334 341 339 338 336 336 336 341 358 360 352 344 344 349 348 358 344 5 8 353 350 349 346 343 342 343 340 338 339 336 336 338 340 343 2 11 13 9 5 12 24 24 23 25 26 26 29 28 25 26 29 25 17 8 346 347 11 42 15 13 18 47 20 10 357 357 340 60 61 81 63 78 68 72 74 36 69 68 66 63
260 285 307 304 290 313 325 312 305 301 275 276 318 326 324 321 329 334 330 328 327 328 330 336 345 346 342 346 355 354 350 350 347 3 354 351 351 353 350 346 347 348 342 349 343 340 321 321 332 342 346 357 9 8 12 23 34 34 33 35 32 17 9 25 38 38 352 3 11 33 31 33 347 4 45 46 19 356 103 50 79 19 60 60 61 64 67 67 67 65 66 69 68 68 69 66
261 286 307 302 304 342 333 311 281 287 277 309 296 327 324 321 321 324 322 318 319 322 331 341 346 349 355 360 359 350 350 353 343 352 347 346 346 343 340 352 347 347 343 353 345 338 331 330 336 320 338 351 354 8 13 18 25 20 16 15 27 45 34 34 33 34 41 37 34 31 32 17 2 34 47 50 54 52 47 48 10 59 63 66 67 22 68 69 69 66 64 71 65 102 31 63
267 282 318 326 348 347 299 294 282 290 312 326 314 323 328 321 319 318 310 312 320 322 332 346 349 351 358 355 351 344 353 354 334 334 342 345 349 340 325 344 343 340 342 341 335 343 328 329 328 331 337 320 357 359 7 347 339 38 36 43 42 36 34 35 36 38 39 38 37 38 42 48 50 49 47 48 49 46 46 45 58 87 109 52 71 69 69 70 71 69 68 46 37 58 65 66
267 270 339 323 312 299 303 273 271 314 319 320 310 336 341 297 293 299 301 305 329 331 345 350 353 359 356 347 344 347 350 338 334 330 336 343 341 339 342 344 336 332 335 339 338 349 343 340 340 340 337 339 339 347 322 46 55 40 32 35 36 39 51 45 42 37 45 45 47 49 53 85 54 50 46 45 45 46 35 42 58 60 89 95 106 103 46 71 16 70 69 68 68 67 64 44
259 267 310 304 303 310 265 270 300 319 314 315 321 264 265 288 299 302 306 312 333 333 337 343 350 3 351 340 342 354 332 330 340 332 331 342 332 333 335 347 341 335 337 336 339 338 340 337 348 354 357 360 5 16 35 48 46 41 39 39 40 41 40 40 43 47 41 43 63 80 55 54 51 46 44 46 48 51 29 50 57 61 75 83 87 64 89 83 56 37 68 70 24 40 66 42
249 262 345 333 325 272 253 297 321 277 269 253 252 257 280 292 296 295 301 314 333 331 332 337 355 353 342 338 346 351 328 334 334 329 329 330 344 333 335 336 341 340 337 334 334 334 338 352 358 8 349 8 16 21 28 36 42 41 36 36 41 44 45 47 50 44 57 57 58 57 51 48 47 45 48 50 24 23 55 58 60 35 38 38 37 43 31 50 42 33 35 25 70 40 28 49
253 303 338 318 305 262 248 319 276 252 242 251 275 282 288 291 291 287 291 305 328 326 333 340 354 349 342 342 344 340 334 330 330 328 324 325 338 335 337 332 336 338 339 334 332 333 331 333 353 347 354 355 356 1 25 30 35 39 39 39 42 46 50 54 59 61 59 57 55 52 49 47 48 49 32 28 52 54 56 59 62 64 65 66 68 70 39 39 36 35 39 38 71 32 69 68
312 350 337 311 302 296 301 243 241 232 241 273 283 289 290 288 283 278 284 313 325 322 325 336 349 349 345 343 339 334 331 333 312 329 320 324 328 333 337 336 337 334 338 339 332 335 334 330 334 337 347 352 360 24 24 28 37 44 46 45 45 48 49 52 56 57 55 53 51 50 50 50 51 51 36 52 54 56 57 59 62 64 65 67 36 35 35 34 32 33 37 39 35 41 37 31
48 27 279 281 303 275 234 229 232 260 272 278 284 290 289 283 272 269 282 314 319 318 320 330 342 349 348 341 335 332 333 318 315 327 320 327 332 334 337 334 335 328 328 335 331 333 339 342 343 341 344 352 354 25 29 36 44 50 52 51 52 54 53 54 55 55 54 54 53 53 53 53 54 54 30 55 57 60 61 62 63 66 68 35 35 35 32 32 37 34 36 45 80 77 73 79
200 201 241 249 251 244 236 238 264 276 282 284 286 287 284 274 260 268 290 312 312 322 321 328 335 345 348 338 330 330 326 329 319 325 325 331 334 334 339 336 332 326 324 332 333 328 333 341 356 351 349 349 349 354 31 40 50 55 57 58 59 61 60 60 60 60 59 59 59 59 57 56 58 59 60 61 63 65 21 18 20 27 32 35 38 37 35 33 33 36 40 42 48 43 30 45
286 119 229 240 261 258 255 267 278 284 290 291 285 277 270 261 253 270 310 305 297 327 323 326 333 342 347 326 331 328 324 323 319 321 326 334 338 334 338 341 334 328 324 329 333 328 331 331 346 9 347 348 353 359 30 41 54 59 61 62 63 64 64 64 64 63 62 61 62 61 59 59 61 62 62 63 64 66 66 67 67 67 44 42 46 24 21 20 25 42 24 84 86 78 85 65
77 133 208 248 261 270 275 281 284 287 291 290 281 267 257 253 263 283 308 304 308 318 313 320 335 347 334 325 319 315 321 319 323 328 331 336 342 337 341 332 334 329 318 322 330 329 332 326 330 352 5 353 358 19 34 45 58 63 65 65 66 67 68 67 67 66 65 64 63 62 62 36 35 63 64 39 63 62 64 67 68 68 70 74 92 74 76 77 110 89 94 71 83 54 22 65
152 185 227 262 276 283 285 285 285 286 293 285 278 269 260 253 264 289 311 304 309 293 302 321 339 354 336 323 329 325 319 318 325 337 339 336 338 335 344 336 337 334 322 332 328 325 328 325 320 344 357 349 356 1 39 49 62 69 68 67 69 70 71 70 71 71 69 68 66 64 41 37 36 65 69 70 69 67 70 74 73 29 28 15 37 44 59 74 94 99 74 70 39 71 70 68
169 185 278 283 285 286 292 285 285 283 281 278 274 269 264 255 261 308 305 304 307 304 306 320 336 349 334 318 321 320 319 312 327 344 344 338 338 332 340 336 344 336 326 330 338 344 334 329 327 335 344 344 353 4 4 32 68 80 78 73 71 72 73 55 72 71 70 69 69 67 65 64 39 66 33 72 75 76 31 30 63 79 80 108 81 34 37 80 80 79 78 98 81 31 24 66
61 38 322 290 285 283 283 282 282 280 275 272 270 266 270 254 262 311 301 299 306 300 302 314 340 355 318 312 319 320 327 325 326 341 347 347 342 333 338 332 339 331 334 331 341 347 339 331 326 327 336 344 355 6 33 351 39 96 93 80 75 74 75 76 75 73 71 71 72 71 69 67 40 68 69 31 44 55 78 80 80 80 82 84 86 85 84 82 82 84 85 80 76 84 67 64
64 65 292 289 282 278 278 280 280 285 272 269 266 263 260 254 265 309 301 297 303 307 307 315 359 342 309 309 317 322 330 329 329 338 345 347 342 339 340 331 322 326 327 329 338 346 332 336 332 339 345 338 353 17 25 61 66 67 109 92 80 77 77 79 78 77 76 50 76 77 75 73 41 40 39 37 32 56 77 89 79 81 82 84 85 84 81 79 78 81 82 79 78 74 68 46
350 301 289 294 280 276 276 289 288 285 281 278 273 268 259 252 267 310 298 296 296 308 307 307 320 324 306 312 315 322 328 325 325 337 342 341 339 340 343 318 326 337 321 337 326 335 345 329 331 334 343 360 359 16 17 49 90 131 120 114 93 83 80 80 79 78 78 78 49 79 81 80 42 39 37 37 41 40 47 44 79 80 33 82 82 80 78 76 76 76 74 72 71 69 66 65
307 293 288 294 279 276 276 288 287 285 283 280 267 264 257 235 267 304 296 295 300 301 304 319 317 293 298 309 313 319 326 319 316 338 341 338 333 336 344 313 322 334 319 323 321 324 319 340 337 348 350 8 1 50 44 24 87 98 50 126 111 94 87 84 82 79 78 77 76 76 44 46 44 53 48 79 49 49 45 42 52 37 31 79 81 78 74 75 76 77 75 71 15 66 65 65
286 287 298 292 279 277 277 288 285 284 282 281 269 269 254 225 265 298 295 294 300 300 290 311 302 283 313 312 291 316 320 312 313 342 319 334 327 326 345 312 324 335 324 325 330 319 318 327 333 336 359 11 2 89 48 82 88 94 105 117 115 104 95 90 86 84 81 79 78 77 59 56 53 53 43 33 47 44 41 46 53 34 34 77 81 79 74 74 76 76 77 75 70 66 28 29
293 294 293 290 278 277 288 287 284 283 282 282 281 267 253 231 263 299 277 294 292 269 297 321 279 278 304 292 289 309 309 306 323 316 312 328 324 327 346 313 310 331 340 323 320 318 317 316 333 350 335 348 6 64 102 49 84 94 100 84 110 107 100 93 89 87 85 52 48 47 59 49 46 44 38 35 46 44 43 78 42 39 20 4 79 80 77 20 25 76 77 77 72 68 8 70
291 292 302 289 287 287 288 286 285 285 281 268 282 264 253 238 270 251 266 292 282 266 290 285 276 316 307 309 311 310 305 308 329 300 327 318 315 331 341 326 307 330 336 314 307 336 324 340 328 5 344 5 26 77 114 80 45 57 92 16 104 104 101 96 91 89 88 85 55 40 51 51 47 44 43 38 39 44 41 39 35 28 48 36 7 78 80 35 32 4 78 79 78 74 14 46
294 298 292 289 287 288 289 287 287 271 269 269 269 280 256 242 300 268 282 284 283 266 268 263 310 317 314 308 300 303 301 308 300 297 311 285 307 325 331 311 314 329 336 329 279 278 312 304 323 7 9 16 26 91 89 88 61 46 89 86 80 105 102 97 94 92 91 55 84 40 42 48 48 45 45 50 37 44 41 25 3 25 71 72 9 77 37 23 24 77 77 360 80 79 74 15
294 298 292 289 288 291 291 289 298 274 273 271 269 278 257 245 312 282 286 285 275 263 260 287 302 315 314 310 305 299 293 304 285 314 304 270 296 320 319 281 321 328 338 324 253 241 336 151 304 21 36 29 49 93 95 93 63 99 105 103 29 105 103 99 96 62 60 57 54 44 30 41 47 44 47 83 47 36 75 41 17 27 17 21 11 77 33 32 16 25 77 77 5 79 81 75
299 299 292 289 291 291 296 290 290 275 276 271 265 275 257 249 305 281 293 280 258 257 263 257 257 314 314 312 310 300 265 290 298 299 300 232 293 316 268 251 300 314 334 312 347 205 110 311 268 14 50 29 41 100 102 98 75 44 75 114 98 78 105 103 100 62 94 50 88 84 83 39 30 37 47 82 80 76 72 13 26 72 24 13 12 78 81 28 22 22 10 77 78 15 39 81
297 299 293 290 292 303 295 289 298 273 285 266 281 259 254 271 253 261 280 260 258 259 284 253 253 318 314 310 313 308 290 282 294 293 296 262 228 323 252 249 287 304 314 284 192 18 95 124 296 264 43 19 21 96 135 127 120 30 79 111 104 88 70 75 104 100 95 94 91 87 84 83 84 35 39 45 78 73 68 65 15 74 38 28 14 78 83 82 81 80 81 19 16 52 360 36
301 299 293 291 295 292 284 298 295 286 267 302 262 259 251 280 258 260 260 260 260 281 254 247 247 324 320 296 306 312 300 291 298 288 284 258 260 319 233 257 303 290 294 316 205 119 81 164 160 148 351 73 347 142 141 127 117 113 88 109 105 104 104 8 104 103 97 93 93 90 87 85 83 82 28 21 73 71 35 65 0 26 80 39 15 17 83 85 83 81 39 43 38 25 83 86
303 297 294 277 300 293 289 285 293 296 266 264 264 260 252 258 257 257 258 259 279 274 248 241 241 321 330 269 292 302 304 299 294 293 281 277 288 235 231 284 297 233 296 287 303 32 107 169 170 151 134 302 358 148 142 123 116 113 115 114 109 107 105 102 49 104 100 95 94 92 89 40 84 80 76 71 70 71 71 71 71 1 81 84 34 17 19 30 46 87 28 26 43 33 83 84
304 298 295 292 308 294 293 274 289 288 267 266 265 259 254 263 256 256 257 289 283 250 244 238 239 324 278 252 294 290 308 275 296 292 293 268 296 215 227 281 264 233 224 273 265 340 133 169 175 277 159 135 142 149 136 123 121 120 122 121 46 111 106 100 98 101 103 18 97 41 91 88 41 79 74 72 1 74 25 77 75 77 20 89 89 40 20 52 13 48 45 33 51 53 17 84
302 298 297 297 299 296 291 273 291 289 266 267 264 259 285 258 260 259 257 297 286 248 243 239 285 311 257 259 290 272 299 271 295 300 292 296 231 214 273 275 224 271 276 273 287 292 69 167 174 106 308 341 155 146 131 126 132 94 86 126 120 56 108 101 95 24 101 55 97 95 92 90 36 47 29 76 4 20 22 82 81 81 11 30 56 56 49 28 64 23 39 26 25 50 55 90
306 298 300 303 296 298 276 273 296 284 267 268 285 261 262 263 262 260 283 286 251 246 242 240 242 301 271 267 274 262 298 268 289 307 309 304 227 227 286 211 214 207 248 286 281 300 17 168 170 137 323 163 159 142 132 135 139 137 133 130 126 69 118 53 102 101 61 56 44 95 92 89 16 35 17 9 6 2 12 91 19 89 87 28 30 57 56 55 54 37 39 68 92 76 36 97
307 302 302 298 298 298 295 291 299 268 268 268 265 287 285 262 296 300 295 286 249 245 241 239 267 282 267 265 274 253 282 275 291 301 312 266 243 241 197 214 214 205 193 212 253 302 181 125 170 170 300 130 156 146 145 146 91 141 137 133 129 65 126 124 349 350 43 51 51 32 32 91 13 28 9 17 13 4 359 344 355 25 33 59 66 43 48 40 54 58 39 40 45 89 94 100
305 305 301 297 304 302 298 298 296 270 269 267 262 298 303 296 292 299 254 253 248 242 239 237 289 241 252 257 266 269 278 214 278 262 310 260 288 284 208 209 208 201 194 181 12 293 334 178 175 173 67 295 324 154 153 150 148 105 143 138 131 129 131 127 20 354 32 42 39 35 102 340 335 11 15 9 12 20 31 93 93 4 19 34 58 39 51 97 96 73 38 89 93 91 90 93
309 306 301 302 306 300 280 277 275 273 271 267 262 304 302 304 297 287 255 252 247 241 235 263 282 259 247 251 264 273 237 225 271 220 281 266 289 265 187 207 208 201 192 141 154 302 24 182 144 147 127 311 177 161 157 154 151 150 148 101 72 80 136 131 22 108 35 38 34 40 42 38 21 97 101 13 8 356 9 20 157 96 48 33 68 69 62 68 96 94 92 90 90 90 90 90
312 306 302 307 308 308 301 301 277 275 273 269 264 288 311 305 301 256 254 249 243 238 232 296 284 233 214 219 255 246 227 238 271 216 248 244 264 267 204 208 209 199 190 158 166 219 206 161 153 176 148 193 166 290 139 160 141 136 153 105 92 88 75 140 16 353 17 22 21 27 38 36 12 331 101 97 95 95 97 10 28 42 54 31 67 54 65 97 96 93 91 89 89 89 88 88
311 307 311 310 308 305 304 304 277 276 273 290 265 263 315 306 306 254 251 246 239 234 230 299 215 233 232 227 257 242 229 250 266 216 209 259 247 249 204 203 201 262 191 172 171 227 242 161 155 153 152 146 167 165 149 165 142 144 110 117 38 105 87 16 350 339 340 0 347 355 25 30 39 31 21 323 343 9 94 167 347 127 99 97 101 95 93 95 95 93 91 90 88 88 88 88
