examples/cougarCreek-fire/createInputs/WindNinja/wrfout_d3.2015080912.f20/cougarCreekFire_08-10-2015_0800_217m_non_neutral_stability_vel.asc
ncols	146
nrows	140
xllcorner	610065.000000
yllcorner	5095217.000000
cellsize	216.586807
NODATA_value	-9999.000000
[rows 0 to 34 of 140, columns 0 to 78 of 146]
11.27 5.91 3.97 3.92 7.54 2.59 1.11 1.63 3.21 4.79 6.15 7.56 8.20 7.53 6.14 6.19 3.32 3.95 5.54 4.95 4.60 5.79 7.91 9.52 9.63 8.11 7.09 7.79 8.16 6.79 5.33 5.11 6.88 6.69 6.89 7.28 7.18 6.68 6.46 6.95 7.50 7.36 7.39 8.02 8.41 7.94 7.68 8.71 9.33 14.48 10.18 23.61 12.72 16.84 14.47 14.09 17.70 30.26 17.03 16.12 15.18 21.46 15.22 14.12 14.18 20.63 16.04 16.55 19.02 20.84 19.86 18.08 16.26 14.68 14.92 16.91 20.15 24.33 26.93
11.27 5.91 3.97 3.92 7.54 2.59 1.11 1.63 3.21 4.79 6.15 7.56 8.20 7.53 6.14 6.19 3.32 3.95 5.54 4.95 4.60 5.79 7.91 9.52 9.63 8.11 7.09 7.79 8.16 6.79 5.33 5.11 6.88 6.69 6.89 7.28 7.18 6.68 6.46 6.95 7.50 7.36 7.39 8.02 8.41 7.94 7.68 8.71 9.33 14.48 10.18 23.61 12.72 16.84 14.47 14.09 17.70 30.26 17.03 16.12 15.18 21.46 15.22 14.12 14.18 20.63 16.04 16.55 19.02 20.84 19.86 18.08 16.26 14.68 14.92 16.91 20.15 24.33 26.93
18.23 9.31 5.83 10.34 17.38 13.51 4.43 2.41 9.68 10.77 9.69 9.24 8.33 3.83 7.20 5.89 8.13 3.04 3.40 5.10 4.82 6.03 8.04 8.93 8.89 8.42 8.52 9.01 8.20 8.27 7.62 13.35 3.65 4.80 6.28 7.13 16.24 17.44 10.79 19.97 18.19 21.12 21.12 21.72 21.78 12.79 21.18 23.02 22.11 24.00 23.95 26.41 24.89 16.00 14.53 15.27 18.69 29.47 16.14 17.84 26.78 30.86 27.47 29.49 26.95 30.96 16.39 17.87 29.41 21.63 20.72 18.03 23.40 15.63 17.24 24.44 27.03 23.68 25.72
15.36 11.76 7.44 14.72 15.10 12.76 14.22 10.84 9.51 1.27 10.18 10.98 4.12 3.66 7.20 5.03 8.79 8.94 7.92 2.96 5.11 6.17 5.13 8.56 8.20 7.06 11.37 9.63 6.27 6.41 14.83 13.53 11.39 13.15 12.92 11.43 14.18 17.84 18.78 20.64 19.80 20.26 19.48 20.53 20.52 22.21 24.71 22.13 24.92 25.69 25.17 23.36 22.68 16.92 13.96 15.38 18.08 27.52 26.76 30.30 30.46 31.32 30.95 32.74 31.19 31.63 19.40 32.75 28.13 22.64 27.79 29.32 18.02 20.19 22.97 29.65 29.75 23.58 24.14
11.10 18.16 9.25 15.13 16.23 13.35 5.25 10.83 3.23 4.31 11.15 12.39 4.36 4.35 3.04 8.88 11.16 9.18 10.21 8.73 2.32 5.20 7.31 13.87 7.87 6.48 5.33 13.93 13.40 14.05 13.71 13.40 14.08 13.82 16.62 15.16 15.73 20.05 19.13 19.81 21.03 20.25 21.73 22.26 20.63 22.80 25.60 25.71 26.40 25.18 25.63 24.30 23.80 17.27 17.46 18.27 29.41 21.49 30.52 16.96 26.53 35.24 33.67 32.85 36.70 23.35 36.09 25.87 25.38 29.91 34.82 21.67 23.96 26.45 33.85 29.30 25.66 23.65 24.30
16.85 16.03 10.15 15.25 16.33 15.80 15.23 15.50 13.53 10.89 9.16 11.68 7.37 4.08 4.59 3.42 13.00 9.39 8.89 2.36 1.45 4.14 6.45 10.91 15.85 5.95 5.62 15.64 15.21 15.63 15.57 18.37 15.59 15.95 18.64 16.41 18.07 20.42 23.23 22.49 23.41 21.87 23.11 23.38 23.37 24.79 25.16 26.06 26.87 25.64 24.65 24.60 22.49 16.96 23.36 29.48 29.52 22.77 16.52 31.50 29.53 32.76 30.01 35.17 23.84 36.65 33.21 28.25 32.64 38.16 24.02 34.06 35.45 28.11 27.42 25.26 26.52 21.97 23.80
21.92 15.99 9.03 9.04 14.77 14.85 14.43 6.54 14.59 14.50 11.33 9.88 12.78 5.30 3.60 5.32 14.92 11.44 2.94 2.01 1.39 0.58 3.23 6.07 17.19 6.01 18.33 14.87 17.18 17.77 15.86 18.80 18.15 16.93 18.65 16.95 19.05 22.23 20.75 22.75 22.32 24.54 24.39 24.14 25.29 21.74 25.19 25.47 16.24 17.62 17.94 18.26 24.45 26.49 28.21 27.25 27.87 29.85 28.94 29.56 30.42 25.17 26.39 34.38 26.56 29.30 30.56 33.44 40.22 27.61 37.79 33.49 26.16 23.66 21.97 29.60 21.37 21.54 22.36
21.64 20.12 17.11 15.04 14.75 17.67 17.48 14.98 12.51 5.92 11.62 9.98 11.70 8.90 8.31 6.12 12.35 11.34 13.08 1.75 1.98 2.15 3.44 6.05 16.95 6.55 6.12 20.51 17.53 7.05 18.54 20.94 17.12 18.98 20.55 17.66 21.19 22.97 23.48 22.61 23.70 24.91 25.58 23.73 23.82 23.42 21.44 15.67 16.22 16.90 25.72 27.29 26.74 26.33 27.31 27.24 28.32 26.92 28.25 27.08 25.05 25.55 32.38 17.84 30.43 27.12 27.45 32.71 36.82 36.60 27.76 25.73 28.20 31.44 19.18 29.38 20.77 20.38 20.76
23.49 20.34 17.55 16.47 15.51 17.91 18.67 17.19 15.56 13.74 13.89 6.85 7.61 14.50 5.82 4.07 5.13 12.48 11.47 1.97 2.26 3.05 4.19 6.77 18.92 7.35 7.26 21.60 18.04 17.88 19.17 20.86 19.56 20.65 22.83 19.83 23.39 24.38 24.08 24.97 27.26 25.26 27.26 28.66 16.03 25.47 24.73 21.45 27.44 26.84 28.45 27.70 24.52 25.01 22.43 24.64 27.63 25.54 23.74 21.58 25.15 27.54 28.70 29.43 25.66 24.52 25.60 29.99 30.07 27.17 22.88 35.94 29.47 19.69 29.67 28.07 17.78 18.03 20.40
24.59 20.66 17.30 16.93 14.91 17.66 17.74 17.94 16.75 14.01 13.53 13.47 11.70 13.16 17.45 7.37 5.80 4.18 15.17 2.40 1.83 3.49 3.16 6.14 8.31 22.43 7.80 21.67 23.33 20.30 19.69 22.78 22.46 23.37 24.35 22.20 24.91 26.46 24.16 26.14 29.24 28.72 30.46 25.62 28.80 19.11 27.30 29.24 26.82 28.68 28.23 23.91 24.34 25.29 29.16 28.07 27.60 25.68 24.22 27.12 28.26 14.59 27.52 24.74 24.56 26.57 27.76 29.58 27.48 26.24 30.15 21.33 22.79 32.49 32.33 18.36 17.26 19.06 22.37
20.41 24.60 21.14 16.92 16.44 15.04 14.36 16.23 15.88 14.72 14.65 13.35 12.31 11.74 7.60 6.96 5.75 5.50 15.95 12.69 2.73 12.60 3.45 4.72 7.62 21.56 7.55 20.93 22.87 19.59 20.33 24.64 22.82 25.18 26.57 25.88 28.87 28.80 28.45 32.55 30.55 31.07 19.07 29.01 28.40 20.71 29.61 28.02 28.71 25.05 20.33 24.75 30.33 29.38 28.91 29.73 29.31 27.11 29.54 27.46 21.68 27.68 24.13 22.86 25.75 25.32 24.68 25.74 24.74 24.61 28.52 27.18 30.81 29.88 32.85 20.40 19.77 21.75 23.75
21.40 26.13 24.14 22.18 19.76 17.21 14.05 14.36 16.22 16.78 15.80 14.89 14.74 12.95 13.43 14.40 3.56 6.35 13.79 15.37 2.96 14.03 3.75 3.69 6.44 15.09 8.75 24.68 24.91 20.64 22.04 27.29 26.98 29.62 30.27 29.00 29.99 30.60 32.61 32.92 34.98 18.24 30.80 18.87 19.13 19.59 28.88 28.86 25.80 23.66 27.45 29.54 31.05 31.19 31.07 30.74 30.39 29.22 29.28 22.84 27.42 24.49 22.25 23.97 23.64 18.85 18.44 19.09 19.48 19.14 21.33 22.83 17.61 29.78 22.09 22.11 22.05 22.79 22.78
22.92 21.78 22.78 21.79 21.22 17.48 15.35 12.10 12.82 17.13 16.46 16.00 16.15 17.58 8.28 6.45 4.89 17.17 13.96 16.70 14.12 15.58 16.44 3.83 4.62 7.15 9.09 22.16 24.64 14.54 26.38 28.59 30.98 18.84 33.20 32.34 32.96 32.16 30.43 18.75 34.34 18.28 17.85 28.16 16.83 26.04 29.58 25.18 25.27 25.75 29.21 31.63 29.76 30.33 31.45 31.34 29.91 29.28 28.45 27.93 20.01 17.53 20.73 19.35 16.33 15.61 15.23 15.77 16.39 16.50 16.26 16.34 24.03 28.85 20.05 21.85 22.76 22.39 21.35
17.84 18.75 15.76 17.18 18.83 17.04 14.75 8.93 11.63 12.58 12.94 16.34 17.35 19.59 11.07 9.16 6.19 15.15 17.05 15.46 14.85 14.54 15.74 14.55 3.57 5.56 21.53 25.08 22.81 16.96 25.30 30.20 31.79 33.51 31.75 30.73 32.74 33.21 19.31 19.81 30.15 18.35 17.11 15.88 23.90 29.65 29.63 27.16 26.11 29.41 30.61 30.39 27.85 29.19 27.65 26.59 25.78 23.38 23.85 20.86 14.89 15.80 15.45 16.23 16.15 15.40 17.67 17.64 18.59 21.11 14.47 16.76 17.96 18.68 19.64 20.63 20.69 19.80 19.32
14.98 11.69 13.94 12.48 13.49 13.96 14.61 12.99 8.72 10.29 11.64 10.66 13.59 15.86 21.34 11.56 8.48 7.09 18.71 17.56 17.13 16.19 17.36 19.32 4.70 5.83 20.43 21.37 22.72 16.48 23.66 27.83 31.77 30.62 30.07 27.47 30.90 30.87 17.07 18.27 18.68 17.69 16.59 23.56 30.09 28.95 29.86 23.76 24.80 28.75 30.78 30.02 29.80 29.69 28.34 27.45 24.34 21.76 20.92 18.79 16.22 16.34 17.10 14.93 16.98 21.45 22.47 22.77 22.65 13.66 20.32 17.90 16.86 16.55 18.33 18.16 17.06 16.02 16.44
9.81 11.23 13.01 12.76 12.59 14.62 16.32 14.70 12.77 8.20 6.80 8.50 12.56 12.17 14.29 20.80 13.95 12.49 23.56 21.06 19.55 18.99 18.95 20.20 21.80 20.95 21.44 23.36 21.71 15.38 23.09 28.84 29.71 15.31 28.24 28.49 27.00 14.60 14.45 14.51 25.47 16.22 16.77 25.56 30.38 28.54 23.60 23.09 24.45 30.83 29.08 29.47 28.60 26.35 26.83 25.43 21.80 22.72 22.02 19.57 19.52 20.51 21.04 21.51 21.86 21.40 21.34 23.28 18.35 21.96 17.19 16.15 15.02 15.19 15.73 15.55 14.76 14.40 15.65
10.56 10.77 12.51 14.95 13.29 12.80 14.96 14.77 13.76 12.88 10.06 10.28 15.51 16.99 14.06 13.77 15.96 23.92 24.21 24.49 24.43 24.75 23.27 8.80 22.89 22.33 23.21 19.53 14.98 17.82 24.33 28.09 25.40 30.53 26.71 28.82 14.05 14.15 13.96 29.21 14.71 15.93 16.75 17.58 25.66 23.79 23.11 24.24 27.51 30.68 30.51 26.58 24.11 24.82 25.65 18.08 20.60 19.87 22.30 20.29 17.62 20.17 20.38 19.91 20.57 17.83 20.15 21.28 19.01 11.51 9.43 14.00 12.69 12.63 13.59 13.82 13.23 13.43 13.36
12.60 10.26 10.23 13.54 13.53 10.61 10.28 12.99 14.04 13.69 12.66 10.19 12.44 13.56 12.49 9.99 11.66 14.10 17.07 14.77 20.64 21.37 20.70 9.77 22.80 21.58 23.09 18.66 14.70 19.44 27.07 27.57 28.15 29.28 26.76 26.66 14.64 14.77 14.73 29.51 15.12 16.21 16.97 25.05 24.42 23.84 23.67 28.57 28.74 30.42 26.26 21.53 21.86 24.89 19.98 18.68 22.83 18.22 20.21 22.83 20.03 19.39 18.78 19.93 20.05 13.59 12.28 9.68 8.49 6.75 9.16 14.36 14.48 11.11 8.81 7.29 11.89 11.96 12.43
18.67 15.06 13.27 14.37 16.90 15.79 13.03 14.68 16.57 16.68 15.30 11.85 9.58 11.73 14.92 14.00 11.81 13.08 15.86 14.51 16.85 21.21 17.85 22.71 23.48 24.43 22.37 18.58 19.22 23.31 27.40 26.59 29.17 16.90 27.11 26.86 16.00 16.61 27.39 31.27 29.10 30.19 17.71 18.22 25.58 28.85 29.01 28.74 30.56 26.39 23.86 22.08 25.74 26.27 22.69 24.12 23.43 22.85 22.79 21.38 20.83 19.97 19.33 17.62 14.66 11.68 8.71 11.08 4.63 9.43 14.31 14.38 14.25 13.04 13.00 9.37 6.28 11.33 11.06
23.47 19.80 16.32 16.17 18.02 17.52 14.92 14.33 16.56 17.19 15.51 11.56 11.49 11.85 17.50 16.36 17.23 15.63 16.64 15.83 13.86 18.54 15.34 22.78 23.23 25.36 15.39 19.49 23.65 26.56 26.59 28.22 23.88 26.54 15.84 16.34 17.55 18.63 28.57 31.29 31.76 30.31 19.24 19.39 26.89 29.79 29.46 29.64 24.76 22.48 23.01 27.60 17.68 27.57 23.78 23.77 24.04 23.29 22.66 22.90 22.91 20.33 22.29 18.67 17.36 14.68 15.43 15.07 11.47 13.04 13.27 11.55 12.09 11.06 11.11 6.74 7.33 9.49 8.72
21.47 24.02 20.01 18.00 18.99 18.56 16.95 15.70 16.75 17.66 14.64 11.86 14.73 12.45 14.28 18.49 18.68 20.33 20.12 20.31 14.97 21.47 13.85 9.85 16.48 25.53 14.82 20.92 25.10 25.73 26.65 27.62 19.46 25.19 15.95 17.06 18.11 18.83 20.26 29.33 22.54 22.26 21.31 20.36 26.43 25.33 25.41 23.60 22.78 24.87 24.40 29.21 25.72 23.17 16.77 25.35 25.15 23.75 26.46 24.25 22.91 21.71 21.88 20.73 18.16 17.57 14.90 11.96 8.03 10.07 6.42 7.52 9.67 13.44 11.21 7.51 7.20 6.35 6.63
23.29 21.25 21.69 20.71 20.76 19.31 17.36 16.22 16.28 17.47 16.24 14.91 16.85 16.74 11.88 11.83 14.92 18.35 16.58 16.95 16.25 20.39 19.41 19.45 21.06 24.31 22.53 26.36 26.67 25.57 27.96 22.78 17.47 24.26 15.53 16.58 26.93 17.55 30.64 20.23 21.41 21.60 20.97 20.16 26.22 29.20 29.58 23.60 24.93 25.49 29.14 29.59 28.00 24.67 14.96 25.70 16.48 23.50 26.82 24.03 24.18 22.85 23.28 22.47 13.45 18.40 16.72 15.06 6.66 6.65 11.75 11.12 7.67 4.69 3.58 4.91 9.05 7.90 3.20
11.34 12.75 15.19 17.04 19.38 17.91 15.33 15.23 14.92 16.70 16.56 14.68 14.80 18.96 16.31 10.97 9.24 10.78 10.75 16.64 17.01 17.42 17.34 18.26 20.25 24.95 25.10 26.50 25.06 23.47 24.18 19.57 17.94 25.97 13.93 14.88 15.96 16.79 28.40 18.00 18.46 19.00 19.33 19.22 27.06 26.08 24.71 26.08 31.21 30.97 32.18 18.93 17.61 26.14 16.54 17.10 17.41 27.97 24.70 24.63 24.08 23.52 23.13 13.26 12.11 16.31 16.56 15.34 15.71 12.83 13.42 9.82 5.75 11.74 4.52 7.51 8.91 7.37 5.90
12.83 10.85 10.38 16.77 11.85 13.52 15.14 16.34 16.70 17.64 16.88 14.83 15.03 19.68 15.65 15.96 13.94 14.24 14.07 16.13 18.60 17.64 18.86 12.49 8.76 21.85 19.42 25.54 22.23 21.27 24.65 23.96 20.76 26.62 22.02 15.23 15.85 16.95 29.64 17.54 16.52 16.71 18.21 26.06 27.53 29.92 29.34 31.78 31.73 32.00 20.91 20.93 20.50 20.35 18.83 18.76 18.93 18.93 18.85 25.80 23.46 24.52 21.86 24.02 21.89 20.79 19.82 18.29 17.92 14.30 14.93 7.54 9.44 8.63 6.59 7.37 4.66 1.72 2.47
9.89 6.82 15.08 15.08 8.01 10.15 13.06 15.26 16.61 17.07 18.48 16.77 15.54 16.85 17.39 15.68 14.90 14.14 14.65 14.54 17.09 18.39 19.18 18.88 9.66 22.39 25.69 24.60 25.35 25.48 26.71 26.88 24.38 27.53 29.02 16.58 17.12 24.69 27.25 18.41 17.33 26.43 22.23 23.34 27.51 30.10 29.41 30.96 31.45 31.48 21.06 20.60 20.76 20.59 19.66 27.91 27.99 27.31 27.62 17.65 16.15 26.46 17.77 15.63 18.28 22.62 21.64 20.23 19.82 18.42 14.16 11.67 10.76 7.22 6.81 7.01 5.12 4.00 11.01
8.72 6.40 9.10 10.78 12.94 13.85 13.31 16.30 17.04 16.46 18.82 16.54 15.00 15.05 18.59 16.36 16.44 15.20 15.05 14.93 13.94 18.00 19.92 18.55 16.69 21.67 26.82 24.00 29.25 30.33 30.43 25.42 23.99 24.19 28.29 16.78 18.16 31.00 23.08 17.47 16.95 25.45 25.23 27.55 27.36 27.52 26.43 29.51 31.13 33.00 20.51 19.72 19.41 19.07 18.60 26.84 25.55 25.81 16.64 17.00 16.92 23.21 17.57 21.72 22.33 24.97 23.35 19.95 20.22 10.16 11.12 10.36 8.75 5.63 5.06 3.12 5.00 3.93 5.99
11.17 8.77 13.57 9.02 13.07 14.12 11.58 11.98 14.17 14.41 16.41 14.84 14.10 15.46 16.00 18.15 17.71 16.17 15.77 15.48 14.74 17.42 19.27 19.63 18.20 23.25 29.57 25.08 30.50 33.24 27.58 23.85 22.78 25.76 29.09 24.30 33.16 31.47 24.40 24.68 27.10 29.38 28.79 29.35 29.04 30.58 31.40 32.56 33.21 20.96 19.99 18.77 18.34 18.15 18.22 17.55 16.50 15.92 16.91 17.29 24.50 25.41 24.00 22.16 21.48 22.05 15.32 13.24 10.38 8.32 10.42 5.42 3.81 2.88 4.15 11.16 10.04 10.65 6.59
6.02 5.43 4.74 6.77 8.37 10.09 10.92 8.89 7.50 9.05 13.25 14.67 14.02 15.21 13.42 17.00 16.45 15.35 16.30 15.77 15.76 19.01 20.04 20.43 19.38 26.72 35.61 32.60 32.82 33.22 28.30 27.47 26.24 28.90 33.92 37.83 34.21 28.99 26.59 27.78 29.93 31.67 31.53 31.46 31.56 32.57 32.01 32.35 32.27 20.62 19.68 18.24 17.68 18.05 18.03 17.66 17.01 16.94 17.11 17.42 17.15 22.13 15.38 13.84 12.79 13.34 12.21 13.01 18.21 17.98 15.89 13.34 9.66 8.12 2.10 3.67 4.30 7.59 2.67
13.91 11.09 8.62 6.47 5.55 7.49 10.39 12.03 11.32 8.34 10.77 15.50 11.05 15.04 10.88 13.19 15.07 14.71 16.67 16.39 15.92 19.00 21.41 21.04 16.92 22.86 37.18 39.18 38.51 36.29 31.03 32.46 33.46 36.02 37.08 36.05 29.35 27.11 28.49 29.55 30.66 32.87 31.96 30.46 30.02 30.01 28.67 30.00 31.41 20.43 20.22 19.03 18.48 17.44 18.32 17.71 17.24 16.77 16.00 15.05 14.75 14.40 20.18 12.31 11.50 10.67 10.47 11.30 16.76 17.21 15.91 14.11 11.98 9.06 6.85 4.90 2.80 5.98 4.58
16.57 14.17 10.18 6.82 5.39 5.60 8.26 11.52 16.27 14.14 14.57 14.99 15.84 15.66 15.90 13.12 14.81 14.85 16.64 16.62 16.52 18.91 21.37 20.02 18.35 27.09 36.84 35.78 44.39 35.67 37.71 38.51 40.87 40.96 39.20 34.55 28.55 28.39 28.00 28.54 30.01 30.06 28.99 29.62 30.94 30.39 29.68 34.67 20.82 21.51 22.31 21.69 20.05 18.77 17.83 16.33 15.75 15.14 14.63 14.17 14.27 14.17 13.51 12.47 12.50 12.26 17.07 16.79 16.49 14.97 13.93 14.90 9.53 8.10 6.92 6.27 5.56 3.74 3.54
18.08 16.66 13.77 11.69 8.95 7.45 6.12 7.62 11.21 12.84 11.89 15.04 16.93 10.63 16.70 15.65 17.40 17.95 17.30 17.00 17.06 17.71 19.81 20.07 19.90 30.30 40.06 38.14 44.12 37.59 44.27 44.30 44.26 42.75 39.61 32.88 27.26 28.77 25.57 26.31 26.57 26.38 26.87 28.92 30.62 31.78 33.99 22.67 24.30 24.82 24.77 24.31 22.09 18.80 16.43 15.37 14.76 14.51 14.58 20.65 20.17 18.60 13.01 18.79 19.69 19.96 19.40 19.30 13.79 13.48 12.82 6.94 6.65 9.60 7.81 6.58 5.55 5.71 6.05
21.41 19.31 12.17 8.64 7.98 6.38 6.98 7.73 8.61 11.32 10.21 8.86 11.44 13.09 16.36 16.71 19.15 24.28 24.01 23.21 21.43 18.46 17.85 19.17 24.28 39.59 50.71 42.02 39.15 38.88 44.44 39.62 42.99 41.45 35.53 29.31 30.33 31.35 24.66 23.69 23.01 23.53 24.83 25.67 26.59 28.21 30.70 25.44 27.84 28.33 26.77 25.06 22.48 18.47 16.67 16.35 16.25 16.43 16.02 22.31 20.18 18.38 12.80 19.46 19.42 18.65 18.83 18.43 18.11 17.54 15.38 12.39 10.54 10.89 10.34 8.89 6.84 3.98 2.68
24.81 23.23 18.64 11.50 8.17 10.43 10.18 8.71 8.74 8.49 9.78 9.47 13.41 14.03 15.85 19.52 19.40 23.31 28.00 29.78 31.15 29.02 24.05 23.30 34.86 53.79 49.42 43.76 38.70 38.10 38.73 38.14 39.74 37.86 36.20 35.71 36.55 33.69 29.54 28.31 23.12 21.59 22.58 22.45 21.83 20.62 20.05 21.39 23.46 27.09 29.35 29.35 28.07 25.07 22.53 21.28 20.05 18.62 23.71 22.36 21.31 20.61 19.63 18.19 17.53 10.97 10.32 9.29 8.32 6.83 6.88 7.57 7.19 12.63 11.05 5.65 7.46 6.07 10.13
23.75 24.44 22.35 17.41 14.21 13.14 12.87 12.38 9.79 9.39 13.03 13.27 13.45 13.42 18.96 20.72 19.93 20.98 22.33 25.27 31.77 38.62 37.97 31.91 35.43 49.76 56.08 42.06 35.87 34.97 37.06 37.97 38.65 36.12 36.04 36.08 34.84 30.32 27.27 25.11 23.19 22.56 22.17 19.85 17.81 12.40 12.29 13.53 14.30 18.16 24.26 28.99 31.99 32.60 30.44 26.62 22.30 18.88 17.08 16.08 15.30 20.43 19.62 18.14 18.02 18.37 17.29 16.67 16.04 16.96 9.70 2.52 2.53 3.20 4.18 9.52 9.44 9.36 9.07
18.12 22.19 20.06 20.89 15.82 14.78 14.20 14.32 13.65 13.50 15.60 15.83 20.03 19.41 14.28 20.43 17.86 18.20 18.74 19.24 25.38 36.86 45.50 49.57 45.09 50.55 47.27 37.88 32.06 30.50 31.99 33.71 36.44 34.16 32.66 31.21 28.35 24.07 21.20 20.36 20.85 20.29 19.18 17.25 18.68 14.47 12.60 5.43 5.40 5.77 7.87 13.87 19.95 24.82 26.45 25.84 22.91 19.19 16.62 14.72 14.14 13.70 20.62 20.55 18.36 17.88 18.69 12.54 5.29 4.69 4.00 3.53 3.59 11.83 9.34 10.35 10.48 10.05 8.38
