examples/cougarCreek-fire/createInputs/WindNinja/wrfout_d3.2015080912.f20/cougarCreekFire_08-10-2015_0800_217m_non_neutral_stability_vel.asc
ncols	146
nrows	140
xllcorner	610065.000000
yllcorner	5095217.000000
cellsize	216.586807
NODATA_value	-9999.000000
[rows 35 to 69 of 140, columns 0 to 78 of 146]
9.39 9.16 13.56 17.90 16.56 13.22 14.34 13.62 13.24 13.91 12.91 11.06 12.10 15.28 20.56 15.53 14.27 12.34 11.74 22.45 33.82 41.45 46.56 54.93 50.99 45.00 39.18 32.82 29.58 28.60 27.73 29.41 32.99 31.34 31.08 30.02 27.02 24.92 22.93 22.90 22.49 20.72 20.05 19.24 16.72 17.22 17.99 16.70 14.53 1.69 2.78 3.08 6.05 12.02 15.14 18.26 19.17 17.86 16.39 21.69 20.77 21.34 14.54 13.96 9.04 8.39 7.78 7.63 8.05 8.31 7.42 5.63 9.48 3.41 12.87 12.81 12.28 10.26 9.01
13.72 12.26 14.07 16.82 17.46 14.17 12.47 13.80 11.01 10.55 9.98 9.56 10.83 13.71 18.37 24.01 27.68 33.06 36.51 37.19 37.66 39.54 43.76 45.00 41.30 30.13 25.73 27.91 28.68 26.42 23.49 24.55 30.91 34.91 32.98 33.23 31.86 17.73 16.00 15.48 14.68 13.72 14.06 20.43 19.02 19.64 17.95 16.63 19.23 7.32 8.03 8.65 8.76 8.58 9.87 11.65 12.79 13.03 13.08 12.98 12.61 12.53 12.56 19.02 13.44 9.72 9.87 10.32 10.86 16.03 10.47 8.26 5.46 3.12 1.86 3.40 4.93 6.55 2.22
13.61 13.02 14.52 15.82 14.18 13.05 13.20 8.84 6.98 4.29 4.20 8.13 11.08 12.93 11.83 14.76 20.18 23.07 24.55 23.60 24.27 28.32 33.52 35.07 30.40 23.81 20.45 20.00 20.24 16.45 13.78 16.68 22.70 27.59 29.46 29.83 31.69 32.55 31.88 29.48 17.62 24.58 15.89 15.69 15.23 6.54 6.50 14.68 19.76 19.80 22.52 12.17 13.28 21.48 13.17 12.73 11.98 10.89 9.99 9.48 8.42 8.16 8.00 7.78 7.55 7.32 7.48 8.00 8.41 8.79 9.62 9.86 19.07 6.35 3.95 2.73 3.93 5.73 7.54
13.48 15.48 16.79 13.77 9.55 7.04 12.99 12.63 2.26 2.61 7.18 6.46 8.88 10.19 11.77 13.81 16.00 17.95 19.67 22.10 23.82 23.29 25.57 30.12 31.10 27.91 25.16 19.08 13.45 4.19 2.81 8.03 22.08 24.41 24.29 22.53 19.02 16.48 16.33 24.88 27.81 26.10 12.07 10.74 7.99 6.87 7.20 7.55 16.98 17.66 24.07 24.94 27.87 25.39 23.18 23.25 22.68 21.99 14.40 13.07 12.06 11.35 11.16 10.92 4.92 8.80 1.78 0.92 0.77 1.34 2.66 4.45 5.93 6.62 6.60 5.66 3.85 4.42 5.92
14.58 13.93 11.61 9.73 6.49 2.27 13.96 2.99 1.62 4.63 5.88 7.44 11.16 11.94 14.47 15.69 17.40 18.83 18.52 18.62 20.12 23.29 24.77 30.41 31.74 30.10 26.24 19.03 21.21 11.59 6.37 8.78 18.56 27.52 31.47 32.50 32.96 31.92 28.83 16.33 15.23 26.60 12.03 10.93 18.45 23.44 24.45 22.98 22.04 21.81 21.23 22.95 23.23 26.57 31.39 29.07 27.40 26.61 26.27 20.51 18.93 17.29 17.00 17.93 17.69 17.29 17.65 15.63 15.43 14.76 13.45 5.44 3.84 1.72 1.00 3.71 4.71 4.23 4.23
8.77 3.05 2.55 3.49 13.93 12.96 12.69 3.75 2.50 4.17 6.32 6.97 10.10 11.56 15.18 15.73 17.72 19.90 20.28 21.36 24.12 27.06 27.01 30.01 30.23 28.32 24.73 21.49 18.50 13.91 8.51 11.50 20.29 25.85 29.48 33.65 35.50 36.44 38.58 30.74 28.83 28.21 27.08 18.14 15.71 14.69 14.87 15.72 15.33 28.31 28.02 26.79 25.58 22.94 18.10 18.06 25.81 26.23 16.65 24.44 30.51 28.42 23.74 22.67 21.62 26.16 26.12 20.95 21.32 20.93 20.24 18.93 18.09 9.97 8.61 7.06 4.12 2.39 3.78
7.69 7.33 5.86 7.99 13.52 11.75 11.13 4.60 4.61 5.09 6.49 7.67 9.18 11.17 15.23 16.74 19.49 21.67 22.53 24.82 26.76 28.04 29.97 29.79 29.97 29.60 29.64 26.47 20.44 15.59 11.85 16.77 24.81 27.00 28.93 33.07 37.44 37.12 35.51 37.72 40.50 38.94 37.86 37.04 36.99 33.34 23.25 21.86 33.24 33.31 33.51 32.87 22.56 33.80 32.27 31.87 28.53 27.79 16.62 15.82 28.26 25.46 27.41 28.46 28.64 28.79 28.45 26.84 24.30 24.70 25.01 27.80 22.64 23.12 21.29 20.95 12.07 9.49 6.64
2.42 5.50 7.82 5.11 4.34 11.21 6.64 5.27 6.79 7.10 7.84 9.20 11.05 14.02 16.75 19.51 21.58 23.63 24.78 25.68 26.97 29.29 30.65 30.68 31.63 30.94 32.15 29.92 25.84 20.90 17.62 19.54 24.47 27.51 29.29 32.89 35.34 35.38 35.15 35.58 38.07 38.35 37.18 36.24 36.45 35.32 37.00 38.64 39.81 28.10 38.67 37.94 36.03 35.22 34.02 19.85 18.48 30.34 29.08 28.96 15.68 29.21 29.08 14.12 7.58 5.87 5.38 5.41 5.20 5.48 6.07 6.43 5.68 3.70 3.87 5.80 19.55 22.64 12.92
7.72 6.20 4.20 14.81 13.47 12.47 5.95 7.68 8.37 6.94 7.94 11.87 13.44 15.02 18.95 23.18 23.02 24.82 24.93 25.94 27.89 29.59 31.40 33.09 32.62 31.15 33.08 32.89 30.84 24.53 26.70 26.58 24.64 27.19 30.40 34.45 35.58 35.34 34.72 33.50 33.55 34.78 34.06 31.72 29.74 31.79 34.71 35.88 37.81 39.56 39.09 39.23 41.05 39.39 37.19 36.76 35.32 34.15 24.37 13.75 9.92 7.47 6.37 6.24 5.70 5.41 4.27 3.71 9.20 3.69 9.99 10.64 11.03 11.50 12.27 4.40 4.49 4.59 18.05
13.13 13.02 14.63 3.56 10.49 12.43 7.46 11.07 11.26 10.93 15.06 17.18 19.31 20.55 21.91 24.90 24.70 27.35 26.48 27.22 30.88 33.26 35.51 35.49 33.14 31.63 34.39 34.91 33.69 27.36 34.98 36.38 37.19 36.26 32.99 34.01 37.20 36.19 35.44 34.55 31.49 27.43 24.07 22.97 26.82 33.33 39.27 41.31 42.37 39.80 36.66 35.97 36.86 34.94 31.36 24.40 14.44 13.74 13.03 12.29 10.50 8.35 7.73 11.08 9.94 8.99 7.96 6.73 5.85 5.76 6.27 6.92 7.80 8.70 9.37 10.42 12.62 14.49 4.18
2.70 4.21 6.44 11.45 14.48 13.54 14.79 14.81 16.34 20.97 18.38 21.10 21.42 20.70 22.40 25.31 28.59 27.28 26.32 28.67 31.72 35.73 37.09 38.01 34.78 32.76 35.01 36.02 33.14 31.97 39.18 40.29 41.25 42.50 40.93 39.98 37.69 36.46 36.53 34.90 27.14 22.87 21.90 26.02 33.49 38.09 40.38 37.03 37.31 38.96 34.47 23.70 18.65 15.33 12.79 9.76 12.41 10.81 11.68 12.43 12.71 16.07 14.80 13.05 11.63 10.67 8.38 7.29 7.90 5.66 11.22 6.24 6.33 7.54 8.08 7.09 11.29 6.96 6.54
19.02 18.53 18.83 16.83 17.44 17.99 21.72 22.47 24.70 22.00 22.03 19.84 20.19 21.64 24.59 26.63 27.15 25.24 28.09 31.03 33.25 38.49 39.80 39.79 39.26 37.10 38.50 39.61 37.64 41.47 44.83 45.07 44.99 45.25 44.96 40.85 40.46 42.18 41.26 35.50 31.93 30.62 32.31 35.49 38.04 43.17 41.12 33.56 26.62 15.52 15.62 14.48 13.66 12.64 11.00 9.25 10.24 15.30 18.55 20.81 21.33 20.47 18.91 17.35 15.72 11.95 12.77 12.15 11.10 9.89 9.12 8.83 8.90 11.77 11.94 13.95 11.52 10.46 8.00
20.83 19.99 19.48 15.12 18.41 21.43 23.78 26.29 26.11 24.92 19.73 19.21 18.77 20.84 21.97 21.57 23.18 25.85 30.47 34.05 36.67 40.01 41.48 42.42 43.17 43.45 42.86 41.58 39.82 42.60 46.80 46.09 42.37 49.38 46.46 41.38 43.12 46.70 46.56 44.55 40.48 39.98 39.46 39.36 43.81 36.71 33.83 28.51 21.09 16.97 15.21 14.73 14.18 12.32 11.35 13.14 20.25 24.47 25.62 26.13 23.39 21.83 21.34 20.77 19.84 18.00 15.99 14.88 13.57 12.35 11.49 13.54 12.97 13.44 15.02 15.74 11.95 11.65 12.65
20.53 20.81 20.59 21.48 24.60 25.41 24.36 24.56 22.12 22.88 20.37 19.28 18.71 18.41 17.10 23.48 26.83 28.90 31.65 33.57 35.27 39.62 42.15 44.15 43.87 45.81 44.21 42.68 43.24 45.55 47.34 48.44 42.38 55.96 50.10 42.93 47.53 50.54 50.02 55.47 50.46 41.15 37.52 36.07 41.07 35.75 28.68 21.12 16.66 16.62 20.32 25.14 24.71 22.73 22.28 24.45 27.93 28.89 27.32 26.79 26.38 26.19 25.72 24.30 22.51 20.65 18.96 17.42 17.56 15.91 14.17 17.09 15.13 16.40 18.91 15.51 15.62 11.60 13.04
20.72 21.66 23.45 24.50 25.28 25.46 22.99 19.96 20.93 22.82 22.46 20.80 20.03 19.18 23.43 25.61 29.87 31.93 33.30 33.18 30.59 36.54 41.41 40.99 42.52 44.06 42.50 44.80 46.29 41.98 51.69 45.39 47.43 53.49 53.91 48.30 48.36 54.41 54.39 58.48 42.59 51.40 35.20 33.41 36.93 40.16 33.32 26.24 23.93 27.30 31.87 31.95 29.92 27.85 27.56 28.58 29.14 28.86 27.14 26.04 25.73 26.04 26.02 25.24 24.45 22.78 21.08 18.50 18.73 18.66 17.23 15.20 15.57 15.36 14.47 13.25 12.12 10.24 12.42
21.85 23.02 24.30 24.12 21.95 15.90 16.65 19.94 22.24 23.22 20.24 17.88 19.44 23.00 26.95 29.89 29.97 31.02 30.66 31.21 30.38 32.10 34.79 36.61 38.18 38.70 36.84 39.66 41.11 39.01 48.98 41.88 41.88 48.14 49.54 44.35 48.74 55.22 55.67 55.78 54.14 50.05 46.58 36.63 31.89 36.16 35.41 31.90 32.52 34.11 34.25 32.65 30.23 27.34 25.91 26.18 27.04 27.91 28.51 28.03 25.20 24.04 23.92 24.14 24.33 24.28 23.73 22.56 20.92 19.58 18.88 18.19 17.20 15.42 14.88 10.90 12.86 12.61 12.77
23.83 23.85 23.65 19.34 13.72 17.77 21.78 22.72 23.25 21.47 20.51 25.76 20.82 26.46 27.34 31.30 30.01 30.64 29.77 31.09 31.77 30.78 30.74 30.69 27.73 28.75 27.70 29.12 32.88 29.75 36.41 32.14 31.36 38.55 39.03 34.54 42.08 46.61 47.66 48.40 46.32 44.51 43.73 41.70 36.93 34.30 23.22 20.82 22.39 24.66 26.06 27.96 29.35 29.71 28.11 25.97 26.63 27.58 27.93 27.94 26.70 25.73 21.41 21.77 23.36 24.60 26.27 24.91 26.08 25.23 22.73 21.60 19.83 18.31 18.29 14.05 13.53 13.10 13.04
25.01 23.87 21.73 17.38 19.71 21.87 22.21 23.67 25.40 21.49 19.62 24.74 30.58 31.67 32.28 30.80 30.29 30.15 31.06 31.81 31.07 28.79 26.48 17.51 25.92 23.31 25.69 27.91 26.88 28.02 27.20 24.33 24.83 31.97 31.00 28.04 33.09 35.85 36.56 40.35 41.02 40.18 39.60 39.23 40.58 32.89 27.24 17.51 14.96 16.57 19.19 21.94 25.89 29.91 29.20 27.84 28.70 29.17 28.63 27.72 26.70 28.11 26.58 21.34 21.55 22.68 22.57 22.70 26.74 26.76 19.16 16.71 15.49 14.63 14.12 13.84 13.59 13.28 13.45
24.25 24.15 20.54 21.01 22.35 24.97 26.68 28.23 26.48 22.78 26.71 28.27 32.52 30.50 29.04 29.57 29.39 27.75 29.71 31.11 30.28 30.47 26.38 28.73 28.87 24.14 26.04 28.59 26.94 24.12 23.96 24.20 19.16 26.01 22.07 22.64 23.79 26.81 28.55 31.48 36.48 36.95 36.11 36.27 35.56 33.18 32.35 29.51 27.21 23.96 19.97 21.14 23.30 25.07 24.81 24.35 27.64 30.89 31.28 30.40 29.33 29.56 28.65 26.04 23.92 23.26 18.68 23.34 22.92 22.46 21.40 19.42 18.89 19.54 18.67 17.72 15.69 8.93 13.07
23.00 24.31 22.91 27.77 30.47 30.37 28.56 26.49 24.68 24.45 30.33 26.75 28.70 26.75 24.68 26.88 28.02 26.45 27.53 28.17 29.24 29.94 27.55 26.96 27.91 26.44 25.83 23.82 19.90 19.59 20.56 17.79 14.32 19.67 18.08 19.36 25.98 30.54 29.12 31.56 34.77 34.64 33.94 32.11 27.26 25.56 26.25 25.97 24.82 25.12 25.29 29.49 24.96 24.83 22.56 21.31 25.07 28.53 28.62 28.29 27.87 26.39 25.32 23.66 22.07 21.32 21.45 21.59 21.12 19.97 18.11 17.58 18.80 13.35 18.96 16.01 14.48 14.34 15.55
22.14 24.11 28.95 34.24 29.73 27.19 25.45 26.35 31.64 33.32 31.45 25.97 26.02 25.93 26.62 28.08 29.47 28.61 29.00 29.01 28.06 27.13 24.40 22.24 21.84 23.13 21.62 18.45 16.37 17.76 19.02 13.95 12.68 16.73 20.35 17.54 22.31 21.78 25.78 28.52 27.38 30.07 30.62 29.37 26.62 22.84 21.64 22.16 23.13 24.49 25.65 24.58 29.67 23.30 22.38 21.24 22.77 22.99 22.53 23.13 23.84 25.54 19.51 11.18 18.25 16.19 14.38 20.73 8.24 16.36 16.13 15.28 6.43 18.25 12.78 12.78 16.93 16.70 3.61
21.39 23.20 26.07 29.08 25.60 19.42 21.43 32.68 32.21 31.97 28.80 26.09 21.53 26.50 26.38 28.29 30.12 29.36 31.26 30.97 27.54 25.21 22.95 20.99 19.44 19.03 16.87 15.11 16.07 16.76 15.80 15.06 13.09 15.24 18.11 15.96 20.10 17.12 17.14 18.95 22.17 22.20 26.20 23.83 24.83 21.86 17.75 16.86 16.91 19.14 24.11 25.16 24.64 23.19 20.75 22.02 21.76 21.49 20.67 20.72 17.59 18.86 21.81 21.92 21.28 20.09 9.81 17.18 17.47 17.50 17.23 11.52 8.81 3.36 13.07 12.25 12.19 12.91 13.84
20.77 22.79 20.93 18.02 15.68 15.31 26.90 35.58 31.22 24.56 20.73 19.55 23.80 21.68 21.85 23.83 22.71 23.83 31.82 29.96 26.32 24.47 21.46 19.68 19.19 18.34 16.14 14.32 15.97 16.53 14.40 13.11 12.38 11.79 11.68 12.78 19.68 17.56 14.80 17.41 20.02 19.31 19.56 20.76 20.23 19.10 16.10 17.58 17.30 14.32 14.57 20.37 21.41 21.97 17.53 19.10 17.43 11.43 13.17 15.18 16.82 15.82 21.40 21.15 21.02 21.12 20.65 19.70 18.85 17.63 16.44 16.04 5.54 14.81 13.96 13.26 13.12 13.72 14.07
19.53 17.08 16.88 9.77 15.94 26.34 34.24 31.32 23.96 18.51 11.05 16.33 22.04 12.47 9.30 13.16 20.50 27.82 25.92 22.98 25.53 25.22 19.32 16.83 18.02 16.15 14.68 14.16 15.37 16.07 14.44 13.44 14.28 13.61 12.36 11.92 19.27 17.25 9.77 17.50 16.95 16.58 16.03 16.96 17.47 15.19 15.48 16.39 17.58 17.49 17.01 15.57 14.14 14.79 9.95 5.15 8.94 10.32 16.48 19.32 16.35 15.02 15.57 14.47 13.06 12.37 19.02 18.45 17.67 16.60 15.84 11.61 15.25 14.94 14.61 14.36 14.19 14.23 5.70
18.94 16.30 11.36 20.28 24.43 24.93 30.16 26.48 19.32 11.25 11.47 15.20 6.17 10.34 8.80 13.36 22.50 25.78 21.92 18.03 24.18 23.61 19.26 18.69 17.68 15.33 14.56 14.87 15.25 15.62 14.01 14.92 18.16 16.77 18.19 10.49 16.73 17.89 15.39 13.17 15.50 16.68 13.34 15.11 15.17 16.91 17.64 18.14 15.45 16.77 18.87 18.64 14.67 12.88 11.91 11.25 10.90 10.09 10.87 14.58 18.17 19.64 20.01 19.95 20.02 19.75 10.84 8.93 8.05 10.33 15.77 15.56 15.12 15.39 15.39 14.97 14.51 14.20 5.37
19.86 16.26 13.97 20.19 27.97 28.56 24.51 18.74 8.33 10.19 13.21 13.72 13.46 11.47 13.83 21.84 28.71 25.50 17.49 16.06 23.77 24.53 22.32 20.01 16.28 15.19 16.01 16.05 14.64 14.88 16.09 17.69 17.74 17.19 18.35 14.13 9.73 16.17 15.42 15.02 13.19 16.36 16.55 16.92 17.35 15.10 14.86 9.52 11.00 12.73 19.07 18.51 19.65 20.15 19.98 18.70 17.01 14.07 12.38 15.01 17.96 18.82 18.89 18.76 18.84 13.82 14.01 17.12 16.44 16.08 16.34 16.37 16.06 15.87 15.56 15.02 7.32 7.15 14.69
19.53 18.57 14.27 26.17 28.37 26.27 19.76 7.39 8.94 8.31 11.54 14.54 18.12 18.63 22.80 29.58 30.60 23.84 15.66 15.18 21.94 22.99 21.29 17.38 16.02 15.41 15.28 14.94 15.13 17.07 18.99 18.83 16.87 16.78 18.09 15.79 7.81 14.68 15.70 15.07 13.37 14.93 16.06 16.19 17.42 16.86 16.67 15.44 6.64 13.44 15.56 19.46 22.09 22.47 22.65 22.24 21.40 20.86 21.33 22.05 22.11 21.04 19.22 17.50 16.96 17.71 18.23 17.82 17.02 16.73 16.85 16.67 16.29 15.88 8.84 8.57 14.82 14.97 15.00
18.33 14.06 10.41 23.50 22.70 19.74 17.29 3.31 8.60 11.31 13.06 20.50 23.21 25.91 30.47 32.36 28.25 20.05 15.37 22.54 20.84 20.82 20.83 19.34 18.08 16.30 15.47 15.69 16.75 18.29 18.67 17.80 14.78 16.98 17.88 15.85 14.24 13.76 14.87 13.64 13.97 13.75 14.24 14.83 15.79 16.42 15.41 14.57 13.17 11.67 11.97 15.13 19.99 17.92 17.44 17.86 19.08 21.82 24.54 25.03 24.78 23.99 22.02 19.94 18.58 18.57 19.30 18.76 17.86 17.47 16.98 16.47 16.10 15.91 8.76 15.15 14.80 15.01 15.17
13.13 4.25 9.57 12.67 11.00 10.80 11.91 13.95 15.83 18.13 21.15 24.80 28.02 32.23 35.58 32.91 24.64 17.39 15.70 21.91 21.55 21.38 20.39 19.07 16.85 16.25 16.14 16.58 17.62 18.59 19.07 17.06 16.44 18.22 15.56 15.38 13.87 14.35 14.05 13.52 13.34 13.97 15.20 14.12 14.09 14.31 14.11 14.35 14.32 13.13 13.55 15.26 18.94 13.69 12.54 13.82 16.80 20.06 22.41 23.14 23.38 23.53 22.81 22.16 21.77 21.09 20.26 19.06 17.86 17.30 16.90 16.45 16.11 15.91 10.31 15.08 14.52 14.65 15.01
4.11 3.10 10.60 19.80 21.69 19.37 19.03 20.33 23.07 25.32 26.11 27.83 32.50 36.41 36.40 31.61 23.94 19.99 18.39 22.02 22.23 21.24 19.61 18.37 16.64 16.37 16.22 17.39 18.95 19.55 19.16 20.63 17.91 17.62 13.75 13.71 13.31 12.14 12.92 13.66 14.34 14.22 13.40 15.82 14.30 12.88 13.18 12.61 8.87 14.38 12.85 13.47 14.75 17.37 11.51 12.29 15.34 18.54 20.62 21.36 21.55 22.10 21.82 21.23 21.75 21.58 20.07 18.38 16.98 16.55 16.66 16.29 15.89 15.61 15.40 14.63 13.66 13.67 6.85
7.92 2.34 9.20 18.16 23.64 23.68 23.83 26.67 30.17 31.40 30.64 33.14 36.93 36.96 33.19 28.28 23.97 21.77 20.79 23.50 18.44 17.73 19.54 19.62 16.31 14.10 14.58 17.15 18.67 18.71 19.14 20.23 16.71 14.41 13.19 13.69 13.42 13.31 14.00 13.27 14.58 14.52 13.40 15.44 14.83 14.48 12.51 11.24 6.50 7.90 13.65 12.38 14.35 17.15 11.73 11.72 14.29 17.67 19.97 20.50 20.50 21.66 21.78 20.43 20.64 21.26 20.16 18.33 16.85 16.25 16.31 16.13 15.70 15.40 15.46 15.16 13.95 13.39 13.58
7.81 3.28 9.16 19.28 24.44 27.15 28.89 32.86 35.57 35.90 36.39 39.30 41.71 39.42 33.46 26.68 22.86 20.87 20.99 24.72 23.53 14.24 21.33 19.57 14.34 12.12 13.04 16.78 18.86 19.11 19.05 18.73 16.25 14.37 14.67 14.74 13.72 16.33 15.62 10.28 13.46 14.65 12.52 13.24 14.46 15.12 14.09 12.58 12.29 4.28 8.38 12.72 15.24 13.45 11.44 11.50 13.31 16.55 19.24 19.92 19.55 20.60 21.55 20.04 19.50 20.63 20.18 18.34 16.93 16.11 15.81 12.55 12.24 15.28 15.59 9.04 15.03 14.26 14.18
4.67 4.25 10.09 19.63 28.39 34.17 36.74 37.95 38.49 39.22 38.20 41.58 42.15 39.98 34.71 26.57 21.96 19.14 22.42 25.13 19.62 18.03 17.31 18.40 14.39 11.16 12.32 17.74 20.69 21.81 19.63 17.26 14.17 12.80 14.01 14.33 12.85 14.82 15.54 10.44 14.25 13.92 9.17 8.28 10.39 14.30 14.80 14.88 12.01 8.05 7.71 12.22 14.60 14.48 10.55 11.08 11.94 14.49 17.54 19.01 19.12 19.30 20.34 19.63 18.42 19.31 19.66 18.00 16.36 15.91 11.32 11.37 12.38 15.04 15.13 15.08 14.59 14.31 14.10
2.03 0.66 12.62 24.74 35.48 39.18 36.91 39.75 39.65 40.39 40.56 40.00 39.26 37.75 34.25 26.66 21.86 19.04 22.14 25.48 19.80 19.49 19.46 14.85 13.20 7.62 11.48 18.63 21.64 21.47 18.31 14.34 13.66 12.92 13.68 13.99 13.68 14.14 13.25 9.53 13.16 9.83 8.97 9.31 9.53 9.76 11.28 13.70 12.27 13.72 11.36 11.44 12.67 11.80 12.39 11.31 9.64 11.90 15.48 18.08 18.88 18.14 18.64 17.66 18.16 18.23 18.83 17.71 15.91 15.63 15.62 15.22 9.47 15.11 10.05 14.42 14.22 14.14 9.33
3.13 3.54 7.70 29.24 39.68 40.66 39.96 38.86 38.97 40.16 39.56 38.07 37.45 36.46 34.95 26.31 21.30 15.40 22.54 25.24 20.49 19.46 15.99 13.10 11.43 6.32 13.94 19.28 22.05 20.01 15.99 16.45 14.96 15.09 15.91 15.09 14.60 14.21 13.91 9.42 9.84 9.43 13.08 9.68 9.43 9.62 11.64 14.18 13.13 12.44 11.70 11.49 12.34 12.45 9.51 7.25 9.05 8.83 13.19 17.32 18.74 17.66 17.62 18.30 17.75 17.25 17.69 17.43 15.79 14.99 15.38 15.47 10.32 15.44 15.63 9.25 11.76 7.68 14.10
