examples/cougarCreek-fire/createInputs/WindNinja/wrfout_d3.2015081200.f23/cougarCreekFire_08-12-2015_2300_217m_non_neutral_stability_ang.asc
ncols	146
nrows	140
xllcorner	610065.000000
yllcorner	5095217.000000
cellsize	216.586807
NODATA_value	-9999.000000
[rows 84 to 125 of 140, columns 0 to 93 of 146]
304 304 304 305 305 305 306 288 285 285 307 307 280 307 307 307 295 305 305 280 290 303 303 303 303 283 301 285 282 286 272 269 295 295 263 292 269 289 271 285 285 286 285 282 279 278 277 276 262 271 254 270 257 254 250 266 266 265 247 264 248 244 242 238 227 222 238 240 222 220 217 237 219 234 229 221 216 219 225 254 251 250 249 249 249 249 247 247 246 244 244 241 241 239
304 304 304 304 305 305 306 287 285 289 307 292 292 291 307 306 306 287 281 277 294 303 303 302 302 283 283 281 282 298 270 269 295 295 266 270 269 274 287 285 285 286 285 282 279 278 277 276 274 271 271 272 271 268 267 267 267 267 265 265 264 245 262 245 226 223 223 259 239 223 221 241 239 221 223 221 220 220 254 254 253 252 250 249 249 219 249 248 247 246 244 243 242 240
304 304 304 304 305 305 305 305 286 307 306 282 307 287 307 306 286 285 278 287 302 303 303 276 302 283 300 280 282 270 269 284 266 295 266 275 265 263 289 287 273 284 284 282 279 278 277 276 275 273 272 271 270 269 268 268 268 268 267 266 265 264 263 262 228 226 226 239 239 237 237 226 227 227 224 256 223 254 253 253 253 230 252 250 250 249 249 248 248 218 245 244 242 242
304 304 304 304 305 305 305 306 306 307 306 290 307 286 287 286 286 286 278 290 302 302 303 302 278 282 299 279 298 270 297 283 295 294 294 293 291 291 266 263 284 282 282 282 280 279 278 277 276 273 272 271 270 270 269 269 268 268 267 266 265 265 264 263 243 229 229 240 240 259 258 227 228 232 227 229 228 225 226 225 253 237 252 251 251 250 249 248 248 247 246 245 244 242
304 304 304 304 305 305 286 306 307 307 306 289 306 291 285 286 285 277 277 302 302 302 302 301 279 300 299 298 298 297 281 275 267 294 294 266 291 290 263 286 283 281 281 282 281 279 279 277 275 274 272 271 241 271 270 270 269 268 268 267 266 265 265 264 232 232 242 230 230 230 260 230 227 226 255 255 255 256 256 233 254 253 252 251 252 251 251 250 248 246 246 245 244 244
304 304 303 304 304 305 285 306 306 307 306 281 306 307 285 287 284 285 284 301 302 302 302 277 300 300 299 298 298 298 297 278 268 294 294 293 291 290 263 286 284 282 282 282 281 280 278 277 275 274 273 272 242 240 271 270 269 269 268 267 267 266 265 234 246 232 232 232 232 232 231 231 231 228 230 232 231 256 256 255 254 253 253 253 252 252 251 251 249 248 247 246 245 243
303 303 303 304 304 304 305 306 306 306 305 285 306 307 285 287 284 277 276 301 302 302 302 301 300 300 299 299 279 278 278 271 269 294 293 293 291 289 288 286 285 284 283 282 281 279 278 277 276 275 274 273 272 242 272 271 270 269 269 268 268 236 267 236 235 234 234 233 234 235 233 232 258 258 232 229 232 229 233 255 254 253 253 253 253 252 252 251 250 249 248 223 219 217
303 303 303 304 304 305 305 306 306 307 289 284 306 283 283 286 281 303 302 301 302 302 278 301 301 300 282 278 278 278 272 270 268 294 293 292 290 289 288 286 285 284 283 282 255 280 279 278 277 275 274 274 273 245 272 272 271 270 269 269 268 238 238 238 237 265 235 235 242 238 261 232 259 259 259 237 231 257 231 234 232 232 230 253 253 253 252 252 251 250 250 248 245 222
303 303 303 304 304 305 305 305 306 306 287 284 290 283 283 283 281 277 302 301 302 302 282 302 301 300 276 280 280 279 272 296 295 293 291 291 265 288 272 276 285 284 275 282 282 280 279 278 277 276 275 274 273 251 249 272 272 271 270 269 269 268 239 240 238 266 265 236 237 237 261 233 260 260 236 234 233 233 234 239 238 233 254 228 252 230 229 228 252 252 252 250 248 246
303 302 303 304 304 304 305 304 305 305 304 283 305 282 305 282 282 280 302 302 302 302 282 302 301 283 280 280 280 272 274 295 294 293 292 274 290 288 287 286 286 285 284 283 282 281 280 279 277 276 276 275 274 249 250 244 272 243 271 270 269 269 241 244 240 267 266 238 237 237 240 233 261 261 235 233 233 258 241 249 256 256 237 253 252 229 251 228 236 251 230 229 246 248
303 302 302 290 304 304 304 304 304 304 304 305 284 304 304 304 281 280 302 302 302 302 302 282 300 284 281 273 272 273 270 274 268 272 276 291 290 289 288 287 287 287 285 283 282 281 280 279 278 277 276 275 275 274 255 250 249 251 244 271 270 269 241 251 267 245 240 266 239 238 239 234 262 261 236 234 234 232 240 240 237 236 254 239 235 232 231 251 227 227 248 248 248 247
303 302 302 303 303 304 304 304 304 304 305 305 304 282 304 281 281 281 278 302 302 301 301 300 300 299 276 275 298 297 296 269 273 279 293 291 291 290 289 277 287 287 285 283 282 281 280 279 278 277 276 276 275 275 265 271 265 259 254 245 271 270 244 255 267 264 254 242 241 240 243 238 237 236 235 259 258 258 238 240 238 239 254 254 253 234 251 250 250 249 247 246 246 247
302 302 301 302 303 304 304 304 304 304 304 305 304 282 282 281 281 283 278 302 301 281 300 300 300 283 274 274 274 283 297 275 295 294 293 292 291 291 280 287 287 286 285 284 283 281 280 280 279 278 277 276 276 275 275 274 274 274 273 272 249 245 247 244 248 258 267 253 247 246 245 239 239 238 235 236 259 258 234 256 249 251 254 245 253 252 228 250 231 250 248 246 224 246
301 302 303 301 303 302 303 304 304 304 304 304 304 283 304 304 282 281 279 302 301 301 301 301 300 276 275 275 298 298 297 296 295 295 294 293 292 291 289 287 287 287 286 285 283 282 281 280 279 278 277 276 276 276 275 275 275 274 274 273 273 251 247 246 249 268 267 266 266 265 265 264 264 243 237 237 260 259 257 232 255 251 255 255 255 252 229 249 249 242 242 228 244 243
300 302 303 302 302 303 303 303 304 304 304 304 304 283 303 304 282 280 278 302 302 302 302 301 301 275 275 299 299 298 298 280 296 295 279 279 278 279 277 273 287 287 287 286 284 283 281 280 279 278 277 277 276 276 275 275 275 274 274 274 273 272 271 270 262 268 267 267 266 265 265 265 264 242 239 237 236 260 259 235 256 255 255 254 253 252 250 252 250 249 248 245 244 246
298 300 302 302 302 303 302 303 304 304 304 304 303 304 303 304 303 302 302 303 303 302 302 301 276 276 299 299 275 276 298 297 296 280 280 280 279 274 273 278 286 288 288 287 285 283 282 280 279 278 278 278 277 276 276 275 275 275 274 274 273 273 272 271 270 269 268 267 267 266 257 248 246 263 243 239 235 260 259 258 233 234 256 231 231 252 251 250 253 249 250 248 244 243
300 300 301 303 302 301 302 302 303 304 304 304 304 283 303 303 303 302 303 303 303 281 301 276 300 299 299 299 274 277 282 298 297 296 275 274 277 290 288 287 288 290 289 287 285 283 282 281 280 279 279 279 277 277 276 276 275 275 274 274 273 273 272 271 270 269 268 268 267 262 253 248 247 246 250 261 261 236 260 259 235 234 255 254 253 252 253 251 250 249 247 249 248 243
301 300 301 303 301 301 302 302 304 303 303 303 303 303 303 302 302 302 302 302 302 301 300 280 299 300 278 274 274 299 299 282 278 275 273 272 294 292 292 291 289 290 289 287 286 284 283 282 281 279 278 278 278 278 277 286 284 284 274 274 273 273 272 272 272 271 269 268 267 267 264 260 258 259 263 262 254 242 236 236 235 236 255 244 254 254 254 253 251 250 249 247 249 247
300 300 301 304 303 302 302 302 303 303 303 302 302 301 303 302 302 302 281 302 279 300 300 299 300 300 278 275 277 299 299 298 277 275 273 274 282 282 279 270 288 287 287 264 270 285 268 276 281 279 278 278 279 279 285 279 274 280 282 274 274 273 273 272 271 270 269 268 268 267 266 266 265 264 258 263 262 261 240 236 258 257 256 255 254 252 252 251 251 251 250 249 248 247
299 299 301 303 304 302 302 303 302 303 302 302 302 302 303 301 302 302 302 302 302 301 301 300 300 300 278 276 279 300 280 277 277 276 278 274 275 274 269 266 265 286 286 286 276 274 276 283 278 278 279 279 279 279 289 286 283 284 275 274 274 274 273 272 271 271 270 269 268 267 266 266 265 265 260 263 243 241 238 235 235 237 239 237 254 252 251 250 249 247 248 249 246 247
300 299 300 300 303 303 301 303 304 303 302 302 302 302 302 302 302 302 303 281 302 302 301 301 278 300 278 276 280 279 276 276 277 276 275 271 271 272 271 269 268 263 268 278 282 285 284 284 280 275 266 273 278 278 278 290 289 276 275 275 285 284 273 272 272 271 270 270 271 266 266 264 265 263 263 264 263 241 239 236 236 237 237 256 254 252 251 251 250 248 247 246 248 243
300 300 299 299 300 301 301 303 305 302 302 302 302 302 302 302 302 302 303 281 302 302 301 300 279 300 300 278 279 278 276 278 277 275 275 270 272 293 292 282 278 270 274 280 287 284 285 284 282 281 280 279 278 277 278 291 279 277 276 276 287 286 285 282 282 281 278 269 263 259 258 260 260 265 264 264 263 262 261 260 241 237 237 256 255 253 252 251 251 248 247 246 245 243
301 301 300 300 301 301 301 303 305 304 303 302 302 302 301 302 302 302 302 303 303 302 300 278 300 300 278 277 279 279 278 278 276 275 273 271 279 293 293 276 291 271 274 288 279 280 281 282 284 283 281 280 278 277 277 291 280 278 277 277 288 286 285 275 273 272 271 267 265 260 255 251 250 255 264 264 268 268 262 261 260 258 257 243 256 256 254 253 254 252 248 247 246 243
302 302 301 299 301 302 302 303 306 305 301 301 301 301 301 301 302 302 302 303 303 301 299 279 281 300 278 277 281 280 281 276 275 275 274 277 295 294 293 270 273 273 278 280 279 279 286 286 278 274 272 275 280 283 289 289 294 279 278 291 286 285 281 284 273 282 280 278 272 270 266 260 252 250 256 263 263 262 261 242 243 258 257 256 255 255 255 254 253 252 248 247 245 245
301 303 302 299 299 300 301 302 306 306 301 300 301 301 301 300 302 302 302 302 303 302 301 300 300 282 279 280 280 278 278 275 274 276 280 297 296 284 272 271 274 280 281 280 281 287 280 278 277 274 269 273 275 270 254 283 291 279 293 289 286 281 285 273 286 282 276 268 266 266 264 260 252 250 251 251 251 249 245 243 240 258 257 255 253 253 254 253 251 251 251 250 248 247
301 302 304 302 299 299 301 301 304 307 304 302 300 300 300 300 302 302 302 303 302 302 301 280 281 279 279 281 278 277 277 275 275 279 297 297 297 275 271 269 277 280 278 279 281 282 287 286 285 284 284 276 273 263 279 263 290 293 292 290 289 286 288 273 287 282 277 272 266 259 257 255 251 244 244 246 249 252 262 246 242 258 257 255 254 252 252 251 249 248 250 249 248 247
299 301 304 303 300 300 301 300 303 307 305 302 300 300 300 300 301 299 301 303 303 303 281 301 300 279 279 279 277 277 277 277 283 298 297 297 281 271 271 276 278 277 279 279 279 279 282 286 286 285 284 285 281 281 278 277 292 292 295 293 292 287 290 274 284 277 282 278 272 265 262 266 268 262 253 251 253 262 262 260 259 258 257 255 254 252 251 250 249 248 246 245 248 243
297 298 301 303 302 300 300 299 302 306 305 303 300 300 300 300 300 301 301 303 301 300 300 299 299 299 299 299 278 279 299 299 299 298 298 297 273 273 275 279 293 280 278 278 276 277 279 282 284 285 285 286 285 286 279 292 293 290 285 281 278 281 278 252 255 260 262 265 266 268 268 272 266 266 265 264 252 250 250 260 259 257 257 256 255 253 251 250 249 248 246 245 244 244
298 298 299 301 302 301 302 299 301 306 306 303 300 300 301 301 303 302 302 303 304 300 299 299 299 299 299 279 279 281 300 300 283 281 281 274 274 274 279 279 280 280 278 277 278 280 280 279 279 281 281 281 279 275 263 265 272 273 277 277 274 270 265 253 252 252 249 250 255 256 255 251 251 253 256 255 250 248 249 260 258 257 256 255 254 253 251 250 249 247 246 245 244 243
298 299 300 301 301 300 300 301 301 303 306 304 300 301 301 301 302 302 301 303 304 300 302 299 300 299 299 299 280 281 300 281 279 280 278 276 273 277 277 277 277 278 278 282 286 289 283 280 277 275 277 275 271 265 259 254 264 269 277 281 276 269 260 253 253 252 250 250 250 250 250 247 245 243 246 248 247 261 260 243 258 256 256 255 254 253 251 250 249 247 246 245 244 242
299 300 299 299 300 301 301 301 301 301 305 304 300 301 301 301 301 300 299 301 301 300 300 300 302 300 299 299 300 300 280 280 299 280 275 274 278 279 296 275 295 279 284 291 291 291 290 281 277 273 272 268 266 261 265 264 252 252 258 271 267 257 254 252 253 251 252 251 251 252 252 253 253 248 245 244 241 240 260 259 257 256 255 255 254 253 252 250 249 248 246 245 248 242
299 299 300 300 302 302 304 304 302 302 305 305 303 303 303 300 300 300 299 299 300 300 300 302 302 300 300 300 300 300 280 300 281 278 276 276 279 297 274 274 295 282 294 285 283 279 276 275 274 272 269 267 263 261 265 264 262 261 250 256 258 250 248 251 254 254 250 250 252 255 255 256 255 249 245 244 242 261 260 259 257 256 255 254 253 252 251 250 249 247 246 245 244 246
299 300 300 300 301 302 301 302 302 305 304 304 303 303 303 303 300 303 300 300 303 300 300 302 300 300 300 300 300 300 300 300 299 298 277 281 298 276 273 276 295 295 282 279 276 272 271 276 274 272 268 265 262 266 265 264 262 261 260 250 253 250 246 248 253 257 255 253 253 253 251 251 250 247 244 242 261 261 260 259 258 257 256 255 254 252 251 250 248 246 246 246 247 246
300 300 300 300 299 300 302 303 302 303 303 303 303 304 304 301 301 302 301 300 303 300 301 302 300 301 300 300 300 301 300 300 299 298 298 281 276 274 274 279 296 296 281 279 277 271 269 272 271 268 267 266 267 266 265 264 263 262 260 250 249 248 246 246 247 251 254 257 253 247 246 250 248 247 246 243 261 260 259 259 258 257 256 255 254 252 250 250 252 246 245 244 244 245
300 301 300 298 300 300 304 304 303 305 304 306 306 306 307 301 300 301 300 300 300 301 302 301 302 301 300 300 300 301 300 300 300 299 299 278 297 274 279 296 296 296 281 277 272 271 271 270 271 265 264 267 266 265 265 282 264 262 278 253 276 247 274 247 246 246 247 253 256 249 243 248 251 251 263 263 262 260 259 258 257 255 254 254 253 250 253 248 251 246 245 248 246 245
300 301 301 300 300 301 302 304 305 305 304 302 304 306 307 305 303 300 303 300 300 301 301 300 300 300 301 300 300 300 301 301 303 300 299 277 275 297 297 283 296 280 278 273 272 271 271 271 267 266 266 267 285 284 283 282 281 280 279 277 251 275 248 273 246 245 245 247 256 256 245 243 244 248 263 262 261 260 258 257 256 255 253 253 252 250 253 248 250 249 249 247 246 245
301 301 302 301 299 302 303 303 304 305 304 302 301 302 305 306 304 303 303 300 301 304 301 300 300 301 301 301 301 301 302 301 303 302 298 298 297 297 297 297 296 276 275 272 273 271 272 269 267 267 266 264 285 284 283 282 281 280 279 278 276 250 249 247 272 245 246 244 250 258 249 242 242 241 243 262 261 260 257 256 255 254 253 252 252 253 253 252 251 249 248 247 246 244
301 301 299 300 299 300 302 302 302 304 304 303 301 302 303 306 306 304 303 301 304 304 302 301 301 301 301 301 301 302 302 304 303 300 298 298 298 298 297 297 276 274 275 275 275 274 273 268 267 267 266 264 265 284 283 282 281 280 279 278 276 252 249 249 248 246 245 244 244 255 253 244 243 244 262 261 260 259 257 255 255 254 252 251 251 252 252 251 251 249 248 247 245 244
301 298 301 302 298 299 299 302 302 303 304 304 303 303 303 305 307 305 303 304 304 301 301 301 301 302 301 301 301 304 303 305 304 303 299 298 299 298 297 278 296 275 277 276 277 274 270 268 267 267 266 265 285 284 283 282 281 280 279 278 277 276 250 249 249 248 270 244 243 246 253 256 264 263 262 261 259 258 256 255 254 253 251 250 249 248 250 250 249 249 247 246 245 244
301 297 298 301 297 300 299 298 301 302 305 305 303 300 303 305 308 306 303 301 304 301 301 301 301 303 301 302 301 304 306 302 301 300 299 299 298 297 297 296 295 275 276 275 275 293 292 268 268 269 268 266 286 284 283 282 281 280 256 278 277 276 251 249 272 271 269 244 243 243 244 245 244 262 261 260 259 258 256 255 253 252 250 249 248 247 246 249 249 248 246 245 244 243
301 301 296 297 301 301 302 303 301 301 304 306 304 303 302 303 307 306 304 304 304 304 301 301 301 302 302 302 301 305 306 302 301 300 299 298 298 297 296 295 294 276 276 275 293 270 291 269 270 269 268 287 286 284 283 282 280 279 278 278 277 276 274 273 272 271 269 269 244 244 243 241 262 260 259 258 258 257 255 254 253 251 249 248 252 251 250 249 248 247 246 245 244 243
301 301 301 296 297 301 302 303 302 300 303 306 305 303 299 303 307 307 304 304 305 301 301 304 301 301 302 302 302 304 306 306 301 299 299 299 298 297 296 295 295 294 277 293 292 291 291 269 269 268 288 287 285 284 282 281 280 279 278 277 277 253 254 253 250 271 269 267 253 260 248 263 261 259 258 257 256 256 255 254 253 250 253 252 251 250 249 249 248 247 245 244 243 242
