examples/cougarCreek-fire/createInputs/WindNinja/wrfout_d3.2015081200.f23/cougarCreekFire_08-12-2015_2300_217m_non_neutral_stability_ang.asc
ncols	146
nrows	140
xllcorner	610065.000000
yllcorner	5095217.000000
cellsize	216.586807
NODATA_value	-9999.000000
[rows 0 to 41 of 140, columns 0 to 93 of 146]
317 315 312 312 312 310 309 309 309 301 309 310 310 310 309 309 308 307 305 303 302 297 304 306 307 306 304 304 304 304 303 302 300 299 299 299 300 319 306 301 306 307 301 306 305 307 302 301 301 300 299 298 298 298 299 300 300 298 296 297 298 297 296 297 297 297 295 295 297 299 301 300 297 295 295 298 299 296 294 295 295 297 299 318 322 319 303 315 315 310 300 306 311 300
317 315 312 312 312 310 309 309 309 301 309 310 310 310 309 309 308 307 305 303 302 297 304 306 307 306 304 304 304 304 303 302 300 299 299 299 300 319 306 301 306 307 301 306 305 307 302 301 301 300 299 298 298 298 299 300 300 298 296 297 298 297 296 297 297 297 295 295 297 299 301 300 297 295 295 298 299 296 294 295 295 297 299 318 322 319 303 315 315 310 300 306 311 300
319 316 312 312 312 311 310 310 309 309 309 309 309 310 309 309 308 307 306 305 304 299 303 304 305 305 304 303 303 302 302 301 300 299 299 299 299 299 300 300 300 300 300 300 300 300 300 299 299 299 298 298 298 298 298 298 299 298 296 296 296 296 296 297 297 297 296 296 297 298 299 299 297 297 297 298 300 299 297 297 298 299 301 302 302 303 303 303 302 301 301 298 298 299
321 318 314 312 313 312 312 312 311 310 310 309 309 310 309 309 309 308 307 306 306 302 302 302 303 303 303 302 301 301 301 301 300 299 299 299 298 298 298 299 299 299 299 299 298 298 298 298 297 298 298 298 298 297 297 296 296 296 296 295 296 297 296 296 297 297 297 298 297 297 297 298 298 299 299 300 302 303 301 301 301 302 302 303 304 305 306 307 307 306 306 303 301 302
321 319 314 313 313 312 312 308 307 308 311 310 310 310 310 309 309 309 307 307 305 302 303 302 302 303 303 301 300 301 301 301 301 299 299 298 298 297 298 298 298 298 298 298 298 297 298 298 298 298 299 298 297 304 296 296 296 296 296 296 296 297 297 297 297 298 298 298 298 297 298 300 301 301 301 302 304 304 303 303 304 304 305 305 306 308 309 310 311 311 311 310 323 323
320 318 315 313 313 312 312 312 311 309 308 311 310 310 310 310 310 309 308 307 306 302 301 301 301 302 302 301 301 301 301 301 300 299 299 299 298 297 297 297 298 298 298 298 298 298 298 298 298 305 306 306 297 296 295 296 297 297 297 297 297 297 298 298 298 298 310 298 298 298 300 302 303 303 302 302 304 305 305 306 305 306 307 308 309 310 311 312 313 314 314 313 312 339
319 317 314 312 312 312 312 310 310 311 309 308 312 309 310 310 309 309 307 305 306 304 303 303 304 306 303 306 305 306 302 301 300 300 300 299 298 298 297 302 302 297 303 298 298 305 305 305 303 302 316 297 306 296 296 297 298 298 298 298 298 309 310 298 299 311 299 299 300 301 302 303 303 302 302 303 305 306 306 307 307 308 309 310 289 312 313 314 316 316 316 316 316 336
318 316 313 312 311 311 311 309 307 308 308 308 310 315 316 310 310 313 310 306 306 305 304 303 303 305 306 306 305 305 302 306 305 301 300 299 298 297 301 301 301 302 303 303 304 305 305 303 302 317 305 306 297 297 297 298 298 298 298 298 311 309 298 299 299 311 300 300 301 302 302 303 302 303 304 306 307 307 308 309 309 310 311 311 312 314 315 317 318 318 318 318 319 319
318 316 313 312 311 314 311 313 310 309 309 309 309 312 315 309 315 313 311 305 305 306 302 302 302 304 305 305 304 304 306 305 305 300 300 301 302 301 300 300 301 302 303 303 304 305 305 305 305 305 306 307 308 308 308 298 298 298 310 298 310 298 299 300 314 313 313 317 302 302 302 303 304 305 306 308 308 308 309 310 311 312 313 314 315 316 317 319 320 320 320 321 321 321
317 315 313 312 311 309 311 313 312 312 311 310 309 311 314 315 314 314 310 303 303 306 303 302 306 302 304 305 305 303 306 305 304 304 303 302 301 301 300 300 301 303 303 303 304 305 305 305 306 306 307 305 309 308 297 297 298 298 310 298 299 299 300 315 314 316 317 318 303 303 304 305 306 307 308 309 310 310 311 312 313 314 315 316 317 318 320 321 323 334 323 323 323 324
324 313 311 311 310 311 307 309 310 311 311 311 310 311 313 314 313 308 311 307 303 308 304 302 301 316 321 321 304 303 305 305 304 304 303 301 301 300 300 300 301 302 303 320 320 319 306 306 306 322 318 321 308 297 297 298 299 310 299 300 300 312 314 314 317 317 318 319 304 305 306 307 308 308 310 312 312 312 314 315 316 317 318 319 320 351 330 324 325 325 325 326 326 326
314 312 317 315 312 309 310 307 309 312 313 311 312 310 311 311 307 314 310 308 305 308 307 303 302 311 321 321 318 302 305 305 304 304 302 301 301 300 300 299 299 316 318 320 320 321 305 306 320 321 321 308 298 298 306 309 310 311 311 301 301 315 314 316 317 303 304 305 305 306 307 308 309 310 312 314 314 314 316 317 318 319 320 321 322 324 325 327 328 328 328 328 329 330
312 311 310 315 313 311 310 306 307 309 311 313 315 311 311 310 311 311 308 307 307 309 310 302 301 302 321 319 318 321 305 304 303 303 302 301 301 300 299 298 311 316 319 321 321 321 304 318 320 307 308 308 299 299 308 310 311 312 313 312 314 310 312 303 303 304 304 305 305 307 308 309 310 312 314 315 316 316 318 319 320 321 323 324 325 327 328 330 331 331 331 331 331 333
310 310 309 309 309 309 309 309 303 305 307 308 310 315 310 310 309 310 307 310 307 307 311 307 300 303 320 319 320 324 325 304 317 315 312 311 313 313 309 307 314 317 322 322 321 304 304 319 321 308 308 308 307 307 309 311 312 313 315 313 308 309 303 303 303 304 304 305 306 307 309 311 312 314 316 316 317 318 320 321 323 324 326 327 329 330 332 333 334 335 335 334 335 337
308 308 307 308 308 308 308 308 309 303 303 306 307 305 312 319 322 322 318 314 314 311 313 314 306 306 317 318 320 324 326 303 314 314 312 311 314 313 306 301 319 318 321 321 319 318 320 321 324 324 308 307 308 308 309 310 324 313 313 312 302 302 303 303 318 320 320 322 307 309 326 312 314 315 317 318 319 320 322 323 325 327 329 331 332 334 336 337 338 11 51 11 339 1
307 307 306 306 306 306 308 309 308 304 303 305 304 302 303 312 323 324 320 317 317 315 314 318 312 308 315 318 320 325 325 317 315 315 312 312 312 310 309 309 319 320 321 322 321 321 323 321 324 323 306 307 323 323 310 310 325 313 328 315 315 316 318 319 319 320 323 308 309 311 312 313 315 316 318 320 321 322 324 326 328 330 332 334 337 339 340 342 343 343 22 23 345 51
306 306 305 305 306 306 306 308 309 307 305 306 311 311 301 294 299 318 315 313 318 316 316 304 316 311 314 318 324 326 322 315 317 316 314 314 311 309 310 316 319 320 322 325 325 326 323 324 325 323 308 327 326 328 326 309 310 330 316 317 318 319 318 321 322 325 310 327 311 313 314 315 316 318 319 321 324 326 327 329 330 333 335 337 340 343 344 345 347 347 348 349 350 350
305 304 303 304 304 305 302 305 308 311 306 306 306 312 299 290 290 297 302 302 307 307 316 325 321 313 317 321 324 323 320 318 318 316 318 315 310 311 314 320 322 323 324 325 328 328 327 329 328 327 332 325 328 333 331 310 315 331 318 322 322 323 324 327 327 312 314 328 326 316 318 319 320 321 323 324 326 328 331 333 334 336 338 341 343 345 347 19 19 351 352 353 354 354
304 304 302 302 303 304 304 305 312 315 307 306 297 299 303 303 300 301 303 300 304 307 306 320 319 316 320 323 324 323 322 322 320 320 320 316 311 312 317 321 323 325 327 329 331 331 332 333 331 334 330 332 336 315 335 334 319 319 337 324 323 339 326 330 314 330 330 322 318 320 322 323 325 326 327 329 330 332 333 336 338 339 341 344 345 347 350 25 22 354 356 23 29 359
303 303 302 302 302 304 304 304 311 314 307 304 298 301 310 314 312 307 308 304 306 312 305 309 317 320 323 325 325 324 324 324 329 307 305 315 312 311 319 325 327 329 331 332 335 336 336 338 336 335 334 340 331 335 341 335 333 322 340 341 328 345 333 334 334 319 320 321 323 325 327 328 330 332 332 333 335 336 337 338 341 343 345 347 348 350 352 21 18 357 359 40 52 41
303 302 302 303 304 305 304 304 306 312 306 305 313 301 302 310 315 313 314 309 309 317 303 303 306 319 325 325 325 325 326 327 308 310 307 314 318 307 319 333 335 333 332 335 337 337 337 338 310 341 340 342 336 343 338 320 321 343 346 345 345 349 334 336 322 323 325 327 328 330 332 333 335 337 337 339 340 341 341 342 344 346 348 350 352 354 355 357 359 1 23 56 48 10
302 302 301 303 304 304 303 303 304 312 306 305 317 314 296 307 297 301 308 306 305 315 308 308 310 316 322 323 324 327 327 330 309 311 308 307 321 309 325 338 335 322 337 340 341 342 340 342 346 343 345 340 345 341 320 335 346 351 352 346 350 354 355 326 345 348 351 354 334 336 337 338 340 342 343 345 345 346 346 347 348 350 352 354 356 358 359 1 3 6 30 40 39 37
300 300 300 300 301 301 301 301 302 309 306 303 313 323 304 306 291 306 296 304 305 309 308 306 308 317 324 325 327 330 330 315 308 334 308 306 317 314 328 336 318 321 328 344 345 345 345 347 349 342 343 337 339 324 323 346 350 354 355 350 358 1 346 351 354 356 356 338 340 342 343 345 346 348 350 351 351 352 353 353 354 355 356 358 0 2 4 6 8 24 65 69 73 78
299 299 299 299 300 301 299 301 303 309 308 301 305 319 313 305 302 302 303 310 314 313 312 302 299 309 326 326 328 329 325 326 308 311 309 312 318 319 328 336 339 329 334 350 350 349 349 352 347 347 341 322 340 338 343 353 353 358 1 4 11 351 352 338 355 358 0 3 348 349 351 353 354 356 357 358 358 359 360 0 1 1 2 4 6 8 10 12 30 90 98 102 95 94
297 297 297 298 298 299 298 300 301 307 312 305 303 315 316 307 304 303 303 304 309 315 317 309 301 305 322 326 326 323 321 326 318 314 327 319 319 324 335 338 345 351 352 316 356 354 355 356 357 355 339 327 347 351 357 3 5 11 13 13 17 358 6 5 3 7 7 10 356 18 360 2 3 4 5 6 6 6 7 8 8 9 9 10 12 15 17 20 21 105 106 99 93 103
296 296 296 296 297 299 298 300 301 303 311 307 301 304 315 311 305 303 302 300 302 312 316 313 308 308 320 326 322 320 325 315 319 340 312 316 324 332 345 333 333 355 353 355 358 321 5 324 2 354 328 340 358 356 5 13 19 338 21 19 21 3 12 29 18 16 17 23 30 35 38 12 13 14 14 15 16 16 15 16 17 17 17 18 20 23 26 29 86 95 115 108 97 102
295 296 296 296 295 298 297 298 294 297 305 303 301 301 308 314 308 305 305 303 304 312 315 312 310 309 320 323 319 319 321 323 333 335 328 325 330 339 347 348 352 354 354 356 358 0 2 3 0 353 333 349 359 358 4 12 21 25 23 22 23 9 11 31 37 43 34 38 42 45 47 22 23 23 24 24 25 26 25 25 26 27 27 28 30 32 36 40 67 79 108 57 110 107
294 295 295 296 292 294 296 296 286 289 299 303 305 301 297 303 303 304 307 305 306 313 315 309 306 308 320 321 319 319 319 322 323 328 329 332 340 349 352 354 354 353 355 358 1 4 5 6 9 354 337 353 3 353 3 18 26 25 25 30 34 38 49 61 70 72 66 47 44 43 44 31 32 33 34 34 35 35 35 35 35 36 36 37 39 41 45 49 67 70 74 81 85 86
294 294 294 295 296 293 295 297 298 291 298 304 309 300 293 297 301 302 306 305 306 312 314 307 301 300 310 324 320 319 311 323 323 328 334 343 351 356 356 357 358 360 1 6 11 333 334 337 10 341 342 359 5 352 17 31 34 34 41 52 57 57 60 64 69 73 74 58 55 52 52 40 41 42 43 43 44 44 44 45 45 46 46 47 49 51 54 58 63 62 72 79 66 74
293 294 294 294 295 293 294 294 301 299 300 304 309 315 303 299 302 303 306 304 305 310 312 310 302 299 303 314 324 312 318 323 327 332 336 341 353 2 358 1 4 7 349 333 335 336 339 15 345 346 349 1 6 9 36 43 46 47 48 51 54 56 59 63 65 56 59 60 61 62 61 48 49 50 51 51 52 52 53 53 54 55 56 57 59 62 64 68 71 66 70 74 84 90
292 293 293 294 295 293 294 295 292 295 295 301 305 312 311 301 305 309 311 310 310 314 312 313 309 306 308 310 324 326 323 323 329 337 342 344 0 358 359 355 344 346 334 337 339 341 15 357 350 352 356 358 19 36 47 43 37 41 46 50 55 61 66 68 66 56 55 56 56 56 53 54 55 55 56 57 58 59 59 61 62 63 64 65 68 71 74 77 80 86 90 90 89 85
291 292 292 293 294 293 294 295 289 292 290 291 295 299 309 302 302 307 311 313 316 317 315 314 311 309 311 312 324 318 327 319 331 346 329 332 359 349 349 341 345 349 338 341 343 346 349 6 355 359 3 7 30 37 32 26 33 41 49 54 61 68 71 69 67 67 63 65 65 65 66 71 75 76 62 63 63 64 65 66 68 70 71 72 75 79 82 85 88 92 90 90 89 86
289 290 291 292 293 294 295 296 289 291 292 293 299 304 308 303 298 299 303 308 315 321 321 318 315 312 310 308 319 328 327 313 333 314 360 353 351 351 350 4 347 354 341 344 347 350 353 47 359 5 10 15 20 29 25 31 46 54 58 59 61 64 69 74 79 57 86 60 91 95 62 88 83 66 68 69 69 90 100 71 73 75 77 79 81 84 87 90 144 94 89 90 93 98
289 289 295 292 296 296 296 296 292 291 297 302 307 307 306 304 298 294 292 295 300 311 318 321 320 319 316 311 313 334 308 311 334 319 6 1 354 353 359 6 5 0 345 347 45 51 53 57 5 9 15 357 45 50 44 53 59 64 68 54 72 72 75 58 60 81 63 83 84 77 70 67 70 71 72 72 73 74 98 76 78 79 82 85 87 88 91 94 144 121 94 95 100 105
288 289 289 296 297 296 297 298 298 299 298 298 302 306 308 304 298 293 290 292 295 299 303 309 317 325 324 318 317 331 333 320 327 352 8 3 357 358 18 27 28 36 41 45 48 55 59 65 12 15 20 26 50 81 81 77 70 70 75 79 82 78 65 72 73 75 72 70 63 70 71 72 68 78 87 89 87 77 79 81 82 83 86 90 92 93 95 98 144 137 99 97 102 103
288 288 289 291 294 296 297 298 294 295 293 289 288 295 305 308 308 308 311 309 304 300 298 297 292 286 305 316 322 314 311 309 313 344 331 360 354 355 1 6 358 7 18 353 358 3 57 65 75 21 26 32 38 78 80 86 82 79 78 78 75 75 71 69 68 67 65 68 68 70 72 70 77 83 87 88 78 80 81 83 85 87 89 92 95 97 99 101 147 147 107 101 104 104
289 289 290 291 294 304 303 299 292 290 289 288 290 289 293 300 304 306 306 300 293 293 291 285 279 277 282 292 305 344 331 337 352 345 358 1 355 353 356 1 4 6 346 350 357 3 8 12 66 80 37 38 38 48 52 55 90 88 88 86 85 84 83 79 76 71 67 67 71 79 71 74 76 77 77 79 80 82 83 85 87 89 92 94 98 101 102 104 154 153 120 105 104 107
290 290 290 292 294 296 298 289 300 284 284 289 292 287 284 286 289 285 280 277 280 285 283 278 277 277 283 281 272 291 319 321 357 15 12 13 14 6 4 7 10 9 5 352 355 1 8 14 53 64 81 44 52 56 59 62 63 66 69 71 73 75 77 79 81 83 85 86 89 91 91 97 84 75 77 80 82 84 85 87 89 91 94 97 102 105 106 108 157 156 119 103 101 104
291 291 292 293 293 295 274 298 281 281 284 287 284 282 280 283 282 277 277 281 282 280 280 279 276 277 285 280 270 311 307 307 335 17 6 349 341 350 4 23 29 32 19 7 355 359 7 14 17 24 69 82 58 45 50 53 56 58 59 61 80 81 83 85 87 89 90 91 93 95 96 96 97 98 93 78 81 84 86 89 91 93 95 99 104 109 110 111 157 162 133 99 101 105
292 293 293 293 293 294 266 297 283 285 287 286 288 285 285 285 282 277 277 279 275 276 284 283 275 280 288 280 274 270 304 313 320 343 19 354 343 336 344 345 353 33 37 40 39 43 51 53 50 31 31 63 65 75 69 56 77 79 64 67 68 88 90 91 92 76 76 77 78 79 79 79 79 103 105 108 110 83 86 89 92 95 97 100 105 111 113 113 115 165 162 110 103 108
292 293 293 291 292 293 270 297 298 286 288 291 293 290 287 285 280 273 272 275 276 283 289 279 278 283 287 281 279 288 311 312 321 337 10 13 11 11 21 338 341 346 350 354 34 49 61 65 69 70 70 71 52 47 51 56 59 61 64 68 80 72 75 76 77 78 79 80 82 83 83 84 84 85 85 86 86 86 122 118 92 96 99 102 105 111 115 116 118 121 168 141 114 113
292 293 293 289 290 271 293 296 299 288 290 291 291 285 281 281 273 271 276 286 290 291 286 279 279 284 287 284 284 282 284 313 315 330 348 341 358 7 12 33 337 42 43 47 51 10 18 26 36 45 51 56 60 65 68 71 71 73 79 80 68 72 76 77 79 80 81 83 84 86 87 87 88 88 89 90 91 92 91 90 134 96 101 103 106 110 116 119 121 123 125 158 128 119
