examples/cougarCreek-fire/createInputs/WindNinja/wrfout_d3.2015081200.f23/cougarCreekFire_08-12-2015_2300_217m_non_neutral_stability_ang.asc
ncols	146
nrows	140
xllcorner	610065.000000
yllcorner	5095217.000000
cellsize	216.586807
NODATA_value	-9999.000000
[rows 42 to 83 of 140, columns 0 to 93 of 146]
292 292 293 293 291 296 295 299 299 301 303 290 288 280 276 274 273 281 290 294 294 289 279 269 280 290 289 283 284 282 270 321 338 328 340 338 350 4 5 12 32 36 40 44 49 54 60 37 44 36 58 45 50 54 57 59 61 64 66 69 71 73 75 77 79 81 83 85 86 87 88 89 90 90 92 94 95 96 96 96 136 137 97 97 107 111 116 121 124 125 127 130 143 126
292 293 294 295 294 266 297 298 300 302 290 283 273 272 272 273 279 286 291 293 289 278 269 279 286 292 284 284 284 281 266 293 353 359 347 339 343 1 3 3 8 23 38 33 0 8 19 29 63 56 45 49 55 59 62 64 66 67 73 71 72 73 75 76 78 80 82 82 83 85 86 88 89 90 92 95 97 99 100 101 99 97 124 100 110 113 117 121 125 128 130 132 148 139
294 295 296 297 297 293 297 298 300 287 277 273 272 272 272 274 275 277 285 285 279 277 277 278 287 289 284 284 284 283 271 285 308 354 354 356 344 356 359 2 354 3 343 350 359 6 41 56 44 40 48 53 58 62 64 65 66 68 70 71 72 73 63 65 66 67 68 66 66 68 70 71 71 72 73 92 95 99 103 105 105 101 152 102 111 117 118 122 127 131 133 134 148 142
294 295 297 298 293 295 297 298 300 273 274 271 275 280 277 274 275 280 288 287 281 277 279 282 285 286 284 281 284 277 272 279 277 304 345 1 3 4 5 7 7 340 345 350 357 22 40 30 30 42 51 61 62 65 66 66 67 69 71 61 61 61 47 50 53 66 75 75 71 76 79 81 82 84 85 82 79 85 103 107 109 107 155 109 112 116 120 123 127 133 137 138 140 136
295 296 266 298 293 294 273 276 271 274 270 274 282 279 274 273 274 292 293 291 287 280 272 272 286 285 284 284 285 279 269 271 268 271 309 360 6 11 15 13 350 347 352 7 26 40 38 30 46 44 53 58 64 66 67 68 70 58 63 49 50 47 51 64 67 76 77 75 87 100 102 103 97 91 92 98 107 90 100 107 112 112 107 140 104 118 122 124 128 133 138 141 143 148
295 269 290 299 299 294 276 271 270 270 273 281 285 281 281 289 306 300 294 290 280 272 274 269 280 283 283 286 285 277 271 263 265 265 276 355 7 22 21 25 11 25 43 44 40 46 23 24 31 43 52 49 56 58 57 60 62 33 48 68 72 73 79 84 89 91 90 92 99 102 101 99 94 93 97 100 106 105 91 105 112 115 112 111 106 121 124 127 130 134 139 142 145 150
294 264 271 275 270 272 270 270 276 273 281 299 288 290 304 306 300 299 293 286 280 277 277 275 283 283 289 286 289 282 275 269 266 269 323 349 3 10 27 6 146 52 87 83 36 44 24 42 32 44 43 17 34 41 39 47 60 94 111 112 105 94 96 106 107 104 102 101 101 99 92 91 95 96 96 98 106 116 99 103 111 117 117 115 153 116 126 130 134 138 142 145 148 152
265 287 268 274 290 268 274 294 295 281 283 300 302 304 296 289 285 283 283 282 281 271 274 284 286 286 289 286 286 292 279 277 278 266 319 346 0 26 25 133 187 55 85 111 84 15 37 25 29 40 10 29 130 97 77 86 90 96 105 114 104 103 101 105 99 97 97 93 92 93 91 91 91 93 94 95 96 95 88 94 110 116 118 118 119 123 152 103 137 142 103 149 148 154
288 272 273 287 286 299 300 296 296 297 300 302 304 293 283 282 282 283 284 283 283 271 272 274 282 287 303 287 294 288 277 280 279 269 290 344 4 24 24 11 138 62 75 85 121 108 102 109 126 155 134 129 142 140 129 104 89 93 103 107 105 110 110 107 103 92 89 85 85 84 85 87 88 93 97 92 84 80 86 97 110 115 118 120 122 125 129 134 139 119 108 107 156 158
287 287 287 287 300 301 295 296 297 299 302 304 305 288 283 284 283 284 283 283 287 288 271 284 273 286 286 304 297 286 279 283 273 272 287 336 353 22 24 10 46 63 64 84 358 13 35 60 74 146 144 145 102 150 95 68 91 94 96 103 105 107 115 114 109 102 105 98 99 105 110 108 105 109 111 115 116 121 109 112 112 116 119 122 124 126 129 133 139 145 134 116 105 163
268 286 270 300 301 295 296 296 286 300 302 286 282 283 284 284 284 283 284 285 288 287 289 311 280 315 315 308 292 282 278 282 272 271 299 334 360 113 54 70 56 54 50 62 97 35 74 57 78 91 121 119 116 114 100 186 89 95 97 98 99 103 111 99 115 111 113 111 110 114 101 121 118 102 103 105 106 107 108 111 106 118 122 125 128 129 130 134 139 145 153 159 163 166
289 272 300 301 293 293 282 282 285 289 282 285 302 300 299 300 302 284 284 286 278 290 289 286 290 317 298 294 286 276 276 277 273 267 307 345 16 20 34 27 35 38 35 50 80 47 77 60 84 98 102 101 100 123 115 150 113 106 106 108 107 110 101 100 100 99 98 98 98 99 102 102 101 102 103 105 109 99 111 114 116 119 129 127 131 134 135 138 141 145 152 158 164 168
292 275 292 291 277 277 281 284 286 287 284 301 299 298 281 283 301 285 285 288 308 310 284 276 295 299 291 284 284 273 278 280 277 261 313 344 281 102 29 31 41 50 33 33 7 35 64 59 86 104 108 106 106 105 126 118 110 110 114 114 112 100 100 100 100 100 100 99 98 99 102 103 104 105 106 108 110 112 113 115 117 121 125 129 134 138 141 144 147 150 155 160 165 170
292 288 291 277 293 289 292 284 282 284 300 300 298 298 283 284 301 286 305 307 287 276 276 285 284 287 282 282 285 273 271 281 276 263 278 319 256 252 245 155 133 133 52 30 348 5 357 31 81 111 117 114 112 111 109 126 117 101 102 101 100 101 101 101 101 102 102 101 101 103 105 107 109 109 110 111 112 114 116 119 123 128 124 106 141 145 148 152 156 159 162 167 169 172
284 298 286 285 300 288 293 281 298 298 297 295 297 299 284 298 301 302 308 276 277 275 275 286 288 284 286 292 286 276 272 275 275 260 277 327 260 250 267 241 212 195 115 53 29 347 2 340 55 132 133 127 121 118 115 111 107 104 104 104 105 107 107 107 106 106 106 107 108 109 111 111 113 113 113 114 116 119 123 126 129 113 136 140 146 125 156 159 163 167 170 172 175 177
297 299 284 299 299 301 293 294 303 302 303 290 304 306 296 297 298 287 283 280 274 272 273 304 287 284 291 292 280 272 271 282 283 268 312 329 255 250 316 235 220 207 167 97 50 333 341 342 288 192 159 146 137 129 123 119 115 113 112 112 114 114 113 112 111 111 112 114 115 115 115 115 116 118 120 122 125 129 131 93 136 140 143 146 151 157 161 165 152 153 176 178 178 182
298 301 302 301 301 296 291 302 302 302 291 291 303 304 285 294 300 304 307 305 274 272 310 310 287 288 308 289 274 275 282 285 284 273 303 330 263 258 229 232 184 152 168 175 112 35 16 322 316 312 203 178 98 147 138 133 129 125 124 123 122 121 119 118 117 116 117 118 118 118 119 120 122 126 129 132 88 94 101 97 146 150 153 157 160 163 167 131 175 176 179 181 182 182
298 301 303 303 304 290 302 302 302 289 291 302 291 303 303 304 304 305 308 310 275 302 311 304 284 306 307 284 273 278 289 285 278 269 271 315 302 264 264 242 233 188 177 200 198 169 153 279 76 275 212 215 198 181 169 159 150 143 138 135 132 131 129 127 126 125 97 124 124 125 127 129 132 135 85 88 108 107 105 104 156 159 164 168 170 173 176 180 182 183 183 185 186 186
298 302 304 304 290 301 301 302 287 292 301 301 303 305 306 306 301 306 310 311 286 285 286 281 303 306 290 280 281 288 289 280 273 268 268 288 301 274 249 243 237 232 221 182 204 199 189 172 163 219 240 91 164 210 202 191 180 171 164 157 151 146 141 89 97 135 135 135 135 137 139 140 92 93 107 107 108 100 114 119 115 115 117 117 115 116 118 187 190 189 188 188 189 189
298 302 303 302 302 300 301 302 302 302 302 303 307 309 309 306 299 308 311 308 301 276 278 302 305 304 303 286 288 287 281 275 273 268 271 273 292 277 251 244 247 237 228 186 174 181 176 172 171 221 248 241 233 227 221 213 275 277 109 97 90 89 91 93 151 149 148 149 150 150 101 100 109 107 108 101 111 120 132 136 135 140 134 138 142 140 141 138 196 195 194 192 193 193
301 302 301 300 300 300 301 301 301 302 304 307 309 307 300 285 308 309 311 305 300 278 277 288 304 303 289 289 288 283 275 274 278 267 276 270 267 271 252 246 241 242 226 223 187 184 177 182 179 233 250 247 244 174 235 228 214 216 143 112 113 112 119 119 102 100 165 148 113 104 95 103 98 107 97 116 126 129 127 136 136 138 145 142 196 140 141 142 202 200 199 198 197 196
304 303 300 299 299 298 299 301 303 307 308 307 306 303 295 296 308 311 306 283 277 277 278 278 301 301 289 289 287 282 276 281 280 266 280 270 263 261 253 248 242 248 242 228 224 217 211 186 178 239 253 251 249 174 240 237 214 230 163 160 213 206 96 85 71 123 113 141 153 113 108 109 106 103 113 124 132 147 132 132 139 197 145 145 202 136 136 142 208 205 203 202 205 202
307 305 301 299 300 300 302 305 309 308 303 302 306 308 290 305 309 310 301 281 302 297 275 278 287 286 289 288 282 280 280 275 274 272 275 268 266 258 253 254 244 251 207 227 224 223 219 250 243 181 239 253 251 247 244 242 240 215 234 168 225 209 216 158 147 140 149 157 191 163 134 150 149 150 149 131 146 145 122 123 133 143 207 208 209 211 212 150 212 209 207 205 205 203
309 307 303 302 303 306 308 309 308 299 295 295 291 291 304 304 307 307 298 284 307 295 275 276 285 297 299 288 283 283 280 272 269 272 273 271 260 258 254 252 246 241 221 244 233 229 224 219 244 237 234 254 252 250 215 246 243 241 239 166 233 229 226 172 165 150 152 153 175 176 144 140 151 160 162 126 101 106 113 126 124 121 128 131 131 137 217 218 217 214 211 210 211 207
311 308 304 304 309 312 311 306 301 297 294 290 282 289 301 305 309 302 309 298 308 307 307 308 279 298 299 298 287 284 276 277 275 271 275 270 254 259 260 250 249 243 259 211 270 264 255 251 246 224 238 238 254 182 251 248 246 244 242 240 147 236 173 177 175 166 184 164 151 145 143 168 141 152 156 127 233 145 101 120 131 140 136 128 121 124 220 221 221 218 217 215 212 209
314 311 307 306 308 311 309 304 299 295 289 283 279 287 300 306 311 299 308 276 296 296 307 307 278 298 299 298 284 276 274 278 275 270 267 265 257 264 256 257 250 244 265 283 277 238 203 202 191 223 203 240 233 254 210 250 248 245 244 121 242 177 179 235 183 171 172 224 221 146 142 144 150 157 172 189 220 221 222 222 223 223 223 223 223 223 147 147 224 222 220 217 213 211
316 313 309 303 304 302 299 298 288 287 280 300 298 306 298 306 312 279 296 297 296 277 307 280 276 308 305 297 277 276 269 276 274 262 260 266 257 260 258 254 252 246 283 281 283 277 269 200 252 210 199 258 256 255 254 194 251 247 246 195 168 185 207 176 207 200 198 229 228 175 145 138 178 177 150 184 192 171 228 229 152 144 273 146 149 151 228 152 228 226 223 221 219 215
314 312 308 298 296 283 283 283 284 285 279 282 277 306 298 306 312 311 278 307 293 276 275 275 277 307 304 296 274 277 271 274 277 270 261 262 260 261 259 255 256 260 246 282 280 274 267 260 257 251 246 258 257 256 256 256 200 251 248 239 166 245 244 163 178 172 168 234 233 231 176 156 154 194 150 154 170 230 110 230 229 229 229 230 230 230 230 230 230 229 226 224 222 218
313 311 306 297 294 279 280 283 284 283 279 280 281 301 301 307 312 310 278 307 307 276 291 276 295 306 299 287 276 273 277 268 279 271 262 268 260 262 259 261 259 253 251 275 276 271 219 216 258 256 261 259 258 203 257 256 255 254 251 249 235 246 246 245 244 161 165 177 237 236 202 183 174 177 173 168 164 232 148 139 197 138 210 264 258 230 230 229 229 258 226 225 224 220
315 311 306 306 293 278 280 292 284 281 281 280 307 279 305 308 312 309 279 306 284 277 305 292 306 306 297 277 272 275 276 275 300 299 263 262 266 262 260 260 254 258 255 245 275 275 265 222 257 253 253 261 245 208 204 257 256 256 255 252 250 213 247 247 246 245 244 165 179 239 239 190 181 173 172 178 180 174 169 163 235 235 167 210 263 254 255 228 164 167 223 228 205 221
315 310 307 306 292 278 281 292 283 281 282 281 283 295 307 309 312 308 292 305 305 305 305 293 306 298 293 276 272 277 275 276 279 263 268 265 265 282 256 262 257 253 270 253 261 274 266 224 258 264 256 262 210 215 259 258 258 258 257 255 253 252 205 231 234 247 199 244 242 224 242 193 179 173 171 178 200 190 198 184 170 171 175 209 235 198 189 195 197 231 197 178 177 175
312 309 307 306 291 281 282 291 280 280 282 282 284 305 302 309 312 307 305 305 305 305 304 282 306 297 278 274 280 291 271 277 277 270 276 266 284 268 257 263 254 254 270 254 246 271 236 259 255 265 252 263 215 261 215 259 259 259 258 257 256 254 239 205 203 203 226 191 184 181 181 182 181 181 181 189 205 203 204 204 176 177 176 198 213 208 184 181 193 233 231 198 182 181
308 307 306 306 289 281 282 282 279 280 280 281 306 278 303 308 311 307 304 305 305 305 304 294 305 295 276 283 291 273 274 278 272 285 276 263 284 267 257 264 257 255 254 250 265 267 267 262 256 252 264 218 216 262 261 212 259 259 258 258 257 255 254 211 202 205 198 198 203 206 204 200 202 244 197 204 207 206 206 209 203 182 182 177 197 210 199 184 183 195 234 231 194 183
306 306 306 291 288 288 289 281 279 279 289 283 280 277 303 308 311 307 305 277 305 304 304 305 297 292 277 292 275 276 269 277 271 288 271 269 284 264 257 261 257 256 253 267 265 245 272 239 269 249 265 264 218 262 262 228 215 260 258 258 257 256 255 239 204 232 205 228 229 200 247 246 202 213 244 209 208 210 208 208 207 186 190 196 182 201 205 191 192 188 193 233 231 193
305 305 305 288 287 287 289 288 279 291 306 305 306 278 304 309 311 307 282 305 305 304 304 305 292 279 279 277 276 273 269 275 273 275 264 287 284 264 274 261 260 256 254 253 266 263 234 271 269 249 265 264 263 262 262 242 217 259 259 259 258 258 256 254 220 208 205 206 231 207 207 220 222 206 215 209 211 212 214 206 196 188 225 206 186 203 197 197 191 201 237 187 232 230
305 305 305 287 287 290 291 287 289 296 307 297 306 306 305 309 310 306 305 305 304 304 304 291 290 280 279 276 273 275 275 267 277 270 271 287 293 265 274 259 273 268 266 264 267 265 246 270 269 249 265 265 264 263 263 243 217 259 259 260 211 259 258 256 235 210 209 208 207 221 206 213 212 207 247 246 246 206 221 212 209 208 194 195 191 242 203 196 193 196 210 236 193 230
305 305 304 285 288 306 290 280 290 294 293 281 306 305 305 309 308 305 305 305 304 304 304 295 285 278 277 275 274 277 276 268 269 265 281 293 292 274 263 264 271 269 266 264 263 262 258 242 268 250 249 266 265 264 263 263 219 217 217 261 261 260 259 257 255 213 210 209 215 250 250 250 205 206 248 248 215 223 197 214 215 217 213 209 209 243 243 206 203 202 195 198 235 232
305 305 304 286 287 306 288 287 289 291 290 281 279 304 306 308 307 305 305 304 304 304 280 304 305 277 277 276 274 276 278 270 267 264 280 292 291 273 267 263 271 269 266 264 263 261 258 254 230 268 250 267 265 264 263 252 264 219 222 260 260 261 260 259 256 237 221 220 217 251 250 251 251 219 221 226 248 248 205 211 217 220 218 215 210 244 245 244 243 241 240 201 199 233
304 304 304 285 287 306 305 287 288 289 287 281 289 304 307 308 306 306 305 305 304 304 295 304 284 276 277 300 274 285 274 267 265 269 280 293 291 274 276 257 271 268 267 265 263 260 258 260 256 268 268 267 265 264 264 264 264 222 245 260 260 261 261 216 258 256 213 223 219 229 226 225 251 251 222 218 250 250 224 225 221 216 247 246 246 246 246 245 243 242 240 238 235 203
304 304 304 288 306 306 306 289 287 287 286 290 288 304 307 308 306 306 305 305 304 280 303 304 290 285 301 300 283 270 283 272 270 266 280 281 276 261 266 287 285 283 266 266 265 261 259 272 263 268 268 267 265 265 267 248 231 262 249 243 260 260 261 261 235 258 239 216 214 229 212 210 225 252 252 252 252 252 228 225 226 249 248 247 246 246 246 246 244 242 241 238 236 203
304 304 304 284 306 306 306 289 286 282 286 306 287 305 307 307 306 306 305 305 281 281 303 304 289 275 301 300 271 272 282 274 272 266 279 279 274 275 272 286 285 284 267 266 266 262 260 274 255 254 268 267 266 269 252 249 247 223 246 249 223 260 260 260 260 260 258 218 215 214 231 228 228 231 252 235 225 253 253 227 227 249 249 248 247 246 246 245 244 243 241 239 239 236
304 304 304 305 305 306 306 289 287 280 288 307 281 306 285 307 306 305 305 281 278 295 303 303 288 303 301 299 271 286 276 276 282 280 277 276 266 289 272 286 285 270 284 266 279 278 277 259 261 255 252 267 269 256 234 249 265 246 245 251 247 224 225 259 259 260 259 236 217 216 219 217 231 231 229 232 229 219 220 223 215 249 249 249 248 247 246 245 245 243 243 240 240 239
