examples/cougarCreek-fire/createInputs/WindNinja/wrfout_d3.2015081100.f14/cougarCreekFire_08-11-2015_1400_217m_non_neutral_stability_ang.asc
ncols	146
nrows	140
xllcorner	610065.000000
yllcorner	5095217.000000
cellsize	216.586807
NODATA_value	-9999.000000
[rows 0 to 48 of 140, columns 0 to 95 of 146]
76 94 120 140 153 156 152 143 131 119 113 116 122 127 129 132 135 132 118 101 86 85 95 107 115 115 113 113 115 117 115 109 102 100 98 99 102 105 108 110 111 112 113 112 114 115 117 116 116 116 114 113 113 114 116 118 118 111 104 105 107 107 108 110 112 112 110 109 114 122 128 130 127 121 119 127 136 129 95 72 67 70 83 102 111 120 148 132 135 140 170 145 140 182 190 193
76 94 120 140 153 156 152 143 131 119 113 116 122 127 129 132 135 132 118 101 86 85 95 107 115 115 113 113 115 117 115 109 102 100 98 99 102 105 108 110 111 112 113 112 114 115 117 116 116 116 114 113 113 114 116 118 118 111 104 105 107 107 108 110 112 112 110 109 114 122 128 130 127 121 119 127 136 129 95 72 67 70 83 102 111 120 148 132 135 140 170 145 140 182 190 193
80 98 115 130 147 155 155 148 137 124 116 115 119 124 128 131 135 136 126 114 101 96 97 103 109 112 112 112 113 114 113 110 106 103 102 101 102 104 107 109 110 111 112 112 113 114 115 114 113 114 114 114 113 114 114 115 115 111 106 105 106 107 108 110 112 114 114 115 119 123 128 129 129 127 123 127 136 141 117 83 79 86 98 113 129 140 149 154 159 164 172 175 178 185 191 192
90 100 108 117 134 152 159 156 148 137 123 113 112 118 122 126 134 143 138 131 123 111 103 101 105 109 111 110 109 110 111 113 111 108 108 106 105 104 107 109 110 111 112 113 112 112 113 113 113 115 117 117 115 114 112 111 110 110 109 107 108 111 112 114 116 119 121 122 124 125 128 130 133 134 130 131 143 164 167 124 106 110 115 123 132 141 148 152 156 162 170 177 183 187 189 192
91 97 102 109 123 143 155 157 151 143 128 114 108 111 115 119 127 141 141 136 129 118 107 103 104 108 110 108 108 110 113 115 114 111 111 110 108 108 109 111 112 112 112 114 114 114 116 117 118 120 121 120 117 112 112 110 110 110 111 112 113 116 118 119 120 122 125 126 127 128 131 135 138 138 135 136 152 175 173 151 122 117 121 127 135 141 145 148 151 155 162 174 177 171 169 180
93 98 100 103 114 129 144 152 147 143 132 118 108 107 110 113 121 133 138 137 132 122 109 102 102 105 107 108 109 112 115 117 115 113 113 112 111 109 109 110 111 112 113 115 116 117 119 120 121 118 118 117 118 116 113 113 115 115 116 117 117 119 121 122 123 125 121 128 130 132 134 138 141 142 141 142 164 183 169 156 129 119 122 128 136 141 145 147 148 147 149 161 178 159 178 192
98 104 104 101 105 116 133 146 141 138 135 122 108 104 104 107 117 128 133 133 129 122 111 103 101 104 109 109 110 112 116 116 116 117 116 113 112 111 109 107 109 112 111 115 117 116 118 118 118 118 115 120 114 117 116 118 120 120 120 120 120 116 117 124 126 121 128 130 133 135 137 141 142 143 144 153 176 190 176 157 136 124 124 128 137 139 145 149 152 151 144 142 159 171 188 200
96 101 105 103 102 108 124 142 139 134 133 124 111 101 99 103 111 121 132 130 126 122 115 107 103 104 107 110 110 111 116 116 116 117 115 113 112 111 108 107 108 110 111 113 115 116 117 117 116 112 116 116 121 120 120 120 121 121 121 121 116 116 122 125 127 122 130 133 135 136 138 141 143 145 149 160 182 192 180 161 145 135 133 134 133 139 146 152 158 160 154 143 140 162 194 201
92 95 98 98 102 107 118 136 140 133 130 125 113 103 98 101 104 114 129 129 123 123 118 108 102 103 106 109 109 109 114 116 115 116 114 112 111 109 107 108 110 112 113 114 116 117 116 115 115 116 118 119 120 118 116 120 121 121 117 121 116 121 124 126 122 124 131 126 135 137 139 143 145 147 151 164 185 190 176 162 153 148 147 145 140 142 150 156 163 166 163 156 144 138 167 199
90 92 94 97 103 110 115 126 133 132 129 124 115 105 98 97 101 111 121 123 119 122 119 109 103 103 106 109 109 111 115 115 113 114 114 112 111 110 110 110 112 114 116 116 117 118 118 118 118 120 120 121 119 116 119 119 121 121 116 120 121 123 126 122 124 124 125 127 136 138 141 145 146 148 152 167 184 180 170 163 159 157 157 154 148 148 154 160 166 171 172 168 161 146 144 184
86 90 92 97 103 109 111 114 123 127 127 122 116 107 99 98 99 106 116 120 116 118 118 112 104 98 100 102 109 111 115 116 115 116 115 113 112 112 112 111 111 113 116 112 112 113 119 119 120 116 117 115 117 120 119 120 122 117 123 123 123 120 121 123 124 125 127 129 137 140 143 145 147 149 155 169 177 169 163 163 162 161 161 159 155 151 154 164 169 177 184 181 171 160 147 163
89 90 91 94 103 108 103 100 107 115 120 120 117 110 102 98 99 99 111 116 113 114 117 114 106 100 99 101 103 111 114 115 115 114 113 113 113 113 111 109 109 108 112 112 112 112 118 119 114 115 114 119 124 122 119 119 119 120 121 125 125 121 123 124 125 132 134 135 137 140 143 145 147 150 158 168 168 161 159 161 162 162 162 161 160 160 163 167 173 183 192 193 185 176 156 150
90 91 93 95 100 111 118 103 92 94 107 116 115 109 101 96 96 95 103 109 108 108 114 114 107 102 97 101 104 106 115 116 115 114 114 114 114 114 112 109 105 110 114 113 113 112 117 113 114 119 120 121 125 124 119 120 121 122 123 124 121 123 124 129 130 131 133 134 135 138 141 144 147 152 159 165 163 159 158 160 161 161 161 162 162 164 167 171 176 185 194 198 191 184 181 162
90 92 94 95 97 111 130 130 99 89 92 101 105 101 95 91 91 92 98 102 104 104 107 112 108 104 99 102 104 106 108 116 110 110 113 114 111 112 115 113 107 111 113 112 112 119 119 113 115 123 122 122 123 122 120 120 120 122 122 122 122 122 126 128 129 130 131 133 134 137 141 144 147 153 158 161 160 158 158 158 159 159 161 162 164 167 172 175 180 186 195 200 190 181 195 196
88 90 92 92 92 99 129 124 131 103 87 82 84 86 87 83 91 94 87 100 102 102 101 113 112 106 100 102 104 105 107 115 111 111 114 115 111 111 116 114 107 109 110 112 113 114 115 116 118 119 124 124 124 123 120 119 115 122 121 120 124 124 125 127 122 122 124 125 135 138 133 144 147 151 155 157 157 156 157 157 156 156 157 160 164 171 177 180 182 175 183 200 192 178 202 202
83 84 87 89 86 91 114 162 158 110 89 83 87 86 91 93 84 82 88 98 102 104 107 115 115 109 102 102 104 105 106 108 110 112 114 113 111 111 113 109 105 106 110 114 116 116 116 117 117 118 126 125 119 118 121 120 116 121 115 119 119 119 120 121 123 124 125 135 136 139 142 144 147 149 151 153 155 155 156 156 155 153 152 154 163 175 180 182 185 189 179 200 198 182 189 195
81 83 86 93 98 97 101 136 167 143 116 95 96 108 107 99 92 86 90 95 101 104 106 112 114 108 103 103 103 104 106 112 111 112 113 113 113 113 110 106 106 107 111 114 116 116 116 116 116 119 127 119 120 118 116 121 121 114 119 119 119 119 121 122 124 125 134 128 136 139 142 144 146 147 149 150 152 154 155 156 156 155 151 150 159 171 176 180 186 190 194 199 203 196 173 180
94 91 86 90 108 107 94 105 154 173 153 119 110 112 111 102 90 85 86 91 97 101 98 103 107 106 100 101 102 103 108 112 114 115 115 116 117 114 112 106 107 109 111 114 115 115 116 116 118 119 120 122 121 116 114 119 119 112 118 119 119 120 122 122 124 131 134 131 132 138 141 143 145 147 148 149 150 152 154 156 158 160 161 162 161 161 167 153 184 189 194 199 203 206 200 182
97 97 89 90 101 112 105 114 147 168 162 130 113 106 102 96 90 86 88 91 96 100 96 94 99 104 99 101 102 104 109 113 118 119 117 118 119 115 113 106 108 110 113 115 116 116 116 118 120 119 122 121 117 120 112 111 116 116 113 119 121 115 123 123 129 126 129 133 134 137 140 142 145 146 147 149 151 151 152 155 158 163 172 177 169 160 163 152 157 188 193 175 205 209 213 210
95 101 103 96 96 113 122 117 136 157 165 127 107 91 86 91 94 94 95 97 99 100 95 92 95 95 97 99 102 105 109 113 117 127 122 121 122 118 111 109 110 113 116 118 118 118 119 120 123 123 120 117 116 114 113 110 111 118 114 115 121 121 122 122 123 131 133 133 134 137 140 142 144 145 146 149 151 152 153 155 158 164 177 183 172 164 166 174 158 189 195 166 148 167 219 224
93 100 108 104 100 110 123 112 117 150 128 119 127 91 91 97 101 102 103 103 99 121 93 92 93 94 93 96 100 105 108 111 125 132 125 120 120 119 113 111 113 116 119 120 119 119 120 122 131 121 117 116 116 114 112 118 119 114 115 115 115 115 123 123 130 131 133 134 135 137 139 140 143 144 145 148 151 153 155 157 159 166 181 183 170 164 167 174 182 190 174 143 156 219 223 230
89 90 89 87 88 90 79 77 77 140 194 119 137 130 105 101 103 102 110 108 97 115 93 91 90 91 90 95 101 105 107 109 125 136 129 121 117 120 112 112 116 120 119 119 118 116 117 120 121 116 114 114 111 110 118 114 114 114 115 116 115 116 117 130 125 125 125 127 134 136 137 139 142 143 144 147 150 152 156 160 164 173 187 182 165 158 163 173 183 192 165 160 157 172 227 234
90 87 74 62 60 47 86 46 97 120 126 108 124 148 114 104 99 95 96 105 103 109 95 91 87 90 91 95 99 103 104 110 121 135 130 121 118 119 111 113 119 120 119 117 117 118 118 118 117 117 116 114 111 121 120 113 113 113 114 116 116 117 124 124 123 123 124 132 134 135 137 139 141 142 144 146 149 153 158 164 172 183 189 181 167 157 160 172 186 196 144 145 149 168 167 171
90 86 67 49 44 32 26 45 59 70 132 114 113 137 125 115 108 104 103 111 116 114 109 91 85 89 89 93 95 97 100 103 121 135 133 125 121 117 112 113 117 119 118 116 117 117 116 116 119 118 119 125 116 120 116 113 113 113 115 116 117 123 122 127 120 122 124 124 134 135 136 138 140 142 143 146 149 153 159 166 178 187 185 179 169 158 158 173 164 156 163 170 166 180 186 190
80 70 45 51 39 44 34 89 61 113 134 121 111 121 126 116 112 108 106 104 109 115 117 103 83 85 88 93 91 92 101 116 127 137 136 128 122 118 114 115 118 116 116 125 118 116 116 120 120 119 123 126 116 116 114 114 115 116 116 116 116 122 115 114 123 123 123 124 134 127 136 138 139 141 143 146 149 153 159 168 179 187 185 179 171 160 157 173 195 162 166 164 170 183 199 202
75 66 52 72 84 89 85 92 93 97 122 122 109 107 123 121 115 110 108 103 102 111 117 104 83 84 89 95 91 95 104 121 127 120 134 126 119 117 115 117 120 115 114 115 117 127 120 131 119 119 130 119 113 112 111 113 115 122 114 114 114 121 114 117 122 122 122 123 126 128 129 137 138 140 143 146 149 154 160 168 179 188 188 183 177 164 156 171 136 149 174 169 171 182 203 206
100 87 56 73 85 93 88 87 89 90 107 109 109 105 111 123 118 112 111 106 103 112 116 109 83 83 88 95 100 99 108 113 113 115 121 127 124 118 116 114 112 111 112 114 116 117 116 117 119 120 127 113 110 110 108 109 112 113 112 112 112 120 121 114 114 117 123 123 124 125 127 134 137 139 142 144 148 153 160 168 179 190 192 188 185 176 159 166 102 132 161 238 183 187 204 261
89 80 78 80 80 87 93 90 84 86 102 112 116 108 99 107 109 110 113 108 107 114 119 110 88 81 85 89 102 102 110 109 109 116 123 125 122 121 118 114 112 113 114 117 120 120 119 121 121 121 123 109 108 109 107 110 111 111 111 112 112 114 117 121 123 124 123 121 119 119 120 132 135 137 140 143 147 152 159 168 180 192 193 187 191 190 171 163 90 94 109 129 248 254 259 264
114 108 102 92 85 86 94 106 103 94 104 118 117 110 96 99 105 106 111 109 109 114 120 113 98 82 79 81 100 104 111 109 109 117 122 124 124 122 117 115 116 117 119 120 122 133 132 133 117 132 122 106 106 111 107 111 110 110 112 115 116 116 117 117 118 120 121 121 120 119 119 130 133 135 138 141 145 151 159 168 180 194 201 200 204 199 186 175 77 66 240 248 1 349 262 265
130 120 112 99 91 88 91 101 119 113 114 119 125 132 114 103 106 108 111 109 109 114 118 118 105 92 83 85 94 102 108 111 112 117 118 120 123 120 116 118 119 120 126 131 130 130 132 117 133 133 124 106 105 107 110 110 110 110 110 111 111 111 112 113 114 116 116 116 117 119 119 128 130 133 137 140 145 150 159 169 182 199 208 211 216 208 191 177 189 65 62 53 66 85 267 270
163 139 126 119 108 98 92 92 105 111 110 118 121 115 127 109 114 119 119 117 114 121 118 121 117 104 100 93 96 98 102 106 111 112 114 118 120 116 117 123 125 125 130 129 129 130 120 128 138 136 128 110 102 106 106 103 102 104 106 107 108 111 112 112 110 112 111 111 112 112 111 126 129 132 135 138 143 149 161 173 196 228 253 263 251 234 217 157 194 95 98 101 64 354 273 275
219 165 126 112 108 100 99 102 105 109 105 105 108 110 125 115 113 119 120 118 118 125 127 124 124 115 110 101 100 96 96 99 103 106 110 114 110 112 119 125 123 123 129 128 127 129 136 134 144 138 128 114 98 98 95 95 99 102 104 105 107 109 110 108 107 107 112 113 113 114 115 118 121 128 130 135 140 148 162 184 217 250 282 303 317 310 319 94 262 94 87 75 30 357 335 279
246 188 172 126 108 112 113 111 106 113 112 109 116 120 124 120 113 112 113 111 112 117 122 129 128 123 116 108 102 95 95 98 100 104 106 108 111 113 119 115 121 125 126 125 125 125 132 142 146 140 128 115 93 90 90 93 100 103 103 102 102 103 106 108 110 112 114 113 118 115 116 119 120 121 124 127 132 141 158 197 235 254 256 262 290 329 9 21 24 89 68 57 22 1 330 282
223 195 217 163 135 128 126 120 114 112 122 129 133 130 125 123 119 108 102 99 100 106 111 108 115 121 121 113 105 97 98 103 105 106 109 112 116 120 122 120 120 123 122 121 121 122 123 133 143 140 130 120 110 98 92 93 97 100 102 105 104 103 104 106 106 106 107 108 110 109 103 98 113 116 118 120 126 133 152 203 239 255 265 283 282 297 350 17 31 128 68 56 25 6 310 285
246 236 120 129 129 129 132 133 130 130 129 131 130 132 129 124 119 113 103 102 105 112 110 109 110 113 115 110 104 98 104 106 105 103 104 107 110 114 116 116 113 114 114 113 112 114 117 121 132 130 127 119 110 104 107 99 93 94 98 102 104 102 100 98 98 101 101 99 94 106 106 106 90 100 106 106 106 109 131 218 251 251 260 281 300 307 325 13 29 353 63 50 20 3 343 289
97 102 106 121 119 126 130 126 126 127 126 115 116 122 129 134 139 140 141 136 127 119 115 114 108 104 101 100 100 96 104 106 106 101 96 98 99 100 99 99 104 106 111 109 107 106 105 113 120 125 118 114 112 104 98 98 95 95 96 96 96 95 93 92 92 95 94 102 102 100 98 83 89 96 91 87 87 85 66 322 281 272 268 276 303 317 321 359 29 8 68 54 19 0 347 293
124 113 115 122 124 128 145 133 127 124 118 112 114 118 118 124 132 134 135 130 122 115 118 105 98 90 90 93 96 96 99 103 103 103 99 92 88 86 88 89 88 91 109 108 103 99 99 104 112 122 118 109 107 107 100 95 98 98 99 99 98 98 97 92 93 93 94 94 93 91 80 78 80 75 70 69 62 50 40 1 314 296 290 289 307 326 325 353 28 16 75 48 16 4 347 297
118 113 117 120 117 122 131 127 120 115 111 117 118 112 109 108 109 112 110 103 98 102 98 101 88 85 85 91 91 94 89 89 94 103 108 107 100 95 94 93 91 90 92 100 99 97 97 99 99 108 115 110 110 107 105 101 98 95 93 92 92 93 92 90 92 95 98 99 92 75 69 78 70 59 63 57 49 45 29 13 344 309 295 296 310 326 330 351 17 13 46 36 25 6 354 300
199 178 130 120 110 106 131 152 105 103 102 111 109 106 100 100 100 97 94 96 94 90 87 83 81 77 83 87 85 81 85 83 87 93 102 109 110 102 105 101 94 90 83 83 97 99 98 97 100 102 104 108 104 103 105 102 98 95 91 88 91 90 86 86 87 89 89 80 75 69 58 43 45 49 43 34 31 30 28 19 357 333 301 291 301 320 328 340 2 7 25 30 24 8 357 305
174 131 122 117 109 97 129 96 109 106 111 112 106 108 106 106 102 97 94 96 93 84 89 89 78 72 83 85 80 79 87 90 90 88 94 99 103 101 98 92 90 97 100 99 98 99 99 95 91 94 96 92 93 98 100 98 99 97 88 88 88 86 82 88 89 81 78 77 78 70 50 41 52 46 28 17 23 28 28 21 10 350 323 294 292 317 328 326 343 359 4 37 29 11 0 346
129 100 104 102 127 124 128 99 111 110 112 118 118 119 115 111 101 90 84 83 82 87 97 90 74 75 88 86 81 82 88 92 91 87 87 90 91 94 104 97 90 89 93 93 99 99 100 100 98 95 93 92 87 88 90 91 90 86 84 84 87 81 82 83 81 78 76 76 77 74 63 69 77 59 27 4 19 27 27 25 23 6 345 313 288 295 317 321 326 345 4 22 36 15 3 348
124 118 93 91 119 120 127 104 112 112 116 119 120 119 108 105 93 80 82 90 97 102 100 81 67 76 92 90 87 86 87 81 84 83 80 82 85 85 88 96 94 96 95 96 96 89 89 89 88 86 86 87 85 86 87 87 86 84 83 83 77 77 79 80 79 78 77 76 76 78 86 93 107 125 153 227 264 316 22 30 28 24 3 334 297 284 299 313 317 328 356 10 34 15 2 351
102 80 79 95 103 117 99 111 112 115 119 121 120 111 104 94 86 87 98 105 108 103 90 68 69 85 96 87 89 86 78 76 75 79 77 76 76 78 81 87 94 95 92 90 88 87 91 88 87 82 84 80 80 81 81 80 78 76 76 76 75 75 76 77 78 78 78 77 75 78 90 110 120 135 162 228 247 256 270 11 28 31 19 356 324 300 300 303 307 314 339 9 20 13 3 349
110 116 105 128 120 116 104 112 115 117 121 117 122 113 96 79 89 94 102 106 104 92 74 60 79 98 89 91 88 85 79 77 73 71 71 72 74 75 77 78 82 85 84 81 84 86 86 85 84 82 76 75 77 79 79 78 76 74 75 75 75 75 75 75 76 76 75 72 70 70 72 81 97 114 159 215 257 269 278 306 10 29 49 10 345 314 295 295 302 311 325 1 17 4 353 346
116 124 141 114 103 95 107 109 114 116 107 107 83 77 77 75 84 77 89 97 91 79 68 71 88 92 80 80 85 87 81 77 72 70 68 71 73 73 71 71 74 74 80 82 86 90 86 88 80 71 69 70 73 75 76 76 73 71 72 75 75 74 70 68 65 63 60 56 53 51 49 45 41 39 36 287 288 294 290 308 326 9 28 19 1 336 308 293 297 312 325 350 14 360 335 338
104 111 113 106 101 96 102 105 107 103 139 59 65 80 81 74 56 73 93 96 91 83 79 76 86 85 70 70 85 88 81 73 73 73 72 74 72 70 68 67 63 69 76 83 88 83 86 85 72 64 62 65 70 74 75 74 71 70 74 71 68 66 58 54 53 58 61 58 54 53 53 51 43 37 29 15 325 305 308 305 310 334 25 47 10 349 6 314 303 312 324 338 357 5 334 328
111 115 124 97 97 93 90 94 91 129 52 60 77 81 72 63 62 90 101 101 98 83 74 66 67 69 66 75 91 87 79 73 72 73 78 76 74 70 67 61 56 60 66 71 79 84 84 77 67 58 57 62 69 70 69 70 69 70 71 63 59 54 53 55 56 59 57 53 55 65 63 63 51 35 45 43 6 323 304 310 314 329 18 29 15 357 346 333 305 297 315 328 346 352 337 327
105 107 114 93 95 93 119 73 68 53 66 75 83 81 78 89 114 124 102 98 92 73 55 43 53 61 71 91 91 84 77 74 73 77 80 79 76 73 68 63 60 68 77 80 82 81 72 59 47 45 56 55 60 58 57 59 61 60 61 65 63 59 58 59 60 62 60 60 62 62 60 54 44 41 25 20 39 360 2 303 309 316 346 18 36 4 349 345 332 306 299 316 335 347 335 326
100 102 101 91 119 116 125 66 76 69 78 86 93 98 113 140 139 133 103 93 82 55 37 45 60 71 84 93 89 84 80 75 73 78 81 79 76 75 74 72 81 79 85 81 71 67 58 51 34 38 35 44 42 42 44 49 55 70 75 75 72 65 60 59 61 63 63 62 61 59 52 43 41 40 25 20 14 31 349 318 313 310 319 355 16 20 359 351 344 338 318 312 327 337 329 323
