examples/cougarCreek-fire/createInputs/WindNinja/wrfout_d3.2015081100.f14/cougarCreekFire_08-11-2015_1400_217m_non_neutral_stability_ang.asc
ncols	146
nrows	140
xllcorner	610065.000000
yllcorner	5095217.000000
cellsize	216.586807
NODATA_value	-9999.000000
[rows 49 to 97 of 140, columns 0 to 95 of 146]
101 103 107 109 93 55 63 80 87 83 86 96 105 119 151 113 106 97 88 81 78 47 41 63 66 82 87 85 85 85 81 76 74 77 80 76 72 74 76 82 83 86 89 82 69 52 45 33 20 18 28 32 38 49 51 58 63 67 64 75 66 56 41 54 60 61 62 59 56 49 44 41 40 37 27 21 31 12 4 342 313 310 304 309 348 4 5 11 349 348 0 328 326 326 324 321
102 104 106 86 54 77 91 89 91 94 105 115 120 117 108 97 94 79 69 75 73 56 52 52 51 58 66 79 86 87 81 76 77 76 81 76 67 70 74 77 86 85 89 80 70 57 42 27 19 19 27 33 34 42 55 63 59 61 63 62 68 58 37 39 59 60 56 52 49 44 40 37 37 38 38 22 17 12 9 2 335 305 297 290 290 326 356 1 359 11 352 343 335 326 325 322
98 97 89 68 85 88 88 91 97 105 121 147 122 111 140 71 72 63 67 72 66 59 55 24 36 56 74 87 93 88 82 77 78 77 80 76 66 69 73 74 79 83 82 78 80 75 61 39 31 32 34 34 34 40 51 58 61 62 62 69 61 65 44 49 56 59 60 60 59 49 42 49 41 42 37 32 28 24 12 26 1 342 312 284 273 274 287 335 5 7 357 4 356 334 329 324
96 95 83 82 90 90 94 96 96 106 116 116 109 95 69 50 50 56 66 69 62 65 67 101 36 77 93 99 99 87 78 77 77 78 82 75 69 73 72 75 78 77 78 74 89 80 77 42 84 69 51 42 41 39 49 59 61 60 65 64 57 65 58 62 70 66 55 57 57 53 37 35 43 34 30 26 23 19 15 11 24 359 350 333 294 273 254 250 312 357 349 335 332 333 328 323
100 93 82 87 93 90 90 89 88 100 102 150 77 58 50 44 45 63 69 67 65 62 67 29 64 96 98 93 86 81 73 77 77 78 75 72 68 67 69 70 72 71 72 71 75 73 70 76 91 39 42 44 56 47 60 65 69 65 58 57 57 54 48 57 68 65 60 59 56 52 49 46 44 40 34 29 44 21 15 11 5 3 18 354 340 325 297 278 289 290 297 305 313 321 323 321
100 94 90 91 83 80 79 90 93 97 129 145 34 42 60 60 59 76 79 73 67 58 52 38 61 78 76 80 71 75 62 79 81 79 75 63 65 67 67 70 68 66 64 62 64 65 64 64 68 74 83 97 89 80 81 77 69 61 58 59 57 51 52 56 62 64 64 63 60 55 50 45 41 36 32 28 25 22 17 14 8 2 358 356 352 350 346 335 329 324 313 310 307 309 314 316
96 88 86 82 85 47 79 94 88 79 122 127 31 41 59 67 65 80 82 74 65 52 42 43 58 60 65 66 79 71 59 80 83 81 76 64 62 66 72 70 69 67 63 57 53 55 56 56 54 51 54 68 51 99 94 84 75 65 63 62 59 56 55 55 56 57 57 58 58 52 45 39 34 32 32 31 30 28 23 16 6 360 14 13 356 353 355 351 345 339 331 326 318 309 307 307
95 82 78 75 46 55 87 79 89 40 39 26 42 28 56 59 56 75 76 61 56 42 30 41 58 54 63 79 80 68 51 79 82 81 82 68 67 73 77 71 68 65 63 58 52 48 47 52 54 48 45 49 60 56 67 82 73 71 68 65 62 57 53 51 49 48 46 47 47 43 39 37 34 34 35 35 31 26 18 12 6 26 357 355 355 12 354 351 348 343 339 335 329 319 313 308
97 82 57 59 62 88 99 61 26 12 23 42 23 22 47 51 62 87 87 47 40 26 26 50 56 52 71 95 72 52 57 79 80 79 81 70 69 78 75 71 69 67 66 59 54 46 42 43 45 43 43 43 46 58 69 68 66 66 64 61 59 56 53 52 50 47 42 40 39 38 38 39 38 35 32 28 23 17 13 22 10 5 358 353 353 351 350 348 355 351 341 337 334 327 320 314
99 93 46 76 94 108 65 52 22 22 49 48 21 41 60 68 91 112 124 128 31 20 55 74 57 58 80 80 61 47 75 79 81 78 80 74 70 76 73 67 68 69 66 60 55 47 39 39 38 36 37 35 45 52 57 57 59 61 59 56 55 55 54 53 51 48 44 41 41 41 41 41 37 31 26 21 16 19 22 23 11 7 2 357 353 350 347 346 344 342 340 336 333 327 320 318
94 86 72 110 118 86 99 26 15 38 50 42 55 36 64 101 114 117 125 148 32 37 72 57 45 72 99 72 51 57 79 82 83 80 79 75 77 76 71 66 66 66 66 61 56 54 48 41 43 36 35 29 30 40 45 48 54 58 58 55 53 52 50 49 46 45 46 44 45 45 41 38 31 25 20 26 34 33 24 21 10 7 5 1 357 353 350 347 345 342 339 336 332 327 321 318
83 77 77 93 80 103 83 17 41 39 48 63 75 78 108 115 118 119 126 155 29 25 36 28 53 79 76 62 61 80 84 83 82 81 77 77 76 73 70 68 67 66 64 65 60 56 54 51 52 43 38 40 27 28 32 36 42 47 49 48 48 47 48 46 46 43 42 43 42 39 34 30 25 24 36 36 27 29 31 30 27 21 20 17 14 11 354 351 347 344 340 336 332 329 323 320
80 43 81 77 62 86 52 37 43 52 43 66 97 121 122 114 113 114 124 162 31 16 30 50 70 78 73 69 82 84 85 82 82 82 82 79 74 72 70 69 67 67 64 62 64 61 57 59 58 50 43 36 30 25 25 28 33 37 39 38 39 41 43 45 45 43 41 39 36 32 27 29 39 37 30 33 33 33 28 26 29 21 22 19 16 15 12 354 350 346 342 337 332 328 323 321
58 60 80 62 50 36 15 52 29 51 78 101 115 122 118 112 110 111 121 350 28 14 6 22 52 70 70 81 88 88 59 81 85 83 86 80 74 72 70 68 66 67 64 62 64 59 61 51 51 51 45 40 34 27 23 28 35 39 48 45 38 39 41 41 39 36 35 32 30 32 37 38 36 29 32 36 36 36 35 27 30 28 21 22 3 18 14 355 352 348 344 339 334 328 324 321
87 90 84 81 70 69 46 92 68 108 118 114 113 119 116 114 108 108 113 14 5 358 356 9 43 59 73 78 82 81 79 85 87 84 86 81 76 71 69 67 63 68 66 62 62 60 58 59 59 50 46 43 38 30 24 29 37 41 49 49 39 40 44 42 38 35 32 40 40 41 40 38 35 34 36 37 37 30 36 34 31 9 24 22 4 18 15 356 353 349 346 341 335 330 325 323
159 160 89 76 77 66 117 147 157 153 143 125 116 115 117 109 105 103 108 18 345 2 2 10 32 45 63 82 83 76 81 88 88 84 85 80 74 73 68 66 68 68 70 65 63 61 58 53 51 58 51 46 41 33 24 26 34 40 42 50 41 41 42 40 47 45 43 41 32 41 42 35 39 38 33 39 32 32 35 34 33 27 9 7 5 3 1 14 354 351 347 342 336 332 327 326
176 131 158 103 132 172 176 169 161 155 150 136 120 116 108 106 105 103 103 98 112 22 7 3 22 43 70 84 76 83 87 90 89 88 87 81 70 68 64 62 66 69 70 66 65 63 56 55 53 50 52 46 40 35 28 25 31 39 43 53 42 43 43 48 40 47 44 42 38 41 46 44 41 38 33 39 33 25 23 24 24 22 23 23 21 20 2 359 355 352 348 343 335 332 328 326
142 171 173 150 141 160 168 163 159 157 150 137 119 112 105 104 102 104 96 101 349 54 342 349 18 37 79 86 85 86 87 91 88 86 85 75 71 70 66 63 67 69 68 71 63 62 59 58 55 51 54 47 42 39 32 25 25 35 42 44 52 43 51 50 49 38 39 42 40 45 46 38 42 41 39 36 25 24 26 28 28 24 24 21 17 6 4 1 357 354 349 343 337 334 330 328
172 195 180 147 129 138 157 162 160 157 143 132 117 111 100 99 100 97 88 73 22 4 340 347 12 49 88 90 91 90 88 93 91 84 81 79 72 76 66 64 68 62 67 63 63 67 68 66 64 56 64 49 45 43 44 27 19 27 39 48 42 50 50 43 51 45 36 33 35 40 46 44 44 42 38 29 24 21 19 19 19 17 14 10 8 7 20 18 1 357 349 343 337 334 329 326
169 190 172 140 123 120 131 144 148 146 133 126 116 107 103 99 99 93 86 79 304 69 350 358 6 323 90 95 96 93 88 93 94 85 82 77 75 75 68 66 62 61 63 61 60 59 57 58 57 56 64 49 47 47 44 33 14 18 35 43 53 52 50 55 49 49 43 33 36 46 46 43 38 37 41 33 31 40 24 25 35 25 21 22 23 23 9 8 4 358 350 344 338 335 328 324
152 177 159 133 118 109 105 106 118 129 126 131 114 107 104 100 98 89 83 96 30 22 10 4 8 346 90 97 96 92 87 92 88 91 83 79 77 77 71 67 63 61 61 62 59 57 56 56 53 55 55 49 47 47 47 42 16 7 31 43 54 48 48 55 56 55 51 35 36 38 46 40 43 36 40 38 38 27 30 23 20 16 14 13 12 11 11 9 4 358 353 348 341 337 332 328
150 179 147 126 115 108 105 107 115 123 123 119 111 108 101 100 95 76 79 91 127 16 22 10 283 13 96 97 95 90 87 87 93 89 79 78 78 77 71 67 65 63 62 63 60 58 63 62 55 51 50 48 47 57 48 46 32 356 16 38 45 46 47 47 47 55 54 50 36 38 43 47 40 43 41 39 39 27 34 30 25 23 18 16 17 13 10 6 3 7 358 353 346 339 334 331
206 179 137 122 112 106 100 101 107 114 118 117 107 103 98 98 93 72 78 85 107 19 20 19 270 132 103 97 91 89 88 93 85 80 78 79 80 78 70 67 67 66 63 63 62 58 57 56 55 54 49 47 50 57 58 48 42 12 348 28 43 50 45 44 44 45 43 48 48 37 39 43 47 45 43 39 38 38 37 24 22 17 11 12 19 18 14 12 13 14 9 6 4 346 339 334
188 158 133 119 107 95 95 100 102 104 108 109 103 96 94 92 85 82 86 87 81 37 282 2 240 128 110 98 90 90 90 96 89 80 78 80 84 82 72 69 69 73 64 62 66 58 55 61 54 50 49 47 49 55 48 49 46 34 354 3 41 47 55 48 46 42 46 37 35 39 37 47 47 43 41 39 36 38 34 36 36 36 32 12 17 23 23 15 10 3 7 14 12 353 347 339
152 140 128 117 103 89 88 95 97 97 99 102 102 96 92 89 78 77 88 88 82 56 268 243 188 119 111 102 91 90 90 96 86 79 80 81 80 88 72 70 70 75 65 63 63 59 62 51 53 49 52 46 55 45 56 48 47 41 20 354 28 47 49 57 55 52 44 46 43 41 42 43 43 42 41 39 36 37 35 34 38 38 37 26 14 18 28 25 15 3 2 8 15 357 352 345
134 128 121 114 104 91 91 95 93 91 91 95 98 96 93 90 77 76 87 87 67 87 167 198 163 122 108 104 99 92 87 87 88 79 82 83 79 84 69 68 69 73 72 63 60 60 57 56 51 52 49 56 54 45 46 56 46 42 31 12 14 42 50 58 58 56 54 51 41 40 40 33 41 32 41 38 38 38 37 34 35 40 36 32 21 13 20 24 22 13 1 1 10 15 356 350
128 124 120 118 114 98 94 96 96 94 93 95 98 98 95 91 80 86 90 92 75 73 115 156 150 130 111 102 98 89 84 88 76 78 81 89 79 72 67 66 68 78 75 62 59 59 55 62 50 50 48 45 44 44 46 46 56 43 37 29 18 32 47 50 59 51 48 47 39 48 35 36 36 42 33 39 39 38 38 36 36 39 32 27 25 17 18 24 24 21 14 0 0 11 359 355
128 123 122 126 130 118 109 107 109 110 109 109 107 108 96 91 88 95 90 79 67 65 88 128 147 142 118 100 92 85 79 76 76 77 86 84 77 71 65 65 69 78 77 64 59 57 59 52 49 52 48 46 45 44 45 50 57 46 43 37 27 28 43 48 56 57 54 53 41 37 49 45 44 36 33 33 39 38 38 39 39 37 29 26 24 19 23 24 26 22 5 2 359 359 0 359
130 125 123 135 140 128 122 120 124 125 123 119 113 104 96 91 92 95 86 74 65 64 81 106 140 156 131 101 86 81 80 82 79 79 84 81 74 68 62 65 71 76 73 65 58 56 56 53 49 48 49 47 45 44 45 50 58 46 44 41 34 31 38 46 49 59 56 57 57 50 53 51 49 48 33 33 33 41 38 39 36 33 22 30 11 13 25 27 25 23 19 4 1 359 359 1
134 131 131 145 144 134 129 126 130 133 129 121 108 98 91 86 88 87 78 68 64 70 85 97 118 153 135 106 88 78 80 83 80 78 81 76 73 65 60 65 75 76 72 65 59 56 55 53 51 50 51 49 45 44 46 49 59 56 54 43 40 37 37 41 47 60 60 60 56 43 42 43 53 49 34 32 33 39 44 42 35 30 31 31 26 15 18 26 23 21 22 20 5 2 360 1
140 141 145 152 148 136 132 126 123 127 124 116 103 94 87 78 70 70 70 67 67 78 91 98 113 148 125 110 111 100 88 84 78 76 77 75 71 63 61 68 74 74 75 67 63 58 55 55 64 53 57 52 46 45 49 55 51 56 53 45 44 42 42 41 44 50 58 56 54 42 40 41 40 47 43 36 32 36 45 47 38 30 30 31 31 17 17 15 13 12 10 21 21 6 4 2
145 150 158 163 156 143 137 132 118 109 103 101 101 94 84 73 62 61 63 63 69 81 96 96 109 162 127 103 112 119 103 88 80 77 81 73 65 61 62 70 74 72 73 73 65 59 53 53 56 56 55 53 47 45 52 54 49 54 45 45 45 44 44 42 40 47 59 55 54 50 47 47 39 39 47 34 31 35 44 47 42 34 24 23 22 19 17 16 14 13 11 10 10 10 8 6
145 151 160 166 165 156 147 143 129 114 107 105 100 92 81 68 61 65 66 66 73 90 90 91 95 151 118 95 102 116 118 98 88 84 79 73 64 56 62 68 69 69 68 72 71 57 47 48 56 56 55 53 45 47 53 55 57 42 41 47 45 45 45 42 37 43 49 57 54 49 50 50 46 39 38 34 28 32 42 47 43 26 24 23 23 21 19 17 15 14 13 11 11 22 10 9
144 148 157 166 168 164 159 155 146 137 130 119 106 94 83 68 65 71 72 69 78 93 89 89 87 48 61 87 90 109 109 105 98 95 91 76 69 57 62 65 67 69 69 71 61 61 41 43 55 60 54 49 44 52 59 52 47 57 42 44 54 45 45 43 38 38 45 58 55 53 48 46 42 44 36 41 35 28 35 44 43 30 26 24 24 23 21 19 16 14 14 13 10 10 10 10
144 146 152 158 164 164 162 161 158 142 136 128 114 102 102 77 74 73 67 68 82 95 89 87 93 13 38 75 80 86 81 94 100 101 95 87 65 59 62 63 67 75 70 69 59 54 40 44 57 60 55 47 48 55 68 54 51 54 50 45 47 55 54 43 39 35 40 49 56 54 52 49 40 40 42 40 37 38 43 45 46 34 29 26 23 22 21 18 17 15 14 14 12 9 8 9
149 150 150 151 156 159 158 161 160 143 134 131 133 108 95 86 82 73 64 71 92 90 89 85 73 19 43 70 75 82 74 81 90 98 98 83 67 60 60 62 70 73 68 62 58 54 44 43 56 59 61 51 54 62 60 53 55 55 54 48 50 53 49 50 53 50 42 44 52 52 51 46 46 39 42 43 43 43 45 36 36 35 31 27 22 19 19 18 17 16 15 15 13 12 9 9
162 161 155 150 152 153 153 160 161 148 135 128 131 126 98 90 87 77 71 77 86 89 88 86 81 73 93 84 76 73 75 74 80 88 93 91 78 61 56 63 70 71 64 59 58 56 49 43 52 56 55 56 58 56 53 55 57 57 55 53 54 58 51 52 58 53 50 40 44 50 50 45 43 46 45 45 45 46 38 39 36 35 32 27 23 27 19 19 17 17 16 15 15 16 14 10
178 176 165 154 154 154 158 161 153 149 141 143 125 119 112 103 97 90 85 92 87 87 86 83 82 104 130 102 83 84 77 65 80 79 87 102 99 72 63 67 74 67 61 59 61 59 54 47 49 53 56 58 59 56 54 55 56 56 55 56 57 55 54 54 61 56 52 46 44 43 43 48 47 46 48 36 48 37 38 36 33 41 30 27 24 22 20 19 17 26 17 17 18 16 14 11
177 180 178 167 162 162 168 168 151 145 146 148 138 132 125 119 112 120 99 99 88 86 84 77 65 55 63 91 92 79 64 61 70 75 78 83 93 98 86 79 73 67 61 62 65 63 57 49 49 55 60 62 61 58 57 57 57 54 54 56 56 55 54 53 57 58 54 48 46 38 38 47 48 47 51 50 50 50 47 47 32 39 29 27 26 24 21 18 16 16 17 18 17 15 12 10
168 178 186 181 174 169 170 169 159 152 151 156 150 149 131 124 119 126 103 94 89 85 82 75 61 46 50 73 86 79 66 65 79 74 72 71 75 88 94 87 78 71 67 67 70 66 59 52 50 56 61 63 73 60 59 60 59 55 55 56 55 54 53 52 62 59 52 55 52 50 38 46 48 49 38 37 38 38 38 47 34 31 30 28 27 26 23 19 16 17 18 19 17 14 11 10
164 175 189 189 184 174 169 164 157 157 159 165 155 146 135 126 116 118 100 95 88 82 76 68 63 66 73 75 72 68 68 73 80 74 71 66 62 64 71 73 72 72 71 69 68 65 61 56 54 55 59 62 72 70 58 59 57 55 55 55 54 53 51 61 56 60 59 57 56 55 52 46 44 47 47 45 44 36 36 35 35 34 32 29 28 28 26 21 18 17 19 19 17 13 11 19
175 183 193 189 186 180 169 158 151 154 166 170 157 149 149 127 110 125 99 95 89 82 72 59 59 72 89 84 68 63 74 83 82 77 72 64 56 51 48 54 64 68 67 63 62 61 58 56 55 54 58 62 61 70 57 56 56 55 54 54 54 64 52 61 58 58 59 58 59 58 58 51 40 41 48 48 45 45 45 34 32 31 31 29 27 28 27 25 21 18 18 25 26 22 20 19
196 201 202 185 179 179 171 156 148 151 172 180 164 156 146 138 120 106 100 95 89 82 69 58 64 74 78 72 61 61 74 85 86 80 73 65 55 47 44 51 64 68 66 64 62 59 55 53 50 50 56 61 61 69 58 57 56 55 54 54 53 64 64 63 59 47 58 58 56 57 41 52 39 41 41 48 48 37 47 46 43 39 39 29 27 28 29 28 25 19 15 14 13 19 11 10
204 204 200 188 178 173 169 160 148 147 173 188 169 167 150 147 135 133 100 93 88 80 69 62 72 75 67 58 57 63 89 81 85 80 72 62 51 43 42 54 66 67 66 65 61 57 53 50 47 48 53 57 59 67 67 57 57 57 56 55 55 54 66 65 62 49 48 58 58 56 40 49 36 39 48 50 50 49 49 48 46 44 32 40 30 37 38 37 26 20 14 11 12 12 12 10
199 198 195 190 184 174 170 165 151 143 165 186 182 178 161 149 139 129 103 95 89 82 71 69 75 74 61 57 67 76 91 81 82 78 68 60 48 36 39 56 66 67 64 60 56 52 50 47 45 46 50 54 57 66 66 66 57 68 57 56 56 55 66 66 66 51 50 59 59 57 53 48 36 37 47 47 47 38 47 45 35 33 42 33 32 39 31 36 33 20 25 15 14 12 11 10
186 189 192 192 188 181 178 176 166 156 161 169 175 178 168 153 144 125 106 96 91 84 75 71 74 68 53 63 90 83 82 93 91 77 67 59 47 32 38 55 63 65 64 59 53 49 48 46 44 45 48 52 55 56 65 65 66 65 67 56 56 56 66 63 53 64 63 49 59 57 54 49 36 36 45 43 43 46 46 46 45 43 32 40 40 40 38 28 31 27 18 16 14 14 12 10
178 185 195 195 190 185 185 189 184 174 171 169 169 175 165 162 148 132 111 100 92 85 78 73 74 65 55 80 74 73 81 93 86 75 67 60 49 34 42 56 62 63 62 57 51 47 45 44 43 44 48 51 54 56 63 61 63 64 65 66 56 55 64 60 51 57 59 61 59 56 52 50 46 47 45 35 35 36 46 47 46 44 34 32 31 38 29 27 24 21 19 18 17 14 11 10
191 193 197 194 189 185 187 195 194 182 176 181 178 174 167 154 151 136 135 106 96 101 76 76 73 64 75 85 79 67 77 88 77 70 62 59 51 40 48 61 65 65 62 56 48 43 43 41 40 43 46 50 53 55 56 57 57 57 56 56 64 64 63 62 61 58 47 56 57 54 52 51 50 50 47 42 34 35 43 37 44 42 40 40 30 30 36 26 33 22 20 18 25 15 12 9
203 198 193 193 191 186 186 193 195 191 183 185 182 173 166 161 154 138 123 111 99 87 74 69 68 81 86 79 68 69 78 80 75 69 65 63 55 41 47 60 66 67 65 56 44 39 40 40 39 41 44 48 51 52 54 55 56 55 55 55 54 63 63 62 61 50 47 45 43 42 40 39 38 48 48 44 34 34 36 47 36 41 33 31 30 30 34 25 24 29 20 27 16 15 15 13
