examples/cougarCreek-fire/createInputs/WindNinja/wrfout_d3.2015081112.f23/cougarCreekFire_08-12-2015_1100_217m_non_neutral_stability_vel.asc
ncols	146
nrows	140
xllcorner	610065.000000
yllcorner	5095217.000000
cellsize	216.586807
NODATA_value	-9999.000000
[rows 102 to 135 of 140, columns 0 to 77 of 146]
19.12 19.69 17.38 11.74 12.86 22.51 11.69 21.93 16.51 26.62 12.46 23.32 23.36 21.19 19.74 17.05 11.57 12.89 13.98 12.33 6.47 19.36 17.88 8.00 8.26 7.93 18.19 16.07 12.36 2.69 4.45 5.62 6.75 7.70 8.09 8.10 7.85 6.85 5.21 3.82 3.34 3.04 4.26 4.78 4.16 3.46 3.10 2.46 1.39 1.55 2.85 3.29 3.34 3.47 3.88 4.47 5.24 6.09 6.80 7.35 7.83 8.17 8.38 8.76 9.40 10.09 13.95 13.70 14.36 15.90 16.46 16.93 16.66 18.01 19.30 20.82 21.73 21.11
17.89 19.34 20.07 15.92 28.75 12.44 23.36 21.60 20.93 13.01 12.76 22.49 11.03 17.42 24.01 18.61 10.58 13.57 10.02 11.60 20.86 5.57 16.56 10.55 18.45 18.24 18.08 17.43 12.05 0.98 10.80 7.51 6.46 7.07 7.64 8.26 8.75 8.65 7.58 6.12 4.79 4.09 4.59 5.35 5.24 4.54 4.17 3.70 2.62 1.75 2.70 3.51 3.36 2.98 3.01 3.48 4.28 5.24 6.17 6.91 7.60 8.28 9.48 9.36 9.94 12.28 13.71 13.57 15.52 17.17 18.09 17.90 15.88 17.76 20.42 21.75 22.88 26.07
16.30 17.63 19.74 18.50 12.59 26.70 12.81 17.59 26.32 11.31 12.56 11.70 19.92 20.62 10.14 16.93 15.00 14.56 9.85 17.67 7.74 17.06 15.67 4.62 16.63 16.48 17.27 17.75 15.66 14.15 15.59 10.65 4.99 6.14 6.86 7.72 8.57 9.10 8.83 7.94 6.75 5.65 5.44 5.70 5.64 5.44 4.90 4.46 3.97 2.72 2.03 2.79 3.38 3.21 2.87 3.18 4.00 4.94 5.91 6.76 7.47 8.29 9.24 10.11 10.70 12.99 13.47 14.83 13.04 13.65 19.52 20.01 20.22 19.33 19.53 20.31 21.78 23.44
16.90 17.41 19.01 18.87 16.19 11.51 29.90 11.56 10.99 19.35 10.98 11.67 10.61 26.16 10.90 11.15 16.44 14.50 9.69 17.24 18.24 5.33 5.15 17.28 18.68 5.30 13.80 5.65 15.87 14.24 3.26 2.13 2.22 4.12 5.90 6.78 7.59 8.44 8.91 8.70 8.00 7.10 6.59 6.51 6.05 6.11 5.68 4.88 4.99 3.88 2.81 2.94 3.77 4.08 3.16 3.00 4.10 5.11 5.98 6.80 7.62 8.49 9.37 10.11 13.47 14.42 16.18 12.27 12.75 13.21 13.62 21.08 20.91 20.69 19.85 19.58 20.29 20.72
15.92 17.17 18.75 18.96 17.96 15.71 12.86 10.62 28.04 10.75 22.95 10.04 19.67 17.68 8.57 10.68 17.87 15.39 10.39 14.98 18.12 14.62 13.44 5.28 5.29 14.88 5.23 5.90 17.07 4.02 3.72 3.25 3.02 2.68 4.23 5.77 6.32 7.18 8.04 8.44 8.26 7.71 7.28 7.10 6.81 6.90 6.51 5.69 5.91 5.12 4.17 3.98 4.47 5.65 5.40 4.43 5.17 5.81 6.41 7.17 7.99 8.70 9.15 9.42 9.84 10.53 11.21 11.74 12.22 12.58 12.83 13.30 13.77 21.30 20.11 18.77 17.00 17.05
16.73 15.82 17.24 18.79 18.78 17.97 16.56 13.69 9.57 11.17 23.77 24.55 24.81 5.56 21.75 19.91 9.63 10.32 10.64 9.84 17.85 14.98 4.59 17.54 5.85 4.63 17.93 18.84 4.17 3.92 3.75 3.48 3.84 4.22 2.91 3.27 9.72 9.58 7.46 6.96 7.44 7.49 7.39 7.33 7.49 7.67 7.27 6.94 6.92 6.34 5.42 4.80 4.90 6.60 8.13 7.59 6.82 6.68 6.93 7.49 8.14 8.67 9.00 9.35 9.90 10.58 16.32 17.31 18.75 19.43 20.50 21.27 22.05 22.01 20.80 18.95 18.63 19.70
15.17 12.74 13.96 16.77 18.14 17.34 16.69 15.96 13.23 29.64 12.59 29.13 9.56 22.68 20.56 17.77 14.29 14.00 14.70 15.45 18.34 7.03 13.18 17.25 16.60 18.49 15.74 15.96 4.38 14.26 3.55 3.52 16.05 3.85 3.61 12.85 2.55 4.26 4.76 5.27 6.02 6.75 6.96 7.10 7.43 4.55 7.61 7.82 7.96 7.35 6.68 5.94 5.01 5.27 7.08 8.02 7.70 7.40 7.36 7.59 8.08 8.69 9.28 9.94 10.53 14.50 17.53 19.41 20.34 20.67 21.17 13.17 21.98 22.25 21.97 21.79 21.51 21.61
14.95 12.08 13.21 14.38 17.03 17.25 16.35 16.15 15.25 13.06 14.38 13.53 28.35 26.68 25.24 21.42 6.11 15.43 16.04 15.99 16.10 15.04 13.53 20.87 14.17 18.65 19.11 5.18 4.39 17.19 3.58 16.18 2.82 2.52 13.54 3.45 11.97 2.43 3.79 4.43 5.27 6.16 6.54 6.79 4.34 7.38 7.30 7.87 8.54 8.11 7.67 7.30 5.42 3.15 3.67 5.68 7.17 7.76 7.93 8.13 8.52 9.22 10.09 10.91 11.46 11.73 16.88 18.65 20.61 12.79 21.68 12.49 21.94 12.66 13.00 22.28 21.36 20.80
14.17 13.60 11.47 13.64 15.01 17.18 17.35 16.89 16.60 15.47 16.61 14.68 31.50 13.44 12.32 24.45 20.21 19.17 4.97 20.83 15.01 17.46 21.35 19.82 16.69 15.68 19.78 15.26 17.79 18.81 16.46 3.90 13.75 13.21 12.96 14.49 14.47 1.36 9.85 3.53 4.72 5.61 6.31 4.15 3.81 2.48 7.37 7.73 8.42 8.61 8.35 7.98 6.17 3.57 3.38 5.02 6.81 8.03 8.64 9.05 9.62 10.35 11.12 11.86 12.48 12.85 16.54 17.08 19.42 20.63 21.04 19.48 18.63 20.42 20.69 19.38 19.61 19.05
12.05 12.90 12.66 10.79 11.24 14.17 16.51 17.29 16.89 15.00 15.91 16.27 16.51 14.83 28.72 29.24 11.93 10.33 8.94 8.60 9.22 7.55 6.08 21.28 17.11 18.04 16.82 20.08 20.46 6.48 14.09 6.53 12.83 12.50 13.27 13.95 5.06 5.15 3.00 10.06 8.04 6.82 5.69 4.46 3.53 2.77 7.74 7.90 8.16 8.86 9.07 8.42 7.13 5.48 5.49 6.58 7.59 8.24 8.74 9.28 10.01 10.74 11.29 11.76 12.14 20.61 20.63 20.43 20.48 20.16 20.06 17.74 16.08 16.27 17.46 19.41 20.21 19.97
10.75 11.69 12.46 10.92 10.28 10.42 11.05 14.07 17.01 17.73 30.58 17.02 28.59 30.54 27.31 31.08 13.72 13.92 13.97 12.97 11.06 8.94 8.33 21.33 16.10 16.35 17.67 8.98 9.61 18.70 17.29 16.40 16.66 7.03 14.93 13.22 5.50 6.58 16.73 13.64 10.46 7.77 7.05 5.74 3.98 7.77 8.36 8.68 8.75 9.27 9.93 9.63 8.70 7.59 7.29 7.72 7.91 8.08 8.43 8.93 9.62 10.32 10.88 11.16 11.25 11.68 12.35 12.91 22.71 22.80 23.21 23.15 22.25 22.77 21.52 21.37 21.08 21.81
10.35 10.89 11.90 11.84 10.10 7.87 8.29 9.98 13.60 16.94 15.83 27.93 25.42 24.92 28.57 30.60 13.76 14.16 14.66 14.13 11.97 11.01 9.79 21.59 17.16 17.08 18.70 19.65 18.81 19.36 18.56 17.73 16.77 7.65 6.47 5.85 6.09 15.98 17.62 16.98 14.28 11.13 9.22 6.52 4.25 8.16 9.13 9.54 9.87 10.07 10.67 11.01 10.30 9.34 8.48 8.19 8.34 8.59 8.84 9.36 10.04 10.52 10.78 10.77 10.69 10.86 11.19 11.64 12.21 22.87 22.58 12.71 23.69 23.77 23.33 22.86 23.30 23.48
10.16 10.52 11.15 11.79 12.05 11.35 9.98 9.14 11.13 13.07 28.87 14.62 15.36 32.12 33.17 28.76 13.74 12.74 11.60 11.67 10.98 10.55 9.97 20.31 17.14 17.49 19.35 18.97 19.10 20.05 19.59 19.24 8.62 7.63 17.06 6.58 16.60 16.37 16.91 18.24 17.75 15.34 9.85 5.76 7.18 8.63 9.52 10.15 10.81 11.20 11.64 11.96 11.55 10.56 9.29 8.68 8.82 9.21 9.79 10.31 10.68 10.79 10.58 20.45 20.53 20.95 21.37 22.14 22.44 23.25 23.40 22.89 22.69 22.79 22.62 23.83 23.79 26.51
9.86 10.44 11.37 12.09 13.40 14.69 14.92 13.92 12.62 10.99 10.53 13.32 31.36 33.94 18.76 16.12 15.95 14.53 12.50 11.50 23.27 25.93 21.36 18.77 15.86 16.27 23.54 18.79 18.89 18.26 24.82 17.18 16.32 16.26 7.47 7.57 16.16 16.45 7.85 18.54 18.51 16.97 13.13 9.69 8.32 9.35 9.44 10.14 11.35 12.18 12.70 12.76 12.35 11.51 10.18 9.15 8.86 9.38 10.02 10.25 10.27 10.18 10.05 9.90 19.31 20.79 21.77 22.51 22.92 21.78 22.12 21.52 21.19 23.66 22.43 23.09 23.33 22.87
9.22 9.99 11.32 12.18 13.02 13.45 13.89 14.99 15.77 15.27 13.37 12.86 33.03 31.50 18.01 19.00 17.81 15.84 15.31 14.01 13.39 25.16 19.50 16.64 17.34 25.88 20.97 19.33 19.04 24.36 24.20 16.69 15.79 16.43 8.32 17.68 16.98 17.63 8.36 18.32 17.65 17.83 17.19 15.89 15.23 14.62 10.33 10.59 11.76 12.97 13.52 13.52 13.02 12.25 11.06 9.81 9.21 9.10 8.92 8.86 9.11 9.48 9.62 20.72 19.86 20.34 20.92 21.23 21.97 21.97 23.61 22.54 23.63 23.84 23.20 23.54 22.42 21.39
8.62 9.04 10.08 11.04 11.60 11.70 12.43 14.26 16.23 17.53 16.85 12.11 10.48 16.03 18.31 19.09 18.56 18.19 17.44 16.53 16.01 27.80 23.74 17.70 19.06 11.78 21.29 21.52 20.62 22.77 25.68 17.85 17.00 17.30 17.47 17.32 10.21 9.27 18.45 17.76 17.61 17.44 17.55 18.29 18.77 19.44 18.09 12.45 13.02 13.70 13.95 13.93 13.42 12.61 11.62 10.51 9.62 8.81 8.08 8.08 8.76 9.32 20.83 10.00 20.32 21.34 21.51 21.04 21.99 24.73 24.87 23.76 24.15 23.82 23.36 21.84 22.99 22.82
9.63 8.44 9.35 10.52 11.65 12.92 14.16 14.89 15.96 17.91 19.48 19.88 19.68 17.74 28.94 17.43 18.61 18.29 18.03 17.92 17.17 25.42 14.83 17.70 12.87 13.60 19.59 20.98 25.90 23.38 21.22 20.53 18.99 19.02 19.50 19.84 19.98 19.55 18.51 16.94 17.36 17.30 17.83 19.78 22.36 14.90 21.95 18.85 14.67 14.32 14.22 13.98 13.34 12.81 12.06 11.10 10.15 9.21 8.55 8.45 19.16 20.26 9.48 9.65 21.35 22.89 22.23 21.54 22.78 24.68 24.28 22.55 23.27 22.85 22.54 21.55 22.16 22.67
9.40 8.81 9.84 10.99 12.13 13.53 14.86 15.60 15.89 16.01 17.13 18.82 19.73 18.38 16.16 27.96 17.48 18.41 32.08 17.89 32.69 26.36 26.23 14.81 13.76 23.54 21.75 24.25 24.57 28.13 21.12 23.26 21.72 20.80 21.00 20.71 20.43 19.96 17.93 16.73 17.26 18.14 18.56 20.06 20.68 21.76 21.60 21.38 21.29 14.52 14.44 13.93 13.33 12.99 12.42 11.65 10.70 9.78 18.61 19.36 19.84 20.24 21.73 21.19 21.86 22.61 22.97 22.24 22.11 23.37 24.58 25.16 25.13 23.31 22.29 21.81 23.88 24.92
8.76 9.57 11.16 12.17 13.16 14.35 15.04 15.39 15.25 15.90 14.23 14.52 15.53 16.36 16.17 17.13 29.87 30.59 30.00 31.60 31.95 16.69 27.43 27.06 24.20 22.04 26.24 26.11 19.71 19.68 23.12 15.29 23.54 21.75 22.36 22.00 21.88 20.23 18.16 17.86 19.12 20.66 19.65 19.01 19.02 19.16 20.50 22.32 21.55 20.29 19.98 13.68 13.22 12.97 12.51 11.79 19.53 19.68 19.87 19.82 19.98 21.09 21.20 22.33 22.80 22.48 22.58 25.40 23.35 22.86 25.38 25.46 25.06 24.89 24.27 24.39 24.44 23.89
9.45 9.89 11.50 12.32 13.56 14.21 14.15 13.98 14.11 14.55 14.73 14.89 15.71 16.79 17.22 15.08 29.46 29.69 27.14 31.88 30.86 28.73 25.20 27.71 28.57 29.40 28.74 24.72 22.98 15.27 32.07 24.17 24.15 23.15 23.87 23.30 21.66 20.66 20.27 19.31 22.02 21.81 20.16 18.51 17.81 18.21 20.15 22.08 21.72 20.97 20.91 20.34 20.04 20.39 20.58 20.57 20.48 20.51 20.81 20.67 20.08 20.75 22.16 22.83 11.84 12.32 23.49 25.52 23.45 23.23 23.72 25.51 25.58 25.20 22.93 24.00 22.47 23.82
9.70 10.05 10.93 12.62 11.65 10.74 12.48 11.99 12.99 14.64 17.15 16.23 16.79 17.79 18.76 19.31 17.43 29.38 19.13 37.72 31.65 31.34 29.95 30.35 19.08 17.50 33.96 24.01 20.33 15.49 28.47 23.93 25.32 25.35 25.70 24.56 22.51 22.10 22.29 22.54 24.28 22.70 20.02 19.78 19.32 19.78 21.92 22.40 21.83 21.01 21.20 21.51 21.92 22.35 22.09 21.84 21.62 21.52 21.27 21.67 20.39 21.41 22.71 24.08 12.11 12.69 25.56 26.03 26.13 24.61 23.49 22.64 22.95 22.81 22.73 24.21 24.30 24.61
10.52 10.22 10.38 10.28 11.17 10.28 11.14 10.94 12.66 14.68 16.80 16.28 16.44 17.44 18.91 20.58 21.06 29.43 25.08 37.11 33.10 32.97 32.66 32.46 20.55 20.62 32.23 19.79 19.60 19.09 20.92 28.56 28.22 26.44 26.09 24.99 24.00 24.20 24.07 24.09 24.15 22.48 21.91 21.95 21.61 22.03 23.25 22.07 20.99 20.05 20.49 22.44 24.61 24.32 23.38 22.15 21.70 21.74 21.59 22.04 21.02 21.21 21.64 23.73 23.35 12.04 12.81 26.10 26.29 27.52 27.19 26.03 25.74 25.22 25.94 26.10 25.07 24.25
10.78 9.99 9.60 10.18 9.59 11.19 11.77 11.69 13.69 15.14 15.90 18.36 16.65 17.53 18.27 19.17 20.76 22.10 27.90 23.54 34.10 33.45 34.18 33.90 22.23 23.36 22.57 22.88 22.59 21.36 19.80 30.47 28.19 25.18 25.69 24.83 24.03 24.00 23.69 23.48 23.53 22.96 23.07 23.35 23.79 24.01 23.33 22.33 21.14 20.98 21.37 23.46 24.12 24.39 23.90 22.86 22.04 21.45 21.37 21.94 21.23 21.06 22.85 22.95 22.98 11.46 12.25 25.95 27.55 27.89 28.87 30.14 30.40 30.19 29.51 27.18 26.08 24.98
10.93 10.40 9.63 9.86 11.67 11.98 12.76 12.97 14.90 15.97 16.56 17.19 17.54 17.93 18.54 19.11 20.35 22.14 22.73 25.92 23.23 35.48 35.31 34.48 34.45 33.44 24.65 24.88 37.69 24.16 21.98 30.72 27.15 26.52 23.63 23.13 24.20 23.84 23.53 23.15 23.79 23.17 23.34 24.40 24.57 23.61 23.22 23.21 22.21 22.23 21.90 22.76 22.77 22.02 22.50 21.74 21.17 20.92 20.83 21.47 21.97 21.63 22.84 22.92 24.12 24.37 24.72 25.18 23.96 17.25 29.73 31.48 30.84 29.67 29.63 28.56 26.09 24.29
11.36 11.12 10.74 11.44 12.28 13.04 14.05 15.33 16.10 16.22 16.58 17.46 17.50 17.53 18.61 20.16 21.51 42.04 21.47 37.10 30.59 38.80 36.37 33.23 25.43 33.34 36.24 37.34 35.46 35.22 23.40 21.55 30.07 25.83 24.11 24.47 26.24 25.72 25.71 26.77 25.34 24.32 24.82 24.98 24.11 23.89 24.47 24.57 22.85 21.56 20.50 20.50 19.90 19.35 19.50 20.14 19.91 9.75 10.24 10.85 11.68 12.04 12.26 12.80 13.92 14.68 24.42 16.00 18.19 19.91 31.38 31.76 29.60 27.96 16.31 27.07 26.32 23.10
10.85 11.28 12.96 13.55 15.15 16.04 15.84 16.54 18.27 15.10 14.49 15.52 19.15 17.77 18.86 20.38 21.67 22.69 33.27 34.68 35.54 40.05 35.56 35.63 29.12 37.19 42.18 42.96 26.65 25.87 33.84 37.51 31.28 27.46 25.45 24.60 26.24 27.36 27.58 26.99 25.64 24.40 25.22 24.64 23.98 25.38 25.81 24.46 22.60 20.60 19.56 19.04 18.64 9.63 9.20 9.56 10.48 11.42 12.34 13.10 13.62 14.11 14.67 15.23 15.93 16.64 17.56 18.66 17.62 15.91 28.63 28.13 27.53 26.85 25.38 29.08 26.10 23.16
12.69 12.78 13.32 14.98 16.08 13.81 13.31 15.20 15.14 14.57 12.90 14.72 16.77 18.17 18.72 18.94 19.59 21.48 21.52 33.39 39.66 35.52 37.00 39.20 40.62 40.24 41.19 29.05 27.40 24.81 35.34 35.21 32.85 27.39 25.53 27.04 29.32 31.20 29.12 27.36 25.63 23.69 23.61 23.96 24.74 26.87 26.66 24.87 20.45 19.43 18.19 16.84 15.58 14.61 13.82 13.34 13.38 13.99 14.94 15.55 16.05 16.69 17.25 17.66 17.95 18.05 18.26 28.65 28.44 12.24 12.52 27.09 26.80 26.49 26.02 28.97 25.78 22.96
15.39 14.56 14.15 15.49 15.19 13.94 13.75 13.30 13.62 13.83 13.76 15.87 16.97 20.36 17.21 16.73 17.52 19.50 21.74 22.20 40.59 35.33 37.64 44.63 46.18 45.75 42.41 31.03 27.75 25.96 38.54 33.62 31.48 27.30 24.47 27.91 31.09 30.10 28.96 28.46 26.51 26.87 27.32 27.88 28.05 27.39 26.22 24.82 23.50 22.71 22.66 22.61 21.86 20.67 19.42 18.11 16.87 15.98 16.13 17.61 19.56 20.79 21.12 21.05 20.79 20.20 19.23 17.79 16.13 15.00 14.94 15.48 14.97 25.41 26.18 27.17 27.03 24.43
18.97 17.22 14.69 14.47 15.51 14.68 14.45 14.18 14.29 13.75 15.30 17.61 18.67 18.65 18.61 16.47 19.74 19.44 21.50 23.83 25.17 38.85 37.34 44.70 45.90 39.95 47.82 39.51 28.20 39.63 37.88 35.74 34.23 30.54 27.26 28.04 30.72 31.24 29.67 30.11 30.65 31.43 32.05 32.19 31.74 30.92 29.84 28.49 27.45 26.86 26.78 26.76 26.33 25.46 24.43 23.39 21.93 20.11 19.40 21.79 25.27 26.67 26.08 24.88 24.02 23.24 22.22 21.26 20.50 19.48 18.29 17.48 26.46 15.70 25.28 26.39 26.93 26.33
22.31 18.97 15.36 14.84 14.34 14.23 14.86 14.93 15.15 16.15 16.98 16.74 19.45 19.12 19.73 18.10 19.11 22.04 23.36 25.70 26.82 26.81 39.83 44.72 43.06 46.21 39.61 38.20 26.60 40.57 37.24 35.28 35.33 31.76 32.24 34.44 34.41 31.54 33.51 35.02 36.01 36.55 36.29 35.45 34.47 35.92 34.81 31.24 31.20 30.96 30.39 29.87 29.67 29.85 29.91 29.56 29.16 29.03 29.73 32.01 34.30 33.63 30.78 28.39 27.05 25.93 24.89 23.73 22.53 21.24 19.85 18.54 17.60 24.98 24.39 25.97 25.16 24.46
25.57 21.08 15.80 14.69 13.61 14.16 14.30 14.59 16.06 16.71 17.71 16.87 19.34 19.96 19.66 24.21 20.74 22.58 24.60 26.03 26.90 27.64 27.62 47.21 39.90 44.19 42.84 47.09 44.14 37.88 35.66 35.48 34.30 30.40 27.06 26.43 31.10 35.20 38.53 40.15 40.28 42.98 41.22 38.89 38.19 37.48 33.40 33.18 33.13 32.25 31.44 31.35 31.89 33.09 34.49 35.52 36.45 37.84 39.45 40.04 39.44 37.18 33.52 30.43 28.36 26.58 25.59 24.58 23.92 22.95 21.66 20.61 19.54 18.63 17.80 16.94 24.45 16.12
28.30 22.54 15.96 14.50 13.20 13.14 13.68 15.26 15.55 16.49 17.19 17.78 18.32 19.76 20.08 21.01 21.85 34.76 24.29 25.45 26.56 27.77 28.56 46.32 41.89 32.67 44.41 43.59 41.17 38.14 38.43 36.74 28.05 27.40 31.76 37.17 41.76 44.45 44.12 47.74 46.34 45.04 40.73 35.79 38.74 38.39 34.22 33.92 33.00 31.53 30.84 31.52 33.05 35.03 37.32 39.65 41.13 41.66 40.84 38.38 36.64 35.68 33.98 31.73 29.04 26.93 25.71 24.75 23.86 23.08 22.19 21.53 29.94 28.71 27.16 24.75 18.03 23.85
28.40 22.09 15.10 13.35 11.40 11.79 11.88 14.01 16.31 17.39 18.09 18.63 19.17 20.64 20.91 22.60 22.74 25.34 24.64 25.78 27.25 28.52 29.50 30.48 43.76 32.97 32.91 47.31 43.66 42.72 41.12 30.16 30.32 36.62 44.18 48.61 50.41 49.87 46.96 53.89 46.63 42.91 36.42 36.91 36.92 35.96 35.05 34.30 33.27 32.34 31.79 31.65 32.84 35.77 38.72 40.64 40.82 38.80 35.25 31.98 31.61 32.69 33.04 32.25 30.35 28.08 26.56 34.85 24.78 23.91 22.52 20.84 27.42 29.77 28.77 28.20 27.90 18.77
28.49 21.58 14.42 12.06 9.05 9.32 11.24 15.97 19.13 18.75 18.38 18.87 20.31 21.38 22.25 23.37 23.24 24.46 25.66 27.15 28.77 29.58 29.85 29.86 44.05 44.44 32.97 48.21 44.06 41.50 32.89 33.68 39.60 48.15 52.41 51.87 50.22 46.89 42.33 51.55 44.78 37.41 37.67 38.19 41.72 36.76 35.55 34.52 33.97 33.66 32.92 31.91 32.71 35.90 37.87 37.56 35.57 31.85 28.45 27.29 28.19 29.76 30.64 30.89 30.56 29.33 27.68 26.51 25.69 24.78 23.34 26.07 24.15 24.16 19.12 27.31 28.25 18.35
