examples/cougarCreek-fire/createInputs/WindNinja/wrfout_d3.2015081112.f23/cougarCreekFire_08-12-2015_1100_217m_non_neutral_stability_vel.asc
ncols	146
nrows	140
xllcorner	610065.000000
yllcorner	5095217.000000
cellsize	216.586807
NODATA_value	-9999.000000
[rows 34 to 67 of 140, columns 0 to 77 of 146]
10.47 12.42 20.45 15.10 12.33 19.07 20.01 21.36 23.30 23.66 26.32 25.70 27.84 24.06 17.74 24.09 23.80 26.58 27.73 27.68 32.13 38.04 41.19 43.84 38.42 35.21 30.70 32.26 38.06 42.42 44.12 40.13 18.34 2.12 6.58 9.09 11.99 15.89 22.08 25.90 29.06 31.65 34.16 34.57 37.26 35.17 34.85 26.09 26.24 26.55 28.11 29.84 30.49 28.90 26.41 25.25 21.98 16.27 14.85 15.96 16.66 15.72 20.59 19.34 17.84 17.34 16.20 10.36 6.60 7.79 10.28 12.25 12.55 18.10 16.89 15.06 13.06 11.93
19.56 20.00 24.49 24.25 16.20 14.40 22.90 25.14 25.34 25.50 25.71 28.13 28.68 26.94 24.50 16.22 15.27 15.57 14.96 21.88 27.90 34.29 36.69 42.65 38.28 37.70 35.81 35.73 39.07 43.01 40.88 37.93 24.47 6.60 6.02 7.68 10.29 16.27 21.84 26.43 29.73 31.75 34.68 35.91 34.28 35.92 37.88 38.02 35.04 28.20 28.92 29.07 31.12 32.03 29.31 27.07 26.78 23.90 19.71 24.61 23.63 23.49 16.48 15.21 11.53 10.93 9.92 10.02 10.91 11.75 12.83 12.68 14.44 5.15 12.58 11.04 10.78 10.01
14.37 18.07 21.75 23.33 17.05 16.49 13.08 23.68 24.85 26.04 26.87 27.25 27.08 29.09 29.74 27.67 26.09 27.15 25.66 26.66 29.60 31.02 35.40 33.76 35.72 36.37 37.65 40.45 43.50 44.73 39.61 34.37 25.85 12.27 7.10 6.70 7.27 6.79 8.83 13.60 17.12 20.93 26.07 35.17 34.52 36.60 37.51 37.49 39.21 29.34 30.14 29.19 30.70 32.96 32.67 30.54 29.59 28.06 24.83 21.93 20.02 19.29 18.17 23.08 16.55 12.48 12.68 13.80 14.52 19.18 13.57 11.84 7.55 2.52 1.15 3.45 4.43 4.93
17.29 18.43 19.44 22.04 25.78 23.11 22.45 24.79 25.59 24.35 25.01 26.49 26.12 27.21 26.07 26.37 28.25 26.96 25.81 24.61 25.51 27.84 32.80 38.05 35.07 32.63 38.73 42.02 47.45 49.88 45.01 28.05 20.88 16.75 13.62 14.69 13.73 14.10 17.47 21.40 15.30 25.57 22.81 26.39 28.15 22.02 23.09 32.58 38.61 38.22 37.40 30.78 31.49 31.49 31.85 32.63 30.95 29.30 27.52 25.51 23.21 20.90 18.19 16.12 14.78 13.80 13.19 12.82 12.23 11.60 10.58 9.54 16.41 6.64 4.82 5.28 5.87 5.78
5.13 6.05 15.90 20.23 25.03 26.09 16.64 13.20 27.68 25.31 28.15 25.35 24.80 23.12 23.35 24.11 24.50 25.25 26.11 27.56 28.20 26.69 30.78 37.43 38.95 36.69 40.59 45.92 50.40 54.57 53.75 37.76 13.00 8.59 10.25 12.70 11.65 5.92 8.15 23.45 26.32 27.49 17.15 19.14 19.34 20.56 21.81 20.87 34.66 35.85 40.65 38.20 39.16 32.08 31.85 32.56 31.65 30.99 28.19 26.75 25.93 24.65 22.82 21.23 19.25 19.09 16.22 13.25 10.60 8.82 5.97 3.42 6.55 8.24 8.92 9.59 9.07 8.00
6.44 14.39 19.18 21.01 23.75 28.15 14.83 26.61 25.64 27.98 26.26 25.41 26.40 23.89 23.85 23.95 24.67 24.95 24.71 25.86 26.39 27.56 29.96 36.91 37.28 36.44 39.79 44.97 54.00 56.03 59.66 45.49 20.42 3.79 6.87 9.64 11.92 14.35 16.67 9.90 10.93 26.20 17.20 19.51 28.38 33.63 35.93 36.65 37.07 38.62 39.38 40.12 39.03 39.92 40.92 34.67 33.38 30.74 28.43 26.70 24.12 22.73 23.21 24.24 24.49 23.98 21.88 17.41 14.21 11.70 9.18 6.45 3.40 1.41 3.70 7.12 9.18 10.42
10.27 18.72 21.20 24.14 12.86 14.23 14.35 26.45 26.58 26.63 27.75 26.18 27.05 25.07 24.99 23.48 24.07 24.23 23.07 24.66 27.52 30.35 31.55 33.33 32.91 33.64 36.89 43.99 48.16 56.37 61.77 48.03 24.91 10.39 6.72 8.11 8.85 13.62 21.50 14.53 15.14 18.33 21.15 19.27 20.16 20.80 23.03 25.45 25.48 37.69 38.39 38.13 39.78 39.09 27.06 28.29 41.39 39.90 24.76 37.65 34.31 23.58 22.76 25.54 26.14 26.56 24.10 18.63 15.40 13.32 11.44 9.07 7.15 6.34 4.99 3.17 3.87 7.89
8.57 8.77 17.14 21.44 12.11 13.27 13.26 25.22 26.55 28.81 28.73 27.40 25.93 23.32 23.16 22.56 23.17 23.47 23.51 27.11 29.86 31.41 32.57 28.25 27.76 31.07 38.71 42.96 43.85 55.57 64.33 52.55 28.17 13.01 5.88 4.41 8.63 13.41 18.57 23.53 22.20 24.46 28.62 30.81 32.15 29.27 24.69 25.47 31.86 32.58 34.78 32.11 27.54 33.74 36.20 36.44 34.24 32.95 26.54 26.91 31.28 25.93 25.59 27.34 27.64 26.54 25.43 25.69 24.02 22.97 21.15 17.00 9.45 9.23 8.17 6.17 6.62 5.40
8.89 16.32 18.88 19.45 22.22 12.23 23.09 24.18 27.07 29.20 29.19 28.37 27.05 24.89 23.09 22.58 22.52 24.42 26.68 27.81 30.31 32.45 29.41 25.16 26.42 29.67 38.22 41.81 43.98 53.89 65.82 62.50 47.40 27.56 14.64 6.89 8.23 12.41 16.30 21.50 24.55 23.68 25.89 29.40 33.91 35.37 36.21 35.76 34.36 26.06 34.01 32.44 28.00 29.30 30.77 28.89 28.53 27.60 26.36 28.52 26.89 27.43 30.58 35.73 27.06 22.45 19.46 17.52 16.27 14.45 14.20 13.86 13.17 14.65 15.23 18.07 11.76 1.96
6.61 5.13 16.74 5.91 10.57 12.09 22.64 22.27 25.96 30.35 30.07 26.78 21.37 21.34 22.03 23.83 22.59 24.02 25.49 29.01 31.99 29.49 25.85 24.34 24.67 28.89 37.14 39.78 44.52 51.04 61.80 61.26 56.31 46.26 33.78 17.25 9.13 11.80 13.93 16.84 20.71 23.80 25.77 28.43 31.64 32.79 32.54 32.42 35.15 35.42 35.27 35.50 33.24 32.40 32.45 32.39 33.87 34.57 38.22 34.72 30.85 26.08 25.87 24.86 21.95 18.69 16.21 14.64 9.65 11.24 6.10 5.71 5.56 5.05 4.81 13.38 15.35 17.03
7.89 7.61 6.54 17.37 18.99 21.43 21.89 22.80 25.78 27.28 27.72 22.85 23.23 26.34 24.75 25.77 21.09 22.79 25.25 29.70 33.46 29.95 26.83 23.74 23.01 28.78 35.13 36.75 42.79 49.03 58.80 56.81 56.06 49.36 41.55 34.54 17.97 12.49 12.20 14.45 17.21 19.89 22.05 20.90 23.01 26.41 30.15 29.71 32.05 33.19 35.01 35.98 36.77 36.17 37.52 38.44 32.55 26.54 25.60 24.95 23.00 21.78 21.32 19.31 18.37 16.75 13.42 11.29 10.28 8.62 6.99 6.40 6.74 6.43 5.86 5.27 3.89 3.50
16.73 15.86 15.65 18.87 19.04 22.46 21.02 23.03 24.72 22.48 15.52 23.94 27.58 27.71 26.64 25.66 23.54 23.57 25.25 31.17 33.49 30.69 26.25 22.96 22.62 27.38 31.95 34.58 39.01 48.75 55.03 52.15 52.20 49.76 43.10 34.98 26.97 22.62 16.69 15.47 14.41 9.67 10.08 12.48 15.24 21.19 24.44 24.20 28.77 31.50 34.96 35.61 33.14 31.29 29.65 28.61 24.36 23.91 23.07 22.59 21.76 20.76 19.69 17.99 17.47 15.90 18.00 15.96 10.88 14.20 19.47 12.87 12.69 13.78 13.79 13.34 4.72 11.56
6.51 5.83 4.88 17.26 19.04 21.75 20.57 20.72 21.16 13.73 24.82 27.15 29.56 27.17 27.33 26.39 24.87 24.60 25.96 30.98 32.40 29.55 24.34 21.02 22.85 25.04 29.30 34.22 41.27 52.47 52.97 50.34 49.16 47.98 42.26 32.57 27.72 26.00 21.97 17.65 16.57 15.33 14.36 13.53 13.66 25.02 21.93 21.55 27.59 28.17 23.24 23.91 23.06 21.33 21.40 22.19 22.79 23.13 22.48 21.47 20.64 20.25 19.39 17.76 16.55 19.30 11.62 10.58 17.37 11.17 9.17 7.75 7.06 13.62 13.15 10.45 4.98 12.88
7.04 6.53 5.70 18.58 19.99 20.01 9.29 19.50 21.77 22.78 26.46 30.06 29.61 29.10 29.76 29.35 13.38 11.02 26.24 29.94 31.94 26.52 22.76 22.14 23.61 24.17 26.67 33.79 42.51 50.02 51.60 48.90 45.20 46.82 40.47 30.05 24.54 27.98 26.63 24.14 20.16 18.27 17.28 14.74 23.55 17.94 18.54 22.08 15.17 17.52 19.50 20.64 20.58 19.73 20.51 22.66 23.94 24.06 22.86 20.95 21.97 21.23 21.17 20.05 15.98 14.45 16.35 15.49 11.52 12.00 11.59 13.97 14.71 14.45 13.39 12.31 6.69 6.15
6.85 6.43 10.35 18.21 9.36 9.57 6.76 20.77 22.55 24.09 28.09 29.16 29.64 29.58 25.69 14.84 13.81 13.21 27.73 29.92 31.93 26.76 23.79 25.27 23.23 23.61 26.66 34.41 42.60 49.30 49.07 47.31 42.24 47.61 38.24 32.89 21.20 26.65 26.45 31.47 24.98 15.45 14.29 13.93 21.93 22.09 23.96 13.70 14.90 16.52 19.24 22.18 21.83 20.88 22.01 23.72 23.69 22.73 20.99 19.05 17.57 16.11 15.25 15.17 15.35 14.66 13.02 11.59 14.41 15.14 17.00 21.85 14.95 14.66 18.95 15.18 12.81 7.97
6.62 6.17 6.25 6.06 9.15 18.17 21.34 23.10 22.15 24.92 25.78 28.26 30.22 26.95 16.46 28.43 27.13 27.55 25.62 30.33 31.26 28.79 27.06 25.02 22.76 24.83 27.00 34.38 40.96 38.81 48.83 38.92 41.30 45.49 39.77 34.36 20.73 24.34 24.52 29.17 13.88 24.67 10.18 12.05 14.53 23.63 16.79 18.86 20.14 22.40 25.61 25.82 23.27 21.24 20.87 19.91 19.92 20.10 18.13 17.90 17.15 15.81 14.45 13.52 17.16 17.63 17.45 17.63 22.50 22.23 20.84 14.58 14.35 13.28 12.33 13.37 14.59 15.50
6.55 5.80 4.99 9.24 19.93 19.41 19.00 21.14 22.07 23.76 26.49 27.72 28.89 32.31 30.84 28.13 27.10 27.16 27.31 30.35 31.22 29.66 26.90 23.52 23.58 24.60 26.83 32.03 32.08 37.58 46.63 36.85 40.09 45.77 42.95 36.02 24.00 25.46 23.88 24.33 24.41 21.83 22.49 16.65 11.80 15.44 21.35 22.68 25.36 27.21 26.26 22.79 20.12 17.62 15.40 15.32 17.02 17.19 18.42 19.34 16.60 15.45 14.24 12.89 11.71 10.86 10.54 10.61 9.58 8.70 8.69 8.14 7.17 12.44 11.71 10.90 3.38 3.67
6.49 5.47 9.38 19.27 19.00 19.29 20.66 21.79 21.50 24.59 22.03 14.30 28.14 31.16 19.29 29.47 27.76 28.70 29.03 31.06 31.10 31.31 28.95 23.72 24.17 25.02 26.96 30.28 32.68 36.22 43.31 35.94 39.65 46.79 43.00 34.87 27.73 28.97 26.05 24.04 20.27 17.91 18.57 22.95 19.16 19.84 14.71 17.88 21.30 22.97 21.34 18.70 16.84 14.10 11.61 12.85 13.70 12.57 17.23 19.42 19.37 17.66 13.73 13.14 12.24 10.64 13.85 9.72 21.27 13.59 10.08 13.36 12.77 10.05 9.38 4.80 4.10 4.30
6.36 5.61 11.52 19.11 18.29 19.48 20.50 20.97 21.77 24.22 25.97 24.42 22.92 25.41 28.74 29.59 29.02 28.92 29.60 31.16 30.45 31.32 29.66 16.89 26.60 24.16 22.96 26.33 32.50 41.47 39.69 34.58 40.19 47.89 39.96 31.22 28.97 29.44 26.67 24.67 19.00 15.51 14.79 18.73 24.46 20.70 21.29 16.55 18.77 20.15 19.94 18.38 15.78 12.89 11.47 11.22 11.64 12.77 14.53 17.77 18.55 24.54 15.54 13.71 13.59 12.77 11.97 11.91 13.09 11.62 10.08 9.51 10.11 10.58 10.02 8.69 7.96 8.07
7.19 12.31 19.75 21.20 20.23 20.54 20.90 21.12 23.45 24.06 23.20 10.48 20.39 22.76 28.89 32.28 30.45 30.07 29.18 30.16 28.42 29.85 27.29 25.61 29.13 21.82 24.09 32.47 38.05 39.27 35.79 37.91 39.58 49.42 38.96 29.61 27.11 24.81 21.07 18.79 17.63 14.78 12.30 15.52 20.59 25.11 28.18 25.56 24.96 20.64 18.27 16.86 14.70 12.13 11.14 11.10 10.54 12.52 14.43 16.03 17.06 16.65 14.24 13.75 13.77 12.58 14.04 13.50 14.99 14.13 10.90 9.63 10.02 10.39 11.61 11.83 17.66 15.70
9.55 14.65 20.50 20.98 22.53 21.23 24.78 22.94 23.61 23.80 10.68 10.12 22.32 26.65 29.80 32.60 32.09 31.44 30.58 29.75 28.17 28.42 28.94 28.40 28.44 27.79 29.93 31.45 36.12 39.09 34.61 34.64 37.93 49.65 38.76 29.61 35.13 33.95 26.30 25.02 25.59 21.89 14.09 10.31 14.47 21.63 25.65 28.02 29.12 29.74 21.89 16.58 13.70 12.38 11.55 12.60 13.76 14.62 14.42 15.16 16.94 16.44 13.82 14.26 14.67 13.24 11.95 13.30 14.99 16.44 21.97 19.13 11.17 14.30 11.05 13.47 13.19 11.80
11.24 15.21 20.60 22.03 14.31 21.86 23.69 23.23 20.77 20.32 9.45 11.38 26.37 26.76 28.60 29.98 31.49 30.86 28.24 26.63 25.32 25.82 25.89 26.30 27.50 28.52 30.05 31.86 35.52 38.50 35.46 30.65 37.18 46.95 39.07 28.19 34.49 31.81 32.58 33.16 32.50 32.55 22.28 17.64 9.01 8.09 20.07 26.21 27.42 27.01 27.99 21.92 14.12 13.58 13.23 14.59 15.78 15.56 14.93 15.61 16.61 18.25 21.67 23.85 14.73 13.62 21.59 18.14 23.66 15.08 14.79 13.20 22.43 13.64 13.85 13.31 10.54 16.40
11.80 13.81 15.60 16.99 18.46 23.48 23.52 21.60 9.96 14.47 9.24 24.22 15.22 25.76 27.16 31.45 30.90 32.04 27.79 23.31 22.77 22.90 24.23 24.77 26.99 29.11 30.88 33.17 36.76 35.87 33.69 34.12 37.50 45.31 36.92 24.96 32.24 29.87 30.50 32.24 32.85 32.82 31.62 23.72 16.65 9.76 7.37 11.03 16.31 28.86 27.14 22.72 21.32 14.77 15.59 17.16 16.08 17.40 18.82 20.34 20.45 18.97 15.39 14.86 14.95 14.39 21.27 13.27 13.92 14.07 14.41 19.80 22.09 23.61 12.31 11.13 10.00 9.60
9.19 12.98 14.99 15.79 19.58 21.11 12.22 15.00 13.54 15.49 19.36 24.55 21.84 22.85 25.46 30.01 34.19 36.49 21.52 17.77 20.83 21.04 21.88 23.03 25.96 27.80 29.33 32.79 36.97 35.62 34.69 32.06 30.69 38.23 35.31 23.99 32.14 30.42 24.66 32.28 32.42 31.38 33.06 29.01 19.58 18.23 10.99 8.76 9.61 14.82 18.34 30.64 18.58 20.01 19.13 25.88 27.63 19.76 19.94 19.49 19.76 21.46 15.46 15.29 15.06 15.04 14.19 13.60 14.18 14.75 15.23 15.06 23.43 12.30 11.19 10.03 8.75 8.34
6.93 6.83 17.41 6.09 3.18 5.83 18.76 9.40 9.67 21.06 19.83 22.73 19.93 24.64 25.40 19.20 21.77 25.44 19.55 9.28 20.41 21.36 22.63 22.37 25.15 25.35 27.80 34.39 34.93 34.37 32.07 24.35 27.96 36.48 37.17 26.15 30.14 29.60 23.72 34.73 30.28 28.09 29.92 33.08 29.25 23.69 20.95 17.16 13.04 10.01 12.62 16.73 21.02 21.45 27.85 19.77 16.64 16.98 13.27 13.06 18.19 19.92 20.19 20.35 20.94 21.42 14.52 14.46 14.29 14.42 14.55 21.19 11.60 10.35 9.66 8.78 8.42 8.19
6.88 7.49 8.64 6.04 3.75 19.35 7.40 11.29 21.08 21.76 22.46 23.30 24.27 12.43 13.50 14.33 23.69 25.60 16.46 9.12 18.53 18.46 18.58 22.14 23.10 23.69 27.86 34.04 34.52 34.45 22.44 24.55 35.15 39.82 42.13 30.01 25.51 32.01 32.11 29.35 31.27 31.69 26.93 30.75 31.48 33.01 31.11 27.13 18.48 16.25 12.67 9.98 10.20 10.31 9.74 9.98 10.91 11.31 11.32 11.62 11.77 11.96 12.46 12.71 12.65 12.84 20.31 20.78 20.97 19.38 11.97 11.48 9.96 9.49 9.72 9.17 8.67 8.13
6.79 7.04 17.52 18.60 22.57 7.88 6.63 19.73 22.24 14.84 14.98 14.71 11.40 11.92 11.46 18.74 25.14 22.22 13.40 8.43 18.31 18.53 19.35 21.12 22.85 23.10 28.41 32.53 34.05 32.26 22.41 32.80 36.12 38.19 42.29 32.09 25.38 30.33 32.05 31.74 28.95 32.41 30.87 30.04 31.67 28.86 29.14 17.87 17.30 16.06 23.86 13.51 10.45 9.10 7.95 7.23 7.12 7.38 7.59 7.84 8.52 9.47 10.37 10.77 11.12 16.45 15.75 11.17 10.43 9.79 10.21 10.67 10.27 9.88 9.84 9.34 17.52 17.28
7.23 16.44 17.29 17.81 17.16 7.13 6.07 19.46 12.08 13.77 13.84 13.28 9.17 11.10 15.65 22.01 22.92 16.53 10.73 8.38 18.18 18.09 20.66 18.67 21.31 23.88 28.98 30.65 30.70 31.95 32.50 33.92 36.47 36.93 37.96 35.54 26.73 29.51 33.03 32.21 29.90 30.01 29.99 27.54 28.03 28.42 30.25 30.27 13.44 25.95 23.97 24.80 25.33 21.57 10.07 8.71 7.36 6.35 5.68 5.37 5.57 6.24 7.16 8.09 8.74 9.14 9.11 8.61 8.43 9.31 10.40 10.68 10.25 9.67 17.33 17.29 8.71 8.07
16.73 18.87 18.29 16.47 16.02 17.07 17.34 14.39 11.07 11.95 13.13 11.11 12.36 14.20 18.65 21.99 18.35 11.57 9.15 16.48 19.84 17.73 18.24 19.80 22.22 24.24 27.55 29.94 31.32 32.95 32.73 33.93 24.62 38.20 33.15 34.62 32.58 30.17 33.56 31.44 31.09 28.26 29.52 29.95 28.13 28.80 26.53 25.46 24.65 21.98 20.30 22.44 23.95 10.51 10.06 8.73 7.59 6.49 5.63 5.23 4.76 4.26 4.21 4.52 5.28 6.19 7.19 8.13 9.02 9.92 10.04 9.52 9.31 9.24 16.91 8.96 8.57 8.15
18.65 13.79 12.34 15.41 18.62 14.13 11.85 9.33 9.93 7.25 9.99 12.37 14.11 16.24 19.40 19.70 13.89 8.50 8.53 18.22 18.88 19.02 18.83 20.72 21.79 23.71 26.99 30.43 31.69 33.17 34.20 22.49 24.25 36.04 29.31 33.55 34.13 33.23 33.45 32.07 31.01 27.59 28.79 29.32 28.26 29.24 29.27 28.93 27.17 22.62 22.71 23.00 26.90 9.43 8.90 7.88 6.82 5.75 5.05 4.75 4.52 4.32 4.28 4.41 5.08 6.17 7.39 8.44 8.87 9.21 9.23 8.77 8.75 8.85 16.40 8.32 8.12 8.25
3.56 9.19 12.70 11.31 9.41 9.35 8.84 9.32 7.02 9.40 10.29 11.82 15.22 17.69 17.98 16.03 10.77 6.66 11.11 19.04 16.96 21.48 19.87 20.68 20.82 23.17 25.31 30.59 31.49 32.61 29.36 33.46 30.02 36.18 31.25 33.62 35.72 32.26 32.75 32.96 32.38 27.08 21.96 28.46 28.46 27.38 30.20 28.37 18.33 27.72 20.92 20.31 22.29 25.49 8.66 8.12 7.41 6.40 5.16 4.29 4.21 4.26 4.24 4.51 5.13 6.03 6.85 7.38 7.76 8.50 9.03 8.75 8.82 8.82 8.26 7.83 7.80 8.20
6.84 11.59 13.46 14.58 9.35 4.37 3.98 6.57 8.76 9.61 9.79 12.06 16.42 17.86 15.70 12.64 8.15 7.14 21.94 18.28 10.57 22.04 19.65 20.86 20.79 20.73 23.52 21.90 32.54 31.29 30.59 31.91 32.23 33.24 31.21 32.84 34.30 32.67 34.24 33.54 32.46 28.26 21.90 25.70 26.83 27.85 27.86 26.36 18.13 18.58 25.50 19.35 22.01 24.50 9.27 8.61 7.95 7.28 6.00 4.70 4.13 3.94 4.00 4.28 4.76 5.33 5.71 6.06 6.70 7.75 8.34 8.12 8.42 8.80 8.04 7.19 6.99 7.05
10.91 8.43 11.06 12.64 12.25 7.49 5.89 7.34 8.44 9.01 10.03 12.84 16.36 17.03 15.14 11.32 4.40 8.12 20.00 20.18 20.07 19.72 15.78 18.83 19.27 19.02 15.33 21.01 23.13 23.05 28.97 28.06 30.66 32.04 32.09 32.30 32.38 33.23 33.44 24.81 30.93 30.32 20.54 20.10 23.21 25.40 26.67 25.87 29.29 12.93 17.23 23.30 25.91 15.31 9.54 9.12 8.88 8.94 8.11 6.37 5.17 4.61 4.42 4.53 4.82 5.14 5.41 5.40 5.73 6.66 7.19 13.93 14.41 8.13 7.37 14.68 5.94 6.15
4.26 5.19 8.56 12.95 13.53 9.94 7.33 7.38 8.17 9.28 13.87 12.60 14.75 15.66 15.43 11.61 3.54 8.04 20.67 21.09 21.24 10.07 10.98 19.42 20.10 18.43 15.18 20.25 31.65 32.07 29.58 28.94 28.79 30.79 33.15 32.15 31.79 31.44 33.81 25.14 32.98 32.50 21.15 18.62 14.65 19.92 23.16 24.90 20.13 16.85 15.42 23.09 26.56 23.57 8.80 8.89 9.73 10.98 11.29 9.55 7.34 5.84 4.95 4.60 4.61 5.00 5.54 5.80 5.91 5.83 13.08 13.70 13.88 7.46 7.01 6.07 6.06 6.07
