examples/cougarCreek-fire/createInputs/WindNinja/wrfout_d3.2015081112.f23/cougarCreekFire_08-12-2015_1100_217m_non_neutral_stability_vel.asc
ncols	146
nrows	140
xllcorner	610065.000000
yllcorner	5095217.000000
cellsize	216.586807
NODATA_value	-9999.000000
[rows 0 to 33 of 140, columns 0 to 77 of 146]
17.99 14.82 17.33 15.89 18.34 14.26 17.27 19.23 19.72 19.04 18.14 17.55 16.73 15.40 19.25 16.01 19.05 20.93 20.85 24.03 26.15 25.76 22.82 18.67 15.64 15.08 15.37 15.31 15.70 16.05 14.78 16.63 15.00 16.87 17.82 18.41 18.26 16.94 15.15 14.39 14.16 13.84 13.96 14.82 15.80 16.18 16.83 17.92 18.67 16.93 21.13 16.66 26.31 27.50 29.82 29.22 27.14 18.53 27.32 28.32 27.27 24.70 26.13 25.33 23.60 20.93 22.54 27.36 31.52 32.93 31.08 26.13 21.56 21.43 26.22 29.31 27.45 28.77
17.99 14.82 17.33 15.89 18.34 14.26 17.27 19.23 19.72 19.04 18.14 17.55 16.73 15.40 19.25 16.01 19.05 20.93 20.85 24.03 26.15 25.76 22.82 18.67 15.64 15.08 15.37 15.31 15.70 16.05 14.78 16.63 15.00 16.87 17.82 18.41 18.26 16.94 15.15 14.39 14.16 13.84 13.96 14.82 15.80 16.18 16.83 17.92 18.67 16.93 21.13 16.66 26.31 27.50 29.82 29.22 27.14 18.53 27.32 28.32 27.27 24.70 26.13 25.33 23.60 20.93 22.54 27.36 31.52 32.93 31.08 26.13 21.56 21.43 26.22 29.31 27.45 28.77
17.61 18.57 20.54 15.92 20.95 23.78 19.24 18.10 28.37 27.12 25.07 23.00 18.28 13.49 22.39 20.44 20.25 18.96 20.82 20.26 22.33 24.55 24.91 21.15 16.53 15.24 19.88 19.80 14.06 12.58 10.99 19.73 16.77 17.75 16.93 18.00 14.47 7.21 11.53 2.32 3.50 1.06 1.91 1.76 4.87 13.40 9.68 8.14 12.17 13.11 12.86 11.72 17.31 27.89 29.56 29.11 27.60 20.65 28.76 28.67 25.30 19.52 22.65 22.87 22.97 19.03 25.69 30.15 30.61 33.88 30.53 25.30 16.20 24.12 29.42 30.38 29.41 32.13
6.18 15.97 20.56 19.72 17.86 19.79 23.78 24.67 27.02 21.44 24.81 23.36 18.23 14.08 16.00 14.21 17.59 20.16 20.75 17.49 17.45 22.79 28.49 24.96 18.90 13.56 16.43 19.27 15.20 13.06 13.15 15.19 18.74 18.19 17.14 17.85 17.34 12.50 7.96 6.44 4.62 3.30 4.37 3.47 5.58 7.34 6.30 7.24 7.69 9.88 13.49 18.31 22.27 26.73 28.22 27.14 26.68 17.20 20.07 20.59 22.16 22.58 25.02 26.53 26.28 23.73 32.41 30.10 35.46 33.93 28.50 19.90 27.52 32.41 37.19 35.92 35.09 37.23
8.50 21.45 19.08 21.88 19.41 20.97 16.29 23.87 15.01 17.47 29.18 27.39 22.92 18.01 12.03 13.45 17.02 19.04 21.28 21.22 18.05 20.84 26.50 23.56 22.20 17.03 13.28 20.98 16.94 15.06 13.90 12.19 18.05 16.69 15.82 16.36 17.29 14.88 9.59 5.66 2.87 4.29 2.51 3.04 6.69 8.21 6.65 7.76 10.32 15.15 19.59 22.79 23.94 26.65 25.95 23.71 15.44 21.15 17.99 32.29 28.16 25.62 27.83 30.70 28.06 35.17 31.56 36.69 34.57 31.47 24.74 33.12 37.02 41.18 39.71 41.67 38.38 37.64
7.54 20.91 16.79 24.84 20.14 20.05 21.92 24.77 25.56 26.62 28.36 30.80 22.87 20.29 12.41 10.07 16.94 18.61 20.16 16.42 18.17 18.97 24.07 32.46 21.96 19.18 13.19 20.42 18.38 15.80 11.96 12.75 17.49 15.73 15.60 15.39 15.74 14.60 8.27 4.18 2.90 4.10 0.94 3.76 4.31 6.55 9.13 10.86 15.41 20.89 22.92 23.49 25.52 27.36 22.88 16.36 14.86 23.40 31.69 23.26 28.55 29.00 31.33 29.90 35.44 32.03 36.02 35.21 31.77 26.46 36.32 36.37 38.78 42.12 39.52 36.39 32.65 36.03
15.73 21.40 15.56 17.89 22.91 19.06 19.84 16.02 25.99 26.43 28.02 30.73 28.71 21.71 17.05 9.67 17.76 18.85 14.18 16.34 18.06 20.37 23.55 27.30 26.66 20.74 17.32 18.49 18.87 13.98 9.39 14.65 17.08 12.54 13.70 15.35 14.00 13.83 9.18 5.88 5.09 2.77 2.73 5.01 3.48 9.30 12.18 15.95 20.41 21.95 23.48 24.46 24.26 21.90 18.13 20.23 21.33 21.04 24.44 26.36 27.70 31.33 31.77 27.91 33.80 35.49 35.94 33.92 29.68 37.46 36.78 41.15 40.07 36.21 33.37 29.14 34.23 37.58
18.74 21.08 22.40 23.74 22.46 21.32 22.34 24.61 25.81 14.68 27.79 29.95 29.57 20.65 15.73 11.19 15.05 15.95 20.84 14.83 17.77 19.32 21.79 25.64 28.31 21.60 16.33 21.53 19.31 14.35 10.70 17.35 13.14 8.97 14.11 15.45 13.48 12.08 9.58 8.02 6.66 2.96 2.79 3.24 6.11 11.67 14.70 16.05 18.39 20.18 22.13 20.80 21.07 19.82 19.02 21.76 21.38 23.20 24.68 26.81 28.66 29.21 26.00 34.71 32.17 35.12 35.17 34.46 33.63 36.58 39.29 37.26 35.33 29.08 33.76 29.71 35.25 37.61
17.46 20.09 17.68 20.31 21.59 20.83 21.23 22.79 26.21 27.72 28.70 17.05 19.36 25.19 18.94 14.95 11.72 16.72 18.38 13.88 17.63 19.17 18.87 22.65 33.25 23.07 18.05 21.24 18.75 12.40 12.33 16.23 10.18 8.88 15.22 14.28 12.70 12.06 12.89 13.01 9.05 2.91 1.78 3.45 9.90 11.42 13.44 14.27 16.24 17.47 17.79 22.15 24.26 21.71 22.00 20.29 18.68 22.43 25.25 26.82 25.75 25.80 27.35 29.86 33.83 34.63 35.01 34.51 36.03 39.07 36.53 31.41 31.22 36.60 33.37 32.42 33.21 37.40
16.58 18.99 19.34 22.39 21.18 24.71 23.84 23.68 25.02 25.02 26.82 29.46 29.72 27.53 20.04 14.87 12.87 11.31 22.28 14.11 17.46 19.20 19.13 20.75 25.87 24.81 19.71 18.88 21.46 15.88 11.93 15.85 12.96 12.15 15.02 13.27 12.25 13.42 12.85 12.62 8.00 3.94 3.68 3.57 10.06 11.57 11.36 12.59 15.66 17.89 21.06 24.32 23.55 18.77 14.03 14.78 17.50 20.34 22.71 20.91 21.49 31.75 29.69 33.13 33.67 33.32 34.45 35.20 37.18 38.06 35.19 38.03 39.20 36.33 34.15 34.77 35.80 43.14
11.74 16.04 18.96 20.07 21.46 22.12 23.90 25.86 26.36 27.02 28.42 28.16 27.76 28.08 19.06 17.06 14.62 11.25 22.17 24.27 18.32 27.63 18.08 18.86 24.63 28.55 21.72 17.30 21.10 13.81 9.82 15.37 11.62 12.02 15.34 14.45 14.58 13.97 13.00 13.02 7.01 7.41 6.08 9.46 12.30 11.29 13.05 13.80 18.23 20.29 20.53 22.55 16.98 10.98 10.74 13.24 16.71 18.74 18.67 20.31 26.46 27.38 32.03 33.58 32.47 34.00 36.62 37.51 38.62 39.43 37.39 37.80 37.33 37.45 34.88 38.83 42.45 49.04
12.71 13.79 13.71 17.74 18.94 21.06 22.99 26.18 27.77 28.21 28.45 27.70 26.05 26.98 23.96 24.37 17.32 12.59 20.08 25.43 17.87 28.52 17.79 17.56 23.27 30.50 22.91 19.86 22.04 13.21 10.83 15.85 13.06 14.76 16.43 14.90 14.50 13.65 13.49 13.36 12.65 6.80 9.91 5.96 8.34 10.29 13.94 15.49 19.53 21.70 22.81 19.39 13.01 10.64 11.89 16.24 17.76 19.33 20.38 25.09 25.70 30.05 32.21 31.96 32.79 36.22 36.08 36.32 36.62 37.48 37.93 36.90 39.48 36.14 40.20 42.29 47.15 50.82
13.21 15.02 15.09 13.99 17.04 17.88 23.34 25.92 27.65 30.61 27.91 26.95 25.55 25.08 19.04 19.54 16.72 21.71 24.22 27.39 27.90 29.68 29.22 18.21 21.85 26.96 23.89 20.34 21.21 15.55 12.86 14.48 15.60 5.93 17.11 16.07 15.65 13.80 12.12 10.53 15.13 6.47 4.33 12.35 8.46 13.98 13.82 16.39 21.43 20.66 19.89 18.11 12.63 11.13 14.50 18.56 19.37 21.30 22.69 23.08 28.13 29.79 30.72 31.04 31.64 31.50 30.86 30.52 30.86 32.05 34.66 37.81 36.86 36.81 42.34 45.34 49.19 49.77
10.55 11.29 17.36 21.83 20.40 19.53 22.09 16.31 14.54 16.31 27.56 28.55 28.67 26.73 20.28 20.00 17.54 19.14 25.56 27.29 29.01 30.24 29.54 28.90 21.06 26.19 23.96 23.39 18.93 15.85 10.65 14.28 16.78 18.23 17.14 16.34 16.31 15.73 6.05 10.20 11.24 6.47 3.80 6.38 13.74 14.68 14.40 19.32 21.69 20.96 18.99 17.08 14.28 11.62 16.89 19.47 22.17 24.33 24.26 25.69 26.61 25.78 26.44 28.13 28.48 28.40 27.16 27.03 27.88 28.28 35.28 39.16 41.59 43.58 45.36 47.41 48.13 46.03
10.28 16.25 16.88 22.81 23.17 23.98 24.01 26.78 27.13 14.56 16.46 29.31 29.15 30.05 31.70 22.52 20.08 15.97 21.84 25.91 27.58 30.07 30.32 31.01 20.97 24.86 26.93 23.21 18.84 15.86 10.69 15.00 20.60 18.76 18.44 16.01 17.06 16.12 6.02 10.26 10.76 4.86 4.26 12.55 16.69 14.67 18.47 20.05 23.71 23.68 18.40 18.02 16.86 14.55 17.66 18.18 21.90 24.06 22.74 23.18 24.14 24.11 24.46 24.61 24.33 23.14 24.35 25.54 27.24 35.24 36.42 41.14 41.50 43.66 45.03 45.39 44.07 41.40
21.58 22.66 23.44 24.65 25.07 25.01 24.75 23.50 24.98 26.35 18.23 28.58 28.88 28.01 29.71 30.05 22.85 18.28 21.28 25.13 24.95 28.78 30.00 27.96 32.82 35.04 29.25 24.49 18.42 15.67 12.88 20.07 21.07 7.96 18.84 18.20 15.89 5.15 7.27 10.22 7.05 3.26 4.39 14.84 17.84 18.37 19.25 22.74 23.71 22.61 17.30 21.09 21.72 18.64 17.06 18.86 23.08 22.43 19.69 20.58 21.30 21.04 19.84 20.84 22.74 25.64 28.94 29.51 33.74 37.02 40.87 38.51 38.11 39.10 40.10 39.75 38.88 37.84
22.63 23.81 23.84 22.49 24.38 24.29 25.60 24.47 22.99 24.75 26.56 29.12 27.31 26.26 28.27 20.56 22.36 22.92 24.88 28.96 26.78 30.35 30.24 23.59 28.76 33.68 30.86 23.17 20.39 11.48 16.53 21.21 17.69 22.14 18.37 19.09 4.70 5.34 7.91 17.16 6.65 1.35 4.14 8.15 17.92 18.52 21.20 23.20 23.52 22.05 20.56 25.34 24.51 20.63 16.85 20.88 23.88 18.91 19.24 20.04 20.59 19.85 20.87 23.75 25.79 29.90 32.19 32.00 36.21 39.19 37.38 33.65 33.55 34.50 34.61 33.97 34.07 34.90
23.71 24.61 24.97 23.37 23.30 27.97 27.66 26.33 23.67 21.55 25.57 27.33 26.23 21.01 26.73 16.49 19.07 19.25 27.95 20.58 30.05 32.07 30.72 25.46 25.38 31.79 30.46 22.96 19.76 14.47 21.14 21.50 20.98 21.12 17.17 16.53 4.85 5.79 7.63 15.56 5.63 0.69 4.63 16.90 19.18 21.19 22.47 26.30 24.36 25.93 27.50 28.12 25.48 18.71 16.43 21.19 20.82 16.01 19.18 18.05 18.44 20.69 23.33 25.95 28.01 32.21 34.64 35.39 35.25 33.78 32.77 29.60 30.25 32.71 34.24 35.10 31.89 31.99
21.03 23.56 23.89 23.60 22.39 25.81 27.61 26.39 23.46 21.24 24.68 26.73 26.07 27.57 29.32 29.35 28.98 29.50 28.95 29.73 31.68 34.04 32.95 27.66 26.89 31.98 28.68 21.84 17.78 18.58 22.17 21.20 22.60 9.33 16.59 16.63 5.83 6.34 15.39 16.32 13.23 16.24 5.54 9.28 20.50 25.11 27.34 26.81 25.90 26.21 28.60 27.90 25.23 15.08 17.58 20.62 15.59 15.34 17.96 16.59 17.73 21.49 24.76 26.03 28.20 30.91 32.89 29.38 30.90 30.54 27.88 28.69 30.40 31.08 32.18 34.34 33.44 30.00
15.98 19.85 21.42 22.21 21.98 22.78 25.54 25.17 23.24 20.86 24.40 24.27 29.04 28.00 27.97 24.99 27.71 29.78 29.33 31.79 30.50 29.14 29.66 36.21 32.39 31.46 27.27 20.97 19.67 21.89 21.92 23.48 18.25 19.28 6.80 6.78 7.41 7.31 15.00 14.79 14.32 15.18 6.04 10.32 22.54 26.00 27.19 29.04 28.10 28.11 27.43 26.73 17.52 19.73 19.95 16.93 16.87 17.31 16.92 17.40 18.60 21.66 22.85 23.41 27.16 28.83 28.77 29.87 29.42 28.36 28.42 30.74 32.04 33.01 33.99 35.81 34.27 30.88
13.18 16.09 20.06 21.34 23.05 24.04 26.23 26.58 24.53 22.31 25.61 25.13 23.39 25.51 27.75 26.85 23.71 28.24 28.12 32.75 29.81 28.33 28.30 26.00 35.15 35.10 28.65 21.84 21.36 21.88 22.83 23.82 15.24 19.80 7.92 8.46 8.57 8.31 8.39 13.94 6.00 4.05 7.04 10.90 23.49 24.18 25.63 26.32 30.09 31.43 28.51 26.67 20.53 23.59 16.30 14.38 18.71 19.02 18.32 17.80 19.09 21.76 21.90 23.13 26.71 28.48 28.75 28.48 28.08 29.92 29.78 31.50 32.28 31.21 32.42 33.91 32.19 30.47
11.54 15.74 18.54 21.70 21.60 24.29 24.99 25.80 24.66 21.96 25.19 27.17 21.33 20.81 24.33 27.86 28.60 31.27 26.98 29.62 31.66 28.29 31.91 35.84 39.78 38.95 29.88 26.16 23.99 22.30 24.71 20.13 14.58 21.71 9.63 9.60 18.32 8.64 20.12 8.55 6.89 6.28 8.85 11.77 23.96 27.54 29.97 27.20 31.02 27.54 30.80 26.60 25.99 19.87 16.82 18.34 20.52 21.01 20.42 18.10 20.00 22.59 22.77 24.72 26.68 27.66 27.52 28.28 26.89 27.10 27.17 29.69 32.22 33.62 32.41 29.83 28.79 30.89
19.67 21.69 24.38 24.17 24.14 27.08 27.09 28.72 26.47 23.99 24.86 26.33 21.89 16.43 24.63 26.67 27.52 28.90 29.11 33.69 33.56 30.39 29.70 33.06 39.84 41.26 32.76 28.73 24.99 21.04 22.31 18.35 16.19 25.48 10.32 10.12 9.37 9.14 19.59 8.34 6.67 7.84 10.58 13.10 25.70 25.95 26.51 28.76 31.85 30.52 30.68 22.21 20.01 15.68 18.90 21.47 19.83 20.42 19.85 19.73 22.42 23.37 23.80 24.71 24.54 24.78 24.69 25.14 25.17 25.21 27.54 31.06 32.53 28.96 31.87 29.32 28.74 30.54
17.46 20.66 25.01 17.44 28.77 29.61 29.24 28.06 27.72 24.90 23.04 26.62 26.64 20.08 20.33 25.72 27.30 30.22 32.65 31.43 30.61 29.58 29.66 25.96 29.43 46.42 36.40 30.25 25.56 20.82 24.37 23.13 18.44 25.05 18.06 10.92 10.19 9.91 21.30 8.22 6.40 8.58 12.11 25.06 26.97 31.86 31.33 31.44 29.43 31.82 24.72 23.50 22.75 20.55 20.90 22.12 20.51 20.03 21.18 21.92 24.02 23.72 22.27 21.28 22.74 24.53 25.05 26.51 27.08 29.15 31.68 31.44 31.14 29.02 29.00 28.94 30.44 30.78
13.88 22.10 14.90 16.83 29.67 30.10 28.72 27.96 28.71 25.17 22.39 25.51 26.80 21.73 20.73 23.99 26.42 28.01 30.74 31.80 31.87 29.65 27.55 29.46 30.32 51.70 41.85 31.15 27.49 27.04 28.27 25.41 20.60 24.32 25.20 11.83 11.25 17.36 18.88 8.29 7.80 24.87 22.55 25.94 29.76 30.30 29.45 31.43 31.74 32.73 25.46 25.50 24.85 23.05 22.84 26.67 26.24 25.34 23.87 21.34 21.66 22.17 22.41 24.80 26.08 26.60 27.29 30.39 31.50 32.74 33.20 30.92 29.14 29.29 30.75 29.20 28.97 29.01
13.13 22.31 24.40 26.00 27.40 28.51 28.34 28.56 29.19 26.88 23.23 22.65 26.39 26.23 22.54 22.60 26.23 27.93 29.53 32.27 32.76 31.40 28.07 27.96 34.69 51.53 48.46 30.66 30.39 35.67 32.43 22.93 20.04 21.34 25.45 11.80 11.82 24.47 16.60 8.10 9.19 25.13 27.35 31.09 30.73 31.96 31.52 34.14 33.08 33.32 26.46 26.99 25.69 23.65 23.59 29.93 28.35 26.24 20.15 20.49 20.81 21.51 23.68 26.94 28.19 27.43 29.92 33.03 34.51 31.62 31.20 29.95 29.48 29.87 28.31 30.62 27.23 26.73
8.91 13.62 14.45 26.86 26.76 26.62 29.58 28.92 31.05 28.64 25.20 25.43 25.47 28.28 23.60 21.51 25.12 27.92 28.78 31.21 33.58 31.36 27.51 28.23 34.01 51.81 52.66 32.00 31.92 41.34 31.11 21.25 19.36 23.25 24.89 17.35 25.79 24.76 18.55 20.32 24.06 27.10 28.76 30.16 30.00 32.31 33.65 34.40 33.60 26.29 27.60 27.98 25.69 23.65 23.68 21.78 19.47 19.19 20.27 21.27 22.42 23.08 24.65 26.83 27.77 29.37 30.06 30.03 28.57 26.97 27.28 26.17 26.67 26.43 28.72 23.33 21.53 19.49
12.82 21.29 21.84 24.54 27.82 29.55 29.49 30.29 30.57 30.08 28.80 27.43 22.93 25.87 26.12 26.79 27.01 28.26 28.38 30.32 32.81 31.20 26.00 26.93 32.33 50.10 57.86 40.37 36.15 41.68 30.06 21.94 19.59 22.57 25.34 27.97 24.75 21.62 20.78 22.13 24.44 26.40 27.97 29.80 30.77 31.77 31.72 34.57 35.50 26.48 28.32 28.78 25.69 22.95 23.53 22.17 19.78 19.63 21.19 22.67 23.58 25.53 26.12 27.21 27.39 25.30 26.09 25.21 24.65 23.41 23.31 23.93 24.70 26.33 23.36 22.10 19.78 20.62
17.67 18.43 19.01 22.25 27.54 30.06 27.73 27.59 30.26 31.14 27.64 27.37 18.86 26.16 25.64 27.64 28.29 29.22 28.92 30.46 32.19 30.81 26.43 25.64 26.51 39.17 60.77 54.63 46.15 41.36 27.95 22.72 21.71 22.83 25.42 27.08 22.19 21.52 22.61 23.68 25.49 27.98 28.37 29.22 31.51 33.94 34.12 35.76 32.80 26.19 28.66 29.06 25.51 23.23 23.48 21.87 20.02 20.24 21.60 22.54 22.99 23.50 27.43 24.18 23.49 22.50 21.79 21.79 23.28 22.94 22.72 22.52 22.16 22.13 21.71 19.73 17.62 17.71
16.13 18.84 18.30 21.62 25.67 27.97 30.19 28.45 27.79 29.50 29.90 26.31 23.16 17.99 24.11 25.93 28.25 29.61 30.03 31.41 33.41 31.77 28.90 24.37 24.85 33.63 50.10 58.19 55.81 42.77 28.56 24.19 23.69 22.10 22.94 22.86 22.33 24.21 22.62 24.12 26.88 28.69 29.60 31.00 32.89 33.78 34.45 36.13 25.61 27.14 29.00 29.62 26.74 24.37 22.31 19.32 20.08 20.86 21.14 20.93 21.11 21.63 22.41 22.30 21.25 20.09 21.14 21.17 21.66 21.88 21.18 19.92 18.84 19.22 18.87 17.00 14.92 13.31
8.93 14.15 18.12 20.14 22.94 26.58 27.42 30.56 29.87 28.92 28.03 27.50 26.43 16.92 18.13 24.58 27.00 26.96 26.93 29.30 32.30 29.35 28.25 24.72 24.25 31.40 40.10 51.49 58.20 47.00 31.82 26.24 21.33 18.98 18.61 17.75 21.81 24.58 22.93 25.21 27.15 29.56 31.59 32.70 32.53 33.46 34.15 23.08 26.34 27.77 28.90 30.42 28.62 23.90 21.11 21.34 21.97 21.99 21.39 24.39 23.94 23.90 21.52 23.18 22.20 20.82 20.26 20.29 19.75 19.30 18.90 20.55 21.64 20.98 20.37 18.56 15.92 13.16
10.85 9.03 16.82 18.75 20.87 23.81 26.22 27.92 28.96 30.49 30.45 27.60 28.21 26.21 18.96 21.56 26.56 29.68 28.53 30.46 32.18 28.22 26.27 24.73 26.11 32.93 39.21 44.33 53.25 47.70 37.32 31.85 16.64 13.93 11.81 14.50 22.00 24.68 23.11 25.91 27.74 30.01 32.28 34.30 35.76 34.54 34.17 24.14 26.61 27.61 28.00 29.91 29.09 22.91 20.54 23.26 24.52 23.28 21.29 24.67 24.34 23.54 19.37 21.01 20.49 21.29 22.74 23.20 23.06 22.39 22.00 23.24 24.02 23.48 21.85 21.08 20.24 17.69
12.16 9.50 6.89 18.64 22.54 24.67 25.13 25.88 29.16 26.18 28.26 29.14 28.66 23.38 19.23 22.40 25.72 30.52 33.27 34.66 35.24 31.94 28.84 27.26 30.46 35.56 30.91 39.13 47.19 46.72 44.68 36.65 14.10 8.02 8.30 12.83 18.42 20.86 24.11 27.71 27.33 29.85 33.23 34.76 35.91 34.99 34.29 24.87 25.59 26.91 27.33 28.26 28.77 24.92 22.72 24.53 23.27 20.48 25.08 23.12 22.43 21.52 20.31 19.82 20.57 18.21 18.58 18.52 18.29 17.70 17.67 17.58 17.19 18.86 16.02 13.72 16.50 15.73
11.09 12.76 13.38 8.00 14.89 18.16 21.92 25.66 26.74 28.18 27.96 24.42 20.37 19.10 22.98 23.29 24.32 28.18 31.08 34.52 39.88 39.94 35.84 33.90 32.72 31.03 35.49 34.50 41.26 43.95 45.44 39.81 14.61 3.41 7.55 10.18 14.99 18.13 22.45 25.85 28.57 31.86 34.53 34.80 36.18 32.64 34.46 25.25 25.09 26.02 27.49 28.66 28.96 27.34 25.91 24.96 19.27 14.39 15.58 17.06 17.05 21.53 20.24 19.40 19.40 18.93 17.32 15.74 14.66 15.40 12.00 10.74 11.32 12.35 12.67 15.44 15.21 14.74
