examples/cougarCreek-fire/createInputs/WindNinja/wrfout_d3.2015081112.f23/cougarCreekFire_08-12-2015_1100_217m_non_neutral_stability_vel.asc
ncols	146
nrows	140
xllcorner	610065.000000
yllcorner	5095217.000000
cellsize	216.586807
NODATA_value	-9999.000000
[rows 68 to 101 of 140, columns 0 to 77 of 146]
4.13 6.93 8.29 12.45 14.68 11.78 14.09 8.12 8.72 10.32 11.46 12.10 13.48 14.43 14.96 12.05 4.09 17.12 18.82 20.49 21.57 19.56 19.08 18.64 18.91 12.68 14.47 20.37 28.85 29.65 30.52 26.05 29.08 30.21 31.26 30.91 33.46 32.97 33.08 25.41 33.59 27.89 24.09 21.30 17.81 16.08 15.18 20.07 18.02 24.76 20.35 19.57 21.82 18.59 20.17 14.18 8.93 10.96 13.11 12.47 9.35 6.78 5.27 10.64 4.50 4.96 5.61 6.29 6.51 6.07 5.72 5.87 14.25 6.41 15.54 5.94 5.85 5.72
7.00 7.29 8.44 10.27 15.45 13.79 10.25 8.96 9.36 11.09 12.53 12.64 13.59 14.16 13.75 11.90 5.41 18.08 18.30 17.75 20.43 19.96 19.73 18.89 19.61 13.02 10.88 20.65 29.56 29.05 31.21 29.18 24.48 28.05 30.92 31.21 31.89 30.17 33.25 25.14 26.97 24.62 30.98 23.85 20.00 17.71 17.25 20.75 19.31 20.06 20.13 20.53 21.62 20.53 11.88 18.47 14.81 8.55 11.68 14.37 12.54 8.81 6.35 5.23 5.13 5.40 5.92 6.54 6.80 6.86 6.89 6.71 14.18 6.24 5.66 15.41 11.59 11.69
7.70 6.35 1.53 8.89 15.28 15.24 11.33 9.42 9.75 15.13 12.71 13.73 14.71 15.08 14.58 11.00 6.72 17.77 19.20 17.81 19.08 21.03 20.64 19.63 19.91 12.52 12.53 21.43 27.78 29.15 30.23 26.89 23.88 25.84 29.56 29.45 29.59 31.28 32.50 24.63 21.37 23.25 25.76 25.73 21.53 18.09 24.16 22.06 20.05 16.03 15.00 20.45 22.77 20.30 17.68 9.99 11.90 14.13 9.20 14.29 16.47 13.89 10.52 8.10 6.76 6.26 6.36 14.89 7.05 7.13 7.21 7.10 15.08 15.32 15.25 15.08 15.46 11.25
3.69 2.48 2.43 15.07 14.93 16.02 12.12 14.90 15.00 14.78 16.23 18.11 18.69 17.86 15.61 9.35 8.42 18.30 18.97 18.86 17.16 20.20 19.45 16.27 12.73 13.44 18.78 23.82 25.82 27.27 29.55 27.40 23.42 26.70 27.98 28.91 28.30 29.26 31.03 18.84 25.00 32.91 23.45 36.58 23.33 19.04 18.01 22.59 23.50 22.47 17.11 15.94 21.88 22.75 23.35 15.17 10.39 13.84 8.33 10.89 16.52 17.89 15.85 13.34 11.04 9.37 8.40 7.94 15.87 7.56 7.28 7.06 15.72 15.87 16.39 16.22 15.14 14.95
4.58 4.58 3.93 15.67 14.55 16.35 13.36 16.81 15.81 14.65 16.74 18.15 14.68 18.50 17.19 7.87 9.95 17.90 19.77 19.84 20.37 19.65 20.14 17.74 12.97 9.17 20.01 24.62 25.74 26.90 28.95 25.91 22.35 29.51 28.39 29.26 27.63 29.32 28.74 17.29 24.40 33.09 21.07 25.01 25.42 20.65 24.85 18.94 19.73 18.50 17.09 16.96 23.50 19.52 17.82 20.48 11.82 9.67 19.88 8.61 12.72 17.18 17.69 16.45 15.08 13.94 12.82 11.54 10.61 9.88 16.95 16.31 16.22 14.87 15.80 7.79 15.41 14.88
6.00 5.63 12.73 14.90 14.01 16.45 15.01 18.75 15.78 14.97 15.97 17.50 13.61 18.38 18.03 8.52 11.52 17.86 21.62 20.40 20.84 22.33 18.37 15.71 13.08 10.65 25.12 25.33 20.07 27.09 27.59 23.69 21.59 28.39 19.92 27.83 25.29 23.70 27.82 16.00 24.09 33.12 19.33 22.43 31.58 22.74 18.64 29.25 28.77 28.79 18.98 19.07 24.45 15.90 22.05 15.23 13.45 12.07 10.26 9.66 10.70 14.63 16.85 16.46 15.57 14.96 14.58 14.29 13.98 13.39 16.64 16.65 17.20 17.04 17.96 19.62 17.44 17.27
9.38 10.51 12.04 14.57 12.78 15.76 21.48 19.58 16.43 15.70 16.25 17.30 17.70 17.13 16.74 8.85 12.27 20.47 19.94 20.64 21.42 15.23 20.12 18.97 5.84 10.38 22.44 19.43 18.95 25.22 24.98 22.30 26.34 19.38 19.29 27.26 26.34 25.03 28.44 15.65 17.95 29.38 31.19 19.74 24.00 24.37 20.03 24.72 31.36 27.14 27.51 26.35 25.09 22.79 16.19 23.10 16.97 14.26 12.25 17.30 10.09 12.15 15.30 16.09 15.17 14.11 13.61 20.64 21.49 22.73 20.19 21.55 21.60 21.15 20.54 20.33 18.63 18.46
9.74 10.94 18.90 13.43 15.69 19.25 22.42 20.86 18.32 18.62 18.70 13.75 16.55 15.26 14.64 7.25 13.02 14.13 15.20 20.67 22.78 16.24 19.25 14.99 6.15 23.19 23.11 25.47 26.36 26.96 24.50 23.38 25.74 18.28 27.23 25.53 23.50 29.04 27.81 21.02 17.39 30.11 28.88 17.87 21.09 35.39 22.11 19.15 30.10 23.83 30.19 28.80 26.58 22.51 16.07 22.24 26.85 22.53 16.78 25.34 10.52 11.24 13.93 16.05 16.24 15.27 14.33 13.56 18.93 22.60 21.93 21.86 21.50 21.36 21.04 21.13 20.25 19.73
10.79 14.02 12.82 12.93 14.84 18.76 23.69 22.34 20.42 13.48 14.60 15.64 13.64 16.20 13.10 5.41 17.56 18.81 18.76 19.70 23.38 16.71 18.10 6.30 20.32 21.59 23.19 25.20 23.85 26.53 25.09 24.84 19.90 19.60 24.40 15.88 24.66 27.06 27.84 20.55 21.83 29.52 31.34 21.44 18.54 22.53 28.39 20.22 27.98 29.89 31.33 30.14 30.47 22.64 23.01 22.86 25.18 24.21 17.03 16.88 17.29 10.89 12.33 14.67 16.05 15.90 15.11 20.62 13.14 20.06 21.22 20.87 21.03 21.29 22.25 21.10 21.11 20.29
11.20 14.07 13.35 13.61 15.44 20.41 24.68 23.20 25.72 12.92 15.12 16.93 14.33 13.27 12.29 5.12 18.45 18.80 19.56 21.76 22.57 19.63 18.00 18.73 16.99 19.73 21.39 24.16 25.49 26.42 24.95 25.63 19.42 26.67 25.07 15.84 23.70 28.21 27.25 20.33 28.51 30.39 30.84 21.41 16.93 20.43 34.83 21.77 25.69 30.32 29.96 30.48 30.28 24.44 23.88 23.34 25.18 18.26 14.51 12.59 26.49 11.06 11.87 13.30 14.56 20.39 20.15 19.62 17.80 17.95 21.09 20.87 21.11 21.62 22.68 12.69 20.97 22.55
13.08 14.83 14.04 14.34 16.44 20.10 26.41 22.99 21.65 12.60 14.63 16.90 16.05 13.59 11.28 5.92 19.34 18.81 21.38 21.37 16.27 9.12 18.28 9.56 5.54 19.29 21.11 22.68 23.91 25.09 18.24 22.12 24.27 25.18 26.45 12.89 22.88 26.54 19.57 20.31 26.16 29.10 28.79 21.15 23.13 17.98 28.03 32.25 25.58 31.20 28.89 30.23 32.50 24.45 24.16 23.25 23.94 27.45 23.14 14.79 17.11 19.18 11.53 12.80 14.13 20.32 13.51 19.17 12.77 12.24 11.43 18.64 22.47 22.50 23.32 13.32 13.71 13.80
12.57 15.40 15.00 14.86 16.71 25.93 25.47 22.54 24.81 13.63 19.52 15.36 21.76 15.30 9.46 11.02 14.92 4.82 20.04 6.61 8.30 9.56 18.74 9.29 4.82 19.34 20.57 21.55 22.22 22.42 23.71 20.28 24.39 25.17 26.45 14.82 11.07 25.96 18.52 19.70 23.79 28.71 28.27 19.92 14.13 28.97 26.11 28.76 30.62 24.89 29.30 28.59 31.43 25.01 17.05 16.86 15.96 27.06 23.93 16.68 13.79 17.91 19.25 19.23 13.17 15.17 14.98 14.27 14.37 14.32 13.90 13.33 12.78 21.29 24.09 23.76 14.26 15.51
14.37 15.43 15.37 15.21 17.92 20.71 21.86 28.14 25.18 20.45 14.64 27.11 15.39 15.25 8.41 16.26 4.96 5.56 5.69 7.11 8.84 22.89 10.97 8.16 4.40 18.71 19.76 19.87 20.94 20.60 22.13 23.11 26.22 25.35 23.10 15.39 16.07 26.01 17.73 19.35 28.36 25.94 26.85 27.75 18.52 19.78 24.65 19.42 21.91 19.25 29.34 24.20 31.48 16.15 17.60 18.88 18.38 18.08 24.38 18.14 16.55 14.07 11.74 25.36 12.09 15.13 16.87 16.50 16.00 15.58 15.32 15.16 14.46 13.56 21.96 26.06 14.97 16.53
15.10 14.31 15.91 9.18 20.45 20.69 23.48 24.09 25.32 23.85 14.04 13.39 14.76 13.99 8.08 16.02 5.45 6.18 6.57 7.66 20.07 13.37 10.22 6.66 4.36 18.72 18.65 16.21 18.59 19.37 19.90 22.82 23.97 24.77 22.85 22.63 24.51 17.94 18.38 23.68 27.19 19.82 27.36 24.94 26.50 26.16 22.83 16.61 20.91 21.20 18.85 24.22 35.96 16.65 18.22 20.67 21.46 20.08 19.82 20.43 19.42 17.13 14.91 13.11 23.18 14.16 16.86 17.47 16.95 16.72 16.15 23.08 15.67 15.29 15.04 15.31 15.92 16.52
15.53 14.71 16.34 15.41 23.54 19.24 23.10 18.96 24.37 20.97 13.40 13.49 15.32 12.40 7.33 16.44 6.13 7.29 8.07 20.40 19.02 12.01 8.84 5.51 4.59 19.41 14.27 7.10 19.40 16.38 19.33 15.49 22.07 22.53 25.40 19.66 25.68 17.36 17.60 24.95 23.06 18.21 17.83 23.69 22.12 27.65 19.97 13.79 17.99 30.70 21.76 18.71 17.46 17.34 17.67 18.93 21.21 20.81 19.32 20.00 32.32 19.71 18.18 16.13 14.24 13.89 15.41 29.54 17.04 24.63 16.53 16.29 26.70 17.21 17.11 16.57 31.77 15.63
14.77 15.20 17.05 17.74 19.23 18.76 20.88 18.15 25.51 23.31 14.20 13.97 15.68 11.68 14.23 6.21 6.75 8.16 9.23 20.72 17.09 10.94 7.18 5.16 13.28 17.59 14.37 16.91 19.44 9.99 17.60 15.04 19.64 22.25 22.58 25.09 17.48 17.76 23.91 24.17 17.03 22.66 24.46 24.68 26.24 25.19 24.65 10.95 14.72 29.80 31.79 34.55 17.00 16.91 16.10 15.57 17.38 27.42 27.79 18.65 20.48 30.46 21.22 20.33 18.21 23.14 15.32 25.71 17.24 16.85 16.50 16.31 28.55 25.24 24.07 17.28 25.99 27.92
17.59 15.65 18.69 20.99 18.48 19.58 12.90 17.11 26.97 24.24 16.52 15.61 17.52 11.10 7.74 7.13 7.54 9.04 20.02 17.35 11.20 9.06 5.75 4.61 3.61 17.65 17.30 19.12 18.02 8.35 18.29 13.91 17.57 20.71 22.21 22.87 18.49 18.61 26.06 12.34 11.55 9.17 16.62 25.64 24.73 26.35 24.94 9.45 12.83 24.29 31.67 16.03 16.22 15.61 14.54 13.59 13.88 15.96 17.04 17.24 18.36 28.69 20.23 29.38 20.31 17.93 24.60 26.00 26.17 17.44 17.18 16.64 26.91 28.71 29.26 27.94 26.04 28.75
18.98 17.51 19.57 19.05 18.93 19.47 21.32 22.04 26.86 19.00 19.13 17.86 14.04 14.60 18.04 8.85 19.84 22.06 19.36 14.80 10.46 7.71 4.92 4.03 8.11 17.03 17.29 17.81 18.96 7.92 16.58 17.15 18.04 18.72 18.94 15.79 17.11 17.98 19.55 13.08 13.37 10.31 8.12 18.52 22.47 25.21 17.68 18.64 11.48 14.63 27.95 24.11 13.64 13.53 13.33 12.83 23.19 12.87 14.39 14.82 15.19 25.97 16.40 16.94 34.75 32.59 26.23 26.22 26.55 27.65 25.78 17.63 22.25 24.97 30.59 26.57 26.02 26.67
19.06 19.14 19.06 18.60 21.39 21.21 22.26 23.64 24.59 18.15 21.19 20.15 13.98 17.97 20.88 20.40 19.36 19.55 11.85 10.89 9.62 6.87 4.72 4.63 15.18 13.58 17.69 17.03 17.96 14.34 16.44 14.89 16.18 7.87 17.62 13.58 18.02 19.86 8.81 12.10 14.03 11.04 7.38 17.56 24.45 24.21 24.41 7.74 9.71 12.53 27.09 25.94 27.95 11.60 12.71 13.08 12.32 21.36 12.30 12.91 13.11 13.45 13.73 14.21 28.54 35.49 27.20 26.54 28.40 29.57 17.92 31.90 28.56 24.93 26.19 27.56 26.82 27.02
20.69 18.50 18.83 20.45 22.26 20.77 14.23 15.46 16.08 18.01 22.40 22.54 15.50 17.99 18.07 20.69 20.99 14.01 11.26 10.77 8.95 6.48 5.54 7.07 14.29 16.39 17.77 17.34 17.72 17.01 14.11 12.73 14.52 6.13 14.69 14.59 17.78 16.86 15.07 9.69 12.58 11.43 7.73 17.99 18.60 24.05 23.64 7.44 18.53 19.54 24.45 26.74 15.46 9.91 10.96 12.09 12.20 11.51 11.24 20.83 22.66 21.22 12.26 13.28 28.70 16.14 27.40 26.01 27.35 27.66 29.68 27.03 25.72 15.81 13.56 21.18 20.62 25.78
21.00 17.40 17.74 21.96 23.07 23.02 20.81 22.06 15.32 17.76 23.08 24.92 17.93 11.02 19.34 19.63 20.98 12.52 11.83 11.22 8.43 6.51 6.68 15.35 16.04 16.67 17.24 17.37 17.10 15.09 14.73 14.84 15.51 6.65 7.81 13.76 16.32 16.65 6.87 8.49 9.79 9.99 7.78 17.97 15.69 18.82 20.87 20.33 17.65 8.72 21.11 24.68 9.94 25.97 17.88 9.82 18.37 18.02 10.28 20.61 21.46 21.35 21.64 12.05 27.27 31.96 28.23 26.74 27.52 27.32 27.35 27.40 28.98 30.41 15.27 15.07 14.81 14.15
17.96 17.03 21.22 22.11 22.14 21.61 21.30 21.45 14.00 17.00 23.47 29.03 20.41 12.39 20.86 20.35 21.19 12.68 12.59 11.45 8.30 6.86 7.10 15.77 16.16 6.17 7.73 12.76 14.69 13.66 5.83 13.79 14.58 6.63 5.66 15.36 15.56 16.11 7.11 8.06 8.64 20.93 7.27 19.54 14.43 18.75 20.68 17.78 16.00 17.80 19.19 23.90 9.88 8.81 16.96 8.73 17.92 17.16 21.42 20.44 25.42 20.36 21.41 24.06 27.13 25.49 29.67 27.42 28.90 28.85 25.66 28.31 28.27 27.96 24.28 27.91 26.14 21.03
18.99 18.10 21.56 22.10 21.17 22.47 22.65 20.91 13.19 16.10 22.94 30.98 22.48 15.49 22.75 8.85 21.77 12.64 12.75 11.44 8.85 7.88 14.81 13.98 5.29 6.99 8.50 15.95 11.97 13.38 14.71 13.64 15.15 7.89 6.62 9.89 12.68 13.96 7.05 7.54 7.91 12.41 7.26 13.62 15.08 14.55 19.29 14.55 4.47 6.34 17.57 19.93 9.20 8.67 8.03 19.16 9.29 16.66 9.98 10.32 22.24 26.28 10.42 24.32 26.49 27.04 29.73 28.84 29.04 29.01 31.31 26.42 12.74 14.41 15.67 27.65 26.97 26.91
19.61 18.61 20.51 21.10 19.64 20.76 21.87 21.65 13.18 15.04 21.50 26.85 24.36 18.45 13.38 23.84 20.25 12.89 12.67 11.36 9.33 8.14 14.64 14.06 6.46 8.48 16.96 15.77 15.26 12.32 12.05 12.88 11.13 11.74 5.76 13.06 12.15 13.30 7.38 15.53 11.95 14.05 8.25 14.77 15.85 16.59 12.52 4.01 4.50 5.69 6.67 7.74 16.37 12.77 11.78 15.85 16.76 16.18 19.16 9.54 22.68 17.93 23.79 19.50 27.14 12.99 28.43 21.88 22.38 22.50 21.85 30.15 12.47 13.14 30.30 26.10 27.46 27.52
22.29 21.89 20.51 21.31 22.45 20.62 21.62 21.22 21.03 14.88 19.82 29.95 25.14 28.24 16.20 25.08 12.79 17.53 12.89 11.32 9.27 8.45 15.99 5.25 7.38 9.52 13.07 15.70 15.06 14.17 10.71 9.27 12.35 14.32 10.90 12.79 13.07 8.25 13.39 8.28 11.38 14.24 7.72 7.24 5.88 9.83 11.96 12.82 4.48 5.09 5.55 6.76 16.40 7.12 6.29 19.08 15.28 14.60 19.15 17.40 20.55 24.56 17.29 17.84 27.42 11.71 13.35 30.78 23.61 23.38 23.31 31.36 13.21 13.77 26.64 25.41 32.26 30.19
22.58 11.81 13.07 12.14 19.57 18.57 21.19 14.51 22.23 15.71 29.98 27.85 23.50 30.24 25.36 24.18 24.16 16.97 13.12 11.03 8.86 8.42 12.42 15.51 8.36 9.73 13.48 14.74 14.16 10.11 7.55 4.23 11.72 13.39 11.77 8.37 6.31 6.26 6.93 8.30 8.18 6.42 5.81 6.29 5.22 10.19 11.62 3.61 4.04 4.55 4.69 16.74 16.25 6.18 6.08 6.29 11.90 17.75 16.40 16.19 18.67 18.48 17.03 17.40 19.46 25.20 25.73 21.51 30.12 21.94 21.78 33.27 13.18 14.11 25.93 29.83 28.33 22.08
10.49 11.71 14.12 14.27 23.12 20.01 21.30 14.17 15.96 16.42 16.94 28.44 28.24 26.47 25.87 24.78 23.03 21.20 13.08 11.19 9.02 6.19 13.36 14.51 8.68 9.23 13.80 11.15 7.57 12.05 11.33 7.06 11.49 9.91 6.08 5.85 5.82 5.75 6.48 7.80 6.97 5.39 5.19 5.47 4.70 3.85 3.54 3.28 3.52 4.11 4.55 13.54 13.64 5.27 5.50 5.91 11.84 6.21 13.13 16.08 16.35 22.15 22.57 8.91 8.83 17.95 27.07 25.52 30.38 22.50 22.26 31.65 12.86 25.67 28.35 26.92 16.36 27.36
20.57 10.45 20.97 14.65 22.47 19.41 12.84 23.59 15.48 24.46 26.22 25.86 26.17 23.50 24.21 23.08 24.94 23.90 13.08 11.94 9.92 13.28 13.20 7.14 7.87 8.73 12.10 6.06 8.50 12.40 8.07 8.87 8.65 8.21 6.08 6.08 6.08 6.11 6.72 7.47 6.33 5.14 4.94 4.57 3.86 3.45 3.37 3.14 3.12 3.65 4.31 4.84 4.97 4.84 4.87 5.12 5.46 5.83 6.00 6.06 19.97 15.31 16.36 9.39 9.71 9.49 9.23 19.77 21.93 22.92 21.99 24.27 25.73 26.44 29.78 31.01 15.95 17.11
11.33 10.96 22.02 20.05 20.99 20.88 12.56 23.15 23.77 26.81 21.83 24.82 25.54 22.21 22.26 20.24 25.62 25.44 13.48 12.87 10.46 17.76 5.61 5.81 7.03 8.44 10.83 6.61 12.58 11.60 8.00 7.95 10.31 6.29 6.08 5.93 6.02 6.35 7.29 7.69 6.48 5.32 4.66 3.81 3.04 2.85 3.02 2.91 2.78 3.28 4.01 4.48 4.60 4.58 4.68 4.89 5.05 5.29 5.65 6.05 14.45 12.82 8.53 9.23 15.32 9.99 10.30 10.62 10.84 21.26 22.10 23.80 20.69 26.26 30.73 27.52 15.11 16.00
15.28 13.55 21.16 21.11 18.94 22.77 23.42 13.18 24.25 28.71 17.57 26.34 25.17 23.60 17.18 20.84 22.01 22.74 13.33 17.01 11.71 8.01 5.16 5.33 7.02 9.74 8.63 12.21 8.84 5.62 7.49 6.15 6.38 6.78 6.77 6.38 6.05 6.08 6.63 7.07 6.51 5.69 4.79 3.51 2.51 2.27 2.30 2.40 2.53 3.04 3.73 4.28 4.59 4.76 4.97 5.20 5.36 5.53 5.78 6.16 6.67 7.22 7.77 8.37 9.07 9.64 9.98 10.32 10.77 11.26 11.82 12.43 12.90 23.13 21.05 29.35 29.98 14.52
16.03 16.44 15.11 21.88 21.99 13.16 22.08 13.13 14.03 14.75 26.97 26.74 23.52 20.52 15.95 13.96 22.71 17.49 17.65 24.32 12.12 10.23 7.18 5.78 11.80 9.27 9.36 5.59 9.09 8.79 6.86 7.21 7.08 7.15 7.36 7.24 7.03 6.88 6.41 6.37 6.08 5.54 4.75 3.68 2.62 1.92 1.45 1.63 2.08 2.58 3.12 3.84 4.53 5.03 5.45 5.74 5.92 6.04 6.23 6.46 6.76 7.17 7.63 8.20 8.93 9.71 10.33 10.88 11.55 15.51 12.74 13.10 12.99 24.95 25.10 31.32 29.43 13.22
13.59 24.90 16.79 21.64 25.07 12.77 20.14 12.90 13.53 25.91 28.48 15.33 23.55 18.50 15.53 15.11 18.51 17.51 17.35 9.66 10.77 22.57 9.91 8.35 7.67 12.88 10.04 8.65 8.49 9.24 7.17 9.62 7.48 7.11 7.22 7.52 7.65 7.43 6.81 6.34 6.00 5.15 4.61 4.13 3.21 1.99 0.96 0.75 1.65 2.46 2.75 3.18 4.04 4.88 5.55 5.99 6.28 6.51 6.72 6.92 7.11 7.42 7.89 8.43 9.04 9.85 10.67 11.20 11.63 12.20 12.61 12.64 22.71 21.60 22.59 24.09 28.59 28.78
15.05 27.98 15.55 25.82 12.74 18.41 20.57 21.45 23.17 12.31 12.14 12.94 20.78 15.62 16.86 14.55 17.76 14.22 16.20 7.27 8.30 10.05 11.37 24.39 19.94 14.59 10.25 9.26 8.41 9.45 7.47 7.36 7.51 7.47 7.55 7.57 7.07 6.28 5.37 4.58 4.97 4.39 3.92 3.72 3.21 2.21 1.11 0.34 1.39 2.60 2.94 2.97 3.55 4.42 5.28 6.04 6.66 6.99 7.15 7.28 7.46 7.79 8.35 8.57 9.55 10.09 10.68 11.16 11.45 11.67 11.73 11.73 11.85 12.10 12.23 20.53 22.88 24.38
18.21 17.53 14.29 29.37 12.80 20.97 25.68 13.10 12.80 24.36 11.57 23.10 17.65 20.64 18.44 16.89 17.10 13.19 14.31 18.37 6.92 8.17 10.38 10.84 9.09 6.61 14.51 11.36 9.21 10.18 6.09 6.45 7.23 7.91 8.09 7.82 6.92 5.52 3.98 2.71 3.48 3.25 3.75 3.66 3.23 2.63 1.93 1.34 1.13 2.10 2.79 2.84 3.33 4.06 4.83 5.57 6.34 6.94 7.29 7.55 7.80 8.14 8.57 9.12 9.65 10.08 10.56 11.17 11.62 11.67 11.56 11.62 19.01 19.02 17.79 17.22 19.92 22.65
